Sample.Name,Pop,C1,C2,C3,C4,C5,C6
TMA-ZAIN-G-1,MBC,0.077,0.018,0.07,0.005,0.023,0.806
TMA-ZAIN-G-2,MBC,0.024,0.134,0.039,0.007,0.027,0.768
TMA-ZAIN-G-3,MBC,0.2,0.773,0.007,0.003,0.011,0.006
TMA-ZAIN-G-4,MBC,0.038,0.144,0.014,0.009,0.776,0.019
TMA-ZAIN-G-5,MBC,0.002,0.003,0.004,0.005,0.006,0.98
TMA-ZAIN-G-6,MBC,0.173,0.516,0.165,0.039,0.065,0.041
TMA-ZAIN-G-7,MBC,0.584,0.34,0.017,0.008,0.033,0.017
TMA-ZAIN-G-8,MBC,0.671,0.294,0.006,0.003,0.02,0.007
TMA-ZAIN-G-9,MBC,0.224,0.738,0.015,0.005,0.006,0.012
TMA-ZAIN-G-10,MBC,0.228,0.742,0.011,0.005,0.012,0.003
TMA-ZAIN-G-11,MBC,0.254,0.718,0.008,0.006,0.008,0.006
TMA-ZAIN-G-12,MBC,0.043,0.937,0.006,0.003,0.004,0.006
TMA-ZAIN-G-13,MBC,0.574,0.219,0.032,0.099,0.02,0.055
TMA-ZAIN-G-14,MBC,0.971,0.006,0.006,0.005,0.008,0.003
TMA-ZAIN-G-15,MBC,0.977,0.005,0.006,0.002,0.006,0.004
TMA-ZAIN-G-16,MBC,0.023,0.958,0.006,0.004,0.004,0.004
TMA-ZAIN-G-17,MBC,0.857,0.025,0.049,0.018,0.036,0.015
TMA-ZAIN-G-18,MBC,0.018,0.01,0.16,0.006,0.055,0.751
TMA-ZAIN-G-19,MBC,0.024,0.012,0.934,0.012,0.006,0.012
TMA-ZAIN-G-20,MBC,0.003,0.003,0.852,0.085,0.019,0.038
TMA-ZAIN-G-21,MBC,0.003,0.004,0.004,0.981,0.005,0.003
TMA-ZAIN-G-22,MBC,0.003,0.003,0.011,0.929,0.007,0.048
TMA-ZAIN-G-23,MBC,0.008,0.006,0.032,0.927,0.005,0.022
TMA-ZAIN-G-24,MBC,0.053,0.134,0.004,0.793,0.007,0.009
TMA-ZAIN-G-25,MBC,0.008,0.037,0.812,0.011,0.004,0.128
TMA-ZAIN-G-26,MBC,0.16,0.277,0.018,0.04,0.494,0.011
TMA-ZAIN-G-27,MBC,0.038,0.008,0.873,0.012,0.018,0.05
TMA-ZAIN-G-28,MBC,0.011,0.008,0.959,0.004,0.007,0.011
TMA-ZAIN-G-29,MBC,0.047,0.502,0.377,0.004,0.067,0.004
TMA-ZAIN-G-30,MBC,0.432,0.177,0.374,0.005,0.008,0.004
TMA-ZAIN-G-31,MBC,0.005,0.006,0.011,0.014,0.042,0.922
TMA-ZAIN-G-32,MBC,0.025,0.027,0.014,0.009,0.005,0.92
TMA-ZAIN-G-33,MBC,0.261,0.719,0.006,0.003,0.004,0.007
TMA-ZAIN-G-34,MBC,0.019,0.603,0.01,0.016,0.008,0.343
TMA-ZAIN-G-35,MBC,0.099,0.857,0.012,0.004,0.011,0.016
TMA-ZAIN-G-36,MBC,0.604,0.369,0.006,0.003,0.014,0.004
TMA-ZAIN-G-37,MBC,0.07,0.882,0.017,0.006,0.013,0.012
TMA-ZAIN-G-38,MBC,0.038,0.017,0.022,0.009,0.006,0.908
TMA-ZAIN-G-39,MBC,0.01,0.968,0.006,0.006,0.008,0.003
TMA-ZAIN-G-40,MBC,0.079,0.904,0.005,0.004,0.005,0.004
TMA-ZAIN-G-41,MBC,0.737,0.245,0.007,0.003,0.005,0.003
TMA-ZAIN-G-42,MBC,0.977,0.008,0.003,0.002,0.006,0.003
TMA-ZAIN-G-43,MBC,0.972,0.006,0.004,0.003,0.011,0.004
TMA-ZAIN-G-44,MBC,0.018,0.102,0.015,0.855,0.005,0.005
TMA-ZAIN-G-45,MBC,0.407,0.553,0.011,0.008,0.014,0.007
TMA-ZAIN-G-46,MBC,0.003,0.003,0.004,0.98,0.006,0.003
TMA-ZAIN-G-47,MBC,0.004,0.004,0.004,0.003,0.981,0.004
TMA-ZAIN-G-48,MBC,0.251,0.062,0.023,0.031,0.626,0.007
TMA-ZAIN-G-49,MBC,0.006,0.034,0.919,0.006,0.012,0.023
TMA-ZAIN-G-50,MBC,0.022,0.009,0.953,0.006,0.003,0.006
TMA-ZAIN-G-51,MBC,0.05,0.008,0.904,0.009,0.023,0.006
TMA-ZAIN-G-52,MBC,0.013,0.011,0.858,0.013,0.098,0.007
TMA-ZAIN-G-53,MBC,0.03,0.009,0.656,0.009,0.171,0.124
TMA-ZAIN-G-54,MBC,0.015,0.006,0.01,0.005,0.958,0.006
TMA-ZAIN-G-55,MBC,0.039,0.007,0.027,0.008,0.914,0.005
TMA-ZAIN-G-56,MBC,0.122,0.057,0.112,0.009,0.691,0.01
TMA-ZAIN-G-57,MBC,0.005,0.009,0.014,0.003,0.96,0.008
TMA-ZAIN-G-58,MBC,0.011,0.007,0.875,0.058,0.025,0.024
TMA-ZAIN-G-59,MBC,0.06,0.11,0.049,0.036,0.079,0.666
TMA-ZAIN-G-60,MBC,0.077,0.014,0.524,0.009,0.033,0.343
TMA-ZAIN-G-61,MBC,0.003,0.003,0.008,0.022,0.016,0.947
TMA-ZAIN-G-62,MBC,0.024,0.03,0.037,0.023,0.012,0.874
TMA-ZAIN-G-63,MBC,0.006,0.004,0.012,0.007,0.013,0.958
TMA-ZAIN-G-64,MBC,0.017,0.968,0.004,0.003,0.006,0.002
TMA-ZAIN-G-65,MBC,0.027,0.942,0.004,0.003,0.02,0.003
TMA-ZAIN-G-66,MBC,0.016,0.967,0.003,0.003,0.008,0.002
TMA-ZAIN-G-67,MBC,0.007,0.963,0.011,0.01,0.005,0.004
TMA-ZAIN-G-68,MBC,0.064,0.907,0.004,0.002,0.021,0.002
TMA-ZAIN-G-69,MBC,0.007,0.952,0.009,0.014,0.011,0.007
TMA-ZAIN-G-70,MBC,0.011,0.97,0.006,0.005,0.004,0.004
TMA-ZAIN-G-71,MBC,0.006,0.98,0.004,0.003,0.003,0.003
TMA-ZAIN-G-72,MBC,0.044,0.928,0.008,0.005,0.01,0.005
TMA-ZAIN-G-73,MBC,0.007,0.866,0.041,0.04,0.017,0.029
TMA-ZAIN-G-74,MBC,0.009,0.935,0.024,0.016,0.006,0.01
TMA-ZAIN-G-75,MBC,0.014,0.952,0.011,0.004,0.013,0.006
TMA-ZAIN-G-76,MBC,0.005,0.906,0.021,0.056,0.004,0.007
TMA-ZAIN-G-77,MBC,0.045,0.916,0.013,0.012,0.01,0.004
TMA-ZAIN-G-78,MBC,0.018,0.84,0.051,0.06,0.019,0.011
TMA-ZAIN-G-79,MBC,0.047,0.851,0.022,0.051,0.024,0.006
TMA-ZAIN-G-80,MBC,0.009,0.968,0.005,0.006,0.009,0.003
TMA-ZAIN-G-81,MBC,0.018,0.939,0.013,0.012,0.013,0.004
TMA-ZAIN-G-82,MBC,0.007,0.972,0.005,0.002,0.01,0.004
TMA-ZAIN-G-83,MBC,0.012,0.842,0.023,0.034,0.019,0.07
TMA-ZAIN-G-84,MBC,0.009,0.917,0.015,0.048,0.005,0.005
TMA-ZAIN-G-85,MBC,0.009,0.009,0.157,0.027,0.773,0.026
TMA-ZAIN-G-86,MBC,0.011,0.02,0.027,0.036,0.897,0.009
TMA-ZAIN-G-87,MBC,0.009,0.01,0.063,0.224,0.655,0.038
TMA-ZAIN-G-88,MBC,0.036,0.126,0.01,0.011,0.645,0.173
TMA-ZAIN-G-89,MBC,0.019,0.032,0.006,0.018,0.907,0.017
TMA-ZAIN-G-90,MBC,0.006,0.008,0.016,0.008,0.954,0.008
TMA-ZAIN-G-91,MBC,0.01,0.008,0.012,0.007,0.941,0.021
TMA-ZAIN-G-92,MBC,0.009,0.006,0.027,0.02,0.931,0.007
TMA-ZAIN-G-93,MBC,0.008,0.005,0.019,0.009,0.94,0.018
TMA-ZAIN-G-94,MBC,0.005,0.004,0.016,0.009,0.925,0.041
TMA-ZAIN-G-95,MBC,0.025,0.014,0.939,0.008,0.005,0.009
TMA-ZAIN-G-96,MBC,0.049,0.008,0.927,0.005,0.006,0.005
TMA-ZAIN-G-97,MBC,0.005,0.007,0.012,0.006,0.01,0.96
TMA-ZAIN-G-98,MBC,0.004,0.005,0.004,0.004,0.008,0.974
TMA-ZAIN-G-99,MBC,0.026,0.104,0.009,0.015,0.004,0.842
TMA-ZAIN-G-101,MBC,0.005,0.005,0.017,0.019,0.024,0.93
TMA-ZAIN-G-102,MBC,0.005,0.01,0.009,0.005,0.008,0.963
TMA-ZAIN-G-103,MBC,0.044,0.034,0.077,0.169,0.014,0.663
TMA-ZAIN-G-104,MBC,0.01,0.011,0.026,0.013,0.009,0.931
TMA-ZAIN-G-105,MBC,0.004,0.003,0.005,0.005,0.004,0.978
TMA-ZAIN-G-106,MBC,0.012,0.014,0.017,0.008,0.011,0.939
TMA-ZAIN-G-107,MBC,0.737,0.247,0.004,0.003,0.006,0.003
TMA-ZAIN-G-108,MBC,0.012,0.97,0.005,0.003,0.005,0.005
TMA-ZAIN-G-109,MBC,0.257,0.147,0.048,0.043,0.027,0.478
TMA-ZAIN-G-110,MBC,0.21,0.363,0.054,0.005,0.056,0.312
TMA-ZAIN-G-111,MBC,0.326,0.272,0.118,0.166,0.033,0.085
TMA-ZAIN-G-112,MBC,0.014,0.093,0.05,0.069,0.031,0.743
TMA-ZAIN-G-113,MBC,0.304,0.155,0.157,0.045,0.034,0.304
TMA-ZAIN-G-114,MBC,0.006,0.014,0.005,0.008,0.016,0.951
TMA-ZAIN-G-115,MBC,0.002,0.003,0.005,0.012,0.005,0.973
TMA-ZAIN-G-116,MBC,0.003,0.003,0.005,0.005,0.003,0.98
TMA-ZAIN-G-117,MBC,0.009,0.963,0.004,0.003,0.013,0.008
TMA-ZAIN-G-118,MBC,0.277,0.67,0.01,0.004,0.033,0.006
TMA-ZAIN-G-119,MBC,0.011,0.965,0.006,0.003,0.009,0.006
TMA-ZAIN-G-120,MBC,0.007,0.951,0.009,0.007,0.01,0.015
TMA-ZAIN-G-121,MBC,0.023,0.936,0.01,0.004,0.016,0.01
TMA-ZAIN-G-122,MBC,0.027,0.937,0.008,0.003,0.017,0.007
TMA-ZAIN-G-123,MBC,0.056,0.892,0.016,0.007,0.024,0.005
TMA-ZAIN-G-124,MBC,0.007,0.005,0.013,0.009,0.006,0.96
TMA-ZAIN-G-125,MBC,0.972,0.01,0.006,0.003,0.005,0.006
TMA-ZAIN-G-126,MBC,0.931,0.016,0.005,0.002,0.043,0.003
TMA-ZAIN-G-127,MBC,0.972,0.01,0.004,0.003,0.007,0.004
TMA-ZAIN-G-128,MBC,0.975,0.012,0.004,0.003,0.004,0.003
TMA-ZAIN-G-129,MBC,0.944,0.036,0.006,0.003,0.007,0.004
TMA-ZAIN-G-130,MBC,0.972,0.009,0.005,0.003,0.005,0.007
TMA-ZAIN-G-131,MBC,0.946,0.014,0.006,0.002,0.024,0.006
TMA-ZAIN-G-132,MBC,0.974,0.008,0.006,0.003,0.005,0.004
TMA-ZAIN-G-133,MBC,0.864,0.091,0.006,0.003,0.033,0.004
TMA-ZAIN-G-134,MBC,0.811,0.129,0.012,0.012,0.032,0.003
TMA-ZAIN-G-135,MBC,0.903,0.057,0.006,0.008,0.023,0.003
TMA-ZAIN-G-136,MBC,0.048,0.932,0.004,0.005,0.006,0.005
TMA-ZAIN-G-137,MBC,0.022,0.947,0.004,0.004,0.019,0.003
TMA-ZAIN-G-138,MBC,0.028,0.949,0.005,0.005,0.006,0.007
TMA-ZAIN-G-139,MBC,0.569,0.407,0.003,0.003,0.013,0.005
TMA-ZAIN-G-140,MBC,0.155,0.787,0.004,0.004,0.046,0.005
TMA-ZAIN-G-141,MBC,0.041,0.941,0.006,0.004,0.004,0.003
TMA-ZAIN-G-142,MBC,0.204,0.774,0.006,0.003,0.006,0.006
TMA-ZAIN-G-143,MBC,0.029,0.954,0.005,0.003,0.005,0.004
TMA-ZAIN-G-144,MBC,0.141,0.84,0.006,0.003,0.005,0.005
TMA-ZAIN-G-145,MBC,0.11,0.83,0.016,0.006,0.034,0.004
TMA-ZAIN-G-146,MBC,0.01,0.972,0.004,0.002,0.009,0.003
TMA-ZAIN-G-147,MBC,0.008,0.978,0.003,0.003,0.004,0.003
TMA-ZAIN-G-148,MBC,0.011,0.975,0.003,0.003,0.004,0.003
TMA-ZAIN-G-149,MBC,0.252,0.691,0.004,0.003,0.045,0.004
TMA-ZAIN-G-150,MBC,0.124,0.706,0.015,0.02,0.102,0.033
TMA-ZAIN-G-151,MBC,0.024,0.823,0.013,0.015,0.099,0.027
TMA-ZAIN-G-152,MBC,0.048,0.935,0.004,0.002,0.006,0.005
TMA-ZAIN-G-153,MBC,0.015,0.968,0.004,0.002,0.005,0.006
TMA-ZAIN-G-154,MBC,0.103,0.871,0.004,0.003,0.015,0.004
TMA-ZAIN-G-155,MBC,0.012,0.971,0.004,0.002,0.007,0.004
TMA-ZAIN-G-156,MBC,0.02,0.963,0.005,0.003,0.004,0.006
TMA-ZAIN-G-157,MBC,0.367,0.573,0.006,0.003,0.023,0.028
TMA-ZAIN-G-158,MBC,0.408,0.567,0.005,0.003,0.008,0.009
TMA-ZAIN-G-159,MBC,0.01,0.972,0.006,0.003,0.005,0.004
TMA-ZAIN-G-160,MBC,0.007,0.978,0.003,0.002,0.005,0.004
TMA-ZAIN-G-161,MBC,0.005,0.979,0.003,0.002,0.005,0.006
TMA-ZAIN-G-162,MBC,0.111,0.855,0.006,0.003,0.021,0.004
TMA-ZAIN-G-163,MBC,0.01,0.903,0.011,0.016,0.018,0.042
TMA-ZAIN-G-164,MBC,0.007,0.98,0.004,0.002,0.004,0.004
TMA-ZAIN-G-165,MBC,0.01,0.966,0.005,0.004,0.01,0.006
TMA-ZAIN-G-166,MBC,0.008,0.978,0.003,0.003,0.004,0.005
TMA-ZAIN-G-167,MBC,0.026,0.958,0.004,0.002,0.007,0.003
TMA-ZAIN-G-168,MBC,0.072,0.9,0.008,0.005,0.007,0.007
TMA-ZAIN-G-169,MBC,0.031,0.946,0.006,0.004,0.007,0.007
TMA-ZAIN-G-170,MBC,0.007,0.979,0.003,0.002,0.005,0.003
TMA-ZAIN-G-171,MBC,0.258,0.677,0.029,0.011,0.005,0.021
TMA-ZAIN-G-172,MBC,0.006,0.98,0.003,0.003,0.005,0.003
TMA-ZAIN-G-173,MBC,0.867,0.115,0.006,0.004,0.004,0.004
TMA-ZAIN-G-174,MBC,0.927,0.054,0.007,0.004,0.005,0.003
TMA-ZAIN-G-175,MBC,0.111,0.873,0.004,0.002,0.007,0.003
TMA-ZAIN-G-176,MBC,0.007,0.976,0.004,0.003,0.005,0.004
TMA-ZAIN-G-177,MBC,0.012,0.973,0.004,0.003,0.004,0.004
TMA-ZAIN-G-178,MBC,0.107,0.875,0.006,0.004,0.004,0.005
TMA-ZAIN-G-179,MBC,0.881,0.1,0.006,0.004,0.004,0.005
TMA-ZAIN-G-180,MBC,0.252,0.732,0.005,0.003,0.005,0.004
TMA-ZAIN-G-181,MBC,0.875,0.089,0.007,0.008,0.017,0.004
TMA-ZAIN-G-182,MBC,0.976,0.01,0.003,0.003,0.004,0.004
TMA-ZAIN-G-183,MBC,0.976,0.006,0.004,0.003,0.005,0.006
TMA-ZAIN-G-184,MBC,0.977,0.009,0.004,0.002,0.003,0.004
TMA-ZAIN-G-185,MBC,0.844,0.047,0.016,0.019,0.03,0.044
TMA-ZAIN-G-186,MBC,0.826,0.033,0.047,0.037,0.038,0.018
TMA-ZAIN-G-187,MBC,0.921,0.047,0.015,0.007,0.007,0.004
TMA-ZAIN-G-188,MBC,0.944,0.04,0.005,0.004,0.003,0.004
TMA-ZAIN-G-189,MBC,0.943,0.043,0.005,0.003,0.003,0.003
TMA-ZAIN-G-190,MBC,0.974,0.014,0.003,0.003,0.003,0.003
TMA-ZAIN-G-191,MBC,0.945,0.037,0.007,0.003,0.005,0.003
TMA-ZAIN-G-192,MBC,0.897,0.021,0.013,0.034,0.015,0.019
TMA-ZAIN-G-193,MBC,0.963,0.013,0.005,0.009,0.006,0.004
TMA-ZAIN-G-194,MBC,0.978,0.004,0.004,0.003,0.008,0.003
TMA-ZAIN-G-195,MBC,0.971,0.005,0.006,0.004,0.011,0.003
TMA-ZAIN-G-196,MBC,0.975,0.008,0.005,0.003,0.006,0.003
TMA-ZAIN-G-197,MBC,0.979,0.005,0.004,0.003,0.006,0.003
TMA-ZAIN-G-198,MBC,0.972,0.007,0.004,0.003,0.011,0.003
TMA-ZAIN-G-199,MBC,0.977,0.007,0.004,0.003,0.006,0.003
TMA-ZAIN-G-200,MBC,0.95,0.025,0.009,0.004,0.007,0.004
TMA-ZAIN-G-201,MBC,0.011,0.003,0.038,0.928,0.004,0.016
TMA-ZAIN-G-202,MBC,0.003,0.004,0.012,0.97,0.004,0.006
TMA-ZAIN-G-203,MBC,0.019,0.004,0.015,0.946,0.002,0.014
TMA-ZAIN-G-204,MBC,0.973,0.006,0.004,0.003,0.006,0.007
TMA-ZAIN-G-205,MBC,0.009,0.009,0.014,0.926,0.037,0.005
TMA-ZAIN-G-206,MBC,0.008,0.128,0.033,0.809,0.015,0.007
TMA-ZAIN-G-207,MBC,0.048,0.018,0.038,0.857,0.024,0.015
TMA-ZAIN-G-208,MBC,0.013,0.805,0.048,0.011,0.107,0.015
TMA-ZAIN-G-209,MBC,0.007,0.98,0.004,0.003,0.004,0.003
TMA-ZAIN-G-210,MBC,0.909,0.06,0.004,0.003,0.022,0.003
TMA-ZAIN-G-211,MBC,0.89,0.085,0.005,0.003,0.013,0.004
TMA-ZAIN-G-212,MBC,0.765,0.155,0.03,0.025,0.014,0.012
TMA-ZAIN-G-213,MBC,0.639,0.332,0.007,0.005,0.013,0.004
TMA-ZAIN-G-214,MBC,0.743,0.237,0.005,0.004,0.007,0.004
TMA-ZAIN-G-215,MBC,0.365,0.618,0.005,0.003,0.006,0.003
TMA-ZAIN-G-216,MBC,0.182,0.533,0.266,0.012,0.003,0.004
TMA-ZAIN-G-217,MBC,0.923,0.054,0.007,0.005,0.008,0.003
TMA-ZAIN-G-218,MBC,0.368,0.615,0.003,0.003,0.007,0.003
TMA-ZAIN-G-219,MBC,0.006,0.006,0.974,0.004,0.004,0.005
TMA-ZAIN-G-220,MBC,0.005,0.004,0.965,0.011,0.01,0.005
TMA-ZAIN-G-221,MBC,0.007,0.021,0.888,0.004,0.01,0.069
TMA-ZAIN-G-222,MBC,0.018,0.01,0.933,0.026,0.008,0.005
TMA-ZAIN-G-223,MBC,0.008,0.015,0.92,0.009,0.018,0.03
TMA-ZAIN-G-224,MBC,0.003,0.003,0.97,0.009,0.006,0.008
TMA-ZAIN-G-225,MBC,0.016,0.005,0.932,0.018,0.017,0.011
TMA-ZAIN-G-226,MBC,0.007,0.003,0.964,0.01,0.005,0.011
TMA-ZAIN-G-227,MBC,0.01,0.006,0.956,0.009,0.006,0.013
TMA-ZAIN-G-228,MBC,0.012,0.006,0.937,0.027,0.005,0.013
TMA-ZAIN-G-229,MBC,0.007,0.013,0.95,0.01,0.007,0.013
TMA-ZAIN-G-230,MBC,0.003,0.004,0.907,0.055,0.007,0.025
TMA-ZAIN-G-231,MBC,0.076,0.034,0.783,0.007,0.055,0.045
TMA-ZAIN-G-232,MBC,0.016,0.059,0.196,0.52,0.036,0.173
TMA-ZAIN-G-233,MBC,0.05,0.048,0.101,0.467,0.015,0.319
TMA-ZAIN-G-234,MBC,0.01,0.025,0.921,0.022,0.016,0.006
TMA-ZAIN-G-235,MBC,0.007,0.007,0.607,0.05,0.019,0.309
TMA-ZAIN-G-236,MBC,0.051,0.019,0.786,0.022,0.011,0.111
TMA-ZAIN-G-237,MBC,0.018,0.011,0.81,0.075,0.008,0.079
TMA-ZAIN-G-238,MBC,0.06,0.151,0.515,0.014,0.032,0.229
TMA-ZAIN-G-239,MBC,0.02,0.02,0.862,0.033,0.005,0.059
TMA-ZAIN-G-240,MBC,0.14,0.013,0.005,0.763,0.073,0.006
TMA-ZAIN-G-241,MBC,0.004,0.004,0.004,0.979,0.006,0.004
TMA-ZAIN-G-242,MBC,0.005,0.008,0.005,0.973,0.005,0.004
TMA-ZAIN-G-243,MBC,0.004,0.006,0.004,0.979,0.004,0.003
TMA-ZAIN-G-244,MBC,0.005,0.01,0.004,0.972,0.006,0.003
TMA-ZAIN-G-245,MBC,0.005,0.014,0.004,0.968,0.004,0.004
TMA-ZAIN-G-246,MBC,0.003,0.003,0.003,0.984,0.003,0.004
TMA-ZAIN-G-248,MBC,0.003,0.003,0.004,0.984,0.003,0.002
TMA-ZAIN-G-249,MBC,0.003,0.005,0.004,0.981,0.004,0.002
TMA-ZAIN-G-250,MBC,0.008,0.006,0.007,0.971,0.004,0.004
TMA-ZAIN-G-251,MBC,0.005,0.003,0.005,0.98,0.003,0.003
TMA-ZAIN-G-252,MBC,0.005,0.004,0.005,0.981,0.004,0.003
TMA-ZAIN-G-253,MBC,0.005,0.004,0.004,0.003,0.979,0.005
TMA-ZAIN-G-254,MBC,0.014,0.072,0.01,0.003,0.897,0.004
TMA-ZAIN-G-255,MBC,0.005,0.006,0.003,0.003,0.977,0.005
TMA-ZAIN-G-256,MBC,0.008,0.019,0.005,0.003,0.956,0.009
TMA-ZAIN-G-257,MBC,0.005,0.006,0.004,0.016,0.959,0.01
TMA-ZAIN-G-258,MBC,0.009,0.006,0.004,0.006,0.968,0.006
TMA-ZAIN-G-259,MBC,0.005,0.003,0.004,0.004,0.981,0.004
TMA-ZAIN-G-260,MBC,0.004,0.003,0.003,0.003,0.983,0.004
TMA-ZAIN-G-261,MBC,0.005,0.003,0.004,0.005,0.98,0.003
TMA-ZAIN-G-262,MBC,0.004,0.004,0.004,0.004,0.98,0.004
TMA-ZAIN-G-263,MBC,0.008,0.006,0.006,0.004,0.972,0.004
TMA-ZAIN-G-264,MBC,0.004,0.003,0.003,0.003,0.982,0.004
TMA-ZAIN-G-265,MBC,0.004,0.004,0.004,0.003,0.979,0.006
TMA-ZAIN-G-266,MBC,0.004,0.004,0.004,0.004,0.975,0.008
TMA-ZAIN-G-267,MBC,0.022,0.039,0.174,0.016,0.731,0.018
TMA-ZAIN-G-268,MBC,0.171,0.037,0.03,0.012,0.727,0.022
TMA-ZAIN-G-269,MBC,0.014,0.017,0.062,0.301,0.587,0.019
TMA-ZAIN-G-270,MBC,0.003,0.004,0.006,0.919,0.006,0.062
TMA-ZAIN-G-271,MBC,0.005,0.007,0.029,0.661,0.009,0.289
TMA-ZAIN-G-272,MBC,0.005,0.005,0.021,0.871,0.011,0.087
TMA-ZAIN-G-273,MBC,0.004,0.005,0.008,0.943,0.008,0.032
TMA-ZAIN-G-274,MBC,0.004,0.005,0.048,0.91,0.005,0.028
TMA-ZAIN-G-275,MBC,0.003,0.003,0.012,0.961,0.004,0.018
TMA-ZAIN-G-276,MBC,0.028,0.011,0.023,0.896,0.01,0.032
TMA-ZAIN-G-277,MBC,0.004,0.003,0.007,0.978,0.003,0.006
TMA-ZAIN-G-278,MBC,0.003,0.004,0.005,0.976,0.003,0.01
TMA-ZAIN-G-279,MBC,0.004,0.004,0.006,0.969,0.007,0.01
TMA-ZAIN-G-280,MBC,0.003,0.003,0.006,0.977,0.005,0.006
TMA-ZAIN-G-281,MBC,0.006,0.004,0.016,0.958,0.004,0.012
TMA-ZAIN-G-282,MBC,0.009,0.005,0.048,0.826,0.004,0.108
TMA-ZAIN-G-283,MBC,0.005,0.004,0.011,0.939,0.005,0.037
TMA-ZAIN-G-284,MBC,0.003,0.003,0.007,0.968,0.005,0.013
TMA-ZAIN-G-285,MBC,0.009,0.014,0.101,0.634,0.145,0.098
TMA-ZAIN-G-286,MBC,0.011,0.012,0.163,0.449,0.183,0.183
TMA-ZAIN-G-287,MBC,0.026,0.025,0.029,0.832,0.04,0.048
TMA-ZAIN-G-288,MBC,0.003,0.003,0.009,0.944,0.009,0.032
TMA-ZAIN-G-289,MBC,0.009,0.006,0.008,0.949,0.005,0.024
TMA-ZAIN-G-290,MBC,0.058,0.019,0.189,0.621,0.015,0.098
TMA-ZAIN-G-291,MBC,0.018,0.011,0.016,0.921,0.01,0.025
TMA-ZAIN-G-292,MBC,0.012,0.006,0.085,0.464,0.009,0.423
TMA-ZAIN-G-293,MBC,0.005,0.004,0.961,0.012,0.008,0.01
TMA-ZAIN-G-294,MBC,0.199,0.749,0.021,0.014,0.005,0.012
TMA-ZAIN-G-295,MBC,0.035,0.927,0.009,0.007,0.016,0.005
TMA-ZAIN-G-296,MBC,0.009,0.973,0.004,0.004,0.007,0.003
TMA-ZAIN-G-297,MBC,0.014,0.954,0.011,0.008,0.008,0.004
TMA-ZAIN-G-298,MBC,0.128,0.819,0.015,0.008,0.014,0.017
TMA-ZAIN-G-299,MBC,0.077,0.888,0.01,0.006,0.013,0.006
TMA-ZAIN-G-301,MBC,0.012,0.865,0.018,0.028,0.062,0.014
TMA-ZAIN-G-302,MBC,0.007,0.971,0.007,0.008,0.004,0.004
TMA-ZAIN-G-303,MBC,0.03,0.945,0.008,0.007,0.007,0.003
TMA-ZAIN-G-304,MBC,0.068,0.905,0.006,0.008,0.008,0.006
TMA-ZAIN-G-305,MBC,0.132,0.848,0.006,0.004,0.007,0.004
TMA-ZAIN-G-306,MBC,0.068,0.004,0.862,0.006,0.042,0.018
NA,NA,0,0,0,0,0,0
TMA-ZAIN-G-307,MSBG,0.19,0.182,0.01,0.008,0.595,0.015
TMA-ZAIN-G-308,MSBG,0.028,0.951,0.005,0.004,0.009,0.004
TMA-ZAIN-G-309,MSBG,0.088,0.319,0.012,0.025,0.39,0.167
TMA-ZAIN-G-310,MSBG,0.16,0.336,0.007,0.011,0.477,0.008
TMA-ZAIN-G-311,MSBG,0.007,0.007,0.113,0.019,0.826,0.028
TMA-ZAIN-G-312,MSBG,0.961,0.025,0.004,0.003,0.003,0.003
TMA-ZAIN-G-313,MSBG,0.012,0.906,0.018,0.037,0.02,0.007
TMA-ZAIN-G-314,MSBG,0.159,0.666,0.039,0.01,0.069,0.057
TMA-ZAIN-G-315,MSBG,0.885,0.069,0.027,0.005,0.01,0.004
TMA-ZAIN-G-316,MSBG,0.086,0.106,0.006,0.005,0.783,0.013
TMA-ZAIN-G-317,MSBG,0.024,0.012,0.468,0.191,0.02,0.285
TMA-ZAIN-G-318,MSBG,0.051,0.466,0.053,0.403,0.019,0.007
TMA-ZAIN-G-319,MSBG,0.043,0.411,0.116,0.401,0.017,0.01
TMA-ZAIN-G-320,MSBG,0.006,0.007,0.917,0.02,0.012,0.038
TMA-ZAIN-G-321,MSBG,0.008,0.009,0.137,0.442,0.047,0.358
NA,NA,0,0,0,0,0,0
TMA-ZAIN-G-322,AA,0.192,0.006,0.709,0.062,0.014,0.018
TMA-ZAIN-G-323,AA,0.055,0.436,0.486,0.009,0.008,0.006
NA,NA,0,0,0,0,0,0
TMA-ZAIN-G-324,HBG,0.245,0.422,0.131,0.11,0.012,0.08
TMA-ZAIN-G-325,HBG,0.087,0.266,0.48,0.009,0.099,0.06
NA,NA,0,0,0,0,0,0
TMA-ZAIN-G-326,FTBG,0.042,0.01,0.913,0.016,0.012,0.007
TMA-ZAIN-G-327,FTBG,0.068,0.872,0.013,0.004,0.033,0.01
TMA-ZAIN-G-328,FTBG,0.013,0.01,0.911,0.052,0.008,0.005
TMA-ZAIN-G-329,FTBG,0.307,0.012,0.632,0.004,0.042,0.003
TMA-ZAIN-G-330,FTBG,0.968,0.006,0.004,0.003,0.016,0.003
TMA-ZAIN-G-331,FTBG,0.225,0.102,0.306,0.102,0.021,0.244
TMA-ZAIN-G-332,FTBG,0.412,0.539,0.011,0.007,0.027,0.004
NA,NA,0,0,0,0,0,0
TMA-ZAIN-G-333,UCBBG,0.657,0.293,0.009,0.003,0.033,0.004
TMA-ZAIN-G-334,UCBBG,0.469,0.203,0.062,0.082,0.155,0.029
TMA-ZAIN-G-335,UCBBG,0.969,0.018,0.004,0.002,0.004,0.002
TMA-ZAIN-G-336,UCBBG,0.979,0.004,0.004,0.003,0.008,0.003
TMA-ZAIN-G-337,UCBBG,0.003,0.003,0.011,0.964,0.007,0.011
TMA-ZAIN-G-338,UCBBG,0.004,0.005,0.005,0.979,0.004,0.003
TMA-ZAIN-G-339,UCBBG,0.007,0.009,0.019,0.94,0.013,0.012
TMA-ZAIN-G-340,UCBBG,0.005,0.006,0.035,0.869,0.007,0.078
TMA-ZAIN-G-341,UCBBG,0.003,0.004,0.01,0.946,0.006,0.031
TMA-ZAIN-G-342,UCBBG,0.002,0.002,0.005,0.972,0.004,0.015
TMA-ZAIN-G-343,UCBBG,0.003,0.003,0.005,0.979,0.003,0.006
TMA-ZAIN-G-344,UCBBG,0.004,0.004,0.005,0.974,0.003,0.009
TMA-ZAIN-G-345,UCBBG,0.004,0.005,0.006,0.972,0.005,0.008
NA,NA,0,0,0,0,0,0
TMA-ZAIN-G-347,GWL,0.003,0.003,0.007,0.96,0.003,0.024
TMA-ZAIN-G-348,GWL,0.006,0.004,0.012,0.965,0.005,0.008
TMA-ZAIN-G-349,GWL,0.003,0.003,0.004,0.982,0.004,0.004
TMA-ZAIN-G-350,GWL,0.01,0.006,0.016,0.93,0.004,0.035
TMA-ZAIN-G-351,GWL,0.003,0.003,0.007,0.977,0.003,0.007
TMA-ZAIN-G-352,GWL,0.005,0.005,0.015,0.944,0.008,0.022
TMA-ZAIN-G-353,GWL,0.003,0.004,0.008,0.966,0.005,0.014
TMA-ZAIN-G-354,GWL,0.008,0.007,0.06,0.889,0.005,0.031
TMA-ZAIN-G-355,GWL,0.004,0.003,0.007,0.974,0.005,0.008
TMA-ZAIN-G-356,GWL,0.005,0.008,0.007,0.965,0.008,0.008
TMA-ZAIN-G-357,GWL,0.012,0.006,0.02,0.913,0.005,0.043
TMA-ZAIN-G-358,GWL,0.007,0.004,0.011,0.967,0.003,0.008
TMA-ZAIN-G-359,GWL,0.011,0.008,0.009,0.955,0.003,0.013
NA,NA,0,0,0,0,0,0
TMA-ZAIN-G-360,HPLG,0.004,0.961,0.012,0.002,0.018,0.004
TMA-ZAIN-G-361,HPLG,0.299,0.659,0.01,0.004,0.014,0.014
TMA-ZAIN-G-362,HPLG,0.27,0.592,0.035,0.028,0.027,0.047
TMA-ZAIN-G-363,HPLG,0.005,0.931,0.024,0.009,0.024,0.007
TMA-ZAIN-G-364,HPLG,0.007,0.976,0.006,0.003,0.005,0.003
TMA-ZAIN-G-365,HPLG,0.749,0.216,0.01,0.004,0.009,0.012
TMA-ZAIN-G-366,HPLG,0.005,0.966,0.007,0.012,0.004,0.005
NA,NA,0,0,0,0,0,0
TMA-ZAIN-G-367,NBG,0.652,0.257,0.051,0.014,0.02,0.005
TMA-ZAIN-G-368,NBG,0.017,0.021,0.76,0.013,0.017,0.172
TMA-ZAIN-G-369,NBG,0.024,0.779,0.043,0.14,0.005,0.009
TMA-ZAIN-G-370,NBG,0.008,0.965,0.005,0.006,0.014,0.003
TMA-ZAIN-G-371,NBG,0.725,0.042,0.022,0.006,0.082,0.123
TMA-ZAIN-G-372,NBG,0.019,0.956,0.005,0.004,0.011,0.004
TMA-ZAIN-G-373,NBG,0.936,0.05,0.004,0.003,0.005,0.002
TMA-ZAIN-G-374,NBG,0.916,0.057,0.008,0.004,0.005,0.011
TMA-ZAIN-G-376,NBG,0.008,0.975,0.004,0.003,0.005,0.005
TMA-ZAIN-G-377,NBG,0.019,0.964,0.004,0.003,0.006,0.004
TMA-ZAIN-G-378,NBG,0.98,0.004,0.005,0.003,0.005,0.003
NA,NA,0,0,0,0,0,0
TMA-ZAIN-G-379,KWTFBG,0.413,0.021,0.053,0.007,0.183,0.323
TMA-ZAIN-G-380,KWTFBG,0.17,0.02,0.766,0.009,0.008,0.027
TMA-ZAIN-G-381,KWTFBG,0.01,0.973,0.004,0.003,0.004,0.005
TMA-ZAIN-G-382,KWTFBG,0.008,0.98,0.003,0.002,0.004,0.003
TMA-ZAIN-G-383,KWTFBG,0.013,0.973,0.003,0.002,0.004,0.005
TMA-ZAIN-G-384,KWTFBG,0.019,0.955,0.003,0.002,0.016,0.004
TMA-ZAIN-G-385,KWTFBG,0.014,0.97,0.004,0.003,0.006,0.003
TMA-ZAIN-G-386,KWTFBG,0.055,0.169,0.634,0.012,0.122,0.009
TMA-ZAIN-G-387,KWTFBG,0.01,0.005,0.161,0.061,0.009,0.754
NA,NA,0,0,0,0,0,0
ZFB01,ZFB,0.004,0.004,0.004,0.009,0.004,0.976
ZFB02,ZFB,0.003,0.003,0.005,0.033,0.008,0.948
ZFB03,ZFB,0.007,0.004,0.007,0.004,0.005,0.973
ZFB04,ZFB,0.003,0.004,0.005,0.039,0.007,0.942
ZFB05,ZFB,0.008,0.005,0.042,0.131,0.012,0.802
ZFB06,ZFB,0.008,0.006,0.04,0.055,0.007,0.884
ZFB07,ZFB,0.007,0.008,0.01,0.01,0.005,0.961
ZFB08,ZFB,0.006,0.006,0.009,0.005,0.006,0.968
ZFB09,ZFB,0.003,0.003,0.004,0.005,0.003,0.981
ZFB10,ZFB,0.005,0.016,0.004,0.01,0.006,0.959
ZFB11,ZFB,0.004,0.008,0.004,0.017,0.008,0.959
ZFB12,ZFB,0.008,0.006,0.018,0.033,0.005,0.929
ZFB13,ZFB,0.006,0.008,0.009,0.006,0.005,0.965
ZFB14,ZFB,0.004,0.005,0.004,0.005,0.005,0.978
ZFB15,ZFB,0.003,0.003,0.004,0.015,0.003,0.972
ZFB16,ZFB,0.004,0.006,0.007,0.015,0.004,0.964
ZFB17,ZFB,0.01,0.013,0.023,0.031,0.028,0.894
ZFB18,ZFB,0.003,0.004,0.004,0.004,0.004,0.982
ZFB19,ZFB,0.015,0.022,0.02,0.007,0.005,0.931
ZFB20,ZFB,0.005,0.005,0.006,0.041,0.004,0.938
ZFB21,ZFB,0.003,0.003,0.006,0.013,0.003,0.971
ZFB22,ZFB,0.009,0.013,0.013,0.091,0.009,0.864
ZFB23,ZFB,0.005,0.008,0.006,0.027,0.007,0.948
ZFB24,ZFB,0.004,0.007,0.005,0.037,0.007,0.94
ZFB25,ZFB,0.007,0.016,0.004,0.006,0.005,0.962
ZFB26,ZFB,0.009,0.02,0.006,0.06,0.01,0.895
ZFB27,ZFB,0.004,0.007,0.005,0.075,0.006,0.903
ZFB28,ZFB,0.009,0.007,0.037,0.095,0.01,0.842
ZFB29,ZFB,0.003,0.004,0.006,0.02,0.01,0.958
ZFB30,ZFB,0.012,0.011,0.035,0.158,0.005,0.779
ZFB31,ZFB,0.006,0.01,0.004,0.006,0.004,0.969
ZFB32,ZFB,0.015,0.014,0.041,0.052,0.033,0.844
ZFB33,ZFB,0.003,0.003,0.004,0.011,0.003,0.976
ZFB34,ZFB,0.004,0.004,0.005,0.004,0.005,0.98
ZFB35,ZFB,0.005,0.006,0.005,0.01,0.007,0.966
NA,NA,0,0,0,0,0,0
ZFBP101,ZFBP1,0.223,0.63,0.015,0.008,0.111,0.012
ZFBP102,ZFBP1,0.1,0.834,0.014,0.012,0.022,0.019
ZFBP103,ZFBP1,0.593,0.2,0.011,0.008,0.18,0.009
ZFBP104,ZFBP1,0.404,0.488,0.044,0.016,0.004,0.044
ZFBP105,ZFBP1,0.312,0.663,0.006,0.005,0.005,0.008
ZFBP106,ZFBP1,0.119,0.861,0.004,0.003,0.008,0.004
ZFBP107,ZFBP1,0.485,0.473,0.012,0.015,0.008,0.006
ZFBP108,ZFBP1,0.01,0.977,0.004,0.003,0.003,0.003
ZFBP109,ZFBP1,0.011,0.976,0.003,0.002,0.003,0.004
ZFBP110,ZFBP1,0.683,0.168,0.044,0.008,0.046,0.052
ZFBP111,ZFBP1,0.028,0.958,0.004,0.003,0.004,0.003
ZFBP112,ZFBP1,0.013,0.964,0.005,0.006,0.008,0.004
ZFBP113,ZFBP1,0.01,0.973,0.005,0.004,0.004,0.004
ZFBP114,ZFBP1,0.028,0.952,0.005,0.005,0.006,0.004
ZFBP115,ZFBP1,0.748,0.231,0.006,0.004,0.008,0.003
ZFBP116,ZFBP1,0.02,0.962,0.007,0.004,0.005,0.003
ZFBP117,ZFBP1,0.011,0.972,0.005,0.003,0.007,0.003
ZFBP118,ZFBP1,0.017,0.965,0.005,0.005,0.005,0.003
ZFBP119,ZFBP1,0.258,0.702,0.008,0.003,0.025,0.004
ZFBP120,ZFBP1,0.231,0.744,0.008,0.005,0.005,0.007
ZFBP121,ZFBP1,0.026,0.95,0.005,0.003,0.009,0.007
ZFBP122,ZFBP1,0.021,0.961,0.005,0.003,0.005,0.004
ZFBP123,ZFBP1,0.011,0.956,0.006,0.007,0.017,0.004
ZFBP124,ZFBP1,0.016,0.96,0.005,0.004,0.005,0.009
ZFBP125,ZFBP1,0.025,0.96,0.003,0.002,0.006,0.003
ZFBP126,ZFBP1,0.015,0.907,0.025,0.011,0.031,0.011
ZFBP127,ZFBP1,0.185,0.789,0.005,0.003,0.015,0.004
ZFBP128,ZFBP1,0.014,0.969,0.003,0.002,0.007,0.004
ZFBP129,ZFBP1,0.008,0.973,0.005,0.003,0.007,0.005
ZFBP130,ZFBP1,0.017,0.963,0.004,0.003,0.01,0.002
ZFBP131,ZFBP1,0.005,0.978,0.004,0.004,0.004,0.004
ZFBP132,ZFBP1,0.024,0.96,0.004,0.003,0.005,0.004
ZFBP133,ZFBP1,0.004,0.981,0.003,0.002,0.006,0.003
ZFBP134,ZFBP1,0.504,0.446,0.006,0.004,0.036,0.004
ZFBP135,ZFBP1,0.103,0.647,0.011,0.006,0.211,0.022
ZFBP136,ZFBP1,0.098,0.806,0.006,0.007,0.079,0.004
NA,NA,0,0,0,0,0,0
ZFBP201,ZFBP2,0.02,0.95,0.008,0.008,0.006,0.007
ZFBP202,ZFBP2,0.024,0.956,0.005,0.003,0.005,0.007
ZFBP203,ZFBP2,0.009,0.934,0.019,0.027,0.006,0.006
ZFBP204,ZFBP2,0.205,0.76,0.007,0.006,0.017,0.004
ZFBP205,ZFBP2,0.006,0.974,0.004,0.004,0.008,0.003
ZFBP206,ZFBP2,0.007,0.961,0.006,0.006,0.015,0.005
ZFBP207,ZFBP2,0.585,0.383,0.006,0.004,0.015,0.007
ZFBP208,ZFBP2,0.008,0.96,0.009,0.011,0.009,0.004
ZFBP209,ZFBP2,0.005,0.981,0.003,0.002,0.006,0.003
ZFBP210,ZFBP2,0.017,0.955,0.008,0.008,0.005,0.006
ZFBP211,ZFBP2,0.016,0.964,0.005,0.004,0.006,0.006
ZFBP212,ZFBP2,0.283,0.7,0.004,0.004,0.003,0.006
ZFBP213,ZFBP2,0.011,0.951,0.008,0.006,0.016,0.008
ZFBP214,ZFBP2,0.032,0.896,0.014,0.004,0.043,0.01
ZFBP215,ZFBP2,0.01,0.972,0.005,0.003,0.006,0.004
ZFBP216,ZFBP2,0.042,0.921,0.017,0.009,0.006,0.005
ZFBP217,ZFBP2,0.026,0.953,0.006,0.003,0.006,0.005
ZFBP218,ZFBP2,0.007,0.98,0.004,0.003,0.003,0.003
ZFBP219,ZFBP2,0.01,0.973,0.005,0.004,0.004,0.003
ZFBP220,ZFBP2,0.03,0.948,0.005,0.004,0.011,0.003
ZFBP221,ZFBP2,0.155,0.828,0.005,0.003,0.003,0.005
ZFBP222,ZFBP2,0.005,0.971,0.005,0.005,0.009,0.005
ZFBP223,ZFBP2,0.584,0.379,0.009,0.006,0.012,0.01
ZFBP224,ZFBP2,0.012,0.963,0.007,0.005,0.007,0.006
ZFBP225,ZFBP2,0.106,0.871,0.005,0.005,0.009,0.003
ZFBP226,ZFBP2,0.014,0.968,0.005,0.005,0.004,0.004
ZFBP227,ZFBP2,0.186,0.611,0.144,0.023,0.007,0.03
ZFBP228,ZFBP2,0.451,0.522,0.005,0.003,0.014,0.005
ZFBP229,ZFBP2,0.011,0.973,0.004,0.003,0.006,0.003
ZFBP230,ZFBP2,0.043,0.931,0.007,0.004,0.012,0.004
ZFBP231,ZFBP2,0.022,0.957,0.006,0.004,0.005,0.006
ZFBP232,ZFBP2,0.007,0.978,0.004,0.003,0.005,0.004
ZFBP233,ZFBP2,0.021,0.956,0.006,0.004,0.006,0.007
NA,NA,0,0,0,0,0,0
ZFCC01,ZFCC,0.004,0.004,0.004,0.005,0.976,0.008
ZFCC03,ZFCC,0.005,0.004,0.004,0.003,0.98,0.005
ZFCC04,ZFCC,0.004,0.004,0.004,0.003,0.979,0.005
ZFCC05,ZFCC,0.007,0.006,0.006,0.004,0.972,0.006
ZFCC08,ZFCC,0.006,0.01,0.004,0.002,0.972,0.005
ZFCC09,ZFCC,0.005,0.004,0.004,0.003,0.977,0.007
ZFCC10,ZFCC,0.004,0.004,0.004,0.004,0.971,0.013
ZFCC11,ZFCC,0.005,0.004,0.004,0.004,0.977,0.006
ZFCC12,ZFCC,0.008,0.006,0.009,0.033,0.931,0.014
ZFCC13,ZFCC,0.011,0.008,0.006,0.006,0.966,0.004
ZFCC14,ZFCC,0.005,0.009,0.005,0.005,0.965,0.011
ZFCC15,ZFCC,0.005,0.004,0.006,0.005,0.974,0.005
ZFCC16,ZFCC,0.004,0.004,0.004,0.004,0.978,0.006
ZFCC17,ZFCC,0.004,0.003,0.005,0.007,0.975,0.006
ZFCC18,ZFCC,0.005,0.005,0.004,0.004,0.978,0.005
ZFCC19,ZFCC,0.004,0.003,0.007,0.006,0.976,0.004
ZFCC20,ZFCC,0.006,0.004,0.004,0.003,0.978,0.004
ZFCC21,ZFCC,0.008,0.03,0.009,0.006,0.941,0.006
ZFCC22,ZFCC,0.019,0.134,0.004,0.004,0.831,0.007
ZFCC26,ZFCC,0.004,0.004,0.004,0.003,0.98,0.005
ZFCC27,ZFCC,0.005,0.004,0.003,0.003,0.981,0.004
ZFCC29,ZFCC,0.004,0.005,0.006,0.004,0.972,0.008
ZFCC30,ZFCC,0.005,0.004,0.003,0.003,0.981,0.003
ZFCC32,ZFCC,0.006,0.004,0.006,0.007,0.972,0.005
ZFCC33,ZFCC,0.004,0.004,0.007,0.005,0.973,0.007
ZFCC34,ZFCC,0.031,0.037,0.005,0.012,0.899,0.015
ZFCC35,ZFCC,0.004,0.004,0.003,0.003,0.983,0.004
ZFCC36,ZFCC,0.006,0.009,0.007,0.009,0.965,0.004
ZFCC37,ZFCC,0.009,0.009,0.012,0.028,0.925,0.017
ZFCC40,ZFCC,0.004,0.006,0.003,0.005,0.975,0.006
ZFCC42,ZFCC,0.054,0.01,0.016,0.519,0.385,0.016
ZFCC44,ZFCC,0.005,0.003,0.003,0.003,0.982,0.003
ZFCC45,ZFCC,0.005,0.005,0.009,0.014,0.956,0.01
ZFCC46,ZFCC,0.013,0.009,0.004,0.003,0.967,0.003
ZFCC47,ZFCC,0.006,0.005,0.004,0.018,0.954,0.014
ZFCC48,ZFCC,0.007,0.023,0.005,0.003,0.956,0.006
ZFCC50,ZFCC,0.003,0.003,0.004,0.004,0.981,0.004
ZFCC51,ZFCC,0.005,0.003,0.004,0.003,0.98,0.004
ZFCC52,ZFCC,0.006,0.01,0.004,0.005,0.971,0.004
ZFCC53,ZFCC,0.004,0.003,0.003,0.003,0.982,0.004
NA,NA,0,0,0,0,0,0
ZFCNS01,ZFCNS,0.975,0.003,0.008,0.005,0.006,0.003
ZFCNS02,ZFCNS,0.973,0.006,0.004,0.003,0.011,0.004
ZFCNS05,ZFCNS,0.968,0.007,0.005,0.003,0.011,0.005
ZFCNS06,ZFCNS,0.969,0.006,0.004,0.003,0.014,0.004
ZFCNS07,ZFCNS,0.973,0.01,0.004,0.003,0.006,0.004
ZFCNS10,ZFCNS,0.981,0.005,0.003,0.003,0.005,0.003
ZFCNS11,ZFCNS,0.976,0.004,0.005,0.004,0.008,0.003
ZFCNS15,ZFCNS,0.976,0.009,0.004,0.003,0.004,0.005
ZFCNS17,ZFCNS,0.969,0.006,0.004,0.003,0.015,0.003
ZFCNS18,ZFCNS,0.979,0.005,0.003,0.003,0.006,0.003
ZFCNS19,ZFCNS,0.974,0.004,0.004,0.003,0.012,0.004
ZFCNS20,ZFCNS,0.969,0.011,0.005,0.003,0.009,0.004
ZFCNS21,ZFCNS,0.977,0.004,0.004,0.003,0.009,0.003
ZFCNS22,ZFCNS,0.97,0.01,0.005,0.003,0.007,0.005
ZFCNS23,ZFCNS,0.949,0.007,0.009,0.008,0.022,0.006
ZFCNS24,ZFCNS,0.957,0.005,0.004,0.003,0.028,0.003
ZFCNS25,ZFCNS,0.969,0.009,0.004,0.003,0.011,0.003
ZFCNS26,ZFCNS,0.98,0.005,0.004,0.003,0.004,0.004
ZFCNS27,ZFCNS,0.972,0.013,0.004,0.003,0.004,0.003
ZFCNS28,ZFCNS,0.975,0.005,0.004,0.003,0.009,0.005
ZFCNS29,ZFCNS,0.967,0.008,0.004,0.003,0.013,0.004
ZFCNS30,ZFCNS,0.974,0.005,0.004,0.003,0.01,0.004
ZFCNS31,ZFCNS,0.979,0.005,0.004,0.003,0.005,0.004
ZFCNS32,ZFCNS,0.975,0.005,0.004,0.003,0.009,0.004
ZFCNS33,ZFCNS,0.98,0.004,0.004,0.003,0.006,0.004
ZFCNS34,ZFCNS,0.954,0.006,0.004,0.003,0.029,0.004
ZFCNS35,ZFCNS,0.977,0.004,0.004,0.003,0.007,0.005
ZFCNS36,ZFCNS,0.897,0.006,0.004,0.003,0.085,0.004
ZFCNS37,ZFCNS,0.98,0.004,0.004,0.003,0.006,0.004
ZFCNS39,ZFCNS,0.977,0.004,0.004,0.003,0.01,0.003
ZFCNS40,ZFCNS,0.948,0.007,0.004,0.003,0.035,0.003
ZFCNS41,ZFCNS,0.967,0.008,0.006,0.004,0.01,0.005
ZFCNS42,ZFCNS,0.979,0.005,0.004,0.003,0.005,0.004
ZFCNS43,ZFCNS,0.974,0.004,0.004,0.003,0.012,0.003
ZFCNS44,ZFCNS,0.98,0.004,0.003,0.003,0.006,0.003
ZFCNS46,ZFCNS,0.976,0.006,0.005,0.003,0.007,0.004
ZFCNS47,ZFCNS,0.978,0.004,0.004,0.003,0.008,0.003
ZFCNS48,ZFCNS,0.977,0.006,0.004,0.003,0.007,0.003
ZFCNS49,ZFCNS,0.982,0.006,0.003,0.003,0.003,0.004
NA,NA,0,0,0,0,0,0
ZFCR01,ZFCR,0.007,0.055,0.413,0.027,0.015,0.483
ZFCR02,ZFCR,0.016,0.047,0.707,0.013,0.033,0.183
ZFCR03,ZFCR,0.009,0.082,0.315,0.132,0.065,0.397
ZFCR04,ZFCR,0.038,0.038,0.068,0.042,0.026,0.789
ZFCR05,ZFCR,0.005,0.007,0.806,0.014,0.022,0.146
ZFCR06,ZFCR,0.136,0.117,0.548,0.009,0.027,0.162
ZFCR07,ZFCR,0.034,0.007,0.91,0.01,0.016,0.024
ZFCR08,ZFCR,0.01,0.112,0.446,0.085,0.151,0.197
ZFCR09,ZFCR,0.106,0.207,0.056,0.47,0.038,0.124
ZFCR11,ZFCR,0.038,0.013,0.803,0.01,0.011,0.126
ZFCR12,ZFCR,0.142,0.026,0.799,0.004,0.011,0.018
ZFCR13,ZFCR,0.011,0.022,0.947,0.003,0.006,0.01
ZFCR14,ZFCR,0.007,0.01,0.91,0.006,0.015,0.051
ZFCR15,ZFCR,0.014,0.036,0.831,0.013,0.02,0.088
ZFCR16,ZFCR,0.006,0.032,0.846,0.006,0.012,0.099
ZFCR18,ZFCR,0.012,0.018,0.042,0.006,0.027,0.895
ZFCR19,ZFCR,0.017,0.102,0.634,0.083,0.023,0.142
ZFCR20,ZFCR,0.021,0.111,0.186,0.047,0.029,0.606
ZFCR21,ZFCR,0.01,0.016,0.934,0.004,0.019,0.018
ZFCR22,ZFCR,0.005,0.013,0.961,0.005,0.006,0.009
ZFCR23,ZFCR,0.037,0.137,0.742,0.039,0.005,0.04
ZFCR24,ZFCR,0.013,0.483,0.32,0.018,0.013,0.152
ZFCR25,ZFCR,0.004,0.004,0.963,0.006,0.008,0.016
ZFCR26,ZFCR,0.009,0.023,0.89,0.045,0.02,0.014
ZFCR27,ZFCR,0.003,0.003,0.866,0.056,0.005,0.066
ZFCR28,ZFCR,0.027,0.264,0.679,0.007,0.011,0.011
ZFCR29,ZFCR,0.007,0.018,0.768,0.009,0.01,0.189
ZFCR30,ZFCR,0.007,0.007,0.962,0.008,0.005,0.011
ZFCR31,ZFCR,0.106,0.128,0.267,0.061,0.026,0.413
ZFCR33,ZFCR,0.012,0.011,0.867,0.051,0.035,0.025
ZFCR34,ZFCR,0.034,0.043,0.822,0.021,0.026,0.053
ZFCR35,ZFCR,0.019,0.013,0.064,0.01,0.036,0.858
ZFCR36,ZFCR,0.009,0.008,0.796,0.012,0.01,0.165
ZFCR37,ZFCR,0.005,0.005,0.91,0.02,0.039,0.021
ZFCR38,ZFCR,0.007,0.006,0.854,0.073,0.033,0.026
ZFCR39,ZFCR,0.023,0.202,0.045,0.63,0.087,0.013
ZFCR40,ZFCR,0.01,0.012,0.853,0.057,0.032,0.036
ZFCR41,ZFCR,0.031,0.01,0.906,0.004,0.036,0.013
ZFCR42,ZFCR,0.018,0.027,0.893,0.014,0.038,0.009
ZFCR43,ZFCR,0.009,0.034,0.858,0.006,0.006,0.087
NA,NA,0,0,0,0,0,0
ZFENP25,ZFENP,0.005,0.009,0.927,0.008,0.018,0.034
ZFENP26,ZFENP,0.005,0.003,0.96,0.016,0.005,0.012
ZFENP27,ZFENP,0.058,0.017,0.248,0.067,0.386,0.224
ZFENP28,ZFENP,0.006,0.004,0.926,0.031,0.011,0.024
ZFENP29,ZFENP,0.004,0.003,0.97,0.008,0.008,0.007
ZFENP30,ZFENP,0.005,0.005,0.913,0.019,0.049,0.009
ZFENP31,ZFENP,0.011,0.013,0.067,0.817,0.073,0.019
ZFENP32,ZFENP,0.064,0.02,0.296,0.363,0.026,0.231
ZFENP33,ZFENP,0.006,0.005,0.949,0.013,0.007,0.02
ZFENP34,ZFENP,0.01,0.007,0.182,0.02,0.022,0.758
ZFENP35,ZFENP,0.023,0.01,0.857,0.085,0.007,0.018
ZFENP36,ZFENP,0.005,0.003,0.951,0.027,0.004,0.011
ZFENP37,ZFENP,0.01,0.006,0.855,0.037,0.014,0.077
ZFENP38,ZFENP,0.01,0.005,0.955,0.011,0.013,0.007
ZFENP39,ZFENP,0.005,0.003,0.922,0.026,0.012,0.032
ZFENP40,ZFENP,0.006,0.007,0.846,0.067,0.011,0.063
ZFENP41,ZFENP,0.009,0.007,0.749,0.125,0.079,0.032
ZFENP42,ZFENP,0.004,0.004,0.693,0.29,0.006,0.004
ZFENP43,ZFENP,0.033,0.006,0.9,0.022,0.029,0.012
ZFENP44,ZFENP,0.028,0.007,0.767,0.151,0.034,0.012
ZFENP45,ZFENP,0.015,0.155,0.768,0.035,0.018,0.009
ZFENP46,ZFENP,0.014,0.008,0.925,0.032,0.004,0.018
ZFENP47,ZFENP,0.005,0.223,0.196,0.472,0.065,0.039
ZFENP48,ZFENP,0.012,0.024,0.286,0.038,0.08,0.559
ZFENP49,ZFENP,0.008,0.014,0.904,0.014,0.025,0.036
ZFENP50,ZFENP,0.015,0.033,0.89,0.05,0.005,0.008
ZFENP51,ZFENP,0.007,0.027,0.426,0.513,0.013,0.015
ZFENP52,ZFENP,0.012,0.004,0.961,0.009,0.01,0.004
ZFENP53,ZFENP,0.012,0.019,0.936,0.019,0.007,0.007
ZFENP54,ZFENP,0.018,0.058,0.853,0.013,0.029,0.028
ZFENP55,ZFENP,0.005,0.005,0.94,0.018,0.004,0.028
ZFENP56,ZFENP,0.008,0.003,0.956,0.016,0.007,0.009
ZFENP57,ZFENP,0.009,0.004,0.808,0.158,0.005,0.017
ZFENP58,ZFENP,0.011,0.009,0.921,0.01,0.041,0.009
ZFENP59,ZFENP,0.006,0.006,0.779,0.086,0.107,0.016
ZFENP60,ZFENP,0.005,0.008,0.892,0.025,0.01,0.06
ZFENP61,ZFENP,0.004,0.003,0.926,0.017,0.013,0.038
NA,NA,0,0,0,0,0,0
ZFFDSP01,ZFFDSP,0.047,0.933,0.005,0.003,0.006,0.007
ZFFDSP02,ZFFDSP,0.011,0.974,0.004,0.002,0.005,0.004
ZFFDSP04,ZFFDSP,0.008,0.977,0.003,0.002,0.004,0.005
ZFFDSP05,ZFFDSP,0.096,0.887,0.005,0.004,0.004,0.004
ZFFDSP06,ZFFDSP,0.007,0.978,0.003,0.002,0.005,0.004
ZFFDSP07,ZFFDSP,0.006,0.965,0.005,0.005,0.015,0.004
ZFFDSP08,ZFFDSP,0.022,0.952,0.005,0.004,0.015,0.003
ZFFDSP10,ZFFDSP,0.022,0.959,0.006,0.004,0.006,0.005
ZFFDSP11,ZFFDSP,0.01,0.973,0.005,0.004,0.004,0.005
ZFFDSP12,ZFFDSP,0.01,0.977,0.004,0.003,0.004,0.003
ZFFDSP13,ZFFDSP,0.894,0.08,0.007,0.004,0.011,0.004
ZFFDSP14,ZFFDSP,0.005,0.976,0.004,0.003,0.007,0.004
ZFFDSP16,ZFFDSP,0.029,0.94,0.01,0.004,0.007,0.01
ZFFDSP17,ZFFDSP,0.011,0.973,0.004,0.003,0.005,0.005
ZFFDSP18,ZFFDSP,0.008,0.972,0.003,0.003,0.006,0.008
ZFFDSP19,ZFFDSP,0.091,0.869,0.005,0.003,0.025,0.007
ZFFDSP21,ZFFDSP,0.272,0.697,0.005,0.003,0.018,0.006
ZFFDSP22,ZFFDSP,0.007,0.979,0.003,0.002,0.005,0.003
ZFFDSP23,ZFFDSP,0.021,0.967,0.003,0.002,0.004,0.003
ZFFDSP24,ZFFDSP,0.181,0.799,0.005,0.003,0.006,0.006
ZFFDSP26,ZFFDSP,0.058,0.926,0.004,0.003,0.005,0.004
ZFFDSP27,ZFFDSP,0.022,0.961,0.004,0.003,0.005,0.006
ZFFDSP28,ZFFDSP,0.073,0.81,0.015,0.021,0.013,0.068
ZFFDSP30,ZFFDSP,0.73,0.218,0.007,0.008,0.01,0.028
ZFFDSP31,ZFFDSP,0.021,0.957,0.005,0.002,0.006,0.008
ZFFDSP32,ZFFDSP,0.012,0.974,0.004,0.003,0.004,0.003
ZFFDSP33,ZFFDSP,0.015,0.971,0.004,0.003,0.003,0.004
ZFFDSP34,ZFFDSP,0.01,0.973,0.004,0.002,0.007,0.005
ZFFDSP35,ZFFDSP,0.068,0.914,0.004,0.003,0.004,0.006
ZFFDSP37,ZFFDSP,0.018,0.966,0.004,0.003,0.004,0.004
ZFFDSP38,ZFFDSP,0.011,0.972,0.004,0.003,0.004,0.007
ZFFDSP39,ZFFDSP,0.373,0.613,0.003,0.002,0.003,0.004
ZFFDSP40,ZFFDSP,0.33,0.653,0.004,0.003,0.004,0.006
ZFFDSP42,ZFFDSP,0.042,0.943,0.004,0.002,0.005,0.004
ZFFDSP43,ZFFDSP,0.027,0.958,0.003,0.002,0.004,0.005
ZFFDSP44,ZFFDSP,0.124,0.858,0.004,0.003,0.004,0.006
ZFFDSP45,ZFFDSP,0.022,0.96,0.004,0.003,0.005,0.006
ZFFDSP46,ZFFDSP,0.062,0.919,0.004,0.002,0.006,0.006
ZFFDSP47,ZFFDSP,0.425,0.559,0.004,0.003,0.004,0.004
ZFFDSP48,ZFFDSP,0.521,0.463,0.004,0.003,0.004,0.005
NA,NA,0,0,0,0,0,0
ZFI01,ZFI,0.006,0.004,0.008,0.018,0.008,0.956
ZFI02,ZFI,0.006,0.005,0.006,0.01,0.004,0.968
ZFI03,ZFI,0.005,0.004,0.006,0.005,0.005,0.975
ZFI04,ZFI,0.005,0.004,0.008,0.021,0.005,0.956
ZFI05,ZFI,0.01,0.005,0.01,0.006,0.005,0.966
ZFI06,ZFI,0.038,0.007,0.01,0.012,0.004,0.929
ZFI07,ZFI,0.005,0.004,0.006,0.006,0.006,0.973
ZFI08,ZFI,0.004,0.003,0.011,0.008,0.006,0.968
ZFI09,ZFI,0.005,0.004,0.009,0.008,0.004,0.97
ZFI10,ZFI,0.019,0.006,0.01,0.014,0.005,0.947
ZFI11,ZFI,0.005,0.003,0.007,0.019,0.005,0.961
ZFI12,ZFI,0.008,0.004,0.007,0.005,0.006,0.97
ZFI13,ZFI,0.006,0.004,0.006,0.005,0.006,0.973
ZFI14,ZFI,0.01,0.009,0.005,0.005,0.005,0.966
ZFI15,ZFI,0.004,0.003,0.005,0.004,0.004,0.979
ZFI16,ZFI,0.005,0.003,0.005,0.003,0.004,0.98
ZFI17,ZFI,0.007,0.003,0.009,0.009,0.004,0.968
ZFI18,ZFI,0.005,0.003,0.007,0.011,0.003,0.971
ZFI19,ZFI,0.005,0.003,0.007,0.005,0.004,0.977
ZFI20,ZFI,0.006,0.004,0.005,0.005,0.004,0.977
ZFI21,ZFI,0.019,0.01,0.005,0.004,0.005,0.957
ZFI22,ZFI,0.004,0.005,0.006,0.008,0.006,0.971
ZFI23,ZFI,0.006,0.003,0.006,0.005,0.004,0.976
ZFI24,ZFI,0.008,0.004,0.007,0.004,0.006,0.971
ZFI25,ZFI,0.005,0.005,0.007,0.005,0.006,0.973
ZFI26,ZFI,0.004,0.003,0.007,0.005,0.008,0.974
ZFI27,ZFI,0.017,0.004,0.011,0.006,0.006,0.955
ZFK01,ZFI,0.013,0.009,0.012,0.009,0.951,0.005
NA,NA,0,0,0,0,0,0
ZFK02,ZFK,0.011,0.01,0.018,0.008,0.946,0.007
ZFK03,ZFK,0.01,0.008,0.01,0.018,0.948,0.007
ZFK04,ZFK,0.008,0.007,0.013,0.055,0.902,0.014
ZFK05,ZFK,0.006,0.005,0.008,0.068,0.904,0.01
ZFK06,ZFK,0.007,0.006,0.035,0.015,0.919,0.019
ZFK07,ZFK,0.01,0.008,0.009,0.011,0.957,0.004
ZFK08,ZFK,0.008,0.01,0.061,0.102,0.804,0.015
ZFK10,ZFK,0.008,0.007,0.013,0.026,0.928,0.018
ZFK11,ZFK,0.007,0.006,0.017,0.028,0.935,0.007
ZFK12,ZFK,0.011,0.012,0.022,0.007,0.944,0.004
ZFK13,ZFK,0.017,0.04,0.012,0.016,0.911,0.004
ZFK14,ZFK,0.011,0.012,0.006,0.008,0.96,0.004
ZFK15,ZFK,0.019,0.027,0.014,0.051,0.882,0.007
ZFK16,ZFK,0.015,0.023,0.015,0.01,0.933,0.003
NA,NA,0,0,0,0,0,0
ZFLB01,ZFLB,0.008,0.008,0.005,0.969,0.004,0.006
ZFLB02,ZFLB,0.004,0.004,0.027,0.938,0.004,0.023
ZFLB03,ZFLB,0.031,0.006,0.038,0.906,0.006,0.011
ZFLB04,ZFLB,0.208,0.02,0.013,0.736,0.009,0.014
ZFLB05,ZFLB,0.012,0.004,0.006,0.968,0.003,0.007
ZFLB06,ZFLB,0.007,0.007,0.007,0.963,0.012,0.004
ZFLB07,ZFLB,0.182,0.031,0.083,0.663,0.036,0.006
ZFLB08,ZFLB,0.006,0.005,0.02,0.946,0.005,0.017
ZFLB09,ZFLB,0.006,0.006,0.007,0.966,0.009,0.006
ZFLB10,ZFLB,0.007,0.004,0.006,0.974,0.004,0.006
ZFLB11,ZFLB,0.008,0.009,0.009,0.954,0.017,0.003
ZFLB12,ZFLB,0.004,0.003,0.006,0.976,0.006,0.005
ZFLB13,ZFLB,0.017,0.011,0.033,0.915,0.017,0.007
NA,NA,0,0,0,0,0,0
ZFLTI01,ZFLTI,0.894,0.061,0.006,0.002,0.032,0.005
ZFLTI02,ZFLTI,0.929,0.018,0.005,0.002,0.04,0.006
ZFLTI03,ZFLTI,0.964,0.017,0.004,0.003,0.009,0.004
ZFLTI04,ZFLTI,0.963,0.013,0.006,0.003,0.01,0.006
ZFLTI05,ZFLTI,0.971,0.011,0.004,0.002,0.007,0.005
ZFLTI06,ZFLTI,0.936,0.049,0.003,0.003,0.005,0.005
ZFLTI07,ZFLTI,0.954,0.026,0.005,0.003,0.007,0.006
ZFLTI08,ZFLTI,0.968,0.009,0.005,0.003,0.006,0.008
ZFLTI09,ZFLTI,0.951,0.025,0.004,0.003,0.007,0.01
ZFLTI10,ZFLTI,0.923,0.049,0.005,0.003,0.012,0.009
ZFLTI11,ZFLTI,0.932,0.05,0.003,0.003,0.007,0.005
ZFLTI12,ZFLTI,0.939,0.033,0.004,0.002,0.017,0.006
ZFLTI13,ZFLTI,0.961,0.012,0.005,0.003,0.015,0.004
ZFLTI14,ZFLTI,0.939,0.012,0.004,0.002,0.035,0.007
NA,NA,0,0,0,0,0,0
ZFONF101,ZFONF1,0.007,0.981,0.003,0.003,0.002,0.003
ZFONF102,ZFONF1,0.005,0.978,0.004,0.006,0.003,0.004
ZFONF103,ZFONF1,0.152,0.819,0.008,0.004,0.013,0.005
ZFONF104,ZFONF1,0.007,0.982,0.002,0.002,0.004,0.003
ZFONF105,ZFONF1,0.013,0.973,0.004,0.003,0.005,0.003
ZFONF106,ZFONF1,0.006,0.979,0.003,0.002,0.004,0.007
ZFONF107,ZFONF1,0.037,0.876,0.019,0.03,0.015,0.023
ZFONF108,ZFONF1,0.04,0.923,0.007,0.007,0.016,0.007
ZFONF109,ZFONF1,0.026,0.946,0.005,0.004,0.012,0.007
ZFONF110,ZFONF1,0.011,0.977,0.003,0.002,0.005,0.003
ZFONF111,ZFONF1,0.017,0.934,0.017,0.012,0.008,0.012
ZFONF112,ZFONF1,0.01,0.976,0.003,0.003,0.005,0.004
ZFONF113,ZFONF1,0.02,0.959,0.006,0.005,0.007,0.003
ZFONF115,ZFONF1,0.01,0.97,0.004,0.003,0.007,0.006
ZFONF116,ZFONF1,0.01,0.97,0.005,0.004,0.006,0.006
ZFONF117,ZFONF1,0.477,0.501,0.005,0.004,0.008,0.004
