Ind,Pop,C1,C2,C3,C4,C5,C6,C7,C8,C9,C10,C11,C12,C13,C14,C15,C16,C17,C18,C19,C20,C21,C22
TMA-ZAIN-G-1,MBC,0.009,0.166,0.02,0.005,0.542,0.004,0.006,0.007,0.005,0.017,0.009,0.018,0.015,0.008,0.005,0.015,0.014,0.074,0.019,0.009,0.026,0.006
TMA-ZAIN-G-2,MBC,0.004,0.158,0.018,0.014,0.469,0.047,0.013,0.009,0.007,0.007,0.099,0.007,0.004,0.006,0.009,0.009,0.006,0.079,0.007,0.012,0.013,0.004
TMA-ZAIN-G-3,MBC,0.037,0.158,0.02,0.011,0.005,0.007,0.006,0.048,0.035,0.017,0.007,0.004,0.014,0.003,0.022,0.527,0.017,0.004,0.024,0.006,0.005,0.026
TMA-ZAIN-G-4,MBC,0.01,0.038,0.02,0.021,0.006,0.007,0.516,0.052,0.018,0.015,0.009,0.006,0.006,0.004,0.069,0.127,0.007,0.005,0.009,0.02,0.008,0.027
TMA-ZAIN-G-5,MBC,0.003,0.003,0.003,0.003,0.907,0.002,0.004,0.003,0.003,0.002,0.005,0.003,0.004,0.005,0.003,0.004,0.002,0.023,0.002,0.005,0.007,0.002
TMA-ZAIN-G-6,MBC,0.054,0.122,0.089,0.005,0.023,0.011,0.038,0.012,0.034,0.012,0.008,0.024,0.152,0.031,0.015,0.241,0.02,0.024,0.012,0.021,0.012,0.041
TMA-ZAIN-G-7,MBC,0.117,0.054,0.264,0.047,0.01,0.015,0.068,0.023,0.147,0.036,0.011,0.008,0.015,0.005,0.035,0.047,0.015,0.007,0.047,0.01,0.011,0.007
TMA-ZAIN-G-8,MBC,0.818,0.011,0.017,0.008,0.004,0.008,0.004,0.012,0.008,0.004,0.012,0.003,0.005,0.002,0.01,0.036,0.009,0.004,0.007,0.008,0.004,0.009
TMA-ZAIN-G-9,MBC,0.015,0.251,0.093,0.063,0.005,0.03,0.006,0.018,0.204,0.007,0.005,0.005,0.029,0.005,0.125,0.055,0.027,0.005,0.031,0.004,0.005,0.015
TMA-ZAIN-G-10,MBC,0.027,0.057,0.163,0.068,0.003,0.018,0.008,0.016,0.054,0.009,0.011,0.006,0.037,0.004,0.19,0.043,0.052,0.005,0.194,0.007,0.003,0.023
TMA-ZAIN-G-11,MBC,0.013,0.016,0.24,0.309,0.006,0.016,0.021,0.006,0.171,0.008,0.004,0.007,0.007,0.005,0.03,0.012,0.075,0.005,0.03,0.007,0.008,0.005
TMA-ZAIN-G-12,MBC,0.013,0.02,0.012,0.016,0.005,0.006,0.005,0.384,0.055,0.02,0.005,0.005,0.007,0.003,0.216,0.107,0.021,0.005,0.079,0.004,0.005,0.005
TMA-ZAIN-G-13,MBC,0.022,0.013,0.038,0.088,0.026,0.128,0.013,0.021,0.242,0.066,0.016,0.02,0.01,0.041,0.039,0.01,0.05,0.017,0.082,0.011,0.032,0.014
TMA-ZAIN-G-14,MBC,0.007,0.008,0.013,0.019,0.003,0.015,0.005,0.007,0.016,0.691,0.008,0.009,0.011,0.011,0.024,0.008,0.066,0.005,0.057,0.008,0.003,0.006
TMA-ZAIN-G-15,MBC,0.007,0.288,0.027,0.003,0.002,0.003,0.003,0.004,0.006,0.563,0.006,0.003,0.004,0.002,0.004,0.006,0.016,0.004,0.032,0.006,0.003,0.007
TMA-ZAIN-G-16,MBC,0.006,0.008,0.013,0.121,0.002,0.008,0.005,0.076,0.071,0.005,0.004,0.004,0.007,0.003,0.486,0.136,0.017,0.004,0.011,0.003,0.004,0.005
TMA-ZAIN-G-17,MBC,0.22,0.133,0.011,0.008,0.007,0.005,0.081,0.01,0.029,0.014,0.017,0.018,0.014,0.01,0.014,0.006,0.276,0.012,0.092,0.014,0.004,0.007
TMA-ZAIN-G-18,MBC,0.007,0.005,0.003,0.003,0.023,0.003,0.01,0.012,0.003,0.006,0.056,0.046,0.009,0.006,0.005,0.01,0.005,0.353,0.004,0.02,0.407,0.004
TMA-ZAIN-G-19,MBC,0.065,0.017,0.012,0.017,0.013,0.006,0.036,0.023,0.032,0.009,0.006,0.457,0.172,0.027,0.017,0.013,0.021,0.012,0.017,0.003,0.022,0.005
TMA-ZAIN-G-20,MBC,0.004,0.004,0.004,0.003,0.032,0.005,0.006,0.003,0.003,0.004,0.029,0.683,0.007,0.06,0.004,0.005,0.003,0.055,0.003,0.034,0.044,0.005
TMA-ZAIN-G-21,MBC,0.004,0.004,0.008,0.003,0.003,0.003,0.004,0.003,0.005,0.002,0.004,0.004,0.005,0.914,0.005,0.004,0.005,0.004,0.005,0.005,0.002,0.005
TMA-ZAIN-G-22,MBC,0.003,0.003,0.003,0.003,0.04,0.003,0.009,0.002,0.003,0.004,0.008,0.014,0.011,0.776,0.003,0.004,0.003,0.014,0.003,0.006,0.084,0.002
TMA-ZAIN-G-23,MBC,0.011,0.004,0.006,0.009,0.013,0.006,0.012,0.007,0.009,0.007,0.005,0.04,0.024,0.717,0.007,0.006,0.009,0.052,0.006,0.004,0.043,0.004
TMA-ZAIN-G-24,MBC,0.002,0.005,0.01,0.007,0.006,0.193,0.003,0.007,0.006,0.013,0.006,0.003,0.003,0.61,0.006,0.005,0.01,0.005,0.021,0.006,0.007,0.067
TMA-ZAIN-G-25,MBC,0.003,0.367,0.039,0.003,0.17,0.006,0.003,0.003,0.003,0.002,0.005,0.271,0.008,0.024,0.004,0.003,0.003,0.059,0.003,0.004,0.013,0.003
TMA-ZAIN-G-26,MBC,0.009,0.3,0.069,0.014,0.005,0.016,0.009,0.006,0.013,0.009,0.394,0.006,0.003,0.02,0.014,0.005,0.011,0.006,0.017,0.066,0.004,0.007
TMA-ZAIN-G-27,MBC,0.01,0.011,0.024,0.008,0.089,0.004,0.019,0.003,0.006,0.058,0.013,0.045,0.163,0.015,0.01,0.006,0.01,0.382,0.084,0.012,0.017,0.009
TMA-ZAIN-G-28,MBC,0.008,0.006,0.005,0.004,0.005,0.003,0.004,0.004,0.005,0.007,0.004,0.009,0.891,0.003,0.004,0.004,0.004,0.004,0.006,0.004,0.012,0.004
TMA-ZAIN-G-29,MBC,0.004,0.004,0.005,0.004,0.003,0.006,0.003,0.004,0.004,0.005,0.013,0.219,0.006,0.004,0.004,0.004,0.005,0.005,0.005,0.017,0.004,0.674
TMA-ZAIN-G-30,MBC,0.009,0.015,0.023,0.019,0.003,0.055,0.007,0.037,0.04,0.032,0.006,0.017,0.446,0.004,0.047,0.023,0.086,0.005,0.097,0.005,0.004,0.02
TMA-ZAIN-G-31,MBC,0.006,0.005,0.007,0.006,0.718,0.008,0.017,0.004,0.004,0.006,0.046,0.009,0.005,0.01,0.005,0.005,0.003,0.048,0.004,0.055,0.024,0.005
TMA-ZAIN-G-32,MBC,0.004,0.255,0.014,0.01,0.015,0.006,0.004,0.026,0.008,0.005,0.005,0.013,0.004,0.019,0.015,0.029,0.014,0.026,0.01,0.004,0.51,0.003
TMA-ZAIN-G-33,MBC,0.017,0.68,0.098,0.013,0.003,0.006,0.003,0.042,0.021,0.005,0.005,0.003,0.007,0.003,0.017,0.017,0.011,0.004,0.027,0.003,0.005,0.01
TMA-ZAIN-G-34,MBC,0.005,0.249,0.017,0.01,0.022,0.007,0.004,0.018,0.012,0.004,0.008,0.008,0.004,0.017,0.027,0.523,0.011,0.013,0.006,0.003,0.031,0.004
TMA-ZAIN-G-35,MBC,0.006,0.417,0.015,0.006,0.003,0.006,0.005,0.007,0.006,0.006,0.005,0.004,0.007,0.003,0.01,0.45,0.009,0.003,0.005,0.005,0.007,0.013
TMA-ZAIN-G-36,MBC,0.028,0.357,0.052,0.024,0.004,0.146,0.007,0.01,0.062,0.068,0.018,0.004,0.006,0.002,0.023,0.012,0.049,0.004,0.093,0.013,0.005,0.015
TMA-ZAIN-G-37,MBC,0.009,0.748,0.131,0.004,0.004,0.005,0.014,0.006,0.007,0.004,0.004,0.003,0.008,0.004,0.008,0.009,0.004,0.004,0.006,0.007,0.004,0.006
TMA-ZAIN-G-38,MBC,0.005,0.361,0.029,0.008,0.406,0.008,0.01,0.008,0.006,0.01,0.009,0.027,0.004,0.015,0.007,0.015,0.006,0.024,0.012,0.006,0.02,0.005
TMA-ZAIN-G-39,MBC,0.013,0.071,0.084,0.024,0.003,0.349,0.009,0.04,0.079,0.003,0.011,0.004,0.01,0.006,0.11,0.078,0.027,0.004,0.055,0.008,0.003,0.01
TMA-ZAIN-G-40,MBC,0.008,0.373,0.08,0.018,0.003,0.066,0.013,0.03,0.061,0.003,0.005,0.004,0.004,0.005,0.026,0.021,0.051,0.003,0.212,0.005,0.002,0.005
TMA-ZAIN-G-41,MBC,0.024,0.152,0.016,0.007,0.003,0.074,0.003,0.022,0.01,0.019,0.007,0.003,0.004,0.003,0.014,0.006,0.487,0.004,0.129,0.004,0.003,0.005
TMA-ZAIN-G-42,MBC,0.097,0.045,0.006,0.005,0.003,0.011,0.005,0.011,0.013,0.138,0.021,0.003,0.003,0.002,0.006,0.006,0.342,0.004,0.251,0.013,0.003,0.011
TMA-ZAIN-G-43,MBC,0.022,0.004,0.004,0.006,0.003,0.005,0.004,0.003,0.005,0.875,0.004,0.004,0.003,0.002,0.005,0.005,0.015,0.002,0.007,0.005,0.003,0.013
TMA-ZAIN-G-44,MBC,0.007,0.008,0.062,0.067,0.006,0.025,0.008,0.007,0.014,0.004,0.004,0.017,0.003,0.708,0.02,0.008,0.006,0.004,0.009,0.004,0.005,0.005
TMA-ZAIN-G-45,MBC,0.015,0.026,0.142,0.091,0.006,0.01,0.012,0.05,0.06,0.016,0.011,0.007,0.008,0.006,0.263,0.074,0.096,0.01,0.079,0.008,0.004,0.005
TMA-ZAIN-G-46,MBC,0.003,0.003,0.006,0.006,0.003,0.006,0.011,0.002,0.004,0.005,0.005,0.007,0.003,0.91,0.004,0.002,0.003,0.003,0.004,0.005,0.003,0.003
TMA-ZAIN-G-47,MBC,0.006,0.007,0.004,0.003,0.003,0.003,0.012,0.008,0.005,0.003,0.347,0.004,0.004,0.003,0.007,0.014,0.003,0.004,0.004,0.542,0.008,0.006
TMA-ZAIN-G-48,MBC,0.071,0.019,0.081,0.037,0.005,0.011,0.093,0.008,0.089,0.035,0.069,0.009,0.046,0.017,0.065,0.018,0.076,0.01,0.053,0.168,0.007,0.013
TMA-ZAIN-G-49,MBC,0.008,0.011,0.01,0.007,0.005,0.004,0.019,0.028,0.01,0.004,0.005,0.702,0.013,0.005,0.035,0.035,0.007,0.011,0.008,0.007,0.025,0.041
TMA-ZAIN-G-50,MBC,0.012,0.01,0.006,0.005,0.022,0.023,0.005,0.008,0.016,0.008,0.003,0.701,0.033,0.005,0.006,0.004,0.037,0.013,0.072,0.003,0.004,0.003
TMA-ZAIN-G-51,MBC,0.009,0.008,0.011,0.012,0.007,0.007,0.015,0.003,0.009,0.051,0.03,0.722,0.02,0.006,0.01,0.008,0.017,0.007,0.023,0.01,0.008,0.007
TMA-ZAIN-G-52,MBC,0.008,0.007,0.007,0.007,0.006,0.005,0.147,0.012,0.012,0.014,0.037,0.599,0.056,0.008,0.009,0.007,0.008,0.006,0.008,0.028,0.007,0.003
TMA-ZAIN-G-53,MBC,0.01,0.005,0.013,0.026,0.294,0.019,0.045,0.003,0.008,0.043,0.103,0.291,0.011,0.008,0.009,0.005,0.008,0.028,0.014,0.039,0.012,0.005
TMA-ZAIN-G-54,MBC,0.007,0.004,0.004,0.005,0.004,0.004,0.004,0.005,0.005,0.008,0.785,0.005,0.007,0.004,0.005,0.004,0.007,0.006,0.006,0.112,0.005,0.004
TMA-ZAIN-G-55,MBC,0.008,0.003,0.003,0.003,0.003,0.003,0.004,0.005,0.008,0.009,0.81,0.009,0.01,0.006,0.007,0.004,0.018,0.008,0.007,0.064,0.005,0.003
TMA-ZAIN-G-56,MBC,0.029,0.033,0.028,0.016,0.008,0.015,0.268,0.009,0.04,0.015,0.171,0.021,0.065,0.006,0.042,0.02,0.053,0.008,0.118,0.015,0.004,0.016
TMA-ZAIN-G-57,MBC,0.005,0.016,0.008,0.009,0.008,0.008,0.008,0.028,0.007,0.005,0.184,0.017,0.005,0.003,0.009,0.027,0.004,0.007,0.007,0.623,0.006,0.006
TMA-ZAIN-G-58,MBC,0.032,0.01,0.01,0.004,0.012,0.003,0.017,0.012,0.011,0.01,0.021,0.069,0.055,0.06,0.009,0.007,0.011,0.532,0.02,0.02,0.069,0.005
TMA-ZAIN-G-59,MBC,0.027,0.021,0.129,0.029,0.454,0.011,0.023,0.011,0.035,0.008,0.019,0.01,0.019,0.02,0.029,0.015,0.012,0.049,0.029,0.013,0.029,0.01
TMA-ZAIN-G-60,MBC,0.016,0.013,0.02,0.015,0.219,0.005,0.026,0.005,0.008,0.114,0.015,0.078,0.08,0.009,0.009,0.007,0.009,0.151,0.038,0.015,0.142,0.006
TMA-ZAIN-G-61,MBC,0.004,0.005,0.006,0.003,0.839,0.003,0.03,0.003,0.004,0.004,0.007,0.008,0.006,0.018,0.004,0.005,0.003,0.015,0.003,0.015,0.013,0.003
TMA-ZAIN-G-62,MBC,0.006,0.022,0.017,0.01,0.656,0.011,0.003,0.012,0.016,0.004,0.011,0.014,0.032,0.012,0.037,0.027,0.02,0.055,0.016,0.008,0.008,0.004
TMA-ZAIN-G-63,MBC,0.011,0.006,0.006,0.006,0.562,0.003,0.021,0.012,0.007,0.011,0.029,0.016,0.009,0.009,0.009,0.007,0.009,0.13,0.011,0.013,0.113,0.003
TMA-ZAIN-G-64,MBC,0.004,0.004,0.006,0.009,0.002,0.009,0.004,0.004,0.008,0.005,0.003,0.002,0.004,0.002,0.006,0.005,0.005,0.002,0.005,0.003,0.002,0.905
TMA-ZAIN-G-65,MBC,0.01,0.024,0.008,0.006,0.003,0.005,0.006,0.017,0.009,0.008,0.008,0.003,0.007,0.002,0.013,0.136,0.006,0.003,0.008,0.011,0.004,0.703
TMA-ZAIN-G-66,MBC,0.006,0.012,0.023,0.044,0.003,0.013,0.004,0.009,0.024,0.005,0.004,0.003,0.005,0.003,0.029,0.018,0.008,0.003,0.01,0.004,0.003,0.768
TMA-ZAIN-G-67,MBC,0.007,0.015,0.024,0.036,0.004,0.075,0.004,0.012,0.03,0.003,0.006,0.01,0.014,0.013,0.089,0.038,0.012,0.009,0.011,0.005,0.003,0.579
TMA-ZAIN-G-68,MBC,0.009,0.004,0.005,0.004,0.002,0.004,0.004,0.004,0.005,0.005,0.003,0.002,0.004,0.002,0.005,0.006,0.005,0.002,0.005,0.006,0.003,0.911
TMA-ZAIN-G-69,MBC,0.007,0.01,0.018,0.021,0.009,0.031,0.017,0.021,0.012,0.013,0.004,0.019,0.007,0.02,0.058,0.049,0.005,0.009,0.005,0.01,0.023,0.634
TMA-ZAIN-G-70,MBC,0.004,0.006,0.013,0.037,0.003,0.828,0.004,0.008,0.018,0.005,0.003,0.004,0.005,0.004,0.019,0.008,0.008,0.003,0.006,0.003,0.003,0.01
TMA-ZAIN-G-71,MBC,0.005,0.011,0.012,0.05,0.003,0.806,0.004,0.013,0.008,0.003,0.004,0.004,0.004,0.003,0.033,0.01,0.008,0.003,0.006,0.003,0.003,0.005
TMA-ZAIN-G-72,MBC,0.005,0.007,0.007,0.007,0.003,0.846,0.004,0.006,0.014,0.006,0.006,0.004,0.009,0.003,0.016,0.013,0.01,0.004,0.009,0.007,0.003,0.012
TMA-ZAIN-G-73,MBC,0.006,0.014,0.006,0.006,0.013,0.773,0.004,0.008,0.007,0.003,0.038,0.011,0.007,0.016,0.015,0.013,0.005,0.027,0.005,0.005,0.011,0.006
TMA-ZAIN-G-74,MBC,0.005,0.01,0.007,0.007,0.004,0.869,0.003,0.01,0.008,0.003,0.005,0.006,0.004,0.005,0.011,0.013,0.008,0.007,0.004,0.004,0.004,0.004
TMA-ZAIN-G-75,MBC,0.006,0.008,0.005,0.008,0.004,0.87,0.004,0.008,0.006,0.004,0.009,0.004,0.005,0.003,0.012,0.014,0.005,0.004,0.004,0.006,0.004,0.005
TMA-ZAIN-G-76,MBC,0.004,0.006,0.009,0.044,0.004,0.823,0.003,0.008,0.007,0.003,0.004,0.009,0.004,0.014,0.021,0.011,0.005,0.006,0.004,0.003,0.003,0.004
TMA-ZAIN-G-77,MBC,0.004,0.006,0.006,0.007,0.003,0.877,0.008,0.004,0.012,0.005,0.004,0.006,0.006,0.004,0.011,0.006,0.009,0.003,0.008,0.004,0.003,0.005
TMA-ZAIN-G-78,MBC,0.006,0.007,0.006,0.021,0.005,0.798,0.01,0.006,0.023,0.005,0.008,0.012,0.007,0.01,0.029,0.015,0.005,0.006,0.004,0.006,0.005,0.005
TMA-ZAIN-G-79,MBC,0.005,0.006,0.006,0.022,0.003,0.716,0.027,0.005,0.081,0.007,0.005,0.008,0.006,0.007,0.061,0.006,0.008,0.003,0.006,0.004,0.004,0.004
TMA-ZAIN-G-80,MBC,0.009,0.021,0.02,0.026,0.003,0.48,0.007,0.073,0.072,0.005,0.017,0.004,0.007,0.005,0.122,0.054,0.019,0.004,0.02,0.009,0.003,0.02
TMA-ZAIN-G-81,MBC,0.01,0.041,0.021,0.183,0.004,0.463,0.033,0.01,0.028,0.007,0.007,0.009,0.011,0.008,0.107,0.017,0.012,0.004,0.012,0.005,0.004,0.005
TMA-ZAIN-G-82,MBC,0.011,0.055,0.022,0.221,0.003,0.025,0.006,0.024,0.01,0.005,0.01,0.004,0.006,0.002,0.083,0.363,0.005,0.004,0.008,0.01,0.005,0.115
TMA-ZAIN-G-83,MBC,0.018,0.131,0.031,0.009,0.025,0.009,0.004,0.061,0.035,0.004,0.014,0.008,0.01,0.018,0.055,0.48,0.006,0.016,0.014,0.005,0.027,0.019
TMA-ZAIN-G-84,MBC,0.007,0.025,0.013,0.201,0.004,0.464,0.011,0.011,0.033,0.005,0.004,0.013,0.007,0.026,0.125,0.011,0.011,0.005,0.011,0.004,0.003,0.005
TMA-ZAIN-G-85,MBC,0.004,0.003,0.004,0.003,0.004,0.003,0.927,0.003,0.004,0.003,0.003,0.004,0.004,0.003,0.004,0.003,0.003,0.003,0.003,0.004,0.004,0.003
TMA-ZAIN-G-86,MBC,0.01,0.011,0.018,0.011,0.004,0.005,0.838,0.009,0.011,0.003,0.005,0.004,0.006,0.006,0.013,0.01,0.009,0.003,0.011,0.005,0.003,0.005
TMA-ZAIN-G-87,MBC,0.003,0.003,0.003,0.004,0.004,0.003,0.931,0.003,0.003,0.003,0.003,0.004,0.004,0.004,0.003,0.003,0.003,0.003,0.003,0.003,0.005,0.002
TMA-ZAIN-G-88,MBC,0.009,0.029,0.014,0.032,0.184,0.015,0.211,0.046,0.047,0.018,0.03,0.007,0.011,0.011,0.064,0.1,0.006,0.018,0.01,0.097,0.019,0.022
TMA-ZAIN-G-89,MBC,0.006,0.016,0.013,0.051,0.031,0.023,0.183,0.019,0.037,0.031,0.145,0.007,0.004,0.026,0.025,0.02,0.007,0.007,0.014,0.311,0.012,0.012
TMA-ZAIN-G-90,MBC,0.006,0.01,0.007,0.003,0.004,0.003,0.777,0.015,0.005,0.004,0.009,0.006,0.007,0.004,0.015,0.03,0.004,0.007,0.005,0.043,0.026,0.011
TMA-ZAIN-G-91,MBC,0.014,0.011,0.022,0.019,0.092,0.007,0.623,0.006,0.009,0.013,0.021,0.006,0.023,0.006,0.011,0.01,0.006,0.019,0.011,0.054,0.006,0.01
TMA-ZAIN-G-92,MBC,0.007,0.007,0.012,0.01,0.007,0.008,0.356,0.004,0.008,0.01,0.045,0.027,0.034,0.029,0.012,0.008,0.008,0.011,0.009,0.367,0.014,0.005
TMA-ZAIN-G-93,MBC,0.006,0.005,0.008,0.007,0.048,0.005,0.062,0.003,0.006,0.018,0.027,0.015,0.139,0.01,0.007,0.005,0.006,0.019,0.006,0.585,0.008,0.005
TMA-ZAIN-G-94,MBC,0.004,0.004,0.006,0.006,0.137,0.004,0.61,0.003,0.004,0.008,0.025,0.009,0.021,0.009,0.004,0.005,0.003,0.021,0.004,0.087,0.021,0.004
TMA-ZAIN-G-95,MBC,0.004,0.003,0.006,0.004,0.004,0.012,0.004,0.006,0.007,0.015,0.004,0.018,0.834,0.005,0.005,0.003,0.022,0.006,0.013,0.004,0.014,0.007
TMA-ZAIN-G-96,MBC,0.005,0.043,0.007,0.003,0.008,0.003,0.008,0.006,0.004,0.017,0.005,0.067,0.641,0.008,0.005,0.004,0.027,0.018,0.104,0.004,0.007,0.003
TMA-ZAIN-G-97,MBC,0.007,0.006,0.008,0.011,0.503,0.024,0.007,0.003,0.004,0.007,0.012,0.025,0.005,0.006,0.005,0.004,0.003,0.064,0.005,0.014,0.27,0.007
TMA-ZAIN-G-98,MBC,0.012,0.005,0.01,0.008,0.639,0.043,0.006,0.003,0.004,0.005,0.012,0.004,0.003,0.004,0.005,0.004,0.003,0.008,0.004,0.012,0.204,0.004
TMA-ZAIN-G-99,MBC,0.015,0.01,0.145,0.041,0.552,0.011,0.004,0.009,0.072,0.005,0.004,0.005,0.005,0.008,0.011,0.018,0.023,0.01,0.006,0.005,0.032,0.007
TMA-ZAIN-G-101,MBC,0.004,0.005,0.007,0.005,0.677,0.005,0.02,0.003,0.003,0.005,0.012,0.033,0.007,0.01,0.003,0.003,0.002,0.156,0.004,0.018,0.013,0.006
TMA-ZAIN-G-102,MBC,0.005,0.004,0.024,0.034,0.448,0.005,0.003,0.006,0.018,0.004,0.014,0.013,0.006,0.005,0.004,0.005,0.003,0.338,0.005,0.006,0.047,0.004
TMA-ZAIN-G-103,MBC,0.007,0.005,0.012,0.006,0.014,0.013,0.046,0.015,0.012,0.013,0.005,0.032,0.01,0.08,0.011,0.007,0.034,0.065,0.018,0.007,0.577,0.009
TMA-ZAIN-G-104,MBC,0.009,0.006,0.007,0.009,0.011,0.007,0.036,0.01,0.009,0.005,0.005,0.025,0.01,0.014,0.011,0.01,0.008,0.013,0.006,0.004,0.782,0.005
TMA-ZAIN-G-105,MBC,0.003,0.003,0.002,0.003,0.005,0.003,0.003,0.003,0.003,0.003,0.003,0.005,0.003,0.005,0.003,0.003,0.002,0.004,0.003,0.003,0.932,0.002
TMA-ZAIN-G-106,MBC,0.01,0.007,0.007,0.011,0.009,0.006,0.049,0.011,0.009,0.005,0.006,0.011,0.011,0.007,0.012,0.011,0.008,0.008,0.006,0.004,0.787,0.005
TMA-ZAIN-G-107,MBC,0.021,0.021,0.06,0.028,0.003,0.044,0.007,0.035,0.054,0.046,0.005,0.004,0.006,0.003,0.027,0.014,0.08,0.003,0.498,0.005,0.004,0.031
TMA-ZAIN-G-108,MBC,0.015,0.027,0.152,0.028,0.004,0.094,0.006,0.269,0.181,0.01,0.008,0.005,0.006,0.002,0.074,0.045,0.014,0.005,0.032,0.007,0.005,0.013
TMA-ZAIN-G-109,MBC,0.008,0.508,0.08,0.023,0.136,0.008,0.033,0.007,0.007,0.014,0.02,0.027,0.005,0.026,0.011,0.012,0.006,0.026,0.015,0.006,0.017,0.004
TMA-ZAIN-G-110,MBC,0.037,0.035,0.015,0.011,0.159,0.006,0.012,0.137,0.063,0.024,0.101,0.007,0.025,0.005,0.023,0.063,0.048,0.102,0.02,0.026,0.013,0.068
TMA-ZAIN-G-111,MBC,0.037,0.044,0.122,0.029,0.049,0.015,0.017,0.04,0.146,0.013,0.012,0.074,0.025,0.09,0.064,0.036,0.049,0.035,0.046,0.016,0.036,0.006
TMA-ZAIN-G-112,MBC,0.006,0.029,0.007,0.012,0.104,0.016,0.007,0.067,0.014,0.003,0.024,0.057,0.012,0.111,0.065,0.168,0.008,0.187,0.005,0.01,0.08,0.007
TMA-ZAIN-G-113,MBC,0.024,0.018,0.022,0.075,0.062,0.011,0.011,0.043,0.032,0.025,0.063,0.034,0.023,0.024,0.042,0.051,0.113,0.103,0.032,0.01,0.165,0.019
TMA-ZAIN-G-114,MBC,0.006,0.008,0.01,0.015,0.765,0.014,0.006,0.009,0.006,0.005,0.037,0.004,0.003,0.008,0.009,0.012,0.003,0.04,0.006,0.015,0.011,0.007
TMA-ZAIN-G-115,MBC,0.002,0.003,0.003,0.003,0.921,0.003,0.006,0.003,0.003,0.002,0.004,0.004,0.003,0.008,0.003,0.003,0.002,0.01,0.002,0.004,0.005,0.002
TMA-ZAIN-G-116,MBC,0.003,0.004,0.003,0.003,0.885,0.003,0.003,0.005,0.003,0.003,0.006,0.004,0.004,0.005,0.003,0.006,0.003,0.038,0.003,0.004,0.007,0.003
TMA-ZAIN-G-117,MBC,0.006,0.147,0.007,0.005,0.003,0.006,0.004,0.04,0.006,0.004,0.005,0.003,0.004,0.002,0.014,0.719,0.004,0.003,0.004,0.005,0.004,0.005
TMA-ZAIN-G-118,MBC,0.028,0.135,0.026,0.024,0.004,0.024,0.018,0.011,0.015,0.026,0.024,0.005,0.015,0.003,0.026,0.488,0.014,0.005,0.022,0.017,0.005,0.067
TMA-ZAIN-G-119,MBC,0.006,0.137,0.006,0.006,0.004,0.005,0.004,0.109,0.006,0.008,0.005,0.003,0.006,0.003,0.011,0.65,0.007,0.004,0.005,0.005,0.004,0.007
TMA-ZAIN-G-120,MBC,0.006,0.13,0.007,0.005,0.009,0.015,0.003,0.047,0.008,0.003,0.005,0.012,0.008,0.012,0.019,0.659,0.005,0.013,0.005,0.005,0.008,0.011
TMA-ZAIN-G-121,MBC,0.008,0.15,0.006,0.008,0.004,0.008,0.008,0.051,0.008,0.014,0.005,0.005,0.007,0.003,0.013,0.668,0.007,0.004,0.005,0.005,0.006,0.007
TMA-ZAIN-G-122,MBC,0.009,0.164,0.01,0.005,0.003,0.005,0.005,0.008,0.008,0.005,0.006,0.003,0.009,0.002,0.007,0.707,0.008,0.003,0.007,0.005,0.004,0.016
TMA-ZAIN-G-123,MBC,0.034,0.548,0.19,0.007,0.003,0.007,0.034,0.009,0.018,0.007,0.004,0.004,0.026,0.005,0.015,0.015,0.008,0.004,0.038,0.009,0.004,0.012
TMA-ZAIN-G-124,MBC,0.005,0.006,0.005,0.005,0.851,0.005,0.011,0.004,0.005,0.012,0.006,0.012,0.007,0.006,0.005,0.007,0.004,0.009,0.006,0.005,0.019,0.004
TMA-ZAIN-G-125,MBC,0.873,0.006,0.008,0.005,0.004,0.004,0.006,0.007,0.012,0.006,0.004,0.004,0.006,0.003,0.006,0.006,0.018,0.004,0.01,0.003,0.004,0.003
TMA-ZAIN-G-126,MBC,0.846,0.005,0.006,0.005,0.002,0.005,0.005,0.005,0.005,0.009,0.029,0.003,0.004,0.002,0.007,0.005,0.01,0.004,0.006,0.024,0.002,0.013
TMA-ZAIN-G-127,MBC,0.861,0.005,0.005,0.007,0.003,0.003,0.006,0.012,0.012,0.015,0.007,0.003,0.004,0.002,0.006,0.005,0.018,0.004,0.009,0.005,0.004,0.004
TMA-ZAIN-G-128,MBC,0.842,0.007,0.009,0.01,0.003,0.003,0.005,0.01,0.017,0.006,0.003,0.003,0.004,0.003,0.009,0.006,0.027,0.003,0.019,0.003,0.003,0.005
TMA-ZAIN-G-129,MBC,0.846,0.015,0.016,0.007,0.003,0.004,0.005,0.007,0.008,0.005,0.004,0.003,0.011,0.003,0.007,0.01,0.01,0.003,0.014,0.005,0.003,0.011
TMA-ZAIN-G-130,MBC,0.872,0.007,0.01,0.004,0.004,0.004,0.005,0.005,0.02,0.007,0.004,0.004,0.005,0.003,0.005,0.008,0.009,0.003,0.007,0.004,0.004,0.004
TMA-ZAIN-G-131,MBC,0.873,0.006,0.003,0.004,0.004,0.004,0.005,0.009,0.007,0.013,0.016,0.003,0.004,0.002,0.004,0.008,0.006,0.004,0.005,0.011,0.004,0.004
TMA-ZAIN-G-132,MBC,0.882,0.006,0.006,0.005,0.003,0.004,0.007,0.006,0.01,0.007,0.004,0.004,0.007,0.003,0.006,0.005,0.013,0.003,0.011,0.003,0.004,0.003
TMA-ZAIN-G-133,MBC,0.8,0.016,0.019,0.009,0.003,0.005,0.005,0.008,0.008,0.007,0.015,0.003,0.009,0.002,0.01,0.015,0.012,0.003,0.022,0.011,0.003,0.016
TMA-ZAIN-G-134,MBC,0.021,0.015,0.009,0.008,0.003,0.021,0.021,0.015,0.477,0.082,0.022,0.01,0.017,0.007,0.029,0.015,0.124,0.004,0.024,0.013,0.003,0.062
TMA-ZAIN-G-135,MBC,0.094,0.011,0.007,0.005,0.003,0.017,0.019,0.03,0.565,0.112,0.016,0.005,0.005,0.004,0.02,0.005,0.012,0.003,0.023,0.016,0.003,0.025
TMA-ZAIN-G-136,MBC,0.01,0.007,0.009,0.009,0.003,0.008,0.006,0.028,0.827,0.005,0.004,0.003,0.003,0.003,0.04,0.006,0.006,0.003,0.007,0.004,0.003,0.007
TMA-ZAIN-G-137,MBC,0.014,0.015,0.054,0.007,0.004,0.015,0.005,0.016,0.48,0.005,0.006,0.003,0.009,0.005,0.055,0.022,0.012,0.005,0.008,0.019,0.003,0.239
TMA-ZAIN-G-138,MBC,0.013,0.015,0.009,0.012,0.005,0.013,0.017,0.535,0.286,0.005,0.006,0.006,0.004,0.007,0.023,0.013,0.008,0.003,0.009,0.004,0.003,0.004
TMA-ZAIN-G-139,MBC,0.103,0.014,0.025,0.019,0.004,0.008,0.003,0.066,0.589,0.011,0.012,0.002,0.004,0.002,0.059,0.024,0.015,0.003,0.017,0.01,0.003,0.009
TMA-ZAIN-G-140,MBC,0.066,0.018,0.014,0.011,0.005,0.018,0.005,0.082,0.585,0.007,0.032,0.003,0.004,0.003,0.06,0.034,0.008,0.004,0.011,0.021,0.003,0.008
TMA-ZAIN-G-141,MBC,0.017,0.027,0.047,0.114,0.004,0.012,0.004,0.054,0.249,0.006,0.004,0.004,0.014,0.004,0.295,0.056,0.022,0.004,0.05,0.004,0.004,0.008
TMA-ZAIN-G-142,MBC,0.04,0.021,0.039,0.496,0.006,0.017,0.009,0.028,0.121,0.021,0.006,0.005,0.008,0.002,0.09,0.023,0.01,0.004,0.036,0.005,0.007,0.006
TMA-ZAIN-G-143,MBC,0.012,0.019,0.072,0.308,0.003,0.011,0.005,0.047,0.08,0.006,0.005,0.003,0.008,0.003,0.273,0.075,0.015,0.003,0.033,0.004,0.004,0.012
TMA-ZAIN-G-144,MBC,0.044,0.065,0.08,0.04,0.003,0.01,0.006,0.046,0.363,0.007,0.005,0.004,0.012,0.003,0.078,0.04,0.014,0.003,0.155,0.005,0.004,0.011
TMA-ZAIN-G-145,MBC,0.044,0.02,0.029,0.008,0.003,0.006,0.01,0.123,0.309,0.009,0.018,0.008,0.022,0.006,0.209,0.05,0.049,0.007,0.045,0.016,0.004,0.006
TMA-ZAIN-G-146,MBC,0.024,0.031,0.081,0.042,0.003,0.031,0.005,0.304,0.027,0.005,0.023,0.002,0.006,0.002,0.061,0.059,0.011,0.004,0.039,0.012,0.003,0.226
TMA-ZAIN-G-147,MBC,0.003,0.004,0.07,0.831,0.003,0.007,0.003,0.005,0.018,0.004,0.003,0.003,0.003,0.002,0.016,0.005,0.004,0.003,0.004,0.003,0.003,0.004
TMA-ZAIN-G-148,MBC,0.006,0.007,0.272,0.55,0.003,0.009,0.004,0.008,0.062,0.004,0.004,0.003,0.005,0.003,0.016,0.009,0.007,0.003,0.009,0.004,0.003,0.01
TMA-ZAIN-G-149,MBC,0.019,0.004,0.104,0.619,0.002,0.007,0.004,0.005,0.073,0.042,0.032,0.003,0.003,0.002,0.014,0.005,0.016,0.003,0.024,0.012,0.003,0.004
TMA-ZAIN-G-150,MBC,0.03,0.016,0.156,0.195,0.012,0.011,0.019,0.01,0.342,0.018,0.036,0.006,0.011,0.008,0.018,0.009,0.015,0.007,0.034,0.023,0.018,0.005
TMA-ZAIN-G-151,MBC,0.013,0.02,0.198,0.04,0.008,0.019,0.009,0.024,0.361,0.009,0.02,0.005,0.011,0.007,0.03,0.044,0.007,0.007,0.02,0.045,0.032,0.071
TMA-ZAIN-G-152,MBC,0.005,0.052,0.008,0.006,0.003,0.005,0.003,0.604,0.007,0.012,0.004,0.003,0.004,0.002,0.032,0.06,0.039,0.004,0.134,0.004,0.003,0.007
TMA-ZAIN-G-153,MBC,0.006,0.022,0.008,0.011,0.005,0.004,0.003,0.599,0.007,0.015,0.004,0.003,0.004,0.002,0.077,0.178,0.011,0.004,0.025,0.004,0.003,0.005
TMA-ZAIN-G-154,MBC,0.029,0.013,0.017,0.017,0.003,0.016,0.004,0.388,0.116,0.024,0.013,0.003,0.004,0.002,0.118,0.063,0.058,0.003,0.083,0.01,0.005,0.013
TMA-ZAIN-G-155,MBC,0.007,0.006,0.005,0.01,0.002,0.004,0.004,0.858,0.006,0.004,0.004,0.002,0.003,0.002,0.024,0.036,0.006,0.003,0.006,0.003,0.004,0.004
TMA-ZAIN-G-156,MBC,0.01,0.006,0.011,0.011,0.004,0.006,0.006,0.771,0.094,0.007,0.003,0.004,0.005,0.003,0.013,0.014,0.008,0.003,0.01,0.003,0.005,0.005
TMA-ZAIN-G-157,MBC,0.018,0.013,0.006,0.014,0.006,0.004,0.003,0.616,0.022,0.066,0.014,0.004,0.003,0.002,0.059,0.038,0.033,0.005,0.059,0.007,0.005,0.003
TMA-ZAIN-G-158,MBC,0.015,0.009,0.011,0.042,0.004,0.007,0.005,0.341,0.206,0.091,0.006,0.004,0.004,0.003,0.08,0.029,0.034,0.004,0.086,0.005,0.006,0.007
TMA-ZAIN-G-159,MBC,0.008,0.008,0.011,0.032,0.003,0.012,0.004,0.209,0.025,0.004,0.006,0.005,0.005,0.003,0.454,0.173,0.014,0.005,0.008,0.004,0.003,0.005
TMA-ZAIN-G-160,MBC,0.012,0.008,0.028,0.205,0.004,0.112,0.003,0.393,0.075,0.004,0.006,0.003,0.003,0.002,0.063,0.037,0.006,0.004,0.007,0.004,0.004,0.015
TMA-ZAIN-G-161,MBC,0.006,0.041,0.022,0.064,0.004,0.126,0.004,0.316,0.032,0.003,0.008,0.002,0.003,0.002,0.053,0.268,0.005,0.005,0.004,0.006,0.004,0.022
TMA-ZAIN-G-162,MBC,0.063,0.019,0.038,0.028,0.003,0.013,0.006,0.23,0.235,0.013,0.033,0.004,0.005,0.002,0.14,0.037,0.027,0.004,0.077,0.011,0.004,0.006
TMA-ZAIN-G-163,MBC,0.005,0.006,0.006,0.005,0.011,0.004,0.009,0.845,0.007,0.003,0.01,0.004,0.006,0.008,0.012,0.007,0.008,0.009,0.006,0.008,0.014,0.004
TMA-ZAIN-G-164,MBC,0.005,0.006,0.006,0.013,0.002,0.006,0.003,0.826,0.02,0.002,0.003,0.002,0.003,0.002,0.059,0.019,0.005,0.003,0.005,0.003,0.003,0.005
TMA-ZAIN-G-165,MBC,0.016,0.021,0.025,0.019,0.005,0.006,0.01,0.411,0.036,0.005,0.005,0.003,0.006,0.004,0.238,0.149,0.006,0.005,0.009,0.008,0.006,0.007
TMA-ZAIN-G-166,MBC,0.01,0.02,0.026,0.028,0.004,0.008,0.003,0.425,0.12,0.003,0.004,0.003,0.004,0.002,0.177,0.126,0.008,0.003,0.011,0.003,0.005,0.006
TMA-ZAIN-G-167,MBC,0.029,0.023,0.113,0.105,0.003,0.016,0.005,0.361,0.028,0.005,0.022,0.003,0.004,0.002,0.153,0.061,0.021,0.005,0.025,0.007,0.003,0.009
TMA-ZAIN-G-168,MBC,0.012,0.013,0.089,0.299,0.006,0.059,0.009,0.012,0.161,0.007,0.007,0.007,0.01,0.005,0.21,0.037,0.025,0.006,0.015,0.005,0.005,0.004
TMA-ZAIN-G-169,MBC,0.006,0.009,0.008,0.825,0.005,0.015,0.006,0.004,0.007,0.027,0.005,0.004,0.006,0.003,0.015,0.014,0.006,0.004,0.013,0.006,0.006,0.006
TMA-ZAIN-G-170,MBC,0.005,0.006,0.008,0.885,0.003,0.007,0.004,0.007,0.005,0.005,0.004,0.002,0.004,0.002,0.01,0.01,0.004,0.003,0.005,0.004,0.003,0.016
TMA-ZAIN-G-171,MBC,0.033,0.033,0.033,0.402,0.039,0.018,0.005,0.032,0.059,0.043,0.005,0.032,0.007,0.011,0.033,0.02,0.032,0.014,0.123,0.004,0.011,0.013
TMA-ZAIN-G-172,MBC,0.004,0.005,0.007,0.902,0.003,0.009,0.003,0.005,0.006,0.003,0.003,0.002,0.003,0.002,0.011,0.008,0.003,0.003,0.004,0.003,0.003,0.008
TMA-ZAIN-G-173,MBC,0.023,0.008,0.013,0.406,0.003,0.008,0.005,0.008,0.037,0.014,0.004,0.006,0.005,0.004,0.123,0.021,0.253,0.004,0.046,0.003,0.003,0.004
TMA-ZAIN-G-174,MBC,0.041,0.011,0.022,0.159,0.003,0.012,0.008,0.009,0.077,0.021,0.006,0.007,0.009,0.003,0.134,0.016,0.325,0.005,0.116,0.005,0.004,0.006
TMA-ZAIN-G-175,MBC,0.246,0.035,0.264,0.056,0.003,0.014,0.004,0.033,0.029,0.004,0.009,0.003,0.005,0.002,0.115,0.038,0.062,0.004,0.04,0.006,0.003,0.025
TMA-ZAIN-G-176,MBC,0.004,0.006,0.02,0.862,0.003,0.017,0.004,0.005,0.007,0.003,0.003,0.003,0.003,0.003,0.024,0.01,0.004,0.003,0.004,0.003,0.003,0.005
TMA-ZAIN-G-177,MBC,0.004,0.004,0.012,0.898,0.002,0.009,0.004,0.006,0.007,0.003,0.003,0.003,0.003,0.002,0.013,0.006,0.004,0.003,0.004,0.003,0.003,0.004
TMA-ZAIN-G-178,MBC,0.004,0.004,0.009,0.878,0.003,0.006,0.003,0.005,0.005,0.01,0.003,0.003,0.003,0.002,0.022,0.006,0.008,0.003,0.012,0.002,0.003,0.003
TMA-ZAIN-G-179,MBC,0.008,0.019,0.058,0.142,0.006,0.017,0.005,0.01,0.09,0.034,0.006,0.006,0.008,0.004,0.242,0.02,0.104,0.005,0.206,0.004,0.004,0.004
TMA-ZAIN-G-180,MBC,0.009,0.011,0.074,0.614,0.003,0.009,0.004,0.012,0.009,0.014,0.004,0.003,0.005,0.003,0.074,0.021,0.021,0.003,0.092,0.004,0.003,0.007
TMA-ZAIN-G-181,MBC,0.332,0.038,0.094,0.015,0.004,0.004,0.021,0.013,0.065,0.035,0.005,0.006,0.017,0.006,0.025,0.018,0.161,0.004,0.039,0.013,0.004,0.082
TMA-ZAIN-G-182,MBC,0.018,0.01,0.01,0.007,0.005,0.009,0.004,0.05,0.029,0.131,0.008,0.004,0.004,0.003,0.009,0.018,0.596,0.004,0.07,0.004,0.004,0.006
TMA-ZAIN-G-183,MBC,0.263,0.012,0.022,0.014,0.008,0.004,0.007,0.028,0.104,0.138,0.008,0.005,0.005,0.003,0.015,0.01,0.095,0.004,0.243,0.004,0.006,0.003
TMA-ZAIN-G-184,MBC,0.007,0.057,0.009,0.01,0.004,0.006,0.005,0.011,0.011,0.067,0.005,0.004,0.004,0.003,0.009,0.017,0.709,0.003,0.047,0.004,0.004,0.005
TMA-ZAIN-G-185,MBC,0.011,0.012,0.008,0.01,0.017,0.009,0.016,0.025,0.034,0.015,0.023,0.006,0.008,0.007,0.014,0.026,0.713,0.009,0.009,0.01,0.014,0.005
TMA-ZAIN-G-186,MBC,0.018,0.007,0.009,0.004,0.007,0.005,0.009,0.009,0.017,0.004,0.023,0.005,0.019,0.009,0.012,0.008,0.786,0.01,0.014,0.011,0.01,0.005
TMA-ZAIN-G-187,MBC,0.028,0.006,0.006,0.006,0.003,0.008,0.005,0.011,0.01,0.004,0.006,0.006,0.01,0.004,0.019,0.009,0.827,0.005,0.012,0.004,0.004,0.005
TMA-ZAIN-G-188,MBC,0.025,0.016,0.008,0.007,0.004,0.055,0.004,0.045,0.12,0.017,0.004,0.005,0.006,0.003,0.014,0.008,0.403,0.004,0.232,0.003,0.004,0.013
TMA-ZAIN-G-189,MBC,0.036,0.155,0.014,0.004,0.003,0.081,0.003,0.02,0.062,0.008,0.006,0.003,0.005,0.003,0.006,0.008,0.377,0.003,0.175,0.004,0.003,0.021
TMA-ZAIN-G-190,MBC,0.009,0.004,0.006,0.005,0.002,0.004,0.003,0.006,0.006,0.004,0.003,0.003,0.003,0.002,0.005,0.004,0.91,0.002,0.006,0.003,0.002,0.006
TMA-ZAIN-G-191,MBC,0.011,0.08,0.047,0.026,0.003,0.026,0.004,0.005,0.008,0.023,0.006,0.006,0.008,0.003,0.034,0.012,0.354,0.004,0.315,0.005,0.003,0.016
TMA-ZAIN-G-192,MBC,0.007,0.031,0.015,0.009,0.007,0.008,0.011,0.005,0.008,0.004,0.008,0.005,0.005,0.009,0.007,0.005,0.785,0.007,0.044,0.007,0.007,0.004
TMA-ZAIN-G-193,MBC,0.015,0.007,0.007,0.006,0.006,0.011,0.017,0.009,0.033,0.017,0.004,0.009,0.003,0.011,0.009,0.004,0.8,0.003,0.018,0.005,0.003,0.003
TMA-ZAIN-G-194,MBC,0.004,0.003,0.003,0.003,0.002,0.003,0.003,0.003,0.003,0.931,0.004,0.003,0.003,0.002,0.003,0.003,0.005,0.002,0.005,0.004,0.003,0.003
TMA-ZAIN-G-195,MBC,0.037,0.006,0.007,0.005,0.002,0.005,0.004,0.003,0.012,0.693,0.013,0.012,0.022,0.006,0.011,0.005,0.083,0.005,0.039,0.014,0.003,0.011
TMA-ZAIN-G-196,MBC,0.046,0.007,0.024,0.017,0.003,0.022,0.004,0.004,0.011,0.658,0.006,0.007,0.005,0.002,0.017,0.008,0.053,0.004,0.059,0.006,0.003,0.034
TMA-ZAIN-G-197,MBC,0.011,0.011,0.009,0.005,0.003,0.005,0.004,0.007,0.01,0.821,0.007,0.004,0.008,0.002,0.008,0.008,0.016,0.004,0.032,0.007,0.003,0.016
TMA-ZAIN-G-198,MBC,0.011,0.008,0.01,0.012,0.003,0.011,0.007,0.009,0.012,0.836,0.006,0.004,0.005,0.003,0.008,0.01,0.012,0.003,0.01,0.005,0.003,0.012
TMA-ZAIN-G-199,MBC,0.006,0.007,0.011,0.02,0.003,0.009,0.004,0.01,0.01,0.828,0.004,0.003,0.003,0.003,0.011,0.009,0.02,0.002,0.022,0.004,0.003,0.006
TMA-ZAIN-G-200,MBC,0.023,0.006,0.007,0.005,0.003,0.007,0.004,0.01,0.016,0.006,0.01,0.005,0.009,0.003,0.011,0.009,0.837,0.004,0.013,0.006,0.004,0.004
TMA-ZAIN-G-201,MBC,0.003,0.005,0.004,0.003,0.015,0.003,0.006,0.002,0.003,0.053,0.003,0.187,0.014,0.628,0.004,0.004,0.005,0.023,0.01,0.004,0.017,0.004
TMA-ZAIN-G-202,MBC,0.004,0.004,0.005,0.005,0.004,0.004,0.006,0.003,0.004,0.003,0.003,0.04,0.014,0.842,0.004,0.004,0.004,0.015,0.003,0.004,0.018,0.006
TMA-ZAIN-G-203,MBC,0.005,0.015,0.007,0.006,0.018,0.003,0.004,0.005,0.006,0.038,0.002,0.082,0.007,0.715,0.007,0.004,0.009,0.012,0.037,0.002,0.011,0.004
TMA-ZAIN-G-204,MBC,0.036,0.021,0.02,0.009,0.015,0.007,0.005,0.02,0.04,0.706,0.007,0.004,0.005,0.003,0.014,0.024,0.013,0.004,0.033,0.004,0.007,0.003
TMA-ZAIN-G-205,MBC,0.006,0.012,0.036,0.016,0.006,0.015,0.037,0.003,0.007,0.006,0.022,0.031,0.005,0.715,0.011,0.004,0.006,0.012,0.011,0.022,0.004,0.009
TMA-ZAIN-G-206,MBC,0.01,0.019,0.023,0.009,0.007,0.009,0.017,0.06,0.023,0.007,0.01,0.101,0.005,0.617,0.018,0.013,0.005,0.007,0.015,0.014,0.007,0.006
TMA-ZAIN-G-207,MBC,0.006,0.014,0.016,0.025,0.015,0.006,0.143,0.005,0.008,0.054,0.011,0.09,0.009,0.503,0.012,0.01,0.02,0.008,0.016,0.012,0.011,0.007
TMA-ZAIN-G-208,MBC,0.01,0.059,0.022,0.009,0.007,0.014,0.056,0.093,0.066,0.007,0.03,0.016,0.037,0.007,0.085,0.328,0.026,0.028,0.009,0.038,0.005,0.047
TMA-ZAIN-G-209,MBC,0.006,0.016,0.072,0.074,0.002,0.013,0.002,0.027,0.275,0.004,0.006,0.003,0.012,0.003,0.223,0.174,0.032,0.004,0.007,0.004,0.002,0.038
TMA-ZAIN-G-210,MBC,0.079,0.006,0.017,0.179,0.003,0.032,0.007,0.029,0.205,0.145,0.09,0.004,0.003,0.002,0.074,0.015,0.023,0.004,0.018,0.051,0.003,0.011
TMA-ZAIN-G-211,MBC,0.033,0.02,0.043,0.051,0.003,0.05,0.011,0.049,0.078,0.218,0.018,0.004,0.01,0.003,0.03,0.018,0.019,0.004,0.256,0.011,0.004,0.066
TMA-ZAIN-G-212,MBC,0.166,0.039,0.048,0.042,0.01,0.029,0.009,0.019,0.104,0.043,0.013,0.018,0.017,0.016,0.03,0.021,0.035,0.011,0.297,0.009,0.008,0.016
TMA-ZAIN-G-213,MBC,0.017,0.051,0.155,0.021,0.003,0.004,0.011,0.017,0.023,0.011,0.004,0.004,0.008,0.003,0.039,0.014,0.023,0.004,0.57,0.005,0.003,0.007
TMA-ZAIN-G-214,MBC,0.014,0.004,0.006,0.022,0.003,0.008,0.004,0.015,0.781,0.011,0.007,0.004,0.004,0.003,0.037,0.007,0.04,0.003,0.014,0.004,0.004,0.004
TMA-ZAIN-G-215,MBC,0.067,0.004,0.004,0.016,0.003,0.017,0.004,0.025,0.685,0.011,0.005,0.005,0.004,0.003,0.062,0.007,0.043,0.003,0.006,0.005,0.003,0.018
TMA-ZAIN-G-216,MBC,0.008,0.053,0.011,0.134,0.003,0.026,0.003,0.012,0.09,0.003,0.003,0.179,0.004,0.009,0.107,0.019,0.308,0.005,0.014,0.002,0.003,0.004
TMA-ZAIN-G-217,MBC,0.092,0.006,0.007,0.028,0.003,0.008,0.006,0.015,0.213,0.019,0.017,0.005,0.006,0.004,0.088,0.014,0.43,0.004,0.015,0.012,0.003,0.007
TMA-ZAIN-G-218,MBC,0.089,0.006,0.013,0.078,0.003,0.037,0.005,0.017,0.562,0.024,0.005,0.003,0.003,0.003,0.053,0.006,0.017,0.003,0.008,0.007,0.003,0.054
TMA-ZAIN-G-219,MBC,0.018,0.005,0.004,0.012,0.006,0.004,0.005,0.008,0.005,0.003,0.011,0.836,0.017,0.003,0.007,0.009,0.01,0.009,0.004,0.006,0.009,0.009
TMA-ZAIN-G-220,MBC,0.01,0.004,0.003,0.003,0.006,0.004,0.013,0.006,0.004,0.003,0.011,0.87,0.008,0.006,0.006,0.007,0.006,0.008,0.003,0.009,0.005,0.004
TMA-ZAIN-G-221,MBC,0.005,0.193,0.017,0.005,0.008,0.005,0.012,0.01,0.005,0.004,0.004,0.247,0.264,0.005,0.013,0.037,0.006,0.012,0.004,0.006,0.131,0.007
TMA-ZAIN-G-222,MBC,0.012,0.008,0.009,0.009,0.004,0.004,0.008,0.007,0.008,0.005,0.004,0.839,0.011,0.011,0.01,0.006,0.021,0.004,0.009,0.004,0.003,0.004
TMA-ZAIN-G-223,MBC,0.013,0.008,0.008,0.008,0.005,0.006,0.024,0.015,0.006,0.004,0.006,0.766,0.006,0.005,0.014,0.021,0.008,0.008,0.005,0.01,0.04,0.012
TMA-ZAIN-G-224,MBC,0.005,0.007,0.007,0.004,0.006,0.004,0.015,0.004,0.005,0.003,0.005,0.858,0.013,0.007,0.006,0.006,0.005,0.019,0.004,0.006,0.005,0.005
TMA-ZAIN-G-225,MBC,0.032,0.005,0.005,0.006,0.008,0.005,0.132,0.007,0.009,0.007,0.008,0.666,0.014,0.009,0.006,0.005,0.018,0.021,0.008,0.006,0.019,0.005
TMA-ZAIN-G-226,MBC,0.004,0.004,0.003,0.004,0.008,0.003,0.006,0.003,0.004,0.009,0.004,0.891,0.01,0.005,0.004,0.004,0.005,0.006,0.007,0.004,0.011,0.002
TMA-ZAIN-G-227,MBC,0.004,0.01,0.006,0.01,0.016,0.007,0.009,0.007,0.008,0.019,0.007,0.807,0.012,0.006,0.01,0.009,0.008,0.012,0.016,0.004,0.007,0.005
TMA-ZAIN-G-228,MBC,0.004,0.008,0.005,0.012,0.011,0.007,0.005,0.008,0.01,0.016,0.005,0.828,0.006,0.009,0.012,0.008,0.009,0.007,0.014,0.003,0.007,0.004
TMA-ZAIN-G-229,MBC,0.007,0.014,0.01,0.026,0.022,0.024,0.019,0.012,0.012,0.006,0.009,0.702,0.013,0.014,0.023,0.018,0.009,0.032,0.009,0.005,0.007,0.008
TMA-ZAIN-G-230,MBC,0.003,0.003,0.003,0.006,0.015,0.003,0.008,0.003,0.003,0.002,0.007,0.855,0.009,0.019,0.004,0.003,0.003,0.017,0.003,0.006,0.017,0.008
TMA-ZAIN-G-231,MBC,0.054,0.008,0.025,0.087,0.036,0.022,0.26,0.004,0.009,0.012,0.025,0.311,0.012,0.006,0.022,0.008,0.019,0.017,0.009,0.009,0.033,0.011
TMA-ZAIN-G-232,MBC,0.011,0.008,0.013,0.02,0.011,0.026,0.072,0.015,0.018,0.008,0.008,0.139,0.01,0.267,0.02,0.017,0.008,0.034,0.008,0.008,0.274,0.007
TMA-ZAIN-G-233,MBC,0.032,0.006,0.008,0.011,0.048,0.007,0.02,0.009,0.006,0.006,0.007,0.127,0.004,0.468,0.013,0.012,0.018,0.038,0.006,0.009,0.12,0.026
TMA-ZAIN-G-234,MBC,0.023,0.007,0.012,0.022,0.005,0.025,0.018,0.013,0.011,0.008,0.02,0.647,0.008,0.017,0.012,0.01,0.009,0.058,0.009,0.009,0.006,0.054
TMA-ZAIN-G-235,MBC,0.004,0.005,0.006,0.005,0.019,0.004,0.005,0.007,0.004,0.012,0.013,0.451,0.005,0.032,0.008,0.013,0.004,0.172,0.007,0.035,0.183,0.006
TMA-ZAIN-G-236,MBC,0.004,0.023,0.006,0.006,0.122,0.043,0.05,0.009,0.008,0.017,0.012,0.358,0.021,0.015,0.011,0.011,0.023,0.155,0.081,0.009,0.011,0.004
TMA-ZAIN-G-237,MBC,0.007,0.018,0.01,0.01,0.023,0.01,0.049,0.011,0.021,0.021,0.004,0.719,0.006,0.016,0.011,0.01,0.008,0.012,0.017,0.004,0.007,0.007
TMA-ZAIN-G-238,MBC,0.013,0.016,0.071,0.073,0.053,0.084,0.098,0.011,0.028,0.007,0.011,0.347,0.015,0.008,0.029,0.025,0.009,0.048,0.01,0.004,0.033,0.009
TMA-ZAIN-G-239,MBC,0.009,0.018,0.018,0.008,0.025,0.016,0.005,0.021,0.046,0.005,0.004,0.726,0.005,0.015,0.013,0.021,0.011,0.008,0.009,0.003,0.009,0.004
TMA-ZAIN-G-240,MBC,0.007,0.057,0.008,0.003,0.004,0.003,0.02,0.003,0.013,0.052,0.015,0.007,0.003,0.7,0.004,0.005,0.027,0.003,0.007,0.041,0.003,0.016
TMA-ZAIN-G-241,MBC,0.003,0.003,0.005,0.006,0.003,0.005,0.009,0.002,0.003,0.004,0.006,0.008,0.003,0.91,0.004,0.002,0.003,0.004,0.004,0.006,0.004,0.003
TMA-ZAIN-G-242,MBC,0.003,0.005,0.009,0.023,0.004,0.011,0.005,0.005,0.006,0.004,0.006,0.005,0.002,0.871,0.01,0.005,0.004,0.003,0.006,0.005,0.003,0.005
TMA-ZAIN-G-243,MBC,0.003,0.006,0.007,0.007,0.004,0.005,0.003,0.006,0.006,0.002,0.004,0.004,0.003,0.9,0.009,0.006,0.005,0.003,0.006,0.003,0.002,0.005
TMA-ZAIN-G-244,MBC,0.004,0.007,0.016,0.019,0.003,0.011,0.005,0.006,0.008,0.004,0.006,0.004,0.003,0.855,0.011,0.006,0.005,0.003,0.009,0.005,0.002,0.008
TMA-ZAIN-G-245,MBC,0.003,0.01,0.01,0.014,0.005,0.011,0.003,0.014,0.012,0.003,0.005,0.004,0.003,0.846,0.018,0.011,0.005,0.004,0.009,0.003,0.003,0.006
TMA-ZAIN-G-246,MBC,0.003,0.003,0.004,0.004,0.003,0.003,0.003,0.003,0.003,0.003,0.003,0.005,0.003,0.932,0.004,0.003,0.003,0.003,0.003,0.003,0.004,0.002
TMA-ZAIN-G-248,MBC,0.003,0.003,0.004,0.003,0.002,0.003,0.004,0.003,0.003,0.002,0.003,0.005,0.004,0.933,0.003,0.003,0.004,0.003,0.003,0.003,0.003,0.003
TMA-ZAIN-G-249,MBC,0.004,0.004,0.008,0.003,0.002,0.003,0.004,0.003,0.005,0.002,0.003,0.004,0.004,0.919,0.005,0.004,0.004,0.003,0.006,0.004,0.002,0.005
TMA-ZAIN-G-250,MBC,0.003,0.008,0.006,0.006,0.007,0.005,0.004,0.005,0.007,0.011,0.004,0.01,0.004,0.864,0.009,0.007,0.008,0.005,0.017,0.004,0.003,0.004
TMA-ZAIN-G-251,MBC,0.003,0.005,0.004,0.004,0.004,0.003,0.004,0.003,0.003,0.009,0.003,0.008,0.004,0.906,0.005,0.004,0.006,0.004,0.01,0.003,0.002,0.003
TMA-ZAIN-G-252,MBC,0.003,0.004,0.004,0.003,0.003,0.003,0.004,0.002,0.003,0.004,0.003,0.007,0.005,0.92,0.003,0.005,0.007,0.003,0.004,0.003,0.003,0.006
TMA-ZAIN-G-253,MBC,0.006,0.005,0.004,0.003,0.005,0.003,0.008,0.004,0.003,0.005,0.674,0.003,0.006,0.003,0.004,0.006,0.004,0.005,0.004,0.235,0.006,0.004
TMA-ZAIN-G-254,MBC,0.004,0.005,0.021,0.023,0.003,0.018,0.003,0.006,0.006,0.004,0.009,0.004,0.003,0.003,0.025,0.017,0.005,0.003,0.005,0.819,0.004,0.011
TMA-ZAIN-G-255,MBC,0.005,0.005,0.004,0.004,0.003,0.003,0.004,0.01,0.005,0.005,0.052,0.003,0.003,0.004,0.009,0.013,0.004,0.003,0.005,0.846,0.007,0.005
TMA-ZAIN-G-256,MBC,0.013,0.019,0.013,0.01,0.005,0.006,0.006,0.023,0.006,0.005,0.161,0.004,0.007,0.003,0.021,0.068,0.006,0.006,0.008,0.589,0.013,0.009
TMA-ZAIN-G-257,MBC,0.005,0.005,0.006,0.005,0.006,0.004,0.003,0.006,0.004,0.004,0.014,0.003,0.003,0.015,0.006,0.007,0.004,0.005,0.004,0.875,0.009,0.006
TMA-ZAIN-G-258,MBC,0.008,0.005,0.007,0.012,0.005,0.006,0.015,0.007,0.01,0.023,0.05,0.005,0.004,0.01,0.01,0.008,0.008,0.003,0.008,0.783,0.01,0.005
TMA-ZAIN-G-259,MBC,0.005,0.003,0.003,0.003,0.003,0.003,0.012,0.003,0.004,0.016,0.057,0.004,0.003,0.004,0.003,0.003,0.004,0.003,0.003,0.852,0.004,0.003
TMA-ZAIN-G-260,MBC,0.004,0.003,0.003,0.002,0.002,0.003,0.005,0.003,0.003,0.005,0.009,0.003,0.003,0.003,0.003,0.004,0.003,0.003,0.003,0.926,0.004,0.003
TMA-ZAIN-G-261,MBC,0.004,0.003,0.004,0.003,0.003,0.003,0.018,0.003,0.004,0.005,0.04,0.004,0.005,0.005,0.003,0.003,0.003,0.003,0.004,0.87,0.004,0.005
TMA-ZAIN-G-262,MBC,0.004,0.004,0.007,0.003,0.003,0.003,0.008,0.003,0.004,0.005,0.01,0.003,0.005,0.004,0.003,0.004,0.003,0.003,0.004,0.906,0.004,0.007
TMA-ZAIN-G-263,MBC,0.009,0.007,0.006,0.004,0.005,0.004,0.024,0.004,0.005,0.007,0.032,0.005,0.015,0.004,0.006,0.008,0.005,0.006,0.007,0.825,0.005,0.008
TMA-ZAIN-G-264,MBC,0.005,0.003,0.003,0.003,0.004,0.003,0.009,0.003,0.003,0.007,0.107,0.004,0.003,0.003,0.003,0.003,0.003,0.004,0.003,0.816,0.004,0.003
TMA-ZAIN-G-265,MBC,0.004,0.005,0.003,0.003,0.004,0.003,0.008,0.005,0.003,0.004,0.194,0.004,0.004,0.004,0.004,0.009,0.003,0.004,0.003,0.714,0.01,0.004
TMA-ZAIN-G-266,MBC,0.005,0.004,0.004,0.004,0.004,0.004,0.007,0.005,0.003,0.006,0.038,0.003,0.004,0.003,0.005,0.008,0.003,0.004,0.003,0.865,0.013,0.004
TMA-ZAIN-G-267,MBC,0.021,0.017,0.101,0.037,0.005,0.007,0.186,0.015,0.026,0.01,0.035,0.173,0.023,0.009,0.026,0.012,0.015,0.029,0.017,0.196,0.025,0.015
TMA-ZAIN-G-268,MBC,0.081,0.03,0.018,0.006,0.006,0.007,0.016,0.013,0.039,0.025,0.071,0.009,0.07,0.008,0.016,0.016,0.022,0.008,0.029,0.487,0.009,0.012
TMA-ZAIN-G-269,MBC,0.013,0.017,0.063,0.014,0.023,0.012,0.155,0.005,0.011,0.006,0.049,0.018,0.091,0.263,0.018,0.016,0.006,0.039,0.009,0.094,0.067,0.012
