Ind,Population,C1,C2,C3,C4,C5,C6,C7,C8
QAc-G-0029,AP,0.013,0.019,0.005,0.01,0.003,0.004,0.939,0.006
QAc-G-0030,AP,0.003,0.002,0.003,0.003,0.003,0.002,0.98,0.004
QAc-G-0031,AP,0.004,0.003,0.003,0.003,0.002,0.002,0.977,0.005
QAc-G-0061,Arnold,0.004,0.007,0.005,0.003,0.003,0.007,0.969,0.003
QAc-G-0062,Arnold,0.027,0.007,0.115,0.066,0.006,0.433,0.005,0.341
QAc-G-0063,Arnold,0.554,0.112,0.037,0.09,0.008,0.012,0.005,0.182
QAc-G-0064,Arnold,0.005,0.004,0.003,0.004,0.003,0.972,0.003,0.006
QAc-G-0065,Arnold,0.003,0.003,0.003,0.003,0.004,0.979,0.004,0.002
QAc-G-0066,Arnold,0.979,0.004,0.003,0.003,0.002,0.002,0.004,0.004
QAc-G-0067,Arnold,0.003,0.003,0.004,0.003,0.003,0.975,0.007,0.002
QAc-G-0068,Arnold,0.551,0.003,0.02,0.29,0.123,0.006,0.003,0.004
QAc-G-0070,Arnold,0.533,0.011,0.298,0.023,0.007,0.01,0.006,0.113
QAc-G-0071,Arnold,0.913,0.004,0.007,0.006,0.007,0.003,0.015,0.046
QAc-G-0072,Arnold,0.977,0.004,0.004,0.003,0.003,0.003,0.003,0.003
QAc-G-0073,Arnold,0.003,0.975,0.004,0.004,0.003,0.003,0.004,0.003
QAc-G-0074,Arnold,0.117,0.741,0.035,0.024,0.009,0.004,0.005,0.065
QAc-G-0075,Arnold,0.01,0.948,0.005,0.008,0.009,0.006,0.007,0.006
QAc-G-0076,Arnold,0.011,0.934,0.009,0.022,0.006,0.007,0.008,0.004
QAc-G-0077,Arnold,0.009,0.006,0.002,0.004,0.003,0.008,0.962,0.007
QAc-G-0078,Arnold,0.003,0.002,0.003,0.003,0.003,0.002,0.981,0.004
QAc-G-0079,Arnold,0.004,0.004,0.003,0.003,0.004,0.002,0.974,0.005
QAc-G-0080,Arnold,0.006,0.045,0.006,0.53,0.012,0.021,0.369,0.012
QAc-G-0081,Arnold,0.005,0.02,0.319,0.598,0.016,0.004,0.006,0.031
QAc-G-0082,Arnold,0.002,0.017,0.016,0.941,0.011,0.003,0.003,0.006
QAc-G-0083,Arnold,0.009,0.034,0.011,0.008,0.006,0.012,0.016,0.904
QAc-G-0001,Bartlett,0.005,0.003,0.003,0.003,0.003,0.002,0.977,0.004
QAc-G-0002,Bartlett,0.003,0.003,0.002,0.002,0.003,0.003,0.982,0.002
QAc-G-0285,CBG,0.015,0.004,0.008,0.006,0.008,0.004,0.007,0.949
QAc-G-0286,CBG,0.978,0.003,0.003,0.003,0.002,0.003,0.003,0.006
QAc-G-0287,CBG,0.982,0.002,0.002,0.002,0.002,0.003,0.003,0.003
QAc-G-0288,CBG,0.865,0.019,0.04,0.016,0.007,0.01,0.036,0.007
QAc-G-0289,CBG,0.979,0.003,0.003,0.003,0.003,0.003,0.003,0.003
QAc-G-0290,CBG,0.975,0.004,0.003,0.003,0.003,0.006,0.003,0.004
QAc-G-0291,CBG,0.911,0.007,0.002,0.005,0.003,0.003,0.041,0.027
QAc-G-0292,CBG,0.241,0.004,0.012,0.006,0.009,0.003,0.004,0.72
QAc-G-0293,CBG,0.498,0.003,0.003,0.003,0.003,0.002,0.008,0.482
QAc-G-0294,CBG,0.003,0.954,0.006,0.009,0.012,0.006,0.006,0.003
QAc-G-0295,CBG,0.014,0.947,0.004,0.006,0.003,0.006,0.009,0.01
QAc-G-0296,CBG,0.006,0.964,0.004,0.004,0.004,0.01,0.003,0.005
QAc-G-0297,CBG,0.003,0.389,0.008,0.557,0.031,0.005,0.004,0.003
QAc-G-0298,CBG,0.003,0.971,0.004,0.005,0.004,0.004,0.005,0.005
QAc-G-0299,CBG,0.008,0.966,0.003,0.005,0.006,0.004,0.004,0.004
QAc-G-0300,CBG,0.004,0.951,0.01,0.005,0.005,0.02,0.003,0.003
QAc-G-0301,CBG,0.011,0.895,0.004,0.005,0.004,0.069,0.005,0.007
QAc-G-0302,CBG,0.005,0.011,0.004,0.011,0.955,0.003,0.004,0.006
QAc-G-0303,CBG,0.003,0.007,0.027,0.046,0.899,0.005,0.005,0.008
QAc-G-0304,CBG,0.978,0.004,0.003,0.003,0.002,0.003,0.003,0.005
QAc-G-0305,CBG,0.524,0.006,0.045,0.062,0.081,0.003,0.056,0.223
QAc-G-0306,CBG,0.979,0.002,0.003,0.003,0.002,0.002,0.003,0.005
QAc-G-0307,CBG,0.005,0.01,0.061,0.035,0.013,0.006,0.843,0.027
QAc-G-0308,CBG,0.017,0.014,0.009,0.011,0.011,0.003,0.925,0.01
QAc-G-0309,CBG,0.004,0.004,0.004,0.019,0.004,0.002,0.955,0.007
QAc-G-0310,CBG,0.004,0.004,0.004,0.003,0.003,0.003,0.976,0.004
QAc-G-0311,CBG,0.003,0.002,0.002,0.003,0.002,0.002,0.982,0.003
QAc-G-0312,CBG,0.007,0.049,0.054,0.582,0.045,0.015,0.243,0.005
QAc-G-0313,CBG,0.006,0.019,0.077,0.822,0.006,0.007,0.01,0.053
QAc-G-0314,CBG,0.004,0.172,0.183,0.599,0.02,0.009,0.01,0.003
QAc-G-0315,CBG,0.007,0.011,0.017,0.939,0.01,0.006,0.004,0.005
QAc-G-0316,CBG,0.008,0.007,0.185,0.756,0.006,0.009,0.02,0.01
QAc-G-0032,DBG,0.008,0.011,0.009,0.393,0.43,0.139,0.008,0.003
QAc-G-0033,DBG,0.005,0.966,0.005,0.003,0.004,0.008,0.005,0.004
QAc-G-0034,DBG,0.004,0.924,0.013,0.009,0.01,0.008,0.028,0.004
QAc-G-0035,DBG,0.006,0.957,0.005,0.006,0.005,0.01,0.004,0.007
QAc-G-0036,DBG,0.016,0.933,0.013,0.01,0.005,0.005,0.006,0.014
QAc-G-0037,DBG,0.015,0.954,0.003,0.005,0.003,0.005,0.01,0.006
QAc-G-0038,DBG,0.003,0.978,0.005,0.003,0.003,0.003,0.002,0.003
QAc-G-0039,DBG,0.005,0.913,0.018,0.015,0.012,0.006,0.027,0.004
QAc-G-0040,DBG,0.06,0.835,0.062,0.017,0.006,0.003,0.006,0.01
QAc-G-0041,DBG,0.003,0.909,0.026,0.007,0.003,0.03,0.003,0.02
QAc-G-0042,DBG,0.007,0.967,0.004,0.004,0.005,0.006,0.003,0.004
QAc-G-0043,DBG,0.005,0.968,0.004,0.005,0.003,0.002,0.007,0.004
QAc-G-0044,DBG,0.009,0.923,0.006,0.011,0.013,0.03,0.003,0.004
QAc-G-0045,DBG,0.006,0.936,0.007,0.006,0.005,0.011,0.025,0.004
QAc-G-0046,DBG,0.002,0.91,0.019,0.014,0.003,0.004,0.041,0.006
QAc-G-0047,DBG,0.006,0.921,0.009,0.012,0.014,0.006,0.028,0.004
QAc-G-0048,DBG,0.004,0.968,0.007,0.005,0.004,0.006,0.002,0.005
QAc-G-0049,DBG,0.005,0.003,0.003,0.003,0.002,0.002,0.979,0.003
QAc-G-0050,DBG,0.014,0.004,0.012,0.917,0.019,0.004,0.024,0.005
QAc-G-0051,DBG,0.003,0.002,0.003,0.003,0.003,0.002,0.978,0.006
QAc-G-0052,DBG,0.004,0.013,0.015,0.021,0.005,0.027,0.911,0.004
QAc-G-0053,DBG,0.009,0.018,0.003,0.007,0.003,0.006,0.949,0.007
QAc-G-0054,DBG,0.006,0.008,0.014,0.894,0.012,0.004,0.059,0.003
QAc-G-0055,DBG,0.006,0.009,0.01,0.619,0.046,0.003,0.302,0.005
QAc-G-0056,DBG,0.014,0.007,0.038,0.906,0.009,0.007,0.014,0.005
QAc-G-0057,DBG,0.004,0.004,0.003,0.003,0.004,0.002,0.976,0.004
QAc-G-0058,DBG,0.003,0.003,0.003,0.003,0.003,0.003,0.978,0.004
QAc-G-0059,DBG,0.003,0.005,0.007,0.839,0.005,0.003,0.135,0.003
QAc-G-0060,DBG,0.015,0.012,0.006,0.09,0.007,0.014,0.851,0.006
QAc-G-0276,FGT,0.329,0.018,0.006,0.007,0.005,0.003,0.01,0.623
QAc-G-0279,FGT,0.977,0.003,0.003,0.003,0.002,0.002,0.005,0.004
QAc-G-0280,FGT,0.969,0.008,0.004,0.005,0.003,0.004,0.003,0.004
QAc-G-0281,FGT,0.007,0.003,0.004,0.004,0.003,0.004,0.972,0.003
QAc-G-0018,HBG,0.007,0.892,0.01,0.025,0.024,0.005,0.032,0.005
QAc-G-0019,HBG,0.015,0.886,0.007,0.006,0.005,0.063,0.004,0.013
QAc-G-0020,HBG,0.002,0.945,0.004,0.033,0.003,0.003,0.005,0.004
QAc-G-0021,HBG,0.004,0.961,0.003,0.006,0.003,0.013,0.008,0.003
QAc-G-0022,HBG,0.004,0.775,0.088,0.042,0.009,0.045,0.02,0.017
QAc-G-0023,HBG,0.003,0.003,0.003,0.003,0.003,0.002,0.975,0.007
QAc-G-0024,HBG,0.003,0.006,0.003,0.003,0.004,0.004,0.974,0.003
QAc-G-0016,HBG,0.013,0.01,0.009,0.806,0.1,0.004,0.055,0.004
QAc-G-0017,HBG,0.005,0.008,0.012,0.028,0.73,0.206,0.004,0.007
QAc-G-0250,Meis,0.123,0.016,0.013,0.559,0.045,0.007,0.008,0.229
QAc-G-0003,MBG,0.965,0.005,0.006,0.003,0.003,0.003,0.005,0.01
QAc-G-0004,MBG,0.003,0.044,0.006,0.02,0.904,0.005,0.009,0.008
QAc-G-0005,MBG,0.003,0.003,0.003,0.003,0.004,0.98,0.003,0.002
QAc-G-0006,MBG,0.005,0.014,0.013,0.068,0.881,0.003,0.003,0.014
QAc-G-0283,Moore,0.004,0.007,0.276,0.544,0.035,0.004,0.004,0.127
QAc-G-0265,MA,0.004,0.021,0.007,0.326,0.026,0.006,0.146,0.464
QAc-G-0266,MA,0.006,0.002,0.002,0.003,0.002,0.002,0.979,0.004
QAc-G-0267,MA,0.004,0.215,0.01,0.011,0.004,0.122,0.006,0.628
QAc-G-0268,MA,0.543,0.006,0.005,0.411,0.014,0.01,0.005,0.007
QAc-G-0269,MA,0.978,0.004,0.003,0.002,0.003,0.003,0.004,0.003
QAc-G-0270,MA,0.006,0.963,0.005,0.005,0.004,0.01,0.004,0.005
QAc-G-0271,MA,0.004,0.76,0.008,0.112,0.012,0.095,0.003,0.005
QAc-G-0272,MA,0.016,0.944,0.006,0.006,0.008,0.003,0.006,0.01
QAc-G-0273,MA,0.005,0.004,0.005,0.007,0.005,0.006,0.965,0.004
QAc-G-0274,MA,0.002,0.003,0.003,0.002,0.002,0.983,0.002,0.003
QAc-G-0251,Peckerwood,0.004,0.946,0.007,0.007,0.013,0.015,0.004,0.004
QAc-G-0252,Peckerwood,0.005,0.952,0.013,0.007,0.011,0.005,0.004,0.003
QAc-G-0253,Peckerwood,0.005,0.004,0.003,0.006,0.003,0.003,0.972,0.004
QAc-G-0254,Peckerwood,0.003,0.002,0.003,0.002,0.002,0.003,0.982,0.003
QAc-G-0255,Peckerwood,0.005,0.014,0.007,0.021,0.931,0.008,0.005,0.009
QAc-G-0256,Peckerwood,0.008,0.006,0.003,0.004,0.96,0.007,0.004,0.007
QAc-G-0257,Peckerwood,0.003,0.009,0.049,0.026,0.855,0.043,0.008,0.006
QAc-G-0258,Peckerwood,0.003,0.005,0.003,0.011,0.965,0.006,0.003,0.004
QAc-G-0259,Peckerwood,0.002,0.004,0.006,0.975,0.007,0.002,0.002,0.002
QAc-G-0260,Peckerwood,0.032,0.013,0.037,0.819,0.031,0.05,0.009,0.01
QAc-G-0261,Peckerwood,0.004,0.01,0.009,0.484,0.062,0.424,0.003,0.004
QAc-G-0262,Peckerwood,0.015,0.005,0.015,0.658,0.253,0.03,0.008,0.016
QAc-G-0010,TMA,0.032,0.013,0.008,0.011,0.003,0.004,0.012,0.917
QAc-G-0011,TMA,0.004,0.006,0.955,0.019,0.004,0.005,0.004,0.003
QAc-G-0015,TMA,0.003,0.013,0.036,0.027,0.092,0.007,0.805,0.018
QAc-G-0106,TMA,0.002,0.012,0.007,0.018,0.924,0.031,0.002,0.003
QAc-G-0107,TMA,0.006,0.004,0.006,0.012,0.954,0.003,0.007,0.008
QAc-G-0108,TMA,0.006,0.006,0.004,0.005,0.969,0.005,0.002,0.004
QAc-G-0109,TMA,0.006,0.007,0.02,0.049,0.868,0.03,0.011,0.008
QAc-G-0110,TMA,0.077,0.038,0.012,0.026,0.817,0.002,0.008,0.02
QAc-G-0111,TMA,0.005,0.01,0.008,0.009,0.938,0.005,0.005,0.021
QAc-G-0112,TMA,0.027,0.005,0.003,0.022,0.918,0.004,0.009,0.012
QAc-G-0113,TMA,0.008,0.006,0.005,0.05,0.869,0.022,0.022,0.018
QAc-G-0114,TMA,0.016,0.042,0.006,0.027,0.879,0.003,0.016,0.01
QAc-G-0115,TMA,0.009,0.005,0.004,0.012,0.958,0.005,0.004,0.004
QAc-G-0116,TMA,0.01,0.004,0.006,0.008,0.95,0.006,0.006,0.011
QAc-G-0117,TMA,0.005,0.189,0.012,0.127,0.524,0.077,0.012,0.053
QAc-G-0118,TMA,0.003,0.006,0.01,0.008,0.933,0.023,0.002,0.015
QAc-G-0119,TMA,0.002,0.02,0.004,0.018,0.925,0.024,0.006,0.003
QAc-G-0120,TMA,0.006,0.013,0.013,0.099,0.85,0.006,0.006,0.007
QAc-G-0121,TMA,0.007,0.007,0.003,0.005,0.007,0.964,0.004,0.004
QAc-G-0122,TMA,0.035,0.008,0.005,0.005,0.008,0.924,0.004,0.01
QAc-G-0123,TMA,0.002,0.004,0.002,0.002,0.002,0.983,0.002,0.002
QAc-G-0124,TMA,0.003,0.005,0.004,0.003,0.004,0.975,0.003,0.003
QAc-G-0125,TMA,0.01,0.007,0.038,0.328,0.032,0.483,0.053,0.048
QAc-G-0126,TMA,0.007,0.011,0.014,0.632,0.1,0.221,0.009,0.005
QAc-G-0127,TMA,0.003,0.007,0.008,0.005,0.008,0.959,0.005,0.004
QAc-G-0128,TMA,0.006,0.004,0.003,0.003,0.003,0.976,0.003,0.003
QAc-G-0129,TMA,0.003,0.003,0.002,0.002,0.003,0.982,0.002,0.002
QAc-G-0130,TMA,0.004,0.008,0.015,0.005,0.026,0.933,0.002,0.008
QAc-G-0131,TMA,0.005,0.006,0.004,0.004,0.005,0.969,0.004,0.003
QAc-G-0132,TMA,0.013,0.008,0.006,0.032,0.167,0.743,0.011,0.019
QAc-G-0133,TMA,0.005,0.007,0.004,0.004,0.003,0.969,0.003,0.005
QAc-G-0134,TMA,0.004,0.004,0.003,0.004,0.004,0.974,0.004,0.003
QAc-G-0135,TMA,0.006,0.01,0.006,0.007,0.956,0.003,0.008,0.004
QAc-G-0136,TMA,0.005,0.005,0.012,0.013,0.847,0.006,0.007,0.105
QAc-G-0137,TMA,0.004,0.01,0.005,0.019,0.922,0.031,0.003,0.006
QAc-G-0138,TMA,0.002,0.002,0.028,0.013,0.91,0.005,0.007,0.032
QAc-G-0139,TMA,0.003,0.03,0.006,0.009,0.918,0.029,0.002,0.004
QAc-G-0140,TMA,0.006,0.029,0.005,0.013,0.887,0.047,0.005,0.008
QAc-G-0141,TMA,0.013,0.052,0.051,0.313,0.498,0.026,0.032,0.015
QAc-G-0142,TMA,0.003,0.005,0.004,0.005,0.975,0.003,0.002,0.003
QAc-G-0143,TMA,0.006,0.006,0.004,0.97,0.004,0.003,0.003,0.004
QAc-G-0144,TMA,0.004,0.005,0.004,0.605,0.362,0.002,0.005,0.013
QAc-G-0145,TMA,0.976,0.004,0.003,0.003,0.003,0.002,0.003,0.005
QAc-G-0146,TMA,0.003,0.003,0.003,0.003,0.003,0.98,0.003,0.003
QAc-G-0147,TMA,0.008,0.021,0.324,0.251,0.104,0.258,0.005,0.03
QAc-G-0148,TMA,0.004,0.018,0.006,0.577,0.348,0.006,0.004,0.037
QAc-G-0149,TMA,0.004,0.004,0.003,0.003,0.003,0.977,0.003,0.003
QAc-G-0150,TMA,0.978,0.003,0.004,0.003,0.002,0.003,0.003,0.004
QAc-G-0151,TMA,0.003,0.005,0.003,0.002,0.003,0.977,0.003,0.003
QAc-G-0152,TMA,0.002,0.004,0.004,0.003,0.003,0.977,0.005,0.003
QAc-G-0153,TMA,0.003,0.009,0.021,0.01,0.006,0.883,0.002,0.066
QAc-G-0154,TMA,0.013,0.019,0.004,0.007,0.022,0.918,0.003,0.015
QAc-G-0155,TMA,0.003,0.006,0.003,0.003,0.003,0.977,0.003,0.003
QAc-G-0158,TMA,0.003,0.002,0.003,0.003,0.003,0.981,0.003,0.003
QAc-G-0159,TMA,0.012,0.007,0.013,0.024,0.921,0.012,0.006,0.004
QAc-G-0160,TMA,0.983,0.002,0.002,0.002,0.002,0.002,0.003,0.003
QAc-G-0161,TMA,0.982,0.003,0.002,0.002,0.002,0.002,0.003,0.003
QAc-G-0162,TMA,0.083,0.303,0.009,0.043,0.006,0.005,0.007,0.543
QAc-G-0163,TMA,0.832,0.076,0.007,0.031,0.024,0.003,0.002,0.025
QAc-G-0164,TMA,0.909,0.004,0.056,0.013,0.003,0.002,0.01,0.003
QAc-G-0165,TMA,0.966,0.006,0.005,0.004,0.004,0.007,0.002,0.006
QAc-G-0166,TMA,0.979,0.004,0.003,0.003,0.002,0.003,0.003,0.003
QAc-G-0167,TMA,0.975,0.004,0.004,0.004,0.003,0.004,0.003,0.003
QAc-G-0168,TMA,0.981,0.003,0.002,0.002,0.002,0.002,0.003,0.003
QAc-G-0169,TMA,0.221,0.007,0.015,0.618,0.054,0.005,0.005,0.076
QAc-G-0170,TMA,0.971,0.004,0.004,0.003,0.003,0.005,0.003,0.006
QAc-G-0171,TMA,0.977,0.003,0.003,0.003,0.002,0.003,0.003,0.005
QAc-G-0172,TMA,0.019,0.01,0.014,0.049,0.869,0.011,0.009,0.018
QAc-G-0173,TMA,0.478,0.003,0.003,0.003,0.003,0.002,0.006,0.502
QAc-G-0174,TMA,0.025,0.006,0.004,0.004,0.004,0.003,0.005,0.95
QAc-G-0175,TMA,0.978,0.003,0.003,0.003,0.002,0.002,0.004,0.005
QAc-G-0176,TMA,0.807,0.148,0.005,0.019,0.005,0.003,0.008,0.006
QAc-G-0177,TMA,0.977,0.003,0.003,0.003,0.002,0.003,0.004,0.005
QAc-G-0178,TMA,0.705,0.003,0.23,0.018,0.003,0.017,0.011,0.012
QAc-G-0179,TMA,0.977,0.003,0.002,0.003,0.003,0.002,0.003,0.006
QAc-G-0180,TMA,0.982,0.003,0.003,0.002,0.002,0.002,0.003,0.003
QAc-G-0181,TMA,0.972,0.007,0.005,0.004,0.004,0.003,0.002,0.003
QAc-G-0182,TMA,0.433,0.005,0.005,0.007,0.006,0.005,0.003,0.537
QAc-G-0183,TMA,0.945,0.003,0.005,0.013,0.009,0.003,0.007,0.015
QAc-G-0184,TMA,0.979,0.003,0.003,0.003,0.003,0.003,0.003,0.004
QAc-G-0185,TMA,0.749,0.009,0.103,0.015,0.01,0.04,0.006,0.068
QAc-G-0186,TMA,0.971,0.009,0.005,0.003,0.003,0.002,0.002,0.005
QAc-G-0187,TMA,0.794,0.015,0.11,0.024,0.004,0.006,0.042,0.005
QAc-G-0188,TMA,0.197,0.032,0.007,0.349,0.395,0.005,0.003,0.012
QAc-G-0189,TMA,0.929,0.003,0.006,0.005,0.005,0.002,0.012,0.037
QAc-G-0190,TMA,0.974,0.004,0.004,0.003,0.003,0.004,0.004,0.005
QAc-G-0191,TMA,0.975,0.004,0.003,0.003,0.003,0.004,0.004,0.004
QAc-G-0192,TMA,0.981,0.003,0.003,0.002,0.003,0.003,0.003,0.004
QAc-G-0193,TMA,0.975,0.004,0.004,0.003,0.003,0.004,0.003,0.003
QAc-G-0194,TMA,0.972,0.005,0.005,0.004,0.003,0.003,0.005,0.004
QAc-G-0195,TMA,0.057,0.009,0.005,0.004,0.004,0.002,0.016,0.903
QAc-G-0196,TMA,0.65,0.004,0.003,0.004,0.002,0.002,0.006,0.328
QAc-G-0197,TMA,0.981,0.003,0.002,0.002,0.002,0.003,0.003,0.003
QAc-G-0198,TMA,0.976,0.004,0.003,0.003,0.003,0.003,0.003,0.005
QAc-G-0199,TMA,0.688,0.013,0.108,0.022,0.005,0.017,0.006,0.141
QAc-G-0200,TMA,0.969,0.008,0.005,0.004,0.003,0.002,0.003,0.006
QAc-G-0201,TMA,0.453,0.003,0.003,0.013,0.002,0.002,0.004,0.518
QAc-G-0202,TMA,0.538,0.004,0.003,0.004,0.005,0.003,0.012,0.431
QAc-G-0203,TMA,0.954,0.005,0.003,0.01,0.006,0.002,0.016,0.004
QAc-G-0204,TMA,0.971,0.006,0.004,0.004,0.003,0.003,0.004,0.006
QAc-G-0205,TMA,0.004,0.002,0.002,0.003,0.002,0.002,0.982,0.003
QAc-G-0206,TMA,0.003,0.02,0.008,0.141,0.047,0.004,0.772,0.004
QAc-G-0207,TMA,0.007,0.006,0.01,0.009,0.005,0.005,0.955,0.004
QAc-G-0208,TMA,0.003,0.003,0.003,0.003,0.003,0.003,0.979,0.003
QAc-G-0209,TMA,0.006,0.003,0.004,0.003,0.003,0.002,0.974,0.005
QAc-G-0210,TMA,0.003,0.003,0.003,0.004,0.003,0.003,0.98,0.002
QAc-G-0211,TMA,0.002,0.002,0.004,0.005,0.003,0.004,0.977,0.003
QAc-G-0212,TMA,0.004,0.004,0.003,0.003,0.002,0.003,0.978,0.003
QAc-G-0213,TMA,0.005,0.005,0.004,0.003,0.002,0.003,0.974,0.003
QAc-G-0214,TMA,0.004,0.003,0.002,0.003,0.002,0.002,0.98,0.004
QAc-G-0215,TMA,0.003,0.004,0.004,0.004,0.003,0.003,0.976,0.003
QAc-G-0216,TMA,0.015,0.019,0.007,0.274,0.129,0.004,0.091,0.461
QAc-G-0217,TMA,0.003,0.005,0.008,0.005,0.007,0.011,0.948,0.013
QAc-G-0218,TMA,0.005,0.006,0.008,0.005,0.003,0.005,0.965,0.004
QAc-G-0219,TMA,0.01,0.026,0.008,0.041,0.025,0.023,0.861,0.007
QAc-G-0220,TMA,0.003,0.004,0.006,0.075,0.005,0.005,0.897,0.003
QAc-G-0221,TMA,0.005,0.011,0.028,0.01,0.007,0.012,0.902,0.026
QAc-G-0222,TMA,0.004,0.004,0.003,0.003,0.003,0.002,0.978,0.003
QAc-G-0223,TMA,0.003,0.005,0.006,0.004,0.003,0.004,0.972,0.003
QAc-G-0224,TMA,0.005,0.003,0.004,0.005,0.003,0.003,0.973,0.003
QAc-G-0226,TMA,0.003,0.004,0.003,0.003,0.003,0.003,0.978,0.003
QAc-G-0227,TMA,0.005,0.956,0.004,0.006,0.004,0.015,0.004,0.005
QAc-G-0228,TMA,0.005,0.966,0.006,0.005,0.004,0.003,0.006,0.005
QAc-G-0229,TMA,0.005,0.939,0.014,0.01,0.012,0.004,0.007,0.009
QAc-G-0230,TMA,0.006,0.947,0.006,0.006,0.01,0.003,0.017,0.006
QAc-G-0231,TMA,0.007,0.003,0.003,0.003,0.003,0.004,0.972,0.003
QAc-G-0232,TMA,0.003,0.964,0.01,0.006,0.004,0.01,0.003,0.002
QAc-G-0233,TMA,0.005,0.533,0.165,0.263,0.004,0.006,0.019,0.005
QAc-G-0234,TMA,0.014,0.932,0.013,0.008,0.004,0.004,0.005,0.019
QAc-G-0235,TMA,0.004,0.007,0.009,0.017,0.927,0.003,0.008,0.026
QAc-G-0236,TMA,0.005,0.964,0.004,0.004,0.004,0.009,0.004,0.006
QAc-G-0237,TMA,0.013,0.921,0.013,0.009,0.009,0.013,0.016,0.006
QAc-G-0238,TMA,0.005,0.968,0.004,0.005,0.003,0.004,0.007,0.005
QAc-G-0239,TMA,0.005,0.966,0.007,0.007,0.004,0.003,0.004,0.003
QAc-G-0240,TMA,0.003,0.97,0.005,0.004,0.005,0.006,0.002,0.003
QAc-G-0241,TMA,0.007,0.853,0.026,0.037,0.025,0.006,0.01,0.036
QAc-G-0242,TMA,0.003,0.948,0.014,0.01,0.004,0.009,0.008,0.003
QAc-G-0243,TMA,0.003,0.71,0.132,0.064,0.012,0.049,0.022,0.008
QAc-G-0244,TMA,0.006,0.942,0.005,0.015,0.015,0.004,0.007,0.006
QAc-G-0245,TMA,0.005,0.957,0.004,0.004,0.005,0.015,0.003,0.006
QAc-G-0246,TMA,0.009,0.956,0.006,0.01,0.005,0.007,0.004,0.004
QAc-G-0247,TMA,0.002,0.973,0.005,0.005,0.003,0.003,0.004,0.003
QAc-G-0248,TMA,0.003,0.976,0.003,0.004,0.005,0.003,0.003,0.003
QAc-G-0249,TTA,0.012,0.009,0.928,0.022,0.008,0.003,0.009,0.007
QAc-G-0025,USNA,0.004,0.004,0.003,0.003,0.003,0.003,0.978,0.003
QAc-G-0028,USNA,0.006,0.867,0.068,0.015,0.003,0.004,0.033,0.004
QAc-G-0275,UWBG,0.014,0.005,0.004,0.005,0.004,0.003,0.963,0.004
QAc-G-0263,ZBGP,0.012,0.005,0.147,0.333,0.011,0.006,0.016,0.469
QAc-W-0001,Porter,0.003,0.917,0.005,0.008,0.022,0.036,0.004,0.004
QAc-W-0002,Porter,0.021,0.918,0.013,0.015,0.02,0.003,0.004,0.007
QAc-W-0003,Porter,0.006,0.854,0.006,0.02,0.026,0.009,0.032,0.047
QAc-W-0004,Porter,0.006,0.963,0.007,0.004,0.003,0.004,0.009,0.005
QAc-W-0005,Porter,0.008,0.937,0.01,0.008,0.006,0.013,0.004,0.015
QAc-W-0006,Porter,0.006,0.957,0.007,0.007,0.008,0.005,0.006,0.004
QAc-W-0007,Porter,0.004,0.967,0.008,0.004,0.004,0.005,0.005,0.004
QAc-W-0008,Porter,0.004,0.889,0.045,0.045,0.008,0.003,0.003,0.004
QAc-W-0009,Porter,0.011,0.84,0.019,0.048,0.066,0.007,0.006,0.005
QAc-W-0010,Porter,0.007,0.787,0.064,0.049,0.013,0.021,0.005,0.054
QAc-W-0011,Porter,0.048,0.869,0.005,0.018,0.016,0.02,0.007,0.017
QAc-W-0012,Porter,0.013,0.953,0.006,0.008,0.005,0.006,0.005,0.005
QAc-W-0013,Porter,0.008,0.797,0.006,0.018,0.054,0.004,0.11,0.004
QAc-W-0014,Porter,0.003,0.94,0.028,0.007,0.004,0.005,0.004,0.009
QAc-W-0015,Porter,0.017,0.759,0.032,0.016,0.023,0.004,0.028,0.122
QAc-W-0016,Porter,0.007,0.684,0.096,0.156,0.02,0.003,0.012,0.022
QAc-W-0017,Porter,0.014,0.245,0.149,0.33,0.072,0.016,0.031,0.143
QAc-W-0018,Porter,0.003,0.76,0.022,0.149,0.027,0.01,0.025,0.004
QAc-W-0019,Porter,0.007,0.953,0.011,0.005,0.007,0.006,0.006,0.006
QAc-W-0020,Porter,0.004,0.886,0.005,0.035,0.008,0.054,0.003,0.006
QAc-W-0021,Porter,0.012,0.416,0.047,0.211,0.058,0.01,0.241,0.004
QAc-W-0022,Porter,0.009,0.491,0.189,0.162,0.021,0.007,0.024,0.097
QAc-W-0023,Porter,0.003,0.532,0.079,0.076,0.205,0.067,0.032,0.006
QAc-W-0024,Porter,0.04,0.545,0.021,0.173,0.02,0.007,0.188,0.007
QAc-W-0025,Porter,0.004,0.971,0.005,0.006,0.004,0.004,0.004,0.003
QAc-W-0026,Porter,0.045,0.639,0.06,0.064,0.014,0.104,0.047,0.027
QAc-W-0027,Porter,0.009,0.955,0.011,0.007,0.008,0.003,0.004,0.003
QAc-W-0028,Porter,0.005,0.967,0.005,0.006,0.005,0.004,0.003,0.005
QAc-W-0029,Porter,0.003,0.956,0.005,0.01,0.01,0.008,0.006,0.003
QAc-W-0030,Porter,0.01,0.956,0.003,0.007,0.005,0.008,0.004,0.007
QAc-W-0031,Porter,0.005,0.908,0.005,0.008,0.008,0.003,0.061,0.003
QAc-W-0032,Porter,0.002,0.966,0.009,0.005,0.003,0.008,0.004,0.002
QAc-W-0033,Porter,0.005,0.695,0.037,0.222,0.007,0.021,0.01,0.005
QAc-W-0034,Porter,0.004,0.953,0.007,0.006,0.017,0.005,0.004,0.003
QAc-W-0035,Porter,0.023,0.868,0.036,0.024,0.007,0.005,0.017,0.02
QAc-W-0036,Porter,0.004,0.925,0.009,0.006,0.009,0.038,0.003,0.005
QAc-W-0037,Porter,0.024,0.935,0.006,0.006,0.004,0.012,0.009,0.004
QAc-W-0038,Porter,0.013,0.91,0.009,0.018,0.012,0.012,0.004,0.022
QAc-W-0039,Porter,0.02,0.903,0.007,0.009,0.015,0.03,0.01,0.007
QAc-W-0040,Porter,0.01,0.623,0.182,0.14,0.007,0.019,0.009,0.009
QAc-W-0041,Porter,0.017,0.846,0.013,0.03,0.031,0.005,0.054,0.004
QAc-W-0042,Magazine,0.023,0.021,0.007,0.031,0.702,0.194,0.013,0.008
QAc-W-0043,Magazine,0.033,0.02,0.005,0.011,0.908,0.006,0.008,0.009
QAc-W-0044,Magazine,0.022,0.129,0.086,0.029,0.418,0.267,0.006,0.043
QAc-W-0045,Magazine,0.01,0.01,0.007,0.013,0.934,0.015,0.007,0.005
QAc-W-0046,Magazine,0.018,0.015,0.006,0.009,0.926,0.01,0.013,0.004
QAc-W-0047,Magazine,0.009,0.034,0.017,0.008,0.876,0.027,0.003,0.026
QAc-W-0048,Magazine,0.004,0.013,0.004,0.012,0.918,0.039,0.006,0.004
QAc-W-0049,Magazine,0.005,0.006,0.005,0.008,0.912,0.055,0.007,0.003
QAc-W-0050,Magazine,0.008,0.006,0.017,0.482,0.461,0.006,0.015,0.006
QAc-W-0051,Magazine,0.008,0.015,0.007,0.536,0.351,0.021,0.009,0.052
QAc-W-0052,Magazine,0.004,0.005,0.003,0.003,0.003,0.977,0.002,0.003
QAc-W-0053,Magazine,0.003,0.012,0.009,0.006,0.953,0.009,0.004,0.005
QAc-W-0054,Magazine,0.067,0.012,0.062,0.681,0.05,0.041,0.006,0.082
QAc-W-0055,Magazine,0.345,0.007,0.026,0.362,0.094,0.006,0.039,0.121
QAc-W-0056,Magazine,0.007,0.038,0.011,0.887,0.019,0.007,0.015,0.016
QAc-W-0057,Magazine,0.005,0.014,0.012,0.434,0.311,0.008,0.059,0.157
QAc-W-0058,Magazine,0.013,0.005,0.004,0.206,0.556,0.006,0.185,0.025
QAc-W-0059,Magazine,0.004,0.003,0.003,0.003,0.977,0.004,0.003,0.004
QAc-W-0060,Magazine,0.011,0.021,0.008,0.009,0.008,0.05,0.003,0.89
QAc-W-0061,Magazine,0.09,0.022,0.04,0.035,0.047,0.004,0.015,0.745
QAc-W-0062,Magazine,0.009,0.004,0.007,0.004,0.003,0.015,0.006,0.952
QAc-W-0063,Magazine,0.011,0.009,0.015,0.012,0.005,0.012,0.01,0.926
QAc-W-0064,Magazine,0.016,0.01,0.008,0.007,0.004,0.004,0.007,0.944
QAc-W-0065,Magazine,0.006,0.013,0.028,0.026,0.015,0.005,0.006,0.9
QAc-W-0066,Magazine,0.98,0.003,0.002,0.002,0.002,0.002,0.004,0.004
QAc-W-0067,Magazine,0.98,0.002,0.003,0.003,0.002,0.003,0.003,0.003
QAc-W-0068,Magazine,0.98,0.003,0.002,0.002,0.002,0.002,0.003,0.004
QAc-W-0069,Magazine,0.977,0.003,0.003,0.003,0.002,0.002,0.004,0.006
QAc-W-0070,Magazine,0.595,0.003,0.003,0.002,0.002,0.002,0.003,0.389
QAc-W-0071,Magazine,0.268,0.004,0.004,0.005,0.004,0.004,0.014,0.697
QAc-W-0072,Magazine,0.005,0.013,0.127,0.014,0.003,0.004,0.008,0.826
QAc-W-0073,Magazine,0.004,0.008,0.007,0.01,0.04,0.007,0.006,0.918
QAc-W-0074,Magazine,0.005,0.003,0.004,0.003,0.003,0.003,0.004,0.975
QAc-W-0075,Magazine,0.016,0.003,0.003,0.003,0.003,0.003,0.005,0.965
QAc-W-0076,Magazine,0.004,0.004,0.02,0.005,0.004,0.003,0.007,0.953
QAc-W-0077,Magazine,0.139,0.006,0.005,0.007,0.009,0.004,0.004,0.827
QAc-W-0078,Pryor,0.039,0.049,0.148,0.117,0.009,0.015,0.613,0.009
QAc-W-0079,Pryor,0.026,0.011,0.011,0.006,0.008,0.005,0.925,0.008
QAc-W-0080,Pryor,0.005,0.028,0.005,0.01,0.011,0.002,0.936,0.003
QAc-W-0081,Pryor,0.003,0.006,0.004,0.005,0.004,0.007,0.966,0.005
QAc-W-0082,Pryor,0.003,0.006,0.005,0.454,0.157,0.002,0.367,0.006
QAc-W-0083,Pryor,0.013,0.015,0.033,0.009,0.009,0.011,0.853,0.055
QAc-W-0084,Pryor,0.004,0.005,0.003,0.004,0.003,0.006,0.972,0.003
QAc-W-0085,Pryor,0.005,0.003,0.004,0.005,0.003,0.004,0.973,0.003
QAc-W-0086,Pryor,0.006,0.005,0.009,0.006,0.004,0.003,0.963,0.004
QAc-W-0087,Pryor,0.008,0.006,0.013,0.008,0.009,0.003,0.95,0.003
QAc-W-0088,Pryor,0.004,0.005,0.007,0.031,0.038,0.004,0.908,0.004
QAc-W-0089,Pryor,0.007,0.007,0.003,0.004,0.004,0.003,0.969,0.004
QAc-W-0090,Pryor,0.006,0.006,0.003,0.005,0.004,0.003,0.97,0.003
QAc-W-0091,Pryor,0.005,0.006,0.009,0.019,0.011,0.009,0.932,0.009
QAc-W-0092,Pryor,0.008,0.039,0.006,0.007,0.007,0.249,0.681,0.004
QAc-W-0093,Pryor,0.002,0.089,0.047,0.096,0.051,0.008,0.701,0.006
QAc-W-0094,Pryor,0.003,0.037,0.01,0.059,0.02,0.251,0.581,0.038
QAc-W-0095,Pryor,0.003,0.017,0.007,0.009,0.01,0.044,0.89,0.02
QAc-W-0096,Pryor,0.006,0.025,0.017,0.039,0.025,0.102,0.732,0.052
QAc-W-0097,Pryor,0.007,0.069,0.006,0.11,0.139,0.007,0.654,0.007
QAc-W-0098,Pryor,0.003,0.006,0.004,0.007,0.01,0.005,0.962,0.003
QAc-W-0099,Pryor,0.004,0.023,0.077,0.212,0.017,0.011,0.65,0.006
QAc-W-0100,Pryor,0.003,0.005,0.008,0.013,0.005,0.003,0.959,0.003
QAc-W-0101,Pryor,0.037,0.006,0.012,0.007,0.005,0.003,0.923,0.006
QAc-W-0104,Pryor,0.003,0.008,0.023,0.013,0.018,0.004,0.924,0.006
QAc-W-0105,Pryor,0.004,0.008,0.005,0.007,0.003,0.013,0.955,0.004
QAc-W-0106,Pryor,0.006,0.02,0.009,0.036,0.005,0.061,0.86,0.004
QAc-W-0107,Pryor,0.004,0.003,0.004,0.004,0.003,0.004,0.966,0.012
QAc-W-0108,Pryor,0.005,0.003,0.003,0.003,0.003,0.002,0.974,0.007
QAc-W-0109,Pryor,0.024,0.012,0.005,0.009,0.015,0.006,0.922,0.006
QAc-W-0110,Pryor,0.012,0.547,0.043,0.095,0.009,0.005,0.281,0.008
QAc-W-0111,Pryor,0.006,0.01,0.004,0.007,0.005,0.006,0.958,0.004
QAc-W-0112,Pryor,0.004,0.015,0.021,0.019,0.01,0.008,0.919,0.004
QAc-W-0113,Sugar_Loaf,0.004,0.012,0.956,0.008,0.006,0.004,0.006,0.005
QAc-W-0114,Sugar_Loaf,0.005,0.005,0.939,0.009,0.016,0.007,0.016,0.004
QAc-W-0115,Sugar_Loaf,0.005,0.008,0.962,0.005,0.003,0.005,0.006,0.006
QAc-W-0116,Sugar_Loaf,0.002,0.015,0.938,0.01,0.013,0.015,0.004,0.003
QAc-W-0117,Sugar_Loaf,0.004,0.006,0.966,0.007,0.007,0.003,0.003,0.004
QAc-W-0118,Sugar_Loaf,0.018,0.006,0.91,0.009,0.005,0.004,0.014,0.034
QAc-W-0119,Sugar_Loaf,0.008,0.006,0.959,0.008,0.004,0.007,0.004,0.003
QAc-W-0120,Sugar_Loaf,0.012,0.01,0.933,0.02,0.007,0.003,0.006,0.01
QAc-W-0121,Sugar_Loaf,0.044,0.006,0.915,0.012,0.007,0.003,0.003,0.01
QAc-W-0122,Sugar_Loaf,0.003,0.012,0.933,0.019,0.018,0.004,0.005,0.006
QAc-W-0123,Sugar_Loaf,0.01,0.01,0.893,0.035,0.016,0.013,0.011,0.013
QAc-W-0124,Sugar_Loaf,0.013,0.06,0.679,0.027,0.004,0.011,0.046,0.161
QAc-W-0125,Sugar_Loaf,0.007,0.005,0.947,0.008,0.007,0.009,0.012,0.005
QAc-W-0126,Sugar_Loaf,0.006,0.007,0.908,0.031,0.012,0.01,0.019,0.008
QAc-W-0127,Sugar_Loaf,0.004,0.005,0.964,0.008,0.005,0.004,0.003,0.006
QAc-W-0128,Sugar_Loaf,0.013,0.011,0.903,0.011,0.011,0.003,0.043,0.006
QAc-W-0129,Sugar_Loaf,0.006,0.049,0.864,0.037,0.02,0.005,0.005,0.013
QAc-W-0130,Sugar_Loaf,0.007,0.019,0.948,0.008,0.007,0.003,0.006,0.004
QAc-W-0131,Sugar_Loaf,0.004,0.005,0.892,0.034,0.005,0.045,0.005,0.009
QAc-W-0132,Sugar_Loaf,0.052,0.025,0.849,0.012,0.005,0.019,0.014,0.023
QAc-W-0133,Sugar_Loaf,0.11,0.006,0.414,0.396,0.006,0.006,0.047,0.015
QAc-W-0134,Sugar_Loaf,0.004,0.004,0.97,0.004,0.004,0.005,0.004,0.005
QAc-W-0135,Sugar_Loaf,0.01,0.061,0.89,0.008,0.007,0.003,0.005,0.016
QAc-W-0136,Sugar_Loaf,0.003,0.005,0.969,0.005,0.003,0.009,0.003,0.004
QAc-W-0137,Sugar_Loaf,0.003,0.004,0.975,0.003,0.003,0.005,0.002,0.004
QAc-W-0138,Sugar_Loaf,0.004,0.005,0.974,0.004,0.003,0.004,0.002,0.004
QAc-W-0139,Sugar_Loaf,0.005,0.033,0.639,0.015,0.005,0.008,0.035,0.261
QAc-W-0140,Sugar_Loaf,0.005,0.037,0.858,0.013,0.075,0.003,0.006,0.004
QAc-W-0141,Sugar_Loaf,0.017,0.061,0.855,0.032,0.018,0.004,0.005,0.007
QAc-W-0142,Sugar_Loaf,0.006,0.003,0.968,0.005,0.004,0.002,0.004,0.008
QAc-W-0143,Sugar_Loaf,0.003,0.005,0.959,0.011,0.008,0.003,0.006,0.005
QAc-W-0144,Sugar_Loaf,0.003,0.007,0.823,0.026,0.125,0.006,0.005,0.005
QAc-W-0145,Sugar_Loaf,0.003,0.003,0.964,0.013,0.005,0.004,0.003,0.005
QAc-W-0146,Sugar_Loaf,0.004,0.012,0.963,0.005,0.003,0.005,0.005,0.003
QAc-W-0147,Sugar_Loaf,0.003,0.004,0.973,0.004,0.003,0.003,0.004,0.007
QAc-W-0148,Sugar_Loaf,0.003,0.006,0.968,0.004,0.003,0.006,0.003,0.006
QAc-W-0149,Sugar_Loaf,0.003,0.008,0.906,0.019,0.039,0.011,0.009,0.005
QAc-W-0150,Sugar_Loaf,0.008,0.053,0.89,0.012,0.006,0.011,0.015,0.006
QAc-W-0151,Sugar_Loaf,0.004,0.012,0.957,0.006,0.005,0.005,0.006,0.004
QAc-W-0152,Sugar_Loaf,0.005,0.005,0.964,0.005,0.005,0.003,0.003,0.009
QAc-W-0153,Sugar_Loaf,0.006,0.048,0.027,0.835,0.01,0.005,0.033,0.037
QAc-W-0154,Sugar_Loaf,0.003,0.038,0.907,0.035,0.005,0.003,0.004,0.004
QAc-W-0155,Sugar_Loaf,0.003,0.005,0.974,0.004,0.003,0.003,0.003,0.005
QAc-W-0156,Sugar_Loaf,0.004,0.041,0.851,0.01,0.004,0.013,0.074,0.004
QAc-W-0157,Sugar_Loaf,0.009,0.012,0.828,0.086,0.013,0.034,0.003,0.015
QAc-W-0158,Sugar_Loaf,0.021,0.042,0.887,0.006,0.004,0.005,0.029,0.007
QAc-W-0159,Sugar_Loaf,0.007,0.007,0.957,0.007,0.005,0.009,0.005,0.003
QAc-W-0160,Sugar_Loaf,0.003,0.031,0.938,0.009,0.003,0.005,0.005,0.007
QAc-W-0161,Sugar_Loaf,0.004,0.043,0.813,0.014,0.008,0.111,0.004,0.003
QAc-W-0162,Sugar_Loaf,0.005,0.003,0.789,0.008,0.017,0.015,0.003,0.159
QAc-W-0163,Sugar_Loaf,0.004,0.005,0.946,0.016,0.017,0.005,0.003,0.004
QAc-W-0164,Sugar_Loaf,0.005,0.004,0.958,0.008,0.004,0.006,0.004,0.011
QAc-W-0165,Sugar_Loaf,0.033,0.006,0.883,0.051,0.006,0.009,0.002,0.01
QAc-W-0166,Sugar_Loaf,0.005,0.021,0.95,0.006,0.005,0.005,0.003,0.006
