

----------------------------------------------------
STRUCTURE by Pritchard, Stephens and Donnelly (2000)
     and Falush, Stephens and Pritchard (2003)
       Code by Pritchard, Falush and Hubisz
             Version 2.3.4 (Jul 2012)
----------------------------------------------------



Command line arguments:   bin\structure -m C:\Users\eschumacher\Documents\GitHub\GCC_QUAC_ZAIN\Data_Files\Structure_Files\ZAIN\ZAIN_rebinned_allpop_str\50-50\mainparams -e C:\Users\eschumacher\Documents\GitHub\GCC_QUAC_ZAIN\Data_Files\Structure_Files\ZAIN\ZAIN_rebinned_allpop_str\50-50\extraparams 
Input File:    C:\Users\eschumacher\Documents\GitHub\GCC_QUAC_ZAIN\Data_Files\Structure_Files\ZAIN\ZAIN_rebinned_allpop_str\project_data

Run parameters:
   1133 individuals
   11 loci
   11 populations assumed
   50000 Burn-in period
   50000 Reps


--------------------------------------------
Proportion of membership of each pre-defined
 population in each of the 11 clusters

Given    Inferred Clusters                                                               Number of
 Pop       1      2      3      4      5      6      7      8      9     10     11      Individuals

  1:     0.106  0.082  0.106  0.036  0.106  0.087  0.087  0.111  0.149  0.076  0.052      303
  2:     0.190  0.038  0.164  0.034  0.106  0.103  0.065  0.123  0.106  0.055  0.016       15
  3:     0.008  0.025  0.090  0.008  0.346  0.024  0.013  0.016  0.086  0.131  0.253        2
  4:     0.031  0.110  0.149  0.024  0.244  0.089  0.069  0.204  0.054  0.020  0.007        2
  5:     0.017  0.026  0.029  0.054  0.346  0.133  0.041  0.066  0.028  0.058  0.202        7
  6:     0.017  0.010  0.037  0.009  0.012  0.012  0.015  0.117  0.652  0.016  0.102       13
  7:     0.005  0.005  0.006  0.004  0.014  0.007  0.015  0.007  0.928  0.005  0.005       13
  8:     0.016  0.478  0.053  0.054  0.022  0.127  0.011  0.131  0.014  0.039  0.055        7
  9:     0.013  0.059  0.273  0.023  0.061  0.153  0.038  0.269  0.018  0.052  0.041       11
 10:     0.027  0.409  0.055  0.024  0.154  0.072  0.101  0.063  0.014  0.058  0.023        9
 11:     0.007  0.013  0.010  0.005  0.013  0.009  0.891  0.006  0.032  0.009  0.005       35
 12:     0.026  0.187  0.317  0.024  0.007  0.184  0.007  0.094  0.005  0.135  0.015       36
 13:     0.009  0.107  0.253  0.026  0.009  0.388  0.005  0.045  0.006  0.131  0.020       33
 14:     0.908  0.007  0.009  0.009  0.005  0.014  0.007  0.006  0.019  0.007  0.010       40
 15:     0.007  0.007  0.010  0.007  0.005  0.007  0.004  0.027  0.004  0.007  0.916       39
 16:     0.024  0.029  0.027  0.025  0.562  0.043  0.183  0.018  0.053  0.025  0.011       40
 17:     0.033  0.008  0.015  0.017  0.706  0.011  0.064  0.010  0.112  0.013  0.011       37
 18:     0.007  0.582  0.108  0.021  0.004  0.177  0.005  0.041  0.004  0.039  0.011       40
 19:     0.037  0.005  0.007  0.003  0.007  0.006  0.902  0.006  0.008  0.004  0.013       28
 20:     0.850  0.009  0.025  0.009  0.018  0.015  0.009  0.011  0.035  0.014  0.007       14
 21:     0.009  0.007  0.016  0.006  0.018  0.008  0.008  0.011  0.869  0.008  0.040       13
 22:     0.017  0.014  0.015  0.008  0.004  0.012  0.005  0.888  0.003  0.010  0.024       14
 23:     0.007  0.019  0.120  0.023  0.004  0.036  0.004  0.015  0.004  0.760  0.008       25
 24:     0.008  0.011  0.011  0.913  0.005  0.014  0.007  0.008  0.005  0.011  0.006       40
 25:     0.782  0.026  0.031  0.008  0.021  0.022  0.024  0.045  0.009  0.015  0.016       32
 26:     0.005  0.005  0.007  0.006  0.005  0.006  0.003  0.004  0.948  0.006  0.004       20
 27:     0.010  0.020  0.009  0.007  0.218  0.014  0.690  0.011  0.008  0.009  0.004        4
 28:     0.011  0.047  0.015  0.013  0.021  0.046  0.791  0.013  0.021  0.016  0.005       23
 29:     0.009  0.006  0.005  0.005  0.015  0.007  0.929  0.006  0.007  0.005  0.006       39
 30:     0.008  0.006  0.008  0.005  0.010  0.007  0.053  0.005  0.887  0.006  0.004       38
 31:     0.009  0.040  0.086  0.051  0.008  0.041  0.005  0.570  0.005  0.023  0.162       45
 32:     0.017  0.087  0.217  0.019  0.009  0.147  0.005  0.245  0.007  0.095  0.153       28
 33:     0.007  0.005  0.005  0.005  0.024  0.005  0.924  0.005  0.009  0.004  0.008        6
 34:     0.014  0.009  0.014  0.038  0.820  0.025  0.028  0.023  0.008  0.010  0.011       40
 35:     0.013  0.008  0.015  0.012  0.806  0.008  0.021  0.020  0.078  0.009  0.011       42
--------------------------------------------

Allele-freq. divergence among pops (Net nucleotide distance),
computed using point estimates of P.

      1       2       3       4       5       6       7       8       9      10      11      
 1      -    0.2345  0.1891  0.1952  0.1100  0.1647  0.1525  0.1510  0.2207  0.1904  0.1692  
 2   0.2345     -    0.0549  0.1574  0.2061  0.0373  0.2634  0.0827  0.3548  0.0939  0.2777  
 3   0.1891  0.0549     -    0.1386  0.1542  0.0392  0.2458  0.0624  0.2789  0.0544  0.2029  
 4   0.1952  0.1574  0.1386     -    0.2249  0.1046  0.3503  0.1383  0.3654  0.1183  0.2750  
 5   0.1100  0.2061  0.1542  0.2249     -    0.1500  0.0963  0.1234  0.1246  0.1749  0.1829  
 6   0.1647  0.0373  0.0392  0.1046  0.1500     -    0.2207  0.0761  0.2953  0.0692  0.2424  
 7   0.1525  0.2634  0.2458  0.3503  0.0963  0.2207     -    0.2440  0.1494  0.2584  0.2802  
 8   0.1510  0.0827  0.0624  0.1383  0.1234  0.0761  0.2440     -    0.2927  0.1204  0.1297  
 9   0.2207  0.3548  0.2789  0.3654  0.1246  0.2953  0.1494  0.2927     -    0.2910  0.3531  
10   0.1904  0.0939  0.0544  0.1183  0.1749  0.0692  0.2584  0.1204  0.2910     -    0.2362  
11   0.1692  0.2777  0.2029  0.2750  0.1829  0.2424  0.2802  0.1297  0.3531  0.2362     -    

Average distances (expected heterozygosity) between individuals in same cluster:
cluster  1  : 0.4260 
cluster  2  : 0.3416 
cluster  3  : 0.3670 
cluster  4  : 0.3564 
cluster  5  : 0.5483 
cluster  6  : 0.4021 
cluster  7  : 0.4709 
cluster  8  : 0.4306 
cluster  9  : 0.4166 
cluster 10  : 0.3960 
cluster 11  : 0.2533 

--------------------------------------------
Estimated Ln Prob of Data   = -21318.2
Mean value of ln likelihood = -20568.2
Variance of ln likelihood   = 1500.1
Mean value of alpha         = 0.0347

Mean value of Fst_1         = 0.4223
Mean value of Fst_2         = 0.3778
Mean value of Fst_3         = 0.2996
Mean value of Fst_4         = 0.4129
Mean value of Fst_5         = 0.1648
Mean value of Fst_6         = 0.3198
Mean value of Fst_7         = 0.3823
Mean value of Fst_8         = 0.3245
Mean value of Fst_9         = 0.4402
Mean value of Fst_10         = 0.3498
Mean value of Fst_11         = 0.5680


Inferred ancestry of individuals:
        Label (%Miss) Pop:  Inferred clusters
  1 TMA-ZAIN-G-    (9)    1 :  0.010 0.009 0.007 0.008 0.049 0.067 0.708 0.036 0.007 0.006 0.092 
  2 TMA-ZAIN-G-    (0)    1 :  0.022 0.012 0.022 0.004 0.017 0.036 0.672 0.008 0.009 0.191 0.008 
  3 TMA-ZAIN-G-    (0)    1 :  0.009 0.063 0.033 0.059 0.007 0.677 0.005 0.101 0.003 0.017 0.024 
  4 TMA-ZAIN-G-    (0)    1 :  0.543 0.083 0.065 0.028 0.014 0.173 0.018 0.020 0.011 0.026 0.020 
  5 TMA-ZAIN-G-    (0)    1 :  0.006 0.003 0.003 0.002 0.004 0.003 0.965 0.002 0.006 0.002 0.002 
  6 TMA-ZAIN-G-    (0)    1 :  0.028 0.012 0.026 0.059 0.067 0.643 0.040 0.058 0.034 0.018 0.014 
  7 TMA-ZAIN-G-    (0)    1 :  0.020 0.024 0.627 0.006 0.012 0.178 0.011 0.055 0.006 0.024 0.035 
  8 TMA-ZAIN-G-    (0)    1 :  0.019 0.026 0.033 0.023 0.005 0.064 0.007 0.795 0.003 0.019 0.007 
  9 TMA-ZAIN-G-    (9)    1 :  0.005 0.043 0.480 0.022 0.008 0.249 0.006 0.079 0.005 0.095 0.008 
 10 TMA-ZAIN-G-    (0)    1 :  0.011 0.030 0.576 0.029 0.009 0.164 0.003 0.126 0.004 0.038 0.011 
 11 TMA-ZAIN-G-    (0)    1 :  0.006 0.007 0.740 0.005 0.005 0.120 0.004 0.090 0.004 0.012 0.007 
 12 TMA-ZAIN-G-    (0)    1 :  0.006 0.522 0.027 0.005 0.007 0.369 0.005 0.024 0.003 0.007 0.024 
 13 TMA-ZAIN-G-    (9)    1 :  0.023 0.049 0.385 0.015 0.024 0.018 0.045 0.123 0.077 0.152 0.089 
 14 TMA-ZAIN-G-    (9)    1 :  0.008 0.010 0.025 0.006 0.010 0.012 0.003 0.046 0.011 0.018 0.850 
 15 TMA-ZAIN-G-    (0)    1 :  0.005 0.006 0.006 0.008 0.005 0.062 0.003 0.061 0.002 0.005 0.837 
 16 TMA-ZAIN-G-    (0)    1 :  0.004 0.590 0.171 0.005 0.006 0.177 0.004 0.017 0.005 0.015 0.006 
 17 TMA-ZAIN-G-    (9)    1 :  0.039 0.024 0.015 0.006 0.033 0.017 0.015 0.805 0.015 0.006 0.027 
 18 TMA-ZAIN-G-    (0)    1 :  0.044 0.017 0.006 0.007 0.112 0.011 0.764 0.014 0.006 0.005 0.014 
 19 TMA-ZAIN-G-    (0)    1 :  0.006 0.021 0.026 0.005 0.845 0.015 0.014 0.030 0.015 0.008 0.013 
 20 TMA-ZAIN-G-    (0)    1 :  0.025 0.003 0.004 0.004 0.829 0.003 0.043 0.003 0.078 0.005 0.003 
 21 TMA-ZAIN-G-    (0)    1 :  0.006 0.004 0.005 0.005 0.005 0.006 0.003 0.004 0.958 0.003 0.002 
 22 TMA-ZAIN-G-    (0)    1 :  0.007 0.003 0.003 0.002 0.013 0.003 0.054 0.003 0.906 0.003 0.003 
 23 TMA-ZAIN-G-    (0)    1 :  0.005 0.006 0.009 0.004 0.038 0.007 0.020 0.008 0.892 0.005 0.007 
 24 TMA-ZAIN-G-    (9)    1 :  0.005 0.010 0.015 0.108 0.003 0.006 0.006 0.009 0.658 0.161 0.020 
 25 TMA-ZAIN-G-    (9)    1 :  0.005 0.006 0.005 0.005 0.631 0.137 0.095 0.005 0.014 0.093 0.005 
 26 TMA-ZAIN-G-    (9)    1 :  0.525 0.012 0.017 0.008 0.009 0.205 0.007 0.061 0.026 0.112 0.018 
 27 TMA-ZAIN-G-    (0)    1 :  0.022 0.005 0.017 0.013 0.754 0.011 0.079 0.017 0.015 0.005 0.063 
 28 TMA-ZAIN-G-    (0)    1 :  0.007 0.006 0.009 0.008 0.915 0.012 0.011 0.009 0.004 0.006 0.012 
 29 TMA-ZAIN-G-    (0)    1 :  0.011 0.004 0.004 0.711 0.241 0.004 0.003 0.005 0.004 0.006 0.006 
 30 TMA-ZAIN-G-    (0)    1 :  0.008 0.049 0.126 0.050 0.364 0.054 0.004 0.149 0.005 0.124 0.068 
 31 TMA-ZAIN-G-    (0)    1 :  0.057 0.004 0.006 0.007 0.009 0.005 0.880 0.004 0.012 0.009 0.006 
 32 TMA-ZAIN-G-    (9)    1 :  0.005 0.028 0.007 0.003 0.031 0.390 0.412 0.015 0.080 0.007 0.020 
 33 TMA-ZAIN-G-   (18)    1 :  0.004 0.046 0.016 0.008 0.004 0.861 0.004 0.042 0.002 0.006 0.006 
 34 TMA-ZAIN-G-    (0)    1 :  0.006 0.047 0.012 0.004 0.011 0.804 0.066 0.007 0.024 0.012 0.005 
 35 TMA-ZAIN-G-    (9)    1 :  0.006 0.009 0.008 0.010 0.005 0.924 0.005 0.009 0.003 0.011 0.011 
 36 TMA-ZAIN-G-    (0)    1 :  0.014 0.014 0.032 0.010 0.005 0.199 0.004 0.204 0.003 0.336 0.179 
 37 TMA-ZAIN-G-    (9)    1 :  0.006 0.008 0.009 0.006 0.005 0.937 0.004 0.007 0.004 0.011 0.004 
 38 TMA-ZAIN-G-   (18)    1 :  0.008 0.012 0.011 0.005 0.030 0.302 0.528 0.014 0.026 0.013 0.051 
 39 TMA-ZAIN-G-    (0)    1 :  0.008 0.130 0.040 0.012 0.005 0.048 0.003 0.031 0.004 0.715 0.004 
 40 TMA-ZAIN-G-    (0)    1 :  0.007 0.354 0.035 0.007 0.005 0.110 0.003 0.313 0.005 0.156 0.007 
 41 TMA-ZAIN-G-    (0)    1 :  0.005 0.025 0.015 0.006 0.004 0.027 0.003 0.608 0.003 0.248 0.055 
 42 TMA-ZAIN-G-    (9)    1 :  0.007 0.010 0.006 0.006 0.003 0.007 0.003 0.852 0.002 0.010 0.095 
 43 TMA-ZAIN-G-    (0)    1 :  0.005 0.004 0.005 0.009 0.003 0.004 0.003 0.008 0.003 0.005 0.953 
 44 TMA-ZAIN-G-    (0)    1 :  0.004 0.012 0.090 0.008 0.006 0.026 0.005 0.007 0.789 0.048 0.005 
 45 TMA-ZAIN-G-    (0)    1 :  0.010 0.130 0.533 0.007 0.008 0.201 0.005 0.069 0.006 0.014 0.015 
 46 TMA-ZAIN-G-    (0)    1 :  0.006 0.003 0.004 0.003 0.004 0.003 0.003 0.003 0.963 0.005 0.004 
 47 TMA-ZAIN-G-    (0)    1 :  0.959 0.005 0.003 0.004 0.004 0.006 0.004 0.004 0.003 0.003 0.004 
 48 TMA-ZAIN-G-    (0)    1 :  0.471 0.025 0.166 0.015 0.018 0.042 0.007 0.180 0.026 0.019 0.031 
 49 TMA-ZAIN-G-    (9)    1 :  0.011 0.027 0.008 0.044 0.839 0.028 0.021 0.006 0.006 0.005 0.004 
 50 TMA-ZAIN-G-    (0)    1 :  0.003 0.013 0.006 0.003 0.881 0.005 0.006 0.047 0.007 0.022 0.008 
 51 TMA-ZAIN-G-    (0)    1 :  0.024 0.004 0.015 0.005 0.807 0.008 0.007 0.016 0.009 0.010 0.094 
 52 TMA-ZAIN-G-    (0)    1 :  0.117 0.018 0.011 0.003 0.782 0.008 0.006 0.010 0.014 0.008 0.023 
 53 TMA-ZAIN-G-    (0)    1 :  0.186 0.004 0.030 0.006 0.411 0.009 0.257 0.011 0.012 0.021 0.053 
 54 TMA-ZAIN-G-    (0)    1 :  0.919 0.008 0.008 0.004 0.010 0.007 0.005 0.016 0.005 0.005 0.013 
 55 TMA-ZAIN-G-    (0)    1 :  0.825 0.013 0.012 0.004 0.032 0.007 0.005 0.056 0.009 0.004 0.032 
 56 TMA-ZAIN-G-    (0)    1 :  0.487 0.022 0.092 0.036 0.100 0.048 0.012 0.136 0.009 0.037 0.020 
 57 TMA-ZAIN-G-    (0)    1 :  0.888 0.028 0.010 0.009 0.018 0.012 0.009 0.005 0.004 0.013 0.006 
 58 TMA-ZAIN-G-    (0)    1 :  0.025 0.013 0.008 0.006 0.757 0.010 0.041 0.022 0.104 0.003 0.010 
 59 TMA-ZAIN-G-    (0)    1 :  0.036 0.025 0.151 0.022 0.026 0.060 0.590 0.033 0.025 0.021 0.010 
 60 TMA-ZAIN-G-    (0)    1 :  0.029 0.006 0.030 0.008 0.319 0.011 0.432 0.017 0.008 0.006 0.133 
 61 TMA-ZAIN-G-    (0)    1 :  0.019 0.003 0.004 0.003 0.009 0.005 0.924 0.003 0.022 0.003 0.003 
 62 TMA-ZAIN-G-    (9)    1 :  0.008 0.046 0.035 0.008 0.048 0.073 0.699 0.030 0.020 0.027 0.006 
 63 TMA-ZAIN-G-    (0)    1 :  0.014 0.006 0.005 0.003 0.010 0.007 0.931 0.005 0.008 0.003 0.007 
 64 TMA-ZAIN-G-    (0)    1 :  0.003 0.005 0.008 0.953 0.003 0.006 0.002 0.004 0.002 0.008 0.005 
 65 TMA-ZAIN-G-    (9)    1 :  0.007 0.018 0.007 0.897 0.004 0.041 0.003 0.008 0.003 0.007 0.005 
 66 TMA-ZAIN-G-    (0)    1 :  0.004 0.012 0.026 0.899 0.003 0.020 0.003 0.009 0.003 0.016 0.005 
 67 TMA-ZAIN-G-    (0)    1 :  0.005 0.017 0.040 0.765 0.011 0.040 0.004 0.010 0.013 0.091 0.003 
 68 TMA-ZAIN-G-    (0)    1 :  0.005 0.005 0.005 0.955 0.003 0.005 0.002 0.007 0.002 0.004 0.006 
 69 TMA-ZAIN-G-    (0)    1 :  0.013 0.035 0.025 0.728 0.016 0.071 0.020 0.007 0.027 0.040 0.019 
 70 TMA-ZAIN-G-    (0)    1 :  0.004 0.011 0.056 0.013 0.004 0.009 0.003 0.005 0.004 0.887 0.005 
 71 TMA-ZAIN-G-    (0)    1 :  0.003 0.013 0.013 0.004 0.003 0.012 0.003 0.005 0.003 0.937 0.003 
 72 TMA-ZAIN-G-    (0)    1 :  0.006 0.007 0.013 0.014 0.005 0.011 0.003 0.007 0.004 0.924 0.006 
 73 TMA-ZAIN-G-    (0)    1 :  0.013 0.008 0.006 0.006 0.021 0.016 0.022 0.005 0.030 0.869 0.003 
 74 TMA-ZAIN-G-    (0)    1 :  0.004 0.009 0.007 0.005 0.006 0.012 0.005 0.006 0.005 0.937 0.004 
 75 TMA-ZAIN-G-    (0)    1 :  0.006 0.008 0.007 0.005 0.005 0.012 0.004 0.006 0.003 0.941 0.004 
 76 TMA-ZAIN-G-    (0)    1 :  0.003 0.008 0.015 0.004 0.006 0.011 0.004 0.004 0.012 0.929 0.003 
 77 TMA-ZAIN-G-    (0)    1 :  0.004 0.005 0.009 0.006 0.005 0.007 0.003 0.007 0.005 0.944 0.006 
 78 TMA-ZAIN-G-    (0)    1 :  0.007 0.006 0.014 0.005 0.010 0.011 0.006 0.005 0.010 0.920 0.005 
 79 TMA-ZAIN-G-    (0)    1 :  0.006 0.006 0.016 0.004 0.007 0.006 0.004 0.005 0.007 0.933 0.006 
 80 TMA-ZAIN-G-    (0)    1 :  0.009 0.139 0.030 0.019 0.004 0.027 0.003 0.017 0.004 0.743 0.004 
 81 TMA-ZAIN-G-    (0)    1 :  0.007 0.012 0.070 0.005 0.007 0.016 0.003 0.010 0.005 0.857 0.008 
 82 TMA-ZAIN-G-    (0)    1 :  0.011 0.041 0.088 0.163 0.006 0.523 0.006 0.007 0.003 0.145 0.006 
 83 TMA-ZAIN-G-    (9)    1 :  0.013 0.102 0.016 0.024 0.016 0.735 0.038 0.010 0.029 0.013 0.004 
 84 TMA-ZAIN-G-    (0)    1 :  0.005 0.013 0.059 0.005 0.007 0.014 0.004 0.008 0.012 0.869 0.005 
 85 TMA-ZAIN-G-    (0)    1 :  0.740 0.008 0.016 0.006 0.128 0.013 0.031 0.010 0.032 0.008 0.007 
 86 TMA-ZAIN-G-    (0)    1 :  0.780 0.019 0.035 0.008 0.029 0.032 0.009 0.019 0.051 0.013 0.005 
 87 TMA-ZAIN-G-    (0)    1 :  0.623 0.009 0.016 0.005 0.069 0.016 0.035 0.009 0.202 0.011 0.005 
 88 TMA-ZAIN-G-    (0)    1 :  0.511 0.090 0.059 0.026 0.010 0.078 0.140 0.013 0.013 0.045 0.016 
 89 TMA-ZAIN-G-    (0)    1 :  0.759 0.034 0.044 0.017 0.005 0.026 0.018 0.010 0.021 0.042 0.023 
 90 TMA-ZAIN-G-    (0)    1 :  0.909 0.009 0.009 0.008 0.015 0.015 0.007 0.008 0.008 0.006 0.005 
 91 TMA-ZAIN-G-    (0)    1 :  0.887 0.008 0.016 0.008 0.014 0.011 0.023 0.008 0.008 0.008 0.009 
 92 TMA-ZAIN-G-    (0)    1 :  0.908 0.005 0.010 0.005 0.017 0.007 0.005 0.007 0.017 0.008 0.011 
 93 TMA-ZAIN-G-    (0)    1 :  0.905 0.004 0.007 0.005 0.023 0.006 0.018 0.006 0.010 0.006 0.012 
 94 TMA-ZAIN-G-    (0)    1 :  0.898 0.004 0.006 0.003 0.013 0.005 0.046 0.004 0.011 0.005 0.006 
 95 TMA-ZAIN-G-    (0)    1 :  0.005 0.010 0.010 0.016 0.870 0.005 0.008 0.022 0.007 0.021 0.024 
 96 TMA-ZAIN-G-    (0)    1 :  0.006 0.019 0.008 0.005 0.848 0.007 0.005 0.070 0.005 0.004 0.024 
 97 TMA-ZAIN-G-    (0)    1 :  0.012 0.004 0.009 0.007 0.012 0.005 0.917 0.004 0.006 0.016 0.008 
 98 TMA-ZAIN-G-    (0)    1 :  0.010 0.004 0.008 0.005 0.005 0.004 0.937 0.004 0.004 0.014 0.005 
 99 TMA-ZAIN-G-    (0)    1 :  0.004 0.019 0.080 0.017 0.007 0.115 0.704 0.027 0.013 0.008 0.006 
100 TMA-ZAIN-G-    (0)    1 :  0.031 0.003 0.006 0.005 0.023 0.004 0.894 0.004 0.016 0.006 0.008 
101 TMA-ZAIN-G-    (0)    1 :  0.009 0.006 0.021 0.005 0.008 0.008 0.919 0.005 0.005 0.009 0.006 
102 TMA-ZAIN-G-    (0)    1 :  0.012 0.065 0.028 0.011 0.055 0.019 0.485 0.039 0.238 0.015 0.035 
103 TMA-ZAIN-G-    (0)    1 :  0.010 0.020 0.014 0.006 0.029 0.020 0.853 0.012 0.018 0.009 0.008 
104 TMA-ZAIN-G-    (0)    1 :  0.005 0.004 0.004 0.002 0.006 0.003 0.958 0.004 0.006 0.004 0.004 
105 TMA-ZAIN-G-    (0)    1 :  0.011 0.025 0.018 0.006 0.023 0.024 0.853 0.014 0.009 0.008 0.008 
106 TMA-ZAIN-G-    (0)    1 :  0.007 0.092 0.223 0.053 0.005 0.031 0.004 0.351 0.003 0.109 0.121 
107 TMA-ZAIN-G-    (0)    1 :  0.008 0.382 0.311 0.013 0.006 0.120 0.005 0.021 0.003 0.117 0.015 
108 TMA-ZAIN-G-    (9)    1 :  0.030 0.013 0.040 0.006 0.032 0.537 0.192 0.030 0.061 0.019 0.040 
109 TMA-ZAIN-G-    (0)    1 :  0.053 0.141 0.018 0.156 0.045 0.096 0.297 0.156 0.006 0.009 0.022 
110 TMA-ZAIN-G-    (0)    1 :  0.023 0.093 0.297 0.007 0.099 0.141 0.066 0.087 0.151 0.023 0.015 
111 TMA-ZAIN-G-    (9)    1 :  0.023 0.107 0.018 0.010 0.061 0.126 0.462 0.014 0.122 0.052 0.004 
112 TMA-ZAIN-G-    (0)    1 :  0.023 0.102 0.092 0.018 0.148 0.082 0.249 0.168 0.061 0.019 0.038 
113 TMA-ZAIN-G-    (0)    1 :  0.015 0.016 0.014 0.010 0.005 0.011 0.888 0.005 0.008 0.024 0.005 
114 TMA-ZAIN-G-    (0)    1 :  0.004 0.004 0.003 0.003 0.005 0.004 0.959 0.003 0.011 0.003 0.002 
115 TMA-ZAIN-G-    (0)    1 :  0.004 0.005 0.003 0.003 0.005 0.004 0.960 0.003 0.006 0.004 0.004 
116 TMA-ZAIN-G-    (0)    1 :  0.009 0.185 0.008 0.011 0.004 0.748 0.006 0.008 0.003 0.012 0.005 
117 TMA-ZAIN-G-    (0)    1 :  0.041 0.024 0.054 0.152 0.012 0.466 0.007 0.083 0.004 0.102 0.057 
118 TMA-ZAIN-G-    (0)    1 :  0.008 0.235 0.009 0.018 0.006 0.671 0.005 0.013 0.003 0.011 0.020 
119 TMA-ZAIN-G-    (0)    1 :  0.009 0.241 0.010 0.024 0.018 0.596 0.020 0.008 0.015 0.054 0.005 
120 TMA-ZAIN-G-    (0)    1 :  0.013 0.148 0.014 0.014 0.010 0.710 0.007 0.017 0.004 0.022 0.043 
121 TMA-ZAIN-G-    (0)    1 :  0.009 0.022 0.011 0.031 0.005 0.878 0.004 0.019 0.003 0.011 0.009 
122 TMA-ZAIN-G-    (0)    1 :  0.012 0.018 0.071 0.020 0.008 0.804 0.004 0.031 0.005 0.016 0.011 
123 TMA-ZAIN-G-    (0)    1 :  0.006 0.005 0.005 0.003 0.009 0.006 0.935 0.005 0.009 0.005 0.012 
124 TMA-ZAIN-G-    (0)    1 :  0.005 0.009 0.014 0.004 0.005 0.009 0.005 0.931 0.003 0.005 0.009 
125 TMA-ZAIN-G-    (0)    1 :  0.054 0.007 0.007 0.033 0.004 0.007 0.003 0.857 0.002 0.007 0.019 
126 TMA-ZAIN-G-    (0)    1 :  0.008 0.023 0.010 0.004 0.005 0.008 0.004 0.901 0.003 0.005 0.030 
127 TMA-ZAIN-G-    (0)    1 :  0.005 0.011 0.011 0.005 0.004 0.007 0.003 0.940 0.003 0.004 0.008 
128 TMA-ZAIN-G-    (0)    1 :  0.007 0.010 0.017 0.022 0.005 0.025 0.004 0.894 0.003 0.006 0.008 
129 TMA-ZAIN-G-    (0)    1 :  0.007 0.006 0.011 0.006 0.005 0.010 0.006 0.926 0.003 0.005 0.015 
130 TMA-ZAIN-G-    (0)    1 :  0.033 0.023 0.007 0.008 0.005 0.017 0.006 0.835 0.003 0.007 0.055 
131 TMA-ZAIN-G-    (0)    1 :  0.005 0.008 0.011 0.004 0.005 0.007 0.004 0.936 0.003 0.004 0.012 
132 TMA-ZAIN-G-    (0)    1 :  0.028 0.017 0.033 0.045 0.005 0.037 0.004 0.804 0.003 0.012 0.013 
133 TMA-ZAIN-G-    (0)    1 :  0.037 0.082 0.040 0.080 0.014 0.018 0.003 0.470 0.013 0.097 0.146 
134 TMA-ZAIN-G-    (0)    1 :  0.038 0.169 0.023 0.047 0.007 0.012 0.003 0.291 0.008 0.070 0.333 
135 TMA-ZAIN-G-    (0)    1 :  0.018 0.625 0.141 0.029 0.004 0.038 0.004 0.074 0.006 0.040 0.021 
136 TMA-ZAIN-G-    (0)    1 :  0.012 0.068 0.073 0.585 0.005 0.164 0.006 0.046 0.005 0.030 0.007 
137 TMA-ZAIN-G-    (0)    1 :  0.007 0.909 0.021 0.005 0.005 0.012 0.005 0.011 0.006 0.015 0.005 
138 TMA-ZAIN-G-    (0)    1 :  0.018 0.357 0.091 0.014 0.003 0.110 0.004 0.350 0.003 0.013 0.037 
139 TMA-ZAIN-G-    (0)    1 :  0.079 0.547 0.045 0.016 0.003 0.103 0.004 0.140 0.005 0.032 0.027 
140 TMA-ZAIN-G-    (0)    1 :  0.004 0.171 0.551 0.009 0.005 0.201 0.003 0.030 0.004 0.017 0.005 
141 TMA-ZAIN-G-    (0)    1 :  0.006 0.054 0.742 0.007 0.005 0.081 0.006 0.027 0.003 0.051 0.018 
142 TMA-ZAIN-G-    (9)    1 :  0.005 0.206 0.529 0.012 0.004 0.188 0.003 0.022 0.003 0.021 0.007 
143 TMA-ZAIN-G-    (0)    1 :  0.005 0.110 0.324 0.012 0.005 0.433 0.004 0.079 0.003 0.014 0.011 
144 TMA-ZAIN-G-    (0)    1 :  0.041 0.336 0.115 0.007 0.017 0.306 0.004 0.144 0.007 0.009 0.015 
145 TMA-ZAIN-G-    (0)    1 :  0.013 0.529 0.062 0.250 0.004 0.061 0.003 0.021 0.002 0.048 0.007 
146 TMA-ZAIN-G-    (0)    1 :  0.003 0.008 0.897 0.005 0.003 0.046 0.003 0.004 0.003 0.023 0.004 
147 TMA-ZAIN-G-    (9)    1 :  0.004 0.009 0.874 0.009 0.003 0.073 0.003 0.006 0.003 0.011 0.005 
148 TMA-ZAIN-G-    (0)    1 :  0.013 0.007 0.861 0.004 0.003 0.038 0.003 0.024 0.003 0.010 0.036 
149 TMA-ZAIN-G-    (0)    1 :  0.054 0.012 0.730 0.006 0.013 0.076 0.024 0.038 0.017 0.010 0.021 
150 TMA-ZAIN-G-    (0)    1 :  0.076 0.045 0.412 0.091 0.010 0.275 0.031 0.015 0.013 0.017 0.016 
151 TMA-ZAIN-G-    (0)    1 :  0.004 0.891 0.008 0.007 0.003 0.024 0.003 0.031 0.002 0.005 0.022 
152 TMA-ZAIN-G-    (0)    1 :  0.004 0.753 0.010 0.006 0.004 0.190 0.004 0.009 0.002 0.005 0.013 
153 TMA-ZAIN-G-    (0)    1 :  0.010 0.776 0.035 0.012 0.003 0.059 0.003 0.062 0.003 0.013 0.025 
154 TMA-ZAIN-G-    (0)    1 :  0.004 0.930 0.007 0.004 0.003 0.031 0.003 0.007 0.002 0.004 0.004 
155 TMA-ZAIN-G-    (0)    1 :  0.003 0.932 0.014 0.006 0.004 0.011 0.004 0.009 0.003 0.008 0.006 
156 TMA-ZAIN-G-    (9)    1 :  0.008 0.804 0.018 0.003 0.004 0.047 0.006 0.044 0.003 0.005 0.058 
157 TMA-ZAIN-G-    (0)    1 :  0.006 0.688 0.077 0.006 0.004 0.040 0.005 0.053 0.003 0.008 0.112 
158 TMA-ZAIN-G-    (0)    1 :  0.004 0.657 0.042 0.005 0.006 0.240 0.003 0.010 0.004 0.023 0.004 
159 TMA-ZAIN-G-    (0)    1 :  0.005 0.615 0.086 0.015 0.004 0.083 0.004 0.008 0.002 0.173 0.005 
160 TMA-ZAIN-G-    (0)    1 :  0.007 0.663 0.026 0.020 0.003 0.122 0.005 0.006 0.003 0.141 0.004 
161 TMA-ZAIN-G-    (0)    1 :  0.023 0.549 0.127 0.008 0.006 0.100 0.004 0.133 0.003 0.019 0.028 
162 TMA-ZAIN-G-    (0)    1 :  0.014 0.905 0.007 0.005 0.008 0.010 0.020 0.008 0.014 0.006 0.003 
163 TMA-ZAIN-G-    (0)    1 :  0.003 0.942 0.008 0.004 0.003 0.022 0.003 0.005 0.002 0.005 0.003 
164 TMA-ZAIN-G-    (0)    1 :  0.009 0.471 0.018 0.008 0.005 0.458 0.005 0.008 0.005 0.008 0.004 
165 TMA-ZAIN-G-    (0)    1 :  0.003 0.667 0.024 0.006 0.003 0.268 0.004 0.008 0.003 0.011 0.003 
166 TMA-ZAIN-G-    (0)    1 :  0.009 0.691 0.148 0.011 0.004 0.070 0.003 0.028 0.002 0.028 0.006 
167 TMA-ZAIN-G-    (0)    1 :  0.005 0.024 0.724 0.004 0.007 0.073 0.005 0.017 0.004 0.130 0.007 
168 TMA-ZAIN-G-    (0)    1 :  0.006 0.007 0.554 0.012 0.005 0.119 0.006 0.008 0.003 0.255 0.026 
169 TMA-ZAIN-G-    (0)    1 :  0.005 0.016 0.486 0.069 0.003 0.121 0.003 0.005 0.003 0.283 0.005 
170 TMA-ZAIN-G-    (0)    1 :  0.004 0.042 0.600 0.019 0.022 0.073 0.018 0.061 0.012 0.088 0.062 
171 TMA-ZAIN-G-    (0)    1 :  0.004 0.010 0.541 0.019 0.003 0.091 0.003 0.005 0.003 0.317 0.004 
172 TMA-ZAIN-G-    (0)    1 :  0.004 0.027 0.655 0.005 0.005 0.020 0.003 0.238 0.004 0.016 0.021 
173 TMA-ZAIN-G-    (0)    1 :  0.005 0.016 0.443 0.007 0.008 0.027 0.003 0.444 0.004 0.021 0.022 
174 TMA-ZAIN-G-    (0)    1 :  0.008 0.090 0.354 0.057 0.004 0.075 0.003 0.370 0.002 0.032 0.005 
175 TMA-ZAIN-G-    (0)    1 :  0.004 0.012 0.600 0.007 0.003 0.049 0.004 0.005 0.003 0.307 0.005 
176 TMA-ZAIN-G-    (0)    1 :  0.003 0.018 0.826 0.006 0.003 0.036 0.003 0.006 0.003 0.091 0.005 
177 TMA-ZAIN-G-    (0)    1 :  0.003 0.012 0.906 0.004 0.003 0.031 0.003 0.007 0.003 0.015 0.011 
178 TMA-ZAIN-G-    (0)    1 :  0.004 0.023 0.732 0.004 0.007 0.090 0.005 0.066 0.004 0.017 0.047 
179 TMA-ZAIN-G-    (0)    1 :  0.004 0.018 0.898 0.006 0.004 0.028 0.003 0.014 0.003 0.010 0.013 
180 TMA-ZAIN-G-    (0)    1 :  0.017 0.018 0.057 0.068 0.007 0.060 0.004 0.732 0.008 0.005 0.023 
181 TMA-ZAIN-G-    (0)    1 :  0.005 0.075 0.014 0.006 0.004 0.021 0.004 0.671 0.003 0.014 0.183 
182 TMA-ZAIN-G-    (0)    1 :  0.006 0.039 0.047 0.003 0.005 0.015 0.006 0.744 0.003 0.005 0.128 
183 TMA-ZAIN-G-    (0)    1 :  0.003 0.028 0.024 0.005 0.004 0.056 0.004 0.624 0.003 0.010 0.237 
184 TMA-ZAIN-G-    (0)    1 :  0.021 0.057 0.024 0.009 0.014 0.033 0.034 0.735 0.016 0.012 0.045 
185 TMA-ZAIN-G-    (0)    1 :  0.021 0.012 0.013 0.006 0.019 0.011 0.015 0.867 0.025 0.006 0.004 
186 TMA-ZAIN-G-    (9)    1 :  0.005 0.013 0.017 0.005 0.007 0.010 0.003 0.918 0.005 0.010 0.005 
187 TMA-ZAIN-G-    (0)    1 :  0.003 0.059 0.024 0.016 0.005 0.009 0.004 0.801 0.003 0.053 0.022 
188 TMA-ZAIN-G-    (0)    1 :  0.004 0.023 0.007 0.019 0.004 0.020 0.003 0.846 0.002 0.062 0.009 
189 TMA-ZAIN-G-    (0)    1 :  0.003 0.007 0.008 0.011 0.003 0.006 0.003 0.943 0.003 0.005 0.008 
190 TMA-ZAIN-G-    (0)    1 :  0.005 0.009 0.110 0.026 0.007 0.125 0.003 0.540 0.003 0.050 0.121 
191 TMA-ZAIN-G-    (0)    1 :  0.013 0.009 0.018 0.005 0.010 0.009 0.014 0.883 0.022 0.012 0.005 
192 TMA-ZAIN-G-    (0)    1 :  0.007 0.017 0.015 0.004 0.006 0.006 0.004 0.885 0.013 0.020 0.023 
193 TMA-ZAIN-G-    (0)    1 :  0.004 0.003 0.004 0.004 0.003 0.003 0.003 0.005 0.002 0.003 0.966 
194 TMA-ZAIN-G-    (0)    1 :  0.011 0.004 0.011 0.011 0.012 0.007 0.002 0.074 0.007 0.006 0.855 
195 TMA-ZAIN-G-    (0)    1 :  0.006 0.006 0.037 0.032 0.008 0.024 0.003 0.056 0.003 0.028 0.798 
196 TMA-ZAIN-G-    (0)    1 :  0.005 0.005 0.006 0.012 0.004 0.007 0.003 0.016 0.003 0.005 0.934 
197 TMA-ZAIN-G-    (0)    1 :  0.006 0.007 0.010 0.010 0.004 0.008 0.003 0.010 0.003 0.009 0.931 
198 TMA-ZAIN-G-    (0)    1 :  0.005 0.009 0.012 0.007 0.003 0.008 0.003 0.012 0.003 0.008 0.930 
199 TMA-ZAIN-G-    (0)    1 :  0.005 0.011 0.016 0.004 0.006 0.009 0.003 0.927 0.004 0.008 0.006 
200 TMA-ZAIN-G-    (0)    1 :  0.004 0.002 0.004 0.003 0.035 0.004 0.017 0.005 0.873 0.003 0.050 
201 TMA-ZAIN-G-    (0)    1 :  0.004 0.003 0.004 0.005 0.014 0.004 0.006 0.004 0.949 0.004 0.003 
202 TMA-ZAIN-G-    (0)    1 :  0.003 0.006 0.009 0.003 0.013 0.006 0.014 0.009 0.893 0.003 0.040 
203 TMA-ZAIN-G-    (0)    1 :  0.005 0.031 0.030 0.004 0.004 0.024 0.020 0.051 0.003 0.010 0.818 
204 TMA-ZAIN-G-    (9)    1 :  0.035 0.005 0.025 0.011 0.014 0.006 0.005 0.007 0.863 0.021 0.007 
205 TMA-ZAIN-G-    (0)    1 :  0.014 0.096 0.017 0.006 0.021 0.030 0.006 0.009 0.779 0.013 0.008 
206 TMA-ZAIN-G-    (9)    1 :  0.021 0.008 0.024 0.011 0.025 0.018 0.013 0.020 0.790 0.010 0.061 
207 TMA-ZAIN-G-    (9)    1 :  0.071 0.088 0.014 0.036 0.035 0.698 0.010 0.018 0.010 0.012 0.007 
208 TMA-ZAIN-G-    (0)    1 :  0.004 0.049 0.157 0.042 0.004 0.706 0.003 0.016 0.003 0.014 0.003 
209 TMA-ZAIN-G-    (0)    1 :  0.074 0.120 0.175 0.018 0.004 0.039 0.003 0.202 0.003 0.080 0.284 
210 TMA-ZAIN-G-    (0)    1 :  0.016 0.080 0.219 0.093 0.006 0.027 0.004 0.113 0.003 0.074 0.364 
211 TMA-ZAIN-G-    (0)    1 :  0.015 0.039 0.357 0.023 0.025 0.044 0.010 0.322 0.019 0.058 0.088 
212 TMA-ZAIN-G-    (0)    1 :  0.007 0.043 0.661 0.012 0.005 0.101 0.003 0.136 0.004 0.006 0.022 
213 TMA-ZAIN-G-    (0)    1 :  0.009 0.305 0.395 0.007 0.005 0.023 0.003 0.192 0.004 0.030 0.028 
214 TMA-ZAIN-G-    (0)    1 :  0.009 0.225 0.128 0.057 0.004 0.033 0.003 0.432 0.003 0.072 0.034 
215 TMA-ZAIN-G-    (0)    1 :  0.003 0.045 0.234 0.005 0.223 0.178 0.004 0.201 0.012 0.088 0.007 
216 TMA-ZAIN-G-    (0)    1 :  0.008 0.030 0.051 0.005 0.005 0.018 0.003 0.853 0.004 0.012 0.010 
217 TMA-ZAIN-G-    (0)    1 :  0.009 0.084 0.351 0.153 0.003 0.021 0.004 0.185 0.003 0.095 0.091 
218 TMA-ZAIN-G-    (0)    1 :  0.005 0.005 0.007 0.012 0.938 0.006 0.005 0.008 0.004 0.006 0.004 
219 TMA-ZAIN-G-    (0)    1 :  0.010 0.004 0.004 0.003 0.945 0.004 0.004 0.006 0.011 0.004 0.004 
220 TMA-ZAIN-G-    (0)    1 :  0.008 0.015 0.006 0.010 0.783 0.118 0.037 0.006 0.004 0.007 0.006 
221 TMA-ZAIN-G-    (0)    1 :  0.007 0.011 0.015 0.006 0.892 0.010 0.005 0.023 0.018 0.008 0.006 
222 TMA-ZAIN-G-    (0)    1 :  0.020 0.015 0.010 0.017 0.853 0.019 0.032 0.010 0.011 0.008 0.006 
223 TMA-ZAIN-G-    (0)    1 :  0.005 0.003 0.004 0.003 0.955 0.004 0.007 0.004 0.009 0.004 0.003 
224 TMA-ZAIN-G-    (0)    1 :  0.017 0.005 0.009 0.005 0.884 0.006 0.021 0.022 0.017 0.006 0.008 
225 TMA-ZAIN-G-    (0)    1 :  0.005 0.004 0.005 0.003 0.939 0.004 0.011 0.005 0.010 0.003 0.011 
226 TMA-ZAIN-G-    (0)    1 :  0.005 0.006 0.009 0.005 0.909 0.009 0.014 0.007 0.009 0.007 0.019 
227 TMA-ZAIN-G-    (0)    1 :  0.005 0.009 0.013 0.004 0.890 0.008 0.011 0.007 0.024 0.007 0.021 
228 TMA-ZAIN-G-    (0)    1 :  0.007 0.011 0.021 0.008 0.852 0.017 0.023 0.007 0.015 0.032 0.007 
229 TMA-ZAIN-G-    (0)    1 :  0.007 0.002 0.004 0.011 0.881 0.004 0.026 0.003 0.054 0.004 0.003 
230 TMA-ZAIN-G-    (0)    1 :  0.060 0.006 0.126 0.018 0.544 0.011 0.098 0.044 0.010 0.064 0.020 
231 TMA-ZAIN-G-    (0)    1 :  0.026 0.050 0.025 0.011 0.103 0.036 0.121 0.013 0.578 0.025 0.012 
232 TMA-ZAIN-G-    (9)    1 :  0.013 0.012 0.019 0.047 0.047 0.014 0.278 0.041 0.509 0.011 0.010 
233 TMA-ZAIN-G-    (0)    1 :  0.015 0.011 0.016 0.045 0.828 0.008 0.005 0.009 0.022 0.032 0.009 
234 TMA-ZAIN-G-    (0)    1 :  0.023 0.009 0.006 0.007 0.585 0.013 0.281 0.004 0.055 0.005 0.012 
235 TMA-ZAIN-G-    (0)    1 :  0.014 0.014 0.009 0.004 0.605 0.011 0.191 0.034 0.030 0.063 0.025 
236 TMA-ZAIN-G-    (0)    1 :  0.008 0.012 0.016 0.007 0.749 0.013 0.065 0.010 0.074 0.016 0.030 
237 TMA-ZAIN-G-    (0)    1 :  0.013 0.015 0.143 0.012 0.340 0.021 0.206 0.014 0.014 0.213 0.010 
238 TMA-ZAIN-G-    (0)    1 :  0.004 0.033 0.027 0.004 0.778 0.020 0.046 0.016 0.033 0.033 0.006 
239 TMA-ZAIN-G-    (0)    1 :  0.035 0.003 0.004 0.020 0.005 0.020 0.004 0.035 0.751 0.003 0.121 
240 TMA-ZAIN-G-    (0)    1 :  0.007 0.003 0.004 0.003 0.004 0.003 0.004 0.003 0.962 0.005 0.004 
241 TMA-ZAIN-G-    (0)    1 :  0.005 0.007 0.012 0.005 0.004 0.005 0.004 0.004 0.939 0.012 0.004 
242 TMA-ZAIN-G-    (0)    1 :  0.004 0.008 0.008 0.005 0.004 0.007 0.003 0.004 0.947 0.006 0.003 
243 TMA-ZAIN-G-    (0)    1 :  0.006 0.008 0.015 0.008 0.004 0.008 0.003 0.005 0.926 0.014 0.004 
244 TMA-ZAIN-G-    (0)    1 :  0.004 0.018 0.015 0.008 0.004 0.013 0.004 0.005 0.911 0.016 0.003 
245 TMA-ZAIN-G-    (9)    1 :  0.003 0.003 0.004 0.002 0.004 0.003 0.004 0.003 0.968 0.003 0.003 
246 TMA-ZAIN-G-    (0)    1 :  0.004 0.003 0.003 0.003 0.004 0.003 0.002 0.003 0.968 0.003 0.003 
247 TMA-ZAIN-G-    (0)    1 :  0.004 0.004 0.005 0.005 0.005 0.005 0.002 0.005 0.959 0.003 0.002 
248 TMA-ZAIN-G-    (0)    1 :  0.004 0.006 0.008 0.005 0.006 0.008 0.004 0.006 0.937 0.006 0.010 
249 TMA-ZAIN-G-    (0)    1 :  0.004 0.003 0.004 0.003 0.006 0.004 0.003 0.004 0.959 0.003 0.007 
250 TMA-ZAIN-G-    (0)    1 :  0.004 0.003 0.003 0.006 0.005 0.005 0.002 0.005 0.960 0.003 0.004 
251 TMA-ZAIN-G-    (0)    1 :  0.957 0.004 0.004 0.005 0.004 0.005 0.005 0.005 0.003 0.003 0.006 
252 TMA-ZAIN-G-    (0)    1 :  0.853 0.012 0.021 0.025 0.005 0.042 0.004 0.005 0.003 0.026 0.005 
253 TMA-ZAIN-G-    (0)    1 :  0.945 0.012 0.004 0.006 0.003 0.010 0.005 0.004 0.003 0.003 0.004 
254 TMA-ZAIN-G-    (9)    1 :  0.882 0.022 0.009 0.013 0.005 0.035 0.009 0.008 0.003 0.007 0.006 
255 TMA-ZAIN-G-    (0)    1 :  0.928 0.007 0.004 0.008 0.004 0.009 0.011 0.004 0.017 0.004 0.004 
256 TMA-ZAIN-G-    (0)    1 :  0.928 0.007 0.008 0.004 0.004 0.006 0.006 0.006 0.007 0.005 0.018 
257 TMA-ZAIN-G-    (0)    1 :  0.958 0.003 0.003 0.003 0.003 0.003 0.004 0.004 0.004 0.003 0.012 
258 TMA-ZAIN-G-    (0)    1 :  0.965 0.004 0.003 0.004 0.003 0.004 0.004 0.003 0.003 0.003 0.005 
259 TMA-ZAIN-G-    (0)    1 :  0.960 0.003 0.003 0.005 0.004 0.003 0.004 0.004 0.004 0.003 0.006 
260 TMA-ZAIN-G-    (0)    1 :  0.956 0.003 0.004 0.009 0.004 0.004 0.003 0.004 0.004 0.004 0.005 
261 TMA-ZAIN-G-   (18)    1 :  0.939 0.005 0.005 0.012 0.006 0.006 0.004 0.007 0.004 0.005 0.008 
262 TMA-ZAIN-G-    (0)    1 :  0.963 0.003 0.003 0.003 0.004 0.003 0.004 0.004 0.003 0.004 0.006 
263 TMA-ZAIN-G-    (0)    1 :  0.960 0.004 0.003 0.004 0.003 0.005 0.006 0.004 0.003 0.003 0.005 
264 TMA-ZAIN-G-    (0)    1 :  0.953 0.005 0.003 0.005 0.004 0.006 0.008 0.004 0.004 0.004 0.006 
265 TMA-ZAIN-G-    (0)    1 :  0.556 0.025 0.072 0.035 0.211 0.018 0.018 0.022 0.017 0.011 0.014 
266 TMA-ZAIN-G-    (0)    1 :  0.713 0.023 0.021 0.020 0.021 0.041 0.013 0.081 0.008 0.009 0.051 
267 TMA-ZAIN-G-    (0)    1 :  0.503 0.006 0.028 0.014 0.059 0.026 0.021 0.011 0.309 0.015 0.007 
268 TMA-ZAIN-G-    (0)    1 :  0.006 0.004 0.005 0.004 0.006 0.004 0.077 0.003 0.883 0.004 0.003 
269 TMA-ZAIN-G-    (0)    1 :  0.009 0.006 0.008 0.005 0.034 0.008 0.241 0.006 0.671 0.008 0.004 
270 TMA-ZAIN-G-    (0)    1 :  0.011 0.005 0.007 0.004 0.018 0.007 0.076 0.005 0.857 0.006 0.004 
271 TMA-ZAIN-G-    (0)    1 :  0.008 0.005 0.006 0.003 0.008 0.007 0.036 0.004 0.917 0.004 0.003 
272 TMA-ZAIN-G-    (0)    1 :  0.005 0.004 0.005 0.003 0.047 0.005 0.026 0.005 0.891 0.006 0.003 
273 TMA-ZAIN-G-    (0)    1 :  0.004 0.002 0.003 0.002 0.021 0.003 0.018 0.003 0.939 0.003 0.003 
274 TMA-ZAIN-G-    (0)    1 :  0.009 0.010 0.010 0.009 0.021 0.006 0.025 0.024 0.819 0.015 0.053 
275 TMA-ZAIN-G-    (0)    1 :  0.003 0.004 0.004 0.002 0.008 0.003 0.007 0.004 0.960 0.003 0.003 
276 TMA-ZAIN-G-    (0)    1 :  0.003 0.004 0.004 0.004 0.004 0.004 0.008 0.003 0.960 0.004 0.003 
277 TMA-ZAIN-G-    (0)    1 :  0.006 0.004 0.005 0.005 0.006 0.005 0.011 0.003 0.944 0.006 0.006 
278 TMA-ZAIN-G-    (0)    1 :  0.005 0.003 0.003 0.003 0.005 0.004 0.005 0.003 0.963 0.003 0.003 
279 TMA-ZAIN-G-    (0)    1 :  0.004 0.004 0.005 0.003 0.015 0.005 0.010 0.006 0.938 0.004 0.006 
280 TMA-ZAIN-G-    (0)    1 :  0.004 0.007 0.007 0.002 0.053 0.005 0.104 0.009 0.797 0.004 0.008 
281 TMA-ZAIN-G-    (0)    1 :  0.005 0.004 0.004 0.003 0.015 0.005 0.037 0.005 0.910 0.004 0.006 
282 TMA-ZAIN-G-    (9)    1 :  0.005 0.003 0.004 0.003 0.008 0.003 0.013 0.003 0.953 0.003 0.003 
283 TMA-ZAIN-G-    (0)    1 :  0.125 0.017 0.007 0.005 0.070 0.018 0.083 0.009 0.649 0.012 0.004 
284 TMA-ZAIN-G-    (0)    1 :  0.148 0.018 0.009 0.004 0.149 0.018 0.150 0.017 0.474 0.008 0.006 
285 TMA-ZAIN-G-    (0)    1 :  0.026 0.020 0.006 0.021 0.017 0.008 0.025 0.021 0.807 0.038 0.010 
286 TMA-ZAIN-G-    (0)    1 :  0.009 0.003 0.004 0.003 0.010 0.004 0.033 0.003 0.925 0.003 0.003 
287 TMA-ZAIN-G-    (0)    1 :  0.006 0.006 0.006 0.010 0.009 0.004 0.023 0.011 0.896 0.015 0.014 
288 TMA-ZAIN-G-    (0)    1 :  0.012 0.014 0.020 0.011 0.122 0.010 0.088 0.040 0.590 0.023 0.072 
289 TMA-ZAIN-G-    (0)    1 :  0.010 0.008 0.010 0.015 0.013 0.007 0.023 0.017 0.851 0.022 0.025 
290 TMA-ZAIN-G-    (0)    1 :  0.009 0.008 0.012 0.003 0.073 0.009 0.427 0.011 0.434 0.005 0.009 
291 TMA-ZAIN-G-    (0)    1 :  0.007 0.004 0.004 0.003 0.943 0.004 0.009 0.005 0.012 0.004 0.004 
292 TMA-ZAIN-G-    (0)    1 :  0.005 0.071 0.696 0.006 0.020 0.035 0.011 0.034 0.015 0.088 0.019 
293 TMA-ZAIN-G-    (0)    1 :  0.036 0.036 0.353 0.032 0.019 0.377 0.005 0.088 0.015 0.019 0.020 
294 TMA-ZAIN-G-    (0)    1 :  0.005 0.009 0.853 0.008 0.003 0.086 0.003 0.006 0.003 0.020 0.004 
295 TMA-ZAIN-G-    (9)    1 :  0.006 0.012 0.750 0.009 0.007 0.156 0.004 0.008 0.007 0.036 0.005 
296 TMA-ZAIN-G-    (0)    1 :  0.009 0.012 0.613 0.005 0.009 0.272 0.010 0.025 0.004 0.011 0.029 
297 TMA-ZAIN-G-    (0)    1 :  0.028 0.276 0.127 0.022 0.010 0.307 0.005 0.060 0.006 0.044 0.115 
298 TMA-ZAIN-G-    (0)    1 :  0.046 0.020 0.352 0.007 0.015 0.078 0.012 0.008 0.021 0.436 0.005 
299 TMA-ZAIN-G-    (0)    1 :  0.003 0.034 0.026 0.006 0.005 0.010 0.004 0.011 0.005 0.890 0.007 
300 TMA-ZAIN-G-    (0)    1 :  0.008 0.013 0.501 0.052 0.009 0.104 0.003 0.031 0.006 0.264 0.010 
301 TMA-ZAIN-G-    (0)    1 :  0.005 0.016 0.097 0.029 0.008 0.059 0.005 0.043 0.007 0.701 0.030 
302 TMA-ZAIN-G-    (9)    1 :  0.005 0.062 0.833 0.006 0.004 0.019 0.003 0.013 0.003 0.039 0.011 
303 TMA-ZAIN-G-    (0)    1 :  0.034 0.004 0.005 0.002 0.756 0.008 0.017 0.032 0.007 0.004 0.132 
304 TMA-ZAIN-G-    (0)    2 :  0.534 0.030 0.021 0.108 0.007 0.176 0.012 0.065 0.007 0.009 0.031 
305 TMA-ZAIN-G-    (0)    2 :  0.006 0.018 0.783 0.013 0.004 0.137 0.003 0.016 0.003 0.007 0.009 
306 TMA-ZAIN-G-    (0)    2 :  0.354 0.026 0.277 0.016 0.013 0.122 0.108 0.027 0.027 0.012 0.019 
307 TMA-ZAIN-G-    (0)    2 :  0.397 0.031 0.044 0.214 0.006 0.188 0.009 0.078 0.011 0.008 0.014 
308 TMA-ZAIN-G-    (0)    2 :  0.770 0.004 0.005 0.017 0.123 0.005 0.033 0.006 0.018 0.005 0.014 
309 TMA-ZAIN-G-    (0)    2 :  0.004 0.022 0.041 0.009 0.004 0.015 0.004 0.837 0.003 0.026 0.036 
310 TMA-ZAIN-G-    (0)    2 :  0.018 0.158 0.404 0.012 0.016 0.087 0.007 0.027 0.032 0.236 0.004 
311 TMA-ZAIN-G-    (0)    2 :  0.055 0.135 0.197 0.006 0.025 0.442 0.036 0.035 0.007 0.043 0.018 
312 TMA-ZAIN-G-    (0)    2 :  0.009 0.021 0.103 0.009 0.025 0.121 0.005 0.638 0.005 0.039 0.024 
313 TMA-ZAIN-G-    (0)    2 :  0.581 0.037 0.077 0.023 0.006 0.073 0.013 0.042 0.005 0.124 0.020 
314 TMA-ZAIN-G-    (0)    2 :  0.015 0.009 0.021 0.010 0.289 0.016 0.340 0.025 0.251 0.010 0.015 
315 TMA-ZAIN-G-    (0)    2 :  0.018 0.034 0.256 0.029 0.022 0.070 0.007 0.023 0.395 0.140 0.006 
316 TMA-ZAIN-G-    (0)    2 :  0.016 0.039 0.206 0.030 0.063 0.074 0.010 0.024 0.406 0.125 0.006 
317 TMA-ZAIN-G-    (0)    2 :  0.016 0.005 0.005 0.003 0.841 0.016 0.045 0.005 0.024 0.030 0.008 
318 TMA-ZAIN-G-    (9)    2 :  0.050 0.004 0.013 0.010 0.151 0.007 0.337 0.006 0.400 0.013 0.010 
319 TMA-ZAIN-G-    (0)    3 :  0.010 0.004 0.009 0.003 0.281 0.004 0.020 0.008 0.162 0.004 0.495 
320 TMA-ZAIN-G-    (0)    3 :  0.006 0.045 0.171 0.013 0.412 0.044 0.007 0.024 0.009 0.258 0.011 
321 TMA-ZAIN-G-    (0)    4 :  0.011 0.061 0.174 0.019 0.112 0.111 0.065 0.325 0.098 0.017 0.006 
322 TMA-ZAIN-G-    (0)    4 :  0.051 0.159 0.123 0.029 0.376 0.067 0.073 0.083 0.009 0.023 0.007 
323 TMA-ZAIN-G-    (0)    5 :  0.013 0.009 0.009 0.019 0.820 0.006 0.007 0.032 0.015 0.006 0.063 
324 TMA-ZAIN-G-    (0)    5 :  0.015 0.087 0.016 0.009 0.007 0.800 0.005 0.022 0.004 0.006 0.029 
325 TMA-ZAIN-G-    (0)    5 :  0.007 0.012 0.014 0.005 0.878 0.009 0.004 0.013 0.043 0.008 0.006 
326 TMA-ZAIN-G-    (0)    5 :  0.015 0.016 0.008 0.005 0.555 0.007 0.003 0.020 0.004 0.004 0.363 
327 TMA-ZAIN-G-    (0)    5 :  0.014 0.006 0.012 0.034 0.005 0.009 0.003 0.070 0.003 0.007 0.836 
328 TMA-ZAIN-G-    (0)    5 :  0.021 0.015 0.009 0.219 0.144 0.043 0.260 0.093 0.118 0.010 0.069 
329 TMA-ZAIN-G-    (0)    5 :  0.033 0.039 0.139 0.085 0.014 0.054 0.005 0.210 0.007 0.365 0.049 
330 TMA-ZAIN-G-    (0)    6 :  0.033 0.022 0.104 0.067 0.008 0.059 0.004 0.639 0.003 0.041 0.021 
331 TMA-ZAIN-G-    (0)    6 :  0.134 0.014 0.322 0.006 0.036 0.027 0.018 0.259 0.067 0.107 0.009 
332 TMA-ZAIN-G-    (0)    6 :  0.005 0.059 0.011 0.010 0.004 0.016 0.003 0.575 0.002 0.010 0.306 
333 TMA-ZAIN-G-    (0)    6 :  0.004 0.003 0.003 0.004 0.004 0.008 0.003 0.010 0.002 0.004 0.955 
334 TMA-ZAIN-G-    (0)    6 :  0.007 0.003 0.004 0.003 0.011 0.005 0.011 0.004 0.945 0.004 0.003 
335 TMA-ZAIN-G-    (0)    6 :  0.004 0.004 0.005 0.006 0.005 0.005 0.004 0.004 0.955 0.005 0.003 
336 TMA-ZAIN-G-    (0)    6 :  0.011 0.007 0.010 0.006 0.017 0.010 0.013 0.007 0.902 0.010 0.006 
337 TMA-ZAIN-G-    (9)    6 :  0.007 0.005 0.008 0.004 0.034 0.008 0.066 0.005 0.852 0.006 0.004 
338 TMA-ZAIN-G-    (0)    6 :  0.006 0.003 0.004 0.003 0.010 0.004 0.034 0.003 0.925 0.003 0.003 
339 TMA-ZAIN-G-    (0)    6 :  0.004 0.002 0.002 0.002 0.005 0.002 0.014 0.002 0.961 0.002 0.002 
