

----------------------------------------------------
STRUCTURE by Pritchard, Stephens and Donnelly (2000)
     and Falush, Stephens and Pritchard (2003)
       Code by Pritchard, Falush and Hubisz
             Version 2.3.4 (Jul 2012)
----------------------------------------------------



Command line arguments:   bin\structure -m C:\Users\eschumacher\Documents\GitHub\GCC_QUAC_ZAIN\Data_Files\Structure_Files\ZAIN\ZAIN_rebinned_allpop_str\50-50\mainparams -e C:\Users\eschumacher\Documents\GitHub\GCC_QUAC_ZAIN\Data_Files\Structure_Files\ZAIN\ZAIN_rebinned_allpop_str\50-50\extraparams 
Input File:    C:\Users\eschumacher\Documents\GitHub\GCC_QUAC_ZAIN\Data_Files\Structure_Files\ZAIN\ZAIN_rebinned_allpop_str\project_data

Run parameters:
   1133 individuals
   11 loci
   9 populations assumed
   50000 Burn-in period
   50000 Reps


--------------------------------------------
Proportion of membership of each pre-defined
 population in each of the 9 clusters

Given    Inferred Clusters                                                 Number of
 Pop       1      2      3      4      5      6      7      8      9      Individuals

  1:     0.055  0.148  0.040  0.141  0.152  0.093  0.111  0.110  0.150      303
  2:     0.016  0.168  0.049  0.142  0.139  0.066  0.112  0.203  0.106       15
  3:     0.249  0.029  0.010  0.219  0.037  0.015  0.351  0.008  0.082        2
  4:     0.007  0.318  0.025  0.061  0.171  0.069  0.251  0.037  0.061        2
  5:     0.210  0.080  0.058  0.064  0.144  0.047  0.355  0.017  0.025        7
  6:     0.104  0.152  0.008  0.022  0.011  0.016  0.012  0.017  0.658       13
  7:     0.006  0.006  0.004  0.005  0.005  0.016  0.013  0.005  0.939       13
  8:     0.057  0.201  0.081  0.070  0.515  0.013  0.022  0.023  0.017        7
  9:     0.057  0.347  0.028  0.224  0.205  0.034  0.071  0.014  0.019       11
 10:     0.027  0.073  0.024  0.145  0.407  0.120  0.160  0.032  0.012        9
 11:     0.005  0.007  0.005  0.009  0.011  0.910  0.013  0.007  0.033       35
 12:     0.016  0.182  0.025  0.371  0.358  0.007  0.008  0.028  0.005       36
 13:     0.022  0.087  0.029  0.336  0.495  0.005  0.010  0.010  0.006       33
 14:     0.010  0.007  0.009  0.008  0.009  0.007  0.006  0.925  0.020       40
 15:     0.936  0.025  0.007  0.008  0.007  0.004  0.005  0.007  0.003       39
 16:     0.012  0.023  0.028  0.037  0.045  0.183  0.593  0.025  0.053       40
 17:     0.012  0.010  0.018  0.016  0.010  0.067  0.722  0.034  0.111       37
 18:     0.011  0.104  0.021  0.110  0.735  0.005  0.004  0.006  0.003       40
 19:     0.013  0.006  0.003  0.005  0.006  0.913  0.007  0.038  0.008       28
 20:     0.007  0.012  0.008  0.021  0.011  0.009  0.019  0.881  0.032       14
 21:     0.042  0.013  0.006  0.010  0.009  0.009  0.017  0.009  0.886       13
 22:     0.031  0.904  0.008  0.012  0.013  0.006  0.005  0.019  0.003       14
 23:     0.008  0.022  0.027  0.882  0.042  0.004  0.005  0.007  0.004       25
 24:     0.006  0.009  0.934  0.012  0.013  0.007  0.005  0.008  0.005       40
 25:     0.018  0.050  0.008  0.021  0.026  0.023  0.021  0.824  0.009       32
 26:     0.004  0.005  0.006  0.007  0.005  0.003  0.005  0.005  0.960       20
 27:     0.004  0.012  0.007  0.009  0.017  0.732  0.201  0.011  0.007        4
 28:     0.006  0.017  0.014  0.019  0.061  0.833  0.020  0.011  0.020       23
 29:     0.006  0.006  0.005  0.005  0.007  0.940  0.015  0.009  0.007       39
 30:     0.005  0.006  0.005  0.007  0.007  0.049  0.010  0.008  0.904       38
 31:     0.168  0.658  0.052  0.046  0.050  0.005  0.008  0.009  0.005       45
 32:     0.160  0.363  0.025  0.205  0.208  0.005  0.009  0.017  0.007       28
 33:     0.008  0.005  0.005  0.004  0.005  0.934  0.024  0.006  0.009        6
 34:     0.012  0.024  0.041  0.012  0.014  0.026  0.849  0.014  0.008       40
 35:     0.011  0.022  0.012  0.012  0.008  0.020  0.823  0.013  0.079       42
--------------------------------------------

Allele-freq. divergence among pops (Net nucleotide distance),
computed using point estimates of P.

      1       2       3       4       5       6       7       8       9      
 1      -    0.1286  0.2654  0.2154  0.2401  0.2695  0.1740  0.1621  0.3435  
 2   0.1286     -    0.1238  0.0689  0.0529  0.2286  0.1172  0.1431  0.2795  
 3   0.2654  0.1238     -    0.1092  0.1213  0.3365  0.2159  0.1856  0.3561  
 4   0.2154  0.0689  0.1092     -    0.0409  0.2337  0.1533  0.1717  0.2738  
 5   0.2401  0.0529  0.1213  0.0409     -    0.2271  0.1663  0.1866  0.3108  
 6   0.2695  0.2286  0.3365  0.2337  0.2271     -    0.0933  0.1469  0.1465  
 7   0.1740  0.1172  0.2159  0.1533  0.1663  0.0933     -    0.1039  0.1235  
 8   0.1621  0.1431  0.1856  0.1717  0.1866  0.1469  0.1039     -    0.2152  
 9   0.3435  0.2795  0.3561  0.2738  0.3108  0.1465  0.1235  0.2152     -    

Average distances (expected heterozygosity) between individuals in same cluster:
cluster  1  : 0.2657 
cluster  2  : 0.4371 
cluster  3  : 0.3607 
cluster  4  : 0.4048 
cluster  5  : 0.3812 
cluster  6  : 0.4774 
cluster  7  : 0.5505 
cluster  8  : 0.4330 
cluster  9  : 0.4208 

--------------------------------------------
Estimated Ln Prob of Data   = -21432.4
Mean value of ln likelihood = -20846.1
Variance of ln likelihood   = 1172.7
Mean value of alpha         = 0.0346

Mean value of Fst_1         = 0.5489
Mean value of Fst_2         = 0.3140
Mean value of Fst_3         = 0.4184
Mean value of Fst_4         = 0.2909
Mean value of Fst_5         = 0.3351
Mean value of Fst_6         = 0.3513
Mean value of Fst_7         = 0.1429
Mean value of Fst_8         = 0.4131
Mean value of Fst_9         = 0.4268


Inferred ancestry of individuals:
        Label (%Miss) Pop:  Inferred clusters
  1 TMA-ZAIN-G-    (9)    1 :  0.099 0.033 0.010 0.011 0.015 0.772 0.040 0.015 0.006 
  2 TMA-ZAIN-G-    (0)    1 :  0.008 0.014 0.004 0.192 0.019 0.727 0.014 0.016 0.006 
  3 TMA-ZAIN-G-    (0)    1 :  0.030 0.280 0.096 0.040 0.525 0.007 0.007 0.011 0.003 
  4 TMA-ZAIN-G-    (0)    1 :  0.021 0.036 0.046 0.055 0.156 0.022 0.014 0.640 0.010 
  5 TMA-ZAIN-G-    (0)    1 :  0.002 0.002 0.002 0.002 0.003 0.972 0.004 0.006 0.005 
  6 TMA-ZAIN-G-    (0)    1 :  0.028 0.198 0.155 0.084 0.210 0.068 0.138 0.067 0.053 
  7 TMA-ZAIN-G-    (0)    1 :  0.051 0.249 0.010 0.330 0.290 0.015 0.016 0.032 0.007 
  8 TMA-ZAIN-G-    (0)    1 :  0.007 0.863 0.026 0.023 0.050 0.006 0.005 0.018 0.003 
  9 TMA-ZAIN-G-    (9)    1 :  0.008 0.343 0.031 0.328 0.262 0.008 0.009 0.006 0.004 
 10 TMA-ZAIN-G-    (0)    1 :  0.014 0.432 0.040 0.270 0.215 0.003 0.010 0.012 0.004 
 11 TMA-ZAIN-G-    (0)    1 :  0.010 0.205 0.006 0.499 0.252 0.006 0.007 0.009 0.005 
 12 TMA-ZAIN-G-    (0)    1 :  0.012 0.015 0.005 0.009 0.944 0.004 0.005 0.004 0.003 
 13 TMA-ZAIN-G-    (9)    1 :  0.122 0.246 0.018 0.337 0.087 0.045 0.027 0.035 0.081 
 14 TMA-ZAIN-G-    (9)    1 :  0.893 0.041 0.007 0.016 0.011 0.003 0.010 0.007 0.011 
 15 TMA-ZAIN-G-    (0)    1 :  0.921 0.042 0.009 0.006 0.007 0.003 0.005 0.005 0.002 
 16 TMA-ZAIN-G-    (0)    1 :  0.007 0.021 0.005 0.068 0.882 0.003 0.006 0.004 0.004 
 17 TMA-ZAIN-G-    (9)    1 :  0.027 0.852 0.006 0.011 0.016 0.011 0.032 0.031 0.014 
 18 TMA-ZAIN-G-    (0)    1 :  0.016 0.014 0.009 0.006 0.016 0.755 0.135 0.045 0.006 
 19 TMA-ZAIN-G-    (0)    1 :  0.013 0.033 0.005 0.012 0.020 0.014 0.885 0.006 0.012 
 20 TMA-ZAIN-G-    (0)    1 :  0.004 0.003 0.004 0.004 0.003 0.040 0.826 0.020 0.096 
 21 TMA-ZAIN-G-    (0)    1 :  0.002 0.004 0.006 0.004 0.005 0.003 0.004 0.005 0.967 
 22 TMA-ZAIN-G-    (0)    1 :  0.003 0.003 0.003 0.003 0.003 0.051 0.012 0.006 0.916 
 23 TMA-ZAIN-G-    (0)    1 :  0.007 0.009 0.003 0.007 0.007 0.018 0.035 0.005 0.909 
 24 TMA-ZAIN-G-    (9)    1 :  0.034 0.013 0.155 0.098 0.010 0.007 0.003 0.005 0.674 
 25 TMA-ZAIN-G-    (9)    1 :  0.006 0.009 0.005 0.122 0.014 0.123 0.705 0.004 0.012 
 26 TMA-ZAIN-G-    (9)    1 :  0.018 0.125 0.008 0.258 0.039 0.009 0.013 0.502 0.028 
 27 TMA-ZAIN-G-    (0)    1 :  0.065 0.016 0.011 0.007 0.006 0.074 0.788 0.020 0.013 
 28 TMA-ZAIN-G-    (0)    1 :  0.013 0.010 0.008 0.006 0.008 0.010 0.933 0.007 0.004 
 29 TMA-ZAIN-G-    (0)    1 :  0.006 0.005 0.723 0.004 0.004 0.003 0.238 0.012 0.004 
 30 TMA-ZAIN-G-    (0)    1 :  0.077 0.279 0.060 0.141 0.064 0.004 0.364 0.007 0.005 
 31 TMA-ZAIN-G-    (0)    1 :  0.006 0.004 0.006 0.008 0.005 0.899 0.010 0.048 0.014 
 32 TMA-ZAIN-G-    (9)    1 :  0.035 0.034 0.004 0.033 0.104 0.741 0.017 0.005 0.027 
 33 TMA-ZAIN-G-   (18)    1 :  0.011 0.463 0.016 0.125 0.367 0.006 0.005 0.004 0.003 
 34 TMA-ZAIN-G-    (0)    1 :  0.008 0.025 0.007 0.132 0.581 0.203 0.014 0.007 0.023 
 35 TMA-ZAIN-G-    (9)    1 :  0.072 0.150 0.072 0.211 0.448 0.019 0.013 0.012 0.004 
 36 TMA-ZAIN-G-    (0)    1 :  0.182 0.259 0.010 0.476 0.044 0.004 0.005 0.016 0.003 
 37 TMA-ZAIN-G-    (9)    1 :  0.009 0.198 0.015 0.365 0.368 0.008 0.013 0.016 0.008 
 38 TMA-ZAIN-G-   (18)    1 :  0.085 0.031 0.008 0.040 0.040 0.745 0.029 0.007 0.015 
 39 TMA-ZAIN-G-    (0)    1 :  0.004 0.052 0.011 0.827 0.085 0.003 0.005 0.008 0.004 
 40 TMA-ZAIN-G-    (0)    1 :  0.005 0.462 0.006 0.269 0.240 0.003 0.004 0.006 0.005 
 41 TMA-ZAIN-G-    (0)    1 :  0.057 0.653 0.007 0.244 0.022 0.003 0.005 0.006 0.003 
 42 TMA-ZAIN-G-    (9)    1 :  0.119 0.842 0.006 0.010 0.007 0.003 0.004 0.007 0.002 
 43 TMA-ZAIN-G-    (0)    1 :  0.961 0.009 0.008 0.005 0.004 0.003 0.003 0.005 0.002 
 44 TMA-ZAIN-G-    (0)    1 :  0.005 0.012 0.012 0.105 0.034 0.005 0.009 0.005 0.812 
 45 TMA-ZAIN-G-    (0)    1 :  0.020 0.227 0.006 0.117 0.600 0.005 0.008 0.011 0.007 
 46 TMA-ZAIN-G-    (0)    1 :  0.004 0.003 0.003 0.004 0.003 0.004 0.004 0.006 0.969 
 47 TMA-ZAIN-G-    (0)    1 :  0.004 0.005 0.004 0.003 0.005 0.004 0.004 0.969 0.003 
 48 TMA-ZAIN-G-    (0)    1 :  0.036 0.231 0.019 0.050 0.049 0.008 0.020 0.563 0.025 
 49 TMA-ZAIN-G-    (9)    1 :  0.005 0.006 0.047 0.008 0.029 0.023 0.867 0.010 0.006 
 50 TMA-ZAIN-G-    (0)    1 :  0.009 0.033 0.003 0.016 0.007 0.006 0.916 0.003 0.007 
 51 TMA-ZAIN-G-    (0)    1 :  0.094 0.019 0.006 0.010 0.006 0.008 0.827 0.022 0.009 
 52 TMA-ZAIN-G-    (0)    1 :  0.022 0.009 0.003 0.010 0.016 0.007 0.808 0.113 0.013 
 53 TMA-ZAIN-G-    (0)    1 :  0.048 0.012 0.007 0.021 0.007 0.197 0.516 0.182 0.010 
 54 TMA-ZAIN-G-    (0)    1 :  0.014 0.010 0.004 0.006 0.007 0.005 0.012 0.938 0.005 
 55 TMA-ZAIN-G-    (0)    1 :  0.034 0.042 0.003 0.006 0.010 0.005 0.030 0.861 0.009 
 56 TMA-ZAIN-G-    (0)    1 :  0.022 0.175 0.037 0.056 0.036 0.011 0.103 0.550 0.010 
 57 TMA-ZAIN-G-    (0)    1 :  0.005 0.006 0.008 0.009 0.017 0.008 0.014 0.929 0.003 
 58 TMA-ZAIN-G-    (0)    1 :  0.007 0.016 0.005 0.004 0.011 0.025 0.823 0.026 0.083 
 59 TMA-ZAIN-G-    (0)    1 :  0.012 0.059 0.035 0.081 0.062 0.636 0.034 0.049 0.031 
 60 TMA-ZAIN-G-    (0)    1 :  0.142 0.019 0.009 0.012 0.011 0.459 0.307 0.031 0.009 
 61 TMA-ZAIN-G-    (0)    1 :  0.003 0.003 0.003 0.003 0.004 0.932 0.009 0.019 0.023 
 62 TMA-ZAIN-G-    (9)    1 :  0.007 0.039 0.011 0.029 0.050 0.783 0.048 0.013 0.022 
 63 TMA-ZAIN-G-    (0)    1 :  0.007 0.006 0.003 0.004 0.007 0.943 0.011 0.014 0.007 
 64 TMA-ZAIN-G-    (0)    1 :  0.005 0.005 0.965 0.008 0.005 0.002 0.003 0.003 0.002 
 65 TMA-ZAIN-G-    (9)    1 :  0.005 0.008 0.944 0.007 0.019 0.004 0.003 0.007 0.003 
 66 TMA-ZAIN-G-    (0)    1 :  0.005 0.010 0.939 0.018 0.014 0.003 0.003 0.005 0.003 
 67 TMA-ZAIN-G-    (0)    1 :  0.004 0.015 0.827 0.092 0.028 0.004 0.012 0.005 0.014 
 68 TMA-ZAIN-G-    (0)    1 :  0.006 0.006 0.966 0.004 0.005 0.002 0.003 0.005 0.002 
 69 TMA-ZAIN-G-    (0)    1 :  0.020 0.008 0.782 0.040 0.063 0.023 0.019 0.014 0.030 
 70 TMA-ZAIN-G-    (0)    1 :  0.007 0.007 0.018 0.941 0.012 0.003 0.004 0.003 0.004 
 71 TMA-ZAIN-G-    (0)    1 :  0.004 0.006 0.005 0.962 0.011 0.003 0.004 0.004 0.003 
 72 TMA-ZAIN-G-    (0)    1 :  0.010 0.015 0.024 0.913 0.017 0.003 0.006 0.008 0.004 
 73 TMA-ZAIN-G-    (0)    1 :  0.004 0.007 0.007 0.866 0.013 0.025 0.029 0.019 0.031 
 74 TMA-ZAIN-G-    (0)    1 :  0.004 0.008 0.006 0.939 0.016 0.006 0.008 0.005 0.007 
 75 TMA-ZAIN-G-    (0)    1 :  0.006 0.008 0.006 0.944 0.013 0.005 0.006 0.009 0.003 
 76 TMA-ZAIN-G-    (0)    1 :  0.003 0.005 0.006 0.938 0.008 0.005 0.010 0.003 0.021 
 77 TMA-ZAIN-G-    (0)    1 :  0.008 0.009 0.006 0.950 0.007 0.003 0.006 0.005 0.006 
 78 TMA-ZAIN-G-    (0)    1 :  0.006 0.007 0.005 0.919 0.016 0.007 0.014 0.010 0.017 
 79 TMA-ZAIN-G-    (0)    1 :  0.007 0.008 0.004 0.942 0.008 0.004 0.007 0.008 0.012 
 80 TMA-ZAIN-G-    (0)    1 :  0.004 0.018 0.024 0.765 0.162 0.003 0.005 0.013 0.005 
 81 TMA-ZAIN-G-    (0)    1 :  0.007 0.010 0.005 0.942 0.012 0.004 0.007 0.008 0.006 
 82 TMA-ZAIN-G-    (0)    1 :  0.008 0.013 0.240 0.484 0.220 0.008 0.007 0.017 0.003 
 83 TMA-ZAIN-G-    (9)    1 :  0.005 0.016 0.045 0.038 0.758 0.060 0.024 0.019 0.036 
 84 TMA-ZAIN-G-    (0)    1 :  0.005 0.008 0.005 0.933 0.017 0.004 0.008 0.005 0.015 
 85 TMA-ZAIN-G-    (0)    1 :  0.006 0.010 0.006 0.009 0.011 0.028 0.144 0.760 0.026 
 86 TMA-ZAIN-G-    (0)    1 :  0.005 0.018 0.013 0.019 0.024 0.009 0.024 0.844 0.044 
 87 TMA-ZAIN-G-    (0)    1 :  0.006 0.011 0.005 0.014 0.012 0.032 0.062 0.651 0.207 
 88 TMA-ZAIN-G-    (0)    1 :  0.021 0.027 0.035 0.068 0.123 0.163 0.010 0.540 0.013 
 89 TMA-ZAIN-G-    (0)    1 :  0.027 0.015 0.019 0.038 0.034 0.021 0.006 0.816 0.024 
 90 TMA-ZAIN-G-    (0)    1 :  0.006 0.007 0.006 0.007 0.011 0.007 0.017 0.929 0.009 
 91 TMA-ZAIN-G-    (0)    1 :  0.011 0.009 0.007 0.010 0.009 0.026 0.012 0.909 0.008 
 92 TMA-ZAIN-G-    (0)    1 :  0.012 0.008 0.005 0.010 0.006 0.006 0.030 0.905 0.019 
 93 TMA-ZAIN-G-    (0)    1 :  0.011 0.006 0.005 0.005 0.005 0.016 0.023 0.919 0.010 
 94 TMA-ZAIN-G-    (0)    1 :  0.006 0.004 0.004 0.005 0.004 0.045 0.019 0.903 0.010 
 95 TMA-ZAIN-G-    (0)    1 :  0.028 0.021 0.018 0.016 0.009 0.008 0.888 0.005 0.007 
 96 TMA-ZAIN-G-    (0)    1 :  0.027 0.055 0.005 0.005 0.014 0.005 0.877 0.007 0.005 
 97 TMA-ZAIN-G-    (0)    1 :  0.007 0.005 0.006 0.012 0.005 0.936 0.012 0.010 0.007 
 98 TMA-ZAIN-G-    (0)    1 :  0.006 0.004 0.004 0.011 0.004 0.954 0.004 0.009 0.004 
 99 TMA-ZAIN-G-    (0)    1 :  0.007 0.038 0.021 0.027 0.112 0.770 0.007 0.004 0.013 
100 TMA-ZAIN-G-    (0)    1 :  0.007 0.004 0.005 0.006 0.004 0.911 0.018 0.028 0.018 
101 TMA-ZAIN-G-    (0)    1 :  0.006 0.005 0.006 0.012 0.010 0.940 0.007 0.009 0.006 
102 TMA-ZAIN-G-    (0)    1 :  0.033 0.038 0.012 0.024 0.055 0.574 0.053 0.012 0.199 
103 TMA-ZAIN-G-    (0)    1 :  0.009 0.012 0.006 0.011 0.020 0.889 0.030 0.008 0.016 
104 TMA-ZAIN-G-    (0)    1 :  0.004 0.004 0.003 0.004 0.004 0.965 0.006 0.005 0.006 
105 TMA-ZAIN-G-    (0)    1 :  0.009 0.013 0.007 0.011 0.027 0.893 0.020 0.010 0.008 
106 TMA-ZAIN-G-    (0)    1 :  0.113 0.518 0.049 0.218 0.084 0.003 0.005 0.007 0.003 
107 TMA-ZAIN-G-    (0)    1 :  0.010 0.018 0.010 0.462 0.483 0.004 0.005 0.005 0.003 
108 TMA-ZAIN-G-    (9)    1 :  0.073 0.139 0.010 0.188 0.120 0.353 0.043 0.027 0.047 
109 TMA-ZAIN-G-    (0)    1 :  0.018 0.215 0.179 0.013 0.155 0.324 0.039 0.051 0.004 
110 TMA-ZAIN-G-    (0)    1 :  0.023 0.215 0.008 0.120 0.266 0.073 0.106 0.024 0.166 
111 TMA-ZAIN-G-    (9)    1 :  0.004 0.020 0.017 0.052 0.160 0.558 0.061 0.027 0.101 
112 TMA-ZAIN-G-    (0)    1 :  0.036 0.262 0.022 0.042 0.153 0.282 0.115 0.025 0.064 
113 TMA-ZAIN-G-    (0)    1 :  0.006 0.006 0.011 0.020 0.013 0.916 0.005 0.016 0.008 
114 TMA-ZAIN-G-    (0)    1 :  0.002 0.003 0.002 0.003 0.004 0.965 0.006 0.005 0.010 
115 TMA-ZAIN-G-    (0)    1 :  0.004 0.003 0.003 0.003 0.005 0.968 0.005 0.004 0.006 
116 TMA-ZAIN-G-    (0)    1 :  0.005 0.008 0.012 0.011 0.939 0.007 0.004 0.010 0.003 
117 TMA-ZAIN-G-    (0)    1 :  0.084 0.224 0.245 0.147 0.206 0.012 0.020 0.059 0.004 
118 TMA-ZAIN-G-    (0)    1 :  0.016 0.013 0.025 0.015 0.908 0.005 0.006 0.010 0.003 
119 TMA-ZAIN-G-    (0)    1 :  0.005 0.010 0.041 0.067 0.798 0.026 0.023 0.011 0.019 
120 TMA-ZAIN-G-    (0)    1 :  0.054 0.022 0.020 0.027 0.835 0.010 0.013 0.015 0.004 
121 TMA-ZAIN-G-    (0)    1 :  0.023 0.082 0.140 0.051 0.650 0.014 0.012 0.025 0.003 
122 TMA-ZAIN-G-    (0)    1 :  0.013 0.190 0.047 0.217 0.466 0.006 0.017 0.036 0.008 
123 TMA-ZAIN-G-    (0)    1 :  0.012 0.005 0.004 0.005 0.006 0.943 0.010 0.006 0.009 
124 TMA-ZAIN-G-    (0)    1 :  0.009 0.952 0.004 0.007 0.011 0.005 0.005 0.005 0.003 
125 TMA-ZAIN-G-    (0)    1 :  0.026 0.854 0.031 0.006 0.007 0.002 0.004 0.067 0.002 
126 TMA-ZAIN-G-    (0)    1 :  0.038 0.914 0.004 0.006 0.017 0.004 0.004 0.009 0.003 
127 TMA-ZAIN-G-    (0)    1 :  0.010 0.956 0.006 0.006 0.010 0.003 0.004 0.004 0.003 
128 TMA-ZAIN-G-    (0)    1 :  0.008 0.923 0.024 0.009 0.016 0.004 0.005 0.007 0.003 
129 TMA-ZAIN-G-    (0)    1 :  0.017 0.940 0.005 0.008 0.010 0.006 0.005 0.007 0.003 
130 TMA-ZAIN-G-    (0)    1 :  0.067 0.839 0.009 0.008 0.023 0.007 0.006 0.040 0.003 
131 TMA-ZAIN-G-    (0)    1 :  0.014 0.950 0.005 0.006 0.008 0.004 0.006 0.005 0.003 
132 TMA-ZAIN-G-    (0)    1 :  0.014 0.871 0.041 0.016 0.019 0.004 0.005 0.027 0.003 
133 TMA-ZAIN-G-    (0)    1 :  0.102 0.625 0.078 0.071 0.049 0.003 0.016 0.043 0.013 
134 TMA-ZAIN-G-    (0)    1 :  0.259 0.500 0.059 0.061 0.072 0.004 0.007 0.029 0.008 
135 TMA-ZAIN-G-    (0)    1 :  0.021 0.246 0.026 0.173 0.502 0.004 0.005 0.016 0.007 
136 TMA-ZAIN-G-    (0)    1 :  0.009 0.083 0.614 0.064 0.195 0.007 0.005 0.017 0.006 
137 TMA-ZAIN-G-    (0)    1 :  0.006 0.072 0.006 0.106 0.783 0.006 0.006 0.008 0.008 
138 TMA-ZAIN-G-    (0)    1 :  0.026 0.591 0.012 0.018 0.330 0.004 0.003 0.013 0.003 
139 TMA-ZAIN-G-    (0)    1 :  0.018 0.390 0.013 0.054 0.446 0.004 0.004 0.065 0.005 
140 TMA-ZAIN-G-    (0)    1 :  0.006 0.115 0.008 0.135 0.718 0.004 0.006 0.004 0.004 
141 TMA-ZAIN-G-    (0)    1 :  0.026 0.107 0.008 0.465 0.371 0.006 0.006 0.007 0.003 
142 TMA-ZAIN-G-    (9)    1 :  0.006 0.050 0.012 0.192 0.723 0.004 0.004 0.005 0.003 
143 TMA-ZAIN-G-    (0)    1 :  0.012 0.225 0.012 0.070 0.661 0.005 0.005 0.006 0.003 
144 TMA-ZAIN-G-    (0)    1 :  0.013 0.140 0.006 0.017 0.782 0.004 0.011 0.022 0.005 
145 TMA-ZAIN-G-    (0)    1 :  0.007 0.048 0.283 0.138 0.499 0.003 0.005 0.014 0.002 
146 TMA-ZAIN-G-    (0)    1 :  0.006 0.007 0.006 0.708 0.259 0.004 0.004 0.004 0.003 
147 TMA-ZAIN-G-    (9)    1 :  0.006 0.010 0.011 0.574 0.384 0.003 0.004 0.005 0.003 
148 TMA-ZAIN-G-    (0)    1 :  0.115 0.088 0.005 0.460 0.288 0.003 0.003 0.034 0.003 
149 TMA-ZAIN-G-    (0)    1 :  0.037 0.126 0.007 0.251 0.428 0.026 0.014 0.093 0.018 
150 TMA-ZAIN-G-    (0)    1 :  0.018 0.023 0.049 0.142 0.630 0.024 0.013 0.085 0.016 
151 TMA-ZAIN-G-    (0)    1 :  0.016 0.038 0.009 0.013 0.912 0.003 0.003 0.005 0.002 
152 TMA-ZAIN-G-    (0)    1 :  0.007 0.007 0.005 0.005 0.961 0.004 0.003 0.005 0.002 
153 TMA-ZAIN-G-    (0)    1 :  0.023 0.085 0.016 0.024 0.833 0.003 0.003 0.010 0.003 
154 TMA-ZAIN-G-    (0)    1 :  0.005 0.008 0.005 0.007 0.961 0.003 0.003 0.005 0.002 
155 TMA-ZAIN-G-    (0)    1 :  0.006 0.012 0.008 0.019 0.941 0.004 0.004 0.003 0.003 
156 TMA-ZAIN-G-    (9)    1 :  0.047 0.049 0.004 0.007 0.873 0.006 0.004 0.008 0.003 
157 TMA-ZAIN-G-    (0)    1 :  0.101 0.063 0.006 0.016 0.795 0.005 0.004 0.008 0.003 
158 TMA-ZAIN-G-    (0)    1 :  0.004 0.010 0.005 0.026 0.940 0.003 0.005 0.004 0.003 
159 TMA-ZAIN-G-    (0)    1 :  0.005 0.010 0.011 0.246 0.715 0.004 0.003 0.005 0.002 
160 TMA-ZAIN-G-    (0)    1 :  0.004 0.007 0.015 0.115 0.842 0.005 0.003 0.006 0.002 
161 TMA-ZAIN-G-    (0)    1 :  0.020 0.127 0.006 0.034 0.784 0.003 0.005 0.018 0.003 
162 TMA-ZAIN-G-    (0)    1 :  0.004 0.011 0.006 0.009 0.908 0.023 0.008 0.014 0.016 
163 TMA-ZAIN-G-    (0)    1 :  0.003 0.007 0.004 0.007 0.968 0.003 0.003 0.003 0.002 
164 TMA-ZAIN-G-    (0)    1 :  0.004 0.008 0.005 0.012 0.953 0.004 0.004 0.007 0.003 
165 TMA-ZAIN-G-    (0)    1 :  0.004 0.008 0.006 0.015 0.955 0.004 0.003 0.003 0.002 
166 TMA-ZAIN-G-    (0)    1 :  0.006 0.087 0.011 0.144 0.735 0.003 0.004 0.008 0.002 
167 TMA-ZAIN-G-    (0)    1 :  0.008 0.036 0.005 0.809 0.120 0.006 0.006 0.005 0.005 
168 TMA-ZAIN-G-    (0)    1 :  0.034 0.012 0.012 0.898 0.024 0.007 0.005 0.005 0.003 
169 TMA-ZAIN-G-    (0)    1 :  0.005 0.007 0.075 0.855 0.042 0.004 0.003 0.005 0.003 
170 TMA-ZAIN-G-    (0)    1 :  0.110 0.143 0.019 0.606 0.074 0.015 0.019 0.005 0.008 
171 TMA-ZAIN-G-    (0)    1 :  0.004 0.006 0.015 0.947 0.015 0.003 0.003 0.003 0.003 
172 TMA-ZAIN-G-    (0)    1 :  0.024 0.808 0.005 0.085 0.059 0.004 0.006 0.004 0.004 
173 TMA-ZAIN-G-    (0)    1 :  0.021 0.879 0.006 0.048 0.028 0.003 0.006 0.005 0.004 
174 TMA-ZAIN-G-    (0)    1 :  0.007 0.675 0.049 0.140 0.112 0.003 0.004 0.008 0.003 
175 TMA-ZAIN-G-    (0)    1 :  0.004 0.007 0.007 0.934 0.033 0.004 0.003 0.005 0.003 
176 TMA-ZAIN-G-    (0)    1 :  0.006 0.009 0.005 0.878 0.087 0.004 0.004 0.004 0.003 
177 TMA-ZAIN-G-    (0)    1 :  0.031 0.035 0.004 0.680 0.233 0.004 0.005 0.004 0.003 
178 TMA-ZAIN-G-    (0)    1 :  0.077 0.500 0.005 0.185 0.210 0.005 0.009 0.005 0.005 
179 TMA-ZAIN-G-    (0)    1 :  0.039 0.148 0.009 0.434 0.353 0.003 0.005 0.005 0.003 
180 TMA-ZAIN-G-    (0)    1 :  0.017 0.830 0.070 0.012 0.035 0.004 0.007 0.017 0.008 
181 TMA-ZAIN-G-    (0)    1 :  0.164 0.748 0.006 0.016 0.048 0.005 0.004 0.005 0.003 
182 TMA-ZAIN-G-    (0)    1 :  0.145 0.781 0.003 0.011 0.040 0.007 0.005 0.005 0.003 
183 TMA-ZAIN-G-    (0)    1 :  0.263 0.658 0.006 0.020 0.038 0.005 0.004 0.004 0.003 
184 TMA-ZAIN-G-    (0)    1 :  0.037 0.791 0.010 0.013 0.060 0.034 0.014 0.025 0.016 
185 TMA-ZAIN-G-    (0)    1 :  0.005 0.887 0.006 0.008 0.010 0.015 0.020 0.026 0.023 
186 TMA-ZAIN-G-    (9)    1 :  0.005 0.945 0.006 0.010 0.012 0.003 0.008 0.005 0.005 
187 TMA-ZAIN-G-    (0)    1 :  0.022 0.885 0.014 0.041 0.023 0.004 0.005 0.003 0.003 
188 TMA-ZAIN-G-    (0)    1 :  0.010 0.902 0.015 0.046 0.014 0.003 0.004 0.004 0.002 
189 TMA-ZAIN-G-    (0)    1 :  0.009 0.956 0.011 0.006 0.007 0.002 0.003 0.003 0.003 
190 TMA-ZAIN-G-    (0)    1 :  0.088 0.769 0.021 0.081 0.023 0.003 0.006 0.005 0.003 
191 TMA-ZAIN-G-    (0)    1 :  0.006 0.910 0.005 0.013 0.007 0.014 0.011 0.012 0.022 
192 TMA-ZAIN-G-    (0)    1 :  0.027 0.923 0.005 0.013 0.009 0.004 0.005 0.006 0.009 
193 TMA-ZAIN-G-    (0)    1 :  0.973 0.005 0.004 0.003 0.003 0.003 0.003 0.004 0.002 
194 TMA-ZAIN-G-    (0)    1 :  0.905 0.040 0.011 0.006 0.005 0.003 0.013 0.011 0.006 
195 TMA-ZAIN-G-    (0)    1 :  0.825 0.063 0.037 0.039 0.015 0.003 0.010 0.005 0.003 
196 TMA-ZAIN-G-    (0)    1 :  0.953 0.012 0.010 0.005 0.006 0.003 0.004 0.005 0.003 
197 TMA-ZAIN-G-    (0)    1 :  0.947 0.011 0.009 0.009 0.008 0.003 0.004 0.007 0.003 
198 TMA-ZAIN-G-    (0)    1 :  0.951 0.012 0.007 0.008 0.008 0.003 0.003 0.004 0.003 
199 TMA-ZAIN-G-    (0)    1 :  0.007 0.952 0.005 0.007 0.010 0.003 0.007 0.005 0.004 
200 TMA-ZAIN-G-    (0)    1 :  0.048 0.004 0.003 0.003 0.003 0.018 0.037 0.004 0.879 
201 TMA-ZAIN-G-    (0)    1 :  0.003 0.003 0.005 0.004 0.004 0.006 0.013 0.004 0.957 
202 TMA-ZAIN-G-    (0)    1 :  0.037 0.010 0.003 0.004 0.006 0.014 0.015 0.003 0.908 
203 TMA-ZAIN-G-    (0)    1 :  0.870 0.048 0.004 0.016 0.029 0.021 0.005 0.005 0.003 
204 TMA-ZAIN-G-    (9)    1 :  0.009 0.008 0.010 0.020 0.005 0.005 0.015 0.040 0.887 
205 TMA-ZAIN-G-    (0)    1 :  0.008 0.010 0.007 0.027 0.109 0.007 0.024 0.015 0.792 
206 TMA-ZAIN-G-    (9)    1 :  0.070 0.020 0.011 0.013 0.012 0.014 0.030 0.027 0.803 
207 TMA-ZAIN-G-    (9)    1 :  0.010 0.039 0.062 0.034 0.637 0.015 0.057 0.133 0.012 
208 TMA-ZAIN-G-    (0)    1 :  0.004 0.027 0.039 0.107 0.809 0.003 0.005 0.004 0.003 
209 TMA-ZAIN-G-    (0)    1 :  0.234 0.446 0.019 0.149 0.088 0.004 0.004 0.054 0.003 
210 TMA-ZAIN-G-    (0)    1 :  0.398 0.228 0.113 0.124 0.107 0.004 0.006 0.016 0.003 
211 TMA-ZAIN-G-    (0)    1 :  0.107 0.563 0.034 0.124 0.089 0.013 0.029 0.015 0.026 
212 TMA-ZAIN-G-    (0)    1 :  0.024 0.508 0.017 0.027 0.399 0.004 0.006 0.011 0.005 
213 TMA-ZAIN-G-    (0)    1 :  0.032 0.565 0.008 0.073 0.303 0.003 0.005 0.007 0.003 
214 TMA-ZAIN-G-    (0)    1 :  0.028 0.695 0.045 0.072 0.142 0.003 0.004 0.007 0.003 
215 TMA-ZAIN-G-    (0)    1 :  0.006 0.332 0.006 0.362 0.076 0.004 0.200 0.003 0.012 
216 TMA-ZAIN-G-    (0)    1 :  0.010 0.925 0.005 0.014 0.025 0.003 0.005 0.008 0.004 
217 TMA-ZAIN-G-    (0)    1 :  0.098 0.430 0.131 0.215 0.108 0.003 0.003 0.009 0.003 
218 TMA-ZAIN-G-    (0)    1 :  0.004 0.008 0.012 0.007 0.005 0.005 0.951 0.005 0.004 
219 TMA-ZAIN-G-    (0)    1 :  0.004 0.006 0.004 0.004 0.004 0.005 0.953 0.010 0.011 
220 TMA-ZAIN-G-    (0)    1 :  0.007 0.008 0.013 0.013 0.030 0.061 0.853 0.010 0.005 
221 TMA-ZAIN-G-    (0)    1 :  0.007 0.024 0.007 0.010 0.011 0.005 0.908 0.007 0.022 
222 TMA-ZAIN-G-    (0)    1 :  0.006 0.008 0.014 0.010 0.016 0.036 0.882 0.019 0.009 
223 TMA-ZAIN-G-    (0)    1 :  0.003 0.004 0.004 0.004 0.004 0.007 0.959 0.006 0.011 
224 TMA-ZAIN-G-    (0)    1 :  0.010 0.019 0.005 0.006 0.005 0.013 0.905 0.015 0.022 
225 TMA-ZAIN-G-    (0)    1 :  0.012 0.005 0.002 0.004 0.003 0.010 0.949 0.004 0.010 
226 TMA-ZAIN-G-    (0)    1 :  0.018 0.008 0.005 0.008 0.007 0.013 0.928 0.005 0.009 
227 TMA-ZAIN-G-    (0)    1 :  0.022 0.008 0.004 0.009 0.008 0.013 0.906 0.005 0.025 
228 TMA-ZAIN-G-    (0)    1 :  0.007 0.008 0.008 0.023 0.013 0.017 0.905 0.007 0.011 
229 TMA-ZAIN-G-    (0)    1 :  0.003 0.003 0.011 0.005 0.003 0.028 0.872 0.007 0.069 
230 TMA-ZAIN-G-    (0)    1 :  0.025 0.052 0.018 0.083 0.011 0.057 0.692 0.053 0.009 
231 TMA-ZAIN-G-    (0)    1 :  0.013 0.014 0.014 0.041 0.063 0.141 0.138 0.026 0.552 
232 TMA-ZAIN-G-    (9)    1 :  0.012 0.040 0.052 0.016 0.013 0.289 0.068 0.015 0.495 
233 TMA-ZAIN-G-    (0)    1 :  0.010 0.010 0.041 0.025 0.009 0.006 0.862 0.014 0.023 
234 TMA-ZAIN-G-    (0)    1 :  0.011 0.004 0.006 0.006 0.010 0.309 0.584 0.022 0.047 
235 TMA-ZAIN-G-    (0)    1 :  0.025 0.032 0.005 0.037 0.015 0.143 0.708 0.013 0.023 
236 TMA-ZAIN-G-    (0)    1 :  0.028 0.011 0.006 0.016 0.014 0.065 0.787 0.007 0.065 
237 TMA-ZAIN-G-    (0)    1 :  0.012 0.027 0.017 0.293 0.029 0.229 0.365 0.014 0.014 
238 TMA-ZAIN-G-    (0)    1 :  0.007 0.023 0.005 0.029 0.028 0.055 0.814 0.005 0.033 
239 TMA-ZAIN-G-    (0)    1 :  0.141 0.035 0.017 0.004 0.004 0.005 0.005 0.032 0.756 
240 TMA-ZAIN-G-    (0)    1 :  0.004 0.003 0.003 0.004 0.003 0.003 0.004 0.007 0.969 
241 TMA-ZAIN-G-    (0)    1 :  0.004 0.004 0.004 0.012 0.006 0.004 0.004 0.005 0.956 
242 TMA-ZAIN-G-    (0)    1 :  0.003 0.005 0.005 0.007 0.006 0.003 0.004 0.004 0.962 
243 TMA-ZAIN-G-    (0)    1 :  0.004 0.006 0.008 0.013 0.009 0.003 0.004 0.006 0.947 
244 TMA-ZAIN-G-    (0)    1 :  0.003 0.007 0.009 0.015 0.016 0.004 0.004 0.004 0.936 
245 TMA-ZAIN-G-    (9)    1 :  0.003 0.003 0.002 0.003 0.004 0.004 0.004 0.003 0.974 
246 TMA-ZAIN-G-    (0)    1 :  0.003 0.004 0.003 0.003 0.003 0.003 0.004 0.003 0.974 
247 TMA-ZAIN-G-    (0)    1 :  0.002 0.005 0.005 0.004 0.004 0.002 0.004 0.004 0.968 
248 TMA-ZAIN-G-    (0)    1 :  0.010 0.007 0.005 0.007 0.006 0.004 0.006 0.004 0.951 
249 TMA-ZAIN-G-    (0)    1 :  0.007 0.005 0.003 0.003 0.004 0.003 0.005 0.003 0.967 
250 TMA-ZAIN-G-    (0)    1 :  0.004 0.004 0.006 0.003 0.003 0.002 0.005 0.003 0.968 
251 TMA-ZAIN-G-    (0)    1 :  0.006 0.005 0.004 0.004 0.004 0.006 0.004 0.964 0.003 
252 TMA-ZAIN-G-    (0)    1 :  0.005 0.008 0.035 0.035 0.035 0.004 0.007 0.869 0.003 
253 TMA-ZAIN-G-    (0)    1 :  0.005 0.004 0.006 0.004 0.009 0.005 0.003 0.959 0.004 
254 TMA-ZAIN-G-    (9)    1 :  0.006 0.008 0.012 0.011 0.028 0.008 0.005 0.919 0.003 
255 TMA-ZAIN-G-    (0)    1 :  0.004 0.004 0.007 0.004 0.007 0.010 0.003 0.941 0.018 
256 TMA-ZAIN-G-    (0)    1 :  0.018 0.006 0.004 0.006 0.006 0.006 0.004 0.941 0.007 
257 TMA-ZAIN-G-    (0)    1 :  0.011 0.003 0.003 0.003 0.003 0.004 0.003 0.966 0.004 
258 TMA-ZAIN-G-    (0)    1 :  0.005 0.003 0.005 0.003 0.004 0.003 0.003 0.971 0.003 
259 TMA-ZAIN-G-    (0)    1 :  0.006 0.004 0.005 0.003 0.003 0.003 0.004 0.967 0.004 
260 TMA-ZAIN-G-    (0)    1 :  0.005 0.004 0.010 0.004 0.003 0.003 0.005 0.962 0.004 
261 TMA-ZAIN-G-   (18)    1 :  0.008 0.007 0.010 0.004 0.006 0.004 0.006 0.950 0.004 
262 TMA-ZAIN-G-    (0)    1 :  0.006 0.003 0.003 0.003 0.003 0.004 0.003 0.971 0.003 
263 TMA-ZAIN-G-    (0)    1 :  0.004 0.004 0.004 0.003 0.005 0.006 0.003 0.968 0.003 
264 TMA-ZAIN-G-    (0)    1 :  0.006 0.003 0.005 0.004 0.005 0.009 0.004 0.961 0.004 
265 TMA-ZAIN-G-    (0)    1 :  0.011 0.026 0.035 0.023 0.026 0.016 0.201 0.648 0.015 
266 TMA-ZAIN-G-    (0)    1 :  0.064 0.082 0.020 0.015 0.037 0.015 0.025 0.733 0.009 
267 TMA-ZAIN-G-    (0)    1 :  0.007 0.012 0.015 0.019 0.012 0.022 0.060 0.582 0.272 
268 TMA-ZAIN-G-    (0)    1 :  0.003 0.003 0.004 0.004 0.004 0.067 0.007 0.006 0.902 
269 TMA-ZAIN-G-    (0)    1 :  0.004 0.006 0.005 0.008 0.006 0.248 0.034 0.008 0.680 
270 TMA-ZAIN-G-    (0)    1 :  0.004 0.005 0.005 0.006 0.006 0.065 0.020 0.012 0.877 
271 TMA-ZAIN-G-    (0)    1 :  0.003 0.004 0.003 0.005 0.005 0.030 0.007 0.008 0.934 
272 TMA-ZAIN-G-    (0)    1 :  0.004 0.005 0.003 0.006 0.004 0.025 0.063 0.005 0.885 
273 TMA-ZAIN-G-    (0)    1 :  0.003 0.003 0.002 0.003 0.002 0.016 0.017 0.004 0.950 
274 TMA-ZAIN-G-    (0)    1 :  0.050 0.023 0.010 0.016 0.009 0.027 0.018 0.010 0.837 
275 TMA-ZAIN-G-    (0)    1 :  0.003 0.004 0.002 0.003 0.004 0.006 0.008 0.003 0.967 
276 TMA-ZAIN-G-    (0)    1 :  0.003 0.003 0.003 0.004 0.004 0.009 0.004 0.003 0.967 
277 TMA-ZAIN-G-    (0)    1 :  0.006 0.004 0.005 0.006 0.004 0.010 0.006 0.006 0.954 
278 TMA-ZAIN-G-    (0)    1 :  0.003 0.003 0.003 0.003 0.003 0.006 0.005 0.005 0.968 
279 TMA-ZAIN-G-    (0)    1 :  0.006 0.006 0.003 0.004 0.004 0.010 0.016 0.004 0.946 
280 TMA-ZAIN-G-    (0)    1 :  0.008 0.009 0.002 0.004 0.006 0.100 0.052 0.004 0.814 
281 TMA-ZAIN-G-    (0)    1 :  0.006 0.005 0.003 0.004 0.004 0.044 0.014 0.005 0.915 
282 TMA-ZAIN-G-    (9)    1 :  0.003 0.003 0.003 0.003 0.003 0.013 0.007 0.005 0.960 
283 TMA-ZAIN-G-    (0)    1 :  0.005 0.012 0.006 0.011 0.019 0.075 0.076 0.150 0.645 
284 TMA-ZAIN-G-    (0)    1 :  0.006 0.014 0.004 0.011 0.019 0.179 0.145 0.162 0.461 
285 TMA-ZAIN-G-    (0)    1 :  0.011 0.023 0.027 0.024 0.016 0.034 0.021 0.032 0.814 
286 TMA-ZAIN-G-    (0)    1 :  0.003 0.004 0.002 0.004 0.004 0.034 0.012 0.008 0.929 
287 TMA-ZAIN-G-    (0)    1 :  0.015 0.010 0.010 0.010 0.005 0.023 0.008 0.006 0.912 
288 TMA-ZAIN-G-    (0)    1 :  0.071 0.043 0.011 0.026 0.015 0.094 0.126 0.012 0.603 
289 TMA-ZAIN-G-    (0)    1 :  0.027 0.017 0.016 0.018 0.008 0.022 0.016 0.010 0.866 
290 TMA-ZAIN-G-    (0)    1 :  0.010 0.012 0.003 0.006 0.010 0.418 0.083 0.009 0.449 
291 TMA-ZAIN-G-    (0)    1 :  0.005 0.005 0.003 0.004 0.004 0.010 0.946 0.008 0.014 
292 TMA-ZAIN-G-    (0)    1 :  0.026 0.104 0.006 0.659 0.162 0.011 0.015 0.005 0.013 
293 TMA-ZAIN-G-    (0)    1 :  0.024 0.085 0.024 0.146 0.655 0.004 0.018 0.029 0.014 
294 TMA-ZAIN-G-    (0)    1 :  0.004 0.009 0.012 0.809 0.148 0.003 0.004 0.007 0.004 
295 TMA-ZAIN-G-    (9)    1 :  0.005 0.017 0.013 0.810 0.125 0.004 0.012 0.008 0.007 
296 TMA-ZAIN-G-    (0)    1 :  0.048 0.057 0.006 0.250 0.592 0.013 0.012 0.015 0.007 
297 TMA-ZAIN-G-    (0)    1 :  0.121 0.082 0.025 0.101 0.622 0.005 0.009 0.028 0.006 
298 TMA-ZAIN-G-    (0)    1 :  0.005 0.013 0.007 0.844 0.042 0.014 0.015 0.041 0.020 
299 TMA-ZAIN-G-    (0)    1 :  0.004 0.007 0.009 0.951 0.014 0.004 0.004 0.003 0.004 
300 TMA-ZAIN-G-    (0)    1 :  0.007 0.030 0.038 0.869 0.034 0.003 0.007 0.006 0.006 
301 TMA-ZAIN-G-    (0)    1 :  0.036 0.076 0.035 0.778 0.048 0.005 0.009 0.005 0.007 
302 TMA-ZAIN-G-    (9)    1 :  0.017 0.062 0.007 0.692 0.202 0.004 0.006 0.006 0.003 
303 TMA-ZAIN-G-    (0)    1 :  0.126 0.030 0.002 0.004 0.005 0.018 0.778 0.030 0.007 
304 TMA-ZAIN-G-    (0)    2 :  0.039 0.110 0.151 0.013 0.094 0.014 0.008 0.563 0.008 
305 TMA-ZAIN-G-    (0)    2 :  0.012 0.049 0.020 0.227 0.669 0.004 0.006 0.010 0.004 
306 TMA-ZAIN-G-    (0)    2 :  0.023 0.042 0.015 0.100 0.282 0.095 0.010 0.405 0.029 
307 TMA-ZAIN-G-    (0)    2 :  0.013 0.102 0.356 0.015 0.090 0.012 0.006 0.394 0.013 
308 TMA-ZAIN-G-    (0)    2 :  0.014 0.006 0.015 0.005 0.004 0.030 0.118 0.788 0.020 
309 TMA-ZAIN-G-    (0)    2 :  0.024 0.918 0.008 0.020 0.015 0.003 0.004 0.004 0.003 
310 TMA-ZAIN-G-    (0)    2 :  0.004 0.075 0.011 0.717 0.126 0.008 0.015 0.018 0.027 
311 TMA-ZAIN-G-    (0)    2 :  0.020 0.127 0.007 0.211 0.485 0.047 0.034 0.059 0.009 
312 TMA-ZAIN-G-    (0)    2 :  0.019 0.845 0.009 0.052 0.040 0.005 0.016 0.010 0.005 
313 TMA-ZAIN-G-    (0)    2 :  0.019 0.074 0.028 0.127 0.060 0.012 0.006 0.668 0.005 
314 TMA-ZAIN-G-    (0)    2 :  0.017 0.030 0.012 0.011 0.011 0.363 0.295 0.018 0.244 
315 TMA-ZAIN-G-    (0)    2 :  0.008 0.074 0.049 0.331 0.084 0.007 0.038 0.017 0.392 
316 TMA-ZAIN-G-    (0)    2 :  0.006 0.059 0.045 0.261 0.119 0.010 0.071 0.018 0.412 
317 TMA-ZAIN-G-    (0)    2 :  0.007 0.005 0.004 0.018 0.006 0.036 0.889 0.013 0.022 
318 TMA-ZAIN-G-    (9)    2 :  0.009 0.006 0.011 0.014 0.006 0.337 0.163 0.055 0.399 
319 TMA-ZAIN-G-    (0)    3 :  0.489 0.009 0.003 0.005 0.005 0.025 0.300 0.010 0.155 
320 TMA-ZAIN-G-    (0)    3 :  0.009 0.050 0.016 0.433 0.068 0.006 0.402 0.006 0.009 
321 TMA-ZAIN-G-    (0)    4 :  0.006 0.468 0.019 0.064 0.142 0.065 0.108 0.014 0.114 
322 TMA-ZAIN-G-    (0)    4 :  0.008 0.168 0.031 0.058 0.200 0.073 0.394 0.060 0.009 
323 TMA-ZAIN-G-    (0)    5 :  0.064 0.027 0.020 0.006 0.009 0.007 0.839 0.013 0.016 
324 TMA-ZAIN-G-    (0)    5 :  0.036 0.017 0.012 0.010 0.890 0.006 0.007 0.017 0.004 
325 TMA-ZAIN-G-    (0)    5 :  0.006 0.014 0.005 0.011 0.012 0.004 0.889 0.008 0.050 
326 TMA-ZAIN-G-    (0)    5 :  0.366 0.018 0.004 0.006 0.012 0.003 0.574 0.014 0.004 
327 TMA-ZAIN-G-    (0)    5 :  0.886 0.044 0.030 0.009 0.007 0.003 0.004 0.013 0.003 
328 TMA-ZAIN-G-    (0)    5 :  0.068 0.069 0.264 0.011 0.021 0.300 0.156 0.020 0.091 
329 TMA-ZAIN-G-    (0)    5 :  0.045 0.372 0.069 0.399 0.058 0.005 0.012 0.033 0.007 
330 TMA-ZAIN-G-    (0)    6 :  0.018 0.790 0.053 0.066 0.032 0.004 0.007 0.029 0.002 
331 TMA-ZAIN-G-    (0)    6 :  0.010 0.544 0.006 0.149 0.026 0.020 0.043 0.133 0.069 
332 TMA-ZAIN-G-    (0)    6 :  0.324 0.598 0.011 0.018 0.035 0.002 0.004 0.004 0.002 
333 TMA-ZAIN-G-    (0)    6 :  0.971 0.007 0.004 0.003 0.003 0.003 0.003 0.004 0.002 
334 TMA-ZAIN-G-    (0)    6 :  0.003 0.004 0.003 0.004 0.004 0.012 0.012 0.007 0.952 
335 TMA-ZAIN-G-    (0)    6 :  0.003 0.004 0.006 0.005 0.005 0.004 0.005 0.004 0.964 
336 TMA-ZAIN-G-    (0)    6 :  0.006 0.008 0.006 0.011 0.008 0.013 0.019 0.011 0.918 
337 TMA-ZAIN-G-    (9)    6 :  0.003 0.006 0.004 0.007 0.007 0.080 0.034 0.007 0.852 
338 TMA-ZAIN-G-    (0)    6 :  0.003 0.003 0.003 0.004 0.004 0.032 0.009 0.008 0.934 
339 TMA-ZAIN-G-    (0)    6 :  0.002 0.002 0.002 0.002 0.002 0.014 0.005 0.004 0.966 
340 TMA-ZAIN-G-    (0)    6 :  0.002 0.003 0.003 0.003 0.003 0.006 0.005 0.003 0.972 
341 TMA-ZAIN-G-    (0)    6 :  0.004 0.005 0.004 0.004 0.005 0.010 0.005 0.003 0.961 
342 TMA-ZAIN-G-    (0)    6 :  0.003 0.004 0.003 0.005 0.004 0.008 0.007 0.006 0.960 
343 TMA-ZAIN-G-    (0)    7 :  0.003 0.004 0.003 0.003 0.003 0.030 0.007 0.003 0.945 
344 TMA-ZAIN-G-    (0)    7 :  0.006 0.006 0.003 0.004 0.004 0.008 0.013 0.005 0.952 
345 TMA-ZAIN-G-    (0)    7 :  0.003 0.003 0.003 0.003 0.003 0.004 0.005 0.005 0.972 
346 TMA-ZAIN-G-    (0)    7 :  0.013 0.011 0.003 0.008 0.006 0.026 0.015 0.004 0.914 
347 TMA-ZAIN-G-    (9)    7 :  0.003 0.003 0.003 0.003 0.003 0.008 0.008 0.003 0.966 
348 TMA-ZAIN-G-    (0)    7 :  0.005 0.004 0.004 0.005 0.005 0.018 0.016 0.009 0.933 
349 TMA-ZAIN-G-    (0)    7 :  0.004 0.003 0.004 0.005 0.004 0.014 0.007 0.005 0.954 
350 TMA-ZAIN-G-    (0)    7 :  0.009 0.008 0.005 0.008 0.007 0.027 0.040 0.005 0.890 
351 TMA-ZAIN-G-    (0)    7 :  0.004 0.003 0.004 0.004 0.003 0.007 0.007 0.005 0.962 
352 TMA-ZAIN-G-    (0)    7 :  0.004 0.005 0.007 0.007 0.007 0.008 0.006 0.007 0.948 
353 TMA-ZAIN-G-    (0)    7 :  0.013 0.012 0.003 0.006 0.007 0.039 0.023 0.005 0.891 
354 TMA-ZAIN-G-    (0)    7 :  0.005 0.009 0.002 0.004 0.007 0.007 0.012 0.003 0.952 
355 TMA-ZAIN-G-    (0)    7 :  0.007 0.012 0.004 0.007 0.011 0.013 0.008 0.003 0.934 
356 TMA-ZAIN-G-    (0)    8 :  0.003 0.004 0.043 0.007 0.917 0.003 0.010 0.012 0.002 
357 TMA-ZAIN-G-    (0)    8 :  0.335 0.104 0.057 0.061 0.411 0.009 0.009 0.010 0.004 
358 TMA-ZAIN-G-    (0)    8 :  0.017 0.527 0.108 0.115 0.102 0.049 0.035 0.027 0.021 
359 TMA-ZAIN-G-    (0)    8 :  0.004 0.010 0.319 0.101 0.368 0.011 0.066 0.093 0.029 
360 TMA-ZAIN-G-    (0)    8 :  0.003 0.021 0.015 0.141 0.800 0.003 0.006 0.007 0.005 
361 TMA-ZAIN-G-    (0)    8 :  0.032 0.736 0.017 0.040 0.141 0.010 0.009 0.011 0.004 
362 TMA-ZAIN-G-    (0)    8 :  0.003 0.008 0.009 0.029 0.865 0.007 0.019 0.005 0.055 
363 TMA-ZAIN-G-    (0)    9 :  0.068 0.434 0.014 0.337 0.085 0.004 0.029 0.018 0.010 
364 TMA-ZAIN-G-    (0)    9 :  0.014 0.020 0.015 0.035 0.012 0.245 0.624 0.018 0.016 
365 TMA-ZAIN-G-    (0)    9 :  0.004 0.109 0.036 0.083 0.528 0.011 0.074 0.004 0.150 
366 TMA-ZAIN-G-    (0)    9 :  0.004 0.019 0.081 0.697 0.168 0.004 0.005 0.016 0.006 
367 TMA-ZAIN-G-    (0)    9 :  0.038 0.686 0.007 0.021 0.074 0.084 0.021 0.062 0.006 
368 TMA-ZAIN-G-    (0)    9 :  0.006 0.019 0.065 0.843 0.042 0.005 0.005 0.010 0.004 
369 TMA-ZAIN-G-    (0)    9 :  0.016 0.921 0.023 0.013 0.013 0.002 0.004 0.005 0.003 
370 TMA-ZAIN-G-    (0)    9 :  0.015 0.912 0.008 0.031 0.016 0.005 0.005 0.004 0.003 
371 TMA-ZAIN-G-    (0)    9 :  0.008 0.011 0.031 0.245 0.686 0.005 0.004 0.006 0.003 
372 TMA-ZAIN-G-    (0)    9 :  0.005 0.172 0.026 0.155 0.623 0.004 0.004 0.008 0.004 
373 TMA-ZAIN-G-    (0)    9 :  0.453 0.509 0.006 0.005 0.005 0.003 0.007 0.006 0.004 
374 TMA-ZAIN-G-    (0)   10 :  0.120 0.259 0.007 0.021 0.047 0.317 0.058 0.164 0.008 
375 TMA-ZAIN-G-    (0)   10 :  0.054 0.206 0.009 0.019 0.024 0.042 0.630 0.007 0.009 
376 TMA-ZAIN-G-    (9)   10 :  0.004 0.038 0.004 0.058 0.882 0.004 0.005 0.003 0.003 
377 TMA-ZAIN-G-    (0)   10 :  0.006 0.035 0.018 0.192 0.735 0.003 0.004 0.004 0.002 
378 TMA-ZAIN-G-    (0)   10 :  0.009 0.014 0.013 0.018 0.935 0.003 0.003 0.003 0.002 
379 TMA-ZAIN-G-    (0)   10 :  0.015 0.011 0.013 0.007 0.938 0.003 0.003 0.008 0.002 
380 TMA-ZAIN-G-    (0)   10 :  0.009 0.045 0.048 0.828 0.050 0.003 0.005 0.009 0.003 
381 TMA-ZAIN-G-    (9)   10 :  0.014 0.037 0.096 0.149 0.045 0.010 0.555 0.082 0.012 
382 TMA-ZAIN-G-    (9)   10 :  0.010 0.017 0.004 0.012 0.006 0.692 0.182 0.010 0.066 
383    ZFB01    (0)   11 :  0.003 0.004 0.003 0.005 0.006 0.962 0.004 0.004 0.009 
384    ZFB02    (0)   11 :  0.002 0.003 0.003 0.003 0.004 0.937 0.006 0.009 0.032 
385    ZFB03    (0)   11 :  0.010 0.006 0.003 0.005 0.006 0.953 0.009 0.005 0.005 
386    ZFB04    (0)   11 :  0.002 0.004 0.003 0.004 0.006 0.934 0.005 0.006 0.035 
387    ZFB05    (0)   11 :  0.012 0.006 0.011 0.003 0.004 0.798 0.041 0.012 0.113 
388    ZFB06    (0)   11 :  0.013 0.007 0.013 0.003 0.004 0.860 0.041 0.008 0.053 
389    ZFB07    (9)   11 :  0.005 0.007 0.004 0.009 0.009 0.940 0.010 0.005 0.011 
390    ZFB08    (0)   11 :  0.005 0.007 0.006 0.007 0.007 0.946 0.008 0.007 0.006 
391    ZFB09    (0)   11 :  0.003 0.003 0.003 0.003 0.004 0.972 0.004 0.004 0.005 
392    ZFB10    (0)   11 :  0.003 0.010 0.006 0.016 0.033 0.910 0.005 0.006 0.011 
393    ZFB11    (0)   11 :  0.003 0.005 0.004 0.013 0.010 0.935 0.004 0.008 0.018 
394    ZFB12    (0)   11 :  0.008 0.009 0.004 0.010 0.009 0.895 0.022 0.005 0.040 
395    ZFB13    (0)   11 :  0.004 0.008 0.007 0.010 0.010 0.938 0.011 0.005 0.007 
396    ZFB14    (0)   11 :  0.003 0.004 0.003 0.005 0.006 0.965 0.004 0.005 0.004 
397    ZFB15    (0)   11 :  0.003 0.003 0.002 0.003 0.004 0.963 0.004 0.003 0.016 
398    ZFB16    (0)   11 :  0.003 0.006 0.004 0.007 0.008 0.946 0.008 0.004 0.015 
