

----------------------------------------------------
STRUCTURE by Pritchard, Stephens and Donnelly (2000)
     and Falush, Stephens and Pritchard (2003)
       Code by Pritchard, Falush and Hubisz
             Version 2.3.4 (Jul 2012)
----------------------------------------------------



Command line arguments:   bin\structure -m C:\Users\eschumacher\Documents\GitHub\GCC_QUAC_ZAIN\Data_Files\Structure_Files\ZAIN\ZAIN_rebinned_allpop_str\50-50\mainparams -e C:\Users\eschumacher\Documents\GitHub\GCC_QUAC_ZAIN\Data_Files\Structure_Files\ZAIN\ZAIN_rebinned_allpop_str\50-50\extraparams 
Input File:    C:\Users\eschumacher\Documents\GitHub\GCC_QUAC_ZAIN\Data_Files\Structure_Files\ZAIN\ZAIN_rebinned_allpop_str\project_data

Run parameters:
   1133 individuals
   11 loci
   12 populations assumed
   50000 Burn-in period
   50000 Reps


--------------------------------------------
Proportion of membership of each pre-defined
 population in each of the 12 clusters

Given    Inferred Clusters                                                                      Number of
 Pop       1      2      3      4      5      6      7      8      9     10     11     12      Individuals

  1:     0.108  0.102  0.075  0.084  0.045  0.052  0.036  0.145  0.080  0.110  0.087  0.076      303
  2:     0.164  0.108  0.057  0.096  0.025  0.014  0.033  0.104  0.041  0.125  0.061  0.172       15
  3:     0.084  0.343  0.143  0.022  0.019  0.242  0.009  0.082  0.020  0.014  0.016  0.006        2
  4:     0.155  0.240  0.018  0.081  0.023  0.007  0.024  0.050  0.100  0.211  0.067  0.025        2
  5:     0.025  0.346  0.051  0.134  0.020  0.199  0.057  0.027  0.025  0.064  0.039  0.013        7
  6:     0.031  0.011  0.012  0.011  0.038  0.102  0.010  0.632  0.010  0.121  0.015  0.008       13
  7:     0.007  0.015  0.004  0.007  0.010  0.006  0.004  0.916  0.005  0.007  0.015  0.004       13
  8:     0.049  0.017  0.037  0.127  0.031  0.053  0.074  0.014  0.450  0.128  0.010  0.010        7
  9:     0.267  0.052  0.056  0.142  0.021  0.043  0.024  0.017  0.059  0.268  0.041  0.010       11
 10:     0.053  0.155  0.065  0.068  0.016  0.024  0.023  0.014  0.401  0.062  0.096  0.022        9
 11:     0.010  0.012  0.009  0.010  0.013  0.005  0.005  0.033  0.013  0.006  0.878  0.006       35
 12:     0.309  0.007  0.142  0.165  0.020  0.015  0.024  0.005  0.195  0.092  0.007  0.021       36
 13:     0.255  0.009  0.136  0.368  0.009  0.021  0.028  0.006  0.109  0.045  0.005  0.009       33
 14:     0.012  0.006  0.008  0.018  0.040  0.009  0.011  0.017  0.008  0.008  0.008  0.854       40
 15:     0.010  0.005  0.007  0.006  0.006  0.912  0.007  0.004  0.007  0.026  0.004  0.006       39
 16:     0.026  0.546  0.026  0.043  0.016  0.011  0.026  0.052  0.028  0.019  0.185  0.023       40
 17:     0.014  0.676  0.012  0.011  0.048  0.011  0.017  0.103  0.008  0.010  0.067  0.022       37
 18:     0.111  0.004  0.040  0.174  0.009  0.012  0.020  0.003  0.575  0.040  0.005  0.006       40
 19:     0.007  0.007  0.004  0.006  0.040  0.014  0.003  0.008  0.005  0.006  0.894  0.005       28
 20:     0.007  0.004  0.005  0.006  0.934  0.005  0.006  0.005  0.005  0.005  0.004  0.013       14
 21:     0.016  0.018  0.008  0.008  0.022  0.038  0.005  0.852  0.007  0.011  0.008  0.007       13
 22:     0.015  0.004  0.010  0.012  0.007  0.024  0.008  0.003  0.014  0.878  0.005  0.019       14
 23:     0.122  0.004  0.756  0.030  0.007  0.008  0.023  0.004  0.019  0.015  0.004  0.007       25
 24:     0.012  0.005  0.010  0.015  0.006  0.006  0.905  0.005  0.011  0.008  0.006  0.008       40
 25:     0.037  0.020  0.017  0.025  0.041  0.018  0.009  0.009  0.029  0.047  0.032  0.715       32
 26:     0.007  0.005  0.006  0.006  0.006  0.004  0.006  0.942  0.005  0.005  0.003  0.005       20
 27:     0.009  0.200  0.008  0.014  0.016  0.004  0.006  0.007  0.021  0.012  0.695  0.007        4
 28:     0.015  0.019  0.017  0.048  0.012  0.005  0.013  0.021  0.047  0.014  0.781  0.009       23
 29:     0.006  0.015  0.005  0.007  0.007  0.006  0.005  0.007  0.007  0.006  0.921  0.009       39
 30:     0.008  0.010  0.006  0.008  0.023  0.004  0.005  0.867  0.006  0.005  0.052  0.006       38
 31:     0.082  0.007  0.023  0.038  0.007  0.162  0.050  0.005  0.040  0.570  0.005  0.009       45
 32:     0.215  0.009  0.097  0.136  0.018  0.152  0.020  0.007  0.082  0.247  0.005  0.013       28
 33:     0.005  0.020  0.004  0.005  0.006  0.008  0.005  0.010  0.005  0.005  0.922  0.007        6
 34:     0.014  0.799  0.010  0.026  0.020  0.011  0.039  0.008  0.010  0.023  0.029  0.011       40
 35:     0.014  0.790  0.010  0.008  0.019  0.012  0.012  0.076  0.007  0.020  0.022  0.011       42
--------------------------------------------

Allele-freq. divergence among pops (Net nucleotide distance),
computed using point estimates of P.

      1       2       3       4       5       6       7       8       9      10      11      12      
 1      -    0.1600  0.0556  0.0439  0.1741  0.2070  0.1406  0.2871  0.0573  0.0651  0.2505  0.2478  
 2   0.1600     -    0.1793  0.1568  0.1398  0.1851  0.2286  0.1293  0.2116  0.1259  0.0985  0.1524  
 3   0.0556  0.1793     -    0.0730  0.2045  0.2387  0.1189  0.2988  0.0951  0.1215  0.2619  0.2354  
 4   0.0439  0.1568  0.0730     -    0.1933  0.2498  0.1073  0.3067  0.0389  0.0804  0.2250  0.2106  
 5   0.1741  0.1398  0.2045  0.1933     -    0.2353  0.2763  0.2302  0.2643  0.1836  0.2218  0.1995  
 6   0.2070  0.1851  0.2387  0.2498  0.2353     -    0.2778  0.3593  0.2812  0.1317  0.2824  0.1990  
 7   0.1406  0.2286  0.1189  0.1073  0.2763  0.2778     -    0.3725  0.1596  0.1393  0.3541  0.2222  
 8   0.2871  0.1293  0.2988  0.3067  0.2302  0.3593  0.3725     -    0.3648  0.2997  0.1540  0.2740  
 9   0.0573  0.2116  0.0951  0.0389  0.2643  0.2812  0.1596  0.3648     -    0.0846  0.2679  0.2785  
10   0.0651  0.1259  0.1215  0.0804  0.1836  0.1317  0.1393  0.2997  0.0846     -    0.2481  0.1921  
11   0.2505  0.0985  0.2619  0.2250  0.2218  0.2824  0.3541  0.1540  0.2679  0.2481     -    0.1808  
12   0.2478  0.1524  0.2354  0.2106  0.1995  0.1990  0.2222  0.2740  0.2785  0.1921  0.1808     -    

Average distances (expected heterozygosity) between individuals in same cluster:
cluster  1  : 0.3640 
cluster  2  : 0.5481 
cluster  3  : 0.3956 
cluster  4  : 0.3960 
cluster  5  : 0.2639 
cluster  6  : 0.2518 
cluster  7  : 0.3547 
cluster  8  : 0.4118 
cluster  9  : 0.3363 
cluster 10  : 0.4295 
cluster 11  : 0.4704 
cluster 12  : 0.3779 

--------------------------------------------
Estimated Ln Prob of Data   = -21124.5
Mean value of ln likelihood = -20339.0
Variance of ln likelihood   = 1570.9
Mean value of alpha         = 0.0353

Mean value of Fst_1         = 0.3036
Mean value of Fst_2         = 0.1599
Mean value of Fst_3         = 0.3645
Mean value of Fst_4         = 0.3372
Mean value of Fst_5         = 0.5926
Mean value of Fst_6         = 0.5668
Mean value of Fst_7         = 0.4179
Mean value of Fst_8         = 0.4394
Mean value of Fst_9         = 0.3977
Mean value of Fst_10         = 0.3342
Mean value of Fst_11         = 0.3799
Mean value of Fst_12         = 0.4454


Inferred ancestry of individuals:
        Label (%Miss) Pop:  Inferred clusters
  1 TMA-ZAIN-G-    (9)    1 :  0.008 0.046 0.007 0.070 0.008 0.086 0.007 0.007 0.008 0.041 0.701 0.010 
  2 TMA-ZAIN-G-    (0)    1 :  0.019 0.012 0.184 0.044 0.019 0.008 0.004 0.009 0.011 0.007 0.665 0.019 
  3 TMA-ZAIN-G-    (0)    1 :  0.030 0.006 0.018 0.707 0.008 0.024 0.057 0.003 0.056 0.077 0.005 0.009 
  4 TMA-ZAIN-G-    (0)    1 :  0.025 0.005 0.018 0.141 0.599 0.019 0.047 0.004 0.099 0.013 0.011 0.019 
  5 TMA-ZAIN-G-    (0)    1 :  0.003 0.004 0.002 0.003 0.005 0.002 0.002 0.005 0.003 0.002 0.961 0.006 
  6 TMA-ZAIN-G-    (0)    1 :  0.021 0.062 0.016 0.644 0.037 0.015 0.051 0.035 0.014 0.059 0.030 0.015 
  7 TMA-ZAIN-G-    (0)    1 :  0.597 0.010 0.021 0.136 0.075 0.042 0.006 0.005 0.032 0.053 0.011 0.011 
  8 TMA-ZAIN-G-    (0)    1 :  0.026 0.005 0.022 0.051 0.006 0.006 0.022 0.003 0.033 0.800 0.006 0.019 
  9 TMA-ZAIN-G-    (9)    1 :  0.495 0.008 0.059 0.273 0.008 0.008 0.018 0.004 0.046 0.071 0.006 0.004 
 10 TMA-ZAIN-G-    (0)    1 :  0.535 0.009 0.039 0.166 0.011 0.014 0.032 0.004 0.042 0.135 0.003 0.010 
 11 TMA-ZAIN-G-    (0)    1 :  0.821 0.005 0.010 0.036 0.012 0.007 0.004 0.004 0.007 0.084 0.005 0.005 
 12 TMA-ZAIN-G-    (0)    1 :  0.029 0.006 0.009 0.392 0.005 0.022 0.005 0.003 0.486 0.030 0.006 0.006 
 13 TMA-ZAIN-G-    (9)    1 :  0.383 0.026 0.156 0.017 0.016 0.097 0.013 0.071 0.057 0.100 0.045 0.018 
 14 TMA-ZAIN-G-    (9)    1 :  0.025 0.009 0.016 0.011 0.006 0.854 0.007 0.012 0.011 0.036 0.003 0.008 
 15 TMA-ZAIN-G-    (0)    1 :  0.006 0.005 0.006 0.059 0.004 0.823 0.012 0.002 0.006 0.069 0.003 0.006 
 16 TMA-ZAIN-G-    (0)    1 :  0.178 0.007 0.015 0.172 0.006 0.006 0.005 0.005 0.584 0.015 0.004 0.004 
 17 TMA-ZAIN-G-    (9)    1 :  0.009 0.024 0.006 0.018 0.086 0.025 0.006 0.012 0.024 0.760 0.011 0.017 
 18 TMA-ZAIN-G-    (0)    1 :  0.006 0.103 0.005 0.011 0.014 0.013 0.008 0.006 0.017 0.013 0.758 0.046 
 19 TMA-ZAIN-G-    (0)    1 :  0.026 0.805 0.009 0.019 0.041 0.012 0.005 0.015 0.018 0.031 0.016 0.004 
 20 TMA-ZAIN-G-    (0)    1 :  0.004 0.813 0.005 0.003 0.007 0.004 0.004 0.085 0.003 0.003 0.043 0.027 
 21 TMA-ZAIN-G-    (0)    1 :  0.005 0.005 0.003 0.005 0.004 0.002 0.006 0.953 0.004 0.004 0.003 0.005 
 22 TMA-ZAIN-G-    (0)    1 :  0.003 0.013 0.003 0.003 0.009 0.003 0.002 0.898 0.003 0.003 0.052 0.007 
 23 TMA-ZAIN-G-    (0)    1 :  0.009 0.048 0.005 0.007 0.010 0.007 0.004 0.872 0.007 0.009 0.017 0.004 
 24 TMA-ZAIN-G-    (9)    1 :  0.015 0.003 0.171 0.005 0.003 0.024 0.095 0.652 0.010 0.008 0.007 0.007 
 25 TMA-ZAIN-G-    (9)    1 :  0.004 0.619 0.099 0.142 0.004 0.005 0.005 0.019 0.006 0.007 0.086 0.005 
 26 TMA-ZAIN-G-    (9)    1 :  0.018 0.007 0.124 0.225 0.011 0.012 0.007 0.024 0.012 0.045 0.005 0.510 
 27 TMA-ZAIN-G-    (0)    1 :  0.015 0.719 0.005 0.012 0.027 0.058 0.012 0.012 0.004 0.020 0.097 0.018 
 28 TMA-ZAIN-G-    (0)    1 :  0.009 0.911 0.005 0.013 0.006 0.011 0.008 0.004 0.007 0.010 0.010 0.006 
 29 TMA-ZAIN-G-    (0)    1 :  0.004 0.239 0.005 0.004 0.004 0.006 0.705 0.004 0.004 0.005 0.004 0.016 
 30 TMA-ZAIN-G-    (0)    1 :  0.112 0.351 0.119 0.051 0.009 0.064 0.046 0.005 0.056 0.176 0.004 0.007 
 31 TMA-ZAIN-G-    (0)    1 :  0.007 0.011 0.008 0.005 0.021 0.006 0.006 0.012 0.004 0.004 0.856 0.059 
 32 TMA-ZAIN-G-    (9)    1 :  0.009 0.023 0.009 0.410 0.006 0.017 0.003 0.083 0.026 0.013 0.397 0.006 
 33 TMA-ZAIN-G-   (18)    1 :  0.017 0.004 0.008 0.866 0.004 0.005 0.009 0.003 0.041 0.035 0.004 0.004 
 34 TMA-ZAIN-G-    (0)    1 :  0.011 0.011 0.010 0.832 0.005 0.005 0.004 0.024 0.026 0.006 0.059 0.006 
 35 TMA-ZAIN-G-    (9)    1 :  0.007 0.005 0.009 0.929 0.006 0.008 0.008 0.003 0.007 0.008 0.005 0.006 
 36 TMA-ZAIN-G-    (0)    1 :  0.025 0.006 0.361 0.173 0.007 0.185 0.010 0.003 0.014 0.199 0.004 0.014 
 37 TMA-ZAIN-G-    (9)    1 :  0.009 0.005 0.012 0.923 0.010 0.004 0.006 0.004 0.008 0.009 0.004 0.005 
 38 TMA-ZAIN-G-   (18)    1 :  0.012 0.034 0.017 0.306 0.014 0.052 0.006 0.025 0.011 0.017 0.499 0.007 
 39 TMA-ZAIN-G-    (0)    1 :  0.036 0.005 0.718 0.056 0.007 0.004 0.012 0.004 0.114 0.031 0.003 0.008 
 40 TMA-ZAIN-G-    (0)    1 :  0.032 0.005 0.172 0.125 0.014 0.007 0.006 0.005 0.323 0.303 0.003 0.005 
 41 TMA-ZAIN-G-    (0)    1 :  0.009 0.004 0.258 0.030 0.003 0.058 0.008 0.003 0.023 0.597 0.003 0.005 
 42 TMA-ZAIN-G-    (9)    1 :  0.006 0.004 0.010 0.006 0.004 0.091 0.006 0.002 0.009 0.850 0.003 0.008 
 43 TMA-ZAIN-G-    (0)    1 :  0.005 0.003 0.005 0.004 0.004 0.944 0.009 0.003 0.003 0.010 0.003 0.005 
 44 TMA-ZAIN-G-    (0)    1 :  0.089 0.007 0.050 0.024 0.010 0.005 0.008 0.782 0.011 0.007 0.005 0.004 
 45 TMA-ZAIN-G-    (0)    1 :  0.545 0.010 0.014 0.166 0.013 0.018 0.006 0.006 0.122 0.085 0.005 0.010 
 46 TMA-ZAIN-G-    (0)    1 :  0.005 0.004 0.005 0.003 0.011 0.004 0.003 0.951 0.003 0.003 0.004 0.005 
 47 TMA-ZAIN-G-    (0)    1 :  0.003 0.005 0.004 0.006 0.012 0.004 0.004 0.004 0.005 0.005 0.004 0.944 
 48 TMA-ZAIN-G-    (0)    1 :  0.191 0.018 0.018 0.035 0.169 0.046 0.017 0.021 0.022 0.244 0.006 0.212 
 49 TMA-ZAIN-G-    (9)    1 :  0.009 0.821 0.006 0.028 0.021 0.005 0.045 0.006 0.026 0.006 0.020 0.008 
 50 TMA-ZAIN-G-    (0)    1 :  0.006 0.882 0.022 0.005 0.005 0.007 0.003 0.007 0.011 0.043 0.006 0.003 
 51 TMA-ZAIN-G-    (0)    1 :  0.019 0.784 0.009 0.008 0.020 0.089 0.006 0.010 0.004 0.021 0.008 0.023 
 52 TMA-ZAIN-G-    (0)    1 :  0.011 0.665 0.008 0.008 0.182 0.027 0.003 0.010 0.019 0.010 0.006 0.051 
 53 TMA-ZAIN-G-    (0)    1 :  0.038 0.361 0.023 0.008 0.092 0.053 0.006 0.011 0.005 0.012 0.285 0.107 
 54 TMA-ZAIN-G-    (0)    1 :  0.006 0.009 0.004 0.006 0.004 0.011 0.004 0.004 0.006 0.012 0.005 0.929 
 55 TMA-ZAIN-G-    (0)    1 :  0.010 0.028 0.004 0.006 0.004 0.020 0.003 0.008 0.011 0.039 0.004 0.864 
 56 TMA-ZAIN-G-    (0)    1 :  0.087 0.050 0.026 0.033 0.430 0.035 0.022 0.008 0.020 0.217 0.006 0.067 
 57 TMA-ZAIN-G-    (0)    1 :  0.010 0.019 0.011 0.012 0.011 0.005 0.008 0.004 0.034 0.005 0.008 0.871 
 58 TMA-ZAIN-G-    (0)    1 :  0.006 0.769 0.004 0.010 0.012 0.008 0.005 0.097 0.013 0.022 0.028 0.026 
 59 TMA-ZAIN-G-    (0)    1 :  0.151 0.022 0.020 0.056 0.045 0.009 0.021 0.025 0.022 0.030 0.581 0.019 
 60 TMA-ZAIN-G-    (0)    1 :  0.027 0.221 0.007 0.009 0.049 0.133 0.008 0.009 0.006 0.020 0.492 0.020 
 61 TMA-ZAIN-G-    (0)    1 :  0.004 0.008 0.003 0.005 0.035 0.003 0.003 0.019 0.003 0.003 0.901 0.012 
 62 TMA-ZAIN-G-    (9)    1 :  0.032 0.042 0.023 0.082 0.003 0.007 0.008 0.020 0.041 0.028 0.702 0.013 
 63 TMA-ZAIN-G-    (0)    1 :  0.004 0.011 0.003 0.007 0.013 0.008 0.003 0.008 0.006 0.006 0.918 0.012 
 64 TMA-ZAIN-G-    (0)    1 :  0.008 0.003 0.009 0.006 0.004 0.005 0.947 0.003 0.005 0.005 0.002 0.003 
 65 TMA-ZAIN-G-    (9)    1 :  0.007 0.004 0.006 0.037 0.005 0.006 0.896 0.003 0.017 0.008 0.003 0.008 
 66 TMA-ZAIN-G-    (0)    1 :  0.027 0.003 0.016 0.021 0.005 0.005 0.892 0.003 0.012 0.009 0.003 0.004 
 67 TMA-ZAIN-G-    (0)    1 :  0.043 0.012 0.107 0.042 0.004 0.003 0.739 0.013 0.019 0.010 0.004 0.005 
 68 TMA-ZAIN-G-    (0)    1 :  0.005 0.003 0.004 0.005 0.004 0.007 0.950 0.002 0.005 0.007 0.002 0.005 
 69 TMA-ZAIN-G-    (0)    1 :  0.028 0.018 0.037 0.068 0.024 0.017 0.719 0.027 0.028 0.006 0.019 0.008 
 70 TMA-ZAIN-G-    (0)    1 :  0.098 0.004 0.837 0.010 0.004 0.006 0.016 0.004 0.011 0.005 0.003 0.003 
 71 TMA-ZAIN-G-    (0)    1 :  0.014 0.003 0.932 0.013 0.004 0.003 0.004 0.003 0.011 0.006 0.003 0.003 
 72 TMA-ZAIN-G-    (0)    1 :  0.011 0.005 0.922 0.012 0.004 0.006 0.011 0.004 0.007 0.008 0.003 0.007 
 73 TMA-ZAIN-G-    (0)    1 :  0.006 0.021 0.863 0.014 0.004 0.003 0.005 0.030 0.007 0.006 0.021 0.017 
 74 TMA-ZAIN-G-    (0)    1 :  0.008 0.005 0.933 0.013 0.003 0.003 0.005 0.005 0.010 0.005 0.005 0.005 
 75 TMA-ZAIN-G-    (0)    1 :  0.007 0.005 0.934 0.012 0.004 0.005 0.005 0.003 0.007 0.006 0.004 0.007 
 76 TMA-ZAIN-G-    (0)    1 :  0.011 0.006 0.924 0.012 0.004 0.003 0.006 0.014 0.008 0.004 0.004 0.003 
 77 TMA-ZAIN-G-    (0)    1 :  0.009 0.005 0.936 0.006 0.009 0.006 0.006 0.005 0.005 0.007 0.003 0.004 
 78 TMA-ZAIN-G-    (0)    1 :  0.010 0.010 0.917 0.009 0.009 0.005 0.005 0.010 0.007 0.005 0.005 0.007 
 79 TMA-ZAIN-G-    (0)    1 :  0.016 0.006 0.909 0.007 0.024 0.006 0.004 0.008 0.006 0.006 0.003 0.005 
 80 TMA-ZAIN-G-    (0)    1 :  0.027 0.005 0.766 0.033 0.006 0.004 0.019 0.004 0.111 0.011 0.003 0.010 
 81 TMA-ZAIN-G-    (0)    1 :  0.037 0.007 0.855 0.022 0.028 0.007 0.005 0.005 0.013 0.011 0.004 0.005 
 82 TMA-ZAIN-G-    (0)    1 :  0.114 0.005 0.163 0.450 0.008 0.007 0.174 0.003 0.047 0.009 0.006 0.015 
 83 TMA-ZAIN-G-    (9)    1 :  0.016 0.016 0.011 0.747 0.005 0.004 0.021 0.027 0.093 0.009 0.037 0.013 
 84 TMA-ZAIN-G-    (0)    1 :  0.043 0.007 0.873 0.014 0.010 0.006 0.006 0.012 0.014 0.008 0.003 0.004 
 85 TMA-ZAIN-G-    (0)    1 :  0.003 0.004 0.003 0.004 0.961 0.003 0.003 0.004 0.003 0.004 0.004 0.003 
 86 TMA-ZAIN-G-    (0)    1 :  0.011 0.004 0.005 0.011 0.930 0.003 0.005 0.005 0.009 0.007 0.004 0.005 
 87 TMA-ZAIN-G-    (0)    1 :  0.004 0.004 0.003 0.004 0.960 0.003 0.003 0.005 0.003 0.003 0.005 0.003 
 88 TMA-ZAIN-G-    (0)    1 :  0.032 0.010 0.036 0.107 0.439 0.017 0.032 0.009 0.088 0.009 0.156 0.065 
 89 TMA-ZAIN-G-    (0)    1 :  0.041 0.006 0.042 0.030 0.316 0.040 0.027 0.027 0.033 0.010 0.028 0.398 
 90 TMA-ZAIN-G-    (0)    1 :  0.005 0.007 0.005 0.030 0.849 0.004 0.014 0.004 0.022 0.004 0.017 0.038 
 91 TMA-ZAIN-G-    (0)    1 :  0.016 0.012 0.008 0.011 0.819 0.013 0.009 0.007 0.007 0.008 0.047 0.043 
 92 TMA-ZAIN-G-    (0)    1 :  0.012 0.041 0.010 0.009 0.575 0.013 0.007 0.039 0.005 0.009 0.009 0.272 
 93 TMA-ZAIN-G-    (0)    1 :  0.010 0.073 0.006 0.008 0.317 0.022 0.009 0.016 0.004 0.007 0.043 0.485 
 94 TMA-ZAIN-G-    (0)    1 :  0.006 0.014 0.005 0.005 0.790 0.007 0.005 0.009 0.003 0.003 0.105 0.048 
 95 TMA-ZAIN-G-    (0)    1 :  0.011 0.866 0.020 0.006 0.005 0.026 0.017 0.007 0.009 0.022 0.008 0.005 
 96 TMA-ZAIN-G-    (0)    1 :  0.007 0.847 0.004 0.008 0.010 0.024 0.006 0.004 0.019 0.061 0.005 0.006 
 97 TMA-ZAIN-G-    (0)    1 :  0.010 0.010 0.016 0.005 0.009 0.007 0.007 0.006 0.004 0.005 0.909 0.013 
 98 TMA-ZAIN-G-    (0)    1 :  0.009 0.005 0.014 0.004 0.007 0.006 0.005 0.004 0.004 0.004 0.927 0.010 
 99 TMA-ZAIN-G-    (0)    1 :  0.090 0.006 0.007 0.107 0.004 0.006 0.017 0.012 0.019 0.027 0.701 0.003 
100 TMA-ZAIN-G-    (0)    1 :  0.006 0.015 0.006 0.004 0.034 0.007 0.005 0.017 0.003 0.004 0.874 0.025 
101 TMA-ZAIN-G-    (0)    1 :  0.022 0.009 0.010 0.006 0.004 0.007 0.006 0.005 0.006 0.005 0.908 0.013 
102 TMA-ZAIN-G-    (0)    1 :  0.024 0.050 0.018 0.018 0.035 0.036 0.011 0.212 0.053 0.043 0.490 0.009 
103 TMA-ZAIN-G-    (0)    1 :  0.014 0.029 0.009 0.019 0.028 0.008 0.006 0.015 0.020 0.013 0.834 0.006 
104 TMA-ZAIN-G-    (0)    1 :  0.003 0.006 0.004 0.004 0.004 0.004 0.003 0.006 0.004 0.004 0.953 0.005 
105 TMA-ZAIN-G-    (0)    1 :  0.017 0.021 0.009 0.026 0.040 0.008 0.006 0.007 0.026 0.014 0.820 0.006 
106 TMA-ZAIN-G-    (0)    1 :  0.231 0.005 0.120 0.031 0.008 0.123 0.048 0.003 0.094 0.326 0.004 0.006 
107 TMA-ZAIN-G-    (0)    1 :  0.304 0.007 0.121 0.090 0.008 0.013 0.012 0.003 0.410 0.019 0.005 0.008 
108 TMA-ZAIN-G-    (9)    1 :  0.032 0.037 0.019 0.554 0.050 0.036 0.006 0.053 0.011 0.025 0.161 0.016 
109 TMA-ZAIN-G-    (0)    1 :  0.017 0.047 0.009 0.121 0.016 0.027 0.142 0.006 0.155 0.130 0.285 0.045 
110 TMA-ZAIN-G-    (0)    1 :  0.303 0.093 0.020 0.146 0.019 0.017 0.007 0.147 0.077 0.093 0.062 0.016 
111 TMA-ZAIN-G-    (9)    1 :  0.018 0.067 0.050 0.127 0.007 0.004 0.013 0.123 0.113 0.014 0.440 0.025 
112 TMA-ZAIN-G-    (0)    1 :  0.093 0.148 0.019 0.071 0.015 0.038 0.020 0.053 0.095 0.177 0.247 0.026 
113 TMA-ZAIN-G-    (0)    1 :  0.015 0.005 0.024 0.010 0.006 0.006 0.010 0.009 0.016 0.005 0.873 0.021 
114 TMA-ZAIN-G-    (0)    1 :  0.003 0.005 0.003 0.004 0.006 0.002 0.003 0.011 0.004 0.002 0.952 0.004 
115 TMA-ZAIN-G-    (0)    1 :  0.003 0.005 0.004 0.005 0.003 0.004 0.003 0.006 0.005 0.003 0.956 0.004 
116 TMA-ZAIN-G-    (0)    1 :  0.009 0.004 0.012 0.767 0.005 0.005 0.010 0.003 0.161 0.008 0.006 0.011 
117 TMA-ZAIN-G-    (0)    1 :  0.047 0.013 0.086 0.442 0.033 0.064 0.159 0.003 0.029 0.088 0.007 0.030 
118 TMA-ZAIN-G-    (0)    1 :  0.008 0.006 0.014 0.653 0.006 0.021 0.022 0.003 0.238 0.013 0.005 0.009 
119 TMA-ZAIN-G-    (0)    1 :  0.011 0.018 0.041 0.696 0.005 0.005 0.024 0.016 0.149 0.007 0.018 0.009 
120 TMA-ZAIN-G-    (0)    1 :  0.009 0.008 0.018 0.718 0.013 0.043 0.014 0.004 0.139 0.016 0.008 0.010 
121 TMA-ZAIN-G-    (0)    1 :  0.011 0.006 0.012 0.880 0.006 0.009 0.030 0.003 0.013 0.018 0.004 0.009 
122 TMA-ZAIN-G-    (0)    1 :  0.048 0.008 0.020 0.745 0.053 0.011 0.020 0.005 0.036 0.040 0.004 0.010 
123 TMA-ZAIN-G-    (0)    1 :  0.006 0.011 0.005 0.006 0.009 0.013 0.004 0.008 0.005 0.005 0.924 0.005 
124 TMA-ZAIN-G-    (0)    1 :  0.012 0.005 0.005 0.009 0.008 0.007 0.004 0.003 0.009 0.929 0.005 0.004 
125 TMA-ZAIN-G-    (0)    1 :  0.008 0.004 0.008 0.007 0.007 0.021 0.034 0.002 0.008 0.820 0.002 0.077 
126 TMA-ZAIN-G-    (0)    1 :  0.008 0.004 0.005 0.009 0.006 0.030 0.004 0.003 0.021 0.897 0.004 0.009 
127 TMA-ZAIN-G-    (0)    1 :  0.012 0.003 0.004 0.007 0.005 0.008 0.006 0.003 0.012 0.932 0.003 0.004 
128 TMA-ZAIN-G-    (0)    1 :  0.022 0.005 0.007 0.031 0.006 0.009 0.025 0.003 0.011 0.870 0.004 0.006 
129 TMA-ZAIN-G-    (0)    1 :  0.012 0.005 0.006 0.012 0.007 0.012 0.006 0.003 0.007 0.918 0.006 0.006 
130 TMA-ZAIN-G-    (0)    1 :  0.008 0.006 0.007 0.015 0.007 0.060 0.008 0.003 0.027 0.814 0.007 0.040 
131 TMA-ZAIN-G-    (0)    1 :  0.009 0.006 0.004 0.007 0.009 0.010 0.004 0.003 0.008 0.931 0.004 0.004 
132 TMA-ZAIN-G-    (0)    1 :  0.034 0.005 0.013 0.037 0.007 0.014 0.045 0.003 0.014 0.794 0.004 0.032 
133 TMA-ZAIN-G-    (0)    1 :  0.046 0.016 0.098 0.015 0.046 0.153 0.094 0.013 0.063 0.429 0.003 0.023 
134 TMA-ZAIN-G-    (0)    1 :  0.033 0.006 0.060 0.010 0.041 0.349 0.070 0.008 0.148 0.244 0.004 0.027 
135 TMA-ZAIN-G-    (0)    1 :  0.179 0.004 0.045 0.036 0.031 0.017 0.026 0.006 0.564 0.076 0.004 0.012 
136 TMA-ZAIN-G-    (0)    1 :  0.077 0.005 0.031 0.168 0.006 0.008 0.565 0.005 0.069 0.046 0.005 0.015 
137 TMA-ZAIN-G-    (0)    1 :  0.017 0.005 0.015 0.013 0.014 0.005 0.004 0.007 0.899 0.012 0.005 0.005 
138 TMA-ZAIN-G-    (0)    1 :  0.112 0.004 0.014 0.090 0.005 0.035 0.014 0.003 0.337 0.359 0.005 0.024 
139 TMA-ZAIN-G-    (0)    1 :  0.045 0.003 0.030 0.110 0.012 0.022 0.014 0.005 0.525 0.135 0.004 0.093 
140 TMA-ZAIN-G-    (0)    1 :  0.533 0.005 0.018 0.203 0.005 0.005 0.008 0.004 0.180 0.032 0.003 0.003 
141 TMA-ZAIN-G-    (0)    1 :  0.741 0.006 0.045 0.079 0.010 0.019 0.006 0.003 0.056 0.024 0.005 0.006 
142 TMA-ZAIN-G-    (9)    1 :  0.560 0.004 0.019 0.176 0.006 0.006 0.010 0.003 0.191 0.017 0.003 0.004 
143 TMA-ZAIN-G-    (0)    1 :  0.305 0.005 0.015 0.432 0.007 0.011 0.013 0.003 0.120 0.080 0.004 0.005 
144 TMA-ZAIN-G-    (0)    1 :  0.132 0.017 0.009 0.288 0.015 0.016 0.007 0.007 0.315 0.162 0.004 0.029 
145 TMA-ZAIN-G-    (0)    1 :  0.061 0.004 0.046 0.054 0.005 0.007 0.249 0.002 0.527 0.024 0.003 0.016 
146 TMA-ZAIN-G-    (0)    1 :  0.932 0.003 0.018 0.012 0.004 0.004 0.005 0.003 0.008 0.005 0.003 0.003 
147 TMA-ZAIN-G-    (9)    1 :  0.911 0.003 0.010 0.033 0.004 0.005 0.008 0.003 0.009 0.006 0.003 0.003 
148 TMA-ZAIN-G-    (0)    1 :  0.895 0.003 0.008 0.007 0.004 0.033 0.004 0.003 0.007 0.018 0.003 0.015 
149 TMA-ZAIN-G-    (0)    1 :  0.788 0.010 0.010 0.028 0.027 0.016 0.005 0.015 0.012 0.025 0.021 0.043 
150 TMA-ZAIN-G-    (0)    1 :  0.488 0.009 0.017 0.179 0.014 0.015 0.102 0.009 0.046 0.013 0.029 0.079 
151 TMA-ZAIN-G-    (0)    1 :  0.010 0.004 0.006 0.054 0.003 0.024 0.008 0.002 0.844 0.038 0.003 0.004 
152 TMA-ZAIN-G-    (0)    1 :  0.011 0.004 0.005 0.218 0.003 0.013 0.006 0.003 0.719 0.009 0.004 0.005 
153 TMA-ZAIN-G-    (0)    1 :  0.037 0.003 0.012 0.058 0.003 0.023 0.014 0.002 0.763 0.067 0.003 0.012 
154 TMA-ZAIN-G-    (0)    1 :  0.006 0.003 0.005 0.029 0.004 0.004 0.004 0.002 0.929 0.006 0.003 0.004 
155 TMA-ZAIN-G-    (0)    1 :  0.016 0.003 0.007 0.008 0.006 0.007 0.006 0.003 0.929 0.009 0.004 0.003 
156 TMA-ZAIN-G-    (9)    1 :  0.015 0.004 0.005 0.035 0.004 0.064 0.003 0.003 0.806 0.048 0.006 0.009 
157 TMA-ZAIN-G-    (0)    1 :  0.093 0.004 0.009 0.022 0.005 0.111 0.006 0.003 0.683 0.053 0.005 0.006 
158 TMA-ZAIN-G-    (0)    1 :  0.037 0.006 0.023 0.242 0.003 0.004 0.005 0.004 0.657 0.011 0.003 0.004 
159 TMA-ZAIN-G-    (0)    1 :  0.093 0.003 0.186 0.076 0.004 0.005 0.014 0.002 0.598 0.008 0.005 0.005 
160 TMA-ZAIN-G-    (0)    1 :  0.026 0.003 0.158 0.133 0.004 0.004 0.019 0.003 0.630 0.006 0.005 0.009 
161 TMA-ZAIN-G-    (0)    1 :  0.127 0.007 0.017 0.096 0.007 0.028 0.007 0.003 0.555 0.122 0.004 0.028 
162 TMA-ZAIN-G-    (0)    1 :  0.007 0.008 0.005 0.010 0.012 0.003 0.005 0.012 0.899 0.007 0.020 0.013 
163 TMA-ZAIN-G-    (0)    1 :  0.008 0.002 0.006 0.032 0.003 0.003 0.004 0.002 0.930 0.005 0.003 0.003 
164 TMA-ZAIN-G-    (0)    1 :  0.020 0.004 0.008 0.423 0.011 0.005 0.008 0.005 0.495 0.008 0.005 0.008 
165 TMA-ZAIN-G-    (0)    1 :  0.027 0.003 0.009 0.292 0.003 0.004 0.006 0.003 0.636 0.009 0.004 0.004 
166 TMA-ZAIN-G-    (0)    1 :  0.108 0.003 0.036 0.057 0.007 0.006 0.012 0.002 0.732 0.024 0.003 0.010 
167 TMA-ZAIN-G-    (0)    1 :  0.720 0.006 0.119 0.076 0.008 0.008 0.005 0.004 0.026 0.018 0.005 0.005 
168 TMA-ZAIN-G-    (0)    1 :  0.594 0.005 0.248 0.077 0.006 0.024 0.015 0.003 0.008 0.008 0.006 0.005 
169 TMA-ZAIN-G-    (0)    1 :  0.546 0.003 0.273 0.066 0.005 0.005 0.067 0.003 0.019 0.006 0.003 0.005 
170 TMA-ZAIN-G-    (0)    1 :  0.646 0.023 0.077 0.047 0.005 0.054 0.017 0.013 0.038 0.059 0.017 0.004 
171 TMA-ZAIN-G-    (0)    1 :  0.573 0.003 0.320 0.055 0.005 0.004 0.015 0.003 0.011 0.004 0.003 0.004 
172 TMA-ZAIN-G-    (0)    1 :  0.644 0.006 0.016 0.021 0.005 0.023 0.006 0.004 0.027 0.242 0.003 0.003 
173 TMA-ZAIN-G-    (0)    1 :  0.430 0.009 0.017 0.028 0.007 0.024 0.007 0.004 0.019 0.448 0.003 0.005 
174 TMA-ZAIN-G-    (0)    1 :  0.293 0.004 0.036 0.083 0.005 0.006 0.066 0.002 0.094 0.399 0.003 0.008 
175 TMA-ZAIN-G-    (0)    1 :  0.627 0.003 0.298 0.030 0.005 0.005 0.007 0.003 0.011 0.005 0.004 0.004 
176 TMA-ZAIN-G-    (0)    1 :  0.872 0.003 0.063 0.016 0.005 0.005 0.005 0.003 0.015 0.007 0.003 0.003 
177 TMA-ZAIN-G-    (0)    1 :  0.910 0.003 0.018 0.018 0.004 0.012 0.004 0.003 0.013 0.008 0.003 0.003 
178 TMA-ZAIN-G-    (0)    1 :  0.734 0.007 0.017 0.080 0.005 0.045 0.004 0.004 0.018 0.077 0.005 0.004 
179 TMA-ZAIN-G-    (0)    1 :  0.907 0.004 0.010 0.015 0.004 0.013 0.005 0.003 0.019 0.013 0.003 0.003 
180 TMA-ZAIN-G-    (0)    1 :  0.062 0.007 0.006 0.044 0.032 0.025 0.064 0.007 0.018 0.716 0.004 0.013 
181 TMA-ZAIN-G-    (0)    1 :  0.014 0.004 0.011 0.016 0.004 0.167 0.006 0.003 0.077 0.688 0.005 0.005 
182 TMA-ZAIN-G-    (0)    1 :  0.048 0.004 0.006 0.019 0.007 0.152 0.003 0.003 0.044 0.702 0.007 0.005 
183 TMA-ZAIN-G-    (0)    1 :  0.023 0.004 0.011 0.057 0.005 0.234 0.006 0.003 0.025 0.625 0.004 0.003 
184 TMA-ZAIN-G-    (0)    1 :  0.019 0.013 0.013 0.028 0.022 0.037 0.009 0.015 0.053 0.742 0.028 0.020 
185 TMA-ZAIN-G-    (0)    1 :  0.010 0.018 0.007 0.009 0.015 0.004 0.006 0.021 0.010 0.863 0.014 0.024 
186 TMA-ZAIN-G-    (9)    1 :  0.012 0.009 0.010 0.010 0.005 0.005 0.005 0.005 0.012 0.919 0.004 0.005 
187 TMA-ZAIN-G-    (0)    1 :  0.024 0.005 0.059 0.007 0.004 0.022 0.018 0.004 0.057 0.793 0.004 0.003 
188 TMA-ZAIN-G-    (0)    1 :  0.008 0.003 0.070 0.017 0.003 0.010 0.021 0.003 0.020 0.839 0.003 0.003 
189 TMA-ZAIN-G-    (0)    1 :  0.008 0.003 0.006 0.007 0.003 0.008 0.009 0.003 0.008 0.941 0.003 0.002 
190 TMA-ZAIN-G-    (0)    1 :  0.110 0.007 0.051 0.114 0.004 0.107 0.026 0.003 0.009 0.561 0.003 0.006 
191 TMA-ZAIN-G-    (0)    1 :  0.016 0.010 0.011 0.010 0.016 0.006 0.006 0.020 0.010 0.873 0.012 0.011 
192 TMA-ZAIN-G-    (0)    1 :  0.015 0.006 0.019 0.006 0.021 0.019 0.004 0.013 0.014 0.874 0.004 0.005 
193 TMA-ZAIN-G-    (0)    1 :  0.004 0.003 0.003 0.003 0.004 0.962 0.004 0.003 0.003 0.005 0.003 0.004 
194 TMA-ZAIN-G-    (0)    1 :  0.009 0.014 0.006 0.007 0.005 0.851 0.010 0.006 0.004 0.073 0.002 0.013 
195 TMA-ZAIN-G-    (0)    1 :  0.041 0.008 0.027 0.021 0.004 0.802 0.032 0.003 0.006 0.048 0.003 0.006 
196 TMA-ZAIN-G-    (0)    1 :  0.007 0.004 0.005 0.007 0.004 0.930 0.013 0.003 0.006 0.013 0.003 0.006 
197 TMA-ZAIN-G-    (0)    1 :  0.010 0.004 0.009 0.008 0.008 0.923 0.010 0.003 0.007 0.012 0.003 0.005 
198 TMA-ZAIN-G-    (0)    1 :  0.013 0.003 0.008 0.008 0.004 0.925 0.007 0.003 0.010 0.011 0.003 0.005 
199 TMA-ZAIN-G-    (0)    1 :  0.011 0.006 0.009 0.009 0.004 0.007 0.005 0.004 0.012 0.925 0.003 0.005 
200 TMA-ZAIN-G-    (0)    1 :  0.004 0.044 0.003 0.004 0.006 0.045 0.003 0.863 0.003 0.005 0.016 0.004 
201 TMA-ZAIN-G-    (0)    1 :  0.004 0.014 0.004 0.004 0.006 0.003 0.005 0.942 0.003 0.004 0.007 0.003 
202 TMA-ZAIN-G-    (0)    1 :  0.008 0.014 0.003 0.006 0.004 0.035 0.003 0.894 0.006 0.009 0.015 0.002 
203 TMA-ZAIN-G-    (0)    1 :  0.029 0.004 0.011 0.028 0.006 0.818 0.004 0.003 0.029 0.042 0.021 0.006 
204 TMA-ZAIN-G-    (9)    1 :  0.020 0.012 0.020 0.007 0.079 0.007 0.011 0.800 0.004 0.007 0.005 0.028 
205 TMA-ZAIN-G-    (0)    1 :  0.015 0.020 0.014 0.030 0.024 0.007 0.007 0.758 0.094 0.009 0.006 0.015 
206 TMA-ZAIN-G-    (9)    1 :  0.023 0.030 0.009 0.018 0.150 0.062 0.010 0.649 0.006 0.018 0.015 0.011 
207 TMA-ZAIN-G-    (9)    1 :  0.014 0.031 0.013 0.647 0.060 0.008 0.043 0.009 0.098 0.022 0.010 0.046 
208 TMA-ZAIN-G-    (0)    1 :  0.198 0.004 0.020 0.645 0.003 0.003 0.052 0.003 0.046 0.018 0.003 0.005 
209 TMA-ZAIN-G-    (0)    1 :  0.165 0.004 0.093 0.030 0.009 0.286 0.015 0.003 0.108 0.213 0.003 0.070 
210 TMA-ZAIN-G-    (0)    1 :  0.263 0.006 0.058 0.024 0.015 0.346 0.092 0.003 0.075 0.097 0.004 0.016 
211 TMA-ZAIN-G-    (0)    1 :  0.376 0.026 0.051 0.044 0.011 0.098 0.024 0.020 0.044 0.281 0.012 0.014 
212 TMA-ZAIN-G-    (0)    1 :  0.640 0.005 0.006 0.076 0.014 0.021 0.013 0.004 0.055 0.157 0.003 0.006 
213 TMA-ZAIN-G-    (0)    1 :  0.477 0.005 0.025 0.014 0.004 0.028 0.006 0.004 0.247 0.178 0.003 0.008 
214 TMA-ZAIN-G-    (0)    1 :  0.136 0.004 0.070 0.021 0.005 0.038 0.061 0.003 0.243 0.407 0.003 0.008 
215 TMA-ZAIN-G-    (0)    1 :  0.264 0.233 0.092 0.181 0.003 0.007 0.006 0.011 0.043 0.156 0.004 0.003 
216 TMA-ZAIN-G-    (0)    1 :  0.040 0.006 0.013 0.015 0.005 0.010 0.006 0.005 0.033 0.857 0.003 0.008 
217 TMA-ZAIN-G-    (0)    1 :  0.391 0.003 0.096 0.016 0.007 0.088 0.151 0.003 0.076 0.155 0.004 0.010 
218 TMA-ZAIN-G-    (0)    1 :  0.008 0.933 0.005 0.005 0.004 0.004 0.012 0.004 0.005 0.010 0.005 0.005 
219 TMA-ZAIN-G-    (0)    1 :  0.004 0.928 0.004 0.004 0.018 0.004 0.004 0.012 0.004 0.007 0.005 0.007 
220 TMA-ZAIN-G-    (0)    1 :  0.006 0.769 0.007 0.131 0.009 0.006 0.010 0.004 0.014 0.007 0.031 0.007 
221 TMA-ZAIN-G-    (0)    1 :  0.015 0.878 0.008 0.010 0.013 0.007 0.006 0.020 0.009 0.024 0.005 0.005 
222 TMA-ZAIN-G-    (0)    1 :  0.009 0.830 0.009 0.019 0.027 0.006 0.016 0.011 0.015 0.009 0.034 0.015 
223 TMA-ZAIN-G-    (0)    1 :  0.004 0.942 0.004 0.004 0.012 0.003 0.004 0.009 0.003 0.003 0.007 0.005 
224 TMA-ZAIN-G-    (0)    1 :  0.008 0.769 0.006 0.005 0.129 0.009 0.005 0.021 0.005 0.021 0.015 0.008 
225 TMA-ZAIN-G-    (0)    1 :  0.005 0.936 0.003 0.004 0.006 0.012 0.003 0.010 0.004 0.005 0.009 0.004 
226 TMA-ZAIN-G-    (0)    1 :  0.010 0.894 0.009 0.009 0.010 0.021 0.005 0.009 0.007 0.006 0.015 0.005 
227 TMA-ZAIN-G-    (0)    1 :  0.012 0.876 0.008 0.009 0.006 0.024 0.004 0.028 0.008 0.008 0.012 0.004 
228 TMA-ZAIN-G-    (0)    1 :  0.021 0.835 0.031 0.019 0.018 0.007 0.007 0.019 0.012 0.007 0.019 0.006 
229 TMA-ZAIN-G-    (0)    1 :  0.004 0.851 0.004 0.004 0.009 0.003 0.011 0.069 0.003 0.003 0.033 0.006 
230 TMA-ZAIN-G-    (0)    1 :  0.086 0.339 0.042 0.010 0.362 0.017 0.018 0.012 0.005 0.033 0.062 0.015 
231 TMA-ZAIN-G-    (0)    1 :  0.024 0.112 0.029 0.036 0.056 0.012 0.012 0.509 0.042 0.012 0.141 0.016 
232 TMA-ZAIN-G-    (9)    1 :  0.019 0.045 0.012 0.014 0.020 0.011 0.046 0.498 0.011 0.041 0.274 0.011 
233 TMA-ZAIN-G-    (0)    1 :  0.017 0.809 0.029 0.006 0.024 0.008 0.045 0.024 0.011 0.010 0.005 0.012 
234 TMA-ZAIN-G-    (0)    1 :  0.006 0.562 0.005 0.011 0.007 0.012 0.007 0.054 0.007 0.004 0.293 0.030 
235 TMA-ZAIN-G-    (0)    1 :  0.009 0.580 0.061 0.015 0.046 0.028 0.004 0.026 0.013 0.035 0.175 0.009 
236 TMA-ZAIN-G-    (0)    1 :  0.017 0.621 0.014 0.015 0.089 0.032 0.007 0.069 0.011 0.011 0.110 0.004 
237 TMA-ZAIN-G-    (0)    1 :  0.116 0.252 0.167 0.016 0.140 0.010 0.012 0.012 0.015 0.013 0.240 0.006 
238 TMA-ZAIN-G-    (0)    1 :  0.026 0.770 0.030 0.025 0.007 0.006 0.005 0.035 0.035 0.017 0.041 0.004 
239 TMA-ZAIN-G-    (0)    1 :  0.004 0.005 0.003 0.021 0.027 0.112 0.018 0.742 0.003 0.033 0.004 0.028 
240 TMA-ZAIN-G-    (0)    1 :  0.005 0.004 0.005 0.003 0.009 0.004 0.003 0.953 0.003 0.003 0.004 0.006 
241 TMA-ZAIN-G-    (0)    1 :  0.012 0.004 0.013 0.005 0.005 0.004 0.005 0.932 0.007 0.004 0.004 0.005 
242 TMA-ZAIN-G-    (0)    1 :  0.007 0.004 0.006 0.007 0.003 0.003 0.005 0.946 0.007 0.004 0.003 0.004 
243 TMA-ZAIN-G-    (0)    1 :  0.017 0.004 0.013 0.008 0.005 0.004 0.008 0.920 0.009 0.005 0.003 0.005 
244 TMA-ZAIN-G-    (0)    1 :  0.016 0.004 0.014 0.013 0.003 0.003 0.008 0.910 0.016 0.005 0.004 0.003 
245 TMA-ZAIN-G-    (9)    1 :  0.004 0.004 0.003 0.003 0.003 0.003 0.002 0.964 0.003 0.003 0.004 0.003 
246 TMA-ZAIN-G-    (0)    1 :  0.003 0.004 0.003 0.004 0.004 0.003 0.003 0.964 0.003 0.003 0.003 0.003 
247 TMA-ZAIN-G-    (0)    1 :  0.005 0.004 0.003 0.005 0.004 0.002 0.006 0.955 0.004 0.005 0.002 0.004 
248 TMA-ZAIN-G-    (0)    1 :  0.008 0.006 0.007 0.008 0.004 0.010 0.005 0.932 0.006 0.006 0.004 0.004 
249 TMA-ZAIN-G-    (0)    1 :  0.004 0.005 0.003 0.004 0.005 0.007 0.003 0.954 0.003 0.005 0.003 0.003 
250 TMA-ZAIN-G-    (0)    1 :  0.004 0.006 0.003 0.005 0.005 0.005 0.006 0.955 0.003 0.005 0.002 0.003 
251 TMA-ZAIN-G-    (0)    1 :  0.004 0.005 0.003 0.005 0.009 0.005 0.004 0.003 0.004 0.004 0.006 0.948 
252 TMA-ZAIN-G-    (0)    1 :  0.026 0.005 0.025 0.036 0.004 0.005 0.019 0.003 0.009 0.005 0.004 0.859 
253 TMA-ZAIN-G-    (0)    1 :  0.004 0.003 0.004 0.009 0.005 0.004 0.005 0.004 0.011 0.004 0.005 0.944 
254 TMA-ZAIN-G-    (9)    1 :  0.011 0.004 0.008 0.026 0.006 0.006 0.010 0.003 0.023 0.008 0.006 0.890 
255 TMA-ZAIN-G-    (0)    1 :  0.005 0.003 0.004 0.007 0.005 0.004 0.007 0.014 0.007 0.005 0.008 0.933 
256 TMA-ZAIN-G-    (0)    1 :  0.010 0.005 0.007 0.009 0.022 0.026 0.005 0.011 0.009 0.007 0.007 0.882 
257 TMA-ZAIN-G-    (0)    1 :  0.004 0.004 0.004 0.003 0.014 0.014 0.004 0.005 0.003 0.004 0.004 0.939 
258 TMA-ZAIN-G-    (0)    1 :  0.003 0.003 0.003 0.004 0.006 0.005 0.004 0.003 0.003 0.003 0.003 0.959 
259 TMA-ZAIN-G-    (0)    1 :  0.004 0.005 0.004 0.004 0.019 0.006 0.005 0.006 0.003 0.004 0.004 0.937 
260 TMA-ZAIN-G-    (0)    1 :  0.005 0.004 0.004 0.005 0.014 0.006 0.009 0.005 0.003 0.004 0.003 0.937 
261 TMA-ZAIN-G-   (18)    1 :  0.005 0.007 0.005 0.008 0.023 0.009 0.010 0.004 0.005 0.008 0.005 0.912 
262 TMA-ZAIN-G-    (0)    1 :  0.003 0.004 0.003 0.003 0.008 0.006 0.003 0.003 0.003 0.003 0.004 0.956 
263 TMA-ZAIN-G-    (0)    1 :  0.003 0.004 0.003 0.005 0.008 0.005 0.004 0.004 0.004 0.004 0.005 0.952 
264 TMA-ZAIN-G-    (0)    1 :  0.004 0.004 0.003 0.005 0.007 0.006 0.004 0.003 0.004 0.004 0.007 0.947 
265 TMA-ZAIN-G-    (0)    1 :  0.061 0.237 0.011 0.015 0.413 0.011 0.026 0.012 0.027 0.022 0.015 0.149 
266 TMA-ZAIN-G-    (0)    1 :  0.036 0.023 0.011 0.060 0.021 0.048 0.023 0.009 0.027 0.100 0.011 0.630 
267 TMA-ZAIN-G-    (0)    1 :  0.034 0.063 0.018 0.024 0.259 0.008 0.017 0.364 0.006 0.011 0.030 0.166 
268 TMA-ZAIN-G-    (0)    1 :  0.005 0.007 0.004 0.005 0.008 0.003 0.004 0.878 0.004 0.003 0.074 0.005 
269 TMA-ZAIN-G-    (0)    1 :  0.008 0.038 0.007 0.007 0.080 0.004 0.005 0.606 0.005 0.006 0.229 0.005 
270 TMA-ZAIN-G-    (0)    1 :  0.006 0.021 0.005 0.007 0.155 0.004 0.004 0.707 0.004 0.005 0.076 0.005 
271 TMA-ZAIN-G-    (0)    1 :  0.007 0.008 0.004 0.007 0.022 0.003 0.004 0.899 0.005 0.004 0.032 0.005 
272 TMA-ZAIN-G-    (0)    1 :  0.005 0.036 0.005 0.005 0.028 0.004 0.003 0.878 0.004 0.005 0.023 0.004 
273 TMA-ZAIN-G-    (0)    1 :  0.003 0.023 0.003 0.003 0.008 0.003 0.002 0.929 0.003 0.003 0.016 0.003 
274 TMA-ZAIN-G-    (0)    1 :  0.011 0.018 0.016 0.005 0.010 0.053 0.010 0.804 0.010 0.025 0.029 0.009 
275 TMA-ZAIN-G-    (0)    1 :  0.004 0.007 0.003 0.003 0.004 0.003 0.002 0.957 0.004 0.004 0.006 0.002 
276 TMA-ZAIN-G-    (0)    1 :  0.004 0.004 0.005 0.004 0.006 0.003 0.003 0.954 0.004 0.003 0.008 0.003 
277 TMA-ZAIN-G-    (0)    1 :  0.005 0.006 0.006 0.006 0.004 0.005 0.005 0.941 0.004 0.003 0.009 0.006 
278 TMA-ZAIN-G-    (0)    1 :  0.003 0.006 0.003 0.003 0.010 0.003 0.003 0.953 0.003 0.003 0.005 0.004 
279 TMA-ZAIN-G-    (0)    1 :  0.006 0.018 0.004 0.004 0.004 0.006 0.003 0.931 0.004 0.006 0.011 0.004 
280 TMA-ZAIN-G-    (0)    1 :  0.007 0.060 0.004 0.005 0.007 0.009 0.002 0.793 0.007 0.010 0.093 0.004 
281 TMA-ZAIN-G-    (0)    1 :  0.005 0.014 0.004 0.005 0.009 0.006 0.003 0.897 0.004 0.005 0.044 0.004 
282 TMA-ZAIN-G-    (9)    1 :  0.003 0.007 0.003 0.004 0.007 0.003 0.003 0.945 0.003 0.003 0.014 0.005 
283 TMA-ZAIN-G-    (0)    1 :  0.007 0.082 0.010 0.020 0.033 0.004 0.006 0.625 0.014 0.010 0.078 0.109 
284 TMA-ZAIN-G-    (0)    1 :  0.010 0.141 0.007 0.017 0.055 0.006 0.004 0.454 0.019 0.014 0.144 0.128 
285 TMA-ZAIN-G-    (0)    1 :  0.005 0.017 0.038 0.007 0.007 0.011 0.021 0.796 0.019 0.023 0.025 0.031 
286 TMA-ZAIN-G-    (0)    1 :  0.004 0.011 0.004 0.005 0.012 0.003 0.003 0.909 0.003 0.003 0.034 0.009 
287 TMA-ZAIN-G-    (0)    1 :  0.006 0.010 0.016 0.004 0.006 0.014 0.011 0.880 0.007 0.012 0.028 0.006 
288 TMA-ZAIN-G-    (0)    1 :  0.021 0.134 0.024 0.008 0.010 0.060 0.011 0.573 0.018 0.047 0.080 0.014 
289 TMA-ZAIN-G-    (0)    1 :  0.011 0.012 0.025 0.007 0.009 0.027 0.015 0.832 0.009 0.021 0.022 0.010 
290 TMA-ZAIN-G-    (0)    1 :  0.011 0.074 0.004 0.008 0.008 0.008 0.003 0.414 0.009 0.012 0.440 0.008 
291 TMA-ZAIN-G-    (0)    1 :  0.004 0.931 0.004 0.004 0.011 0.005 0.004 0.013 0.004 0.005 0.010 0.007 
292 TMA-ZAIN-G-    (0)    1 :  0.674 0.019 0.088 0.033 0.009 0.020 0.006 0.016 0.086 0.032 0.012 0.004 
293 TMA-ZAIN-G-    (0)    1 :  0.372 0.016 0.017 0.318 0.060 0.019 0.036 0.012 0.032 0.092 0.004 0.022 
294 TMA-ZAIN-G-    (0)    1 :  0.884 0.004 0.018 0.050 0.007 0.004 0.008 0.004 0.010 0.006 0.003 0.004 
295 TMA-ZAIN-G-    (9)    1 :  0.800 0.007 0.039 0.094 0.011 0.004 0.010 0.006 0.011 0.008 0.003 0.005 
296 TMA-ZAIN-G-    (0)    1 :  0.688 0.009 0.010 0.176 0.027 0.032 0.005 0.005 0.013 0.021 0.008 0.007 
297 TMA-ZAIN-G-    (0)    1 :  0.109 0.010 0.044 0.309 0.022 0.119 0.022 0.007 0.271 0.059 0.005 0.024 
298 TMA-ZAIN-G-    (0)    1 :  0.297 0.009 0.377 0.080 0.164 0.004 0.010 0.011 0.018 0.007 0.008 0.016 
299 TMA-ZAIN-G-    (0)    1 :  0.021 0.005 0.893 0.009 0.003 0.007 0.005 0.004 0.033 0.011 0.004 0.003 
300 TMA-ZAIN-G-    (0)    1 :  0.494 0.008 0.293 0.066 0.010 0.010 0.051 0.007 0.013 0.037 0.003 0.007 
301 TMA-ZAIN-G-    (0)    1 :  0.102 0.009 0.667 0.071 0.015 0.033 0.028 0.007 0.018 0.041 0.005 0.005 
302 TMA-ZAIN-G-    (9)    1 :  0.835 0.004 0.039 0.016 0.009 0.011 0.006 0.003 0.054 0.015 0.004 0.005 
303 TMA-ZAIN-G-    (0)    1 :  0.005 0.751 0.004 0.008 0.011 0.128 0.002 0.007 0.003 0.038 0.015 0.028 
304 TMA-ZAIN-G-    (0)    2 :  0.030 0.007 0.008 0.202 0.012 0.030 0.099 0.010 0.032 0.070 0.014 0.487 
305 TMA-ZAIN-G-    (0)    2 :  0.855 0.004 0.007 0.057 0.011 0.009 0.012 0.003 0.018 0.016 0.003 0.005 
306 TMA-ZAIN-G-    (0)    2 :  0.331 0.010 0.011 0.087 0.007 0.013 0.012 0.023 0.019 0.025 0.074 0.389 
307 TMA-ZAIN-G-    (0)    2 :  0.058 0.007 0.009 0.221 0.014 0.014 0.211 0.012 0.022 0.071 0.009 0.351 
308 TMA-ZAIN-G-    (0)    2 :  0.007 0.154 0.004 0.005 0.016 0.016 0.013 0.021 0.003 0.007 0.036 0.718 
309 TMA-ZAIN-G-    (0)    2 :  0.037 0.005 0.022 0.013 0.005 0.026 0.008 0.003 0.020 0.855 0.004 0.003 
310 TMA-ZAIN-G-    (0)    2 :  0.366 0.014 0.250 0.066 0.057 0.004 0.011 0.027 0.156 0.032 0.006 0.009 
311 TMA-ZAIN-G-    (0)    2 :  0.122 0.018 0.061 0.378 0.103 0.018 0.007 0.007 0.189 0.034 0.035 0.029 
312 TMA-ZAIN-G-    (0)    2 :  0.072 0.023 0.040 0.135 0.006 0.024 0.010 0.005 0.022 0.649 0.005 0.009 
313 TMA-ZAIN-G-    (0)    2 :  0.099 0.005 0.146 0.080 0.024 0.018 0.026 0.005 0.043 0.044 0.010 0.499 
314 TMA-ZAIN-G-    (0)    2 :  0.021 0.309 0.007 0.015 0.021 0.014 0.009 0.237 0.008 0.021 0.324 0.014 
