

----------------------------------------------------
STRUCTURE by Pritchard, Stephens and Donnelly (2000)
     and Falush, Stephens and Pritchard (2003)
       Code by Pritchard, Falush and Hubisz
             Version 2.3.4 (Jul 2012)
----------------------------------------------------



Command line arguments:   bin\structure -m C:\Users\eschumacher\Documents\GitHub\GCC_QUAC_ZAIN\Data_Files\Structure_Files\ZAIN\ZAIN_rebinned_allpop_str\50-50\mainparams -e C:\Users\eschumacher\Documents\GitHub\GCC_QUAC_ZAIN\Data_Files\Structure_Files\ZAIN\ZAIN_rebinned_allpop_str\50-50\extraparams 
Input File:    C:\Users\eschumacher\Documents\GitHub\GCC_QUAC_ZAIN\Data_Files\Structure_Files\ZAIN\ZAIN_rebinned_allpop_str\project_data

Run parameters:
   1133 individuals
   11 loci
   15 populations assumed
   50000 Burn-in period
   50000 Reps


--------------------------------------------
Proportion of membership of each pre-defined
 population in each of the 15 clusters

Given    Inferred Clusters                                                                                           Number of
 Pop       1      2      3      4      5      6      7      8      9     10     11     12     13     14     15      Individuals

  1:     0.078  0.026  0.103  0.066  0.035  0.073  0.041  0.083  0.131  0.048  0.094  0.056  0.037  0.031  0.096      303
  2:     0.069  0.035  0.144  0.060  0.025  0.153  0.022  0.036  0.077  0.015  0.134  0.037  0.039  0.101  0.053       15
  3:     0.127  0.013  0.073  0.016  0.009  0.005  0.019  0.371  0.044  0.220  0.021  0.010  0.012  0.033  0.026        2
  4:     0.020  0.210  0.099  0.087  0.047  0.021  0.017  0.039  0.014  0.006  0.177  0.015  0.024  0.153  0.072        2
  5:     0.048  0.018  0.056  0.055  0.029  0.014  0.021  0.330  0.012  0.185  0.054  0.007  0.048  0.045  0.080        7
  6:     0.008  0.012  0.008  0.071  0.017  0.005  0.039  0.008  0.602  0.080  0.116  0.014  0.006  0.009  0.006       13
  7:     0.004  0.010  0.006  0.007  0.023  0.004  0.010  0.015  0.873  0.005  0.006  0.014  0.003  0.012  0.005       13
  8:     0.046  0.016  0.050  0.152  0.012  0.009  0.027  0.017  0.012  0.053  0.056  0.008  0.070  0.008  0.464        7
  9:     0.055  0.021  0.271  0.089  0.006  0.007  0.020  0.011  0.013  0.057  0.260  0.042  0.023  0.044  0.079       11
 10:     0.080  0.065  0.061  0.093  0.048  0.014  0.014  0.079  0.011  0.014  0.060  0.034  0.017  0.041  0.371        9
 11:     0.006  0.009  0.007  0.005  0.011  0.005  0.009  0.012  0.017  0.004  0.006  0.881  0.004  0.015  0.008       35
 12:     0.170  0.008  0.305  0.093  0.006  0.015  0.017  0.006  0.004  0.014  0.114  0.006  0.024  0.008  0.209       36
 13:     0.150  0.014  0.514  0.023  0.007  0.010  0.009  0.006  0.005  0.021  0.067  0.004  0.032  0.006  0.131       33
 14:     0.008  0.008  0.015  0.012  0.011  0.834  0.039  0.005  0.016  0.009  0.006  0.006  0.011  0.009  0.009       40
 15:     0.007  0.006  0.007  0.017  0.004  0.006  0.006  0.004  0.003  0.899  0.020  0.003  0.007  0.004  0.007       39
 16:     0.016  0.052  0.021  0.013  0.021  0.014  0.013  0.050  0.034  0.011  0.016  0.045  0.012  0.659  0.022       40
 17:     0.011  0.048  0.013  0.011  0.057  0.020  0.046  0.560  0.076  0.010  0.009  0.020  0.017  0.094  0.009       37
 18:     0.039  0.006  0.171  0.042  0.005  0.006  0.008  0.004  0.003  0.012  0.058  0.005  0.021  0.004  0.616       40
 19:     0.004  0.007  0.006  0.006  0.095  0.005  0.041  0.008  0.008  0.013  0.006  0.783  0.003  0.011  0.005       28
 20:     0.005  0.005  0.007  0.007  0.004  0.014  0.920  0.004  0.005  0.005  0.005  0.004  0.006  0.004  0.005       14
 21:     0.008  0.008  0.013  0.008  0.010  0.007  0.020  0.061  0.790  0.036  0.013  0.008  0.005  0.008  0.007       13
 22:     0.005  0.005  0.007  0.912  0.005  0.008  0.005  0.003  0.002  0.015  0.014  0.003  0.005  0.003  0.008       14
 23:     0.748  0.006  0.114  0.037  0.005  0.006  0.007  0.004  0.004  0.008  0.013  0.003  0.023  0.004  0.019       25
 24:     0.011  0.006  0.014  0.009  0.006  0.008  0.005  0.005  0.005  0.006  0.008  0.005  0.894  0.007  0.012       40
 25:     0.016  0.016  0.026  0.080  0.013  0.651  0.033  0.011  0.009  0.019  0.031  0.033  0.009  0.027  0.025       32
 26:     0.006  0.004  0.006  0.004  0.003  0.005  0.005  0.006  0.934  0.004  0.005  0.004  0.006  0.004  0.004       20
 27:     0.007  0.148  0.009  0.016  0.022  0.007  0.014  0.040  0.007  0.004  0.008  0.521  0.005  0.176  0.016        4
 28:     0.013  0.013  0.020  0.010  0.360  0.009  0.012  0.008  0.018  0.005  0.010  0.212  0.009  0.234  0.067       23
 29:     0.004  0.007  0.005  0.005  0.915  0.006  0.006  0.007  0.006  0.004  0.004  0.013  0.004  0.009  0.005       39
 30:     0.006  0.010  0.007  0.006  0.046  0.006  0.024  0.009  0.815  0.004  0.005  0.038  0.005  0.012  0.007       38
 31:     0.024  0.013  0.051  0.086  0.004  0.009  0.007  0.006  0.004  0.151  0.560  0.004  0.046  0.005  0.028       45
 32:     0.106  0.008  0.174  0.098  0.005  0.013  0.018  0.011  0.007  0.139  0.295  0.005  0.021  0.006  0.094       28
 33:     0.005  0.007  0.010  0.007  0.401  0.007  0.004  0.019  0.007  0.007  0.004  0.448  0.005  0.062  0.007        6
 34:     0.006  0.851  0.006  0.008  0.018  0.006  0.010  0.019  0.007  0.009  0.010  0.015  0.012  0.015  0.006       40
 35:     0.008  0.020  0.009  0.011  0.013  0.009  0.018  0.738  0.054  0.009  0.017  0.017  0.011  0.060  0.006       42
--------------------------------------------

Allele-freq. divergence among pops (Net nucleotide distance),
computed using point estimates of P.

      1       2       3       4       5       6       7       8       9      10      11      12      13      14      15      
 1      -    0.2088  0.0521  0.1265  0.3025  0.2444  0.2108  0.2005  0.3062  0.2467  0.1034  0.2749  0.1215  0.1622  0.0914  
 2   0.2088     -    0.1653  0.1387  0.1995  0.2035  0.1799  0.1143  0.2598  0.2373  0.1405  0.2319  0.1896  0.1156  0.2190  
 3   0.0521  0.1653     -    0.0809  0.2799  0.2486  0.1881  0.1999  0.2992  0.2392  0.0621  0.2623  0.1287  0.1550  0.0469  
 4   0.1265  0.1387  0.0809     -    0.2631  0.1819  0.1786  0.1837  0.3464  0.1681  0.0491  0.2627  0.1453  0.1448  0.0908  
 5   0.3025  0.1995  0.2799  0.2631     -    0.1944  0.2588  0.1255  0.2078  0.3044  0.2913  0.0959  0.3924  0.0997  0.2990  
 6   0.2444  0.2035  0.2486  0.1819  0.1944     -    0.2125  0.1813  0.2885  0.2043  0.2217  0.2231  0.2269  0.1264  0.2788  
 7   0.2108  0.1799  0.1881  0.1786  0.2588  0.2125     -    0.1520  0.2461  0.2455  0.2030  0.2489  0.2867  0.1718  0.2711  
 8   0.2005  0.1143  0.1999  0.1837  0.1255  0.1813  0.1520     -    0.1212  0.1918  0.1618  0.1387  0.2906  0.0640  0.2532  
 9   0.3062  0.2598  0.2992  0.3464  0.2078  0.2885  0.2461  0.1212     -    0.3753  0.2962  0.1758  0.3824  0.1405  0.3739  
10   0.2467  0.2373  0.2392  0.1681  0.3044  0.2043  0.2455  0.1918  0.3753     -    0.1427  0.3050  0.2854  0.2352  0.2962  
11   0.1034  0.1405  0.0621  0.0491  0.2913  0.2217  0.2030  0.1618  0.2962  0.1427     -    0.2758  0.1393  0.1458  0.0863  
12   0.2749  0.2319  0.2623  0.2627  0.0959  0.2231  0.2489  0.1387  0.1758  0.3050  0.2758     -    0.3766  0.0847  0.2764  
13   0.1215  0.1896  0.1287  0.1453  0.3924  0.2269  0.2867  0.2906  0.3824  0.2854  0.1393  0.3766     -    0.2130  0.1545  
14   0.1622  0.1156  0.1550  0.1448  0.0997  0.1264  0.1718  0.0640  0.1405  0.2352  0.1458  0.0847  0.2130     -    0.1655  
15   0.0914  0.2190  0.0469  0.0908  0.2990  0.2788  0.2711  0.2532  0.3739  0.2962  0.0863  0.2764  0.1545  0.1655     -    

Average distances (expected heterozygosity) between individuals in same cluster:
cluster  1  : 0.3916 
cluster  2  : 0.3789 
cluster  3  : 0.3723 
cluster  4  : 0.3708 
cluster  5  : 0.3210 
cluster  6  : 0.3698 
cluster  7  : 0.2455 
cluster  8  : 0.5183 
cluster  9  : 0.4016 
cluster 10  : 0.2419 
cluster 11  : 0.4409 
cluster 12  : 0.4796 
cluster 13  : 0.3494 
cluster 14  : 0.6167 
cluster 15  : 0.3328 

--------------------------------------------
Estimated Ln Prob of Data   = -20517.9
Mean value of ln likelihood = -19614.8
Variance of ln likelihood   = 1806.3
Mean value of alpha         = 0.0340

Mean value of Fst_1         = 0.3841
Mean value of Fst_2         = 0.4173
Mean value of Fst_3         = 0.3661
Mean value of Fst_4         = 0.4987
Mean value of Fst_5         = 0.5260
Mean value of Fst_6         = 0.4549
Mean value of Fst_7         = 0.6338
Mean value of Fst_8         = 0.1737
Mean value of Fst_9         = 0.4401
Mean value of Fst_10         = 0.5983
Mean value of Fst_11         = 0.3298
Mean value of Fst_12         = 0.4352
Mean value of Fst_13         = 0.4536
Mean value of Fst_14         = 0.1434
Mean value of Fst_15         = 0.4288


Inferred ancestry of individuals:
        Label (%Miss) Pop:  Inferred clusters
  1 TMA-ZAIN-G-    (9)    1 :  0.008 0.020 0.011 0.013 0.033 0.011 0.008 0.028 0.006 0.051 0.042 0.517 0.008 0.234 0.010 
  2 TMA-ZAIN-G-    (0)    1 :  0.092 0.004 0.010 0.005 0.010 0.014 0.015 0.007 0.005 0.008 0.012 0.365 0.004 0.442 0.009 
  3 TMA-ZAIN-G-    (0)    1 :  0.027 0.039 0.114 0.269 0.007 0.011 0.008 0.006 0.003 0.031 0.099 0.006 0.109 0.006 0.267 
  4 TMA-ZAIN-G-    (0)    1 :  0.018 0.007 0.105 0.021 0.010 0.021 0.575 0.005 0.004 0.018 0.009 0.006 0.055 0.006 0.141 
  5 TMA-ZAIN-G-    (0)    1 :  0.003 0.004 0.003 0.003 0.009 0.006 0.004 0.003 0.006 0.002 0.002 0.924 0.002 0.025 0.003 
  6 TMA-ZAIN-G-    (0)    1 :  0.019 0.423 0.056 0.145 0.017 0.016 0.039 0.024 0.020 0.016 0.034 0.037 0.071 0.047 0.037 
  7 TMA-ZAIN-G-    (0)    1 :  0.028 0.020 0.334 0.318 0.013 0.011 0.097 0.010 0.007 0.031 0.051 0.011 0.009 0.011 0.051 
  8 TMA-ZAIN-G-    (0)    1 :  0.008 0.005 0.008 0.915 0.004 0.009 0.004 0.003 0.002 0.004 0.006 0.004 0.008 0.004 0.015 
  9 TMA-ZAIN-G-    (9)    1 :  0.111 0.039 0.337 0.028 0.005 0.005 0.007 0.005 0.004 0.008 0.279 0.008 0.026 0.016 0.121 
 10 TMA-ZAIN-G-    (0)    1 :  0.063 0.043 0.430 0.105 0.003 0.010 0.010 0.006 0.004 0.011 0.214 0.003 0.036 0.006 0.055 
 11 TMA-ZAIN-G-    (0)    1 :  0.010 0.006 0.794 0.011 0.006 0.005 0.014 0.006 0.004 0.009 0.116 0.005 0.004 0.005 0.006 
 12 TMA-ZAIN-G-    (0)    1 :  0.007 0.009 0.051 0.015 0.005 0.005 0.005 0.006 0.003 0.026 0.041 0.005 0.004 0.006 0.810 
 13 TMA-ZAIN-G-    (9)    1 :  0.234 0.012 0.135 0.053 0.035 0.017 0.014 0.024 0.049 0.124 0.187 0.034 0.019 0.025 0.037 
 14 TMA-ZAIN-G-    (9)    1 :  0.016 0.012 0.020 0.009 0.003 0.007 0.004 0.009 0.011 0.821 0.062 0.003 0.006 0.006 0.009 
 15 TMA-ZAIN-G-    (0)    1 :  0.006 0.007 0.009 0.010 0.003 0.008 0.004 0.006 0.002 0.685 0.221 0.003 0.011 0.019 0.007 
 16 TMA-ZAIN-G-    (0)    1 :  0.013 0.008 0.396 0.009 0.004 0.003 0.005 0.006 0.005 0.005 0.021 0.003 0.005 0.004 0.513 
 17 TMA-ZAIN-G-    (9)    1 :  0.005 0.012 0.007 0.071 0.006 0.019 0.094 0.014 0.008 0.017 0.708 0.008 0.007 0.014 0.010 
 18 TMA-ZAIN-G-    (0)    1 :  0.004 0.013 0.004 0.009 0.459 0.036 0.013 0.063 0.006 0.006 0.006 0.024 0.005 0.341 0.011 
 19 TMA-ZAIN-G-    (0)    1 :  0.009 0.207 0.021 0.057 0.020 0.004 0.044 0.522 0.027 0.012 0.025 0.011 0.005 0.014 0.023 
 20 TMA-ZAIN-G-    (0)    1 :  0.005 0.007 0.004 0.004 0.048 0.039 0.006 0.724 0.058 0.004 0.003 0.033 0.005 0.058 0.003 
 21 TMA-ZAIN-G-    (0)    1 :  0.003 0.005 0.005 0.003 0.002 0.005 0.004 0.004 0.946 0.002 0.005 0.003 0.005 0.004 0.004 
 22 TMA-ZAIN-G-    (0)    1 :  0.003 0.009 0.003 0.003 0.082 0.006 0.009 0.013 0.806 0.003 0.003 0.043 0.002 0.011 0.003 
 23 TMA-ZAIN-G-    (0)    1 :  0.006 0.027 0.007 0.010 0.042 0.004 0.010 0.034 0.800 0.007 0.007 0.012 0.003 0.025 0.007 
 24 TMA-ZAIN-G-    (9)    1 :  0.161 0.004 0.009 0.003 0.008 0.006 0.003 0.004 0.638 0.024 0.021 0.007 0.098 0.006 0.009 
 25 TMA-ZAIN-G-    (9)    1 :  0.079 0.006 0.007 0.003 0.008 0.003 0.003 0.295 0.007 0.003 0.012 0.107 0.004 0.454 0.007 
 26 TMA-ZAIN-G-    (9)    1 :  0.145 0.004 0.079 0.025 0.006 0.413 0.012 0.010 0.030 0.011 0.201 0.008 0.009 0.028 0.020 
 27 TMA-ZAIN-G-    (0)    1 :  0.005 0.236 0.014 0.013 0.015 0.013 0.022 0.057 0.022 0.074 0.020 0.077 0.010 0.418 0.004 
 28 TMA-ZAIN-G-    (0)    1 :  0.003 0.926 0.005 0.007 0.012 0.004 0.004 0.008 0.003 0.007 0.005 0.005 0.003 0.004 0.004 
 29 TMA-ZAIN-G-    (0)    1 :  0.005 0.005 0.004 0.004 0.003 0.016 0.003 0.226 0.004 0.005 0.005 0.003 0.706 0.005 0.004 
 30 TMA-ZAIN-G-    (0)    1 :  0.105 0.492 0.038 0.016 0.004 0.005 0.006 0.021 0.004 0.050 0.165 0.004 0.033 0.006 0.051 
 31 TMA-ZAIN-G-    (0)    1 :  0.009 0.005 0.007 0.006 0.024 0.070 0.018 0.010 0.012 0.006 0.004 0.771 0.006 0.049 0.004 
 32 TMA-ZAIN-G-    (9)    1 :  0.020 0.004 0.041 0.005 0.341 0.005 0.004 0.024 0.014 0.013 0.082 0.042 0.005 0.321 0.079 
 33 TMA-ZAIN-G-   (18)    1 :  0.024 0.010 0.182 0.057 0.005 0.004 0.004 0.004 0.003 0.006 0.442 0.005 0.017 0.011 0.227 
 34 TMA-ZAIN-G-    (0)    1 :  0.040 0.005 0.223 0.011 0.086 0.005 0.005 0.013 0.016 0.007 0.037 0.051 0.007 0.059 0.434 
 35 TMA-ZAIN-G-    (9)    1 :  0.071 0.026 0.214 0.017 0.026 0.013 0.010 0.011 0.003 0.033 0.256 0.007 0.073 0.047 0.194 
 36 TMA-ZAIN-G-    (0)    1 :  0.324 0.008 0.055 0.053 0.005 0.011 0.007 0.005 0.003 0.108 0.378 0.004 0.010 0.007 0.022 
 37 TMA-ZAIN-G-    (9)    1 :  0.056 0.041 0.268 0.041 0.007 0.011 0.043 0.006 0.007 0.005 0.308 0.007 0.017 0.068 0.115 
 38 TMA-ZAIN-G-   (18)    1 :  0.023 0.005 0.024 0.007 0.013 0.006 0.008 0.029 0.009 0.034 0.073 0.498 0.007 0.237 0.028 
 39 TMA-ZAIN-G-    (0)    1 :  0.758 0.010 0.044 0.020 0.003 0.007 0.007 0.003 0.004 0.004 0.051 0.003 0.013 0.004 0.068 
 40 TMA-ZAIN-G-    (0)    1 :  0.096 0.004 0.025 0.012 0.003 0.005 0.015 0.005 0.005 0.004 0.733 0.004 0.007 0.004 0.079 
 41 TMA-ZAIN-G-    (0)    1 :  0.155 0.004 0.009 0.024 0.003 0.005 0.003 0.003 0.003 0.029 0.729 0.003 0.007 0.006 0.018 
 42 TMA-ZAIN-G-    (9)    1 :  0.009 0.003 0.005 0.043 0.003 0.014 0.005 0.004 0.002 0.102 0.785 0.003 0.009 0.005 0.007 
 43 TMA-ZAIN-G-    (0)    1 :  0.005 0.003 0.004 0.011 0.003 0.005 0.004 0.004 0.002 0.933 0.008 0.003 0.009 0.003 0.003 
 44 TMA-ZAIN-G-    (0)    1 :  0.049 0.003 0.101 0.007 0.004 0.004 0.009 0.016 0.764 0.004 0.010 0.006 0.008 0.005 0.010 
 45 TMA-ZAIN-G-    (0)    1 :  0.011 0.009 0.627 0.023 0.004 0.008 0.011 0.007 0.005 0.014 0.157 0.006 0.005 0.010 0.104 
 46 TMA-ZAIN-G-    (0)    1 :  0.005 0.002 0.004 0.003 0.003 0.006 0.010 0.006 0.941 0.004 0.003 0.003 0.003 0.004 0.002 
 47 TMA-ZAIN-G-    (0)    1 :  0.003 0.004 0.003 0.005 0.004 0.938 0.012 0.004 0.003 0.003 0.003 0.003 0.004 0.004 0.005 
 48 TMA-ZAIN-G-    (0)    1 :  0.020 0.066 0.103 0.162 0.008 0.180 0.142 0.011 0.027 0.058 0.171 0.005 0.018 0.011 0.017 
 49 TMA-ZAIN-G-    (9)    1 :  0.007 0.014 0.024 0.008 0.029 0.008 0.019 0.775 0.005 0.004 0.007 0.005 0.044 0.015 0.036 
 50 TMA-ZAIN-G-    (0)    1 :  0.026 0.031 0.006 0.012 0.004 0.003 0.005 0.784 0.005 0.008 0.072 0.018 0.003 0.015 0.008 
 51 TMA-ZAIN-G-    (0)    1 :  0.008 0.019 0.013 0.010 0.007 0.012 0.013 0.822 0.006 0.046 0.020 0.007 0.006 0.007 0.004 
 52 TMA-ZAIN-G-    (0)    1 :  0.007 0.028 0.007 0.008 0.007 0.029 0.119 0.742 0.009 0.014 0.007 0.006 0.003 0.005 0.010 
 53 TMA-ZAIN-G-    (0)    1 :  0.014 0.010 0.015 0.011 0.010 0.072 0.053 0.515 0.006 0.039 0.011 0.210 0.005 0.024 0.003 
 54 TMA-ZAIN-G-    (0)    1 :  0.004 0.011 0.006 0.010 0.007 0.904 0.004 0.008 0.005 0.010 0.010 0.003 0.003 0.008 0.007 
 55 TMA-ZAIN-G-    (0)    1 :  0.004 0.022 0.008 0.014 0.007 0.827 0.003 0.021 0.007 0.022 0.035 0.003 0.003 0.015 0.010 
 56 TMA-ZAIN-G-    (0)    1 :  0.026 0.078 0.039 0.118 0.004 0.046 0.355 0.037 0.007 0.030 0.202 0.009 0.020 0.013 0.016 
 57 TMA-ZAIN-G-    (0)    1 :  0.011 0.004 0.009 0.008 0.006 0.845 0.009 0.025 0.003 0.006 0.006 0.011 0.008 0.017 0.032 
 58 TMA-ZAIN-G-    (0)    1 :  0.004 0.064 0.007 0.027 0.064 0.024 0.014 0.105 0.052 0.011 0.013 0.011 0.006 0.586 0.010 
 59 TMA-ZAIN-G-    (0)    1 :  0.019 0.025 0.127 0.071 0.029 0.017 0.030 0.013 0.023 0.010 0.035 0.463 0.012 0.106 0.022 
 60 TMA-ZAIN-G-    (0)    1 :  0.006 0.082 0.017 0.020 0.110 0.018 0.035 0.127 0.009 0.125 0.016 0.243 0.006 0.180 0.005 
 61 TMA-ZAIN-G-    (0)    1 :  0.003 0.007 0.004 0.004 0.013 0.014 0.026 0.009 0.018 0.004 0.003 0.876 0.003 0.014 0.003 
 62 TMA-ZAIN-G-    (9)    1 :  0.019 0.037 0.020 0.008 0.007 0.011 0.003 0.018 0.014 0.005 0.020 0.727 0.007 0.078 0.026 
 63 TMA-ZAIN-G-    (0)    1 :  0.004 0.011 0.009 0.010 0.168 0.018 0.015 0.020 0.008 0.013 0.009 0.554 0.002 0.147 0.012 
 64 TMA-ZAIN-G-    (0)    1 :  0.008 0.003 0.007 0.004 0.002 0.003 0.004 0.002 0.002 0.005 0.006 0.002 0.944 0.002 0.005 
 65 TMA-ZAIN-G-    (9)    1 :  0.006 0.007 0.009 0.009 0.004 0.007 0.005 0.003 0.002 0.005 0.006 0.003 0.909 0.004 0.022 
 66 TMA-ZAIN-G-    (0)    1 :  0.015 0.005 0.026 0.008 0.003 0.004 0.005 0.003 0.003 0.005 0.010 0.002 0.897 0.003 0.013 
 67 TMA-ZAIN-G-    (0)    1 :  0.112 0.016 0.053 0.008 0.003 0.005 0.003 0.009 0.014 0.003 0.016 0.004 0.718 0.010 0.024 
 68 TMA-ZAIN-G-    (0)    1 :  0.004 0.003 0.005 0.008 0.003 0.004 0.004 0.003 0.002 0.005 0.005 0.002 0.944 0.002 0.005 
 69 TMA-ZAIN-G-    (0)    1 :  0.033 0.007 0.045 0.008 0.028 0.007 0.024 0.026 0.026 0.014 0.006 0.011 0.719 0.012 0.034 
 70 TMA-ZAIN-G-    (0)    1 :  0.901 0.005 0.033 0.004 0.003 0.003 0.004 0.004 0.004 0.005 0.007 0.003 0.013 0.003 0.009 
 71 TMA-ZAIN-G-    (0)    1 :  0.927 0.003 0.020 0.004 0.003 0.003 0.003 0.003 0.003 0.003 0.007 0.003 0.004 0.003 0.009 
 72 TMA-ZAIN-G-    (0)    1 :  0.908 0.008 0.011 0.006 0.004 0.007 0.004 0.004 0.003 0.006 0.009 0.003 0.014 0.004 0.009 
 73 TMA-ZAIN-G-    (0)    1 :  0.846 0.008 0.007 0.006 0.013 0.013 0.004 0.013 0.020 0.003 0.006 0.015 0.005 0.034 0.009 
 74 TMA-ZAIN-G-    (0)    1 :  0.916 0.005 0.011 0.006 0.003 0.005 0.003 0.006 0.004 0.004 0.006 0.005 0.005 0.010 0.011 
 75 TMA-ZAIN-G-    (0)    1 :  0.926 0.005 0.008 0.006 0.005 0.007 0.004 0.005 0.003 0.005 0.005 0.004 0.005 0.005 0.008 
 76 TMA-ZAIN-G-    (0)    1 :  0.916 0.004 0.011 0.004 0.003 0.003 0.003 0.010 0.014 0.003 0.005 0.005 0.005 0.006 0.007 
 77 TMA-ZAIN-G-    (0)    1 :  0.928 0.006 0.007 0.005 0.003 0.004 0.008 0.005 0.005 0.006 0.009 0.003 0.005 0.003 0.004 
 78 TMA-ZAIN-G-    (0)    1 :  0.900 0.007 0.012 0.006 0.005 0.005 0.009 0.012 0.009 0.005 0.005 0.006 0.004 0.006 0.008 
 79 TMA-ZAIN-G-    (0)    1 :  0.902 0.006 0.009 0.005 0.004 0.004 0.025 0.008 0.007 0.006 0.008 0.003 0.004 0.004 0.005 
 80 TMA-ZAIN-G-    (0)    1 :  0.793 0.007 0.024 0.009 0.002 0.010 0.006 0.004 0.004 0.004 0.017 0.003 0.018 0.005 0.095 
 81 TMA-ZAIN-G-    (0)    1 :  0.862 0.009 0.032 0.010 0.004 0.005 0.023 0.006 0.005 0.007 0.012 0.004 0.005 0.004 0.012 
 82 TMA-ZAIN-G-    (0)    1 :  0.182 0.008 0.485 0.018 0.007 0.016 0.008 0.004 0.003 0.006 0.009 0.005 0.162 0.006 0.080 
 83 TMA-ZAIN-G-    (9)    1 :  0.021 0.021 0.145 0.038 0.052 0.017 0.006 0.012 0.022 0.005 0.012 0.031 0.053 0.029 0.537 
 84 TMA-ZAIN-G-    (0)    1 :  0.893 0.006 0.017 0.007 0.003 0.004 0.010 0.008 0.011 0.006 0.010 0.004 0.005 0.004 0.013 
 85 TMA-ZAIN-G-    (0)    1 :  0.003 0.004 0.004 0.004 0.004 0.003 0.951 0.004 0.003 0.003 0.003 0.004 0.003 0.003 0.003 
 86 TMA-ZAIN-G-    (0)    1 :  0.007 0.005 0.012 0.008 0.003 0.005 0.914 0.004 0.006 0.003 0.010 0.004 0.006 0.004 0.009 
 87 TMA-ZAIN-G-    (0)    1 :  0.003 0.004 0.004 0.003 0.004 0.003 0.951 0.004 0.005 0.003 0.003 0.004 0.003 0.003 0.003 
 88 TMA-ZAIN-G-    (0)    1 :  0.037 0.012 0.058 0.018 0.021 0.091 0.291 0.009 0.011 0.021 0.011 0.205 0.049 0.020 0.146 
 89 TMA-ZAIN-G-    (0)    1 :  0.047 0.004 0.035 0.014 0.011 0.397 0.244 0.008 0.032 0.050 0.016 0.067 0.031 0.009 0.035 
 90 TMA-ZAIN-G-    (0)    1 :  0.004 0.007 0.013 0.005 0.036 0.038 0.828 0.006 0.004 0.004 0.004 0.004 0.014 0.009 0.024 
 91 TMA-ZAIN-G-    (0)    1 :  0.009 0.019 0.013 0.014 0.007 0.041 0.721 0.006 0.007 0.014 0.008 0.104 0.013 0.016 0.008 
 92 TMA-ZAIN-G-    (0)    1 :  0.011 0.042 0.012 0.008 0.015 0.331 0.462 0.033 0.034 0.011 0.008 0.007 0.006 0.015 0.005 
 93 TMA-ZAIN-G-    (0)    1 :  0.006 0.155 0.008 0.007 0.009 0.545 0.131 0.018 0.012 0.022 0.006 0.048 0.006 0.021 0.004 
 94 TMA-ZAIN-G-    (0)    1 :  0.005 0.018 0.005 0.005 0.020 0.057 0.677 0.009 0.010 0.006 0.003 0.158 0.005 0.019 0.004 
 95 TMA-ZAIN-G-    (0)    1 :  0.009 0.889 0.005 0.004 0.013 0.004 0.004 0.016 0.005 0.013 0.014 0.004 0.007 0.006 0.005 
 96 TMA-ZAIN-G-    (0)    1 :  0.003 0.703 0.004 0.006 0.006 0.005 0.009 0.086 0.008 0.019 0.113 0.008 0.004 0.018 0.009 
 97 TMA-ZAIN-G-    (0)    1 :  0.023 0.005 0.008 0.010 0.236 0.015 0.007 0.029 0.006 0.007 0.004 0.580 0.007 0.059 0.004 
 98 TMA-ZAIN-G-    (0)    1 :  0.034 0.003 0.007 0.018 0.203 0.014 0.006 0.004 0.004 0.005 0.003 0.684 0.004 0.007 0.003 
 99 TMA-ZAIN-G-    (0)    1 :  0.016 0.006 0.201 0.030 0.042 0.004 0.004 0.006 0.009 0.006 0.028 0.610 0.009 0.015 0.015 
100 TMA-ZAIN-G-    (0)    1 :  0.005 0.006 0.005 0.004 0.013 0.017 0.023 0.037 0.012 0.006 0.003 0.725 0.006 0.137 0.003 
101 TMA-ZAIN-G-    (0)    1 :  0.005 0.005 0.037 0.006 0.060 0.009 0.003 0.017 0.005 0.006 0.005 0.505 0.004 0.327 0.005 
102 TMA-ZAIN-G-    (0)    1 :  0.012 0.011 0.012 0.007 0.671 0.006 0.045 0.029 0.071 0.014 0.023 0.010 0.009 0.067 0.013 
103 TMA-ZAIN-G-    (0)    1 :  0.008 0.013 0.010 0.009 0.831 0.004 0.031 0.026 0.016 0.005 0.007 0.011 0.005 0.013 0.010 
104 TMA-ZAIN-G-    (0)    1 :  0.003 0.003 0.003 0.003 0.950 0.003 0.003 0.005 0.005 0.003 0.003 0.006 0.002 0.005 0.003 
105 TMA-ZAIN-G-    (0)    1 :  0.008 0.013 0.011 0.012 0.839 0.004 0.048 0.011 0.006 0.005 0.008 0.008 0.005 0.010 0.010 
106 TMA-ZAIN-G-    (0)    1 :  0.106 0.008 0.053 0.050 0.004 0.006 0.007 0.004 0.003 0.082 0.564 0.003 0.050 0.004 0.056 
107 TMA-ZAIN-G-    (0)    1 :  0.132 0.006 0.272 0.038 0.005 0.007 0.007 0.006 0.003 0.015 0.027 0.004 0.015 0.006 0.457 
108 TMA-ZAIN-G-    (9)    1 :  0.042 0.007 0.158 0.019 0.016 0.009 0.038 0.025 0.022 0.031 0.156 0.209 0.009 0.224 0.035 
109 TMA-ZAIN-G-    (0)    1 :  0.009 0.021 0.023 0.097 0.017 0.047 0.015 0.007 0.006 0.031 0.099 0.194 0.120 0.147 0.169 
110 TMA-ZAIN-G-    (0)    1 :  0.026 0.027 0.234 0.117 0.029 0.015 0.021 0.087 0.117 0.017 0.104 0.055 0.007 0.047 0.097 
111 TMA-ZAIN-G-    (9)    1 :  0.036 0.014 0.033 0.009 0.101 0.020 0.006 0.048 0.066 0.004 0.009 0.107 0.011 0.383 0.154 
112 TMA-ZAIN-G-    (0)    1 :  0.021 0.019 0.085 0.077 0.171 0.018 0.013 0.047 0.029 0.033 0.184 0.079 0.022 0.135 0.066 
113 TMA-ZAIN-G-    (0)    1 :  0.020 0.003 0.013 0.010 0.011 0.024 0.006 0.004 0.009 0.005 0.005 0.813 0.009 0.058 0.010 
114 TMA-ZAIN-G-    (0)    1 :  0.003 0.003 0.003 0.003 0.005 0.004 0.005 0.004 0.008 0.002 0.002 0.939 0.002 0.013 0.003 
115 TMA-ZAIN-G-    (0)    1 :  0.003 0.004 0.003 0.003 0.006 0.004 0.003 0.004 0.005 0.003 0.003 0.927 0.003 0.023 0.005 
116 TMA-ZAIN-G-    (0)    1 :  0.013 0.011 0.030 0.019 0.009 0.014 0.006 0.004 0.003 0.006 0.007 0.006 0.011 0.006 0.855 
117 TMA-ZAIN-G-    (0)    1 :  0.081 0.056 0.087 0.266 0.009 0.028 0.034 0.009 0.003 0.058 0.050 0.006 0.256 0.008 0.050 
118 TMA-ZAIN-G-    (0)    1 :  0.014 0.025 0.019 0.018 0.008 0.010 0.007 0.008 0.004 0.033 0.021 0.006 0.037 0.006 0.786 
119 TMA-ZAIN-G-    (0)    1 :  0.038 0.017 0.033 0.017 0.019 0.011 0.005 0.018 0.015 0.006 0.007 0.017 0.024 0.029 0.744 
120 TMA-ZAIN-G-    (0)    1 :  0.023 0.063 0.038 0.036 0.016 0.013 0.013 0.013 0.004 0.092 0.021 0.007 0.032 0.008 0.621 
121 TMA-ZAIN-G-    (0)    1 :  0.036 0.077 0.133 0.116 0.015 0.018 0.011 0.007 0.003 0.021 0.044 0.008 0.207 0.012 0.292 
122 TMA-ZAIN-G-    (0)    1 :  0.052 0.117 0.256 0.156 0.005 0.012 0.104 0.005 0.007 0.009 0.111 0.005 0.029 0.012 0.121 
123 TMA-ZAIN-G-    (0)    1 :  0.005 0.007 0.005 0.005 0.020 0.006 0.009 0.012 0.007 0.010 0.005 0.888 0.003 0.013 0.004 
124 TMA-ZAIN-G-    (0)    1 :  0.004 0.006 0.007 0.900 0.005 0.003 0.006 0.004 0.003 0.006 0.037 0.004 0.004 0.003 0.007 
125 TMA-ZAIN-G-    (0)    1 :  0.005 0.004 0.005 0.902 0.003 0.027 0.005 0.003 0.002 0.009 0.013 0.002 0.012 0.003 0.005 
126 TMA-ZAIN-G-    (0)    1 :  0.004 0.004 0.006 0.905 0.004 0.006 0.005 0.004 0.003 0.019 0.021 0.003 0.003 0.003 0.009 
127 TMA-ZAIN-G-    (0)    1 :  0.004 0.004 0.008 0.886 0.003 0.003 0.005 0.003 0.003 0.009 0.054 0.003 0.005 0.003 0.008 
128 TMA-ZAIN-G-    (0)    1 :  0.005 0.011 0.010 0.900 0.004 0.004 0.005 0.003 0.003 0.006 0.022 0.003 0.014 0.003 0.007 
129 TMA-ZAIN-G-    (0)    1 :  0.005 0.006 0.006 0.919 0.005 0.004 0.006 0.004 0.003 0.008 0.018 0.005 0.004 0.003 0.005 
130 TMA-ZAIN-G-    (0)    1 :  0.004 0.005 0.004 0.912 0.005 0.014 0.005 0.004 0.002 0.019 0.007 0.004 0.004 0.004 0.008 
131 TMA-ZAIN-G-    (0)    1 :  0.004 0.006 0.007 0.901 0.005 0.003 0.007 0.005 0.003 0.009 0.034 0.003 0.004 0.004 0.006 
132 TMA-ZAIN-G-    (0)    1 :  0.007 0.008 0.011 0.892 0.003 0.012 0.005 0.003 0.002 0.007 0.017 0.003 0.018 0.003 0.008 
133 TMA-ZAIN-G-    (0)    1 :  0.086 0.019 0.016 0.057 0.003 0.025 0.049 0.015 0.013 0.128 0.442 0.003 0.098 0.005 0.042 
134 TMA-ZAIN-G-    (0)    1 :  0.079 0.005 0.016 0.317 0.003 0.021 0.041 0.008 0.008 0.244 0.106 0.004 0.070 0.004 0.075 
135 TMA-ZAIN-G-    (0)    1 :  0.095 0.004 0.085 0.113 0.004 0.014 0.033 0.005 0.007 0.018 0.105 0.005 0.026 0.003 0.482 
136 TMA-ZAIN-G-    (0)    1 :  0.038 0.009 0.121 0.038 0.003 0.015 0.005 0.004 0.006 0.006 0.047 0.007 0.595 0.008 0.097 
137 TMA-ZAIN-G-    (0)    1 :  0.035 0.004 0.015 0.025 0.004 0.006 0.022 0.007 0.008 0.005 0.014 0.006 0.005 0.004 0.840 
138 TMA-ZAIN-G-    (0)    1 :  0.021 0.003 0.102 0.445 0.003 0.015 0.004 0.003 0.002 0.029 0.100 0.004 0.013 0.003 0.252 
139 TMA-ZAIN-G-    (0)    1 :  0.066 0.003 0.029 0.284 0.003 0.079 0.011 0.004 0.006 0.018 0.038 0.005 0.011 0.004 0.439 
140 TMA-ZAIN-G-    (0)    1 :  0.026 0.013 0.529 0.019 0.003 0.004 0.005 0.004 0.005 0.006 0.065 0.003 0.009 0.004 0.305 
141 TMA-ZAIN-G-    (0)    1 :  0.090 0.007 0.603 0.090 0.006 0.006 0.013 0.005 0.003 0.023 0.041 0.005 0.007 0.004 0.097 
142 TMA-ZAIN-G-    (9)    1 :  0.023 0.007 0.574 0.020 0.004 0.004 0.007 0.004 0.003 0.006 0.024 0.003 0.009 0.003 0.308 
143 TMA-ZAIN-G-    (0)    1 :  0.020 0.015 0.382 0.157 0.005 0.005 0.007 0.004 0.003 0.010 0.093 0.004 0.015 0.004 0.276 
144 TMA-ZAIN-G-    (0)    1 :  0.013 0.039 0.144 0.082 0.004 0.031 0.015 0.014 0.007 0.012 0.182 0.003 0.007 0.009 0.438 
145 TMA-ZAIN-G-    (0)    1 :  0.066 0.007 0.096 0.082 0.003 0.017 0.006 0.003 0.002 0.007 0.023 0.003 0.286 0.006 0.394 
146 TMA-ZAIN-G-    (0)    1 :  0.023 0.003 0.925 0.005 0.003 0.003 0.004 0.003 0.003 0.005 0.005 0.003 0.004 0.003 0.008 
147 TMA-ZAIN-G-    (9)    1 :  0.011 0.004 0.927 0.007 0.003 0.004 0.004 0.003 0.003 0.005 0.007 0.003 0.008 0.003 0.009 
148 TMA-ZAIN-G-    (0)    1 :  0.012 0.003 0.772 0.037 0.003 0.027 0.004 0.004 0.003 0.076 0.042 0.003 0.004 0.003 0.008 
149 TMA-ZAIN-G-    (0)    1 :  0.013 0.013 0.679 0.062 0.020 0.048 0.020 0.009 0.011 0.030 0.047 0.015 0.006 0.011 0.015 
150 TMA-ZAIN-G-    (0)    1 :  0.015 0.014 0.670 0.023 0.028 0.068 0.012 0.006 0.009 0.020 0.019 0.011 0.072 0.009 0.024 
151 TMA-ZAIN-G-    (0)    1 :  0.005 0.004 0.011 0.006 0.003 0.004 0.003 0.003 0.002 0.016 0.136 0.003 0.007 0.004 0.792 
152 TMA-ZAIN-G-    (0)    1 :  0.004 0.004 0.016 0.006 0.004 0.004 0.003 0.003 0.002 0.016 0.013 0.004 0.005 0.005 0.911 
153 TMA-ZAIN-G-    (0)    1 :  0.014 0.004 0.057 0.041 0.004 0.013 0.004 0.003 0.003 0.029 0.103 0.003 0.016 0.003 0.705 
154 TMA-ZAIN-G-    (0)    1 :  0.005 0.003 0.009 0.008 0.003 0.004 0.004 0.003 0.002 0.004 0.006 0.003 0.004 0.004 0.939 
155 TMA-ZAIN-G-    (0)    1 :  0.008 0.004 0.035 0.013 0.005 0.003 0.006 0.004 0.003 0.006 0.009 0.003 0.008 0.003 0.891 
156 TMA-ZAIN-G-    (9)    1 :  0.005 0.003 0.033 0.032 0.005 0.011 0.003 0.004 0.003 0.076 0.051 0.005 0.003 0.005 0.759 
157 TMA-ZAIN-G-    (0)    1 :  0.010 0.004 0.122 0.022 0.005 0.005 0.004 0.004 0.003 0.135 0.095 0.004 0.007 0.004 0.575 
158 TMA-ZAIN-G-    (0)    1 :  0.035 0.005 0.187 0.007 0.003 0.004 0.003 0.006 0.003 0.004 0.014 0.003 0.006 0.006 0.712 
159 TMA-ZAIN-G-    (0)    1 :  0.198 0.003 0.237 0.015 0.004 0.005 0.004 0.004 0.002 0.005 0.007 0.004 0.015 0.005 0.492 
160 TMA-ZAIN-G-    (0)    1 :  0.155 0.003 0.092 0.009 0.005 0.009 0.005 0.003 0.002 0.005 0.006 0.004 0.017 0.005 0.681 
161 TMA-ZAIN-G-    (0)    1 :  0.020 0.006 0.092 0.204 0.003 0.020 0.006 0.005 0.003 0.025 0.108 0.003 0.008 0.004 0.493 
162 TMA-ZAIN-G-    (0)    1 :  0.006 0.007 0.007 0.006 0.016 0.009 0.010 0.005 0.010 0.003 0.010 0.013 0.005 0.012 0.882 
163 TMA-ZAIN-G-    (0)    1 :  0.005 0.003 0.009 0.006 0.003 0.003 0.003 0.002 0.002 0.003 0.005 0.002 0.004 0.003 0.947 
164 TMA-ZAIN-G-    (0)    1 :  0.008 0.007 0.102 0.011 0.005 0.008 0.012 0.004 0.005 0.004 0.006 0.005 0.009 0.007 0.807 
165 TMA-ZAIN-G-    (0)    1 :  0.009 0.004 0.087 0.009 0.004 0.003 0.003 0.003 0.002 0.003 0.007 0.003 0.005 0.003 0.854 
166 TMA-ZAIN-G-    (0)    1 :  0.043 0.004 0.263 0.166 0.003 0.010 0.006 0.003 0.002 0.006 0.042 0.003 0.012 0.006 0.431 
167 TMA-ZAIN-G-    (0)    1 :  0.230 0.010 0.615 0.019 0.006 0.004 0.007 0.007 0.004 0.008 0.029 0.005 0.004 0.006 0.048 
168 TMA-ZAIN-G-    (0)    1 :  0.283 0.005 0.612 0.007 0.005 0.005 0.006 0.005 0.003 0.027 0.012 0.007 0.011 0.005 0.009 
169 TMA-ZAIN-G-    (0)    1 :  0.301 0.004 0.576 0.008 0.003 0.004 0.005 0.003 0.003 0.005 0.006 0.003 0.057 0.003 0.020 
170 TMA-ZAIN-G-    (0)    1 :  0.093 0.007 0.469 0.051 0.009 0.004 0.006 0.044 0.012 0.070 0.125 0.023 0.019 0.019 0.049 
171 TMA-ZAIN-G-    (0)    1 :  0.330 0.003 0.609 0.005 0.004 0.003 0.004 0.003 0.003 0.004 0.005 0.003 0.012 0.003 0.010 
172 TMA-ZAIN-G-    (0)    1 :  0.019 0.006 0.162 0.037 0.004 0.004 0.006 0.006 0.004 0.016 0.697 0.003 0.005 0.004 0.027 
173 TMA-ZAIN-G-    (0)    1 :  0.020 0.008 0.085 0.043 0.004 0.004 0.007 0.006 0.004 0.019 0.771 0.003 0.007 0.004 0.016 
174 TMA-ZAIN-G-    (0)    1 :  0.022 0.005 0.097 0.697 0.003 0.007 0.004 0.003 0.002 0.004 0.084 0.003 0.026 0.004 0.040 
175 TMA-ZAIN-G-    (0)    1 :  0.362 0.004 0.574 0.006 0.004 0.004 0.005 0.003 0.003 0.005 0.005 0.003 0.007 0.003 0.011 
176 TMA-ZAIN-G-    (0)    1 :  0.091 0.004 0.840 0.006 0.004 0.003 0.005 0.003 0.003 0.005 0.008 0.003 0.005 0.003 0.018 
177 TMA-ZAIN-G-    (0)    1 :  0.030 0.003 0.889 0.007 0.003 0.003 0.004 0.003 0.003 0.012 0.019 0.003 0.003 0.004 0.014 
178 TMA-ZAIN-G-    (0)    1 :  0.024 0.007 0.433 0.014 0.004 0.004 0.005 0.006 0.004 0.036 0.423 0.005 0.004 0.005 0.025 
179 TMA-ZAIN-G-    (0)    1 :  0.016 0.004 0.836 0.009 0.003 0.004 0.005 0.003 0.003 0.018 0.061 0.003 0.006 0.003 0.025 
180 TMA-ZAIN-G-    (0)    1 :  0.005 0.021 0.058 0.378 0.004 0.012 0.029 0.006 0.007 0.029 0.319 0.003 0.102 0.005 0.021 
181 TMA-ZAIN-G-    (0)    1 :  0.011 0.004 0.010 0.023 0.004 0.005 0.004 0.004 0.003 0.112 0.763 0.005 0.005 0.005 0.044 
182 TMA-ZAIN-G-    (0)    1 :  0.005 0.005 0.023 0.384 0.006 0.005 0.007 0.005 0.003 0.184 0.319 0.008 0.003 0.005 0.040 
183 TMA-ZAIN-G-    (0)    1 :  0.007 0.004 0.009 0.012 0.004 0.004 0.005 0.005 0.003 0.072 0.852 0.004 0.005 0.004 0.012 
184 TMA-ZAIN-G-    (0)    1 :  0.012 0.012 0.018 0.031 0.025 0.018 0.018 0.009 0.010 0.033 0.723 0.023 0.007 0.016 0.046 
185 TMA-ZAIN-G-    (0)    1 :  0.007 0.038 0.009 0.035 0.012 0.019 0.011 0.008 0.013 0.004 0.801 0.010 0.005 0.016 0.011 
186 TMA-ZAIN-G-    (9)    1 :  0.014 0.014 0.011 0.051 0.004 0.005 0.005 0.008 0.004 0.005 0.849 0.003 0.006 0.006 0.014 
187 TMA-ZAIN-G-    (0)    1 :  0.038 0.005 0.012 0.017 0.004 0.003 0.004 0.005 0.003 0.018 0.835 0.004 0.014 0.004 0.035 
188 TMA-ZAIN-G-    (0)    1 :  0.041 0.005 0.007 0.016 0.003 0.004 0.003 0.003 0.002 0.007 0.862 0.003 0.022 0.004 0.019 
189 TMA-ZAIN-G-    (0)    1 :  0.005 0.004 0.006 0.014 0.003 0.002 0.004 0.003 0.002 0.007 0.933 0.002 0.007 0.003 0.006 
190 TMA-ZAIN-G-    (0)    1 :  0.024 0.007 0.047 0.010 0.003 0.005 0.004 0.005 0.003 0.027 0.836 0.003 0.017 0.005 0.006 
191 TMA-ZAIN-G-    (0)    1 :  0.009 0.008 0.007 0.007 0.011 0.007 0.013 0.006 0.013 0.004 0.884 0.010 0.005 0.011 0.007 
192 TMA-ZAIN-G-    (0)    1 :  0.012 0.003 0.006 0.012 0.003 0.004 0.017 0.008 0.009 0.016 0.892 0.005 0.004 0.003 0.008 
193 TMA-ZAIN-G-    (0)    1 :  0.003 0.003 0.003 0.004 0.003 0.005 0.003 0.003 0.002 0.954 0.006 0.002 0.004 0.003 0.003 
194 TMA-ZAIN-G-    (0)    1 :  0.006 0.025 0.007 0.025 0.003 0.015 0.004 0.012 0.006 0.821 0.051 0.002 0.012 0.006 0.004 
195 TMA-ZAIN-G-    (0)    1 :  0.029 0.006 0.037 0.026 0.003 0.007 0.004 0.012 0.003 0.755 0.071 0.003 0.035 0.005 0.006 
196 TMA-ZAIN-G-    (0)    1 :  0.005 0.007 0.006 0.009 0.003 0.007 0.004 0.004 0.003 0.910 0.015 0.003 0.014 0.004 0.007 
197 TMA-ZAIN-G-    (0)    1 :  0.009 0.005 0.009 0.011 0.003 0.004 0.008 0.004 0.003 0.910 0.010 0.003 0.011 0.003 0.007 
198 TMA-ZAIN-G-    (0)    1 :  0.009 0.003 0.011 0.007 0.002 0.005 0.004 0.003 0.003 0.915 0.016 0.003 0.007 0.003 0.009 
199 TMA-ZAIN-G-    (0)    1 :  0.008 0.011 0.008 0.037 0.003 0.006 0.004 0.005 0.003 0.006 0.883 0.003 0.005 0.005 0.013 
200 TMA-ZAIN-G-    (0)    1 :  0.003 0.015 0.004 0.003 0.014 0.004 0.006 0.121 0.739 0.046 0.006 0.014 0.003 0.020 0.002 
201 TMA-ZAIN-G-    (0)    1 :  0.004 0.011 0.005 0.003 0.013 0.003 0.005 0.035 0.888 0.003 0.003 0.004 0.006 0.013 0.003 
202 TMA-ZAIN-G-    (0)    1 :  0.003 0.007 0.008 0.005 0.011 0.002 0.004 0.055 0.810 0.038 0.013 0.022 0.003 0.013 0.005 
203 TMA-ZAIN-G-    (0)    1 :  0.009 0.005 0.021 0.059 0.010 0.005 0.005 0.004 0.003 0.787 0.027 0.026 0.004 0.007 0.028 
204 TMA-ZAIN-G-    (9)    1 :  0.015 0.005 0.013 0.008 0.004 0.027 0.065 0.049 0.756 0.006 0.008 0.006 0.010 0.025 0.004 
205 TMA-ZAIN-G-    (0)    1 :  0.014 0.005 0.017 0.012 0.006 0.013 0.023 0.115 0.672 0.007 0.008 0.007 0.006 0.007 0.088 
206 TMA-ZAIN-G-    (9)    1 :  0.008 0.012 0.020 0.008 0.011 0.011 0.164 0.095 0.550 0.058 0.020 0.017 0.009 0.013 0.006 
207 TMA-ZAIN-G-    (9)    1 :  0.032 0.114 0.053 0.030 0.006 0.063 0.072 0.029 0.007 0.012 0.035 0.008 0.090 0.041 0.409 
208 TMA-ZAIN-G-    (0)    1 :  0.023 0.013 0.711 0.010 0.003 0.005 0.002 0.004 0.003 0.005 0.037 0.003 0.072 0.006 0.104 
209 TMA-ZAIN-G-    (0)    1 :  0.080 0.004 0.097 0.351 0.003 0.040 0.008 0.004 0.002 0.213 0.099 0.003 0.015 0.005 0.076 
210 TMA-ZAIN-G-    (0)    1 :  0.070 0.012 0.113 0.094 0.004 0.013 0.012 0.005 0.003 0.362 0.128 0.004 0.105 0.005 0.070 
211 TMA-ZAIN-G-    (0)    1 :  0.045 0.016 0.051 0.575 0.009 0.007 0.007 0.023 0.021 0.051 0.119 0.011 0.020 0.015 0.029 
212 TMA-ZAIN-G-    (0)    1 :  0.006 0.012 0.474 0.063 0.003 0.005 0.015 0.004 0.004 0.021 0.334 0.004 0.013 0.005 0.037 
213 TMA-ZAIN-G-    (0)    1 :  0.041 0.006 0.204 0.073 0.004 0.008 0.004 0.005 0.004 0.036 0.389 0.003 0.007 0.004 0.211 
214 TMA-ZAIN-G-    (0)    1 :  0.097 0.005 0.063 0.242 0.003 0.008 0.005 0.004 0.004 0.036 0.239 0.003 0.053 0.005 0.234 
215 TMA-ZAIN-G-    (0)    1 :  0.074 0.004 0.129 0.013 0.003 0.002 0.003 0.229 0.009 0.004 0.467 0.003 0.005 0.010 0.044 
216 TMA-ZAIN-G-    (0)    1 :  0.018 0.008 0.030 0.141 0.003 0.013 0.006 0.006 0.005 0.014 0.708 0.003 0.007 0.005 0.032 
217 TMA-ZAIN-G-    (0)    1 :  0.168 0.003 0.147 0.275 0.004 0.007 0.006 0.003 0.003 0.077 0.108 0.003 0.117 0.003 0.075 
218 TMA-ZAIN-G-    (0)    1 :  0.005 0.016 0.006 0.011 0.008 0.007 0.005 0.900 0.003 0.003 0.007 0.006 0.008 0.008 0.007 
219 TMA-ZAIN-G-    (0)    1 :  0.005 0.007 0.004 0.007 0.004 0.009 0.011 0.918 0.006 0.003 0.005 0.005 0.003 0.007 0.005 
220 TMA-ZAIN-G-    (0)    1 :  0.009 0.175 0.014 0.006 0.125 0.006 0.011 0.385 0.004 0.005 0.010 0.008 0.014 0.207 0.020 
221 TMA-ZAIN-G-    (0)    1 :  0.007 0.012 0.009 0.011 0.003 0.005 0.009 0.890 0.013 0.005 0.016 0.004 0.005 0.004 0.007 
222 TMA-ZAIN-G-    (0)    1 :  0.008 0.005 0.013 0.011 0.042 0.010 0.020 0.830 0.006 0.004 0.005 0.006 0.011 0.010 0.017 
223 TMA-ZAIN-G-    (0)    1 :  0.004 0.012 0.005 0.005 0.005 0.006 0.014 0.903 0.007 0.003 0.004 0.007 0.005 0.015 0.004 
224 TMA-ZAIN-G-    (0)    1 :  0.005 0.012 0.006 0.025 0.016 0.007 0.095 0.769 0.009 0.007 0.012 0.007 0.005 0.019 0.006 
225 TMA-ZAIN-G-    (0)    1 :  0.003 0.009 0.004 0.004 0.010 0.004 0.005 0.921 0.006 0.009 0.006 0.007 0.002 0.007 0.003 
226 TMA-ZAIN-G-    (0)    1 :  0.007 0.011 0.008 0.005 0.006 0.005 0.008 0.868 0.007 0.021 0.010 0.015 0.006 0.016 0.007 
227 TMA-ZAIN-G-    (0)    1 :  0.009 0.007 0.011 0.005 0.006 0.004 0.005 0.886 0.009 0.017 0.010 0.011 0.004 0.007 0.009 
228 TMA-ZAIN-G-    (0)    1 :  0.026 0.012 0.020 0.009 0.006 0.005 0.016 0.789 0.011 0.007 0.011 0.019 0.008 0.047 0.013 
229 TMA-ZAIN-G-    (0)    1 :  0.003 0.008 0.004 0.003 0.017 0.006 0.007 0.893 0.017 0.003 0.003 0.013 0.007 0.013 0.003 
230 TMA-ZAIN-G-    (0)    1 :  0.035 0.011 0.030 0.056 0.022 0.010 0.292 0.450 0.005 0.012 0.020 0.021 0.013 0.017 0.006 
231 TMA-ZAIN-G-    (0)    1 :  0.031 0.009 0.022 0.015 0.284 0.009 0.075 0.139 0.305 0.009 0.010 0.010 0.008 0.056 0.018 
232 TMA-ZAIN-G-    (9)    1 :  0.009 0.004 0.012 0.031 0.144 0.009 0.020 0.192 0.422 0.007 0.014 0.049 0.026 0.051 0.010 
233 TMA-ZAIN-G-    (0)    1 :  0.026 0.007 0.013 0.028 0.006 0.011 0.020 0.752 0.015 0.007 0.011 0.005 0.046 0.043 0.013 
234 TMA-ZAIN-G-    (0)    1 :  0.004 0.005 0.007 0.004 0.183 0.022 0.006 0.369 0.035 0.012 0.004 0.019 0.005 0.317 0.006 
235 TMA-ZAIN-G-    (0)    1 :  0.045 0.020 0.008 0.004 0.009 0.007 0.037 0.312 0.015 0.019 0.042 0.152 0.004 0.317 0.009 
236 TMA-ZAIN-G-    (0)    1 :  0.011 0.007 0.014 0.010 0.007 0.003 0.043 0.780 0.020 0.022 0.012 0.029 0.007 0.021 0.013 
237 TMA-ZAIN-G-    (0)    1 :  0.153 0.016 0.062 0.036 0.031 0.005 0.128 0.351 0.008 0.008 0.018 0.070 0.012 0.084 0.019 
238 TMA-ZAIN-G-    (0)    1 :  0.025 0.005 0.020 0.019 0.012 0.003 0.005 0.780 0.015 0.005 0.018 0.043 0.005 0.017 0.028 
239 TMA-ZAIN-G-    (0)    1 :  0.003 0.003 0.005 0.008 0.003 0.034 0.022 0.009 0.732 0.099 0.043 0.006 0.021 0.007 0.004 
240 TMA-ZAIN-G-    (0)    1 :  0.005 0.003 0.004 0.003 0.004 0.006 0.009 0.008 0.940 0.004 0.003 0.003 0.003 0.004 0.002 
241 TMA-ZAIN-G-    (0)    1 :  0.012 0.002 0.010 0.004 0.003 0.004 0.005 0.005 0.928 0.004 0.005 0.005 0.004 0.004 0.005 
242 TMA-ZAIN-G-    (0)    1 :  0.006 0.003 0.007 0.004 0.003 0.003 0.003 0.004 0.940 0.003 0.005 0.004 0.005 0.004 0.007 
243 TMA-ZAIN-G-    (0)    1 :  0.013 0.003 0.014 0.005 0.002 0.005 0.005 0.005 0.918 0.004 0.006 0.003 0.008 0.004 0.007 
244 TMA-ZAIN-G-    (0)    1 :  0.015 0.003 0.014 0.004 0.002 0.004 0.003 0.005 0.908 0.003 0.008 0.005 0.008 0.004 0.014 
245 TMA-ZAIN-G-    (9)    1 :  0.003 0.003 0.004 0.003 0.004 0.003 0.003 0.005 0.956 0.003 0.003 0.004 0.002 0.003 0.003 
246 TMA-ZAIN-G-    (0)    1 :  0.003 0.004 0.003 0.003 0.002 0.003 0.004 0.005 0.956 0.003 0.003 0.002 0.003 0.003 0.003 
247 TMA-ZAIN-G-    (0)    1 :  0.003 0.005 0.005 0.003 0.002 0.004 0.004 0.004 0.950 0.002 0.005 0.002 0.005 0.003 0.004 
248 TMA-ZAIN-G-    (0)    1 :  0.006 0.004 0.007 0.004 0.003 0.004 0.004 0.008 0.920 0.010 0.009 0.006 0.005 0.005 0.006 
249 TMA-ZAIN-G-    (0)    1 :  0.003 0.004 0.004 0.003 0.002 0.003 0.004 0.007 0.941 0.007 0.006 0.004 0.003 0.004 0.003 
250 TMA-ZAIN-G-    (0)    1 :  0.003 0.006 0.003 0.003 0.002 0.003 0.004 0.007 0.946 0.004 0.005 0.002 0.006 0.003 0.003 
251 TMA-ZAIN-G-    (0)    1 :  0.003 0.006 0.004 0.006 0.005 0.935 0.009 0.004 0.003 0.005 0.003 0.005 0.004 0.006 0.004 
252 TMA-ZAIN-G-    (0)    1 :  0.025 0.003 0.046 0.004 0.004 0.858 0.003 0.006 0.003 0.004 0.006 0.003 0.021 0.004 0.010 
253 TMA-ZAIN-G-    (0)    1 :  0.004 0.003 0.005 0.005 0.007 0.937 0.004 0.003 0.003 0.004 0.004 0.003 0.005 0.003 0.009 
254 TMA-ZAIN-G-    (9)    1 :  0.008 0.006 0.014 0.013 0.010 0.879 0.006 0.004 0.003 0.005 0.007 0.005 0.009 0.005 0.026 
