

----------------------------------------------------
STRUCTURE by Pritchard, Stephens and Donnelly (2000)
     and Falush, Stephens and Pritchard (2003)
       Code by Pritchard, Falush and Hubisz
             Version 2.3.4 (Jul 2012)
----------------------------------------------------



Command line arguments:   bin\structure -m C:\Users\eschumacher\Documents\GitHub\GCC_QUAC_ZAIN\Data_Files\Structure_Files\ZAIN\ZAIN_rebinned_allpop_str\50-50\mainparams -e C:\Users\eschumacher\Documents\GitHub\GCC_QUAC_ZAIN\Data_Files\Structure_Files\ZAIN\ZAIN_rebinned_allpop_str\50-50\extraparams 
Input File:    C:\Users\eschumacher\Documents\GitHub\GCC_QUAC_ZAIN\Data_Files\Structure_Files\ZAIN\ZAIN_rebinned_allpop_str\project_data

Run parameters:
   1133 individuals
   11 loci
   8 populations assumed
   50000 Burn-in period
   50000 Reps


--------------------------------------------
Proportion of membership of each pre-defined
 population in each of the 8 clusters

Given    Inferred Clusters                                          Number of
 Pop       1      2      3      4      5      6      7      8      Individuals

  1:     0.151  0.042  0.227  0.096  0.056  0.114  0.112  0.202      303
  2:     0.108  0.055  0.167  0.070  0.017  0.116  0.200  0.267       15
  3:     0.082  0.016  0.174  0.012  0.245  0.388  0.008  0.075        2
  4:     0.053  0.031  0.140  0.063  0.007  0.272  0.038  0.396        2
  5:     0.025  0.061  0.152  0.046  0.216  0.364  0.018  0.119        7
  6:     0.662  0.008  0.013  0.015  0.117  0.012  0.016  0.157       13
  7:     0.944  0.004  0.005  0.017  0.006  0.013  0.005  0.006       13
  8:     0.010  0.092  0.530  0.012  0.058  0.017  0.025  0.257        7
  9:     0.020  0.039  0.330  0.030  0.086  0.079  0.014  0.402       11
 10:     0.012  0.033  0.507  0.123  0.029  0.170  0.037  0.091        9
 11:     0.033  0.005  0.009  0.921  0.005  0.012  0.007  0.008       35
 12:     0.005  0.028  0.609  0.007  0.014  0.007  0.026  0.303       36
 13:     0.006  0.032  0.756  0.005  0.019  0.009  0.009  0.164       33
 14:     0.020  0.010  0.009  0.007  0.010  0.005  0.933  0.007       40
 15:     0.003  0.007  0.007  0.004  0.950  0.004  0.007  0.018       39
 16:     0.054  0.030  0.056  0.180  0.012  0.616  0.026  0.027       40
 17:     0.107  0.018  0.013  0.068  0.011  0.738  0.034  0.011       37
 18:     0.003  0.024  0.685  0.006  0.014  0.004  0.006  0.258       40
 19:     0.008  0.003  0.005  0.918  0.013  0.007  0.038  0.006       28
 20:     0.031  0.008  0.014  0.008  0.007  0.016  0.901  0.015       14
 21:     0.895  0.006  0.009  0.008  0.043  0.017  0.009  0.012       13
 22:     0.003  0.009  0.015  0.006  0.040  0.005  0.022  0.900       14
 23:     0.006  0.041  0.861  0.005  0.011  0.006  0.009  0.061       25
 24:     0.005  0.947  0.012  0.007  0.006  0.005  0.008  0.010       40
 25:     0.010  0.008  0.025  0.022  0.019  0.023  0.845  0.049       32
 26:     0.966  0.006  0.006  0.003  0.004  0.005  0.005  0.005       20
 27:     0.007  0.007  0.012  0.737  0.005  0.209  0.011  0.012        4
 28:     0.018  0.015  0.044  0.866  0.006  0.020  0.012  0.018       23
 29:     0.007  0.005  0.006  0.947  0.006  0.015  0.009  0.005       39
 30:     0.911  0.005  0.007  0.049  0.004  0.010  0.008  0.006       38
 31:     0.005  0.055  0.060  0.005  0.189  0.008  0.009  0.669       45
 32:     0.009  0.025  0.262  0.005  0.163  0.010  0.016  0.509       28
 33:     0.009  0.005  0.004  0.937  0.008  0.025  0.007  0.005        6
 34:     0.008  0.043  0.012  0.025  0.012  0.861  0.014  0.024       40
 35:     0.078  0.011  0.009  0.019  0.011  0.836  0.012  0.023       42
--------------------------------------------

Allele-freq. divergence among pops (Net nucleotide distance),
computed using point estimates of P.

      1       2       3       4       5       6       7       8      
 1      -    0.3505  0.2859  0.1450  0.3363  0.1220  0.2128  0.2703  
 2   0.3505     -    0.1025  0.3283  0.2579  0.2114  0.1814  0.1118  
 3   0.2859  0.1025     -    0.2182  0.2189  0.1527  0.1686  0.0401  
 4   0.1450  0.3283  0.2182     -    0.2628  0.0912  0.1440  0.2170  
 5   0.3363  0.2579  0.2189  0.2628     -    0.1674  0.1575  0.1338  
 6   0.1220  0.2114  0.1527  0.0912  0.1674     -    0.1011  0.1163  
 7   0.2128  0.1814  0.1686  0.1440  0.1575  0.1011     -    0.1409  
 8   0.2703  0.1118  0.0401  0.2170  0.1338  0.1163  0.1409     -    

Average distances (expected heterozygosity) between individuals in same cluster:
cluster  1  : 0.4232 
cluster  2  : 0.3634 
cluster  3  : 0.4081 
cluster  4  : 0.4805 
cluster  5  : 0.2774 
cluster  6  : 0.5525 
cluster  7  : 0.4357 
cluster  8  : 0.4389 

--------------------------------------------
Estimated Ln Prob of Data   = -21591.1
Mean value of ln likelihood = -21082.7
Variance of ln likelihood   = 1016.8
Mean value of alpha         = 0.0339

Mean value of Fst_1         = 0.4226
Mean value of Fst_2         = 0.4252
Mean value of Fst_3         = 0.3100
Mean value of Fst_4         = 0.3410
Mean value of Fst_5         = 0.5546
Mean value of Fst_6         = 0.1349
Mean value of Fst_7         = 0.4150
Mean value of Fst_8         = 0.3069


Inferred ancestry of individuals:
        Label (%Miss) Pop:  Inferred clusters
  1 TMA-ZAIN-G-    (9)    1 :  0.006 0.012 0.011 0.786 0.093 0.047 0.016 0.027 
  2 TMA-ZAIN-G-    (0)    1 :  0.007 0.005 0.162 0.731 0.009 0.025 0.025 0.037 
  3 TMA-ZAIN-G-    (0)    1 :  0.003 0.134 0.196 0.008 0.029 0.008 0.013 0.609 
  4 TMA-ZAIN-G-    (0)    1 :  0.010 0.051 0.118 0.021 0.017 0.012 0.724 0.048 
  5 TMA-ZAIN-G-    (0)    1 :  0.006 0.002 0.003 0.974 0.002 0.004 0.006 0.003 
  6 TMA-ZAIN-G-    (0)    1 :  0.048 0.189 0.106 0.090 0.028 0.152 0.067 0.320 
  7 TMA-ZAIN-G-    (0)    1 :  0.007 0.009 0.371 0.013 0.041 0.017 0.026 0.516 
  8 TMA-ZAIN-G-    (0)    1 :  0.003 0.021 0.026 0.006 0.007 0.005 0.018 0.915 
  9 TMA-ZAIN-G-    (9)    1 :  0.004 0.032 0.187 0.007 0.008 0.008 0.006 0.748 
 10 TMA-ZAIN-G-    (0)    1 :  0.004 0.036 0.300 0.003 0.013 0.009 0.010 0.625 
 11 TMA-ZAIN-G-    (0)    1 :  0.006 0.007 0.303 0.006 0.009 0.008 0.008 0.653 
 12 TMA-ZAIN-G-    (0)    1 :  0.003 0.006 0.934 0.005 0.014 0.005 0.004 0.028 
 13 TMA-ZAIN-G-    (9)    1 :  0.095 0.022 0.222 0.049 0.089 0.030 0.022 0.472 
 14 TMA-ZAIN-G-    (9)    1 :  0.009 0.006 0.012 0.003 0.933 0.009 0.007 0.022 
 15 TMA-ZAIN-G-    (0)    1 :  0.002 0.008 0.005 0.003 0.947 0.005 0.005 0.025 
 16 TMA-ZAIN-G-    (0)    1 :  0.004 0.005 0.932 0.004 0.007 0.005 0.004 0.038 
 17 TMA-ZAIN-G-    (9)    1 :  0.012 0.007 0.016 0.008 0.052 0.031 0.029 0.846 
 18 TMA-ZAIN-G-    (0)    1 :  0.006 0.009 0.009 0.753 0.017 0.146 0.049 0.012 
 19 TMA-ZAIN-G-    (0)    1 :  0.010 0.005 0.014 0.012 0.012 0.910 0.006 0.031 
 20 TMA-ZAIN-G-    (0)    1 :  0.087 0.004 0.004 0.041 0.003 0.839 0.019 0.003 
 21 TMA-ZAIN-G-    (0)    1 :  0.971 0.006 0.004 0.003 0.002 0.005 0.006 0.005 
 22 TMA-ZAIN-G-    (0)    1 :  0.916 0.002 0.003 0.056 0.003 0.011 0.006 0.003 
 23 TMA-ZAIN-G-    (0)    1 :  0.915 0.003 0.007 0.019 0.008 0.035 0.005 0.008 
 24 TMA-ZAIN-G-    (9)    1 :  0.691 0.204 0.037 0.007 0.035 0.004 0.006 0.017 
 25 TMA-ZAIN-G-    (9)    1 :  0.011 0.005 0.042 0.121 0.007 0.790 0.004 0.021 
 26 TMA-ZAIN-G-    (9)    1 :  0.044 0.009 0.119 0.013 0.017 0.017 0.426 0.356 
 27 TMA-ZAIN-G-    (0)    1 :  0.012 0.009 0.007 0.057 0.062 0.823 0.020 0.011 
 28 TMA-ZAIN-G-    (0)    1 :  0.004 0.008 0.007 0.011 0.011 0.941 0.007 0.010 
 29 TMA-ZAIN-G-    (0)    1 :  0.004 0.723 0.004 0.004 0.007 0.241 0.012 0.005 
 30 TMA-ZAIN-G-    (0)    1 :  0.005 0.068 0.110 0.004 0.091 0.381 0.008 0.333 
 31 TMA-ZAIN-G-    (0)    1 :  0.012 0.006 0.007 0.911 0.006 0.011 0.044 0.004 
 32 TMA-ZAIN-G-    (9)    1 :  0.012 0.004 0.050 0.837 0.040 0.020 0.005 0.031 
 33 TMA-ZAIN-G-   (18)    1 :  0.003 0.017 0.128 0.005 0.008 0.005 0.004 0.831 
 34 TMA-ZAIN-G-    (0)    1 :  0.017 0.014 0.588 0.301 0.008 0.012 0.007 0.052 
 35 TMA-ZAIN-G-    (9)    1 :  0.004 0.121 0.352 0.032 0.101 0.017 0.020 0.354 
 36 TMA-ZAIN-G-    (0)    1 :  0.003 0.009 0.188 0.004 0.106 0.005 0.011 0.673 
 37 TMA-ZAIN-G-    (9)    1 :  0.008 0.018 0.263 0.008 0.007 0.013 0.017 0.667 
 38 TMA-ZAIN-G-   (18)    1 :  0.011 0.008 0.021 0.819 0.077 0.021 0.007 0.035 
 39 TMA-ZAIN-G-    (0)    1 :  0.006 0.011 0.837 0.003 0.004 0.005 0.008 0.127 
 40 TMA-ZAIN-G-    (0)    1 :  0.004 0.006 0.317 0.003 0.006 0.004 0.005 0.655 
 41 TMA-ZAIN-G-    (0)    1 :  0.003 0.008 0.118 0.002 0.054 0.004 0.005 0.806 
 42 TMA-ZAIN-G-    (9)    1 :  0.002 0.006 0.022 0.003 0.195 0.004 0.007 0.760 
 43 TMA-ZAIN-G-    (0)    1 :  0.003 0.007 0.004 0.003 0.970 0.003 0.004 0.006 
 44 TMA-ZAIN-G-    (0)    1 :  0.830 0.015 0.098 0.005 0.005 0.011 0.005 0.030 
 45 TMA-ZAIN-G-    (0)    1 :  0.006 0.005 0.517 0.005 0.019 0.008 0.009 0.429 
 46 TMA-ZAIN-G-    (0)    1 :  0.972 0.003 0.003 0.003 0.004 0.005 0.006 0.003 
 47 TMA-ZAIN-G-    (0)    1 :  0.003 0.004 0.005 0.004 0.004 0.004 0.972 0.005 
 48 TMA-ZAIN-G-    (0)    1 :  0.026 0.018 0.044 0.006 0.032 0.020 0.565 0.289 
 49 TMA-ZAIN-G-    (9)    1 :  0.006 0.047 0.022 0.022 0.005 0.881 0.011 0.006 
 50 TMA-ZAIN-G-    (0)    1 :  0.007 0.003 0.013 0.007 0.008 0.935 0.003 0.023 
 51 TMA-ZAIN-G-    (0)    1 :  0.008 0.006 0.008 0.007 0.091 0.839 0.023 0.017 
 52 TMA-ZAIN-G-    (0)    1 :  0.013 0.003 0.014 0.006 0.022 0.812 0.120 0.009 
 53 TMA-ZAIN-G-    (0)    1 :  0.011 0.006 0.011 0.148 0.039 0.596 0.177 0.013 
 54 TMA-ZAIN-G-    (0)    1 :  0.005 0.004 0.006 0.005 0.013 0.010 0.948 0.010 
 55 TMA-ZAIN-G-    (0)    1 :  0.009 0.003 0.008 0.005 0.033 0.032 0.884 0.027 
 56 TMA-ZAIN-G-    (0)    1 :  0.009 0.040 0.041 0.010 0.023 0.107 0.599 0.170 
 57 TMA-ZAIN-G-    (0)    1 :  0.004 0.008 0.012 0.007 0.005 0.014 0.943 0.006 
 58 TMA-ZAIN-G-    (0)    1 :  0.079 0.005 0.006 0.031 0.009 0.831 0.024 0.015 
 59 TMA-ZAIN-G-    (0)    1 :  0.032 0.037 0.090 0.651 0.013 0.041 0.048 0.087 
 60 TMA-ZAIN-G-    (0)    1 :  0.009 0.008 0.013 0.446 0.150 0.324 0.029 0.020 
 61 TMA-ZAIN-G-    (0)    1 :  0.021 0.003 0.004 0.939 0.003 0.008 0.018 0.003 
 62 TMA-ZAIN-G-    (9)    1 :  0.025 0.012 0.041 0.817 0.007 0.048 0.011 0.038 
 63 TMA-ZAIN-G-    (0)    1 :  0.007 0.003 0.005 0.952 0.007 0.009 0.013 0.005 
 64 TMA-ZAIN-G-    (0)    1 :  0.002 0.972 0.007 0.002 0.005 0.003 0.003 0.006 
 65 TMA-ZAIN-G-    (9)    1 :  0.002 0.958 0.012 0.004 0.005 0.003 0.007 0.008 
 66 TMA-ZAIN-G-    (0)    1 :  0.003 0.955 0.016 0.003 0.005 0.003 0.004 0.011 
 67 TMA-ZAIN-G-    (0)    1 :  0.013 0.892 0.057 0.004 0.003 0.011 0.005 0.015 
 68 TMA-ZAIN-G-    (0)    1 :  0.002 0.971 0.005 0.002 0.006 0.003 0.005 0.006 
 69 TMA-ZAIN-G-    (0)    1 :  0.030 0.806 0.076 0.028 0.019 0.019 0.014 0.009 
 70 TMA-ZAIN-G-    (0)    1 :  0.005 0.060 0.899 0.004 0.007 0.007 0.004 0.014 
 71 TMA-ZAIN-G-    (0)    1 :  0.003 0.005 0.969 0.003 0.004 0.004 0.003 0.009 
 72 TMA-ZAIN-G-    (0)    1 :  0.005 0.048 0.802 0.005 0.018 0.008 0.011 0.103 
 73 TMA-ZAIN-G-    (0)    1 :  0.040 0.006 0.866 0.024 0.004 0.035 0.014 0.010 
 74 TMA-ZAIN-G-    (0)    1 :  0.012 0.008 0.939 0.007 0.005 0.015 0.005 0.009 
 75 TMA-ZAIN-G-    (0)    1 :  0.004 0.006 0.949 0.005 0.007 0.008 0.010 0.011 
 76 TMA-ZAIN-G-    (0)    1 :  0.048 0.007 0.905 0.007 0.004 0.019 0.003 0.007 
 77 TMA-ZAIN-G-    (0)    1 :  0.010 0.009 0.850 0.003 0.013 0.009 0.009 0.097 
 78 TMA-ZAIN-G-    (0)    1 :  0.045 0.008 0.855 0.009 0.008 0.035 0.014 0.026 
 79 TMA-ZAIN-G-    (0)    1 :  0.033 0.006 0.757 0.004 0.010 0.016 0.017 0.157 
 80 TMA-ZAIN-G-    (0)    1 :  0.006 0.025 0.893 0.003 0.004 0.005 0.011 0.054 
 81 TMA-ZAIN-G-    (0)    1 :  0.010 0.006 0.909 0.004 0.009 0.010 0.011 0.042 
 82 TMA-ZAIN-G-    (0)    1 :  0.003 0.097 0.861 0.005 0.007 0.005 0.012 0.010 
 83 TMA-ZAIN-G-    (9)    1 :  0.031 0.115 0.673 0.076 0.006 0.025 0.025 0.048 
 84 TMA-ZAIN-G-    (0)    1 :  0.037 0.006 0.907 0.005 0.005 0.012 0.006 0.022 
 85 TMA-ZAIN-G-    (0)    1 :  0.028 0.005 0.010 0.020 0.006 0.132 0.788 0.010 
 86 TMA-ZAIN-G-    (0)    1 :  0.038 0.010 0.021 0.009 0.006 0.026 0.869 0.022 
 87 TMA-ZAIN-G-    (0)    1 :  0.196 0.005 0.012 0.039 0.005 0.063 0.668 0.011 
 88 TMA-ZAIN-G-    (0)    1 :  0.015 0.040 0.106 0.172 0.022 0.010 0.587 0.048 
 89 TMA-ZAIN-G-    (0)    1 :  0.019 0.019 0.038 0.019 0.025 0.006 0.857 0.017 
 90 TMA-ZAIN-G-    (0)    1 :  0.008 0.007 0.009 0.007 0.006 0.014 0.942 0.007 
 91 TMA-ZAIN-G-    (0)    1 :  0.007 0.009 0.008 0.024 0.010 0.011 0.921 0.009 
 92 TMA-ZAIN-G-    (0)    1 :  0.020 0.004 0.007 0.007 0.011 0.021 0.923 0.008 
 93 TMA-ZAIN-G-    (0)    1 :  0.008 0.005 0.005 0.018 0.012 0.021 0.926 0.005 
 94 TMA-ZAIN-G-    (0)    1 :  0.011 0.003 0.004 0.039 0.006 0.019 0.913 0.004 
 95 TMA-ZAIN-G-    (0)    1 :  0.008 0.020 0.014 0.009 0.029 0.894 0.004 0.021 
 96 TMA-ZAIN-G-    (0)    1 :  0.005 0.005 0.010 0.005 0.035 0.898 0.007 0.036 
 97 TMA-ZAIN-G-    (0)    1 :  0.007 0.006 0.007 0.946 0.007 0.012 0.010 0.005 
 98 TMA-ZAIN-G-    (0)    1 :  0.004 0.004 0.006 0.963 0.005 0.004 0.009 0.004 
 99 TMA-ZAIN-G-    (0)    1 :  0.015 0.025 0.051 0.803 0.008 0.007 0.005 0.087 
100 TMA-ZAIN-G-    (0)    1 :  0.016 0.005 0.005 0.920 0.007 0.017 0.027 0.004 
101 TMA-ZAIN-G-    (0)    1 :  0.005 0.005 0.011 0.949 0.005 0.009 0.009 0.007 
102 TMA-ZAIN-G-    (0)    1 :  0.176 0.012 0.048 0.619 0.035 0.058 0.015 0.036 
103 TMA-ZAIN-G-    (0)    1 :  0.014 0.006 0.014 0.903 0.008 0.037 0.008 0.010 
104 TMA-ZAIN-G-    (0)    1 :  0.006 0.002 0.004 0.970 0.004 0.006 0.004 0.004 
105 TMA-ZAIN-G-    (0)    1 :  0.009 0.006 0.018 0.914 0.008 0.021 0.011 0.014 
106 TMA-ZAIN-G-    (0)    1 :  0.003 0.045 0.173 0.004 0.097 0.004 0.005 0.669 
107 TMA-ZAIN-G-    (0)    1 :  0.003 0.008 0.948 0.004 0.009 0.004 0.005 0.019 
108 TMA-ZAIN-G-    (9)    1 :  0.050 0.013 0.121 0.398 0.084 0.043 0.029 0.261 
109 TMA-ZAIN-G-    (0)    1 :  0.005 0.197 0.038 0.347 0.017 0.039 0.043 0.314 
110 TMA-ZAIN-G-    (0)    1 :  0.151 0.010 0.195 0.080 0.023 0.119 0.026 0.397 
111 TMA-ZAIN-G-    (9)    1 :  0.087 0.019 0.144 0.621 0.005 0.065 0.035 0.024 
112 TMA-ZAIN-G-    (0)    1 :  0.047 0.023 0.125 0.303 0.048 0.128 0.023 0.302 
113 TMA-ZAIN-G-    (0)    1 :  0.009 0.010 0.018 0.930 0.005 0.005 0.015 0.007 
114 TMA-ZAIN-G-    (0)    1 :  0.012 0.003 0.003 0.968 0.002 0.005 0.004 0.003 
115 TMA-ZAIN-G-    (0)    1 :  0.005 0.003 0.004 0.973 0.004 0.005 0.004 0.003 
116 TMA-ZAIN-G-    (0)    1 :  0.003 0.018 0.938 0.007 0.005 0.004 0.013 0.012 
117 TMA-ZAIN-G-    (0)    1 :  0.004 0.232 0.230 0.011 0.078 0.017 0.056 0.372 
118 TMA-ZAIN-G-    (0)    1 :  0.003 0.050 0.875 0.006 0.021 0.007 0.009 0.028 
119 TMA-ZAIN-G-    (0)    1 :  0.007 0.034 0.911 0.014 0.005 0.010 0.009 0.010 
120 TMA-ZAIN-G-    (0)    1 :  0.004 0.036 0.821 0.009 0.070 0.014 0.015 0.031 
121 TMA-ZAIN-G-    (0)    1 :  0.003 0.279 0.481 0.024 0.023 0.013 0.035 0.141 
122 TMA-ZAIN-G-    (0)    1 :  0.009 0.036 0.337 0.005 0.010 0.014 0.031 0.559 
123 TMA-ZAIN-G-    (0)    1 :  0.008 0.004 0.005 0.948 0.010 0.015 0.006 0.005 
124 TMA-ZAIN-G-    (0)    1 :  0.003 0.004 0.007 0.005 0.013 0.005 0.004 0.959 
125 TMA-ZAIN-G-    (0)    1 :  0.002 0.049 0.008 0.003 0.044 0.005 0.080 0.808 
126 TMA-ZAIN-G-    (0)    1 :  0.003 0.005 0.009 0.004 0.039 0.005 0.010 0.926 
127 TMA-ZAIN-G-    (0)    1 :  0.003 0.006 0.006 0.003 0.011 0.004 0.004 0.963 
128 TMA-ZAIN-G-    (0)    1 :  0.003 0.029 0.009 0.004 0.010 0.005 0.007 0.933 
129 TMA-ZAIN-G-    (0)    1 :  0.003 0.007 0.006 0.006 0.017 0.005 0.007 0.950 
130 TMA-ZAIN-G-    (0)    1 :  0.003 0.012 0.017 0.006 0.088 0.006 0.044 0.825 
131 TMA-ZAIN-G-    (0)    1 :  0.003 0.004 0.006 0.005 0.017 0.007 0.005 0.953 
132 TMA-ZAIN-G-    (0)    1 :  0.003 0.044 0.019 0.004 0.017 0.005 0.026 0.882 
133 TMA-ZAIN-G-    (0)    1 :  0.009 0.052 0.028 0.003 0.060 0.013 0.025 0.810 
134 TMA-ZAIN-G-    (0)    1 :  0.006 0.040 0.035 0.003 0.140 0.005 0.029 0.741 
135 TMA-ZAIN-G-    (0)    1 :  0.005 0.025 0.236 0.004 0.012 0.004 0.009 0.706 
136 TMA-ZAIN-G-    (0)    1 :  0.005 0.662 0.105 0.008 0.007 0.005 0.013 0.195 
137 TMA-ZAIN-G-    (0)    1 :  0.004 0.008 0.639 0.006 0.006 0.004 0.006 0.327 
138 TMA-ZAIN-G-    (0)    1 :  0.003 0.009 0.042 0.004 0.010 0.003 0.008 0.922 
139 TMA-ZAIN-G-    (0)    1 :  0.004 0.012 0.101 0.005 0.011 0.004 0.027 0.836 
140 TMA-ZAIN-G-    (0)    1 :  0.004 0.009 0.544 0.003 0.006 0.005 0.004 0.424 
141 TMA-ZAIN-G-    (0)    1 :  0.004 0.008 0.668 0.005 0.020 0.005 0.007 0.281 
142 TMA-ZAIN-G-    (9)    1 :  0.003 0.013 0.779 0.004 0.008 0.005 0.005 0.183 
143 TMA-ZAIN-G-    (0)    1 :  0.003 0.016 0.255 0.004 0.009 0.005 0.005 0.703 
144 TMA-ZAIN-G-    (0)    1 :  0.005 0.007 0.481 0.004 0.016 0.014 0.024 0.448 
145 TMA-ZAIN-G-    (0)    1 :  0.002 0.265 0.622 0.003 0.007 0.005 0.011 0.085 
146 TMA-ZAIN-G-    (0)    1 :  0.003 0.005 0.944 0.003 0.006 0.003 0.004 0.032 
147 TMA-ZAIN-G-    (9)    1 :  0.003 0.013 0.741 0.003 0.006 0.004 0.005 0.225 
148 TMA-ZAIN-G-    (0)    1 :  0.003 0.006 0.393 0.003 0.072 0.004 0.021 0.497 
149 TMA-ZAIN-G-    (0)    1 :  0.017 0.008 0.257 0.024 0.022 0.011 0.057 0.604 
150 TMA-ZAIN-G-    (0)    1 :  0.013 0.104 0.521 0.029 0.019 0.012 0.097 0.204 
151 TMA-ZAIN-G-    (0)    1 :  0.002 0.014 0.900 0.004 0.021 0.004 0.005 0.050 
152 TMA-ZAIN-G-    (0)    1 :  0.002 0.008 0.956 0.004 0.009 0.004 0.006 0.011 
153 TMA-ZAIN-G-    (0)    1 :  0.003 0.026 0.630 0.005 0.038 0.004 0.017 0.278 
154 TMA-ZAIN-G-    (0)    1 :  0.002 0.006 0.954 0.004 0.006 0.004 0.006 0.017 
155 TMA-ZAIN-G-    (0)    1 :  0.003 0.012 0.920 0.005 0.009 0.004 0.004 0.044 
156 TMA-ZAIN-G-    (9)    1 :  0.003 0.007 0.627 0.015 0.081 0.004 0.015 0.249 
157 TMA-ZAIN-G-    (0)    1 :  0.003 0.013 0.555 0.008 0.151 0.005 0.008 0.257 
158 TMA-ZAIN-G-    (0)    1 :  0.003 0.005 0.955 0.003 0.004 0.005 0.005 0.020 
159 TMA-ZAIN-G-    (0)    1 :  0.002 0.007 0.964 0.004 0.004 0.003 0.004 0.011 
160 TMA-ZAIN-G-    (0)    1 :  0.002 0.012 0.964 0.005 0.003 0.003 0.005 0.005 
161 TMA-ZAIN-G-    (0)    1 :  0.003 0.008 0.607 0.003 0.028 0.006 0.019 0.327 
162 TMA-ZAIN-G-    (0)    1 :  0.018 0.006 0.884 0.035 0.004 0.011 0.018 0.023 
163 TMA-ZAIN-G-    (0)    1 :  0.002 0.005 0.967 0.004 0.003 0.003 0.003 0.012 
164 TMA-ZAIN-G-    (0)    1 :  0.003 0.009 0.942 0.005 0.005 0.004 0.009 0.022 
165 TMA-ZAIN-G-    (0)    1 :  0.003 0.007 0.954 0.005 0.004 0.004 0.004 0.021 
166 TMA-ZAIN-G-    (0)    1 :  0.002 0.008 0.841 0.003 0.005 0.004 0.007 0.131 
167 TMA-ZAIN-G-    (0)    1 :  0.006 0.005 0.813 0.006 0.009 0.007 0.006 0.148 
168 TMA-ZAIN-G-    (0)    1 :  0.003 0.019 0.922 0.006 0.027 0.005 0.006 0.013 
169 TMA-ZAIN-G-    (0)    1 :  0.003 0.160 0.803 0.004 0.005 0.004 0.005 0.016 
170 TMA-ZAIN-G-    (0)    1 :  0.009 0.022 0.714 0.015 0.080 0.022 0.005 0.133 
171 TMA-ZAIN-G-    (0)    1 :  0.003 0.024 0.951 0.003 0.004 0.003 0.005 0.007 
172 TMA-ZAIN-G-    (0)    1 :  0.004 0.005 0.056 0.004 0.022 0.005 0.004 0.900 
173 TMA-ZAIN-G-    (0)    1 :  0.004 0.006 0.035 0.004 0.023 0.007 0.005 0.917 
174 TMA-ZAIN-G-    (0)    1 :  0.002 0.048 0.111 0.003 0.005 0.004 0.008 0.818 
175 TMA-ZAIN-G-    (0)    1 :  0.003 0.009 0.957 0.004 0.005 0.004 0.005 0.013 
176 TMA-ZAIN-G-    (0)    1 :  0.003 0.006 0.961 0.003 0.006 0.004 0.004 0.013 
177 TMA-ZAIN-G-    (0)    1 :  0.003 0.005 0.915 0.004 0.021 0.004 0.003 0.045 
178 TMA-ZAIN-G-    (0)    1 :  0.004 0.005 0.316 0.005 0.069 0.006 0.004 0.591 
179 TMA-ZAIN-G-    (0)    1 :  0.003 0.008 0.765 0.003 0.030 0.005 0.005 0.181 
180 TMA-ZAIN-G-    (0)    1 :  0.006 0.046 0.012 0.004 0.016 0.006 0.011 0.900 
181 TMA-ZAIN-G-    (0)    1 :  0.003 0.008 0.039 0.005 0.230 0.004 0.005 0.705 
182 TMA-ZAIN-G-    (0)    1 :  0.003 0.003 0.022 0.008 0.221 0.005 0.007 0.731 
183 TMA-ZAIN-G-    (0)    1 :  0.003 0.007 0.029 0.005 0.416 0.004 0.004 0.532 
184 TMA-ZAIN-G-    (0)    1 :  0.016 0.008 0.026 0.029 0.034 0.012 0.022 0.852 
185 TMA-ZAIN-G-    (0)    1 :  0.021 0.006 0.010 0.014 0.005 0.020 0.024 0.899 
186 TMA-ZAIN-G-    (9)    1 :  0.005 0.005 0.011 0.003 0.006 0.009 0.005 0.955 
187 TMA-ZAIN-G-    (0)    1 :  0.004 0.007 0.026 0.004 0.022 0.006 0.003 0.929 
188 TMA-ZAIN-G-    (0)    1 :  0.003 0.009 0.017 0.003 0.011 0.004 0.004 0.950 
189 TMA-ZAIN-G-    (0)    1 :  0.003 0.014 0.006 0.002 0.013 0.003 0.003 0.956 
190 TMA-ZAIN-G-    (0)    1 :  0.003 0.030 0.042 0.003 0.130 0.008 0.005 0.778 
191 TMA-ZAIN-G-    (0)    1 :  0.018 0.005 0.010 0.013 0.007 0.010 0.011 0.927 
192 TMA-ZAIN-G-    (0)    1 :  0.006 0.005 0.008 0.003 0.038 0.004 0.004 0.931 
193 TMA-ZAIN-G-    (0)    1 :  0.002 0.004 0.003 0.003 0.977 0.003 0.004 0.004 
194 TMA-ZAIN-G-    (0)    1 :  0.006 0.008 0.005 0.002 0.943 0.010 0.009 0.017 
195 TMA-ZAIN-G-    (0)    1 :  0.003 0.036 0.036 0.003 0.848 0.012 0.005 0.057 
196 TMA-ZAIN-G-    (0)    1 :  0.003 0.009 0.005 0.003 0.963 0.004 0.005 0.008 
197 TMA-ZAIN-G-    (0)    1 :  0.003 0.010 0.007 0.003 0.958 0.004 0.006 0.009 
198 TMA-ZAIN-G-    (0)    1 :  0.003 0.007 0.009 0.003 0.958 0.003 0.005 0.013 
199 TMA-ZAIN-G-    (0)    1 :  0.004 0.005 0.010 0.003 0.009 0.008 0.006 0.955 
200 TMA-ZAIN-G-    (0)    1 :  0.897 0.003 0.003 0.015 0.043 0.030 0.004 0.004 
201 TMA-ZAIN-G-    (0)    1 :  0.960 0.005 0.004 0.006 0.003 0.015 0.004 0.004 
202 TMA-ZAIN-G-    (0)    1 :  0.917 0.003 0.005 0.014 0.036 0.013 0.002 0.009 
203 TMA-ZAIN-G-    (0)    1 :  0.003 0.004 0.017 0.017 0.915 0.004 0.006 0.034 
204 TMA-ZAIN-G-    (9)    1 :  0.905 0.012 0.009 0.005 0.007 0.014 0.040 0.008 
205 TMA-ZAIN-G-    (0)    1 :  0.803 0.007 0.119 0.007 0.008 0.029 0.014 0.013 
206 TMA-ZAIN-G-    (9)    1 :  0.822 0.011 0.014 0.014 0.070 0.027 0.023 0.019 
207 TMA-ZAIN-G-    (9)    1 :  0.013 0.110 0.554 0.015 0.013 0.078 0.119 0.097 
208 TMA-ZAIN-G-    (0)    1 :  0.003 0.058 0.662 0.003 0.005 0.005 0.004 0.260 
209 TMA-ZAIN-G-    (0)    1 :  0.003 0.019 0.162 0.003 0.210 0.004 0.046 0.554 
210 TMA-ZAIN-G-    (0)    1 :  0.003 0.112 0.167 0.004 0.371 0.006 0.018 0.318 
211 TMA-ZAIN-G-    (0)    1 :  0.025 0.037 0.117 0.013 0.098 0.030 0.015 0.665 
212 TMA-ZAIN-G-    (0)    1 :  0.004 0.014 0.130 0.003 0.021 0.007 0.009 0.812 
213 TMA-ZAIN-G-    (0)    1 :  0.004 0.006 0.077 0.003 0.018 0.004 0.005 0.882 
214 TMA-ZAIN-G-    (0)    1 :  0.003 0.026 0.060 0.003 0.014 0.004 0.006 0.884 
215 TMA-ZAIN-G-    (0)    1 :  0.012 0.005 0.132 0.004 0.006 0.224 0.003 0.614 
216 TMA-ZAIN-G-    (0)    1 :  0.004 0.005 0.014 0.003 0.009 0.006 0.008 0.951 
217 TMA-ZAIN-G-    (0)    1 :  0.003 0.089 0.109 0.003 0.052 0.004 0.007 0.732 
218 TMA-ZAIN-G-    (0)    1 :  0.004 0.009 0.007 0.005 0.004 0.960 0.005 0.006 
219 TMA-ZAIN-G-    (0)    1 :  0.011 0.003 0.004 0.005 0.004 0.958 0.010 0.005 
220 TMA-ZAIN-G-    (0)    1 :  0.004 0.014 0.024 0.069 0.007 0.863 0.010 0.008 
221 TMA-ZAIN-G-    (0)    1 :  0.024 0.007 0.011 0.005 0.008 0.917 0.008 0.020 
222 TMA-ZAIN-G-    (0)    1 :  0.011 0.016 0.017 0.036 0.006 0.886 0.020 0.009 
223 TMA-ZAIN-G-    (0)    1 :  0.009 0.004 0.003 0.007 0.003 0.965 0.006 0.004 
224 TMA-ZAIN-G-    (0)    1 :  0.017 0.005 0.005 0.014 0.009 0.916 0.017 0.018 
225 TMA-ZAIN-G-    (0)    1 :  0.010 0.002 0.004 0.010 0.012 0.954 0.004 0.005 
226 TMA-ZAIN-G-    (0)    1 :  0.008 0.005 0.007 0.015 0.020 0.933 0.005 0.006 
227 TMA-ZAIN-G-    (0)    1 :  0.025 0.004 0.008 0.011 0.021 0.918 0.005 0.008 
228 TMA-ZAIN-G-    (0)    1 :  0.011 0.008 0.016 0.015 0.007 0.926 0.007 0.010 
229 TMA-ZAIN-G-    (0)    1 :  0.052 0.008 0.004 0.024 0.003 0.900 0.006 0.003 
230 TMA-ZAIN-G-    (0)    1 :  0.007 0.019 0.028 0.048 0.029 0.750 0.060 0.060 
231 TMA-ZAIN-G-    (0)    1 :  0.562 0.015 0.087 0.143 0.013 0.138 0.028 0.014 
232 TMA-ZAIN-G-    (9)    1 :  0.514 0.056 0.017 0.274 0.015 0.071 0.014 0.039 
233 TMA-ZAIN-G-    (0)    1 :  0.026 0.040 0.014 0.005 0.008 0.877 0.017 0.012 
234 TMA-ZAIN-G-    (0)    1 :  0.052 0.007 0.010 0.305 0.011 0.590 0.022 0.004 
235 TMA-ZAIN-G-    (0)    1 :  0.018 0.005 0.034 0.119 0.027 0.764 0.010 0.025 
236 TMA-ZAIN-G-    (0)    1 :  0.070 0.007 0.013 0.074 0.030 0.786 0.007 0.014 
237 TMA-ZAIN-G-    (0)    1 :  0.015 0.032 0.170 0.251 0.018 0.423 0.026 0.064 
238 TMA-ZAIN-G-    (0)    1 :  0.032 0.005 0.024 0.057 0.007 0.843 0.005 0.027 
239 TMA-ZAIN-G-    (0)    1 :  0.762 0.017 0.003 0.005 0.146 0.005 0.032 0.030 
240 TMA-ZAIN-G-    (0)    1 :  0.972 0.003 0.004 0.004 0.004 0.005 0.006 0.003 
241 TMA-ZAIN-G-    (0)    1 :  0.964 0.004 0.010 0.004 0.004 0.004 0.005 0.005 
242 TMA-ZAIN-G-    (0)    1 :  0.969 0.005 0.007 0.003 0.003 0.004 0.004 0.005 
243 TMA-ZAIN-G-    (0)    1 :  0.956 0.008 0.012 0.003 0.004 0.004 0.005 0.007 
244 TMA-ZAIN-G-    (0)    1 :  0.950 0.010 0.016 0.004 0.003 0.004 0.004 0.009 
245 TMA-ZAIN-G-    (9)    1 :  0.978 0.002 0.003 0.004 0.003 0.004 0.003 0.003 
246 TMA-ZAIN-G-    (0)    1 :  0.977 0.003 0.003 0.003 0.003 0.004 0.004 0.003 
247 TMA-ZAIN-G-    (0)    1 :  0.973 0.006 0.004 0.002 0.002 0.004 0.005 0.004 
248 TMA-ZAIN-G-    (0)    1 :  0.959 0.005 0.007 0.004 0.009 0.006 0.004 0.007 
249 TMA-ZAIN-G-    (0)    1 :  0.971 0.003 0.003 0.003 0.007 0.005 0.003 0.005 
250 TMA-ZAIN-G-    (0)    1 :  0.970 0.006 0.003 0.003 0.005 0.005 0.003 0.005 
251 TMA-ZAIN-G-    (0)    1 :  0.003 0.004 0.004 0.005 0.005 0.004 0.970 0.005 
252 TMA-ZAIN-G-    (0)    1 :  0.003 0.042 0.057 0.004 0.005 0.007 0.871 0.011 
253 TMA-ZAIN-G-    (0)    1 :  0.004 0.006 0.006 0.005 0.006 0.003 0.966 0.004 
254 TMA-ZAIN-G-    (9)    1 :  0.003 0.014 0.019 0.007 0.005 0.005 0.938 0.009 
255 TMA-ZAIN-G-    (0)    1 :  0.018 0.007 0.006 0.011 0.005 0.003 0.946 0.005 
256 TMA-ZAIN-G-    (0)    1 :  0.007 0.005 0.007 0.006 0.015 0.004 0.950 0.006 
257 TMA-ZAIN-G-    (0)    1 :  0.004 0.003 0.003 0.004 0.012 0.003 0.968 0.004 
258 TMA-ZAIN-G-    (0)    1 :  0.003 0.004 0.003 0.003 0.005 0.003 0.975 0.003 
259 TMA-ZAIN-G-    (0)    1 :  0.005 0.005 0.003 0.003 0.005 0.004 0.971 0.004 
260 TMA-ZAIN-G-    (0)    1 :  0.004 0.008 0.004 0.003 0.006 0.004 0.968 0.004 
261 TMA-ZAIN-G-   (18)    1 :  0.004 0.011 0.005 0.004 0.008 0.006 0.955 0.007 
262 TMA-ZAIN-G-    (0)    1 :  0.003 0.003 0.003 0.004 0.006 0.003 0.974 0.004 
263 TMA-ZAIN-G-    (0)    1 :  0.003 0.004 0.004 0.006 0.005 0.004 0.971 0.003 
264 TMA-ZAIN-G-    (0)    1 :  0.003 0.005 0.005 0.007 0.006 0.004 0.967 0.004 
265 TMA-ZAIN-G-    (0)    1 :  0.017 0.035 0.023 0.017 0.015 0.201 0.660 0.031 
266 TMA-ZAIN-G-    (0)    1 :  0.010 0.023 0.023 0.015 0.071 0.029 0.733 0.097 
267 TMA-ZAIN-G-    (0)    1 :  0.303 0.015 0.016 0.020 0.008 0.052 0.575 0.012 
268 TMA-ZAIN-G-    (0)    1 :  0.904 0.004 0.004 0.069 0.003 0.006 0.006 0.003 
269 TMA-ZAIN-G-    (0)    1 :  0.642 0.005 0.007 0.296 0.004 0.029 0.009 0.007 
270 TMA-ZAIN-G-    (0)    1 :  0.867 0.005 0.006 0.082 0.004 0.019 0.012 0.006 
271 TMA-ZAIN-G-    (0)    1 :  0.938 0.003 0.006 0.030 0.003 0.008 0.007 0.004 
272 TMA-ZAIN-G-    (0)    1 :  0.907 0.003 0.005 0.026 0.004 0.044 0.006 0.005 
273 TMA-ZAIN-G-    (0)    1 :  0.951 0.002 0.003 0.016 0.003 0.017 0.004 0.003 
274 TMA-ZAIN-G-    (0)    1 :  0.853 0.009 0.013 0.030 0.048 0.015 0.010 0.022 
275 TMA-ZAIN-G-    (0)    1 :  0.971 0.002 0.003 0.007 0.003 0.007 0.003 0.004 
276 TMA-ZAIN-G-    (0)    1 :  0.971 0.003 0.004 0.009 0.002 0.004 0.003 0.003 
277 TMA-ZAIN-G-    (0)    1 :  0.961 0.005 0.004 0.010 0.005 0.005 0.006 0.003 
278 TMA-ZAIN-G-    (0)    1 :  0.971 0.003 0.003 0.006 0.003 0.006 0.005 0.003 
279 TMA-ZAIN-G-    (0)    1 :  0.953 0.003 0.004 0.010 0.005 0.015 0.004 0.005 
280 TMA-ZAIN-G-    (0)    1 :  0.822 0.003 0.005 0.101 0.009 0.049 0.004 0.008 
281 TMA-ZAIN-G-    (0)    1 :  0.928 0.003 0.004 0.036 0.006 0.012 0.005 0.006 
282 TMA-ZAIN-G-    (9)    1 :  0.961 0.003 0.003 0.014 0.003 0.007 0.005 0.003 
283 TMA-ZAIN-G-    (0)    1 :  0.644 0.007 0.016 0.091 0.005 0.076 0.151 0.011 
284 TMA-ZAIN-G-    (0)    1 :  0.447 0.004 0.014 0.179 0.006 0.172 0.161 0.017 
285 TMA-ZAIN-G-    (0)    1 :  0.820 0.029 0.023 0.038 0.011 0.025 0.031 0.023 
286 TMA-ZAIN-G-    (0)    1 :  0.932 0.003 0.004 0.033 0.003 0.012 0.010 0.004 
287 TMA-ZAIN-G-    (0)    1 :  0.922 0.010 0.007 0.024 0.013 0.008 0.006 0.009 
288 TMA-ZAIN-G-    (0)    1 :  0.604 0.012 0.020 0.094 0.068 0.147 0.013 0.040 
289 TMA-ZAIN-G-    (0)    1 :  0.885 0.015 0.012 0.023 0.027 0.012 0.011 0.015 
290 TMA-ZAIN-G-    (0)    1 :  0.443 0.003 0.007 0.435 0.010 0.082 0.009 0.012 
291 TMA-ZAIN-G-    (0)    1 :  0.015 0.003 0.004 0.009 0.005 0.950 0.008 0.005 
292 TMA-ZAIN-G-    (0)    1 :  0.015 0.007 0.686 0.010 0.021 0.017 0.005 0.239 
293 TMA-ZAIN-G-    (0)    1 :  0.009 0.017 0.276 0.004 0.016 0.012 0.016 0.648 
294 TMA-ZAIN-G-    (0)    1 :  0.004 0.012 0.940 0.003 0.005 0.004 0.007 0.025 
295 TMA-ZAIN-G-    (9)    1 :  0.007 0.017 0.894 0.004 0.005 0.010 0.008 0.056 
296 TMA-ZAIN-G-    (0)    1 :  0.007 0.007 0.393 0.010 0.031 0.011 0.012 0.530 
297 TMA-ZAIN-G-    (0)    1 :  0.006 0.029 0.601 0.005 0.130 0.009 0.027 0.193 
298 TMA-ZAIN-G-    (0)    1 :  0.027 0.011 0.784 0.013 0.005 0.019 0.061 0.081 
299 TMA-ZAIN-G-    (0)    1 :  0.006 0.009 0.960 0.004 0.005 0.005 0.003 0.008 
300 TMA-ZAIN-G-    (0)    1 :  0.007 0.077 0.707 0.003 0.011 0.009 0.008 0.177 
301 TMA-ZAIN-G-    (0)    1 :  0.008 0.024 0.587 0.005 0.028 0.007 0.007 0.334 
302 TMA-ZAIN-G-    (9)    1 :  0.003 0.007 0.797 0.004 0.016 0.005 0.006 0.161 
303 TMA-ZAIN-G-    (0)    1 :  0.007 0.002 0.004 0.017 0.122 0.791 0.034 0.024 
304 TMA-ZAIN-G-    (0)    2 :  0.008 0.167 0.034 0.018 0.049 0.009 0.574 0.141 
305 TMA-ZAIN-G-    (0)    2 :  0.005 0.017 0.475 0.004 0.011 0.005 0.010 0.473 
306 TMA-ZAIN-G-    (0)    2 :  0.035 0.026 0.154 0.158 0.022 0.010 0.318 0.278 
307 TMA-ZAIN-G-    (0)    2 :  0.012 0.357 0.036 0.012 0.016 0.006 0.403 0.157 
308 TMA-ZAIN-G-    (0)    2 :  0.022 0.015 0.004 0.032 0.012 0.117 0.794 0.006 
309 TMA-ZAIN-G-    (0)    2 :  0.003 0.007 0.012 0.003 0.029 0.005 0.004 0.937 
310 TMA-ZAIN-G-    (0)    2 :  0.030 0.015 0.600 0.007 0.004 0.015 0.019 0.311 
311 TMA-ZAIN-G-    (0)    2 :  0.009 0.009 0.467 0.043 0.017 0.028 0.057 0.371 
312 TMA-ZAIN-G-    (0)    2 :  0.005 0.008 0.037 0.005 0.022 0.021 0.008 0.894 
313 TMA-ZAIN-G-    (0)    2 :  0.005 0.034 0.099 0.014 0.022 0.007 0.706 0.114 
314 TMA-ZAIN-G-    (0)    2 :  0.221 0.011 0.008 0.346 0.017 0.350 0.019 0.028 
315 TMA-ZAIN-G-    (0)    2 :  0.415 0.068 0.300 0.006 0.008 0.032 0.020 0.151 
316 TMA-ZAIN-G-    (0)    2 :  0.418 0.072 0.261 0.011 0.007 0.075 0.017 0.139 
317 TMA-ZAIN-G-    (0)    2 :  0.017 0.003 0.008 0.036 0.006 0.912 0.011 0.006 
318 TMA-ZAIN-G-    (9)    2 :  0.420 0.010 0.009 0.350 0.010 0.147 0.047 0.007 
319 TMA-ZAIN-G-    (0)    3 :  0.154 0.004 0.004 0.019 0.478 0.324 0.010 0.007 
320 TMA-ZAIN-G-    (0)    3 :  0.010 0.028 0.344 0.006 0.011 0.452 0.006 0.144 
321 TMA-ZAIN-G-    (0)    4 :  0.097 0.021 0.096 0.067 0.006 0.112 0.012 0.589 
322 TMA-ZAIN-G-    (0)    4 :  0.010 0.041 0.184 0.059 0.008 0.433 0.064 0.202 
323 TMA-ZAIN-G-    (0)    5 :  0.014 0.015 0.006 0.007 0.056 0.864 0.011 0.027 
324 TMA-ZAIN-G-    (0)    5 :  0.004 0.026 0.835 0.008 0.047 0.009 0.031 0.039 
325 TMA-ZAIN-G-    (0)    5 :  0.051 0.005 0.011 0.004 0.006 0.901 0.007 0.015 
326 TMA-ZAIN-G-    (0)    5 :  0.004 0.005 0.008 0.002 0.375 0.579 0.015 0.011 
327 TMA-ZAIN-G-    (0)    5 :  0.003 0.026 0.008 0.003 0.920 0.005 0.011 0.025 
328 TMA-ZAIN-G-    (0)    5 :  0.091 0.273 0.020 0.294 0.076 0.176 0.021 0.048 
329 TMA-ZAIN-G-    (0)    5 :  0.007 0.075 0.173 0.004 0.033 0.013 0.028 0.668 
330 TMA-ZAIN-G-    (0)    6 :  0.003 0.052 0.043 0.004 0.022 0.010 0.034 0.832 
331 TMA-ZAIN-G-    (0)    6 :  0.065 0.006 0.035 0.024 0.008 0.041 0.111 0.711 
332 TMA-ZAIN-G-    (0)    6 :  0.002 0.013 0.041 0.002 0.483 0.004 0.005 0.450 
333 TMA-ZAIN-G-    (0)    6 :  0.002 0.003 0.003 0.003 0.975 0.003 0.004 0.006 
334 TMA-ZAIN-G-    (0)    6 :  0.956 0.003 0.004 0.012 0.003 0.011 0.007 0.004 
335 TMA-ZAIN-G-    (0)    6 :  0.971 0.005 0.004 0.004 0.003 0.004 0.004 0.004 
336 TMA-ZAIN-G-    (0)    6 :  0.926 0.006 0.009 0.013 0.005 0.021 0.011 0.008 
337 TMA-ZAIN-G-    (9)    6 :  0.870 0.004 0.007 0.067 0.003 0.035 0.007 0.006 
338 TMA-ZAIN-G-    (0)    6 :  0.936 0.003 0.003 0.035 0.003 0.010 0.006 0.003 
339 TMA-ZAIN-G-    (0)    6 :  0.967 0.002 0.002 0.016 0.002 0.005 0.004 0.002 
340 TMA-ZAIN-G-    (0)    6 :  0.975 0.003 0.003 0.006 0.002 0.005 0.003 0.003 
341 TMA-ZAIN-G-    (0)    6 :  0.966 0.004 0.004 0.009 0.003 0.005 0.003 0.005 
342 TMA-ZAIN-G-    (0)    6 :  0.965 0.004 0.004 0.007 0.003 0.007 0.005 0.004 
343 TMA-ZAIN-G-    (0)    7 :  0.953 0.002 0.003 0.026 0.003 0.007 0.003 0.004 
344 TMA-ZAIN-G-    (0)    7 :  0.957 0.003 0.005 0.008 0.006 0.012 0.005 0.005 
345 TMA-ZAIN-G-    (0)    7 :  0.975 0.003 0.003 0.005 0.003 0.005 0.004 0.003 
346 TMA-ZAIN-G-    (0)    7 :  0.917 0.003 0.005 0.034 0.012 0.014 0.005 0.011 
347 TMA-ZAIN-G-    (9)    7 :  0.972 0.003 0.003 0.007 0.002 0.006 0.004 0.003 
348 TMA-ZAIN-G-    (0)    7 :  0.935 0.004 0.006 0.020 0.005 0.017 0.010 0.005 
349 TMA-ZAIN-G-    (0)    7 :  0.960 0.003 0.004 0.013 0.004 0.008 0.004 0.003 
350 TMA-ZAIN-G-    (0)    7 :  0.896 0.005 0.007 0.029 0.008 0.041 0.005 0.009 
351 TMA-ZAIN-G-    (0)    7 :  0.967 0.004 0.004 0.007 0.004 0.007 0.005 0.003 
352 TMA-ZAIN-G-    (0)    7 :  0.953 0.006 0.008 0.008 0.003 0.008 0.008 0.006 
353 TMA-ZAIN-G-    (0)    7 :  0.887 0.003 0.007 0.047 0.012 0.028 0.005 0.011 
354 TMA-ZAIN-G-    (0)    7 :  0.959 0.002 0.005 0.007 0.005 0.012 0.003 0.007 
355 TMA-ZAIN-G-    (0)    7 :  0.942 0.004 0.009 0.014 0.007 0.009 0.003 0.013 
356 TMA-ZAIN-G-    (0)    8 :  0.002 0.107 0.851 0.003 0.002 0.013 0.016 0.005 
357 TMA-ZAIN-G-    (0)    8 :  0.004 0.079 0.388 0.011 0.362 0.011 0.012 0.134 
358 TMA-ZAIN-G-    (0)    8 :  0.021 0.077 0.066 0.040 0.012 0.026 0.023 0.736 
359 TMA-ZAIN-G-    (0)    8 :  0.022 0.337 0.457 0.011 0.004 0.053 0.102 0.014 
360 TMA-ZAIN-G-    (0)    8 :  0.003 0.018 0.951 0.003 0.003 0.005 0.005 0.013 
361 TMA-ZAIN-G-    (0)    8 :  0.003 0.017 0.047 0.010 0.016 0.008 0.011 0.888 
362 TMA-ZAIN-G-    (0)    8 :  0.012 0.008 0.952 0.004 0.003 0.007 0.005 0.009 
363 TMA-ZAIN-G-    (0)    9 :  0.009 0.014 0.216 0.005 0.065 0.028 0.015 0.648 
364 TMA-ZAIN-G-    (0)    9 :  0.015 0.013 0.021 0.190 0.010 0.714 0.019 0.017 
365 TMA-ZAIN-G-    (0)    9 :  0.157 0.041 0.299 0.013 0.004 0.073 0.005 0.408 
366 TMA-ZAIN-G-    (0)    9 :  0.006 0.140 0.770 0.004 0.004 0.005 0.018 0.052 
367 TMA-ZAIN-G-    (0)    9 :  0.005 0.006 0.034 0.090 0.037 0.018 0.055 0.754 
368 TMA-ZAIN-G-    (0)    9 :  0.005 0.121 0.748 0.005 0.008 0.006 0.017 0.089 
369 TMA-ZAIN-G-    (0)    9 :  0.003 0.024 0.010 0.002 0.018 0.004 0.005 0.934 
370 TMA-ZAIN-G-    (0)    9 :  0.003 0.009 0.015 0.005 0.020 0.004 0.004 0.940 
371 TMA-ZAIN-G-    (0)    9 :  0.003 0.022 0.945 0.004 0.007 0.004 0.005 0.010 
372 TMA-ZAIN-G-    (0)    9 :  0.004 0.028 0.570 0.004 0.005 0.003 0.007 0.378 
373 TMA-ZAIN-G-    (0)    9 :  0.005 0.006 0.006 0.004 0.772 0.010 0.006 0.191 
374 TMA-ZAIN-G-    (0)   10 :  0.008 0.008 0.037 0.324 0.131 0.062 0.199 0.230 
375 TMA-ZAIN-G-    (0)   10 :  0.010 0.009 0.021 0.032 0.052 0.690 0.006 0.180 
376 TMA-ZAIN-G-    (9)   10 :  0.003 0.004 0.957 0.005 0.005 0.004 0.003 0.019 
377 TMA-ZAIN-G-    (0)   10 :  0.002 0.016 0.955 0.002 0.005 0.003 0.004 0.012 
378 TMA-ZAIN-G-    (0)   10 :  0.002 0.012 0.954 0.004 0.007 0.003 0.003 0.016 
379 TMA-ZAIN-G-    (0)   10 :  0.002 0.012 0.911 0.004 0.027 0.003 0.020 0.021 
380 TMA-ZAIN-G-    (0)   10 :  0.004 0.094 0.606 0.003 0.011 0.006 0.008 0.269 
381 TMA-ZAIN-G-    (9)   10 :  0.011 0.137 0.112 0.009 0.016 0.582 0.077 0.056 
382 TMA-ZAIN-G-    (9)   10 :  0.062 0.003 0.005 0.722 0.009 0.174 0.009 0.015 
383    ZFB01    (0)   11 :  0.008 0.003 0.005 0.968 0.003 0.004 0.004 0.004 
384    ZFB02    (0)   11 :  0.034 0.003 0.003 0.939 0.002 0.005 0.010 0.003 
385    ZFB03    (0)   11 :  0.004 0.003 0.005 0.961 0.008 0.009 0.004 0.005 
386    ZFB04    (0)   11 :  0.033 0.003 0.005 0.942 0.002 0.005 0.007 0.004 
387    ZFB05    (0)   11 :  0.116 0.011 0.003 0.794 0.012 0.045 0.012 0.005 
388    ZFB06    (0)   11 :  0.052 0.011 0.003 0.875 0.012 0.034 0.007 0.007 
389    ZFB07    (9)   11 :  0.011 0.004 0.008 0.946 0.006 0.011 0.005 0.009 
390    ZFB08    (0)   11 :  0.006 0.006 0.007 0.956 0.004 0.009 0.006 0.007 
391    ZFB09    (0)   11 :  0.005 0.003 0.003 0.975 0.003 0.005 0.004 0.003 
392    ZFB10    (0)   11 :  0.010 0.007 0.022 0.937 0.002 0.004 0.006 0.012 
393    ZFB11    (0)   11 :  0.018 0.004 0.011 0.946 0.003 0.005 0.008 0.006 
394    ZFB12    (0)   11 :  0.035 0.004 0.009 0.910 0.008 0.021 0.004 0.008 
395    ZFB13    (0)   11 :  0.006 0.006 0.010 0.949 0.004 0.011 0.005 0.007 
396    ZFB14    (0)   11 :  0.004 0.003 0.005 0.970 0.003 0.004 0.005 0.005 
397    ZFB15    (0)   11 :  0.015 0.002 0.003 0.967 0.002 0.005 0.003 0.003 
398    ZFB16    (0)   11 :  0.017 0.004 0.006 0.952 0.003 0.007 0.004 0.006 
399    ZFB17    (0)   11 :  0.030 0.014 0.011 0.878 0.004 0.023 0.026 0.014 
400    ZFB18    (0)   11 :  0.004 0.003 0.004 0.976 0.003 0.004 0.004 0.003 
401    ZFB19    (0)   11 :  0.007 0.009 0.029 0.897 0.006 0.021 0.005 0.027 
402    ZFB20    (0)   11 :  0.044 0.004 0.006 0.927 0.003 0.006 0.004 0.006 
403    ZFB21    (0)   11 :  0.013 0.002 0.003 0.966 0.004 0.006 0.003 0.003 
404    ZFB22    (0)   11 :  0.080 0.013 0.011 0.858 0.004 0.012 0.008 0.014 
405    ZFB23    (0)   11 :  0.026 0.003 0.010 0.936 0.005 0.005 0.007 0.007 
406    ZFB24    (0)   11 :  0.037 0.003 0.009 0.931 0.003 0.005 0.007 0.005 
407    ZFB25    (0)   11 :  0.006 0.005 0.024 0.940 0.004 0.004 0.004 0.013 
408    ZFB26    (0)   11 :  0.065 0.005 0.028 0.867 0.004 0.006 0.012 0.013 
409    ZFB27    (0)   11 :  0.082 0.003 0.009 0.886 0.003 0.004 0.005 0.007 
410    ZFB28    (0)   11 :  0.108 0.003 0.009 0.817 0.006 0.034 0.014 0.010 
411    ZFB29    (0)   11 :  0.020 0.003 0.005 0.953 0.002 0.006 0.008 0.003 
412    ZFB30    (0)   11 :  0.149 0.014 0.006 0.763 0.013 0.038 0.005 0.011 
413    ZFB31    (0)   11 :  0.007 0.005 0.015 0.951 0.004 0.005 0.004 0.010 
414    ZFB32    (0)   11 :  0.059 0.005 0.018 0.810 0.010 0.048 0.036 0.015 
415    ZFB33    (0)   11 :  0.012 0.002 0.004 0.967 0.003 0.005 0.004 0.003 
416    ZFB34    (0)   11 :  0.004 0.003 0.004 0.973 0.003 0.005 0.005 0.003 
417    ZFB35    (0)   11 :  0.010 0.004 0.007 0.958 0.005 0.005 0.006 0.006 
418  ZFBP101    (0)   12 :  0.007 0.043 0.144 0.009 0.017 0.010 0.092 0.679 
419  ZFBP102    (0)   12 :  0.009 0.011 0.131 0.012 0.005 0.010 0.019 0.803 
420  ZFBP103    (0)   12 :  0.005 0.012 0.057 0.007 0.018 0.008 0.112 0.781 
421  ZFBP104    (0)   12 :  0.015 0.008 0.143 0.037 0.010 0.033 0.004 0.749 
422  ZFBP105    (0)   12 :  0.005 0.007 0.602 0.006 0.014 0.006 0.005 0.355 
423  ZFBP106    (0)   12 :  0.003 0.013 0.790 0.003 0.020 0.005 0.008 0.158 
424  ZFBP107    (0)   12 :  0.009 0.005 0.221 0.005 0.013 0.008 0.006 0.733 
425  ZFBP108    (0)   12 :  0.003 0.005 0.964 0.003 0.006 0.003 0.003 0.013 
426  ZFBP109    (0)   12 :  0.002 0.006 0.926 0.004 0.005 0.003 0.004 0.050 
427  ZFBP110    (0)   12 :  0.007 0.006 0.363 0.043 0.088 0.034 0.037 0.421 
428  ZFBP111    (0)   12 :  0.003 0.139 0.351 0.003 0.011 0.004 0.005 0.484 
429  ZFBP112    (0)   12 :  0.006 0.116 0.713 0.004 0.019 0.006 0.028 0.108 
430  ZFBP113    (0)   12 :  0.004 0.005 0.954 0.004 0.004 0.005 0.003 0.023 
431  ZFBP114    (0)   12 :  0.005 0.009 0.552 0.004 0.009 0.005 0.006 0.409 
432  ZFBP115    (0)   12 :  0.003 0.012 0.064 0.003 0.022 0.005 0.009 0.882 
433  ZFBP116    (0)   12 :  0.004 0.007 0.908 0.003 0.007 0.006 0.005 0.062 
434  ZFBP117    (0)   12 :  0.002 0.006 0.958 0.003 0.006 0.004 0.005 0.016 
435  ZFBP118    (0)   12 :  0.005 0.020 0.731 0.003 0.010 0.008 0.005 0.218 
