

----------------------------------------------------
STRUCTURE by Pritchard, Stephens and Donnelly (2000)
     and Falush, Stephens and Pritchard (2003)
       Code by Pritchard, Falush and Hubisz
             Version 2.3.4 (Jul 2012)
----------------------------------------------------



Command line arguments:   bin\structure -m C:\Users\eschumacher\Documents\GitHub\GCC_QUAC_ZAIN\Data_Files\Structure_Files\ZAIN\ZAIN_rebinned_allpop_str\50-50\mainparams -e C:\Users\eschumacher\Documents\GitHub\GCC_QUAC_ZAIN\Data_Files\Structure_Files\ZAIN\ZAIN_rebinned_allpop_str\50-50\extraparams 
Input File:    C:\Users\eschumacher\Documents\GitHub\GCC_QUAC_ZAIN\Data_Files\Structure_Files\ZAIN\ZAIN_rebinned_allpop_str\project_data

Run parameters:
   1133 individuals
   11 loci
   13 populations assumed
   50000 Burn-in period
   50000 Reps


--------------------------------------------
Proportion of membership of each pre-defined
 population in each of the 13 clusters

Given    Inferred Clusters                                                                             Number of
 Pop       1      2      3      4      5      6      7      8      9     10     11     12     13      Individuals

  1:     0.070  0.140  0.080  0.037  0.028  0.095  0.098  0.075  0.094  0.106  0.044  0.083  0.049      303
  2:     0.071  0.106  0.065  0.039  0.052  0.069  0.052  0.161  0.136  0.152  0.024  0.059  0.014       15
  3:     0.022  0.057  0.119  0.012  0.015  0.394  0.032  0.005  0.026  0.069  0.019  0.010  0.219        2
  4:     0.098  0.024  0.020  0.023  0.262  0.097  0.080  0.030  0.189  0.106  0.021  0.044  0.006        2
  5:     0.058  0.018  0.047  0.061  0.020  0.351  0.086  0.015  0.053  0.052  0.023  0.032  0.184        7
  6:     0.071  0.626  0.008  0.005  0.010  0.009  0.006  0.006  0.114  0.010  0.039  0.015  0.082       13
  7:     0.007  0.905  0.005  0.004  0.010  0.018  0.006  0.004  0.006  0.006  0.010  0.015  0.006       13
  8:     0.162  0.013  0.043  0.072  0.013  0.019  0.470  0.009  0.055  0.053  0.029  0.010  0.052        7
  9:     0.096  0.017  0.061  0.022  0.041  0.013  0.081  0.008  0.259  0.276  0.023  0.046  0.057       11
 10:     0.093  0.011  0.077  0.021  0.063  0.113  0.381  0.016  0.052  0.066  0.015  0.076  0.015        9
 11:     0.006  0.032  0.009  0.005  0.009  0.013  0.012  0.006  0.007  0.009  0.013  0.874  0.005       35
 12:     0.107  0.004  0.169  0.023  0.008  0.007  0.201  0.015  0.118  0.310  0.017  0.007  0.014       36
 13:     0.028  0.005  0.149  0.032  0.013  0.007  0.127  0.010  0.068  0.525  0.009  0.005  0.021       33
 14:     0.012  0.017  0.008  0.011  0.009  0.006  0.009  0.850  0.007  0.015  0.038  0.008  0.010       40
 15:     0.018  0.004  0.007  0.007  0.005  0.004  0.007  0.006  0.020  0.008  0.006  0.004  0.905       39
 16:     0.016  0.057  0.027  0.028  0.374  0.152  0.033  0.025  0.022  0.032  0.015  0.206  0.011       40
 17:     0.012  0.075  0.012  0.018  0.056  0.671  0.010  0.020  0.010  0.014  0.044  0.048  0.010       37
 18:     0.045  0.003  0.040  0.021  0.006  0.004  0.606  0.006  0.064  0.179  0.008  0.005  0.012       40
 19:     0.006  0.008  0.004  0.003  0.007  0.007  0.005  0.005  0.006  0.006  0.040  0.889  0.014       28
 20:     0.007  0.005  0.005  0.006  0.005  0.004  0.005  0.013  0.005  0.007  0.930  0.004  0.005       14
 21:     0.008  0.807  0.008  0.005  0.007  0.059  0.007  0.007  0.013  0.013  0.021  0.009  0.036       13
 22:     0.918  0.002  0.005  0.005  0.005  0.003  0.008  0.008  0.013  0.007  0.005  0.004  0.015       14
 23:     0.039  0.004  0.753  0.022  0.005  0.004  0.019  0.006  0.012  0.116  0.007  0.004  0.008       25
 24:     0.010  0.005  0.011  0.903  0.005  0.006  0.012  0.008  0.009  0.014  0.006  0.006  0.006       40
 25:     0.075  0.010  0.016  0.009  0.020  0.013  0.025  0.685  0.032  0.025  0.039  0.033  0.017       32
 26:     0.004  0.939  0.006  0.006  0.004  0.006  0.004  0.005  0.006  0.007  0.005  0.003  0.005       20
 27:     0.015  0.009  0.008  0.006  0.221  0.040  0.018  0.006  0.007  0.009  0.016  0.641  0.004        4
 28:     0.012  0.022  0.017  0.013  0.028  0.012  0.067  0.010  0.015  0.021  0.012  0.768  0.005       23
 29:     0.007  0.007  0.005  0.005  0.011  0.017  0.007  0.009  0.005  0.006  0.006  0.910  0.006       39
 30:     0.007  0.862  0.006  0.005  0.010  0.010  0.007  0.006  0.005  0.007  0.023  0.049  0.004       38
 31:     0.093  0.005  0.023  0.047  0.011  0.006  0.028  0.009  0.555  0.055  0.008  0.005  0.155       45
 32:     0.101  0.007  0.105  0.021  0.008  0.010  0.094  0.013  0.301  0.179  0.019  0.005  0.137       28
 33:     0.006  0.009  0.004  0.005  0.009  0.016  0.005  0.007  0.004  0.006  0.006  0.917  0.007        6
 34:     0.011  0.006  0.007  0.014  0.870  0.030  0.006  0.006  0.010  0.007  0.012  0.013  0.009       40
 35:     0.012  0.054  0.009  0.011  0.030  0.797  0.006  0.010  0.019  0.010  0.017  0.017  0.010       42
--------------------------------------------

Allele-freq. divergence among pops (Net nucleotide distance),
computed using point estimates of P.

      1       2       3       4       5       6       7       8       9      10      11      12      13      
 1      -    0.3336  0.1203  0.1417  0.1216  0.1773  0.0847  0.1787  0.0475  0.0754  0.1719  0.2361  0.1656  
 2   0.3336     -    0.3008  0.3746  0.2130  0.1114  0.3646  0.2754  0.2886  0.2918  0.2343  0.1571  0.3654  
 3   0.1203  0.3008     -    0.1192  0.1875  0.1986  0.0893  0.2397  0.1023  0.0521  0.2066  0.2620  0.2449  
 4   0.1417  0.3746  0.1192     -    0.1738  0.2846  0.1501  0.2237  0.1385  0.1264  0.2791  0.3539  0.2824  
 5   0.1216  0.2130  0.1875  0.1738     -    0.0920  0.1896  0.1768  0.1241  0.1497  0.1668  0.1602  0.2256  
 6   0.1773  0.1114  0.1986  0.2846  0.0920     -    0.2441  0.1672  0.1610  0.1957  0.1461  0.0975  0.1926  
 7   0.0847  0.3646  0.0893  0.1501  0.1896  0.2441     -    0.2704  0.0841  0.0462  0.2619  0.2572  0.2913  
 8   0.1787  0.2754  0.2397  0.2237  0.1768  0.1672  0.2704     -    0.2192  0.2435  0.2030  0.1809  0.2027  
 9   0.0475  0.2886  0.1023  0.1385  0.1241  0.1610  0.0841  0.2192     -    0.0605  0.1978  0.2595  0.1412  
10   0.0754  0.2918  0.0521  0.1264  0.1497  0.1957  0.0462  0.2435  0.0605     -    0.1813  0.2468  0.2356  
11   0.1719  0.2343  0.2066  0.2791  0.1668  0.1461  0.2619  0.2030  0.1978  0.1813     -    0.2265  0.2400  
12   0.2361  0.1571  0.2620  0.3539  0.1602  0.0975  0.2572  0.1809  0.2595  0.2468  0.2265     -    0.2859  
13   0.1656  0.3654  0.2449  0.2824  0.2256  0.1926  0.2913  0.2027  0.1412  0.2356  0.2400  0.2859     -    

Average distances (expected heterozygosity) between individuals in same cluster:
cluster  1  : 0.3764 
cluster  2  : 0.4093 
cluster  3  : 0.3937 
cluster  4  : 0.3546 
cluster  5  : 0.4724 
cluster  6  : 0.5278 
cluster  7  : 0.3388 
cluster  8  : 0.3761 
cluster  9  : 0.4412 
cluster 10  : 0.3745 
cluster 11  : 0.2601 
cluster 12  : 0.4704 
cluster 13  : 0.2449 

--------------------------------------------
Estimated Ln Prob of Data   = -20838.8
Mean value of ln likelihood = -20041.3
Variance of ln likelihood   = 1595.2
Mean value of alpha         = 0.0348

Mean value of Fst_1         = 0.4592
Mean value of Fst_2         = 0.4440
Mean value of Fst_3         = 0.3662
Mean value of Fst_4         = 0.4256
Mean value of Fst_5         = 0.2884
Mean value of Fst_6         = 0.1698
Mean value of Fst_7         = 0.3958
Mean value of Fst_8         = 0.4505
Mean value of Fst_9         = 0.3061
Mean value of Fst_10         = 0.3488
Mean value of Fst_11         = 0.6041
Mean value of Fst_12         = 0.3819
Mean value of Fst_13         = 0.5810


Inferred ancestry of individuals:
        Label (%Miss) Pop:  Inferred clusters
  1 TMA-ZAIN-G-    (9)    1 :  0.014 0.007 0.008 0.008 0.020 0.065 0.018 0.011 0.057 0.016 0.008 0.698 0.070 
  2 TMA-ZAIN-G-    (0)    1 :  0.006 0.008 0.198 0.004 0.009 0.012 0.015 0.019 0.017 0.018 0.015 0.671 0.008 
  3 TMA-ZAIN-G-    (0)    1 :  0.315 0.004 0.025 0.124 0.018 0.006 0.295 0.010 0.080 0.075 0.009 0.006 0.033 
  4 TMA-ZAIN-G-    (0)    1 :  0.017 0.004 0.019 0.059 0.006 0.005 0.148 0.020 0.010 0.087 0.601 0.009 0.015 
  5 TMA-ZAIN-G-    (0)    1 :  0.003 0.005 0.002 0.003 0.006 0.004 0.004 0.006 0.002 0.003 0.005 0.956 0.002 
  6 TMA-ZAIN-G-    (0)    1 :  0.188 0.033 0.017 0.075 0.384 0.033 0.040 0.020 0.048 0.073 0.042 0.032 0.016 
  7 TMA-ZAIN-G-    (0)    1 :  0.382 0.006 0.025 0.008 0.014 0.010 0.040 0.011 0.041 0.328 0.095 0.011 0.029 
  8 TMA-ZAIN-G-    (0)    1 :  0.922 0.002 0.007 0.008 0.005 0.003 0.013 0.009 0.009 0.009 0.004 0.004 0.004 
  9 TMA-ZAIN-G-    (9)    1 :  0.039 0.004 0.136 0.029 0.029 0.006 0.092 0.006 0.250 0.388 0.007 0.008 0.008 
 10 TMA-ZAIN-G-    (0)    1 :  0.128 0.005 0.055 0.038 0.029 0.006 0.047 0.009 0.263 0.396 0.011 0.003 0.011 
 11 TMA-ZAIN-G-    (0)    1 :  0.012 0.004 0.011 0.004 0.005 0.006 0.007 0.005 0.111 0.809 0.012 0.005 0.008 
 12 TMA-ZAIN-G-    (0)    1 :  0.015 0.003 0.008 0.005 0.008 0.005 0.821 0.005 0.035 0.059 0.005 0.005 0.026 
 13 TMA-ZAIN-G-    (9)    1 :  0.052 0.072 0.227 0.017 0.015 0.032 0.044 0.018 0.222 0.127 0.017 0.040 0.118 
 14 TMA-ZAIN-G-    (9)    1 :  0.009 0.012 0.015 0.007 0.011 0.008 0.010 0.009 0.059 0.021 0.005 0.003 0.831 
 15 TMA-ZAIN-G-    (0)    1 :  0.011 0.002 0.007 0.010 0.006 0.006 0.010 0.006 0.195 0.010 0.004 0.003 0.729 
 16 TMA-ZAIN-G-    (0)    1 :  0.009 0.005 0.014 0.005 0.006 0.005 0.457 0.003 0.025 0.456 0.005 0.003 0.006 
 17 TMA-ZAIN-G-    (9)    1 :  0.108 0.009 0.005 0.006 0.015 0.017 0.016 0.020 0.665 0.009 0.105 0.007 0.018 
 18 TMA-ZAIN-G-    (0)    1 :  0.015 0.006 0.004 0.006 0.024 0.155 0.017 0.046 0.010 0.005 0.012 0.688 0.012 
 19 TMA-ZAIN-G-    (0)    1 :  0.078 0.024 0.009 0.005 0.137 0.600 0.023 0.004 0.028 0.021 0.042 0.017 0.011 
 20 TMA-ZAIN-G-    (0)    1 :  0.004 0.054 0.005 0.005 0.008 0.837 0.003 0.032 0.003 0.004 0.007 0.036 0.004 
 21 TMA-ZAIN-G-    (0)    1 :  0.004 0.950 0.004 0.005 0.005 0.004 0.004 0.005 0.005 0.005 0.005 0.002 0.002 
 22 TMA-ZAIN-G-    (0)    1 :  0.003 0.887 0.003 0.002 0.009 0.013 0.003 0.007 0.003 0.003 0.010 0.054 0.003 
 23 TMA-ZAIN-G-    (0)    1 :  0.010 0.853 0.006 0.004 0.022 0.043 0.006 0.005 0.008 0.008 0.010 0.019 0.007 
 24 TMA-ZAIN-G-    (9)    1 :  0.003 0.654 0.155 0.103 0.004 0.004 0.009 0.007 0.021 0.009 0.003 0.007 0.021 
 25 TMA-ZAIN-G-    (9)    1 :  0.004 0.009 0.139 0.004 0.008 0.695 0.016 0.004 0.020 0.011 0.003 0.084 0.004 
 26 TMA-ZAIN-G-    (9)    1 :  0.022 0.027 0.175 0.009 0.005 0.014 0.036 0.449 0.143 0.090 0.009 0.007 0.015 
 27 TMA-ZAIN-G-    (0)    1 :  0.010 0.017 0.005 0.008 0.671 0.076 0.004 0.014 0.016 0.013 0.024 0.067 0.074 
 28 TMA-ZAIN-G-    (0)    1 :  0.008 0.004 0.004 0.004 0.925 0.011 0.005 0.005 0.006 0.005 0.005 0.008 0.009 
 29 TMA-ZAIN-G-    (0)    1 :  0.004 0.004 0.005 0.718 0.005 0.222 0.004 0.015 0.005 0.004 0.003 0.003 0.006 
 30 TMA-ZAIN-G-    (0)    1 :  0.020 0.005 0.086 0.034 0.454 0.030 0.047 0.006 0.208 0.038 0.007 0.004 0.060 
 31 TMA-ZAIN-G-    (0)    1 :  0.007 0.012 0.009 0.006 0.006 0.014 0.004 0.066 0.003 0.007 0.018 0.842 0.006 
 32 TMA-ZAIN-G-    (9)    1 :  0.006 0.037 0.014 0.004 0.006 0.098 0.146 0.006 0.099 0.059 0.006 0.502 0.016 
 33 TMA-ZAIN-G-   (18)    1 :  0.043 0.003 0.018 0.016 0.007 0.004 0.316 0.004 0.390 0.185 0.004 0.005 0.006 
 34 TMA-ZAIN-G-    (0)    1 :  0.011 0.022 0.049 0.006 0.011 0.022 0.457 0.008 0.034 0.234 0.006 0.134 0.007 
 35 TMA-ZAIN-G-    (9)    1 :  0.019 0.004 0.099 0.058 0.019 0.013 0.284 0.015 0.209 0.220 0.009 0.015 0.035 
 36 TMA-ZAIN-G-    (0)    1 :  0.059 0.003 0.369 0.010 0.007 0.005 0.025 0.012 0.301 0.078 0.007 0.004 0.121 
 37 TMA-ZAIN-G-    (9)    1 :  0.040 0.007 0.067 0.014 0.031 0.009 0.206 0.012 0.246 0.306 0.049 0.006 0.006 
 38 TMA-ZAIN-G-   (18)    1 :  0.008 0.022 0.034 0.008 0.006 0.131 0.065 0.007 0.106 0.058 0.011 0.491 0.053 
 39 TMA-ZAIN-G-    (0)    1 :  0.020 0.005 0.748 0.013 0.008 0.004 0.067 0.008 0.065 0.047 0.009 0.003 0.004 
 40 TMA-ZAIN-G-    (0)    1 :  0.016 0.005 0.104 0.007 0.004 0.004 0.157 0.005 0.641 0.035 0.015 0.003 0.004 
 41 TMA-ZAIN-G-    (0)    1 :  0.029 0.003 0.185 0.006 0.005 0.003 0.023 0.005 0.693 0.009 0.003 0.003 0.032 
 42 TMA-ZAIN-G-    (9)    1 :  0.043 0.002 0.013 0.008 0.004 0.004 0.008 0.015 0.768 0.005 0.004 0.003 0.123 
 43 TMA-ZAIN-G-    (0)    1 :  0.012 0.003 0.004 0.008 0.003 0.003 0.003 0.005 0.006 0.004 0.004 0.003 0.941 
 44 TMA-ZAIN-G-    (0)    1 :  0.008 0.771 0.054 0.010 0.003 0.015 0.009 0.004 0.011 0.097 0.009 0.005 0.004 
 45 TMA-ZAIN-G-    (0)    1 :  0.028 0.006 0.013 0.005 0.010 0.008 0.090 0.008 0.169 0.631 0.012 0.005 0.015 
 46 TMA-ZAIN-G-    (0)    1 :  0.003 0.948 0.005 0.003 0.003 0.006 0.002 0.006 0.003 0.004 0.010 0.004 0.004 
 47 TMA-ZAIN-G-    (0)    1 :  0.006 0.003 0.003 0.003 0.004 0.004 0.005 0.944 0.004 0.003 0.012 0.003 0.004 
 48 TMA-ZAIN-G-    (0)    1 :  0.159 0.029 0.018 0.018 0.050 0.014 0.020 0.207 0.182 0.118 0.135 0.006 0.044 
 49 TMA-ZAIN-G-    (9)    1 :  0.009 0.006 0.006 0.042 0.012 0.829 0.027 0.006 0.007 0.018 0.020 0.012 0.005 
 50 TMA-ZAIN-G-    (0)    1 :  0.011 0.005 0.021 0.004 0.021 0.825 0.010 0.003 0.068 0.006 0.006 0.011 0.010 
 51 TMA-ZAIN-G-    (0)    1 :  0.009 0.006 0.008 0.007 0.023 0.813 0.004 0.015 0.022 0.012 0.014 0.006 0.060 
 52 TMA-ZAIN-G-    (0)    1 :  0.009 0.009 0.006 0.003 0.024 0.753 0.011 0.034 0.007 0.008 0.114 0.006 0.016 
 53 TMA-ZAIN-G-    (0)    1 :  0.010 0.006 0.011 0.004 0.010 0.650 0.003 0.057 0.008 0.012 0.070 0.124 0.034 
 54 TMA-ZAIN-G-    (0)    1 :  0.011 0.005 0.004 0.003 0.010 0.007 0.006 0.918 0.011 0.006 0.004 0.005 0.011 
 55 TMA-ZAIN-G-    (0)    1 :  0.015 0.007 0.004 0.003 0.022 0.021 0.009 0.850 0.036 0.007 0.003 0.004 0.018 
 56 TMA-ZAIN-G-    (0)    1 :  0.130 0.008 0.026 0.021 0.065 0.033 0.016 0.048 0.194 0.037 0.383 0.007 0.031 
 57 TMA-ZAIN-G-    (0)    1 :  0.008 0.004 0.010 0.008 0.006 0.027 0.030 0.867 0.006 0.009 0.011 0.009 0.006 
 58 TMA-ZAIN-G-    (0)    1 :  0.043 0.141 0.004 0.007 0.254 0.395 0.016 0.040 0.013 0.009 0.013 0.056 0.009 
 59 TMA-ZAIN-G-    (0)    1 :  0.068 0.024 0.024 0.019 0.029 0.015 0.019 0.018 0.027 0.126 0.047 0.574 0.008 
 60 TMA-ZAIN-G-    (0)    1 :  0.024 0.008 0.007 0.007 0.065 0.133 0.006 0.024 0.016 0.020 0.041 0.506 0.143 
 61 TMA-ZAIN-G-    (0)    1 :  0.004 0.020 0.003 0.003 0.006 0.010 0.004 0.012 0.003 0.004 0.035 0.893 0.003 
 62 TMA-ZAIN-G-    (9)    1 :  0.012 0.019 0.023 0.008 0.070 0.024 0.049 0.012 0.043 0.044 0.003 0.686 0.007 
 63 TMA-ZAIN-G-    (0)    1 :  0.006 0.007 0.003 0.003 0.010 0.011 0.006 0.012 0.005 0.005 0.013 0.911 0.008 
 64 TMA-ZAIN-G-    (0)    1 :  0.005 0.003 0.009 0.946 0.003 0.002 0.005 0.003 0.006 0.007 0.004 0.002 0.006 
 65 TMA-ZAIN-G-    (9)    1 :  0.009 0.003 0.007 0.919 0.005 0.003 0.018 0.006 0.006 0.009 0.005 0.003 0.006 
 66 TMA-ZAIN-G-    (0)    1 :  0.009 0.003 0.015 0.904 0.004 0.003 0.012 0.004 0.010 0.024 0.005 0.003 0.005 
 67 TMA-ZAIN-G-    (0)    1 :  0.011 0.013 0.128 0.730 0.014 0.010 0.021 0.005 0.015 0.044 0.004 0.003 0.003 
 68 TMA-ZAIN-G-    (0)    1 :  0.008 0.002 0.004 0.946 0.003 0.003 0.005 0.005 0.005 0.005 0.004 0.002 0.007 
 69 TMA-ZAIN-G-    (0)    1 :  0.008 0.025 0.034 0.729 0.007 0.026 0.029 0.010 0.007 0.065 0.025 0.017 0.018 
 70 TMA-ZAIN-G-    (0)    1 :  0.005 0.004 0.898 0.013 0.005 0.004 0.009 0.003 0.008 0.039 0.005 0.003 0.005 
 71 TMA-ZAIN-G-    (0)    1 :  0.005 0.003 0.934 0.004 0.003 0.003 0.010 0.003 0.006 0.017 0.004 0.003 0.003 
 72 TMA-ZAIN-G-    (0)    1 :  0.007 0.003 0.916 0.013 0.006 0.004 0.009 0.007 0.009 0.011 0.005 0.003 0.007 
 73 TMA-ZAIN-G-    (0)    1 :  0.006 0.027 0.862 0.005 0.019 0.018 0.008 0.015 0.006 0.007 0.004 0.019 0.003 
 74 TMA-ZAIN-G-    (0)    1 :  0.007 0.005 0.933 0.005 0.005 0.006 0.011 0.005 0.005 0.007 0.003 0.005 0.004 
 75 TMA-ZAIN-G-    (0)    1 :  0.006 0.003 0.931 0.005 0.006 0.005 0.008 0.007 0.006 0.010 0.004 0.004 0.004 
 76 TMA-ZAIN-G-    (0)    1 :  0.004 0.014 0.924 0.005 0.004 0.009 0.007 0.003 0.005 0.013 0.003 0.004 0.003 
 77 TMA-ZAIN-G-    (0)    1 :  0.004 0.005 0.932 0.005 0.005 0.005 0.005 0.004 0.010 0.008 0.008 0.003 0.006 
 78 TMA-ZAIN-G-    (0)    1 :  0.007 0.010 0.909 0.004 0.007 0.011 0.008 0.006 0.005 0.012 0.009 0.005 0.005 
 79 TMA-ZAIN-G-    (0)    1 :  0.005 0.007 0.913 0.003 0.005 0.008 0.006 0.004 0.006 0.010 0.023 0.004 0.006 
 80 TMA-ZAIN-G-    (0)    1 :  0.010 0.004 0.814 0.018 0.007 0.004 0.082 0.010 0.016 0.023 0.006 0.003 0.004 
 81 TMA-ZAIN-G-    (0)    1 :  0.011 0.005 0.861 0.005 0.007 0.007 0.010 0.006 0.013 0.036 0.027 0.004 0.008 
 82 TMA-ZAIN-G-    (0)    1 :  0.022 0.003 0.218 0.154 0.008 0.005 0.074 0.016 0.009 0.472 0.008 0.006 0.006 
 83 TMA-ZAIN-G-    (9)    1 :  0.036 0.031 0.023 0.047 0.046 0.017 0.563 0.024 0.011 0.142 0.005 0.049 0.006 
 84 TMA-ZAIN-G-    (0)    1 :  0.007 0.011 0.891 0.006 0.006 0.008 0.013 0.004 0.013 0.022 0.011 0.004 0.006 
 85 TMA-ZAIN-G-    (0)    1 :  0.004 0.003 0.003 0.003 0.004 0.005 0.003 0.004 0.003 0.004 0.957 0.004 0.004 
 86 TMA-ZAIN-G-    (0)    1 :  0.009 0.006 0.005 0.005 0.005 0.003 0.009 0.004 0.008 0.011 0.927 0.004 0.004 
 87 TMA-ZAIN-G-    (0)    1 :  0.004 0.005 0.004 0.002 0.004 0.004 0.003 0.004 0.003 0.004 0.956 0.005 0.003 
 88 TMA-ZAIN-G-    (0)    1 :  0.016 0.010 0.040 0.034 0.009 0.009 0.132 0.059 0.013 0.049 0.435 0.178 0.017 
 89 TMA-ZAIN-G-    (0)    1 :  0.018 0.033 0.046 0.028 0.005 0.009 0.035 0.408 0.015 0.039 0.297 0.030 0.036 
 90 TMA-ZAIN-G-    (0)    1 :  0.005 0.004 0.005 0.015 0.006 0.009 0.027 0.042 0.005 0.015 0.846 0.016 0.004 
 91 TMA-ZAIN-G-    (0)    1 :  0.013 0.006 0.009 0.010 0.017 0.008 0.007 0.041 0.007 0.013 0.805 0.051 0.012 
 92 TMA-ZAIN-G-    (0)    1 :  0.008 0.038 0.012 0.006 0.026 0.037 0.006 0.324 0.009 0.013 0.501 0.009 0.012 
 93 TMA-ZAIN-G-    (0)    1 :  0.008 0.014 0.007 0.008 0.100 0.024 0.004 0.526 0.007 0.008 0.235 0.039 0.020 
 94 TMA-ZAIN-G-    (0)    1 :  0.005 0.010 0.005 0.004 0.012 0.009 0.003 0.047 0.004 0.005 0.774 0.115 0.006 
 95 TMA-ZAIN-G-    (0)    1 :  0.004 0.005 0.009 0.007 0.895 0.023 0.005 0.004 0.015 0.005 0.005 0.007 0.014 
 96 TMA-ZAIN-G-    (0)    1 :  0.006 0.007 0.003 0.004 0.802 0.058 0.009 0.005 0.071 0.005 0.009 0.006 0.016 
 97 TMA-ZAIN-G-    (0)    1 :  0.008 0.007 0.015 0.007 0.005 0.019 0.004 0.013 0.004 0.008 0.008 0.895 0.008 
 98 TMA-ZAIN-G-    (0)    1 :  0.008 0.004 0.013 0.005 0.003 0.005 0.003 0.011 0.004 0.007 0.008 0.923 0.006 
 99 TMA-ZAIN-G-    (0)    1 :  0.014 0.011 0.008 0.019 0.008 0.007 0.025 0.003 0.037 0.159 0.005 0.697 0.007 
100 TMA-ZAIN-G-    (0)    1 :  0.005 0.014 0.005 0.005 0.005 0.027 0.003 0.027 0.004 0.006 0.035 0.857 0.007 
101 TMA-ZAIN-G-    (0)    1 :  0.007 0.005 0.009 0.006 0.005 0.009 0.005 0.013 0.005 0.024 0.004 0.900 0.006 
102 TMA-ZAIN-G-    (0)    1 :  0.009 0.173 0.016 0.012 0.023 0.159 0.045 0.008 0.056 0.022 0.038 0.412 0.027 
103 TMA-ZAIN-G-    (0)    1 :  0.014 0.014 0.008 0.007 0.017 0.073 0.023 0.006 0.011 0.017 0.031 0.771 0.008 
104 TMA-ZAIN-G-    (0)    1 :  0.005 0.006 0.004 0.003 0.004 0.007 0.004 0.005 0.003 0.004 0.003 0.948 0.005 
105 TMA-ZAIN-G-    (0)    1 :  0.017 0.009 0.009 0.006 0.019 0.027 0.029 0.006 0.013 0.022 0.046 0.791 0.007 
106 TMA-ZAIN-G-    (0)    1 :  0.056 0.003 0.092 0.053 0.006 0.004 0.058 0.006 0.540 0.073 0.007 0.004 0.098 
107 TMA-ZAIN-G-    (0)    1 :  0.053 0.003 0.177 0.012 0.006 0.005 0.426 0.007 0.029 0.257 0.006 0.004 0.014 
108 TMA-ZAIN-G-    (9)    1 :  0.017 0.052 0.053 0.007 0.015 0.078 0.075 0.015 0.205 0.193 0.055 0.194 0.041 
109 TMA-ZAIN-G-    (0)    1 :  0.116 0.006 0.010 0.134 0.060 0.009 0.191 0.066 0.084 0.020 0.015 0.265 0.024 
110 TMA-ZAIN-G-    (0)    1 :  0.114 0.140 0.029 0.008 0.027 0.116 0.117 0.015 0.104 0.232 0.023 0.058 0.016 
111 TMA-ZAIN-G-    (9)    1 :  0.011 0.119 0.049 0.012 0.025 0.090 0.186 0.028 0.016 0.041 0.006 0.413 0.004 
112 TMA-ZAIN-G-    (0)    1 :  0.107 0.053 0.023 0.019 0.051 0.092 0.074 0.027 0.164 0.096 0.015 0.247 0.031 
113 TMA-ZAIN-G-    (0)    1 :  0.011 0.009 0.024 0.010 0.004 0.005 0.014 0.020 0.005 0.015 0.006 0.873 0.006 
114 TMA-ZAIN-G-    (0)    1 :  0.003 0.010 0.003 0.003 0.005 0.005 0.004 0.004 0.003 0.003 0.007 0.950 0.002 
115 TMA-ZAIN-G-    (0)    1 :  0.003 0.005 0.004 0.003 0.005 0.004 0.005 0.004 0.003 0.004 0.003 0.954 0.004 
116 TMA-ZAIN-G-    (0)    1 :  0.020 0.003 0.014 0.012 0.008 0.004 0.872 0.013 0.008 0.025 0.007 0.006 0.007 
117 TMA-ZAIN-G-    (0)    1 :  0.317 0.004 0.098 0.229 0.035 0.009 0.057 0.027 0.055 0.075 0.037 0.008 0.050 
118 TMA-ZAIN-G-    (0)    1 :  0.020 0.004 0.015 0.032 0.015 0.007 0.815 0.010 0.018 0.019 0.007 0.006 0.030 
119 TMA-ZAIN-G-    (0)    1 :  0.015 0.019 0.055 0.025 0.021 0.022 0.753 0.012 0.008 0.037 0.005 0.023 0.006 
120 TMA-ZAIN-G-    (0)    1 :  0.040 0.004 0.022 0.029 0.031 0.012 0.680 0.015 0.022 0.023 0.016 0.009 0.098 
121 TMA-ZAIN-G-    (0)    1 :  0.151 0.003 0.033 0.206 0.040 0.007 0.326 0.021 0.049 0.117 0.012 0.012 0.020 
122 TMA-ZAIN-G-    (0)    1 :  0.167 0.007 0.049 0.029 0.082 0.007 0.120 0.013 0.081 0.312 0.117 0.005 0.011 
123 TMA-ZAIN-G-    (0)    1 :  0.005 0.008 0.005 0.004 0.006 0.013 0.004 0.005 0.004 0.006 0.010 0.919 0.012 
124 TMA-ZAIN-G-    (0)    1 :  0.921 0.003 0.004 0.003 0.006 0.005 0.007 0.003 0.024 0.007 0.006 0.004 0.007 
125 TMA-ZAIN-G-    (0)    1 :  0.909 0.002 0.005 0.013 0.004 0.003 0.005 0.027 0.011 0.005 0.006 0.002 0.009 
126 TMA-ZAIN-G-    (0)    1 :  0.917 0.003 0.004 0.004 0.003 0.004 0.010 0.006 0.017 0.006 0.005 0.004 0.018 
127 TMA-ZAIN-G-    (0)    1 :  0.890 0.003 0.004 0.005 0.003 0.003 0.009 0.004 0.056 0.008 0.005 0.003 0.008 
128 TMA-ZAIN-G-    (0)    1 :  0.914 0.003 0.005 0.013 0.007 0.003 0.007 0.005 0.019 0.009 0.005 0.003 0.007 
129 TMA-ZAIN-G-    (0)    1 :  0.931 0.003 0.005 0.005 0.005 0.004 0.006 0.004 0.013 0.006 0.006 0.004 0.009 
130 TMA-ZAIN-G-    (0)    1 :  0.918 0.003 0.005 0.005 0.004 0.004 0.008 0.015 0.007 0.005 0.005 0.004 0.017 
131 TMA-ZAIN-G-    (0)    1 :  0.918 0.003 0.004 0.004 0.006 0.005 0.006 0.004 0.026 0.007 0.007 0.003 0.009 
132 TMA-ZAIN-G-    (0)    1 :  0.898 0.003 0.007 0.015 0.007 0.003 0.010 0.013 0.019 0.010 0.005 0.003 0.008 
133 TMA-ZAIN-G-    (0)    1 :  0.073 0.012 0.074 0.094 0.012 0.014 0.040 0.023 0.469 0.016 0.047 0.003 0.121 
134 TMA-ZAIN-G-    (0)    1 :  0.283 0.009 0.067 0.074 0.004 0.008 0.091 0.024 0.117 0.014 0.041 0.003 0.265 
135 TMA-ZAIN-G-    (0)    1 :  0.123 0.007 0.101 0.027 0.004 0.005 0.501 0.013 0.093 0.071 0.032 0.004 0.020 
136 TMA-ZAIN-G-    (0)    1 :  0.053 0.006 0.033 0.587 0.009 0.004 0.098 0.014 0.061 0.117 0.005 0.006 0.006 
137 TMA-ZAIN-G-    (0)    1 :  0.025 0.008 0.021 0.006 0.004 0.006 0.863 0.006 0.016 0.013 0.022 0.005 0.005 
138 TMA-ZAIN-G-    (0)    1 :  0.470 0.002 0.018 0.012 0.003 0.003 0.244 0.018 0.104 0.093 0.004 0.004 0.026 
139 TMA-ZAIN-G-    (0)    1 :  0.270 0.006 0.052 0.012 0.003 0.004 0.447 0.077 0.058 0.037 0.011 0.004 0.019 
140 TMA-ZAIN-G-    (0)    1 :  0.030 0.005 0.025 0.010 0.009 0.004 0.285 0.004 0.076 0.538 0.005 0.003 0.006 
141 TMA-ZAIN-G-    (0)    1 :  0.120 0.003 0.072 0.007 0.006 0.005 0.106 0.006 0.041 0.594 0.011 0.005 0.022 
142 TMA-ZAIN-G-    (9)    1 :  0.028 0.003 0.028 0.012 0.006 0.004 0.237 0.004 0.032 0.629 0.007 0.003 0.007 
143 TMA-ZAIN-G-    (0)    1 :  0.203 0.003 0.022 0.016 0.010 0.004 0.262 0.005 0.089 0.362 0.007 0.004 0.011 
144 TMA-ZAIN-G-    (0)    1 :  0.079 0.009 0.013 0.007 0.027 0.014 0.449 0.032 0.173 0.169 0.013 0.004 0.012 
145 TMA-ZAIN-G-    (0)    1 :  0.093 0.002 0.065 0.292 0.007 0.003 0.376 0.015 0.024 0.107 0.006 0.003 0.007 
146 TMA-ZAIN-G-    (0)    1 :  0.006 0.003 0.026 0.005 0.003 0.003 0.008 0.003 0.007 0.924 0.004 0.003 0.005 
147 TMA-ZAIN-G-    (9)    1 :  0.007 0.003 0.012 0.008 0.004 0.003 0.009 0.003 0.008 0.932 0.004 0.003 0.005 
148 TMA-ZAIN-G-    (0)    1 :  0.039 0.003 0.013 0.004 0.003 0.003 0.007 0.031 0.034 0.785 0.005 0.003 0.070 
149 TMA-ZAIN-G-    (0)    1 :  0.071 0.014 0.013 0.006 0.014 0.010 0.013 0.056 0.047 0.682 0.026 0.020 0.027 
150 TMA-ZAIN-G-    (0)    1 :  0.025 0.011 0.015 0.059 0.016 0.008 0.027 0.076 0.018 0.693 0.015 0.018 0.018 
151 TMA-ZAIN-G-    (0)    1 :  0.006 0.002 0.005 0.008 0.005 0.003 0.829 0.004 0.104 0.010 0.003 0.003 0.017 
152 TMA-ZAIN-G-    (0)    1 :  0.007 0.002 0.005 0.005 0.004 0.003 0.922 0.004 0.012 0.014 0.003 0.004 0.014 
153 TMA-ZAIN-G-    (0)    1 :  0.038 0.003 0.014 0.014 0.004 0.003 0.708 0.014 0.090 0.076 0.003 0.004 0.030 
154 TMA-ZAIN-G-    (0)    1 :  0.009 0.002 0.005 0.004 0.004 0.003 0.943 0.004 0.006 0.010 0.004 0.003 0.004 
155 TMA-ZAIN-G-    (0)    1 :  0.013 0.003 0.009 0.007 0.004 0.004 0.908 0.003 0.010 0.023 0.006 0.004 0.007 
156 TMA-ZAIN-G-    (9)    1 :  0.033 0.003 0.005 0.004 0.004 0.004 0.784 0.011 0.049 0.022 0.003 0.005 0.074 
157 TMA-ZAIN-G-    (0)    1 :  0.027 0.003 0.011 0.006 0.004 0.004 0.537 0.006 0.086 0.176 0.005 0.004 0.130 
158 TMA-ZAIN-G-    (0)    1 :  0.008 0.004 0.030 0.006 0.006 0.007 0.666 0.005 0.016 0.241 0.003 0.003 0.004 
159 TMA-ZAIN-G-    (0)    1 :  0.024 0.002 0.227 0.013 0.004 0.004 0.433 0.005 0.010 0.264 0.004 0.005 0.005 
160 TMA-ZAIN-G-    (0)    1 :  0.012 0.002 0.162 0.021 0.004 0.003 0.672 0.008 0.006 0.095 0.005 0.005 0.005 
161 TMA-ZAIN-G-    (0)    1 :  0.211 0.003 0.021 0.007 0.006 0.005 0.497 0.021 0.095 0.102 0.007 0.003 0.022 
162 TMA-ZAIN-G-    (0)    1 :  0.006 0.013 0.006 0.005 0.010 0.006 0.891 0.012 0.011 0.007 0.012 0.017 0.004 
163 TMA-ZAIN-G-    (0)    1 :  0.006 0.002 0.005 0.004 0.003 0.003 0.951 0.003 0.005 0.010 0.003 0.003 0.003 
164 TMA-ZAIN-G-    (0)    1 :  0.012 0.005 0.007 0.009 0.007 0.004 0.790 0.008 0.007 0.131 0.012 0.005 0.004 
165 TMA-ZAIN-G-    (0)    1 :  0.011 0.003 0.008 0.006 0.004 0.003 0.828 0.003 0.009 0.116 0.003 0.004 0.004 
166 TMA-ZAIN-G-    (0)    1 :  0.206 0.002 0.042 0.012 0.004 0.003 0.434 0.011 0.041 0.230 0.006 0.003 0.006 
167 TMA-ZAIN-G-    (0)    1 :  0.027 0.005 0.211 0.005 0.008 0.007 0.037 0.005 0.044 0.629 0.008 0.005 0.009 
168 TMA-ZAIN-G-    (0)    1 :  0.007 0.003 0.308 0.013 0.005 0.005 0.009 0.005 0.012 0.592 0.006 0.006 0.030 
169 TMA-ZAIN-G-    (0)    1 :  0.009 0.002 0.349 0.064 0.004 0.003 0.020 0.005 0.006 0.525 0.005 0.003 0.005 
170 TMA-ZAIN-G-    (0)    1 :  0.061 0.013 0.124 0.021 0.009 0.043 0.052 0.004 0.140 0.433 0.006 0.019 0.076 
171 TMA-ZAIN-G-    (0)    1 :  0.006 0.003 0.378 0.014 0.003 0.003 0.011 0.004 0.005 0.562 0.004 0.003 0.004 
172 TMA-ZAIN-G-    (0)    1 :  0.050 0.004 0.023 0.005 0.005 0.005 0.025 0.004 0.681 0.168 0.007 0.004 0.019 
173 TMA-ZAIN-G-    (0)    1 :  0.064 0.004 0.020 0.006 0.008 0.006 0.014 0.004 0.761 0.082 0.007 0.003 0.020 
174 TMA-ZAIN-G-    (0)    1 :  0.710 0.003 0.019 0.027 0.005 0.003 0.034 0.006 0.072 0.110 0.004 0.003 0.005 
175 TMA-ZAIN-G-    (0)    1 :  0.007 0.003 0.308 0.006 0.004 0.003 0.013 0.004 0.006 0.633 0.005 0.003 0.005 
176 TMA-ZAIN-G-    (0)    1 :  0.009 0.003 0.112 0.005 0.004 0.003 0.015 0.004 0.007 0.825 0.005 0.003 0.005 
177 TMA-ZAIN-G-    (0)    1 :  0.006 0.003 0.023 0.004 0.003 0.004 0.010 0.003 0.015 0.909 0.005 0.003 0.013 
178 TMA-ZAIN-G-    (0)    1 :  0.013 0.004 0.021 0.004 0.007 0.006 0.027 0.004 0.448 0.422 0.005 0.004 0.035 
179 TMA-ZAIN-G-    (0)    1 :  0.015 0.003 0.021 0.006 0.004 0.004 0.017 0.004 0.061 0.841 0.005 0.003 0.016 
180 TMA-ZAIN-G-    (0)    1 :  0.429 0.007 0.005 0.095 0.014 0.006 0.021 0.010 0.281 0.065 0.032 0.004 0.031 
181 TMA-ZAIN-G-    (0)    1 :  0.035 0.003 0.011 0.006 0.004 0.004 0.042 0.005 0.745 0.010 0.004 0.005 0.126 
182 TMA-ZAIN-G-    (0)    1 :  0.397 0.003 0.005 0.003 0.004 0.004 0.034 0.005 0.327 0.033 0.006 0.007 0.171 
183 TMA-ZAIN-G-    (0)    1 :  0.013 0.003 0.007 0.004 0.004 0.004 0.016 0.004 0.840 0.014 0.005 0.004 0.082 
184 TMA-ZAIN-G-    (0)    1 :  0.028 0.012 0.011 0.008 0.015 0.011 0.042 0.021 0.764 0.017 0.020 0.026 0.026 
185 TMA-ZAIN-G-    (0)    1 :  0.030 0.015 0.008 0.006 0.035 0.009 0.011 0.023 0.826 0.009 0.012 0.012 0.004 
186 TMA-ZAIN-G-    (9)    1 :  0.048 0.005 0.011 0.006 0.012 0.007 0.013 0.006 0.868 0.010 0.005 0.004 0.005 
187 TMA-ZAIN-G-    (0)    1 :  0.014 0.003 0.029 0.014 0.005 0.004 0.028 0.003 0.866 0.011 0.004 0.004 0.014 
188 TMA-ZAIN-G-    (0)    1 :  0.015 0.002 0.035 0.019 0.004 0.003 0.021 0.004 0.876 0.008 0.003 0.003 0.006 
189 TMA-ZAIN-G-    (0)    1 :  0.012 0.003 0.005 0.007 0.004 0.003 0.006 0.003 0.940 0.006 0.003 0.003 0.006 
190 TMA-ZAIN-G-    (0)    1 :  0.012 0.003 0.027 0.018 0.007 0.006 0.006 0.006 0.833 0.046 0.004 0.003 0.029 
191 TMA-ZAIN-G-    (0)    1 :  0.008 0.016 0.008 0.004 0.009 0.007 0.007 0.008 0.895 0.009 0.014 0.011 0.004 
192 TMA-ZAIN-G-    (0)    1 :  0.014 0.009 0.012 0.005 0.003 0.007 0.008 0.004 0.898 0.006 0.014 0.004 0.015 
193 TMA-ZAIN-G-    (0)    1 :  0.004 0.002 0.003 0.004 0.003 0.003 0.003 0.005 0.005 0.003 0.004 0.002 0.958 
194 TMA-ZAIN-G-    (0)    1 :  0.024 0.007 0.007 0.011 0.019 0.011 0.004 0.014 0.045 0.008 0.005 0.003 0.843 
195 TMA-ZAIN-G-    (0)    1 :  0.025 0.003 0.028 0.035 0.005 0.010 0.006 0.006 0.073 0.037 0.004 0.003 0.765 
196 TMA-ZAIN-G-    (0)    1 :  0.010 0.002 0.005 0.013 0.006 0.003 0.006 0.006 0.016 0.007 0.004 0.003 0.919 
197 TMA-ZAIN-G-    (0)    1 :  0.013 0.003 0.008 0.011 0.005 0.003 0.007 0.005 0.010 0.009 0.008 0.003 0.915 
198 TMA-ZAIN-G-    (0)    1 :  0.008 0.003 0.009 0.007 0.003 0.003 0.008 0.005 0.016 0.011 0.004 0.003 0.920 
199 TMA-ZAIN-G-    (0)    1 :  0.039 0.004 0.009 0.005 0.009 0.005 0.013 0.007 0.887 0.008 0.005 0.003 0.007 
200 TMA-ZAIN-G-    (0)    1 :  0.003 0.751 0.003 0.004 0.015 0.135 0.002 0.004 0.005 0.004 0.007 0.018 0.049 
201 TMA-ZAIN-G-    (0)    1 :  0.003 0.910 0.005 0.006 0.010 0.034 0.004 0.003 0.003 0.005 0.006 0.008 0.003 
202 TMA-ZAIN-G-    (0)    1 :  0.005 0.844 0.003 0.004 0.008 0.046 0.005 0.002 0.014 0.008 0.004 0.020 0.037 
203 TMA-ZAIN-G-    (0)    1 :  0.067 0.003 0.010 0.004 0.005 0.004 0.032 0.005 0.036 0.022 0.005 0.018 0.790 
204 TMA-ZAIN-G-    (9)    1 :  0.010 0.767 0.018 0.009 0.006 0.042 0.004 0.031 0.009 0.015 0.076 0.005 0.007 
205 TMA-ZAIN-G-    (0)    1 :  0.013 0.663 0.013 0.007 0.005 0.137 0.087 0.013 0.007 0.018 0.024 0.006 0.006 
206 TMA-ZAIN-G-    (9)    1 :  0.009 0.593 0.009 0.009 0.011 0.092 0.006 0.012 0.022 0.020 0.141 0.014 0.061 
207 TMA-ZAIN-G-    (9)    1 :  0.035 0.008 0.025 0.083 0.105 0.031 0.450 0.069 0.033 0.051 0.090 0.008 0.012 
208 TMA-ZAIN-G-    (0)    1 :  0.012 0.003 0.024 0.071 0.014 0.004 0.115 0.006 0.039 0.702 0.002 0.003 0.005 
209 TMA-ZAIN-G-    (0)    1 :  0.374 0.003 0.088 0.016 0.004 0.004 0.061 0.038 0.088 0.101 0.008 0.003 0.214 
210 TMA-ZAIN-G-    (0)    1 :  0.104 0.003 0.075 0.101 0.009 0.004 0.064 0.017 0.145 0.113 0.013 0.004 0.348 
211 TMA-ZAIN-G-    (0)    1 :  0.538 0.022 0.059 0.026 0.016 0.023 0.023 0.010 0.139 0.073 0.009 0.010 0.052 
212 TMA-ZAIN-G-    (0)    1 :  0.055 0.004 0.006 0.012 0.008 0.004 0.046 0.006 0.299 0.518 0.016 0.003 0.022 
213 TMA-ZAIN-G-    (0)    1 :  0.075 0.004 0.035 0.007 0.005 0.005 0.155 0.007 0.464 0.207 0.005 0.004 0.028 
214 TMA-ZAIN-G-    (0)    1 :  0.251 0.004 0.091 0.058 0.005 0.005 0.172 0.009 0.292 0.073 0.005 0.003 0.032 
215 TMA-ZAIN-G-    (0)    1 :  0.016 0.010 0.087 0.005 0.005 0.231 0.041 0.003 0.469 0.125 0.003 0.003 0.004 
216 TMA-ZAIN-G-    (0)    1 :  0.175 0.005 0.018 0.007 0.007 0.006 0.031 0.011 0.683 0.031 0.006 0.003 0.016 
217 TMA-ZAIN-G-    (0)    1 :  0.307 0.003 0.175 0.115 0.003 0.004 0.073 0.007 0.090 0.139 0.007 0.003 0.073 
218 TMA-ZAIN-G-    (0)    1 :  0.011 0.004 0.006 0.009 0.013 0.920 0.006 0.006 0.006 0.006 0.004 0.006 0.003 
219 TMA-ZAIN-G-    (0)    1 :  0.007 0.007 0.004 0.004 0.007 0.931 0.005 0.008 0.004 0.004 0.012 0.005 0.003 
220 TMA-ZAIN-G-    (0)    1 :  0.007 0.005 0.012 0.014 0.067 0.771 0.032 0.008 0.009 0.021 0.012 0.037 0.005 
221 TMA-ZAIN-G-    (0)    1 :  0.015 0.012 0.006 0.005 0.009 0.890 0.008 0.005 0.018 0.010 0.011 0.004 0.006 
222 TMA-ZAIN-G-    (0)    1 :  0.013 0.006 0.008 0.010 0.006 0.881 0.012 0.008 0.006 0.012 0.019 0.015 0.005 
223 TMA-ZAIN-G-    (0)    1 :  0.005 0.007 0.005 0.005 0.017 0.919 0.004 0.005 0.004 0.005 0.014 0.006 0.003 
224 TMA-ZAIN-G-    (0)    1 :  0.026 0.008 0.005 0.005 0.011 0.793 0.006 0.008 0.012 0.006 0.102 0.010 0.008 
225 TMA-ZAIN-G-    (0)    1 :  0.004 0.007 0.003 0.002 0.010 0.932 0.003 0.004 0.006 0.005 0.005 0.009 0.010 
226 TMA-ZAIN-G-    (0)    1 :  0.006 0.007 0.008 0.005 0.013 0.889 0.007 0.005 0.012 0.008 0.009 0.011 0.021 
227 TMA-ZAIN-G-    (0)    1 :  0.005 0.011 0.007 0.004 0.006 0.900 0.008 0.004 0.012 0.010 0.005 0.009 0.018 
228 TMA-ZAIN-G-    (0)    1 :  0.009 0.011 0.028 0.008 0.015 0.842 0.013 0.005 0.010 0.019 0.018 0.013 0.008 
229 TMA-ZAIN-G-    (0)    1 :  0.003 0.021 0.003 0.008 0.009 0.917 0.003 0.006 0.003 0.004 0.007 0.015 0.003 
230 TMA-ZAIN-G-    (0)    1 :  0.059 0.008 0.033 0.013 0.012 0.501 0.005 0.012 0.020 0.030 0.262 0.030 0.014 
231 TMA-ZAIN-G-    (0)    1 :  0.013 0.351 0.023 0.009 0.015 0.334 0.031 0.013 0.010 0.036 0.053 0.103 0.009 
232 TMA-ZAIN-G-    (9)    1 :  0.036 0.386 0.009 0.031 0.005 0.233 0.010 0.010 0.016 0.011 0.019 0.225 0.008 
233 TMA-ZAIN-G-    (0)    1 :  0.026 0.015 0.029 0.044 0.015 0.792 0.009 0.011 0.011 0.014 0.022 0.005 0.008 
234 TMA-ZAIN-G-    (0)    1 :  0.004 0.038 0.005 0.006 0.008 0.716 0.009 0.033 0.004 0.008 0.006 0.151 0.011 
235 TMA-ZAIN-G-    (0)    1 :  0.005 0.017 0.050 0.005 0.037 0.603 0.012 0.008 0.065 0.011 0.035 0.131 0.021 
236 TMA-ZAIN-G-    (0)    1 :  0.011 0.017 0.012 0.007 0.007 0.811 0.013 0.004 0.011 0.015 0.045 0.024 0.024 
237 TMA-ZAIN-G-    (0)    1 :  0.046 0.008 0.164 0.010 0.018 0.363 0.023 0.005 0.019 0.070 0.117 0.147 0.009 
238 TMA-ZAIN-G-    (0)    1 :  0.024 0.018 0.027 0.005 0.007 0.790 0.036 0.003 0.022 0.020 0.007 0.035 0.006 
239 TMA-ZAIN-G-    (0)    1 :  0.008 0.738 0.004 0.017 0.003 0.010 0.004 0.031 0.038 0.006 0.030 0.005 0.107 
240 TMA-ZAIN-G-    (0)    1 :  0.003 0.945 0.005 0.003 0.003 0.007 0.003 0.006 0.003 0.005 0.010 0.004 0.004 
241 TMA-ZAIN-G-    (0)    1 :  0.004 0.932 0.012 0.005 0.003 0.005 0.006 0.005 0.005 0.011 0.005 0.004 0.004 
242 TMA-ZAIN-G-    (0)    1 :  0.004 0.944 0.007 0.005 0.003 0.005 0.007 0.003 0.005 0.008 0.003 0.003 0.003 
243 TMA-ZAIN-G-    (0)    1 :  0.005 0.920 0.014 0.008 0.003 0.005 0.007 0.005 0.007 0.014 0.005 0.003 0.004 
244 TMA-ZAIN-G-    (0)    1 :  0.004 0.912 0.015 0.009 0.003 0.005 0.016 0.003 0.009 0.013 0.003 0.004 0.003 
245 TMA-ZAIN-G-    (9)    1 :  0.003 0.961 0.003 0.002 0.002 0.005 0.003 0.003 0.003 0.004 0.003 0.004 0.003 
246 TMA-ZAIN-G-    (0)    1 :  0.003 0.961 0.003 0.003 0.004 0.004 0.003 0.003 0.004 0.003 0.004 0.002 0.002 
247 TMA-ZAIN-G-    (0)    1 :  0.004 0.953 0.003 0.005 0.005 0.004 0.004 0.004 0.005 0.005 0.004 0.002 0.002 
248 TMA-ZAIN-G-    (0)    1 :  0.004 0.926 0.006 0.005 0.005 0.009 0.005 0.004 0.009 0.008 0.004 0.004 0.010 
249 TMA-ZAIN-G-    (0)    1 :  0.003 0.947 0.003 0.003 0.005 0.006 0.003 0.003 0.006 0.005 0.005 0.003 0.007 
250 TMA-ZAIN-G-    (0)    1 :  0.003 0.951 0.003 0.006 0.005 0.006 0.003 0.003 0.005 0.003 0.005 0.002 0.004 
251 TMA-ZAIN-G-    (0)    1 :  0.006 0.003 0.003 0.004 0.006 0.003 0.004 0.942 0.004 0.004 0.010 0.006 0.005 
252 TMA-ZAIN-G-    (0)    1 :  0.005 0.003 0.026 0.022 0.003 0.007 0.010 0.859 0.007 0.046 0.004 0.003 0.004 
253 TMA-ZAIN-G-    (0)    1 :  0.004 0.003 0.004 0.005 0.003 0.003 0.009 0.945 0.005 0.005 0.005 0.004 0.004 
254 TMA-ZAIN-G-    (9)    1 :  0.012 0.003 0.008 0.010 0.006 0.004 0.027 0.893 0.007 0.013 0.006 0.007 0.005 
255 TMA-ZAIN-G-    (0)    1 :  0.005 0.016 0.004 0.007 0.003 0.004 0.007 0.930 0.004 0.006 0.004 0.008 0.004 
256 TMA-ZAIN-G-    (0)    1 :  0.008 0.010 0.007 0.005 0.004 0.006 0.008 0.873 0.008 0.009 0.022 0.008 0.031 
257 TMA-ZAIN-G-    (0)    1 :  0.005 0.004 0.004 0.003 0.003 0.005 0.003 0.933 0.004 0.003 0.013 0.004 0.016 
258 TMA-ZAIN-G-    (0)    1 :  0.004 0.003 0.003 0.004 0.003 0.004 0.004 0.958 0.003 0.003 0.005 0.003 0.004 
259 TMA-ZAIN-G-    (0)    1 :  0.005 0.006 0.003 0.005 0.005 0.004 0.003 0.931 0.003 0.004 0.022 0.004 0.005 
260 TMA-ZAIN-G-    (0)    1 :  0.005 0.005 0.004 0.009 0.006 0.004 0.003 0.932 0.004 0.004 0.015 0.003 0.007 
261 TMA-ZAIN-G-   (18)    1 :  0.010 0.005 0.005 0.010 0.014 0.005 0.005 0.898 0.006 0.006 0.023 0.005 0.009 
262 TMA-ZAIN-G-    (0)    1 :  0.005 0.003 0.003 0.003 0.003 0.004 0.003 0.952 0.003 0.003 0.008 0.004 0.006 
263 TMA-ZAIN-G-    (0)    1 :  0.004 0.004 0.003 0.003 0.004 0.004 0.004 0.950 0.003 0.003 0.008 0.005 0.004 
264 TMA-ZAIN-G-    (0)    1 :  0.004 0.003 0.004 0.004 0.004 0.004 0.005 0.945 0.003 0.004 0.007 0.007 0.006 
265 TMA-ZAIN-G-    (0)    1 :  0.036 0.012 0.011 0.023 0.025 0.253 0.019 0.150 0.022 0.054 0.377 0.009 0.011 
266 TMA-ZAIN-G-    (0)    1 :  0.128 0.010 0.010 0.019 0.067 0.013 0.026 0.584 0.042 0.024 0.018 0.009 0.049 
267 TMA-ZAIN-G-    (0)    1 :  0.019 0.359 0.015 0.016 0.109 0.023 0.007 0.138 0.009 0.036 0.235 0.027 0.007 
268 TMA-ZAIN-G-    (0)    1 :  0.004 0.886 0.004 0.004 0.008 0.006 0.004 0.005 0.003 0.005 0.008 0.060 0.003 
269 TMA-ZAIN-G-    (0)    1 :  0.008 0.554 0.008 0.005 0.024 0.028 0.006 0.005 0.005 0.007 0.084 0.262 0.004 
270 TMA-ZAIN-G-    (0)    1 :  0.007 0.687 0.005 0.004 0.014 0.016 0.005 0.005 0.004 0.006 0.168 0.074 0.004 
271 TMA-ZAIN-G-    (0)    1 :  0.006 0.893 0.004 0.004 0.011 0.007 0.006 0.005 0.004 0.006 0.022 0.031 0.003 
272 TMA-ZAIN-G-    (0)    1 :  0.006 0.814 0.005 0.003 0.025 0.067 0.004 0.004 0.004 0.005 0.034 0.026 0.003 
273 TMA-ZAIN-G-    (0)    1 :  0.003 0.903 0.003 0.002 0.007 0.038 0.003 0.003 0.003 0.003 0.010 0.018 0.003 
274 TMA-ZAIN-G-    (0)    1 :  0.006 0.788 0.015 0.010 0.019 0.021 0.007 0.009 0.033 0.008 0.010 0.026 0.048 
275 TMA-ZAIN-G-    (0)    1 :  0.004 0.949 0.002 0.002 0.006 0.008 0.004 0.002 0.005 0.004 0.003 0.007 0.003 
276 TMA-ZAIN-G-    (0)    1 :  0.003 0.950 0.005 0.003 0.003 0.005 0.004 0.002 0.003 0.004 0.006 0.009 0.002 
277 TMA-ZAIN-G-    (0)    1 :  0.003 0.939 0.006 0.005 0.005 0.006 0.004 0.007 0.003 0.005 0.004 0.008 0.005 
278 TMA-ZAIN-G-    (0)    1 :  0.003 0.947 0.003 0.003 0.005 0.007 0.002 0.004 0.003 0.003 0.009 0.006 0.003 
279 TMA-ZAIN-G-    (0)    1 :  0.006 0.918 0.004 0.003 0.015 0.014 0.005 0.004 0.005 0.005 0.004 0.010 0.006 
280 TMA-ZAIN-G-    (0)    1 :  0.010 0.724 0.004 0.003 0.015 0.119 0.006 0.004 0.008 0.006 0.007 0.087 0.009 
281 TMA-ZAIN-G-    (0)    1 :  0.007 0.875 0.004 0.003 0.009 0.018 0.004 0.005 0.004 0.005 0.009 0.050 0.007 
282 TMA-ZAIN-G-    (9)    1 :  0.003 0.941 0.003 0.003 0.007 0.007 0.003 0.005 0.003 0.004 0.006 0.013 0.003 
283 TMA-ZAIN-G-    (0)    1 :  0.016 0.616 0.010 0.006 0.063 0.045 0.014 0.117 0.007 0.009 0.031 0.063 0.004 
284 TMA-ZAIN-G-    (0)    1 :  0.023 0.452 0.007 0.004 0.074 0.090 0.017 0.111 0.009 0.011 0.051 0.146 0.006 
285 TMA-ZAIN-G-    (0)    1 :  0.006 0.782 0.033 0.020 0.024 0.019 0.014 0.031 0.027 0.006 0.007 0.022 0.010 
286 TMA-ZAIN-G-    (0)    1 :  0.005 0.897 0.003 0.003 0.014 0.008 0.003 0.008 0.003 0.004 0.011 0.038 0.003 
287 TMA-ZAIN-G-    (0)    1 :  0.003 0.879 0.015 0.010 0.013 0.007 0.005 0.006 0.014 0.005 0.007 0.021 0.014 
288 TMA-ZAIN-G-    (0)    1 :  0.008 0.502 0.020 0.009 0.183 0.058 0.010 0.015 0.048 0.011 0.010 0.077 0.049 
289 TMA-ZAIN-G-    (0)    1 :  0.005 0.809 0.024 0.014 0.028 0.013 0.008 0.011 0.023 0.008 0.009 0.024 0.026 
290 TMA-ZAIN-G-    (0)    1 :  0.015 0.412 0.004 0.003 0.076 0.035 0.008 0.008 0.010 0.008 0.008 0.403 0.009 
291 TMA-ZAIN-G-    (0)    1 :  0.005 0.011 0.004 0.004 0.035 0.891 0.005 0.010 0.006 0.004 0.008 0.012 0.005 
292 TMA-ZAIN-G-    (0)    1 :  0.120 0.017 0.154 0.009 0.011 0.032 0.110 0.004 0.102 0.393 0.009 0.012 0.027 
