

----------------------------------------------------
STRUCTURE by Pritchard, Stephens and Donnelly (2000)
     and Falush, Stephens and Pritchard (2003)
       Code by Pritchard, Falush and Hubisz
             Version 2.3.4 (Jul 2012)
----------------------------------------------------



Command line arguments:   bin\structure -m C:\Users\eschumacher\Documents\GitHub\GCC_QUAC_ZAIN\Data_Files\Structure_Files\ZAIN\ZAIN_rebinned_allpop_str\50-50\mainparams -e C:\Users\eschumacher\Documents\GitHub\GCC_QUAC_ZAIN\Data_Files\Structure_Files\ZAIN\ZAIN_rebinned_allpop_str\50-50\extraparams 
Input File:    C:\Users\eschumacher\Documents\GitHub\GCC_QUAC_ZAIN\Data_Files\Structure_Files\ZAIN\ZAIN_rebinned_allpop_str\project_data

Run parameters:
   1133 individuals
   11 loci
   7 populations assumed
   50000 Burn-in period
   50000 Reps


--------------------------------------------
Proportion of membership of each pre-defined
 population in each of the 7 clusters

Given    Inferred Clusters                                   Number of
 Pop       1      2      3      4      5      6      7      Individuals

  1:     0.097  0.114  0.170  0.117  0.302  0.046  0.152      303
  2:     0.065  0.208  0.147  0.127  0.279  0.068  0.106       15
  3:     0.011  0.009  0.113  0.585  0.227  0.018  0.037        2
  4:     0.068  0.042  0.127  0.308  0.348  0.049  0.058        2
  5:     0.048  0.023  0.268  0.379  0.199  0.059  0.025        7
  6:     0.016  0.020  0.223  0.013  0.050  0.013  0.665       13
  7:     0.018  0.005  0.006  0.015  0.005  0.004  0.947       13
  8:     0.018  0.029  0.206  0.022  0.587  0.129  0.010        7
  9:     0.035  0.018  0.356  0.084  0.443  0.045  0.019       11
 10:     0.118  0.034  0.077  0.179  0.551  0.029  0.011        9
 11:     0.929  0.007  0.006  0.012  0.009  0.005  0.031       35
 12:     0.007  0.032  0.089  0.008  0.828  0.032  0.005       36
 13:     0.006  0.010  0.043  0.010  0.887  0.039  0.006       33
 14:     0.007  0.942  0.007  0.005  0.009  0.010  0.019       40
 15:     0.004  0.011  0.965  0.004  0.006  0.006  0.003       39
 16:     0.183  0.026  0.023  0.626  0.059  0.031  0.053       40
 17:     0.067  0.034  0.012  0.747  0.013  0.019  0.107       37
 18:     0.006  0.006  0.061  0.004  0.894  0.024  0.003       40
 19:     0.929  0.038  0.009  0.007  0.005  0.003  0.008       28
 20:     0.009  0.915  0.009  0.016  0.014  0.008  0.028       14
 21:     0.009  0.010  0.035  0.019  0.011  0.006  0.909       13
 22:     0.006  0.015  0.925  0.005  0.035  0.011  0.003       14
 23:     0.006  0.009  0.038  0.006  0.882  0.052  0.006       25
 24:     0.007  0.008  0.007  0.005  0.011  0.956  0.005       40
 25:     0.023  0.858  0.051  0.023  0.028  0.008  0.009       32
 26:     0.003  0.005  0.004  0.005  0.006  0.006  0.971       20
 27:     0.749  0.010  0.008  0.206  0.013  0.006  0.007        4
 28:     0.885  0.012  0.010  0.020  0.040  0.016  0.017       23
 29:     0.953  0.009  0.006  0.015  0.006  0.005  0.007       39
 30:     0.050  0.008  0.005  0.010  0.007  0.005  0.916       38
 31:     0.005  0.009  0.818  0.008  0.097  0.057  0.005       45
 32:     0.005  0.016  0.485  0.011  0.446  0.026  0.010       28
 33:     0.940  0.007  0.006  0.030  0.005  0.005  0.008        6
 34:     0.027  0.014  0.020  0.871  0.014  0.046  0.008       40
 35:     0.019  0.012  0.021  0.849  0.011  0.011  0.078       42
--------------------------------------------

Allele-freq. divergence among pops (Net nucleotide distance),
computed using point estimates of P.

      1       2       3       4       5       6       7      
 1      -    0.1423  0.2098  0.0898  0.2126  0.3203  0.1432  
 2   0.1423     -    0.1165  0.0986  0.1612  0.1762  0.2101  
 3   0.2098  0.1165     -    0.1059  0.0869  0.1477  0.2719  
 4   0.0898  0.0986  0.1059     -    0.1439  0.2065  0.1209  
 5   0.2126  0.1612  0.0869  0.1439     -    0.0964  0.2780  
 6   0.3203  0.1762  0.1477  0.2065  0.0964     -    0.3446  
 7   0.1432  0.2101  0.2719  0.1209  0.2780  0.3446     -    

Average distances (expected heterozygosity) between individuals in same cluster:
cluster  1  : 0.4825 
cluster  2  : 0.4381 
cluster  3  : 0.4252 
cluster  4  : 0.5531 
cluster  5  : 0.4153 
cluster  6  : 0.3680 
cluster  7  : 0.4255 

--------------------------------------------
Estimated Ln Prob of Data   = -21819.6
Mean value of ln likelihood = -21368.3
Variance of ln likelihood   = 902.5
Mean value of alpha         = 0.0337

Mean value of Fst_1         = 0.3314
Mean value of Fst_2         = 0.4145
Mean value of Fst_3         = 0.3876
Mean value of Fst_4         = 0.1274
Mean value of Fst_5         = 0.2940
Mean value of Fst_6         = 0.4259
Mean value of Fst_7         = 0.4139


Inferred ancestry of individuals:
        Label (%Miss) Pop:  Inferred clusters
  1 TMA-ZAIN-G-    (9)    1 :  0.807 0.021 0.069 0.065 0.016 0.017 0.005 
  2 TMA-ZAIN-G-    (0)    1 :  0.721 0.025 0.012 0.040 0.186 0.005 0.009 
  3 TMA-ZAIN-G-    (0)    1 :  0.010 0.016 0.263 0.010 0.478 0.220 0.004 
  4 TMA-ZAIN-G-    (0)    1 :  0.021 0.755 0.027 0.012 0.124 0.053 0.008 
  5 TMA-ZAIN-G-    (0)    1 :  0.977 0.006 0.002 0.004 0.003 0.003 0.005 
  6 TMA-ZAIN-G-    (0)    1 :  0.097 0.082 0.189 0.163 0.198 0.233 0.039 
  7 TMA-ZAIN-G-    (0)    1 :  0.013 0.027 0.227 0.015 0.700 0.010 0.007 
  8 TMA-ZAIN-G-    (0)    1 :  0.009 0.023 0.672 0.006 0.223 0.065 0.003 
  9 TMA-ZAIN-G-    (9)    1 :  0.011 0.007 0.096 0.013 0.812 0.055 0.005 
 10 TMA-ZAIN-G-    (0)    1 :  0.003 0.013 0.161 0.011 0.758 0.049 0.004 
 11 TMA-ZAIN-G-    (0)    1 :  0.006 0.008 0.151 0.009 0.814 0.007 0.006 
 12 TMA-ZAIN-G-    (0)    1 :  0.005 0.004 0.019 0.005 0.959 0.005 0.003 
 13 TMA-ZAIN-G-    (9)    1 :  0.046 0.021 0.357 0.031 0.426 0.019 0.099 
 14 TMA-ZAIN-G-    (9)    1 :  0.004 0.006 0.966 0.005 0.008 0.006 0.005 
 15 TMA-ZAIN-G-    (0)    1 :  0.004 0.005 0.969 0.006 0.006 0.008 0.003 
 16 TMA-ZAIN-G-    (0)    1 :  0.003 0.004 0.013 0.006 0.965 0.005 0.004 
 17 TMA-ZAIN-G-    (9)    1 :  0.017 0.038 0.843 0.053 0.022 0.006 0.021 
 18 TMA-ZAIN-G-    (0)    1 :  0.754 0.054 0.018 0.150 0.010 0.009 0.006 
 19 TMA-ZAIN-G-    (0)    1 :  0.014 0.006 0.026 0.922 0.016 0.005 0.011 
 20 TMA-ZAIN-G-    (0)    1 :  0.046 0.021 0.003 0.840 0.003 0.004 0.083 
 21 TMA-ZAIN-G-    (0)    1 :  0.003 0.005 0.003 0.004 0.004 0.006 0.975 
 22 TMA-ZAIN-G-    (0)    1 :  0.052 0.006 0.003 0.011 0.003 0.002 0.923 
 23 TMA-ZAIN-G-    (0)    1 :  0.020 0.005 0.008 0.035 0.007 0.004 0.921 
 24 TMA-ZAIN-G-    (9)    1 :  0.008 0.006 0.029 0.004 0.042 0.206 0.705 
 25 TMA-ZAIN-G-    (9)    1 :  0.114 0.004 0.008 0.807 0.051 0.006 0.011 
 26 TMA-ZAIN-G-    (9)    1 :  0.008 0.522 0.090 0.013 0.327 0.008 0.031 
 27 TMA-ZAIN-G-    (0)    1 :  0.060 0.018 0.040 0.852 0.007 0.010 0.012 
 28 TMA-ZAIN-G-    (0)    1 :  0.012 0.007 0.012 0.949 0.007 0.009 0.004 
 29 TMA-ZAIN-G-    (0)    1 :  0.004 0.012 0.005 0.241 0.004 0.730 0.004 
 30 TMA-ZAIN-G-    (0)    1 :  0.004 0.007 0.368 0.380 0.164 0.072 0.005 
 31 TMA-ZAIN-G-    (0)    1 :  0.916 0.044 0.005 0.011 0.006 0.006 0.012 
 32 TMA-ZAIN-G-    (9)    1 :  0.870 0.005 0.027 0.018 0.063 0.004 0.013 
 33 TMA-ZAIN-G-   (18)    1 :  0.007 0.004 0.156 0.006 0.809 0.016 0.003 
 34 TMA-ZAIN-G-    (0)    1 :  0.221 0.009 0.012 0.012 0.710 0.014 0.022 
 35 TMA-ZAIN-G-    (9)    1 :  0.023 0.013 0.143 0.015 0.727 0.074 0.004 
 36 TMA-ZAIN-G-    (0)    1 :  0.004 0.015 0.372 0.006 0.589 0.010 0.003 
 37 TMA-ZAIN-G-    (9)    1 :  0.009 0.013 0.034 0.014 0.904 0.021 0.006 
 38 TMA-ZAIN-G-   (18)    1 :  0.867 0.006 0.046 0.026 0.037 0.007 0.010 
 39 TMA-ZAIN-G-    (0)    1 :  0.003 0.008 0.007 0.005 0.961 0.011 0.005 
 40 TMA-ZAIN-G-    (0)    1 :  0.003 0.005 0.028 0.004 0.950 0.006 0.004 
 41 TMA-ZAIN-G-    (0)    1 :  0.003 0.005 0.627 0.006 0.348 0.009 0.003 
 42 TMA-ZAIN-G-    (9)    1 :  0.003 0.006 0.971 0.003 0.009 0.006 0.002 
 43 TMA-ZAIN-G-    (0)    1 :  0.004 0.008 0.966 0.004 0.005 0.010 0.003 
 44 TMA-ZAIN-G-    (0)    1 :  0.005 0.005 0.011 0.013 0.104 0.019 0.842 
 45 TMA-ZAIN-G-    (0)    1 :  0.006 0.011 0.085 0.009 0.878 0.006 0.006 
 46 TMA-ZAIN-G-    (0)    1 :  0.004 0.006 0.003 0.004 0.004 0.003 0.978 
 47 TMA-ZAIN-G-    (0)    1 :  0.004 0.976 0.004 0.004 0.004 0.004 0.003 
 48 TMA-ZAIN-G-    (0)    1 :  0.007 0.641 0.210 0.021 0.072 0.020 0.029 
 49 TMA-ZAIN-G-    (9)    1 :  0.023 0.012 0.006 0.896 0.019 0.040 0.005 
 50 TMA-ZAIN-G-    (0)    1 :  0.007 0.003 0.026 0.941 0.014 0.003 0.006 
 51 TMA-ZAIN-G-    (0)    1 :  0.007 0.024 0.049 0.898 0.008 0.006 0.008 
 52 TMA-ZAIN-G-    (0)    1 :  0.006 0.099 0.014 0.852 0.014 0.003 0.012 
 53 TMA-ZAIN-G-    (0)    1 :  0.146 0.182 0.027 0.616 0.013 0.007 0.009 
 54 TMA-ZAIN-G-    (0)    1 :  0.005 0.959 0.012 0.010 0.006 0.004 0.005 
 55 TMA-ZAIN-G-    (0)    1 :  0.005 0.896 0.045 0.032 0.009 0.003 0.009 
 56 TMA-ZAIN-G-    (0)    1 :  0.009 0.673 0.104 0.105 0.060 0.040 0.010 
 57 TMA-ZAIN-G-    (0)    1 :  0.008 0.952 0.005 0.014 0.010 0.009 0.004 
 58 TMA-ZAIN-G-    (0)    1 :  0.022 0.023 0.012 0.866 0.007 0.005 0.064 
 59 TMA-ZAIN-G-    (0)    1 :  0.670 0.065 0.043 0.039 0.108 0.042 0.032 
 60 TMA-ZAIN-G-    (0)    1 :  0.394 0.043 0.080 0.449 0.017 0.008 0.009 
 61 TMA-ZAIN-G-    (0)    1 :  0.939 0.019 0.003 0.010 0.004 0.003 0.023 
 62 TMA-ZAIN-G-    (9)    1 :  0.847 0.009 0.018 0.040 0.047 0.012 0.027 
 63 TMA-ZAIN-G-    (0)    1 :  0.955 0.013 0.006 0.011 0.004 0.003 0.008 
 64 TMA-ZAIN-G-    (0)    1 :  0.002 0.004 0.006 0.003 0.007 0.977 0.002 
 65 TMA-ZAIN-G-    (9)    1 :  0.003 0.006 0.007 0.003 0.012 0.965 0.003 
 66 TMA-ZAIN-G-    (0)    1 :  0.003 0.004 0.006 0.003 0.015 0.966 0.003 
 67 TMA-ZAIN-G-    (0)    1 :  0.004 0.005 0.006 0.011 0.050 0.912 0.013 
 68 TMA-ZAIN-G-    (0)    1 :  0.002 0.005 0.007 0.003 0.005 0.976 0.002 
 69 TMA-ZAIN-G-    (0)    1 :  0.024 0.015 0.012 0.019 0.065 0.835 0.029 
 70 TMA-ZAIN-G-    (0)    1 :  0.003 0.004 0.008 0.007 0.877 0.094 0.005 
 71 TMA-ZAIN-G-    (0)    1 :  0.003 0.003 0.005 0.004 0.976 0.006 0.003 
 72 TMA-ZAIN-G-    (0)    1 :  0.005 0.013 0.049 0.010 0.843 0.074 0.005 
 73 TMA-ZAIN-G-    (0)    1 :  0.026 0.015 0.007 0.033 0.874 0.007 0.038 
 74 TMA-ZAIN-G-    (0)    1 :  0.011 0.007 0.007 0.020 0.930 0.012 0.014 
 75 TMA-ZAIN-G-    (0)    1 :  0.006 0.008 0.010 0.008 0.957 0.008 0.003 
 76 TMA-ZAIN-G-    (0)    1 :  0.007 0.003 0.005 0.023 0.897 0.010 0.055 
 77 TMA-ZAIN-G-    (0)    1 :  0.004 0.009 0.019 0.009 0.941 0.008 0.010 
 78 TMA-ZAIN-G-    (0)    1 :  0.010 0.014 0.010 0.041 0.870 0.007 0.048 
 79 TMA-ZAIN-G-    (0)    1 :  0.006 0.017 0.020 0.012 0.906 0.006 0.033 
 80 TMA-ZAIN-G-    (0)    1 :  0.003 0.010 0.008 0.004 0.947 0.022 0.005 
 81 TMA-ZAIN-G-    (0)    1 :  0.004 0.009 0.012 0.009 0.953 0.005 0.009 
 82 TMA-ZAIN-G-    (0)    1 :  0.006 0.015 0.011 0.006 0.762 0.195 0.003 
 83 TMA-ZAIN-G-    (9)    1 :  0.079 0.022 0.009 0.026 0.688 0.144 0.031 
 84 TMA-ZAIN-G-    (0)    1 :  0.005 0.006 0.007 0.014 0.925 0.006 0.037 
 85 TMA-ZAIN-G-    (0)    1 :  0.023 0.787 0.008 0.145 0.009 0.006 0.022 
 86 TMA-ZAIN-G-    (0)    1 :  0.008 0.891 0.010 0.023 0.021 0.012 0.035 
 87 TMA-ZAIN-G-    (0)    1 :  0.034 0.700 0.007 0.058 0.011 0.005 0.184 
 88 TMA-ZAIN-G-    (0)    1 :  0.165 0.629 0.030 0.011 0.110 0.042 0.013 
 89 TMA-ZAIN-G-    (0)    1 :  0.017 0.891 0.019 0.005 0.030 0.019 0.018 
 90 TMA-ZAIN-G-    (0)    1 :  0.008 0.945 0.007 0.016 0.009 0.007 0.008 
 91 TMA-ZAIN-G-    (0)    1 :  0.024 0.929 0.011 0.013 0.009 0.007 0.007 
 92 TMA-ZAIN-G-    (0)    1 :  0.005 0.935 0.009 0.022 0.007 0.005 0.018 
 93 TMA-ZAIN-G-    (0)    1 :  0.017 0.933 0.008 0.023 0.005 0.005 0.008 
 94 TMA-ZAIN-G-    (0)    1 :  0.039 0.922 0.004 0.016 0.004 0.003 0.011 
 95 TMA-ZAIN-G-    (0)    1 :  0.010 0.004 0.035 0.909 0.014 0.020 0.008 
 96 TMA-ZAIN-G-    (0)    1 :  0.004 0.006 0.054 0.915 0.011 0.005 0.005 
 97 TMA-ZAIN-G-    (0)    1 :  0.955 0.009 0.005 0.011 0.007 0.006 0.007 
 98 TMA-ZAIN-G-    (0)    1 :  0.969 0.009 0.004 0.004 0.006 0.004 0.004 
 99 TMA-ZAIN-G-    (0)    1 :  0.834 0.004 0.024 0.007 0.087 0.028 0.016 
100 TMA-ZAIN-G-    (0)    1 :  0.929 0.024 0.005 0.017 0.005 0.005 0.017 
101 TMA-ZAIN-G-    (0)    1 :  0.958 0.008 0.005 0.008 0.010 0.006 0.005 
102 TMA-ZAIN-G-    (0)    1 :  0.636 0.014 0.046 0.060 0.049 0.013 0.183 
103 TMA-ZAIN-G-    (0)    1 :  0.918 0.009 0.010 0.029 0.014 0.005 0.015 
104 TMA-ZAIN-G-    (0)    1 :  0.975 0.004 0.004 0.005 0.003 0.002 0.006 
105 TMA-ZAIN-G-    (0)    1 :  0.927 0.010 0.012 0.023 0.016 0.005 0.007 
106 TMA-ZAIN-G-    (0)    1 :  0.004 0.006 0.672 0.004 0.265 0.046 0.003 
107 TMA-ZAIN-G-    (0)    1 :  0.004 0.005 0.011 0.004 0.965 0.008 0.003 
108 TMA-ZAIN-G-    (9)    1 :  0.412 0.023 0.203 0.047 0.250 0.014 0.051 
109 TMA-ZAIN-G-    (0)    1 :  0.377 0.050 0.162 0.045 0.080 0.282 0.005 
110 TMA-ZAIN-G-    (0)    1 :  0.090 0.031 0.189 0.112 0.416 0.010 0.152 
111 TMA-ZAIN-G-    (9)    1 :  0.675 0.040 0.011 0.050 0.114 0.024 0.086 
112 TMA-ZAIN-G-    (0)    1 :  0.296 0.030 0.255 0.149 0.188 0.028 0.054 
113 TMA-ZAIN-G-    (0)    1 :  0.941 0.014 0.005 0.005 0.017 0.010 0.008 
114 TMA-ZAIN-G-    (0)    1 :  0.972 0.004 0.003 0.005 0.003 0.003 0.011 
115 TMA-ZAIN-G-    (0)    1 :  0.976 0.004 0.003 0.005 0.004 0.003 0.006 
116 TMA-ZAIN-G-    (0)    1 :  0.008 0.014 0.008 0.004 0.939 0.025 0.003 
117 TMA-ZAIN-G-    (0)    1 :  0.012 0.083 0.318 0.022 0.260 0.301 0.004 
118 TMA-ZAIN-G-    (0)    1 :  0.007 0.011 0.016 0.007 0.912 0.045 0.003 
119 TMA-ZAIN-G-    (0)    1 :  0.020 0.013 0.008 0.010 0.892 0.050 0.008 
120 TMA-ZAIN-G-    (0)    1 :  0.010 0.016 0.040 0.011 0.880 0.038 0.004 
121 TMA-ZAIN-G-    (0)    1 :  0.024 0.032 0.070 0.013 0.585 0.273 0.003 
122 TMA-ZAIN-G-    (0)    1 :  0.006 0.032 0.045 0.016 0.845 0.048 0.007 
123 TMA-ZAIN-G-    (0)    1 :  0.956 0.006 0.007 0.013 0.005 0.004 0.009 
124 TMA-ZAIN-G-    (0)    1 :  0.006 0.005 0.965 0.005 0.012 0.005 0.003 
125 TMA-ZAIN-G-    (0)    1 :  0.003 0.044 0.896 0.005 0.010 0.040 0.002 
126 TMA-ZAIN-G-    (0)    1 :  0.005 0.007 0.965 0.004 0.012 0.005 0.003 
127 TMA-ZAIN-G-    (0)    1 :  0.003 0.004 0.967 0.004 0.012 0.008 0.003 
128 TMA-ZAIN-G-    (0)    1 :  0.004 0.007 0.903 0.006 0.023 0.054 0.003 
129 TMA-ZAIN-G-    (0)    1 :  0.007 0.005 0.963 0.005 0.012 0.006 0.003 
130 TMA-ZAIN-G-    (0)    1 :  0.007 0.026 0.937 0.005 0.014 0.009 0.002 
131 TMA-ZAIN-G-    (0)    1 :  0.004 0.005 0.965 0.006 0.011 0.006 0.003 
132 TMA-ZAIN-G-    (0)    1 :  0.004 0.041 0.800 0.006 0.057 0.090 0.003 
133 TMA-ZAIN-G-    (0)    1 :  0.003 0.050 0.716 0.018 0.104 0.093 0.015 
134 TMA-ZAIN-G-    (0)    1 :  0.003 0.029 0.826 0.006 0.074 0.054 0.008 
135 TMA-ZAIN-G-    (0)    1 :  0.004 0.012 0.043 0.004 0.910 0.023 0.004 
136 TMA-ZAIN-G-    (0)    1 :  0.010 0.016 0.038 0.005 0.206 0.720 0.005 
137 TMA-ZAIN-G-    (0)    1 :  0.006 0.006 0.013 0.004 0.961 0.006 0.004 
138 TMA-ZAIN-G-    (0)    1 :  0.005 0.018 0.337 0.003 0.618 0.016 0.003 
139 TMA-ZAIN-G-    (0)    1 :  0.005 0.062 0.082 0.003 0.829 0.015 0.004 
140 TMA-ZAIN-G-    (0)    1 :  0.004 0.004 0.020 0.005 0.954 0.009 0.004 
141 TMA-ZAIN-G-    (0)    1 :  0.005 0.008 0.051 0.006 0.920 0.007 0.003 
142 TMA-ZAIN-G-    (9)    1 :  0.004 0.005 0.018 0.005 0.952 0.012 0.003 
143 TMA-ZAIN-G-    (0)    1 :  0.005 0.005 0.064 0.005 0.895 0.023 0.003 
144 TMA-ZAIN-G-    (0)    1 :  0.004 0.021 0.037 0.010 0.917 0.006 0.005 
145 TMA-ZAIN-G-    (0)    1 :  0.003 0.012 0.017 0.005 0.667 0.292 0.002 
146 TMA-ZAIN-G-    (0)    1 :  0.003 0.004 0.006 0.003 0.975 0.006 0.003 
147 TMA-ZAIN-G-    (9)    1 :  0.003 0.005 0.007 0.003 0.968 0.010 0.004 
148 TMA-ZAIN-G-    (0)    1 :  0.003 0.026 0.074 0.004 0.885 0.005 0.003 
149 TMA-ZAIN-G-    (0)    1 :  0.030 0.083 0.052 0.015 0.795 0.007 0.018 
150 TMA-ZAIN-G-    (0)    1 :  0.030 0.072 0.016 0.015 0.816 0.033 0.017 
151 TMA-ZAIN-G-    (0)    1 :  0.004 0.005 0.029 0.004 0.943 0.013 0.002 
152 TMA-ZAIN-G-    (0)    1 :  0.005 0.006 0.010 0.003 0.965 0.009 0.002 
153 TMA-ZAIN-G-    (0)    1 :  0.004 0.011 0.047 0.003 0.915 0.018 0.003 
154 TMA-ZAIN-G-    (0)    1 :  0.004 0.006 0.009 0.003 0.968 0.007 0.002 
155 TMA-ZAIN-G-    (0)    1 :  0.005 0.004 0.013 0.004 0.961 0.010 0.003 
156 TMA-ZAIN-G-    (9)    1 :  0.011 0.012 0.102 0.004 0.861 0.006 0.003 
157 TMA-ZAIN-G-    (0)    1 :  0.005 0.007 0.159 0.005 0.814 0.008 0.003 
158 TMA-ZAIN-G-    (0)    1 :  0.004 0.005 0.006 0.005 0.973 0.005 0.003 
159 TMA-ZAIN-G-    (0)    1 :  0.004 0.004 0.005 0.004 0.971 0.009 0.002 
160 TMA-ZAIN-G-    (0)    1 :  0.006 0.005 0.005 0.003 0.963 0.016 0.002 
161 TMA-ZAIN-G-    (0)    1 :  0.003 0.015 0.042 0.005 0.927 0.006 0.003 
162 TMA-ZAIN-G-    (0)    1 :  0.034 0.018 0.007 0.010 0.908 0.008 0.016 
163 TMA-ZAIN-G-    (0)    1 :  0.004 0.004 0.006 0.003 0.976 0.005 0.002 
164 TMA-ZAIN-G-    (0)    1 :  0.006 0.009 0.007 0.004 0.962 0.009 0.003 
165 TMA-ZAIN-G-    (0)    1 :  0.004 0.004 0.006 0.003 0.973 0.007 0.002 
166 TMA-ZAIN-G-    (0)    1 :  0.003 0.007 0.010 0.004 0.966 0.008 0.002 
167 TMA-ZAIN-G-    (0)    1 :  0.006 0.005 0.016 0.007 0.956 0.005 0.005 
168 TMA-ZAIN-G-    (0)    1 :  0.006 0.006 0.024 0.005 0.922 0.034 0.004 
169 TMA-ZAIN-G-    (0)    1 :  0.004 0.007 0.010 0.004 0.672 0.300 0.003 
170 TMA-ZAIN-G-    (0)    1 :  0.016 0.004 0.178 0.025 0.733 0.034 0.010 
171 TMA-ZAIN-G-    (0)    1 :  0.004 0.004 0.006 0.003 0.935 0.045 0.003 
172 TMA-ZAIN-G-    (0)    1 :  0.004 0.005 0.619 0.007 0.355 0.007 0.004 
173 TMA-ZAIN-G-    (0)    1 :  0.004 0.005 0.812 0.007 0.159 0.009 0.004 
174 TMA-ZAIN-G-    (0)    1 :  0.003 0.007 0.123 0.005 0.776 0.082 0.002 
175 TMA-ZAIN-G-    (0)    1 :  0.004 0.005 0.007 0.003 0.967 0.010 0.004 
176 TMA-ZAIN-G-    (0)    1 :  0.003 0.004 0.007 0.003 0.972 0.007 0.003 
177 TMA-ZAIN-G-    (0)    1 :  0.004 0.004 0.019 0.005 0.961 0.004 0.003 
178 TMA-ZAIN-G-    (0)    1 :  0.005 0.004 0.491 0.007 0.483 0.006 0.004 
179 TMA-ZAIN-G-    (0)    1 :  0.003 0.005 0.059 0.004 0.917 0.008 0.003 
180 TMA-ZAIN-G-    (0)    1 :  0.005 0.018 0.797 0.009 0.050 0.112 0.009 
181 TMA-ZAIN-G-    (0)    1 :  0.004 0.004 0.964 0.003 0.015 0.006 0.003 
182 TMA-ZAIN-G-    (0)    1 :  0.007 0.005 0.966 0.004 0.013 0.003 0.003 
183 TMA-ZAIN-G-    (0)    1 :  0.004 0.003 0.969 0.004 0.012 0.005 0.003 
184 TMA-ZAIN-G-    (0)    1 :  0.052 0.033 0.822 0.014 0.048 0.012 0.019 
185 TMA-ZAIN-G-    (0)    1 :  0.020 0.046 0.775 0.044 0.067 0.011 0.036 
186 TMA-ZAIN-G-    (9)    1 :  0.004 0.007 0.906 0.016 0.049 0.011 0.007 
187 TMA-ZAIN-G-    (0)    1 :  0.004 0.003 0.858 0.006 0.105 0.021 0.003 
188 TMA-ZAIN-G-    (0)    1 :  0.004 0.003 0.850 0.005 0.114 0.021 0.003 
189 TMA-ZAIN-G-    (0)    1 :  0.002 0.003 0.964 0.003 0.011 0.014 0.003 
190 TMA-ZAIN-G-    (0)    1 :  0.003 0.004 0.889 0.009 0.063 0.029 0.003 
191 TMA-ZAIN-G-    (0)    1 :  0.020 0.016 0.862 0.014 0.046 0.007 0.035 
192 TMA-ZAIN-G-    (0)    1 :  0.004 0.007 0.951 0.005 0.016 0.005 0.012 
193 TMA-ZAIN-G-    (0)    1 :  0.003 0.007 0.975 0.004 0.004 0.004 0.003 
194 TMA-ZAIN-G-    (0)    1 :  0.003 0.010 0.968 0.005 0.004 0.006 0.004 
195 TMA-ZAIN-G-    (0)    1 :  0.003 0.006 0.960 0.006 0.011 0.011 0.003 
196 TMA-ZAIN-G-    (0)    1 :  0.003 0.005 0.973 0.004 0.005 0.007 0.003 
197 TMA-ZAIN-G-    (0)    1 :  0.003 0.010 0.966 0.004 0.006 0.008 0.003 
198 TMA-ZAIN-G-    (0)    1 :  0.003 0.005 0.970 0.004 0.007 0.007 0.003 
199 TMA-ZAIN-G-    (0)    1 :  0.003 0.008 0.923 0.010 0.044 0.007 0.005 
200 TMA-ZAIN-G-    (0)    1 :  0.017 0.004 0.013 0.031 0.003 0.003 0.930 
201 TMA-ZAIN-G-    (0)    1 :  0.006 0.004 0.003 0.012 0.004 0.005 0.966 
202 TMA-ZAIN-G-    (0)    1 :  0.015 0.003 0.018 0.013 0.006 0.003 0.943 
203 TMA-ZAIN-G-    (0)    1 :  0.007 0.005 0.969 0.005 0.007 0.004 0.003 
204 TMA-ZAIN-G-    (9)    1 :  0.005 0.040 0.006 0.017 0.009 0.012 0.911 
205 TMA-ZAIN-G-    (0)    1 :  0.007 0.015 0.008 0.038 0.122 0.007 0.803 
206 TMA-ZAIN-G-    (9)    1 :  0.014 0.025 0.047 0.033 0.016 0.013 0.853 
207 TMA-ZAIN-G-    (9)    1 :  0.014 0.116 0.022 0.065 0.673 0.099 0.011 
208 TMA-ZAIN-G-    (0)    1 :  0.003 0.004 0.009 0.004 0.927 0.051 0.003 
209 TMA-ZAIN-G-    (0)    1 :  0.003 0.042 0.826 0.004 0.109 0.014 0.003 
210 TMA-ZAIN-G-    (0)    1 :  0.004 0.014 0.757 0.006 0.128 0.087 0.003 
211 TMA-ZAIN-G-    (0)    1 :  0.012 0.012 0.656 0.028 0.233 0.034 0.024 
212 TMA-ZAIN-G-    (0)    1 :  0.004 0.013 0.377 0.008 0.567 0.024 0.005 
213 TMA-ZAIN-G-    (0)    1 :  0.004 0.011 0.247 0.005 0.722 0.007 0.004 
214 TMA-ZAIN-G-    (0)    1 :  0.003 0.009 0.458 0.004 0.459 0.064 0.003 
215 TMA-ZAIN-G-    (0)    1 :  0.004 0.003 0.064 0.263 0.649 0.007 0.010 
216 TMA-ZAIN-G-    (0)    1 :  0.003 0.008 0.866 0.007 0.101 0.008 0.006 
217 TMA-ZAIN-G-    (0)    1 :  0.004 0.008 0.465 0.004 0.348 0.167 0.003 
218 TMA-ZAIN-G-    (0)    1 :  0.006 0.005 0.006 0.964 0.006 0.010 0.004 
219 TMA-ZAIN-G-    (0)    1 :  0.004 0.010 0.005 0.962 0.004 0.003 0.012 
220 TMA-ZAIN-G-    (0)    1 :  0.060 0.011 0.007 0.881 0.023 0.014 0.004 
221 TMA-ZAIN-G-    (0)    1 :  0.005 0.007 0.018 0.929 0.011 0.008 0.023 
222 TMA-ZAIN-G-    (0)    1 :  0.033 0.017 0.009 0.906 0.014 0.013 0.009 
223 TMA-ZAIN-G-    (0)    1 :  0.007 0.006 0.003 0.968 0.004 0.004 0.009 
224 TMA-ZAIN-G-    (0)    1 :  0.013 0.017 0.017 0.925 0.006 0.005 0.018 
225 TMA-ZAIN-G-    (0)    1 :  0.010 0.004 0.007 0.961 0.004 0.002 0.011 
226 TMA-ZAIN-G-    (0)    1 :  0.013 0.006 0.010 0.950 0.007 0.004 0.009 
227 TMA-ZAIN-G-    (0)    1 :  0.014 0.005 0.012 0.933 0.009 0.004 0.024 
228 TMA-ZAIN-G-    (0)    1 :  0.017 0.007 0.007 0.936 0.016 0.008 0.010 
229 TMA-ZAIN-G-    (0)    1 :  0.026 0.007 0.003 0.872 0.003 0.010 0.079 
230 TMA-ZAIN-G-    (0)    1 :  0.038 0.055 0.059 0.792 0.029 0.020 0.008 
231 TMA-ZAIN-G-    (0)    1 :  0.152 0.032 0.013 0.174 0.074 0.013 0.542 
232 TMA-ZAIN-G-    (9)    1 :  0.268 0.013 0.036 0.077 0.024 0.060 0.521 
233 TMA-ZAIN-G-    (0)    1 :  0.005 0.018 0.012 0.890 0.014 0.037 0.023 
234 TMA-ZAIN-G-    (0)    1 :  0.300 0.022 0.006 0.606 0.008 0.006 0.052 
235 TMA-ZAIN-G-    (0)    1 :  0.132 0.011 0.052 0.745 0.027 0.005 0.028 
236 TMA-ZAIN-G-    (0)    1 :  0.074 0.008 0.018 0.818 0.012 0.007 0.063 
237 TMA-ZAIN-G-    (0)    1 :  0.228 0.028 0.042 0.481 0.174 0.032 0.015 
238 TMA-ZAIN-G-    (0)    1 :  0.066 0.006 0.016 0.842 0.032 0.005 0.034 
239 TMA-ZAIN-G-    (0)    1 :  0.006 0.053 0.143 0.005 0.006 0.025 0.762 
240 TMA-ZAIN-G-    (0)    1 :  0.003 0.007 0.003 0.004 0.004 0.003 0.977 
241 TMA-ZAIN-G-    (0)    1 :  0.004 0.005 0.004 0.003 0.009 0.005 0.970 
242 TMA-ZAIN-G-    (0)    1 :  0.003 0.004 0.003 0.004 0.007 0.005 0.973 
243 TMA-ZAIN-G-    (0)    1 :  0.003 0.006 0.005 0.004 0.011 0.009 0.963 
244 TMA-ZAIN-G-    (0)    1 :  0.004 0.003 0.005 0.004 0.016 0.010 0.959 
245 TMA-ZAIN-G-    (9)    1 :  0.003 0.003 0.003 0.004 0.003 0.002 0.981 
246 TMA-ZAIN-G-    (0)    1 :  0.002 0.003 0.003 0.004 0.003 0.003 0.982 
247 TMA-ZAIN-G-    (0)    1 :  0.002 0.004 0.003 0.004 0.004 0.006 0.976 
248 TMA-ZAIN-G-    (0)    1 :  0.004 0.004 0.008 0.006 0.006 0.005 0.967 
249 TMA-ZAIN-G-    (0)    1 :  0.003 0.004 0.006 0.005 0.003 0.003 0.976 
250 TMA-ZAIN-G-    (0)    1 :  0.003 0.003 0.005 0.005 0.003 0.006 0.976 
251 TMA-ZAIN-G-    (0)    1 :  0.006 0.974 0.005 0.004 0.004 0.005 0.003 
252 TMA-ZAIN-G-    (0)    1 :  0.004 0.874 0.008 0.008 0.051 0.053 0.003 
253 TMA-ZAIN-G-    (0)    1 :  0.006 0.970 0.005 0.003 0.006 0.006 0.003 
254 TMA-ZAIN-G-    (9)    1 :  0.007 0.948 0.007 0.005 0.017 0.012 0.003 
255 TMA-ZAIN-G-    (0)    1 :  0.011 0.952 0.004 0.003 0.006 0.009 0.015 
256 TMA-ZAIN-G-    (0)    1 :  0.006 0.964 0.009 0.004 0.006 0.004 0.006 
257 TMA-ZAIN-G-    (0)    1 :  0.004 0.977 0.005 0.004 0.003 0.003 0.004 
258 TMA-ZAIN-G-    (0)    1 :  0.003 0.979 0.004 0.003 0.003 0.005 0.003 
259 TMA-ZAIN-G-    (0)    1 :  0.004 0.976 0.004 0.004 0.003 0.005 0.004 
260 TMA-ZAIN-G-    (0)    1 :  0.003 0.972 0.005 0.004 0.004 0.008 0.004 
261 TMA-ZAIN-G-   (18)    1 :  0.004 0.964 0.007 0.006 0.005 0.010 0.004 
262 TMA-ZAIN-G-    (0)    1 :  0.004 0.979 0.005 0.004 0.003 0.003 0.003 
263 TMA-ZAIN-G-    (0)    1 :  0.006 0.976 0.004 0.004 0.004 0.004 0.003 
264 TMA-ZAIN-G-    (0)    1 :  0.008 0.971 0.004 0.004 0.004 0.004 0.004 
265 TMA-ZAIN-G-    (0)    1 :  0.016 0.703 0.024 0.182 0.024 0.033 0.017 
266 TMA-ZAIN-G-    (0)    1 :  0.019 0.730 0.147 0.032 0.037 0.027 0.010 
267 TMA-ZAIN-G-    (0)    1 :  0.020 0.608 0.009 0.056 0.015 0.014 0.277 
268 TMA-ZAIN-G-    (0)    1 :  0.074 0.006 0.003 0.007 0.004 0.004 0.901 
269 TMA-ZAIN-G-    (0)    1 :  0.301 0.010 0.006 0.030 0.007 0.005 0.643 
270 TMA-ZAIN-G-    (0)    1 :  0.067 0.011 0.005 0.023 0.006 0.004 0.884 
271 TMA-ZAIN-G-    (0)    1 :  0.030 0.007 0.004 0.008 0.005 0.003 0.944 
272 TMA-ZAIN-G-    (0)    1 :  0.029 0.006 0.004 0.050 0.005 0.003 0.904 
273 TMA-ZAIN-G-    (0)    1 :  0.017 0.004 0.003 0.016 0.003 0.002 0.955 
274 TMA-ZAIN-G-    (0)    1 :  0.033 0.010 0.038 0.019 0.013 0.010 0.878 
275 TMA-ZAIN-G-    (0)    1 :  0.007 0.003 0.004 0.007 0.003 0.002 0.974 
276 TMA-ZAIN-G-    (0)    1 :  0.008 0.003 0.003 0.004 0.004 0.003 0.975 
277 TMA-ZAIN-G-    (0)    1 :  0.011 0.007 0.004 0.005 0.005 0.004 0.964 
278 TMA-ZAIN-G-    (0)    1 :  0.006 0.005 0.003 0.006 0.003 0.003 0.974 
279 TMA-ZAIN-G-    (0)    1 :  0.010 0.004 0.006 0.015 0.004 0.003 0.957 
280 TMA-ZAIN-G-    (0)    1 :  0.105 0.004 0.009 0.045 0.005 0.003 0.829 
281 TMA-ZAIN-G-    (0)    1 :  0.038 0.005 0.006 0.013 0.004 0.003 0.930 
282 TMA-ZAIN-G-    (9)    1 :  0.013 0.005 0.003 0.007 0.003 0.003 0.967 
283 TMA-ZAIN-G-    (0)    1 :  0.096 0.142 0.007 0.116 0.015 0.006 0.618 
284 TMA-ZAIN-G-    (0)    1 :  0.190 0.164 0.010 0.180 0.013 0.004 0.439 
285 TMA-ZAIN-G-    (0)    1 :  0.039 0.034 0.024 0.023 0.021 0.030 0.829 
286 TMA-ZAIN-G-    (0)    1 :  0.034 0.009 0.003 0.011 0.003 0.003 0.937 
287 TMA-ZAIN-G-    (0)    1 :  0.027 0.006 0.011 0.008 0.007 0.009 0.932 
288 TMA-ZAIN-G-    (0)    1 :  0.111 0.013 0.062 0.167 0.027 0.012 0.608 
289 TMA-ZAIN-G-    (0)    1 :  0.025 0.011 0.022 0.017 0.012 0.016 0.897 
290 TMA-ZAIN-G-    (0)    1 :  0.415 0.009 0.013 0.087 0.009 0.003 0.465 
291 TMA-ZAIN-G-    (0)    1 :  0.010 0.008 0.005 0.954 0.004 0.003 0.015 
292 TMA-ZAIN-G-    (0)    1 :  0.009 0.005 0.057 0.016 0.894 0.006 0.012 
293 TMA-ZAIN-G-    (0)    1 :  0.004 0.015 0.047 0.014 0.883 0.029 0.008 
294 TMA-ZAIN-G-    (0)    1 :  0.003 0.007 0.007 0.004 0.961 0.014 0.004 
295 TMA-ZAIN-G-    (9)    1 :  0.004 0.008 0.011 0.009 0.942 0.017 0.008 
296 TMA-ZAIN-G-    (0)    1 :  0.012 0.012 0.049 0.012 0.903 0.006 0.006 
297 TMA-ZAIN-G-    (0)    1 :  0.006 0.024 0.108 0.009 0.822 0.026 0.005 
298 TMA-ZAIN-G-    (0)    1 :  0.012 0.052 0.007 0.015 0.882 0.011 0.021 
299 TMA-ZAIN-G-    (0)    1 :  0.004 0.003 0.006 0.006 0.960 0.012 0.008 
300 TMA-ZAIN-G-    (0)    1 :  0.003 0.007 0.025 0.008 0.890 0.061 0.006 
301 TMA-ZAIN-G-    (0)    1 :  0.005 0.008 0.073 0.006 0.877 0.023 0.008 
302 TMA-ZAIN-G-    (9)    1 :  0.004 0.005 0.032 0.005 0.943 0.007 0.003 
303 TMA-ZAIN-G-    (0)    1 :  0.018 0.040 0.072 0.857 0.005 0.002 0.007 
304 TMA-ZAIN-G-    (0)    2 :  0.020 0.562 0.120 0.010 0.051 0.227 0.009 
305 TMA-ZAIN-G-    (0)    2 :  0.004 0.009 0.020 0.005 0.939 0.018 0.004 
306 TMA-ZAIN-G-    (0)    2 :  0.153 0.361 0.064 0.014 0.357 0.020 0.030 
307 TMA-ZAIN-G-    (0)    2 :  0.013 0.387 0.074 0.007 0.055 0.450 0.013 
308 TMA-ZAIN-G-    (0)    2 :  0.034 0.815 0.009 0.106 0.005 0.014 0.018 
309 TMA-ZAIN-G-    (0)    2 :  0.003 0.003 0.947 0.004 0.030 0.010 0.002 
310 TMA-ZAIN-G-    (0)    2 :  0.007 0.018 0.008 0.014 0.912 0.013 0.029 
311 TMA-ZAIN-G-    (0)    2 :  0.043 0.063 0.047 0.026 0.806 0.007 0.009 
312 TMA-ZAIN-G-    (0)    2 :  0.005 0.011 0.757 0.031 0.176 0.016 0.005 
313 TMA-ZAIN-G-    (0)    2 :  0.014 0.777 0.070 0.006 0.087 0.040 0.005 
314 TMA-ZAIN-G-    (0)    2 :  0.277 0.017 0.019 0.462 0.011 0.011 0.202 
315 TMA-ZAIN-G-    (0)    2 :  0.007 0.018 0.031 0.046 0.404 0.086 0.408 
316 TMA-ZAIN-G-    (0)    2 :  0.012 0.017 0.027 0.112 0.342 0.091 0.399 
317 TMA-ZAIN-G-    (0)    2 :  0.040 0.013 0.006 0.911 0.009 0.004 0.018 
318 TMA-ZAIN-G-    (9)    2 :  0.337 0.049 0.008 0.150 0.008 0.010 0.438 
319 TMA-ZAIN-G-    (0)    3 :  0.015 0.011 0.193 0.706 0.006 0.004 0.064 
320 TMA-ZAIN-G-    (0)    3 :  0.006 0.006 0.034 0.463 0.449 0.033 0.010 
321 TMA-ZAIN-G-    (0)    4 :  0.080 0.013 0.191 0.130 0.439 0.038 0.109 
322 TMA-ZAIN-G-    (0)    4 :  0.057 0.071 0.063 0.485 0.257 0.061 0.008 
323 TMA-ZAIN-G-    (0)    5 :  0.007 0.012 0.047 0.895 0.008 0.017 0.013 
324 TMA-ZAIN-G-    (0)    5 :  0.008 0.030 0.049 0.010 0.876 0.024 0.004 
325 TMA-ZAIN-G-    (0)    5 :  0.005 0.008 0.010 0.906 0.012 0.006 0.053 
326 TMA-ZAIN-G-    (0)    5 :  0.003 0.038 0.308 0.629 0.012 0.007 0.003 
327 TMA-ZAIN-G-    (0)    5 :  0.003 0.015 0.959 0.004 0.005 0.011 0.003 
328 TMA-ZAIN-G-    (0)    5 :  0.303 0.017 0.128 0.190 0.022 0.252 0.087 
329 TMA-ZAIN-G-    (0)    5 :  0.005 0.041 0.370 0.016 0.462 0.097 0.009 
330 TMA-ZAIN-G-    (0)    6 :  0.004 0.040 0.675 0.013 0.160 0.103 0.003 
331 TMA-ZAIN-G-    (0)    6 :  0.027 0.162 0.251 0.055 0.428 0.011 0.066 
332 TMA-ZAIN-G-    (0)    6 :  0.003 0.004 0.962 0.004 0.017 0.008 0.002 
333 TMA-ZAIN-G-    (0)    6 :  0.003 0.006 0.977 0.004 0.004 0.004 0.002 
334 TMA-ZAIN-G-    (0)    6 :  0.012 0.007 0.003 0.011 0.004 0.003 0.960 
335 TMA-ZAIN-G-    (0)    6 :  0.004 0.004 0.004 0.005 0.005 0.006 0.974 
336 TMA-ZAIN-G-    (0)    6 :  0.014 0.013 0.007 0.017 0.009 0.006 0.932 
337 TMA-ZAIN-G-    (9)    6 :  0.072 0.006 0.005 0.034 0.007 0.004 0.872 
338 TMA-ZAIN-G-    (0)    6 :  0.029 0.006 0.003 0.009 0.003 0.003 0.946 
339 TMA-ZAIN-G-    (0)    6 :  0.013 0.003 0.002 0.005 0.002 0.002 0.972 
340 TMA-ZAIN-G-    (0)    6 :  0.006 0.003 0.003 0.005 0.003 0.003 0.977 
341 TMA-ZAIN-G-    (0)    6 :  0.009 0.003 0.005 0.005 0.004 0.004 0.970 
342 TMA-ZAIN-G-    (0)    6 :  0.008 0.005 0.004 0.007 0.005 0.004 0.967 
343 TMA-ZAIN-G-    (0)    7 :  0.026 0.003 0.004 0.007 0.003 0.002 0.955 
344 TMA-ZAIN-G-    (0)    7 :  0.007 0.005 0.006 0.011 0.005 0.003 0.964 
345 TMA-ZAIN-G-    (0)    7 :  0.005 0.004 0.003 0.004 0.003 0.003 0.978 
346 TMA-ZAIN-G-    (0)    7 :  0.033 0.004 0.011 0.016 0.007 0.003 0.925 
347 TMA-ZAIN-G-    (9)    7 :  0.008 0.003 0.003 0.006 0.003 0.003 0.974 
348 TMA-ZAIN-G-    (0)    7 :  0.022 0.009 0.005 0.016 0.005 0.004 0.939 
349 TMA-ZAIN-G-    (0)    7 :  0.017 0.005 0.003 0.007 0.004 0.003 0.961 
350 TMA-ZAIN-G-    (0)    7 :  0.036 0.005 0.009 0.074 0.007 0.005 0.864 
351 TMA-ZAIN-G-    (0)    7 :  0.008 0.004 0.003 0.007 0.003 0.003 0.971 
352 TMA-ZAIN-G-    (0)    7 :  0.008 0.009 0.005 0.007 0.007 0.007 0.959 
353 TMA-ZAIN-G-    (0)    7 :  0.041 0.005 0.013 0.023 0.007 0.003 0.908 
354 TMA-ZAIN-G-    (0)    7 :  0.007 0.003 0.007 0.012 0.005 0.002 0.963 
355 TMA-ZAIN-G-    (0)    7 :  0.015 0.003 0.010 0.009 0.009 0.004 0.950 
356 TMA-ZAIN-G-    (0)    8 :  0.003 0.018 0.003 0.014 0.826 0.132 0.002 
357 TMA-ZAIN-G-    (0)    8 :  0.016 0.015 0.435 0.014 0.432 0.084 0.004 
358 TMA-ZAIN-G-    (0)    8 :  0.072 0.030 0.272 0.051 0.313 0.236 0.026 
359 TMA-ZAIN-G-    (0)    8 :  0.012 0.118 0.007 0.052 0.397 0.391 0.023 
360 TMA-ZAIN-G-    (0)    8 :  0.003 0.005 0.005 0.005 0.958 0.020 0.003 
361 TMA-ZAIN-G-    (0)    8 :  0.012 0.011 0.714 0.010 0.222 0.028 0.003 
362 TMA-ZAIN-G-    (0)    8 :  0.005 0.004 0.005 0.008 0.959 0.008 0.011 
363 TMA-ZAIN-G-    (0)    9 :  0.005 0.021 0.501 0.054 0.378 0.028 0.013 
364 TMA-ZAIN-G-    (0)    9 :  0.196 0.019 0.015 0.722 0.021 0.014 0.013 
365 TMA-ZAIN-G-    (0)    9 :  0.013 0.005 0.017 0.080 0.689 0.046 0.149 
366 TMA-ZAIN-G-    (0)    9 :  0.004 0.017 0.008 0.005 0.798 0.162 0.006 
367 TMA-ZAIN-G-    (0)    9 :  0.136 0.088 0.650 0.025 0.086 0.009 0.006 
368 TMA-ZAIN-G-    (0)    9 :  0.006 0.015 0.021 0.006 0.807 0.141 0.004 
369 TMA-ZAIN-G-    (0)    9 :  0.003 0.005 0.913 0.005 0.038 0.033 0.003 
370 TMA-ZAIN-G-    (0)    9 :  0.010 0.005 0.798 0.011 0.159 0.014 0.003 
371 TMA-ZAIN-G-    (0)    9 :  0.005 0.006 0.008 0.004 0.950 0.024 0.003 
372 TMA-ZAIN-G-    (0)    9 :  0.004 0.006 0.015 0.004 0.946 0.022 0.003 
373 TMA-ZAIN-G-    (0)    9 :  0.003 0.004 0.976 0.005 0.004 0.004 0.003 
374 TMA-ZAIN-G-    (0)   10 :  0.307 0.153 0.411 0.065 0.051 0.006 0.007 
375 TMA-ZAIN-G-    (0)   10 :  0.041 0.007 0.192 0.716 0.024 0.009 0.009 
376 TMA-ZAIN-G-    (9)   10 :  0.005 0.003 0.007 0.004 0.974 0.004 0.003 
377 TMA-ZAIN-G-    (0)   10 :  0.003 0.005 0.007 0.003 0.964 0.016 0.002 
378 TMA-ZAIN-G-    (0)   10 :  0.004 0.004 0.008 0.003 0.962 0.016 0.002 
379 TMA-ZAIN-G-    (0)   10 :  0.004 0.008 0.009 0.003 0.961 0.013 0.002 
380 TMA-ZAIN-G-    (0)   10 :  0.003 0.007 0.012 0.004 0.911 0.060 0.003 
381 TMA-ZAIN-G-    (9)   10 :  0.010 0.107 0.042 0.590 0.104 0.135 0.011 
382 TMA-ZAIN-G-    (9)   10 :  0.687 0.010 0.009 0.221 0.009 0.003 0.061 
383    ZFB01    (0)   11 :  0.972 0.004 0.004 0.004 0.005 0.003 0.009 
384    ZFB02    (0)   11 :  0.942 0.008 0.002 0.005 0.004 0.003 0.035 
385    ZFB03    (0)   11 :  0.967 0.005 0.007 0.008 0.005 0.003 0.005 
386    ZFB04    (0)   11 :  0.947 0.007 0.003 0.005 0.005 0.003 0.031 
387    ZFB05    (0)   11 :  0.822 0.011 0.008 0.038 0.003 0.011 0.106 
388    ZFB06    (0)   11 :  0.888 0.007 0.008 0.034 0.003 0.012 0.048 
389    ZFB07    (9)   11 :  0.955 0.005 0.006 0.011 0.008 0.005 0.010 
390    ZFB08    (0)   11 :  0.959 0.006 0.006 0.009 0.007 0.006 0.006 
391    ZFB09    (0)   11 :  0.978 0.004 0.003 0.004 0.003 0.003 0.005 
392    ZFB10    (0)   11 :  0.948 0.006 0.005 0.004 0.018 0.007 0.011 
393    ZFB11    (0)   11 :  0.954 0.008 0.003 0.004 0.010 0.004 0.017 
394    ZFB12    (0)   11 :  0.923 0.004 0.008 0.018 0.010 0.004 0.033 
395    ZFB13    (0)   11 :  0.956 0.005 0.006 0.011 0.009 0.006 0.006 
396    ZFB14    (0)   11 :  0.974 0.005 0.004 0.005 0.006 0.003 0.004 
397    ZFB15    (0)   11 :  0.969 0.003 0.003 0.005 0.003 0.002 0.015 
398    ZFB16    (0)   11 :  0.959 0.004 0.005 0.007 0.006 0.004 0.016 
399    ZFB17    (0)   11 :  0.887 0.025 0.009 0.022 0.012 0.014 0.031 
400    ZFB18    (0)   11 :  0.979 0.004 0.003 0.004 0.004 0.003 0.004 
401    ZFB19    (0)   11 :  0.916 0.005 0.013 0.018 0.032 0.009 0.007 
402    ZFB20    (0)   11 :  0.930 0.004 0.005 0.006 0.006 0.004 0.045 
403    ZFB21    (0)   11 :  0.969 0.003 0.003 0.006 0.003 0.002 0.013 
404    ZFB22    (0)   11 :  0.863 0.010 0.009 0.012 0.012 0.012 0.082 
405    ZFB23    (0)   11 :  0.944 0.006 0.005 0.006 0.009 0.003 0.026 
406    ZFB24    (0)   11 :  0.935 0.007 0.003 0.004 0.010 0.004 0.037 
407    ZFB25    (0)   11 :  0.951 0.004 0.006 0.004 0.024 0.005 0.005 
408    ZFB26    (0)   11 :  0.880 0.010 0.006 0.006 0.029 0.005 0.063 
409    ZFB27    (0)   11 :  0.898 0.005 0.004 0.004 0.010 0.003 0.076 
410    ZFB28    (0)   11 :  0.836 0.013 0.008 0.037 0.010 0.003 0.095 
411    ZFB29    (0)   11 :  0.958 0.009 0.003 0.005 0.004 0.003 0.019 
412    ZFB30    (0)   11 :  0.774 0.005 0.012 0.035 0.007 0.013 0.153 
413    ZFB31    (0)   11 :  0.959 0.004 0.006 0.004 0.016 0.005 0.006 
414    ZFB32    (0)   11 :  0.827 0.038 0.014 0.044 0.019 0.005 0.053 
415    ZFB33    (0)   11 :  0.969 0.003 0.003 0.004 0.004 0.003 0.014 
416    ZFB34    (0)   11 :  0.977 0.005 0.003 0.005 0.004 0.003 0.004 
417    ZFB35    (0)   11 :  0.962 0.006 0.004 0.005 0.008 0.004 0.011 
418  ZFBP101    (0)   12 :  0.013 0.154 0.186 0.012 0.563 0.065 0.007 
419  ZFBP102    (0)   12 :  0.014 0.020 0.058 0.016 0.865 0.018 0.009 
420  ZFBP103    (0)   12 :  0.008 0.236 0.421 0.011 0.299 0.019 0.006 
421  ZFBP104    (0)   12 :  0.044 0.004 0.269 0.040 0.617 0.011 0.016 
422  ZFBP105    (0)   12 :  0.006 0.005 0.081 0.007 0.890 0.006 0.005 
423  ZFBP106    (0)   12 :  0.004 0.008 0.052 0.005 0.916 0.013 0.003 
424  ZFBP107    (0)   12 :  0.006 0.007 0.155 0.010 0.806 0.006 0.011 
425  ZFBP108    (0)   12 :  0.003 0.003 0.008 0.003 0.974 0.004 0.003 
426  ZFBP109    (0)   12 :  0.004 0.003 0.008 0.003 0.971 0.009 0.002 
427  ZFBP110    (0)   12 :  0.044 0.040 0.323 0.044 0.535 0.007 0.008 
428  ZFBP111    (0)   12 :  0.003 0.005 0.046 0.006 0.760 0.177 0.003 
429  ZFBP112    (0)   12 :  0.004 0.017 0.020 0.006 0.879 0.068 0.005 
430  ZFBP113    (0)   12 :  0.004 0.003 0.008 0.004 0.972 0.005 0.003 
431  ZFBP114    (0)   12 :  0.004 0.005 0.030 0.005 0.945 0.008 0.004 
432  ZFBP115    (0)   12 :  0.003 0.011 0.684 0.006 0.274 0.019 0.004 
433  ZFBP116    (0)   12 :  0.003 0.005 0.013 0.006 0.964 0.006 0.004 
434  ZFBP117    (0)   12 :  0.003 0.006 0.009 0.004 0.968 0.007 0.002 
435  ZFBP118    (0)   12 :  0.003 0.004 0.023 0.006 0.950 0.010 0.004 
436  ZFBP119    (0)   12 :  0.004 0.030 0.173 0.008 0.761 0.022 0.003 
437  ZFBP120    (0)   12 :  0.006 0.004 0.057 0.006 0.914 0.007 0.005 
438  ZFBP121    (0)   12 :  0.006 0.008 0.012 0.004 0.961 0.006 0.003 
439  ZFBP122    (9)   12 :  0.003 0.005 0.013 0.005 0.958 0.012 0.003 
440  ZFBP123    (0)   12 :  0.004 0.018 0.010 0.006 0.928 0.028 0.006 
441  ZFBP124    (0)   12 :  0.007 0.006 0.008 0.004 0.966 0.005 0.004 
442  ZFBP125    (0)   12 :  0.003 0.006 0.017 0.004 0.950 0.018 0.002 
443  ZFBP126    (0)   12 :  0.009 0.028 0.009 0.016 0.922 0.007 0.009 
444  ZFBP127    (0)   12 :  0.003 0.010 0.045 0.005 0.929 0.005 0.003 
445  ZFBP128    (0)   12 :  0.004 0.014 0.023 0.003 0.910 0.043 0.002 
446  ZFBP129    (0)   12 :  0.005 0.007 0.006 0.005 0.950 0.025 0.002 
447  ZFBP130    (0)   12 :  0.002 0.021 0.030 0.004 0.851 0.089 0.003 
448  ZFBP131    (0)   12 :  0.004 0.004 0.004 0.004 0.975 0.006 0.004 
449  ZFBP132    (0)   12 :  0.004 0.004 0.012 0.004 0.970 0.005 0.003 
450  ZFBP133    (0)   12 :  0.003 0.007 0.005 0.003 0.692 0.288 0.002 
451  ZFBP134    (0)   12 :  0.004 0.031 0.200 0.005 0.735 0.022 0.003 
452  ZFBP135    (0)   12 :  0.016 0.251 0.059 0.008 0.645 0.017 0.005 
453  ZFBP136    (0)   12 :  0.005 0.143 0.117 0.006 0.628 0.093 0.008 
454  ZFBP201    (0)   13 :  0.005 0.005 0.011 0.006 0.962 0.006 0.006 
455  ZFBP202    (0)   13 :  0.006 0.004 0.014 0.005 0.958 0.009 0.003 
456  ZFBP203    (0)   13 :  0.005 0.006 0.007 0.019 0.905 0.028 0.029 
457  ZFBP204    (0)   13 :  0.005 0.018 0.088 0.007 0.852 0.026 0.005 
458  ZFBP205    (0)   13 :  0.003 0.009 0.005 0.004 0.961 0.013 0.004 
459  ZFBP206    (0)   13 :  0.006 0.020 0.007 0.006 0.819 0.136 0.007 
460  ZFBP207    (0)   13 :  0.005 0.013 0.278 0.005 0.685 0.010 0.004 
461  ZFBP208    (0)   13 :  0.004 0.008 0.005 0.008 0.954 0.011 0.011 
462  ZFBP209    (0)   13 :  0.003 0.007 0.004 0.003 0.904 0.076 0.002 
463  ZFBP210    (0)   13 :  0.005 0.007 0.011 0.006 0.949 0.014 0.007 
464  ZFBP211    (0)   13 :  0.005 0.005 0.011 0.005 0.965 0.006 0.003 
465  ZFBP212    (0)   13 :  0.006 0.003 0.064 0.004 0.915 0.006 0.003 
466  ZFBP213    (0)   13 :  0.009 0.016 0.009 0.007 0.938 0.017 0.005 
467  ZFBP214    (0)   13 :  0.016 0.054 0.042 0.017 0.756 0.111 0.004 
468  ZFBP215    (0)   13 :  0.004 0.005 0.007 0.004 0.969 0.009 0.003 
469  ZFBP216    (0)   13 :  0.005 0.005 0.019 0.013 0.944 0.007 0.007 
470  ZFBP217    (0)   13 :  0.008 0.006 0.044 0.007 0.767 0.164 0.003 
471  ZFBP218    (0)   13 :  0.003 0.003 0.006 0.004 0.967 0.013 0.003 
472  ZFBP219    (0)   13 :  0.003 0.003 0.006 0.005 0.973 0.006 0.004 
473  ZFBP220    (0)   13 :  0.003 0.020 0.061 0.005 0.847 0.060 0.004 
474  ZFBP221    (0)   13 :  0.005 0.003 0.044 0.004 0.931 0.009 0.003 
475  ZFBP222    (0)   13 :  0.005 0.009 0.004 0.005 0.962 0.010 0.005 
476  ZFBP223    (0)   13 :  0.010 0.008 0.215 0.008 0.742 0.012 0.005 
477  ZFBP224    (0)   13 :  0.005 0.007 0.008 0.005 0.965 0.006 0.004 
478  ZFBP225    (0)   13 :  0.004 0.014 0.154 0.010 0.428 0.384 0.007 
479  ZFBP226    (0)   13 :  0.003 0.004 0.009 0.005 0.968 0.006 0.004 
