

----------------------------------------------------
STRUCTURE by Pritchard, Stephens and Donnelly (2000)
     and Falush, Stephens and Pritchard (2003)
       Code by Pritchard, Falush and Hubisz
             Version 2.3.4 (Jul 2012)
----------------------------------------------------



Command line arguments:   bin\structure -m C:\Users\eschumacher\Documents\GitHub\GCC_QUAC_ZAIN\Data_Files\Structure_Files\ZAIN\ZAIN_rebinned_allpop_str\50-50\mainparams -e C:\Users\eschumacher\Documents\GitHub\GCC_QUAC_ZAIN\Data_Files\Structure_Files\ZAIN\ZAIN_rebinned_allpop_str\50-50\extraparams 
Input File:    C:\Users\eschumacher\Documents\GitHub\GCC_QUAC_ZAIN\Data_Files\Structure_Files\ZAIN\ZAIN_rebinned_allpop_str\project_data

Run parameters:
   1133 individuals
   11 loci
   14 populations assumed
   50000 Burn-in period
   50000 Reps


--------------------------------------------
Proportion of membership of each pre-defined
 population in each of the 14 clusters

Given    Inferred Clusters                                                                                    Number of
 Pop       1      2      3      4      5      6      7      8      9     10     11     12     13     14      Individuals

  1:     0.044  0.091  0.134  0.104  0.079  0.037  0.039  0.048  0.073  0.089  0.073  0.063  0.027  0.098      303
  2:     0.023  0.140  0.099  0.149  0.067  0.036  0.034  0.015  0.157  0.063  0.071  0.051  0.047  0.049       15
  3:     0.019  0.023  0.045  0.085  0.112  0.010  0.009  0.215  0.006  0.405  0.020  0.012  0.012  0.028        2
  4:     0.021  0.201  0.017  0.111  0.021  0.022  0.071  0.006  0.028  0.079  0.105  0.020  0.226  0.071        2
  5:     0.020  0.059  0.016  0.050  0.050  0.051  0.050  0.186  0.014  0.336  0.057  0.009  0.017  0.085        7
  6:     0.040  0.116  0.607  0.008  0.008  0.006  0.019  0.082  0.005  0.009  0.071  0.014  0.011  0.006       13
  7:     0.011  0.007  0.885  0.006  0.005  0.004  0.023  0.005  0.004  0.015  0.007  0.014  0.010  0.006       13
  8:     0.027  0.056  0.014  0.050  0.046  0.070  0.012  0.054  0.009  0.017  0.158  0.008  0.013  0.466        7
  9:     0.022  0.267  0.015  0.276  0.056  0.024  0.007  0.057  0.008  0.011  0.089  0.061  0.029  0.079       11
 10:     0.017  0.060  0.011  0.059  0.086  0.019  0.053  0.016  0.014  0.096  0.088  0.050  0.060  0.370        9
 11:     0.010  0.006  0.017  0.008  0.006  0.004  0.011  0.005  0.005  0.011  0.006  0.894  0.008  0.009       35
 12:     0.017  0.118  0.004  0.316  0.160  0.023  0.006  0.014  0.015  0.006  0.111  0.006  0.008  0.196       36
 13:     0.010  0.066  0.005  0.521  0.143  0.032  0.007  0.021  0.010  0.006  0.029  0.004  0.012  0.132       33
 14:     0.041  0.007  0.017  0.015  0.008  0.011  0.011  0.010  0.838  0.006  0.012  0.006  0.009  0.009       40
 15:     0.006  0.021  0.003  0.008  0.007  0.007  0.004  0.900  0.006  0.004  0.018  0.004  0.005  0.007       39
 16:     0.015  0.023  0.054  0.034  0.025  0.028  0.045  0.012  0.024  0.156  0.016  0.195  0.338  0.035       40
 17:     0.046  0.009  0.072  0.015  0.012  0.017  0.057  0.010  0.020  0.640  0.011  0.024  0.055  0.009       37
 18:     0.008  0.067  0.003  0.176  0.038  0.021  0.005  0.012  0.006  0.004  0.048  0.005  0.006  0.603       40
 19:     0.041  0.006  0.008  0.006  0.004  0.003  0.106  0.015  0.005  0.008  0.006  0.776  0.008  0.005       28
 20:     0.926  0.005  0.005  0.006  0.005  0.006  0.004  0.005  0.013  0.004  0.007  0.004  0.005  0.005       14
 21:     0.021  0.013  0.804  0.014  0.008  0.005  0.010  0.037  0.007  0.053  0.008  0.008  0.007  0.007       13
 22:     0.005  0.016  0.002  0.007  0.005  0.006  0.004  0.016  0.009  0.003  0.910  0.003  0.005  0.008       14
 23:     0.007  0.013  0.004  0.117  0.747  0.022  0.005  0.008  0.006  0.004  0.039  0.003  0.005  0.019       25
 24:     0.006  0.008  0.005  0.014  0.011  0.899  0.006  0.006  0.008  0.006  0.009  0.006  0.005  0.012       40
 25:     0.038  0.033  0.010  0.026  0.016  0.009  0.015  0.018  0.664  0.012  0.079  0.035  0.019  0.026       32
 26:     0.006  0.006  0.937  0.007  0.006  0.006  0.003  0.004  0.005  0.006  0.004  0.004  0.004  0.004       20
 27:     0.014  0.008  0.008  0.010  0.008  0.006  0.027  0.005  0.007  0.047  0.017  0.617  0.212  0.015        4
 28:     0.013  0.013  0.018  0.023  0.015  0.012  0.471  0.005  0.009  0.014  0.012  0.289  0.031  0.076       23
 29:     0.006  0.004  0.006  0.005  0.004  0.004  0.924  0.004  0.006  0.008  0.005  0.012  0.007  0.005       39
 30:     0.024  0.005  0.825  0.008  0.006  0.005  0.050  0.004  0.006  0.010  0.006  0.034  0.010  0.007       38
 31:     0.008  0.563  0.005  0.052  0.023  0.046  0.005  0.150  0.010  0.006  0.091  0.005  0.011  0.026       45
 32:     0.018  0.297  0.007  0.177  0.102  0.021  0.005  0.134  0.013  0.010  0.110  0.005  0.007  0.093       28
 33:     0.005  0.005  0.008  0.011  0.005  0.006  0.417  0.008  0.007  0.027  0.008  0.475  0.010  0.007        6
 34:     0.012  0.010  0.006  0.007  0.006  0.013  0.016  0.009  0.006  0.024  0.010  0.012  0.863  0.006       40
 35:     0.017  0.019  0.054  0.010  0.008  0.011  0.012  0.009  0.009  0.787  0.011  0.018  0.028  0.006       42
--------------------------------------------

Allele-freq. divergence among pops (Net nucleotide distance),
computed using point estimates of P.

      1       2       3       4       5       6       7       8       9      10      11      12      13      14      
 1      -    0.1999  0.2399  0.1826  0.2068  0.2804  0.2468  0.2405  0.2059  0.1475  0.1722  0.2423  0.1697  0.2637  
 2   0.1999     -    0.2946  0.0614  0.1046  0.1395  0.2845  0.1426  0.2219  0.1615  0.0467  0.2744  0.1262  0.0870  
 3   0.2399  0.2946     -    0.2962  0.3047  0.3793  0.1982  0.3722  0.2847  0.1168  0.3376  0.1700  0.2261  0.3705  
 4   0.1826  0.0614  0.2962     -    0.0538  0.1301  0.2725  0.2374  0.2484  0.1960  0.0744  0.2608  0.1536  0.0477  
 5   0.2068  0.1046  0.3047  0.0538     -    0.1200  0.2950  0.2467  0.2420  0.1982  0.1190  0.2702  0.1913  0.0913  
 6   0.2804  0.1395  0.3793  0.1301  0.1200     -    0.3822  0.2852  0.2253  0.2845  0.1413  0.3682  0.1749  0.1500  
 7   0.2468  0.2845  0.1982  0.2725  0.2950  0.3822     -    0.3012  0.1885  0.1132  0.2543  0.0887  0.1759  0.2859  
 8   0.2405  0.1426  0.3722  0.2374  0.2467  0.2852  0.3012     -    0.2041  0.1933  0.1668  0.3064  0.2307  0.2954  
 9   0.2059  0.2219  0.2847  0.2484  0.2420  0.2253  0.1885  0.2041     -    0.1712  0.1809  0.2149  0.1833  0.2719  
10   0.1475  0.1615  0.1168  0.1960  0.1982  0.2845  0.1132  0.1933  0.1712     -    0.1770  0.1274  0.0966  0.2456  
11   0.1722  0.0467  0.3376  0.0744  0.1190  0.1413  0.2543  0.1668  0.1809  0.1770     -    0.2563  0.1240  0.0833  
12   0.2423  0.2744  0.1700  0.2608  0.2702  0.3682  0.0887  0.3064  0.2149  0.1274  0.2563     -    0.1980  0.2700  
13   0.1697  0.1262  0.2261  0.1536  0.1913  0.1749  0.1759  0.2307  0.1833  0.0966  0.1240  0.1980     -    0.1923  
14   0.2637  0.0870  0.3705  0.0477  0.0913  0.1500  0.2859  0.2954  0.2719  0.2456  0.0833  0.2700  0.1923     -    

Average distances (expected heterozygosity) between individuals in same cluster:
cluster  1  : 0.2576 
cluster  2  : 0.4382 
cluster  3  : 0.4052 
cluster  4  : 0.3720 
cluster  5  : 0.3940 
cluster  6  : 0.3522 
cluster  7  : 0.3400 
cluster  8  : 0.2432 
cluster  9  : 0.3720 
cluster 10  : 0.5299 
cluster 11  : 0.3789 
cluster 12  : 0.4946 
cluster 13  : 0.4582 
cluster 14  : 0.3380 

--------------------------------------------
Estimated Ln Prob of Data   = -20594.0
Mean value of ln likelihood = -19729.5
Variance of ln likelihood   = 1729.0
Mean value of alpha         = 0.0346

Mean value of Fst_1         = 0.5955
Mean value of Fst_2         = 0.3270
Mean value of Fst_3         = 0.4390
Mean value of Fst_4         = 0.3568
Mean value of Fst_5         = 0.3776
Mean value of Fst_6         = 0.4371
Mean value of Fst_7         = 0.5119
Mean value of Fst_8         = 0.5915
Mean value of Fst_9         = 0.4542
Mean value of Fst_10         = 0.1655
Mean value of Fst_11         = 0.4690
Mean value of Fst_12         = 0.3891
Mean value of Fst_13         = 0.3038
Mean value of Fst_14         = 0.4093


Inferred ancestry of individuals:
        Label (%Miss) Pop:  Inferred clusters
  1 TMA-ZAIN-G-    (9)    1 :  0.010 0.048 0.006 0.014 0.010 0.010 0.028 0.064 0.012 0.043 0.015 0.696 0.023 0.021 
  2 TMA-ZAIN-G-    (0)    1 :  0.016 0.017 0.006 0.012 0.161 0.004 0.019 0.008 0.017 0.011 0.006 0.700 0.007 0.015 
  3 TMA-ZAIN-G-    (0)    1 :  0.008 0.097 0.003 0.075 0.027 0.109 0.006 0.033 0.011 0.005 0.291 0.006 0.023 0.305 
  4 TMA-ZAIN-G-    (0)    1 :  0.594 0.009 0.004 0.082 0.018 0.057 0.009 0.016 0.022 0.005 0.018 0.005 0.006 0.154 
  5 TMA-ZAIN-G-    (0)    1 :  0.005 0.002 0.005 0.003 0.002 0.002 0.010 0.002 0.005 0.003 0.003 0.949 0.005 0.003 
  6 TMA-ZAIN-G-    (0)    1 :  0.046 0.034 0.031 0.054 0.017 0.083 0.025 0.016 0.019 0.029 0.169 0.037 0.394 0.049 
  7 TMA-ZAIN-G-    (0)    1 :  0.098 0.041 0.006 0.316 0.024 0.009 0.012 0.028 0.012 0.010 0.381 0.010 0.014 0.041 
  8 TMA-ZAIN-G-    (0)    1 :  0.004 0.015 0.002 0.009 0.008 0.010 0.004 0.004 0.010 0.003 0.905 0.004 0.005 0.015 
  9 TMA-ZAIN-G-    (9)    1 :  0.010 0.269 0.004 0.335 0.133 0.034 0.006 0.009 0.005 0.006 0.044 0.011 0.031 0.104 
 10 TMA-ZAIN-G-    (0)    1 :  0.011 0.257 0.005 0.400 0.051 0.038 0.004 0.012 0.010 0.006 0.124 0.003 0.029 0.052 
 11 TMA-ZAIN-G-    (0)    1 :  0.014 0.106 0.003 0.807 0.012 0.004 0.006 0.008 0.005 0.006 0.012 0.004 0.005 0.007 
 12 TMA-ZAIN-G-    (0)    1 :  0.005 0.041 0.003 0.072 0.009 0.005 0.005 0.023 0.005 0.006 0.016 0.005 0.009 0.796 
 13 TMA-ZAIN-G-    (9)    1 :  0.014 0.188 0.062 0.149 0.220 0.019 0.039 0.126 0.017 0.025 0.057 0.033 0.014 0.039 
 14 TMA-ZAIN-G-    (9)    1 :  0.005 0.061 0.014 0.021 0.017 0.006 0.003 0.823 0.008 0.009 0.010 0.003 0.010 0.009 
 15 TMA-ZAIN-G-    (0)    1 :  0.003 0.167 0.002 0.008 0.010 0.009 0.003 0.748 0.007 0.007 0.012 0.003 0.006 0.015 
 16 TMA-ZAIN-G-    (0)    1 :  0.005 0.024 0.005 0.497 0.013 0.005 0.004 0.006 0.003 0.005 0.009 0.003 0.007 0.414 
 17 TMA-ZAIN-G-    (9)    1 :  0.094 0.658 0.009 0.007 0.006 0.007 0.006 0.017 0.019 0.018 0.121 0.009 0.015 0.015 
 18 TMA-ZAIN-G-    (0)    1 :  0.018 0.007 0.007 0.004 0.005 0.007 0.720 0.009 0.043 0.102 0.012 0.030 0.023 0.013 
 19 TMA-ZAIN-G-    (0)    1 :  0.050 0.028 0.033 0.021 0.010 0.005 0.030 0.012 0.004 0.536 0.071 0.012 0.167 0.023 
 20 TMA-ZAIN-G-    (0)    1 :  0.007 0.003 0.063 0.004 0.005 0.005 0.047 0.004 0.029 0.786 0.004 0.034 0.008 0.003 
 21 TMA-ZAIN-G-    (0)    1 :  0.004 0.005 0.949 0.005 0.003 0.005 0.003 0.002 0.005 0.004 0.003 0.003 0.005 0.004 
 22 TMA-ZAIN-G-    (0)    1 :  0.009 0.003 0.822 0.003 0.003 0.002 0.085 0.003 0.006 0.013 0.003 0.035 0.010 0.003 
 23 TMA-ZAIN-G-    (0)    1 :  0.010 0.007 0.806 0.008 0.006 0.004 0.045 0.007 0.004 0.043 0.010 0.012 0.032 0.006 
 24 TMA-ZAIN-G-    (9)    1 :  0.003 0.024 0.644 0.008 0.159 0.100 0.008 0.021 0.007 0.003 0.003 0.007 0.003 0.009 
 25 TMA-ZAIN-G-    (9)    1 :  0.003 0.016 0.008 0.008 0.143 0.005 0.010 0.004 0.004 0.602 0.004 0.170 0.008 0.016 
 26 TMA-ZAIN-G-    (9)    1 :  0.011 0.138 0.028 0.054 0.194 0.009 0.006 0.013 0.446 0.014 0.026 0.009 0.005 0.046 
 27 TMA-ZAIN-G-    (0)    1 :  0.024 0.017 0.019 0.014 0.005 0.008 0.015 0.080 0.014 0.069 0.010 0.075 0.650 0.004 
 28 TMA-ZAIN-G-    (0)    1 :  0.005 0.005 0.003 0.005 0.004 0.004 0.015 0.008 0.005 0.010 0.008 0.006 0.916 0.005 
 29 TMA-ZAIN-G-    (0)    1 :  0.004 0.006 0.004 0.004 0.005 0.712 0.004 0.006 0.015 0.225 0.004 0.003 0.005 0.004 
 30 TMA-ZAIN-G-    (0)    1 :  0.008 0.222 0.004 0.044 0.088 0.032 0.005 0.059 0.005 0.032 0.018 0.004 0.432 0.046 
 31 TMA-ZAIN-G-    (0)    1 :  0.017 0.003 0.010 0.006 0.007 0.005 0.025 0.006 0.047 0.010 0.006 0.848 0.006 0.004 
 32 TMA-ZAIN-G-    (9)    1 :  0.005 0.108 0.032 0.034 0.040 0.005 0.481 0.016 0.005 0.041 0.008 0.049 0.005 0.173 
 33 TMA-ZAIN-G-   (18)    1 :  0.004 0.344 0.003 0.108 0.026 0.013 0.005 0.006 0.004 0.004 0.051 0.004 0.007 0.421 
 34 TMA-ZAIN-G-    (0)    1 :  0.006 0.028 0.018 0.118 0.046 0.005 0.096 0.007 0.007 0.016 0.012 0.059 0.009 0.575 
 35 TMA-ZAIN-G-    (9)    1 :  0.010 0.184 0.003 0.150 0.098 0.057 0.024 0.034 0.015 0.010 0.022 0.007 0.020 0.364 
 36 TMA-ZAIN-G-    (0)    1 :  0.008 0.279 0.003 0.043 0.408 0.010 0.005 0.128 0.013 0.005 0.061 0.004 0.006 0.027 
 37 TMA-ZAIN-G-    (9)    1 :  0.056 0.218 0.008 0.210 0.096 0.017 0.006 0.006 0.013 0.010 0.040 0.007 0.032 0.280 
 38 TMA-ZAIN-G-   (18)    1 :  0.008 0.077 0.009 0.028 0.035 0.006 0.013 0.038 0.006 0.045 0.007 0.656 0.005 0.068 
 39 TMA-ZAIN-G-    (0)    1 :  0.008 0.063 0.004 0.037 0.750 0.014 0.003 0.004 0.007 0.004 0.022 0.003 0.009 0.072 
 40 TMA-ZAIN-G-    (0)    1 :  0.016 0.618 0.005 0.022 0.134 0.007 0.003 0.004 0.005 0.004 0.018 0.004 0.004 0.156 
 41 TMA-ZAIN-G-    (0)    1 :  0.003 0.696 0.003 0.010 0.189 0.006 0.003 0.028 0.005 0.004 0.027 0.003 0.005 0.020 
 42 TMA-ZAIN-G-    (9)    1 :  0.005 0.733 0.002 0.005 0.014 0.009 0.003 0.137 0.016 0.004 0.056 0.003 0.004 0.009 
 43 TMA-ZAIN-G-    (0)    1 :  0.004 0.007 0.002 0.004 0.005 0.008 0.003 0.938 0.004 0.004 0.012 0.003 0.003 0.003 
 44 TMA-ZAIN-G-    (0)    1 :  0.008 0.011 0.764 0.106 0.048 0.009 0.004 0.004 0.004 0.017 0.008 0.006 0.003 0.009 
 45 TMA-ZAIN-G-    (0)    1 :  0.012 0.185 0.006 0.633 0.012 0.006 0.004 0.014 0.008 0.007 0.019 0.005 0.009 0.081 
 46 TMA-ZAIN-G-    (0)    1 :  0.010 0.003 0.945 0.004 0.005 0.003 0.004 0.004 0.006 0.006 0.003 0.004 0.002 0.002 
 47 TMA-ZAIN-G-    (0)    1 :  0.013 0.004 0.003 0.003 0.003 0.004 0.006 0.003 0.939 0.004 0.005 0.003 0.004 0.005 
 48 TMA-ZAIN-G-    (0)    1 :  0.153 0.162 0.030 0.105 0.015 0.017 0.007 0.049 0.181 0.013 0.189 0.005 0.058 0.019 
 49 TMA-ZAIN-G-    (9)    1 :  0.022 0.008 0.005 0.023 0.006 0.045 0.028 0.004 0.007 0.794 0.010 0.005 0.013 0.029 
 50 TMA-ZAIN-G-    (0)    1 :  0.005 0.069 0.005 0.006 0.023 0.004 0.004 0.008 0.003 0.811 0.013 0.014 0.026 0.009 
 51 TMA-ZAIN-G-    (0)    1 :  0.015 0.022 0.006 0.013 0.007 0.007 0.006 0.053 0.015 0.814 0.010 0.007 0.020 0.004 
 52 TMA-ZAIN-G-    (0)    1 :  0.127 0.007 0.008 0.007 0.006 0.003 0.007 0.015 0.029 0.740 0.010 0.006 0.023 0.010 
 53 TMA-ZAIN-G-    (0)    1 :  0.059 0.012 0.006 0.016 0.013 0.005 0.010 0.036 0.068 0.567 0.012 0.183 0.009 0.004 
 54 TMA-ZAIN-G-    (0)    1 :  0.004 0.011 0.004 0.006 0.004 0.004 0.007 0.010 0.911 0.008 0.009 0.003 0.011 0.007 
 55 TMA-ZAIN-G-    (0)    1 :  0.004 0.035 0.007 0.008 0.004 0.003 0.008 0.022 0.836 0.024 0.015 0.003 0.022 0.009 
 56 TMA-ZAIN-G-    (0)    1 :  0.384 0.220 0.008 0.039 0.024 0.019 0.004 0.024 0.048 0.031 0.116 0.008 0.058 0.016 
 57 TMA-ZAIN-G-    (0)    1 :  0.010 0.006 0.004 0.010 0.011 0.007 0.006 0.006 0.856 0.024 0.008 0.010 0.005 0.038 
 58 TMA-ZAIN-G-    (0)    1 :  0.015 0.017 0.137 0.008 0.004 0.007 0.136 0.009 0.041 0.313 0.039 0.020 0.238 0.016 
 59 TMA-ZAIN-G-    (0)    1 :  0.040 0.035 0.025 0.123 0.019 0.014 0.031 0.011 0.018 0.018 0.092 0.521 0.030 0.023 
 60 TMA-ZAIN-G-    (0)    1 :  0.033 0.018 0.009 0.021 0.006 0.007 0.116 0.134 0.017 0.215 0.025 0.291 0.102 0.007 
 61 TMA-ZAIN-G-    (0)    1 :  0.030 0.003 0.017 0.005 0.003 0.003 0.016 0.004 0.011 0.010 0.004 0.884 0.006 0.003 
 62 TMA-ZAIN-G-    (9)    1 :  0.004 0.022 0.017 0.026 0.016 0.007 0.008 0.005 0.012 0.017 0.008 0.793 0.042 0.023 
 63 TMA-ZAIN-G-    (0)    1 :  0.016 0.010 0.009 0.009 0.003 0.003 0.213 0.015 0.016 0.025 0.012 0.641 0.015 0.012 
 64 TMA-ZAIN-G-    (0)    1 :  0.004 0.006 0.002 0.006 0.009 0.946 0.002 0.005 0.003 0.002 0.005 0.002 0.003 0.005 
 65 TMA-ZAIN-G-    (9)    1 :  0.005 0.007 0.002 0.011 0.006 0.907 0.004 0.006 0.007 0.003 0.010 0.003 0.006 0.023 
 66 TMA-ZAIN-G-    (0)    1 :  0.005 0.010 0.003 0.028 0.017 0.894 0.003 0.005 0.004 0.003 0.010 0.003 0.005 0.012 
 67 TMA-ZAIN-G-    (0)    1 :  0.004 0.016 0.014 0.045 0.110 0.740 0.003 0.003 0.005 0.010 0.009 0.004 0.014 0.023 
 68 TMA-ZAIN-G-    (0)    1 :  0.004 0.005 0.002 0.005 0.004 0.944 0.003 0.007 0.005 0.003 0.008 0.002 0.003 0.005 
 69 TMA-ZAIN-G-    (0)    1 :  0.021 0.006 0.026 0.055 0.036 0.720 0.030 0.017 0.008 0.021 0.007 0.010 0.007 0.034 
 70 TMA-ZAIN-G-    (0)    1 :  0.004 0.008 0.004 0.056 0.879 0.014 0.003 0.005 0.003 0.004 0.004 0.003 0.004 0.009 
 71 TMA-ZAIN-G-    (0)    1 :  0.004 0.006 0.003 0.015 0.934 0.004 0.003 0.003 0.003 0.003 0.004 0.003 0.003 0.010 
 72 TMA-ZAIN-G-    (0)    1 :  0.004 0.010 0.003 0.010 0.913 0.013 0.004 0.006 0.007 0.004 0.006 0.003 0.008 0.009 
 73 TMA-ZAIN-G-    (0)    1 :  0.004 0.006 0.021 0.006 0.858 0.005 0.014 0.004 0.014 0.017 0.006 0.018 0.019 0.009 
 74 TMA-ZAIN-G-    (0)    1 :  0.003 0.005 0.005 0.008 0.928 0.005 0.004 0.004 0.005 0.007 0.006 0.005 0.004 0.012 
 75 TMA-ZAIN-G-    (0)    1 :  0.005 0.005 0.003 0.009 0.927 0.005 0.004 0.005 0.007 0.005 0.007 0.004 0.006 0.009 
 76 TMA-ZAIN-G-    (0)    1 :  0.003 0.004 0.012 0.013 0.921 0.005 0.003 0.003 0.003 0.009 0.004 0.004 0.005 0.009 
 77 TMA-ZAIN-G-    (0)    1 :  0.008 0.008 0.004 0.007 0.931 0.006 0.003 0.006 0.004 0.005 0.005 0.002 0.006 0.005 
 78 TMA-ZAIN-G-    (0)    1 :  0.009 0.005 0.011 0.013 0.904 0.005 0.005 0.005 0.006 0.010 0.007 0.005 0.007 0.008 
 79 TMA-ZAIN-G-    (0)    1 :  0.024 0.008 0.008 0.009 0.905 0.004 0.004 0.007 0.004 0.007 0.005 0.003 0.005 0.006 
 80 TMA-ZAIN-G-    (0)    1 :  0.006 0.022 0.004 0.024 0.797 0.020 0.003 0.004 0.011 0.003 0.013 0.003 0.006 0.084 
 81 TMA-ZAIN-G-    (0)    1 :  0.023 0.011 0.005 0.022 0.878 0.005 0.004 0.008 0.005 0.007 0.011 0.003 0.007 0.010 
 82 TMA-ZAIN-G-    (0)    1 :  0.008 0.008 0.003 0.497 0.196 0.140 0.007 0.007 0.015 0.005 0.017 0.004 0.007 0.087 
 83 TMA-ZAIN-G-    (9)    1 :  0.006 0.010 0.025 0.127 0.020 0.048 0.048 0.005 0.017 0.013 0.037 0.030 0.038 0.576 
 84 TMA-ZAIN-G-    (0)    1 :  0.009 0.012 0.012 0.023 0.891 0.006 0.003 0.006 0.004 0.007 0.009 0.003 0.006 0.010 
 85 TMA-ZAIN-G-    (0)    1 :  0.953 0.003 0.003 0.004 0.004 0.003 0.004 0.003 0.003 0.004 0.004 0.004 0.004 0.003 
 86 TMA-ZAIN-G-    (0)    1 :  0.927 0.007 0.005 0.010 0.006 0.005 0.003 0.003 0.005 0.003 0.008 0.004 0.005 0.008 
 87 TMA-ZAIN-G-    (0)    1 :  0.953 0.003 0.004 0.003 0.003 0.003 0.006 0.003 0.004 0.004 0.004 0.004 0.004 0.003 
 88 TMA-ZAIN-G-    (0)    1 :  0.374 0.011 0.010 0.064 0.034 0.050 0.024 0.016 0.076 0.008 0.015 0.165 0.011 0.139 
 89 TMA-ZAIN-G-    (0)    1 :  0.315 0.016 0.028 0.035 0.048 0.026 0.010 0.041 0.362 0.009 0.017 0.051 0.004 0.039 
 90 TMA-ZAIN-G-    (0)    1 :  0.839 0.005 0.004 0.014 0.004 0.014 0.036 0.004 0.034 0.007 0.006 0.004 0.005 0.023 
 91 TMA-ZAIN-G-    (0)    1 :  0.783 0.007 0.005 0.012 0.008 0.010 0.006 0.015 0.034 0.005 0.014 0.079 0.015 0.007 
 92 TMA-ZAIN-G-    (0)    1 :  0.523 0.010 0.036 0.012 0.013 0.006 0.015 0.013 0.280 0.044 0.008 0.008 0.027 0.005 
 93 TMA-ZAIN-G-    (0)    1 :  0.203 0.007 0.016 0.009 0.007 0.007 0.011 0.030 0.516 0.028 0.008 0.052 0.100 0.004 
 94 TMA-ZAIN-G-    (0)    1 :  0.743 0.003 0.009 0.005 0.004 0.005 0.017 0.006 0.047 0.009 0.005 0.129 0.013 0.004 
 95 TMA-ZAIN-G-    (0)    1 :  0.005 0.016 0.005 0.005 0.010 0.007 0.018 0.015 0.004 0.021 0.004 0.004 0.881 0.005 
 96 TMA-ZAIN-G-    (0)    1 :  0.009 0.093 0.007 0.004 0.004 0.004 0.005 0.017 0.004 0.061 0.006 0.006 0.770 0.009 
 97 TMA-ZAIN-G-    (0)    1 :  0.008 0.004 0.005 0.007 0.025 0.006 0.174 0.006 0.015 0.023 0.010 0.708 0.005 0.003 
 98 TMA-ZAIN-G-    (0)    1 :  0.005 0.003 0.004 0.006 0.030 0.004 0.189 0.005 0.011 0.004 0.012 0.721 0.003 0.003 
 99 TMA-ZAIN-G-    (0)    1 :  0.004 0.024 0.010 0.195 0.014 0.009 0.037 0.006 0.004 0.006 0.034 0.630 0.006 0.021 
100 TMA-ZAIN-G-    (0)    1 :  0.021 0.003 0.012 0.005 0.005 0.005 0.009 0.005 0.015 0.027 0.004 0.881 0.006 0.003 
101 TMA-ZAIN-G-    (0)    1 :  0.003 0.006 0.005 0.056 0.006 0.005 0.068 0.007 0.009 0.020 0.008 0.791 0.008 0.007 
102 TMA-ZAIN-G-    (0)    1 :  0.042 0.022 0.066 0.011 0.012 0.009 0.749 0.012 0.005 0.032 0.007 0.010 0.013 0.011 
103 TMA-ZAIN-G-    (0)    1 :  0.026 0.007 0.014 0.009 0.007 0.005 0.862 0.005 0.004 0.019 0.009 0.010 0.013 0.010 
104 TMA-ZAIN-G-    (0)    1 :  0.003 0.003 0.005 0.003 0.003 0.002 0.954 0.003 0.003 0.005 0.003 0.007 0.003 0.003 
105 TMA-ZAIN-G-    (0)    1 :  0.040 0.008 0.006 0.011 0.006 0.005 0.864 0.005 0.004 0.010 0.010 0.008 0.011 0.011 
106 TMA-ZAIN-G-    (0)    1 :  0.007 0.596 0.003 0.072 0.085 0.037 0.004 0.076 0.006 0.004 0.053 0.003 0.006 0.049 
107 TMA-ZAIN-G-    (0)    1 :  0.007 0.023 0.003 0.301 0.147 0.015 0.005 0.013 0.006 0.005 0.038 0.004 0.006 0.427 
108 TMA-ZAIN-G-    (9)    1 :  0.052 0.170 0.029 0.125 0.071 0.009 0.024 0.038 0.012 0.045 0.018 0.314 0.011 0.081 
109 TMA-ZAIN-G-    (0)    1 :  0.015 0.091 0.005 0.024 0.008 0.104 0.022 0.028 0.051 0.007 0.149 0.285 0.034 0.178 
110 TMA-ZAIN-G-    (0)    1 :  0.022 0.111 0.145 0.224 0.024 0.008 0.038 0.016 0.012 0.093 0.113 0.045 0.029 0.119 
111 TMA-ZAIN-G-    (9)    1 :  0.007 0.013 0.122 0.042 0.055 0.013 0.203 0.004 0.027 0.083 0.011 0.166 0.021 0.234 
112 TMA-ZAIN-G-    (0)    1 :  0.013 0.201 0.029 0.078 0.022 0.024 0.236 0.032 0.019 0.052 0.099 0.096 0.025 0.072 
113 TMA-ZAIN-G-    (0)    1 :  0.005 0.004 0.009 0.010 0.014 0.008 0.012 0.005 0.016 0.004 0.008 0.891 0.004 0.009 
114 TMA-ZAIN-G-    (0)    1 :  0.006 0.002 0.009 0.003 0.003 0.003 0.005 0.002 0.003 0.004 0.003 0.950 0.004 0.003 
115 TMA-ZAIN-G-    (0)    1 :  0.003 0.003 0.005 0.003 0.003 0.003 0.008 0.003 0.004 0.004 0.003 0.948 0.004 0.005 
116 TMA-ZAIN-G-    (0)    1 :  0.006 0.007 0.003 0.020 0.013 0.011 0.007 0.007 0.012 0.004 0.016 0.005 0.008 0.883 
117 TMA-ZAIN-G-    (0)    1 :  0.031 0.062 0.003 0.070 0.090 0.229 0.010 0.064 0.031 0.008 0.288 0.006 0.040 0.069 
118 TMA-ZAIN-G-    (0)    1 :  0.007 0.017 0.003 0.019 0.012 0.032 0.007 0.032 0.011 0.007 0.018 0.005 0.016 0.814 
119 TMA-ZAIN-G-    (0)    1 :  0.005 0.006 0.017 0.022 0.043 0.022 0.022 0.006 0.011 0.020 0.014 0.017 0.020 0.775 
120 TMA-ZAIN-G-    (0)    1 :  0.017 0.020 0.004 0.027 0.024 0.027 0.015 0.094 0.015 0.013 0.036 0.006 0.027 0.676 
121 TMA-ZAIN-G-    (0)    1 :  0.012 0.046 0.003 0.096 0.039 0.195 0.016 0.023 0.020 0.007 0.118 0.008 0.045 0.371 
122 TMA-ZAIN-G-    (0)    1 :  0.112 0.076 0.007 0.258 0.053 0.027 0.005 0.010 0.013 0.007 0.182 0.005 0.092 0.153 
123 TMA-ZAIN-G-    (0)    1 :  0.010 0.005 0.008 0.006 0.005 0.004 0.019 0.011 0.006 0.014 0.005 0.896 0.007 0.005 
124 TMA-ZAIN-G-    (0)    1 :  0.006 0.030 0.003 0.007 0.004 0.003 0.005 0.007 0.003 0.004 0.910 0.003 0.006 0.008 
125 TMA-ZAIN-G-    (0)    1 :  0.006 0.014 0.002 0.005 0.005 0.013 0.002 0.009 0.023 0.003 0.907 0.002 0.004 0.005 
126 TMA-ZAIN-G-    (0)    1 :  0.005 0.020 0.002 0.005 0.004 0.004 0.004 0.017 0.006 0.004 0.913 0.003 0.003 0.010 
127 TMA-ZAIN-G-    (0)    1 :  0.005 0.040 0.003 0.009 0.004 0.005 0.003 0.008 0.003 0.003 0.901 0.003 0.004 0.010 
128 TMA-ZAIN-G-    (0)    1 :  0.005 0.022 0.003 0.009 0.005 0.014 0.004 0.006 0.005 0.003 0.906 0.003 0.008 0.008 
129 TMA-ZAIN-G-    (0)    1 :  0.006 0.011 0.003 0.007 0.005 0.005 0.005 0.008 0.004 0.004 0.929 0.004 0.005 0.006 
130 TMA-ZAIN-G-    (0)    1 :  0.005 0.007 0.002 0.004 0.005 0.005 0.005 0.016 0.015 0.003 0.917 0.004 0.004 0.008 
131 TMA-ZAIN-G-    (0)    1 :  0.008 0.040 0.003 0.006 0.004 0.004 0.004 0.009 0.004 0.004 0.899 0.003 0.006 0.006 
132 TMA-ZAIN-G-    (0)    1 :  0.006 0.024 0.003 0.010 0.007 0.017 0.003 0.008 0.013 0.003 0.889 0.003 0.007 0.008 
133 TMA-ZAIN-G-    (0)    1 :  0.056 0.398 0.012 0.022 0.087 0.098 0.004 0.130 0.027 0.015 0.100 0.003 0.014 0.035 
134 TMA-ZAIN-G-    (0)    1 :  0.040 0.100 0.008 0.013 0.063 0.066 0.003 0.223 0.022 0.008 0.370 0.004 0.005 0.075 
135 TMA-ZAIN-G-    (0)    1 :  0.034 0.097 0.007 0.083 0.095 0.025 0.003 0.017 0.012 0.005 0.188 0.005 0.003 0.426 
136 TMA-ZAIN-G-    (0)    1 :  0.006 0.044 0.005 0.123 0.040 0.582 0.004 0.007 0.016 0.004 0.053 0.007 0.009 0.099 
137 TMA-ZAIN-G-    (0)    1 :  0.024 0.017 0.008 0.029 0.029 0.005 0.004 0.005 0.006 0.008 0.051 0.006 0.003 0.804 
138 TMA-ZAIN-G-    (0)    1 :  0.004 0.070 0.003 0.073 0.016 0.011 0.004 0.020 0.011 0.003 0.604 0.004 0.004 0.176 
139 TMA-ZAIN-G-    (0)    1 :  0.011 0.040 0.006 0.028 0.060 0.010 0.003 0.017 0.067 0.004 0.386 0.005 0.003 0.360 
140 TMA-ZAIN-G-    (0)    1 :  0.005 0.069 0.004 0.565 0.023 0.007 0.003 0.006 0.004 0.004 0.030 0.003 0.010 0.266 
141 TMA-ZAIN-G-    (0)    1 :  0.012 0.032 0.003 0.597 0.065 0.007 0.006 0.021 0.007 0.005 0.129 0.005 0.006 0.105 
142 TMA-ZAIN-G-    (9)    1 :  0.006 0.034 0.003 0.594 0.027 0.013 0.003 0.006 0.004 0.003 0.028 0.003 0.005 0.269 
143 TMA-ZAIN-G-    (0)    1 :  0.007 0.117 0.003 0.312 0.023 0.016 0.005 0.010 0.005 0.004 0.244 0.004 0.009 0.241 
144 TMA-ZAIN-G-    (0)    1 :  0.015 0.146 0.008 0.196 0.010 0.008 0.004 0.014 0.033 0.014 0.097 0.003 0.029 0.424 
145 TMA-ZAIN-G-    (0)    1 :  0.006 0.023 0.002 0.085 0.060 0.301 0.003 0.007 0.018 0.003 0.112 0.003 0.008 0.369 
146 TMA-ZAIN-G-    (0)    1 :  0.005 0.005 0.003 0.931 0.018 0.005 0.003 0.005 0.003 0.003 0.005 0.003 0.003 0.009 
147 TMA-ZAIN-G-    (9)    1 :  0.004 0.007 0.003 0.932 0.009 0.008 0.003 0.005 0.004 0.003 0.007 0.003 0.003 0.008 
148 TMA-ZAIN-G-    (0)    1 :  0.005 0.032 0.003 0.790 0.012 0.004 0.003 0.071 0.025 0.004 0.041 0.003 0.003 0.006 
149 TMA-ZAIN-G-    (0)    1 :  0.022 0.038 0.011 0.698 0.010 0.006 0.024 0.030 0.051 0.009 0.060 0.015 0.013 0.013 
150 TMA-ZAIN-G-    (0)    1 :  0.013 0.015 0.009 0.682 0.015 0.059 0.028 0.016 0.075 0.007 0.024 0.012 0.013 0.034 
151 TMA-ZAIN-G-    (0)    1 :  0.003 0.137 0.002 0.011 0.006 0.007 0.003 0.018 0.005 0.003 0.006 0.003 0.005 0.791 
152 TMA-ZAIN-G-    (0)    1 :  0.003 0.012 0.002 0.019 0.004 0.006 0.004 0.015 0.004 0.003 0.006 0.004 0.004 0.913 
153 TMA-ZAIN-G-    (0)    1 :  0.004 0.104 0.003 0.089 0.014 0.015 0.004 0.033 0.013 0.003 0.045 0.003 0.004 0.666 
154 TMA-ZAIN-G-    (0)    1 :  0.004 0.007 0.002 0.011 0.005 0.004 0.004 0.004 0.004 0.003 0.009 0.003 0.003 0.937 
155 TMA-ZAIN-G-    (0)    1 :  0.006 0.011 0.003 0.037 0.008 0.007 0.004 0.007 0.003 0.004 0.013 0.004 0.004 0.889 
156 TMA-ZAIN-G-    (9)    1 :  0.003 0.059 0.003 0.048 0.005 0.003 0.005 0.075 0.012 0.004 0.032 0.005 0.004 0.740 
157 TMA-ZAIN-G-    (0)    1 :  0.004 0.087 0.003 0.185 0.010 0.007 0.005 0.139 0.006 0.004 0.031 0.004 0.004 0.512 
158 TMA-ZAIN-G-    (0)    1 :  0.004 0.017 0.004 0.230 0.027 0.005 0.004 0.004 0.005 0.007 0.008 0.003 0.006 0.678 
159 TMA-ZAIN-G-    (0)    1 :  0.004 0.008 0.003 0.282 0.200 0.014 0.004 0.005 0.005 0.004 0.018 0.005 0.004 0.446 
160 TMA-ZAIN-G-    (0)    1 :  0.005 0.005 0.003 0.095 0.139 0.019 0.004 0.005 0.008 0.003 0.010 0.004 0.003 0.696 
161 TMA-ZAIN-G-    (0)    1 :  0.006 0.096 0.003 0.124 0.019 0.007 0.003 0.023 0.022 0.005 0.236 0.003 0.005 0.448 
162 TMA-ZAIN-G-    (0)    1 :  0.011 0.011 0.011 0.008 0.006 0.005 0.017 0.003 0.010 0.005 0.006 0.013 0.009 0.884 
163 TMA-ZAIN-G-    (0)    1 :  0.003 0.006 0.002 0.012 0.006 0.004 0.003 0.003 0.003 0.002 0.008 0.003 0.003 0.944 
164 TMA-ZAIN-G-    (0)    1 :  0.012 0.007 0.005 0.106 0.007 0.009 0.005 0.004 0.008 0.004 0.012 0.004 0.006 0.811 
165 TMA-ZAIN-G-    (0)    1 :  0.003 0.007 0.003 0.070 0.009 0.006 0.004 0.004 0.003 0.003 0.010 0.004 0.004 0.871 
166 TMA-ZAIN-G-    (0)    1 :  0.006 0.041 0.002 0.253 0.039 0.012 0.003 0.006 0.011 0.003 0.216 0.003 0.004 0.400 
167 TMA-ZAIN-G-    (0)    1 :  0.008 0.035 0.005 0.680 0.165 0.004 0.006 0.007 0.005 0.006 0.025 0.005 0.008 0.041 
168 TMA-ZAIN-G-    (0)    1 :  0.006 0.010 0.003 0.621 0.279 0.010 0.005 0.030 0.005 0.005 0.007 0.006 0.004 0.009 
169 TMA-ZAIN-G-    (0)    1 :  0.005 0.007 0.002 0.596 0.291 0.052 0.003 0.005 0.005 0.003 0.009 0.003 0.004 0.016 
170 TMA-ZAIN-G-    (0)    1 :  0.006 0.146 0.013 0.455 0.093 0.022 0.009 0.069 0.004 0.045 0.059 0.025 0.010 0.043 
171 TMA-ZAIN-G-    (0)    1 :  0.004 0.005 0.003 0.601 0.334 0.013 0.003 0.004 0.004 0.003 0.007 0.003 0.003 0.013 
172 TMA-ZAIN-G-    (0)    1 :  0.006 0.648 0.003 0.210 0.021 0.005 0.004 0.019 0.003 0.005 0.049 0.004 0.005 0.018 
173 TMA-ZAIN-G-    (0)    1 :  0.008 0.765 0.004 0.085 0.020 0.006 0.004 0.018 0.004 0.006 0.055 0.003 0.008 0.015 
174 TMA-ZAIN-G-    (0)    1 :  0.005 0.102 0.003 0.095 0.022 0.028 0.003 0.004 0.006 0.003 0.682 0.003 0.005 0.038 
175 TMA-ZAIN-G-    (0)    1 :  0.005 0.005 0.003 0.635 0.305 0.006 0.004 0.005 0.004 0.003 0.006 0.003 0.004 0.011 
176 TMA-ZAIN-G-    (0)    1 :  0.005 0.008 0.003 0.827 0.108 0.005 0.004 0.005 0.003 0.003 0.008 0.003 0.003 0.014 
177 TMA-ZAIN-G-    (0)    1 :  0.004 0.013 0.003 0.918 0.017 0.003 0.003 0.012 0.003 0.004 0.006 0.003 0.003 0.008 
178 TMA-ZAIN-G-    (0)    1 :  0.005 0.418 0.004 0.461 0.019 0.004 0.004 0.033 0.004 0.006 0.011 0.005 0.006 0.021 
179 TMA-ZAIN-G-    (0)    1 :  0.005 0.055 0.002 0.856 0.014 0.006 0.003 0.016 0.003 0.004 0.012 0.003 0.005 0.016 
180 TMA-ZAIN-G-    (0)    1 :  0.030 0.272 0.007 0.051 0.006 0.102 0.004 0.028 0.012 0.007 0.441 0.004 0.015 0.021 
181 TMA-ZAIN-G-    (0)    1 :  0.004 0.784 0.003 0.008 0.010 0.005 0.004 0.102 0.005 0.004 0.024 0.005 0.004 0.038 
182 TMA-ZAIN-G-    (0)    1 :  0.006 0.344 0.003 0.028 0.005 0.003 0.006 0.173 0.005 0.005 0.370 0.007 0.005 0.041 
183 TMA-ZAIN-G-    (0)    1 :  0.005 0.846 0.003 0.013 0.008 0.004 0.004 0.077 0.004 0.004 0.011 0.004 0.004 0.013 
184 TMA-ZAIN-G-    (0)    1 :  0.021 0.746 0.010 0.016 0.012 0.007 0.025 0.028 0.018 0.010 0.030 0.023 0.012 0.041 
185 TMA-ZAIN-G-    (0)    1 :  0.013 0.818 0.014 0.009 0.007 0.006 0.013 0.004 0.023 0.010 0.028 0.010 0.035 0.011 
186 TMA-ZAIN-G-    (9)    1 :  0.005 0.855 0.005 0.010 0.012 0.007 0.004 0.005 0.005 0.008 0.054 0.003 0.014 0.012 
187 TMA-ZAIN-G-    (0)    1 :  0.004 0.837 0.003 0.014 0.036 0.016 0.004 0.015 0.003 0.005 0.023 0.004 0.005 0.031 
188 TMA-ZAIN-G-    (0)    1 :  0.003 0.846 0.002 0.007 0.052 0.021 0.004 0.007 0.004 0.004 0.019 0.003 0.005 0.024 
189 TMA-ZAIN-G-    (0)    1 :  0.004 0.938 0.002 0.007 0.005 0.008 0.003 0.006 0.002 0.003 0.011 0.002 0.003 0.006 
190 TMA-ZAIN-G-    (0)    1 :  0.004 0.838 0.003 0.042 0.027 0.017 0.003 0.030 0.006 0.005 0.010 0.003 0.006 0.007 
191 TMA-ZAIN-G-    (0)    1 :  0.013 0.888 0.015 0.008 0.008 0.004 0.011 0.004 0.009 0.006 0.008 0.010 0.009 0.006 
192 TMA-ZAIN-G-    (0)    1 :  0.016 0.883 0.010 0.006 0.013 0.004 0.003 0.019 0.004 0.009 0.018 0.004 0.003 0.008 
193 TMA-ZAIN-G-    (0)    1 :  0.004 0.005 0.002 0.003 0.003 0.004 0.003 0.956 0.004 0.003 0.004 0.002 0.003 0.003 
194 TMA-ZAIN-G-    (0)    1 :  0.005 0.051 0.006 0.009 0.006 0.012 0.003 0.827 0.015 0.011 0.026 0.002 0.023 0.004 
195 TMA-ZAIN-G-    (0)    1 :  0.004 0.058 0.003 0.038 0.028 0.039 0.003 0.774 0.006 0.011 0.022 0.003 0.005 0.006 
196 TMA-ZAIN-G-    (0)    1 :  0.004 0.017 0.002 0.007 0.005 0.013 0.003 0.914 0.006 0.004 0.010 0.003 0.007 0.006 
197 TMA-ZAIN-G-    (0)    1 :  0.009 0.010 0.003 0.009 0.009 0.011 0.003 0.910 0.005 0.004 0.013 0.003 0.005 0.007 
198 TMA-ZAIN-G-    (0)    1 :  0.004 0.018 0.003 0.012 0.010 0.007 0.003 0.916 0.005 0.003 0.007 0.003 0.003 0.008 
199 TMA-ZAIN-G-    (0)    1 :  0.005 0.885 0.004 0.008 0.008 0.005 0.004 0.007 0.007 0.005 0.036 0.003 0.009 0.014 
200 TMA-ZAIN-G-    (0)    1 :  0.006 0.006 0.764 0.004 0.003 0.003 0.013 0.048 0.004 0.110 0.003 0.018 0.016 0.003 
201 TMA-ZAIN-G-    (0)    1 :  0.006 0.003 0.903 0.005 0.004 0.005 0.012 0.003 0.004 0.033 0.004 0.005 0.010 0.003 
202 TMA-ZAIN-G-    (0)    1 :  0.004 0.014 0.832 0.008 0.003 0.004 0.008 0.038 0.002 0.043 0.005 0.026 0.008 0.005 
203 TMA-ZAIN-G-    (0)    1 :  0.005 0.032 0.003 0.019 0.009 0.004 0.012 0.789 0.005 0.004 0.064 0.021 0.005 0.030 
204 TMA-ZAIN-G-    (9)    1 :  0.077 0.008 0.759 0.016 0.016 0.010 0.004 0.008 0.032 0.047 0.009 0.007 0.006 0.004 
205 TMA-ZAIN-G-    (0)    1 :  0.021 0.010 0.671 0.022 0.014 0.007 0.006 0.008 0.015 0.120 0.012 0.008 0.005 0.081 
206 TMA-ZAIN-G-    (9)    1 :  0.160 0.021 0.569 0.021 0.008 0.010 0.009 0.060 0.012 0.089 0.007 0.016 0.011 0.006 
207 TMA-ZAIN-G-    (9)    1 :  0.085 0.029 0.009 0.039 0.023 0.094 0.007 0.012 0.065 0.033 0.032 0.009 0.097 0.465 
208 TMA-ZAIN-G-    (0)    1 :  0.003 0.037 0.003 0.654 0.020 0.075 0.003 0.004 0.005 0.004 0.010 0.003 0.013 0.166 
209 TMA-ZAIN-G-    (0)    1 :  0.008 0.059 0.003 0.099 0.066 0.013 0.003 0.165 0.033 0.004 0.499 0.003 0.004 0.042 
210 TMA-ZAIN-G-    (0)    1 :  0.013 0.151 0.003 0.135 0.066 0.090 0.004 0.325 0.015 0.005 0.119 0.004 0.009 0.059 
211 TMA-ZAIN-G-    (0)    1 :  0.009 0.141 0.022 0.074 0.046 0.025 0.009 0.058 0.009 0.025 0.530 0.012 0.016 0.025 
212 TMA-ZAIN-G-    (0)    1 :  0.016 0.322 0.004 0.494 0.006 0.012 0.003 0.020 0.006 0.004 0.064 0.003 0.010 0.035 
213 TMA-ZAIN-G-    (0)    1 :  0.005 0.368 0.004 0.246 0.041 0.007 0.004 0.037 0.007 0.005 0.116 0.003 0.006 0.151 
214 TMA-ZAIN-G-    (0)    1 :  0.005 0.203 0.004 0.107 0.094 0.049 0.003 0.023 0.009 0.005 0.344 0.003 0.004 0.149 
215 TMA-ZAIN-G-    (0)    1 :  0.003 0.409 0.008 0.137 0.089 0.005 0.003 0.005 0.002 0.251 0.021 0.003 0.005 0.060 
216 TMA-ZAIN-G-    (0)    1 :  0.006 0.608 0.006 0.036 0.016 0.008 0.003 0.014 0.012 0.007 0.246 0.003 0.010 0.025 
217 TMA-ZAIN-G-    (0)    1 :  0.006 0.071 0.003 0.136 0.150 0.102 0.004 0.064 0.006 0.004 0.387 0.003 0.003 0.061 
218 TMA-ZAIN-G-    (0)    1 :  0.005 0.007 0.003 0.006 0.006 0.008 0.008 0.003 0.005 0.913 0.010 0.006 0.013 0.007 
219 TMA-ZAIN-G-    (0)    1 :  0.012 0.004 0.007 0.004 0.004 0.003 0.005 0.003 0.008 0.925 0.008 0.005 0.007 0.005 
220 TMA-ZAIN-G-    (0)    1 :  0.011 0.010 0.004 0.020 0.011 0.016 0.126 0.006 0.007 0.669 0.007 0.009 0.070 0.034 
221 TMA-ZAIN-G-    (0)    1 :  0.010 0.018 0.014 0.010 0.006 0.005 0.003 0.006 0.005 0.887 0.013 0.004 0.011 0.008 
222 TMA-ZAIN-G-    (0)    1 :  0.022 0.006 0.005 0.016 0.007 0.011 0.041 0.005 0.008 0.842 0.013 0.005 0.005 0.014 
223 TMA-ZAIN-G-    (0)    1 :  0.014 0.005 0.008 0.005 0.004 0.004 0.005 0.003 0.005 0.917 0.005 0.007 0.014 0.004 
224 TMA-ZAIN-G-    (0)    1 :  0.100 0.012 0.011 0.006 0.006 0.005 0.019 0.008 0.006 0.774 0.027 0.008 0.011 0.006 
225 TMA-ZAIN-G-    (0)    1 :  0.005 0.005 0.008 0.004 0.003 0.003 0.010 0.010 0.004 0.925 0.003 0.007 0.009 0.003 
226 TMA-ZAIN-G-    (0)    1 :  0.010 0.011 0.006 0.008 0.007 0.005 0.006 0.022 0.005 0.885 0.005 0.013 0.010 0.007 
227 TMA-ZAIN-G-    (0)    1 :  0.006 0.011 0.012 0.011 0.007 0.004 0.007 0.018 0.004 0.893 0.005 0.009 0.007 0.008 
228 TMA-ZAIN-G-    (0)    1 :  0.017 0.013 0.012 0.022 0.027 0.008 0.007 0.007 0.006 0.825 0.010 0.018 0.015 0.013 
229 TMA-ZAIN-G-    (0)    1 :  0.009 0.003 0.019 0.004 0.003 0.007 0.016 0.003 0.005 0.906 0.003 0.012 0.007 0.003 
230 TMA-ZAIN-G-    (0)    1 :  0.325 0.022 0.006 0.031 0.033 0.012 0.023 0.012 0.012 0.444 0.044 0.021 0.011 0.005 
231 TMA-ZAIN-G-    (0)    1 :  0.076 0.009 0.322 0.028 0.029 0.008 0.301 0.009 0.009 0.155 0.014 0.010 0.011 0.020 
232 TMA-ZAIN-G-    (9)    1 :  0.022 0.016 0.451 0.011 0.008 0.034 0.147 0.008 0.010 0.188 0.032 0.057 0.004 0.012 
233 TMA-ZAIN-G-    (0)    1 :  0.019 0.010 0.014 0.013 0.029 0.046 0.006 0.007 0.010 0.788 0.024 0.005 0.016 0.011 
234 TMA-ZAIN-G-    (0)    1 :  0.006 0.004 0.037 0.008 0.005 0.006 0.224 0.013 0.028 0.626 0.004 0.024 0.007 0.008 
235 TMA-ZAIN-G-    (0)    1 :  0.032 0.064 0.019 0.008 0.056 0.005 0.010 0.019 0.009 0.505 0.005 0.232 0.027 0.011 
236 TMA-ZAIN-G-    (0)    1 :  0.043 0.012 0.018 0.014 0.011 0.006 0.007 0.023 0.004 0.806 0.009 0.027 0.008 0.011 
237 TMA-ZAIN-G-    (0)    1 :  0.129 0.019 0.010 0.085 0.134 0.012 0.037 0.009 0.005 0.380 0.047 0.093 0.018 0.023 
238 TMA-ZAIN-G-    (0)    1 :  0.006 0.019 0.016 0.020 0.025 0.005 0.014 0.006 0.003 0.784 0.023 0.040 0.007 0.032 
239 TMA-ZAIN-G-    (0)    1 :  0.023 0.035 0.738 0.005 0.004 0.019 0.003 0.108 0.031 0.010 0.009 0.006 0.003 0.005 
240 TMA-ZAIN-G-    (0)    1 :  0.009 0.003 0.943 0.004 0.005 0.003 0.004 0.004 0.006 0.007 0.003 0.004 0.003 0.002 
241 TMA-ZAIN-G-    (0)    1 :  0.005 0.005 0.929 0.010 0.012 0.005 0.003 0.004 0.005 0.005 0.004 0.005 0.002 0.005 
242 TMA-ZAIN-G-    (0)    1 :  0.003 0.006 0.943 0.007 0.006 0.005 0.003 0.003 0.003 0.004 0.003 0.004 0.003 0.007 
243 TMA-ZAIN-G-    (0)    1 :  0.005 0.006 0.920 0.012 0.013 0.008 0.003 0.003 0.005 0.005 0.005 0.004 0.003 0.007 
244 TMA-ZAIN-G-    (0)    1 :  0.003 0.009 0.908 0.014 0.014 0.009 0.003 0.003 0.004 0.006 0.004 0.005 0.003 0.016 
245 TMA-ZAIN-G-    (9)    1 :  0.003 0.003 0.958 0.004 0.003 0.002 0.004 0.003 0.003 0.005 0.003 0.004 0.002 0.003 
246 TMA-ZAIN-G-    (0)    1 :  0.005 0.003 0.958 0.003 0.003 0.003 0.003 0.002 0.003 0.005 0.003 0.002 0.004 0.003 
247 TMA-ZAIN-G-    (0)    1 :  0.004 0.005 0.950 0.005 0.003 0.006 0.002 0.002 0.004 0.004 0.003 0.002 0.005 0.004 
248 TMA-ZAIN-G-    (0)    1 :  0.004 0.009 0.924 0.008 0.006 0.005 0.003 0.010 0.004 0.008 0.004 0.006 0.004 0.006 
249 TMA-ZAIN-G-    (0)    1 :  0.004 0.006 0.947 0.004 0.003 0.003 0.002 0.007 0.003 0.006 0.003 0.004 0.004 0.003 
250 TMA-ZAIN-G-    (0)    1 :  0.004 0.005 0.950 0.003 0.003 0.005 0.002 0.004 0.003 0.006 0.003 0.003 0.005 0.003 
251 TMA-ZAIN-G-    (0)    1 :  0.011 0.004 0.003 0.004 0.004 0.004 0.006 0.005 0.936 0.004 0.006 0.005 0.005 0.004 
252 TMA-ZAIN-G-    (0)    1 :  0.004 0.007 0.003 0.044 0.027 0.020 0.004 0.004 0.858 0.007 0.004 0.003 0.003 0.010 
253 TMA-ZAIN-G-    (0)    1 :  0.004 0.004 0.004 0.005 0.003 0.005 0.007 0.004 0.941 0.003 0.005 0.003 0.003 0.009 
254 TMA-ZAIN-G-    (9)    1 :  0.006 0.008 0.003 0.014 0.008 0.010 0.011 0.006 0.879 0.004 0.014 0.005 0.006 0.027 
255 TMA-ZAIN-G-    (0)    1 :  0.004 0.004 0.018 0.006 0.004 0.006 0.013 0.004 0.915 0.003 0.005 0.007 0.003 0.007 
256 TMA-ZAIN-G-    (0)    1 :  0.021 0.008 0.011 0.011 0.007 0.006 0.010 0.025 0.871 0.006 0.008 0.005 0.004 0.008 
257 TMA-ZAIN-G-    (0)    1 :  0.013 0.004 0.004 0.003 0.004 0.003 0.005 0.013 0.932 0.004 0.005 0.004 0.003 0.003 
258 TMA-ZAIN-G-    (0)    1 :  0.005 0.003 0.003 0.003 0.003 0.004 0.004 0.005 0.954 0.003 0.003 0.003 0.003 0.004 
259 TMA-ZAIN-G-    (0)    1 :  0.020 0.004 0.006 0.004 0.003 0.005 0.004 0.006 0.930 0.004 0.004 0.004 0.005 0.003 
260 TMA-ZAIN-G-    (0)    1 :  0.015 0.004 0.005 0.005 0.004 0.008 0.004 0.006 0.929 0.004 0.005 0.003 0.006 0.003 
261 TMA-ZAIN-G-   (18)    1 :  0.021 0.006 0.004 0.006 0.005 0.010 0.006 0.009 0.895 0.005 0.010 0.005 0.014 0.005 
262 TMA-ZAIN-G-    (0)    1 :  0.008 0.003 0.003 0.003 0.004 0.003 0.004 0.006 0.947 0.004 0.004 0.004 0.003 0.003 
263 TMA-ZAIN-G-    (0)    1 :  0.009 0.003 0.003 0.003 0.003 0.003 0.008 0.004 0.944 0.004 0.004 0.004 0.003 0.004 
264 TMA-ZAIN-G-    (0)    1 :  0.008 0.003 0.004 0.004 0.004 0.004 0.011 0.005 0.936 0.004 0.005 0.004 0.004 0.005 
265 TMA-ZAIN-G-    (0)    1 :  0.411 0.020 0.011 0.059 0.011 0.020 0.024 0.011 0.121 0.233 0.033 0.006 0.021 0.021 
266 TMA-ZAIN-G-    (0)    1 :  0.019 0.035 0.009 0.026 0.010 0.018 0.010 0.041 0.596 0.012 0.118 0.008 0.073 0.024 
267 TMA-ZAIN-G-    (0)    1 :  0.237 0.010 0.289 0.037 0.017 0.016 0.061 0.007 0.135 0.023 0.017 0.022 0.123 0.007 
268 TMA-ZAIN-G-    (0)    1 :  0.010 0.003 0.793 0.005 0.004 0.004 0.110 0.003 0.005 0.006 0.004 0.040 0.009 0.004 
269 TMA-ZAIN-G-    (0)    1 :  0.102 0.005 0.462 0.007 0.008 0.004 0.142 0.004 0.005 0.025 0.009 0.192 0.030 0.006 
270 TMA-ZAIN-G-    (0)    1 :  0.189 0.004 0.594 0.006 0.006 0.004 0.055 0.004 0.006 0.015 0.006 0.093 0.013 0.005 
271 TMA-ZAIN-G-    (0)    1 :  0.029 0.004 0.848 0.006 0.004 0.003 0.041 0.003 0.005 0.007 0.006 0.028 0.012 0.005 
272 TMA-ZAIN-G-    (0)    1 :  0.036 0.005 0.781 0.005 0.006 0.003 0.031 0.003 0.004 0.060 0.006 0.029 0.028 0.004 
