

----------------------------------------------------
STRUCTURE by Pritchard, Stephens and Donnelly (2000)
     and Falush, Stephens and Pritchard (2003)
       Code by Pritchard, Falush and Hubisz
             Version 2.3.4 (Jul 2012)
----------------------------------------------------



Command line arguments:   bin\structure -m C:\Users\eschumacher\Documents\GitHub\GCC_QUAC_ZAIN\Data_Files\Structure_Files\ZAIN\ZAIN_rebinned_allpop_str\50-50\mainparams -e C:\Users\eschumacher\Documents\GitHub\GCC_QUAC_ZAIN\Data_Files\Structure_Files\ZAIN\ZAIN_rebinned_allpop_str\50-50\extraparams 
Input File:    C:\Users\eschumacher\Documents\GitHub\GCC_QUAC_ZAIN\Data_Files\Structure_Files\ZAIN\ZAIN_rebinned_allpop_str\project_data

Run parameters:
   1133 individuals
   11 loci
   8 populations assumed
   50000 Burn-in period
   50000 Reps


--------------------------------------------
Proportion of membership of each pre-defined
 population in each of the 8 clusters

Given    Inferred Clusters                                          Number of
 Pop       1      2      3      4      5      6      7      8      Individuals

  1:     0.114  0.089  0.097  0.073  0.300  0.170  0.111  0.046      303
  2:     0.109  0.060  0.109  0.013  0.288  0.146  0.209  0.066       15
  3:     0.562  0.010  0.039  0.015  0.229  0.120  0.009  0.016        2
  4:     0.292  0.056  0.074  0.007  0.355  0.128  0.045  0.043        2
  5:     0.360  0.047  0.018  0.030  0.194  0.267  0.023  0.062        7
  6:     0.010  0.007  0.674  0.007  0.047  0.225  0.019  0.011       13
  7:     0.008  0.009  0.960  0.007  0.004  0.005  0.004  0.003       13
  8:     0.018  0.015  0.009  0.015  0.572  0.203  0.026  0.142        7
  9:     0.083  0.036  0.016  0.006  0.439  0.354  0.017  0.049       11
 10:     0.176  0.114  0.008  0.012  0.551  0.074  0.036  0.028        9
 11:     0.011  0.904  0.016  0.042  0.009  0.005  0.007  0.005       35
 12:     0.008  0.007  0.005  0.004  0.824  0.090  0.030  0.031       36
 13:     0.010  0.006  0.005  0.006  0.882  0.042  0.010  0.039       33
 14:     0.006  0.007  0.013  0.009  0.010  0.007  0.939  0.010       40
 15:     0.004  0.004  0.003  0.003  0.006  0.963  0.011  0.006       39
 16:     0.612  0.182  0.049  0.016  0.061  0.022  0.026  0.032       40
 17:     0.740  0.073  0.048  0.062  0.012  0.012  0.035  0.018       37
 18:     0.004  0.006  0.003  0.003  0.890  0.063  0.006  0.024       40
 19:     0.008  0.912  0.021  0.004  0.005  0.009  0.038  0.003       28
 20:     0.019  0.008  0.048  0.012  0.015  0.011  0.877  0.009       14
 21:     0.035  0.012  0.017  0.876  0.014  0.027  0.011  0.007       13
 22:     0.005  0.006  0.003  0.002  0.036  0.923  0.014  0.011       14
 23:     0.006  0.006  0.004  0.009  0.866  0.040  0.009  0.059       25
 24:     0.005  0.007  0.004  0.005  0.011  0.007  0.008  0.952       40
 25:     0.023  0.021  0.009  0.008  0.029  0.050  0.852  0.008       32
 26:     0.003  0.003  0.004  0.978  0.003  0.003  0.003  0.003       20
 27:     0.203  0.728  0.027  0.003  0.013  0.009  0.010  0.007        4
 28:     0.020  0.850  0.044  0.005  0.043  0.010  0.012  0.015       23
 29:     0.015  0.937  0.019  0.004  0.006  0.006  0.009  0.005       39
 30:     0.006  0.010  0.959  0.006  0.005  0.004  0.005  0.004       38
 31:     0.008  0.005  0.005  0.005  0.096  0.817  0.008  0.056       45
 32:     0.010  0.005  0.005  0.017  0.436  0.487  0.016  0.025       28
 33:     0.027  0.930  0.007  0.014  0.004  0.006  0.007  0.005        6
 34:     0.868  0.024  0.014  0.004  0.013  0.019  0.013  0.045       40
 35:     0.824  0.019  0.040  0.060  0.010  0.020  0.014  0.011       42
--------------------------------------------

Allele-freq. divergence among pops (Net nucleotide distance),
computed using point estimates of P.

      1       2       3       4       5       6       7       8      
 1      -    0.0925  0.1249  0.2379  0.1444  0.1051  0.1005  0.2072  
 2   0.0925     -    0.1196  0.3039  0.2132  0.2107  0.1447  0.3225  
 3   0.1249  0.1196     -    0.2012  0.2928  0.2806  0.2193  0.3554  
 4   0.2379  0.3039  0.2012     -    0.3689  0.3673  0.3140  0.4460  
 5   0.1444  0.2132  0.2928  0.3689     -    0.0868  0.1635  0.0970  
 6   0.1051  0.2107  0.2806  0.3673  0.0868     -    0.1176  0.1479  
 7   0.1005  0.1447  0.2193  0.3140  0.1635  0.1176     -    0.1782  
 8   0.2072  0.3225  0.3554  0.4460  0.0970  0.1479  0.1782     -    

Average distances (expected heterozygosity) between individuals in same cluster:
cluster  1  : 0.5506 
cluster  2  : 0.4815 
cluster  3  : 0.3849 
cluster  4  : 0.2565 
cluster  5  : 0.4141 
cluster  6  : 0.4249 
cluster  7  : 0.4359 
cluster  8  : 0.3662 

--------------------------------------------
Estimated Ln Prob of Data   = -21241.5
Mean value of ln likelihood = -20734.8
Variance of ln likelihood   = 1013.4
Mean value of alpha         = 0.0331

Mean value of Fst_1         = 0.1313
Mean value of Fst_2         = 0.3346
Mean value of Fst_3         = 0.5541
Mean value of Fst_4         = 0.6171
Mean value of Fst_5         = 0.2967
Mean value of Fst_6         = 0.3957
Mean value of Fst_7         = 0.4175
Mean value of Fst_8         = 0.4344


Inferred ancestry of individuals:
        Label (%Miss) Pop:  Inferred clusters
  1 TMA-ZAIN-G-    (9)    1 :  0.066 0.801 0.009 0.004 0.018 0.068 0.019 0.016 
  2 TMA-ZAIN-G-    (0)    1 :  0.031 0.729 0.012 0.004 0.188 0.011 0.021 0.005 
  3 TMA-ZAIN-G-    (0)    1 :  0.010 0.010 0.004 0.004 0.478 0.268 0.013 0.213 
  4 TMA-ZAIN-G-    (0)    1 :  0.015 0.021 0.015 0.005 0.137 0.037 0.709 0.060 
  5 TMA-ZAIN-G-    (0)    1 :  0.004 0.972 0.007 0.004 0.003 0.002 0.006 0.002 
  6 TMA-ZAIN-G-    (0)    1 :  0.162 0.095 0.028 0.034 0.189 0.181 0.074 0.237 
  7 TMA-ZAIN-G-    (0)    1 :  0.015 0.014 0.008 0.006 0.699 0.222 0.027 0.010 
  8 TMA-ZAIN-G-    (0)    1 :  0.006 0.010 0.003 0.002 0.227 0.658 0.026 0.069 
  9 TMA-ZAIN-G-    (9)    1 :  0.011 0.011 0.006 0.004 0.796 0.113 0.006 0.053 
 10 TMA-ZAIN-G-    (0)    1 :  0.012 0.003 0.004 0.004 0.765 0.147 0.013 0.052 
 11 TMA-ZAIN-G-    (0)    1 :  0.008 0.006 0.005 0.006 0.812 0.150 0.007 0.006 
 12 TMA-ZAIN-G-    (0)    1 :  0.005 0.004 0.002 0.003 0.955 0.022 0.004 0.006 
 13 TMA-ZAIN-G-    (9)    1 :  0.026 0.035 0.111 0.022 0.431 0.342 0.017 0.017 
 14 TMA-ZAIN-G-    (9)    1 :  0.006 0.004 0.004 0.006 0.007 0.962 0.007 0.005 
 15 TMA-ZAIN-G-    (0)    1 :  0.005 0.003 0.002 0.002 0.006 0.970 0.005 0.007 
 16 TMA-ZAIN-G-    (0)    1 :  0.006 0.004 0.004 0.004 0.963 0.011 0.004 0.004 
 17 TMA-ZAIN-G-    (9)    1 :  0.052 0.015 0.035 0.003 0.018 0.839 0.030 0.006 
 18 TMA-ZAIN-G-    (0)    1 :  0.154 0.749 0.007 0.004 0.010 0.017 0.048 0.010 
 19 TMA-ZAIN-G-    (0)    1 :  0.920 0.013 0.011 0.006 0.016 0.023 0.006 0.005 
 20 TMA-ZAIN-G-    (0)    1 :  0.810 0.043 0.082 0.036 0.003 0.003 0.021 0.004 
 21 TMA-ZAIN-G-    (0)    1 :  0.003 0.003 0.005 0.979 0.002 0.002 0.003 0.003 
 22 TMA-ZAIN-G-    (0)    1 :  0.006 0.010 0.968 0.004 0.002 0.003 0.005 0.002 
 23 TMA-ZAIN-G-    (0)    1 :  0.008 0.006 0.966 0.005 0.004 0.005 0.003 0.003 
 24 TMA-ZAIN-G-    (9)    1 :  0.004 0.007 0.672 0.009 0.051 0.022 0.006 0.229 
 25 TMA-ZAIN-G-    (9)    1 :  0.794 0.123 0.011 0.008 0.049 0.007 0.004 0.005 
 26 TMA-ZAIN-G-    (9)    1 :  0.010 0.007 0.009 0.078 0.320 0.112 0.455 0.009 
 27 TMA-ZAIN-G-    (0)    1 :  0.855 0.051 0.009 0.015 0.007 0.036 0.018 0.009 
 28 TMA-ZAIN-G-    (0)    1 :  0.949 0.010 0.006 0.003 0.007 0.012 0.006 0.008 
 29 TMA-ZAIN-G-    (0)    1 :  0.244 0.004 0.004 0.005 0.004 0.005 0.012 0.723 
 30 TMA-ZAIN-G-    (0)    1 :  0.376 0.004 0.005 0.005 0.163 0.369 0.008 0.069 
 31 TMA-ZAIN-G-    (0)    1 :  0.009 0.910 0.010 0.011 0.006 0.004 0.043 0.006 
 32 TMA-ZAIN-G-    (9)    1 :  0.017 0.853 0.023 0.005 0.070 0.023 0.004 0.004 
 33 TMA-ZAIN-G-   (18)    1 :  0.006 0.007 0.003 0.003 0.800 0.159 0.004 0.019 
 34 TMA-ZAIN-G-    (0)    1 :  0.011 0.188 0.021 0.014 0.737 0.011 0.008 0.010 
 35 TMA-ZAIN-G-    (9)    1 :  0.018 0.024 0.003 0.003 0.744 0.120 0.012 0.074 
 36 TMA-ZAIN-G-    (0)    1 :  0.006 0.004 0.003 0.002 0.624 0.333 0.016 0.011 
 37 TMA-ZAIN-G-    (9)    1 :  0.012 0.009 0.005 0.008 0.904 0.035 0.012 0.015 
 38 TMA-ZAIN-G-   (18)    1 :  0.030 0.865 0.013 0.005 0.032 0.040 0.007 0.007 
 39 TMA-ZAIN-G-    (0)    1 :  0.005 0.003 0.003 0.008 0.955 0.007 0.008 0.010 
 40 TMA-ZAIN-G-    (0)    1 :  0.004 0.003 0.003 0.006 0.950 0.025 0.005 0.005 
 41 TMA-ZAIN-G-    (0)    1 :  0.006 0.003 0.003 0.004 0.335 0.638 0.005 0.007 
 42 TMA-ZAIN-G-    (9)    1 :  0.003 0.003 0.002 0.002 0.008 0.969 0.006 0.005 
 43 TMA-ZAIN-G-    (0)    1 :  0.004 0.004 0.003 0.003 0.005 0.961 0.010 0.011 
 44 TMA-ZAIN-G-    (0)    1 :  0.013 0.004 0.006 0.828 0.104 0.014 0.004 0.026 
 45 TMA-ZAIN-G-    (0)    1 :  0.010 0.006 0.004 0.010 0.863 0.094 0.009 0.005 
 46 TMA-ZAIN-G-    (0)    1 :  0.004 0.004 0.006 0.975 0.003 0.003 0.004 0.002 
 47 TMA-ZAIN-G-    (0)    1 :  0.004 0.004 0.002 0.004 0.004 0.004 0.974 0.004 
 48 TMA-ZAIN-G-    (0)    1 :  0.022 0.006 0.026 0.013 0.063 0.249 0.602 0.018 
 49 TMA-ZAIN-G-    (9)    1 :  0.889 0.021 0.009 0.003 0.018 0.006 0.010 0.044 
 50 TMA-ZAIN-G-    (0)    1 :  0.938 0.006 0.005 0.007 0.012 0.025 0.003 0.003 
 51 TMA-ZAIN-G-    (0)    1 :  0.885 0.007 0.006 0.015 0.008 0.050 0.023 0.006 
 52 TMA-ZAIN-G-    (0)    1 :  0.837 0.006 0.009 0.014 0.014 0.012 0.104 0.003 
 53 TMA-ZAIN-G-    (0)    1 :  0.643 0.121 0.016 0.005 0.011 0.031 0.168 0.005 
 54 TMA-ZAIN-G-    (0)    1 :  0.010 0.005 0.006 0.004 0.006 0.013 0.953 0.004 
 55 TMA-ZAIN-G-    (0)    1 :  0.030 0.004 0.010 0.006 0.009 0.040 0.897 0.004 
 56 TMA-ZAIN-G-    (0)    1 :  0.114 0.008 0.014 0.005 0.062 0.111 0.647 0.039 
 57 TMA-ZAIN-G-    (0)    1 :  0.012 0.008 0.004 0.003 0.010 0.005 0.950 0.008 
 58 TMA-ZAIN-G-    (0)    1 :  0.782 0.026 0.131 0.005 0.008 0.012 0.030 0.006 
 59 TMA-ZAIN-G-    (0)    1 :  0.046 0.650 0.022 0.026 0.108 0.050 0.057 0.041 
 60 TMA-ZAIN-G-    (0)    1 :  0.484 0.364 0.008 0.010 0.015 0.071 0.039 0.010 
 61 TMA-ZAIN-G-    (0)    1 :  0.008 0.922 0.029 0.016 0.004 0.003 0.015 0.003 
 62 TMA-ZAIN-G-    (9)    1 :  0.041 0.825 0.013 0.043 0.039 0.017 0.012 0.010 
 63 TMA-ZAIN-G-    (0)    1 :  0.014 0.943 0.012 0.005 0.005 0.006 0.013 0.003 
 64 TMA-ZAIN-G-    (0)    1 :  0.003 0.002 0.002 0.002 0.006 0.005 0.003 0.976 
 65 TMA-ZAIN-G-    (9)    1 :  0.004 0.003 0.003 0.002 0.013 0.007 0.007 0.962 
 66 TMA-ZAIN-G-    (0)    1 :  0.003 0.002 0.003 0.003 0.018 0.007 0.004 0.960 
 67 TMA-ZAIN-G-    (0)    1 :  0.011 0.004 0.010 0.016 0.043 0.006 0.005 0.906 
 68 TMA-ZAIN-G-    (0)    1 :  0.003 0.002 0.002 0.002 0.004 0.007 0.005 0.974 
 69 TMA-ZAIN-G-    (0)    1 :  0.019 0.020 0.024 0.030 0.050 0.011 0.013 0.834 
 70 TMA-ZAIN-G-    (0)    1 :  0.007 0.003 0.005 0.005 0.878 0.010 0.004 0.088 
 71 TMA-ZAIN-G-    (0)    1 :  0.004 0.003 0.003 0.004 0.974 0.005 0.003 0.004 
 72 TMA-ZAIN-G-    (0)    1 :  0.009 0.004 0.006 0.004 0.866 0.036 0.011 0.064 
 73 TMA-ZAIN-G-    (0)    1 :  0.028 0.019 0.028 0.028 0.873 0.006 0.012 0.007 
 74 TMA-ZAIN-G-    (0)    1 :  0.020 0.008 0.010 0.017 0.921 0.007 0.006 0.010 
 75 TMA-ZAIN-G-    (0)    1 :  0.008 0.005 0.005 0.003 0.953 0.009 0.009 0.008 
 76 TMA-ZAIN-G-    (0)    1 :  0.017 0.007 0.025 0.076 0.858 0.004 0.004 0.008 
 77 TMA-ZAIN-G-    (0)    1 :  0.008 0.003 0.006 0.013 0.934 0.019 0.009 0.009 
 78 TMA-ZAIN-G-    (0)    1 :  0.034 0.008 0.025 0.055 0.846 0.010 0.013 0.008 
 79 TMA-ZAIN-G-    (0)    1 :  0.012 0.005 0.010 0.061 0.871 0.020 0.014 0.007 
 80 TMA-ZAIN-G-    (0)    1 :  0.004 0.003 0.004 0.009 0.932 0.008 0.010 0.030 
 81 TMA-ZAIN-G-    (0)    1 :  0.009 0.004 0.006 0.014 0.941 0.010 0.011 0.005 
 82 TMA-ZAIN-G-    (0)    1 :  0.006 0.006 0.003 0.003 0.756 0.010 0.016 0.200 
 83 TMA-ZAIN-G-    (9)    1 :  0.019 0.066 0.030 0.023 0.677 0.011 0.019 0.155 
 84 TMA-ZAIN-G-    (0)    1 :  0.012 0.004 0.012 0.083 0.871 0.007 0.005 0.006 
 85 TMA-ZAIN-G-    (0)    1 :  0.151 0.019 0.160 0.005 0.013 0.013 0.631 0.008 
 86 TMA-ZAIN-G-    (0)    1 :  0.018 0.007 0.028 0.011 0.022 0.010 0.894 0.010 
 87 TMA-ZAIN-G-    (0)    1 :  0.032 0.019 0.664 0.008 0.011 0.008 0.252 0.005 
 88 TMA-ZAIN-G-    (0)    1 :  0.012 0.150 0.009 0.010 0.112 0.030 0.641 0.036 
 89 TMA-ZAIN-G-    (0)    1 :  0.005 0.021 0.011 0.017 0.033 0.016 0.879 0.018 
 90 TMA-ZAIN-G-    (0)    1 :  0.014 0.008 0.008 0.006 0.008 0.007 0.942 0.007 
 91 TMA-ZAIN-G-    (0)    1 :  0.011 0.019 0.007 0.006 0.010 0.010 0.930 0.007 
 92 TMA-ZAIN-G-    (0)    1 :  0.023 0.006 0.012 0.024 0.008 0.011 0.912 0.005 
 93 TMA-ZAIN-G-    (0)    1 :  0.022 0.017 0.008 0.009 0.005 0.008 0.926 0.006 
 94 TMA-ZAIN-G-    (0)    1 :  0.017 0.038 0.011 0.008 0.005 0.005 0.913 0.003 
 95 TMA-ZAIN-G-    (0)    1 :  0.903 0.009 0.015 0.004 0.013 0.032 0.005 0.020 
 96 TMA-ZAIN-G-    (0)    1 :  0.921 0.004 0.005 0.004 0.010 0.046 0.005 0.005 
 97 TMA-ZAIN-G-    (0)    1 :  0.013 0.949 0.005 0.006 0.007 0.005 0.009 0.005 
 98 TMA-ZAIN-G-    (0)    1 :  0.004 0.966 0.004 0.004 0.006 0.004 0.008 0.004 
 99 TMA-ZAIN-G-    (0)    1 :  0.008 0.817 0.006 0.027 0.082 0.026 0.004 0.031 
100 TMA-ZAIN-G-    (0)    1 :  0.015 0.909 0.008 0.033 0.004 0.004 0.024 0.004 
101 TMA-ZAIN-G-    (0)    1 :  0.007 0.954 0.004 0.006 0.010 0.005 0.008 0.005 
102 TMA-ZAIN-G-    (0)    1 :  0.030 0.266 0.563 0.007 0.070 0.030 0.019 0.015 
103 TMA-ZAIN-G-    (0)    1 :  0.031 0.882 0.044 0.005 0.015 0.010 0.009 0.005 
104 TMA-ZAIN-G-    (0)    1 :  0.006 0.967 0.009 0.004 0.004 0.004 0.005 0.002 
105 TMA-ZAIN-G-    (0)    1 :  0.021 0.905 0.026 0.003 0.017 0.012 0.011 0.005 
106 TMA-ZAIN-G-    (0)    1 :  0.004 0.003 0.003 0.003 0.268 0.674 0.006 0.038 
107 TMA-ZAIN-G-    (0)    1 :  0.004 0.004 0.003 0.002 0.964 0.010 0.005 0.008 
108 TMA-ZAIN-G-    (9)    1 :  0.043 0.430 0.040 0.018 0.233 0.197 0.024 0.015 
109 TMA-ZAIN-G-    (0)    1 :  0.040 0.374 0.005 0.003 0.086 0.155 0.048 0.287 
110 TMA-ZAIN-G-    (0)    1 :  0.082 0.056 0.069 0.126 0.418 0.216 0.024 0.010 
111 TMA-ZAIN-G-    (9)    1 :  0.055 0.625 0.085 0.034 0.133 0.012 0.034 0.022 
112 TMA-ZAIN-G-    (0)    1 :  0.118 0.296 0.058 0.011 0.156 0.308 0.029 0.024 
113 TMA-ZAIN-G-    (0)    1 :  0.004 0.938 0.009 0.005 0.014 0.005 0.014 0.010 
114 TMA-ZAIN-G-    (0)    1 :  0.005 0.962 0.011 0.010 0.003 0.002 0.004 0.002 
115 TMA-ZAIN-G-    (0)    1 :  0.006 0.970 0.007 0.004 0.004 0.003 0.004 0.003 
116 TMA-ZAIN-G-    (0)    1 :  0.004 0.008 0.003 0.002 0.941 0.007 0.012 0.024 
117 TMA-ZAIN-G-    (0)    1 :  0.020 0.011 0.005 0.003 0.286 0.323 0.075 0.276 
118 TMA-ZAIN-G-    (0)    1 :  0.007 0.006 0.003 0.003 0.914 0.016 0.010 0.041 
119 TMA-ZAIN-G-    (0)    1 :  0.011 0.020 0.007 0.008 0.888 0.007 0.011 0.048 
120 TMA-ZAIN-G-    (0)    1 :  0.013 0.009 0.004 0.003 0.882 0.038 0.016 0.035 
121 TMA-ZAIN-G-    (0)    1 :  0.015 0.031 0.004 0.003 0.546 0.071 0.032 0.299 
122 TMA-ZAIN-G-    (0)    1 :  0.014 0.005 0.006 0.008 0.858 0.038 0.030 0.042 
123 TMA-ZAIN-G-    (0)    1 :  0.012 0.947 0.016 0.005 0.005 0.007 0.005 0.004 
124 TMA-ZAIN-G-    (0)    1 :  0.006 0.005 0.003 0.002 0.010 0.964 0.004 0.005 
125 TMA-ZAIN-G-    (0)    1 :  0.005 0.003 0.002 0.002 0.012 0.892 0.052 0.033 
126 TMA-ZAIN-G-    (0)    1 :  0.004 0.004 0.003 0.002 0.013 0.961 0.008 0.005 
127 TMA-ZAIN-G-    (0)    1 :  0.004 0.003 0.002 0.003 0.014 0.963 0.004 0.007 
128 TMA-ZAIN-G-    (0)    1 :  0.005 0.005 0.003 0.003 0.019 0.905 0.007 0.053 
129 TMA-ZAIN-G-    (0)    1 :  0.005 0.007 0.003 0.002 0.010 0.961 0.005 0.006 
130 TMA-ZAIN-G-    (0)    1 :  0.006 0.007 0.003 0.002 0.017 0.932 0.025 0.008 
131 TMA-ZAIN-G-    (0)    1 :  0.006 0.004 0.003 0.002 0.009 0.966 0.005 0.005 
132 TMA-ZAIN-G-    (0)    1 :  0.006 0.004 0.003 0.003 0.058 0.800 0.032 0.095 
133 TMA-ZAIN-G-    (0)    1 :  0.016 0.003 0.008 0.024 0.085 0.720 0.046 0.097 
134 TMA-ZAIN-G-    (0)    1 :  0.006 0.003 0.005 0.016 0.063 0.821 0.028 0.057 
135 TMA-ZAIN-G-    (0)    1 :  0.004 0.004 0.003 0.007 0.902 0.045 0.011 0.024 
136 TMA-ZAIN-G-    (0)    1 :  0.005 0.009 0.004 0.006 0.209 0.028 0.016 0.723 
137 TMA-ZAIN-G-    (0)    1 :  0.004 0.005 0.003 0.006 0.959 0.012 0.005 0.006 
138 TMA-ZAIN-G-    (0)    1 :  0.004 0.005 0.003 0.003 0.637 0.313 0.020 0.016 
139 TMA-ZAIN-G-    (0)    1 :  0.004 0.005 0.003 0.005 0.832 0.077 0.059 0.015 
140 TMA-ZAIN-G-    (0)    1 :  0.006 0.003 0.004 0.004 0.954 0.016 0.005 0.009 
141 TMA-ZAIN-G-    (0)    1 :  0.006 0.005 0.004 0.003 0.919 0.049 0.007 0.007 
142 TMA-ZAIN-G-    (9)    1 :  0.005 0.004 0.003 0.003 0.953 0.014 0.005 0.014 
143 TMA-ZAIN-G-    (0)    1 :  0.006 0.004 0.003 0.003 0.880 0.082 0.006 0.016 
144 TMA-ZAIN-G-    (0)    1 :  0.013 0.003 0.004 0.006 0.904 0.042 0.022 0.006 
145 TMA-ZAIN-G-    (0)    1 :  0.005 0.003 0.002 0.002 0.713 0.016 0.012 0.247 
146 TMA-ZAIN-G-    (0)    1 :  0.003 0.003 0.003 0.003 0.972 0.005 0.003 0.006 
147 TMA-ZAIN-G-    (9)    1 :  0.004 0.003 0.003 0.004 0.965 0.007 0.005 0.010 
148 TMA-ZAIN-G-    (0)    1 :  0.004 0.003 0.003 0.003 0.879 0.077 0.026 0.005 
149 TMA-ZAIN-G-    (0)    1 :  0.014 0.025 0.026 0.006 0.800 0.049 0.072 0.006 
150 TMA-ZAIN-G-    (0)    1 :  0.013 0.024 0.024 0.005 0.806 0.016 0.070 0.042 
151 TMA-ZAIN-G-    (0)    1 :  0.004 0.004 0.002 0.002 0.938 0.031 0.005 0.013 
152 TMA-ZAIN-G-    (0)    1 :  0.004 0.005 0.002 0.002 0.962 0.011 0.005 0.009 
153 TMA-ZAIN-G-    (0)    1 :  0.003 0.004 0.002 0.002 0.923 0.043 0.011 0.011 
154 TMA-ZAIN-G-    (0)    1 :  0.004 0.004 0.002 0.002 0.967 0.008 0.006 0.007 
155 TMA-ZAIN-G-    (0)    1 :  0.004 0.005 0.003 0.002 0.960 0.012 0.004 0.010 
156 TMA-ZAIN-G-    (9)    1 :  0.005 0.009 0.003 0.003 0.874 0.090 0.011 0.005 
157 TMA-ZAIN-G-    (0)    1 :  0.005 0.006 0.003 0.003 0.807 0.160 0.007 0.010 
158 TMA-ZAIN-G-    (0)    1 :  0.005 0.003 0.003 0.003 0.969 0.007 0.005 0.005 
159 TMA-ZAIN-G-    (0)    1 :  0.003 0.004 0.002 0.002 0.971 0.005 0.004 0.008 
160 TMA-ZAIN-G-    (0)    1 :  0.003 0.005 0.003 0.002 0.963 0.004 0.005 0.014 
161 TMA-ZAIN-G-    (0)    1 :  0.005 0.003 0.002 0.003 0.927 0.040 0.013 0.006 
162 TMA-ZAIN-G-    (0)    1 :  0.009 0.029 0.019 0.006 0.907 0.007 0.017 0.007 
163 TMA-ZAIN-G-    (0)    1 :  0.003 0.004 0.002 0.002 0.975 0.005 0.003 0.005 
164 TMA-ZAIN-G-    (0)    1 :  0.004 0.005 0.003 0.003 0.961 0.007 0.009 0.007 
165 TMA-ZAIN-G-    (0)    1 :  0.003 0.005 0.002 0.002 0.969 0.007 0.004 0.008 
166 TMA-ZAIN-G-    (0)    1 :  0.004 0.003 0.002 0.002 0.965 0.010 0.007 0.008 
167 TMA-ZAIN-G-    (0)    1 :  0.007 0.005 0.005 0.004 0.949 0.019 0.006 0.005 
168 TMA-ZAIN-G-    (0)    1 :  0.006 0.007 0.003 0.003 0.909 0.027 0.006 0.038 
169 TMA-ZAIN-G-    (0)    1 :  0.004 0.005 0.003 0.003 0.680 0.010 0.006 0.288 
170 TMA-ZAIN-G-    (0)    1 :  0.023 0.016 0.009 0.015 0.714 0.187 0.004 0.031 
171 TMA-ZAIN-G-    (0)    1 :  0.003 0.004 0.003 0.003 0.930 0.005 0.004 0.048 
172 TMA-ZAIN-G-    (0)    1 :  0.006 0.004 0.004 0.005 0.325 0.645 0.004 0.007 
173 TMA-ZAIN-G-    (0)    1 :  0.008 0.003 0.004 0.004 0.148 0.818 0.005 0.009 
174 TMA-ZAIN-G-    (0)    1 :  0.004 0.003 0.002 0.002 0.785 0.124 0.007 0.072 
175 TMA-ZAIN-G-    (0)    1 :  0.004 0.004 0.003 0.003 0.966 0.007 0.005 0.009 
176 TMA-ZAIN-G-    (0)    1 :  0.004 0.003 0.003 0.003 0.969 0.008 0.004 0.006 
177 TMA-ZAIN-G-    (0)    1 :  0.004 0.004 0.003 0.004 0.955 0.023 0.004 0.004 
178 TMA-ZAIN-G-    (0)    1 :  0.007 0.005 0.003 0.006 0.469 0.500 0.004 0.005 
179 TMA-ZAIN-G-    (0)    1 :  0.005 0.003 0.002 0.004 0.908 0.066 0.004 0.007 
180 TMA-ZAIN-G-    (0)    1 :  0.009 0.005 0.007 0.013 0.051 0.811 0.019 0.086 
181 TMA-ZAIN-G-    (0)    1 :  0.004 0.004 0.002 0.003 0.016 0.962 0.004 0.006 
182 TMA-ZAIN-G-    (0)    1 :  0.004 0.006 0.003 0.003 0.011 0.966 0.005 0.003 
183 TMA-ZAIN-G-    (0)    1 :  0.004 0.004 0.002 0.003 0.012 0.966 0.004 0.005 
184 TMA-ZAIN-G-    (0)    1 :  0.014 0.044 0.026 0.008 0.059 0.814 0.026 0.011 
185 TMA-ZAIN-G-    (0)    1 :  0.038 0.016 0.040 0.014 0.081 0.756 0.042 0.012 
186 TMA-ZAIN-G-    (9)    1 :  0.015 0.004 0.006 0.005 0.046 0.907 0.007 0.011 
187 TMA-ZAIN-G-    (0)    1 :  0.005 0.004 0.004 0.003 0.094 0.869 0.003 0.019 
188 TMA-ZAIN-G-    (0)    1 :  0.004 0.003 0.003 0.002 0.088 0.876 0.003 0.020 
189 TMA-ZAIN-G-    (0)    1 :  0.003 0.003 0.002 0.003 0.011 0.964 0.003 0.011 
190 TMA-ZAIN-G-    (0)    1 :  0.009 0.003 0.003 0.004 0.060 0.891 0.004 0.026 
191 TMA-ZAIN-G-    (0)    1 :  0.014 0.018 0.030 0.014 0.040 0.862 0.015 0.007 
192 TMA-ZAIN-G-    (0)    1 :  0.005 0.003 0.004 0.033 0.017 0.926 0.007 0.005 
193 TMA-ZAIN-G-    (0)    1 :  0.003 0.003 0.003 0.003 0.004 0.973 0.007 0.004 
194 TMA-ZAIN-G-    (0)    1 :  0.005 0.003 0.003 0.004 0.004 0.965 0.011 0.005 
195 TMA-ZAIN-G-    (0)    1 :  0.005 0.003 0.003 0.003 0.011 0.959 0.006 0.011 
196 TMA-ZAIN-G-    (0)    1 :  0.004 0.003 0.002 0.003 0.005 0.970 0.005 0.007 
197 TMA-ZAIN-G-    (0)    1 :  0.004 0.003 0.003 0.003 0.007 0.960 0.012 0.008 
198 TMA-ZAIN-G-    (0)    1 :  0.003 0.003 0.003 0.003 0.007 0.969 0.006 0.007 
199 TMA-ZAIN-G-    (0)    1 :  0.010 0.003 0.005 0.005 0.050 0.913 0.007 0.008 
200 TMA-ZAIN-G-    (0)    1 :  0.042 0.038 0.058 0.818 0.006 0.017 0.013 0.008 
201 TMA-ZAIN-G-    (0)    1 :  0.031 0.013 0.065 0.820 0.017 0.012 0.015 0.026 
202 TMA-ZAIN-G-    (0)    1 :  0.005 0.005 0.003 0.972 0.003 0.007 0.002 0.002 
203 TMA-ZAIN-G-    (0)    1 :  0.004 0.008 0.003 0.003 0.008 0.965 0.006 0.004 
204 TMA-ZAIN-G-    (9)    1 :  0.042 0.020 0.030 0.848 0.004 0.004 0.047 0.005 
205 TMA-ZAIN-G-    (0)    1 :  0.019 0.008 0.004 0.878 0.070 0.007 0.008 0.006 
206 TMA-ZAIN-G-    (9)    1 :  0.043 0.072 0.025 0.698 0.033 0.045 0.070 0.013 
207 TMA-ZAIN-G-    (9)    1 :  0.075 0.014 0.013 0.005 0.661 0.019 0.105 0.109 
208 TMA-ZAIN-G-    (0)    1 :  0.004 0.003 0.002 0.004 0.929 0.008 0.003 0.046 
209 TMA-ZAIN-G-    (0)    1 :  0.004 0.003 0.002 0.003 0.096 0.843 0.036 0.013 
210 TMA-ZAIN-G-    (0)    1 :  0.005 0.004 0.003 0.003 0.130 0.762 0.016 0.078 
211 TMA-ZAIN-G-    (0)    1 :  0.023 0.011 0.018 0.024 0.190 0.691 0.013 0.029 
212 TMA-ZAIN-G-    (0)    1 :  0.008 0.004 0.004 0.009 0.551 0.384 0.013 0.028 
213 TMA-ZAIN-G-    (0)    1 :  0.006 0.003 0.003 0.003 0.697 0.268 0.012 0.006 
214 TMA-ZAIN-G-    (0)    1 :  0.004 0.003 0.003 0.003 0.458 0.461 0.009 0.058 
215 TMA-ZAIN-G-    (0)    1 :  0.263 0.004 0.008 0.014 0.638 0.063 0.002 0.007 
216 TMA-ZAIN-G-    (0)    1 :  0.008 0.003 0.005 0.006 0.108 0.854 0.009 0.008 
217 TMA-ZAIN-G-    (0)    1 :  0.004 0.003 0.003 0.003 0.375 0.458 0.009 0.146 
218 TMA-ZAIN-G-    (0)    1 :  0.961 0.006 0.003 0.004 0.005 0.006 0.004 0.011 
219 TMA-ZAIN-G-    (0)    1 :  0.946 0.005 0.005 0.023 0.004 0.005 0.009 0.003 
220 TMA-ZAIN-G-    (0)    1 :  0.881 0.063 0.006 0.003 0.020 0.006 0.009 0.013 
221 TMA-ZAIN-G-    (0)    1 :  0.885 0.005 0.006 0.060 0.010 0.019 0.008 0.007 
222 TMA-ZAIN-G-    (0)    1 :  0.900 0.036 0.007 0.009 0.014 0.007 0.016 0.011 
223 TMA-ZAIN-G-    (0)    1 :  0.963 0.007 0.007 0.007 0.003 0.003 0.006 0.004 
224 TMA-ZAIN-G-    (0)    1 :  0.914 0.015 0.021 0.009 0.006 0.016 0.014 0.005 
225 TMA-ZAIN-G-    (0)    1 :  0.955 0.010 0.006 0.012 0.003 0.006 0.004 0.002 
226 TMA-ZAIN-G-    (0)    1 :  0.944 0.012 0.009 0.008 0.007 0.010 0.006 0.005 
227 TMA-ZAIN-G-    (0)    1 :  0.899 0.013 0.006 0.052 0.009 0.012 0.005 0.004 
228 TMA-ZAIN-G-    (0)    1 :  0.923 0.012 0.022 0.006 0.017 0.008 0.007 0.007 
229 TMA-ZAIN-G-    (0)    1 :  0.894 0.030 0.030 0.024 0.003 0.003 0.007 0.009 
230 TMA-ZAIN-G-    (0)    1 :  0.797 0.033 0.013 0.004 0.027 0.061 0.046 0.019 
231 TMA-ZAIN-G-    (0)    1 :  0.143 0.084 0.565 0.026 0.092 0.012 0.061 0.018 
232 TMA-ZAIN-G-    (9)    1 :  0.053 0.140 0.616 0.016 0.037 0.036 0.018 0.085 
233 TMA-ZAIN-G-    (0)    1 :  0.876 0.006 0.008 0.034 0.015 0.009 0.015 0.039 
234 TMA-ZAIN-G-    (0)    1 :  0.586 0.296 0.029 0.045 0.008 0.006 0.024 0.006 
235 TMA-ZAIN-G-    (0)    1 :  0.746 0.128 0.022 0.012 0.027 0.049 0.011 0.005 
236 TMA-ZAIN-G-    (0)    1 :  0.793 0.082 0.022 0.058 0.013 0.017 0.008 0.007 
237 TMA-ZAIN-G-    (0)    1 :  0.471 0.233 0.016 0.006 0.166 0.051 0.024 0.033 
238 TMA-ZAIN-G-    (0)    1 :  0.827 0.056 0.018 0.042 0.030 0.016 0.006 0.005 
239 TMA-ZAIN-G-    (0)    1 :  0.016 0.028 0.023 0.701 0.005 0.072 0.141 0.013 
240 TMA-ZAIN-G-    (0)    1 :  0.003 0.003 0.004 0.978 0.002 0.003 0.004 0.002 
241 TMA-ZAIN-G-    (0)    1 :  0.003 0.003 0.004 0.978 0.004 0.003 0.003 0.003 
242 TMA-ZAIN-G-    (0)    1 :  0.003 0.003 0.003 0.980 0.003 0.002 0.002 0.003 
243 TMA-ZAIN-G-    (0)    1 :  0.003 0.003 0.003 0.978 0.004 0.003 0.003 0.004 
244 TMA-ZAIN-G-    (0)    1 :  0.003 0.003 0.003 0.976 0.005 0.003 0.003 0.004 
245 TMA-ZAIN-G-    (9)    1 :  0.003 0.003 0.005 0.979 0.003 0.003 0.003 0.002 
246 TMA-ZAIN-G-    (0)    1 :  0.003 0.002 0.003 0.981 0.002 0.003 0.003 0.002 
247 TMA-ZAIN-G-    (0)    1 :  0.003 0.002 0.003 0.983 0.002 0.002 0.002 0.003 
248 TMA-ZAIN-G-    (0)    1 :  0.003 0.003 0.003 0.977 0.003 0.004 0.003 0.003 
249 TMA-ZAIN-G-    (0)    1 :  0.003 0.002 0.003 0.981 0.002 0.003 0.003 0.002 
250 TMA-ZAIN-G-    (0)    1 :  0.003 0.002 0.003 0.981 0.002 0.003 0.003 0.003 
251 TMA-ZAIN-G-    (0)    1 :  0.005 0.005 0.003 0.002 0.003 0.005 0.973 0.004 
252 TMA-ZAIN-G-    (0)    1 :  0.008 0.004 0.003 0.004 0.050 0.008 0.872 0.052 
253 TMA-ZAIN-G-    (0)    1 :  0.003 0.005 0.003 0.004 0.005 0.004 0.970 0.005 
254 TMA-ZAIN-G-    (9)    1 :  0.005 0.008 0.003 0.004 0.016 0.007 0.946 0.013 
255 TMA-ZAIN-G-    (0)    1 :  0.003 0.009 0.022 0.004 0.005 0.004 0.945 0.007 
256 TMA-ZAIN-G-    (0)    1 :  0.004 0.006 0.005 0.008 0.006 0.009 0.958 0.004 
257 TMA-ZAIN-G-    (0)    1 :  0.003 0.003 0.003 0.004 0.003 0.005 0.975 0.003 
258 TMA-ZAIN-G-    (0)    1 :  0.003 0.003 0.003 0.004 0.003 0.004 0.976 0.004 
259 TMA-ZAIN-G-    (0)    1 :  0.004 0.003 0.004 0.004 0.003 0.004 0.973 0.005 
260 TMA-ZAIN-G-    (0)    1 :  0.004 0.003 0.004 0.004 0.004 0.004 0.968 0.009 
261 TMA-ZAIN-G-   (18)    1 :  0.006 0.004 0.004 0.003 0.005 0.007 0.961 0.010 
262 TMA-ZAIN-G-    (0)    1 :  0.003 0.004 0.003 0.003 0.003 0.004 0.977 0.003 
263 TMA-ZAIN-G-    (0)    1 :  0.004 0.005 0.003 0.003 0.004 0.004 0.973 0.004 
264 TMA-ZAIN-G-    (0)    1 :  0.004 0.008 0.004 0.003 0.004 0.004 0.969 0.004 
265 TMA-ZAIN-G-    (0)    1 :  0.166 0.015 0.007 0.024 0.026 0.019 0.705 0.037 
266 TMA-ZAIN-G-    (0)    1 :  0.028 0.018 0.014 0.007 0.032 0.151 0.724 0.025 
267 TMA-ZAIN-G-    (0)    1 :  0.051 0.016 0.304 0.026 0.020 0.013 0.546 0.024 
268 TMA-ZAIN-G-    (0)    1 :  0.004 0.007 0.974 0.003 0.003 0.003 0.004 0.003 
269 TMA-ZAIN-G-    (0)    1 :  0.007 0.011 0.964 0.003 0.004 0.003 0.004 0.003 
270 TMA-ZAIN-G-    (0)    1 :  0.006 0.011 0.963 0.004 0.004 0.003 0.005 0.003 
271 TMA-ZAIN-G-    (0)    1 :  0.005 0.007 0.972 0.004 0.003 0.003 0.004 0.003 
272 TMA-ZAIN-G-    (0)    1 :  0.010 0.008 0.965 0.004 0.004 0.003 0.003 0.002 
273 TMA-ZAIN-G-    (0)    1 :  0.009 0.007 0.968 0.006 0.002 0.003 0.003 0.002 
274 TMA-ZAIN-G-    (0)    1 :  0.008 0.009 0.945 0.005 0.007 0.014 0.006 0.006 
275 TMA-ZAIN-G-    (0)    1 :  0.004 0.004 0.977 0.004 0.003 0.003 0.002 0.002 
276 TMA-ZAIN-G-    (0)    1 :  0.004 0.005 0.971 0.005 0.004 0.003 0.003 0.004 
277 TMA-ZAIN-G-    (0)    1 :  0.006 0.007 0.948 0.020 0.005 0.004 0.005 0.005 
278 TMA-ZAIN-G-    (0)    1 :  0.005 0.004 0.966 0.013 0.003 0.003 0.004 0.002 
279 TMA-ZAIN-G-    (0)    1 :  0.008 0.005 0.968 0.006 0.003 0.004 0.003 0.002 
280 TMA-ZAIN-G-    (0)    1 :  0.016 0.021 0.940 0.007 0.004 0.007 0.003 0.002 
281 TMA-ZAIN-G-    (0)    1 :  0.006 0.015 0.955 0.010 0.003 0.005 0.004 0.003 
282 TMA-ZAIN-G-    (9)    1 :  0.005 0.007 0.969 0.007 0.003 0.002 0.004 0.002 
283 TMA-ZAIN-G-    (0)    1 :  0.059 0.046 0.710 0.008 0.012 0.007 0.150 0.007 
284 TMA-ZAIN-G-    (0)    1 :  0.070 0.076 0.603 0.008 0.015 0.010 0.213 0.004 
285 TMA-ZAIN-G-    (0)    1 :  0.025 0.026 0.836 0.016 0.017 0.015 0.046 0.019 
286 TMA-ZAIN-G-    (0)    1 :  0.006 0.007 0.967 0.006 0.003 0.003 0.006 0.002 
287 TMA-ZAIN-G-    (0)    1 :  0.005 0.007 0.963 0.006 0.004 0.005 0.004 0.004 
288 TMA-ZAIN-G-    (0)    1 :  0.026 0.023 0.886 0.003 0.013 0.031 0.010 0.008 
289 TMA-ZAIN-G-    (0)    1 :  0.008 0.008 0.950 0.005 0.006 0.009 0.007 0.008 
290 TMA-ZAIN-G-    (0)    1 :  0.024 0.091 0.852 0.004 0.008 0.011 0.008 0.003 
291 TMA-ZAIN-G-    (0)    1 :  0.947 0.009 0.014 0.010 0.004 0.005 0.008 0.003 
292 TMA-ZAIN-G-    (0)    1 :  0.017 0.010 0.011 0.015 0.869 0.066 0.005 0.007 
293 TMA-ZAIN-G-    (0)    1 :  0.012 0.004 0.004 0.020 0.869 0.045 0.017 0.029 
294 TMA-ZAIN-G-    (0)    1 :  0.005 0.003 0.003 0.005 0.955 0.007 0.007 0.015 
295 TMA-ZAIN-G-    (9)    1 :  0.011 0.004 0.008 0.007 0.937 0.010 0.008 0.015 
296 TMA-ZAIN-G-    (0)    1 :  0.012 0.010 0.007 0.005 0.905 0.041 0.012 0.006 
297 TMA-ZAIN-G-    (0)    1 :  0.008 0.005 0.006 0.005 0.824 0.101 0.028 0.024 
298 TMA-ZAIN-G-    (0)    1 :  0.016 0.012 0.018 0.007 0.875 0.008 0.050 0.014 
299 TMA-ZAIN-G-    (0)    1 :  0.006 0.004 0.006 0.010 0.952 0.006 0.003 0.012 
300 TMA-ZAIN-G-    (0)    1 :  0.008 0.003 0.005 0.007 0.872 0.028 0.007 0.070 
301 TMA-ZAIN-G-    (0)    1 :  0.006 0.004 0.004 0.014 0.878 0.059 0.008 0.027 
302 TMA-ZAIN-G-    (9)    1 :  0.005 0.003 0.003 0.003 0.934 0.038 0.006 0.007 
303 TMA-ZAIN-G-    (0)    1 :  0.859 0.017 0.010 0.004 0.004 0.064 0.039 0.002 
304 TMA-ZAIN-G-    (0)    2 :  0.008 0.018 0.008 0.009 0.054 0.119 0.568 0.215 
305 TMA-ZAIN-G-    (0)    2 :  0.005 0.003 0.004 0.005 0.935 0.020 0.008 0.020 
306 TMA-ZAIN-G-    (0)    2 :  0.011 0.129 0.032 0.015 0.378 0.048 0.369 0.019 
307 TMA-ZAIN-G-    (0)    2 :  0.005 0.012 0.009 0.013 0.057 0.071 0.387 0.445 
308 TMA-ZAIN-G-    (0)    2 :  0.108 0.026 0.013 0.015 0.004 0.008 0.810 0.015 
309 TMA-ZAIN-G-    (0)    2 :  0.004 0.003 0.003 0.003 0.037 0.937 0.003 0.009 
310 TMA-ZAIN-G-    (0)    2 :  0.015 0.006 0.019 0.012 0.913 0.008 0.017 0.010 
311 TMA-ZAIN-G-    (0)    2 :  0.028 0.038 0.017 0.003 0.791 0.057 0.057 0.009 
312 TMA-ZAIN-G-    (0)    2 :  0.034 0.005 0.006 0.005 0.164 0.761 0.010 0.016 
313 TMA-ZAIN-G-    (0)    2 :  0.006 0.013 0.006 0.003 0.103 0.076 0.756 0.036 
314 TMA-ZAIN-G-    (0)    2 :  0.284 0.264 0.379 0.003 0.014 0.024 0.020 0.012 
315 TMA-ZAIN-G-    (0)    2 :  0.029 0.006 0.366 0.016 0.441 0.031 0.028 0.084 
316 TMA-ZAIN-G-    (0)    2 :  0.044 0.008 0.397 0.011 0.415 0.024 0.021 0.080 
317 TMA-ZAIN-G-    (0)    2 :  0.892 0.037 0.032 0.009 0.008 0.006 0.012 0.004 
318 TMA-ZAIN-G-    (9)    2 :  0.159 0.329 0.339 0.080 0.009 0.008 0.063 0.012 
319 TMA-ZAIN-G-    (0)    3 :  0.674 0.015 0.072 0.013 0.006 0.206 0.011 0.004 
320 TMA-ZAIN-G-    (0)    3 :  0.449 0.005 0.006 0.018 0.453 0.034 0.006 0.029 
321 TMA-ZAIN-G-    (0)    4 :  0.109 0.056 0.141 0.009 0.439 0.193 0.013 0.040 
322 TMA-ZAIN-G-    (0)    4 :  0.474 0.055 0.007 0.005 0.271 0.062 0.078 0.047 
323 TMA-ZAIN-G-    (0)    5 :  0.883 0.007 0.007 0.023 0.008 0.044 0.012 0.018 
324 TMA-ZAIN-G-    (0)    5 :  0.009 0.009 0.003 0.005 0.870 0.049 0.031 0.023 
325 TMA-ZAIN-G-    (0)    5 :  0.814 0.004 0.006 0.144 0.010 0.010 0.008 0.005 
326 TMA-ZAIN-G-    (0)    5 :  0.636 0.003 0.003 0.005 0.012 0.292 0.042 0.007 
327 TMA-ZAIN-G-    (0)    5 :  0.004 0.003 0.003 0.003 0.005 0.958 0.014 0.011 
328 TMA-ZAIN-G-    (0)    5 :  0.160 0.298 0.096 0.015 0.016 0.146 0.016 0.252 
329 TMA-ZAIN-G-    (0)    5 :  0.015 0.005 0.006 0.014 0.437 0.368 0.039 0.117 
330 TMA-ZAIN-G-    (0)    6 :  0.011 0.004 0.003 0.002 0.160 0.688 0.040 0.091 
331 TMA-ZAIN-G-    (0)    6 :  0.062 0.031 0.031 0.031 0.402 0.269 0.163 0.010 
332 TMA-ZAIN-G-    (0)    6 :  0.005 0.002 0.002 0.002 0.018 0.960 0.004 0.007 
333 TMA-ZAIN-G-    (0)    6 :  0.004 0.003 0.003 0.003 0.004 0.974 0.006 0.004 
334 TMA-ZAIN-G-    (0)    6 :  0.007 0.006 0.968 0.007 0.003 0.003 0.004 0.003 
335 TMA-ZAIN-G-    (0)    6 :  0.004 0.003 0.975 0.005 0.004 0.003 0.004 0.004 
336 TMA-ZAIN-G-    (0)    6 :  0.009 0.006 0.956 0.008 0.006 0.005 0.007 0.004 
337 TMA-ZAIN-G-    (9)    6 :  0.010 0.014 0.957 0.005 0.005 0.004 0.004 0.003 
338 TMA-ZAIN-G-    (0)    6 :  0.005 0.009 0.971 0.003 0.003 0.003 0.004 0.002 
339 TMA-ZAIN-G-    (0)    6 :  0.004 0.007 0.974 0.006 0.002 0.002 0.003 0.002 
340 TMA-ZAIN-G-    (0)    6 :  0.004 0.004 0.977 0.005 0.003 0.002 0.003 0.002 
341 TMA-ZAIN-G-    (0)    6 :  0.004 0.005 0.974 0.005 0.003 0.004 0.002 0.003 
342 TMA-ZAIN-G-    (0)    6 :  0.005 0.004 0.969 0.008 0.004 0.003 0.004 0.003 
343 TMA-ZAIN-G-    (0)    7 :  0.005 0.010 0.969 0.005 0.003 0.003 0.003 0.002 
344 TMA-ZAIN-G-    (0)    7 :  0.007 0.005 0.968 0.007 0.004 0.004 0.004 0.002 
345 TMA-ZAIN-G-    (0)    7 :  0.004 0.003 0.975 0.007 0.002 0.002 0.004 0.003 
346 TMA-ZAIN-G-    (0)    7 :  0.018 0.026 0.919 0.009 0.009 0.013 0.004 0.003 
347 TMA-ZAIN-G-    (9)    7 :  0.005 0.005 0.973 0.006 0.003 0.003 0.003 0.003 
348 TMA-ZAIN-G-    (0)    7 :  0.008 0.008 0.961 0.007 0.004 0.003 0.005 0.003 
349 TMA-ZAIN-G-    (0)    7 :  0.006 0.010 0.956 0.012 0.004 0.004 0.004 0.004 
350 TMA-ZAIN-G-    (0)    7 :  0.021 0.014 0.938 0.008 0.005 0.006 0.004 0.004 
351 TMA-ZAIN-G-    (0)    7 :  0.005 0.004 0.970 0.007 0.003 0.003 0.004 0.003 
352 TMA-ZAIN-G-    (0)    7 :  0.005 0.004 0.970 0.004 0.005 0.004 0.005 0.005 
353 TMA-ZAIN-G-    (0)    7 :  0.010 0.015 0.947 0.008 0.005 0.008 0.004 0.002 
354 TMA-ZAIN-G-    (0)    7 :  0.006 0.004 0.973 0.005 0.004 0.005 0.002 0.002 
355 TMA-ZAIN-G-    (0)    7 :  0.005 0.007 0.966 0.005 0.005 0.006 0.003 0.003 
356 TMA-ZAIN-G-    (0)    8 :  0.014 0.003 0.002 0.002 0.817 0.003 0.019 0.139 
357 TMA-ZAIN-G-    (0)    8 :  0.014 0.013 0.004 0.003 0.451 0.422 0.016 0.077 
358 TMA-ZAIN-G-    (0)    8 :  0.038 0.060 0.039 0.008 0.283 0.293 0.028 0.250 
359 TMA-ZAIN-G-    (0)    8 :  0.035 0.010 0.005 0.059 0.315 0.007 0.100 0.470 
360 TMA-ZAIN-G-    (0)    8 :  0.005 0.003 0.002 0.004 0.953 0.006 0.005 0.023 
361 TMA-ZAIN-G-    (0)    8 :  0.010 0.010 0.004 0.003 0.248 0.685 0.011 0.030 
362 TMA-ZAIN-G-    (0)    8 :  0.008 0.005 0.006 0.029 0.935 0.005 0.004 0.009 
363 TMA-ZAIN-G-    (0)    9 :  0.059 0.005 0.013 0.012 0.373 0.494 0.019 0.025 
364 TMA-ZAIN-G-    (0)    9 :  0.712 0.193 0.018 0.007 0.019 0.018 0.019 0.013 
365 TMA-ZAIN-G-    (0)    9 :  0.077 0.018 0.110 0.018 0.689 0.021 0.005 0.063 
366 TMA-ZAIN-G-    (0)    9 :  0.005 0.004 0.005 0.009 0.796 0.008 0.019 0.154 
367 TMA-ZAIN-G-    (0)    9 :  0.024 0.145 0.010 0.002 0.077 0.650 0.084 0.008 
368 TMA-ZAIN-G-    (0)    9 :  0.006 0.005 0.004 0.005 0.785 0.020 0.015 0.160 
369 TMA-ZAIN-G-    (0)    9 :  0.005 0.002 0.002 0.003 0.032 0.912 0.005 0.040 
370 TMA-ZAIN-G-    (0)    9 :  0.008 0.010 0.003 0.004 0.175 0.778 0.005 0.018 
371 TMA-ZAIN-G-    (0)    9 :  0.004 0.004 0.004 0.003 0.942 0.009 0.006 0.029 
372 TMA-ZAIN-G-    (0)    9 :  0.004 0.005 0.003 0.004 0.943 0.014 0.006 0.022 
373 TMA-ZAIN-G-    (0)    9 :  0.006 0.003 0.003 0.003 0.004 0.973 0.004 0.004 
374 TMA-ZAIN-G-    (0)   10 :  0.063 0.301 0.016 0.003 0.040 0.385 0.186 0.006 
375 TMA-ZAIN-G-    (0)   10 :  0.721 0.031 0.007 0.010 0.027 0.187 0.007 0.010 
376 TMA-ZAIN-G-    (9)   10 :  0.004 0.005 0.003 0.002 0.971 0.008 0.003 0.004 
377 TMA-ZAIN-G-    (0)   10 :  0.003 0.002 0.002 0.002 0.964 0.007 0.004 0.014 
378 TMA-ZAIN-G-    (0)   10 :  0.003 0.004 0.002 0.002 0.961 0.010 0.004 0.014 
379 TMA-ZAIN-G-    (0)   10 :  0.003 0.003 0.002 0.002 0.957 0.009 0.010 0.013 
380 TMA-ZAIN-G-    (0)   10 :  0.004 0.003 0.003 0.004 0.916 0.009 0.007 0.055 
381 TMA-ZAIN-G-    (9)   10 :  0.585 0.010 0.006 0.011 0.119 0.042 0.091 0.136 
382 TMA-ZAIN-G-    (9)   10 :  0.197 0.671 0.033 0.070 0.008 0.009 0.009 0.003 
383    ZFB01    (0)   11 :  0.004 0.965 0.008 0.008 0.005 0.003 0.005 0.003 
384    ZFB02    (0)   11 :  0.006 0.926 0.037 0.014 0.004 0.003 0.009 0.003 
385    ZFB03    (0)   11 :  0.009 0.965 0.005 0.003 0.005 0.006 0.005 0.002 
386    ZFB04    (0)   11 :  0.005 0.940 0.022 0.015 0.005 0.003 0.007 0.003 
387    ZFB05    (0)   11 :  0.052 0.771 0.067 0.073 0.003 0.009 0.013 0.012 
388    ZFB06    (0)   11 :  0.035 0.851 0.027 0.056 0.003 0.008 0.007 0.012 
389    ZFB07    (9)   11 :  0.012 0.945 0.008 0.011 0.009 0.006 0.005 0.004 
390    ZFB08    (0)   11 :  0.009 0.952 0.011 0.003 0.006 0.006 0.007 0.006 
391    ZFB09    (0)   11 :  0.005 0.973 0.006 0.004 0.003 0.003 0.003 0.003 
392    ZFB10    (0)   11 :  0.005 0.941 0.008 0.007 0.020 0.005 0.007 0.007 
393    ZFB11    (0)   11 :  0.004 0.918 0.007 0.044 0.011 0.003 0.009 0.004 
394    ZFB12    (0)   11 :  0.019 0.887 0.042 0.027 0.009 0.008 0.005 0.003 
395    ZFB13    (0)   11 :  0.011 0.946 0.012 0.003 0.009 0.006 0.005 0.006 
396    ZFB14    (0)   11 :  0.005 0.970 0.005 0.003 0.005 0.004 0.005 0.003 
397    ZFB15    (0)   11 :  0.004 0.958 0.017 0.009 0.003 0.003 0.003 0.002 
398    ZFB16    (0)   11 :  0.007 0.944 0.024 0.007 0.007 0.005 0.004 0.004 
399    ZFB17    (0)   11 :  0.022 0.878 0.010 0.030 0.012 0.008 0.026 0.014 
400    ZFB18    (0)   11 :  0.004 0.976 0.004 0.003 0.004 0.003 0.004 0.003 
401    ZFB19    (0)   11 :  0.020 0.910 0.008 0.005 0.031 0.013 0.005 0.009 
402    ZFB20    (0)   11 :  0.007 0.918 0.037 0.020 0.006 0.004 0.004 0.004 
403    ZFB21    (0)   11 :  0.006 0.959 0.015 0.008 0.003 0.003 0.003 0.002 
404    ZFB22    (0)   11 :  0.011 0.868 0.028 0.049 0.013 0.008 0.010 0.013 
405    ZFB23    (0)   11 :  0.006 0.901 0.009 0.062 0.009 0.004 0.007 0.003 
406    ZFB24    (0)   11 :  0.005 0.893 0.015 0.063 0.010 0.004 0.008 0.004 
407    ZFB25    (0)   11 :  0.003 0.947 0.003 0.009 0.021 0.006 0.005 0.005 
408    ZFB26    (0)   11 :  0.006 0.821 0.011 0.120 0.023 0.006 0.010 0.005 
409    ZFB27    (0)   11 :  0.003 0.757 0.008 0.215 0.006 0.003 0.004 0.003 
410    ZFB28    (0)   11 :  0.023 0.761 0.016 0.174 0.007 0.006 0.009 0.003 
411    ZFB29    (0)   11 :  0.007 0.931 0.017 0.024 0.005 0.002 0.012 0.003 
412    ZFB30    (0)   11 :  0.020 0.650 0.009 0.297 0.005 0.007 0.005 0.008 
413    ZFB31    (0)   11 :  0.004 0.952 0.005 0.009 0.015 0.006 0.004 0.004 
414    ZFB32    (0)   11 :  0.031 0.791 0.023 0.090 0.016 0.012 0.033 0.004 
415    ZFB33    (0)   11 :  0.004 0.962 0.013 0.009 0.004 0.003 0.003 0.003 
416    ZFB34    (0)   11 :  0.004 0.974 0.005 0.002 0.004 0.003 0.004 0.003 
417    ZFB35    (0)   11 :  0.005 0.955 0.011 0.007 0.008 0.005 0.005 0.004 
418  ZFBP101    (0)   12 :  0.014 0.013 0.011 0.003 0.518 0.226 0.143 0.072 
419  ZFBP102    (0)   12 :  0.016 0.012 0.013 0.003 0.851 0.070 0.018 0.016 
420  ZFBP103    (0)   12 :  0.010 0.009 0.008 0.003 0.287 0.447 0.220 0.017 
421  ZFBP104    (0)   12 :  0.039 0.038 0.021 0.003 0.674 0.213 0.004 0.009 
422  ZFBP105    (0)   12 :  0.006 0.006 0.005 0.004 0.892 0.075 0.005 0.006 
423  ZFBP106    (0)   12 :  0.005 0.003 0.003 0.003 0.900 0.065 0.008 0.013 
424  ZFBP107    (0)   12 :  0.009 0.005 0.006 0.016 0.804 0.148 0.007 0.005 
425  ZFBP108    (0)   12 :  0.003 0.003 0.003 0.003 0.972 0.008 0.003 0.005 
426  ZFBP109    (0)   12 :  0.003 0.004 0.002 0.002 0.972 0.007 0.003 0.007 
427  ZFBP110    (0)   12 :  0.041 0.051 0.010 0.003 0.533 0.317 0.038 0.007 
428  ZFBP111    (0)   12 :  0.006 0.003 0.003 0.003 0.754 0.055 0.004 0.172 
429  ZFBP112    (0)   12 :  0.006 0.004 0.005 0.006 0.864 0.019 0.017 0.079 
430  ZFBP113    (0)   12 :  0.005 0.003 0.003 0.004 0.969 0.007 0.003 0.005 
431  ZFBP114    (0)   12 :  0.005 0.004 0.003 0.007 0.942 0.026 0.006 0.007 
432  ZFBP115    (0)   12 :  0.007 0.002 0.003 0.004 0.250 0.705 0.010 0.018 
433  ZFBP116    (0)   12 :  0.006 0.003 0.004 0.004 0.962 0.011 0.004 0.006 
434  ZFBP117    (0)   12 :  0.004 0.003 0.002 0.002 0.966 0.009 0.006 0.007 
435  ZFBP118    (0)   12 :  0.005 0.003 0.003 0.008 0.947 0.020 0.004 0.010 
