

----------------------------------------------------
STRUCTURE by Pritchard, Stephens and Donnelly (2000)
     and Falush, Stephens and Pritchard (2003)
       Code by Pritchard, Falush and Hubisz
             Version 2.3.4 (Jul 2012)
----------------------------------------------------



Command line arguments:   bin\structure -m C:\Users\eschumacher\Documents\GitHub\GCC_QUAC_ZAIN\Data_Files\Structure_Files\ZAIN\ZAIN_rebinned_allpop_str\50-50\mainparams -e C:\Users\eschumacher\Documents\GitHub\GCC_QUAC_ZAIN\Data_Files\Structure_Files\ZAIN\ZAIN_rebinned_allpop_str\50-50\extraparams 
Input File:    C:\Users\eschumacher\Documents\GitHub\GCC_QUAC_ZAIN\Data_Files\Structure_Files\ZAIN\ZAIN_rebinned_allpop_str\project_data

Run parameters:
   1133 individuals
   11 loci
   16 populations assumed
   50000 Burn-in period
   50000 Reps


--------------------------------------------
Proportion of membership of each pre-defined
 population in each of the 16 clusters

Given    Inferred Clusters                                                                                                  Number of
 Pop       1      2      3      4      5      6      7      8      9     10     11     12     13     14     15     16      Individuals

  1:     0.064  0.133  0.039  0.060  0.035  0.056  0.086  0.065  0.041  0.087  0.062  0.045  0.057  0.074  0.073  0.025      303
  2:     0.046  0.099  0.035  0.045  0.028  0.038  0.061  0.033  0.022  0.093  0.079  0.015  0.105  0.103  0.157  0.043       15
  3:     0.072  0.039  0.009  0.010  0.009  0.012  0.398  0.022  0.019  0.102  0.022  0.211  0.038  0.017  0.006  0.013        2
  4:     0.015  0.019  0.070  0.019  0.020  0.051  0.073  0.062  0.019  0.044  0.071  0.006  0.186  0.102  0.029  0.212        2
  5:     0.034  0.018  0.049  0.007  0.043  0.060  0.324  0.022  0.018  0.011  0.119  0.165  0.054  0.049  0.012  0.014        7
  6:     0.009  0.601  0.018  0.013  0.007  0.060  0.010  0.006  0.036  0.008  0.007  0.080  0.035  0.093  0.006  0.011       13
  7:     0.005  0.871  0.023  0.013  0.004  0.007  0.016  0.005  0.010  0.006  0.006  0.005  0.008  0.006  0.004  0.010       13
  8:     0.035  0.012  0.012  0.007  0.058  0.127  0.015  0.437  0.025  0.034  0.088  0.050  0.039  0.037  0.009  0.013        7
  9:     0.035  0.014  0.006  0.062  0.017  0.071  0.011  0.033  0.020  0.034  0.108  0.045  0.285  0.226  0.008  0.025       11
 10:     0.033  0.012  0.060  0.030  0.012  0.079  0.087  0.353  0.012  0.027  0.030  0.015  0.140  0.037  0.014  0.060        9
 11:     0.006  0.017  0.011  0.879  0.004  0.005  0.011  0.009  0.010  0.008  0.008  0.005  0.007  0.006  0.005  0.008       35
 12:     0.105  0.004  0.006  0.006  0.024  0.052  0.006  0.139  0.017  0.201  0.184  0.014  0.132  0.083  0.017  0.008       36
 13:     0.099  0.005  0.006  0.004  0.024  0.016  0.006  0.053  0.009  0.144  0.436  0.022  0.111  0.045  0.008  0.011       33
 14:     0.007  0.017  0.011  0.006  0.010  0.010  0.006  0.007  0.040  0.012  0.015  0.009  0.014  0.006  0.820  0.009       40
 15:     0.007  0.003  0.004  0.003  0.007  0.019  0.004  0.007  0.006  0.010  0.007  0.879  0.008  0.023  0.006  0.005       39
 16:     0.021  0.053  0.045  0.194  0.027  0.013  0.153  0.026  0.014  0.020  0.036  0.012  0.024  0.021  0.023  0.318       40
 17:     0.010  0.074  0.057  0.024  0.017  0.011  0.621  0.009  0.045  0.014  0.013  0.010  0.011  0.009  0.019  0.056       37
 18:     0.026  0.003  0.005  0.004  0.021  0.028  0.004  0.518  0.008  0.071  0.176  0.012  0.070  0.042  0.006  0.006       40
 19:     0.004  0.008  0.120  0.750  0.003  0.006  0.008  0.005  0.041  0.006  0.006  0.016  0.006  0.006  0.005  0.008       28
 20:     0.005  0.005  0.004  0.004  0.006  0.007  0.004  0.005  0.911  0.007  0.006  0.005  0.008  0.005  0.014  0.005       14
 21:     0.007  0.783  0.011  0.008  0.005  0.007  0.056  0.007  0.019  0.014  0.008  0.035  0.012  0.012  0.007  0.007       13
 22:     0.005  0.002  0.004  0.003  0.005  0.902  0.003  0.008  0.005  0.007  0.007  0.013  0.009  0.013  0.007  0.005       14
 23:     0.716  0.004  0.006  0.003  0.022  0.025  0.004  0.018  0.007  0.036  0.025  0.008  0.105  0.011  0.006  0.005       25
 24:     0.010  0.005  0.006  0.005  0.875  0.009  0.005  0.012  0.006  0.010  0.015  0.006  0.014  0.008  0.008  0.005       40
 25:     0.015  0.009  0.015  0.035  0.009  0.059  0.012  0.024  0.034  0.027  0.024  0.017  0.026  0.031  0.646  0.019       32
 26:     0.006  0.925  0.003  0.004  0.006  0.003  0.006  0.004  0.005  0.007  0.005  0.005  0.007  0.005  0.005  0.004       20
 27:     0.007  0.008  0.026  0.608  0.006  0.016  0.048  0.016  0.014  0.009  0.012  0.005  0.008  0.008  0.006  0.203        4
 28:     0.014  0.018  0.440  0.296  0.012  0.009  0.014  0.049  0.013  0.008  0.062  0.005  0.013  0.011  0.008  0.028       23
 29:     0.004  0.006  0.917  0.011  0.004  0.005  0.008  0.005  0.006  0.005  0.005  0.004  0.004  0.004  0.006  0.007       39
 30:     0.006  0.812  0.049  0.034  0.005  0.006  0.010  0.006  0.025  0.008  0.008  0.004  0.007  0.005  0.006  0.010       38
 31:     0.021  0.004  0.005  0.004  0.046  0.073  0.006  0.027  0.007  0.043  0.039  0.145  0.047  0.513  0.009  0.011       45
 32:     0.076  0.007  0.005  0.005  0.019  0.069  0.009  0.053  0.017  0.138  0.127  0.124  0.078  0.252  0.013  0.007       28
 33:     0.005  0.008  0.444  0.434  0.006  0.008  0.025  0.007  0.005  0.008  0.006  0.008  0.013  0.005  0.007  0.010        6
 34:     0.007  0.006  0.016  0.012  0.013  0.009  0.024  0.006  0.012  0.007  0.008  0.009  0.008  0.010  0.006  0.848       40
 35:     0.008  0.053  0.013  0.017  0.011  0.011  0.768  0.006  0.017  0.012  0.008  0.009  0.009  0.017  0.010  0.029       42
--------------------------------------------

Allele-freq. divergence among pops (Net nucleotide distance),
computed using point estimates of P.

      1       2       3       4       5       6       7       8       9      10      11      12      13      14      15      16      
 1      -    0.3136  0.3060  0.2857  0.1265  0.1663  0.2070  0.1191  0.2222  0.0777  0.0901  0.2577  0.0848  0.1306  0.2517  0.2044  
 2   0.3136     -    0.2013  0.1744  0.3890  0.3617  0.1180  0.3930  0.2479  0.3353  0.3229  0.3840  0.3069  0.3053  0.2915  0.2319  
 3   0.3060  0.2013     -    0.0916  0.3906  0.2662  0.1154  0.3078  0.2542  0.3073  0.2610  0.3090  0.2856  0.2965  0.1925  0.1798  
 4   0.2857  0.1744  0.0916     -    0.3805  0.2794  0.1323  0.2876  0.2519  0.2934  0.2656  0.3195  0.2673  0.2940  0.2220  0.2049  
 5   0.1265  0.3890  0.3906  0.3805     -    0.1661  0.2941  0.1708  0.2925  0.1923  0.1318  0.2975  0.0992  0.1540  0.2329  0.1818  
 6   0.1663  0.3617  0.2662  0.2794  0.1661     -    0.1931  0.1148  0.1887  0.1322  0.1117  0.1792  0.0798  0.0643  0.1906  0.1359  
 7   0.2070  0.1180  0.1154  0.1323  0.2941  0.1931     -    0.2655  0.1537  0.2254  0.2121  0.2036  0.2067  0.1680  0.1771  0.1010  
 8   0.1191  0.3930  0.3078  0.2876  0.1708  0.1148  0.2655     -    0.2856  0.0850  0.0385  0.3125  0.0802  0.1046  0.2985  0.2177  
 9   0.2222  0.2479  0.2542  0.2519  0.2925  0.1887  0.1537  0.2856     -    0.2151  0.2190  0.2517  0.1781  0.2138  0.2156  0.1785  
10   0.0777  0.3353  0.3073  0.2934  0.1923  0.1322  0.2254  0.0850  0.2151     -    0.0598  0.2513  0.0609  0.1020  0.3052  0.2104  
11   0.0901  0.3229  0.2610  0.2656  0.1318  0.1117  0.2121  0.0385  0.2190  0.0598     -    0.2836  0.0438  0.0954  0.2420  0.1427  
12   0.2577  0.3840  0.3090  0.3195  0.2975  0.1792  0.2036  0.3125  0.2517  0.2513  0.2836     -    0.2451  0.1454  0.2116  0.2436  
13   0.0848  0.3069  0.2856  0.2673  0.0992  0.0798  0.2067  0.0802  0.1781  0.0609  0.0438  0.2451     -    0.0724  0.2290  0.1318  
14   0.1306  0.3053  0.2965  0.2940  0.1540  0.0643  0.1680  0.1046  0.2138  0.1020  0.0954  0.1454  0.0724     -    0.2306  0.1341  
15   0.2517  0.2915  0.1925  0.2220  0.2329  0.1906  0.1771  0.2985  0.2156  0.3052  0.2420  0.2116  0.2290  0.2306     -    0.1918  
16   0.2044  0.2319  0.1798  0.2049  0.1818  0.1359  0.1010  0.2177  0.1785  0.2104  0.1427  0.2436  0.1318  0.1341  0.1918     -    

Average distances (expected heterozygosity) between individuals in same cluster:
cluster  1  : 0.3892 
cluster  2  : 0.3998 
cluster  3  : 0.3363 
cluster  4  : 0.4893 
cluster  5  : 0.3487 
cluster  6  : 0.3533 
cluster  7  : 0.5258 
cluster  8  : 0.3198 
cluster  9  : 0.2452 
cluster 10  : 0.2876 
cluster 11  : 0.3723 
cluster 12  : 0.2263 
cluster 13  : 0.4088 
cluster 14  : 0.4312 
cluster 15  : 0.3639 
cluster 16  : 0.4533 

--------------------------------------------
Estimated Ln Prob of Data   = -20521.8
Mean value of ln likelihood = -19532.7
Variance of ln likelihood   = 1978.0
Mean value of alpha         = 0.0353

Mean value of Fst_1         = 0.4013
Mean value of Fst_2         = 0.4520
Mean value of Fst_3         = 0.5248
Mean value of Fst_4         = 0.4194
Mean value of Fst_5         = 0.4374
Mean value of Fst_6         = 0.5189
Mean value of Fst_7         = 0.1818
Mean value of Fst_8         = 0.4601
Mean value of Fst_9         = 0.6334
Mean value of Fst_10         = 0.4252
Mean value of Fst_11         = 0.4017
Mean value of Fst_12         = 0.6242
Mean value of Fst_13         = 0.2983
Mean value of Fst_14         = 0.3307
Mean value of Fst_15         = 0.4741
Mean value of Fst_16         = 0.3185


Inferred ancestry of individuals:
        Label (%Miss) Pop:  Inferred clusters
  1 TMA-ZAIN-G-    (9)    1 :  0.006 0.007 0.042 0.621 0.008 0.011 0.045 0.008 0.007 0.007 0.010 0.035 0.120 0.039 0.011 0.021 
  2 TMA-ZAIN-G-    (0)    1 :  0.105 0.005 0.022 0.666 0.004 0.005 0.008 0.012 0.015 0.018 0.008 0.007 0.097 0.010 0.015 0.005 
  3 TMA-ZAIN-G-    (0)    1 :  0.019 0.003 0.006 0.006 0.089 0.104 0.005 0.118 0.009 0.032 0.329 0.032 0.157 0.058 0.011 0.022 
  4 TMA-ZAIN-G-    (0)    1 :  0.014 0.005 0.010 0.006 0.042 0.011 0.005 0.098 0.564 0.021 0.147 0.018 0.025 0.009 0.019 0.006 
  5 TMA-ZAIN-G-    (0)    1 :  0.003 0.005 0.010 0.942 0.003 0.003 0.003 0.003 0.005 0.002 0.003 0.002 0.003 0.002 0.006 0.005 
  6 TMA-ZAIN-G-    (0)    1 :  0.017 0.022 0.021 0.030 0.060 0.094 0.037 0.019 0.035 0.009 0.138 0.016 0.219 0.027 0.019 0.236 
  7 TMA-ZAIN-G-    (0)    1 :  0.019 0.006 0.012 0.009 0.007 0.158 0.009 0.038 0.082 0.112 0.072 0.032 0.397 0.024 0.010 0.013 
  8 TMA-ZAIN-G-    (0)    1 :  0.008 0.002 0.004 0.004 0.009 0.895 0.003 0.012 0.004 0.008 0.013 0.004 0.014 0.008 0.008 0.004 
  9 TMA-ZAIN-G-    (9)    1 :  0.048 0.005 0.005 0.006 0.018 0.015 0.006 0.034 0.008 0.187 0.206 0.007 0.358 0.069 0.005 0.023 
 10 TMA-ZAIN-G-    (0)    1 :  0.032 0.005 0.004 0.003 0.033 0.045 0.006 0.026 0.010 0.219 0.196 0.011 0.244 0.117 0.010 0.038 
 11 TMA-ZAIN-G-    (0)    1 :  0.014 0.006 0.006 0.005 0.005 0.011 0.008 0.006 0.020 0.520 0.033 0.008 0.265 0.081 0.006 0.006 
 12 TMA-ZAIN-G-    (0)    1 :  0.007 0.003 0.005 0.005 0.005 0.013 0.005 0.273 0.005 0.020 0.582 0.019 0.018 0.029 0.004 0.008 
 13 TMA-ZAIN-G-    (9)    1 :  0.178 0.057 0.033 0.033 0.018 0.039 0.023 0.039 0.015 0.226 0.020 0.109 0.061 0.122 0.016 0.012 
 14 TMA-ZAIN-G-    (9)    1 :  0.019 0.013 0.004 0.003 0.007 0.008 0.008 0.007 0.004 0.027 0.017 0.780 0.011 0.072 0.008 0.011 
 15 TMA-ZAIN-G-    (0)    1 :  0.004 0.002 0.003 0.003 0.007 0.007 0.005 0.005 0.003 0.004 0.006 0.637 0.194 0.109 0.006 0.005 
 16 TMA-ZAIN-G-    (0)    1 :  0.010 0.004 0.006 0.003 0.005 0.008 0.005 0.169 0.005 0.245 0.492 0.006 0.011 0.021 0.004 0.007 
 17 TMA-ZAIN-G-    (9)    1 :  0.005 0.009 0.007 0.009 0.007 0.100 0.018 0.009 0.101 0.010 0.007 0.016 0.029 0.641 0.017 0.014 
 18 TMA-ZAIN-G-    (0)    1 :  0.004 0.007 0.712 0.032 0.006 0.012 0.100 0.014 0.017 0.004 0.008 0.009 0.005 0.007 0.045 0.019 
 19 TMA-ZAIN-G-    (0)    1 :  0.008 0.027 0.025 0.012 0.005 0.074 0.532 0.023 0.044 0.028 0.018 0.013 0.020 0.025 0.004 0.141 
 20 TMA-ZAIN-G-    (0)    1 :  0.005 0.055 0.040 0.030 0.005 0.004 0.790 0.003 0.007 0.004 0.004 0.004 0.004 0.003 0.034 0.009 
 21 TMA-ZAIN-G-    (0)    1 :  0.003 0.938 0.003 0.003 0.005 0.004 0.004 0.004 0.004 0.004 0.005 0.002 0.006 0.005 0.005 0.005 
 22 TMA-ZAIN-G-    (0)    1 :  0.003 0.819 0.077 0.041 0.002 0.003 0.013 0.003 0.008 0.003 0.003 0.003 0.003 0.003 0.007 0.009 
 23 TMA-ZAIN-G-    (0)    1 :  0.006 0.798 0.050 0.011 0.004 0.010 0.032 0.006 0.011 0.009 0.007 0.007 0.006 0.008 0.004 0.030 
 24 TMA-ZAIN-G-    (9)    1 :  0.195 0.632 0.009 0.007 0.074 0.003 0.003 0.007 0.003 0.007 0.005 0.018 0.013 0.015 0.006 0.004 
 25 TMA-ZAIN-G-    (9)    1 :  0.047 0.013 0.011 0.130 0.004 0.003 0.533 0.007 0.003 0.005 0.003 0.003 0.219 0.005 0.004 0.008 
 26 TMA-ZAIN-G-    (9)    1 :  0.022 0.023 0.006 0.006 0.006 0.011 0.008 0.007 0.009 0.014 0.006 0.009 0.420 0.018 0.430 0.004 
 27 TMA-ZAIN-G-    (0)    1 :  0.005 0.019 0.014 0.087 0.008 0.009 0.061 0.003 0.023 0.011 0.008 0.076 0.021 0.020 0.015 0.619 
 28 TMA-ZAIN-G-    (0)    1 :  0.004 0.003 0.016 0.007 0.004 0.010 0.011 0.005 0.005 0.005 0.005 0.009 0.006 0.005 0.005 0.900 
 29 TMA-ZAIN-G-    (0)    1 :  0.006 0.004 0.003 0.003 0.704 0.004 0.223 0.004 0.004 0.004 0.005 0.006 0.005 0.005 0.015 0.006 
 30 TMA-ZAIN-G-    (0)    1 :  0.088 0.005 0.005 0.003 0.030 0.013 0.025 0.047 0.008 0.035 0.052 0.057 0.034 0.151 0.005 0.442 
 31 TMA-ZAIN-G-    (0)    1 :  0.008 0.011 0.024 0.825 0.005 0.006 0.011 0.004 0.018 0.006 0.004 0.006 0.006 0.003 0.057 0.005 
 32 TMA-ZAIN-G-    (9)    1 :  0.009 0.019 0.550 0.024 0.004 0.005 0.025 0.031 0.005 0.011 0.032 0.010 0.228 0.039 0.004 0.005 
 33 TMA-ZAIN-G-   (18)    1 :  0.006 0.003 0.004 0.004 0.009 0.015 0.003 0.022 0.004 0.012 0.015 0.005 0.870 0.020 0.003 0.005 
 34 TMA-ZAIN-G-    (0)    1 :  0.014 0.015 0.132 0.031 0.006 0.007 0.011 0.088 0.004 0.016 0.315 0.005 0.330 0.013 0.006 0.007 
 35 TMA-ZAIN-G-    (9)    1 :  0.013 0.003 0.020 0.005 0.036 0.009 0.007 0.028 0.007 0.008 0.261 0.015 0.536 0.031 0.009 0.011 
 36 TMA-ZAIN-G-    (0)    1 :  0.155 0.003 0.005 0.003 0.009 0.039 0.005 0.011 0.007 0.027 0.010 0.088 0.524 0.092 0.016 0.006 
 37 TMA-ZAIN-G-    (9)    1 :  0.005 0.003 0.004 0.003 0.005 0.010 0.004 0.006 0.008 0.005 0.007 0.003 0.921 0.005 0.005 0.006 
 38 TMA-ZAIN-G-   (18)    1 :  0.009 0.013 0.017 0.527 0.006 0.005 0.033 0.010 0.010 0.010 0.012 0.019 0.284 0.034 0.006 0.005 
 39 TMA-ZAIN-G-    (0)    1 :  0.626 0.005 0.003 0.004 0.014 0.017 0.004 0.085 0.009 0.027 0.064 0.004 0.068 0.054 0.008 0.009 
 40 TMA-ZAIN-G-    (0)    1 :  0.090 0.005 0.003 0.004 0.006 0.009 0.004 0.113 0.014 0.023 0.010 0.004 0.340 0.367 0.005 0.004 
 41 TMA-ZAIN-G-    (0)    1 :  0.178 0.003 0.003 0.003 0.006 0.032 0.003 0.031 0.003 0.009 0.008 0.027 0.061 0.623 0.005 0.004 
 42 TMA-ZAIN-G-    (9)    1 :  0.008 0.002 0.003 0.003 0.009 0.052 0.003 0.009 0.004 0.006 0.005 0.082 0.011 0.786 0.014 0.003 
 43 TMA-ZAIN-G-    (0)    1 :  0.005 0.002 0.003 0.003 0.012 0.017 0.004 0.003 0.004 0.006 0.004 0.912 0.004 0.012 0.005 0.003 
 44 TMA-ZAIN-G-    (0)    1 :  0.033 0.745 0.004 0.006 0.007 0.007 0.015 0.007 0.009 0.081 0.018 0.004 0.051 0.007 0.003 0.003 
 45 TMA-ZAIN-G-    (0)    1 :  0.013 0.006 0.004 0.007 0.006 0.018 0.008 0.058 0.016 0.189 0.410 0.017 0.069 0.160 0.009 0.010 
 46 TMA-ZAIN-G-    (0)    1 :  0.005 0.936 0.004 0.004 0.003 0.003 0.006 0.003 0.010 0.005 0.003 0.004 0.004 0.003 0.005 0.003 
 47 TMA-ZAIN-G-    (0)    1 :  0.003 0.003 0.004 0.003 0.004 0.005 0.004 0.005 0.013 0.003 0.005 0.004 0.004 0.004 0.931 0.004 
 48 TMA-ZAIN-G-    (0)    1 :  0.014 0.029 0.008 0.005 0.018 0.149 0.012 0.013 0.130 0.079 0.047 0.050 0.066 0.145 0.181 0.055 
 49 TMA-ZAIN-G-    (9)    1 :  0.006 0.005 0.028 0.006 0.043 0.009 0.764 0.026 0.020 0.008 0.042 0.005 0.010 0.007 0.007 0.013 
 50 TMA-ZAIN-G-    (0)    1 :  0.025 0.006 0.005 0.015 0.004 0.013 0.779 0.012 0.005 0.006 0.005 0.009 0.009 0.077 0.003 0.026 
 51 TMA-ZAIN-G-    (0)    1 :  0.007 0.006 0.006 0.007 0.007 0.010 0.789 0.004 0.015 0.014 0.009 0.058 0.010 0.024 0.015 0.020 
 52 TMA-ZAIN-G-    (0)    1 :  0.006 0.008 0.006 0.006 0.003 0.009 0.712 0.011 0.130 0.009 0.010 0.016 0.006 0.008 0.035 0.025 
 53 TMA-ZAIN-G-    (0)    1 :  0.016 0.007 0.010 0.232 0.005 0.012 0.479 0.003 0.055 0.024 0.007 0.046 0.010 0.014 0.070 0.009 
 54 TMA-ZAIN-G-    (0)    1 :  0.004 0.004 0.007 0.004 0.003 0.012 0.009 0.007 0.005 0.007 0.007 0.011 0.005 0.013 0.890 0.012 
 55 TMA-ZAIN-G-    (0)    1 :  0.004 0.007 0.007 0.003 0.003 0.018 0.025 0.009 0.004 0.009 0.012 0.020 0.005 0.049 0.801 0.026 
 56 TMA-ZAIN-G-    (0)    1 :  0.020 0.007 0.004 0.008 0.020 0.063 0.029 0.012 0.384 0.037 0.030 0.027 0.048 0.207 0.049 0.055 
 57 TMA-ZAIN-G-    (0)    1 :  0.010 0.003 0.006 0.010 0.008 0.006 0.026 0.047 0.011 0.010 0.013 0.006 0.012 0.005 0.824 0.005 
 58 TMA-ZAIN-G-    (0)    1 :  0.004 0.142 0.146 0.018 0.008 0.051 0.310 0.018 0.016 0.006 0.013 0.009 0.013 0.018 0.042 0.187 
 59 TMA-ZAIN-G-    (0)    1 :  0.012 0.022 0.027 0.499 0.011 0.046 0.012 0.015 0.030 0.058 0.036 0.009 0.160 0.022 0.016 0.023 
 60 TMA-ZAIN-G-    (0)    1 :  0.005 0.010 0.120 0.306 0.006 0.024 0.168 0.006 0.035 0.022 0.009 0.128 0.020 0.016 0.020 0.104 
 61 TMA-ZAIN-G-    (0)    1 :  0.003 0.018 0.016 0.876 0.003 0.004 0.011 0.003 0.027 0.003 0.005 0.003 0.006 0.003 0.012 0.006 
 62 TMA-ZAIN-G-    (9)    1 :  0.016 0.016 0.008 0.753 0.006 0.008 0.017 0.017 0.003 0.017 0.046 0.005 0.015 0.020 0.010 0.043 
 63 TMA-ZAIN-G-    (0)    1 :  0.004 0.009 0.208 0.626 0.003 0.012 0.028 0.011 0.016 0.007 0.014 0.014 0.007 0.011 0.017 0.014 
 64 TMA-ZAIN-G-    (0)    1 :  0.009 0.002 0.002 0.002 0.932 0.004 0.003 0.005 0.004 0.008 0.006 0.005 0.006 0.005 0.003 0.003 
 65 TMA-ZAIN-G-    (9)    1 :  0.006 0.003 0.004 0.003 0.877 0.009 0.003 0.019 0.005 0.007 0.027 0.006 0.011 0.007 0.008 0.005 
 66 TMA-ZAIN-G-    (0)    1 :  0.015 0.003 0.003 0.003 0.853 0.007 0.003 0.011 0.005 0.036 0.019 0.005 0.022 0.008 0.004 0.005 
 67 TMA-ZAIN-G-    (0)    1 :  0.103 0.013 0.003 0.004 0.672 0.006 0.011 0.016 0.004 0.043 0.071 0.003 0.017 0.013 0.006 0.016 
 68 TMA-ZAIN-G-    (0)    1 :  0.004 0.002 0.003 0.002 0.936 0.008 0.003 0.005 0.004 0.005 0.005 0.006 0.004 0.005 0.005 0.003 
 69 TMA-ZAIN-G-    (0)    1 :  0.034 0.023 0.029 0.009 0.685 0.007 0.021 0.027 0.021 0.028 0.073 0.014 0.011 0.006 0.008 0.006 
 70 TMA-ZAIN-G-    (0)    1 :  0.848 0.004 0.003 0.003 0.015 0.004 0.004 0.008 0.004 0.058 0.013 0.005 0.014 0.007 0.003 0.005 
 71 TMA-ZAIN-G-    (0)    1 :  0.899 0.003 0.003 0.003 0.004 0.004 0.003 0.012 0.004 0.026 0.013 0.003 0.008 0.006 0.003 0.003 
 72 TMA-ZAIN-G-    (0)    1 :  0.900 0.003 0.004 0.003 0.011 0.006 0.004 0.006 0.004 0.009 0.016 0.006 0.008 0.008 0.006 0.007 
 73 TMA-ZAIN-G-    (0)    1 :  0.845 0.022 0.015 0.018 0.005 0.006 0.016 0.008 0.004 0.006 0.011 0.003 0.007 0.006 0.013 0.015 
 74 TMA-ZAIN-G-    (0)    1 :  0.914 0.006 0.003 0.005 0.005 0.005 0.006 0.008 0.003 0.006 0.012 0.003 0.008 0.006 0.005 0.004 
 75 TMA-ZAIN-G-    (0)    1 :  0.918 0.003 0.004 0.004 0.005 0.005 0.004 0.008 0.005 0.007 0.010 0.005 0.007 0.005 0.007 0.005 
 76 TMA-ZAIN-G-    (0)    1 :  0.893 0.011 0.003 0.005 0.005 0.004 0.008 0.008 0.004 0.026 0.011 0.003 0.007 0.005 0.003 0.004 
 77 TMA-ZAIN-G-    (0)    1 :  0.919 0.005 0.003 0.002 0.005 0.004 0.005 0.004 0.008 0.008 0.007 0.005 0.007 0.008 0.004 0.006 
 78 TMA-ZAIN-G-    (0)    1 :  0.887 0.008 0.006 0.005 0.005 0.006 0.011 0.007 0.009 0.016 0.014 0.005 0.005 0.004 0.006 0.006 
 79 TMA-ZAIN-G-    (0)    1 :  0.883 0.008 0.004 0.003 0.004 0.005 0.007 0.005 0.023 0.021 0.009 0.006 0.006 0.006 0.004 0.005 
 80 TMA-ZAIN-G-    (0)    1 :  0.710 0.004 0.003 0.003 0.019 0.010 0.004 0.102 0.006 0.025 0.057 0.004 0.016 0.019 0.012 0.007 
 81 TMA-ZAIN-G-    (0)    1 :  0.703 0.006 0.004 0.003 0.005 0.009 0.007 0.013 0.030 0.140 0.021 0.007 0.025 0.011 0.005 0.009 
 82 TMA-ZAIN-G-    (0)    1 :  0.056 0.003 0.008 0.004 0.247 0.016 0.005 0.046 0.008 0.158 0.368 0.007 0.041 0.008 0.016 0.007 
 83 TMA-ZAIN-G-    (9)    1 :  0.012 0.023 0.042 0.029 0.026 0.019 0.012 0.171 0.005 0.014 0.512 0.005 0.078 0.009 0.014 0.030 
 84 TMA-ZAIN-G-    (0)    1 :  0.735 0.015 0.003 0.004 0.005 0.007 0.009 0.013 0.010 0.144 0.015 0.006 0.013 0.011 0.004 0.005 
 85 TMA-ZAIN-G-    (0)    1 :  0.003 0.004 0.004 0.004 0.003 0.004 0.004 0.003 0.947 0.004 0.004 0.003 0.003 0.003 0.003 0.004 
 86 TMA-ZAIN-G-    (0)    1 :  0.006 0.006 0.003 0.004 0.005 0.009 0.004 0.010 0.896 0.010 0.012 0.003 0.013 0.008 0.005 0.006 
 87 TMA-ZAIN-G-    (0)    1 :  0.003 0.004 0.005 0.004 0.003 0.003 0.004 0.003 0.948 0.004 0.003 0.003 0.003 0.003 0.003 0.003 
 88 TMA-ZAIN-G-    (0)    1 :  0.025 0.011 0.020 0.192 0.039 0.013 0.010 0.108 0.298 0.032 0.106 0.021 0.017 0.008 0.088 0.011 
 89 TMA-ZAIN-G-    (0)    1 :  0.037 0.029 0.011 0.045 0.021 0.007 0.010 0.029 0.229 0.059 0.028 0.040 0.020 0.013 0.419 0.004 
 90 TMA-ZAIN-G-    (0)    1 :  0.004 0.004 0.033 0.004 0.012 0.005 0.006 0.020 0.818 0.004 0.028 0.004 0.007 0.005 0.039 0.006 
 91 TMA-ZAIN-G-    (0)    1 :  0.009 0.007 0.006 0.097 0.013 0.013 0.006 0.008 0.726 0.016 0.010 0.013 0.014 0.008 0.036 0.019 
 92 TMA-ZAIN-G-    (0)    1 :  0.011 0.038 0.015 0.008 0.006 0.008 0.034 0.004 0.470 0.013 0.009 0.013 0.010 0.010 0.324 0.030 
 93 TMA-ZAIN-G-    (0)    1 :  0.006 0.015 0.010 0.056 0.008 0.006 0.023 0.004 0.156 0.009 0.008 0.024 0.007 0.007 0.549 0.111 
 94 TMA-ZAIN-G-    (0)    1 :  0.005 0.009 0.018 0.150 0.004 0.005 0.011 0.003 0.682 0.006 0.004 0.007 0.006 0.003 0.069 0.016 
 95 TMA-ZAIN-G-    (0)    1 :  0.010 0.005 0.017 0.004 0.007 0.004 0.026 0.006 0.005 0.005 0.005 0.015 0.006 0.019 0.004 0.860 
 96 TMA-ZAIN-G-    (0)    1 :  0.003 0.007 0.006 0.006 0.004 0.006 0.078 0.009 0.010 0.005 0.005 0.016 0.010 0.098 0.004 0.732 
 97 TMA-ZAIN-G-    (0)    1 :  0.028 0.006 0.192 0.672 0.006 0.010 0.024 0.003 0.007 0.009 0.004 0.007 0.008 0.003 0.015 0.005 
 98 TMA-ZAIN-G-    (0)    1 :  0.034 0.004 0.210 0.680 0.004 0.014 0.004 0.003 0.006 0.007 0.003 0.005 0.007 0.003 0.012 0.003 
 99 TMA-ZAIN-G-    (0)    1 :  0.013 0.009 0.036 0.586 0.008 0.020 0.006 0.012 0.003 0.069 0.034 0.005 0.171 0.018 0.004 0.006 
100 TMA-ZAIN-G-    (0)    1 :  0.005 0.012 0.009 0.861 0.005 0.004 0.031 0.003 0.025 0.004 0.004 0.006 0.006 0.003 0.017 0.006 
101 TMA-ZAIN-G-    (0)    1 :  0.006 0.006 0.060 0.763 0.005 0.007 0.020 0.006 0.003 0.056 0.008 0.006 0.031 0.005 0.009 0.009 
102 TMA-ZAIN-G-    (0)    1 :  0.014 0.075 0.706 0.009 0.009 0.007 0.040 0.014 0.044 0.009 0.010 0.013 0.010 0.023 0.005 0.012 
103 TMA-ZAIN-G-    (0)    1 :  0.007 0.013 0.839 0.010 0.005 0.009 0.021 0.009 0.028 0.010 0.012 0.005 0.007 0.008 0.004 0.012 
104 TMA-ZAIN-G-    (0)    1 :  0.003 0.005 0.947 0.006 0.002 0.003 0.006 0.003 0.003 0.003 0.003 0.003 0.003 0.003 0.004 0.003 
105 TMA-ZAIN-G-    (0)    1 :  0.006 0.006 0.839 0.009 0.005 0.011 0.010 0.010 0.045 0.011 0.013 0.005 0.008 0.008 0.004 0.010 
106 TMA-ZAIN-G-    (0)    1 :  0.079 0.003 0.004 0.004 0.045 0.041 0.004 0.067 0.007 0.057 0.021 0.092 0.175 0.389 0.006 0.006 
107 TMA-ZAIN-G-    (0)    1 :  0.106 0.003 0.005 0.004 0.013 0.019 0.005 0.376 0.007 0.054 0.090 0.012 0.276 0.017 0.007 0.006 
108 TMA-ZAIN-G-    (9)    1 :  0.008 0.028 0.026 0.203 0.004 0.008 0.031 0.009 0.023 0.017 0.012 0.017 0.582 0.015 0.009 0.008 
109 TMA-ZAIN-G-    (0)    1 :  0.007 0.006 0.030 0.268 0.124 0.062 0.007 0.183 0.014 0.020 0.059 0.027 0.025 0.088 0.046 0.034 
110 TMA-ZAIN-G-    (0)    1 :  0.020 0.125 0.036 0.049 0.008 0.058 0.101 0.088 0.023 0.093 0.124 0.016 0.157 0.067 0.014 0.021 
111 TMA-ZAIN-G-    (9)    1 :  0.034 0.108 0.166 0.185 0.010 0.007 0.085 0.123 0.007 0.015 0.200 0.004 0.008 0.009 0.020 0.019 
112 TMA-ZAIN-G-    (0)    1 :  0.013 0.028 0.224 0.096 0.024 0.039 0.058 0.060 0.013 0.097 0.067 0.030 0.037 0.165 0.019 0.030 
113 TMA-ZAIN-G-    (0)    1 :  0.017 0.009 0.020 0.856 0.008 0.006 0.004 0.010 0.005 0.016 0.009 0.005 0.010 0.004 0.018 0.003 
114 TMA-ZAIN-G-    (0)    1 :  0.003 0.009 0.005 0.943 0.002 0.002 0.004 0.003 0.006 0.003 0.003 0.002 0.003 0.002 0.004 0.004 
115 TMA-ZAIN-G-    (0)    1 :  0.003 0.005 0.009 0.940 0.003 0.003 0.004 0.005 0.003 0.003 0.004 0.004 0.003 0.003 0.004 0.004 
116 TMA-ZAIN-G-    (0)    1 :  0.011 0.003 0.007 0.005 0.010 0.015 0.004 0.259 0.006 0.007 0.621 0.007 0.019 0.007 0.011 0.008 
117 TMA-ZAIN-G-    (0)    1 :  0.076 0.003 0.008 0.006 0.195 0.108 0.007 0.032 0.033 0.038 0.215 0.054 0.116 0.043 0.030 0.035 
118 TMA-ZAIN-G-    (0)    1 :  0.011 0.003 0.007 0.005 0.020 0.014 0.006 0.265 0.006 0.009 0.585 0.021 0.014 0.013 0.010 0.012 
119 TMA-ZAIN-G-    (0)    1 :  0.038 0.015 0.019 0.016 0.023 0.013 0.017 0.254 0.005 0.008 0.541 0.006 0.016 0.006 0.009 0.014 
120 TMA-ZAIN-G-    (0)    1 :  0.018 0.003 0.011 0.006 0.018 0.016 0.008 0.157 0.012 0.013 0.623 0.052 0.022 0.013 0.011 0.018 
121 TMA-ZAIN-G-    (0)    1 :  0.016 0.003 0.008 0.005 0.071 0.028 0.005 0.038 0.008 0.008 0.648 0.013 0.100 0.019 0.011 0.020 
122 TMA-ZAIN-G-    (0)    1 :  0.006 0.003 0.004 0.004 0.008 0.026 0.004 0.009 0.024 0.007 0.012 0.008 0.857 0.009 0.007 0.013 
123 TMA-ZAIN-G-    (0)    1 :  0.006 0.008 0.023 0.875 0.004 0.005 0.015 0.004 0.011 0.006 0.005 0.014 0.005 0.005 0.006 0.009 
124 TMA-ZAIN-G-    (0)    1 :  0.004 0.003 0.005 0.004 0.004 0.911 0.004 0.007 0.006 0.006 0.006 0.006 0.008 0.018 0.003 0.005 
125 TMA-ZAIN-G-    (0)    1 :  0.005 0.002 0.003 0.002 0.013 0.901 0.003 0.005 0.006 0.005 0.004 0.009 0.006 0.010 0.023 0.004 
126 TMA-ZAIN-G-    (0)    1 :  0.004 0.003 0.004 0.003 0.004 0.903 0.004 0.010 0.006 0.008 0.006 0.014 0.005 0.018 0.006 0.004 
127 TMA-ZAIN-G-    (0)    1 :  0.004 0.003 0.003 0.003 0.005 0.878 0.003 0.012 0.005 0.011 0.007 0.007 0.008 0.043 0.003 0.004 
128 TMA-ZAIN-G-    (0)    1 :  0.005 0.003 0.004 0.003 0.012 0.886 0.003 0.007 0.005 0.008 0.010 0.006 0.021 0.014 0.005 0.008 
129 TMA-ZAIN-G-    (0)    1 :  0.005 0.003 0.005 0.004 0.004 0.915 0.004 0.006 0.005 0.006 0.007 0.008 0.010 0.010 0.004 0.005 
130 TMA-ZAIN-G-    (0)    1 :  0.005 0.002 0.005 0.004 0.004 0.910 0.004 0.008 0.005 0.004 0.006 0.016 0.004 0.007 0.012 0.004 
131 TMA-ZAIN-G-    (0)    1 :  0.004 0.003 0.004 0.003 0.004 0.910 0.004 0.006 0.008 0.006 0.006 0.009 0.007 0.018 0.004 0.006 
132 TMA-ZAIN-G-    (0)    1 :  0.007 0.003 0.003 0.003 0.016 0.868 0.003 0.009 0.005 0.010 0.012 0.008 0.017 0.015 0.013 0.008 
133 TMA-ZAIN-G-    (0)    1 :  0.079 0.013 0.003 0.003 0.100 0.055 0.017 0.051 0.046 0.025 0.019 0.116 0.015 0.417 0.026 0.016 
134 TMA-ZAIN-G-    (0)    1 :  0.060 0.008 0.003 0.003 0.062 0.302 0.007 0.139 0.042 0.017 0.008 0.222 0.021 0.076 0.023 0.005 
135 TMA-ZAIN-G-    (0)    1 :  0.055 0.006 0.004 0.004 0.028 0.059 0.004 0.541 0.029 0.083 0.032 0.018 0.079 0.043 0.012 0.003 
136 TMA-ZAIN-G-    (0)    1 :  0.033 0.006 0.004 0.006 0.525 0.030 0.004 0.053 0.005 0.020 0.173 0.007 0.086 0.027 0.014 0.009 
137 TMA-ZAIN-G-    (0)    1 :  0.016 0.006 0.004 0.005 0.004 0.012 0.005 0.874 0.017 0.013 0.009 0.005 0.013 0.009 0.004 0.003 
138 TMA-ZAIN-G-    (0)    1 :  0.017 0.003 0.004 0.004 0.012 0.320 0.003 0.259 0.004 0.068 0.128 0.032 0.059 0.064 0.019 0.004 
139 TMA-ZAIN-G-    (0)    1 :  0.045 0.005 0.003 0.005 0.011 0.166 0.004 0.477 0.010 0.026 0.069 0.021 0.038 0.038 0.079 0.003 
140 TMA-ZAIN-G-    (0)    1 :  0.014 0.004 0.004 0.003 0.009 0.017 0.004 0.089 0.005 0.422 0.305 0.007 0.068 0.034 0.004 0.010 
141 TMA-ZAIN-G-    (0)    1 :  0.025 0.003 0.006 0.005 0.006 0.035 0.005 0.035 0.009 0.731 0.046 0.019 0.049 0.014 0.006 0.006 
142 TMA-ZAIN-G-    (9)    1 :  0.015 0.003 0.003 0.003 0.012 0.014 0.003 0.091 0.006 0.546 0.214 0.006 0.055 0.018 0.004 0.007 
143 TMA-ZAIN-G-    (0)    1 :  0.015 0.003 0.004 0.004 0.013 0.077 0.004 0.098 0.007 0.163 0.208 0.009 0.342 0.039 0.005 0.010 
144 TMA-ZAIN-G-    (0)    1 :  0.007 0.005 0.004 0.003 0.006 0.079 0.009 0.132 0.009 0.022 0.511 0.017 0.043 0.107 0.025 0.020 
145 TMA-ZAIN-G-    (0)    1 :  0.045 0.002 0.003 0.003 0.260 0.049 0.003 0.394 0.006 0.051 0.078 0.006 0.062 0.016 0.016 0.006 
146 TMA-ZAIN-G-    (0)    1 :  0.010 0.003 0.003 0.003 0.004 0.004 0.003 0.006 0.004 0.895 0.008 0.004 0.043 0.004 0.003 0.003 
147 TMA-ZAIN-G-    (9)    1 :  0.009 0.003 0.003 0.003 0.009 0.006 0.003 0.008 0.004 0.711 0.010 0.004 0.211 0.007 0.004 0.004 
148 TMA-ZAIN-G-    (0)    1 :  0.009 0.003 0.003 0.002 0.004 0.020 0.003 0.005 0.004 0.777 0.008 0.039 0.088 0.018 0.016 0.003 
149 TMA-ZAIN-G-    (0)    1 :  0.009 0.010 0.021 0.014 0.006 0.036 0.008 0.011 0.021 0.505 0.021 0.020 0.231 0.029 0.041 0.016 
150 TMA-ZAIN-G-    (0)    1 :  0.016 0.008 0.043 0.008 0.112 0.018 0.006 0.034 0.011 0.203 0.060 0.016 0.374 0.012 0.065 0.011 
151 TMA-ZAIN-G-    (0)    1 :  0.005 0.002 0.003 0.003 0.007 0.006 0.003 0.691 0.003 0.007 0.081 0.018 0.016 0.144 0.004 0.005 
152 TMA-ZAIN-G-    (0)    1 :  0.004 0.002 0.004 0.005 0.006 0.006 0.003 0.551 0.003 0.010 0.359 0.016 0.008 0.013 0.005 0.004 
153 TMA-ZAIN-G-    (0)    1 :  0.015 0.002 0.004 0.003 0.012 0.038 0.003 0.597 0.003 0.031 0.134 0.029 0.021 0.089 0.014 0.005 
154 TMA-ZAIN-G-    (0)    1 :  0.004 0.002 0.004 0.003 0.004 0.007 0.003 0.889 0.004 0.007 0.050 0.004 0.005 0.007 0.004 0.003 
155 TMA-ZAIN-G-    (0)    1 :  0.006 0.003 0.005 0.004 0.006 0.008 0.004 0.900 0.006 0.014 0.014 0.006 0.008 0.009 0.003 0.004 
156 TMA-ZAIN-G-    (9)    1 :  0.004 0.003 0.005 0.006 0.003 0.033 0.004 0.653 0.003 0.024 0.099 0.078 0.008 0.063 0.010 0.004 
157 TMA-ZAIN-G-    (0)    1 :  0.009 0.003 0.007 0.004 0.008 0.017 0.004 0.494 0.005 0.140 0.073 0.124 0.013 0.089 0.006 0.004 
158 TMA-ZAIN-G-    (0)    1 :  0.017 0.003 0.003 0.003 0.005 0.008 0.005 0.232 0.004 0.040 0.646 0.004 0.008 0.012 0.004 0.005 
159 TMA-ZAIN-G-    (0)    1 :  0.145 0.002 0.004 0.004 0.017 0.012 0.004 0.439 0.003 0.211 0.115 0.004 0.024 0.007 0.005 0.004 
160 TMA-ZAIN-G-    (0)    1 :  0.128 0.002 0.005 0.004 0.022 0.009 0.003 0.549 0.004 0.043 0.191 0.005 0.019 0.005 0.008 0.004 
161 TMA-ZAIN-G-    (0)    1 :  0.016 0.003 0.004 0.003 0.007 0.156 0.005 0.329 0.007 0.081 0.210 0.023 0.055 0.074 0.022 0.007 
162 TMA-ZAIN-G-    (0)    1 :  0.005 0.010 0.018 0.014 0.005 0.005 0.005 0.870 0.010 0.006 0.015 0.003 0.006 0.008 0.010 0.008 
163 TMA-ZAIN-G-    (0)    1 :  0.005 0.002 0.003 0.003 0.004 0.006 0.003 0.862 0.003 0.011 0.079 0.003 0.006 0.005 0.003 0.003 
164 TMA-ZAIN-G-    (0)    1 :  0.007 0.004 0.006 0.005 0.008 0.012 0.004 0.456 0.011 0.021 0.419 0.005 0.020 0.007 0.009 0.006 
165 TMA-ZAIN-G-    (0)    1 :  0.008 0.003 0.004 0.004 0.006 0.011 0.003 0.544 0.004 0.022 0.350 0.003 0.024 0.008 0.003 0.004 
166 TMA-ZAIN-G-    (0)    1 :  0.032 0.002 0.003 0.003 0.013 0.049 0.003 0.531 0.006 0.116 0.133 0.006 0.066 0.022 0.010 0.004 
167 TMA-ZAIN-G-    (0)    1 :  0.093 0.005 0.006 0.006 0.005 0.014 0.006 0.019 0.008 0.551 0.174 0.008 0.070 0.023 0.005 0.008 
168 TMA-ZAIN-G-    (0)    1 :  0.027 0.003 0.005 0.005 0.010 0.006 0.004 0.005 0.005 0.840 0.030 0.020 0.023 0.007 0.005 0.005 
169 TMA-ZAIN-G-    (0)    1 :  0.022 0.002 0.003 0.003 0.037 0.005 0.003 0.009 0.004 0.844 0.024 0.005 0.027 0.004 0.004 0.003 
170 TMA-ZAIN-G-    (0)    1 :  0.019 0.011 0.011 0.036 0.013 0.031 0.033 0.031 0.006 0.602 0.032 0.044 0.057 0.060 0.004 0.008 
171 TMA-ZAIN-G-    (0)    1 :  0.027 0.002 0.003 0.003 0.010 0.004 0.003 0.006 0.004 0.889 0.015 0.004 0.019 0.004 0.003 0.003 
172 TMA-ZAIN-G-    (0)    1 :  0.009 0.004 0.003 0.003 0.004 0.019 0.006 0.010 0.005 0.672 0.030 0.017 0.009 0.200 0.003 0.006 
173 TMA-ZAIN-G-    (0)    1 :  0.015 0.004 0.004 0.004 0.007 0.034 0.006 0.010 0.007 0.324 0.044 0.016 0.019 0.491 0.005 0.009 
174 TMA-ZAIN-G-    (0)    1 :  0.025 0.003 0.003 0.003 0.043 0.427 0.003 0.053 0.005 0.101 0.059 0.005 0.157 0.101 0.008 0.005 
175 TMA-ZAIN-G-    (0)    1 :  0.051 0.003 0.003 0.003 0.006 0.005 0.003 0.007 0.004 0.861 0.016 0.005 0.022 0.004 0.003 0.003 
176 TMA-ZAIN-G-    (0)    1 :  0.019 0.003 0.003 0.003 0.005 0.005 0.003 0.008 0.005 0.908 0.015 0.004 0.011 0.005 0.003 0.003 
177 TMA-ZAIN-G-    (0)    1 :  0.008 0.002 0.003 0.003 0.003 0.004 0.003 0.007 0.004 0.911 0.018 0.010 0.007 0.010 0.003 0.003 
178 TMA-ZAIN-G-    (0)    1 :  0.018 0.004 0.004 0.005 0.004 0.009 0.006 0.013 0.005 0.319 0.205 0.038 0.064 0.292 0.004 0.007 
179 TMA-ZAIN-G-    (0)    1 :  0.008 0.003 0.003 0.003 0.006 0.008 0.003 0.011 0.005 0.819 0.036 0.014 0.047 0.025 0.004 0.005 
180 TMA-ZAIN-G-    (0)    1 :  0.005 0.007 0.004 0.004 0.091 0.371 0.006 0.022 0.025 0.026 0.043 0.030 0.092 0.247 0.011 0.016 
181 TMA-ZAIN-G-    (0)    1 :  0.011 0.003 0.004 0.006 0.004 0.016 0.004 0.052 0.004 0.009 0.014 0.107 0.009 0.749 0.005 0.004 
182 TMA-ZAIN-G-    (0)    1 :  0.005 0.003 0.007 0.008 0.003 0.379 0.005 0.035 0.006 0.025 0.015 0.166 0.027 0.308 0.005 0.005 
183 TMA-ZAIN-G-    (0)    1 :  0.006 0.003 0.004 0.004 0.004 0.009 0.005 0.011 0.005 0.010 0.009 0.064 0.031 0.829 0.004 0.004 
184 TMA-ZAIN-G-    (0)    1 :  0.012 0.010 0.026 0.022 0.007 0.016 0.009 0.036 0.019 0.013 0.032 0.024 0.015 0.731 0.017 0.012 
185 TMA-ZAIN-G-    (0)    1 :  0.007 0.014 0.013 0.010 0.005 0.027 0.007 0.010 0.013 0.006 0.012 0.004 0.009 0.814 0.018 0.029 
186 TMA-ZAIN-G-    (9)    1 :  0.011 0.004 0.004 0.003 0.006 0.047 0.007 0.012 0.006 0.013 0.016 0.005 0.007 0.843 0.006 0.011 
187 TMA-ZAIN-G-    (0)    1 :  0.043 0.003 0.004 0.004 0.014 0.016 0.004 0.042 0.004 0.013 0.008 0.014 0.010 0.812 0.003 0.005 
188 TMA-ZAIN-G-    (0)    1 :  0.041 0.002 0.004 0.003 0.023 0.017 0.003 0.021 0.003 0.006 0.006 0.006 0.049 0.805 0.004 0.004 
189 TMA-ZAIN-G-    (0)    1 :  0.004 0.003 0.002 0.002 0.007 0.012 0.003 0.007 0.003 0.006 0.006 0.006 0.007 0.928 0.002 0.003 
190 TMA-ZAIN-G-    (0)    1 :  0.030 0.003 0.003 0.003 0.016 0.010 0.006 0.005 0.004 0.032 0.027 0.029 0.108 0.711 0.006 0.008 
191 TMA-ZAIN-G-    (0)    1 :  0.008 0.014 0.011 0.009 0.004 0.008 0.006 0.006 0.015 0.010 0.006 0.004 0.020 0.862 0.008 0.008 
192 TMA-ZAIN-G-    (0)    1 :  0.015 0.011 0.003 0.005 0.004 0.016 0.008 0.012 0.018 0.009 0.005 0.014 0.008 0.865 0.004 0.003 
193 TMA-ZAIN-G-    (0)    1 :  0.004 0.002 0.003 0.002 0.004 0.004 0.003 0.003 0.004 0.003 0.003 0.949 0.003 0.005 0.004 0.003 
194 TMA-ZAIN-G-    (0)    1 :  0.006 0.006 0.003 0.002 0.014 0.038 0.011 0.003 0.005 0.008 0.008 0.761 0.007 0.088 0.016 0.022 
195 TMA-ZAIN-G-    (0)    1 :  0.025 0.003 0.003 0.003 0.032 0.039 0.009 0.005 0.004 0.029 0.018 0.727 0.022 0.070 0.006 0.005 
196 TMA-ZAIN-G-    (0)    1 :  0.005 0.003 0.003 0.003 0.016 0.010 0.004 0.008 0.004 0.005 0.009 0.886 0.010 0.020 0.007 0.007 
197 TMA-ZAIN-G-    (0)    1 :  0.010 0.003 0.003 0.003 0.012 0.013 0.004 0.008 0.009 0.012 0.008 0.888 0.009 0.011 0.005 0.005 
198 TMA-ZAIN-G-    (0)    1 :  0.008 0.003 0.003 0.003 0.006 0.007 0.003 0.010 0.004 0.015 0.009 0.895 0.010 0.017 0.004 0.003 
199 TMA-ZAIN-G-    (0)    1 :  0.007 0.004 0.004 0.003 0.004 0.034 0.005 0.011 0.005 0.008 0.016 0.006 0.007 0.871 0.006 0.009 
200 TMA-ZAIN-G-    (0)    1 :  0.003 0.736 0.013 0.016 0.004 0.003 0.125 0.002 0.006 0.004 0.004 0.054 0.004 0.006 0.004 0.015 
201 TMA-ZAIN-G-    (0)    1 :  0.005 0.889 0.014 0.005 0.005 0.003 0.034 0.004 0.006 0.004 0.004 0.003 0.004 0.003 0.004 0.011 
202 TMA-ZAIN-G-    (0)    1 :  0.003 0.808 0.010 0.023 0.003 0.005 0.046 0.005 0.004 0.008 0.006 0.043 0.009 0.015 0.002 0.008 
203 TMA-ZAIN-G-    (0)    1 :  0.009 0.003 0.011 0.019 0.004 0.052 0.004 0.027 0.005 0.014 0.019 0.769 0.031 0.025 0.005 0.005 
204 TMA-ZAIN-G-    (9)    1 :  0.018 0.752 0.004 0.007 0.010 0.008 0.037 0.004 0.067 0.019 0.005 0.007 0.027 0.007 0.022 0.005 
205 TMA-ZAIN-G-    (0)    1 :  0.011 0.684 0.007 0.007 0.006 0.011 0.077 0.082 0.020 0.013 0.026 0.007 0.022 0.008 0.015 0.005 
206 TMA-ZAIN-G-    (9)    1 :  0.007 0.560 0.010 0.014 0.009 0.006 0.088 0.005 0.145 0.023 0.015 0.056 0.017 0.022 0.012 0.010 
207 TMA-ZAIN-G-    (9)    1 :  0.012 0.007 0.007 0.009 0.037 0.012 0.020 0.074 0.047 0.007 0.636 0.007 0.020 0.016 0.045 0.044 
208 TMA-ZAIN-G-    (0)    1 :  0.020 0.003 0.002 0.003 0.046 0.006 0.003 0.027 0.003 0.137 0.625 0.003 0.090 0.019 0.005 0.008 
209 TMA-ZAIN-G-    (0)    1 :  0.059 0.003 0.003 0.003 0.015 0.198 0.004 0.052 0.008 0.258 0.040 0.199 0.013 0.064 0.076 0.004 
210 TMA-ZAIN-G-    (0)    1 :  0.054 0.003 0.004 0.003 0.089 0.059 0.005 0.071 0.013 0.174 0.025 0.326 0.062 0.087 0.016 0.010 
211 TMA-ZAIN-G-    (0)    1 :  0.043 0.020 0.008 0.011 0.020 0.367 0.024 0.029 0.008 0.140 0.023 0.065 0.103 0.110 0.010 0.018 
212 TMA-ZAIN-G-    (0)    1 :  0.005 0.004 0.003 0.003 0.012 0.032 0.005 0.029 0.014 0.115 0.073 0.024 0.457 0.207 0.006 0.010 
213 TMA-ZAIN-G-    (0)    1 :  0.028 0.004 0.004 0.003 0.008 0.048 0.005 0.096 0.004 0.469 0.044 0.025 0.022 0.228 0.008 0.005 
214 TMA-ZAIN-G-    (0)    1 :  0.087 0.004 0.003 0.003 0.066 0.194 0.005 0.120 0.004 0.230 0.059 0.025 0.012 0.173 0.011 0.005 
215 TMA-ZAIN-G-    (0)    1 :  0.033 0.009 0.003 0.003 0.004 0.009 0.234 0.016 0.003 0.335 0.053 0.004 0.040 0.247 0.002 0.005 
216 TMA-ZAIN-G-    (0)    1 :  0.014 0.004 0.003 0.003 0.007 0.127 0.005 0.020 0.006 0.098 0.067 0.015 0.008 0.601 0.015 0.007 
217 TMA-ZAIN-G-    (0)    1 :  0.083 0.003 0.003 0.003 0.132 0.174 0.003 0.036 0.006 0.428 0.017 0.045 0.022 0.032 0.009 0.003 
218 TMA-ZAIN-G-    (0)    1 :  0.004 0.004 0.008 0.006 0.009 0.013 0.894 0.007 0.004 0.010 0.007 0.003 0.003 0.007 0.005 0.015 
219 TMA-ZAIN-G-    (0)    1 :  0.004 0.007 0.005 0.005 0.004 0.009 0.915 0.005 0.012 0.004 0.006 0.003 0.003 0.005 0.008 0.007 
220 TMA-ZAIN-G-    (0)    1 :  0.007 0.004 0.127 0.008 0.014 0.006 0.577 0.016 0.011 0.008 0.038 0.005 0.063 0.009 0.006 0.100 
221 TMA-ZAIN-G-    (0)    1 :  0.006 0.011 0.003 0.004 0.005 0.014 0.872 0.008 0.010 0.012 0.008 0.006 0.009 0.018 0.004 0.010 
222 TMA-ZAIN-G-    (0)    1 :  0.007 0.006 0.042 0.005 0.012 0.014 0.817 0.014 0.020 0.009 0.020 0.005 0.007 0.007 0.010 0.006 
223 TMA-ZAIN-G-    (0)    1 :  0.005 0.008 0.005 0.007 0.005 0.005 0.902 0.004 0.014 0.005 0.006 0.003 0.006 0.004 0.005 0.018 
224 TMA-ZAIN-G-    (0)    1 :  0.005 0.010 0.026 0.008 0.005 0.032 0.726 0.006 0.122 0.008 0.005 0.008 0.006 0.015 0.007 0.011 
225 TMA-ZAIN-G-    (0)    1 :  0.003 0.007 0.010 0.006 0.002 0.003 0.917 0.003 0.006 0.005 0.004 0.010 0.003 0.007 0.004 0.009 
226 TMA-ZAIN-G-    (0)    1 :  0.007 0.007 0.007 0.015 0.006 0.005 0.859 0.007 0.010 0.011 0.010 0.023 0.007 0.011 0.005 0.011 
227 TMA-ZAIN-G-    (0)    1 :  0.008 0.011 0.007 0.010 0.004 0.004 0.868 0.008 0.006 0.014 0.011 0.018 0.007 0.011 0.004 0.007 
228 TMA-ZAIN-G-    (0)    1 :  0.028 0.010 0.006 0.023 0.009 0.007 0.786 0.013 0.020 0.027 0.021 0.007 0.012 0.010 0.005 0.015 
229 TMA-ZAIN-G-    (0)    1 :  0.003 0.025 0.017 0.013 0.009 0.003 0.889 0.003 0.007 0.005 0.003 0.003 0.003 0.003 0.005 0.009 
230 TMA-ZAIN-G-    (0)    1 :  0.026 0.008 0.035 0.035 0.013 0.053 0.359 0.004 0.286 0.102 0.009 0.012 0.018 0.018 0.012 0.012 
231 TMA-ZAIN-G-    (0)    1 :  0.031 0.299 0.295 0.010 0.008 0.013 0.154 0.018 0.077 0.024 0.020 0.008 0.012 0.009 0.009 0.012 
232 TMA-ZAIN-G-    (9)    1 :  0.007 0.507 0.133 0.049 0.032 0.034 0.134 0.012 0.020 0.015 0.014 0.006 0.005 0.017 0.010 0.005 
233 TMA-ZAIN-G-    (0)    1 :  0.025 0.013 0.006 0.005 0.045 0.023 0.766 0.012 0.021 0.022 0.008 0.007 0.011 0.011 0.011 0.014 
234 TMA-ZAIN-G-    (0)    1 :  0.005 0.034 0.226 0.025 0.006 0.004 0.613 0.007 0.005 0.005 0.013 0.013 0.005 0.005 0.028 0.007 
235 TMA-ZAIN-G-    (0)    1 :  0.062 0.018 0.012 0.206 0.005 0.004 0.498 0.010 0.039 0.006 0.013 0.018 0.008 0.068 0.008 0.026 
236 TMA-ZAIN-G-    (0)    1 :  0.012 0.019 0.009 0.031 0.007 0.008 0.765 0.013 0.048 0.016 0.012 0.025 0.013 0.012 0.003 0.007 
237 TMA-ZAIN-G-    (0)    1 :  0.132 0.008 0.047 0.091 0.010 0.021 0.344 0.015 0.123 0.081 0.015 0.007 0.068 0.011 0.005 0.020 
238 TMA-ZAIN-G-    (0)    1 :  0.025 0.019 0.012 0.033 0.005 0.016 0.760 0.034 0.006 0.013 0.018 0.005 0.032 0.014 0.003 0.007 
