

----------------------------------------------------
STRUCTURE by Pritchard, Stephens and Donnelly (2000)
     and Falush, Stephens and Pritchard (2003)
       Code by Pritchard, Falush and Hubisz
             Version 2.3.4 (Jul 2012)
----------------------------------------------------



Command line arguments:   bin\structure -m C:\Users\eschumacher\Documents\GitHub\GCC_QUAC_ZAIN\Data_Files\Structure_Files\ZAIN\ZAIN_rebinned_allpop_str\50-50\mainparams -e C:\Users\eschumacher\Documents\GitHub\GCC_QUAC_ZAIN\Data_Files\Structure_Files\ZAIN\ZAIN_rebinned_allpop_str\50-50\extraparams 
Input File:    C:\Users\eschumacher\Documents\GitHub\GCC_QUAC_ZAIN\Data_Files\Structure_Files\ZAIN\ZAIN_rebinned_allpop_str\project_data

Run parameters:
   1133 individuals
   11 loci
   9 populations assumed
   50000 Burn-in period
   50000 Reps


--------------------------------------------
Proportion of membership of each pre-defined
 population in each of the 9 clusters

Given    Inferred Clusters                                                 Number of
 Pop       1      2      3      4      5      6      7      8      9      Individuals

  1:     0.072  0.158  0.176  0.032  0.110  0.147  0.108  0.156  0.040      303
  2:     0.013  0.183  0.156  0.049  0.205  0.117  0.070  0.156  0.050       15
  3:     0.011  0.203  0.060  0.024  0.008  0.092  0.577  0.013  0.011        2
  4:     0.007  0.120  0.219  0.402  0.040  0.050  0.094  0.039  0.028        2
  5:     0.018  0.098  0.147  0.016  0.018  0.245  0.356  0.061  0.040        7
  6:     0.014  0.074  0.012  0.011  0.023  0.190  0.014  0.651  0.012       13
  7:     0.025  0.005  0.005  0.012  0.004  0.005  0.030  0.910  0.004       13
  8:     0.026  0.092  0.555  0.018  0.020  0.157  0.021  0.013  0.099        7
  9:     0.006  0.300  0.235  0.057  0.018  0.283  0.016  0.058  0.028       11
 10:     0.007  0.149  0.423  0.081  0.036  0.064  0.152  0.069  0.020        9
 11:     0.025  0.011  0.018  0.012  0.007  0.006  0.011  0.904  0.006       35
 12:     0.004  0.449  0.411  0.009  0.032  0.057  0.007  0.006  0.026       36
 13:     0.007  0.382  0.517  0.013  0.010  0.028  0.007  0.005  0.031       33
 14:     0.009  0.007  0.009  0.007  0.934  0.007  0.007  0.011  0.009       40
 15:     0.003  0.007  0.006  0.004  0.010  0.957  0.004  0.003  0.006       39
 16:     0.022  0.035  0.037  0.495  0.026  0.018  0.155  0.182  0.029       40
 17:     0.043  0.015  0.011  0.075  0.031  0.011  0.743  0.054  0.017       37
 18:     0.003  0.130  0.796  0.005  0.006  0.032  0.004  0.004  0.019       40
 19:     0.004  0.007  0.009  0.011  0.038  0.017  0.009  0.901  0.003       28
 20:     0.013  0.021  0.010  0.013  0.891  0.009  0.020  0.015  0.008       14
 21:     0.867  0.014  0.013  0.019  0.011  0.026  0.031  0.014  0.007       13
 22:     0.002  0.026  0.044  0.007  0.014  0.887  0.004  0.004  0.012       14
 23:     0.006  0.891  0.039  0.005  0.007  0.012  0.004  0.004  0.030       25
 24:     0.006  0.011  0.013  0.005  0.008  0.007  0.005  0.007  0.938       40
 25:     0.009  0.022  0.030  0.019  0.838  0.043  0.013  0.019  0.008       32
 26:     0.976  0.003  0.003  0.003  0.003  0.003  0.004  0.003  0.003       20
 27:     0.004  0.007  0.014  0.373  0.009  0.006  0.035  0.548  0.004        4
 28:     0.003  0.013  0.063  0.053  0.020  0.007  0.012  0.814  0.013       23
 29:     0.004  0.006  0.009  0.014  0.011  0.007  0.045  0.900  0.005       39
 30:     0.018  0.005  0.005  0.006  0.006  0.004  0.011  0.941  0.004       38
 31:     0.006  0.065  0.105  0.012  0.009  0.735  0.006  0.005  0.058       45
 32:     0.013  0.247  0.272  0.007  0.017  0.405  0.009  0.004  0.025       28
 33:     0.006  0.005  0.008  0.035  0.006  0.007  0.042  0.887  0.005        6
 34:     0.004  0.008  0.007  0.906  0.007  0.011  0.031  0.010  0.016       40
 35:     0.047  0.011  0.008  0.043  0.013  0.017  0.826  0.023  0.012       42
--------------------------------------------

Allele-freq. divergence among pops (Net nucleotide distance),
computed using point estimates of P.

      1       2       3       4       5       6       7       8       9      
 1      -    0.3582  0.3960  0.3228  0.3161  0.3795  0.2040  0.2401  0.4563  
 2   0.3582     -    0.0337  0.1425  0.1654  0.1066  0.1687  0.2245  0.1064  
 3   0.3960  0.0337     -    0.1407  0.1804  0.1092  0.1949  0.2341  0.1174  
 4   0.3228  0.1425  0.1407     -    0.1155  0.1213  0.0732  0.1178  0.1675  
 5   0.3161  0.1654  0.1804  0.1155     -    0.1234  0.1140  0.1480  0.1847  
 6   0.3795  0.1066  0.1092  0.1213  0.1234     -    0.1326  0.2223  0.1649  
 7   0.2040  0.1687  0.1949  0.0732  0.1140  0.1326     -    0.0719  0.2711  
 8   0.2401  0.2245  0.2341  0.1178  0.1480  0.2223  0.0719     -    0.3201  
 9   0.4563  0.1064  0.1174  0.1675  0.1847  0.1649  0.2711  0.3201     -    

Average distances (expected heterozygosity) between individuals in same cluster:
cluster  1  : 0.2522 
cluster  2  : 0.4146 
cluster  3  : 0.3891 
cluster  4  : 0.5085 
cluster  5  : 0.4350 
cluster  6  : 0.4116 
cluster  7  : 0.5285 
cluster  8  : 0.4952 
cluster  9  : 0.3603 

--------------------------------------------
Estimated Ln Prob of Data   = -21442.3
Mean value of ln likelihood = -20842.1
Variance of ln likelihood   = 1200.4
Mean value of alpha         = 0.0333

Mean value of Fst_1         = 0.6223
Mean value of Fst_2         = 0.2836
Mean value of Fst_3         = 0.3468
Mean value of Fst_4         = 0.2440
Mean value of Fst_5         = 0.4141
Mean value of Fst_6         = 0.4155
Mean value of Fst_7         = 0.1525
Mean value of Fst_8         = 0.3592
Mean value of Fst_9         = 0.4376


Inferred ancestry of individuals:
        Label (%Miss) Pop:  Inferred clusters
  1 TMA-ZAIN-G-    (9)    1 :  0.004 0.023 0.026 0.064 0.015 0.137 0.134 0.589 0.008 
  2 TMA-ZAIN-G-    (0)    1 :  0.004 0.317 0.020 0.011 0.048 0.007 0.050 0.538 0.004 
  3 TMA-ZAIN-G-    (0)    1 :  0.003 0.052 0.698 0.019 0.011 0.099 0.006 0.006 0.107 
  4 TMA-ZAIN-G-    (0)    1 :  0.005 0.051 0.155 0.011 0.666 0.030 0.015 0.023 0.044 
  5 TMA-ZAIN-G-    (0)    1 :  0.003 0.003 0.004 0.011 0.006 0.002 0.004 0.965 0.003 
  6 TMA-ZAIN-G-    (0)    1 :  0.019 0.044 0.112 0.594 0.034 0.061 0.025 0.037 0.073 
  7 TMA-ZAIN-G-    (0)    1 :  0.006 0.461 0.293 0.021 0.028 0.156 0.014 0.013 0.009 
  8 TMA-ZAIN-G-    (0)    1 :  0.002 0.186 0.170 0.013 0.023 0.527 0.005 0.005 0.069 
  9 TMA-ZAIN-G-    (9)    1 :  0.004 0.766 0.156 0.019 0.005 0.016 0.006 0.006 0.022 
 10 TMA-ZAIN-G-    (0)    1 :  0.005 0.456 0.355 0.028 0.013 0.093 0.007 0.004 0.041 
 11 TMA-ZAIN-G-    (0)    1 :  0.005 0.466 0.362 0.007 0.007 0.132 0.009 0.006 0.006 
 12 TMA-ZAIN-G-    (0)    1 :  0.003 0.011 0.949 0.006 0.004 0.015 0.004 0.003 0.005 
 13 TMA-ZAIN-G-    (9)    1 :  0.031 0.351 0.175 0.018 0.035 0.243 0.049 0.079 0.019 
 14 TMA-ZAIN-G-    (9)    1 :  0.006 0.010 0.006 0.006 0.006 0.951 0.006 0.004 0.005 
 15 TMA-ZAIN-G-    (0)    1 :  0.002 0.005 0.006 0.005 0.004 0.961 0.006 0.003 0.006 
 16 TMA-ZAIN-G-    (0)    1 :  0.005 0.064 0.900 0.006 0.003 0.008 0.005 0.004 0.005 
 17 TMA-ZAIN-G-    (9)    1 :  0.003 0.019 0.020 0.055 0.030 0.789 0.055 0.020 0.008 
 18 TMA-ZAIN-G-    (0)    1 :  0.004 0.005 0.017 0.035 0.057 0.007 0.611 0.258 0.006 
 19 TMA-ZAIN-G-    (0)    1 :  0.009 0.016 0.031 0.134 0.007 0.032 0.749 0.016 0.006 
 20 TMA-ZAIN-G-    (0)    1 :  0.018 0.004 0.003 0.008 0.021 0.003 0.885 0.053 0.005 
 21 TMA-ZAIN-G-    (0)    1 :  0.977 0.002 0.003 0.003 0.003 0.002 0.003 0.004 0.003 
 22 TMA-ZAIN-G-    (0)    1 :  0.007 0.002 0.002 0.005 0.004 0.003 0.008 0.965 0.002 
 23 TMA-ZAIN-G-    (0)    1 :  0.010 0.007 0.006 0.029 0.004 0.007 0.067 0.865 0.004 
 24 TMA-ZAIN-G-    (9)    1 :  0.014 0.113 0.013 0.005 0.007 0.022 0.005 0.690 0.132 
 25 TMA-ZAIN-G-    (9)    1 :  0.006 0.121 0.009 0.014 0.004 0.004 0.792 0.046 0.004 
 26 TMA-ZAIN-G-    (9)    1 :  0.073 0.278 0.062 0.006 0.468 0.085 0.013 0.007 0.009 
 27 TMA-ZAIN-G-    (0)    1 :  0.019 0.007 0.005 0.852 0.012 0.030 0.047 0.023 0.005 
 28 TMA-ZAIN-G-    (0)    1 :  0.003 0.005 0.006 0.942 0.005 0.007 0.019 0.007 0.005 
 29 TMA-ZAIN-G-    (0)    1 :  0.004 0.004 0.004 0.005 0.010 0.005 0.224 0.004 0.740 
 30 TMA-ZAIN-G-    (0)    1 :  0.005 0.181 0.080 0.443 0.007 0.190 0.048 0.004 0.042 
 31 TMA-ZAIN-G-    (0)    1 :  0.009 0.011 0.007 0.013 0.097 0.007 0.022 0.826 0.008 
 32 TMA-ZAIN-G-    (9)    1 :  0.009 0.071 0.206 0.007 0.007 0.029 0.256 0.409 0.005 
 33 TMA-ZAIN-G-   (18)    1 :  0.003 0.344 0.563 0.007 0.004 0.057 0.005 0.004 0.014 
 34 TMA-ZAIN-G-    (0)    1 :  0.019 0.187 0.632 0.011 0.009 0.010 0.021 0.103 0.007 
 35 TMA-ZAIN-G-    (9)    1 :  0.003 0.268 0.501 0.015 0.011 0.100 0.021 0.007 0.075 
 36 TMA-ZAIN-G-    (0)    1 :  0.002 0.533 0.082 0.006 0.019 0.338 0.006 0.004 0.009 
 37 TMA-ZAIN-G-    (9)    1 :  0.008 0.442 0.470 0.020 0.012 0.018 0.011 0.006 0.013 
 38 TMA-ZAIN-G-   (18)    1 :  0.006 0.103 0.098 0.008 0.010 0.082 0.354 0.328 0.012 
 39 TMA-ZAIN-G-    (0)    1 :  0.007 0.861 0.095 0.006 0.008 0.006 0.004 0.003 0.009 
 40 TMA-ZAIN-G-    (0)    1 :  0.007 0.498 0.440 0.005 0.006 0.031 0.005 0.003 0.006 
 41 TMA-ZAIN-G-    (0)    1 :  0.004 0.369 0.027 0.006 0.006 0.573 0.004 0.003 0.008 
 42 TMA-ZAIN-G-    (9)    1 :  0.002 0.009 0.008 0.003 0.006 0.960 0.004 0.003 0.006 
 43 TMA-ZAIN-G-    (0)    1 :  0.003 0.007 0.005 0.004 0.008 0.957 0.003 0.004 0.010 
 44 TMA-ZAIN-G-    (0)    1 :  0.812 0.089 0.046 0.004 0.004 0.008 0.016 0.006 0.016 
 45 TMA-ZAIN-G-    (0)    1 :  0.010 0.223 0.688 0.010 0.009 0.044 0.007 0.005 0.005 
 46 TMA-ZAIN-G-    (0)    1 :  0.975 0.003 0.002 0.003 0.004 0.003 0.004 0.004 0.002 
 47 TMA-ZAIN-G-    (0)    1 :  0.004 0.003 0.005 0.004 0.968 0.004 0.004 0.003 0.004 
 48 TMA-ZAIN-G-    (0)    1 :  0.015 0.059 0.058 0.048 0.576 0.200 0.016 0.010 0.018 
 49 TMA-ZAIN-G-    (9)    1 :  0.003 0.008 0.024 0.012 0.009 0.007 0.893 0.010 0.034 
 50 TMA-ZAIN-G-    (0)    1 :  0.005 0.020 0.011 0.023 0.004 0.037 0.888 0.009 0.003 
 51 TMA-ZAIN-G-    (0)    1 :  0.011 0.009 0.006 0.017 0.018 0.041 0.885 0.005 0.007 
 52 TMA-ZAIN-G-    (0)    1 :  0.009 0.006 0.010 0.013 0.042 0.010 0.901 0.006 0.003 
 53 TMA-ZAIN-G-    (0)    1 :  0.004 0.008 0.005 0.012 0.090 0.012 0.818 0.047 0.004 
 54 TMA-ZAIN-G-    (0)    1 :  0.004 0.006 0.007 0.011 0.942 0.013 0.008 0.006 0.004 
 55 TMA-ZAIN-G-    (0)    1 :  0.007 0.007 0.011 0.032 0.865 0.044 0.025 0.006 0.003 
 56 TMA-ZAIN-G-    (0)    1 :  0.005 0.063 0.050 0.100 0.587 0.095 0.049 0.011 0.040 
 57 TMA-ZAIN-G-    (0)    1 :  0.003 0.008 0.013 0.006 0.937 0.005 0.017 0.005 0.007 
 58 TMA-ZAIN-G-    (0)    1 :  0.006 0.007 0.018 0.319 0.048 0.022 0.296 0.276 0.008 
 59 TMA-ZAIN-G-    (0)    1 :  0.019 0.107 0.062 0.069 0.044 0.037 0.018 0.617 0.027 
 60 TMA-ZAIN-G-    (0)    1 :  0.010 0.013 0.011 0.340 0.028 0.069 0.325 0.197 0.007 
 61 TMA-ZAIN-G-    (0)    1 :  0.007 0.004 0.004 0.007 0.013 0.004 0.009 0.949 0.003 
 62 TMA-ZAIN-G-    (9)    1 :  0.029 0.031 0.085 0.329 0.013 0.017 0.017 0.470 0.010 
 63 TMA-ZAIN-G-    (0)    1 :  0.004 0.004 0.010 0.019 0.018 0.010 0.026 0.907 0.003 
 64 TMA-ZAIN-G-    (0)    1 :  0.002 0.007 0.005 0.003 0.003 0.005 0.002 0.002 0.970 
 65 TMA-ZAIN-G-    (9)    1 :  0.002 0.007 0.020 0.005 0.007 0.006 0.003 0.003 0.946 
 66 TMA-ZAIN-G-    (0)    1 :  0.003 0.017 0.016 0.004 0.005 0.006 0.003 0.002 0.945 
 67 TMA-ZAIN-G-    (0)    1 :  0.017 0.073 0.028 0.014 0.005 0.005 0.008 0.006 0.843 
 68 TMA-ZAIN-G-    (0)    1 :  0.002 0.004 0.005 0.003 0.005 0.007 0.003 0.002 0.968 
 69 TMA-ZAIN-G-    (0)    1 :  0.029 0.036 0.052 0.009 0.014 0.011 0.033 0.025 0.791 
 70 TMA-ZAIN-G-    (0)    1 :  0.004 0.933 0.022 0.004 0.004 0.006 0.004 0.003 0.020 
 71 TMA-ZAIN-G-    (0)    1 :  0.003 0.962 0.013 0.003 0.004 0.004 0.003 0.003 0.004 
 72 TMA-ZAIN-G-    (0)    1 :  0.003 0.919 0.019 0.008 0.008 0.012 0.005 0.004 0.023 
 73 TMA-ZAIN-G-    (0)    1 :  0.026 0.863 0.015 0.027 0.015 0.005 0.019 0.025 0.006 
 74 TMA-ZAIN-G-    (0)    1 :  0.008 0.939 0.014 0.006 0.005 0.005 0.009 0.007 0.007 
 75 TMA-ZAIN-G-    (0)    1 :  0.003 0.941 0.017 0.007 0.009 0.006 0.006 0.005 0.006 
 76 TMA-ZAIN-G-    (0)    1 :  0.036 0.911 0.010 0.005 0.004 0.004 0.015 0.009 0.007 
 77 TMA-ZAIN-G-    (0)    1 :  0.007 0.951 0.007 0.005 0.005 0.009 0.006 0.003 0.007 
 78 TMA-ZAIN-G-    (0)    1 :  0.022 0.903 0.015 0.008 0.010 0.007 0.019 0.010 0.005 
 79 TMA-ZAIN-G-    (0)    1 :  0.021 0.932 0.009 0.005 0.008 0.007 0.010 0.004 0.004 
 80 TMA-ZAIN-G-    (0)    1 :  0.008 0.778 0.156 0.006 0.010 0.006 0.004 0.003 0.030 
 81 TMA-ZAIN-G-    (0)    1 :  0.009 0.945 0.011 0.005 0.007 0.008 0.007 0.004 0.004 
 82 TMA-ZAIN-G-    (0)    1 :  0.003 0.456 0.220 0.009 0.017 0.012 0.007 0.006 0.271 
 83 TMA-ZAIN-G-    (9)    1 :  0.026 0.029 0.770 0.041 0.019 0.008 0.014 0.046 0.047 
 84 TMA-ZAIN-G-    (0)    1 :  0.036 0.915 0.017 0.005 0.004 0.006 0.009 0.004 0.005 
 85 TMA-ZAIN-G-    (0)    1 :  0.004 0.011 0.011 0.067 0.663 0.009 0.159 0.069 0.006 
 86 TMA-ZAIN-G-    (0)    1 :  0.012 0.020 0.020 0.017 0.884 0.008 0.016 0.013 0.009 
 87 TMA-ZAIN-G-    (0)    1 :  0.010 0.012 0.009 0.020 0.613 0.006 0.096 0.230 0.005 
 88 TMA-ZAIN-G-    (0)    1 :  0.010 0.063 0.110 0.012 0.622 0.026 0.010 0.113 0.034 
 89 TMA-ZAIN-G-    (0)    1 :  0.015 0.037 0.029 0.004 0.864 0.012 0.007 0.013 0.017 
 90 TMA-ZAIN-G-    (0)    1 :  0.007 0.007 0.010 0.009 0.933 0.007 0.013 0.008 0.006 
 91 TMA-ZAIN-G-    (0)    1 :  0.006 0.009 0.009 0.017 0.910 0.010 0.010 0.021 0.008 
 92 TMA-ZAIN-G-    (0)    1 :  0.024 0.008 0.006 0.016 0.902 0.009 0.021 0.008 0.004 
 93 TMA-ZAIN-G-    (0)    1 :  0.009 0.006 0.004 0.036 0.902 0.008 0.012 0.018 0.005 
 94 TMA-ZAIN-G-    (0)    1 :  0.009 0.005 0.004 0.017 0.899 0.005 0.017 0.041 0.003 
 95 TMA-ZAIN-G-    (0)    1 :  0.004 0.008 0.006 0.918 0.004 0.015 0.032 0.008 0.006 
 96 TMA-ZAIN-G-    (0)    1 :  0.005 0.005 0.012 0.840 0.005 0.043 0.081 0.006 0.004 
 97 TMA-ZAIN-G-    (0)    1 :  0.007 0.021 0.007 0.010 0.020 0.009 0.043 0.871 0.011 
 98 TMA-ZAIN-G-    (0)    1 :  0.006 0.026 0.007 0.006 0.018 0.008 0.009 0.914 0.007 
 99 TMA-ZAIN-G-    (0)    1 :  0.023 0.036 0.204 0.010 0.003 0.018 0.006 0.684 0.017 
100 TMA-ZAIN-G-    (0)    1 :  0.021 0.009 0.005 0.018 0.041 0.009 0.069 0.822 0.007 
101 TMA-ZAIN-G-    (0)    1 :  0.007 0.023 0.032 0.019 0.017 0.007 0.017 0.868 0.010 
102 TMA-ZAIN-G-    (0)    1 :  0.007 0.017 0.020 0.013 0.008 0.033 0.077 0.817 0.008 
103 TMA-ZAIN-G-    (0)    1 :  0.004 0.007 0.017 0.010 0.008 0.008 0.081 0.860 0.005 
104 TMA-ZAIN-G-    (0)    1 :  0.003 0.004 0.005 0.005 0.006 0.005 0.006 0.963 0.003 
105 TMA-ZAIN-G-    (0)    1 :  0.003 0.009 0.021 0.014 0.011 0.008 0.046 0.883 0.004 
106 TMA-ZAIN-G-    (0)    1 :  0.003 0.326 0.093 0.006 0.005 0.510 0.004 0.003 0.049 
107 TMA-ZAIN-G-    (0)    1 :  0.002 0.475 0.482 0.006 0.006 0.012 0.004 0.004 0.010 
108 TMA-ZAIN-G-    (9)    1 :  0.019 0.255 0.187 0.021 0.027 0.133 0.185 0.165 0.008 
109 TMA-ZAIN-G-    (0)    1 :  0.005 0.018 0.299 0.152 0.106 0.080 0.010 0.180 0.150 
110 TMA-ZAIN-G-    (0)    1 :  0.112 0.188 0.317 0.035 0.024 0.105 0.090 0.120 0.009 
111 TMA-ZAIN-G-    (9)    1 :  0.013 0.032 0.130 0.014 0.021 0.007 0.043 0.725 0.016 
112 TMA-ZAIN-G-    (0)    1 :  0.015 0.069 0.218 0.125 0.037 0.145 0.180 0.193 0.018 
113 TMA-ZAIN-G-    (0)    1 :  0.006 0.044 0.037 0.008 0.031 0.008 0.006 0.843 0.018 
114 TMA-ZAIN-G-    (0)    1 :  0.005 0.003 0.004 0.006 0.004 0.002 0.004 0.968 0.002 
115 TMA-ZAIN-G-    (0)    1 :  0.004 0.004 0.007 0.009 0.005 0.004 0.004 0.959 0.004 
116 TMA-ZAIN-G-    (0)    1 :  0.002 0.012 0.944 0.007 0.009 0.007 0.003 0.004 0.012 
117 TMA-ZAIN-G-    (0)    1 :  0.003 0.160 0.220 0.044 0.067 0.238 0.011 0.007 0.248 
118 TMA-ZAIN-G-    (0)    1 :  0.003 0.011 0.925 0.008 0.010 0.012 0.005 0.004 0.021 
119 TMA-ZAIN-G-    (0)    1 :  0.017 0.046 0.827 0.017 0.010 0.007 0.020 0.024 0.032 
120 TMA-ZAIN-G-    (0)    1 :  0.004 0.023 0.868 0.016 0.016 0.038 0.011 0.006 0.019 
121 TMA-ZAIN-G-    (0)    1 :  0.003 0.051 0.689 0.033 0.025 0.047 0.007 0.007 0.138 
122 TMA-ZAIN-G-    (0)    1 :  0.009 0.275 0.499 0.104 0.025 0.034 0.007 0.006 0.042 
123 TMA-ZAIN-G-    (0)    1 :  0.004 0.006 0.006 0.010 0.006 0.010 0.021 0.933 0.004 
124 TMA-ZAIN-G-    (0)    1 :  0.002 0.011 0.021 0.007 0.004 0.941 0.005 0.004 0.005 
125 TMA-ZAIN-G-    (0)    1 :  0.002 0.012 0.013 0.007 0.051 0.861 0.004 0.003 0.048 
126 TMA-ZAIN-G-    (0)    1 :  0.003 0.007 0.020 0.004 0.007 0.945 0.004 0.003 0.005 
127 TMA-ZAIN-G-    (0)    1 :  0.003 0.010 0.024 0.004 0.004 0.941 0.003 0.003 0.008 
128 TMA-ZAIN-G-    (0)    1 :  0.003 0.019 0.041 0.014 0.007 0.855 0.004 0.004 0.054 
129 TMA-ZAIN-G-    (0)    1 :  0.002 0.012 0.014 0.006 0.005 0.947 0.004 0.005 0.006 
130 TMA-ZAIN-G-    (0)    1 :  0.002 0.007 0.030 0.008 0.024 0.911 0.004 0.005 0.008 
131 TMA-ZAIN-G-    (0)    1 :  0.003 0.008 0.013 0.008 0.005 0.950 0.005 0.003 0.006 
132 TMA-ZAIN-G-    (0)    1 :  0.003 0.038 0.084 0.014 0.043 0.687 0.004 0.004 0.123 
133 TMA-ZAIN-G-    (0)    1 :  0.030 0.102 0.101 0.011 0.047 0.567 0.022 0.004 0.117 
134 TMA-ZAIN-G-    (0)    1 :  0.019 0.067 0.091 0.004 0.034 0.706 0.009 0.004 0.066 
135 TMA-ZAIN-G-    (0)    1 :  0.011 0.221 0.683 0.003 0.015 0.034 0.005 0.004 0.024 
136 TMA-ZAIN-G-    (0)    1 :  0.006 0.085 0.257 0.010 0.019 0.026 0.004 0.008 0.585 
137 TMA-ZAIN-G-    (0)    1 :  0.012 0.118 0.834 0.004 0.007 0.009 0.006 0.005 0.005 
138 TMA-ZAIN-G-    (0)    1 :  0.002 0.022 0.851 0.004 0.017 0.085 0.003 0.003 0.014 
139 TMA-ZAIN-G-    (0)    1 :  0.009 0.061 0.808 0.003 0.062 0.035 0.004 0.004 0.013 
140 TMA-ZAIN-G-    (0)    1 :  0.004 0.153 0.801 0.007 0.004 0.014 0.004 0.004 0.008 
141 TMA-ZAIN-G-    (0)    1 :  0.003 0.550 0.375 0.006 0.007 0.041 0.005 0.005 0.008 
142 TMA-ZAIN-G-    (9)    1 :  0.003 0.236 0.721 0.006 0.005 0.013 0.003 0.003 0.009 
143 TMA-ZAIN-G-    (0)    1 :  0.003 0.082 0.850 0.009 0.005 0.030 0.004 0.004 0.013 
144 TMA-ZAIN-G-    (0)    1 :  0.006 0.016 0.911 0.015 0.016 0.019 0.007 0.004 0.005 
145 TMA-ZAIN-G-    (0)    1 :  0.002 0.141 0.528 0.007 0.012 0.013 0.004 0.003 0.291 
146 TMA-ZAIN-G-    (0)    1 :  0.003 0.657 0.314 0.003 0.004 0.006 0.003 0.003 0.006 
147 TMA-ZAIN-G-    (9)    1 :  0.004 0.444 0.516 0.004 0.005 0.008 0.003 0.003 0.012 
148 TMA-ZAIN-G-    (0)    1 :  0.003 0.348 0.516 0.003 0.034 0.084 0.004 0.003 0.005 
149 TMA-ZAIN-G-    (0)    1 :  0.008 0.164 0.650 0.016 0.076 0.039 0.014 0.025 0.007 
150 TMA-ZAIN-G-    (0)    1 :  0.005 0.058 0.769 0.018 0.063 0.013 0.012 0.024 0.038 
151 TMA-ZAIN-G-    (0)    1 :  0.003 0.011 0.941 0.005 0.004 0.022 0.003 0.002 0.009 
152 TMA-ZAIN-G-    (0)    1 :  0.002 0.007 0.963 0.004 0.004 0.008 0.003 0.003 0.006 
153 TMA-ZAIN-G-    (0)    1 :  0.002 0.015 0.932 0.004 0.006 0.024 0.003 0.003 0.011 
154 TMA-ZAIN-G-    (0)    1 :  0.002 0.007 0.965 0.004 0.005 0.006 0.003 0.003 0.005 
155 TMA-ZAIN-G-    (0)    1 :  0.003 0.031 0.936 0.004 0.004 0.008 0.004 0.004 0.009 
156 TMA-ZAIN-G-    (9)    1 :  0.003 0.007 0.933 0.004 0.006 0.035 0.004 0.004 0.004 
157 TMA-ZAIN-G-    (0)    1 :  0.003 0.014 0.891 0.003 0.005 0.070 0.004 0.004 0.005 
158 TMA-ZAIN-G-    (0)    1 :  0.003 0.025 0.946 0.005 0.004 0.005 0.005 0.003 0.004 
159 TMA-ZAIN-G-    (0)    1 :  0.002 0.259 0.706 0.004 0.005 0.006 0.003 0.003 0.012 
160 TMA-ZAIN-G-    (0)    1 :  0.002 0.108 0.852 0.003 0.006 0.004 0.003 0.004 0.017 
161 TMA-ZAIN-G-    (0)    1 :  0.003 0.033 0.901 0.006 0.014 0.030 0.005 0.003 0.006 
162 TMA-ZAIN-G-    (0)    1 :  0.006 0.011 0.918 0.012 0.013 0.005 0.007 0.020 0.006 
163 TMA-ZAIN-G-    (0)    1 :  0.002 0.009 0.970 0.003 0.003 0.004 0.003 0.002 0.004 
164 TMA-ZAIN-G-    (0)    1 :  0.003 0.013 0.954 0.005 0.006 0.006 0.003 0.004 0.006 
165 TMA-ZAIN-G-    (0)    1 :  0.003 0.016 0.958 0.004 0.003 0.004 0.003 0.003 0.006 
166 TMA-ZAIN-G-    (0)    1 :  0.002 0.227 0.734 0.004 0.008 0.009 0.003 0.003 0.010 
167 TMA-ZAIN-G-    (0)    1 :  0.004 0.856 0.102 0.007 0.005 0.011 0.006 0.005 0.004 
168 TMA-ZAIN-G-    (0)    1 :  0.003 0.939 0.015 0.005 0.005 0.014 0.004 0.004 0.011 
169 TMA-ZAIN-G-    (0)    1 :  0.002 0.856 0.030 0.004 0.004 0.006 0.003 0.003 0.090 
170 TMA-ZAIN-G-    (0)    1 :  0.009 0.704 0.073 0.008 0.004 0.146 0.028 0.010 0.018 
171 TMA-ZAIN-G-    (0)    1 :  0.003 0.949 0.014 0.003 0.004 0.004 0.003 0.003 0.016 
172 TMA-ZAIN-G-    (0)    1 :  0.005 0.415 0.132 0.006 0.004 0.419 0.008 0.004 0.006 
173 TMA-ZAIN-G-    (0)    1 :  0.005 0.286 0.080 0.010 0.005 0.594 0.008 0.003 0.008 
174 TMA-ZAIN-G-    (0)    1 :  0.002 0.593 0.221 0.007 0.007 0.081 0.004 0.003 0.082 
175 TMA-ZAIN-G-    (0)    1 :  0.003 0.915 0.056 0.003 0.004 0.005 0.003 0.003 0.007 
176 TMA-ZAIN-G-    (0)    1 :  0.003 0.892 0.079 0.003 0.004 0.006 0.003 0.003 0.006 
177 TMA-ZAIN-G-    (0)    1 :  0.004 0.802 0.153 0.004 0.004 0.023 0.005 0.003 0.003 
178 TMA-ZAIN-G-    (0)    1 :  0.007 0.455 0.241 0.010 0.004 0.265 0.008 0.005 0.004 
179 TMA-ZAIN-G-    (0)    1 :  0.004 0.601 0.317 0.005 0.005 0.054 0.004 0.003 0.009 
180 TMA-ZAIN-G-    (0)    1 :  0.013 0.026 0.108 0.014 0.022 0.673 0.007 0.005 0.131 
181 TMA-ZAIN-G-    (0)    1 :  0.003 0.014 0.030 0.004 0.005 0.932 0.004 0.003 0.006 
182 TMA-ZAIN-G-    (0)    1 :  0.003 0.008 0.022 0.005 0.005 0.946 0.004 0.005 0.003 
183 TMA-ZAIN-G-    (0)    1 :  0.003 0.012 0.015 0.004 0.004 0.951 0.004 0.003 0.005 
184 TMA-ZAIN-G-    (0)    1 :  0.008 0.023 0.209 0.024 0.031 0.640 0.015 0.040 0.011 
185 TMA-ZAIN-G-    (0)    1 :  0.013 0.068 0.093 0.134 0.040 0.601 0.018 0.023 0.010 
186 TMA-ZAIN-G-    (9)    1 :  0.008 0.120 0.050 0.026 0.006 0.763 0.011 0.005 0.011 
187 TMA-ZAIN-G-    (0)    1 :  0.003 0.159 0.064 0.006 0.003 0.733 0.005 0.004 0.022 
188 TMA-ZAIN-G-    (0)    1 :  0.002 0.202 0.041 0.005 0.004 0.713 0.005 0.003 0.024 
189 TMA-ZAIN-G-    (0)    1 :  0.003 0.011 0.016 0.003 0.003 0.943 0.003 0.002 0.015 
190 TMA-ZAIN-G-    (0)    1 :  0.004 0.180 0.037 0.007 0.005 0.727 0.008 0.003 0.029 
191 TMA-ZAIN-G-    (0)    1 :  0.021 0.113 0.022 0.022 0.016 0.758 0.016 0.025 0.007 
192 TMA-ZAIN-G-    (0)    1 :  0.041 0.033 0.013 0.003 0.008 0.884 0.008 0.004 0.005 
193 TMA-ZAIN-G-    (0)    1 :  0.003 0.004 0.004 0.004 0.007 0.968 0.004 0.003 0.004 
194 TMA-ZAIN-G-    (0)    1 :  0.004 0.005 0.004 0.006 0.009 0.960 0.005 0.003 0.006 
195 TMA-ZAIN-G-    (0)    1 :  0.003 0.027 0.011 0.004 0.006 0.920 0.010 0.003 0.018 
196 TMA-ZAIN-G-    (0)    1 :  0.003 0.005 0.006 0.004 0.005 0.964 0.003 0.003 0.007 
197 TMA-ZAIN-G-    (0)    1 :  0.003 0.007 0.006 0.004 0.008 0.957 0.004 0.003 0.009 
198 TMA-ZAIN-G-    (0)    1 :  0.003 0.007 0.006 0.003 0.006 0.962 0.003 0.003 0.007 
199 TMA-ZAIN-G-    (0)    1 :  0.006 0.046 0.066 0.019 0.008 0.838 0.007 0.004 0.007 
200 TMA-ZAIN-G-    (0)    1 :  0.815 0.007 0.006 0.028 0.014 0.022 0.051 0.049 0.008 
201 TMA-ZAIN-G-    (0)    1 :  0.832 0.020 0.015 0.030 0.015 0.011 0.024 0.027 0.026 
202 TMA-ZAIN-G-    (0)    1 :  0.964 0.003 0.004 0.004 0.002 0.008 0.006 0.006 0.002 
203 TMA-ZAIN-G-    (0)    1 :  0.003 0.007 0.010 0.004 0.005 0.959 0.004 0.005 0.004 
204 TMA-ZAIN-G-    (9)    1 :  0.828 0.006 0.003 0.013 0.048 0.004 0.074 0.021 0.004 
205 TMA-ZAIN-G-    (0)    1 :  0.839 0.018 0.076 0.005 0.007 0.008 0.036 0.006 0.004 
206 TMA-ZAIN-G-    (9)    1 :  0.693 0.032 0.034 0.039 0.067 0.041 0.047 0.037 0.010 
207 TMA-ZAIN-G-    (9)    1 :  0.004 0.032 0.646 0.098 0.111 0.015 0.034 0.014 0.048 
208 TMA-ZAIN-G-    (0)    1 :  0.003 0.050 0.897 0.007 0.003 0.006 0.003 0.003 0.028 
209 TMA-ZAIN-G-    (0)    1 :  0.003 0.105 0.085 0.003 0.056 0.725 0.004 0.003 0.016 
210 TMA-ZAIN-G-    (0)    1 :  0.003 0.116 0.087 0.007 0.018 0.671 0.004 0.003 0.091 
211 TMA-ZAIN-G-    (0)    1 :  0.024 0.128 0.143 0.024 0.015 0.596 0.025 0.014 0.031 
212 TMA-ZAIN-G-    (0)    1 :  0.008 0.083 0.688 0.012 0.010 0.172 0.005 0.003 0.019 
213 TMA-ZAIN-G-    (0)    1 :  0.004 0.091 0.774 0.005 0.009 0.104 0.005 0.004 0.005 
214 TMA-ZAIN-G-    (0)    1 :  0.004 0.211 0.375 0.004 0.010 0.315 0.005 0.003 0.072 
215 TMA-ZAIN-G-    (0)    1 :  0.009 0.560 0.129 0.005 0.003 0.025 0.260 0.004 0.005 
216 TMA-ZAIN-G-    (0)    1 :  0.006 0.082 0.160 0.009 0.010 0.713 0.007 0.004 0.008 
217 TMA-ZAIN-G-    (0)    1 :  0.003 0.316 0.156 0.003 0.008 0.345 0.004 0.003 0.160 
218 TMA-ZAIN-G-    (0)    1 :  0.003 0.007 0.005 0.013 0.005 0.006 0.948 0.005 0.007 
219 TMA-ZAIN-G-    (0)    1 :  0.012 0.004 0.004 0.008 0.009 0.005 0.950 0.005 0.003 
220 TMA-ZAIN-G-    (0)    1 :  0.002 0.011 0.020 0.036 0.008 0.006 0.881 0.024 0.011 
221 TMA-ZAIN-G-    (0)    1 :  0.035 0.009 0.011 0.010 0.006 0.016 0.902 0.004 0.007 
222 TMA-ZAIN-G-    (0)    1 :  0.005 0.008 0.009 0.005 0.009 0.006 0.942 0.009 0.007 
223 TMA-ZAIN-G-    (0)    1 :  0.007 0.005 0.004 0.015 0.007 0.004 0.946 0.007 0.005 
224 TMA-ZAIN-G-    (0)    1 :  0.005 0.007 0.006 0.012 0.012 0.015 0.929 0.009 0.005 
225 TMA-ZAIN-G-    (0)    1 :  0.007 0.004 0.004 0.010 0.004 0.008 0.954 0.008 0.002 
226 TMA-ZAIN-G-    (0)    1 :  0.006 0.008 0.008 0.014 0.005 0.012 0.931 0.010 0.005 
227 TMA-ZAIN-G-    (0)    1 :  0.024 0.009 0.009 0.007 0.004 0.010 0.924 0.009 0.004 
228 TMA-ZAIN-G-    (0)    1 :  0.005 0.020 0.014 0.013 0.007 0.008 0.909 0.016 0.009 
229 TMA-ZAIN-G-    (0)    1 :  0.012 0.004 0.003 0.010 0.006 0.003 0.940 0.017 0.007 
230 TMA-ZAIN-G-    (0)    1 :  0.003 0.056 0.010 0.012 0.039 0.032 0.821 0.014 0.013 
231 TMA-ZAIN-G-    (0)    1 :  0.031 0.034 0.015 0.014 0.018 0.011 0.521 0.348 0.008 
232 TMA-ZAIN-G-    (9)    1 :  0.022 0.019 0.005 0.005 0.009 0.036 0.293 0.581 0.030 
233 TMA-ZAIN-G-    (0)    1 :  0.014 0.019 0.011 0.019 0.016 0.011 0.863 0.006 0.041 
234 TMA-ZAIN-G-    (0)    1 :  0.021 0.005 0.008 0.009 0.018 0.007 0.791 0.135 0.007 
235 TMA-ZAIN-G-    (0)    1 :  0.008 0.037 0.015 0.046 0.012 0.053 0.703 0.122 0.005 
236 TMA-ZAIN-G-    (0)    1 :  0.023 0.012 0.012 0.008 0.006 0.016 0.888 0.029 0.007 
237 TMA-ZAIN-G-    (0)    1 :  0.004 0.245 0.045 0.024 0.013 0.022 0.562 0.073 0.011 
238 TMA-ZAIN-G-    (0)    1 :  0.020 0.035 0.034 0.009 0.004 0.016 0.828 0.050 0.005 
239 TMA-ZAIN-G-    (0)    1 :  0.702 0.007 0.006 0.004 0.136 0.073 0.039 0.019 0.013 
240 TMA-ZAIN-G-    (0)    1 :  0.975 0.003 0.002 0.003 0.004 0.003 0.004 0.004 0.002 
241 TMA-ZAIN-G-    (0)    1 :  0.975 0.004 0.003 0.002 0.003 0.003 0.004 0.003 0.003 
242 TMA-ZAIN-G-    (0)    1 :  0.977 0.003 0.003 0.002 0.003 0.002 0.003 0.003 0.003 
243 TMA-ZAIN-G-    (0)    1 :  0.974 0.005 0.004 0.002 0.003 0.003 0.003 0.003 0.003 
244 TMA-ZAIN-G-    (0)    1 :  0.971 0.005 0.006 0.003 0.003 0.003 0.003 0.003 0.004 
245 TMA-ZAIN-G-    (9)    1 :  0.978 0.003 0.003 0.003 0.003 0.003 0.004 0.003 0.002 
246 TMA-ZAIN-G-    (0)    1 :  0.980 0.003 0.002 0.003 0.003 0.002 0.003 0.003 0.002 
247 TMA-ZAIN-G-    (0)    1 :  0.980 0.002 0.002 0.003 0.003 0.002 0.003 0.002 0.003 
248 TMA-ZAIN-G-    (0)    1 :  0.972 0.004 0.004 0.003 0.003 0.004 0.004 0.003 0.003 
249 TMA-ZAIN-G-    (0)    1 :  0.978 0.002 0.002 0.003 0.003 0.003 0.003 0.003 0.002 
250 TMA-ZAIN-G-    (0)    1 :  0.979 0.002 0.002 0.003 0.003 0.003 0.003 0.003 0.003 
251 TMA-ZAIN-G-    (0)    1 :  0.002 0.003 0.005 0.005 0.968 0.005 0.004 0.005 0.004 
252 TMA-ZAIN-G-    (0)    1 :  0.004 0.033 0.035 0.003 0.868 0.006 0.009 0.003 0.040 
253 TMA-ZAIN-G-    (0)    1 :  0.004 0.004 0.008 0.003 0.963 0.004 0.003 0.004 0.006 
254 TMA-ZAIN-G-    (9)    1 :  0.004 0.009 0.025 0.007 0.926 0.006 0.004 0.005 0.015 
255 TMA-ZAIN-G-    (0)    1 :  0.003 0.004 0.007 0.003 0.951 0.005 0.003 0.016 0.008 
256 TMA-ZAIN-G-    (0)    1 :  0.009 0.006 0.007 0.003 0.953 0.009 0.004 0.005 0.005 
257 TMA-ZAIN-G-    (0)    1 :  0.004 0.003 0.003 0.003 0.971 0.005 0.004 0.004 0.003 
258 TMA-ZAIN-G-    (0)    1 :  0.004 0.003 0.003 0.003 0.972 0.004 0.003 0.003 0.005 
259 TMA-ZAIN-G-    (0)    1 :  0.005 0.003 0.003 0.004 0.968 0.004 0.004 0.004 0.005 
260 TMA-ZAIN-G-    (0)    1 :  0.004 0.003 0.003 0.005 0.965 0.004 0.004 0.004 0.009 
261 TMA-ZAIN-G-   (18)    1 :  0.003 0.005 0.005 0.010 0.950 0.008 0.004 0.004 0.011 
262 TMA-ZAIN-G-    (0)    1 :  0.003 0.003 0.003 0.003 0.974 0.005 0.004 0.003 0.003 
263 TMA-ZAIN-G-    (0)    1 :  0.003 0.003 0.004 0.003 0.971 0.003 0.004 0.004 0.003 
264 TMA-ZAIN-G-    (0)    1 :  0.003 0.004 0.005 0.004 0.967 0.004 0.004 0.006 0.005 
265 TMA-ZAIN-G-    (0)    1 :  0.021 0.023 0.024 0.035 0.642 0.022 0.194 0.010 0.030 
266 TMA-ZAIN-G-    (0)    1 :  0.007 0.017 0.042 0.056 0.705 0.122 0.014 0.018 0.019 
267 TMA-ZAIN-G-    (0)    1 :  0.047 0.016 0.008 0.151 0.624 0.007 0.023 0.111 0.012 
268 TMA-ZAIN-G-    (0)    1 :  0.005 0.004 0.003 0.005 0.004 0.003 0.004 0.969 0.003 
269 TMA-ZAIN-G-    (0)    1 :  0.005 0.005 0.005 0.008 0.006 0.004 0.011 0.953 0.004 
270 TMA-ZAIN-G-    (0)    1 :  0.007 0.005 0.005 0.011 0.007 0.005 0.016 0.940 0.004 
271 TMA-ZAIN-G-    (0)    1 :  0.007 0.004 0.004 0.006 0.004 0.003 0.005 0.962 0.003 
272 TMA-ZAIN-G-    (0)    1 :  0.010 0.006 0.005 0.022 0.004 0.004 0.081 0.865 0.003 
273 TMA-ZAIN-G-    (0)    1 :  0.024 0.004 0.003 0.009 0.004 0.003 0.100 0.851 0.002 
274 TMA-ZAIN-G-    (0)    1 :  0.011 0.008 0.005 0.012 0.007 0.014 0.015 0.923 0.006 
275 TMA-ZAIN-G-    (0)    1 :  0.013 0.003 0.003 0.007 0.003 0.003 0.013 0.953 0.002 
276 TMA-ZAIN-G-    (0)    1 :  0.009 0.004 0.003 0.004 0.003 0.003 0.006 0.965 0.003 
277 TMA-ZAIN-G-    (0)    1 :  0.086 0.004 0.003 0.006 0.005 0.003 0.010 0.878 0.003 
278 TMA-ZAIN-G-    (0)    1 :  0.118 0.004 0.004 0.010 0.006 0.003 0.017 0.835 0.003 
279 TMA-ZAIN-G-    (0)    1 :  0.018 0.004 0.004 0.017 0.004 0.005 0.020 0.925 0.003 
280 TMA-ZAIN-G-    (0)    1 :  0.013 0.004 0.004 0.009 0.004 0.005 0.076 0.882 0.003 
281 TMA-ZAIN-G-    (0)    1 :  0.027 0.004 0.003 0.007 0.005 0.004 0.021 0.926 0.003 
282 TMA-ZAIN-G-    (9)    1 :  0.038 0.003 0.003 0.007 0.005 0.003 0.010 0.929 0.003 
283 TMA-ZAIN-G-    (0)    1 :  0.027 0.006 0.005 0.031 0.036 0.004 0.049 0.838 0.004 
284 TMA-ZAIN-G-    (0)    1 :  0.016 0.007 0.008 0.019 0.055 0.006 0.051 0.835 0.003 
285 TMA-ZAIN-G-    (0)    1 :  0.075 0.008 0.004 0.013 0.010 0.007 0.026 0.850 0.007 
286 TMA-ZAIN-G-    (0)    1 :  0.016 0.003 0.003 0.005 0.006 0.003 0.007 0.955 0.002 
287 TMA-ZAIN-G-    (0)    1 :  0.016 0.006 0.003 0.006 0.006 0.005 0.007 0.948 0.004 
288 TMA-ZAIN-G-    (0)    1 :  0.005 0.015 0.007 0.047 0.006 0.023 0.022 0.868 0.007 
289 TMA-ZAIN-G-    (0)    1 :  0.012 0.007 0.004 0.023 0.007 0.008 0.017 0.914 0.007 
290 TMA-ZAIN-G-    (0)    1 :  0.004 0.005 0.005 0.014 0.005 0.007 0.011 0.946 0.003 
291 TMA-ZAIN-G-    (0)    1 :  0.007 0.004 0.005 0.032 0.008 0.005 0.922 0.014 0.004 
292 TMA-ZAIN-G-    (0)    1 :  0.013 0.718 0.182 0.009 0.005 0.036 0.021 0.009 0.006 
293 TMA-ZAIN-G-    (0)    1 :  0.032 0.079 0.790 0.010 0.023 0.030 0.012 0.004 0.020 
294 TMA-ZAIN-G-    (0)    1 :  0.005 0.867 0.092 0.005 0.006 0.006 0.004 0.003 0.011 
295 TMA-ZAIN-G-    (9)    1 :  0.007 0.833 0.110 0.013 0.008 0.007 0.007 0.005 0.011 
296 TMA-ZAIN-G-    (0)    1 :  0.005 0.175 0.718 0.016 0.013 0.043 0.013 0.010 0.006 
297 TMA-ZAIN-G-    (0)    1 :  0.005 0.093 0.726 0.011 0.025 0.102 0.008 0.006 0.025 
298 TMA-ZAIN-G-    (0)    1 :  0.006 0.866 0.042 0.012 0.035 0.006 0.014 0.013 0.007 
299 TMA-ZAIN-G-    (0)    1 :  0.006 0.951 0.014 0.003 0.003 0.005 0.005 0.004 0.009 
300 TMA-ZAIN-G-    (0)    1 :  0.007 0.899 0.030 0.009 0.007 0.011 0.005 0.003 0.029 
301 TMA-ZAIN-G-    (0)    1 :  0.014 0.791 0.083 0.007 0.006 0.049 0.010 0.004 0.035 
302 TMA-ZAIN-G-    (9)    1 :  0.003 0.737 0.207 0.005 0.006 0.025 0.005 0.004 0.007 
303 TMA-ZAIN-G-    (0)    1 :  0.003 0.004 0.005 0.014 0.023 0.037 0.903 0.008 0.002 
304 TMA-ZAIN-G-    (0)    2 :  0.009 0.020 0.116 0.018 0.561 0.096 0.007 0.014 0.159 
305 TMA-ZAIN-G-    (0)    2 :  0.005 0.175 0.757 0.007 0.010 0.018 0.004 0.003 0.021 
306 TMA-ZAIN-G-    (0)    2 :  0.017 0.073 0.360 0.016 0.385 0.031 0.015 0.089 0.014 
307 TMA-ZAIN-G-    (0)    2 :  0.014 0.018 0.117 0.012 0.406 0.050 0.005 0.010 0.367 
308 TMA-ZAIN-G-    (0)    2 :  0.014 0.004 0.004 0.055 0.788 0.010 0.084 0.030 0.012 
309 TMA-ZAIN-G-    (0)    2 :  0.002 0.046 0.028 0.005 0.003 0.897 0.004 0.003 0.011 
310 TMA-ZAIN-G-    (0)    2 :  0.010 0.796 0.127 0.014 0.016 0.006 0.013 0.009 0.010 
311 TMA-ZAIN-G-    (0)    2 :  0.003 0.288 0.517 0.037 0.063 0.025 0.028 0.032 0.007 
312 TMA-ZAIN-G-    (0)    2 :  0.005 0.271 0.091 0.068 0.010 0.519 0.015 0.006 0.015 
313 TMA-ZAIN-G-    (0)    2 :  0.003 0.114 0.060 0.008 0.716 0.052 0.005 0.009 0.032 
314 TMA-ZAIN-G-    (0)    2 :  0.004 0.037 0.010 0.157 0.017 0.019 0.039 0.706 0.012 
315 TMA-ZAIN-G-    (0)    2 :  0.019 0.484 0.058 0.044 0.022 0.011 0.050 0.277 0.036 
316 TMA-ZAIN-G-    (0)    2 :  0.016 0.386 0.082 0.056 0.021 0.012 0.070 0.316 0.040 
317 TMA-ZAIN-G-    (0)    2 :  0.010 0.020 0.007 0.213 0.017 0.007 0.661 0.062 0.005 
318 TMA-ZAIN-G-    (9)    2 :  0.058 0.018 0.006 0.029 0.043 0.008 0.051 0.771 0.015 
319 TMA-ZAIN-G-    (0)    3 :  0.010 0.007 0.006 0.041 0.011 0.167 0.733 0.021 0.004 
320 TMA-ZAIN-G-    (0)    3 :  0.011 0.399 0.115 0.008 0.005 0.016 0.422 0.005 0.019 
321 TMA-ZAIN-G-    (0)    4 :  0.008 0.145 0.222 0.448 0.009 0.071 0.018 0.057 0.021 
322 TMA-ZAIN-G-    (0)    4 :  0.006 0.095 0.217 0.356 0.071 0.029 0.169 0.022 0.035 
323 TMA-ZAIN-G-    (0)    5 :  0.011 0.007 0.012 0.008 0.013 0.055 0.861 0.009 0.024 
324 TMA-ZAIN-G-    (0)    5 :  0.005 0.015 0.900 0.014 0.017 0.025 0.006 0.006 0.012 
325 TMA-ZAIN-G-    (0)    5 :  0.085 0.010 0.012 0.023 0.008 0.012 0.839 0.004 0.007 
326 TMA-ZAIN-G-    (0)    5 :  0.005 0.005 0.012 0.007 0.030 0.333 0.598 0.002 0.008 
327 TMA-ZAIN-G-    (0)    5 :  0.003 0.005 0.005 0.005 0.014 0.951 0.004 0.003 0.011 
328 TMA-ZAIN-G-    (0)    5 :  0.009 0.013 0.018 0.040 0.014 0.190 0.173 0.401 0.143 
329 TMA-ZAIN-G-    (0)    5 :  0.008 0.633 0.070 0.015 0.032 0.152 0.010 0.005 0.076 
330 TMA-ZAIN-G-    (0)    6 :  0.002 0.276 0.053 0.025 0.044 0.480 0.009 0.003 0.108 
331 TMA-ZAIN-G-    (0)    6 :  0.015 0.617 0.041 0.016 0.189 0.044 0.051 0.021 0.006 
332 TMA-ZAIN-G-    (0)    6 :  0.003 0.013 0.023 0.005 0.004 0.937 0.003 0.002 0.009 
333 TMA-ZAIN-G-    (0)    6 :  0.002 0.004 0.003 0.003 0.006 0.971 0.003 0.003 0.004 
334 TMA-ZAIN-G-    (0)    6 :  0.027 0.004 0.003 0.012 0.007 0.003 0.018 0.922 0.003 
335 TMA-ZAIN-G-    (0)    6 :  0.025 0.006 0.005 0.010 0.005 0.004 0.009 0.932 0.006 
336 TMA-ZAIN-G-    (0)    6 :  0.032 0.011 0.007 0.020 0.013 0.006 0.024 0.882 0.006 
337 TMA-ZAIN-G-    (9)    6 :  0.010 0.006 0.005 0.021 0.005 0.004 0.016 0.930 0.004 
338 TMA-ZAIN-G-    (0)    6 :  0.005 0.003 0.003 0.005 0.004 0.003 0.006 0.970 0.003 
339 TMA-ZAIN-G-    (0)    6 :  0.012 0.002 0.002 0.003 0.004 0.002 0.007 0.965 0.002 
340 TMA-ZAIN-G-    (0)    6 :  0.013 0.004 0.004 0.006 0.004 0.003 0.010 0.953 0.003 
341 TMA-ZAIN-G-    (0)    6 :  0.012 0.004 0.005 0.006 0.003 0.003 0.008 0.955 0.004 
342 TMA-ZAIN-G-    (0)    6 :  0.026 0.006 0.005 0.006 0.007 0.004 0.017 0.926 0.004 
343 TMA-ZAIN-G-    (0)    7 :  0.009 0.003 0.003 0.004 0.003 0.003 0.008 0.965 0.002 
344 TMA-ZAIN-G-    (0)    7 :  0.041 0.005 0.005 0.018 0.004 0.005 0.022 0.898 0.003 
345 TMA-ZAIN-G-    (0)    7 :  0.043 0.003 0.002 0.005 0.005 0.003 0.007 0.929 0.003 
346 TMA-ZAIN-G-    (0)    7 :  0.023 0.008 0.005 0.006 0.004 0.008 0.050 0.893 0.003 
347 TMA-ZAIN-G-    (9)    7 :  0.023 0.004 0.003 0.009 0.003 0.003 0.012 0.940 0.003 
348 TMA-ZAIN-G-    (0)    7 :  0.027 0.005 0.004 0.026 0.007 0.004 0.017 0.907 0.004 
349 TMA-ZAIN-G-    (0)    7 :  0.030 0.004 0.003 0.006 0.004 0.003 0.012 0.936 0.003 
350 TMA-ZAIN-G-    (0)    7 :  0.025 0.008 0.006 0.031 0.005 0.006 0.189 0.724 0.006 
351 TMA-ZAIN-G-    (0)    7 :  0.037 0.004 0.003 0.011 0.005 0.003 0.012 0.921 0.004 
352 TMA-ZAIN-G-    (0)    7 :  0.009 0.007 0.006 0.009 0.007 0.004 0.008 0.942 0.007 
353 TMA-ZAIN-G-    (0)    7 :  0.028 0.005 0.005 0.015 0.005 0.006 0.030 0.903 0.003 
354 TMA-ZAIN-G-    (0)    7 :  0.011 0.005 0.005 0.010 0.003 0.005 0.016 0.943 0.003 
355 TMA-ZAIN-G-    (0)    7 :  0.016 0.007 0.008 0.010 0.003 0.006 0.011 0.934 0.004 
356 TMA-ZAIN-G-    (0)    8 :  0.002 0.007 0.912 0.004 0.012 0.003 0.012 0.002 0.045 
357 TMA-ZAIN-G-    (0)    8 :  0.003 0.080 0.426 0.012 0.012 0.389 0.011 0.008 0.057 
358 TMA-ZAIN-G-    (0)    8 :  0.010 0.238 0.176 0.064 0.028 0.173 0.033 0.061 0.217 
359 TMA-ZAIN-G-    (0)    8 :  0.067 0.057 0.409 0.017 0.067 0.006 0.058 0.007 0.313 
360 TMA-ZAIN-G-    (0)    8 :  0.008 0.125 0.823 0.005 0.006 0.006 0.006 0.003 0.018 
361 TMA-ZAIN-G-    (0)    8 :  0.003 0.119 0.285 0.015 0.011 0.515 0.010 0.006 0.036 
362 TMA-ZAIN-G-    (0)    8 :  0.086 0.019 0.852 0.006 0.004 0.004 0.015 0.007 0.008 
363 TMA-ZAIN-G-    (0)    9 :  0.010 0.545 0.116 0.039 0.017 0.224 0.030 0.005 0.015 
364 TMA-ZAIN-G-    (0)    9 :  0.009 0.037 0.018 0.388 0.031 0.022 0.063 0.411 0.021 
365 TMA-ZAIN-G-    (0)    9 :  0.012 0.128 0.554 0.100 0.004 0.009 0.020 0.148 0.025 
366 TMA-ZAIN-G-    (0)    9 :  0.011 0.734 0.138 0.009 0.018 0.005 0.004 0.004 0.077 
367 TMA-ZAIN-G-    (0)    9 :  0.002 0.059 0.142 0.049 0.095 0.563 0.028 0.053 0.008 
368 TMA-ZAIN-G-    (0)    9 :  0.005 0.885 0.031 0.008 0.011 0.009 0.004 0.004 0.044 
369 TMA-ZAIN-G-    (0)    9 :  0.003 0.030 0.033 0.007 0.005 0.867 0.004 0.003 0.048 
370 TMA-ZAIN-G-    (0)    9 :  0.003 0.497 0.040 0.007 0.004 0.425 0.006 0.005 0.012 
371 TMA-ZAIN-G-    (0)    9 :  0.003 0.178 0.761 0.005 0.006 0.009 0.004 0.005 0.029 
372 TMA-ZAIN-G-    (0)    9 :  0.004 0.200 0.744 0.005 0.007 0.010 0.003 0.003 0.024 
373 TMA-ZAIN-G-    (0)    9 :  0.004 0.004 0.004 0.005 0.004 0.968 0.005 0.003 0.004 
374 TMA-ZAIN-G-    (0)   10 :  0.003 0.026 0.073 0.108 0.211 0.345 0.058 0.169 0.005 
375 TMA-ZAIN-G-    (0)   10 :  0.006 0.028 0.038 0.019 0.007 0.139 0.741 0.013 0.010 
376 TMA-ZAIN-G-    (9)   10 :  0.003 0.064 0.902 0.005 0.003 0.011 0.004 0.004 0.004 
377 TMA-ZAIN-G-    (0)   10 :  0.003 0.173 0.779 0.004 0.005 0.012 0.003 0.002 0.020 
378 TMA-ZAIN-G-    (0)   10 :  0.002 0.018 0.946 0.003 0.003 0.010 0.003 0.003 0.012 
379 TMA-ZAIN-G-    (0)   10 :  0.002 0.007 0.958 0.003 0.006 0.007 0.003 0.003 0.013 
380 TMA-ZAIN-G-    (0)   10 :  0.004 0.840 0.073 0.005 0.008 0.014 0.005 0.002 0.048 
381 TMA-ZAIN-G-    (9)   10 :  0.014 0.159 0.033 0.558 0.070 0.025 0.066 0.006 0.068 
382 TMA-ZAIN-G-    (9)   10 :  0.022 0.028 0.008 0.023 0.007 0.011 0.483 0.415 0.004 
383    ZFB01    (0)   11 :  0.009 0.007 0.010 0.004 0.004 0.004 0.004 0.954 0.004 
384    ZFB02    (0)   11 :  0.011 0.004 0.005 0.005 0.009 0.003 0.005 0.955 0.003 
385    ZFB03    (0)   11 :  0.003 0.005 0.009 0.013 0.006 0.011 0.014 0.935 0.003 
386    ZFB04    (0)   11 :  0.019 0.007 0.009 0.004 0.007 0.003 0.005 0.943 0.003 
387    ZFB05    (0)   11 :  0.035 0.003 0.005 0.025 0.009 0.012 0.037 0.859 0.014 
388    ZFB06    (0)   11 :  0.027 0.003 0.005 0.032 0.006 0.013 0.035 0.867 0.013 
389    ZFB07    (9)   11 :  0.013 0.013 0.019 0.008 0.007 0.009 0.073 0.853 0.006 
390    ZFB08    (0)   11 :  0.003 0.005 0.007 0.017 0.007 0.005 0.006 0.946 0.004 
391    ZFB09    (0)   11 :  0.003 0.004 0.005 0.007 0.004 0.003 0.005 0.967 0.003 
392    ZFB10    (0)   11 :  0.010 0.021 0.056 0.005 0.009 0.006 0.004 0.882 0.007 
393    ZFB11    (0)   11 :  0.023 0.017 0.021 0.004 0.007 0.004 0.003 0.915 0.005 
394    ZFB12    (0)   11 :  0.006 0.006 0.006 0.008 0.003 0.006 0.005 0.958 0.003 
395    ZFB13    (0)   11 :  0.003 0.009 0.009 0.017 0.005 0.005 0.007 0.942 0.005 
396    ZFB14    (0)   11 :  0.003 0.009 0.011 0.005 0.006 0.004 0.005 0.953 0.004 
397    ZFB15    (0)   11 :  0.008 0.003 0.004 0.005 0.003 0.003 0.004 0.967 0.002 
398    ZFB16    (0)   11 :  0.007 0.006 0.007 0.008 0.004 0.004 0.005 0.956 0.003 
