

----------------------------------------------------
STRUCTURE by Pritchard, Stephens and Donnelly (2000)
     and Falush, Stephens and Pritchard (2003)
       Code by Pritchard, Falush and Hubisz
             Version 2.3.4 (Jul 2012)
----------------------------------------------------



Command line arguments:   bin\structure -m C:\Users\eschumacher\Documents\GitHub\GCC_QUAC_ZAIN\Data_Files\Structure_Files\ZAIN\ZAIN_rebinned_allpop_str\50-50\mainparams -e C:\Users\eschumacher\Documents\GitHub\GCC_QUAC_ZAIN\Data_Files\Structure_Files\ZAIN\ZAIN_rebinned_allpop_str\50-50\extraparams 
Input File:    C:\Users\eschumacher\Documents\GitHub\GCC_QUAC_ZAIN\Data_Files\Structure_Files\ZAIN\ZAIN_rebinned_allpop_str\project_data

Run parameters:
   1133 individuals
   11 loci
   12 populations assumed
   50000 Burn-in period
   50000 Reps


--------------------------------------------
Proportion of membership of each pre-defined
 population in each of the 12 clusters

Given    Inferred Clusters                                                                      Number of
 Pop       1      2      3      4      5      6      7      8      9     10     11     12      Individuals

  1:     0.039  0.091  0.044  0.069  0.095  0.143  0.076  0.027  0.052  0.146  0.139  0.079      303
  2:     0.045  0.109  0.026  0.012  0.068  0.122  0.179  0.047  0.015  0.165  0.163  0.049       15
  3:     0.010  0.059  0.017  0.011  0.383  0.045  0.005  0.016  0.223  0.028  0.193  0.011        2
  4:     0.026  0.032  0.021  0.007  0.095  0.133  0.036  0.281  0.007  0.244  0.076  0.043        2
  5:     0.063  0.016  0.022  0.016  0.352  0.138  0.012  0.016  0.204  0.070  0.056  0.035        7
  6:     0.008  0.655  0.034  0.005  0.006  0.009  0.006  0.007  0.100  0.152  0.013  0.006       13
  7:     0.003  0.941  0.006  0.007  0.010  0.004  0.003  0.006  0.004  0.005  0.004  0.008       13
  8:     0.094  0.007  0.029  0.023  0.015  0.491  0.011  0.013  0.055  0.188  0.063  0.010        7
  9:     0.026  0.016  0.026  0.006  0.016  0.188  0.011  0.044  0.053  0.338  0.225  0.048       11
 10:     0.021  0.009  0.018  0.009  0.124  0.402  0.024  0.069  0.026  0.070  0.139  0.088        9
 11:     0.005  0.015  0.012  0.041  0.010  0.010  0.005  0.008  0.004  0.006  0.009  0.873       35
 12:     0.025  0.005  0.023  0.004  0.007  0.328  0.019  0.008  0.016  0.171  0.387  0.006       36
 13:     0.032  0.005  0.011  0.007  0.006  0.449  0.009  0.013  0.021  0.084  0.359  0.005       33
 14:     0.011  0.014  0.043  0.007  0.006  0.011  0.864  0.009  0.009  0.008  0.010  0.007       40
 15:     0.006  0.003  0.006  0.003  0.004  0.006  0.006  0.005  0.923  0.026  0.007  0.004       39
 16:     0.031  0.053  0.016  0.020  0.151  0.040  0.026  0.390  0.012  0.022  0.037  0.200       40
 17:     0.019  0.038  0.043  0.045  0.675  0.011  0.020  0.062  0.010  0.010  0.015  0.052       37
 18:     0.020  0.003  0.007  0.003  0.004  0.721  0.006  0.005  0.011  0.101  0.114  0.005       40
 19:     0.003  0.023  0.040  0.004  0.007  0.005  0.005  0.007  0.014  0.006  0.005  0.882       28
 20:     0.006  0.005  0.941  0.005  0.004  0.005  0.012  0.004  0.005  0.005  0.005  0.004       14
 21:     0.006  0.015  0.025  0.826  0.027  0.011  0.008  0.016  0.029  0.014  0.011  0.011       13
 22:     0.008  0.003  0.006  0.002  0.004  0.013  0.022  0.006  0.029  0.888  0.013  0.005       14
 23:     0.027  0.003  0.009  0.005  0.004  0.030  0.007  0.005  0.008  0.019  0.878  0.004       25
 24:     0.921  0.005  0.005  0.006  0.005  0.013  0.008  0.005  0.006  0.009  0.012  0.006       40
 25:     0.009  0.010  0.038  0.008  0.013  0.028  0.748  0.021  0.019  0.055  0.023  0.029       32
 26:     0.003  0.004  0.004  0.966  0.004  0.003  0.003  0.003  0.003  0.003  0.003  0.003       20
 27:     0.006  0.034  0.015  0.003  0.042  0.014  0.007  0.216  0.004  0.010  0.008  0.641        4
 28:     0.013  0.052  0.011  0.004  0.012  0.072  0.010  0.028  0.005  0.014  0.017  0.761       23
 29:     0.005  0.019  0.006  0.004  0.017  0.006  0.009  0.010  0.006  0.005  0.005  0.907       39
 30:     0.004  0.932  0.014  0.006  0.006  0.005  0.004  0.005  0.004  0.004  0.005  0.010       38
 31:     0.051  0.004  0.007  0.005  0.006  0.042  0.009  0.010  0.158  0.658  0.045  0.005       45
 32:     0.027  0.004  0.019  0.012  0.009  0.195  0.013  0.007  0.156  0.357  0.197  0.004       28
 33:     0.005  0.006  0.006  0.014  0.017  0.005  0.006  0.009  0.007  0.004  0.004  0.916        6
 34:     0.014  0.008  0.011  0.004  0.033  0.007  0.006  0.879  0.009  0.012  0.007  0.012       40
 35:     0.011  0.029  0.019  0.042  0.793  0.007  0.010  0.033  0.009  0.021  0.009  0.016       42
--------------------------------------------

Allele-freq. divergence among pops (Net nucleotide distance),
computed using point estimates of P.

      1       2       3       4       5       6       7       8       9      10      11      12      
 1      -    0.3728  0.2683  0.4677  0.2758  0.1270  0.2135  0.1691  0.2700  0.1267  0.1107  0.3448  
 2   0.3728     -    0.2348  0.2075  0.1250  0.3341  0.2733  0.1897  0.3561  0.2985  0.2988  0.1266  
 3   0.2683  0.2348     -    0.3297  0.1412  0.2227  0.1928  0.1618  0.2288  0.1760  0.1809  0.2263  
 4   0.4677  0.2075  0.3297     -    0.2114  0.4159  0.3727  0.3487  0.4509  0.3808  0.3724  0.3169  
 5   0.2758  0.1250  0.1412  0.2114     -    0.2089  0.1590  0.0875  0.1812  0.1520  0.1816  0.0966  
 6   0.1270  0.3341  0.2227  0.4159  0.2089     -    0.2346  0.1579  0.2500  0.0580  0.0439  0.2332  
 7   0.2135  0.2733  0.1928  0.3727  0.1590  0.2346     -    0.1682  0.1922  0.1856  0.2226  0.1756  
 8   0.1691  0.1897  0.1618  0.3487  0.0875  0.1579  0.1682     -    0.2132  0.1106  0.1625  0.1574  
 9   0.2700  0.3561  0.2288  0.4509  0.1812  0.2500  0.1922  0.2132     -    0.1312  0.2201  0.2762  
10   0.1267  0.2985  0.1760  0.3808  0.1520  0.0580  0.1856  0.1106  0.1312     -    0.0707  0.2361  
11   0.1107  0.2988  0.1809  0.3724  0.1816  0.0439  0.2226  0.1625  0.2201  0.0707     -    0.2420  
12   0.3448  0.1266  0.2263  0.3169  0.0966  0.2332  0.1756  0.1574  0.2762  0.2361  0.2420     -    

Average distances (expected heterozygosity) between individuals in same cluster:
cluster  1  : 0.3569 
cluster  2  : 0.3777 
cluster  3  : 0.2679 
cluster  4  : 0.2428 
cluster  5  : 0.5297 
cluster  6  : 0.3726 
cluster  7  : 0.3858 
cluster  8  : 0.4766 
cluster  9  : 0.2604 
cluster 10  : 0.4357 
cluster 11  : 0.4001 
cluster 12  : 0.4742 

--------------------------------------------
Estimated Ln Prob of Data   = -20444.0
Mean value of ln likelihood = -19721.1
Variance of ln likelihood   = 1445.8
Mean value of alpha         = 0.0332

Mean value of Fst_1         = 0.4420
Mean value of Fst_2         = 0.5588
Mean value of Fst_3         = 0.5934
Mean value of Fst_4         = 0.6480
Mean value of Fst_5         = 0.1506
Mean value of Fst_6         = 0.3719
Mean value of Fst_7         = 0.4365
Mean value of Fst_8         = 0.2743
Mean value of Fst_9         = 0.5667
Mean value of Fst_10         = 0.3442
Mean value of Fst_11         = 0.3152
Mean value of Fst_12         = 0.3643


Inferred ancestry of individuals:
        Label (%Miss) Pop:  Inferred clusters
  1 TMA-ZAIN-G-    (9)    1 :  0.009 0.010 0.010 0.003 0.050 0.017 0.013 0.025 0.089 0.034 0.008 0.732 
  2 TMA-ZAIN-G-    (0)    1 :  0.005 0.014 0.020 0.004 0.025 0.020 0.021 0.011 0.009 0.020 0.174 0.678 
  3 TMA-ZAIN-G-    (0)    1 :  0.087 0.003 0.010 0.003 0.005 0.549 0.010 0.016 0.030 0.245 0.036 0.005 
  4 TMA-ZAIN-G-    (0)    1 :  0.067 0.005 0.618 0.003 0.005 0.202 0.022 0.005 0.017 0.011 0.034 0.010 
  5 TMA-ZAIN-G-    (0)    1 :  0.002 0.006 0.005 0.004 0.004 0.003 0.005 0.006 0.002 0.002 0.002 0.958 
  6 TMA-ZAIN-G-    (0)    1 :  0.069 0.017 0.043 0.022 0.026 0.097 0.024 0.489 0.016 0.126 0.037 0.035 
  7 TMA-ZAIN-G-    (0)    1 :  0.008 0.007 0.114 0.005 0.012 0.220 0.013 0.018 0.049 0.223 0.317 0.014 
  8 TMA-ZAIN-G-    (0)    1 :  0.024 0.003 0.005 0.002 0.004 0.032 0.022 0.007 0.006 0.866 0.021 0.007 
  9 TMA-ZAIN-G-    (9)    1 :  0.030 0.005 0.009 0.004 0.006 0.222 0.005 0.038 0.008 0.387 0.278 0.007 
 10 TMA-ZAIN-G-    (0)    1 :  0.041 0.004 0.012 0.004 0.006 0.191 0.011 0.026 0.014 0.428 0.260 0.003 
 11 TMA-ZAIN-G-    (0)    1 :  0.006 0.005 0.017 0.005 0.007 0.169 0.005 0.006 0.009 0.174 0.589 0.006 
 12 TMA-ZAIN-G-    (0)    1 :  0.005 0.003 0.004 0.003 0.004 0.928 0.004 0.007 0.012 0.018 0.009 0.004 
 13 TMA-ZAIN-G-    (9)    1 :  0.014 0.084 0.014 0.017 0.025 0.064 0.021 0.014 0.113 0.265 0.338 0.032 
 14 TMA-ZAIN-G-    (9)    1 :  0.006 0.007 0.005 0.017 0.009 0.010 0.007 0.010 0.861 0.045 0.019 0.003 
 15 TMA-ZAIN-G-    (0)    1 :  0.009 0.002 0.004 0.002 0.006 0.011 0.007 0.006 0.866 0.077 0.005 0.003 
 16 TMA-ZAIN-G-    (0)    1 :  0.004 0.004 0.005 0.004 0.005 0.864 0.003 0.006 0.006 0.022 0.072 0.003 
 17 TMA-ZAIN-G-    (9)    1 :  0.006 0.016 0.066 0.003 0.021 0.019 0.016 0.024 0.018 0.796 0.006 0.009 
 18 TMA-ZAIN-G-    (0)    1 :  0.007 0.008 0.012 0.004 0.213 0.013 0.043 0.025 0.013 0.011 0.004 0.648 
 19 TMA-ZAIN-G-    (0)    1 :  0.006 0.014 0.045 0.011 0.657 0.026 0.004 0.148 0.014 0.046 0.015 0.014 
 20 TMA-ZAIN-G-    (0)    1 :  0.005 0.067 0.007 0.021 0.820 0.003 0.024 0.009 0.004 0.003 0.004 0.035 
 21 TMA-ZAIN-G-    (0)    1 :  0.003 0.005 0.003 0.968 0.003 0.002 0.003 0.003 0.002 0.003 0.002 0.003 
 22 TMA-ZAIN-G-    (0)    1 :  0.002 0.952 0.005 0.004 0.007 0.002 0.005 0.005 0.003 0.002 0.003 0.011 
 23 TMA-ZAIN-G-    (0)    1 :  0.003 0.943 0.005 0.005 0.009 0.004 0.003 0.008 0.005 0.005 0.004 0.007 
 24 TMA-ZAIN-G-    (9)    1 :  0.136 0.659 0.004 0.008 0.003 0.011 0.006 0.003 0.028 0.013 0.122 0.006 
 25 TMA-ZAIN-G-    (9)    1 :  0.004 0.009 0.003 0.006 0.779 0.013 0.004 0.012 0.004 0.007 0.083 0.077 
 26 TMA-ZAIN-G-    (9)    1 :  0.009 0.008 0.012 0.088 0.014 0.062 0.377 0.005 0.030 0.184 0.205 0.007 
 27 TMA-ZAIN-G-    (0)    1 :  0.007 0.012 0.024 0.022 0.057 0.005 0.014 0.734 0.065 0.012 0.006 0.043 
 28 TMA-ZAIN-G-    (0)    1 :  0.004 0.005 0.005 0.003 0.016 0.005 0.005 0.929 0.008 0.006 0.004 0.009 
 29 TMA-ZAIN-G-    (0)    1 :  0.721 0.004 0.003 0.004 0.227 0.004 0.015 0.005 0.005 0.005 0.004 0.003 
 30 TMA-ZAIN-G-    (0)    1 :  0.034 0.005 0.007 0.004 0.034 0.056 0.006 0.469 0.079 0.181 0.121 0.004 
 31 TMA-ZAIN-G-    (0)    1 :  0.006 0.009 0.020 0.010 0.012 0.005 0.056 0.006 0.006 0.004 0.008 0.859 
 32 TMA-ZAIN-G-    (9)    1 :  0.004 0.060 0.006 0.006 0.104 0.186 0.006 0.006 0.027 0.033 0.017 0.547 
 33 TMA-ZAIN-G-   (18)    1 :  0.015 0.003 0.004 0.002 0.004 0.451 0.004 0.007 0.007 0.447 0.050 0.005 
 34 TMA-ZAIN-G-    (0)    1 :  0.006 0.024 0.005 0.014 0.018 0.683 0.007 0.008 0.008 0.026 0.067 0.132 
 35 TMA-ZAIN-G-    (9)    1 :  0.075 0.004 0.011 0.003 0.016 0.506 0.011 0.015 0.060 0.177 0.103 0.019 
 36 TMA-ZAIN-G-    (0)    1 :  0.010 0.003 0.007 0.002 0.006 0.057 0.016 0.006 0.138 0.370 0.380 0.004 
 37 TMA-ZAIN-G-    (9)    1 :  0.014 0.005 0.047 0.010 0.010 0.407 0.011 0.029 0.007 0.258 0.195 0.007 
 38 TMA-ZAIN-G-   (18)    1 :  0.009 0.021 0.009 0.006 0.141 0.067 0.007 0.006 0.086 0.047 0.021 0.581 
 39 TMA-ZAIN-G-    (0)    1 :  0.013 0.003 0.007 0.007 0.004 0.069 0.008 0.007 0.004 0.048 0.827 0.003 
 40 TMA-ZAIN-G-    (0)    1 :  0.007 0.003 0.015 0.011 0.005 0.226 0.005 0.004 0.005 0.520 0.197 0.003 
 41 TMA-ZAIN-G-    (0)    1 :  0.007 0.002 0.003 0.003 0.004 0.020 0.005 0.006 0.041 0.701 0.205 0.003 
 42 TMA-ZAIN-G-    (9)    1 :  0.006 0.002 0.004 0.002 0.003 0.007 0.009 0.003 0.085 0.867 0.008 0.003 
 43 TMA-ZAIN-G-    (0)    1 :  0.007 0.002 0.004 0.002 0.003 0.004 0.005 0.003 0.955 0.007 0.004 0.003 
 44 TMA-ZAIN-G-    (0)    1 :  0.015 0.006 0.008 0.792 0.013 0.041 0.003 0.004 0.005 0.012 0.097 0.004 
 45 TMA-ZAIN-G-    (0)    1 :  0.006 0.005 0.017 0.011 0.008 0.576 0.009 0.010 0.016 0.219 0.120 0.005 
 46 TMA-ZAIN-G-    (0)    1 :  0.002 0.007 0.006 0.959 0.005 0.002 0.003 0.003 0.003 0.002 0.003 0.004 
 47 TMA-ZAIN-G-    (0)    1 :  0.004 0.003 0.013 0.005 0.004 0.005 0.948 0.004 0.003 0.004 0.003 0.004 
 48 TMA-ZAIN-G-    (0)    1 :  0.018 0.021 0.182 0.012 0.010 0.037 0.192 0.043 0.055 0.379 0.044 0.006 
 49 TMA-ZAIN-G-    (9)    1 :  0.037 0.007 0.019 0.003 0.860 0.028 0.006 0.009 0.004 0.007 0.008 0.011 
 50 TMA-ZAIN-G-    (0)    1 :  0.004 0.004 0.006 0.005 0.865 0.008 0.003 0.021 0.008 0.047 0.021 0.009 
 51 TMA-ZAIN-G-    (0)    1 :  0.007 0.005 0.015 0.010 0.833 0.006 0.014 0.019 0.060 0.016 0.009 0.006 
 52 TMA-ZAIN-G-    (0)    1 :  0.003 0.008 0.098 0.008 0.793 0.010 0.026 0.020 0.014 0.007 0.007 0.005 
 53 TMA-ZAIN-G-    (0)    1 :  0.005 0.008 0.056 0.004 0.731 0.005 0.048 0.008 0.027 0.008 0.011 0.090 
 54 TMA-ZAIN-G-    (0)    1 :  0.003 0.005 0.004 0.003 0.007 0.005 0.935 0.009 0.009 0.009 0.005 0.004 
 55 TMA-ZAIN-G-    (0)    1 :  0.003 0.008 0.003 0.006 0.019 0.008 0.879 0.020 0.019 0.026 0.005 0.004 
 56 TMA-ZAIN-G-    (0)    1 :  0.026 0.009 0.414 0.005 0.031 0.027 0.067 0.057 0.043 0.277 0.038 0.006 
 57 TMA-ZAIN-G-    (0)    1 :  0.008 0.004 0.011 0.003 0.029 0.018 0.895 0.005 0.006 0.005 0.008 0.008 
 58 TMA-ZAIN-G-    (0)    1 :  0.008 0.167 0.012 0.006 0.461 0.013 0.039 0.222 0.010 0.025 0.005 0.033 
 59 TMA-ZAIN-G-    (0)    1 :  0.028 0.025 0.062 0.022 0.018 0.054 0.023 0.043 0.012 0.052 0.075 0.588 
 60 TMA-ZAIN-G-    (0)    1 :  0.008 0.009 0.047 0.011 0.155 0.009 0.023 0.093 0.137 0.021 0.011 0.476 
 61 TMA-ZAIN-G-    (0)    1 :  0.003 0.025 0.029 0.016 0.010 0.004 0.012 0.006 0.003 0.003 0.003 0.886 
 62 TMA-ZAIN-G-    (9)    1 :  0.007 0.010 0.003 0.036 0.020 0.051 0.012 0.084 0.006 0.032 0.025 0.714 
 63 TMA-ZAIN-G-    (0)    1 :  0.003 0.013 0.013 0.004 0.010 0.006 0.012 0.009 0.007 0.005 0.004 0.915 
 64 TMA-ZAIN-G-    (0)    1 :  0.958 0.002 0.003 0.002 0.002 0.005 0.003 0.003 0.005 0.005 0.008 0.002 
 65 TMA-ZAIN-G-    (9)    1 :  0.934 0.003 0.004 0.002 0.003 0.019 0.007 0.005 0.006 0.007 0.007 0.003 
 66 TMA-ZAIN-G-    (0)    1 :  0.931 0.003 0.005 0.003 0.003 0.012 0.004 0.004 0.005 0.010 0.019 0.003 
 67 TMA-ZAIN-G-    (0)    1 :  0.799 0.010 0.004 0.016 0.010 0.035 0.005 0.013 0.003 0.013 0.089 0.004 
 68 TMA-ZAIN-G-    (0)    1 :  0.957 0.002 0.004 0.002 0.002 0.004 0.005 0.003 0.007 0.006 0.004 0.002 
 69 TMA-ZAIN-G-    (0)    1 :  0.763 0.023 0.024 0.027 0.024 0.049 0.008 0.007 0.017 0.008 0.033 0.016 
 70 TMA-ZAIN-G-    (0)    1 :  0.021 0.004 0.004 0.004 0.004 0.025 0.003 0.004 0.005 0.006 0.916 0.003 
 71 TMA-ZAIN-G-    (0)    1 :  0.004 0.003 0.003 0.004 0.003 0.009 0.003 0.003 0.003 0.006 0.954 0.003 
 72 TMA-ZAIN-G-    (0)    1 :  0.023 0.004 0.005 0.003 0.005 0.015 0.008 0.008 0.008 0.016 0.900 0.004 
 73 TMA-ZAIN-G-    (0)    1 :  0.006 0.020 0.004 0.023 0.019 0.011 0.018 0.018 0.004 0.007 0.852 0.016 
 74 TMA-ZAIN-G-    (0)    1 :  0.006 0.006 0.003 0.007 0.010 0.016 0.006 0.007 0.004 0.007 0.921 0.006 
 75 TMA-ZAIN-G-    (0)    1 :  0.007 0.004 0.005 0.003 0.006 0.015 0.009 0.007 0.005 0.007 0.930 0.005 
 76 TMA-ZAIN-G-    (0)    1 :  0.006 0.013 0.003 0.030 0.013 0.013 0.004 0.005 0.003 0.004 0.901 0.005 
 77 TMA-ZAIN-G-    (0)    1 :  0.006 0.004 0.011 0.007 0.006 0.005 0.004 0.005 0.007 0.008 0.933 0.003 
 78 TMA-ZAIN-G-    (0)    1 :  0.006 0.011 0.011 0.019 0.019 0.015 0.008 0.010 0.006 0.007 0.882 0.006 
 79 TMA-ZAIN-G-    (0)    1 :  0.004 0.006 0.037 0.021 0.009 0.009 0.005 0.005 0.007 0.011 0.883 0.003 
 80 TMA-ZAIN-G-    (0)    1 :  0.026 0.003 0.007 0.008 0.004 0.114 0.013 0.006 0.004 0.022 0.791 0.003 
 81 TMA-ZAIN-G-    (0)    1 :  0.005 0.004 0.023 0.008 0.008 0.012 0.006 0.007 0.007 0.010 0.908 0.003 
 82 TMA-ZAIN-G-    (0)    1 :  0.245 0.003 0.009 0.002 0.005 0.195 0.020 0.008 0.007 0.013 0.484 0.007 
 83 TMA-ZAIN-G-    (9)    1 :  0.042 0.026 0.005 0.021 0.013 0.749 0.017 0.034 0.005 0.014 0.034 0.039 
 84 TMA-ZAIN-G-    (0)    1 :  0.005 0.007 0.009 0.034 0.010 0.014 0.003 0.006 0.005 0.009 0.894 0.003 
 85 TMA-ZAIN-G-    (0)    1 :  0.003 0.005 0.962 0.002 0.004 0.003 0.004 0.004 0.004 0.003 0.003 0.004 
 86 TMA-ZAIN-G-    (0)    1 :  0.005 0.004 0.944 0.005 0.004 0.008 0.005 0.005 0.003 0.007 0.006 0.003 
 87 TMA-ZAIN-G-    (0)    1 :  0.003 0.009 0.958 0.003 0.004 0.003 0.004 0.004 0.003 0.003 0.003 0.004 
 88 TMA-ZAIN-G-    (0)    1 :  0.045 0.008 0.436 0.009 0.007 0.145 0.067 0.009 0.016 0.015 0.049 0.194 
 89 TMA-ZAIN-G-    (0)    1 :  0.031 0.017 0.285 0.022 0.009 0.039 0.461 0.005 0.043 0.015 0.045 0.030 
 90 TMA-ZAIN-G-    (0)    1 :  0.015 0.004 0.857 0.004 0.008 0.029 0.042 0.006 0.004 0.004 0.006 0.020 
 91 TMA-ZAIN-G-    (0)    1 :  0.011 0.005 0.831 0.005 0.006 0.009 0.035 0.018 0.012 0.008 0.009 0.052 
 92 TMA-ZAIN-G-    (0)    1 :  0.007 0.030 0.556 0.031 0.035 0.007 0.267 0.027 0.012 0.009 0.010 0.009 
 93 TMA-ZAIN-G-    (0)    1 :  0.007 0.015 0.254 0.012 0.026 0.005 0.515 0.087 0.023 0.007 0.007 0.041 
 94 TMA-ZAIN-G-    (0)    1 :  0.004 0.011 0.770 0.006 0.011 0.004 0.062 0.013 0.006 0.004 0.005 0.104 
 95 TMA-ZAIN-G-    (0)    1 :  0.008 0.008 0.005 0.003 0.032 0.005 0.004 0.898 0.014 0.009 0.008 0.006 
 96 TMA-ZAIN-G-    (0)    1 :  0.004 0.007 0.008 0.005 0.049 0.010 0.005 0.855 0.018 0.031 0.004 0.005 
 97 TMA-ZAIN-G-    (0)    1 :  0.006 0.006 0.008 0.006 0.019 0.004 0.012 0.004 0.007 0.005 0.011 0.911 
 98 TMA-ZAIN-G-    (0)    1 :  0.005 0.004 0.007 0.004 0.005 0.004 0.011 0.003 0.005 0.004 0.012 0.937 
 99 TMA-ZAIN-G-    (0)    1 :  0.020 0.006 0.005 0.023 0.006 0.103 0.003 0.009 0.007 0.046 0.037 0.736 
100 TMA-ZAIN-G-    (0)    1 :  0.005 0.008 0.031 0.028 0.027 0.003 0.019 0.005 0.006 0.003 0.005 0.858 
101 TMA-ZAIN-G-    (0)    1 :  0.006 0.004 0.004 0.006 0.009 0.008 0.011 0.005 0.006 0.005 0.016 0.921 
102 TMA-ZAIN-G-    (0)    1 :  0.015 0.549 0.019 0.007 0.065 0.067 0.014 0.015 0.029 0.024 0.022 0.175 
103 TMA-ZAIN-G-    (0)    1 :  0.006 0.059 0.026 0.004 0.057 0.027 0.007 0.017 0.008 0.012 0.011 0.766 
104 TMA-ZAIN-G-    (0)    1 :  0.002 0.010 0.003 0.003 0.007 0.004 0.005 0.004 0.004 0.004 0.004 0.950 
105 TMA-ZAIN-G-    (0)    1 :  0.006 0.028 0.039 0.003 0.027 0.032 0.007 0.019 0.007 0.014 0.012 0.805 
106 TMA-ZAIN-G-    (0)    1 :  0.050 0.003 0.007 0.003 0.004 0.065 0.005 0.006 0.087 0.551 0.216 0.003 
107 TMA-ZAIN-G-    (0)    1 :  0.009 0.003 0.005 0.003 0.005 0.370 0.006 0.005 0.008 0.019 0.563 0.004 
108 TMA-ZAIN-G-    (9)    1 :  0.011 0.037 0.064 0.019 0.091 0.174 0.012 0.014 0.066 0.177 0.098 0.237 
109 TMA-ZAIN-G-    (0)    1 :  0.165 0.005 0.014 0.004 0.007 0.140 0.056 0.047 0.021 0.216 0.013 0.312 
110 TMA-ZAIN-G-    (0)    1 :  0.008 0.075 0.022 0.110 0.078 0.254 0.016 0.027 0.018 0.222 0.126 0.045 
111 TMA-ZAIN-G-    (9)    1 :  0.014 0.134 0.006 0.025 0.072 0.207 0.028 0.023 0.004 0.015 0.046 0.427 
112 TMA-ZAIN-G-    (0)    1 :  0.017 0.067 0.014 0.014 0.097 0.147 0.024 0.045 0.042 0.262 0.042 0.229 
113 TMA-ZAIN-G-    (0)    1 :  0.009 0.009 0.006 0.005 0.005 0.013 0.022 0.004 0.006 0.006 0.019 0.896 
114 TMA-ZAIN-G-    (0)    1 :  0.002 0.012 0.006 0.010 0.005 0.004 0.004 0.004 0.002 0.002 0.003 0.946 
115 TMA-ZAIN-G-    (0)    1 :  0.003 0.007 0.003 0.004 0.004 0.004 0.004 0.005 0.004 0.003 0.003 0.958 
116 TMA-ZAIN-G-    (0)    1 :  0.010 0.003 0.005 0.002 0.004 0.926 0.011 0.006 0.006 0.009 0.013 0.006 
117 TMA-ZAIN-G-    (0)    1 :  0.291 0.004 0.054 0.003 0.010 0.148 0.042 0.044 0.079 0.188 0.127 0.010 
118 TMA-ZAIN-G-    (0)    1 :  0.023 0.003 0.006 0.003 0.005 0.890 0.010 0.009 0.017 0.014 0.014 0.006 
119 TMA-ZAIN-G-    (0)    1 :  0.029 0.015 0.005 0.015 0.019 0.820 0.009 0.018 0.005 0.009 0.032 0.023 
120 TMA-ZAIN-G-    (0)    1 :  0.024 0.004 0.013 0.003 0.011 0.805 0.014 0.020 0.054 0.019 0.024 0.009 
121 TMA-ZAIN-G-    (0)    1 :  0.152 0.004 0.011 0.003 0.007 0.613 0.026 0.037 0.020 0.066 0.049 0.013 
122 TMA-ZAIN-G-    (0)    1 :  0.035 0.005 0.118 0.008 0.007 0.309 0.012 0.119 0.013 0.196 0.174 0.005 
123 TMA-ZAIN-G-    (0)    1 :  0.004 0.019 0.008 0.004 0.014 0.005 0.004 0.006 0.013 0.005 0.005 0.914 
124 TMA-ZAIN-G-    (0)    1 :  0.003 0.003 0.007 0.002 0.005 0.009 0.004 0.006 0.010 0.940 0.006 0.005 
125 TMA-ZAIN-G-    (0)    1 :  0.041 0.002 0.008 0.002 0.004 0.006 0.091 0.005 0.024 0.805 0.007 0.003 
126 TMA-ZAIN-G-    (0)    1 :  0.005 0.003 0.006 0.003 0.004 0.017 0.009 0.004 0.037 0.901 0.006 0.005 
127 TMA-ZAIN-G-    (0)    1 :  0.006 0.003 0.005 0.003 0.003 0.010 0.004 0.004 0.010 0.946 0.005 0.003 
128 TMA-ZAIN-G-    (0)    1 :  0.021 0.003 0.006 0.002 0.004 0.014 0.006 0.011 0.009 0.913 0.007 0.004 
129 TMA-ZAIN-G-    (0)    1 :  0.005 0.003 0.007 0.003 0.004 0.008 0.006 0.005 0.014 0.932 0.006 0.007 
130 TMA-ZAIN-G-    (0)    1 :  0.009 0.003 0.007 0.002 0.005 0.029 0.042 0.009 0.072 0.806 0.008 0.007 
131 TMA-ZAIN-G-    (0)    1 :  0.004 0.003 0.009 0.002 0.005 0.009 0.004 0.007 0.012 0.934 0.005 0.005 
132 TMA-ZAIN-G-    (0)    1 :  0.036 0.003 0.006 0.002 0.003 0.019 0.028 0.010 0.012 0.866 0.012 0.004 
133 TMA-ZAIN-G-    (0)    1 :  0.097 0.006 0.048 0.021 0.015 0.048 0.025 0.012 0.124 0.538 0.064 0.003 
134 TMA-ZAIN-G-    (0)    1 :  0.080 0.004 0.044 0.012 0.007 0.070 0.024 0.005 0.297 0.397 0.057 0.003 
135 TMA-ZAIN-G-    (0)    1 :  0.026 0.003 0.034 0.012 0.005 0.526 0.013 0.003 0.019 0.182 0.173 0.004 
136 TMA-ZAIN-G-    (0)    1 :  0.578 0.004 0.006 0.006 0.004 0.184 0.020 0.009 0.008 0.096 0.077 0.006 
137 TMA-ZAIN-G-    (0)    1 :  0.006 0.004 0.021 0.015 0.007 0.795 0.006 0.004 0.005 0.043 0.089 0.005 
138 TMA-ZAIN-G-    (0)    1 :  0.012 0.003 0.004 0.003 0.003 0.307 0.014 0.004 0.025 0.602 0.020 0.004 
139 TMA-ZAIN-G-    (0)    1 :  0.013 0.003 0.013 0.009 0.004 0.458 0.077 0.003 0.018 0.343 0.052 0.004 
140 TMA-ZAIN-G-    (0)    1 :  0.009 0.004 0.005 0.005 0.004 0.672 0.004 0.009 0.007 0.104 0.176 0.003 
141 TMA-ZAIN-G-    (0)    1 :  0.008 0.004 0.011 0.003 0.005 0.342 0.006 0.006 0.022 0.090 0.497 0.006 
142 TMA-ZAIN-G-    (9)    1 :  0.012 0.003 0.007 0.003 0.004 0.632 0.004 0.006 0.006 0.054 0.265 0.003 
143 TMA-ZAIN-G-    (0)    1 :  0.013 0.003 0.006 0.003 0.004 0.608 0.005 0.010 0.010 0.270 0.065 0.004 
144 TMA-ZAIN-G-    (0)    1 :  0.006 0.005 0.010 0.007 0.010 0.757 0.023 0.022 0.013 0.129 0.015 0.003 
145 TMA-ZAIN-G-    (0)    1 :  0.313 0.002 0.005 0.002 0.004 0.464 0.017 0.008 0.007 0.046 0.130 0.003 
146 TMA-ZAIN-G-    (0)    1 :  0.006 0.003 0.004 0.003 0.003 0.136 0.003 0.003 0.005 0.007 0.824 0.003 
147 TMA-ZAIN-G-    (9)    1 :  0.009 0.003 0.005 0.004 0.003 0.221 0.004 0.004 0.006 0.009 0.729 0.003 
148 TMA-ZAIN-G-    (0)    1 :  0.005 0.003 0.005 0.003 0.004 0.186 0.039 0.003 0.106 0.082 0.562 0.003 
149 TMA-ZAIN-G-    (0)    1 :  0.007 0.018 0.030 0.005 0.011 0.334 0.063 0.016 0.038 0.111 0.349 0.018 
150 TMA-ZAIN-G-    (0)    1 :  0.049 0.015 0.015 0.004 0.009 0.503 0.089 0.015 0.018 0.020 0.244 0.019 
151 TMA-ZAIN-G-    (0)    1 :  0.010 0.002 0.003 0.002 0.003 0.892 0.004 0.006 0.015 0.051 0.008 0.003 
152 TMA-ZAIN-G-    (0)    1 :  0.006 0.002 0.003 0.002 0.003 0.952 0.004 0.004 0.007 0.008 0.006 0.003 
153 TMA-ZAIN-G-    (0)    1 :  0.014 0.002 0.003 0.002 0.003 0.814 0.012 0.004 0.028 0.093 0.021 0.003 
154 TMA-ZAIN-G-    (0)    1 :  0.005 0.002 0.004 0.002 0.003 0.955 0.004 0.004 0.004 0.007 0.006 0.003 
155 TMA-ZAIN-G-    (0)    1 :  0.007 0.003 0.005 0.003 0.004 0.941 0.003 0.004 0.006 0.009 0.012 0.004 
156 TMA-ZAIN-G-    (9)    1 :  0.004 0.002 0.003 0.003 0.004 0.856 0.012 0.004 0.045 0.053 0.008 0.006 
157 TMA-ZAIN-G-    (0)    1 :  0.005 0.003 0.005 0.003 0.004 0.787 0.006 0.004 0.104 0.060 0.015 0.004 
158 TMA-ZAIN-G-    (0)    1 :  0.004 0.003 0.003 0.003 0.005 0.937 0.004 0.005 0.004 0.010 0.020 0.003 
159 TMA-ZAIN-G-    (0)    1 :  0.010 0.002 0.004 0.002 0.003 0.679 0.005 0.003 0.004 0.009 0.273 0.004 
160 TMA-ZAIN-G-    (0)    1 :  0.019 0.002 0.004 0.002 0.002 0.831 0.006 0.003 0.004 0.006 0.117 0.005 
161 TMA-ZAIN-G-    (0)    1 :  0.007 0.003 0.006 0.003 0.005 0.748 0.022 0.006 0.022 0.129 0.048 0.003 
162 TMA-ZAIN-G-    (0)    1 :  0.006 0.015 0.010 0.005 0.006 0.897 0.012 0.008 0.004 0.010 0.009 0.019 
163 TMA-ZAIN-G-    (0)    1 :  0.004 0.002 0.003 0.002 0.003 0.961 0.003 0.003 0.003 0.006 0.007 0.003 
164 TMA-ZAIN-G-    (0)    1 :  0.006 0.003 0.006 0.003 0.003 0.938 0.005 0.004 0.004 0.008 0.014 0.004 
165 TMA-ZAIN-G-    (0)    1 :  0.006 0.002 0.003 0.002 0.003 0.946 0.003 0.004 0.004 0.009 0.014 0.004 
166 TMA-ZAIN-G-    (0)    1 :  0.012 0.002 0.006 0.002 0.003 0.681 0.009 0.004 0.006 0.090 0.182 0.003 
167 TMA-ZAIN-G-    (0)    1 :  0.005 0.004 0.007 0.004 0.006 0.114 0.005 0.007 0.007 0.034 0.803 0.005 
168 TMA-ZAIN-G-    (0)    1 :  0.012 0.003 0.005 0.003 0.005 0.016 0.005 0.005 0.031 0.011 0.898 0.007 
169 TMA-ZAIN-G-    (0)    1 :  0.075 0.003 0.006 0.002 0.003 0.026 0.005 0.003 0.005 0.006 0.862 0.003 
170 TMA-ZAIN-G-    (0)    1 :  0.020 0.006 0.005 0.010 0.028 0.080 0.004 0.007 0.104 0.135 0.587 0.013 
171 TMA-ZAIN-G-    (0)    1 :  0.015 0.003 0.004 0.003 0.003 0.018 0.004 0.003 0.004 0.005 0.936 0.003 
172 TMA-ZAIN-G-    (0)    1 :  0.005 0.003 0.006 0.004 0.005 0.045 0.003 0.005 0.020 0.802 0.096 0.003 
173 TMA-ZAIN-G-    (0)    1 :  0.006 0.003 0.006 0.004 0.006 0.020 0.005 0.007 0.017 0.873 0.050 0.003 
174 TMA-ZAIN-G-    (0)    1 :  0.052 0.002 0.005 0.003 0.003 0.099 0.008 0.005 0.005 0.680 0.134 0.003 
175 TMA-ZAIN-G-    (0)    1 :  0.007 0.003 0.005 0.003 0.003 0.023 0.004 0.004 0.004 0.006 0.935 0.003 
176 TMA-ZAIN-G-    (0)    1 :  0.006 0.003 0.005 0.003 0.004 0.049 0.003 0.004 0.005 0.007 0.909 0.003 
177 TMA-ZAIN-G-    (0)    1 :  0.004 0.003 0.005 0.004 0.005 0.159 0.003 0.004 0.026 0.030 0.753 0.004 
178 TMA-ZAIN-G-    (0)    1 :  0.005 0.003 0.005 0.005 0.006 0.194 0.004 0.009 0.075 0.475 0.213 0.005 
179 TMA-ZAIN-G-    (0)    1 :  0.009 0.002 0.007 0.003 0.005 0.291 0.005 0.006 0.039 0.132 0.499 0.003 
180 TMA-ZAIN-G-    (0)    1 :  0.061 0.005 0.033 0.009 0.005 0.029 0.012 0.011 0.021 0.797 0.013 0.004 
181 TMA-ZAIN-G-    (0)    1 :  0.006 0.002 0.003 0.003 0.004 0.056 0.005 0.004 0.187 0.710 0.016 0.005 
182 TMA-ZAIN-G-    (0)    1 :  0.003 0.003 0.006 0.003 0.004 0.030 0.005 0.004 0.123 0.802 0.008 0.007 
183 TMA-ZAIN-G-    (0)    1 :  0.005 0.003 0.004 0.003 0.004 0.041 0.004 0.004 0.211 0.700 0.016 0.004 
184 TMA-ZAIN-G-    (0)    1 :  0.008 0.017 0.019 0.006 0.011 0.066 0.018 0.014 0.038 0.764 0.013 0.026 
185 TMA-ZAIN-G-    (0)    1 :  0.005 0.025 0.012 0.007 0.010 0.009 0.021 0.035 0.004 0.853 0.008 0.011 
186 TMA-ZAIN-G-    (9)    1 :  0.005 0.005 0.005 0.005 0.007 0.010 0.005 0.010 0.005 0.925 0.015 0.003 
187 TMA-ZAIN-G-    (0)    1 :  0.013 0.003 0.004 0.003 0.005 0.027 0.003 0.005 0.017 0.871 0.045 0.004 
188 TMA-ZAIN-G-    (0)    1 :  0.017 0.003 0.003 0.002 0.004 0.015 0.003 0.004 0.006 0.912 0.028 0.003 
189 TMA-ZAIN-G-    (0)    1 :  0.011 0.002 0.004 0.003 0.003 0.007 0.002 0.003 0.008 0.949 0.005 0.002 
190 TMA-ZAIN-G-    (0)    1 :  0.024 0.003 0.004 0.004 0.007 0.023 0.005 0.007 0.076 0.778 0.068 0.003 
191 TMA-ZAIN-G-    (0)    1 :  0.005 0.021 0.014 0.009 0.008 0.008 0.009 0.010 0.005 0.889 0.012 0.011 
192 TMA-ZAIN-G-    (0)    1 :  0.005 0.004 0.014 0.026 0.006 0.008 0.004 0.003 0.029 0.885 0.012 0.003 
193 TMA-ZAIN-G-    (0)    1 :  0.004 0.002 0.003 0.002 0.003 0.003 0.004 0.003 0.966 0.004 0.003 0.003 
194 TMA-ZAIN-G-    (0)    1 :  0.011 0.006 0.004 0.008 0.010 0.005 0.012 0.018 0.874 0.043 0.007 0.002 
195 TMA-ZAIN-G-    (0)    1 :  0.039 0.002 0.004 0.003 0.012 0.016 0.006 0.005 0.808 0.059 0.044 0.003 
196 TMA-ZAIN-G-    (0)    1 :  0.011 0.002 0.004 0.003 0.003 0.006 0.005 0.005 0.941 0.012 0.004 0.003 
197 TMA-ZAIN-G-    (0)    1 :  0.009 0.003 0.006 0.002 0.004 0.007 0.005 0.005 0.940 0.009 0.008 0.003 
198 TMA-ZAIN-G-    (0)    1 :  0.008 0.002 0.004 0.004 0.003 0.008 0.005 0.003 0.940 0.012 0.009 0.003 
199 TMA-ZAIN-G-    (0)    1 :  0.004 0.004 0.004 0.004 0.005 0.010 0.006 0.009 0.006 0.937 0.009 0.003 
200 TMA-ZAIN-G-    (0)    1 :  0.006 0.046 0.007 0.779 0.038 0.004 0.011 0.023 0.050 0.006 0.005 0.025 
201 TMA-ZAIN-G-    (0)    1 :  0.021 0.055 0.012 0.795 0.024 0.013 0.007 0.027 0.007 0.011 0.018 0.010 
202 TMA-ZAIN-G-    (0)    1 :  0.002 0.003 0.003 0.949 0.006 0.004 0.002 0.003 0.012 0.005 0.003 0.007 
203 TMA-ZAIN-G-    (0)    1 :  0.004 0.003 0.005 0.002 0.004 0.032 0.006 0.006 0.837 0.063 0.016 0.023 
204 TMA-ZAIN-G-    (9)    1 :  0.004 0.020 0.118 0.761 0.042 0.003 0.018 0.007 0.004 0.004 0.006 0.012 
205 TMA-ZAIN-G-    (0)    1 :  0.005 0.004 0.011 0.815 0.032 0.080 0.008 0.005 0.008 0.007 0.018 0.007 
206 TMA-ZAIN-G-    (9)    1 :  0.008 0.011 0.214 0.607 0.023 0.015 0.019 0.017 0.022 0.016 0.017 0.031 
207 TMA-ZAIN-G-    (9)    1 :  0.067 0.011 0.072 0.004 0.030 0.585 0.061 0.077 0.011 0.031 0.041 0.010 
208 TMA-ZAIN-G-    (0)    1 :  0.042 0.003 0.002 0.004 0.003 0.693 0.004 0.010 0.004 0.031 0.200 0.003 
209 TMA-ZAIN-G-    (0)    1 :  0.016 0.003 0.010 0.003 0.004 0.078 0.056 0.003 0.223 0.446 0.157 0.003 
210 TMA-ZAIN-G-    (0)    1 :  0.119 0.003 0.013 0.002 0.005 0.103 0.014 0.008 0.411 0.188 0.130 0.004 
211 TMA-ZAIN-G-    (0)    1 :  0.024 0.016 0.010 0.019 0.020 0.063 0.012 0.020 0.099 0.581 0.125 0.011 
212 TMA-ZAIN-G-    (0)    1 :  0.017 0.004 0.026 0.009 0.005 0.281 0.007 0.011 0.021 0.584 0.032 0.003 
213 TMA-ZAIN-G-    (0)    1 :  0.008 0.004 0.004 0.004 0.005 0.310 0.008 0.004 0.027 0.541 0.081 0.003 
214 TMA-ZAIN-G-    (0)    1 :  0.048 0.003 0.004 0.003 0.004 0.149 0.008 0.004 0.027 0.661 0.086 0.003 
215 TMA-ZAIN-G-    (0)    1 :  0.005 0.007 0.003 0.011 0.271 0.120 0.002 0.005 0.005 0.304 0.263 0.003 
216 TMA-ZAIN-G-    (0)    1 :  0.005 0.004 0.005 0.004 0.005 0.022 0.007 0.005 0.009 0.916 0.014 0.003 
217 TMA-ZAIN-G-    (0)    1 :  0.127 0.003 0.008 0.003 0.004 0.089 0.008 0.003 0.103 0.383 0.265 0.004 
218 TMA-ZAIN-G-    (0)    1 :  0.008 0.003 0.004 0.003 0.938 0.005 0.005 0.011 0.003 0.008 0.006 0.005 
219 TMA-ZAIN-G-    (0)    1 :  0.003 0.004 0.011 0.011 0.937 0.004 0.007 0.007 0.003 0.005 0.004 0.005 
220 TMA-ZAIN-G-    (0)    1 :  0.013 0.008 0.010 0.002 0.809 0.029 0.006 0.057 0.006 0.008 0.009 0.042 
221 TMA-ZAIN-G-    (0)    1 :  0.006 0.005 0.011 0.032 0.883 0.009 0.005 0.010 0.007 0.017 0.010 0.004 
222 TMA-ZAIN-G-    (0)    1 :  0.009 0.005 0.018 0.005 0.908 0.011 0.008 0.005 0.004 0.007 0.008 0.012 
223 TMA-ZAIN-G-    (0)    1 :  0.005 0.007 0.012 0.006 0.928 0.005 0.005 0.016 0.003 0.004 0.004 0.005 
224 TMA-ZAIN-G-    (0)    1 :  0.004 0.012 0.079 0.005 0.843 0.005 0.007 0.010 0.008 0.014 0.005 0.008 
225 TMA-ZAIN-G-    (0)    1 :  0.002 0.007 0.005 0.007 0.935 0.003 0.003 0.010 0.010 0.005 0.003 0.009 
226 TMA-ZAIN-G-    (0)    1 :  0.005 0.007 0.009 0.006 0.905 0.007 0.005 0.011 0.019 0.008 0.007 0.011 
227 TMA-ZAIN-G-    (0)    1 :  0.004 0.005 0.005 0.020 0.909 0.008 0.004 0.006 0.016 0.008 0.007 0.007 
228 TMA-ZAIN-G-    (0)    1 :  0.009 0.016 0.015 0.004 0.874 0.012 0.006 0.014 0.007 0.009 0.023 0.011 
229 TMA-ZAIN-G-    (0)    1 :  0.008 0.015 0.008 0.011 0.920 0.003 0.005 0.008 0.002 0.003 0.004 0.014 
230 TMA-ZAIN-G-    (0)    1 :  0.013 0.009 0.271 0.003 0.573 0.007 0.013 0.010 0.013 0.027 0.042 0.018 
231 TMA-ZAIN-G-    (0)    1 :  0.014 0.405 0.074 0.020 0.273 0.037 0.023 0.012 0.011 0.011 0.034 0.086 
232 TMA-ZAIN-G-    (9)    1 :  0.053 0.510 0.016 0.015 0.218 0.012 0.014 0.004 0.010 0.025 0.016 0.105 
233 TMA-ZAIN-G-    (0)    1 :  0.044 0.007 0.020 0.018 0.815 0.011 0.011 0.023 0.008 0.014 0.024 0.005 
234 TMA-ZAIN-G-    (0)    1 :  0.006 0.030 0.005 0.026 0.710 0.009 0.026 0.009 0.010 0.004 0.005 0.161 
235 TMA-ZAIN-G-    (0)    1 :  0.005 0.014 0.027 0.010 0.690 0.016 0.009 0.028 0.023 0.034 0.037 0.107 
236 TMA-ZAIN-G-    (0)    1 :  0.007 0.010 0.050 0.023 0.815 0.011 0.003 0.008 0.023 0.010 0.012 0.028 
237 TMA-ZAIN-G-    (0)    1 :  0.012 0.011 0.142 0.005 0.413 0.034 0.006 0.017 0.009 0.032 0.198 0.123 
238 TMA-ZAIN-G-    (0)    1 :  0.005 0.011 0.006 0.023 0.808 0.032 0.003 0.008 0.007 0.027 0.029 0.042 
239 TMA-ZAIN-G-    (0)    1 :  0.009 0.019 0.094 0.678 0.026 0.004 0.048 0.004 0.077 0.019 0.004 0.018 
240 TMA-ZAIN-G-    (0)    1 :  0.002 0.004 0.004 0.964 0.005 0.002 0.004 0.002 0.003 0.003 0.003 0.003 
241 TMA-ZAIN-G-    (0)    1 :  0.003 0.003 0.003 0.966 0.003 0.003 0.003 0.002 0.003 0.003 0.004 0.003 
242 TMA-ZAIN-G-    (0)    1 :  0.003 0.004 0.003 0.968 0.003 0.003 0.003 0.002 0.002 0.003 0.003 0.003 
243 TMA-ZAIN-G-    (0)    1 :  0.003 0.003 0.003 0.966 0.003 0.004 0.003 0.002 0.003 0.003 0.005 0.002 
244 TMA-ZAIN-G-    (0)    1 :  0.004 0.003 0.002 0.963 0.003 0.005 0.003 0.002 0.003 0.003 0.005 0.003 
245 TMA-ZAIN-G-    (9)    1 :  0.002 0.004 0.003 0.969 0.003 0.002 0.003 0.002 0.003 0.002 0.003 0.003 
246 TMA-ZAIN-G-    (0)    1 :  0.002 0.003 0.003 0.970 0.004 0.002 0.002 0.003 0.002 0.003 0.002 0.002 
247 TMA-ZAIN-G-    (0)    1 :  0.003 0.003 0.002 0.974 0.003 0.002 0.002 0.003 0.002 0.002 0.002 0.002 
248 TMA-ZAIN-G-    (0)    1 :  0.003 0.003 0.003 0.963 0.004 0.003 0.003 0.003 0.005 0.003 0.004 0.003 
249 TMA-ZAIN-G-    (0)    1 :  0.002 0.003 0.003 0.969 0.003 0.002 0.002 0.003 0.004 0.003 0.002 0.002 
250 TMA-ZAIN-G-    (0)    1 :  0.003 0.003 0.003 0.969 0.003 0.002 0.002 0.003 0.003 0.003 0.002 0.002 
251 TMA-ZAIN-G-    (0)    1 :  0.004 0.003 0.009 0.002 0.004 0.004 0.951 0.006 0.005 0.004 0.003 0.005 
252 TMA-ZAIN-G-    (0)    1 :  0.028 0.003 0.004 0.004 0.008 0.026 0.872 0.003 0.005 0.006 0.039 0.003 
253 TMA-ZAIN-G-    (0)    1 :  0.005 0.003 0.004 0.005 0.003 0.008 0.953 0.003 0.004 0.004 0.004 0.005 
254 TMA-ZAIN-G-    (9)    1 :  0.009 0.003 0.006 0.003 0.004 0.021 0.919 0.006 0.005 0.008 0.009 0.007 
255 TMA-ZAIN-G-    (0)    1 :  0.007 0.022 0.004 0.003 0.004 0.006 0.931 0.003 0.004 0.004 0.004 0.009 
256 TMA-ZAIN-G-    (0)    1 :  0.005 0.006 0.021 0.015 0.005 0.008 0.890 0.004 0.024 0.008 0.008 0.006 
257 TMA-ZAIN-G-    (0)    1 :  0.003 0.004 0.013 0.005 0.004 0.003 0.940 0.003 0.014 0.004 0.003 0.004 
258 TMA-ZAIN-G-    (0)    1 :  0.004 0.002 0.007 0.004 0.003 0.003 0.960 0.003 0.005 0.003 0.003 0.003 
259 TMA-ZAIN-G-    (0)    1 :  0.005 0.004 0.022 0.006 0.004 0.003 0.935 0.004 0.006 0.004 0.003 0.003 
260 TMA-ZAIN-G-    (0)    1 :  0.008 0.004 0.013 0.004 0.004 0.003 0.941 0.005 0.005 0.004 0.004 0.003 
261 TMA-ZAIN-G-   (18)    1 :  0.009 0.005 0.018 0.003 0.005 0.005 0.916 0.013 0.009 0.007 0.005 0.004 
262 TMA-ZAIN-G-    (0)    1 :  0.003 0.003 0.007 0.003 0.004 0.003 0.956 0.003 0.006 0.004 0.003 0.004 
263 TMA-ZAIN-G-    (0)    1 :  0.003 0.004 0.008 0.003 0.004 0.004 0.956 0.004 0.004 0.003 0.003 0.005 
264 TMA-ZAIN-G-    (0)    1 :  0.004 0.004 0.006 0.003 0.004 0.005 0.951 0.004 0.006 0.003 0.004 0.007 
265 TMA-ZAIN-G-    (0)    1 :  0.026 0.006 0.446 0.018 0.242 0.024 0.146 0.027 0.012 0.024 0.021 0.009 
266 TMA-ZAIN-G-    (0)    1 :  0.024 0.011 0.019 0.006 0.012 0.039 0.622 0.078 0.053 0.106 0.018 0.011 
267 TMA-ZAIN-G-    (0)    1 :  0.020 0.360 0.268 0.026 0.019 0.010 0.149 0.089 0.007 0.011 0.023 0.018 
268 TMA-ZAIN-G-    (0)    1 :  0.003 0.959 0.004 0.003 0.004 0.003 0.003 0.004 0.002 0.003 0.003 0.008 
269 TMA-ZAIN-G-    (0)    1 :  0.003 0.932 0.013 0.003 0.008 0.004 0.004 0.006 0.004 0.004 0.004 0.014 
270 TMA-ZAIN-G-    (0)    1 :  0.003 0.921 0.031 0.004 0.006 0.004 0.004 0.007 0.003 0.003 0.004 0.010 
271 TMA-ZAIN-G-    (0)    1 :  0.002 0.952 0.008 0.004 0.005 0.003 0.004 0.004 0.002 0.003 0.004 0.008 
272 TMA-ZAIN-G-    (0)    1 :  0.002 0.941 0.010 0.005 0.010 0.003 0.003 0.008 0.003 0.004 0.004 0.008 
273 TMA-ZAIN-G-    (0)    1 :  0.002 0.950 0.005 0.006 0.011 0.002 0.003 0.004 0.003 0.003 0.003 0.007 
274 TMA-ZAIN-G-    (0)    1 :  0.007 0.901 0.007 0.005 0.012 0.005 0.007 0.008 0.021 0.012 0.009 0.008 
275 TMA-ZAIN-G-    (0)    1 :  0.002 0.965 0.003 0.004 0.005 0.003 0.002 0.003 0.003 0.003 0.003 0.004 
276 TMA-ZAIN-G-    (0)    1 :  0.004 0.956 0.004 0.005 0.005 0.005 0.002 0.003 0.003 0.003 0.005 0.006 
277 TMA-ZAIN-G-    (0)    1 :  0.005 0.933 0.004 0.017 0.006 0.005 0.005 0.004 0.004 0.004 0.006 0.007 
278 TMA-ZAIN-G-    (0)    1 :  0.003 0.950 0.007 0.012 0.006 0.003 0.004 0.004 0.003 0.003 0.003 0.004 
279 TMA-ZAIN-G-    (0)    1 :  0.002 0.953 0.003 0.005 0.007 0.003 0.003 0.006 0.004 0.004 0.003 0.006 
280 TMA-ZAIN-G-    (0)    1 :  0.002 0.915 0.005 0.006 0.020 0.005 0.003 0.007 0.006 0.006 0.004 0.021 
281 TMA-ZAIN-G-    (0)    1 :  0.003 0.933 0.006 0.010 0.010 0.004 0.004 0.005 0.005 0.004 0.003 0.015 
282 TMA-ZAIN-G-    (9)    1 :  0.002 0.954 0.005 0.008 0.005 0.003 0.004 0.004 0.003 0.003 0.003 0.007 
283 TMA-ZAIN-G-    (0)    1 :  0.007 0.684 0.030 0.011 0.038 0.016 0.121 0.035 0.004 0.008 0.011 0.036 
284 TMA-ZAIN-G-    (0)    1 :  0.005 0.568 0.056 0.007 0.077 0.018 0.136 0.042 0.006 0.013 0.011 0.063 
285 TMA-ZAIN-G-    (0)    1 :  0.018 0.808 0.008 0.017 0.021 0.013 0.042 0.016 0.008 0.015 0.016 0.018 
286 TMA-ZAIN-G-    (0)    1 :  0.002 0.948 0.009 0.006 0.006 0.003 0.005 0.005 0.003 0.003 0.003 0.008 
287 TMA-ZAIN-G-    (0)    1 :  0.005 0.938 0.006 0.007 0.005 0.003 0.005 0.005 0.007 0.006 0.005 0.007 
288 TMA-ZAIN-G-    (0)    1 :  0.008 0.811 0.007 0.004 0.022 0.009 0.009 0.035 0.034 0.024 0.015 0.021 
289 TMA-ZAIN-G-    (0)    1 :  0.008 0.912 0.007 0.005 0.007 0.004 0.007 0.010 0.013 0.009 0.008 0.009 
290 TMA-ZAIN-G-    (0)    1 :  0.003 0.815 0.007 0.004 0.020 0.008 0.008 0.022 0.010 0.010 0.006 0.088 
291 TMA-ZAIN-G-    (0)    1 :  0.004 0.012 0.009 0.007 0.894 0.005 0.008 0.036 0.005 0.005 0.004 0.011 
292 TMA-ZAIN-G-    (0)    1 :  0.007 0.010 0.008 0.012 0.023 0.170 0.005 0.009 0.025 0.129 0.593 0.009 
293 TMA-ZAIN-G-    (0)    1 :  0.029 0.003 0.059 0.026 0.013 0.473 0.012 0.016 0.028 0.088 0.249 0.004 
294 TMA-ZAIN-G-    (0)    1 :  0.010 0.003 0.012 0.005 0.004 0.077 0.005 0.005 0.004 0.011 0.862 0.003 
295 TMA-ZAIN-G-    (9)    1 :  0.013 0.006 0.012 0.007 0.006 0.098 0.005 0.015 0.005 0.015 0.813 0.003 
296 TMA-ZAIN-G-    (0)    1 :  0.006 0.007 0.039 0.005 0.011 0.468 0.007 0.014 0.052 0.041 0.338 0.013 
297 TMA-ZAIN-G-    (0)    1 :  0.023 0.006 0.021 0.006 0.008 0.609 0.022 0.012 0.123 0.077 0.087 0.006 
298 TMA-ZAIN-G-    (0)    1 :  0.009 0.011 0.138 0.005 0.010 0.056 0.014 0.008 0.005 0.010 0.729 0.007 
299 TMA-ZAIN-G-    (0)    1 :  0.007 0.004 0.003 0.005 0.005 0.010 0.003 0.003 0.004 0.005 0.946 0.003 
300 TMA-ZAIN-G-    (0)    1 :  0.031 0.005 0.008 0.007 0.006 0.017 0.006 0.013 0.007 0.035 0.862 0.003 
301 TMA-ZAIN-G-    (0)    1 :  0.028 0.004 0.013 0.014 0.008 0.039 0.005 0.008 0.038 0.056 0.783 0.005 
302 TMA-ZAIN-G-    (9)    1 :  0.008 0.003 0.014 0.003 0.005 0.179 0.005 0.006 0.016 0.064 0.694 0.004 
303 TMA-ZAIN-G-    (0)    1 :  0.002 0.007 0.007 0.003 0.865 0.004 0.019 0.010 0.052 0.016 0.003 0.011 
304 TMA-ZAIN-G-    (0)    2 :  0.145 0.007 0.014 0.008 0.006 0.093 0.517 0.018 0.036 0.122 0.018 0.015 
305 TMA-ZAIN-G-    (0)    2 :  0.023 0.004 0.022 0.005 0.004 0.504 0.007 0.009 0.012 0.052 0.353 0.004 
306 TMA-ZAIN-G-    (0)    2 :  0.015 0.026 0.008 0.013 0.008 0.214 0.395 0.012 0.021 0.040 0.167 0.081 
307 TMA-ZAIN-G-    (0)    2 :  0.319 0.010 0.014 0.015 0.005 0.099 0.357 0.014 0.015 0.126 0.018 0.010 
308 TMA-ZAIN-G-    (0)    2 :  0.012 0.014 0.012 0.012 0.108 0.004 0.724 0.062 0.012 0.007 0.005 0.028 
309 TMA-ZAIN-G-    (0)    2 :  0.007 0.003 0.004 0.003 0.004 0.014 0.003 0.005 0.024 0.913 0.017 0.003 
310 TMA-ZAIN-G-    (0)    2 :  0.011 0.014 0.053 0.010 0.011 0.102 0.010 0.013 0.003 0.052 0.713 0.005 
311 TMA-ZAIN-G-    (0)    2 :  0.007 0.014 0.091 0.002 0.022 0.510 0.030 0.022 0.019 0.090 0.163 0.031 
312 TMA-ZAIN-G-    (0)    2 :  0.008 0.005 0.005 0.004 0.010 0.037 0.009 0.030 0.016 0.829 0.042 0.005 
313 TMA-ZAIN-G-    (0)    2 :  0.040 0.006 0.028 0.003 0.005 0.079 0.540 0.009 0.020 0.097 0.163 0.011 
314 TMA-ZAIN-G-    (0)    2 :  0.007 0.410 0.016 0.003 0.021 0.007 0.012 0.283 0.012 0.028 0.007 0.194 
