

----------------------------------------------------
STRUCTURE by Pritchard, Stephens and Donnelly (2000)
     and Falush, Stephens and Pritchard (2003)
       Code by Pritchard, Falush and Hubisz
             Version 2.3.4 (Jul 2012)
----------------------------------------------------



Command line arguments:   bin\structure -m C:\Users\eschumacher\Documents\GitHub\GCC_QUAC_ZAIN\Data_Files\Structure_Files\ZAIN\ZAIN_rebinned_allpop_str\50-50\mainparams -e C:\Users\eschumacher\Documents\GitHub\GCC_QUAC_ZAIN\Data_Files\Structure_Files\ZAIN\ZAIN_rebinned_allpop_str\50-50\extraparams 
Input File:    C:\Users\eschumacher\Documents\GitHub\GCC_QUAC_ZAIN\Data_Files\Structure_Files\ZAIN\ZAIN_rebinned_allpop_str\project_data

Run parameters:
   1133 individuals
   11 loci
   13 populations assumed
   50000 Burn-in period
   50000 Reps


--------------------------------------------
Proportion of membership of each pre-defined
 population in each of the 13 clusters

Given    Inferred Clusters                                                                             Number of
 Pop       1      2      3      4      5      6      7      8      9     10     11     12     13      Individuals

  1:     0.027  0.091  0.122  0.037  0.052  0.075  0.108  0.044  0.093  0.069  0.087  0.076  0.118      303
  2:     0.046  0.107  0.145  0.038  0.014  0.174  0.059  0.026  0.067  0.013  0.093  0.050  0.168       15
  3:     0.016  0.054  0.016  0.010  0.221  0.005  0.025  0.017  0.387  0.012  0.152  0.010  0.075        2
  4:     0.263  0.034  0.189  0.022  0.007  0.034  0.094  0.019  0.104  0.006  0.032  0.037  0.160        2
  5:     0.018  0.020  0.062  0.060  0.201  0.015  0.096  0.022  0.348  0.016  0.060  0.030  0.052        7
  6:     0.007  0.652  0.125  0.009  0.107  0.007  0.013  0.033  0.006  0.006  0.014  0.006  0.017       13
  7:     0.006  0.936  0.005  0.003  0.004  0.003  0.004  0.006  0.010  0.007  0.004  0.008  0.004       13
  8:     0.014  0.007  0.157  0.073  0.053  0.010  0.497  0.025  0.015  0.023  0.050  0.010  0.067        7
  9:     0.039  0.016  0.310  0.024  0.046  0.010  0.094  0.023  0.014  0.006  0.064  0.050  0.304       11
 10:     0.067  0.009  0.065  0.021  0.025  0.024  0.395  0.018  0.132  0.009  0.093  0.074  0.070        9
 11:     0.009  0.015  0.006  0.005  0.004  0.005  0.011  0.013  0.010  0.042  0.008  0.862  0.009       35
 12:     0.008  0.004  0.123  0.024  0.014  0.020  0.203  0.019  0.007  0.004  0.215  0.006  0.352       36
 13:     0.012  0.005  0.059  0.032  0.020  0.009  0.139  0.010  0.006  0.006  0.171  0.005  0.525       33
 14:     0.009  0.015  0.008  0.011  0.009  0.854  0.009  0.043  0.006  0.007  0.008  0.008  0.015       40
 15:     0.005  0.003  0.027  0.006  0.915  0.006  0.006  0.006  0.004  0.003  0.007  0.004  0.008       39
 16:     0.380  0.056  0.020  0.029  0.012  0.026  0.034  0.016  0.145  0.020  0.029  0.198  0.034       40
 17:     0.062  0.037  0.010  0.018  0.010  0.020  0.009  0.044  0.662  0.046  0.013  0.054  0.015       37
 18:     0.006  0.003  0.063  0.021  0.011  0.006  0.614  0.008  0.004  0.003  0.057  0.005  0.200       40
 19:     0.007  0.021  0.006  0.003  0.015  0.005  0.005  0.040  0.007  0.004  0.004  0.877  0.006       28
 20:     0.005  0.004  0.005  0.006  0.005  0.013  0.004  0.934  0.004  0.005  0.005  0.004  0.006       14
 21:     0.016  0.014  0.013  0.006  0.030  0.008  0.010  0.024  0.027  0.817  0.009  0.011  0.014       13
 22:     0.006  0.003  0.887  0.008  0.024  0.019  0.013  0.006  0.004  0.002  0.011  0.005  0.011       14
 23:     0.005  0.003  0.016  0.022  0.008  0.006  0.018  0.007  0.004  0.004  0.782  0.004  0.120       25
 24:     0.005  0.005  0.008  0.909  0.006  0.008  0.012  0.006  0.005  0.006  0.011  0.006  0.013       40
 25:     0.021  0.010  0.052  0.009  0.018  0.723  0.028  0.038  0.013  0.009  0.018  0.030  0.032       32
 26:     0.003  0.004  0.003  0.003  0.003  0.003  0.003  0.004  0.004  0.962  0.003  0.003  0.003       20
 27:     0.219  0.033  0.010  0.006  0.004  0.007  0.017  0.015  0.044  0.003  0.008  0.626  0.009        4
 28:     0.027  0.056  0.014  0.012  0.005  0.010  0.075  0.011  0.012  0.004  0.016  0.738  0.020       23
 29:     0.010  0.018  0.006  0.005  0.006  0.009  0.007  0.006  0.017  0.004  0.005  0.902  0.006       39
 30:     0.005  0.926  0.004  0.004  0.004  0.004  0.005  0.014  0.006  0.006  0.005  0.011  0.005       38
 31:     0.011  0.004  0.618  0.049  0.158  0.009  0.029  0.007  0.006  0.005  0.026  0.004  0.074       45
 32:     0.008  0.004  0.286  0.023  0.155  0.013  0.105  0.019  0.009  0.011  0.119  0.005  0.243       28
 33:     0.010  0.006  0.004  0.005  0.007  0.006  0.005  0.006  0.016  0.015  0.004  0.910  0.005        6
 34:     0.873  0.008  0.011  0.013  0.009  0.006  0.006  0.011  0.032  0.004  0.007  0.012  0.008       40
 35:     0.035  0.029  0.020  0.011  0.009  0.010  0.007  0.019  0.783  0.043  0.009  0.016  0.010       42
--------------------------------------------

Allele-freq. divergence among pops (Net nucleotide distance),
computed using point estimates of P.

      1       2       3       4       5       6       7       8       9      10      11      12      13      
 1      -    0.1921  0.1130  0.1725  0.2170  0.1732  0.1813  0.1639  0.0896  0.3520  0.1778  0.1605  0.1435  
 2   0.1921     -    0.3031  0.3777  0.3597  0.2776  0.3636  0.2347  0.1258  0.2074  0.3078  0.1276  0.3008  
 3   0.1130  0.3031     -    0.1357  0.1297  0.1903  0.0805  0.1807  0.1541  0.3881  0.1015  0.2436  0.0579  
 4   0.1725  0.3777  0.1357     -    0.2737  0.2197  0.1445  0.2743  0.2813  0.4734  0.1152  0.3527  0.1249  
 5   0.2170  0.3597  0.1297  0.2737     -    0.1961  0.2751  0.2308  0.1841  0.4548  0.2308  0.2805  0.2177  
 6   0.1732  0.2776  0.1903  0.2197  0.1961     -    0.2569  0.1961  0.1637  0.3775  0.2295  0.1800  0.2344  
 7   0.1813  0.3636  0.0805  0.1445  0.2751  0.2569     -    0.2543  0.2338  0.4503  0.0769  0.2482  0.0426  
 8   0.1639  0.2347  0.1807  0.2743  0.2308  0.1961  0.2543     -    0.1418  0.3315  0.1974  0.2266  0.1782  
 9   0.0896  0.1258  0.1541  0.2813  0.1841  0.1637  0.2338  0.1418     -    0.2123  0.1899  0.0985  0.1865  
10   0.3520  0.2074  0.3881  0.4734  0.4548  0.3775  0.4503  0.3315  0.2123     -    0.3851  0.3193  0.3681  
11   0.1778  0.3078  0.1015  0.1152  0.2308  0.2295  0.0769  0.1974  0.1899  0.3851     -    0.2542  0.0446  
12   0.1605  0.1276  0.2436  0.3527  0.2805  0.1800  0.2482  0.2266  0.0985  0.3193  0.2542     -    0.2430  
13   0.1435  0.3008  0.0579  0.1249  0.2177  0.2344  0.0426  0.1782  0.1865  0.3681  0.0446  0.2430     -    

Average distances (expected heterozygosity) between individuals in same cluster:
cluster  1  : 0.4735 
cluster  2  : 0.3763 
cluster  3  : 0.4321 
cluster  4  : 0.3536 
cluster  5  : 0.2574 
cluster  6  : 0.3793 
cluster  7  : 0.3472 
cluster  8  : 0.2674 
cluster  9  : 0.5282 
cluster 10  : 0.2406 
cluster 11  : 0.3994 
cluster 12  : 0.4707 
cluster 13  : 0.3812 

--------------------------------------------
Estimated Ln Prob of Data   = -20396.6
Mean value of ln likelihood = -19557.7
Variance of ln likelihood   = 1677.7
Mean value of alpha         = 0.0338

Mean value of Fst_1         = 0.2787
Mean value of Fst_2         = 0.5663
Mean value of Fst_3         = 0.3496
Mean value of Fst_4         = 0.4413
Mean value of Fst_5         = 0.5669
Mean value of Fst_6         = 0.4417
Mean value of Fst_7         = 0.3949
Mean value of Fst_8         = 0.5943
Mean value of Fst_9         = 0.1573
Mean value of Fst_10         = 0.6545
Mean value of Fst_11         = 0.3555
Mean value of Fst_12         = 0.3808
Mean value of Fst_13         = 0.3442


Inferred ancestry of individuals:
        Label (%Miss) Pop:  Inferred clusters
  1 TMA-ZAIN-G-    (9)    1 :  0.019 0.015 0.039 0.007 0.102 0.011 0.028 0.008 0.052 0.004 0.008 0.693 0.014 
  2 TMA-ZAIN-G-    (0)    1 :  0.009 0.016 0.010 0.004 0.008 0.023 0.018 0.020 0.023 0.004 0.205 0.640 0.020 
  3 TMA-ZAIN-G-    (0)    1 :  0.026 0.003 0.185 0.094 0.032 0.011 0.473 0.009 0.005 0.003 0.038 0.006 0.114 
  4 TMA-ZAIN-G-    (0)    1 :  0.006 0.005 0.011 0.062 0.017 0.020 0.147 0.611 0.006 0.003 0.021 0.010 0.081 
  5 TMA-ZAIN-G-    (0)    1 :  0.005 0.006 0.002 0.002 0.002 0.006 0.003 0.005 0.003 0.004 0.002 0.956 0.003 
  6 TMA-ZAIN-G-    (0)    1 :  0.455 0.018 0.110 0.067 0.017 0.020 0.075 0.038 0.034 0.021 0.021 0.036 0.088 
  7 TMA-ZAIN-G-    (0)    1 :  0.016 0.006 0.108 0.008 0.038 0.011 0.071 0.095 0.012 0.005 0.044 0.012 0.575 
  8 TMA-ZAIN-G-    (0)    1 :  0.008 0.003 0.834 0.023 0.007 0.020 0.041 0.005 0.004 0.002 0.024 0.006 0.024 
  9 TMA-ZAIN-G-    (9)    1 :  0.030 0.006 0.169 0.024 0.008 0.005 0.100 0.009 0.006 0.004 0.174 0.007 0.461 
 10 TMA-ZAIN-G-    (0)    1 :  0.025 0.004 0.207 0.030 0.013 0.009 0.048 0.011 0.005 0.004 0.071 0.003 0.570 
 11 TMA-ZAIN-G-    (0)    1 :  0.005 0.004 0.109 0.004 0.008 0.004 0.008 0.013 0.006 0.004 0.014 0.005 0.816 
 12 TMA-ZAIN-G-    (0)    1 :  0.008 0.003 0.025 0.005 0.019 0.005 0.818 0.005 0.005 0.003 0.009 0.004 0.093 
 13 TMA-ZAIN-G-    (9)    1 :  0.014 0.085 0.169 0.017 0.136 0.018 0.039 0.013 0.028 0.019 0.223 0.032 0.208 
 14 TMA-ZAIN-G-    (9)    1 :  0.010 0.007 0.052 0.006 0.834 0.008 0.008 0.005 0.009 0.018 0.018 0.003 0.023 
 15 TMA-ZAIN-G-    (0)    1 :  0.006 0.002 0.043 0.010 0.886 0.006 0.016 0.003 0.007 0.003 0.006 0.003 0.009 
 16 TMA-ZAIN-G-    (0)    1 :  0.007 0.004 0.018 0.005 0.005 0.003 0.397 0.005 0.005 0.005 0.019 0.003 0.524 
 17 TMA-ZAIN-G-    (9)    1 :  0.027 0.016 0.732 0.007 0.027 0.016 0.046 0.076 0.025 0.003 0.009 0.008 0.007 
 18 TMA-ZAIN-G-    (0)    1 :  0.025 0.007 0.010 0.007 0.012 0.048 0.016 0.012 0.209 0.004 0.005 0.640 0.006 
 19 TMA-ZAIN-G-    (0)    1 :  0.161 0.013 0.047 0.006 0.013 0.004 0.025 0.040 0.629 0.013 0.011 0.017 0.023 
 20 TMA-ZAIN-G-    (0)    1 :  0.007 0.068 0.003 0.005 0.003 0.029 0.003 0.007 0.815 0.019 0.004 0.032 0.004 
 21 TMA-ZAIN-G-    (0)    1 :  0.003 0.005 0.002 0.003 0.002 0.003 0.002 0.003 0.003 0.965 0.002 0.003 0.003 
 22 TMA-ZAIN-G-    (0)    1 :  0.005 0.950 0.002 0.002 0.003 0.004 0.002 0.005 0.007 0.004 0.003 0.011 0.002 
 23 TMA-ZAIN-G-    (0)    1 :  0.007 0.941 0.005 0.003 0.005 0.003 0.004 0.005 0.009 0.004 0.004 0.006 0.004 
 24 TMA-ZAIN-G-    (9)    1 :  0.003 0.651 0.009 0.091 0.022 0.006 0.007 0.003 0.004 0.008 0.175 0.005 0.016 
 25 TMA-ZAIN-G-    (9)    1 :  0.008 0.010 0.005 0.004 0.004 0.004 0.026 0.003 0.738 0.006 0.124 0.061 0.008 
 26 TMA-ZAIN-G-    (9)    1 :  0.005 0.008 0.086 0.009 0.026 0.420 0.065 0.010 0.012 0.075 0.193 0.005 0.086 
 27 TMA-ZAIN-G-    (0)    1 :  0.703 0.014 0.014 0.009 0.069 0.013 0.004 0.023 0.054 0.022 0.005 0.058 0.012 
 28 TMA-ZAIN-G-    (0)    1 :  0.926 0.005 0.006 0.004 0.009 0.004 0.005 0.006 0.014 0.003 0.004 0.009 0.005 
 29 TMA-ZAIN-G-    (0)    1 :  0.005 0.004 0.006 0.713 0.005 0.014 0.004 0.004 0.227 0.004 0.005 0.003 0.004 
 30 TMA-ZAIN-G-    (0)    1 :  0.475 0.005 0.113 0.033 0.074 0.006 0.052 0.008 0.035 0.004 0.127 0.004 0.064 
 31 TMA-ZAIN-G-    (0)    1 :  0.006 0.011 0.004 0.006 0.005 0.060 0.004 0.019 0.011 0.010 0.007 0.849 0.007 
 32 TMA-ZAIN-G-    (9)    1 :  0.007 0.115 0.018 0.003 0.024 0.007 0.303 0.007 0.088 0.012 0.012 0.351 0.053 
 33 TMA-ZAIN-G-   (18)    1 :  0.007 0.003 0.108 0.011 0.007 0.004 0.617 0.004 0.004 0.002 0.016 0.004 0.213 
 34 TMA-ZAIN-G-    (0)    1 :  0.010 0.026 0.011 0.005 0.006 0.007 0.621 0.005 0.014 0.017 0.025 0.090 0.162 
 35 TMA-ZAIN-G-    (9)    1 :  0.017 0.004 0.065 0.047 0.049 0.011 0.519 0.010 0.013 0.003 0.060 0.009 0.192 
 36 TMA-ZAIN-G-    (0)    1 :  0.007 0.003 0.186 0.010 0.191 0.017 0.074 0.007 0.006 0.003 0.424 0.004 0.069 
 37 TMA-ZAIN-G-    (9)    1 :  0.026 0.006 0.060 0.015 0.006 0.013 0.441 0.056 0.009 0.010 0.079 0.006 0.273 
 38 TMA-ZAIN-G-   (18)    1 :  0.006 0.038 0.027 0.007 0.094 0.007 0.130 0.014 0.132 0.006 0.028 0.452 0.060 
 39 TMA-ZAIN-G-    (0)    1 :  0.008 0.003 0.028 0.011 0.004 0.007 0.066 0.007 0.004 0.007 0.818 0.003 0.034 
 40 TMA-ZAIN-G-    (0)    1 :  0.004 0.003 0.269 0.007 0.005 0.005 0.394 0.016 0.005 0.010 0.231 0.003 0.048 
 41 TMA-ZAIN-G-    (0)    1 :  0.005 0.003 0.624 0.006 0.047 0.005 0.023 0.003 0.003 0.004 0.265 0.003 0.009 
 42 TMA-ZAIN-G-    (9)    1 :  0.003 0.002 0.850 0.006 0.092 0.008 0.009 0.004 0.004 0.002 0.011 0.003 0.005 
 43 TMA-ZAIN-G-    (0)    1 :  0.003 0.003 0.008 0.008 0.949 0.005 0.003 0.004 0.003 0.002 0.005 0.003 0.004 
 44 TMA-ZAIN-G-    (0)    1 :  0.003 0.006 0.009 0.013 0.004 0.003 0.013 0.008 0.010 0.782 0.057 0.004 0.088 
 45 TMA-ZAIN-G-    (0)    1 :  0.009 0.004 0.074 0.005 0.013 0.007 0.100 0.010 0.006 0.007 0.016 0.005 0.745 
 46 TMA-ZAIN-G-    (0)    1 :  0.003 0.006 0.003 0.002 0.003 0.004 0.002 0.005 0.004 0.958 0.003 0.004 0.003 
 47 TMA-ZAIN-G-    (0)    1 :  0.004 0.003 0.004 0.004 0.003 0.946 0.005 0.012 0.004 0.005 0.004 0.003 0.004 
 48 TMA-ZAIN-G-    (0)    1 :  0.049 0.021 0.296 0.017 0.059 0.177 0.017 0.173 0.010 0.012 0.021 0.005 0.143 
 49 TMA-ZAIN-G-    (9)    1 :  0.012 0.008 0.008 0.038 0.004 0.007 0.027 0.020 0.840 0.003 0.006 0.011 0.016 
 50 TMA-ZAIN-G-    (0)    1 :  0.023 0.004 0.052 0.004 0.009 0.003 0.009 0.006 0.848 0.005 0.022 0.009 0.006 
 51 TMA-ZAIN-G-    (0)    1 :  0.018 0.004 0.017 0.006 0.057 0.015 0.004 0.015 0.825 0.010 0.008 0.006 0.014 
 52 TMA-ZAIN-G-    (0)    1 :  0.028 0.008 0.008 0.003 0.015 0.030 0.011 0.115 0.755 0.008 0.007 0.006 0.008 
 53 TMA-ZAIN-G-    (0)    1 :  0.009 0.009 0.008 0.004 0.027 0.049 0.003 0.068 0.704 0.004 0.009 0.093 0.013 
 54 TMA-ZAIN-G-    (0)    1 :  0.010 0.006 0.010 0.003 0.010 0.925 0.006 0.004 0.008 0.003 0.004 0.004 0.006 
 55 TMA-ZAIN-G-    (0)    1 :  0.020 0.009 0.032 0.003 0.019 0.862 0.007 0.003 0.021 0.006 0.004 0.004 0.008 
 56 TMA-ZAIN-G-    (0)    1 :  0.062 0.010 0.226 0.026 0.040 0.064 0.019 0.407 0.031 0.005 0.030 0.007 0.073 
 57 TMA-ZAIN-G-    (0)    1 :  0.006 0.004 0.005 0.007 0.005 0.876 0.029 0.010 0.030 0.003 0.009 0.008 0.008 
 58 TMA-ZAIN-G-    (0)    1 :  0.241 0.188 0.026 0.008 0.008 0.043 0.016 0.012 0.401 0.006 0.004 0.036 0.009 
 59 TMA-ZAIN-G-    (0)    1 :  0.031 0.023 0.037 0.023 0.010 0.018 0.026 0.057 0.015 0.020 0.029 0.566 0.144 
 60 TMA-ZAIN-G-    (0)    1 :  0.088 0.009 0.021 0.008 0.138 0.021 0.007 0.050 0.119 0.010 0.008 0.501 0.021 
 61 TMA-ZAIN-G-    (0)    1 :  0.007 0.024 0.003 0.003 0.003 0.012 0.003 0.030 0.009 0.014 0.003 0.884 0.004 
 62 TMA-ZAIN-G-    (9)    1 :  0.073 0.010 0.027 0.007 0.006 0.013 0.038 0.003 0.019 0.032 0.022 0.710 0.040 
 63 TMA-ZAIN-G-    (0)    1 :  0.009 0.010 0.005 0.003 0.006 0.012 0.006 0.011 0.014 0.005 0.003 0.911 0.005 
 64 TMA-ZAIN-G-    (0)    1 :  0.003 0.002 0.005 0.951 0.005 0.003 0.004 0.003 0.002 0.002 0.009 0.002 0.007 
 65 TMA-ZAIN-G-    (9)    1 :  0.006 0.003 0.008 0.918 0.006 0.007 0.022 0.005 0.003 0.002 0.007 0.004 0.010 
 66 TMA-ZAIN-G-    (0)    1 :  0.004 0.003 0.009 0.903 0.005 0.004 0.013 0.006 0.003 0.003 0.018 0.003 0.028 
 67 TMA-ZAIN-G-    (0)    1 :  0.013 0.011 0.011 0.751 0.003 0.005 0.022 0.003 0.009 0.018 0.096 0.003 0.054 
 68 TMA-ZAIN-G-    (0)    1 :  0.004 0.002 0.006 0.953 0.006 0.005 0.004 0.004 0.002 0.002 0.004 0.002 0.005 
 69 TMA-ZAIN-G-    (0)    1 :  0.007 0.025 0.006 0.742 0.016 0.008 0.030 0.022 0.025 0.027 0.031 0.019 0.040 
 70 TMA-ZAIN-G-    (0)    1 :  0.004 0.004 0.006 0.017 0.005 0.003 0.008 0.004 0.004 0.003 0.879 0.003 0.058 
 71 TMA-ZAIN-G-    (0)    1 :  0.003 0.003 0.005 0.004 0.003 0.003 0.009 0.003 0.003 0.003 0.944 0.003 0.014 
 72 TMA-ZAIN-G-    (0)    1 :  0.007 0.003 0.010 0.014 0.007 0.007 0.008 0.004 0.004 0.003 0.920 0.003 0.010 
 73 TMA-ZAIN-G-    (0)    1 :  0.019 0.019 0.005 0.006 0.003 0.012 0.010 0.004 0.015 0.022 0.861 0.016 0.007 
 74 TMA-ZAIN-G-    (0)    1 :  0.005 0.005 0.005 0.005 0.003 0.005 0.011 0.003 0.006 0.006 0.933 0.005 0.007 
 75 TMA-ZAIN-G-    (0)    1 :  0.006 0.004 0.005 0.005 0.005 0.008 0.008 0.005 0.005 0.003 0.935 0.004 0.008 
 76 TMA-ZAIN-G-    (0)    1 :  0.004 0.010 0.004 0.006 0.003 0.003 0.007 0.003 0.010 0.024 0.900 0.004 0.020 
 77 TMA-ZAIN-G-    (0)    1 :  0.006 0.004 0.006 0.005 0.006 0.004 0.005 0.009 0.005 0.007 0.932 0.003 0.009 
 78 TMA-ZAIN-G-    (0)    1 :  0.008 0.008 0.006 0.005 0.005 0.006 0.008 0.009 0.013 0.012 0.905 0.005 0.010 
 79 TMA-ZAIN-G-    (0)    1 :  0.005 0.005 0.007 0.003 0.006 0.004 0.005 0.025 0.007 0.012 0.908 0.004 0.009 
 80 TMA-ZAIN-G-    (0)    1 :  0.006 0.003 0.014 0.018 0.004 0.011 0.059 0.005 0.004 0.006 0.839 0.003 0.029 
 81 TMA-ZAIN-G-    (0)    1 :  0.007 0.004 0.009 0.005 0.007 0.005 0.012 0.025 0.006 0.007 0.884 0.003 0.025 
 82 TMA-ZAIN-G-    (0)    1 :  0.008 0.003 0.010 0.172 0.006 0.017 0.097 0.009 0.005 0.003 0.295 0.005 0.371 
 83 TMA-ZAIN-G-    (9)    1 :  0.037 0.028 0.014 0.039 0.006 0.018 0.656 0.005 0.013 0.022 0.017 0.037 0.106 
 84 TMA-ZAIN-G-    (0)    1 :  0.005 0.006 0.009 0.005 0.005 0.004 0.011 0.009 0.007 0.023 0.889 0.003 0.024 
 85 TMA-ZAIN-G-    (0)    1 :  0.004 0.005 0.003 0.003 0.003 0.004 0.003 0.957 0.004 0.002 0.003 0.004 0.004 
 86 TMA-ZAIN-G-    (0)    1 :  0.005 0.004 0.008 0.005 0.003 0.005 0.008 0.935 0.003 0.006 0.006 0.003 0.009 
 87 TMA-ZAIN-G-    (0)    1 :  0.004 0.007 0.003 0.003 0.003 0.003 0.003 0.957 0.004 0.003 0.003 0.004 0.004 
 88 TMA-ZAIN-G-    (0)    1 :  0.008 0.007 0.012 0.044 0.017 0.060 0.131 0.445 0.008 0.008 0.035 0.172 0.054 
 89 TMA-ZAIN-G-    (0)    1 :  0.005 0.019 0.013 0.030 0.038 0.411 0.036 0.305 0.008 0.020 0.048 0.031 0.036 
 90 TMA-ZAIN-G-    (0)    1 :  0.006 0.004 0.004 0.014 0.004 0.036 0.026 0.859 0.008 0.004 0.005 0.017 0.012 
 91 TMA-ZAIN-G-    (0)    1 :  0.015 0.005 0.009 0.012 0.013 0.031 0.008 0.827 0.007 0.005 0.008 0.046 0.014 
 92 TMA-ZAIN-G-    (0)    1 :  0.027 0.030 0.009 0.006 0.013 0.245 0.006 0.570 0.029 0.034 0.010 0.009 0.012 
 93 TMA-ZAIN-G-    (0)    1 :  0.099 0.014 0.007 0.007 0.018 0.489 0.004 0.277 0.023 0.012 0.007 0.035 0.008 
 94 TMA-ZAIN-G-    (0)    1 :  0.012 0.009 0.004 0.005 0.007 0.055 0.004 0.784 0.009 0.005 0.005 0.098 0.005 
 95 TMA-ZAIN-G-    (0)    1 :  0.892 0.008 0.012 0.007 0.015 0.004 0.006 0.005 0.027 0.003 0.009 0.006 0.006 
 96 TMA-ZAIN-G-    (0)    1 :  0.821 0.007 0.032 0.004 0.021 0.005 0.013 0.009 0.070 0.005 0.003 0.005 0.005 
 97 TMA-ZAIN-G-    (0)    1 :  0.005 0.005 0.004 0.007 0.008 0.012 0.004 0.008 0.018 0.006 0.013 0.903 0.007 
 98 TMA-ZAIN-G-    (0)    1 :  0.003 0.004 0.004 0.005 0.005 0.010 0.004 0.007 0.005 0.004 0.013 0.929 0.007 
 99 TMA-ZAIN-G-    (0)    1 :  0.008 0.006 0.038 0.021 0.007 0.003 0.036 0.005 0.006 0.020 0.010 0.705 0.135 
100 TMA-ZAIN-G-    (0)    1 :  0.006 0.008 0.003 0.005 0.006 0.022 0.003 0.031 0.023 0.030 0.006 0.852 0.006 
101 TMA-ZAIN-G-    (0)    1 :  0.005 0.004 0.005 0.006 0.007 0.013 0.005 0.004 0.009 0.006 0.009 0.908 0.019 
102 TMA-ZAIN-G-    (0)    1 :  0.013 0.550 0.026 0.012 0.026 0.013 0.067 0.021 0.065 0.007 0.016 0.156 0.029 
103 TMA-ZAIN-G-    (0)    1 :  0.017 0.063 0.011 0.006 0.008 0.007 0.028 0.028 0.081 0.004 0.008 0.722 0.018 
104 TMA-ZAIN-G-    (0)    1 :  0.005 0.009 0.004 0.002 0.004 0.005 0.004 0.003 0.006 0.004 0.003 0.947 0.004 
105 TMA-ZAIN-G-    (0)    1 :  0.022 0.025 0.014 0.006 0.007 0.007 0.028 0.043 0.028 0.003 0.009 0.785 0.023 
106 TMA-ZAIN-G-    (0)    1 :  0.007 0.003 0.448 0.050 0.109 0.005 0.075 0.007 0.005 0.003 0.155 0.004 0.129 
107 TMA-ZAIN-G-    (0)    1 :  0.006 0.003 0.028 0.014 0.012 0.006 0.373 0.006 0.005 0.002 0.244 0.004 0.296 
108 TMA-ZAIN-G-    (9)    1 :  0.013 0.042 0.069 0.007 0.066 0.014 0.176 0.058 0.107 0.022 0.057 0.165 0.203 
109 TMA-ZAIN-G-    (0)    1 :  0.056 0.006 0.160 0.143 0.023 0.061 0.205 0.016 0.007 0.004 0.011 0.278 0.029 
110 TMA-ZAIN-G-    (0)    1 :  0.027 0.075 0.138 0.007 0.019 0.014 0.136 0.021 0.084 0.099 0.039 0.048 0.293 
111 TMA-ZAIN-G-    (9)    1 :  0.024 0.148 0.014 0.011 0.004 0.025 0.194 0.006 0.055 0.023 0.050 0.408 0.038 
112 TMA-ZAIN-G-    (0)    1 :  0.050 0.076 0.215 0.019 0.040 0.025 0.108 0.015 0.077 0.014 0.028 0.224 0.110 
113 TMA-ZAIN-G-    (0)    1 :  0.004 0.011 0.005 0.010 0.006 0.018 0.012 0.006 0.005 0.005 0.023 0.881 0.015 
114 TMA-ZAIN-G-    (0)    1 :  0.005 0.011 0.002 0.002 0.002 0.004 0.004 0.006 0.005 0.009 0.003 0.944 0.003 
115 TMA-ZAIN-G-    (0)    1 :  0.005 0.006 0.003 0.003 0.003 0.004 0.005 0.003 0.004 0.004 0.003 0.954 0.003 
116 TMA-ZAIN-G-    (0)    1 :  0.008 0.003 0.008 0.010 0.006 0.012 0.904 0.006 0.004 0.002 0.011 0.006 0.021 
117 TMA-ZAIN-G-    (0)    1 :  0.046 0.005 0.156 0.256 0.076 0.044 0.103 0.041 0.011 0.003 0.143 0.009 0.106 
118 TMA-ZAIN-G-    (0)    1 :  0.012 0.003 0.018 0.025 0.020 0.009 0.866 0.006 0.006 0.003 0.014 0.006 0.013 
119 TMA-ZAIN-G-    (0)    1 :  0.018 0.016 0.007 0.023 0.006 0.011 0.795 0.004 0.018 0.016 0.046 0.019 0.021 
120 TMA-ZAIN-G-    (0)    1 :  0.025 0.005 0.027 0.026 0.075 0.014 0.725 0.015 0.011 0.003 0.029 0.009 0.035 
121 TMA-ZAIN-G-    (0)    1 :  0.043 0.004 0.071 0.145 0.024 0.022 0.505 0.014 0.008 0.003 0.039 0.010 0.113 
122 TMA-ZAIN-G-    (0)    1 :  0.111 0.005 0.076 0.027 0.013 0.013 0.231 0.102 0.006 0.007 0.063 0.004 0.341 
123 TMA-ZAIN-G-    (0)    1 :  0.006 0.019 0.005 0.003 0.014 0.005 0.005 0.008 0.014 0.005 0.005 0.906 0.005 
124 TMA-ZAIN-G-    (0)    1 :  0.007 0.003 0.931 0.004 0.008 0.004 0.009 0.007 0.005 0.002 0.005 0.005 0.009 
125 TMA-ZAIN-G-    (0)    1 :  0.005 0.002 0.827 0.030 0.021 0.079 0.006 0.007 0.004 0.002 0.007 0.002 0.006 
126 TMA-ZAIN-G-    (0)    1 :  0.004 0.003 0.902 0.005 0.029 0.008 0.018 0.007 0.004 0.003 0.005 0.004 0.009 
127 TMA-ZAIN-G-    (0)    1 :  0.004 0.002 0.942 0.005 0.008 0.004 0.009 0.005 0.003 0.003 0.004 0.003 0.008 
128 TMA-ZAIN-G-    (0)    1 :  0.012 0.003 0.896 0.024 0.009 0.005 0.012 0.006 0.004 0.002 0.007 0.004 0.014 
129 TMA-ZAIN-G-    (0)    1 :  0.006 0.003 0.923 0.005 0.014 0.005 0.009 0.007 0.004 0.002 0.007 0.006 0.009 
130 TMA-ZAIN-G-    (0)    1 :  0.007 0.003 0.812 0.009 0.062 0.043 0.029 0.007 0.005 0.002 0.006 0.006 0.007 
131 TMA-ZAIN-G-    (0)    1 :  0.008 0.003 0.928 0.004 0.013 0.004 0.008 0.008 0.005 0.002 0.005 0.004 0.008 
132 TMA-ZAIN-G-    (0)    1 :  0.013 0.003 0.809 0.051 0.014 0.030 0.018 0.007 0.004 0.002 0.012 0.004 0.033 
133 TMA-ZAIN-G-    (0)    1 :  0.012 0.006 0.475 0.089 0.146 0.022 0.039 0.041 0.016 0.019 0.107 0.003 0.027 
134 TMA-ZAIN-G-    (0)    1 :  0.005 0.004 0.348 0.072 0.321 0.020 0.076 0.046 0.008 0.012 0.066 0.003 0.020 
135 TMA-ZAIN-G-    (0)    1 :  0.004 0.004 0.149 0.029 0.019 0.012 0.472 0.039 0.005 0.013 0.087 0.004 0.164 
136 TMA-ZAIN-G-    (0)    1 :  0.009 0.004 0.074 0.584 0.006 0.017 0.095 0.005 0.004 0.006 0.041 0.006 0.148 
137 TMA-ZAIN-G-    (0)    1 :  0.004 0.004 0.022 0.005 0.006 0.006 0.846 0.020 0.006 0.015 0.042 0.005 0.020 
138 TMA-ZAIN-G-    (0)    1 :  0.004 0.002 0.465 0.012 0.033 0.019 0.286 0.004 0.003 0.003 0.014 0.004 0.151 
139 TMA-ZAIN-G-    (0)    1 :  0.003 0.003 0.215 0.012 0.023 0.102 0.512 0.012 0.004 0.009 0.047 0.004 0.053 
140 TMA-ZAIN-G-    (0)    1 :  0.009 0.004 0.051 0.010 0.006 0.003 0.200 0.004 0.004 0.004 0.026 0.003 0.674 
141 TMA-ZAIN-G-    (0)    1 :  0.007 0.004 0.049 0.008 0.023 0.006 0.099 0.012 0.005 0.003 0.104 0.006 0.675 
142 TMA-ZAIN-G-    (9)    1 :  0.006 0.003 0.027 0.011 0.006 0.004 0.262 0.007 0.004 0.003 0.043 0.003 0.621 
143 TMA-ZAIN-G-    (0)    1 :  0.011 0.003 0.150 0.013 0.011 0.005 0.317 0.007 0.004 0.003 0.028 0.004 0.445 
144 TMA-ZAIN-G-    (0)    1 :  0.027 0.006 0.169 0.006 0.012 0.029 0.444 0.013 0.012 0.009 0.013 0.003 0.257 
145 TMA-ZAIN-G-    (0)    1 :  0.008 0.002 0.034 0.310 0.007 0.016 0.380 0.006 0.003 0.002 0.103 0.003 0.125 
146 TMA-ZAIN-G-    (0)    1 :  0.003 0.003 0.005 0.005 0.004 0.003 0.009 0.004 0.003 0.003 0.030 0.003 0.924 
147 TMA-ZAIN-G-    (9)    1 :  0.004 0.003 0.006 0.007 0.005 0.004 0.009 0.004 0.003 0.003 0.012 0.003 0.939 
148 TMA-ZAIN-G-    (0)    1 :  0.003 0.003 0.030 0.004 0.055 0.021 0.007 0.004 0.003 0.003 0.013 0.003 0.852 
149 TMA-ZAIN-G-    (0)    1 :  0.013 0.018 0.036 0.005 0.023 0.051 0.011 0.024 0.010 0.006 0.012 0.018 0.774 
150 TMA-ZAIN-G-    (0)    1 :  0.014 0.018 0.016 0.062 0.013 0.061 0.034 0.015 0.007 0.004 0.013 0.019 0.724 
151 TMA-ZAIN-G-    (0)    1 :  0.005 0.002 0.033 0.008 0.021 0.004 0.898 0.003 0.003 0.003 0.007 0.003 0.011 
152 TMA-ZAIN-G-    (0)    1 :  0.004 0.002 0.008 0.005 0.012 0.004 0.929 0.003 0.003 0.003 0.005 0.004 0.016 
153 TMA-ZAIN-G-    (0)    1 :  0.004 0.002 0.106 0.014 0.027 0.014 0.687 0.004 0.003 0.002 0.015 0.003 0.117 
154 TMA-ZAIN-G-    (0)    1 :  0.003 0.002 0.007 0.004 0.004 0.005 0.946 0.004 0.003 0.002 0.005 0.003 0.012 
155 TMA-ZAIN-G-    (0)    1 :  0.004 0.003 0.011 0.007 0.007 0.003 0.911 0.005 0.004 0.003 0.011 0.004 0.028 
156 TMA-ZAIN-G-    (9)    1 :  0.004 0.002 0.056 0.003 0.067 0.012 0.767 0.003 0.004 0.003 0.005 0.005 0.068 
157 TMA-ZAIN-G-    (0)    1 :  0.004 0.003 0.061 0.007 0.125 0.006 0.546 0.005 0.004 0.003 0.010 0.005 0.223 
158 TMA-ZAIN-G-    (0)    1 :  0.006 0.003 0.011 0.006 0.004 0.004 0.610 0.003 0.006 0.004 0.034 0.003 0.305 
159 TMA-ZAIN-G-    (0)    1 :  0.003 0.003 0.010 0.015 0.005 0.006 0.410 0.003 0.004 0.002 0.294 0.005 0.240 
160 TMA-ZAIN-G-    (0)    1 :  0.003 0.003 0.007 0.020 0.004 0.008 0.708 0.005 0.003 0.002 0.151 0.005 0.081 
161 TMA-ZAIN-G-    (0)    1 :  0.006 0.003 0.141 0.008 0.026 0.025 0.521 0.007 0.006 0.003 0.022 0.003 0.230 
162 TMA-ZAIN-G-    (0)    1 :  0.009 0.015 0.010 0.005 0.003 0.011 0.895 0.011 0.006 0.005 0.007 0.016 0.007 
163 TMA-ZAIN-G-    (0)    1 :  0.003 0.002 0.005 0.004 0.003 0.003 0.955 0.003 0.002 0.002 0.006 0.003 0.010 
164 TMA-ZAIN-G-    (0)    1 :  0.006 0.004 0.008 0.008 0.004 0.008 0.823 0.011 0.004 0.005 0.010 0.005 0.105 
165 TMA-ZAIN-G-    (0)    1 :  0.004 0.003 0.008 0.006 0.003 0.003 0.858 0.003 0.003 0.003 0.010 0.004 0.093 
166 TMA-ZAIN-G-    (0)    1 :  0.004 0.002 0.057 0.014 0.007 0.012 0.471 0.006 0.003 0.003 0.067 0.003 0.351 
167 TMA-ZAIN-G-    (0)    1 :  0.007 0.005 0.021 0.004 0.008 0.004 0.035 0.006 0.006 0.004 0.257 0.005 0.637 
168 TMA-ZAIN-G-    (0)    1 :  0.005 0.003 0.010 0.016 0.033 0.005 0.011 0.005 0.005 0.004 0.416 0.006 0.481 
169 TMA-ZAIN-G-    (0)    1 :  0.003 0.003 0.006 0.074 0.005 0.005 0.022 0.005 0.003 0.002 0.453 0.003 0.415 
170 TMA-ZAIN-G-    (0)    1 :  0.008 0.010 0.113 0.021 0.092 0.004 0.060 0.006 0.035 0.015 0.181 0.017 0.439 
171 TMA-ZAIN-G-    (0)    1 :  0.003 0.003 0.004 0.014 0.004 0.004 0.011 0.004 0.003 0.003 0.481 0.003 0.464 
172 TMA-ZAIN-G-    (0)    1 :  0.005 0.003 0.484 0.007 0.024 0.004 0.020 0.005 0.006 0.005 0.026 0.003 0.408 
173 TMA-ZAIN-G-    (0)    1 :  0.007 0.003 0.700 0.006 0.018 0.004 0.015 0.007 0.007 0.004 0.026 0.003 0.200 
174 TMA-ZAIN-G-    (0)    1 :  0.005 0.002 0.486 0.054 0.006 0.008 0.064 0.005 0.003 0.003 0.057 0.003 0.304 
175 TMA-ZAIN-G-    (0)    1 :  0.004 0.003 0.005 0.007 0.004 0.004 0.010 0.005 0.003 0.003 0.412 0.003 0.537 
176 TMA-ZAIN-G-    (0)    1 :  0.003 0.003 0.007 0.005 0.005 0.003 0.014 0.005 0.003 0.003 0.199 0.003 0.748 
177 TMA-ZAIN-G-    (0)    1 :  0.003 0.003 0.008 0.004 0.011 0.003 0.009 0.004 0.004 0.003 0.027 0.003 0.917 
178 TMA-ZAIN-G-    (0)    1 :  0.009 0.003 0.112 0.004 0.044 0.004 0.024 0.005 0.006 0.005 0.018 0.005 0.761 
179 TMA-ZAIN-G-    (0)    1 :  0.004 0.002 0.016 0.005 0.015 0.004 0.013 0.005 0.003 0.003 0.014 0.003 0.913 
180 TMA-ZAIN-G-    (0)    1 :  0.010 0.006 0.766 0.055 0.020 0.012 0.017 0.035 0.005 0.009 0.006 0.004 0.053 
181 TMA-ZAIN-G-    (0)    1 :  0.004 0.003 0.710 0.006 0.165 0.005 0.065 0.003 0.004 0.003 0.013 0.004 0.016 
182 TMA-ZAIN-G-    (0)    1 :  0.004 0.003 0.759 0.003 0.127 0.005 0.031 0.006 0.005 0.003 0.006 0.006 0.041 
183 TMA-ZAIN-G-    (0)    1 :  0.005 0.003 0.615 0.006 0.257 0.004 0.051 0.004 0.004 0.003 0.012 0.004 0.032 
184 TMA-ZAIN-G-    (0)    1 :  0.014 0.018 0.741 0.008 0.038 0.018 0.066 0.019 0.011 0.006 0.012 0.025 0.025 
185 TMA-ZAIN-G-    (0)    1 :  0.041 0.023 0.843 0.005 0.005 0.019 0.010 0.013 0.009 0.008 0.007 0.010 0.010 
186 TMA-ZAIN-G-    (9)    1 :  0.011 0.004 0.920 0.005 0.005 0.005 0.010 0.005 0.007 0.005 0.009 0.003 0.010 
187 TMA-ZAIN-G-    (0)    1 :  0.005 0.003 0.842 0.016 0.018 0.003 0.037 0.004 0.005 0.003 0.046 0.004 0.013 
188 TMA-ZAIN-G-    (0)    1 :  0.004 0.003 0.843 0.015 0.011 0.004 0.041 0.003 0.004 0.002 0.059 0.003 0.009 
189 TMA-ZAIN-G-    (0)    1 :  0.004 0.002 0.945 0.008 0.007 0.002 0.007 0.003 0.003 0.003 0.005 0.002 0.007 
190 TMA-ZAIN-G-    (0)    1 :  0.008 0.003 0.578 0.027 0.115 0.005 0.012 0.004 0.009 0.004 0.060 0.003 0.172 
191 TMA-ZAIN-G-    (0)    1 :  0.010 0.020 0.874 0.005 0.006 0.009 0.009 0.015 0.008 0.009 0.014 0.010 0.010 
192 TMA-ZAIN-G-    (0)    1 :  0.003 0.004 0.873 0.004 0.023 0.004 0.009 0.017 0.007 0.027 0.016 0.003 0.008 
193 TMA-ZAIN-G-    (0)    1 :  0.003 0.002 0.004 0.003 0.962 0.004 0.003 0.003 0.003 0.002 0.003 0.002 0.003 
194 TMA-ZAIN-G-    (0)    1 :  0.017 0.005 0.061 0.011 0.849 0.014 0.004 0.005 0.009 0.008 0.007 0.002 0.008 
195 TMA-ZAIN-G-    (0)    1 :  0.004 0.002 0.051 0.035 0.804 0.006 0.006 0.004 0.010 0.003 0.029 0.003 0.042 
196 TMA-ZAIN-G-    (0)    1 :  0.005 0.002 0.012 0.009 0.936 0.005 0.006 0.004 0.004 0.003 0.005 0.003 0.006 
197 TMA-ZAIN-G-    (0)    1 :  0.004 0.003 0.012 0.009 0.930 0.004 0.006 0.007 0.004 0.002 0.008 0.003 0.008 
198 TMA-ZAIN-G-    (0)    1 :  0.003 0.002 0.013 0.007 0.931 0.004 0.008 0.004 0.003 0.004 0.008 0.003 0.010 
199 TMA-ZAIN-G-    (0)    1 :  0.009 0.004 0.930 0.004 0.006 0.006 0.009 0.004 0.005 0.004 0.006 0.003 0.010 
200 TMA-ZAIN-G-    (0)    1 :  0.022 0.039 0.005 0.006 0.051 0.010 0.004 0.007 0.034 0.783 0.005 0.026 0.006 
201 TMA-ZAIN-G-    (0)    1 :  0.028 0.046 0.011 0.020 0.007 0.008 0.011 0.012 0.021 0.796 0.017 0.009 0.015 
202 TMA-ZAIN-G-    (0)    1 :  0.004 0.004 0.006 0.002 0.013 0.002 0.004 0.003 0.007 0.941 0.003 0.008 0.004 
203 TMA-ZAIN-G-    (0)    1 :  0.005 0.003 0.053 0.004 0.825 0.006 0.031 0.005 0.004 0.002 0.011 0.024 0.026 
204 TMA-ZAIN-G-    (9)    1 :  0.007 0.019 0.004 0.004 0.004 0.020 0.003 0.097 0.058 0.756 0.007 0.013 0.006 
205 TMA-ZAIN-G-    (0)    1 :  0.005 0.005 0.009 0.005 0.008 0.008 0.082 0.011 0.030 0.802 0.014 0.008 0.014 
206 TMA-ZAIN-G-    (9)    1 :  0.017 0.013 0.015 0.007 0.021 0.017 0.012 0.195 0.020 0.611 0.013 0.029 0.030 
207 TMA-ZAIN-G-    (9)    1 :  0.107 0.010 0.028 0.076 0.009 0.066 0.497 0.081 0.031 0.004 0.027 0.010 0.055 
208 TMA-ZAIN-G-    (0)    1 :  0.013 0.002 0.023 0.065 0.005 0.006 0.140 0.003 0.004 0.004 0.026 0.003 0.706 
209 TMA-ZAIN-G-    (0)    1 :  0.003 0.003 0.312 0.017 0.273 0.051 0.076 0.009 0.004 0.003 0.117 0.003 0.129 
210 TMA-ZAIN-G-    (0)    1 :  0.010 0.003 0.152 0.109 0.383 0.017 0.060 0.013 0.004 0.003 0.080 0.004 0.163 
211 TMA-ZAIN-G-    (0)    1 :  0.019 0.016 0.470 0.027 0.097 0.013 0.046 0.009 0.023 0.019 0.067 0.010 0.183 
212 TMA-ZAIN-G-    (0)    1 :  0.009 0.003 0.172 0.011 0.020 0.006 0.038 0.013 0.004 0.005 0.006 0.003 0.709 
213 TMA-ZAIN-G-    (0)    1 :  0.004 0.004 0.421 0.007 0.025 0.008 0.133 0.004 0.005 0.004 0.040 0.003 0.342 
214 TMA-ZAIN-G-    (0)    1 :  0.004 0.003 0.601 0.047 0.027 0.007 0.113 0.005 0.005 0.003 0.087 0.003 0.095 
215 TMA-ZAIN-G-    (0)    1 :  0.004 0.006 0.203 0.005 0.006 0.002 0.069 0.003 0.284 0.011 0.160 0.003 0.243 
216 TMA-ZAIN-G-    (0)    1 :  0.006 0.004 0.895 0.005 0.010 0.008 0.018 0.004 0.005 0.004 0.013 0.003 0.026 
217 TMA-ZAIN-G-    (0)    1 :  0.003 0.003 0.318 0.137 0.101 0.008 0.061 0.006 0.004 0.003 0.166 0.004 0.187 
218 TMA-ZAIN-G-    (0)    1 :  0.012 0.003 0.008 0.008 0.003 0.005 0.006 0.004 0.930 0.003 0.006 0.007 0.005 
219 TMA-ZAIN-G-    (0)    1 :  0.006 0.004 0.006 0.003 0.003 0.008 0.005 0.010 0.932 0.010 0.004 0.005 0.004 
220 TMA-ZAIN-G-    (0)    1 :  0.061 0.008 0.007 0.014 0.005 0.008 0.037 0.011 0.782 0.002 0.011 0.037 0.017 
221 TMA-ZAIN-G-    (0)    1 :  0.011 0.005 0.020 0.006 0.006 0.005 0.008 0.011 0.876 0.031 0.007 0.004 0.012 
222 TMA-ZAIN-G-    (0)    1 :  0.005 0.006 0.009 0.009 0.005 0.008 0.012 0.017 0.892 0.005 0.008 0.014 0.011 
223 TMA-ZAIN-G-    (0)    1 :  0.016 0.007 0.005 0.005 0.002 0.005 0.004 0.012 0.922 0.006 0.004 0.006 0.005 
224 TMA-ZAIN-G-    (0)    1 :  0.013 0.011 0.014 0.005 0.008 0.006 0.005 0.092 0.820 0.005 0.007 0.008 0.006 
225 TMA-ZAIN-G-    (0)    1 :  0.009 0.006 0.005 0.002 0.010 0.004 0.003 0.005 0.934 0.006 0.003 0.008 0.004 
226 TMA-ZAIN-G-    (0)    1 :  0.012 0.008 0.008 0.005 0.020 0.005 0.007 0.008 0.895 0.007 0.007 0.011 0.009 
227 TMA-ZAIN-G-    (0)    1 :  0.007 0.006 0.007 0.004 0.016 0.004 0.007 0.006 0.895 0.020 0.007 0.010 0.009 
228 TMA-ZAIN-G-    (0)    1 :  0.013 0.016 0.009 0.008 0.007 0.006 0.012 0.014 0.853 0.004 0.027 0.012 0.019 
229 TMA-ZAIN-G-    (0)    1 :  0.009 0.018 0.003 0.008 0.003 0.006 0.003 0.007 0.903 0.013 0.004 0.019 0.004 
230 TMA-ZAIN-G-    (0)    1 :  0.012 0.009 0.027 0.014 0.013 0.012 0.006 0.269 0.548 0.003 0.035 0.021 0.031 
231 TMA-ZAIN-G-    (0)    1 :  0.012 0.436 0.009 0.013 0.010 0.021 0.030 0.060 0.265 0.020 0.028 0.057 0.040 
232 TMA-ZAIN-G-    (9)    1 :  0.004 0.551 0.028 0.056 0.009 0.013 0.011 0.018 0.172 0.017 0.014 0.090 0.016 
233 TMA-ZAIN-G-    (0)    1 :  0.017 0.007 0.012 0.045 0.008 0.010 0.011 0.022 0.810 0.015 0.025 0.005 0.013 
234 TMA-ZAIN-G-    (0)    1 :  0.008 0.029 0.004 0.007 0.009 0.027 0.008 0.006 0.693 0.024 0.005 0.171 0.007 
235 TMA-ZAIN-G-    (0)    1 :  0.036 0.015 0.032 0.005 0.024 0.008 0.012 0.030 0.645 0.011 0.049 0.122 0.011 
236 TMA-ZAIN-G-    (0)    1 :  0.008 0.009 0.010 0.007 0.022 0.003 0.012 0.047 0.805 0.024 0.012 0.026 0.016 
237 TMA-ZAIN-G-    (0)    1 :  0.015 0.010 0.023 0.011 0.008 0.005 0.024 0.118 0.400 0.005 0.174 0.133 0.074 
238 TMA-ZAIN-G-    (0)    1 :  0.007 0.011 0.020 0.005 0.006 0.003 0.033 0.006 0.799 0.019 0.031 0.036 0.024 
239 TMA-ZAIN-G-    (0)    1 :  0.004 0.023 0.017 0.009 0.081 0.046 0.006 0.097 0.023 0.673 0.004 0.012 0.005 
240 TMA-ZAIN-G-    (0)    1 :  0.002 0.005 0.002 0.002 0.003 0.004 0.002 0.005 0.004 0.961 0.003 0.003 0.003 
241 TMA-ZAIN-G-    (0)    1 :  0.002 0.004 0.003 0.003 0.003 0.003 0.003 0.003 0.003 0.962 0.005 0.003 0.004 
242 TMA-ZAIN-G-    (0)    1 :  0.002 0.003 0.003 0.003 0.002 0.003 0.003 0.003 0.003 0.965 0.003 0.003 0.003 
243 TMA-ZAIN-G-    (0)    1 :  0.002 0.003 0.003 0.003 0.003 0.003 0.004 0.003 0.003 0.962 0.004 0.002 0.004 
244 TMA-ZAIN-G-    (0)    1 :  0.003 0.003 0.003 0.004 0.002 0.003 0.005 0.002 0.003 0.959 0.005 0.003 0.005 
245 TMA-ZAIN-G-    (9)    1 :  0.002 0.005 0.002 0.002 0.003 0.003 0.003 0.003 0.004 0.965 0.003 0.003 0.003 
246 TMA-ZAIN-G-    (0)    1 :  0.003 0.004 0.002 0.002 0.002 0.003 0.002 0.004 0.003 0.968 0.002 0.002 0.002 
247 TMA-ZAIN-G-    (0)    1 :  0.003 0.003 0.003 0.003 0.002 0.003 0.002 0.002 0.003 0.970 0.002 0.002 0.003 
248 TMA-ZAIN-G-    (0)    1 :  0.003 0.004 0.003 0.003 0.005 0.003 0.003 0.003 0.004 0.960 0.003 0.003 0.004 
249 TMA-ZAIN-G-    (0)    1 :  0.003 0.003 0.003 0.002 0.004 0.003 0.002 0.003 0.004 0.965 0.002 0.003 0.003 
250 TMA-ZAIN-G-    (0)    1 :  0.003 0.003 0.003 0.003 0.003 0.003 0.002 0.003 0.003 0.967 0.002 0.002 0.002 
251 TMA-ZAIN-G-    (0)    1 :  0.005 0.004 0.004 0.004 0.005 0.947 0.004 0.009 0.004 0.002 0.003 0.006 0.004 
252 TMA-ZAIN-G-    (0)    1 :  0.003 0.003 0.005 0.025 0.004 0.865 0.010 0.004 0.008 0.004 0.027 0.003 0.040 
253 TMA-ZAIN-G-    (0)    1 :  0.003 0.003 0.004 0.005 0.004 0.947 0.009 0.005 0.003 0.004 0.003 0.005 0.005 
254 TMA-ZAIN-G-    (9)    1 :  0.006 0.003 0.008 0.008 0.005 0.902 0.026 0.006 0.004 0.004 0.008 0.005 0.013 
255 TMA-ZAIN-G-    (0)    1 :  0.003 0.022 0.004 0.006 0.004 0.925 0.007 0.004 0.004 0.004 0.004 0.009 0.005 
256 TMA-ZAIN-G-    (0)    1 :  0.004 0.006 0.008 0.006 0.022 0.882 0.007 0.019 0.006 0.016 0.008 0.007 0.010 
257 TMA-ZAIN-G-    (0)    1 :  0.003 0.004 0.004 0.003 0.013 0.937 0.003 0.013 0.005 0.005 0.003 0.004 0.003 
258 TMA-ZAIN-G-    (0)    1 :  0.003 0.002 0.003 0.004 0.005 0.958 0.003 0.006 0.003 0.004 0.003 0.003 0.003 
259 TMA-ZAIN-G-    (0)    1 :  0.005 0.005 0.004 0.005 0.006 0.928 0.003 0.023 0.004 0.006 0.004 0.004 0.004 
260 TMA-ZAIN-G-    (0)    1 :  0.006 0.004 0.005 0.009 0.006 0.931 0.003 0.016 0.004 0.004 0.004 0.003 0.004 
261 TMA-ZAIN-G-   (18)    1 :  0.014 0.005 0.007 0.010 0.008 0.907 0.005 0.019 0.005 0.003 0.005 0.005 0.006 
262 TMA-ZAIN-G-    (0)    1 :  0.003 0.003 0.004 0.003 0.006 0.953 0.003 0.008 0.004 0.004 0.004 0.004 0.003 
263 TMA-ZAIN-G-    (0)    1 :  0.003 0.004 0.003 0.003 0.004 0.951 0.004 0.009 0.004 0.003 0.003 0.005 0.003 
264 TMA-ZAIN-G-    (0)    1 :  0.004 0.004 0.003 0.004 0.005 0.947 0.005 0.008 0.004 0.003 0.003 0.007 0.004 
265 TMA-ZAIN-G-    (0)    1 :  0.021 0.006 0.028 0.024 0.011 0.143 0.019 0.399 0.257 0.017 0.012 0.008 0.056 
266 TMA-ZAIN-G-    (0)    1 :  0.066 0.011 0.108 0.019 0.052 0.620 0.028 0.022 0.012 0.007 0.013 0.010 0.033 
267 TMA-ZAIN-G-    (0)    1 :  0.098 0.360 0.012 0.019 0.008 0.143 0.007 0.241 0.017 0.030 0.017 0.019 0.030 
268 TMA-ZAIN-G-    (0)    1 :  0.004 0.955 0.003 0.003 0.003 0.003 0.003 0.004 0.004 0.003 0.003 0.008 0.003 
269 TMA-ZAIN-G-    (0)    1 :  0.007 0.932 0.003 0.003 0.003 0.003 0.004 0.013 0.007 0.003 0.004 0.013 0.004 
270 TMA-ZAIN-G-    (0)    1 :  0.007 0.918 0.003 0.003 0.004 0.004 0.004 0.027 0.007 0.004 0.004 0.011 0.004 
271 TMA-ZAIN-G-    (0)    1 :  0.005 0.947 0.003 0.003 0.002 0.003 0.004 0.008 0.005 0.004 0.003 0.009 0.004 
272 TMA-ZAIN-G-    (0)    1 :  0.007 0.937 0.004 0.002 0.003 0.003 0.003 0.010 0.011 0.004 0.004 0.007 0.004 
273 TMA-ZAIN-G-    (0)    1 :  0.004 0.950 0.003 0.002 0.003 0.003 0.002 0.006 0.009 0.005 0.003 0.007 0.003 
274 TMA-ZAIN-G-    (0)    1 :  0.008 0.890 0.013 0.006 0.021 0.007 0.006 0.007 0.010 0.005 0.010 0.009 0.006 
275 TMA-ZAIN-G-    (0)    1 :  0.004 0.962 0.003 0.002 0.003 0.002 0.003 0.003 0.005 0.004 0.003 0.004 0.003 
276 TMA-ZAIN-G-    (0)    1 :  0.003 0.951 0.003 0.004 0.003 0.003 0.005 0.004 0.004 0.006 0.005 0.006 0.005 
277 TMA-ZAIN-G-    (0)    1 :  0.004 0.923 0.003 0.005 0.005 0.005 0.005 0.004 0.006 0.019 0.007 0.008 0.006 
278 TMA-ZAIN-G-    (0)    1 :  0.004 0.946 0.003 0.002 0.003 0.004 0.002 0.007 0.006 0.013 0.003 0.004 0.003 
279 TMA-ZAIN-G-    (0)    1 :  0.007 0.948 0.004 0.002 0.004 0.003 0.003 0.003 0.008 0.006 0.003 0.006 0.003 
280 TMA-ZAIN-G-    (0)    1 :  0.007 0.913 0.006 0.002 0.007 0.003 0.004 0.005 0.019 0.006 0.003 0.020 0.004 
281 TMA-ZAIN-G-    (0)    1 :  0.005 0.927 0.004 0.002 0.005 0.004 0.003 0.006 0.009 0.009 0.003 0.018 0.003 
282 TMA-ZAIN-G-    (9)    1 :  0.004 0.952 0.003 0.002 0.002 0.004 0.003 0.005 0.005 0.007 0.003 0.006 0.003 
283 TMA-ZAIN-G-    (0)    1 :  0.035 0.681 0.009 0.006 0.004 0.104 0.015 0.034 0.045 0.010 0.013 0.035 0.009 
284 TMA-ZAIN-G-    (0)    1 :  0.037 0.579 0.014 0.004 0.005 0.126 0.019 0.050 0.077 0.009 0.009 0.061 0.011 
285 TMA-ZAIN-G-    (0)    1 :  0.014 0.797 0.016 0.013 0.008 0.040 0.014 0.007 0.020 0.019 0.029 0.017 0.006 
286 TMA-ZAIN-G-    (0)    1 :  0.005 0.942 0.003 0.002 0.003 0.006 0.003 0.009 0.007 0.007 0.003 0.009 0.003 
287 TMA-ZAIN-G-    (0)    1 :  0.005 0.931 0.006 0.006 0.007 0.005 0.004 0.006 0.005 0.007 0.009 0.006 0.003 
288 TMA-ZAIN-G-    (0)    1 :  0.038 0.791 0.027 0.008 0.035 0.009 0.010 0.007 0.021 0.004 0.016 0.023 0.011 
289 TMA-ZAIN-G-    (0)    1 :  0.010 0.899 0.010 0.008 0.014 0.007 0.006 0.007 0.008 0.005 0.012 0.008 0.005 
290 TMA-ZAIN-G-    (0)    1 :  0.021 0.805 0.012 0.003 0.010 0.007 0.008 0.007 0.017 0.004 0.005 0.093 0.008 
291 TMA-ZAIN-G-    (0)    1 :  0.035 0.011 0.005 0.004 0.004 0.008 0.005 0.009 0.892 0.007 0.004 0.011 0.004 
292 TMA-ZAIN-G-    (0)    1 :  0.010 0.015 0.086 0.007 0.026 0.004 0.109 0.008 0.026 0.017 0.205 0.011 0.476 
