

----------------------------------------------------
STRUCTURE by Pritchard, Stephens and Donnelly (2000)
     and Falush, Stephens and Pritchard (2003)
       Code by Pritchard, Falush and Hubisz
             Version 2.3.4 (Jul 2012)
----------------------------------------------------



Command line arguments:   bin\structure -m C:\Users\eschumacher\Documents\GitHub\GCC_QUAC_ZAIN\Data_Files\Structure_Files\ZAIN\ZAIN_rebinned_allpop_str\50-50\mainparams -e C:\Users\eschumacher\Documents\GitHub\GCC_QUAC_ZAIN\Data_Files\Structure_Files\ZAIN\ZAIN_rebinned_allpop_str\50-50\extraparams 
Input File:    C:\Users\eschumacher\Documents\GitHub\GCC_QUAC_ZAIN\Data_Files\Structure_Files\ZAIN\ZAIN_rebinned_allpop_str\project_data

Run parameters:
   1133 individuals
   11 loci
   4 populations assumed
   50000 Burn-in period
   50000 Reps


--------------------------------------------
Proportion of membership of each pre-defined
 population in each of the 4 clusters

Given    Inferred Clusters              Number of
 Pop       1      2      3      4      Individuals

  1:     0.328  0.346  0.124  0.201      303
  2:     0.314  0.276  0.231  0.178       15
  3:     0.316  0.401  0.015  0.268        2
  4:     0.396  0.348  0.075  0.182        2
  5:     0.220  0.403  0.027  0.349        7
  6:     0.044  0.691  0.029  0.237       13
  7:     0.005  0.983  0.006  0.005       13
  8:     0.766  0.017  0.021  0.196        7
  9:     0.466  0.113  0.023  0.398       11
 10:     0.572  0.242  0.055  0.131        9
 11:     0.013  0.970  0.009  0.008       35
 12:     0.811  0.010  0.031  0.149       36
 13:     0.886  0.010  0.011  0.093       33
 14:     0.012  0.020  0.961  0.008       40
 15:     0.008  0.005  0.015  0.973       39
 16:     0.077  0.831  0.036  0.055       40
 17:     0.032  0.893  0.046  0.029       37
 18:     0.866  0.006  0.008  0.119       40
 19:     0.008  0.925  0.043  0.024       28
 20:     0.014  0.023  0.951  0.012       14
 21:     0.012  0.950  0.016  0.022       13
 22:     0.032  0.005  0.018  0.946       14
 23:     0.933  0.007  0.011  0.048       25
 24:     0.936  0.014  0.030  0.021       40
 25:     0.024  0.025  0.897  0.054       32
 26:     0.011  0.971  0.011  0.007       20
 27:     0.013  0.955  0.021  0.011        4
 28:     0.071  0.862  0.054  0.013       23
 29:     0.010  0.961  0.021  0.008       39
 30:     0.006  0.981  0.008  0.005       38
 31:     0.092  0.008  0.010  0.890       45
 32:     0.399  0.010  0.017  0.573       28
 33:     0.010  0.973  0.008  0.009        6
 34:     0.072  0.751  0.065  0.112       40
 35:     0.033  0.888  0.029  0.051       42
--------------------------------------------

Allele-freq. divergence among pops (Net nucleotide distance),
computed using point estimates of P.

      1       2       3       4      
 1      -    0.1809  0.1457  0.0771  
 2   0.1809     -    0.1141  0.1600  
 3   0.1457  0.1141     -    0.1114  
 4   0.0771  0.1600  0.1114     -    

Average distances (expected heterozygosity) between individuals in same cluster:
cluster  1  : 0.4342 
cluster  2  : 0.5627 
cluster  3  : 0.4420 
cluster  4  : 0.4330 

--------------------------------------------
Estimated Ln Prob of Data   = -23859.2
Mean value of ln likelihood = -23527.5
Variance of ln likelihood   = 663.3
Mean value of alpha         = 0.0416

Mean value of Fst_1         = 0.2410
Mean value of Fst_2         = 0.1707
Mean value of Fst_3         = 0.4148
Mean value of Fst_4         = 0.3513


Inferred ancestry of individuals:
        Label (%Miss) Pop:  Inferred clusters
  1 TMA-ZAIN-G-    (9)    1 :  0.015 0.898 0.013 0.074 
  2 TMA-ZAIN-G-    (0)    1 :  0.177 0.683 0.112 0.027 
  3 TMA-ZAIN-G-    (0)    1 :  0.808 0.006 0.013 0.173 
  4 TMA-ZAIN-G-    (0)    1 :  0.143 0.016 0.798 0.043 
  5 TMA-ZAIN-G-    (0)    1 :  0.005 0.979 0.013 0.004 
  6 TMA-ZAIN-G-    (0)    1 :  0.663 0.113 0.079 0.145 
  7 TMA-ZAIN-G-    (0)    1 :  0.389 0.019 0.041 0.551 
  8 TMA-ZAIN-G-    (0)    1 :  0.326 0.005 0.027 0.641 
  9 TMA-ZAIN-G-    (9)    1 :  0.832 0.011 0.009 0.148 
 10 TMA-ZAIN-G-    (0)    1 :  0.742 0.006 0.015 0.237 
 11 TMA-ZAIN-G-    (0)    1 :  0.735 0.008 0.010 0.247 
 12 TMA-ZAIN-G-    (0)    1 :  0.938 0.005 0.006 0.051 
 13 TMA-ZAIN-G-    (9)    1 :  0.289 0.144 0.040 0.527 
 14 TMA-ZAIN-G-    (9)    1 :  0.010 0.006 0.010 0.975 
 15 TMA-ZAIN-G-    (0)    1 :  0.006 0.004 0.007 0.983 
 16 TMA-ZAIN-G-    (0)    1 :  0.961 0.007 0.005 0.027 
 17 TMA-ZAIN-G-    (9)    1 :  0.020 0.027 0.054 0.899 
 18 TMA-ZAIN-G-    (0)    1 :  0.009 0.921 0.061 0.009 
 19 TMA-ZAIN-G-    (0)    1 :  0.037 0.811 0.017 0.135 
 20 TMA-ZAIN-G-    (0)    1 :  0.005 0.976 0.015 0.004 
 21 TMA-ZAIN-G-    (0)    1 :  0.010 0.970 0.014 0.005 
 22 TMA-ZAIN-G-    (0)    1 :  0.003 0.987 0.007 0.003 
 23 TMA-ZAIN-G-    (0)    1 :  0.008 0.979 0.006 0.007 
 24 TMA-ZAIN-G-    (9)    1 :  0.127 0.802 0.010 0.061 
 25 TMA-ZAIN-G-    (9)    1 :  0.179 0.807 0.004 0.009 
 26 TMA-ZAIN-G-    (9)    1 :  0.321 0.025 0.568 0.086 
 27 TMA-ZAIN-G-    (0)    1 :  0.017 0.776 0.045 0.163 
 28 TMA-ZAIN-G-    (0)    1 :  0.019 0.916 0.024 0.041 
 29 TMA-ZAIN-G-    (0)    1 :  0.680 0.224 0.073 0.023 
 30 TMA-ZAIN-G-    (0)    1 :  0.145 0.149 0.010 0.696 
 31 TMA-ZAIN-G-    (0)    1 :  0.007 0.920 0.068 0.006 
 32 TMA-ZAIN-G-    (9)    1 :  0.145 0.797 0.010 0.048 
 33 TMA-ZAIN-G-   (18)    1 :  0.772 0.005 0.006 0.217 
 34 TMA-ZAIN-G-    (0)    1 :  0.843 0.127 0.018 0.013 
 35 TMA-ZAIN-G-    (9)    1 :  0.897 0.011 0.014 0.078 
 36 TMA-ZAIN-G-    (0)    1 :  0.426 0.005 0.020 0.549 
 37 TMA-ZAIN-G-    (9)    1 :  0.921 0.011 0.014 0.054 
 38 TMA-ZAIN-G-   (18)    1 :  0.077 0.751 0.016 0.156 
 39 TMA-ZAIN-G-    (0)    1 :  0.971 0.005 0.011 0.013 
 40 TMA-ZAIN-G-    (0)    1 :  0.913 0.004 0.006 0.077 
 41 TMA-ZAIN-G-    (0)    1 :  0.293 0.004 0.006 0.698 
 42 TMA-ZAIN-G-    (9)    1 :  0.009 0.004 0.007 0.981 
 43 TMA-ZAIN-G-    (0)    1 :  0.008 0.005 0.013 0.975 
 44 TMA-ZAIN-G-    (0)    1 :  0.052 0.924 0.013 0.011 
 45 TMA-ZAIN-G-    (0)    1 :  0.562 0.013 0.019 0.407 
 46 TMA-ZAIN-G-    (0)    1 :  0.005 0.977 0.012 0.005 
 47 TMA-ZAIN-G-    (0)    1 :  0.005 0.005 0.985 0.005 
 48 TMA-ZAIN-G-    (0)    1 :  0.065 0.020 0.695 0.220 
 49 TMA-ZAIN-G-    (9)    1 :  0.074 0.902 0.012 0.012 
 50 TMA-ZAIN-G-    (0)    1 :  0.035 0.763 0.006 0.196 
 51 TMA-ZAIN-G-    (0)    1 :  0.020 0.651 0.051 0.278 
 52 TMA-ZAIN-G-    (0)    1 :  0.028 0.683 0.245 0.044 
 53 TMA-ZAIN-G-    (0)    1 :  0.013 0.604 0.336 0.047 
 54 TMA-ZAIN-G-    (0)    1 :  0.007 0.008 0.970 0.016 
 55 TMA-ZAIN-G-    (0)    1 :  0.008 0.014 0.931 0.047 
 56 TMA-ZAIN-G-    (0)    1 :  0.058 0.019 0.829 0.094 
 57 TMA-ZAIN-G-    (0)    1 :  0.010 0.007 0.977 0.006 
 58 TMA-ZAIN-G-    (0)    1 :  0.017 0.869 0.070 0.044 
 59 TMA-ZAIN-G-    (0)    1 :  0.056 0.873 0.031 0.040 
 60 TMA-ZAIN-G-    (0)    1 :  0.015 0.857 0.033 0.095 
 61 TMA-ZAIN-G-    (0)    1 :  0.005 0.966 0.024 0.005 
 62 TMA-ZAIN-G-    (9)    1 :  0.033 0.927 0.017 0.024 
 63 TMA-ZAIN-G-    (0)    1 :  0.007 0.951 0.029 0.013 
 64 TMA-ZAIN-G-    (0)    1 :  0.971 0.003 0.007 0.019 
 65 TMA-ZAIN-G-    (9)    1 :  0.943 0.004 0.021 0.032 
 66 TMA-ZAIN-G-    (0)    1 :  0.970 0.003 0.010 0.017 
 67 TMA-ZAIN-G-    (0)    1 :  0.977 0.008 0.007 0.008 
 68 TMA-ZAIN-G-    (0)    1 :  0.901 0.003 0.025 0.071 
 69 TMA-ZAIN-G-    (0)    1 :  0.965 0.012 0.013 0.009 
 70 TMA-ZAIN-G-    (0)    1 :  0.977 0.006 0.005 0.012 
 71 TMA-ZAIN-G-    (0)    1 :  0.984 0.005 0.005 0.007 
 72 TMA-ZAIN-G-    (0)    1 :  0.937 0.007 0.011 0.046 
 73 TMA-ZAIN-G-    (0)    1 :  0.876 0.082 0.032 0.009 
 74 TMA-ZAIN-G-    (0)    1 :  0.964 0.018 0.008 0.010 
 75 TMA-ZAIN-G-    (0)    1 :  0.961 0.008 0.015 0.015 
 76 TMA-ZAIN-G-    (0)    1 :  0.960 0.029 0.005 0.007 
 77 TMA-ZAIN-G-    (0)    1 :  0.945 0.009 0.012 0.034 
 78 TMA-ZAIN-G-    (0)    1 :  0.908 0.053 0.024 0.015 
 79 TMA-ZAIN-G-    (0)    1 :  0.885 0.029 0.034 0.052 
 80 TMA-ZAIN-G-    (0)    1 :  0.972 0.005 0.011 0.012 
 81 TMA-ZAIN-G-    (0)    1 :  0.954 0.012 0.016 0.019 
 82 TMA-ZAIN-G-    (0)    1 :  0.974 0.004 0.013 0.009 
 83 TMA-ZAIN-G-    (9)    1 :  0.866 0.086 0.036 0.012 
 84 TMA-ZAIN-G-    (0)    1 :  0.961 0.021 0.007 0.010 
 85 TMA-ZAIN-G-    (0)    1 :  0.011 0.077 0.901 0.011 
 86 TMA-ZAIN-G-    (0)    1 :  0.020 0.021 0.946 0.012 
 87 TMA-ZAIN-G-    (0)    1 :  0.010 0.266 0.716 0.008 
 88 TMA-ZAIN-G-    (0)    1 :  0.134 0.083 0.755 0.028 
 89 TMA-ZAIN-G-    (0)    1 :  0.037 0.017 0.925 0.021 
 90 TMA-ZAIN-G-    (0)    1 :  0.011 0.012 0.968 0.009 
 91 TMA-ZAIN-G-    (0)    1 :  0.011 0.018 0.958 0.012 
 92 TMA-ZAIN-G-    (0)    1 :  0.008 0.015 0.966 0.011 
 93 TMA-ZAIN-G-    (0)    1 :  0.006 0.022 0.961 0.011 
 94 TMA-ZAIN-G-    (0)    1 :  0.005 0.051 0.938 0.006 
 95 TMA-ZAIN-G-    (0)    1 :  0.022 0.921 0.008 0.049 
 96 TMA-ZAIN-G-    (0)    1 :  0.024 0.523 0.017 0.437 
 97 TMA-ZAIN-G-    (0)    1 :  0.008 0.973 0.013 0.006 
 98 TMA-ZAIN-G-    (0)    1 :  0.009 0.971 0.013 0.006 
 99 TMA-ZAIN-G-    (0)    1 :  0.140 0.839 0.005 0.016 
100 TMA-ZAIN-G-    (0)    1 :  0.005 0.967 0.021 0.006 
101 TMA-ZAIN-G-    (0)    1 :  0.024 0.958 0.012 0.006 
102 TMA-ZAIN-G-    (0)    1 :  0.022 0.933 0.011 0.034 
103 TMA-ZAIN-G-    (0)    1 :  0.015 0.961 0.015 0.009 
104 TMA-ZAIN-G-    (0)    1 :  0.006 0.977 0.011 0.006 
105 TMA-ZAIN-G-    (0)    1 :  0.017 0.953 0.020 0.010 
106 TMA-ZAIN-G-    (0)    1 :  0.303 0.004 0.006 0.687 
107 TMA-ZAIN-G-    (0)    1 :  0.973 0.005 0.007 0.016 
108 TMA-ZAIN-G-    (9)    1 :  0.165 0.430 0.048 0.357 
109 TMA-ZAIN-G-    (0)    1 :  0.400 0.313 0.106 0.182 
110 TMA-ZAIN-G-    (0)    1 :  0.253 0.481 0.039 0.227 
111 TMA-ZAIN-G-    (9)    1 :  0.095 0.852 0.040 0.012 
112 TMA-ZAIN-G-    (0)    1 :  0.201 0.499 0.040 0.259 
113 TMA-ZAIN-G-    (0)    1 :  0.045 0.912 0.033 0.010 
114 TMA-ZAIN-G-    (0)    1 :  0.005 0.984 0.007 0.004 
115 TMA-ZAIN-G-    (0)    1 :  0.008 0.976 0.009 0.007 
116 TMA-ZAIN-G-    (0)    1 :  0.972 0.005 0.014 0.010 
117 TMA-ZAIN-G-    (0)    1 :  0.674 0.007 0.041 0.278 
118 TMA-ZAIN-G-    (0)    1 :  0.969 0.005 0.014 0.012 
119 TMA-ZAIN-G-    (0)    1 :  0.967 0.012 0.012 0.008 
120 TMA-ZAIN-G-    (0)    1 :  0.943 0.008 0.022 0.027 
121 TMA-ZAIN-G-    (0)    1 :  0.944 0.006 0.022 0.028 
122 TMA-ZAIN-G-    (0)    1 :  0.900 0.009 0.030 0.061 
123 TMA-ZAIN-G-    (0)    1 :  0.007 0.969 0.010 0.014 
124 TMA-ZAIN-G-    (0)    1 :  0.011 0.005 0.006 0.978 
125 TMA-ZAIN-G-    (0)    1 :  0.018 0.003 0.052 0.927 
126 TMA-ZAIN-G-    (0)    1 :  0.013 0.005 0.009 0.973 
127 TMA-ZAIN-G-    (0)    1 :  0.016 0.004 0.005 0.975 
128 TMA-ZAIN-G-    (0)    1 :  0.048 0.005 0.010 0.938 
129 TMA-ZAIN-G-    (0)    1 :  0.015 0.005 0.006 0.973 
130 TMA-ZAIN-G-    (0)    1 :  0.015 0.005 0.030 0.950 
131 TMA-ZAIN-G-    (0)    1 :  0.009 0.005 0.006 0.980 
132 TMA-ZAIN-G-    (0)    1 :  0.099 0.005 0.039 0.858 
133 TMA-ZAIN-G-    (0)    1 :  0.146 0.009 0.039 0.807 
134 TMA-ZAIN-G-    (0)    1 :  0.076 0.007 0.028 0.889 
135 TMA-ZAIN-G-    (0)    1 :  0.934 0.006 0.007 0.053 
136 TMA-ZAIN-G-    (0)    1 :  0.951 0.005 0.022 0.022 
137 TMA-ZAIN-G-    (0)    1 :  0.952 0.007 0.008 0.034 
138 TMA-ZAIN-G-    (0)    1 :  0.425 0.004 0.015 0.555 
139 TMA-ZAIN-G-    (0)    1 :  0.772 0.006 0.057 0.165 
140 TMA-ZAIN-G-    (0)    1 :  0.930 0.006 0.006 0.058 
141 TMA-ZAIN-G-    (0)    1 :  0.800 0.007 0.009 0.184 
142 TMA-ZAIN-G-    (9)    1 :  0.962 0.005 0.007 0.027 
143 TMA-ZAIN-G-    (0)    1 :  0.837 0.006 0.007 0.151 
144 TMA-ZAIN-G-    (0)    1 :  0.802 0.007 0.044 0.147 
145 TMA-ZAIN-G-    (0)    1 :  0.972 0.003 0.011 0.013 
146 TMA-ZAIN-G-    (0)    1 :  0.981 0.004 0.005 0.010 
147 TMA-ZAIN-G-    (9)    1 :  0.978 0.004 0.006 0.012 
148 TMA-ZAIN-G-    (0)    1 :  0.651 0.004 0.047 0.297 
149 TMA-ZAIN-G-    (0)    1 :  0.677 0.033 0.146 0.145 
150 TMA-ZAIN-G-    (0)    1 :  0.809 0.024 0.138 0.030 
151 TMA-ZAIN-G-    (0)    1 :  0.925 0.004 0.007 0.065 
152 TMA-ZAIN-G-    (0)    1 :  0.972 0.004 0.007 0.017 
153 TMA-ZAIN-G-    (0)    1 :  0.846 0.004 0.019 0.131 
154 TMA-ZAIN-G-    (0)    1 :  0.971 0.004 0.009 0.016 
155 TMA-ZAIN-G-    (0)    1 :  0.967 0.005 0.005 0.023 
156 TMA-ZAIN-G-    (9)    1 :  0.587 0.007 0.028 0.377 
157 TMA-ZAIN-G-    (0)    1 :  0.551 0.006 0.009 0.435 
158 TMA-ZAIN-G-    (0)    1 :  0.977 0.005 0.007 0.011 
159 TMA-ZAIN-G-    (0)    1 :  0.980 0.004 0.006 0.009 
160 TMA-ZAIN-G-    (0)    1 :  0.984 0.004 0.007 0.006 
161 TMA-ZAIN-G-    (0)    1 :  0.822 0.004 0.028 0.146 
162 TMA-ZAIN-G-    (0)    1 :  0.918 0.038 0.033 0.011 
163 TMA-ZAIN-G-    (0)    1 :  0.983 0.004 0.004 0.008 
164 TMA-ZAIN-G-    (0)    1 :  0.972 0.006 0.011 0.011 
165 TMA-ZAIN-G-    (0)    1 :  0.981 0.004 0.005 0.010 
166 TMA-ZAIN-G-    (0)    1 :  0.956 0.004 0.009 0.031 
167 TMA-ZAIN-G-    (0)    1 :  0.915 0.009 0.008 0.068 
168 TMA-ZAIN-G-    (0)    1 :  0.950 0.007 0.008 0.035 
169 TMA-ZAIN-G-    (0)    1 :  0.982 0.004 0.007 0.007 
170 TMA-ZAIN-G-    (0)    1 :  0.690 0.023 0.006 0.281 
171 TMA-ZAIN-G-    (0)    1 :  0.983 0.005 0.005 0.007 
172 TMA-ZAIN-G-    (0)    1 :  0.120 0.005 0.005 0.870 
173 TMA-ZAIN-G-    (0)    1 :  0.070 0.005 0.006 0.919 
174 TMA-ZAIN-G-    (0)    1 :  0.882 0.003 0.008 0.107 
175 TMA-ZAIN-G-    (0)    1 :  0.979 0.005 0.006 0.010 
176 TMA-ZAIN-G-    (0)    1 :  0.975 0.004 0.006 0.015 
177 TMA-ZAIN-G-    (0)    1 :  0.856 0.005 0.005 0.134 
178 TMA-ZAIN-G-    (0)    1 :  0.104 0.006 0.006 0.884 
179 TMA-ZAIN-G-    (0)    1 :  0.692 0.005 0.006 0.298 
180 TMA-ZAIN-G-    (0)    1 :  0.119 0.007 0.020 0.853 
181 TMA-ZAIN-G-    (0)    1 :  0.014 0.004 0.006 0.976 
182 TMA-ZAIN-G-    (0)    1 :  0.009 0.005 0.006 0.980 
183 TMA-ZAIN-G-    (0)    1 :  0.014 0.004 0.004 0.978 
184 TMA-ZAIN-G-    (0)    1 :  0.076 0.048 0.056 0.820 
185 TMA-ZAIN-G-    (0)    1 :  0.050 0.060 0.072 0.817 
186 TMA-ZAIN-G-    (9)    1 :  0.044 0.007 0.008 0.941 
187 TMA-ZAIN-G-    (0)    1 :  0.044 0.005 0.004 0.947 
188 TMA-ZAIN-G-    (0)    1 :  0.058 0.004 0.004 0.933 
189 TMA-ZAIN-G-    (0)    1 :  0.020 0.003 0.004 0.973 
190 TMA-ZAIN-G-    (0)    1 :  0.041 0.004 0.005 0.949 
191 TMA-ZAIN-G-    (0)    1 :  0.030 0.044 0.027 0.898 
192 TMA-ZAIN-G-    (0)    1 :  0.015 0.008 0.007 0.970 
193 TMA-ZAIN-G-    (0)    1 :  0.005 0.004 0.009 0.981 
194 TMA-ZAIN-G-    (0)    1 :  0.005 0.004 0.015 0.975 
195 TMA-ZAIN-G-    (0)    1 :  0.010 0.004 0.007 0.980 
196 TMA-ZAIN-G-    (0)    1 :  0.007 0.004 0.007 0.982 
197 TMA-ZAIN-G-    (0)    1 :  0.008 0.004 0.014 0.974 
198 TMA-ZAIN-G-    (0)    1 :  0.009 0.004 0.007 0.980 
199 TMA-ZAIN-G-    (0)    1 :  0.027 0.006 0.009 0.958 
200 TMA-ZAIN-G-    (0)    1 :  0.004 0.981 0.006 0.010 
201 TMA-ZAIN-G-    (0)    1 :  0.007 0.981 0.007 0.005 
202 TMA-ZAIN-G-    (0)    1 :  0.007 0.974 0.005 0.014 
203 TMA-ZAIN-G-    (0)    1 :  0.008 0.005 0.007 0.979 
204 TMA-ZAIN-G-    (9)    1 :  0.019 0.870 0.099 0.013 
205 TMA-ZAIN-G-    (0)    1 :  0.040 0.919 0.032 0.009 
206 TMA-ZAIN-G-    (9)    1 :  0.011 0.933 0.032 0.024 
207 TMA-ZAIN-G-    (9)    1 :  0.825 0.022 0.134 0.020 
208 TMA-ZAIN-G-    (0)    1 :  0.984 0.004 0.004 0.008 
209 TMA-ZAIN-G-    (0)    1 :  0.081 0.004 0.032 0.884 
210 TMA-ZAIN-G-    (0)    1 :  0.105 0.004 0.018 0.873 
211 TMA-ZAIN-G-    (0)    1 :  0.171 0.027 0.016 0.786 
212 TMA-ZAIN-G-    (0)    1 :  0.316 0.007 0.016 0.661 
213 TMA-ZAIN-G-    (0)    1 :  0.262 0.005 0.010 0.723 
214 TMA-ZAIN-G-    (0)    1 :  0.652 0.005 0.008 0.336 
215 TMA-ZAIN-G-    (0)    1 :  0.695 0.127 0.003 0.174 
216 TMA-ZAIN-G-    (0)    1 :  0.052 0.006 0.009 0.933 
217 TMA-ZAIN-G-    (0)    1 :  0.688 0.004 0.009 0.299 
218 TMA-ZAIN-G-    (0)    1 :  0.033 0.933 0.008 0.026 
219 TMA-ZAIN-G-    (0)    1 :  0.007 0.956 0.020 0.017 
220 TMA-ZAIN-G-    (0)    1 :  0.029 0.950 0.010 0.011 
221 TMA-ZAIN-G-    (0)    1 :  0.014 0.917 0.016 0.054 
222 TMA-ZAIN-G-    (0)    1 :  0.018 0.934 0.016 0.032 
223 TMA-ZAIN-G-    (0)    1 :  0.007 0.977 0.010 0.006 
224 TMA-ZAIN-G-    (0)    1 :  0.015 0.830 0.031 0.124 
225 TMA-ZAIN-G-    (0)    1 :  0.005 0.975 0.006 0.013 
226 TMA-ZAIN-G-    (0)    1 :  0.012 0.946 0.013 0.029 
227 TMA-ZAIN-G-    (0)    1 :  0.009 0.962 0.006 0.023 
228 TMA-ZAIN-G-    (0)    1 :  0.053 0.900 0.020 0.027 
229 TMA-ZAIN-G-    (0)    1 :  0.010 0.977 0.009 0.004 
230 TMA-ZAIN-G-    (0)    1 :  0.092 0.468 0.130 0.310 
231 TMA-ZAIN-G-    (0)    1 :  0.020 0.952 0.015 0.014 
232 TMA-ZAIN-G-    (9)    1 :  0.011 0.964 0.010 0.015 
233 TMA-ZAIN-G-    (0)    1 :  0.174 0.749 0.041 0.036 
234 TMA-ZAIN-G-    (0)    1 :  0.008 0.969 0.014 0.009 
235 TMA-ZAIN-G-    (0)    1 :  0.038 0.817 0.015 0.130 
236 TMA-ZAIN-G-    (0)    1 :  0.012 0.960 0.008 0.020 
237 TMA-ZAIN-G-    (0)    1 :  0.146 0.749 0.048 0.058 
238 TMA-ZAIN-G-    (0)    1 :  0.013 0.971 0.007 0.009 
239 TMA-ZAIN-G-    (0)    1 :  0.019 0.739 0.158 0.084 
240 TMA-ZAIN-G-    (0)    1 :  0.005 0.975 0.015 0.005 
241 TMA-ZAIN-G-    (0)    1 :  0.015 0.966 0.011 0.007 
242 TMA-ZAIN-G-    (0)    1 :  0.013 0.973 0.008 0.006 
243 TMA-ZAIN-G-    (0)    1 :  0.024 0.955 0.012 0.009 
244 TMA-ZAIN-G-    (0)    1 :  0.026 0.959 0.007 0.008 
245 TMA-ZAIN-G-    (9)    1 :  0.006 0.983 0.006 0.005 
246 TMA-ZAIN-G-    (0)    1 :  0.005 0.985 0.006 0.004 
247 TMA-ZAIN-G-    (0)    1 :  0.011 0.974 0.009 0.006 
248 TMA-ZAIN-G-    (0)    1 :  0.008 0.976 0.007 0.009 
249 TMA-ZAIN-G-    (0)    1 :  0.006 0.982 0.006 0.006 
250 TMA-ZAIN-G-    (0)    1 :  0.007 0.981 0.006 0.006 
251 TMA-ZAIN-G-    (0)    1 :  0.005 0.005 0.985 0.006 
252 TMA-ZAIN-G-    (0)    1 :  0.076 0.006 0.903 0.015 
253 TMA-ZAIN-G-    (0)    1 :  0.008 0.005 0.981 0.006 
254 TMA-ZAIN-G-    (9)    1 :  0.019 0.005 0.967 0.009 
255 TMA-ZAIN-G-    (0)    1 :  0.008 0.012 0.975 0.006 
256 TMA-ZAIN-G-    (0)    1 :  0.007 0.007 0.975 0.011 
257 TMA-ZAIN-G-    (0)    1 :  0.004 0.004 0.985 0.007 
258 TMA-ZAIN-G-    (0)    1 :  0.005 0.004 0.987 0.005 
259 TMA-ZAIN-G-    (0)    1 :  0.005 0.005 0.986 0.005 
260 TMA-ZAIN-G-    (0)    1 :  0.005 0.004 0.984 0.006 
261 TMA-ZAIN-G-   (18)    1 :  0.007 0.006 0.978 0.009 
262 TMA-ZAIN-G-    (0)    1 :  0.004 0.005 0.986 0.005 
263 TMA-ZAIN-G-    (0)    1 :  0.005 0.005 0.985 0.005 
264 TMA-ZAIN-G-    (0)    1 :  0.006 0.006 0.983 0.005 
265 TMA-ZAIN-G-    (0)    1 :  0.071 0.111 0.795 0.024 
266 TMA-ZAIN-G-    (0)    1 :  0.045 0.028 0.732 0.195 
267 TMA-ZAIN-G-    (0)    1 :  0.013 0.231 0.747 0.009 
268 TMA-ZAIN-G-    (0)    1 :  0.005 0.985 0.006 0.004 
269 TMA-ZAIN-G-    (0)    1 :  0.007 0.979 0.009 0.006 
270 TMA-ZAIN-G-    (0)    1 :  0.007 0.974 0.014 0.005 
271 TMA-ZAIN-G-    (0)    1 :  0.005 0.983 0.008 0.004 
272 TMA-ZAIN-G-    (0)    1 :  0.006 0.983 0.006 0.006 
273 TMA-ZAIN-G-    (0)    1 :  0.004 0.987 0.005 0.004 
274 TMA-ZAIN-G-    (0)    1 :  0.008 0.968 0.009 0.015 
275 TMA-ZAIN-G-    (0)    1 :  0.004 0.989 0.003 0.004 
276 TMA-ZAIN-G-    (0)    1 :  0.005 0.987 0.004 0.004 
277 TMA-ZAIN-G-    (0)    1 :  0.005 0.982 0.008 0.004 
278 TMA-ZAIN-G-    (0)    1 :  0.004 0.983 0.008 0.004 
279 TMA-ZAIN-G-    (0)    1 :  0.004 0.985 0.005 0.006 
280 TMA-ZAIN-G-    (0)    1 :  0.004 0.985 0.005 0.006 
281 TMA-ZAIN-G-    (0)    1 :  0.005 0.984 0.007 0.005 
282 TMA-ZAIN-G-    (9)    1 :  0.004 0.986 0.007 0.003 
283 TMA-ZAIN-G-    (0)    1 :  0.005 0.967 0.023 0.005 
284 TMA-ZAIN-G-    (0)    1 :  0.006 0.939 0.048 0.006 
285 TMA-ZAIN-G-    (0)    1 :  0.007 0.975 0.009 0.009 
286 TMA-ZAIN-G-    (0)    1 :  0.003 0.986 0.007 0.003 
287 TMA-ZAIN-G-    (0)    1 :  0.006 0.980 0.007 0.008 
288 TMA-ZAIN-G-    (0)    1 :  0.012 0.952 0.009 0.027 
289 TMA-ZAIN-G-    (0)    1 :  0.008 0.972 0.008 0.012 
290 TMA-ZAIN-G-    (0)    1 :  0.005 0.980 0.008 0.007 
291 TMA-ZAIN-G-    (0)    1 :  0.007 0.973 0.008 0.012 
292 TMA-ZAIN-G-    (0)    1 :  0.774 0.018 0.007 0.201 
293 TMA-ZAIN-G-    (0)    1 :  0.931 0.007 0.018 0.044 
294 TMA-ZAIN-G-    (0)    1 :  0.976 0.005 0.009 0.010 
295 TMA-ZAIN-G-    (9)    1 :  0.967 0.008 0.009 0.016 
296 TMA-ZAIN-G-    (0)    1 :  0.833 0.015 0.016 0.135 
297 TMA-ZAIN-G-    (0)    1 :  0.897 0.009 0.016 0.078 
298 TMA-ZAIN-G-    (0)    1 :  0.884 0.024 0.080 0.012 
299 TMA-ZAIN-G-    (0)    1 :  0.981 0.007 0.004 0.008 
300 TMA-ZAIN-G-    (0)    1 :  0.955 0.006 0.008 0.031 
301 TMA-ZAIN-G-    (0)    1 :  0.922 0.009 0.011 0.058 
302 TMA-ZAIN-G-    (9)    1 :  0.875 0.006 0.008 0.112 
303 TMA-ZAIN-G-    (0)    1 :  0.005 0.727 0.092 0.176 
304 TMA-ZAIN-G-    (0)    2 :  0.206 0.016 0.594 0.183 
305 TMA-ZAIN-G-    (0)    2 :  0.949 0.005 0.010 0.035 
306 TMA-ZAIN-G-    (0)    2 :  0.384 0.076 0.487 0.053 
307 TMA-ZAIN-G-    (0)    2 :  0.345 0.013 0.486 0.155 
308 TMA-ZAIN-G-    (0)    2 :  0.009 0.128 0.853 0.010 
309 TMA-ZAIN-G-    (0)    2 :  0.030 0.004 0.004 0.961 
310 TMA-ZAIN-G-    (0)    2 :  0.935 0.023 0.027 0.016 
311 TMA-ZAIN-G-    (0)    2 :  0.703 0.033 0.096 0.168 
312 TMA-ZAIN-G-    (0)    2 :  0.084 0.009 0.012 0.895 
313 TMA-ZAIN-G-    (0)    2 :  0.115 0.009 0.802 0.074 
314 TMA-ZAIN-G-    (0)    2 :  0.009 0.960 0.014 0.017 
315 TMA-ZAIN-G-    (0)    2 :  0.476 0.462 0.021 0.042 
316 TMA-ZAIN-G-    (0)    2 :  0.415 0.525 0.019 0.041 
317 TMA-ZAIN-G-    (0)    2 :  0.040 0.925 0.019 0.015 
318 TMA-ZAIN-G-    (9)    2 :  0.008 0.959 0.026 0.007 
319 TMA-ZAIN-G-    (0)    3 :  0.008 0.490 0.022 0.480 
320 TMA-ZAIN-G-    (0)    3 :  0.624 0.312 0.008 0.056 
321 TMA-ZAIN-G-    (0)    4 :  0.373 0.350 0.016 0.260 
322 TMA-ZAIN-G-    (0)    4 :  0.418 0.345 0.133 0.104 
323 TMA-ZAIN-G-    (0)    5 :  0.033 0.762 0.045 0.160 
324 TMA-ZAIN-G-    (0)    5 :  0.872 0.009 0.038 0.081 
325 TMA-ZAIN-G-    (0)    5 :  0.015 0.948 0.013 0.024 
326 TMA-ZAIN-G-    (0)    5 :  0.029 0.424 0.023 0.524 
327 TMA-ZAIN-G-    (0)    5 :  0.008 0.004 0.022 0.966 
328 TMA-ZAIN-G-    (0)    5 :  0.061 0.668 0.015 0.257 
329 TMA-ZAIN-G-    (0)    5 :  0.524 0.009 0.035 0.432 
330 TMA-ZAIN-G-    (0)    6 :  0.242 0.005 0.039 0.714 
331 TMA-ZAIN-G-    (0)    6 :  0.260 0.118 0.255 0.367 
332 TMA-ZAIN-G-    (0)    6 :  0.012 0.003 0.004 0.980 
333 TMA-ZAIN-G-    (0)    6 :  0.006 0.004 0.009 0.982 
334 TMA-ZAIN-G-    (0)    6 :  0.004 0.983 0.009 0.004 
335 TMA-ZAIN-G-    (0)    6 :  0.007 0.982 0.006 0.005 
336 TMA-ZAIN-G-    (0)    6 :  0.009 0.970 0.014 0.007 
337 TMA-ZAIN-G-    (9)    6 :  0.006 0.981 0.007 0.005 
338 TMA-ZAIN-G-    (0)    6 :  0.004 0.987 0.006 0.003 
339 TMA-ZAIN-G-    (0)    6 :  0.003 0.989 0.005 0.003 
340 TMA-ZAIN-G-    (0)    6 :  0.005 0.986 0.005 0.004 
341 TMA-ZAIN-G-    (0)    6 :  0.006 0.985 0.004 0.005 
342 TMA-ZAIN-G-    (0)    6 :  0.006 0.982 0.008 0.004 
343 TMA-ZAIN-G-    (0)    7 :  0.004 0.989 0.004 0.004 
344 TMA-ZAIN-G-    (0)    7 :  0.005 0.984 0.005 0.005 
345 TMA-ZAIN-G-    (0)    7 :  0.003 0.988 0.006 0.003 
346 TMA-ZAIN-G-    (0)    7 :  0.004 0.988 0.005 0.004 
347 TMA-ZAIN-G-    (9)    7 :  0.005 0.986 0.005 0.004 
348 TMA-ZAIN-G-    (0)    7 :  0.006 0.978 0.010 0.005 
349 TMA-ZAIN-G-    (0)    7 :  0.004 0.986 0.005 0.004 
350 TMA-ZAIN-G-    (0)    7 :  0.008 0.979 0.007 0.007 
351 TMA-ZAIN-G-    (0)    7 :  0.005 0.984 0.007 0.004 
352 TMA-ZAIN-G-    (0)    7 :  0.009 0.976 0.010 0.005 
353 TMA-ZAIN-G-    (0)    7 :  0.005 0.980 0.006 0.008 
354 TMA-ZAIN-G-    (0)    7 :  0.004 0.987 0.003 0.005 
355 TMA-ZAIN-G-    (0)    7 :  0.009 0.979 0.005 0.008 
356 TMA-ZAIN-G-    (0)    8 :  0.970 0.006 0.020 0.004 
357 TMA-ZAIN-G-    (0)    8 :  0.662 0.010 0.020 0.309 
358 TMA-ZAIN-G-    (0)    8 :  0.573 0.066 0.049 0.312 
359 TMA-ZAIN-G-    (0)    8 :  0.946 0.016 0.031 0.007 
360 TMA-ZAIN-G-    (0)    8 :  0.981 0.004 0.006 0.008 
361 TMA-ZAIN-G-    (0)    8 :  0.254 0.007 0.014 0.726 
362 TMA-ZAIN-G-    (0)    8 :  0.978 0.010 0.005 0.006 
363 TMA-ZAIN-G-    (0)    9 :  0.273 0.014 0.024 0.689 
364 TMA-ZAIN-G-    (0)    9 :  0.025 0.932 0.022 0.020 
365 TMA-ZAIN-G-    (0)    9 :  0.723 0.236 0.006 0.036 
366 TMA-ZAIN-G-    (0)    9 :  0.968 0.005 0.018 0.008 
367 TMA-ZAIN-G-    (0)    9 :  0.053 0.029 0.140 0.779 
368 TMA-ZAIN-G-    (0)    9 :  0.957 0.006 0.015 0.023 
369 TMA-ZAIN-G-    (0)    9 :  0.061 0.004 0.006 0.929 
370 TMA-ZAIN-G-    (0)    9 :  0.112 0.007 0.006 0.875 
371 TMA-ZAIN-G-    (0)    9 :  0.979 0.005 0.007 0.010 
372 TMA-ZAIN-G-    (0)    9 :  0.966 0.004 0.007 0.023 
373 TMA-ZAIN-G-    (0)    9 :  0.005 0.004 0.006 0.985 
374 TMA-ZAIN-G-    (0)   10 :  0.034 0.282 0.207 0.477 
375 TMA-ZAIN-G-    (0)   10 :  0.039 0.398 0.013 0.550 
376 TMA-ZAIN-G-    (9)   10 :  0.976 0.005 0.004 0.015 
377 TMA-ZAIN-G-    (0)   10 :  0.981 0.003 0.005 0.010 
378 TMA-ZAIN-G-    (0)   10 :  0.979 0.004 0.005 0.012 
379 TMA-ZAIN-G-    (0)   10 :  0.947 0.004 0.025 0.025 
380 TMA-ZAIN-G-    (0)   10 :  0.977 0.004 0.008 0.011 
381 TMA-ZAIN-G-    (9)   10 :  0.205 0.507 0.219 0.070 
382 TMA-ZAIN-G-    (9)   10 :  0.008 0.972 0.007 0.012 
383    ZFB01    (0)   11 :  0.009 0.977 0.008 0.006 
384    ZFB02    (0)   11 :  0.005 0.977 0.015 0.003 
385    ZFB03    (0)   11 :  0.007 0.970 0.010 0.013 
386    ZFB04    (0)   11 :  0.005 0.982 0.009 0.004 
387    ZFB05    (0)   11 :  0.004 0.981 0.011 0.005 
388    ZFB06    (0)   11 :  0.004 0.983 0.008 0.005 
389    ZFB07    (9)   11 :  0.012 0.969 0.007 0.011 
390    ZFB08    (0)   11 :  0.008 0.971 0.011 0.009 
391    ZFB09    (0)   11 :  0.006 0.982 0.007 0.005 
392    ZFB10    (0)   11 :  0.024 0.955 0.014 0.007 
393    ZFB11    (0)   11 :  0.020 0.965 0.009 0.007 
394    ZFB12    (0)   11 :  0.008 0.978 0.005 0.009 
395    ZFB13    (0)   11 :  0.012 0.972 0.008 0.009 
396    ZFB14    (0)   11 :  0.015 0.966 0.013 0.007 
397    ZFB15    (0)   11 :  0.004 0.988 0.004 0.003 
398    ZFB16    (0)   11 :  0.006 0.985 0.005 0.005 
399    ZFB17    (0)   11 :  0.006 0.979 0.010 0.005 
400    ZFB18    (0)   11 :  0.011 0.973 0.011 0.006 
401    ZFB19    (0)   11 :  0.038 0.939 0.006 0.017 
402    ZFB20    (0)   11 :  0.005 0.986 0.004 0.005 
403    ZFB21    (0)   11 :  0.004 0.986 0.005 0.005 
404    ZFB22    (0)   11 :  0.007 0.983 0.005 0.005 
405    ZFB23    (0)   11 :  0.014 0.970 0.007 0.009 
406    ZFB24    (0)   11 :  0.013 0.975 0.006 0.006 
407    ZFB25    (0)   11 :  0.061 0.911 0.010 0.018 
408    ZFB26    (0)   11 :  0.028 0.951 0.010 0.010 
409    ZFB27    (0)   11 :  0.013 0.974 0.006 0.007 
410    ZFB28    (0)   11 :  0.009 0.972 0.008 0.012 
411    ZFB29    (0)   11 :  0.007 0.978 0.011 0.004 
412    ZFB30    (0)   11 :  0.009 0.979 0.005 0.007 
413    ZFB31    (0)   11 :  0.052 0.924 0.008 0.016 
414    ZFB32    (0)   11 :  0.016 0.946 0.019 0.020 
415    ZFB33    (0)   11 :  0.005 0.985 0.006 0.004 
416    ZFB34    (0)   11 :  0.008 0.975 0.011 0.006 
417    ZFB35    (0)   11 :  0.011 0.969 0.012 0.008 
418  ZFBP101    (0)   12 :  0.666 0.013 0.117 0.205 
419  ZFBP102    (0)   12 :  0.850 0.016 0.028 0.106 
420  ZFBP103    (0)   12 :  0.216 0.011 0.210 0.562 
421  ZFBP104    (0)   12 :  0.476 0.085 0.005 0.434 
422  ZFBP105    (0)   12 :  0.712 0.009 0.008 0.271 
423  ZFBP106    (0)   12 :  0.871 0.005 0.010 0.114 
424  ZFBP107    (0)   12 :  0.509 0.015 0.011 0.465 
425  ZFBP108    (0)   12 :  0.974 0.005 0.004 0.017 
426  ZFBP109    (0)   12 :  0.980 0.004 0.004 0.012 
427  ZFBP110    (0)   12 :  0.159 0.031 0.073 0.737 
428  ZFBP111    (0)   12 :  0.965 0.004 0.005 0.026 
429  ZFBP112    (0)   12 :  0.969 0.006 0.010 0.015 
430  ZFBP113    (0)   12 :  0.977 0.005 0.005 0.013 
431  ZFBP114    (0)   12 :  0.957 0.006 0.007 0.030 
432  ZFBP115    (0)   12 :  0.233 0.005 0.009 0.753 
433  ZFBP116    (0)   12 :  0.968 0.005 0.006 0.021 
434  ZFBP117    (0)   12 :  0.974 0.004 0.008 0.015 
435  ZFBP118    (0)   12 :  0.969 0.005 0.006 0.019 
436  ZFBP119    (0)   12 :  0.713 0.005 0.032 0.251 
437  ZFBP120    (0)   12 :  0.776 0.010 0.006 0.209 
438  ZFBP121    (0)   12 :  0.960 0.005 0.011 0.023 
439  ZFBP122    (9)   12 :  0.958 0.005 0.006 0.031 
440  ZFBP123    (0)   12 :  0.958 0.006 0.022 0.013 
441  ZFBP124    (0)   12 :  0.971 0.007 0.007 0.014 
442  ZFBP125    (0)   12 :  0.968 0.004 0.007 0.022 
443  ZFBP126    (0)   12 :  0.932 0.018 0.037 0.014 
444  ZFBP127    (0)   12 :  0.753 0.004 0.018 0.224 
445  ZFBP128    (0)   12 :  0.973 0.004 0.009 0.015 
446  ZFBP129    (0)   12 :  0.976 0.005 0.010 0.009 
447  ZFBP130    (0)   12 :  0.969 0.004 0.012 0.015 
448  ZFBP131    (0)   12 :  0.983 0.005 0.005 0.006 
449  ZFBP132    (0)   12 :  0.962 0.005 0.005 0.028 
450  ZFBP133    (0)   12 :  0.984 0.003 0.007 0.005 
451  ZFBP134    (0)   12 :  0.464 0.005 0.048 0.483 
452  ZFBP135    (0)   12 :  0.668 0.011 0.230 0.091 
453  ZFBP136    (0)   12 :  0.803 0.007 0.101 0.089 
454  ZFBP201    (0)   13 :  0.955 0.010 0.007 0.028 
455  ZFBP202    (0)   13 :  0.956 0.005 0.006 0.032 
456  ZFBP203    (0)   13 :  0.963 0.019 0.007 0.012 
457  ZFBP204    (0)   13 :  0.783 0.007 0.021 0.189 
458  ZFBP205    (0)   13 :  0.979 0.005 0.010 0.006 
459  ZFBP206    (0)   13 :  0.966 0.007 0.020 0.007 
460  ZFBP207    (0)   13 :  0.400 0.006 0.020 0.573 
461  ZFBP208    (0)   13 :  0.971 0.009 0.011 0.010 
462  ZFBP209    (0)   13 :  0.983 0.003 0.008 0.006 
463  ZFBP210    (0)   13 :  0.961 0.009 0.008 0.023 
464  ZFBP211    (0)   13 :  0.970 0.006 0.007 0.017 
465  ZFBP212    (0)   13 :  0.685 0.006 0.004 0.305 
466  ZFBP213    (0)   13 :  0.957 0.008 0.020 0.014 
467  ZFBP214    (0)   13 :  0.899 0.009 0.047 0.046 
468  ZFBP215    (0)   13 :  0.978 0.004 0.008 0.010 
469  ZFBP216    (0)   13 :  0.922 0.011 0.007 0.060 
470  ZFBP217    (0)   13 :  0.956 0.005 0.007 0.031 
471  ZFBP218    (0)   13 :  0.984 0.004 0.004 0.008 
472  ZFBP219    (0)   13 :  0.979 0.005 0.004 0.011 
473  ZFBP220    (0)   13 :  0.939 0.004 0.013 0.043 
474  ZFBP221    (0)   13 :  0.826 0.006 0.004 0.164 
475  ZFBP222    (0)   13 :  0.977 0.006 0.010 0.006 
476  ZFBP223    (0)   13 :  0.400 0.010 0.015 0.575 
477  ZFBP224    (0)   13 :  0.972 0.006 0.009 0.013 
478  ZFBP225    (0)   13 :  0.899 0.005 0.012 0.083 
479  ZFBP226    (0)   13 :  0.975 0.006 0.005 0.014 
480  ZFBP227    (0)   13 :  0.636 0.129 0.009 0.226 
481  ZFBP228    (0)   13 :  0.540 0.005 0.020 0.435 
482  ZFBP229    (0)   13 :  0.976 0.004 0.007 0.013 
483  ZFBP230    (0)   13 :  0.937 0.005 0.016 0.042 
484  ZFBP231    (0)   13 :  0.963 0.006 0.008 0.023 
485  ZFBP232    (0)   13 :  0.981 0.004 0.005 0.010 
486  ZFBP233    (0)   13 :  0.966 0.007 0.008 0.019 
487   ZFCC01    (0)   14 :  0.005 0.006 0.984 0.005 
488   ZFCC03    (0)   14 :  0.006 0.004 0.984 0.006 
489   ZFCC04    (0)   14 :  0.005 0.005 0.985 0.005 
490   ZFCC05    (0)   14 :  0.006 0.007 0.978 0.009 
491   ZFCC08    (0)   14 :  0.012 0.004 0.976 0.009 
492   ZFCC09    (0)   14 :  0.005 0.005 0.984 0.006 
493   ZFCC10    (0)   14 :  0.005 0.007 0.983 0.004 
494   ZFCC11    (0)   14 :  0.006 0.005 0.983 0.006 
495   ZFCC12    (0)   14 :  0.007 0.027 0.956 0.009 
496   ZFCC13    (0)   14 :  0.011 0.007 0.969 0.013 
497   ZFCC14    (0)   14 :  0.011 0.008 0.976 0.006 
498   ZFCC15    (0)   14 :  0.006 0.007 0.981 0.006 
499   ZFCC16    (0)   14 :  0.005 0.006 0.985 0.005 
500   ZFCC17    (0)   14 :  0.004 0.007 0.984 0.005 
501   ZFCC18    (0)   14 :  0.006 0.005 0.983 0.006 
502   ZFCC19    (0)   14 :  0.004 0.009 0.983 0.004 
503   ZFCC20    (0)   14 :  0.005 0.005 0.983 0.007 
504   ZFCC21    (0)   14 :  0.032 0.010 0.949 0.009 
505   ZFCC22    (0)   14 :  0.129 0.006 0.844 0.022 
506   ZFCC26    (0)   14 :  0.005 0.005 0.985 0.005 
507   ZFCC27    (0)   14 :  0.005 0.004 0.985 0.006 
508   ZFCC29    (0)   14 :  0.005 0.007 0.982 0.006 
509   ZFCC30    (0)   14 :  0.004 0.004 0.984 0.007 
510   ZFCC32    (0)   14 :  0.005 0.008 0.978 0.008 
511   ZFCC33    (0)   14 :  0.005 0.008 0.981 0.007 
512   ZFCC34    (0)   14 :  0.043 0.014 0.916 0.026 
513   ZFCC35    (0)   14 :  0.005 0.004 0.986 0.005 
514   ZFCC36    (0)   14 :  0.010 0.007 0.975 0.008 
515   ZFCC37    (0)   14 :  0.009 0.029 0.951 0.011 
516   ZFCC40    (0)   14 :  0.007 0.006 0.983 0.004 
517   ZFCC42    (0)   14 :  0.008 0.483 0.480 0.028 
518   ZFCC44    (0)   14 :  0.004 0.004 0.986 0.006 
519   ZFCC45    (9)   14 :  0.006 0.017 0.970 0.007 
520   ZFCC46    (0)   14 :  0.013 0.004 0.967 0.016 
521   ZFCC47    (0)   14 :  0.006 0.013 0.975 0.006 
522   ZFCC48    (0)   14 :  0.026 0.006 0.959 0.008 
523   ZFCC50    (0)   14 :  0.004 0.005 0.986 0.005 
524   ZFCC51    (0)   14 :  0.004 0.005 0.984 0.006 
525   ZFCC52    (0)   14 :  0.013 0.005 0.974 0.007 
526   ZFCC53    (0)   14 :  0.004 0.004 0.986 0.005 
527  ZFCNS01    (0)   15 :  0.004 0.006 0.007 0.982 
528  ZFCNS02    (0)   15 :  0.006 0.004 0.014 0.975 
529  ZFCNS05    (0)   15 :  0.009 0.005 0.016 0.969 
530  ZFCNS06    (0)   15 :  0.007 0.004 0.016 0.973 
531  ZFCNS07    (0)   15 :  0.016 0.005 0.007 0.972 
532  ZFCNS10    (0)   15 :  0.007 0.004 0.006 0.983 
533  ZFCNS11    (0)   15 :  0.005 0.005 0.009 0.981 
534  ZFCNS15    (0)   15 :  0.010 0.004 0.005 0.981 
535  ZFCNS17    (0)   15 :  0.007 0.004 0.019 0.970 
536  ZFCNS18    (0)   15 :  0.006 0.004 0.008 0.982 
537  ZFCNS19    (0)   15 :  0.005 0.004 0.013 0.978 
538  ZFCNS20    (0)   15 :  0.015 0.005 0.012 0.969 
539  ZFCNS21    (0)   15 :  0.005 0.004 0.010 0.981 
540  ZFCNS22    (0)   15 :  0.013 0.005 0.009 0.972 
541  ZFCNS23    (0)   15 :  0.009 0.010 0.029 0.952 
542  ZFCNS24    (0)   15 :  0.006 0.004 0.034 0.956 
543  ZFCNS25    (0)   15 :  0.012 0.004 0.014 0.970 
544  ZFCNS26    (0)   15 :  0.007 0.005 0.005 0.983 
545  ZFCNS27    (0)   15 :  0.015 0.004 0.005 0.976 
546  ZFCNS28    (0)   15 :  0.007 0.005 0.010 0.978 
547  ZFCNS29    (0)   15 :  0.009 0.004 0.017 0.969 
548  ZFCNS30    (0)   15 :  0.006 0.005 0.015 0.974 
549  ZFCNS31    (0)   15 :  0.006 0.004 0.007 0.983 
550  ZFCNS32    (0)   15 :  0.007 0.004 0.010 0.979 
551  ZFCNS33    (0)   15 :  0.006 0.004 0.007 0.983 
552  ZFCNS34    (0)   15 :  0.007 0.005 0.039 0.950 
553  ZFCNS35    (0)   15 :  0.006 0.005 0.008 0.982 
554  ZFCNS36    (0)   15 :  0.008 0.004 0.089 0.898 
555  ZFCNS37    (0)   15 :  0.005 0.004 0.008 0.983 
556  ZFCNS39    (0)   15 :  0.006 0.003 0.009 0.982 
557  ZFCNS40    (0)   15 :  0.009 0.004 0.043 0.944 
558  ZFCNS41    (0)   15 :  0.009 0.006 0.011 0.974 
559  ZFCNS42    (0)   15 :  0.006 0.004 0.007 0.984 
560  ZFCNS43    (0)   15 :  0.005 0.004 0.014 0.978 
561  ZFCNS44    (0)   15 :  0.005 0.003 0.009 0.983 
562  ZFCNS46    (0)   15 :  0.007 0.004 0.008 0.981 
563  ZFCNS47    (0)   15 :  0.005 0.004 0.010 0.981 
564  ZFCNS48    (0)   15 :  0.007 0.004 0.007 0.981 
565  ZFCNS49    (0)   15 :  0.007 0.004 0.004 0.984 
566   ZFCR01    (0)   16 :  0.038 0.938 0.017 0.007 
567   ZFCR02    (0)   16 :  0.108 0.826 0.038 0.028 
568   ZFCR03    (0)   16 :  0.048 0.917 0.027 0.008 
569   ZFCR04    (0)   16 :  0.017 0.949 0.013 0.021 
570   ZFCR05    (0)   16 :  0.010 0.958 0.025 0.007 
571   ZFCR06    (0)   16 :  0.146 0.595 0.037 0.222 
572   ZFCR07    (0)   16 :  0.017 0.691 0.045 0.247 
573   ZFCR08    (0)   16 :  0.074 0.819 0.095 0.012 
574   ZFCR09    (0)   16 :  0.066 0.866 0.028 0.040 
575   ZFCR11    (0)   16 :  0.032 0.808 0.017 0.144 
576   ZFCR12    (0)   16 :  0.040 0.568 0.036 0.357 
577   ZFCR13    (0)   16 :  0.163 0.781 0.015 0.041 
578   ZFCR14    (0)   16 :  0.033 0.906 0.039 0.022 
579   ZFCR15    (0)   16 :  0.033 0.933 0.021 0.013 
580   ZFCR16    (0)   16 :  0.102 0.868 0.018 0.011 
581   ZFCR18    (0)   16 :  0.010 0.966 0.016 0.008 
582   ZFCR19    (0)   16 :  0.144 0.800 0.032 0.024 
583   ZFCR20    (0)   16 :  0.091 0.875 0.021 0.013 
584   ZFCR21    (0)   16 :  0.030 0.891 0.061 0.018 
585   ZFCR22    (0)   16 :  0.055 0.908 0.018 0.020 
586   ZFCR23    (0)   16 :  0.071 0.898 0.005 0.026 
587   ZFCR24    (9)   16 :  0.487 0.490 0.010 0.013 
588   ZFCR25    (0)   16 :  0.011 0.966 0.011 0.012 
589   ZFCR26    (0)   16 :  0.085 0.847 0.046 0.022 
590   ZFCR27    (9)   16 :  0.005 0.985 0.006 0.004 
591   ZFCR28    (0)   16 :  0.401 0.514 0.013 0.072 
592   ZFCR29    (0)   16 :  0.024 0.955 0.014 0.008 
593   ZFCR30    (0)   16 :  0.028 0.901 0.023 0.049 
594   ZFCR31    (0)   16 :  0.106 0.775 0.022 0.097 
595   ZFCR33    (0)   16 :  0.038 0.863 0.051 0.047 
596   ZFCR34    (0)   16 :  0.066 0.816 0.040 0.078 
597   ZFCR35    (0)   16 :  0.008 0.967 0.018 0.007 
598   ZFCR36    (0)   16 :  0.014 0.953 0.013 0.020 
599   ZFCR37    (0)   16 :  0.010 0.875 0.104 0.011 
600   ZFCR38    (0)   16 :  0.020 0.881 0.075 0.024 
601   ZFCR39    (0)   16 :  0.163 0.748 0.068 0.021 
602   ZFCR40    (0)   16 :  0.020 0.921 0.035 0.024 
603   ZFCR41    (0)   16 :  0.039 0.572 0.105 0.284 
604   ZFCR42    (0)   16 :  0.100 0.640 0.157 0.103 
605   ZFCR43    (0)   16 :  0.145 0.827 0.012 0.016 
606  ZFENP25    (0)   17 :  0.009 0.957 0.014 0.019 
607  ZFENP26    (0)   17 :  0.005 0.970 0.007 0.018 
608  ZFENP27    (0)   17 :  0.012 0.585 0.319 0.083 
609  ZFENP28    (0)   17 :  0.008 0.953 0.022 0.016 
610  ZFENP29    (0)   17 :  0.009 0.958 0.021 0.012 
611  ZFENP30    (0)   17 :  0.010 0.846 0.130 0.013 
612  ZFENP31    (0)   17 :  0.013 0.907 0.069 0.011 
613  ZFENP32    (0)   17 :  0.014 0.941 0.020 0.025 
614  ZFENP33    (0)   17 :  0.008 0.969 0.012 0.011 
615  ZFENP34    (0)   17 :  0.006 0.961 0.024 0.008 
616  ZFENP35    (0)   17 :  0.011 0.947 0.009 0.033 
617  ZFENP36    (0)   17 :  0.004 0.984 0.005 0.007 
618  ZFENP37    (0)   17 :  0.008 0.967 0.012 0.012 
619  ZFENP38    (0)   17 :  0.017 0.841 0.064 0.078 
620  ZFENP39    (0)   17 :  0.007 0.961 0.021 0.011 
621  ZFENP40    (0)   17 :  0.008 0.972 0.012 0.009 
622  ZFENP41    (0)   17 :  0.010 0.869 0.107 0.014 
623  ZFENP42    (0)   17 :  0.008 0.964 0.016 0.011 
624  ZFENP43    (0)   17 :  0.010 0.715 0.080 0.195 
625  ZFENP44    (0)   17 :  0.010 0.922 0.041 0.026 
626  ZFENP45    (0)   17 :  0.397 0.541 0.040 0.022 
627  ZFENP46    (0)   17 :  0.013 0.955 0.005 0.027 
628  ZFENP47    (0)   17 :  0.059 0.897 0.038 0.006 
629  ZFENP48    (0)   17 :  0.020 0.907 0.062 0.011 
630  ZFENP49    (0)   17 :  0.030 0.888 0.065 0.016 
631  ZFENP50    (0)   17 :  0.115 0.832 0.006 0.047 
632  ZFENP51    (0)   17 :  0.012 0.972 0.010 0.006 
633  ZFENP52    (0)   17 :  0.009 0.839 0.060 0.092 
634  ZFENP53    (0)   17 :  0.052 0.901 0.013 0.034 
635  ZFENP54    (0)   17 :  0.203 0.700 0.043 0.053 
636  ZFENP55    (0)   17 :  0.008 0.979 0.006 0.007 
637  ZFENP56    (0)   17 :  0.008 0.912 0.016 0.064 
638  ZFENP57    (0)   17 :  0.006 0.973 0.007 0.015 
639  ZFENP58    (0)   17 :  0.050 0.772 0.148 0.030 
640  ZFENP59    (0)   17 :  0.010 0.845 0.136 0.010 
641  ZFENP60    (0)   17 :  0.010 0.971 0.011 0.007 
642  ZFENP61    (0)   17 :  0.005 0.965 0.023 0.007 
643 ZFFDSP01    (0)   18 :  0.931 0.005 0.005 0.059 
644 ZFFDSP02    (0)   18 :  0.979 0.004 0.006 0.012 
645 ZFFDSP04    (0)   18 :  0.981 0.005 0.005 0.009 
646 ZFFDSP05    (0)   18 :  0.889 0.005 0.006 0.100 
647 ZFFDSP06    (0)   18 :  0.979 0.004 0.007 0.010 
648 ZFFDSP07    (0)   18 :  0.966 0.006 0.020 0.009 
649 ZFFDSP08    (0)   18 :  0.943 0.005 0.018 0.035 
650 ZFFDSP10    (0)   18 :  0.960 0.005 0.007 0.029 
651 ZFFDSP11    (0)   18 :  0.977 0.005 0.005 0.013 
652 ZFFDSP12    (0)   18 :  0.979 0.004 0.005 0.012 
653 ZFFDSP13    (0)   18 :  0.090 0.006 0.010 0.894 
654 ZFFDSP14    (0)   18 :  0.979 0.005 0.010 0.007 
655 ZFFDSP16    (0)   18 :  0.944 0.010 0.010 0.036 
656 ZFFDSP17    (0)   18 :  0.976 0.005 0.007 0.012 
657 ZFFDSP18    (0)   18 :  0.980 0.004 0.008 0.008 
658 ZFFDSP19    (0)   18 :  0.854 0.005 0.029 0.112 
659 ZFFDSP21    (0)   18 :  0.666 0.005 0.020 0.309 
660 ZFFDSP22    (0)   18 :  0.981 0.004 0.007 0.008 
661 ZFFDSP23    (0)   18 :  0.959 0.003 0.005 0.032 
662 ZFFDSP24    (0)   18 :  0.821 0.006 0.007 0.166 
663 ZFFDSP26    (9)   18 :  0.937 0.004 0.007 0.052 
664 ZFFDSP27    (0)   18 :  0.966 0.005 0.005 0.024 
665 ZFFDSP28    (0)   18 :  0.840 0.062 0.024 0.074 
