

----------------------------------------------------
STRUCTURE by Pritchard, Stephens and Donnelly (2000)
     and Falush, Stephens and Pritchard (2003)
       Code by Pritchard, Falush and Hubisz
             Version 2.3.4 (Jul 2012)
----------------------------------------------------



Command line arguments:   bin\structure -m C:\Users\eschumacher\Documents\GitHub\GCC_QUAC_ZAIN\Data_Files\Structure_Files\ZAIN\ZAIN_rebinned_allpop_str\50-50\mainparams -e C:\Users\eschumacher\Documents\GitHub\GCC_QUAC_ZAIN\Data_Files\Structure_Files\ZAIN\ZAIN_rebinned_allpop_str\50-50\extraparams 
Input File:    C:\Users\eschumacher\Documents\GitHub\GCC_QUAC_ZAIN\Data_Files\Structure_Files\ZAIN\ZAIN_rebinned_allpop_str\project_data

Run parameters:
   1133 individuals
   11 loci
   4 populations assumed
   50000 Burn-in period
   50000 Reps


--------------------------------------------
Proportion of membership of each pre-defined
 population in each of the 4 clusters

Given    Inferred Clusters              Number of
 Pop       1      2      3      4      Individuals

  1:     0.188  0.153  0.470  0.189      303
  2:     0.105  0.268  0.437  0.190       15
  3:     0.602  0.113  0.267  0.018        2
  4:     0.252  0.050  0.551  0.147        2
  5:     0.382  0.245  0.307  0.066        7
  6:     0.023  0.100  0.198  0.678       13
  7:     0.044  0.005  0.005  0.947       13
  8:     0.019  0.020  0.948  0.013        7
  9:     0.040  0.139  0.745  0.076       11
 10:     0.193  0.091  0.590  0.127        9
 11:     0.023  0.008  0.012  0.957       35
 12:     0.008  0.035  0.950  0.007       36
 13:     0.010  0.013  0.971  0.007       33
 14:     0.012  0.948  0.017  0.023       40
 15:     0.006  0.885  0.104  0.005       39
 16:     0.614  0.043  0.081  0.262       40
 17:     0.843  0.031  0.019  0.107       37
 18:     0.004  0.008  0.982  0.006       40
 19:     0.008  0.044  0.009  0.939       28
 20:     0.163  0.735  0.026  0.076       14
 21:     0.971  0.010  0.007  0.012       13
 22:     0.005  0.210  0.780  0.005       14
 23:     0.008  0.010  0.976  0.006       25
 24:     0.022  0.029  0.940  0.009       40
 25:     0.029  0.904  0.026  0.041       32
 26:     0.983  0.005  0.005  0.007       20
 27:     0.141  0.014  0.016  0.829        4
 28:     0.009  0.012  0.024  0.954       23
 29:     0.013  0.010  0.008  0.969       39
 30:     0.015  0.005  0.005  0.975       38
 31:     0.009  0.143  0.843  0.006       45
 32:     0.013  0.104  0.877  0.005       28
 33:     0.029  0.014  0.008  0.949        6
 34:     0.780  0.055  0.071  0.094       40
 35:     0.917  0.014  0.031  0.038       42
--------------------------------------------

Allele-freq. divergence among pops (Net nucleotide distance),
computed using point estimates of P.

      1       2       3       4      
 1      -    0.1059  0.1382  0.0704  
 2   0.1059     -    0.1081  0.1529  
 3   0.1382  0.1081     -    0.1994  
 4   0.0704  0.1529  0.1994     -    

Average distances (expected heterozygosity) between individuals in same cluster:
cluster  1  : 0.5641 
cluster  2  : 0.4482 
cluster  3  : 0.4564 
cluster  4  : 0.5073 

--------------------------------------------
Estimated Ln Prob of Data   = -23587.0
Mean value of ln likelihood = -23295.1
Variance of ln likelihood   = 583.7
Mean value of alpha         = 0.0368

Mean value of Fst_1         = 0.1365
Mean value of Fst_2         = 0.3343
Mean value of Fst_3         = 0.2638
Mean value of Fst_4         = 0.3075


Inferred ancestry of individuals:
        Label (%Miss) Pop:  Inferred clusters
  1 TMA-ZAIN-G-    (9)    1 :  0.046 0.105 0.050 0.798 
  2 TMA-ZAIN-G-    (0)    1 :  0.028 0.050 0.236 0.686 
  3 TMA-ZAIN-G-    (0)    1 :  0.005 0.019 0.971 0.005 
  4 TMA-ZAIN-G-    (0)    1 :  0.018 0.790 0.156 0.036 
  5 TMA-ZAIN-G-    (0)    1 :  0.005 0.005 0.003 0.987 
  6 TMA-ZAIN-G-    (0)    1 :  0.097 0.195 0.654 0.054 
  7 TMA-ZAIN-G-    (0)    1 :  0.012 0.076 0.898 0.013 
  8 TMA-ZAIN-G-    (0)    1 :  0.004 0.017 0.974 0.005 
  9 TMA-ZAIN-G-    (9)    1 :  0.006 0.007 0.979 0.008 
 10 TMA-ZAIN-G-    (0)    1 :  0.007 0.012 0.976 0.004 
 11 TMA-ZAIN-G-    (0)    1 :  0.007 0.010 0.976 0.007 
 12 TMA-ZAIN-G-    (0)    1 :  0.005 0.007 0.984 0.004 
 13 TMA-ZAIN-G-    (9)    1 :  0.039 0.040 0.810 0.111 
 14 TMA-ZAIN-G-    (9)    1 :  0.012 0.882 0.101 0.005 
 15 TMA-ZAIN-G-    (0)    1 :  0.009 0.853 0.133 0.005 
 16 TMA-ZAIN-G-    (0)    1 :  0.007 0.005 0.983 0.005 
 17 TMA-ZAIN-G-    (9)    1 :  0.022 0.102 0.861 0.016 
 18 TMA-ZAIN-G-    (0)    1 :  0.124 0.087 0.020 0.768 
 19 TMA-ZAIN-G-    (0)    1 :  0.897 0.019 0.037 0.047 
 20 TMA-ZAIN-G-    (0)    1 :  0.936 0.009 0.003 0.051 
 21 TMA-ZAIN-G-    (0)    1 :  0.985 0.004 0.004 0.007 
 22 TMA-ZAIN-G-    (0)    1 :  0.010 0.004 0.003 0.983 
 23 TMA-ZAIN-G-    (0)    1 :  0.051 0.005 0.006 0.938 
 24 TMA-ZAIN-G-    (9)    1 :  0.008 0.027 0.116 0.848 
 25 TMA-ZAIN-G-    (9)    1 :  0.812 0.005 0.070 0.112 
 26 TMA-ZAIN-G-    (9)    1 :  0.088 0.503 0.389 0.020 
 27 TMA-ZAIN-G-    (0)    1 :  0.821 0.102 0.013 0.064 
 28 TMA-ZAIN-G-    (0)    1 :  0.942 0.019 0.016 0.023 
 29 TMA-ZAIN-G-    (0)    1 :  0.339 0.135 0.522 0.004 
 30 TMA-ZAIN-G-    (0)    1 :  0.298 0.046 0.651 0.006 
 31 TMA-ZAIN-G-    (0)    1 :  0.012 0.032 0.007 0.949 
 32 TMA-ZAIN-G-    (9)    1 :  0.020 0.014 0.100 0.866 
 33 TMA-ZAIN-G-   (18)    1 :  0.005 0.005 0.985 0.005 
 34 TMA-ZAIN-G-    (0)    1 :  0.022 0.010 0.741 0.227 
 35 TMA-ZAIN-G-    (9)    1 :  0.006 0.019 0.967 0.008 
 36 TMA-ZAIN-G-    (0)    1 :  0.005 0.028 0.962 0.005 
 37 TMA-ZAIN-G-    (9)    1 :  0.013 0.012 0.966 0.008 
 38 TMA-ZAIN-G-   (18)    1 :  0.043 0.038 0.088 0.831 
 39 TMA-ZAIN-G-    (0)    1 :  0.008 0.008 0.980 0.004 
 40 TMA-ZAIN-G-    (0)    1 :  0.006 0.006 0.985 0.003 
 41 TMA-ZAIN-G-    (0)    1 :  0.005 0.014 0.978 0.003 
 42 TMA-ZAIN-G-    (9)    1 :  0.004 0.107 0.886 0.003 
 43 TMA-ZAIN-G-    (0)    1 :  0.005 0.970 0.021 0.004 
 44 TMA-ZAIN-G-    (0)    1 :  0.973 0.005 0.014 0.008 
 45 TMA-ZAIN-G-    (0)    1 :  0.010 0.020 0.963 0.007 
 46 TMA-ZAIN-G-    (0)    1 :  0.983 0.005 0.004 0.008 
 47 TMA-ZAIN-G-    (0)    1 :  0.008 0.980 0.007 0.005 
 48 TMA-ZAIN-G-    (0)    1 :  0.022 0.843 0.124 0.011 
 49 TMA-ZAIN-G-    (9)    1 :  0.879 0.017 0.061 0.043 
 50 TMA-ZAIN-G-    (0)    1 :  0.938 0.006 0.046 0.009 
 51 TMA-ZAIN-G-    (0)    1 :  0.894 0.081 0.018 0.007 
 52 TMA-ZAIN-G-    (0)    1 :  0.906 0.071 0.014 0.009 
 53 TMA-ZAIN-G-    (0)    1 :  0.520 0.221 0.032 0.227 
 54 TMA-ZAIN-G-    (0)    1 :  0.008 0.978 0.006 0.007 
 55 TMA-ZAIN-G-    (0)    1 :  0.018 0.966 0.007 0.009 
 56 TMA-ZAIN-G-    (0)    1 :  0.055 0.801 0.125 0.019 
 57 TMA-ZAIN-G-    (0)    1 :  0.018 0.964 0.009 0.010 
 58 TMA-ZAIN-G-    (0)    1 :  0.391 0.134 0.041 0.434 
 59 TMA-ZAIN-G-    (0)    1 :  0.065 0.071 0.148 0.716 
 60 TMA-ZAIN-G-    (0)    1 :  0.522 0.155 0.023 0.299 
 61 TMA-ZAIN-G-    (0)    1 :  0.009 0.008 0.004 0.979 
 62 TMA-ZAIN-G-    (9)    1 :  0.083 0.021 0.045 0.852 
 63 TMA-ZAIN-G-    (0)    1 :  0.012 0.022 0.007 0.959 
 64 TMA-ZAIN-G-    (0)    1 :  0.004 0.009 0.985 0.003 
 65 TMA-ZAIN-G-    (9)    1 :  0.004 0.032 0.960 0.004 
 66 TMA-ZAIN-G-    (0)    1 :  0.004 0.012 0.981 0.003 
 67 TMA-ZAIN-G-    (0)    1 :  0.013 0.006 0.975 0.007 
 68 TMA-ZAIN-G-    (0)    1 :  0.003 0.028 0.966 0.003 
 69 TMA-ZAIN-G-    (0)    1 :  0.016 0.011 0.958 0.015 
 70 TMA-ZAIN-G-    (0)    1 :  0.008 0.007 0.981 0.004 
 71 TMA-ZAIN-G-    (0)    1 :  0.005 0.004 0.987 0.004 
 72 TMA-ZAIN-G-    (0)    1 :  0.007 0.011 0.977 0.005 
 73 TMA-ZAIN-G-    (0)    1 :  0.060 0.015 0.879 0.046 
 74 TMA-ZAIN-G-    (0)    1 :  0.029 0.007 0.951 0.013 
 75 TMA-ZAIN-G-    (0)    1 :  0.007 0.012 0.975 0.006 
 76 TMA-ZAIN-G-    (0)    1 :  0.063 0.005 0.912 0.020 
 77 TMA-ZAIN-G-    (0)    1 :  0.015 0.010 0.971 0.005 
 78 TMA-ZAIN-G-    (0)    1 :  0.086 0.015 0.877 0.021 
 79 TMA-ZAIN-G-    (0)    1 :  0.057 0.020 0.915 0.008 
 80 TMA-ZAIN-G-    (0)    1 :  0.007 0.010 0.980 0.004 
 81 TMA-ZAIN-G-    (0)    1 :  0.019 0.013 0.963 0.005 
 82 TMA-ZAIN-G-    (0)    1 :  0.004 0.010 0.982 0.004 
 83 TMA-ZAIN-G-    (9)    1 :  0.039 0.019 0.859 0.082 
 84 TMA-ZAIN-G-    (0)    1 :  0.053 0.006 0.931 0.009 
 85 TMA-ZAIN-G-    (0)    1 :  0.260 0.384 0.030 0.325 
 86 TMA-ZAIN-G-    (0)    1 :  0.569 0.347 0.037 0.047 
 87 TMA-ZAIN-G-    (0)    1 :  0.155 0.077 0.012 0.756 
 88 TMA-ZAIN-G-    (0)    1 :  0.023 0.524 0.174 0.279 
 89 TMA-ZAIN-G-    (0)    1 :  0.012 0.950 0.015 0.023 
 90 TMA-ZAIN-G-    (0)    1 :  0.092 0.868 0.016 0.025 
 91 TMA-ZAIN-G-    (0)    1 :  0.042 0.874 0.014 0.069 
 92 TMA-ZAIN-G-    (0)    1 :  0.159 0.820 0.009 0.012 
 93 TMA-ZAIN-G-    (0)    1 :  0.050 0.889 0.006 0.055 
 94 TMA-ZAIN-G-    (0)    1 :  0.210 0.616 0.007 0.167 
 95 TMA-ZAIN-G-    (0)    1 :  0.906 0.021 0.041 0.032 
 96 TMA-ZAIN-G-    (0)    1 :  0.925 0.026 0.043 0.007 
 97 TMA-ZAIN-G-    (0)    1 :  0.017 0.013 0.009 0.961 
 98 TMA-ZAIN-G-    (0)    1 :  0.006 0.010 0.008 0.976 
 99 TMA-ZAIN-G-    (0)    1 :  0.015 0.008 0.186 0.791 
100 TMA-ZAIN-G-    (0)    1 :  0.042 0.026 0.006 0.927 
101 TMA-ZAIN-G-    (0)    1 :  0.012 0.012 0.015 0.960 
102 TMA-ZAIN-G-    (0)    1 :  0.021 0.016 0.023 0.940 
103 TMA-ZAIN-G-    (0)    1 :  0.011 0.009 0.009 0.971 
104 TMA-ZAIN-G-    (0)    1 :  0.006 0.006 0.004 0.984 
105 TMA-ZAIN-G-    (0)    1 :  0.009 0.011 0.012 0.968 
106 TMA-ZAIN-G-    (0)    1 :  0.005 0.011 0.980 0.004 
107 TMA-ZAIN-G-    (0)    1 :  0.004 0.007 0.985 0.004 
108 TMA-ZAIN-G-    (9)    1 :  0.142 0.151 0.385 0.322 
109 TMA-ZAIN-G-    (0)    1 :  0.042 0.216 0.490 0.251 
110 TMA-ZAIN-G-    (0)    1 :  0.232 0.063 0.502 0.204 
111 TMA-ZAIN-G-    (9)    1 :  0.028 0.016 0.046 0.910 
112 TMA-ZAIN-G-    (0)    1 :  0.222 0.126 0.371 0.280 
113 TMA-ZAIN-G-    (0)    1 :  0.006 0.020 0.024 0.950 
114 TMA-ZAIN-G-    (0)    1 :  0.006 0.004 0.004 0.986 
115 TMA-ZAIN-G-    (0)    1 :  0.005 0.006 0.005 0.984 
116 TMA-ZAIN-G-    (0)    1 :  0.004 0.011 0.980 0.006 
117 TMA-ZAIN-G-    (0)    1 :  0.007 0.115 0.874 0.005 
118 TMA-ZAIN-G-    (0)    1 :  0.005 0.013 0.977 0.005 
119 TMA-ZAIN-G-    (0)    1 :  0.010 0.009 0.965 0.016 
120 TMA-ZAIN-G-    (0)    1 :  0.006 0.025 0.961 0.008 
121 TMA-ZAIN-G-    (0)    1 :  0.005 0.024 0.966 0.006 
122 TMA-ZAIN-G-    (0)    1 :  0.014 0.024 0.956 0.006 
123 TMA-ZAIN-G-    (0)    1 :  0.011 0.011 0.007 0.971 
124 TMA-ZAIN-G-    (0)    1 :  0.007 0.014 0.972 0.006 
125 TMA-ZAIN-G-    (0)    1 :  0.005 0.666 0.327 0.003 
126 TMA-ZAIN-G-    (0)    1 :  0.005 0.169 0.821 0.005 
127 TMA-ZAIN-G-    (0)    1 :  0.004 0.012 0.981 0.003 
128 TMA-ZAIN-G-    (0)    1 :  0.005 0.016 0.974 0.004 
129 TMA-ZAIN-G-    (0)    1 :  0.006 0.029 0.958 0.008 
130 TMA-ZAIN-G-    (0)    1 :  0.005 0.710 0.278 0.007 
131 TMA-ZAIN-G-    (0)    1 :  0.009 0.028 0.958 0.005 
132 TMA-ZAIN-G-    (0)    1 :  0.005 0.108 0.884 0.004 
133 TMA-ZAIN-G-    (0)    1 :  0.016 0.125 0.854 0.004 
134 TMA-ZAIN-G-    (0)    1 :  0.007 0.212 0.777 0.004 
135 TMA-ZAIN-G-    (0)    1 :  0.005 0.008 0.982 0.004 
136 TMA-ZAIN-G-    (0)    1 :  0.005 0.020 0.971 0.004 
137 TMA-ZAIN-G-    (0)    1 :  0.006 0.008 0.979 0.007 
138 TMA-ZAIN-G-    (0)    1 :  0.003 0.014 0.978 0.004 
139 TMA-ZAIN-G-    (0)    1 :  0.005 0.023 0.968 0.004 
140 TMA-ZAIN-G-    (0)    1 :  0.006 0.005 0.984 0.004 
141 TMA-ZAIN-G-    (0)    1 :  0.006 0.011 0.977 0.006 
142 TMA-ZAIN-G-    (9)    1 :  0.005 0.006 0.984 0.004 
143 TMA-ZAIN-G-    (0)    1 :  0.005 0.008 0.983 0.005 
144 TMA-ZAIN-G-    (0)    1 :  0.010 0.014 0.971 0.004 
145 TMA-ZAIN-G-    (0)    1 :  0.004 0.010 0.984 0.003 
146 TMA-ZAIN-G-    (0)    1 :  0.004 0.005 0.987 0.004 
147 TMA-ZAIN-G-    (9)    1 :  0.004 0.006 0.986 0.004 
148 TMA-ZAIN-G-    (0)    1 :  0.004 0.024 0.968 0.004 
149 TMA-ZAIN-G-    (0)    1 :  0.016 0.068 0.876 0.040 
150 TMA-ZAIN-G-    (0)    1 :  0.012 0.042 0.905 0.041 
151 TMA-ZAIN-G-    (0)    1 :  0.003 0.009 0.985 0.003 
152 TMA-ZAIN-G-    (0)    1 :  0.004 0.009 0.983 0.004 
153 TMA-ZAIN-G-    (0)    1 :  0.003 0.010 0.983 0.004 
154 TMA-ZAIN-G-    (0)    1 :  0.004 0.008 0.984 0.005 
155 TMA-ZAIN-G-    (0)    1 :  0.004 0.005 0.987 0.005 
156 TMA-ZAIN-G-    (9)    1 :  0.005 0.028 0.961 0.006 
157 TMA-ZAIN-G-    (0)    1 :  0.004 0.015 0.976 0.004 
158 TMA-ZAIN-G-    (0)    1 :  0.006 0.006 0.984 0.004 
159 TMA-ZAIN-G-    (0)    1 :  0.003 0.006 0.987 0.004 
160 TMA-ZAIN-G-    (0)    1 :  0.003 0.006 0.985 0.005 
161 TMA-ZAIN-G-    (0)    1 :  0.004 0.010 0.982 0.003 
162 TMA-ZAIN-G-    (0)    1 :  0.011 0.017 0.935 0.038 
163 TMA-ZAIN-G-    (0)    1 :  0.004 0.004 0.989 0.004 
164 TMA-ZAIN-G-    (0)    1 :  0.005 0.009 0.980 0.006 
165 TMA-ZAIN-G-    (0)    1 :  0.004 0.005 0.987 0.004 
166 TMA-ZAIN-G-    (0)    1 :  0.004 0.008 0.986 0.003 
167 TMA-ZAIN-G-    (0)    1 :  0.007 0.008 0.978 0.007 
168 TMA-ZAIN-G-    (0)    1 :  0.005 0.012 0.978 0.005 
169 TMA-ZAIN-G-    (0)    1 :  0.004 0.006 0.987 0.003 
170 TMA-ZAIN-G-    (0)    1 :  0.021 0.010 0.955 0.014 
171 TMA-ZAIN-G-    (0)    1 :  0.004 0.006 0.986 0.004 
172 TMA-ZAIN-G-    (0)    1 :  0.008 0.008 0.980 0.004 
173 TMA-ZAIN-G-    (0)    1 :  0.009 0.014 0.973 0.004 
174 TMA-ZAIN-G-    (0)    1 :  0.004 0.007 0.986 0.003 
175 TMA-ZAIN-G-    (0)    1 :  0.004 0.006 0.985 0.004 
176 TMA-ZAIN-G-    (0)    1 :  0.005 0.006 0.986 0.004 
177 TMA-ZAIN-G-    (0)    1 :  0.005 0.008 0.984 0.004 
178 TMA-ZAIN-G-    (0)    1 :  0.009 0.017 0.968 0.006 
179 TMA-ZAIN-G-    (0)    1 :  0.005 0.010 0.982 0.003 
180 TMA-ZAIN-G-    (0)    1 :  0.007 0.030 0.959 0.004 
181 TMA-ZAIN-G-    (0)    1 :  0.005 0.048 0.943 0.004 
182 TMA-ZAIN-G-    (0)    1 :  0.006 0.278 0.706 0.010 
183 TMA-ZAIN-G-    (0)    1 :  0.006 0.053 0.937 0.004 
184 TMA-ZAIN-G-    (0)    1 :  0.017 0.132 0.811 0.040 
185 TMA-ZAIN-G-    (0)    1 :  0.036 0.071 0.857 0.036 
186 TMA-ZAIN-G-    (9)    1 :  0.014 0.009 0.972 0.005 
187 TMA-ZAIN-G-    (0)    1 :  0.007 0.009 0.979 0.005 
188 TMA-ZAIN-G-    (0)    1 :  0.005 0.010 0.982 0.004 
189 TMA-ZAIN-G-    (0)    1 :  0.004 0.006 0.988 0.003 
190 TMA-ZAIN-G-    (0)    1 :  0.008 0.022 0.967 0.003 
191 TMA-ZAIN-G-    (0)    1 :  0.019 0.017 0.929 0.035 
192 TMA-ZAIN-G-    (0)    1 :  0.009 0.010 0.977 0.004 
193 TMA-ZAIN-G-    (0)    1 :  0.004 0.983 0.009 0.003 
194 TMA-ZAIN-G-    (0)    1 :  0.009 0.976 0.012 0.004 
195 TMA-ZAIN-G-    (0)    1 :  0.010 0.639 0.347 0.004 
196 TMA-ZAIN-G-    (0)    1 :  0.005 0.941 0.049 0.004 
197 TMA-ZAIN-G-    (0)    1 :  0.005 0.967 0.024 0.004 
198 TMA-ZAIN-G-    (0)    1 :  0.005 0.901 0.090 0.004 
199 TMA-ZAIN-G-    (0)    1 :  0.010 0.019 0.966 0.005 
200 TMA-ZAIN-G-    (0)    1 :  0.953 0.010 0.004 0.034 
201 TMA-ZAIN-G-    (0)    1 :  0.979 0.004 0.006 0.011 
202 TMA-ZAIN-G-    (0)    1 :  0.980 0.006 0.006 0.008 
203 TMA-ZAIN-G-    (0)    1 :  0.006 0.862 0.116 0.016 
204 TMA-ZAIN-G-    (9)    1 :  0.976 0.010 0.006 0.009 
205 TMA-ZAIN-G-    (0)    1 :  0.976 0.008 0.010 0.007 
206 TMA-ZAIN-G-    (9)    1 :  0.947 0.030 0.007 0.016 
207 TMA-ZAIN-G-    (9)    1 :  0.023 0.092 0.867 0.018 
208 TMA-ZAIN-G-    (0)    1 :  0.004 0.005 0.988 0.003 
209 TMA-ZAIN-G-    (0)    1 :  0.004 0.198 0.794 0.003 
210 TMA-ZAIN-G-    (0)    1 :  0.006 0.127 0.863 0.004 
211 TMA-ZAIN-G-    (0)    1 :  0.020 0.032 0.938 0.010 
212 TMA-ZAIN-G-    (0)    1 :  0.007 0.018 0.972 0.003 
213 TMA-ZAIN-G-    (0)    1 :  0.006 0.014 0.976 0.004 
214 TMA-ZAIN-G-    (0)    1 :  0.005 0.011 0.981 0.004 
215 TMA-ZAIN-G-    (0)    1 :  0.242 0.004 0.749 0.005 
216 TMA-ZAIN-G-    (0)    1 :  0.008 0.023 0.965 0.004 
217 TMA-ZAIN-G-    (0)    1 :  0.004 0.014 0.979 0.003 
218 TMA-ZAIN-G-    (0)    1 :  0.969 0.008 0.015 0.008 
219 TMA-ZAIN-G-    (0)    1 :  0.978 0.009 0.006 0.006 
220 TMA-ZAIN-G-    (0)    1 :  0.745 0.016 0.041 0.198 
221 TMA-ZAIN-G-    (0)    1 :  0.982 0.007 0.006 0.005 
222 TMA-ZAIN-G-    (0)    1 :  0.885 0.025 0.033 0.057 
223 TMA-ZAIN-G-    (0)    1 :  0.977 0.005 0.004 0.013 
224 TMA-ZAIN-G-    (0)    1 :  0.913 0.034 0.017 0.037 
225 TMA-ZAIN-G-    (0)    1 :  0.973 0.008 0.005 0.015 
226 TMA-ZAIN-G-    (0)    1 :  0.960 0.014 0.008 0.018 
227 TMA-ZAIN-G-    (0)    1 :  0.967 0.012 0.009 0.012 
228 TMA-ZAIN-G-    (0)    1 :  0.910 0.010 0.028 0.052 
229 TMA-ZAIN-G-    (0)    1 :  0.955 0.005 0.004 0.035 
230 TMA-ZAIN-G-    (0)    1 :  0.631 0.140 0.139 0.091 
231 TMA-ZAIN-G-    (0)    1 :  0.252 0.024 0.030 0.694 
232 TMA-ZAIN-G-    (9)    1 :  0.129 0.034 0.062 0.775 
233 TMA-ZAIN-G-    (0)    1 :  0.941 0.017 0.035 0.007 
234 TMA-ZAIN-G-    (0)    1 :  0.707 0.030 0.011 0.252 
235 TMA-ZAIN-G-    (0)    1 :  0.591 0.036 0.064 0.310 
236 TMA-ZAIN-G-    (0)    1 :  0.882 0.012 0.013 0.092 
237 TMA-ZAIN-G-    (0)    1 :  0.309 0.060 0.183 0.447 
238 TMA-ZAIN-G-    (0)    1 :  0.873 0.008 0.034 0.084 
239 TMA-ZAIN-G-    (0)    1 :  0.756 0.217 0.016 0.011 
240 TMA-ZAIN-G-    (0)    1 :  0.984 0.005 0.004 0.007 
241 TMA-ZAIN-G-    (0)    1 :  0.979 0.005 0.007 0.008 
242 TMA-ZAIN-G-    (0)    1 :  0.983 0.004 0.006 0.006 
243 TMA-ZAIN-G-    (0)    1 :  0.983 0.005 0.008 0.005 
244 TMA-ZAIN-G-    (0)    1 :  0.977 0.004 0.012 0.007 
245 TMA-ZAIN-G-    (9)    1 :  0.984 0.004 0.004 0.008 
246 TMA-ZAIN-G-    (0)    1 :  0.990 0.003 0.003 0.004 
247 TMA-ZAIN-G-    (0)    1 :  0.989 0.003 0.004 0.004 
248 TMA-ZAIN-G-    (0)    1 :  0.983 0.005 0.006 0.006 
249 TMA-ZAIN-G-    (0)    1 :  0.989 0.004 0.004 0.004 
250 TMA-ZAIN-G-    (0)    1 :  0.990 0.003 0.003 0.004 
251 TMA-ZAIN-G-    (0)    1 :  0.005 0.983 0.005 0.007 
252 TMA-ZAIN-G-    (0)    1 :  0.012 0.912 0.072 0.004 
253 TMA-ZAIN-G-    (0)    1 :  0.005 0.978 0.010 0.007 
254 TMA-ZAIN-G-    (9)    1 :  0.006 0.961 0.025 0.008 
255 TMA-ZAIN-G-    (0)    1 :  0.005 0.934 0.008 0.053 
256 TMA-ZAIN-G-    (0)    1 :  0.007 0.978 0.007 0.008 
257 TMA-ZAIN-G-    (0)    1 :  0.005 0.988 0.003 0.004 
258 TMA-ZAIN-G-    (0)    1 :  0.004 0.988 0.004 0.004 
259 TMA-ZAIN-G-    (0)    1 :  0.007 0.983 0.005 0.005 
260 TMA-ZAIN-G-    (0)    1 :  0.006 0.984 0.005 0.006 
261 TMA-ZAIN-G-   (18)    1 :  0.005 0.981 0.007 0.006 
262 TMA-ZAIN-G-    (0)    1 :  0.004 0.987 0.004 0.005 
263 TMA-ZAIN-G-    (0)    1 :  0.005 0.979 0.005 0.011 
264 TMA-ZAIN-G-    (0)    1 :  0.005 0.978 0.005 0.012 
265 TMA-ZAIN-G-    (0)    1 :  0.360 0.578 0.044 0.018 
266 TMA-ZAIN-G-    (0)    1 :  0.012 0.963 0.017 0.008 
267 TMA-ZAIN-G-    (0)    1 :  0.428 0.251 0.034 0.287 
268 TMA-ZAIN-G-    (0)    1 :  0.005 0.004 0.004 0.987 
269 TMA-ZAIN-G-    (0)    1 :  0.009 0.005 0.005 0.981 
270 TMA-ZAIN-G-    (0)    1 :  0.014 0.006 0.006 0.975 
271 TMA-ZAIN-G-    (0)    1 :  0.008 0.004 0.004 0.984 
272 TMA-ZAIN-G-    (0)    1 :  0.057 0.004 0.005 0.933 
273 TMA-ZAIN-G-    (0)    1 :  0.058 0.004 0.004 0.934 
274 TMA-ZAIN-G-    (0)    1 :  0.016 0.012 0.008 0.964 
275 TMA-ZAIN-G-    (0)    1 :  0.013 0.003 0.004 0.980 
276 TMA-ZAIN-G-    (0)    1 :  0.007 0.003 0.004 0.986 
277 TMA-ZAIN-G-    (0)    1 :  0.028 0.005 0.004 0.962 
278 TMA-ZAIN-G-    (0)    1 :  0.050 0.005 0.004 0.942 
279 TMA-ZAIN-G-    (0)    1 :  0.031 0.004 0.005 0.960 
280 TMA-ZAIN-G-    (0)    1 :  0.031 0.004 0.004 0.960 
281 TMA-ZAIN-G-    (0)    1 :  0.027 0.005 0.004 0.964 
282 TMA-ZAIN-G-    (9)    1 :  0.018 0.004 0.003 0.974 
283 TMA-ZAIN-G-    (0)    1 :  0.054 0.012 0.005 0.929 
284 TMA-ZAIN-G-    (0)    1 :  0.039 0.022 0.007 0.931 
285 TMA-ZAIN-G-    (0)    1 :  0.050 0.010 0.007 0.933 
286 TMA-ZAIN-G-    (0)    1 :  0.012 0.005 0.003 0.980 
287 TMA-ZAIN-G-    (0)    1 :  0.012 0.006 0.004 0.977 
288 TMA-ZAIN-G-    (0)    1 :  0.017 0.014 0.013 0.956 
289 TMA-ZAIN-G-    (0)    1 :  0.016 0.009 0.007 0.968 
290 TMA-ZAIN-G-    (0)    1 :  0.011 0.006 0.005 0.977 
291 TMA-ZAIN-G-    (0)    1 :  0.966 0.010 0.006 0.018 
292 TMA-ZAIN-G-    (0)    1 :  0.019 0.008 0.962 0.012 
293 TMA-ZAIN-G-    (0)    1 :  0.014 0.021 0.961 0.005 
294 TMA-ZAIN-G-    (0)    1 :  0.006 0.007 0.983 0.004 
295 TMA-ZAIN-G-    (9)    1 :  0.011 0.009 0.975 0.005 
296 TMA-ZAIN-G-    (0)    1 :  0.011 0.018 0.960 0.011 
297 TMA-ZAIN-G-    (0)    1 :  0.008 0.018 0.968 0.006 
298 TMA-ZAIN-G-    (0)    1 :  0.027 0.038 0.915 0.020 
299 TMA-ZAIN-G-    (0)    1 :  0.009 0.004 0.981 0.006 
300 TMA-ZAIN-G-    (0)    1 :  0.008 0.008 0.980 0.004 
301 TMA-ZAIN-G-    (0)    1 :  0.009 0.012 0.974 0.005 
302 TMA-ZAIN-G-    (9)    1 :  0.006 0.009 0.981 0.005 
303 TMA-ZAIN-G-    (0)    1 :  0.802 0.162 0.011 0.025 
304 TMA-ZAIN-G-    (0)    2 :  0.008 0.937 0.044 0.011 
305 TMA-ZAIN-G-    (0)    2 :  0.006 0.011 0.979 0.004 
306 TMA-ZAIN-G-    (0)    2 :  0.026 0.361 0.426 0.187 
307 TMA-ZAIN-G-    (0)    2 :  0.009 0.808 0.174 0.009 
308 TMA-ZAIN-G-    (0)    2 :  0.121 0.787 0.007 0.084 
309 TMA-ZAIN-G-    (0)    2 :  0.006 0.009 0.981 0.004 
310 TMA-ZAIN-G-    (0)    2 :  0.028 0.014 0.947 0.012 
311 TMA-ZAIN-G-    (0)    2 :  0.015 0.071 0.870 0.044 
312 TMA-ZAIN-G-    (0)    2 :  0.020 0.030 0.943 0.007 
313 TMA-ZAIN-G-    (0)    2 :  0.005 0.879 0.103 0.013 
314 TMA-ZAIN-G-    (0)    2 :  0.055 0.047 0.033 0.865 
315 TMA-ZAIN-G-    (0)    2 :  0.109 0.018 0.553 0.320 
316 TMA-ZAIN-G-    (0)    2 :  0.159 0.013 0.472 0.356 
317 TMA-ZAIN-G-    (0)    2 :  0.920 0.013 0.012 0.054 
318 TMA-ZAIN-G-    (9)    2 :  0.090 0.024 0.011 0.876 
319 TMA-ZAIN-G-    (0)    3 :  0.738 0.217 0.014 0.030 
320 TMA-ZAIN-G-    (0)    3 :  0.466 0.008 0.520 0.005 
321 TMA-ZAIN-G-    (0)    4 :  0.102 0.013 0.684 0.201 
322 TMA-ZAIN-G-    (0)    4 :  0.402 0.087 0.417 0.094 
323 TMA-ZAIN-G-    (0)    5 :  0.909 0.042 0.040 0.010 
324 TMA-ZAIN-G-    (0)    5 :  0.008 0.089 0.897 0.006 
325 TMA-ZAIN-G-    (0)    5 :  0.984 0.006 0.005 0.005 
326 TMA-ZAIN-G-    (0)    5 :  0.622 0.342 0.033 0.003 
327 TMA-ZAIN-G-    (0)    5 :  0.004 0.971 0.020 0.004 
328 TMA-ZAIN-G-    (0)    5 :  0.134 0.209 0.224 0.433 
329 TMA-ZAIN-G-    (0)    5 :  0.012 0.054 0.930 0.005 
330 TMA-ZAIN-G-    (0)    6 :  0.006 0.085 0.905 0.004 
331 TMA-ZAIN-G-    (0)    6 :  0.110 0.137 0.687 0.067 
332 TMA-ZAIN-G-    (0)    6 :  0.005 0.074 0.919 0.003 
333 TMA-ZAIN-G-    (0)    6 :  0.005 0.969 0.022 0.004 
334 TMA-ZAIN-G-    (0)    6 :  0.030 0.005 0.004 0.962 
335 TMA-ZAIN-G-    (0)    6 :  0.016 0.004 0.005 0.974 
336 TMA-ZAIN-G-    (0)    6 :  0.050 0.009 0.008 0.933 
337 TMA-ZAIN-G-    (9)    6 :  0.023 0.005 0.005 0.967 
338 TMA-ZAIN-G-    (0)    6 :  0.007 0.004 0.003 0.987 
339 TMA-ZAIN-G-    (0)    6 :  0.010 0.003 0.002 0.984 
340 TMA-ZAIN-G-    (0)    6 :  0.012 0.003 0.004 0.981 
341 TMA-ZAIN-G-    (0)    6 :  0.010 0.003 0.005 0.982 
342 TMA-ZAIN-G-    (0)    6 :  0.021 0.005 0.005 0.970 
343 TMA-ZAIN-G-    (0)    7 :  0.008 0.003 0.003 0.986 
344 TMA-ZAIN-G-    (0)    7 :  0.049 0.005 0.005 0.941 
345 TMA-ZAIN-G-    (0)    7 :  0.013 0.004 0.003 0.980 
346 TMA-ZAIN-G-    (0)    7 :  0.015 0.004 0.004 0.977 
347 TMA-ZAIN-G-    (9)    7 :  0.017 0.004 0.004 0.975 
348 TMA-ZAIN-G-    (0)    7 :  0.060 0.006 0.005 0.929 
349 TMA-ZAIN-G-    (0)    7 :  0.016 0.004 0.004 0.976 
350 TMA-ZAIN-G-    (0)    7 :  0.249 0.006 0.007 0.738 
351 TMA-ZAIN-G-    (0)    7 :  0.031 0.005 0.004 0.960 
352 TMA-ZAIN-G-    (0)    7 :  0.012 0.005 0.006 0.977 
353 TMA-ZAIN-G-    (0)    7 :  0.068 0.005 0.006 0.921 
354 TMA-ZAIN-G-    (0)    7 :  0.016 0.003 0.005 0.976 
355 TMA-ZAIN-G-    (0)    7 :  0.015 0.004 0.007 0.973 
356 TMA-ZAIN-G-    (0)    8 :  0.014 0.014 0.969 0.004 
357 TMA-ZAIN-G-    (0)    8 :  0.007 0.036 0.951 0.007 
358 TMA-ZAIN-G-    (0)    8 :  0.020 0.040 0.884 0.056 
359 TMA-ZAIN-G-    (0)    8 :  0.057 0.012 0.923 0.008 
360 TMA-ZAIN-G-    (0)    8 :  0.007 0.005 0.985 0.003 
361 TMA-ZAIN-G-    (0)    8 :  0.007 0.029 0.956 0.008 
362 TMA-ZAIN-G-    (0)    8 :  0.020 0.005 0.969 0.007 
363 TMA-ZAIN-G-    (0)    9 :  0.036 0.065 0.892 0.007 
364 TMA-ZAIN-G-    (0)    9 :  0.316 0.054 0.054 0.575 
365 TMA-ZAIN-G-    (0)    9 :  0.026 0.006 0.774 0.194 
366 TMA-ZAIN-G-    (0)    9 :  0.009 0.013 0.973 0.005 
367 TMA-ZAIN-G-    (0)    9 :  0.009 0.511 0.447 0.032 
368 TMA-ZAIN-G-    (0)    9 :  0.007 0.012 0.976 0.005 
369 TMA-ZAIN-G-    (0)    9 :  0.006 0.011 0.981 0.003 
370 TMA-ZAIN-G-    (0)    9 :  0.006 0.012 0.977 0.005 
371 TMA-ZAIN-G-    (0)    9 :  0.004 0.006 0.985 0.005 
372 TMA-ZAIN-G-    (0)    9 :  0.004 0.007 0.984 0.004 
373 TMA-ZAIN-G-    (0)    9 :  0.012 0.835 0.147 0.005 
374 TMA-ZAIN-G-    (0)   10 :  0.033 0.652 0.080 0.235 
375 TMA-ZAIN-G-    (0)   10 :  0.761 0.043 0.172 0.024 
376 TMA-ZAIN-G-    (9)   10 :  0.004 0.005 0.986 0.005 
377 TMA-ZAIN-G-    (0)   10 :  0.003 0.005 0.989 0.003 
378 TMA-ZAIN-G-    (0)   10 :  0.003 0.005 0.987 0.004 
379 TMA-ZAIN-G-    (0)   10 :  0.003 0.008 0.985 0.004 
380 TMA-ZAIN-G-    (0)   10 :  0.005 0.007 0.985 0.003 
381 TMA-ZAIN-G-    (9)   10 :  0.788 0.088 0.114 0.011 
382 TMA-ZAIN-G-    (9)   10 :  0.133 0.008 0.008 0.851 
383    ZFB01    (0)   11 :  0.006 0.005 0.008 0.982 
384    ZFB02    (0)   11 :  0.009 0.006 0.004 0.981 
385    ZFB03    (0)   11 :  0.008 0.012 0.007 0.972 
386    ZFB04    (0)   11 :  0.013 0.004 0.006 0.977 
387    ZFB05    (0)   11 :  0.068 0.021 0.007 0.904 
388    ZFB06    (0)   11 :  0.044 0.018 0.008 0.930 
389    ZFB07    (9)   11 :  0.033 0.007 0.013 0.948 
390    ZFB08    (0)   11 :  0.006 0.007 0.006 0.981 
391    ZFB09    (0)   11 :  0.005 0.004 0.004 0.987 
392    ZFB10    (0)   11 :  0.009 0.005 0.024 0.962 
393    ZFB11    (0)   11 :  0.009 0.006 0.012 0.973 
394    ZFB12    (0)   11 :  0.007 0.005 0.006 0.983 
395    ZFB13    (0)   11 :  0.007 0.005 0.008 0.980 
396    ZFB14    (0)   11 :  0.006 0.006 0.008 0.981 
397    ZFB15    (0)   11 :  0.007 0.003 0.004 0.986 
398    ZFB16    (0)   11 :  0.008 0.004 0.006 0.982 
399    ZFB17    (0)   11 :  0.045 0.015 0.020 0.920 
400    ZFB18    (0)   11 :  0.004 0.005 0.006 0.986 
401    ZFB19    (0)   11 :  0.020 0.007 0.034 0.939 
402    ZFB20    (0)   11 :  0.010 0.004 0.005 0.982 
403    ZFB21    (0)   11 :  0.007 0.004 0.004 0.986 
404    ZFB22    (0)   11 :  0.029 0.011 0.022 0.939 
405    ZFB23    (0)   11 :  0.012 0.009 0.012 0.967 
406    ZFB24    (0)   11 :  0.010 0.005 0.010 0.976 
407    ZFB25    (0)   11 :  0.008 0.008 0.053 0.931 
408    ZFB26    (0)   11 :  0.026 0.009 0.036 0.930 
409    ZFB27    (0)   11 :  0.017 0.006 0.016 0.961 
410    ZFB28    (0)   11 :  0.021 0.011 0.006 0.962 
411    ZFB29    (0)   11 :  0.007 0.005 0.004 0.984 
412    ZFB30    (0)   11 :  0.310 0.010 0.016 0.664 
413    ZFB31    (0)   11 :  0.009 0.006 0.027 0.958 
414    ZFB32    (0)   11 :  0.021 0.026 0.012 0.941 
415    ZFB33    (0)   11 :  0.007 0.004 0.005 0.985 
416    ZFB34    (0)   11 :  0.005 0.006 0.005 0.984 
417    ZFB35    (0)   11 :  0.008 0.007 0.009 0.976 
418  ZFBP101    (0)   12 :  0.010 0.098 0.879 0.013 
419  ZFBP102    (0)   12 :  0.010 0.017 0.958 0.015 
420  ZFBP103    (0)   12 :  0.007 0.304 0.682 0.007 
421  ZFBP104    (0)   12 :  0.044 0.006 0.899 0.051 
422  ZFBP105    (0)   12 :  0.007 0.008 0.978 0.007 
423  ZFBP106    (0)   12 :  0.005 0.012 0.980 0.004 
424  ZFBP107    (0)   12 :  0.016 0.011 0.965 0.008 
425  ZFBP108    (0)   12 :  0.004 0.005 0.988 0.004 
426  ZFBP109    (0)   12 :  0.003 0.005 0.989 0.004 
427  ZFBP110    (0)   12 :  0.017 0.242 0.719 0.022 
428  ZFBP111    (0)   12 :  0.004 0.007 0.986 0.003 
429  ZFBP112    (0)   12 :  0.007 0.009 0.979 0.005 
430  ZFBP113    (0)   12 :  0.005 0.004 0.986 0.004 
431  ZFBP114    (0)   12 :  0.006 0.007 0.983 0.005 
432  ZFBP115    (0)   12 :  0.007 0.015 0.975 0.003 
433  ZFBP116    (0)   12 :  0.007 0.006 0.983 0.004 
434  ZFBP117    (0)   12 :  0.004 0.008 0.985 0.003 
435  ZFBP118    (0)   12 :  0.007 0.005 0.984 0.004 
436  ZFBP119    (0)   12 :  0.005 0.027 0.963 0.004 
437  ZFBP120    (0)   12 :  0.007 0.006 0.980 0.007 
438  ZFBP121    (0)   12 :  0.004 0.011 0.979 0.006 
439  ZFBP122    (9)   12 :  0.005 0.006 0.985 0.004 
440  ZFBP123    (0)   12 :  0.009 0.013 0.973 0.005 
441  ZFBP124    (0)   12 :  0.006 0.007 0.978 0.009 
442  ZFBP125    (0)   12 :  0.004 0.008 0.985 0.003 
443  ZFBP126    (0)   12 :  0.014 0.020 0.952 0.014 
444  ZFBP127    (0)   12 :  0.005 0.012 0.980 0.003 
445  ZFBP128    (0)   12 :  0.003 0.008 0.984 0.004 
446  ZFBP129    (0)   12 :  0.004 0.008 0.983 0.005 
447  ZFBP130    (0)   12 :  0.005 0.010 0.983 0.003 
448  ZFBP131    (0)   12 :  0.004 0.005 0.987 0.004 
449  ZFBP132    (0)   12 :  0.004 0.007 0.984 0.004 
450  ZFBP133    (0)   12 :  0.003 0.005 0.988 0.003 
451  ZFBP134    (0)   12 :  0.004 0.017 0.975 0.004 
452  ZFBP135    (0)   12 :  0.008 0.229 0.748 0.016 
453  ZFBP136    (0)   12 :  0.009 0.091 0.895 0.005 
454  ZFBP201    (0)   13 :  0.008 0.010 0.974 0.007 
455  ZFBP202    (0)   13 :  0.004 0.006 0.984 0.006 
456  ZFBP203    (0)   13 :  0.036 0.007 0.944 0.012 
457  ZFBP204    (0)   13 :  0.008 0.021 0.966 0.005 
458  ZFBP205    (0)   13 :  0.006 0.009 0.981 0.004 
459  ZFBP206    (0)   13 :  0.009 0.014 0.972 0.006 
460  ZFBP207    (0)   13 :  0.005 0.032 0.958 0.005 
461  ZFBP208    (0)   13 :  0.016 0.008 0.970 0.007 
462  ZFBP209    (0)   13 :  0.003 0.005 0.989 0.003 
463  ZFBP210    (0)   13 :  0.009 0.008 0.975 0.007 
464  ZFBP211    (0)   13 :  0.005 0.007 0.983 0.006 
465  ZFBP212    (0)   13 :  0.004 0.005 0.985 0.005 
466  ZFBP213    (0)   13 :  0.008 0.016 0.966 0.009 
467  ZFBP214    (0)   13 :  0.009 0.082 0.902 0.007 
468  ZFBP215    (0)   13 :  0.004 0.007 0.985 0.004 
469  ZFBP216    (0)   13 :  0.011 0.006 0.975 0.007 
470  ZFBP217    (0)   13 :  0.005 0.010 0.981 0.004 
471  ZFBP218    (0)   13 :  0.004 0.004 0.989 0.004 
472  ZFBP219    (0)   13 :  0.006 0.004 0.986 0.004 
473  ZFBP220    (0)   13 :  0.005 0.010 0.982 0.003 
474  ZFBP221    (0)   13 :  0.004 0.005 0.986 0.004 
475  ZFBP222    (0)   13 :  0.006 0.007 0.980 0.007 
476  ZFBP223    (0)   13 :  0.008 0.041 0.944 0.007 
477  ZFBP224    (0)   13 :  0.007 0.007 0.980 0.006 
478  ZFBP225    (0)   13 :  0.006 0.017 0.973 0.004 
479  ZFBP226    (0)   13 :  0.006 0.005 0.985 0.005 
480  ZFBP227    (0)   13 :  0.094 0.010 0.840 0.056 
481  ZFBP228    (0)   13 :  0.004 0.014 0.977 0.004 
482  ZFBP229    (0)   13 :  0.005 0.006 0.986 0.003 
483  ZFBP230    (0)   13 :  0.006 0.012 0.978 0.004 
484  ZFBP231    (0)   13 :  0.007 0.006 0.981 0.005 
485  ZFBP232    (0)   13 :  0.004 0.005 0.987 0.004 
486  ZFBP233    (0)   13 :  0.006 0.007 0.982 0.005 
487   ZFCC01    (0)   14 :  0.005 0.971 0.004 0.019 
488   ZFCC03    (0)   14 :  0.004 0.986 0.005 0.005 
489   ZFCC04    (0)   14 :  0.006 0.981 0.005 0.009 
490   ZFCC05    (0)   14 :  0.008 0.977 0.006 0.009 
491   ZFCC08    (0)   14 :  0.004 0.973 0.016 0.006 
492   ZFCC09    (0)   14 :  0.004 0.983 0.004 0.008 
493   ZFCC10    (0)   14 :  0.005 0.966 0.005 0.024 
494   ZFCC11    (0)   14 :  0.005 0.984 0.005 0.006 
495   ZFCC12    (0)   14 :  0.012 0.887 0.006 0.095 
496   ZFCC13    (0)   14 :  0.011 0.970 0.013 0.006 
497   ZFCC14    (0)   14 :  0.010 0.965 0.008 0.018 
498   ZFCC15    (0)   14 :  0.009 0.976 0.006 0.009 
499   ZFCC16    (0)   14 :  0.006 0.979 0.005 0.010 
500   ZFCC17    (0)   14 :  0.009 0.976 0.003 0.012 
501   ZFCC18    (0)   14 :  0.004 0.983 0.005 0.007 
502   ZFCC19    (0)   14 :  0.016 0.967 0.004 0.013 
503   ZFCC20    (0)   14 :  0.005 0.986 0.004 0.005 
504   ZFCC21    (0)   14 :  0.036 0.871 0.075 0.018 
505   ZFCC22    (0)   14 :  0.010 0.674 0.305 0.012 
506   ZFCC26    (0)   14 :  0.005 0.982 0.005 0.008 
507   ZFCC27    (0)   14 :  0.004 0.987 0.004 0.004 
508   ZFCC29    (0)   14 :  0.009 0.971 0.005 0.015 
509   ZFCC30    (0)   14 :  0.004 0.989 0.004 0.003 
510   ZFCC32    (0)   14 :  0.009 0.970 0.005 0.015 
511   ZFCC33    (0)   14 :  0.012 0.970 0.004 0.014 
512   ZFCC34    (0)   14 :  0.007 0.942 0.031 0.020 
513   ZFCC35    (0)   14 :  0.005 0.985 0.005 0.004 
514   ZFCC36    (0)   14 :  0.019 0.960 0.012 0.009 
515   ZFCC37    (0)   14 :  0.023 0.880 0.009 0.089 
516   ZFCC40    (0)   14 :  0.008 0.973 0.007 0.012 
517   ZFCC42    (0)   14 :  0.126 0.588 0.007 0.279 
518   ZFCC44    (0)   14 :  0.006 0.987 0.004 0.004 
519   ZFCC45    (9)   14 :  0.024 0.932 0.005 0.038 
520   ZFCC46    (0)   14 :  0.006 0.977 0.013 0.004 
521   ZFCC47    (0)   14 :  0.006 0.926 0.006 0.062 
522   ZFCC48    (0)   14 :  0.010 0.938 0.042 0.010 
523   ZFCC50    (0)   14 :  0.007 0.979 0.004 0.010 
524   ZFCC51    (0)   14 :  0.004 0.986 0.004 0.006 
525   ZFCC52    (0)   14 :  0.007 0.974 0.012 0.007 
526   ZFCC53    (0)   14 :  0.004 0.986 0.004 0.006 
527  ZFCNS01    (0)   15 :  0.017 0.961 0.016 0.006 
528  ZFCNS02    (0)   15 :  0.004 0.982 0.011 0.004 
529  ZFCNS05    (0)   15 :  0.005 0.972 0.017 0.006 
530  ZFCNS06    (0)   15 :  0.004 0.980 0.011 0.005 
531  ZFCNS07    (0)   15 :  0.006 0.652 0.338 0.005 
532  ZFCNS10    (0)   15 :  0.005 0.937 0.055 0.004 
533  ZFCNS11    (0)   15 :  0.008 0.977 0.012 0.004 
534  ZFCNS15    (0)   15 :  0.006 0.182 0.806 0.007 
535  ZFCNS17    (0)   15 :  0.005 0.982 0.010 0.004 
536  ZFCNS18    (0)   15 :  0.005 0.966 0.024 0.004 
537  ZFCNS19    (0)   15 :  0.005 0.984 0.007 0.004 
538  ZFCNS20    (0)   15 :  0.006 0.874 0.115 0.005 
539  ZFCNS21    (0)   15 :  0.004 0.983 0.008 0.004 
540  ZFCNS22    (0)   15 :  0.006 0.873 0.114 0.007 
541  ZFCNS23    (0)   15 :  0.005 0.980 0.010 0.005 
542  ZFCNS24    (0)   15 :  0.004 0.983 0.009 0.004 
543  ZFCNS25    (0)   15 :  0.005 0.932 0.059 0.004 
544  ZFCNS26    (0)   15 :  0.006 0.708 0.279 0.007 
545  ZFCNS27    (0)   15 :  0.007 0.070 0.917 0.006 
546  ZFCNS28    (0)   15 :  0.005 0.971 0.018 0.006 
547  ZFCNS29    (0)   15 :  0.005 0.976 0.015 0.005 
548  ZFCNS30    (0)   15 :  0.005 0.981 0.009 0.005 
549  ZFCNS31    (0)   15 :  0.006 0.947 0.042 0.005 
550  ZFCNS32    (0)   15 :  0.005 0.960 0.029 0.007 
551  ZFCNS33    (0)   15 :  0.005 0.969 0.022 0.004 
552  ZFCNS34    (0)   15 :  0.004 0.986 0.006 0.004 
553  ZFCNS35    (0)   15 :  0.004 0.971 0.018 0.007 
554  ZFCNS36    (0)   15 :  0.004 0.984 0.009 0.004 
555  ZFCNS37    (0)   15 :  0.006 0.964 0.024 0.005 
556  ZFCNS39    (0)   15 :  0.004 0.982 0.011 0.003 
557  ZFCNS40    (0)   15 :  0.005 0.977 0.015 0.003 
558  ZFCNS41    (0)   15 :  0.010 0.856 0.125 0.009 
559  ZFCNS42    (0)   15 :  0.005 0.942 0.048 0.005 
560  ZFCNS43    (0)   15 :  0.004 0.985 0.007 0.004 
561  ZFCNS44    (0)   15 :  0.005 0.976 0.015 0.004 
562  ZFCNS46    (0)   15 :  0.006 0.967 0.024 0.004 
563  ZFCNS47    (0)   15 :  0.005 0.980 0.011 0.004 
564  ZFCNS48    (0)   15 :  0.005 0.955 0.037 0.003 
565  ZFCNS49    (0)   15 :  0.006 0.218 0.771 0.005 
566   ZFCR01    (0)   16 :  0.345 0.013 0.081 0.561 
567   ZFCR02    (0)   16 :  0.778 0.016 0.055 0.152 
568   ZFCR03    (0)   16 :  0.143 0.025 0.071 0.762 
569   ZFCR04    (0)   16 :  0.179 0.037 0.053 0.731 
570   ZFCR05    (0)   16 :  0.574 0.024 0.016 0.386 
571   ZFCR06    (0)   16 :  0.438 0.169 0.255 0.138 
572   ZFCR07    (0)   16 :  0.736 0.139 0.023 0.103 
573   ZFCR08    (0)   16 :  0.851 0.035 0.033 0.081 
574   ZFCR09    (0)   16 :  0.145 0.103 0.140 0.612 
575   ZFCR11    (0)   16 :  0.476 0.035 0.108 0.381 
576   ZFCR12    (0)   16 :  0.691 0.191 0.101 0.018 
577   ZFCR13    (0)   16 :  0.924 0.011 0.053 0.011 
578   ZFCR14    (0)   16 :  0.860 0.021 0.024 0.096 
579   ZFCR15    (0)   16 :  0.919 0.011 0.018 0.052 
580   ZFCR16    (0)   16 :  0.835 0.013 0.047 0.105 
581   ZFCR18    (0)   16 :  0.036 0.029 0.018 0.917 
582   ZFCR19    (0)   16 :  0.112 0.051 0.240 0.598 
583   ZFCR20    (0)   16 :  0.020 0.010 0.044 0.925 
584   ZFCR21    (0)   16 :  0.905 0.025 0.039 0.031 
585   ZFCR22    (0)   16 :  0.948 0.007 0.018 0.028 
586   ZFCR23    (0)   16 :  0.833 0.006 0.122 0.039 
587   ZFCR24    (9)   16 :  0.339 0.012 0.470 0.179 
588   ZFCR25    (0)   16 :  0.932 0.007 0.007 0.055 
589   ZFCR26    (0)   16 :  0.179 0.050 0.166 0.605 
590   ZFCR27    (9)   16 :  0.818 0.006 0.004 0.172 
591   ZFCR28    (0)   16 :  0.598 0.021 0.374 0.008 
592   ZFCR29    (0)   16 :  0.371 0.011 0.025 0.593 
593   ZFCR30    (0)   16 :  0.953 0.010 0.012 0.024 
594   ZFCR31    (0)   16 :  0.161 0.081 0.235 0.523 
595   ZFCR33    (0)   16 :  0.877 0.047 0.017 0.059 
596   ZFCR34    (0)   16 :  0.877 0.047 0.032 0.043 
597   ZFCR35    (0)   16 :  0.114 0.041 0.024 0.821 
598   ZFCR36    (0)   16 :  0.743 0.024 0.013 0.220 
599   ZFCR37    (0)   16 :  0.918 0.026 0.008 0.049 
600   ZFCR38    (0)   16 :  0.873 0.030 0.012 0.085 
601   ZFCR39    (0)   16 :  0.723 0.017 0.093 0.167 
602   ZFCR40    (0)   16 :  0.953 0.014 0.009 0.024 
603   ZFCR41    (0)   16 :  0.737 0.206 0.039 0.019 
604   ZFCR42    (0)   16 :  0.837 0.079 0.068 0.016 
605   ZFCR43    (0)   16 :  0.808 0.011 0.076 0.104 
606  ZFENP25    (0)   17 :  0.917 0.023 0.017 0.044 
607  ZFENP26    (0)   17 :  0.979 0.006 0.004 0.012 
608  ZFENP27    (0)   17 :  0.321 0.388 0.023 0.268 
609  ZFENP28    (0)   17 :  0.940 0.015 0.005 0.040 
610  ZFENP29    (0)   17 :  0.978 0.009 0.005 0.008 
611  ZFENP30    (0)   17 :  0.948 0.034 0.006 0.013 
612  ZFENP31    (0)   17 :  0.950 0.018 0.006 0.026 
613  ZFENP32    (0)   17 :  0.656 0.043 0.024 0.277 
614  ZFENP33    (0)   17 :  0.906 0.009 0.008 0.077 
615  ZFENP34    (0)   17 :  0.139 0.023 0.009 0.829 
616  ZFENP35    (0)   17 :  0.976 0.008 0.007 0.010 
617  ZFENP36    (0)   17 :  0.973 0.006 0.003 0.018 
618  ZFENP37    (0)   17 :  0.898 0.016 0.009 0.076 
619  ZFENP38    (0)   17 :  0.952 0.028 0.010 0.011 
620  ZFENP39    (0)   17 :  0.936 0.014 0.005 0.045 
621  ZFENP40    (0)   17 :  0.940 0.010 0.008 0.042 
622  ZFENP41    (0)   17 :  0.885 0.042 0.008 0.065 
623  ZFENP42    (0)   17 :  0.986 0.005 0.004 0.005 
624  ZFENP43    (0)   17 :  0.863 0.083 0.018 0.036 
625  ZFENP44    (0)   17 :  0.965 0.016 0.006 0.013 
626  ZFENP45    (0)   17 :  0.800 0.020 0.166 0.014 
627  ZFENP46    (0)   17 :  0.943 0.006 0.017 0.035 
628  ZFENP47    (0)   17 :  0.887 0.028 0.029 0.055 
629  ZFENP48    (0)   17 :  0.140 0.046 0.023 0.791 
630  ZFENP49    (0)   17 :  0.668 0.042 0.031 0.259 
631  ZFENP50    (0)   17 :  0.938 0.005 0.048 0.009 
632  ZFENP51    (0)   17 :  0.905 0.006 0.007 0.082 
633  ZFENP52    (0)   17 :  0.968 0.017 0.009 0.006 
634  ZFENP53    (0)   17 :  0.954 0.011 0.024 0.011 
635  ZFENP54    (0)   17 :  0.785 0.023 0.113 0.080 
636  ZFENP55    (0)   17 :  0.450 0.005 0.007 0.538 
637  ZFENP56    (0)   17 :  0.966 0.012 0.006 0.016 
638  ZFENP57    (0)   17 :  0.960 0.008 0.005 0.026 
639  ZFENP58    (0)   17 :  0.910 0.057 0.016 0.017 
640  ZFENP59    (0)   17 :  0.949 0.028 0.006 0.017 
641  ZFENP60    (0)   17 :  0.923 0.009 0.010 0.058 
642  ZFENP61    (0)   17 :  0.939 0.012 0.004 0.044 
643 ZFFDSP01    (0)   18 :  0.004 0.009 0.983 0.005 
644 ZFFDSP02    (0)   18 :  0.004 0.005 0.987 0.004 
645 ZFFDSP04    (0)   18 :  0.003 0.004 0.988 0.005 
646 ZFFDSP05    (0)   18 :  0.004 0.006 0.986 0.004 
647 ZFFDSP06    (0)   18 :  0.003 0.006 0.987 0.004 
648 ZFFDSP07    (0)   18 :  0.008 0.013 0.974 0.005 
649 ZFFDSP08    (0)   18 :  0.007 0.014 0.975 0.004 
650 ZFFDSP10    (0)   18 :  0.005 0.006 0.985 0.004 
651 ZFFDSP11    (0)   18 :  0.004 0.005 0.985 0.005 
652 ZFFDSP12    (0)   18 :  0.004 0.005 0.988 0.003 
653 ZFFDSP13    (0)   18 :  0.008 0.024 0.963 0.005 
654 ZFFDSP14    (0)   18 :  0.005 0.008 0.983 0.005 
655 ZFFDSP16    (0)   18 :  0.006 0.010 0.976 0.007 
656 ZFFDSP17    (0)   18 :  0.004 0.006 0.986 0.004 
657 ZFFDSP18    (0)   18 :  0.004 0.006 0.984 0.006 
658 ZFFDSP19    (0)   18 :  0.004 0.024 0.967 0.005 
659 ZFFDSP21    (0)   18 :  0.004 0.018 0.975 0.003 
660 ZFFDSP22    (0)   18 :  0.003 0.006 0.988 0.003 
661 ZFFDSP23    (0)   18 :  0.003 0.006 0.988 0.003 
662 ZFFDSP24    (0)   18 :  0.004 0.008 0.983 0.005 
663 ZFFDSP26    (9)   18 :  0.004 0.006 0.986 0.004 
664 ZFFDSP27    (0)   18 :  0.004 0.006 0.986 0.005 
665 ZFFDSP28    (0)   18 :  0.013 0.015 0.917 0.055 
