

----------------------------------------------------
STRUCTURE by Pritchard, Stephens and Donnelly (2000)
     and Falush, Stephens and Pritchard (2003)
       Code by Pritchard, Falush and Hubisz
             Version 2.3.4 (Jul 2012)
----------------------------------------------------



Command line arguments:   bin\structure -m C:\Users\eschumacher\Documents\GitHub\GCC_QUAC_ZAIN\Data_Files\Structure_Files\ZAIN\ZAIN_rebinned_allpop_str\50-50\mainparams -e C:\Users\eschumacher\Documents\GitHub\GCC_QUAC_ZAIN\Data_Files\Structure_Files\ZAIN\ZAIN_rebinned_allpop_str\50-50\extraparams 
Input File:    C:\Users\eschumacher\Documents\GitHub\GCC_QUAC_ZAIN\Data_Files\Structure_Files\ZAIN\ZAIN_rebinned_allpop_str\project_data

Run parameters:
   1133 individuals
   11 loci
   9 populations assumed
   50000 Burn-in period
   50000 Reps


--------------------------------------------
Proportion of membership of each pre-defined
 population in each of the 9 clusters

Given    Inferred Clusters                                                 Number of
 Pop       1      2      3      4      5      6      7      8      9      Individuals

  1:     0.049  0.079  0.146  0.164  0.073  0.171  0.111  0.042  0.165      303
  2:     0.031  0.186  0.119  0.147  0.012  0.191  0.093  0.056  0.165       15
  3:     0.022  0.006  0.099  0.037  0.016  0.246  0.541  0.011  0.023        2
  4:     0.023  0.034  0.061  0.274  0.007  0.156  0.308  0.039  0.098        2
  5:     0.022  0.016  0.240  0.145  0.028  0.085  0.345  0.050  0.070        7
  6:     0.049  0.010  0.197  0.015  0.014  0.059  0.010  0.012  0.633       13
  7:     0.012  0.004  0.005  0.004  0.025  0.005  0.024  0.004  0.918       13
  8:     0.040  0.012  0.153  0.523  0.024  0.100  0.017  0.119  0.012        7
  9:     0.027  0.015  0.289  0.242  0.005  0.280  0.056  0.030  0.055       11
 10:     0.020  0.029  0.069  0.419  0.007  0.155  0.177  0.023  0.101        9
 11:     0.011  0.006  0.007  0.019  0.027  0.012  0.012  0.006  0.901       35
 12:     0.025  0.024  0.055  0.407  0.004  0.445  0.008  0.026  0.006       36
 13:     0.012  0.010  0.029  0.508  0.007  0.386  0.010  0.034  0.006       33
 14:     0.043  0.889  0.008  0.011  0.008  0.010  0.006  0.011  0.013       40
 15:     0.007  0.010  0.954  0.006  0.003  0.007  0.004  0.006  0.004       39
 16:     0.016  0.026  0.019  0.042  0.018  0.036  0.617  0.031  0.194       40
 17:     0.048  0.024  0.012  0.010  0.060  0.014  0.729  0.016  0.087       37
 18:     0.007  0.006  0.031  0.796  0.003  0.130  0.004  0.019  0.004       40
 19:     0.041  0.005  0.017  0.010  0.004  0.007  0.010  0.003  0.903       28
 20:     0.951  0.014  0.005  0.005  0.005  0.005  0.004  0.006  0.004       14
 21:     0.028  0.009  0.025  0.013  0.857  0.014  0.032  0.007  0.014       13
 22:     0.007  0.017  0.879  0.045  0.002  0.029  0.005  0.013  0.005       14
 23:     0.009  0.007  0.013  0.041  0.006  0.884  0.005  0.031  0.004       25
 24:     0.006  0.008  0.007  0.012  0.006  0.011  0.005  0.937  0.007       40
 25:     0.043  0.786  0.047  0.032  0.008  0.025  0.021  0.009  0.028       32
 26:     0.004  0.003  0.003  0.003  0.975  0.003  0.003  0.003  0.003       20
 27:     0.010  0.010  0.007  0.021  0.003  0.008  0.331  0.006  0.604        4
 28:     0.008  0.024  0.007  0.066  0.003  0.014  0.032  0.014  0.830       23
 29:     0.007  0.013  0.007  0.009  0.004  0.006  0.032  0.005  0.918       39
 30:     0.026  0.005  0.004  0.004  0.017  0.005  0.008  0.004  0.927       38
 31:     0.008  0.009  0.726  0.109  0.006  0.070  0.009  0.059  0.005       45
 32:     0.020  0.014  0.390  0.262  0.013  0.265  0.007  0.025  0.004       28
 33:     0.005  0.007  0.007  0.007  0.007  0.006  0.078  0.005  0.879        6
 34:     0.022  0.011  0.019  0.015  0.004  0.013  0.834  0.047  0.035       40
 35:     0.023  0.011  0.019  0.008  0.063  0.014  0.822  0.012  0.028       42
--------------------------------------------

Allele-freq. divergence among pops (Net nucleotide distance),
computed using point estimates of P.

      1       2       3       4       5       6       7       8       9      
 1      -    0.1842  0.1681  0.2105  0.3202  0.1691  0.1313  0.2606  0.1915  
 2   0.1842     -    0.1543  0.2192  0.3621  0.2070  0.1382  0.2078  0.1786  
 3   0.1681  0.1543     -    0.1129  0.3818  0.1048  0.1153  0.1657  0.2224  
 4   0.2105  0.2192  0.1129     -    0.4022  0.0339  0.1666  0.1181  0.2374  
 5   0.3202  0.3621  0.3818  0.4022     -    0.3601  0.2399  0.4595  0.2422  
 6   0.1691  0.2070  0.1048  0.0339  0.3601     -    0.1476  0.1053  0.2236  
 7   0.1313  0.1382  0.1153  0.1666  0.2399  0.1476     -    0.2207  0.0754  
 8   0.2606  0.2078  0.1657  0.1181  0.4595  0.1053  0.2207     -    0.3209  
 9   0.1915  0.1786  0.2224  0.2374  0.2422  0.2236  0.0754  0.3209     -    

Average distances (expected heterozygosity) between individuals in same cluster:
cluster  1  : 0.2783 
cluster  2  : 0.3950 
cluster  3  : 0.4104 
cluster  4  : 0.3838 
cluster  5  : 0.2494 
cluster  6  : 0.4194 
cluster  7  : 0.5528 
cluster  8  : 0.3590 
cluster  9  : 0.4964 

--------------------------------------------
Estimated Ln Prob of Data   = -21500.8
Mean value of ln likelihood = -20884.7
Variance of ln likelihood   = 1232.3
Mean value of alpha         = 0.0344

Mean value of Fst_1         = 0.5494
Mean value of Fst_2         = 0.4241
Mean value of Fst_3         = 0.4101
Mean value of Fst_4         = 0.3473
Mean value of Fst_5         = 0.6339
Mean value of Fst_6         = 0.2631
Mean value of Fst_7         = 0.1438
Mean value of Fst_8         = 0.4259
Mean value of Fst_9         = 0.3553


Inferred ancestry of individuals:
        Label (%Miss) Pop:  Inferred clusters
  1 TMA-ZAIN-G-    (9)    1 :  0.013 0.014 0.115 0.019 0.004 0.024 0.173 0.010 0.627 
  2 TMA-ZAIN-G-    (0)    1 :  0.026 0.046 0.009 0.027 0.004 0.288 0.024 0.004 0.571 
  3 TMA-ZAIN-G-    (0)    1 :  0.011 0.011 0.088 0.678 0.003 0.070 0.008 0.125 0.006 
  4 TMA-ZAIN-G-    (0)    1 :  0.641 0.027 0.015 0.191 0.004 0.026 0.006 0.080 0.009 
  5 TMA-ZAIN-G-    (0)    1 :  0.004 0.007 0.002 0.004 0.003 0.003 0.005 0.003 0.970 
  6 TMA-ZAIN-G-    (0)    1 :  0.074 0.037 0.148 0.195 0.039 0.092 0.143 0.187 0.085 
  7 TMA-ZAIN-G-    (0)    1 :  0.132 0.015 0.178 0.261 0.005 0.375 0.014 0.010 0.011 
  8 TMA-ZAIN-G-    (0)    1 :  0.007 0.029 0.512 0.178 0.002 0.197 0.007 0.062 0.005 
  9 TMA-ZAIN-G-    (9)    1 :  0.012 0.005 0.028 0.245 0.004 0.664 0.007 0.027 0.008 
 10 TMA-ZAIN-G-    (0)    1 :  0.012 0.013 0.089 0.342 0.004 0.482 0.011 0.043 0.004 
 11 TMA-ZAIN-G-    (0)    1 :  0.021 0.005 0.095 0.222 0.006 0.633 0.007 0.006 0.005 
 12 TMA-ZAIN-G-    (0)    1 :  0.004 0.004 0.017 0.945 0.003 0.014 0.005 0.005 0.004 
 13 TMA-ZAIN-G-    (9)    1 :  0.019 0.033 0.216 0.137 0.028 0.436 0.028 0.017 0.086 
 14 TMA-ZAIN-G-    (9)    1 :  0.006 0.006 0.949 0.007 0.006 0.009 0.006 0.006 0.004 
 15 TMA-ZAIN-G-    (0)    1 :  0.003 0.005 0.959 0.005 0.003 0.010 0.005 0.007 0.003 
 16 TMA-ZAIN-G-    (0)    1 :  0.006 0.003 0.009 0.916 0.005 0.048 0.005 0.005 0.004 
 17 TMA-ZAIN-G-    (9)    1 :  0.101 0.018 0.763 0.017 0.003 0.030 0.045 0.006 0.016 
 18 TMA-ZAIN-G-    (0)    1 :  0.010 0.079 0.012 0.016 0.004 0.005 0.414 0.007 0.452 
 19 TMA-ZAIN-G-    (0)    1 :  0.032 0.004 0.025 0.019 0.006 0.013 0.881 0.005 0.015 
 20 TMA-ZAIN-G-    (0)    1 :  0.008 0.027 0.003 0.003 0.038 0.004 0.849 0.003 0.064 
 21 TMA-ZAIN-G-    (0)    1 :  0.003 0.003 0.002 0.003 0.977 0.002 0.003 0.003 0.003 
 22 TMA-ZAIN-G-    (0)    1 :  0.005 0.004 0.003 0.002 0.007 0.003 0.008 0.002 0.965 
 23 TMA-ZAIN-G-    (0)    1 :  0.009 0.003 0.007 0.006 0.010 0.007 0.048 0.004 0.904 
 24 TMA-ZAIN-G-    (9)    1 :  0.005 0.008 0.017 0.013 0.015 0.117 0.005 0.131 0.690 
 25 TMA-ZAIN-G-    (9)    1 :  0.004 0.004 0.005 0.008 0.009 0.155 0.746 0.005 0.064 
 26 TMA-ZAIN-G-    (9)    1 :  0.009 0.461 0.039 0.022 0.055 0.394 0.008 0.008 0.006 
 27 TMA-ZAIN-G-    (0)    1 :  0.018 0.013 0.042 0.007 0.014 0.007 0.849 0.008 0.043 
 28 TMA-ZAIN-G-    (0)    1 :  0.007 0.007 0.012 0.009 0.003 0.007 0.938 0.008 0.009 
 29 TMA-ZAIN-G-    (0)    1 :  0.004 0.015 0.005 0.004 0.005 0.005 0.244 0.714 0.004 
 30 TMA-ZAIN-G-    (0)    1 :  0.009 0.008 0.229 0.095 0.005 0.221 0.365 0.065 0.005 
 31 TMA-ZAIN-G-    (0)    1 :  0.023 0.099 0.006 0.007 0.008 0.011 0.021 0.007 0.818 
 32 TMA-ZAIN-G-    (9)    1 :  0.006 0.008 0.038 0.123 0.010 0.142 0.031 0.004 0.637 
 33 TMA-ZAIN-G-   (18)    1 :  0.004 0.004 0.055 0.300 0.003 0.606 0.006 0.017 0.005 
 34 TMA-ZAIN-G-    (0)    1 :  0.005 0.010 0.012 0.519 0.020 0.262 0.017 0.007 0.147 
 35 TMA-ZAIN-G-    (9)    1 :  0.012 0.011 0.098 0.290 0.004 0.475 0.012 0.088 0.009 
 36 TMA-ZAIN-G-    (0)    1 :  0.007 0.024 0.217 0.029 0.002 0.702 0.005 0.010 0.003 
 37 TMA-ZAIN-G-    (9)    1 :  0.033 0.010 0.015 0.190 0.008 0.713 0.011 0.014 0.007 
 38 TMA-ZAIN-G-   (18)    1 :  0.016 0.008 0.075 0.052 0.008 0.191 0.076 0.008 0.568 
 39 TMA-ZAIN-G-    (0)    1 :  0.008 0.008 0.006 0.094 0.007 0.857 0.005 0.012 0.003 
 40 TMA-ZAIN-G-    (0)    1 :  0.010 0.004 0.028 0.210 0.006 0.727 0.005 0.007 0.003 
 41 TMA-ZAIN-G-    (0)    1 :  0.003 0.006 0.539 0.036 0.004 0.394 0.005 0.009 0.003 
 42 TMA-ZAIN-G-    (9)    1 :  0.004 0.007 0.958 0.007 0.002 0.010 0.004 0.006 0.003 
 43 TMA-ZAIN-G-    (0)    1 :  0.005 0.009 0.955 0.004 0.003 0.007 0.004 0.010 0.003 
 44 TMA-ZAIN-G-    (0)    1 :  0.008 0.004 0.008 0.047 0.809 0.092 0.009 0.018 0.005 
 45 TMA-ZAIN-G-    (0)    1 :  0.015 0.008 0.048 0.745 0.010 0.157 0.008 0.006 0.005 
 46 TMA-ZAIN-G-    (0)    1 :  0.007 0.004 0.003 0.002 0.971 0.003 0.004 0.002 0.004 
 47 TMA-ZAIN-G-    (0)    1 :  0.015 0.956 0.004 0.005 0.005 0.003 0.004 0.004 0.003 
 48 TMA-ZAIN-G-    (0)    1 :  0.243 0.208 0.355 0.071 0.015 0.061 0.021 0.016 0.010 
 49 TMA-ZAIN-G-    (9)    1 :  0.019 0.009 0.006 0.024 0.003 0.007 0.867 0.046 0.019 
 50 TMA-ZAIN-G-    (0)    1 :  0.005 0.003 0.029 0.009 0.007 0.017 0.922 0.003 0.006 
 51 TMA-ZAIN-G-    (0)    1 :  0.020 0.023 0.050 0.007 0.015 0.012 0.862 0.006 0.006 
 52 TMA-ZAIN-G-    (0)    1 :  0.197 0.044 0.015 0.015 0.012 0.008 0.698 0.003 0.006 
 53 TMA-ZAIN-G-    (0)    1 :  0.107 0.096 0.021 0.008 0.005 0.016 0.634 0.005 0.108 
 54 TMA-ZAIN-G-    (0)    1 :  0.004 0.955 0.011 0.006 0.003 0.005 0.008 0.004 0.005 
 55 TMA-ZAIN-G-    (0)    1 :  0.004 0.921 0.025 0.008 0.006 0.007 0.021 0.003 0.006 
 56 TMA-ZAIN-G-    (0)    1 :  0.491 0.089 0.187 0.061 0.005 0.062 0.060 0.036 0.009 
 57 TMA-ZAIN-G-    (0)    1 :  0.012 0.924 0.005 0.017 0.003 0.008 0.019 0.007 0.006 
 58 TMA-ZAIN-G-    (0)    1 :  0.018 0.047 0.028 0.019 0.006 0.007 0.566 0.009 0.300 
 59 TMA-ZAIN-G-    (0)    1 :  0.047 0.028 0.037 0.061 0.016 0.110 0.039 0.027 0.636 
 60 TMA-ZAIN-G-    (0)    1 :  0.034 0.015 0.056 0.009 0.009 0.012 0.692 0.007 0.166 
 61 TMA-ZAIN-G-    (0)    1 :  0.019 0.011 0.004 0.004 0.007 0.004 0.007 0.003 0.941 
 62 TMA-ZAIN-G-    (9)    1 :  0.005 0.019 0.022 0.115 0.014 0.034 0.075 0.014 0.702 
 63 TMA-ZAIN-G-    (0)    1 :  0.012 0.015 0.010 0.009 0.004 0.005 0.026 0.003 0.916 
 64 TMA-ZAIN-G-    (0)    1 :  0.004 0.003 0.005 0.005 0.002 0.008 0.003 0.968 0.002 
 65 TMA-ZAIN-G-    (9)    1 :  0.005 0.007 0.008 0.023 0.002 0.006 0.004 0.942 0.003 
 66 TMA-ZAIN-G-    (0)    1 :  0.005 0.004 0.007 0.017 0.003 0.016 0.003 0.943 0.003 
 67 TMA-ZAIN-G-    (0)    1 :  0.004 0.006 0.006 0.028 0.017 0.071 0.013 0.849 0.006 
 68 TMA-ZAIN-G-    (0)    1 :  0.004 0.005 0.007 0.005 0.002 0.005 0.003 0.967 0.002 
 69 TMA-ZAIN-G-    (0)    1 :  0.030 0.010 0.011 0.053 0.031 0.035 0.016 0.784 0.029 
 70 TMA-ZAIN-G-    (0)    1 :  0.004 0.003 0.006 0.020 0.004 0.931 0.005 0.023 0.004 
 71 TMA-ZAIN-G-    (0)    1 :  0.004 0.003 0.004 0.020 0.004 0.954 0.004 0.005 0.003 
 72 TMA-ZAIN-G-    (0)    1 :  0.006 0.008 0.011 0.023 0.004 0.912 0.006 0.026 0.004 
 73 TMA-ZAIN-G-    (0)    1 :  0.004 0.026 0.005 0.015 0.029 0.861 0.026 0.007 0.028 
 74 TMA-ZAIN-G-    (0)    1 :  0.004 0.007 0.005 0.014 0.008 0.937 0.010 0.008 0.007 
 75 TMA-ZAIN-G-    (0)    1 :  0.005 0.010 0.007 0.019 0.003 0.937 0.006 0.007 0.005 
 76 TMA-ZAIN-G-    (0)    1 :  0.003 0.004 0.004 0.015 0.034 0.913 0.011 0.008 0.008 
 77 TMA-ZAIN-G-    (0)    1 :  0.010 0.004 0.009 0.006 0.008 0.947 0.005 0.006 0.003 
 78 TMA-ZAIN-G-    (0)    1 :  0.012 0.009 0.006 0.015 0.024 0.904 0.016 0.005 0.009 
 79 TMA-ZAIN-G-    (0)    1 :  0.047 0.005 0.008 0.011 0.021 0.893 0.007 0.004 0.005 
 80 TMA-ZAIN-G-    (0)    1 :  0.008 0.014 0.008 0.187 0.009 0.735 0.005 0.031 0.003 
 81 TMA-ZAIN-G-    (0)    1 :  0.025 0.005 0.008 0.017 0.009 0.919 0.007 0.005 0.004 
 82 TMA-ZAIN-G-    (0)    1 :  0.013 0.021 0.010 0.211 0.003 0.444 0.009 0.283 0.006 
 83 TMA-ZAIN-G-    (9)    1 :  0.006 0.023 0.008 0.770 0.031 0.036 0.021 0.050 0.056 
 84 TMA-ZAIN-G-    (0)    1 :  0.010 0.004 0.005 0.016 0.039 0.907 0.008 0.006 0.004 
 85 TMA-ZAIN-G-    (0)    1 :  0.970 0.004 0.004 0.003 0.003 0.004 0.004 0.003 0.005 
 86 TMA-ZAIN-G-    (0)    1 :  0.955 0.005 0.005 0.008 0.006 0.008 0.004 0.005 0.004 
 87 TMA-ZAIN-G-    (0)    1 :  0.970 0.003 0.003 0.003 0.003 0.003 0.004 0.003 0.006 
 88 TMA-ZAIN-G-    (0)    1 :  0.497 0.080 0.017 0.165 0.009 0.045 0.010 0.061 0.116 
 89 TMA-ZAIN-G-    (0)    1 :  0.282 0.523 0.021 0.038 0.025 0.046 0.007 0.032 0.026 
 90 TMA-ZAIN-G-    (0)    1 :  0.880 0.043 0.004 0.025 0.004 0.006 0.007 0.016 0.015 
 91 TMA-ZAIN-G-    (0)    1 :  0.876 0.046 0.011 0.009 0.005 0.010 0.009 0.011 0.023 
 92 TMA-ZAIN-G-    (0)    1 :  0.584 0.290 0.011 0.008 0.033 0.011 0.036 0.007 0.022 
 93 TMA-ZAIN-G-    (0)    1 :  0.369 0.468 0.014 0.005 0.012 0.008 0.057 0.010 0.058 
 94 TMA-ZAIN-G-    (0)    1 :  0.837 0.062 0.005 0.004 0.006 0.005 0.015 0.005 0.061 
 95 TMA-ZAIN-G-    (0)    1 :  0.006 0.005 0.032 0.012 0.004 0.022 0.889 0.021 0.010 
 96 TMA-ZAIN-G-    (0)    1 :  0.011 0.005 0.065 0.012 0.004 0.006 0.888 0.005 0.004 
 97 TMA-ZAIN-G-    (0)    1 :  0.014 0.020 0.008 0.006 0.006 0.019 0.027 0.010 0.887 
 98 TMA-ZAIN-G-    (0)    1 :  0.011 0.020 0.008 0.006 0.005 0.022 0.006 0.007 0.916 
 99 TMA-ZAIN-G-    (0)    1 :  0.004 0.004 0.021 0.191 0.023 0.052 0.008 0.016 0.682 
100 TMA-ZAIN-G-    (0)    1 :  0.031 0.036 0.008 0.006 0.021 0.008 0.043 0.006 0.841 
101 TMA-ZAIN-G-    (0)    1 :  0.005 0.025 0.008 0.023 0.006 0.027 0.022 0.009 0.874 
102 TMA-ZAIN-G-    (0)    1 :  0.016 0.006 0.033 0.019 0.007 0.018 0.029 0.008 0.864 
103 TMA-ZAIN-G-    (0)    1 :  0.017 0.006 0.009 0.015 0.003 0.007 0.023 0.005 0.914 
104 TMA-ZAIN-G-    (0)    1 :  0.003 0.006 0.005 0.005 0.003 0.004 0.007 0.003 0.964 
105 TMA-ZAIN-G-    (0)    1 :  0.026 0.007 0.009 0.024 0.003 0.009 0.021 0.004 0.897 
106 TMA-ZAIN-G-    (0)    1 :  0.007 0.005 0.490 0.107 0.003 0.335 0.005 0.044 0.003 
107 TMA-ZAIN-G-    (0)    1 :  0.006 0.006 0.011 0.411 0.003 0.546 0.005 0.010 0.004 
108 TMA-ZAIN-G-    (9)    1 :  0.053 0.014 0.107 0.079 0.023 0.418 0.063 0.006 0.236 
109 TMA-ZAIN-G-    (0)    1 :  0.018 0.072 0.087 0.281 0.004 0.020 0.092 0.199 0.227 
110 TMA-ZAIN-G-    (0)    1 :  0.024 0.017 0.121 0.314 0.137 0.182 0.087 0.010 0.108 
111 TMA-ZAIN-G-    (9)    1 :  0.007 0.024 0.007 0.129 0.013 0.034 0.037 0.016 0.732 
112 TMA-ZAIN-G-    (0)    1 :  0.016 0.029 0.165 0.228 0.013 0.068 0.208 0.022 0.251 
113 TMA-ZAIN-G-    (0)    1 :  0.007 0.042 0.008 0.035 0.006 0.040 0.007 0.017 0.839 
114 TMA-ZAIN-G-    (0)    1 :  0.005 0.004 0.003 0.004 0.006 0.003 0.005 0.003 0.967 
115 TMA-ZAIN-G-    (0)    1 :  0.003 0.005 0.004 0.007 0.004 0.004 0.006 0.004 0.962 
116 TMA-ZAIN-G-    (0)    1 :  0.006 0.013 0.007 0.933 0.002 0.018 0.004 0.013 0.005 
117 TMA-ZAIN-G-    (0)    1 :  0.060 0.054 0.225 0.196 0.003 0.151 0.017 0.286 0.007 
118 TMA-ZAIN-G-    (0)    1 :  0.006 0.009 0.014 0.923 0.003 0.012 0.006 0.023 0.004 
119 TMA-ZAIN-G-    (0)    1 :  0.005 0.012 0.007 0.812 0.020 0.051 0.022 0.043 0.027 
120 TMA-ZAIN-G-    (0)    1 :  0.016 0.014 0.036 0.861 0.003 0.027 0.012 0.023 0.008 
121 TMA-ZAIN-G-    (0)    1 :  0.014 0.026 0.049 0.690 0.003 0.050 0.011 0.147 0.009 
122 TMA-ZAIN-G-    (0)    1 :  0.113 0.014 0.043 0.415 0.007 0.346 0.013 0.043 0.005 
123 TMA-ZAIN-G-    (0)    1 :  0.009 0.006 0.010 0.007 0.004 0.006 0.022 0.004 0.932 
124 TMA-ZAIN-G-    (0)    1 :  0.009 0.004 0.938 0.020 0.002 0.010 0.006 0.005 0.005 
125 TMA-ZAIN-G-    (0)    1 :  0.006 0.061 0.849 0.014 0.002 0.010 0.005 0.050 0.002 
126 TMA-ZAIN-G-    (0)    1 :  0.006 0.008 0.939 0.021 0.003 0.009 0.004 0.006 0.004 
127 TMA-ZAIN-G-    (0)    1 :  0.006 0.004 0.936 0.025 0.003 0.011 0.004 0.008 0.003 
128 TMA-ZAIN-G-    (0)    1 :  0.009 0.007 0.846 0.038 0.003 0.027 0.006 0.060 0.004 
129 TMA-ZAIN-G-    (0)    1 :  0.006 0.005 0.943 0.015 0.002 0.012 0.004 0.007 0.005 
130 TMA-ZAIN-G-    (0)    1 :  0.006 0.033 0.899 0.030 0.002 0.009 0.006 0.010 0.005 
131 TMA-ZAIN-G-    (0)    1 :  0.012 0.004 0.945 0.012 0.002 0.009 0.006 0.005 0.004 
132 TMA-ZAIN-G-    (0)    1 :  0.009 0.043 0.700 0.075 0.003 0.049 0.006 0.112 0.004 
133 TMA-ZAIN-G-    (0)    1 :  0.061 0.034 0.534 0.097 0.026 0.104 0.019 0.121 0.004 
134 TMA-ZAIN-G-    (0)    1 :  0.047 0.026 0.679 0.073 0.017 0.060 0.006 0.087 0.004 
135 TMA-ZAIN-G-    (0)    1 :  0.028 0.013 0.040 0.562 0.011 0.313 0.004 0.025 0.004 
136 TMA-ZAIN-G-    (0)    1 :  0.006 0.017 0.024 0.252 0.006 0.080 0.005 0.601 0.008 
137 TMA-ZAIN-G-    (0)    1 :  0.022 0.007 0.011 0.796 0.014 0.134 0.006 0.006 0.005 
138 TMA-ZAIN-G-    (0)    1 :  0.005 0.023 0.107 0.809 0.002 0.034 0.003 0.015 0.003 
139 TMA-ZAIN-G-    (0)    1 :  0.017 0.083 0.039 0.748 0.010 0.080 0.004 0.014 0.004 
140 TMA-ZAIN-G-    (0)    1 :  0.005 0.004 0.015 0.767 0.004 0.187 0.005 0.009 0.004 
141 TMA-ZAIN-G-    (0)    1 :  0.013 0.007 0.034 0.330 0.003 0.595 0.006 0.007 0.005 
142 TMA-ZAIN-G-    (9)    1 :  0.007 0.005 0.011 0.737 0.003 0.218 0.004 0.011 0.003 
143 TMA-ZAIN-G-    (0)    1 :  0.008 0.005 0.028 0.797 0.003 0.135 0.006 0.013 0.004 
144 TMA-ZAIN-G-    (0)    1 :  0.010 0.017 0.019 0.895 0.007 0.030 0.011 0.006 0.004 
145 TMA-ZAIN-G-    (0)    1 :  0.005 0.016 0.015 0.514 0.002 0.138 0.005 0.302 0.003 
146 TMA-ZAIN-G-    (0)    1 :  0.005 0.004 0.006 0.211 0.003 0.759 0.003 0.006 0.003 
147 TMA-ZAIN-G-    (9)    1 :  0.006 0.004 0.008 0.326 0.004 0.635 0.004 0.011 0.003 
148 TMA-ZAIN-G-    (0)    1 :  0.006 0.031 0.086 0.328 0.003 0.534 0.004 0.005 0.003 
149 TMA-ZAIN-G-    (0)    1 :  0.044 0.063 0.040 0.445 0.007 0.359 0.015 0.007 0.021 
150 TMA-ZAIN-G-    (0)    1 :  0.019 0.074 0.013 0.572 0.006 0.235 0.011 0.044 0.026 
151 TMA-ZAIN-G-    (0)    1 :  0.003 0.004 0.028 0.933 0.002 0.012 0.004 0.010 0.003 
152 TMA-ZAIN-G-    (0)    1 :  0.003 0.004 0.008 0.964 0.002 0.006 0.003 0.006 0.003 
153 TMA-ZAIN-G-    (0)    1 :  0.004 0.008 0.025 0.927 0.002 0.018 0.003 0.010 0.003 
154 TMA-ZAIN-G-    (0)    1 :  0.004 0.004 0.006 0.961 0.002 0.010 0.003 0.005 0.003 
155 TMA-ZAIN-G-    (0)    1 :  0.005 0.003 0.010 0.938 0.002 0.023 0.004 0.010 0.004 
156 TMA-ZAIN-G-    (9)    1 :  0.003 0.008 0.036 0.932 0.003 0.007 0.004 0.003 0.004 
157 TMA-ZAIN-G-    (0)    1 :  0.005 0.005 0.068 0.888 0.003 0.019 0.004 0.005 0.004 
158 TMA-ZAIN-G-    (0)    1 :  0.004 0.005 0.006 0.946 0.003 0.024 0.005 0.005 0.003 
159 TMA-ZAIN-G-    (0)    1 :  0.004 0.006 0.005 0.718 0.002 0.247 0.003 0.011 0.004 
160 TMA-ZAIN-G-    (0)    1 :  0.004 0.007 0.005 0.860 0.002 0.098 0.003 0.017 0.004 
161 TMA-ZAIN-G-    (0)    1 :  0.006 0.015 0.031 0.904 0.003 0.027 0.005 0.006 0.003 
162 TMA-ZAIN-G-    (0)    1 :  0.013 0.014 0.005 0.916 0.006 0.008 0.008 0.006 0.024 
163 TMA-ZAIN-G-    (0)    1 :  0.003 0.003 0.004 0.969 0.002 0.009 0.003 0.004 0.003 
164 TMA-ZAIN-G-    (0)    1 :  0.008 0.006 0.005 0.951 0.003 0.011 0.004 0.007 0.004 
165 TMA-ZAIN-G-    (0)    1 :  0.003 0.003 0.006 0.954 0.002 0.019 0.003 0.006 0.003 
166 TMA-ZAIN-G-    (0)    1 :  0.005 0.009 0.010 0.781 0.002 0.176 0.003 0.010 0.003 
167 TMA-ZAIN-G-    (0)    1 :  0.008 0.004 0.011 0.142 0.004 0.815 0.006 0.005 0.005 
168 TMA-ZAIN-G-    (0)    1 :  0.005 0.005 0.014 0.016 0.003 0.935 0.005 0.011 0.005 
169 TMA-ZAIN-G-    (0)    1 :  0.006 0.005 0.007 0.030 0.003 0.838 0.004 0.104 0.003 
170 TMA-ZAIN-G-    (0)    1 :  0.005 0.004 0.130 0.052 0.010 0.755 0.017 0.015 0.010 
171 TMA-ZAIN-G-    (0)    1 :  0.005 0.004 0.004 0.022 0.003 0.937 0.003 0.019 0.003 
172 TMA-ZAIN-G-    (0)    1 :  0.007 0.004 0.400 0.140 0.005 0.426 0.008 0.006 0.004 
173 TMA-ZAIN-G-    (0)    1 :  0.007 0.005 0.570 0.078 0.005 0.314 0.009 0.008 0.004 
174 TMA-ZAIN-G-    (0)    1 :  0.005 0.009 0.071 0.255 0.002 0.559 0.005 0.091 0.003 
175 TMA-ZAIN-G-    (0)    1 :  0.006 0.004 0.006 0.042 0.003 0.925 0.004 0.008 0.003 
176 TMA-ZAIN-G-    (0)    1 :  0.006 0.004 0.006 0.085 0.003 0.882 0.004 0.006 0.003 
177 TMA-ZAIN-G-    (0)    1 :  0.005 0.003 0.022 0.135 0.004 0.819 0.005 0.004 0.003 
178 TMA-ZAIN-G-    (0)    1 :  0.006 0.004 0.280 0.283 0.007 0.403 0.008 0.005 0.005 
179 TMA-ZAIN-G-    (0)    1 :  0.007 0.005 0.048 0.321 0.004 0.600 0.005 0.008 0.003 
180 TMA-ZAIN-G-    (0)    1 :  0.041 0.012 0.673 0.103 0.013 0.026 0.009 0.118 0.005 
181 TMA-ZAIN-G-    (0)    1 :  0.003 0.005 0.929 0.033 0.003 0.013 0.004 0.006 0.004 
182 TMA-ZAIN-G-    (0)    1 :  0.006 0.005 0.943 0.023 0.003 0.008 0.004 0.003 0.005 
183 TMA-ZAIN-G-    (0)    1 :  0.004 0.003 0.948 0.015 0.003 0.014 0.004 0.005 0.004 
184 TMA-ZAIN-G-    (0)    1 :  0.030 0.030 0.649 0.192 0.008 0.027 0.016 0.013 0.037 
185 TMA-ZAIN-G-    (0)    1 :  0.019 0.055 0.621 0.106 0.015 0.094 0.050 0.012 0.028 
186 TMA-ZAIN-G-    (9)    1 :  0.006 0.007 0.752 0.057 0.007 0.137 0.016 0.012 0.005 
187 TMA-ZAIN-G-    (0)    1 :  0.004 0.003 0.689 0.073 0.004 0.195 0.005 0.023 0.004 
188 TMA-ZAIN-G-    (0)    1 :  0.003 0.006 0.544 0.028 0.002 0.390 0.005 0.019 0.003 
189 TMA-ZAIN-G-    (0)    1 :  0.004 0.003 0.946 0.013 0.003 0.012 0.003 0.014 0.003 
190 TMA-ZAIN-G-    (0)    1 :  0.004 0.005 0.660 0.031 0.004 0.257 0.009 0.027 0.003 
191 TMA-ZAIN-G-    (0)    1 :  0.020 0.014 0.610 0.019 0.016 0.275 0.015 0.007 0.025 
192 TMA-ZAIN-G-    (0)    1 :  0.023 0.005 0.875 0.012 0.037 0.032 0.005 0.005 0.004 
193 TMA-ZAIN-G-    (0)    1 :  0.005 0.007 0.967 0.004 0.003 0.004 0.003 0.004 0.003 
194 TMA-ZAIN-G-    (0)    1 :  0.005 0.011 0.957 0.004 0.004 0.005 0.005 0.005 0.003 
195 TMA-ZAIN-G-    (0)    1 :  0.005 0.007 0.915 0.013 0.003 0.029 0.008 0.018 0.003 
196 TMA-ZAIN-G-    (0)    1 :  0.004 0.005 0.964 0.005 0.003 0.006 0.004 0.008 0.003 
197 TMA-ZAIN-G-    (0)    1 :  0.007 0.009 0.952 0.006 0.003 0.007 0.004 0.010 0.003 
198 TMA-ZAIN-G-    (0)    1 :  0.004 0.006 0.958 0.006 0.003 0.008 0.003 0.008 0.003 
199 TMA-ZAIN-G-    (0)    1 :  0.004 0.009 0.834 0.070 0.006 0.054 0.010 0.008 0.005 
200 TMA-ZAIN-G-    (0)    1 :  0.010 0.014 0.021 0.006 0.836 0.007 0.042 0.008 0.057 
201 TMA-ZAIN-G-    (0)    1 :  0.017 0.010 0.013 0.018 0.835 0.021 0.031 0.028 0.027 
202 TMA-ZAIN-G-    (0)    1 :  0.003 0.002 0.008 0.004 0.967 0.003 0.005 0.002 0.005 
203 TMA-ZAIN-G-    (0)    1 :  0.005 0.006 0.956 0.011 0.003 0.007 0.004 0.004 0.005 
204 TMA-ZAIN-G-    (9)    1 :  0.132 0.019 0.004 0.003 0.788 0.006 0.025 0.004 0.017 
205 TMA-ZAIN-G-    (0)    1 :  0.012 0.008 0.008 0.075 0.850 0.020 0.015 0.005 0.007 
206 TMA-ZAIN-G-    (9)    1 :  0.224 0.020 0.025 0.020 0.631 0.019 0.026 0.009 0.025 
207 TMA-ZAIN-G-    (9)    1 :  0.096 0.078 0.015 0.636 0.004 0.039 0.048 0.071 0.013 
208 TMA-ZAIN-G-    (0)    1 :  0.003 0.004 0.007 0.797 0.004 0.140 0.004 0.039 0.003 
209 TMA-ZAIN-G-    (0)    1 :  0.009 0.054 0.717 0.091 0.003 0.105 0.004 0.016 0.003 
210 TMA-ZAIN-G-    (0)    1 :  0.012 0.018 0.608 0.117 0.003 0.142 0.006 0.091 0.003 
211 TMA-ZAIN-G-    (0)    1 :  0.011 0.013 0.553 0.102 0.024 0.228 0.026 0.028 0.013 
212 TMA-ZAIN-G-    (0)    1 :  0.022 0.009 0.160 0.699 0.007 0.076 0.006 0.018 0.003 
213 TMA-ZAIN-G-    (0)    1 :  0.005 0.010 0.112 0.693 0.004 0.162 0.006 0.005 0.004 
214 TMA-ZAIN-G-    (0)    1 :  0.005 0.011 0.322 0.375 0.004 0.211 0.005 0.064 0.003 
215 TMA-ZAIN-G-    (0)    1 :  0.003 0.003 0.019 0.051 0.012 0.743 0.161 0.005 0.004 
216 TMA-ZAIN-G-    (0)    1 :  0.005 0.012 0.676 0.189 0.006 0.090 0.009 0.009 0.004 
217 TMA-ZAIN-G-    (0)    1 :  0.008 0.011 0.326 0.135 0.003 0.361 0.004 0.150 0.003 
218 TMA-ZAIN-G-    (0)    1 :  0.005 0.004 0.007 0.005 0.004 0.007 0.956 0.008 0.005 
219 TMA-ZAIN-G-    (0)    1 :  0.019 0.008 0.006 0.004 0.026 0.005 0.924 0.004 0.005 
220 TMA-ZAIN-G-    (0)    1 :  0.013 0.008 0.007 0.023 0.003 0.015 0.887 0.013 0.032 
221 TMA-ZAIN-G-    (0)    1 :  0.015 0.006 0.019 0.012 0.053 0.011 0.871 0.007 0.006 
222 TMA-ZAIN-G-    (0)    1 :  0.027 0.012 0.009 0.013 0.009 0.010 0.886 0.012 0.022 
223 TMA-ZAIN-G-    (0)    1 :  0.011 0.006 0.003 0.004 0.008 0.004 0.953 0.004 0.008 
224 TMA-ZAIN-G-    (0)    1 :  0.119 0.007 0.017 0.005 0.008 0.007 0.807 0.005 0.025 
225 TMA-ZAIN-G-    (0)    1 :  0.006 0.004 0.007 0.004 0.010 0.004 0.953 0.002 0.009 
226 TMA-ZAIN-G-    (0)    1 :  0.010 0.005 0.011 0.007 0.008 0.008 0.929 0.005 0.016 
227 TMA-ZAIN-G-    (0)    1 :  0.007 0.005 0.013 0.008 0.053 0.009 0.891 0.004 0.011 
228 TMA-ZAIN-G-    (0)    1 :  0.017 0.006 0.007 0.013 0.006 0.024 0.895 0.008 0.024 
229 TMA-ZAIN-G-    (0)    1 :  0.008 0.006 0.003 0.003 0.022 0.004 0.903 0.008 0.043 
230 TMA-ZAIN-G-    (0)    1 :  0.374 0.014 0.031 0.008 0.004 0.071 0.451 0.015 0.033 
231 TMA-ZAIN-G-    (0)    1 :  0.109 0.012 0.015 0.017 0.037 0.037 0.145 0.009 0.618 
232 TMA-ZAIN-G-    (9)    1 :  0.021 0.007 0.058 0.006 0.022 0.028 0.051 0.039 0.769 
233 TMA-ZAIN-G-    (0)    1 :  0.025 0.012 0.010 0.009 0.038 0.022 0.834 0.043 0.007 
234 TMA-ZAIN-G-    (0)    1 :  0.007 0.030 0.007 0.009 0.040 0.006 0.664 0.007 0.230 
235 TMA-ZAIN-G-    (0)    1 :  0.031 0.008 0.055 0.014 0.010 0.039 0.654 0.005 0.184 
236 TMA-ZAIN-G-    (0)    1 :  0.090 0.004 0.017 0.012 0.077 0.015 0.636 0.007 0.141 
237 TMA-ZAIN-G-    (0)    1 :  0.156 0.008 0.020 0.027 0.005 0.211 0.375 0.016 0.181 
238 TMA-ZAIN-G-    (0)    1 :  0.008 0.004 0.015 0.028 0.053 0.035 0.794 0.005 0.057 
239 TMA-ZAIN-G-    (0)    1 :  0.117 0.064 0.065 0.004 0.690 0.011 0.013 0.010 0.024 
240 TMA-ZAIN-G-    (0)    1 :  0.005 0.004 0.003 0.002 0.974 0.003 0.004 0.002 0.004 
241 TMA-ZAIN-G-    (0)    1 :  0.003 0.003 0.003 0.003 0.974 0.004 0.003 0.003 0.003 
242 TMA-ZAIN-G-    (0)    1 :  0.003 0.003 0.002 0.004 0.976 0.003 0.003 0.003 0.003 
243 TMA-ZAIN-G-    (0)    1 :  0.003 0.003 0.003 0.004 0.974 0.005 0.003 0.004 0.003 
244 TMA-ZAIN-G-    (0)    1 :  0.003 0.003 0.003 0.005 0.971 0.005 0.003 0.004 0.003 
245 TMA-ZAIN-G-    (9)    1 :  0.003 0.003 0.002 0.002 0.978 0.003 0.003 0.002 0.003 
246 TMA-ZAIN-G-    (0)    1 :  0.003 0.003 0.003 0.002 0.978 0.003 0.003 0.002 0.003 
247 TMA-ZAIN-G-    (0)    1 :  0.003 0.003 0.002 0.003 0.979 0.002 0.003 0.003 0.002 
248 TMA-ZAIN-G-    (0)    1 :  0.003 0.003 0.004 0.004 0.973 0.004 0.003 0.003 0.003 
249 TMA-ZAIN-G-    (0)    1 :  0.003 0.003 0.003 0.002 0.978 0.003 0.003 0.002 0.003 
250 TMA-ZAIN-G-    (0)    1 :  0.004 0.002 0.003 0.002 0.977 0.003 0.003 0.003 0.002 
251 TMA-ZAIN-G-    (0)    1 :  0.009 0.964 0.004 0.004 0.002 0.004 0.005 0.004 0.004 
252 TMA-ZAIN-G-    (0)    1 :  0.004 0.883 0.005 0.031 0.004 0.036 0.007 0.027 0.003 
253 TMA-ZAIN-G-    (0)    1 :  0.005 0.963 0.004 0.008 0.005 0.004 0.003 0.004 0.004 
254 TMA-ZAIN-G-    (9)    1 :  0.007 0.937 0.006 0.020 0.004 0.009 0.004 0.009 0.005 
255 TMA-ZAIN-G-    (0)    1 :  0.004 0.956 0.004 0.006 0.004 0.004 0.003 0.006 0.012 
256 TMA-ZAIN-G-    (0)    1 :  0.024 0.912 0.015 0.009 0.015 0.008 0.006 0.006 0.007 
257 TMA-ZAIN-G-    (0)    1 :  0.015 0.957 0.006 0.003 0.005 0.003 0.004 0.003 0.003 
258 TMA-ZAIN-G-    (0)    1 :  0.007 0.969 0.004 0.003 0.004 0.003 0.003 0.004 0.003 
259 TMA-ZAIN-G-    (0)    1 :  0.022 0.945 0.005 0.003 0.007 0.004 0.005 0.005 0.004 
260 TMA-ZAIN-G-    (0)    1 :  0.016 0.949 0.005 0.004 0.005 0.004 0.005 0.008 0.004 
261 TMA-ZAIN-G-   (18)    1 :  0.019 0.936 0.008 0.005 0.003 0.005 0.007 0.012 0.005 
262 TMA-ZAIN-G-    (0)    1 :  0.010 0.965 0.004 0.003 0.003 0.003 0.004 0.003 0.004 
263 TMA-ZAIN-G-    (0)    1 :  0.009 0.964 0.004 0.004 0.003 0.003 0.004 0.004 0.005 
264 TMA-ZAIN-G-    (0)    1 :  0.007 0.964 0.004 0.004 0.003 0.004 0.004 0.004 0.006 
265 TMA-ZAIN-G-    (0)    1 :  0.434 0.195 0.026 0.029 0.022 0.027 0.227 0.026 0.013 
266 TMA-ZAIN-G-    (0)    1 :  0.027 0.635 0.181 0.048 0.008 0.028 0.029 0.028 0.017 
267 TMA-ZAIN-G-    (0)    1 :  0.363 0.220 0.009 0.011 0.053 0.018 0.098 0.019 0.211 
268 TMA-ZAIN-G-    (0)    1 :  0.006 0.003 0.003 0.003 0.004 0.004 0.005 0.004 0.968 
269 TMA-ZAIN-G-    (0)    1 :  0.030 0.004 0.004 0.004 0.004 0.005 0.012 0.004 0.933 
270 TMA-ZAIN-G-    (0)    1 :  0.080 0.004 0.004 0.005 0.007 0.006 0.013 0.004 0.878 
271 TMA-ZAIN-G-    (0)    1 :  0.013 0.003 0.003 0.004 0.007 0.004 0.006 0.003 0.956 
272 TMA-ZAIN-G-    (0)    1 :  0.015 0.003 0.005 0.005 0.011 0.006 0.044 0.004 0.907 
273 TMA-ZAIN-G-    (0)    1 :  0.007 0.003 0.003 0.003 0.020 0.004 0.041 0.003 0.915 
274 TMA-ZAIN-G-    (0)    1 :  0.009 0.006 0.013 0.005 0.011 0.008 0.012 0.006 0.929 
275 TMA-ZAIN-G-    (0)    1 :  0.003 0.002 0.004 0.004 0.013 0.004 0.009 0.002 0.959 
276 TMA-ZAIN-G-    (0)    1 :  0.005 0.003 0.003 0.004 0.010 0.004 0.005 0.003 0.963 
277 TMA-ZAIN-G-    (0)    1 :  0.005 0.006 0.004 0.004 0.098 0.004 0.009 0.004 0.867 
278 TMA-ZAIN-G-    (0)    1 :  0.017 0.005 0.003 0.003 0.113 0.004 0.013 0.004 0.837 
279 TMA-ZAIN-G-    (0)    1 :  0.004 0.004 0.005 0.004 0.018 0.005 0.021 0.003 0.936 
280 TMA-ZAIN-G-    (0)    1 :  0.006 0.003 0.006 0.004 0.011 0.004 0.034 0.003 0.928 
281 TMA-ZAIN-G-    (0)    1 :  0.010 0.004 0.004 0.003 0.030 0.004 0.016 0.003 0.925 
282 TMA-ZAIN-G-    (9)    1 :  0.006 0.005 0.003 0.003 0.035 0.003 0.008 0.003 0.935 
283 TMA-ZAIN-G-    (0)    1 :  0.042 0.024 0.004 0.005 0.025 0.006 0.035 0.003 0.856 
284 TMA-ZAIN-G-    (0)    1 :  0.054 0.033 0.006 0.007 0.014 0.007 0.039 0.003 0.836 
285 TMA-ZAIN-G-    (0)    1 :  0.012 0.009 0.006 0.005 0.084 0.008 0.015 0.007 0.854 
286 TMA-ZAIN-G-    (0)    1 :  0.011 0.006 0.003 0.002 0.017 0.003 0.007 0.002 0.948 
287 TMA-ZAIN-G-    (0)    1 :  0.009 0.005 0.006 0.003 0.019 0.006 0.006 0.005 0.941 
288 TMA-ZAIN-G-    (0)    1 :  0.006 0.008 0.024 0.009 0.005 0.014 0.029 0.007 0.898 
289 TMA-ZAIN-G-    (0)    1 :  0.009 0.006 0.008 0.004 0.011 0.008 0.012 0.007 0.935 
290 TMA-ZAIN-G-    (0)    1 :  0.006 0.006 0.006 0.006 0.004 0.005 0.012 0.003 0.953 
291 TMA-ZAIN-G-    (0)    1 :  0.010 0.007 0.005 0.004 0.010 0.004 0.946 0.003 0.011 
292 TMA-ZAIN-G-    (0)    1 :  0.007 0.004 0.044 0.135 0.012 0.768 0.014 0.006 0.009 
293 TMA-ZAIN-G-    (0)    1 :  0.061 0.013 0.038 0.580 0.028 0.233 0.014 0.028 0.004 
294 TMA-ZAIN-G-    (0)    1 :  0.012 0.006 0.006 0.118 0.005 0.834 0.004 0.011 0.003 
295 TMA-ZAIN-G-    (9)    1 :  0.018 0.006 0.008 0.139 0.008 0.794 0.009 0.014 0.005 
296 TMA-ZAIN-G-    (0)    1 :  0.047 0.009 0.050 0.505 0.005 0.356 0.013 0.006 0.009 
297 TMA-ZAIN-G-    (0)    1 :  0.022 0.022 0.113 0.680 0.005 0.117 0.009 0.027 0.006 
298 TMA-ZAIN-G-    (0)    1 :  0.152 0.015 0.006 0.058 0.005 0.733 0.011 0.011 0.009 
299 TMA-ZAIN-G-    (0)    1 :  0.004 0.003 0.005 0.015 0.006 0.950 0.004 0.009 0.004 
300 TMA-ZAIN-G-    (0)    1 :  0.010 0.006 0.014 0.045 0.007 0.872 0.007 0.036 0.003 
301 TMA-ZAIN-G-    (0)    1 :  0.015 0.004 0.051 0.061 0.014 0.807 0.007 0.036 0.004 
302 TMA-ZAIN-G-    (9)    1 :  0.013 0.005 0.028 0.209 0.003 0.725 0.005 0.007 0.004 
303 TMA-ZAIN-G-    (0)    1 :  0.010 0.036 0.082 0.005 0.004 0.005 0.842 0.002 0.014 
304 TMA-ZAIN-G-    (0)    2 :  0.015 0.523 0.103 0.114 0.009 0.030 0.009 0.180 0.016 
305 TMA-ZAIN-G-    (0)    2 :  0.020 0.008 0.018 0.638 0.005 0.282 0.005 0.020 0.003 
306 TMA-ZAIN-G-    (0)    2 :  0.008 0.431 0.027 0.271 0.016 0.150 0.012 0.016 0.068 
307 TMA-ZAIN-G-    (0)    2 :  0.015 0.351 0.051 0.123 0.016 0.019 0.007 0.406 0.012 
308 TMA-ZAIN-G-    (0)    2 :  0.015 0.741 0.012 0.004 0.018 0.005 0.133 0.014 0.057 
309 TMA-ZAIN-G-    (0)    2 :  0.005 0.003 0.873 0.026 0.003 0.072 0.005 0.012 0.003 
310 TMA-ZAIN-G-    (0)    2 :  0.059 0.010 0.007 0.141 0.010 0.740 0.013 0.010 0.009 
311 TMA-ZAIN-G-    (0)    2 :  0.118 0.033 0.028 0.530 0.002 0.230 0.026 0.008 0.026 
312 TMA-ZAIN-G-    (0)    2 :  0.007 0.011 0.529 0.102 0.005 0.285 0.040 0.015 0.006 
313 TMA-ZAIN-G-    (0)    2 :  0.034 0.582 0.068 0.087 0.003 0.169 0.007 0.040 0.011 
314 TMA-ZAIN-G-    (0)    2 :  0.039 0.019 0.025 0.012 0.003 0.029 0.077 0.013 0.782 
315 TMA-ZAIN-G-    (0)    2 :  0.051 0.018 0.011 0.074 0.018 0.441 0.039 0.045 0.302 
316 TMA-ZAIN-G-    (0)    2 :  0.033 0.017 0.011 0.076 0.015 0.388 0.063 0.046 0.354 
317 TMA-ZAIN-G-    (0)    2 :  0.009 0.013 0.006 0.005 0.009 0.015 0.894 0.003 0.046 
318 TMA-ZAIN-G-    (9)    2 :  0.033 0.034 0.010 0.006 0.045 0.017 0.063 0.015 0.778 
319 TMA-ZAIN-G-    (0)    3 :  0.030 0.008 0.182 0.006 0.014 0.008 0.709 0.004 0.039 
320 TMA-ZAIN-G-    (0)    3 :  0.014 0.004 0.016 0.068 0.018 0.484 0.372 0.017 0.006 
321 TMA-ZAIN-G-    (0)    4 :  0.025 0.009 0.091 0.316 0.009 0.206 0.143 0.037 0.164 
322 TMA-ZAIN-G-    (0)    4 :  0.021 0.058 0.031 0.232 0.005 0.105 0.474 0.042 0.033 
323 TMA-ZAIN-G-    (0)    5 :  0.008 0.012 0.053 0.011 0.024 0.006 0.859 0.019 0.007 
324 TMA-ZAIN-G-    (0)    5 :  0.021 0.015 0.028 0.895 0.005 0.012 0.007 0.012 0.005 
325 TMA-ZAIN-G-    (0)    5 :  0.012 0.005 0.009 0.009 0.138 0.009 0.807 0.005 0.005 
326 TMA-ZAIN-G-    (0)    5 :  0.008 0.034 0.311 0.016 0.005 0.006 0.609 0.007 0.003 
327 TMA-ZAIN-G-    (0)    5 :  0.007 0.014 0.947 0.005 0.002 0.006 0.004 0.013 0.003 
328 TMA-ZAIN-G-    (0)    5 :  0.018 0.012 0.193 0.018 0.012 0.011 0.115 0.160 0.463 
329 TMA-ZAIN-G-    (0)    5 :  0.083 0.018 0.136 0.059 0.009 0.545 0.010 0.136 0.005 
330 TMA-ZAIN-G-    (0)    6 :  0.016 0.040 0.481 0.060 0.002 0.280 0.013 0.105 0.003 
331 TMA-ZAIN-G-    (0)    6 :  0.266 0.040 0.138 0.081 0.012 0.427 0.016 0.006 0.014 
332 TMA-ZAIN-G-    (0)    6 :  0.004 0.004 0.942 0.017 0.003 0.015 0.004 0.009 0.002 
333 TMA-ZAIN-G-    (0)    6 :  0.004 0.008 0.967 0.003 0.002 0.005 0.003 0.004 0.003 
334 TMA-ZAIN-G-    (0)    6 :  0.017 0.005 0.003 0.004 0.030 0.004 0.014 0.003 0.921 
335 TMA-ZAIN-G-    (0)    6 :  0.018 0.003 0.004 0.006 0.025 0.006 0.008 0.006 0.923 
336 TMA-ZAIN-G-    (0)    6 :  0.150 0.006 0.005 0.006 0.028 0.009 0.022 0.005 0.770 
337 TMA-ZAIN-G-    (9)    6 :  0.007 0.004 0.004 0.005 0.010 0.005 0.015 0.004 0.946 
338 TMA-ZAIN-G-    (0)    6 :  0.004 0.004 0.003 0.003 0.005 0.003 0.007 0.003 0.969 
339 TMA-ZAIN-G-    (0)    6 :  0.004 0.003 0.002 0.002 0.015 0.003 0.006 0.002 0.963 
340 TMA-ZAIN-G-    (0)    6 :  0.018 0.003 0.003 0.004 0.014 0.005 0.008 0.003 0.942 
341 TMA-ZAIN-G-    (0)    6 :  0.007 0.003 0.003 0.004 0.013 0.005 0.006 0.004 0.955 
342 TMA-ZAIN-G-    (0)    6 :  0.122 0.004 0.004 0.004 0.024 0.006 0.009 0.004 0.824 
343 TMA-ZAIN-G-    (0)    7 :  0.004 0.003 0.003 0.003 0.009 0.003 0.006 0.003 0.967 
344 TMA-ZAIN-G-    (0)    7 :  0.007 0.004 0.005 0.005 0.038 0.005 0.022 0.003 0.912 
345 TMA-ZAIN-G-    (0)    7 :  0.007 0.004 0.003 0.002 0.040 0.003 0.007 0.003 0.931 
346 TMA-ZAIN-G-    (0)    7 :  0.005 0.004 0.006 0.003 0.020 0.009 0.015 0.003 0.935 
347 TMA-ZAIN-G-    (9)    7 :  0.005 0.003 0.003 0.003 0.021 0.004 0.011 0.003 0.947 
348 TMA-ZAIN-G-    (0)    7 :  0.010 0.006 0.004 0.004 0.026 0.005 0.026 0.004 0.914 
349 TMA-ZAIN-G-    (0)    7 :  0.004 0.004 0.003 0.003 0.029 0.004 0.009 0.003 0.940 
350 TMA-ZAIN-G-    (0)    7 :  0.024 0.004 0.006 0.006 0.035 0.008 0.136 0.006 0.774 
351 TMA-ZAIN-G-    (0)    7 :  0.007 0.005 0.004 0.003 0.036 0.004 0.011 0.004 0.925 
352 TMA-ZAIN-G-    (0)    7 :  0.060 0.004 0.004 0.006 0.010 0.007 0.009 0.006 0.893 
353 TMA-ZAIN-G-    (0)    7 :  0.008 0.004 0.007 0.006 0.030 0.005 0.033 0.003 0.905 
354 TMA-ZAIN-G-    (0)    7 :  0.003 0.003 0.006 0.005 0.012 0.005 0.014 0.003 0.950 
355 TMA-ZAIN-G-    (0)    7 :  0.008 0.003 0.005 0.008 0.013 0.007 0.010 0.004 0.941 
356 TMA-ZAIN-G-    (0)    8 :  0.004 0.012 0.003 0.917 0.002 0.007 0.011 0.042 0.002 
357 TMA-ZAIN-G-    (0)    8 :  0.019 0.010 0.387 0.435 0.003 0.068 0.012 0.059 0.008 
358 TMA-ZAIN-G-    (0)    8 :  0.061 0.019 0.168 0.177 0.009 0.263 0.042 0.209 0.052 
359 TMA-ZAIN-G-    (0)    8 :  0.163 0.025 0.005 0.221 0.043 0.040 0.026 0.470 0.006 
360 TMA-ZAIN-G-    (0)    8 :  0.014 0.007 0.006 0.809 0.009 0.130 0.006 0.016 0.003 
361 TMA-ZAIN-G-    (0)    8 :  0.011 0.010 0.500 0.258 0.003 0.172 0.009 0.029 0.008 
362 TMA-ZAIN-G-    (0)    8 :  0.006 0.004 0.004 0.841 0.099 0.018 0.012 0.008 0.008 
363 TMA-ZAIN-G-    (0)    9 :  0.078 0.010 0.205 0.102 0.008 0.548 0.029 0.014 0.005 
364 TMA-ZAIN-G-    (0)    9 :  0.075 0.012 0.015 0.016 0.006 0.028 0.479 0.019 0.351 
365 TMA-ZAIN-G-    (0)    9 :  0.009 0.004 0.011 0.593 0.013 0.120 0.043 0.027 0.181 
366 TMA-ZAIN-G-    (0)    9 :  0.047 0.010 0.006 0.163 0.009 0.676 0.005 0.079 0.004 
367 TMA-ZAIN-G-    (0)    9 :  0.042 0.092 0.600 0.138 0.002 0.040 0.031 0.008 0.046 
368 TMA-ZAIN-G-    (0)    9 :  0.014 0.009 0.010 0.035 0.005 0.851 0.005 0.065 0.004 
369 TMA-ZAIN-G-    (0)    9 :  0.007 0.005 0.860 0.033 0.003 0.039 0.005 0.045 0.003 
370 TMA-ZAIN-G-    (0)    9 :  0.011 0.004 0.490 0.058 0.003 0.411 0.005 0.013 0.004 
371 TMA-ZAIN-G-    (0)    9 :  0.006 0.006 0.009 0.787 0.003 0.150 0.004 0.030 0.005 
372 TMA-ZAIN-G-    (0)    9 :  0.007 0.006 0.011 0.732 0.004 0.211 0.004 0.022 0.004 
373 TMA-ZAIN-G-    (0)    9 :  0.004 0.005 0.966 0.005 0.004 0.004 0.005 0.004 0.003 
374 TMA-ZAIN-G-    (0)   10 :  0.016 0.181 0.352 0.080 0.003 0.033 0.126 0.007 0.200 
375 TMA-ZAIN-G-    (0)   10 :  0.009 0.006 0.176 0.030 0.010 0.032 0.703 0.010 0.023 
376 TMA-ZAIN-G-    (9)   10 :  0.005 0.003 0.015 0.881 0.003 0.082 0.004 0.004 0.004 
377 TMA-ZAIN-G-    (0)   10 :  0.004 0.005 0.013 0.788 0.002 0.162 0.003 0.020 0.002 
378 TMA-ZAIN-G-    (0)   10 :  0.003 0.003 0.009 0.949 0.002 0.015 0.003 0.012 0.003 
379 TMA-ZAIN-G-    (0)   10 :  0.003 0.007 0.008 0.953 0.002 0.008 0.003 0.013 0.003 
380 TMA-ZAIN-G-    (0)   10 :  0.010 0.006 0.009 0.035 0.004 0.890 0.004 0.039 0.003 
381 TMA-ZAIN-G-    (9)   10 :  0.093 0.046 0.027 0.044 0.009 0.141 0.530 0.102 0.009 
382 TMA-ZAIN-G-    (9)   10 :  0.033 0.005 0.012 0.006 0.029 0.031 0.221 0.004 0.660 
383    ZFB01    (0)   11 :  0.003 0.006 0.004 0.011 0.009 0.007 0.004 0.004 0.952 
384    ZFB02    (0)   11 :  0.006 0.009 0.003 0.005 0.011 0.004 0.005 0.003 0.952 
385    ZFB03    (0)   11 :  0.006 0.006 0.012 0.009 0.003 0.005 0.019 0.003 0.937 
386    ZFB04    (0)   11 :  0.010 0.007 0.003 0.009 0.022 0.007 0.005 0.003 0.934 
387    ZFB05    (0)   11 :  0.046 0.006 0.013 0.005 0.041 0.003 0.039 0.016 0.829 
388    ZFB06    (0)   11 :  0.016 0.005 0.014 0.005 0.029 0.003 0.043 0.016 0.868 
389    ZFB07    (9)   11 :  0.010 0.005 0.010 0.017 0.012 0.015 0.020 0.006 0.905 
390    ZFB08    (0)   11 :  0.007 0.006 0.006 0.008 0.003 0.005 0.008 0.005 0.952 
391    ZFB09    (0)   11 :  0.004 0.005 0.004 0.005 0.003 0.004 0.005 0.003 0.968 
392    ZFB10    (0)   11 :  0.007 0.008 0.006 0.064 0.010 0.024 0.006 0.007 0.869 
393    ZFB11    (0)   11 :  0.006 0.007 0.004 0.025 0.023 0.016 0.004 0.005 0.909 
394    ZFB12    (0)   11 :  0.004 0.003 0.006 0.007 0.005 0.006 0.006 0.004 0.960 
395    ZFB13    (0)   11 :  0.008 0.004 0.005 0.009 0.003 0.009 0.012 0.006 0.944 
396    ZFB14    (0)   11 :  0.006 0.006 0.005 0.010 0.003 0.008 0.007 0.004 0.951 
397    ZFB15    (0)   11 :  0.004 0.003 0.003 0.004 0.010 0.004 0.004 0.002 0.965 
398    ZFB16    (0)   11 :  0.010 0.003 0.004 0.007 0.006 0.005 0.006 0.003 0.954 
