

----------------------------------------------------
STRUCTURE by Pritchard, Stephens and Donnelly (2000)
     and Falush, Stephens and Pritchard (2003)
       Code by Pritchard, Falush and Hubisz
             Version 2.3.4 (Jul 2012)
----------------------------------------------------



Command line arguments:   bin\structure -m C:\Users\eschumacher\Documents\GitHub\GCC_QUAC_ZAIN\Data_Files\Structure_Files\ZAIN\ZAIN_rebinned_allpop_str\50-50\mainparams -e C:\Users\eschumacher\Documents\GitHub\GCC_QUAC_ZAIN\Data_Files\Structure_Files\ZAIN\ZAIN_rebinned_allpop_str\50-50\extraparams 
Input File:    C:\Users\eschumacher\Documents\GitHub\GCC_QUAC_ZAIN\Data_Files\Structure_Files\ZAIN\ZAIN_rebinned_allpop_str\project_data

Run parameters:
   1133 individuals
   11 loci
   6 populations assumed
   50000 Burn-in period
   50000 Reps


--------------------------------------------
Proportion of membership of each pre-defined
 population in each of the 6 clusters

Given    Inferred Clusters                            Number of
 Pop       1      2      3      4      5      6      Individuals

  1:     0.196  0.153  0.317  0.115  0.120  0.098      303
  2:     0.182  0.103  0.295  0.222  0.135  0.063       15
  3:     0.130  0.038  0.216  0.009  0.598  0.010        2
  4:     0.183  0.060  0.328  0.052  0.307  0.068        2
  5:     0.289  0.025  0.219  0.023  0.408  0.036        7
  6:     0.245  0.667  0.037  0.020  0.014  0.017       13
  7:     0.006  0.952  0.005  0.005  0.015  0.017       13
  8:     0.197  0.009  0.750  0.015  0.015  0.013        7
  9:     0.393  0.018  0.458  0.017  0.085  0.029       11
 10:     0.079  0.010  0.564  0.040  0.188  0.119        9
 11:     0.006  0.034  0.008  0.007  0.012  0.934       35
 12:     0.150  0.005  0.802  0.026  0.009  0.008       36
 13:     0.092  0.006  0.876  0.009  0.011  0.006       33
 14:     0.008  0.019  0.010  0.950  0.006  0.007       40
 15:     0.970  0.003  0.006  0.013  0.004  0.004       39
 16:     0.026  0.053  0.062  0.027  0.663  0.169       40
 17:     0.012  0.104  0.021  0.035  0.762  0.066       37
 18:     0.119  0.004  0.859  0.007  0.005  0.007       40
 19:     0.009  0.008  0.005  0.039  0.007  0.932       28
 20:     0.011  0.030  0.012  0.921  0.017  0.009       14
 21:     0.038  0.914  0.009  0.010  0.020  0.009       13
 22:     0.945  0.003  0.027  0.015  0.005  0.006       14
 23:     0.046  0.006  0.927  0.009  0.006  0.006       25
 24:     0.020  0.006  0.927  0.022  0.019  0.007       40
 25:     0.053  0.009  0.022  0.872  0.022  0.023       32
 26:     0.005  0.977  0.006  0.005  0.005  0.003       20
 27:     0.009  0.007  0.011  0.010  0.200  0.763        4
 28:     0.012  0.017  0.033  0.013  0.022  0.903       23
 29:     0.006  0.007  0.006  0.009  0.015  0.957       39
 30:     0.005  0.920  0.006  0.008  0.010  0.050       38
 31:     0.890  0.005  0.084  0.008  0.008  0.005       45
 32:     0.572  0.010  0.387  0.014  0.011  0.005       28
 33:     0.007  0.008  0.005  0.007  0.030  0.943        6
 34:     0.025  0.008  0.025  0.014  0.907  0.021       40
 35:     0.022  0.081  0.016  0.012  0.850  0.019       42
--------------------------------------------

Allele-freq. divergence among pops (Net nucleotide distance),
computed using point estimates of P.

      1       2       3       4       5       6      
 1      -    0.2647  0.0760  0.1141  0.1012  0.2032  
 2   0.2647     -    0.2769  0.2090  0.1201  0.1425  
 3   0.0760  0.2769     -    0.1497  0.1401  0.2193  
 4   0.1141  0.2090  0.1497     -    0.0960  0.1416  
 5   0.1012  0.1201  0.1401  0.0960     -    0.0884  
 6   0.2032  0.1425  0.2193  0.1416  0.0884     -    

Average distances (expected heterozygosity) between individuals in same cluster:
cluster  1  : 0.4351 
cluster  2  : 0.4278 
cluster  3  : 0.4319 
cluster  4  : 0.4387 
cluster  5  : 0.5576 
cluster  6  : 0.4839 

--------------------------------------------
Estimated Ln Prob of Data   = -22216.5
Mean value of ln likelihood = -21819.2
Variance of ln likelihood   = 794.5
Mean value of alpha         = 0.0340

Mean value of Fst_1         = 0.3712
Mean value of Fst_2         = 0.4119
Mean value of Fst_3         = 0.2698
Mean value of Fst_4         = 0.4196
Mean value of Fst_5         = 0.1191
Mean value of Fst_6         = 0.3240


Inferred ancestry of individuals:
        Label (%Miss) Pop:  Inferred clusters
  1 TMA-ZAIN-G-    (9)    1 :  0.073 0.006 0.017 0.024 0.085 0.795 
  2 TMA-ZAIN-G-    (0)    1 :  0.025 0.006 0.135 0.032 0.057 0.745 
  3 TMA-ZAIN-G-    (0)    1 :  0.182 0.003 0.792 0.009 0.008 0.005 
  4 TMA-ZAIN-G-    (0)    1 :  0.043 0.009 0.139 0.775 0.014 0.021 
  5 TMA-ZAIN-G-    (0)    1 :  0.002 0.005 0.003 0.006 0.004 0.979 
  6 TMA-ZAIN-G-    (0)    1 :  0.158 0.039 0.534 0.065 0.169 0.035 
  7 TMA-ZAIN-G-    (0)    1 :  0.551 0.008 0.375 0.033 0.017 0.016 
  8 TMA-ZAIN-G-    (0)    1 :  0.667 0.003 0.296 0.021 0.006 0.007 
  9 TMA-ZAIN-G-    (9)    1 :  0.235 0.005 0.726 0.005 0.018 0.011 
 10 TMA-ZAIN-G-    (0)    1 :  0.201 0.005 0.770 0.010 0.011 0.003 
 11 TMA-ZAIN-G-    (0)    1 :  0.260 0.006 0.709 0.008 0.010 0.007 
 12 TMA-ZAIN-G-    (0)    1 :  0.036 0.003 0.944 0.004 0.006 0.006 
 13 TMA-ZAIN-G-    (9)    1 :  0.582 0.106 0.209 0.019 0.035 0.049 
 14 TMA-ZAIN-G-    (9)    1 :  0.971 0.005 0.007 0.007 0.006 0.004 
 15 TMA-ZAIN-G-    (0)    1 :  0.976 0.002 0.005 0.006 0.007 0.004 
 16 TMA-ZAIN-G-    (0)    1 :  0.021 0.005 0.958 0.004 0.007 0.005 
 17 TMA-ZAIN-G-    (9)    1 :  0.858 0.020 0.020 0.034 0.052 0.016 
 18 TMA-ZAIN-G-    (0)    1 :  0.019 0.006 0.011 0.058 0.149 0.757 
 19 TMA-ZAIN-G-    (0)    1 :  0.027 0.012 0.013 0.007 0.927 0.014 
 20 TMA-ZAIN-G-    (0)    1 :  0.003 0.095 0.004 0.020 0.838 0.041 
 21 TMA-ZAIN-G-    (0)    1 :  0.003 0.980 0.005 0.005 0.005 0.003 
 22 TMA-ZAIN-G-    (0)    1 :  0.003 0.921 0.003 0.007 0.011 0.056 
 23 TMA-ZAIN-G-    (0)    1 :  0.008 0.927 0.006 0.005 0.033 0.021 
 24 TMA-ZAIN-G-    (9)    1 :  0.062 0.788 0.130 0.006 0.004 0.009 
 25 TMA-ZAIN-G-    (9)    1 :  0.008 0.010 0.035 0.004 0.842 0.101 
 26 TMA-ZAIN-G-    (9)    1 :  0.175 0.042 0.269 0.486 0.017 0.011 
 27 TMA-ZAIN-G-    (0)    1 :  0.039 0.012 0.006 0.019 0.877 0.047 
 28 TMA-ZAIN-G-    (0)    1 :  0.011 0.004 0.008 0.008 0.959 0.011 
 29 TMA-ZAIN-G-    (0)    1 :  0.031 0.004 0.538 0.058 0.365 0.004 
 30 TMA-ZAIN-G-    (0)    1 :  0.436 0.006 0.176 0.008 0.370 0.004 
 31 TMA-ZAIN-G-    (0)    1 :  0.005 0.013 0.006 0.044 0.011 0.921 
 32 TMA-ZAIN-G-    (9)    1 :  0.032 0.009 0.027 0.005 0.019 0.909 
 33 TMA-ZAIN-G-   (18)    1 :  0.314 0.003 0.666 0.004 0.006 0.007 
 34 TMA-ZAIN-G-    (0)    1 :  0.018 0.017 0.625 0.008 0.011 0.320 
 35 TMA-ZAIN-G-    (9)    1 :  0.101 0.004 0.850 0.011 0.014 0.021 
 36 TMA-ZAIN-G-    (0)    1 :  0.632 0.003 0.340 0.015 0.006 0.004 
 37 TMA-ZAIN-G-    (9)    1 :  0.082 0.007 0.869 0.013 0.017 0.011 
 38 TMA-ZAIN-G-   (18)    1 :  0.044 0.010 0.019 0.006 0.027 0.895 
 39 TMA-ZAIN-G-    (0)    1 :  0.014 0.006 0.963 0.009 0.005 0.003 
 40 TMA-ZAIN-G-    (0)    1 :  0.078 0.004 0.904 0.005 0.004 0.004 
 41 TMA-ZAIN-G-    (0)    1 :  0.762 0.003 0.222 0.005 0.005 0.003 
 42 TMA-ZAIN-G-    (9)    1 :  0.978 0.002 0.007 0.006 0.003 0.003 
 43 TMA-ZAIN-G-    (0)    1 :  0.972 0.003 0.008 0.010 0.004 0.004 
 44 TMA-ZAIN-G-    (0)    1 :  0.017 0.858 0.098 0.006 0.016 0.005 
 45 TMA-ZAIN-G-    (0)    1 :  0.413 0.009 0.543 0.016 0.012 0.008 
 46 TMA-ZAIN-G-    (0)    1 :  0.003 0.981 0.003 0.005 0.004 0.003 
 47 TMA-ZAIN-G-    (0)    1 :  0.004 0.003 0.004 0.980 0.004 0.004 
 48 TMA-ZAIN-G-    (0)    1 :  0.231 0.026 0.062 0.649 0.025 0.007 
 49 TMA-ZAIN-G-    (9)    1 :  0.006 0.006 0.035 0.011 0.919 0.023 
 50 TMA-ZAIN-G-    (0)    1 :  0.024 0.007 0.009 0.003 0.951 0.006 
 51 TMA-ZAIN-G-    (0)    1 :  0.050 0.009 0.008 0.026 0.899 0.008 
 52 TMA-ZAIN-G-    (0)    1 :  0.014 0.013 0.011 0.095 0.860 0.007 
 53 TMA-ZAIN-G-    (0)    1 :  0.031 0.010 0.009 0.174 0.647 0.128 
 54 TMA-ZAIN-G-    (0)    1 :  0.013 0.005 0.006 0.961 0.009 0.005 
 55 TMA-ZAIN-G-    (0)    1 :  0.034 0.009 0.006 0.917 0.028 0.005 
 56 TMA-ZAIN-G-    (0)    1 :  0.118 0.009 0.058 0.705 0.101 0.009 
 57 TMA-ZAIN-G-    (0)    1 :  0.005 0.003 0.010 0.960 0.015 0.007 
 58 TMA-ZAIN-G-    (0)    1 :  0.014 0.056 0.007 0.023 0.875 0.024 
 59 TMA-ZAIN-G-    (0)    1 :  0.063 0.038 0.106 0.071 0.054 0.668 
 60 TMA-ZAIN-G-    (0)    1 :  0.075 0.009 0.014 0.039 0.501 0.362 
 61 TMA-ZAIN-G-    (0)    1 :  0.003 0.021 0.003 0.016 0.009 0.947 
 62 TMA-ZAIN-G-    (9)    1 :  0.022 0.025 0.031 0.012 0.047 0.863 
 63 TMA-ZAIN-G-    (0)    1 :  0.006 0.007 0.004 0.013 0.012 0.958 
 64 TMA-ZAIN-G-    (0)    1 :  0.016 0.003 0.970 0.006 0.003 0.002 
 65 TMA-ZAIN-G-    (9)    1 :  0.025 0.003 0.946 0.019 0.004 0.003 
 66 TMA-ZAIN-G-    (0)    1 :  0.015 0.003 0.968 0.007 0.004 0.003 
 67 TMA-ZAIN-G-    (0)    1 :  0.006 0.010 0.964 0.005 0.011 0.004 
 68 TMA-ZAIN-G-    (0)    1 :  0.056 0.002 0.918 0.018 0.004 0.002 
 69 TMA-ZAIN-G-    (0)    1 :  0.007 0.014 0.951 0.011 0.009 0.007 
 70 TMA-ZAIN-G-    (0)    1 :  0.009 0.005 0.970 0.004 0.007 0.004 
 71 TMA-ZAIN-G-    (0)    1 :  0.006 0.004 0.979 0.004 0.004 0.003 
 72 TMA-ZAIN-G-    (0)    1 :  0.049 0.005 0.924 0.010 0.008 0.004 
 73 TMA-ZAIN-G-    (0)    1 :  0.008 0.044 0.861 0.019 0.042 0.027 
 74 TMA-ZAIN-G-    (0)    1 :  0.009 0.013 0.938 0.007 0.024 0.009 
 75 TMA-ZAIN-G-    (0)    1 :  0.013 0.005 0.953 0.012 0.011 0.006 
 76 TMA-ZAIN-G-    (0)    1 :  0.005 0.054 0.906 0.004 0.024 0.007 
 77 TMA-ZAIN-G-    (0)    1 :  0.034 0.013 0.927 0.011 0.011 0.004 
 78 TMA-ZAIN-G-    (0)    1 :  0.017 0.062 0.842 0.017 0.050 0.012 
 79 TMA-ZAIN-G-    (0)    1 :  0.055 0.047 0.843 0.026 0.024 0.006 
 80 TMA-ZAIN-G-    (0)    1 :  0.010 0.005 0.968 0.009 0.005 0.003 
 81 TMA-ZAIN-G-    (0)    1 :  0.018 0.014 0.937 0.014 0.013 0.005 
 82 TMA-ZAIN-G-    (0)    1 :  0.007 0.003 0.972 0.009 0.005 0.004 
 83 TMA-ZAIN-G-    (9)    1 :  0.010 0.037 0.849 0.018 0.023 0.064 
 84 TMA-ZAIN-G-    (0)    1 :  0.008 0.046 0.921 0.006 0.015 0.004 
 85 TMA-ZAIN-G-    (0)    1 :  0.009 0.027 0.008 0.796 0.135 0.025 
 86 TMA-ZAIN-G-    (0)    1 :  0.010 0.030 0.016 0.916 0.019 0.008 
 87 TMA-ZAIN-G-    (0)    1 :  0.009 0.199 0.011 0.686 0.058 0.037 
 88 TMA-ZAIN-G-    (0)    1 :  0.033 0.013 0.130 0.646 0.011 0.168 
 89 TMA-ZAIN-G-    (0)    1 :  0.018 0.016 0.032 0.911 0.006 0.017 
 90 TMA-ZAIN-G-    (0)    1 :  0.007 0.007 0.009 0.955 0.015 0.007 
 91 TMA-ZAIN-G-    (0)    1 :  0.011 0.007 0.010 0.940 0.010 0.021 
 92 TMA-ZAIN-G-    (0)    1 :  0.010 0.019 0.006 0.930 0.029 0.006 
 93 TMA-ZAIN-G-    (0)    1 :  0.008 0.009 0.005 0.939 0.024 0.015 
 94 TMA-ZAIN-G-    (0)    1 :  0.005 0.010 0.004 0.919 0.017 0.044 
 95 TMA-ZAIN-G-    (0)    1 :  0.025 0.008 0.014 0.005 0.939 0.009 
 96 TMA-ZAIN-G-    (0)    1 :  0.049 0.005 0.008 0.007 0.927 0.005 
 97 TMA-ZAIN-G-    (0)    1 :  0.006 0.007 0.006 0.010 0.012 0.958 
 98 TMA-ZAIN-G-    (0)    1 :  0.005 0.004 0.006 0.008 0.004 0.973 
 99 TMA-ZAIN-G-    (0)    1 :  0.026 0.017 0.102 0.004 0.008 0.843 
100 TMA-ZAIN-G-    (0)    1 :  0.005 0.018 0.004 0.023 0.017 0.932 
101 TMA-ZAIN-G-    (0)    1 :  0.005 0.005 0.009 0.009 0.008 0.963 
102 TMA-ZAIN-G-    (0)    1 :  0.043 0.161 0.037 0.013 0.072 0.674 
103 TMA-ZAIN-G-    (0)    1 :  0.010 0.013 0.010 0.009 0.023 0.935 
104 TMA-ZAIN-G-    (0)    1 :  0.004 0.005 0.004 0.004 0.006 0.977 
105 TMA-ZAIN-G-    (0)    1 :  0.012 0.009 0.013 0.012 0.016 0.939 
106 TMA-ZAIN-G-    (0)    1 :  0.734 0.003 0.250 0.005 0.004 0.003 
107 TMA-ZAIN-G-    (0)    1 :  0.013 0.003 0.968 0.006 0.005 0.005 
108 TMA-ZAIN-G-    (9)    1 :  0.268 0.044 0.144 0.029 0.052 0.464 
109 TMA-ZAIN-G-    (0)    1 :  0.217 0.005 0.355 0.062 0.053 0.309 
110 TMA-ZAIN-G-    (0)    1 :  0.323 0.158 0.260 0.026 0.140 0.093 
111 TMA-ZAIN-G-    (9)    1 :  0.016 0.083 0.096 0.038 0.058 0.708 
112 TMA-ZAIN-G-    (0)    1 :  0.292 0.046 0.177 0.025 0.156 0.304 
113 TMA-ZAIN-G-    (0)    1 :  0.006 0.008 0.016 0.016 0.005 0.950 
114 TMA-ZAIN-G-    (0)    1 :  0.002 0.012 0.003 0.005 0.006 0.972 
115 TMA-ZAIN-G-    (0)    1 :  0.003 0.006 0.004 0.004 0.005 0.978 
116 TMA-ZAIN-G-    (0)    1 :  0.007 0.003 0.966 0.013 0.004 0.007 
117 TMA-ZAIN-G-    (0)    1 :  0.265 0.004 0.678 0.038 0.010 0.006 
118 TMA-ZAIN-G-    (0)    1 :  0.010 0.003 0.966 0.009 0.005 0.007 
119 TMA-ZAIN-G-    (0)    1 :  0.007 0.006 0.951 0.010 0.010 0.016 
120 TMA-ZAIN-G-    (0)    1 :  0.023 0.004 0.936 0.015 0.010 0.011 
121 TMA-ZAIN-G-    (0)    1 :  0.032 0.003 0.933 0.017 0.008 0.007 
122 TMA-ZAIN-G-    (0)    1 :  0.064 0.007 0.882 0.027 0.015 0.006 
123 TMA-ZAIN-G-    (0)    1 :  0.007 0.010 0.005 0.006 0.013 0.959 
124 TMA-ZAIN-G-    (0)    1 :  0.973 0.003 0.009 0.004 0.006 0.006 
125 TMA-ZAIN-G-    (0)    1 :  0.925 0.002 0.016 0.049 0.005 0.003 
126 TMA-ZAIN-G-    (0)    1 :  0.971 0.003 0.010 0.008 0.004 0.004 
127 TMA-ZAIN-G-    (0)    1 :  0.970 0.003 0.016 0.004 0.004 0.003 
128 TMA-ZAIN-G-    (0)    1 :  0.941 0.003 0.039 0.008 0.005 0.004 
129 TMA-ZAIN-G-    (0)    1 :  0.970 0.003 0.010 0.005 0.005 0.007 
130 TMA-ZAIN-G-    (0)    1 :  0.947 0.003 0.014 0.026 0.005 0.006 
131 TMA-ZAIN-G-    (0)    1 :  0.974 0.003 0.008 0.005 0.006 0.004 
132 TMA-ZAIN-G-    (0)    1 :  0.871 0.003 0.085 0.031 0.006 0.004 
133 TMA-ZAIN-G-    (0)    1 :  0.808 0.013 0.135 0.030 0.011 0.003 
134 TMA-ZAIN-G-    (0)    1 :  0.917 0.008 0.050 0.017 0.005 0.003 
135 TMA-ZAIN-G-    (0)    1 :  0.043 0.005 0.937 0.006 0.004 0.005 
136 TMA-ZAIN-G-    (0)    1 :  0.017 0.004 0.952 0.019 0.004 0.003 
137 TMA-ZAIN-G-    (0)    1 :  0.037 0.005 0.939 0.006 0.005 0.008 
138 TMA-ZAIN-G-    (0)    1 :  0.594 0.003 0.383 0.011 0.004 0.005 
139 TMA-ZAIN-G-    (0)    1 :  0.166 0.004 0.773 0.047 0.004 0.006 
140 TMA-ZAIN-G-    (0)    1 :  0.057 0.005 0.924 0.004 0.006 0.004 
141 TMA-ZAIN-G-    (0)    1 :  0.198 0.004 0.779 0.007 0.006 0.006 
142 TMA-ZAIN-G-    (9)    1 :  0.029 0.003 0.953 0.005 0.005 0.004 
143 TMA-ZAIN-G-    (0)    1 :  0.162 0.003 0.819 0.005 0.005 0.005 
144 TMA-ZAIN-G-    (0)    1 :  0.128 0.005 0.808 0.036 0.019 0.004 
145 TMA-ZAIN-G-    (0)    1 :  0.013 0.002 0.970 0.009 0.004 0.003 
146 TMA-ZAIN-G-    (0)    1 :  0.010 0.004 0.976 0.004 0.004 0.003 
147 TMA-ZAIN-G-    (9)    1 :  0.009 0.004 0.975 0.005 0.004 0.004 
148 TMA-ZAIN-G-    (0)    1 :  0.268 0.003 0.681 0.040 0.004 0.004 
149 TMA-ZAIN-G-    (0)    1 :  0.158 0.018 0.668 0.104 0.018 0.035 
150 TMA-ZAIN-G-    (0)    1 :  0.030 0.016 0.820 0.095 0.014 0.025 
151 TMA-ZAIN-G-    (0)    1 :  0.054 0.002 0.930 0.005 0.004 0.004 
152 TMA-ZAIN-G-    (0)    1 :  0.017 0.002 0.965 0.005 0.004 0.006 
153 TMA-ZAIN-G-    (0)    1 :  0.125 0.003 0.847 0.017 0.004 0.004 
154 TMA-ZAIN-G-    (0)    1 :  0.011 0.002 0.971 0.008 0.003 0.005 
155 TMA-ZAIN-G-    (0)    1 :  0.020 0.003 0.961 0.004 0.004 0.007 
156 TMA-ZAIN-G-    (9)    1 :  0.373 0.003 0.570 0.022 0.006 0.026 
157 TMA-ZAIN-G-    (0)    1 :  0.435 0.003 0.541 0.009 0.004 0.009 
158 TMA-ZAIN-G-    (0)    1 :  0.011 0.003 0.971 0.005 0.006 0.004 
159 TMA-ZAIN-G-    (0)    1 :  0.007 0.002 0.978 0.004 0.003 0.005 
160 TMA-ZAIN-G-    (0)    1 :  0.005 0.002 0.979 0.006 0.003 0.005 
161 TMA-ZAIN-G-    (0)    1 :  0.125 0.002 0.839 0.024 0.006 0.004 
162 TMA-ZAIN-G-    (0)    1 :  0.010 0.016 0.902 0.019 0.011 0.042 
163 TMA-ZAIN-G-    (0)    1 :  0.007 0.002 0.979 0.004 0.003 0.004 
164 TMA-ZAIN-G-    (0)    1 :  0.010 0.003 0.968 0.009 0.004 0.006 
165 TMA-ZAIN-G-    (0)    1 :  0.009 0.003 0.975 0.004 0.003 0.006 
166 TMA-ZAIN-G-    (0)    1 :  0.023 0.002 0.960 0.007 0.004 0.003 
167 TMA-ZAIN-G-    (0)    1 :  0.089 0.006 0.881 0.008 0.009 0.007 
168 TMA-ZAIN-G-    (0)    1 :  0.029 0.004 0.947 0.007 0.006 0.007 
169 TMA-ZAIN-G-    (0)    1 :  0.006 0.003 0.980 0.005 0.003 0.003 
170 TMA-ZAIN-G-    (0)    1 :  0.276 0.011 0.657 0.005 0.030 0.022 
171 TMA-ZAIN-G-    (0)    1 :  0.006 0.003 0.980 0.004 0.003 0.004 
172 TMA-ZAIN-G-    (0)    1 :  0.885 0.004 0.096 0.005 0.006 0.004 
173 TMA-ZAIN-G-    (0)    1 :  0.919 0.004 0.061 0.005 0.007 0.004 
174 TMA-ZAIN-G-    (0)    1 :  0.104 0.002 0.879 0.007 0.004 0.003 
175 TMA-ZAIN-G-    (0)    1 :  0.007 0.004 0.977 0.005 0.004 0.004 
176 TMA-ZAIN-G-    (0)    1 :  0.012 0.003 0.972 0.005 0.004 0.004 
177 TMA-ZAIN-G-    (0)    1 :  0.094 0.003 0.887 0.004 0.005 0.005 
178 TMA-ZAIN-G-    (0)    1 :  0.878 0.004 0.102 0.005 0.006 0.005 
179 TMA-ZAIN-G-    (0)    1 :  0.250 0.003 0.732 0.005 0.006 0.004 
180 TMA-ZAIN-G-    (0)    1 :  0.854 0.008 0.111 0.017 0.007 0.004 
181 TMA-ZAIN-G-    (0)    1 :  0.972 0.003 0.012 0.005 0.004 0.005 
182 TMA-ZAIN-G-    (0)    1 :  0.975 0.003 0.007 0.005 0.004 0.006 
183 TMA-ZAIN-G-    (0)    1 :  0.976 0.003 0.009 0.004 0.004 0.004 
184 TMA-ZAIN-G-    (0)    1 :  0.843 0.020 0.041 0.031 0.015 0.049 
185 TMA-ZAIN-G-    (0)    1 :  0.818 0.037 0.039 0.042 0.045 0.020 
186 TMA-ZAIN-G-    (9)    1 :  0.917 0.006 0.051 0.007 0.015 0.003 
187 TMA-ZAIN-G-    (0)    1 :  0.946 0.003 0.039 0.003 0.005 0.003 
188 TMA-ZAIN-G-    (0)    1 :  0.944 0.003 0.042 0.003 0.005 0.003 
189 TMA-ZAIN-G-    (0)    1 :  0.974 0.003 0.015 0.003 0.003 0.002 
190 TMA-ZAIN-G-    (0)    1 :  0.944 0.003 0.038 0.005 0.007 0.003 
191 TMA-ZAIN-G-    (0)    1 :  0.893 0.034 0.024 0.017 0.014 0.018 
192 TMA-ZAIN-G-    (0)    1 :  0.966 0.009 0.011 0.006 0.005 0.004 
193 TMA-ZAIN-G-    (0)    1 :  0.978 0.003 0.004 0.008 0.004 0.003 
194 TMA-ZAIN-G-    (0)    1 :  0.971 0.003 0.004 0.013 0.006 0.003 
195 TMA-ZAIN-G-    (0)    1 :  0.976 0.003 0.008 0.006 0.004 0.003 
196 TMA-ZAIN-G-    (0)    1 :  0.978 0.003 0.006 0.006 0.004 0.003 
197 TMA-ZAIN-G-    (0)    1 :  0.971 0.003 0.007 0.011 0.005 0.003 
198 TMA-ZAIN-G-    (0)    1 :  0.976 0.003 0.008 0.006 0.003 0.003 
199 TMA-ZAIN-G-    (0)    1 :  0.956 0.005 0.020 0.007 0.009 0.003 
200 TMA-ZAIN-G-    (0)    1 :  0.012 0.934 0.003 0.004 0.031 0.016 
201 TMA-ZAIN-G-    (0)    1 :  0.003 0.970 0.004 0.004 0.012 0.006 
202 TMA-ZAIN-G-    (0)    1 :  0.019 0.946 0.005 0.002 0.012 0.015 
203 TMA-ZAIN-G-    (0)    1 :  0.974 0.003 0.006 0.005 0.005 0.007 
204 TMA-ZAIN-G-    (9)    1 :  0.008 0.923 0.009 0.039 0.016 0.005 
205 TMA-ZAIN-G-    (0)    1 :  0.009 0.813 0.118 0.014 0.039 0.007 
206 TMA-ZAIN-G-    (9)    1 :  0.049 0.863 0.018 0.023 0.031 0.016 
207 TMA-ZAIN-G-    (9)    1 :  0.013 0.011 0.803 0.117 0.043 0.013 
208 TMA-ZAIN-G-    (0)    1 :  0.007 0.003 0.980 0.004 0.004 0.003 
209 TMA-ZAIN-G-    (0)    1 :  0.883 0.003 0.077 0.030 0.004 0.003 
210 TMA-ZAIN-G-    (0)    1 :  0.880 0.003 0.097 0.012 0.006 0.003 
211 TMA-ZAIN-G-    (0)    1 :  0.784 0.026 0.136 0.012 0.031 0.012 
212 TMA-ZAIN-G-    (0)    1 :  0.589 0.006 0.381 0.012 0.008 0.004 
213 TMA-ZAIN-G-    (0)    1 :  0.740 0.004 0.239 0.008 0.005 0.004 
214 TMA-ZAIN-G-    (0)    1 :  0.381 0.004 0.601 0.006 0.005 0.003 
215 TMA-ZAIN-G-    (0)    1 :  0.190 0.013 0.520 0.003 0.270 0.004 
216 TMA-ZAIN-G-    (0)    1 :  0.931 0.005 0.046 0.007 0.007 0.003 
217 TMA-ZAIN-G-    (0)    1 :  0.357 0.003 0.627 0.006 0.004 0.003 
218 TMA-ZAIN-G-    (0)    1 :  0.006 0.004 0.007 0.005 0.973 0.005 
219 TMA-ZAIN-G-    (0)    1 :  0.005 0.012 0.004 0.010 0.964 0.005 
220 TMA-ZAIN-G-    (0)    1 :  0.007 0.004 0.020 0.009 0.890 0.069 
221 TMA-ZAIN-G-    (0)    1 :  0.018 0.023 0.011 0.007 0.937 0.005 
222 TMA-ZAIN-G-    (0)    1 :  0.007 0.009 0.014 0.018 0.919 0.032 
223 TMA-ZAIN-G-    (0)    1 :  0.003 0.010 0.003 0.006 0.969 0.008 
224 TMA-ZAIN-G-    (0)    1 :  0.017 0.017 0.006 0.017 0.927 0.016 
225 TMA-ZAIN-G-    (0)    1 :  0.008 0.012 0.003 0.004 0.961 0.011 
226 TMA-ZAIN-G-    (0)    1 :  0.011 0.008 0.006 0.006 0.956 0.013 
227 TMA-ZAIN-G-    (0)    1 :  0.014 0.026 0.006 0.005 0.937 0.012 
228 TMA-ZAIN-G-    (0)    1 :  0.008 0.010 0.014 0.007 0.945 0.016 
229 TMA-ZAIN-G-    (0)    1 :  0.003 0.061 0.004 0.006 0.899 0.026 
230 TMA-ZAIN-G-    (0)    1 :  0.074 0.008 0.033 0.048 0.798 0.039 
231 TMA-ZAIN-G-    (0)    1 :  0.016 0.521 0.064 0.036 0.187 0.176 
232 TMA-ZAIN-G-    (9)    1 :  0.048 0.476 0.050 0.016 0.104 0.306 
233 TMA-ZAIN-G-    (0)    1 :  0.011 0.019 0.024 0.015 0.924 0.005 
234 TMA-ZAIN-G-    (0)    1 :  0.006 0.051 0.007 0.020 0.622 0.294 
235 TMA-ZAIN-G-    (0)    1 :  0.048 0.022 0.020 0.011 0.771 0.127 
236 TMA-ZAIN-G-    (0)    1 :  0.019 0.072 0.011 0.007 0.818 0.072 
237 TMA-ZAIN-G-    (0)    1 :  0.065 0.015 0.152 0.030 0.501 0.238 
238 TMA-ZAIN-G-    (0)    1 :  0.017 0.030 0.021 0.005 0.863 0.064 
239 TMA-ZAIN-G-    (0)    1 :  0.148 0.762 0.012 0.067 0.005 0.005 
240 TMA-ZAIN-G-    (0)    1 :  0.003 0.980 0.003 0.006 0.004 0.003 
241 TMA-ZAIN-G-    (0)    1 :  0.004 0.974 0.007 0.005 0.005 0.004 
242 TMA-ZAIN-G-    (0)    1 :  0.004 0.979 0.006 0.004 0.004 0.003 
243 TMA-ZAIN-G-    (0)    1 :  0.005 0.971 0.012 0.005 0.004 0.003 
244 TMA-ZAIN-G-    (0)    1 :  0.005 0.967 0.016 0.004 0.004 0.004 
245 TMA-ZAIN-G-    (9)    1 :  0.003 0.984 0.003 0.003 0.003 0.003 
246 TMA-ZAIN-G-    (0)    1 :  0.003 0.984 0.003 0.003 0.004 0.003 
247 TMA-ZAIN-G-    (0)    1 :  0.003 0.982 0.004 0.004 0.004 0.002 
248 TMA-ZAIN-G-    (0)    1 :  0.008 0.973 0.006 0.004 0.006 0.004 
249 TMA-ZAIN-G-    (0)    1 :  0.006 0.979 0.003 0.003 0.005 0.003 
250 TMA-ZAIN-G-    (0)    1 :  0.005 0.981 0.004 0.003 0.005 0.003 
251 TMA-ZAIN-G-    (0)    1 :  0.005 0.003 0.004 0.978 0.004 0.005 
252 TMA-ZAIN-G-    (0)    1 :  0.013 0.003 0.075 0.895 0.010 0.004 
253 TMA-ZAIN-G-    (0)    1 :  0.005 0.003 0.006 0.978 0.003 0.006 
254 TMA-ZAIN-G-    (9)    1 :  0.008 0.003 0.018 0.959 0.005 0.007 
255 TMA-ZAIN-G-    (0)    1 :  0.005 0.017 0.006 0.957 0.004 0.012 
256 TMA-ZAIN-G-    (0)    1 :  0.010 0.006 0.006 0.969 0.004 0.006 
257 TMA-ZAIN-G-    (0)    1 :  0.005 0.004 0.003 0.980 0.004 0.004 
258 TMA-ZAIN-G-    (0)    1 :  0.004 0.003 0.004 0.983 0.003 0.003 
259 TMA-ZAIN-G-    (0)    1 :  0.005 0.004 0.004 0.980 0.004 0.003 
260 TMA-ZAIN-G-    (0)    1 :  0.005 0.004 0.004 0.979 0.004 0.004 
261 TMA-ZAIN-G-   (18)    1 :  0.008 0.004 0.006 0.972 0.006 0.004 
262 TMA-ZAIN-G-    (0)    1 :  0.004 0.003 0.003 0.982 0.004 0.004 
263 TMA-ZAIN-G-    (0)    1 :  0.004 0.003 0.004 0.979 0.004 0.006 
264 TMA-ZAIN-G-    (0)    1 :  0.004 0.003 0.005 0.975 0.004 0.009 
265 TMA-ZAIN-G-    (0)    1 :  0.023 0.015 0.041 0.724 0.180 0.016 
266 TMA-ZAIN-G-    (0)    1 :  0.164 0.009 0.037 0.736 0.032 0.021 
267 TMA-ZAIN-G-    (0)    1 :  0.012 0.273 0.018 0.603 0.075 0.019 
268 TMA-ZAIN-G-    (0)    1 :  0.004 0.899 0.004 0.005 0.007 0.081 
269 TMA-ZAIN-G-    (0)    1 :  0.005 0.657 0.006 0.009 0.029 0.293 
270 TMA-ZAIN-G-    (0)    1 :  0.005 0.874 0.006 0.012 0.017 0.086 
271 TMA-ZAIN-G-    (0)    1 :  0.004 0.947 0.005 0.007 0.008 0.029 
272 TMA-ZAIN-G-    (0)    1 :  0.005 0.912 0.005 0.006 0.044 0.030 
273 TMA-ZAIN-G-    (0)    1 :  0.003 0.960 0.003 0.004 0.014 0.017 
274 TMA-ZAIN-G-    (0)    1 :  0.029 0.901 0.011 0.009 0.018 0.032 
275 TMA-ZAIN-G-    (0)    1 :  0.004 0.978 0.003 0.003 0.007 0.006 
276 TMA-ZAIN-G-    (0)    1 :  0.003 0.978 0.004 0.003 0.004 0.009 
277 TMA-ZAIN-G-    (0)    1 :  0.004 0.970 0.004 0.006 0.006 0.010 
278 TMA-ZAIN-G-    (0)    1 :  0.003 0.977 0.003 0.005 0.007 0.006 
279 TMA-ZAIN-G-    (0)    1 :  0.006 0.959 0.004 0.004 0.015 0.012 
280 TMA-ZAIN-G-    (0)    1 :  0.009 0.823 0.005 0.004 0.051 0.108 
281 TMA-ZAIN-G-    (0)    1 :  0.005 0.937 0.004 0.005 0.014 0.035 
282 TMA-ZAIN-G-    (9)    1 :  0.003 0.972 0.003 0.005 0.006 0.011 
283 TMA-ZAIN-G-    (0)    1 :  0.010 0.632 0.014 0.143 0.101 0.100 
284 TMA-ZAIN-G-    (0)    1 :  0.012 0.444 0.010 0.185 0.169 0.180 
285 TMA-ZAIN-G-    (0)    1 :  0.023 0.829 0.026 0.042 0.031 0.050 
286 TMA-ZAIN-G-    (0)    1 :  0.004 0.944 0.003 0.009 0.011 0.029 
287 TMA-ZAIN-G-    (0)    1 :  0.010 0.949 0.006 0.006 0.010 0.020 
288 TMA-ZAIN-G-    (0)    1 :  0.057 0.609 0.020 0.014 0.182 0.118 
289 TMA-ZAIN-G-    (0)    1 :  0.018 0.916 0.011 0.010 0.019 0.026 
290 TMA-ZAIN-G-    (0)    1 :  0.012 0.435 0.007 0.009 0.073 0.464 
291 TMA-ZAIN-G-    (0)    1 :  0.005 0.015 0.004 0.007 0.958 0.011 
292 TMA-ZAIN-G-    (0)    1 :  0.172 0.014 0.777 0.005 0.020 0.011 
293 TMA-ZAIN-G-    (0)    1 :  0.038 0.008 0.925 0.015 0.010 0.005 
294 TMA-ZAIN-G-    (0)    1 :  0.009 0.004 0.971 0.007 0.004 0.003 
295 TMA-ZAIN-G-    (9)    1 :  0.012 0.009 0.956 0.008 0.011 0.004 
296 TMA-ZAIN-G-    (0)    1 :  0.154 0.007 0.791 0.014 0.015 0.018 
297 TMA-ZAIN-G-    (0)    1 :  0.071 0.006 0.895 0.014 0.009 0.006 
298 TMA-ZAIN-G-    (0)    1 :  0.011 0.028 0.862 0.064 0.019 0.015 
299 TMA-ZAIN-G-    (0)    1 :  0.007 0.008 0.970 0.004 0.006 0.005 
300 TMA-ZAIN-G-    (0)    1 :  0.033 0.006 0.943 0.007 0.008 0.003 
301 TMA-ZAIN-G-    (0)    1 :  0.067 0.008 0.904 0.008 0.006 0.006 
302 TMA-ZAIN-G-    (9)    1 :  0.119 0.004 0.860 0.006 0.006 0.005 
303 TMA-ZAIN-G-    (0)    1 :  0.064 0.006 0.004 0.042 0.866 0.019 
304 TMA-ZAIN-G-    (0)    2 :  0.170 0.008 0.207 0.589 0.010 0.016 
305 TMA-ZAIN-G-    (0)    2 :  0.028 0.004 0.951 0.008 0.005 0.004 
306 TMA-ZAIN-G-    (0)    2 :  0.078 0.026 0.316 0.415 0.013 0.152 
307 TMA-ZAIN-G-    (0)    2 :  0.182 0.013 0.311 0.479 0.007 0.008 
308 TMA-ZAIN-G-    (0)    2 :  0.008 0.021 0.006 0.832 0.104 0.029 
309 TMA-ZAIN-G-    (0)    2 :  0.966 0.003 0.021 0.003 0.004 0.003 
310 TMA-ZAIN-G-    (0)    2 :  0.014 0.035 0.905 0.021 0.018 0.008 
311 TMA-ZAIN-G-    (0)    2 :  0.174 0.010 0.644 0.073 0.039 0.060 
312 TMA-ZAIN-G-    (0)    2 :  0.880 0.005 0.076 0.011 0.022 0.005 
313 TMA-ZAIN-G-    (0)    2 :  0.089 0.005 0.107 0.781 0.006 0.012 
314 TMA-ZAIN-G-    (0)    2 :  0.022 0.168 0.009 0.017 0.537 0.247 
315 TMA-ZAIN-G-    (0)    2 :  0.061 0.408 0.460 0.020 0.044 0.007 
316 TMA-ZAIN-G-    (0)    2 :  0.048 0.380 0.404 0.016 0.142 0.010 
317 TMA-ZAIN-G-    (0)    2 :  0.006 0.017 0.006 0.012 0.922 0.037 
318 TMA-ZAIN-G-    (9)    2 :  0.007 0.440 0.009 0.050 0.154 0.340 
319 TMA-ZAIN-G-    (0)    3 :  0.189 0.066 0.006 0.012 0.715 0.013 
320 TMA-ZAIN-G-    (0)    3 :  0.072 0.009 0.426 0.006 0.481 0.007 
321 TMA-ZAIN-G-    (0)    4 :  0.282 0.112 0.381 0.013 0.135 0.077 
322 TMA-ZAIN-G-    (0)    4 :  0.084 0.008 0.276 0.091 0.480 0.060 
323 TMA-ZAIN-G-    (0)    5 :  0.041 0.014 0.011 0.012 0.914 0.007 
324 TMA-ZAIN-G-    (0)    5 :  0.072 0.004 0.869 0.034 0.011 0.010 
325 TMA-ZAIN-G-    (0)    5 :  0.012 0.054 0.011 0.007 0.912 0.005 
326 TMA-ZAIN-G-    (0)    5 :  0.296 0.004 0.014 0.043 0.640 0.003 
327 TMA-ZAIN-G-    (0)    5 :  0.968 0.003 0.006 0.016 0.004 0.003 
328 TMA-ZAIN-G-    (0)    5 :  0.206 0.091 0.100 0.019 0.362 0.222 
329 TMA-ZAIN-G-    (0)    5 :  0.428 0.007 0.520 0.030 0.011 0.004 
330 TMA-ZAIN-G-    (0)    6 :  0.701 0.003 0.246 0.036 0.010 0.004 
331 TMA-ZAIN-G-    (0)    6 :  0.491 0.080 0.182 0.156 0.064 0.028 
332 TMA-ZAIN-G-    (0)    6 :  0.973 0.002 0.013 0.004 0.005 0.002 
333 TMA-ZAIN-G-    (0)    6 :  0.979 0.003 0.004 0.007 0.004 0.003 
334 TMA-ZAIN-G-    (0)    6 :  0.004 0.961 0.004 0.007 0.012 0.012 
335 TMA-ZAIN-G-    (0)    6 :  0.004 0.978 0.005 0.004 0.005 0.004 
336 TMA-ZAIN-G-    (0)    6 :  0.008 0.936 0.008 0.013 0.022 0.013 
337 TMA-ZAIN-G-    (9)    6 :  0.005 0.864 0.006 0.007 0.034 0.083 
338 TMA-ZAIN-G-    (0)    6 :  0.003 0.947 0.003 0.006 0.009 0.031 
339 TMA-ZAIN-G-    (0)    6 :  0.002 0.973 0.002 0.004 0.005 0.014 
340 TMA-ZAIN-G-    (0)    6 :  0.003 0.980 0.003 0.003 0.005 0.006 
341 TMA-ZAIN-G-    (0)    6 :  0.004 0.974 0.005 0.003 0.005 0.009 
342 TMA-ZAIN-G-    (0)    6 :  0.004 0.971 0.004 0.005 0.006 0.009 
343 TMA-ZAIN-G-    (0)    7 :  0.004 0.957 0.003 0.003 0.006 0.027 
344 TMA-ZAIN-G-    (0)    7 :  0.006 0.966 0.004 0.005 0.012 0.008 
345 TMA-ZAIN-G-    (0)    7 :  0.003 0.982 0.003 0.004 0.004 0.004 
346 TMA-ZAIN-G-    (0)    7 :  0.011 0.933 0.006 0.004 0.017 0.029 
347 TMA-ZAIN-G-    (9)    7 :  0.003 0.975 0.003 0.003 0.007 0.009 
348 TMA-ZAIN-G-    (0)    7 :  0.005 0.948 0.005 0.009 0.014 0.018 
349 TMA-ZAIN-G-    (0)    7 :  0.004 0.968 0.004 0.005 0.006 0.013 
350 TMA-ZAIN-G-    (0)    7 :  0.009 0.883 0.006 0.005 0.060 0.036 
351 TMA-ZAIN-G-    (0)    7 :  0.003 0.975 0.003 0.005 0.006 0.007 
352 TMA-ZAIN-G-    (0)    7 :  0.005 0.964 0.008 0.008 0.007 0.008 
353 TMA-ZAIN-G-    (0)    7 :  0.013 0.902 0.006 0.005 0.028 0.046 
354 TMA-ZAIN-G-    (0)    7 :  0.007 0.967 0.004 0.003 0.012 0.007 
355 TMA-ZAIN-G-    (0)    7 :  0.010 0.956 0.008 0.003 0.009 0.013 
356 TMA-ZAIN-G-    (0)    8 :  0.003 0.002 0.958 0.020 0.014 0.003 
357 TMA-ZAIN-G-    (0)    8 :  0.305 0.004 0.649 0.017 0.011 0.014 
358 TMA-ZAIN-G-    (0)    8 :  0.300 0.026 0.562 0.028 0.037 0.047 
359 TMA-ZAIN-G-    (0)    8 :  0.005 0.009 0.931 0.024 0.023 0.007 
360 TMA-ZAIN-G-    (0)    8 :  0.006 0.004 0.977 0.005 0.005 0.003 
361 TMA-ZAIN-G-    (0)    8 :  0.757 0.003 0.210 0.009 0.009 0.011 
362 TMA-ZAIN-G-    (0)    8 :  0.005 0.013 0.966 0.004 0.007 0.005 
363 TMA-ZAIN-G-    (0)    9 :  0.690 0.012 0.220 0.020 0.053 0.005 
364 TMA-ZAIN-G-    (0)    9 :  0.016 0.013 0.016 0.019 0.779 0.158 
365 TMA-ZAIN-G-    (0)    9 :  0.023 0.135 0.783 0.005 0.045 0.009 
366 TMA-ZAIN-G-    (0)    9 :  0.007 0.006 0.963 0.015 0.005 0.004 
367 TMA-ZAIN-G-    (0)    9 :  0.713 0.007 0.044 0.091 0.024 0.121 
368 TMA-ZAIN-G-    (0)    9 :  0.014 0.005 0.959 0.012 0.006 0.004 
369 TMA-ZAIN-G-    (0)    9 :  0.932 0.003 0.053 0.005 0.005 0.003 
370 TMA-ZAIN-G-    (0)    9 :  0.913 0.003 0.062 0.005 0.009 0.008 
371 TMA-ZAIN-G-    (0)    9 :  0.009 0.003 0.973 0.005 0.005 0.005 
372 TMA-ZAIN-G-    (0)    9 :  0.024 0.003 0.959 0.006 0.004 0.004 
373 TMA-ZAIN-G-    (0)    9 :  0.980 0.003 0.004 0.005 0.005 0.003 
374 TMA-ZAIN-G-    (0)   10 :  0.403 0.007 0.024 0.184 0.059 0.323 
375 TMA-ZAIN-G-    (0)   10 :  0.180 0.011 0.021 0.007 0.752 0.028 
376 TMA-ZAIN-G-    (9)   10 :  0.011 0.003 0.972 0.004 0.005 0.006 
377 TMA-ZAIN-G-    (0)   10 :  0.008 0.002 0.980 0.004 0.003 0.003 
378 TMA-ZAIN-G-    (0)   10 :  0.012 0.002 0.973 0.004 0.003 0.005 
379 TMA-ZAIN-G-    (0)   10 :  0.020 0.002 0.952 0.019 0.004 0.004 
380 TMA-ZAIN-G-    (0)   10 :  0.013 0.003 0.971 0.006 0.004 0.003 
381 TMA-ZAIN-G-    (9)   10 :  0.057 0.012 0.173 0.120 0.627 0.010 
382 TMA-ZAIN-G-    (9)   10 :  0.011 0.052 0.006 0.010 0.231 0.689 
383    ZFB01    (0)   11 :  0.004 0.009 0.005 0.004 0.004 0.975 
384    ZFB02    (0)   11 :  0.003 0.034 0.003 0.009 0.006 0.944 
385    ZFB03    (0)   11 :  0.007 0.005 0.004 0.005 0.008 0.971 
386    ZFB04    (0)   11 :  0.003 0.037 0.004 0.007 0.005 0.943 
387    ZFB05    (0)   11 :  0.008 0.132 0.005 0.012 0.040 0.804 
388    ZFB06    (0)   11 :  0.008 0.064 0.005 0.008 0.031 0.883 
389    ZFB07    (9)   11 :  0.007 0.011 0.007 0.005 0.010 0.959 
390    ZFB08    (0)   11 :  0.006 0.006 0.007 0.006 0.009 0.966 
391    ZFB09    (0)   11 :  0.003 0.005 0.003 0.003 0.005 0.981 
392    ZFB10    (0)   11 :  0.006 0.010 0.016 0.006 0.004 0.957 
393    ZFB11    (0)   11 :  0.004 0.018 0.008 0.008 0.004 0.958 
394    ZFB12    (0)   11 :  0.008 0.033 0.007 0.005 0.019 0.928 
395    ZFB13    (0)   11 :  0.006 0.007 0.009 0.005 0.011 0.962 
396    ZFB14    (0)   11 :  0.004 0.004 0.005 0.005 0.005 0.978 
397    ZFB15    (0)   11 :  0.003 0.014 0.003 0.003 0.004 0.973 
398    ZFB16    (0)   11 :  0.005 0.016 0.005 0.004 0.007 0.963 
399    ZFB17    (0)   11 :  0.010 0.032 0.015 0.027 0.024 0.893 
400    ZFB18    (0)   11 :  0.003 0.004 0.004 0.004 0.004 0.982 
401    ZFB19    (0)   11 :  0.013 0.007 0.024 0.005 0.017 0.934 
402    ZFB20    (0)   11 :  0.004 0.035 0.005 0.004 0.007 0.944 
403    ZFB21    (0)   11 :  0.003 0.012 0.003 0.003 0.006 0.973 
404    ZFB22    (0)   11 :  0.009 0.095 0.013 0.009 0.013 0.862 
405    ZFB23    (0)   11 :  0.005 0.026 0.007 0.007 0.006 0.949 
406    ZFB24    (0)   11 :  0.004 0.038 0.007 0.007 0.005 0.939 
407    ZFB25    (0)   11 :  0.008 0.006 0.016 0.005 0.004 0.961 
408    ZFB26    (0)   11 :  0.007 0.063 0.018 0.011 0.006 0.894 
409    ZFB27    (0)   11 :  0.004 0.083 0.007 0.005 0.005 0.896 
410    ZFB28    (0)   11 :  0.009 0.100 0.006 0.012 0.033 0.840 
411    ZFB29    (0)   11 :  0.003 0.019 0.004 0.008 0.005 0.961 
412    ZFB30    (0)   11 :  0.012 0.163 0.011 0.005 0.037 0.772 
413    ZFB31    (0)   11 :  0.006 0.007 0.011 0.004 0.005 0.967 
414    ZFB32    (0)   11 :  0.014 0.054 0.013 0.035 0.044 0.840 
415    ZFB33    (0)   11 :  0.003 0.012 0.003 0.003 0.004 0.974 
416    ZFB34    (0)   11 :  0.003 0.004 0.003 0.005 0.005 0.980 
417    ZFB35    (0)   11 :  0.005 0.010 0.006 0.006 0.005 0.967 
418  ZFBP101    (0)   12 :  0.216 0.009 0.641 0.108 0.014 0.012 
419  ZFBP102    (0)   12 :  0.090 0.012 0.844 0.022 0.016 0.016 
420  ZFBP103    (0)   12 :  0.585 0.007 0.188 0.199 0.011 0.010 
421  ZFBP104    (0)   12 :  0.449 0.016 0.445 0.004 0.040 0.045 
422  ZFBP105    (0)   12 :  0.277 0.006 0.696 0.006 0.007 0.008 
423  ZFBP106    (0)   12 :  0.116 0.003 0.864 0.008 0.005 0.004 
424  ZFBP107    (0)   12 :  0.510 0.015 0.448 0.008 0.012 0.007 
425  ZFBP108    (0)   12 :  0.012 0.003 0.974 0.004 0.004 0.004 
426  ZFBP109    (0)   12 :  0.010 0.002 0.976 0.003 0.003 0.005 
427  ZFBP110    (0)   12 :  0.670 0.008 0.178 0.047 0.044 0.053 
428  ZFBP111    (0)   12 :  0.021 0.003 0.964 0.005 0.004 0.003 
429  ZFBP112    (0)   12 :  0.011 0.006 0.965 0.009 0.005 0.004 
430  ZFBP113    (0)   12 :  0.011 0.004 0.972 0.004 0.005 0.004 
431  ZFBP114    (0)   12 :  0.034 0.005 0.946 0.007 0.005 0.004 
432  ZFBP115    (0)   12 :  0.724 0.004 0.256 0.007 0.006 0.003 
433  ZFBP116    (0)   12 :  0.021 0.004 0.960 0.005 0.007 0.003 
434  ZFBP117    (0)   12 :  0.012 0.003 0.970 0.007 0.005 0.003 
435  ZFBP118    (0)   12 :  0.017 0.005 0.965 0.005 0.004 0.004 
436  ZFBP119    (0)   12 :  0.234 0.003 0.725 0.026 0.009 0.004 
437  ZFBP120    (0)   12 :  0.258 0.006 0.718 0.004 0.007 0.007 
438  ZFBP121    (0)   12 :  0.035 0.003 0.939 0.010 0.006 0.007 
439  ZFBP122    (9)   12 :  0.023 0.004 0.959 0.005 0.005 0.004 
440  ZFBP123    (0)   12 :  0.010 0.006 0.957 0.016 0.006 0.004 
441  ZFBP124    (0)   12 :  0.018 0.004 0.958 0.006 0.004 0.009 
442  ZFBP125    (0)   12 :  0.024 0.003 0.960 0.007 0.004 0.003 
443  ZFBP126    (0)   12 :  0.013 0.011 0.911 0.031 0.022 0.012 
444  ZFBP127    (0)   12 :  0.199 0.003 0.772 0.018 0.005 0.003 
445  ZFBP128    (0)   12 :  0.013 0.003 0.970 0.007 0.003 0.005 
446  ZFBP129    (0)   12 :  0.008 0.003 0.972 0.008 0.005 0.005 
447  ZFBP130    (0)   12 :  0.016 0.003 0.965 0.010 0.004 0.002 
448  ZFBP131    (0)   12 :  0.005 0.004 0.978 0.004 0.004 0.005 
449  ZFBP132    (0)   12 :  0.027 0.003 0.957 0.004 0.004 0.005 
450  ZFBP133    (0)   12 :  0.004 0.002 0.982 0.006 0.003 0.003 
451  ZFBP134    (0)   12 :  0.524 0.004 0.426 0.037 0.005 0.004 
452  ZFBP135    (0)   12 :  0.104 0.005 0.641 0.218 0.010 0.022 
453  ZFBP136    (0)   12 :  0.087 0.007 0.820 0.077 0.006 0.004 
454  ZFBP201    (0)   13 :  0.021 0.007 0.951 0.006 0.008 0.007 
455  ZFBP202    (0)   13 :  0.021 0.003 0.959 0.005 0.005 0.006 
456  ZFBP203    (0)   13 :  0.009 0.027 0.932 0.006 0.020 0.005 
457  ZFBP204    (0)   13 :  0.180 0.005 0.784 0.018 0.008 0.005 
458  ZFBP205    (0)   13 :  0.006 0.004 0.973 0.009 0.005 0.003 
459  ZFBP206    (0)   13 :  0.007 0.007 0.959 0.017 0.006 0.005 
460  ZFBP207    (0)   13 :  0.586 0.004 0.382 0.016 0.006 0.006 
461  ZFBP208    (0)   13 :  0.007 0.011 0.960 0.009 0.009 0.004 
462  ZFBP209    (0)   13 :  0.005 0.002 0.982 0.006 0.003 0.003 
463  ZFBP210    (0)   13 :  0.018 0.008 0.955 0.006 0.008 0.006 
464  ZFBP211    (0)   13 :  0.017 0.004 0.962 0.005 0.005 0.006 
465  ZFBP212    (0)   13 :  0.307 0.003 0.675 0.003 0.005 0.007 
466  ZFBP213    (0)   13 :  0.011 0.006 0.950 0.017 0.007 0.009 
467  ZFBP214    (0)   13 :  0.035 0.004 0.892 0.041 0.016 0.011 
468  ZFBP215    (0)   13 :  0.012 0.003 0.971 0.006 0.004 0.005 
469  ZFBP216    (0)   13 :  0.038 0.009 0.926 0.006 0.018 0.004 
470  ZFBP217    (0)   13 :  0.026 0.003 0.954 0.006 0.006 0.006 
471  ZFBP218    (0)   13 :  0.007 0.003 0.979 0.003 0.004 0.003 
472  ZFBP219    (0)   13 :  0.009 0.004 0.974 0.003 0.006 0.003 
473  ZFBP220    (0)   13 :  0.038 0.003 0.940 0.011 0.005 0.003 
474  ZFBP221    (0)   13 :  0.156 0.004 0.827 0.003 0.004 0.006 
475  ZFBP222    (0)   13 :  0.005 0.005 0.973 0.008 0.005 0.005 
476  ZFBP223    (0)   13 :  0.575 0.006 0.389 0.011 0.009 0.010 
477  ZFBP224    (0)   13 :  0.010 0.005 0.964 0.008 0.007 0.006 
478  ZFBP225    (0)   13 :  0.093 0.006 0.881 0.012 0.006 0.003 
479  ZFBP226    (0)   13 :  0.015 0.005 0.967 0.004 0.005 0.003 
480  ZFBP227    (0)   13 :  0.223 0.024 0.581 0.007 0.138 0.028 
481  ZFBP228    (0)   13 :  0.484 0.003 0.487 0.015 0.005 0.005 
482  ZFBP229    (0)   13 :  0.013 0.003 0.970 0.006 0.005 0.003 
483  ZFBP230    (0)   13 :  0.049 0.004 0.924 0.014 0.006 0.004 
484  ZFBP231    (0)   13 :  0.018 0.004 0.959 0.006 0.006 0.006 
485  ZFBP232    (0)   13 :  0.007 0.003 0.979 0.004 0.003 0.004 
486  ZFBP233    (0)   13 :  0.018 0.004 0.960 0.005 0.007 0.006 
487   ZFCC01    (0)   14 :  0.004 0.005 0.004 0.976 0.004 0.008 
488   ZFCC03    (0)   14 :  0.005 0.003 0.004 0.980 0.004 0.005 
489   ZFCC04    (0)   14 :  0.004 0.003 0.004 0.979 0.004 0.005 
490   ZFCC05    (0)   14 :  0.007 0.004 0.005 0.972 0.006 0.006 
491   ZFCC08    (0)   14 :  0.007 0.002 0.011 0.971 0.004 0.005 
492   ZFCC09    (0)   14 :  0.005 0.003 0.004 0.976 0.004 0.008 
493   ZFCC10    (0)   14 :  0.004 0.004 0.005 0.971 0.004 0.013 
494   ZFCC11    (0)   14 :  0.006 0.003 0.005 0.977 0.004 0.005 
495   ZFCC12    (0)   14 :  0.008 0.032 0.006 0.928 0.010 0.016 
496   ZFCC13    (0)   14 :  0.011 0.006 0.009 0.964 0.006 0.004 
497   ZFCC14    (0)   14 :  0.005 0.005 0.008 0.966 0.006 0.010 
498   ZFCC15    (0)   14 :  0.005 0.006 0.004 0.975 0.006 0.004 
499   ZFCC16    (0)   14 :  0.004 0.004 0.004 0.978 0.005 0.006 
500   ZFCC17    (0)   14 :  0.004 0.006 0.003 0.977 0.004 0.005 
501   ZFCC18    (0)   14 :  0.005 0.004 0.005 0.977 0.004 0.005 
502   ZFCC19    (0)   14 :  0.003 0.006 0.003 0.976 0.007 0.005 
503   ZFCC20    (0)   14 :  0.007 0.003 0.004 0.978 0.005 0.004 
504   ZFCC21    (0)   14 :  0.008 0.006 0.027 0.941 0.012 0.006 
505   ZFCC22    (0)   14 :  0.018 0.004 0.134 0.833 0.004 0.007 
506   ZFCC26    (0)   14 :  0.004 0.003 0.004 0.979 0.004 0.006 
507   ZFCC27    (0)   14 :  0.005 0.003 0.004 0.981 0.004 0.004 
508   ZFCC29    (0)   14 :  0.005 0.004 0.004 0.972 0.008 0.008 
509   ZFCC30    (0)   14 :  0.005 0.003 0.004 0.982 0.003 0.003 
510   ZFCC32    (0)   14 :  0.006 0.007 0.004 0.971 0.006 0.006 
511   ZFCC33    (0)   14 :  0.005 0.005 0.004 0.973 0.007 0.007 
512   ZFCC34    (0)   14 :  0.031 0.012 0.039 0.896 0.006 0.015 
513   ZFCC35    (0)   14 :  0.004 0.003 0.004 0.982 0.003 0.004 
514   ZFCC36    (0)   14 :  0.006 0.010 0.008 0.964 0.008 0.004 
515   ZFCC37    (0)   14 :  0.008 0.030 0.009 0.922 0.012 0.019 
516   ZFCC40    (0)   14 :  0.004 0.006 0.005 0.976 0.003 0.006 
517   ZFCC42    (0)   14 :  0.056 0.525 0.008 0.384 0.013 0.015 
518   ZFCC44    (0)   14 :  0.005 0.004 0.003 0.982 0.003 0.003 
519   ZFCC45    (9)   14 :  0.006 0.013 0.005 0.956 0.011 0.010 
520   ZFCC46    (0)   14 :  0.013 0.003 0.009 0.967 0.004 0.003 
521   ZFCC47    (0)   14 :  0.005 0.017 0.005 0.955 0.005 0.013 
522   ZFCC48    (0)   14 :  0.007 0.003 0.022 0.956 0.005 0.006 
523   ZFCC50    (0)   14 :  0.004 0.004 0.003 0.982 0.004 0.004 
524   ZFCC51    (0)   14 :  0.006 0.003 0.004 0.979 0.004 0.005 
525   ZFCC52    (0)   14 :  0.007 0.005 0.011 0.968 0.004 0.004 
526   ZFCC53    (0)   14 :  0.004 0.004 0.003 0.982 0.003 0.004 
527  ZFCNS01    (0)   15 :  0.975 0.005 0.003 0.006 0.008 0.003 
528  ZFCNS02    (0)   15 :  0.974 0.003 0.005 0.010 0.004 0.003 
529  ZFCNS05    (0)   15 :  0.966 0.003 0.008 0.012 0.005 0.006 
