

----------------------------------------------------
STRUCTURE by Pritchard, Stephens and Donnelly (2000)
     and Falush, Stephens and Pritchard (2003)
       Code by Pritchard, Falush and Hubisz
             Version 2.3.4 (Jul 2012)
----------------------------------------------------



Command line arguments:   bin\structure -m C:\Users\eschumacher\Documents\GitHub\GCC_QUAC_ZAIN\Data_Files\Structure_Files\ZAIN\ZAIN_rebinned_allpop_str\50-50\mainparams -e C:\Users\eschumacher\Documents\GitHub\GCC_QUAC_ZAIN\Data_Files\Structure_Files\ZAIN\ZAIN_rebinned_allpop_str\50-50\extraparams 
Input File:    C:\Users\eschumacher\Documents\GitHub\GCC_QUAC_ZAIN\Data_Files\Structure_Files\ZAIN\ZAIN_rebinned_allpop_str\project_data

Run parameters:
   1133 individuals
   11 loci
   5 populations assumed
   50000 Burn-in period
   50000 Reps


--------------------------------------------
Proportion of membership of each pre-defined
 population in each of the 5 clusters

Given    Inferred Clusters                     Number of
 Pop       1      2      3      4      5      Individuals

  1:     0.177  0.120  0.183  0.199  0.322      303
  2:     0.094  0.226  0.184  0.185  0.310       15
  3:     0.586  0.012  0.027  0.152  0.224        2
  4:     0.223  0.065  0.157  0.161  0.394        2
  5:     0.357  0.023  0.083  0.319  0.218        7
  6:     0.022  0.022  0.674  0.244  0.038       13
  7:     0.042  0.005  0.944  0.005  0.005       13
  8:     0.016  0.017  0.014  0.196  0.758        7
  9:     0.028  0.023  0.084  0.406  0.460       11
 10:     0.150  0.039  0.135  0.112  0.565        9
 11:     0.022  0.008  0.948  0.008  0.013       35
 12:     0.008  0.028  0.008  0.154  0.802       36
 13:     0.011  0.010  0.007  0.097  0.876       33
 14:     0.010  0.958  0.014  0.007  0.011       40
 15:     0.004  0.013  0.004  0.972  0.007       39
 16:     0.555  0.038  0.284  0.044  0.080       40
 17:     0.814  0.039  0.110  0.015  0.021       37
 18:     0.005  0.007  0.006  0.125  0.857       40
 19:     0.008  0.040  0.928  0.018  0.007       28
 20:     0.020  0.941  0.016  0.010  0.013       14
 21:     0.962  0.008  0.013  0.011  0.006       13
 22:     0.004  0.015  0.005  0.949  0.028       14
 23:     0.008  0.010  0.006  0.050  0.926       25
 24:     0.017  0.024  0.007  0.020  0.932       40
 25:     0.020  0.883  0.021  0.054  0.022       32
 26:     0.979  0.006  0.006  0.004  0.005       20
 27:     0.111  0.017  0.843  0.014  0.014        4
 28:     0.009  0.021  0.929  0.010  0.031       23
 29:     0.012  0.013  0.960  0.007  0.007       39
 30:     0.015  0.007  0.969  0.004  0.005       38
 31:     0.009  0.009  0.005  0.890  0.087       45
 32:     0.018  0.015  0.006  0.571  0.390       28
 33:     0.025  0.009  0.948  0.011  0.007        6
 34:     0.709  0.038  0.117  0.076  0.061       40
 35:     0.907  0.013  0.038  0.028  0.014       42
--------------------------------------------

Allele-freq. divergence among pops (Net nucleotide distance),
computed using point estimates of P.

      1       2       3       4       5      
 1      -    0.1135  0.0734  0.1318  0.1662  
 2   0.1135     -    0.1401  0.1128  0.1480  
 3   0.0734  0.1401     -    0.2004  0.2159  
 4   0.1318  0.1128  0.2004     -    0.0756  
 5   0.1662  0.1480  0.2159  0.0756     -    

Average distances (expected heterozygosity) between individuals in same cluster:
cluster  1  : 0.5604 
cluster  2  : 0.4402 
cluster  3  : 0.5067 
cluster  4  : 0.4350 
cluster  5  : 0.4322 

--------------------------------------------
Estimated Ln Prob of Data   = -22920.2
Mean value of ln likelihood = -22531.2
Variance of ln likelihood   = 777.8
Mean value of alpha         = 0.0365

Mean value of Fst_1         = 0.1512
Mean value of Fst_2         = 0.4240
Mean value of Fst_3         = 0.3205
Mean value of Fst_4         = 0.3700
Mean value of Fst_5         = 0.2635


Inferred ancestry of individuals:
        Label (%Miss) Pop:  Inferred clusters
  1 TMA-ZAIN-G-    (9)    1 :  0.040 0.024 0.771 0.141 0.024 
  2 TMA-ZAIN-G-    (0)    1 :  0.017 0.050 0.682 0.033 0.218 
  3 TMA-ZAIN-G-    (0)    1 :  0.005 0.010 0.005 0.198 0.782 
  4 TMA-ZAIN-G-    (0)    1 :  0.012 0.792 0.017 0.036 0.142 
  5 TMA-ZAIN-G-    (0)    1 :  0.005 0.007 0.983 0.003 0.003 
  6 TMA-ZAIN-G-    (0)    1 :  0.097 0.070 0.056 0.169 0.608 
  7 TMA-ZAIN-G-    (0)    1 :  0.014 0.034 0.017 0.586 0.349 
  8 TMA-ZAIN-G-    (0)    1 :  0.004 0.023 0.006 0.673 0.294 
  9 TMA-ZAIN-G-    (9)    1 :  0.007 0.007 0.014 0.235 0.737 
 10 TMA-ZAIN-G-    (0)    1 :  0.009 0.013 0.004 0.184 0.791 
 11 TMA-ZAIN-G-    (0)    1 :  0.009 0.008 0.007 0.255 0.720 
 12 TMA-ZAIN-G-    (0)    1 :  0.005 0.005 0.005 0.046 0.940 
 13 TMA-ZAIN-G-    (9)    1 :  0.049 0.026 0.132 0.584 0.209 
 14 TMA-ZAIN-G-    (9)    1 :  0.006 0.008 0.004 0.973 0.009 
 15 TMA-ZAIN-G-    (0)    1 :  0.004 0.006 0.003 0.980 0.006 
 16 TMA-ZAIN-G-    (0)    1 :  0.007 0.004 0.005 0.021 0.963 
 17 TMA-ZAIN-G-    (9)    1 :  0.023 0.044 0.026 0.885 0.022 
 18 TMA-ZAIN-G-    (0)    1 :  0.097 0.115 0.748 0.024 0.016 
 19 TMA-ZAIN-G-    (0)    1 :  0.824 0.011 0.050 0.086 0.029 
 20 TMA-ZAIN-G-    (0)    1 :  0.917 0.023 0.053 0.003 0.004 
 21 TMA-ZAIN-G-    (0)    1 :  0.980 0.006 0.006 0.003 0.004 
 22 TMA-ZAIN-G-    (0)    1 :  0.010 0.005 0.980 0.003 0.003 
 23 TMA-ZAIN-G-    (0)    1 :  0.052 0.005 0.930 0.007 0.006 
 24 TMA-ZAIN-G-    (9)    1 :  0.008 0.010 0.807 0.057 0.117 
 25 TMA-ZAIN-G-    (9)    1 :  0.799 0.004 0.108 0.010 0.078 
 26 TMA-ZAIN-G-    (9)    1 :  0.058 0.538 0.011 0.096 0.298 
 27 TMA-ZAIN-G-    (0)    1 :  0.854 0.024 0.058 0.054 0.009 
 28 TMA-ZAIN-G-    (0)    1 :  0.916 0.014 0.023 0.030 0.017 
 29 TMA-ZAIN-G-    (0)    1 :  0.311 0.056 0.004 0.034 0.595 
 30 TMA-ZAIN-G-    (0)    1 :  0.249 0.010 0.006 0.548 0.187 
 31 TMA-ZAIN-G-    (0)    1 :  0.013 0.077 0.895 0.007 0.009 
 32 TMA-ZAIN-G-    (9)    1 :  0.021 0.007 0.832 0.057 0.083 
 33 TMA-ZAIN-G-   (18)    1 :  0.005 0.004 0.006 0.273 0.712 
 34 TMA-ZAIN-G-    (0)    1 :  0.024 0.012 0.183 0.017 0.763 
 35 TMA-ZAIN-G-    (9)    1 :  0.008 0.013 0.010 0.087 0.882 
 36 TMA-ZAIN-G-    (0)    1 :  0.005 0.018 0.004 0.577 0.396 
 37 TMA-ZAIN-G-    (9)    1 :  0.014 0.014 0.010 0.063 0.900 
 38 TMA-ZAIN-G-   (18)    1 :  0.044 0.009 0.779 0.119 0.049 
 39 TMA-ZAIN-G-    (0)    1 :  0.008 0.010 0.004 0.013 0.966 
 40 TMA-ZAIN-G-    (0)    1 :  0.006 0.006 0.003 0.079 0.906 
 41 TMA-ZAIN-G-    (0)    1 :  0.005 0.005 0.003 0.713 0.273 
 42 TMA-ZAIN-G-    (9)    1 :  0.003 0.006 0.003 0.980 0.008 
 43 TMA-ZAIN-G-    (0)    1 :  0.004 0.011 0.004 0.974 0.007 
 44 TMA-ZAIN-G-    (0)    1 :  0.962 0.006 0.008 0.008 0.017 
 45 TMA-ZAIN-G-    (0)    1 :  0.013 0.016 0.009 0.423 0.540 
 46 TMA-ZAIN-G-    (0)    1 :  0.979 0.007 0.007 0.003 0.004 
 47 TMA-ZAIN-G-    (0)    1 :  0.005 0.982 0.004 0.004 0.005 
 48 TMA-ZAIN-G-    (0)    1 :  0.024 0.686 0.014 0.214 0.062 
 49 TMA-ZAIN-G-    (9)    1 :  0.834 0.025 0.055 0.008 0.078 
 50 TMA-ZAIN-G-    (0)    1 :  0.854 0.004 0.011 0.106 0.025 
 51 TMA-ZAIN-G-    (0)    1 :  0.882 0.031 0.007 0.070 0.010 
 52 TMA-ZAIN-G-    (0)    1 :  0.848 0.115 0.008 0.020 0.009 
 53 TMA-ZAIN-G-    (0)    1 :  0.410 0.305 0.222 0.045 0.018 
 54 TMA-ZAIN-G-    (0)    1 :  0.007 0.967 0.006 0.014 0.006 
 55 TMA-ZAIN-G-    (0)    1 :  0.021 0.916 0.009 0.047 0.008 
 56 TMA-ZAIN-G-    (0)    1 :  0.028 0.797 0.015 0.105 0.055 
 57 TMA-ZAIN-G-    (0)    1 :  0.011 0.966 0.006 0.005 0.011 
 58 TMA-ZAIN-G-    (0)    1 :  0.315 0.109 0.486 0.068 0.022 
 59 TMA-ZAIN-G-    (0)    1 :  0.054 0.067 0.676 0.079 0.124 
 60 TMA-ZAIN-G-    (0)    1 :  0.450 0.042 0.369 0.123 0.016 
 61 TMA-ZAIN-G-    (0)    1 :  0.008 0.014 0.970 0.004 0.004 
 62 TMA-ZAIN-G-    (9)    1 :  0.057 0.015 0.853 0.031 0.044 
 63 TMA-ZAIN-G-    (0)    1 :  0.009 0.018 0.957 0.009 0.006 
 64 TMA-ZAIN-G-    (0)    1 :  0.003 0.007 0.003 0.015 0.972 
 65 TMA-ZAIN-G-    (9)    1 :  0.004 0.021 0.003 0.027 0.945 
 66 TMA-ZAIN-G-    (0)    1 :  0.004 0.008 0.003 0.016 0.969 
 67 TMA-ZAIN-G-    (0)    1 :  0.013 0.006 0.006 0.007 0.969 
 68 TMA-ZAIN-G-    (0)    1 :  0.004 0.022 0.003 0.064 0.907 
 69 TMA-ZAIN-G-    (0)    1 :  0.014 0.012 0.011 0.008 0.955 
 70 TMA-ZAIN-G-    (0)    1 :  0.006 0.004 0.004 0.012 0.973 
 71 TMA-ZAIN-G-    (0)    1 :  0.004 0.004 0.003 0.007 0.982 
 72 TMA-ZAIN-G-    (0)    1 :  0.007 0.010 0.005 0.047 0.931 
 73 TMA-ZAIN-G-    (0)    1 :  0.061 0.021 0.046 0.008 0.864 
 74 TMA-ZAIN-G-    (0)    1 :  0.023 0.007 0.014 0.009 0.947 
 75 TMA-ZAIN-G-    (0)    1 :  0.008 0.013 0.006 0.016 0.957 
 76 TMA-ZAIN-G-    (0)    1 :  0.055 0.004 0.017 0.006 0.919 
 77 TMA-ZAIN-G-    (0)    1 :  0.018 0.010 0.005 0.030 0.937 
 78 TMA-ZAIN-G-    (0)    1 :  0.089 0.019 0.025 0.016 0.850 
 79 TMA-ZAIN-G-    (0)    1 :  0.069 0.023 0.008 0.057 0.844 
 80 TMA-ZAIN-G-    (0)    1 :  0.007 0.012 0.004 0.009 0.968 
 81 TMA-ZAIN-G-    (0)    1 :  0.023 0.014 0.006 0.020 0.937 
 82 TMA-ZAIN-G-    (0)    1 :  0.004 0.011 0.004 0.008 0.974 
 83 TMA-ZAIN-G-    (9)    1 :  0.040 0.023 0.073 0.011 0.854 
 84 TMA-ZAIN-G-    (0)    1 :  0.045 0.006 0.008 0.010 0.931 
 85 TMA-ZAIN-G-    (0)    1 :  0.027 0.884 0.069 0.009 0.011 
 86 TMA-ZAIN-G-    (0)    1 :  0.041 0.918 0.012 0.012 0.018 
 87 TMA-ZAIN-G-    (0)    1 :  0.039 0.700 0.245 0.007 0.008 
 88 TMA-ZAIN-G-    (0)    1 :  0.015 0.721 0.113 0.032 0.119 
 89 TMA-ZAIN-G-    (0)    1 :  0.009 0.922 0.015 0.020 0.033 
 90 TMA-ZAIN-G-    (0)    1 :  0.013 0.962 0.008 0.007 0.009 
 91 TMA-ZAIN-G-    (0)    1 :  0.010 0.952 0.019 0.010 0.009 
 92 TMA-ZAIN-G-    (0)    1 :  0.040 0.935 0.008 0.010 0.007 
 93 TMA-ZAIN-G-    (0)    1 :  0.015 0.951 0.020 0.008 0.006 
 94 TMA-ZAIN-G-    (0)    1 :  0.021 0.931 0.039 0.005 0.004 
 95 TMA-ZAIN-G-    (0)    1 :  0.874 0.006 0.029 0.060 0.031 
 96 TMA-ZAIN-G-    (0)    1 :  0.838 0.013 0.008 0.126 0.016 
 97 TMA-ZAIN-G-    (0)    1 :  0.017 0.018 0.946 0.008 0.011 
 98 TMA-ZAIN-G-    (0)    1 :  0.006 0.014 0.963 0.007 0.010 
 99 TMA-ZAIN-G-    (0)    1 :  0.014 0.004 0.755 0.033 0.194 
100 TMA-ZAIN-G-    (0)    1 :  0.036 0.032 0.918 0.007 0.006 
101 TMA-ZAIN-G-    (0)    1 :  0.012 0.014 0.944 0.008 0.022 
102 TMA-ZAIN-G-    (0)    1 :  0.017 0.008 0.928 0.032 0.015 
103 TMA-ZAIN-G-    (0)    1 :  0.010 0.010 0.962 0.008 0.009 
104 TMA-ZAIN-G-    (0)    1 :  0.006 0.005 0.979 0.005 0.005 
105 TMA-ZAIN-G-    (0)    1 :  0.009 0.013 0.957 0.009 0.012 
106 TMA-ZAIN-G-    (0)    1 :  0.004 0.006 0.003 0.731 0.255 
107 TMA-ZAIN-G-    (0)    1 :  0.004 0.005 0.004 0.014 0.972 
108 TMA-ZAIN-G-    (9)    1 :  0.147 0.033 0.296 0.370 0.153 
109 TMA-ZAIN-G-    (0)    1 :  0.039 0.078 0.269 0.188 0.424 
110 TMA-ZAIN-G-    (0)    1 :  0.226 0.033 0.212 0.274 0.255 
111 TMA-ZAIN-G-    (9)    1 :  0.029 0.026 0.860 0.012 0.074 
112 TMA-ZAIN-G-    (0)    1 :  0.200 0.034 0.294 0.283 0.189 
113 TMA-ZAIN-G-    (0)    1 :  0.007 0.027 0.922 0.009 0.036 
114 TMA-ZAIN-G-    (0)    1 :  0.006 0.005 0.983 0.003 0.003 
115 TMA-ZAIN-G-    (0)    1 :  0.005 0.005 0.980 0.005 0.005 
116 TMA-ZAIN-G-    (0)    1 :  0.004 0.013 0.005 0.008 0.970 
117 TMA-ZAIN-G-    (0)    1 :  0.007 0.043 0.005 0.293 0.652 
118 TMA-ZAIN-G-    (0)    1 :  0.004 0.010 0.006 0.011 0.970 
119 TMA-ZAIN-G-    (0)    1 :  0.009 0.009 0.012 0.008 0.962 
120 TMA-ZAIN-G-    (0)    1 :  0.007 0.018 0.008 0.026 0.941 
121 TMA-ZAIN-G-    (0)    1 :  0.005 0.018 0.006 0.031 0.940 
122 TMA-ZAIN-G-    (0)    1 :  0.014 0.026 0.006 0.053 0.900 
123 TMA-ZAIN-G-    (0)    1 :  0.011 0.006 0.964 0.013 0.006 
124 TMA-ZAIN-G-    (0)    1 :  0.004 0.005 0.005 0.975 0.011 
125 TMA-ZAIN-G-    (0)    1 :  0.004 0.049 0.003 0.930 0.015 
126 TMA-ZAIN-G-    (0)    1 :  0.004 0.009 0.004 0.975 0.008 
127 TMA-ZAIN-G-    (0)    1 :  0.004 0.004 0.003 0.974 0.015 
128 TMA-ZAIN-G-    (0)    1 :  0.005 0.007 0.004 0.944 0.040 
129 TMA-ZAIN-G-    (0)    1 :  0.004 0.005 0.005 0.973 0.012 
130 TMA-ZAIN-G-    (0)    1 :  0.004 0.028 0.005 0.949 0.014 
131 TMA-ZAIN-G-    (0)    1 :  0.005 0.005 0.004 0.978 0.008 
132 TMA-ZAIN-G-    (0)    1 :  0.004 0.035 0.004 0.871 0.086 
133 TMA-ZAIN-G-    (0)    1 :  0.018 0.029 0.004 0.804 0.144 
134 TMA-ZAIN-G-    (0)    1 :  0.009 0.029 0.004 0.882 0.076 
135 TMA-ZAIN-G-    (0)    1 :  0.006 0.007 0.005 0.041 0.941 
136 TMA-ZAIN-G-    (0)    1 :  0.005 0.019 0.004 0.021 0.951 
137 TMA-ZAIN-G-    (0)    1 :  0.007 0.007 0.006 0.043 0.937 
138 TMA-ZAIN-G-    (0)    1 :  0.003 0.011 0.004 0.604 0.377 
139 TMA-ZAIN-G-    (0)    1 :  0.005 0.058 0.004 0.163 0.770 
140 TMA-ZAIN-G-    (0)    1 :  0.006 0.004 0.005 0.061 0.924 
141 TMA-ZAIN-G-    (0)    1 :  0.006 0.009 0.007 0.195 0.783 
142 TMA-ZAIN-G-    (9)    1 :  0.005 0.006 0.004 0.036 0.949 
143 TMA-ZAIN-G-    (0)    1 :  0.005 0.006 0.005 0.153 0.831 
144 TMA-ZAIN-G-    (0)    1 :  0.012 0.040 0.005 0.129 0.813 
145 TMA-ZAIN-G-    (0)    1 :  0.003 0.010 0.003 0.010 0.974 
146 TMA-ZAIN-G-    (0)    1 :  0.004 0.004 0.003 0.009 0.979 
147 TMA-ZAIN-G-    (9)    1 :  0.004 0.005 0.004 0.009 0.978 
148 TMA-ZAIN-G-    (0)    1 :  0.004 0.042 0.004 0.278 0.672 
149 TMA-ZAIN-G-    (0)    1 :  0.014 0.133 0.034 0.123 0.697 
150 TMA-ZAIN-G-    (0)    1 :  0.010 0.120 0.028 0.023 0.818 
151 TMA-ZAIN-G-    (0)    1 :  0.004 0.006 0.003 0.046 0.941 
152 TMA-ZAIN-G-    (0)    1 :  0.004 0.006 0.004 0.016 0.970 
153 TMA-ZAIN-G-    (0)    1 :  0.004 0.020 0.004 0.112 0.860 
154 TMA-ZAIN-G-    (0)    1 :  0.004 0.007 0.004 0.011 0.975 
155 TMA-ZAIN-G-    (0)    1 :  0.004 0.004 0.005 0.023 0.964 
156 TMA-ZAIN-G-    (9)    1 :  0.005 0.025 0.011 0.363 0.596 
157 TMA-ZAIN-G-    (0)    1 :  0.005 0.009 0.007 0.432 0.548 
158 TMA-ZAIN-G-    (0)    1 :  0.005 0.005 0.004 0.012 0.973 
159 TMA-ZAIN-G-    (0)    1 :  0.003 0.006 0.004 0.009 0.979 
160 TMA-ZAIN-G-    (0)    1 :  0.003 0.006 0.004 0.005 0.982 
161 TMA-ZAIN-G-    (0)    1 :  0.005 0.024 0.004 0.126 0.841 
162 TMA-ZAIN-G-    (0)    1 :  0.012 0.024 0.042 0.011 0.911 
163 TMA-ZAIN-G-    (0)    1 :  0.003 0.004 0.003 0.008 0.982 
164 TMA-ZAIN-G-    (0)    1 :  0.004 0.009 0.005 0.010 0.972 
165 TMA-ZAIN-G-    (0)    1 :  0.003 0.004 0.004 0.010 0.978 
166 TMA-ZAIN-G-    (0)    1 :  0.004 0.008 0.003 0.021 0.964 
167 TMA-ZAIN-G-    (0)    1 :  0.009 0.007 0.008 0.078 0.898 
168 TMA-ZAIN-G-    (0)    1 :  0.006 0.008 0.005 0.034 0.946 
169 TMA-ZAIN-G-    (0)    1 :  0.004 0.006 0.003 0.006 0.981 
170 TMA-ZAIN-G-    (0)    1 :  0.033 0.005 0.017 0.270 0.676 
171 TMA-ZAIN-G-    (0)    1 :  0.004 0.005 0.004 0.007 0.980 
172 TMA-ZAIN-G-    (0)    1 :  0.007 0.005 0.004 0.883 0.101 
173 TMA-ZAIN-G-    (0)    1 :  0.007 0.006 0.004 0.912 0.071 
174 TMA-ZAIN-G-    (0)    1 :  0.004 0.008 0.003 0.101 0.884 
175 TMA-ZAIN-G-    (0)    1 :  0.004 0.006 0.004 0.008 0.978 
176 TMA-ZAIN-G-    (0)    1 :  0.004 0.005 0.004 0.014 0.973 
177 TMA-ZAIN-G-    (0)    1 :  0.006 0.004 0.004 0.106 0.879 
178 TMA-ZAIN-G-    (0)    1 :  0.007 0.005 0.005 0.890 0.093 
179 TMA-ZAIN-G-    (0)    1 :  0.005 0.005 0.004 0.268 0.717 
180 TMA-ZAIN-G-    (0)    1 :  0.010 0.017 0.005 0.850 0.118 
181 TMA-ZAIN-G-    (0)    1 :  0.004 0.005 0.004 0.976 0.012 
182 TMA-ZAIN-G-    (0)    1 :  0.004 0.005 0.005 0.978 0.008 
183 TMA-ZAIN-G-    (0)    1 :  0.004 0.004 0.003 0.979 0.010 
184 TMA-ZAIN-G-    (0)    1 :  0.014 0.040 0.051 0.844 0.051 
185 TMA-ZAIN-G-    (0)    1 :  0.036 0.057 0.043 0.824 0.041 
186 TMA-ZAIN-G-    (9)    1 :  0.012 0.007 0.005 0.931 0.045 
187 TMA-ZAIN-G-    (0)    1 :  0.005 0.003 0.004 0.943 0.045 
188 TMA-ZAIN-G-    (0)    1 :  0.004 0.004 0.004 0.936 0.053 
189 TMA-ZAIN-G-    (0)    1 :  0.004 0.003 0.003 0.976 0.015 
190 TMA-ZAIN-G-    (0)    1 :  0.007 0.005 0.003 0.943 0.042 
191 TMA-ZAIN-G-    (0)    1 :  0.021 0.023 0.033 0.897 0.026 
192 TMA-ZAIN-G-    (0)    1 :  0.011 0.007 0.005 0.965 0.013 
193 TMA-ZAIN-G-    (0)    1 :  0.004 0.009 0.003 0.979 0.004 
194 TMA-ZAIN-G-    (0)    1 :  0.005 0.014 0.003 0.973 0.005 
195 TMA-ZAIN-G-    (0)    1 :  0.004 0.006 0.003 0.977 0.010 
196 TMA-ZAIN-G-    (0)    1 :  0.004 0.006 0.003 0.981 0.006 
197 TMA-ZAIN-G-    (0)    1 :  0.004 0.012 0.004 0.972 0.008 
198 TMA-ZAIN-G-    (0)    1 :  0.004 0.006 0.003 0.980 0.008 
199 TMA-ZAIN-G-    (0)    1 :  0.007 0.008 0.004 0.960 0.022 
200 TMA-ZAIN-G-    (0)    1 :  0.944 0.005 0.040 0.007 0.003 
201 TMA-ZAIN-G-    (0)    1 :  0.974 0.006 0.010 0.004 0.007 
202 TMA-ZAIN-G-    (0)    1 :  0.972 0.003 0.008 0.012 0.005 
203 TMA-ZAIN-G-    (0)    1 :  0.004 0.007 0.005 0.977 0.007 
204 TMA-ZAIN-G-    (9)    1 :  0.962 0.018 0.007 0.005 0.007 
205 TMA-ZAIN-G-    (0)    1 :  0.968 0.009 0.007 0.006 0.009 
206 TMA-ZAIN-G-    (9)    1 :  0.948 0.019 0.014 0.013 0.006 
207 TMA-ZAIN-G-    (9)    1 :  0.021 0.139 0.016 0.014 0.810 
208 TMA-ZAIN-G-    (0)    1 :  0.004 0.004 0.003 0.007 0.983 
209 TMA-ZAIN-G-    (0)    1 :  0.003 0.022 0.003 0.907 0.064 
210 TMA-ZAIN-G-    (0)    1 :  0.004 0.014 0.003 0.875 0.103 
211 TMA-ZAIN-G-    (0)    1 :  0.035 0.013 0.017 0.796 0.137 
212 TMA-ZAIN-G-    (0)    1 :  0.009 0.013 0.005 0.625 0.347 
213 TMA-ZAIN-G-    (0)    1 :  0.005 0.007 0.004 0.762 0.222 
214 TMA-ZAIN-G-    (0)    1 :  0.005 0.007 0.004 0.383 0.601 
215 TMA-ZAIN-G-    (0)    1 :  0.284 0.003 0.005 0.190 0.517 
216 TMA-ZAIN-G-    (0)    1 :  0.007 0.009 0.004 0.926 0.053 
217 TMA-ZAIN-G-    (0)    1 :  0.004 0.007 0.004 0.355 0.630 
218 TMA-ZAIN-G-    (0)    1 :  0.962 0.008 0.008 0.011 0.011 
219 TMA-ZAIN-G-    (0)    1 :  0.968 0.013 0.006 0.008 0.005 
220 TMA-ZAIN-G-    (0)    1 :  0.708 0.017 0.207 0.011 0.056 
221 TMA-ZAIN-G-    (0)    1 :  0.976 0.006 0.004 0.010 0.005 
222 TMA-ZAIN-G-    (0)    1 :  0.856 0.036 0.064 0.012 0.031 
223 TMA-ZAIN-G-    (0)    1 :  0.970 0.007 0.014 0.004 0.005 
224 TMA-ZAIN-G-    (0)    1 :  0.887 0.028 0.036 0.040 0.009 
225 TMA-ZAIN-G-    (0)    1 :  0.967 0.005 0.015 0.009 0.004 
226 TMA-ZAIN-G-    (0)    1 :  0.954 0.008 0.017 0.014 0.007 
227 TMA-ZAIN-G-    (0)    1 :  0.958 0.006 0.013 0.014 0.009 
228 TMA-ZAIN-G-    (0)    1 :  0.875 0.012 0.068 0.014 0.032 
229 TMA-ZAIN-G-    (0)    1 :  0.949 0.009 0.034 0.003 0.004 
230 TMA-ZAIN-G-    (0)    1 :  0.506 0.103 0.127 0.197 0.066 
231 TMA-ZAIN-G-    (0)    1 :  0.237 0.028 0.688 0.019 0.028 
232 TMA-ZAIN-G-    (9)    1 :  0.116 0.012 0.776 0.073 0.023 
233 TMA-ZAIN-G-    (0)    1 :  0.906 0.020 0.007 0.018 0.049 
234 TMA-ZAIN-G-    (0)    1 :  0.704 0.033 0.243 0.007 0.013 
235 TMA-ZAIN-G-    (0)    1 :  0.415 0.019 0.412 0.114 0.040 
236 TMA-ZAIN-G-    (0)    1 :  0.870 0.008 0.090 0.020 0.013 
237 TMA-ZAIN-G-    (0)    1 :  0.277 0.052 0.413 0.078 0.179 
238 TMA-ZAIN-G-    (0)    1 :  0.859 0.005 0.076 0.030 0.031 
239 TMA-ZAIN-G-    (0)    1 :  0.756 0.174 0.010 0.049 0.011 
240 TMA-ZAIN-G-    (0)    1 :  0.980 0.008 0.006 0.003 0.003 
241 TMA-ZAIN-G-    (0)    1 :  0.974 0.006 0.007 0.005 0.008 
242 TMA-ZAIN-G-    (0)    1 :  0.979 0.004 0.006 0.004 0.007 
243 TMA-ZAIN-G-    (0)    1 :  0.975 0.005 0.005 0.005 0.010 
244 TMA-ZAIN-G-    (0)    1 :  0.968 0.005 0.007 0.006 0.015 
245 TMA-ZAIN-G-    (9)    1 :  0.980 0.005 0.008 0.004 0.004 
246 TMA-ZAIN-G-    (0)    1 :  0.987 0.003 0.004 0.003 0.003 
247 TMA-ZAIN-G-    (0)    1 :  0.985 0.004 0.004 0.003 0.004 
248 TMA-ZAIN-G-    (0)    1 :  0.979 0.004 0.006 0.006 0.006 
249 TMA-ZAIN-G-    (0)    1 :  0.985 0.004 0.004 0.004 0.003 
250 TMA-ZAIN-G-    (0)    1 :  0.986 0.003 0.003 0.003 0.003 
251 TMA-ZAIN-G-    (0)    1 :  0.004 0.982 0.005 0.005 0.005 
252 TMA-ZAIN-G-    (0)    1 :  0.010 0.901 0.003 0.013 0.073 
253 TMA-ZAIN-G-    (0)    1 :  0.003 0.980 0.005 0.005 0.007 
254 TMA-ZAIN-G-    (9)    1 :  0.005 0.963 0.006 0.008 0.018 
255 TMA-ZAIN-G-    (0)    1 :  0.004 0.968 0.017 0.005 0.006 
256 TMA-ZAIN-G-    (0)    1 :  0.006 0.974 0.006 0.008 0.006 
257 TMA-ZAIN-G-    (0)    1 :  0.004 0.983 0.004 0.006 0.004 
258 TMA-ZAIN-G-    (0)    1 :  0.004 0.985 0.003 0.004 0.004 
259 TMA-ZAIN-G-    (0)    1 :  0.004 0.983 0.004 0.005 0.004 
260 TMA-ZAIN-G-    (0)    1 :  0.005 0.981 0.004 0.005 0.005 
261 TMA-ZAIN-G-   (18)    1 :  0.005 0.977 0.005 0.007 0.007 
262 TMA-ZAIN-G-    (0)    1 :  0.004 0.985 0.004 0.005 0.003 
263 TMA-ZAIN-G-    (0)    1 :  0.004 0.983 0.005 0.004 0.004 
264 TMA-ZAIN-G-    (0)    1 :  0.005 0.979 0.007 0.005 0.005 
265 TMA-ZAIN-G-    (0)    1 :  0.255 0.656 0.017 0.024 0.047 
266 TMA-ZAIN-G-    (0)    1 :  0.020 0.738 0.027 0.178 0.037 
267 TMA-ZAIN-G-    (0)    1 :  0.093 0.776 0.108 0.009 0.013 
268 TMA-ZAIN-G-    (0)    1 :  0.005 0.004 0.983 0.003 0.004 
269 TMA-ZAIN-G-    (0)    1 :  0.009 0.006 0.976 0.005 0.005 
270 TMA-ZAIN-G-    (0)    1 :  0.015 0.009 0.966 0.005 0.005 
271 TMA-ZAIN-G-    (0)    1 :  0.007 0.006 0.980 0.003 0.004 
272 TMA-ZAIN-G-    (0)    1 :  0.046 0.005 0.940 0.005 0.005 
273 TMA-ZAIN-G-    (0)    1 :  0.062 0.004 0.927 0.004 0.003 
274 TMA-ZAIN-G-    (0)    1 :  0.016 0.008 0.958 0.012 0.006 
275 TMA-ZAIN-G-    (0)    1 :  0.012 0.003 0.977 0.004 0.003 
276 TMA-ZAIN-G-    (0)    1 :  0.007 0.003 0.982 0.003 0.004 
277 TMA-ZAIN-G-    (0)    1 :  0.023 0.006 0.964 0.004 0.004 
278 TMA-ZAIN-G-    (0)    1 :  0.050 0.007 0.935 0.004 0.004 
279 TMA-ZAIN-G-    (0)    1 :  0.029 0.004 0.958 0.005 0.004 
280 TMA-ZAIN-G-    (0)    1 :  0.041 0.004 0.946 0.005 0.004 
281 TMA-ZAIN-G-    (0)    1 :  0.036 0.006 0.950 0.004 0.004 
282 TMA-ZAIN-G-    (9)    1 :  0.018 0.005 0.970 0.003 0.003 
283 TMA-ZAIN-G-    (0)    1 :  0.047 0.032 0.911 0.005 0.005 
284 TMA-ZAIN-G-    (0)    1 :  0.034 0.061 0.891 0.007 0.006 
285 TMA-ZAIN-G-    (0)    1 :  0.048 0.010 0.930 0.007 0.006 
286 TMA-ZAIN-G-    (0)    1 :  0.012 0.007 0.975 0.003 0.003 
287 TMA-ZAIN-G-    (0)    1 :  0.011 0.006 0.972 0.006 0.005 
288 TMA-ZAIN-G-    (0)    1 :  0.016 0.008 0.943 0.023 0.010 
289 TMA-ZAIN-G-    (0)    1 :  0.015 0.008 0.962 0.009 0.007 
290 TMA-ZAIN-G-    (0)    1 :  0.009 0.006 0.974 0.007 0.005 
291 TMA-ZAIN-G-    (0)    1 :  0.957 0.011 0.020 0.007 0.006 
292 TMA-ZAIN-G-    (0)    1 :  0.025 0.005 0.013 0.214 0.743 
293 TMA-ZAIN-G-    (0)    1 :  0.015 0.015 0.005 0.032 0.933 
294 TMA-ZAIN-G-    (0)    1 :  0.005 0.007 0.004 0.010 0.974 
295 TMA-ZAIN-G-    (9)    1 :  0.011 0.009 0.005 0.013 0.963 
296 TMA-ZAIN-G-    (0)    1 :  0.013 0.016 0.016 0.142 0.814 
297 TMA-ZAIN-G-    (0)    1 :  0.010 0.016 0.007 0.077 0.889 
298 TMA-ZAIN-G-    (0)    1 :  0.023 0.077 0.018 0.012 0.870 
299 TMA-ZAIN-G-    (0)    1 :  0.008 0.004 0.006 0.008 0.975 
300 TMA-ZAIN-G-    (0)    1 :  0.009 0.008 0.004 0.029 0.950 
301 TMA-ZAIN-G-    (0)    1 :  0.010 0.009 0.006 0.066 0.909 
302 TMA-ZAIN-G-    (9)    1 :  0.005 0.007 0.004 0.133 0.851 
303 TMA-ZAIN-G-    (0)    1 :  0.785 0.075 0.024 0.111 0.004 
304 TMA-ZAIN-G-    (0)    2 :  0.011 0.592 0.014 0.182 0.201 
305 TMA-ZAIN-G-    (0)    2 :  0.006 0.009 0.004 0.029 0.951 
306 TMA-ZAIN-G-    (0)    2 :  0.021 0.415 0.127 0.082 0.355 
307 TMA-ZAIN-G-    (0)    2 :  0.009 0.485 0.009 0.158 0.340 
308 TMA-ZAIN-G-    (0)    2 :  0.100 0.830 0.054 0.009 0.007 
309 TMA-ZAIN-G-    (0)    2 :  0.004 0.003 0.003 0.963 0.026 
310 TMA-ZAIN-G-    (0)    2 :  0.029 0.023 0.014 0.014 0.921 
311 TMA-ZAIN-G-    (0)    2 :  0.015 0.082 0.047 0.215 0.641 
312 TMA-ZAIN-G-    (0)    2 :  0.011 0.010 0.006 0.895 0.077 
313 TMA-ZAIN-G-    (0)    2 :  0.005 0.802 0.013 0.078 0.102 
314 TMA-ZAIN-G-    (0)    2 :  0.034 0.035 0.862 0.050 0.019 
315 TMA-ZAIN-G-    (0)    2 :  0.080 0.028 0.328 0.047 0.517 
316 TMA-ZAIN-G-    (0)    2 :  0.090 0.025 0.379 0.041 0.465 
317 TMA-ZAIN-G-    (0)    2 :  0.907 0.015 0.056 0.008 0.014 
318 TMA-ZAIN-G-    (9)    2 :  0.091 0.039 0.849 0.010 0.011 
319 TMA-ZAIN-G-    (0)    3 :  0.712 0.017 0.048 0.217 0.007 
320 TMA-ZAIN-G-    (0)    3 :  0.459 0.006 0.006 0.087 0.441 
321 TMA-ZAIN-G-    (0)    4 :  0.103 0.016 0.215 0.231 0.435 
322 TMA-ZAIN-G-    (0)    4 :  0.342 0.115 0.100 0.091 0.353 
323 TMA-ZAIN-G-    (0)    5 :  0.852 0.016 0.009 0.106 0.017 
324 TMA-ZAIN-G-    (0)    5 :  0.009 0.037 0.008 0.071 0.874 
325 TMA-ZAIN-G-    (0)    5 :  0.978 0.005 0.004 0.007 0.005 
326 TMA-ZAIN-G-    (0)    5 :  0.588 0.043 0.003 0.354 0.012 
327 TMA-ZAIN-G-    (0)    5 :  0.004 0.019 0.003 0.967 0.006 
328 TMA-ZAIN-G-    (0)    5 :  0.055 0.013 0.549 0.331 0.051 
329 TMA-ZAIN-G-    (0)    5 :  0.013 0.027 0.005 0.393 0.562 
330 TMA-ZAIN-G-    (0)    6 :  0.006 0.038 0.004 0.704 0.248 
331 TMA-ZAIN-G-    (0)    6 :  0.114 0.175 0.053 0.481 0.178 
332 TMA-ZAIN-G-    (0)    6 :  0.004 0.004 0.002 0.975 0.015 
333 TMA-ZAIN-G-    (0)    6 :  0.004 0.007 0.003 0.982 0.004 
334 TMA-ZAIN-G-    (0)    6 :  0.028 0.008 0.957 0.004 0.004 
335 TMA-ZAIN-G-    (0)    6 :  0.015 0.006 0.969 0.004 0.006 
336 TMA-ZAIN-G-    (0)    6 :  0.046 0.014 0.925 0.006 0.009 
337 TMA-ZAIN-G-    (9)    6 :  0.018 0.005 0.968 0.004 0.005 
338 TMA-ZAIN-G-    (0)    6 :  0.007 0.004 0.983 0.003 0.003 
339 TMA-ZAIN-G-    (0)    6 :  0.010 0.004 0.982 0.002 0.002 
340 TMA-ZAIN-G-    (0)    6 :  0.011 0.004 0.977 0.003 0.004 
341 TMA-ZAIN-G-    (0)    6 :  0.009 0.004 0.979 0.004 0.005 
342 TMA-ZAIN-G-    (0)    6 :  0.019 0.007 0.964 0.004 0.006 
343 TMA-ZAIN-G-    (0)    7 :  0.009 0.003 0.982 0.003 0.003 
344 TMA-ZAIN-G-    (0)    7 :  0.046 0.005 0.939 0.006 0.004 
345 TMA-ZAIN-G-    (0)    7 :  0.016 0.005 0.973 0.003 0.003 
346 TMA-ZAIN-G-    (0)    7 :  0.016 0.004 0.972 0.004 0.004 
347 TMA-ZAIN-G-    (9)    7 :  0.017 0.004 0.972 0.004 0.004 
348 TMA-ZAIN-G-    (0)    7 :  0.064 0.008 0.918 0.005 0.005 
349 TMA-ZAIN-G-    (0)    7 :  0.018 0.005 0.970 0.003 0.003 
350 TMA-ZAIN-G-    (0)    7 :  0.237 0.007 0.743 0.007 0.007 
351 TMA-ZAIN-G-    (0)    7 :  0.024 0.006 0.962 0.004 0.004 
352 TMA-ZAIN-G-    (0)    7 :  0.010 0.008 0.970 0.004 0.008 
353 TMA-ZAIN-G-    (0)    7 :  0.054 0.006 0.929 0.007 0.004 
354 TMA-ZAIN-G-    (0)    7 :  0.017 0.003 0.969 0.006 0.004 
355 TMA-ZAIN-G-    (0)    7 :  0.013 0.004 0.970 0.006 0.007 
356 TMA-ZAIN-G-    (0)    8 :  0.010 0.018 0.003 0.003 0.966 
357 TMA-ZAIN-G-    (0)    8 :  0.008 0.015 0.010 0.273 0.694 
358 TMA-ZAIN-G-    (0)    8 :  0.024 0.037 0.062 0.322 0.555 
359 TMA-ZAIN-G-    (0)    8 :  0.040 0.024 0.006 0.006 0.923 
360 TMA-ZAIN-G-    (0)    8 :  0.006 0.005 0.003 0.006 0.979 
361 TMA-ZAIN-G-    (0)    8 :  0.006 0.014 0.007 0.754 0.219 
362 TMA-ZAIN-G-    (0)    8 :  0.016 0.005 0.006 0.006 0.968 
363 TMA-ZAIN-G-    (0)    9 :  0.032 0.021 0.008 0.733 0.206 
364 TMA-ZAIN-G-    (0)    9 :  0.204 0.059 0.641 0.043 0.054 
365 TMA-ZAIN-G-    (0)    9 :  0.022 0.006 0.187 0.038 0.748 
366 TMA-ZAIN-G-    (0)    9 :  0.006 0.015 0.004 0.008 0.967 
367 TMA-ZAIN-G-    (0)    9 :  0.011 0.111 0.057 0.774 0.047 
368 TMA-ZAIN-G-    (0)    9 :  0.005 0.013 0.005 0.017 0.959 
369 TMA-ZAIN-G-    (0)    9 :  0.005 0.005 0.003 0.920 0.067 
370 TMA-ZAIN-G-    (0)    9 :  0.006 0.005 0.006 0.920 0.063 
371 TMA-ZAIN-G-    (0)    9 :  0.004 0.006 0.005 0.008 0.977 
372 TMA-ZAIN-G-    (0)    9 :  0.004 0.005 0.004 0.020 0.966 
373 TMA-ZAIN-G-    (0)    9 :  0.005 0.005 0.003 0.982 0.004 
374 TMA-ZAIN-G-    (0)   10 :  0.034 0.193 0.278 0.467 0.028 
375 TMA-ZAIN-G-    (0)   10 :  0.477 0.008 0.065 0.414 0.036 
376 TMA-ZAIN-G-    (9)   10 :  0.004 0.004 0.005 0.012 0.975 
377 TMA-ZAIN-G-    (0)   10 :  0.003 0.004 0.003 0.008 0.982 
378 TMA-ZAIN-G-    (0)   10 :  0.003 0.004 0.004 0.012 0.977 
379 TMA-ZAIN-G-    (0)   10 :  0.003 0.019 0.004 0.023 0.951 
380 TMA-ZAIN-G-    (0)   10 :  0.004 0.006 0.003 0.012 0.974 
381 TMA-ZAIN-G-    (9)   10 :  0.684 0.103 0.013 0.048 0.152 
382 TMA-ZAIN-G-    (9)   10 :  0.133 0.007 0.838 0.015 0.006 
383    ZFB01    (0)   11 :  0.006 0.005 0.976 0.005 0.008 
384    ZFB02    (0)   11 :  0.008 0.010 0.974 0.003 0.005 
385    ZFB03    (0)   11 :  0.008 0.006 0.968 0.012 0.006 
386    ZFB04    (0)   11 :  0.012 0.008 0.969 0.004 0.007 
387    ZFB05    (0)   11 :  0.062 0.011 0.907 0.013 0.008 
388    ZFB06    (0)   11 :  0.045 0.007 0.926 0.014 0.008 
389    ZFB07    (9)   11 :  0.036 0.006 0.935 0.011 0.011 
390    ZFB08    (0)   11 :  0.005 0.007 0.975 0.006 0.006 
391    ZFB09    (0)   11 :  0.005 0.005 0.983 0.004 0.004 
392    ZFB10    (0)   11 :  0.008 0.010 0.942 0.008 0.031 
393    ZFB11    (0)   11 :  0.008 0.008 0.964 0.005 0.015 
394    ZFB12    (0)   11 :  0.006 0.004 0.977 0.007 0.005 
395    ZFB13    (0)   11 :  0.006 0.005 0.976 0.006 0.007 
396    ZFB14    (0)   11 :  0.005 0.007 0.975 0.005 0.009 
397    ZFB15    (0)   11 :  0.007 0.004 0.983 0.003 0.004 
398    ZFB16    (0)   11 :  0.007 0.004 0.978 0.005 0.005 
399    ZFB17    (0)   11 :  0.042 0.032 0.892 0.013 0.021 
400    ZFB18    (0)   11 :  0.004 0.006 0.980 0.004 0.006 
401    ZFB19    (0)   11 :  0.016 0.005 0.930 0.016 0.032 
402    ZFB20    (0)   11 :  0.008 0.004 0.978 0.004 0.006 
403    ZFB21    (0)   11 :  0.006 0.004 0.983 0.004 0.003 
404    ZFB22    (0)   11 :  0.025 0.013 0.919 0.015 0.028 
405    ZFB23    (0)   11 :  0.013 0.006 0.959 0.010 0.012 
406    ZFB24    (0)   11 :  0.011 0.006 0.965 0.005 0.012 
407    ZFB25    (0)   11 :  0.008 0.008 0.904 0.018 0.062 
408    ZFB26    (0)   11 :  0.027 0.013 0.903 0.013 0.045 
409    ZFB27    (0)   11 :  0.018 0.006 0.952 0.007 0.016 
410    ZFB28    (0)   11 :  0.019 0.008 0.958 0.008 0.006 
411    ZFB29    (0)   11 :  0.007 0.008 0.977 0.003 0.005 
412    ZFB30    (0)   11 :  0.300 0.005 0.662 0.017 0.016 
413    ZFB31    (0)   11 :  0.008 0.006 0.943 0.012 0.030 
414    ZFB32    (0)   11 :  0.020 0.021 0.934 0.014 0.011 
415    ZFB33    (0)   11 :  0.006 0.004 0.980 0.004 0.005 
416    ZFB34    (0)   11 :  0.005 0.006 0.979 0.004 0.005 
417    ZFB35    (0)   11 :  0.007 0.009 0.967 0.008 0.010 
418  ZFBP101    (0)   12 :  0.010 0.115 0.013 0.208 0.653 
419  ZFBP102    (0)   12 :  0.011 0.025 0.018 0.107 0.839 
420  ZFBP103    (0)   12 :  0.009 0.202 0.010 0.584 0.195 
421  ZFBP104    (0)   12 :  0.039 0.005 0.054 0.428 0.474 
422  ZFBP105    (0)   12 :  0.008 0.007 0.008 0.284 0.693 
423  ZFBP106    (0)   12 :  0.005 0.009 0.004 0.122 0.860 
424  ZFBP107    (0)   12 :  0.020 0.009 0.009 0.494 0.468 
425  ZFBP108    (0)   12 :  0.004 0.004 0.003 0.011 0.978 
426  ZFBP109    (0)   12 :  0.003 0.004 0.004 0.010 0.979 
427  ZFBP110    (0)   12 :  0.020 0.059 0.032 0.728 0.162 
428  ZFBP111    (0)   12 :  0.004 0.005 0.003 0.030 0.958 
429  ZFBP112    (0)   12 :  0.007 0.010 0.005 0.013 0.966 
430  ZFBP113    (0)   12 :  0.006 0.004 0.005 0.013 0.972 
431  ZFBP114    (0)   12 :  0.007 0.007 0.004 0.037 0.945 
432  ZFBP115    (0)   12 :  0.006 0.008 0.003 0.741 0.242 
433  ZFBP116    (0)   12 :  0.007 0.005 0.004 0.021 0.964 
434  ZFBP117    (0)   12 :  0.004 0.007 0.003 0.012 0.973 
435  ZFBP118    (0)   12 :  0.007 0.005 0.004 0.015 0.969 
436  ZFBP119    (0)   12 :  0.005 0.025 0.004 0.284 0.682 
437  ZFBP120    (0)   12 :  0.008 0.005 0.008 0.252 0.728 
438  ZFBP121    (0)   12 :  0.005 0.009 0.005 0.030 0.951 
439  ZFBP122    (9)   12 :  0.005 0.006 0.004 0.022 0.963 
440  ZFBP123    (0)   12 :  0.007 0.016 0.005 0.010 0.963 
441  ZFBP124    (0)   12 :  0.005 0.006 0.007 0.019 0.962 
442  ZFBP125    (0)   12 :  0.004 0.007 0.003 0.024 0.963 
443  ZFBP126    (0)   12 :  0.014 0.036 0.016 0.016 0.918 
444  ZFBP127    (0)   12 :  0.005 0.018 0.004 0.178 0.795 
445  ZFBP128    (0)   12 :  0.003 0.008 0.003 0.014 0.971 
446  ZFBP129    (0)   12 :  0.004 0.009 0.005 0.008 0.975 
447  ZFBP130    (0)   12 :  0.005 0.010 0.003 0.013 0.969 
448  ZFBP131    (0)   12 :  0.004 0.004 0.005 0.006 0.981 
449  ZFBP132    (0)   12 :  0.005 0.004 0.004 0.022 0.965 
450  ZFBP133    (0)   12 :  0.003 0.007 0.003 0.005 0.982 
451  ZFBP134    (0)   12 :  0.005 0.037 0.004 0.550 0.404 
452  ZFBP135    (0)   12 :  0.007 0.228 0.017 0.114 0.634 
453  ZFBP136    (0)   12 :  0.010 0.094 0.005 0.102 0.791 
454  ZFBP201    (0)   13 :  0.010 0.006 0.008 0.023 0.953 
455  ZFBP202    (0)   13 :  0.005 0.005 0.006 0.026 0.958 
456  ZFBP203    (0)   13 :  0.034 0.007 0.010 0.010 0.939 
457  ZFBP204    (0)   13 :  0.007 0.020 0.005 0.186 0.781 
458  ZFBP205    (0)   13 :  0.005 0.009 0.004 0.006 0.977 
459  ZFBP206    (0)   13 :  0.007 0.015 0.006 0.008 0.964 
460  ZFBP207    (0)   13 :  0.006 0.018 0.005 0.605 0.366 
461  ZFBP208    (0)   13 :  0.013 0.010 0.006 0.007 0.964 
462  ZFBP209    (0)   13 :  0.003 0.006 0.003 0.005 0.984 
463  ZFBP210    (0)   13 :  0.010 0.006 0.007 0.019 0.959 
464  ZFBP211    (0)   13 :  0.006 0.006 0.006 0.017 0.965 
465  ZFBP212    (0)   13 :  0.005 0.003 0.005 0.293 0.694 
466  ZFBP213    (0)   13 :  0.008 0.020 0.009 0.011 0.953 
467  ZFBP214    (0)   13 :  0.010 0.047 0.008 0.041 0.894 
468  ZFBP215    (0)   13 :  0.004 0.007 0.004 0.009 0.976 
469  ZFBP216    (0)   13 :  0.014 0.006 0.009 0.056 0.914 
470  ZFBP217    (0)   13 :  0.005 0.006 0.004 0.027 0.958 
471  ZFBP218    (0)   13 :  0.004 0.003 0.003 0.008 0.981 
472  ZFBP219    (0)   13 :  0.006 0.004 0.004 0.008 0.978 
473  ZFBP220    (0)   13 :  0.005 0.011 0.003 0.051 0.930 
474  ZFBP221    (0)   13 :  0.005 0.003 0.005 0.173 0.813 
475  ZFBP222    (0)   13 :  0.005 0.009 0.005 0.006 0.975 
476  ZFBP223    (0)   13 :  0.011 0.013 0.008 0.598 0.370 
477  ZFBP224    (0)   13 :  0.007 0.008 0.005 0.012 0.968 
478  ZFBP225    (0)   13 :  0.007 0.012 0.004 0.120 0.858 
479  ZFBP226    (0)   13 :  0.006 0.005 0.005 0.015 0.969 
480  ZFBP227    (0)   13 :  0.111 0.008 0.049 0.254 0.579 
481  ZFBP228    (0)   13 :  0.004 0.016 0.005 0.492 0.484 
482  ZFBP229    (0)   13 :  0.004 0.006 0.003 0.013 0.973 
483  ZFBP230    (0)   13 :  0.006 0.013 0.004 0.049 0.928 
484  ZFBP231    (0)   13 :  0.006 0.006 0.006 0.025 0.957 
485  ZFBP232    (0)   13 :  0.004 0.005 0.004 0.008 0.979 
486  ZFBP233    (0)   13 :  0.006 0.006 0.006 0.017 0.965 
487   ZFCC01    (0)   14 :  0.004 0.980 0.008 0.004 0.004 
488   ZFCC03    (0)   14 :  0.003 0.982 0.005 0.005 0.005 
489   ZFCC04    (0)   14 :  0.005 0.982 0.005 0.005 0.004 
490   ZFCC05    (0)   14 :  0.005 0.976 0.006 0.007 0.006 
491   ZFCC08    (0)   14 :  0.003 0.974 0.005 0.007 0.011 
492   ZFCC09    (0)   14 :  0.004 0.981 0.006 0.005 0.004 
493   ZFCC10    (0)   14 :  0.004 0.977 0.011 0.004 0.004 
494   ZFCC11    (0)   14 :  0.004 0.980 0.005 0.005 0.005 
495   ZFCC12    (0)   14 :  0.008 0.946 0.032 0.008 0.006 
496   ZFCC13    (0)   14 :  0.009 0.964 0.005 0.012 0.009 
497   ZFCC14    (0)   14 :  0.005 0.973 0.008 0.005 0.009 
498   ZFCC15    (0)   14 :  0.007 0.977 0.006 0.006 0.004 
499   ZFCC16    (0)   14 :  0.004 0.982 0.005 0.004 0.004 
500   ZFCC17    (0)   14 :  0.005 0.981 0.006 0.004 0.003 
501   ZFCC18    (0)   14 :  0.004 0.981 0.005 0.005 0.005 
502   ZFCC19    (0)   14 :  0.007 0.979 0.006 0.004 0.003 
503   ZFCC20    (0)   14 :  0.004 0.982 0.004 0.006 0.004 
504   ZFCC21    (0)   14 :  0.009 0.946 0.007 0.008 0.030 
505   ZFCC22    (0)   14 :  0.005 0.828 0.006 0.021 0.140 
506   ZFCC26    (0)   14 :  0.004 0.981 0.006 0.005 0.004 
507   ZFCC27    (0)   14 :  0.004 0.983 0.004 0.005 0.004 
508   ZFCC29    (0)   14 :  0.005 0.978 0.007 0.005 0.005 
509   ZFCC30    (0)   14 :  0.004 0.984 0.003 0.006 0.004 
510   ZFCC32    (0)   14 :  0.007 0.975 0.007 0.007 0.005 
511   ZFCC33    (0)   14 :  0.006 0.977 0.006 0.006 0.004 
512   ZFCC34    (0)   14 :  0.007 0.904 0.017 0.030 0.042 
513   ZFCC35    (0)   14 :  0.004 0.983 0.004 0.005 0.005 
514   ZFCC36    (0)   14 :  0.010 0.967 0.006 0.007 0.010 
515   ZFCC37    (0)   14 :  0.010 0.943 0.031 0.008 0.008 
516   ZFCC40    (0)   14 :  0.005 0.980 0.006 0.004 0.006 
517   ZFCC42    (0)   14 :  0.179 0.548 0.247 0.019 0.007 
518   ZFCC44    (0)   14 :  0.004 0.983 0.003 0.006 0.004 
519   ZFCC45    (9)   14 :  0.012 0.961 0.015 0.006 0.005 
520   ZFCC46    (0)   14 :  0.005 0.969 0.004 0.012 0.010 
521   ZFCC47    (0)   14 :  0.005 0.964 0.020 0.006 0.005 
522   ZFCC48    (0)   14 :  0.005 0.959 0.005 0.007 0.023 
523   ZFCC50    (0)   14 :  0.004 0.984 0.005 0.004 0.003 
524   ZFCC51    (0)   14 :  0.003 0.982 0.004 0.006 0.004 
525   ZFCC52    (0)   14 :  0.005 0.973 0.005 0.007 0.010 
526   ZFCC53    (0)   14 :  0.004 0.984 0.004 0.004 0.004 
527  ZFCNS01    (0)   15 :  0.008 0.008 0.004 0.976 0.004 
528  ZFCNS02    (0)   15 :  0.004 0.012 0.004 0.974 0.006 
529  ZFCNS05    (0)   15 :  0.004 0.014 0.005 0.969 0.008 
530  ZFCNS06    (0)   15 :  0.004 0.014 0.004 0.972 0.006 
531  ZFCNS07    (0)   15 :  0.004 0.006 0.004 0.971 0.014 
532  ZFCNS10    (0)   15 :  0.004 0.005 0.003 0.982 0.006 
533  ZFCNS11    (0)   15 :  0.005 0.008 0.004 0.979 0.004 
534  ZFCNS15    (0)   15 :  0.004 0.005 0.004 0.979 0.009 
535  ZFCNS17    (0)   15 :  0.004 0.017 0.003 0.969 0.007 
536  ZFCNS18    (0)   15 :  0.004 0.007 0.003 0.981 0.005 
537  ZFCNS19    (0)   15 :  0.004 0.011 0.004 0.977 0.005 
538  ZFCNS20    (0)   15 :  0.004 0.011 0.004 0.970 0.012 
539  ZFCNS21    (0)   15 :  0.004 0.010 0.003 0.979 0.004 
540  ZFCNS22    (0)   15 :  0.004 0.008 0.004 0.974 0.010 
541  ZFCNS23    (0)   15 :  0.009 0.026 0.007 0.950 0.008 
542  ZFCNS24    (0)   15 :  0.004 0.037 0.003 0.950 0.005 
543  ZFCNS25    (0)   15 :  0.004 0.012 0.004 0.971 0.010 
544  ZFCNS26    (0)   15 :  0.004 0.004 0.004 0.982 0.005 
545  ZFCNS27    (0)   15 :  0.004 0.005 0.004 0.973 0.014 
546  ZFCNS28    (0)   15 :  0.004 0.011 0.005 0.974 0.006 
547  ZFCNS29    (0)   15 :  0.004 0.015 0.004 0.968 0.008 
548  ZFCNS30    (0)   15 :  0.004 0.011 0.004 0.975 0.005 
549  ZFCNS31    (0)   15 :  0.004 0.006 0.004 0.981 0.005 
550  ZFCNS32    (0)   15 :  0.004 0.010 0.004 0.976 0.006 
551  ZFCNS33    (0)   15 :  0.004 0.005 0.004 0.982 0.005 
552  ZFCNS34    (0)   15 :  0.004 0.040 0.004 0.946 0.006 
553  ZFCNS35    (0)   15 :  0.004 0.007 0.005 0.979 0.005 
554  ZFCNS36    (0)   15 :  0.004 0.077 0.004 0.908 0.007 
555  ZFCNS37    (0)   15 :  0.004 0.007 0.003 0.981 0.004 
556  ZFCNS39    (0)   15 :  0.004 0.010 0.003 0.979 0.005 
557  ZFCNS40    (0)   15 :  0.004 0.037 0.003 0.948 0.008 
558  ZFCNS41    (0)   15 :  0.006 0.011 0.005 0.971 0.007 
559  ZFCNS42    (0)   15 :  0.004 0.006 0.004 0.981 0.005 
560  ZFCNS43    (0)   15 :  0.004 0.012 0.004 0.977 0.004 
561  ZFCNS44    (0)   15 :  0.003 0.008 0.003 0.981 0.005 
562  ZFCNS46    (0)   15 :  0.004 0.007 0.003 0.979 0.006 
563  ZFCNS47    (0)   15 :  0.004 0.009 0.004 0.980 0.004 
564  ZFCNS48    (0)   15 :  0.004 0.006 0.004 0.980 0.006 
565  ZFCNS49    (0)   15 :  0.004 0.004 0.003 0.983 0.006 
566   ZFCR01    (0)   16 :  0.281 0.025 0.575 0.011 0.109 
567   ZFCR02    (0)   16 :  0.607 0.032 0.260 0.023 0.078 
568   ZFCR03    (0)   16 :  0.123 0.067 0.707 0.013 0.090 
569   ZFCR04    (0)   16 :  0.167 0.026 0.716 0.048 0.043 
570   ZFCR05    (0)   16 :  0.476 0.051 0.445 0.010 0.018 
571   ZFCR06    (0)   16 :  0.381 0.059 0.190 0.225 0.144 
572   ZFCR07    (0)   16 :  0.646 0.034 0.153 0.155 0.012 
573   ZFCR08    (0)   16 :  0.741 0.103 0.098 0.008 0.049 
574   ZFCR09    (0)   16 :  0.136 0.070 0.600 0.075 0.119 
575   ZFCR11    (0)   16 :  0.224 0.018 0.546 0.175 0.038 
576   ZFCR12    (0)   16 :  0.653 0.016 0.016 0.275 0.040 
577   ZFCR13    (0)   16 :  0.900 0.010 0.012 0.023 0.055 
578   ZFCR14    (0)   16 :  0.772 0.028 0.152 0.018 0.030 
579   ZFCR15    (0)   16 :  0.876 0.019 0.071 0.010 0.024 
580   ZFCR16    (0)   16 :  0.653 0.019 0.200 0.007 0.121 
581   ZFCR18    (0)   16 :  0.031 0.043 0.891 0.016 0.019 
582   ZFCR19    (0)   16 :  0.057 0.046 0.596 0.026 0.276 
583   ZFCR20    (0)   16 :  0.018 0.017 0.893 0.014 0.058 
584   ZFCR21    (0)   16 :  0.856 0.051 0.030 0.022 0.041 
585   ZFCR22    (0)   16 :  0.915 0.011 0.040 0.009 0.025 
586   ZFCR23    (0)   16 :  0.814 0.005 0.040 0.040 0.102 
587   ZFCR24    (9)   16 :  0.307 0.016 0.165 0.012 0.500 
588   ZFCR25    (0)   16 :  0.902 0.011 0.074 0.007 0.006 
589   ZFCR26    (0)   16 :  0.096 0.066 0.617 0.040 0.180 
590   ZFCR27    (9)   16 :  0.790 0.008 0.194 0.004 0.004 
