

----------------------------------------------------
STRUCTURE by Pritchard, Stephens and Donnelly (2000)
     and Falush, Stephens and Pritchard (2003)
       Code by Pritchard, Falush and Hubisz
             Version 2.3.4 (Jul 2012)
----------------------------------------------------



Command line arguments:   bin\structure -m C:\Users\eschumacher\Documents\GitHub\GCC_QUAC_ZAIN\Data_Files\Structure_Files\ZAIN\ZAIN_rebinned_allpop_str\50-50\mainparams -e C:\Users\eschumacher\Documents\GitHub\GCC_QUAC_ZAIN\Data_Files\Structure_Files\ZAIN\ZAIN_rebinned_allpop_str\50-50\extraparams 
Input File:    C:\Users\eschumacher\Documents\GitHub\GCC_QUAC_ZAIN\Data_Files\Structure_Files\ZAIN\ZAIN_rebinned_allpop_str\project_data

Run parameters:
   1133 individuals
   11 loci
   15 populations assumed
   50000 Burn-in period
   50000 Reps


--------------------------------------------
Proportion of membership of each pre-defined
 population in each of the 15 clusters

Given    Inferred Clusters                                                                                           Number of
 Pop       1      2      3      4      5      6      7      8      9     10     11     12     13     14     15      Individuals

  1:     0.090  0.089  0.024  0.068  0.074  0.082  0.059  0.035  0.080  0.046  0.042  0.095  0.074  0.073  0.068      303
  2:     0.109  0.067  0.042  0.012  0.048  0.120  0.045  0.031  0.090  0.014  0.025  0.138  0.038  0.160  0.062       15
  3:     0.056  0.373  0.016  0.010  0.010  0.019  0.015  0.011  0.024  0.228  0.017  0.089  0.026  0.005  0.101        2
  4:     0.035  0.098  0.236  0.006  0.048  0.166  0.075  0.022  0.065  0.007  0.020  0.088  0.084  0.030  0.019        2
  5:     0.019  0.333  0.016  0.015  0.033  0.051  0.061  0.057  0.127  0.171  0.019  0.017  0.024  0.013  0.044        7
  6:     0.648  0.006  0.005  0.005  0.006  0.112  0.066  0.005  0.007  0.078  0.033  0.012  0.004  0.005  0.007       13
  7:     0.928  0.009  0.006  0.007  0.007  0.005  0.004  0.003  0.006  0.004  0.006  0.004  0.004  0.003  0.004       13
  8:     0.007  0.015  0.013  0.019  0.008  0.042  0.141  0.063  0.107  0.051  0.023  0.032  0.435  0.009  0.034        7
  9:     0.016  0.013  0.033  0.006  0.049  0.250  0.078  0.025  0.112  0.048  0.022  0.233  0.059  0.008  0.047       11
 10:     0.010  0.114  0.062  0.009  0.066  0.043  0.087  0.020  0.066  0.014  0.014  0.046  0.372  0.014  0.063        9
 11:     0.016  0.010  0.008  0.041  0.849  0.006  0.006  0.005  0.009  0.004  0.012  0.009  0.012  0.005  0.008       35
 12:     0.005  0.006  0.008  0.004  0.006  0.096  0.066  0.024  0.156  0.014  0.018  0.280  0.178  0.017  0.123       36
 13:     0.005  0.006  0.011  0.006  0.005  0.054  0.018  0.026  0.355  0.021  0.009  0.252  0.099  0.008  0.125       33
 14:     0.015  0.006  0.009  0.007  0.008  0.006  0.011  0.010  0.016  0.009  0.042  0.013  0.007  0.832  0.007       40
 15:     0.003  0.004  0.005  0.003  0.003  0.022  0.019  0.007  0.006  0.893  0.006  0.009  0.007  0.006  0.007       39
 16:     0.055  0.148  0.347  0.019  0.208  0.021  0.013  0.026  0.038  0.012  0.015  0.026  0.025  0.024  0.024       40
 17:     0.038  0.656  0.055  0.045  0.050  0.009  0.011  0.017  0.012  0.010  0.044  0.015  0.009  0.019  0.010       37
 18:     0.003  0.003  0.006  0.003  0.005  0.042  0.032  0.021  0.161  0.011  0.008  0.103  0.562  0.006  0.033       40
 19:     0.023  0.007  0.006  0.004  0.865  0.006  0.005  0.003  0.006  0.015  0.040  0.006  0.005  0.004  0.004       28
 20:     0.004  0.004  0.005  0.005  0.004  0.005  0.007  0.006  0.005  0.005  0.923  0.007  0.005  0.012  0.005       14
 21:     0.014  0.026  0.015  0.805  0.011  0.012  0.011  0.006  0.009  0.028  0.025  0.014  0.009  0.007  0.008       13
 22:     0.003  0.003  0.004  0.002  0.004  0.012  0.914  0.005  0.007  0.013  0.005  0.008  0.008  0.007  0.005       14
 23:     0.003  0.004  0.005  0.004  0.004  0.011  0.029  0.022  0.024  0.008  0.007  0.120  0.018  0.006  0.734       25
 24:     0.005  0.006  0.005  0.006  0.006  0.008  0.009  0.891  0.014  0.006  0.006  0.012  0.011  0.008  0.010       40
 25:     0.010  0.013  0.019  0.009  0.032  0.030  0.065  0.009  0.022  0.016  0.038  0.030  0.025  0.666  0.015       32
 26:     0.004  0.004  0.003  0.957  0.003  0.003  0.002  0.003  0.003  0.003  0.004  0.003  0.003  0.003  0.003       20
 27:     0.034  0.042  0.212  0.003  0.613  0.007  0.015  0.006  0.012  0.004  0.015  0.008  0.016  0.006  0.008        4
 28:     0.056  0.011  0.024  0.004  0.717  0.014  0.010  0.011  0.046  0.005  0.010  0.013  0.054  0.008  0.015       23
 29:     0.019  0.017  0.010  0.004  0.890  0.005  0.007  0.004  0.007  0.006  0.006  0.005  0.007  0.009  0.005       39
 30:     0.917  0.006  0.005  0.007  0.011  0.004  0.004  0.004  0.005  0.004  0.014  0.006  0.005  0.004  0.005       38
 31:     0.004  0.006  0.011  0.005  0.005  0.538  0.081  0.047  0.038  0.149  0.007  0.051  0.029  0.009  0.020       45
 32:     0.004  0.008  0.007  0.011  0.005  0.276  0.081  0.020  0.126  0.132  0.017  0.151  0.066  0.011  0.085       28
 33:     0.007  0.016  0.008  0.015  0.902  0.004  0.005  0.005  0.005  0.007  0.006  0.006  0.005  0.007  0.004        6
 34:     0.008  0.032  0.859  0.004  0.013  0.010  0.009  0.013  0.008  0.009  0.011  0.007  0.006  0.006  0.006       40
 35:     0.030  0.771  0.032  0.041  0.016  0.019  0.011  0.011  0.007  0.009  0.020  0.010  0.006  0.010  0.008       42
--------------------------------------------

Allele-freq. divergence among pops (Net nucleotide distance),
computed using point estimates of P.

      1       2       3       4       5       6       7       8       9      10      11      12      13      14      15      
 1      -    0.1261  0.1971  0.2076  0.1286  0.3074  0.3363  0.3823  0.3162  0.3697  0.2366  0.3122  0.3810  0.2822  0.3161  
 2   0.1261     -    0.0958  0.2124  0.1004  0.1627  0.1843  0.2888  0.2028  0.1956  0.1456  0.2032  0.2511  0.1703  0.2028  
 3   0.1971  0.0958     -    0.3593  0.1677  0.1285  0.1298  0.1779  0.1324  0.2334  0.1713  0.1706  0.2070  0.1851  0.1975  
 4   0.2076  0.2124  0.3593     -    0.3223  0.3696  0.4573  0.4791  0.4089  0.4661  0.3349  0.3794  0.4595  0.3835  0.3923  
 5   0.1286  0.1004  0.1677  0.3223     -    0.2695  0.2471  0.3614  0.2276  0.2911  0.2303  0.2644  0.2715  0.1850  0.2717  
 6   0.3074  0.1627  0.1285  0.3696  0.2695     -    0.0574  0.1467  0.0902  0.1419  0.2026  0.0723  0.0899  0.2248  0.1170  
 7   0.3363  0.1843  0.1298  0.4573  0.2471  0.0574     -    0.1562  0.0901  0.1710  0.1809  0.0992  0.1048  0.1852  0.1499  
 8   0.3823  0.2888  0.1779  0.4791  0.3614  0.1467  0.1562     -    0.1141  0.2891  0.2815  0.1480  0.1673  0.2296  0.1225  
 9   0.3162  0.2028  0.1324  0.4089  0.2276  0.0902  0.0901  0.1141     -    0.2628  0.2033  0.0474  0.0386  0.2210  0.0793  
10   0.3697  0.1956  0.2334  0.4661  0.2911  0.1419  0.1710  0.2891  0.2628     -    0.2409  0.2353  0.2993  0.2075  0.2513  
11   0.2366  0.1456  0.1713  0.3349  0.2303  0.2026  0.1809  0.2815  0.2033  0.2409     -    0.1847  0.2741  0.2035  0.2127  
12   0.3122  0.2032  0.1706  0.3794  0.2644  0.0723  0.0992  0.1480  0.0474  0.2353  0.1847     -    0.0659  0.2689  0.0627  
13   0.3810  0.2511  0.2070  0.4595  0.2715  0.0899  0.1048  0.1673  0.0386  0.2993  0.2741  0.0659     -    0.2931  0.1056  
14   0.2822  0.1703  0.1851  0.3835  0.1850  0.2248  0.1852  0.2296  0.2210  0.2075  0.2035  0.2689  0.2931     -    0.2472  
15   0.3161  0.2028  0.1975  0.3923  0.2717  0.1170  0.1499  0.1225  0.0793  0.2513  0.2127  0.0627  0.1056  0.2472     -    

Average distances (expected heterozygosity) between individuals in same cluster:
cluster  1  : 0.3744 
cluster  2  : 0.5255 
cluster  3  : 0.4653 
cluster  4  : 0.2370 
cluster  5  : 0.4681 
cluster  6  : 0.4377 
cluster  7  : 0.3613 
cluster  8  : 0.3510 
cluster  9  : 0.3928 
cluster 10  : 0.2358 
cluster 11  : 0.2631 
cluster 12  : 0.3416 
cluster 13  : 0.3264 
cluster 14  : 0.3686 
cluster 15  : 0.3904 

--------------------------------------------
Estimated Ln Prob of Data   = -20250.4
Mean value of ln likelihood = -19316.8
Variance of ln likelihood   = 1867.2
Mean value of alpha         = 0.0339

Mean value of Fst_1         = 0.5709
Mean value of Fst_2         = 0.1737
Mean value of Fst_3         = 0.3027
Mean value of Fst_4         = 0.6668
Mean value of Fst_5         = 0.3940
Mean value of Fst_6         = 0.3176
Mean value of Fst_7         = 0.5040
Mean value of Fst_8         = 0.4363
Mean value of Fst_9         = 0.3514
Mean value of Fst_10         = 0.6031
Mean value of Fst_11         = 0.6061
Mean value of Fst_12         = 0.3567
Mean value of Fst_13         = 0.4360
Mean value of Fst_14         = 0.4625
Mean value of Fst_15         = 0.3884


Inferred ancestry of individuals:
        Label (%Miss) Pop:  Inferred clusters
  1 TMA-ZAIN-G-    (9)    1 :  0.017 0.055 0.017 0.004 0.667 0.053 0.012 0.007 0.074 0.057 0.008 0.007 0.007 0.010 0.006 
  2 TMA-ZAIN-G-    (0)    1 :  0.012 0.012 0.006 0.004 0.649 0.017 0.005 0.004 0.043 0.008 0.020 0.014 0.012 0.016 0.176 
  3 TMA-ZAIN-G-    (0)    1 :  0.003 0.005 0.016 0.003 0.005 0.041 0.108 0.065 0.609 0.023 0.007 0.025 0.069 0.007 0.015 
  4 TMA-ZAIN-G-    (0)    1 :  0.005 0.006 0.005 0.003 0.009 0.009 0.014 0.041 0.158 0.016 0.582 0.028 0.090 0.019 0.015 
  5 TMA-ZAIN-G-    (0)    1 :  0.007 0.003 0.005 0.004 0.950 0.002 0.003 0.003 0.003 0.002 0.005 0.002 0.003 0.005 0.002 
  6 TMA-ZAIN-G-    (0)    1 :  0.018 0.027 0.188 0.037 0.023 0.020 0.110 0.049 0.420 0.014 0.030 0.019 0.016 0.015 0.014 
  7 TMA-ZAIN-G-    (0)    1 :  0.006 0.008 0.012 0.005 0.009 0.026 0.190 0.007 0.111 0.034 0.073 0.455 0.035 0.010 0.018 
  8 TMA-ZAIN-G-    (0)    1 :  0.002 0.003 0.005 0.002 0.004 0.008 0.905 0.009 0.016 0.004 0.004 0.008 0.013 0.009 0.008 
  9 TMA-ZAIN-G-    (9)    1 :  0.006 0.006 0.028 0.004 0.006 0.127 0.022 0.020 0.289 0.007 0.007 0.342 0.055 0.004 0.076 
 10 TMA-ZAIN-G-    (0)    1 :  0.004 0.005 0.032 0.004 0.003 0.182 0.062 0.030 0.132 0.011 0.010 0.436 0.042 0.008 0.038 
 11 TMA-ZAIN-G-    (0)    1 :  0.004 0.006 0.005 0.004 0.005 0.087 0.010 0.004 0.036 0.007 0.012 0.798 0.006 0.005 0.011 
 12 TMA-ZAIN-G-    (0)    1 :  0.003 0.006 0.009 0.003 0.005 0.030 0.013 0.005 0.448 0.022 0.005 0.017 0.422 0.005 0.007 
 13 TMA-ZAIN-G-    (9)    1 :  0.089 0.021 0.012 0.016 0.032 0.152 0.046 0.015 0.019 0.108 0.013 0.246 0.045 0.015 0.171 
 14 TMA-ZAIN-G-    (9)    1 :  0.007 0.008 0.009 0.018 0.003 0.063 0.008 0.007 0.010 0.805 0.005 0.023 0.010 0.007 0.019 
 15 TMA-ZAIN-G-    (0)    1 :  0.002 0.008 0.007 0.003 0.003 0.165 0.010 0.009 0.091 0.675 0.004 0.006 0.005 0.008 0.004 
 16 TMA-ZAIN-G-    (0)    1 :  0.005 0.005 0.007 0.005 0.003 0.033 0.007 0.005 0.182 0.006 0.005 0.191 0.530 0.003 0.013 
 17 TMA-ZAIN-G-    (9)    1 :  0.012 0.017 0.012 0.003 0.008 0.699 0.073 0.007 0.014 0.012 0.103 0.006 0.008 0.021 0.005 
 18 TMA-ZAIN-G-    (0)    1 :  0.009 0.186 0.023 0.003 0.648 0.009 0.014 0.006 0.010 0.011 0.011 0.005 0.015 0.045 0.004 
 19 TMA-ZAIN-G-    (0)    1 :  0.013 0.587 0.139 0.012 0.016 0.021 0.074 0.005 0.021 0.011 0.037 0.026 0.025 0.004 0.009 
 20 TMA-ZAIN-G-    (0)    1 :  0.070 0.802 0.008 0.018 0.036 0.003 0.003 0.004 0.004 0.004 0.006 0.004 0.003 0.030 0.005 
 21 TMA-ZAIN-G-    (0)    1 :  0.005 0.003 0.003 0.961 0.003 0.003 0.002 0.003 0.002 0.002 0.003 0.003 0.002 0.003 0.002 
 22 TMA-ZAIN-G-    (0)    1 :  0.943 0.007 0.005 0.004 0.012 0.002 0.003 0.002 0.003 0.003 0.005 0.003 0.002 0.004 0.003 
 23 TMA-ZAIN-G-    (0)    1 :  0.929 0.010 0.007 0.004 0.007 0.005 0.006 0.003 0.004 0.005 0.006 0.005 0.004 0.003 0.004 
 24 TMA-ZAIN-G-    (9)    1 :  0.640 0.004 0.003 0.008 0.006 0.017 0.003 0.073 0.005 0.020 0.003 0.014 0.009 0.005 0.189 
 25 TMA-ZAIN-G-    (9)    1 :  0.010 0.687 0.007 0.006 0.069 0.009 0.003 0.004 0.091 0.004 0.003 0.004 0.006 0.004 0.093 
 26 TMA-ZAIN-G-    (9)    1 :  0.008 0.010 0.005 0.077 0.006 0.121 0.024 0.008 0.177 0.019 0.011 0.019 0.012 0.396 0.107 
 27 TMA-ZAIN-G-    (0)    1 :  0.015 0.057 0.663 0.026 0.066 0.018 0.010 0.008 0.006 0.071 0.024 0.014 0.003 0.013 0.005 
 28 TMA-ZAIN-G-    (0)    1 :  0.004 0.014 0.915 0.003 0.009 0.005 0.008 0.004 0.006 0.009 0.005 0.005 0.005 0.005 0.004 
 29 TMA-ZAIN-G-    (0)    1 :  0.004 0.224 0.005 0.004 0.003 0.006 0.004 0.710 0.004 0.005 0.003 0.004 0.004 0.016 0.005 
 30 TMA-ZAIN-G-    (0)    1 :  0.005 0.031 0.439 0.004 0.004 0.196 0.015 0.030 0.029 0.060 0.006 0.043 0.042 0.005 0.090 
 31 TMA-ZAIN-G-    (0)    1 :  0.014 0.013 0.006 0.010 0.836 0.004 0.006 0.006 0.005 0.005 0.021 0.007 0.004 0.057 0.008 
 32 TMA-ZAIN-G-    (9)    1 :  0.151 0.058 0.007 0.013 0.226 0.019 0.006 0.003 0.451 0.012 0.007 0.007 0.027 0.006 0.006 
 33 TMA-ZAIN-G-   (18)    1 :  0.003 0.003 0.006 0.003 0.004 0.047 0.020 0.009 0.830 0.005 0.003 0.019 0.038 0.003 0.006 
 34 TMA-ZAIN-G-    (0)    1 :  0.021 0.010 0.006 0.017 0.047 0.007 0.007 0.004 0.824 0.004 0.004 0.012 0.024 0.005 0.009 
 35 TMA-ZAIN-G-    (9)    1 :  0.003 0.005 0.007 0.003 0.004 0.012 0.007 0.009 0.910 0.008 0.006 0.006 0.008 0.005 0.007 
 36 TMA-ZAIN-G-    (0)    1 :  0.003 0.005 0.007 0.002 0.004 0.235 0.053 0.011 0.178 0.135 0.007 0.033 0.013 0.011 0.302 
 37 TMA-ZAIN-G-    (9)    1 :  0.003 0.004 0.009 0.005 0.004 0.011 0.012 0.006 0.889 0.004 0.012 0.013 0.012 0.005 0.012 
 38 TMA-ZAIN-G-   (18)    1 :  0.040 0.096 0.005 0.007 0.401 0.045 0.005 0.005 0.308 0.034 0.013 0.011 0.011 0.007 0.011 
 39 TMA-ZAIN-G-    (0)    1 :  0.003 0.004 0.007 0.007 0.003 0.056 0.015 0.013 0.065 0.004 0.008 0.044 0.089 0.008 0.673 
 40 TMA-ZAIN-G-    (0)    1 :  0.003 0.004 0.004 0.010 0.003 0.658 0.011 0.007 0.060 0.004 0.015 0.028 0.103 0.005 0.087 
 41 TMA-ZAIN-G-    (0)    1 :  0.002 0.004 0.004 0.003 0.003 0.661 0.028 0.006 0.027 0.031 0.003 0.006 0.023 0.005 0.194 
 42 TMA-ZAIN-G-    (9)    1 :  0.002 0.003 0.003 0.002 0.003 0.804 0.048 0.008 0.006 0.082 0.005 0.005 0.008 0.013 0.008 
 43 TMA-ZAIN-G-    (0)    1 :  0.002 0.003 0.003 0.002 0.003 0.010 0.016 0.010 0.004 0.925 0.004 0.004 0.003 0.005 0.004 
 44 TMA-ZAIN-G-    (0)    1 :  0.006 0.009 0.003 0.770 0.005 0.009 0.010 0.010 0.028 0.004 0.006 0.082 0.013 0.003 0.042 
 45 TMA-ZAIN-G-    (0)    1 :  0.005 0.008 0.011 0.011 0.006 0.186 0.026 0.006 0.170 0.016 0.015 0.394 0.125 0.009 0.013 
 46 TMA-ZAIN-G-    (0)    1 :  0.006 0.005 0.003 0.952 0.004 0.003 0.002 0.002 0.002 0.003 0.006 0.003 0.002 0.004 0.003 
 47 TMA-ZAIN-G-    (0)    1 :  0.003 0.004 0.004 0.004 0.003 0.004 0.005 0.003 0.005 0.003 0.013 0.003 0.005 0.937 0.003 
 48 TMA-ZAIN-G-    (0)    1 :  0.029 0.012 0.049 0.019 0.005 0.129 0.169 0.018 0.034 0.050 0.131 0.143 0.021 0.178 0.015 
 49 TMA-ZAIN-G-    (9)    1 :  0.007 0.814 0.011 0.003 0.011 0.008 0.009 0.038 0.030 0.004 0.016 0.010 0.025 0.006 0.006 
 50 TMA-ZAIN-G-    (0)    1 :  0.005 0.807 0.024 0.006 0.010 0.071 0.011 0.004 0.005 0.008 0.006 0.006 0.010 0.003 0.024 
 51 TMA-ZAIN-G-    (0)    1 :  0.005 0.806 0.020 0.010 0.006 0.021 0.010 0.006 0.008 0.053 0.014 0.013 0.003 0.016 0.007 
 52 TMA-ZAIN-G-    (0)    1 :  0.009 0.733 0.025 0.007 0.006 0.007 0.009 0.003 0.006 0.014 0.124 0.008 0.012 0.030 0.006 
 53 TMA-ZAIN-G-    (0)    1 :  0.011 0.664 0.009 0.004 0.115 0.009 0.009 0.004 0.005 0.031 0.056 0.015 0.003 0.056 0.010 
 54 TMA-ZAIN-G-    (0)    1 :  0.006 0.008 0.010 0.003 0.005 0.011 0.009 0.003 0.006 0.010 0.004 0.006 0.007 0.908 0.004 
 55 TMA-ZAIN-G-    (0)    1 :  0.008 0.023 0.023 0.005 0.004 0.040 0.017 0.003 0.006 0.019 0.003 0.007 0.010 0.826 0.004 
 56 TMA-ZAIN-G-    (0)    1 :  0.009 0.025 0.065 0.005 0.006 0.202 0.074 0.019 0.025 0.031 0.396 0.053 0.016 0.049 0.025 
 57 TMA-ZAIN-G-    (0)    1 :  0.004 0.027 0.005 0.003 0.009 0.005 0.007 0.007 0.013 0.006 0.010 0.010 0.033 0.852 0.010 
 58 TMA-ZAIN-G-    (0)    1 :  0.185 0.408 0.191 0.006 0.044 0.015 0.042 0.007 0.011 0.008 0.014 0.007 0.017 0.041 0.003 
 59 TMA-ZAIN-G-    (0)    1 :  0.021 0.012 0.024 0.018 0.554 0.021 0.046 0.019 0.040 0.009 0.043 0.140 0.019 0.016 0.019 
 60 TMA-ZAIN-G-    (0)    1 :  0.008 0.123 0.070 0.009 0.504 0.016 0.022 0.007 0.009 0.129 0.045 0.025 0.005 0.021 0.006 
 61 TMA-ZAIN-G-    (0)    1 :  0.022 0.010 0.006 0.016 0.877 0.003 0.003 0.003 0.005 0.003 0.030 0.004 0.003 0.011 0.003 
 62 TMA-ZAIN-G-    (9)    1 :  0.009 0.021 0.059 0.027 0.680 0.035 0.010 0.006 0.059 0.005 0.003 0.021 0.033 0.011 0.020 
 63 TMA-ZAIN-G-    (0)    1 :  0.012 0.013 0.009 0.005 0.893 0.005 0.007 0.002 0.007 0.007 0.014 0.004 0.006 0.013 0.003 
 64 TMA-ZAIN-G-    (0)    1 :  0.002 0.002 0.003 0.002 0.002 0.005 0.004 0.940 0.006 0.005 0.003 0.007 0.005 0.003 0.009 
 65 TMA-ZAIN-G-    (9)    1 :  0.003 0.003 0.006 0.002 0.003 0.006 0.009 0.888 0.034 0.006 0.005 0.007 0.016 0.007 0.005 
 66 TMA-ZAIN-G-    (0)    1 :  0.003 0.003 0.004 0.003 0.003 0.008 0.008 0.878 0.020 0.005 0.005 0.031 0.012 0.004 0.015 
 67 TMA-ZAIN-G-    (0)    1 :  0.010 0.009 0.015 0.016 0.004 0.014 0.006 0.703 0.041 0.003 0.004 0.041 0.022 0.005 0.107 
 68 TMA-ZAIN-G-    (0)    1 :  0.002 0.003 0.003 0.002 0.002 0.006 0.009 0.941 0.005 0.006 0.004 0.004 0.004 0.004 0.004 
 69 TMA-ZAIN-G-    (0)    1 :  0.022 0.023 0.006 0.025 0.017 0.005 0.007 0.708 0.054 0.015 0.021 0.028 0.028 0.009 0.032 
 70 TMA-ZAIN-G-    (0)    1 :  0.004 0.004 0.004 0.003 0.003 0.007 0.004 0.012 0.010 0.005 0.004 0.060 0.008 0.003 0.868 
 71 TMA-ZAIN-G-    (0)    1 :  0.003 0.003 0.003 0.004 0.003 0.006 0.004 0.004 0.010 0.003 0.003 0.016 0.010 0.003 0.925 
 72 TMA-ZAIN-G-    (0)    1 :  0.004 0.004 0.006 0.003 0.003 0.008 0.006 0.011 0.013 0.007 0.004 0.009 0.006 0.006 0.909 
 73 TMA-ZAIN-G-    (0)    1 :  0.018 0.014 0.015 0.022 0.015 0.005 0.005 0.005 0.014 0.003 0.004 0.006 0.007 0.013 0.852 
 74 TMA-ZAIN-G-    (0)    1 :  0.005 0.006 0.004 0.005 0.004 0.005 0.006 0.004 0.012 0.003 0.003 0.007 0.009 0.005 0.921 
 75 TMA-ZAIN-G-    (0)    1 :  0.003 0.004 0.005 0.003 0.004 0.005 0.006 0.005 0.014 0.005 0.004 0.006 0.007 0.007 0.922 
 76 TMA-ZAIN-G-    (0)    1 :  0.008 0.007 0.004 0.018 0.004 0.004 0.004 0.005 0.009 0.003 0.003 0.012 0.007 0.003 0.909 
 77 TMA-ZAIN-G-    (0)    1 :  0.004 0.005 0.005 0.006 0.003 0.008 0.004 0.006 0.006 0.006 0.008 0.008 0.005 0.003 0.923 
 78 TMA-ZAIN-G-    (0)    1 :  0.008 0.011 0.007 0.010 0.005 0.005 0.006 0.004 0.013 0.004 0.009 0.012 0.008 0.006 0.892 
 79 TMA-ZAIN-G-    (0)    1 :  0.005 0.007 0.005 0.011 0.003 0.007 0.005 0.004 0.007 0.007 0.022 0.012 0.007 0.004 0.894 
 80 TMA-ZAIN-G-    (0)    1 :  0.003 0.004 0.006 0.006 0.003 0.017 0.010 0.021 0.040 0.004 0.006 0.020 0.108 0.010 0.743 
 81 TMA-ZAIN-G-    (0)    1 :  0.004 0.006 0.007 0.007 0.004 0.013 0.010 0.005 0.021 0.008 0.023 0.046 0.012 0.005 0.829 
 82 TMA-ZAIN-G-    (0)    1 :  0.003 0.005 0.007 0.003 0.005 0.007 0.015 0.188 0.489 0.007 0.008 0.143 0.039 0.014 0.067 
 83 TMA-ZAIN-G-    (9)    1 :  0.022 0.010 0.021 0.020 0.028 0.007 0.017 0.020 0.698 0.004 0.005 0.018 0.106 0.012 0.012 
 84 TMA-ZAIN-G-    (0)    1 :  0.006 0.007 0.006 0.023 0.003 0.012 0.007 0.005 0.016 0.006 0.010 0.043 0.015 0.004 0.835 
 85 TMA-ZAIN-G-    (0)    1 :  0.005 0.004 0.004 0.003 0.004 0.003 0.004 0.003 0.004 0.004 0.951 0.004 0.003 0.003 0.003 
 86 TMA-ZAIN-G-    (0)    1 :  0.004 0.003 0.005 0.006 0.003 0.008 0.008 0.005 0.010 0.003 0.914 0.011 0.009 0.005 0.006 
 87 TMA-ZAIN-G-    (0)    1 :  0.006 0.004 0.003 0.003 0.004 0.003 0.003 0.002 0.004 0.003 0.951 0.004 0.003 0.003 0.003 
 88 TMA-ZAIN-G-    (0)    1 :  0.008 0.007 0.009 0.008 0.165 0.011 0.012 0.033 0.087 0.016 0.422 0.029 0.099 0.061 0.031 
 89 TMA-ZAIN-G-    (0)    1 :  0.015 0.008 0.005 0.018 0.024 0.014 0.009 0.024 0.029 0.036 0.326 0.046 0.034 0.371 0.042 
 90 TMA-ZAIN-G-    (0)    1 :  0.004 0.007 0.005 0.004 0.014 0.005 0.005 0.012 0.030 0.004 0.844 0.005 0.021 0.035 0.004 
 91 TMA-ZAIN-G-    (0)    1 :  0.005 0.007 0.017 0.005 0.048 0.007 0.012 0.010 0.011 0.012 0.799 0.016 0.008 0.036 0.008 
 92 TMA-ZAIN-G-    (0)    1 :  0.028 0.032 0.026 0.029 0.008 0.009 0.008 0.006 0.009 0.013 0.499 0.013 0.005 0.304 0.009 
 93 TMA-ZAIN-G-    (0)    1 :  0.013 0.025 0.112 0.012 0.038 0.007 0.008 0.007 0.007 0.022 0.225 0.008 0.004 0.509 0.006 
 94 TMA-ZAIN-G-    (0)    1 :  0.011 0.009 0.013 0.005 0.101 0.003 0.005 0.005 0.005 0.006 0.762 0.006 0.003 0.061 0.005 
 95 TMA-ZAIN-G-    (0)    1 :  0.008 0.028 0.878 0.004 0.006 0.016 0.005 0.007 0.004 0.015 0.005 0.005 0.006 0.004 0.010 
 96 TMA-ZAIN-G-    (0)    1 :  0.008 0.069 0.764 0.005 0.005 0.091 0.006 0.004 0.006 0.015 0.008 0.004 0.008 0.004 0.003 
 97 TMA-ZAIN-G-    (0)    1 :  0.006 0.019 0.004 0.006 0.890 0.004 0.007 0.007 0.004 0.008 0.009 0.009 0.004 0.011 0.014 
 98 TMA-ZAIN-G-    (0)    1 :  0.004 0.005 0.003 0.004 0.917 0.004 0.007 0.005 0.004 0.006 0.007 0.009 0.003 0.010 0.013 
 99 TMA-ZAIN-G-    (0)    1 :  0.006 0.006 0.008 0.020 0.666 0.031 0.010 0.014 0.096 0.006 0.004 0.108 0.016 0.003 0.006 
100 TMA-ZAIN-G-    (0)    1 :  0.008 0.021 0.005 0.030 0.846 0.004 0.004 0.004 0.004 0.007 0.029 0.006 0.003 0.023 0.005 
101 TMA-ZAIN-G-    (0)    1 :  0.004 0.009 0.006 0.006 0.891 0.004 0.006 0.005 0.006 0.006 0.004 0.027 0.005 0.011 0.009 
102 TMA-ZAIN-G-    (0)    1 :  0.543 0.060 0.012 0.008 0.141 0.034 0.007 0.013 0.021 0.026 0.024 0.014 0.075 0.011 0.013 
103 TMA-ZAIN-G-    (0)    1 :  0.082 0.074 0.018 0.004 0.678 0.011 0.013 0.006 0.026 0.008 0.026 0.013 0.027 0.006 0.009 
104 TMA-ZAIN-G-    (0)    1 :  0.010 0.008 0.005 0.004 0.936 0.003 0.005 0.002 0.004 0.004 0.003 0.003 0.004 0.005 0.003 
105 TMA-ZAIN-G-    (0)    1 :  0.042 0.028 0.018 0.003 0.730 0.011 0.018 0.006 0.031 0.008 0.042 0.019 0.031 0.006 0.008 
106 TMA-ZAIN-G-    (0)    1 :  0.003 0.004 0.006 0.003 0.004 0.450 0.048 0.046 0.024 0.106 0.007 0.123 0.065 0.005 0.105 
107 TMA-ZAIN-G-    (0)    1 :  0.003 0.006 0.006 0.003 0.004 0.022 0.033 0.012 0.101 0.013 0.007 0.257 0.397 0.008 0.127 
108 TMA-ZAIN-G-    (9)    1 :  0.043 0.062 0.011 0.019 0.123 0.053 0.011 0.006 0.515 0.029 0.055 0.039 0.010 0.013 0.013 
109 TMA-ZAIN-G-    (0)    1 :  0.006 0.008 0.045 0.004 0.285 0.088 0.068 0.141 0.096 0.023 0.015 0.015 0.144 0.055 0.007 
110 TMA-ZAIN-G-    (0)    1 :  0.069 0.074 0.023 0.111 0.044 0.073 0.089 0.007 0.131 0.017 0.018 0.224 0.088 0.013 0.019 
111 TMA-ZAIN-G-    (9)    1 :  0.144 0.065 0.020 0.021 0.367 0.012 0.008 0.010 0.132 0.004 0.006 0.015 0.141 0.017 0.037 
112 TMA-ZAIN-G-    (0)    1 :  0.066 0.094 0.043 0.014 0.220 0.173 0.065 0.016 0.077 0.032 0.015 0.068 0.079 0.023 0.015 
113 TMA-ZAIN-G-    (0)    1 :  0.010 0.005 0.004 0.005 0.861 0.005 0.007 0.010 0.010 0.006 0.006 0.014 0.014 0.020 0.022 
114 TMA-ZAIN-G-    (0)    1 :  0.010 0.005 0.005 0.010 0.937 0.002 0.003 0.003 0.004 0.002 0.007 0.003 0.004 0.004 0.003 
115 TMA-ZAIN-G-    (0)    1 :  0.006 0.004 0.005 0.004 0.947 0.003 0.003 0.003 0.004 0.003 0.003 0.003 0.005 0.004 0.003 
116 TMA-ZAIN-G-    (0)    1 :  0.003 0.004 0.007 0.002 0.006 0.006 0.014 0.010 0.724 0.005 0.005 0.008 0.187 0.010 0.010 
117 TMA-ZAIN-G-    (0)    1 :  0.004 0.007 0.028 0.003 0.006 0.038 0.127 0.157 0.385 0.057 0.027 0.036 0.026 0.028 0.071 
118 TMA-ZAIN-G-    (0)    1 :  0.003 0.005 0.009 0.003 0.005 0.010 0.011 0.016 0.691 0.018 0.006 0.007 0.198 0.008 0.011 
119 TMA-ZAIN-G-    (0)    1 :  0.013 0.015 0.014 0.012 0.019 0.006 0.013 0.020 0.632 0.005 0.005 0.010 0.199 0.009 0.030 
120 TMA-ZAIN-G-    (0)    1 :  0.004 0.008 0.014 0.003 0.007 0.012 0.014 0.013 0.727 0.035 0.011 0.010 0.121 0.009 0.013 
121 TMA-ZAIN-G-    (0)    1 :  0.003 0.005 0.015 0.002 0.004 0.014 0.028 0.038 0.823 0.009 0.007 0.008 0.023 0.009 0.011 
122 TMA-ZAIN-G-    (0)    1 :  0.004 0.005 0.040 0.006 0.004 0.026 0.095 0.019 0.578 0.009 0.061 0.089 0.035 0.008 0.021 
123 TMA-ZAIN-G-    (0)    1 :  0.021 0.013 0.007 0.004 0.896 0.005 0.004 0.004 0.006 0.014 0.008 0.005 0.005 0.005 0.005 
124 TMA-ZAIN-G-    (0)    1 :  0.003 0.004 0.005 0.002 0.004 0.031 0.907 0.003 0.007 0.006 0.006 0.008 0.007 0.003 0.004 
125 TMA-ZAIN-G-    (0)    1 :  0.002 0.003 0.004 0.002 0.002 0.012 0.905 0.011 0.004 0.009 0.004 0.004 0.005 0.027 0.005 
126 TMA-ZAIN-G-    (0)    1 :  0.003 0.004 0.003 0.003 0.003 0.015 0.914 0.003 0.005 0.015 0.005 0.007 0.010 0.005 0.004 
127 TMA-ZAIN-G-    (0)    1 :  0.002 0.003 0.004 0.003 0.002 0.047 0.885 0.005 0.007 0.006 0.005 0.012 0.012 0.004 0.003 
128 TMA-ZAIN-G-    (0)    1 :  0.003 0.003 0.007 0.003 0.003 0.011 0.912 0.012 0.010 0.006 0.005 0.009 0.007 0.004 0.005 
129 TMA-ZAIN-G-    (0)    1 :  0.003 0.003 0.005 0.002 0.004 0.013 0.924 0.004 0.007 0.008 0.005 0.007 0.005 0.004 0.005 
130 TMA-ZAIN-G-    (0)    1 :  0.003 0.004 0.005 0.002 0.004 0.008 0.915 0.004 0.005 0.015 0.005 0.004 0.008 0.014 0.004 
131 TMA-ZAIN-G-    (0)    1 :  0.003 0.004 0.005 0.002 0.003 0.017 0.921 0.004 0.005 0.008 0.007 0.006 0.006 0.003 0.003 
132 TMA-ZAIN-G-    (0)    1 :  0.003 0.003 0.006 0.003 0.003 0.011 0.896 0.016 0.012 0.006 0.005 0.010 0.008 0.012 0.007 
133 TMA-ZAIN-G-    (0)    1 :  0.006 0.014 0.012 0.018 0.003 0.452 0.056 0.092 0.014 0.111 0.047 0.024 0.054 0.027 0.070 
134 TMA-ZAIN-G-    (0)    1 :  0.004 0.007 0.005 0.013 0.003 0.104 0.272 0.068 0.009 0.252 0.040 0.018 0.115 0.021 0.069 
135 TMA-ZAIN-G-    (0)    1 :  0.003 0.004 0.004 0.010 0.004 0.053 0.066 0.026 0.028 0.018 0.035 0.146 0.527 0.012 0.065 
136 TMA-ZAIN-G-    (0)    1 :  0.005 0.004 0.009 0.006 0.005 0.035 0.030 0.566 0.144 0.007 0.005 0.065 0.069 0.013 0.038 
137 TMA-ZAIN-G-    (0)    1 :  0.004 0.005 0.004 0.011 0.004 0.010 0.013 0.005 0.010 0.005 0.017 0.012 0.878 0.005 0.018 
138 TMA-ZAIN-G-    (0)    1 :  0.003 0.003 0.004 0.003 0.004 0.075 0.360 0.012 0.105 0.027 0.004 0.093 0.274 0.018 0.016 
139 TMA-ZAIN-G-    (0)    1 :  0.003 0.004 0.003 0.009 0.003 0.033 0.207 0.011 0.092 0.019 0.011 0.030 0.442 0.077 0.055 
140 TMA-ZAIN-G-    (0)    1 :  0.004 0.004 0.009 0.004 0.003 0.042 0.016 0.008 0.192 0.006 0.005 0.489 0.202 0.003 0.015 
141 TMA-ZAIN-G-    (0)    1 :  0.004 0.005 0.006 0.003 0.005 0.026 0.035 0.006 0.071 0.018 0.009 0.720 0.054 0.005 0.032 
142 TMA-ZAIN-G-    (9)    1 :  0.003 0.004 0.006 0.003 0.003 0.027 0.014 0.011 0.154 0.006 0.006 0.562 0.175 0.004 0.022 
143 TMA-ZAIN-G-    (0)    1 :  0.003 0.004 0.011 0.003 0.004 0.053 0.088 0.013 0.385 0.010 0.007 0.291 0.111 0.005 0.013 
144 TMA-ZAIN-G-    (0)    1 :  0.005 0.011 0.027 0.008 0.004 0.136 0.072 0.006 0.312 0.014 0.013 0.063 0.294 0.027 0.008 
145 TMA-ZAIN-G-    (0)    1 :  0.002 0.003 0.006 0.002 0.003 0.016 0.061 0.312 0.046 0.006 0.006 0.047 0.429 0.013 0.047 
146 TMA-ZAIN-G-    (0)    1 :  0.003 0.003 0.003 0.003 0.003 0.005 0.004 0.004 0.009 0.004 0.004 0.932 0.009 0.003 0.013 
147 TMA-ZAIN-G-    (9)    1 :  0.003 0.003 0.003 0.003 0.003 0.006 0.005 0.007 0.010 0.004 0.004 0.927 0.008 0.003 0.009 
148 TMA-ZAIN-G-    (0)    1 :  0.003 0.003 0.003 0.002 0.003 0.028 0.026 0.004 0.010 0.046 0.004 0.829 0.007 0.021 0.011 
149 TMA-ZAIN-G-    (0)    1 :  0.018 0.009 0.015 0.005 0.018 0.025 0.044 0.005 0.040 0.025 0.023 0.708 0.011 0.044 0.009 
150 TMA-ZAIN-G-    (0)    1 :  0.014 0.008 0.012 0.004 0.022 0.014 0.021 0.095 0.213 0.017 0.012 0.437 0.036 0.080 0.015 
151 TMA-ZAIN-G-    (0)    1 :  0.002 0.003 0.004 0.003 0.003 0.133 0.005 0.008 0.080 0.018 0.003 0.007 0.721 0.004 0.006 
152 TMA-ZAIN-G-    (0)    1 :  0.002 0.003 0.004 0.003 0.004 0.011 0.007 0.006 0.296 0.013 0.003 0.009 0.631 0.004 0.004 
153 TMA-ZAIN-G-    (0)    1 :  0.003 0.003 0.004 0.002 0.003 0.074 0.036 0.013 0.074 0.031 0.004 0.029 0.698 0.013 0.011 
154 TMA-ZAIN-G-    (0)    1 :  0.002 0.003 0.004 0.002 0.003 0.006 0.008 0.004 0.027 0.004 0.004 0.006 0.920 0.004 0.005 
155 TMA-ZAIN-G-    (0)    1 :  0.003 0.004 0.004 0.003 0.004 0.007 0.008 0.007 0.009 0.006 0.005 0.019 0.913 0.003 0.006 
156 TMA-ZAIN-G-    (9)    1 :  0.003 0.005 0.003 0.003 0.006 0.055 0.032 0.003 0.065 0.071 0.003 0.015 0.722 0.010 0.005 
157 TMA-ZAIN-G-    (0)    1 :  0.003 0.004 0.004 0.003 0.004 0.077 0.019 0.006 0.038 0.134 0.005 0.066 0.626 0.005 0.008 
158 TMA-ZAIN-G-    (0)    1 :  0.004 0.006 0.006 0.004 0.003 0.014 0.007 0.005 0.267 0.004 0.004 0.049 0.603 0.004 0.021 
159 TMA-ZAIN-G-    (0)    1 :  0.002 0.003 0.004 0.002 0.004 0.007 0.013 0.014 0.080 0.004 0.004 0.113 0.585 0.005 0.158 
160 TMA-ZAIN-G-    (0)    1 :  0.003 0.003 0.003 0.002 0.005 0.005 0.009 0.019 0.124 0.004 0.004 0.037 0.661 0.008 0.113 
161 TMA-ZAIN-G-    (0)    1 :  0.003 0.005 0.006 0.003 0.003 0.098 0.152 0.008 0.115 0.021 0.006 0.076 0.459 0.026 0.018 
162 TMA-ZAIN-G-    (0)    1 :  0.014 0.005 0.009 0.005 0.016 0.007 0.005 0.005 0.010 0.003 0.011 0.005 0.889 0.011 0.005 
163 TMA-ZAIN-G-    (0)    1 :  0.002 0.002 0.003 0.002 0.003 0.005 0.005 0.004 0.041 0.002 0.003 0.007 0.913 0.003 0.005 
164 TMA-ZAIN-G-    (0)    1 :  0.004 0.004 0.006 0.005 0.005 0.007 0.010 0.008 0.392 0.004 0.011 0.030 0.499 0.008 0.007 
165 TMA-ZAIN-G-    (0)    1 :  0.003 0.003 0.004 0.002 0.004 0.008 0.009 0.006 0.271 0.003 0.003 0.035 0.636 0.004 0.009 
166 TMA-ZAIN-G-    (0)    1 :  0.002 0.003 0.004 0.002 0.003 0.033 0.065 0.013 0.091 0.006 0.006 0.124 0.610 0.010 0.027 
167 TMA-ZAIN-G-    (0)    1 :  0.005 0.006 0.007 0.004 0.004 0.021 0.013 0.004 0.097 0.007 0.007 0.675 0.024 0.005 0.119 
168 TMA-ZAIN-G-    (0)    1 :  0.003 0.004 0.004 0.003 0.005 0.007 0.006 0.012 0.146 0.022 0.006 0.694 0.007 0.005 0.076 
169 TMA-ZAIN-G-    (0)    1 :  0.003 0.003 0.003 0.003 0.003 0.005 0.007 0.069 0.150 0.005 0.005 0.651 0.018 0.004 0.070 
170 TMA-ZAIN-G-    (0)    1 :  0.011 0.034 0.009 0.016 0.018 0.068 0.035 0.017 0.102 0.054 0.006 0.556 0.040 0.004 0.031 
171 TMA-ZAIN-G-    (0)    1 :  0.003 0.003 0.003 0.003 0.003 0.004 0.005 0.016 0.105 0.004 0.004 0.744 0.007 0.003 0.093 
172 TMA-ZAIN-G-    (0)    1 :  0.003 0.006 0.005 0.004 0.003 0.513 0.027 0.005 0.021 0.016 0.006 0.346 0.026 0.003 0.015 
173 TMA-ZAIN-G-    (0)    1 :  0.003 0.006 0.008 0.004 0.003 0.698 0.032 0.006 0.028 0.018 0.007 0.156 0.013 0.004 0.015 
174 TMA-ZAIN-G-    (0)    1 :  0.002 0.003 0.005 0.003 0.003 0.091 0.574 0.041 0.048 0.004 0.004 0.144 0.050 0.007 0.022 
175 TMA-ZAIN-G-    (0)    1 :  0.003 0.003 0.003 0.003 0.003 0.005 0.005 0.006 0.029 0.004 0.005 0.769 0.010 0.003 0.149 
176 TMA-ZAIN-G-    (0)    1 :  0.003 0.003 0.003 0.003 0.003 0.005 0.005 0.004 0.016 0.004 0.005 0.906 0.010 0.003 0.027 
177 TMA-ZAIN-G-    (0)    1 :  0.003 0.004 0.003 0.003 0.003 0.011 0.005 0.003 0.018 0.013 0.004 0.908 0.009 0.003 0.012 
178 TMA-ZAIN-G-    (0)    1 :  0.004 0.006 0.007 0.005 0.004 0.342 0.008 0.004 0.083 0.036 0.005 0.455 0.020 0.004 0.018 
179 TMA-ZAIN-G-    (0)    1 :  0.002 0.003 0.004 0.003 0.003 0.033 0.009 0.005 0.026 0.016 0.005 0.861 0.016 0.003 0.010 
180 TMA-ZAIN-G-    (0)    1 :  0.005 0.006 0.014 0.012 0.004 0.266 0.388 0.089 0.063 0.030 0.029 0.060 0.019 0.010 0.005 
181 TMA-ZAIN-G-    (0)    1 :  0.003 0.004 0.004 0.003 0.005 0.722 0.021 0.006 0.014 0.132 0.004 0.009 0.060 0.005 0.010 
182 TMA-ZAIN-G-    (0)    1 :  0.003 0.005 0.005 0.003 0.007 0.276 0.403 0.003 0.018 0.184 0.006 0.037 0.042 0.004 0.005 
183 TMA-ZAIN-G-    (0)    1 :  0.003 0.004 0.004 0.003 0.004 0.836 0.009 0.004 0.026 0.072 0.004 0.009 0.012 0.004 0.007 
184 TMA-ZAIN-G-    (0)    1 :  0.017 0.010 0.012 0.005 0.025 0.741 0.020 0.007 0.025 0.029 0.020 0.014 0.045 0.017 0.012 
185 TMA-ZAIN-G-    (0)    1 :  0.018 0.009 0.032 0.007 0.012 0.811 0.035 0.005 0.010 0.004 0.012 0.007 0.011 0.019 0.007 
186 TMA-ZAIN-G-    (9)    1 :  0.004 0.006 0.010 0.004 0.003 0.869 0.039 0.006 0.010 0.005 0.005 0.009 0.014 0.005 0.010 
187 TMA-ZAIN-G-    (0)    1 :  0.003 0.004 0.005 0.003 0.004 0.836 0.014 0.012 0.007 0.016 0.004 0.013 0.040 0.003 0.036 
188 TMA-ZAIN-G-    (0)    1 :  0.003 0.003 0.005 0.002 0.003 0.857 0.019 0.021 0.015 0.006 0.003 0.007 0.019 0.004 0.033 
189 TMA-ZAIN-G-    (0)    1 :  0.002 0.003 0.003 0.003 0.002 0.931 0.014 0.006 0.005 0.007 0.003 0.007 0.006 0.002 0.004 
190 TMA-ZAIN-G-    (0)    1 :  0.003 0.005 0.006 0.003 0.003 0.815 0.009 0.018 0.038 0.026 0.004 0.036 0.006 0.005 0.023 
191 TMA-ZAIN-G-    (0)    1 :  0.015 0.007 0.008 0.007 0.010 0.885 0.006 0.005 0.006 0.004 0.014 0.011 0.007 0.008 0.007 
192 TMA-ZAIN-G-    (0)    1 :  0.004 0.007 0.003 0.017 0.003 0.881 0.016 0.004 0.005 0.015 0.014 0.007 0.010 0.004 0.011 
193 TMA-ZAIN-G-    (0)    1 :  0.002 0.003 0.003 0.002 0.003 0.005 0.004 0.004 0.003 0.955 0.003 0.003 0.003 0.004 0.003 
194 TMA-ZAIN-G-    (0)    1 :  0.005 0.011 0.021 0.008 0.002 0.073 0.033 0.011 0.007 0.790 0.005 0.008 0.004 0.015 0.006 
195 TMA-ZAIN-G-    (0)    1 :  0.002 0.008 0.005 0.003 0.003 0.079 0.031 0.034 0.019 0.743 0.004 0.033 0.005 0.006 0.025 
196 TMA-ZAIN-G-    (0)    1 :  0.002 0.004 0.007 0.003 0.003 0.016 0.010 0.014 0.008 0.903 0.004 0.007 0.007 0.006 0.005 
197 TMA-ZAIN-G-    (0)    1 :  0.003 0.003 0.005 0.002 0.003 0.012 0.011 0.010 0.008 0.903 0.008 0.010 0.007 0.005 0.009 
198 TMA-ZAIN-G-    (0)    1 :  0.002 0.003 0.003 0.004 0.003 0.017 0.008 0.007 0.008 0.906 0.004 0.013 0.010 0.004 0.008 
199 TMA-ZAIN-G-    (0)    1 :  0.004 0.005 0.008 0.004 0.003 0.881 0.037 0.005 0.009 0.005 0.004 0.008 0.013 0.006 0.008 
200 TMA-ZAIN-G-    (0)    1 :  0.040 0.035 0.020 0.777 0.030 0.005 0.004 0.006 0.007 0.049 0.006 0.005 0.003 0.009 0.005 
201 TMA-ZAIN-G-    (0)    1 :  0.040 0.021 0.026 0.794 0.008 0.007 0.012 0.016 0.016 0.006 0.010 0.016 0.007 0.007 0.015 
202 TMA-ZAIN-G-    (0)    1 :  0.004 0.007 0.004 0.928 0.008 0.006 0.005 0.002 0.004 0.015 0.003 0.005 0.005 0.002 0.003 
203 TMA-ZAIN-G-    (0)    1 :  0.003 0.004 0.004 0.002 0.019 0.025 0.061 0.004 0.026 0.777 0.005 0.028 0.028 0.004 0.009 
204 TMA-ZAIN-G-    (9)    1 :  0.021 0.050 0.008 0.751 0.014 0.004 0.004 0.005 0.003 0.004 0.102 0.006 0.003 0.017 0.007 
205 TMA-ZAIN-G-    (0)    1 :  0.005 0.026 0.005 0.789 0.006 0.006 0.009 0.005 0.028 0.008 0.009 0.009 0.079 0.008 0.008 
206 TMA-ZAIN-G-    (9)    1 :  0.013 0.019 0.018 0.618 0.026 0.015 0.013 0.006 0.020 0.020 0.170 0.026 0.011 0.016 0.009 
207 TMA-ZAIN-G-    (9)    1 :  0.011 0.020 0.052 0.003 0.008 0.017 0.013 0.030 0.640 0.007 0.048 0.009 0.090 0.041 0.012 
208 TMA-ZAIN-G-    (0)    1 :  0.003 0.003 0.008 0.004 0.003 0.020 0.006 0.037 0.667 0.003 0.002 0.173 0.051 0.004 0.016 
209 TMA-ZAIN-G-    (0)    1 :  0.003 0.004 0.004 0.003 0.003 0.085 0.256 0.018 0.035 0.223 0.008 0.144 0.077 0.056 0.083 
210 TMA-ZAIN-G-    (0)    1 :  0.003 0.004 0.010 0.002 0.004 0.105 0.077 0.098 0.019 0.349 0.014 0.165 0.076 0.015 0.058 
211 TMA-ZAIN-G-    (0)    1 :  0.016 0.021 0.016 0.021 0.009 0.110 0.474 0.021 0.027 0.056 0.008 0.133 0.032 0.010 0.047 
212 TMA-ZAIN-G-    (0)    1 :  0.003 0.004 0.011 0.007 0.003 0.260 0.045 0.014 0.073 0.021 0.014 0.493 0.042 0.006 0.005 
213 TMA-ZAIN-G-    (0)    1 :  0.004 0.005 0.005 0.004 0.003 0.304 0.040 0.007 0.021 0.027 0.004 0.303 0.235 0.009 0.029 
214 TMA-ZAIN-G-    (0)    1 :  0.004 0.005 0.005 0.004 0.003 0.242 0.200 0.053 0.025 0.033 0.005 0.086 0.233 0.009 0.094 
215 TMA-ZAIN-G-    (0)    1 :  0.007 0.241 0.004 0.010 0.003 0.366 0.013 0.004 0.124 0.004 0.003 0.132 0.037 0.002 0.049 
216 TMA-ZAIN-G-    (0)    1 :  0.005 0.006 0.007 0.004 0.003 0.744 0.091 0.006 0.020 0.015 0.006 0.038 0.030 0.011 0.014 
217 TMA-ZAIN-G-    (0)    1 :  0.003 0.004 0.003 0.003 0.003 0.059 0.215 0.146 0.021 0.059 0.007 0.260 0.084 0.007 0.126 
218 TMA-ZAIN-G-    (0)    1 :  0.003 0.914 0.013 0.003 0.006 0.006 0.009 0.009 0.007 0.003 0.004 0.006 0.006 0.006 0.004 
219 TMA-ZAIN-G-    (0)    1 :  0.004 0.920 0.007 0.010 0.004 0.004 0.007 0.003 0.004 0.003 0.013 0.003 0.004 0.008 0.004 
220 TMA-ZAIN-G-    (0)    1 :  0.007 0.726 0.061 0.002 0.024 0.007 0.006 0.013 0.105 0.005 0.010 0.007 0.014 0.006 0.006 
221 TMA-ZAIN-G-    (0)    1 :  0.005 0.863 0.010 0.026 0.004 0.019 0.014 0.005 0.008 0.006 0.011 0.011 0.008 0.005 0.006 
222 TMA-ZAIN-G-    (0)    1 :  0.005 0.871 0.005 0.005 0.015 0.006 0.012 0.009 0.014 0.005 0.019 0.008 0.011 0.008 0.007 
223 TMA-ZAIN-G-    (0)    1 :  0.007 0.911 0.017 0.006 0.006 0.005 0.005 0.004 0.006 0.003 0.012 0.005 0.004 0.005 0.004 
224 TMA-ZAIN-G-    (0)    1 :  0.011 0.783 0.012 0.005 0.009 0.012 0.029 0.005 0.005 0.007 0.098 0.007 0.006 0.006 0.005 
225 TMA-ZAIN-G-    (0)    1 :  0.006 0.924 0.009 0.007 0.008 0.006 0.004 0.002 0.004 0.010 0.005 0.004 0.003 0.003 0.003 
226 TMA-ZAIN-G-    (0)    1 :  0.007 0.876 0.010 0.006 0.011 0.011 0.005 0.005 0.009 0.021 0.009 0.009 0.008 0.005 0.007 
227 TMA-ZAIN-G-    (0)    1 :  0.006 0.875 0.007 0.020 0.011 0.012 0.005 0.004 0.008 0.017 0.006 0.011 0.008 0.004 0.008 
228 TMA-ZAIN-G-    (0)    1 :  0.028 0.808 0.016 0.005 0.012 0.010 0.008 0.008 0.016 0.007 0.016 0.021 0.011 0.005 0.029 
229 TMA-ZAIN-G-    (0)    1 :  0.015 0.909 0.008 0.012 0.015 0.003 0.003 0.008 0.004 0.003 0.007 0.005 0.003 0.005 0.003 
230 TMA-ZAIN-G-    (0)    1 :  0.013 0.490 0.010 0.003 0.029 0.018 0.055 0.015 0.010 0.013 0.252 0.043 0.006 0.014 0.029 
231 TMA-ZAIN-G-    (0)    1 :  0.451 0.220 0.013 0.022 0.063 0.010 0.013 0.013 0.026 0.011 0.060 0.022 0.032 0.017 0.026 
232 TMA-ZAIN-G-    (9)    1 :  0.519 0.140 0.004 0.016 0.141 0.019 0.038 0.042 0.011 0.008 0.019 0.011 0.012 0.012 0.009 
233 TMA-ZAIN-G-    (0)    1 :  0.008 0.774 0.019 0.019 0.005 0.010 0.021 0.043 0.008 0.007 0.021 0.016 0.012 0.009 0.028 
234 TMA-ZAIN-G-    (0)    1 :  0.031 0.671 0.007 0.027 0.173 0.004 0.004 0.006 0.011 0.011 0.006 0.005 0.008 0.030 0.005 
235 TMA-ZAIN-G-    (0)    1 :  0.020 0.561 0.030 0.013 0.145 0.071 0.004 0.005 0.015 0.021 0.037 0.007 0.012 0.008 0.052 
236 TMA-ZAIN-G-    (0)    1 :  0.012 0.787 0.006 0.024 0.027 0.010 0.008 0.007 0.014 0.021 0.041 0.015 0.012 0.004 0.012 
237 TMA-ZAIN-G-    (0)    1 :  0.012 0.397 0.013 0.005 0.114 0.016 0.023 0.009 0.020 0.007 0.095 0.133 0.019 0.004 0.133 
238 TMA-ZAIN-G-    (0)    1 :  0.013 0.771 0.007 0.019 0.029 0.018 0.019 0.004 0.023 0.006 0.006 0.025 0.033 0.003 0.025 
239 TMA-ZAIN-G-    (0)    1 :  0.016 0.025 0.003 0.662 0.010 0.026 0.005 0.008 0.022 0.046 0.108 0.003 0.002 0.060 0.003 
240 TMA-ZAIN-G-    (0)    1 :  0.004 0.005 0.002 0.956 0.003 0.002 0.003 0.002 0.002 0.003 0.004 0.003 0.002 0.004 0.003 
241 TMA-ZAIN-G-    (0)    1 :  0.004 0.003 0.002 0.955 0.003 0.003 0.002 0.003 0.003 0.003 0.003 0.005 0.003 0.003 0.005 
242 TMA-ZAIN-G-    (0)    1 :  0.004 0.004 0.003 0.958 0.003 0.003 0.002 0.003 0.004 0.002 0.003 0.003 0.003 0.003 0.004 
243 TMA-ZAIN-G-    (0)    1 :  0.003 0.003 0.002 0.956 0.002 0.003 0.003 0.003 0.003 0.003 0.003 0.004 0.004 0.003 0.004 
244 TMA-ZAIN-G-    (0)    1 :  0.003 0.003 0.003 0.950 0.003 0.003 0.002 0.004 0.005 0.002 0.002 0.005 0.006 0.003 0.005 
245 TMA-ZAIN-G-    (9)    1 :  0.004 0.004 0.002 0.961 0.003 0.003 0.002 0.002 0.002 0.003 0.003 0.003 0.003 0.003 0.003 
246 TMA-ZAIN-G-    (0)    1 :  0.003 0.004 0.003 0.962 0.002 0.003 0.002 0.002 0.003 0.002 0.003 0.002 0.002 0.003 0.003 
247 TMA-ZAIN-G-    (0)    1 :  0.003 0.003 0.003 0.966 0.002 0.003 0.002 0.003 0.002 0.002 0.002 0.003 0.002 0.003 0.002 
248 TMA-ZAIN-G-    (0)    1 :  0.004 0.004 0.003 0.952 0.003 0.004 0.003 0.003 0.004 0.005 0.003 0.004 0.003 0.003 0.004 
249 TMA-ZAIN-G-    (0)    1 :  0.003 0.003 0.003 0.961 0.002 0.003 0.002 0.002 0.003 0.004 0.003 0.003 0.002 0.003 0.002 
250 TMA-ZAIN-G-    (0)    1 :  0.003 0.004 0.003 0.961 0.002 0.003 0.002 0.003 0.002 0.003 0.003 0.003 0.002 0.003 0.003 
251 TMA-ZAIN-G-    (0)    1 :  0.003 0.004 0.005 0.002 0.005 0.004 0.006 0.004 0.005 0.005 0.008 0.003 0.004 0.938 0.003 
252 TMA-ZAIN-G-    (0)    1 :  0.002 0.006 0.003 0.004 0.003 0.006 0.004 0.017 0.037 0.004 0.004 0.026 0.009 0.852 0.024 
253 TMA-ZAIN-G-    (0)    1 :  0.003 0.003 0.003 0.005 0.004 0.004 0.005 0.005 0.008 0.004 0.004 0.004 0.009 0.937 0.003 
254 TMA-ZAIN-G-    (9)    1 :  0.003 0.004 0.005 0.004 0.007 0.006 0.014 0.009 0.027 0.005 0.006 0.010 0.018 0.875 0.007 
