

----------------------------------------------------
STRUCTURE by Pritchard, Stephens and Donnelly (2000)
     and Falush, Stephens and Pritchard (2003)
       Code by Pritchard, Falush and Hubisz
             Version 2.3.4 (Jul 2012)
----------------------------------------------------



Command line arguments:   bin\structure -m C:\Users\eschumacher\Documents\GitHub\GCC_QUAC_ZAIN\Data_Files\Structure_Files\ZAIN\ZAIN_rebinned_allpop_str\50-50\mainparams -e C:\Users\eschumacher\Documents\GitHub\GCC_QUAC_ZAIN\Data_Files\Structure_Files\ZAIN\ZAIN_rebinned_allpop_str\50-50\extraparams 
Input File:    C:\Users\eschumacher\Documents\GitHub\GCC_QUAC_ZAIN\Data_Files\Structure_Files\ZAIN\ZAIN_rebinned_allpop_str\project_data

Run parameters:
   1133 individuals
   11 loci
   14 populations assumed
   50000 Burn-in period
   50000 Reps


--------------------------------------------
Proportion of membership of each pre-defined
 population in each of the 14 clusters

Given    Inferred Clusters                                                                                    Number of
 Pop       1      2      3      4      5      6      7      8      9     10     11     12     13     14      Individuals

  1:     0.085  0.069  0.098  0.085  0.074  0.063  0.034  0.046  0.056  0.074  0.066  0.044  0.063  0.143      303
  2:     0.099  0.082  0.100  0.061  0.162  0.125  0.027  0.015  0.035  0.101  0.030  0.022  0.038  0.103       15
  3:     0.094  0.013  0.319  0.015  0.005  0.049  0.009  0.251  0.012  0.014  0.017  0.019  0.099  0.085        2
  4:     0.062  0.053  0.219  0.069  0.024  0.235  0.021  0.007  0.047  0.129  0.058  0.019  0.014  0.042        2
  5:     0.018  0.118  0.329  0.043  0.012  0.038  0.053  0.171  0.059  0.048  0.025  0.020  0.040  0.026        7
  6:     0.009  0.010  0.010  0.015  0.006  0.025  0.007  0.077  0.061  0.104  0.005  0.038  0.008  0.624       13
  7:     0.006  0.007  0.013  0.014  0.004  0.007  0.004  0.005  0.007  0.006  0.005  0.010  0.005  0.906       13
  8:     0.035  0.108  0.019  0.010  0.009  0.037  0.062  0.045  0.124  0.042  0.437  0.026  0.033  0.013        7
  9:     0.053  0.077  0.050  0.040  0.008  0.299  0.019  0.046  0.070  0.232  0.036  0.019  0.034  0.016       11
 10:     0.030  0.054  0.131  0.083  0.015  0.083  0.020  0.014  0.086  0.042  0.364  0.013  0.047  0.017        9
 11:     0.011  0.010  0.012  0.863  0.005  0.010  0.005  0.005  0.006  0.007  0.013  0.013  0.009  0.033       35
 12:     0.256  0.116  0.007  0.007  0.017  0.190  0.022  0.013  0.053  0.078  0.130  0.017  0.090  0.005       36
 13:     0.221  0.248  0.009  0.005  0.008  0.236  0.025  0.022  0.016  0.041  0.064  0.009  0.093  0.005       33
 14:     0.011  0.016  0.006  0.008  0.838  0.015  0.010  0.009  0.011  0.006  0.007  0.038  0.007  0.018       40
 15:     0.010  0.007  0.005  0.004  0.006  0.008  0.007  0.885  0.019  0.025  0.007  0.006  0.007  0.004       39
 16:     0.026  0.037  0.520  0.188  0.022  0.026  0.023  0.011  0.013  0.020  0.025  0.015  0.022  0.052       40
 17:     0.016  0.011  0.655  0.067  0.021  0.011  0.016  0.011  0.011  0.009  0.008  0.048  0.010  0.106       37
 18:     0.086  0.135  0.004  0.005  0.006  0.101  0.020  0.012  0.030  0.040  0.520  0.008  0.028  0.003       40
 19:     0.007  0.007  0.007  0.882  0.005  0.006  0.003  0.014  0.006  0.006  0.005  0.040  0.004  0.008       28
 20:     0.007  0.006  0.004  0.004  0.014  0.008  0.006  0.005  0.007  0.005  0.005  0.919  0.005  0.005       14
 21:     0.013  0.007  0.018  0.009  0.007  0.013  0.005  0.035  0.008  0.013  0.007  0.020  0.007  0.838       13
 22:     0.007  0.007  0.004  0.004  0.008  0.008  0.005  0.014  0.909  0.013  0.008  0.005  0.005  0.003       14
 23:     0.039  0.024  0.004  0.004  0.006  0.110  0.020  0.008  0.028  0.011  0.018  0.007  0.716  0.004       25
 24:     0.010  0.015  0.005  0.006  0.008  0.016  0.883  0.006  0.009  0.008  0.012  0.006  0.010  0.005       40
 25:     0.030  0.023  0.019  0.033  0.672  0.027  0.009  0.017  0.055  0.029  0.024  0.039  0.014  0.010       32
 26:     0.007  0.006  0.005  0.003  0.005  0.007  0.006  0.004  0.003  0.006  0.004  0.005  0.006  0.931       20
 27:     0.010  0.014  0.202  0.670  0.007  0.009  0.006  0.004  0.019  0.008  0.021  0.016  0.008  0.007        4
 28:     0.014  0.044  0.019  0.754  0.010  0.020  0.012  0.005  0.010  0.014  0.048  0.012  0.016  0.021       23
 29:     0.006  0.007  0.015  0.909  0.009  0.006  0.005  0.007  0.007  0.006  0.007  0.007  0.005  0.007       39
 30:     0.008  0.007  0.010  0.055  0.006  0.007  0.005  0.004  0.006  0.005  0.006  0.024  0.006  0.850       38
 31:     0.048  0.034  0.007  0.005  0.010  0.054  0.046  0.150  0.079  0.506  0.028  0.008  0.021  0.005       45
 32:     0.152  0.089  0.008  0.005  0.012  0.118  0.018  0.125  0.072  0.250  0.055  0.016  0.073  0.007       28
 33:     0.004  0.005  0.021  0.909  0.007  0.007  0.005  0.008  0.006  0.004  0.005  0.006  0.004  0.009        6
 34:     0.011  0.025  0.769  0.031  0.010  0.019  0.036  0.011  0.020  0.021  0.009  0.020  0.009  0.008       40
 35:     0.014  0.007  0.773  0.022  0.010  0.010  0.012  0.011  0.011  0.018  0.007  0.019  0.010  0.076       42
--------------------------------------------

Allele-freq. divergence among pops (Net nucleotide distance),
computed using point estimates of P.

      1       2       3       4       5       6       7       8       9      10      11      12      13      14      
 1      -    0.0609  0.1856  0.2652  0.2804  0.0302  0.1768  0.2467  0.1203  0.0927  0.0662  0.2037  0.0710  0.3151  
 2   0.0609     -    0.1625  0.2278  0.2116  0.0327  0.1088  0.2616  0.0918  0.1002  0.0457  0.2008  0.0910  0.3183  
 3   0.1856  0.1625     -    0.1007  0.1579  0.1581  0.2355  0.1981  0.1549  0.1380  0.2279  0.1454  0.1909  0.1308  
 4   0.2652  0.2278  0.1007     -    0.1844  0.2532  0.3625  0.2935  0.2519  0.2767  0.2769  0.2264  0.2765  0.1566  
 5   0.2804  0.2116  0.1579  0.1844     -    0.2338  0.2300  0.2091  0.1885  0.2263  0.2958  0.2072  0.2483  0.2787  
 6   0.0302  0.0327  0.1581  0.2532  0.2338     -    0.1067  0.2389  0.0828  0.0644  0.0682  0.1736  0.0755  0.2857  
 7   0.1768  0.1088  0.2355  0.3625  0.2300  0.1067     -    0.2943  0.1642  0.1490  0.1717  0.2867  0.1252  0.3806  
 8   0.2467  0.2616  0.1981  0.2935  0.2091  0.2389  0.2943     -    0.1769  0.1434  0.3092  0.2478  0.2562  0.3722  
 9   0.1203  0.0918  0.1549  0.2519  0.1885  0.0828  0.1642  0.1769     -    0.0640  0.1139  0.1863  0.1660  0.3516  
10   0.0927  0.1002  0.1380  0.2767  0.2263  0.0644  0.1490  0.1434  0.0640     -    0.1035  0.2104  0.1307  0.2977  
11   0.0662  0.0457  0.2279  0.2769  0.2958  0.0682  0.1717  0.3092  0.1139  0.1035     -    0.2821  0.1215  0.3836  
12   0.2037  0.2008  0.1454  0.2264  0.2072  0.1736  0.2867  0.2478  0.1863  0.2104  0.2821     -    0.2206  0.2360  
13   0.0710  0.0910  0.1909  0.2765  0.2483  0.0755  0.1252  0.2562  0.1660  0.1307  0.1215  0.2206     -    0.3078  
14   0.3151  0.3183  0.1308  0.1566  0.2787  0.2857  0.3806  0.3722  0.3516  0.2977  0.3836  0.2360  0.3078     -    

Average distances (expected heterozygosity) between individuals in same cluster:
cluster  1  : 0.3233 
cluster  2  : 0.3931 
cluster  3  : 0.5462 
cluster  4  : 0.4667 
cluster  5  : 0.3703 
cluster  6  : 0.4026 
cluster  7  : 0.3516 
cluster  8  : 0.2289 
cluster  9  : 0.3536 
cluster 10  : 0.4324 
cluster 11  : 0.3220 
cluster 12  : 0.2557 
cluster 13  : 0.3892 
cluster 14  : 0.4070 

--------------------------------------------
Estimated Ln Prob of Data   = -21027.6
Mean value of ln likelihood = -20127.2
Variance of ln likelihood   = 1800.9
Mean value of alpha         = 0.0357

Mean value of Fst_1         = 0.3642
Mean value of Fst_2         = 0.3453
Mean value of Fst_3         = 0.1723
Mean value of Fst_4         = 0.3989
Mean value of Fst_5         = 0.4612
Mean value of Fst_6         = 0.2990
Mean value of Fst_7         = 0.4160
Mean value of Fst_8         = 0.6132
Mean value of Fst_9         = 0.5051
Mean value of Fst_10         = 0.3072
Mean value of Fst_11         = 0.4430
Mean value of Fst_12         = 0.6075
Mean value of Fst_13         = 0.3889
Mean value of Fst_14         = 0.4490


Inferred ancestry of individuals:
        Label (%Miss) Pop:  Inferred clusters
  1 TMA-ZAIN-G-    (9)    1 :  0.007 0.097 0.050 0.669 0.009 0.038 0.007 0.039 0.011 0.043 0.007 0.008 0.006 0.008 
  2 TMA-ZAIN-G-    (0)    1 :  0.040 0.055 0.009 0.635 0.028 0.043 0.004 0.008 0.005 0.008 0.012 0.017 0.129 0.008 
  3 TMA-ZAIN-G-    (0)    1 :  0.023 0.660 0.005 0.005 0.007 0.060 0.050 0.019 0.065 0.030 0.054 0.007 0.012 0.003 
  4 TMA-ZAIN-G-    (0)    1 :  0.037 0.142 0.005 0.009 0.016 0.035 0.034 0.017 0.015 0.008 0.091 0.573 0.014 0.004 
  5 TMA-ZAIN-G-    (0)    1 :  0.003 0.004 0.005 0.954 0.006 0.003 0.002 0.002 0.003 0.002 0.004 0.005 0.002 0.005 
  6 TMA-ZAIN-G-    (0)    1 :  0.008 0.510 0.055 0.026 0.015 0.121 0.052 0.013 0.080 0.019 0.013 0.033 0.018 0.036 
  7 TMA-ZAIN-G-    (0)    1 :  0.120 0.101 0.011 0.010 0.011 0.352 0.008 0.038 0.184 0.025 0.029 0.083 0.021 0.006 
  8 TMA-ZAIN-G-    (0)    1 :  0.010 0.020 0.003 0.004 0.008 0.010 0.008 0.004 0.898 0.007 0.012 0.004 0.009 0.002 
  9 TMA-ZAIN-G-    (9)    1 :  0.193 0.222 0.009 0.006 0.004 0.367 0.019 0.007 0.016 0.068 0.032 0.008 0.042 0.005 
 10 TMA-ZAIN-G-    (0)    1 :  0.264 0.107 0.008 0.003 0.010 0.292 0.031 0.013 0.046 0.157 0.025 0.011 0.028 0.004 
 11 TMA-ZAIN-G-    (0)    1 :  0.270 0.020 0.006 0.005 0.006 0.554 0.005 0.008 0.013 0.077 0.007 0.015 0.011 0.005 
 12 TMA-ZAIN-G-    (0)    1 :  0.068 0.289 0.007 0.006 0.005 0.046 0.005 0.026 0.016 0.038 0.479 0.005 0.007 0.003 
 13 TMA-ZAIN-G-    (9)    1 :  0.176 0.012 0.025 0.039 0.019 0.155 0.014 0.107 0.042 0.103 0.043 0.017 0.182 0.065 
 14 TMA-ZAIN-G-    (9)    1 :  0.026 0.011 0.010 0.003 0.007 0.019 0.007 0.800 0.008 0.065 0.009 0.005 0.018 0.012 
 15 TMA-ZAIN-G-    (0)    1 :  0.005 0.144 0.005 0.003 0.007 0.051 0.008 0.620 0.009 0.132 0.006 0.003 0.005 0.002 
 16 TMA-ZAIN-G-    (0)    1 :  0.479 0.150 0.005 0.004 0.003 0.102 0.005 0.005 0.007 0.015 0.206 0.005 0.009 0.004 
 17 TMA-ZAIN-G-    (9)    1 :  0.013 0.012 0.018 0.010 0.020 0.008 0.007 0.014 0.079 0.683 0.010 0.110 0.005 0.010 
 18 TMA-ZAIN-G-    (0)    1 :  0.006 0.010 0.098 0.754 0.042 0.005 0.007 0.014 0.016 0.010 0.016 0.013 0.004 0.006 
 19 TMA-ZAIN-G-    (0)    1 :  0.023 0.014 0.756 0.015 0.004 0.019 0.005 0.013 0.051 0.019 0.020 0.032 0.008 0.020 
 20 TMA-ZAIN-G-    (0)    1 :  0.004 0.004 0.810 0.038 0.028 0.004 0.004 0.004 0.003 0.003 0.003 0.008 0.005 0.083 
 21 TMA-ZAIN-G-    (0)    1 :  0.004 0.005 0.005 0.003 0.005 0.006 0.005 0.002 0.004 0.005 0.004 0.005 0.003 0.943 
 22 TMA-ZAIN-G-    (0)    1 :  0.003 0.004 0.013 0.053 0.007 0.003 0.002 0.003 0.004 0.003 0.003 0.009 0.003 0.890 
 23 TMA-ZAIN-G-    (0)    1 :  0.008 0.006 0.039 0.019 0.004 0.007 0.004 0.006 0.010 0.008 0.007 0.010 0.005 0.867 
 24 TMA-ZAIN-G-    (9)    1 :  0.007 0.005 0.004 0.007 0.006 0.011 0.090 0.016 0.003 0.017 0.007 0.003 0.181 0.642 
 25 TMA-ZAIN-G-    (9)    1 :  0.008 0.167 0.548 0.093 0.005 0.083 0.005 0.003 0.003 0.008 0.006 0.004 0.046 0.022 
 26 TMA-ZAIN-G-    (9)    1 :  0.032 0.165 0.007 0.006 0.479 0.152 0.008 0.009 0.012 0.041 0.008 0.010 0.050 0.022 
 27 TMA-ZAIN-G-    (0)    1 :  0.013 0.012 0.693 0.101 0.018 0.017 0.012 0.060 0.011 0.022 0.004 0.020 0.004 0.013 
 28 TMA-ZAIN-G-    (0)    1 :  0.008 0.013 0.888 0.011 0.007 0.009 0.007 0.012 0.016 0.007 0.007 0.006 0.005 0.004 
 29 TMA-ZAIN-G-    (0)    1 :  0.004 0.004 0.240 0.003 0.017 0.004 0.694 0.005 0.004 0.006 0.004 0.004 0.006 0.004 
 30 TMA-ZAIN-G-    (0)    1 :  0.041 0.040 0.320 0.004 0.006 0.064 0.040 0.055 0.018 0.282 0.030 0.008 0.086 0.005 
 31 TMA-ZAIN-G-    (0)    1 :  0.006 0.005 0.009 0.840 0.061 0.007 0.007 0.006 0.006 0.004 0.004 0.021 0.010 0.013 
 32 TMA-ZAIN-G-    (9)    1 :  0.013 0.319 0.037 0.374 0.007 0.060 0.003 0.009 0.007 0.034 0.038 0.006 0.007 0.087 
 33 TMA-ZAIN-G-   (18)    1 :  0.013 0.559 0.005 0.004 0.004 0.307 0.008 0.005 0.021 0.020 0.042 0.004 0.005 0.003 
 34 TMA-ZAIN-G-    (0)    1 :  0.013 0.676 0.010 0.076 0.006 0.108 0.005 0.005 0.007 0.009 0.051 0.005 0.010 0.020 
 35 TMA-ZAIN-G-    (9)    1 :  0.007 0.737 0.005 0.006 0.006 0.159 0.013 0.010 0.007 0.015 0.014 0.006 0.010 0.003 
 36 TMA-ZAIN-G-    (0)    1 :  0.028 0.195 0.005 0.004 0.015 0.180 0.011 0.104 0.049 0.152 0.013 0.008 0.234 0.003 
 37 TMA-ZAIN-G-    (9)    1 :  0.006 0.585 0.004 0.004 0.005 0.341 0.006 0.004 0.011 0.006 0.007 0.010 0.007 0.004 
 38 TMA-ZAIN-G-   (18)    1 :  0.012 0.271 0.030 0.455 0.008 0.094 0.006 0.023 0.005 0.030 0.009 0.015 0.009 0.033 
 39 TMA-ZAIN-G-    (0)    1 :  0.060 0.067 0.005 0.003 0.008 0.085 0.013 0.004 0.017 0.048 0.068 0.008 0.608 0.005 
 40 TMA-ZAIN-G-    (0)    1 :  0.032 0.101 0.004 0.003 0.005 0.133 0.006 0.004 0.011 0.462 0.129 0.015 0.089 0.005 
 41 TMA-ZAIN-G-    (0)    1 :  0.020 0.036 0.004 0.003 0.005 0.031 0.007 0.023 0.027 0.649 0.026 0.003 0.164 0.003 
 42 TMA-ZAIN-G-    (9)    1 :  0.006 0.007 0.004 0.003 0.015 0.007 0.008 0.088 0.049 0.789 0.008 0.005 0.009 0.002 
 43 TMA-ZAIN-G-    (0)    1 :  0.006 0.004 0.003 0.003 0.005 0.004 0.013 0.918 0.019 0.011 0.003 0.004 0.004 0.003 
 44 TMA-ZAIN-G-    (0)    1 :  0.059 0.013 0.006 0.005 0.004 0.072 0.007 0.005 0.006 0.007 0.007 0.009 0.040 0.761 
 45 TMA-ZAIN-G-    (0)    1 :  0.385 0.148 0.009 0.005 0.009 0.174 0.006 0.016 0.016 0.135 0.065 0.015 0.010 0.006 
 46 TMA-ZAIN-G-    (0)    1 :  0.005 0.003 0.004 0.003 0.005 0.004 0.003 0.004 0.003 0.003 0.003 0.010 0.005 0.944 
 47 TMA-ZAIN-G-    (0)    1 :  0.003 0.006 0.004 0.004 0.937 0.004 0.004 0.004 0.006 0.004 0.005 0.012 0.003 0.004 
 48 TMA-ZAIN-G-    (0)    1 :  0.077 0.032 0.016 0.006 0.208 0.149 0.017 0.043 0.118 0.143 0.013 0.135 0.013 0.030 
 49 TMA-ZAIN-G-    (9)    1 :  0.010 0.029 0.800 0.018 0.007 0.012 0.048 0.005 0.007 0.006 0.027 0.020 0.005 0.006 
 50 TMA-ZAIN-G-    (0)    1 :  0.007 0.005 0.847 0.006 0.003 0.006 0.003 0.008 0.010 0.057 0.009 0.005 0.027 0.006 
 51 TMA-ZAIN-G-    (0)    1 :  0.014 0.008 0.765 0.008 0.021 0.011 0.006 0.092 0.010 0.025 0.004 0.019 0.010 0.009 
 52 TMA-ZAIN-G-    (0)    1 :  0.011 0.009 0.635 0.006 0.051 0.010 0.003 0.026 0.012 0.009 0.017 0.194 0.006 0.010 
 53 TMA-ZAIN-G-    (0)    1 :  0.029 0.007 0.346 0.287 0.102 0.018 0.006 0.054 0.014 0.013 0.003 0.092 0.019 0.010 
 54 TMA-ZAIN-G-    (0)    1 :  0.008 0.006 0.009 0.005 0.911 0.006 0.004 0.010 0.011 0.011 0.007 0.004 0.004 0.005 
 55 TMA-ZAIN-G-    (0)    1 :  0.010 0.007 0.028 0.005 0.835 0.007 0.003 0.020 0.018 0.044 0.010 0.003 0.004 0.008 
 56 TMA-ZAIN-G-    (0)    1 :  0.035 0.029 0.041 0.007 0.062 0.064 0.023 0.024 0.067 0.195 0.012 0.413 0.022 0.007 
 57 TMA-ZAIN-G-    (0)    1 :  0.013 0.017 0.020 0.008 0.839 0.010 0.008 0.006 0.006 0.006 0.040 0.011 0.013 0.004 
 58 TMA-ZAIN-G-    (0)    1 :  0.006 0.010 0.715 0.032 0.026 0.009 0.005 0.008 0.034 0.012 0.014 0.012 0.004 0.114 
 59 TMA-ZAIN-G-    (0)    1 :  0.053 0.032 0.022 0.561 0.016 0.146 0.016 0.009 0.040 0.018 0.015 0.033 0.016 0.024 
 60 TMA-ZAIN-G-    (0)    1 :  0.018 0.008 0.203 0.497 0.019 0.020 0.008 0.128 0.022 0.016 0.006 0.042 0.005 0.008 
 61 TMA-ZAIN-G-    (0)    1 :  0.003 0.005 0.008 0.899 0.012 0.005 0.003 0.003 0.004 0.003 0.003 0.028 0.003 0.020 
 62 TMA-ZAIN-G-    (9)    1 :  0.041 0.064 0.042 0.672 0.012 0.032 0.007 0.007 0.010 0.043 0.028 0.003 0.020 0.019 
 63 TMA-ZAIN-G-    (0)    1 :  0.005 0.007 0.011 0.908 0.012 0.005 0.003 0.007 0.006 0.006 0.007 0.014 0.003 0.008 
 64 TMA-ZAIN-G-    (0)    1 :  0.008 0.006 0.003 0.002 0.003 0.008 0.935 0.005 0.004 0.005 0.005 0.004 0.010 0.002 
 65 TMA-ZAIN-G-    (9)    1 :  0.009 0.053 0.004 0.003 0.008 0.010 0.860 0.006 0.009 0.007 0.018 0.005 0.006 0.002 
 66 TMA-ZAIN-G-    (0)    1 :  0.034 0.020 0.003 0.003 0.004 0.024 0.857 0.005 0.008 0.009 0.011 0.005 0.013 0.003 
 67 TMA-ZAIN-G-    (0)    1 :  0.061 0.041 0.011 0.004 0.005 0.040 0.682 0.003 0.007 0.011 0.015 0.004 0.105 0.012 
 68 TMA-ZAIN-G-    (0)    1 :  0.004 0.005 0.003 0.002 0.005 0.006 0.938 0.006 0.009 0.005 0.005 0.005 0.004 0.002 
 69 TMA-ZAIN-G-    (0)    1 :  0.032 0.059 0.016 0.019 0.008 0.028 0.699 0.017 0.007 0.007 0.028 0.024 0.034 0.022 
 70 TMA-ZAIN-G-    (0)    1 :  0.048 0.008 0.004 0.003 0.003 0.038 0.013 0.008 0.004 0.009 0.011 0.004 0.842 0.004 
 71 TMA-ZAIN-G-    (0)    1 :  0.045 0.010 0.004 0.003 0.003 0.012 0.004 0.003 0.005 0.007 0.010 0.004 0.886 0.003 
 72 TMA-ZAIN-G-    (0)    1 :  0.010 0.011 0.005 0.003 0.006 0.011 0.011 0.006 0.006 0.007 0.006 0.005 0.909 0.003 
 73 TMA-ZAIN-G-    (0)    1 :  0.012 0.015 0.020 0.023 0.016 0.006 0.006 0.003 0.006 0.005 0.007 0.004 0.848 0.029 
 74 TMA-ZAIN-G-    (0)    1 :  0.010 0.013 0.005 0.005 0.005 0.008 0.004 0.003 0.006 0.006 0.009 0.003 0.918 0.005 
 75 TMA-ZAIN-G-    (0)    1 :  0.015 0.012 0.005 0.004 0.006 0.006 0.005 0.005 0.006 0.005 0.008 0.005 0.915 0.003 
 76 TMA-ZAIN-G-    (0)    1 :  0.038 0.008 0.006 0.004 0.003 0.008 0.005 0.003 0.004 0.005 0.008 0.003 0.891 0.012 
 77 TMA-ZAIN-G-    (0)    1 :  0.011 0.006 0.005 0.002 0.004 0.008 0.006 0.005 0.004 0.008 0.004 0.008 0.924 0.005 
 78 TMA-ZAIN-G-    (0)    1 :  0.029 0.011 0.011 0.005 0.006 0.007 0.005 0.005 0.006 0.005 0.006 0.008 0.888 0.009 
 79 TMA-ZAIN-G-    (0)    1 :  0.031 0.008 0.006 0.004 0.004 0.008 0.004 0.007 0.005 0.006 0.006 0.025 0.879 0.007 
 80 TMA-ZAIN-G-    (0)    1 :  0.063 0.038 0.005 0.003 0.011 0.036 0.024 0.004 0.011 0.019 0.108 0.006 0.668 0.004 
 81 TMA-ZAIN-G-    (0)    1 :  0.228 0.015 0.008 0.004 0.005 0.024 0.005 0.008 0.010 0.012 0.010 0.027 0.637 0.007 
 82 TMA-ZAIN-G-    (0)    1 :  0.319 0.332 0.006 0.005 0.014 0.054 0.146 0.007 0.015 0.006 0.037 0.007 0.049 0.003 
 83 TMA-ZAIN-G-    (9)    1 :  0.011 0.679 0.015 0.034 0.015 0.054 0.020 0.005 0.017 0.007 0.100 0.005 0.012 0.026 
 84 TMA-ZAIN-G-    (0)    1 :  0.225 0.014 0.008 0.004 0.004 0.018 0.005 0.005 0.007 0.011 0.015 0.012 0.659 0.014 
 85 TMA-ZAIN-G-    (0)    1 :  0.004 0.004 0.004 0.004 0.003 0.004 0.003 0.004 0.004 0.003 0.003 0.952 0.003 0.003 
 86 TMA-ZAIN-G-    (0)    1 :  0.010 0.011 0.004 0.004 0.005 0.011 0.005 0.004 0.009 0.009 0.008 0.910 0.006 0.005 
 87 TMA-ZAIN-G-    (0)    1 :  0.004 0.004 0.004 0.005 0.004 0.003 0.003 0.003 0.003 0.003 0.003 0.954 0.003 0.005 
 88 TMA-ZAIN-G-    (0)    1 :  0.052 0.093 0.011 0.163 0.058 0.029 0.029 0.016 0.012 0.009 0.080 0.411 0.027 0.010 
 89 TMA-ZAIN-G-    (0)    1 :  0.056 0.027 0.006 0.025 0.366 0.025 0.026 0.040 0.008 0.012 0.028 0.312 0.039 0.030 
 90 TMA-ZAIN-G-    (0)    1 :  0.007 0.032 0.008 0.016 0.036 0.009 0.013 0.004 0.005 0.005 0.023 0.833 0.004 0.005 
 91 TMA-ZAIN-G-    (0)    1 :  0.016 0.012 0.012 0.056 0.040 0.016 0.011 0.014 0.011 0.008 0.007 0.782 0.007 0.006 
 92 TMA-ZAIN-G-    (0)    1 :  0.013 0.010 0.036 0.011 0.333 0.011 0.006 0.012 0.008 0.010 0.004 0.499 0.010 0.037 
 93 TMA-ZAIN-G-    (0)    1 :  0.008 0.007 0.072 0.050 0.542 0.010 0.007 0.025 0.008 0.007 0.004 0.236 0.007 0.016 
 94 TMA-ZAIN-G-    (0)    1 :  0.005 0.006 0.013 0.111 0.056 0.005 0.005 0.007 0.005 0.003 0.003 0.767 0.005 0.010 
 95 TMA-ZAIN-G-    (0)    1 :  0.006 0.006 0.847 0.007 0.005 0.011 0.016 0.022 0.005 0.034 0.009 0.005 0.021 0.007 
 96 TMA-ZAIN-G-    (0)    1 :  0.005 0.007 0.763 0.005 0.006 0.006 0.004 0.016 0.009 0.147 0.012 0.009 0.004 0.005 
 97 TMA-ZAIN-G-    (0)    1 :  0.011 0.004 0.012 0.893 0.013 0.007 0.007 0.008 0.006 0.004 0.004 0.009 0.016 0.006 
 98 TMA-ZAIN-G-    (0)    1 :  0.009 0.004 0.004 0.914 0.011 0.007 0.005 0.006 0.006 0.004 0.003 0.007 0.015 0.004 
 99 TMA-ZAIN-G-    (0)    1 :  0.039 0.058 0.006 0.666 0.003 0.129 0.014 0.006 0.008 0.031 0.018 0.005 0.006 0.011 
100 TMA-ZAIN-G-    (0)    1 :  0.006 0.004 0.017 0.861 0.024 0.006 0.006 0.008 0.004 0.003 0.003 0.036 0.006 0.016 
101 TMA-ZAIN-G-    (0)    1 :  0.019 0.005 0.008 0.887 0.012 0.023 0.006 0.006 0.006 0.005 0.005 0.004 0.010 0.005 
102 TMA-ZAIN-G-    (0)    1 :  0.015 0.017 0.051 0.391 0.010 0.024 0.010 0.032 0.009 0.058 0.064 0.041 0.014 0.264 
103 TMA-ZAIN-G-    (0)    1 :  0.017 0.019 0.032 0.798 0.006 0.011 0.007 0.007 0.015 0.012 0.021 0.030 0.009 0.016 
104 TMA-ZAIN-G-    (0)    1 :  0.004 0.004 0.006 0.945 0.005 0.003 0.003 0.004 0.005 0.004 0.004 0.003 0.003 0.007 
105 TMA-ZAIN-G-    (0)    1 :  0.021 0.026 0.022 0.782 0.006 0.017 0.006 0.008 0.016 0.012 0.027 0.040 0.008 0.009 
106 TMA-ZAIN-G-    (0)    1 :  0.055 0.028 0.005 0.004 0.006 0.172 0.044 0.100 0.045 0.380 0.063 0.008 0.087 0.003 
107 TMA-ZAIN-G-    (0)    1 :  0.093 0.074 0.005 0.004 0.008 0.321 0.014 0.013 0.017 0.020 0.321 0.007 0.099 0.003 
108 TMA-ZAIN-G-    (9)    1 :  0.028 0.391 0.035 0.150 0.014 0.200 0.006 0.023 0.010 0.026 0.007 0.049 0.011 0.050 
109 TMA-ZAIN-G-    (0)    1 :  0.022 0.112 0.054 0.258 0.061 0.024 0.123 0.023 0.062 0.074 0.158 0.016 0.007 0.005 
110 TMA-ZAIN-G-    (0)    1 :  0.106 0.103 0.093 0.061 0.015 0.196 0.008 0.017 0.059 0.056 0.088 0.023 0.017 0.159 
111 TMA-ZAIN-G-    (9)    1 :  0.042 0.123 0.063 0.413 0.020 0.020 0.010 0.004 0.008 0.013 0.106 0.007 0.038 0.134 
112 TMA-ZAIN-G-    (0)    1 :  0.113 0.053 0.121 0.263 0.020 0.043 0.016 0.032 0.046 0.159 0.058 0.015 0.013 0.047 
113 TMA-ZAIN-G-    (0)    1 :  0.019 0.011 0.004 0.854 0.019 0.013 0.010 0.005 0.007 0.004 0.015 0.006 0.023 0.008 
114 TMA-ZAIN-G-    (0)    1 :  0.003 0.004 0.005 0.945 0.004 0.004 0.003 0.002 0.003 0.003 0.004 0.007 0.003 0.010 
115 TMA-ZAIN-G-    (0)    1 :  0.004 0.005 0.004 0.948 0.005 0.003 0.003 0.004 0.003 0.003 0.006 0.003 0.004 0.005 
116 TMA-ZAIN-G-    (0)    1 :  0.013 0.711 0.004 0.005 0.009 0.021 0.009 0.005 0.013 0.006 0.187 0.005 0.009 0.002 
117 TMA-ZAIN-G-    (0)    1 :  0.043 0.448 0.010 0.006 0.024 0.066 0.125 0.047 0.086 0.034 0.023 0.028 0.057 0.003 
118 TMA-ZAIN-G-    (0)    1 :  0.016 0.672 0.006 0.005 0.008 0.010 0.014 0.016 0.011 0.010 0.214 0.006 0.009 0.003 
119 TMA-ZAIN-G-    (0)    1 :  0.013 0.647 0.015 0.019 0.008 0.020 0.020 0.005 0.011 0.006 0.181 0.004 0.036 0.014 
120 TMA-ZAIN-G-    (0)    1 :  0.016 0.754 0.007 0.007 0.009 0.012 0.010 0.028 0.013 0.010 0.106 0.012 0.013 0.004 
121 TMA-ZAIN-G-    (0)    1 :  0.007 0.820 0.005 0.005 0.009 0.047 0.033 0.008 0.021 0.013 0.015 0.006 0.009 0.003 
122 TMA-ZAIN-G-    (0)    1 :  0.010 0.451 0.006 0.004 0.007 0.378 0.012 0.008 0.041 0.017 0.013 0.038 0.011 0.005 
123 TMA-ZAIN-G-    (0)    1 :  0.006 0.006 0.011 0.912 0.005 0.005 0.003 0.013 0.005 0.005 0.005 0.010 0.006 0.008 
124 TMA-ZAIN-G-    (0)    1 :  0.008 0.007 0.004 0.004 0.003 0.008 0.003 0.006 0.914 0.022 0.007 0.007 0.004 0.003 
125 TMA-ZAIN-G-    (0)    1 :  0.005 0.004 0.004 0.002 0.023 0.005 0.011 0.008 0.907 0.012 0.005 0.005 0.006 0.002 
126 TMA-ZAIN-G-    (0)    1 :  0.008 0.006 0.004 0.004 0.006 0.007 0.004 0.014 0.913 0.013 0.011 0.005 0.004 0.003 
127 TMA-ZAIN-G-    (0)    1 :  0.012 0.006 0.004 0.003 0.003 0.010 0.006 0.007 0.880 0.047 0.011 0.005 0.004 0.003 
128 TMA-ZAIN-G-    (0)    1 :  0.007 0.014 0.004 0.003 0.005 0.017 0.011 0.006 0.897 0.016 0.007 0.005 0.004 0.003 
129 TMA-ZAIN-G-    (0)    1 :  0.006 0.008 0.004 0.005 0.004 0.009 0.004 0.008 0.923 0.010 0.006 0.005 0.005 0.003 
130 TMA-ZAIN-G-    (0)    1 :  0.005 0.007 0.004 0.005 0.015 0.004 0.005 0.016 0.913 0.006 0.008 0.005 0.004 0.002 
131 TMA-ZAIN-G-    (0)    1 :  0.007 0.006 0.005 0.003 0.003 0.007 0.004 0.008 0.920 0.015 0.006 0.007 0.003 0.003 
132 TMA-ZAIN-G-    (0)    1 :  0.009 0.015 0.004 0.003 0.013 0.015 0.015 0.008 0.884 0.012 0.009 0.005 0.006 0.003 
133 TMA-ZAIN-G-    (0)    1 :  0.032 0.021 0.015 0.003 0.027 0.033 0.094 0.121 0.044 0.426 0.052 0.048 0.072 0.012 
134 TMA-ZAIN-G-    (0)    1 :  0.016 0.016 0.006 0.003 0.028 0.033 0.065 0.245 0.269 0.077 0.134 0.040 0.060 0.008 
135 TMA-ZAIN-G-    (0)    1 :  0.087 0.035 0.004 0.004 0.011 0.159 0.027 0.017 0.056 0.032 0.496 0.026 0.043 0.006 
136 TMA-ZAIN-G-    (0)    1 :  0.028 0.112 0.004 0.004 0.015 0.202 0.496 0.007 0.025 0.023 0.049 0.005 0.025 0.005 
137 TMA-ZAIN-G-    (0)    1 :  0.018 0.014 0.005 0.004 0.005 0.016 0.004 0.005 0.015 0.009 0.865 0.016 0.016 0.006 
138 TMA-ZAIN-G-    (0)    1 :  0.071 0.078 0.003 0.004 0.017 0.149 0.014 0.028 0.345 0.041 0.225 0.004 0.017 0.002 
139 TMA-ZAIN-G-    (0)    1 :  0.037 0.080 0.003 0.004 0.071 0.071 0.012 0.018 0.208 0.024 0.403 0.010 0.053 0.005 
140 TMA-ZAIN-G-    (0)    1 :  0.404 0.132 0.006 0.003 0.004 0.252 0.009 0.006 0.018 0.034 0.109 0.005 0.013 0.004 
141 TMA-ZAIN-G-    (0)    1 :  0.594 0.048 0.006 0.006 0.006 0.168 0.006 0.021 0.041 0.018 0.047 0.010 0.025 0.003 
142 TMA-ZAIN-G-    (9)    1 :  0.483 0.121 0.004 0.003 0.004 0.180 0.011 0.006 0.014 0.019 0.133 0.006 0.011 0.003 
143 TMA-ZAIN-G-    (0)    1 :  0.129 0.225 0.005 0.005 0.005 0.365 0.012 0.010 0.073 0.040 0.108 0.007 0.012 0.003 
144 TMA-ZAIN-G-    (0)    1 :  0.051 0.259 0.013 0.004 0.024 0.223 0.006 0.013 0.073 0.118 0.190 0.011 0.008 0.007 
145 TMA-ZAIN-G-    (0)    1 :  0.069 0.054 0.004 0.003 0.016 0.075 0.289 0.006 0.048 0.020 0.366 0.005 0.042 0.002 
146 TMA-ZAIN-G-    (0)    1 :  0.585 0.009 0.003 0.003 0.003 0.349 0.005 0.004 0.005 0.005 0.007 0.004 0.016 0.003 
147 TMA-ZAIN-G-    (9)    1 :  0.364 0.009 0.003 0.003 0.004 0.562 0.009 0.005 0.007 0.007 0.009 0.004 0.010 0.003 
148 TMA-ZAIN-G-    (0)    1 :  0.427 0.007 0.003 0.003 0.016 0.437 0.004 0.034 0.026 0.020 0.006 0.004 0.010 0.003 
149 TMA-ZAIN-G-    (0)    1 :  0.235 0.032 0.010 0.020 0.038 0.524 0.006 0.020 0.036 0.019 0.012 0.025 0.010 0.012 
150 TMA-ZAIN-G-    (0)    1 :  0.097 0.082 0.008 0.023 0.058 0.556 0.067 0.014 0.015 0.010 0.029 0.014 0.016 0.010 
151 TMA-ZAIN-G-    (0)    1 :  0.011 0.070 0.003 0.004 0.004 0.010 0.008 0.018 0.005 0.144 0.713 0.003 0.006 0.002 
152 TMA-ZAIN-G-    (0)    1 :  0.020 0.226 0.004 0.004 0.005 0.012 0.006 0.016 0.006 0.012 0.680 0.003 0.004 0.002 
153 TMA-ZAIN-G-    (0)    1 :  0.030 0.090 0.004 0.004 0.012 0.067 0.014 0.030 0.035 0.076 0.619 0.004 0.013 0.003 
154 TMA-ZAIN-G-    (0)    1 :  0.014 0.031 0.003 0.003 0.004 0.006 0.004 0.004 0.007 0.006 0.908 0.004 0.004 0.002 
155 TMA-ZAIN-G-    (0)    1 :  0.018 0.010 0.004 0.004 0.003 0.017 0.006 0.007 0.010 0.009 0.895 0.006 0.007 0.003 
156 TMA-ZAIN-G-    (9)    1 :  0.030 0.056 0.004 0.006 0.010 0.021 0.003 0.070 0.037 0.050 0.703 0.004 0.005 0.003 
157 TMA-ZAIN-G-    (0)    1 :  0.090 0.029 0.004 0.004 0.005 0.040 0.006 0.138 0.020 0.067 0.582 0.005 0.008 0.003 
158 TMA-ZAIN-G-    (0)    1 :  0.251 0.259 0.006 0.003 0.004 0.072 0.005 0.004 0.007 0.013 0.351 0.004 0.017 0.003 
159 TMA-ZAIN-G-    (0)    1 :  0.223 0.055 0.003 0.005 0.006 0.076 0.017 0.004 0.013 0.008 0.435 0.004 0.149 0.002 
160 TMA-ZAIN-G-    (0)    1 :  0.067 0.136 0.003 0.005 0.009 0.039 0.020 0.005 0.009 0.005 0.568 0.005 0.127 0.002 
161 TMA-ZAIN-G-    (0)    1 :  0.087 0.104 0.005 0.003 0.024 0.127 0.007 0.022 0.148 0.073 0.372 0.007 0.016 0.003 
162 TMA-ZAIN-G-    (0)    1 :  0.007 0.009 0.008 0.019 0.012 0.007 0.005 0.003 0.006 0.008 0.886 0.012 0.005 0.013 
163 TMA-ZAIN-G-    (0)    1 :  0.013 0.024 0.003 0.003 0.003 0.008 0.004 0.003 0.005 0.005 0.920 0.003 0.005 0.002 
164 TMA-ZAIN-G-    (0)    1 :  0.037 0.309 0.005 0.005 0.009 0.054 0.008 0.005 0.011 0.007 0.525 0.012 0.008 0.005 
165 TMA-ZAIN-G-    (0)    1 :  0.041 0.193 0.003 0.004 0.003 0.072 0.007 0.004 0.010 0.007 0.640 0.004 0.008 0.003 
166 TMA-ZAIN-G-    (0)    1 :  0.278 0.066 0.003 0.003 0.011 0.083 0.012 0.005 0.056 0.024 0.428 0.006 0.022 0.002 
167 TMA-ZAIN-G-    (0)    1 :  0.608 0.060 0.006 0.005 0.005 0.183 0.005 0.008 0.014 0.018 0.015 0.008 0.061 0.005 
168 TMA-ZAIN-G-    (0)    1 :  0.845 0.034 0.004 0.005 0.005 0.020 0.009 0.019 0.005 0.007 0.005 0.006 0.033 0.003 
169 TMA-ZAIN-G-    (0)    1 :  0.846 0.032 0.003 0.003 0.004 0.023 0.030 0.005 0.005 0.004 0.009 0.005 0.027 0.003 
170 TMA-ZAIN-G-    (0)    1 :  0.656 0.037 0.019 0.021 0.004 0.041 0.012 0.051 0.034 0.057 0.029 0.006 0.019 0.014 
171 TMA-ZAIN-G-    (0)    1 :  0.879 0.021 0.003 0.003 0.004 0.027 0.011 0.004 0.004 0.004 0.007 0.004 0.027 0.003 
172 TMA-ZAIN-G-    (0)    1 :  0.690 0.013 0.005 0.003 0.003 0.032 0.005 0.015 0.024 0.183 0.011 0.005 0.009 0.004 
173 TMA-ZAIN-G-    (0)    1 :  0.431 0.018 0.008 0.003 0.005 0.041 0.006 0.019 0.041 0.392 0.010 0.008 0.014 0.004 
174 TMA-ZAIN-G-    (0)    1 :  0.181 0.046 0.004 0.003 0.007 0.148 0.036 0.005 0.421 0.082 0.041 0.005 0.018 0.002 
175 TMA-ZAIN-G-    (0)    1 :  0.736 0.015 0.003 0.003 0.004 0.115 0.006 0.005 0.005 0.005 0.009 0.005 0.086 0.003 
176 TMA-ZAIN-G-    (0)    1 :  0.830 0.010 0.003 0.003 0.003 0.091 0.005 0.004 0.005 0.005 0.009 0.005 0.024 0.003 
177 TMA-ZAIN-G-    (0)    1 :  0.875 0.011 0.003 0.003 0.003 0.055 0.003 0.010 0.005 0.008 0.008 0.004 0.009 0.003 
178 TMA-ZAIN-G-    (0)    1 :  0.522 0.068 0.007 0.005 0.004 0.136 0.004 0.038 0.009 0.174 0.011 0.005 0.015 0.004 
179 TMA-ZAIN-G-    (0)    1 :  0.785 0.014 0.004 0.003 0.004 0.099 0.006 0.015 0.011 0.032 0.012 0.005 0.008 0.003 
180 TMA-ZAIN-G-    (0)    1 :  0.027 0.065 0.007 0.004 0.010 0.087 0.094 0.030 0.369 0.250 0.017 0.027 0.005 0.008 
181 TMA-ZAIN-G-    (0)    1 :  0.009 0.014 0.004 0.005 0.005 0.011 0.005 0.096 0.014 0.777 0.042 0.004 0.010 0.003 
182 TMA-ZAIN-G-    (0)    1 :  0.024 0.016 0.005 0.007 0.005 0.029 0.003 0.171 0.452 0.242 0.034 0.006 0.004 0.003 
183 TMA-ZAIN-G-    (0)    1 :  0.013 0.022 0.004 0.004 0.004 0.015 0.004 0.071 0.009 0.829 0.010 0.006 0.006 0.003 
184 TMA-ZAIN-G-    (0)    1 :  0.018 0.026 0.011 0.028 0.021 0.015 0.007 0.024 0.020 0.745 0.040 0.022 0.012 0.013 
185 TMA-ZAIN-G-    (0)    1 :  0.009 0.010 0.015 0.013 0.023 0.014 0.006 0.004 0.035 0.822 0.012 0.014 0.006 0.017 
186 TMA-ZAIN-G-    (9)    1 :  0.016 0.012 0.008 0.004 0.006 0.011 0.006 0.005 0.051 0.842 0.016 0.005 0.012 0.005 
187 TMA-ZAIN-G-    (0)    1 :  0.012 0.008 0.005 0.004 0.003 0.015 0.013 0.017 0.020 0.811 0.046 0.005 0.038 0.003 
188 TMA-ZAIN-G-    (0)    1 :  0.006 0.018 0.004 0.003 0.004 0.019 0.021 0.006 0.018 0.829 0.020 0.003 0.046 0.003 
189 TMA-ZAIN-G-    (0)    1 :  0.007 0.005 0.003 0.002 0.002 0.007 0.007 0.005 0.011 0.933 0.007 0.003 0.004 0.003 
190 TMA-ZAIN-G-    (0)    1 :  0.039 0.035 0.006 0.003 0.006 0.055 0.017 0.025 0.009 0.766 0.005 0.004 0.026 0.003 
191 TMA-ZAIN-G-    (0)    1 :  0.010 0.007 0.007 0.010 0.010 0.014 0.004 0.004 0.006 0.884 0.007 0.015 0.007 0.015 
192 TMA-ZAIN-G-    (0)    1 :  0.011 0.006 0.005 0.004 0.005 0.009 0.004 0.016 0.016 0.869 0.012 0.017 0.015 0.011 
193 TMA-ZAIN-G-    (0)    1 :  0.003 0.003 0.003 0.003 0.004 0.003 0.004 0.955 0.004 0.005 0.003 0.004 0.003 0.002 
194 TMA-ZAIN-G-    (0)    1 :  0.010 0.007 0.017 0.003 0.016 0.010 0.014 0.776 0.037 0.089 0.004 0.005 0.006 0.006 
195 TMA-ZAIN-G-    (0)    1 :  0.028 0.014 0.007 0.003 0.006 0.030 0.033 0.733 0.036 0.075 0.004 0.004 0.024 0.003 
196 TMA-ZAIN-G-    (0)    1 :  0.006 0.010 0.005 0.003 0.007 0.010 0.016 0.889 0.011 0.024 0.007 0.004 0.006 0.003 
197 TMA-ZAIN-G-    (0)    1 :  0.012 0.009 0.004 0.003 0.005 0.009 0.012 0.895 0.013 0.010 0.008 0.008 0.010 0.003 
198 TMA-ZAIN-G-    (0)    1 :  0.016 0.007 0.003 0.003 0.004 0.011 0.008 0.894 0.007 0.021 0.010 0.004 0.009 0.003 
199 TMA-ZAIN-G-    (0)    1 :  0.011 0.011 0.006 0.003 0.007 0.010 0.004 0.006 0.032 0.881 0.013 0.005 0.008 0.004 
200 TMA-ZAIN-G-    (0)    1 :  0.004 0.004 0.044 0.018 0.004 0.003 0.003 0.054 0.003 0.006 0.002 0.006 0.003 0.844 
201 TMA-ZAIN-G-    (0)    1 :  0.005 0.004 0.017 0.006 0.003 0.005 0.005 0.003 0.004 0.004 0.003 0.006 0.004 0.932 
202 TMA-ZAIN-G-    (0)    1 :  0.007 0.006 0.015 0.015 0.002 0.007 0.003 0.040 0.005 0.012 0.005 0.004 0.003 0.876 
203 TMA-ZAIN-G-    (0)    1 :  0.017 0.030 0.004 0.019 0.005 0.026 0.004 0.781 0.049 0.023 0.025 0.005 0.008 0.003 
204 TMA-ZAIN-G-    (9)    1 :  0.018 0.006 0.012 0.005 0.025 0.024 0.011 0.007 0.009 0.009 0.004 0.066 0.019 0.785 
205 TMA-ZAIN-G-    (0)    1 :  0.014 0.027 0.015 0.006 0.013 0.028 0.006 0.008 0.010 0.008 0.081 0.022 0.012 0.750 
206 TMA-ZAIN-G-    (9)    1 :  0.022 0.014 0.024 0.014 0.013 0.014 0.010 0.054 0.008 0.025 0.005 0.148 0.008 0.639 
207 TMA-ZAIN-G-    (9)    1 :  0.030 0.583 0.028 0.010 0.051 0.045 0.042 0.007 0.015 0.019 0.092 0.054 0.016 0.009 
208 TMA-ZAIN-G-    (0)    1 :  0.138 0.391 0.005 0.003 0.005 0.298 0.055 0.004 0.006 0.026 0.047 0.002 0.017 0.003 
209 TMA-ZAIN-G-    (0)    1 :  0.225 0.030 0.004 0.003 0.063 0.065 0.013 0.223 0.197 0.056 0.053 0.009 0.055 0.003 
210 TMA-ZAIN-G-    (0)    1 :  0.120 0.026 0.006 0.004 0.014 0.106 0.089 0.339 0.068 0.094 0.065 0.015 0.052 0.003 
211 TMA-ZAIN-G-    (0)    1 :  0.144 0.038 0.022 0.010 0.012 0.127 0.024 0.066 0.364 0.090 0.026 0.009 0.048 0.020 
212 TMA-ZAIN-G-    (0)    1 :  0.123 0.072 0.006 0.004 0.006 0.409 0.013 0.028 0.048 0.237 0.031 0.015 0.005 0.004 
213 TMA-ZAIN-G-    (0)    1 :  0.251 0.029 0.006 0.003 0.007 0.238 0.007 0.033 0.047 0.209 0.135 0.005 0.026 0.004 
214 TMA-ZAIN-G-    (0)    1 :  0.210 0.034 0.005 0.003 0.011 0.074 0.060 0.030 0.187 0.138 0.162 0.005 0.079 0.004 
215 TMA-ZAIN-G-    (0)    1 :  0.383 0.043 0.165 0.004 0.002 0.046 0.004 0.004 0.010 0.259 0.015 0.003 0.048 0.012 
216 TMA-ZAIN-G-    (0)    1 :  0.169 0.020 0.006 0.003 0.014 0.032 0.007 0.017 0.143 0.538 0.025 0.006 0.014 0.005 
217 TMA-ZAIN-G-    (0)    1 :  0.293 0.014 0.003 0.003 0.008 0.118 0.108 0.058 0.185 0.037 0.056 0.007 0.105 0.003 
218 TMA-ZAIN-G-    (0)    1 :  0.018 0.005 0.910 0.006 0.005 0.004 0.013 0.004 0.011 0.007 0.005 0.005 0.004 0.004 
219 TMA-ZAIN-G-    (0)    1 :  0.004 0.004 0.918 0.004 0.007 0.003 0.003 0.004 0.009 0.006 0.004 0.016 0.005 0.012 
220 TMA-ZAIN-G-    (0)    1 :  0.008 0.139 0.731 0.028 0.006 0.026 0.010 0.005 0.005 0.007 0.015 0.009 0.005 0.004 
221 TMA-ZAIN-G-    (0)    1 :  0.015 0.008 0.858 0.005 0.005 0.012 0.005 0.006 0.016 0.023 0.009 0.012 0.007 0.020 
222 TMA-ZAIN-G-    (0)    1 :  0.013 0.017 0.806 0.034 0.015 0.010 0.015 0.006 0.017 0.008 0.014 0.027 0.008 0.010 
223 TMA-ZAIN-G-    (0)    1 :  0.004 0.004 0.933 0.007 0.005 0.004 0.004 0.003 0.004 0.004 0.003 0.012 0.004 0.010 
224 TMA-ZAIN-G-    (0)    1 :  0.009 0.005 0.725 0.020 0.008 0.005 0.004 0.008 0.029 0.013 0.005 0.147 0.005 0.018 
225 TMA-ZAIN-G-    (0)    1 :  0.005 0.004 0.927 0.010 0.004 0.004 0.002 0.012 0.004 0.006 0.003 0.006 0.003 0.008 
226 TMA-ZAIN-G-    (0)    1 :  0.012 0.010 0.872 0.017 0.005 0.008 0.005 0.021 0.005 0.011 0.007 0.010 0.008 0.009 
227 TMA-ZAIN-G-    (0)    1 :  0.017 0.009 0.857 0.012 0.004 0.009 0.004 0.025 0.005 0.013 0.008 0.007 0.009 0.023 
228 TMA-ZAIN-G-    (0)    1 :  0.030 0.017 0.801 0.022 0.005 0.014 0.008 0.007 0.006 0.008 0.010 0.019 0.035 0.017 
229 TMA-ZAIN-G-    (0)    1 :  0.008 0.003 0.837 0.037 0.006 0.003 0.013 0.003 0.003 0.003 0.003 0.009 0.003 0.069 
230 TMA-ZAIN-G-    (0)    1 :  0.102 0.008 0.287 0.078 0.013 0.022 0.014 0.013 0.058 0.022 0.004 0.337 0.029 0.012 
231 TMA-ZAIN-G-    (0)    1 :  0.035 0.032 0.096 0.130 0.014 0.024 0.010 0.011 0.015 0.010 0.037 0.057 0.020 0.510 
232 TMA-ZAIN-G-    (9)    1 :  0.023 0.011 0.033 0.312 0.010 0.008 0.032 0.008 0.049 0.022 0.010 0.020 0.008 0.453 
233 TMA-ZAIN-G-    (0)    1 :  0.021 0.007 0.775 0.005 0.013 0.010 0.044 0.009 0.019 0.009 0.009 0.023 0.032 0.025 
234 TMA-ZAIN-G-    (0)    1 :  0.008 0.011 0.567 0.264 0.037 0.007 0.007 0.011 0.004 0.005 0.008 0.006 0.005 0.059 
235 TMA-ZAIN-G-    (0)    1 :  0.011 0.013 0.487 0.198 0.009 0.008 0.005 0.026 0.004 0.080 0.010 0.057 0.061 0.032 
236 TMA-ZAIN-G-    (0)    1 :  0.017 0.014 0.597 0.100 0.004 0.014 0.007 0.033 0.008 0.011 0.013 0.102 0.015 0.066 
237 TMA-ZAIN-G-    (0)    1 :  0.089 0.017 0.252 0.216 0.006 0.053 0.011 0.010 0.020 0.012 0.012 0.145 0.145 0.014 
238 TMA-ZAIN-G-    (0)    1 :  0.018 0.023 0.738 0.038 0.003 0.031 0.004 0.006 0.016 0.015 0.035 0.008 0.029 0.036 
239 TMA-ZAIN-G-    (0)    1 :  0.004 0.028 0.005 0.004 0.040 0.014 0.020 0.077 0.007 0.043 0.003 0.026 0.003 0.726 
240 TMA-ZAIN-G-    (0)    1 :  0.005 0.003 0.005 0.003 0.007 0.005 0.003 0.004 0.003 0.003 0.003 0.009 0.005 0.944 
241 TMA-ZAIN-G-    (0)    1 :  0.017 0.005 0.003 0.004 0.005 0.008 0.004 0.004 0.003 0.005 0.006 0.005 0.012 0.918 
242 TMA-ZAIN-G-    (0)    1 :  0.007 0.007 0.004 0.003 0.004 0.008 0.005 0.003 0.003 0.005 0.007 0.003 0.006 0.933 
243 TMA-ZAIN-G-    (0)    1 :  0.017 0.007 0.004 0.003 0.005 0.013 0.009 0.004 0.004 0.007 0.007 0.005 0.013 0.902 
244 TMA-ZAIN-G-    (0)    1 :  0.017 0.014 0.004 0.004 0.003 0.014 0.009 0.003 0.003 0.008 0.016 0.003 0.013 0.889 
245 TMA-ZAIN-G-    (9)    1 :  0.004 0.003 0.004 0.003 0.003 0.004 0.002 0.003 0.003 0.004 0.003 0.004 0.003 0.957 
246 TMA-ZAIN-G-    (0)    1 :  0.003 0.003 0.004 0.003 0.003 0.004 0.003 0.003 0.003 0.003 0.003 0.004 0.003 0.958 
247 TMA-ZAIN-G-    (0)    1 :  0.004 0.005 0.004 0.002 0.004 0.007 0.006 0.002 0.004 0.005 0.004 0.004 0.003 0.946 
248 TMA-ZAIN-G-    (0)    1 :  0.008 0.008 0.006 0.004 0.004 0.008 0.005 0.010 0.004 0.009 0.005 0.004 0.006 0.918 
249 TMA-ZAIN-G-    (0)    1 :  0.004 0.004 0.006 0.003 0.003 0.004 0.003 0.007 0.003 0.006 0.003 0.005 0.003 0.945 
250 TMA-ZAIN-G-    (0)    1 :  0.003 0.005 0.006 0.002 0.003 0.004 0.006 0.004 0.003 0.006 0.003 0.004 0.003 0.946 
251 TMA-ZAIN-G-    (0)    1 :  0.004 0.005 0.004 0.005 0.936 0.004 0.004 0.005 0.008 0.004 0.004 0.010 0.003 0.003 
252 TMA-ZAIN-G-    (0)    1 :  0.023 0.028 0.005 0.003 0.846 0.025 0.017 0.005 0.005 0.006 0.008 0.004 0.021 0.003 
253 TMA-ZAIN-G-    (0)    1 :  0.005 0.009 0.003 0.005 0.931 0.005 0.005 0.004 0.005 0.004 0.011 0.005 0.004 0.004 
254 TMA-ZAIN-G-    (9)    1 :  0.011 0.036 0.005 0.007 0.855 0.012 0.010 0.005 0.013 0.007 0.022 0.006 0.007 0.003 
255 TMA-ZAIN-G-    (0)    1 :  0.005 0.008 0.003 0.009 0.916 0.006 0.007 0.004 0.005 0.004 0.007 0.005 0.004 0.017 
256 TMA-ZAIN-G-    (0)    1 :  0.013 0.008 0.005 0.007 0.864 0.010 0.006 0.026 0.008 0.009 0.009 0.019 0.007 0.010 
257 TMA-ZAIN-G-    (0)    1 :  0.004 0.003 0.004 0.004 0.928 0.003 0.003 0.016 0.005 0.004 0.003 0.013 0.004 0.005 
258 TMA-ZAIN-G-    (0)    1 :  0.003 0.004 0.003 0.003 0.953 0.003 0.004 0.005 0.004 0.003 0.004 0.006 0.003 0.003 
259 TMA-ZAIN-G-    (0)    1 :  0.003 0.004 0.004 0.003 0.927 0.004 0.006 0.007 0.005 0.004 0.003 0.021 0.003 0.006 
260 TMA-ZAIN-G-    (0)    1 :  0.004 0.005 0.004 0.004 0.930 0.005 0.009 0.006 0.005 0.004 0.003 0.012 0.004 0.005 
261 TMA-ZAIN-G-   (18)    1 :  0.005 0.008 0.008 0.005 0.896 0.007 0.010 0.008 0.010 0.006 0.005 0.022 0.005 0.004 
262 TMA-ZAIN-G-    (0)    1 :  0.003 0.003 0.004 0.004 0.947 0.003 0.003 0.006 0.004 0.003 0.003 0.009 0.003 0.004 
263 TMA-ZAIN-G-    (0)    1 :  0.003 0.005 0.004 0.005 0.945 0.003 0.003 0.004 0.005 0.003 0.004 0.008 0.003 0.004 
264 TMA-ZAIN-G-    (0)    1 :  0.004 0.006 0.004 0.007 0.938 0.004 0.004 0.006 0.005 0.003 0.005 0.008 0.004 0.003 
265 TMA-ZAIN-G-    (0)    1 :  0.045 0.014 0.227 0.013 0.135 0.057 0.027 0.010 0.025 0.020 0.023 0.379 0.008 0.016 
266 TMA-ZAIN-G-    (0)    1 :  0.015 0.041 0.022 0.008 0.601 0.042 0.015 0.032 0.131 0.033 0.021 0.020 0.009 0.010 
267 TMA-ZAIN-G-    (0)    1 :  0.020 0.024 0.063 0.027 0.189 0.041 0.014 0.007 0.015 0.010 0.006 0.225 0.015 0.343 
268 TMA-ZAIN-G-    (0)    1 :  0.005 0.005 0.008 0.072 0.005 0.005 0.004 0.003 0.004 0.003 0.004 0.009 0.004 0.867 
269 TMA-ZAIN-G-    (0)    1 :  0.007 0.008 0.032 0.268 0.005 0.008 0.005 0.004 0.008 0.005 0.006 0.095 0.008 0.542 
270 TMA-ZAIN-G-    (0)    1 :  0.006 0.006 0.018 0.088 0.006 0.006 0.004 0.004 0.006 0.004 0.004 0.177 0.005 0.666 
271 TMA-ZAIN-G-    (0)    1 :  0.007 0.007 0.008 0.033 0.005 0.006 0.003 0.003 0.005 0.003 0.005 0.027 0.004 0.882 
272 TMA-ZAIN-G-    (0)    1 :  0.006 0.006 0.059 0.026 0.004 0.005 0.003 0.003 0.006 0.004 0.004 0.036 0.005 0.833 
