

----------------------------------------------------
STRUCTURE by Pritchard, Stephens and Donnelly (2000)
     and Falush, Stephens and Pritchard (2003)
       Code by Pritchard, Falush and Hubisz
             Version 2.3.4 (Jul 2012)
----------------------------------------------------



Command line arguments:   bin\structure -m C:\Users\eschumacher\Documents\GitHub\GCC_QUAC_ZAIN\Data_Files\Structure_Files\ZAIN\ZAIN_rebinned_allpop_str\50-50\mainparams -e C:\Users\eschumacher\Documents\GitHub\GCC_QUAC_ZAIN\Data_Files\Structure_Files\ZAIN\ZAIN_rebinned_allpop_str\50-50\extraparams 
Input File:    C:\Users\eschumacher\Documents\GitHub\GCC_QUAC_ZAIN\Data_Files\Structure_Files\ZAIN\ZAIN_rebinned_allpop_str\project_data

Run parameters:
   1133 individuals
   11 loci
   3 populations assumed
   50000 Burn-in period
   50000 Reps


--------------------------------------------
Proportion of membership of each pre-defined
 population in each of the 3 clusters

Given    Inferred Clusters       Number of
 Pop       1      2      3      Individuals

  1:     0.528  0.219  0.253      303
  2:     0.502  0.348  0.150       15
  3:     0.408  0.160  0.432        2
  4:     0.499  0.399  0.102        2
  5:     0.595  0.028  0.378        7
  6:     0.286  0.026  0.688       13
  7:     0.005  0.012  0.983       13
  8:     0.964  0.019  0.017        7
  9:     0.865  0.105  0.030       11
 10:     0.631  0.274  0.095        9
 11:     0.009  0.941  0.050       35
 12:     0.981  0.012  0.007       36
 13:     0.981  0.010  0.009       33
 14:     0.066  0.907  0.026       40
 15:     0.981  0.014  0.005       39
 16:     0.068  0.778  0.153       40
 17:     0.041  0.215  0.744       37
 18:     0.988  0.008  0.005       40
 19:     0.019  0.938  0.044       28
 20:     0.192  0.410  0.399       14
 21:     0.017  0.008  0.975       13
 22:     0.985  0.011  0.004       14
 23:     0.984  0.008  0.008       25
 24:     0.960  0.023  0.017       40
 25:     0.138  0.850  0.012       32
 26:     0.007  0.005  0.988       20
 27:     0.007  0.973  0.020        4
 28:     0.019  0.960  0.021       23
 29:     0.007  0.970  0.023       39
 30:     0.006  0.021  0.973       38
 31:     0.986  0.008  0.006       45
 32:     0.982  0.008  0.010       28
 33:     0.006  0.981  0.013        6
 34:     0.088  0.804  0.108       40
 35:     0.061  0.067  0.872       42
--------------------------------------------

Allele-freq. divergence among pops (Net nucleotide distance),
computed using point estimates of P.

      1       2       3      
 1      -    0.1137  0.1783  
 2   0.1137     -    0.0737  
 3   0.1783  0.0737     -    

Average distances (expected heterozygosity) between individuals in same cluster:
cluster  1  : 0.4702 
cluster  2  : 0.5578 
cluster  3  : 0.5163 

--------------------------------------------
Estimated Ln Prob of Data   = -24559.1
Mean value of ln likelihood = -24310.9
Variance of ln likelihood   = 496.5
Mean value of alpha         = 0.0408

Mean value of Fst_1         = 0.2808
Mean value of Fst_2         = 0.2127
Mean value of Fst_3         = 0.2043


Inferred ancestry of individuals:
        Label (%Miss) Pop:  Inferred clusters
  1 TMA-ZAIN-G-    (9)    1 :  0.016 0.969 0.015 
  2 TMA-ZAIN-G-    (0)    1 :  0.031 0.957 0.012 
  3 TMA-ZAIN-G-    (0)    1 :  0.988 0.008 0.004 
  4 TMA-ZAIN-G-    (0)    1 :  0.480 0.459 0.061 
  5 TMA-ZAIN-G-    (0)    1 :  0.003 0.990 0.007 
  6 TMA-ZAIN-G-    (0)    1 :  0.706 0.243 0.051 
  7 TMA-ZAIN-G-    (0)    1 :  0.962 0.028 0.009 
  8 TMA-ZAIN-G-    (0)    1 :  0.986 0.010 0.004 
  9 TMA-ZAIN-G-    (9)    1 :  0.982 0.011 0.007 
 10 TMA-ZAIN-G-    (0)    1 :  0.988 0.007 0.006 
 11 TMA-ZAIN-G-    (0)    1 :  0.984 0.007 0.008 
 12 TMA-ZAIN-G-    (0)    1 :  0.991 0.006 0.003 
 13 TMA-ZAIN-G-    (9)    1 :  0.828 0.059 0.114 
 14 TMA-ZAIN-G-    (9)    1 :  0.983 0.009 0.008 
 15 TMA-ZAIN-G-    (0)    1 :  0.982 0.013 0.005 
 16 TMA-ZAIN-G-    (0)    1 :  0.988 0.006 0.006 
 17 TMA-ZAIN-G-    (9)    1 :  0.955 0.022 0.023 
 18 TMA-ZAIN-G-    (0)    1 :  0.005 0.979 0.016 
 19 TMA-ZAIN-G-    (0)    1 :  0.116 0.151 0.733 
 20 TMA-ZAIN-G-    (0)    1 :  0.006 0.043 0.951 
 21 TMA-ZAIN-G-    (0)    1 :  0.006 0.006 0.988 
 22 TMA-ZAIN-G-    (0)    1 :  0.003 0.020 0.976 
 23 TMA-ZAIN-G-    (0)    1 :  0.006 0.011 0.983 
 24 TMA-ZAIN-G-    (9)    1 :  0.201 0.020 0.779 
 25 TMA-ZAIN-G-    (9)    1 :  0.124 0.525 0.351 
 26 TMA-ZAIN-G-    (9)    1 :  0.731 0.147 0.122 
 27 TMA-ZAIN-G-    (0)    1 :  0.022 0.943 0.035 
 28 TMA-ZAIN-G-    (0)    1 :  0.014 0.898 0.088 
 29 TMA-ZAIN-G-    (0)    1 :  0.727 0.012 0.261 
 30 TMA-ZAIN-G-    (0)    1 :  0.799 0.067 0.134 
 31 TMA-ZAIN-G-    (0)    1 :  0.004 0.980 0.016 
 32 TMA-ZAIN-G-    (9)    1 :  0.121 0.803 0.076 
 33 TMA-ZAIN-G-   (18)    1 :  0.989 0.007 0.004 
 34 TMA-ZAIN-G-    (0)    1 :  0.717 0.249 0.034 
 35 TMA-ZAIN-G-    (9)    1 :  0.981 0.014 0.005 
 36 TMA-ZAIN-G-    (0)    1 :  0.990 0.006 0.004 
 37 TMA-ZAIN-G-    (9)    1 :  0.973 0.017 0.010 
 38 TMA-ZAIN-G-   (18)    1 :  0.133 0.791 0.076 
 39 TMA-ZAIN-G-    (0)    1 :  0.987 0.006 0.007 
 40 TMA-ZAIN-G-    (0)    1 :  0.990 0.005 0.005 
 41 TMA-ZAIN-G-    (0)    1 :  0.991 0.005 0.004 
 42 TMA-ZAIN-G-    (9)    1 :  0.991 0.006 0.003 
 43 TMA-ZAIN-G-    (0)    1 :  0.984 0.010 0.005 
 44 TMA-ZAIN-G-    (0)    1 :  0.017 0.006 0.977 
 45 TMA-ZAIN-G-    (0)    1 :  0.982 0.010 0.008 
 46 TMA-ZAIN-G-    (0)    1 :  0.004 0.005 0.991 
 47 TMA-ZAIN-G-    (0)    1 :  0.019 0.969 0.012 
 48 TMA-ZAIN-G-    (0)    1 :  0.803 0.119 0.078 
 49 TMA-ZAIN-G-    (9)    1 :  0.115 0.059 0.826 
 50 TMA-ZAIN-G-    (0)    1 :  0.167 0.072 0.762 
 51 TMA-ZAIN-G-    (0)    1 :  0.154 0.313 0.533 
 52 TMA-ZAIN-G-    (0)    1 :  0.081 0.165 0.754 
 53 TMA-ZAIN-G-    (0)    1 :  0.030 0.907 0.062 
 54 TMA-ZAIN-G-    (0)    1 :  0.029 0.965 0.007 
 55 TMA-ZAIN-G-    (0)    1 :  0.043 0.945 0.011 
 56 TMA-ZAIN-G-    (0)    1 :  0.555 0.360 0.084 
 57 TMA-ZAIN-G-    (0)    1 :  0.017 0.970 0.013 
 58 TMA-ZAIN-G-    (0)    1 :  0.038 0.511 0.450 
 59 TMA-ZAIN-G-    (0)    1 :  0.032 0.945 0.023 
 60 TMA-ZAIN-G-    (0)    1 :  0.014 0.965 0.021 
 61 TMA-ZAIN-G-    (0)    1 :  0.004 0.972 0.024 
 62 TMA-ZAIN-G-    (9)    1 :  0.018 0.966 0.016 
 63 TMA-ZAIN-G-    (0)    1 :  0.006 0.980 0.014 
 64 TMA-ZAIN-G-    (0)    1 :  0.993 0.004 0.003 
 65 TMA-ZAIN-G-    (9)    1 :  0.989 0.007 0.004 
 66 TMA-ZAIN-G-    (0)    1 :  0.992 0.004 0.004 
 67 TMA-ZAIN-G-    (0)    1 :  0.977 0.008 0.015 
 68 TMA-ZAIN-G-    (0)    1 :  0.992 0.005 0.003 
 69 TMA-ZAIN-G-    (0)    1 :  0.962 0.015 0.023 
 70 TMA-ZAIN-G-    (0)    1 :  0.987 0.005 0.008 
 71 TMA-ZAIN-G-    (0)    1 :  0.991 0.005 0.004 
 72 TMA-ZAIN-G-    (0)    1 :  0.987 0.007 0.006 
 73 TMA-ZAIN-G-    (0)    1 :  0.887 0.055 0.059 
 74 TMA-ZAIN-G-    (0)    1 :  0.953 0.020 0.026 
 75 TMA-ZAIN-G-    (0)    1 :  0.986 0.009 0.005 
 76 TMA-ZAIN-G-    (0)    1 :  0.902 0.014 0.085 
 77 TMA-ZAIN-G-    (0)    1 :  0.981 0.006 0.013 
 78 TMA-ZAIN-G-    (0)    1 :  0.896 0.021 0.083 
 79 TMA-ZAIN-G-    (0)    1 :  0.941 0.008 0.051 
 80 TMA-ZAIN-G-    (0)    1 :  0.987 0.006 0.007 
 81 TMA-ZAIN-G-    (0)    1 :  0.976 0.007 0.017 
 82 TMA-ZAIN-G-    (0)    1 :  0.989 0.008 0.004 
 83 TMA-ZAIN-G-    (9)    1 :  0.818 0.138 0.044 
 84 TMA-ZAIN-G-    (0)    1 :  0.936 0.010 0.054 
 85 TMA-ZAIN-G-    (0)    1 :  0.023 0.599 0.377 
 86 TMA-ZAIN-G-    (0)    1 :  0.079 0.217 0.704 
 87 TMA-ZAIN-G-    (0)    1 :  0.014 0.106 0.881 
 88 TMA-ZAIN-G-    (0)    1 :  0.121 0.859 0.020 
 89 TMA-ZAIN-G-    (0)    1 :  0.066 0.889 0.045 
 90 TMA-ZAIN-G-    (0)    1 :  0.043 0.864 0.094 
 91 TMA-ZAIN-G-    (0)    1 :  0.048 0.935 0.017 
 92 TMA-ZAIN-G-    (0)    1 :  0.041 0.667 0.292 
 93 TMA-ZAIN-G-    (0)    1 :  0.016 0.965 0.019 
 94 TMA-ZAIN-G-    (0)    1 :  0.008 0.937 0.055 
 95 TMA-ZAIN-G-    (0)    1 :  0.041 0.176 0.783 
 96 TMA-ZAIN-G-    (0)    1 :  0.289 0.323 0.388 
 97 TMA-ZAIN-G-    (0)    1 :  0.005 0.980 0.015 
 98 TMA-ZAIN-G-    (0)    1 :  0.004 0.990 0.006 
 99 TMA-ZAIN-G-    (0)    1 :  0.070 0.916 0.013 
100 TMA-ZAIN-G-    (0)    1 :  0.004 0.973 0.023 
101 TMA-ZAIN-G-    (0)    1 :  0.006 0.986 0.008 
102 TMA-ZAIN-G-    (0)    1 :  0.068 0.283 0.648 
103 TMA-ZAIN-G-    (0)    1 :  0.012 0.927 0.061 
104 TMA-ZAIN-G-    (0)    1 :  0.005 0.981 0.014 
105 TMA-ZAIN-G-    (0)    1 :  0.012 0.964 0.023 
106 TMA-ZAIN-G-    (0)    1 :  0.991 0.005 0.004 
107 TMA-ZAIN-G-    (0)    1 :  0.991 0.005 0.004 
108 TMA-ZAIN-G-    (9)    1 :  0.393 0.505 0.103 
109 TMA-ZAIN-G-    (0)    1 :  0.355 0.639 0.006 
110 TMA-ZAIN-G-    (0)    1 :  0.477 0.326 0.196 
111 TMA-ZAIN-G-    (9)    1 :  0.027 0.932 0.040 
112 TMA-ZAIN-G-    (0)    1 :  0.301 0.608 0.091 
113 TMA-ZAIN-G-    (0)    1 :  0.008 0.982 0.010 
114 TMA-ZAIN-G-    (0)    1 :  0.004 0.980 0.016 
115 TMA-ZAIN-G-    (0)    1 :  0.005 0.984 0.011 
116 TMA-ZAIN-G-    (0)    1 :  0.980 0.017 0.003 
117 TMA-ZAIN-G-    (0)    1 :  0.985 0.010 0.005 
118 TMA-ZAIN-G-    (0)    1 :  0.985 0.010 0.004 
119 TMA-ZAIN-G-    (0)    1 :  0.948 0.043 0.009 
120 TMA-ZAIN-G-    (0)    1 :  0.983 0.013 0.005 
121 TMA-ZAIN-G-    (0)    1 :  0.983 0.013 0.004 
122 TMA-ZAIN-G-    (0)    1 :  0.977 0.014 0.010 
123 TMA-ZAIN-G-    (0)    1 :  0.010 0.904 0.086 
124 TMA-ZAIN-G-    (0)    1 :  0.987 0.008 0.005 
125 TMA-ZAIN-G-    (0)    1 :  0.990 0.006 0.004 
126 TMA-ZAIN-G-    (0)    1 :  0.987 0.009 0.004 
127 TMA-ZAIN-G-    (0)    1 :  0.991 0.005 0.004 
128 TMA-ZAIN-G-    (0)    1 :  0.990 0.006 0.004 
129 TMA-ZAIN-G-    (0)    1 :  0.985 0.010 0.005 
130 TMA-ZAIN-G-    (0)    1 :  0.978 0.018 0.004 
131 TMA-ZAIN-G-    (0)    1 :  0.987 0.008 0.005 
132 TMA-ZAIN-G-    (0)    1 :  0.988 0.008 0.004 
133 TMA-ZAIN-G-    (0)    1 :  0.983 0.006 0.011 
134 TMA-ZAIN-G-    (0)    1 :  0.985 0.008 0.007 
135 TMA-ZAIN-G-    (0)    1 :  0.988 0.005 0.006 
136 TMA-ZAIN-G-    (0)    1 :  0.987 0.008 0.005 
137 TMA-ZAIN-G-    (0)    1 :  0.985 0.009 0.006 
138 TMA-ZAIN-G-    (0)    1 :  0.990 0.007 0.003 
139 TMA-ZAIN-G-    (0)    1 :  0.986 0.009 0.005 
140 TMA-ZAIN-G-    (0)    1 :  0.989 0.005 0.005 
141 TMA-ZAIN-G-    (0)    1 :  0.989 0.006 0.005 
142 TMA-ZAIN-G-    (9)    1 :  0.990 0.006 0.004 
143 TMA-ZAIN-G-    (0)    1 :  0.990 0.006 0.004 
144 TMA-ZAIN-G-    (0)    1 :  0.985 0.008 0.007 
145 TMA-ZAIN-G-    (0)    1 :  0.991 0.006 0.003 
146 TMA-ZAIN-G-    (0)    1 :  0.991 0.005 0.004 
147 TMA-ZAIN-G-    (9)    1 :  0.991 0.005 0.004 
148 TMA-ZAIN-G-    (0)    1 :  0.991 0.005 0.004 
149 TMA-ZAIN-G-    (0)    1 :  0.920 0.050 0.030 
150 TMA-ZAIN-G-    (0)    1 :  0.928 0.048 0.024 
151 TMA-ZAIN-G-    (0)    1 :  0.991 0.006 0.003 
152 TMA-ZAIN-G-    (0)    1 :  0.989 0.007 0.003 
153 TMA-ZAIN-G-    (0)    1 :  0.992 0.005 0.003 
154 TMA-ZAIN-G-    (0)    1 :  0.989 0.008 0.003 
155 TMA-ZAIN-G-    (0)    1 :  0.990 0.006 0.004 
156 TMA-ZAIN-G-    (9)    1 :  0.986 0.010 0.004 
157 TMA-ZAIN-G-    (0)    1 :  0.990 0.006 0.004 
158 TMA-ZAIN-G-    (0)    1 :  0.988 0.007 0.005 
159 TMA-ZAIN-G-    (0)    1 :  0.991 0.006 0.003 
160 TMA-ZAIN-G-    (0)    1 :  0.988 0.009 0.003 
161 TMA-ZAIN-G-    (0)    1 :  0.991 0.005 0.004 
162 TMA-ZAIN-G-    (0)    1 :  0.936 0.046 0.018 
163 TMA-ZAIN-G-    (0)    1 :  0.991 0.006 0.003 
164 TMA-ZAIN-G-    (0)    1 :  0.984 0.012 0.005 
165 TMA-ZAIN-G-    (0)    1 :  0.990 0.007 0.003 
166 TMA-ZAIN-G-    (0)    1 :  0.991 0.006 0.003 
167 TMA-ZAIN-G-    (0)    1 :  0.985 0.009 0.007 
168 TMA-ZAIN-G-    (0)    1 :  0.990 0.005 0.004 
169 TMA-ZAIN-G-    (0)    1 :  0.991 0.005 0.004 
170 TMA-ZAIN-G-    (0)    1 :  0.973 0.011 0.017 
171 TMA-ZAIN-G-    (0)    1 :  0.991 0.005 0.004 
172 TMA-ZAIN-G-    (0)    1 :  0.989 0.005 0.006 
173 TMA-ZAIN-G-    (0)    1 :  0.987 0.006 0.007 
174 TMA-ZAIN-G-    (0)    1 :  0.992 0.005 0.003 
175 TMA-ZAIN-G-    (0)    1 :  0.990 0.005 0.004 
176 TMA-ZAIN-G-    (0)    1 :  0.991 0.005 0.004 
177 TMA-ZAIN-G-    (0)    1 :  0.991 0.005 0.005 
178 TMA-ZAIN-G-    (0)    1 :  0.988 0.006 0.006 
179 TMA-ZAIN-G-    (0)    1 :  0.992 0.004 0.004 
180 TMA-ZAIN-G-    (0)    1 :  0.988 0.006 0.006 
181 TMA-ZAIN-G-    (0)    1 :  0.990 0.006 0.004 
182 TMA-ZAIN-G-    (0)    1 :  0.984 0.012 0.005 
183 TMA-ZAIN-G-    (0)    1 :  0.989 0.006 0.004 
184 TMA-ZAIN-G-    (0)    1 :  0.912 0.060 0.029 
185 TMA-ZAIN-G-    (0)    1 :  0.898 0.050 0.051 
186 TMA-ZAIN-G-    (9)    1 :  0.984 0.006 0.010 
187 TMA-ZAIN-G-    (0)    1 :  0.989 0.005 0.005 
188 TMA-ZAIN-G-    (0)    1 :  0.991 0.005 0.004 
189 TMA-ZAIN-G-    (0)    1 :  0.993 0.004 0.004 
190 TMA-ZAIN-G-    (0)    1 :  0.991 0.005 0.005 
191 TMA-ZAIN-G-    (0)    1 :  0.940 0.025 0.035 
192 TMA-ZAIN-G-    (0)    1 :  0.988 0.005 0.007 
193 TMA-ZAIN-G-    (0)    1 :  0.986 0.009 0.005 
194 TMA-ZAIN-G-    (0)    1 :  0.983 0.010 0.007 
195 TMA-ZAIN-G-    (0)    1 :  0.988 0.007 0.004 
196 TMA-ZAIN-G-    (0)    1 :  0.988 0.008 0.005 
197 TMA-ZAIN-G-    (0)    1 :  0.983 0.012 0.005 
198 TMA-ZAIN-G-    (0)    1 :  0.989 0.006 0.004 
199 TMA-ZAIN-G-    (0)    1 :  0.985 0.008 0.008 
200 TMA-ZAIN-G-    (0)    1 :  0.006 0.008 0.986 
201 TMA-ZAIN-G-    (0)    1 :  0.005 0.006 0.989 
202 TMA-ZAIN-G-    (0)    1 :  0.010 0.006 0.984 
203 TMA-ZAIN-G-    (0)    1 :  0.968 0.027 0.006 
204 TMA-ZAIN-G-    (9)    1 :  0.009 0.013 0.978 
205 TMA-ZAIN-G-    (0)    1 :  0.021 0.011 0.968 
206 TMA-ZAIN-G-    (9)    1 :  0.018 0.019 0.963 
207 TMA-ZAIN-G-    (9)    1 :  0.939 0.041 0.020 
208 TMA-ZAIN-G-    (0)    1 :  0.992 0.005 0.004 
209 TMA-ZAIN-G-    (0)    1 :  0.990 0.007 0.004 
210 TMA-ZAIN-G-    (0)    1 :  0.989 0.007 0.004 
211 TMA-ZAIN-G-    (0)    1 :  0.969 0.013 0.018 
212 TMA-ZAIN-G-    (0)    1 :  0.989 0.006 0.005 
213 TMA-ZAIN-G-    (0)    1 :  0.989 0.006 0.005 
214 TMA-ZAIN-G-    (0)    1 :  0.991 0.005 0.005 
215 TMA-ZAIN-G-    (0)    1 :  0.761 0.004 0.234 
216 TMA-ZAIN-G-    (0)    1 :  0.987 0.006 0.007 
217 TMA-ZAIN-G-    (0)    1 :  0.992 0.005 0.004 
218 TMA-ZAIN-G-    (0)    1 :  0.059 0.043 0.898 
219 TMA-ZAIN-G-    (0)    1 :  0.016 0.024 0.960 
220 TMA-ZAIN-G-    (0)    1 :  0.031 0.788 0.181 
221 TMA-ZAIN-G-    (0)    1 :  0.016 0.009 0.975 
222 TMA-ZAIN-G-    (0)    1 :  0.053 0.082 0.866 
223 TMA-ZAIN-G-    (0)    1 :  0.006 0.023 0.971 
224 TMA-ZAIN-G-    (0)    1 :  0.039 0.060 0.901 
225 TMA-ZAIN-G-    (0)    1 :  0.009 0.019 0.972 
226 TMA-ZAIN-G-    (0)    1 :  0.026 0.077 0.897 
227 TMA-ZAIN-G-    (0)    1 :  0.022 0.017 0.961 
228 TMA-ZAIN-G-    (0)    1 :  0.051 0.142 0.807 
229 TMA-ZAIN-G-    (0)    1 :  0.006 0.018 0.976 
230 TMA-ZAIN-G-    (0)    1 :  0.366 0.435 0.200 
231 TMA-ZAIN-G-    (0)    1 :  0.038 0.114 0.848 
232 TMA-ZAIN-G-    (9)    1 :  0.023 0.065 0.912 
233 TMA-ZAIN-G-    (0)    1 :  0.166 0.049 0.785 
234 TMA-ZAIN-G-    (0)    1 :  0.023 0.286 0.691 
235 TMA-ZAIN-G-    (0)    1 :  0.142 0.522 0.336 
236 TMA-ZAIN-G-    (0)    1 :  0.028 0.041 0.931 
237 TMA-ZAIN-G-    (0)    1 :  0.086 0.827 0.087 
238 TMA-ZAIN-G-    (0)    1 :  0.080 0.091 0.829 
239 TMA-ZAIN-G-    (0)    1 :  0.115 0.086 0.799 
240 TMA-ZAIN-G-    (0)    1 :  0.004 0.005 0.990 
241 TMA-ZAIN-G-    (0)    1 :  0.009 0.006 0.985 
242 TMA-ZAIN-G-    (0)    1 :  0.008 0.005 0.987 
243 TMA-ZAIN-G-    (0)    1 :  0.011 0.005 0.983 
244 TMA-ZAIN-G-    (0)    1 :  0.018 0.007 0.976 
245 TMA-ZAIN-G-    (9)    1 :  0.005 0.004 0.991 
246 TMA-ZAIN-G-    (0)    1 :  0.004 0.003 0.993 
247 TMA-ZAIN-G-    (0)    1 :  0.006 0.004 0.990 
248 TMA-ZAIN-G-    (0)    1 :  0.010 0.006 0.985 
249 TMA-ZAIN-G-    (0)    1 :  0.005 0.004 0.991 
250 TMA-ZAIN-G-    (0)    1 :  0.004 0.004 0.992 
251 TMA-ZAIN-G-    (0)    1 :  0.014 0.981 0.005 
252 TMA-ZAIN-G-    (0)    1 :  0.189 0.804 0.007 
253 TMA-ZAIN-G-    (0)    1 :  0.035 0.959 0.006 
254 TMA-ZAIN-G-    (9)    1 :  0.081 0.913 0.006 
255 TMA-ZAIN-G-    (0)    1 :  0.026 0.965 0.009 
256 TMA-ZAIN-G-    (0)    1 :  0.072 0.910 0.018 
257 TMA-ZAIN-G-    (0)    1 :  0.016 0.975 0.008 
258 TMA-ZAIN-G-    (0)    1 :  0.015 0.979 0.006 
259 TMA-ZAIN-G-    (0)    1 :  0.023 0.964 0.014 
260 TMA-ZAIN-G-    (0)    1 :  0.029 0.961 0.010 
261 TMA-ZAIN-G-   (18)    1 :  0.029 0.965 0.006 
262 TMA-ZAIN-G-    (0)    1 :  0.012 0.982 0.006 
263 TMA-ZAIN-G-    (0)    1 :  0.011 0.982 0.007 
264 TMA-ZAIN-G-    (0)    1 :  0.011 0.983 0.005 
265 TMA-ZAIN-G-    (0)    1 :  0.230 0.478 0.292 
266 TMA-ZAIN-G-    (0)    1 :  0.166 0.817 0.017 
267 TMA-ZAIN-G-    (0)    1 :  0.023 0.445 0.532 
268 TMA-ZAIN-G-    (0)    1 :  0.005 0.029 0.966 
269 TMA-ZAIN-G-    (0)    1 :  0.006 0.071 0.923 
270 TMA-ZAIN-G-    (0)    1 :  0.006 0.048 0.946 
271 TMA-ZAIN-G-    (0)    1 :  0.005 0.022 0.973 
272 TMA-ZAIN-G-    (0)    1 :  0.005 0.018 0.977 
273 TMA-ZAIN-G-    (0)    1 :  0.003 0.010 0.987 
274 TMA-ZAIN-G-    (0)    1 :  0.012 0.018 0.970 
275 TMA-ZAIN-G-    (0)    1 :  0.003 0.006 0.991 
276 TMA-ZAIN-G-    (0)    1 :  0.004 0.007 0.989 
277 TMA-ZAIN-G-    (0)    1 :  0.006 0.013 0.982 
278 TMA-ZAIN-G-    (0)    1 :  0.004 0.007 0.989 
279 TMA-ZAIN-G-    (0)    1 :  0.005 0.009 0.987 
280 TMA-ZAIN-G-    (0)    1 :  0.005 0.018 0.977 
281 TMA-ZAIN-G-    (0)    1 :  0.005 0.022 0.973 
282 TMA-ZAIN-G-    (9)    1 :  0.004 0.012 0.985 
283 TMA-ZAIN-G-    (0)    1 :  0.010 0.074 0.917 
284 TMA-ZAIN-G-    (0)    1 :  0.012 0.187 0.801 
285 TMA-ZAIN-G-    (0)    1 :  0.014 0.025 0.961 
286 TMA-ZAIN-G-    (0)    1 :  0.004 0.017 0.979 
287 TMA-ZAIN-G-    (0)    1 :  0.008 0.015 0.977 
288 TMA-ZAIN-G-    (0)    1 :  0.022 0.053 0.925 
289 TMA-ZAIN-G-    (0)    1 :  0.012 0.019 0.969 
290 TMA-ZAIN-G-    (0)    1 :  0.009 0.148 0.843 
291 TMA-ZAIN-G-    (0)    1 :  0.017 0.058 0.926 
292 TMA-ZAIN-G-    (0)    1 :  0.972 0.010 0.018 
293 TMA-ZAIN-G-    (0)    1 :  0.982 0.008 0.010 
294 TMA-ZAIN-G-    (0)    1 :  0.988 0.006 0.006 
295 TMA-ZAIN-G-    (9)    1 :  0.982 0.007 0.011 
296 TMA-ZAIN-G-    (0)    1 :  0.977 0.014 0.009 
297 TMA-ZAIN-G-    (0)    1 :  0.985 0.008 0.007 
298 TMA-ZAIN-G-    (0)    1 :  0.944 0.022 0.034 
299 TMA-ZAIN-G-    (0)    1 :  0.984 0.006 0.010 
300 TMA-ZAIN-G-    (0)    1 :  0.987 0.005 0.008 
301 TMA-ZAIN-G-    (0)    1 :  0.985 0.006 0.009 
302 TMA-ZAIN-G-    (9)    1 :  0.989 0.006 0.005 
303 TMA-ZAIN-G-    (0)    1 :  0.014 0.858 0.128 
304 TMA-ZAIN-G-    (0)    2 :  0.217 0.774 0.010 
305 TMA-ZAIN-G-    (0)    2 :  0.988 0.006 0.006 
306 TMA-ZAIN-G-    (0)    2 :  0.303 0.669 0.028 
307 TMA-ZAIN-G-    (0)    2 :  0.516 0.470 0.014 
308 TMA-ZAIN-G-    (0)    2 :  0.012 0.972 0.017 
309 TMA-ZAIN-G-    (0)    2 :  0.991 0.005 0.005 
310 TMA-ZAIN-G-    (0)    2 :  0.956 0.011 0.033 
311 TMA-ZAIN-G-    (0)    2 :  0.924 0.060 0.016 
312 TMA-ZAIN-G-    (0)    2 :  0.979 0.011 0.010 
313 TMA-ZAIN-G-    (0)    2 :  0.695 0.287 0.018 
314 TMA-ZAIN-G-    (0)    2 :  0.009 0.607 0.384 
315 TMA-ZAIN-G-    (0)    2 :  0.484 0.012 0.505 
316 TMA-ZAIN-G-    (0)    2 :  0.427 0.016 0.557 
317 TMA-ZAIN-G-    (0)    2 :  0.021 0.786 0.193 
318 TMA-ZAIN-G-    (9)    2 :  0.006 0.538 0.456 
319 TMA-ZAIN-G-    (0)    3 :  0.197 0.311 0.492 
320 TMA-ZAIN-G-    (0)    3 :  0.620 0.009 0.371 
321 TMA-ZAIN-G-    (0)    4 :  0.659 0.177 0.165 
322 TMA-ZAIN-G-    (0)    4 :  0.340 0.621 0.040 
323 TMA-ZAIN-G-    (0)    5 :  0.191 0.040 0.769 
324 TMA-ZAIN-G-    (0)    5 :  0.977 0.017 0.006 
325 TMA-ZAIN-G-    (0)    5 :  0.014 0.010 0.976 
326 TMA-ZAIN-G-    (0)    5 :  0.541 0.016 0.444 
327 TMA-ZAIN-G-    (0)    5 :  0.985 0.010 0.005 
328 TMA-ZAIN-G-    (0)    5 :  0.471 0.093 0.436 
329 TMA-ZAIN-G-    (0)    5 :  0.984 0.008 0.008 
330 TMA-ZAIN-G-    (0)    6 :  0.988 0.008 0.004 
331 TMA-ZAIN-G-    (0)    6 :  0.710 0.148 0.141 
332 TMA-ZAIN-G-    (0)    6 :  0.992 0.004 0.003 
333 TMA-ZAIN-G-    (0)    6 :  0.986 0.009 0.005 
334 TMA-ZAIN-G-    (0)    6 :  0.004 0.010 0.986 
335 TMA-ZAIN-G-    (0)    6 :  0.005 0.005 0.990 
336 TMA-ZAIN-G-    (0)    6 :  0.007 0.012 0.981 
337 TMA-ZAIN-G-    (9)    6 :  0.006 0.092 0.902 
338 TMA-ZAIN-G-    (0)    6 :  0.003 0.015 0.982 
339 TMA-ZAIN-G-    (0)    6 :  0.003 0.011 0.986 
340 TMA-ZAIN-G-    (0)    6 :  0.004 0.007 0.990 
341 TMA-ZAIN-G-    (0)    6 :  0.006 0.008 0.986 
342 TMA-ZAIN-G-    (0)    6 :  0.004 0.007 0.988 
343 TMA-ZAIN-G-    (0)    7 :  0.004 0.010 0.987 
344 TMA-ZAIN-G-    (0)    7 :  0.005 0.007 0.988 
345 TMA-ZAIN-G-    (0)    7 :  0.003 0.006 0.991 
346 TMA-ZAIN-G-    (0)    7 :  0.005 0.013 0.982 
347 TMA-ZAIN-G-    (9)    7 :  0.004 0.009 0.987 
348 TMA-ZAIN-G-    (0)    7 :  0.006 0.023 0.971 
349 TMA-ZAIN-G-    (0)    7 :  0.005 0.011 0.984 
350 TMA-ZAIN-G-    (0)    7 :  0.009 0.019 0.972 
351 TMA-ZAIN-G-    (0)    7 :  0.005 0.008 0.987 
352 TMA-ZAIN-G-    (0)    7 :  0.007 0.009 0.984 
353 TMA-ZAIN-G-    (0)    7 :  0.007 0.023 0.970 
354 TMA-ZAIN-G-    (0)    7 :  0.004 0.005 0.991 
355 TMA-ZAIN-G-    (0)    7 :  0.008 0.009 0.983 
356 TMA-ZAIN-G-    (0)    8 :  0.975 0.014 0.011 
357 TMA-ZAIN-G-    (0)    8 :  0.986 0.009 0.006 
358 TMA-ZAIN-G-    (0)    8 :  0.914 0.051 0.036 
359 TMA-ZAIN-G-    (0)    8 :  0.936 0.031 0.032 
360 TMA-ZAIN-G-    (0)    8 :  0.989 0.006 0.006 
361 TMA-ZAIN-G-    (0)    8 :  0.979 0.015 0.006 
362 TMA-ZAIN-G-    (0)    8 :  0.972 0.008 0.020 
363 TMA-ZAIN-G-    (0)    9 :  0.970 0.012 0.018 
364 TMA-ZAIN-G-    (0)    9 :  0.012 0.963 0.024 
365 TMA-ZAIN-G-    (0)    9 :  0.749 0.015 0.236 
366 TMA-ZAIN-G-    (0)    9 :  0.983 0.008 0.009 
367 TMA-ZAIN-G-    (0)    9 :  0.871 0.117 0.012 
368 TMA-ZAIN-G-    (0)    9 :  0.987 0.007 0.006 
369 TMA-ZAIN-G-    (0)    9 :  0.992 0.004 0.004 
370 TMA-ZAIN-G-    (0)    9 :  0.986 0.009 0.005 
371 TMA-ZAIN-G-    (0)    9 :  0.990 0.006 0.004 
372 TMA-ZAIN-G-    (0)    9 :  0.989 0.007 0.004 
373 TMA-ZAIN-G-    (0)    9 :  0.986 0.007 0.006 
374 TMA-ZAIN-G-    (0)   10 :  0.081 0.912 0.007 
375 TMA-ZAIN-G-    (0)   10 :  0.483 0.171 0.345 
376 TMA-ZAIN-G-    (9)   10 :  0.990 0.006 0.004 
377 TMA-ZAIN-G-    (0)   10 :  0.993 0.004 0.003 
378 TMA-ZAIN-G-    (0)   10 :  0.991 0.006 0.003 
379 TMA-ZAIN-G-    (0)   10 :  0.991 0.006 0.003 
380 TMA-ZAIN-G-    (0)   10 :  0.991 0.005 0.004 
381 TMA-ZAIN-G-    (9)   10 :  0.149 0.716 0.135 
382 TMA-ZAIN-G-    (9)   10 :  0.013 0.641 0.346 
383    ZFB01    (0)   11 :  0.006 0.975 0.019 
384    ZFB02    (0)   11 :  0.004 0.923 0.074 
385    ZFB03    (0)   11 :  0.007 0.981 0.012 
386    ZFB04    (0)   11 :  0.004 0.852 0.144 
387    ZFB05    (0)   11 :  0.005 0.844 0.151 
388    ZFB06    (0)   11 :  0.005 0.920 0.075 
389    ZFB07    (9)   11 :  0.014 0.840 0.146 
390    ZFB08    (0)   11 :  0.006 0.984 0.010 
391    ZFB09    (0)   11 :  0.004 0.987 0.009 
392    ZFB10    (0)   11 :  0.012 0.971 0.018 
393    ZFB11    (0)   11 :  0.009 0.978 0.012 
394    ZFB12    (0)   11 :  0.008 0.975 0.017 
395    ZFB13    (0)   11 :  0.009 0.979 0.013 
396    ZFB14    (0)   11 :  0.007 0.986 0.007 
397    ZFB15    (0)   11 :  0.004 0.960 0.036 
398    ZFB16    (0)   11 :  0.006 0.960 0.034 
399    ZFB17    (0)   11 :  0.005 0.980 0.015 
400    ZFB18    (0)   11 :  0.005 0.988 0.007 
401    ZFB19    (0)   11 :  0.024 0.960 0.016 
402    ZFB20    (0)   11 :  0.006 0.940 0.054 
403    ZFB21    (0)   11 :  0.004 0.931 0.065 
404    ZFB22    (0)   11 :  0.006 0.888 0.106 
405    ZFB23    (0)   11 :  0.011 0.963 0.026 
406    ZFB24    (0)   11 :  0.009 0.962 0.030 
407    ZFB25    (0)   11 :  0.024 0.966 0.010 
408    ZFB26    (0)   11 :  0.022 0.896 0.082 
409    ZFB27    (0)   11 :  0.011 0.907 0.082 
410    ZFB28    (0)   11 :  0.008 0.955 0.037 
411    ZFB29    (0)   11 :  0.005 0.976 0.019 
412    ZFB30    (0)   11 :  0.011 0.656 0.334 
413    ZFB31    (0)   11 :  0.019 0.970 0.012 
414    ZFB32    (0)   11 :  0.012 0.973 0.015 
415    ZFB33    (0)   11 :  0.005 0.953 0.042 
416    ZFB34    (0)   11 :  0.005 0.987 0.008 
417    ZFB35    (0)   11 :  0.009 0.970 0.022 
418  ZFBP101    (0)   12 :  0.966 0.023 0.011 
419  ZFBP102    (0)   12 :  0.972 0.017 0.011 
420  ZFBP103    (0)   12 :  0.971 0.020 0.009 
421  ZFBP104    (0)   12 :  0.902 0.063 0.035 
422  ZFBP105    (0)   12 :  0.985 0.008 0.007 
423  ZFBP106    (0)   12 :  0.990 0.006 0.004 
424  ZFBP107    (0)   12 :  0.977 0.009 0.014 
425  ZFBP108    (0)   12 :  0.991 0.004 0.004 
426  ZFBP109    (0)   12 :  0.992 0.005 0.003 
427  ZFBP110    (0)   12 :  0.938 0.048 0.014 
428  ZFBP111    (0)   12 :  0.992 0.004 0.004 
429  ZFBP112    (0)   12 :  0.985 0.007 0.008 
430  ZFBP113    (0)   12 :  0.990 0.005 0.005 
431  ZFBP114    (0)   12 :  0.987 0.006 0.006 
432  ZFBP115    (0)   12 :  0.990 0.005 0.005 
433  ZFBP116    (0)   12 :  0.990 0.004 0.006 
434  ZFBP117    (0)   12 :  0.992 0.005 0.003 
435  ZFBP118    (0)   12 :  0.989 0.005 0.007 
436  ZFBP119    (0)   12 :  0.989 0.007 0.004 
437  ZFBP120    (0)   12 :  0.987 0.007 0.006 
438  ZFBP121    (0)   12 :  0.988 0.008 0.004 
439  ZFBP122    (9)   12 :  0.990 0.005 0.005 
440  ZFBP123    (0)   12 :  0.982 0.009 0.009 
441  ZFBP124    (0)   12 :  0.984 0.010 0.006 
442  ZFBP125    (0)   12 :  0.992 0.005 0.003 
443  ZFBP126    (0)   12 :  0.966 0.022 0.013 
444  ZFBP127    (0)   12 :  0.991 0.005 0.004 
445  ZFBP128    (0)   12 :  0.990 0.007 0.003 
446  ZFBP129    (0)   12 :  0.990 0.007 0.004 
447  ZFBP130    (0)   12 :  0.991 0.005 0.004 
448  ZFBP131    (0)   12 :  0.989 0.006 0.005 
449  ZFBP132    (0)   12 :  0.991 0.005 0.004 
450  ZFBP133    (0)   12 :  0.990 0.007 0.003 
451  ZFBP134    (0)   12 :  0.988 0.008 0.004 
452  ZFBP135    (0)   12 :  0.929 0.060 0.010 
453  ZFBP136    (0)   12 :  0.982 0.010 0.008 
454  ZFBP201    (0)   13 :  0.982 0.010 0.008 
455  ZFBP202    (0)   13 :  0.989 0.006 0.005 
456  ZFBP203    (0)   13 :  0.946 0.012 0.042 
457  ZFBP204    (0)   13 :  0.985 0.008 0.006 
458  ZFBP205    (0)   13 :  0.986 0.007 0.006 
459  ZFBP206    (0)   13 :  0.978 0.012 0.010 
460  ZFBP207    (0)   13 :  0.989 0.007 0.004 
461  ZFBP208    (0)   13 :  0.975 0.009 0.016 
462  ZFBP209    (0)   13 :  0.991 0.006 0.003 
463  ZFBP210    (0)   13 :  0.983 0.008 0.009 
464  ZFBP211    (0)   13 :  0.990 0.006 0.004 
465  ZFBP212    (0)   13 :  0.991 0.005 0.005 
466  ZFBP213    (0)   13 :  0.978 0.015 0.007 
467  ZFBP214    (0)   13 :  0.969 0.025 0.006 
468  ZFBP215    (0)   13 :  0.990 0.006 0.004 
469  ZFBP216    (0)   13 :  0.983 0.007 0.010 
470  ZFBP217    (0)   13 :  0.991 0.006 0.004 
471  ZFBP218    (0)   13 :  0.991 0.005 0.004 
472  ZFBP219    (0)   13 :  0.990 0.005 0.005 
473  ZFBP220    (0)   13 :  0.991 0.005 0.004 
474  ZFBP221    (0)   13 :  0.990 0.005 0.004 
475  ZFBP222    (0)   13 :  0.981 0.012 0.007 
476  ZFBP223    (0)   13 :  0.985 0.008 0.006 
477  ZFBP224    (0)   13 :  0.986 0.008 0.006 
478  ZFBP225    (0)   13 :  0.988 0.006 0.006 
479  ZFBP226    (0)   13 :  0.989 0.005 0.006 
480  ZFBP227    (0)   13 :  0.860 0.068 0.073 
481  ZFBP228    (0)   13 :  0.989 0.007 0.004 
482  ZFBP229    (0)   13 :  0.990 0.005 0.004 
483  ZFBP230    (0)   13 :  0.989 0.007 0.004 
484  ZFBP231    (0)   13 :  0.988 0.007 0.005 
485  ZFBP232    (0)   13 :  0.991 0.005 0.004 
486  ZFBP233    (0)   13 :  0.988 0.007 0.005 
487   ZFCC01    (0)   14 :  0.009 0.985 0.007 
488   ZFCC03    (0)   14 :  0.020 0.975 0.005 
489   ZFCC04    (0)   14 :  0.017 0.976 0.007 
490   ZFCC05    (0)   14 :  0.031 0.961 0.009 
491   ZFCC08    (0)   14 :  0.180 0.813 0.007 
492   ZFCC09    (0)   14 :  0.015 0.980 0.006 
493   ZFCC10    (0)   14 :  0.007 0.987 0.006 
494   ZFCC11    (0)   14 :  0.015 0.980 0.005 
495   ZFCC12    (0)   14 :  0.014 0.959 0.027 
496   ZFCC13    (0)   14 :  0.119 0.867 0.015 
497   ZFCC14    (0)   14 :  0.016 0.974 0.010 
498   ZFCC15    (0)   14 :  0.015 0.977 0.008 
499   ZFCC16    (0)   14 :  0.011 0.982 0.007 
500   ZFCC17    (0)   14 :  0.010 0.972 0.017 
501   ZFCC18    (0)   14 :  0.019 0.974 0.006 
502   ZFCC19    (0)   14 :  0.007 0.979 0.013 
503   ZFCC20    (0)   14 :  0.026 0.968 0.006 
504   ZFCC21    (0)   14 :  0.109 0.879 0.011 
505   ZFCC22    (0)   14 :  0.747 0.231 0.022 
506   ZFCC26    (0)   14 :  0.013 0.981 0.006 
507   ZFCC27    (0)   14 :  0.015 0.980 0.005 
508   ZFCC29    (0)   14 :  0.013 0.978 0.009 
509   ZFCC30    (0)   14 :  0.030 0.965 0.005 
510   ZFCC32    (0)   14 :  0.016 0.975 0.009 
511   ZFCC33    (0)   14 :  0.013 0.975 0.011 
512   ZFCC34    (0)   14 :  0.214 0.755 0.031 
513   ZFCC35    (0)   14 :  0.021 0.971 0.007 
514   ZFCC36    (0)   14 :  0.050 0.927 0.023 
515   ZFCC37    (0)   14 :  0.024 0.943 0.033 
516   ZFCC40    (0)   14 :  0.013 0.975 0.012 
517   ZFCC42    (0)   14 :  0.065 0.315 0.620 
518   ZFCC44    (0)   14 :  0.034 0.954 0.011 
519   ZFCC45    (9)   14 :  0.011 0.965 0.024 
520   ZFCC46    (0)   14 :  0.442 0.551 0.007 
521   ZFCC47    (0)   14 :  0.025 0.963 0.012 
522   ZFCC48    (0)   14 :  0.150 0.843 0.007 
523   ZFCC50    (0)   14 :  0.011 0.981 0.008 
524   ZFCC51    (0)   14 :  0.023 0.973 0.004 
525   ZFCC52    (0)   14 :  0.075 0.913 0.012 
526   ZFCC53    (0)   14 :  0.011 0.984 0.005 
527  ZFCNS01    (0)   15 :  0.978 0.010 0.012 
528  ZFCNS02    (0)   15 :  0.985 0.010 0.005 
529  ZFCNS05    (0)   15 :  0.970 0.025 0.005 
530  ZFCNS06    (0)   15 :  0.971 0.024 0.005 
531  ZFCNS07    (0)   15 :  0.987 0.008 0.005 
532  ZFCNS10    (0)   15 :  0.990 0.006 0.004 
533  ZFCNS11    (0)   15 :  0.982 0.011 0.008 
534  ZFCNS15    (0)   15 :  0.988 0.007 0.005 
535  ZFCNS17    (0)   15 :  0.984 0.011 0.005 
536  ZFCNS18    (0)   15 :  0.987 0.008 0.005 
537  ZFCNS19    (0)   15 :  0.974 0.021 0.005 
538  ZFCNS20    (0)   15 :  0.985 0.010 0.005 
539  ZFCNS21    (0)   15 :  0.980 0.016 0.005 
540  ZFCNS22    (0)   15 :  0.983 0.012 0.005 
541  ZFCNS23    (0)   15 :  0.977 0.016 0.008 
542  ZFCNS24    (0)   15 :  0.980 0.015 0.005 
543  ZFCNS25    (0)   15 :  0.987 0.008 0.005 
544  ZFCNS26    (0)   15 :  0.986 0.009 0.005 
545  ZFCNS27    (0)   15 :  0.988 0.006 0.006 
546  ZFCNS28    (0)   15 :  0.967 0.028 0.005 
547  ZFCNS29    (0)   15 :  0.981 0.013 0.006 
548  ZFCNS30    (0)   15 :  0.968 0.027 0.005 
549  ZFCNS31    (0)   15 :  0.985 0.010 0.005 
550  ZFCNS32    (0)   15 :  0.978 0.017 0.005 
551  ZFCNS33    (0)   15 :  0.986 0.009 0.005 
552  ZFCNS34    (0)   15 :  0.959 0.036 0.005 
553  ZFCNS35    (0)   15 :  0.978 0.017 0.005 
554  ZFCNS36    (0)   15 :  0.969 0.025 0.005 
555  ZFCNS37    (0)   15 :  0.984 0.011 0.005 
556  ZFCNS39    (0)   15 :  0.988 0.008 0.005 
557  ZFCNS40    (0)   15 :  0.986 0.010 0.005 
558  ZFCNS41    (0)   15 :  0.979 0.013 0.008 
559  ZFCNS42    (0)   15 :  0.986 0.009 0.005 
560  ZFCNS43    (0)   15 :  0.975 0.020 0.005 
561  ZFCNS44    (0)   15 :  0.988 0.008 0.004 
562  ZFCNS46    (0)   15 :  0.984 0.011 0.005 
563  ZFCNS47    (0)   15 :  0.980 0.015 0.005 
564  ZFCNS48    (0)   15 :  0.988 0.008 0.005 
565  ZFCNS49    (0)   15 :  0.990 0.006 0.004 
566   ZFCR01    (0)   16 :  0.028 0.786 0.185 
567   ZFCR02    (0)   16 :  0.068 0.916 0.015 
568   ZFCR03    (0)   16 :  0.018 0.936 0.046 
569   ZFCR04    (0)   16 :  0.019 0.940 0.041 
570   ZFCR05    (0)   16 :  0.005 0.973 0.022 
571   ZFCR06    (0)   16 :  0.276 0.674 0.050 
572   ZFCR07    (0)   16 :  0.048 0.902 0.050 
573   ZFCR08    (0)   16 :  0.073 0.322 0.605 
574   ZFCR09    (0)   16 :  0.164 0.495 0.341 
575   ZFCR11    (0)   16 :  0.073 0.889 0.039 
576   ZFCR12    (0)   16 :  0.096 0.894 0.010 
577   ZFCR13    (0)   16 :  0.039 0.939 0.022 
578   ZFCR14    (0)   16 :  0.011 0.975 0.014 
579   ZFCR15    (0)   16 :  0.013 0.956 0.031 
580   ZFCR16    (0)   16 :  0.059 0.909 0.032 
581   ZFCR18    (0)   16 :  0.005 0.988 0.007 
582   ZFCR19    (0)   16 :  0.027 0.815 0.158 
583   ZFCR20    (0)   16 :  0.036 0.914 0.050 
584   ZFCR21    (0)   16 :  0.010 0.965 0.024 
585   ZFCR22    (0)   16 :  0.016 0.941 0.042 
586   ZFCR23    (0)   16 :  0.094 0.531 0.375 
587   ZFCR24    (9)   16 :  0.262 0.665 0.074 
588   ZFCR25    (0)   16 :  0.009 0.971 0.020 
589   ZFCR26    (0)   16 :  0.027 0.720 0.253 
590   ZFCR27    (9)   16 :  0.006 0.404 0.590 
591   ZFCR28    (0)   16 :  0.524 0.087 0.388 
592   ZFCR29    (0)   16 :  0.008 0.976 0.016 
593   ZFCR30    (0)   16 :  0.014 0.965 0.020 
594   ZFCR31    (0)   16 :  0.083 0.859 0.058 
595   ZFCR33    (0)   16 :  0.081 0.259 0.659 
596   ZFCR34    (0)   16 :  0.032 0.922 0.046 
597   ZFCR35    (0)   16 :  0.005 0.977 0.019 
598   ZFCR36    (0)   16 :  0.010 0.972 0.019 
599   ZFCR37    (0)   16 :  0.009 0.817 0.174 
600   ZFCR38    (0)   16 :  0.020 0.405 0.575 
601   ZFCR39    (0)   16 :  0.177 0.049 0.774 
602   ZFCR40    (0)   16 :  0.014 0.815 0.171 
603   ZFCR41    (0)   16 :  0.176 0.812 0.012 
604   ZFCR42    (0)   16 :  0.073 0.838 0.088 
605   ZFCR43    (0)   16 :  0.023 0.964 0.013 
606  ZFENP25    (0)   17 :  0.038 0.166 0.797 
607  ZFENP26    (0)   17 :  0.007 0.011 0.983 
608  ZFENP27    (0)   17 :  0.030 0.887 0.082 
609  ZFENP28    (0)   17 :  0.009 0.184 0.807 
610  ZFENP29    (0)   17 :  0.013 0.159 0.827 
611  ZFENP30    (0)   17 :  0.015 0.066 0.919 
612  ZFENP31    (0)   17 :  0.010 0.023 0.967 
613  ZFENP32    (0)   17 :  0.070 0.260 0.670 
614  ZFENP33    (0)   17 :  0.011 0.061 0.928 
615  ZFENP34    (0)   17 :  0.006 0.737 0.257 
616  ZFENP35    (0)   17 :  0.016 0.019 0.966 
617  ZFENP36    (0)   17 :  0.005 0.012 0.983 
618  ZFENP37    (0)   17 :  0.016 0.141 0.843 
619  ZFENP38    (0)   17 :  0.036 0.270 0.694 
620  ZFENP39    (0)   17 :  0.009 0.365 0.626 
621  ZFENP40    (0)   17 :  0.010 0.146 0.843 
622  ZFENP41    (0)   17 :  0.023 0.153 0.823 
623  ZFENP42    (0)   17 :  0.009 0.011 0.980 
624  ZFENP43    (0)   17 :  0.055 0.416 0.529 
625  ZFENP44    (0)   17 :  0.016 0.032 0.952 
626  ZFENP45    (0)   17 :  0.372 0.051 0.577 
627  ZFENP46    (0)   17 :  0.026 0.020 0.954 
628  ZFENP47    (0)   17 :  0.074 0.157 0.769 
629  ZFENP48    (0)   17 :  0.015 0.829 0.157 
630  ZFENP49    (0)   17 :  0.027 0.671 0.302 
631  ZFENP50    (0)   17 :  0.157 0.014 0.830 
632  ZFENP51    (0)   17 :  0.008 0.011 0.981 
633  ZFENP52    (0)   17 :  0.036 0.041 0.924 
634  ZFENP53    (0)   17 :  0.055 0.022 0.924 
635  ZFENP54    (0)   17 :  0.211 0.607 0.182 
636  ZFENP55    (0)   17 :  0.008 0.242 0.750 
637  ZFENP56    (0)   17 :  0.019 0.047 0.935 
638  ZFENP57    (0)   17 :  0.010 0.017 0.973 
639  ZFENP58    (0)   17 :  0.068 0.277 0.655 
640  ZFENP59    (0)   17 :  0.016 0.250 0.733 
641  ZFENP60    (0)   17 :  0.014 0.281 0.706 
642  ZFENP61    (0)   17 :  0.007 0.301 0.692 
643 ZFFDSP01    (0)   18 :  0.990 0.007 0.003 
644 ZFFDSP02    (0)   18 :  0.991 0.006 0.003 
645 ZFFDSP04    (0)   18 :  0.990 0.007 0.003 
646 ZFFDSP05    (0)   18 :  0.989 0.006 0.005 
647 ZFFDSP06    (0)   18 :  0.990 0.007 0.003 
648 ZFFDSP07    (0)   18 :  0.982 0.011 0.007 
649 ZFFDSP08    (0)   18 :  0.988 0.007 0.005 
650 ZFFDSP10    (0)   18 :  0.989 0.007 0.005 
651 ZFFDSP11    (0)   18 :  0.988 0.007 0.004 
652 ZFFDSP12    (0)   18 :  0.992 0.004 0.004 
653 ZFFDSP13    (0)   18 :  0.986 0.008 0.006 
654 ZFFDSP14    (0)   18 :  0.986 0.009 0.005 
655 ZFFDSP16    (0)   18 :  0.985 0.010 0.005 
656 ZFFDSP17    (0)   18 :  0.990 0.007 0.003 
657 ZFFDSP18    (0)   18 :  0.987 0.010 0.003 
658 ZFFDSP19    (0)   18 :  0.987 0.009 0.003 
659 ZFFDSP21    (0)   18 :  0.991 0.006 0.004 
660 ZFFDSP22    (0)   18 :  0.992 0.005 0.003 
661 ZFFDSP23    (0)   18 :  0.993 0.004 0.003 
662 ZFFDSP24    (0)   18 :  0.990 0.007 0.004 
663 ZFFDSP26    (9)   18 :  0.991 0.006 0.004 
664 ZFFDSP27    (0)   18 :  0.990 0.007 0.003 
665 ZFFDSP28    (0)   18 :  0.926 0.045 0.028 
666 ZFFDSP30    (0)   18 :  0.981 0.013 0.006 
667 ZFFDSP31    (0)   18 :  0.988 0.008 0.003 
668 ZFFDSP32    (0)   18 :  0.992 0.005 0.004 
669 ZFFDSP33    (0)   18 :  0.992 0.004 0.004 
670 ZFFDSP34    (0)   18 :  0.989 0.007 0.003 
671 ZFFDSP35    (0)   18 :  0.989 0.007 0.004 
672 ZFFDSP37    (0)   18 :  0.990 0.006 0.004 
673 ZFFDSP38    (0)   18 :  0.990 0.006 0.004 
674 ZFFDSP39    (0)   18 :  0.992 0.004 0.003 
675 ZFFDSP40    (0)   18 :  0.990 0.006 0.004 
676 ZFFDSP42    (0)   18 :  0.991 0.006 0.003 
677 ZFFDSP43    (0)   18 :  0.991 0.005 0.003 
678 ZFFDSP44    (0)   18 :  0.990 0.006 0.004 
679 ZFFDSP45    (0)   18 :  0.989 0.008 0.003 
680 ZFFDSP46    (0)   18 :  0.990 0.007 0.003 
681 ZFFDSP47    (0)   18 :  0.991 0.005 0.004 
682 ZFFDSP48    (0)   18 :  0.991 0.005 0.004 
683    ZFI01    (0)   19 :  0.007 0.959 0.034 
684    ZFI02    (0)   19 :  0.011 0.961 0.028 
685    ZFI03    (0)   19 :  0.006 0.984 0.010 
686    ZFI04    (0)   19 :  0.007 0.797 0.196 
687    ZFI05    (0)   19 :  0.012 0.974 0.014 
688    ZFI06    (0)   19 :  0.062 0.874 0.064 
689    ZFI07    (0)   19 :  0.005 0.980 0.015 
690    ZFI08    (0)   19 :  0.004 0.976 0.020 
691    ZFI09    (0)   19 :  0.006 0.965 0.029 
692    ZFI10    (0)   19 :  0.032 0.861 0.107 
693    ZFI11    (0)   19 :  0.007 0.715 0.278 
694    ZFI12    (0)   19 :  0.008 0.983 0.008 
695    ZFI13    (0)   19 :  0.006 0.984 0.010 
696    ZFI14    (0)   19 :  0.019 0.972 0.009 
697    ZFI15    (0)   19 :  0.006 0.984 0.010 
698    ZFI16    (0)   19 :  0.006 0.988 0.006 
699    ZFI17    (0)   19 :  0.007 0.954 0.039 
700    ZFI18    (0)   19 :  0.006 0.954 0.039 
701    ZFI19    (9)   19 :  0.005 0.982 0.013 
702    ZFI20    (0)   19 :  0.008 0.984 0.008 
703    ZFI21    (0)   19 :  0.035 0.958 0.007 
704    ZFI22    (0)   19 :  0.007 0.975 0.018 
705    ZFI23    (0)   19 :  0.006 0.984 0.009 
706    ZFI24    (0)   19 :  0.008 0.985 0.008 
707    ZFI25    (0)   19 :  0.008 0.982 0.010 
708    ZFI26    (0)   19 :  0.005 0.986 0.009 
709    ZFI27    (0)   19 :  0.013 0.971 0.016 
710    ZFK01    (0)   19 :  0.209 0.585 0.206 
711    ZFK02    (0)   20 :  0.095 0.834 0.071 
712    ZFK03    (0)   20 :  0.098 0.632 0.271 
713    ZFK04    (0)   20 :  0.036 0.490 0.474 
714    ZFK05    (0)   20 :  0.028 0.339 0.633 
715    ZFK06    (0)   20 :  0.017 0.793 0.190 
716    ZFK07    (0)   20 :  0.262 0.345 0.393 
717    ZFK08    (0)   20 :  0.018 0.166 0.816 
718    ZFK10    (0)   20 :  0.033 0.797 0.170 
719    ZFK11    (0)   20 :  0.031 0.181 0.788 
720    ZFK12    (0)   20 :  0.306 0.394 0.299 
721    ZFK13    (0)   20 :  0.547 0.074 0.380 
722    ZFK14    (0)   20 :  0.301 0.543 0.157 
723    ZFK15    (0)   20 :  0.143 0.085 0.771 
724    ZFK16    (0)   20 :  0.767 0.064 0.169 
725   ZFLB01    (0)   21 :  0.009 0.006 0.985 
726   ZFLB02    (0)   21 :  0.005 0.007 0.988 
727   ZFLB03    (0)   21 :  0.013 0.007 0.981 
728   ZFLB04    (0)   21 :  0.097 0.019 0.884 
729   ZFLB05    (0)   21 :  0.008 0.006 0.986 
730   ZFLB06    (0)   21 :  0.007 0.007 0.986 
731   ZFLB07    (0)   21 :  0.045 0.012 0.943 
732   ZFLB08    (0)   21 :  0.005 0.007 0.988 
733   ZFLB09    (9)   21 :  0.006 0.007 0.986 
734   ZFLB10    (0)   21 :  0.007 0.006 0.987 
735   ZFLB11    (0)   21 :  0.008 0.006 0.986 
736   ZFLB12    (0)   21 :  0.004 0.005 0.991 
737   ZFLB13    (0)   21 :  0.008 0.008 0.984 
738  ZFLTI01    (0)   22 :  0.987 0.009 0.004 
739  ZFLTI02    (0)   22 :  0.981 0.015 0.004 
740  ZFLTI03    (0)   22 :  0.990 0.007 0.003 
741  ZFLTI04    (0)   22 :  0.983 0.012 0.005 
742  ZFLTI05    (0)   22 :  0.988 0.009 0.004 
743  ZFLTI06    (0)   22 :  0.990 0.006 0.004 
744  ZFLTI07    (0)   22 :  0.988 0.009 0.004 
745  ZFLTI08    (0)   22 :  0.984 0.012 0.005 
746  ZFLTI09    (0)   22 :  0.984 0.012 0.004 
747  ZFLTI10    (0)   22 :  0.988 0.009 0.004 
748  ZFLTI11    (0)   22 :  0.990 0.007 0.003 
749  ZFLTI12    (0)   22 :  0.988 0.009 0.004 
750  ZFLTI13    (0)   22 :  0.985 0.011 0.004 
751  ZFLTI14    (0)   22 :  0.971 0.025 0.004 
752 ZFONF101    (0)   23 :  0.993 0.004 0.003 
753 ZFONF102    (0)   23 :  0.987 0.005 0.008 
754 ZFONF103    (0)   23 :  0.989 0.006 0.005 
755 ZFONF104    (0)   23 :  0.993 0.004 0.003 
756 ZFONF105    (0)   23 :  0.993 0.004 0.003 
757 ZFONF106    (0)   23 :  0.990 0.007 0.003 
758 ZFONF107    (0)   23 :  0.935 0.023 0.042 
