

----------------------------------------------------
STRUCTURE by Pritchard, Stephens and Donnelly (2000)
     and Falush, Stephens and Pritchard (2003)
       Code by Pritchard, Falush and Hubisz
             Version 2.3.4 (Jul 2012)
----------------------------------------------------



Command line arguments:   bin\structure -m C:\Users\eschumacher\Documents\GitHub\GCC_QUAC_ZAIN\Data_Files\Structure_Files\ZAIN\ZAIN_rebinned_allpop_str\50-50\mainparams -e C:\Users\eschumacher\Documents\GitHub\GCC_QUAC_ZAIN\Data_Files\Structure_Files\ZAIN\ZAIN_rebinned_allpop_str\50-50\extraparams 
Input File:    C:\Users\eschumacher\Documents\GitHub\GCC_QUAC_ZAIN\Data_Files\Structure_Files\ZAIN\ZAIN_rebinned_allpop_str\project_data

Run parameters:
   1133 individuals
   11 loci
   5 populations assumed
   50000 Burn-in period
   50000 Reps


--------------------------------------------
Proportion of membership of each pre-defined
 population in each of the 5 clusters

Given    Inferred Clusters                     Number of
 Pop       1      2      3      4      5      Individuals

  1:     0.202  0.322  0.132  0.121  0.222      303
  2:     0.182  0.300  0.167  0.224  0.127       15
  3:     0.303  0.263  0.034  0.012  0.388        2
  4:     0.174  0.418  0.261  0.057  0.090        2
  5:     0.355  0.230  0.052  0.025  0.338        7
  6:     0.245  0.038  0.039  0.024  0.655       13
  7:     0.005  0.005  0.023  0.006  0.961       13
  8:     0.191  0.764  0.016  0.017  0.013        7
  9:     0.395  0.462  0.098  0.020  0.024       11
 10:     0.121  0.573  0.195  0.051  0.059        9
 11:     0.006  0.009  0.951  0.008  0.026       35
 12:     0.147  0.807  0.010  0.029  0.007       36
 13:     0.088  0.886  0.008  0.010  0.008       33
 14:     0.008  0.011  0.007  0.953  0.021       40
 15:     0.971  0.007  0.004  0.014  0.004       39
 16:     0.052  0.074  0.708  0.040  0.126       40
 17:     0.032  0.038  0.213  0.067  0.649       37
 18:     0.117  0.863  0.008  0.007  0.004       40
 19:     0.012  0.006  0.932  0.040  0.011       28
 20:     0.011  0.014  0.010  0.931  0.034       14
 21:     0.025  0.008  0.007  0.008  0.952       13
 22:     0.943  0.031  0.007  0.016  0.003       14
 23:     0.045  0.932  0.006  0.010  0.007       25
 24:     0.020  0.935  0.010  0.025  0.010       40
 25:     0.055  0.023  0.026  0.886  0.011       32
 26:     0.005  0.007  0.004  0.006  0.977       20
 27:     0.008  0.009  0.965  0.010  0.009        4
 28:     0.008  0.023  0.943  0.013  0.012       23
 29:     0.006  0.006  0.969  0.009  0.010       39
 30:     0.005  0.006  0.053  0.009  0.927       38
 31:     0.889  0.089  0.006  0.009  0.007       45
 32:     0.571  0.393  0.007  0.016  0.013       28
 33:     0.005  0.005  0.973  0.006  0.011        6
 34:     0.115  0.072  0.646  0.072  0.096       40
 35:     0.053  0.023  0.134  0.028  0.762       42
--------------------------------------------

Allele-freq. divergence among pops (Net nucleotide distance),
computed using point estimates of P.

      1       2       3       4       5      
 1      -    0.0767  0.1630  0.1111  0.1970  
 2   0.0767     -    0.1791  0.1466  0.2234  
 3   0.1630  0.1791     -    0.1158  0.0823  
 4   0.1111  0.1466  0.1158     -    0.1576  
 5   0.1970  0.2234  0.0823  0.1576     -    

Average distances (expected heterozygosity) between individuals in same cluster:
cluster  1  : 0.4326 
cluster  2  : 0.4325 
cluster  3  : 0.5388 
cluster  4  : 0.4388 
cluster  5  : 0.5066 

--------------------------------------------
Estimated Ln Prob of Data   = -22985.6
Mean value of ln likelihood = -22559.1
Variance of ln likelihood   = 852.9
Mean value of alpha         = 0.0381

Mean value of Fst_1         = 0.3601
Mean value of Fst_2         = 0.2601
Mean value of Fst_3         = 0.2305
Mean value of Fst_4         = 0.4104
Mean value of Fst_5         = 0.2249


Inferred ancestry of individuals:
        Label (%Miss) Pop:  Inferred clusters
  1 TMA-ZAIN-G-    (9)    1 :  0.022 0.008 0.954 0.009 0.007 
  2 TMA-ZAIN-G-    (0)    1 :  0.014 0.037 0.916 0.026 0.007 
  3 TMA-ZAIN-G-    (0)    1 :  0.178 0.800 0.007 0.012 0.004 
  4 TMA-ZAIN-G-    (0)    1 :  0.038 0.159 0.021 0.768 0.013 
  5 TMA-ZAIN-G-    (0)    1 :  0.003 0.003 0.981 0.007 0.006 
  6 TMA-ZAIN-G-    (0)    1 :  0.161 0.613 0.095 0.072 0.059 
  7 TMA-ZAIN-G-    (0)    1 :  0.579 0.358 0.020 0.033 0.010 
  8 TMA-ZAIN-G-    (0)    1 :  0.613 0.351 0.009 0.024 0.003 
  9 TMA-ZAIN-G-    (9)    1 :  0.268 0.700 0.019 0.007 0.006 
 10 TMA-ZAIN-G-    (0)    1 :  0.239 0.737 0.005 0.014 0.005 
 11 TMA-ZAIN-G-    (0)    1 :  0.271 0.704 0.008 0.009 0.008 
 12 TMA-ZAIN-G-    (0)    1 :  0.044 0.940 0.007 0.005 0.004 
 13 TMA-ZAIN-G-    (9)    1 :  0.513 0.280 0.069 0.034 0.104 
 14 TMA-ZAIN-G-    (9)    1 :  0.971 0.009 0.005 0.009 0.006 
 15 TMA-ZAIN-G-    (0)    1 :  0.980 0.006 0.004 0.006 0.003 
 16 TMA-ZAIN-G-    (0)    1 :  0.024 0.960 0.005 0.005 0.006 
 17 TMA-ZAIN-G-    (9)    1 :  0.887 0.018 0.022 0.045 0.028 
 18 TMA-ZAIN-G-    (0)    1 :  0.007 0.006 0.956 0.022 0.009 
 19 TMA-ZAIN-G-    (0)    1 :  0.213 0.049 0.168 0.019 0.551 
 20 TMA-ZAIN-G-    (0)    1 :  0.005 0.007 0.043 0.046 0.898 
 21 TMA-ZAIN-G-    (0)    1 :  0.004 0.006 0.004 0.007 0.980 
 22 TMA-ZAIN-G-    (0)    1 :  0.003 0.003 0.045 0.008 0.941 
 23 TMA-ZAIN-G-    (0)    1 :  0.007 0.006 0.045 0.006 0.936 
 24 TMA-ZAIN-G-    (9)    1 :  0.067 0.181 0.015 0.009 0.729 
 25 TMA-ZAIN-G-    (9)    1 :  0.007 0.044 0.857 0.004 0.088 
 26 TMA-ZAIN-G-    (9)    1 :  0.118 0.290 0.018 0.543 0.031 
 27 TMA-ZAIN-G-    (0)    1 :  0.154 0.017 0.723 0.061 0.045 
 28 TMA-ZAIN-G-    (0)    1 :  0.034 0.015 0.890 0.018 0.043 
 29 TMA-ZAIN-G-    (0)    1 :  0.027 0.660 0.005 0.069 0.240 
 30 TMA-ZAIN-G-    (0)    1 :  0.707 0.133 0.055 0.010 0.095 
 31 TMA-ZAIN-G-    (0)    1 :  0.005 0.005 0.936 0.039 0.014 
 32 TMA-ZAIN-G-    (9)    1 :  0.018 0.030 0.933 0.005 0.014 
 33 TMA-ZAIN-G-   (18)    1 :  0.238 0.743 0.009 0.005 0.004 
 34 TMA-ZAIN-G-    (0)    1 :  0.014 0.712 0.236 0.011 0.027 
 35 TMA-ZAIN-G-    (9)    1 :  0.095 0.865 0.022 0.012 0.005 
 36 TMA-ZAIN-G-    (0)    1 :  0.601 0.369 0.006 0.020 0.004 
 37 TMA-ZAIN-G-    (9)    1 :  0.075 0.884 0.018 0.015 0.007 
 38 TMA-ZAIN-G-   (18)    1 :  0.040 0.024 0.917 0.007 0.012 
 39 TMA-ZAIN-G-    (0)    1 :  0.013 0.967 0.004 0.010 0.006 
 40 TMA-ZAIN-G-    (0)    1 :  0.095 0.891 0.004 0.006 0.005 
 41 TMA-ZAIN-G-    (0)    1 :  0.727 0.259 0.004 0.006 0.003 
 42 TMA-ZAIN-G-    (9)    1 :  0.979 0.008 0.004 0.007 0.003 
 43 TMA-ZAIN-G-    (0)    1 :  0.975 0.007 0.004 0.010 0.003 
 44 TMA-ZAIN-G-    (0)    1 :  0.010 0.020 0.005 0.006 0.958 
 45 TMA-ZAIN-G-    (0)    1 :  0.413 0.553 0.009 0.015 0.010 
 46 TMA-ZAIN-G-    (0)    1 :  0.004 0.004 0.004 0.006 0.983 
 47 TMA-ZAIN-G-    (0)    1 :  0.005 0.005 0.004 0.982 0.004 
 48 TMA-ZAIN-G-    (0)    1 :  0.226 0.059 0.010 0.678 0.028 
 49 TMA-ZAIN-G-    (9)    1 :  0.011 0.180 0.059 0.029 0.721 
 50 TMA-ZAIN-G-    (0)    1 :  0.247 0.033 0.106 0.007 0.607 
 51 TMA-ZAIN-G-    (0)    1 :  0.285 0.017 0.091 0.053 0.555 
 52 TMA-ZAIN-G-    (0)    1 :  0.043 0.018 0.025 0.249 0.666 
 53 TMA-ZAIN-G-    (0)    1 :  0.064 0.020 0.435 0.354 0.127 
 54 TMA-ZAIN-G-    (0)    1 :  0.014 0.006 0.007 0.967 0.006 
 55 TMA-ZAIN-G-    (0)    1 :  0.044 0.008 0.009 0.924 0.014 
 56 TMA-ZAIN-G-    (0)    1 :  0.103 0.061 0.017 0.804 0.016 
 57 TMA-ZAIN-G-    (0)    1 :  0.006 0.010 0.007 0.968 0.009 
 58 TMA-ZAIN-G-    (0)    1 :  0.066 0.024 0.399 0.095 0.416 
 59 TMA-ZAIN-G-    (0)    1 :  0.037 0.049 0.851 0.038 0.025 
 60 TMA-ZAIN-G-    (0)    1 :  0.074 0.013 0.859 0.039 0.015 
 61 TMA-ZAIN-G-    (0)    1 :  0.004 0.004 0.952 0.019 0.021 
 62 TMA-ZAIN-G-    (9)    1 :  0.015 0.022 0.945 0.009 0.009 
 63 TMA-ZAIN-G-    (0)    1 :  0.007 0.004 0.962 0.017 0.010 
 64 TMA-ZAIN-G-    (0)    1 :  0.016 0.971 0.003 0.007 0.003 
 65 TMA-ZAIN-G-    (9)    1 :  0.028 0.944 0.004 0.022 0.003 
 66 TMA-ZAIN-G-    (0)    1 :  0.020 0.965 0.003 0.009 0.003 
 67 TMA-ZAIN-G-    (0)    1 :  0.007 0.972 0.005 0.005 0.010 
 68 TMA-ZAIN-G-    (0)    1 :  0.063 0.911 0.003 0.020 0.003 
 69 TMA-ZAIN-G-    (0)    1 :  0.008 0.955 0.009 0.012 0.016 
 70 TMA-ZAIN-G-    (0)    1 :  0.013 0.972 0.005 0.005 0.006 
 71 TMA-ZAIN-G-    (0)    1 :  0.006 0.981 0.004 0.004 0.004 
 72 TMA-ZAIN-G-    (0)    1 :  0.051 0.926 0.006 0.012 0.006 
 73 TMA-ZAIN-G-    (0)    1 :  0.009 0.869 0.045 0.022 0.055 
 74 TMA-ZAIN-G-    (0)    1 :  0.010 0.950 0.014 0.007 0.019 
 75 TMA-ZAIN-G-    (0)    1 :  0.015 0.956 0.008 0.014 0.006 
 76 TMA-ZAIN-G-    (0)    1 :  0.006 0.923 0.011 0.004 0.056 
 77 TMA-ZAIN-G-    (0)    1 :  0.037 0.930 0.005 0.011 0.016 
 78 TMA-ZAIN-G-    (0)    1 :  0.022 0.852 0.018 0.021 0.087 
 79 TMA-ZAIN-G-    (0)    1 :  0.056 0.846 0.007 0.027 0.065 
 80 TMA-ZAIN-G-    (0)    1 :  0.009 0.971 0.004 0.011 0.006 
 81 TMA-ZAIN-G-    (0)    1 :  0.016 0.946 0.006 0.015 0.017 
 82 TMA-ZAIN-G-    (0)    1 :  0.008 0.974 0.005 0.010 0.003 
 83 TMA-ZAIN-G-    (9)    1 :  0.011 0.848 0.078 0.024 0.039 
 84 TMA-ZAIN-G-    (0)    1 :  0.009 0.929 0.006 0.008 0.048 
 85 TMA-ZAIN-G-    (0)    1 :  0.012 0.010 0.053 0.871 0.054 
 86 TMA-ZAIN-G-    (0)    1 :  0.013 0.021 0.010 0.907 0.049 
 87 TMA-ZAIN-G-    (0)    1 :  0.008 0.009 0.038 0.684 0.261 
 88 TMA-ZAIN-G-    (0)    1 :  0.028 0.124 0.120 0.716 0.012 
 89 TMA-ZAIN-G-    (0)    1 :  0.019 0.035 0.013 0.920 0.013 
 90 TMA-ZAIN-G-    (0)    1 :  0.008 0.010 0.009 0.963 0.010 
 91 TMA-ZAIN-G-    (0)    1 :  0.011 0.009 0.020 0.952 0.008 
 92 TMA-ZAIN-G-    (0)    1 :  0.010 0.007 0.009 0.955 0.020 
 93 TMA-ZAIN-G-    (0)    1 :  0.008 0.005 0.021 0.955 0.010 
 94 TMA-ZAIN-G-    (0)    1 :  0.005 0.005 0.037 0.942 0.011 
 95 TMA-ZAIN-G-    (0)    1 :  0.056 0.022 0.520 0.008 0.393 
 96 TMA-ZAIN-G-    (0)    1 :  0.462 0.017 0.221 0.017 0.284 
 97 TMA-ZAIN-G-    (0)    1 :  0.005 0.007 0.968 0.010 0.010 
 98 TMA-ZAIN-G-    (0)    1 :  0.005 0.006 0.976 0.009 0.005 
 99 TMA-ZAIN-G-    (0)    1 :  0.015 0.084 0.887 0.005 0.010 
100 TMA-ZAIN-G-    (0)    1 :  0.005 0.004 0.950 0.022 0.019 
101 TMA-ZAIN-G-    (0)    1 :  0.005 0.010 0.970 0.008 0.007 
102 TMA-ZAIN-G-    (0)    1 :  0.033 0.035 0.650 0.015 0.266 
103 TMA-ZAIN-G-    (0)    1 :  0.008 0.010 0.955 0.009 0.018 
104 TMA-ZAIN-G-    (0)    1 :  0.005 0.004 0.978 0.006 0.008 
105 TMA-ZAIN-G-    (0)    1 :  0.010 0.011 0.958 0.011 0.010 
106 TMA-ZAIN-G-    (0)    1 :  0.705 0.281 0.004 0.006 0.004 
107 TMA-ZAIN-G-    (0)    1 :  0.015 0.971 0.005 0.005 0.004 
108 TMA-ZAIN-G-    (9)    1 :  0.265 0.126 0.522 0.034 0.054 
109 TMA-ZAIN-G-    (0)    1 :  0.200 0.330 0.399 0.065 0.006 
110 TMA-ZAIN-G-    (0)    1 :  0.272 0.265 0.245 0.032 0.186 
111 TMA-ZAIN-G-    (9)    1 :  0.010 0.053 0.883 0.022 0.031 
112 TMA-ZAIN-G-    (0)    1 :  0.260 0.191 0.447 0.032 0.071 
113 TMA-ZAIN-G-    (0)    1 :  0.006 0.017 0.951 0.016 0.009 
114 TMA-ZAIN-G-    (0)    1 :  0.003 0.004 0.978 0.005 0.010 
115 TMA-ZAIN-G-    (0)    1 :  0.004 0.004 0.981 0.005 0.006 
116 TMA-ZAIN-G-    (0)    1 :  0.009 0.967 0.008 0.014 0.003 
117 TMA-ZAIN-G-    (0)    1 :  0.281 0.663 0.009 0.042 0.005 
118 TMA-ZAIN-G-    (0)    1 :  0.011 0.967 0.007 0.012 0.003 
119 TMA-ZAIN-G-    (0)    1 :  0.008 0.956 0.015 0.013 0.008 
120 TMA-ZAIN-G-    (0)    1 :  0.023 0.939 0.013 0.020 0.006 
121 TMA-ZAIN-G-    (0)    1 :  0.030 0.935 0.009 0.021 0.004 
122 TMA-ZAIN-G-    (0)    1 :  0.065 0.888 0.008 0.029 0.009 
123 TMA-ZAIN-G-    (0)    1 :  0.007 0.005 0.963 0.007 0.017 
124 TMA-ZAIN-G-    (0)    1 :  0.975 0.010 0.006 0.005 0.003 
125 TMA-ZAIN-G-    (0)    1 :  0.919 0.018 0.003 0.057 0.003 
126 TMA-ZAIN-G-    (0)    1 :  0.973 0.010 0.005 0.009 0.003 
127 TMA-ZAIN-G-    (0)    1 :  0.975 0.013 0.004 0.005 0.003 
128 TMA-ZAIN-G-    (0)    1 :  0.944 0.039 0.005 0.008 0.004 
129 TMA-ZAIN-G-    (0)    1 :  0.970 0.013 0.007 0.006 0.004 
130 TMA-ZAIN-G-    (0)    1 :  0.948 0.014 0.007 0.028 0.003 
131 TMA-ZAIN-G-    (0)    1 :  0.975 0.011 0.005 0.006 0.004 
132 TMA-ZAIN-G-    (0)    1 :  0.878 0.080 0.005 0.034 0.003 
133 TMA-ZAIN-G-    (0)    1 :  0.789 0.157 0.004 0.036 0.014 
134 TMA-ZAIN-G-    (0)    1 :  0.887 0.073 0.004 0.028 0.008 
135 TMA-ZAIN-G-    (0)    1 :  0.041 0.942 0.005 0.007 0.005 
136 TMA-ZAIN-G-    (0)    1 :  0.017 0.954 0.004 0.021 0.004 
137 TMA-ZAIN-G-    (0)    1 :  0.032 0.947 0.008 0.008 0.005 
138 TMA-ZAIN-G-    (0)    1 :  0.537 0.440 0.005 0.015 0.003 
139 TMA-ZAIN-G-    (0)    1 :  0.164 0.774 0.006 0.052 0.004 
140 TMA-ZAIN-G-    (0)    1 :  0.064 0.921 0.005 0.005 0.005 
141 TMA-ZAIN-G-    (0)    1 :  0.162 0.817 0.007 0.009 0.005 
142 TMA-ZAIN-G-    (9)    1 :  0.031 0.956 0.004 0.006 0.004 
143 TMA-ZAIN-G-    (0)    1 :  0.156 0.827 0.006 0.006 0.004 
144 TMA-ZAIN-G-    (0)    1 :  0.125 0.820 0.006 0.042 0.007 
145 TMA-ZAIN-G-    (0)    1 :  0.012 0.970 0.003 0.012 0.003 
146 TMA-ZAIN-G-    (0)    1 :  0.009 0.979 0.004 0.005 0.004 
147 TMA-ZAIN-G-    (9)    1 :  0.011 0.976 0.004 0.005 0.004 
148 TMA-ZAIN-G-    (0)    1 :  0.273 0.672 0.004 0.047 0.004 
149 TMA-ZAIN-G-    (0)    1 :  0.157 0.666 0.036 0.120 0.022 
150 TMA-ZAIN-G-    (0)    1 :  0.029 0.812 0.028 0.114 0.018 
151 TMA-ZAIN-G-    (0)    1 :  0.053 0.933 0.005 0.006 0.003 
152 TMA-ZAIN-G-    (0)    1 :  0.018 0.968 0.006 0.006 0.003 
153 TMA-ZAIN-G-    (0)    1 :  0.118 0.857 0.005 0.018 0.003 
154 TMA-ZAIN-G-    (0)    1 :  0.014 0.970 0.005 0.008 0.003 
155 TMA-ZAIN-G-    (0)    1 :  0.022 0.963 0.007 0.004 0.004 
156 TMA-ZAIN-G-    (9)    1 :  0.348 0.606 0.019 0.023 0.004 
157 TMA-ZAIN-G-    (0)    1 :  0.420 0.559 0.008 0.009 0.004 
158 TMA-ZAIN-G-    (0)    1 :  0.011 0.973 0.005 0.006 0.004 
159 TMA-ZAIN-G-    (0)    1 :  0.007 0.979 0.005 0.006 0.003 
160 TMA-ZAIN-G-    (0)    1 :  0.006 0.979 0.006 0.006 0.003 
161 TMA-ZAIN-G-    (0)    1 :  0.140 0.829 0.005 0.023 0.003 
162 TMA-ZAIN-G-    (0)    1 :  0.011 0.902 0.044 0.025 0.018 
163 TMA-ZAIN-G-    (0)    1 :  0.007 0.981 0.005 0.005 0.003 
164 TMA-ZAIN-G-    (0)    1 :  0.011 0.971 0.006 0.008 0.004 
165 TMA-ZAIN-G-    (0)    1 :  0.010 0.977 0.006 0.004 0.003 
166 TMA-ZAIN-G-    (0)    1 :  0.020 0.965 0.004 0.008 0.003 
167 TMA-ZAIN-G-    (0)    1 :  0.068 0.908 0.009 0.007 0.008 
168 TMA-ZAIN-G-    (0)    1 :  0.034 0.946 0.008 0.008 0.005 
169 TMA-ZAIN-G-    (0)    1 :  0.007 0.981 0.004 0.006 0.003 
170 TMA-ZAIN-G-    (0)    1 :  0.257 0.695 0.024 0.005 0.019 
171 TMA-ZAIN-G-    (0)    1 :  0.007 0.981 0.004 0.005 0.004 
172 TMA-ZAIN-G-    (0)    1 :  0.878 0.108 0.005 0.005 0.005 
173 TMA-ZAIN-G-    (0)    1 :  0.917 0.067 0.005 0.006 0.005 
174 TMA-ZAIN-G-    (0)    1 :  0.101 0.884 0.004 0.008 0.003 
175 TMA-ZAIN-G-    (0)    1 :  0.010 0.976 0.004 0.006 0.004 
176 TMA-ZAIN-G-    (0)    1 :  0.013 0.974 0.004 0.005 0.004 
177 TMA-ZAIN-G-    (0)    1 :  0.124 0.861 0.005 0.005 0.005 
178 TMA-ZAIN-G-    (0)    1 :  0.876 0.108 0.006 0.005 0.005 
179 TMA-ZAIN-G-    (0)    1 :  0.278 0.708 0.004 0.006 0.004 
180 TMA-ZAIN-G-    (0)    1 :  0.852 0.118 0.005 0.017 0.007 
181 TMA-ZAIN-G-    (0)    1 :  0.971 0.016 0.005 0.005 0.003 
182 TMA-ZAIN-G-    (0)    1 :  0.978 0.007 0.006 0.005 0.004 
183 TMA-ZAIN-G-    (0)    1 :  0.975 0.012 0.004 0.004 0.003 
184 TMA-ZAIN-G-    (0)    1 :  0.833 0.053 0.056 0.036 0.022 
185 TMA-ZAIN-G-    (0)    1 :  0.818 0.044 0.038 0.058 0.042 
186 TMA-ZAIN-G-    (9)    1 :  0.936 0.043 0.005 0.008 0.007 
187 TMA-ZAIN-G-    (0)    1 :  0.945 0.042 0.005 0.004 0.004 
188 TMA-ZAIN-G-    (0)    1 :  0.939 0.049 0.004 0.004 0.003 
189 TMA-ZAIN-G-    (0)    1 :  0.973 0.017 0.003 0.003 0.003 
190 TMA-ZAIN-G-    (0)    1 :  0.950 0.037 0.004 0.005 0.005 
191 TMA-ZAIN-G-    (0)    1 :  0.893 0.026 0.029 0.020 0.033 
192 TMA-ZAIN-G-    (0)    1 :  0.964 0.015 0.004 0.007 0.010 
193 TMA-ZAIN-G-    (0)    1 :  0.981 0.004 0.004 0.008 0.003 
194 TMA-ZAIN-G-    (0)    1 :  0.974 0.005 0.003 0.013 0.004 
195 TMA-ZAIN-G-    (0)    1 :  0.976 0.010 0.004 0.007 0.004 
196 TMA-ZAIN-G-    (0)    1 :  0.980 0.006 0.004 0.007 0.003 
197 TMA-ZAIN-G-    (0)    1 :  0.971 0.007 0.004 0.014 0.004 
198 TMA-ZAIN-G-    (0)    1 :  0.977 0.008 0.004 0.007 0.004 
199 TMA-ZAIN-G-    (0)    1 :  0.957 0.023 0.005 0.009 0.006 
200 TMA-ZAIN-G-    (0)    1 :  0.013 0.003 0.011 0.005 0.968 
201 TMA-ZAIN-G-    (0)    1 :  0.004 0.005 0.005 0.005 0.980 
202 TMA-ZAIN-G-    (0)    1 :  0.022 0.005 0.008 0.003 0.961 
203 TMA-ZAIN-G-    (0)    1 :  0.975 0.007 0.007 0.006 0.003 
204 TMA-ZAIN-G-    (9)    1 :  0.007 0.010 0.006 0.034 0.943 
205 TMA-ZAIN-G-    (0)    1 :  0.009 0.020 0.007 0.013 0.952 
206 TMA-ZAIN-G-    (9)    1 :  0.029 0.011 0.016 0.019 0.925 
207 TMA-ZAIN-G-    (9)    1 :  0.017 0.809 0.021 0.137 0.017 
208 TMA-ZAIN-G-    (0)    1 :  0.008 0.981 0.003 0.004 0.003 
209 TMA-ZAIN-G-    (0)    1 :  0.876 0.084 0.004 0.032 0.003 
210 TMA-ZAIN-G-    (0)    1 :  0.876 0.101 0.004 0.016 0.004 
211 TMA-ZAIN-G-    (0)    1 :  0.783 0.154 0.019 0.014 0.030 
212 TMA-ZAIN-G-    (0)    1 :  0.654 0.321 0.005 0.015 0.006 
213 TMA-ZAIN-G-    (0)    1 :  0.730 0.251 0.004 0.009 0.005 
214 TMA-ZAIN-G-    (0)    1 :  0.341 0.642 0.004 0.008 0.004 
215 TMA-ZAIN-G-    (0)    1 :  0.209 0.547 0.006 0.003 0.235 
216 TMA-ZAIN-G-    (0)    1 :  0.930 0.051 0.005 0.009 0.006 
217 TMA-ZAIN-G-    (0)    1 :  0.314 0.671 0.004 0.008 0.004 
218 TMA-ZAIN-G-    (0)    1 :  0.043 0.056 0.073 0.023 0.805 
219 TMA-ZAIN-G-    (0)    1 :  0.022 0.014 0.025 0.046 0.892 
220 TMA-ZAIN-G-    (0)    1 :  0.010 0.015 0.949 0.007 0.019 
221 TMA-ZAIN-G-    (0)    1 :  0.030 0.009 0.009 0.012 0.940 
222 TMA-ZAIN-G-    (0)    1 :  0.020 0.049 0.123 0.051 0.756 
223 TMA-ZAIN-G-    (0)    1 :  0.006 0.006 0.037 0.012 0.938 
224 TMA-ZAIN-G-    (0)    1 :  0.119 0.016 0.078 0.033 0.754 
225 TMA-ZAIN-G-    (0)    1 :  0.019 0.006 0.047 0.007 0.922 
226 TMA-ZAIN-G-    (0)    1 :  0.044 0.014 0.204 0.017 0.721 
227 TMA-ZAIN-G-    (0)    1 :  0.041 0.012 0.028 0.008 0.911 
228 TMA-ZAIN-G-    (0)    1 :  0.032 0.064 0.216 0.024 0.664 
229 TMA-ZAIN-G-    (0)    1 :  0.004 0.007 0.037 0.010 0.942 
230 TMA-ZAIN-G-    (0)    1 :  0.319 0.107 0.268 0.121 0.185 
231 TMA-ZAIN-G-    (0)    1 :  0.011 0.058 0.146 0.030 0.756 
232 TMA-ZAIN-G-    (9)    1 :  0.014 0.025 0.141 0.022 0.798 
233 TMA-ZAIN-G-    (0)    1 :  0.045 0.171 0.020 0.057 0.708 
234 TMA-ZAIN-G-    (0)    1 :  0.009 0.016 0.483 0.036 0.456 
235 TMA-ZAIN-G-    (0)    1 :  0.097 0.035 0.733 0.014 0.121 
236 TMA-ZAIN-G-    (0)    1 :  0.038 0.017 0.144 0.009 0.792 
237 TMA-ZAIN-G-    (0)    1 :  0.064 0.173 0.608 0.048 0.106 
238 TMA-ZAIN-G-    (0)    1 :  0.043 0.046 0.117 0.007 0.786 
239 TMA-ZAIN-G-    (0)    1 :  0.116 0.015 0.007 0.101 0.760 
240 TMA-ZAIN-G-    (0)    1 :  0.003 0.004 0.004 0.007 0.982 
241 TMA-ZAIN-G-    (0)    1 :  0.006 0.010 0.004 0.007 0.973 
242 TMA-ZAIN-G-    (0)    1 :  0.005 0.009 0.004 0.005 0.977 
243 TMA-ZAIN-G-    (0)    1 :  0.006 0.015 0.004 0.007 0.968 
244 TMA-ZAIN-G-    (0)    1 :  0.007 0.024 0.005 0.005 0.959 
245 TMA-ZAIN-G-    (9)    1 :  0.004 0.004 0.004 0.004 0.984 
246 TMA-ZAIN-G-    (0)    1 :  0.003 0.003 0.003 0.004 0.987 
247 TMA-ZAIN-G-    (0)    1 :  0.004 0.006 0.003 0.005 0.982 
248 TMA-ZAIN-G-    (0)    1 :  0.009 0.007 0.005 0.004 0.974 
249 TMA-ZAIN-G-    (0)    1 :  0.006 0.004 0.004 0.004 0.982 
250 TMA-ZAIN-G-    (0)    1 :  0.004 0.004 0.003 0.004 0.984 
251 TMA-ZAIN-G-    (0)    1 :  0.006 0.005 0.006 0.979 0.004 
252 TMA-ZAIN-G-    (0)    1 :  0.013 0.070 0.005 0.905 0.007 
253 TMA-ZAIN-G-    (0)    1 :  0.006 0.007 0.006 0.978 0.004 
254 TMA-ZAIN-G-    (9)    1 :  0.007 0.019 0.009 0.961 0.004 
255 TMA-ZAIN-G-    (0)    1 :  0.005 0.007 0.010 0.966 0.012 
256 TMA-ZAIN-G-    (0)    1 :  0.011 0.007 0.006 0.969 0.007 
257 TMA-ZAIN-G-    (0)    1 :  0.006 0.004 0.004 0.982 0.004 
258 TMA-ZAIN-G-    (0)    1 :  0.005 0.004 0.004 0.984 0.003 
259 TMA-ZAIN-G-    (0)    1 :  0.005 0.004 0.004 0.983 0.005 
260 TMA-ZAIN-G-    (0)    1 :  0.005 0.005 0.004 0.981 0.004 
261 TMA-ZAIN-G-   (18)    1 :  0.008 0.007 0.005 0.976 0.005 
262 TMA-ZAIN-G-    (0)    1 :  0.005 0.003 0.004 0.983 0.004 
263 TMA-ZAIN-G-    (0)    1 :  0.004 0.004 0.006 0.982 0.004 
264 TMA-ZAIN-G-    (0)    1 :  0.005 0.005 0.007 0.979 0.004 
265 TMA-ZAIN-G-    (0)    1 :  0.028 0.059 0.034 0.712 0.168 
266 TMA-ZAIN-G-    (0)    1 :  0.160 0.048 0.030 0.749 0.013 
267 TMA-ZAIN-G-    (0)    1 :  0.010 0.015 0.051 0.673 0.252 
268 TMA-ZAIN-G-    (0)    1 :  0.004 0.005 0.130 0.008 0.854 
269 TMA-ZAIN-G-    (0)    1 :  0.005 0.006 0.377 0.010 0.601 
270 TMA-ZAIN-G-    (0)    1 :  0.006 0.007 0.151 0.013 0.823 
271 TMA-ZAIN-G-    (0)    1 :  0.004 0.005 0.072 0.009 0.910 
272 TMA-ZAIN-G-    (0)    1 :  0.005 0.005 0.051 0.005 0.933 
273 TMA-ZAIN-G-    (0)    1 :  0.003 0.003 0.025 0.004 0.964 
274 TMA-ZAIN-G-    (0)    1 :  0.019 0.010 0.032 0.009 0.930 
275 TMA-ZAIN-G-    (0)    1 :  0.003 0.003 0.007 0.003 0.983 
276 TMA-ZAIN-G-    (0)    1 :  0.003 0.005 0.010 0.004 0.979 
277 TMA-ZAIN-G-    (0)    1 :  0.005 0.006 0.014 0.008 0.968 
278 TMA-ZAIN-G-    (0)    1 :  0.004 0.003 0.007 0.006 0.980 
279 TMA-ZAIN-G-    (0)    1 :  0.005 0.004 0.012 0.004 0.975 
280 TMA-ZAIN-G-    (0)    1 :  0.007 0.004 0.135 0.005 0.849 
281 TMA-ZAIN-G-    (0)    1 :  0.006 0.005 0.069 0.005 0.915 
282 TMA-ZAIN-G-    (9)    1 :  0.003 0.004 0.015 0.007 0.971 
283 TMA-ZAIN-G-    (0)    1 :  0.008 0.012 0.080 0.092 0.808 
284 TMA-ZAIN-G-    (0)    1 :  0.009 0.010 0.166 0.156 0.658 
285 TMA-ZAIN-G-    (0)    1 :  0.016 0.019 0.033 0.023 0.909 
286 TMA-ZAIN-G-    (0)    1 :  0.004 0.004 0.024 0.009 0.960 
287 TMA-ZAIN-G-    (0)    1 :  0.010 0.007 0.023 0.007 0.953 
288 TMA-ZAIN-G-    (0)    1 :  0.037 0.017 0.162 0.011 0.774 
289 TMA-ZAIN-G-    (0)    1 :  0.018 0.011 0.026 0.010 0.935 
290 TMA-ZAIN-G-    (0)    1 :  0.010 0.006 0.422 0.009 0.552 
291 TMA-ZAIN-G-    (0)    1 :  0.022 0.017 0.112 0.024 0.826 
292 TMA-ZAIN-G-    (0)    1 :  0.180 0.779 0.014 0.006 0.021 
293 TMA-ZAIN-G-    (0)    1 :  0.053 0.912 0.006 0.019 0.010 
294 TMA-ZAIN-G-    (0)    1 :  0.010 0.974 0.004 0.007 0.005 
295 TMA-ZAIN-G-    (9)    1 :  0.015 0.961 0.005 0.009 0.009 
296 TMA-ZAIN-G-    (0)    1 :  0.174 0.784 0.017 0.015 0.011 
297 TMA-ZAIN-G-    (0)    1 :  0.087 0.882 0.007 0.016 0.008 
298 TMA-ZAIN-G-    (0)    1 :  0.013 0.866 0.015 0.077 0.029 
299 TMA-ZAIN-G-    (0)    1 :  0.007 0.976 0.006 0.004 0.008 
300 TMA-ZAIN-G-    (0)    1 :  0.036 0.945 0.004 0.008 0.008 
301 TMA-ZAIN-G-    (0)    1 :  0.059 0.916 0.007 0.009 0.009 
302 TMA-ZAIN-G-    (9)    1 :  0.132 0.851 0.005 0.007 0.005 
303 TMA-ZAIN-G-    (0)    1 :  0.175 0.004 0.529 0.090 0.201 
304 TMA-ZAIN-G-    (0)    2 :  0.190 0.184 0.023 0.593 0.010 
305 TMA-ZAIN-G-    (0)    2 :  0.038 0.943 0.005 0.009 0.005 
306 TMA-ZAIN-G-    (0)    2 :  0.077 0.345 0.132 0.421 0.025 
307 TMA-ZAIN-G-    (0)    2 :  0.174 0.321 0.012 0.485 0.008 
308 TMA-ZAIN-G-    (0)    2 :  0.012 0.008 0.074 0.832 0.075 
309 TMA-ZAIN-G-    (0)    2 :  0.959 0.029 0.004 0.004 0.003 
310 TMA-ZAIN-G-    (0)    2 :  0.012 0.919 0.010 0.024 0.035 
311 TMA-ZAIN-G-    (0)    2 :  0.164 0.671 0.065 0.087 0.014 
312 TMA-ZAIN-G-    (0)    2 :  0.897 0.075 0.008 0.012 0.007 
313 TMA-ZAIN-G-    (0)    2 :  0.078 0.116 0.015 0.785 0.005 
314 TMA-ZAIN-G-    (0)    2 :  0.014 0.007 0.696 0.011 0.272 
315 TMA-ZAIN-G-    (0)    2 :  0.051 0.448 0.008 0.017 0.476 
316 TMA-ZAIN-G-    (0)    2 :  0.040 0.412 0.013 0.017 0.518 
317 TMA-ZAIN-G-    (0)    2 :  0.013 0.015 0.860 0.019 0.094 
318 TMA-ZAIN-G-    (9)    2 :  0.008 0.009 0.581 0.040 0.362 
319 TMA-ZAIN-G-    (0)    3 :  0.507 0.007 0.057 0.016 0.412 
320 TMA-ZAIN-G-    (0)    3 :  0.099 0.519 0.011 0.007 0.363 
321 TMA-ZAIN-G-    (0)    4 :  0.228 0.431 0.197 0.015 0.129 
322 TMA-ZAIN-G-    (0)    4 :  0.121 0.405 0.325 0.099 0.050 
323 TMA-ZAIN-G-    (0)    5 :  0.250 0.025 0.009 0.025 0.691 
324 TMA-ZAIN-G-    (0)    5 :  0.072 0.873 0.013 0.037 0.005 
325 TMA-ZAIN-G-    (0)    5 :  0.023 0.011 0.009 0.013 0.945 
326 TMA-ZAIN-G-    (0)    5 :  0.509 0.017 0.004 0.024 0.445 
327 TMA-ZAIN-G-    (0)    5 :  0.967 0.007 0.004 0.019 0.003 
328 TMA-ZAIN-G-    (0)    5 :  0.253 0.132 0.321 0.025 0.269 
329 TMA-ZAIN-G-    (0)    5 :  0.411 0.543 0.005 0.032 0.009 
330 TMA-ZAIN-G-    (0)    6 :  0.705 0.245 0.005 0.042 0.004 
331 TMA-ZAIN-G-    (0)    6 :  0.477 0.188 0.043 0.203 0.090 
332 TMA-ZAIN-G-    (0)    6 :  0.980 0.010 0.003 0.004 0.003 
333 TMA-ZAIN-G-    (0)    6 :  0.981 0.005 0.004 0.008 0.003 
334 TMA-ZAIN-G-    (0)    6 :  0.004 0.004 0.014 0.008 0.971 
335 TMA-ZAIN-G-    (0)    6 :  0.004 0.005 0.005 0.004 0.981 
336 TMA-ZAIN-G-    (0)    6 :  0.007 0.008 0.014 0.011 0.961 
337 TMA-ZAIN-G-    (9)    6 :  0.006 0.007 0.348 0.008 0.631 
338 TMA-ZAIN-G-    (0)    6 :  0.003 0.003 0.028 0.006 0.960 
339 TMA-ZAIN-G-    (0)    6 :  0.003 0.003 0.016 0.005 0.974 
340 TMA-ZAIN-G-    (0)    6 :  0.004 0.004 0.008 0.004 0.980 
341 TMA-ZAIN-G-    (0)    6 :  0.005 0.006 0.011 0.004 0.975 
342 TMA-ZAIN-G-    (0)    6 :  0.004 0.005 0.009 0.005 0.977 
343 TMA-ZAIN-G-    (0)    7 :  0.004 0.003 0.032 0.003 0.957 
344 TMA-ZAIN-G-    (0)    7 :  0.005 0.004 0.009 0.005 0.977 
345 TMA-ZAIN-G-    (0)    7 :  0.003 0.003 0.006 0.005 0.984 
346 TMA-ZAIN-G-    (0)    7 :  0.007 0.005 0.031 0.005 0.952 
347 TMA-ZAIN-G-    (9)    7 :  0.003 0.004 0.011 0.004 0.978 
348 TMA-ZAIN-G-    (0)    7 :  0.005 0.006 0.041 0.011 0.937 
349 TMA-ZAIN-G-    (0)    7 :  0.004 0.005 0.020 0.005 0.967 
350 TMA-ZAIN-G-    (0)    7 :  0.009 0.007 0.051 0.006 0.928 
351 TMA-ZAIN-G-    (0)    7 :  0.004 0.004 0.011 0.006 0.975 
352 TMA-ZAIN-G-    (0)    7 :  0.005 0.007 0.011 0.010 0.967 
353 TMA-ZAIN-G-    (0)    7 :  0.009 0.006 0.059 0.006 0.920 
354 TMA-ZAIN-G-    (0)    7 :  0.005 0.004 0.008 0.003 0.981 
355 TMA-ZAIN-G-    (0)    7 :  0.008 0.008 0.016 0.004 0.964 
356 TMA-ZAIN-G-    (0)    8 :  0.004 0.967 0.004 0.019 0.007 
357 TMA-ZAIN-G-    (0)    8 :  0.298 0.667 0.014 0.016 0.005 
358 TMA-ZAIN-G-    (0)    8 :  0.301 0.570 0.058 0.034 0.038 
359 TMA-ZAIN-G-    (0)    8 :  0.007 0.938 0.009 0.027 0.019 
360 TMA-ZAIN-G-    (0)    8 :  0.007 0.978 0.004 0.006 0.005 
361 TMA-ZAIN-G-    (0)    8 :  0.714 0.255 0.014 0.013 0.004 
362 TMA-ZAIN-G-    (0)    8 :  0.006 0.971 0.006 0.004 0.013 
363 TMA-ZAIN-G-    (0)    9 :  0.698 0.251 0.008 0.024 0.019 
364 TMA-ZAIN-G-    (0)    9 :  0.024 0.025 0.902 0.026 0.023 
365 TMA-ZAIN-G-    (0)    9 :  0.035 0.754 0.018 0.005 0.188 
366 TMA-ZAIN-G-    (0)    9 :  0.009 0.961 0.004 0.019 0.006 
367 TMA-ZAIN-G-    (0)    9 :  0.716 0.052 0.114 0.109 0.009 
368 TMA-ZAIN-G-    (0)    9 :  0.015 0.962 0.005 0.013 0.005 
369 TMA-ZAIN-G-    (0)    9 :  0.927 0.060 0.003 0.006 0.003 
370 TMA-ZAIN-G-    (0)    9 :  0.907 0.072 0.011 0.006 0.004 
371 TMA-ZAIN-G-    (0)    9 :  0.009 0.976 0.005 0.006 0.004 
372 TMA-ZAIN-G-    (0)    9 :  0.022 0.964 0.005 0.006 0.004 
373 TMA-ZAIN-G-    (0)    9 :  0.982 0.004 0.004 0.005 0.004 
374 TMA-ZAIN-G-    (0)   10 :  0.392 0.027 0.376 0.189 0.016 
375 TMA-ZAIN-G-    (0)   10 :  0.543 0.036 0.255 0.009 0.158 
376 TMA-ZAIN-G-    (9)   10 :  0.014 0.972 0.006 0.004 0.004 
377 TMA-ZAIN-G-    (0)   10 :  0.007 0.982 0.003 0.005 0.003 
378 TMA-ZAIN-G-    (0)   10 :  0.013 0.976 0.005 0.004 0.003 
379 TMA-ZAIN-G-    (0)   10 :  0.024 0.948 0.004 0.021 0.003 
380 TMA-ZAIN-G-    (0)   10 :  0.017 0.969 0.003 0.007 0.003 
381 TMA-ZAIN-G-    (9)   10 :  0.072 0.244 0.240 0.213 0.232 
382 TMA-ZAIN-G-    (9)   10 :  0.010 0.006 0.867 0.011 0.105 
383    ZFB01    (0)   11 :  0.005 0.007 0.975 0.005 0.009 
384    ZFB02    (0)   11 :  0.003 0.005 0.952 0.012 0.028 
385    ZFB03    (0)   11 :  0.008 0.005 0.975 0.006 0.006 
386    ZFB04    (0)   11 :  0.004 0.006 0.939 0.009 0.042 
387    ZFB05    (0)   11 :  0.005 0.004 0.904 0.013 0.074 
388    ZFB06    (0)   11 :  0.005 0.004 0.953 0.008 0.030 
389    ZFB07    (9)   11 :  0.009 0.009 0.952 0.007 0.023 
390    ZFB08    (0)   11 :  0.006 0.006 0.976 0.006 0.006 
391    ZFB09    (0)   11 :  0.004 0.004 0.982 0.004 0.006 
392    ZFB10    (0)   11 :  0.007 0.018 0.957 0.008 0.011 
393    ZFB11    (0)   11 :  0.005 0.013 0.954 0.010 0.017 
394    ZFB12    (0)   11 :  0.006 0.006 0.975 0.004 0.009 
395    ZFB13    (0)   11 :  0.006 0.007 0.974 0.005 0.008 
396    ZFB14    (0)   11 :  0.004 0.006 0.979 0.006 0.005 
397    ZFB15    (0)   11 :  0.003 0.004 0.973 0.004 0.016 
398    ZFB16    (0)   11 :  0.005 0.005 0.971 0.005 0.015 
399    ZFB17    (0)   11 :  0.005 0.006 0.966 0.010 0.013 
400    ZFB18    (0)   11 :  0.003 0.004 0.983 0.005 0.005 
401    ZFB19    (0)   11 :  0.014 0.022 0.950 0.005 0.010 
402    ZFB20    (0)   11 :  0.005 0.006 0.961 0.005 0.024 
403    ZFB21    (0)   11 :  0.004 0.003 0.972 0.004 0.017 
404    ZFB22    (0)   11 :  0.005 0.006 0.951 0.005 0.033 
405    ZFB23    (0)   11 :  0.007 0.011 0.942 0.010 0.030 
406    ZFB24    (0)   11 :  0.005 0.012 0.937 0.010 0.036 
407    ZFB25    (0)   11 :  0.009 0.031 0.947 0.006 0.007 
408    ZFB26    (0)   11 :  0.009 0.032 0.868 0.017 0.074 
409    ZFB27    (0)   11 :  0.005 0.014 0.908 0.007 0.065 
410    ZFB28    (0)   11 :  0.007 0.007 0.933 0.013 0.041 
411    ZFB29    (0)   11 :  0.003 0.005 0.955 0.013 0.024 
412    ZFB30    (0)   11 :  0.008 0.010 0.817 0.006 0.158 
413    ZFB31    (0)   11 :  0.009 0.018 0.961 0.005 0.008 
414    ZFB32    (0)   11 :  0.011 0.011 0.928 0.025 0.025 
415    ZFB33    (0)   11 :  0.004 0.004 0.973 0.004 0.015 
416    ZFB34    (0)   11 :  0.004 0.004 0.979 0.006 0.006 
417    ZFB35    (0)   11 :  0.007 0.008 0.965 0.009 0.012 
418  ZFBP101    (0)   12 :  0.189 0.669 0.013 0.117 0.011 
419  ZFBP102    (0)   12 :  0.110 0.833 0.020 0.024 0.014 
420  ZFBP103    (0)   12 :  0.550 0.215 0.010 0.217 0.008 
421  ZFBP104    (0)   12 :  0.416 0.484 0.067 0.005 0.029 
422  ZFBP105    (0)   12 :  0.294 0.684 0.009 0.007 0.007 
423  ZFBP106    (0)   12 :  0.110 0.872 0.005 0.009 0.004 
424  ZFBP107    (0)   12 :  0.454 0.510 0.009 0.011 0.017 
425  ZFBP108    (0)   12 :  0.012 0.977 0.004 0.004 0.004 
426  ZFBP109    (0)   12 :  0.012 0.976 0.005 0.004 0.003 
427  ZFBP110    (0)   12 :  0.719 0.153 0.055 0.058 0.014 
428  ZFBP111    (0)   12 :  0.032 0.956 0.003 0.005 0.003 
429  ZFBP112    (0)   12 :  0.014 0.966 0.005 0.010 0.006 
430  ZFBP113    (0)   12 :  0.013 0.973 0.005 0.004 0.005 
431  ZFBP114    (0)   12 :  0.037 0.945 0.004 0.007 0.006 
432  ZFBP115    (0)   12 :  0.724 0.259 0.004 0.009 0.005 
433  ZFBP116    (0)   12 :  0.024 0.962 0.004 0.005 0.005 
434  ZFBP117    (0)   12 :  0.015 0.970 0.004 0.007 0.003 
435  ZFBP118    (0)   12 :  0.017 0.967 0.004 0.006 0.006 
436  ZFBP119    (0)   12 :  0.238 0.718 0.006 0.034 0.004 
437  ZFBP120    (0)   12 :  0.225 0.754 0.009 0.006 0.007 
438  ZFBP121    (0)   12 :  0.028 0.952 0.006 0.009 0.004 
439  ZFBP122    (9)   12 :  0.029 0.956 0.005 0.006 0.004 
440  ZFBP123    (0)   12 :  0.012 0.961 0.005 0.016 0.007 
441  ZFBP124    (0)   12 :  0.013 0.966 0.009 0.007 0.004 
442  ZFBP125    (0)   12 :  0.022 0.965 0.003 0.007 0.003 
443  ZFBP126    (0)   12 :  0.013 0.921 0.016 0.036 0.014 
444  ZFBP127    (0)   12 :  0.211 0.762 0.004 0.019 0.004 
445  ZFBP128    (0)   12 :  0.014 0.970 0.005 0.008 0.003 
446  ZFBP129    (0)   12 :  0.008 0.973 0.006 0.009 0.004 
447  ZFBP130    (0)   12 :  0.015 0.967 0.003 0.011 0.003 
448  ZFBP131    (0)   12 :  0.006 0.981 0.005 0.005 0.004 
449  ZFBP132    (0)   12 :  0.026 0.961 0.005 0.005 0.003 
450  ZFBP133    (0)   12 :  0.005 0.982 0.004 0.007 0.002 
451  ZFBP134    (0)   12 :  0.502 0.448 0.006 0.040 0.004 
452  ZFBP135    (0)   12 :  0.093 0.658 0.021 0.221 0.007 
453  ZFBP136    (0)   12 :  0.095 0.803 0.005 0.089 0.007 
454  ZFBP201    (0)   13 :  0.024 0.951 0.009 0.007 0.008 
455  ZFBP202    (0)   13 :  0.028 0.956 0.007 0.005 0.004 
456  ZFBP203    (0)   13 :  0.012 0.946 0.008 0.007 0.028 
457  ZFBP204    (0)   13 :  0.176 0.793 0.006 0.019 0.006 
458  ZFBP205    (0)   13 :  0.006 0.976 0.004 0.010 0.005 
459  ZFBP206    (0)   13 :  0.007 0.963 0.006 0.017 0.006 
460  ZFBP207    (0)   13 :  0.555 0.418 0.007 0.016 0.004 
461  ZFBP208    (0)   13 :  0.008 0.965 0.005 0.010 0.011 
462  ZFBP209    (0)   13 :  0.005 0.982 0.003 0.007 0.003 
463  ZFBP210    (0)   13 :  0.020 0.957 0.007 0.007 0.008 
464  ZFBP211    (0)   13 :  0.018 0.965 0.007 0.006 0.005 
465  ZFBP212    (0)   13 :  0.260 0.726 0.007 0.004 0.004 
466  ZFBP213    (0)   13 :  0.013 0.953 0.009 0.019 0.007 
467  ZFBP214    (0)   13 :  0.037 0.898 0.014 0.045 0.006 
468  ZFBP215    (0)   13 :  0.011 0.974 0.005 0.006 0.004 
469  ZFBP216    (0)   13 :  0.056 0.918 0.008 0.007 0.011 
470  ZFBP217    (0)   13 :  0.031 0.952 0.007 0.007 0.004 
471  ZFBP218    (0)   13 :  0.008 0.981 0.004 0.004 0.004 
472  ZFBP219    (0)   13 :  0.009 0.977 0.005 0.004 0.005 
473  ZFBP220    (0)   13 :  0.039 0.943 0.004 0.010 0.004 
474  ZFBP221    (0)   13 :  0.136 0.850 0.007 0.004 0.004 
475  ZFBP222    (0)   13 :  0.006 0.973 0.006 0.010 0.005 
476  ZFBP223    (0)   13 :  0.577 0.393 0.011 0.012 0.007 
477  ZFBP224    (0)   13 :  0.013 0.966 0.007 0.008 0.006 
478  ZFBP225    (0)   13 :  0.073 0.904 0.004 0.013 0.006 
479  ZFBP226    (0)   13 :  0.015 0.969 0.005 0.005 0.006 
480  ZFBP227    (0)   13 :  0.233 0.624 0.073 0.007 0.062 
481  ZFBP228    (0)   13 :  0.421 0.553 0.006 0.016 0.004 
482  ZFBP229    (0)   13 :  0.013 0.974 0.004 0.006 0.004 
483  ZFBP230    (0)   13 :  0.044 0.933 0.005 0.014 0.004 
484  ZFBP231    (0)   13 :  0.020 0.961 0.007 0.007 0.005 
485  ZFBP232    (0)   13 :  0.008 0.980 0.004 0.005 0.003 
486  ZFBP233    (0)   13 :  0.021 0.960 0.008 0.007 0.005 
487   ZFCC01    (0)   14 :  0.004 0.005 0.008 0.978 0.005 
488   ZFCC03    (0)   14 :  0.005 0.005 0.005 0.981 0.003 
489   ZFCC04    (0)   14 :  0.005 0.005 0.006 0.980 0.004 
490   ZFCC05    (0)   14 :  0.008 0.006 0.006 0.975 0.005 
491   ZFCC08    (0)   14 :  0.008 0.013 0.005 0.971 0.003 
492   ZFCC09    (0)   14 :  0.005 0.004 0.008 0.979 0.004 
493   ZFCC10    (0)   14 :  0.004 0.005 0.010 0.977 0.004 
494   ZFCC11    (0)   14 :  0.006 0.005 0.005 0.979 0.004 
495   ZFCC12    (0)   14 :  0.009 0.006 0.015 0.938 0.031 
496   ZFCC13    (0)   14 :  0.013 0.009 0.005 0.966 0.007 
497   ZFCC14    (0)   14 :  0.005 0.009 0.008 0.972 0.005 
498   ZFCC15    (0)   14 :  0.005 0.005 0.006 0.977 0.006 
499   ZFCC16    (0)   14 :  0.004 0.004 0.006 0.981 0.004 
500   ZFCC17    (0)   14 :  0.004 0.004 0.006 0.979 0.007 
501   ZFCC18    (0)   14 :  0.005 0.005 0.006 0.980 0.004 
502   ZFCC19    (0)   14 :  0.004 0.004 0.006 0.980 0.006 
503   ZFCC20    (0)   14 :  0.006 0.004 0.004 0.981 0.004 
504   ZFCC21    (0)   14 :  0.009 0.027 0.011 0.948 0.005 
505   ZFCC22    (0)   14 :  0.021 0.136 0.007 0.832 0.004 
506   ZFCC26    (0)   14 :  0.005 0.004 0.005 0.982 0.004 
507   ZFCC27    (0)   14 :  0.005 0.004 0.004 0.983 0.003 
508   ZFCC29    (0)   14 :  0.005 0.005 0.010 0.975 0.005 
509   ZFCC30    (0)   14 :  0.006 0.004 0.004 0.983 0.003 
510   ZFCC32    (0)   14 :  0.006 0.005 0.008 0.974 0.007 
511   ZFCC33    (0)   14 :  0.005 0.004 0.007 0.977 0.006 
512   ZFCC34    (0)   14 :  0.035 0.041 0.014 0.900 0.010 
513   ZFCC35    (0)   14 :  0.005 0.004 0.004 0.984 0.003 
514   ZFCC36    (0)   14 :  0.007 0.009 0.006 0.969 0.009 
515   ZFCC37    (0)   14 :  0.010 0.008 0.017 0.932 0.032 
516   ZFCC40    (0)   14 :  0.004 0.006 0.007 0.978 0.005 
517   ZFCC42    (0)   14 :  0.041 0.009 0.021 0.366 0.562 
518   ZFCC44    (0)   14 :  0.006 0.003 0.004 0.983 0.004 
519   ZFCC45    (9)   14 :  0.007 0.005 0.013 0.960 0.015 
520   ZFCC46    (0)   14 :  0.013 0.011 0.004 0.967 0.004 
521   ZFCC47    (0)   14 :  0.006 0.006 0.013 0.962 0.014 
522   ZFCC48    (0)   14 :  0.007 0.025 0.007 0.957 0.003 
523   ZFCC50    (0)   14 :  0.004 0.004 0.005 0.983 0.004 
524   ZFCC51    (0)   14 :  0.006 0.004 0.005 0.982 0.003 
525   ZFCC52    (0)   14 :  0.007 0.011 0.005 0.972 0.005 
526   ZFCC53    (0)   14 :  0.005 0.004 0.004 0.984 0.004 
527  ZFCNS01    (0)   15 :  0.979 0.004 0.004 0.008 0.006 
528  ZFCNS02    (0)   15 :  0.974 0.006 0.004 0.012 0.004 
529  ZFCNS05    (0)   15 :  0.970 0.009 0.006 0.012 0.004 
530  ZFCNS06    (0)   15 :  0.968 0.007 0.005 0.016 0.004 
531  ZFCNS07    (0)   15 :  0.972 0.013 0.005 0.006 0.004 
532  ZFCNS10    (0)   15 :  0.981 0.006 0.004 0.006 0.003 
533  ZFCNS11    (0)   15 :  0.979 0.005 0.004 0.008 0.005 
534  ZFCNS15    (0)   15 :  0.977 0.010 0.005 0.005 0.003 
535  ZFCNS17    (0)   15 :  0.968 0.007 0.004 0.019 0.003 
536  ZFCNS18    (0)   15 :  0.978 0.006 0.004 0.008 0.004 
537  ZFCNS19    (0)   15 :  0.975 0.004 0.004 0.013 0.003 
538  ZFCNS20    (0)   15 :  0.969 0.013 0.004 0.011 0.004 
539  ZFCNS21    (0)   15 :  0.979 0.004 0.004 0.010 0.003 
540  ZFCNS22    (0)   15 :  0.970 0.012 0.006 0.009 0.004 
541  ZFCNS23    (0)   15 :  0.950 0.008 0.006 0.027 0.009 
542  ZFCNS24    (0)   15 :  0.951 0.006 0.004 0.035 0.004 
543  ZFCNS25    (0)   15 :  0.969 0.010 0.004 0.013 0.004 
544  ZFCNS26    (0)   15 :  0.981 0.007 0.005 0.005 0.003 
545  ZFCNS27    (0)   15 :  0.973 0.014 0.004 0.005 0.004 
546  ZFCNS28    (0)   15 :  0.975 0.006 0.005 0.010 0.004 
547  ZFCNS29    (0)   15 :  0.967 0.009 0.005 0.015 0.004 
548  ZFCNS30    (0)   15 :  0.972 0.005 0.005 0.015 0.004 
549  ZFCNS31    (0)   15 :  0.981 0.006 0.004 0.006 0.003 
550  ZFCNS32    (0)   15 :  0.976 0.006 0.005 0.010 0.004 
551  ZFCNS33    (0)   15 :  0.981 0.005 0.005 0.007 0.003 
552  ZFCNS34    (0)   15 :  0.944 0.006 0.005 0.041 0.004 
553  ZFCNS35    (0)   15 :  0.978 0.005 0.005 0.009 0.003 
554  ZFCNS36    (0)   15 :  0.894 0.008 0.004 0.089 0.004 
555  ZFCNS37    (0)   15 :  0.981 0.005 0.004 0.007 0.003 
556  ZFCNS39    (0)   15 :  0.979 0.005 0.003 0.009 0.003 
557  ZFCNS40    (0)   15 :  0.944 0.009 0.004 0.040 0.004 
558  ZFCNS41    (0)   15 :  0.970 0.007 0.006 0.011 0.005 
559  ZFCNS42    (0)   15 :  0.982 0.005 0.004 0.006 0.003 
560  ZFCNS43    (0)   15 :  0.976 0.004 0.004 0.012 0.003 
561  ZFCNS44    (0)   15 :  0.981 0.005 0.003 0.008 0.003 
562  ZFCNS46    (0)   15 :  0.978 0.006 0.004 0.008 0.003 
563  ZFCNS47    (0)   15 :  0.980 0.004 0.004 0.008 0.003 
564  ZFCNS48    (0)   15 :  0.979 0.005 0.004 0.008 0.004 
565  ZFCNS49    (0)   15 :  0.981 0.007 0.004 0.004 0.003 
566   ZFCR01    (0)   16 :  0.008 0.057 0.823 0.015 0.098 
567   ZFCR02    (0)   16 :  0.029 0.126 0.782 0.047 0.016 
568   ZFCR03    (0)   16 :  0.009 0.056 0.819 0.048 0.069 
569   ZFCR04    (0)   16 :  0.020 0.017 0.926 0.011 0.026 
570   ZFCR05    (0)   16 :  0.007 0.008 0.949 0.020 0.015 
571   ZFCR06    (0)   16 :  0.170 0.125 0.663 0.019 0.023 
572   ZFCR07    (0)   16 :  0.223 0.018 0.651 0.056 0.052 
573   ZFCR08    (0)   16 :  0.016 0.129 0.196 0.138 0.521 
574   ZFCR09    (0)   16 :  0.089 0.156 0.298 0.039 0.418 
575   ZFCR11    (0)   16 :  0.093 0.024 0.857 0.010 0.016 
576   ZFCR12    (0)   16 :  0.300 0.041 0.605 0.043 0.011 
577   ZFCR13    (0)   16 :  0.029 0.056 0.886 0.013 0.016 
578   ZFCR14    (0)   16 :  0.020 0.031 0.897 0.040 0.012 
579   ZFCR15    (0)   16 :  0.013 0.045 0.889 0.026 0.027 
580   ZFCR16    (0)   16 :  0.012 0.140 0.820 0.013 0.016 
581   ZFCR18    (0)   16 :  0.008 0.011 0.952 0.020 0.008 
582   ZFCR19    (0)   16 :  0.020 0.113 0.702 0.029 0.135 
583   ZFCR20    (0)   16 :  0.012 0.053 0.889 0.018 0.028 
584   ZFCR21    (0)   16 :  0.016 0.027 0.882 0.049 0.026 
585   ZFCR22    (0)   16 :  0.021 0.057 0.866 0.023 0.033 
586   ZFCR23    (0)   16 :  0.035 0.082 0.678 0.005 0.200 
587   ZFCR24    (9)   16 :  0.015 0.365 0.577 0.010 0.034 
588   ZFCR25    (0)   16 :  0.012 0.011 0.954 0.010 0.013 
589   ZFCR26    (0)   16 :  0.021 0.081 0.649 0.043 0.207 
590   ZFCR27    (9)   16 :  0.004 0.004 0.906 0.005 0.081 
