

----------------------------------------------------
STRUCTURE by Pritchard, Stephens and Donnelly (2000)
     and Falush, Stephens and Pritchard (2003)
       Code by Pritchard, Falush and Hubisz
             Version 2.3.4 (Jul 2012)
----------------------------------------------------



Command line arguments:   bin\structure -m C:\Users\eschumacher\Documents\GitHub\GCC_QUAC_ZAIN\Data_Files\Structure_Files\ZAIN\ZAIN_rebinned_allpop_str\50-50\mainparams -e C:\Users\eschumacher\Documents\GitHub\GCC_QUAC_ZAIN\Data_Files\Structure_Files\ZAIN\ZAIN_rebinned_allpop_str\50-50\extraparams 
Input File:    C:\Users\eschumacher\Documents\GitHub\GCC_QUAC_ZAIN\Data_Files\Structure_Files\ZAIN\ZAIN_rebinned_allpop_str\project_data

Run parameters:
   1133 individuals
   11 loci
   6 populations assumed
   50000 Burn-in period
   50000 Reps


--------------------------------------------
Proportion of membership of each pre-defined
 population in each of the 6 clusters

Given    Inferred Clusters                            Number of
 Pop       1      2      3      4      5      6      Individuals

  1:     0.119  0.194  0.116  0.099  0.319  0.153      303
  2:     0.123  0.181  0.219  0.070  0.300  0.108       15
  3:     0.601  0.115  0.009  0.011  0.229  0.034        2
  4:     0.308  0.166  0.050  0.069  0.346  0.061        2
  5:     0.401  0.286  0.023  0.040  0.224  0.026        7
  6:     0.014  0.240  0.020  0.017  0.042  0.668       13
  7:     0.013  0.006  0.005  0.017  0.005  0.954       13
  8:     0.016  0.190  0.015  0.013  0.758  0.009        7
  9:     0.083  0.391  0.017  0.031  0.460  0.018       11
 10:     0.181  0.081  0.037  0.125  0.565  0.011        9
 11:     0.012  0.006  0.007  0.934  0.008  0.033       35
 12:     0.009  0.147  0.026  0.008  0.805  0.005       36
 13:     0.011  0.088  0.009  0.006  0.880  0.006       33
 14:     0.005  0.008  0.950  0.007  0.010  0.019       40
 15:     0.005  0.970  0.013  0.004  0.006  0.003       39
 16:     0.660  0.026  0.026  0.171  0.062  0.053       40
 17:     0.764  0.013  0.034  0.068  0.020  0.102       37
 18:     0.005  0.118  0.007  0.007  0.860  0.003       40
 19:     0.007  0.008  0.039  0.932  0.005  0.008       28
 20:     0.017  0.011  0.921  0.008  0.013  0.030       14
 21:     0.021  0.036  0.010  0.009  0.010  0.914       13
 22:     0.005  0.945  0.014  0.006  0.028  0.003       14
 23:     0.006  0.047  0.009  0.006  0.926  0.006       25
 24:     0.019  0.019  0.022  0.006  0.927  0.006       40
 25:     0.022  0.054  0.872  0.022  0.021  0.009       32
 26:     0.005  0.004  0.005  0.003  0.006  0.976       20
 27:     0.203  0.009  0.011  0.759  0.011  0.007        4
 28:     0.023  0.011  0.012  0.904  0.033  0.017       23
 29:     0.015  0.006  0.009  0.958  0.006  0.007       39
 30:     0.010  0.005  0.008  0.050  0.006  0.921       38
 31:     0.009  0.886  0.008  0.005  0.087  0.005       45
 32:     0.011  0.564  0.014  0.005  0.395  0.010       28
 33:     0.029  0.007  0.007  0.944  0.005  0.008        6
 34:     0.908  0.025  0.014  0.021  0.024  0.008       40
 35:     0.851  0.021  0.012  0.019  0.016  0.080       42
--------------------------------------------

Allele-freq. divergence among pops (Net nucleotide distance),
computed using point estimates of P.

      1       2       3       4       5       6      
 1      -    0.1013  0.0961  0.0887  0.1399  0.1200  
 2   0.1013     -    0.1143  0.2032  0.0760  0.2647  
 3   0.0961  0.1143     -    0.1415  0.1496  0.2088  
 4   0.0887  0.2032  0.1415     -    0.2191  0.1422  
 5   0.1399  0.0760  0.1496  0.2191     -    0.2764  
 6   0.1200  0.2647  0.2088  0.1422  0.2764     -    

Average distances (expected heterozygosity) between individuals in same cluster:
cluster  1  : 0.5573 
cluster  2  : 0.4347 
cluster  3  : 0.4387 
cluster  4  : 0.4843 
cluster  5  : 0.4322 
cluster  6  : 0.4281 

--------------------------------------------
Estimated Ln Prob of Data   = -22206.5
Mean value of ln likelihood = -21818.3
Variance of ln likelihood   = 776.6
Mean value of alpha         = 0.0338

Mean value of Fst_1         = 0.1235
Mean value of Fst_2         = 0.3771
Mean value of Fst_3         = 0.4214
Mean value of Fst_4         = 0.3229
Mean value of Fst_5         = 0.2689
Mean value of Fst_6         = 0.4146


Inferred ancestry of individuals:
        Label (%Miss) Pop:  Inferred clusters
  1 TMA-ZAIN-G-    (9)    1 :  0.075 0.067 0.024 0.809 0.020 0.006 
  2 TMA-ZAIN-G-    (0)    1 :  0.042 0.021 0.028 0.767 0.136 0.007 
  3 TMA-ZAIN-G-    (0)    1 :  0.007 0.182 0.010 0.006 0.792 0.003 
  4 TMA-ZAIN-G-    (0)    1 :  0.013 0.039 0.773 0.020 0.146 0.009 
  5 TMA-ZAIN-G-    (0)    1 :  0.004 0.002 0.005 0.980 0.003 0.005 
  6 TMA-ZAIN-G-    (0)    1 :  0.175 0.171 0.063 0.035 0.516 0.040 
  7 TMA-ZAIN-G-    (0)    1 :  0.021 0.534 0.031 0.018 0.387 0.008 
  8 TMA-ZAIN-G-    (0)    1 :  0.005 0.661 0.023 0.008 0.299 0.003 
  9 TMA-ZAIN-G-    (9)    1 :  0.014 0.219 0.005 0.012 0.745 0.005 
 10 TMA-ZAIN-G-    (0)    1 :  0.009 0.214 0.012 0.003 0.757 0.004 
 11 TMA-ZAIN-G-    (0)    1 :  0.010 0.237 0.008 0.006 0.733 0.006 
 12 TMA-ZAIN-G-    (0)    1 :  0.006 0.043 0.005 0.007 0.937 0.003 
 13 TMA-ZAIN-G-    (9)    1 :  0.033 0.564 0.022 0.051 0.226 0.104 
 14 TMA-ZAIN-G-    (9)    1 :  0.006 0.970 0.008 0.004 0.008 0.005 
 15 TMA-ZAIN-G-    (0)    1 :  0.006 0.976 0.006 0.004 0.005 0.003 
 16 TMA-ZAIN-G-    (0)    1 :  0.007 0.021 0.004 0.004 0.959 0.005 
 17 TMA-ZAIN-G-    (9)    1 :  0.053 0.856 0.035 0.015 0.022 0.019 
 18 TMA-ZAIN-G-    (0)    1 :  0.151 0.020 0.058 0.756 0.011 0.005 
 19 TMA-ZAIN-G-    (0)    1 :  0.931 0.025 0.006 0.014 0.012 0.012 
 20 TMA-ZAIN-G-    (0)    1 :  0.843 0.003 0.019 0.040 0.003 0.091 
 21 TMA-ZAIN-G-    (0)    1 :  0.005 0.003 0.005 0.003 0.005 0.979 
 22 TMA-ZAIN-G-    (0)    1 :  0.012 0.003 0.007 0.050 0.003 0.926 
 23 TMA-ZAIN-G-    (0)    1 :  0.044 0.008 0.005 0.023 0.006 0.914 
 24 TMA-ZAIN-G-    (9)    1 :  0.004 0.053 0.007 0.010 0.133 0.793 
 25 TMA-ZAIN-G-    (9)    1 :  0.822 0.008 0.004 0.124 0.033 0.010 
 26 TMA-ZAIN-G-    (9)    1 :  0.017 0.141 0.517 0.011 0.281 0.034 
 27 TMA-ZAIN-G-    (0)    1 :  0.866 0.040 0.019 0.055 0.008 0.012 
 28 TMA-ZAIN-G-    (0)    1 :  0.959 0.011 0.007 0.012 0.008 0.004 
 29 TMA-ZAIN-G-    (0)    1 :  0.372 0.040 0.057 0.004 0.523 0.004 
 30 TMA-ZAIN-G-    (0)    1 :  0.364 0.436 0.008 0.004 0.183 0.005 
 31 TMA-ZAIN-G-    (0)    1 :  0.009 0.005 0.042 0.925 0.006 0.012 
 32 TMA-ZAIN-G-    (9)    1 :  0.015 0.025 0.004 0.922 0.025 0.008 
 33 TMA-ZAIN-G-   (18)    1 :  0.006 0.282 0.004 0.008 0.696 0.003 
 34 TMA-ZAIN-G-    (0)    1 :  0.011 0.024 0.008 0.339 0.602 0.016 
 35 TMA-ZAIN-G-    (9)    1 :  0.015 0.097 0.012 0.019 0.853 0.004 
 36 TMA-ZAIN-G-    (0)    1 :  0.007 0.598 0.016 0.005 0.372 0.003 
 37 TMA-ZAIN-G-    (9)    1 :  0.014 0.067 0.013 0.012 0.886 0.007 
 38 TMA-ZAIN-G-   (18)    1 :  0.019 0.040 0.006 0.907 0.018 0.009 
 39 TMA-ZAIN-G-    (0)    1 :  0.006 0.013 0.007 0.003 0.965 0.006 
 40 TMA-ZAIN-G-    (0)    1 :  0.004 0.074 0.005 0.004 0.909 0.004 
 41 TMA-ZAIN-G-    (0)    1 :  0.006 0.725 0.005 0.003 0.258 0.003 
 42 TMA-ZAIN-G-    (9)    1 :  0.003 0.978 0.006 0.003 0.008 0.002 
 43 TMA-ZAIN-G-    (0)    1 :  0.004 0.971 0.012 0.004 0.006 0.003 
 44 TMA-ZAIN-G-    (0)    1 :  0.016 0.021 0.005 0.005 0.101 0.852 
 45 TMA-ZAIN-G-    (0)    1 :  0.012 0.397 0.014 0.008 0.561 0.008 
 46 TMA-ZAIN-G-    (0)    1 :  0.004 0.003 0.006 0.003 0.003 0.981 
 47 TMA-ZAIN-G-    (0)    1 :  0.004 0.004 0.981 0.004 0.004 0.003 
 48 TMA-ZAIN-G-    (0)    1 :  0.022 0.249 0.634 0.007 0.058 0.031 
 49 TMA-ZAIN-G-    (9)    1 :  0.920 0.006 0.012 0.022 0.034 0.006 
 50 TMA-ZAIN-G-    (0)    1 :  0.952 0.023 0.003 0.006 0.010 0.006 
 51 TMA-ZAIN-G-    (0)    1 :  0.906 0.045 0.025 0.007 0.008 0.009 
 52 TMA-ZAIN-G-    (0)    1 :  0.856 0.014 0.099 0.007 0.011 0.013 
 53 TMA-ZAIN-G-    (0)    1 :  0.658 0.027 0.171 0.125 0.010 0.009 
 54 TMA-ZAIN-G-    (0)    1 :  0.010 0.011 0.964 0.005 0.005 0.005 
 55 TMA-ZAIN-G-    (0)    1 :  0.030 0.039 0.909 0.005 0.008 0.009 
 56 TMA-ZAIN-G-    (0)    1 :  0.104 0.120 0.693 0.009 0.064 0.010 
 57 TMA-ZAIN-G-    (0)    1 :  0.014 0.005 0.961 0.007 0.010 0.003 
 58 TMA-ZAIN-G-    (0)    1 :  0.881 0.010 0.023 0.022 0.007 0.058 
 59 TMA-ZAIN-G-    (0)    1 :  0.053 0.057 0.070 0.671 0.114 0.036 
 60 TMA-ZAIN-G-    (0)    1 :  0.480 0.077 0.042 0.377 0.015 0.010 
 61 TMA-ZAIN-G-    (0)    1 :  0.010 0.003 0.017 0.946 0.004 0.020 
 62 TMA-ZAIN-G-    (9)    1 :  0.044 0.023 0.012 0.865 0.031 0.025 
 63 TMA-ZAIN-G-    (0)    1 :  0.011 0.006 0.013 0.959 0.004 0.007 
 64 TMA-ZAIN-G-    (0)    1 :  0.004 0.013 0.006 0.002 0.972 0.003 
 65 TMA-ZAIN-G-    (9)    1 :  0.004 0.029 0.017 0.003 0.944 0.003 
 66 TMA-ZAIN-G-    (0)    1 :  0.004 0.016 0.007 0.003 0.967 0.003 
 67 TMA-ZAIN-G-    (0)    1 :  0.012 0.006 0.006 0.004 0.963 0.009 
 68 TMA-ZAIN-G-    (0)    1 :  0.004 0.060 0.017 0.002 0.914 0.003 
 69 TMA-ZAIN-G-    (0)    1 :  0.010 0.007 0.011 0.007 0.951 0.014 
 70 TMA-ZAIN-G-    (0)    1 :  0.007 0.008 0.004 0.004 0.972 0.006 
 71 TMA-ZAIN-G-    (0)    1 :  0.004 0.006 0.003 0.003 0.980 0.004 
 72 TMA-ZAIN-G-    (0)    1 :  0.010 0.049 0.009 0.004 0.924 0.005 
 73 TMA-ZAIN-G-    (0)    1 :  0.042 0.008 0.019 0.028 0.864 0.040 
 74 TMA-ZAIN-G-    (0)    1 :  0.024 0.010 0.006 0.009 0.936 0.015 
 75 TMA-ZAIN-G-    (0)    1 :  0.011 0.013 0.013 0.006 0.953 0.004 
 76 TMA-ZAIN-G-    (0)    1 :  0.025 0.005 0.004 0.007 0.903 0.056 
 77 TMA-ZAIN-G-    (0)    1 :  0.011 0.034 0.010 0.004 0.929 0.012 
 78 TMA-ZAIN-G-    (0)    1 :  0.048 0.016 0.020 0.013 0.846 0.058 
 79 TMA-ZAIN-G-    (0)    1 :  0.022 0.059 0.024 0.005 0.839 0.051 
 80 TMA-ZAIN-G-    (0)    1 :  0.005 0.011 0.009 0.003 0.966 0.006 
 81 TMA-ZAIN-G-    (0)    1 :  0.015 0.016 0.013 0.005 0.939 0.013 
 82 TMA-ZAIN-G-    (0)    1 :  0.005 0.007 0.010 0.004 0.972 0.003 
 83 TMA-ZAIN-G-    (9)    1 :  0.026 0.010 0.021 0.068 0.842 0.033 
 84 TMA-ZAIN-G-    (0)    1 :  0.017 0.008 0.006 0.005 0.920 0.044 
 85 TMA-ZAIN-G-    (0)    1 :  0.134 0.009 0.804 0.023 0.008 0.023 
 86 TMA-ZAIN-G-    (0)    1 :  0.016 0.010 0.915 0.008 0.017 0.034 
 87 TMA-ZAIN-G-    (0)    1 :  0.062 0.009 0.684 0.040 0.010 0.195 
 88 TMA-ZAIN-G-    (0)    1 :  0.010 0.034 0.664 0.156 0.123 0.012 
 89 TMA-ZAIN-G-    (0)    1 :  0.006 0.021 0.904 0.019 0.031 0.019 
 90 TMA-ZAIN-G-    (0)    1 :  0.013 0.007 0.955 0.007 0.010 0.008 
 91 TMA-ZAIN-G-    (0)    1 :  0.012 0.010 0.943 0.021 0.008 0.007 
 92 TMA-ZAIN-G-    (0)    1 :  0.023 0.009 0.941 0.006 0.006 0.015 
 93 TMA-ZAIN-G-    (0)    1 :  0.021 0.008 0.941 0.016 0.005 0.009 
 94 TMA-ZAIN-G-    (0)    1 :  0.016 0.005 0.924 0.041 0.004 0.010 
 95 TMA-ZAIN-G-    (0)    1 :  0.936 0.028 0.005 0.010 0.014 0.008 
 96 TMA-ZAIN-G-    (0)    1 :  0.926 0.050 0.006 0.005 0.009 0.005 
 97 TMA-ZAIN-G-    (0)    1 :  0.011 0.005 0.010 0.960 0.006 0.007 
 98 TMA-ZAIN-G-    (0)    1 :  0.005 0.004 0.008 0.973 0.006 0.004 
 99 TMA-ZAIN-G-    (0)    1 :  0.008 0.024 0.004 0.841 0.108 0.015 
100 TMA-ZAIN-G-    (0)    1 :  0.015 0.005 0.024 0.935 0.004 0.017 
101 TMA-ZAIN-G-    (0)    1 :  0.008 0.005 0.007 0.966 0.009 0.006 
102 TMA-ZAIN-G-    (0)    1 :  0.071 0.042 0.013 0.669 0.039 0.166 
103 TMA-ZAIN-G-    (0)    1 :  0.029 0.010 0.009 0.928 0.011 0.013 
104 TMA-ZAIN-G-    (0)    1 :  0.006 0.004 0.004 0.976 0.004 0.006 
105 TMA-ZAIN-G-    (0)    1 :  0.018 0.012 0.010 0.939 0.012 0.008 
106 TMA-ZAIN-G-    (0)    1 :  0.004 0.719 0.006 0.003 0.266 0.003 
107 TMA-ZAIN-G-    (0)    1 :  0.005 0.012 0.005 0.004 0.971 0.003 
108 TMA-ZAIN-G-    (9)    1 :  0.052 0.242 0.030 0.491 0.142 0.043 
109 TMA-ZAIN-G-    (0)    1 :  0.051 0.206 0.066 0.311 0.361 0.005 
110 TMA-ZAIN-G-    (0)    1 :  0.125 0.347 0.029 0.078 0.250 0.172 
111 TMA-ZAIN-G-    (9)    1 :  0.057 0.016 0.033 0.723 0.094 0.078 
112 TMA-ZAIN-G-    (0)    1 :  0.143 0.277 0.031 0.312 0.190 0.048 
113 TMA-ZAIN-G-    (0)    1 :  0.005 0.006 0.015 0.950 0.015 0.009 
114 TMA-ZAIN-G-    (0)    1 :  0.006 0.002 0.004 0.973 0.003 0.011 
115 TMA-ZAIN-G-    (0)    1 :  0.005 0.003 0.004 0.979 0.004 0.005 
116 TMA-ZAIN-G-    (0)    1 :  0.004 0.008 0.013 0.008 0.963 0.003 
117 TMA-ZAIN-G-    (0)    1 :  0.011 0.263 0.032 0.006 0.684 0.003 
118 TMA-ZAIN-G-    (0)    1 :  0.006 0.010 0.009 0.007 0.965 0.003 
119 TMA-ZAIN-G-    (0)    1 :  0.010 0.007 0.010 0.014 0.953 0.007 
120 TMA-ZAIN-G-    (0)    1 :  0.011 0.021 0.018 0.010 0.935 0.004 
121 TMA-ZAIN-G-    (0)    1 :  0.009 0.025 0.017 0.007 0.939 0.003 
122 TMA-ZAIN-G-    (0)    1 :  0.014 0.059 0.027 0.006 0.889 0.007 
123 TMA-ZAIN-G-    (0)    1 :  0.012 0.006 0.005 0.964 0.004 0.009 
124 TMA-ZAIN-G-    (0)    1 :  0.006 0.972 0.005 0.005 0.009 0.003 
125 TMA-ZAIN-G-    (0)    1 :  0.005 0.917 0.056 0.003 0.017 0.002 
126 TMA-ZAIN-G-    (0)    1 :  0.004 0.971 0.007 0.004 0.011 0.003 
127 TMA-ZAIN-G-    (0)    1 :  0.004 0.973 0.004 0.003 0.013 0.003 
128 TMA-ZAIN-G-    (0)    1 :  0.005 0.943 0.007 0.004 0.037 0.003 
129 TMA-ZAIN-G-    (0)    1 :  0.005 0.968 0.006 0.006 0.012 0.003 
130 TMA-ZAIN-G-    (0)    1 :  0.005 0.948 0.024 0.006 0.013 0.003 
131 TMA-ZAIN-G-    (0)    1 :  0.007 0.973 0.005 0.004 0.008 0.003 
132 TMA-ZAIN-G-    (0)    1 :  0.006 0.868 0.033 0.004 0.086 0.003 
133 TMA-ZAIN-G-    (0)    1 :  0.012 0.818 0.032 0.003 0.124 0.011 
134 TMA-ZAIN-G-    (0)    1 :  0.006 0.906 0.020 0.003 0.056 0.008 
135 TMA-ZAIN-G-    (0)    1 :  0.004 0.044 0.006 0.005 0.937 0.005 
136 TMA-ZAIN-G-    (0)    1 :  0.004 0.018 0.020 0.003 0.950 0.004 
137 TMA-ZAIN-G-    (0)    1 :  0.005 0.033 0.006 0.009 0.942 0.005 
138 TMA-ZAIN-G-    (0)    1 :  0.004 0.553 0.011 0.005 0.425 0.003 
139 TMA-ZAIN-G-    (0)    1 :  0.004 0.165 0.048 0.005 0.774 0.004 
140 TMA-ZAIN-G-    (0)    1 :  0.006 0.044 0.005 0.004 0.937 0.005 
141 TMA-ZAIN-G-    (0)    1 :  0.007 0.165 0.007 0.007 0.810 0.004 
142 TMA-ZAIN-G-    (9)    1 :  0.005 0.032 0.005 0.004 0.951 0.004 
143 TMA-ZAIN-G-    (0)    1 :  0.006 0.163 0.006 0.005 0.818 0.003 
144 TMA-ZAIN-G-    (0)    1 :  0.016 0.106 0.035 0.004 0.834 0.006 
145 TMA-ZAIN-G-    (0)    1 :  0.004 0.009 0.009 0.003 0.974 0.002 
146 TMA-ZAIN-G-    (0)    1 :  0.004 0.007 0.004 0.003 0.978 0.003 
147 TMA-ZAIN-G-    (9)    1 :  0.004 0.010 0.004 0.003 0.976 0.003 
148 TMA-ZAIN-G-    (0)    1 :  0.004 0.234 0.045 0.003 0.711 0.003 
149 TMA-ZAIN-G-    (0)    1 :  0.015 0.139 0.110 0.034 0.683 0.019 
150 TMA-ZAIN-G-    (0)    1 :  0.013 0.022 0.101 0.024 0.824 0.016 
151 TMA-ZAIN-G-    (0)    1 :  0.004 0.043 0.005 0.004 0.941 0.002 
152 TMA-ZAIN-G-    (0)    1 :  0.004 0.015 0.005 0.006 0.966 0.003 
153 TMA-ZAIN-G-    (0)    1 :  0.004 0.102 0.016 0.004 0.872 0.002 
154 TMA-ZAIN-G-    (0)    1 :  0.004 0.011 0.007 0.005 0.971 0.002 
155 TMA-ZAIN-G-    (0)    1 :  0.004 0.019 0.004 0.007 0.963 0.003 
156 TMA-ZAIN-G-    (9)    1 :  0.005 0.348 0.023 0.024 0.597 0.003 
157 TMA-ZAIN-G-    (0)    1 :  0.004 0.429 0.007 0.009 0.547 0.003 
158 TMA-ZAIN-G-    (0)    1 :  0.006 0.010 0.005 0.004 0.970 0.003 
159 TMA-ZAIN-G-    (0)    1 :  0.003 0.007 0.005 0.004 0.978 0.002 
160 TMA-ZAIN-G-    (0)    1 :  0.003 0.005 0.006 0.005 0.978 0.002 
161 TMA-ZAIN-G-    (0)    1 :  0.007 0.108 0.019 0.004 0.859 0.003 
162 TMA-ZAIN-G-    (0)    1 :  0.011 0.008 0.019 0.039 0.905 0.017 
163 TMA-ZAIN-G-    (0)    1 :  0.004 0.006 0.004 0.004 0.980 0.002 
164 TMA-ZAIN-G-    (0)    1 :  0.004 0.009 0.009 0.006 0.969 0.003 
165 TMA-ZAIN-G-    (0)    1 :  0.003 0.009 0.004 0.005 0.976 0.002 
166 TMA-ZAIN-G-    (0)    1 :  0.004 0.022 0.006 0.004 0.962 0.002 
167 TMA-ZAIN-G-    (0)    1 :  0.009 0.065 0.007 0.006 0.908 0.006 
168 TMA-ZAIN-G-    (0)    1 :  0.006 0.029 0.007 0.007 0.947 0.004 
169 TMA-ZAIN-G-    (0)    1 :  0.003 0.007 0.005 0.003 0.978 0.002 
170 TMA-ZAIN-G-    (0)    1 :  0.029 0.267 0.005 0.019 0.668 0.012 
171 TMA-ZAIN-G-    (0)    1 :  0.003 0.006 0.004 0.004 0.980 0.003 
172 TMA-ZAIN-G-    (0)    1 :  0.006 0.875 0.004 0.004 0.108 0.004 
173 TMA-ZAIN-G-    (0)    1 :  0.007 0.907 0.005 0.003 0.073 0.004 
174 TMA-ZAIN-G-    (0)    1 :  0.005 0.091 0.007 0.003 0.891 0.002 
175 TMA-ZAIN-G-    (0)    1 :  0.004 0.009 0.005 0.004 0.975 0.003 
176 TMA-ZAIN-G-    (0)    1 :  0.004 0.013 0.004 0.004 0.971 0.003 
177 TMA-ZAIN-G-    (0)    1 :  0.005 0.098 0.004 0.005 0.884 0.004 
178 TMA-ZAIN-G-    (0)    1 :  0.006 0.890 0.005 0.005 0.090 0.004 
179 TMA-ZAIN-G-    (0)    1 :  0.005 0.255 0.005 0.003 0.729 0.003 
180 TMA-ZAIN-G-    (0)    1 :  0.008 0.841 0.016 0.004 0.124 0.008 
181 TMA-ZAIN-G-    (0)    1 :  0.003 0.975 0.004 0.005 0.010 0.003 
182 TMA-ZAIN-G-    (0)    1 :  0.004 0.975 0.005 0.006 0.006 0.003 
183 TMA-ZAIN-G-    (0)    1 :  0.004 0.977 0.003 0.004 0.009 0.003 
184 TMA-ZAIN-G-    (0)    1 :  0.017 0.823 0.032 0.047 0.061 0.019 
185 TMA-ZAIN-G-    (0)    1 :  0.044 0.807 0.044 0.019 0.048 0.037 
186 TMA-ZAIN-G-    (9)    1 :  0.014 0.924 0.007 0.004 0.045 0.007 
187 TMA-ZAIN-G-    (0)    1 :  0.005 0.951 0.003 0.004 0.034 0.003 
188 TMA-ZAIN-G-    (0)    1 :  0.004 0.949 0.004 0.003 0.038 0.003 
189 TMA-ZAIN-G-    (0)    1 :  0.003 0.974 0.003 0.003 0.014 0.003 
190 TMA-ZAIN-G-    (0)    1 :  0.007 0.942 0.005 0.003 0.040 0.003 
191 TMA-ZAIN-G-    (0)    1 :  0.015 0.895 0.016 0.021 0.019 0.033 
192 TMA-ZAIN-G-    (0)    1 :  0.005 0.964 0.006 0.004 0.012 0.010 
193 TMA-ZAIN-G-    (0)    1 :  0.005 0.976 0.008 0.003 0.005 0.003 
194 TMA-ZAIN-G-    (0)    1 :  0.006 0.969 0.013 0.003 0.005 0.003 
195 TMA-ZAIN-G-    (0)    1 :  0.005 0.974 0.006 0.003 0.009 0.002 
196 TMA-ZAIN-G-    (0)    1 :  0.004 0.979 0.006 0.003 0.005 0.003 
197 TMA-ZAIN-G-    (0)    1 :  0.004 0.969 0.014 0.003 0.006 0.003 
198 TMA-ZAIN-G-    (0)    1 :  0.004 0.978 0.006 0.003 0.007 0.003 
199 TMA-ZAIN-G-    (0)    1 :  0.009 0.951 0.008 0.004 0.024 0.005 
200 TMA-ZAIN-G-    (0)    1 :  0.040 0.011 0.004 0.015 0.003 0.926 
201 TMA-ZAIN-G-    (0)    1 :  0.013 0.003 0.004 0.007 0.004 0.969 
202 TMA-ZAIN-G-    (0)    1 :  0.012 0.019 0.003 0.015 0.004 0.947 
203 TMA-ZAIN-G-    (0)    1 :  0.004 0.973 0.006 0.008 0.006 0.003 
204 TMA-ZAIN-G-    (9)    1 :  0.017 0.007 0.038 0.005 0.011 0.922 
205 TMA-ZAIN-G-    (0)    1 :  0.037 0.009 0.013 0.007 0.122 0.812 
206 TMA-ZAIN-G-    (9)    1 :  0.035 0.044 0.024 0.017 0.019 0.861 
207 TMA-ZAIN-G-    (9)    1 :  0.040 0.015 0.132 0.013 0.789 0.011 
208 TMA-ZAIN-G-    (0)    1 :  0.004 0.007 0.004 0.003 0.980 0.003 
209 TMA-ZAIN-G-    (0)    1 :  0.004 0.889 0.027 0.003 0.075 0.003 
210 TMA-ZAIN-G-    (0)    1 :  0.005 0.902 0.011 0.004 0.076 0.003 
211 TMA-ZAIN-G-    (0)    1 :  0.032 0.780 0.012 0.013 0.140 0.025 
212 TMA-ZAIN-G-    (0)    1 :  0.007 0.600 0.013 0.004 0.370 0.006 
213 TMA-ZAIN-G-    (0)    1 :  0.005 0.756 0.006 0.004 0.225 0.004 
214 TMA-ZAIN-G-    (0)    1 :  0.005 0.385 0.006 0.003 0.597 0.004 
215 TMA-ZAIN-G-    (0)    1 :  0.260 0.237 0.003 0.004 0.482 0.014 
216 TMA-ZAIN-G-    (0)    1 :  0.007 0.924 0.008 0.003 0.052 0.006 
217 TMA-ZAIN-G-    (0)    1 :  0.004 0.359 0.006 0.003 0.624 0.003 
218 TMA-ZAIN-G-    (0)    1 :  0.975 0.006 0.004 0.005 0.006 0.004 
219 TMA-ZAIN-G-    (0)    1 :  0.965 0.005 0.009 0.005 0.004 0.012 
220 TMA-ZAIN-G-    (0)    1 :  0.888 0.007 0.009 0.072 0.020 0.004 
221 TMA-ZAIN-G-    (0)    1 :  0.935 0.018 0.008 0.005 0.011 0.023 
222 TMA-ZAIN-G-    (0)    1 :  0.916 0.008 0.018 0.033 0.015 0.009 
223 TMA-ZAIN-G-    (0)    1 :  0.969 0.003 0.006 0.008 0.003 0.011 
224 TMA-ZAIN-G-    (0)    1 :  0.921 0.020 0.015 0.018 0.006 0.020 
225 TMA-ZAIN-G-    (0)    1 :  0.966 0.007 0.004 0.010 0.003 0.010 
226 TMA-ZAIN-G-    (0)    1 :  0.955 0.010 0.006 0.015 0.006 0.008 
227 TMA-ZAIN-G-    (0)    1 :  0.941 0.011 0.004 0.012 0.006 0.024 
228 TMA-ZAIN-G-    (0)    1 :  0.944 0.007 0.008 0.016 0.014 0.010 
229 TMA-ZAIN-G-    (0)    1 :  0.907 0.003 0.007 0.024 0.004 0.055 
230 TMA-ZAIN-G-    (0)    1 :  0.776 0.087 0.051 0.050 0.029 0.007 
231 TMA-ZAIN-G-    (0)    1 :  0.163 0.016 0.034 0.180 0.062 0.545 
232 TMA-ZAIN-G-    (9)    1 :  0.093 0.050 0.017 0.327 0.048 0.466 
233 TMA-ZAIN-G-    (0)    1 :  0.921 0.010 0.017 0.005 0.025 0.022 
234 TMA-ZAIN-G-    (0)    1 :  0.619 0.006 0.018 0.298 0.008 0.050 
235 TMA-ZAIN-G-    (0)    1 :  0.778 0.050 0.011 0.123 0.018 0.020 
236 TMA-ZAIN-G-    (0)    1 :  0.792 0.020 0.008 0.090 0.012 0.077 
237 TMA-ZAIN-G-    (0)    1 :  0.503 0.059 0.037 0.239 0.146 0.015 
238 TMA-ZAIN-G-    (0)    1 :  0.864 0.015 0.006 0.063 0.021 0.031 
239 TMA-ZAIN-G-    (0)    1 :  0.006 0.147 0.068 0.006 0.014 0.760 
240 TMA-ZAIN-G-    (0)    1 :  0.004 0.003 0.006 0.003 0.003 0.980 
241 TMA-ZAIN-G-    (0)    1 :  0.004 0.005 0.005 0.003 0.007 0.976 
242 TMA-ZAIN-G-    (0)    1 :  0.004 0.004 0.004 0.003 0.006 0.979 
243 TMA-ZAIN-G-    (0)    1 :  0.004 0.005 0.005 0.003 0.010 0.973 
244 TMA-ZAIN-G-    (0)    1 :  0.004 0.005 0.004 0.004 0.015 0.968 
245 TMA-ZAIN-G-    (9)    1 :  0.004 0.003 0.003 0.004 0.003 0.984 
246 TMA-ZAIN-G-    (0)    1 :  0.004 0.003 0.004 0.002 0.003 0.984 
247 TMA-ZAIN-G-    (0)    1 :  0.004 0.003 0.004 0.002 0.004 0.982 
248 TMA-ZAIN-G-    (0)    1 :  0.006 0.008 0.004 0.004 0.006 0.972 
249 TMA-ZAIN-G-    (0)    1 :  0.005 0.005 0.004 0.003 0.003 0.980 
250 TMA-ZAIN-G-    (0)    1 :  0.006 0.005 0.003 0.003 0.004 0.980 
251 TMA-ZAIN-G-    (0)    1 :  0.005 0.005 0.978 0.005 0.004 0.003 
252 TMA-ZAIN-G-    (0)    1 :  0.010 0.014 0.897 0.004 0.073 0.003 
253 TMA-ZAIN-G-    (0)    1 :  0.003 0.004 0.978 0.005 0.006 0.003 
254 TMA-ZAIN-G-    (9)    1 :  0.005 0.007 0.961 0.008 0.015 0.003 
255 TMA-ZAIN-G-    (0)    1 :  0.003 0.004 0.957 0.011 0.006 0.018 
256 TMA-ZAIN-G-    (0)    1 :  0.004 0.009 0.968 0.007 0.006 0.006 
257 TMA-ZAIN-G-    (0)    1 :  0.004 0.005 0.982 0.003 0.003 0.004 
258 TMA-ZAIN-G-    (0)    1 :  0.003 0.004 0.983 0.003 0.004 0.003 
259 TMA-ZAIN-G-    (0)    1 :  0.004 0.004 0.980 0.003 0.004 0.004 
260 TMA-ZAIN-G-    (0)    1 :  0.004 0.004 0.980 0.003 0.004 0.004 
261 TMA-ZAIN-G-   (18)    1 :  0.007 0.007 0.972 0.004 0.006 0.004 
262 TMA-ZAIN-G-    (0)    1 :  0.004 0.004 0.982 0.004 0.003 0.003 
263 TMA-ZAIN-G-    (0)    1 :  0.004 0.004 0.979 0.006 0.004 0.003 
264 TMA-ZAIN-G-    (0)    1 :  0.004 0.004 0.975 0.009 0.005 0.004 
265 TMA-ZAIN-G-    (0)    1 :  0.173 0.021 0.732 0.018 0.041 0.015 
266 TMA-ZAIN-G-    (0)    1 :  0.032 0.169 0.731 0.020 0.038 0.010 
267 TMA-ZAIN-G-    (0)    1 :  0.070 0.011 0.614 0.021 0.017 0.268 
268 TMA-ZAIN-G-    (0)    1 :  0.007 0.003 0.006 0.061 0.004 0.919 
269 TMA-ZAIN-G-    (0)    1 :  0.027 0.006 0.008 0.281 0.006 0.671 
270 TMA-ZAIN-G-    (0)    1 :  0.019 0.005 0.011 0.074 0.005 0.886 
271 TMA-ZAIN-G-    (0)    1 :  0.008 0.004 0.008 0.030 0.005 0.945 
272 TMA-ZAIN-G-    (0)    1 :  0.052 0.005 0.005 0.026 0.004 0.909 
273 TMA-ZAIN-G-    (0)    1 :  0.016 0.003 0.004 0.018 0.003 0.956 
274 TMA-ZAIN-G-    (0)    1 :  0.020 0.027 0.009 0.037 0.010 0.896 
275 TMA-ZAIN-G-    (0)    1 :  0.007 0.004 0.003 0.007 0.003 0.977 
276 TMA-ZAIN-G-    (0)    1 :  0.004 0.003 0.003 0.008 0.004 0.978 
277 TMA-ZAIN-G-    (0)    1 :  0.006 0.004 0.005 0.009 0.005 0.971 
278 TMA-ZAIN-G-    (0)    1 :  0.006 0.003 0.005 0.005 0.003 0.977 
279 TMA-ZAIN-G-    (0)    1 :  0.015 0.005 0.004 0.011 0.004 0.961 
280 TMA-ZAIN-G-    (0)    1 :  0.053 0.009 0.004 0.097 0.005 0.832 
281 TMA-ZAIN-G-    (0)    1 :  0.012 0.005 0.005 0.039 0.004 0.935 
282 TMA-ZAIN-G-    (9)    1 :  0.006 0.003 0.005 0.014 0.003 0.969 
283 TMA-ZAIN-G-    (0)    1 :  0.103 0.009 0.152 0.095 0.013 0.628 
284 TMA-ZAIN-G-    (0)    1 :  0.175 0.011 0.173 0.189 0.011 0.440 
285 TMA-ZAIN-G-    (0)    1 :  0.036 0.023 0.040 0.046 0.024 0.831 
286 TMA-ZAIN-G-    (0)    1 :  0.011 0.003 0.009 0.029 0.003 0.944 
287 TMA-ZAIN-G-    (0)    1 :  0.009 0.009 0.006 0.023 0.006 0.947 
288 TMA-ZAIN-G-    (0)    1 :  0.173 0.051 0.013 0.110 0.021 0.633 
289 TMA-ZAIN-G-    (0)    1 :  0.017 0.018 0.009 0.022 0.010 0.923 
290 TMA-ZAIN-G-    (0)    1 :  0.079 0.012 0.010 0.439 0.007 0.453 
291 TMA-ZAIN-G-    (0)    1 :  0.959 0.005 0.007 0.011 0.004 0.014 
292 TMA-ZAIN-G-    (0)    1 :  0.020 0.188 0.005 0.013 0.760 0.015 
293 TMA-ZAIN-G-    (0)    1 :  0.010 0.027 0.016 0.005 0.936 0.007 
294 TMA-ZAIN-G-    (0)    1 :  0.005 0.008 0.006 0.003 0.973 0.004 
295 TMA-ZAIN-G-    (9)    1 :  0.009 0.015 0.008 0.004 0.957 0.008 
296 TMA-ZAIN-G-    (0)    1 :  0.015 0.121 0.013 0.016 0.829 0.007 
297 TMA-ZAIN-G-    (0)    1 :  0.009 0.071 0.013 0.007 0.894 0.006 
298 TMA-ZAIN-G-    (0)    1 :  0.018 0.012 0.064 0.015 0.865 0.026 
299 TMA-ZAIN-G-    (0)    1 :  0.006 0.006 0.003 0.005 0.972 0.007 
300 TMA-ZAIN-G-    (0)    1 :  0.008 0.019 0.006 0.003 0.957 0.006 
301 TMA-ZAIN-G-    (0)    1 :  0.007 0.068 0.008 0.005 0.904 0.008 
302 TMA-ZAIN-G-    (9)    1 :  0.006 0.137 0.007 0.004 0.841 0.004 
303 TMA-ZAIN-G-    (0)    1 :  0.862 0.065 0.042 0.020 0.004 0.007 
304 TMA-ZAIN-G-    (0)    2 :  0.010 0.186 0.592 0.016 0.187 0.009 
305 TMA-ZAIN-G-    (0)    2 :  0.005 0.023 0.008 0.004 0.956 0.004 
306 TMA-ZAIN-G-    (0)    2 :  0.014 0.079 0.391 0.162 0.327 0.027 
307 TMA-ZAIN-G-    (0)    2 :  0.007 0.150 0.476 0.008 0.349 0.011 
308 TMA-ZAIN-G-    (0)    2 :  0.110 0.008 0.826 0.032 0.006 0.019 
309 TMA-ZAIN-G-    (0)    2 :  0.004 0.966 0.003 0.003 0.021 0.003 
310 TMA-ZAIN-G-    (0)    2 :  0.017 0.011 0.020 0.007 0.909 0.037 
311 TMA-ZAIN-G-    (0)    2 :  0.038 0.170 0.068 0.063 0.651 0.010 
312 TMA-ZAIN-G-    (0)    2 :  0.027 0.877 0.010 0.005 0.076 0.005 
313 TMA-ZAIN-G-    (0)    2 :  0.007 0.104 0.766 0.015 0.103 0.005 
314 TMA-ZAIN-G-    (0)    2 :  0.433 0.027 0.021 0.315 0.010 0.193 
315 TMA-ZAIN-G-    (0)    2 :  0.041 0.054 0.022 0.007 0.465 0.413 
316 TMA-ZAIN-G-    (0)    2 :  0.098 0.044 0.018 0.011 0.418 0.412 
317 TMA-ZAIN-G-    (0)    2 :  0.913 0.007 0.013 0.041 0.007 0.019 
318 TMA-ZAIN-G-    (9)    2 :  0.125 0.008 0.047 0.359 0.009 0.453 
319 TMA-ZAIN-G-    (0)    3 :  0.728 0.181 0.012 0.015 0.006 0.058 
320 TMA-ZAIN-G-    (0)    3 :  0.473 0.050 0.007 0.007 0.453 0.011 
321 TMA-ZAIN-G-    (0)    4 :  0.135 0.252 0.013 0.078 0.410 0.112 
322 TMA-ZAIN-G-    (0)    4 :  0.482 0.079 0.087 0.060 0.283 0.009 
323 TMA-ZAIN-G-    (0)    5 :  0.912 0.043 0.012 0.007 0.011 0.015 
324 TMA-ZAIN-G-    (0)    5 :  0.011 0.061 0.028 0.010 0.887 0.004 
325 TMA-ZAIN-G-    (0)    5 :  0.916 0.011 0.007 0.004 0.010 0.051 
326 TMA-ZAIN-G-    (0)    5 :  0.644 0.285 0.050 0.003 0.015 0.004 
327 TMA-ZAIN-G-    (0)    5 :  0.004 0.966 0.017 0.003 0.007 0.003 
328 TMA-ZAIN-G-    (0)    5 :  0.306 0.227 0.016 0.251 0.102 0.098 
329 TMA-ZAIN-G-    (0)    5 :  0.011 0.409 0.033 0.004 0.536 0.007 
330 TMA-ZAIN-G-    (0)    6 :  0.010 0.666 0.036 0.004 0.281 0.003 
331 TMA-ZAIN-G-    (0)    6 :  0.059 0.463 0.163 0.030 0.206 0.078 
332 TMA-ZAIN-G-    (0)    6 :  0.004 0.971 0.004 0.003 0.015 0.002 
333 TMA-ZAIN-G-    (0)    6 :  0.004 0.979 0.008 0.003 0.004 0.002 
334 TMA-ZAIN-G-    (0)    6 :  0.010 0.003 0.007 0.013 0.003 0.963 
335 TMA-ZAIN-G-    (0)    6 :  0.005 0.004 0.004 0.004 0.005 0.978 
336 TMA-ZAIN-G-    (0)    6 :  0.019 0.007 0.012 0.013 0.009 0.940 
337 TMA-ZAIN-G-    (9)    6 :  0.037 0.005 0.008 0.079 0.006 0.866 
338 TMA-ZAIN-G-    (0)    6 :  0.009 0.003 0.006 0.030 0.003 0.949 
339 TMA-ZAIN-G-    (0)    6 :  0.006 0.002 0.004 0.013 0.002 0.974 
340 TMA-ZAIN-G-    (0)    6 :  0.005 0.003 0.003 0.006 0.003 0.980 
341 TMA-ZAIN-G-    (0)    6 :  0.005 0.004 0.003 0.010 0.004 0.974 
342 TMA-ZAIN-G-    (0)    6 :  0.007 0.004 0.005 0.008 0.004 0.972 
343 TMA-ZAIN-G-    (0)    7 :  0.007 0.004 0.003 0.027 0.003 0.957 
344 TMA-ZAIN-G-    (0)    7 :  0.013 0.006 0.005 0.008 0.005 0.964 
345 TMA-ZAIN-G-    (0)    7 :  0.004 0.003 0.005 0.004 0.003 0.982 
346 TMA-ZAIN-G-    (0)    7 :  0.016 0.010 0.005 0.034 0.006 0.929 
347 TMA-ZAIN-G-    (9)    7 :  0.007 0.003 0.003 0.009 0.003 0.975 
348 TMA-ZAIN-G-    (0)    7 :  0.013 0.004 0.009 0.021 0.006 0.947 
349 TMA-ZAIN-G-    (0)    7 :  0.007 0.003 0.005 0.013 0.004 0.969 
350 TMA-ZAIN-G-    (0)    7 :  0.051 0.008 0.005 0.025 0.006 0.904 
351 TMA-ZAIN-G-    (0)    7 :  0.007 0.004 0.005 0.007 0.003 0.974 
352 TMA-ZAIN-G-    (0)    7 :  0.007 0.005 0.008 0.008 0.007 0.966 
353 TMA-ZAIN-G-    (0)    7 :  0.020 0.013 0.005 0.042 0.006 0.914 
354 TMA-ZAIN-G-    (0)    7 :  0.012 0.007 0.003 0.007 0.005 0.967 
355 TMA-ZAIN-G-    (0)    7 :  0.009 0.011 0.004 0.011 0.007 0.958 
356 TMA-ZAIN-G-    (0)    8 :  0.014 0.003 0.020 0.003 0.958 0.002 
357 TMA-ZAIN-G-    (0)    8 :  0.012 0.310 0.014 0.014 0.647 0.004 
358 TMA-ZAIN-G-    (0)    8 :  0.036 0.274 0.028 0.048 0.587 0.027 
359 TMA-ZAIN-G-    (0)    8 :  0.023 0.005 0.027 0.007 0.928 0.009 
360 TMA-ZAIN-G-    (0)    8 :  0.006 0.006 0.005 0.004 0.977 0.003 
361 TMA-ZAIN-G-    (0)    8 :  0.010 0.724 0.011 0.010 0.241 0.004 
362 TMA-ZAIN-G-    (0)    8 :  0.009 0.005 0.004 0.005 0.966 0.012 
363 TMA-ZAIN-G-    (0)    9 :  0.055 0.675 0.023 0.005 0.228 0.013 
364 TMA-ZAIN-G-    (0)    9 :  0.752 0.016 0.020 0.178 0.020 0.015 
365 TMA-ZAIN-G-    (0)    9 :  0.044 0.031 0.005 0.009 0.773 0.138 
366 TMA-ZAIN-G-    (0)    9 :  0.005 0.007 0.014 0.004 0.964 0.006 
367 TMA-ZAIN-G-    (0)    9 :  0.022 0.726 0.091 0.118 0.037 0.006 
368 TMA-ZAIN-G-    (0)    9 :  0.005 0.016 0.012 0.004 0.959 0.004 
369 TMA-ZAIN-G-    (0)    9 :  0.005 0.933 0.005 0.002 0.052 0.003 
370 TMA-ZAIN-G-    (0)    9 :  0.008 0.886 0.005 0.009 0.088 0.003 
371 TMA-ZAIN-G-    (0)    9 :  0.004 0.009 0.005 0.005 0.974 0.003 
372 TMA-ZAIN-G-    (0)    9 :  0.003 0.023 0.005 0.004 0.961 0.003 
373 TMA-ZAIN-G-    (0)    9 :  0.005 0.980 0.005 0.003 0.004 0.003 
374 TMA-ZAIN-G-    (0)   10 :  0.060 0.429 0.165 0.314 0.024 0.009 
375 TMA-ZAIN-G-    (0)   10 :  0.745 0.183 0.007 0.034 0.022 0.009 
376 TMA-ZAIN-G-    (9)   10 :  0.004 0.011 0.004 0.006 0.972 0.003 
377 TMA-ZAIN-G-    (0)   10 :  0.003 0.008 0.004 0.003 0.980 0.002 
378 TMA-ZAIN-G-    (0)   10 :  0.003 0.011 0.004 0.004 0.976 0.002 
379 TMA-ZAIN-G-    (0)   10 :  0.004 0.019 0.017 0.004 0.954 0.002 
380 TMA-ZAIN-G-    (0)   10 :  0.004 0.012 0.006 0.003 0.972 0.003 
381 TMA-ZAIN-G-    (9)   10 :  0.633 0.048 0.118 0.009 0.180 0.011 
382 TMA-ZAIN-G-    (9)   10 :  0.170 0.010 0.009 0.747 0.006 0.058 
383    ZFB01    (0)   11 :  0.004 0.004 0.004 0.974 0.004 0.010 
384    ZFB02    (0)   11 :  0.006 0.003 0.009 0.942 0.003 0.037 
385    ZFB03    (0)   11 :  0.010 0.007 0.005 0.970 0.004 0.005 
386    ZFB04    (0)   11 :  0.005 0.003 0.006 0.950 0.004 0.031 
387    ZFB05    (0)   11 :  0.049 0.007 0.013 0.803 0.005 0.122 
388    ZFB06    (0)   11 :  0.041 0.008 0.007 0.886 0.005 0.053 
389    ZFB07    (9)   11 :  0.011 0.007 0.005 0.958 0.007 0.011 
390    ZFB08    (0)   11 :  0.009 0.006 0.006 0.967 0.007 0.005 
391    ZFB09    (0)   11 :  0.005 0.003 0.004 0.980 0.003 0.005 
392    ZFB10    (0)   11 :  0.005 0.006 0.006 0.957 0.016 0.010 
393    ZFB11    (0)   11 :  0.005 0.004 0.007 0.960 0.008 0.017 
394    ZFB12    (0)   11 :  0.018 0.009 0.004 0.927 0.008 0.035 
395    ZFB13    (0)   11 :  0.010 0.006 0.005 0.964 0.008 0.007 
396    ZFB14    (0)   11 :  0.004 0.004 0.005 0.978 0.005 0.004 
397    ZFB15    (0)   11 :  0.005 0.003 0.003 0.972 0.003 0.015 
398    ZFB16    (0)   11 :  0.007 0.005 0.004 0.961 0.006 0.017 
399    ZFB17    (0)   11 :  0.024 0.009 0.029 0.891 0.014 0.034 
400    ZFB18    (0)   11 :  0.004 0.003 0.004 0.982 0.004 0.004 
401    ZFB19    (0)   11 :  0.023 0.013 0.005 0.929 0.025 0.007 
402    ZFB20    (0)   11 :  0.007 0.004 0.004 0.937 0.006 0.041 
403    ZFB21    (0)   11 :  0.006 0.003 0.003 0.972 0.003 0.012 
404    ZFB22    (0)   11 :  0.013 0.010 0.009 0.868 0.014 0.086 
405    ZFB23    (0)   11 :  0.007 0.005 0.006 0.949 0.008 0.025 
406    ZFB24    (0)   11 :  0.005 0.004 0.007 0.941 0.008 0.035 
407    ZFB25    (0)   11 :  0.004 0.007 0.004 0.961 0.018 0.006 
408    ZFB26    (0)   11 :  0.007 0.007 0.011 0.893 0.020 0.062 
409    ZFB27    (0)   11 :  0.004 0.005 0.005 0.896 0.007 0.083 
410    ZFB28    (0)   11 :  0.032 0.008 0.012 0.841 0.006 0.100 
411    ZFB29    (0)   11 :  0.006 0.003 0.009 0.960 0.004 0.018 
412    ZFB30    (0)   11 :  0.042 0.011 0.005 0.773 0.011 0.159 
413    ZFB31    (0)   11 :  0.005 0.006 0.005 0.968 0.011 0.007 
414    ZFB32    (0)   11 :  0.038 0.016 0.033 0.844 0.013 0.056 
415    ZFB33    (0)   11 :  0.004 0.003 0.003 0.973 0.003 0.013 
416    ZFB34    (0)   11 :  0.005 0.003 0.005 0.981 0.003 0.004 
417    ZFB35    (0)   11 :  0.005 0.005 0.006 0.967 0.007 0.011 
418  ZFBP101    (0)   12 :  0.016 0.216 0.101 0.013 0.645 0.009 
419  ZFBP102    (0)   12 :  0.015 0.090 0.021 0.018 0.844 0.012 
420  ZFBP103    (0)   12 :  0.011 0.586 0.188 0.010 0.197 0.007 
421  ZFBP104    (0)   12 :  0.041 0.422 0.004 0.045 0.471 0.017 
422  ZFBP105    (0)   12 :  0.007 0.283 0.005 0.008 0.691 0.006 
423  ZFBP106    (0)   12 :  0.005 0.119 0.009 0.004 0.860 0.003 
424  ZFBP107    (0)   12 :  0.011 0.482 0.009 0.007 0.477 0.014 
425  ZFBP108    (0)   12 :  0.004 0.012 0.003 0.004 0.974 0.003 
426  ZFBP109    (0)   12 :  0.003 0.010 0.004 0.004 0.976 0.002 
427  ZFBP110    (0)   12 :  0.041 0.659 0.051 0.052 0.188 0.009 
428  ZFBP111    (0)   12 :  0.004 0.030 0.005 0.003 0.956 0.003 
429  ZFBP112    (0)   12 :  0.006 0.012 0.009 0.004 0.963 0.006 
430  ZFBP113    (0)   12 :  0.005 0.010 0.004 0.004 0.972 0.004 
431  ZFBP114    (0)   12 :  0.004 0.034 0.007 0.004 0.945 0.005 
432  ZFBP115    (0)   12 :  0.006 0.711 0.008 0.003 0.268 0.003 
433  ZFBP116    (0)   12 :  0.007 0.021 0.005 0.003 0.959 0.004 
434  ZFBP117    (0)   12 :  0.004 0.012 0.007 0.003 0.971 0.002 
435  ZFBP118    (0)   12 :  0.005 0.015 0.005 0.003 0.967 0.005 
436  ZFBP119    (0)   12 :  0.008 0.253 0.024 0.004 0.707 0.003 
437  ZFBP120    (0)   12 :  0.007 0.256 0.005 0.007 0.718 0.006 
438  ZFBP121    (0)   12 :  0.006 0.036 0.008 0.007 0.940 0.003 
439  ZFBP122    (9)   12 :  0.005 0.020 0.005 0.004 0.962 0.004 
440  ZFBP123    (0)   12 :  0.006 0.010 0.013 0.004 0.961 0.006 
441  ZFBP124    (0)   12 :  0.005 0.015 0.005 0.010 0.961 0.004 
442  ZFBP125    (0)   12 :  0.004 0.017 0.006 0.003 0.968 0.003 
443  ZFBP126    (0)   12 :  0.022 0.018 0.033 0.012 0.905 0.010 
444  ZFBP127    (0)   12 :  0.005 0.159 0.017 0.004 0.813 0.003 
445  ZFBP128    (0)   12 :  0.003 0.012 0.007 0.004 0.971 0.002 
446  ZFBP129    (0)   12 :  0.005 0.007 0.009 0.005 0.971 0.003 
447  ZFBP130    (0)   12 :  0.004 0.017 0.009 0.002 0.964 0.003 
448  ZFBP131    (0)   12 :  0.005 0.006 0.004 0.004 0.977 0.004 
449  ZFBP132    (0)   12 :  0.005 0.026 0.004 0.005 0.957 0.003 
450  ZFBP133    (0)   12 :  0.003 0.005 0.007 0.003 0.980 0.002 
451  ZFBP134    (0)   12 :  0.005 0.521 0.036 0.004 0.430 0.004 
452  ZFBP135    (0)   12 :  0.011 0.104 0.209 0.022 0.648 0.006 
453  ZFBP136    (0)   12 :  0.006 0.091 0.077 0.004 0.814 0.007 
454  ZFBP201    (0)   13 :  0.009 0.019 0.006 0.007 0.952 0.008 
455  ZFBP202    (0)   13 :  0.005 0.024 0.004 0.007 0.956 0.003 
456  ZFBP203    (0)   13 :  0.022 0.009 0.006 0.005 0.931 0.027 
457  ZFBP204    (0)   13 :  0.007 0.172 0.017 0.005 0.794 0.006 
458  ZFBP205    (0)   13 :  0.005 0.005 0.009 0.003 0.973 0.004 
459  ZFBP206    (0)   13 :  0.005 0.007 0.015 0.005 0.962 0.006 
460  ZFBP207    (0)   13 :  0.005 0.578 0.016 0.007 0.389 0.004 
461  ZFBP208    (0)   13 :  0.009 0.007 0.009 0.004 0.959 0.012 
462  ZFBP209    (0)   13 :  0.003 0.004 0.005 0.003 0.982 0.002 
463  ZFBP210    (0)   13 :  0.008 0.017 0.006 0.005 0.955 0.008 
464  ZFBP211    (0)   13 :  0.005 0.014 0.005 0.007 0.965 0.004 
465  ZFBP212    (0)   13 :  0.004 0.298 0.003 0.007 0.684 0.004 
466  ZFBP213    (0)   13 :  0.008 0.009 0.016 0.009 0.952 0.006 
467  ZFBP214    (0)   13 :  0.015 0.031 0.042 0.011 0.896 0.005 
468  ZFBP215    (0)   13 :  0.004 0.009 0.006 0.005 0.974 0.003 
469  ZFBP216    (0)   13 :  0.018 0.070 0.007 0.005 0.891 0.009 
470  ZFBP217    (0)   13 :  0.006 0.022 0.006 0.005 0.958 0.003 
471  ZFBP218    (0)   13 :  0.004 0.007 0.004 0.003 0.979 0.003 
472  ZFBP219    (0)   13 :  0.006 0.009 0.003 0.003 0.975 0.004 
473  ZFBP220    (0)   13 :  0.005 0.041 0.009 0.003 0.938 0.004 
474  ZFBP221    (0)   13 :  0.004 0.154 0.003 0.005 0.830 0.003 
475  ZFBP222    (0)   13 :  0.006 0.005 0.009 0.005 0.970 0.005 
476  ZFBP223    (0)   13 :  0.010 0.568 0.013 0.011 0.392 0.006 
477  ZFBP224    (0)   13 :  0.007 0.011 0.007 0.005 0.965 0.004 
478  ZFBP225    (0)   13 :  0.006 0.078 0.012 0.003 0.896 0.005 
479  ZFBP226    (0)   13 :  0.006 0.018 0.004 0.004 0.963 0.005 
480  ZFBP227    (0)   13 :  0.143 0.187 0.007 0.027 0.613 0.022 
481  ZFBP228    (0)   13 :  0.006 0.441 0.015 0.005 0.530 0.003 
482  ZFBP229    (0)   13 :  0.005 0.012 0.006 0.003 0.972 0.003 
483  ZFBP230    (0)   13 :  0.006 0.044 0.012 0.004 0.930 0.004 
484  ZFBP231    (0)   13 :  0.006 0.020 0.006 0.006 0.957 0.004 
485  ZFBP232    (0)   13 :  0.003 0.007 0.005 0.003 0.980 0.003 
486  ZFBP233    (0)   13 :  0.006 0.016 0.005 0.006 0.963 0.004 
487   ZFCC01    (0)   14 :  0.004 0.004 0.975 0.008 0.004 0.005 
488   ZFCC03    (0)   14 :  0.003 0.005 0.979 0.005 0.004 0.003 
489   ZFCC04    (0)   14 :  0.004 0.004 0.979 0.005 0.004 0.004 
490   ZFCC05    (0)   14 :  0.006 0.007 0.972 0.006 0.005 0.004 
491   ZFCC08    (0)   14 :  0.004 0.007 0.972 0.005 0.010 0.003 
492   ZFCC09    (0)   14 :  0.004 0.004 0.978 0.007 0.004 0.003 
493   ZFCC10    (0)   14 :  0.004 0.004 0.971 0.014 0.004 0.004 
494   ZFCC11    (0)   14 :  0.004 0.005 0.977 0.005 0.005 0.003 
495   ZFCC12    (0)   14 :  0.008 0.008 0.927 0.017 0.006 0.034 
496   ZFCC13    (0)   14 :  0.006 0.012 0.962 0.004 0.009 0.006 
497   ZFCC14    (0)   14 :  0.005 0.004 0.967 0.010 0.009 0.004 
498   ZFCC15    (0)   14 :  0.007 0.005 0.974 0.005 0.004 0.005 
499   ZFCC16    (0)   14 :  0.004 0.004 0.979 0.005 0.004 0.004 
500   ZFCC17    (0)   14 :  0.004 0.004 0.976 0.005 0.003 0.008 
501   ZFCC18    (0)   14 :  0.004 0.004 0.978 0.005 0.004 0.004 
502   ZFCC19    (0)   14 :  0.006 0.003 0.977 0.004 0.003 0.006 
503   ZFCC20    (0)   14 :  0.004 0.006 0.979 0.004 0.004 0.003 
504   ZFCC21    (0)   14 :  0.012 0.008 0.937 0.006 0.031 0.005 
505   ZFCC22    (0)   14 :  0.004 0.021 0.825 0.007 0.139 0.004 
506   ZFCC26    (0)   14 :  0.004 0.004 0.980 0.005 0.004 0.004 
507   ZFCC27    (0)   14 :  0.004 0.005 0.980 0.004 0.004 0.003 
508   ZFCC29    (0)   14 :  0.006 0.004 0.973 0.008 0.004 0.004 
509   ZFCC30    (0)   14 :  0.004 0.005 0.981 0.003 0.004 0.003 
510   ZFCC32    (0)   14 :  0.006 0.006 0.971 0.006 0.005 0.007 
511   ZFCC33    (0)   14 :  0.007 0.005 0.973 0.007 0.004 0.005 
512   ZFCC34    (0)   14 :  0.006 0.030 0.902 0.013 0.038 0.011 
513   ZFCC35    (0)   14 :  0.003 0.004 0.983 0.004 0.004 0.003 
514   ZFCC36    (0)   14 :  0.007 0.006 0.965 0.004 0.008 0.009 
515   ZFCC37    (0)   14 :  0.012 0.009 0.922 0.019 0.009 0.029 
516   ZFCC40    (0)   14 :  0.004 0.003 0.975 0.007 0.005 0.006 
517   ZFCC42    (0)   14 :  0.013 0.055 0.386 0.016 0.008 0.522 
518   ZFCC44    (0)   14 :  0.003 0.005 0.982 0.003 0.003 0.003 
519   ZFCC45    (9)   14 :  0.010 0.006 0.956 0.011 0.005 0.013 
520   ZFCC46    (0)   14 :  0.004 0.013 0.966 0.004 0.009 0.003 
521   ZFCC47    (0)   14 :  0.005 0.005 0.951 0.014 0.005 0.019 
522   ZFCC48    (0)   14 :  0.005 0.006 0.957 0.006 0.023 0.003 
523   ZFCC50    (0)   14 :  0.004 0.003 0.981 0.004 0.003 0.004 
524   ZFCC51    (0)   14 :  0.004 0.005 0.981 0.004 0.003 0.003 
525   ZFCC52    (0)   14 :  0.004 0.007 0.969 0.004 0.010 0.006 
526   ZFCC53    (0)   14 :  0.003 0.004 0.982 0.005 0.003 0.003 
527  ZFCNS01    (0)   15 :  0.008 0.976 0.006 0.003 0.003 0.005 
528  ZFCNS02    (0)   15 :  0.004 0.973 0.011 0.004 0.005 0.003 
529  ZFCNS05    (0)   15 :  0.005 0.967 0.013 0.005 0.007 0.003 
