

----------------------------------------------------
STRUCTURE by Pritchard, Stephens and Donnelly (2000)
     and Falush, Stephens and Pritchard (2003)
       Code by Pritchard, Falush and Hubisz
             Version 2.3.4 (Jul 2012)
----------------------------------------------------



Command line arguments:   bin\structure -m C:\Users\eschumacher\Documents\GitHub\GCC_QUAC_ZAIN\Data_Files\Structure_Files\ZAIN\ZAIN_rebinned_allpop_str\50-50\mainparams -e C:\Users\eschumacher\Documents\GitHub\GCC_QUAC_ZAIN\Data_Files\Structure_Files\ZAIN\ZAIN_rebinned_allpop_str\50-50\extraparams 
Input File:    C:\Users\eschumacher\Documents\GitHub\GCC_QUAC_ZAIN\Data_Files\Structure_Files\ZAIN\ZAIN_rebinned_allpop_str\project_data

Run parameters:
   1133 individuals
   11 loci
   12 populations assumed
   50000 Burn-in period
   50000 Reps


--------------------------------------------
Proportion of membership of each pre-defined
 population in each of the 12 clusters

Given    Inferred Clusters                                                                      Number of
 Pop       1      2      3      4      5      6      7      8      9     10     11     12      Individuals

  1:     0.045  0.079  0.144  0.095  0.052  0.027  0.069  0.138  0.039  0.076  0.091  0.145      303
  2:     0.026  0.050  0.162  0.068  0.015  0.048  0.012  0.157  0.044  0.178  0.109  0.131       15
  3:     0.017  0.010  0.024  0.365  0.231  0.017  0.012  0.197  0.011  0.005  0.066  0.044        2
  4:     0.021  0.039  0.256  0.105  0.007  0.260  0.007  0.065  0.028  0.035  0.039  0.139        2
  5:     0.022  0.031  0.071  0.355  0.205  0.016  0.017  0.054  0.058  0.014  0.017  0.140        7
  6:     0.033  0.006  0.148  0.006  0.100  0.006  0.005  0.015  0.009  0.006  0.656  0.009       13
  7:     0.006  0.007  0.005  0.010  0.004  0.006  0.007  0.004  0.003  0.003  0.941  0.004       13
  8:     0.030  0.010  0.191  0.016  0.057  0.013  0.022  0.058  0.088  0.010  0.007  0.497        7
  9:     0.027  0.047  0.339  0.016  0.054  0.044  0.006  0.220  0.026  0.011  0.017  0.194       11
 10:     0.021  0.079  0.072  0.133  0.024  0.070  0.009  0.142  0.021  0.024  0.009  0.396        9
 11:     0.013  0.872  0.006  0.010  0.004  0.008  0.042  0.008  0.005  0.005  0.015  0.010       35
 12:     0.024  0.006  0.170  0.006  0.015  0.008  0.004  0.391  0.024  0.020  0.004  0.326       36
 13:     0.011  0.005  0.081  0.007  0.021  0.013  0.007  0.353  0.030  0.009  0.005  0.459       33
 14:     0.044  0.008  0.008  0.006  0.009  0.009  0.007  0.010  0.011  0.863  0.014  0.011       40
 15:     0.006  0.004  0.026  0.004  0.923  0.005  0.003  0.007  0.006  0.006  0.003  0.007       39
 16:     0.017  0.199  0.023  0.150  0.012  0.391  0.020  0.036  0.031  0.026  0.054  0.040       40
 17:     0.045  0.052  0.010  0.675  0.010  0.062  0.044  0.015  0.018  0.020  0.037  0.011       37
 18:     0.007  0.005  0.103  0.004  0.011  0.005  0.003  0.115  0.020  0.006  0.003  0.719       40
 19:     0.040  0.881  0.006  0.007  0.014  0.007  0.004  0.005  0.003  0.005  0.023  0.005       28
 20:     0.942  0.004  0.005  0.004  0.005  0.004  0.005  0.005  0.006  0.011  0.005  0.005       14
 21:     0.027  0.011  0.014  0.027  0.030  0.017  0.823  0.011  0.006  0.008  0.015  0.011       13
 22:     0.006  0.006  0.892  0.004  0.028  0.006  0.002  0.012  0.008  0.021  0.003  0.012       14
 23:     0.008  0.004  0.019  0.004  0.008  0.005  0.005  0.881  0.027  0.007  0.003  0.027       25
 24:     0.006  0.006  0.009  0.005  0.006  0.005  0.006  0.011  0.921  0.008  0.005  0.013       40
 25:     0.040  0.029  0.053  0.013  0.018  0.020  0.009  0.024  0.009  0.748  0.009  0.028       32
 26:     0.004  0.003  0.003  0.004  0.003  0.003  0.966  0.003  0.003  0.003  0.004  0.003       20
 27:     0.013  0.639  0.010  0.042  0.004  0.220  0.003  0.008  0.006  0.007  0.034  0.014        4
 28:     0.011  0.763  0.015  0.012  0.005  0.030  0.004  0.017  0.013  0.010  0.051  0.069       23
 29:     0.006  0.906  0.006  0.018  0.006  0.010  0.004  0.005  0.004  0.009  0.019  0.007       39
 30:     0.014  0.010  0.004  0.006  0.004  0.005  0.007  0.006  0.004  0.004  0.932  0.005       38
 31:     0.007  0.005  0.654  0.006  0.159  0.010  0.005  0.046  0.051  0.009  0.004  0.043       45
 32:     0.019  0.005  0.361  0.009  0.153  0.007  0.011  0.196  0.027  0.013  0.004  0.196       28
 33:     0.006  0.913  0.004  0.018  0.007  0.011  0.014  0.004  0.005  0.006  0.006  0.005        6
 34:     0.011  0.012  0.012  0.032  0.009  0.879  0.004  0.007  0.014  0.006  0.008  0.007       40
 35:     0.019  0.015  0.021  0.789  0.009  0.037  0.042  0.010  0.011  0.010  0.030  0.007       42
--------------------------------------------

Allele-freq. divergence among pops (Net nucleotide distance),
computed using point estimates of P.

      1       2       3       4       5       6       7       8       9      10      11      12      
 1      -    0.2234  0.1737  0.1397  0.2266  0.1596  0.3284  0.1785  0.2657  0.1905  0.2327  0.2190  
 2   0.2234     -    0.2363  0.0968  0.2765  0.1574  0.3174  0.2427  0.3461  0.1762  0.1269  0.2329  
 3   0.1737  0.2363     -    0.1524  0.1313  0.1111  0.3813  0.0713  0.1279  0.1865  0.2987  0.0577  
 4   0.1397  0.0968  0.1524     -    0.1817  0.0877  0.2114  0.1824  0.2770  0.1598  0.1250  0.2087  
 5   0.2266  0.2765  0.1313  0.1817     -    0.2137  0.4516  0.2208  0.2706  0.1926  0.3563  0.2499  
 6   0.1596  0.1574  0.1111  0.0877  0.2137     -    0.3495  0.1631  0.1698  0.1686  0.1899  0.1567  
 7   0.3284  0.3174  0.3813  0.2114  0.4516  0.3495     -    0.3734  0.4687  0.3737  0.2075  0.4155  
 8   0.1785  0.2427  0.0713  0.1824  0.2208  0.1631  0.3734     -    0.1114  0.2233  0.2997  0.0442  
 9   0.2657  0.3461  0.1279  0.2770  0.2706  0.1698  0.4687  0.1114     -    0.2144  0.3735  0.1265  
10   0.1905  0.1762  0.1865  0.1598  0.1926  0.1686  0.3737  0.2233  0.2144     -    0.2741  0.2344  
11   0.2327  0.1269  0.2987  0.1250  0.3563  0.1899  0.2075  0.2997  0.3735  0.2741     -    0.3333  
12   0.2190  0.2329  0.0577  0.2087  0.2499  0.1567  0.4155  0.0442  0.1265  0.2344  0.3333     -    

Average distances (expected heterozygosity) between individuals in same cluster:
cluster  1  : 0.2735 
cluster  2  : 0.4740 
cluster  3  : 0.4349 
cluster  4  : 0.5299 
cluster  5  : 0.2603 
cluster  6  : 0.4762 
cluster  7  : 0.2423 
cluster  8  : 0.3996 
cluster  9  : 0.3556 
cluster 10  : 0.3851 
cluster 11  : 0.3776 
cluster 12  : 0.3742 

--------------------------------------------
Estimated Ln Prob of Data   = -20449.4
Mean value of ln likelihood = -19720.0
Variance of ln likelihood   = 1458.8
Mean value of alpha         = 0.0334

Mean value of Fst_1         = 0.5789
Mean value of Fst_2         = 0.3686
Mean value of Fst_3         = 0.3442
Mean value of Fst_4         = 0.1542
Mean value of Fst_5         = 0.5747
Mean value of Fst_6         = 0.2792
Mean value of Fst_7         = 0.6484
Mean value of Fst_8         = 0.3090
Mean value of Fst_9         = 0.4433
Mean value of Fst_10         = 0.4357
Mean value of Fst_11         = 0.5643
Mean value of Fst_12         = 0.3641


Inferred ancestry of individuals:
        Label (%Miss) Pop:  Inferred clusters
  1 TMA-ZAIN-G-    (9)    1 :  0.009 0.723 0.039 0.049 0.095 0.022 0.003 0.008 0.009 0.013 0.012 0.017 
  2 TMA-ZAIN-G-    (0)    1 :  0.017 0.674 0.019 0.023 0.008 0.009 0.004 0.183 0.005 0.022 0.013 0.022 
  3 TMA-ZAIN-G-    (0)    1 :  0.010 0.006 0.256 0.005 0.027 0.018 0.003 0.028 0.099 0.010 0.004 0.534 
  4 TMA-ZAIN-G-    (0)    1 :  0.638 0.011 0.012 0.005 0.015 0.006 0.004 0.030 0.064 0.021 0.005 0.189 
  5 TMA-ZAIN-G-    (0)    1 :  0.005 0.957 0.002 0.003 0.002 0.006 0.004 0.003 0.002 0.006 0.006 0.003 
  6 TMA-ZAIN-G-    (0)    1 :  0.046 0.042 0.114 0.028 0.019 0.458 0.022 0.037 0.087 0.023 0.017 0.105 
  7 TMA-ZAIN-G-    (0)    1 :  0.128 0.015 0.230 0.010 0.048 0.019 0.005 0.271 0.008 0.013 0.006 0.246 
  8 TMA-ZAIN-G-    (0)    1 :  0.006 0.007 0.850 0.004 0.006 0.010 0.002 0.025 0.024 0.022 0.003 0.042 
  9 TMA-ZAIN-G-    (9)    1 :  0.009 0.007 0.375 0.005 0.008 0.029 0.004 0.289 0.033 0.005 0.005 0.229 
 10 TMA-ZAIN-G-    (0)    1 :  0.013 0.003 0.445 0.006 0.012 0.029 0.004 0.263 0.040 0.010 0.004 0.171 
 11 TMA-ZAIN-G-    (0)    1 :  0.017 0.005 0.194 0.008 0.009 0.007 0.005 0.554 0.005 0.005 0.005 0.184 
 12 TMA-ZAIN-G-    (0)    1 :  0.004 0.004 0.017 0.004 0.011 0.006 0.003 0.009 0.004 0.004 0.002 0.931 
 13 TMA-ZAIN-G-    (9)    1 :  0.015 0.031 0.270 0.028 0.118 0.012 0.019 0.306 0.017 0.022 0.085 0.078 
 14 TMA-ZAIN-G-    (9)    1 :  0.005 0.003 0.040 0.009 0.864 0.010 0.017 0.018 0.007 0.007 0.007 0.011 
 15 TMA-ZAIN-G-    (0)    1 :  0.004 0.003 0.065 0.007 0.877 0.006 0.003 0.006 0.010 0.006 0.002 0.010 
 16 TMA-ZAIN-G-    (0)    1 :  0.006 0.003 0.023 0.005 0.005 0.007 0.005 0.050 0.005 0.003 0.005 0.884 
 17 TMA-ZAIN-G-    (9)    1 :  0.072 0.008 0.785 0.021 0.021 0.022 0.003 0.008 0.005 0.015 0.016 0.023 
 18 TMA-ZAIN-G-    (0)    1 :  0.011 0.655 0.010 0.195 0.012 0.026 0.004 0.005 0.007 0.052 0.009 0.013 
 19 TMA-ZAIN-G-    (0)    1 :  0.045 0.017 0.043 0.641 0.012 0.170 0.011 0.013 0.006 0.005 0.011 0.026 
 20 TMA-ZAIN-G-    (0)    1 :  0.006 0.031 0.003 0.820 0.003 0.008 0.020 0.004 0.004 0.030 0.068 0.003 
 21 TMA-ZAIN-G-    (0)    1 :  0.003 0.003 0.002 0.003 0.002 0.003 0.969 0.002 0.003 0.003 0.005 0.002 
 22 TMA-ZAIN-G-    (0)    1 :  0.005 0.011 0.003 0.006 0.003 0.004 0.004 0.002 0.002 0.004 0.953 0.002 
 23 TMA-ZAIN-G-    (0)    1 :  0.006 0.006 0.005 0.009 0.005 0.008 0.004 0.004 0.003 0.003 0.944 0.004 
 24 TMA-ZAIN-G-    (9)    1 :  0.004 0.006 0.018 0.004 0.025 0.003 0.007 0.127 0.131 0.006 0.659 0.011 
 25 TMA-ZAIN-G-    (9)    1 :  0.004 0.078 0.008 0.774 0.004 0.010 0.006 0.086 0.004 0.004 0.009 0.014 
 26 TMA-ZAIN-G-    (9)    1 :  0.011 0.006 0.153 0.014 0.029 0.005 0.084 0.238 0.009 0.386 0.008 0.058 
 27 TMA-ZAIN-G-    (0)    1 :  0.026 0.058 0.013 0.056 0.073 0.705 0.023 0.006 0.007 0.015 0.014 0.005 
 28 TMA-ZAIN-G-    (0)    1 :  0.006 0.009 0.007 0.012 0.008 0.933 0.003 0.004 0.004 0.004 0.005 0.005 
 29 TMA-ZAIN-G-    (0)    1 :  0.004 0.003 0.005 0.225 0.006 0.005 0.004 0.005 0.722 0.015 0.004 0.004 
 30 TMA-ZAIN-G-    (0)    1 :  0.008 0.004 0.159 0.033 0.079 0.486 0.004 0.118 0.036 0.006 0.005 0.063 
 31 TMA-ZAIN-G-    (0)    1 :  0.022 0.858 0.004 0.014 0.005 0.005 0.010 0.007 0.005 0.055 0.010 0.004 
 32 TMA-ZAIN-G-    (9)    1 :  0.006 0.532 0.035 0.097 0.022 0.006 0.008 0.018 0.004 0.005 0.071 0.196 
 33 TMA-ZAIN-G-   (18)    1 :  0.004 0.004 0.411 0.004 0.006 0.006 0.003 0.053 0.014 0.004 0.003 0.487 
 34 TMA-ZAIN-G-    (0)    1 :  0.005 0.125 0.024 0.017 0.008 0.010 0.015 0.077 0.006 0.008 0.023 0.681 
 35 TMA-ZAIN-G-    (9)    1 :  0.010 0.014 0.147 0.019 0.057 0.015 0.003 0.129 0.057 0.011 0.004 0.535 
 36 TMA-ZAIN-G-    (0)    1 :  0.007 0.004 0.310 0.006 0.161 0.006 0.002 0.421 0.009 0.016 0.003 0.055 
 37 TMA-ZAIN-G-    (9)    1 :  0.043 0.006 0.193 0.009 0.007 0.026 0.008 0.236 0.012 0.011 0.005 0.442 
 38 TMA-ZAIN-G-   (18)    1 :  0.012 0.562 0.039 0.130 0.090 0.006 0.006 0.029 0.008 0.006 0.028 0.085 
 39 TMA-ZAIN-G-    (0)    1 :  0.007 0.003 0.052 0.004 0.004 0.008 0.007 0.834 0.012 0.008 0.003 0.058 
 40 TMA-ZAIN-G-    (0)    1 :  0.015 0.003 0.448 0.005 0.005 0.004 0.010 0.240 0.008 0.005 0.003 0.255 
 41 TMA-ZAIN-G-    (0)    1 :  0.003 0.003 0.670 0.004 0.049 0.006 0.003 0.228 0.006 0.005 0.002 0.021 
 42 TMA-ZAIN-G-    (9)    1 :  0.004 0.003 0.854 0.004 0.097 0.003 0.002 0.010 0.006 0.008 0.002 0.007 
 43 TMA-ZAIN-G-    (0)    1 :  0.004 0.003 0.007 0.004 0.955 0.003 0.002 0.004 0.008 0.005 0.003 0.003 
 44 TMA-ZAIN-G-    (0)    1 :  0.008 0.005 0.014 0.013 0.005 0.003 0.794 0.093 0.017 0.003 0.006 0.040 
 45 TMA-ZAIN-G-    (0)    1 :  0.016 0.005 0.256 0.008 0.019 0.010 0.013 0.130 0.006 0.009 0.004 0.524 
 46 TMA-ZAIN-G-    (0)    1 :  0.006 0.004 0.003 0.004 0.003 0.003 0.960 0.003 0.002 0.004 0.007 0.002 
 47 TMA-ZAIN-G-    (0)    1 :  0.013 0.004 0.004 0.004 0.003 0.004 0.005 0.003 0.004 0.949 0.003 0.005 
 48 TMA-ZAIN-G-    (0)    1 :  0.173 0.005 0.334 0.013 0.059 0.043 0.013 0.056 0.023 0.206 0.023 0.052 
 49 TMA-ZAIN-G-    (9)    1 :  0.018 0.013 0.009 0.853 0.004 0.011 0.003 0.008 0.036 0.007 0.007 0.030 
 50 TMA-ZAIN-G-    (0)    1 :  0.006 0.009 0.048 0.860 0.009 0.024 0.005 0.020 0.003 0.003 0.005 0.008 
 51 TMA-ZAIN-G-    (0)    1 :  0.014 0.006 0.017 0.836 0.055 0.020 0.010 0.010 0.007 0.015 0.004 0.006 
 52 TMA-ZAIN-G-    (0)    1 :  0.109 0.005 0.007 0.783 0.014 0.020 0.008 0.007 0.003 0.027 0.007 0.010 
 53 TMA-ZAIN-G-    (0)    1 :  0.061 0.086 0.011 0.722 0.029 0.009 0.004 0.009 0.004 0.052 0.008 0.004 
 54 TMA-ZAIN-G-    (0)    1 :  0.004 0.004 0.009 0.007 0.010 0.009 0.004 0.005 0.003 0.933 0.005 0.006 
 55 TMA-ZAIN-G-    (0)    1 :  0.003 0.004 0.023 0.019 0.018 0.020 0.005 0.005 0.003 0.882 0.009 0.008 
 56 TMA-ZAIN-G-    (0)    1 :  0.421 0.006 0.285 0.030 0.037 0.063 0.005 0.027 0.023 0.064 0.009 0.030 
 57 TMA-ZAIN-G-    (0)    1 :  0.009 0.009 0.005 0.028 0.005 0.005 0.003 0.008 0.007 0.897 0.004 0.019 
 58 TMA-ZAIN-G-    (0)    1 :  0.012 0.043 0.024 0.378 0.009 0.273 0.006 0.005 0.007 0.041 0.187 0.016 
 59 TMA-ZAIN-G-    (0)    1 :  0.069 0.595 0.056 0.017 0.011 0.038 0.021 0.077 0.030 0.023 0.020 0.044 
 60 TMA-ZAIN-G-    (0)    1 :  0.054 0.491 0.021 0.131 0.144 0.093 0.009 0.011 0.007 0.020 0.008 0.008 
 61 TMA-ZAIN-G-    (0)    1 :  0.032 0.887 0.003 0.010 0.003 0.007 0.015 0.003 0.003 0.012 0.020 0.004 
 62 TMA-ZAIN-G-    (9)    1 :  0.004 0.736 0.029 0.021 0.006 0.064 0.033 0.023 0.008 0.014 0.011 0.052 
 63 TMA-ZAIN-G-    (0)    1 :  0.013 0.918 0.005 0.011 0.007 0.009 0.004 0.003 0.003 0.012 0.010 0.005 
 64 TMA-ZAIN-G-    (0)    1 :  0.004 0.002 0.005 0.002 0.005 0.003 0.002 0.007 0.960 0.003 0.002 0.005 
 65 TMA-ZAIN-G-    (9)    1 :  0.005 0.003 0.007 0.003 0.005 0.005 0.002 0.007 0.931 0.007 0.003 0.022 
 66 TMA-ZAIN-G-    (0)    1 :  0.005 0.003 0.009 0.003 0.004 0.004 0.003 0.014 0.933 0.004 0.003 0.015 
 67 TMA-ZAIN-G-    (0)    1 :  0.004 0.003 0.012 0.010 0.004 0.014 0.018 0.078 0.810 0.005 0.010 0.031 
 68 TMA-ZAIN-G-    (0)    1 :  0.004 0.002 0.006 0.003 0.006 0.003 0.002 0.004 0.957 0.005 0.002 0.005 
 69 TMA-ZAIN-G-    (0)    1 :  0.025 0.017 0.008 0.028 0.015 0.007 0.025 0.035 0.758 0.008 0.024 0.049 
 70 TMA-ZAIN-G-    (0)    1 :  0.004 0.003 0.007 0.004 0.006 0.005 0.004 0.931 0.016 0.003 0.004 0.014 
 71 TMA-ZAIN-G-    (0)    1 :  0.003 0.003 0.006 0.004 0.004 0.004 0.004 0.952 0.005 0.003 0.003 0.011 
 72 TMA-ZAIN-G-    (0)    1 :  0.005 0.004 0.015 0.005 0.009 0.009 0.003 0.901 0.022 0.008 0.004 0.015 
 73 TMA-ZAIN-G-    (0)    1 :  0.004 0.017 0.008 0.019 0.003 0.021 0.022 0.851 0.006 0.017 0.020 0.011 
 74 TMA-ZAIN-G-    (0)    1 :  0.004 0.006 0.008 0.010 0.004 0.008 0.008 0.921 0.006 0.007 0.006 0.013 
 75 TMA-ZAIN-G-    (0)    1 :  0.005 0.005 0.008 0.007 0.005 0.007 0.003 0.929 0.006 0.010 0.003 0.012 
 76 TMA-ZAIN-G-    (0)    1 :  0.003 0.005 0.004 0.014 0.003 0.006 0.030 0.901 0.006 0.004 0.013 0.010 
 77 TMA-ZAIN-G-    (0)    1 :  0.012 0.003 0.008 0.007 0.007 0.006 0.009 0.927 0.007 0.004 0.004 0.006 
 78 TMA-ZAIN-G-    (0)    1 :  0.010 0.006 0.009 0.021 0.006 0.009 0.024 0.871 0.005 0.009 0.010 0.020 
 79 TMA-ZAIN-G-    (0)    1 :  0.037 0.004 0.007 0.010 0.008 0.005 0.018 0.890 0.004 0.005 0.006 0.007 
 80 TMA-ZAIN-G-    (0)    1 :  0.007 0.003 0.021 0.004 0.004 0.007 0.009 0.777 0.030 0.012 0.003 0.123 
 81 TMA-ZAIN-G-    (0)    1 :  0.022 0.003 0.009 0.007 0.007 0.007 0.009 0.910 0.005 0.005 0.004 0.012 
 82 TMA-ZAIN-G-    (0)    1 :  0.010 0.008 0.014 0.006 0.007 0.007 0.003 0.466 0.235 0.019 0.003 0.223 
 83 TMA-ZAIN-G-    (9)    1 :  0.006 0.038 0.014 0.013 0.005 0.035 0.023 0.028 0.039 0.016 0.025 0.758 
 84 TMA-ZAIN-G-    (0)    1 :  0.011 0.003 0.009 0.008 0.005 0.005 0.037 0.893 0.005 0.004 0.007 0.014 
 85 TMA-ZAIN-G-    (0)    1 :  0.961 0.004 0.003 0.004 0.004 0.004 0.002 0.004 0.003 0.003 0.005 0.003 
 86 TMA-ZAIN-G-    (0)    1 :  0.945 0.003 0.007 0.003 0.003 0.005 0.006 0.006 0.005 0.005 0.004 0.008 
 87 TMA-ZAIN-G-    (0)    1 :  0.959 0.005 0.003 0.004 0.003 0.004 0.003 0.004 0.002 0.004 0.007 0.003 
 88 TMA-ZAIN-G-    (0)    1 :  0.464 0.189 0.017 0.007 0.016 0.007 0.008 0.046 0.051 0.057 0.007 0.130 
 89 TMA-ZAIN-G-    (0)    1 :  0.317 0.031 0.015 0.008 0.038 0.004 0.020 0.046 0.030 0.436 0.019 0.034 
 90 TMA-ZAIN-G-    (0)    1 :  0.870 0.019 0.004 0.008 0.004 0.005 0.004 0.005 0.013 0.037 0.004 0.026 
 91 TMA-ZAIN-G-    (0)    1 :  0.845 0.039 0.008 0.006 0.012 0.016 0.005 0.010 0.009 0.037 0.005 0.008 
 92 TMA-ZAIN-G-    (0)    1 :  0.571 0.008 0.008 0.031 0.013 0.026 0.031 0.011 0.006 0.261 0.028 0.006 
 93 TMA-ZAIN-G-    (0)    1 :  0.288 0.037 0.007 0.024 0.022 0.088 0.012 0.007 0.009 0.487 0.014 0.005 
 94 TMA-ZAIN-G-    (0)    1 :  0.796 0.086 0.004 0.008 0.006 0.013 0.006 0.005 0.004 0.060 0.009 0.004 
 95 TMA-ZAIN-G-    (0)    1 :  0.005 0.006 0.011 0.025 0.015 0.899 0.004 0.009 0.007 0.004 0.009 0.005 
 96 TMA-ZAIN-G-    (0)    1 :  0.009 0.005 0.032 0.049 0.020 0.850 0.005 0.004 0.004 0.005 0.007 0.011 
 97 TMA-ZAIN-G-    (0)    1 :  0.009 0.912 0.005 0.018 0.007 0.004 0.006 0.012 0.006 0.012 0.005 0.004 
 98 TMA-ZAIN-G-    (0)    1 :  0.007 0.937 0.004 0.005 0.006 0.003 0.004 0.011 0.005 0.010 0.004 0.003 
 99 TMA-ZAIN-G-    (0)    1 :  0.005 0.731 0.043 0.007 0.007 0.010 0.025 0.033 0.020 0.003 0.006 0.110 
100 TMA-ZAIN-G-    (0)    1 :  0.029 0.860 0.003 0.022 0.007 0.007 0.029 0.005 0.004 0.022 0.008 0.003 
101 TMA-ZAIN-G-    (0)    1 :  0.004 0.920 0.005 0.010 0.006 0.005 0.006 0.015 0.006 0.012 0.004 0.008 
102 TMA-ZAIN-G-    (0)    1 :  0.022 0.174 0.024 0.078 0.027 0.013 0.007 0.021 0.014 0.013 0.541 0.067 
103 TMA-ZAIN-G-    (0)    1 :  0.029 0.756 0.012 0.059 0.008 0.017 0.004 0.011 0.006 0.007 0.063 0.027 
104 TMA-ZAIN-G-    (0)    1 :  0.003 0.950 0.004 0.006 0.004 0.005 0.004 0.004 0.002 0.005 0.009 0.004 
105 TMA-ZAIN-G-    (0)    1 :  0.046 0.802 0.014 0.023 0.008 0.020 0.003 0.012 0.006 0.007 0.028 0.032 
106 TMA-ZAIN-G-    (0)    1 :  0.008 0.003 0.538 0.004 0.101 0.005 0.003 0.210 0.052 0.005 0.003 0.068 
107 TMA-ZAIN-G-    (0)    1 :  0.005 0.005 0.018 0.005 0.009 0.005 0.002 0.603 0.010 0.005 0.003 0.330 
108 TMA-ZAIN-G-    (9)    1 :  0.061 0.217 0.153 0.100 0.069 0.014 0.019 0.137 0.010 0.014 0.040 0.166 
109 TMA-ZAIN-G-    (0)    1 :  0.014 0.320 0.216 0.007 0.019 0.039 0.004 0.015 0.172 0.049 0.006 0.139 
110 TMA-ZAIN-G-    (0)    1 :  0.022 0.048 0.239 0.087 0.021 0.025 0.102 0.116 0.008 0.014 0.078 0.239 
111 TMA-ZAIN-G-    (9)    1 :  0.007 0.440 0.017 0.071 0.004 0.026 0.023 0.039 0.013 0.025 0.123 0.212 
112 TMA-ZAIN-G-    (0)    1 :  0.014 0.232 0.264 0.087 0.034 0.045 0.013 0.051 0.017 0.027 0.071 0.143 
113 TMA-ZAIN-G-    (0)    1 :  0.006 0.894 0.006 0.005 0.005 0.004 0.005 0.019 0.011 0.021 0.009 0.013 
114 TMA-ZAIN-G-    (0)    1 :  0.006 0.947 0.002 0.005 0.002 0.004 0.010 0.003 0.003 0.004 0.010 0.004 
115 TMA-ZAIN-G-    (0)    1 :  0.003 0.958 0.003 0.004 0.004 0.004 0.004 0.003 0.003 0.004 0.006 0.004 
116 TMA-ZAIN-G-    (0)    1 :  0.005 0.006 0.009 0.004 0.005 0.007 0.002 0.012 0.010 0.011 0.003 0.927 
117 TMA-ZAIN-G-    (0)    1 :  0.047 0.009 0.211 0.009 0.072 0.044 0.003 0.131 0.263 0.041 0.004 0.164 
118 TMA-ZAIN-G-    (0)    1 :  0.005 0.005 0.011 0.005 0.015 0.009 0.003 0.012 0.019 0.009 0.003 0.903 
119 TMA-ZAIN-G-    (0)    1 :  0.005 0.021 0.009 0.019 0.005 0.016 0.015 0.036 0.025 0.012 0.015 0.822 
120 TMA-ZAIN-G-    (0)    1 :  0.015 0.008 0.018 0.010 0.055 0.019 0.003 0.022 0.020 0.012 0.005 0.813 
121 TMA-ZAIN-G-    (0)    1 :  0.011 0.013 0.070 0.006 0.024 0.035 0.003 0.036 0.144 0.018 0.004 0.635 
122 TMA-ZAIN-G-    (0)    1 :  0.107 0.005 0.136 0.007 0.012 0.111 0.007 0.164 0.028 0.014 0.005 0.404 
123 TMA-ZAIN-G-    (0)    1 :  0.009 0.913 0.004 0.016 0.011 0.005 0.005 0.005 0.004 0.005 0.018 0.005 
124 TMA-ZAIN-G-    (0)    1 :  0.008 0.005 0.939 0.005 0.008 0.006 0.002 0.006 0.003 0.004 0.003 0.009 
125 TMA-ZAIN-G-    (0)    1 :  0.008 0.002 0.803 0.004 0.024 0.005 0.002 0.007 0.040 0.095 0.002 0.006 
126 TMA-ZAIN-G-    (0)    1 :  0.006 0.004 0.901 0.004 0.038 0.004 0.002 0.006 0.004 0.009 0.003 0.018 
127 TMA-ZAIN-G-    (0)    1 :  0.005 0.003 0.948 0.003 0.009 0.003 0.003 0.005 0.006 0.004 0.002 0.009 
128 TMA-ZAIN-G-    (0)    1 :  0.006 0.004 0.914 0.003 0.008 0.012 0.002 0.009 0.019 0.006 0.003 0.013 
129 TMA-ZAIN-G-    (0)    1 :  0.008 0.006 0.929 0.004 0.015 0.006 0.003 0.007 0.005 0.006 0.004 0.009 
130 TMA-ZAIN-G-    (0)    1 :  0.008 0.007 0.798 0.005 0.073 0.009 0.002 0.008 0.010 0.049 0.003 0.028 
131 TMA-ZAIN-G-    (0)    1 :  0.010 0.004 0.937 0.005 0.011 0.007 0.002 0.005 0.004 0.004 0.003 0.007 
132 TMA-ZAIN-G-    (0)    1 :  0.007 0.004 0.842 0.003 0.014 0.011 0.002 0.017 0.046 0.030 0.003 0.021 
133 TMA-ZAIN-G-    (0)    1 :  0.047 0.003 0.507 0.017 0.139 0.013 0.020 0.073 0.101 0.026 0.005 0.049 
134 TMA-ZAIN-G-    (0)    1 :  0.043 0.003 0.408 0.008 0.295 0.005 0.014 0.051 0.090 0.021 0.004 0.057 
135 TMA-ZAIN-G-    (0)    1 :  0.034 0.004 0.189 0.004 0.019 0.003 0.012 0.166 0.026 0.013 0.003 0.526 
136 TMA-ZAIN-G-    (0)    1 :  0.006 0.006 0.087 0.004 0.008 0.009 0.007 0.061 0.580 0.020 0.004 0.207 
137 TMA-ZAIN-G-    (0)    1 :  0.022 0.005 0.037 0.008 0.006 0.004 0.014 0.086 0.006 0.006 0.004 0.803 
138 TMA-ZAIN-G-    (0)    1 :  0.004 0.004 0.570 0.003 0.023 0.004 0.003 0.021 0.011 0.016 0.002 0.340 
139 TMA-ZAIN-G-    (0)    1 :  0.013 0.005 0.329 0.004 0.018 0.004 0.009 0.056 0.013 0.079 0.003 0.468 
140 TMA-ZAIN-G-    (0)    1 :  0.005 0.003 0.101 0.004 0.006 0.009 0.005 0.153 0.010 0.004 0.004 0.696 
141 TMA-ZAIN-G-    (0)    1 :  0.014 0.006 0.106 0.005 0.025 0.007 0.003 0.510 0.008 0.006 0.004 0.307 
142 TMA-ZAIN-G-    (9)    1 :  0.006 0.003 0.057 0.004 0.006 0.006 0.003 0.213 0.011 0.004 0.003 0.682 
143 TMA-ZAIN-G-    (0)    1 :  0.007 0.004 0.231 0.004 0.011 0.010 0.003 0.055 0.013 0.004 0.003 0.656 
144 TMA-ZAIN-G-    (0)    1 :  0.010 0.003 0.115 0.009 0.014 0.018 0.007 0.020 0.006 0.021 0.004 0.773 
145 TMA-ZAIN-G-    (0)    1 :  0.005 0.003 0.051 0.004 0.006 0.008 0.002 0.152 0.323 0.016 0.002 0.427 
146 TMA-ZAIN-G-    (0)    1 :  0.005 0.003 0.007 0.003 0.005 0.003 0.003 0.829 0.005 0.003 0.003 0.130 
147 TMA-ZAIN-G-    (9)    1 :  0.005 0.003 0.012 0.003 0.006 0.004 0.004 0.733 0.012 0.004 0.003 0.211 
148 TMA-ZAIN-G-    (0)    1 :  0.005 0.003 0.103 0.004 0.102 0.003 0.003 0.567 0.004 0.039 0.003 0.163 
149 TMA-ZAIN-G-    (0)    1 :  0.029 0.020 0.132 0.011 0.039 0.014 0.006 0.328 0.007 0.066 0.018 0.330 
150 TMA-ZAIN-G-    (0)    1 :  0.016 0.018 0.020 0.009 0.018 0.015 0.004 0.200 0.042 0.085 0.017 0.555 
151 TMA-ZAIN-G-    (0)    1 :  0.003 0.003 0.040 0.003 0.015 0.005 0.002 0.010 0.008 0.005 0.002 0.903 
152 TMA-ZAIN-G-    (0)    1 :  0.003 0.004 0.008 0.003 0.007 0.004 0.002 0.006 0.006 0.005 0.002 0.950 
153 TMA-ZAIN-G-    (0)    1 :  0.003 0.003 0.097 0.003 0.024 0.004 0.003 0.018 0.012 0.012 0.002 0.819 
154 TMA-ZAIN-G-    (0)    1 :  0.005 0.003 0.008 0.003 0.005 0.004 0.002 0.006 0.004 0.005 0.002 0.954 
155 TMA-ZAIN-G-    (0)    1 :  0.005 0.004 0.011 0.004 0.007 0.004 0.002 0.021 0.008 0.003 0.003 0.928 
156 TMA-ZAIN-G-    (9)    1 :  0.004 0.005 0.044 0.005 0.043 0.004 0.003 0.007 0.003 0.011 0.002 0.869 
157 TMA-ZAIN-G-    (0)    1 :  0.005 0.004 0.067 0.004 0.096 0.004 0.003 0.016 0.006 0.007 0.003 0.786 
158 TMA-ZAIN-G-    (0)    1 :  0.004 0.003 0.011 0.005 0.004 0.005 0.003 0.024 0.004 0.004 0.003 0.931 
159 TMA-ZAIN-G-    (0)    1 :  0.004 0.004 0.009 0.003 0.004 0.003 0.002 0.271 0.012 0.005 0.002 0.680 
160 TMA-ZAIN-G-    (0)    1 :  0.004 0.004 0.007 0.003 0.004 0.003 0.002 0.125 0.013 0.006 0.003 0.826 
161 TMA-ZAIN-G-    (0)    1 :  0.006 0.003 0.134 0.005 0.020 0.006 0.003 0.037 0.007 0.023 0.002 0.754 
162 TMA-ZAIN-G-    (0)    1 :  0.010 0.018 0.010 0.006 0.004 0.009 0.005 0.010 0.006 0.011 0.016 0.896 
163 TMA-ZAIN-G-    (0)    1 :  0.003 0.003 0.006 0.003 0.003 0.003 0.002 0.007 0.004 0.003 0.002 0.961 
164 TMA-ZAIN-G-    (0)    1 :  0.007 0.004 0.007 0.003 0.004 0.004 0.003 0.011 0.006 0.006 0.003 0.941 
165 TMA-ZAIN-G-    (0)    1 :  0.003 0.004 0.009 0.003 0.004 0.004 0.002 0.014 0.005 0.003 0.003 0.947 
166 TMA-ZAIN-G-    (0)    1 :  0.007 0.003 0.079 0.003 0.006 0.004 0.002 0.215 0.011 0.010 0.002 0.656 
167 TMA-ZAIN-G-    (0)    1 :  0.007 0.005 0.028 0.006 0.007 0.007 0.004 0.820 0.004 0.004 0.004 0.103 
168 TMA-ZAIN-G-    (0)    1 :  0.005 0.006 0.011 0.005 0.030 0.005 0.004 0.901 0.010 0.004 0.003 0.016 
169 TMA-ZAIN-G-    (0)    1 :  0.006 0.003 0.008 0.003 0.005 0.004 0.002 0.846 0.084 0.005 0.002 0.031 
170 TMA-ZAIN-G-    (0)    1 :  0.006 0.014 0.142 0.032 0.100 0.008 0.010 0.579 0.020 0.004 0.006 0.079 
171 TMA-ZAIN-G-    (0)    1 :  0.004 0.003 0.005 0.003 0.003 0.003 0.003 0.938 0.014 0.004 0.003 0.017 
172 TMA-ZAIN-G-    (0)    1 :  0.007 0.004 0.780 0.006 0.018 0.005 0.005 0.116 0.005 0.004 0.003 0.048 
173 TMA-ZAIN-G-    (0)    1 :  0.007 0.003 0.876 0.006 0.020 0.007 0.004 0.041 0.006 0.005 0.003 0.023 
174 TMA-ZAIN-G-    (0)    1 :  0.006 0.003 0.678 0.003 0.005 0.006 0.003 0.143 0.047 0.009 0.002 0.094 
175 TMA-ZAIN-G-    (0)    1 :  0.005 0.003 0.006 0.003 0.005 0.004 0.003 0.938 0.006 0.004 0.003 0.019 
176 TMA-ZAIN-G-    (0)    1 :  0.005 0.003 0.008 0.003 0.005 0.003 0.003 0.903 0.005 0.004 0.003 0.055 
177 TMA-ZAIN-G-    (0)    1 :  0.005 0.004 0.027 0.005 0.029 0.004 0.004 0.794 0.004 0.003 0.003 0.119 
178 TMA-ZAIN-G-    (0)    1 :  0.005 0.005 0.479 0.006 0.068 0.008 0.006 0.232 0.004 0.004 0.003 0.179 
179 TMA-ZAIN-G-    (0)    1 :  0.007 0.003 0.160 0.004 0.036 0.005 0.004 0.510 0.009 0.004 0.002 0.253 
180 TMA-ZAIN-G-    (0)    1 :  0.032 0.004 0.794 0.005 0.020 0.011 0.010 0.012 0.065 0.011 0.005 0.030 
181 TMA-ZAIN-G-    (0)    1 :  0.004 0.004 0.728 0.004 0.166 0.004 0.003 0.013 0.006 0.005 0.002 0.061 
182 TMA-ZAIN-G-    (0)    1 :  0.006 0.007 0.785 0.005 0.130 0.005 0.003 0.010 0.003 0.006 0.003 0.038 
183 TMA-ZAIN-G-    (0)    1 :  0.004 0.005 0.675 0.004 0.236 0.004 0.003 0.016 0.006 0.004 0.003 0.041 
184 TMA-ZAIN-G-    (0)    1 :  0.018 0.026 0.765 0.011 0.036 0.014 0.006 0.018 0.009 0.019 0.019 0.060 
185 TMA-ZAIN-G-    (0)    1 :  0.012 0.011 0.848 0.011 0.004 0.037 0.009 0.008 0.005 0.020 0.022 0.011 
186 TMA-ZAIN-G-    (9)    1 :  0.005 0.003 0.927 0.007 0.006 0.011 0.005 0.010 0.006 0.005 0.004 0.011 
187 TMA-ZAIN-G-    (0)    1 :  0.004 0.003 0.871 0.005 0.018 0.005 0.003 0.045 0.014 0.003 0.003 0.026 
188 TMA-ZAIN-G-    (0)    1 :  0.003 0.003 0.906 0.004 0.007 0.004 0.002 0.032 0.016 0.004 0.003 0.017 
189 TMA-ZAIN-G-    (0)    1 :  0.004 0.002 0.948 0.003 0.009 0.004 0.003 0.006 0.011 0.002 0.002 0.006 
190 TMA-ZAIN-G-    (0)    1 :  0.004 0.003 0.767 0.006 0.077 0.006 0.004 0.079 0.024 0.005 0.003 0.023 
191 TMA-ZAIN-G-    (0)    1 :  0.014 0.011 0.889 0.008 0.005 0.011 0.009 0.012 0.005 0.008 0.021 0.007 
192 TMA-ZAIN-G-    (0)    1 :  0.015 0.003 0.888 0.007 0.027 0.003 0.025 0.013 0.004 0.004 0.004 0.008 
193 TMA-ZAIN-G-    (0)    1 :  0.004 0.002 0.005 0.003 0.965 0.003 0.002 0.003 0.003 0.004 0.002 0.003 
194 TMA-ZAIN-G-    (0)    1 :  0.005 0.002 0.045 0.009 0.872 0.018 0.008 0.007 0.010 0.012 0.006 0.004 
195 TMA-ZAIN-G-    (0)    1 :  0.004 0.003 0.066 0.011 0.809 0.005 0.003 0.040 0.036 0.006 0.002 0.016 
196 TMA-ZAIN-G-    (0)    1 :  0.004 0.003 0.011 0.003 0.943 0.005 0.003 0.005 0.010 0.006 0.002 0.006 
197 TMA-ZAIN-G-    (0)    1 :  0.007 0.003 0.009 0.003 0.938 0.004 0.002 0.009 0.009 0.005 0.003 0.007 
198 TMA-ZAIN-G-    (0)    1 :  0.004 0.003 0.012 0.003 0.941 0.003 0.004 0.009 0.006 0.004 0.002 0.008 
199 TMA-ZAIN-G-    (0)    1 :  0.004 0.003 0.937 0.005 0.006 0.009 0.003 0.008 0.004 0.006 0.004 0.011 
200 TMA-ZAIN-G-    (0)    1 :  0.007 0.025 0.006 0.034 0.050 0.023 0.784 0.006 0.006 0.010 0.044 0.005 
201 TMA-ZAIN-G-    (0)    1 :  0.014 0.009 0.010 0.019 0.008 0.026 0.799 0.020 0.022 0.008 0.051 0.013 
202 TMA-ZAIN-G-    (0)    1 :  0.003 0.007 0.005 0.007 0.011 0.004 0.948 0.003 0.002 0.002 0.003 0.004 
203 TMA-ZAIN-G-    (0)    1 :  0.005 0.024 0.055 0.004 0.843 0.005 0.002 0.015 0.004 0.006 0.003 0.034 
204 TMA-ZAIN-G-    (9)    1 :  0.114 0.012 0.004 0.050 0.004 0.007 0.758 0.006 0.004 0.021 0.016 0.003 
205 TMA-ZAIN-G-    (0)    1 :  0.011 0.007 0.008 0.034 0.008 0.005 0.810 0.017 0.005 0.008 0.005 0.080 
206 TMA-ZAIN-G-    (9)    1 :  0.205 0.029 0.018 0.020 0.019 0.020 0.615 0.017 0.007 0.021 0.013 0.016 
207 TMA-ZAIN-G-    (9)    1 :  0.073 0.011 0.023 0.026 0.009 0.084 0.004 0.032 0.058 0.057 0.011 0.611 
208 TMA-ZAIN-G-    (0)    1 :  0.003 0.002 0.022 0.004 0.004 0.010 0.004 0.135 0.035 0.004 0.003 0.775 
209 TMA-ZAIN-G-    (0)    1 :  0.011 0.003 0.427 0.004 0.222 0.004 0.003 0.156 0.018 0.057 0.002 0.094 
210 TMA-ZAIN-G-    (0)    1 :  0.014 0.004 0.225 0.005 0.390 0.009 0.003 0.128 0.107 0.013 0.003 0.100 
211 TMA-ZAIN-G-    (0)    1 :  0.010 0.010 0.606 0.023 0.095 0.018 0.020 0.112 0.024 0.013 0.017 0.052 
212 TMA-ZAIN-G-    (0)    1 :  0.027 0.003 0.556 0.005 0.020 0.011 0.009 0.033 0.017 0.008 0.004 0.307 
213 TMA-ZAIN-G-    (0)    1 :  0.004 0.003 0.534 0.005 0.028 0.005 0.003 0.070 0.008 0.007 0.004 0.329 
214 TMA-ZAIN-G-    (0)    1 :  0.004 0.003 0.656 0.004 0.030 0.004 0.003 0.083 0.042 0.008 0.003 0.160 
215 TMA-ZAIN-G-    (0)    1 :  0.003 0.003 0.313 0.273 0.005 0.005 0.011 0.240 0.005 0.002 0.007 0.134 
216 TMA-ZAIN-G-    (0)    1 :  0.005 0.003 0.914 0.005 0.009 0.006 0.005 0.015 0.005 0.008 0.004 0.021 
217 TMA-ZAIN-G-    (0)    1 :  0.007 0.004 0.363 0.004 0.114 0.003 0.003 0.228 0.140 0.009 0.003 0.123 
218 TMA-ZAIN-G-    (0)    1 :  0.004 0.006 0.007 0.936 0.003 0.011 0.003 0.006 0.008 0.005 0.004 0.005 
219 TMA-ZAIN-G-    (0)    1 :  0.011 0.005 0.005 0.936 0.003 0.007 0.011 0.004 0.004 0.007 0.004 0.004 
220 TMA-ZAIN-G-    (0)    1 :  0.012 0.039 0.007 0.810 0.006 0.055 0.002 0.011 0.013 0.007 0.008 0.030 
221 TMA-ZAIN-G-    (0)    1 :  0.013 0.004 0.018 0.882 0.007 0.009 0.034 0.009 0.006 0.005 0.005 0.009 
222 TMA-ZAIN-G-    (0)    1 :  0.020 0.014 0.008 0.904 0.005 0.005 0.004 0.008 0.008 0.008 0.005 0.011 
223 TMA-ZAIN-G-    (0)    1 :  0.013 0.006 0.005 0.927 0.003 0.015 0.006 0.004 0.005 0.005 0.007 0.005 
224 TMA-ZAIN-G-    (0)    1 :  0.090 0.009 0.015 0.825 0.008 0.013 0.005 0.006 0.005 0.007 0.012 0.005 
225 TMA-ZAIN-G-    (0)    1 :  0.005 0.009 0.005 0.938 0.009 0.009 0.006 0.003 0.002 0.003 0.006 0.003 
226 TMA-ZAIN-G-    (0)    1 :  0.009 0.010 0.007 0.903 0.022 0.012 0.006 0.007 0.005 0.005 0.007 0.008 
227 TMA-ZAIN-G-    (0)    1 :  0.006 0.009 0.008 0.907 0.016 0.007 0.017 0.009 0.004 0.004 0.006 0.008 
228 TMA-ZAIN-G-    (0)    1 :  0.017 0.010 0.010 0.875 0.007 0.014 0.005 0.020 0.008 0.005 0.015 0.015 
229 TMA-ZAIN-G-    (0)    1 :  0.007 0.014 0.003 0.918 0.003 0.009 0.012 0.004 0.008 0.005 0.016 0.003 
230 TMA-ZAIN-G-    (0)    1 :  0.290 0.019 0.029 0.554 0.012 0.010 0.003 0.040 0.015 0.012 0.009 0.007 
231 TMA-ZAIN-G-    (0)    1 :  0.073 0.063 0.008 0.286 0.009 0.010 0.018 0.037 0.013 0.024 0.424 0.035 
232 TMA-ZAIN-G-    (9)    1 :  0.020 0.127 0.028 0.215 0.011 0.004 0.015 0.016 0.051 0.014 0.488 0.011 
233 TMA-ZAIN-G-    (0)    1 :  0.022 0.005 0.012 0.815 0.008 0.026 0.019 0.022 0.045 0.010 0.007 0.010 
234 TMA-ZAIN-G-    (0)    1 :  0.006 0.158 0.004 0.712 0.009 0.008 0.025 0.005 0.007 0.028 0.028 0.009 
235 TMA-ZAIN-G-    (0)    1 :  0.028 0.103 0.033 0.678 0.023 0.039 0.011 0.039 0.005 0.009 0.015 0.015 
236 TMA-ZAIN-G-    (0)    1 :  0.043 0.021 0.012 0.823 0.023 0.007 0.025 0.014 0.007 0.004 0.010 0.013 
237 TMA-ZAIN-G-    (0)    1 :  0.121 0.135 0.033 0.402 0.010 0.018 0.004 0.222 0.010 0.006 0.011 0.027 
238 TMA-ZAIN-G-    (0)    1 :  0.007 0.038 0.024 0.815 0.006 0.007 0.020 0.029 0.005 0.003 0.012 0.033 
239 TMA-ZAIN-G-    (0)    1 :  0.100 0.017 0.019 0.027 0.078 0.004 0.674 0.004 0.009 0.046 0.019 0.005 
240 TMA-ZAIN-G-    (0)    1 :  0.005 0.003 0.002 0.004 0.003 0.003 0.965 0.003 0.002 0.004 0.004 0.002 
241 TMA-ZAIN-G-    (0)    1 :  0.003 0.003 0.003 0.003 0.003 0.002 0.965 0.005 0.003 0.003 0.003 0.003 
242 TMA-ZAIN-G-    (0)    1 :  0.003 0.003 0.003 0.003 0.002 0.002 0.969 0.003 0.003 0.003 0.004 0.003 
243 TMA-ZAIN-G-    (0)    1 :  0.003 0.003 0.003 0.003 0.003 0.002 0.967 0.005 0.003 0.003 0.003 0.003 
244 TMA-ZAIN-G-    (0)    1 :  0.002 0.003 0.003 0.003 0.003 0.003 0.964 0.005 0.004 0.003 0.003 0.005 
245 TMA-ZAIN-G-    (9)    1 :  0.003 0.003 0.002 0.003 0.002 0.003 0.969 0.003 0.002 0.003 0.004 0.002 
246 TMA-ZAIN-G-    (0)    1 :  0.003 0.002 0.003 0.003 0.002 0.003 0.971 0.002 0.002 0.002 0.003 0.002 
247 TMA-ZAIN-G-    (0)    1 :  0.003 0.002 0.003 0.003 0.002 0.003 0.972 0.002 0.003 0.002 0.003 0.003 
248 TMA-ZAIN-G-    (0)    1 :  0.003 0.003 0.003 0.004 0.005 0.003 0.964 0.003 0.003 0.003 0.003 0.003 
249 TMA-ZAIN-G-    (0)    1 :  0.003 0.002 0.003 0.004 0.004 0.003 0.968 0.002 0.002 0.003 0.003 0.002 
250 TMA-ZAIN-G-    (0)    1 :  0.003 0.002 0.003 0.003 0.003 0.003 0.969 0.002 0.003 0.002 0.003 0.002 
251 TMA-ZAIN-G-    (0)    1 :  0.009 0.006 0.004 0.004 0.005 0.005 0.002 0.003 0.004 0.952 0.003 0.004 
252 TMA-ZAIN-G-    (0)    1 :  0.004 0.003 0.007 0.007 0.004 0.003 0.004 0.034 0.028 0.873 0.002 0.029 
253 TMA-ZAIN-G-    (0)    1 :  0.005 0.004 0.004 0.003 0.004 0.003 0.004 0.004 0.004 0.954 0.003 0.008 
254 TMA-ZAIN-G-    (9)    1 :  0.006 0.006 0.007 0.004 0.005 0.005 0.004 0.009 0.010 0.919 0.003 0.022 
255 TMA-ZAIN-G-    (0)    1 :  0.004 0.009 0.004 0.004 0.004 0.003 0.004 0.004 0.008 0.924 0.025 0.006 
256 TMA-ZAIN-G-    (0)    1 :  0.021 0.006 0.008 0.005 0.024 0.004 0.017 0.007 0.005 0.889 0.006 0.007 
257 TMA-ZAIN-G-    (0)    1 :  0.013 0.004 0.004 0.004 0.014 0.003 0.005 0.003 0.003 0.940 0.004 0.003 
258 TMA-ZAIN-G-    (0)    1 :  0.007 0.003 0.003 0.003 0.005 0.003 0.004 0.003 0.004 0.959 0.003 0.003 
259 TMA-ZAIN-G-    (0)    1 :  0.023 0.003 0.004 0.004 0.005 0.005 0.006 0.004 0.005 0.932 0.005 0.003 
260 TMA-ZAIN-G-    (0)    1 :  0.014 0.003 0.004 0.004 0.006 0.005 0.005 0.004 0.008 0.939 0.005 0.003 
261 TMA-ZAIN-G-   (18)    1 :  0.022 0.005 0.007 0.005 0.009 0.013 0.003 0.005 0.010 0.910 0.005 0.005 
262 TMA-ZAIN-G-    (0)    1 :  0.008 0.004 0.003 0.004 0.006 0.003 0.003 0.003 0.003 0.957 0.003 0.003 
263 TMA-ZAIN-G-    (0)    1 :  0.009 0.005 0.003 0.004 0.004 0.004 0.003 0.003 0.003 0.954 0.004 0.004 
264 TMA-ZAIN-G-    (0)    1 :  0.007 0.007 0.003 0.004 0.005 0.004 0.003 0.003 0.004 0.950 0.004 0.005 
265 TMA-ZAIN-G-    (0)    1 :  0.436 0.009 0.026 0.255 0.010 0.026 0.013 0.021 0.024 0.152 0.006 0.023 
266 TMA-ZAIN-G-    (0)    1 :  0.018 0.010 0.103 0.013 0.057 0.072 0.006 0.016 0.022 0.631 0.012 0.040 
267 TMA-ZAIN-G-    (0)    1 :  0.266 0.020 0.013 0.015 0.008 0.095 0.026 0.025 0.019 0.141 0.360 0.011 
268 TMA-ZAIN-G-    (0)    1 :  0.004 0.007 0.003 0.003 0.002 0.004 0.003 0.003 0.003 0.003 0.961 0.003 
269 TMA-ZAIN-G-    (0)    1 :  0.013 0.017 0.003 0.007 0.003 0.006 0.003 0.004 0.003 0.003 0.933 0.004 
270 TMA-ZAIN-G-    (0)    1 :  0.029 0.011 0.003 0.006 0.003 0.006 0.004 0.004 0.003 0.004 0.923 0.004 
271 TMA-ZAIN-G-    (0)    1 :  0.009 0.010 0.003 0.004 0.002 0.005 0.004 0.003 0.003 0.004 0.949 0.004 
272 TMA-ZAIN-G-    (0)    1 :  0.010 0.007 0.003 0.010 0.003 0.007 0.005 0.004 0.002 0.003 0.942 0.003 
273 TMA-ZAIN-G-    (0)    1 :  0.005 0.006 0.003 0.011 0.003 0.005 0.006 0.003 0.002 0.003 0.952 0.002 
274 TMA-ZAIN-G-    (0)    1 :  0.007 0.009 0.011 0.010 0.021 0.008 0.005 0.008 0.007 0.006 0.902 0.005 
275 TMA-ZAIN-G-    (0)    1 :  0.003 0.004 0.003 0.005 0.003 0.004 0.004 0.002 0.002 0.002 0.965 0.003 
276 TMA-ZAIN-G-    (0)    1 :  0.004 0.006 0.003 0.004 0.003 0.003 0.005 0.005 0.004 0.002 0.956 0.005 
277 TMA-ZAIN-G-    (0)    1 :  0.003 0.008 0.003 0.006 0.005 0.004 0.020 0.006 0.005 0.005 0.929 0.005 
278 TMA-ZAIN-G-    (0)    1 :  0.007 0.004 0.003 0.006 0.003 0.004 0.012 0.003 0.002 0.004 0.950 0.003 
279 TMA-ZAIN-G-    (0)    1 :  0.004 0.005 0.004 0.008 0.004 0.006 0.005 0.003 0.002 0.003 0.951 0.003 
280 TMA-ZAIN-G-    (0)    1 :  0.005 0.022 0.006 0.026 0.006 0.007 0.006 0.003 0.002 0.003 0.908 0.004 
281 TMA-ZAIN-G-    (0)    1 :  0.006 0.017 0.004 0.009 0.005 0.005 0.010 0.003 0.003 0.003 0.931 0.004 
282 TMA-ZAIN-G-    (9)    1 :  0.005 0.006 0.003 0.005 0.002 0.004 0.008 0.003 0.003 0.004 0.954 0.003 
283 TMA-ZAIN-G-    (0)    1 :  0.029 0.033 0.009 0.045 0.004 0.033 0.010 0.010 0.006 0.119 0.686 0.015 
284 TMA-ZAIN-G-    (0)    1 :  0.051 0.078 0.016 0.064 0.006 0.040 0.008 0.011 0.005 0.121 0.583 0.019 
285 TMA-ZAIN-G-    (0)    1 :  0.008 0.019 0.017 0.024 0.008 0.017 0.017 0.016 0.015 0.043 0.804 0.013 
286 TMA-ZAIN-G-    (0)    1 :  0.009 0.009 0.003 0.006 0.002 0.006 0.007 0.003 0.002 0.005 0.946 0.003 
287 TMA-ZAIN-G-    (0)    1 :  0.006 0.008 0.006 0.005 0.008 0.005 0.007 0.006 0.005 0.004 0.936 0.003 
288 TMA-ZAIN-G-    (0)    1 :  0.007 0.021 0.024 0.023 0.039 0.032 0.004 0.015 0.008 0.011 0.807 0.010 
289 TMA-ZAIN-G-    (0)    1 :  0.008 0.008 0.009 0.007 0.013 0.009 0.005 0.009 0.008 0.006 0.911 0.005 
290 TMA-ZAIN-G-    (0)    1 :  0.007 0.092 0.011 0.017 0.009 0.022 0.004 0.006 0.003 0.007 0.816 0.008 
291 TMA-ZAIN-G-    (0)    1 :  0.008 0.012 0.005 0.899 0.005 0.030 0.007 0.004 0.003 0.009 0.012 0.005 
292 TMA-ZAIN-G-    (0)    1 :  0.008 0.009 0.115 0.021 0.027 0.009 0.012 0.623 0.005 0.004 0.010 0.156 
293 TMA-ZAIN-G-    (0)    1 :  0.066 0.004 0.091 0.010 0.023 0.014 0.027 0.190 0.022 0.013 0.004 0.535 
294 TMA-ZAIN-G-    (0)    1 :  0.012 0.003 0.013 0.004 0.004 0.005 0.005 0.857 0.010 0.005 0.004 0.079 
295 TMA-ZAIN-G-    (9)    1 :  0.015 0.003 0.014 0.007 0.005 0.016 0.008 0.815 0.012 0.006 0.007 0.092 
296 TMA-ZAIN-G-    (0)    1 :  0.041 0.013 0.053 0.011 0.049 0.017 0.005 0.282 0.006 0.007 0.007 0.511 
297 TMA-ZAIN-G-    (0)    1 :  0.021 0.005 0.074 0.007 0.118 0.012 0.005 0.096 0.024 0.022 0.007 0.610 
298 TMA-ZAIN-G-    (0)    1 :  0.139 0.008 0.008 0.010 0.004 0.009 0.005 0.727 0.011 0.014 0.010 0.057 
299 TMA-ZAIN-G-    (0)    1 :  0.003 0.003 0.006 0.005 0.004 0.003 0.005 0.940 0.007 0.003 0.004 0.015 
300 TMA-ZAIN-G-    (0)    1 :  0.009 0.003 0.028 0.006 0.007 0.012 0.007 0.853 0.040 0.006 0.005 0.024 
301 TMA-ZAIN-G-    (0)    1 :  0.016 0.004 0.070 0.008 0.034 0.008 0.015 0.753 0.034 0.005 0.003 0.050 
302 TMA-ZAIN-G-    (9)    1 :  0.012 0.004 0.053 0.006 0.015 0.006 0.003 0.718 0.008 0.005 0.004 0.167 
303 TMA-ZAIN-G-    (0)    1 :  0.007 0.010 0.015 0.868 0.049 0.009 0.003 0.003 0.002 0.021 0.007 0.004 
304 TMA-ZAIN-G-    (0)    2 :  0.013 0.014 0.114 0.007 0.039 0.019 0.008 0.017 0.145 0.519 0.008 0.098 
305 TMA-ZAIN-G-    (0)    2 :  0.023 0.004 0.055 0.004 0.014 0.009 0.005 0.273 0.020 0.007 0.004 0.583 
306 TMA-ZAIN-G-    (0)    2 :  0.009 0.085 0.049 0.009 0.022 0.012 0.014 0.134 0.015 0.379 0.029 0.243 
307 TMA-ZAIN-G-    (0)    2 :  0.015 0.011 0.123 0.005 0.015 0.012 0.015 0.016 0.307 0.356 0.009 0.118 
308 TMA-ZAIN-G-    (0)    2 :  0.016 0.024 0.006 0.098 0.016 0.072 0.014 0.005 0.010 0.717 0.019 0.004 
309 TMA-ZAIN-G-    (0)    2 :  0.005 0.003 0.916 0.004 0.018 0.004 0.003 0.022 0.007 0.003 0.003 0.012 
310 TMA-ZAIN-G-    (0)    2 :  0.050 0.006 0.055 0.012 0.003 0.014 0.009 0.720 0.009 0.009 0.014 0.099 
311 TMA-ZAIN-G-    (0)    2 :  0.090 0.031 0.068 0.019 0.017 0.025 0.003 0.162 0.006 0.027 0.015 0.537 
312 TMA-ZAIN-G-    (0)    2 :  0.006 0.005 0.825 0.010 0.018 0.035 0.004 0.038 0.008 0.010 0.005 0.037 
313 TMA-ZAIN-G-    (0)    2 :  0.027 0.011 0.072 0.005 0.025 0.011 0.003 0.195 0.035 0.540 0.006 0.070 
314 TMA-ZAIN-G-    (0)    2 :  0.014 0.183 0.030 0.022 0.013 0.292 0.003 0.007 0.005 0.012 0.412 0.008 
