

----------------------------------------------------
STRUCTURE by Pritchard, Stephens and Donnelly (2000)
     and Falush, Stephens and Pritchard (2003)
       Code by Pritchard, Falush and Hubisz
             Version 2.3.4 (Jul 2012)
----------------------------------------------------



Command line arguments:   bin\structure -m C:\Users\eschumacher\Documents\GitHub\GCC_QUAC_ZAIN\Data_Files\Structure_Files\ZAIN\ZAIN_rebinned_allpop_str\50-50\mainparams -e C:\Users\eschumacher\Documents\GitHub\GCC_QUAC_ZAIN\Data_Files\Structure_Files\ZAIN\ZAIN_rebinned_allpop_str\50-50\extraparams 
Input File:    C:\Users\eschumacher\Documents\GitHub\GCC_QUAC_ZAIN\Data_Files\Structure_Files\ZAIN\ZAIN_rebinned_allpop_str\project_data

Run parameters:
   1133 individuals
   11 loci
   13 populations assumed
   50000 Burn-in period
   50000 Reps


--------------------------------------------
Proportion of membership of each pre-defined
 population in each of the 13 clusters

Given    Inferred Clusters                                                                             Number of
 Pop       1      2      3      4      5      6      7      8      9     10     11     12     13      Individuals

  1:     0.083  0.109  0.141  0.102  0.043  0.075  0.028  0.050  0.074  0.081  0.084  0.094  0.036      303
  2:     0.045  0.125  0.103  0.155  0.023  0.170  0.058  0.015  0.057  0.054  0.095  0.068  0.032       15
  3:     0.033  0.017  0.047  0.094  0.018  0.005  0.016  0.213  0.101  0.011  0.026  0.408  0.011        2
  4:     0.105  0.165  0.024  0.109  0.019  0.032  0.279  0.007  0.021  0.041  0.081  0.096  0.023        2
  5:     0.027  0.059  0.018  0.023  0.020  0.013  0.019  0.196  0.051  0.030  0.134  0.354  0.057        7
  6:     0.009  0.125  0.627  0.028  0.036  0.007  0.011  0.098  0.013  0.014  0.012  0.009  0.010       13
  7:     0.005  0.007  0.905  0.006  0.010  0.004  0.011  0.006  0.004  0.015  0.007  0.017  0.004       13
  8:     0.459  0.116  0.012  0.053  0.025  0.010  0.015  0.054  0.034  0.010  0.131  0.018  0.064        7
  9:     0.065  0.273  0.015  0.255  0.022  0.010  0.043  0.041  0.051  0.048  0.139  0.013  0.023       11
 10:     0.401  0.060  0.011  0.049  0.015  0.023  0.067  0.021  0.063  0.073  0.070  0.125  0.021        9
 11:     0.013  0.006  0.032  0.010  0.013  0.005  0.009  0.005  0.009  0.872  0.009  0.013  0.005       35
 12:     0.200  0.095  0.005  0.297  0.019  0.021  0.008  0.014  0.137  0.006  0.167  0.007  0.024       36
 13:     0.112  0.045  0.005  0.243  0.009  0.009  0.011  0.020  0.133  0.005  0.375  0.006  0.026       33
 14:     0.008  0.008  0.017  0.012  0.040  0.848  0.009  0.009  0.008  0.008  0.017  0.006  0.010       40
 15:     0.007  0.026  0.003  0.010  0.006  0.006  0.005  0.908  0.007  0.004  0.006  0.004  0.007       39
 16:     0.027  0.018  0.056  0.025  0.015  0.024  0.388  0.012  0.026  0.197  0.037  0.148  0.026       40
 17:     0.009  0.010  0.075  0.015  0.043  0.020  0.061  0.010  0.012  0.049  0.013  0.666  0.017       37
 18:     0.578  0.039  0.003  0.105  0.008  0.006  0.006  0.011  0.041  0.005  0.174  0.004  0.021       40
 19:     0.005  0.006  0.008  0.007  0.040  0.005  0.006  0.014  0.004  0.889  0.006  0.007  0.003       28
 20:     0.005  0.005  0.005  0.007  0.932  0.012  0.005  0.005  0.005  0.004  0.006  0.004  0.006       14
 21:     0.007  0.010  0.812  0.016  0.021  0.007  0.007  0.036  0.007  0.009  0.008  0.054  0.005       13
 22:     0.013  0.879  0.003  0.014  0.006  0.018  0.006  0.023  0.010  0.005  0.012  0.004  0.008       14
 23:     0.019  0.015  0.004  0.122  0.008  0.006  0.005  0.008  0.751  0.004  0.031  0.004  0.023       25
 24:     0.011  0.008  0.005  0.011  0.006  0.008  0.005  0.006  0.011  0.006  0.015  0.005  0.901       40
 25:     0.029  0.047  0.009  0.036  0.039  0.708  0.021  0.018  0.017  0.032  0.024  0.012  0.009       32
 26:     0.005  0.004  0.939  0.007  0.005  0.005  0.004  0.004  0.006  0.003  0.006  0.006  0.006       20
 27:     0.017  0.010  0.008  0.008  0.016  0.007  0.222  0.004  0.008  0.641  0.012  0.043  0.005        4
 28:     0.046  0.014  0.021  0.014  0.011  0.010  0.027  0.005  0.016  0.766  0.045  0.012  0.012       23
 29:     0.007  0.006  0.007  0.005  0.006  0.009  0.010  0.007  0.005  0.911  0.007  0.017  0.005       39
 30:     0.007  0.005  0.858  0.008  0.023  0.006  0.010  0.004  0.006  0.053  0.007  0.009  0.005       38
 31:     0.040  0.564  0.005  0.081  0.007  0.009  0.010  0.161  0.024  0.005  0.039  0.006  0.049       45
 32:     0.088  0.235  0.007  0.211  0.018  0.013  0.008  0.155  0.092  0.005  0.138  0.010  0.021       28
 33:     0.005  0.005  0.009  0.006  0.006  0.006  0.011  0.007  0.004  0.914  0.005  0.018  0.005        6
 34:     0.006  0.011  0.006  0.008  0.012  0.006  0.871  0.009  0.006  0.012  0.009  0.030  0.014       40
 35:     0.007  0.019  0.055  0.012  0.017  0.010  0.031  0.010  0.008  0.016  0.008  0.795  0.012       42
--------------------------------------------

Allele-freq. divergence among pops (Net nucleotide distance),
computed using point estimates of P.

      1       2       3       4       5       6       7       8       9      10      11      12      13      
 1      -    0.0833  0.3638  0.0571  0.2623  0.2790  0.1963  0.2796  0.0947  0.2670  0.0365  0.2425  0.1603  
 2   0.0833     -    0.3034  0.0678  0.1853  0.1937  0.1159  0.1317  0.1233  0.2501  0.0812  0.1592  0.1414  
 3   0.3638  0.3034     -    0.2924  0.2331  0.2776  0.2103  0.3636  0.3028  0.1577  0.3098  0.1120  0.3755  
 4   0.0571  0.0678  0.2924     -    0.1781  0.2527  0.1583  0.2092  0.0582  0.2545  0.0443  0.1907  0.1443  
 5   0.2623  0.1853  0.2331  0.1781     -    0.2019  0.1668  0.2369  0.2076  0.2261  0.1962  0.1454  0.2790  
 6   0.2790  0.1937  0.2776  0.2527  0.2019     -    0.1752  0.2006  0.2379  0.1823  0.2132  0.1678  0.2237  
 7   0.1963  0.1159  0.2103  0.1583  0.1668  0.1752     -    0.2219  0.1886  0.1569  0.1275  0.0896  0.1763  
 8   0.2796  0.1317  0.3636  0.2092  0.2369  0.2006  0.2219     -    0.2408  0.2854  0.2503  0.1905  0.2780  
 9   0.0947  0.1233  0.3028  0.0582  0.2076  0.2379  0.1886  0.2408     -    0.2653  0.0729  0.1990  0.1190  
10   0.2670  0.2501  0.1577  0.2545  0.2261  0.1823  0.1569  0.2854  0.2653     -    0.2263  0.0980  0.3566  
11   0.0365  0.0812  0.3098  0.0443  0.1962  0.2132  0.1275  0.2503  0.0729  0.2263     -    0.1997  0.1087  
12   0.2425  0.1592  0.1120  0.1907  0.1454  0.1678  0.0896  0.1905  0.1990  0.0980  0.1997     -    0.2853  
13   0.1603  0.1414  0.3755  0.1443  0.2790  0.2237  0.1763  0.2780  0.1190  0.3566  0.1087  0.2853     -    

Average distances (expected heterozygosity) between individuals in same cluster:
cluster  1  : 0.3388 
cluster  2  : 0.4298 
cluster  3  : 0.4091 
cluster  4  : 0.3573 
cluster  5  : 0.2618 
cluster  6  : 0.3757 
cluster  7  : 0.4773 
cluster  8  : 0.2504 
cluster  9  : 0.3945 
cluster 10  : 0.4690 
cluster 11  : 0.3967 
cluster 12  : 0.5276 
cluster 13  : 0.3539 

--------------------------------------------
Estimated Ln Prob of Data   = -20906.5
Mean value of ln likelihood = -20063.3
Variance of ln likelihood   = 1686.4
Mean value of alpha         = 0.0346

Mean value of Fst_1         = 0.4020
Mean value of Fst_2         = 0.3454
Mean value of Fst_3         = 0.4402
Mean value of Fst_4         = 0.3379
Mean value of Fst_5         = 0.6042
Mean value of Fst_6         = 0.4499
Mean value of Fst_7         = 0.2833
Mean value of Fst_8         = 0.5760
Mean value of Fst_9         = 0.3773
Mean value of Fst_10         = 0.3869
Mean value of Fst_11         = 0.3424
Mean value of Fst_12         = 0.1687
Mean value of Fst_13         = 0.4317


Inferred ancestry of individuals:
        Label (%Miss) Pop:  Inferred clusters
  1 TMA-ZAIN-G-    (9)    1 :  0.008 0.039 0.008 0.007 0.008 0.010 0.020 0.076 0.006 0.687 0.080 0.044 0.008 
  2 TMA-ZAIN-G-    (0)    1 :  0.011 0.008 0.007 0.018 0.017 0.023 0.010 0.008 0.187 0.643 0.047 0.017 0.004 
  3 TMA-ZAIN-G-    (0)    1 :  0.068 0.072 0.003 0.027 0.007 0.008 0.013 0.021 0.018 0.005 0.702 0.005 0.051 
  4 TMA-ZAIN-G-    (0)    1 :  0.096 0.010 0.004 0.025 0.605 0.015 0.006 0.016 0.014 0.010 0.143 0.005 0.049 
  5 TMA-ZAIN-G-    (0)    1 :  0.003 0.002 0.005 0.003 0.005 0.006 0.006 0.002 0.002 0.956 0.004 0.003 0.002 
  6 TMA-ZAIN-G-    (0)    1 :  0.015 0.064 0.029 0.023 0.033 0.016 0.206 0.013 0.017 0.026 0.485 0.032 0.041 
  7 TMA-ZAIN-G-    (0)    1 :  0.041 0.072 0.005 0.536 0.083 0.011 0.014 0.034 0.023 0.010 0.157 0.009 0.006 
  8 TMA-ZAIN-G-    (0)    1 :  0.029 0.791 0.003 0.024 0.005 0.022 0.008 0.006 0.020 0.007 0.060 0.003 0.021 
  9 TMA-ZAIN-G-    (9)    1 :  0.045 0.069 0.005 0.461 0.006 0.005 0.026 0.008 0.088 0.006 0.255 0.005 0.021 
 10 TMA-ZAIN-G-    (0)    1 :  0.048 0.118 0.004 0.527 0.011 0.009 0.027 0.014 0.043 0.003 0.158 0.006 0.032 
 11 TMA-ZAIN-G-    (0)    1 :  0.008 0.106 0.005 0.761 0.014 0.005 0.005 0.008 0.012 0.005 0.064 0.005 0.004 
 12 TMA-ZAIN-G-    (0)    1 :  0.494 0.029 0.003 0.028 0.005 0.005 0.008 0.022 0.007 0.005 0.385 0.006 0.004 
 13 TMA-ZAIN-G-    (9)    1 :  0.062 0.096 0.070 0.367 0.013 0.020 0.015 0.103 0.150 0.041 0.020 0.028 0.015 
 14 TMA-ZAIN-G-    (9)    1 :  0.010 0.035 0.011 0.025 0.005 0.008 0.011 0.846 0.017 0.004 0.011 0.009 0.007 
 15 TMA-ZAIN-G-    (0)    1 :  0.006 0.105 0.002 0.006 0.003 0.006 0.006 0.767 0.006 0.003 0.074 0.006 0.009 
 16 TMA-ZAIN-G-    (0)    1 :  0.591 0.015 0.005 0.150 0.006 0.003 0.007 0.006 0.015 0.004 0.189 0.006 0.005 
 17 TMA-ZAIN-G-    (9)    1 :  0.018 0.767 0.010 0.007 0.081 0.015 0.025 0.019 0.007 0.009 0.014 0.022 0.005 
 18 TMA-ZAIN-G-    (0)    1 :  0.016 0.011 0.006 0.005 0.012 0.048 0.027 0.013 0.004 0.658 0.010 0.184 0.006 
 19 TMA-ZAIN-G-    (0)    1 :  0.029 0.048 0.025 0.035 0.040 0.004 0.131 0.013 0.010 0.018 0.022 0.619 0.006 
 20 TMA-ZAIN-G-    (0)    1 :  0.003 0.003 0.061 0.004 0.006 0.032 0.009 0.003 0.005 0.036 0.004 0.829 0.005 
 21 TMA-ZAIN-G-    (0)    1 :  0.004 0.004 0.950 0.005 0.005 0.005 0.005 0.002 0.003 0.002 0.004 0.004 0.006 
 22 TMA-ZAIN-G-    (0)    1 :  0.003 0.003 0.880 0.003 0.009 0.007 0.011 0.003 0.003 0.061 0.003 0.012 0.002 
 23 TMA-ZAIN-G-    (0)    1 :  0.007 0.008 0.855 0.008 0.010 0.004 0.032 0.007 0.005 0.020 0.006 0.034 0.004 
 24 TMA-ZAIN-G-    (9)    1 :  0.009 0.008 0.650 0.012 0.003 0.006 0.004 0.024 0.164 0.007 0.005 0.004 0.104 
 25 TMA-ZAIN-G-    (9)    1 :  0.007 0.005 0.010 0.004 0.003 0.004 0.009 0.004 0.113 0.073 0.074 0.690 0.004 
 26 TMA-ZAIN-G-    (9)    1 :  0.015 0.071 0.028 0.016 0.011 0.476 0.005 0.014 0.127 0.007 0.210 0.013 0.008 
 27 TMA-ZAIN-G-    (0)    1 :  0.004 0.011 0.016 0.014 0.021 0.015 0.721 0.069 0.005 0.048 0.007 0.062 0.007 
 28 TMA-ZAIN-G-    (0)    1 :  0.005 0.007 0.004 0.006 0.005 0.005 0.925 0.009 0.004 0.009 0.006 0.012 0.004 
 29 TMA-ZAIN-G-    (0)    1 :  0.004 0.005 0.004 0.004 0.003 0.015 0.005 0.006 0.005 0.003 0.004 0.221 0.718 
 30 TMA-ZAIN-G-    (0)    1 :  0.059 0.089 0.004 0.073 0.008 0.006 0.468 0.082 0.106 0.004 0.035 0.034 0.032 
 31 TMA-ZAIN-G-    (0)    1 :  0.004 0.005 0.011 0.007 0.020 0.057 0.005 0.006 0.008 0.853 0.005 0.013 0.006 
 32 TMA-ZAIN-G-    (9)    1 :  0.025 0.014 0.091 0.007 0.006 0.006 0.008 0.013 0.007 0.328 0.419 0.073 0.003 
 33 TMA-ZAIN-G-   (18)    1 :  0.035 0.033 0.003 0.014 0.004 0.003 0.006 0.005 0.006 0.004 0.875 0.004 0.008 
 34 TMA-ZAIN-G-    (0)    1 :  0.018 0.006 0.022 0.011 0.005 0.006 0.009 0.005 0.010 0.058 0.837 0.012 0.004 
 35 TMA-ZAIN-G-    (9)    1 :  0.007 0.010 0.003 0.006 0.006 0.005 0.007 0.009 0.008 0.004 0.920 0.005 0.009 
 36 TMA-ZAIN-G-    (0)    1 :  0.015 0.209 0.003 0.024 0.008 0.012 0.006 0.178 0.341 0.004 0.185 0.005 0.010 
 37 TMA-ZAIN-G-    (9)    1 :  0.009 0.013 0.004 0.011 0.010 0.005 0.008 0.004 0.014 0.004 0.910 0.004 0.005 
 38 TMA-ZAIN-G-   (18)    1 :  0.012 0.019 0.026 0.015 0.014 0.008 0.005 0.043 0.015 0.411 0.307 0.119 0.006 
 39 TMA-ZAIN-G-    (0)    1 :  0.110 0.029 0.005 0.039 0.007 0.008 0.008 0.004 0.722 0.003 0.049 0.004 0.012 
 40 TMA-ZAIN-G-    (0)    1 :  0.301 0.332 0.005 0.025 0.013 0.004 0.004 0.006 0.171 0.003 0.122 0.005 0.007 
 41 TMA-ZAIN-G-    (0)    1 :  0.026 0.621 0.003 0.007 0.003 0.005 0.005 0.044 0.249 0.003 0.024 0.003 0.007 
 42 TMA-ZAIN-G-    (9)    1 :  0.008 0.875 0.002 0.005 0.004 0.008 0.003 0.067 0.009 0.003 0.006 0.003 0.006 
 43 TMA-ZAIN-G-    (0)    1 :  0.003 0.008 0.003 0.005 0.004 0.005 0.003 0.946 0.005 0.003 0.004 0.003 0.008 
 44 TMA-ZAIN-G-    (0)    1 :  0.011 0.006 0.775 0.086 0.009 0.004 0.003 0.005 0.050 0.005 0.024 0.015 0.008 
 45 TMA-ZAIN-G-    (0)    1 :  0.148 0.091 0.006 0.519 0.013 0.010 0.010 0.016 0.016 0.006 0.151 0.008 0.006 
 46 TMA-ZAIN-G-    (0)    1 :  0.003 0.003 0.949 0.005 0.009 0.005 0.003 0.004 0.005 0.004 0.003 0.005 0.003 
 47 TMA-ZAIN-G-    (0)    1 :  0.005 0.004 0.003 0.003 0.014 0.941 0.004 0.004 0.004 0.004 0.006 0.004 0.004 
 48 TMA-ZAIN-G-    (0)    1 :  0.022 0.243 0.022 0.171 0.163 0.193 0.046 0.057 0.014 0.005 0.034 0.011 0.018 
 49 TMA-ZAIN-G-    (9)    1 :  0.027 0.008 0.005 0.011 0.019 0.006 0.011 0.005 0.006 0.012 0.027 0.823 0.042 
 50 TMA-ZAIN-G-    (0)    1 :  0.014 0.058 0.005 0.008 0.006 0.003 0.024 0.009 0.023 0.011 0.006 0.831 0.003 
 51 TMA-ZAIN-G-    (0)    1 :  0.005 0.019 0.007 0.015 0.015 0.016 0.021 0.059 0.008 0.006 0.009 0.814 0.006 
 52 TMA-ZAIN-G-    (0)    1 :  0.012 0.008 0.008 0.009 0.110 0.030 0.022 0.015 0.007 0.006 0.007 0.764 0.003 
 53 TMA-ZAIN-G-    (0)    1 :  0.003 0.009 0.006 0.016 0.063 0.056 0.010 0.031 0.011 0.119 0.005 0.667 0.004 
 54 TMA-ZAIN-G-    (0)    1 :  0.006 0.011 0.004 0.007 0.005 0.922 0.010 0.010 0.004 0.004 0.005 0.008 0.003 
 55 TMA-ZAIN-G-    (0)    1 :  0.010 0.031 0.007 0.009 0.004 0.859 0.024 0.019 0.004 0.004 0.006 0.019 0.003 
 56 TMA-ZAIN-G-    (0)    1 :  0.025 0.207 0.007 0.084 0.397 0.066 0.060 0.035 0.027 0.007 0.032 0.030 0.023 
 57 TMA-ZAIN-G-    (0)    1 :  0.032 0.006 0.003 0.009 0.009 0.862 0.005 0.006 0.011 0.008 0.014 0.028 0.008 
 58 TMA-ZAIN-G-    (0)    1 :  0.015 0.025 0.124 0.008 0.014 0.043 0.324 0.010 0.004 0.048 0.012 0.366 0.006 
 59 TMA-ZAIN-G-    (0)    1 :  0.023 0.029 0.026 0.140 0.039 0.019 0.027 0.010 0.024 0.574 0.054 0.014 0.021 
 60 TMA-ZAIN-G-    (0)    1 :  0.007 0.018 0.010 0.025 0.045 0.020 0.096 0.138 0.007 0.490 0.011 0.126 0.007 
 61 TMA-ZAIN-G-    (0)    1 :  0.003 0.003 0.022 0.004 0.029 0.012 0.007 0.003 0.003 0.896 0.005 0.009 0.003 
 62 TMA-ZAIN-G-    (9)    1 :  0.035 0.029 0.016 0.030 0.003 0.011 0.082 0.007 0.026 0.671 0.061 0.021 0.008 
 63 TMA-ZAIN-G-    (0)    1 :  0.006 0.007 0.007 0.005 0.013 0.014 0.009 0.007 0.003 0.909 0.006 0.012 0.003 
 64 TMA-ZAIN-G-    (0)    1 :  0.004 0.005 0.002 0.007 0.004 0.003 0.003 0.005 0.008 0.002 0.006 0.002 0.948 
 65 TMA-ZAIN-G-    (9)    1 :  0.018 0.008 0.002 0.008 0.005 0.007 0.006 0.007 0.007 0.003 0.038 0.003 0.887 
 66 TMA-ZAIN-G-    (0)    1 :  0.013 0.010 0.003 0.026 0.005 0.004 0.004 0.005 0.015 0.003 0.020 0.003 0.890 
 67 TMA-ZAIN-G-    (0)    1 :  0.020 0.010 0.012 0.041 0.004 0.005 0.013 0.004 0.112 0.004 0.039 0.008 0.729 
 68 TMA-ZAIN-G-    (0)    1 :  0.005 0.006 0.002 0.005 0.004 0.004 0.003 0.007 0.004 0.002 0.005 0.003 0.950 
 69 TMA-ZAIN-G-    (0)    1 :  0.030 0.006 0.026 0.024 0.024 0.008 0.006 0.017 0.034 0.019 0.060 0.022 0.722 
 70 TMA-ZAIN-G-    (0)    1 :  0.010 0.006 0.004 0.031 0.004 0.003 0.004 0.005 0.905 0.003 0.011 0.004 0.011 
 71 TMA-ZAIN-G-    (0)    1 :  0.013 0.005 0.003 0.012 0.004 0.003 0.004 0.003 0.933 0.003 0.010 0.003 0.004 
 72 TMA-ZAIN-G-    (0)    1 :  0.007 0.009 0.004 0.010 0.004 0.006 0.007 0.007 0.915 0.003 0.013 0.004 0.012 
 73 TMA-ZAIN-G-    (0)    1 :  0.008 0.006 0.026 0.006 0.004 0.015 0.022 0.003 0.855 0.017 0.013 0.018 0.005 
 74 TMA-ZAIN-G-    (0)    1 :  0.011 0.005 0.005 0.007 0.003 0.004 0.005 0.003 0.926 0.005 0.016 0.006 0.004 
 75 TMA-ZAIN-G-    (0)    1 :  0.008 0.005 0.003 0.006 0.004 0.007 0.006 0.005 0.931 0.004 0.011 0.005 0.005 
 76 TMA-ZAIN-G-    (0)    1 :  0.009 0.004 0.013 0.013 0.003 0.003 0.004 0.003 0.920 0.004 0.011 0.009 0.005 
 77 TMA-ZAIN-G-    (0)    1 :  0.005 0.006 0.005 0.008 0.008 0.004 0.005 0.005 0.934 0.003 0.007 0.005 0.005 
 78 TMA-ZAIN-G-    (0)    1 :  0.008 0.005 0.011 0.012 0.009 0.006 0.007 0.005 0.901 0.006 0.014 0.011 0.004 
 79 TMA-ZAIN-G-    (0)    1 :  0.006 0.006 0.007 0.014 0.022 0.004 0.005 0.007 0.908 0.004 0.007 0.007 0.004 
 80 TMA-ZAIN-G-    (0)    1 :  0.150 0.013 0.004 0.023 0.005 0.010 0.007 0.004 0.729 0.003 0.029 0.003 0.019 
 81 TMA-ZAIN-G-    (0)    1 :  0.013 0.010 0.005 0.043 0.024 0.005 0.006 0.008 0.853 0.003 0.017 0.006 0.005 
 82 TMA-ZAIN-G-    (0)    1 :  0.046 0.008 0.003 0.075 0.008 0.013 0.006 0.007 0.151 0.005 0.492 0.005 0.179 
 83 TMA-ZAIN-G-    (9)    1 :  0.103 0.009 0.023 0.015 0.005 0.014 0.028 0.005 0.010 0.033 0.718 0.013 0.025 
 84 TMA-ZAIN-G-    (0)    1 :  0.016 0.008 0.011 0.039 0.009 0.004 0.005 0.006 0.874 0.004 0.012 0.007 0.005 
 85 TMA-ZAIN-G-    (0)    1 :  0.003 0.003 0.003 0.004 0.958 0.004 0.004 0.003 0.003 0.004 0.003 0.004 0.003 
 86 TMA-ZAIN-G-    (0)    1 :  0.007 0.008 0.005 0.010 0.929 0.005 0.005 0.003 0.006 0.004 0.011 0.003 0.005 
 87 TMA-ZAIN-G-    (0)    1 :  0.003 0.003 0.005 0.003 0.958 0.003 0.003 0.003 0.003 0.005 0.003 0.004 0.003 
 88 TMA-ZAIN-G-    (0)    1 :  0.096 0.011 0.009 0.027 0.423 0.058 0.008 0.017 0.032 0.181 0.092 0.008 0.036 
 89 TMA-ZAIN-G-    (0)    1 :  0.036 0.009 0.032 0.039 0.335 0.370 0.005 0.038 0.043 0.030 0.028 0.008 0.027 
 90 TMA-ZAIN-G-    (0)    1 :  0.020 0.005 0.004 0.005 0.843 0.042 0.006 0.004 0.004 0.016 0.030 0.007 0.013 
 91 TMA-ZAIN-G-    (0)    1 :  0.008 0.008 0.006 0.014 0.808 0.040 0.019 0.012 0.008 0.049 0.010 0.007 0.011 
 92 TMA-ZAIN-G-    (0)    1 :  0.005 0.010 0.038 0.014 0.517 0.310 0.027 0.012 0.010 0.009 0.009 0.032 0.006 
 93 TMA-ZAIN-G-    (0)    1 :  0.004 0.008 0.015 0.010 0.266 0.480 0.104 0.025 0.007 0.042 0.007 0.027 0.007 
 94 TMA-ZAIN-G-    (0)    1 :  0.004 0.004 0.009 0.005 0.770 0.055 0.016 0.007 0.005 0.107 0.005 0.010 0.005 
 95 TMA-ZAIN-G-    (0)    1 :  0.006 0.011 0.006 0.006 0.005 0.004 0.900 0.014 0.009 0.007 0.004 0.022 0.006 
 96 TMA-ZAIN-G-    (0)    1 :  0.013 0.041 0.006 0.006 0.008 0.005 0.845 0.019 0.003 0.006 0.007 0.039 0.004 
 97 TMA-ZAIN-G-    (0)    1 :  0.004 0.005 0.006 0.010 0.008 0.014 0.005 0.008 0.015 0.893 0.004 0.021 0.007 
 98 TMA-ZAIN-G-    (0)    1 :  0.004 0.004 0.004 0.009 0.007 0.011 0.003 0.006 0.014 0.923 0.004 0.005 0.005 
 99 TMA-ZAIN-G-    (0)    1 :  0.018 0.027 0.015 0.092 0.005 0.003 0.007 0.007 0.007 0.686 0.113 0.006 0.015 
100 TMA-ZAIN-G-    (0)    1 :  0.003 0.003 0.015 0.006 0.031 0.025 0.007 0.007 0.006 0.863 0.005 0.025 0.005 
101 TMA-ZAIN-G-    (0)    1 :  0.006 0.004 0.006 0.025 0.004 0.013 0.005 0.006 0.010 0.897 0.007 0.010 0.006 
102 TMA-ZAIN-G-    (0)    1 :  0.058 0.035 0.220 0.021 0.038 0.009 0.024 0.035 0.016 0.378 0.018 0.136 0.012 
103 TMA-ZAIN-G-    (0)    1 :  0.020 0.013 0.016 0.014 0.028 0.006 0.016 0.008 0.008 0.783 0.023 0.058 0.006 
104 TMA-ZAIN-G-    (0)    1 :  0.004 0.004 0.006 0.003 0.003 0.005 0.005 0.004 0.003 0.949 0.004 0.007 0.002 
105 TMA-ZAIN-G-    (0)    1 :  0.028 0.015 0.008 0.017 0.040 0.006 0.020 0.008 0.008 0.794 0.024 0.026 0.006 
106 TMA-ZAIN-G-    (0)    1 :  0.111 0.325 0.003 0.217 0.008 0.006 0.007 0.125 0.107 0.004 0.032 0.005 0.050 
107 TMA-ZAIN-G-    (0)    1 :  0.426 0.021 0.003 0.262 0.007 0.008 0.006 0.014 0.112 0.005 0.115 0.005 0.016 
108 TMA-ZAIN-G-    (9)    1 :  0.010 0.021 0.043 0.040 0.042 0.013 0.012 0.027 0.016 0.135 0.558 0.077 0.006 
109 TMA-ZAIN-G-    (0)    1 :  0.165 0.133 0.006 0.015 0.016 0.057 0.060 0.025 0.009 0.274 0.101 0.009 0.131 
110 TMA-ZAIN-G-    (0)    1 :  0.109 0.091 0.131 0.261 0.022 0.017 0.027 0.019 0.022 0.057 0.133 0.103 0.008 
111 TMA-ZAIN-G-    (9)    1 :  0.121 0.012 0.094 0.018 0.007 0.020 0.026 0.004 0.048 0.441 0.120 0.079 0.011 
112 TMA-ZAIN-G-    (0)    1 :  0.100 0.172 0.058 0.089 0.014 0.026 0.061 0.035 0.021 0.234 0.072 0.101 0.018 
113 TMA-ZAIN-G-    (0)    1 :  0.015 0.005 0.009 0.015 0.006 0.020 0.004 0.006 0.023 0.870 0.011 0.004 0.011 
114 TMA-ZAIN-G-    (0)    1 :  0.004 0.002 0.010 0.003 0.007 0.004 0.005 0.002 0.003 0.949 0.004 0.005 0.003 
115 TMA-ZAIN-G-    (0)    1 :  0.004 0.003 0.005 0.003 0.003 0.005 0.005 0.004 0.004 0.954 0.004 0.004 0.003 
116 TMA-ZAIN-G-    (0)    1 :  0.193 0.009 0.003 0.009 0.005 0.012 0.006 0.005 0.011 0.005 0.730 0.004 0.009 
117 TMA-ZAIN-G-    (0)    1 :  0.028 0.084 0.003 0.041 0.034 0.035 0.030 0.058 0.084 0.006 0.425 0.007 0.164 
118 TMA-ZAIN-G-    (0)    1 :  0.228 0.013 0.003 0.008 0.006 0.009 0.010 0.016 0.012 0.005 0.665 0.005 0.019 
119 TMA-ZAIN-G-    (0)    1 :  0.193 0.007 0.014 0.011 0.004 0.010 0.016 0.005 0.041 0.018 0.643 0.015 0.022 
120 TMA-ZAIN-G-    (0)    1 :  0.156 0.018 0.003 0.013 0.013 0.010 0.014 0.044 0.017 0.007 0.683 0.008 0.014 
121 TMA-ZAIN-G-    (0)    1 :  0.018 0.020 0.003 0.010 0.006 0.009 0.012 0.009 0.013 0.005 0.859 0.004 0.034 
122 TMA-ZAIN-G-    (0)    1 :  0.039 0.038 0.005 0.060 0.053 0.009 0.030 0.010 0.020 0.004 0.711 0.005 0.016 
123 TMA-ZAIN-G-    (0)    1 :  0.005 0.005 0.008 0.005 0.010 0.005 0.007 0.012 0.005 0.916 0.006 0.013 0.004 
124 TMA-ZAIN-G-    (0)    1 :  0.009 0.925 0.003 0.011 0.008 0.004 0.006 0.008 0.004 0.005 0.010 0.005 0.004 
125 TMA-ZAIN-G-    (0)    1 :  0.007 0.830 0.002 0.006 0.007 0.072 0.005 0.020 0.008 0.002 0.007 0.004 0.029 
126 TMA-ZAIN-G-    (0)    1 :  0.019 0.896 0.003 0.008 0.007 0.008 0.004 0.030 0.004 0.004 0.008 0.004 0.004 
127 TMA-ZAIN-G-    (0)    1 :  0.013 0.926 0.003 0.012 0.006 0.004 0.004 0.010 0.004 0.003 0.007 0.003 0.006 
128 TMA-ZAIN-G-    (0)    1 :  0.009 0.876 0.003 0.019 0.007 0.007 0.012 0.008 0.006 0.004 0.025 0.003 0.021 
129 TMA-ZAIN-G-    (0)    1 :  0.007 0.918 0.003 0.010 0.007 0.005 0.005 0.013 0.005 0.006 0.011 0.004 0.006 
130 TMA-ZAIN-G-    (0)    1 :  0.024 0.817 0.003 0.007 0.007 0.040 0.007 0.054 0.007 0.006 0.017 0.005 0.007 
131 TMA-ZAIN-G-    (0)    1 :  0.008 0.921 0.003 0.010 0.010 0.004 0.008 0.010 0.004 0.004 0.009 0.005 0.004 
132 TMA-ZAIN-G-    (0)    1 :  0.015 0.785 0.003 0.024 0.007 0.034 0.010 0.016 0.011 0.004 0.035 0.003 0.052 
133 TMA-ZAIN-G-    (0)    1 :  0.081 0.409 0.013 0.027 0.049 0.025 0.012 0.157 0.101 0.003 0.018 0.017 0.088 
134 TMA-ZAIN-G-    (0)    1 :  0.166 0.245 0.007 0.022 0.040 0.022 0.005 0.347 0.060 0.003 0.011 0.007 0.065 
135 TMA-ZAIN-G-    (0)    1 :  0.672 0.047 0.005 0.090 0.031 0.013 0.003 0.020 0.037 0.004 0.050 0.005 0.024 
136 TMA-ZAIN-G-    (0)    1 :  0.075 0.042 0.006 0.063 0.005 0.014 0.008 0.006 0.029 0.005 0.176 0.004 0.567 
137 TMA-ZAIN-G-    (0)    1 :  0.907 0.008 0.006 0.012 0.014 0.005 0.003 0.005 0.015 0.004 0.012 0.005 0.004 
138 TMA-ZAIN-G-    (0)    1 :  0.389 0.328 0.003 0.075 0.004 0.021 0.003 0.037 0.014 0.004 0.104 0.003 0.015 
139 TMA-ZAIN-G-    (0)    1 :  0.571 0.109 0.004 0.033 0.010 0.086 0.003 0.024 0.031 0.004 0.104 0.004 0.016 
140 TMA-ZAIN-G-    (0)    1 :  0.215 0.028 0.004 0.512 0.005 0.004 0.008 0.006 0.017 0.003 0.186 0.004 0.008 
141 TMA-ZAIN-G-    (0)    1 :  0.056 0.019 0.003 0.755 0.011 0.005 0.006 0.018 0.038 0.005 0.072 0.005 0.006 
142 TMA-ZAIN-G-    (9)    1 :  0.198 0.016 0.003 0.529 0.006 0.004 0.006 0.006 0.021 0.003 0.194 0.003 0.010 
143 TMA-ZAIN-G-    (0)    1 :  0.137 0.076 0.003 0.283 0.007 0.005 0.009 0.011 0.013 0.004 0.437 0.005 0.012 
144 TMA-ZAIN-G-    (0)    1 :  0.376 0.138 0.008 0.077 0.016 0.031 0.028 0.014 0.009 0.004 0.281 0.012 0.006 
145 TMA-ZAIN-G-    (0)    1 :  0.503 0.023 0.002 0.051 0.006 0.017 0.007 0.006 0.063 0.003 0.073 0.003 0.243 
146 TMA-ZAIN-G-    (0)    1 :  0.009 0.005 0.002 0.929 0.004 0.003 0.003 0.005 0.018 0.003 0.011 0.003 0.005 
147 TMA-ZAIN-G-    (9)    1 :  0.009 0.006 0.003 0.929 0.004 0.003 0.004 0.004 0.011 0.003 0.014 0.003 0.008 
148 TMA-ZAIN-G-    (0)    1 :  0.008 0.017 0.003 0.897 0.004 0.013 0.003 0.030 0.009 0.003 0.007 0.003 0.004 
149 TMA-ZAIN-G-    (0)    1 :  0.013 0.029 0.014 0.756 0.026 0.043 0.014 0.018 0.010 0.018 0.044 0.009 0.005 
150 TMA-ZAIN-G-    (0)    1 :  0.042 0.015 0.011 0.408 0.013 0.078 0.013 0.015 0.018 0.025 0.264 0.008 0.092 
151 TMA-ZAIN-G-    (0)    1 :  0.815 0.046 0.002 0.009 0.003 0.004 0.006 0.022 0.006 0.003 0.072 0.003 0.007 
152 TMA-ZAIN-G-    (0)    1 :  0.689 0.009 0.002 0.010 0.003 0.005 0.005 0.013 0.005 0.004 0.246 0.003 0.006 
153 TMA-ZAIN-G-    (0)    1 :  0.777 0.062 0.003 0.037 0.004 0.011 0.004 0.023 0.011 0.003 0.050 0.003 0.013 
154 TMA-ZAIN-G-    (0)    1 :  0.907 0.006 0.002 0.007 0.004 0.004 0.003 0.004 0.004 0.003 0.048 0.003 0.005 
155 TMA-ZAIN-G-    (0)    1 :  0.929 0.008 0.003 0.014 0.005 0.003 0.003 0.006 0.006 0.004 0.010 0.003 0.006 
156 TMA-ZAIN-G-    (9)    1 :  0.786 0.038 0.003 0.020 0.003 0.009 0.004 0.061 0.004 0.006 0.059 0.005 0.003 
157 TMA-ZAIN-G-    (0)    1 :  0.691 0.042 0.003 0.086 0.005 0.005 0.004 0.112 0.007 0.005 0.030 0.004 0.006 
158 TMA-ZAIN-G-    (0)    1 :  0.655 0.010 0.004 0.034 0.004 0.004 0.006 0.004 0.021 0.003 0.246 0.006 0.005 
159 TMA-ZAIN-G-    (0)    1 :  0.598 0.008 0.003 0.094 0.004 0.005 0.004 0.005 0.182 0.005 0.074 0.004 0.015 
160 TMA-ZAIN-G-    (0)    1 :  0.619 0.005 0.002 0.026 0.004 0.007 0.004 0.004 0.155 0.005 0.145 0.003 0.021 
161 TMA-ZAIN-G-    (0)    1 :  0.582 0.132 0.003 0.085 0.008 0.025 0.007 0.027 0.019 0.004 0.095 0.006 0.008 
162 TMA-ZAIN-G-    (0)    1 :  0.895 0.006 0.012 0.006 0.011 0.011 0.011 0.003 0.006 0.017 0.013 0.006 0.005 
163 TMA-ZAIN-G-    (0)    1 :  0.933 0.006 0.002 0.007 0.003 0.003 0.003 0.003 0.005 0.003 0.027 0.002 0.004 
164 TMA-ZAIN-G-    (0)    1 :  0.484 0.007 0.005 0.020 0.011 0.008 0.006 0.004 0.007 0.005 0.433 0.004 0.008 
165 TMA-ZAIN-G-    (0)    1 :  0.651 0.007 0.003 0.024 0.003 0.003 0.004 0.004 0.010 0.004 0.277 0.003 0.007 
166 TMA-ZAIN-G-    (0)    1 :  0.704 0.030 0.002 0.117 0.006 0.010 0.004 0.006 0.039 0.003 0.065 0.003 0.012 
167 TMA-ZAIN-G-    (0)    1 :  0.032 0.016 0.004 0.747 0.008 0.004 0.007 0.007 0.099 0.005 0.061 0.006 0.004 
168 TMA-ZAIN-G-    (0)    1 :  0.007 0.007 0.003 0.588 0.006 0.005 0.004 0.026 0.213 0.005 0.119 0.005 0.013 
169 TMA-ZAIN-G-    (0)    1 :  0.016 0.007 0.003 0.513 0.005 0.005 0.004 0.005 0.236 0.003 0.123 0.003 0.078 
170 TMA-ZAIN-G-    (0)    1 :  0.053 0.062 0.012 0.567 0.005 0.004 0.008 0.062 0.066 0.016 0.085 0.041 0.020 
171 TMA-ZAIN-G-    (0)    1 :  0.012 0.004 0.003 0.579 0.005 0.004 0.003 0.004 0.257 0.003 0.103 0.003 0.021 
172 TMA-ZAIN-G-    (0)    1 :  0.027 0.204 0.003 0.686 0.005 0.003 0.005 0.018 0.016 0.003 0.018 0.006 0.005 
173 TMA-ZAIN-G-    (0)    1 :  0.018 0.447 0.004 0.426 0.007 0.004 0.008 0.023 0.020 0.003 0.025 0.007 0.006 
174 TMA-ZAIN-G-    (0)    1 :  0.085 0.387 0.003 0.329 0.005 0.009 0.006 0.005 0.030 0.003 0.070 0.003 0.064 
175 TMA-ZAIN-G-    (0)    1 :  0.012 0.005 0.003 0.678 0.005 0.004 0.003 0.005 0.233 0.003 0.039 0.003 0.007 
176 TMA-ZAIN-G-    (0)    1 :  0.020 0.006 0.003 0.839 0.005 0.003 0.003 0.005 0.083 0.003 0.023 0.003 0.005 
177 TMA-ZAIN-G-    (0)    1 :  0.010 0.006 0.003 0.912 0.004 0.003 0.003 0.009 0.015 0.003 0.024 0.004 0.003 
178 TMA-ZAIN-G-    (0)    1 :  0.024 0.062 0.004 0.754 0.004 0.004 0.006 0.043 0.014 0.005 0.071 0.006 0.004 
179 TMA-ZAIN-G-    (0)    1 :  0.021 0.013 0.002 0.884 0.004 0.004 0.005 0.014 0.008 0.003 0.033 0.004 0.006 
180 TMA-ZAIN-G-    (0)    1 :  0.016 0.716 0.007 0.053 0.037 0.011 0.011 0.020 0.006 0.004 0.048 0.005 0.065 
181 TMA-ZAIN-G-    (0)    1 :  0.076 0.674 0.003 0.013 0.004 0.004 0.004 0.178 0.014 0.005 0.017 0.004 0.006 
182 TMA-ZAIN-G-    (0)    1 :  0.041 0.720 0.003 0.053 0.006 0.005 0.005 0.134 0.006 0.007 0.014 0.005 0.003 
183 TMA-ZAIN-G-    (0)    1 :  0.022 0.667 0.003 0.021 0.004 0.003 0.004 0.196 0.009 0.004 0.055 0.004 0.006 
184 TMA-ZAIN-G-    (0)    1 :  0.053 0.740 0.014 0.018 0.022 0.018 0.016 0.035 0.013 0.027 0.024 0.011 0.009 
185 TMA-ZAIN-G-    (0)    1 :  0.011 0.839 0.020 0.009 0.012 0.020 0.041 0.004 0.007 0.012 0.009 0.011 0.005 
186 TMA-ZAIN-G-    (9)    1 :  0.013 0.911 0.005 0.011 0.005 0.005 0.011 0.005 0.010 0.004 0.008 0.006 0.005 
187 TMA-ZAIN-G-    (0)    1 :  0.063 0.780 0.003 0.022 0.004 0.003 0.006 0.026 0.059 0.004 0.008 0.005 0.017 
188 TMA-ZAIN-G-    (0)    1 :  0.022 0.845 0.002 0.006 0.003 0.004 0.005 0.007 0.058 0.003 0.020 0.003 0.022 
189 TMA-ZAIN-G-    (0)    1 :  0.007 0.942 0.002 0.008 0.003 0.002 0.003 0.008 0.005 0.002 0.005 0.003 0.008 
190 TMA-ZAIN-G-    (0)    1 :  0.009 0.563 0.003 0.108 0.004 0.005 0.008 0.094 0.051 0.003 0.120 0.007 0.027 
191 TMA-ZAIN-G-    (0)    1 :  0.008 0.872 0.020 0.014 0.016 0.010 0.011 0.005 0.011 0.012 0.009 0.008 0.005 
192 TMA-ZAIN-G-    (0)    1 :  0.016 0.865 0.013 0.010 0.022 0.005 0.003 0.024 0.020 0.004 0.006 0.008 0.005 
193 TMA-ZAIN-G-    (0)    1 :  0.003 0.005 0.002 0.003 0.004 0.005 0.003 0.960 0.003 0.002 0.003 0.003 0.004 
194 TMA-ZAIN-G-    (0)    1 :  0.004 0.072 0.006 0.009 0.005 0.013 0.018 0.837 0.007 0.002 0.006 0.010 0.011 
195 TMA-ZAIN-G-    (0)    1 :  0.006 0.044 0.002 0.041 0.004 0.006 0.005 0.799 0.027 0.003 0.022 0.010 0.032 
196 TMA-ZAIN-G-    (0)    1 :  0.006 0.013 0.003 0.005 0.004 0.006 0.006 0.928 0.004 0.003 0.007 0.003 0.011 
197 TMA-ZAIN-G-    (0)    1 :  0.007 0.010 0.003 0.009 0.007 0.005 0.005 0.922 0.008 0.003 0.008 0.004 0.010 
198 TMA-ZAIN-G-    (0)    1 :  0.009 0.010 0.003 0.012 0.004 0.004 0.003 0.926 0.008 0.003 0.008 0.003 0.007 
199 TMA-ZAIN-G-    (0)    1 :  0.012 0.923 0.004 0.010 0.004 0.006 0.008 0.006 0.008 0.003 0.008 0.005 0.004 
200 TMA-ZAIN-G-    (0)    1 :  0.002 0.004 0.764 0.004 0.006 0.004 0.017 0.044 0.003 0.018 0.004 0.126 0.004 
201 TMA-ZAIN-G-    (0)    1 :  0.003 0.003 0.907 0.005 0.006 0.004 0.010 0.003 0.004 0.008 0.004 0.036 0.006 
202 TMA-ZAIN-G-    (0)    1 :  0.006 0.009 0.844 0.009 0.004 0.003 0.008 0.040 0.003 0.020 0.007 0.043 0.004 
203 TMA-ZAIN-G-    (0)    1 :  0.027 0.054 0.003 0.031 0.005 0.005 0.006 0.800 0.011 0.022 0.029 0.004 0.004 
204 TMA-ZAIN-G-    (9)    1 :  0.006 0.007 0.767 0.023 0.072 0.027 0.006 0.007 0.018 0.005 0.007 0.045 0.009 
205 TMA-ZAIN-G-    (0)    1 :  0.088 0.008 0.707 0.014 0.024 0.014 0.005 0.007 0.013 0.007 0.029 0.078 0.006 
206 TMA-ZAIN-G-    (9)    1 :  0.006 0.016 0.581 0.023 0.155 0.013 0.010 0.050 0.008 0.012 0.017 0.099 0.009 
207 TMA-ZAIN-G-    (9)    1 :  0.109 0.016 0.008 0.012 0.049 0.041 0.052 0.008 0.016 0.009 0.621 0.019 0.041 
208 TMA-ZAIN-G-    (0)    1 :  0.050 0.018 0.003 0.167 0.002 0.005 0.008 0.003 0.015 0.003 0.685 0.003 0.038 
209 TMA-ZAIN-G-    (0)    1 :  0.119 0.228 0.002 0.146 0.010 0.073 0.004 0.275 0.083 0.003 0.036 0.004 0.017 
210 TMA-ZAIN-G-    (0)    1 :  0.086 0.103 0.003 0.240 0.015 0.015 0.009 0.344 0.067 0.004 0.022 0.005 0.089 
211 TMA-ZAIN-G-    (0)    1 :  0.045 0.316 0.018 0.338 0.009 0.014 0.019 0.092 0.053 0.010 0.037 0.024 0.024 
212 TMA-ZAIN-G-    (0)    1 :  0.052 0.163 0.004 0.614 0.014 0.006 0.009 0.019 0.006 0.003 0.093 0.004 0.013 
213 TMA-ZAIN-G-    (0)    1 :  0.328 0.159 0.004 0.400 0.004 0.007 0.005 0.030 0.029 0.003 0.018 0.005 0.006 
214 TMA-ZAIN-G-    (0)    1 :  0.265 0.428 0.003 0.087 0.004 0.008 0.004 0.039 0.061 0.003 0.033 0.005 0.058 
215 TMA-ZAIN-G-    (0)    1 :  0.061 0.131 0.008 0.259 0.003 0.002 0.005 0.005 0.062 0.003 0.161 0.296 0.006 
216 TMA-ZAIN-G-    (0)    1 :  0.037 0.835 0.005 0.050 0.005 0.009 0.006 0.012 0.013 0.003 0.015 0.006 0.005 
217 TMA-ZAIN-G-    (0)    1 :  0.091 0.192 0.003 0.293 0.007 0.009 0.003 0.094 0.115 0.004 0.022 0.004 0.165 
218 TMA-ZAIN-G-    (0)    1 :  0.007 0.008 0.004 0.006 0.004 0.005 0.013 0.004 0.005 0.006 0.006 0.925 0.008 
219 TMA-ZAIN-G-    (0)    1 :  0.004 0.005 0.006 0.004 0.011 0.008 0.007 0.004 0.004 0.005 0.004 0.932 0.004 
220 TMA-ZAIN-G-    (0)    1 :  0.015 0.007 0.005 0.008 0.010 0.007 0.070 0.006 0.008 0.027 0.092 0.732 0.013 
221 TMA-ZAIN-G-    (0)    1 :  0.008 0.020 0.013 0.012 0.011 0.005 0.009 0.006 0.007 0.004 0.008 0.892 0.005 
222 TMA-ZAIN-G-    (0)    1 :  0.012 0.008 0.006 0.008 0.018 0.008 0.005 0.005 0.007 0.016 0.013 0.883 0.010 
223 TMA-ZAIN-G-    (0)    1 :  0.004 0.004 0.008 0.005 0.012 0.005 0.015 0.003 0.005 0.006 0.006 0.921 0.005 
224 TMA-ZAIN-G-    (0)    1 :  0.006 0.020 0.010 0.008 0.107 0.008 0.010 0.008 0.006 0.012 0.005 0.796 0.005 
225 TMA-ZAIN-G-    (0)    1 :  0.003 0.005 0.007 0.005 0.005 0.004 0.010 0.010 0.003 0.009 0.004 0.933 0.002 
226 TMA-ZAIN-G-    (0)    1 :  0.007 0.008 0.007 0.009 0.009 0.005 0.011 0.022 0.008 0.011 0.008 0.889 0.006 
227 TMA-ZAIN-G-    (0)    1 :  0.009 0.007 0.012 0.011 0.005 0.004 0.007 0.017 0.007 0.010 0.008 0.900 0.004 
228 TMA-ZAIN-G-    (0)    1 :  0.014 0.008 0.013 0.021 0.018 0.005 0.017 0.008 0.027 0.012 0.019 0.830 0.008 
229 TMA-ZAIN-G-    (0)    1 :  0.003 0.003 0.020 0.004 0.007 0.006 0.009 0.003 0.003 0.014 0.004 0.916 0.007 
230 TMA-ZAIN-G-    (0)    1 :  0.006 0.027 0.006 0.071 0.281 0.010 0.013 0.013 0.032 0.028 0.010 0.491 0.012 
231 TMA-ZAIN-G-    (0)    1 :  0.033 0.010 0.368 0.019 0.053 0.013 0.016 0.010 0.022 0.111 0.028 0.308 0.010 
232 TMA-ZAIN-G-    (9)    1 :  0.010 0.032 0.420 0.014 0.019 0.009 0.005 0.008 0.010 0.204 0.012 0.222 0.036 
233 TMA-ZAIN-G-    (0)    1 :  0.016 0.014 0.012 0.017 0.019 0.012 0.013 0.007 0.027 0.005 0.008 0.802 0.047 
234 TMA-ZAIN-G-    (0)    1 :  0.007 0.004 0.036 0.005 0.005 0.030 0.009 0.011 0.005 0.169 0.011 0.699 0.007 
235 TMA-ZAIN-G-    (0)    1 :  0.015 0.032 0.018 0.009 0.029 0.009 0.038 0.023 0.057 0.117 0.014 0.636 0.005 
236 TMA-ZAIN-G-    (0)    1 :  0.012 0.009 0.017 0.016 0.044 0.004 0.006 0.024 0.011 0.028 0.014 0.807 0.007 
237 TMA-ZAIN-G-    (0)    1 :  0.021 0.013 0.010 0.125 0.099 0.005 0.016 0.007 0.169 0.123 0.019 0.384 0.009 
238 TMA-ZAIN-G-    (0)    1 :  0.036 0.018 0.018 0.025 0.006 0.003 0.006 0.005 0.028 0.033 0.024 0.794 0.005 
239 TMA-ZAIN-G-    (0)    1 :  0.003 0.041 0.737 0.004 0.025 0.032 0.003 0.100 0.003 0.004 0.018 0.012 0.018 
240 TMA-ZAIN-G-    (0)    1 :  0.003 0.003 0.945 0.005 0.009 0.007 0.003 0.004 0.005 0.004 0.003 0.007 0.003 
241 TMA-ZAIN-G-    (0)    1 :  0.007 0.004 0.930 0.011 0.005 0.005 0.002 0.004 0.012 0.004 0.005 0.006 0.004 
242 TMA-ZAIN-G-    (0)    1 :  0.007 0.004 0.944 0.007 0.003 0.004 0.004 0.003 0.006 0.003 0.006 0.004 0.005 
243 TMA-ZAIN-G-    (0)    1 :  0.007 0.005 0.917 0.017 0.005 0.005 0.003 0.004 0.013 0.003 0.007 0.005 0.008 
244 TMA-ZAIN-G-    (0)    1 :  0.014 0.005 0.911 0.014 0.003 0.004 0.003 0.003 0.014 0.004 0.013 0.004 0.008 
245 TMA-ZAIN-G-    (9)    1 :  0.003 0.003 0.960 0.004 0.004 0.003 0.003 0.002 0.003 0.003 0.003 0.005 0.002 
246 TMA-ZAIN-G-    (0)    1 :  0.003 0.003 0.961 0.003 0.004 0.003 0.004 0.003 0.003 0.003 0.003 0.005 0.003 
247 TMA-ZAIN-G-    (0)    1 :  0.004 0.004 0.952 0.005 0.004 0.004 0.005 0.002 0.003 0.002 0.006 0.004 0.005 
248 TMA-ZAIN-G-    (0)    1 :  0.006 0.006 0.930 0.008 0.004 0.003 0.004 0.010 0.006 0.004 0.008 0.007 0.004 
249 TMA-ZAIN-G-    (0)    1 :  0.003 0.005 0.950 0.004 0.005 0.003 0.004 0.007 0.003 0.003 0.004 0.005 0.003 
250 TMA-ZAIN-G-    (0)    1 :  0.003 0.005 0.951 0.004 0.005 0.003 0.005 0.004 0.003 0.003 0.005 0.006 0.006 
251 TMA-ZAIN-G-    (0)    1 :  0.004 0.004 0.003 0.004 0.009 0.944 0.006 0.005 0.003 0.005 0.005 0.005 0.004 
252 TMA-ZAIN-G-    (0)    1 :  0.009 0.005 0.003 0.023 0.004 0.855 0.003 0.005 0.023 0.003 0.040 0.006 0.022 
253 TMA-ZAIN-G-    (0)    1 :  0.010 0.004 0.004 0.004 0.005 0.942 0.003 0.004 0.004 0.005 0.008 0.003 0.005 
254 TMA-ZAIN-G-    (9)    1 :  0.019 0.007 0.003 0.011 0.006 0.889 0.006 0.005 0.007 0.007 0.026 0.004 0.010 
255 TMA-ZAIN-G-    (0)    1 :  0.006 0.005 0.015 0.005 0.004 0.928 0.003 0.004 0.004 0.009 0.007 0.003 0.007 
256 TMA-ZAIN-G-    (0)    1 :  0.008 0.008 0.010 0.010 0.019 0.879 0.004 0.028 0.007 0.008 0.008 0.006 0.005 
257 TMA-ZAIN-G-    (0)    1 :  0.003 0.004 0.004 0.004 0.014 0.934 0.003 0.015 0.004 0.004 0.003 0.005 0.003 
258 TMA-ZAIN-G-    (0)    1 :  0.003 0.003 0.003 0.003 0.006 0.958 0.003 0.005 0.003 0.003 0.004 0.003 0.004 
259 TMA-ZAIN-G-    (0)    1 :  0.003 0.004 0.005 0.004 0.024 0.930 0.004 0.005 0.003 0.003 0.003 0.004 0.005 
260 TMA-ZAIN-G-    (0)    1 :  0.003 0.004 0.005 0.005 0.014 0.933 0.006 0.006 0.004 0.003 0.004 0.004 0.009 
261 TMA-ZAIN-G-   (18)    1 :  0.005 0.007 0.005 0.006 0.023 0.902 0.013 0.008 0.004 0.005 0.007 0.005 0.011 
262 TMA-ZAIN-G-    (0)    1 :  0.003 0.003 0.003 0.003 0.007 0.953 0.003 0.006 0.003 0.004 0.003 0.004 0.003 
263 TMA-ZAIN-G-    (0)    1 :  0.004 0.003 0.004 0.003 0.008 0.950 0.004 0.004 0.003 0.005 0.005 0.004 0.003 
264 TMA-ZAIN-G-    (0)    1 :  0.004 0.004 0.004 0.004 0.007 0.946 0.004 0.005 0.004 0.006 0.005 0.004 0.004 
265 TMA-ZAIN-G-    (0)    1 :  0.022 0.020 0.011 0.064 0.419 0.124 0.021 0.010 0.009 0.010 0.017 0.251 0.021 
266 TMA-ZAIN-G-    (0)    1 :  0.026 0.096 0.008 0.026 0.018 0.606 0.076 0.049 0.011 0.009 0.045 0.012 0.018 
267 TMA-ZAIN-G-    (0)    1 :  0.006 0.009 0.320 0.026 0.243 0.161 0.134 0.008 0.015 0.024 0.022 0.019 0.013 
268 TMA-ZAIN-G-    (0)    1 :  0.004 0.003 0.875 0.005 0.009 0.004 0.009 0.003 0.004 0.071 0.004 0.006 0.004 
269 TMA-ZAIN-G-    (0)    1 :  0.005 0.005 0.627 0.008 0.084 0.005 0.026 0.004 0.007 0.195 0.007 0.022 0.005 
270 TMA-ZAIN-G-    (0)    1 :  0.004 0.004 0.686 0.006 0.155 0.006 0.013 0.004 0.006 0.087 0.007 0.019 0.004 
271 TMA-ZAIN-G-    (0)    1 :  0.005 0.004 0.891 0.006 0.024 0.005 0.011 0.003 0.004 0.031 0.006 0.007 0.003 
272 TMA-ZAIN-G-    (0)    1 :  0.004 0.005 0.832 0.005 0.034 0.004 0.020 0.003 0.005 0.027 0.005 0.051 0.003 
273 TMA-ZAIN-G-    (0)    1 :  0.003 0.003 0.898 0.003 0.009 0.004 0.007 0.003 0.003 0.017 0.003 0.045 0.002 
274 TMA-ZAIN-G-    (0)    1 :  0.010 0.026 0.790 0.010 0.009 0.009 0.022 0.049 0.014 0.027 0.005 0.020 0.009 
275 TMA-ZAIN-G-    (0)    1 :  0.004 0.004 0.950 0.004 0.003 0.002 0.006 0.003 0.003 0.006 0.003 0.009 0.002 
276 TMA-ZAIN-G-    (0)    1 :  0.004 0.003 0.951 0.004 0.005 0.002 0.003 0.002 0.004 0.008 0.004 0.005 0.003 
277 TMA-ZAIN-G-    (0)    1 :  0.003 0.003 0.936 0.004 0.004 0.006 0.005 0.005 0.006 0.011 0.005 0.006 0.005 
278 TMA-ZAIN-G-    (0)    1 :  0.003 0.003 0.948 0.003 0.009 0.005 0.005 0.003 0.003 0.005 0.003 0.006 0.003 
279 TMA-ZAIN-G-    (0)    1 :  0.005 0.006 0.921 0.005 0.004 0.004 0.014 0.006 0.004 0.010 0.004 0.014 0.003 
280 TMA-ZAIN-G-    (0)    1 :  0.006 0.010 0.711 0.007 0.007 0.003 0.014 0.008 0.003 0.093 0.005 0.128 0.003 
281 TMA-ZAIN-G-    (0)    1 :  0.004 0.005 0.896 0.005 0.009 0.004 0.008 0.006 0.004 0.036 0.005 0.014 0.003 
282 TMA-ZAIN-G-    (9)    1 :  0.003 0.003 0.938 0.004 0.006 0.005 0.007 0.003 0.003 0.016 0.003 0.006 0.003 
283 TMA-ZAIN-G-    (0)    1 :  0.014 0.010 0.600 0.006 0.033 0.105 0.081 0.004 0.011 0.063 0.017 0.053 0.005 
284 TMA-ZAIN-G-    (0)    1 :  0.017 0.013 0.444 0.008 0.050 0.110 0.088 0.006 0.007 0.141 0.016 0.096 0.003 
285 TMA-ZAIN-G-    (0)    1 :  0.017 0.023 0.782 0.004 0.007 0.029 0.027 0.011 0.034 0.022 0.008 0.018 0.019 
286 TMA-ZAIN-G-    (0)    1 :  0.003 0.003 0.895 0.004 0.013 0.007 0.015 0.003 0.003 0.036 0.005 0.010 0.003 
287 TMA-ZAIN-G-    (0)    1 :  0.006 0.012 0.874 0.006 0.007 0.006 0.016 0.013 0.015 0.023 0.004 0.008 0.010 
288 TMA-ZAIN-G-    (0)    1 :  0.012 0.034 0.481 0.013 0.009 0.015 0.230 0.051 0.018 0.070 0.007 0.051 0.008 
289 TMA-ZAIN-G-    (0)    1 :  0.009 0.017 0.804 0.010 0.012 0.011 0.033 0.026 0.025 0.022 0.006 0.013 0.014 
290 TMA-ZAIN-G-    (0)    1 :  0.009 0.010 0.402 0.010 0.008 0.007 0.084 0.010 0.004 0.413 0.009 0.032 0.003 
291 TMA-ZAIN-G-    (0)    1 :  0.006 0.005 0.011 0.004 0.009 0.008 0.041 0.004 0.004 0.012 0.005 0.887 0.004 
292 TMA-ZAIN-G-    (0)    1 :  0.082 0.040 0.015 0.663 0.008 0.004 0.009 0.019 0.081 0.010 0.035 0.026 0.007 
