

----------------------------------------------------
STRUCTURE by Pritchard, Stephens and Donnelly (2000)
     and Falush, Stephens and Pritchard (2003)
       Code by Pritchard, Falush and Hubisz
             Version 2.3.4 (Jul 2012)
----------------------------------------------------



Command line arguments:   bin\structure -m C:\Users\eschumacher\Documents\GitHub\GCC_QUAC_ZAIN\Data_Files\Structure_Files\ZAIN\ZAIN_rebinned_allpop_str\50-50\mainparams -e C:\Users\eschumacher\Documents\GitHub\GCC_QUAC_ZAIN\Data_Files\Structure_Files\ZAIN\ZAIN_rebinned_allpop_str\50-50\extraparams 
Input File:    C:\Users\eschumacher\Documents\GitHub\GCC_QUAC_ZAIN\Data_Files\Structure_Files\ZAIN\ZAIN_rebinned_allpop_str\project_data

Run parameters:
   1133 individuals
   11 loci
   17 populations assumed
   50000 Burn-in period
   50000 Reps


--------------------------------------------
Proportion of membership of each pre-defined
 population in each of the 17 clusters

Given    Inferred Clusters                                                                                                         Number of
 Pop       1      2      3      4      5      6      7      8      9     10     11     12     13     14     15     16     17      Individuals

  1:     0.043  0.024  0.052  0.044  0.059  0.055  0.064  0.079  0.031  0.138  0.065  0.049  0.087  0.056  0.041  0.071  0.044      303
  2:     0.014  0.046  0.020  0.098  0.056  0.027  0.066  0.053  0.021  0.104  0.122  0.030  0.064  0.054  0.020  0.157  0.049       15
  3:     0.220  0.013  0.013  0.031  0.012  0.059  0.039  0.010  0.007  0.049  0.124  0.011  0.367  0.008  0.016  0.005  0.017        2
  4:     0.007  0.217  0.054  0.137  0.087  0.011  0.055  0.045  0.019  0.025  0.079  0.037  0.101  0.026  0.017  0.026  0.058        2
  5:     0.154  0.016  0.020  0.026  0.039  0.029  0.015  0.033  0.046  0.020  0.047  0.064  0.325  0.058  0.016  0.012  0.081        7
  6:     0.075  0.011  0.005  0.018  0.088  0.008  0.012  0.016  0.007  0.610  0.024  0.055  0.009  0.014  0.035  0.006  0.007       13
  7:     0.005  0.010  0.005  0.006  0.006  0.004  0.005  0.015  0.004  0.882  0.007  0.007  0.016  0.009  0.010  0.004  0.005       13
  8:     0.043  0.013  0.388  0.032  0.031  0.034  0.031  0.008  0.059  0.013  0.047  0.103  0.016  0.103  0.025  0.009  0.045        7
  9:     0.044  0.034  0.026  0.257  0.192  0.030  0.057  0.050  0.016  0.014  0.062  0.057  0.011  0.043  0.020  0.008  0.078       11
 10:     0.012  0.057  0.338  0.066  0.053  0.044  0.028  0.058  0.015  0.016  0.023  0.075  0.099  0.062  0.011  0.015  0.028        9
 11:     0.005  0.008  0.012  0.009  0.006  0.008  0.010  0.841  0.005  0.031  0.012  0.005  0.013  0.009  0.013  0.005  0.009       35
 12:     0.012  0.008  0.097  0.151  0.052  0.069  0.166  0.006  0.018  0.004  0.145  0.034  0.006  0.052  0.015  0.017  0.148       36
 13:     0.019  0.011  0.042  0.125  0.032  0.081  0.108  0.005  0.021  0.005  0.112  0.012  0.006  0.054  0.008  0.007  0.353       33
 14:     0.009  0.009  0.007  0.016  0.006  0.006  0.010  0.008  0.009  0.017  0.007  0.010  0.006  0.012  0.038  0.817  0.014       40
 15:     0.866  0.005  0.007  0.008  0.020  0.007  0.012  0.003  0.007  0.003  0.011  0.020  0.004  0.007  0.006  0.006  0.007       39
 16:     0.011  0.334  0.020  0.021  0.019  0.019  0.020  0.213  0.024  0.056  0.015  0.012  0.144  0.027  0.014  0.022  0.028       40
 17:     0.010  0.055  0.008  0.012  0.008  0.009  0.013  0.047  0.016  0.077  0.011  0.011  0.635  0.013  0.042  0.019  0.013       37
 18:     0.011  0.005  0.444  0.076  0.034  0.025  0.048  0.004  0.019  0.003  0.083  0.025  0.003  0.081  0.007  0.006  0.125       40
 19:     0.014  0.006  0.005  0.006  0.006  0.004  0.006  0.866  0.003  0.007  0.006  0.005  0.007  0.007  0.040  0.005  0.006       28
 20:     0.005  0.005  0.004  0.009  0.005  0.004  0.006  0.004  0.006  0.005  0.006  0.007  0.004  0.006  0.907  0.012  0.006       14
 21:     0.033  0.007  0.006  0.014  0.013  0.007  0.013  0.009  0.005  0.778  0.009  0.007  0.059  0.006  0.018  0.007  0.009       13
 22:     0.013  0.004  0.008  0.008  0.012  0.005  0.007  0.004  0.005  0.002  0.010  0.891  0.003  0.007  0.005  0.008  0.006       14
 23:     0.008  0.005  0.017  0.111  0.010  0.691  0.030  0.004  0.020  0.004  0.018  0.022  0.004  0.020  0.007  0.006  0.024       25
 24:     0.006  0.005  0.011  0.014  0.008  0.010  0.009  0.006  0.859  0.005  0.012  0.009  0.005  0.013  0.006  0.008  0.014       40
 25:     0.016  0.018  0.021  0.027  0.023  0.012  0.026  0.032  0.008  0.009  0.027  0.043  0.011  0.020  0.037  0.651  0.019       32
 26:     0.004  0.004  0.004  0.008  0.006  0.006  0.007  0.003  0.006  0.916  0.006  0.003  0.006  0.005  0.005  0.005  0.006       20
 27:     0.004  0.208  0.018  0.007  0.006  0.007  0.008  0.620  0.005  0.008  0.009  0.014  0.043  0.013  0.015  0.006  0.009        4
 28:     0.005  0.023  0.043  0.012  0.011  0.014  0.010  0.725  0.010  0.022  0.016  0.009  0.011  0.038  0.011  0.009  0.030       23
 29:     0.007  0.010  0.007  0.005  0.005  0.005  0.005  0.889  0.005  0.007  0.005  0.007  0.016  0.006  0.007  0.008  0.007       39
 30:     0.004  0.010  0.006  0.007  0.005  0.005  0.007  0.052  0.004  0.834  0.007  0.006  0.009  0.007  0.023  0.006  0.007       38
 31:     0.140  0.010  0.022  0.051  0.397  0.019  0.094  0.004  0.043  0.004  0.071  0.066  0.006  0.020  0.007  0.009  0.036       45
 32:     0.108  0.007  0.041  0.082  0.186  0.054  0.121  0.005  0.015  0.006  0.169  0.049  0.009  0.040  0.012  0.010  0.086       28
 33:     0.007  0.008  0.005  0.009  0.004  0.004  0.004  0.897  0.004  0.009  0.006  0.006  0.016  0.005  0.006  0.007  0.004        6
 34:     0.009  0.841  0.006  0.008  0.009  0.006  0.007  0.012  0.013  0.006  0.008  0.009  0.032  0.009  0.012  0.006  0.007       40
 35:     0.009  0.029  0.006  0.010  0.016  0.008  0.013  0.017  0.011  0.055  0.009  0.011  0.763  0.007  0.017  0.009  0.008       42
--------------------------------------------

Allele-freq. divergence among pops (Net nucleotide distance),
computed using point estimates of P.

      1       2       3       4       5       6       7       8       9      10      11      12      13      14      15      16      17      
 1      -    0.2485  0.3294  0.2505  0.1480  0.2653  0.2326  0.3035  0.3042  0.3852  0.2097  0.1907  0.2097  0.2692  0.2532  0.2153  0.2892  
 2   0.2485     -    0.2284  0.1493  0.1356  0.2115  0.1885  0.1693  0.1850  0.2237  0.1428  0.1405  0.1010  0.1381  0.1779  0.1911  0.1568  
 3   0.3294  0.2284     -    0.0992  0.1157  0.1410  0.0856  0.2910  0.1845  0.4085  0.0672  0.1324  0.2816  0.0691  0.3010  0.3070  0.0488  
 4   0.2505  0.1493  0.0992     -    0.0722  0.0900  0.0323  0.2772  0.1158  0.3037  0.0360  0.1022  0.2169  0.0692  0.1790  0.2477  0.0408  
 5   0.1480  0.1356  0.1157  0.0722     -    0.1420  0.0827  0.2827  0.1514  0.3088  0.0542  0.0719  0.1787  0.1166  0.2178  0.2310  0.0975  
 6   0.2653  0.2115  0.1410  0.0900  0.1420     -    0.0788  0.2875  0.1296  0.3214  0.0840  0.1844  0.2183  0.1098  0.2316  0.2561  0.0988  
 7   0.2326  0.1885  0.0856  0.0323  0.0827  0.0788     -    0.2758  0.1785  0.3228  0.0364  0.1234  0.2108  0.0962  0.2045  0.2824  0.0356  
 8   0.3035  0.1693  0.2910  0.2772  0.2827  0.2875  0.2758     -    0.3721  0.1623  0.2454  0.2626  0.1027  0.2303  0.2300  0.1896  0.2588  
 9   0.3042  0.1850  0.1845  0.1158  0.1514  0.1296  0.1785  0.3721     -    0.3921  0.1407  0.1771  0.3021  0.1184  0.2964  0.2363  0.1524  
10   0.3852  0.2237  0.4085  0.3037  0.3088  0.3214  0.3228  0.1623  0.3921     -    0.2867  0.3679  0.1142  0.3455  0.2415  0.2880  0.3200  
11   0.2097  0.1428  0.0672  0.0360  0.0542  0.0840  0.0364  0.2454  0.1407  0.2867     -    0.0768  0.1793  0.0687  0.1856  0.2442  0.0421  
12   0.1907  0.1405  0.1324  0.1022  0.0719  0.1844  0.1234  0.2626  0.1771  0.3679  0.0768     -    0.2030  0.1016  0.1945  0.1978  0.1306  
13   0.2097  0.1010  0.2816  0.2169  0.1787  0.2183  0.2108  0.1027  0.3021  0.1142  0.1793  0.2030     -    0.2258  0.1519  0.1787  0.2186  
14   0.2692  0.1381  0.0691  0.0692  0.1166  0.1098  0.0962  0.2303  0.1184  0.3455  0.0687  0.1016  0.2258     -    0.2120  0.2168  0.0507  
15   0.2532  0.1779  0.3010  0.1790  0.2178  0.2316  0.2045  0.2300  0.2964  0.2415  0.1856  0.1945  0.1519  0.2120     -    0.2109  0.2189  
16   0.2153  0.1911  0.3070  0.2477  0.2310  0.2561  0.2824  0.1896  0.2363  0.2880  0.2442  0.1978  0.1787  0.2168  0.2109     -    0.2591  
17   0.2892  0.1568  0.0488  0.0408  0.0975  0.0988  0.0356  0.2588  0.1524  0.3200  0.0421  0.1306  0.2186  0.0507  0.2189  0.2591     -    

Average distances (expected heterozygosity) between individuals in same cluster:
cluster  1  : 0.2178 
cluster  2  : 0.4634 
cluster  3  : 0.3044 
cluster  4  : 0.3731 
cluster  5  : 0.4390 
cluster  6  : 0.3848 
cluster  7  : 0.3301 
cluster  8  : 0.4632 
cluster  9  : 0.3479 
cluster 10  : 0.3996 
cluster 11  : 0.4137 
cluster 12  : 0.3417 
cluster 13  : 0.5187 
cluster 14  : 0.3793 
cluster 15  : 0.2529 
cluster 16  : 0.3630 
cluster 17  : 0.3641 

--------------------------------------------
Estimated Ln Prob of Data   = -20804.9
Mean value of ln likelihood = -19719.6
Variance of ln likelihood   = 2170.7
Mean value of alpha         = 0.0348

Mean value of Fst_1         = 0.6276
Mean value of Fst_2         = 0.3138
Mean value of Fst_3         = 0.4868
Mean value of Fst_4         = 0.3411
Mean value of Fst_5         = 0.3189
Mean value of Fst_6         = 0.3994
Mean value of Fst_7         = 0.4273
Mean value of Fst_8         = 0.4166
Mean value of Fst_9         = 0.4257
Mean value of Fst_10         = 0.4626
Mean value of Fst_11         = 0.3071
Mean value of Fst_12         = 0.5279
Mean value of Fst_13         = 0.2015
Mean value of Fst_14         = 0.3640
Mean value of Fst_15         = 0.6198
Mean value of Fst_16         = 0.4765
Mean value of Fst_17         = 0.4216


Inferred ancestry of individuals:
        Label (%Miss) Pop:  Inferred clusters
  1 TMA-ZAIN-G-    (9)    1 :  0.024 0.014 0.006 0.012 0.058 0.004 0.007 0.648 0.005 0.007 0.007 0.009 0.030 0.150 0.006 0.007 0.005 
  2 TMA-ZAIN-G-    (0)    1 :  0.008 0.006 0.010 0.014 0.027 0.097 0.031 0.591 0.004 0.008 0.011 0.004 0.013 0.111 0.020 0.030 0.015 
  3 TMA-ZAIN-G-    (0)    1 :  0.015 0.011 0.047 0.029 0.021 0.010 0.017 0.005 0.033 0.003 0.043 0.032 0.004 0.669 0.007 0.007 0.049 
  4 TMA-ZAIN-G-    (0)    1 :  0.014 0.006 0.074 0.022 0.007 0.010 0.022 0.009 0.031 0.004 0.016 0.011 0.005 0.102 0.554 0.018 0.097 
  5 TMA-ZAIN-G-    (0)    1 :  0.002 0.006 0.004 0.003 0.002 0.002 0.002 0.944 0.002 0.005 0.003 0.003 0.003 0.004 0.005 0.006 0.003 
  6 TMA-ZAIN-G-    (0)    1 :  0.011 0.115 0.011 0.042 0.014 0.012 0.008 0.019 0.033 0.035 0.036 0.051 0.031 0.513 0.037 0.011 0.020 
  7 TMA-ZAIN-G-    (0)    1 :  0.035 0.012 0.025 0.324 0.032 0.016 0.052 0.010 0.008 0.006 0.116 0.133 0.008 0.102 0.077 0.010 0.035 
  8 TMA-ZAIN-G-    (0)    1 :  0.004 0.005 0.013 0.013 0.007 0.008 0.009 0.004 0.008 0.002 0.007 0.869 0.003 0.024 0.004 0.010 0.010 
  9 TMA-ZAIN-G-    (9)    1 :  0.007 0.017 0.022 0.117 0.045 0.035 0.107 0.005 0.017 0.004 0.328 0.013 0.005 0.159 0.006 0.005 0.108 
 10 TMA-ZAIN-G-    (0)    1 :  0.011 0.030 0.020 0.236 0.099 0.022 0.179 0.003 0.028 0.004 0.123 0.033 0.006 0.047 0.009 0.009 0.141 
 11 TMA-ZAIN-G-    (0)    1 :  0.008 0.006 0.006 0.521 0.070 0.012 0.177 0.005 0.005 0.005 0.104 0.012 0.007 0.010 0.018 0.006 0.028 
 12 TMA-ZAIN-G-    (0)    1 :  0.020 0.007 0.375 0.020 0.030 0.007 0.031 0.005 0.005 0.003 0.062 0.015 0.005 0.056 0.005 0.005 0.348 
 13 TMA-ZAIN-G-    (9)    1 :  0.080 0.014 0.016 0.081 0.037 0.140 0.068 0.033 0.012 0.056 0.355 0.025 0.025 0.009 0.015 0.016 0.019 
 14 TMA-ZAIN-G-    (9)    1 :  0.752 0.010 0.007 0.015 0.070 0.015 0.032 0.003 0.006 0.012 0.022 0.007 0.008 0.007 0.005 0.008 0.022 
 15 TMA-ZAIN-G-    (0)    1 :  0.559 0.004 0.005 0.011 0.122 0.004 0.006 0.003 0.006 0.002 0.007 0.009 0.003 0.247 0.003 0.006 0.005 
 16 TMA-ZAIN-G-    (0)    1 :  0.005 0.006 0.092 0.020 0.014 0.008 0.223 0.003 0.005 0.004 0.060 0.007 0.004 0.014 0.005 0.003 0.526 
 17 TMA-ZAIN-G-    (9)    1 :  0.014 0.016 0.009 0.007 0.555 0.005 0.042 0.008 0.006 0.010 0.021 0.121 0.016 0.027 0.116 0.020 0.008 
 18 TMA-ZAIN-G-    (0)    1 :  0.011 0.020 0.019 0.005 0.009 0.004 0.006 0.690 0.006 0.005 0.005 0.012 0.137 0.010 0.011 0.040 0.010 
 19 TMA-ZAIN-G-    (0)    1 :  0.011 0.108 0.023 0.017 0.018 0.007 0.023 0.017 0.005 0.031 0.036 0.079 0.541 0.018 0.043 0.004 0.016 
 20 TMA-ZAIN-G-    (0)    1 :  0.004 0.009 0.003 0.004 0.003 0.005 0.003 0.035 0.005 0.052 0.003 0.004 0.823 0.004 0.006 0.033 0.004 
 21 TMA-ZAIN-G-    (0)    1 :  0.002 0.005 0.004 0.007 0.005 0.003 0.004 0.003 0.005 0.932 0.005 0.003 0.004 0.004 0.004 0.005 0.005 
 22 TMA-ZAIN-G-    (0)    1 :  0.003 0.010 0.003 0.003 0.002 0.003 0.003 0.062 0.002 0.868 0.003 0.003 0.012 0.003 0.010 0.006 0.003 
 23 TMA-ZAIN-G-    (0)    1 :  0.007 0.026 0.007 0.007 0.006 0.005 0.008 0.016 0.004 0.844 0.009 0.010 0.026 0.005 0.010 0.004 0.007 
 24 TMA-ZAIN-G-    (9)    1 :  0.014 0.003 0.008 0.013 0.013 0.200 0.009 0.006 0.063 0.634 0.008 0.003 0.003 0.005 0.003 0.007 0.007 
 25 TMA-ZAIN-G-    (9)    1 :  0.003 0.009 0.004 0.015 0.046 0.023 0.004 0.102 0.004 0.019 0.003 0.003 0.481 0.274 0.004 0.004 0.004 
 26 TMA-ZAIN-G-    (9)    1 :  0.008 0.004 0.008 0.056 0.091 0.028 0.024 0.005 0.007 0.022 0.020 0.012 0.008 0.223 0.011 0.461 0.010 
 27 TMA-ZAIN-G-    (0)    1 :  0.076 0.591 0.003 0.019 0.031 0.004 0.012 0.097 0.009 0.019 0.006 0.009 0.069 0.009 0.022 0.016 0.009 
 28 TMA-ZAIN-G-    (0)    1 :  0.010 0.901 0.005 0.005 0.005 0.004 0.005 0.009 0.004 0.004 0.006 0.010 0.013 0.007 0.005 0.005 0.005 
 29 TMA-ZAIN-G-    (0)    1 :  0.005 0.005 0.004 0.005 0.006 0.005 0.004 0.003 0.701 0.004 0.005 0.004 0.222 0.004 0.003 0.016 0.004 
 30 TMA-ZAIN-G-    (0)    1 :  0.043 0.401 0.031 0.035 0.115 0.069 0.068 0.004 0.022 0.004 0.091 0.010 0.033 0.020 0.008 0.006 0.042 
 31 TMA-ZAIN-G-    (0)    1 :  0.006 0.005 0.004 0.008 0.004 0.009 0.006 0.825 0.006 0.012 0.004 0.006 0.012 0.004 0.021 0.062 0.005 
 32 TMA-ZAIN-G-    (9)    1 :  0.009 0.011 0.037 0.007 0.037 0.004 0.012 0.327 0.003 0.075 0.010 0.007 0.057 0.371 0.006 0.006 0.019 
 33 TMA-ZAIN-G-   (18)    1 :  0.005 0.007 0.035 0.071 0.131 0.006 0.011 0.004 0.009 0.003 0.026 0.022 0.004 0.643 0.003 0.003 0.017 
 34 TMA-ZAIN-G-    (0)    1 :  0.004 0.007 0.025 0.010 0.011 0.007 0.009 0.037 0.004 0.016 0.008 0.005 0.009 0.803 0.005 0.005 0.035 
 35 TMA-ZAIN-G-    (9)    1 :  0.006 0.005 0.008 0.007 0.015 0.006 0.006 0.004 0.009 0.003 0.006 0.006 0.004 0.888 0.005 0.005 0.017 
 36 TMA-ZAIN-G-    (0)    1 :  0.084 0.006 0.009 0.042 0.162 0.215 0.032 0.004 0.013 0.003 0.080 0.046 0.004 0.264 0.007 0.016 0.012 
 37 TMA-ZAIN-G-    (9)    1 :  0.003 0.007 0.006 0.102 0.131 0.006 0.005 0.004 0.007 0.004 0.008 0.008 0.004 0.674 0.015 0.006 0.009 
 38 TMA-ZAIN-G-   (18)    1 :  0.013 0.006 0.008 0.015 0.066 0.007 0.009 0.372 0.005 0.030 0.007 0.004 0.060 0.368 0.017 0.007 0.008 
 39 TMA-ZAIN-G-    (0)    1 :  0.004 0.008 0.047 0.063 0.053 0.509 0.059 0.003 0.012 0.004 0.094 0.016 0.004 0.050 0.008 0.007 0.060 
 40 TMA-ZAIN-G-    (0)    1 :  0.004 0.004 0.057 0.074 0.434 0.088 0.031 0.003 0.006 0.006 0.060 0.009 0.004 0.184 0.018 0.005 0.014 
 41 TMA-ZAIN-G-    (0)    1 :  0.016 0.005 0.018 0.015 0.600 0.119 0.091 0.003 0.006 0.003 0.011 0.023 0.003 0.070 0.003 0.005 0.010 
 42 TMA-ZAIN-G-    (9)    1 :  0.090 0.003 0.010 0.006 0.691 0.009 0.069 0.003 0.010 0.002 0.010 0.059 0.003 0.009 0.005 0.016 0.005 
 43 TMA-ZAIN-G-    (0)    1 :  0.901 0.003 0.003 0.004 0.012 0.005 0.008 0.003 0.012 0.002 0.005 0.019 0.004 0.005 0.004 0.004 0.004 
 44 TMA-ZAIN-G-    (0)    1 :  0.004 0.003 0.006 0.074 0.007 0.030 0.047 0.005 0.006 0.744 0.012 0.007 0.010 0.006 0.008 0.004 0.027 
 45 TMA-ZAIN-G-    (0)    1 :  0.015 0.009 0.043 0.164 0.099 0.009 0.172 0.006 0.005 0.006 0.060 0.015 0.007 0.025 0.014 0.008 0.345 
 46 TMA-ZAIN-G-    (0)    1 :  0.004 0.003 0.003 0.005 0.003 0.005 0.005 0.003 0.003 0.932 0.003 0.003 0.006 0.003 0.011 0.005 0.003 
 47 TMA-ZAIN-G-    (0)    1 :  0.003 0.005 0.005 0.004 0.004 0.003 0.003 0.004 0.004 0.003 0.004 0.006 0.004 0.006 0.011 0.926 0.005 
 48 TMA-ZAIN-G-    (0)    1 :  0.043 0.040 0.011 0.091 0.078 0.010 0.048 0.006 0.014 0.027 0.157 0.104 0.012 0.014 0.120 0.172 0.053 
 49 TMA-ZAIN-G-    (9)    1 :  0.004 0.011 0.029 0.011 0.007 0.005 0.008 0.013 0.038 0.005 0.010 0.010 0.762 0.025 0.021 0.007 0.035 
 50 TMA-ZAIN-G-    (0)    1 :  0.007 0.021 0.010 0.006 0.082 0.027 0.016 0.012 0.004 0.005 0.010 0.013 0.767 0.005 0.006 0.003 0.005 
 51 TMA-ZAIN-G-    (0)    1 :  0.058 0.026 0.003 0.014 0.025 0.008 0.015 0.007 0.007 0.007 0.010 0.010 0.763 0.007 0.014 0.016 0.010 
 52 TMA-ZAIN-G-    (0)    1 :  0.016 0.040 0.012 0.007 0.008 0.006 0.009 0.006 0.003 0.008 0.015 0.009 0.669 0.006 0.142 0.036 0.008 
 53 TMA-ZAIN-G-    (0)    1 :  0.037 0.009 0.003 0.014 0.011 0.013 0.015 0.176 0.005 0.006 0.007 0.011 0.541 0.004 0.078 0.060 0.010 
 54 TMA-ZAIN-G-    (0)    1 :  0.010 0.011 0.007 0.006 0.011 0.004 0.008 0.004 0.004 0.004 0.009 0.012 0.008 0.004 0.004 0.887 0.008 
 55 TMA-ZAIN-G-    (0)    1 :  0.016 0.023 0.008 0.006 0.035 0.003 0.016 0.004 0.003 0.007 0.021 0.014 0.022 0.003 0.003 0.801 0.012 
 56 TMA-ZAIN-G-    (0)    1 :  0.025 0.060 0.009 0.041 0.125 0.019 0.050 0.007 0.019 0.008 0.100 0.056 0.032 0.024 0.351 0.050 0.024 
 57 TMA-ZAIN-G-    (0)    1 :  0.006 0.005 0.044 0.009 0.006 0.009 0.010 0.008 0.007 0.004 0.009 0.005 0.024 0.021 0.010 0.814 0.009 
 58 TMA-ZAIN-G-    (0)    1 :  0.009 0.223 0.017 0.011 0.015 0.004 0.008 0.058 0.006 0.157 0.013 0.044 0.363 0.011 0.013 0.038 0.011 
 59 TMA-ZAIN-G-    (0)    1 :  0.007 0.019 0.011 0.147 0.020 0.015 0.029 0.542 0.013 0.023 0.037 0.028 0.011 0.026 0.034 0.012 0.026 
 60 TMA-ZAIN-G-    (0)    1 :  0.122 0.056 0.005 0.023 0.019 0.005 0.020 0.516 0.008 0.008 0.009 0.021 0.104 0.009 0.045 0.019 0.010 
 61 TMA-ZAIN-G-    (0)    1 :  0.003 0.006 0.003 0.005 0.003 0.003 0.003 0.878 0.003 0.023 0.004 0.004 0.009 0.005 0.033 0.011 0.004 
 62 TMA-ZAIN-G-    (9)    1 :  0.006 0.050 0.024 0.020 0.031 0.013 0.026 0.635 0.005 0.016 0.026 0.007 0.019 0.025 0.003 0.010 0.084 
 63 TMA-ZAIN-G-    (0)    1 :  0.007 0.008 0.007 0.004 0.005 0.003 0.005 0.891 0.003 0.007 0.005 0.007 0.011 0.005 0.014 0.013 0.006 
 64 TMA-ZAIN-G-    (0)    1 :  0.005 0.003 0.004 0.007 0.005 0.010 0.008 0.002 0.923 0.002 0.008 0.004 0.003 0.005 0.003 0.003 0.005 
 65 TMA-ZAIN-G-    (9)    1 :  0.006 0.006 0.019 0.008 0.006 0.006 0.007 0.003 0.806 0.003 0.008 0.010 0.003 0.078 0.005 0.008 0.017 
 66 TMA-ZAIN-G-    (0)    1 :  0.005 0.004 0.009 0.027 0.008 0.013 0.035 0.003 0.817 0.003 0.022 0.007 0.003 0.012 0.004 0.004 0.025 
 67 TMA-ZAIN-G-    (0)    1 :  0.003 0.013 0.014 0.026 0.010 0.084 0.045 0.004 0.625 0.012 0.041 0.007 0.011 0.016 0.003 0.005 0.081 
 68 TMA-ZAIN-G-    (0)    1 :  0.006 0.003 0.004 0.005 0.005 0.004 0.004 0.002 0.928 0.002 0.005 0.009 0.003 0.005 0.004 0.005 0.005 
 69 TMA-ZAIN-G-    (0)    1 :  0.015 0.006 0.026 0.022 0.005 0.029 0.020 0.015 0.665 0.020 0.013 0.007 0.022 0.030 0.019 0.008 0.081 
 70 TMA-ZAIN-G-    (0)    1 :  0.005 0.004 0.008 0.020 0.006 0.842 0.034 0.003 0.012 0.004 0.020 0.004 0.004 0.006 0.004 0.003 0.021 
 71 TMA-ZAIN-G-    (0)    1 :  0.003 0.004 0.013 0.013 0.008 0.814 0.049 0.003 0.005 0.003 0.008 0.004 0.003 0.009 0.004 0.003 0.054 
 72 TMA-ZAIN-G-    (0)    1 :  0.006 0.007 0.006 0.007 0.007 0.875 0.008 0.003 0.012 0.003 0.024 0.005 0.004 0.009 0.004 0.006 0.013 
 73 TMA-ZAIN-G-    (0)    1 :  0.003 0.019 0.007 0.006 0.005 0.822 0.008 0.018 0.005 0.024 0.007 0.005 0.018 0.020 0.004 0.016 0.011 
 74 TMA-ZAIN-G-    (0)    1 :  0.004 0.004 0.013 0.008 0.005 0.894 0.009 0.005 0.004 0.005 0.009 0.005 0.006 0.013 0.003 0.004 0.010 
 75 TMA-ZAIN-G-    (0)    1 :  0.004 0.005 0.009 0.006 0.004 0.894 0.011 0.004 0.005 0.003 0.007 0.006 0.005 0.009 0.005 0.006 0.016 
 76 TMA-ZAIN-G-    (0)    1 :  0.003 0.004 0.008 0.010 0.005 0.825 0.038 0.004 0.004 0.014 0.006 0.004 0.010 0.007 0.003 0.003 0.052 
 77 TMA-ZAIN-G-    (0)    1 :  0.006 0.005 0.004 0.007 0.007 0.903 0.008 0.002 0.006 0.005 0.015 0.004 0.005 0.005 0.007 0.004 0.007 
 78 TMA-ZAIN-G-    (0)    1 :  0.005 0.007 0.006 0.007 0.004 0.820 0.027 0.005 0.005 0.011 0.042 0.006 0.012 0.009 0.009 0.007 0.019 
 79 TMA-ZAIN-G-    (0)    1 :  0.008 0.005 0.005 0.006 0.005 0.761 0.024 0.004 0.004 0.006 0.115 0.005 0.008 0.006 0.026 0.005 0.010 
 80 TMA-ZAIN-G-    (0)    1 :  0.005 0.006 0.068 0.020 0.015 0.581 0.042 0.003 0.024 0.005 0.102 0.009 0.004 0.018 0.007 0.011 0.080 
 81 TMA-ZAIN-G-    (0)    1 :  0.007 0.007 0.010 0.021 0.012 0.543 0.209 0.004 0.004 0.008 0.030 0.009 0.009 0.018 0.035 0.006 0.067 
 82 TMA-ZAIN-G-    (0)    1 :  0.007 0.007 0.045 0.044 0.007 0.039 0.204 0.005 0.144 0.003 0.011 0.013 0.005 0.164 0.008 0.014 0.281 
 83 TMA-ZAIN-G-    (9)    1 :  0.004 0.019 0.063 0.017 0.008 0.008 0.009 0.025 0.016 0.019 0.019 0.013 0.008 0.647 0.004 0.010 0.111 
 84 TMA-ZAIN-G-    (0)    1 :  0.006 0.006 0.012 0.018 0.009 0.575 0.208 0.003 0.006 0.018 0.046 0.007 0.012 0.011 0.013 0.004 0.047 
 85 TMA-ZAIN-G-    (0)    1 :  0.004 0.004 0.004 0.004 0.003 0.003 0.004 0.004 0.003 0.004 0.004 0.004 0.004 0.004 0.943 0.003 0.004 
 86 TMA-ZAIN-G-    (0)    1 :  0.003 0.005 0.008 0.015 0.008 0.005 0.010 0.003 0.005 0.006 0.009 0.008 0.003 0.008 0.888 0.005 0.011 
 87 TMA-ZAIN-G-    (0)    1 :  0.003 0.004 0.003 0.004 0.003 0.003 0.004 0.005 0.003 0.004 0.003 0.004 0.003 0.003 0.944 0.003 0.003 
 88 TMA-ZAIN-G-    (0)    1 :  0.014 0.009 0.056 0.015 0.008 0.018 0.034 0.162 0.027 0.009 0.064 0.008 0.007 0.069 0.381 0.052 0.067 
 89 TMA-ZAIN-G-    (0)    1 :  0.030 0.004 0.023 0.021 0.010 0.030 0.041 0.021 0.021 0.027 0.047 0.006 0.009 0.026 0.303 0.354 0.026 
 90 TMA-ZAIN-G-    (0)    1 :  0.004 0.006 0.018 0.007 0.005 0.004 0.004 0.014 0.011 0.004 0.005 0.005 0.006 0.028 0.816 0.036 0.026 
 91 TMA-ZAIN-G-    (0)    1 :  0.012 0.017 0.007 0.017 0.007 0.007 0.014 0.048 0.011 0.006 0.010 0.012 0.006 0.011 0.766 0.037 0.012 
 92 TMA-ZAIN-G-    (0)    1 :  0.015 0.027 0.004 0.010 0.009 0.010 0.011 0.009 0.006 0.038 0.008 0.007 0.035 0.007 0.523 0.268 0.012 
 93 TMA-ZAIN-G-    (0)    1 :  0.025 0.096 0.004 0.009 0.006 0.006 0.007 0.043 0.007 0.014 0.008 0.007 0.029 0.006 0.206 0.518 0.008 
 94 TMA-ZAIN-G-    (0)    1 :  0.007 0.013 0.003 0.006 0.003 0.005 0.005 0.105 0.004 0.007 0.004 0.005 0.009 0.005 0.766 0.048 0.004 
 95 TMA-ZAIN-G-    (0)    1 :  0.016 0.860 0.006 0.006 0.016 0.011 0.007 0.007 0.007 0.005 0.008 0.004 0.030 0.004 0.005 0.004 0.005 
 96 TMA-ZAIN-G-    (0)    1 :  0.015 0.707 0.008 0.007 0.118 0.003 0.007 0.006 0.004 0.006 0.005 0.006 0.079 0.010 0.008 0.005 0.005 
 97 TMA-ZAIN-G-    (0)    1 :  0.008 0.004 0.004 0.009 0.004 0.017 0.011 0.874 0.007 0.006 0.005 0.006 0.016 0.004 0.008 0.012 0.005 
 98 TMA-ZAIN-G-    (0)    1 :  0.007 0.003 0.003 0.008 0.004 0.015 0.009 0.900 0.005 0.004 0.005 0.006 0.005 0.005 0.007 0.011 0.004 
 99 TMA-ZAIN-G-    (0)    1 :  0.005 0.006 0.013 0.131 0.022 0.005 0.023 0.640 0.010 0.010 0.061 0.007 0.006 0.035 0.004 0.003 0.018 
100 TMA-ZAIN-G-    (0)    1 :  0.007 0.005 0.003 0.007 0.004 0.006 0.005 0.841 0.005 0.014 0.003 0.004 0.026 0.003 0.035 0.026 0.005 
101 TMA-ZAIN-G-    (0)    1 :  0.006 0.005 0.005 0.032 0.004 0.009 0.017 0.865 0.006 0.005 0.010 0.005 0.009 0.004 0.003 0.010 0.006 
102 TMA-ZAIN-G-    (0)    1 :  0.025 0.015 0.054 0.018 0.044 0.014 0.018 0.337 0.010 0.230 0.021 0.008 0.126 0.009 0.034 0.009 0.029 
103 TMA-ZAIN-G-    (0)    1 :  0.007 0.017 0.022 0.011 0.010 0.008 0.014 0.735 0.006 0.015 0.013 0.013 0.058 0.014 0.031 0.005 0.023 
104 TMA-ZAIN-G-    (0)    1 :  0.004 0.005 0.004 0.003 0.003 0.004 0.003 0.934 0.002 0.006 0.004 0.006 0.006 0.004 0.003 0.005 0.004 
105 TMA-ZAIN-G-    (0)    1 :  0.007 0.017 0.027 0.013 0.011 0.007 0.015 0.744 0.005 0.008 0.016 0.015 0.019 0.018 0.041 0.006 0.031 
106 TMA-ZAIN-G-    (0)    1 :  0.074 0.006 0.048 0.157 0.300 0.073 0.091 0.004 0.036 0.003 0.116 0.031 0.004 0.021 0.007 0.006 0.023 
107 TMA-ZAIN-G-    (0)    1 :  0.012 0.006 0.256 0.207 0.018 0.090 0.041 0.004 0.011 0.003 0.188 0.019 0.005 0.038 0.006 0.007 0.090 
108 TMA-ZAIN-G-    (9)    1 :  0.020 0.009 0.007 0.055 0.092 0.010 0.021 0.106 0.005 0.042 0.010 0.008 0.046 0.483 0.056 0.015 0.014 
109 TMA-ZAIN-G-    (0)    1 :  0.024 0.055 0.152 0.014 0.047 0.007 0.021 0.248 0.113 0.006 0.093 0.036 0.008 0.063 0.017 0.065 0.030 
110 TMA-ZAIN-G-    (0)    1 :  0.015 0.023 0.052 0.155 0.042 0.015 0.045 0.047 0.007 0.133 0.174 0.041 0.104 0.059 0.020 0.015 0.052 
111 TMA-ZAIN-G-    (9)    1 :  0.004 0.020 0.092 0.010 0.009 0.027 0.017 0.362 0.008 0.114 0.020 0.007 0.083 0.065 0.006 0.018 0.139 
112 TMA-ZAIN-G-    (0)    1 :  0.029 0.043 0.057 0.039 0.103 0.012 0.113 0.241 0.016 0.046 0.043 0.033 0.093 0.040 0.013 0.022 0.056 
113 TMA-ZAIN-G-    (0)    1 :  0.005 0.003 0.014 0.013 0.005 0.024 0.019 0.831 0.010 0.008 0.009 0.006 0.004 0.013 0.005 0.019 0.010 
114 TMA-ZAIN-G-    (0)    1 :  0.002 0.005 0.004 0.003 0.003 0.003 0.003 0.937 0.003 0.010 0.003 0.003 0.004 0.004 0.006 0.004 0.004 
115 TMA-ZAIN-G-    (0)    1 :  0.004 0.005 0.006 0.003 0.003 0.004 0.003 0.938 0.003 0.005 0.003 0.003 0.004 0.005 0.003 0.004 0.004 
116 TMA-ZAIN-G-    (0)    1 :  0.005 0.006 0.170 0.009 0.005 0.007 0.007 0.005 0.008 0.002 0.008 0.010 0.003 0.604 0.005 0.008 0.139 
117 TMA-ZAIN-G-    (0)    1 :  0.034 0.019 0.019 0.036 0.020 0.038 0.040 0.004 0.087 0.003 0.021 0.047 0.006 0.530 0.020 0.022 0.054 
118 TMA-ZAIN-G-    (0)    1 :  0.015 0.008 0.226 0.008 0.008 0.008 0.009 0.004 0.014 0.003 0.011 0.008 0.005 0.534 0.005 0.007 0.127 
119 TMA-ZAIN-G-    (0)    1 :  0.005 0.013 0.172 0.009 0.005 0.032 0.008 0.015 0.015 0.014 0.013 0.009 0.013 0.539 0.004 0.008 0.126 
120 TMA-ZAIN-G-    (0)    1 :  0.027 0.009 0.105 0.008 0.008 0.012 0.010 0.005 0.012 0.003 0.013 0.011 0.006 0.608 0.010 0.008 0.144 
121 TMA-ZAIN-G-    (0)    1 :  0.006 0.010 0.012 0.011 0.008 0.008 0.007 0.004 0.021 0.002 0.011 0.012 0.003 0.812 0.005 0.007 0.061 
122 TMA-ZAIN-G-    (0)    1 :  0.007 0.018 0.010 0.189 0.117 0.008 0.008 0.004 0.012 0.005 0.019 0.037 0.004 0.498 0.038 0.007 0.018 
123 TMA-ZAIN-G-    (0)    1 :  0.014 0.007 0.005 0.005 0.005 0.005 0.006 0.890 0.004 0.009 0.005 0.004 0.014 0.007 0.009 0.005 0.005 
124 TMA-ZAIN-G-    (0)    1 :  0.006 0.004 0.007 0.007 0.014 0.004 0.009 0.004 0.004 0.003 0.009 0.902 0.004 0.008 0.006 0.003 0.006 
125 TMA-ZAIN-G-    (0)    1 :  0.009 0.004 0.005 0.006 0.009 0.005 0.008 0.002 0.012 0.002 0.006 0.894 0.003 0.004 0.005 0.022 0.004 
126 TMA-ZAIN-G-    (0)    1 :  0.015 0.004 0.011 0.006 0.014 0.004 0.009 0.003 0.003 0.003 0.019 0.883 0.003 0.006 0.005 0.006 0.006 
127 TMA-ZAIN-G-    (0)    1 :  0.007 0.004 0.011 0.010 0.046 0.004 0.015 0.003 0.005 0.003 0.019 0.851 0.003 0.006 0.005 0.003 0.007 
128 TMA-ZAIN-G-    (0)    1 :  0.006 0.007 0.006 0.013 0.017 0.004 0.008 0.003 0.010 0.003 0.009 0.880 0.003 0.013 0.005 0.004 0.008 
129 TMA-ZAIN-G-    (0)    1 :  0.008 0.004 0.006 0.010 0.009 0.004 0.006 0.004 0.005 0.003 0.015 0.898 0.004 0.010 0.006 0.004 0.005 
130 TMA-ZAIN-G-    (0)    1 :  0.015 0.004 0.009 0.004 0.005 0.004 0.004 0.004 0.004 0.002 0.007 0.904 0.003 0.007 0.004 0.013 0.005 
131 TMA-ZAIN-G-    (0)    1 :  0.008 0.005 0.006 0.007 0.012 0.004 0.008 0.003 0.004 0.003 0.008 0.907 0.004 0.006 0.007 0.003 0.006 
132 TMA-ZAIN-G-    (0)    1 :  0.007 0.007 0.008 0.018 0.011 0.006 0.010 0.003 0.016 0.003 0.012 0.857 0.003 0.014 0.004 0.013 0.009 
133 TMA-ZAIN-G-    (0)    1 :  0.076 0.011 0.015 0.011 0.098 0.022 0.041 0.003 0.051 0.007 0.572 0.021 0.011 0.011 0.025 0.015 0.010 
134 TMA-ZAIN-G-    (0)    1 :  0.107 0.005 0.023 0.010 0.027 0.016 0.009 0.003 0.024 0.004 0.640 0.082 0.004 0.007 0.018 0.016 0.005 
135 TMA-ZAIN-G-    (0)    1 :  0.006 0.003 0.025 0.028 0.007 0.009 0.010 0.003 0.008 0.003 0.861 0.009 0.003 0.007 0.006 0.003 0.008 
136 TMA-ZAIN-G-    (0)    1 :  0.005 0.009 0.019 0.053 0.013 0.018 0.011 0.004 0.275 0.005 0.487 0.016 0.004 0.025 0.005 0.015 0.037 
137 TMA-ZAIN-G-    (0)    1 :  0.005 0.004 0.594 0.014 0.007 0.017 0.014 0.005 0.004 0.007 0.261 0.013 0.006 0.016 0.019 0.005 0.010 
138 TMA-ZAIN-G-    (0)    1 :  0.011 0.004 0.063 0.033 0.015 0.008 0.015 0.004 0.008 0.002 0.693 0.084 0.003 0.020 0.004 0.009 0.025 
139 TMA-ZAIN-G-    (0)    1 :  0.008 0.003 0.089 0.017 0.009 0.013 0.010 0.004 0.009 0.003 0.700 0.053 0.003 0.024 0.005 0.024 0.024 
140 TMA-ZAIN-G-    (0)    1 :  0.007 0.010 0.054 0.085 0.022 0.011 0.175 0.003 0.009 0.004 0.333 0.017 0.004 0.026 0.004 0.004 0.232 
141 TMA-ZAIN-G-    (0)    1 :  0.021 0.007 0.031 0.123 0.014 0.019 0.432 0.006 0.006 0.003 0.195 0.033 0.005 0.028 0.010 0.005 0.062 
142 TMA-ZAIN-G-    (9)    1 :  0.006 0.007 0.055 0.132 0.013 0.012 0.346 0.003 0.011 0.003 0.111 0.011 0.003 0.022 0.006 0.004 0.253 
143 TMA-ZAIN-G-    (0)    1 :  0.008 0.009 0.054 0.161 0.039 0.010 0.053 0.004 0.011 0.003 0.406 0.048 0.004 0.093 0.006 0.005 0.087 
144 TMA-ZAIN-G-    (0)    1 :  0.010 0.016 0.098 0.046 0.050 0.006 0.033 0.003 0.006 0.006 0.393 0.053 0.009 0.031 0.011 0.018 0.212 
145 TMA-ZAIN-G-    (0)    1 :  0.006 0.006 0.358 0.074 0.017 0.034 0.060 0.003 0.259 0.002 0.034 0.037 0.003 0.036 0.005 0.013 0.052 
146 TMA-ZAIN-G-    (0)    1 :  0.004 0.003 0.006 0.433 0.004 0.012 0.449 0.003 0.004 0.003 0.014 0.004 0.003 0.005 0.004 0.003 0.045 
147 TMA-ZAIN-G-    (9)    1 :  0.005 0.004 0.008 0.595 0.007 0.011 0.275 0.003 0.008 0.003 0.046 0.006 0.003 0.006 0.004 0.004 0.013 
148 TMA-ZAIN-G-    (0)    1 :  0.049 0.003 0.005 0.464 0.017 0.008 0.311 0.003 0.004 0.003 0.060 0.022 0.003 0.004 0.004 0.019 0.020 
149 TMA-ZAIN-G-    (0)    1 :  0.015 0.013 0.008 0.406 0.012 0.010 0.074 0.016 0.006 0.011 0.318 0.026 0.008 0.010 0.020 0.033 0.016 
150 TMA-ZAIN-G-    (0)    1 :  0.010 0.012 0.023 0.410 0.009 0.014 0.015 0.022 0.069 0.008 0.263 0.013 0.006 0.039 0.010 0.050 0.029 
151 TMA-ZAIN-G-    (0)    1 :  0.015 0.004 0.693 0.010 0.147 0.005 0.010 0.003 0.007 0.002 0.006 0.006 0.003 0.038 0.003 0.004 0.046 
152 TMA-ZAIN-G-    (0)    1 :  0.015 0.005 0.638 0.009 0.014 0.004 0.011 0.004 0.006 0.002 0.008 0.006 0.003 0.061 0.003 0.004 0.206 
153 TMA-ZAIN-G-    (0)    1 :  0.024 0.004 0.445 0.025 0.066 0.015 0.026 0.004 0.015 0.003 0.184 0.031 0.003 0.030 0.003 0.012 0.110 
154 TMA-ZAIN-G-    (0)    1 :  0.004 0.003 0.882 0.005 0.005 0.004 0.010 0.003 0.004 0.002 0.005 0.007 0.003 0.015 0.004 0.003 0.041 
155 TMA-ZAIN-G-    (0)    1 :  0.007 0.004 0.833 0.013 0.009 0.007 0.014 0.004 0.006 0.003 0.054 0.010 0.003 0.011 0.006 0.003 0.013 
156 TMA-ZAIN-G-    (9)    1 :  0.077 0.004 0.633 0.009 0.048 0.004 0.020 0.005 0.003 0.003 0.028 0.031 0.005 0.015 0.003 0.009 0.103 
157 TMA-ZAIN-G-    (0)    1 :  0.108 0.004 0.381 0.024 0.061 0.008 0.063 0.006 0.008 0.003 0.197 0.018 0.004 0.014 0.005 0.005 0.090 
158 TMA-ZAIN-G-    (0)    1 :  0.004 0.006 0.218 0.013 0.009 0.013 0.060 0.003 0.005 0.003 0.014 0.008 0.005 0.012 0.004 0.004 0.621 
159 TMA-ZAIN-G-    (0)    1 :  0.004 0.003 0.405 0.056 0.006 0.127 0.144 0.004 0.014 0.002 0.069 0.010 0.003 0.015 0.004 0.005 0.127 
160 TMA-ZAIN-G-    (0)    1 :  0.004 0.003 0.496 0.032 0.005 0.126 0.052 0.005 0.020 0.002 0.028 0.008 0.003 0.097 0.005 0.007 0.109 
161 TMA-ZAIN-G-    (0)    1 :  0.016 0.006 0.207 0.048 0.035 0.012 0.048 0.003 0.006 0.002 0.365 0.097 0.004 0.019 0.005 0.017 0.108 
162 TMA-ZAIN-G-    (0)    1 :  0.003 0.010 0.862 0.006 0.007 0.005 0.006 0.016 0.004 0.013 0.009 0.005 0.006 0.008 0.012 0.011 0.017 
163 TMA-ZAIN-G-    (0)    1 :  0.003 0.003 0.850 0.008 0.005 0.006 0.013 0.003 0.004 0.002 0.016 0.005 0.002 0.009 0.003 0.003 0.066 
164 TMA-ZAIN-G-    (0)    1 :  0.005 0.006 0.438 0.026 0.007 0.008 0.019 0.005 0.007 0.004 0.026 0.013 0.004 0.067 0.010 0.008 0.348 
165 TMA-ZAIN-G-    (0)    1 :  0.004 0.004 0.480 0.032 0.009 0.009 0.026 0.004 0.006 0.003 0.072 0.012 0.003 0.084 0.004 0.004 0.246 
166 TMA-ZAIN-G-    (0)    1 :  0.006 0.004 0.381 0.115 0.022 0.024 0.165 0.003 0.010 0.002 0.049 0.037 0.003 0.036 0.005 0.009 0.128 
167 TMA-ZAIN-G-    (0)    1 :  0.007 0.007 0.015 0.093 0.015 0.049 0.399 0.005 0.004 0.005 0.215 0.011 0.006 0.021 0.007 0.005 0.135 
168 TMA-ZAIN-G-    (0)    1 :  0.023 0.005 0.005 0.048 0.006 0.020 0.687 0.005 0.008 0.003 0.012 0.006 0.005 0.013 0.006 0.006 0.144 
169 TMA-ZAIN-G-    (0)    1 :  0.004 0.003 0.007 0.051 0.005 0.010 0.706 0.003 0.022 0.002 0.007 0.005 0.002 0.011 0.004 0.004 0.152 
170 TMA-ZAIN-G-    (0)    1 :  0.049 0.008 0.033 0.081 0.064 0.019 0.438 0.023 0.015 0.013 0.081 0.026 0.033 0.035 0.005 0.004 0.073 
171 TMA-ZAIN-G-    (0)    1 :  0.004 0.003 0.005 0.051 0.004 0.015 0.718 0.003 0.008 0.002 0.009 0.004 0.003 0.007 0.004 0.003 0.159 
172 TMA-ZAIN-G-    (0)    1 :  0.014 0.005 0.009 0.022 0.113 0.007 0.593 0.003 0.004 0.004 0.060 0.021 0.005 0.005 0.005 0.003 0.125 
173 TMA-ZAIN-G-    (0)    1 :  0.019 0.009 0.009 0.039 0.252 0.012 0.399 0.003 0.006 0.003 0.088 0.040 0.007 0.009 0.007 0.005 0.090 
174 TMA-ZAIN-G-    (0)    1 :  0.004 0.005 0.038 0.220 0.064 0.019 0.116 0.003 0.040 0.002 0.055 0.321 0.003 0.038 0.004 0.007 0.059 
175 TMA-ZAIN-G-    (0)    1 :  0.004 0.003 0.006 0.123 0.004 0.035 0.647 0.003 0.006 0.003 0.016 0.005 0.003 0.007 0.004 0.003 0.129 
176 TMA-ZAIN-G-    (0)    1 :  0.004 0.003 0.006 0.099 0.005 0.016 0.689 0.003 0.004 0.003 0.023 0.004 0.003 0.005 0.004 0.003 0.126 
177 TMA-ZAIN-G-    (0)    1 :  0.009 0.003 0.006 0.037 0.007 0.008 0.699 0.003 0.003 0.003 0.013 0.004 0.003 0.005 0.004 0.003 0.191 
178 TMA-ZAIN-G-    (0)    1 :  0.036 0.007 0.010 0.109 0.120 0.015 0.299 0.004 0.004 0.004 0.122 0.009 0.006 0.012 0.005 0.004 0.233 
179 TMA-ZAIN-G-    (0)    1 :  0.013 0.005 0.013 0.135 0.029 0.007 0.562 0.003 0.007 0.002 0.019 0.008 0.004 0.009 0.005 0.004 0.177 
180 TMA-ZAIN-G-    (0)    1 :  0.030 0.013 0.018 0.092 0.180 0.004 0.046 0.004 0.091 0.006 0.092 0.318 0.006 0.041 0.025 0.009 0.026 
181 TMA-ZAIN-G-    (0)    1 :  0.145 0.004 0.065 0.009 0.553 0.012 0.109 0.005 0.005 0.003 0.033 0.015 0.004 0.016 0.004 0.005 0.012 
182 TMA-ZAIN-G-    (0)    1 :  0.185 0.004 0.029 0.027 0.187 0.004 0.039 0.006 0.003 0.003 0.108 0.356 0.005 0.018 0.006 0.005 0.015 
183 TMA-ZAIN-G-    (0)    1 :  0.065 0.004 0.010 0.009 0.704 0.006 0.105 0.004 0.004 0.003 0.014 0.007 0.005 0.043 0.006 0.004 0.009 
184 TMA-ZAIN-G-    (0)    1 :  0.030 0.012 0.039 0.015 0.494 0.010 0.127 0.025 0.007 0.012 0.118 0.014 0.009 0.035 0.019 0.017 0.017 
185 TMA-ZAIN-G-    (0)    1 :  0.004 0.030 0.009 0.011 0.621 0.007 0.136 0.011 0.005 0.013 0.065 0.029 0.009 0.008 0.013 0.018 0.011 
186 TMA-ZAIN-G-    (9)    1 :  0.005 0.011 0.013 0.008 0.645 0.011 0.151 0.003 0.006 0.004 0.043 0.056 0.007 0.008 0.005 0.005 0.018 
187 TMA-ZAIN-G-    (0)    1 :  0.015 0.005 0.049 0.011 0.636 0.041 0.107 0.004 0.015 0.003 0.066 0.018 0.004 0.009 0.005 0.003 0.008 
188 TMA-ZAIN-G-    (0)    1 :  0.006 0.005 0.023 0.009 0.714 0.050 0.055 0.003 0.026 0.002 0.028 0.021 0.003 0.042 0.003 0.004 0.005 
189 TMA-ZAIN-G-    (0)    1 :  0.005 0.003 0.006 0.007 0.769 0.004 0.153 0.002 0.006 0.003 0.011 0.010 0.003 0.006 0.004 0.002 0.005 
190 TMA-ZAIN-G-    (0)    1 :  0.021 0.006 0.005 0.041 0.699 0.028 0.083 0.003 0.016 0.003 0.009 0.010 0.005 0.027 0.004 0.005 0.033 
191 TMA-ZAIN-G-    (0)    1 :  0.004 0.008 0.006 0.013 0.739 0.007 0.132 0.010 0.004 0.014 0.012 0.007 0.006 0.010 0.015 0.008 0.006 
192 TMA-ZAIN-G-    (0)    1 :  0.018 0.003 0.009 0.008 0.676 0.015 0.135 0.004 0.004 0.013 0.053 0.016 0.010 0.005 0.021 0.005 0.005 
193 TMA-ZAIN-G-    (0)    1 :  0.946 0.003 0.003 0.004 0.006 0.003 0.003 0.003 0.003 0.002 0.003 0.004 0.003 0.003 0.004 0.005 0.003 
194 TMA-ZAIN-G-    (0)    1 :  0.733 0.020 0.003 0.008 0.084 0.006 0.025 0.002 0.012 0.006 0.013 0.040 0.012 0.005 0.004 0.018 0.008 
195 TMA-ZAIN-G-    (0)    1 :  0.702 0.004 0.004 0.031 0.071 0.023 0.030 0.003 0.031 0.002 0.012 0.044 0.007 0.007 0.004 0.006 0.018 
196 TMA-ZAIN-G-    (0)    1 :  0.864 0.008 0.007 0.009 0.024 0.006 0.009 0.003 0.016 0.003 0.011 0.009 0.003 0.011 0.004 0.007 0.007 
197 TMA-ZAIN-G-    (0)    1 :  0.868 0.005 0.009 0.010 0.010 0.010 0.012 0.003 0.012 0.003 0.013 0.011 0.004 0.009 0.008 0.005 0.008 
198 TMA-ZAIN-G-    (0)    1 :  0.874 0.003 0.010 0.012 0.017 0.008 0.017 0.003 0.008 0.003 0.011 0.006 0.003 0.008 0.004 0.004 0.010 
199 TMA-ZAIN-G-    (0)    1 :  0.006 0.009 0.014 0.009 0.666 0.008 0.153 0.004 0.005 0.004 0.045 0.038 0.005 0.008 0.004 0.006 0.015 
200 TMA-ZAIN-G-    (0)    1 :  0.054 0.015 0.002 0.004 0.006 0.003 0.004 0.021 0.004 0.716 0.003 0.003 0.146 0.004 0.007 0.004 0.004 
201 TMA-ZAIN-G-    (0)    1 :  0.003 0.012 0.003 0.005 0.003 0.004 0.004 0.009 0.007 0.874 0.004 0.003 0.049 0.004 0.006 0.003 0.005 
202 TMA-ZAIN-G-    (0)    1 :  0.040 0.009 0.005 0.009 0.020 0.003 0.008 0.022 0.004 0.793 0.007 0.004 0.058 0.006 0.004 0.002 0.007 
203 TMA-ZAIN-G-    (0)    1 :  0.751 0.005 0.022 0.024 0.025 0.006 0.011 0.014 0.003 0.003 0.033 0.041 0.004 0.039 0.005 0.005 0.010 
204 TMA-ZAIN-G-    (9)    1 :  0.006 0.005 0.004 0.039 0.009 0.016 0.018 0.005 0.009 0.720 0.008 0.007 0.055 0.006 0.063 0.022 0.007 
205 TMA-ZAIN-G-    (0)    1 :  0.007 0.004 0.062 0.020 0.009 0.009 0.010 0.006 0.006 0.680 0.031 0.011 0.071 0.020 0.023 0.014 0.016 
206 TMA-ZAIN-G-    (9)    1 :  0.056 0.010 0.005 0.014 0.018 0.007 0.022 0.012 0.008 0.556 0.009 0.006 0.084 0.016 0.152 0.012 0.013 
207 TMA-ZAIN-G-    (9)    1 :  0.008 0.052 0.108 0.022 0.017 0.017 0.016 0.008 0.046 0.008 0.118 0.011 0.019 0.239 0.056 0.052 0.203 
208 TMA-ZAIN-G-    (0)    1 :  0.004 0.009 0.035 0.145 0.017 0.014 0.040 0.003 0.040 0.003 0.286 0.006 0.003 0.060 0.002 0.005 0.328 
209 TMA-ZAIN-G-    (0)    1 :  0.169 0.004 0.025 0.037 0.021 0.034 0.150 0.003 0.011 0.003 0.298 0.121 0.004 0.009 0.010 0.059 0.043 
210 TMA-ZAIN-G-    (0)    1 :  0.325 0.009 0.048 0.104 0.079 0.043 0.070 0.004 0.090 0.003 0.114 0.041 0.004 0.019 0.012 0.014 0.022 
211 TMA-ZAIN-G-    (0)    1 :  0.061 0.016 0.021 0.126 0.079 0.038 0.083 0.010 0.023 0.018 0.175 0.255 0.019 0.034 0.008 0.011 0.023 
212 TMA-ZAIN-G-    (0)    1 :  0.021 0.009 0.024 0.426 0.231 0.004 0.074 0.003 0.009 0.004 0.042 0.031 0.004 0.041 0.011 0.005 0.062 
213 TMA-ZAIN-G-    (0)    1 :  0.009 0.004 0.020 0.030 0.019 0.008 0.036 0.003 0.004 0.004 0.818 0.013 0.004 0.005 0.004 0.005 0.014 
214 TMA-ZAIN-G-    (0)    1 :  0.008 0.003 0.030 0.012 0.033 0.016 0.035 0.003 0.020 0.003 0.746 0.056 0.004 0.004 0.004 0.006 0.017 
215 TMA-ZAIN-G-    (0)    1 :  0.004 0.005 0.012 0.017 0.151 0.028 0.263 0.003 0.004 0.009 0.157 0.010 0.203 0.029 0.003 0.002 0.101 
216 TMA-ZAIN-G-    (0)    1 :  0.017 0.007 0.015 0.011 0.245 0.010 0.119 0.003 0.006 0.004 0.350 0.115 0.006 0.005 0.006 0.012 0.068 
217 TMA-ZAIN-G-    (0)    1 :  0.023 0.003 0.013 0.042 0.012 0.033 0.090 0.003 0.054 0.003 0.613 0.076 0.003 0.006 0.005 0.007 0.014 
218 TMA-ZAIN-G-    (0)    1 :  0.003 0.014 0.007 0.004 0.006 0.004 0.013 0.006 0.009 0.003 0.005 0.014 0.887 0.005 0.004 0.005 0.009 
219 TMA-ZAIN-G-    (0)    1 :  0.003 0.007 0.005 0.003 0.005 0.004 0.004 0.005 0.003 0.007 0.005 0.009 0.912 0.004 0.013 0.007 0.004 
220 TMA-ZAIN-G-    (0)    1 :  0.004 0.178 0.009 0.006 0.012 0.005 0.005 0.026 0.008 0.005 0.006 0.005 0.451 0.249 0.009 0.005 0.016 
221 TMA-ZAIN-G-    (0)    1 :  0.005 0.011 0.007 0.010 0.014 0.005 0.014 0.004 0.004 0.012 0.008 0.015 0.860 0.006 0.009 0.005 0.010 
222 TMA-ZAIN-G-    (0)    1 :  0.004 0.005 0.014 0.008 0.006 0.006 0.010 0.018 0.012 0.005 0.007 0.014 0.828 0.017 0.019 0.009 0.018 
223 TMA-ZAIN-G-    (0)    1 :  0.003 0.017 0.004 0.006 0.005 0.005 0.004 0.006 0.005 0.009 0.005 0.006 0.897 0.006 0.014 0.004 0.006 
