

----------------------------------------------------
STRUCTURE by Pritchard, Stephens and Donnelly (2000)
     and Falush, Stephens and Pritchard (2003)
       Code by Pritchard, Falush and Hubisz
             Version 2.3.4 (Jul 2012)
----------------------------------------------------



Command line arguments:   bin\structure -m C:\Users\eschumacher\Documents\GitHub\GCC_QUAC_ZAIN\Data_Files\Structure_Files\ZAIN\ZAIN_rebinned_allpop_str\50-50\mainparams -e C:\Users\eschumacher\Documents\GitHub\GCC_QUAC_ZAIN\Data_Files\Structure_Files\ZAIN\ZAIN_rebinned_allpop_str\50-50\extraparams 
Input File:    C:\Users\eschumacher\Documents\GitHub\GCC_QUAC_ZAIN\Data_Files\Structure_Files\ZAIN\ZAIN_rebinned_allpop_str\project_data

Run parameters:
   1133 individuals
   11 loci
   10 populations assumed
   50000 Burn-in period
   50000 Reps


--------------------------------------------
Proportion of membership of each pre-defined
 population in each of the 10 clusters

Given    Inferred Clusters                                                        Number of
 Pop       1      2      3      4      5      6      7      8      9     10      Individuals

  1:     0.078  0.048  0.093  0.054  0.042  0.088  0.226  0.105  0.194  0.072      303
  2:     0.182  0.028  0.108  0.016  0.055  0.060  0.191  0.100  0.246  0.013       15
  3:     0.006  0.019  0.086  0.250  0.014  0.013  0.169  0.350  0.075  0.018        2
  4:     0.033  0.021  0.075  0.007  0.034  0.057  0.136  0.237  0.394  0.006        2
  5:     0.015  0.022  0.019  0.214  0.065  0.042  0.144  0.344  0.106  0.029        7
  6:     0.007  0.032  0.662  0.112  0.008  0.006  0.010  0.006  0.152  0.005       13
  7:     0.004  0.006  0.951  0.005  0.003  0.009  0.004  0.007  0.005  0.007       13
  8:     0.013  0.031  0.008  0.055  0.110  0.010  0.498  0.013  0.250  0.013        7
  9:     0.012  0.026  0.016  0.084  0.040  0.034  0.320  0.068  0.393  0.006       11
 10:     0.030  0.022  0.008  0.029  0.030  0.119  0.506  0.158  0.086  0.012        9
 11:     0.006  0.013  0.016  0.005  0.005  0.889  0.009  0.010  0.007  0.042       35
 12:     0.019  0.021  0.005  0.014  0.026  0.007  0.614  0.007  0.283  0.004       36
 13:     0.009  0.011  0.005  0.018  0.032  0.005  0.751  0.009  0.154  0.006       33
 14:     0.881  0.042  0.015  0.010  0.012  0.008  0.012  0.006  0.008  0.007       40
 15:     0.006  0.006  0.003  0.942  0.006  0.004  0.007  0.004  0.019  0.003       39
 16:     0.025  0.017  0.050  0.013  0.031  0.179  0.057  0.585  0.027  0.016       40
 17:     0.023  0.051  0.045  0.011  0.018  0.078  0.012  0.689  0.010  0.062       37
 18:     0.006  0.006  0.003  0.013  0.024  0.006  0.691  0.004  0.243  0.003       40
 19:     0.005  0.041  0.023  0.014  0.003  0.893  0.005  0.007  0.006  0.004       28
 20:     0.014  0.946  0.005  0.005  0.006  0.004  0.005  0.004  0.005  0.005       14
 21:     0.008  0.029  0.017  0.031  0.006  0.012  0.011  0.028  0.015  0.844       13
 22:     0.027  0.007  0.003  0.037  0.009  0.006  0.015  0.004  0.890  0.002       14
 23:     0.008  0.012  0.004  0.012  0.045  0.005  0.840  0.006  0.060  0.008       25
 24:     0.008  0.006  0.005  0.006  0.937  0.006  0.012  0.005  0.010  0.006       40
 25:     0.781  0.041  0.009  0.021  0.010  0.030  0.027  0.021  0.052  0.008       32
 26:     0.003  0.004  0.004  0.003  0.003  0.003  0.003  0.003  0.003  0.971       20
 27:     0.008  0.014  0.027  0.004  0.007  0.698  0.012  0.215  0.012  0.003        4
 28:     0.011  0.012  0.046  0.006  0.015  0.819  0.048  0.019  0.018  0.005       23
 29:     0.009  0.006  0.019  0.006  0.005  0.925  0.006  0.014  0.005  0.004       39
 30:     0.005  0.014  0.942  0.004  0.004  0.010  0.005  0.006  0.004  0.006       38
 31:     0.009  0.007  0.004  0.181  0.053  0.005  0.058  0.008  0.670  0.005       45
 32:     0.014  0.017  0.004  0.163  0.027  0.005  0.261  0.009  0.487  0.014       28
 33:     0.007  0.006  0.007  0.008  0.005  0.922  0.004  0.022  0.005  0.015        6
 34:     0.011  0.019  0.013  0.012  0.042  0.024  0.012  0.842  0.022  0.004       40
 35:     0.011  0.022  0.038  0.010  0.011  0.019  0.008  0.798  0.023  0.059       42
--------------------------------------------

Allele-freq. divergence among pops (Net nucleotide distance),
computed using point estimates of P.

      1       2       3       4       5       6       7       8       9      10      
 1      -    0.1865  0.2681  0.1848  0.2066  0.1697  0.2105  0.1397  0.1813  0.3650  
 2   0.1865     -    0.2308  0.2216  0.2619  0.2171  0.1917  0.1330  0.1673  0.3250  
 3   0.2681  0.2308     -    0.3476  0.3667  0.1240  0.3074  0.1303  0.2896  0.2052  
 4   0.1848  0.2216  0.3476     -    0.2612  0.2662  0.2231  0.1692  0.1349  0.4383  
 5   0.2066  0.2619  0.3667  0.2612     -    0.3335  0.1038  0.2150  0.1141  0.4594  
 6   0.1697  0.2171  0.1240  0.2662  0.3335     -    0.2215  0.0959  0.2213  0.3104  
 7   0.2105  0.1917  0.3074  0.2231  0.1038  0.2215     -    0.1573  0.0418  0.3843  
 8   0.1397  0.1330  0.1303  0.1692  0.2150  0.0959  0.1573     -    0.1186  0.2442  
 9   0.1813  0.1673  0.2896  0.1349  0.1141  0.2213  0.0418  0.1186     -    0.3692  
10   0.3650  0.3250  0.2052  0.4383  0.4594  0.3104  0.3843  0.2442  0.3692     -    

Average distances (expected heterozygosity) between individuals in same cluster:
cluster  1  : 0.3939 
cluster  2  : 0.2721 
cluster  3  : 0.3796 
cluster  4  : 0.2738 
cluster  5  : 0.3595 
cluster  6  : 0.4794 
cluster  7  : 0.4052 
cluster  8  : 0.5510 
cluster  9  : 0.4374 
cluster 10  : 0.2480 

--------------------------------------------
Estimated Ln Prob of Data   = -20843.6
Mean value of ln likelihood = -20228.0
Variance of ln likelihood   = 1231.3
Mean value of alpha         = 0.0336

Mean value of Fst_1         = 0.4227
Mean value of Fst_2         = 0.5702
Mean value of Fst_3         = 0.5573
Mean value of Fst_4         = 0.5622
Mean value of Fst_5         = 0.4385
Mean value of Fst_6         = 0.3495
Mean value of Fst_7         = 0.3211
Mean value of Fst_8         = 0.1367
Mean value of Fst_9         = 0.3258
Mean value of Fst_10         = 0.6342


Inferred ancestry of individuals:
        Label (%Miss) Pop:  Inferred clusters
  1 TMA-ZAIN-G-    (9)    1 :  0.016 0.013 0.009 0.077 0.012 0.778 0.010 0.051 0.030 0.004 
  2 TMA-ZAIN-G-    (0)    1 :  0.026 0.020 0.010 0.008 0.005 0.716 0.159 0.020 0.032 0.004 
  3 TMA-ZAIN-G-    (0)    1 :  0.011 0.010 0.003 0.030 0.134 0.008 0.202 0.009 0.589 0.003 
  4 TMA-ZAIN-G-    (0)    1 :  0.026 0.656 0.004 0.018 0.096 0.016 0.154 0.005 0.019 0.004 
  5 TMA-ZAIN-G-    (0)    1 :  0.006 0.005 0.007 0.002 0.002 0.965 0.003 0.004 0.002 0.004 
  6 TMA-ZAIN-G-    (0)    1 :  0.036 0.068 0.029 0.025 0.176 0.076 0.119 0.116 0.317 0.037 
  7 TMA-ZAIN-G-    (0)    1 :  0.013 0.109 0.007 0.043 0.008 0.015 0.313 0.012 0.473 0.006 
  8 TMA-ZAIN-G-    (0)    1 :  0.020 0.005 0.003 0.006 0.018 0.006 0.025 0.004 0.909 0.002 
  9 TMA-ZAIN-G-    (9)    1 :  0.005 0.009 0.006 0.007 0.036 0.008 0.191 0.008 0.726 0.004 
 10 TMA-ZAIN-G-    (0)    1 :  0.009 0.011 0.004 0.013 0.039 0.003 0.321 0.010 0.587 0.004 
 11 TMA-ZAIN-G-    (0)    1 :  0.006 0.024 0.005 0.010 0.008 0.005 0.426 0.007 0.503 0.006 
 12 TMA-ZAIN-G-    (0)    1 :  0.004 0.004 0.002 0.015 0.006 0.005 0.923 0.006 0.033 0.003 
 13 TMA-ZAIN-G-    (9)    1 :  0.016 0.015 0.106 0.079 0.021 0.034 0.174 0.024 0.508 0.022 
 14 TMA-ZAIN-G-    (9)    1 :  0.007 0.005 0.006 0.911 0.007 0.003 0.012 0.009 0.025 0.014 
 15 TMA-ZAIN-G-    (0)    1 :  0.006 0.005 0.002 0.932 0.008 0.003 0.005 0.006 0.030 0.002 
 16 TMA-ZAIN-G-    (0)    1 :  0.004 0.006 0.004 0.007 0.005 0.003 0.917 0.005 0.044 0.005 
 17 TMA-ZAIN-G-    (9)    1 :  0.016 0.070 0.014 0.056 0.006 0.009 0.014 0.029 0.782 0.003 
 18 TMA-ZAIN-G-    (0)    1 :  0.050 0.015 0.008 0.017 0.009 0.766 0.009 0.110 0.012 0.004 
 19 TMA-ZAIN-G-    (0)    1 :  0.004 0.034 0.010 0.013 0.005 0.014 0.015 0.872 0.027 0.006 
 20 TMA-ZAIN-G-    (0)    1 :  0.024 0.007 0.082 0.003 0.004 0.044 0.004 0.793 0.003 0.036 
 21 TMA-ZAIN-G-    (0)    1 :  0.003 0.003 0.005 0.002 0.003 0.003 0.002 0.003 0.003 0.973 
 22 TMA-ZAIN-G-    (0)    1 :  0.004 0.005 0.961 0.003 0.002 0.010 0.002 0.005 0.002 0.004 
 23 TMA-ZAIN-G-    (0)    1 :  0.003 0.006 0.954 0.005 0.003 0.007 0.004 0.009 0.005 0.005 
 24 TMA-ZAIN-G-    (9)    1 :  0.007 0.004 0.669 0.036 0.188 0.006 0.056 0.004 0.021 0.009 
 25 TMA-ZAIN-G-    (9)    1 :  0.004 0.004 0.011 0.006 0.005 0.128 0.037 0.777 0.019 0.008 
 26 TMA-ZAIN-G-    (9)    1 :  0.331 0.012 0.009 0.024 0.010 0.007 0.140 0.009 0.351 0.106 
 27 TMA-ZAIN-G-    (0)    1 :  0.014 0.024 0.010 0.061 0.009 0.068 0.006 0.779 0.014 0.016 
 28 TMA-ZAIN-G-    (0)    1 :  0.007 0.006 0.006 0.012 0.008 0.010 0.007 0.930 0.010 0.003 
 29 TMA-ZAIN-G-    (0)    1 :  0.017 0.003 0.004 0.006 0.707 0.003 0.004 0.246 0.004 0.005 
 30 TMA-ZAIN-G-    (0)    1 :  0.008 0.008 0.005 0.106 0.058 0.004 0.122 0.377 0.308 0.004 
 31 TMA-ZAIN-G-    (0)    1 :  0.048 0.019 0.011 0.005 0.006 0.882 0.006 0.010 0.004 0.010 
 32 TMA-ZAIN-G-    (9)    1 :  0.005 0.005 0.016 0.028 0.004 0.847 0.034 0.017 0.039 0.005 
 33 TMA-ZAIN-G-   (18)    1 :  0.004 0.004 0.003 0.007 0.017 0.005 0.112 0.005 0.839 0.002 
 34 TMA-ZAIN-G-    (0)    1 :  0.006 0.007 0.017 0.008 0.013 0.266 0.601 0.011 0.057 0.012 
 35 TMA-ZAIN-G-    (9)    1 :  0.016 0.018 0.004 0.079 0.129 0.035 0.337 0.017 0.362 0.003 
 36 TMA-ZAIN-G-    (0)    1 :  0.011 0.008 0.003 0.099 0.009 0.004 0.213 0.006 0.644 0.002 
 37 TMA-ZAIN-G-    (9)    1 :  0.011 0.059 0.006 0.008 0.015 0.008 0.268 0.013 0.603 0.009 
 38 TMA-ZAIN-G-   (18)    1 :  0.005 0.009 0.012 0.062 0.007 0.826 0.017 0.021 0.036 0.005 
 39 TMA-ZAIN-G-    (0)    1 :  0.008 0.010 0.003 0.004 0.011 0.003 0.839 0.005 0.109 0.009 
 40 TMA-ZAIN-G-    (0)    1 :  0.004 0.012 0.003 0.005 0.006 0.003 0.332 0.004 0.623 0.007 
 41 TMA-ZAIN-G-    (0)    1 :  0.004 0.003 0.002 0.058 0.007 0.002 0.131 0.005 0.784 0.003 
 42 TMA-ZAIN-G-    (9)    1 :  0.009 0.004 0.002 0.166 0.006 0.003 0.017 0.004 0.785 0.002 
 43 TMA-ZAIN-G-    (0)    1 :  0.005 0.004 0.003 0.962 0.007 0.003 0.004 0.003 0.007 0.002 
 44 TMA-ZAIN-G-    (0)    1 :  0.003 0.009 0.006 0.005 0.023 0.005 0.095 0.011 0.030 0.812 
 45 TMA-ZAIN-G-    (0)    1 :  0.008 0.012 0.005 0.016 0.006 0.005 0.518 0.008 0.413 0.009 
 46 TMA-ZAIN-G-    (0)    1 :  0.004 0.006 0.006 0.003 0.002 0.004 0.003 0.003 0.002 0.966 
 47 TMA-ZAIN-G-    (0)    1 :  0.955 0.013 0.003 0.004 0.004 0.004 0.004 0.005 0.004 0.005 
 48 TMA-ZAIN-G-    (0)    1 :  0.227 0.179 0.026 0.057 0.018 0.006 0.045 0.020 0.410 0.013 
 49 TMA-ZAIN-G-    (9)    1 :  0.008 0.021 0.009 0.004 0.048 0.021 0.022 0.856 0.006 0.004 
 50 TMA-ZAIN-G-    (0)    1 :  0.003 0.004 0.004 0.007 0.003 0.005 0.012 0.928 0.025 0.008 
 51 TMA-ZAIN-G-    (0)    1 :  0.018 0.018 0.005 0.082 0.006 0.007 0.008 0.825 0.018 0.014 
 52 TMA-ZAIN-G-    (0)    1 :  0.043 0.195 0.009 0.022 0.003 0.005 0.012 0.690 0.010 0.011 
 53 TMA-ZAIN-G-    (0)    1 :  0.092 0.095 0.016 0.045 0.006 0.161 0.012 0.552 0.017 0.005 
 54 TMA-ZAIN-G-    (0)    1 :  0.949 0.004 0.006 0.008 0.003 0.005 0.005 0.008 0.008 0.004 
 55 TMA-ZAIN-G-    (0)    1 :  0.911 0.003 0.009 0.018 0.003 0.004 0.006 0.023 0.017 0.005 
 56 TMA-ZAIN-G-    (0)    1 :  0.069 0.477 0.008 0.039 0.028 0.006 0.027 0.051 0.289 0.005 
 57 TMA-ZAIN-G-    (0)    1 :  0.921 0.014 0.004 0.005 0.008 0.008 0.012 0.020 0.005 0.003 
 58 TMA-ZAIN-G-    (0)    1 :  0.029 0.010 0.142 0.009 0.006 0.026 0.008 0.746 0.018 0.005 
 59 TMA-ZAIN-G-    (0)    1 :  0.030 0.069 0.020 0.012 0.036 0.627 0.079 0.033 0.073 0.022 
 60 TMA-ZAIN-G-    (0)    1 :  0.023 0.047 0.008 0.126 0.008 0.443 0.010 0.306 0.020 0.009 
 61 TMA-ZAIN-G-    (0)    1 :  0.010 0.029 0.027 0.003 0.003 0.898 0.003 0.009 0.003 0.014 
 62 TMA-ZAIN-G-    (9)    1 :  0.017 0.003 0.012 0.007 0.010 0.799 0.041 0.036 0.035 0.040 
 63 TMA-ZAIN-G-    (0)    1 :  0.011 0.012 0.011 0.007 0.003 0.930 0.005 0.013 0.005 0.004 
 64 TMA-ZAIN-G-    (0)    1 :  0.003 0.004 0.002 0.005 0.967 0.002 0.006 0.003 0.005 0.002 
 65 TMA-ZAIN-G-    (9)    1 :  0.007 0.005 0.003 0.006 0.952 0.003 0.011 0.003 0.008 0.002 
 66 TMA-ZAIN-G-    (0)    1 :  0.004 0.005 0.003 0.005 0.948 0.003 0.015 0.003 0.013 0.003 
 67 TMA-ZAIN-G-    (0)    1 :  0.005 0.004 0.011 0.003 0.871 0.004 0.057 0.011 0.016 0.018 
 68 TMA-ZAIN-G-    (0)    1 :  0.005 0.005 0.002 0.007 0.963 0.002 0.005 0.003 0.005 0.002 
 69 TMA-ZAIN-G-    (0)    1 :  0.008 0.025 0.025 0.016 0.783 0.021 0.070 0.015 0.009 0.027 
 70 TMA-ZAIN-G-    (0)    1 :  0.004 0.005 0.006 0.007 0.055 0.004 0.889 0.005 0.021 0.005 
 71 TMA-ZAIN-G-    (0)    1 :  0.003 0.004 0.003 0.004 0.005 0.003 0.965 0.004 0.006 0.004 
 72 TMA-ZAIN-G-    (0)    1 :  0.011 0.006 0.006 0.018 0.050 0.004 0.759 0.010 0.132 0.004 
 73 TMA-ZAIN-G-    (0)    1 :  0.015 0.005 0.028 0.005 0.007 0.020 0.854 0.029 0.010 0.027 
 74 TMA-ZAIN-G-    (0)    1 :  0.006 0.004 0.011 0.005 0.007 0.007 0.920 0.015 0.009 0.015 
 75 TMA-ZAIN-G-    (0)    1 :  0.010 0.007 0.005 0.007 0.006 0.005 0.935 0.008 0.013 0.003 
 76 TMA-ZAIN-G-    (0)    1 :  0.004 0.003 0.024 0.003 0.009 0.006 0.863 0.016 0.006 0.066 
 77 TMA-ZAIN-G-    (0)    1 :  0.006 0.022 0.006 0.014 0.008 0.003 0.819 0.008 0.098 0.016 
 78 TMA-ZAIN-G-    (0)    1 :  0.011 0.022 0.023 0.007 0.007 0.009 0.810 0.028 0.023 0.060 
 79 TMA-ZAIN-G-    (0)    1 :  0.008 0.124 0.008 0.011 0.007 0.004 0.673 0.012 0.102 0.050 
 80 TMA-ZAIN-G-    (0)    1 :  0.010 0.008 0.003 0.005 0.027 0.003 0.865 0.005 0.065 0.010 
 81 TMA-ZAIN-G-    (0)    1 :  0.006 0.049 0.006 0.008 0.005 0.004 0.868 0.010 0.029 0.016 
 82 TMA-ZAIN-G-    (0)    1 :  0.012 0.008 0.003 0.006 0.103 0.005 0.845 0.005 0.011 0.002 
 83 TMA-ZAIN-G-    (9)    1 :  0.023 0.006 0.027 0.006 0.139 0.064 0.651 0.020 0.042 0.023 
 84 TMA-ZAIN-G-    (0)    1 :  0.004 0.015 0.012 0.005 0.006 0.004 0.825 0.012 0.034 0.082 
 85 TMA-ZAIN-G-    (0)    1 :  0.004 0.967 0.005 0.003 0.003 0.004 0.003 0.004 0.004 0.003 
 86 TMA-ZAIN-G-    (0)    1 :  0.005 0.954 0.004 0.003 0.006 0.003 0.008 0.004 0.007 0.006 
 87 TMA-ZAIN-G-    (0)    1 :  0.004 0.967 0.006 0.003 0.002 0.005 0.003 0.003 0.003 0.003 
 88 TMA-ZAIN-G-    (0)    1 :  0.070 0.471 0.007 0.016 0.057 0.219 0.117 0.007 0.028 0.009 
 89 TMA-ZAIN-G-    (0)    1 :  0.501 0.281 0.019 0.037 0.032 0.031 0.044 0.007 0.023 0.025 
 90 TMA-ZAIN-G-    (0)    1 :  0.044 0.876 0.004 0.004 0.016 0.019 0.021 0.008 0.004 0.004 
 91 TMA-ZAIN-G-    (0)    1 :  0.050 0.841 0.006 0.013 0.013 0.042 0.010 0.009 0.010 0.005 
 92 TMA-ZAIN-G-    (0)    1 :  0.315 0.543 0.025 0.014 0.006 0.009 0.008 0.038 0.010 0.031 
 93 TMA-ZAIN-G-    (0)    1 :  0.507 0.316 0.018 0.026 0.009 0.040 0.006 0.056 0.008 0.013 
 94 TMA-ZAIN-G-    (0)    1 :  0.053 0.802 0.012 0.006 0.005 0.097 0.004 0.011 0.004 0.006 
 95 TMA-ZAIN-G-    (0)    1 :  0.005 0.005 0.014 0.028 0.019 0.009 0.012 0.883 0.021 0.004 
 96 TMA-ZAIN-G-    (0)    1 :  0.006 0.010 0.005 0.037 0.005 0.005 0.009 0.885 0.033 0.004 
 97 TMA-ZAIN-G-    (0)    1 :  0.011 0.009 0.006 0.007 0.006 0.932 0.007 0.011 0.005 0.006 
 98 TMA-ZAIN-G-    (0)    1 :  0.009 0.007 0.004 0.005 0.004 0.952 0.006 0.004 0.004 0.004 
 99 TMA-ZAIN-G-    (0)    1 :  0.003 0.005 0.006 0.008 0.025 0.774 0.055 0.007 0.085 0.031 
100 TMA-ZAIN-G-    (0)    1 :  0.019 0.032 0.007 0.006 0.004 0.881 0.005 0.012 0.004 0.030 
101 TMA-ZAIN-G-    (0)    1 :  0.012 0.004 0.005 0.005 0.006 0.937 0.012 0.008 0.006 0.006 
102 TMA-ZAIN-G-    (0)    1 :  0.012 0.022 0.535 0.028 0.015 0.260 0.069 0.029 0.023 0.007 
103 TMA-ZAIN-G-    (0)    1 :  0.006 0.024 0.058 0.007 0.006 0.836 0.019 0.028 0.011 0.005 
104 TMA-ZAIN-G-    (0)    1 :  0.005 0.003 0.009 0.004 0.002 0.958 0.004 0.006 0.004 0.004 
105 TMA-ZAIN-G-    (0)    1 :  0.007 0.044 0.023 0.008 0.006 0.859 0.021 0.019 0.011 0.003 
106 TMA-ZAIN-G-    (0)    1 :  0.005 0.006 0.003 0.095 0.042 0.003 0.147 0.005 0.691 0.003 
107 TMA-ZAIN-G-    (0)    1 :  0.005 0.004 0.003 0.008 0.008 0.004 0.944 0.004 0.018 0.002 
108 TMA-ZAIN-G-    (9)    1 :  0.014 0.082 0.037 0.081 0.012 0.360 0.102 0.039 0.253 0.019 
109 TMA-ZAIN-G-    (0)    1 :  0.047 0.011 0.005 0.017 0.200 0.339 0.043 0.041 0.293 0.003 
110 TMA-ZAIN-G-    (0)    1 :  0.018 0.023 0.078 0.022 0.011 0.056 0.197 0.074 0.405 0.116 
111 TMA-ZAIN-G-    (9)    1 :  0.029 0.007 0.102 0.004 0.019 0.573 0.157 0.051 0.029 0.029 
112 TMA-ZAIN-G-    (0)    1 :  0.028 0.013 0.070 0.041 0.023 0.259 0.109 0.110 0.333 0.012 
113 TMA-ZAIN-G-    (0)    1 :  0.020 0.006 0.009 0.006 0.010 0.917 0.018 0.004 0.007 0.005 
114 TMA-ZAIN-G-    (0)    1 :  0.004 0.006 0.011 0.002 0.002 0.955 0.003 0.005 0.003 0.010 
115 TMA-ZAIN-G-    (0)    1 :  0.004 0.003 0.006 0.003 0.003 0.965 0.004 0.005 0.003 0.004 
116 TMA-ZAIN-G-    (0)    1 :  0.013 0.005 0.003 0.005 0.018 0.008 0.929 0.004 0.014 0.002 
117 TMA-ZAIN-G-    (0)    1 :  0.039 0.058 0.005 0.077 0.303 0.010 0.167 0.016 0.322 0.003 
118 TMA-ZAIN-G-    (0)    1 :  0.011 0.006 0.003 0.022 0.053 0.006 0.866 0.007 0.022 0.003 
119 TMA-ZAIN-G-    (0)    1 :  0.012 0.004 0.007 0.005 0.034 0.016 0.892 0.011 0.012 0.007 
120 TMA-ZAIN-G-    (0)    1 :  0.014 0.013 0.004 0.062 0.041 0.008 0.811 0.015 0.028 0.004 
121 TMA-ZAIN-G-    (0)    1 :  0.033 0.015 0.003 0.025 0.295 0.027 0.455 0.011 0.133 0.003 
122 TMA-ZAIN-G-    (0)    1 :  0.014 0.118 0.006 0.010 0.037 0.005 0.336 0.012 0.454 0.008 
123 TMA-ZAIN-G-    (0)    1 :  0.005 0.009 0.015 0.010 0.004 0.933 0.005 0.011 0.005 0.004 
124 TMA-ZAIN-G-    (0)    1 :  0.004 0.008 0.003 0.010 0.004 0.005 0.006 0.006 0.952 0.002 
125 TMA-ZAIN-G-    (0)    1 :  0.125 0.009 0.002 0.037 0.044 0.002 0.008 0.006 0.765 0.002 
126 TMA-ZAIN-G-    (0)    1 :  0.012 0.007 0.003 0.045 0.005 0.004 0.012 0.004 0.906 0.002 
127 TMA-ZAIN-G-    (0)    1 :  0.005 0.005 0.003 0.013 0.006 0.003 0.008 0.004 0.952 0.003 
128 TMA-ZAIN-G-    (0)    1 :  0.007 0.006 0.003 0.010 0.025 0.004 0.009 0.005 0.929 0.002 
129 TMA-ZAIN-G-    (0)    1 :  0.006 0.006 0.003 0.017 0.006 0.006 0.007 0.005 0.941 0.002 
130 TMA-ZAIN-G-    (0)    1 :  0.059 0.007 0.003 0.085 0.009 0.007 0.016 0.007 0.804 0.002 
131 TMA-ZAIN-G-    (0)    1 :  0.005 0.010 0.003 0.017 0.004 0.004 0.007 0.006 0.941 0.002 
132 TMA-ZAIN-G-    (0)    1 :  0.032 0.007 0.003 0.016 0.053 0.004 0.017 0.005 0.861 0.002 
133 TMA-ZAIN-G-    (0)    1 :  0.023 0.035 0.006 0.093 0.080 0.003 0.045 0.011 0.689 0.016 
134 TMA-ZAIN-G-    (0)    1 :  0.016 0.038 0.004 0.227 0.078 0.003 0.041 0.005 0.577 0.011 
135 TMA-ZAIN-G-    (0)    1 :  0.008 0.018 0.003 0.015 0.027 0.004 0.325 0.004 0.587 0.009 
136 TMA-ZAIN-G-    (0)    1 :  0.020 0.005 0.004 0.007 0.618 0.008 0.124 0.005 0.202 0.006 
137 TMA-ZAIN-G-    (0)    1 :  0.005 0.011 0.003 0.006 0.007 0.006 0.726 0.004 0.224 0.006 
138 TMA-ZAIN-G-    (0)    1 :  0.009 0.004 0.002 0.012 0.011 0.004 0.046 0.003 0.906 0.003 
139 TMA-ZAIN-G-    (0)    1 :  0.042 0.007 0.003 0.013 0.012 0.005 0.160 0.003 0.747 0.007 
140 TMA-ZAIN-G-    (0)    1 :  0.004 0.005 0.004 0.007 0.010 0.003 0.575 0.005 0.383 0.004 
141 TMA-ZAIN-G-    (0)    1 :  0.006 0.012 0.004 0.022 0.007 0.005 0.718 0.006 0.217 0.003 
142 TMA-ZAIN-G-    (9)    1 :  0.005 0.007 0.003 0.007 0.015 0.003 0.753 0.004 0.198 0.003 
143 TMA-ZAIN-G-    (0)    1 :  0.005 0.006 0.003 0.008 0.016 0.004 0.270 0.004 0.682 0.003 
144 TMA-ZAIN-G-    (0)    1 :  0.027 0.009 0.004 0.014 0.008 0.003 0.520 0.016 0.391 0.007 
145 TMA-ZAIN-G-    (0)    1 :  0.014 0.004 0.002 0.008 0.258 0.003 0.640 0.005 0.063 0.002 
146 TMA-ZAIN-G-    (0)    1 :  0.003 0.005 0.003 0.005 0.005 0.003 0.928 0.003 0.040 0.003 
147 TMA-ZAIN-G-    (9)    1 :  0.004 0.005 0.003 0.006 0.011 0.003 0.806 0.003 0.153 0.004 
148 TMA-ZAIN-G-    (0)    1 :  0.024 0.006 0.003 0.074 0.006 0.003 0.449 0.003 0.428 0.003 
149 TMA-ZAIN-G-    (0)    1 :  0.053 0.027 0.021 0.025 0.007 0.020 0.362 0.010 0.469 0.005 
150 TMA-ZAIN-G-    (0)    1 :  0.084 0.015 0.017 0.020 0.099 0.025 0.560 0.010 0.165 0.004 
151 TMA-ZAIN-G-    (0)    1 :  0.007 0.003 0.002 0.021 0.015 0.004 0.876 0.004 0.066 0.002 
152 TMA-ZAIN-G-    (0)    1 :  0.006 0.003 0.002 0.010 0.007 0.004 0.952 0.004 0.010 0.002 
153 TMA-ZAIN-G-    (0)    1 :  0.020 0.004 0.002 0.035 0.030 0.005 0.619 0.004 0.279 0.003 
154 TMA-ZAIN-G-    (0)    1 :  0.007 0.004 0.002 0.006 0.006 0.004 0.948 0.004 0.016 0.002 
155 TMA-ZAIN-G-    (0)    1 :  0.003 0.005 0.003 0.009 0.011 0.006 0.923 0.004 0.034 0.002 
156 TMA-ZAIN-G-    (9)    1 :  0.022 0.004 0.003 0.071 0.006 0.013 0.629 0.004 0.244 0.003 
157 TMA-ZAIN-G-    (0)    1 :  0.008 0.005 0.003 0.149 0.011 0.007 0.574 0.005 0.236 0.003 
158 TMA-ZAIN-G-    (0)    1 :  0.005 0.004 0.003 0.004 0.005 0.003 0.955 0.005 0.013 0.003 
159 TMA-ZAIN-G-    (0)    1 :  0.005 0.003 0.002 0.004 0.007 0.004 0.959 0.003 0.011 0.002 
160 TMA-ZAIN-G-    (0)    1 :  0.005 0.003 0.003 0.003 0.010 0.005 0.960 0.003 0.006 0.002 
161 TMA-ZAIN-G-    (0)    1 :  0.024 0.005 0.002 0.026 0.007 0.003 0.653 0.005 0.271 0.003 
162 TMA-ZAIN-G-    (0)    1 :  0.016 0.013 0.016 0.004 0.006 0.028 0.885 0.009 0.019 0.005 
163 TMA-ZAIN-G-    (0)    1 :  0.004 0.003 0.002 0.003 0.005 0.003 0.962 0.003 0.012 0.002 
164 TMA-ZAIN-G-    (0)    1 :  0.008 0.008 0.003 0.005 0.007 0.005 0.944 0.004 0.014 0.003 
165 TMA-ZAIN-G-    (0)    1 :  0.004 0.003 0.002 0.004 0.007 0.005 0.951 0.003 0.019 0.002 
166 TMA-ZAIN-G-    (0)    1 :  0.007 0.004 0.002 0.004 0.008 0.003 0.840 0.003 0.125 0.002 
167 TMA-ZAIN-G-    (0)    1 :  0.005 0.008 0.006 0.008 0.005 0.006 0.818 0.007 0.134 0.004 
168 TMA-ZAIN-G-    (0)    1 :  0.006 0.006 0.003 0.027 0.019 0.005 0.912 0.005 0.013 0.003 
169 TMA-ZAIN-G-    (0)    1 :  0.006 0.007 0.003 0.006 0.166 0.004 0.786 0.003 0.016 0.003 
170 TMA-ZAIN-G-    (0)    1 :  0.004 0.006 0.008 0.073 0.024 0.017 0.687 0.023 0.145 0.013 
171 TMA-ZAIN-G-    (0)    1 :  0.004 0.005 0.003 0.004 0.025 0.003 0.941 0.003 0.008 0.002 
172 TMA-ZAIN-G-    (0)    1 :  0.004 0.006 0.003 0.017 0.005 0.003 0.053 0.006 0.898 0.005 
173 TMA-ZAIN-G-    (0)    1 :  0.004 0.006 0.003 0.021 0.006 0.003 0.032 0.007 0.913 0.004 
174 TMA-ZAIN-G-    (0)    1 :  0.008 0.005 0.002 0.005 0.044 0.003 0.113 0.004 0.813 0.003 
175 TMA-ZAIN-G-    (0)    1 :  0.004 0.006 0.004 0.006 0.009 0.003 0.952 0.003 0.010 0.003 
176 TMA-ZAIN-G-    (0)    1 :  0.003 0.006 0.003 0.006 0.006 0.003 0.952 0.004 0.014 0.003 
177 TMA-ZAIN-G-    (0)    1 :  0.003 0.005 0.003 0.020 0.004 0.004 0.900 0.004 0.054 0.004 
178 TMA-ZAIN-G-    (0)    1 :  0.004 0.005 0.003 0.056 0.005 0.005 0.257 0.007 0.652 0.005 
179 TMA-ZAIN-G-    (0)    1 :  0.005 0.006 0.003 0.027 0.008 0.003 0.715 0.005 0.226 0.004 
180 TMA-ZAIN-G-    (0)    1 :  0.009 0.026 0.004 0.019 0.051 0.003 0.012 0.006 0.863 0.007 
181 TMA-ZAIN-G-    (0)    1 :  0.006 0.004 0.003 0.191 0.008 0.005 0.035 0.004 0.742 0.003 
182 TMA-ZAIN-G-    (0)    1 :  0.005 0.007 0.003 0.178 0.003 0.007 0.016 0.004 0.773 0.003 
183 TMA-ZAIN-G-    (0)    1 :  0.004 0.004 0.003 0.350 0.006 0.005 0.028 0.004 0.594 0.003 
184 TMA-ZAIN-G-    (0)    1 :  0.020 0.018 0.018 0.038 0.009 0.028 0.031 0.012 0.820 0.006 
185 TMA-ZAIN-G-    (0)    1 :  0.024 0.011 0.026 0.005 0.006 0.011 0.010 0.017 0.881 0.009 
186 TMA-ZAIN-G-    (9)    1 :  0.005 0.005 0.005 0.006 0.005 0.004 0.010 0.009 0.947 0.005 
187 TMA-ZAIN-G-    (0)    1 :  0.003 0.004 0.004 0.022 0.009 0.004 0.024 0.005 0.923 0.003 
188 TMA-ZAIN-G-    (0)    1 :  0.004 0.003 0.003 0.010 0.008 0.003 0.019 0.004 0.944 0.002 
189 TMA-ZAIN-G-    (0)    1 :  0.002 0.003 0.002 0.011 0.011 0.002 0.006 0.003 0.956 0.003 
190 TMA-ZAIN-G-    (0)    1 :  0.005 0.004 0.003 0.093 0.022 0.003 0.029 0.007 0.830 0.004 
191 TMA-ZAIN-G-    (0)    1 :  0.009 0.014 0.019 0.006 0.005 0.012 0.008 0.008 0.909 0.009 
192 TMA-ZAIN-G-    (0)    1 :  0.004 0.009 0.003 0.036 0.005 0.003 0.008 0.004 0.911 0.016 
193 TMA-ZAIN-G-    (0)    1 :  0.004 0.004 0.002 0.972 0.003 0.003 0.003 0.003 0.004 0.002 
194 TMA-ZAIN-G-    (0)    1 :  0.013 0.005 0.005 0.919 0.008 0.002 0.005 0.011 0.024 0.007 
195 TMA-ZAIN-G-    (0)    1 :  0.006 0.004 0.003 0.837 0.037 0.003 0.030 0.012 0.065 0.003 
196 TMA-ZAIN-G-    (0)    1 :  0.005 0.003 0.002 0.958 0.009 0.003 0.005 0.004 0.009 0.003 
197 TMA-ZAIN-G-    (0)    1 :  0.005 0.007 0.003 0.950 0.009 0.003 0.007 0.004 0.009 0.002 
198 TMA-ZAIN-G-    (0)    1 :  0.005 0.004 0.002 0.953 0.007 0.003 0.009 0.003 0.011 0.004 
199 TMA-ZAIN-G-    (0)    1 :  0.006 0.004 0.004 0.008 0.005 0.003 0.010 0.007 0.949 0.004 
200 TMA-ZAIN-G-    (0)    1 :  0.012 0.007 0.053 0.050 0.007 0.031 0.005 0.034 0.005 0.795 
201 TMA-ZAIN-G-    (0)    1 :  0.010 0.015 0.059 0.008 0.028 0.012 0.018 0.029 0.013 0.809 
202 TMA-ZAIN-G-    (0)    1 :  0.002 0.003 0.003 0.011 0.002 0.006 0.003 0.005 0.005 0.960 
203 TMA-ZAIN-G-    (0)    1 :  0.006 0.004 0.003 0.895 0.003 0.020 0.018 0.004 0.043 0.002 
204 TMA-ZAIN-G-    (9)    1 :  0.019 0.130 0.017 0.004 0.005 0.014 0.005 0.025 0.003 0.779 
205 TMA-ZAIN-G-    (0)    1 :  0.008 0.013 0.005 0.008 0.005 0.007 0.071 0.019 0.011 0.853 
206 TMA-ZAIN-G-    (9)    1 :  0.022 0.222 0.011 0.023 0.008 0.036 0.021 0.020 0.020 0.617 
207 TMA-ZAIN-G-    (9)    1 :  0.082 0.069 0.012 0.012 0.111 0.011 0.562 0.067 0.068 0.005 
208 TMA-ZAIN-G-    (0)    1 :  0.004 0.003 0.003 0.005 0.055 0.002 0.707 0.005 0.211 0.004 
209 TMA-ZAIN-G-    (0)    1 :  0.049 0.009 0.003 0.207 0.019 0.003 0.169 0.004 0.535 0.003 
210 TMA-ZAIN-G-    (0)    1 :  0.016 0.013 0.003 0.370 0.115 0.004 0.160 0.006 0.311 0.003 
211 TMA-ZAIN-G-    (0)    1 :  0.010 0.011 0.018 0.090 0.026 0.012 0.112 0.027 0.672 0.022 
212 TMA-ZAIN-G-    (0)    1 :  0.007 0.020 0.003 0.016 0.015 0.003 0.106 0.005 0.817 0.008 
213 TMA-ZAIN-G-    (0)    1 :  0.005 0.004 0.004 0.017 0.007 0.004 0.091 0.004 0.861 0.003 
214 TMA-ZAIN-G-    (0)    1 :  0.007 0.004 0.003 0.016 0.029 0.003 0.062 0.004 0.870 0.003 
215 TMA-ZAIN-G-    (0)    1 :  0.003 0.003 0.009 0.005 0.005 0.004 0.111 0.201 0.640 0.019 
216 TMA-ZAIN-G-    (0)    1 :  0.008 0.005 0.004 0.009 0.005 0.003 0.012 0.006 0.943 0.004 
217 TMA-ZAIN-G-    (0)    1 :  0.008 0.006 0.003 0.064 0.096 0.003 0.128 0.003 0.686 0.003 
218 TMA-ZAIN-G-    (0)    1 :  0.004 0.005 0.004 0.004 0.010 0.006 0.007 0.950 0.007 0.004 
219 TMA-ZAIN-G-    (0)    1 :  0.008 0.017 0.005 0.004 0.003 0.005 0.004 0.927 0.005 0.022 
220 TMA-ZAIN-G-    (0)    1 :  0.009 0.010 0.007 0.006 0.013 0.067 0.022 0.856 0.008 0.003 
221 TMA-ZAIN-G-    (0)    1 :  0.006 0.016 0.006 0.008 0.006 0.005 0.010 0.871 0.021 0.051 
222 TMA-ZAIN-G-    (0)    1 :  0.015 0.032 0.007 0.006 0.015 0.034 0.017 0.857 0.009 0.010 
223 TMA-ZAIN-G-    (0)    1 :  0.005 0.011 0.008 0.003 0.003 0.007 0.004 0.949 0.003 0.007 
224 TMA-ZAIN-G-    (0)    1 :  0.008 0.120 0.018 0.010 0.005 0.018 0.005 0.792 0.016 0.008 
225 TMA-ZAIN-G-    (0)    1 :  0.004 0.006 0.007 0.010 0.003 0.011 0.004 0.942 0.004 0.010 
226 TMA-ZAIN-G-    (0)    1 :  0.005 0.010 0.009 0.017 0.005 0.017 0.007 0.917 0.007 0.007 
227 TMA-ZAIN-G-    (0)    1 :  0.004 0.007 0.007 0.021 0.004 0.012 0.009 0.884 0.008 0.045 
228 TMA-ZAIN-G-    (0)    1 :  0.006 0.016 0.026 0.006 0.008 0.015 0.017 0.889 0.010 0.005 
229 TMA-ZAIN-G-    (0)    1 :  0.006 0.008 0.030 0.003 0.009 0.032 0.004 0.884 0.003 0.021 
230 TMA-ZAIN-G-    (0)    1 :  0.013 0.379 0.014 0.017 0.021 0.033 0.019 0.448 0.054 0.003 
231 TMA-ZAIN-G-    (0)    1 :  0.034 0.084 0.556 0.013 0.016 0.094 0.085 0.085 0.012 0.022 
232 TMA-ZAIN-G-    (9)    1 :  0.015 0.023 0.596 0.014 0.083 0.152 0.021 0.042 0.035 0.019 
233 TMA-ZAIN-G-    (0)    1 :  0.013 0.027 0.008 0.008 0.039 0.005 0.015 0.837 0.012 0.036 
234 TMA-ZAIN-G-    (0)    1 :  0.027 0.007 0.030 0.010 0.006 0.289 0.010 0.568 0.004 0.050 
235 TMA-ZAIN-G-    (0)    1 :  0.008 0.032 0.019 0.026 0.005 0.119 0.030 0.722 0.027 0.013 
236 TMA-ZAIN-G-    (0)    1 :  0.005 0.107 0.017 0.027 0.007 0.091 0.011 0.652 0.012 0.071 
237 TMA-ZAIN-G-    (0)    1 :  0.007 0.294 0.013 0.014 0.021 0.314 0.087 0.206 0.039 0.006 
238 TMA-ZAIN-G-    (0)    1 :  0.004 0.008 0.015 0.008 0.005 0.053 0.027 0.808 0.026 0.046 
239 TMA-ZAIN-G-    (0)    1 :  0.049 0.095 0.021 0.086 0.008 0.025 0.003 0.012 0.018 0.683 
240 TMA-ZAIN-G-    (0)    1 :  0.004 0.004 0.005 0.003 0.002 0.003 0.003 0.004 0.002 0.970 
241 TMA-ZAIN-G-    (0)    1 :  0.003 0.003 0.004 0.003 0.003 0.003 0.004 0.003 0.003 0.972 
242 TMA-ZAIN-G-    (0)    1 :  0.003 0.003 0.004 0.002 0.003 0.003 0.003 0.003 0.003 0.974 
243 TMA-ZAIN-G-    (0)    1 :  0.003 0.003 0.003 0.003 0.004 0.003 0.004 0.003 0.003 0.972 
244 TMA-ZAIN-G-    (0)    1 :  0.003 0.002 0.003 0.003 0.004 0.003 0.005 0.003 0.004 0.970 
245 TMA-ZAIN-G-    (9)    1 :  0.003 0.003 0.004 0.003 0.002 0.003 0.003 0.003 0.003 0.975 
246 TMA-ZAIN-G-    (0)    1 :  0.003 0.003 0.003 0.003 0.002 0.002 0.002 0.003 0.003 0.976 
247 TMA-ZAIN-G-    (0)    1 :  0.003 0.003 0.003 0.002 0.003 0.002 0.002 0.003 0.003 0.978 
248 TMA-ZAIN-G-    (0)    1 :  0.003 0.003 0.004 0.004 0.003 0.003 0.004 0.004 0.003 0.970 
249 TMA-ZAIN-G-    (0)    1 :  0.003 0.003 0.004 0.004 0.002 0.003 0.002 0.004 0.003 0.974 
250 TMA-ZAIN-G-    (0)    1 :  0.002 0.003 0.003 0.003 0.003 0.002 0.002 0.003 0.003 0.975 
251 TMA-ZAIN-G-    (0)    1 :  0.960 0.008 0.003 0.005 0.004 0.005 0.004 0.005 0.004 0.002 
252 TMA-ZAIN-G-    (0)    1 :  0.884 0.004 0.002 0.005 0.033 0.003 0.046 0.007 0.011 0.004 
253 TMA-ZAIN-G-    (0)    1 :  0.961 0.005 0.003 0.004 0.005 0.005 0.006 0.003 0.004 0.005 
254 TMA-ZAIN-G-    (9)    1 :  0.936 0.006 0.003 0.005 0.012 0.007 0.015 0.004 0.008 0.003 
255 TMA-ZAIN-G-    (0)    1 :  0.938 0.005 0.022 0.004 0.007 0.009 0.005 0.003 0.004 0.004 
256 TMA-ZAIN-G-    (0)    1 :  0.899 0.024 0.006 0.023 0.005 0.007 0.008 0.005 0.007 0.016 
257 TMA-ZAIN-G-    (0)    1 :  0.948 0.013 0.004 0.012 0.003 0.004 0.003 0.004 0.004 0.005 
258 TMA-ZAIN-G-    (0)    1 :  0.966 0.006 0.003 0.005 0.004 0.003 0.003 0.003 0.003 0.004 
259 TMA-ZAIN-G-    (0)    1 :  0.944 0.020 0.005 0.006 0.005 0.003 0.003 0.004 0.004 0.007 
260 TMA-ZAIN-G-    (0)    1 :  0.948 0.013 0.004 0.006 0.008 0.003 0.004 0.004 0.004 0.005 
261 TMA-ZAIN-G-   (18)    1 :  0.927 0.021 0.006 0.010 0.011 0.005 0.005 0.007 0.007 0.003 
262 TMA-ZAIN-G-    (0)    1 :  0.962 0.008 0.003 0.006 0.003 0.004 0.003 0.003 0.003 0.004 
263 TMA-ZAIN-G-    (0)    1 :  0.961 0.008 0.004 0.004 0.003 0.005 0.003 0.004 0.003 0.004 
264 TMA-ZAIN-G-    (0)    1 :  0.957 0.008 0.004 0.005 0.004 0.007 0.005 0.004 0.004 0.003 
265 TMA-ZAIN-G-    (0)    1 :  0.213 0.424 0.007 0.014 0.030 0.014 0.028 0.217 0.028 0.024 
266 TMA-ZAIN-G-    (0)    1 :  0.672 0.020 0.014 0.073 0.025 0.013 0.029 0.029 0.119 0.007 
267 TMA-ZAIN-G-    (0)    1 :  0.190 0.273 0.386 0.008 0.022 0.017 0.017 0.049 0.016 0.022 
268 TMA-ZAIN-G-    (0)    1 :  0.003 0.004 0.966 0.003 0.003 0.008 0.003 0.004 0.003 0.003 
269 TMA-ZAIN-G-    (0)    1 :  0.004 0.015 0.943 0.003 0.003 0.015 0.004 0.007 0.004 0.003 
270 TMA-ZAIN-G-    (0)    1 :  0.005 0.032 0.926 0.003 0.003 0.014 0.004 0.006 0.003 0.004 
271 TMA-ZAIN-G-    (0)    1 :  0.004 0.009 0.961 0.003 0.003 0.007 0.004 0.004 0.003 0.003 
272 TMA-ZAIN-G-    (0)    1 :  0.003 0.011 0.952 0.003 0.003 0.008 0.004 0.009 0.003 0.004 
273 TMA-ZAIN-G-    (0)    1 :  0.003 0.005 0.961 0.003 0.002 0.007 0.002 0.007 0.003 0.007 
274 TMA-ZAIN-G-    (0)    1 :  0.006 0.007 0.919 0.020 0.006 0.010 0.007 0.009 0.010 0.006 
275 TMA-ZAIN-G-    (0)    1 :  0.002 0.003 0.971 0.003 0.002 0.004 0.003 0.005 0.003 0.005 
276 TMA-ZAIN-G-    (0)    1 :  0.003 0.004 0.965 0.003 0.004 0.005 0.005 0.004 0.003 0.005 
277 TMA-ZAIN-G-    (0)    1 :  0.005 0.004 0.940 0.005 0.005 0.007 0.005 0.005 0.004 0.019 
278 TMA-ZAIN-G-    (0)    1 :  0.004 0.007 0.958 0.003 0.003 0.004 0.003 0.005 0.002 0.011 
279 TMA-ZAIN-G-    (0)    1 :  0.003 0.003 0.963 0.004 0.002 0.006 0.003 0.007 0.004 0.005 
280 TMA-ZAIN-G-    (0)    1 :  0.003 0.004 0.928 0.006 0.002 0.026 0.004 0.013 0.006 0.007 
281 TMA-ZAIN-G-    (0)    1 :  0.003 0.007 0.944 0.005 0.003 0.016 0.003 0.007 0.004 0.008 
282 TMA-ZAIN-G-    (9)    1 :  0.004 0.005 0.961 0.003 0.002 0.007 0.003 0.005 0.003 0.008 
283 TMA-ZAIN-G-    (0)    1 :  0.123 0.033 0.704 0.004 0.007 0.042 0.018 0.049 0.010 0.010 
284 TMA-ZAIN-G-    (0)    1 :  0.150 0.048 0.580 0.006 0.005 0.083 0.016 0.093 0.012 0.008 
285 TMA-ZAIN-G-    (0)    1 :  0.047 0.008 0.824 0.007 0.020 0.026 0.017 0.018 0.017 0.017 
286 TMA-ZAIN-G-    (0)    1 :  0.005 0.008 0.954 0.003 0.002 0.009 0.003 0.006 0.003 0.006 
287 TMA-ZAIN-G-    (0)    1 :  0.005 0.006 0.949 0.007 0.005 0.007 0.004 0.005 0.005 0.006 
288 TMA-ZAIN-G-    (0)    1 :  0.011 0.007 0.847 0.039 0.008 0.021 0.014 0.028 0.020 0.004 
289 TMA-ZAIN-G-    (0)    1 :  0.007 0.008 0.926 0.014 0.008 0.009 0.007 0.008 0.008 0.005 
290 TMA-ZAIN-G-    (0)    1 :  0.006 0.006 0.838 0.009 0.003 0.090 0.006 0.025 0.012 0.004 
291 TMA-ZAIN-G-    (0)    1 :  0.008 0.009 0.013 0.005 0.003 0.009 0.004 0.935 0.004 0.010 
292 TMA-ZAIN-G-    (0)    1 :  0.004 0.008 0.012 0.021 0.006 0.010 0.672 0.016 0.234 0.016 
293 TMA-ZAIN-G-    (0)    1 :  0.010 0.043 0.004 0.018 0.021 0.004 0.404 0.010 0.464 0.022 
294 TMA-ZAIN-G-    (0)    1 :  0.005 0.014 0.004 0.005 0.012 0.003 0.915 0.005 0.034 0.005 
295 TMA-ZAIN-G-    (9)    1 :  0.006 0.017 0.007 0.005 0.013 0.003 0.891 0.010 0.041 0.007 
296 TMA-ZAIN-G-    (0)    1 :  0.008 0.040 0.006 0.032 0.006 0.011 0.468 0.011 0.411 0.006 
297 TMA-ZAIN-G-    (0)    1 :  0.021 0.020 0.006 0.122 0.025 0.005 0.622 0.010 0.164 0.005 
298 TMA-ZAIN-G-    (0)    1 :  0.016 0.198 0.011 0.005 0.014 0.007 0.694 0.009 0.040 0.006 
299 TMA-ZAIN-G-    (0)    1 :  0.003 0.003 0.006 0.005 0.010 0.005 0.947 0.005 0.007 0.009 
300 TMA-ZAIN-G-    (0)    1 :  0.007 0.010 0.006 0.011 0.085 0.003 0.671 0.010 0.189 0.009 
301 TMA-ZAIN-G-    (0)    1 :  0.006 0.022 0.004 0.030 0.024 0.005 0.599 0.007 0.289 0.015 
302 TMA-ZAIN-G-    (9)    1 :  0.005 0.012 0.004 0.015 0.007 0.004 0.784 0.006 0.161 0.003 
303 TMA-ZAIN-G-    (0)    1 :  0.033 0.008 0.011 0.104 0.002 0.020 0.003 0.791 0.025 0.004 
304 TMA-ZAIN-G-    (0)    2 :  0.533 0.013 0.008 0.038 0.169 0.016 0.046 0.008 0.160 0.010 
305 TMA-ZAIN-G-    (0)    2 :  0.008 0.019 0.004 0.012 0.019 0.004 0.577 0.005 0.347 0.005 
306 TMA-ZAIN-G-    (0)    2 :  0.360 0.009 0.030 0.021 0.022 0.114 0.228 0.009 0.193 0.014 
307 TMA-ZAIN-G-    (0)    2 :  0.355 0.015 0.009 0.013 0.368 0.011 0.037 0.006 0.170 0.014 
308 TMA-ZAIN-G-    (0)    2 :  0.738 0.016 0.017 0.016 0.014 0.034 0.004 0.134 0.007 0.018 
309 TMA-ZAIN-G-    (0)    2 :  0.003 0.005 0.003 0.027 0.008 0.003 0.015 0.004 0.929 0.003 
310 TMA-ZAIN-G-    (0)    2 :  0.010 0.060 0.018 0.004 0.013 0.006 0.602 0.013 0.262 0.012 
311 TMA-ZAIN-G-    (0)    2 :  0.029 0.088 0.014 0.016 0.009 0.036 0.486 0.024 0.295 0.002 
312 TMA-ZAIN-G-    (0)    2 :  0.009 0.006 0.006 0.021 0.009 0.005 0.040 0.023 0.877 0.004 
313 TMA-ZAIN-G-    (0)    2 :  0.584 0.031 0.008 0.025 0.046 0.014 0.150 0.007 0.134 0.003 
314 TMA-ZAIN-G-    (0)    2 :  0.017 0.020 0.383 0.018 0.011 0.306 0.008 0.198 0.035 0.003 
315 TMA-ZAIN-G-    (0)    2 :  0.020 0.039 0.354 0.008 0.057 0.006 0.339 0.023 0.141 0.014 
316 TMA-ZAIN-G-    (0)    2 :  0.019 0.030 0.389 0.006 0.060 0.007 0.311 0.037 0.129 0.011 
317 TMA-ZAIN-G-    (0)    2 :  0.011 0.009 0.029 0.007 0.004 0.035 0.008 0.881 0.007 0.009 
318 TMA-ZAIN-G-    (9)    2 :  0.039 0.056 0.350 0.011 0.011 0.309 0.009 0.131 0.007 0.077 
319 TMA-ZAIN-G-    (0)    3 :  0.007 0.024 0.167 0.488 0.003 0.020 0.005 0.263 0.007 0.017 
320 TMA-ZAIN-G-    (0)    3 :  0.004 0.014 0.005 0.012 0.025 0.006 0.334 0.437 0.143 0.020 
321 TMA-ZAIN-G-    (0)    4 :  0.007 0.020 0.143 0.006 0.019 0.041 0.081 0.078 0.598 0.008 
322 TMA-ZAIN-G-    (0)    4 :  0.058 0.022 0.008 0.009 0.049 0.072 0.191 0.395 0.190 0.005 
323 TMA-ZAIN-G-    (0)    5 :  0.011 0.007 0.007 0.059 0.018 0.006 0.005 0.836 0.027 0.023 
324 TMA-ZAIN-G-    (0)    5 :  0.024 0.020 0.004 0.042 0.024 0.007 0.830 0.009 0.037 0.005 
325 TMA-ZAIN-G-    (0)    5 :  0.005 0.012 0.005 0.005 0.005 0.004 0.009 0.805 0.011 0.139 
326 TMA-ZAIN-G-    (0)    5 :  0.018 0.006 0.003 0.355 0.005 0.002 0.009 0.585 0.011 0.005 
327 TMA-ZAIN-G-    (0)    5 :  0.010 0.007 0.003 0.908 0.026 0.003 0.006 0.005 0.029 0.003 
328 TMA-ZAIN-G-    (0)    5 :  0.016 0.018 0.106 0.093 0.245 0.268 0.017 0.159 0.062 0.016 
329 TMA-ZAIN-G-    (0)    5 :  0.019 0.086 0.004 0.036 0.132 0.004 0.133 0.009 0.566 0.010 
330 TMA-ZAIN-G-    (0)    6 :  0.030 0.015 0.003 0.020 0.063 0.004 0.043 0.010 0.810 0.002 
331 TMA-ZAIN-G-    (0)    6 :  0.013 0.283 0.010 0.007 0.005 0.010 0.021 0.013 0.626 0.013 
332 TMA-ZAIN-G-    (0)    6 :  0.006 0.004 0.002 0.432 0.012 0.003 0.034 0.005 0.501 0.003 
333 TMA-ZAIN-G-    (0)    6 :  0.004 0.003 0.002 0.969 0.004 0.003 0.003 0.003 0.006 0.002 
334 TMA-ZAIN-G-    (0)    6 :  0.004 0.008 0.957 0.003 0.002 0.006 0.003 0.006 0.003 0.007 
335 TMA-ZAIN-G-    (0)    6 :  0.003 0.007 0.965 0.003 0.004 0.003 0.004 0.004 0.004 0.005 
336 TMA-ZAIN-G-    (0)    6 :  0.006 0.047 0.907 0.004 0.004 0.006 0.005 0.009 0.005 0.007 
337 TMA-ZAIN-G-    (9)    6 :  0.004 0.006 0.949 0.003 0.003 0.014 0.004 0.008 0.004 0.004 
338 TMA-ZAIN-G-    (0)    6 :  0.004 0.005 0.963 0.003 0.003 0.009 0.003 0.005 0.003 0.003 
339 TMA-ZAIN-G-    (0)    6 :  0.003 0.004 0.968 0.002 0.002 0.007 0.002 0.004 0.002 0.006 
340 TMA-ZAIN-G-    (0)    6 :  0.002 0.007 0.968 0.002 0.002 0.004 0.003 0.004 0.003 0.004 
341 TMA-ZAIN-G-    (0)    6 :  0.002 0.004 0.967 0.003 0.003 0.005 0.003 0.004 0.004 0.004 
342 TMA-ZAIN-G-    (0)    6 :  0.003 0.026 0.940 0.003 0.003 0.005 0.004 0.005 0.003 0.008 
343 TMA-ZAIN-G-    (0)    7 :  0.002 0.004 0.962 0.003 0.002 0.011 0.003 0.005 0.003 0.005 
344 TMA-ZAIN-G-    (0)    7 :  0.004 0.005 0.960 0.004 0.002 0.005 0.003 0.007 0.004 0.006 
345 TMA-ZAIN-G-    (0)    7 :  0.004 0.004 0.967 0.003 0.003 0.004 0.002 0.004 0.003 0.007 
346 TMA-ZAIN-G-    (0)    7 :  0.004 0.006 0.914 0.012 0.003 0.020 0.005 0.014 0.014 0.008 
347 TMA-ZAIN-G-    (9)    7 :  0.003 0.003 0.968 0.002 0.003 0.005 0.003 0.005 0.003 0.006 
348 TMA-ZAIN-G-    (0)    7 :  0.005 0.007 0.952 0.004 0.003 0.008 0.004 0.008 0.004 0.007 
349 TMA-ZAIN-G-    (0)    7 :  0.004 0.004 0.948 0.004 0.004 0.011 0.005 0.006 0.003 0.011 
350 TMA-ZAIN-G-    (0)    7 :  0.004 0.013 0.925 0.006 0.004 0.012 0.005 0.016 0.006 0.009 
351 TMA-ZAIN-G-    (0)    7 :  0.004 0.004 0.963 0.003 0.003 0.004 0.003 0.005 0.003 0.007 
352 TMA-ZAIN-G-    (0)    7 :  0.004 0.017 0.950 0.003 0.004 0.004 0.005 0.005 0.004 0.004 
353 TMA-ZAIN-G-    (0)    7 :  0.004 0.005 0.934 0.008 0.002 0.016 0.004 0.011 0.007 0.009 
354 TMA-ZAIN-G-    (0)    7 :  0.003 0.003 0.967 0.004 0.002 0.004 0.003 0.006 0.004 0.004 
355 TMA-ZAIN-G-    (0)    7 :  0.003 0.004 0.956 0.005 0.003 0.007 0.005 0.005 0.007 0.005 
356 TMA-ZAIN-G-    (0)    8 :  0.017 0.006 0.002 0.002 0.083 0.003 0.866 0.013 0.005 0.002 
357 TMA-ZAIN-G-    (0)    8 :  0.010 0.016 0.004 0.348 0.092 0.011 0.381 0.010 0.124 0.003 
358 TMA-ZAIN-G-    (0)    8 :  0.016 0.033 0.031 0.012 0.094 0.031 0.063 0.019 0.695 0.006 
359 TMA-ZAIN-G-    (0)    8 :  0.026 0.138 0.004 0.004 0.463 0.008 0.276 0.030 0.011 0.040 
360 TMA-ZAIN-G-    (0)    8 :  0.005 0.007 0.002 0.003 0.015 0.003 0.944 0.005 0.011 0.005 
361 TMA-ZAIN-G-    (0)    8 :  0.010 0.008 0.004 0.016 0.016 0.007 0.029 0.008 0.898 0.003 
362 TMA-ZAIN-G-    (0)    8 :  0.004 0.005 0.006 0.003 0.007 0.004 0.924 0.007 0.009 0.030 
363 TMA-ZAIN-G-    (0)    9 :  0.011 0.091 0.009 0.077 0.014 0.004 0.163 0.035 0.588 0.008 
364 TMA-ZAIN-G-    (0)    9 :  0.010 0.073 0.024 0.010 0.013 0.234 0.023 0.587 0.016 0.008 
365 TMA-ZAIN-G-    (0)    9 :  0.004 0.008 0.112 0.004 0.060 0.019 0.315 0.075 0.385 0.019 
366 TMA-ZAIN-G-    (0)    9 :  0.011 0.041 0.004 0.004 0.127 0.004 0.739 0.005 0.057 0.008 
