

----------------------------------------------------
STRUCTURE by Pritchard, Stephens and Donnelly (2000)
     and Falush, Stephens and Pritchard (2003)
       Code by Pritchard, Falush and Hubisz
             Version 2.3.4 (Jul 2012)
----------------------------------------------------



Command line arguments:   bin\structure -m C:\Users\eschumacher\Documents\GitHub\GCC_QUAC_ZAIN\Data_Files\Structure_Files\ZAIN\ZAIN_rebinned_allpop_str\50-50\mainparams -e C:\Users\eschumacher\Documents\GitHub\GCC_QUAC_ZAIN\Data_Files\Structure_Files\ZAIN\ZAIN_rebinned_allpop_str\50-50\extraparams 
Input File:    C:\Users\eschumacher\Documents\GitHub\GCC_QUAC_ZAIN\Data_Files\Structure_Files\ZAIN\ZAIN_rebinned_allpop_str\project_data

Run parameters:
   1133 individuals
   11 loci
   4 populations assumed
   50000 Burn-in period
   50000 Reps


--------------------------------------------
Proportion of membership of each pre-defined
 population in each of the 4 clusters

Given    Inferred Clusters              Number of
 Pop       1      2      3      4      Individuals

  1:     0.154  0.189  0.469  0.188      303
  2:     0.267  0.191  0.437  0.104       15
  3:     0.113  0.019  0.267  0.602        2
  4:     0.061  0.144  0.532  0.263        2
  5:     0.241  0.066  0.312  0.382        7
  6:     0.100  0.679  0.198  0.023       13
  7:     0.005  0.947  0.005  0.044       13
  8:     0.019  0.013  0.950  0.018        7
  9:     0.139  0.076  0.745  0.040       11
 10:     0.091  0.130  0.591  0.188        9
 11:     0.008  0.956  0.012  0.023       35
 12:     0.035  0.008  0.950  0.007       36
 13:     0.013  0.007  0.970  0.010       33
 14:     0.948  0.023  0.018  0.012       40
 15:     0.884  0.005  0.105  0.005       39
 16:     0.044  0.263  0.081  0.611       40
 17:     0.031  0.106  0.019  0.844       37
 18:     0.008  0.006  0.981  0.004       40
 19:     0.045  0.939  0.009  0.008       28
 20:     0.743  0.074  0.025  0.159       14
 21:     0.010  0.013  0.007  0.970       13
 22:     0.211  0.005  0.779  0.005       14
 23:     0.010  0.006  0.976  0.008       25
 24:     0.029  0.008  0.940  0.022       40
 25:     0.904  0.041  0.026  0.028       32
 26:     0.005  0.007  0.005  0.983       20
 27:     0.013  0.826  0.016  0.145        4
 28:     0.012  0.955  0.023  0.009       23
 29:     0.010  0.969  0.008  0.013       39
 30:     0.005  0.975  0.005  0.015       38
 31:     0.144  0.006  0.842  0.009       45
 32:     0.102  0.005  0.880  0.013       28
 33:     0.014  0.951  0.008  0.027        6
 34:     0.055  0.092  0.070  0.782       40
 35:     0.014  0.038  0.031  0.918       42
--------------------------------------------

Allele-freq. divergence among pops (Net nucleotide distance),
computed using point estimates of P.

      1       2       3       4      
 1      -    0.1526  0.1078  0.1058  
 2   0.1526     -    0.1994  0.0704  
 3   0.1078  0.1994     -    0.1382  
 4   0.1058  0.0704  0.1382     -    

Average distances (expected heterozygosity) between individuals in same cluster:
cluster  1  : 0.4486 
cluster  2  : 0.5074 
cluster  3  : 0.4565 
cluster  4  : 0.5640 

--------------------------------------------
Estimated Ln Prob of Data   = -23591.5
Mean value of ln likelihood = -23296.2
Variance of ln likelihood   = 590.6
Mean value of alpha         = 0.0367

Mean value of Fst_1         = 0.3341
Mean value of Fst_2         = 0.3060
Mean value of Fst_3         = 0.2652
Mean value of Fst_4         = 0.1371


Inferred ancestry of individuals:
        Label (%Miss) Pop:  Inferred clusters
  1 TMA-ZAIN-G-    (9)    1 :  0.104 0.802 0.051 0.044 
  2 TMA-ZAIN-G-    (0)    1 :  0.051 0.689 0.234 0.027 
  3 TMA-ZAIN-G-    (0)    1 :  0.019 0.005 0.971 0.005 
  4 TMA-ZAIN-G-    (0)    1 :  0.791 0.035 0.158 0.016 
  5 TMA-ZAIN-G-    (0)    1 :  0.005 0.987 0.003 0.005 
  6 TMA-ZAIN-G-    (0)    1 :  0.199 0.061 0.651 0.089 
  7 TMA-ZAIN-G-    (0)    1 :  0.087 0.016 0.883 0.013 
  8 TMA-ZAIN-G-    (0)    1 :  0.020 0.005 0.971 0.004 
  9 TMA-ZAIN-G-    (9)    1 :  0.007 0.008 0.979 0.006 
 10 TMA-ZAIN-G-    (0)    1 :  0.013 0.004 0.976 0.007 
 11 TMA-ZAIN-G-    (0)    1 :  0.009 0.006 0.978 0.008 
 12 TMA-ZAIN-G-    (0)    1 :  0.007 0.004 0.985 0.004 
 13 TMA-ZAIN-G-    (9)    1 :  0.043 0.107 0.807 0.043 
 14 TMA-ZAIN-G-    (9)    1 :  0.878 0.006 0.104 0.012 
 15 TMA-ZAIN-G-    (0)    1 :  0.867 0.006 0.120 0.008 
 16 TMA-ZAIN-G-    (0)    1 :  0.006 0.005 0.983 0.006 
 17 TMA-ZAIN-G-    (9)    1 :  0.103 0.016 0.857 0.024 
 18 TMA-ZAIN-G-    (0)    1 :  0.088 0.774 0.022 0.117 
 19 TMA-ZAIN-G-    (0)    1 :  0.020 0.043 0.039 0.897 
 20 TMA-ZAIN-G-    (0)    1 :  0.011 0.051 0.003 0.935 
 21 TMA-ZAIN-G-    (0)    1 :  0.004 0.007 0.004 0.985 
 22 TMA-ZAIN-G-    (0)    1 :  0.004 0.985 0.003 0.008 
 23 TMA-ZAIN-G-    (0)    1 :  0.006 0.935 0.007 0.052 
 24 TMA-ZAIN-G-    (9)    1 :  0.028 0.846 0.118 0.008 
 25 TMA-ZAIN-G-    (9)    1 :  0.006 0.104 0.073 0.817 
 26 TMA-ZAIN-G-    (9)    1 :  0.532 0.015 0.375 0.077 
 27 TMA-ZAIN-G-    (0)    1 :  0.103 0.064 0.013 0.821 
 28 TMA-ZAIN-G-    (0)    1 :  0.021 0.022 0.017 0.940 
 29 TMA-ZAIN-G-    (0)    1 :  0.135 0.004 0.518 0.343 
 30 TMA-ZAIN-G-    (0)    1 :  0.031 0.006 0.666 0.297 
 31 TMA-ZAIN-G-    (0)    1 :  0.032 0.945 0.008 0.015 
 32 TMA-ZAIN-G-    (9)    1 :  0.013 0.876 0.095 0.017 
 33 TMA-ZAIN-G-   (18)    1 :  0.006 0.005 0.984 0.005 
 34 TMA-ZAIN-G-    (0)    1 :  0.011 0.235 0.734 0.020 
 35 TMA-ZAIN-G-    (9)    1 :  0.023 0.008 0.963 0.006 
 36 TMA-ZAIN-G-    (0)    1 :  0.025 0.004 0.965 0.005 
 37 TMA-ZAIN-G-    (9)    1 :  0.014 0.007 0.967 0.012 
 38 TMA-ZAIN-G-   (18)    1 :  0.043 0.836 0.082 0.038 
 39 TMA-ZAIN-G-    (0)    1 :  0.008 0.004 0.981 0.008 
 40 TMA-ZAIN-G-    (0)    1 :  0.006 0.003 0.986 0.005 
 41 TMA-ZAIN-G-    (0)    1 :  0.015 0.003 0.978 0.005 
 42 TMA-ZAIN-G-    (9)    1 :  0.104 0.004 0.888 0.004 
 43 TMA-ZAIN-G-    (0)    1 :  0.972 0.004 0.019 0.005 
 44 TMA-ZAIN-G-    (0)    1 :  0.006 0.007 0.015 0.972 
 45 TMA-ZAIN-G-    (0)    1 :  0.024 0.006 0.959 0.011 
 46 TMA-ZAIN-G-    (0)    1 :  0.005 0.009 0.004 0.982 
 47 TMA-ZAIN-G-    (0)    1 :  0.981 0.005 0.006 0.008 
 48 TMA-ZAIN-G-    (0)    1 :  0.864 0.011 0.103 0.023 
 49 TMA-ZAIN-G-    (9)    1 :  0.017 0.047 0.058 0.878 
 50 TMA-ZAIN-G-    (0)    1 :  0.006 0.009 0.050 0.934 
 51 TMA-ZAIN-G-    (0)    1 :  0.082 0.006 0.016 0.896 
 52 TMA-ZAIN-G-    (0)    1 :  0.071 0.008 0.016 0.905 
 53 TMA-ZAIN-G-    (0)    1 :  0.209 0.210 0.032 0.548 
 54 TMA-ZAIN-G-    (0)    1 :  0.979 0.007 0.006 0.008 
 55 TMA-ZAIN-G-    (0)    1 :  0.969 0.008 0.007 0.016 
 56 TMA-ZAIN-G-    (0)    1 :  0.805 0.017 0.117 0.061 
 57 TMA-ZAIN-G-    (0)    1 :  0.964 0.009 0.009 0.018 
 58 TMA-ZAIN-G-    (0)    1 :  0.137 0.429 0.036 0.399 
 59 TMA-ZAIN-G-    (0)    1 :  0.085 0.708 0.148 0.059 
 60 TMA-ZAIN-G-    (0)    1 :  0.157 0.306 0.025 0.512 
 61 TMA-ZAIN-G-    (0)    1 :  0.009 0.978 0.004 0.010 
 62 TMA-ZAIN-G-    (9)    1 :  0.020 0.875 0.049 0.056 
 63 TMA-ZAIN-G-    (0)    1 :  0.026 0.957 0.006 0.011 
 64 TMA-ZAIN-G-    (0)    1 :  0.010 0.003 0.984 0.004 
 65 TMA-ZAIN-G-    (9)    1 :  0.044 0.004 0.948 0.004 
 66 TMA-ZAIN-G-    (0)    1 :  0.011 0.003 0.983 0.003 
 67 TMA-ZAIN-G-    (0)    1 :  0.006 0.007 0.973 0.014 
 68 TMA-ZAIN-G-    (0)    1 :  0.030 0.003 0.964 0.003 
 69 TMA-ZAIN-G-    (0)    1 :  0.014 0.014 0.956 0.017 
 70 TMA-ZAIN-G-    (0)    1 :  0.006 0.004 0.983 0.007 
 71 TMA-ZAIN-G-    (0)    1 :  0.004 0.004 0.987 0.005 
 72 TMA-ZAIN-G-    (0)    1 :  0.012 0.005 0.978 0.006 
 73 TMA-ZAIN-G-    (0)    1 :  0.015 0.045 0.878 0.062 
 74 TMA-ZAIN-G-    (0)    1 :  0.008 0.015 0.950 0.027 
 75 TMA-ZAIN-G-    (0)    1 :  0.013 0.006 0.974 0.007 
 76 TMA-ZAIN-G-    (0)    1 :  0.005 0.020 0.911 0.065 
 77 TMA-ZAIN-G-    (0)    1 :  0.010 0.005 0.971 0.014 
 78 TMA-ZAIN-G-    (0)    1 :  0.014 0.022 0.879 0.086 
 79 TMA-ZAIN-G-    (0)    1 :  0.021 0.007 0.914 0.057 
 80 TMA-ZAIN-G-    (0)    1 :  0.009 0.004 0.980 0.008 
 81 TMA-ZAIN-G-    (0)    1 :  0.011 0.006 0.963 0.021 
 82 TMA-ZAIN-G-    (0)    1 :  0.009 0.004 0.982 0.004 
 83 TMA-ZAIN-G-    (9)    1 :  0.021 0.080 0.858 0.040 
 84 TMA-ZAIN-G-    (0)    1 :  0.006 0.009 0.932 0.053 
 85 TMA-ZAIN-G-    (0)    1 :  0.384 0.334 0.029 0.253 
 86 TMA-ZAIN-G-    (0)    1 :  0.372 0.047 0.038 0.542 
 87 TMA-ZAIN-G-    (0)    1 :  0.083 0.759 0.013 0.145 
 88 TMA-ZAIN-G-    (0)    1 :  0.539 0.273 0.165 0.024 
 89 TMA-ZAIN-G-    (0)    1 :  0.952 0.022 0.015 0.011 
 90 TMA-ZAIN-G-    (0)    1 :  0.882 0.024 0.015 0.079 
 91 TMA-ZAIN-G-    (0)    1 :  0.883 0.069 0.013 0.034 
 92 TMA-ZAIN-G-    (0)    1 :  0.810 0.013 0.009 0.169 
 93 TMA-ZAIN-G-    (0)    1 :  0.895 0.058 0.006 0.041 
 94 TMA-ZAIN-G-    (0)    1 :  0.635 0.171 0.007 0.187 
 95 TMA-ZAIN-G-    (0)    1 :  0.025 0.030 0.039 0.906 
 96 TMA-ZAIN-G-    (0)    1 :  0.031 0.007 0.042 0.921 
 97 TMA-ZAIN-G-    (0)    1 :  0.014 0.961 0.008 0.017 
 98 TMA-ZAIN-G-    (0)    1 :  0.011 0.974 0.009 0.006 
 99 TMA-ZAIN-G-    (0)    1 :  0.009 0.789 0.188 0.013 
100 TMA-ZAIN-G-    (0)    1 :  0.027 0.926 0.006 0.040 
101 TMA-ZAIN-G-    (0)    1 :  0.014 0.957 0.016 0.013 
102 TMA-ZAIN-G-    (0)    1 :  0.018 0.938 0.023 0.021 
103 TMA-ZAIN-G-    (0)    1 :  0.009 0.967 0.011 0.012 
104 TMA-ZAIN-G-    (0)    1 :  0.006 0.984 0.004 0.006 
105 TMA-ZAIN-G-    (0)    1 :  0.010 0.967 0.013 0.010 
106 TMA-ZAIN-G-    (0)    1 :  0.011 0.003 0.981 0.004 
107 TMA-ZAIN-G-    (0)    1 :  0.006 0.004 0.985 0.004 
108 TMA-ZAIN-G-    (9)    1 :  0.158 0.310 0.385 0.148 
109 TMA-ZAIN-G-    (0)    1 :  0.217 0.244 0.491 0.047 
110 TMA-ZAIN-G-    (0)    1 :  0.057 0.209 0.502 0.232 
111 TMA-ZAIN-G-    (9)    1 :  0.015 0.909 0.048 0.027 
112 TMA-ZAIN-G-    (0)    1 :  0.131 0.272 0.354 0.243 
113 TMA-ZAIN-G-    (0)    1 :  0.020 0.949 0.025 0.006 
114 TMA-ZAIN-G-    (0)    1 :  0.004 0.987 0.003 0.006 
115 TMA-ZAIN-G-    (0)    1 :  0.006 0.984 0.005 0.005 
116 TMA-ZAIN-G-    (0)    1 :  0.011 0.006 0.979 0.004 
117 TMA-ZAIN-G-    (0)    1 :  0.108 0.005 0.880 0.007 
118 TMA-ZAIN-G-    (0)    1 :  0.014 0.006 0.976 0.004 
119 TMA-ZAIN-G-    (0)    1 :  0.010 0.016 0.963 0.011 
120 TMA-ZAIN-G-    (0)    1 :  0.022 0.009 0.963 0.006 
121 TMA-ZAIN-G-    (0)    1 :  0.022 0.006 0.967 0.005 
122 TMA-ZAIN-G-    (0)    1 :  0.022 0.007 0.958 0.014 
123 TMA-ZAIN-G-    (0)    1 :  0.011 0.974 0.006 0.009 
124 TMA-ZAIN-G-    (0)    1 :  0.015 0.007 0.971 0.007 
125 TMA-ZAIN-G-    (0)    1 :  0.680 0.003 0.312 0.005 
126 TMA-ZAIN-G-    (0)    1 :  0.169 0.005 0.820 0.005 
127 TMA-ZAIN-G-    (0)    1 :  0.011 0.003 0.982 0.004 
128 TMA-ZAIN-G-    (0)    1 :  0.013 0.004 0.977 0.006 
129 TMA-ZAIN-G-    (0)    1 :  0.031 0.008 0.956 0.006 
130 TMA-ZAIN-G-    (0)    1 :  0.730 0.007 0.258 0.005 
131 TMA-ZAIN-G-    (0)    1 :  0.027 0.006 0.959 0.008 
132 TMA-ZAIN-G-    (0)    1 :  0.107 0.004 0.884 0.005 
133 TMA-ZAIN-G-    (0)    1 :  0.116 0.004 0.865 0.015 
134 TMA-ZAIN-G-    (0)    1 :  0.205 0.004 0.784 0.007 
135 TMA-ZAIN-G-    (0)    1 :  0.007 0.004 0.983 0.006 
136 TMA-ZAIN-G-    (0)    1 :  0.018 0.004 0.973 0.005 
137 TMA-ZAIN-G-    (0)    1 :  0.008 0.006 0.980 0.007 
138 TMA-ZAIN-G-    (0)    1 :  0.015 0.004 0.978 0.003 
139 TMA-ZAIN-G-    (0)    1 :  0.026 0.004 0.965 0.005 
140 TMA-ZAIN-G-    (0)    1 :  0.005 0.004 0.985 0.006 
141 TMA-ZAIN-G-    (0)    1 :  0.010 0.006 0.978 0.006 
142 TMA-ZAIN-G-    (9)    1 :  0.006 0.004 0.985 0.005 
143 TMA-ZAIN-G-    (0)    1 :  0.008 0.004 0.983 0.005 
144 TMA-ZAIN-G-    (0)    1 :  0.015 0.005 0.970 0.010 
145 TMA-ZAIN-G-    (0)    1 :  0.009 0.003 0.985 0.003 
146 TMA-ZAIN-G-    (0)    1 :  0.005 0.004 0.987 0.004 
147 TMA-ZAIN-G-    (9)    1 :  0.006 0.003 0.986 0.004 
148 TMA-ZAIN-G-    (0)    1 :  0.019 0.003 0.974 0.004 
149 TMA-ZAIN-G-    (0)    1 :  0.071 0.039 0.874 0.016 
150 TMA-ZAIN-G-    (0)    1 :  0.042 0.041 0.905 0.012 
151 TMA-ZAIN-G-    (0)    1 :  0.010 0.003 0.983 0.003 
152 TMA-ZAIN-G-    (0)    1 :  0.010 0.004 0.983 0.004 
153 TMA-ZAIN-G-    (0)    1 :  0.010 0.004 0.983 0.003 
154 TMA-ZAIN-G-    (0)    1 :  0.008 0.004 0.984 0.004 
155 TMA-ZAIN-G-    (0)    1 :  0.005 0.005 0.986 0.004 
156 TMA-ZAIN-G-    (9)    1 :  0.031 0.006 0.959 0.004 
157 TMA-ZAIN-G-    (0)    1 :  0.015 0.005 0.976 0.004 
158 TMA-ZAIN-G-    (0)    1 :  0.006 0.004 0.984 0.005 
159 TMA-ZAIN-G-    (0)    1 :  0.006 0.004 0.987 0.003 
160 TMA-ZAIN-G-    (0)    1 :  0.007 0.005 0.985 0.003 
161 TMA-ZAIN-G-    (0)    1 :  0.011 0.003 0.981 0.004 
162 TMA-ZAIN-G-    (0)    1 :  0.018 0.039 0.933 0.010 
163 TMA-ZAIN-G-    (0)    1 :  0.004 0.003 0.989 0.003 
164 TMA-ZAIN-G-    (0)    1 :  0.009 0.007 0.980 0.005 
165 TMA-ZAIN-G-    (0)    1 :  0.005 0.005 0.987 0.003 
166 TMA-ZAIN-G-    (0)    1 :  0.008 0.003 0.985 0.003 
167 TMA-ZAIN-G-    (0)    1 :  0.008 0.007 0.977 0.008 
168 TMA-ZAIN-G-    (0)    1 :  0.013 0.005 0.978 0.005 
169 TMA-ZAIN-G-    (0)    1 :  0.006 0.003 0.987 0.004 
170 TMA-ZAIN-G-    (0)    1 :  0.010 0.014 0.956 0.020 
171 TMA-ZAIN-G-    (0)    1 :  0.006 0.004 0.987 0.004 
172 TMA-ZAIN-G-    (0)    1 :  0.009 0.004 0.979 0.007 
173 TMA-ZAIN-G-    (0)    1 :  0.014 0.004 0.972 0.010 
174 TMA-ZAIN-G-    (0)    1 :  0.007 0.003 0.986 0.004 
175 TMA-ZAIN-G-    (0)    1 :  0.006 0.004 0.985 0.005 
176 TMA-ZAIN-G-    (0)    1 :  0.006 0.004 0.986 0.004 
177 TMA-ZAIN-G-    (0)    1 :  0.008 0.004 0.983 0.005 
178 TMA-ZAIN-G-    (0)    1 :  0.017 0.006 0.969 0.009 
179 TMA-ZAIN-G-    (0)    1 :  0.009 0.003 0.983 0.005 
180 TMA-ZAIN-G-    (0)    1 :  0.039 0.004 0.950 0.007 
181 TMA-ZAIN-G-    (0)    1 :  0.052 0.005 0.939 0.005 
182 TMA-ZAIN-G-    (0)    1 :  0.292 0.010 0.692 0.006 
183 TMA-ZAIN-G-    (0)    1 :  0.048 0.005 0.941 0.006 
184 TMA-ZAIN-G-    (0)    1 :  0.144 0.036 0.805 0.015 
185 TMA-ZAIN-G-    (0)    1 :  0.075 0.034 0.854 0.037 
186 TMA-ZAIN-G-    (9)    1 :  0.009 0.006 0.971 0.014 
187 TMA-ZAIN-G-    (0)    1 :  0.009 0.006 0.979 0.007 
188 TMA-ZAIN-G-    (0)    1 :  0.009 0.004 0.983 0.004 
189 TMA-ZAIN-G-    (0)    1 :  0.006 0.003 0.988 0.004 
190 TMA-ZAIN-G-    (0)    1 :  0.019 0.003 0.969 0.008 
191 TMA-ZAIN-G-    (0)    1 :  0.017 0.034 0.932 0.017 
192 TMA-ZAIN-G-    (0)    1 :  0.014 0.004 0.972 0.009 
193 TMA-ZAIN-G-    (0)    1 :  0.984 0.003 0.008 0.004 
194 TMA-ZAIN-G-    (0)    1 :  0.976 0.004 0.013 0.008 
195 TMA-ZAIN-G-    (0)    1 :  0.635 0.004 0.351 0.010 
196 TMA-ZAIN-G-    (0)    1 :  0.932 0.004 0.059 0.006 
197 TMA-ZAIN-G-    (0)    1 :  0.966 0.004 0.025 0.005 
198 TMA-ZAIN-G-    (0)    1 :  0.904 0.004 0.087 0.005 
199 TMA-ZAIN-G-    (0)    1 :  0.018 0.005 0.967 0.009 
200 TMA-ZAIN-G-    (0)    1 :  0.010 0.043 0.004 0.943 
201 TMA-ZAIN-G-    (0)    1 :  0.005 0.012 0.005 0.979 
202 TMA-ZAIN-G-    (0)    1 :  0.006 0.008 0.006 0.980 
203 TMA-ZAIN-G-    (0)    1 :  0.869 0.016 0.110 0.005 
204 TMA-ZAIN-G-    (9)    1 :  0.011 0.009 0.006 0.973 
205 TMA-ZAIN-G-    (0)    1 :  0.008 0.007 0.009 0.975 
206 TMA-ZAIN-G-    (9)    1 :  0.029 0.016 0.007 0.948 
207 TMA-ZAIN-G-    (9)    1 :  0.101 0.017 0.859 0.023 
208 TMA-ZAIN-G-    (0)    1 :  0.005 0.003 0.989 0.004 
209 TMA-ZAIN-G-    (0)    1 :  0.186 0.003 0.806 0.005 
210 TMA-ZAIN-G-    (0)    1 :  0.137 0.004 0.853 0.005 
211 TMA-ZAIN-G-    (0)    1 :  0.037 0.010 0.934 0.019 
212 TMA-ZAIN-G-    (0)    1 :  0.018 0.004 0.971 0.007 
213 TMA-ZAIN-G-    (0)    1 :  0.014 0.005 0.976 0.006 
214 TMA-ZAIN-G-    (0)    1 :  0.010 0.003 0.982 0.004 
215 TMA-ZAIN-G-    (0)    1 :  0.004 0.005 0.750 0.241 
216 TMA-ZAIN-G-    (0)    1 :  0.024 0.004 0.963 0.008 
217 TMA-ZAIN-G-    (0)    1 :  0.015 0.004 0.978 0.003 
218 TMA-ZAIN-G-    (0)    1 :  0.008 0.008 0.015 0.969 
219 TMA-ZAIN-G-    (0)    1 :  0.009 0.007 0.006 0.978 
220 TMA-ZAIN-G-    (0)    1 :  0.015 0.211 0.040 0.735 
221 TMA-ZAIN-G-    (0)    1 :  0.007 0.004 0.007 0.982 
222 TMA-ZAIN-G-    (0)    1 :  0.024 0.058 0.028 0.890 
223 TMA-ZAIN-G-    (0)    1 :  0.005 0.013 0.005 0.977 
224 TMA-ZAIN-G-    (0)    1 :  0.032 0.027 0.015 0.927 
225 TMA-ZAIN-G-    (0)    1 :  0.008 0.015 0.005 0.973 
226 TMA-ZAIN-G-    (0)    1 :  0.013 0.018 0.008 0.961 
227 TMA-ZAIN-G-    (0)    1 :  0.011 0.013 0.009 0.967 
228 TMA-ZAIN-G-    (0)    1 :  0.011 0.053 0.027 0.909 
229 TMA-ZAIN-G-    (0)    1 :  0.005 0.034 0.004 0.957 
230 TMA-ZAIN-G-    (0)    1 :  0.144 0.100 0.149 0.607 
231 TMA-ZAIN-G-    (0)    1 :  0.022 0.708 0.028 0.242 
232 TMA-ZAIN-G-    (9)    1 :  0.034 0.767 0.059 0.140 
233 TMA-ZAIN-G-    (0)    1 :  0.017 0.007 0.031 0.945 
234 TMA-ZAIN-G-    (0)    1 :  0.033 0.262 0.011 0.694 
235 TMA-ZAIN-G-    (0)    1 :  0.036 0.315 0.071 0.578 
236 TMA-ZAIN-G-    (0)    1 :  0.013 0.090 0.014 0.883 
237 TMA-ZAIN-G-    (0)    1 :  0.058 0.418 0.188 0.336 
238 TMA-ZAIN-G-    (0)    1 :  0.008 0.081 0.035 0.877 
239 TMA-ZAIN-G-    (0)    1 :  0.219 0.011 0.017 0.754 
240 TMA-ZAIN-G-    (0)    1 :  0.005 0.007 0.004 0.985 
241 TMA-ZAIN-G-    (0)    1 :  0.005 0.008 0.007 0.980 
242 TMA-ZAIN-G-    (0)    1 :  0.004 0.006 0.006 0.984 
243 TMA-ZAIN-G-    (0)    1 :  0.005 0.005 0.008 0.982 
244 TMA-ZAIN-G-    (0)    1 :  0.005 0.007 0.012 0.976 
245 TMA-ZAIN-G-    (9)    1 :  0.004 0.008 0.004 0.983 
246 TMA-ZAIN-G-    (0)    1 :  0.003 0.004 0.003 0.990 
247 TMA-ZAIN-G-    (0)    1 :  0.003 0.004 0.004 0.989 
248 TMA-ZAIN-G-    (0)    1 :  0.005 0.006 0.006 0.984 
249 TMA-ZAIN-G-    (0)    1 :  0.004 0.004 0.003 0.988 
250 TMA-ZAIN-G-    (0)    1 :  0.003 0.004 0.003 0.990 
251 TMA-ZAIN-G-    (0)    1 :  0.983 0.007 0.005 0.005 
252 TMA-ZAIN-G-    (0)    1 :  0.914 0.004 0.069 0.012 
253 TMA-ZAIN-G-    (0)    1 :  0.980 0.008 0.008 0.005 
254 TMA-ZAIN-G-    (9)    1 :  0.962 0.008 0.024 0.005 
255 TMA-ZAIN-G-    (0)    1 :  0.933 0.054 0.008 0.006 
256 TMA-ZAIN-G-    (0)    1 :  0.978 0.009 0.007 0.006 
257 TMA-ZAIN-G-    (0)    1 :  0.988 0.004 0.003 0.005 
258 TMA-ZAIN-G-    (0)    1 :  0.987 0.004 0.004 0.004 
259 TMA-ZAIN-G-    (0)    1 :  0.983 0.006 0.004 0.007 
260 TMA-ZAIN-G-    (0)    1 :  0.984 0.005 0.005 0.006 
261 TMA-ZAIN-G-   (18)    1 :  0.981 0.006 0.007 0.006 
262 TMA-ZAIN-G-    (0)    1 :  0.987 0.005 0.004 0.004 
263 TMA-ZAIN-G-    (0)    1 :  0.980 0.010 0.005 0.006 
264 TMA-ZAIN-G-    (0)    1 :  0.979 0.011 0.006 0.005 
265 TMA-ZAIN-G-    (0)    1 :  0.566 0.018 0.050 0.367 
266 TMA-ZAIN-G-    (0)    1 :  0.962 0.008 0.017 0.012 
267 TMA-ZAIN-G-    (0)    1 :  0.276 0.261 0.029 0.434 
268 TMA-ZAIN-G-    (0)    1 :  0.004 0.988 0.003 0.005 
269 TMA-ZAIN-G-    (0)    1 :  0.005 0.979 0.005 0.011 
270 TMA-ZAIN-G-    (0)    1 :  0.006 0.977 0.005 0.011 
271 TMA-ZAIN-G-    (0)    1 :  0.004 0.984 0.004 0.008 
272 TMA-ZAIN-G-    (0)    1 :  0.004 0.936 0.005 0.054 
273 TMA-ZAIN-G-    (0)    1 :  0.004 0.921 0.003 0.072 
274 TMA-ZAIN-G-    (0)    1 :  0.012 0.962 0.008 0.018 
275 TMA-ZAIN-G-    (0)    1 :  0.003 0.982 0.004 0.011 
276 TMA-ZAIN-G-    (0)    1 :  0.003 0.986 0.003 0.007 
277 TMA-ZAIN-G-    (0)    1 :  0.006 0.966 0.004 0.024 
278 TMA-ZAIN-G-    (0)    1 :  0.005 0.949 0.004 0.042 
279 TMA-ZAIN-G-    (0)    1 :  0.004 0.961 0.005 0.030 
280 TMA-ZAIN-G-    (0)    1 :  0.004 0.951 0.004 0.040 
281 TMA-ZAIN-G-    (0)    1 :  0.005 0.954 0.004 0.036 
282 TMA-ZAIN-G-    (9)    1 :  0.004 0.975 0.003 0.018 
283 TMA-ZAIN-G-    (0)    1 :  0.012 0.922 0.005 0.060 
284 TMA-ZAIN-G-    (0)    1 :  0.023 0.930 0.007 0.041 
285 TMA-ZAIN-G-    (0)    1 :  0.010 0.938 0.007 0.045 
286 TMA-ZAIN-G-    (0)    1 :  0.006 0.980 0.003 0.011 
287 TMA-ZAIN-G-    (0)    1 :  0.006 0.977 0.005 0.012 
288 TMA-ZAIN-G-    (0)    1 :  0.014 0.955 0.014 0.018 
289 TMA-ZAIN-G-    (0)    1 :  0.009 0.969 0.007 0.015 
290 TMA-ZAIN-G-    (0)    1 :  0.007 0.976 0.005 0.011 
291 TMA-ZAIN-G-    (0)    1 :  0.011 0.017 0.006 0.966 
292 TMA-ZAIN-G-    (0)    1 :  0.008 0.012 0.960 0.020 
293 TMA-ZAIN-G-    (0)    1 :  0.021 0.004 0.960 0.015 
294 TMA-ZAIN-G-    (0)    1 :  0.008 0.004 0.982 0.006 
295 TMA-ZAIN-G-    (9)    1 :  0.009 0.006 0.974 0.012 
296 TMA-ZAIN-G-    (0)    1 :  0.019 0.012 0.959 0.010 
297 TMA-ZAIN-G-    (0)    1 :  0.021 0.007 0.965 0.008 
298 TMA-ZAIN-G-    (0)    1 :  0.036 0.019 0.917 0.028 
299 TMA-ZAIN-G-    (0)    1 :  0.004 0.006 0.982 0.008 
300 TMA-ZAIN-G-    (0)    1 :  0.008 0.004 0.980 0.008 
301 TMA-ZAIN-G-    (0)    1 :  0.011 0.006 0.974 0.009 
302 TMA-ZAIN-G-    (9)    1 :  0.010 0.005 0.981 0.005 
303 TMA-ZAIN-G-    (0)    1 :  0.169 0.026 0.011 0.794 
304 TMA-ZAIN-G-    (0)    2 :  0.931 0.012 0.049 0.009 
305 TMA-ZAIN-G-    (0)    2 :  0.011 0.005 0.979 0.006 
306 TMA-ZAIN-G-    (0)    2 :  0.341 0.196 0.437 0.025 
307 TMA-ZAIN-G-    (0)    2 :  0.816 0.010 0.164 0.010 
308 TMA-ZAIN-G-    (0)    2 :  0.781 0.096 0.007 0.116 
309 TMA-ZAIN-G-    (0)    2 :  0.009 0.005 0.981 0.005 
310 TMA-ZAIN-G-    (0)    2 :  0.014 0.012 0.948 0.026 
311 TMA-ZAIN-G-    (0)    2 :  0.080 0.042 0.863 0.015 
312 TMA-ZAIN-G-    (0)    2 :  0.032 0.008 0.942 0.018 
313 TMA-ZAIN-G-    (0)    2 :  0.871 0.012 0.112 0.005 
314 TMA-ZAIN-G-    (0)    2 :  0.050 0.870 0.032 0.048 
315 TMA-ZAIN-G-    (0)    2 :  0.019 0.327 0.551 0.104 
316 TMA-ZAIN-G-    (0)    2 :  0.014 0.351 0.471 0.163 
317 TMA-ZAIN-G-    (0)    2 :  0.015 0.055 0.013 0.917 
318 TMA-ZAIN-G-    (9)    2 :  0.026 0.866 0.011 0.098 
319 TMA-ZAIN-G-    (0)    3 :  0.216 0.032 0.012 0.740 
320 TMA-ZAIN-G-    (0)    3 :  0.009 0.006 0.521 0.464 
321 TMA-ZAIN-G-    (0)    4 :  0.017 0.196 0.675 0.113 
322 TMA-ZAIN-G-    (0)    4 :  0.105 0.093 0.390 0.413 
323 TMA-ZAIN-G-    (0)    5 :  0.036 0.010 0.039 0.915 
324 TMA-ZAIN-G-    (0)    5 :  0.096 0.007 0.890 0.007 
325 TMA-ZAIN-G-    (0)    5 :  0.006 0.004 0.005 0.985 
326 TMA-ZAIN-G-    (0)    5 :  0.328 0.003 0.045 0.624 
327 TMA-ZAIN-G-    (0)    5 :  0.970 0.004 0.021 0.005 
328 TMA-ZAIN-G-    (0)    5 :  0.198 0.430 0.247 0.125 
329 TMA-ZAIN-G-    (0)    5 :  0.051 0.005 0.933 0.011 
330 TMA-ZAIN-G-    (0)    6 :  0.088 0.004 0.902 0.006 
331 TMA-ZAIN-G-    (0)    6 :  0.128 0.070 0.693 0.110 
332 TMA-ZAIN-G-    (0)    6 :  0.075 0.003 0.917 0.005 
333 TMA-ZAIN-G-    (0)    6 :  0.972 0.004 0.018 0.006 
334 TMA-ZAIN-G-    (0)    6 :  0.005 0.963 0.004 0.028 
335 TMA-ZAIN-G-    (0)    6 :  0.004 0.972 0.006 0.017 
336 TMA-ZAIN-G-    (0)    6 :  0.009 0.932 0.007 0.052 
337 TMA-ZAIN-G-    (9)    6 :  0.005 0.970 0.005 0.020 
338 TMA-ZAIN-G-    (0)    6 :  0.004 0.987 0.003 0.006 
339 TMA-ZAIN-G-    (0)    6 :  0.003 0.985 0.002 0.010 
340 TMA-ZAIN-G-    (0)    6 :  0.003 0.981 0.004 0.011 
341 TMA-ZAIN-G-    (0)    6 :  0.004 0.983 0.004 0.009 
342 TMA-ZAIN-G-    (0)    6 :  0.005 0.967 0.005 0.022 
343 TMA-ZAIN-G-    (0)    7 :  0.003 0.986 0.003 0.008 
344 TMA-ZAIN-G-    (0)    7 :  0.005 0.943 0.005 0.047 
345 TMA-ZAIN-G-    (0)    7 :  0.004 0.979 0.003 0.014 
346 TMA-ZAIN-G-    (0)    7 :  0.004 0.978 0.003 0.015 
347 TMA-ZAIN-G-    (9)    7 :  0.003 0.977 0.004 0.015 
348 TMA-ZAIN-G-    (0)    7 :  0.007 0.936 0.005 0.052 
349 TMA-ZAIN-G-    (0)    7 :  0.004 0.977 0.003 0.016 
350 TMA-ZAIN-G-    (0)    7 :  0.006 0.727 0.007 0.260 
351 TMA-ZAIN-G-    (0)    7 :  0.005 0.960 0.004 0.031 
352 TMA-ZAIN-G-    (0)    7 :  0.005 0.978 0.007 0.010 
353 TMA-ZAIN-G-    (0)    7 :  0.006 0.920 0.005 0.069 
354 TMA-ZAIN-G-    (0)    7 :  0.003 0.974 0.005 0.018 
355 TMA-ZAIN-G-    (0)    7 :  0.005 0.973 0.007 0.015 
356 TMA-ZAIN-G-    (0)    8 :  0.014 0.003 0.969 0.014 
357 TMA-ZAIN-G-    (0)    8 :  0.031 0.007 0.955 0.007 
358 TMA-ZAIN-G-    (0)    8 :  0.040 0.053 0.886 0.021 
359 TMA-ZAIN-G-    (0)    8 :  0.012 0.008 0.927 0.053 
360 TMA-ZAIN-G-    (0)    8 :  0.006 0.004 0.983 0.007 
361 TMA-ZAIN-G-    (0)    8 :  0.026 0.008 0.959 0.007 
362 TMA-ZAIN-G-    (0)    8 :  0.004 0.007 0.970 0.019 
363 TMA-ZAIN-G-    (0)    9 :  0.097 0.007 0.861 0.035 
364 TMA-ZAIN-G-    (0)    9 :  0.055 0.564 0.051 0.329 
365 TMA-ZAIN-G-    (0)    9 :  0.006 0.195 0.773 0.027 
366 TMA-ZAIN-G-    (0)    9 :  0.012 0.005 0.975 0.009 
367 TMA-ZAIN-G-    (0)    9 :  0.508 0.033 0.450 0.009 
368 TMA-ZAIN-G-    (0)    9 :  0.012 0.004 0.978 0.006 
369 TMA-ZAIN-G-    (0)    9 :  0.013 0.003 0.980 0.005 
370 TMA-ZAIN-G-    (0)    9 :  0.011 0.005 0.978 0.006 
371 TMA-ZAIN-G-    (0)    9 :  0.006 0.005 0.985 0.004 
372 TMA-ZAIN-G-    (0)    9 :  0.007 0.004 0.985 0.005 
373 TMA-ZAIN-G-    (0)    9 :  0.803 0.005 0.181 0.011 
374 TMA-ZAIN-G-    (0)   10 :  0.658 0.241 0.068 0.033 
375 TMA-ZAIN-G-    (0)   10 :  0.041 0.035 0.193 0.731 
376 TMA-ZAIN-G-    (9)   10 :  0.004 0.005 0.986 0.004 
377 TMA-ZAIN-G-    (0)   10 :  0.005 0.003 0.989 0.003 
378 TMA-ZAIN-G-    (0)   10 :  0.005 0.004 0.987 0.003 
379 TMA-ZAIN-G-    (0)   10 :  0.008 0.004 0.985 0.003 
380 TMA-ZAIN-G-    (0)   10 :  0.007 0.003 0.985 0.005 
381 TMA-ZAIN-G-    (9)   10 :  0.084 0.011 0.114 0.791 
382 TMA-ZAIN-G-    (9)   10 :  0.009 0.862 0.009 0.120 
383    ZFB01    (0)   11 :  0.005 0.983 0.007 0.006 
384    ZFB02    (0)   11 :  0.006 0.980 0.005 0.009 
385    ZFB03    (0)   11 :  0.010 0.975 0.007 0.008 
386    ZFB04    (0)   11 :  0.004 0.977 0.006 0.012 
387    ZFB05    (0)   11 :  0.024 0.915 0.009 0.052 
388    ZFB06    (0)   11 :  0.018 0.918 0.008 0.056 
389    ZFB07    (9)   11 :  0.007 0.945 0.014 0.035 
390    ZFB08    (0)   11 :  0.007 0.980 0.006 0.007 
391    ZFB09    (0)   11 :  0.005 0.986 0.004 0.005 
392    ZFB10    (0)   11 :  0.006 0.964 0.023 0.008 
393    ZFB11    (0)   11 :  0.006 0.974 0.012 0.009 
394    ZFB12    (0)   11 :  0.005 0.982 0.006 0.007 
395    ZFB13    (0)   11 :  0.005 0.981 0.007 0.007 
396    ZFB14    (0)   11 :  0.005 0.983 0.007 0.005 
397    ZFB15    (0)   11 :  0.003 0.987 0.004 0.006 
398    ZFB16    (0)   11 :  0.004 0.984 0.005 0.007 
399    ZFB17    (0)   11 :  0.017 0.918 0.020 0.046 
400    ZFB18    (0)   11 :  0.005 0.986 0.005 0.005 
401    ZFB19    (0)   11 :  0.006 0.942 0.031 0.022 
402    ZFB20    (0)   11 :  0.004 0.982 0.005 0.009 
403    ZFB21    (0)   11 :  0.004 0.986 0.003 0.007 
404    ZFB22    (0)   11 :  0.010 0.941 0.024 0.025 
405    ZFB23    (0)   11 :  0.008 0.966 0.013 0.013 
406    ZFB24    (0)   11 :  0.005 0.974 0.010 0.011 
407    ZFB25    (0)   11 :  0.007 0.924 0.060 0.008 
408    ZFB26    (0)   11 :  0.009 0.925 0.038 0.029 
409    ZFB27    (0)   11 :  0.005 0.964 0.014 0.017 
410    ZFB28    (0)   11 :  0.010 0.964 0.007 0.019 
411    ZFB29    (0)   11 :  0.005 0.983 0.004 0.007 
412    ZFB30    (0)   11 :  0.010 0.662 0.015 0.313 
413    ZFB31    (0)   11 :  0.007 0.960 0.026 0.008 
414    ZFB32    (0)   11 :  0.032 0.936 0.012 0.020 
415    ZFB33    (0)   11 :  0.004 0.985 0.005 0.006 
416    ZFB34    (0)   11 :  0.006 0.984 0.005 0.005 
417    ZFB35    (0)   11 :  0.006 0.976 0.009 0.008 
418  ZFBP101    (0)   12 :  0.117 0.011 0.862 0.010 
419  ZFBP102    (0)   12 :  0.018 0.017 0.956 0.009 
420  ZFBP103    (0)   12 :  0.301 0.007 0.685 0.007 
421  ZFBP104    (0)   12 :  0.006 0.055 0.900 0.039 
422  ZFBP105    (0)   12 :  0.008 0.007 0.977 0.007 
423  ZFBP106    (0)   12 :  0.011 0.004 0.980 0.005 
424  ZFBP107    (0)   12 :  0.011 0.008 0.967 0.015 
425  ZFBP108    (0)   12 :  0.005 0.004 0.988 0.004 
426  ZFBP109    (0)   12 :  0.005 0.004 0.988 0.003 
427  ZFBP110    (0)   12 :  0.226 0.021 0.736 0.018 
428  ZFBP111    (0)   12 :  0.006 0.003 0.987 0.004 
429  ZFBP112    (0)   12 :  0.010 0.006 0.978 0.006 
430  ZFBP113    (0)   12 :  0.004 0.004 0.986 0.006 
431  ZFBP114    (0)   12 :  0.007 0.005 0.982 0.007 
432  ZFBP115    (0)   12 :  0.019 0.003 0.972 0.006 
433  ZFBP116    (0)   12 :  0.006 0.003 0.985 0.006 
434  ZFBP117    (0)   12 :  0.008 0.003 0.985 0.004 
435  ZFBP118    (0)   12 :  0.005 0.004 0.984 0.007 
436  ZFBP119    (0)   12 :  0.026 0.004 0.965 0.005 
437  ZFBP120    (0)   12 :  0.007 0.007 0.980 0.006 
438  ZFBP121    (0)   12 :  0.010 0.005 0.980 0.004 
439  ZFBP122    (9)   12 :  0.006 0.004 0.985 0.005 
440  ZFBP123    (0)   12 :  0.015 0.005 0.970 0.009 
441  ZFBP124    (0)   12 :  0.007 0.008 0.979 0.005 
442  ZFBP125    (0)   12 :  0.007 0.003 0.986 0.004 
443  ZFBP126    (0)   12 :  0.019 0.014 0.954 0.013 
444  ZFBP127    (0)   12 :  0.011 0.003 0.981 0.004 
445  ZFBP128    (0)   12 :  0.009 0.004 0.984 0.003 
446  ZFBP129    (0)   12 :  0.008 0.005 0.984 0.004 
447  ZFBP130    (0)   12 :  0.010 0.003 0.983 0.004 
448  ZFBP131    (0)   12 :  0.005 0.005 0.986 0.005 
449  ZFBP132    (0)   12 :  0.007 0.004 0.985 0.004 
450  ZFBP133    (0)   12 :  0.006 0.003 0.987 0.003 
451  ZFBP134    (0)   12 :  0.018 0.004 0.973 0.004 
452  ZFBP135    (0)   12 :  0.238 0.016 0.738 0.008 
453  ZFBP136    (0)   12 :  0.090 0.005 0.898 0.008 
454  ZFBP201    (0)   13 :  0.010 0.007 0.974 0.009 
455  ZFBP202    (0)   13 :  0.005 0.005 0.985 0.005 
456  ZFBP203    (0)   13 :  0.006 0.012 0.942 0.040 
457  ZFBP204    (0)   13 :  0.029 0.005 0.959 0.007 
458  ZFBP205    (0)   13 :  0.007 0.004 0.983 0.006 
459  ZFBP206    (0)   13 :  0.013 0.006 0.972 0.008 
460  ZFBP207    (0)   13 :  0.032 0.004 0.959 0.004 
461  ZFBP208    (0)   13 :  0.008 0.008 0.971 0.014 
462  ZFBP209    (0)   13 :  0.006 0.003 0.987 0.003 
463  ZFBP210    (0)   13 :  0.010 0.006 0.974 0.010 
464  ZFBP211    (0)   13 :  0.007 0.005 0.984 0.005 
465  ZFBP212    (0)   13 :  0.006 0.005 0.986 0.004 
466  ZFBP213    (0)   13 :  0.016 0.010 0.966 0.007 
467  ZFBP214    (0)   13 :  0.082 0.008 0.902 0.008 
468  ZFBP215    (0)   13 :  0.007 0.004 0.985 0.004 
469  ZFBP216    (0)   13 :  0.006 0.007 0.975 0.011 
470  ZFBP217    (0)   13 :  0.011 0.004 0.981 0.004 
471  ZFBP218    (0)   13 :  0.004 0.004 0.989 0.004 
472  ZFBP219    (0)   13 :  0.004 0.004 0.987 0.005 
473  ZFBP220    (0)   13 :  0.011 0.004 0.981 0.005 
474  ZFBP221    (0)   13 :  0.005 0.004 0.986 0.004 
475  ZFBP222    (0)   13 :  0.007 0.007 0.978 0.007 
476  ZFBP223    (0)   13 :  0.038 0.007 0.948 0.008 
477  ZFBP224    (0)   13 :  0.007 0.007 0.979 0.007 
478  ZFBP225    (0)   13 :  0.014 0.004 0.975 0.006 
479  ZFBP226    (0)   13 :  0.005 0.005 0.985 0.005 
480  ZFBP227    (0)   13 :  0.010 0.051 0.835 0.105 
481  ZFBP228    (0)   13 :  0.015 0.005 0.976 0.004 
482  ZFBP229    (0)   13 :  0.006 0.003 0.986 0.004 
483  ZFBP230    (0)   13 :  0.013 0.004 0.979 0.005 
484  ZFBP231    (0)   13 :  0.006 0.006 0.983 0.006 
485  ZFBP232    (0)   13 :  0.005 0.004 0.987 0.004 
486  ZFBP233    (0)   13 :  0.006 0.005 0.984 0.005 
487   ZFCC01    (0)   14 :  0.973 0.017 0.005 0.005 
488   ZFCC03    (0)   14 :  0.987 0.005 0.005 0.004 
489   ZFCC04    (0)   14 :  0.981 0.008 0.005 0.006 
490   ZFCC05    (0)   14 :  0.977 0.009 0.007 0.007 
491   ZFCC08    (0)   14 :  0.974 0.006 0.017 0.004 
492   ZFCC09    (0)   14 :  0.981 0.010 0.005 0.004 
493   ZFCC10    (0)   14 :  0.968 0.023 0.005 0.005 
494   ZFCC11    (0)   14 :  0.984 0.006 0.005 0.004 
495   ZFCC12    (0)   14 :  0.890 0.091 0.006 0.013 
496   ZFCC13    (0)   14 :  0.970 0.006 0.012 0.012 
497   ZFCC14    (0)   14 :  0.965 0.017 0.009 0.009 
498   ZFCC15    (0)   14 :  0.974 0.010 0.005 0.010 
499   ZFCC16    (0)   14 :  0.978 0.011 0.005 0.006 
500   ZFCC17    (0)   14 :  0.975 0.012 0.004 0.008 
501   ZFCC18    (0)   14 :  0.983 0.008 0.005 0.005 
502   ZFCC19    (0)   14 :  0.966 0.012 0.004 0.018 
503   ZFCC20    (0)   14 :  0.985 0.005 0.005 0.005 
504   ZFCC21    (0)   14 :  0.862 0.018 0.086 0.034 
505   ZFCC22    (0)   14 :  0.665 0.011 0.314 0.009 
506   ZFCC26    (0)   14 :  0.981 0.009 0.005 0.005 
507   ZFCC27    (0)   14 :  0.987 0.004 0.004 0.004 
508   ZFCC29    (0)   14 :  0.971 0.015 0.005 0.009 
509   ZFCC30    (0)   14 :  0.988 0.003 0.004 0.004 
510   ZFCC32    (0)   14 :  0.971 0.013 0.005 0.010 
511   ZFCC33    (0)   14 :  0.970 0.014 0.004 0.012 
512   ZFCC34    (0)   14 :  0.944 0.021 0.027 0.007 
513   ZFCC35    (0)   14 :  0.985 0.004 0.005 0.005 
514   ZFCC36    (0)   14 :  0.959 0.008 0.013 0.019 
515   ZFCC37    (0)   14 :  0.880 0.089 0.009 0.023 
516   ZFCC40    (0)   14 :  0.972 0.013 0.007 0.008 
517   ZFCC42    (0)   14 :  0.594 0.273 0.006 0.127 
518   ZFCC44    (0)   14 :  0.987 0.004 0.004 0.006 
519   ZFCC45    (9)   14 :  0.930 0.040 0.006 0.024 
520   ZFCC46    (0)   14 :  0.978 0.004 0.012 0.006 
521   ZFCC47    (0)   14 :  0.925 0.062 0.006 0.007 
522   ZFCC48    (0)   14 :  0.932 0.009 0.047 0.011 
523   ZFCC50    (0)   14 :  0.981 0.009 0.004 0.007 
524   ZFCC51    (0)   14 :  0.987 0.005 0.004 0.004 
525   ZFCC52    (0)   14 :  0.974 0.007 0.013 0.006 
526   ZFCC53    (0)   14 :  0.987 0.005 0.004 0.004 
527  ZFCNS01    (0)   15 :  0.963 0.006 0.014 0.017 
528  ZFCNS02    (0)   15 :  0.979 0.004 0.014 0.004 
529  ZFCNS05    (0)   15 :  0.970 0.005 0.020 0.005 
530  ZFCNS06    (0)   15 :  0.978 0.005 0.013 0.004 
531  ZFCNS07    (0)   15 :  0.635 0.005 0.354 0.005 
532  ZFCNS10    (0)   15 :  0.929 0.004 0.062 0.005 
533  ZFCNS11    (0)   15 :  0.976 0.005 0.012 0.007 
534  ZFCNS15    (0)   15 :  0.181 0.006 0.805 0.007 
535  ZFCNS17    (0)   15 :  0.982 0.004 0.010 0.004 
536  ZFCNS18    (0)   15 :  0.964 0.004 0.027 0.004 
537  ZFCNS19    (0)   15 :  0.985 0.004 0.007 0.004 
538  ZFCNS20    (0)   15 :  0.876 0.004 0.114 0.006 
539  ZFCNS21    (0)   15 :  0.984 0.004 0.008 0.005 
540  ZFCNS22    (0)   15 :  0.866 0.007 0.121 0.006 
541  ZFCNS23    (0)   15 :  0.980 0.005 0.010 0.005 
542  ZFCNS24    (0)   15 :  0.984 0.004 0.008 0.004 
543  ZFCNS25    (0)   15 :  0.932 0.004 0.059 0.005 
544  ZFCNS26    (0)   15 :  0.721 0.007 0.266 0.005 
545  ZFCNS27    (0)   15 :  0.070 0.006 0.916 0.008 
546  ZFCNS28    (0)   15 :  0.971 0.007 0.017 0.005 
547  ZFCNS29    (0)   15 :  0.974 0.005 0.016 0.005 
548  ZFCNS30    (0)   15 :  0.983 0.005 0.008 0.004 
549  ZFCNS31    (0)   15 :  0.949 0.005 0.041 0.005 
550  ZFCNS32    (0)   15 :  0.959 0.007 0.030 0.004 
551  ZFCNS33    (0)   15 :  0.968 0.005 0.023 0.004 
552  ZFCNS34    (0)   15 :  0.986 0.004 0.006 0.004 
553  ZFCNS35    (0)   15 :  0.969 0.007 0.020 0.004 
554  ZFCNS36    (0)   15 :  0.985 0.004 0.008 0.003 
555  ZFCNS37    (0)   15 :  0.967 0.004 0.022 0.006 
556  ZFCNS39    (0)   15 :  0.980 0.003 0.012 0.005 
557  ZFCNS40    (0)   15 :  0.976 0.003 0.017 0.004 
558  ZFCNS41    (0)   15 :  0.837 0.009 0.144 0.010 
559  ZFCNS42    (0)   15 :  0.941 0.005 0.049 0.005 
560  ZFCNS43    (0)   15 :  0.984 0.004 0.007 0.005 
561  ZFCNS44    (0)   15 :  0.975 0.004 0.015 0.005 
562  ZFCNS46    (0)   15 :  0.969 0.004 0.021 0.006 
563  ZFCNS47    (0)   15 :  0.979 0.004 0.012 0.004 
564  ZFCNS48    (0)   15 :  0.950 0.003 0.041 0.006 
565  ZFCNS49    (0)   15 :  0.229 0.005 0.761 0.005 
566   ZFCR01    (0)   16 :  0.015 0.561 0.085 0.339 
567   ZFCR02    (0)   16 :  0.017 0.160 0.057 0.766 
568   ZFCR03    (0)   16 :  0.024 0.741 0.072 0.163 
569   ZFCR04    (0)   16 :  0.041 0.732 0.053 0.175 
570   ZFCR05    (0)   16 :  0.025 0.377 0.015 0.583 
571   ZFCR06    (0)   16 :  0.178 0.126 0.255 0.441 
572   ZFCR07    (0)   16 :  0.152 0.104 0.023 0.721 
573   ZFCR08    (0)   16 :  0.039 0.084 0.039 0.839 
574   ZFCR09    (0)   16 :  0.106 0.614 0.139 0.141 
575   ZFCR11    (0)   16 :  0.035 0.391 0.106 0.468 
576   ZFCR12    (0)   16 :  0.186 0.018 0.102 0.694 
577   ZFCR13    (0)   16 :  0.012 0.012 0.058 0.918 
578   ZFCR14    (0)   16 :  0.021 0.092 0.025 0.862 
579   ZFCR15    (0)   16 :  0.012 0.046 0.018 0.924 
580   ZFCR16    (0)   16 :  0.012 0.090 0.044 0.854 
581   ZFCR18    (0)   16 :  0.030 0.917 0.020 0.033 
582   ZFCR19    (0)   16 :  0.049 0.601 0.242 0.108 
583   ZFCR20    (0)   16 :  0.010 0.926 0.044 0.020 
584   ZFCR21    (0)   16 :  0.027 0.032 0.039 0.902 
585   ZFCR22    (0)   16 :  0.008 0.029 0.017 0.947 
586   ZFCR23    (0)   16 :  0.006 0.040 0.120 0.835 
587   ZFCR24    (9)   16 :  0.012 0.174 0.466 0.349 
588   ZFCR25    (0)   16 :  0.006 0.058 0.006 0.930 
589   ZFCR26    (0)   16 :  0.051 0.605 0.158 0.185 
590   ZFCR27    (9)   16 :  0.007 0.178 0.004 0.811 
591   ZFCR28    (0)   16 :  0.025 0.009 0.368 0.597 
592   ZFCR29    (0)   16 :  0.011 0.604 0.027 0.358 
593   ZFCR30    (0)   16 :  0.010 0.020 0.013 0.956 
594   ZFCR31    (0)   16 :  0.081 0.536 0.226 0.157 
595   ZFCR33    (0)   16 :  0.048 0.063 0.017 0.873 
596   ZFCR34    (0)   16 :  0.054 0.040 0.036 0.870 
597   ZFCR35    (0)   16 :  0.042 0.824 0.024 0.110 
598   ZFCR36    (0)   16 :  0.023 0.221 0.015 0.741 
599   ZFCR37    (0)   16 :  0.031 0.048 0.007 0.914 
600   ZFCR38    (0)   16 :  0.032 0.098 0.011 0.859 
601   ZFCR39    (0)   16 :  0.020 0.192 0.100 0.688 
602   ZFCR40    (0)   16 :  0.014 0.022 0.008 0.956 
603   ZFCR41    (0)   16 :  0.209 0.022 0.041 0.728 
604   ZFCR42    (0)   16 :  0.085 0.013 0.069 0.833 
605   ZFCR43    (0)   16 :  0.011 0.119 0.083 0.786 
606  ZFENP25    (0)   17 :  0.022 0.040 0.017 0.920 
607  ZFENP26    (0)   17 :  0.005 0.012 0.004 0.979 
608  ZFENP27    (0)   17 :  0.384 0.252 0.026 0.338 
609  ZFENP28    (0)   17 :  0.016 0.050 0.006 0.928 
610  ZFENP29    (0)   17 :  0.011 0.008 0.005 0.976 
611  ZFENP30    (0)   17 :  0.031 0.012 0.006 0.951 
612  ZFENP31    (0)   17 :  0.018 0.028 0.006 0.948 
613  ZFENP32    (0)   17 :  0.044 0.274 0.023 0.658 
614  ZFENP33    (0)   17 :  0.009 0.069 0.008 0.914 
615  ZFENP34    (0)   17 :  0.024 0.810 0.009 0.157 
616  ZFENP35    (0)   17 :  0.008 0.010 0.007 0.976 
617  ZFENP36    (0)   17 :  0.006 0.015 0.003 0.976 
618  ZFENP37    (0)   17 :  0.018 0.068 0.010 0.904 
619  ZFENP38    (0)   17 :  0.029 0.011 0.009 0.951 
620  ZFENP39    (0)   17 :  0.014 0.049 0.005 0.932 
621  ZFENP40    (0)   17 :  0.010 0.044 0.007 0.938 
622  ZFENP41    (0)   17 :  0.043 0.071 0.008 0.879 
623  ZFENP42    (0)   17 :  0.005 0.005 0.004 0.986 
624  ZFENP43    (0)   17 :  0.085 0.038 0.017 0.860 
625  ZFENP44    (0)   17 :  0.015 0.013 0.007 0.964 
626  ZFENP45    (0)   17 :  0.019 0.011 0.163 0.806 
627  ZFENP46    (0)   17 :  0.006 0.036 0.014 0.943 
628  ZFENP47    (0)   17 :  0.027 0.057 0.027 0.889 
629  ZFENP48    (0)   17 :  0.044 0.794 0.021 0.142 
630  ZFENP49    (0)   17 :  0.040 0.248 0.030 0.681 
631  ZFENP50    (0)   17 :  0.006 0.010 0.049 0.935 
632  ZFENP51    (0)   17 :  0.006 0.082 0.007 0.905 
633  ZFENP52    (0)   17 :  0.019 0.005 0.009 0.968 
634  ZFENP53    (0)   17 :  0.011 0.010 0.026 0.953 
635  ZFENP54    (0)   17 :  0.026 0.086 0.117 0.772 
636  ZFENP55    (0)   17 :  0.005 0.537 0.007 0.451 
637  ZFENP56    (0)   17 :  0.013 0.014 0.006 0.967 
638  ZFENP57    (0)   17 :  0.010 0.020 0.006 0.964 
639  ZFENP58    (0)   17 :  0.063 0.018 0.015 0.905 
640  ZFENP59    (0)   17 :  0.030 0.018 0.006 0.946 
641  ZFENP60    (0)   17 :  0.009 0.057 0.009 0.925 
642  ZFENP61    (0)   17 :  0.012 0.046 0.004 0.938 
643 ZFFDSP01    (0)   18 :  0.008 0.004 0.984 0.004 
644 ZFFDSP02    (0)   18 :  0.006 0.003 0.988 0.003 
645 ZFFDSP04    (0)   18 :  0.005 0.004 0.988 0.003 
646 ZFFDSP05    (0)   18 :  0.006 0.004 0.986 0.004 
647 ZFFDSP06    (0)   18 :  0.006 0.004 0.987 0.003 
648 ZFFDSP07    (0)   18 :  0.016 0.005 0.971 0.009 
649 ZFFDSP08    (0)   18 :  0.015 0.004 0.975 0.006 
650 ZFFDSP10    (0)   18 :  0.007 0.004 0.984 0.005 
651 ZFFDSP11    (0)   18 :  0.005 0.006 0.984 0.005 
652 ZFFDSP12    (0)   18 :  0.005 0.003 0.988 0.004 
653 ZFFDSP13    (0)   18 :  0.026 0.005 0.961 0.008 
654 ZFFDSP14    (0)   18 :  0.007 0.005 0.983 0.005 
655 ZFFDSP16    (0)   18 :  0.011 0.006 0.976 0.006 
656 ZFFDSP17    (0)   18 :  0.006 0.004 0.986 0.004 
657 ZFFDSP18    (0)   18 :  0.007 0.006 0.984 0.003 
658 ZFFDSP19    (0)   18 :  0.021 0.005 0.970 0.004 
659 ZFFDSP21    (0)   18 :  0.019 0.003 0.974 0.004 
660 ZFFDSP22    (0)   18 :  0.006 0.003 0.988 0.003 
661 ZFFDSP23    (0)   18 :  0.007 0.003 0.987 0.003 
662 ZFFDSP24    (0)   18 :  0.008 0.005 0.983 0.004 
663 ZFFDSP26    (9)   18 :  0.007 0.004 0.985 0.004 
664 ZFFDSP27    (0)   18 :  0.006 0.005 0.985 0.003 
665 ZFFDSP28    (0)   18 :  0.014 0.055 0.915 0.015 
