

----------------------------------------------------
STRUCTURE by Pritchard, Stephens and Donnelly (2000)
     and Falush, Stephens and Pritchard (2003)
       Code by Pritchard, Falush and Hubisz
             Version 2.3.4 (Jul 2012)
----------------------------------------------------



Command line arguments:   bin\structure -m C:\Users\eschumacher\Documents\GitHub\GCC_QUAC_ZAIN\Data_Files\Structure_Files\ZAIN\ZAIN_rebinned_allpop_str\50-50\mainparams -e C:\Users\eschumacher\Documents\GitHub\GCC_QUAC_ZAIN\Data_Files\Structure_Files\ZAIN\ZAIN_rebinned_allpop_str\50-50\extraparams 
Input File:    C:\Users\eschumacher\Documents\GitHub\GCC_QUAC_ZAIN\Data_Files\Structure_Files\ZAIN\ZAIN_rebinned_allpop_str\project_data

Run parameters:
   1133 individuals
   11 loci
   9 populations assumed
   50000 Burn-in period
   50000 Reps


--------------------------------------------
Proportion of membership of each pre-defined
 population in each of the 9 clusters

Given    Inferred Clusters                                                 Number of
 Pop       1      2      3      4      5      6      7      8      9      Individuals

  1:     0.111  0.151  0.054  0.040  0.151  0.148  0.142  0.093  0.110      303
  2:     0.114  0.108  0.016  0.048  0.143  0.168  0.138  0.065  0.200       15
  3:     0.333  0.095  0.257  0.010  0.044  0.024  0.214  0.015  0.007        2
  4:     0.258  0.057  0.007  0.027  0.157  0.325  0.069  0.068  0.033        2
  5:     0.355  0.027  0.212  0.058  0.143  0.079  0.066  0.045  0.016        7
  6:     0.012  0.660  0.103  0.009  0.010  0.152  0.022  0.015  0.017       13
  7:     0.015  0.937  0.006  0.004  0.005  0.007  0.005  0.017  0.005       13
  8:     0.023  0.017  0.057  0.080  0.519  0.204  0.065  0.013  0.022        7
  9:     0.076  0.020  0.059  0.027  0.198  0.347  0.229  0.031  0.014       11
 10:     0.161  0.012  0.027  0.023  0.405  0.076  0.148  0.119  0.029        9
 11:     0.013  0.032  0.005  0.005  0.011  0.007  0.009  0.911  0.007       35
 12:     0.008  0.005  0.016  0.025  0.353  0.176  0.382  0.007  0.028       36
 13:     0.010  0.006  0.021  0.030  0.490  0.086  0.340  0.006  0.010       33
 14:     0.005  0.020  0.010  0.009  0.009  0.007  0.008  0.007  0.925       40
 15:     0.005  0.003  0.937  0.006  0.007  0.024  0.008  0.004  0.007       39
 16:     0.600  0.053  0.012  0.028  0.046  0.022  0.036  0.179  0.024       40
 17:     0.727  0.110  0.011  0.018  0.010  0.010  0.015  0.065  0.034       37
 18:     0.004  0.003  0.011  0.020  0.730  0.106  0.113  0.006  0.006       40
 19:     0.008  0.008  0.013  0.003  0.006  0.006  0.005  0.913  0.038       28
 20:     0.019  0.033  0.007  0.008  0.011  0.012  0.020  0.009  0.880       14
 21:     0.018  0.887  0.043  0.006  0.008  0.012  0.010  0.008  0.009       13
 22:     0.005  0.003  0.030  0.009  0.014  0.903  0.014  0.006  0.018       14
 23:     0.005  0.004  0.008  0.025  0.030  0.020  0.896  0.004  0.008       25
 24:     0.005  0.005  0.006  0.936  0.013  0.009  0.011  0.007  0.008       40
 25:     0.022  0.009  0.017  0.008  0.027  0.050  0.021  0.023  0.823       32
 26:     0.005  0.960  0.004  0.006  0.005  0.005  0.007  0.003  0.005       20
 27:     0.207  0.008  0.004  0.007  0.017  0.012  0.009  0.725  0.010        4
 28:     0.021  0.020  0.006  0.014  0.064  0.015  0.019  0.830  0.011       23
 29:     0.015  0.007  0.006  0.005  0.007  0.006  0.005  0.941  0.009       39
 30:     0.010  0.902  0.004  0.005  0.007  0.006  0.007  0.051  0.008       38
 31:     0.008  0.005  0.165  0.053  0.049  0.660  0.046  0.005  0.009       45
 32:     0.009  0.007  0.161  0.024  0.209  0.363  0.206  0.005  0.017       28
 33:     0.026  0.008  0.008  0.005  0.005  0.005  0.004  0.932  0.007        6
 34:     0.852  0.008  0.012  0.041  0.014  0.023  0.012  0.025  0.014       40
 35:     0.824  0.078  0.011  0.012  0.008  0.022  0.012  0.020  0.012       42
--------------------------------------------

Allele-freq. divergence among pops (Net nucleotide distance),
computed using point estimates of P.

      1       2       3       4       5       6       7       8       9      
 1      -    0.1230  0.1743  0.2160  0.1663  0.1173  0.1530  0.0932  0.1037  
 2   0.1230     -    0.3435  0.3561  0.3108  0.2794  0.2734  0.1464  0.2150  
 3   0.1743  0.3435     -    0.2662  0.2413  0.1290  0.2151  0.2701  0.1622  
 4   0.2160  0.3561  0.2662     -    0.1219  0.1235  0.1092  0.3371  0.1857  
 5   0.1663  0.3108  0.2413  0.1219     -    0.0534  0.0415  0.2272  0.1869  
 6   0.1173  0.2794  0.1290  0.1235  0.0534     -    0.0685  0.2289  0.1433  
 7   0.1530  0.2734  0.2151  0.1092  0.0415  0.0685     -    0.2341  0.1713  
 8   0.0932  0.1464  0.2701  0.3371  0.2272  0.2289  0.2341     -    0.1472  
 9   0.1037  0.2150  0.1622  0.1857  0.1869  0.1433  0.1713  0.1472     -    

Average distances (expected heterozygosity) between individuals in same cluster:
cluster  1  : 0.5510 
cluster  2  : 0.4211 
cluster  3  : 0.2647 
cluster  4  : 0.3602 
cluster  5  : 0.3808 
cluster  6  : 0.4369 
cluster  7  : 0.4048 
cluster  8  : 0.4770 
cluster  9  : 0.4329 

--------------------------------------------
Estimated Ln Prob of Data   = -21426.2
Mean value of ln likelihood = -20846.4
Variance of ln likelihood   = 1159.6
Mean value of alpha         = 0.0343

Mean value of Fst_1         = 0.1441
Mean value of Fst_2         = 0.4300
Mean value of Fst_3         = 0.5540
Mean value of Fst_4         = 0.4217
Mean value of Fst_5         = 0.3341
Mean value of Fst_6         = 0.3115
Mean value of Fst_7         = 0.2847
Mean value of Fst_8         = 0.3549
Mean value of Fst_9         = 0.4123


Inferred ancestry of individuals:
        Label (%Miss) Pop:  Inferred clusters
  1 TMA-ZAIN-G-    (9)    1 :  0.055 0.006 0.089 0.010 0.015 0.035 0.010 0.764 0.016 
  2 TMA-ZAIN-G-    (0)    1 :  0.016 0.007 0.008 0.004 0.022 0.012 0.189 0.720 0.022 
  3 TMA-ZAIN-G-    (0)    1 :  0.007 0.003 0.027 0.095 0.545 0.269 0.037 0.006 0.012 
  4 TMA-ZAIN-G-    (0)    1 :  0.013 0.010 0.021 0.040 0.157 0.035 0.054 0.019 0.651 
  5 TMA-ZAIN-G-    (0)    1 :  0.005 0.005 0.002 0.003 0.003 0.002 0.003 0.971 0.006 
  6 TMA-ZAIN-G-    (0)    1 :  0.134 0.050 0.026 0.184 0.173 0.199 0.077 0.093 0.065 
  7 TMA-ZAIN-G-    (0)    1 :  0.016 0.007 0.051 0.009 0.265 0.267 0.340 0.016 0.029 
  8 TMA-ZAIN-G-    (0)    1 :  0.005 0.003 0.007 0.022 0.037 0.875 0.028 0.007 0.017 
  9 TMA-ZAIN-G-    (9)    1 :  0.009 0.005 0.009 0.033 0.251 0.364 0.314 0.009 0.006 
 10 TMA-ZAIN-G-    (0)    1 :  0.010 0.004 0.014 0.040 0.212 0.452 0.254 0.003 0.012 
 11 TMA-ZAIN-G-    (0)    1 :  0.007 0.006 0.009 0.006 0.249 0.181 0.528 0.006 0.007 
 12 TMA-ZAIN-G-    (0)    1 :  0.005 0.003 0.011 0.005 0.942 0.018 0.008 0.004 0.004 
 13 TMA-ZAIN-G-    (9)    1 :  0.029 0.079 0.116 0.021 0.093 0.244 0.338 0.046 0.033 
 14 TMA-ZAIN-G-    (9)    1 :  0.009 0.011 0.893 0.007 0.013 0.039 0.018 0.003 0.007 
 15 TMA-ZAIN-G-    (0)    1 :  0.006 0.002 0.899 0.008 0.007 0.062 0.006 0.003 0.006 
 16 TMA-ZAIN-G-    (0)    1 :  0.005 0.005 0.007 0.004 0.902 0.021 0.049 0.003 0.004 
 17 TMA-ZAIN-G-    (9)    1 :  0.028 0.013 0.032 0.005 0.017 0.848 0.012 0.012 0.034 
 18 TMA-ZAIN-G-    (0)    1 :  0.115 0.006 0.016 0.009 0.016 0.015 0.006 0.771 0.047 
 19 TMA-ZAIN-G-    (0)    1 :  0.891 0.012 0.013 0.005 0.015 0.032 0.013 0.014 0.006 
 20 TMA-ZAIN-G-    (0)    1 :  0.835 0.082 0.004 0.004 0.003 0.003 0.004 0.045 0.021 
 21 TMA-ZAIN-G-    (0)    1 :  0.006 0.965 0.002 0.006 0.005 0.004 0.004 0.003 0.006 
 22 TMA-ZAIN-G-    (0)    1 :  0.013 0.914 0.003 0.002 0.003 0.003 0.003 0.052 0.006 
 23 TMA-ZAIN-G-    (0)    1 :  0.035 0.908 0.007 0.004 0.007 0.008 0.006 0.021 0.005 
 24 TMA-ZAIN-G-    (9)    1 :  0.004 0.677 0.032 0.162 0.010 0.015 0.088 0.007 0.006 
 25 TMA-ZAIN-G-    (9)    1 :  0.726 0.011 0.005 0.005 0.012 0.011 0.115 0.111 0.004 
 26 TMA-ZAIN-G-    (9)    1 :  0.011 0.031 0.020 0.008 0.039 0.109 0.272 0.009 0.501 
 27 TMA-ZAIN-G-    (0)    1 :  0.775 0.014 0.064 0.013 0.007 0.016 0.006 0.084 0.023 
 28 TMA-ZAIN-G-    (0)    1 :  0.932 0.004 0.013 0.008 0.008 0.009 0.006 0.011 0.008 
 29 TMA-ZAIN-G-    (0)    1 :  0.243 0.004 0.005 0.720 0.004 0.005 0.005 0.003 0.010 
 30 TMA-ZAIN-G-    (0)    1 :  0.374 0.005 0.077 0.058 0.082 0.257 0.135 0.004 0.008 
 31 TMA-ZAIN-G-    (0)    1 :  0.011 0.013 0.006 0.006 0.005 0.004 0.009 0.895 0.052 
 32 TMA-ZAIN-G-    (9)    1 :  0.023 0.032 0.032 0.004 0.108 0.031 0.031 0.734 0.005 
 33 TMA-ZAIN-G-   (18)    1 :  0.005 0.003 0.008 0.018 0.309 0.532 0.116 0.005 0.004 
 34 TMA-ZAIN-G-    (0)    1 :  0.011 0.021 0.008 0.008 0.557 0.025 0.131 0.231 0.008 
 35 TMA-ZAIN-G-    (9)    1 :  0.014 0.004 0.055 0.077 0.392 0.196 0.229 0.022 0.012 
 36 TMA-ZAIN-G-    (0)    1 :  0.006 0.003 0.164 0.010 0.034 0.264 0.501 0.004 0.016 
 37 TMA-ZAIN-G-    (9)    1 :  0.013 0.008 0.008 0.017 0.301 0.229 0.400 0.009 0.016 
 38 TMA-ZAIN-G-   (18)    1 :  0.025 0.018 0.076 0.007 0.039 0.035 0.038 0.755 0.007 
 39 TMA-ZAIN-G-    (0)    1 :  0.005 0.004 0.004 0.011 0.083 0.063 0.817 0.003 0.009 
 40 TMA-ZAIN-G-    (0)    1 :  0.004 0.005 0.006 0.007 0.186 0.484 0.299 0.004 0.006 
 41 TMA-ZAIN-G-    (0)    1 :  0.004 0.003 0.048 0.008 0.026 0.672 0.232 0.003 0.005 
 42 TMA-ZAIN-G-    (9)    1 :  0.003 0.002 0.113 0.006 0.007 0.846 0.012 0.003 0.007 
 43 TMA-ZAIN-G-    (0)    1 :  0.003 0.003 0.962 0.008 0.004 0.008 0.004 0.003 0.005 
 44 TMA-ZAIN-G-    (0)    1 :  0.009 0.814 0.005 0.012 0.033 0.012 0.106 0.005 0.005 
 45 TMA-ZAIN-G-    (0)    1 :  0.009 0.007 0.020 0.006 0.595 0.227 0.119 0.005 0.011 
 46 TMA-ZAIN-G-    (0)    1 :  0.004 0.970 0.004 0.003 0.003 0.003 0.005 0.003 0.005 
 47 TMA-ZAIN-G-    (0)    1 :  0.004 0.003 0.003 0.005 0.005 0.004 0.003 0.004 0.969 
 48 TMA-ZAIN-G-    (0)    1 :  0.025 0.025 0.039 0.017 0.046 0.235 0.044 0.006 0.563 
 49 TMA-ZAIN-G-    (9)    1 :  0.868 0.006 0.005 0.048 0.029 0.006 0.008 0.020 0.011 
 50 TMA-ZAIN-G-    (0)    1 :  0.920 0.006 0.008 0.003 0.006 0.031 0.016 0.006 0.003 
 51 TMA-ZAIN-G-    (0)    1 :  0.837 0.008 0.087 0.006 0.006 0.018 0.010 0.007 0.022 
 52 TMA-ZAIN-G-    (0)    1 :  0.813 0.011 0.022 0.003 0.014 0.010 0.009 0.006 0.112 
 53 TMA-ZAIN-G-    (0)    1 :  0.552 0.010 0.041 0.006 0.007 0.014 0.018 0.169 0.184 
 54 TMA-ZAIN-G-    (0)    1 :  0.011 0.005 0.013 0.004 0.007 0.011 0.005 0.005 0.939 
 55 TMA-ZAIN-G-    (0)    1 :  0.032 0.009 0.033 0.003 0.011 0.036 0.005 0.005 0.866 
 56 TMA-ZAIN-G-    (0)    1 :  0.102 0.011 0.022 0.034 0.038 0.172 0.051 0.011 0.559 
 57 TMA-ZAIN-G-    (0)    1 :  0.018 0.003 0.005 0.009 0.018 0.005 0.008 0.007 0.927 
 58 TMA-ZAIN-G-    (0)    1 :  0.811 0.086 0.009 0.006 0.011 0.017 0.004 0.033 0.024 
 59 TMA-ZAIN-G-    (0)    1 :  0.031 0.033 0.011 0.030 0.059 0.059 0.096 0.629 0.050 
 60 TMA-ZAIN-G-    (0)    1 :  0.319 0.009 0.146 0.007 0.011 0.022 0.010 0.443 0.032 
 61 TMA-ZAIN-G-    (0)    1 :  0.011 0.021 0.003 0.003 0.004 0.003 0.004 0.932 0.018 
 62 TMA-ZAIN-G-    (9)    1 :  0.045 0.024 0.007 0.010 0.062 0.038 0.029 0.774 0.011 
 63 TMA-ZAIN-G-    (0)    1 :  0.011 0.007 0.007 0.003 0.006 0.005 0.004 0.944 0.013 
 64 TMA-ZAIN-G-    (0)    1 :  0.003 0.002 0.005 0.966 0.005 0.005 0.008 0.002 0.003 
 65 TMA-ZAIN-G-    (9)    1 :  0.004 0.003 0.006 0.938 0.025 0.008 0.007 0.004 0.006 
 66 TMA-ZAIN-G-    (0)    1 :  0.003 0.003 0.005 0.935 0.015 0.011 0.022 0.003 0.004 
 67 TMA-ZAIN-G-    (0)    1 :  0.011 0.012 0.004 0.833 0.033 0.014 0.086 0.004 0.005 
 68 TMA-ZAIN-G-    (0)    1 :  0.003 0.002 0.006 0.965 0.005 0.007 0.005 0.002 0.005 
 69 TMA-ZAIN-G-    (0)    1 :  0.017 0.028 0.019 0.776 0.062 0.008 0.051 0.024 0.014 
 70 TMA-ZAIN-G-    (0)    1 :  0.004 0.004 0.005 0.016 0.018 0.008 0.938 0.003 0.004 
 71 TMA-ZAIN-G-    (0)    1 :  0.004 0.003 0.003 0.005 0.015 0.006 0.958 0.003 0.004 
 72 TMA-ZAIN-G-    (0)    1 :  0.006 0.004 0.009 0.017 0.019 0.014 0.919 0.004 0.008 
 73 TMA-ZAIN-G-    (0)    1 :  0.029 0.032 0.004 0.007 0.016 0.008 0.862 0.026 0.017 
 74 TMA-ZAIN-G-    (0)    1 :  0.008 0.007 0.004 0.007 0.025 0.008 0.928 0.006 0.005 
 75 TMA-ZAIN-G-    (0)    1 :  0.006 0.004 0.006 0.006 0.015 0.007 0.941 0.005 0.009 
 76 TMA-ZAIN-G-    (0)    1 :  0.010 0.020 0.003 0.006 0.008 0.005 0.939 0.005 0.004 
 77 TMA-ZAIN-G-    (0)    1 :  0.006 0.006 0.007 0.006 0.006 0.008 0.952 0.003 0.005 
 78 TMA-ZAIN-G-    (0)    1 :  0.014 0.017 0.006 0.005 0.014 0.007 0.920 0.007 0.010 
 79 TMA-ZAIN-G-    (0)    1 :  0.008 0.011 0.007 0.004 0.010 0.008 0.940 0.004 0.008 
 80 TMA-ZAIN-G-    (0)    1 :  0.005 0.005 0.004 0.027 0.161 0.030 0.752 0.003 0.013 
 81 TMA-ZAIN-G-    (0)    1 :  0.008 0.007 0.008 0.005 0.013 0.009 0.940 0.003 0.007 
 82 TMA-ZAIN-G-    (0)    1 :  0.007 0.003 0.008 0.221 0.239 0.014 0.484 0.008 0.017 
 83 TMA-ZAIN-G-    (9)    1 :  0.022 0.036 0.005 0.055 0.745 0.016 0.040 0.060 0.021 
 84 TMA-ZAIN-G-    (0)    1 :  0.008 0.016 0.005 0.005 0.010 0.008 0.939 0.003 0.004 
 85 TMA-ZAIN-G-    (0)    1 :  0.142 0.024 0.006 0.006 0.011 0.010 0.011 0.024 0.768 
 86 TMA-ZAIN-G-    (0)    1 :  0.020 0.045 0.004 0.010 0.023 0.019 0.019 0.008 0.853 
 87 TMA-ZAIN-G-    (0)    1 :  0.056 0.224 0.005 0.005 0.012 0.011 0.014 0.036 0.635 
 88 TMA-ZAIN-G-    (0)    1 :  0.011 0.014 0.024 0.032 0.116 0.026 0.067 0.164 0.547 
 89 TMA-ZAIN-G-    (0)    1 :  0.005 0.022 0.030 0.017 0.028 0.013 0.042 0.021 0.822 
 90 TMA-ZAIN-G-    (0)    1 :  0.014 0.008 0.006 0.007 0.012 0.007 0.007 0.008 0.931 
 91 TMA-ZAIN-G-    (0)    1 :  0.011 0.007 0.009 0.008 0.010 0.009 0.010 0.024 0.912 
 92 TMA-ZAIN-G-    (0)    1 :  0.030 0.017 0.010 0.004 0.006 0.007 0.009 0.006 0.909 
 93 TMA-ZAIN-G-    (0)    1 :  0.025 0.009 0.014 0.006 0.005 0.006 0.006 0.017 0.912 
 94 TMA-ZAIN-G-    (0)    1 :  0.016 0.010 0.006 0.003 0.004 0.004 0.005 0.043 0.908 
 95 TMA-ZAIN-G-    (0)    1 :  0.890 0.007 0.026 0.017 0.009 0.022 0.016 0.008 0.005 
 96 TMA-ZAIN-G-    (0)    1 :  0.881 0.005 0.027 0.005 0.015 0.050 0.005 0.005 0.007 
 97 TMA-ZAIN-G-    (0)    1 :  0.012 0.006 0.008 0.006 0.004 0.005 0.013 0.935 0.011 
 98 TMA-ZAIN-G-    (0)    1 :  0.004 0.004 0.006 0.005 0.004 0.004 0.011 0.952 0.010 
 99 TMA-ZAIN-G-    (0)    1 :  0.007 0.013 0.007 0.021 0.117 0.038 0.031 0.763 0.004 
100 TMA-ZAIN-G-    (0)    1 :  0.016 0.018 0.006 0.005 0.004 0.003 0.006 0.911 0.029 
101 TMA-ZAIN-G-    (0)    1 :  0.008 0.006 0.006 0.006 0.009 0.005 0.012 0.938 0.010 
102 TMA-ZAIN-G-    (0)    1 :  0.054 0.206 0.035 0.013 0.050 0.042 0.027 0.558 0.016 
103 TMA-ZAIN-G-    (0)    1 :  0.031 0.014 0.008 0.005 0.019 0.011 0.011 0.891 0.009 
104 TMA-ZAIN-G-    (0)    1 :  0.006 0.005 0.004 0.003 0.004 0.004 0.003 0.966 0.004 
105 TMA-ZAIN-G-    (0)    1 :  0.025 0.009 0.007 0.006 0.025 0.013 0.011 0.892 0.011 
106 TMA-ZAIN-G-    (0)    1 :  0.005 0.003 0.098 0.048 0.075 0.549 0.212 0.003 0.006 
107 TMA-ZAIN-G-    (0)    1 :  0.005 0.003 0.011 0.011 0.430 0.019 0.512 0.004 0.006 
108 TMA-ZAIN-G-    (9)    1 :  0.046 0.060 0.063 0.011 0.117 0.161 0.183 0.333 0.025 
109 TMA-ZAIN-G-    (0)    1 :  0.035 0.005 0.022 0.184 0.177 0.188 0.012 0.326 0.050 
110 TMA-ZAIN-G-    (0)    1 :  0.111 0.169 0.019 0.007 0.261 0.218 0.123 0.066 0.025 
111 TMA-ZAIN-G-    (9)    1 :  0.065 0.098 0.004 0.018 0.161 0.019 0.051 0.556 0.029 
112 TMA-ZAIN-G-    (0)    1 :  0.119 0.057 0.040 0.020 0.156 0.256 0.043 0.284 0.026 
113 TMA-ZAIN-G-    (0)    1 :  0.005 0.009 0.005 0.010 0.015 0.007 0.020 0.914 0.016 
114 TMA-ZAIN-G-    (0)    1 :  0.006 0.010 0.002 0.003 0.003 0.003 0.003 0.965 0.005 
115 TMA-ZAIN-G-    (0)    1 :  0.004 0.006 0.004 0.003 0.004 0.003 0.003 0.969 0.004 
116 TMA-ZAIN-G-    (0)    1 :  0.004 0.003 0.006 0.012 0.939 0.008 0.013 0.006 0.010 
117 TMA-ZAIN-G-    (0)    1 :  0.017 0.004 0.084 0.228 0.189 0.257 0.145 0.010 0.066 
118 TMA-ZAIN-G-    (0)    1 :  0.006 0.003 0.015 0.018 0.919 0.013 0.012 0.006 0.008 
119 TMA-ZAIN-G-    (0)    1 :  0.023 0.020 0.005 0.032 0.821 0.009 0.057 0.024 0.009 
120 TMA-ZAIN-G-    (0)    1 :  0.013 0.004 0.054 0.021 0.841 0.018 0.025 0.010 0.014 
121 TMA-ZAIN-G-    (0)    1 :  0.010 0.004 0.024 0.141 0.671 0.063 0.050 0.013 0.023 
122 TMA-ZAIN-G-    (0)    1 :  0.017 0.008 0.012 0.045 0.460 0.181 0.241 0.006 0.030 
123 TMA-ZAIN-G-    (0)    1 :  0.010 0.008 0.012 0.004 0.005 0.005 0.005 0.946 0.005 
124 TMA-ZAIN-G-    (0)    1 :  0.006 0.003 0.009 0.004 0.009 0.954 0.006 0.005 0.005 
125 TMA-ZAIN-G-    (0)    1 :  0.005 0.002 0.031 0.040 0.008 0.838 0.008 0.002 0.064 
126 TMA-ZAIN-G-    (0)    1 :  0.004 0.003 0.038 0.005 0.016 0.913 0.006 0.004 0.010 
127 TMA-ZAIN-G-    (0)    1 :  0.004 0.003 0.009 0.006 0.011 0.956 0.005 0.003 0.004 
128 TMA-ZAIN-G-    (0)    1 :  0.005 0.003 0.008 0.021 0.012 0.933 0.008 0.004 0.007 
129 TMA-ZAIN-G-    (0)    1 :  0.005 0.003 0.016 0.006 0.009 0.943 0.006 0.007 0.006 
130 TMA-ZAIN-G-    (0)    1 :  0.006 0.003 0.075 0.009 0.024 0.830 0.008 0.008 0.038 
131 TMA-ZAIN-G-    (0)    1 :  0.006 0.003 0.014 0.004 0.008 0.951 0.005 0.004 0.005 
132 TMA-ZAIN-G-    (0)    1 :  0.005 0.003 0.016 0.044 0.024 0.861 0.015 0.004 0.028 
133 TMA-ZAIN-G-    (0)    1 :  0.014 0.012 0.105 0.069 0.056 0.628 0.075 0.003 0.039 
134 TMA-ZAIN-G-    (0)    1 :  0.007 0.008 0.262 0.065 0.082 0.486 0.053 0.004 0.032 
135 TMA-ZAIN-G-    (0)    1 :  0.004 0.007 0.019 0.028 0.520 0.232 0.172 0.004 0.015 
136 TMA-ZAIN-G-    (0)    1 :  0.005 0.005 0.009 0.592 0.210 0.087 0.068 0.007 0.017 
137 TMA-ZAIN-G-    (0)    1 :  0.006 0.008 0.005 0.006 0.838 0.048 0.075 0.006 0.007 
138 TMA-ZAIN-G-    (0)    1 :  0.003 0.003 0.021 0.011 0.338 0.584 0.021 0.004 0.014 
139 TMA-ZAIN-G-    (0)    1 :  0.004 0.005 0.020 0.013 0.515 0.331 0.042 0.005 0.065 
140 TMA-ZAIN-G-    (0)    1 :  0.005 0.004 0.006 0.011 0.716 0.120 0.130 0.003 0.004 
141 TMA-ZAIN-G-    (0)    1 :  0.007 0.004 0.027 0.008 0.332 0.088 0.522 0.006 0.007 
142 TMA-ZAIN-G-    (9)    1 :  0.005 0.003 0.007 0.013 0.700 0.061 0.203 0.003 0.005 
143 TMA-ZAIN-G-    (0)    1 :  0.005 0.003 0.010 0.015 0.674 0.208 0.074 0.004 0.006 
144 TMA-ZAIN-G-    (0)    1 :  0.011 0.005 0.013 0.006 0.815 0.109 0.015 0.003 0.023 
145 TMA-ZAIN-G-    (0)    1 :  0.004 0.002 0.007 0.285 0.521 0.045 0.121 0.003 0.012 
146 TMA-ZAIN-G-    (0)    1 :  0.003 0.003 0.005 0.005 0.192 0.008 0.776 0.004 0.004 
147 TMA-ZAIN-G-    (9)    1 :  0.004 0.003 0.006 0.011 0.321 0.012 0.635 0.003 0.005 
148 TMA-ZAIN-G-    (0)    1 :  0.004 0.003 0.112 0.006 0.244 0.087 0.506 0.003 0.035 
149 TMA-ZAIN-G-    (0)    1 :  0.014 0.016 0.034 0.008 0.420 0.122 0.272 0.026 0.088 
150 TMA-ZAIN-G-    (0)    1 :  0.013 0.016 0.018 0.042 0.641 0.022 0.141 0.024 0.084 
151 TMA-ZAIN-G-    (0)    1 :  0.004 0.002 0.015 0.010 0.904 0.047 0.011 0.003 0.005 
152 TMA-ZAIN-G-    (0)    1 :  0.003 0.002 0.008 0.006 0.957 0.008 0.009 0.004 0.004 
153 TMA-ZAIN-G-    (0)    1 :  0.003 0.002 0.026 0.014 0.837 0.086 0.019 0.003 0.009 
154 TMA-ZAIN-G-    (0)    1 :  0.004 0.002 0.005 0.005 0.961 0.009 0.007 0.003 0.004 
155 TMA-ZAIN-G-    (0)    1 :  0.004 0.003 0.007 0.008 0.933 0.013 0.025 0.004 0.003 
156 TMA-ZAIN-G-    (9)    1 :  0.004 0.003 0.044 0.004 0.864 0.060 0.006 0.007 0.009 
157 TMA-ZAIN-G-    (0)    1 :  0.004 0.003 0.097 0.006 0.798 0.065 0.016 0.004 0.006 
158 TMA-ZAIN-G-    (0)    1 :  0.005 0.003 0.004 0.005 0.946 0.011 0.019 0.003 0.004 
159 TMA-ZAIN-G-    (0)    1 :  0.003 0.003 0.004 0.011 0.740 0.009 0.220 0.004 0.005 
160 TMA-ZAIN-G-    (0)    1 :  0.003 0.002 0.004 0.015 0.863 0.006 0.094 0.005 0.006 
161 TMA-ZAIN-G-    (0)    1 :  0.005 0.003 0.020 0.006 0.793 0.127 0.025 0.003 0.017 
162 TMA-ZAIN-G-    (0)    1 :  0.008 0.014 0.004 0.006 0.908 0.013 0.009 0.023 0.014 
163 TMA-ZAIN-G-    (0)    1 :  0.003 0.002 0.003 0.004 0.967 0.008 0.007 0.003 0.003 
164 TMA-ZAIN-G-    (0)    1 :  0.003 0.003 0.004 0.007 0.952 0.008 0.012 0.004 0.007 
165 TMA-ZAIN-G-    (0)    1 :  0.003 0.003 0.004 0.006 0.956 0.009 0.014 0.004 0.003 
166 TMA-ZAIN-G-    (0)    1 :  0.003 0.002 0.006 0.010 0.698 0.106 0.164 0.003 0.008 
167 TMA-ZAIN-G-    (0)    1 :  0.007 0.005 0.008 0.005 0.134 0.040 0.790 0.005 0.005 
168 TMA-ZAIN-G-    (0)    1 :  0.005 0.003 0.033 0.011 0.026 0.011 0.900 0.006 0.005 
169 TMA-ZAIN-G-    (0)    1 :  0.004 0.003 0.005 0.079 0.024 0.008 0.870 0.003 0.005 
170 TMA-ZAIN-G-    (0)    1 :  0.021 0.008 0.113 0.019 0.078 0.130 0.612 0.015 0.004 
171 TMA-ZAIN-G-    (0)    1 :  0.003 0.003 0.004 0.014 0.020 0.005 0.944 0.003 0.004 
172 TMA-ZAIN-G-    (0)    1 :  0.006 0.004 0.021 0.005 0.058 0.808 0.090 0.004 0.005 
173 TMA-ZAIN-G-    (0)    1 :  0.007 0.004 0.019 0.006 0.034 0.864 0.057 0.003 0.005 
174 TMA-ZAIN-G-    (0)    1 :  0.004 0.002 0.007 0.055 0.091 0.684 0.146 0.003 0.008 
175 TMA-ZAIN-G-    (0)    1 :  0.003 0.003 0.005 0.007 0.040 0.007 0.927 0.004 0.004 
176 TMA-ZAIN-G-    (0)    1 :  0.004 0.003 0.006 0.005 0.065 0.009 0.900 0.003 0.004 
177 TMA-ZAIN-G-    (0)    1 :  0.005 0.003 0.032 0.004 0.171 0.032 0.745 0.005 0.004 
178 TMA-ZAIN-G-    (0)    1 :  0.007 0.004 0.080 0.005 0.205 0.490 0.198 0.006 0.004 
179 TMA-ZAIN-G-    (0)    1 :  0.005 0.003 0.040 0.009 0.329 0.145 0.460 0.003 0.005 
180 TMA-ZAIN-G-    (0)    1 :  0.006 0.007 0.018 0.067 0.038 0.832 0.011 0.004 0.018 
181 TMA-ZAIN-G-    (0)    1 :  0.004 0.003 0.156 0.006 0.045 0.759 0.018 0.005 0.005 
182 TMA-ZAIN-G-    (0)    1 :  0.005 0.003 0.146 0.003 0.040 0.780 0.011 0.007 0.006 
183 TMA-ZAIN-G-    (0)    1 :  0.004 0.003 0.262 0.006 0.036 0.666 0.015 0.004 0.004 
184 TMA-ZAIN-G-    (0)    1 :  0.015 0.017 0.033 0.009 0.062 0.794 0.012 0.030 0.027 
185 TMA-ZAIN-G-    (0)    1 :  0.020 0.022 0.005 0.005 0.010 0.888 0.009 0.015 0.026 
186 TMA-ZAIN-G-    (9)    1 :  0.009 0.005 0.005 0.006 0.011 0.945 0.011 0.003 0.005 
187 TMA-ZAIN-G-    (0)    1 :  0.005 0.003 0.022 0.012 0.027 0.888 0.036 0.004 0.003 
188 TMA-ZAIN-G-    (0)    1 :  0.004 0.003 0.012 0.015 0.015 0.904 0.041 0.003 0.004 
189 TMA-ZAIN-G-    (0)    1 :  0.003 0.002 0.008 0.011 0.007 0.956 0.007 0.003 0.003 
190 TMA-ZAIN-G-    (0)    1 :  0.008 0.003 0.090 0.024 0.018 0.764 0.085 0.003 0.005 
191 TMA-ZAIN-G-    (0)    1 :  0.010 0.022 0.006 0.005 0.008 0.909 0.013 0.013 0.012 
192 TMA-ZAIN-G-    (0)    1 :  0.005 0.009 0.023 0.005 0.008 0.926 0.015 0.004 0.006 
193 TMA-ZAIN-G-    (0)    1 :  0.003 0.002 0.973 0.004 0.003 0.005 0.003 0.002 0.004 
194 TMA-ZAIN-G-    (0)    1 :  0.013 0.006 0.900 0.010 0.006 0.046 0.007 0.003 0.010 
195 TMA-ZAIN-G-    (0)    1 :  0.009 0.002 0.821 0.033 0.018 0.068 0.040 0.003 0.005 
196 TMA-ZAIN-G-    (0)    1 :  0.004 0.003 0.953 0.009 0.007 0.012 0.005 0.003 0.005 
197 TMA-ZAIN-G-    (0)    1 :  0.004 0.003 0.949 0.010 0.008 0.010 0.009 0.003 0.006 
198 TMA-ZAIN-G-    (0)    1 :  0.003 0.003 0.950 0.007 0.010 0.012 0.009 0.003 0.005 
199 TMA-ZAIN-G-    (0)    1 :  0.007 0.004 0.007 0.005 0.009 0.951 0.008 0.003 0.006 
200 TMA-ZAIN-G-    (0)    1 :  0.037 0.882 0.047 0.003 0.003 0.004 0.003 0.016 0.004 
201 TMA-ZAIN-G-    (0)    1 :  0.013 0.956 0.003 0.005 0.004 0.003 0.004 0.006 0.004 
202 TMA-ZAIN-G-    (0)    1 :  0.013 0.911 0.037 0.003 0.006 0.009 0.004 0.014 0.003 
203 TMA-ZAIN-G-    (0)    1 :  0.005 0.003 0.868 0.004 0.030 0.048 0.014 0.023 0.006 
204 TMA-ZAIN-G-    (9)    1 :  0.016 0.886 0.007 0.011 0.006 0.007 0.023 0.005 0.039 
205 TMA-ZAIN-G-    (0)    1 :  0.023 0.798 0.008 0.007 0.106 0.009 0.030 0.006 0.014 
206 TMA-ZAIN-G-    (9)    1 :  0.028 0.805 0.066 0.011 0.013 0.022 0.016 0.016 0.023 
207 TMA-ZAIN-G-    (9)    1 :  0.057 0.014 0.011 0.057 0.663 0.033 0.032 0.015 0.119 
208 TMA-ZAIN-G-    (0)    1 :  0.005 0.003 0.004 0.034 0.820 0.020 0.107 0.003 0.004 
209 TMA-ZAIN-G-    (0)    1 :  0.004 0.003 0.272 0.022 0.112 0.366 0.164 0.003 0.054 
210 TMA-ZAIN-G-    (0)    1 :  0.006 0.003 0.408 0.108 0.100 0.212 0.142 0.004 0.017 
211 TMA-ZAIN-G-    (0)    1 :  0.029 0.023 0.101 0.032 0.058 0.583 0.149 0.012 0.014 
212 TMA-ZAIN-G-    (0)    1 :  0.007 0.005 0.022 0.018 0.345 0.554 0.034 0.003 0.011 
213 TMA-ZAIN-G-    (0)    1 :  0.006 0.004 0.034 0.007 0.349 0.513 0.076 0.003 0.008 
214 TMA-ZAIN-G-    (0)    1 :  0.004 0.003 0.030 0.043 0.163 0.666 0.081 0.003 0.007 
215 TMA-ZAIN-G-    (0)    1 :  0.201 0.012 0.006 0.006 0.085 0.338 0.345 0.004 0.003 
216 TMA-ZAIN-G-    (0)    1 :  0.005 0.004 0.009 0.005 0.019 0.933 0.014 0.003 0.007 
217 TMA-ZAIN-G-    (0)    1 :  0.004 0.003 0.104 0.134 0.108 0.402 0.233 0.004 0.009 
218 TMA-ZAIN-G-    (0)    1 :  0.952 0.004 0.004 0.011 0.004 0.008 0.007 0.006 0.005 
219 TMA-ZAIN-G-    (0)    1 :  0.954 0.011 0.004 0.003 0.004 0.006 0.004 0.004 0.010 
220 TMA-ZAIN-G-    (0)    1 :  0.855 0.004 0.007 0.012 0.029 0.008 0.012 0.064 0.008 
221 TMA-ZAIN-G-    (0)    1 :  0.912 0.020 0.007 0.007 0.010 0.022 0.011 0.004 0.007 
222 TMA-ZAIN-G-    (0)    1 :  0.883 0.009 0.006 0.014 0.016 0.009 0.010 0.032 0.021 
223 TMA-ZAIN-G-    (0)    1 :  0.961 0.009 0.003 0.003 0.003 0.004 0.004 0.007 0.005 
224 TMA-ZAIN-G-    (0)    1 :  0.905 0.021 0.009 0.005 0.005 0.018 0.007 0.015 0.016 
225 TMA-ZAIN-G-    (0)    1 :  0.949 0.009 0.012 0.002 0.004 0.005 0.003 0.011 0.004 
226 TMA-ZAIN-G-    (0)    1 :  0.923 0.010 0.019 0.005 0.007 0.007 0.007 0.016 0.006 
227 TMA-ZAIN-G-    (0)    1 :  0.903 0.028 0.022 0.004 0.009 0.009 0.008 0.013 0.005 
228 TMA-ZAIN-G-    (0)    1 :  0.897 0.012 0.007 0.008 0.015 0.008 0.026 0.020 0.007 
229 TMA-ZAIN-G-    (0)    1 :  0.867 0.075 0.003 0.011 0.002 0.003 0.004 0.028 0.007 
230 TMA-ZAIN-G-    (0)    1 :  0.675 0.009 0.024 0.017 0.010 0.058 0.091 0.063 0.054 
231 TMA-ZAIN-G-    (0)    1 :  0.132 0.569 0.012 0.013 0.062 0.013 0.036 0.135 0.028 
232 TMA-ZAIN-G-    (9)    1 :  0.061 0.497 0.012 0.051 0.012 0.043 0.016 0.295 0.014 
233 TMA-ZAIN-G-    (0)    1 :  0.864 0.024 0.008 0.041 0.008 0.010 0.024 0.006 0.015 
234 TMA-ZAIN-G-    (0)    1 :  0.587 0.050 0.010 0.007 0.010 0.005 0.006 0.303 0.022 
235 TMA-ZAIN-G-    (0)    1 :  0.718 0.022 0.025 0.005 0.012 0.031 0.036 0.141 0.010 
236 TMA-ZAIN-G-    (0)    1 :  0.768 0.065 0.028 0.007 0.012 0.014 0.016 0.083 0.008 
237 TMA-ZAIN-G-    (0)    1 :  0.371 0.014 0.011 0.017 0.028 0.031 0.289 0.223 0.016 
238 TMA-ZAIN-G-    (0)    1 :  0.816 0.031 0.007 0.005 0.026 0.022 0.031 0.058 0.005 
239 TMA-ZAIN-G-    (0)    1 :  0.005 0.759 0.136 0.020 0.004 0.033 0.004 0.005 0.033 
240 TMA-ZAIN-G-    (0)    1 :  0.005 0.968 0.004 0.003 0.003 0.003 0.005 0.003 0.007 
241 TMA-ZAIN-G-    (0)    1 :  0.004 0.957 0.004 0.005 0.006 0.004 0.011 0.004 0.005 
242 TMA-ZAIN-G-    (0)    1 :  0.004 0.963 0.003 0.005 0.007 0.005 0.007 0.003 0.004 
243 TMA-ZAIN-G-    (0)    1 :  0.004 0.946 0.004 0.008 0.008 0.006 0.015 0.003 0.006 
244 TMA-ZAIN-G-    (0)    1 :  0.005 0.936 0.003 0.009 0.016 0.007 0.016 0.004 0.004 
245 TMA-ZAIN-G-    (9)    1 :  0.004 0.975 0.003 0.002 0.003 0.003 0.003 0.003 0.003 
246 TMA-ZAIN-G-    (0)    1 :  0.004 0.975 0.002 0.003 0.003 0.003 0.003 0.003 0.004 
247 TMA-ZAIN-G-    (0)    1 :  0.004 0.969 0.002 0.006 0.005 0.004 0.004 0.002 0.004 
248 TMA-ZAIN-G-    (0)    1 :  0.007 0.951 0.009 0.005 0.007 0.006 0.007 0.005 0.004 
249 TMA-ZAIN-G-    (0)    1 :  0.005 0.967 0.007 0.003 0.004 0.005 0.003 0.003 0.003 
250 TMA-ZAIN-G-    (0)    1 :  0.005 0.967 0.005 0.006 0.003 0.004 0.003 0.002 0.004 
251 TMA-ZAIN-G-    (0)    1 :  0.005 0.003 0.006 0.004 0.005 0.005 0.004 0.005 0.964 
252 TMA-ZAIN-G-    (0)    1 :  0.006 0.003 0.005 0.035 0.036 0.007 0.036 0.004 0.869 
253 TMA-ZAIN-G-    (0)    1 :  0.003 0.003 0.005 0.006 0.010 0.004 0.004 0.005 0.960 
254 TMA-ZAIN-G-    (9)    1 :  0.005 0.003 0.006 0.014 0.028 0.008 0.009 0.009 0.918 
255 TMA-ZAIN-G-    (0)    1 :  0.003 0.016 0.005 0.008 0.008 0.004 0.004 0.011 0.941 
256 TMA-ZAIN-G-    (0)    1 :  0.004 0.008 0.018 0.005 0.007 0.006 0.006 0.007 0.940 
257 TMA-ZAIN-G-    (0)    1 :  0.004 0.004 0.014 0.003 0.003 0.003 0.003 0.004 0.962 
258 TMA-ZAIN-G-    (0)    1 :  0.003 0.003 0.005 0.005 0.004 0.004 0.003 0.003 0.971 
259 TMA-ZAIN-G-    (0)    1 :  0.004 0.004 0.006 0.005 0.003 0.004 0.003 0.003 0.967 
260 TMA-ZAIN-G-    (0)    1 :  0.004 0.004 0.005 0.009 0.003 0.004 0.004 0.003 0.962 
261 TMA-ZAIN-G-   (18)    1 :  0.006 0.004 0.008 0.011 0.005 0.008 0.005 0.004 0.949 
262 TMA-ZAIN-G-    (0)    1 :  0.004 0.003 0.006 0.003 0.003 0.004 0.003 0.004 0.969 
263 TMA-ZAIN-G-    (0)    1 :  0.004 0.004 0.004 0.004 0.005 0.004 0.003 0.006 0.967 
264 TMA-ZAIN-G-    (0)    1 :  0.004 0.003 0.005 0.004 0.005 0.004 0.004 0.008 0.962 
265 TMA-ZAIN-G-    (0)    1 :  0.197 0.017 0.014 0.040 0.026 0.024 0.026 0.017 0.639 
266 TMA-ZAIN-G-    (0)    1 :  0.028 0.009 0.068 0.024 0.035 0.087 0.016 0.014 0.719 
267 TMA-ZAIN-G-    (0)    1 :  0.069 0.306 0.007 0.014 0.011 0.012 0.026 0.021 0.534 
268 TMA-ZAIN-G-    (0)    1 :  0.006 0.908 0.003 0.004 0.004 0.003 0.004 0.062 0.005 
269 TMA-ZAIN-G-    (0)    1 :  0.034 0.699 0.004 0.005 0.006 0.006 0.008 0.230 0.009 
270 TMA-ZAIN-G-    (0)    1 :  0.017 0.878 0.004 0.005 0.006 0.005 0.007 0.066 0.012 
271 TMA-ZAIN-G-    (0)    1 :  0.009 0.933 0.003 0.003 0.005 0.004 0.005 0.031 0.007 
272 TMA-ZAIN-G-    (0)    1 :  0.054 0.893 0.004 0.003 0.005 0.005 0.005 0.026 0.006 
273 TMA-ZAIN-G-    (0)    1 :  0.019 0.947 0.003 0.002 0.003 0.003 0.003 0.016 0.004 
274 TMA-ZAIN-G-    (0)    1 :  0.021 0.834 0.048 0.010 0.009 0.022 0.016 0.031 0.009 
275 TMA-ZAIN-G-    (0)    1 :  0.006 0.969 0.003 0.002 0.004 0.004 0.003 0.006 0.003 
276 TMA-ZAIN-G-    (0)    1 :  0.005 0.968 0.002 0.003 0.004 0.003 0.004 0.008 0.003 
277 TMA-ZAIN-G-    (0)    1 :  0.006 0.956 0.005 0.005 0.005 0.003 0.006 0.009 0.006 
278 TMA-ZAIN-G-    (0)    1 :  0.007 0.967 0.003 0.003 0.003 0.003 0.003 0.006 0.005 
279 TMA-ZAIN-G-    (0)    1 :  0.017 0.944 0.006 0.003 0.004 0.006 0.004 0.011 0.004 
280 TMA-ZAIN-G-    (0)    1 :  0.048 0.826 0.008 0.002 0.007 0.010 0.005 0.091 0.004 
281 TMA-ZAIN-G-    (0)    1 :  0.013 0.921 0.006 0.003 0.005 0.005 0.004 0.039 0.005 
282 TMA-ZAIN-G-    (9)    1 :  0.007 0.960 0.003 0.003 0.003 0.003 0.003 0.013 0.005 
283 TMA-ZAIN-G-    (0)    1 :  0.086 0.646 0.005 0.007 0.020 0.011 0.012 0.088 0.126 
284 TMA-ZAIN-G-    (0)    1 :  0.166 0.454 0.006 0.004 0.019 0.014 0.009 0.146 0.182 
285 TMA-ZAIN-G-    (0)    1 :  0.020 0.815 0.011 0.027 0.017 0.023 0.023 0.034 0.031 
286 TMA-ZAIN-G-    (0)    1 :  0.011 0.932 0.003 0.003 0.004 0.004 0.004 0.032 0.009 
287 TMA-ZAIN-G-    (0)    1 :  0.008 0.910 0.014 0.010 0.005 0.011 0.011 0.025 0.006 
288 TMA-ZAIN-G-    (0)    1 :  0.141 0.600 0.060 0.011 0.015 0.047 0.026 0.086 0.014 
289 TMA-ZAIN-G-    (0)    1 :  0.014 0.867 0.027 0.014 0.008 0.018 0.017 0.024 0.010 
290 TMA-ZAIN-G-    (0)    1 :  0.083 0.441 0.010 0.003 0.009 0.012 0.006 0.427 0.009 
291 TMA-ZAIN-G-    (0)    1 :  0.945 0.014 0.005 0.003 0.005 0.005 0.004 0.010 0.008 
292 TMA-ZAIN-G-    (0)    1 :  0.019 0.013 0.029 0.007 0.166 0.111 0.640 0.010 0.005 
293 TMA-ZAIN-G-    (0)    1 :  0.015 0.012 0.024 0.021 0.658 0.082 0.159 0.004 0.025 
294 TMA-ZAIN-G-    (0)    1 :  0.004 0.004 0.005 0.009 0.085 0.009 0.875 0.003 0.006 
295 TMA-ZAIN-G-    (9)    1 :  0.009 0.006 0.005 0.013 0.130 0.019 0.806 0.004 0.007 
296 TMA-ZAIN-G-    (0)    1 :  0.014 0.006 0.046 0.006 0.577 0.053 0.273 0.012 0.013 
297 TMA-ZAIN-G-    (0)    1 :  0.009 0.006 0.117 0.026 0.654 0.075 0.082 0.006 0.026 
298 TMA-ZAIN-G-    (0)    1 :  0.016 0.019 0.005 0.007 0.040 0.016 0.843 0.014 0.041 
299 TMA-ZAIN-G-    (0)    1 :  0.004 0.005 0.004 0.008 0.013 0.006 0.953 0.003 0.004 
300 TMA-ZAIN-G-    (0)    1 :  0.007 0.006 0.007 0.035 0.026 0.030 0.879 0.003 0.007 
301 TMA-ZAIN-G-    (0)    1 :  0.009 0.007 0.038 0.031 0.047 0.072 0.785 0.005 0.006 
302 TMA-ZAIN-G-    (9)    1 :  0.006 0.003 0.016 0.008 0.175 0.062 0.720 0.004 0.006 
303 TMA-ZAIN-G-    (0)    1 :  0.787 0.007 0.122 0.002 0.004 0.026 0.004 0.017 0.031 
304 TMA-ZAIN-G-    (0)    2 :  0.009 0.009 0.040 0.146 0.083 0.119 0.014 0.019 0.562 
305 TMA-ZAIN-G-    (0)    2 :  0.006 0.004 0.014 0.021 0.663 0.044 0.235 0.004 0.010 
306 TMA-ZAIN-G-    (0)    2 :  0.012 0.030 0.022 0.018 0.271 0.048 0.101 0.109 0.389 
307 TMA-ZAIN-G-    (0)    2 :  0.006 0.012 0.013 0.338 0.090 0.113 0.015 0.011 0.402 
308 TMA-ZAIN-G-    (0)    2 :  0.124 0.019 0.016 0.015 0.004 0.007 0.004 0.030 0.781 
309 TMA-ZAIN-G-    (0)    2 :  0.004 0.003 0.024 0.008 0.014 0.922 0.019 0.003 0.004 
310 TMA-ZAIN-G-    (0)    2 :  0.017 0.025 0.004 0.010 0.154 0.059 0.705 0.007 0.018 
311 TMA-ZAIN-G-    (0)    2 :  0.034 0.008 0.021 0.008 0.512 0.122 0.189 0.048 0.059 
312 TMA-ZAIN-G-    (0)    2 :  0.019 0.005 0.022 0.008 0.043 0.845 0.044 0.004 0.009 
313 TMA-ZAIN-G-    (0)    2 :  0.006 0.005 0.021 0.029 0.058 0.072 0.136 0.013 0.660 
314 TMA-ZAIN-G-    (0)    2 :  0.311 0.251 0.018 0.011 0.010 0.030 0.011 0.339 0.019 
315 TMA-ZAIN-G-    (0)    2 :  0.035 0.400 0.007 0.043 0.122 0.079 0.289 0.007 0.018 
316 TMA-ZAIN-G-    (0)    2 :  0.073 0.412 0.006 0.051 0.107 0.051 0.274 0.010 0.015 
317 TMA-ZAIN-G-    (0)    2 :  0.890 0.019 0.007 0.004 0.006 0.005 0.018 0.039 0.013 
318 TMA-ZAIN-G-    (9)    2 :  0.161 0.420 0.009 0.010 0.005 0.006 0.013 0.329 0.047 
319 TMA-ZAIN-G-    (0)    3 :  0.259 0.180 0.505 0.003 0.005 0.009 0.005 0.025 0.009 
320 TMA-ZAIN-G-    (0)    3 :  0.408 0.009 0.010 0.016 0.083 0.040 0.423 0.006 0.006 
321 TMA-ZAIN-G-    (0)    4 :  0.116 0.106 0.006 0.016 0.113 0.493 0.072 0.065 0.012 
322 TMA-ZAIN-G-    (0)    4 :  0.400 0.008 0.008 0.037 0.200 0.156 0.065 0.070 0.055 
323 TMA-ZAIN-G-    (0)    5 :  0.845 0.016 0.061 0.018 0.008 0.028 0.006 0.007 0.011 
324 TMA-ZAIN-G-    (0)    5 :  0.007 0.004 0.034 0.010 0.891 0.021 0.010 0.006 0.017 
325 TMA-ZAIN-G-    (0)    5 :  0.888 0.052 0.006 0.006 0.012 0.015 0.011 0.005 0.007 
326 TMA-ZAIN-G-    (0)    5 :  0.566 0.004 0.375 0.005 0.013 0.018 0.006 0.002 0.011 
327 TMA-ZAIN-G-    (0)    5 :  0.005 0.003 0.886 0.030 0.007 0.045 0.008 0.003 0.013 
328 TMA-ZAIN-G-    (0)    5 :  0.162 0.099 0.078 0.253 0.023 0.065 0.011 0.289 0.019 
329 TMA-ZAIN-G-    (0)    5 :  0.012 0.008 0.047 0.084 0.049 0.357 0.409 0.005 0.030 
330 TMA-ZAIN-G-    (0)    6 :  0.008 0.003 0.021 0.057 0.030 0.782 0.064 0.004 0.030 
331 TMA-ZAIN-G-    (0)    6 :  0.041 0.070 0.009 0.006 0.023 0.541 0.155 0.023 0.132 
332 TMA-ZAIN-G-    (0)    6 :  0.004 0.002 0.314 0.010 0.036 0.611 0.015 0.002 0.005 
333 TMA-ZAIN-G-    (0)    6 :  0.003 0.002 0.971 0.004 0.003 0.007 0.004 0.003 0.004 
334 TMA-ZAIN-G-    (0)    6 :  0.010 0.954 0.003 0.003 0.004 0.003 0.004 0.011 0.007 
335 TMA-ZAIN-G-    (0)    6 :  0.005 0.964 0.003 0.006 0.005 0.004 0.005 0.004 0.004 
336 TMA-ZAIN-G-    (0)    6 :  0.018 0.917 0.005 0.006 0.009 0.008 0.011 0.013 0.012 
337 TMA-ZAIN-G-    (9)    6 :  0.030 0.872 0.003 0.004 0.007 0.006 0.007 0.064 0.007 
338 TMA-ZAIN-G-    (0)    6 :  0.009 0.936 0.003 0.003 0.004 0.003 0.004 0.031 0.006 
339 TMA-ZAIN-G-    (0)    6 :  0.006 0.965 0.002 0.002 0.002 0.002 0.002 0.015 0.003 
340 TMA-ZAIN-G-    (0)    6 :  0.005 0.971 0.002 0.003 0.003 0.003 0.003 0.006 0.003 
341 TMA-ZAIN-G-    (0)    6 :  0.005 0.961 0.003 0.004 0.005 0.005 0.004 0.009 0.003 
342 TMA-ZAIN-G-    (0)    6 :  0.007 0.958 0.003 0.004 0.005 0.004 0.005 0.009 0.005 
343 TMA-ZAIN-G-    (0)    7 :  0.006 0.947 0.003 0.002 0.003 0.004 0.003 0.028 0.003 
344 TMA-ZAIN-G-    (0)    7 :  0.014 0.952 0.005 0.003 0.004 0.006 0.004 0.007 0.005 
345 TMA-ZAIN-G-    (0)    7 :  0.004 0.972 0.003 0.003 0.003 0.003 0.003 0.005 0.005 
346 TMA-ZAIN-G-    (0)    7 :  0.014 0.920 0.010 0.003 0.005 0.012 0.008 0.024 0.004 
347 TMA-ZAIN-G-    (9)    7 :  0.007 0.967 0.003 0.003 0.003 0.003 0.003 0.008 0.003 
348 TMA-ZAIN-G-    (0)    7 :  0.016 0.930 0.005 0.004 0.004 0.005 0.006 0.020 0.010 
349 TMA-ZAIN-G-    (0)    7 :  0.008 0.953 0.004 0.004 0.004 0.003 0.004 0.016 0.005 
350 TMA-ZAIN-G-    (0)    7 :  0.061 0.863 0.007 0.005 0.007 0.009 0.008 0.033 0.006 
351 TMA-ZAIN-G-    (0)    7 :  0.007 0.963 0.004 0.004 0.003 0.003 0.004 0.007 0.005 
352 TMA-ZAIN-G-    (0)    7 :  0.007 0.946 0.004 0.007 0.008 0.006 0.008 0.007 0.008 
353 TMA-ZAIN-G-    (0)    7 :  0.028 0.883 0.013 0.003 0.008 0.011 0.006 0.043 0.005 
354 TMA-ZAIN-G-    (0)    7 :  0.012 0.953 0.005 0.002 0.007 0.008 0.004 0.007 0.003 
355 TMA-ZAIN-G-    (0)    7 :  0.007 0.934 0.007 0.004 0.011 0.013 0.006 0.014 0.003 
356 TMA-ZAIN-G-    (0)    8 :  0.009 0.002 0.002 0.033 0.929 0.004 0.006 0.003 0.012 
357 TMA-ZAIN-G-    (0)    8 :  0.010 0.004 0.346 0.058 0.403 0.095 0.065 0.009 0.011 
358 TMA-ZAIN-G-    (0)    8 :  0.040 0.022 0.017 0.122 0.104 0.509 0.113 0.048 0.025 
359 TMA-ZAIN-G-    (0)    8 :  0.070 0.028 0.004 0.304 0.403 0.010 0.084 0.012 0.084 
360 TMA-ZAIN-G-    (0)    8 :  0.005 0.005 0.003 0.014 0.822 0.022 0.119 0.003 0.006 
361 TMA-ZAIN-G-    (0)    8 :  0.007 0.003 0.025 0.022 0.106 0.780 0.037 0.010 0.010 
362 TMA-ZAIN-G-    (0)    8 :  0.019 0.055 0.003 0.009 0.866 0.007 0.030 0.007 0.005 
363 TMA-ZAIN-G-    (0)    9 :  0.030 0.011 0.061 0.015 0.085 0.434 0.341 0.005 0.018 
364 TMA-ZAIN-G-    (0)    9 :  0.675 0.016 0.011 0.014 0.013 0.018 0.029 0.207 0.017 
365 TMA-ZAIN-G-    (0)    9 :  0.068 0.157 0.004 0.035 0.518 0.137 0.066 0.011 0.004 
366 TMA-ZAIN-G-    (0)    9 :  0.005 0.006 0.004 0.081 0.132 0.021 0.728 0.004 0.019 
367 TMA-ZAIN-G-    (0)    9 :  0.023 0.006 0.037 0.007 0.072 0.680 0.021 0.094 0.059 
368 TMA-ZAIN-G-    (0)    9 :  0.005 0.004 0.006 0.052 0.027 0.020 0.873 0.004 0.010 
369 TMA-ZAIN-G-    (0)    9 :  0.004 0.003 0.014 0.020 0.009 0.929 0.013 0.002 0.005 
370 TMA-ZAIN-G-    (0)    9 :  0.005 0.003 0.016 0.007 0.015 0.900 0.044 0.006 0.005 
371 TMA-ZAIN-G-    (0)    9 :  0.004 0.003 0.009 0.027 0.728 0.011 0.206 0.006 0.006 
372 TMA-ZAIN-G-    (0)    9 :  0.004 0.004 0.005 0.027 0.572 0.187 0.189 0.004 0.008 
373 TMA-ZAIN-G-    (0)    9 :  0.008 0.004 0.482 0.007 0.006 0.478 0.006 0.004 0.006 
374 TMA-ZAIN-G-    (0)   10 :  0.064 0.009 0.130 0.007 0.051 0.264 0.023 0.311 0.141 
375 TMA-ZAIN-G-    (0)   10 :  0.607 0.011 0.047 0.009 0.029 0.216 0.020 0.055 0.007 
376 TMA-ZAIN-G-    (9)   10 :  0.004 0.003 0.004 0.004 0.875 0.052 0.050 0.004 0.004 
377 TMA-ZAIN-G-    (0)   10 :  0.003 0.003 0.006 0.021 0.741 0.045 0.174 0.003 0.005 
378 TMA-ZAIN-G-    (0)   10 :  0.003 0.002 0.008 0.014 0.930 0.013 0.022 0.004 0.003 
379 TMA-ZAIN-G-    (0)   10 :  0.003 0.002 0.013 0.012 0.941 0.011 0.007 0.003 0.008 
380 TMA-ZAIN-G-    (0)   10 :  0.005 0.003 0.009 0.041 0.039 0.041 0.853 0.003 0.007 
381 TMA-ZAIN-G-    (9)   10 :  0.560 0.010 0.014 0.095 0.037 0.034 0.170 0.009 0.073 
382 TMA-ZAIN-G-    (9)   10 :  0.198 0.063 0.011 0.003 0.006 0.013 0.013 0.681 0.010 
383    ZFB01    (0)   11 :  0.004 0.009 0.003 0.003 0.006 0.004 0.004 0.963 0.004 
384    ZFB02    (0)   11 :  0.006 0.034 0.002 0.003 0.004 0.003 0.003 0.935 0.010 
385    ZFB03    (0)   11 :  0.009 0.004 0.009 0.003 0.006 0.006 0.004 0.955 0.005 
386    ZFB04    (0)   11 :  0.005 0.034 0.002 0.003 0.005 0.004 0.004 0.936 0.006 
387    ZFB05    (0)   11 :  0.045 0.123 0.012 0.011 0.004 0.006 0.003 0.784 0.011 
388    ZFB06    (0)   11 :  0.041 0.052 0.012 0.012 0.004 0.006 0.003 0.861 0.007 
389    ZFB07    (9)   11 :  0.015 0.012 0.006 0.004 0.010 0.007 0.008 0.933 0.005 
390    ZFB08    (0)   11 :  0.010 0.005 0.005 0.006 0.008 0.007 0.007 0.945 0.006 
391    ZFB09    (0)   11 :  0.004 0.005 0.003 0.002 0.004 0.003 0.003 0.972 0.003 
392    ZFB10    (0)   11 :  0.005 0.011 0.002 0.006 0.035 0.011 0.015 0.909 0.006 
393    ZFB11    (0)   11 :  0.005 0.017 0.003 0.003 0.012 0.005 0.012 0.937 0.007 
394    ZFB12    (0)   11 :  0.024 0.041 0.008 0.004 0.009 0.009 0.011 0.890 0.005 
395    ZFB13    (0)   11 :  0.010 0.007 0.005 0.007 0.010 0.008 0.010 0.939 0.005 
396    ZFB14    (0)   11 :  0.004 0.004 0.003 0.003 0.006 0.004 0.005 0.965 0.005 
397    ZFB15    (0)   11 :  0.005 0.015 0.003 0.002 0.003 0.003 0.003 0.963 0.003 
398    ZFB16    (0)   11 :  0.007 0.017 0.003 0.004 0.008 0.007 0.007 0.944 0.004 
