

----------------------------------------------------
STRUCTURE by Pritchard, Stephens and Donnelly (2000)
     and Falush, Stephens and Pritchard (2003)
       Code by Pritchard, Falush and Hubisz
             Version 2.3.4 (Jul 2012)
----------------------------------------------------



Command line arguments:   bin\structure -m C:\Users\eschumacher\Documents\GitHub\GCC_QUAC_ZAIN\Data_Files\Structure_Files\ZAIN\ZAIN_rebinned_allpop_str\50-50\mainparams -e C:\Users\eschumacher\Documents\GitHub\GCC_QUAC_ZAIN\Data_Files\Structure_Files\ZAIN\ZAIN_rebinned_allpop_str\50-50\extraparams 
Input File:    C:\Users\eschumacher\Documents\GitHub\GCC_QUAC_ZAIN\Data_Files\Structure_Files\ZAIN\ZAIN_rebinned_allpop_str\project_data

Run parameters:
   1133 individuals
   11 loci
   11 populations assumed
   50000 Burn-in period
   50000 Reps


--------------------------------------------
Proportion of membership of each pre-defined
 population in each of the 11 clusters

Given    Inferred Clusters                                                               Number of
 Pop       1      2      3      4      5      6      7      8      9     10     11      Individuals

  1:     0.030  0.125  0.053  0.038  0.120  0.089  0.105  0.145  0.084  0.110  0.101      303
  2:     0.057  0.147  0.016  0.040  0.165  0.088  0.192  0.108  0.058  0.058  0.071       15
  3:     0.017  0.019  0.218  0.012  0.066  0.154  0.006  0.051  0.009  0.030  0.419        2
  4:     0.286  0.183  0.007  0.023  0.160  0.028  0.037  0.025  0.039  0.097  0.115        2
  5:     0.021  0.074  0.203  0.052  0.055  0.069  0.018  0.018  0.032  0.096  0.362        7
  6:     0.012  0.124  0.108  0.009  0.019  0.023  0.017  0.647  0.015  0.013  0.012       13
  7:     0.011  0.006  0.006  0.004  0.006  0.005  0.005  0.920  0.015  0.006  0.017       13
  8:     0.015  0.162  0.056  0.061  0.068  0.050  0.016  0.013  0.012  0.526  0.022        7
  9:     0.046  0.311  0.048  0.023  0.312  0.064  0.014  0.017  0.051  0.097  0.016       11
 10:     0.068  0.063  0.025  0.021  0.079  0.083  0.029  0.011  0.076  0.408  0.136        9
 11:     0.010  0.007  0.005  0.005  0.009  0.009  0.007  0.032  0.893  0.011  0.013       35
 12:     0.009  0.129  0.015  0.025  0.361  0.207  0.026  0.005  0.007  0.211  0.007       36
 13:     0.013  0.061  0.020  0.031  0.531  0.167  0.010  0.006  0.005  0.149  0.007       33
 14:     0.008  0.007  0.010  0.009  0.010  0.007  0.910  0.019  0.007  0.008  0.005       40
 15:     0.005  0.026  0.923  0.006  0.008  0.007  0.006  0.003  0.004  0.006  0.004       39
 16:     0.386  0.020  0.012  0.030  0.034  0.030  0.025  0.057  0.208  0.035  0.163       40
 17:     0.060  0.010  0.010  0.018  0.016  0.014  0.029  0.077  0.046  0.010  0.710       37
 18:     0.006  0.067  0.012  0.020  0.193  0.056  0.007  0.003  0.005  0.628  0.004       40
 19:     0.007  0.006  0.014  0.003  0.007  0.004  0.037  0.008  0.901  0.005  0.008       28
 20:     0.016  0.013  0.007  0.009  0.021  0.016  0.843  0.037  0.008  0.009  0.021       14
 21:     0.008  0.011  0.038  0.005  0.015  0.008  0.009  0.837  0.008  0.007  0.053       13
 22:     0.006  0.895  0.026  0.008  0.011  0.011  0.017  0.003  0.005  0.014  0.004       14
 23:     0.005  0.016  0.008  0.023  0.120  0.789  0.007  0.004  0.004  0.019  0.004       25
 24:     0.006  0.009  0.006  0.919  0.013  0.011  0.008  0.005  0.007  0.012  0.005       40
 25:     0.017  0.047  0.017  0.008  0.027  0.017  0.795  0.010  0.024  0.026  0.012       32
 26:     0.004  0.005  0.004  0.006  0.007  0.006  0.005  0.949  0.003  0.005  0.006       20
 27:     0.225  0.010  0.004  0.006  0.009  0.008  0.010  0.009  0.660  0.018  0.042        4
 28:     0.030  0.014  0.005  0.013  0.021  0.017  0.010  0.023  0.789  0.066  0.012       23
 29:     0.011  0.006  0.006  0.005  0.006  0.005  0.008  0.007  0.923  0.007  0.017       39
 30:     0.010  0.005  0.004  0.005  0.007  0.007  0.008  0.887  0.050  0.007  0.010       38
 31:     0.011  0.615  0.166  0.051  0.073  0.028  0.009  0.005  0.005  0.032  0.006       45
 32:     0.008  0.303  0.157  0.022  0.232  0.128  0.017  0.007  0.005  0.110  0.010       28
 33:     0.010  0.005  0.008  0.005  0.005  0.004  0.007  0.009  0.925  0.005  0.019        6
 34:     0.891  0.012  0.009  0.013  0.008  0.007  0.007  0.006  0.012  0.006  0.029       40
 35:     0.031  0.021  0.010  0.012  0.010  0.009  0.011  0.056  0.016  0.007  0.816       42
--------------------------------------------

Allele-freq. divergence among pops (Net nucleotide distance),
computed using point estimates of P.

      1       2       3       4       5       6       7       8       9      10      11      
 1      -    0.1111  0.2137  0.1705  0.1391  0.1728  0.1320  0.2045  0.1548  0.1764  0.0865  
 2   0.1111     -    0.1288  0.1335  0.0569  0.0988  0.1502  0.2901  0.2399  0.0758  0.1525  
 3   0.2137  0.1288     -    0.2704  0.2142  0.2273  0.1669  0.3532  0.2780  0.2693  0.1839  
 4   0.1705  0.1335  0.2704     -    0.1218  0.1142  0.1923  0.3654  0.3469  0.1412  0.2764  
 5   0.1391  0.0569  0.2142  0.1218     -    0.0439  0.1803  0.2797  0.2372  0.0403  0.1815  
 6   0.1728  0.0988  0.2273  0.1142  0.0439     -    0.1841  0.2884  0.2500  0.0747  0.1849  
 7   0.1320  0.1502  0.1669  0.1923  0.1803  0.1841     -    0.2226  0.1525  0.2153  0.1205  
 8   0.2045  0.2901  0.3532  0.3654  0.2797  0.2884  0.2226     -    0.1519  0.3476  0.1076  
 9   0.1548  0.2399  0.2780  0.3469  0.2372  0.2500  0.1525  0.1519     -    0.2458  0.0943  
10   0.1764  0.0758  0.2693  0.1412  0.0403  0.0747  0.2153  0.3476  0.2458     -    0.2283  
11   0.0865  0.1525  0.1839  0.2764  0.1815  0.1849  0.1205  0.1076  0.0943  0.2283     -    

Average distances (expected heterozygosity) between individuals in same cluster:
cluster  1  : 0.4752 
cluster  2  : 0.4330 
cluster  3  : 0.2595 
cluster  4  : 0.3574 
cluster  5  : 0.3846 
cluster  6  : 0.4013 
cluster  7  : 0.4273 
cluster  8  : 0.4155 
cluster  9  : 0.4728 
cluster 10  : 0.3535 
cluster 11  : 0.5289 

--------------------------------------------
Estimated Ln Prob of Data   = -21084.2
Mean value of ln likelihood = -20401.0
Variance of ln likelihood   = 1366.4
Mean value of alpha         = 0.0343

Mean value of Fst_1         = 0.2763
Mean value of Fst_2         = 0.3333
Mean value of Fst_3         = 0.5653
Mean value of Fst_4         = 0.4292
Mean value of Fst_5         = 0.3270
Mean value of Fst_6         = 0.3434
Mean value of Fst_7         = 0.4214
Mean value of Fst_8         = 0.4407
Mean value of Fst_9         = 0.3699
Mean value of Fst_10         = 0.3650
Mean value of Fst_11         = 0.1638


Inferred ancestry of individuals:
        Label (%Miss) Pop:  Inferred clusters
  1 TMA-ZAIN-G-    (9)    1 :  0.021 0.033 0.106 0.009 0.017 0.008 0.011 0.007 0.714 0.030 0.045 
  2 TMA-ZAIN-G-    (0)    1 :  0.009 0.008 0.007 0.004 0.022 0.224 0.020 0.007 0.664 0.015 0.020 
  3 TMA-ZAIN-G-    (0)    1 :  0.023 0.215 0.037 0.103 0.127 0.035 0.013 0.003 0.006 0.431 0.005 
  4 TMA-ZAIN-G-    (0)    1 :  0.012 0.028 0.023 0.040 0.124 0.028 0.563 0.010 0.019 0.135 0.018 
  5 TMA-ZAIN-G-    (0)    1 :  0.006 0.002 0.002 0.002 0.003 0.002 0.006 0.005 0.964 0.003 0.003 
  6 TMA-ZAIN-G-    (0)    1 :  0.496 0.091 0.017 0.075 0.102 0.025 0.034 0.024 0.041 0.062 0.033 
  7 TMA-ZAIN-G-    (0)    1 :  0.019 0.120 0.038 0.007 0.649 0.050 0.026 0.006 0.012 0.061 0.012 
  8 TMA-ZAIN-G-    (0)    1 :  0.009 0.841 0.006 0.020 0.024 0.022 0.019 0.003 0.006 0.047 0.004 
  9 TMA-ZAIN-G-    (9)    1 :  0.034 0.153 0.009 0.028 0.363 0.283 0.005 0.005 0.007 0.107 0.006 
 10 TMA-ZAIN-G-    (0)    1 :  0.031 0.220 0.013 0.033 0.541 0.081 0.010 0.004 0.003 0.058 0.005 
 11 TMA-ZAIN-G-    (0)    1 :  0.006 0.109 0.008 0.004 0.830 0.015 0.006 0.004 0.005 0.008 0.006 
 12 TMA-ZAIN-G-    (0)    1 :  0.008 0.026 0.020 0.005 0.093 0.007 0.005 0.003 0.005 0.824 0.005 
 13 TMA-ZAIN-G-    (9)    1 :  0.019 0.171 0.130 0.019 0.189 0.235 0.025 0.074 0.040 0.059 0.040 
 14 TMA-ZAIN-G-    (9)    1 :  0.011 0.037 0.864 0.007 0.019 0.019 0.007 0.012 0.003 0.010 0.009 
 15 TMA-ZAIN-G-    (0)    1 :  0.006 0.053 0.884 0.010 0.009 0.006 0.005 0.002 0.003 0.017 0.005 
 16 TMA-ZAIN-G-    (0)    1 :  0.007 0.022 0.005 0.005 0.487 0.019 0.004 0.005 0.003 0.438 0.006 
 17 TMA-ZAIN-G-    (9)    1 :  0.037 0.783 0.028 0.007 0.008 0.011 0.030 0.013 0.012 0.038 0.033 
 18 TMA-ZAIN-G-    (0)    1 :  0.027 0.011 0.014 0.007 0.006 0.005 0.040 0.006 0.667 0.019 0.197 
 19 TMA-ZAIN-G-    (0)    1 :  0.176 0.044 0.014 0.006 0.022 0.012 0.006 0.023 0.013 0.026 0.658 
 20 TMA-ZAIN-G-    (0)    1 :  0.007 0.003 0.004 0.004 0.004 0.005 0.020 0.054 0.038 0.003 0.857 
 21 TMA-ZAIN-G-    (0)    1 :  0.005 0.005 0.002 0.005 0.005 0.003 0.005 0.958 0.002 0.004 0.004 
 22 TMA-ZAIN-G-    (0)    1 :  0.010 0.003 0.003 0.002 0.003 0.003 0.008 0.910 0.044 0.003 0.012 
 23 TMA-ZAIN-G-    (0)    1 :  0.030 0.008 0.007 0.004 0.008 0.006 0.005 0.864 0.020 0.006 0.043 
 24 TMA-ZAIN-G-    (9)    1 :  0.004 0.011 0.027 0.108 0.013 0.152 0.006 0.661 0.007 0.008 0.004 
 25 TMA-ZAIN-G-    (9)    1 :  0.008 0.004 0.004 0.004 0.014 0.132 0.004 0.008 0.077 0.024 0.720 
 26 TMA-ZAIN-G-    (9)    1 :  0.005 0.074 0.021 0.008 0.096 0.170 0.509 0.027 0.008 0.069 0.013 
 27 TMA-ZAIN-G-    (0)    1 :  0.716 0.012 0.072 0.009 0.017 0.006 0.019 0.019 0.058 0.004 0.068 
 28 TMA-ZAIN-G-    (0)    1 :  0.934 0.007 0.009 0.004 0.006 0.004 0.005 0.004 0.009 0.005 0.013 
 29 TMA-ZAIN-G-    (0)    1 :  0.005 0.005 0.005 0.731 0.004 0.005 0.010 0.004 0.003 0.004 0.223 
 30 TMA-ZAIN-G-    (0)    1 :  0.475 0.108 0.072 0.038 0.065 0.128 0.006 0.005 0.004 0.059 0.041 
 31 TMA-ZAIN-G-    (0)    1 :  0.008 0.004 0.006 0.006 0.007 0.009 0.057 0.014 0.871 0.005 0.014 
 32 TMA-ZAIN-G-    (9)    1 :  0.008 0.019 0.026 0.004 0.063 0.017 0.006 0.058 0.452 0.245 0.102 
 33 TMA-ZAIN-G-   (18)    1 :  0.007 0.149 0.007 0.013 0.251 0.036 0.004 0.003 0.004 0.524 0.004 
 34 TMA-ZAIN-G-    (0)    1 :  0.012 0.011 0.007 0.006 0.205 0.044 0.008 0.026 0.112 0.554 0.016 
 35 TMA-ZAIN-G-    (9)    1 :  0.021 0.062 0.043 0.044 0.280 0.094 0.011 0.004 0.010 0.420 0.011 
 36 TMA-ZAIN-G-    (0)    1 :  0.007 0.214 0.180 0.009 0.070 0.444 0.015 0.003 0.004 0.048 0.005 
 37 TMA-ZAIN-G-    (9)    1 :  0.030 0.051 0.007 0.014 0.373 0.088 0.020 0.008 0.006 0.392 0.011 
 38 TMA-ZAIN-G-   (18)    1 :  0.007 0.025 0.097 0.007 0.054 0.029 0.008 0.023 0.513 0.118 0.118 
 39 TMA-ZAIN-G-    (0)    1 :  0.008 0.035 0.004 0.013 0.042 0.804 0.008 0.004 0.003 0.074 0.004 
 40 TMA-ZAIN-G-    (0)    1 :  0.004 0.287 0.006 0.007 0.047 0.208 0.007 0.005 0.003 0.422 0.005 
 41 TMA-ZAIN-G-    (0)    1 :  0.005 0.610 0.054 0.006 0.012 0.279 0.004 0.003 0.003 0.021 0.003 
 42 TMA-ZAIN-G-    (9)    1 :  0.003 0.831 0.115 0.006 0.007 0.011 0.008 0.002 0.003 0.010 0.004 
 43 TMA-ZAIN-G-    (0)    1 :  0.003 0.008 0.955 0.008 0.004 0.005 0.004 0.002 0.003 0.004 0.003 
 44 TMA-ZAIN-G-    (0)    1 :  0.003 0.009 0.005 0.009 0.098 0.055 0.005 0.782 0.005 0.011 0.018 
 45 TMA-ZAIN-G-    (0)    1 :  0.009 0.084 0.015 0.005 0.741 0.016 0.008 0.005 0.005 0.104 0.006 
 46 TMA-ZAIN-G-    (0)    1 :  0.003 0.003 0.004 0.003 0.004 0.005 0.006 0.960 0.004 0.003 0.006 
 47 TMA-ZAIN-G-    (0)    1 :  0.004 0.004 0.004 0.004 0.004 0.003 0.960 0.003 0.003 0.006 0.004 
 48 TMA-ZAIN-G-    (0)    1 :  0.050 0.208 0.036 0.017 0.142 0.018 0.463 0.021 0.006 0.026 0.012 
 49 TMA-ZAIN-G-    (9)    1 :  0.011 0.009 0.005 0.039 0.017 0.007 0.009 0.006 0.012 0.026 0.860 
 50 TMA-ZAIN-G-    (0)    1 :  0.023 0.058 0.007 0.004 0.007 0.023 0.004 0.005 0.010 0.010 0.849 
 51 TMA-ZAIN-G-    (0)    1 :  0.020 0.017 0.057 0.007 0.013 0.008 0.017 0.006 0.007 0.005 0.845 
 52 TMA-ZAIN-G-    (0)    1 :  0.021 0.007 0.014 0.003 0.008 0.007 0.057 0.011 0.006 0.010 0.857 
 53 TMA-ZAIN-G-    (0)    1 :  0.009 0.008 0.028 0.005 0.010 0.010 0.103 0.007 0.100 0.004 0.717 
 54 TMA-ZAIN-G-    (0)    1 :  0.012 0.015 0.014 0.004 0.007 0.005 0.919 0.005 0.005 0.007 0.008 
 55 TMA-ZAIN-G-    (0)    1 :  0.030 0.049 0.027 0.003 0.009 0.004 0.826 0.009 0.005 0.010 0.029 
 56 TMA-ZAIN-G-    (0)    1 :  0.125 0.149 0.028 0.038 0.071 0.045 0.453 0.011 0.009 0.023 0.048 
 57 TMA-ZAIN-G-    (0)    1 :  0.006 0.006 0.006 0.008 0.008 0.010 0.894 0.004 0.008 0.030 0.022 
 58 TMA-ZAIN-G-    (0)    1 :  0.321 0.022 0.009 0.006 0.008 0.005 0.039 0.122 0.050 0.016 0.404 
 59 TMA-ZAIN-G-    (0)    1 :  0.035 0.041 0.009 0.023 0.164 0.033 0.032 0.031 0.589 0.027 0.017 
 60 TMA-ZAIN-G-    (0)    1 :  0.086 0.019 0.148 0.009 0.025 0.008 0.033 0.009 0.502 0.007 0.153 
 61 TMA-ZAIN-G-    (0)    1 :  0.007 0.003 0.003 0.003 0.004 0.003 0.017 0.021 0.924 0.003 0.011 
 62 TMA-ZAIN-G-    (9)    1 :  0.087 0.031 0.006 0.008 0.035 0.026 0.011 0.020 0.706 0.049 0.021 
 63 TMA-ZAIN-G-    (0)    1 :  0.009 0.005 0.006 0.003 0.005 0.003 0.015 0.006 0.930 0.005 0.011 
 64 TMA-ZAIN-G-    (0)    1 :  0.003 0.005 0.005 0.955 0.007 0.009 0.003 0.002 0.002 0.005 0.003 
 65 TMA-ZAIN-G-    (9)    1 :  0.007 0.008 0.006 0.922 0.011 0.007 0.006 0.002 0.003 0.024 0.003 
 66 TMA-ZAIN-G-    (0)    1 :  0.005 0.009 0.005 0.917 0.026 0.014 0.005 0.003 0.003 0.012 0.003 
 67 TMA-ZAIN-G-    (0)    1 :  0.014 0.011 0.003 0.765 0.044 0.113 0.005 0.014 0.004 0.018 0.009 
 68 TMA-ZAIN-G-    (0)    1 :  0.003 0.006 0.007 0.957 0.005 0.004 0.005 0.002 0.002 0.005 0.003 
 69 TMA-ZAIN-G-    (0)    1 :  0.008 0.007 0.020 0.752 0.055 0.036 0.013 0.028 0.021 0.036 0.027 
 70 TMA-ZAIN-G-    (0)    1 :  0.004 0.007 0.005 0.012 0.045 0.904 0.003 0.004 0.003 0.009 0.004 
 71 TMA-ZAIN-G-    (0)    1 :  0.003 0.005 0.003 0.004 0.014 0.946 0.003 0.003 0.003 0.011 0.004 
 72 TMA-ZAIN-G-    (0)    1 :  0.007 0.009 0.007 0.014 0.012 0.922 0.007 0.003 0.003 0.010 0.005 
 73 TMA-ZAIN-G-    (0)    1 :  0.020 0.006 0.003 0.006 0.007 0.870 0.012 0.027 0.020 0.010 0.019 
 74 TMA-ZAIN-G-    (0)    1 :  0.006 0.005 0.004 0.005 0.008 0.942 0.005 0.005 0.005 0.010 0.006 
 75 TMA-ZAIN-G-    (0)    1 :  0.005 0.005 0.005 0.005 0.008 0.943 0.007 0.003 0.004 0.008 0.005 
 76 TMA-ZAIN-G-    (0)    1 :  0.004 0.004 0.003 0.005 0.016 0.930 0.003 0.013 0.004 0.008 0.009 
 77 TMA-ZAIN-G-    (0)    1 :  0.006 0.007 0.006 0.005 0.007 0.948 0.004 0.005 0.003 0.005 0.005 
 78 TMA-ZAIN-G-    (0)    1 :  0.007 0.006 0.005 0.005 0.011 0.925 0.007 0.010 0.005 0.008 0.012 
 79 TMA-ZAIN-G-    (0)    1 :  0.005 0.006 0.006 0.004 0.009 0.941 0.006 0.007 0.003 0.006 0.007 
 80 TMA-ZAIN-G-    (0)    1 :  0.006 0.013 0.004 0.016 0.019 0.839 0.011 0.004 0.003 0.082 0.004 
 81 TMA-ZAIN-G-    (0)    1 :  0.007 0.009 0.007 0.005 0.029 0.908 0.007 0.006 0.004 0.011 0.008 
 82 TMA-ZAIN-G-    (0)    1 :  0.007 0.011 0.007 0.182 0.431 0.234 0.015 0.003 0.006 0.100 0.005 
 83 TMA-ZAIN-G-    (9)    1 :  0.047 0.013 0.005 0.039 0.127 0.021 0.017 0.032 0.048 0.637 0.015 
 84 TMA-ZAIN-G-    (0)    1 :  0.006 0.009 0.006 0.005 0.016 0.922 0.005 0.012 0.004 0.010 0.007 
 85 TMA-ZAIN-G-    (0)    1 :  0.096 0.010 0.007 0.006 0.015 0.010 0.651 0.037 0.030 0.010 0.128 
 86 TMA-ZAIN-G-    (0)    1 :  0.032 0.019 0.004 0.011 0.039 0.017 0.754 0.070 0.009 0.020 0.026 
 87 TMA-ZAIN-G-    (0)    1 :  0.033 0.010 0.005 0.006 0.016 0.013 0.554 0.223 0.034 0.010 0.095 
 88 TMA-ZAIN-G-    (0)    1 :  0.011 0.020 0.019 0.031 0.057 0.058 0.510 0.013 0.153 0.118 0.010 
 89 TMA-ZAIN-G-    (0)    1 :  0.004 0.011 0.027 0.018 0.031 0.046 0.785 0.018 0.018 0.033 0.008 
 90 TMA-ZAIN-G-    (0)    1 :  0.013 0.008 0.006 0.007 0.010 0.006 0.910 0.009 0.008 0.011 0.013 
 91 TMA-ZAIN-G-    (0)    1 :  0.017 0.009 0.009 0.008 0.015 0.009 0.881 0.008 0.026 0.007 0.010 
 92 TMA-ZAIN-G-    (0)    1 :  0.017 0.007 0.011 0.005 0.010 0.007 0.888 0.018 0.006 0.005 0.026 
 93 TMA-ZAIN-G-    (0)    1 :  0.038 0.007 0.014 0.005 0.007 0.006 0.878 0.009 0.019 0.004 0.014 
 94 TMA-ZAIN-G-    (0)    1 :  0.014 0.004 0.006 0.003 0.006 0.004 0.888 0.011 0.047 0.004 0.013 
 95 TMA-ZAIN-G-    (0)    1 :  0.906 0.010 0.012 0.007 0.006 0.009 0.004 0.006 0.006 0.005 0.029 
 96 TMA-ZAIN-G-    (0)    1 :  0.864 0.028 0.020 0.004 0.006 0.004 0.005 0.006 0.005 0.011 0.048 
 97 TMA-ZAIN-G-    (0)    1 :  0.005 0.004 0.008 0.007 0.007 0.015 0.011 0.007 0.914 0.004 0.018 
 98 TMA-ZAIN-G-    (0)    1 :  0.003 0.004 0.006 0.005 0.006 0.014 0.009 0.004 0.940 0.004 0.005 
 99 TMA-ZAIN-G-    (0)    1 :  0.009 0.029 0.007 0.019 0.151 0.008 0.004 0.012 0.724 0.032 0.007 
100 TMA-ZAIN-G-    (0)    1 :  0.006 0.004 0.007 0.005 0.006 0.006 0.028 0.016 0.889 0.003 0.030 
101 TMA-ZAIN-G-    (0)    1 :  0.005 0.005 0.006 0.005 0.019 0.010 0.010 0.006 0.920 0.005 0.009 
102 TMA-ZAIN-G-    (0)    1 :  0.024 0.038 0.033 0.013 0.030 0.020 0.013 0.198 0.431 0.045 0.156 
103 TMA-ZAIN-G-    (0)    1 :  0.020 0.011 0.008 0.006 0.017 0.009 0.010 0.016 0.814 0.023 0.068 
104 TMA-ZAIN-G-    (0)    1 :  0.005 0.004 0.004 0.002 0.003 0.004 0.004 0.006 0.957 0.004 0.007 
105 TMA-ZAIN-G-    (0)    1 :  0.022 0.014 0.008 0.006 0.019 0.010 0.013 0.009 0.841 0.031 0.028 
106 TMA-ZAIN-G-    (0)    1 :  0.007 0.470 0.119 0.048 0.103 0.155 0.006 0.003 0.004 0.082 0.004 
107 TMA-ZAIN-G-    (0)    1 :  0.006 0.021 0.011 0.012 0.344 0.186 0.007 0.003 0.004 0.401 0.005 
108 TMA-ZAIN-G-    (9)    1 :  0.013 0.067 0.062 0.008 0.260 0.060 0.024 0.050 0.199 0.146 0.110 
109 TMA-ZAIN-G-    (0)    1 :  0.050 0.160 0.024 0.160 0.031 0.011 0.068 0.006 0.290 0.194 0.008 
110 TMA-ZAIN-G-    (0)    1 :  0.032 0.133 0.018 0.008 0.311 0.029 0.022 0.138 0.064 0.134 0.112 
111 TMA-ZAIN-G-    (9)    1 :  0.025 0.016 0.004 0.012 0.034 0.056 0.023 0.110 0.454 0.184 0.082 
112 TMA-ZAIN-G-    (0)    1 :  0.046 0.204 0.041 0.019 0.104 0.026 0.030 0.051 0.263 0.111 0.105 
113 TMA-ZAIN-G-    (0)    1 :  0.004 0.005 0.006 0.010 0.014 0.023 0.016 0.008 0.895 0.013 0.005 
114 TMA-ZAIN-G-    (0)    1 :  0.004 0.002 0.002 0.003 0.003 0.003 0.004 0.011 0.958 0.003 0.005 
115 TMA-ZAIN-G-    (0)    1 :  0.005 0.003 0.004 0.003 0.003 0.003 0.004 0.005 0.962 0.004 0.004 
116 TMA-ZAIN-G-    (0)    1 :  0.008 0.008 0.006 0.011 0.025 0.012 0.011 0.003 0.006 0.907 0.004 
117 TMA-ZAIN-G-    (0)    1 :  0.051 0.148 0.078 0.230 0.136 0.169 0.054 0.004 0.008 0.111 0.011 
118 TMA-ZAIN-G-    (0)    1 :  0.012 0.017 0.027 0.028 0.023 0.012 0.009 0.003 0.006 0.856 0.007 
119 TMA-ZAIN-G-    (0)    1 :  0.020 0.010 0.006 0.025 0.032 0.047 0.010 0.018 0.023 0.790 0.020 
120 TMA-ZAIN-G-    (0)    1 :  0.030 0.026 0.080 0.027 0.038 0.037 0.017 0.004 0.011 0.720 0.011 
121 TMA-ZAIN-G-    (0)    1 :  0.048 0.073 0.023 0.153 0.158 0.055 0.020 0.003 0.013 0.446 0.007 
122 TMA-ZAIN-G-    (0)    1 :  0.115 0.072 0.012 0.034 0.450 0.061 0.026 0.008 0.005 0.208 0.007 
123 TMA-ZAIN-G-    (0)    1 :  0.007 0.005 0.011 0.004 0.005 0.005 0.006 0.009 0.930 0.005 0.015 
124 TMA-ZAIN-G-    (0)    1 :  0.006 0.942 0.007 0.004 0.009 0.005 0.005 0.003 0.005 0.008 0.005 
125 TMA-ZAIN-G-    (0)    1 :  0.005 0.855 0.022 0.033 0.007 0.008 0.055 0.002 0.003 0.007 0.004 
126 TMA-ZAIN-G-    (0)    1 :  0.005 0.908 0.033 0.004 0.010 0.006 0.008 0.003 0.004 0.015 0.004 
127 TMA-ZAIN-G-    (0)    1 :  0.004 0.947 0.008 0.005 0.009 0.005 0.004 0.003 0.003 0.010 0.003 
128 TMA-ZAIN-G-    (0)    1 :  0.011 0.905 0.009 0.020 0.017 0.007 0.007 0.003 0.004 0.013 0.003 
129 TMA-ZAIN-G-    (0)    1 :  0.006 0.931 0.013 0.005 0.009 0.006 0.006 0.003 0.006 0.009 0.005 
130 TMA-ZAIN-G-    (0)    1 :  0.007 0.815 0.073 0.007 0.008 0.007 0.034 0.003 0.006 0.035 0.005 
131 TMA-ZAIN-G-    (0)    1 :  0.007 0.940 0.010 0.004 0.009 0.004 0.005 0.003 0.004 0.008 0.005 
132 TMA-ZAIN-G-    (0)    1 :  0.012 0.850 0.013 0.035 0.024 0.013 0.027 0.003 0.004 0.017 0.003 
133 TMA-ZAIN-G-    (0)    1 :  0.012 0.581 0.109 0.074 0.020 0.091 0.035 0.013 0.003 0.046 0.015 
134 TMA-ZAIN-G-    (0)    1 :  0.005 0.423 0.276 0.056 0.012 0.070 0.037 0.008 0.003 0.102 0.008 
135 TMA-ZAIN-G-    (0)    1 :  0.004 0.186 0.021 0.030 0.124 0.102 0.018 0.007 0.004 0.499 0.005 
136 TMA-ZAIN-G-    (0)    1 :  0.010 0.069 0.007 0.596 0.136 0.046 0.015 0.005 0.007 0.104 0.004 
137 TMA-ZAIN-G-    (0)    1 :  0.004 0.024 0.005 0.005 0.015 0.030 0.007 0.008 0.005 0.892 0.006 
138 TMA-ZAIN-G-    (0)    1 :  0.004 0.494 0.031 0.013 0.125 0.014 0.015 0.003 0.004 0.293 0.003 
139 TMA-ZAIN-G-    (0)    1 :  0.003 0.242 0.021 0.015 0.042 0.035 0.082 0.005 0.004 0.547 0.004 
140 TMA-ZAIN-G-    (0)    1 :  0.009 0.049 0.006 0.009 0.617 0.034 0.004 0.004 0.004 0.260 0.004 
141 TMA-ZAIN-G-    (0)    1 :  0.007 0.055 0.021 0.007 0.661 0.114 0.007 0.003 0.006 0.114 0.005 
142 TMA-ZAIN-G-    (9)    1 :  0.006 0.028 0.007 0.012 0.604 0.042 0.005 0.003 0.003 0.285 0.004 
143 TMA-ZAIN-G-    (0)    1 :  0.011 0.146 0.011 0.013 0.440 0.024 0.006 0.003 0.004 0.336 0.004 
144 TMA-ZAIN-G-    (0)    1 :  0.029 0.147 0.013 0.007 0.276 0.012 0.030 0.007 0.004 0.463 0.012 
145 TMA-ZAIN-G-    (0)    1 :  0.007 0.036 0.008 0.307 0.108 0.087 0.014 0.002 0.003 0.424 0.004 
146 TMA-ZAIN-G-    (0)    1 :  0.003 0.006 0.005 0.005 0.936 0.026 0.003 0.003 0.003 0.009 0.003 
147 TMA-ZAIN-G-    (9)    1 :  0.003 0.006 0.005 0.008 0.941 0.014 0.004 0.003 0.003 0.009 0.003 
148 TMA-ZAIN-G-    (0)    1 :  0.003 0.032 0.069 0.004 0.842 0.013 0.020 0.003 0.003 0.007 0.004 
149 TMA-ZAIN-G-    (0)    1 :  0.016 0.046 0.025 0.006 0.768 0.012 0.065 0.017 0.022 0.014 0.011 
150 TMA-ZAIN-G-    (0)    1 :  0.019 0.019 0.017 0.070 0.718 0.015 0.068 0.014 0.021 0.032 0.009 
151 TMA-ZAIN-G-    (0)    1 :  0.005 0.027 0.024 0.008 0.012 0.007 0.004 0.002 0.003 0.907 0.003 
152 TMA-ZAIN-G-    (0)    1 :  0.005 0.009 0.012 0.006 0.016 0.005 0.004 0.002 0.004 0.935 0.003 
153 TMA-ZAIN-G-    (0)    1 :  0.004 0.093 0.029 0.015 0.112 0.015 0.011 0.003 0.003 0.712 0.003 
154 TMA-ZAIN-G-    (0)    1 :  0.004 0.007 0.004 0.005 0.017 0.006 0.004 0.002 0.003 0.945 0.003 
155 TMA-ZAIN-G-    (0)    1 :  0.004 0.012 0.007 0.007 0.035 0.008 0.003 0.003 0.004 0.913 0.003 
156 TMA-ZAIN-G-    (9)    1 :  0.004 0.061 0.064 0.004 0.053 0.005 0.009 0.003 0.006 0.788 0.004 
157 TMA-ZAIN-G-    (0)    1 :  0.004 0.071 0.110 0.006 0.217 0.010 0.006 0.003 0.005 0.562 0.004 
158 TMA-ZAIN-G-    (0)    1 :  0.007 0.011 0.004 0.007 0.262 0.031 0.005 0.004 0.003 0.661 0.006 
159 TMA-ZAIN-G-    (0)    1 :  0.004 0.010 0.005 0.014 0.205 0.246 0.005 0.003 0.005 0.500 0.004 
160 TMA-ZAIN-G-    (0)    1 :  0.003 0.006 0.004 0.019 0.068 0.128 0.008 0.003 0.005 0.753 0.003 
161 TMA-ZAIN-G-    (0)    1 :  0.006 0.143 0.024 0.007 0.230 0.020 0.023 0.003 0.003 0.537 0.005 
162 TMA-ZAIN-G-    (0)    1 :  0.011 0.008 0.004 0.005 0.009 0.006 0.013 0.013 0.019 0.906 0.006 
163 TMA-ZAIN-G-    (0)    1 :  0.003 0.005 0.003 0.004 0.011 0.007 0.003 0.002 0.003 0.956 0.003 
164 TMA-ZAIN-G-    (0)    1 :  0.006 0.008 0.004 0.008 0.104 0.009 0.009 0.004 0.005 0.838 0.004 
165 TMA-ZAIN-G-    (0)    1 :  0.004 0.010 0.004 0.006 0.080 0.011 0.003 0.002 0.004 0.874 0.003 
166 TMA-ZAIN-G-    (0)    1 :  0.004 0.046 0.006 0.012 0.310 0.052 0.010 0.002 0.003 0.552 0.003 
167 TMA-ZAIN-G-    (0)    1 :  0.008 0.021 0.009 0.004 0.578 0.311 0.006 0.005 0.005 0.047 0.006 
168 TMA-ZAIN-G-    (0)    1 :  0.005 0.009 0.031 0.012 0.567 0.349 0.005 0.004 0.006 0.008 0.005 
169 TMA-ZAIN-G-    (0)    1 :  0.004 0.006 0.005 0.069 0.489 0.395 0.004 0.002 0.003 0.018 0.003 
170 TMA-ZAIN-G-    (0)    1 :  0.009 0.111 0.080 0.021 0.480 0.163 0.004 0.012 0.020 0.059 0.040 
171 TMA-ZAIN-G-    (0)    1 :  0.003 0.005 0.004 0.016 0.513 0.434 0.004 0.003 0.003 0.012 0.003 
172 TMA-ZAIN-G-    (0)    1 :  0.006 0.535 0.024 0.006 0.351 0.035 0.004 0.004 0.004 0.025 0.008 
173 TMA-ZAIN-G-    (0)    1 :  0.006 0.720 0.025 0.006 0.180 0.027 0.005 0.004 0.003 0.018 0.006 
174 TMA-ZAIN-G-    (0)    1 :  0.006 0.507 0.006 0.065 0.266 0.056 0.009 0.002 0.003 0.077 0.003 
175 TMA-ZAIN-G-    (0)    1 :  0.004 0.005 0.004 0.008 0.598 0.354 0.004 0.003 0.004 0.013 0.003 
176 TMA-ZAIN-G-    (0)    1 :  0.003 0.009 0.005 0.006 0.759 0.183 0.003 0.003 0.003 0.022 0.003 
177 TMA-ZAIN-G-    (0)    1 :  0.003 0.009 0.010 0.004 0.931 0.019 0.003 0.003 0.003 0.011 0.004 
178 TMA-ZAIN-G-    (0)    1 :  0.008 0.126 0.040 0.003 0.751 0.027 0.004 0.004 0.004 0.025 0.007 
179 TMA-ZAIN-G-    (0)    1 :  0.004 0.021 0.017 0.006 0.898 0.019 0.004 0.003 0.003 0.020 0.004 
180 TMA-ZAIN-G-    (0)    1 :  0.014 0.777 0.021 0.066 0.057 0.006 0.019 0.008 0.004 0.021 0.006 
181 TMA-ZAIN-G-    (0)    1 :  0.004 0.685 0.189 0.007 0.019 0.016 0.004 0.003 0.005 0.065 0.004 
182 TMA-ZAIN-G-    (0)    1 :  0.005 0.764 0.139 0.003 0.032 0.006 0.006 0.003 0.007 0.032 0.004 
183 TMA-ZAIN-G-    (0)    1 :  0.004 0.635 0.250 0.005 0.030 0.012 0.004 0.003 0.005 0.049 0.004 
184 TMA-ZAIN-G-    (0)    1 :  0.017 0.747 0.044 0.007 0.020 0.013 0.024 0.015 0.033 0.068 0.012 
185 TMA-ZAIN-G-    (0)    1 :  0.050 0.846 0.004 0.005 0.010 0.007 0.021 0.022 0.013 0.010 0.012 
186 TMA-ZAIN-G-    (9)    1 :  0.012 0.922 0.005 0.005 0.012 0.013 0.005 0.005 0.003 0.012 0.007 
187 TMA-ZAIN-G-    (0)    1 :  0.006 0.855 0.018 0.014 0.014 0.046 0.003 0.003 0.004 0.031 0.005 
188 TMA-ZAIN-G-    (0)    1 :  0.005 0.856 0.009 0.014 0.007 0.061 0.003 0.002 0.003 0.035 0.004 
189 TMA-ZAIN-G-    (0)    1 :  0.004 0.948 0.008 0.010 0.007 0.005 0.003 0.003 0.002 0.007 0.003 
190 TMA-ZAIN-G-    (0)    1 :  0.008 0.611 0.112 0.026 0.157 0.054 0.005 0.003 0.003 0.012 0.008 
191 TMA-ZAIN-G-    (0)    1 :  0.012 0.886 0.006 0.005 0.010 0.014 0.012 0.022 0.014 0.009 0.009 
192 TMA-ZAIN-G-    (0)    1 :  0.003 0.907 0.024 0.005 0.007 0.016 0.007 0.011 0.004 0.009 0.007 
193 TMA-ZAIN-G-    (0)    1 :  0.003 0.005 0.966 0.004 0.003 0.003 0.004 0.002 0.003 0.003 0.003 
194 TMA-ZAIN-G-    (0)    1 :  0.018 0.059 0.861 0.011 0.009 0.007 0.012 0.007 0.002 0.004 0.011 
195 TMA-ZAIN-G-    (0)    1 :  0.005 0.054 0.809 0.034 0.039 0.032 0.005 0.003 0.003 0.006 0.011 
196 TMA-ZAIN-G-    (0)    1 :  0.005 0.014 0.940 0.011 0.007 0.004 0.005 0.002 0.003 0.005 0.003 
197 TMA-ZAIN-G-    (0)    1 :  0.004 0.010 0.937 0.010 0.008 0.009 0.006 0.003 0.003 0.006 0.004 
198 TMA-ZAIN-G-    (0)    1 :  0.003 0.013 0.938 0.007 0.010 0.008 0.004 0.003 0.003 0.008 0.003 
199 TMA-ZAIN-G-    (0)    1 :  0.009 0.937 0.006 0.005 0.010 0.007 0.005 0.004 0.003 0.009 0.005 
200 TMA-ZAIN-G-    (0)    1 :  0.015 0.005 0.045 0.003 0.004 0.003 0.004 0.783 0.021 0.003 0.115 
201 TMA-ZAIN-G-    (0)    1 :  0.010 0.003 0.003 0.005 0.004 0.004 0.004 0.920 0.008 0.004 0.033 
202 TMA-ZAIN-G-    (0)    1 :  0.007 0.011 0.040 0.004 0.009 0.003 0.003 0.859 0.017 0.006 0.042 
203 TMA-ZAIN-G-    (0)    1 :  0.005 0.055 0.829 0.004 0.027 0.013 0.006 0.003 0.020 0.034 0.004 
204 TMA-ZAIN-G-    (9)    1 :  0.007 0.008 0.007 0.012 0.018 0.021 0.039 0.840 0.006 0.004 0.038 
205 TMA-ZAIN-G-    (0)    1 :  0.005 0.010 0.008 0.006 0.025 0.018 0.016 0.721 0.007 0.088 0.096 
206 TMA-ZAIN-G-    (9)    1 :  0.013 0.019 0.064 0.011 0.027 0.010 0.025 0.713 0.015 0.008 0.095 
207 TMA-ZAIN-G-    (9)    1 :  0.128 0.033 0.010 0.072 0.068 0.034 0.102 0.012 0.013 0.484 0.042 
208 TMA-ZAIN-G-    (0)    1 :  0.012 0.027 0.005 0.074 0.703 0.020 0.005 0.003 0.003 0.145 0.004 
209 TMA-ZAIN-G-    (0)    1 :  0.004 0.298 0.290 0.016 0.131 0.106 0.050 0.003 0.003 0.095 0.004 
210 TMA-ZAIN-G-    (0)    1 :  0.009 0.152 0.397 0.101 0.146 0.091 0.014 0.003 0.004 0.077 0.005 
211 TMA-ZAIN-G-    (0)    1 :  0.020 0.453 0.118 0.029 0.159 0.094 0.016 0.021 0.011 0.054 0.026 
212 TMA-ZAIN-G-    (0)    1 :  0.009 0.177 0.022 0.014 0.706 0.007 0.007 0.004 0.003 0.047 0.004 
213 TMA-ZAIN-G-    (0)    1 :  0.005 0.429 0.030 0.007 0.286 0.042 0.008 0.004 0.004 0.181 0.004 
214 TMA-ZAIN-G-    (0)    1 :  0.004 0.635 0.023 0.049 0.073 0.071 0.007 0.003 0.003 0.129 0.004 
215 TMA-ZAIN-G-    (0)    1 :  0.005 0.216 0.005 0.006 0.247 0.149 0.003 0.009 0.003 0.079 0.279 
216 TMA-ZAIN-G-    (0)    1 :  0.005 0.915 0.007 0.005 0.022 0.011 0.006 0.004 0.003 0.015 0.005 
217 TMA-ZAIN-G-    (0)    1 :  0.003 0.330 0.095 0.157 0.173 0.151 0.008 0.003 0.004 0.072 0.004 
218 TMA-ZAIN-G-    (0)    1 :  0.013 0.008 0.004 0.008 0.006 0.006 0.005 0.003 0.006 0.006 0.934 
219 TMA-ZAIN-G-    (0)    1 :  0.007 0.006 0.003 0.003 0.003 0.004 0.009 0.006 0.004 0.005 0.948 
220 TMA-ZAIN-G-    (0)    1 :  0.050 0.007 0.006 0.013 0.020 0.011 0.010 0.004 0.035 0.031 0.813 
221 TMA-ZAIN-G-    (0)    1 :  0.010 0.019 0.006 0.006 0.011 0.008 0.006 0.014 0.004 0.009 0.908 
222 TMA-ZAIN-G-    (0)    1 :  0.005 0.008 0.005 0.009 0.010 0.007 0.010 0.006 0.013 0.011 0.916 
223 TMA-ZAIN-G-    (0)    1 :  0.017 0.005 0.003 0.005 0.005 0.004 0.006 0.009 0.006 0.004 0.936 
224 TMA-ZAIN-G-    (0)    1 :  0.012 0.019 0.008 0.005 0.006 0.007 0.012 0.010 0.011 0.006 0.904 
225 TMA-ZAIN-G-    (0)    1 :  0.009 0.005 0.010 0.002 0.004 0.003 0.004 0.008 0.008 0.003 0.942 
226 TMA-ZAIN-G-    (0)    1 :  0.013 0.008 0.020 0.005 0.009 0.008 0.005 0.007 0.010 0.007 0.906 
227 TMA-ZAIN-G-    (0)    1 :  0.007 0.007 0.016 0.004 0.010 0.007 0.004 0.013 0.009 0.008 0.915 
228 TMA-ZAIN-G-    (0)    1 :  0.016 0.009 0.007 0.008 0.020 0.026 0.007 0.010 0.012 0.012 0.872 
229 TMA-ZAIN-G-    (0)    1 :  0.008 0.003 0.003 0.008 0.004 0.003 0.006 0.021 0.014 0.003 0.926 
230 TMA-ZAIN-G-    (0)    1 :  0.012 0.032 0.018 0.014 0.041 0.054 0.035 0.006 0.027 0.007 0.754 
231 TMA-ZAIN-G-    (0)    1 :  0.015 0.010 0.011 0.009 0.031 0.025 0.020 0.374 0.083 0.039 0.382 
232 TMA-ZAIN-G-    (9)    1 :  0.005 0.028 0.009 0.034 0.012 0.011 0.013 0.412 0.180 0.010 0.286 
233 TMA-ZAIN-G-    (0)    1 :  0.016 0.013 0.007 0.044 0.013 0.022 0.013 0.012 0.005 0.012 0.842 
234 TMA-ZAIN-G-    (0)    1 :  0.010 0.004 0.010 0.007 0.007 0.005 0.019 0.033 0.172 0.009 0.724 
235 TMA-ZAIN-G-    (0)    1 :  0.037 0.029 0.024 0.005 0.010 0.057 0.012 0.020 0.107 0.016 0.683 
236 TMA-ZAIN-G-    (0)    1 :  0.008 0.010 0.023 0.007 0.014 0.013 0.006 0.018 0.020 0.012 0.868 
237 TMA-ZAIN-G-    (0)    1 :  0.017 0.023 0.010 0.011 0.103 0.209 0.010 0.008 0.127 0.025 0.458 
238 TMA-ZAIN-G-    (0)    1 :  0.007 0.024 0.006 0.005 0.024 0.032 0.004 0.016 0.040 0.034 0.808 
239 TMA-ZAIN-G-    (0)    1 :  0.003 0.030 0.138 0.017 0.007 0.004 0.031 0.751 0.004 0.006 0.009 
240 TMA-ZAIN-G-    (0)    1 :  0.003 0.003 0.004 0.003 0.004 0.005 0.006 0.960 0.003 0.003 0.006 
241 TMA-ZAIN-G-    (0)    1 :  0.002 0.004 0.004 0.004 0.010 0.012 0.005 0.942 0.004 0.006 0.006 
242 TMA-ZAIN-G-    (0)    1 :  0.003 0.004 0.003 0.005 0.008 0.006 0.004 0.953 0.003 0.007 0.004 
243 TMA-ZAIN-G-    (0)    1 :  0.003 0.006 0.004 0.009 0.013 0.016 0.006 0.929 0.003 0.007 0.005 
244 TMA-ZAIN-G-    (0)    1 :  0.003 0.005 0.003 0.008 0.015 0.015 0.003 0.923 0.004 0.016 0.005 
245 TMA-ZAIN-G-    (9)    1 :  0.003 0.003 0.003 0.002 0.004 0.003 0.003 0.967 0.003 0.003 0.006 
246 TMA-ZAIN-G-    (0)    1 :  0.004 0.003 0.003 0.003 0.004 0.003 0.003 0.966 0.003 0.003 0.006 
247 TMA-ZAIN-G-    (0)    1 :  0.005 0.004 0.002 0.005 0.005 0.004 0.004 0.961 0.002 0.004 0.004 
248 TMA-ZAIN-G-    (0)    1 :  0.005 0.006 0.010 0.005 0.008 0.006 0.003 0.938 0.004 0.006 0.007 
249 TMA-ZAIN-G-    (0)    1 :  0.004 0.005 0.007 0.003 0.004 0.003 0.004 0.957 0.003 0.003 0.006 
250 TMA-ZAIN-G-    (0)    1 :  0.005 0.005 0.004 0.006 0.003 0.003 0.003 0.960 0.003 0.003 0.006 
251 TMA-ZAIN-G-    (0)    1 :  0.005 0.005 0.006 0.004 0.004 0.003 0.957 0.003 0.005 0.004 0.004 
252 TMA-ZAIN-G-    (0)    1 :  0.003 0.005 0.005 0.030 0.043 0.029 0.858 0.003 0.004 0.013 0.007 
253 TMA-ZAIN-G-    (0)    1 :  0.003 0.005 0.005 0.006 0.005 0.004 0.951 0.004 0.005 0.011 0.003 
254 TMA-ZAIN-G-    (9)    1 :  0.006 0.009 0.005 0.011 0.014 0.008 0.902 0.003 0.007 0.031 0.004 
255 TMA-ZAIN-G-    (0)    1 :  0.004 0.004 0.005 0.008 0.005 0.004 0.928 0.018 0.012 0.007 0.004 
256 TMA-ZAIN-G-    (0)    1 :  0.003 0.006 0.016 0.005 0.008 0.005 0.932 0.007 0.006 0.007 0.005 
257 TMA-ZAIN-G-    (0)    1 :  0.003 0.004 0.013 0.003 0.003 0.003 0.957 0.003 0.004 0.003 0.004 
258 TMA-ZAIN-G-    (0)    1 :  0.003 0.003 0.005 0.005 0.003 0.003 0.964 0.003 0.004 0.004 0.003 
259 TMA-ZAIN-G-    (0)    1 :  0.005 0.004 0.005 0.005 0.003 0.003 0.961 0.004 0.003 0.003 0.004 
260 TMA-ZAIN-G-    (0)    1 :  0.005 0.004 0.006 0.008 0.004 0.004 0.954 0.004 0.004 0.003 0.004 
261 TMA-ZAIN-G-   (18)    1 :  0.012 0.007 0.008 0.011 0.006 0.004 0.934 0.004 0.004 0.006 0.005 
262 TMA-ZAIN-G-    (0)    1 :  0.003 0.003 0.007 0.003 0.003 0.003 0.963 0.003 0.004 0.003 0.003 
263 TMA-ZAIN-G-    (0)    1 :  0.004 0.003 0.005 0.004 0.003 0.003 0.960 0.003 0.006 0.005 0.004 
264 TMA-ZAIN-G-    (0)    1 :  0.004 0.003 0.005 0.004 0.004 0.004 0.954 0.004 0.008 0.005 0.004 
265 TMA-ZAIN-G-    (0)    1 :  0.027 0.024 0.011 0.035 0.058 0.013 0.538 0.013 0.013 0.018 0.250 
266 TMA-ZAIN-G-    (0)    1 :  0.064 0.082 0.058 0.019 0.026 0.010 0.688 0.008 0.012 0.022 0.012 
267 TMA-ZAIN-G-    (0)    1 :  0.098 0.010 0.007 0.013 0.031 0.017 0.482 0.286 0.024 0.008 0.024 
268 TMA-ZAIN-G-    (0)    1 :  0.009 0.003 0.003 0.004 0.004 0.004 0.006 0.903 0.054 0.004 0.006 
269 TMA-ZAIN-G-    (0)    1 :  0.031 0.006 0.004 0.005 0.007 0.008 0.008 0.679 0.214 0.006 0.032 
270 TMA-ZAIN-G-    (0)    1 :  0.016 0.005 0.004 0.004 0.007 0.007 0.011 0.856 0.064 0.005 0.020 
271 TMA-ZAIN-G-    (0)    1 :  0.010 0.004 0.003 0.003 0.006 0.005 0.008 0.921 0.029 0.005 0.007 
272 TMA-ZAIN-G-    (0)    1 :  0.025 0.005 0.004 0.003 0.005 0.006 0.005 0.859 0.024 0.004 0.061 
273 TMA-ZAIN-G-    (0)    1 :  0.007 0.003 0.003 0.002 0.003 0.003 0.004 0.923 0.018 0.002 0.032 
274 TMA-ZAIN-G-    (0)    1 :  0.019 0.022 0.045 0.010 0.009 0.015 0.009 0.815 0.025 0.009 0.021 
275 TMA-ZAIN-G-    (0)    1 :  0.006 0.004 0.003 0.002 0.003 0.003 0.003 0.957 0.006 0.003 0.009 
276 TMA-ZAIN-G-    (0)    1 :  0.004 0.003 0.003 0.003 0.004 0.005 0.003 0.960 0.008 0.004 0.005 
277 TMA-ZAIN-G-    (0)    1 :  0.005 0.004 0.005 0.005 0.005 0.006 0.006 0.946 0.010 0.004 0.006 
278 TMA-ZAIN-G-    (0)    1 :  0.005 0.003 0.004 0.003 0.003 0.003 0.005 0.959 0.005 0.002 0.007 
279 TMA-ZAIN-G-    (0)    1 :  0.015 0.006 0.006 0.003 0.005 0.004 0.004 0.929 0.011 0.004 0.014 
280 TMA-ZAIN-G-    (0)    1 :  0.015 0.009 0.008 0.002 0.006 0.004 0.004 0.729 0.090 0.006 0.127 
281 TMA-ZAIN-G-    (0)    1 :  0.010 0.006 0.006 0.003 0.004 0.004 0.005 0.899 0.041 0.004 0.017 
282 TMA-ZAIN-G-    (9)    1 :  0.006 0.003 0.003 0.003 0.004 0.003 0.005 0.950 0.013 0.003 0.006 
283 TMA-ZAIN-G-    (0)    1 :  0.075 0.009 0.004 0.005 0.009 0.011 0.117 0.624 0.076 0.016 0.053 
284 TMA-ZAIN-G-    (0)    1 :  0.072 0.015 0.006 0.004 0.010 0.008 0.162 0.469 0.141 0.018 0.096 
285 TMA-ZAIN-G-    (0)    1 :  0.023 0.021 0.012 0.021 0.007 0.033 0.025 0.796 0.025 0.018 0.021 
286 TMA-ZAIN-G-    (0)    1 :  0.014 0.003 0.003 0.002 0.004 0.004 0.010 0.915 0.032 0.003 0.010 
287 TMA-ZAIN-G-    (0)    1 :  0.013 0.011 0.014 0.009 0.005 0.015 0.007 0.890 0.023 0.005 0.008 
288 TMA-ZAIN-G-    (0)    1 :  0.192 0.037 0.049 0.009 0.012 0.023 0.014 0.523 0.080 0.012 0.049 
289 TMA-ZAIN-G-    (0)    1 :  0.026 0.015 0.027 0.013 0.007 0.024 0.009 0.835 0.021 0.008 0.014 
290 TMA-ZAIN-G-    (0)    1 :  0.081 0.011 0.010 0.003 0.009 0.005 0.008 0.418 0.413 0.010 0.032 
291 TMA-ZAIN-G-    (0)    1 :  0.037 0.006 0.005 0.004 0.004 0.004 0.009 0.011 0.012 0.005 0.903 
292 TMA-ZAIN-G-    (0)    1 :  0.011 0.085 0.024 0.007 0.477 0.215 0.005 0.017 0.011 0.117 0.030 
293 TMA-ZAIN-G-    (0)    1 :  0.015 0.102 0.028 0.025 0.640 0.026 0.041 0.015 0.005 0.081 0.023 
294 TMA-ZAIN-G-    (0)    1 :  0.004 0.007 0.004 0.007 0.932 0.023 0.005 0.003 0.003 0.009 0.003 
295 TMA-ZAIN-G-    (9)    1 :  0.011 0.010 0.004 0.009 0.882 0.053 0.006 0.006 0.003 0.011 0.005 
296 TMA-ZAIN-G-    (0)    1 :  0.013 0.030 0.041 0.005 0.833 0.015 0.011 0.004 0.009 0.029 0.010 
297 TMA-ZAIN-G-    (0)    1 :  0.015 0.082 0.123 0.028 0.166 0.070 0.030 0.008 0.005 0.462 0.009 
298 TMA-ZAIN-G-    (0)    1 :  0.014 0.009 0.004 0.008 0.183 0.661 0.043 0.020 0.014 0.026 0.017 
299 TMA-ZAIN-G-    (0)    1 :  0.004 0.008 0.005 0.006 0.013 0.930 0.003 0.004 0.004 0.019 0.005 
300 TMA-ZAIN-G-    (0)    1 :  0.016 0.038 0.010 0.056 0.469 0.374 0.007 0.007 0.003 0.013 0.007 
301 TMA-ZAIN-G-    (0)    1 :  0.009 0.052 0.033 0.030 0.064 0.761 0.005 0.006 0.005 0.027 0.008 
302 TMA-ZAIN-G-    (9)    1 :  0.006 0.034 0.014 0.007 0.750 0.119 0.005 0.003 0.003 0.054 0.005 
303 TMA-ZAIN-G-    (0)    1 :  0.012 0.015 0.059 0.002 0.004 0.003 0.020 0.005 0.011 0.005 0.861 
304 TMA-ZAIN-G-    (0)    2 :  0.018 0.101 0.043 0.123 0.051 0.013 0.556 0.009 0.015 0.065 0.006 
305 TMA-ZAIN-G-    (0)    2 :  0.006 0.020 0.011 0.012 0.904 0.009 0.006 0.003 0.003 0.023 0.003 
306 TMA-ZAIN-G-    (0)    2 :  0.012 0.037 0.020 0.014 0.374 0.015 0.350 0.029 0.111 0.027 0.010 
307 TMA-ZAIN-G-    (0)    2 :  0.011 0.103 0.016 0.285 0.093 0.009 0.398 0.012 0.010 0.058 0.005 
308 TMA-ZAIN-G-    (0)    2 :  0.067 0.006 0.013 0.012 0.005 0.004 0.765 0.014 0.024 0.004 0.088 
309 TMA-ZAIN-G-    (0)    2 :  0.005 0.899 0.023 0.007 0.015 0.023 0.004 0.003 0.004 0.014 0.005 
310 TMA-ZAIN-G-    (0)    2 :  0.019 0.045 0.004 0.011 0.256 0.483 0.019 0.030 0.006 0.109 0.018 
311 TMA-ZAIN-G-    (0)    2 :  0.034 0.072 0.020 0.006 0.217 0.115 0.060 0.009 0.045 0.396 0.026 
312 TMA-ZAIN-G-    (0)    2 :  0.043 0.757 0.022 0.009 0.066 0.044 0.008 0.004 0.005 0.030 0.011 
313 TMA-ZAIN-G-    (0)    2 :  0.009 0.051 0.023 0.026 0.096 0.124 0.601 0.004 0.012 0.049 0.005 
314 TMA-ZAIN-G-    (0)    2 :  0.385 0.019 0.010 0.008 0.011 0.011 0.015 0.267 0.228 0.007 0.038 
315 TMA-ZAIN-G-    (0)    2 :  0.038 0.046 0.007 0.038 0.197 0.215 0.018 0.378 0.007 0.039 0.017 
316 TMA-ZAIN-G-    (0)    2 :  0.050 0.034 0.006 0.031 0.169 0.211 0.014 0.386 0.011 0.043 0.046 
317 TMA-ZAIN-G-    (0)    2 :  0.112 0.006 0.011 0.005 0.009 0.036 0.017 0.031 0.064 0.009 0.699 
318 TMA-ZAIN-G-    (9)    2 :  0.043 0.006 0.010 0.010 0.012 0.014 0.045 0.441 0.326 0.004 0.089 
319 TMA-ZAIN-G-    (0)    3 :  0.026 0.008 0.425 0.003 0.007 0.004 0.008 0.095 0.012 0.004 0.407 
320 TMA-ZAIN-G-    (0)    3 :  0.008 0.030 0.010 0.021 0.125 0.304 0.005 0.006 0.005 0.055 0.431 
321 TMA-ZAIN-G-    (0)    4 :  0.384 0.255 0.007 0.015 0.154 0.027 0.008 0.042 0.025 0.071 0.013 
322 TMA-ZAIN-G-    (0)    4 :  0.188 0.111 0.007 0.032 0.166 0.030 0.066 0.008 0.053 0.123 0.217 
323 TMA-ZAIN-G-    (0)    5 :  0.009 0.034 0.065 0.025 0.009 0.007 0.011 0.010 0.008 0.010 0.812 
324 TMA-ZAIN-G-    (0)    5 :  0.022 0.024 0.043 0.015 0.286 0.007 0.025 0.005 0.008 0.557 0.007 
325 TMA-ZAIN-G-    (0)    5 :  0.019 0.015 0.006 0.006 0.014 0.008 0.008 0.024 0.004 0.011 0.885 
326 TMA-ZAIN-G-    (0)    5 :  0.009 0.030 0.342 0.006 0.007 0.004 0.016 0.003 0.002 0.011 0.569 
327 TMA-ZAIN-G-    (0)    5 :  0.008 0.064 0.853 0.029 0.009 0.008 0.013 0.003 0.003 0.007 0.004 
328 TMA-ZAIN-G-    (0)    5 :  0.062 0.073 0.065 0.202 0.014 0.013 0.021 0.073 0.196 0.029 0.251 
329 TMA-ZAIN-G-    (0)    5 :  0.018 0.275 0.045 0.080 0.049 0.432 0.031 0.007 0.004 0.049 0.009 
330 TMA-ZAIN-G-    (0)    6 :  0.014 0.710 0.019 0.064 0.066 0.058 0.031 0.003 0.004 0.025 0.006 
331 TMA-ZAIN-G-    (0)    6 :  0.019 0.381 0.011 0.006 0.115 0.184 0.137 0.054 0.016 0.019 0.059 
332 TMA-ZAIN-G-    (0)    6 :  0.008 0.479 0.385 0.011 0.012 0.014 0.004 0.002 0.002 0.078 0.003 
333 TMA-ZAIN-G-    (0)    6 :  0.003 0.007 0.961 0.003 0.004 0.004 0.004 0.002 0.003 0.004 0.004 
334 TMA-ZAIN-G-    (0)    6 :  0.010 0.004 0.003 0.003 0.004 0.004 0.007 0.940 0.011 0.003 0.012 
335 TMA-ZAIN-G-    (0)    6 :  0.006 0.004 0.003 0.005 0.005 0.005 0.004 0.956 0.003 0.004 0.004 
336 TMA-ZAIN-G-    (0)    6 :  0.027 0.007 0.005 0.006 0.009 0.011 0.012 0.889 0.012 0.007 0.013 
337 TMA-ZAIN-G-    (9)    6 :  0.039 0.005 0.003 0.004 0.008 0.007 0.007 0.833 0.068 0.006 0.020 
338 TMA-ZAIN-G-    (0)    6 :  0.009 0.003 0.003 0.003 0.004 0.004 0.005 0.918 0.037 0.004 0.009 
339 TMA-ZAIN-G-    (0)    6 :  0.004 0.002 0.002 0.002 0.002 0.002 0.003 0.957 0.016 0.002 0.007 
