

----------------------------------------------------
STRUCTURE by Pritchard, Stephens and Donnelly (2000)
     and Falush, Stephens and Pritchard (2003)
       Code by Pritchard, Falush and Hubisz
             Version 2.3.4 (Jul 2012)
----------------------------------------------------



Command line arguments:   bin\structure -m C:\Users\eschumacher\Documents\GitHub\GCC_QUAC_ZAIN\Data_Files\Structure_Files\ZAIN\ZAIN_rebinned_allpop_str\50-50\mainparams -e C:\Users\eschumacher\Documents\GitHub\GCC_QUAC_ZAIN\Data_Files\Structure_Files\ZAIN\ZAIN_rebinned_allpop_str\50-50\extraparams 
Input File:    C:\Users\eschumacher\Documents\GitHub\GCC_QUAC_ZAIN\Data_Files\Structure_Files\ZAIN\ZAIN_rebinned_allpop_str\project_data

Run parameters:
   1133 individuals
   11 loci
   7 populations assumed
   50000 Burn-in period
   50000 Reps


--------------------------------------------
Proportion of membership of each pre-defined
 population in each of the 7 clusters

Given    Inferred Clusters                                   Number of
 Pop       1      2      3      4      5      6      7      Individuals

  1:     0.114  0.096  0.152  0.118  0.170  0.047  0.302      303
  2:     0.209  0.062  0.102  0.133  0.148  0.067  0.278       15
  3:     0.009  0.012  0.038  0.572  0.119  0.014  0.235        2
  4:     0.046  0.068  0.057  0.309  0.126  0.049  0.345        2
  5:     0.022  0.047  0.023  0.382  0.265  0.061  0.200        7
  6:     0.020  0.016  0.665  0.013  0.225  0.012  0.049       13
  7:     0.005  0.017  0.950  0.013  0.006  0.004  0.005       13
  8:     0.028  0.018  0.011  0.021  0.204  0.136  0.582        7
  9:     0.019  0.033  0.019  0.083  0.354  0.047  0.445       11
 10:     0.036  0.115  0.011  0.183  0.074  0.029  0.553        9
 11:     0.007  0.928  0.033  0.012  0.006  0.005  0.009       35
 12:     0.032  0.007  0.005  0.008  0.087  0.030  0.831       36
 13:     0.010  0.006  0.006  0.010  0.044  0.040  0.884       33
 14:     0.942  0.007  0.019  0.005  0.007  0.010  0.009       40
 15:     0.011  0.004  0.003  0.004  0.965  0.006  0.006       39
 16:     0.027  0.180  0.052  0.629  0.022  0.031  0.059       40
 17:     0.035  0.067  0.107  0.748  0.012  0.019  0.013       37
 18:     0.007  0.006  0.003  0.005  0.062  0.024  0.893       40
 19:     0.039  0.928  0.008  0.008  0.009  0.003  0.005       28
 20:     0.914  0.008  0.029  0.017  0.010  0.009  0.014       14
 21:     0.010  0.008  0.909  0.019  0.036  0.006  0.011       13
 22:     0.015  0.006  0.003  0.005  0.926  0.012  0.035       14
 23:     0.010  0.006  0.006  0.006  0.039  0.058  0.875       25
 24:     0.008  0.007  0.005  0.005  0.007  0.957  0.011       40
 25:     0.862  0.022  0.009  0.022  0.049  0.008  0.028       32
 26:     0.005  0.003  0.971  0.005  0.004  0.006  0.005       20
 27:     0.011  0.752  0.007  0.205  0.008  0.006  0.011        4
 28:     0.012  0.885  0.017  0.021  0.010  0.016  0.039       23
 29:     0.009  0.953  0.007  0.015  0.006  0.005  0.006       39
 30:     0.008  0.050  0.915  0.010  0.005  0.005  0.007       38
 31:     0.009  0.005  0.006  0.008  0.820  0.055  0.097       45
 32:     0.018  0.005  0.010  0.012  0.483  0.026  0.448       28
 33:     0.007  0.939  0.009  0.029  0.006  0.005  0.005        6
 34:     0.014  0.027  0.008  0.872  0.020  0.047  0.013       40
 35:     0.012  0.019  0.077  0.849  0.021  0.011  0.011       42
--------------------------------------------

Allele-freq. divergence among pops (Net nucleotide distance),
computed using point estimates of P.

      1       2       3       4       5       6       7      
 1      -    0.1425  0.2101  0.0985  0.1163  0.1759  0.1610  
 2   0.1425     -    0.1435  0.0898  0.2100  0.3197  0.2128  
 3   0.2101  0.1435     -    0.1208  0.2719  0.3436  0.2779  
 4   0.0985  0.0898  0.1208     -    0.1059  0.2060  0.1438  
 5   0.1163  0.2100  0.2719  0.1059     -    0.1473  0.0867  
 6   0.1759  0.3197  0.3436  0.2060  0.1473     -    0.0961  
 7   0.1610  0.2128  0.2779  0.1438  0.0867  0.0961     -    

Average distances (expected heterozygosity) between individuals in same cluster:
cluster  1  : 0.4383 
cluster  2  : 0.4822 
cluster  3  : 0.4255 
cluster  4  : 0.5534 
cluster  5  : 0.4252 
cluster  6  : 0.3691 
cluster  7  : 0.4154 

--------------------------------------------
Estimated Ln Prob of Data   = -21827.0
Mean value of ln likelihood = -21369.7
Variance of ln likelihood   = 914.6
Mean value of alpha         = 0.0338

Mean value of Fst_1         = 0.4150
Mean value of Fst_2         = 0.3361
Mean value of Fst_3         = 0.4179
Mean value of Fst_4         = 0.1295
Mean value of Fst_5         = 0.3862
Mean value of Fst_6         = 0.4244
Mean value of Fst_7         = 0.2891


Inferred ancestry of individuals:
        Label (%Miss) Pop:  Inferred clusters
  1 TMA-ZAIN-G-    (9)    1 :  0.021 0.797 0.005 0.074 0.068 0.016 0.020 
  2 TMA-ZAIN-G-    (0)    1 :  0.032 0.703 0.008 0.040 0.014 0.005 0.198 
  3 TMA-ZAIN-G-    (0)    1 :  0.015 0.011 0.004 0.011 0.272 0.219 0.468 
  4 TMA-ZAIN-G-    (0)    1 :  0.745 0.019 0.011 0.014 0.035 0.053 0.122 
  5 TMA-ZAIN-G-    (0)    1 :  0.006 0.977 0.005 0.005 0.002 0.003 0.003 
  6 TMA-ZAIN-G-    (0)    1 :  0.080 0.093 0.038 0.166 0.176 0.236 0.212 
  7 TMA-ZAIN-G-    (0)    1 :  0.032 0.013 0.008 0.016 0.279 0.011 0.641 
  8 TMA-ZAIN-G-    (0)    1 :  0.025 0.010 0.003 0.006 0.693 0.071 0.191 
  9 TMA-ZAIN-G-    (9)    1 :  0.006 0.011 0.005 0.012 0.120 0.067 0.779 
 10 TMA-ZAIN-G-    (0)    1 :  0.015 0.004 0.005 0.010 0.143 0.049 0.774 
 11 TMA-ZAIN-G-    (0)    1 :  0.008 0.006 0.005 0.008 0.163 0.007 0.803 
 12 TMA-ZAIN-G-    (0)    1 :  0.004 0.005 0.003 0.005 0.021 0.005 0.956 
 13 TMA-ZAIN-G-    (9)    1 :  0.024 0.051 0.094 0.029 0.348 0.020 0.434 
 14 TMA-ZAIN-G-    (9)    1 :  0.007 0.004 0.005 0.006 0.964 0.006 0.008 
 15 TMA-ZAIN-G-    (0)    1 :  0.005 0.004 0.002 0.006 0.970 0.007 0.005 
 16 TMA-ZAIN-G-    (0)    1 :  0.004 0.004 0.004 0.005 0.014 0.005 0.965 
 17 TMA-ZAIN-G-    (9)    1 :  0.040 0.015 0.021 0.055 0.844 0.006 0.019 
 18 TMA-ZAIN-G-    (0)    1 :  0.055 0.757 0.006 0.145 0.017 0.009 0.010 
 19 TMA-ZAIN-G-    (0)    1 :  0.007 0.012 0.012 0.920 0.027 0.005 0.017 
 20 TMA-ZAIN-G-    (0)    1 :  0.021 0.038 0.089 0.842 0.003 0.004 0.003 
 21 TMA-ZAIN-G-    (0)    1 :  0.006 0.003 0.975 0.004 0.003 0.005 0.004 
 22 TMA-ZAIN-G-    (0)    1 :  0.007 0.046 0.927 0.011 0.003 0.002 0.003 
 23 TMA-ZAIN-G-    (0)    1 :  0.005 0.020 0.927 0.031 0.008 0.003 0.007 
 24 TMA-ZAIN-G-    (9)    1 :  0.006 0.008 0.707 0.004 0.026 0.206 0.043 
 25 TMA-ZAIN-G-    (9)    1 :  0.004 0.107 0.010 0.819 0.007 0.005 0.048 
 26 TMA-ZAIN-G-    (9)    1 :  0.538 0.009 0.026 0.012 0.054 0.008 0.354 
 27 TMA-ZAIN-G-    (0)    1 :  0.022 0.067 0.011 0.842 0.041 0.010 0.006 
 28 TMA-ZAIN-G-    (0)    1 :  0.007 0.011 0.004 0.951 0.012 0.008 0.007 
 29 TMA-ZAIN-G-    (0)    1 :  0.012 0.003 0.004 0.242 0.005 0.728 0.005 
 30 TMA-ZAIN-G-    (0)    1 :  0.008 0.004 0.005 0.395 0.339 0.079 0.170 
 31 TMA-ZAIN-G-    (0)    1 :  0.043 0.913 0.012 0.014 0.005 0.006 0.006 
 32 TMA-ZAIN-G-    (9)    1 :  0.005 0.869 0.013 0.020 0.029 0.004 0.060 
 33 TMA-ZAIN-G-   (18)    1 :  0.004 0.005 0.003 0.005 0.129 0.016 0.837 
 34 TMA-ZAIN-G-    (0)    1 :  0.009 0.203 0.023 0.012 0.009 0.009 0.736 
 35 TMA-ZAIN-G-    (9)    1 :  0.012 0.026 0.004 0.018 0.123 0.074 0.744 
 36 TMA-ZAIN-G-    (0)    1 :  0.015 0.005 0.003 0.008 0.331 0.011 0.628 
 37 TMA-ZAIN-G-    (9)    1 :  0.013 0.008 0.006 0.011 0.026 0.013 0.922 
 38 TMA-ZAIN-G-   (18)    1 :  0.006 0.871 0.009 0.026 0.042 0.008 0.038 
 39 TMA-ZAIN-G-    (0)    1 :  0.008 0.003 0.005 0.005 0.008 0.011 0.960 
 40 TMA-ZAIN-G-    (0)    1 :  0.005 0.003 0.003 0.004 0.019 0.006 0.960 
 41 TMA-ZAIN-G-    (0)    1 :  0.005 0.003 0.003 0.006 0.603 0.009 0.372 
 42 TMA-ZAIN-G-    (9)    1 :  0.006 0.003 0.002 0.003 0.972 0.006 0.008 
 43 TMA-ZAIN-G-    (0)    1 :  0.009 0.004 0.003 0.004 0.964 0.011 0.005 
 44 TMA-ZAIN-G-    (0)    1 :  0.005 0.005 0.838 0.013 0.011 0.020 0.108 
 45 TMA-ZAIN-G-    (0)    1 :  0.008 0.005 0.007 0.008 0.068 0.006 0.899 
 46 TMA-ZAIN-G-    (0)    1 :  0.006 0.004 0.977 0.004 0.003 0.002 0.004 
 47 TMA-ZAIN-G-    (0)    1 :  0.976 0.004 0.003 0.004 0.004 0.004 0.004 
 48 TMA-ZAIN-G-    (0)    1 :  0.653 0.007 0.026 0.022 0.214 0.017 0.061 
 49 TMA-ZAIN-G-    (9)    1 :  0.012 0.021 0.006 0.894 0.006 0.045 0.017 
 50 TMA-ZAIN-G-    (0)    1 :  0.003 0.006 0.007 0.941 0.028 0.003 0.012 
 51 TMA-ZAIN-G-    (0)    1 :  0.021 0.006 0.008 0.902 0.048 0.006 0.008 
 52 TMA-ZAIN-G-    (0)    1 :  0.107 0.007 0.013 0.843 0.014 0.003 0.014 
 53 TMA-ZAIN-G-    (0)    1 :  0.165 0.130 0.009 0.649 0.031 0.005 0.011 
 54 TMA-ZAIN-G-    (0)    1 :  0.956 0.005 0.005 0.009 0.014 0.004 0.007 
 55 TMA-ZAIN-G-    (0)    1 :  0.904 0.005 0.008 0.029 0.042 0.003 0.008 
 56 TMA-ZAIN-G-    (0)    1 :  0.667 0.009 0.009 0.111 0.105 0.044 0.054 
 57 TMA-ZAIN-G-    (0)    1 :  0.953 0.007 0.003 0.013 0.005 0.009 0.009 
 58 TMA-ZAIN-G-    (0)    1 :  0.027 0.032 0.062 0.854 0.012 0.006 0.007 
 59 TMA-ZAIN-G-    (0)    1 :  0.064 0.666 0.032 0.045 0.044 0.042 0.107 
 60 TMA-ZAIN-G-    (0)    1 :  0.039 0.381 0.010 0.471 0.074 0.010 0.015 
 61 TMA-ZAIN-G-    (0)    1 :  0.016 0.945 0.021 0.008 0.003 0.003 0.004 
 62 TMA-ZAIN-G-    (9)    1 :  0.012 0.850 0.025 0.038 0.021 0.012 0.043 
 63 TMA-ZAIN-G-    (0)    1 :  0.013 0.953 0.008 0.013 0.006 0.003 0.005 
 64 TMA-ZAIN-G-    (0)    1 :  0.004 0.002 0.002 0.003 0.006 0.978 0.006 
 65 TMA-ZAIN-G-    (9)    1 :  0.007 0.003 0.002 0.004 0.007 0.966 0.011 
 66 TMA-ZAIN-G-    (0)    1 :  0.005 0.003 0.003 0.003 0.007 0.966 0.013 
 67 TMA-ZAIN-G-    (0)    1 :  0.005 0.004 0.012 0.011 0.006 0.915 0.045 
 68 TMA-ZAIN-G-    (0)    1 :  0.006 0.002 0.002 0.003 0.007 0.974 0.005 
 69 TMA-ZAIN-G-    (0)    1 :  0.013 0.024 0.030 0.020 0.012 0.847 0.055 
 70 TMA-ZAIN-G-    (0)    1 :  0.004 0.004 0.006 0.007 0.011 0.113 0.856 
 71 TMA-ZAIN-G-    (0)    1 :  0.003 0.003 0.003 0.004 0.004 0.005 0.977 
 72 TMA-ZAIN-G-    (0)    1 :  0.012 0.004 0.005 0.010 0.038 0.064 0.867 
 73 TMA-ZAIN-G-    (0)    1 :  0.016 0.026 0.037 0.035 0.006 0.008 0.872 
 74 TMA-ZAIN-G-    (0)    1 :  0.006 0.010 0.014 0.018 0.007 0.012 0.934 
 75 TMA-ZAIN-G-    (0)    1 :  0.009 0.005 0.004 0.008 0.009 0.007 0.959 
 76 TMA-ZAIN-G-    (0)    1 :  0.004 0.008 0.055 0.021 0.004 0.010 0.898 
 77 TMA-ZAIN-G-    (0)    1 :  0.008 0.004 0.009 0.008 0.018 0.009 0.944 
 78 TMA-ZAIN-G-    (0)    1 :  0.012 0.010 0.045 0.039 0.011 0.009 0.873 
 79 TMA-ZAIN-G-    (0)    1 :  0.018 0.005 0.032 0.015 0.017 0.006 0.907 
 80 TMA-ZAIN-G-    (0)    1 :  0.011 0.003 0.005 0.005 0.009 0.028 0.941 
 81 TMA-ZAIN-G-    (0)    1 :  0.012 0.004 0.010 0.011 0.012 0.005 0.945 
 82 TMA-ZAIN-G-    (0)    1 :  0.017 0.007 0.003 0.007 0.010 0.214 0.741 
 83 TMA-ZAIN-G-    (9)    1 :  0.027 0.077 0.032 0.024 0.014 0.156 0.669 
 84 TMA-ZAIN-G-    (0)    1 :  0.005 0.004 0.035 0.014 0.007 0.006 0.929 
 85 TMA-ZAIN-G-    (0)    1 :  0.769 0.028 0.025 0.153 0.009 0.006 0.011 
 86 TMA-ZAIN-G-    (0)    1 :  0.886 0.008 0.039 0.027 0.012 0.010 0.019 
 87 TMA-ZAIN-G-    (0)    1 :  0.690 0.032 0.190 0.062 0.007 0.005 0.013 
 88 TMA-ZAIN-G-    (0)    1 :  0.631 0.160 0.012 0.012 0.035 0.039 0.112 
 89 TMA-ZAIN-G-    (0)    1 :  0.879 0.017 0.023 0.007 0.018 0.019 0.038 
 90 TMA-ZAIN-G-    (0)    1 :  0.950 0.008 0.009 0.012 0.006 0.006 0.009 
 91 TMA-ZAIN-G-    (0)    1 :  0.935 0.022 0.007 0.011 0.010 0.007 0.009 
 92 TMA-ZAIN-G-    (0)    1 :  0.929 0.006 0.017 0.028 0.008 0.005 0.007 
 93 TMA-ZAIN-G-    (0)    1 :  0.938 0.016 0.009 0.018 0.008 0.006 0.005 
 94 TMA-ZAIN-G-    (0)    1 :  0.913 0.043 0.012 0.019 0.005 0.003 0.004 
 95 TMA-ZAIN-G-    (0)    1 :  0.005 0.010 0.008 0.912 0.028 0.021 0.017 
 96 TMA-ZAIN-G-    (0)    1 :  0.007 0.005 0.005 0.915 0.054 0.005 0.010 
 97 TMA-ZAIN-G-    (0)    1 :  0.011 0.953 0.006 0.012 0.006 0.006 0.007 
 98 TMA-ZAIN-G-    (0)    1 :  0.009 0.968 0.004 0.004 0.005 0.004 0.006 
 99 TMA-ZAIN-G-    (0)    1 :  0.004 0.844 0.017 0.007 0.022 0.028 0.077 
100 TMA-ZAIN-G-    (0)    1 :  0.027 0.926 0.016 0.017 0.005 0.004 0.005 
101 TMA-ZAIN-G-    (0)    1 :  0.008 0.956 0.006 0.008 0.005 0.006 0.011 
102 TMA-ZAIN-G-    (0)    1 :  0.013 0.645 0.169 0.070 0.041 0.013 0.049 
103 TMA-ZAIN-G-    (0)    1 :  0.009 0.924 0.014 0.027 0.010 0.005 0.013 
104 TMA-ZAIN-G-    (0)    1 :  0.004 0.973 0.006 0.007 0.004 0.003 0.004 
105 TMA-ZAIN-G-    (0)    1 :  0.011 0.925 0.007 0.021 0.012 0.006 0.018 
106 TMA-ZAIN-G-    (0)    1 :  0.006 0.003 0.003 0.005 0.666 0.044 0.273 
107 TMA-ZAIN-G-    (0)    1 :  0.005 0.004 0.003 0.004 0.011 0.010 0.963 
108 TMA-ZAIN-G-    (9)    1 :  0.027 0.414 0.051 0.046 0.171 0.014 0.277 
109 TMA-ZAIN-G-    (0)    1 :  0.048 0.383 0.005 0.036 0.159 0.297 0.072 
110 TMA-ZAIN-G-    (0)    1 :  0.030 0.087 0.143 0.121 0.180 0.012 0.426 
111 TMA-ZAIN-G-    (9)    1 :  0.038 0.650 0.090 0.067 0.012 0.026 0.118 
112 TMA-ZAIN-G-    (0)    1 :  0.030 0.308 0.050 0.136 0.280 0.024 0.172 
113 TMA-ZAIN-G-    (0)    1 :  0.016 0.939 0.008 0.005 0.005 0.009 0.018 
114 TMA-ZAIN-G-    (0)    1 :  0.005 0.973 0.009 0.005 0.002 0.003 0.003 
115 TMA-ZAIN-G-    (0)    1 :  0.004 0.976 0.005 0.005 0.003 0.003 0.004 
116 TMA-ZAIN-G-    (0)    1 :  0.014 0.009 0.003 0.004 0.007 0.023 0.939 
117 TMA-ZAIN-G-    (0)    1 :  0.079 0.011 0.004 0.022 0.321 0.282 0.281 
118 TMA-ZAIN-G-    (0)    1 :  0.010 0.007 0.003 0.007 0.017 0.049 0.907 
119 TMA-ZAIN-G-    (0)    1 :  0.013 0.022 0.007 0.009 0.008 0.051 0.890 
120 TMA-ZAIN-G-    (0)    1 :  0.017 0.009 0.004 0.012 0.044 0.040 0.874 
121 TMA-ZAIN-G-    (0)    1 :  0.037 0.025 0.003 0.012 0.069 0.294 0.560 
122 TMA-ZAIN-G-    (0)    1 :  0.030 0.005 0.007 0.015 0.036 0.046 0.860 
123 TMA-ZAIN-G-    (0)    1 :  0.005 0.957 0.009 0.014 0.007 0.003 0.005 
124 TMA-ZAIN-G-    (0)    1 :  0.005 0.005 0.003 0.006 0.964 0.005 0.013 
125 TMA-ZAIN-G-    (0)    1 :  0.046 0.003 0.002 0.005 0.895 0.039 0.011 
126 TMA-ZAIN-G-    (0)    1 :  0.007 0.004 0.002 0.004 0.965 0.005 0.012 
127 TMA-ZAIN-G-    (0)    1 :  0.004 0.003 0.003 0.003 0.968 0.007 0.013 
128 TMA-ZAIN-G-    (0)    1 :  0.007 0.004 0.003 0.006 0.911 0.047 0.021 
129 TMA-ZAIN-G-    (0)    1 :  0.005 0.006 0.003 0.005 0.961 0.006 0.014 
130 TMA-ZAIN-G-    (0)    1 :  0.026 0.007 0.002 0.006 0.936 0.009 0.013 
131 TMA-ZAIN-G-    (0)    1 :  0.005 0.004 0.003 0.005 0.968 0.006 0.009 
132 TMA-ZAIN-G-    (0)    1 :  0.039 0.004 0.003 0.006 0.784 0.097 0.068 
133 TMA-ZAIN-G-    (0)    1 :  0.051 0.003 0.015 0.016 0.711 0.106 0.097 
134 TMA-ZAIN-G-    (0)    1 :  0.023 0.003 0.010 0.007 0.833 0.060 0.063 
135 TMA-ZAIN-G-    (0)    1 :  0.012 0.004 0.005 0.003 0.046 0.024 0.906 
136 TMA-ZAIN-G-    (0)    1 :  0.015 0.009 0.005 0.005 0.034 0.741 0.189 
137 TMA-ZAIN-G-    (0)    1 :  0.006 0.006 0.004 0.004 0.012 0.006 0.961 
138 TMA-ZAIN-G-    (0)    1 :  0.018 0.005 0.003 0.003 0.319 0.018 0.634 
139 TMA-ZAIN-G-    (0)    1 :  0.058 0.005 0.003 0.003 0.081 0.016 0.833 
140 TMA-ZAIN-G-    (0)    1 :  0.004 0.003 0.004 0.006 0.029 0.010 0.943 
141 TMA-ZAIN-G-    (0)    1 :  0.007 0.006 0.004 0.005 0.049 0.008 0.921 
142 TMA-ZAIN-G-    (9)    1 :  0.005 0.004 0.003 0.005 0.018 0.014 0.951 
143 TMA-ZAIN-G-    (0)    1 :  0.006 0.005 0.003 0.005 0.062 0.019 0.900 
144 TMA-ZAIN-G-    (0)    1 :  0.023 0.004 0.005 0.011 0.036 0.006 0.915 
145 TMA-ZAIN-G-    (0)    1 :  0.011 0.003 0.002 0.005 0.017 0.246 0.716 
146 TMA-ZAIN-G-    (0)    1 :  0.004 0.003 0.003 0.003 0.006 0.007 0.973 
147 TMA-ZAIN-G-    (9)    1 :  0.004 0.003 0.003 0.004 0.007 0.010 0.968 
148 TMA-ZAIN-G-    (0)    1 :  0.028 0.003 0.003 0.004 0.075 0.005 0.883 
149 TMA-ZAIN-G-    (0)    1 :  0.082 0.030 0.019 0.016 0.047 0.007 0.800 
150 TMA-ZAIN-G-    (0)    1 :  0.079 0.027 0.016 0.014 0.014 0.030 0.820 
151 TMA-ZAIN-G-    (0)    1 :  0.005 0.004 0.002 0.004 0.029 0.014 0.942 
152 TMA-ZAIN-G-    (0)    1 :  0.006 0.005 0.002 0.004 0.011 0.009 0.963 
153 TMA-ZAIN-G-    (0)    1 :  0.009 0.004 0.002 0.003 0.052 0.017 0.913 
154 TMA-ZAIN-G-    (0)    1 :  0.007 0.004 0.002 0.004 0.009 0.007 0.968 
155 TMA-ZAIN-G-    (0)    1 :  0.004 0.005 0.003 0.004 0.012 0.011 0.961 
156 TMA-ZAIN-G-    (9)    1 :  0.012 0.009 0.003 0.004 0.103 0.004 0.865 
157 TMA-ZAIN-G-    (0)    1 :  0.008 0.005 0.003 0.005 0.149 0.009 0.821 
158 TMA-ZAIN-G-    (0)    1 :  0.005 0.004 0.003 0.005 0.007 0.005 0.971 
159 TMA-ZAIN-G-    (0)    1 :  0.004 0.004 0.002 0.003 0.005 0.011 0.970 
160 TMA-ZAIN-G-    (0)    1 :  0.006 0.005 0.003 0.003 0.004 0.017 0.962 
161 TMA-ZAIN-G-    (0)    1 :  0.014 0.003 0.002 0.005 0.038 0.007 0.931 
162 TMA-ZAIN-G-    (0)    1 :  0.019 0.035 0.016 0.010 0.007 0.006 0.907 
163 TMA-ZAIN-G-    (0)    1 :  0.004 0.004 0.002 0.003 0.006 0.005 0.976 
164 TMA-ZAIN-G-    (0)    1 :  0.008 0.005 0.003 0.004 0.008 0.008 0.963 
165 TMA-ZAIN-G-    (0)    1 :  0.004 0.005 0.002 0.003 0.007 0.009 0.969 
166 TMA-ZAIN-G-    (0)    1 :  0.007 0.003 0.002 0.003 0.010 0.007 0.967 
167 TMA-ZAIN-G-    (0)    1 :  0.006 0.005 0.005 0.007 0.020 0.005 0.951 
168 TMA-ZAIN-G-    (0)    1 :  0.006 0.007 0.003 0.005 0.027 0.034 0.918 
169 TMA-ZAIN-G-    (0)    1 :  0.007 0.005 0.003 0.004 0.009 0.303 0.668 
170 TMA-ZAIN-G-    (0)    1 :  0.004 0.016 0.011 0.023 0.176 0.029 0.741 
171 TMA-ZAIN-G-    (0)    1 :  0.005 0.004 0.003 0.003 0.006 0.058 0.922 
172 TMA-ZAIN-G-    (0)    1 :  0.004 0.004 0.004 0.007 0.673 0.006 0.301 
173 TMA-ZAIN-G-    (0)    1 :  0.005 0.003 0.004 0.008 0.830 0.010 0.139 
174 TMA-ZAIN-G-    (0)    1 :  0.008 0.003 0.003 0.005 0.130 0.085 0.767 
175 TMA-ZAIN-G-    (0)    1 :  0.005 0.004 0.003 0.004 0.007 0.011 0.966 
176 TMA-ZAIN-G-    (0)    1 :  0.004 0.003 0.003 0.004 0.007 0.007 0.972 
177 TMA-ZAIN-G-    (0)    1 :  0.004 0.004 0.003 0.004 0.023 0.004 0.957 
178 TMA-ZAIN-G-    (0)    1 :  0.005 0.006 0.004 0.008 0.482 0.006 0.489 
179 TMA-ZAIN-G-    (0)    1 :  0.005 0.003 0.003 0.005 0.077 0.008 0.898 
180 TMA-ZAIN-G-    (0)    1 :  0.020 0.005 0.009 0.009 0.797 0.106 0.055 
181 TMA-ZAIN-G-    (0)    1 :  0.004 0.004 0.002 0.004 0.965 0.006 0.015 
182 TMA-ZAIN-G-    (0)    1 :  0.004 0.006 0.003 0.004 0.967 0.003 0.013 
183 TMA-ZAIN-G-    (0)    1 :  0.004 0.004 0.003 0.004 0.968 0.005 0.012 
184 TMA-ZAIN-G-    (0)    1 :  0.028 0.049 0.020 0.017 0.822 0.010 0.055 
185 TMA-ZAIN-G-    (0)    1 :  0.047 0.019 0.038 0.043 0.761 0.011 0.080 
186 TMA-ZAIN-G-    (9)    1 :  0.007 0.004 0.007 0.015 0.909 0.011 0.048 
187 TMA-ZAIN-G-    (0)    1 :  0.004 0.004 0.003 0.006 0.860 0.020 0.103 
188 TMA-ZAIN-G-    (0)    1 :  0.003 0.003 0.003 0.005 0.862 0.024 0.100 
189 TMA-ZAIN-G-    (0)    1 :  0.003 0.003 0.003 0.003 0.965 0.014 0.010 
190 TMA-ZAIN-G-    (0)    1 :  0.005 0.003 0.003 0.007 0.888 0.030 0.064 
191 TMA-ZAIN-G-    (0)    1 :  0.019 0.020 0.034 0.016 0.865 0.008 0.039 
192 TMA-ZAIN-G-    (0)    1 :  0.008 0.004 0.014 0.006 0.947 0.005 0.017 
193 TMA-ZAIN-G-    (0)    1 :  0.008 0.003 0.003 0.004 0.973 0.005 0.004 
194 TMA-ZAIN-G-    (0)    1 :  0.010 0.003 0.003 0.006 0.969 0.005 0.004 
195 TMA-ZAIN-G-    (0)    1 :  0.006 0.003 0.003 0.006 0.959 0.010 0.012 
196 TMA-ZAIN-G-    (0)    1 :  0.005 0.003 0.003 0.004 0.972 0.008 0.005 
197 TMA-ZAIN-G-    (0)    1 :  0.009 0.003 0.003 0.004 0.966 0.008 0.006 
198 TMA-ZAIN-G-    (0)    1 :  0.006 0.003 0.003 0.003 0.971 0.006 0.007 
199 TMA-ZAIN-G-    (0)    1 :  0.008 0.004 0.005 0.010 0.923 0.008 0.043 
200 TMA-ZAIN-G-    (0)    1 :  0.004 0.016 0.922 0.040 0.012 0.003 0.003 
201 TMA-ZAIN-G-    (0)    1 :  0.004 0.006 0.965 0.013 0.003 0.005 0.004 
202 TMA-ZAIN-G-    (0)    1 :  0.003 0.015 0.942 0.014 0.018 0.003 0.005 
203 TMA-ZAIN-G-    (0)    1 :  0.005 0.007 0.003 0.004 0.969 0.004 0.008 
204 TMA-ZAIN-G-    (9)    1 :  0.045 0.005 0.909 0.013 0.008 0.010 0.009 
205 TMA-ZAIN-G-    (0)    1 :  0.013 0.007 0.808 0.033 0.009 0.008 0.122 
206 TMA-ZAIN-G-    (9)    1 :  0.026 0.014 0.853 0.035 0.043 0.013 0.016 
207 TMA-ZAIN-G-    (9)    1 :  0.119 0.011 0.011 0.069 0.019 0.104 0.667 
208 TMA-ZAIN-G-    (0)    1 :  0.004 0.003 0.003 0.005 0.009 0.047 0.929 
209 TMA-ZAIN-G-    (0)    1 :  0.031 0.003 0.003 0.003 0.848 0.015 0.096 
210 TMA-ZAIN-G-    (0)    1 :  0.015 0.004 0.003 0.005 0.752 0.078 0.143 
211 TMA-ZAIN-G-    (0)    1 :  0.014 0.012 0.023 0.029 0.669 0.033 0.219 
212 TMA-ZAIN-G-    (0)    1 :  0.012 0.004 0.005 0.007 0.355 0.027 0.590 
213 TMA-ZAIN-G-    (0)    1 :  0.012 0.004 0.004 0.005 0.260 0.008 0.707 
214 TMA-ZAIN-G-    (0)    1 :  0.010 0.003 0.003 0.005 0.445 0.064 0.471 
215 TMA-ZAIN-G-    (0)    1 :  0.003 0.004 0.011 0.264 0.055 0.007 0.657 
216 TMA-ZAIN-G-    (0)    1 :  0.009 0.003 0.005 0.007 0.866 0.008 0.102 
217 TMA-ZAIN-G-    (0)    1 :  0.008 0.004 0.003 0.004 0.458 0.168 0.357 
218 TMA-ZAIN-G-    (0)    1 :  0.005 0.005 0.004 0.966 0.006 0.010 0.005 
219 TMA-ZAIN-G-    (0)    1 :  0.010 0.005 0.012 0.961 0.005 0.003 0.004 
220 TMA-ZAIN-G-    (0)    1 :  0.008 0.069 0.004 0.875 0.006 0.013 0.023 
221 TMA-ZAIN-G-    (0)    1 :  0.008 0.005 0.022 0.930 0.018 0.007 0.011 
222 TMA-ZAIN-G-    (0)    1 :  0.017 0.034 0.009 0.906 0.008 0.013 0.014 
223 TMA-ZAIN-G-    (0)    1 :  0.006 0.008 0.009 0.967 0.003 0.003 0.003 
224 TMA-ZAIN-G-    (0)    1 :  0.017 0.013 0.016 0.929 0.015 0.004 0.005 
225 TMA-ZAIN-G-    (0)    1 :  0.004 0.010 0.010 0.963 0.007 0.002 0.004 
226 TMA-ZAIN-G-    (0)    1 :  0.006 0.017 0.009 0.948 0.010 0.004 0.006 
227 TMA-ZAIN-G-    (0)    1 :  0.005 0.012 0.024 0.934 0.013 0.004 0.008 
228 TMA-ZAIN-G-    (0)    1 :  0.007 0.015 0.010 0.938 0.007 0.007 0.015 
229 TMA-ZAIN-G-    (0)    1 :  0.007 0.028 0.064 0.886 0.003 0.010 0.003 
230 TMA-ZAIN-G-    (0)    1 :  0.053 0.038 0.008 0.780 0.070 0.019 0.032 
231 TMA-ZAIN-G-    (0)    1 :  0.033 0.153 0.539 0.170 0.013 0.014 0.077 
232 TMA-ZAIN-G-    (9)    1 :  0.013 0.274 0.521 0.073 0.039 0.058 0.022 
233 TMA-ZAIN-G-    (0)    1 :  0.015 0.006 0.022 0.897 0.011 0.036 0.014 
234 TMA-ZAIN-G-    (0)    1 :  0.019 0.277 0.050 0.632 0.006 0.007 0.008 
235 TMA-ZAIN-G-    (0)    1 :  0.013 0.132 0.020 0.755 0.050 0.005 0.026 
236 TMA-ZAIN-G-    (0)    1 :  0.008 0.062 0.060 0.831 0.020 0.007 0.013 
237 TMA-ZAIN-G-    (0)    1 :  0.027 0.230 0.014 0.479 0.046 0.030 0.173 
238 TMA-ZAIN-G-    (0)    1 :  0.005 0.060 0.037 0.846 0.017 0.005 0.030 
239 TMA-ZAIN-G-    (0)    1 :  0.058 0.007 0.765 0.005 0.132 0.027 0.006 
240 TMA-ZAIN-G-    (0)    1 :  0.006 0.004 0.977 0.004 0.003 0.003 0.003 
241 TMA-ZAIN-G-    (0)    1 :  0.005 0.004 0.971 0.004 0.005 0.005 0.008 
242 TMA-ZAIN-G-    (0)    1 :  0.004 0.003 0.974 0.004 0.004 0.006 0.006 
243 TMA-ZAIN-G-    (0)    1 :  0.006 0.003 0.962 0.004 0.005 0.009 0.011 
244 TMA-ZAIN-G-    (0)    1 :  0.004 0.004 0.957 0.004 0.005 0.010 0.016 
245 TMA-ZAIN-G-    (9)    1 :  0.003 0.003 0.981 0.004 0.003 0.002 0.003 
246 TMA-ZAIN-G-    (0)    1 :  0.004 0.002 0.981 0.004 0.003 0.003 0.003 
247 TMA-ZAIN-G-    (0)    1 :  0.004 0.002 0.977 0.004 0.003 0.005 0.004 
248 TMA-ZAIN-G-    (0)    1 :  0.004 0.004 0.967 0.006 0.008 0.005 0.006 
249 TMA-ZAIN-G-    (0)    1 :  0.004 0.003 0.976 0.005 0.005 0.003 0.003 
250 TMA-ZAIN-G-    (0)    1 :  0.003 0.002 0.976 0.005 0.005 0.006 0.003 
251 TMA-ZAIN-G-    (0)    1 :  0.974 0.005 0.003 0.004 0.005 0.005 0.004 
252 TMA-ZAIN-G-    (0)    1 :  0.877 0.004 0.003 0.008 0.009 0.056 0.044 
253 TMA-ZAIN-G-    (0)    1 :  0.972 0.005 0.003 0.003 0.004 0.006 0.006 
254 TMA-ZAIN-G-    (9)    1 :  0.944 0.009 0.003 0.005 0.008 0.015 0.016 
255 TMA-ZAIN-G-    (0)    1 :  0.953 0.010 0.016 0.003 0.005 0.008 0.006 
256 TMA-ZAIN-G-    (0)    1 :  0.963 0.006 0.007 0.004 0.009 0.004 0.006 
257 TMA-ZAIN-G-    (0)    1 :  0.977 0.004 0.004 0.004 0.005 0.003 0.003 
258 TMA-ZAIN-G-    (0)    1 :  0.979 0.004 0.003 0.003 0.004 0.004 0.003 
259 TMA-ZAIN-G-    (0)    1 :  0.975 0.004 0.004 0.004 0.004 0.005 0.003 
260 TMA-ZAIN-G-    (0)    1 :  0.971 0.003 0.004 0.004 0.004 0.009 0.004 
261 TMA-ZAIN-G-   (18)    1 :  0.963 0.004 0.004 0.005 0.008 0.011 0.005 
262 TMA-ZAIN-G-    (0)    1 :  0.979 0.004 0.003 0.004 0.005 0.003 0.003 
263 TMA-ZAIN-G-    (0)    1 :  0.975 0.006 0.003 0.004 0.004 0.004 0.004 
264 TMA-ZAIN-G-    (0)    1 :  0.971 0.008 0.004 0.004 0.004 0.004 0.005 
265 TMA-ZAIN-G-    (0)    1 :  0.692 0.017 0.018 0.184 0.024 0.040 0.024 
266 TMA-ZAIN-G-    (0)    1 :  0.720 0.018 0.010 0.029 0.161 0.026 0.036 
267 TMA-ZAIN-G-    (0)    1 :  0.597 0.020 0.281 0.060 0.011 0.016 0.014 
268 TMA-ZAIN-G-    (0)    1 :  0.005 0.065 0.912 0.006 0.003 0.004 0.004 
269 TMA-ZAIN-G-    (0)    1 :  0.010 0.266 0.675 0.033 0.005 0.004 0.007 
270 TMA-ZAIN-G-    (0)    1 :  0.012 0.073 0.881 0.020 0.004 0.005 0.006 
271 TMA-ZAIN-G-    (0)    1 :  0.008 0.034 0.939 0.008 0.003 0.003 0.005 
272 TMA-ZAIN-G-    (0)    1 :  0.005 0.025 0.916 0.041 0.004 0.003 0.005 
273 TMA-ZAIN-G-    (0)    1 :  0.004 0.017 0.954 0.017 0.003 0.002 0.003 
274 TMA-ZAIN-G-    (0)    1 :  0.010 0.027 0.881 0.023 0.037 0.010 0.013 
275 TMA-ZAIN-G-    (0)    1 :  0.003 0.007 0.974 0.008 0.004 0.002 0.003 
276 TMA-ZAIN-G-    (0)    1 :  0.003 0.007 0.976 0.004 0.003 0.003 0.004 
277 TMA-ZAIN-G-    (0)    1 :  0.006 0.009 0.966 0.006 0.004 0.005 0.004 
278 TMA-ZAIN-G-    (0)    1 :  0.005 0.005 0.975 0.006 0.003 0.003 0.003 
279 TMA-ZAIN-G-    (0)    1 :  0.004 0.011 0.958 0.015 0.005 0.003 0.004 
280 TMA-ZAIN-G-    (0)    1 :  0.004 0.102 0.832 0.045 0.009 0.002 0.006 
281 TMA-ZAIN-G-    (0)    1 :  0.005 0.040 0.927 0.014 0.005 0.003 0.004 
282 TMA-ZAIN-G-    (9)    1 :  0.005 0.012 0.967 0.007 0.003 0.003 0.003 
283 TMA-ZAIN-G-    (0)    1 :  0.135 0.085 0.610 0.142 0.008 0.007 0.014 
284 TMA-ZAIN-G-    (0)    1 :  0.174 0.173 0.440 0.186 0.011 0.004 0.014 
285 TMA-ZAIN-G-    (0)    1 :  0.034 0.040 0.821 0.030 0.023 0.029 0.021 
286 TMA-ZAIN-G-    (0)    1 :  0.008 0.030 0.941 0.011 0.003 0.003 0.004 
287 TMA-ZAIN-G-    (0)    1 :  0.006 0.027 0.933 0.008 0.010 0.009 0.007 
288 TMA-ZAIN-G-    (0)    1 :  0.014 0.111 0.584 0.191 0.064 0.012 0.024 
289 TMA-ZAIN-G-    (0)    1 :  0.010 0.024 0.899 0.017 0.021 0.018 0.012 
290 TMA-ZAIN-G-    (0)    1 :  0.009 0.443 0.436 0.088 0.012 0.003 0.008 
291 TMA-ZAIN-G-    (0)    1 :  0.007 0.009 0.015 0.956 0.006 0.003 0.004 
292 TMA-ZAIN-G-    (0)    1 :  0.005 0.008 0.011 0.017 0.044 0.006 0.908 
293 TMA-ZAIN-G-    (0)    1 :  0.018 0.004 0.008 0.012 0.042 0.028 0.888 
294 TMA-ZAIN-G-    (0)    1 :  0.007 0.003 0.004 0.005 0.007 0.013 0.961 
295 TMA-ZAIN-G-    (9)    1 :  0.007 0.003 0.008 0.009 0.008 0.018 0.946 
296 TMA-ZAIN-G-    (0)    1 :  0.012 0.013 0.006 0.012 0.048 0.006 0.902 
297 TMA-ZAIN-G-    (0)    1 :  0.024 0.005 0.005 0.008 0.116 0.027 0.815 
298 TMA-ZAIN-G-    (0)    1 :  0.056 0.012 0.021 0.015 0.008 0.013 0.874 
299 TMA-ZAIN-G-    (0)    1 :  0.003 0.005 0.007 0.006 0.006 0.011 0.962 
300 TMA-ZAIN-G-    (0)    1 :  0.007 0.003 0.007 0.009 0.026 0.076 0.873 
301 TMA-ZAIN-G-    (0)    1 :  0.008 0.006 0.008 0.006 0.067 0.027 0.879 
302 TMA-ZAIN-G-    (9)    1 :  0.006 0.004 0.003 0.006 0.036 0.009 0.936 
303 TMA-ZAIN-G-    (0)    1 :  0.038 0.014 0.007 0.864 0.070 0.002 0.005 
304 TMA-ZAIN-G-    (0)    2 :  0.573 0.021 0.009 0.011 0.125 0.208 0.053 
305 TMA-ZAIN-G-    (0)    2 :  0.009 0.003 0.004 0.005 0.021 0.021 0.936 
306 TMA-ZAIN-G-    (0)    2 :  0.378 0.140 0.030 0.013 0.053 0.018 0.368 
307 TMA-ZAIN-G-    (0)    2 :  0.397 0.012 0.013 0.007 0.078 0.446 0.049 
308 TMA-ZAIN-G-    (0)    2 :  0.817 0.030 0.018 0.105 0.009 0.016 0.004 
309 TMA-ZAIN-G-    (0)    2 :  0.003 0.003 0.003 0.004 0.949 0.010 0.028 
310 TMA-ZAIN-G-    (0)    2 :  0.017 0.006 0.028 0.014 0.007 0.012 0.915 
311 TMA-ZAIN-G-    (0)    2 :  0.059 0.045 0.008 0.029 0.050 0.009 0.799 
312 TMA-ZAIN-G-    (0)    2 :  0.011 0.005 0.005 0.031 0.761 0.017 0.170 
313 TMA-ZAIN-G-    (0)    2 :  0.761 0.014 0.005 0.005 0.080 0.036 0.099 
314 TMA-ZAIN-G-    (0)    2 :  0.018 0.262 0.174 0.505 0.022 0.011 0.009 
315 TMA-ZAIN-G-    (0)    2 :  0.020 0.007 0.401 0.056 0.031 0.100 0.385 
316 TMA-ZAIN-G-    (0)    2 :  0.017 0.009 0.379 0.142 0.027 0.094 0.333 
317 TMA-ZAIN-G-    (0)    2 :  0.012 0.034 0.019 0.919 0.006 0.004 0.007 
318 TMA-ZAIN-G-    (9)    2 :  0.049 0.335 0.439 0.151 0.008 0.010 0.008 
319 TMA-ZAIN-G-    (0)    3 :  0.012 0.018 0.068 0.685 0.207 0.004 0.006 
320 TMA-ZAIN-G-    (0)    3 :  0.007 0.006 0.009 0.458 0.032 0.025 0.464 
321 TMA-ZAIN-G-    (0)    4 :  0.013 0.076 0.106 0.136 0.193 0.038 0.438 
322 TMA-ZAIN-G-    (0)    4 :  0.079 0.061 0.007 0.482 0.059 0.059 0.252 
323 TMA-ZAIN-G-    (0)    5 :  0.012 0.007 0.013 0.898 0.044 0.017 0.008 
324 TMA-ZAIN-G-    (0)    5 :  0.029 0.008 0.004 0.009 0.045 0.028 0.878 
325 TMA-ZAIN-G-    (0)    5 :  0.008 0.004 0.049 0.908 0.012 0.006 0.012 
326 TMA-ZAIN-G-    (0)    5 :  0.034 0.003 0.004 0.624 0.315 0.007 0.014 
327 TMA-ZAIN-G-    (0)    5 :  0.014 0.004 0.003 0.004 0.959 0.011 0.005 
328 TMA-ZAIN-G-    (0)    5 :  0.015 0.296 0.079 0.216 0.123 0.251 0.020 
329 TMA-ZAIN-G-    (0)    5 :  0.042 0.005 0.009 0.015 0.360 0.105 0.463 
330 TMA-ZAIN-G-    (0)    6 :  0.045 0.004 0.003 0.011 0.686 0.095 0.155 
331 TMA-ZAIN-G-    (0)    6 :  0.157 0.029 0.065 0.053 0.263 0.010 0.422 
332 TMA-ZAIN-G-    (0)    6 :  0.004 0.002 0.002 0.004 0.963 0.008 0.016 
333 TMA-ZAIN-G-    (0)    6 :  0.007 0.003 0.003 0.004 0.976 0.004 0.004 
334 TMA-ZAIN-G-    (0)    6 :  0.007 0.013 0.958 0.011 0.004 0.003 0.004 
335 TMA-ZAIN-G-    (0)    6 :  0.004 0.004 0.973 0.005 0.004 0.006 0.005 
336 TMA-ZAIN-G-    (0)    6 :  0.013 0.013 0.934 0.017 0.007 0.006 0.009 
337 TMA-ZAIN-G-    (9)    6 :  0.007 0.073 0.871 0.034 0.004 0.004 0.007 
338 TMA-ZAIN-G-    (0)    6 :  0.006 0.031 0.945 0.008 0.003 0.003 0.004 
339 TMA-ZAIN-G-    (0)    6 :  0.004 0.014 0.970 0.005 0.002 0.002 0.002 
340 TMA-ZAIN-G-    (0)    6 :  0.003 0.006 0.977 0.005 0.003 0.003 0.003 
341 TMA-ZAIN-G-    (0)    6 :  0.003 0.009 0.972 0.005 0.004 0.004 0.004 
342 TMA-ZAIN-G-    (0)    6 :  0.005 0.007 0.970 0.007 0.003 0.004 0.004 
343 TMA-ZAIN-G-    (0)    7 :  0.003 0.025 0.956 0.007 0.003 0.002 0.003 
344 TMA-ZAIN-G-    (0)    7 :  0.005 0.007 0.963 0.012 0.006 0.003 0.005 
345 TMA-ZAIN-G-    (0)    7 :  0.004 0.005 0.979 0.004 0.003 0.003 0.003 
346 TMA-ZAIN-G-    (0)    7 :  0.005 0.031 0.926 0.018 0.010 0.003 0.007 
347 TMA-ZAIN-G-    (9)    7 :  0.003 0.008 0.973 0.006 0.003 0.003 0.003 
348 TMA-ZAIN-G-    (0)    7 :  0.009 0.023 0.939 0.014 0.005 0.004 0.005 
349 TMA-ZAIN-G-    (0)    7 :  0.005 0.013 0.964 0.007 0.003 0.004 0.004 
350 TMA-ZAIN-G-    (0)    7 :  0.007 0.028 0.912 0.031 0.009 0.006 0.008 
351 TMA-ZAIN-G-    (0)    7 :  0.005 0.007 0.970 0.007 0.003 0.004 0.003 
352 TMA-ZAIN-G-    (0)    7 :  0.008 0.008 0.960 0.006 0.005 0.006 0.007 
353 TMA-ZAIN-G-    (0)    7 :  0.005 0.042 0.900 0.030 0.013 0.003 0.007 
354 TMA-ZAIN-G-    (0)    7 :  0.003 0.008 0.963 0.012 0.007 0.002 0.005 
355 TMA-ZAIN-G-    (0)    7 :  0.003 0.014 0.949 0.010 0.010 0.004 0.010 
356 TMA-ZAIN-G-    (0)    8 :  0.020 0.003 0.002 0.013 0.003 0.155 0.803 
357 TMA-ZAIN-G-    (0)    8 :  0.014 0.017 0.004 0.011 0.446 0.075 0.433 
358 TMA-ZAIN-G-    (0)    8 :  0.029 0.072 0.029 0.051 0.279 0.247 0.293 
359 TMA-ZAIN-G-    (0)    8 :  0.110 0.013 0.026 0.051 0.007 0.407 0.385 
360 TMA-ZAIN-G-    (0)    8 :  0.006 0.003 0.003 0.004 0.006 0.023 0.955 
361 TMA-ZAIN-G-    (0)    8 :  0.011 0.011 0.004 0.010 0.682 0.038 0.244 
362 TMA-ZAIN-G-    (0)    8 :  0.005 0.005 0.012 0.008 0.004 0.007 0.959 
363 TMA-ZAIN-G-    (0)    9 :  0.023 0.005 0.014 0.050 0.475 0.027 0.407 
364 TMA-ZAIN-G-    (0)    9 :  0.019 0.192 0.015 0.721 0.017 0.014 0.023 
365 TMA-ZAIN-G-    (0)    9 :  0.005 0.015 0.153 0.077 0.027 0.039 0.684 
366 TMA-ZAIN-G-    (0)    9 :  0.022 0.004 0.007 0.005 0.008 0.151 0.804 
367 TMA-ZAIN-G-    (0)    9 :  0.096 0.120 0.006 0.025 0.648 0.010 0.096 
368 TMA-ZAIN-G-    (0)    9 :  0.015 0.005 0.004 0.006 0.023 0.167 0.780 
369 TMA-ZAIN-G-    (0)    9 :  0.005 0.003 0.003 0.004 0.921 0.038 0.027 
370 TMA-ZAIN-G-    (0)    9 :  0.005 0.008 0.003 0.008 0.782 0.015 0.179 
371 TMA-ZAIN-G-    (0)    9 :  0.005 0.005 0.003 0.004 0.008 0.029 0.944 
372 TMA-ZAIN-G-    (0)    9 :  0.007 0.004 0.003 0.003 0.011 0.022 0.950 
373 TMA-ZAIN-G-    (0)    9 :  0.005 0.003 0.003 0.005 0.977 0.004 0.003 
374 TMA-ZAIN-G-    (0)   10 :  0.182 0.314 0.009 0.054 0.385 0.007 0.049 
375 TMA-ZAIN-G-    (0)   10 :  0.007 0.039 0.009 0.724 0.182 0.012 0.027 
376 TMA-ZAIN-G-    (9)   10 :  0.003 0.005 0.003 0.004 0.007 0.004 0.974 
377 TMA-ZAIN-G-    (0)   10 :  0.005 0.003 0.002 0.003 0.010 0.015 0.963 
378 TMA-ZAIN-G-    (0)   10 :  0.004 0.004 0.002 0.003 0.010 0.015 0.962 
379 TMA-ZAIN-G-    (0)   10 :  0.009 0.004 0.002 0.003 0.009 0.015 0.958 
380 TMA-ZAIN-G-    (0)   10 :  0.007 0.002 0.003 0.004 0.010 0.047 0.926 
381 TMA-ZAIN-G-    (9)   10 :  0.094 0.009 0.011 0.594 0.041 0.141 0.110 
382 TMA-ZAIN-G-    (9)   10 :  0.009 0.659 0.055 0.254 0.011 0.003 0.008 
383    ZFB01    (0)   11 :  0.004 0.973 0.008 0.004 0.003 0.003 0.005 
384    ZFB02    (0)   11 :  0.009 0.943 0.032 0.007 0.003 0.003 0.004 
385    ZFB03    (0)   11 :  0.005 0.968 0.004 0.008 0.007 0.003 0.005 
386    ZFB04    (0)   11 :  0.007 0.944 0.034 0.005 0.003 0.003 0.005 
387    ZFB05    (0)   11 :  0.011 0.806 0.126 0.036 0.007 0.010 0.003 
388    ZFB06    (0)   11 :  0.007 0.887 0.053 0.028 0.008 0.012 0.003 
389    ZFB07    (9)   11 :  0.005 0.953 0.011 0.012 0.006 0.004 0.009 
390    ZFB08    (0)   11 :  0.006 0.961 0.006 0.008 0.006 0.005 0.007 
391    ZFB09    (0)   11 :  0.004 0.978 0.005 0.004 0.003 0.003 0.003 
392    ZFB10    (0)   11 :  0.006 0.948 0.010 0.005 0.005 0.006 0.019 
393    ZFB11    (0)   11 :  0.008 0.952 0.017 0.005 0.003 0.003 0.011 
394    ZFB12    (0)   11 :  0.005 0.919 0.037 0.018 0.008 0.004 0.009 
395    ZFB13    (0)   11 :  0.006 0.956 0.006 0.011 0.005 0.007 0.009 
396    ZFB14    (0)   11 :  0.005 0.974 0.004 0.005 0.003 0.003 0.006 
397    ZFB15    (0)   11 :  0.004 0.969 0.016 0.004 0.003 0.002 0.003 
398    ZFB16    (0)   11 :  0.004 0.959 0.016 0.007 0.004 0.004 0.006 
399    ZFB17    (0)   11 :  0.026 0.883 0.032 0.023 0.009 0.014 0.013 
400    ZFB18    (0)   11 :  0.004 0.978 0.004 0.004 0.003 0.003 0.004 
401    ZFB19    (0)   11 :  0.005 0.920 0.007 0.017 0.012 0.009 0.030 
402    ZFB20    (0)   11 :  0.004 0.934 0.040 0.008 0.004 0.004 0.006 
403    ZFB21    (0)   11 :  0.003 0.970 0.013 0.006 0.003 0.002 0.003 
404    ZFB22    (0)   11 :  0.009 0.854 0.091 0.011 0.009 0.013 0.014 
405    ZFB23    (0)   11 :  0.007 0.944 0.024 0.006 0.005 0.003 0.010 
406    ZFB24    (0)   11 :  0.008 0.934 0.037 0.005 0.004 0.004 0.010 
407    ZFB25    (0)   11 :  0.004 0.950 0.006 0.004 0.007 0.006 0.024 
408    ZFB26    (0)   11 :  0.010 0.878 0.066 0.007 0.007 0.005 0.026 
409    ZFB27    (0)   11 :  0.005 0.892 0.082 0.004 0.004 0.003 0.010 
410    ZFB28    (0)   11 :  0.013 0.823 0.105 0.040 0.007 0.003 0.008 
411    ZFB29    (0)   11 :  0.009 0.958 0.017 0.006 0.003 0.003 0.004 
412    ZFB30    (0)   11 :  0.005 0.776 0.151 0.034 0.012 0.014 0.008 
413    ZFB31    (0)   11 :  0.004 0.958 0.007 0.005 0.005 0.004 0.016 
414    ZFB32    (0)   11 :  0.035 0.825 0.056 0.046 0.015 0.005 0.020 
415    ZFB33    (0)   11 :  0.003 0.970 0.014 0.004 0.003 0.002 0.003 
416    ZFB34    (0)   11 :  0.005 0.977 0.004 0.005 0.003 0.003 0.004 
417    ZFB35    (0)   11 :  0.006 0.963 0.010 0.005 0.005 0.004 0.008 
418  ZFBP101    (0)   12 :  0.146 0.013 0.008 0.014 0.206 0.065 0.549 
419  ZFBP102    (0)   12 :  0.018 0.014 0.009 0.016 0.052 0.017 0.875 
420  ZFBP103    (0)   12 :  0.230 0.008 0.007 0.010 0.418 0.017 0.309 
421  ZFBP104    (0)   12 :  0.004 0.041 0.017 0.043 0.192 0.010 0.693 
422  ZFBP105    (0)   12 :  0.005 0.006 0.005 0.006 0.078 0.006 0.893 
423  ZFBP106    (0)   12 :  0.008 0.003 0.003 0.005 0.060 0.013 0.907 
424  ZFBP107    (0)   12 :  0.007 0.005 0.012 0.009 0.145 0.006 0.816 
425  ZFBP108    (0)   12 :  0.003 0.003 0.003 0.004 0.008 0.005 0.974 
426  ZFBP109    (0)   12 :  0.003 0.004 0.002 0.003 0.009 0.007 0.972 
427  ZFBP110    (0)   12 :  0.040 0.050 0.008 0.038 0.309 0.007 0.549 
428  ZFBP111    (0)   12 :  0.005 0.003 0.003 0.004 0.045 0.164 0.776 
429  ZFBP112    (0)   12 :  0.018 0.004 0.006 0.006 0.023 0.074 0.870 
430  ZFBP113    (0)   12 :  0.003 0.003 0.004 0.004 0.007 0.005 0.973 
431  ZFBP114    (0)   12 :  0.005 0.004 0.004 0.005 0.028 0.007 0.947 
432  ZFBP115    (0)   12 :  0.012 0.003 0.004 0.007 0.705 0.018 0.251 
433  ZFBP116    (0)   12 :  0.005 0.003 0.004 0.006 0.014 0.006 0.963 
434  ZFBP117    (0)   12 :  0.006 0.003 0.002 0.004 0.009 0.007 0.969 
435  ZFBP118    (0)   12 :  0.004 0.003 0.005 0.005 0.022 0.011 0.950 
436  ZFBP119    (0)   12 :  0.030 0.004 0.003 0.007 0.179 0.024 0.752 
437  ZFBP120    (0)   12 :  0.004 0.007 0.005 0.007 0.059 0.006 0.913 
438  ZFBP121    (0)   12 :  0.008 0.005 0.003 0.005 0.010 0.005 0.964 
439  ZFBP122    (9)   12 :  0.005 0.003 0.003 0.005 0.013 0.013 0.957 
440  ZFBP123    (0)   12 :  0.018 0.004 0.007 0.006 0.009 0.024 0.933 
441  ZFBP124    (0)   12 :  0.005 0.007 0.004 0.004 0.008 0.006 0.967 
442  ZFBP125    (0)   12 :  0.007 0.003 0.002 0.004 0.017 0.017 0.950 
443  ZFBP126    (0)   12 :  0.026 0.010 0.009 0.017 0.008 0.007 0.923 
444  ZFBP127    (0)   12 :  0.011 0.003 0.003 0.004 0.043 0.005 0.931 
445  ZFBP128    (0)   12 :  0.015 0.004 0.003 0.003 0.025 0.040 0.910 
446  ZFBP129    (0)   12 :  0.008 0.004 0.003 0.005 0.006 0.026 0.948 
447  ZFBP130    (0)   12 :  0.021 0.002 0.003 0.004 0.028 0.080 0.863 
448  ZFBP131    (0)   12 :  0.004 0.004 0.003 0.004 0.004 0.005 0.975 
449  ZFBP132    (0)   12 :  0.004 0.004 0.003 0.003 0.011 0.004 0.971 
450  ZFBP133    (0)   12 :  0.007 0.003 0.002 0.003 0.005 0.256 0.724 
451  ZFBP134    (0)   12 :  0.036 0.004 0.003 0.005 0.207 0.023 0.722 
452  ZFBP135    (0)   12 :  0.256 0.015 0.005 0.007 0.065 0.017 0.635 
453  ZFBP136    (0)   12 :  0.156 0.005 0.007 0.007 0.112 0.088 0.625 
454  ZFBP201    (0)   13 :  0.006 0.005 0.006 0.007 0.012 0.005 0.958 
455  ZFBP202    (0)   13 :  0.004 0.005 0.003 0.004 0.016 0.011 0.956 
456  ZFBP203    (0)   13 :  0.007 0.005 0.028 0.020 0.009 0.029 0.902 
457  ZFBP204    (0)   13 :  0.017 0.005 0.005 0.006 0.114 0.029 0.823 
458  ZFBP205    (0)   13 :  0.009 0.003 0.005 0.004 0.005 0.015 0.959 
459  ZFBP206    (0)   13 :  0.020 0.006 0.007 0.006 0.007 0.155 0.799 
460  ZFBP207    (0)   13 :  0.014 0.006 0.004 0.005 0.279 0.010 0.682 
461  ZFBP208    (0)   13 :  0.010 0.004 0.011 0.009 0.006 0.012 0.949 
462  ZFBP209    (0)   13 :  0.007 0.003 0.002 0.003 0.004 0.076 0.904 
463  ZFBP210    (0)   13 :  0.006 0.005 0.007 0.008 0.011 0.019 0.943 
464  ZFBP211    (0)   13 :  0.005 0.005 0.003 0.004 0.008 0.005 0.969 
465  ZFBP212    (0)   13 :  0.003 0.006 0.003 0.004 0.074 0.006 0.904 
466  ZFBP213    (0)   13 :  0.016 0.007 0.006 0.007 0.011 0.016 0.938 
467  ZFBP214    (0)   13 :  0.047 0.016 0.004 0.018 0.041 0.116 0.758 
468  ZFBP215    (0)   13 :  0.005 0.004 0.003 0.003 0.008 0.008 0.969 
469  ZFBP216    (0)   13 :  0.006 0.004 0.007 0.012 0.017 0.007 0.947 
470  ZFBP217    (0)   13 :  0.007 0.008 0.003 0.007 0.041 0.167 0.767 
471  ZFBP218    (0)   13 :  0.004 0.003 0.003 0.003 0.006 0.013 0.968 
472  ZFBP219    (0)   13 :  0.003 0.003 0.004 0.005 0.005 0.005 0.975 
473  ZFBP220    (0)   13 :  0.022 0.003 0.004 0.005 0.053 0.058 0.857 
474  ZFBP221    (0)   13 :  0.003 0.005 0.003 0.004 0.061 0.009 0.914 
475  ZFBP222    (0)   13 :  0.009 0.005 0.005 0.005 0.004 0.010 0.963 
476  ZFBP223    (0)   13 :  0.009 0.008 0.005 0.008 0.213 0.014 0.743 
477  ZFBP224    (0)   13 :  0.007 0.005 0.004 0.006 0.008 0.007 0.964 
478  ZFBP225    (0)   13 :  0.016 0.004 0.008 0.010 0.159 0.383 0.420 
479  ZFBP226    (0)   13 :  0.004 0.003 0.005 0.005 0.008 0.006 0.969 
