

----------------------------------------------------
STRUCTURE by Pritchard, Stephens and Donnelly (2000)
     and Falush, Stephens and Pritchard (2003)
       Code by Pritchard, Falush and Hubisz
             Version 2.3.4 (Jul 2012)
----------------------------------------------------



Command line arguments:   bin\structure -m C:\Users\eschumacher\Documents\GitHub\GCC_QUAC_ZAIN\Data_Files\Structure_Files\ZAIN\ZAIN_rebinned_allpop_str\50-50\mainparams -e C:\Users\eschumacher\Documents\GitHub\GCC_QUAC_ZAIN\Data_Files\Structure_Files\ZAIN\ZAIN_rebinned_allpop_str\50-50\extraparams 
Input File:    C:\Users\eschumacher\Documents\GitHub\GCC_QUAC_ZAIN\Data_Files\Structure_Files\ZAIN\ZAIN_rebinned_allpop_str\project_data

Run parameters:
   1133 individuals
   11 loci
   12 populations assumed
   50000 Burn-in period
   50000 Reps


--------------------------------------------
Proportion of membership of each pre-defined
 population in each of the 12 clusters

Given    Inferred Clusters                                                                      Number of
 Pop       1      2      3      4      5      6      7      8      9     10     11     12      Individuals

  1:     0.105  0.108  0.074  0.094  0.081  0.046  0.049  0.072  0.160  0.076  0.097  0.037      303
  2:     0.088  0.149  0.075  0.138  0.083  0.028  0.015  0.012  0.163  0.167  0.044  0.038       15
  3:     0.412  0.052  0.022  0.026  0.164  0.019  0.210  0.016  0.042  0.006  0.021  0.011        2
  4:     0.262  0.133  0.100  0.225  0.024  0.021  0.007  0.007  0.096  0.023  0.079  0.024        2
  5:     0.321  0.055  0.058  0.062  0.047  0.021  0.191  0.028  0.074  0.013  0.083  0.047        7
  6:     0.010  0.008  0.071  0.115  0.009  0.053  0.082  0.014  0.622  0.005  0.005  0.006       13
  7:     0.020  0.006  0.005  0.006  0.005  0.011  0.004  0.025  0.905  0.004  0.004  0.004       13
  8:     0.015  0.056  0.162  0.061  0.044  0.027  0.055  0.025  0.009  0.010  0.461  0.075        7
  9:     0.043  0.293  0.098  0.261  0.054  0.022  0.060  0.005  0.059  0.009  0.072  0.024       11
 10:     0.142  0.080  0.100  0.057  0.076  0.015  0.015  0.009  0.094  0.018  0.374  0.020        9
 11:     0.013  0.013  0.008  0.008  0.010  0.010  0.006  0.026  0.868  0.006  0.026  0.005       35
 12:     0.008  0.321  0.108  0.118  0.176  0.018  0.014  0.004  0.006  0.016  0.189  0.023       36
 13:     0.010  0.530  0.031  0.070  0.155  0.009  0.020  0.006  0.006  0.010  0.123  0.030       33
 14:     0.006  0.015  0.011  0.007  0.008  0.042  0.008  0.008  0.013  0.861  0.009  0.011       40
 15:     0.005  0.008  0.018  0.020  0.007  0.006  0.909  0.004  0.004  0.006  0.007  0.007       39
 16:     0.578  0.033  0.017  0.022  0.026  0.015  0.012  0.017  0.197  0.023  0.035  0.027       40
 17:     0.701  0.013  0.011  0.009  0.012  0.048  0.011  0.060  0.090  0.021  0.008  0.016       37
 18:     0.004  0.186  0.045  0.065  0.044  0.008  0.012  0.003  0.004  0.006  0.599  0.022       40
 19:     0.010  0.011  0.008  0.010  0.005  0.041  0.024  0.004  0.869  0.005  0.009  0.003       28
 20:     0.004  0.007  0.007  0.005  0.005  0.933  0.005  0.005  0.004  0.013  0.005  0.006       14
 21:     0.029  0.014  0.012  0.014  0.009  0.026  0.030  0.829  0.014  0.008  0.009  0.006       13
 22:     0.004  0.007  0.916  0.017  0.006  0.005  0.016  0.002  0.003  0.009  0.009  0.006       14
 23:     0.004  0.117  0.036  0.013  0.761  0.007  0.008  0.004  0.004  0.006  0.017  0.022       25
 24:     0.005  0.013  0.010  0.008  0.012  0.006  0.006  0.006  0.007  0.008  0.012  0.907       40
 25:     0.020  0.026  0.072  0.031  0.016  0.042  0.017  0.009  0.030  0.702  0.026  0.009       32
 26:     0.003  0.003  0.003  0.003  0.003  0.004  0.003  0.965  0.003  0.003  0.003  0.003       20
 27:     0.328  0.009  0.017  0.007  0.007  0.010  0.004  0.003  0.576  0.009  0.026  0.005        4
 28:     0.035  0.016  0.014  0.010  0.012  0.008  0.005  0.004  0.774  0.022  0.087  0.013       23
 29:     0.033  0.007  0.009  0.006  0.006  0.007  0.007  0.004  0.895  0.013  0.010  0.005       39
 30:     0.008  0.005  0.004  0.004  0.006  0.027  0.003  0.017  0.913  0.005  0.004  0.004       38
 31:     0.008  0.055  0.099  0.555  0.024  0.008  0.159  0.005  0.005  0.009  0.026  0.046       45
 32:     0.008  0.189  0.111  0.299  0.103  0.018  0.137  0.012  0.005  0.013  0.086  0.021       28
 33:     0.070  0.010  0.008  0.005  0.004  0.004  0.008  0.007  0.864  0.007  0.007  0.005        6
 34:     0.790  0.015  0.023  0.022  0.010  0.020  0.012  0.004  0.039  0.011  0.011  0.043       40
 35:     0.800  0.009  0.012  0.020  0.009  0.024  0.010  0.058  0.029  0.011  0.006  0.011       42
--------------------------------------------

Allele-freq. divergence among pops (Net nucleotide distance),
computed using point estimates of P.

      1       2       3       4       5       6       7       8       9      10      11      12      
 1      -    0.1627  0.1398  0.1323  0.1784  0.1390  0.1862  0.2420  0.0771  0.1488  0.2108  0.2313  
 2   0.1627     -    0.0711  0.0585  0.0494  0.1803  0.2317  0.3695  0.2386  0.2378  0.0469  0.1246  
 3   0.1398  0.0711     -    0.0454  0.1147  0.1708  0.1627  0.4367  0.2384  0.1754  0.0838  0.1394  
 4   0.1323  0.0585  0.0454     -    0.0994  0.1961  0.1402  0.3644  0.2474  0.2159  0.0874  0.1366  
 5   0.1784  0.0494  0.1147  0.0994     -    0.2029  0.2412  0.3852  0.2508  0.2347  0.0893  0.1188  
 6   0.1390  0.1803  0.1708  0.1961  0.2029     -    0.2373  0.3296  0.1973  0.1974  0.2657  0.2767  
 7   0.1862  0.2317  0.1627  0.1402  0.2412  0.2373     -    0.4560  0.2858  0.2008  0.2928  0.2810  
 8   0.2420  0.3695  0.4367  0.3644  0.3852  0.3296  0.4560     -    0.2458  0.3727  0.4580  0.4720  
 9   0.0771  0.2386  0.2384  0.2474  0.2508  0.1973  0.2858  0.2458     -    0.1869  0.2739  0.3339  
10   0.1488  0.2378  0.1754  0.2159  0.2347  0.1974  0.2008  0.3727  0.1869     -    0.2682  0.2226  
11   0.2108  0.0469  0.0838  0.0874  0.0893  0.2657  0.2928  0.4580  0.2739  0.2682     -    0.1528  
12   0.2313  0.1246  0.1394  0.1366  0.1188  0.2767  0.2810  0.4720  0.3339  0.2226  0.1528     -    

Average distances (expected heterozygosity) between individuals in same cluster:
cluster  1  : 0.5512 
cluster  2  : 0.3805 
cluster  3  : 0.3813 
cluster  4  : 0.4410 
cluster  5  : 0.3951 
cluster  6  : 0.2663 
cluster  7  : 0.2475 
cluster  8  : 0.2410 
cluster  9  : 0.4910 
cluster 10  : 0.3800 
cluster 11  : 0.3343 
cluster 12  : 0.3537 

--------------------------------------------
Estimated Ln Prob of Data   = -21143.1
Mean value of ln likelihood = -20319.8
Variance of ln likelihood   = 1646.6
Mean value of alpha         = 0.0351

Mean value of Fst_1         = 0.1649
Mean value of Fst_2         = 0.3201
Mean value of Fst_3         = 0.4443
Mean value of Fst_4         = 0.2887
Mean value of Fst_5         = 0.3418
Mean value of Fst_6         = 0.5805
Mean value of Fst_7         = 0.5720
Mean value of Fst_8         = 0.6575
Mean value of Fst_9         = 0.3732
Mean value of Fst_10         = 0.4409
Mean value of Fst_11         = 0.3917
Mean value of Fst_12         = 0.4152


Inferred ancestry of individuals:
        Label (%Miss) Pop:  Inferred clusters
  1 TMA-ZAIN-G-    (9)    1 :  0.118 0.019 0.018 0.066 0.008 0.009 0.097 0.004 0.621 0.010 0.024 0.007 
  2 TMA-ZAIN-G-    (0)    1 :  0.023 0.027 0.008 0.023 0.235 0.024 0.012 0.005 0.574 0.042 0.024 0.004 
  3 TMA-ZAIN-G-    (0)    1 :  0.007 0.102 0.316 0.081 0.030 0.010 0.039 0.003 0.004 0.009 0.297 0.102 
  4 TMA-ZAIN-G-    (0)    1 :  0.006 0.086 0.019 0.011 0.022 0.599 0.016 0.004 0.008 0.024 0.153 0.051 
  5 TMA-ZAIN-G-    (0)    1 :  0.005 0.003 0.004 0.003 0.003 0.005 0.002 0.003 0.957 0.008 0.005 0.003 
  6 TMA-ZAIN-G-    (0)    1 :  0.088 0.100 0.332 0.047 0.024 0.063 0.020 0.064 0.051 0.028 0.044 0.139 
  7 TMA-ZAIN-G-    (0)    1 :  0.010 0.333 0.371 0.033 0.029 0.101 0.032 0.007 0.010 0.012 0.053 0.008 
  8 TMA-ZAIN-G-    (0)    1 :  0.004 0.010 0.924 0.008 0.009 0.004 0.004 0.002 0.003 0.010 0.014 0.009 
  9 TMA-ZAIN-G-    (9)    1 :  0.009 0.355 0.051 0.276 0.140 0.008 0.009 0.004 0.008 0.005 0.104 0.031 
 10 TMA-ZAIN-G-    (0)    1 :  0.009 0.414 0.135 0.266 0.063 0.011 0.012 0.005 0.003 0.010 0.041 0.031 
 11 TMA-ZAIN-G-    (0)    1 :  0.006 0.824 0.013 0.097 0.012 0.012 0.009 0.004 0.004 0.005 0.008 0.005 
 12 TMA-ZAIN-G-    (0)    1 :  0.007 0.097 0.019 0.041 0.008 0.005 0.024 0.004 0.004 0.005 0.781 0.006 
 13 TMA-ZAIN-G-    (9)    1 :  0.034 0.113 0.060 0.225 0.250 0.018 0.111 0.027 0.083 0.022 0.039 0.017 
 14 TMA-ZAIN-G-    (9)    1 :  0.009 0.019 0.009 0.059 0.018 0.006 0.835 0.017 0.005 0.008 0.009 0.006 
 15 TMA-ZAIN-G-    (0)    1 :  0.006 0.013 0.013 0.161 0.006 0.004 0.764 0.003 0.003 0.008 0.010 0.010 
 16 TMA-ZAIN-G-    (0)    1 :  0.006 0.494 0.010 0.036 0.019 0.005 0.007 0.005 0.004 0.003 0.405 0.005 
 17 TMA-ZAIN-G-    (9)    1 :  0.019 0.008 0.106 0.674 0.005 0.115 0.019 0.003 0.011 0.020 0.011 0.007 
 18 TMA-ZAIN-G-    (0)    1 :  0.338 0.006 0.014 0.008 0.005 0.011 0.009 0.004 0.497 0.077 0.024 0.007 
 19 TMA-ZAIN-G-    (0)    1 :  0.817 0.015 0.047 0.019 0.008 0.033 0.011 0.006 0.018 0.004 0.017 0.005 
 20 TMA-ZAIN-G-    (0)    1 :  0.844 0.003 0.003 0.003 0.004 0.008 0.004 0.037 0.062 0.025 0.003 0.004 
 21 TMA-ZAIN-G-    (0)    1 :  0.004 0.003 0.002 0.003 0.003 0.003 0.002 0.969 0.003 0.003 0.002 0.003 
 22 TMA-ZAIN-G-    (0)    1 :  0.007 0.003 0.003 0.003 0.003 0.005 0.003 0.007 0.958 0.004 0.002 0.002 
 23 TMA-ZAIN-G-    (0)    1 :  0.067 0.007 0.008 0.007 0.007 0.009 0.005 0.010 0.866 0.003 0.006 0.004 
 24 TMA-ZAIN-G-    (9)    1 :  0.004 0.012 0.004 0.029 0.169 0.004 0.025 0.012 0.653 0.006 0.006 0.075 
 25 TMA-ZAIN-G-    (9)    1 :  0.723 0.023 0.005 0.028 0.110 0.004 0.005 0.009 0.056 0.004 0.027 0.005 
 26 TMA-ZAIN-G-    (9)    1 :  0.008 0.094 0.031 0.161 0.151 0.011 0.017 0.079 0.007 0.395 0.036 0.009 
 27 TMA-ZAIN-G-    (0)    1 :  0.776 0.015 0.011 0.019 0.005 0.020 0.054 0.015 0.058 0.014 0.005 0.010 
 28 TMA-ZAIN-G-    (0)    1 :  0.911 0.008 0.015 0.008 0.005 0.006 0.012 0.003 0.009 0.007 0.007 0.008 
 29 TMA-ZAIN-G-    (0)    1 :  0.239 0.004 0.004 0.006 0.005 0.004 0.005 0.005 0.004 0.016 0.004 0.703 
 30 TMA-ZAIN-G-    (0)    1 :  0.319 0.036 0.022 0.360 0.108 0.008 0.051 0.004 0.004 0.007 0.037 0.043 
 31 TMA-ZAIN-G-    (0)    1 :  0.021 0.009 0.009 0.004 0.011 0.020 0.007 0.008 0.792 0.106 0.005 0.008 
 32 TMA-ZAIN-G-    (9)    1 :  0.036 0.091 0.009 0.100 0.017 0.006 0.019 0.014 0.495 0.008 0.199 0.004 
 33 TMA-ZAIN-G-   (18)    1 :  0.004 0.281 0.046 0.274 0.017 0.004 0.006 0.003 0.004 0.004 0.342 0.014 
 34 TMA-ZAIN-G-    (0)    1 :  0.021 0.268 0.011 0.026 0.044 0.006 0.008 0.022 0.088 0.010 0.491 0.005 
 35 TMA-ZAIN-G-    (9)    1 :  0.011 0.321 0.025 0.165 0.078 0.010 0.037 0.003 0.008 0.013 0.280 0.048 
 36 TMA-ZAIN-G-    (0)    1 :  0.006 0.093 0.061 0.284 0.353 0.007 0.136 0.002 0.004 0.013 0.029 0.011 
 37 TMA-ZAIN-G-    (9)    1 :  0.009 0.405 0.045 0.166 0.061 0.046 0.006 0.010 0.006 0.013 0.217 0.016 
 38 TMA-ZAIN-G-   (18)    1 :  0.076 0.096 0.009 0.126 0.029 0.017 0.076 0.008 0.457 0.010 0.089 0.007 
 39 TMA-ZAIN-G-    (0)    1 :  0.004 0.045 0.022 0.063 0.749 0.008 0.004 0.007 0.003 0.007 0.075 0.013 
 40 TMA-ZAIN-G-    (0)    1 :  0.004 0.034 0.016 0.670 0.105 0.015 0.004 0.010 0.003 0.005 0.127 0.007 
 41 TMA-ZAIN-G-    (0)    1 :  0.004 0.012 0.031 0.683 0.191 0.003 0.038 0.004 0.003 0.005 0.020 0.006 
 42 TMA-ZAIN-G-    (9)    1 :  0.004 0.006 0.052 0.734 0.014 0.004 0.146 0.002 0.003 0.015 0.011 0.009 
 43 TMA-ZAIN-G-    (0)    1 :  0.003 0.004 0.012 0.008 0.004 0.004 0.940 0.003 0.003 0.005 0.004 0.009 
 44 TMA-ZAIN-G-    (0)    1 :  0.007 0.091 0.010 0.012 0.050 0.008 0.005 0.784 0.005 0.003 0.012 0.012 
 45 TMA-ZAIN-G-    (0)    1 :  0.007 0.625 0.024 0.179 0.014 0.013 0.013 0.009 0.005 0.009 0.097 0.005 
 46 TMA-ZAIN-G-    (0)    1 :  0.004 0.003 0.003 0.003 0.003 0.006 0.004 0.962 0.004 0.004 0.002 0.002 
 47 TMA-ZAIN-G-    (0)    1 :  0.004 0.004 0.005 0.004 0.004 0.012 0.004 0.005 0.003 0.946 0.005 0.004 
 48 TMA-ZAIN-G-    (0)    1 :  0.022 0.111 0.173 0.190 0.018 0.189 0.045 0.020 0.012 0.186 0.017 0.017 
 49 TMA-ZAIN-G-    (9)    1 :  0.840 0.017 0.007 0.006 0.006 0.018 0.005 0.004 0.016 0.008 0.026 0.046 
 50 TMA-ZAIN-G-    (0)    1 :  0.870 0.005 0.011 0.052 0.023 0.005 0.008 0.008 0.006 0.003 0.007 0.003 
 51 TMA-ZAIN-G-    (0)    1 :  0.782 0.012 0.010 0.023 0.010 0.018 0.092 0.015 0.007 0.021 0.004 0.006 
 52 TMA-ZAIN-G-    (0)    1 :  0.653 0.008 0.012 0.010 0.008 0.199 0.025 0.012 0.007 0.050 0.014 0.003 
 53 TMA-ZAIN-G-    (0)    1 :  0.567 0.015 0.011 0.011 0.014 0.089 0.042 0.005 0.137 0.100 0.004 0.005 
 54 TMA-ZAIN-G-    (0)    1 :  0.009 0.007 0.010 0.010 0.004 0.004 0.011 0.003 0.005 0.926 0.007 0.004 
 55 TMA-ZAIN-G-    (0)    1 :  0.026 0.008 0.014 0.038 0.004 0.004 0.021 0.006 0.006 0.863 0.008 0.003 
 56 TMA-ZAIN-G-    (0)    1 :  0.050 0.040 0.127 0.194 0.023 0.421 0.028 0.006 0.011 0.059 0.017 0.026 
 57 TMA-ZAIN-G-    (0)    1 :  0.019 0.008 0.009 0.006 0.011 0.011 0.006 0.003 0.006 0.879 0.034 0.008 
 58 TMA-ZAIN-G-    (0)    1 :  0.464 0.010 0.051 0.021 0.004 0.017 0.011 0.006 0.349 0.042 0.016 0.009 
 59 TMA-ZAIN-G-    (0)    1 :  0.024 0.119 0.086 0.033 0.026 0.031 0.009 0.014 0.599 0.018 0.022 0.019 
 60 TMA-ZAIN-G-    (0)    1 :  0.537 0.016 0.017 0.013 0.006 0.027 0.116 0.009 0.231 0.017 0.006 0.006 
 61 TMA-ZAIN-G-    (0)    1 :  0.007 0.004 0.005 0.003 0.003 0.022 0.003 0.008 0.924 0.013 0.004 0.003 
 62 TMA-ZAIN-G-    (9)    1 :  0.071 0.053 0.028 0.035 0.020 0.004 0.009 0.012 0.629 0.016 0.114 0.010 
 63 TMA-ZAIN-G-    (0)    1 :  0.026 0.007 0.010 0.007 0.003 0.011 0.011 0.004 0.888 0.020 0.010 0.003 
 64 TMA-ZAIN-G-    (0)    1 :  0.003 0.007 0.004 0.006 0.009 0.004 0.005 0.002 0.002 0.003 0.005 0.949 
 65 TMA-ZAIN-G-    (9)    1 :  0.004 0.010 0.009 0.007 0.006 0.005 0.006 0.002 0.003 0.007 0.023 0.920 
 66 TMA-ZAIN-G-    (0)    1 :  0.003 0.025 0.010 0.011 0.020 0.005 0.005 0.003 0.003 0.004 0.012 0.899 
 67 TMA-ZAIN-G-    (0)    1 :  0.010 0.040 0.009 0.015 0.106 0.004 0.003 0.019 0.006 0.005 0.019 0.764 
 68 TMA-ZAIN-G-    (0)    1 :  0.003 0.005 0.010 0.006 0.004 0.004 0.006 0.002 0.002 0.005 0.005 0.947 
 69 TMA-ZAIN-G-    (0)    1 :  0.016 0.055 0.008 0.007 0.042 0.023 0.017 0.028 0.022 0.010 0.038 0.734 
 70 TMA-ZAIN-G-    (0)    1 :  0.004 0.051 0.005 0.007 0.890 0.004 0.005 0.004 0.003 0.003 0.009 0.015 
 71 TMA-ZAIN-G-    (0)    1 :  0.004 0.015 0.004 0.007 0.940 0.004 0.003 0.004 0.003 0.003 0.010 0.004 
 72 TMA-ZAIN-G-    (0)    1 :  0.005 0.012 0.007 0.012 0.914 0.005 0.007 0.003 0.004 0.007 0.009 0.015 
 73 TMA-ZAIN-G-    (0)    1 :  0.022 0.008 0.006 0.006 0.863 0.004 0.003 0.030 0.025 0.018 0.009 0.006 
 74 TMA-ZAIN-G-    (0)    1 :  0.005 0.008 0.006 0.007 0.937 0.003 0.003 0.005 0.005 0.005 0.010 0.005 
 75 TMA-ZAIN-G-    (0)    1 :  0.005 0.008 0.006 0.005 0.939 0.005 0.005 0.003 0.004 0.007 0.009 0.005 
 76 TMA-ZAIN-G-    (0)    1 :  0.007 0.019 0.004 0.005 0.911 0.003 0.003 0.023 0.006 0.003 0.010 0.005 
 77 TMA-ZAIN-G-    (0)    1 :  0.005 0.008 0.005 0.010 0.934 0.008 0.006 0.006 0.003 0.004 0.005 0.006 
 78 TMA-ZAIN-G-    (0)    1 :  0.009 0.010 0.006 0.005 0.917 0.009 0.006 0.013 0.006 0.006 0.008 0.005 
 79 TMA-ZAIN-G-    (0)    1 :  0.006 0.008 0.005 0.008 0.917 0.020 0.006 0.012 0.004 0.005 0.005 0.004 
 80 TMA-ZAIN-G-    (0)    1 :  0.004 0.024 0.011 0.019 0.816 0.006 0.004 0.007 0.003 0.010 0.076 0.021 
 81 TMA-ZAIN-G-    (0)    1 :  0.007 0.040 0.010 0.012 0.866 0.025 0.008 0.007 0.004 0.005 0.010 0.005 
 82 TMA-ZAIN-G-    (0)    1 :  0.007 0.426 0.023 0.008 0.251 0.009 0.007 0.003 0.005 0.018 0.085 0.160 
 83 TMA-ZAIN-G-    (9)    1 :  0.026 0.151 0.035 0.011 0.022 0.007 0.006 0.031 0.052 0.027 0.583 0.049 
 84 TMA-ZAIN-G-    (0)    1 :  0.007 0.022 0.007 0.011 0.887 0.010 0.006 0.022 0.004 0.004 0.014 0.006 
 85 TMA-ZAIN-G-    (0)    1 :  0.004 0.004 0.004 0.003 0.003 0.960 0.004 0.003 0.004 0.004 0.004 0.003 
 86 TMA-ZAIN-G-    (0)    1 :  0.004 0.011 0.009 0.008 0.006 0.928 0.003 0.006 0.004 0.005 0.010 0.006 
 87 TMA-ZAIN-G-    (0)    1 :  0.004 0.004 0.004 0.003 0.003 0.962 0.003 0.003 0.005 0.003 0.003 0.002 
 88 TMA-ZAIN-G-    (0)    1 :  0.013 0.071 0.017 0.011 0.042 0.435 0.017 0.007 0.116 0.083 0.148 0.039 
 89 TMA-ZAIN-G-    (0)    1 :  0.007 0.038 0.016 0.015 0.049 0.321 0.035 0.022 0.025 0.407 0.035 0.029 
 90 TMA-ZAIN-G-    (0)    1 :  0.007 0.016 0.006 0.005 0.005 0.852 0.004 0.005 0.014 0.044 0.027 0.015 
 91 TMA-ZAIN-G-    (0)    1 :  0.012 0.014 0.012 0.008 0.009 0.818 0.013 0.006 0.028 0.058 0.009 0.012 
 92 TMA-ZAIN-G-    (0)    1 :  0.036 0.011 0.010 0.010 0.011 0.550 0.014 0.035 0.022 0.289 0.005 0.007 
 93 TMA-ZAIN-G-    (0)    1 :  0.069 0.008 0.008 0.007 0.007 0.281 0.028 0.012 0.071 0.498 0.004 0.008 
 94 TMA-ZAIN-G-    (0)    1 :  0.016 0.006 0.005 0.004 0.005 0.808 0.007 0.006 0.063 0.071 0.004 0.005 
 95 TMA-ZAIN-G-    (0)    1 :  0.860 0.008 0.005 0.031 0.019 0.005 0.025 0.004 0.011 0.005 0.008 0.017 
 96 TMA-ZAIN-G-    (0)    1 :  0.801 0.006 0.010 0.120 0.004 0.011 0.017 0.004 0.005 0.006 0.012 0.005 
 97 TMA-ZAIN-G-    (0)    1 :  0.022 0.012 0.011 0.005 0.024 0.012 0.012 0.007 0.864 0.017 0.005 0.010 
 98 TMA-ZAIN-G-    (0)    1 :  0.006 0.012 0.014 0.005 0.027 0.011 0.008 0.004 0.887 0.015 0.005 0.006 
 99 TMA-ZAIN-G-    (0)    1 :  0.007 0.211 0.017 0.038 0.008 0.004 0.007 0.020 0.639 0.003 0.035 0.012 
100 TMA-ZAIN-G-    (0)    1 :  0.050 0.008 0.007 0.005 0.008 0.029 0.012 0.020 0.817 0.035 0.004 0.005 
101 TMA-ZAIN-G-    (0)    1 :  0.022 0.053 0.010 0.005 0.014 0.005 0.007 0.006 0.842 0.021 0.008 0.009 
102 TMA-ZAIN-G-    (0)    1 :  0.026 0.015 0.009 0.039 0.012 0.019 0.028 0.008 0.812 0.006 0.019 0.008 
103 TMA-ZAIN-G-    (0)    1 :  0.022 0.011 0.010 0.008 0.007 0.016 0.008 0.004 0.884 0.006 0.020 0.005 
104 TMA-ZAIN-G-    (0)    1 :  0.007 0.004 0.007 0.004 0.004 0.004 0.005 0.003 0.948 0.007 0.005 0.003 
105 TMA-ZAIN-G-    (0)    1 :  0.023 0.015 0.011 0.009 0.007 0.024 0.007 0.003 0.862 0.008 0.026 0.004 
106 TMA-ZAIN-G-    (0)    1 :  0.004 0.077 0.057 0.560 0.100 0.009 0.087 0.003 0.004 0.006 0.048 0.046 
107 TMA-ZAIN-G-    (0)    1 :  0.006 0.362 0.027 0.026 0.166 0.006 0.013 0.003 0.004 0.008 0.365 0.015 
108 TMA-ZAIN-G-    (9)    1 :  0.068 0.263 0.021 0.183 0.034 0.070 0.040 0.026 0.187 0.015 0.085 0.007 
109 TMA-ZAIN-G-    (0)    1 :  0.085 0.024 0.142 0.078 0.008 0.018 0.020 0.004 0.196 0.071 0.242 0.112 
110 TMA-ZAIN-G-    (0)    1 :  0.077 0.209 0.141 0.100 0.024 0.023 0.019 0.151 0.101 0.014 0.132 0.008 
111 TMA-ZAIN-G-    (9)    1 :  0.047 0.034 0.012 0.012 0.039 0.006 0.004 0.014 0.641 0.018 0.159 0.013 
112 TMA-ZAIN-G-    (0)    1 :  0.159 0.089 0.117 0.178 0.022 0.015 0.032 0.013 0.258 0.023 0.078 0.015 
113 TMA-ZAIN-G-    (0)    1 :  0.007 0.030 0.015 0.008 0.044 0.006 0.006 0.005 0.797 0.035 0.032 0.014 
114 TMA-ZAIN-G-    (0)    1 :  0.005 0.004 0.003 0.003 0.004 0.005 0.003 0.006 0.957 0.004 0.005 0.003 
115 TMA-ZAIN-G-    (0)    1 :  0.005 0.004 0.005 0.004 0.005 0.003 0.005 0.004 0.945 0.006 0.010 0.004 
116 TMA-ZAIN-G-    (0)    1 :  0.006 0.024 0.021 0.007 0.014 0.007 0.007 0.003 0.005 0.014 0.882 0.011 
117 TMA-ZAIN-G-    (0)    1 :  0.012 0.075 0.336 0.063 0.097 0.033 0.063 0.003 0.005 0.031 0.057 0.226 
118 TMA-ZAIN-G-    (0)    1 :  0.008 0.021 0.022 0.018 0.012 0.008 0.036 0.004 0.005 0.011 0.823 0.032 
119 TMA-ZAIN-G-    (0)    1 :  0.025 0.026 0.017 0.007 0.060 0.006 0.006 0.019 0.024 0.011 0.777 0.024 
120 TMA-ZAIN-G-    (0)    1 :  0.016 0.050 0.046 0.025 0.028 0.018 0.109 0.004 0.008 0.015 0.658 0.024 
121 TMA-ZAIN-G-    (0)    1 :  0.011 0.127 0.160 0.050 0.043 0.012 0.024 0.003 0.008 0.023 0.347 0.192 
122 TMA-ZAIN-G-    (0)    1 :  0.011 0.357 0.196 0.089 0.045 0.116 0.011 0.010 0.005 0.015 0.120 0.026 
123 TMA-ZAIN-G-    (0)    1 :  0.017 0.008 0.007 0.006 0.006 0.009 0.022 0.004 0.905 0.006 0.007 0.004 
124 TMA-ZAIN-G-    (0)    1 :  0.005 0.007 0.919 0.031 0.004 0.006 0.008 0.003 0.003 0.003 0.007 0.004 
125 TMA-ZAIN-G-    (0)    1 :  0.003 0.005 0.898 0.018 0.005 0.005 0.010 0.002 0.002 0.031 0.005 0.013 
126 TMA-ZAIN-G-    (0)    1 :  0.004 0.006 0.908 0.022 0.004 0.005 0.022 0.003 0.003 0.007 0.011 0.004 
127 TMA-ZAIN-G-    (0)    1 :  0.003 0.009 0.863 0.083 0.004 0.005 0.008 0.003 0.003 0.004 0.010 0.005 
128 TMA-ZAIN-G-    (0)    1 :  0.004 0.011 0.920 0.018 0.005 0.005 0.006 0.003 0.003 0.005 0.008 0.013 
129 TMA-ZAIN-G-    (0)    1 :  0.004 0.007 0.934 0.015 0.005 0.005 0.009 0.002 0.004 0.005 0.006 0.004 
130 TMA-ZAIN-G-    (0)    1 :  0.004 0.005 0.921 0.007 0.005 0.005 0.016 0.002 0.004 0.018 0.008 0.005 
131 TMA-ZAIN-G-    (0)    1 :  0.005 0.007 0.898 0.047 0.004 0.008 0.011 0.003 0.004 0.004 0.007 0.004 
132 TMA-ZAIN-G-    (0)    1 :  0.004 0.012 0.890 0.025 0.008 0.006 0.007 0.002 0.003 0.015 0.010 0.018 
133 TMA-ZAIN-G-    (0)    1 :  0.013 0.019 0.104 0.458 0.078 0.042 0.123 0.018 0.004 0.020 0.034 0.087 
134 TMA-ZAIN-G-    (0)    1 :  0.006 0.015 0.333 0.121 0.057 0.039 0.254 0.014 0.004 0.019 0.066 0.073 
135 TMA-ZAIN-G-    (0)    1 :  0.004 0.084 0.165 0.111 0.085 0.038 0.017 0.012 0.003 0.011 0.443 0.026 
136 TMA-ZAIN-G-    (0)    1 :  0.005 0.107 0.065 0.047 0.041 0.006 0.006 0.007 0.006 0.015 0.091 0.603 
137 TMA-ZAIN-G-    (0)    1 :  0.005 0.018 0.035 0.019 0.032 0.024 0.006 0.016 0.004 0.005 0.830 0.006 
138 TMA-ZAIN-G-    (0)    1 :  0.003 0.085 0.536 0.080 0.018 0.004 0.024 0.003 0.003 0.013 0.221 0.012 
139 TMA-ZAIN-G-    (0)    1 :  0.004 0.040 0.406 0.048 0.058 0.012 0.014 0.010 0.004 0.063 0.331 0.010 
140 TMA-ZAIN-G-    (0)    1 :  0.006 0.540 0.034 0.100 0.031 0.004 0.007 0.005 0.004 0.004 0.256 0.010 
141 TMA-ZAIN-G-    (0)    1 :  0.005 0.591 0.135 0.045 0.073 0.015 0.023 0.003 0.005 0.006 0.093 0.007 
142 TMA-ZAIN-G-    (9)    1 :  0.004 0.578 0.037 0.037 0.034 0.007 0.007 0.003 0.003 0.004 0.273 0.012 
143 TMA-ZAIN-G-    (0)    1 :  0.004 0.356 0.259 0.096 0.023 0.007 0.010 0.003 0.004 0.005 0.218 0.016 
144 TMA-ZAIN-G-    (0)    1 :  0.017 0.186 0.101 0.186 0.011 0.016 0.012 0.011 0.005 0.032 0.415 0.007 
145 TMA-ZAIN-G-    (0)    1 :  0.004 0.098 0.098 0.026 0.074 0.006 0.007 0.002 0.003 0.014 0.338 0.329 
146 TMA-ZAIN-G-    (0)    1 :  0.003 0.930 0.006 0.006 0.023 0.005 0.005 0.003 0.003 0.003 0.009 0.005 
147 TMA-ZAIN-G-    (9)    1 :  0.003 0.936 0.008 0.006 0.012 0.004 0.005 0.003 0.003 0.004 0.008 0.007 
148 TMA-ZAIN-G-    (0)    1 :  0.003 0.775 0.041 0.041 0.015 0.005 0.074 0.003 0.003 0.027 0.009 0.004 
149 TMA-ZAIN-G-    (0)    1 :  0.012 0.701 0.059 0.040 0.011 0.032 0.030 0.006 0.023 0.064 0.017 0.005 
150 TMA-ZAIN-G-    (0)    1 :  0.010 0.688 0.027 0.018 0.014 0.016 0.016 0.005 0.022 0.085 0.029 0.070 
151 TMA-ZAIN-G-    (0)    1 :  0.003 0.012 0.006 0.123 0.007 0.003 0.018 0.003 0.003 0.004 0.810 0.008 
152 TMA-ZAIN-G-    (0)    1 :  0.004 0.018 0.007 0.012 0.005 0.003 0.015 0.003 0.003 0.005 0.919 0.006 
153 TMA-ZAIN-G-    (0)    1 :  0.004 0.103 0.040 0.105 0.015 0.004 0.030 0.003 0.003 0.013 0.665 0.016 
154 TMA-ZAIN-G-    (0)    1 :  0.003 0.011 0.008 0.006 0.005 0.004 0.005 0.002 0.003 0.004 0.945 0.004 
155 TMA-ZAIN-G-    (0)    1 :  0.004 0.030 0.012 0.011 0.009 0.005 0.007 0.003 0.004 0.003 0.905 0.008 
156 TMA-ZAIN-G-    (9)    1 :  0.004 0.043 0.035 0.049 0.005 0.003 0.076 0.003 0.004 0.010 0.763 0.003 
157 TMA-ZAIN-G-    (0)    1 :  0.004 0.166 0.033 0.090 0.010 0.005 0.136 0.003 0.004 0.006 0.536 0.007 
158 TMA-ZAIN-G-    (0)    1 :  0.007 0.240 0.011 0.019 0.034 0.003 0.004 0.004 0.003 0.005 0.663 0.006 
159 TMA-ZAIN-G-    (0)    1 :  0.004 0.265 0.019 0.009 0.220 0.004 0.005 0.002 0.003 0.006 0.449 0.014 
160 TMA-ZAIN-G-    (0)    1 :  0.003 0.094 0.011 0.005 0.167 0.005 0.005 0.003 0.004 0.009 0.675 0.019 
161 TMA-ZAIN-G-    (0)    1 :  0.005 0.128 0.241 0.092 0.018 0.006 0.021 0.003 0.003 0.022 0.452 0.008 
162 TMA-ZAIN-G-    (0)    1 :  0.008 0.008 0.005 0.012 0.006 0.014 0.003 0.006 0.019 0.014 0.899 0.006 
163 TMA-ZAIN-G-    (0)    1 :  0.003 0.012 0.006 0.005 0.005 0.003 0.003 0.002 0.002 0.003 0.951 0.004 
164 TMA-ZAIN-G-    (0)    1 :  0.005 0.110 0.010 0.006 0.008 0.013 0.004 0.006 0.005 0.008 0.816 0.009 
165 TMA-ZAIN-G-    (0)    1 :  0.003 0.091 0.012 0.008 0.010 0.003 0.004 0.002 0.003 0.003 0.854 0.006 
166 TMA-ZAIN-G-    (0)    1 :  0.003 0.274 0.166 0.040 0.053 0.006 0.007 0.003 0.003 0.011 0.422 0.012 
167 TMA-ZAIN-G-    (0)    1 :  0.008 0.606 0.023 0.035 0.250 0.008 0.008 0.005 0.006 0.005 0.042 0.005 
168 TMA-ZAIN-G-    (0)    1 :  0.005 0.581 0.008 0.012 0.329 0.006 0.026 0.004 0.005 0.005 0.009 0.010 
169 TMA-ZAIN-G-    (0)    1 :  0.003 0.538 0.009 0.005 0.352 0.005 0.005 0.003 0.003 0.005 0.018 0.052 
170 TMA-ZAIN-G-    (0)    1 :  0.026 0.443 0.080 0.111 0.130 0.006 0.086 0.019 0.017 0.004 0.054 0.026 
171 TMA-ZAIN-G-    (0)    1 :  0.003 0.554 0.006 0.005 0.389 0.005 0.004 0.003 0.003 0.003 0.011 0.014 
172 TMA-ZAIN-G-    (0)    1 :  0.006 0.163 0.067 0.682 0.022 0.006 0.016 0.005 0.004 0.004 0.021 0.005 
173 TMA-ZAIN-G-    (0)    1 :  0.007 0.094 0.091 0.726 0.020 0.008 0.020 0.004 0.003 0.005 0.015 0.007 
174 TMA-ZAIN-G-    (0)    1 :  0.003 0.111 0.674 0.101 0.024 0.005 0.005 0.003 0.003 0.007 0.037 0.027 
175 TMA-ZAIN-G-    (0)    1 :  0.003 0.592 0.007 0.006 0.353 0.005 0.005 0.003 0.003 0.004 0.011 0.007 
176 TMA-ZAIN-G-    (0)    1 :  0.003 0.824 0.008 0.010 0.113 0.005 0.005 0.003 0.003 0.003 0.016 0.005 
177 TMA-ZAIN-G-    (0)    1 :  0.004 0.916 0.006 0.014 0.020 0.005 0.011 0.003 0.003 0.003 0.011 0.004 
178 TMA-ZAIN-G-    (0)    1 :  0.006 0.454 0.020 0.406 0.026 0.004 0.039 0.005 0.004 0.004 0.028 0.004 
179 TMA-ZAIN-G-    (0)    1 :  0.004 0.842 0.015 0.068 0.017 0.005 0.017 0.003 0.003 0.004 0.015 0.006 
180 TMA-ZAIN-G-    (0)    1 :  0.007 0.054 0.453 0.276 0.005 0.030 0.028 0.011 0.005 0.011 0.023 0.097 
181 TMA-ZAIN-G-    (0)    1 :  0.004 0.013 0.026 0.701 0.014 0.004 0.162 0.003 0.004 0.005 0.060 0.005 
182 TMA-ZAIN-G-    (0)    1 :  0.005 0.033 0.412 0.304 0.005 0.006 0.184 0.003 0.005 0.005 0.033 0.003 
183 TMA-ZAIN-G-    (0)    1 :  0.005 0.012 0.013 0.846 0.007 0.005 0.083 0.003 0.003 0.004 0.015 0.004 
184 TMA-ZAIN-G-    (0)    1 :  0.013 0.015 0.042 0.759 0.012 0.022 0.030 0.006 0.026 0.021 0.048 0.007 
185 TMA-ZAIN-G-    (0)    1 :  0.015 0.008 0.026 0.861 0.007 0.014 0.004 0.007 0.016 0.027 0.010 0.005 
186 TMA-ZAIN-G-    (9)    1 :  0.008 0.012 0.052 0.868 0.015 0.005 0.006 0.004 0.004 0.006 0.014 0.006 
187 TMA-ZAIN-G-    (0)    1 :  0.005 0.009 0.022 0.866 0.032 0.004 0.014 0.003 0.004 0.003 0.025 0.012 
188 TMA-ZAIN-G-    (0)    1 :  0.004 0.007 0.018 0.882 0.034 0.003 0.008 0.002 0.004 0.004 0.017 0.017 
189 TMA-ZAIN-G-    (0)    1 :  0.003 0.006 0.012 0.942 0.005 0.003 0.006 0.003 0.002 0.003 0.007 0.008 
190 TMA-ZAIN-G-    (0)    1 :  0.006 0.044 0.011 0.849 0.023 0.004 0.029 0.003 0.003 0.006 0.007 0.016 
191 TMA-ZAIN-G-    (0)    1 :  0.008 0.010 0.008 0.904 0.008 0.016 0.004 0.008 0.014 0.009 0.006 0.005 
192 TMA-ZAIN-G-    (0)    1 :  0.005 0.006 0.018 0.888 0.011 0.014 0.021 0.019 0.003 0.004 0.008 0.004 
193 TMA-ZAIN-G-    (0)    1 :  0.003 0.003 0.004 0.004 0.003 0.003 0.963 0.002 0.003 0.005 0.003 0.004 
194 TMA-ZAIN-G-    (0)    1 :  0.013 0.007 0.030 0.051 0.007 0.005 0.845 0.007 0.004 0.015 0.004 0.012 
195 TMA-ZAIN-G-    (0)    1 :  0.009 0.038 0.023 0.079 0.028 0.004 0.768 0.003 0.003 0.006 0.006 0.033 
196 TMA-ZAIN-G-    (0)    1 :  0.004 0.007 0.009 0.015 0.005 0.004 0.923 0.003 0.002 0.006 0.007 0.013 
197 TMA-ZAIN-G-    (0)    1 :  0.004 0.008 0.010 0.010 0.009 0.007 0.924 0.003 0.003 0.005 0.007 0.010 
198 TMA-ZAIN-G-    (0)    1 :  0.003 0.011 0.009 0.018 0.009 0.004 0.919 0.005 0.003 0.004 0.009 0.007 
199 TMA-ZAIN-G-    (0)    1 :  0.006 0.008 0.038 0.896 0.008 0.005 0.007 0.004 0.004 0.007 0.012 0.005 
200 TMA-ZAIN-G-    (0)    1 :  0.036 0.007 0.006 0.006 0.007 0.008 0.052 0.810 0.046 0.012 0.004 0.007 
201 TMA-ZAIN-G-    (0)    1 :  0.024 0.018 0.013 0.009 0.020 0.013 0.008 0.826 0.023 0.008 0.012 0.024 
202 TMA-ZAIN-G-    (0)    1 :  0.006 0.004 0.005 0.005 0.003 0.003 0.014 0.944 0.006 0.002 0.005 0.003 
203 TMA-ZAIN-G-    (0)    1 :  0.004 0.023 0.073 0.031 0.010 0.005 0.805 0.002 0.010 0.005 0.028 0.004 
204 TMA-ZAIN-G-    (9)    1 :  0.034 0.006 0.006 0.005 0.007 0.122 0.005 0.765 0.019 0.023 0.003 0.005 
205 TMA-ZAIN-G-    (0)    1 :  0.015 0.015 0.013 0.007 0.009 0.011 0.009 0.820 0.006 0.008 0.082 0.005 
206 TMA-ZAIN-G-    (9)    1 :  0.023 0.033 0.015 0.017 0.013 0.200 0.021 0.619 0.021 0.020 0.012 0.007 
207 TMA-ZAIN-G-    (9)    1 :  0.049 0.069 0.043 0.038 0.026 0.118 0.012 0.005 0.011 0.080 0.444 0.105 
208 TMA-ZAIN-G-    (0)    1 :  0.005 0.698 0.012 0.037 0.025 0.003 0.004 0.004 0.003 0.006 0.137 0.066 
209 TMA-ZAIN-G-    (0)    1 :  0.004 0.086 0.473 0.068 0.076 0.008 0.172 0.003 0.003 0.038 0.056 0.013 
210 TMA-ZAIN-G-    (0)    1 :  0.006 0.122 0.124 0.133 0.070 0.016 0.352 0.003 0.004 0.014 0.061 0.097 
211 TMA-ZAIN-G-    (0)    1 :  0.025 0.065 0.580 0.123 0.058 0.008 0.051 0.028 0.014 0.010 0.020 0.019 
212 TMA-ZAIN-G-    (0)    1 :  0.005 0.512 0.071 0.303 0.007 0.016 0.019 0.007 0.003 0.006 0.038 0.012 
213 TMA-ZAIN-G-    (0)    1 :  0.005 0.189 0.149 0.421 0.043 0.005 0.029 0.004 0.004 0.006 0.139 0.007 
214 TMA-ZAIN-G-    (0)    1 :  0.005 0.069 0.321 0.273 0.088 0.005 0.030 0.004 0.003 0.008 0.152 0.043 
215 TMA-ZAIN-G-    (0)    1 :  0.171 0.124 0.018 0.538 0.083 0.003 0.004 0.017 0.006 0.002 0.028 0.005 
216 TMA-ZAIN-G-    (0)    1 :  0.006 0.038 0.250 0.621 0.017 0.006 0.013 0.007 0.004 0.011 0.022 0.007 
217 TMA-ZAIN-G-    (0)    1 :  0.004 0.125 0.355 0.091 0.154 0.007 0.066 0.003 0.004 0.007 0.063 0.121 
218 TMA-ZAIN-G-    (0)    1 :  0.934 0.005 0.011 0.006 0.006 0.005 0.004 0.004 0.005 0.005 0.005 0.010 
219 TMA-ZAIN-G-    (0)    1 :  0.912 0.004 0.008 0.005 0.005 0.019 0.004 0.024 0.005 0.008 0.004 0.004 
220 TMA-ZAIN-G-    (0)    1 :  0.850 0.022 0.006 0.010 0.010 0.010 0.006 0.003 0.028 0.008 0.034 0.013 
221 TMA-ZAIN-G-    (0)    1 :  0.848 0.012 0.019 0.023 0.008 0.013 0.007 0.047 0.005 0.005 0.009 0.006 
222 TMA-ZAIN-G-    (0)    1 :  0.851 0.013 0.013 0.008 0.009 0.025 0.006 0.008 0.024 0.014 0.013 0.014 
223 TMA-ZAIN-G-    (0)    1 :  0.943 0.004 0.004 0.004 0.004 0.012 0.003 0.008 0.007 0.005 0.004 0.004 
224 TMA-ZAIN-G-    (0)    1 :  0.761 0.005 0.030 0.016 0.006 0.117 0.009 0.009 0.031 0.007 0.005 0.004 
225 TMA-ZAIN-G-    (0)    1 :  0.934 0.005 0.004 0.006 0.003 0.006 0.012 0.011 0.010 0.004 0.003 0.002 
226 TMA-ZAIN-G-    (0)    1 :  0.901 0.008 0.006 0.010 0.008 0.008 0.020 0.008 0.014 0.005 0.006 0.005 
227 TMA-ZAIN-G-    (0)    1 :  0.852 0.011 0.006 0.013 0.009 0.007 0.023 0.051 0.011 0.005 0.009 0.004 
228 TMA-ZAIN-G-    (0)    1 :  0.828 0.022 0.008 0.009 0.034 0.017 0.007 0.006 0.043 0.006 0.011 0.008 
229 TMA-ZAIN-G-    (0)    1 :  0.903 0.004 0.003 0.003 0.004 0.008 0.003 0.020 0.036 0.006 0.002 0.009 
230 TMA-ZAIN-G-    (0)    1 :  0.410 0.030 0.059 0.028 0.040 0.335 0.018 0.004 0.046 0.014 0.004 0.013 
231 TMA-ZAIN-G-    (0)    1 :  0.143 0.023 0.017 0.011 0.037 0.100 0.011 0.036 0.591 0.009 0.013 0.008 
232 TMA-ZAIN-G-    (9)    1 :  0.027 0.008 0.062 0.030 0.012 0.019 0.014 0.020 0.770 0.007 0.004 0.026 
233 TMA-ZAIN-G-    (0)    1 :  0.794 0.013 0.018 0.008 0.029 0.025 0.009 0.036 0.006 0.012 0.008 0.044 
234 TMA-ZAIN-G-    (0)    1 :  0.639 0.010 0.004 0.005 0.006 0.007 0.012 0.041 0.230 0.030 0.009 0.006 
235 TMA-ZAIN-G-    (0)    1 :  0.556 0.009 0.005 0.067 0.051 0.042 0.027 0.010 0.208 0.009 0.010 0.005 
236 TMA-ZAIN-G-    (0)    1 :  0.620 0.015 0.010 0.013 0.015 0.097 0.028 0.062 0.116 0.004 0.012 0.008 
237 TMA-ZAIN-G-    (0)    1 :  0.339 0.072 0.038 0.018 0.183 0.123 0.009 0.006 0.178 0.006 0.018 0.010 
238 TMA-ZAIN-G-    (0)    1 :  0.753 0.019 0.023 0.020 0.029 0.008 0.007 0.048 0.052 0.004 0.032 0.005 
239 TMA-ZAIN-G-    (0)    1 :  0.015 0.007 0.006 0.028 0.004 0.107 0.062 0.677 0.019 0.061 0.006 0.009 
240 TMA-ZAIN-G-    (0)    1 :  0.003 0.003 0.003 0.002 0.003 0.005 0.003 0.965 0.003 0.004 0.002 0.002 
241 TMA-ZAIN-G-    (0)    1 :  0.003 0.004 0.003 0.003 0.005 0.004 0.003 0.962 0.004 0.003 0.003 0.003 
242 TMA-ZAIN-G-    (0)    1 :  0.003 0.004 0.003 0.003 0.004 0.003 0.002 0.967 0.003 0.003 0.003 0.003 
243 TMA-ZAIN-G-    (0)    1 :  0.003 0.004 0.003 0.003 0.005 0.003 0.003 0.963 0.003 0.003 0.003 0.003 
244 TMA-ZAIN-G-    (0)    1 :  0.003 0.005 0.003 0.004 0.006 0.003 0.003 0.958 0.003 0.003 0.006 0.004 
245 TMA-ZAIN-G-    (9)    1 :  0.003 0.003 0.003 0.003 0.003 0.003 0.003 0.969 0.004 0.003 0.003 0.002 
246 TMA-ZAIN-G-    (0)    1 :  0.003 0.002 0.003 0.003 0.003 0.003 0.003 0.971 0.003 0.003 0.002 0.002 
247 TMA-ZAIN-G-    (0)    1 :  0.003 0.003 0.003 0.003 0.002 0.003 0.002 0.972 0.002 0.003 0.002 0.003 
248 TMA-ZAIN-G-    (0)    1 :  0.004 0.004 0.003 0.004 0.004 0.003 0.005 0.960 0.003 0.003 0.003 0.003 
249 TMA-ZAIN-G-    (0)    1 :  0.003 0.003 0.002 0.003 0.002 0.003 0.004 0.969 0.003 0.003 0.002 0.002 
250 TMA-ZAIN-G-    (0)    1 :  0.003 0.003 0.003 0.003 0.003 0.003 0.003 0.969 0.003 0.003 0.002 0.003 
251 TMA-ZAIN-G-    (0)    1 :  0.005 0.004 0.006 0.004 0.003 0.010 0.006 0.002 0.005 0.947 0.004 0.004 
252 TMA-ZAIN-G-    (0)    1 :  0.006 0.044 0.004 0.007 0.029 0.004 0.005 0.004 0.003 0.862 0.011 0.023 
253 TMA-ZAIN-G-    (0)    1 :  0.003 0.005 0.005 0.004 0.004 0.005 0.005 0.005 0.004 0.946 0.010 0.004 
254 TMA-ZAIN-G-    (9)    1 :  0.005 0.016 0.012 0.007 0.008 0.006 0.005 0.004 0.005 0.901 0.024 0.008 
255 TMA-ZAIN-G-    (0)    1 :  0.003 0.006 0.005 0.004 0.004 0.004 0.004 0.004 0.012 0.941 0.007 0.007 
256 TMA-ZAIN-G-    (0)    1 :  0.005 0.011 0.008 0.007 0.008 0.024 0.027 0.018 0.007 0.873 0.008 0.005 
257 TMA-ZAIN-G-    (0)    1 :  0.004 0.003 0.005 0.004 0.004 0.014 0.014 0.005 0.004 0.937 0.003 0.003 
258 TMA-ZAIN-G-    (0)    1 :  0.003 0.003 0.003 0.003 0.003 0.006 0.005 0.004 0.003 0.959 0.003 0.004 
259 TMA-ZAIN-G-    (0)    1 :  0.005 0.004 0.004 0.004 0.003 0.023 0.006 0.006 0.004 0.931 0.003 0.005 
260 TMA-ZAIN-G-    (0)    1 :  0.005 0.005 0.005 0.004 0.004 0.015 0.006 0.004 0.004 0.937 0.003 0.009 
261 TMA-ZAIN-G-   (18)    1 :  0.007 0.006 0.010 0.007 0.005 0.023 0.009 0.003 0.006 0.910 0.005 0.010 
262 TMA-ZAIN-G-    (0)    1 :  0.004 0.003 0.004 0.003 0.003 0.008 0.007 0.004 0.003 0.954 0.003 0.003 
263 TMA-ZAIN-G-    (0)    1 :  0.004 0.003 0.004 0.003 0.004 0.008 0.004 0.003 0.005 0.953 0.005 0.003 
264 TMA-ZAIN-G-    (0)    1 :  0.004 0.004 0.005 0.003 0.004 0.007 0.005 0.003 0.006 0.950 0.005 0.004 
265 TMA-ZAIN-G-    (0)    1 :  0.225 0.058 0.034 0.025 0.012 0.375 0.013 0.031 0.011 0.164 0.023 0.028 
266 TMA-ZAIN-G-    (0)    1 :  0.030 0.029 0.149 0.044 0.010 0.020 0.048 0.008 0.014 0.605 0.023 0.020 
267 TMA-ZAIN-G-    (0)    1 :  0.098 0.032 0.016 0.009 0.015 0.324 0.007 0.058 0.220 0.195 0.007 0.020 
268 TMA-ZAIN-G-    (0)    1 :  0.005 0.004 0.004 0.003 0.004 0.006 0.003 0.005 0.958 0.003 0.003 0.003 
269 TMA-ZAIN-G-    (0)    1 :  0.013 0.005 0.005 0.004 0.006 0.030 0.003 0.004 0.918 0.004 0.004 0.004 
270 TMA-ZAIN-G-    (0)    1 :  0.014 0.006 0.006 0.004 0.005 0.086 0.004 0.007 0.856 0.004 0.005 0.005 
271 TMA-ZAIN-G-    (0)    1 :  0.007 0.005 0.004 0.003 0.004 0.014 0.003 0.007 0.942 0.004 0.004 0.003 
272 TMA-ZAIN-G-    (0)    1 :  0.057 0.005 0.005 0.006 0.006 0.016 0.003 0.009 0.882 0.003 0.004 0.004 
273 TMA-ZAIN-G-    (0)    1 :  0.039 0.003 0.003 0.004 0.004 0.008 0.003 0.020 0.908 0.003 0.003 0.003 
274 TMA-ZAIN-G-    (0)    1 :  0.014 0.006 0.004 0.017 0.009 0.009 0.017 0.011 0.894 0.007 0.005 0.007 
275 TMA-ZAIN-G-    (0)    1 :  0.011 0.004 0.004 0.005 0.004 0.004 0.003 0.012 0.945 0.003 0.003 0.003 
276 TMA-ZAIN-G-    (0)    1 :  0.005 0.004 0.003 0.003 0.005 0.005 0.003 0.009 0.953 0.003 0.004 0.004 
277 TMA-ZAIN-G-    (0)    1 :  0.008 0.005 0.003 0.003 0.005 0.005 0.004 0.105 0.848 0.006 0.003 0.004 
278 TMA-ZAIN-G-    (0)    1 :  0.013 0.005 0.004 0.004 0.004 0.017 0.003 0.117 0.822 0.004 0.003 0.004 
279 TMA-ZAIN-G-    (0)    1 :  0.024 0.005 0.005 0.006 0.004 0.004 0.004 0.016 0.920 0.004 0.004 0.003 
280 TMA-ZAIN-G-    (0)    1 :  0.032 0.004 0.006 0.006 0.004 0.006 0.005 0.012 0.914 0.003 0.004 0.003 
281 TMA-ZAIN-G-    (0)    1 :  0.012 0.004 0.004 0.004 0.004 0.011 0.004 0.024 0.923 0.004 0.003 0.003 
282 TMA-ZAIN-G-    (9)    1 :  0.010 0.004 0.003 0.003 0.003 0.006 0.003 0.038 0.922 0.004 0.003 0.003 
283 TMA-ZAIN-G-    (0)    1 :  0.026 0.005 0.005 0.005 0.007 0.042 0.003 0.025 0.849 0.025 0.005 0.003 
284 TMA-ZAIN-G-    (0)    1 :  0.040 0.007 0.008 0.007 0.005 0.059 0.005 0.014 0.808 0.035 0.008 0.003 
285 TMA-ZAIN-G-    (0)    1 :  0.012 0.004 0.003 0.011 0.015 0.013 0.008 0.080 0.832 0.011 0.005 0.007 
286 TMA-ZAIN-G-    (0)    1 :  0.008 0.003 0.003 0.003 0.004 0.013 0.003 0.017 0.936 0.006 0.002 0.002 
287 TMA-ZAIN-G-    (0)    1 :  0.006 0.003 0.003 0.008 0.009 0.009 0.008 0.017 0.923 0.005 0.003 0.005 
288 TMA-ZAIN-G-    (0)    1 :  0.029 0.007 0.006 0.039 0.015 0.006 0.021 0.006 0.849 0.007 0.007 0.008 
289 TMA-ZAIN-G-    (0)    1 :  0.010 0.005 0.003 0.012 0.011 0.011 0.011 0.011 0.908 0.006 0.004 0.008 
290 TMA-ZAIN-G-    (0)    1 :  0.014 0.006 0.007 0.006 0.004 0.005 0.006 0.005 0.934 0.005 0.005 0.003 
291 TMA-ZAIN-G-    (0)    1 :  0.928 0.004 0.005 0.005 0.005 0.010 0.005 0.011 0.012 0.009 0.004 0.003 
292 TMA-ZAIN-G-    (0)    1 :  0.023 0.399 0.126 0.082 0.192 0.009 0.028 0.021 0.014 0.004 0.093 0.008 
293 TMA-ZAIN-G-    (0)    1 :  0.014 0.603 0.060 0.095 0.016 0.061 0.026 0.032 0.004 0.019 0.042 0.027 
294 TMA-ZAIN-G-    (0)    1 :  0.003 0.926 0.007 0.007 0.021 0.008 0.004 0.004 0.003 0.004 0.007 0.007 
295 TMA-ZAIN-G-    (9)    1 :  0.007 0.878 0.009 0.013 0.042 0.009 0.005 0.005 0.004 0.005 0.011 0.012 
296 TMA-ZAIN-G-    (0)    1 :  0.010 0.766 0.071 0.021 0.012 0.030 0.045 0.004 0.009 0.008 0.018 0.005 
297 TMA-ZAIN-G-    (0)    1 :  0.012 0.133 0.112 0.042 0.064 0.019 0.129 0.007 0.008 0.022 0.429 0.025 
298 TMA-ZAIN-G-    (0)    1 :  0.010 0.232 0.013 0.011 0.491 0.175 0.005 0.005 0.011 0.015 0.025 0.008 
299 TMA-ZAIN-G-    (0)    1 :  0.005 0.016 0.008 0.011 0.909 0.003 0.006 0.005 0.004 0.003 0.025 0.005 
300 TMA-ZAIN-G-    (0)    1 :  0.008 0.371 0.011 0.155 0.347 0.012 0.010 0.009 0.004 0.006 0.011 0.056 
301 TMA-ZAIN-G-    (0)    1 :  0.007 0.067 0.016 0.085 0.711 0.013 0.032 0.012 0.005 0.004 0.024 0.024 
302 TMA-ZAIN-G-    (9)    1 :  0.005 0.689 0.059 0.043 0.106 0.013 0.015 0.003 0.004 0.005 0.052 0.007 
303 TMA-ZAIN-G-    (0)    1 :  0.771 0.004 0.017 0.032 0.003 0.010 0.104 0.004 0.014 0.033 0.005 0.003 
304 TMA-ZAIN-G-    (0)    2 :  0.009 0.058 0.077 0.078 0.012 0.015 0.029 0.009 0.012 0.508 0.064 0.128 
305 TMA-ZAIN-G-    (0)    2 :  0.005 0.876 0.024 0.020 0.007 0.010 0.011 0.004 0.003 0.005 0.022 0.012 
306 TMA-ZAIN-G-    (0)    2 :  0.011 0.363 0.065 0.017 0.011 0.008 0.014 0.016 0.070 0.395 0.020 0.010 
307 TMA-ZAIN-G-    (0)    2 :  0.007 0.100 0.056 0.104 0.009 0.014 0.013 0.015 0.010 0.357 0.048 0.268 
308 TMA-ZAIN-G-    (0)    2 :  0.140 0.006 0.006 0.007 0.005 0.015 0.018 0.020 0.057 0.707 0.004 0.014 
309 TMA-ZAIN-G-    (0)    2 :  0.005 0.014 0.065 0.832 0.019 0.006 0.029 0.003 0.004 0.003 0.013 0.008 
310 TMA-ZAIN-G-    (0)    2 :  0.018 0.234 0.020 0.173 0.366 0.068 0.004 0.012 0.009 0.011 0.072 0.012 
311 TMA-ZAIN-G-    (0)    2 :  0.023 0.125 0.302 0.023 0.070 0.092 0.015 0.002 0.022 0.027 0.290 0.008 
312 TMA-ZAIN-G-    (0)    2 :  0.022 0.069 0.147 0.632 0.043 0.006 0.023 0.005 0.007 0.013 0.024 0.010 
313 TMA-ZAIN-G-    (0)    2 :  0.006 0.071 0.283 0.022 0.105 0.033 0.019 0.004 0.014 0.383 0.038 0.023 
314 TMA-ZAIN-G-    (0)    2 :  0.052 0.012 0.019 0.041 0.010 0.027 0.017 0.004 0.787 0.014 0.008 0.009 
