

----------------------------------------------------
STRUCTURE by Pritchard, Stephens and Donnelly (2000)
     and Falush, Stephens and Pritchard (2003)
       Code by Pritchard, Falush and Hubisz
             Version 2.3.4 (Jul 2012)
----------------------------------------------------



Command line arguments:   bin\structure -m C:\Users\eschumacher\Documents\GitHub\GCC_QUAC_ZAIN\Data_Files\Structure_Files\ZAIN\ZAIN_rebinned_allpop_str\50-50\mainparams -e C:\Users\eschumacher\Documents\GitHub\GCC_QUAC_ZAIN\Data_Files\Structure_Files\ZAIN\ZAIN_rebinned_allpop_str\50-50\extraparams 
Input File:    C:\Users\eschumacher\Documents\GitHub\GCC_QUAC_ZAIN\Data_Files\Structure_Files\ZAIN\ZAIN_rebinned_allpop_str\project_data

Run parameters:
   1133 individuals
   11 loci
   17 populations assumed
   50000 Burn-in period
   50000 Reps


--------------------------------------------
Proportion of membership of each pre-defined
 population in each of the 17 clusters

Given    Inferred Clusters                                                                                                         Number of
 Pop       1      2      3      4      5      6      7      8      9     10     11     12     13     14     15     16     17      Individuals

  1:     0.024  0.071  0.041  0.044  0.084  0.051  0.032  0.073  0.060  0.043  0.065  0.058  0.132  0.056  0.058  0.071  0.038      303
  2:     0.040  0.147  0.020  0.058  0.060  0.036  0.024  0.077  0.045  0.014  0.075  0.025  0.098  0.060  0.031  0.153  0.036       15
  3:     0.012  0.143  0.018  0.016  0.371  0.010  0.007  0.046  0.010  0.215  0.013  0.013  0.043  0.011  0.058  0.005  0.009        2
  4:     0.191  0.112  0.019  0.116  0.069  0.050  0.019  0.043  0.019  0.006  0.092  0.054  0.019  0.072  0.012  0.028  0.077        2
  5:     0.014  0.055  0.017  0.082  0.320  0.063  0.042  0.010  0.008  0.156  0.046  0.024  0.017  0.057  0.031  0.013  0.047        7
  6:     0.011  0.026  0.034  0.010  0.009  0.060  0.007  0.008  0.013  0.074  0.094  0.005  0.597  0.019  0.007  0.006  0.019       13
  7:     0.010  0.007  0.011  0.006  0.015  0.007  0.004  0.005  0.013  0.005  0.006  0.005  0.867  0.009  0.004  0.004  0.022       13
  8:     0.013  0.047  0.026  0.052  0.017  0.112  0.063  0.029  0.007  0.045  0.033  0.402  0.014  0.084  0.039  0.009  0.011        7
  9:     0.025  0.079  0.018  0.225  0.010  0.066  0.018  0.032  0.062  0.043  0.214  0.027  0.014  0.122  0.031  0.008  0.006       11
 10:     0.061  0.023  0.012  0.036  0.088  0.077  0.018  0.032  0.029  0.013  0.043  0.346  0.013  0.093  0.046  0.014  0.058        9
 11:     0.008  0.008  0.010  0.008  0.012  0.005  0.004  0.008  0.872  0.005  0.005  0.008  0.018  0.007  0.006  0.005  0.012       35
 12:     0.008  0.154  0.016  0.158  0.006  0.043  0.020  0.204  0.006  0.012  0.061  0.126  0.004  0.078  0.083  0.017  0.006       36
 13:     0.011  0.133  0.008  0.402  0.006  0.013  0.022  0.122  0.004  0.019  0.031  0.059  0.005  0.062  0.090  0.007  0.006       33
 14:     0.009  0.008  0.039  0.016  0.006  0.010  0.009  0.011  0.006  0.009  0.006  0.007  0.017  0.015  0.006  0.814  0.011       40
 15:     0.005  0.010  0.006  0.007  0.004  0.020  0.007  0.010  0.003  0.868  0.024  0.007  0.003  0.007  0.007  0.006  0.004       39
 16:     0.315  0.016  0.015  0.031  0.151  0.014  0.025  0.020  0.194  0.011  0.021  0.023  0.053  0.030  0.018  0.022  0.042       40
 17:     0.052  0.012  0.046  0.013  0.615  0.010  0.016  0.013  0.024  0.010  0.008  0.009  0.073  0.012  0.010  0.019  0.057       37
 18:     0.006  0.088  0.008  0.144  0.003  0.026  0.022  0.058  0.004  0.011  0.035  0.477  0.003  0.077  0.025  0.006  0.005       40
 19:     0.008  0.006  0.041  0.006  0.008  0.006  0.003  0.006  0.759  0.016  0.006  0.005  0.008  0.006  0.004  0.005  0.105       28
 20:     0.005  0.006  0.907  0.006  0.004  0.007  0.006  0.007  0.004  0.005  0.005  0.005  0.005  0.007  0.005  0.013  0.004       14
 21:     0.007  0.010  0.019  0.011  0.059  0.007  0.005  0.014  0.008  0.034  0.012  0.006  0.773  0.009  0.007  0.007  0.011       13
 22:     0.005  0.011  0.005  0.007  0.003  0.893  0.005  0.007  0.003  0.013  0.012  0.008  0.002  0.008  0.005  0.008  0.004       14
 23:     0.005  0.027  0.007  0.070  0.004  0.026  0.022  0.033  0.003  0.008  0.010  0.018  0.004  0.048  0.704  0.006  0.006       25
 24:     0.005  0.012  0.005  0.016  0.005  0.009  0.863  0.009  0.005  0.006  0.008  0.011  0.005  0.015  0.010  0.008  0.006       40
 25:     0.018  0.029  0.034  0.023  0.011  0.054  0.008  0.027  0.035  0.017  0.026  0.022  0.009  0.020  0.013  0.641  0.014       32
 26:     0.004  0.006  0.005  0.006  0.006  0.003  0.006  0.008  0.004  0.005  0.005  0.004  0.919  0.006  0.006  0.005  0.003       20
 27:     0.198  0.009  0.014  0.010  0.049  0.016  0.005  0.009  0.607  0.004  0.007  0.017  0.007  0.011  0.007  0.006  0.023        4
 28:     0.026  0.014  0.012  0.046  0.013  0.009  0.011  0.008  0.308  0.004  0.010  0.052  0.020  0.031  0.013  0.009  0.415       23
 29:     0.007  0.004  0.006  0.005  0.008  0.005  0.004  0.004  0.011  0.004  0.004  0.005  0.006  0.005  0.004  0.006  0.913       39
 30:     0.010  0.007  0.025  0.007  0.009  0.006  0.005  0.008  0.035  0.004  0.005  0.006  0.808  0.007  0.006  0.006  0.046       38
 31:     0.011  0.078  0.007  0.046  0.006  0.071  0.044  0.035  0.004  0.141  0.468  0.024  0.004  0.027  0.019  0.009  0.005       45
 32:     0.007  0.181  0.013  0.105  0.010  0.054  0.016  0.113  0.005  0.108  0.216  0.047  0.006  0.046  0.058  0.011  0.005       28
 33:     0.011  0.011  0.005  0.005  0.026  0.008  0.005  0.007  0.467  0.008  0.005  0.007  0.008  0.007  0.005  0.007  0.408        6
 34:     0.843  0.008  0.012  0.008  0.024  0.009  0.013  0.007  0.012  0.009  0.009  0.006  0.006  0.008  0.006  0.006  0.016       40
 35:     0.029  0.010  0.017  0.009  0.761  0.011  0.011  0.013  0.017  0.009  0.016  0.006  0.053  0.008  0.008  0.009  0.013       42
--------------------------------------------

Allele-freq. divergence among pops (Net nucleotide distance),
computed using point estimates of P.

      1       2       3       4       5       6       7       8       9      10      11      12      13      14      15      16      17      
 1      -    0.1363  0.1795  0.1384  0.1029  0.1366  0.1839  0.2257  0.2050  0.2480  0.1404  0.2251  0.2336  0.1303  0.2098  0.1936  0.1820  
 2   0.1363     -    0.1801  0.0346  0.1762  0.0686  0.1301  0.0547  0.2521  0.2043  0.0560  0.0656  0.2875  0.0502  0.0801  0.2365  0.2683  
 3   0.1795  0.1801     -    0.2014  0.1544  0.1908  0.2957  0.2273  0.2486  0.2538  0.2243  0.2967  0.2483  0.1953  0.2282  0.2152  0.2525  
 4   0.1384  0.0346  0.2014     -    0.2085  0.1122  0.1262  0.0520  0.2667  0.2754  0.0940  0.0548  0.3064  0.0304  0.0885  0.2414  0.2666  
 5   0.1029  0.1762  0.1544  0.2085     -    0.1983  0.2990  0.2437  0.1324  0.2080  0.1774  0.2754  0.1180  0.2186  0.2138  0.1800  0.1166  
 6   0.1366  0.0686  0.1908  0.1122  0.1983     -    0.1707  0.1512  0.2831  0.1876  0.0729  0.1272  0.3680  0.0859  0.1744  0.1934  0.2693  
 7   0.1839  0.1301  0.2957  0.1262  0.2990  0.1707     -    0.2026  0.3835  0.3032  0.1594  0.1810  0.3932  0.1019  0.1282  0.2355  0.3950  
 8   0.2257  0.0547  0.2273  0.0520  0.2437  0.1512  0.2026     -    0.3090  0.2709  0.1244  0.0973  0.3517  0.0967  0.0869  0.3181  0.3250  
 9   0.2050  0.2521  0.2486  0.2667  0.1324  0.2831  0.3835  0.3090     -    0.3225  0.3042  0.2973  0.1747  0.2510  0.2906  0.2228  0.0921  
10   0.2480  0.2043  0.2538  0.2754  0.2080  0.1876  0.3032  0.2709  0.3225     -    0.1494  0.3264  0.3887  0.2631  0.2635  0.2143  0.3128  
11   0.1404  0.0560  0.2243  0.0940  0.1774  0.0729  0.1594  0.1244  0.3042  0.1494     -    0.1195  0.3146  0.1085  0.1445  0.2375  0.3084  
12   0.2251  0.0656  0.2967  0.0548  0.2754  0.1272  0.1810  0.0973  0.2973  0.3264  0.1195     -    0.4053  0.0681  0.1323  0.3042  0.3143  
13   0.2336  0.2875  0.2483  0.3064  0.1180  0.3680  0.3932  0.3517  0.1747  0.3887  0.3146  0.4053     -    0.3327  0.3207  0.2937  0.2032  
14   0.1303  0.0502  0.1953  0.0304  0.2186  0.0859  0.1019  0.0967  0.2510  0.2631  0.1085  0.0681  0.3327     -    0.0957  0.2132  0.2640  
15   0.2098  0.0801  0.2282  0.0885  0.2138  0.1744  0.1282  0.0869  0.2906  0.2635  0.1445  0.1323  0.3207  0.0957     -    0.2541  0.3119  
16   0.1936  0.2365  0.2152  0.2414  0.1800  0.1934  0.2355  0.3181  0.2228  0.2143  0.2375  0.3042  0.2937  0.2132  0.2541     -    0.1944  
17   0.1820  0.2683  0.2525  0.2666  0.1166  0.2693  0.3950  0.3250  0.0921  0.3128  0.3084  0.3143  0.2032  0.2640  0.3119  0.1944     -    

Average distances (expected heterozygosity) between individuals in same cluster:
cluster  1  : 0.4536 
cluster  2  : 0.4190 
cluster  3  : 0.2463 
cluster  4  : 0.3862 
cluster  5  : 0.5229 
cluster  6  : 0.3478 
cluster  7  : 0.3464 
cluster  8  : 0.2622 
cluster  9  : 0.4891 
cluster 10  : 0.2195 
cluster 11  : 0.4250 
cluster 12  : 0.3082 
cluster 13  : 0.3978 
cluster 14  : 0.3991 
cluster 15  : 0.3865 
cluster 16  : 0.3623 
cluster 17  : 0.3315 

--------------------------------------------
Estimated Ln Prob of Data   = -20513.8
Mean value of ln likelihood = -19476.1
Variance of ln likelihood   = 2075.5
Mean value of alpha         = 0.0350

Mean value of Fst_1         = 0.3137
Mean value of Fst_2         = 0.2841
Mean value of Fst_3         = 0.6231
Mean value of Fst_4         = 0.3844
Mean value of Fst_5         = 0.1910
Mean value of Fst_6         = 0.5176
Mean value of Fst_7         = 0.4334
Mean value of Fst_8         = 0.4610
Mean value of Fst_9         = 0.4178
Mean value of Fst_10         = 0.6303
Mean value of Fst_11         = 0.3337
Mean value of Fst_12         = 0.4761
Mean value of Fst_13         = 0.4529
Mean value of Fst_14         = 0.3445
Mean value of Fst_15         = 0.3988
Mean value of Fst_16         = 0.4704
Mean value of Fst_17         = 0.5280


Inferred ancestry of individuals:
        Label (%Miss) Pop:  Inferred clusters
  1 TMA-ZAIN-G-    (9)    1 :  0.014 0.007 0.007 0.008 0.026 0.010 0.006 0.006 0.632 0.026 0.033 0.006 0.008 0.170 0.005 0.010 0.027 
  2 TMA-ZAIN-G-    (0)    1 :  0.005 0.014 0.016 0.010 0.009 0.005 0.004 0.020 0.636 0.008 0.008 0.010 0.006 0.099 0.103 0.020 0.027 
  3 TMA-ZAIN-G-    (0)    1 :  0.010 0.056 0.007 0.133 0.004 0.060 0.040 0.016 0.005 0.019 0.026 0.055 0.003 0.545 0.010 0.007 0.005 
  4 TMA-ZAIN-G-    (0)    1 :  0.006 0.023 0.557 0.104 0.005 0.012 0.037 0.024 0.006 0.015 0.007 0.082 0.004 0.079 0.011 0.019 0.008 
  5 TMA-ZAIN-G-    (0)    1 :  0.005 0.003 0.004 0.003 0.003 0.003 0.002 0.002 0.940 0.002 0.002 0.003 0.005 0.004 0.002 0.006 0.009 
  6 TMA-ZAIN-G-    (0)    1 :  0.143 0.050 0.033 0.068 0.027 0.066 0.045 0.005 0.023 0.012 0.014 0.012 0.028 0.433 0.013 0.014 0.014 
  7 TMA-ZAIN-G-    (0)    1 :  0.014 0.241 0.084 0.114 0.009 0.153 0.008 0.076 0.009 0.037 0.019 0.030 0.006 0.157 0.018 0.011 0.014 
  8 TMA-ZAIN-G-    (0)    1 :  0.005 0.008 0.004 0.013 0.003 0.879 0.008 0.007 0.004 0.004 0.007 0.013 0.003 0.021 0.008 0.009 0.004 
  9 TMA-ZAIN-G-    (9)    1 :  0.017 0.414 0.006 0.167 0.005 0.013 0.015 0.075 0.005 0.007 0.039 0.024 0.004 0.168 0.031 0.005 0.005 
 10 TMA-ZAIN-G-    (0)    1 :  0.036 0.194 0.012 0.179 0.006 0.047 0.026 0.214 0.003 0.011 0.110 0.026 0.004 0.092 0.026 0.010 0.004 
 11 TMA-ZAIN-G-    (0)    1 :  0.007 0.288 0.020 0.079 0.007 0.014 0.006 0.390 0.005 0.009 0.089 0.006 0.006 0.045 0.016 0.006 0.007 
 12 TMA-ZAIN-G-    (0)    1 :  0.008 0.052 0.005 0.269 0.006 0.014 0.005 0.021 0.005 0.024 0.037 0.467 0.003 0.066 0.008 0.005 0.005 
 13 TMA-ZAIN-G-    (9)    1 :  0.011 0.399 0.012 0.019 0.021 0.023 0.013 0.094 0.033 0.071 0.060 0.022 0.049 0.011 0.116 0.014 0.033 
 14 TMA-ZAIN-G-    (9)    1 :  0.011 0.018 0.005 0.021 0.010 0.008 0.006 0.028 0.003 0.760 0.078 0.007 0.012 0.007 0.015 0.008 0.003 
 15 TMA-ZAIN-G-    (0)    1 :  0.005 0.008 0.003 0.005 0.004 0.008 0.007 0.004 0.003 0.602 0.074 0.004 0.002 0.259 0.003 0.005 0.003 
 16 TMA-ZAIN-G-    (0)    1 :  0.007 0.058 0.005 0.322 0.005 0.008 0.006 0.275 0.003 0.006 0.017 0.252 0.004 0.012 0.010 0.003 0.006 
 17 TMA-ZAIN-G-    (9)    1 :  0.012 0.015 0.113 0.006 0.014 0.091 0.007 0.009 0.010 0.012 0.642 0.007 0.009 0.024 0.004 0.019 0.005 
 18 TMA-ZAIN-G-    (0)    1 :  0.019 0.005 0.017 0.006 0.101 0.012 0.005 0.004 0.033 0.008 0.008 0.015 0.008 0.008 0.004 0.045 0.703 
 19 TMA-ZAIN-G-    (0)    1 :  0.132 0.039 0.042 0.018 0.523 0.069 0.005 0.025 0.011 0.011 0.021 0.021 0.026 0.020 0.007 0.004 0.027 
 20 TMA-ZAIN-G-    (0)    1 :  0.008 0.003 0.006 0.004 0.799 0.004 0.005 0.004 0.031 0.004 0.003 0.003 0.046 0.004 0.005 0.034 0.038 
 21 TMA-ZAIN-G-    (0)    1 :  0.005 0.004 0.004 0.006 0.004 0.003 0.005 0.004 0.003 0.002 0.005 0.004 0.936 0.005 0.003 0.005 0.003 
 22 TMA-ZAIN-G-    (0)    1 :  0.009 0.003 0.009 0.003 0.011 0.003 0.002 0.003 0.043 0.003 0.003 0.003 0.811 0.003 0.003 0.007 0.080 
 23 TMA-ZAIN-G-    (0)    1 :  0.028 0.009 0.011 0.006 0.039 0.010 0.003 0.008 0.011 0.007 0.008 0.006 0.796 0.005 0.005 0.004 0.043 
 24 TMA-ZAIN-G-    (9)    1 :  0.003 0.009 0.003 0.008 0.003 0.003 0.083 0.007 0.006 0.015 0.014 0.008 0.629 0.006 0.190 0.006 0.007 
 25 TMA-ZAIN-G-    (9)    1 :  0.008 0.004 0.003 0.003 0.447 0.003 0.004 0.004 0.143 0.002 0.004 0.005 0.016 0.315 0.022 0.004 0.012 
 26 TMA-ZAIN-G-    (9)    1 :  0.005 0.018 0.010 0.011 0.007 0.012 0.007 0.021 0.006 0.008 0.034 0.007 0.022 0.328 0.030 0.469 0.005 
 27 TMA-ZAIN-G-    (0)    1 :  0.618 0.008 0.022 0.013 0.071 0.010 0.009 0.011 0.082 0.072 0.018 0.003 0.019 0.011 0.005 0.014 0.014 
 28 TMA-ZAIN-G-    (0)    1 :  0.897 0.007 0.005 0.005 0.011 0.009 0.004 0.005 0.005 0.009 0.005 0.005 0.004 0.007 0.004 0.004 0.014 
 29 TMA-ZAIN-G-    (0)    1 :  0.005 0.005 0.003 0.004 0.226 0.004 0.698 0.004 0.003 0.005 0.006 0.004 0.004 0.004 0.006 0.016 0.003 
 30 TMA-ZAIN-G-    (0)    1 :  0.429 0.080 0.008 0.035 0.026 0.012 0.031 0.030 0.004 0.047 0.151 0.038 0.004 0.025 0.070 0.006 0.005 
 31 TMA-ZAIN-G-    (0)    1 :  0.006 0.004 0.018 0.005 0.011 0.006 0.005 0.006 0.826 0.006 0.003 0.004 0.010 0.006 0.008 0.051 0.024 
 32 TMA-ZAIN-G-    (9)    1 :  0.005 0.008 0.004 0.012 0.021 0.005 0.004 0.011 0.013 0.006 0.029 0.022 0.028 0.305 0.007 0.005 0.514 
 33 TMA-ZAIN-G-   (18)    1 :  0.007 0.027 0.003 0.017 0.004 0.018 0.008 0.013 0.004 0.005 0.021 0.037 0.003 0.818 0.005 0.003 0.005 
 34 TMA-ZAIN-G-    (0)    1 :  0.006 0.010 0.005 0.119 0.008 0.006 0.005 0.011 0.025 0.005 0.007 0.050 0.016 0.653 0.009 0.005 0.061 
 35 TMA-ZAIN-G-    (9)    1 :  0.007 0.009 0.006 0.100 0.005 0.008 0.018 0.007 0.004 0.009 0.014 0.013 0.003 0.772 0.008 0.007 0.010 
 36 TMA-ZAIN-G-    (0)    1 :  0.006 0.104 0.007 0.017 0.005 0.041 0.013 0.025 0.003 0.098 0.104 0.010 0.003 0.351 0.195 0.014 0.005 
 37 TMA-ZAIN-G-    (9)    1 :  0.008 0.009 0.016 0.014 0.004 0.008 0.006 0.004 0.004 0.004 0.005 0.006 0.004 0.895 0.005 0.005 0.004 
 38 TMA-ZAIN-G-   (18)    1 :  0.005 0.008 0.010 0.008 0.034 0.004 0.005 0.009 0.469 0.012 0.022 0.008 0.016 0.360 0.007 0.006 0.015 
 39 TMA-ZAIN-G-    (0)    1 :  0.009 0.081 0.008 0.077 0.004 0.015 0.012 0.044 0.003 0.004 0.044 0.053 0.005 0.059 0.572 0.007 0.003 
 40 TMA-ZAIN-G-    (0)    1 :  0.004 0.061 0.018 0.016 0.005 0.010 0.006 0.027 0.004 0.004 0.447 0.065 0.007 0.228 0.089 0.006 0.003 
 41 TMA-ZAIN-G-    (0)    1 :  0.004 0.009 0.003 0.006 0.003 0.024 0.006 0.009 0.003 0.021 0.653 0.022 0.003 0.075 0.152 0.004 0.003 
 42 TMA-ZAIN-G-    (9)    1 :  0.004 0.009 0.005 0.005 0.003 0.054 0.009 0.005 0.003 0.071 0.786 0.009 0.002 0.008 0.008 0.016 0.003 
 43 TMA-ZAIN-G-    (0)    1 :  0.003 0.005 0.004 0.004 0.004 0.021 0.014 0.008 0.003 0.900 0.013 0.003 0.002 0.004 0.005 0.005 0.003 
 44 TMA-ZAIN-G-    (0)    1 :  0.003 0.021 0.008 0.040 0.011 0.007 0.007 0.069 0.006 0.005 0.007 0.008 0.746 0.022 0.034 0.004 0.005 
 45 TMA-ZAIN-G-    (0)    1 :  0.010 0.058 0.012 0.456 0.008 0.018 0.005 0.177 0.006 0.015 0.110 0.062 0.006 0.034 0.010 0.008 0.004 
 46 TMA-ZAIN-G-    (0)    1 :  0.003 0.004 0.009 0.004 0.006 0.003 0.003 0.005 0.004 0.004 0.003 0.003 0.932 0.003 0.005 0.006 0.003 
 47 TMA-ZAIN-G-    (0)    1 :  0.004 0.004 0.012 0.005 0.004 0.005 0.004 0.003 0.003 0.003 0.004 0.005 0.003 0.006 0.003 0.927 0.005 
 48 TMA-ZAIN-G-    (0)    1 :  0.041 0.168 0.118 0.067 0.012 0.113 0.015 0.061 0.005 0.045 0.092 0.013 0.027 0.025 0.012 0.178 0.008 
 49 TMA-ZAIN-G-    (9)    1 :  0.012 0.009 0.020 0.037 0.748 0.008 0.041 0.008 0.006 0.004 0.008 0.032 0.006 0.021 0.005 0.007 0.027 
 50 TMA-ZAIN-G-    (0)    1 :  0.022 0.010 0.005 0.005 0.762 0.012 0.003 0.005 0.016 0.008 0.097 0.009 0.006 0.006 0.027 0.003 0.005 
 51 TMA-ZAIN-G-    (0)    1 :  0.021 0.012 0.014 0.010 0.773 0.012 0.007 0.014 0.007 0.058 0.022 0.004 0.007 0.008 0.008 0.015 0.007 
 52 TMA-ZAIN-G-    (0)    1 :  0.037 0.015 0.135 0.008 0.678 0.010 0.003 0.009 0.006 0.018 0.008 0.012 0.008 0.006 0.007 0.034 0.007 
 53 TMA-ZAIN-G-    (0)    1 :  0.009 0.012 0.055 0.011 0.418 0.013 0.006 0.026 0.266 0.055 0.013 0.003 0.007 0.006 0.018 0.072 0.012 
 54 TMA-ZAIN-G-    (0)    1 :  0.011 0.008 0.004 0.006 0.008 0.010 0.003 0.007 0.004 0.011 0.012 0.007 0.004 0.005 0.004 0.888 0.007 
 55 TMA-ZAIN-G-    (0)    1 :  0.024 0.016 0.003 0.009 0.022 0.016 0.003 0.008 0.003 0.019 0.046 0.009 0.008 0.004 0.004 0.798 0.007 
 56 TMA-ZAIN-G-    (0)    1 :  0.061 0.107 0.384 0.027 0.022 0.061 0.016 0.029 0.008 0.027 0.152 0.010 0.008 0.026 0.017 0.041 0.004 
 57 TMA-ZAIN-G-    (0)    1 :  0.005 0.009 0.011 0.010 0.024 0.006 0.008 0.011 0.010 0.005 0.005 0.039 0.004 0.017 0.010 0.820 0.006 
 58 TMA-ZAIN-G-    (0)    1 :  0.171 0.016 0.014 0.010 0.313 0.041 0.008 0.005 0.017 0.010 0.021 0.018 0.140 0.012 0.004 0.039 0.159 
 59 TMA-ZAIN-G-    (0)    1 :  0.029 0.065 0.034 0.069 0.015 0.046 0.012 0.042 0.491 0.010 0.022 0.015 0.025 0.061 0.014 0.014 0.037 
 60 TMA-ZAIN-G-    (0)    1 :  0.103 0.011 0.033 0.014 0.157 0.021 0.006 0.022 0.303 0.134 0.017 0.006 0.010 0.013 0.006 0.018 0.127 
 61 TMA-ZAIN-G-    (0)    1 :  0.006 0.004 0.030 0.006 0.009 0.004 0.003 0.003 0.868 0.004 0.003 0.003 0.019 0.006 0.003 0.013 0.016 
 62 TMA-ZAIN-G-    (9)    1 :  0.041 0.019 0.003 0.041 0.014 0.007 0.005 0.017 0.746 0.005 0.021 0.018 0.014 0.016 0.017 0.009 0.008 
 63 TMA-ZAIN-G-    (0)    1 :  0.016 0.008 0.016 0.011 0.024 0.014 0.003 0.007 0.639 0.013 0.011 0.012 0.009 0.006 0.003 0.019 0.189 
 64 TMA-ZAIN-G-    (0)    1 :  0.003 0.008 0.004 0.006 0.002 0.004 0.926 0.008 0.002 0.006 0.005 0.004 0.002 0.005 0.009 0.003 0.002 
 65 TMA-ZAIN-G-    (9)    1 :  0.007 0.009 0.005 0.022 0.003 0.010 0.830 0.007 0.003 0.007 0.007 0.019 0.002 0.049 0.006 0.008 0.004 
 66 TMA-ZAIN-G-    (0)    1 :  0.004 0.023 0.005 0.026 0.003 0.006 0.826 0.048 0.003 0.005 0.007 0.009 0.003 0.014 0.012 0.004 0.003 
 67 TMA-ZAIN-G-    (0)    1 :  0.016 0.037 0.004 0.068 0.009 0.007 0.634 0.045 0.004 0.003 0.012 0.015 0.013 0.018 0.106 0.005 0.003 
 68 TMA-ZAIN-G-    (0)    1 :  0.003 0.005 0.004 0.005 0.003 0.010 0.929 0.004 0.002 0.007 0.005 0.005 0.002 0.005 0.004 0.004 0.003 
 69 TMA-ZAIN-G-    (0)    1 :  0.006 0.014 0.021 0.060 0.020 0.007 0.683 0.024 0.009 0.015 0.005 0.027 0.024 0.021 0.032 0.007 0.026 
 70 TMA-ZAIN-G-    (0)    1 :  0.004 0.022 0.004 0.020 0.004 0.004 0.012 0.038 0.003 0.005 0.006 0.008 0.004 0.008 0.853 0.003 0.003 
 71 TMA-ZAIN-G-    (0)    1 :  0.004 0.009 0.004 0.018 0.003 0.004 0.004 0.045 0.003 0.003 0.006 0.013 0.003 0.012 0.862 0.003 0.003 
 72 TMA-ZAIN-G-    (0)    1 :  0.008 0.022 0.004 0.015 0.004 0.005 0.013 0.008 0.003 0.006 0.008 0.006 0.003 0.008 0.877 0.006 0.003 
 73 TMA-ZAIN-G-    (0)    1 :  0.016 0.006 0.004 0.011 0.015 0.005 0.005 0.007 0.017 0.003 0.005 0.007 0.022 0.016 0.832 0.013 0.015 
 74 TMA-ZAIN-G-    (0)    1 :  0.004 0.007 0.003 0.010 0.005 0.005 0.004 0.006 0.005 0.003 0.005 0.009 0.004 0.011 0.909 0.004 0.003 
 75 TMA-ZAIN-G-    (0)    1 :  0.005 0.006 0.005 0.012 0.004 0.006 0.005 0.007 0.004 0.004 0.004 0.008 0.003 0.009 0.907 0.007 0.005 
 76 TMA-ZAIN-G-    (0)    1 :  0.004 0.006 0.003 0.012 0.008 0.004 0.005 0.027 0.005 0.003 0.005 0.007 0.014 0.007 0.883 0.003 0.003 
 77 TMA-ZAIN-G-    (0)    1 :  0.005 0.012 0.008 0.007 0.005 0.005 0.006 0.007 0.003 0.006 0.008 0.004 0.005 0.005 0.908 0.003 0.003 
 78 TMA-ZAIN-G-    (0)    1 :  0.007 0.025 0.010 0.012 0.011 0.006 0.005 0.023 0.005 0.005 0.004 0.007 0.011 0.007 0.852 0.006 0.006 
 79 TMA-ZAIN-G-    (0)    1 :  0.005 0.062 0.026 0.009 0.008 0.005 0.004 0.023 0.004 0.007 0.006 0.005 0.008 0.005 0.815 0.005 0.004 
 80 TMA-ZAIN-G-    (0)    1 :  0.006 0.085 0.007 0.060 0.004 0.011 0.021 0.034 0.003 0.004 0.015 0.071 0.004 0.019 0.640 0.011 0.003 
 81 TMA-ZAIN-G-    (0)    1 :  0.008 0.026 0.030 0.020 0.009 0.009 0.005 0.207 0.004 0.008 0.009 0.011 0.007 0.023 0.614 0.006 0.004 
 82 TMA-ZAIN-G-    (0)    1 :  0.006 0.013 0.007 0.312 0.005 0.014 0.173 0.170 0.004 0.006 0.007 0.043 0.003 0.169 0.046 0.014 0.008 
 83 TMA-ZAIN-G-    (9)    1 :  0.020 0.018 0.005 0.231 0.010 0.016 0.018 0.010 0.021 0.004 0.008 0.085 0.018 0.491 0.009 0.010 0.026 
 84 TMA-ZAIN-G-    (0)    1 :  0.006 0.036 0.010 0.017 0.012 0.007 0.005 0.189 0.004 0.006 0.009 0.013 0.018 0.012 0.649 0.004 0.003 
 85 TMA-ZAIN-G-    (0)    1 :  0.004 0.004 0.941 0.003 0.004 0.004 0.003 0.004 0.004 0.004 0.003 0.003 0.004 0.004 0.003 0.003 0.004 
 86 TMA-ZAIN-G-    (0)    1 :  0.005 0.010 0.886 0.013 0.004 0.009 0.006 0.011 0.004 0.003 0.010 0.010 0.006 0.012 0.005 0.005 0.003 
 87 TMA-ZAIN-G-    (0)    1 :  0.004 0.003 0.944 0.003 0.004 0.004 0.003 0.004 0.004 0.003 0.003 0.003 0.004 0.004 0.003 0.003 0.005 
 88 TMA-ZAIN-G-    (0)    1 :  0.011 0.042 0.336 0.067 0.008 0.010 0.033 0.033 0.162 0.014 0.008 0.090 0.011 0.063 0.018 0.073 0.022 
 89 TMA-ZAIN-G-    (0)    1 :  0.004 0.042 0.252 0.023 0.008 0.006 0.020 0.057 0.043 0.037 0.009 0.025 0.028 0.021 0.030 0.383 0.012 
 90 TMA-ZAIN-G-    (0)    1 :  0.006 0.005 0.813 0.023 0.005 0.006 0.012 0.004 0.004 0.004 0.004 0.019 0.004 0.020 0.004 0.035 0.031 
 91 TMA-ZAIN-G-    (0)    1 :  0.016 0.012 0.736 0.012 0.007 0.012 0.010 0.016 0.085 0.013 0.007 0.007 0.006 0.013 0.008 0.032 0.006 
 92 TMA-ZAIN-G-    (0)    1 :  0.026 0.012 0.494 0.012 0.031 0.008 0.006 0.011 0.007 0.012 0.010 0.004 0.038 0.008 0.011 0.294 0.015 
 93 TMA-ZAIN-G-    (0)    1 :  0.100 0.008 0.174 0.009 0.028 0.006 0.007 0.009 0.053 0.026 0.006 0.003 0.014 0.007 0.006 0.534 0.009 
 94 TMA-ZAIN-G-    (0)    1 :  0.017 0.004 0.722 0.005 0.008 0.005 0.005 0.005 0.129 0.007 0.003 0.003 0.009 0.006 0.005 0.050 0.018 
 95 TMA-ZAIN-G-    (0)    1 :  0.849 0.008 0.005 0.006 0.031 0.004 0.008 0.004 0.004 0.015 0.017 0.006 0.005 0.004 0.012 0.004 0.019 
 96 TMA-ZAIN-G-    (0)    1 :  0.719 0.005 0.009 0.005 0.068 0.007 0.004 0.004 0.006 0.016 0.120 0.008 0.006 0.010 0.003 0.004 0.006 
 97 TMA-ZAIN-G-    (0)    1 :  0.006 0.005 0.007 0.005 0.028 0.009 0.006 0.009 0.664 0.007 0.003 0.004 0.006 0.005 0.026 0.015 0.195 
 98 TMA-ZAIN-G-    (0)    1 :  0.003 0.004 0.005 0.004 0.004 0.013 0.004 0.008 0.699 0.005 0.003 0.003 0.004 0.005 0.033 0.012 0.191 
 99 TMA-ZAIN-G-    (0)    1 :  0.006 0.113 0.004 0.032 0.005 0.021 0.009 0.059 0.602 0.006 0.019 0.012 0.010 0.045 0.013 0.004 0.040 
100 TMA-ZAIN-G-    (0)    1 :  0.007 0.003 0.025 0.005 0.031 0.004 0.005 0.004 0.854 0.006 0.003 0.003 0.012 0.004 0.005 0.018 0.011 
101 TMA-ZAIN-G-    (0)    1 :  0.010 0.031 0.003 0.006 0.021 0.007 0.005 0.049 0.762 0.006 0.005 0.006 0.005 0.007 0.005 0.010 0.061 
102 TMA-ZAIN-G-    (0)    1 :  0.013 0.011 0.047 0.013 0.040 0.006 0.008 0.007 0.011 0.013 0.027 0.017 0.083 0.008 0.014 0.005 0.677 
103 TMA-ZAIN-G-    (0)    1 :  0.012 0.009 0.029 0.009 0.018 0.009 0.005 0.009 0.010 0.005 0.008 0.010 0.012 0.007 0.007 0.004 0.837 
104 TMA-ZAIN-G-    (0)    1 :  0.003 0.003 0.003 0.003 0.005 0.004 0.002 0.003 0.006 0.003 0.003 0.003 0.005 0.003 0.003 0.004 0.945 
105 TMA-ZAIN-G-    (0)    1 :  0.010 0.010 0.039 0.011 0.009 0.010 0.005 0.011 0.008 0.005 0.008 0.011 0.006 0.008 0.006 0.004 0.837 
106 TMA-ZAIN-G-    (0)    1 :  0.006 0.165 0.007 0.035 0.004 0.041 0.048 0.049 0.003 0.090 0.354 0.047 0.003 0.061 0.077 0.005 0.004 
107 TMA-ZAIN-G-    (0)    1 :  0.005 0.375 0.006 0.074 0.004 0.023 0.013 0.040 0.004 0.011 0.014 0.255 0.003 0.068 0.092 0.008 0.005 
108 TMA-ZAIN-G-    (9)    1 :  0.009 0.011 0.042 0.022 0.034 0.008 0.006 0.024 0.174 0.019 0.014 0.008 0.028 0.564 0.009 0.010 0.019 
109 TMA-ZAIN-G-    (0)    1 :  0.029 0.100 0.013 0.025 0.007 0.060 0.099 0.015 0.265 0.022 0.069 0.143 0.005 0.063 0.006 0.051 0.027 
110 TMA-ZAIN-G-    (0)    1 :  0.021 0.190 0.019 0.130 0.099 0.054 0.007 0.046 0.048 0.016 0.044 0.056 0.112 0.087 0.016 0.014 0.042 
111 TMA-ZAIN-G-    (9)    1 :  0.017 0.015 0.007 0.109 0.090 0.008 0.009 0.015 0.196 0.004 0.009 0.149 0.112 0.060 0.033 0.020 0.148 
112 TMA-ZAIN-G-    (0)    1 :  0.027 0.050 0.013 0.045 0.055 0.041 0.019 0.109 0.091 0.032 0.132 0.058 0.028 0.038 0.013 0.018 0.230 
113 TMA-ZAIN-G-    (0)    1 :  0.003 0.007 0.005 0.008 0.004 0.006 0.007 0.014 0.863 0.005 0.004 0.010 0.008 0.010 0.015 0.018 0.012 
114 TMA-ZAIN-G-    (0)    1 :  0.004 0.003 0.006 0.003 0.004 0.002 0.002 0.003 0.942 0.002 0.002 0.003 0.008 0.003 0.003 0.003 0.005 
115 TMA-ZAIN-G-    (0)    1 :  0.005 0.003 0.003 0.004 0.004 0.003 0.003 0.003 0.938 0.003 0.003 0.005 0.005 0.004 0.003 0.004 0.007 
116 TMA-ZAIN-G-    (0)    1 :  0.006 0.008 0.005 0.251 0.003 0.012 0.009 0.007 0.004 0.005 0.006 0.188 0.002 0.471 0.008 0.009 0.006 
117 TMA-ZAIN-G-    (0)    1 :  0.022 0.047 0.023 0.086 0.006 0.075 0.127 0.034 0.005 0.037 0.023 0.019 0.003 0.413 0.048 0.026 0.007 
118 TMA-ZAIN-G-    (0)    1 :  0.008 0.012 0.006 0.207 0.004 0.009 0.013 0.009 0.004 0.013 0.009 0.221 0.003 0.460 0.009 0.007 0.006 
119 TMA-ZAIN-G-    (0)    1 :  0.012 0.009 0.004 0.227 0.014 0.009 0.018 0.007 0.013 0.005 0.006 0.172 0.013 0.442 0.029 0.007 0.014 
120 TMA-ZAIN-G-    (0)    1 :  0.012 0.014 0.010 0.222 0.006 0.014 0.012 0.010 0.005 0.031 0.008 0.110 0.003 0.514 0.012 0.007 0.008 
121 TMA-ZAIN-G-    (0)    1 :  0.012 0.015 0.006 0.248 0.004 0.017 0.038 0.006 0.003 0.008 0.012 0.018 0.003 0.585 0.010 0.009 0.007 
122 TMA-ZAIN-G-    (0)    1 :  0.020 0.048 0.042 0.043 0.004 0.040 0.012 0.008 0.004 0.007 0.012 0.011 0.005 0.727 0.008 0.006 0.004 
123 TMA-ZAIN-G-    (0)    1 :  0.007 0.005 0.011 0.006 0.015 0.005 0.004 0.006 0.871 0.013 0.005 0.005 0.007 0.006 0.006 0.006 0.022 
124 TMA-ZAIN-G-    (0)    1 :  0.005 0.011 0.006 0.006 0.004 0.893 0.003 0.006 0.003 0.006 0.027 0.007 0.003 0.006 0.004 0.004 0.005 
125 TMA-ZAIN-G-    (0)    1 :  0.004 0.006 0.005 0.005 0.003 0.901 0.011 0.005 0.002 0.008 0.009 0.005 0.002 0.005 0.005 0.021 0.003 
126 TMA-ZAIN-G-    (0)    1 :  0.004 0.012 0.005 0.005 0.004 0.890 0.004 0.008 0.003 0.017 0.017 0.011 0.003 0.005 0.004 0.006 0.004 
127 TMA-ZAIN-G-    (0)    1 :  0.004 0.015 0.005 0.007 0.003 0.859 0.005 0.012 0.003 0.008 0.050 0.010 0.003 0.008 0.003 0.003 0.003 
128 TMA-ZAIN-G-    (0)    1 :  0.008 0.012 0.005 0.010 0.003 0.886 0.011 0.008 0.003 0.006 0.011 0.006 0.003 0.016 0.004 0.005 0.003 
129 TMA-ZAIN-G-    (0)    1 :  0.005 0.015 0.005 0.007 0.004 0.901 0.004 0.005 0.004 0.007 0.012 0.005 0.003 0.009 0.004 0.004 0.005 
130 TMA-ZAIN-G-    (0)    1 :  0.004 0.007 0.005 0.005 0.004 0.903 0.005 0.004 0.004 0.016 0.006 0.008 0.002 0.005 0.004 0.013 0.005 
131 TMA-ZAIN-G-    (0)    1 :  0.006 0.010 0.007 0.005 0.004 0.907 0.004 0.007 0.003 0.008 0.015 0.005 0.003 0.005 0.004 0.003 0.004 
132 TMA-ZAIN-G-    (0)    1 :  0.007 0.011 0.005 0.011 0.003 0.864 0.016 0.009 0.003 0.006 0.012 0.008 0.002 0.019 0.007 0.013 0.003 
133 TMA-ZAIN-G-    (0)    1 :  0.014 0.571 0.028 0.012 0.009 0.025 0.051 0.011 0.003 0.071 0.122 0.017 0.007 0.011 0.027 0.018 0.003 
134 TMA-ZAIN-G-    (0)    1 :  0.004 0.623 0.021 0.005 0.005 0.099 0.024 0.007 0.003 0.103 0.027 0.026 0.004 0.007 0.021 0.019 0.003 
135 TMA-ZAIN-G-    (0)    1 :  0.003 0.840 0.006 0.011 0.003 0.010 0.008 0.010 0.004 0.006 0.010 0.056 0.003 0.009 0.013 0.004 0.003 
136 TMA-ZAIN-G-    (0)    1 :  0.007 0.494 0.005 0.088 0.004 0.013 0.274 0.008 0.005 0.006 0.013 0.023 0.005 0.026 0.013 0.013 0.003 
137 TMA-ZAIN-G-    (0)    1 :  0.004 0.228 0.021 0.010 0.007 0.013 0.005 0.013 0.006 0.005 0.008 0.628 0.008 0.017 0.018 0.005 0.004 
138 TMA-ZAIN-G-    (0)    1 :  0.004 0.683 0.004 0.033 0.003 0.088 0.008 0.019 0.004 0.012 0.020 0.082 0.003 0.018 0.009 0.009 0.003 
139 TMA-ZAIN-G-    (0)    1 :  0.004 0.662 0.006 0.025 0.003 0.061 0.009 0.011 0.005 0.007 0.010 0.113 0.003 0.026 0.021 0.029 0.004 
140 TMA-ZAIN-G-    (0)    1 :  0.011 0.339 0.005 0.210 0.004 0.017 0.010 0.231 0.004 0.006 0.028 0.080 0.004 0.031 0.013 0.003 0.004 
141 TMA-ZAIN-G-    (0)    1 :  0.006 0.204 0.010 0.064 0.005 0.042 0.006 0.515 0.006 0.024 0.013 0.032 0.003 0.031 0.027 0.006 0.007 
142 TMA-ZAIN-G-    (9)    1 :  0.007 0.105 0.005 0.135 0.003 0.012 0.014 0.560 0.003 0.006 0.013 0.091 0.003 0.025 0.011 0.004 0.004 
143 TMA-ZAIN-G-    (0)    1 :  0.010 0.520 0.006 0.120 0.003 0.065 0.011 0.063 0.003 0.008 0.019 0.057 0.003 0.091 0.012 0.005 0.004 
144 TMA-ZAIN-G-    (0)    1 :  0.018 0.437 0.010 0.195 0.009 0.050 0.006 0.012 0.003 0.008 0.058 0.131 0.006 0.030 0.006 0.017 0.004 
145 TMA-ZAIN-G-    (0)    1 :  0.006 0.038 0.005 0.053 0.003 0.041 0.287 0.057 0.003 0.006 0.017 0.377 0.002 0.049 0.036 0.016 0.003 
146 TMA-ZAIN-G-    (0)    1 :  0.003 0.045 0.003 0.008 0.003 0.004 0.004 0.890 0.003 0.004 0.004 0.006 0.002 0.006 0.009 0.003 0.003 
147 TMA-ZAIN-G-    (9)    1 :  0.004 0.157 0.004 0.014 0.003 0.006 0.010 0.741 0.003 0.004 0.007 0.009 0.003 0.019 0.010 0.004 0.003 
148 TMA-ZAIN-G-    (0)    1 :  0.003 0.166 0.004 0.015 0.003 0.023 0.004 0.665 0.003 0.049 0.020 0.005 0.003 0.007 0.008 0.021 0.003 
149 TMA-ZAIN-G-    (0)    1 :  0.012 0.608 0.020 0.015 0.006 0.026 0.006 0.163 0.012 0.015 0.015 0.008 0.011 0.029 0.009 0.026 0.018 
150 TMA-ZAIN-G-    (0)    1 :  0.010 0.541 0.010 0.067 0.006 0.011 0.082 0.051 0.009 0.010 0.008 0.021 0.008 0.070 0.019 0.037 0.041 
151 TMA-ZAIN-G-    (0)    1 :  0.004 0.006 0.003 0.043 0.003 0.005 0.006 0.007 0.003 0.015 0.171 0.682 0.002 0.037 0.005 0.004 0.003 
152 TMA-ZAIN-G-    (0)    1 :  0.005 0.007 0.003 0.141 0.003 0.006 0.006 0.011 0.005 0.016 0.014 0.723 0.002 0.047 0.004 0.004 0.003 
153 TMA-ZAIN-G-    (0)    1 :  0.005 0.153 0.004 0.116 0.003 0.032 0.017 0.021 0.003 0.028 0.069 0.490 0.002 0.026 0.014 0.013 0.005 
154 TMA-ZAIN-G-    (0)    1 :  0.003 0.005 0.004 0.019 0.003 0.006 0.004 0.008 0.003 0.004 0.006 0.911 0.002 0.012 0.004 0.004 0.003 
155 TMA-ZAIN-G-    (0)    1 :  0.004 0.054 0.006 0.012 0.003 0.011 0.006 0.013 0.004 0.007 0.009 0.844 0.003 0.009 0.007 0.003 0.005 
156 TMA-ZAIN-G-    (9)    1 :  0.004 0.023 0.003 0.049 0.004 0.028 0.003 0.017 0.005 0.079 0.056 0.696 0.003 0.012 0.004 0.009 0.005 
157 TMA-ZAIN-G-    (0)    1 :  0.004 0.165 0.004 0.051 0.004 0.018 0.007 0.051 0.004 0.124 0.059 0.479 0.003 0.009 0.008 0.005 0.006 
158 TMA-ZAIN-G-    (0)    1 :  0.006 0.018 0.003 0.351 0.007 0.007 0.006 0.080 0.003 0.004 0.012 0.455 0.004 0.015 0.022 0.005 0.004 
159 TMA-ZAIN-G-    (0)    1 :  0.004 0.077 0.004 0.089 0.003 0.012 0.016 0.153 0.005 0.004 0.006 0.441 0.002 0.018 0.157 0.005 0.004 
160 TMA-ZAIN-G-    (0)    1 :  0.003 0.028 0.005 0.119 0.003 0.007 0.020 0.039 0.005 0.005 0.004 0.568 0.002 0.040 0.138 0.008 0.005 
161 TMA-ZAIN-G-    (0)    1 :  0.006 0.393 0.005 0.073 0.005 0.104 0.007 0.040 0.003 0.015 0.041 0.242 0.003 0.029 0.014 0.016 0.003 
162 TMA-ZAIN-G-    (0)    1 :  0.009 0.008 0.010 0.008 0.005 0.005 0.004 0.006 0.013 0.003 0.008 0.871 0.010 0.007 0.005 0.010 0.017 
163 TMA-ZAIN-G-    (0)    1 :  0.003 0.013 0.003 0.040 0.002 0.006 0.004 0.011 0.003 0.003 0.005 0.887 0.002 0.008 0.006 0.003 0.003 
164 TMA-ZAIN-G-    (0)    1 :  0.007 0.025 0.013 0.254 0.004 0.012 0.008 0.020 0.005 0.004 0.006 0.563 0.005 0.053 0.007 0.009 0.006 
165 TMA-ZAIN-G-    (0)    1 :  0.004 0.038 0.003 0.238 0.003 0.009 0.006 0.023 0.004 0.003 0.007 0.604 0.003 0.038 0.009 0.003 0.004 
166 TMA-ZAIN-G-    (0)    1 :  0.004 0.049 0.006 0.112 0.003 0.046 0.012 0.144 0.003 0.006 0.025 0.512 0.002 0.039 0.025 0.009 0.003 
167 TMA-ZAIN-G-    (0)    1 :  0.008 0.182 0.008 0.204 0.007 0.014 0.004 0.431 0.005 0.008 0.016 0.016 0.005 0.021 0.062 0.005 0.006 
168 TMA-ZAIN-G-    (0)    1 :  0.005 0.011 0.006 0.068 0.005 0.007 0.007 0.801 0.005 0.022 0.006 0.005 0.003 0.011 0.028 0.006 0.006 
169 TMA-ZAIN-G-    (0)    1 :  0.003 0.008 0.004 0.054 0.003 0.006 0.028 0.841 0.003 0.004 0.004 0.008 0.002 0.009 0.016 0.004 0.003 
170 TMA-ZAIN-G-    (0)    1 :  0.009 0.066 0.006 0.064 0.035 0.042 0.016 0.485 0.037 0.050 0.071 0.033 0.012 0.036 0.023 0.004 0.012 
171 TMA-ZAIN-G-    (0)    1 :  0.003 0.008 0.004 0.068 0.003 0.004 0.008 0.849 0.003 0.003 0.003 0.007 0.003 0.008 0.020 0.003 0.003 
172 TMA-ZAIN-G-    (0)    1 :  0.006 0.038 0.005 0.034 0.006 0.021 0.004 0.677 0.003 0.014 0.160 0.009 0.004 0.006 0.008 0.003 0.003 
173 TMA-ZAIN-G-    (0)    1 :  0.011 0.066 0.007 0.063 0.007 0.042 0.005 0.346 0.003 0.022 0.378 0.011 0.003 0.010 0.017 0.005 0.004 
174 TMA-ZAIN-G-    (0)    1 :  0.005 0.056 0.004 0.105 0.003 0.416 0.038 0.125 0.003 0.004 0.084 0.045 0.002 0.083 0.018 0.007 0.003 
175 TMA-ZAIN-G-    (0)    1 :  0.003 0.011 0.004 0.043 0.003 0.005 0.006 0.855 0.003 0.004 0.004 0.006 0.003 0.010 0.033 0.004 0.004 
176 TMA-ZAIN-G-    (0)    1 :  0.003 0.009 0.004 0.032 0.003 0.005 0.005 0.897 0.003 0.004 0.004 0.007 0.003 0.006 0.011 0.003 0.003 
177 TMA-ZAIN-G-    (0)    1 :  0.003 0.008 0.003 0.043 0.003 0.004 0.003 0.885 0.003 0.010 0.008 0.006 0.003 0.005 0.006 0.002 0.003 
178 TMA-ZAIN-G-    (0)    1 :  0.007 0.105 0.005 0.319 0.007 0.010 0.004 0.276 0.005 0.041 0.166 0.013 0.004 0.016 0.014 0.004 0.004 
179 TMA-ZAIN-G-    (0)    1 :  0.005 0.014 0.005 0.087 0.003 0.009 0.006 0.790 0.003 0.013 0.023 0.013 0.002 0.013 0.007 0.004 0.003 
180 TMA-ZAIN-G-    (0)    1 :  0.014 0.121 0.023 0.042 0.006 0.355 0.087 0.021 0.004 0.028 0.196 0.014 0.007 0.064 0.005 0.010 0.004 
181 TMA-ZAIN-G-    (0)    1 :  0.004 0.028 0.004 0.011 0.004 0.018 0.006 0.008 0.005 0.105 0.727 0.047 0.003 0.010 0.011 0.005 0.005 
182 TMA-ZAIN-G-    (0)    1 :  0.005 0.130 0.006 0.017 0.004 0.340 0.003 0.018 0.007 0.171 0.236 0.028 0.003 0.017 0.004 0.004 0.006 
183 TMA-ZAIN-G-    (0)    1 :  0.004 0.013 0.005 0.010 0.004 0.009 0.004 0.009 0.004 0.057 0.821 0.010 0.003 0.032 0.007 0.004 0.004 
184 TMA-ZAIN-G-    (0)    1 :  0.012 0.104 0.020 0.020 0.008 0.017 0.008 0.013 0.022 0.028 0.625 0.039 0.010 0.023 0.012 0.017 0.023 
185 TMA-ZAIN-G-    (0)    1 :  0.035 0.032 0.011 0.016 0.008 0.032 0.005 0.006 0.011 0.004 0.769 0.011 0.013 0.008 0.007 0.020 0.012 
186 TMA-ZAIN-G-    (9)    1 :  0.012 0.023 0.006 0.017 0.007 0.056 0.005 0.012 0.003 0.005 0.808 0.014 0.004 0.007 0.010 0.005 0.005 
187 TMA-ZAIN-G-    (0)    1 :  0.005 0.053 0.005 0.008 0.005 0.015 0.017 0.010 0.004 0.015 0.759 0.046 0.003 0.008 0.040 0.003 0.004 
188 TMA-ZAIN-G-    (0)    1 :  0.004 0.024 0.003 0.006 0.003 0.016 0.029 0.005 0.003 0.006 0.781 0.023 0.002 0.042 0.046 0.004 0.004 
189 TMA-ZAIN-G-    (0)    1 :  0.004 0.007 0.003 0.006 0.003 0.012 0.006 0.007 0.002 0.005 0.919 0.006 0.003 0.005 0.004 0.002 0.003 
190 TMA-ZAIN-G-    (0)    1 :  0.007 0.013 0.004 0.038 0.005 0.009 0.017 0.039 0.003 0.016 0.741 0.005 0.003 0.061 0.030 0.005 0.003 
191 TMA-ZAIN-G-    (0)    1 :  0.009 0.009 0.014 0.007 0.006 0.007 0.004 0.008 0.010 0.004 0.864 0.006 0.013 0.013 0.008 0.008 0.010 
192 TMA-ZAIN-G-    (0)    1 :  0.003 0.031 0.024 0.006 0.011 0.015 0.004 0.009 0.005 0.015 0.826 0.010 0.013 0.006 0.014 0.005 0.003 
193 TMA-ZAIN-G-    (0)    1 :  0.003 0.003 0.004 0.003 0.003 0.004 0.004 0.004 0.003 0.947 0.005 0.003 0.002 0.003 0.003 0.004 0.003 
194 TMA-ZAIN-G-    (0)    1 :  0.021 0.013 0.004 0.009 0.012 0.043 0.012 0.008 0.002 0.733 0.100 0.003 0.007 0.006 0.007 0.018 0.003 
195 TMA-ZAIN-G-    (0)    1 :  0.005 0.016 0.004 0.026 0.008 0.045 0.033 0.027 0.003 0.690 0.091 0.005 0.003 0.012 0.023 0.007 0.003 
196 TMA-ZAIN-G-    (0)    1 :  0.008 0.012 0.004 0.008 0.004 0.012 0.017 0.005 0.003 0.869 0.023 0.007 0.003 0.009 0.006 0.007 0.003 
197 TMA-ZAIN-G-    (0)    1 :  0.005 0.013 0.008 0.008 0.004 0.012 0.012 0.013 0.002 0.875 0.011 0.008 0.003 0.009 0.010 0.005 0.003 
198 TMA-ZAIN-G-    (0)    1 :  0.003 0.010 0.004 0.010 0.003 0.006 0.007 0.018 0.003 0.879 0.019 0.010 0.003 0.009 0.009 0.005 0.003 
199 TMA-ZAIN-G-    (0)    1 :  0.010 0.025 0.005 0.016 0.005 0.041 0.005 0.009 0.003 0.006 0.830 0.016 0.004 0.008 0.008 0.006 0.004 
200 TMA-ZAIN-G-    (0)    1 :  0.018 0.003 0.006 0.005 0.156 0.003 0.003 0.003 0.015 0.049 0.007 0.002 0.702 0.004 0.003 0.004 0.017 
201 TMA-ZAIN-G-    (0)    1 :  0.012 0.005 0.006 0.004 0.040 0.003 0.006 0.004 0.005 0.003 0.003 0.003 0.879 0.004 0.004 0.004 0.014 
202 TMA-ZAIN-G-    (0)    1 :  0.008 0.007 0.004 0.009 0.059 0.005 0.004 0.007 0.024 0.040 0.016 0.005 0.791 0.007 0.003 0.003 0.010 
203 TMA-ZAIN-G-    (0)    1 :  0.005 0.040 0.005 0.019 0.004 0.043 0.004 0.012 0.018 0.753 0.021 0.023 0.003 0.030 0.007 0.004 0.010 
204 TMA-ZAIN-G-    (9)    1 :  0.007 0.010 0.066 0.010 0.039 0.007 0.011 0.021 0.007 0.006 0.008 0.004 0.748 0.013 0.015 0.025 0.004 
205 TMA-ZAIN-G-    (0)    1 :  0.005 0.032 0.018 0.017 0.075 0.010 0.006 0.010 0.007 0.007 0.006 0.069 0.680 0.026 0.010 0.015 0.006 
206 TMA-ZAIN-G-    (9)    1 :  0.010 0.008 0.150 0.016 0.073 0.007 0.008 0.027 0.015 0.057 0.019 0.005 0.559 0.016 0.008 0.012 0.010 
207 TMA-ZAIN-G-    (9)    1 :  0.057 0.141 0.049 0.245 0.021 0.012 0.046 0.010 0.009 0.007 0.017 0.121 0.007 0.187 0.014 0.052 0.007 
208 TMA-ZAIN-G-    (0)    1 :  0.008 0.436 0.002 0.256 0.003 0.007 0.043 0.098 0.003 0.004 0.022 0.048 0.003 0.044 0.015 0.005 0.003 
209 TMA-ZAIN-G-    (0)    1 :  0.004 0.257 0.008 0.034 0.004 0.137 0.013 0.176 0.003 0.179 0.029 0.037 0.003 0.008 0.047 0.060 0.003 
210 TMA-ZAIN-G-    (0)    1 :  0.011 0.143 0.012 0.027 0.005 0.065 0.095 0.077 0.004 0.323 0.075 0.065 0.003 0.028 0.048 0.015 0.004 
211 TMA-ZAIN-G-    (0)    1 :  0.018 0.232 0.009 0.030 0.021 0.288 0.023 0.078 0.010 0.060 0.088 0.027 0.017 0.042 0.040 0.011 0.008 
212 TMA-ZAIN-G-    (0)    1 :  0.011 0.110 0.014 0.254 0.004 0.048 0.012 0.097 0.003 0.023 0.202 0.031 0.004 0.172 0.005 0.006 0.003 
213 TMA-ZAIN-G-    (0)    1 :  0.005 0.803 0.004 0.015 0.004 0.012 0.004 0.046 0.003 0.013 0.033 0.032 0.003 0.005 0.009 0.005 0.003 
214 TMA-ZAIN-G-    (0)    1 :  0.004 0.664 0.004 0.019 0.005 0.085 0.023 0.040 0.003 0.013 0.048 0.050 0.003 0.005 0.025 0.006 0.003 
215 TMA-ZAIN-G-    (0)    1 :  0.005 0.113 0.003 0.045 0.228 0.008 0.004 0.330 0.003 0.004 0.166 0.017 0.009 0.032 0.028 0.002 0.003 
216 TMA-ZAIN-G-    (0)    1 :  0.008 0.286 0.005 0.038 0.005 0.128 0.007 0.091 0.003 0.015 0.347 0.024 0.005 0.006 0.013 0.014 0.003 
217 TMA-ZAIN-G-    (0)    1 :  0.003 0.550 0.005 0.013 0.004 0.077 0.081 0.145 0.003 0.027 0.021 0.023 0.003 0.006 0.029 0.006 0.003 
218 TMA-ZAIN-G-    (0)    1 :  0.013 0.005 0.004 0.006 0.892 0.013 0.009 0.011 0.005 0.003 0.007 0.007 0.004 0.005 0.004 0.006 0.008 
219 TMA-ZAIN-G-    (0)    1 :  0.007 0.004 0.012 0.005 0.911 0.009 0.004 0.004 0.005 0.003 0.005 0.005 0.007 0.004 0.004 0.007 0.005 
220 TMA-ZAIN-G-    (0)    1 :  0.169 0.006 0.012 0.018 0.426 0.005 0.009 0.006 0.008 0.004 0.007 0.010 0.005 0.208 0.005 0.005 0.098 
221 TMA-ZAIN-G-    (0)    1 :  0.009 0.009 0.010 0.009 0.867 0.013 0.005 0.012 0.004 0.006 0.019 0.008 0.010 0.007 0.006 0.004 0.003 
222 TMA-ZAIN-G-    (0)    1 :  0.005 0.007 0.023 0.019 0.806 0.015 0.013 0.009 0.005 0.005 0.007 0.016 0.006 0.011 0.007 0.008 0.038 
223 TMA-ZAIN-G-    (0)    1 :  0.015 0.006 0.015 0.006 0.899 0.005 0.005 0.004 0.006 0.003 0.005 0.005 0.007 0.006 0.004 0.005 0.005 
