

----------------------------------------------------
STRUCTURE by Pritchard, Stephens and Donnelly (2000)
     and Falush, Stephens and Pritchard (2003)
       Code by Pritchard, Falush and Hubisz
             Version 2.3.4 (Jul 2012)
----------------------------------------------------



Command line arguments:   bin\structure -m C:\Users\eschumacher\Documents\GitHub\GCC_QUAC_ZAIN\Data_Files\Structure_Files\ZAIN\ZAIN_rebinned_allpop_str\50-50\mainparams -e C:\Users\eschumacher\Documents\GitHub\GCC_QUAC_ZAIN\Data_Files\Structure_Files\ZAIN\ZAIN_rebinned_allpop_str\50-50\extraparams 
Input File:    C:\Users\eschumacher\Documents\GitHub\GCC_QUAC_ZAIN\Data_Files\Structure_Files\ZAIN\ZAIN_rebinned_allpop_str\project_data

Run parameters:
   1133 individuals
   11 loci
   7 populations assumed
   50000 Burn-in period
   50000 Reps


--------------------------------------------
Proportion of membership of each pre-defined
 population in each of the 7 clusters

Given    Inferred Clusters                                   Number of
 Pop       1      2      3      4      5      6      7      Individuals

  1:     0.189  0.059  0.235  0.106  0.046  0.204  0.162      303
  2:     0.221  0.022  0.179  0.094  0.082  0.290  0.113       15
  3:     0.269  0.286  0.184  0.021  0.013  0.098  0.129        2
  4:     0.317  0.009  0.121  0.062  0.032  0.396  0.063        2
  5:     0.382  0.184  0.156  0.055  0.061  0.126  0.036        7
  6:     0.015  0.116  0.013  0.018  0.008  0.162  0.667       13
  7:     0.008  0.006  0.005  0.019  0.004  0.007  0.951       13
  8:     0.029  0.057  0.551  0.012  0.082  0.260  0.010        7
  9:     0.038  0.081  0.335  0.061  0.049  0.413  0.023       11
 10:     0.164  0.032  0.502  0.143  0.029  0.116  0.014        9
 11:     0.010  0.005  0.010  0.930  0.006  0.008  0.032       35
 12:     0.011  0.015  0.609  0.007  0.033  0.319  0.005       36
 13:     0.010  0.020  0.767  0.006  0.038  0.153  0.006       33
 14:     0.812  0.041  0.022  0.024  0.059  0.017  0.026       40
 15:     0.006  0.953  0.007  0.004  0.007  0.020  0.004       39
 16:     0.532  0.016  0.061  0.259  0.036  0.036  0.060       40
 17:     0.680  0.012  0.016  0.089  0.022  0.015  0.165       37
 18:     0.005  0.014  0.703  0.006  0.027  0.242  0.004       40
 19:     0.038  0.015  0.006  0.921  0.004  0.007  0.010       28
 20:     0.733  0.018  0.034  0.013  0.022  0.046  0.134       14
 21:     0.013  0.045  0.010  0.008  0.006  0.014  0.904       13
 22:     0.008  0.040  0.016  0.006  0.010  0.917  0.003       14
 23:     0.008  0.013  0.858  0.006  0.043  0.066  0.006       25
 24:     0.006  0.007  0.012  0.007  0.952  0.010  0.005       40
 25:     0.701  0.053  0.041  0.056  0.022  0.117  0.012       32
 26:     0.005  0.005  0.006  0.004  0.007  0.006  0.968       20
 27:     0.122  0.005  0.012  0.830  0.008  0.014  0.008        4
 28:     0.016  0.006  0.045  0.881  0.015  0.019  0.019       23
 29:     0.017  0.007  0.007  0.951  0.005  0.006  0.008       39
 30:     0.009  0.005  0.007  0.047  0.005  0.006  0.921       38
 31:     0.009  0.186  0.064  0.006  0.060  0.670  0.006       45
 32:     0.013  0.162  0.273  0.006  0.028  0.508  0.009       28
 33:     0.013  0.010  0.005  0.953  0.005  0.006  0.008        6
 34:     0.795  0.016  0.014  0.075  0.049  0.040  0.011       40
 35:     0.771  0.013  0.013  0.051  0.014  0.033  0.105       42
--------------------------------------------

Allele-freq. divergence among pops (Net nucleotide distance),
computed using point estimates of P.

      1       2       3       4       5       6       7      
 1      -    0.1430  0.1421  0.0888  0.1750  0.1052  0.1336  
 2   0.1430     -    0.2174  0.2615  0.2523  0.1320  0.3303  
 3   0.1421  0.2174     -    0.2139  0.0988  0.0392  0.2793  
 4   0.0888  0.2615  0.2139     -    0.3186  0.2112  0.1373  
 5   0.1750  0.2523  0.0988  0.3186     -    0.1077  0.3412  
 6   0.1052  0.1320  0.0392  0.2112  0.1077     -    0.2634  
 7   0.1336  0.3303  0.2793  0.1373  0.3412  0.2634     -    

Average distances (expected heterozygosity) between individuals in same cluster:
cluster  1  : 0.5448 
cluster  2  : 0.2750 
cluster  3  : 0.4105 
cluster  4  : 0.4888 
cluster  5  : 0.3690 
cluster  6  : 0.4412 
cluster  7  : 0.4274 

--------------------------------------------
Estimated Ln Prob of Data   = -22388.9
Mean value of ln likelihood = -21888.2
Variance of ln likelihood   = 1001.5
Mean value of alpha         = 0.0370

Mean value of Fst_1         = 0.1431
Mean value of Fst_2         = 0.5528
Mean value of Fst_3         = 0.3106
Mean value of Fst_4         = 0.3162
Mean value of Fst_5         = 0.4079
Mean value of Fst_6         = 0.3024
Mean value of Fst_7         = 0.4308


Inferred ancestry of individuals:
        Label (%Miss) Pop:  Inferred clusters
  1 TMA-ZAIN-G-    (9)    1 :  0.029 0.090 0.011 0.819 0.016 0.029 0.006 
  2 TMA-ZAIN-G-    (0)    1 :  0.020 0.010 0.131 0.802 0.005 0.027 0.005 
  3 TMA-ZAIN-G-    (0)    1 :  0.010 0.028 0.204 0.008 0.136 0.611 0.004 
  4 TMA-ZAIN-G-    (0)    1 :  0.373 0.042 0.196 0.087 0.166 0.102 0.033 
  5 TMA-ZAIN-G-    (0)    1 :  0.006 0.002 0.003 0.977 0.003 0.003 0.006 
  6 TMA-ZAIN-G-    (0)    1 :  0.216 0.028 0.121 0.090 0.185 0.314 0.045 
  7 TMA-ZAIN-G-    (0)    1 :  0.021 0.039 0.360 0.015 0.010 0.547 0.008 
  8 TMA-ZAIN-G-    (0)    1 :  0.008 0.007 0.033 0.007 0.025 0.917 0.003 
  9 TMA-ZAIN-G-    (9)    1 :  0.007 0.009 0.190 0.009 0.029 0.752 0.004 
 10 TMA-ZAIN-G-    (0)    1 :  0.010 0.015 0.296 0.004 0.047 0.624 0.004 
 11 TMA-ZAIN-G-    (0)    1 :  0.009 0.011 0.447 0.006 0.008 0.513 0.006 
 12 TMA-ZAIN-G-    (0)    1 :  0.005 0.015 0.933 0.005 0.006 0.033 0.003 
 13 TMA-ZAIN-G-    (9)    1 :  0.037 0.077 0.221 0.055 0.019 0.498 0.094 
 14 TMA-ZAIN-G-    (9)    1 :  0.010 0.934 0.013 0.004 0.008 0.022 0.010 
 15 TMA-ZAIN-G-    (0)    1 :  0.006 0.937 0.006 0.004 0.009 0.035 0.002 
 16 TMA-ZAIN-G-    (0)    1 :  0.005 0.008 0.932 0.004 0.006 0.041 0.005 
 17 TMA-ZAIN-G-    (9)    1 :  0.035 0.045 0.013 0.009 0.007 0.881 0.010 
 18 TMA-ZAIN-G-    (0)    1 :  0.303 0.015 0.010 0.642 0.009 0.012 0.008 
 19 TMA-ZAIN-G-    (0)    1 :  0.715 0.025 0.029 0.041 0.006 0.103 0.081 
 20 TMA-ZAIN-G-    (0)    1 :  0.837 0.003 0.003 0.038 0.003 0.003 0.113 
 21 TMA-ZAIN-G-    (0)    1 :  0.006 0.003 0.005 0.003 0.007 0.005 0.972 
 22 TMA-ZAIN-G-    (0)    1 :  0.011 0.004 0.003 0.046 0.003 0.003 0.931 
 23 TMA-ZAIN-G-    (0)    1 :  0.012 0.007 0.007 0.023 0.004 0.008 0.941 
 24 TMA-ZAIN-G-    (9)    1 :  0.005 0.038 0.049 0.009 0.193 0.021 0.685 
 25 TMA-ZAIN-G-    (9)    1 :  0.312 0.006 0.110 0.495 0.011 0.047 0.018 
 26 TMA-ZAIN-G-    (9)    1 :  0.160 0.052 0.108 0.019 0.015 0.534 0.113 
 27 TMA-ZAIN-G-    (0)    1 :  0.603 0.114 0.009 0.207 0.019 0.023 0.024 
 28 TMA-ZAIN-G-    (0)    1 :  0.933 0.013 0.008 0.022 0.008 0.012 0.005 
 29 TMA-ZAIN-G-    (0)    1 :  0.301 0.006 0.005 0.003 0.676 0.005 0.004 
 30 TMA-ZAIN-G-    (0)    1 :  0.301 0.068 0.141 0.005 0.039 0.440 0.006 
 31 TMA-ZAIN-G-    (0)    1 :  0.029 0.006 0.007 0.933 0.006 0.005 0.013 
 32 TMA-ZAIN-G-    (9)    1 :  0.008 0.025 0.037 0.887 0.005 0.030 0.010 
 33 TMA-ZAIN-G-   (18)    1 :  0.005 0.008 0.121 0.006 0.016 0.841 0.003 
 34 TMA-ZAIN-G-    (0)    1 :  0.010 0.008 0.573 0.324 0.016 0.052 0.017 
 35 TMA-ZAIN-G-    (9)    1 :  0.014 0.085 0.338 0.050 0.132 0.377 0.004 
 36 TMA-ZAIN-G-    (0)    1 :  0.009 0.105 0.213 0.004 0.013 0.653 0.003 
 37 TMA-ZAIN-G-    (9)    1 :  0.016 0.008 0.286 0.010 0.023 0.647 0.010 
 38 TMA-ZAIN-G-   (18)    1 :  0.010 0.048 0.019 0.877 0.007 0.030 0.009 
 39 TMA-ZAIN-G-    (0)    1 :  0.007 0.004 0.833 0.003 0.011 0.135 0.006 
 40 TMA-ZAIN-G-    (0)    1 :  0.005 0.006 0.322 0.003 0.007 0.652 0.004 
 41 TMA-ZAIN-G-    (0)    1 :  0.005 0.051 0.128 0.003 0.007 0.802 0.003 
 42 TMA-ZAIN-G-    (9)    1 :  0.006 0.180 0.017 0.004 0.008 0.782 0.003 
 43 TMA-ZAIN-G-    (0)    1 :  0.004 0.972 0.004 0.003 0.007 0.006 0.003 
 44 TMA-ZAIN-G-    (0)    1 :  0.009 0.005 0.097 0.005 0.018 0.032 0.832 
 45 TMA-ZAIN-G-    (0)    1 :  0.010 0.019 0.518 0.006 0.006 0.433 0.007 
 46 TMA-ZAIN-G-    (0)    1 :  0.005 0.004 0.004 0.004 0.003 0.003 0.977 
 47 TMA-ZAIN-G-    (0)    1 :  0.961 0.006 0.008 0.006 0.007 0.008 0.004 
 48 TMA-ZAIN-G-    (0)    1 :  0.270 0.064 0.040 0.012 0.036 0.529 0.049 
 49 TMA-ZAIN-G-    (9)    1 :  0.915 0.005 0.012 0.015 0.035 0.008 0.009 
 50 TMA-ZAIN-G-    (0)    1 :  0.808 0.013 0.038 0.019 0.004 0.094 0.024 
 51 TMA-ZAIN-G-    (0)    1 :  0.894 0.053 0.008 0.012 0.007 0.012 0.014 
 52 TMA-ZAIN-G-    (0)    1 :  0.948 0.008 0.016 0.007 0.003 0.006 0.012 
 53 TMA-ZAIN-G-    (0)    1 :  0.899 0.013 0.007 0.061 0.004 0.008 0.009 
 54 TMA-ZAIN-G-    (0)    1 :  0.937 0.028 0.006 0.007 0.006 0.011 0.005 
 55 TMA-ZAIN-G-    (0)    1 :  0.929 0.040 0.005 0.006 0.005 0.011 0.005 
 56 TMA-ZAIN-G-    (0)    1 :  0.650 0.025 0.050 0.011 0.057 0.196 0.011 
 57 TMA-ZAIN-G-    (0)    1 :  0.936 0.009 0.015 0.013 0.013 0.010 0.004 
 58 TMA-ZAIN-G-    (0)    1 :  0.801 0.011 0.008 0.036 0.006 0.019 0.119 
 59 TMA-ZAIN-G-    (0)    1 :  0.050 0.017 0.086 0.682 0.042 0.090 0.033 
 60 TMA-ZAIN-G-    (0)    1 :  0.177 0.182 0.012 0.582 0.010 0.027 0.010 
 61 TMA-ZAIN-G-    (0)    1 :  0.014 0.003 0.004 0.947 0.004 0.003 0.024 
 62 TMA-ZAIN-G-    (9)    1 :  0.029 0.008 0.040 0.858 0.011 0.032 0.022 
 63 TMA-ZAIN-G-    (0)    1 :  0.014 0.006 0.005 0.957 0.003 0.006 0.008 
 64 TMA-ZAIN-G-    (0)    1 :  0.003 0.006 0.008 0.002 0.972 0.006 0.003 
 65 TMA-ZAIN-G-    (9)    1 :  0.005 0.006 0.016 0.004 0.957 0.010 0.003 
 66 TMA-ZAIN-G-    (0)    1 :  0.004 0.006 0.015 0.003 0.959 0.011 0.003 
 67 TMA-ZAIN-G-    (0)    1 :  0.009 0.004 0.069 0.004 0.883 0.016 0.014 
 68 TMA-ZAIN-G-    (0)    1 :  0.003 0.007 0.005 0.002 0.972 0.006 0.003 
 69 TMA-ZAIN-G-    (0)    1 :  0.021 0.022 0.090 0.025 0.800 0.011 0.031 
 70 TMA-ZAIN-G-    (0)    1 :  0.006 0.008 0.898 0.004 0.058 0.020 0.006 
 71 TMA-ZAIN-G-    (0)    1 :  0.004 0.004 0.971 0.003 0.005 0.009 0.004 
 72 TMA-ZAIN-G-    (0)    1 :  0.011 0.020 0.799 0.005 0.042 0.118 0.005 
 73 TMA-ZAIN-G-    (0)    1 :  0.035 0.005 0.864 0.029 0.007 0.013 0.046 
 74 TMA-ZAIN-G-    (0)    1 :  0.013 0.005 0.934 0.009 0.008 0.017 0.013 
 75 TMA-ZAIN-G-    (0)    1 :  0.010 0.010 0.945 0.006 0.007 0.018 0.004 
 76 TMA-ZAIN-G-    (0)    1 :  0.010 0.004 0.911 0.008 0.009 0.007 0.051 
 77 TMA-ZAIN-G-    (0)    1 :  0.011 0.014 0.868 0.004 0.009 0.083 0.010 
 78 TMA-ZAIN-G-    (0)    1 :  0.034 0.009 0.863 0.010 0.006 0.026 0.053 
 79 TMA-ZAIN-G-    (0)    1 :  0.017 0.012 0.775 0.005 0.005 0.149 0.036 
 80 TMA-ZAIN-G-    (0)    1 :  0.007 0.004 0.898 0.003 0.024 0.058 0.006 
 81 TMA-ZAIN-G-    (0)    1 :  0.014 0.010 0.902 0.004 0.006 0.054 0.011 
 82 TMA-ZAIN-G-    (0)    1 :  0.008 0.007 0.852 0.005 0.113 0.012 0.003 
 83 TMA-ZAIN-G-    (9)    1 :  0.030 0.006 0.686 0.082 0.124 0.033 0.041 
 84 TMA-ZAIN-G-    (0)    1 :  0.011 0.006 0.903 0.005 0.007 0.027 0.040 
 85 TMA-ZAIN-G-    (0)    1 :  0.860 0.008 0.014 0.041 0.008 0.015 0.053 
 86 TMA-ZAIN-G-    (0)    1 :  0.601 0.009 0.049 0.015 0.030 0.075 0.221 
 87 TMA-ZAIN-G-    (0)    1 :  0.354 0.007 0.019 0.063 0.007 0.019 0.531 
 88 TMA-ZAIN-G-    (0)    1 :  0.172 0.055 0.120 0.405 0.103 0.115 0.029 
 89 TMA-ZAIN-G-    (0)    1 :  0.273 0.254 0.029 0.084 0.052 0.036 0.272 
 90 TMA-ZAIN-G-    (0)    1 :  0.931 0.006 0.015 0.011 0.013 0.009 0.014 
 91 TMA-ZAIN-G-    (0)    1 :  0.842 0.025 0.020 0.041 0.029 0.028 0.015 
 92 TMA-ZAIN-G-    (0)    1 :  0.936 0.014 0.007 0.008 0.007 0.009 0.020 
 93 TMA-ZAIN-G-    (0)    1 :  0.931 0.026 0.006 0.015 0.008 0.006 0.008 
 94 TMA-ZAIN-G-    (0)    1 :  0.888 0.009 0.006 0.061 0.005 0.005 0.026 
 95 TMA-ZAIN-G-    (0)    1 :  0.865 0.039 0.018 0.013 0.020 0.033 0.013 
 96 TMA-ZAIN-G-    (0)    1 :  0.846 0.062 0.012 0.009 0.005 0.056 0.010 
 97 TMA-ZAIN-G-    (0)    1 :  0.013 0.007 0.008 0.954 0.006 0.005 0.007 
 98 TMA-ZAIN-G-    (0)    1 :  0.006 0.006 0.006 0.968 0.004 0.005 0.005 
 99 TMA-ZAIN-G-    (0)    1 :  0.005 0.008 0.064 0.818 0.022 0.069 0.014 
100 TMA-ZAIN-G-    (0)    1 :  0.021 0.007 0.005 0.941 0.005 0.004 0.016 
101 TMA-ZAIN-G-    (0)    1 :  0.011 0.006 0.012 0.953 0.005 0.007 0.006 
102 TMA-ZAIN-G-    (0)    1 :  0.051 0.035 0.061 0.573 0.013 0.038 0.229 
103 TMA-ZAIN-G-    (0)    1 :  0.035 0.008 0.015 0.905 0.006 0.012 0.020 
104 TMA-ZAIN-G-    (0)    1 :  0.006 0.004 0.004 0.973 0.003 0.004 0.006 
105 TMA-ZAIN-G-    (0)    1 :  0.026 0.008 0.020 0.916 0.006 0.014 0.009 
106 TMA-ZAIN-G-    (0)    1 :  0.006 0.094 0.159 0.004 0.047 0.687 0.003 
107 TMA-ZAIN-G-    (0)    1 :  0.005 0.009 0.946 0.005 0.009 0.023 0.003 
108 TMA-ZAIN-G-    (9)    1 :  0.028 0.066 0.125 0.471 0.018 0.244 0.048 
109 TMA-ZAIN-G-    (0)    1 :  0.099 0.018 0.048 0.328 0.191 0.311 0.005 
110 TMA-ZAIN-G-    (0)    1 :  0.087 0.025 0.201 0.085 0.012 0.410 0.179 
111 TMA-ZAIN-G-    (9)    1 :  0.075 0.005 0.133 0.659 0.022 0.027 0.079 
112 TMA-ZAIN-G-    (0)    1 :  0.151 0.041 0.106 0.288 0.020 0.334 0.061 
113 TMA-ZAIN-G-    (0)    1 :  0.009 0.006 0.019 0.940 0.009 0.008 0.009 
114 TMA-ZAIN-G-    (0)    1 :  0.005 0.003 0.004 0.972 0.003 0.003 0.011 
115 TMA-ZAIN-G-    (0)    1 :  0.005 0.004 0.004 0.974 0.003 0.004 0.006 
116 TMA-ZAIN-G-    (0)    1 :  0.007 0.006 0.945 0.007 0.020 0.014 0.003 
117 TMA-ZAIN-G-    (0)    1 :  0.035 0.084 0.236 0.011 0.237 0.392 0.004 
118 TMA-ZAIN-G-    (0)    1 :  0.011 0.022 0.879 0.007 0.052 0.025 0.003 
119 TMA-ZAIN-G-    (0)    1 :  0.013 0.006 0.915 0.014 0.033 0.012 0.007 
120 TMA-ZAIN-G-    (0)    1 :  0.016 0.070 0.823 0.009 0.044 0.033 0.005 
121 TMA-ZAIN-G-    (0)    1 :  0.019 0.025 0.498 0.021 0.277 0.156 0.004 
122 TMA-ZAIN-G-    (0)    1 :  0.021 0.013 0.408 0.006 0.056 0.487 0.009 
123 TMA-ZAIN-G-    (0)    1 :  0.009 0.012 0.005 0.953 0.004 0.005 0.010 
124 TMA-ZAIN-G-    (0)    1 :  0.005 0.010 0.008 0.005 0.004 0.965 0.003 
125 TMA-ZAIN-G-    (0)    1 :  0.017 0.043 0.009 0.003 0.050 0.876 0.002 
126 TMA-ZAIN-G-    (0)    1 :  0.007 0.041 0.010 0.005 0.006 0.929 0.003 
127 TMA-ZAIN-G-    (0)    1 :  0.004 0.013 0.007 0.003 0.007 0.963 0.003 
128 TMA-ZAIN-G-    (0)    1 :  0.007 0.012 0.010 0.004 0.028 0.935 0.003 
129 TMA-ZAIN-G-    (0)    1 :  0.006 0.016 0.007 0.006 0.006 0.955 0.003 
130 TMA-ZAIN-G-    (0)    1 :  0.015 0.074 0.013 0.008 0.008 0.879 0.003 
131 TMA-ZAIN-G-    (0)    1 :  0.007 0.016 0.007 0.005 0.005 0.957 0.004 
132 TMA-ZAIN-G-    (0)    1 :  0.011 0.019 0.017 0.004 0.056 0.890 0.003 
133 TMA-ZAIN-G-    (0)    1 :  0.027 0.081 0.049 0.003 0.056 0.773 0.010 
134 TMA-ZAIN-G-    (0)    1 :  0.012 0.172 0.055 0.004 0.045 0.705 0.008 
135 TMA-ZAIN-G-    (0)    1 :  0.006 0.013 0.289 0.004 0.024 0.658 0.005 
136 TMA-ZAIN-G-    (0)    1 :  0.007 0.008 0.117 0.009 0.682 0.172 0.005 
137 TMA-ZAIN-G-    (0)    1 :  0.005 0.007 0.703 0.006 0.008 0.266 0.005 
138 TMA-ZAIN-G-    (0)    1 :  0.005 0.012 0.051 0.005 0.011 0.913 0.003 
139 TMA-ZAIN-G-    (0)    1 :  0.009 0.012 0.123 0.005 0.016 0.831 0.004 
140 TMA-ZAIN-G-    (0)    1 :  0.005 0.007 0.579 0.004 0.013 0.388 0.005 
141 TMA-ZAIN-G-    (0)    1 :  0.006 0.019 0.687 0.006 0.008 0.270 0.004 
142 TMA-ZAIN-G-    (9)    1 :  0.005 0.008 0.782 0.004 0.015 0.182 0.004 
143 TMA-ZAIN-G-    (0)    1 :  0.005 0.010 0.280 0.005 0.015 0.683 0.003 
144 TMA-ZAIN-G-    (0)    1 :  0.032 0.015 0.551 0.004 0.009 0.382 0.006 
145 TMA-ZAIN-G-    (0)    1 :  0.007 0.008 0.599 0.004 0.299 0.081 0.002 
146 TMA-ZAIN-G-    (0)    1 :  0.004 0.007 0.945 0.003 0.006 0.031 0.004 
147 TMA-ZAIN-G-    (9)    1 :  0.004 0.007 0.815 0.003 0.013 0.153 0.003 
148 TMA-ZAIN-G-    (0)    1 :  0.009 0.100 0.542 0.003 0.007 0.335 0.004 
149 TMA-ZAIN-G-    (0)    1 :  0.034 0.027 0.368 0.031 0.008 0.512 0.020 
150 TMA-ZAIN-G-    (0)    1 :  0.052 0.023 0.607 0.036 0.079 0.184 0.020 
151 TMA-ZAIN-G-    (0)    1 :  0.005 0.023 0.894 0.004 0.018 0.054 0.003 
152 TMA-ZAIN-G-    (0)    1 :  0.005 0.011 0.954 0.005 0.010 0.013 0.003 
153 TMA-ZAIN-G-    (0)    1 :  0.008 0.032 0.689 0.006 0.024 0.239 0.003 
154 TMA-ZAIN-G-    (0)    1 :  0.005 0.006 0.958 0.004 0.008 0.016 0.002 
155 TMA-ZAIN-G-    (0)    1 :  0.004 0.008 0.925 0.006 0.012 0.041 0.003 
156 TMA-ZAIN-G-    (9)    1 :  0.010 0.064 0.656 0.015 0.007 0.245 0.003 
157 TMA-ZAIN-G-    (0)    1 :  0.006 0.169 0.621 0.006 0.010 0.184 0.003 
158 TMA-ZAIN-G-    (0)    1 :  0.006 0.004 0.959 0.004 0.006 0.018 0.004 
159 TMA-ZAIN-G-    (0)    1 :  0.004 0.004 0.964 0.005 0.008 0.013 0.003 
160 TMA-ZAIN-G-    (0)    1 :  0.004 0.003 0.966 0.005 0.013 0.007 0.003 
161 TMA-ZAIN-G-    (0)    1 :  0.011 0.024 0.672 0.004 0.008 0.279 0.003 
162 TMA-ZAIN-G-    (0)    1 :  0.015 0.004 0.880 0.041 0.008 0.033 0.019 
163 TMA-ZAIN-G-    (0)    1 :  0.004 0.004 0.969 0.004 0.005 0.012 0.003 
164 TMA-ZAIN-G-    (0)    1 :  0.006 0.005 0.956 0.006 0.008 0.016 0.004 
165 TMA-ZAIN-G-    (0)    1 :  0.003 0.004 0.956 0.005 0.008 0.021 0.003 
166 TMA-ZAIN-G-    (0)    1 :  0.005 0.005 0.827 0.004 0.009 0.148 0.002 
167 TMA-ZAIN-G-    (0)    1 :  0.007 0.009 0.792 0.005 0.006 0.175 0.005 
168 TMA-ZAIN-G-    (0)    1 :  0.006 0.031 0.906 0.006 0.025 0.022 0.004 
169 TMA-ZAIN-G-    (0)    1 :  0.004 0.006 0.787 0.004 0.179 0.016 0.003 
170 TMA-ZAIN-G-    (0)    1 :  0.012 0.076 0.721 0.017 0.023 0.138 0.012 
171 TMA-ZAIN-G-    (0)    1 :  0.004 0.005 0.942 0.004 0.031 0.011 0.003 
172 TMA-ZAIN-G-    (0)    1 :  0.005 0.020 0.060 0.004 0.006 0.901 0.005 
173 TMA-ZAIN-G-    (0)    1 :  0.007 0.022 0.032 0.004 0.006 0.925 0.004 
174 TMA-ZAIN-G-    (0)    1 :  0.005 0.006 0.108 0.003 0.052 0.822 0.003 
175 TMA-ZAIN-G-    (0)    1 :  0.004 0.007 0.957 0.004 0.010 0.014 0.004 
176 TMA-ZAIN-G-    (0)    1 :  0.004 0.007 0.953 0.004 0.007 0.022 0.003 
177 TMA-ZAIN-G-    (0)    1 :  0.004 0.023 0.914 0.004 0.005 0.046 0.003 
178 TMA-ZAIN-G-    (0)    1 :  0.005 0.067 0.280 0.005 0.005 0.633 0.005 
179 TMA-ZAIN-G-    (0)    1 :  0.005 0.035 0.727 0.004 0.009 0.217 0.003 
180 TMA-ZAIN-G-    (0)    1 :  0.008 0.024 0.017 0.004 0.075 0.865 0.006 
181 TMA-ZAIN-G-    (0)    1 :  0.005 0.210 0.046 0.006 0.009 0.722 0.003 
182 TMA-ZAIN-G-    (0)    1 :  0.006 0.189 0.024 0.008 0.003 0.766 0.003 
183 TMA-ZAIN-G-    (0)    1 :  0.004 0.347 0.028 0.005 0.007 0.606 0.003 
184 TMA-ZAIN-G-    (0)    1 :  0.016 0.025 0.018 0.027 0.009 0.890 0.016 
185 TMA-ZAIN-G-    (0)    1 :  0.025 0.006 0.010 0.014 0.006 0.918 0.021 
186 TMA-ZAIN-G-    (9)    1 :  0.008 0.007 0.013 0.004 0.006 0.956 0.005 
187 TMA-ZAIN-G-    (0)    1 :  0.005 0.025 0.030 0.004 0.008 0.925 0.004 
188 TMA-ZAIN-G-    (0)    1 :  0.004 0.012 0.022 0.003 0.009 0.947 0.003 
189 TMA-ZAIN-G-    (0)    1 :  0.003 0.013 0.007 0.003 0.014 0.956 0.003 
190 TMA-ZAIN-G-    (0)    1 :  0.007 0.108 0.038 0.003 0.028 0.813 0.003 
191 TMA-ZAIN-G-    (0)    1 :  0.009 0.007 0.009 0.013 0.006 0.938 0.018 
192 TMA-ZAIN-G-    (0)    1 :  0.005 0.038 0.009 0.004 0.006 0.932 0.006 
193 TMA-ZAIN-G-    (0)    1 :  0.004 0.979 0.003 0.003 0.004 0.005 0.003 
194 TMA-ZAIN-G-    (0)    1 :  0.013 0.941 0.006 0.003 0.009 0.023 0.006 
195 TMA-ZAIN-G-    (0)    1 :  0.011 0.838 0.035 0.003 0.039 0.071 0.003 
196 TMA-ZAIN-G-    (0)    1 :  0.005 0.965 0.006 0.003 0.009 0.011 0.003 
197 TMA-ZAIN-G-    (0)    1 :  0.004 0.961 0.008 0.003 0.009 0.012 0.003 
198 TMA-ZAIN-G-    (0)    1 :  0.004 0.964 0.008 0.003 0.008 0.011 0.003 
199 TMA-ZAIN-G-    (0)    1 :  0.007 0.008 0.011 0.004 0.005 0.959 0.005 
200 TMA-ZAIN-G-    (0)    1 :  0.012 0.051 0.003 0.015 0.003 0.005 0.910 
201 TMA-ZAIN-G-    (0)    1 :  0.009 0.003 0.004 0.006 0.005 0.004 0.969 
202 TMA-ZAIN-G-    (0)    1 :  0.006 0.037 0.005 0.014 0.003 0.009 0.924 
203 TMA-ZAIN-G-    (0)    1 :  0.005 0.900 0.017 0.021 0.004 0.050 0.003 
204 TMA-ZAIN-G-    (9)    1 :  0.038 0.009 0.011 0.006 0.014 0.009 0.913 
205 TMA-ZAIN-G-    (0)    1 :  0.035 0.008 0.125 0.009 0.008 0.012 0.804 
206 TMA-ZAIN-G-    (9)    1 :  0.040 0.068 0.016 0.017 0.013 0.022 0.824 
207 TMA-ZAIN-G-    (9)    1 :  0.179 0.013 0.554 0.017 0.110 0.111 0.015 
208 TMA-ZAIN-G-    (0)    1 :  0.005 0.006 0.752 0.003 0.063 0.167 0.003 
209 TMA-ZAIN-G-    (0)    1 :  0.009 0.238 0.174 0.004 0.015 0.557 0.003 
210 TMA-ZAIN-G-    (0)    1 :  0.009 0.368 0.157 0.004 0.113 0.345 0.003 
211 TMA-ZAIN-G-    (0)    1 :  0.036 0.095 0.138 0.013 0.036 0.656 0.025 
212 TMA-ZAIN-G-    (0)    1 :  0.008 0.019 0.137 0.003 0.019 0.809 0.005 
213 TMA-ZAIN-G-    (0)    1 :  0.006 0.021 0.118 0.004 0.007 0.840 0.004 
214 TMA-ZAIN-G-    (0)    1 :  0.005 0.015 0.063 0.003 0.027 0.883 0.003 
215 TMA-ZAIN-G-    (0)    1 :  0.124 0.007 0.106 0.007 0.006 0.722 0.028 
216 TMA-ZAIN-G-    (0)    1 :  0.007 0.012 0.017 0.003 0.006 0.950 0.005 
217 TMA-ZAIN-G-    (0)    1 :  0.005 0.063 0.137 0.004 0.085 0.703 0.003 
218 TMA-ZAIN-G-    (0)    1 :  0.934 0.005 0.009 0.007 0.026 0.010 0.008 
219 TMA-ZAIN-G-    (0)    1 :  0.958 0.005 0.004 0.005 0.004 0.007 0.018 
220 TMA-ZAIN-G-    (0)    1 :  0.746 0.008 0.014 0.199 0.012 0.014 0.007 
221 TMA-ZAIN-G-    (0)    1 :  0.925 0.008 0.007 0.006 0.007 0.018 0.030 
222 TMA-ZAIN-G-    (0)    1 :  0.929 0.006 0.007 0.022 0.008 0.011 0.016 
223 TMA-ZAIN-G-    (0)    1 :  0.952 0.003 0.004 0.011 0.004 0.004 0.021 
224 TMA-ZAIN-G-    (0)    1 :  0.888 0.015 0.006 0.022 0.006 0.031 0.032 
225 TMA-ZAIN-G-    (0)    1 :  0.905 0.026 0.005 0.023 0.003 0.008 0.030 
226 TMA-ZAIN-G-    (0)    1 :  0.865 0.037 0.010 0.046 0.006 0.012 0.026 
227 TMA-ZAIN-G-    (0)    1 :  0.719 0.055 0.013 0.026 0.004 0.021 0.161 
228 TMA-ZAIN-G-    (0)    1 :  0.815 0.008 0.046 0.045 0.013 0.018 0.054 
229 TMA-ZAIN-G-    (0)    1 :  0.509 0.003 0.006 0.060 0.033 0.004 0.384 
230 TMA-ZAIN-G-    (0)    1 :  0.829 0.025 0.023 0.039 0.017 0.057 0.009 
231 TMA-ZAIN-G-    (0)    1 :  0.094 0.013 0.096 0.148 0.016 0.016 0.616 
232 TMA-ZAIN-G-    (9)    1 :  0.057 0.014 0.016 0.278 0.061 0.040 0.534 
233 TMA-ZAIN-G-    (0)    1 :  0.873 0.007 0.010 0.008 0.033 0.011 0.058 
234 TMA-ZAIN-G-    (0)    1 :  0.473 0.013 0.007 0.412 0.005 0.005 0.083 
235 TMA-ZAIN-G-    (0)    1 :  0.339 0.041 0.075 0.405 0.005 0.067 0.068 
236 TMA-ZAIN-G-    (0)    1 :  0.259 0.045 0.017 0.374 0.011 0.021 0.272 
237 TMA-ZAIN-G-    (0)    1 :  0.269 0.027 0.172 0.404 0.037 0.068 0.024 
238 TMA-ZAIN-G-    (0)    1 :  0.621 0.010 0.035 0.178 0.006 0.033 0.116 
239 TMA-ZAIN-G-    (0)    1 :  0.014 0.164 0.003 0.006 0.022 0.030 0.761 
240 TMA-ZAIN-G-    (0)    1 :  0.006 0.004 0.004 0.004 0.003 0.003 0.975 
241 TMA-ZAIN-G-    (0)    1 :  0.005 0.005 0.010 0.004 0.006 0.005 0.965 
242 TMA-ZAIN-G-    (0)    1 :  0.005 0.003 0.008 0.004 0.006 0.006 0.970 
243 TMA-ZAIN-G-    (0)    1 :  0.004 0.004 0.013 0.003 0.010 0.008 0.957 
244 TMA-ZAIN-G-    (0)    1 :  0.004 0.004 0.017 0.005 0.011 0.009 0.950 
245 TMA-ZAIN-G-    (9)    1 :  0.004 0.003 0.004 0.004 0.002 0.004 0.979 
246 TMA-ZAIN-G-    (0)    1 :  0.004 0.003 0.003 0.003 0.003 0.003 0.980 
247 TMA-ZAIN-G-    (0)    1 :  0.005 0.002 0.005 0.003 0.007 0.005 0.974 
248 TMA-ZAIN-G-    (0)    1 :  0.005 0.010 0.008 0.005 0.005 0.007 0.960 
249 TMA-ZAIN-G-    (0)    1 :  0.005 0.007 0.004 0.003 0.003 0.005 0.973 
250 TMA-ZAIN-G-    (0)    1 :  0.004 0.005 0.003 0.003 0.007 0.005 0.973 
251 TMA-ZAIN-G-    (0)    1 :  0.950 0.013 0.005 0.010 0.008 0.010 0.004 
252 TMA-ZAIN-G-    (0)    1 :  0.817 0.015 0.033 0.008 0.111 0.012 0.004 
253 TMA-ZAIN-G-    (0)    1 :  0.866 0.023 0.026 0.023 0.040 0.015 0.006 
254 TMA-ZAIN-G-    (9)    1 :  0.544 0.013 0.144 0.087 0.171 0.033 0.007 
255 TMA-ZAIN-G-    (0)    1 :  0.702 0.029 0.018 0.051 0.146 0.016 0.038 
256 TMA-ZAIN-G-    (0)    1 :  0.507 0.300 0.019 0.086 0.015 0.015 0.057 
257 TMA-ZAIN-G-    (0)    1 :  0.900 0.074 0.004 0.005 0.005 0.007 0.006 
258 TMA-ZAIN-G-    (0)    1 :  0.948 0.015 0.006 0.005 0.017 0.005 0.004 
259 TMA-ZAIN-G-    (0)    1 :  0.950 0.017 0.004 0.005 0.012 0.006 0.006 
260 TMA-ZAIN-G-    (0)    1 :  0.889 0.016 0.006 0.010 0.065 0.006 0.008 
261 TMA-ZAIN-G-   (18)    1 :  0.926 0.016 0.007 0.006 0.029 0.011 0.005 
262 TMA-ZAIN-G-    (0)    1 :  0.952 0.022 0.005 0.006 0.005 0.006 0.004 
263 TMA-ZAIN-G-    (0)    1 :  0.951 0.011 0.006 0.013 0.007 0.006 0.005 
264 TMA-ZAIN-G-    (0)    1 :  0.908 0.022 0.011 0.035 0.013 0.007 0.005 
265 TMA-ZAIN-G-    (0)    1 :  0.875 0.012 0.031 0.007 0.026 0.034 0.014 
266 TMA-ZAIN-G-    (0)    1 :  0.774 0.083 0.015 0.011 0.038 0.071 0.008 
267 TMA-ZAIN-G-    (0)    1 :  0.470 0.010 0.026 0.027 0.030 0.019 0.417 
268 TMA-ZAIN-G-    (0)    1 :  0.006 0.003 0.004 0.051 0.004 0.004 0.927 
269 TMA-ZAIN-G-    (0)    1 :  0.015 0.004 0.006 0.191 0.005 0.006 0.774 
270 TMA-ZAIN-G-    (0)    1 :  0.015 0.005 0.006 0.051 0.004 0.006 0.913 
271 TMA-ZAIN-G-    (0)    1 :  0.008 0.003 0.005 0.031 0.004 0.005 0.944 
272 TMA-ZAIN-G-    (0)    1 :  0.013 0.004 0.005 0.024 0.003 0.005 0.946 
273 TMA-ZAIN-G-    (0)    1 :  0.008 0.003 0.003 0.017 0.002 0.003 0.964 
274 TMA-ZAIN-G-    (0)    1 :  0.016 0.049 0.012 0.028 0.011 0.020 0.863 
275 TMA-ZAIN-G-    (0)    1 :  0.005 0.004 0.003 0.008 0.002 0.004 0.974 
276 TMA-ZAIN-G-    (0)    1 :  0.004 0.003 0.004 0.010 0.003 0.003 0.973 
277 TMA-ZAIN-G-    (0)    1 :  0.006 0.005 0.005 0.011 0.005 0.004 0.963 
278 TMA-ZAIN-G-    (0)    1 :  0.006 0.003 0.003 0.006 0.003 0.003 0.975 
279 TMA-ZAIN-G-    (0)    1 :  0.009 0.006 0.004 0.012 0.003 0.006 0.959 
280 TMA-ZAIN-G-    (0)    1 :  0.013 0.009 0.005 0.107 0.003 0.010 0.854 
281 TMA-ZAIN-G-    (0)    1 :  0.009 0.006 0.004 0.043 0.003 0.006 0.928 
282 TMA-ZAIN-G-    (9)    1 :  0.007 0.003 0.004 0.013 0.003 0.003 0.967 
283 TMA-ZAIN-G-    (0)    1 :  0.207 0.005 0.019 0.106 0.010 0.015 0.638 
284 TMA-ZAIN-G-    (0)    1 :  0.381 0.006 0.015 0.152 0.004 0.018 0.424 
285 TMA-ZAIN-G-    (0)    1 :  0.036 0.010 0.029 0.039 0.034 0.026 0.826 
286 TMA-ZAIN-G-    (0)    1 :  0.012 0.003 0.004 0.027 0.003 0.004 0.947 
287 TMA-ZAIN-G-    (0)    1 :  0.008 0.015 0.009 0.022 0.011 0.011 0.925 
288 TMA-ZAIN-G-    (0)    1 :  0.066 0.071 0.025 0.097 0.012 0.048 0.681 
289 TMA-ZAIN-G-    (0)    1 :  0.013 0.028 0.014 0.025 0.016 0.017 0.889 
290 TMA-ZAIN-G-    (0)    1 :  0.030 0.010 0.009 0.442 0.004 0.014 0.491 
291 TMA-ZAIN-G-    (0)    1 :  0.951 0.007 0.004 0.009 0.004 0.005 0.019 
292 TMA-ZAIN-G-    (0)    1 :  0.012 0.023 0.706 0.010 0.007 0.226 0.015 
293 TMA-ZAIN-G-    (0)    1 :  0.017 0.026 0.463 0.005 0.026 0.455 0.009 
294 TMA-ZAIN-G-    (0)    1 :  0.006 0.005 0.930 0.003 0.014 0.036 0.005 
295 TMA-ZAIN-G-    (9)    1 :  0.013 0.006 0.902 0.004 0.017 0.050 0.009 
296 TMA-ZAIN-G-    (0)    1 :  0.012 0.035 0.530 0.012 0.006 0.398 0.007 
297 TMA-ZAIN-G-    (0)    1 :  0.018 0.140 0.656 0.006 0.031 0.142 0.007 
298 TMA-ZAIN-G-    (0)    1 :  0.039 0.006 0.776 0.018 0.012 0.112 0.037 
299 TMA-ZAIN-G-    (0)    1 :  0.005 0.005 0.961 0.004 0.009 0.009 0.007 
300 TMA-ZAIN-G-    (0)    1 :  0.010 0.011 0.710 0.003 0.076 0.183 0.007 
301 TMA-ZAIN-G-    (0)    1 :  0.008 0.030 0.580 0.006 0.023 0.343 0.009 
302 TMA-ZAIN-G-    (9)    1 :  0.007 0.017 0.780 0.004 0.008 0.181 0.004 
303 TMA-ZAIN-G-    (0)    1 :  0.862 0.043 0.004 0.059 0.003 0.020 0.010 
304 TMA-ZAIN-G-    (0)    2 :  0.483 0.028 0.041 0.054 0.281 0.099 0.015 
305 TMA-ZAIN-G-    (0)    2 :  0.007 0.012 0.610 0.004 0.024 0.338 0.005 
306 TMA-ZAIN-G-    (0)    2 :  0.151 0.039 0.244 0.196 0.028 0.289 0.053 
307 TMA-ZAIN-G-    (0)    2 :  0.241 0.011 0.027 0.032 0.582 0.076 0.030 
308 TMA-ZAIN-G-    (0)    2 :  0.940 0.022 0.004 0.012 0.006 0.007 0.008 
309 TMA-ZAIN-G-    (0)    2 :  0.005 0.025 0.014 0.004 0.007 0.943 0.003 
310 TMA-ZAIN-G-    (0)    2 :  0.019 0.004 0.580 0.007 0.013 0.344 0.033 
311 TMA-ZAIN-G-    (0)    2 :  0.040 0.017 0.406 0.042 0.008 0.477 0.010 
312 TMA-ZAIN-G-    (0)    2 :  0.015 0.022 0.034 0.006 0.009 0.909 0.005 
313 TMA-ZAIN-G-    (0)    2 :  0.158 0.084 0.122 0.038 0.056 0.529 0.013 
314 TMA-ZAIN-G-    (0)    2 :  0.110 0.028 0.010 0.517 0.018 0.038 0.277 
315 TMA-ZAIN-G-    (0)    2 :  0.039 0.009 0.287 0.007 0.087 0.151 0.419 
316 TMA-ZAIN-G-    (0)    2 :  0.057 0.007 0.266 0.012 0.092 0.126 0.440 
317 TMA-ZAIN-G-    (0)    2 :  0.833 0.009 0.026 0.086 0.004 0.014 0.028 
318 TMA-ZAIN-G-    (9)    2 :  0.212 0.009 0.008 0.392 0.011 0.007 0.360 
319 TMA-ZAIN-G-    (0)    3 :  0.155 0.560 0.005 0.031 0.004 0.008 0.239 
320 TMA-ZAIN-G-    (0)    3 :  0.384 0.012 0.362 0.011 0.023 0.188 0.020 
321 TMA-ZAIN-G-    (0)    4 :  0.080 0.009 0.104 0.071 0.021 0.596 0.119 
322 TMA-ZAIN-G-    (0)    4 :  0.554 0.008 0.139 0.052 0.043 0.196 0.007 
323 TMA-ZAIN-G-    (0)    5 :  0.847 0.030 0.008 0.019 0.029 0.025 0.043 
324 TMA-ZAIN-G-    (0)    5 :  0.016 0.042 0.862 0.008 0.031 0.036 0.005 
325 TMA-ZAIN-G-    (0)    5 :  0.881 0.006 0.008 0.005 0.005 0.011 0.084 
326 TMA-ZAIN-G-    (0)    5 :  0.796 0.161 0.016 0.004 0.004 0.015 0.005 
327 TMA-ZAIN-G-    (0)    5 :  0.006 0.926 0.007 0.003 0.025 0.029 0.003 
328 TMA-ZAIN-G-    (0)    5 :  0.111 0.089 0.014 0.341 0.271 0.068 0.105 
329 TMA-ZAIN-G-    (0)    5 :  0.016 0.033 0.180 0.005 0.058 0.699 0.008 
330 TMA-ZAIN-G-    (0)    6 :  0.018 0.019 0.050 0.004 0.046 0.860 0.003 
331 TMA-ZAIN-G-    (0)    6 :  0.091 0.009 0.043 0.035 0.007 0.728 0.087 
332 TMA-ZAIN-G-    (0)    6 :  0.005 0.473 0.032 0.003 0.014 0.471 0.003 
333 TMA-ZAIN-G-    (0)    6 :  0.004 0.977 0.003 0.003 0.004 0.007 0.002 
334 TMA-ZAIN-G-    (0)    6 :  0.011 0.003 0.004 0.013 0.003 0.004 0.962 
335 TMA-ZAIN-G-    (0)    6 :  0.005 0.003 0.005 0.004 0.005 0.005 0.973 
336 TMA-ZAIN-G-    (0)    6 :  0.016 0.006 0.009 0.013 0.006 0.010 0.940 
337 TMA-ZAIN-G-    (9)    6 :  0.016 0.004 0.007 0.087 0.005 0.007 0.876 
338 TMA-ZAIN-G-    (0)    6 :  0.010 0.003 0.004 0.028 0.004 0.004 0.947 
339 TMA-ZAIN-G-    (0)    6 :  0.005 0.003 0.002 0.014 0.002 0.002 0.972 
340 TMA-ZAIN-G-    (0)    6 :  0.004 0.003 0.003 0.008 0.003 0.003 0.976 
341 TMA-ZAIN-G-    (0)    6 :  0.004 0.004 0.005 0.009 0.004 0.005 0.969 
342 TMA-ZAIN-G-    (0)    6 :  0.006 0.003 0.005 0.009 0.004 0.005 0.968 
343 TMA-ZAIN-G-    (0)    7 :  0.005 0.003 0.004 0.031 0.003 0.004 0.951 
344 TMA-ZAIN-G-    (0)    7 :  0.009 0.006 0.005 0.008 0.003 0.005 0.964 
345 TMA-ZAIN-G-    (0)    7 :  0.005 0.003 0.003 0.005 0.003 0.003 0.978 
346 TMA-ZAIN-G-    (0)    7 :  0.010 0.012 0.005 0.042 0.004 0.014 0.914 
347 TMA-ZAIN-G-    (9)    7 :  0.005 0.003 0.004 0.009 0.003 0.003 0.972 
348 TMA-ZAIN-G-    (0)    7 :  0.015 0.006 0.006 0.020 0.005 0.005 0.945 
349 TMA-ZAIN-G-    (0)    7 :  0.005 0.004 0.004 0.016 0.004 0.004 0.963 
350 TMA-ZAIN-G-    (0)    7 :  0.013 0.008 0.008 0.030 0.005 0.009 0.927 
351 TMA-ZAIN-G-    (0)    7 :  0.006 0.004 0.004 0.007 0.004 0.003 0.972 
352 TMA-ZAIN-G-    (0)    7 :  0.007 0.004 0.007 0.008 0.008 0.007 0.960 
353 TMA-ZAIN-G-    (0)    7 :  0.012 0.012 0.007 0.045 0.003 0.012 0.910 
354 TMA-ZAIN-G-    (0)    7 :  0.006 0.005 0.005 0.008 0.002 0.008 0.965 
355 TMA-ZAIN-G-    (0)    7 :  0.006 0.007 0.009 0.014 0.004 0.013 0.947 
356 TMA-ZAIN-G-    (0)    8 :  0.024 0.002 0.882 0.003 0.080 0.005 0.002 
357 TMA-ZAIN-G-    (0)    8 :  0.012 0.349 0.405 0.010 0.082 0.138 0.004 
358 TMA-ZAIN-G-    (0)    8 :  0.026 0.013 0.062 0.040 0.083 0.757 0.021 
359 TMA-ZAIN-G-    (0)    8 :  0.119 0.005 0.538 0.012 0.281 0.020 0.025 
360 TMA-ZAIN-G-    (0)    8 :  0.005 0.004 0.953 0.003 0.019 0.012 0.003 
361 TMA-ZAIN-G-    (0)    8 :  0.009 0.022 0.060 0.010 0.020 0.876 0.004 
362 TMA-ZAIN-G-    (0)    8 :  0.007 0.004 0.954 0.005 0.008 0.011 0.011 
363 TMA-ZAIN-G-    (0)    9 :  0.028 0.057 0.206 0.005 0.018 0.676 0.010 
364 TMA-ZAIN-G-    (0)    9 :  0.289 0.025 0.044 0.542 0.028 0.047 0.024 
365 TMA-ZAIN-G-    (0)    9 :  0.031 0.005 0.350 0.016 0.047 0.362 0.189 
366 TMA-ZAIN-G-    (0)    9 :  0.009 0.005 0.745 0.005 0.189 0.041 0.007 
367 TMA-ZAIN-G-    (0)    9 :  0.028 0.028 0.027 0.072 0.007 0.831 0.006 
368 TMA-ZAIN-G-    (0)    9 :  0.009 0.011 0.736 0.006 0.151 0.083 0.005 
369 TMA-ZAIN-G-    (0)    9 :  0.006 0.020 0.016 0.003 0.031 0.923 0.003 
370 TMA-ZAIN-G-    (0)    9 :  0.004 0.019 0.014 0.005 0.009 0.946 0.003 
371 TMA-ZAIN-G-    (0)    9 :  0.005 0.007 0.945 0.005 0.023 0.011 0.003 
372 TMA-ZAIN-G-    (0)    9 :  0.005 0.005 0.589 0.005 0.028 0.365 0.004 
373 TMA-ZAIN-G-    (0)    9 :  0.008 0.711 0.007 0.004 0.007 0.257 0.005 
374 TMA-ZAIN-G-    (0)   10 :  0.260 0.138 0.045 0.262 0.008 0.280 0.008 
375 TMA-ZAIN-G-    (0)   10 :  0.355 0.075 0.024 0.115 0.013 0.389 0.029 
376 TMA-ZAIN-G-    (9)   10 :  0.004 0.005 0.958 0.005 0.005 0.020 0.003 
377 TMA-ZAIN-G-    (0)   10 :  0.004 0.005 0.956 0.003 0.017 0.012 0.002 
378 TMA-ZAIN-G-    (0)   10 :  0.004 0.007 0.951 0.004 0.013 0.019 0.002 
379 TMA-ZAIN-G-    (0)   10 :  0.009 0.023 0.930 0.004 0.012 0.019 0.002 
380 TMA-ZAIN-G-    (0)   10 :  0.006 0.011 0.593 0.004 0.129 0.252 0.004 
381 TMA-ZAIN-G-    (9)   10 :  0.811 0.012 0.057 0.010 0.062 0.037 0.010 
382 TMA-ZAIN-G-    (9)   10 :  0.024 0.008 0.005 0.878 0.004 0.016 0.066 
383    ZFB01    (0)   11 :  0.004 0.003 0.006 0.968 0.004 0.005 0.010 
384    ZFB02    (0)   11 :  0.007 0.003 0.004 0.940 0.004 0.003 0.039 
385    ZFB03    (0)   11 :  0.007 0.008 0.005 0.966 0.003 0.005 0.005 
386    ZFB04    (0)   11 :  0.007 0.002 0.005 0.937 0.003 0.004 0.040 
387    ZFB05    (0)   11 :  0.037 0.010 0.003 0.828 0.011 0.006 0.105 
388    ZFB06    (0)   11 :  0.020 0.010 0.003 0.906 0.011 0.006 0.044 
389    ZFB07    (9)   11 :  0.009 0.006 0.009 0.948 0.005 0.009 0.013 
390    ZFB08    (0)   11 :  0.008 0.005 0.007 0.960 0.006 0.007 0.006 
391    ZFB09    (0)   11 :  0.005 0.003 0.004 0.977 0.003 0.003 0.005 
392    ZFB10    (0)   11 :  0.005 0.003 0.022 0.937 0.008 0.013 0.013 
393    ZFB11    (0)   11 :  0.006 0.003 0.013 0.950 0.004 0.007 0.019 
394    ZFB12    (0)   11 :  0.010 0.007 0.008 0.935 0.004 0.007 0.028 
395    ZFB13    (0)   11 :  0.007 0.005 0.009 0.956 0.006 0.008 0.008 
396    ZFB14    (0)   11 :  0.005 0.004 0.006 0.971 0.004 0.005 0.005 
397    ZFB15    (0)   11 :  0.004 0.003 0.003 0.966 0.003 0.003 0.018 
398    ZFB16    (0)   11 :  0.005 0.003 0.007 0.957 0.004 0.007 0.018 
399    ZFB17    (0)   11 :  0.022 0.004 0.012 0.899 0.016 0.015 0.032 
400    ZFB18    (0)   11 :  0.004 0.003 0.004 0.978 0.003 0.004 0.004 
401    ZFB19    (0)   11 :  0.010 0.006 0.030 0.909 0.010 0.028 0.008 
402    ZFB20    (0)   11 :  0.005 0.003 0.007 0.930 0.004 0.006 0.044 
403    ZFB21    (0)   11 :  0.005 0.004 0.003 0.968 0.003 0.003 0.015 
404    ZFB22    (0)   11 :  0.011 0.004 0.013 0.865 0.012 0.012 0.083 
405    ZFB23    (0)   11 :  0.006 0.005 0.011 0.942 0.004 0.007 0.026 
406    ZFB24    (0)   11 :  0.005 0.003 0.011 0.930 0.004 0.007 0.040 
407    ZFB25    (0)   11 :  0.004 0.004 0.030 0.934 0.006 0.015 0.007 
408    ZFB26    (0)   11 :  0.008 0.005 0.031 0.877 0.006 0.014 0.060 
409    ZFB27    (0)   11 :  0.005 0.003 0.010 0.897 0.004 0.008 0.073 
410    ZFB28    (0)   11 :  0.025 0.007 0.009 0.857 0.004 0.010 0.089 
411    ZFB29    (0)   11 :  0.007 0.003 0.005 0.959 0.003 0.003 0.020 
412    ZFB30    (0)   11 :  0.015 0.012 0.007 0.802 0.014 0.011 0.139 
413    ZFB31    (0)   11 :  0.005 0.004 0.017 0.951 0.005 0.011 0.007 
414    ZFB32    (0)   11 :  0.041 0.011 0.016 0.859 0.005 0.016 0.051 
415    ZFB33    (0)   11 :  0.005 0.003 0.004 0.966 0.003 0.004 0.015 
416    ZFB34    (0)   11 :  0.005 0.003 0.005 0.976 0.003 0.004 0.004 
417    ZFB35    (0)   11 :  0.006 0.005 0.008 0.957 0.004 0.007 0.013 
418  ZFBP101    (0)   12 :  0.024 0.018 0.082 0.010 0.040 0.819 0.007 
419  ZFBP102    (0)   12 :  0.012 0.006 0.121 0.011 0.011 0.831 0.008 
420  ZFBP103    (0)   12 :  0.023 0.018 0.031 0.007 0.013 0.903 0.006 
421  ZFBP104    (0)   12 :  0.026 0.010 0.194 0.042 0.010 0.700 0.018 
422  ZFBP105    (0)   12 :  0.006 0.014 0.582 0.007 0.007 0.379 0.006 
423  ZFBP106    (0)   12 :  0.006 0.021 0.758 0.004 0.014 0.193 0.004 
424  ZFBP107    (0)   12 :  0.009 0.014 0.239 0.006 0.005 0.717 0.010 
425  ZFBP108    (0)   12 :  0.004 0.006 0.964 0.003 0.005 0.014 0.003 
426  ZFBP109    (0)   12 :  0.003 0.006 0.920 0.004 0.007 0.057 0.002 
427  ZFBP110    (0)   12 :  0.035 0.089 0.294 0.037 0.006 0.531 0.008 
428  ZFBP111    (0)   12 :  0.005 0.012 0.399 0.003 0.152 0.426 0.003 
429  ZFBP112    (0)   12 :  0.016 0.019 0.728 0.005 0.130 0.095 0.007 
430  ZFBP113    (0)   12 :  0.004 0.004 0.957 0.004 0.005 0.021 0.004 
431  ZFBP114    (0)   12 :  0.006 0.009 0.546 0.004 0.012 0.419 0.005 
432  ZFBP115    (0)   12 :  0.008 0.023 0.063 0.003 0.014 0.886 0.004 
433  ZFBP116    (0)   12 :  0.006 0.008 0.918 0.003 0.007 0.054 0.004 
434  ZFBP117    (0)   12 :  0.005 0.007 0.952 0.003 0.008 0.022 0.003 
435  ZFBP118    (0)   12 :  0.007 0.009 0.732 0.004 0.018 0.225 0.005 
436  ZFBP119    (0)   12 :  0.013 0.022 0.522 0.004 0.024 0.412 0.003 
437  ZFBP120    (0)   12 :  0.006 0.013 0.568 0.007 0.007 0.393 0.005 
438  ZFBP121    (0)   12 :  0.006 0.008 0.893 0.006 0.007 0.077 0.003 
439  ZFBP122    (9)   12 :  0.006 0.007 0.845 0.004 0.015 0.119 0.004 
440  ZFBP123    (0)   12 :  0.010 0.007 0.916 0.004 0.033 0.024 0.006 
441  ZFBP124    (0)   12 :  0.005 0.005 0.929 0.008 0.006 0.043 0.004 
442  ZFBP125    (0)   12 :  0.005 0.011 0.846 0.003 0.019 0.114 0.003 
443  ZFBP126    (0)   12 :  0.030 0.004 0.683 0.013 0.008 0.249 0.012 
444  ZFBP127    (0)   12 :  0.007 0.051 0.566 0.003 0.007 0.363 0.003 
445  ZFBP128    (0)   12 :  0.009 0.029 0.781 0.005 0.072 0.101 0.003 
446  ZFBP129    (0)   12 :  0.006 0.007 0.954 0.005 0.019 0.008 0.003 
447  ZFBP130    (0)   12 :  0.011 0.016 0.588 0.003 0.138 0.241 0.003 
448  ZFBP131    (0)   12 :  0.005 0.003 0.971 0.004 0.006 0.007 0.004 
449  ZFBP132    (0)   12 :  0.004 0.012 0.957 0.004 0.004 0.016 0.003 
450  ZFBP133    (0)   12 :  0.004 0.003 0.808 0.004 0.169 0.010 0.002 
451  ZFBP134    (0)   12 :  0.006 0.008 0.057 0.004 0.016 0.906 0.003 
452  ZFBP135    (0)   12 :  0.054 0.026 0.277 0.022 0.021 0.594 0.006 
453  ZFBP136    (0)   12 :  0.023 0.025 0.268 0.005 0.137 0.533 0.009 
454  ZFBP201    (0)   13 :  0.007 0.011 0.951 0.006 0.005 0.014 0.006 
455  ZFBP202    (0)   13 :  0.005 0.010 0.917 0.007 0.012 0.045 0.003 
456  ZFBP203    (0)   13 :  0.014 0.006 0.901 0.005 0.025 0.019 0.030 
457  ZFBP204    (0)   13 :  0.011 0.020 0.516 0.005 0.032 0.410 0.006 
458  ZFBP205    (0)   13 :  0.007 0.003 0.955 0.003 0.018 0.009 0.005 
459  ZFBP206    (0)   13 :  0.010 0.005 0.811 0.006 0.149 0.012 0.008 
460  ZFBP207    (0)   13 :  0.007 0.085 0.733 0.006 0.009 0.157 0.004 
461  ZFBP208    (0)   13 :  0.010 0.004 0.938 0.004 0.014 0.017 0.013 
462  ZFBP209    (0)   13 :  0.004 0.004 0.865 0.003 0.106 0.015 0.002 
463  ZFBP210    (0)   13 :  0.008 0.013 0.938 0.005 0.014 0.014 0.008 
464  ZFBP211    (0)   13 :  0.005 0.009 0.952 0.006 0.005 0.018 0.004 
465  ZFBP212    (0)   13 :  0.004 0.036 0.730 0.006 0.007 0.214 0.003 
466  ZFBP213    (0)   13 :  0.011 0.010 0.936 0.009 0.015 0.013 0.006 
467  ZFBP214    (0)   13 :  0.027 0.044 0.769 0.013 0.118 0.023 0.005 
468  ZFBP215    (0)   13 :  0.005 0.006 0.960 0.004 0.008 0.015 0.003 
469  ZFBP216    (0)   13 :  0.010 0.006 0.696 0.005 0.007 0.269 0.008 
470  ZFBP217    (0)   13 :  0.008 0.039 0.721 0.006 0.169 0.053 0.003 
471  ZFBP218    (0)   13 :  0.004 0.004 0.957 0.003 0.014 0.015 0.003 
472  ZFBP219    (0)   13 :  0.004 0.004 0.964 0.003 0.005 0.015 0.004 
473  ZFBP220    (0)   13 :  0.010 0.022 0.422 0.003 0.076 0.463 0.004 
474  ZFBP221    (0)   13 :  0.004 0.010 0.540 0.005 0.010 0.428 0.004 
475  ZFBP222    (0)   13 :  0.006 0.003 0.964 0.005 0.009 0.008 0.005 
476  ZFBP223    (0)   13 :  0.007 0.179 0.663 0.008 0.010 0.127 0.005 
477  ZFBP224    (0)   13 :  0.007 0.006 0.958 0.005 0.007 0.013 0.005 
478  ZFBP225    (0)   13 :  0.012 0.022 0.145 0.004 0.259 0.551 0.007 
479  ZFBP226    (0)   13 :  0.005 0.005 0.934 0.004 0.006 0.041 0.005 
