

----------------------------------------------------
STRUCTURE by Pritchard, Stephens and Donnelly (2000)
     and Falush, Stephens and Pritchard (2003)
       Code by Pritchard, Falush and Hubisz
             Version 2.3.4 (Jul 2012)
----------------------------------------------------



Command line arguments:   bin\structure -m C:\Users\eschumacher\Documents\GitHub\GCC_QUAC_ZAIN\Data_Files\Structure_Files\ZAIN\ZAIN_rebinned_allpop_str\50-50\mainparams -e C:\Users\eschumacher\Documents\GitHub\GCC_QUAC_ZAIN\Data_Files\Structure_Files\ZAIN\ZAIN_rebinned_allpop_str\50-50\extraparams 
Input File:    C:\Users\eschumacher\Documents\GitHub\GCC_QUAC_ZAIN\Data_Files\Structure_Files\ZAIN\ZAIN_rebinned_allpop_str\project_data

Run parameters:
   1133 individuals
   11 loci
   13 populations assumed
   50000 Burn-in period
   50000 Reps


--------------------------------------------
Proportion of membership of each pre-defined
 population in each of the 13 clusters

Given    Inferred Clusters                                                                             Number of
 Pop       1      2      3      4      5      6      7      8      9     10     11     12     13      Individuals

  1:     0.027  0.079  0.103  0.043  0.051  0.095  0.140  0.081  0.073  0.085  0.036  0.075  0.111      303
  2:     0.057  0.041  0.150  0.023  0.014  0.070  0.103  0.054  0.058  0.100  0.033  0.171  0.126       15
  3:     0.013  0.031  0.090  0.017  0.208  0.417  0.048  0.009  0.103  0.029  0.011  0.006  0.018        2
  4:     0.292  0.106  0.117  0.019  0.007  0.090  0.020  0.044  0.019  0.074  0.023  0.033  0.156        2
  5:     0.019  0.026  0.022  0.021  0.194  0.353  0.018  0.030  0.053  0.130  0.059  0.013  0.062        7
  6:     0.012  0.009  0.026  0.038  0.101  0.009  0.626  0.015  0.012  0.012  0.010  0.007  0.124       13
  7:     0.011  0.005  0.006  0.010  0.006  0.017  0.904  0.015  0.005  0.007  0.004  0.004  0.006       13
  8:     0.015  0.431  0.045  0.027  0.056  0.017  0.012  0.010  0.037  0.152  0.069  0.010  0.120        7
  9:     0.040  0.061  0.260  0.022  0.041  0.013  0.016  0.050  0.054  0.123  0.026  0.010  0.284       11
 10:     0.066  0.387  0.052  0.014  0.022  0.128  0.011  0.073  0.071  0.075  0.021  0.024  0.057        9
 11:     0.009  0.013  0.010  0.013  0.005  0.013  0.032  0.872  0.009  0.010  0.005  0.005  0.006       35
 12:     0.009  0.197  0.305  0.020  0.015  0.007  0.005  0.006  0.139  0.159  0.025  0.021  0.094       36
 13:     0.011  0.109  0.261  0.009  0.022  0.006  0.005  0.005  0.131  0.359  0.027  0.008  0.046       33
 14:     0.009  0.008  0.013  0.039  0.009  0.006  0.018  0.008  0.008  0.017  0.011  0.849  0.007       40
 15:     0.005  0.007  0.009  0.006  0.908  0.004  0.003  0.004  0.007  0.006  0.007  0.006  0.028       39
 16:     0.379  0.027  0.027  0.015  0.012  0.149  0.056  0.204  0.025  0.036  0.026  0.024  0.019       40
 17:     0.060  0.009  0.015  0.044  0.010  0.667  0.075  0.049  0.012  0.012  0.017  0.020  0.010       37
 18:     0.006  0.574  0.104  0.008  0.012  0.004  0.003  0.005  0.039  0.177  0.021  0.006  0.042       40
 19:     0.007  0.005  0.007  0.040  0.014  0.007  0.008  0.889  0.004  0.006  0.003  0.005  0.006       28
 20:     0.005  0.005  0.007  0.931  0.005  0.004  0.005  0.004  0.005  0.006  0.006  0.013  0.005       14
 21:     0.008  0.007  0.017  0.021  0.036  0.054  0.811  0.009  0.008  0.008  0.005  0.007  0.010       13
 22:     0.006  0.014  0.014  0.006  0.025  0.004  0.003  0.005  0.010  0.011  0.009  0.018  0.874       14
 23:     0.005  0.019  0.123  0.007  0.008  0.004  0.004  0.004  0.750  0.030  0.023  0.006  0.016       25
 24:     0.005  0.011  0.012  0.006  0.006  0.006  0.005  0.006  0.011  0.014  0.902  0.008  0.008       40
 25:     0.020  0.029  0.036  0.038  0.018  0.012  0.009  0.031  0.016  0.023  0.009  0.710  0.048       32
 26:     0.004  0.005  0.007  0.005  0.004  0.006  0.939  0.003  0.006  0.005  0.006  0.005  0.004       20
 27:     0.225  0.016  0.008  0.016  0.004  0.041  0.008  0.640  0.008  0.012  0.006  0.006  0.010        4
 28:     0.027  0.046  0.014  0.012  0.005  0.011  0.021  0.765  0.016  0.047  0.012  0.010  0.013       23
 29:     0.010  0.006  0.006  0.007  0.006  0.016  0.007  0.911  0.005  0.007  0.005  0.009  0.006       39
 30:     0.010  0.006  0.008  0.023  0.004  0.010  0.856  0.053  0.006  0.007  0.005  0.006  0.005       38
 31:     0.011  0.038  0.079  0.008  0.161  0.006  0.005  0.005  0.024  0.037  0.050  0.009  0.570       45
 32:     0.008  0.078  0.205  0.018  0.153  0.010  0.007  0.005  0.093  0.142  0.021  0.013  0.248       28
 33:     0.010  0.005  0.006  0.006  0.007  0.018  0.010  0.915  0.004  0.006  0.004  0.007  0.005        6
 34:     0.870  0.006  0.008  0.012  0.009  0.030  0.006  0.013  0.007  0.009  0.014  0.006  0.011       40
 35:     0.031  0.007  0.012  0.017  0.010  0.796  0.054  0.017  0.008  0.008  0.012  0.009  0.019       42
--------------------------------------------

Allele-freq. divergence among pops (Net nucleotide distance),
computed using point estimates of P.

      1       2       3       4       5       6       7       8       9      10      11      12      13      
 1      -    0.1991  0.1597  0.1674  0.2223  0.0906  0.2121  0.1587  0.1883  0.1273  0.1758  0.1767  0.1160  
 2   0.1991     -    0.0580  0.2661  0.2817  0.2454  0.3674  0.2690  0.0960  0.0364  0.1608  0.2816  0.0840  
 3   0.1597  0.0580     -    0.1799  0.2124  0.1921  0.2941  0.2554  0.0576  0.0449  0.1442  0.2533  0.0692  
 4   0.1674  0.2661  0.1799     -    0.2379  0.1458  0.2343  0.2269  0.2079  0.1973  0.2796  0.2026  0.1854  
 5   0.2223  0.2817  0.2124  0.2379     -    0.1900  0.3642  0.2851  0.2396  0.2494  0.2775  0.2001  0.1309  
 6   0.0906  0.2454  0.1921  0.1458  0.1900     -    0.1123  0.0980  0.1982  0.1995  0.2848  0.1674  0.1584  
 7   0.2121  0.3674  0.2941  0.2343  0.3642  0.1123     -    0.1580  0.3027  0.3107  0.3758  0.2776  0.3025  
 8   0.1587  0.2690  0.2554  0.2269  0.2851  0.0980  0.1580     -    0.2651  0.2259  0.3561  0.1822  0.2492  
 9   0.1883  0.0960  0.0576  0.2079  0.2396  0.1982  0.3027  0.2651     -    0.0741  0.1186  0.2376  0.1220  
10   0.1273  0.0364  0.0449  0.1973  0.2494  0.1995  0.3107  0.2259  0.0741     -    0.1082  0.2135  0.0799  
11   0.1758  0.1608  0.1442  0.2796  0.2775  0.2848  0.3758  0.3561  0.1186  0.1082     -    0.2233  0.1411  
12   0.1767  0.2816  0.2533  0.2026  0.2001  0.1674  0.2776  0.1822  0.2376  0.2135  0.2233     -    0.1941  
13   0.1160  0.0840  0.0692  0.1854  0.1309  0.1584  0.3025  0.2492  0.1220  0.0799  0.1411  0.1941     -    

Average distances (expected heterozygosity) between individuals in same cluster:
cluster  1  : 0.4746 
cluster  2  : 0.3345 
cluster  3  : 0.3554 
cluster  4  : 0.2602 
cluster  5  : 0.2511 
cluster  6  : 0.5276 
cluster  7  : 0.4087 
cluster  8  : 0.4692 
cluster  9  : 0.3950 
cluster 10  : 0.3980 
cluster 11  : 0.3541 
cluster 12  : 0.3759 
cluster 13  : 0.4308 

--------------------------------------------
Estimated Ln Prob of Data   = -20937.8
Mean value of ln likelihood = -20062.4
Variance of ln likelihood   = 1750.7
Mean value of alpha         = 0.0346

Mean value of Fst_1         = 0.2812
Mean value of Fst_2         = 0.4172
Mean value of Fst_3         = 0.3355
Mean value of Fst_4         = 0.6135
Mean value of Fst_5         = 0.5764
Mean value of Fst_6         = 0.1706
Mean value of Fst_7         = 0.4439
Mean value of Fst_8         = 0.3881
Mean value of Fst_9         = 0.3757
Mean value of Fst_10         = 0.3395
Mean value of Fst_11         = 0.4288
Mean value of Fst_12         = 0.4493
Mean value of Fst_13         = 0.3417


Inferred ancestry of individuals:
        Label (%Miss) Pop:  Inferred clusters
  1 TMA-ZAIN-G-    (9)    1 :  0.019 0.008 0.007 0.008 0.081 0.053 0.007 0.679 0.006 0.075 0.007 0.010 0.041 
  2 TMA-ZAIN-G-    (0)    1 :  0.010 0.013 0.020 0.016 0.008 0.021 0.009 0.643 0.185 0.041 0.004 0.022 0.008 
  3 TMA-ZAIN-G-    (0)    1 :  0.013 0.065 0.027 0.008 0.025 0.004 0.003 0.006 0.016 0.690 0.058 0.008 0.077 
  4 TMA-ZAIN-G-    (0)    1 :  0.005 0.095 0.022 0.600 0.016 0.006 0.004 0.008 0.018 0.154 0.046 0.016 0.009 
  5 TMA-ZAIN-G-    (0)    1 :  0.007 0.003 0.003 0.005 0.002 0.004 0.005 0.956 0.002 0.003 0.002 0.006 0.002 
  6 TMA-ZAIN-G-    (0)    1 :  0.221 0.014 0.021 0.033 0.013 0.030 0.026 0.030 0.016 0.467 0.048 0.017 0.063 
  7 TMA-ZAIN-G-    (0)    1 :  0.015 0.038 0.553 0.082 0.034 0.009 0.005 0.009 0.022 0.154 0.007 0.012 0.062 
  8 TMA-ZAIN-G-    (0)    1 :  0.009 0.030 0.021 0.005 0.006 0.004 0.003 0.006 0.017 0.071 0.024 0.023 0.780 
  9 TMA-ZAIN-G-    (9)    1 :  0.027 0.060 0.403 0.007 0.007 0.006 0.005 0.006 0.079 0.280 0.023 0.005 0.092 
 10 TMA-ZAIN-G-    (0)    1 :  0.026 0.047 0.553 0.012 0.013 0.005 0.004 0.003 0.039 0.128 0.031 0.010 0.128 
 11 TMA-ZAIN-G-    (0)    1 :  0.006 0.007 0.768 0.012 0.008 0.006 0.004 0.005 0.012 0.064 0.004 0.005 0.098 
 12 TMA-ZAIN-G-    (0)    1 :  0.009 0.447 0.020 0.005 0.021 0.005 0.003 0.005 0.008 0.437 0.005 0.005 0.030 
 13 TMA-ZAIN-G-    (9)    1 :  0.016 0.061 0.332 0.015 0.118 0.030 0.066 0.039 0.167 0.017 0.016 0.019 0.104 
 14 TMA-ZAIN-G-    (9)    1 :  0.012 0.011 0.027 0.005 0.827 0.009 0.011 0.003 0.017 0.011 0.006 0.007 0.053 
 15 TMA-ZAIN-G-    (0)    1 :  0.007 0.006 0.005 0.004 0.787 0.005 0.002 0.003 0.005 0.062 0.008 0.006 0.100 
 16 TMA-ZAIN-G-    (0)    1 :  0.007 0.563 0.186 0.005 0.005 0.005 0.005 0.003 0.015 0.182 0.004 0.003 0.017 
 17 TMA-ZAIN-G-    (9)    1 :  0.025 0.019 0.009 0.077 0.018 0.021 0.011 0.009 0.006 0.020 0.005 0.017 0.764 
 18 TMA-ZAIN-G-    (0)    1 :  0.027 0.015 0.005 0.011 0.011 0.187 0.006 0.657 0.004 0.009 0.007 0.049 0.011 
 19 TMA-ZAIN-G-    (0)    1 :  0.142 0.031 0.029 0.051 0.013 0.613 0.024 0.015 0.010 0.020 0.006 0.004 0.043 
 20 TMA-ZAIN-G-    (0)    1 :  0.009 0.003 0.004 0.007 0.003 0.831 0.054 0.041 0.004 0.004 0.005 0.032 0.003 
 21 TMA-ZAIN-G-    (0)    1 :  0.005 0.004 0.005 0.004 0.002 0.004 0.951 0.003 0.003 0.005 0.005 0.005 0.004 
 22 TMA-ZAIN-G-    (0)    1 :  0.009 0.002 0.003 0.009 0.003 0.013 0.885 0.057 0.003 0.003 0.002 0.007 0.003 
 23 TMA-ZAIN-G-    (0)    1 :  0.028 0.006 0.008 0.009 0.007 0.037 0.859 0.017 0.005 0.006 0.003 0.004 0.010 
 24 TMA-ZAIN-G-    (9)    1 :  0.004 0.012 0.014 0.003 0.025 0.003 0.652 0.007 0.161 0.006 0.099 0.006 0.009 
 25 TMA-ZAIN-G-    (9)    1 :  0.009 0.009 0.004 0.003 0.004 0.693 0.008 0.068 0.105 0.084 0.004 0.004 0.005 
 26 TMA-ZAIN-G-    (9)    1 :  0.005 0.014 0.021 0.010 0.013 0.011 0.025 0.006 0.133 0.203 0.007 0.488 0.065 
 27 TMA-ZAIN-G-    (0)    1 :  0.710 0.004 0.013 0.024 0.075 0.054 0.017 0.056 0.005 0.008 0.008 0.013 0.013 
 28 TMA-ZAIN-G-    (0)    1 :  0.926 0.005 0.005 0.005 0.009 0.011 0.004 0.009 0.004 0.007 0.005 0.005 0.006 
 29 TMA-ZAIN-G-    (0)    1 :  0.005 0.004 0.004 0.003 0.006 0.223 0.004 0.003 0.006 0.004 0.719 0.015 0.005 
 30 TMA-ZAIN-G-    (0)    1 :  0.484 0.053 0.071 0.008 0.074 0.027 0.004 0.004 0.117 0.034 0.031 0.005 0.086 
 31 TMA-ZAIN-G-    (0)    1 :  0.006 0.004 0.007 0.021 0.006 0.012 0.011 0.848 0.008 0.005 0.006 0.062 0.004 
 32 TMA-ZAIN-G-    (9)    1 :  0.007 0.026 0.007 0.005 0.012 0.070 0.081 0.339 0.007 0.424 0.003 0.006 0.012 
 33 TMA-ZAIN-G-   (18)    1 :  0.006 0.031 0.011 0.004 0.005 0.003 0.003 0.004 0.007 0.888 0.009 0.004 0.027 
 34 TMA-ZAIN-G-    (0)    1 :  0.008 0.032 0.012 0.005 0.005 0.012 0.022 0.054 0.010 0.823 0.004 0.006 0.006 
 35 TMA-ZAIN-G-    (9)    1 :  0.006 0.006 0.006 0.006 0.009 0.005 0.003 0.005 0.009 0.924 0.008 0.005 0.008 
 36 TMA-ZAIN-G-    (0)    1 :  0.006 0.015 0.034 0.008 0.180 0.005 0.002 0.004 0.352 0.165 0.010 0.013 0.204 
 37 TMA-ZAIN-G-    (9)    1 :  0.008 0.015 0.009 0.012 0.004 0.004 0.004 0.004 0.016 0.904 0.007 0.005 0.009 
 38 TMA-ZAIN-G-   (18)    1 :  0.005 0.013 0.010 0.012 0.055 0.104 0.025 0.429 0.013 0.300 0.006 0.007 0.019 
 39 TMA-ZAIN-G-    (0)    1 :  0.007 0.123 0.040 0.008 0.004 0.004 0.005 0.003 0.696 0.057 0.012 0.008 0.033 
 40 TMA-ZAIN-G-    (0)    1 :  0.005 0.275 0.027 0.013 0.006 0.006 0.005 0.003 0.164 0.190 0.007 0.005 0.294 
 41 TMA-ZAIN-G-    (0)    1 :  0.005 0.024 0.008 0.003 0.037 0.003 0.003 0.002 0.252 0.022 0.006 0.005 0.630 
 42 TMA-ZAIN-G-    (9)    1 :  0.003 0.008 0.005 0.004 0.082 0.003 0.002 0.003 0.011 0.006 0.006 0.009 0.857 
 43 TMA-ZAIN-G-    (0)    1 :  0.003 0.003 0.005 0.004 0.944 0.003 0.003 0.003 0.004 0.004 0.008 0.005 0.011 
 44 TMA-ZAIN-G-    (0)    1 :  0.003 0.011 0.098 0.010 0.004 0.017 0.764 0.005 0.047 0.022 0.008 0.004 0.007 
 45 TMA-ZAIN-G-    (0)    1 :  0.010 0.123 0.583 0.013 0.015 0.007 0.006 0.005 0.013 0.129 0.007 0.010 0.080 
 46 TMA-ZAIN-G-    (0)    1 :  0.003 0.003 0.005 0.009 0.004 0.006 0.948 0.003 0.005 0.003 0.003 0.006 0.003 
 47 TMA-ZAIN-G-    (0)    1 :  0.004 0.005 0.003 0.014 0.004 0.004 0.003 0.003 0.003 0.005 0.004 0.942 0.004 
 48 TMA-ZAIN-G-    (0)    1 :  0.041 0.021 0.187 0.146 0.055 0.012 0.025 0.006 0.014 0.042 0.016 0.204 0.230 
 49 TMA-ZAIN-G-    (9)    1 :  0.012 0.027 0.010 0.019 0.004 0.820 0.006 0.012 0.006 0.029 0.041 0.007 0.008 
 50 TMA-ZAIN-G-    (0)    1 :  0.023 0.014 0.007 0.006 0.008 0.827 0.005 0.010 0.025 0.006 0.004 0.003 0.062 
 51 TMA-ZAIN-G-    (0)    1 :  0.020 0.004 0.016 0.014 0.054 0.822 0.006 0.006 0.008 0.008 0.007 0.016 0.017 
 52 TMA-ZAIN-G-    (0)    1 :  0.037 0.013 0.009 0.133 0.016 0.721 0.009 0.006 0.007 0.008 0.003 0.031 0.009 
 53 TMA-ZAIN-G-    (0)    1 :  0.010 0.004 0.016 0.055 0.029 0.690 0.006 0.104 0.008 0.005 0.004 0.059 0.008 
 54 TMA-ZAIN-G-    (0)    1 :  0.010 0.006 0.006 0.004 0.010 0.008 0.004 0.004 0.004 0.006 0.004 0.923 0.011 
 55 TMA-ZAIN-G-    (0)    1 :  0.022 0.010 0.009 0.004 0.019 0.021 0.008 0.004 0.004 0.007 0.003 0.856 0.034 
 56 TMA-ZAIN-G-    (0)    1 :  0.059 0.021 0.080 0.409 0.034 0.029 0.007 0.006 0.027 0.030 0.022 0.057 0.218 
 57 TMA-ZAIN-G-    (0)    1 :  0.005 0.030 0.008 0.009 0.006 0.030 0.004 0.008 0.011 0.014 0.007 0.863 0.005 
 58 TMA-ZAIN-G-    (0)    1 :  0.287 0.018 0.008 0.013 0.010 0.375 0.139 0.051 0.004 0.011 0.006 0.046 0.031 
 59 TMA-ZAIN-G-    (0)    1 :  0.028 0.022 0.141 0.045 0.009 0.013 0.025 0.573 0.021 0.054 0.023 0.017 0.030 
 60 TMA-ZAIN-G-    (0)    1 :  0.095 0.006 0.027 0.044 0.131 0.152 0.009 0.472 0.007 0.009 0.008 0.022 0.018 
 61 TMA-ZAIN-G-    (0)    1 :  0.006 0.003 0.004 0.030 0.003 0.010 0.022 0.897 0.003 0.005 0.003 0.011 0.003 
 62 TMA-ZAIN-G-    (9)    1 :  0.076 0.038 0.031 0.003 0.007 0.022 0.019 0.667 0.024 0.066 0.007 0.012 0.028 
 63 TMA-ZAIN-G-    (0)    1 :  0.010 0.006 0.005 0.013 0.007 0.013 0.007 0.909 0.003 0.007 0.003 0.013 0.005 
 64 TMA-ZAIN-G-    (0)    1 :  0.003 0.005 0.007 0.004 0.005 0.002 0.002 0.002 0.008 0.006 0.947 0.003 0.005 
 65 TMA-ZAIN-G-    (9)    1 :  0.006 0.016 0.007 0.005 0.006 0.003 0.003 0.003 0.006 0.046 0.884 0.008 0.008 
 66 TMA-ZAIN-G-    (0)    1 :  0.004 0.011 0.025 0.005 0.005 0.003 0.003 0.003 0.015 0.018 0.895 0.004 0.009 
 67 TMA-ZAIN-G-    (0)    1 :  0.014 0.023 0.043 0.004 0.003 0.010 0.013 0.004 0.096 0.035 0.740 0.005 0.010 
 68 TMA-ZAIN-G-    (0)    1 :  0.003 0.005 0.005 0.004 0.006 0.003 0.002 0.002 0.004 0.005 0.951 0.004 0.007 
 69 TMA-ZAIN-G-    (0)    1 :  0.008 0.029 0.025 0.020 0.016 0.028 0.027 0.019 0.031 0.061 0.721 0.009 0.006 
 70 TMA-ZAIN-G-    (0)    1 :  0.005 0.008 0.046 0.004 0.005 0.004 0.004 0.003 0.891 0.010 0.011 0.003 0.005 
 71 TMA-ZAIN-G-    (0)    1 :  0.003 0.011 0.013 0.004 0.004 0.003 0.003 0.003 0.933 0.011 0.004 0.003 0.005 
 72 TMA-ZAIN-G-    (0)    1 :  0.007 0.007 0.010 0.005 0.006 0.004 0.003 0.003 0.915 0.011 0.013 0.007 0.009 
 73 TMA-ZAIN-G-    (0)    1 :  0.019 0.009 0.005 0.004 0.003 0.017 0.025 0.018 0.857 0.014 0.005 0.017 0.005 
 74 TMA-ZAIN-G-    (0)    1 :  0.004 0.009 0.007 0.003 0.003 0.006 0.005 0.005 0.934 0.009 0.005 0.004 0.005 
 75 TMA-ZAIN-G-    (0)    1 :  0.006 0.008 0.007 0.005 0.004 0.005 0.003 0.004 0.927 0.014 0.005 0.007 0.005 
 76 TMA-ZAIN-G-    (0)    1 :  0.005 0.008 0.013 0.003 0.003 0.008 0.014 0.004 0.919 0.010 0.005 0.003 0.004 
 77 TMA-ZAIN-G-    (0)    1 :  0.005 0.005 0.008 0.008 0.005 0.005 0.005 0.003 0.935 0.006 0.006 0.004 0.007 
 78 TMA-ZAIN-G-    (0)    1 :  0.007 0.008 0.013 0.009 0.005 0.012 0.010 0.005 0.900 0.013 0.005 0.007 0.005 
 79 TMA-ZAIN-G-    (0)    1 :  0.005 0.006 0.011 0.024 0.006 0.007 0.007 0.004 0.911 0.006 0.004 0.004 0.006 
 80 TMA-ZAIN-G-    (0)    1 :  0.006 0.120 0.024 0.006 0.004 0.004 0.004 0.003 0.759 0.026 0.022 0.010 0.012 
 81 TMA-ZAIN-G-    (0)    1 :  0.007 0.013 0.044 0.024 0.008 0.007 0.006 0.004 0.851 0.017 0.005 0.005 0.010 
 82 TMA-ZAIN-G-    (0)    1 :  0.007 0.049 0.137 0.008 0.007 0.005 0.003 0.006 0.151 0.400 0.203 0.017 0.009 
 83 TMA-ZAIN-G-    (9)    1 :  0.025 0.092 0.013 0.004 0.004 0.011 0.024 0.031 0.012 0.742 0.018 0.013 0.009 
 84 TMA-ZAIN-G-    (0)    1 :  0.005 0.015 0.044 0.010 0.006 0.008 0.011 0.003 0.870 0.009 0.005 0.003 0.009 
 85 TMA-ZAIN-G-    (0)    1 :  0.004 0.003 0.004 0.958 0.003 0.004 0.004 0.004 0.003 0.003 0.003 0.003 0.003 
 86 TMA-ZAIN-G-    (0)    1 :  0.005 0.008 0.009 0.931 0.003 0.004 0.005 0.004 0.005 0.009 0.005 0.005 0.007 
 87 TMA-ZAIN-G-    (0)    1 :  0.004 0.003 0.004 0.957 0.003 0.004 0.005 0.005 0.003 0.003 0.003 0.004 0.003 
 88 TMA-ZAIN-G-    (0)    1 :  0.011 0.092 0.032 0.407 0.019 0.008 0.011 0.177 0.031 0.099 0.031 0.072 0.010 
 89 TMA-ZAIN-G-    (0)    1 :  0.004 0.031 0.042 0.324 0.042 0.008 0.031 0.029 0.042 0.029 0.030 0.380 0.009 
 90 TMA-ZAIN-G-    (0)    1 :  0.006 0.021 0.005 0.845 0.004 0.007 0.005 0.017 0.004 0.032 0.015 0.035 0.005 
 91 TMA-ZAIN-G-    (0)    1 :  0.021 0.006 0.016 0.803 0.011 0.007 0.006 0.047 0.008 0.010 0.011 0.043 0.009 
 92 TMA-ZAIN-G-    (0)    1 :  0.028 0.005 0.013 0.541 0.013 0.037 0.037 0.009 0.011 0.010 0.006 0.280 0.009 
 93 TMA-ZAIN-G-    (0)    1 :  0.096 0.004 0.009 0.235 0.023 0.028 0.014 0.042 0.007 0.007 0.007 0.521 0.007 
 94 TMA-ZAIN-G-    (0)    1 :  0.015 0.003 0.005 0.770 0.007 0.010 0.009 0.109 0.005 0.005 0.005 0.054 0.004 
 95 TMA-ZAIN-G-    (0)    1 :  0.890 0.006 0.007 0.005 0.014 0.031 0.005 0.007 0.010 0.004 0.007 0.004 0.011 
 96 TMA-ZAIN-G-    (0)    1 :  0.830 0.012 0.005 0.009 0.021 0.054 0.006 0.005 0.004 0.008 0.004 0.005 0.038 
 97 TMA-ZAIN-G-    (0)    1 :  0.005 0.004 0.009 0.009 0.008 0.018 0.006 0.897 0.015 0.004 0.007 0.014 0.004 
 98 TMA-ZAIN-G-    (0)    1 :  0.003 0.004 0.008 0.007 0.006 0.005 0.004 0.924 0.015 0.004 0.005 0.010 0.004 
 99 TMA-ZAIN-G-    (0)    1 :  0.008 0.017 0.076 0.005 0.006 0.006 0.012 0.685 0.007 0.136 0.014 0.003 0.026 
100 TMA-ZAIN-G-    (0)    1 :  0.007 0.003 0.006 0.037 0.007 0.025 0.016 0.859 0.006 0.004 0.005 0.023 0.003 
101 TMA-ZAIN-G-    (0)    1 :  0.005 0.006 0.023 0.004 0.006 0.010 0.005 0.900 0.009 0.007 0.006 0.012 0.005 
102 TMA-ZAIN-G-    (0)    1 :  0.025 0.048 0.021 0.032 0.036 0.127 0.195 0.420 0.017 0.017 0.012 0.009 0.040 
103 TMA-ZAIN-G-    (0)    1 :  0.020 0.022 0.014 0.030 0.007 0.057 0.015 0.784 0.008 0.019 0.006 0.006 0.012 
104 TMA-ZAIN-G-    (0)    1 :  0.005 0.004 0.003 0.003 0.004 0.007 0.006 0.948 0.003 0.004 0.003 0.006 0.004 
105 TMA-ZAIN-G-    (0)    1 :  0.019 0.026 0.018 0.045 0.008 0.024 0.008 0.791 0.007 0.026 0.006 0.006 0.016 
106 TMA-ZAIN-G-    (0)    1 :  0.007 0.103 0.208 0.007 0.140 0.004 0.003 0.004 0.111 0.034 0.051 0.006 0.321 
107 TMA-ZAIN-G-    (0)    1 :  0.007 0.433 0.272 0.008 0.013 0.006 0.003 0.005 0.109 0.102 0.013 0.009 0.022 
108 TMA-ZAIN-G-    (9)    1 :  0.011 0.012 0.037 0.052 0.037 0.080 0.043 0.124 0.018 0.540 0.006 0.014 0.026 
109 TMA-ZAIN-G-    (0)    1 :  0.054 0.137 0.015 0.016 0.023 0.007 0.006 0.282 0.009 0.105 0.146 0.056 0.145 
110 TMA-ZAIN-G-    (0)    1 :  0.027 0.099 0.289 0.020 0.017 0.100 0.132 0.056 0.021 0.139 0.007 0.016 0.076 
111 TMA-ZAIN-G-    (9)    1 :  0.026 0.120 0.018 0.007 0.004 0.076 0.101 0.440 0.047 0.115 0.012 0.021 0.012 
112 TMA-ZAIN-G-    (0)    1 :  0.047 0.092 0.091 0.015 0.039 0.099 0.052 0.248 0.020 0.072 0.018 0.026 0.180 
113 TMA-ZAIN-G-    (0)    1 :  0.004 0.015 0.016 0.006 0.006 0.005 0.008 0.869 0.025 0.011 0.010 0.020 0.005 
114 TMA-ZAIN-G-    (0)    1 :  0.005 0.004 0.003 0.006 0.002 0.005 0.011 0.949 0.003 0.004 0.002 0.004 0.002 
115 TMA-ZAIN-G-    (0)    1 :  0.005 0.005 0.003 0.003 0.004 0.004 0.006 0.953 0.003 0.004 0.003 0.004 0.003 
116 TMA-ZAIN-G-    (0)    1 :  0.006 0.162 0.008 0.005 0.005 0.003 0.003 0.005 0.011 0.764 0.010 0.011 0.007 
117 TMA-ZAIN-G-    (0)    1 :  0.028 0.032 0.051 0.035 0.063 0.008 0.003 0.007 0.096 0.387 0.169 0.034 0.085 
118 TMA-ZAIN-G-    (0)    1 :  0.010 0.228 0.008 0.006 0.016 0.005 0.003 0.005 0.012 0.664 0.020 0.009 0.013 
119 TMA-ZAIN-G-    (0)    1 :  0.013 0.170 0.011 0.004 0.005 0.017 0.014 0.020 0.041 0.665 0.023 0.009 0.007 
120 TMA-ZAIN-G-    (0)    1 :  0.013 0.102 0.009 0.011 0.032 0.007 0.004 0.006 0.014 0.768 0.013 0.008 0.013 
121 TMA-ZAIN-G-    (0)    1 :  0.012 0.018 0.009 0.006 0.010 0.004 0.003 0.004 0.012 0.872 0.027 0.008 0.016 
122 TMA-ZAIN-G-    (0)    1 :  0.036 0.054 0.058 0.065 0.010 0.005 0.005 0.004 0.024 0.672 0.020 0.009 0.038 
123 TMA-ZAIN-G-    (0)    1 :  0.007 0.004 0.006 0.009 0.011 0.015 0.008 0.915 0.005 0.006 0.004 0.005 0.004 
124 TMA-ZAIN-G-    (0)    1 :  0.006 0.009 0.010 0.008 0.007 0.005 0.003 0.005 0.004 0.009 0.003 0.003 0.926 
125 TMA-ZAIN-G-    (0)    1 :  0.005 0.007 0.007 0.007 0.020 0.004 0.002 0.002 0.007 0.006 0.031 0.082 0.819 
126 TMA-ZAIN-G-    (0)    1 :  0.005 0.017 0.008 0.006 0.029 0.004 0.003 0.004 0.005 0.009 0.005 0.008 0.898 
127 TMA-ZAIN-G-    (0)    1 :  0.004 0.012 0.013 0.005 0.010 0.003 0.003 0.003 0.004 0.006 0.006 0.004 0.928 
128 TMA-ZAIN-G-    (0)    1 :  0.011 0.010 0.019 0.005 0.009 0.003 0.003 0.004 0.006 0.027 0.019 0.006 0.877 
129 TMA-ZAIN-G-    (0)    1 :  0.005 0.006 0.012 0.007 0.012 0.004 0.003 0.006 0.005 0.011 0.006 0.006 0.916 
130 TMA-ZAIN-G-    (0)    1 :  0.007 0.027 0.006 0.007 0.057 0.005 0.003 0.006 0.006 0.015 0.009 0.040 0.812 
131 TMA-ZAIN-G-    (0)    1 :  0.007 0.009 0.009 0.008 0.012 0.005 0.003 0.004 0.004 0.008 0.004 0.005 0.922 
132 TMA-ZAIN-G-    (0)    1 :  0.012 0.017 0.031 0.006 0.015 0.003 0.002 0.004 0.011 0.035 0.043 0.033 0.786 
133 TMA-ZAIN-G-    (0)    1 :  0.012 0.069 0.021 0.046 0.135 0.015 0.012 0.003 0.079 0.030 0.079 0.023 0.474 
134 TMA-ZAIN-G-    (0)    1 :  0.005 0.142 0.015 0.037 0.316 0.008 0.007 0.003 0.060 0.020 0.059 0.026 0.302 
135 TMA-ZAIN-G-    (0)    1 :  0.004 0.626 0.067 0.031 0.021 0.005 0.006 0.004 0.045 0.067 0.028 0.014 0.084 
136 TMA-ZAIN-G-    (0)    1 :  0.008 0.067 0.060 0.005 0.007 0.004 0.005 0.006 0.031 0.186 0.558 0.013 0.051 
137 TMA-ZAIN-G-    (0)    1 :  0.004 0.881 0.013 0.016 0.005 0.006 0.007 0.005 0.021 0.023 0.005 0.005 0.011 
138 TMA-ZAIN-G-    (0)    1 :  0.004 0.372 0.082 0.005 0.033 0.003 0.003 0.004 0.013 0.109 0.014 0.027 0.333 
139 TMA-ZAIN-G-    (0)    1 :  0.004 0.509 0.028 0.011 0.022 0.004 0.005 0.004 0.029 0.131 0.014 0.085 0.156 
140 TMA-ZAIN-G-    (0)    1 :  0.009 0.211 0.510 0.004 0.006 0.004 0.004 0.003 0.017 0.183 0.009 0.004 0.034 
141 TMA-ZAIN-G-    (0)    1 :  0.006 0.058 0.737 0.011 0.020 0.005 0.003 0.005 0.045 0.071 0.005 0.006 0.027 
142 TMA-ZAIN-G-    (9)    1 :  0.006 0.205 0.524 0.006 0.006 0.004 0.003 0.003 0.021 0.183 0.011 0.004 0.023 
143 TMA-ZAIN-G-    (0)    1 :  0.010 0.125 0.275 0.006 0.010 0.004 0.003 0.004 0.013 0.453 0.012 0.005 0.080 
144 TMA-ZAIN-G-    (0)    1 :  0.030 0.318 0.083 0.016 0.015 0.012 0.007 0.004 0.008 0.328 0.007 0.029 0.144 
145 TMA-ZAIN-G-    (0)    1 :  0.007 0.486 0.055 0.006 0.007 0.003 0.002 0.003 0.044 0.073 0.277 0.016 0.022 
146 TMA-ZAIN-G-    (0)    1 :  0.003 0.008 0.930 0.004 0.004 0.003 0.003 0.003 0.018 0.012 0.005 0.003 0.005 
147 TMA-ZAIN-G-    (9)    1 :  0.004 0.008 0.906 0.004 0.005 0.003 0.003 0.003 0.011 0.037 0.007 0.004 0.006 
148 TMA-ZAIN-G-    (0)    1 :  0.003 0.007 0.883 0.004 0.038 0.003 0.003 0.003 0.008 0.007 0.004 0.017 0.021 
149 TMA-ZAIN-G-    (0)    1 :  0.014 0.015 0.712 0.025 0.021 0.009 0.014 0.020 0.011 0.077 0.006 0.044 0.033 
150 TMA-ZAIN-G-    (0)    1 :  0.015 0.037 0.355 0.014 0.018 0.007 0.011 0.022 0.016 0.329 0.086 0.073 0.019 
151 TMA-ZAIN-G-    (0)    1 :  0.005 0.789 0.009 0.003 0.024 0.003 0.002 0.004 0.007 0.101 0.008 0.004 0.040 
152 TMA-ZAIN-G-    (0)    1 :  0.005 0.662 0.010 0.003 0.013 0.003 0.002 0.004 0.005 0.270 0.007 0.005 0.010 
153 TMA-ZAIN-G-    (0)    1 :  0.004 0.733 0.031 0.004 0.029 0.003 0.003 0.003 0.012 0.080 0.014 0.012 0.073 
154 TMA-ZAIN-G-    (0)    1 :  0.004 0.900 0.007 0.004 0.004 0.003 0.002 0.003 0.004 0.054 0.004 0.004 0.007 
155 TMA-ZAIN-G-    (0)    1 :  0.004 0.925 0.014 0.005 0.006 0.003 0.003 0.004 0.008 0.010 0.006 0.003 0.009 
156 TMA-ZAIN-G-    (9)    1 :  0.004 0.777 0.015 0.003 0.065 0.004 0.003 0.006 0.005 0.053 0.003 0.009 0.053 
157 TMA-ZAIN-G-    (0)    1 :  0.004 0.650 0.078 0.005 0.118 0.004 0.003 0.005 0.010 0.052 0.006 0.005 0.060 
158 TMA-ZAIN-G-    (0)    1 :  0.006 0.640 0.047 0.004 0.004 0.006 0.004 0.003 0.023 0.244 0.005 0.004 0.011 
159 TMA-ZAIN-G-    (0)    1 :  0.004 0.595 0.104 0.004 0.005 0.004 0.003 0.005 0.163 0.086 0.016 0.005 0.008 
160 TMA-ZAIN-G-    (0)    1 :  0.004 0.623 0.032 0.005 0.004 0.003 0.002 0.005 0.151 0.139 0.019 0.007 0.006 
161 TMA-ZAIN-G-    (0)    1 :  0.007 0.520 0.113 0.008 0.027 0.006 0.003 0.004 0.019 0.129 0.008 0.029 0.128 
162 TMA-ZAIN-G-    (0)    1 :  0.010 0.891 0.006 0.011 0.003 0.005 0.012 0.018 0.006 0.013 0.005 0.012 0.007 
163 TMA-ZAIN-G-    (0)    1 :  0.003 0.912 0.008 0.003 0.003 0.002 0.002 0.003 0.005 0.047 0.004 0.003 0.005 
164 TMA-ZAIN-G-    (0)    1 :  0.006 0.442 0.026 0.011 0.004 0.004 0.004 0.005 0.007 0.467 0.007 0.009 0.007 
165 TMA-ZAIN-G-    (0)    1 :  0.004 0.625 0.025 0.003 0.004 0.003 0.003 0.004 0.009 0.302 0.006 0.003 0.008 
166 TMA-ZAIN-G-    (0)    1 :  0.004 0.698 0.147 0.006 0.006 0.003 0.002 0.003 0.027 0.057 0.012 0.009 0.026 
167 TMA-ZAIN-G-    (0)    1 :  0.007 0.029 0.730 0.007 0.008 0.006 0.005 0.006 0.127 0.050 0.004 0.004 0.017 
168 TMA-ZAIN-G-    (0)    1 :  0.004 0.007 0.661 0.005 0.022 0.005 0.003 0.006 0.201 0.062 0.011 0.005 0.008 
169 TMA-ZAIN-G-    (0)    1 :  0.004 0.016 0.604 0.005 0.005 0.003 0.002 0.003 0.218 0.069 0.061 0.005 0.006 
170 TMA-ZAIN-G-    (0)    1 :  0.009 0.034 0.664 0.006 0.047 0.033 0.012 0.018 0.055 0.056 0.017 0.004 0.046 
171 TMA-ZAIN-G-    (0)    1 :  0.003 0.012 0.660 0.004 0.003 0.003 0.003 0.003 0.233 0.052 0.015 0.004 0.004 
172 TMA-ZAIN-G-    (0)    1 :  0.005 0.022 0.684 0.005 0.018 0.006 0.004 0.003 0.013 0.014 0.005 0.003 0.218 
173 TMA-ZAIN-G-    (0)    1 :  0.008 0.016 0.440 0.007 0.020 0.006 0.004 0.003 0.018 0.018 0.006 0.004 0.449 
174 TMA-ZAIN-G-    (0)    1 :  0.006 0.076 0.353 0.005 0.005 0.003 0.002 0.003 0.030 0.074 0.064 0.010 0.368 
175 TMA-ZAIN-G-    (0)    1 :  0.004 0.011 0.709 0.005 0.005 0.003 0.003 0.003 0.220 0.023 0.006 0.004 0.005 
176 TMA-ZAIN-G-    (0)    1 :  0.003 0.014 0.890 0.005 0.004 0.003 0.003 0.003 0.046 0.014 0.005 0.003 0.006 
177 TMA-ZAIN-G-    (0)    1 :  0.003 0.012 0.918 0.004 0.009 0.004 0.002 0.003 0.014 0.017 0.004 0.003 0.006 
178 TMA-ZAIN-G-    (0)    1 :  0.009 0.023 0.742 0.005 0.040 0.006 0.004 0.005 0.015 0.076 0.004 0.004 0.067 
179 TMA-ZAIN-G-    (0)    1 :  0.004 0.022 0.895 0.005 0.014 0.004 0.002 0.003 0.011 0.019 0.006 0.003 0.013 
180 TMA-ZAIN-G-    (0)    1 :  0.013 0.017 0.055 0.034 0.024 0.006 0.008 0.004 0.006 0.053 0.063 0.013 0.706 
181 TMA-ZAIN-G-    (0)    1 :  0.004 0.064 0.015 0.004 0.169 0.004 0.003 0.005 0.014 0.019 0.006 0.005 0.689 
182 TMA-ZAIN-G-    (0)    1 :  0.004 0.042 0.043 0.006 0.140 0.004 0.003 0.007 0.005 0.020 0.003 0.005 0.718 
183 TMA-ZAIN-G-    (0)    1 :  0.004 0.027 0.023 0.005 0.233 0.004 0.003 0.004 0.009 0.065 0.005 0.004 0.614 
184 TMA-ZAIN-G-    (0)    1 :  0.016 0.064 0.019 0.021 0.050 0.010 0.014 0.027 0.012 0.033 0.009 0.018 0.707 
185 TMA-ZAIN-G-    (0)    1 :  0.040 0.010 0.008 0.012 0.005 0.010 0.020 0.011 0.007 0.010 0.006 0.021 0.841 
186 TMA-ZAIN-G-    (9)    1 :  0.012 0.013 0.011 0.005 0.005 0.007 0.005 0.004 0.009 0.010 0.005 0.004 0.910 
187 TMA-ZAIN-G-    (0)    1 :  0.006 0.048 0.019 0.004 0.021 0.005 0.003 0.004 0.050 0.010 0.016 0.003 0.813 
188 TMA-ZAIN-G-    (0)    1 :  0.004 0.016 0.005 0.003 0.008 0.004 0.003 0.003 0.053 0.023 0.019 0.003 0.856 
189 TMA-ZAIN-G-    (0)    1 :  0.003 0.008 0.007 0.003 0.008 0.003 0.003 0.003 0.005 0.006 0.008 0.002 0.940 
190 TMA-ZAIN-G-    (0)    1 :  0.008 0.010 0.130 0.004 0.121 0.007 0.003 0.003 0.047 0.109 0.027 0.005 0.527 
191 TMA-ZAIN-G-    (0)    1 :  0.011 0.008 0.016 0.016 0.005 0.009 0.019 0.012 0.011 0.009 0.005 0.010 0.870 
192 TMA-ZAIN-G-    (0)    1 :  0.003 0.013 0.011 0.021 0.021 0.009 0.012 0.004 0.018 0.006 0.004 0.005 0.873 
193 TMA-ZAIN-G-    (0)    1 :  0.003 0.003 0.004 0.003 0.961 0.003 0.002 0.002 0.003 0.003 0.003 0.004 0.005 
194 TMA-ZAIN-G-    (0)    1 :  0.019 0.004 0.010 0.005 0.841 0.011 0.007 0.002 0.007 0.006 0.011 0.013 0.065 
195 TMA-ZAIN-G-    (0)    1 :  0.005 0.006 0.042 0.004 0.802 0.010 0.002 0.003 0.028 0.021 0.031 0.006 0.040 
196 TMA-ZAIN-G-    (0)    1 :  0.005 0.006 0.006 0.004 0.931 0.003 0.003 0.003 0.005 0.006 0.012 0.005 0.012 
197 TMA-ZAIN-G-    (0)    1 :  0.005 0.007 0.011 0.007 0.922 0.004 0.003 0.003 0.008 0.008 0.009 0.005 0.010 
198 TMA-ZAIN-G-    (0)    1 :  0.003 0.009 0.012 0.004 0.926 0.003 0.003 0.003 0.009 0.008 0.007 0.004 0.011 
199 TMA-ZAIN-G-    (0)    1 :  0.008 0.011 0.010 0.004 0.007 0.005 0.004 0.003 0.008 0.008 0.004 0.005 0.922 
200 TMA-ZAIN-G-    (0)    1 :  0.018 0.002 0.004 0.006 0.048 0.121 0.763 0.020 0.003 0.004 0.004 0.004 0.005 
201 TMA-ZAIN-G-    (0)    1 :  0.011 0.004 0.005 0.006 0.003 0.036 0.907 0.007 0.004 0.004 0.006 0.004 0.003 
202 TMA-ZAIN-G-    (0)    1 :  0.008 0.005 0.009 0.004 0.037 0.051 0.840 0.020 0.003 0.007 0.004 0.002 0.010 
203 TMA-ZAIN-G-    (0)    1 :  0.005 0.031 0.028 0.005 0.803 0.004 0.003 0.021 0.011 0.028 0.004 0.005 0.052 
204 TMA-ZAIN-G-    (9)    1 :  0.006 0.004 0.023 0.079 0.007 0.053 0.752 0.005 0.017 0.008 0.011 0.028 0.006 
205 TMA-ZAIN-G-    (0)    1 :  0.005 0.084 0.015 0.025 0.008 0.070 0.708 0.007 0.012 0.038 0.007 0.014 0.009 
206 TMA-ZAIN-G-    (9)    1 :  0.012 0.006 0.024 0.140 0.059 0.085 0.600 0.015 0.008 0.015 0.009 0.011 0.015 
207 TMA-ZAIN-G-    (9)    1 :  0.051 0.086 0.010 0.051 0.007 0.021 0.008 0.009 0.013 0.658 0.036 0.037 0.014 
208 TMA-ZAIN-G-    (0)    1 :  0.007 0.048 0.150 0.002 0.003 0.004 0.003 0.002 0.015 0.711 0.036 0.005 0.015 
209 TMA-ZAIN-G-    (0)    1 :  0.004 0.104 0.154 0.010 0.260 0.004 0.003 0.003 0.092 0.034 0.018 0.080 0.234 
210 TMA-ZAIN-G-    (0)    1 :  0.010 0.087 0.205 0.014 0.373 0.005 0.003 0.004 0.059 0.030 0.093 0.016 0.102 
211 TMA-ZAIN-G-    (0)    1 :  0.020 0.044 0.296 0.010 0.100 0.024 0.019 0.010 0.056 0.049 0.027 0.013 0.332 
212 TMA-ZAIN-G-    (0)    1 :  0.009 0.050 0.628 0.014 0.021 0.004 0.003 0.003 0.006 0.096 0.014 0.005 0.146 
213 TMA-ZAIN-G-    (0)    1 :  0.005 0.267 0.330 0.005 0.024 0.005 0.004 0.003 0.032 0.030 0.006 0.007 0.281 
214 TMA-ZAIN-G-    (0)    1 :  0.004 0.239 0.079 0.005 0.038 0.005 0.004 0.003 0.063 0.038 0.055 0.009 0.458 
215 TMA-ZAIN-G-    (0)    1 :  0.004 0.054 0.257 0.003 0.005 0.293 0.008 0.003 0.065 0.143 0.005 0.002 0.157 
216 TMA-ZAIN-G-    (0)    1 :  0.006 0.025 0.034 0.005 0.010 0.005 0.004 0.003 0.013 0.018 0.005 0.008 0.864 
217 TMA-ZAIN-G-    (0)    1 :  0.003 0.080 0.277 0.007 0.084 0.004 0.003 0.004 0.104 0.033 0.163 0.008 0.229 
218 TMA-ZAIN-G-    (0)    1 :  0.014 0.006 0.007 0.004 0.004 0.922 0.004 0.006 0.005 0.006 0.008 0.006 0.009 
219 TMA-ZAIN-G-    (0)    1 :  0.007 0.004 0.004 0.011 0.003 0.936 0.007 0.004 0.004 0.004 0.003 0.008 0.006 
220 TMA-ZAIN-G-    (0)    1 :  0.074 0.015 0.008 0.011 0.005 0.725 0.004 0.028 0.008 0.096 0.012 0.006 0.007 
221 TMA-ZAIN-G-    (0)    1 :  0.010 0.009 0.012 0.010 0.006 0.896 0.013 0.004 0.006 0.008 0.005 0.004 0.017 
222 TMA-ZAIN-G-    (0)    1 :  0.006 0.012 0.008 0.019 0.005 0.881 0.006 0.016 0.008 0.014 0.009 0.008 0.008 
223 TMA-ZAIN-G-    (0)    1 :  0.016 0.004 0.005 0.012 0.003 0.922 0.008 0.006 0.004 0.006 0.005 0.005 0.005 
224 TMA-ZAIN-G-    (0)    1 :  0.013 0.006 0.008 0.108 0.008 0.797 0.009 0.011 0.005 0.005 0.005 0.006 0.018 
225 TMA-ZAIN-G-    (0)    1 :  0.009 0.003 0.005 0.006 0.010 0.934 0.007 0.009 0.003 0.004 0.003 0.003 0.005 
226 TMA-ZAIN-G-    (0)    1 :  0.011 0.007 0.009 0.009 0.022 0.889 0.006 0.012 0.008 0.008 0.005 0.005 0.009 
227 TMA-ZAIN-G-    (0)    1 :  0.007 0.008 0.012 0.005 0.017 0.900 0.010 0.009 0.008 0.008 0.004 0.004 0.007 
228 TMA-ZAIN-G-    (0)    1 :  0.018 0.013 0.018 0.018 0.007 0.839 0.008 0.012 0.030 0.016 0.008 0.005 0.008 
229 TMA-ZAIN-G-    (0)    1 :  0.010 0.003 0.004 0.007 0.003 0.910 0.024 0.015 0.003 0.004 0.008 0.006 0.003 
230 TMA-ZAIN-G-    (0)    1 :  0.011 0.006 0.061 0.278 0.013 0.505 0.007 0.028 0.030 0.011 0.012 0.013 0.025 
231 TMA-ZAIN-G-    (0)    1 :  0.018 0.035 0.021 0.055 0.010 0.304 0.371 0.109 0.018 0.026 0.009 0.013 0.011 
232 TMA-ZAIN-G-    (9)    1 :  0.005 0.010 0.015 0.018 0.008 0.238 0.411 0.202 0.009 0.012 0.033 0.010 0.028 
233 TMA-ZAIN-G-    (0)    1 :  0.017 0.014 0.017 0.019 0.007 0.802 0.015 0.005 0.027 0.007 0.047 0.011 0.012 
234 TMA-ZAIN-G-    (0)    1 :  0.010 0.007 0.005 0.005 0.009 0.704 0.039 0.161 0.005 0.012 0.007 0.031 0.004 
235 TMA-ZAIN-G-    (0)    1 :  0.038 0.015 0.008 0.032 0.020 0.622 0.017 0.124 0.062 0.016 0.005 0.009 0.034 
236 TMA-ZAIN-G-    (0)    1 :  0.007 0.012 0.014 0.045 0.023 0.811 0.018 0.027 0.011 0.013 0.007 0.003 0.009 
237 TMA-ZAIN-G-    (0)    1 :  0.017 0.024 0.121 0.105 0.008 0.393 0.008 0.122 0.144 0.022 0.011 0.006 0.020 
238 TMA-ZAIN-G-    (0)    1 :  0.007 0.034 0.026 0.006 0.006 0.790 0.019 0.032 0.029 0.023 0.004 0.003 0.020 
239 TMA-ZAIN-G-    (0)    1 :  0.003 0.003 0.004 0.023 0.104 0.010 0.735 0.004 0.003 0.021 0.017 0.030 0.042 
240 TMA-ZAIN-G-    (0)    1 :  0.003 0.003 0.005 0.009 0.004 0.007 0.946 0.003 0.005 0.003 0.003 0.006 0.003 
241 TMA-ZAIN-G-    (0)    1 :  0.002 0.006 0.012 0.005 0.004 0.006 0.931 0.004 0.012 0.005 0.005 0.005 0.004 
242 TMA-ZAIN-G-    (0)    1 :  0.004 0.006 0.007 0.004 0.003 0.004 0.944 0.003 0.007 0.006 0.005 0.003 0.004 
243 TMA-ZAIN-G-    (0)    1 :  0.003 0.007 0.016 0.005 0.004 0.004 0.918 0.003 0.013 0.007 0.009 0.006 0.005 
244 TMA-ZAIN-G-    (0)    1 :  0.003 0.016 0.014 0.003 0.003 0.005 0.908 0.004 0.015 0.012 0.009 0.004 0.005 
245 TMA-ZAIN-G-    (9)    1 :  0.003 0.003 0.004 0.003 0.003 0.005 0.961 0.003 0.003 0.003 0.002 0.003 0.003 
246 TMA-ZAIN-G-    (0)    1 :  0.004 0.003 0.003 0.005 0.003 0.004 0.961 0.003 0.003 0.003 0.003 0.003 0.003 
247 TMA-ZAIN-G-    (0)    1 :  0.004 0.004 0.005 0.004 0.002 0.004 0.952 0.002 0.003 0.005 0.005 0.004 0.004 
248 TMA-ZAIN-G-    (0)    1 :  0.005 0.006 0.007 0.004 0.010 0.007 0.928 0.004 0.006 0.008 0.005 0.004 0.006 
249 TMA-ZAIN-G-    (0)    1 :  0.004 0.003 0.004 0.004 0.007 0.007 0.949 0.003 0.003 0.004 0.003 0.003 0.004 
250 TMA-ZAIN-G-    (0)    1 :  0.005 0.003 0.003 0.004 0.004 0.006 0.950 0.003 0.003 0.005 0.006 0.003 0.005 
251 TMA-ZAIN-G-    (0)    1 :  0.006 0.004 0.004 0.010 0.005 0.004 0.003 0.005 0.003 0.005 0.004 0.942 0.004 
252 TMA-ZAIN-G-    (0)    1 :  0.003 0.008 0.024 0.004 0.004 0.006 0.003 0.003 0.025 0.038 0.021 0.856 0.004 
253 TMA-ZAIN-G-    (0)    1 :  0.003 0.009 0.004 0.005 0.004 0.003 0.004 0.004 0.004 0.007 0.005 0.944 0.004 
254 TMA-ZAIN-G-    (9)    1 :  0.006 0.020 0.009 0.006 0.006 0.004 0.003 0.007 0.007 0.029 0.009 0.887 0.008 
255 TMA-ZAIN-G-    (0)    1 :  0.003 0.007 0.005 0.005 0.004 0.003 0.017 0.009 0.004 0.007 0.007 0.924 0.004 
256 TMA-ZAIN-G-    (0)    1 :  0.004 0.008 0.010 0.025 0.026 0.006 0.011 0.008 0.007 0.008 0.005 0.873 0.009 
257 TMA-ZAIN-G-    (0)    1 :  0.003 0.003 0.003 0.012 0.013 0.005 0.004 0.004 0.004 0.003 0.003 0.939 0.004 
258 TMA-ZAIN-G-    (0)    1 :  0.003 0.003 0.003 0.006 0.005 0.003 0.003 0.003 0.003 0.004 0.004 0.958 0.003 
259 TMA-ZAIN-G-    (0)    1 :  0.004 0.003 0.004 0.022 0.006 0.005 0.006 0.004 0.004 0.004 0.005 0.931 0.004 
260 TMA-ZAIN-G-    (0)    1 :  0.005 0.003 0.004 0.014 0.006 0.004 0.005 0.003 0.004 0.004 0.008 0.935 0.004 
261 TMA-ZAIN-G-   (18)    1 :  0.013 0.005 0.006 0.022 0.008 0.005 0.004 0.005 0.005 0.007 0.009 0.904 0.007 
262 TMA-ZAIN-G-    (0)    1 :  0.003 0.003 0.003 0.009 0.006 0.004 0.003 0.004 0.004 0.003 0.003 0.952 0.003 
263 TMA-ZAIN-G-    (0)    1 :  0.004 0.004 0.003 0.008 0.004 0.004 0.004 0.006 0.003 0.005 0.003 0.948 0.004 
264 TMA-ZAIN-G-    (0)    1 :  0.004 0.004 0.004 0.007 0.005 0.004 0.003 0.006 0.004 0.005 0.004 0.945 0.004 
265 TMA-ZAIN-G-    (0)    1 :  0.023 0.022 0.053 0.412 0.011 0.256 0.010 0.010 0.010 0.017 0.026 0.128 0.022 
266 TMA-ZAIN-G-    (0)    1 :  0.064 0.029 0.029 0.018 0.045 0.011 0.008 0.009 0.010 0.050 0.019 0.623 0.084 
267 TMA-ZAIN-G-    (0)    1 :  0.127 0.006 0.027 0.252 0.007 0.022 0.320 0.026 0.015 0.022 0.015 0.151 0.010 
268 TMA-ZAIN-G-    (0)    1 :  0.009 0.004 0.005 0.008 0.003 0.005 0.879 0.066 0.004 0.005 0.004 0.005 0.003 
269 TMA-ZAIN-G-    (0)    1 :  0.024 0.005 0.007 0.086 0.004 0.021 0.590 0.233 0.007 0.006 0.005 0.005 0.006 
270 TMA-ZAIN-G-    (0)    1 :  0.016 0.004 0.007 0.146 0.004 0.020 0.699 0.078 0.006 0.006 0.004 0.005 0.005 
271 TMA-ZAIN-G-    (0)    1 :  0.010 0.005 0.006 0.022 0.003 0.006 0.893 0.031 0.005 0.006 0.003 0.005 0.004 
272 TMA-ZAIN-G-    (0)    1 :  0.022 0.004 0.006 0.031 0.003 0.078 0.807 0.027 0.006 0.005 0.003 0.004 0.005 
273 TMA-ZAIN-G-    (0)    1 :  0.007 0.002 0.003 0.008 0.003 0.047 0.896 0.019 0.003 0.003 0.002 0.003 0.003 
274 TMA-ZAIN-G-    (0)    1 :  0.021 0.010 0.010 0.009 0.049 0.021 0.791 0.026 0.015 0.005 0.010 0.009 0.025 
275 TMA-ZAIN-G-    (0)    1 :  0.006 0.004 0.004 0.003 0.003 0.008 0.950 0.007 0.003 0.003 0.002 0.002 0.004 
276 TMA-ZAIN-G-    (0)    1 :  0.003 0.004 0.004 0.005 0.003 0.005 0.952 0.008 0.004 0.003 0.003 0.003 0.003 
277 TMA-ZAIN-G-    (0)    1 :  0.005 0.004 0.005 0.004 0.005 0.006 0.936 0.010 0.006 0.005 0.005 0.007 0.003 
278 TMA-ZAIN-G-    (0)    1 :  0.006 0.002 0.003 0.010 0.003 0.006 0.947 0.006 0.003 0.003 0.003 0.004 0.003 
279 TMA-ZAIN-G-    (0)    1 :  0.016 0.004 0.005 0.005 0.006 0.016 0.916 0.011 0.004 0.004 0.003 0.004 0.006 
280 TMA-ZAIN-G-    (0)    1 :  0.015 0.007 0.006 0.007 0.008 0.145 0.704 0.085 0.003 0.005 0.003 0.003 0.010 
281 TMA-ZAIN-G-    (0)    1 :  0.008 0.004 0.005 0.008 0.006 0.016 0.896 0.035 0.004 0.005 0.003 0.004 0.006 
282 TMA-ZAIN-G-    (9)    1 :  0.007 0.003 0.004 0.006 0.003 0.007 0.941 0.012 0.003 0.004 0.003 0.005 0.003 
283 TMA-ZAIN-G-    (0)    1 :  0.075 0.014 0.006 0.031 0.004 0.051 0.610 0.066 0.011 0.017 0.006 0.100 0.009 
284 TMA-ZAIN-G-    (0)    1 :  0.082 0.016 0.009 0.057 0.006 0.084 0.448 0.141 0.007 0.014 0.004 0.117 0.014 
285 TMA-ZAIN-G-    (0)    1 :  0.020 0.018 0.005 0.006 0.011 0.017 0.785 0.024 0.039 0.007 0.021 0.026 0.022 
286 TMA-ZAIN-G-    (0)    1 :  0.015 0.003 0.004 0.010 0.003 0.008 0.898 0.037 0.004 0.004 0.002 0.008 0.004 
287 TMA-ZAIN-G-    (0)    1 :  0.016 0.006 0.006 0.006 0.014 0.007 0.874 0.024 0.016 0.004 0.010 0.006 0.012 
288 TMA-ZAIN-G-    (0)    1 :  0.187 0.014 0.017 0.010 0.047 0.053 0.504 0.079 0.020 0.008 0.009 0.015 0.039 
289 TMA-ZAIN-G-    (0)    1 :  0.033 0.008 0.009 0.010 0.025 0.014 0.809 0.021 0.025 0.005 0.014 0.010 0.017 
290 TMA-ZAIN-G-    (0)    1 :  0.079 0.008 0.009 0.008 0.010 0.042 0.415 0.393 0.004 0.009 0.003 0.008 0.011 
291 TMA-ZAIN-G-    (0)    1 :  0.034 0.005 0.003 0.009 0.004 0.893 0.011 0.012 0.005 0.005 0.004 0.009 0.005 
292 TMA-ZAIN-G-    (0)    1 :  0.010 0.086 0.646 0.008 0.020 0.029 0.014 0.012 0.083 0.041 0.007 0.004 0.041 
