

----------------------------------------------------
STRUCTURE by Pritchard, Stephens and Donnelly (2000)
     and Falush, Stephens and Pritchard (2003)
       Code by Pritchard, Falush and Hubisz
             Version 2.3.4 (Jul 2012)
----------------------------------------------------



Command line arguments:   bin\structure -m C:\Users\eschumacher\Documents\GitHub\GCC_QUAC_ZAIN\Data_Files\Structure_Files\ZAIN\ZAIN_rebinned_allpop_str\50-50\mainparams -e C:\Users\eschumacher\Documents\GitHub\GCC_QUAC_ZAIN\Data_Files\Structure_Files\ZAIN\ZAIN_rebinned_allpop_str\50-50\extraparams 
Input File:    C:\Users\eschumacher\Documents\GitHub\GCC_QUAC_ZAIN\Data_Files\Structure_Files\ZAIN\ZAIN_rebinned_allpop_str\project_data

Run parameters:
   1133 individuals
   11 loci
   6 populations assumed
   50000 Burn-in period
   50000 Reps


--------------------------------------------
Proportion of membership of each pre-defined
 population in each of the 6 clusters

Given    Inferred Clusters                            Number of
 Pop       1      2      3      4      5      6      Individuals

  1:     0.195  0.318  0.120  0.154  0.115  0.098      303
  2:     0.181  0.298  0.129  0.106  0.220  0.067       15
  3:     0.124  0.221  0.597  0.035  0.011  0.012        2
  4:     0.166  0.344  0.305  0.060  0.056  0.070        2
  5:     0.291  0.222  0.399  0.027  0.023  0.039        7
  6:     0.239  0.043  0.014  0.668  0.019  0.016       13
  7:     0.006  0.005  0.014  0.953  0.005  0.017       13
  8:     0.191  0.757  0.015  0.009  0.015  0.013        7
  9:     0.391  0.461  0.083  0.018  0.016  0.031       11
 10:     0.079  0.563  0.181  0.011  0.040  0.126        9
 11:     0.006  0.008  0.012  0.033  0.007  0.934       35
 12:     0.149  0.803  0.009  0.005  0.026  0.008       36
 13:     0.090  0.878  0.011  0.006  0.009  0.006       33
 14:     0.008  0.010  0.005  0.019  0.950  0.007       40
 15:     0.971  0.006  0.004  0.003  0.012  0.004       39
 16:     0.026  0.063  0.662  0.053  0.026  0.170       40
 17:     0.013  0.020  0.765  0.101  0.034  0.068       37
 18:     0.118  0.860  0.005  0.004  0.007  0.007       40
 19:     0.009  0.005  0.007  0.008  0.039  0.932       28
 20:     0.011  0.013  0.018  0.030  0.920  0.009       14
 21:     0.038  0.009  0.020  0.913  0.010  0.009       13
 22:     0.945  0.027  0.004  0.003  0.015  0.006       14
 23:     0.047  0.925  0.006  0.006  0.009  0.006       25
 24:     0.019  0.927  0.019  0.006  0.022  0.006       40
 25:     0.053  0.021  0.022  0.009  0.873  0.022       32
 26:     0.005  0.006  0.005  0.977  0.005  0.003       20
 27:     0.009  0.011  0.197  0.007  0.011  0.765        4
 28:     0.011  0.032  0.022  0.017  0.013  0.904       23
 29:     0.006  0.005  0.015  0.007  0.009  0.958       39
 30:     0.005  0.006  0.010  0.922  0.008  0.048       38
 31:     0.890  0.084  0.008  0.005  0.008  0.004       45
 32:     0.568  0.391  0.011  0.010  0.014  0.006       28
 33:     0.007  0.005  0.027  0.008  0.007  0.946        6
 34:     0.025  0.024  0.909  0.008  0.014  0.021       40
 35:     0.022  0.016  0.851  0.079  0.012  0.020       42
--------------------------------------------

Allele-freq. divergence among pops (Net nucleotide distance),
computed using point estimates of P.

      1       2       3       4       5       6      
 1      -    0.0760  0.1012  0.2644  0.1140  0.2030  
 2   0.0760     -    0.1400  0.2765  0.1497  0.2189  
 3   0.1012  0.1400     -    0.1199  0.0961  0.0884  
 4   0.2644  0.2765  0.1199     -    0.2088  0.1421  
 5   0.1140  0.1497  0.0961  0.2088     -    0.1415  
 6   0.2030  0.2189  0.0884  0.1421  0.1415     -    

Average distances (expected heterozygosity) between individuals in same cluster:
cluster  1  : 0.4350 
cluster  2  : 0.4321 
cluster  3  : 0.5574 
cluster  4  : 0.4281 
cluster  5  : 0.4387 
cluster  6  : 0.4844 

--------------------------------------------
Estimated Ln Prob of Data   = -22220.1
Mean value of ln likelihood = -21818.9
Variance of ln likelihood   = 802.3
Mean value of alpha         = 0.0337

Mean value of Fst_1         = 0.3738
Mean value of Fst_2         = 0.2712
Mean value of Fst_3         = 0.1183
Mean value of Fst_4         = 0.4120
Mean value of Fst_5         = 0.4174
Mean value of Fst_6         = 0.3202


Inferred ancestry of individuals:
        Label (%Miss) Pop:  Inferred clusters
  1 TMA-ZAIN-G-    (9)    1 :  0.077 0.018 0.070 0.005 0.023 0.806 
  2 TMA-ZAIN-G-    (0)    1 :  0.024 0.134 0.039 0.007 0.027 0.768 
  3 TMA-ZAIN-G-    (0)    1 :  0.200 0.773 0.007 0.003 0.011 0.006 
  4 TMA-ZAIN-G-    (0)    1 :  0.038 0.144 0.014 0.009 0.776 0.019 
  5 TMA-ZAIN-G-    (0)    1 :  0.002 0.003 0.004 0.005 0.006 0.980 
  6 TMA-ZAIN-G-    (0)    1 :  0.173 0.516 0.165 0.039 0.065 0.041 
  7 TMA-ZAIN-G-    (0)    1 :  0.584 0.340 0.017 0.008 0.033 0.017 
  8 TMA-ZAIN-G-    (0)    1 :  0.671 0.294 0.006 0.003 0.020 0.007 
  9 TMA-ZAIN-G-    (9)    1 :  0.224 0.738 0.015 0.005 0.006 0.012 
 10 TMA-ZAIN-G-    (0)    1 :  0.228 0.742 0.011 0.005 0.012 0.003 
 11 TMA-ZAIN-G-    (0)    1 :  0.254 0.718 0.008 0.006 0.008 0.006 
 12 TMA-ZAIN-G-    (0)    1 :  0.043 0.937 0.006 0.003 0.004 0.006 
 13 TMA-ZAIN-G-    (9)    1 :  0.574 0.219 0.032 0.099 0.020 0.055 
 14 TMA-ZAIN-G-    (9)    1 :  0.971 0.006 0.006 0.005 0.008 0.003 
 15 TMA-ZAIN-G-    (0)    1 :  0.977 0.005 0.006 0.002 0.006 0.004 
 16 TMA-ZAIN-G-    (0)    1 :  0.023 0.958 0.006 0.004 0.004 0.004 
 17 TMA-ZAIN-G-    (9)    1 :  0.857 0.025 0.049 0.018 0.036 0.015 
 18 TMA-ZAIN-G-    (0)    1 :  0.018 0.010 0.160 0.006 0.055 0.751 
 19 TMA-ZAIN-G-    (0)    1 :  0.024 0.012 0.934 0.012 0.006 0.012 
 20 TMA-ZAIN-G-    (0)    1 :  0.003 0.003 0.852 0.085 0.019 0.038 
 21 TMA-ZAIN-G-    (0)    1 :  0.003 0.004 0.004 0.981 0.005 0.003 
 22 TMA-ZAIN-G-    (0)    1 :  0.003 0.003 0.011 0.929 0.007 0.048 
 23 TMA-ZAIN-G-    (0)    1 :  0.008 0.006 0.032 0.927 0.005 0.022 
 24 TMA-ZAIN-G-    (9)    1 :  0.053 0.134 0.004 0.793 0.007 0.009 
 25 TMA-ZAIN-G-    (9)    1 :  0.008 0.037 0.812 0.011 0.004 0.128 
 26 TMA-ZAIN-G-    (9)    1 :  0.160 0.277 0.018 0.040 0.494 0.011 
 27 TMA-ZAIN-G-    (0)    1 :  0.038 0.008 0.873 0.012 0.018 0.050 
 28 TMA-ZAIN-G-    (0)    1 :  0.011 0.008 0.959 0.004 0.007 0.011 
 29 TMA-ZAIN-G-    (0)    1 :  0.047 0.502 0.377 0.004 0.067 0.004 
 30 TMA-ZAIN-G-    (0)    1 :  0.432 0.177 0.374 0.005 0.008 0.004 
 31 TMA-ZAIN-G-    (0)    1 :  0.005 0.006 0.011 0.014 0.042 0.922 
 32 TMA-ZAIN-G-    (9)    1 :  0.025 0.027 0.014 0.009 0.005 0.920 
 33 TMA-ZAIN-G-   (18)    1 :  0.261 0.719 0.006 0.003 0.004 0.007 
 34 TMA-ZAIN-G-    (0)    1 :  0.019 0.603 0.010 0.016 0.008 0.343 
 35 TMA-ZAIN-G-    (9)    1 :  0.099 0.857 0.012 0.004 0.011 0.016 
 36 TMA-ZAIN-G-    (0)    1 :  0.604 0.369 0.006 0.003 0.014 0.004 
 37 TMA-ZAIN-G-    (9)    1 :  0.070 0.882 0.017 0.006 0.013 0.012 
 38 TMA-ZAIN-G-   (18)    1 :  0.038 0.017 0.022 0.009 0.006 0.908 
 39 TMA-ZAIN-G-    (0)    1 :  0.010 0.968 0.006 0.006 0.008 0.003 
 40 TMA-ZAIN-G-    (0)    1 :  0.079 0.904 0.005 0.004 0.005 0.004 
 41 TMA-ZAIN-G-    (0)    1 :  0.737 0.245 0.007 0.003 0.005 0.003 
 42 TMA-ZAIN-G-    (9)    1 :  0.977 0.008 0.003 0.002 0.006 0.003 
 43 TMA-ZAIN-G-    (0)    1 :  0.972 0.006 0.004 0.003 0.011 0.004 
 44 TMA-ZAIN-G-    (0)    1 :  0.018 0.102 0.015 0.855 0.005 0.005 
 45 TMA-ZAIN-G-    (0)    1 :  0.407 0.553 0.011 0.008 0.014 0.007 
 46 TMA-ZAIN-G-    (0)    1 :  0.003 0.003 0.004 0.980 0.006 0.003 
 47 TMA-ZAIN-G-    (0)    1 :  0.004 0.004 0.004 0.003 0.981 0.004 
 48 TMA-ZAIN-G-    (0)    1 :  0.251 0.062 0.023 0.031 0.626 0.007 
 49 TMA-ZAIN-G-    (9)    1 :  0.006 0.034 0.919 0.006 0.012 0.023 
 50 TMA-ZAIN-G-    (0)    1 :  0.022 0.009 0.953 0.006 0.003 0.006 
 51 TMA-ZAIN-G-    (0)    1 :  0.050 0.008 0.904 0.009 0.023 0.006 
 52 TMA-ZAIN-G-    (0)    1 :  0.013 0.011 0.858 0.013 0.098 0.007 
 53 TMA-ZAIN-G-    (0)    1 :  0.030 0.009 0.656 0.009 0.171 0.124 
 54 TMA-ZAIN-G-    (0)    1 :  0.015 0.006 0.010 0.005 0.958 0.006 
 55 TMA-ZAIN-G-    (0)    1 :  0.039 0.007 0.027 0.008 0.914 0.005 
 56 TMA-ZAIN-G-    (0)    1 :  0.122 0.057 0.112 0.009 0.691 0.010 
 57 TMA-ZAIN-G-    (0)    1 :  0.005 0.009 0.014 0.003 0.960 0.008 
 58 TMA-ZAIN-G-    (0)    1 :  0.011 0.007 0.875 0.058 0.025 0.024 
 59 TMA-ZAIN-G-    (0)    1 :  0.060 0.110 0.049 0.036 0.079 0.666 
 60 TMA-ZAIN-G-    (0)    1 :  0.077 0.014 0.524 0.009 0.033 0.343 
 61 TMA-ZAIN-G-    (0)    1 :  0.003 0.003 0.008 0.022 0.016 0.947 
 62 TMA-ZAIN-G-    (9)    1 :  0.024 0.030 0.037 0.023 0.012 0.874 
 63 TMA-ZAIN-G-    (0)    1 :  0.006 0.004 0.012 0.007 0.013 0.958 
 64 TMA-ZAIN-G-    (0)    1 :  0.017 0.968 0.004 0.003 0.006 0.002 
 65 TMA-ZAIN-G-    (9)    1 :  0.027 0.942 0.004 0.003 0.020 0.003 
 66 TMA-ZAIN-G-    (0)    1 :  0.016 0.967 0.003 0.003 0.008 0.002 
 67 TMA-ZAIN-G-    (0)    1 :  0.007 0.963 0.011 0.010 0.005 0.004 
 68 TMA-ZAIN-G-    (0)    1 :  0.064 0.907 0.004 0.002 0.021 0.002 
 69 TMA-ZAIN-G-    (0)    1 :  0.007 0.952 0.009 0.014 0.011 0.007 
 70 TMA-ZAIN-G-    (0)    1 :  0.011 0.970 0.006 0.005 0.004 0.004 
 71 TMA-ZAIN-G-    (0)    1 :  0.006 0.980 0.004 0.003 0.003 0.003 
 72 TMA-ZAIN-G-    (0)    1 :  0.044 0.928 0.008 0.005 0.010 0.005 
 73 TMA-ZAIN-G-    (0)    1 :  0.007 0.866 0.041 0.040 0.017 0.029 
 74 TMA-ZAIN-G-    (0)    1 :  0.009 0.935 0.024 0.016 0.006 0.010 
 75 TMA-ZAIN-G-    (0)    1 :  0.014 0.952 0.011 0.004 0.013 0.006 
 76 TMA-ZAIN-G-    (0)    1 :  0.005 0.906 0.021 0.056 0.004 0.007 
 77 TMA-ZAIN-G-    (0)    1 :  0.045 0.916 0.013 0.012 0.010 0.004 
 78 TMA-ZAIN-G-    (0)    1 :  0.018 0.840 0.051 0.060 0.019 0.011 
 79 TMA-ZAIN-G-    (0)    1 :  0.047 0.851 0.022 0.051 0.024 0.006 
 80 TMA-ZAIN-G-    (0)    1 :  0.009 0.968 0.005 0.006 0.009 0.003 
 81 TMA-ZAIN-G-    (0)    1 :  0.018 0.939 0.013 0.012 0.013 0.004 
 82 TMA-ZAIN-G-    (0)    1 :  0.007 0.972 0.005 0.002 0.010 0.004 
 83 TMA-ZAIN-G-    (9)    1 :  0.012 0.842 0.023 0.034 0.019 0.070 
 84 TMA-ZAIN-G-    (0)    1 :  0.009 0.917 0.015 0.048 0.005 0.005 
 85 TMA-ZAIN-G-    (0)    1 :  0.009 0.009 0.157 0.027 0.773 0.026 
 86 TMA-ZAIN-G-    (0)    1 :  0.011 0.020 0.027 0.036 0.897 0.009 
 87 TMA-ZAIN-G-    (0)    1 :  0.009 0.010 0.063 0.224 0.655 0.038 
 88 TMA-ZAIN-G-    (0)    1 :  0.036 0.126 0.010 0.011 0.645 0.173 
 89 TMA-ZAIN-G-    (0)    1 :  0.019 0.032 0.006 0.018 0.907 0.017 
 90 TMA-ZAIN-G-    (0)    1 :  0.006 0.008 0.016 0.008 0.954 0.008 
 91 TMA-ZAIN-G-    (0)    1 :  0.010 0.008 0.012 0.007 0.941 0.021 
 92 TMA-ZAIN-G-    (0)    1 :  0.009 0.006 0.027 0.020 0.931 0.007 
 93 TMA-ZAIN-G-    (0)    1 :  0.008 0.005 0.019 0.009 0.940 0.018 
 94 TMA-ZAIN-G-    (0)    1 :  0.005 0.004 0.016 0.009 0.925 0.041 
 95 TMA-ZAIN-G-    (0)    1 :  0.025 0.014 0.939 0.008 0.005 0.009 
 96 TMA-ZAIN-G-    (0)    1 :  0.049 0.008 0.927 0.005 0.006 0.005 
 97 TMA-ZAIN-G-    (0)    1 :  0.005 0.007 0.012 0.006 0.010 0.960 
 98 TMA-ZAIN-G-    (0)    1 :  0.004 0.005 0.004 0.004 0.008 0.974 
 99 TMA-ZAIN-G-    (0)    1 :  0.026 0.104 0.009 0.015 0.004 0.842 
100 TMA-ZAIN-G-    (0)    1 :  0.005 0.005 0.017 0.019 0.024 0.930 
101 TMA-ZAIN-G-    (0)    1 :  0.005 0.010 0.009 0.005 0.008 0.963 
102 TMA-ZAIN-G-    (0)    1 :  0.044 0.034 0.077 0.169 0.014 0.663 
103 TMA-ZAIN-G-    (0)    1 :  0.010 0.011 0.026 0.013 0.009 0.931 
104 TMA-ZAIN-G-    (0)    1 :  0.004 0.003 0.005 0.005 0.004 0.978 
105 TMA-ZAIN-G-    (0)    1 :  0.012 0.014 0.017 0.008 0.011 0.939 
106 TMA-ZAIN-G-    (0)    1 :  0.737 0.247 0.004 0.003 0.006 0.003 
107 TMA-ZAIN-G-    (0)    1 :  0.012 0.970 0.005 0.003 0.005 0.005 
108 TMA-ZAIN-G-    (9)    1 :  0.257 0.147 0.048 0.043 0.027 0.478 
109 TMA-ZAIN-G-    (0)    1 :  0.210 0.363 0.054 0.005 0.056 0.312 
110 TMA-ZAIN-G-    (0)    1 :  0.326 0.272 0.118 0.166 0.033 0.085 
111 TMA-ZAIN-G-    (9)    1 :  0.014 0.093 0.050 0.069 0.031 0.743 
112 TMA-ZAIN-G-    (0)    1 :  0.304 0.155 0.157 0.045 0.034 0.304 
113 TMA-ZAIN-G-    (0)    1 :  0.006 0.014 0.005 0.008 0.016 0.951 
114 TMA-ZAIN-G-    (0)    1 :  0.002 0.003 0.005 0.012 0.005 0.973 
115 TMA-ZAIN-G-    (0)    1 :  0.003 0.003 0.005 0.005 0.003 0.980 
116 TMA-ZAIN-G-    (0)    1 :  0.009 0.963 0.004 0.003 0.013 0.008 
117 TMA-ZAIN-G-    (0)    1 :  0.277 0.670 0.010 0.004 0.033 0.006 
118 TMA-ZAIN-G-    (0)    1 :  0.011 0.965 0.006 0.003 0.009 0.006 
119 TMA-ZAIN-G-    (0)    1 :  0.007 0.951 0.009 0.007 0.010 0.015 
120 TMA-ZAIN-G-    (0)    1 :  0.023 0.936 0.010 0.004 0.016 0.010 
121 TMA-ZAIN-G-    (0)    1 :  0.027 0.937 0.008 0.003 0.017 0.007 
122 TMA-ZAIN-G-    (0)    1 :  0.056 0.892 0.016 0.007 0.024 0.005 
123 TMA-ZAIN-G-    (0)    1 :  0.007 0.005 0.013 0.009 0.006 0.960 
124 TMA-ZAIN-G-    (0)    1 :  0.972 0.010 0.006 0.003 0.005 0.006 
125 TMA-ZAIN-G-    (0)    1 :  0.931 0.016 0.005 0.002 0.043 0.003 
126 TMA-ZAIN-G-    (0)    1 :  0.972 0.010 0.004 0.003 0.007 0.004 
127 TMA-ZAIN-G-    (0)    1 :  0.975 0.012 0.004 0.003 0.004 0.003 
128 TMA-ZAIN-G-    (0)    1 :  0.944 0.036 0.006 0.003 0.007 0.004 
129 TMA-ZAIN-G-    (0)    1 :  0.972 0.009 0.005 0.003 0.005 0.007 
130 TMA-ZAIN-G-    (0)    1 :  0.946 0.014 0.006 0.002 0.024 0.006 
131 TMA-ZAIN-G-    (0)    1 :  0.974 0.008 0.006 0.003 0.005 0.004 
132 TMA-ZAIN-G-    (0)    1 :  0.864 0.091 0.006 0.003 0.033 0.004 
133 TMA-ZAIN-G-    (0)    1 :  0.811 0.129 0.012 0.012 0.032 0.003 
134 TMA-ZAIN-G-    (0)    1 :  0.903 0.057 0.006 0.008 0.023 0.003 
135 TMA-ZAIN-G-    (0)    1 :  0.048 0.932 0.004 0.005 0.006 0.005 
136 TMA-ZAIN-G-    (0)    1 :  0.022 0.947 0.004 0.004 0.019 0.003 
137 TMA-ZAIN-G-    (0)    1 :  0.028 0.949 0.005 0.005 0.006 0.007 
138 TMA-ZAIN-G-    (0)    1 :  0.569 0.407 0.003 0.003 0.013 0.005 
139 TMA-ZAIN-G-    (0)    1 :  0.155 0.787 0.004 0.004 0.046 0.005 
140 TMA-ZAIN-G-    (0)    1 :  0.041 0.941 0.006 0.004 0.004 0.003 
141 TMA-ZAIN-G-    (0)    1 :  0.204 0.774 0.006 0.003 0.006 0.006 
142 TMA-ZAIN-G-    (9)    1 :  0.029 0.954 0.005 0.003 0.005 0.004 
143 TMA-ZAIN-G-    (0)    1 :  0.141 0.840 0.006 0.003 0.005 0.005 
144 TMA-ZAIN-G-    (0)    1 :  0.110 0.830 0.016 0.006 0.034 0.004 
145 TMA-ZAIN-G-    (0)    1 :  0.010 0.972 0.004 0.002 0.009 0.003 
146 TMA-ZAIN-G-    (0)    1 :  0.008 0.978 0.003 0.003 0.004 0.003 
147 TMA-ZAIN-G-    (9)    1 :  0.011 0.975 0.003 0.003 0.004 0.003 
148 TMA-ZAIN-G-    (0)    1 :  0.252 0.691 0.004 0.003 0.045 0.004 
149 TMA-ZAIN-G-    (0)    1 :  0.124 0.706 0.015 0.020 0.102 0.033 
150 TMA-ZAIN-G-    (0)    1 :  0.024 0.823 0.013 0.015 0.099 0.027 
151 TMA-ZAIN-G-    (0)    1 :  0.048 0.935 0.004 0.002 0.006 0.005 
152 TMA-ZAIN-G-    (0)    1 :  0.015 0.968 0.004 0.002 0.005 0.006 
153 TMA-ZAIN-G-    (0)    1 :  0.103 0.871 0.004 0.003 0.015 0.004 
154 TMA-ZAIN-G-    (0)    1 :  0.012 0.971 0.004 0.002 0.007 0.004 
155 TMA-ZAIN-G-    (0)    1 :  0.020 0.963 0.005 0.003 0.004 0.006 
156 TMA-ZAIN-G-    (9)    1 :  0.367 0.573 0.006 0.003 0.023 0.028 
157 TMA-ZAIN-G-    (0)    1 :  0.408 0.567 0.005 0.003 0.008 0.009 
158 TMA-ZAIN-G-    (0)    1 :  0.010 0.972 0.006 0.003 0.005 0.004 
159 TMA-ZAIN-G-    (0)    1 :  0.007 0.978 0.003 0.002 0.005 0.004 
160 TMA-ZAIN-G-    (0)    1 :  0.005 0.979 0.003 0.002 0.005 0.006 
161 TMA-ZAIN-G-    (0)    1 :  0.111 0.855 0.006 0.003 0.021 0.004 
162 TMA-ZAIN-G-    (0)    1 :  0.010 0.903 0.011 0.016 0.018 0.042 
163 TMA-ZAIN-G-    (0)    1 :  0.007 0.980 0.004 0.002 0.004 0.004 
164 TMA-ZAIN-G-    (0)    1 :  0.010 0.966 0.005 0.004 0.010 0.006 
165 TMA-ZAIN-G-    (0)    1 :  0.008 0.978 0.003 0.003 0.004 0.005 
166 TMA-ZAIN-G-    (0)    1 :  0.026 0.958 0.004 0.002 0.007 0.003 
167 TMA-ZAIN-G-    (0)    1 :  0.072 0.900 0.008 0.005 0.007 0.007 
168 TMA-ZAIN-G-    (0)    1 :  0.031 0.946 0.006 0.004 0.007 0.007 
169 TMA-ZAIN-G-    (0)    1 :  0.007 0.979 0.003 0.002 0.005 0.003 
170 TMA-ZAIN-G-    (0)    1 :  0.258 0.677 0.029 0.011 0.005 0.021 
171 TMA-ZAIN-G-    (0)    1 :  0.006 0.980 0.003 0.003 0.005 0.003 
172 TMA-ZAIN-G-    (0)    1 :  0.867 0.115 0.006 0.004 0.004 0.004 
173 TMA-ZAIN-G-    (0)    1 :  0.927 0.054 0.007 0.004 0.005 0.003 
174 TMA-ZAIN-G-    (0)    1 :  0.111 0.873 0.004 0.002 0.007 0.003 
175 TMA-ZAIN-G-    (0)    1 :  0.007 0.976 0.004 0.003 0.005 0.004 
176 TMA-ZAIN-G-    (0)    1 :  0.012 0.973 0.004 0.003 0.004 0.004 
177 TMA-ZAIN-G-    (0)    1 :  0.107 0.875 0.006 0.004 0.004 0.005 
178 TMA-ZAIN-G-    (0)    1 :  0.881 0.100 0.006 0.004 0.004 0.005 
179 TMA-ZAIN-G-    (0)    1 :  0.252 0.732 0.005 0.003 0.005 0.004 
180 TMA-ZAIN-G-    (0)    1 :  0.875 0.089 0.007 0.008 0.017 0.004 
181 TMA-ZAIN-G-    (0)    1 :  0.976 0.010 0.003 0.003 0.004 0.004 
182 TMA-ZAIN-G-    (0)    1 :  0.976 0.006 0.004 0.003 0.005 0.006 
183 TMA-ZAIN-G-    (0)    1 :  0.977 0.009 0.004 0.002 0.003 0.004 
184 TMA-ZAIN-G-    (0)    1 :  0.844 0.047 0.016 0.019 0.030 0.044 
185 TMA-ZAIN-G-    (0)    1 :  0.826 0.033 0.047 0.037 0.038 0.018 
186 TMA-ZAIN-G-    (9)    1 :  0.921 0.047 0.015 0.007 0.007 0.004 
187 TMA-ZAIN-G-    (0)    1 :  0.944 0.040 0.005 0.004 0.003 0.004 
188 TMA-ZAIN-G-    (0)    1 :  0.943 0.043 0.005 0.003 0.003 0.003 
189 TMA-ZAIN-G-    (0)    1 :  0.974 0.014 0.003 0.003 0.003 0.003 
190 TMA-ZAIN-G-    (0)    1 :  0.945 0.037 0.007 0.003 0.005 0.003 
191 TMA-ZAIN-G-    (0)    1 :  0.897 0.021 0.013 0.034 0.015 0.019 
192 TMA-ZAIN-G-    (0)    1 :  0.963 0.013 0.005 0.009 0.006 0.004 
193 TMA-ZAIN-G-    (0)    1 :  0.978 0.004 0.004 0.003 0.008 0.003 
194 TMA-ZAIN-G-    (0)    1 :  0.971 0.005 0.006 0.004 0.011 0.003 
195 TMA-ZAIN-G-    (0)    1 :  0.975 0.008 0.005 0.003 0.006 0.003 
196 TMA-ZAIN-G-    (0)    1 :  0.979 0.005 0.004 0.003 0.006 0.003 
197 TMA-ZAIN-G-    (0)    1 :  0.972 0.007 0.004 0.003 0.011 0.003 
198 TMA-ZAIN-G-    (0)    1 :  0.977 0.007 0.004 0.003 0.006 0.003 
199 TMA-ZAIN-G-    (0)    1 :  0.950 0.025 0.009 0.004 0.007 0.004 
200 TMA-ZAIN-G-    (0)    1 :  0.011 0.003 0.038 0.928 0.004 0.016 
201 TMA-ZAIN-G-    (0)    1 :  0.003 0.004 0.012 0.970 0.004 0.006 
202 TMA-ZAIN-G-    (0)    1 :  0.019 0.004 0.015 0.946 0.002 0.014 
203 TMA-ZAIN-G-    (0)    1 :  0.973 0.006 0.004 0.003 0.006 0.007 
204 TMA-ZAIN-G-    (9)    1 :  0.009 0.009 0.014 0.926 0.037 0.005 
205 TMA-ZAIN-G-    (0)    1 :  0.008 0.128 0.033 0.809 0.015 0.007 
206 TMA-ZAIN-G-    (9)    1 :  0.048 0.018 0.038 0.857 0.024 0.015 
207 TMA-ZAIN-G-    (9)    1 :  0.013 0.805 0.048 0.011 0.107 0.015 
208 TMA-ZAIN-G-    (0)    1 :  0.007 0.980 0.004 0.003 0.004 0.003 
209 TMA-ZAIN-G-    (0)    1 :  0.909 0.060 0.004 0.003 0.022 0.003 
210 TMA-ZAIN-G-    (0)    1 :  0.890 0.085 0.005 0.003 0.013 0.004 
211 TMA-ZAIN-G-    (0)    1 :  0.765 0.155 0.030 0.025 0.014 0.012 
212 TMA-ZAIN-G-    (0)    1 :  0.639 0.332 0.007 0.005 0.013 0.004 
213 TMA-ZAIN-G-    (0)    1 :  0.743 0.237 0.005 0.004 0.007 0.004 
214 TMA-ZAIN-G-    (0)    1 :  0.365 0.618 0.005 0.003 0.006 0.003 
215 TMA-ZAIN-G-    (0)    1 :  0.182 0.533 0.266 0.012 0.003 0.004 
216 TMA-ZAIN-G-    (0)    1 :  0.923 0.054 0.007 0.005 0.008 0.003 
217 TMA-ZAIN-G-    (0)    1 :  0.368 0.615 0.003 0.003 0.007 0.003 
218 TMA-ZAIN-G-    (0)    1 :  0.006 0.006 0.974 0.004 0.004 0.005 
219 TMA-ZAIN-G-    (0)    1 :  0.005 0.004 0.965 0.011 0.010 0.005 
220 TMA-ZAIN-G-    (0)    1 :  0.007 0.021 0.888 0.004 0.010 0.069 
221 TMA-ZAIN-G-    (0)    1 :  0.018 0.010 0.933 0.026 0.008 0.005 
222 TMA-ZAIN-G-    (0)    1 :  0.008 0.015 0.920 0.009 0.018 0.030 
223 TMA-ZAIN-G-    (0)    1 :  0.003 0.003 0.970 0.009 0.006 0.008 
224 TMA-ZAIN-G-    (0)    1 :  0.016 0.005 0.932 0.018 0.017 0.011 
225 TMA-ZAIN-G-    (0)    1 :  0.007 0.003 0.964 0.010 0.005 0.011 
226 TMA-ZAIN-G-    (0)    1 :  0.010 0.006 0.956 0.009 0.006 0.013 
227 TMA-ZAIN-G-    (0)    1 :  0.012 0.006 0.937 0.027 0.005 0.013 
228 TMA-ZAIN-G-    (0)    1 :  0.007 0.013 0.950 0.010 0.007 0.013 
229 TMA-ZAIN-G-    (0)    1 :  0.003 0.004 0.907 0.055 0.007 0.025 
230 TMA-ZAIN-G-    (0)    1 :  0.076 0.034 0.783 0.007 0.055 0.045 
231 TMA-ZAIN-G-    (0)    1 :  0.016 0.059 0.196 0.520 0.036 0.173 
232 TMA-ZAIN-G-    (9)    1 :  0.050 0.048 0.101 0.467 0.015 0.319 
233 TMA-ZAIN-G-    (0)    1 :  0.010 0.025 0.921 0.022 0.016 0.006 
234 TMA-ZAIN-G-    (0)    1 :  0.007 0.007 0.607 0.050 0.019 0.309 
235 TMA-ZAIN-G-    (0)    1 :  0.051 0.019 0.786 0.022 0.011 0.111 
236 TMA-ZAIN-G-    (0)    1 :  0.018 0.011 0.810 0.075 0.008 0.079 
237 TMA-ZAIN-G-    (0)    1 :  0.060 0.151 0.515 0.014 0.032 0.229 
238 TMA-ZAIN-G-    (0)    1 :  0.020 0.020 0.862 0.033 0.005 0.059 
239 TMA-ZAIN-G-    (0)    1 :  0.140 0.013 0.005 0.763 0.073 0.006 
240 TMA-ZAIN-G-    (0)    1 :  0.004 0.004 0.004 0.979 0.006 0.004 
241 TMA-ZAIN-G-    (0)    1 :  0.005 0.008 0.005 0.973 0.005 0.004 
242 TMA-ZAIN-G-    (0)    1 :  0.004 0.006 0.004 0.979 0.004 0.003 
243 TMA-ZAIN-G-    (0)    1 :  0.005 0.010 0.004 0.972 0.006 0.003 
244 TMA-ZAIN-G-    (0)    1 :  0.005 0.014 0.004 0.968 0.004 0.004 
245 TMA-ZAIN-G-    (9)    1 :  0.003 0.003 0.003 0.984 0.003 0.004 
246 TMA-ZAIN-G-    (0)    1 :  0.003 0.003 0.004 0.984 0.003 0.002 
247 TMA-ZAIN-G-    (0)    1 :  0.003 0.005 0.004 0.981 0.004 0.002 
248 TMA-ZAIN-G-    (0)    1 :  0.008 0.006 0.007 0.971 0.004 0.004 
249 TMA-ZAIN-G-    (0)    1 :  0.005 0.003 0.005 0.980 0.003 0.003 
250 TMA-ZAIN-G-    (0)    1 :  0.005 0.004 0.005 0.981 0.004 0.003 
251 TMA-ZAIN-G-    (0)    1 :  0.005 0.004 0.004 0.003 0.979 0.005 
252 TMA-ZAIN-G-    (0)    1 :  0.014 0.072 0.010 0.003 0.897 0.004 
253 TMA-ZAIN-G-    (0)    1 :  0.005 0.006 0.003 0.003 0.977 0.005 
254 TMA-ZAIN-G-    (9)    1 :  0.008 0.019 0.005 0.003 0.956 0.009 
255 TMA-ZAIN-G-    (0)    1 :  0.005 0.006 0.004 0.016 0.959 0.010 
256 TMA-ZAIN-G-    (0)    1 :  0.009 0.006 0.004 0.006 0.968 0.006 
257 TMA-ZAIN-G-    (0)    1 :  0.005 0.003 0.004 0.004 0.981 0.004 
258 TMA-ZAIN-G-    (0)    1 :  0.004 0.003 0.003 0.003 0.983 0.004 
259 TMA-ZAIN-G-    (0)    1 :  0.005 0.003 0.004 0.005 0.980 0.003 
260 TMA-ZAIN-G-    (0)    1 :  0.004 0.004 0.004 0.004 0.980 0.004 
261 TMA-ZAIN-G-   (18)    1 :  0.008 0.006 0.006 0.004 0.972 0.004 
262 TMA-ZAIN-G-    (0)    1 :  0.004 0.003 0.003 0.003 0.982 0.004 
263 TMA-ZAIN-G-    (0)    1 :  0.004 0.004 0.004 0.003 0.979 0.006 
264 TMA-ZAIN-G-    (0)    1 :  0.004 0.004 0.004 0.004 0.975 0.008 
265 TMA-ZAIN-G-    (0)    1 :  0.022 0.039 0.174 0.016 0.731 0.018 
266 TMA-ZAIN-G-    (0)    1 :  0.171 0.037 0.030 0.012 0.727 0.022 
267 TMA-ZAIN-G-    (0)    1 :  0.014 0.017 0.062 0.301 0.587 0.019 
268 TMA-ZAIN-G-    (0)    1 :  0.003 0.004 0.006 0.919 0.006 0.062 
269 TMA-ZAIN-G-    (0)    1 :  0.005 0.007 0.029 0.661 0.009 0.289 
270 TMA-ZAIN-G-    (0)    1 :  0.005 0.005 0.021 0.871 0.011 0.087 
271 TMA-ZAIN-G-    (0)    1 :  0.004 0.005 0.008 0.943 0.008 0.032 
272 TMA-ZAIN-G-    (0)    1 :  0.004 0.005 0.048 0.910 0.005 0.028 
273 TMA-ZAIN-G-    (0)    1 :  0.003 0.003 0.012 0.961 0.004 0.018 
274 TMA-ZAIN-G-    (0)    1 :  0.028 0.011 0.023 0.896 0.010 0.032 
275 TMA-ZAIN-G-    (0)    1 :  0.004 0.003 0.007 0.978 0.003 0.006 
276 TMA-ZAIN-G-    (0)    1 :  0.003 0.004 0.005 0.976 0.003 0.010 
277 TMA-ZAIN-G-    (0)    1 :  0.004 0.004 0.006 0.969 0.007 0.010 
278 TMA-ZAIN-G-    (0)    1 :  0.003 0.003 0.006 0.977 0.005 0.006 
279 TMA-ZAIN-G-    (0)    1 :  0.006 0.004 0.016 0.958 0.004 0.012 
280 TMA-ZAIN-G-    (0)    1 :  0.009 0.005 0.048 0.826 0.004 0.108 
281 TMA-ZAIN-G-    (0)    1 :  0.005 0.004 0.011 0.939 0.005 0.037 
282 TMA-ZAIN-G-    (9)    1 :  0.003 0.003 0.007 0.968 0.005 0.013 
283 TMA-ZAIN-G-    (0)    1 :  0.009 0.014 0.101 0.634 0.145 0.098 
284 TMA-ZAIN-G-    (0)    1 :  0.011 0.012 0.163 0.449 0.183 0.183 
285 TMA-ZAIN-G-    (0)    1 :  0.026 0.025 0.029 0.832 0.040 0.048 
286 TMA-ZAIN-G-    (0)    1 :  0.003 0.003 0.009 0.944 0.009 0.032 
287 TMA-ZAIN-G-    (0)    1 :  0.009 0.006 0.008 0.949 0.005 0.024 
288 TMA-ZAIN-G-    (0)    1 :  0.058 0.019 0.189 0.621 0.015 0.098 
289 TMA-ZAIN-G-    (0)    1 :  0.018 0.011 0.016 0.921 0.010 0.025 
290 TMA-ZAIN-G-    (0)    1 :  0.012 0.006 0.085 0.464 0.009 0.423 
291 TMA-ZAIN-G-    (0)    1 :  0.005 0.004 0.961 0.012 0.008 0.010 
292 TMA-ZAIN-G-    (0)    1 :  0.199 0.749 0.021 0.014 0.005 0.012 
293 TMA-ZAIN-G-    (0)    1 :  0.035 0.927 0.009 0.007 0.016 0.005 
294 TMA-ZAIN-G-    (0)    1 :  0.009 0.973 0.004 0.004 0.007 0.003 
295 TMA-ZAIN-G-    (9)    1 :  0.014 0.954 0.011 0.008 0.008 0.004 
296 TMA-ZAIN-G-    (0)    1 :  0.128 0.819 0.015 0.008 0.014 0.017 
297 TMA-ZAIN-G-    (0)    1 :  0.077 0.888 0.010 0.006 0.013 0.006 
298 TMA-ZAIN-G-    (0)    1 :  0.012 0.865 0.018 0.028 0.062 0.014 
299 TMA-ZAIN-G-    (0)    1 :  0.007 0.971 0.007 0.008 0.004 0.004 
300 TMA-ZAIN-G-    (0)    1 :  0.030 0.945 0.008 0.007 0.007 0.003 
301 TMA-ZAIN-G-    (0)    1 :  0.068 0.905 0.006 0.008 0.008 0.006 
302 TMA-ZAIN-G-    (9)    1 :  0.132 0.848 0.006 0.004 0.007 0.004 
303 TMA-ZAIN-G-    (0)    1 :  0.068 0.004 0.862 0.006 0.042 0.018 
304 TMA-ZAIN-G-    (0)    2 :  0.190 0.182 0.010 0.008 0.595 0.015 
305 TMA-ZAIN-G-    (0)    2 :  0.028 0.951 0.005 0.004 0.009 0.004 
306 TMA-ZAIN-G-    (0)    2 :  0.088 0.319 0.012 0.025 0.390 0.167 
307 TMA-ZAIN-G-    (0)    2 :  0.160 0.336 0.007 0.011 0.477 0.008 
308 TMA-ZAIN-G-    (0)    2 :  0.007 0.007 0.113 0.019 0.826 0.028 
309 TMA-ZAIN-G-    (0)    2 :  0.961 0.025 0.004 0.003 0.003 0.003 
310 TMA-ZAIN-G-    (0)    2 :  0.012 0.906 0.018 0.037 0.020 0.007 
311 TMA-ZAIN-G-    (0)    2 :  0.159 0.666 0.039 0.010 0.069 0.057 
312 TMA-ZAIN-G-    (0)    2 :  0.885 0.069 0.027 0.005 0.010 0.004 
313 TMA-ZAIN-G-    (0)    2 :  0.086 0.106 0.006 0.005 0.783 0.013 
314 TMA-ZAIN-G-    (0)    2 :  0.024 0.012 0.468 0.191 0.020 0.285 
315 TMA-ZAIN-G-    (0)    2 :  0.051 0.466 0.053 0.403 0.019 0.007 
316 TMA-ZAIN-G-    (0)    2 :  0.043 0.411 0.116 0.401 0.017 0.010 
317 TMA-ZAIN-G-    (0)    2 :  0.006 0.007 0.917 0.020 0.012 0.038 
318 TMA-ZAIN-G-    (9)    2 :  0.008 0.009 0.137 0.442 0.047 0.358 
319 TMA-ZAIN-G-    (0)    3 :  0.192 0.006 0.709 0.062 0.014 0.018 
320 TMA-ZAIN-G-    (0)    3 :  0.055 0.436 0.486 0.009 0.008 0.006 
321 TMA-ZAIN-G-    (0)    4 :  0.245 0.422 0.131 0.110 0.012 0.080 
322 TMA-ZAIN-G-    (0)    4 :  0.087 0.266 0.480 0.009 0.099 0.060 
323 TMA-ZAIN-G-    (0)    5 :  0.042 0.010 0.913 0.016 0.012 0.007 
324 TMA-ZAIN-G-    (0)    5 :  0.068 0.872 0.013 0.004 0.033 0.010 
325 TMA-ZAIN-G-    (0)    5 :  0.013 0.010 0.911 0.052 0.008 0.005 
326 TMA-ZAIN-G-    (0)    5 :  0.307 0.012 0.632 0.004 0.042 0.003 
327 TMA-ZAIN-G-    (0)    5 :  0.968 0.006 0.004 0.003 0.016 0.003 
328 TMA-ZAIN-G-    (0)    5 :  0.225 0.102 0.306 0.102 0.021 0.244 
329 TMA-ZAIN-G-    (0)    5 :  0.412 0.539 0.011 0.007 0.027 0.004 
330 TMA-ZAIN-G-    (0)    6 :  0.657 0.293 0.009 0.003 0.033 0.004 
331 TMA-ZAIN-G-    (0)    6 :  0.469 0.203 0.062 0.082 0.155 0.029 
332 TMA-ZAIN-G-    (0)    6 :  0.969 0.018 0.004 0.002 0.004 0.002 
333 TMA-ZAIN-G-    (0)    6 :  0.979 0.004 0.004 0.003 0.008 0.003 
334 TMA-ZAIN-G-    (0)    6 :  0.003 0.003 0.011 0.964 0.007 0.011 
335 TMA-ZAIN-G-    (0)    6 :  0.004 0.005 0.005 0.979 0.004 0.003 
336 TMA-ZAIN-G-    (0)    6 :  0.007 0.009 0.019 0.940 0.013 0.012 
337 TMA-ZAIN-G-    (9)    6 :  0.005 0.006 0.035 0.869 0.007 0.078 
338 TMA-ZAIN-G-    (0)    6 :  0.003 0.004 0.010 0.946 0.006 0.031 
339 TMA-ZAIN-G-    (0)    6 :  0.002 0.002 0.005 0.972 0.004 0.015 
340 TMA-ZAIN-G-    (0)    6 :  0.003 0.003 0.005 0.979 0.003 0.006 
341 TMA-ZAIN-G-    (0)    6 :  0.004 0.004 0.005 0.974 0.003 0.009 
342 TMA-ZAIN-G-    (0)    6 :  0.004 0.005 0.006 0.972 0.005 0.008 
343 TMA-ZAIN-G-    (0)    7 :  0.003 0.003 0.007 0.960 0.003 0.024 
344 TMA-ZAIN-G-    (0)    7 :  0.006 0.004 0.012 0.965 0.005 0.008 
345 TMA-ZAIN-G-    (0)    7 :  0.003 0.003 0.004 0.982 0.004 0.004 
346 TMA-ZAIN-G-    (0)    7 :  0.010 0.006 0.016 0.930 0.004 0.035 
347 TMA-ZAIN-G-    (9)    7 :  0.003 0.003 0.007 0.977 0.003 0.007 
348 TMA-ZAIN-G-    (0)    7 :  0.005 0.005 0.015 0.944 0.008 0.022 
349 TMA-ZAIN-G-    (0)    7 :  0.003 0.004 0.008 0.966 0.005 0.014 
350 TMA-ZAIN-G-    (0)    7 :  0.008 0.007 0.060 0.889 0.005 0.031 
351 TMA-ZAIN-G-    (0)    7 :  0.004 0.003 0.007 0.974 0.005 0.008 
352 TMA-ZAIN-G-    (0)    7 :  0.005 0.008 0.007 0.965 0.008 0.008 
353 TMA-ZAIN-G-    (0)    7 :  0.012 0.006 0.020 0.913 0.005 0.043 
354 TMA-ZAIN-G-    (0)    7 :  0.007 0.004 0.011 0.967 0.003 0.008 
355 TMA-ZAIN-G-    (0)    7 :  0.011 0.008 0.009 0.955 0.003 0.013 
356 TMA-ZAIN-G-    (0)    8 :  0.004 0.961 0.012 0.002 0.018 0.004 
357 TMA-ZAIN-G-    (0)    8 :  0.299 0.659 0.010 0.004 0.014 0.014 
358 TMA-ZAIN-G-    (0)    8 :  0.270 0.592 0.035 0.028 0.027 0.047 
359 TMA-ZAIN-G-    (0)    8 :  0.005 0.931 0.024 0.009 0.024 0.007 
360 TMA-ZAIN-G-    (0)    8 :  0.007 0.976 0.006 0.003 0.005 0.003 
361 TMA-ZAIN-G-    (0)    8 :  0.749 0.216 0.010 0.004 0.009 0.012 
362 TMA-ZAIN-G-    (0)    8 :  0.005 0.966 0.007 0.012 0.004 0.005 
363 TMA-ZAIN-G-    (0)    9 :  0.652 0.257 0.051 0.014 0.020 0.005 
364 TMA-ZAIN-G-    (0)    9 :  0.017 0.021 0.760 0.013 0.017 0.172 
365 TMA-ZAIN-G-    (0)    9 :  0.024 0.779 0.043 0.140 0.005 0.009 
366 TMA-ZAIN-G-    (0)    9 :  0.008 0.965 0.005 0.006 0.014 0.003 
367 TMA-ZAIN-G-    (0)    9 :  0.725 0.042 0.022 0.006 0.082 0.123 
368 TMA-ZAIN-G-    (0)    9 :  0.019 0.956 0.005 0.004 0.011 0.004 
369 TMA-ZAIN-G-    (0)    9 :  0.936 0.050 0.004 0.003 0.005 0.002 
370 TMA-ZAIN-G-    (0)    9 :  0.916 0.057 0.008 0.004 0.005 0.011 
371 TMA-ZAIN-G-    (0)    9 :  0.008 0.975 0.004 0.003 0.005 0.005 
372 TMA-ZAIN-G-    (0)    9 :  0.019 0.964 0.004 0.003 0.006 0.004 
373 TMA-ZAIN-G-    (0)    9 :  0.980 0.004 0.005 0.003 0.005 0.003 
374 TMA-ZAIN-G-    (0)   10 :  0.413 0.021 0.053 0.007 0.183 0.323 
375 TMA-ZAIN-G-    (0)   10 :  0.170 0.020 0.766 0.009 0.008 0.027 
376 TMA-ZAIN-G-    (9)   10 :  0.010 0.973 0.004 0.003 0.004 0.005 
377 TMA-ZAIN-G-    (0)   10 :  0.008 0.980 0.003 0.002 0.004 0.003 
378 TMA-ZAIN-G-    (0)   10 :  0.013 0.973 0.003 0.002 0.004 0.005 
379 TMA-ZAIN-G-    (0)   10 :  0.019 0.955 0.003 0.002 0.016 0.004 
380 TMA-ZAIN-G-    (0)   10 :  0.014 0.970 0.004 0.003 0.006 0.003 
381 TMA-ZAIN-G-    (9)   10 :  0.055 0.169 0.634 0.012 0.122 0.009 
382 TMA-ZAIN-G-    (9)   10 :  0.010 0.005 0.161 0.061 0.009 0.754 
383    ZFB01    (0)   11 :  0.004 0.004 0.004 0.009 0.004 0.976 
384    ZFB02    (0)   11 :  0.003 0.003 0.005 0.033 0.008 0.948 
385    ZFB03    (0)   11 :  0.007 0.004 0.007 0.004 0.005 0.973 
386    ZFB04    (0)   11 :  0.003 0.004 0.005 0.039 0.007 0.942 
387    ZFB05    (0)   11 :  0.008 0.005 0.042 0.131 0.012 0.802 
388    ZFB06    (0)   11 :  0.008 0.006 0.040 0.055 0.007 0.884 
389    ZFB07    (9)   11 :  0.007 0.008 0.010 0.010 0.005 0.961 
390    ZFB08    (0)   11 :  0.006 0.006 0.009 0.005 0.006 0.968 
391    ZFB09    (0)   11 :  0.003 0.003 0.004 0.005 0.003 0.981 
392    ZFB10    (0)   11 :  0.005 0.016 0.004 0.010 0.006 0.959 
393    ZFB11    (0)   11 :  0.004 0.008 0.004 0.017 0.008 0.959 
394    ZFB12    (0)   11 :  0.008 0.006 0.018 0.033 0.005 0.929 
395    ZFB13    (0)   11 :  0.006 0.008 0.009 0.006 0.005 0.965 
396    ZFB14    (0)   11 :  0.004 0.005 0.004 0.005 0.005 0.978 
397    ZFB15    (0)   11 :  0.003 0.003 0.004 0.015 0.003 0.972 
398    ZFB16    (0)   11 :  0.004 0.006 0.007 0.015 0.004 0.964 
399    ZFB17    (0)   11 :  0.010 0.013 0.023 0.031 0.028 0.894 
400    ZFB18    (0)   11 :  0.003 0.004 0.004 0.004 0.004 0.982 
401    ZFB19    (0)   11 :  0.015 0.022 0.020 0.007 0.005 0.931 
402    ZFB20    (0)   11 :  0.005 0.005 0.006 0.041 0.004 0.938 
403    ZFB21    (0)   11 :  0.003 0.003 0.006 0.013 0.003 0.971 
404    ZFB22    (0)   11 :  0.009 0.013 0.013 0.091 0.009 0.864 
405    ZFB23    (0)   11 :  0.005 0.008 0.006 0.027 0.007 0.948 
406    ZFB24    (0)   11 :  0.004 0.007 0.005 0.037 0.007 0.940 
407    ZFB25    (0)   11 :  0.007 0.016 0.004 0.006 0.005 0.962 
408    ZFB26    (0)   11 :  0.009 0.020 0.006 0.060 0.010 0.895 
409    ZFB27    (0)   11 :  0.004 0.007 0.005 0.075 0.006 0.903 
410    ZFB28    (0)   11 :  0.009 0.007 0.037 0.095 0.010 0.842 
411    ZFB29    (0)   11 :  0.003 0.004 0.006 0.020 0.010 0.958 
412    ZFB30    (0)   11 :  0.012 0.011 0.035 0.158 0.005 0.779 
413    ZFB31    (0)   11 :  0.006 0.010 0.004 0.006 0.004 0.969 
414    ZFB32    (0)   11 :  0.015 0.014 0.041 0.052 0.033 0.844 
415    ZFB33    (0)   11 :  0.003 0.003 0.004 0.011 0.003 0.976 
416    ZFB34    (0)   11 :  0.004 0.004 0.005 0.004 0.005 0.980 
417    ZFB35    (0)   11 :  0.005 0.006 0.005 0.010 0.007 0.966 
418  ZFBP101    (0)   12 :  0.223 0.630 0.015 0.008 0.111 0.012 
419  ZFBP102    (0)   12 :  0.100 0.834 0.014 0.012 0.022 0.019 
420  ZFBP103    (0)   12 :  0.593 0.200 0.011 0.008 0.180 0.009 
421  ZFBP104    (0)   12 :  0.404 0.488 0.044 0.016 0.004 0.044 
422  ZFBP105    (0)   12 :  0.312 0.663 0.006 0.005 0.005 0.008 
423  ZFBP106    (0)   12 :  0.119 0.861 0.004 0.003 0.008 0.004 
424  ZFBP107    (0)   12 :  0.485 0.473 0.012 0.015 0.008 0.006 
425  ZFBP108    (0)   12 :  0.010 0.977 0.004 0.003 0.003 0.003 
426  ZFBP109    (0)   12 :  0.011 0.976 0.003 0.002 0.003 0.004 
427  ZFBP110    (0)   12 :  0.683 0.168 0.044 0.008 0.046 0.052 
428  ZFBP111    (0)   12 :  0.028 0.958 0.004 0.003 0.004 0.003 
429  ZFBP112    (0)   12 :  0.013 0.964 0.005 0.006 0.008 0.004 
430  ZFBP113    (0)   12 :  0.010 0.973 0.005 0.004 0.004 0.004 
431  ZFBP114    (0)   12 :  0.028 0.952 0.005 0.005 0.006 0.004 
432  ZFBP115    (0)   12 :  0.748 0.231 0.006 0.004 0.008 0.003 
433  ZFBP116    (0)   12 :  0.020 0.962 0.007 0.004 0.005 0.003 
434  ZFBP117    (0)   12 :  0.011 0.972 0.005 0.003 0.007 0.003 
435  ZFBP118    (0)   12 :  0.017 0.965 0.005 0.005 0.005 0.003 
436  ZFBP119    (0)   12 :  0.258 0.702 0.008 0.003 0.025 0.004 
437  ZFBP120    (0)   12 :  0.231 0.744 0.008 0.005 0.005 0.007 
438  ZFBP121    (0)   12 :  0.026 0.950 0.005 0.003 0.009 0.007 
439  ZFBP122    (9)   12 :  0.021 0.961 0.005 0.003 0.005 0.004 
440  ZFBP123    (0)   12 :  0.011 0.956 0.006 0.007 0.017 0.004 
441  ZFBP124    (0)   12 :  0.016 0.960 0.005 0.004 0.005 0.009 
442  ZFBP125    (0)   12 :  0.025 0.960 0.003 0.002 0.006 0.003 
443  ZFBP126    (0)   12 :  0.015 0.907 0.025 0.011 0.031 0.011 
444  ZFBP127    (0)   12 :  0.185 0.789 0.005 0.003 0.015 0.004 
445  ZFBP128    (0)   12 :  0.014 0.969 0.003 0.002 0.007 0.004 
446  ZFBP129    (0)   12 :  0.008 0.973 0.005 0.003 0.007 0.005 
447  ZFBP130    (0)   12 :  0.017 0.963 0.004 0.003 0.010 0.002 
448  ZFBP131    (0)   12 :  0.005 0.978 0.004 0.004 0.004 0.004 
449  ZFBP132    (0)   12 :  0.024 0.960 0.004 0.003 0.005 0.004 
450  ZFBP133    (0)   12 :  0.004 0.981 0.003 0.002 0.006 0.003 
451  ZFBP134    (0)   12 :  0.504 0.446 0.006 0.004 0.036 0.004 
452  ZFBP135    (0)   12 :  0.103 0.647 0.011 0.006 0.211 0.022 
453  ZFBP136    (0)   12 :  0.098 0.806 0.006 0.007 0.079 0.004 
454  ZFBP201    (0)   13 :  0.020 0.950 0.008 0.008 0.006 0.007 
455  ZFBP202    (0)   13 :  0.024 0.956 0.005 0.003 0.005 0.007 
456  ZFBP203    (0)   13 :  0.009 0.934 0.019 0.027 0.006 0.006 
457  ZFBP204    (0)   13 :  0.205 0.760 0.007 0.006 0.017 0.004 
458  ZFBP205    (0)   13 :  0.006 0.974 0.004 0.004 0.008 0.003 
459  ZFBP206    (0)   13 :  0.007 0.961 0.006 0.006 0.015 0.005 
460  ZFBP207    (0)   13 :  0.585 0.383 0.006 0.004 0.015 0.007 
461  ZFBP208    (0)   13 :  0.008 0.960 0.009 0.011 0.009 0.004 
462  ZFBP209    (0)   13 :  0.005 0.981 0.003 0.002 0.006 0.003 
463  ZFBP210    (0)   13 :  0.017 0.955 0.008 0.008 0.005 0.006 
464  ZFBP211    (0)   13 :  0.016 0.964 0.005 0.004 0.006 0.006 
465  ZFBP212    (0)   13 :  0.283 0.700 0.004 0.004 0.003 0.006 
466  ZFBP213    (0)   13 :  0.011 0.951 0.008 0.006 0.016 0.008 
467  ZFBP214    (0)   13 :  0.032 0.896 0.014 0.004 0.043 0.010 
468  ZFBP215    (0)   13 :  0.010 0.972 0.005 0.003 0.006 0.004 
469  ZFBP216    (0)   13 :  0.042 0.921 0.017 0.009 0.006 0.005 
470  ZFBP217    (0)   13 :  0.026 0.953 0.006 0.003 0.006 0.005 
471  ZFBP218    (0)   13 :  0.007 0.980 0.004 0.003 0.003 0.003 
472  ZFBP219    (0)   13 :  0.010 0.973 0.005 0.004 0.004 0.003 
473  ZFBP220    (0)   13 :  0.030 0.948 0.005 0.004 0.011 0.003 
474  ZFBP221    (0)   13 :  0.155 0.828 0.005 0.003 0.003 0.005 
475  ZFBP222    (0)   13 :  0.005 0.971 0.005 0.005 0.009 0.005 
476  ZFBP223    (0)   13 :  0.584 0.379 0.009 0.006 0.012 0.010 
477  ZFBP224    (0)   13 :  0.012 0.963 0.007 0.005 0.007 0.006 
478  ZFBP225    (0)   13 :  0.106 0.871 0.005 0.005 0.009 0.003 
479  ZFBP226    (0)   13 :  0.014 0.968 0.005 0.005 0.004 0.004 
480  ZFBP227    (0)   13 :  0.186 0.611 0.144 0.023 0.007 0.030 
481  ZFBP228    (0)   13 :  0.451 0.522 0.005 0.003 0.014 0.005 
482  ZFBP229    (0)   13 :  0.011 0.973 0.004 0.003 0.006 0.003 
483  ZFBP230    (0)   13 :  0.043 0.931 0.007 0.004 0.012 0.004 
484  ZFBP231    (0)   13 :  0.022 0.957 0.006 0.004 0.005 0.006 
485  ZFBP232    (0)   13 :  0.007 0.978 0.004 0.003 0.005 0.004 
486  ZFBP233    (0)   13 :  0.021 0.956 0.006 0.004 0.006 0.007 
487   ZFCC01    (0)   14 :  0.004 0.004 0.004 0.005 0.976 0.008 
488   ZFCC03    (0)   14 :  0.005 0.004 0.004 0.003 0.980 0.005 
489   ZFCC04    (0)   14 :  0.004 0.004 0.004 0.003 0.979 0.005 
490   ZFCC05    (0)   14 :  0.007 0.006 0.006 0.004 0.972 0.006 
491   ZFCC08    (0)   14 :  0.006 0.010 0.004 0.002 0.972 0.005 
492   ZFCC09    (0)   14 :  0.005 0.004 0.004 0.003 0.977 0.007 
493   ZFCC10    (0)   14 :  0.004 0.004 0.004 0.004 0.971 0.013 
494   ZFCC11    (0)   14 :  0.005 0.004 0.004 0.004 0.977 0.006 
495   ZFCC12    (0)   14 :  0.008 0.006 0.009 0.033 0.931 0.014 
496   ZFCC13    (0)   14 :  0.011 0.008 0.006 0.006 0.966 0.004 
497   ZFCC14    (0)   14 :  0.005 0.009 0.005 0.005 0.965 0.011 
498   ZFCC15    (0)   14 :  0.005 0.004 0.006 0.005 0.974 0.005 
499   ZFCC16    (0)   14 :  0.004 0.004 0.004 0.004 0.978 0.006 
500   ZFCC17    (0)   14 :  0.004 0.003 0.005 0.007 0.975 0.006 
501   ZFCC18    (0)   14 :  0.005 0.005 0.004 0.004 0.978 0.005 
502   ZFCC19    (0)   14 :  0.004 0.003 0.007 0.006 0.976 0.004 
503   ZFCC20    (0)   14 :  0.006 0.004 0.004 0.003 0.978 0.004 
504   ZFCC21    (0)   14 :  0.008 0.030 0.009 0.006 0.941 0.006 
505   ZFCC22    (0)   14 :  0.019 0.134 0.004 0.004 0.831 0.007 
506   ZFCC26    (0)   14 :  0.004 0.004 0.004 0.003 0.980 0.005 
507   ZFCC27    (0)   14 :  0.005 0.004 0.003 0.003 0.981 0.004 
508   ZFCC29    (0)   14 :  0.004 0.005 0.006 0.004 0.972 0.008 
509   ZFCC30    (0)   14 :  0.005 0.004 0.003 0.003 0.981 0.003 
510   ZFCC32    (0)   14 :  0.006 0.004 0.006 0.007 0.972 0.005 
511   ZFCC33    (0)   14 :  0.004 0.004 0.007 0.005 0.973 0.007 
512   ZFCC34    (0)   14 :  0.031 0.037 0.005 0.012 0.899 0.015 
513   ZFCC35    (0)   14 :  0.004 0.004 0.003 0.003 0.983 0.004 
514   ZFCC36    (0)   14 :  0.006 0.009 0.007 0.009 0.965 0.004 
515   ZFCC37    (0)   14 :  0.009 0.009 0.012 0.028 0.925 0.017 
516   ZFCC40    (0)   14 :  0.004 0.006 0.003 0.005 0.975 0.006 
517   ZFCC42    (0)   14 :  0.054 0.010 0.016 0.519 0.385 0.016 
518   ZFCC44    (0)   14 :  0.005 0.003 0.003 0.003 0.982 0.003 
519   ZFCC45    (9)   14 :  0.005 0.005 0.009 0.014 0.956 0.010 
520   ZFCC46    (0)   14 :  0.013 0.009 0.004 0.003 0.967 0.003 
521   ZFCC47    (0)   14 :  0.006 0.005 0.004 0.018 0.954 0.014 
522   ZFCC48    (0)   14 :  0.007 0.023 0.005 0.003 0.956 0.006 
523   ZFCC50    (0)   14 :  0.003 0.003 0.004 0.004 0.981 0.004 
524   ZFCC51    (0)   14 :  0.005 0.003 0.004 0.003 0.980 0.004 
525   ZFCC52    (0)   14 :  0.006 0.010 0.004 0.005 0.971 0.004 
526   ZFCC53    (0)   14 :  0.004 0.003 0.003 0.003 0.982 0.004 
527  ZFCNS01    (0)   15 :  0.975 0.003 0.008 0.005 0.006 0.003 
528  ZFCNS02    (0)   15 :  0.973 0.006 0.004 0.003 0.011 0.004 
529  ZFCNS05    (0)   15 :  0.968 0.007 0.005 0.003 0.011 0.005 
