

----------------------------------------------------
STRUCTURE by Pritchard, Stephens and Donnelly (2000)
     and Falush, Stephens and Pritchard (2003)
       Code by Pritchard, Falush and Hubisz
             Version 2.3.4 (Jul 2012)
----------------------------------------------------



Command line arguments:   bin\structure -m C:\Users\eschumacher\Documents\GitHub\GCC_QUAC_ZAIN\Data_Files\Structure_Files\QUAC\QUAC_wild_woK_nopopinfo\50-50\mainparams -e C:\Users\eschumacher\Documents\GitHub\GCC_QUAC_ZAIN\Data_Files\Structure_Files\QUAC\QUAC_wild_woK_nopopinfo\50-50\extraparams 
Input File:    C:\Users\eschumacher\Documents\GitHub\GCC_QUAC_ZAIN\Data_Files\Structure_Files\QUAC\QUAC_wild_woK_nopopinfo\project_data

Run parameters:
   164 individuals
   15 loci
   4 populations assumed
   50000 Burn-in period
   50000 Reps


--------------------------------------------
Overall proportion of membership of the
sample in each of the 4 clusters

Inferred Clusters
  1      2      3      4    
0.323  0.206  0.239  0.232  

--------------------------------------------

Allele-freq. divergence among pops (Net nucleotide distance),
computed using point estimates of P.

      1       2       3       4      
 1      -    0.0758  0.0484  0.0433  
 2   0.0758     -    0.0703  0.0679  
 3   0.0484  0.0703     -    0.0498  
 4   0.0433  0.0679  0.0498     -    

Average distances (expected heterozygosity) between individuals in same cluster:
cluster  1  : 0.5570 
cluster  2  : 0.5292 
cluster  3  : 0.5487 
cluster  4  : 0.5809 

--------------------------------------------
Estimated Ln Prob of Data   = -6091.2
Mean value of ln likelihood = -5947.6
Variance of ln likelihood   = 287.2
Mean value of alpha         = 0.0420

Mean value of Fst_1         = 0.1025
Mean value of Fst_2         = 0.1680
Mean value of Fst_3         = 0.1154
Mean value of Fst_4         = 0.0813


Inferred ancestry of individuals:
        Label (%Miss) :  Inferred clusters
  1 QAc-W-0001    (0)   :  0.005 0.005 0.985 0.006 
  2 QAc-W-0002    (0)   :  0.032 0.006 0.917 0.045 
  3 QAc-W-0003    (0)   :  0.005 0.032 0.934 0.029 
  4 QAc-W-0004    (0)   :  0.008 0.008 0.980 0.005 
  5 QAc-W-0005    (0)   :  0.007 0.004 0.985 0.005 
  6 QAc-W-0006    (0)   :  0.007 0.006 0.983 0.005 
  7 QAc-W-0007   (13)   :  0.008 0.005 0.982 0.005 
  8 QAc-W-0008    (6)   :  0.011 0.004 0.978 0.006 
  9 QAc-W-0009    (0)   :  0.234 0.025 0.514 0.226 
 10 QAc-W-0010    (0)   :  0.036 0.005 0.922 0.037 
 11 QAc-W-0011    (0)   :  0.010 0.013 0.927 0.050 
 12 QAc-W-0012    (0)   :  0.009 0.005 0.980 0.007 
 13 QAc-W-0013    (0)   :  0.010 0.123 0.454 0.412 
 14 QAc-W-0014    (0)   :  0.017 0.005 0.971 0.007 
 15 QAc-W-0015    (0)   :  0.068 0.044 0.327 0.561 
 16 QAc-W-0016    (0)   :  0.046 0.037 0.897 0.020 
 17 QAc-W-0017    (0)   :  0.216 0.063 0.287 0.433 
 18 QAc-W-0018    (0)   :  0.020 0.060 0.879 0.041 
 19 QAc-W-0019    (0)   :  0.015 0.007 0.971 0.007 
 20 QAc-W-0020    (0)   :  0.005 0.003 0.983 0.009 
 21 QAc-W-0021    (0)   :  0.024 0.212 0.752 0.012 
 22 QAc-W-0022    (0)   :  0.228 0.074 0.526 0.172 
 23 QAc-W-0023    (6)   :  0.147 0.045 0.772 0.036 
 24 QAc-W-0024    (0)   :  0.014 0.158 0.810 0.018 
 25 QAc-W-0025    (0)   :  0.018 0.015 0.961 0.006 
 26 QAc-W-0026    (0)   :  0.021 0.028 0.932 0.020 
 27 QAc-W-0027    (0)   :  0.009 0.007 0.977 0.006 
 28 QAc-W-0028    (0)   :  0.006 0.004 0.981 0.009 
 29 QAc-W-0029    (0)   :  0.007 0.008 0.969 0.016 
 30 QAc-W-0030    (0)   :  0.008 0.020 0.791 0.181 
 31 QAc-W-0031    (0)   :  0.005 0.032 0.957 0.006 
 32 QAc-W-0032    (0)   :  0.010 0.004 0.982 0.004 
 33 QAc-W-0033    (0)   :  0.086 0.015 0.868 0.031 
 34 QAc-W-0034    (0)   :  0.012 0.008 0.971 0.009 
 35 QAc-W-0035    (0)   :  0.044 0.019 0.881 0.056 
 36 QAc-W-0036    (0)   :  0.008 0.004 0.981 0.006 
 37 QAc-W-0037    (0)   :  0.017 0.015 0.949 0.019 
 38 QAc-W-0038    (0)   :  0.009 0.008 0.938 0.045 
 39 QAc-W-0039    (0)   :  0.007 0.012 0.953 0.029 
 40 QAc-W-0040    (0)   :  0.170 0.019 0.804 0.008 
 41 QAc-W-0041    (0)   :  0.013 0.114 0.854 0.019 
 42 QAc-W-0042    (0)   :  0.009 0.008 0.011 0.973 
 43 QAc-W-0043    (0)   :  0.007 0.005 0.007 0.980 
 44 QAc-W-0044    (0)   :  0.019 0.005 0.027 0.949 
 45 QAc-W-0045    (0)   :  0.008 0.005 0.011 0.976 
 46 QAc-W-0046    (0)   :  0.007 0.007 0.006 0.980 
 47 QAc-W-0047    (0)   :  0.010 0.004 0.017 0.969 
 48 QAc-W-0048    (0)   :  0.008 0.008 0.019 0.964 
 49 QAc-W-0049    (0)   :  0.011 0.010 0.024 0.954 
 50 QAc-W-0050    (0)   :  0.058 0.015 0.007 0.920 
 51 QAc-W-0051    (0)   :  0.008 0.031 0.032 0.929 
 52 QAc-W-0052    (0)   :  0.014 0.007 0.397 0.583 
 53 QAc-W-0053    (0)   :  0.028 0.010 0.020 0.943 
 54 QAc-W-0054    (0)   :  0.015 0.008 0.010 0.967 
 55 QAc-W-0055    (0)   :  0.013 0.012 0.005 0.969 
 56 QAc-W-0056    (0)   :  0.020 0.034 0.191 0.756 
 57 QAc-W-0057    (0)   :  0.009 0.020 0.014 0.957 
 58 QAc-W-0058    (0)   :  0.006 0.043 0.008 0.943 
 59 QAc-W-0059    (0)   :  0.009 0.004 0.013 0.974 
 60 QAc-W-0060    (0)   :  0.008 0.006 0.005 0.981 
 61 QAc-W-0061    (0)   :  0.022 0.006 0.025 0.947 
 62 QAc-W-0062    (0)   :  0.018 0.018 0.005 0.960 
 63 QAc-W-0063    (0)   :  0.037 0.168 0.033 0.761 
 64 QAc-W-0064    (0)   :  0.015 0.026 0.008 0.950 
 65 QAc-W-0065    (0)   :  0.021 0.011 0.007 0.961 
 66 QAc-W-0066    (0)   :  0.004 0.033 0.010 0.953 
 67 QAc-W-0067    (0)   :  0.028 0.036 0.008 0.928 
 68 QAc-W-0068    (0)   :  0.006 0.013 0.009 0.973 
 69 QAc-W-0069    (0)   :  0.006 0.030 0.013 0.951 
 70 QAc-W-0070    (0)   :  0.005 0.006 0.005 0.984 
 71 QAc-W-0071    (6)   :  0.007 0.010 0.006 0.977 
 72 QAc-W-0072    (0)   :  0.111 0.008 0.019 0.862 
 73 QAc-W-0073    (0)   :  0.018 0.015 0.016 0.951 
 74 QAc-W-0074    (0)   :  0.018 0.011 0.009 0.963 
 75 QAc-W-0075    (0)   :  0.006 0.011 0.004 0.978 
 76 QAc-W-0076    (0)   :  0.046 0.008 0.005 0.941 
 77 QAc-W-0077    (0)   :  0.007 0.004 0.010 0.979 
 78 QAc-W-0078    (0)   :  0.048 0.875 0.062 0.014 
 79 QAc-W-0079    (6)   :  0.007 0.978 0.007 0.008 
 80 QAc-W-0080   (13)   :  0.007 0.954 0.034 0.006 
 81 QAc-W-0081    (0)   :  0.005 0.982 0.007 0.006 
 82 QAc-W-0082    (0)   :  0.006 0.732 0.013 0.248 
 83 QAc-W-0083    (0)   :  0.010 0.969 0.009 0.011 
 84 QAc-W-0084    (0)   :  0.004 0.986 0.007 0.004 
 85 QAc-W-0085    (0)   :  0.010 0.980 0.004 0.005 
 86 QAc-W-0086    (0)   :  0.008 0.980 0.007 0.005 
 87 QAc-W-0087    (0)   :  0.006 0.985 0.005 0.004 
 88 QAc-W-0088    (0)   :  0.005 0.984 0.005 0.006 
 89 QAc-W-0089    (0)   :  0.005 0.980 0.007 0.008 
 90 QAc-W-0090    (0)   :  0.004 0.984 0.006 0.005 
 91 QAc-W-0091    (0)   :  0.007 0.983 0.006 0.005 
 92 QAc-W-0092    (0)   :  0.017 0.816 0.147 0.021 
 93 QAc-W-0093    (0)   :  0.042 0.872 0.072 0.014 
 94 QAc-W-0094    (0)   :  0.013 0.891 0.082 0.014 
 95 QAc-W-0095    (0)   :  0.007 0.968 0.016 0.009 
 96 QAc-W-0096    (0)   :  0.014 0.909 0.041 0.036 
 97 QAc-W-0097    (0)   :  0.012 0.823 0.132 0.033 
 98 QAc-W-0098    (0)   :  0.006 0.983 0.007 0.005 
 99 QAc-W-0099    (0)   :  0.071 0.903 0.012 0.014 
100 QAc-W-0100    (0)   :  0.005 0.987 0.005 0.004 
101 QAc-W-0101    (0)   :  0.006 0.981 0.007 0.006 
102 QAc-W-0104    (0)   :  0.016 0.969 0.006 0.009 
103 QAc-W-0105    (0)   :  0.004 0.987 0.005 0.005 
104 QAc-W-0106    (0)   :  0.006 0.980 0.008 0.006 
105 QAc-W-0107    (0)   :  0.008 0.965 0.008 0.019 
106 QAc-W-0108    (0)   :  0.008 0.969 0.006 0.017 
107 QAc-W-0109    (0)   :  0.007 0.953 0.011 0.029 
108 QAc-W-0110   (13)   :  0.010 0.249 0.734 0.006 
109 QAc-W-0111    (6)   :  0.005 0.982 0.005 0.007 
110 QAc-W-0112   (13)   :  0.010 0.975 0.010 0.005 
111 QAc-W-0113   (13)   :  0.974 0.006 0.012 0.007 
112 QAc-W-0114   (13)   :  0.957 0.021 0.011 0.010 
113 QAc-W-0115    (0)   :  0.974 0.009 0.011 0.006 
114 QAc-W-0116    (0)   :  0.970 0.008 0.016 0.006 
115 QAc-W-0117    (0)   :  0.985 0.003 0.007 0.005 
116 QAc-W-0118    (0)   :  0.958 0.018 0.007 0.017 
117 QAc-W-0119    (0)   :  0.972 0.008 0.008 0.012 
118 QAc-W-0120    (0)   :  0.969 0.010 0.010 0.010 
119 QAc-W-0121    (0)   :  0.970 0.004 0.007 0.019 
120 QAc-W-0122    (0)   :  0.966 0.006 0.017 0.011 
121 QAc-W-0123    (6)   :  0.959 0.015 0.008 0.019 
122 QAc-W-0124    (0)   :  0.823 0.095 0.059 0.023 
123 QAc-W-0125    (0)   :  0.964 0.019 0.010 0.007 
124 QAc-W-0126   (13)   :  0.935 0.034 0.011 0.020 
125 QAc-W-0127    (6)   :  0.979 0.005 0.009 0.007 
126 QAc-W-0128   (13)   :  0.916 0.053 0.023 0.008 
127 QAc-W-0129   (13)   :  0.907 0.007 0.075 0.011 
128 QAc-W-0130   (13)   :  0.952 0.008 0.035 0.005 
129 QAc-W-0131    (0)   :  0.972 0.010 0.008 0.010 
130 QAc-W-0132    (6)   :  0.938 0.016 0.017 0.029 
131 QAc-W-0133    (6)   :  0.685 0.235 0.011 0.069 
132 QAc-W-0134    (0)   :  0.984 0.005 0.005 0.006 
133 QAc-W-0135    (0)   :  0.927 0.006 0.055 0.012 
134 QAc-W-0136    (0)   :  0.986 0.004 0.005 0.004 
135 QAc-W-0137    (0)   :  0.988 0.003 0.004 0.005 
136 QAc-W-0138    (0)   :  0.986 0.003 0.006 0.004 
137 QAc-W-0139    (0)   :  0.737 0.136 0.077 0.050 
138 QAc-W-0140    (0)   :  0.935 0.011 0.031 0.023 
139 QAc-W-0141    (6)   :  0.864 0.013 0.073 0.049 
140 QAc-W-0142    (0)   :  0.981 0.005 0.005 0.009 
141 QAc-W-0143    (0)   :  0.969 0.010 0.011 0.010 
142 QAc-W-0144    (0)   :  0.954 0.007 0.009 0.030 
143 QAc-W-0145    (0)   :  0.986 0.004 0.004 0.007 
144 QAc-W-0146    (0)   :  0.975 0.007 0.012 0.006 
145 QAc-W-0147    (0)   :  0.985 0.005 0.005 0.005 
146 QAc-W-0148    (0)   :  0.982 0.004 0.008 0.006 
147 QAc-W-0149    (0)   :  0.942 0.013 0.018 0.027 
148 QAc-W-0150    (0)   :  0.908 0.016 0.064 0.012 
149 QAc-W-0151    (0)   :  0.968 0.010 0.016 0.006 
150 QAc-W-0152    (0)   :  0.980 0.005 0.006 0.009 
151 QAc-W-0153    (0)   :  0.409 0.309 0.061 0.222 
152 QAc-W-0154    (0)   :  0.904 0.006 0.084 0.006 
153 QAc-W-0155    (0)   :  0.983 0.004 0.007 0.006 
154 QAc-W-0156    (0)   :  0.846 0.064 0.084 0.006 
155 QAc-W-0157    (0)   :  0.969 0.004 0.008 0.018 
156 QAc-W-0158    (0)   :  0.885 0.053 0.053 0.008 
157 QAc-W-0159    (0)   :  0.975 0.006 0.013 0.006 
158 QAc-W-0160    (0)   :  0.968 0.006 0.020 0.006 
159 QAc-W-0161    (0)   :  0.937 0.008 0.048 0.007 
160 QAc-W-0162    (0)   :  0.839 0.007 0.005 0.149 
161 QAc-W-0163    (0)   :  0.969 0.005 0.006 0.020 
162 QAc-W-0164    (0)   :  0.976 0.007 0.007 0.011 
163 QAc-W-0165    (0)   :  0.975 0.005 0.006 0.014 
164 QAc-W-0166    (0)   :  0.944 0.007 0.040 0.010 


Estimated Allele Frequencies in each cluster
First column gives estimated ancestral frequencies


Locus 1 : 
15 alleles
0.0% missing data
 200   (0.205) 0.212 0.119 0.455 0.210 
 208   (0.043) 0.004 0.038 0.133 0.007 
 210   (0.121) 0.171 0.155 0.036 0.115 
 212   (0.131) 0.083 0.301 0.132 0.086 
 218   (0.089) 0.138 0.077 0.075 0.023 
 224   (0.053) 0.005 0.004 0.042 0.189 
 206   (0.033) 0.020 0.003 0.014 0.005 
 202   (0.055) 0.011 0.087 0.071 0.011 
 216   (0.062) 0.091 0.093 0.019 0.015 
 222   (0.033) 0.199 0.002 0.007 0.005 
 214   (0.055) 0.047 0.004 0.005 0.181 
 232   (0.027) 0.002 0.002 0.003 0.061 
 226   (0.044) 0.005 0.111 0.004 0.040 
 228   (0.027) 0.002 0.002 0.003 0.050 
 220   (0.021) 0.010 0.002 0.002 0.003 

Locus 2 : 
12 alleles
0.0% missing data
 171   (0.172) 0.074 0.132 0.317 0.174 
 187   (0.057) 0.011 0.004 0.093 0.039 
 173   (0.194) 0.205 0.075 0.195 0.234 
 189   (0.048) 0.025 0.004 0.209 0.007 
 175   (0.089) 0.022 0.124 0.077 0.044 
 181   (0.114) 0.011 0.454 0.072 0.186 
 179   (0.089) 0.273 0.007 0.013 0.159 
 185   (0.083) 0.218 0.088 0.008 0.041 
 177   (0.058) 0.063 0.004 0.006 0.102 
 183   (0.048) 0.086 0.049 0.005 0.008 
 191   (0.025) 0.002 0.056 0.003 0.003 
 169   (0.022) 0.010 0.002 0.002 0.003 

Locus 3 : 
4 alleles
6.1% missing data
 206   (0.875) 0.981 0.947 0.824 0.930 
 208   (0.063) 0.006 0.005 0.168 0.049 
 204   (0.034) 0.003 0.037 0.004 0.011 
 212   (0.028) 0.010 0.011 0.004 0.009 

Locus 4 : 
10 alleles
7.9% missing data
 161   (0.397) 0.479 0.097 0.553 0.613 
 157   (0.027) 0.003 0.003 0.062 0.004 
 167   (0.159) 0.162 0.052 0.190 0.101 
 163   (0.165) 0.288 0.032 0.137 0.124 
 153   (0.025) 0.002 0.002 0.013 0.004 
 165   (0.097) 0.014 0.556 0.027 0.122 
 177   (0.036) 0.005 0.052 0.009 0.007 
 169   (0.035) 0.003 0.018 0.004 0.016 
 173   (0.030) 0.003 0.186 0.003 0.004 
 159   (0.030) 0.041 0.003 0.003 0.004 

Locus 5 : 
15 alleles
0.0% missing data
 166   (0.052) 0.004 0.011 0.052 0.080 
 140   (0.075) 0.193 0.013 0.185 0.014 
 146   (0.091) 0.014 0.152 0.039 0.186 
 152   (0.060) 0.094 0.005 0.279 0.008 
 148   (0.132) 0.060 0.442 0.124 0.093 
 144   (0.137) 0.155 0.020 0.145 0.247 
 150   (0.054) 0.004 0.010 0.088 0.070 
 138   (0.115) 0.267 0.171 0.027 0.081 
 154   (0.074) 0.148 0.006 0.018 0.094 
 158   (0.070) 0.021 0.049 0.022 0.074 
 160   (0.044) 0.004 0.033 0.012 0.030 
 142   (0.032) 0.020 0.002 0.003 0.015 
 162   (0.020) 0.002 0.071 0.002 0.003 
 156   (0.021) 0.002 0.012 0.004 0.003 
 164   (0.022) 0.010 0.002 0.002 0.003 

Locus 6 : 
11 alleles
0.0% missing data
 235   (0.278) 0.439 0.405 0.269 0.226 
 237   (0.145) 0.217 0.019 0.194 0.147 
 233   (0.104) 0.016 0.109 0.400 0.063 
 239   (0.095) 0.037 0.021 0.031 0.226 
 243   (0.034) 0.050 0.003 0.007 0.007 
 229   (0.040) 0.003 0.229 0.018 0.008 
 245   (0.079) 0.098 0.006 0.040 0.063 
 225   (0.075) 0.022 0.086 0.021 0.056 
 241   (0.080) 0.068 0.117 0.013 0.047 
 227   (0.034) 0.003 0.002 0.004 0.142 
 231   (0.035) 0.048 0.003 0.003 0.014 

Locus 7 : 
3 alleles
0.0% missing data
 118   (0.932) 0.994 0.982 0.963 0.953 
 124   (0.031) 0.002 0.002 0.034 0.008 
 116   (0.037) 0.003 0.016 0.004 0.039 

Locus 8 : 
5 alleles
0.0% missing data
 139   (0.752) 0.673 0.854 0.879 0.911 
 137   (0.165) 0.226 0.139 0.112 0.078 
 143   (0.031) 0.063 0.003 0.003 0.004 
 141   (0.026) 0.019 0.002 0.003 0.004 
 135   (0.025) 0.019 0.002 0.003 0.003 

Locus 9 : 
10 alleles
0.0% missing data
 116   (0.301) 0.372 0.393 0.492 0.177 
 114   (0.173) 0.212 0.066 0.322 0.082 
 118   (0.115) 0.157 0.477 0.066 0.025 
 122   (0.056) 0.007 0.004 0.015 0.279 
 130   (0.033) 0.003 0.003 0.006 0.058 
 112   (0.132) 0.174 0.039 0.043 0.157 
 126   (0.047) 0.004 0.009 0.014 0.094 
 128   (0.033) 0.003 0.002 0.015 0.015 
 120   (0.053) 0.030 0.004 0.021 0.026 
 124   (0.055) 0.039 0.004 0.006 0.087 

Locus 10 : 
3 alleles
0.0% missing data
 232   (0.854) 0.849 0.975 0.924 0.873 
 238   (0.122) 0.149 0.010 0.074 0.124 
 244   (0.023) 0.002 0.015 0.002 0.003 

Locus 11 : 
4 alleles
0.0% missing data
 165   (0.786) 0.904 0.848 0.904 0.774 
 161   (0.053) 0.006 0.004 0.063 0.050 
 167   (0.135) 0.071 0.146 0.031 0.172 
 163   (0.026) 0.019 0.002 0.002 0.004 

Locus 12 : 
5 alleles
0.0% missing data
 140   (0.179) 0.084 0.331 0.446 0.057 
 134   (0.206) 0.083 0.220 0.089 0.372 
 137   (0.551) 0.799 0.441 0.447 0.560 
 125   (0.040) 0.029 0.003 0.015 0.005 
 146   (0.024) 0.005 0.005 0.003 0.006 

Locus 13 : 
17 alleles
0.6% missing data
 206   (0.140) 0.184 0.336 0.165 0.082 
 192   (0.094) 0.036 0.078 0.171 0.055 
 210   (0.111) 0.046 0.275 0.233 0.074 
 194   (0.074) 0.009 0.067 0.018 0.328 
 208   (0.045) 0.056 0.003 0.111 0.006 
 204   (0.050) 0.027 0.005 0.043 0.018 
 202   (0.100) 0.034 0.089 0.050 0.201 
 190   (0.050) 0.147 0.004 0.046 0.009 
 214   (0.046) 0.004 0.004 0.050 0.097 
 200   (0.083) 0.050 0.096 0.026 0.067 
 184   (0.052) 0.103 0.029 0.016 0.007 
 216   (0.025) 0.002 0.002 0.049 0.003 
 182   (0.019) 0.002 0.002 0.011 0.005 
 198   (0.027) 0.009 0.002 0.003 0.016 
 212   (0.043) 0.261 0.003 0.004 0.014 
 186   (0.019) 0.002 0.001 0.002 0.014 
 196   (0.022) 0.028 0.002 0.002 0.003 

Locus 14 : 
8 alleles
1.2% missing data
 151   (0.407) 0.422 0.520 0.439 0.508 
 157   (0.242) 0.270 0.190 0.390 0.179 
 154   (0.087) 0.119 0.007 0.044 0.080 
 139   (0.100) 0.009 0.159 0.102 0.156 
 145   (0.065) 0.155 0.089 0.014 0.009 
 163   (0.035) 0.003 0.030 0.005 0.015 
 160   (0.025) 0.002 0.002 0.002 0.026 
 142   (0.040) 0.020 0.003 0.005 0.027 

Locus 15 : 
11 alleles
2.4% missing data
 256   (0.159) 0.118 0.146 0.216 0.142 
 258   (0.153) 0.254 0.051 0.201 0.132 
 248   (0.139) 0.277 0.020 0.113 0.189 
 254   (0.099) 0.055 0.018 0.107 0.123 
 246   (0.107) 0.029 0.159 0.121 0.099 
 252   (0.072) 0.030 0.146 0.046 0.021 
 260   (0.047) 0.010 0.015 0.171 0.007 
 242   (0.093) 0.153 0.153 0.010 0.090 
 262   (0.046) 0.004 0.275 0.005 0.047 
 250   (0.051) 0.031 0.004 0.005 0.146 
 244   (0.035) 0.040 0.014 0.004 0.005 

Values of parameters used in structure:
DATAFILE=C:\Users\eschumacher\Documents\GitHub\GCC_QUAC_ZAIN\Data_Files\Structure_Files\QUAC\QUAC_wild_woK_nopopinfo\project_data,	OUTFILE=C:\Users\eschumacher\Documents\GitHub\GCC_QUAC_ZAIN\Data_Files\Structure_Files\QUAC\QUAC_wild_woK_nopopinfo\50-50\Results\50-50_run_17,	NUMINDS=164,	NUMLOCI=15,	MISSING=-9,	LABEL=1,	POPDATA=0,	POPFLAG=0,	PHENOTYPE=0,	EXTRACOLS=0,	MAXPOPS=4,	BURNIN=50000,	NUMREPS=50000,	USEPOPINFO=0,	INFERALPHA=1,	INFERLAMBDA=0,	POPSPECIFICLAMBDA=0,	POPALPHAS=0,	COMPUTEPROB=1,	NOADMIX=0,	ADMBURNIN=2500,	UPDATEFREQ=1,	PRINTLIKES=0,	INTERMEDSAVE=0,	PRINTKLD=0,	PRINTNET=0,	PRINTLAMBDA=0,	ANCESTDIST=0,	NUMBOXES=1000,	ANCESTPINT=0.90000,	GENSBACK=2,	MIGRPRIOR=0.05000,	PRINTQHAT=0,	PRINTQSUM=0,	ALPHA=1.0000,	FREQSCORR=1,	FPRIORMEAN=0.0100,	FPRIORSD=0.0500,	ONEFST=0,	LAMBDA=1.0000,	UNIFPRIORALPHA=1,	ALPHAMAX=10.0000,	ALPHAPRIORA=1.0000,	ALPHAPRIORB=2.0000,	ALPHAPROPSD=0.0250,	STARTATPOPINFO=0,	RANDOMIZE=1,	LINKAGE=0,	METROFREQ=10,	REPORTHITRATE=0,	MARKOVPHASE=-1,	PHASED=0,	PLOIDY=2,	PHASEINFO=0	LOCPRIOR=0, 	LOCPRIORINIT=1.000000, 	LOCDATA=0, 	LOCISPOP=0, 	LOCPRIORSTEP=0.100000, 	MAXLOCPRIOR=20.000000, 	SEED=1666984341,	
[STRAT parameters]:    NUMSIMSTATS=1000,	PHENOTYPECOL=-9,	POOLFREQ=10,	LOCUSxONLY=0,	EMERROR=0.00100,	MISSINGPHENO=-9,	