

----------------------------------------------------
STRUCTURE by Pritchard, Stephens and Donnelly (2000)
     and Falush, Stephens and Pritchard (2003)
       Code by Pritchard, Falush and Hubisz
             Version 2.3.4 (Jul 2012)
----------------------------------------------------



Command line arguments:   bin\structure -m C:\Users\eschumacher\Documents\GitHub\GCC_QUAC_ZAIN\Data_Files\Structure_Files\QUAC\QUAC_wild_woK_nopopinfo\50-50\mainparams -e C:\Users\eschumacher\Documents\GitHub\GCC_QUAC_ZAIN\Data_Files\Structure_Files\QUAC\QUAC_wild_woK_nopopinfo\50-50\extraparams 
Input File:    C:\Users\eschumacher\Documents\GitHub\GCC_QUAC_ZAIN\Data_Files\Structure_Files\QUAC\QUAC_wild_woK_nopopinfo\project_data

Run parameters:
   164 individuals
   15 loci
   3 populations assumed
   50000 Burn-in period
   50000 Reps


--------------------------------------------
Overall proportion of membership of the
sample in each of the 3 clusters

Inferred Clusters
  1      2      3    
0.213  0.458  0.329  

--------------------------------------------

Allele-freq. divergence among pops (Net nucleotide distance),
computed using point estimates of P.

      1       2       3      
 1      -    0.0549  0.0735  
 2   0.0549     -    0.0324  
 3   0.0735  0.0324     -    

Average distances (expected heterozygosity) between individuals in same cluster:
cluster  1  : 0.5325 
cluster  2  : 0.5900 
cluster  3  : 0.5576 

--------------------------------------------
Estimated Ln Prob of Data   = -6325.2
Mean value of ln likelihood = -6213.6
Variance of ln likelihood   = 223.2
Mean value of alpha         = 0.0448

Mean value of Fst_1         = 0.1598
Mean value of Fst_2         = 0.0449
Mean value of Fst_3         = 0.0981


Inferred ancestry of individuals:
        Label (%Miss) :  Inferred clusters
  1 QAc-W-0001    (0)   :  0.007 0.985 0.008 
  2 QAc-W-0002    (0)   :  0.006 0.957 0.037 
  3 QAc-W-0003    (0)   :  0.023 0.969 0.008 
  4 QAc-W-0004    (0)   :  0.019 0.966 0.014 
  5 QAc-W-0005    (0)   :  0.006 0.982 0.012 
  6 QAc-W-0006    (0)   :  0.013 0.978 0.009 
  7 QAc-W-0007   (13)   :  0.010 0.976 0.014 
  8 QAc-W-0008    (6)   :  0.005 0.980 0.015 
  9 QAc-W-0009    (0)   :  0.016 0.872 0.113 
 10 QAc-W-0010    (0)   :  0.006 0.978 0.016 
 11 QAc-W-0011    (0)   :  0.026 0.963 0.010 
 12 QAc-W-0012    (0)   :  0.007 0.982 0.011 
 13 QAc-W-0013    (0)   :  0.075 0.916 0.009 
 14 QAc-W-0014    (0)   :  0.006 0.960 0.034 
 15 QAc-W-0015    (0)   :  0.024 0.937 0.039 
 16 QAc-W-0016    (0)   :  0.013 0.923 0.063 
 17 QAc-W-0017    (0)   :  0.057 0.824 0.119 
 18 QAc-W-0018    (0)   :  0.055 0.915 0.030 
 19 QAc-W-0019    (0)   :  0.009 0.977 0.014 
 20 QAc-W-0020    (0)   :  0.004 0.989 0.007 
 21 QAc-W-0021    (0)   :  0.207 0.737 0.057 
 22 QAc-W-0022    (0)   :  0.054 0.829 0.116 
 23 QAc-W-0023    (6)   :  0.041 0.784 0.175 
 24 QAc-W-0024    (0)   :  0.171 0.811 0.017 
 25 QAc-W-0025    (0)   :  0.020 0.956 0.024 
 26 QAc-W-0026    (0)   :  0.045 0.932 0.023 
 27 QAc-W-0027    (0)   :  0.011 0.973 0.016 
 28 QAc-W-0028    (0)   :  0.005 0.989 0.007 
 29 QAc-W-0029    (0)   :  0.008 0.984 0.008 
 30 QAc-W-0030    (0)   :  0.012 0.980 0.008 
 31 QAc-W-0031    (0)   :  0.052 0.941 0.008 
 32 QAc-W-0032    (0)   :  0.008 0.961 0.031 
 33 QAc-W-0033    (0)   :  0.019 0.882 0.099 
 34 QAc-W-0034    (0)   :  0.008 0.979 0.013 
 35 QAc-W-0035    (0)   :  0.019 0.949 0.033 
 36 QAc-W-0036    (0)   :  0.006 0.980 0.014 
 37 QAc-W-0037    (0)   :  0.030 0.944 0.026 
 38 QAc-W-0038    (0)   :  0.007 0.980 0.013 
 39 QAc-W-0039    (0)   :  0.016 0.975 0.009 
 40 QAc-W-0040    (0)   :  0.026 0.818 0.156 
 41 QAc-W-0041    (0)   :  0.219 0.763 0.018 
 42 QAc-W-0042    (0)   :  0.011 0.982 0.007 
 43 QAc-W-0043    (0)   :  0.009 0.982 0.009 
 44 QAc-W-0044    (0)   :  0.005 0.971 0.024 
 45 QAc-W-0045    (0)   :  0.006 0.986 0.008 
 46 QAc-W-0046    (0)   :  0.010 0.983 0.007 
 47 QAc-W-0047    (0)   :  0.004 0.984 0.012 
 48 QAc-W-0048    (0)   :  0.011 0.980 0.009 
 49 QAc-W-0049    (0)   :  0.014 0.975 0.011 
 50 QAc-W-0050    (0)   :  0.029 0.832 0.139 
 51 QAc-W-0051    (0)   :  0.032 0.960 0.008 
 52 QAc-W-0052    (0)   :  0.005 0.983 0.012 
 53 QAc-W-0053    (0)   :  0.008 0.962 0.029 
 54 QAc-W-0054    (0)   :  0.010 0.960 0.030 
 55 QAc-W-0055    (0)   :  0.026 0.942 0.032 
 56 QAc-W-0056    (0)   :  0.030 0.953 0.016 
 57 QAc-W-0057    (0)   :  0.026 0.963 0.011 
 58 QAc-W-0058    (0)   :  0.073 0.920 0.007 
 59 QAc-W-0059    (0)   :  0.005 0.985 0.010 
 60 QAc-W-0060    (0)   :  0.008 0.980 0.011 
 61 QAc-W-0061    (0)   :  0.006 0.972 0.021 
 62 QAc-W-0062    (0)   :  0.061 0.889 0.049 
 63 QAc-W-0063    (0)   :  0.123 0.839 0.038 
 64 QAc-W-0064    (0)   :  0.100 0.872 0.027 
 65 QAc-W-0065    (0)   :  0.020 0.935 0.045 
 66 QAc-W-0066    (0)   :  0.046 0.950 0.004 
 67 QAc-W-0067    (0)   :  0.074 0.891 0.035 
 68 QAc-W-0068    (0)   :  0.011 0.983 0.006 
 69 QAc-W-0069    (0)   :  0.015 0.980 0.005 
 70 QAc-W-0070    (0)   :  0.006 0.987 0.007 
 71 QAc-W-0071    (6)   :  0.025 0.963 0.013 
 72 QAc-W-0072    (0)   :  0.007 0.817 0.175 
 73 QAc-W-0073    (0)   :  0.012 0.973 0.015 
 74 QAc-W-0074    (0)   :  0.010 0.941 0.049 
 75 QAc-W-0075    (0)   :  0.018 0.974 0.008 
 76 QAc-W-0076    (0)   :  0.013 0.813 0.174 
 77 QAc-W-0077    (0)   :  0.005 0.984 0.011 
 78 QAc-W-0078    (0)   :  0.912 0.040 0.048 
 79 QAc-W-0079    (6)   :  0.985 0.008 0.007 
 80 QAc-W-0080   (13)   :  0.977 0.017 0.006 
 81 QAc-W-0081    (0)   :  0.988 0.007 0.005 
 82 QAc-W-0082    (0)   :  0.828 0.165 0.007 
 83 QAc-W-0083    (0)   :  0.977 0.011 0.012 
 84 QAc-W-0084    (0)   :  0.991 0.005 0.004 
 85 QAc-W-0085    (0)   :  0.983 0.005 0.012 
 86 QAc-W-0086    (0)   :  0.985 0.006 0.009 
 87 QAc-W-0087    (0)   :  0.988 0.005 0.007 
 88 QAc-W-0088    (0)   :  0.988 0.006 0.005 
 89 QAc-W-0089    (0)   :  0.987 0.009 0.005 
 90 QAc-W-0090    (0)   :  0.989 0.007 0.005 
 91 QAc-W-0091    (0)   :  0.988 0.005 0.007 
 92 QAc-W-0092    (0)   :  0.875 0.106 0.018 
 93 QAc-W-0093    (0)   :  0.910 0.037 0.053 
 94 QAc-W-0094    (0)   :  0.938 0.047 0.014 
 95 QAc-W-0095    (0)   :  0.980 0.013 0.007 
 96 QAc-W-0096    (0)   :  0.927 0.056 0.017 
 97 QAc-W-0097    (0)   :  0.872 0.113 0.015 
 98 QAc-W-0098    (0)   :  0.989 0.006 0.006 
 99 QAc-W-0099    (0)   :  0.905 0.017 0.078 
100 QAc-W-0100    (0)   :  0.991 0.005 0.005 
101 QAc-W-0101    (0)   :  0.986 0.007 0.007 
102 QAc-W-0104    (0)   :  0.974 0.009 0.017 
103 QAc-W-0105    (0)   :  0.991 0.005 0.005 
104 QAc-W-0106    (0)   :  0.986 0.008 0.006 
105 QAc-W-0107    (0)   :  0.979 0.013 0.009 
106 QAc-W-0108    (0)   :  0.980 0.011 0.009 
107 QAc-W-0109    (0)   :  0.966 0.027 0.006 
108 QAc-W-0110   (13)   :  0.431 0.541 0.029 
109 QAc-W-0111    (6)   :  0.988 0.007 0.005 
110 QAc-W-0112   (13)   :  0.983 0.008 0.010 
111 QAc-W-0113   (13)   :  0.007 0.012 0.980 
112 QAc-W-0114   (13)   :  0.025 0.012 0.963 
113 QAc-W-0115    (0)   :  0.009 0.009 0.982 
114 QAc-W-0116    (0)   :  0.009 0.012 0.979 
115 QAc-W-0117    (0)   :  0.004 0.007 0.989 
116 QAc-W-0118    (0)   :  0.020 0.012 0.969 
117 QAc-W-0119    (0)   :  0.008 0.012 0.981 
118 QAc-W-0120    (0)   :  0.009 0.015 0.976 
119 QAc-W-0121    (0)   :  0.004 0.015 0.981 
120 QAc-W-0122    (0)   :  0.007 0.018 0.975 
121 QAc-W-0123    (6)   :  0.019 0.016 0.965 
122 QAc-W-0124    (0)   :  0.115 0.049 0.836 
123 QAc-W-0125    (0)   :  0.018 0.010 0.972 
124 QAc-W-0126   (13)   :  0.034 0.018 0.948 
125 QAc-W-0127    (6)   :  0.006 0.010 0.984 
126 QAc-W-0128   (13)   :  0.058 0.016 0.925 
127 QAc-W-0129   (13)   :  0.008 0.053 0.939 
128 QAc-W-0130   (13)   :  0.008 0.014 0.978 
129 QAc-W-0131    (0)   :  0.012 0.011 0.977 
130 QAc-W-0132    (6)   :  0.017 0.042 0.941 
131 QAc-W-0133    (6)   :  0.250 0.057 0.692 
132 QAc-W-0134    (0)   :  0.006 0.006 0.989 
133 QAc-W-0135    (0)   :  0.007 0.039 0.954 
134 QAc-W-0136    (0)   :  0.005 0.005 0.990 
135 QAc-W-0137    (0)   :  0.004 0.005 0.992 
136 QAc-W-0138    (0)   :  0.004 0.006 0.990 
137 QAc-W-0139    (0)   :  0.146 0.125 0.729 
138 QAc-W-0140    (0)   :  0.013 0.035 0.952 
139 QAc-W-0141    (6)   :  0.016 0.159 0.826 
140 QAc-W-0142    (0)   :  0.005 0.007 0.988 
141 QAc-W-0143    (0)   :  0.011 0.012 0.978 
142 QAc-W-0144    (0)   :  0.009 0.025 0.966 
143 QAc-W-0145    (0)   :  0.004 0.006 0.990 
144 QAc-W-0146    (0)   :  0.008 0.008 0.984 
145 QAc-W-0147    (0)   :  0.006 0.005 0.989 
146 QAc-W-0148    (0)   :  0.004 0.007 0.988 
147 QAc-W-0149    (0)   :  0.016 0.031 0.953 
148 QAc-W-0150    (0)   :  0.018 0.035 0.946 
149 QAc-W-0151    (0)   :  0.010 0.011 0.979 
150 QAc-W-0152    (0)   :  0.005 0.008 0.987 
151 QAc-W-0153    (0)   :  0.286 0.396 0.318 
152 QAc-W-0154    (0)   :  0.007 0.032 0.961 
153 QAc-W-0155    (0)   :  0.004 0.008 0.988 
154 QAc-W-0156    (0)   :  0.067 0.019 0.914 
155 QAc-W-0157    (0)   :  0.005 0.013 0.982 
156 QAc-W-0158    (0)   :  0.052 0.023 0.925 
157 QAc-W-0159    (0)   :  0.007 0.009 0.984 
158 QAc-W-0160    (0)   :  0.006 0.012 0.982 
159 QAc-W-0161    (0)   :  0.008 0.022 0.970 
160 QAc-W-0162    (0)   :  0.008 0.070 0.921 
161 QAc-W-0163    (0)   :  0.005 0.013 0.982 
162 QAc-W-0164    (0)   :  0.007 0.010 0.983 
163 QAc-W-0165    (0)   :  0.005 0.016 0.980 
164 QAc-W-0166    (0)   :  0.007 0.026 0.966 


Estimated Allele Frequencies in each cluster
First column gives estimated ancestral frequencies


Locus 1 : 
15 alleles
0.0% missing data
 200   (0.210) 0.124 0.333 0.213 
 208   (0.056) 0.043 0.071 0.005 
 210   (0.117) 0.149 0.078 0.167 
 212   (0.116) 0.297 0.105 0.083 
 218   (0.089) 0.080 0.047 0.138 
 224   (0.042) 0.003 0.115 0.004 
 206   (0.031) 0.002 0.009 0.020 
 202   (0.059) 0.086 0.042 0.013 
 216   (0.061) 0.088 0.019 0.088 
 222   (0.035) 0.003 0.007 0.196 
 214   (0.066) 0.005 0.093 0.051 
 232   (0.030) 0.002 0.033 0.002 
 226   (0.042) 0.113 0.019 0.006 
 228   (0.027) 0.002 0.026 0.002 
 220   (0.019) 0.001 0.003 0.010 

Locus 2 : 
12 alleles
0.0% missing data
 171   (0.169) 0.138 0.244 0.076 
 187   (0.052) 0.004 0.065 0.012 
 173   (0.182) 0.074 0.218 0.200 
 189   (0.076) 0.008 0.108 0.031 
 175   (0.083) 0.123 0.059 0.024 
 181   (0.099) 0.448 0.128 0.010 
 179   (0.099) 0.008 0.088 0.270 
 185   (0.079) 0.087 0.022 0.218 
 177   (0.066) 0.005 0.054 0.066 
 183   (0.050) 0.048 0.009 0.083 
 191   (0.024) 0.055 0.003 0.002 
 169   (0.021) 0.002 0.003 0.010 

Locus 3 : 
4 alleles
6.1% missing data
 206   (0.882) 0.950 0.876 0.983 
 208   (0.057) 0.005 0.107 0.006 
 204   (0.034) 0.035 0.008 0.003 
 212   (0.028) 0.010 0.008 0.008 

Locus 4 : 
10 alleles
7.9% missing data
 161   (0.414) 0.108 0.582 0.484 
 157   (0.035) 0.004 0.033 0.004 
 167   (0.155) 0.055 0.144 0.162 
 163   (0.153) 0.031 0.130 0.284 
 153   (0.023) 0.002 0.009 0.002 
 165   (0.095) 0.547 0.075 0.013 
 177   (0.035) 0.050 0.009 0.004 
 169   (0.034) 0.018 0.010 0.003 
 173   (0.028) 0.181 0.004 0.003 
 159   (0.029) 0.003 0.004 0.040 

Locus 5 : 
15 alleles
0.0% missing data
 166   (0.047) 0.012 0.066 0.004 
 140   (0.104) 0.019 0.102 0.193 
 146   (0.087) 0.154 0.111 0.014 
 152   (0.095) 0.011 0.143 0.102 
 148   (0.119) 0.432 0.107 0.060 
 144   (0.127) 0.021 0.197 0.153 
 150   (0.045) 0.012 0.077 0.004 
 138   (0.111) 0.170 0.055 0.262 
 154   (0.068) 0.006 0.055 0.148 
 158   (0.067) 0.047 0.049 0.022 
 160   (0.039) 0.031 0.021 0.004 
 142   (0.028) 0.002 0.008 0.021 
 162   (0.023) 0.069 0.003 0.002 
 156   (0.019) 0.013 0.003 0.002 
 164   (0.020) 0.002 0.003 0.010 

Locus 6 : 
11 alleles
0.0% missing data
 235   (0.279) 0.408 0.242 0.442 
 237   (0.139) 0.021 0.170 0.216 
 233   (0.120) 0.118 0.229 0.018 
 239   (0.096) 0.022 0.132 0.036 
 243   (0.035) 0.003 0.009 0.048 
 229   (0.041) 0.222 0.014 0.003 
 245   (0.067) 0.005 0.052 0.095 
 225   (0.069) 0.083 0.039 0.022 
 241   (0.079) 0.112 0.031 0.069 
 227   (0.041) 0.003 0.075 0.004 
 231   (0.035) 0.003 0.008 0.048 

Locus 7 : 
3 alleles
0.0% missing data
 118   (0.931) 0.974 0.961 0.993 
 124   (0.030) 0.002 0.021 0.002 
 116   (0.039) 0.024 0.018 0.005 

Locus 8 : 
5 alleles
0.0% missing data
 139   (0.762) 0.853 0.896 0.678 
 137   (0.158) 0.141 0.094 0.222 
 143   (0.030) 0.003 0.004 0.062 
 141   (0.025) 0.002 0.003 0.019 
 135   (0.025) 0.002 0.003 0.019 

Locus 9 : 
10 alleles
0.0% missing data
 116   (0.311) 0.391 0.332 0.372 
 114   (0.180) 0.068 0.200 0.214 
 118   (0.114) 0.472 0.045 0.152 
 122   (0.067) 0.005 0.150 0.011 
 130   (0.031) 0.002 0.033 0.003 
 112   (0.123) 0.039 0.100 0.173 
 126   (0.045) 0.011 0.055 0.004 
 128   (0.025) 0.002 0.015 0.002 
 120   (0.045) 0.003 0.023 0.029 
 124   (0.060) 0.005 0.047 0.040 

Locus 10 : 
3 alleles
0.0% missing data
 232   (0.867) 0.976 0.897 0.852 
 238   (0.110) 0.009 0.100 0.146 
 244   (0.023) 0.015 0.003 0.002 

Locus 11 : 
4 alleles
0.0% missing data
 165   (0.796) 0.847 0.840 0.904 
 161   (0.043) 0.004 0.057 0.005 
 167   (0.135) 0.148 0.100 0.073 
 163   (0.025) 0.002 0.003 0.019 

Locus 12 : 
5 alleles
0.0% missing data
 140   (0.220) 0.333 0.251 0.093 
 134   (0.201) 0.218 0.234 0.082 
 137   (0.518) 0.441 0.500 0.791 
 125   (0.038) 0.003 0.010 0.029 
 146   (0.023) 0.005 0.005 0.005 

Locus 13 : 
17 alleles
0.6% missing data
 206   (0.136) 0.333 0.120 0.185 
 192   (0.091) 0.078 0.113 0.036 
 210   (0.122) 0.279 0.150 0.048 
 194   (0.090) 0.071 0.175 0.015 
 208   (0.057) 0.004 0.058 0.059 
 204   (0.044) 0.006 0.028 0.028 
 202   (0.096) 0.088 0.128 0.034 
 190   (0.053) 0.005 0.030 0.142 
 214   (0.035) 0.003 0.074 0.003 
 200   (0.074) 0.092 0.047 0.050 
 184   (0.050) 0.028 0.012 0.102 
 216   (0.027) 0.002 0.027 0.002 
 182   (0.020) 0.002 0.008 0.002 
 198   (0.027) 0.003 0.010 0.009 
 212   (0.036) 0.003 0.009 0.257 
 186   (0.020) 0.002 0.008 0.002 
 196   (0.022) 0.002 0.003 0.028 

Locus 14 : 
8 alleles
1.2% missing data
 151   (0.415) 0.515 0.473 0.427 
 157   (0.256) 0.193 0.286 0.269 
 154   (0.078) 0.007 0.062 0.118 
 139   (0.089) 0.164 0.126 0.008 
 145   (0.063) 0.087 0.012 0.153 
 163   (0.033) 0.029 0.010 0.003 
 160   (0.026) 0.002 0.015 0.002 
 142   (0.041) 0.004 0.017 0.020 

Locus 15 : 
11 alleles
2.4% missing data
 256   (0.153) 0.147 0.179 0.117 
 258   (0.152) 0.054 0.166 0.254 
 248   (0.130) 0.019 0.152 0.272 
 254   (0.089) 0.018 0.115 0.055 
 246   (0.099) 0.155 0.111 0.027 
 252   (0.069) 0.143 0.032 0.030 
 260   (0.068) 0.023 0.089 0.014 
 242   (0.097) 0.153 0.047 0.154 
 262   (0.048) 0.269 0.026 0.005 
 250   (0.061) 0.005 0.077 0.032 
 244   (0.034) 0.014 0.005 0.039 

Values of parameters used in structure:
DATAFILE=C:\Users\eschumacher\Documents\GitHub\GCC_QUAC_ZAIN\Data_Files\Structure_Files\QUAC\QUAC_wild_woK_nopopinfo\project_data,	OUTFILE=C:\Users\eschumacher\Documents\GitHub\GCC_QUAC_ZAIN\Data_Files\Structure_Files\QUAC\QUAC_wild_woK_nopopinfo\50-50\Results\50-50_run_12,	NUMINDS=164,	NUMLOCI=15,	MISSING=-9,	LABEL=1,	POPDATA=0,	POPFLAG=0,	PHENOTYPE=0,	EXTRACOLS=0,	MAXPOPS=3,	BURNIN=50000,	NUMREPS=50000,	USEPOPINFO=0,	INFERALPHA=1,	INFERLAMBDA=0,	POPSPECIFICLAMBDA=0,	POPALPHAS=0,	COMPUTEPROB=1,	NOADMIX=0,	ADMBURNIN=2500,	UPDATEFREQ=1,	PRINTLIKES=0,	INTERMEDSAVE=0,	PRINTKLD=0,	PRINTNET=0,	PRINTLAMBDA=0,	ANCESTDIST=0,	NUMBOXES=1000,	ANCESTPINT=0.90000,	GENSBACK=2,	MIGRPRIOR=0.05000,	PRINTQHAT=0,	PRINTQSUM=0,	ALPHA=1.0000,	FREQSCORR=1,	FPRIORMEAN=0.0100,	FPRIORSD=0.0500,	ONEFST=0,	LAMBDA=1.0000,	UNIFPRIORALPHA=1,	ALPHAMAX=10.0000,	ALPHAPRIORA=1.0000,	ALPHAPRIORB=2.0000,	ALPHAPROPSD=0.0250,	STARTATPOPINFO=0,	RANDOMIZE=1,	LINKAGE=0,	METROFREQ=10,	REPORTHITRATE=0,	MARKOVPHASE=-1,	PHASED=0,	PLOIDY=2,	PHASEINFO=0	LOCPRIOR=0, 	LOCPRIORINIT=1.000000, 	LOCDATA=0, 	LOCISPOP=0, 	LOCPRIORSTEP=0.100000, 	MAXLOCPRIOR=20.000000, 	SEED=1666984156,	
[STRAT parameters]:    NUMSIMSTATS=1000,	PHENOTYPECOL=-9,	POOLFREQ=10,	LOCUSxONLY=0,	EMERROR=0.00100,	MISSINGPHENO=-9,	