Ind,Pop,C1,C2,C3,C4,C5,C6,C7
QAc-W-0001,Porter,0.007,0.004,0.003,0.004,0.973,0.006,0.004
QAc-W-0002,Porter,0.061,0.006,0.016,0.041,0.829,0.017,0.029
QAc-W-0003,Porter,0.008,0.024,0.029,0.004,0.915,0.006,0.014
QAc-W-0004,Porter,0.005,0.007,0.004,0.004,0.97,0.007,0.004
QAc-W-0005,Porter,0.004,0.004,0.005,0.005,0.972,0.006,0.005
QAc-W-0006,Porter,0.006,0.005,0.004,0.006,0.971,0.005,0.004
QAc-W-0007,Porter,0.004,0.005,0.004,0.006,0.97,0.007,0.005
QAc-W-0008,Porter,0.005,0.003,0.004,0.005,0.957,0.012,0.013
QAc-W-0009,Porter,0.108,0.021,0.024,0.331,0.308,0.033,0.175
QAc-W-0010,Porter,0.023,0.005,0.013,0.033,0.874,0.025,0.027
QAc-W-0011,Porter,0.044,0.015,0.034,0.006,0.856,0.015,0.03
QAc-W-0012,Porter,0.007,0.005,0.005,0.01,0.96,0.007,0.006
QAc-W-0013,Porter,0.717,0.127,0.009,0.009,0.122,0.007,0.01
QAc-W-0014,Porter,0.006,0.004,0.008,0.011,0.946,0.019,0.006
QAc-W-0015,Porter,0.145,0.05,0.458,0.032,0.219,0.085,0.011
QAc-W-0016,Porter,0.005,0.029,0.015,0.021,0.757,0.045,0.129
QAc-W-0017,Porter,0.069,0.053,0.232,0.134,0.315,0.164,0.034
QAc-W-0018,Porter,0.016,0.047,0.004,0.01,0.724,0.038,0.161
QAc-W-0019,Porter,0.008,0.006,0.005,0.008,0.955,0.012,0.005
QAc-W-0020,Porter,0.009,0.003,0.005,0.005,0.967,0.004,0.007
QAc-W-0021,Porter,0.017,0.229,0.005,0.012,0.693,0.03,0.012
QAc-W-0022,Porter,0.125,0.074,0.046,0.17,0.366,0.16,0.058
QAc-W-0023,Porter,0.21,0.038,0.006,0.074,0.542,0.108,0.023
QAc-W-0024,Porter,0.007,0.176,0.017,0.008,0.773,0.014,0.006
QAc-W-0025,Porter,0.006,0.014,0.006,0.006,0.934,0.023,0.011
QAc-W-0026,Porter,0.014,0.02,0.022,0.018,0.901,0.017,0.01
QAc-W-0027,Porter,0.007,0.006,0.005,0.008,0.959,0.008,0.007
QAc-W-0028,Porter,0.015,0.004,0.008,0.006,0.956,0.006,0.005
QAc-W-0029,Porter,0.054,0.007,0.003,0.005,0.901,0.008,0.021
QAc-W-0030,Porter,0.029,0.013,0.067,0.012,0.483,0.007,0.389
QAc-W-0031,Porter,0.012,0.04,0.003,0.004,0.932,0.004,0.004
QAc-W-0032,Porter,0.004,0.004,0.003,0.009,0.967,0.007,0.006
QAc-W-0033,Porter,0.023,0.012,0.009,0.087,0.783,0.03,0.056
QAc-W-0034,Porter,0.033,0.007,0.004,0.008,0.93,0.011,0.007
QAc-W-0035,Porter,0.007,0.011,0.035,0.051,0.616,0.022,0.259
QAc-W-0036,Porter,0.014,0.004,0.004,0.008,0.957,0.007,0.006
QAc-W-0037,Porter,0.017,0.017,0.017,0.019,0.905,0.012,0.012
QAc-W-0038,Porter,0.006,0.006,0.053,0.008,0.901,0.009,0.018
QAc-W-0039,Porter,0.026,0.013,0.033,0.006,0.912,0.006,0.005
QAc-W-0040,Porter,0.004,0.017,0.01,0.121,0.783,0.059,0.006
QAc-W-0041,Porter,0.047,0.132,0.007,0.007,0.767,0.018,0.021
NA,NA,0,0,0,0,0,0,0
QAc-W-0042,Magazine,0.965,0.004,0.005,0.005,0.006,0.006,0.009
QAc-W-0043,Magazine,0.966,0.004,0.009,0.005,0.006,0.004,0.006
QAc-W-0044,Magazine,0.916,0.005,0.02,0.018,0.01,0.022,0.009
QAc-W-0045,Magazine,0.705,0.005,0.006,0.005,0.006,0.005,0.269
QAc-W-0046,Magazine,0.974,0.005,0.004,0.005,0.005,0.004,0.004
QAc-W-0047,Magazine,0.947,0.003,0.024,0.008,0.006,0.006,0.006
QAc-W-0048,Magazine,0.965,0.004,0.004,0.005,0.012,0.004,0.006
QAc-W-0049,Magazine,0.971,0.004,0.003,0.006,0.007,0.004,0.006
QAc-W-0050,Magazine,0.093,0.004,0.005,0.06,0.006,0.011,0.819
QAc-W-0051,Magazine,0.017,0.015,0.017,0.005,0.011,0.004,0.93
QAc-W-0052,Magazine,0.556,0.007,0.015,0.054,0.307,0.015,0.048
QAc-W-0053,Magazine,0.929,0.007,0.005,0.013,0.013,0.012,0.022
QAc-W-0054,Magazine,0.021,0.008,0.072,0.029,0.007,0.013,0.851
QAc-W-0055,Magazine,0.006,0.007,0.055,0.008,0.005,0.009,0.91
QAc-W-0056,Magazine,0.006,0.011,0.009,0.007,0.062,0.018,0.887
QAc-W-0057,Magazine,0.033,0.009,0.081,0.005,0.007,0.012,0.853
QAc-W-0058,Magazine,0.019,0.013,0.007,0.004,0.005,0.004,0.949
QAc-W-0059,Magazine,0.974,0.003,0.005,0.004,0.005,0.004,0.005
QAc-W-0060,Magazine,0.007,0.004,0.959,0.013,0.005,0.006,0.006
QAc-W-0061,Magazine,0.022,0.012,0.773,0.044,0.054,0.072,0.023
QAc-W-0062,Magazine,0.004,0.007,0.969,0.005,0.003,0.008,0.004
QAc-W-0063,Magazine,0.007,0.103,0.822,0.019,0.018,0.012,0.018
QAc-W-0064,Magazine,0.004,0.009,0.952,0.01,0.008,0.006,0.011
QAc-W-0065,Magazine,0.007,0.009,0.756,0.015,0.013,0.032,0.168
QAc-W-0066,Magazine,0.007,0.015,0.96,0.003,0.007,0.004,0.005
QAc-W-0067,Magazine,0.006,0.013,0.938,0.02,0.004,0.014,0.006
QAc-W-0068,Magazine,0.006,0.006,0.968,0.005,0.006,0.004,0.006
QAc-W-0069,Magazine,0.004,0.008,0.97,0.004,0.006,0.003,0.004
QAc-W-0070,Magazine,0.003,0.004,0.979,0.003,0.003,0.003,0.005
QAc-W-0071,Magazine,0.006,0.005,0.97,0.004,0.005,0.004,0.005
QAc-W-0072,Magazine,0.005,0.006,0.836,0.027,0.016,0.065,0.046
QAc-W-0073,Magazine,0.02,0.017,0.849,0.01,0.028,0.041,0.035
QAc-W-0074,Magazine,0.004,0.008,0.958,0.005,0.008,0.012,0.006
QAc-W-0075,Magazine,0.003,0.006,0.976,0.004,0.003,0.004,0.005
QAc-W-0076,Magazine,0.004,0.005,0.941,0.015,0.004,0.024,0.007
QAc-W-0077,Magazine,0.015,0.004,0.908,0.008,0.011,0.009,0.045
NA,NA,0,0,0,0,0,0,0
QAc-W-0078,Pryor,0.007,0.834,0.013,0.015,0.051,0.06,0.019
QAc-W-0079,Pryor,0.005,0.962,0.007,0.005,0.006,0.008,0.006
QAc-W-0080,Pryor,0.005,0.94,0.005,0.005,0.034,0.006,0.005
QAc-W-0081,Pryor,0.007,0.969,0.005,0.004,0.006,0.004,0.004
QAc-W-0082,Pryor,0.004,0.491,0.005,0.005,0.004,0.005,0.486
QAc-W-0083,Pryor,0.005,0.938,0.02,0.008,0.008,0.012,0.009
QAc-W-0084,Pryor,0.003,0.977,0.004,0.003,0.006,0.004,0.003
QAc-W-0085,Pryor,0.005,0.961,0.005,0.004,0.004,0.017,0.004
QAc-W-0086,Pryor,0.006,0.964,0.004,0.008,0.007,0.006,0.005
QAc-W-0087,Pryor,0.005,0.972,0.003,0.005,0.005,0.006,0.004
QAc-W-0088,Pryor,0.006,0.967,0.004,0.006,0.004,0.004,0.008
QAc-W-0089,Pryor,0.006,0.962,0.005,0.004,0.006,0.003,0.014
QAc-W-0090,Pryor,0.005,0.969,0.003,0.005,0.006,0.004,0.008
QAc-W-0091,Pryor,0.004,0.971,0.003,0.005,0.006,0.007,0.004
QAc-W-0092,Pryor,0.05,0.793,0.006,0.017,0.114,0.011,0.009
QAc-W-0093,Pryor,0.008,0.787,0.007,0.018,0.052,0.058,0.07
QAc-W-0094,Pryor,0.009,0.861,0.011,0.009,0.075,0.015,0.02
QAc-W-0095,Pryor,0.007,0.948,0.008,0.004,0.016,0.007,0.01
QAc-W-0096,Pryor,0.011,0.866,0.038,0.011,0.035,0.016,0.022
QAc-W-0097,Pryor,0.046,0.74,0.008,0.009,0.082,0.013,0.102
QAc-W-0098,Pryor,0.004,0.965,0.004,0.005,0.006,0.005,0.012
QAc-W-0099,Pryor,0.024,0.867,0.004,0.031,0.009,0.053,0.011
QAc-W-0100,Pryor,0.003,0.976,0.004,0.004,0.004,0.004,0.005
QAc-W-0101,Pryor,0.004,0.966,0.006,0.005,0.006,0.007,0.005
QAc-W-0104,Pryor,0.012,0.947,0.005,0.012,0.005,0.011,0.009
QAc-W-0105,Pryor,0.004,0.978,0.004,0.003,0.004,0.004,0.004
QAc-W-0106,Pryor,0.006,0.966,0.004,0.006,0.006,0.006,0.006
QAc-W-0107,Pryor,0.01,0.936,0.021,0.008,0.006,0.007,0.011
QAc-W-0108,Pryor,0.01,0.944,0.017,0.007,0.005,0.008,0.008
QAc-W-0109,Pryor,0.013,0.929,0.022,0.006,0.008,0.005,0.017
QAc-W-0110,Pryor,0.006,0.263,0.006,0.008,0.699,0.013,0.005
QAc-W-0111,Pryor,0.007,0.968,0.006,0.004,0.005,0.005,0.005
QAc-W-0112,Pryor,0.004,0.947,0.004,0.008,0.009,0.008,0.02
NA,NA,0,0,0,0,0,0,0
QAc-W-0113,Sugar_Loaf,0.007,0.006,0.005,0.024,0.009,0.94,0.009
QAc-W-0114,Sugar_Loaf,0.015,0.015,0.006,0.139,0.009,0.811,0.006
QAc-W-0115,Sugar_Loaf,0.004,0.006,0.008,0.121,0.012,0.843,0.006
QAc-W-0116,Sugar_Loaf,0.014,0.006,0.004,0.08,0.01,0.88,0.006
QAc-W-0117,Sugar_Loaf,0.006,0.003,0.004,0.833,0.006,0.143,0.004
QAc-W-0118,Sugar_Loaf,0.005,0.018,0.04,0.251,0.006,0.666,0.013
QAc-W-0119,Sugar_Loaf,0.006,0.005,0.008,0.121,0.007,0.832,0.021
QAc-W-0120,Sugar_Loaf,0.008,0.011,0.017,0.234,0.013,0.706,0.011
QAc-W-0121,Sugar_Loaf,0.013,0.003,0.016,0.891,0.005,0.058,0.015
QAc-W-0122,Sugar_Loaf,0.014,0.005,0.005,0.086,0.013,0.869,0.008
QAc-W-0123,Sugar_Loaf,0.005,0.01,0.014,0.806,0.006,0.14,0.018
QAc-W-0124,Sugar_Loaf,0.004,0.032,0.048,0.016,0.03,0.864,0.007
QAc-W-0125,Sugar_Loaf,0.007,0.027,0.007,0.679,0.011,0.259,0.01
QAc-W-0126,Sugar_Loaf,0.019,0.047,0.011,0.716,0.013,0.176,0.018
QAc-W-0127,Sugar_Loaf,0.006,0.004,0.004,0.955,0.01,0.017,0.005
QAc-W-0128,Sugar_Loaf,0.01,0.083,0.007,0.42,0.026,0.446,0.007
QAc-W-0129,Sugar_Loaf,0.006,0.007,0.012,0.59,0.067,0.305,0.015
QAc-W-0130,Sugar_Loaf,0.008,0.008,0.004,0.156,0.027,0.791,0.005
QAc-W-0131,Sugar_Loaf,0.004,0.006,0.004,0.929,0.006,0.026,0.024
QAc-W-0132,Sugar_Loaf,0.007,0.017,0.05,0.488,0.015,0.394,0.028
QAc-W-0133,Sugar_Loaf,0.015,0.125,0.027,0.671,0.01,0.044,0.108
QAc-W-0134,Sugar_Loaf,0.007,0.005,0.006,0.905,0.004,0.066,0.006
QAc-W-0135,Sugar_Loaf,0.008,0.005,0.022,0.017,0.028,0.915,0.005
QAc-W-0136,Sugar_Loaf,0.003,0.005,0.004,0.928,0.004,0.052,0.004
QAc-W-0137,Sugar_Loaf,0.004,0.003,0.005,0.96,0.003,0.022,0.004
QAc-W-0138,Sugar_Loaf,0.003,0.003,0.004,0.94,0.006,0.039,0.005
QAc-W-0139,Sugar_Loaf,0.005,0.1,0.082,0.247,0.055,0.418,0.093
QAc-W-0140,Sugar_Loaf,0.033,0.005,0.005,0.922,0.01,0.013,0.012
QAc-W-0141,Sugar_Loaf,0.013,0.011,0.016,0.736,0.045,0.094,0.085
QAc-W-0142,Sugar_Loaf,0.005,0.004,0.008,0.948,0.004,0.024,0.006
QAc-W-0143,Sugar_Loaf,0.014,0.008,0.005,0.065,0.009,0.892,0.007
QAc-W-0144,Sugar_Loaf,0.081,0.006,0.005,0.078,0.008,0.806,0.017
QAc-W-0145,Sugar_Loaf,0.004,0.003,0.006,0.041,0.004,0.936,0.006
QAc-W-0146,Sugar_Loaf,0.005,0.005,0.005,0.021,0.008,0.949,0.007
QAc-W-0147,Sugar_Loaf,0.004,0.003,0.005,0.039,0.005,0.94,0.004
QAc-W-0148,Sugar_Loaf,0.005,0.003,0.008,0.215,0.008,0.754,0.006
QAc-W-0149,Sugar_Loaf,0.055,0.012,0.005,0.185,0.012,0.715,0.017
QAc-W-0150,Sugar_Loaf,0.007,0.009,0.005,0.017,0.03,0.922,0.009
QAc-W-0151,Sugar_Loaf,0.004,0.005,0.005,0.029,0.009,0.941,0.007
QAc-W-0152,Sugar_Loaf,0.008,0.004,0.006,0.022,0.005,0.949,0.006
QAc-W-0153,Sugar_Loaf,0.013,0.15,0.075,0.382,0.019,0.05,0.311
QAc-W-0154,Sugar_Loaf,0.003,0.004,0.004,0.121,0.051,0.801,0.015
QAc-W-0155,Sugar_Loaf,0.005,0.004,0.006,0.148,0.008,0.821,0.009
QAc-W-0156,Sugar_Loaf,0.005,0.034,0.003,0.058,0.06,0.83,0.011
QAc-W-0157,Sugar_Loaf,0.01,0.003,0.015,0.921,0.005,0.038,0.008
QAc-W-0158,Sugar_Loaf,0.007,0.052,0.012,0.22,0.046,0.656,0.008
QAc-W-0159,Sugar_Loaf,0.006,0.005,0.003,0.9,0.013,0.065,0.007
QAc-W-0160,Sugar_Loaf,0.007,0.008,0.006,0.219,0.03,0.721,0.01
QAc-W-0161,Sugar_Loaf,0.011,0.005,0.004,0.928,0.034,0.012,0.006
QAc-W-0162,Sugar_Loaf,0.02,0.007,0.146,0.42,0.004,0.388,0.016
QAc-W-0163,Sugar_Loaf,0.018,0.004,0.007,0.292,0.006,0.575,0.099
QAc-W-0164,Sugar_Loaf,0.006,0.005,0.011,0.892,0.006,0.071,0.009
QAc-W-0165,Sugar_Loaf,0.003,0.004,0.026,0.819,0.006,0.131,0.011
QAc-W-0166,Sugar_Loaf,0.006,0.005,0.007,0.028,0.024,0.921,0.009
