Ind,Pop,C1,C2,C3,C4
QAc-W-0001,Porter,0.005,0.985,0.005,0.005
QAc-W-0002,Porter,0.006,0.92,0.043,0.032
QAc-W-0003,Porter,0.035,0.93,0.03,0.006
QAc-W-0004,Porter,0.009,0.979,0.005,0.007
QAc-W-0005,Porter,0.004,0.984,0.005,0.007
QAc-W-0006,Porter,0.006,0.983,0.005,0.006
QAc-W-0007,Porter,0.005,0.983,0.004,0.007
QAc-W-0008,Porter,0.004,0.979,0.006,0.011
QAc-W-0009,Porter,0.03,0.506,0.225,0.239
QAc-W-0010,Porter,0.006,0.921,0.037,0.036
QAc-W-0011,Porter,0.015,0.921,0.055,0.008
QAc-W-0012,Porter,0.006,0.98,0.006,0.008
QAc-W-0013,Porter,0.13,0.456,0.404,0.009
QAc-W-0014,Porter,0.005,0.97,0.007,0.018
QAc-W-0015,Porter,0.05,0.309,0.576,0.064
QAc-W-0016,Porter,0.038,0.9,0.019,0.043
QAc-W-0017,Porter,0.069,0.253,0.449,0.23
QAc-W-0018,Porter,0.06,0.885,0.034,0.021
QAc-W-0019,Porter,0.007,0.974,0.007,0.013
QAc-W-0020,Porter,0.003,0.984,0.008,0.005
QAc-W-0021,Porter,0.21,0.747,0.013,0.03
QAc-W-0022,Porter,0.064,0.502,0.225,0.209
QAc-W-0023,Porter,0.051,0.765,0.038,0.146
QAc-W-0024,Porter,0.178,0.793,0.016,0.012
QAc-W-0025,Porter,0.015,0.962,0.006,0.017
QAc-W-0026,Porter,0.025,0.933,0.021,0.021
QAc-W-0027,Porter,0.007,0.979,0.007,0.008
QAc-W-0028,Porter,0.004,0.98,0.01,0.006
QAc-W-0029,Porter,0.008,0.971,0.015,0.006
QAc-W-0030,Porter,0.02,0.772,0.199,0.009
QAc-W-0031,Porter,0.034,0.956,0.006,0.005
QAc-W-0032,Porter,0.004,0.984,0.004,0.008
QAc-W-0033,Porter,0.017,0.871,0.034,0.078
QAc-W-0034,Porter,0.008,0.973,0.008,0.011
QAc-W-0035,Porter,0.017,0.886,0.059,0.039
QAc-W-0036,Porter,0.004,0.982,0.006,0.007
QAc-W-0037,Porter,0.017,0.941,0.022,0.02
QAc-W-0038,Porter,0.007,0.941,0.043,0.009
QAc-W-0039,Porter,0.014,0.95,0.03,0.006
QAc-W-0040,Porter,0.019,0.803,0.008,0.17
QAc-W-0041,Porter,0.125,0.84,0.022,0.012
NA,NA,0,0,0,0
QAc-W-0042,Magazine,0.008,0.011,0.975,0.007
QAc-W-0043,Magazine,0.005,0.008,0.979,0.007
QAc-W-0044,Magazine,0.005,0.028,0.948,0.018
QAc-W-0045,Magazine,0.005,0.01,0.977,0.008
QAc-W-0046,Magazine,0.007,0.007,0.98,0.007
QAc-W-0047,Magazine,0.003,0.017,0.966,0.013
QAc-W-0048,Magazine,0.008,0.021,0.964,0.007
QAc-W-0049,Magazine,0.01,0.022,0.956,0.011
QAc-W-0050,Magazine,0.012,0.008,0.918,0.062
QAc-W-0051,Magazine,0.031,0.031,0.93,0.008
QAc-W-0052,Magazine,0.008,0.374,0.606,0.013
QAc-W-0053,Magazine,0.01,0.019,0.945,0.026
QAc-W-0054,Magazine,0.008,0.011,0.969,0.012
QAc-W-0055,Magazine,0.012,0.005,0.97,0.013
QAc-W-0056,Magazine,0.029,0.196,0.755,0.021
QAc-W-0057,Magazine,0.017,0.015,0.958,0.009
QAc-W-0058,Magazine,0.041,0.009,0.944,0.006
QAc-W-0059,Magazine,0.005,0.014,0.973,0.009
QAc-W-0060,Magazine,0.006,0.005,0.98,0.008
QAc-W-0061,Magazine,0.006,0.028,0.941,0.025
QAc-W-0062,Magazine,0.018,0.005,0.96,0.017
QAc-W-0063,Magazine,0.163,0.027,0.778,0.032
QAc-W-0064,Magazine,0.028,0.008,0.951,0.014
QAc-W-0065,Magazine,0.01,0.007,0.967,0.016
QAc-W-0066,Magazine,0.032,0.01,0.953,0.004
QAc-W-0067,Magazine,0.035,0.007,0.931,0.028
QAc-W-0068,Magazine,0.012,0.008,0.974,0.006
QAc-W-0069,Magazine,0.026,0.013,0.956,0.005
QAc-W-0070,Magazine,0.006,0.005,0.984,0.005
QAc-W-0071,Magazine,0.011,0.006,0.975,0.008
QAc-W-0072,Magazine,0.008,0.016,0.868,0.108
QAc-W-0073,Magazine,0.016,0.016,0.95,0.018
QAc-W-0074,Magazine,0.011,0.009,0.963,0.017
QAc-W-0075,Magazine,0.011,0.004,0.98,0.005
QAc-W-0076,Magazine,0.008,0.005,0.941,0.046
QAc-W-0077,Magazine,0.005,0.008,0.98,0.008
NA,NA,0,0,0,0
QAc-W-0078,Pryor,0.887,0.055,0.013,0.045
QAc-W-0079,Pryor,0.979,0.007,0.007,0.007
QAc-W-0080,Pryor,0.954,0.034,0.006,0.006
QAc-W-0081,Pryor,0.983,0.007,0.006,0.005
QAc-W-0082,Pryor,0.747,0.012,0.234,0.007
QAc-W-0083,Pryor,0.969,0.008,0.011,0.012
QAc-W-0084,Pryor,0.986,0.007,0.004,0.004
QAc-W-0085,Pryor,0.979,0.005,0.006,0.011
QAc-W-0086,Pryor,0.981,0.006,0.005,0.007
QAc-W-0087,Pryor,0.984,0.006,0.004,0.006
QAc-W-0088,Pryor,0.983,0.005,0.007,0.005
QAc-W-0089,Pryor,0.98,0.007,0.008,0.005
QAc-W-0090,Pryor,0.983,0.007,0.005,0.004
QAc-W-0091,Pryor,0.983,0.006,0.004,0.006
QAc-W-0092,Pryor,0.821,0.138,0.023,0.018
QAc-W-0093,Pryor,0.874,0.07,0.013,0.043
QAc-W-0094,Pryor,0.893,0.081,0.014,0.012
QAc-W-0095,Pryor,0.965,0.019,0.009,0.007
QAc-W-0096,Pryor,0.904,0.042,0.039,0.015
QAc-W-0097,Pryor,0.812,0.141,0.036,0.01
QAc-W-0098,Pryor,0.983,0.007,0.005,0.005
QAc-W-0099,Pryor,0.9,0.011,0.014,0.075
QAc-W-0100,Pryor,0.987,0.005,0.004,0.005
QAc-W-0101,Pryor,0.982,0.007,0.005,0.007
QAc-W-0104,Pryor,0.967,0.007,0.009,0.017
QAc-W-0105,Pryor,0.986,0.005,0.005,0.004
QAc-W-0106,Pryor,0.98,0.008,0.006,0.006
QAc-W-0107,Pryor,0.963,0.009,0.02,0.008
QAc-W-0108,Pryor,0.967,0.007,0.017,0.009
QAc-W-0109,Pryor,0.954,0.011,0.028,0.007
QAc-W-0110,Pryor,0.267,0.717,0.006,0.01
QAc-W-0111,Pryor,0.982,0.005,0.008,0.006
QAc-W-0112,Pryor,0.976,0.01,0.005,0.009
NA,NA,0,0,0,0
QAc-W-0113,Sugar_Loaf,0.007,0.012,0.008,0.973
QAc-W-0114,Sugar_Loaf,0.022,0.011,0.01,0.957
QAc-W-0115,Sugar_Loaf,0.009,0.012,0.005,0.974
QAc-W-0116,Sugar_Loaf,0.008,0.013,0.007,0.971
QAc-W-0117,Sugar_Loaf,0.004,0.007,0.005,0.985
QAc-W-0118,Sugar_Loaf,0.019,0.007,0.016,0.958
QAc-W-0119,Sugar_Loaf,0.007,0.007,0.012,0.974
QAc-W-0120,Sugar_Loaf,0.01,0.011,0.011,0.968
QAc-W-0121,Sugar_Loaf,0.004,0.007,0.024,0.965
QAc-W-0122,Sugar_Loaf,0.007,0.019,0.009,0.965
QAc-W-0123,Sugar_Loaf,0.015,0.008,0.02,0.956
QAc-W-0124,Sugar_Loaf,0.093,0.057,0.024,0.826
QAc-W-0125,Sugar_Loaf,0.018,0.01,0.008,0.964
QAc-W-0126,Sugar_Loaf,0.032,0.01,0.019,0.938
QAc-W-0127,Sugar_Loaf,0.006,0.01,0.007,0.977
QAc-W-0128,Sugar_Loaf,0.054,0.025,0.009,0.911
QAc-W-0129,Sugar_Loaf,0.007,0.071,0.012,0.91
QAc-W-0130,Sugar_Loaf,0.008,0.032,0.005,0.955
QAc-W-0131,Sugar_Loaf,0.01,0.008,0.009,0.972
QAc-W-0132,Sugar_Loaf,0.016,0.019,0.029,0.937
QAc-W-0133,Sugar_Loaf,0.222,0.012,0.082,0.684
QAc-W-0134,Sugar_Loaf,0.005,0.005,0.006,0.984
QAc-W-0135,Sugar_Loaf,0.006,0.061,0.013,0.92
QAc-W-0136,Sugar_Loaf,0.004,0.005,0.004,0.986
QAc-W-0137,Sugar_Loaf,0.004,0.004,0.005,0.987
QAc-W-0138,Sugar_Loaf,0.004,0.006,0.004,0.985
QAc-W-0139,Sugar_Loaf,0.137,0.077,0.052,0.735
QAc-W-0140,Sugar_Loaf,0.012,0.031,0.022,0.934
QAc-W-0141,Sugar_Loaf,0.014,0.076,0.044,0.867
QAc-W-0142,Sugar_Loaf,0.005,0.005,0.008,0.982
QAc-W-0143,Sugar_Loaf,0.009,0.009,0.01,0.971
QAc-W-0144,Sugar_Loaf,0.007,0.01,0.023,0.96
QAc-W-0145,Sugar_Loaf,0.004,0.005,0.006,0.986
QAc-W-0146,Sugar_Loaf,0.007,0.01,0.006,0.976
QAc-W-0147,Sugar_Loaf,0.005,0.006,0.005,0.984
QAc-W-0148,Sugar_Loaf,0.004,0.008,0.007,0.981
QAc-W-0149,Sugar_Loaf,0.013,0.017,0.024,0.947
QAc-W-0150,Sugar_Loaf,0.018,0.063,0.011,0.908
QAc-W-0151,Sugar_Loaf,0.009,0.014,0.007,0.97
QAc-W-0152,Sugar_Loaf,0.004,0.005,0.01,0.98
QAc-W-0153,Sugar_Loaf,0.307,0.067,0.22,0.406
QAc-W-0154,Sugar_Loaf,0.007,0.089,0.006,0.898
QAc-W-0155,Sugar_Loaf,0.004,0.007,0.007,0.982
QAc-W-0156,Sugar_Loaf,0.055,0.086,0.006,0.853
QAc-W-0157,Sugar_Loaf,0.004,0.008,0.017,0.971
QAc-W-0158,Sugar_Loaf,0.053,0.048,0.008,0.891
QAc-W-0159,Sugar_Loaf,0.006,0.015,0.006,0.973
QAc-W-0160,Sugar_Loaf,0.006,0.022,0.006,0.965
QAc-W-0161,Sugar_Loaf,0.008,0.05,0.008,0.934
QAc-W-0162,Sugar_Loaf,0.007,0.005,0.141,0.847
QAc-W-0163,Sugar_Loaf,0.005,0.006,0.022,0.968
QAc-W-0164,Sugar_Loaf,0.006,0.007,0.013,0.974
QAc-W-0165,Sugar_Loaf,0.005,0.007,0.016,0.973
QAc-W-0166,Sugar_Loaf,0.006,0.044,0.009,0.941
