Ind,Pop,C1,C2,C3,C4,C5
QAc-W-0001,Porter,0.007,0.979,0.005,0.005,0.004
QAc-W-0002,Porter,0.069,0.885,0.026,0.006,0.014
QAc-W-0003,Porter,0.013,0.926,0.004,0.027,0.03
QAc-W-0004,Porter,0.004,0.979,0.005,0.008,0.004
QAc-W-0005,Porter,0.004,0.981,0.006,0.004,0.005
QAc-W-0006,Porter,0.005,0.981,0.005,0.006,0.004
QAc-W-0007,Porter,0.004,0.98,0.006,0.005,0.004
QAc-W-0008,Porter,0.008,0.975,0.01,0.004,0.004
QAc-W-0009,Porter,0.25,0.475,0.217,0.028,0.031
QAc-W-0010,Porter,0.023,0.915,0.033,0.005,0.023
QAc-W-0011,Porter,0.036,0.907,0.007,0.013,0.036
QAc-W-0012,Porter,0.007,0.973,0.008,0.006,0.005
QAc-W-0013,Porter,0.648,0.221,0.009,0.112,0.01
QAc-W-0014,Porter,0.006,0.967,0.016,0.004,0.007
QAc-W-0015,Porter,0.06,0.341,0.078,0.048,0.473
QAc-W-0016,Porter,0.015,0.897,0.034,0.034,0.02
QAc-W-0017,Porter,0.05,0.431,0.206,0.059,0.256
QAc-W-0018,Porter,0.096,0.83,0.021,0.048,0.005
QAc-W-0019,Porter,0.007,0.97,0.011,0.007,0.005
QAc-W-0020,Porter,0.009,0.978,0.005,0.003,0.005
QAc-W-0021,Porter,0.021,0.739,0.025,0.21,0.006
QAc-W-0022,Porter,0.086,0.552,0.239,0.068,0.055
QAc-W-0023,Porter,0.134,0.669,0.145,0.046,0.006
QAc-W-0024,Porter,0.007,0.816,0.01,0.153,0.015
QAc-W-0025,Porter,0.008,0.958,0.016,0.014,0.005
QAc-W-0026,Porter,0.012,0.92,0.02,0.026,0.022
QAc-W-0027,Porter,0.006,0.974,0.008,0.006,0.006
QAc-W-0028,Porter,0.009,0.974,0.006,0.003,0.008
QAc-W-0029,Porter,0.056,0.928,0.005,0.007,0.003
QAc-W-0030,Porter,0.164,0.731,0.007,0.018,0.08
QAc-W-0031,Porter,0.008,0.95,0.005,0.033,0.003
QAc-W-0032,Porter,0.004,0.98,0.009,0.004,0.003
QAc-W-0033,Porter,0.048,0.852,0.075,0.015,0.01
QAc-W-0034,Porter,0.018,0.961,0.009,0.008,0.004
QAc-W-0035,Porter,0.029,0.863,0.032,0.017,0.059
QAc-W-0036,Porter,0.009,0.975,0.008,0.004,0.004
QAc-W-0037,Porter,0.014,0.937,0.018,0.014,0.017
QAc-W-0038,Porter,0.009,0.929,0.008,0.006,0.047
QAc-W-0039,Porter,0.012,0.937,0.006,0.013,0.032
QAc-W-0040,Porter,0.005,0.794,0.172,0.018,0.011
QAc-W-0041,Porter,0.068,0.789,0.012,0.123,0.007
NA,NA,0,0,0,0,0
QAc-W-0042,Magazine,0.978,0.006,0.005,0.005,0.005
QAc-W-0043,Magazine,0.972,0.006,0.005,0.005,0.011
QAc-W-0044,Magazine,0.929,0.017,0.025,0.004,0.025
QAc-W-0045,Magazine,0.979,0.006,0.005,0.004,0.006
QAc-W-0046,Magazine,0.979,0.005,0.005,0.005,0.006
QAc-W-0047,Magazine,0.943,0.009,0.01,0.004,0.033
QAc-W-0048,Magazine,0.976,0.011,0.004,0.004,0.004
QAc-W-0049,Magazine,0.978,0.009,0.005,0.005,0.004
QAc-W-0050,Magazine,0.935,0.006,0.047,0.006,0.006
QAc-W-0051,Magazine,0.923,0.012,0.006,0.043,0.017
QAc-W-0052,Magazine,0.693,0.25,0.027,0.007,0.024
QAc-W-0053,Magazine,0.968,0.012,0.009,0.006,0.005
QAc-W-0054,Magazine,0.554,0.011,0.022,0.008,0.404
QAc-W-0055,Magazine,0.546,0.006,0.014,0.014,0.42
QAc-W-0056,Magazine,0.693,0.192,0.029,0.045,0.042
QAc-W-0057,Magazine,0.921,0.008,0.013,0.01,0.048
QAc-W-0058,Magazine,0.865,0.007,0.005,0.075,0.049
QAc-W-0059,Magazine,0.98,0.005,0.005,0.003,0.006
QAc-W-0060,Magazine,0.007,0.005,0.009,0.004,0.975
QAc-W-0061,Magazine,0.034,0.077,0.075,0.014,0.8
QAc-W-0062,Magazine,0.004,0.004,0.008,0.007,0.978
QAc-W-0063,Magazine,0.008,0.019,0.02,0.097,0.857
QAc-W-0064,Magazine,0.005,0.007,0.008,0.008,0.971
QAc-W-0065,Magazine,0.038,0.018,0.027,0.012,0.905
QAc-W-0066,Magazine,0.005,0.007,0.004,0.015,0.968
QAc-W-0067,Magazine,0.006,0.005,0.023,0.012,0.953
QAc-W-0068,Magazine,0.006,0.006,0.004,0.007,0.976
QAc-W-0069,Magazine,0.004,0.006,0.004,0.009,0.977
QAc-W-0070,Magazine,0.004,0.004,0.004,0.004,0.985
QAc-W-0071,Magazine,0.006,0.005,0.005,0.007,0.977
QAc-W-0072,Magazine,0.01,0.018,0.05,0.007,0.915
QAc-W-0073,Magazine,0.029,0.035,0.025,0.02,0.89
QAc-W-0074,Magazine,0.004,0.008,0.008,0.008,0.971
QAc-W-0075,Magazine,0.004,0.003,0.004,0.006,0.983
QAc-W-0076,Magazine,0.005,0.004,0.017,0.005,0.969
QAc-W-0077,Magazine,0.035,0.012,0.007,0.004,0.942
NA,NA,0,0,0,0,0
QAc-W-0078,Pryor,0.012,0.056,0.042,0.875,0.015
QAc-W-0079,Pryor,0.006,0.007,0.006,0.974,0.007
QAc-W-0080,Pryor,0.005,0.029,0.006,0.953,0.006
QAc-W-0081,Pryor,0.006,0.007,0.005,0.978,0.005
QAc-W-0082,Pryor,0.361,0.006,0.006,0.622,0.006
QAc-W-0083,Pryor,0.006,0.009,0.01,0.956,0.02
QAc-W-0084,Pryor,0.003,0.005,0.004,0.984,0.004
QAc-W-0085,Pryor,0.005,0.004,0.009,0.978,0.004
QAc-W-0086,Pryor,0.006,0.007,0.007,0.975,0.004
QAc-W-0087,Pryor,0.004,0.005,0.007,0.981,0.003
QAc-W-0088,Pryor,0.007,0.005,0.005,0.979,0.005
QAc-W-0089,Pryor,0.007,0.006,0.004,0.977,0.006
QAc-W-0090,Pryor,0.006,0.006,0.004,0.98,0.004
QAc-W-0091,Pryor,0.004,0.005,0.006,0.981,0.003
QAc-W-0092,Pryor,0.033,0.137,0.016,0.808,0.006
QAc-W-0093,Pryor,0.019,0.06,0.041,0.872,0.007
QAc-W-0094,Pryor,0.013,0.069,0.012,0.895,0.011
QAc-W-0095,Pryor,0.008,0.017,0.006,0.96,0.009
QAc-W-0096,Pryor,0.015,0.039,0.014,0.892,0.04
QAc-W-0097,Pryor,0.072,0.107,0.008,0.803,0.01
QAc-W-0098,Pryor,0.006,0.006,0.005,0.98,0.004
QAc-W-0099,Pryor,0.026,0.009,0.057,0.902,0.006
QAc-W-0100,Pryor,0.004,0.004,0.004,0.984,0.004
QAc-W-0101,Pryor,0.004,0.006,0.007,0.976,0.007
QAc-W-0104,Pryor,0.014,0.006,0.015,0.961,0.005
QAc-W-0105,Pryor,0.004,0.004,0.004,0.984,0.005
QAc-W-0106,Pryor,0.007,0.007,0.005,0.976,0.005
QAc-W-0107,Pryor,0.009,0.007,0.007,0.953,0.024
QAc-W-0108,Pryor,0.007,0.005,0.009,0.96,0.019
QAc-W-0109,Pryor,0.016,0.009,0.005,0.95,0.02
QAc-W-0110,Pryor,0.006,0.743,0.01,0.235,0.006
QAc-W-0111,Pryor,0.006,0.005,0.005,0.978,0.007
QAc-W-0112,Pryor,0.005,0.009,0.008,0.974,0.005
NA,NA,0,0,0,0,0
QAc-W-0113,Sugar_Loaf,0.009,0.012,0.967,0.006,0.006
QAc-W-0114,Sugar_Loaf,0.011,0.009,0.952,0.022,0.007
QAc-W-0115,Sugar_Loaf,0.004,0.012,0.968,0.009,0.007
QAc-W-0116,Sugar_Loaf,0.011,0.011,0.967,0.006,0.004
QAc-W-0117,Sugar_Loaf,0.005,0.006,0.981,0.003,0.004
QAc-W-0118,Sugar_Loaf,0.007,0.006,0.932,0.018,0.037
QAc-W-0119,Sugar_Loaf,0.009,0.007,0.967,0.007,0.009
QAc-W-0120,Sugar_Loaf,0.006,0.011,0.963,0.009,0.012
QAc-W-0121,Sugar_Loaf,0.017,0.007,0.953,0.004,0.018
QAc-W-0122,Sugar_Loaf,0.013,0.015,0.962,0.005,0.005
QAc-W-0123,Sugar_Loaf,0.011,0.007,0.949,0.014,0.019
QAc-W-0124,Sugar_Loaf,0.006,0.049,0.706,0.076,0.163
QAc-W-0125,Sugar_Loaf,0.007,0.008,0.961,0.017,0.007
QAc-W-0126,Sugar_Loaf,0.02,0.011,0.925,0.033,0.012
QAc-W-0127,Sugar_Loaf,0.007,0.009,0.973,0.005,0.006
QAc-W-0128,Sugar_Loaf,0.007,0.024,0.904,0.058,0.006
QAc-W-0129,Sugar_Loaf,0.007,0.065,0.908,0.007,0.013
QAc-W-0130,Sugar_Loaf,0.005,0.032,0.951,0.007,0.004
QAc-W-0131,Sugar_Loaf,0.01,0.008,0.966,0.009,0.007
QAc-W-0132,Sugar_Loaf,0.011,0.016,0.904,0.015,0.054
QAc-W-0133,Sugar_Loaf,0.041,0.011,0.697,0.198,0.052
QAc-W-0134,Sugar_Loaf,0.006,0.005,0.977,0.005,0.006
QAc-W-0135,Sugar_Loaf,0.007,0.046,0.916,0.006,0.025
QAc-W-0136,Sugar_Loaf,0.004,0.005,0.983,0.004,0.004
QAc-W-0137,Sugar_Loaf,0.005,0.004,0.983,0.003,0.005
QAc-W-0138,Sugar_Loaf,0.004,0.006,0.982,0.003,0.004
QAc-W-0139,Sugar_Loaf,0.013,0.075,0.705,0.126,0.081
QAc-W-0140,Sugar_Loaf,0.054,0.025,0.907,0.009,0.005
QAc-W-0141,Sugar_Loaf,0.05,0.078,0.845,0.013,0.015
QAc-W-0142,Sugar_Loaf,0.006,0.005,0.976,0.004,0.009
QAc-W-0143,Sugar_Loaf,0.013,0.01,0.963,0.009,0.006
QAc-W-0144,Sugar_Loaf,0.07,0.008,0.909,0.007,0.005
QAc-W-0145,Sugar_Loaf,0.006,0.004,0.981,0.003,0.006
QAc-W-0146,Sugar_Loaf,0.006,0.01,0.972,0.007,0.005
QAc-W-0147,Sugar_Loaf,0.004,0.005,0.981,0.004,0.006
QAc-W-0148,Sugar_Loaf,0.006,0.007,0.976,0.004,0.007
QAc-W-0149,Sugar_Loaf,0.047,0.015,0.92,0.012,0.006
QAc-W-0150,Sugar_Loaf,0.01,0.071,0.897,0.014,0.008
QAc-W-0151,Sugar_Loaf,0.005,0.015,0.964,0.009,0.007
QAc-W-0152,Sugar_Loaf,0.008,0.005,0.973,0.004,0.01
QAc-W-0153,Sugar_Loaf,0.048,0.074,0.404,0.288,0.187
QAc-W-0154,Sugar_Loaf,0.006,0.081,0.901,0.006,0.006
QAc-W-0155,Sugar_Loaf,0.007,0.007,0.976,0.004,0.006
QAc-W-0156,Sugar_Loaf,0.007,0.078,0.856,0.055,0.004
QAc-W-0157,Sugar_Loaf,0.012,0.008,0.962,0.004,0.014
QAc-W-0158,Sugar_Loaf,0.005,0.047,0.891,0.047,0.011
QAc-W-0159,Sugar_Loaf,0.007,0.013,0.971,0.006,0.004
QAc-W-0160,Sugar_Loaf,0.006,0.018,0.964,0.006,0.006
QAc-W-0161,Sugar_Loaf,0.014,0.044,0.93,0.007,0.004
QAc-W-0162,Sugar_Loaf,0.021,0.004,0.813,0.006,0.156
QAc-W-0163,Sugar_Loaf,0.055,0.006,0.928,0.004,0.006
QAc-W-0164,Sugar_Loaf,0.008,0.006,0.969,0.006,0.011
QAc-W-0165,Sugar_Loaf,0.005,0.006,0.955,0.004,0.029
QAc-W-0166,Sugar_Loaf,0.009,0.038,0.938,0.006,0.009
