

----------------------------------------------------
STRUCTURE by Pritchard, Stephens and Donnelly (2000)
     and Falush, Stephens and Pritchard (2003)
       Code by Pritchard, Falush and Hubisz
             Version 2.3.4 (Jul 2012)
----------------------------------------------------



Command line arguments:   bin\structure -m C:\Users\eschumacher\Documents\GitHub\GCC_QUAC_ZAIN\Data_Files\Structure_Files\QUAC\QUAC_woK_nopopinfo_garden_wild\QUAC_woK_nopopinfo_garden_wild\50-50\mainparams -e C:\Users\eschumacher\Documents\GitHub\GCC_QUAC_ZAIN\Data_Files\Structure_Files\QUAC\QUAC_woK_nopopinfo_garden_wild\QUAC_woK_nopopinfo_garden_wild\50-50\extraparams 
Input File:    C:\Users\eschumacher\Documents\GitHub\GCC_QUAC_ZAIN\Data_Files\Structure_Files\QUAC\QUAC_woK_nopopinfo_garden_wild\QUAC_woK_nopopinfo_garden_wild\project_data

Run parameters:
   441 individuals
   15 loci
   6 populations assumed
   50000 Burn-in period
   50000 Reps


--------------------------------------------
Overall proportion of membership of the
sample in each of the 6 clusters

Inferred Clusters
  1      2      3      4      5      6    
0.076  0.199  0.151  0.224  0.158  0.192  

--------------------------------------------

Allele-freq. divergence among pops (Net nucleotide distance),
computed using point estimates of P.

      1       2       3       4       5       6      
 1      -    0.1610  0.0893  0.0942  0.0944  0.1433  
 2   0.1610     -    0.1008  0.0956  0.0946  0.1197  
 3   0.0893  0.1008     -    0.0522  0.0470  0.0917  
 4   0.0942  0.0956  0.0522     -    0.0495  0.0939  
 5   0.0944  0.0946  0.0470  0.0495     -    0.0988  
 6   0.1433  0.1197  0.0917  0.0939  0.0988     -    

Average distances (expected heterozygosity) between individuals in same cluster:
cluster  1  : 0.4703 
cluster  2  : 0.5005 
cluster  3  : 0.6566 
cluster  4  : 0.5675 
cluster  5  : 0.5744 
cluster  6  : 0.4545 

--------------------------------------------
Estimated Ln Prob of Data   = -15840.4
Mean value of ln likelihood = -15530.1
Variance of ln likelihood   = 620.5
Mean value of alpha         = 0.0359

Mean value of Fst_1         = 0.3986
Mean value of Fst_2         = 0.2621
Mean value of Fst_3         = 0.0439
Mean value of Fst_4         = 0.1533
Mean value of Fst_5         = 0.1119
Mean value of Fst_6         = 0.3605


Inferred ancestry of individuals:
        Label (%Miss) :  Inferred clusters
  1 QAc-G-0029    (0)   :  0.004 0.959 0.004 0.015 0.005 0.012 
  2 QAc-G-0030    (0)   :  0.003 0.985 0.003 0.003 0.003 0.003 
  3 QAc-G-0031    (0)   :  0.003 0.983 0.002 0.003 0.004 0.005 
  4 QAc-G-0061    (0)   :  0.007 0.975 0.003 0.006 0.005 0.003 
  5 QAc-G-0062    (0)   :  0.488 0.008 0.011 0.005 0.385 0.103 
  6 QAc-G-0063    (0)   :  0.006 0.006 0.017 0.162 0.019 0.790 
  7 QAc-G-0064    (0)   :  0.980 0.003 0.003 0.004 0.004 0.006 
  8 QAc-G-0065    (0)   :  0.984 0.004 0.003 0.003 0.003 0.002 
  9 QAc-G-0066    (0)   :  0.003 0.005 0.003 0.004 0.003 0.983 
 10 QAc-G-0067    (0)   :  0.978 0.008 0.003 0.003 0.004 0.003 
 11 QAc-G-0068    (0)   :  0.006 0.004 0.379 0.003 0.013 0.595 
 12 QAc-G-0070    (0)   :  0.010 0.008 0.013 0.023 0.204 0.742 
 13 QAc-G-0071   (13)   :  0.003 0.006 0.004 0.004 0.003 0.980 
 14 QAc-G-0072    (0)   :  0.004 0.004 0.003 0.005 0.005 0.979 
 15 QAc-G-0073    (0)   :  0.003 0.005 0.003 0.981 0.004 0.003 
 16 QAc-G-0074    (0)   :  0.005 0.005 0.011 0.803 0.024 0.153 
 17 QAc-G-0075    (0)   :  0.006 0.009 0.009 0.963 0.006 0.008 
 18 QAc-G-0076    (0)   :  0.008 0.009 0.007 0.959 0.010 0.008 
 19 QAc-G-0077    (0)   :  0.009 0.970 0.003 0.007 0.003 0.008 
 20 QAc-G-0078    (0)   :  0.002 0.986 0.003 0.003 0.003 0.003 
 21 QAc-G-0079    (0)   :  0.002 0.981 0.004 0.004 0.004 0.005 
 22 QAc-G-0080    (0)   :  0.043 0.731 0.043 0.161 0.007 0.014 
 23 QAc-G-0081    (0)   :  0.005 0.006 0.027 0.030 0.922 0.008 
 24 QAc-G-0082    (0)   :  0.003 0.008 0.617 0.146 0.222 0.004 
 25 QAc-G-0083    (0)   :  0.081 0.094 0.031 0.132 0.152 0.511 
 26 QAc-G-0001   (13)   :  0.003 0.982 0.003 0.003 0.003 0.006 
 27 QAc-G-0002    (0)   :  0.003 0.986 0.003 0.003 0.003 0.003 
 28 QAc-G-0285    (0)   :  0.005 0.012 0.028 0.016 0.029 0.910 
 29 QAc-G-0286    (0)   :  0.003 0.003 0.003 0.004 0.003 0.985 
 30 QAc-G-0287    (0)   :  0.003 0.003 0.003 0.003 0.003 0.985 
 31 QAc-G-0288    (6)   :  0.006 0.020 0.005 0.010 0.016 0.943 
 32 QAc-G-0289    (0)   :  0.004 0.004 0.003 0.003 0.004 0.982 
 33 QAc-G-0290    (0)   :  0.007 0.004 0.003 0.004 0.004 0.978 
 34 QAc-G-0291    (0)   :  0.003 0.006 0.003 0.003 0.002 0.982 
 35 QAc-G-0292    (0)   :  0.004 0.003 0.021 0.006 0.255 0.711 
 36 QAc-G-0293    (0)   :  0.002 0.008 0.003 0.003 0.003 0.982 
 37 QAc-G-0294    (0)   :  0.006 0.007 0.013 0.964 0.006 0.003 
 38 QAc-G-0295    (0)   :  0.006 0.009 0.004 0.962 0.005 0.014 
 39 QAc-G-0296    (0)   :  0.012 0.003 0.003 0.970 0.004 0.007 
 40 QAc-G-0297    (0)   :  0.006 0.006 0.402 0.555 0.028 0.003 
 41 QAc-G-0298    (6)   :  0.005 0.005 0.004 0.978 0.004 0.004 
 42 QAc-G-0299    (0)   :  0.004 0.005 0.007 0.974 0.003 0.007 
 43 QAc-G-0300    (0)   :  0.020 0.003 0.004 0.956 0.012 0.004 
 44 QAc-G-0301    (0)   :  0.066 0.005 0.004 0.909 0.004 0.011 
 45 QAc-G-0302    (0)   :  0.004 0.004 0.973 0.009 0.005 0.005 
 46 QAc-G-0303    (0)   :  0.007 0.005 0.963 0.006 0.015 0.005 
 47 QAc-G-0304    (0)   :  0.003 0.003 0.002 0.004 0.003 0.984 
 48 QAc-G-0305    (0)   :  0.004 0.074 0.094 0.005 0.051 0.772 
 49 QAc-G-0306    (0)   :  0.003 0.004 0.002 0.003 0.003 0.985 
 50 QAc-G-0307    (0)   :  0.007 0.863 0.015 0.010 0.093 0.011 
 51 QAc-G-0308    (0)   :  0.004 0.950 0.009 0.014 0.008 0.015 
 52 QAc-G-0309    (0)   :  0.003 0.976 0.006 0.005 0.005 0.004 
 53 QAc-G-0310    (0)   :  0.003 0.981 0.003 0.005 0.003 0.004 
 54 QAc-G-0311    (0)   :  0.002 0.987 0.002 0.003 0.002 0.003 
 55 QAc-G-0312    (0)   :  0.022 0.602 0.134 0.135 0.102 0.006 
 56 QAc-G-0313    (0)   :  0.017 0.100 0.045 0.049 0.744 0.045 
 57 QAc-G-0314    (0)   :  0.013 0.015 0.089 0.313 0.567 0.004 
 58 QAc-G-0315    (0)   :  0.008 0.008 0.645 0.030 0.289 0.021 
 59 QAc-G-0316    (0)   :  0.005 0.020 0.020 0.008 0.939 0.008 
 60 QAc-G-0032    (6)   :  0.155 0.008 0.812 0.012 0.007 0.006 
 61 QAc-G-0033    (0)   :  0.008 0.005 0.005 0.971 0.006 0.005 
 62 QAc-G-0034    (0)   :  0.008 0.032 0.009 0.934 0.013 0.005 
 63 QAc-G-0035    (0)   :  0.010 0.005 0.005 0.968 0.006 0.006 
 64 QAc-G-0036    (0)   :  0.006 0.006 0.006 0.953 0.012 0.018 
 65 QAc-G-0037    (0)   :  0.005 0.010 0.003 0.966 0.003 0.012 
 66 QAc-G-0038    (0)   :  0.003 0.002 0.003 0.984 0.005 0.003 
 67 QAc-G-0039    (0)   :  0.005 0.027 0.013 0.929 0.021 0.005 
 68 QAc-G-0040    (0)   :  0.004 0.006 0.007 0.868 0.057 0.058 
 69 QAc-G-0041    (0)   :  0.037 0.003 0.004 0.925 0.024 0.008 
 70 QAc-G-0042    (0)   :  0.006 0.003 0.006 0.973 0.005 0.006 
 71 QAc-G-0043    (0)   :  0.003 0.007 0.003 0.977 0.005 0.005 
 72 QAc-G-0044    (0)   :  0.027 0.004 0.010 0.945 0.006 0.008 
 73 QAc-G-0045    (0)   :  0.012 0.026 0.006 0.943 0.006 0.007 
 74 QAc-G-0046    (0)   :  0.005 0.046 0.004 0.917 0.025 0.003 
 75 QAc-G-0047    (0)   :  0.006 0.028 0.012 0.940 0.008 0.005 
 76 QAc-G-0048    (0)   :  0.006 0.003 0.004 0.975 0.007 0.004 
 77 QAc-G-0049    (0)   :  0.003 0.984 0.003 0.003 0.003 0.005 
 78 QAc-G-0050    (0)   :  0.006 0.134 0.733 0.007 0.072 0.048 
 79 QAc-G-0051    (0)   :  0.002 0.985 0.003 0.003 0.004 0.004 
 80 QAc-G-0052    (0)   :  0.026 0.938 0.007 0.012 0.013 0.003 
 81 QAc-G-0053    (0)   :  0.006 0.966 0.003 0.014 0.003 0.008 
 82 QAc-G-0054    (0)   :  0.007 0.443 0.328 0.032 0.184 0.005 
 83 QAc-G-0055    (0)   :  0.003 0.563 0.390 0.014 0.026 0.005 
 84 QAc-G-0056    (0)   :  0.010 0.047 0.286 0.019 0.624 0.014 
 85 QAc-G-0057    (0)   :  0.002 0.983 0.004 0.004 0.003 0.004 
 86 QAc-G-0058    (6)   :  0.003 0.984 0.003 0.003 0.003 0.003 
 87 QAc-G-0059    (0)   :  0.005 0.650 0.241 0.064 0.038 0.003 
 88 QAc-G-0060    (6)   :  0.019 0.941 0.009 0.013 0.007 0.012 
 89 QAc-G-0276    (0)   :  0.003 0.025 0.006 0.028 0.011 0.926 
 90 QAc-G-0279    (0)   :  0.003 0.006 0.003 0.004 0.003 0.982 
 91 QAc-G-0280    (6)   :  0.004 0.004 0.004 0.007 0.005 0.977 
 92 QAc-G-0281    (0)   :  0.004 0.979 0.003 0.004 0.003 0.006 
 93 QAc-G-0018    (0)   :  0.007 0.037 0.026 0.913 0.011 0.006 
 94 QAc-G-0019    (0)   :  0.071 0.004 0.004 0.898 0.008 0.015 
 95 QAc-G-0020    (0)   :  0.004 0.005 0.009 0.975 0.004 0.003 
 96 QAc-G-0021    (6)   :  0.014 0.009 0.003 0.967 0.003 0.003 
 97 QAc-G-0022    (6)   :  0.042 0.022 0.011 0.817 0.101 0.007 
 98 QAc-G-0023    (0)   :  0.002 0.983 0.003 0.004 0.003 0.004 
 99 QAc-G-0024    (0)   :  0.004 0.980 0.004 0.006 0.003 0.003 
100 QAc-G-0016    (0)   :  0.005 0.188 0.768 0.012 0.011 0.016 
101 QAc-G-0017    (0)   :  0.217 0.004 0.740 0.008 0.026 0.006 
102 QAc-G-0250    (0)   :  0.007 0.014 0.347 0.032 0.016 0.584 
103 QAc-G-0003    (6)   :  0.004 0.004 0.003 0.005 0.006 0.977 
104 QAc-G-0004    (0)   :  0.007 0.008 0.944 0.032 0.007 0.004 
105 QAc-G-0005    (0)   :  0.984 0.003 0.003 0.003 0.003 0.003 
106 QAc-G-0006    (6)   :  0.003 0.004 0.967 0.009 0.013 0.005 
107 QAc-G-0283    (0)   :  0.004 0.004 0.054 0.006 0.921 0.010 
108 QAc-G-0265    (0)   :  0.006 0.473 0.085 0.336 0.061 0.038 
109 QAc-G-0266    (0)   :  0.002 0.985 0.002 0.003 0.002 0.005 
110 QAc-G-0267    (0)   :  0.077 0.011 0.033 0.580 0.151 0.148 
111 QAc-G-0268   (20)   :  0.027 0.011 0.355 0.009 0.022 0.576 
112 QAc-G-0269    (0)   :  0.003 0.005 0.002 0.004 0.003 0.982 
113 QAc-G-0270    (6)   :  0.012 0.004 0.004 0.967 0.005 0.007 
114 QAc-G-0271    (0)   :  0.082 0.004 0.019 0.882 0.009 0.004 
115 QAc-G-0272    (6)   :  0.004 0.005 0.007 0.961 0.006 0.016 
116 QAc-G-0273    (0)   :  0.007 0.973 0.005 0.004 0.006 0.005 
117 QAc-G-0274    (0)   :  0.987 0.002 0.002 0.003 0.003 0.003 
118 QAc-G-0251    (6)   :  0.016 0.006 0.011 0.956 0.007 0.004 
119 QAc-G-0252    (0)   :  0.006 0.005 0.011 0.964 0.010 0.005 
120 QAc-G-0253    (0)   :  0.003 0.981 0.003 0.004 0.004 0.005 
121 QAc-G-0254    (0)   :  0.003 0.986 0.002 0.002 0.003 0.003 
122 QAc-G-0255    (0)   :  0.008 0.004 0.962 0.012 0.008 0.005 
123 QAc-G-0256    (0)   :  0.008 0.005 0.967 0.007 0.004 0.009 
124 QAc-G-0257    (0)   :  0.056 0.006 0.898 0.008 0.029 0.004 
125 QAc-G-0258    (0)   :  0.007 0.003 0.978 0.005 0.004 0.003 
126 QAc-G-0259    (0)   :  0.002 0.002 0.798 0.010 0.185 0.003 
127 QAc-G-0260    (0)   :  0.146 0.024 0.476 0.021 0.281 0.051 
128 QAc-G-0261    (0)   :  0.498 0.006 0.453 0.011 0.029 0.004 
129 QAc-G-0262    (0)   :  0.055 0.012 0.887 0.005 0.023 0.018 
130 QAc-G-0010    (0)   :  0.006 0.020 0.008 0.043 0.046 0.877 
131 QAc-G-0011    (0)   :  0.006 0.004 0.004 0.006 0.977 0.003 
132 QAc-G-0015    (0)   :  0.009 0.842 0.087 0.017 0.040 0.005 
133 QAc-G-0106    (0)   :  0.020 0.003 0.963 0.007 0.005 0.003 
134 QAc-G-0107    (0)   :  0.004 0.006 0.970 0.005 0.006 0.008 
135 QAc-G-0108    (0)   :  0.005 0.003 0.975 0.007 0.005 0.005 
136 QAc-G-0109    (0)   :  0.024 0.014 0.930 0.008 0.020 0.005 
137 QAc-G-0110    (0)   :  0.003 0.008 0.886 0.035 0.013 0.055 
138 QAc-G-0111    (0)   :  0.005 0.005 0.963 0.011 0.009 0.007 
139 QAc-G-0112    (0)   :  0.004 0.006 0.963 0.005 0.004 0.018 
140 QAc-G-0113    (0)   :  0.018 0.009 0.951 0.006 0.006 0.009 
141 QAc-G-0114    (0)   :  0.004 0.016 0.923 0.034 0.006 0.017 
142 QAc-G-0115    (0)   :  0.008 0.003 0.976 0.004 0.004 0.005 
143 QAc-G-0116    (0)   :  0.007 0.007 0.965 0.005 0.007 0.009 
144 QAc-G-0117    (0)   :  0.057 0.012 0.752 0.153 0.017 0.008 
145 QAc-G-0118    (0)   :  0.028 0.003 0.946 0.007 0.010 0.006 
146 QAc-G-0119    (0)   :  0.022 0.006 0.948 0.017 0.005 0.002 
147 QAc-G-0120    (0)   :  0.006 0.006 0.955 0.012 0.013 0.007 
148 QAc-G-0121    (0)   :  0.974 0.004 0.006 0.007 0.003 0.006 
149 QAc-G-0122    (0)   :  0.945 0.004 0.006 0.008 0.005 0.032 
150 QAc-G-0123    (0)   :  0.986 0.003 0.002 0.004 0.002 0.002 
151 QAc-G-0124    (6)   :  0.982 0.003 0.004 0.004 0.004 0.003 
152 QAc-G-0125    (0)   :  0.534 0.181 0.143 0.010 0.101 0.031 
153 QAc-G-0126    (0)   :  0.247 0.019 0.695 0.015 0.018 0.006 
154 QAc-G-0127    (0)   :  0.975 0.004 0.006 0.005 0.007 0.004 
155 QAc-G-0128    (0)   :  0.982 0.003 0.003 0.003 0.003 0.005 
156 QAc-G-0129    (0)   :  0.986 0.003 0.003 0.003 0.003 0.003 
157 QAc-G-0130    (0)   :  0.956 0.002 0.017 0.007 0.013 0.005 
158 QAc-G-0131    (0)   :  0.976 0.004 0.005 0.006 0.004 0.005 
159 QAc-G-0132    (0)   :  0.781 0.025 0.162 0.009 0.007 0.017 
160 QAc-G-0133    (0)   :  0.978 0.003 0.003 0.007 0.003 0.004 
161 QAc-G-0134    (0)   :  0.980 0.004 0.004 0.005 0.003 0.003 
162 QAc-G-0135    (0)   :  0.004 0.009 0.962 0.013 0.007 0.005 
163 QAc-G-0136    (0)   :  0.007 0.007 0.959 0.006 0.013 0.009 
164 QAc-G-0137    (0)   :  0.031 0.004 0.944 0.010 0.006 0.005 
165 QAc-G-0138    (0)   :  0.007 0.009 0.915 0.003 0.062 0.004 
166 QAc-G-0139    (0)   :  0.023 0.002 0.945 0.021 0.005 0.003 
167 QAc-G-0140    (6)   :  0.037 0.004 0.924 0.024 0.006 0.006 
168 QAc-G-0141    (0)   :  0.026 0.023 0.823 0.059 0.050 0.019 
169 QAc-G-0142    (0)   :  0.004 0.003 0.978 0.007 0.005 0.003 
170 QAc-G-0143    (0)   :  0.007 0.007 0.936 0.023 0.012 0.016 
171 QAc-G-0144    (6)   :  0.002 0.005 0.977 0.005 0.006 0.004 
172 QAc-G-0145    (0)   :  0.003 0.003 0.003 0.004 0.004 0.983 
173 QAc-G-0146    (0)   :  0.984 0.003 0.003 0.003 0.003 0.003 
174 QAc-G-0147    (0)   :  0.305 0.006 0.106 0.018 0.556 0.008 
175 QAc-G-0148    (0)   :  0.006 0.006 0.958 0.015 0.008 0.006 
176 QAc-G-0149    (0)   :  0.982 0.003 0.003 0.005 0.003 0.004 
177 QAc-G-0150    (0)   :  0.004 0.005 0.003 0.004 0.004 0.981 
178 QAc-G-0151    (0)   :  0.983 0.003 0.003 0.005 0.003 0.003 
179 QAc-G-0152    (0)   :  0.982 0.005 0.002 0.005 0.004 0.002 
180 QAc-G-0153    (0)   :  0.914 0.002 0.014 0.012 0.039 0.020 
181 QAc-G-0154    (0)   :  0.942 0.003 0.013 0.024 0.004 0.013 
182 QAc-G-0155    (0)   :  0.983 0.003 0.003 0.005 0.003 0.003 
183 QAc-G-0158    (0)   :  0.986 0.003 0.003 0.003 0.003 0.003 
184 QAc-G-0159    (0)   :  0.013 0.005 0.960 0.007 0.007 0.007 
185 QAc-G-0160    (0)   :  0.003 0.003 0.002 0.002 0.003 0.987 
186 QAc-G-0161    (0)   :  0.002 0.003 0.002 0.003 0.003 0.986 
187 QAc-G-0162    (0)   :  0.005 0.007 0.012 0.278 0.043 0.655 
188 QAc-G-0163    (0)   :  0.003 0.002 0.025 0.053 0.006 0.912 
189 QAc-G-0164    (0)   :  0.003 0.012 0.005 0.004 0.021 0.955 
190 QAc-G-0165    (0)   :  0.010 0.003 0.004 0.007 0.005 0.971 
191 QAc-G-0166    (0)   :  0.003 0.003 0.003 0.005 0.003 0.982 
192 QAc-G-0167    (0)   :  0.005 0.004 0.003 0.006 0.004 0.978 
193 QAc-G-0168    (0)   :  0.003 0.004 0.003 0.003 0.002 0.986 
194 QAc-G-0169    (6)   :  0.005 0.005 0.451 0.008 0.022 0.510 
195 QAc-G-0170    (0)   :  0.006 0.004 0.004 0.005 0.004 0.976 
196 QAc-G-0171    (0)   :  0.003 0.004 0.003 0.004 0.004 0.982 
197 QAc-G-0172    (0)   :  0.010 0.008 0.935 0.011 0.015 0.021 
198 QAc-G-0173    (0)   :  0.003 0.007 0.003 0.003 0.003 0.982 
199 QAc-G-0174    (0)   :  0.009 0.007 0.075 0.026 0.042 0.840 
200 QAc-G-0175    (0)   :  0.002 0.004 0.003 0.004 0.003 0.984 
201 QAc-G-0176    (0)   :  0.004 0.009 0.007 0.167 0.006 0.807 
202 QAc-G-0177    (0)   :  0.003 0.004 0.003 0.004 0.003 0.983 
203 QAc-G-0178    (0)   :  0.009 0.026 0.005 0.006 0.075 0.879 
204 QAc-G-0179    (6)   :  0.003 0.004 0.003 0.004 0.003 0.984 
205 QAc-G-0180    (0)   :  0.003 0.003 0.003 0.003 0.003 0.985 
206 QAc-G-0181    (0)   :  0.003 0.002 0.004 0.010 0.006 0.975 
207 QAc-G-0182    (0)   :  0.016 0.003 0.030 0.025 0.024 0.901 
208 QAc-G-0183    (6)   :  0.004 0.006 0.005 0.003 0.005 0.977 
209 QAc-G-0184    (0)   :  0.003 0.003 0.003 0.003 0.003 0.984 
210 QAc-G-0185    (0)   :  0.010 0.007 0.008 0.011 0.020 0.943 
211 QAc-G-0186    (0)   :  0.003 0.002 0.003 0.009 0.006 0.977 
212 QAc-G-0187    (0)   :  0.005 0.036 0.005 0.015 0.033 0.906 
213 QAc-G-0188    (0)   :  0.005 0.004 0.695 0.034 0.010 0.252 
214 QAc-G-0189    (0)   :  0.002 0.004 0.003 0.003 0.003 0.985 
215 QAc-G-0190    (0)   :  0.005 0.005 0.003 0.005 0.005 0.978 
216 QAc-G-0191    (0)   :  0.004 0.005 0.003 0.004 0.004 0.980 
217 QAc-G-0192    (0)   :  0.003 0.003 0.003 0.003 0.003 0.986 
218 QAc-G-0193    (0)   :  0.004 0.004 0.003 0.005 0.005 0.979 
219 QAc-G-0194    (0)   :  0.004 0.005 0.004 0.007 0.006 0.974 
220 QAc-G-0195    (0)   :  0.004 0.103 0.005 0.011 0.007 0.869 
221 QAc-G-0196    (0)   :  0.002 0.005 0.002 0.004 0.004 0.983 
222 QAc-G-0197    (0)   :  0.003 0.003 0.003 0.003 0.003 0.986 
223 QAc-G-0198    (0)   :  0.004 0.003 0.003 0.005 0.003 0.983 
224 QAc-G-0199    (0)   :  0.008 0.010 0.009 0.027 0.053 0.891 
225 QAc-G-0200    (0)   :  0.003 0.004 0.003 0.008 0.006 0.977 
226 QAc-G-0201    (0)   :  0.003 0.004 0.003 0.004 0.003 0.984 
227 QAc-G-0202    (6)   :  0.003 0.009 0.004 0.004 0.004 0.977 
228 QAc-G-0203    (0)   :  0.003 0.016 0.007 0.004 0.003 0.967 
229 QAc-G-0204    (0)   :  0.003 0.005 0.003 0.006 0.004 0.979 
230 QAc-G-0205    (0)   :  0.003 0.987 0.002 0.002 0.003 0.003 
231 QAc-G-0206    (0)   :  0.005 0.836 0.115 0.027 0.013 0.003 
232 QAc-G-0207    (0)   :  0.006 0.967 0.005 0.006 0.010 0.006 
233 QAc-G-0208    (0)   :  0.004 0.983 0.003 0.003 0.003 0.004 
234 QAc-G-0209    (0)   :  0.003 0.981 0.003 0.003 0.004 0.006 
235 QAc-G-0210    (0)   :  0.003 0.985 0.003 0.003 0.003 0.002 
236 QAc-G-0211    (0)   :  0.004 0.984 0.003 0.003 0.003 0.003 
237 QAc-G-0212    (0)   :  0.003 0.984 0.002 0.004 0.003 0.004 
238 QAc-G-0213    (0)   :  0.003 0.979 0.003 0.006 0.004 0.005 
239 QAc-G-0214    (0)   :  0.002 0.985 0.002 0.003 0.003 0.004 
240 QAc-G-0215    (0)   :  0.003 0.983 0.003 0.003 0.004 0.003 
241 QAc-G-0216    (0)   :  0.003 0.228 0.677 0.014 0.008 0.070 
242 QAc-G-0217    (0)   :  0.012 0.962 0.007 0.005 0.008 0.005 
243 QAc-G-0218    (0)   :  0.005 0.973 0.003 0.007 0.007 0.005 
244 QAc-G-0219    (0)   :  0.022 0.910 0.025 0.024 0.009 0.009 
245 QAc-G-0220    (0)   :  0.006 0.965 0.012 0.005 0.008 0.003 
246 QAc-G-0221    (0)   :  0.014 0.921 0.007 0.011 0.038 0.009 
247 QAc-G-0222    (0)   :  0.003 0.983 0.003 0.004 0.003 0.004 
248 QAc-G-0223    (0)   :  0.005 0.977 0.003 0.005 0.006 0.003 
249 QAc-G-0224    (0)   :  0.003 0.981 0.003 0.003 0.005 0.005 
250 QAc-G-0226    (0)   :  0.004 0.982 0.003 0.004 0.003 0.003 
251 QAc-G-0227    (0)   :  0.016 0.004 0.005 0.965 0.005 0.006 
252 QAc-G-0228    (6)   :  0.004 0.007 0.004 0.975 0.005 0.005 
253 QAc-G-0229    (0)   :  0.004 0.008 0.011 0.955 0.015 0.006 
254 QAc-G-0230    (0)   :  0.003 0.017 0.009 0.959 0.006 0.006 
255 QAc-G-0231    (0)   :  0.004 0.979 0.003 0.004 0.004 0.006 
256 QAc-G-0232    (0)   :  0.011 0.004 0.006 0.968 0.010 0.002 
257 QAc-G-0233    (0)   :  0.005 0.030 0.011 0.710 0.238 0.005 
258 QAc-G-0234    (0)   :  0.005 0.005 0.005 0.957 0.011 0.016 
259 QAc-G-0235    (0)   :  0.003 0.006 0.968 0.005 0.010 0.007 
260 QAc-G-0236    (0)   :  0.010 0.004 0.004 0.971 0.004 0.006 
261 QAc-G-0237    (0)   :  0.019 0.016 0.008 0.935 0.011 0.011 
262 QAc-G-0238    (0)   :  0.004 0.008 0.004 0.975 0.005 0.005 
263 QAc-G-0239    (0)   :  0.003 0.005 0.006 0.975 0.005 0.004 
264 QAc-G-0240    (0)   :  0.007 0.002 0.006 0.976 0.005 0.003 
265 QAc-G-0241    (0)   :  0.006 0.011 0.027 0.913 0.028 0.015 
266 QAc-G-0242    (0)   :  0.010 0.008 0.005 0.962 0.011 0.004 
267 QAc-G-0243    (0)   :  0.057 0.020 0.012 0.758 0.150 0.003 
268 QAc-G-0244    (0)   :  0.005 0.008 0.013 0.965 0.005 0.005 
269 QAc-G-0245    (0)   :  0.016 0.003 0.004 0.966 0.005 0.006 
270 QAc-G-0246    (0)   :  0.006 0.004 0.006 0.971 0.005 0.007 
271 QAc-G-0247    (0)   :  0.004 0.004 0.004 0.979 0.006 0.002 
272 QAc-G-0248    (0)   :  0.004 0.003 0.005 0.982 0.003 0.003 
273 QAc-G-0249    (0)   :  0.003 0.008 0.006 0.008 0.964 0.010 
274 QAc-G-0025    (0)   :  0.003 0.983 0.003 0.004 0.003 0.004 
275 QAc-G-0028    (0)   :  0.004 0.043 0.003 0.887 0.057 0.006 
276 QAc-G-0275    (0)   :  0.002 0.973 0.004 0.005 0.004 0.012 
277 QAc-G-0263    (0)   :  0.005 0.019 0.024 0.005 0.585 0.361 
278 QAc-W-0001    (0)   :  0.032 0.005 0.012 0.944 0.005 0.003 
279 QAc-W-0002    (0)   :  0.003 0.004 0.020 0.946 0.010 0.017 
280 QAc-W-0003    (0)   :  0.010 0.038 0.027 0.889 0.009 0.027 
281 QAc-W-0004    (0)   :  0.005 0.009 0.003 0.970 0.007 0.007 
282 QAc-W-0005    (0)   :  0.015 0.004 0.005 0.953 0.013 0.009 
283 QAc-W-0006    (0)   :  0.006 0.006 0.008 0.967 0.008 0.005 
284 QAc-W-0007   (13)   :  0.006 0.005 0.004 0.973 0.008 0.004 
285 QAc-W-0008    (6)   :  0.004 0.003 0.010 0.948 0.032 0.004 
286 QAc-W-0009    (0)   :  0.008 0.007 0.059 0.896 0.021 0.009 
287 QAc-W-0010    (0)   :  0.019 0.006 0.019 0.807 0.137 0.012 
288 QAc-W-0011    (0)   :  0.025 0.006 0.019 0.897 0.006 0.047 
289 QAc-W-0012    (0)   :  0.006 0.005 0.006 0.966 0.006 0.011 
290 QAc-W-0013    (0)   :  0.004 0.110 0.022 0.851 0.005 0.007 
291 QAc-W-0014    (0)   :  0.004 0.005 0.004 0.948 0.034 0.004 
292 QAc-W-0015    (0)   :  0.003 0.028 0.017 0.898 0.028 0.026 
293 QAc-W-0016    (0)   :  0.003 0.013 0.051 0.704 0.218 0.011 
294 QAc-W-0017    (0)   :  0.010 0.035 0.119 0.347 0.422 0.066 
295 QAc-W-0018    (0)   :  0.009 0.030 0.056 0.858 0.043 0.003 
296 QAc-W-0019    (0)   :  0.006 0.006 0.007 0.963 0.012 0.006 
297 QAc-W-0020    (0)   :  0.049 0.003 0.008 0.929 0.006 0.004 
298 QAc-W-0021    (0)   :  0.010 0.323 0.085 0.515 0.054 0.011 
299 QAc-W-0022    (0)   :  0.009 0.021 0.032 0.552 0.371 0.015 
300 QAc-W-0023    (6)   :  0.089 0.038 0.135 0.642 0.092 0.003 
301 QAc-W-0024    (0)   :  0.007 0.239 0.019 0.667 0.038 0.030 
302 QAc-W-0025    (0)   :  0.004 0.004 0.004 0.979 0.005 0.004 
303 QAc-W-0026    (0)   :  0.093 0.035 0.016 0.736 0.060 0.060 
304 QAc-W-0027    (0)   :  0.004 0.004 0.010 0.965 0.012 0.007 
305 QAc-W-0028    (0)   :  0.004 0.003 0.006 0.976 0.006 0.006 
306 QAc-W-0029    (0)   :  0.008 0.006 0.010 0.968 0.005 0.003 
307 QAc-W-0030    (0)   :  0.008 0.005 0.005 0.968 0.004 0.010 
308 QAc-W-0031    (0)   :  0.003 0.061 0.007 0.919 0.006 0.004 
309 QAc-W-0032    (0)   :  0.009 0.004 0.003 0.972 0.010 0.003 
310 QAc-W-0033    (0)   :  0.022 0.011 0.011 0.913 0.038 0.005 
311 QAc-W-0034    (0)   :  0.005 0.004 0.015 0.966 0.006 0.004 
312 QAc-W-0035    (0)   :  0.005 0.021 0.011 0.872 0.062 0.030 
313 QAc-W-0036    (0)   :  0.040 0.004 0.008 0.937 0.007 0.004 
314 QAc-W-0037    (0)   :  0.012 0.009 0.006 0.952 0.007 0.015 
315 QAc-W-0038    (0)   :  0.013 0.005 0.012 0.949 0.008 0.014 
316 QAc-W-0039    (0)   :  0.026 0.010 0.009 0.931 0.007 0.017 
317 QAc-W-0040    (0)   :  0.022 0.009 0.009 0.725 0.227 0.009 
318 QAc-W-0041    (0)   :  0.005 0.060 0.038 0.873 0.013 0.011 
319 QAc-W-0042    (0)   :  0.292 0.018 0.621 0.027 0.010 0.032 
320 QAc-W-0043    (0)   :  0.011 0.009 0.907 0.028 0.007 0.039 
321 QAc-W-0044    (0)   :  0.344 0.006 0.307 0.205 0.090 0.049 
322 QAc-W-0045    (0)   :  0.016 0.006 0.953 0.010 0.006 0.009 
323 QAc-W-0046    (0)   :  0.015 0.016 0.924 0.019 0.008 0.019 
324 QAc-W-0047    (0)   :  0.040 0.004 0.882 0.037 0.019 0.019 
325 QAc-W-0048    (0)   :  0.051 0.007 0.921 0.012 0.005 0.004 
326 QAc-W-0049    (0)   :  0.077 0.008 0.898 0.007 0.005 0.005 
327 QAc-W-0050    (0)   :  0.005 0.011 0.960 0.006 0.011 0.007 
328 QAc-W-0051    (0)   :  0.022 0.011 0.930 0.017 0.008 0.012 
329 QAc-W-0052    (0)   :  0.982 0.003 0.003 0.005 0.003 0.004 
330 QAc-W-0053    (0)   :  0.010 0.003 0.964 0.009 0.009 0.004 
331 QAc-W-0054    (0)   :  0.055 0.006 0.328 0.013 0.434 0.164 
332 QAc-W-0055    (0)   :  0.008 0.067 0.300 0.009 0.083 0.534 
333 QAc-W-0056    (0)   :  0.011 0.039 0.700 0.169 0.070 0.012 
334 QAc-W-0057    (0)   :  0.010 0.049 0.874 0.010 0.027 0.031 
335 QAc-W-0058    (0)   :  0.005 0.129 0.840 0.006 0.004 0.016 
336 QAc-W-0059    (0)   :  0.005 0.003 0.979 0.005 0.004 0.004 
337 QAc-W-0060    (0)   :  0.062 0.005 0.030 0.102 0.055 0.745 
338 QAc-W-0061    (0)   :  0.003 0.009 0.042 0.017 0.137 0.792 
339 QAc-W-0062    (0)   :  0.052 0.021 0.009 0.013 0.213 0.691 
340 QAc-W-0063    (0)   :  0.086 0.026 0.043 0.035 0.311 0.500 
341 QAc-W-0064    (0)   :  0.004 0.019 0.022 0.067 0.228 0.661 
342 QAc-W-0065    (0)   :  0.005 0.013 0.047 0.042 0.369 0.524 
343 QAc-W-0066    (0)   :  0.002 0.005 0.003 0.004 0.003 0.984 
344 QAc-W-0067    (0)   :  0.004 0.004 0.003 0.003 0.003 0.983 
345 QAc-W-0068    (0)   :  0.003 0.003 0.003 0.003 0.003 0.986 
346 QAc-W-0069    (0)   :  0.003 0.004 0.003 0.004 0.003 0.984 
347 QAc-W-0070    (0)   :  0.003 0.003 0.003 0.002 0.003 0.986 
348 QAc-W-0071    (6)   :  0.003 0.005 0.006 0.005 0.027 0.954 
349 QAc-W-0072    (0)   :  0.006 0.009 0.035 0.012 0.764 0.175 
350 QAc-W-0073    (0)   :  0.009 0.012 0.462 0.022 0.058 0.438 
351 QAc-W-0074    (0)   :  0.006 0.010 0.008 0.013 0.194 0.769 
352 QAc-W-0075    (0)   :  0.003 0.007 0.015 0.010 0.027 0.937 
353 QAc-W-0076    (0)   :  0.003 0.009 0.012 0.006 0.332 0.639 
354 QAc-W-0077    (0)   :  0.011 0.003 0.085 0.024 0.044 0.833 
355 QAc-W-0078    (0)   :  0.024 0.655 0.016 0.059 0.208 0.038 
356 QAc-W-0079    (6)   :  0.006 0.937 0.008 0.012 0.011 0.026 
357 QAc-W-0080   (13)   :  0.003 0.945 0.010 0.033 0.005 0.004 
358 QAc-W-0081    (0)   :  0.008 0.973 0.004 0.007 0.005 0.004 
359 QAc-W-0082    (0)   :  0.003 0.528 0.453 0.006 0.006 0.004 
360 QAc-W-0083    (0)   :  0.018 0.876 0.011 0.017 0.045 0.032 
361 QAc-W-0084    (0)   :  0.006 0.977 0.003 0.006 0.004 0.004 
362 QAc-W-0085    (0)   :  0.004 0.981 0.003 0.003 0.004 0.005 
363 QAc-W-0086    (0)   :  0.004 0.974 0.004 0.005 0.007 0.006 
364 QAc-W-0087    (0)   :  0.003 0.964 0.008 0.007 0.010 0.006 
365 QAc-W-0088    (0)   :  0.004 0.940 0.038 0.005 0.009 0.004 
366 QAc-W-0089    (0)   :  0.004 0.975 0.004 0.008 0.004 0.006 
367 QAc-W-0090    (0)   :  0.003 0.977 0.004 0.007 0.004 0.005 
368 QAc-W-0091    (0)   :  0.013 0.951 0.011 0.006 0.014 0.006 
369 QAc-W-0092    (0)   :  0.249 0.693 0.007 0.037 0.008 0.006 
370 QAc-W-0093    (0)   :  0.009 0.772 0.058 0.111 0.047 0.003 
371 QAc-W-0094    (0)   :  0.262 0.650 0.022 0.044 0.016 0.006 
372 QAc-W-0095    (0)   :  0.046 0.911 0.009 0.019 0.009 0.006 
373 QAc-W-0096    (0)   :  0.135 0.762 0.030 0.028 0.029 0.016 
374 QAc-W-0097    (0)   :  0.007 0.735 0.148 0.092 0.008 0.010 
375 QAc-W-0098    (0)   :  0.005 0.975 0.006 0.006 0.005 0.003 
376 QAc-W-0099    (0)   :  0.012 0.818 0.035 0.026 0.105 0.004 
377 QAc-W-0100    (0)   :  0.004 0.972 0.005 0.006 0.010 0.004 
378 QAc-W-0101    (0)   :  0.003 0.943 0.005 0.007 0.011 0.031 
379 QAc-W-0104    (0)   :  0.004 0.934 0.020 0.011 0.028 0.003 
380 QAc-W-0105    (0)   :  0.010 0.969 0.004 0.008 0.004 0.005 
381 QAc-W-0106    (0)   :  0.053 0.907 0.006 0.016 0.013 0.006 
382 QAc-W-0107    (0)   :  0.003 0.979 0.004 0.004 0.004 0.006 
383 QAc-W-0108    (0)   :  0.002 0.983 0.003 0.003 0.004 0.006 
384 QAc-W-0109    (0)   :  0.007 0.945 0.013 0.012 0.005 0.019 
385 QAc-W-0110   (13)   :  0.006 0.312 0.010 0.621 0.042 0.009 
386 QAc-W-0111    (6)   :  0.006 0.970 0.005 0.009 0.004 0.006 
387 QAc-W-0112   (13)   :  0.009 0.946 0.010 0.013 0.018 0.004 
388 QAc-W-0113   (13)   :  0.004 0.006 0.006 0.011 0.970 0.004 
389 QAc-W-0114   (13)   :  0.009 0.015 0.016 0.006 0.950 0.004 
390 QAc-W-0115    (0)   :  0.005 0.005 0.003 0.009 0.972 0.005 
391 QAc-W-0116    (0)   :  0.016 0.005 0.014 0.017 0.945 0.002 
392 QAc-W-0117    (0)   :  0.003 0.003 0.006 0.007 0.977 0.004 
393 QAc-W-0118    (0)   :  0.004 0.013 0.005 0.005 0.952 0.020 
394 QAc-W-0119    (0)   :  0.008 0.004 0.006 0.008 0.968 0.006 
395 QAc-W-0120    (0)   :  0.003 0.007 0.009 0.010 0.962 0.010 
396 QAc-W-0121    (0)   :  0.003 0.004 0.013 0.008 0.944 0.029 
397 QAc-W-0122    (0)   :  0.005 0.005 0.021 0.012 0.954 0.004 
398 QAc-W-0123    (6)   :  0.011 0.015 0.021 0.011 0.930 0.012 
399 QAc-W-0124    (0)   :  0.010 0.041 0.005 0.043 0.875 0.026 
400 QAc-W-0125    (0)   :  0.010 0.011 0.007 0.005 0.961 0.007 
401 QAc-W-0126   (13)   :  0.012 0.018 0.012 0.008 0.944 0.007 
402 QAc-W-0127    (6)   :  0.005 0.004 0.006 0.008 0.974 0.004 
403 QAc-W-0128   (13)   :  0.003 0.035 0.013 0.011 0.927 0.011 
404 QAc-W-0129   (13)   :  0.006 0.006 0.024 0.058 0.899 0.007 
405 QAc-W-0130   (13)   :  0.003 0.007 0.008 0.020 0.956 0.006 
406 QAc-W-0131    (0)   :  0.050 0.005 0.007 0.005 0.928 0.005 
407 QAc-W-0132    (6)   :  0.021 0.016 0.006 0.027 0.880 0.049 
408 QAc-W-0133    (6)   :  0.007 0.083 0.013 0.007 0.710 0.181 
409 QAc-W-0134    (0)   :  0.005 0.004 0.005 0.005 0.977 0.004 
410 QAc-W-0135    (0)   :  0.003 0.006 0.007 0.058 0.913 0.013 
411 QAc-W-0136    (0)   :  0.009 0.003 0.004 0.005 0.976 0.003 
412 QAc-W-0137    (0)   :  0.005 0.002 0.003 0.004 0.981 0.004 
413 QAc-W-0138    (0)   :  0.005 0.003 0.003 0.006 0.980 0.004 
414 QAc-W-0139    (0)   :  0.011 0.049 0.008 0.043 0.869 0.020 
415 QAc-W-0140    (0)   :  0.003 0.006 0.049 0.044 0.893 0.005 
416 QAc-W-0141    (6)   :  0.005 0.006 0.014 0.053 0.907 0.015 
417 QAc-W-0142    (0)   :  0.003 0.004 0.004 0.004 0.979 0.006 
418 QAc-W-0143    (0)   :  0.004 0.007 0.008 0.005 0.972 0.004 
419 QAc-W-0144    (0)   :  0.008 0.005 0.062 0.008 0.914 0.003 
420 QAc-W-0145    (0)   :  0.003 0.003 0.007 0.004 0.980 0.003 
421 QAc-W-0146    (0)   :  0.005 0.005 0.004 0.017 0.964 0.004 
422 QAc-W-0147    (0)   :  0.003 0.004 0.004 0.004 0.981 0.003 
423 QAc-W-0148    (0)   :  0.007 0.003 0.004 0.008 0.973 0.005 
424 QAc-W-0149    (0)   :  0.012 0.009 0.018 0.009 0.949 0.004 
425 QAc-W-0150    (0)   :  0.010 0.015 0.006 0.054 0.908 0.006 
426 QAc-W-0151    (0)   :  0.006 0.006 0.005 0.013 0.966 0.005 
427 QAc-W-0152    (0)   :  0.004 0.004 0.005 0.005 0.976 0.005 
428 QAc-W-0153    (0)   :  0.006 0.107 0.268 0.310 0.294 0.015 
429 QAc-W-0154    (0)   :  0.003 0.004 0.007 0.022 0.962 0.003 
430 QAc-W-0155    (0)   :  0.003 0.003 0.004 0.006 0.981 0.004 
431 QAc-W-0156    (0)   :  0.016 0.083 0.005 0.053 0.839 0.004 
432 QAc-W-0157    (0)   :  0.027 0.003 0.014 0.012 0.934 0.010 
433 QAc-W-0158    (0)   :  0.005 0.029 0.004 0.041 0.905 0.016 
434 QAc-W-0159    (0)   :  0.008 0.006 0.007 0.009 0.964 0.006 
435 QAc-W-0160    (0)   :  0.006 0.005 0.004 0.023 0.959 0.004 
436 QAc-W-0161    (0)   :  0.088 0.004 0.009 0.050 0.845 0.004 
437 QAc-W-0162    (0)   :  0.029 0.003 0.017 0.004 0.919 0.029 
438 QAc-W-0163    (0)   :  0.006 0.003 0.031 0.007 0.948 0.005 
439 QAc-W-0164    (0)   :  0.007 0.004 0.005 0.004 0.974 0.006 
440 QAc-W-0165    (0)   :  0.009 0.003 0.007 0.006 0.951 0.023 
441 QAc-W-0166    (0)   :  0.006 0.004 0.004 0.019 0.962 0.005 


Estimated Allele Frequencies in each cluster
First column gives estimated ancestral frequencies


Locus 1 : 
21 alleles
0.5% missing data
 210   (0.124) 0.003 0.212 0.239 0.044 0.156 0.002 
 212   (0.104) 0.003 0.224 0.059 0.190 0.095 0.207 
 202   (0.055) 0.332 0.139 0.017 0.053 0.012 0.001 
 226   (0.051) 0.212 0.111 0.030 0.001 0.005 0.181 
 216   (0.068) 0.325 0.093 0.044 0.008 0.095 0.001 
 200   (0.196) 0.109 0.127 0.241 0.505 0.204 0.379 
 224   (0.033) 0.001 0.001 0.008 0.084 0.004 0.145 
 218   (0.044) 0.001 0.056 0.007 0.028 0.138 0.000 
 222   (0.025) 0.003 0.001 0.007 0.002 0.169 0.000 
 228   (0.019) 0.000 0.000 0.003 0.001 0.002 0.062 
 214   (0.063) 0.003 0.001 0.140 0.002 0.063 0.018 
 208   (0.048) 0.002 0.031 0.048 0.071 0.003 0.001 
 220   (0.021) 0.001 0.000 0.007 0.002 0.015 0.000 
 206   (0.036) 0.001 0.001 0.057 0.003 0.021 0.000 
 196   (0.015) 0.000 0.000 0.005 0.000 0.005 0.000 
 238   (0.015) 0.000 0.000 0.003 0.000 0.007 0.000 
 121   (0.016) 0.001 0.000 0.003 0.005 0.001 0.000 
 204   (0.018) 0.000 0.000 0.022 0.000 0.001 0.000 
 190   (0.014) 0.000 0.000 0.008 0.000 0.002 0.000 
 198   (0.013) 0.000 0.000 0.008 0.000 0.001 0.000 
 232   (0.021) 0.001 0.000 0.042 0.001 0.001 0.000 

Locus 2 : 
15 alleles
1.6% missing data
 171   (0.213) 0.401 0.149 0.436 0.338 0.068 0.003 
 175   (0.103) 0.134 0.244 0.068 0.036 0.022 0.122 
 185   (0.053) 0.002 0.145 0.013 0.009 0.206 0.001 
 181   (0.094) 0.004 0.347 0.085 0.104 0.007 0.343 
 179   (0.064) 0.333 0.001 0.018 0.005 0.269 0.109 
 173   (0.188) 0.108 0.064 0.136 0.334 0.188 0.328 
 177   (0.040) 0.008 0.001 0.011 0.001 0.066 0.092 
 183   (0.064) 0.002 0.020 0.106 0.002 0.089 0.001 
 187   (0.063) 0.002 0.001 0.078 0.070 0.048 0.001 
 189   (0.028) 0.001 0.000 0.004 0.096 0.022 0.000 
 191   (0.029) 0.005 0.026 0.018 0.001 0.002 0.000 
 163   (0.015) 0.000 0.000 0.008 0.000 0.002 0.000 
 165   (0.016) 0.000 0.000 0.008 0.000 0.002 0.000 
 193   (0.017) 0.000 0.000 0.009 0.000 0.001 0.000 
 169   (0.014) 0.000 0.000 0.002 0.000 0.007 0.000 

Locus 3 : 
7 alleles
2.5% missing data
 206   (0.811) 0.984 0.981 0.891 0.923 0.939 0.983 
 208   (0.060) 0.002 0.001 0.045 0.071 0.028 0.001 
 198   (0.017) 0.000 0.006 0.003 0.001 0.001 0.000 
 204   (0.057) 0.013 0.011 0.031 0.002 0.021 0.015 
 218   (0.020) 0.000 0.000 0.015 0.001 0.002 0.000 
 230   (0.017) 0.000 0.000 0.009 0.000 0.001 0.000 
 212   (0.018) 0.000 0.001 0.007 0.003 0.006 0.000 

Locus 4 : 
15 alleles
3.6% missing data
 165   (0.093) 0.003 0.608 0.055 0.128 0.020 0.087 
 173   (0.042) 0.001 0.325 0.036 0.001 0.003 0.000 
 163   (0.151) 0.005 0.006 0.255 0.107 0.311 0.006 
 167   (0.139) 0.531 0.019 0.097 0.191 0.149 0.002 
 161   (0.299) 0.452 0.012 0.356 0.514 0.425 0.884 
 153   (0.017) 0.000 0.000 0.003 0.011 0.001 0.000 
 171   (0.043) 0.002 0.005 0.057 0.002 0.020 0.001 
 179   (0.015) 0.000 0.000 0.006 0.002 0.001 0.000 
 157   (0.040) 0.001 0.001 0.032 0.035 0.003 0.001 
 149   (0.016) 0.000 0.000 0.009 0.000 0.001 0.000 
 177   (0.042) 0.001 0.017 0.019 0.003 0.024 0.001 
 155   (0.022) 0.001 0.000 0.009 0.003 0.006 0.000 
 175   (0.019) 0.000 0.000 0.016 0.001 0.001 0.000 
 169   (0.030) 0.001 0.004 0.046 0.001 0.002 0.000 
 159   (0.031) 0.001 0.001 0.005 0.001 0.033 0.017 

Locus 5 : 
16 alleles
0.0% missing data
 148   (0.108) 0.003 0.396 0.054 0.128 0.086 0.373 
 160   (0.039) 0.040 0.079 0.025 0.002 0.003 0.000 
 146   (0.099) 0.017 0.285 0.105 0.046 0.016 0.342 
 154   (0.048) 0.002 0.002 0.019 0.004 0.209 0.024 
 150   (0.053) 0.001 0.001 0.108 0.064 0.004 0.008 
 138   (0.092) 0.180 0.095 0.041 0.077 0.254 0.003 
 166   (0.052) 0.321 0.001 0.117 0.011 0.003 0.001 
 164   (0.022) 0.060 0.000 0.006 0.001 0.006 0.000 
 142   (0.030) 0.001 0.001 0.036 0.001 0.015 0.001 
 144   (0.177) 0.080 0.014 0.277 0.265 0.137 0.207 
 140   (0.066) 0.285 0.001 0.023 0.188 0.147 0.001 
 158   (0.060) 0.004 0.047 0.051 0.021 0.022 0.001 
 162   (0.029) 0.001 0.066 0.022 0.002 0.002 0.000 
 152   (0.080) 0.002 0.002 0.065 0.188 0.092 0.038 
 134   (0.019) 0.000 0.000 0.035 0.001 0.001 0.000 
 156   (0.026) 0.003 0.010 0.017 0.001 0.002 0.000 

Locus 6 : 
12 alleles
0.0% missing data
 225   (0.044) 0.001 0.110 0.007 0.002 0.029 0.197 
 239   (0.122) 0.209 0.033 0.086 0.077 0.030 0.487 
 229   (0.022) 0.001 0.332 0.003 0.004 0.001 0.000 
 235   (0.227) 0.008 0.405 0.162 0.308 0.407 0.263 
 237   (0.179) 0.017 0.007 0.220 0.282 0.241 0.036 
 233   (0.116) 0.294 0.043 0.077 0.259 0.023 0.013 
 227   (0.059) 0.314 0.001 0.289 0.002 0.003 0.001 
 245   (0.064) 0.003 0.001 0.055 0.027 0.081 0.001 
 241   (0.069) 0.150 0.067 0.041 0.002 0.065 0.002 
 231   (0.041) 0.001 0.001 0.036 0.001 0.077 0.000 
 243   (0.041) 0.001 0.001 0.015 0.035 0.039 0.000 
 251   (0.016) 0.000 0.000 0.008 0.000 0.002 0.000 

Locus 7 : 
7 alleles
0.0% missing data
 118   (0.821) 0.619 0.962 0.887 0.866 0.989 0.982 
 124   (0.046) 0.377 0.001 0.017 0.122 0.003 0.000 
 116   (0.025) 0.001 0.001 0.054 0.001 0.001 0.001 
 114   (0.047) 0.002 0.024 0.020 0.010 0.004 0.005 
 122   (0.018) 0.000 0.000 0.009 0.000 0.001 0.000 
 112   (0.026) 0.001 0.012 0.010 0.001 0.001 0.000 
 120   (0.017) 0.000 0.000 0.003 0.000 0.001 0.012 

Locus 8 : 
5 alleles
0.5% missing data
 135   (0.062) 0.002 0.018 0.018 0.106 0.035 0.005 
 139   (0.680) 0.926 0.901 0.731 0.792 0.675 0.963 
 137   (0.206) 0.071 0.080 0.232 0.100 0.197 0.031 
 143   (0.028) 0.001 0.000 0.012 0.001 0.061 0.000 
 141   (0.023) 0.001 0.001 0.006 0.001 0.032 0.000 

Locus 9 : 
15 alleles
1.6% missing data
 116   (0.185) 0.008 0.374 0.091 0.474 0.364 0.180 
 112   (0.102) 0.003 0.077 0.052 0.047 0.178 0.069 
 118   (0.114) 0.093 0.513 0.084 0.029 0.148 0.002 
 122   (0.093) 0.475 0.002 0.263 0.004 0.009 0.546 
 114   (0.176) 0.006 0.024 0.201 0.260 0.223 0.133 
 120   (0.068) 0.189 0.001 0.049 0.082 0.023 0.001 
 130   (0.050) 0.132 0.001 0.039 0.080 0.003 0.001 
 124   (0.054) 0.001 0.001 0.062 0.002 0.037 0.066 
 110   (0.015) 0.000 0.000 0.008 0.001 0.002 0.000 
 134   (0.016) 0.000 0.000 0.008 0.001 0.002 0.000 
 128   (0.034) 0.089 0.001 0.024 0.009 0.002 0.000 
 126   (0.042) 0.001 0.001 0.092 0.010 0.005 0.001 
 108   (0.020) 0.001 0.000 0.016 0.001 0.001 0.000 
 106   (0.016) 0.000 0.000 0.008 0.000 0.001 0.001 
 138   (0.015) 0.001 0.005 0.003 0.000 0.001 0.000 

Locus 10 : 
8 alleles
0.0% missing data
 232   (0.734) 0.993 0.974 0.585 0.925 0.864 0.997 
 238   (0.130) 0.004 0.002 0.329 0.031 0.128 0.001 
 220   (0.020) 0.000 0.000 0.003 0.030 0.001 0.000 
 226   (0.017) 0.001 0.011 0.003 0.001 0.001 0.000 
 234   (0.028) 0.001 0.000 0.017 0.011 0.002 0.000 
 240   (0.019) 0.000 0.000 0.016 0.001 0.001 0.000 
 236   (0.020) 0.001 0.000 0.022 0.001 0.001 0.001 
 244   (0.031) 0.001 0.011 0.025 0.001 0.002 0.000 

Locus 11 : 
8 alleles
0.0% missing data
 165   (0.713) 0.941 0.867 0.727 0.812 0.882 0.765 
 167   (0.109) 0.003 0.124 0.107 0.008 0.089 0.232 
 161   (0.093) 0.053 0.006 0.136 0.176 0.009 0.001 
 153   (0.017) 0.000 0.002 0.004 0.002 0.002 0.000 
 169   (0.017) 0.001 0.000 0.007 0.001 0.001 0.001 
 155   (0.017) 0.000 0.000 0.008 0.000 0.002 0.000 
 173   (0.016) 0.000 0.000 0.009 0.000 0.001 0.000 
 163   (0.017) 0.000 0.000 0.002 0.000 0.014 0.000 

Locus 12 : 
9 alleles
0.0% missing data
 137   (0.477) 0.854 0.295 0.510 0.326 0.786 0.438 
 140   (0.146) 0.074 0.354 0.071 0.422 0.086 0.010 
 134   (0.266) 0.070 0.347 0.362 0.243 0.094 0.550 
 149   (0.015) 0.000 0.000 0.005 0.000 0.005 0.000 
 131   (0.016) 0.000 0.002 0.006 0.001 0.001 0.000 
 143   (0.022) 0.001 0.000 0.029 0.001 0.001 0.000 
 128   (0.017) 0.000 0.000 0.009 0.000 0.001 0.000 
 125   (0.026) 0.001 0.000 0.004 0.005 0.023 0.000 
 146   (0.016) 0.000 0.001 0.005 0.002 0.003 0.000 

Locus 13 : 
20 alleles
0.2% missing data
 206   (0.115) 0.258 0.423 0.048 0.135 0.192 0.029 
 210   (0.069) 0.002 0.273 0.018 0.151 0.040 0.354 
 190   (0.042) 0.001 0.001 0.017 0.050 0.141 0.000 
 202   (0.108) 0.439 0.065 0.207 0.054 0.041 0.001 
 214   (0.036) 0.001 0.001 0.013 0.033 0.003 0.170 
 212   (0.032) 0.001 0.001 0.005 0.002 0.212 0.136 
 192   (0.080) 0.265 0.025 0.048 0.243 0.030 0.001 
 204   (0.056) 0.011 0.001 0.056 0.022 0.037 0.005 
 184   (0.063) 0.002 0.085 0.025 0.057 0.091 0.003 
 216   (0.016) 0.000 0.000 0.002 0.118 0.001 0.001 
 208   (0.040) 0.001 0.001 0.007 0.089 0.052 0.022 
 200   (0.092) 0.008 0.089 0.215 0.017 0.040 0.002 
 198   (0.031) 0.001 0.001 0.036 0.001 0.042 0.000 
 194   (0.098) 0.005 0.033 0.208 0.008 0.041 0.190 
 186   (0.023) 0.001 0.000 0.014 0.001 0.001 0.084 
 188   (0.021) 0.001 0.000 0.027 0.001 0.001 0.000 
 196   (0.029) 0.001 0.001 0.029 0.001 0.029 0.000 
 220   (0.016) 0.001 0.000 0.006 0.000 0.003 0.000 
 180   (0.018) 0.000 0.000 0.015 0.001 0.001 0.000 
 182   (0.014) 0.000 0.000 0.002 0.015 0.001 0.000 

Locus 14 : 
8 alleles
1.6% missing data
 139   (0.096) 0.055 0.202 0.047 0.113 0.010 0.135 
 145   (0.078) 0.002 0.111 0.027 0.027 0.145 0.011 
 151   (0.344) 0.378 0.568 0.343 0.276 0.408 0.452 
 157   (0.280) 0.554 0.094 0.254 0.549 0.292 0.134 
 154   (0.087) 0.002 0.002 0.067 0.031 0.119 0.267 
 163   (0.044) 0.006 0.022 0.074 0.002 0.005 0.001 
 142   (0.034) 0.001 0.001 0.035 0.001 0.017 0.000 
 160   (0.037) 0.001 0.001 0.154 0.001 0.004 0.000 

Locus 15 : 
14 alleles
1.1% missing data
