

----------------------------------------------------
STRUCTURE by Pritchard, Stephens and Donnelly (2000)
     and Falush, Stephens and Pritchard (2003)
       Code by Pritchard, Falush and Hubisz
             Version 2.3.4 (Jul 2012)
----------------------------------------------------



Command line arguments:   bin\structure -m C:\Users\eschumacher\Documents\GitHub\GCC_QUAC_ZAIN\Data_Files\Structure_Files\QUAC\QUAC_woK_nopopinfo_garden_wild\QUAC_woK_nopopinfo_garden_wild\50-50\mainparams -e C:\Users\eschumacher\Documents\GitHub\GCC_QUAC_ZAIN\Data_Files\Structure_Files\QUAC\QUAC_woK_nopopinfo_garden_wild\QUAC_woK_nopopinfo_garden_wild\50-50\extraparams 
Input File:    C:\Users\eschumacher\Documents\GitHub\GCC_QUAC_ZAIN\Data_Files\Structure_Files\QUAC\QUAC_woK_nopopinfo_garden_wild\QUAC_woK_nopopinfo_garden_wild\project_data

Run parameters:
   441 individuals
   15 loci
   9 populations assumed
   50000 Burn-in period
   50000 Reps


--------------------------------------------
Overall proportion of membership of the
sample in each of the 9 clusters

Inferred Clusters
  1      2      3      4      5      6      7      8      9    
0.078  0.072  0.144  0.184  0.140  0.104  0.130  0.082  0.066  

--------------------------------------------

Allele-freq. divergence among pops (Net nucleotide distance),
computed using point estimates of P.

      1       2       3       4       5       6       7       8       9      
 1      -    0.0844  0.0973  0.0732  0.0362  0.0355  0.0322  0.0588  0.0601  
 2   0.0844     -    0.1679  0.1689  0.0944  0.1028  0.1008  0.1331  0.1399  
 3   0.0973  0.1679     -    0.1447  0.1041  0.1287  0.1285  0.1510  0.0950  
 4   0.0732  0.1689  0.1447     -    0.1017  0.1256  0.1053  0.1268  0.1074  
 5   0.0362  0.0944  0.1041  0.1017     -    0.0659  0.0541  0.0516  0.0882  
 6   0.0355  0.1028  0.1287  0.1256  0.0659     -    0.0679  0.1029  0.0882  
 7   0.0322  0.1008  0.1285  0.1053  0.0541  0.0679     -    0.0855  0.0823  
 8   0.0588  0.1331  0.1510  0.1268  0.0516  0.1029  0.0855     -    0.1290  
 9   0.0601  0.1399  0.0950  0.1074  0.0882  0.0882  0.0823  0.1290     -    

Average distances (expected heterozygosity) between individuals in same cluster:
cluster  1  : 0.6976 
cluster  2  : 0.4645 
cluster  3  : 0.4001 
cluster  4  : 0.4899 
cluster  5  : 0.5449 
cluster  6  : 0.6070 
cluster  7  : 0.5552 
cluster  8  : 0.5388 
cluster  9  : 0.5160 

--------------------------------------------
Estimated Ln Prob of Data   = -15474.2
Mean value of ln likelihood = -14999.2
Variance of ln likelihood   = 949.9
Mean value of alpha         = 0.0334

Mean value of Fst_1         = 0.0093
Mean value of Fst_2         = 0.4123
Mean value of Fst_3         = 0.4945
Mean value of Fst_4         = 0.2823
Mean value of Fst_5         = 0.1929
Mean value of Fst_6         = 0.0989
Mean value of Fst_7         = 0.1424
Mean value of Fst_8         = 0.2026
Mean value of Fst_9         = 0.2522


Inferred ancestry of individuals:
        Label (%Miss) :  Inferred clusters
  1 QAc-G-0029    (0)   :  0.010 0.004 0.013 0.908 0.005 0.003 0.005 0.045 0.006 
  2 QAc-G-0030    (0)   :  0.003 0.002 0.003 0.978 0.002 0.003 0.003 0.002 0.004 
  3 QAc-G-0031    (0)   :  0.003 0.002 0.004 0.975 0.003 0.002 0.003 0.002 0.005 
  4 QAc-G-0061    (0)   :  0.004 0.007 0.004 0.961 0.006 0.003 0.006 0.008 0.003 
  5 QAc-G-0062    (0)   :  0.072 0.418 0.032 0.006 0.005 0.007 0.109 0.008 0.343 
  6 QAc-G-0063    (0)   :  0.076 0.015 0.574 0.006 0.036 0.009 0.049 0.066 0.171 
  7 QAc-G-0064    (0)   :  0.003 0.968 0.005 0.003 0.004 0.003 0.003 0.005 0.006 
  8 QAc-G-0065    (0)   :  0.003 0.977 0.002 0.004 0.003 0.004 0.002 0.003 0.002 
  9 QAc-G-0066    (0)   :  0.003 0.002 0.975 0.004 0.003 0.002 0.003 0.004 0.004 
 10 QAc-G-0067    (0)   :  0.003 0.970 0.003 0.008 0.004 0.004 0.003 0.002 0.003 
 11 QAc-G-0068    (0)   :  0.386 0.006 0.545 0.003 0.003 0.036 0.013 0.004 0.004 
 12 QAc-G-0070    (0)   :  0.013 0.009 0.540 0.005 0.010 0.006 0.304 0.009 0.103 
 13 QAc-G-0071   (13)   :  0.006 0.002 0.906 0.016 0.004 0.008 0.007 0.003 0.047 
 14 QAc-G-0072    (0)   :  0.003 0.003 0.972 0.003 0.004 0.003 0.004 0.005 0.003 
 15 QAc-G-0073    (0)   :  0.005 0.003 0.007 0.005 0.029 0.004 0.004 0.939 0.004 
 16 QAc-G-0074    (0)   :  0.007 0.004 0.064 0.004 0.864 0.006 0.013 0.011 0.026 
 17 QAc-G-0075    (0)   :  0.007 0.005 0.007 0.008 0.948 0.007 0.005 0.008 0.004 
 18 QAc-G-0076    (0)   :  0.031 0.008 0.015 0.013 0.059 0.008 0.009 0.852 0.005 
 19 QAc-G-0077    (0)   :  0.004 0.009 0.010 0.952 0.006 0.003 0.003 0.007 0.006 
 20 QAc-G-0078    (0)   :  0.002 0.002 0.003 0.979 0.002 0.002 0.003 0.003 0.003 
 21 QAc-G-0079    (0)   :  0.003 0.002 0.004 0.971 0.003 0.004 0.003 0.004 0.005 
 22 QAc-G-0080    (0)   :  0.617 0.016 0.007 0.292 0.024 0.008 0.006 0.019 0.011 
 23 QAc-G-0081    (0)   :  0.325 0.004 0.005 0.007 0.007 0.022 0.483 0.115 0.033 
 24 QAc-G-0082    (0)   :  0.843 0.003 0.002 0.003 0.005 0.012 0.021 0.104 0.007 
 25 QAc-G-0083    (0)   :  0.007 0.012 0.011 0.015 0.032 0.006 0.010 0.023 0.885 
 26 QAc-G-0001   (13)   :  0.003 0.002 0.005 0.974 0.003 0.004 0.003 0.003 0.004 
 27 QAc-G-0002    (0)   :  0.002 0.002 0.003 0.980 0.003 0.002 0.002 0.002 0.003 
 28 QAc-G-0285    (0)   :  0.006 0.004 0.014 0.006 0.004 0.008 0.007 0.006 0.944 
 29 QAc-G-0286    (0)   :  0.003 0.003 0.976 0.003 0.003 0.002 0.003 0.003 0.005 
 30 QAc-G-0287    (0)   :  0.002 0.002 0.980 0.003 0.003 0.002 0.002 0.002 0.003 
 31 QAc-G-0288    (6)   :  0.012 0.010 0.856 0.039 0.019 0.006 0.043 0.008 0.008 
 32 QAc-G-0289    (0)   :  0.003 0.003 0.976 0.003 0.004 0.003 0.003 0.002 0.004 
 33 QAc-G-0290    (0)   :  0.003 0.006 0.972 0.003 0.004 0.003 0.004 0.003 0.004 
 34 QAc-G-0291    (0)   :  0.005 0.003 0.909 0.040 0.003 0.003 0.002 0.012 0.024 
 35 QAc-G-0292    (0)   :  0.007 0.003 0.239 0.004 0.005 0.007 0.010 0.004 0.722 
 36 QAc-G-0293    (0)   :  0.002 0.002 0.505 0.006 0.002 0.003 0.002 0.003 0.474 
 37 QAc-G-0294    (0)   :  0.014 0.006 0.004 0.007 0.030 0.024 0.010 0.900 0.004 
 38 QAc-G-0295    (0)   :  0.005 0.004 0.006 0.005 0.013 0.004 0.004 0.955 0.005 
 39 QAc-G-0296    (0)   :  0.004 0.011 0.005 0.003 0.938 0.003 0.004 0.028 0.004 
 40 QAc-G-0297    (0)   :  0.419 0.004 0.003 0.004 0.492 0.036 0.009 0.031 0.003 
 41 QAc-G-0298    (6)   :  0.010 0.006 0.004 0.016 0.657 0.004 0.005 0.284 0.013 
 42 QAc-G-0299    (0)   :  0.006 0.004 0.014 0.004 0.936 0.007 0.003 0.020 0.006 
 43 QAc-G-0300    (0)   :  0.006 0.025 0.003 0.003 0.869 0.004 0.013 0.074 0.003 
 44 QAc-G-0301    (0)   :  0.006 0.077 0.016 0.005 0.857 0.005 0.004 0.021 0.008 
 45 QAc-G-0302    (0)   :  0.014 0.003 0.005 0.004 0.019 0.940 0.005 0.004 0.007 
 46 QAc-G-0303    (0)   :  0.041 0.005 0.004 0.004 0.004 0.886 0.031 0.016 0.010 
 47 QAc-G-0304    (0)   :  0.003 0.002 0.975 0.003 0.003 0.003 0.003 0.003 0.006 
 48 QAc-G-0305    (0)   :  0.065 0.003 0.526 0.054 0.007 0.076 0.039 0.006 0.224 
 49 QAc-G-0306    (0)   :  0.003 0.002 0.977 0.004 0.003 0.002 0.003 0.002 0.005 
 50 QAc-G-0307    (0)   :  0.036 0.006 0.005 0.828 0.011 0.012 0.067 0.009 0.027 
 51 QAc-G-0308    (0)   :  0.010 0.004 0.015 0.916 0.012 0.010 0.010 0.015 0.009 
 52 QAc-G-0309    (0)   :  0.013 0.003 0.004 0.956 0.005 0.004 0.004 0.005 0.007 
 53 QAc-G-0310    (0)   :  0.003 0.003 0.004 0.972 0.004 0.003 0.003 0.003 0.004 
 54 QAc-G-0311    (0)   :  0.004 0.002 0.003 0.980 0.002 0.002 0.002 0.003 0.002 
 55 QAc-G-0312    (0)   :  0.673 0.013 0.007 0.180 0.027 0.030 0.044 0.021 0.005 
 56 QAc-G-0313    (0)   :  0.754 0.008 0.007 0.015 0.013 0.006 0.112 0.020 0.065 
 57 QAc-G-0314    (0)   :  0.464 0.009 0.004 0.009 0.229 0.022 0.229 0.031 0.003 
 58 QAc-G-0315    (0)   :  0.925 0.006 0.007 0.004 0.014 0.012 0.019 0.006 0.006 
 59 QAc-G-0316    (0)   :  0.619 0.009 0.008 0.024 0.017 0.007 0.301 0.004 0.010 
 60 QAc-G-0032    (6)   :  0.602 0.111 0.007 0.005 0.010 0.245 0.008 0.009 0.003 
 61 QAc-G-0033    (0)   :  0.003 0.005 0.004 0.004 0.963 0.004 0.004 0.010 0.003 
 62 QAc-G-0034    (0)   :  0.017 0.008 0.004 0.037 0.855 0.010 0.031 0.034 0.004 
 63 QAc-G-0035    (0)   :  0.011 0.014 0.009 0.004 0.265 0.005 0.010 0.672 0.010 
 64 QAc-G-0036    (0)   :  0.005 0.004 0.008 0.004 0.955 0.003 0.007 0.006 0.007 
 65 QAc-G-0037    (0)   :  0.003 0.003 0.007 0.005 0.004 0.002 0.002 0.970 0.003 
 66 QAc-G-0038    (0)   :  0.004 0.003 0.003 0.002 0.072 0.004 0.006 0.903 0.003 
 67 QAc-G-0039    (0)   :  0.035 0.005 0.009 0.041 0.066 0.024 0.049 0.767 0.004 
 68 QAc-G-0040    (0)   :  0.008 0.004 0.081 0.004 0.020 0.006 0.053 0.809 0.016 
 69 QAc-G-0041    (0)   :  0.005 0.051 0.003 0.002 0.012 0.003 0.016 0.898 0.012 
 70 QAc-G-0042    (0)   :  0.004 0.004 0.006 0.003 0.951 0.005 0.004 0.020 0.003 
 71 QAc-G-0043    (0)   :  0.003 0.003 0.007 0.006 0.009 0.003 0.004 0.962 0.003 
 72 QAc-G-0044    (0)   :  0.006 0.017 0.008 0.003 0.932 0.011 0.004 0.014 0.004 
 73 QAc-G-0045    (0)   :  0.004 0.009 0.006 0.013 0.921 0.004 0.005 0.034 0.004 
 74 QAc-G-0046    (0)   :  0.006 0.003 0.002 0.009 0.006 0.003 0.007 0.961 0.003 
 75 QAc-G-0047    (0)   :  0.009 0.005 0.009 0.032 0.013 0.013 0.009 0.907 0.005 
 76 QAc-G-0048    (0)   :  0.005 0.005 0.004 0.002 0.026 0.005 0.007 0.939 0.008 
 77 QAc-G-0049    (0)   :  0.003 0.002 0.005 0.978 0.002 0.002 0.002 0.002 0.003 
 78 QAc-G-0050    (0)   :  0.905 0.004 0.016 0.025 0.003 0.021 0.015 0.005 0.006 
 79 QAc-G-0051    (0)   :  0.003 0.002 0.003 0.976 0.003 0.003 0.003 0.002 0.006 
 80 QAc-G-0052    (0)   :  0.020 0.028 0.004 0.890 0.008 0.005 0.014 0.029 0.004 
 81 QAc-G-0053    (0)   :  0.008 0.005 0.008 0.923 0.005 0.002 0.003 0.039 0.007 
 82 QAc-G-0054    (0)   :  0.871 0.004 0.005 0.062 0.004 0.011 0.020 0.020 0.003 
 83 QAc-G-0055    (0)   :  0.649 0.003 0.005 0.271 0.007 0.037 0.011 0.012 0.005 
 84 QAc-G-0056    (0)   :  0.889 0.008 0.015 0.015 0.009 0.009 0.043 0.006 0.005 
 85 QAc-G-0057    (0)   :  0.003 0.002 0.004 0.974 0.004 0.004 0.003 0.004 0.003 
 86 QAc-G-0058    (6)   :  0.003 0.003 0.003 0.976 0.003 0.003 0.003 0.002 0.005 
 87 QAc-G-0059    (0)   :  0.753 0.003 0.002 0.160 0.003 0.005 0.006 0.065 0.003 
 88 QAc-G-0060    (6)   :  0.073 0.019 0.015 0.847 0.010 0.007 0.006 0.016 0.008 
 89 QAc-G-0276    (0)   :  0.006 0.003 0.330 0.009 0.015 0.004 0.005 0.015 0.615 
 90 QAc-G-0279    (0)   :  0.003 0.003 0.975 0.005 0.003 0.002 0.003 0.002 0.003 
 91 QAc-G-0280    (6)   :  0.006 0.004 0.965 0.003 0.007 0.003 0.004 0.005 0.004 
 92 QAc-G-0281    (0)   :  0.004 0.004 0.007 0.969 0.003 0.003 0.003 0.003 0.003 
 93 QAc-G-0018    (0)   :  0.020 0.006 0.006 0.015 0.902 0.015 0.007 0.024 0.005 
 94 QAc-G-0019    (0)   :  0.005 0.037 0.009 0.003 0.916 0.004 0.006 0.013 0.008 
 95 QAc-G-0020    (0)   :  0.005 0.003 0.002 0.002 0.003 0.003 0.003 0.976 0.003 
 96 QAc-G-0021    (6)   :  0.006 0.042 0.003 0.010 0.013 0.003 0.002 0.919 0.002 
 97 QAc-G-0022    (6)   :  0.044 0.061 0.004 0.019 0.148 0.010 0.095 0.606 0.013 
 98 QAc-G-0023    (0)   :  0.003 0.002 0.003 0.972 0.003 0.003 0.003 0.003 0.007 
 99 QAc-G-0024    (0)   :  0.003 0.004 0.003 0.969 0.006 0.004 0.003 0.005 0.003 
100 QAc-G-0016    (0)   :  0.886 0.004 0.010 0.031 0.007 0.043 0.007 0.007 0.004 
101 QAc-G-0017    (0)   :  0.029 0.202 0.005 0.004 0.007 0.726 0.012 0.009 0.006 
102 QAc-G-0250    (0)   :  0.518 0.007 0.103 0.008 0.008 0.031 0.014 0.045 0.266 
103 QAc-G-0003    (6)   :  0.004 0.003 0.962 0.004 0.005 0.003 0.005 0.004 0.009 
104 QAc-G-0004    (0)   :  0.032 0.005 0.003 0.009 0.015 0.843 0.006 0.079 0.008 
105 QAc-G-0005    (0)   :  0.002 0.977 0.003 0.003 0.003 0.003 0.002 0.003 0.002 
106 QAc-G-0006    (6)   :  0.071 0.003 0.005 0.003 0.008 0.858 0.014 0.023 0.016 
107 QAc-G-0283    (0)   :  0.362 0.003 0.004 0.004 0.006 0.034 0.428 0.008 0.151 
108 QAc-G-0265    (0)   :  0.196 0.006 0.004 0.188 0.035 0.032 0.010 0.013 0.515 
109 QAc-G-0266    (0)   :  0.002 0.002 0.005 0.978 0.003 0.002 0.002 0.002 0.004 
110 QAc-G-0267    (0)   :  0.009 0.094 0.004 0.005 0.114 0.005 0.010 0.137 0.621 
111 QAc-G-0268   (20)   :  0.408 0.012 0.541 0.005 0.006 0.008 0.006 0.004 0.010 
112 QAc-G-0269    (0)   :  0.003 0.003 0.975 0.004 0.004 0.002 0.002 0.004 0.003 
113 QAc-G-0270    (6)   :  0.003 0.006 0.004 0.003 0.966 0.003 0.004 0.005 0.004 
114 QAc-G-0271    (0)   :  0.109 0.152 0.004 0.004 0.582 0.017 0.011 0.113 0.007 
115 QAc-G-0272    (6)   :  0.004 0.003 0.013 0.005 0.943 0.006 0.005 0.014 0.008 
116 QAc-G-0273    (0)   :  0.006 0.006 0.005 0.961 0.004 0.005 0.004 0.005 0.004 
117 QAc-G-0274    (0)   :  0.002 0.980 0.002 0.002 0.003 0.002 0.003 0.002 0.002 
118 QAc-G-0251    (6)   :  0.005 0.010 0.004 0.004 0.952 0.010 0.005 0.005 0.003 
119 QAc-G-0252    (0)   :  0.016 0.009 0.005 0.006 0.561 0.017 0.024 0.357 0.004 
120 QAc-G-0253    (0)   :  0.006 0.003 0.005 0.966 0.003 0.003 0.003 0.008 0.004 
121 QAc-G-0254    (0)   :  0.003 0.002 0.002 0.980 0.002 0.002 0.003 0.002 0.003 
122 QAc-G-0255    (0)   :  0.013 0.007 0.005 0.005 0.016 0.931 0.008 0.009 0.008 
123 QAc-G-0256    (0)   :  0.005 0.008 0.008 0.004 0.007 0.952 0.003 0.005 0.007 
124 QAc-G-0257    (0)   :  0.018 0.052 0.003 0.007 0.006 0.852 0.043 0.013 0.006 
125 QAc-G-0258    (0)   :  0.008 0.005 0.003 0.003 0.005 0.965 0.004 0.004 0.003 
126 QAc-G-0259    (0)   :  0.969 0.002 0.002 0.002 0.004 0.009 0.006 0.005 0.002 
127 QAc-G-0260    (0)   :  0.745 0.059 0.038 0.011 0.015 0.055 0.052 0.014 0.012 
128 QAc-G-0261    (0)   :  0.475 0.418 0.004 0.004 0.006 0.066 0.009 0.015 0.004 
129 QAc-G-0262    (0)   :  0.665 0.029 0.015 0.009 0.005 0.234 0.019 0.006 0.017 
130 QAc-G-0010    (0)   :  0.008 0.005 0.039 0.011 0.006 0.003 0.008 0.015 0.905 
131 QAc-G-0011    (0)   :  0.011 0.005 0.003 0.004 0.005 0.004 0.958 0.007 0.003 
132 QAc-G-0015    (0)   :  0.025 0.006 0.003 0.805 0.014 0.088 0.030 0.012 0.017 
133 QAc-G-0106    (0)   :  0.014 0.033 0.002 0.002 0.016 0.921 0.006 0.004 0.002 
134 QAc-G-0107    (0)   :  0.011 0.003 0.005 0.008 0.005 0.952 0.005 0.003 0.008 
135 QAc-G-0108    (0)   :  0.004 0.005 0.006 0.002 0.005 0.964 0.004 0.006 0.004 
136 QAc-G-0109    (0)   :  0.070 0.031 0.005 0.012 0.010 0.832 0.027 0.006 0.008 
137 QAc-G-0110    (0)   :  0.021 0.003 0.075 0.007 0.059 0.790 0.012 0.014 0.019 
138 QAc-G-0111    (0)   :  0.008 0.005 0.006 0.005 0.008 0.929 0.007 0.013 0.019 
139 QAc-G-0112    (0)   :  0.024 0.003 0.023 0.010 0.004 0.913 0.004 0.005 0.014 
140 QAc-G-0113    (0)   :  0.107 0.025 0.008 0.023 0.006 0.802 0.005 0.006 0.017 
141 QAc-G-0114    (0)   :  0.023 0.003 0.014 0.016 0.051 0.858 0.005 0.019 0.011 
142 QAc-G-0115    (0)   :  0.012 0.005 0.010 0.004 0.004 0.952 0.004 0.005 0.005 
143 QAc-G-0116    (0)   :  0.010 0.006 0.012 0.007 0.005 0.940 0.006 0.003 0.012 
144 QAc-G-0117    (0)   :  0.199 0.079 0.005 0.010 0.109 0.406 0.012 0.131 0.050 
145 QAc-G-0118    (0)   :  0.007 0.024 0.003 0.002 0.007 0.929 0.009 0.004 0.014 
146 QAc-G-0119    (0)   :  0.014 0.020 0.002 0.005 0.014 0.922 0.004 0.016 0.003 
147 QAc-G-0120    (0)   :  0.072 0.005 0.006 0.006 0.021 0.868 0.010 0.006 0.006 
148 QAc-G-0121    (0)   :  0.005 0.957 0.007 0.003 0.006 0.007 0.003 0.009 0.004 
149 QAc-G-0122    (0)   :  0.005 0.914 0.038 0.004 0.007 0.007 0.005 0.011 0.011 
150 QAc-G-0123    (0)   :  0.002 0.979 0.002 0.002 0.004 0.002 0.002 0.004 0.002 
151 QAc-G-0124    (6)   :  0.003 0.972 0.003 0.003 0.005 0.004 0.004 0.003 0.003 
152 QAc-G-0125    (0)   :  0.317 0.483 0.010 0.048 0.004 0.030 0.039 0.020 0.049 
153 QAc-G-0126    (0)   :  0.578 0.212 0.007 0.010 0.009 0.141 0.019 0.017 0.006 
154 QAc-G-0127    (0)   :  0.006 0.954 0.004 0.005 0.006 0.007 0.010 0.005 0.004 
155 QAc-G-0128    (0)   :  0.003 0.974 0.004 0.003 0.004 0.003 0.003 0.003 0.003 
156 QAc-G-0129    (0)   :  0.003 0.979 0.003 0.002 0.004 0.003 0.002 0.002 0.002 
157 QAc-G-0130    (0)   :  0.006 0.914 0.004 0.002 0.008 0.033 0.015 0.010 0.007 
158 QAc-G-0131    (0)   :  0.004 0.963 0.005 0.004 0.006 0.004 0.004 0.006 0.003 
159 QAc-G-0132    (0)   :  0.027 0.733 0.014 0.010 0.006 0.175 0.006 0.007 0.022 
160 QAc-G-0133    (0)   :  0.004 0.964 0.004 0.004 0.008 0.003 0.003 0.005 0.005 
161 QAc-G-0134    (0)   :  0.004 0.969 0.004 0.004 0.004 0.005 0.003 0.004 0.003 
162 QAc-G-0135    (0)   :  0.006 0.003 0.006 0.007 0.010 0.947 0.007 0.009 0.004 
163 QAc-G-0136    (0)   :  0.020 0.006 0.005 0.007 0.006 0.810 0.014 0.004 0.127 
164 QAc-G-0137    (0)   :  0.018 0.031 0.004 0.003 0.014 0.910 0.006 0.008 0.005 
165 QAc-G-0138    (0)   :  0.012 0.006 0.003 0.007 0.003 0.899 0.038 0.002 0.031 
166 QAc-G-0139    (0)   :  0.007 0.024 0.003 0.002 0.015 0.902 0.005 0.039 0.003 
167 QAc-G-0140    (6)   :  0.036 0.043 0.006 0.004 0.039 0.844 0.006 0.013 0.010 
168 QAc-G-0141    (0)   :  0.402 0.023 0.016 0.024 0.036 0.387 0.039 0.052 0.022 
169 QAc-G-0142    (0)   :  0.005 0.003 0.003 0.002 0.007 0.970 0.004 0.003 0.003 
170 QAc-G-0143    (0)   :  0.960 0.003 0.006 0.003 0.010 0.005 0.004 0.004 0.005 
171 QAc-G-0144    (6)   :  0.639 0.002 0.003 0.005 0.005 0.323 0.004 0.006 0.012 
172 QAc-G-0145    (0)   :  0.003 0.002 0.973 0.003 0.004 0.003 0.003 0.003 0.005 
173 QAc-G-0146    (0)   :  0.003 0.976 0.003 0.003 0.004 0.002 0.003 0.002 0.003 
174 QAc-G-0147    (0)   :  0.283 0.253 0.007 0.005 0.018 0.075 0.314 0.011 0.034 
175 QAc-G-0148    (0)   :  0.863 0.005 0.004 0.004 0.011 0.079 0.005 0.006 0.023 
176 QAc-G-0149    (0)   :  0.003 0.973 0.004 0.002 0.004 0.003 0.003 0.005 0.003 
177 QAc-G-0150    (0)   :  0.003 0.003 0.974 0.004 0.003 0.003 0.003 0.003 0.004 
178 QAc-G-0151    (0)   :  0.003 0.973 0.003 0.003 0.005 0.003 0.003 0.004 0.003 
179 QAc-G-0152    (0)   :  0.003 0.974 0.002 0.005 0.005 0.002 0.003 0.004 0.002 
180 QAc-G-0153    (0)   :  0.010 0.877 0.002 0.002 0.010 0.006 0.018 0.007 0.068 
181 QAc-G-0154    (0)   :  0.005 0.898 0.011 0.003 0.026 0.022 0.004 0.015 0.015 
182 QAc-G-0155    (0)   :  0.003 0.973 0.003 0.003 0.005 0.003 0.003 0.004 0.003 
183 QAc-G-0158    (0)   :  0.003 0.979 0.003 0.003 0.003 0.003 0.003 0.002 0.003 
184 QAc-G-0159    (0)   :  0.035 0.012 0.013 0.007 0.009 0.898 0.013 0.009 0.004 
185 QAc-G-0160    (0)   :  0.002 0.002 0.981 0.003 0.002 0.002 0.002 0.002 0.003 
186 QAc-G-0161    (0)   :  0.002 0.002 0.980 0.002 0.002 0.003 0.002 0.002 0.003 
187 QAc-G-0162    (0)   :  0.026 0.005 0.078 0.007 0.125 0.005 0.010 0.173 0.570 
188 QAc-G-0163    (0)   :  0.029 0.003 0.816 0.002 0.065 0.018 0.006 0.039 0.022 
189 QAc-G-0164    (0)   :  0.012 0.002 0.898 0.009 0.004 0.004 0.063 0.005 0.003 
190 QAc-G-0165    (0)   :  0.004 0.007 0.962 0.003 0.007 0.004 0.005 0.004 0.005 
191 QAc-G-0166    (0)   :  0.003 0.003 0.974 0.003 0.006 0.002 0.003 0.003 0.003 
192 QAc-G-0167    (0)   :  0.003 0.003 0.971 0.004 0.004 0.003 0.003 0.005 0.003 
193 QAc-G-0168    (0)   :  0.002 0.002 0.979 0.003 0.003 0.002 0.002 0.003 0.003 
194 QAc-G-0169    (6)   :  0.407 0.005 0.299 0.005 0.011 0.146 0.018 0.004 0.105 
195 QAc-G-0170    (0)   :  0.004 0.005 0.966 0.004 0.005 0.003 0.004 0.004 0.006 
196 QAc-G-0171    (0)   :  0.003 0.003 0.974 0.003 0.004 0.002 0.003 0.003 0.006 
197 QAc-G-0172    (0)   :  0.057 0.012 0.022 0.009 0.019 0.843 0.013 0.005 0.021 
198 QAc-G-0173    (0)   :  0.003 0.002 0.466 0.005 0.003 0.003 0.003 0.003 0.511 
199 QAc-G-0174    (0)   :  0.004 0.003 0.025 0.005 0.007 0.004 0.003 0.004 0.946 
200 QAc-G-0175    (0)   :  0.003 0.002 0.974 0.004 0.003 0.003 0.003 0.003 0.006 
201 QAc-G-0176    (0)   :  0.016 0.004 0.812 0.008 0.072 0.005 0.004 0.072 0.007 
202 QAc-G-0177    (0)   :  0.003 0.003 0.972 0.004 0.004 0.002 0.003 0.003 0.006 
203 QAc-G-0178    (0)   :  0.013 0.016 0.700 0.010 0.004 0.004 0.239 0.003 0.012 
204 QAc-G-0179    (6)   :  0.003 0.003 0.974 0.003 0.003 0.002 0.002 0.003 0.007 
205 QAc-G-0180    (0)   :  0.003 0.003 0.978 0.003 0.003 0.003 0.003 0.002 0.003 
206 QAc-G-0181    (0)   :  0.004 0.003 0.960 0.002 0.010 0.004 0.006 0.008 0.003 
207 QAc-G-0182    (0)   :  0.005 0.004 0.421 0.002 0.005 0.006 0.004 0.004 0.548 
208 QAc-G-0183    (6)   :  0.012 0.003 0.943 0.006 0.004 0.008 0.005 0.004 0.015 
209 QAc-G-0184    (0)   :  0.003 0.002 0.975 0.003 0.004 0.003 0.003 0.003 0.004 
210 QAc-G-0185    (0)   :  0.011 0.037 0.748 0.006 0.013 0.010 0.115 0.005 0.056 
211 QAc-G-0186    (0)   :  0.004 0.002 0.960 0.002 0.011 0.003 0.005 0.008 0.005 
212 QAc-G-0187    (0)   :  0.021 0.005 0.784 0.034 0.014 0.004 0.120 0.012 0.005 
213 QAc-G-0188    (0)   :  0.186 0.004 0.229 0.003 0.020 0.499 0.006 0.038 0.014 
214 QAc-G-0189    (0)   :  0.005 0.002 0.923 0.012 0.003 0.005 0.007 0.003 0.040 
215 QAc-G-0190    (0)   :  0.003 0.004 0.972 0.004 0.004 0.003 0.004 0.003 0.004 
216 QAc-G-0191    (0)   :  0.004 0.004 0.971 0.004 0.004 0.002 0.003 0.003 0.005 
217 QAc-G-0192    (0)   :  0.002 0.002 0.980 0.003 0.003 0.002 0.002 0.002 0.003 
218 QAc-G-0193    (0)   :  0.003 0.004 0.972 0.003 0.004 0.003 0.004 0.003 0.003 
219 QAc-G-0194    (0)   :  0.003 0.003 0.968 0.004 0.006 0.003 0.005 0.004 0.004 
220 QAc-G-0195    (0)   :  0.004 0.002 0.059 0.017 0.009 0.004 0.005 0.010 0.890 
221 QAc-G-0196    (0)   :  0.003 0.002 0.672 0.006 0.004 0.003 0.004 0.004 0.303 
222 QAc-G-0197    (0)   :  0.002 0.002 0.980 0.003 0.003 0.002 0.002 0.002 0.003 
223 QAc-G-0198    (0)   :  0.003 0.003 0.972 0.003 0.005 0.003 0.003 0.004 0.006 
224 QAc-G-0199    (0)   :  0.020 0.018 0.694 0.005 0.008 0.004 0.108 0.018 0.126 
225 QAc-G-0200    (0)   :  0.004 0.002 0.962 0.003 0.010 0.003 0.005 0.005 0.006 
226 QAc-G-0201    (0)   :  0.008 0.002 0.456 0.004 0.004 0.002 0.004 0.004 0.516 
227 QAc-G-0202    (6)   :  0.004 0.003 0.529 0.011 0.004 0.006 0.003 0.004 0.437 
228 QAc-G-0203    (0)   :  0.008 0.003 0.954 0.014 0.004 0.007 0.003 0.004 0.004 
229 QAc-G-0204    (0)   :  0.004 0.003 0.968 0.004 0.004 0.002 0.003 0.006 0.006 
230 QAc-G-0205    (0)   :  0.002 0.002 0.003 0.980 0.002 0.002 0.003 0.002 0.003 
231 QAc-G-0206    (0)   :  0.124 0.004 0.003 0.763 0.015 0.042 0.007 0.037 0.005 
232 QAc-G-0207    (0)   :  0.007 0.005 0.006 0.952 0.005 0.004 0.010 0.007 0.004 
233 QAc-G-0208    (0)   :  0.003 0.003 0.003 0.977 0.003 0.002 0.003 0.003 0.003 
234 QAc-G-0209    (0)   :  0.003 0.002 0.006 0.972 0.003 0.003 0.003 0.003 0.005 
235 QAc-G-0210    (0)   :  0.004 0.002 0.003 0.977 0.003 0.003 0.003 0.003 0.002 
236 QAc-G-0211    (0)   :  0.005 0.004 0.002 0.974 0.002 0.003 0.004 0.003 0.003 
237 QAc-G-0212    (0)   :  0.003 0.003 0.004 0.975 0.003 0.002 0.003 0.003 0.003 
238 QAc-G-0213    (0)   :  0.003 0.003 0.005 0.970 0.005 0.002 0.004 0.005 0.003 
239 QAc-G-0214    (0)   :  0.002 0.002 0.004 0.978 0.003 0.002 0.002 0.002 0.004 
240 QAc-G-0215    (0)   :  0.005 0.003 0.003 0.972 0.004 0.003 0.004 0.003 0.003 
241 QAc-G-0216    (0)   :  0.260 0.005 0.016 0.104 0.026 0.102 0.006 0.013 0.467 
242 QAc-G-0217    (0)   :  0.007 0.009 0.003 0.945 0.005 0.006 0.008 0.005 0.013 
243 QAc-G-0218    (0)   :  0.004 0.004 0.005 0.960 0.006 0.003 0.008 0.006 0.003 
244 QAc-G-0219    (0)   :  0.030 0.021 0.009 0.850 0.021 0.025 0.008 0.029 0.006 
245 QAc-G-0220    (0)   :  0.073 0.005 0.003 0.892 0.005 0.007 0.008 0.005 0.003 
246 QAc-G-0221    (0)   :  0.010 0.012 0.005 0.884 0.007 0.007 0.028 0.024 0.024 
247 QAc-G-0222    (0)   :  0.003 0.003 0.005 0.973 0.004 0.002 0.003 0.004 0.003 
248 QAc-G-0223    (0)   :  0.004 0.004 0.003 0.967 0.005 0.003 0.007 0.004 0.003 
249 QAc-G-0224    (0)   :  0.005 0.003 0.005 0.970 0.003 0.003 0.005 0.003 0.003 
250 QAc-G-0226    (0)   :  0.003 0.003 0.003 0.974 0.004 0.003 0.003 0.003 0.003 
251 QAc-G-0227    (0)   :  0.004 0.014 0.005 0.003 0.951 0.004 0.003 0.011 0.005 
252 QAc-G-0228    (6)   :  0.005 0.004 0.005 0.004 0.030 0.004 0.005 0.939 0.004 
253 QAc-G-0229    (0)   :  0.006 0.004 0.004 0.005 0.951 0.009 0.008 0.007 0.007 
254 QAc-G-0230    (0)   :  0.007 0.003 0.009 0.021 0.068 0.015 0.008 0.863 0.007 
255 QAc-G-0231    (0)   :  0.003 0.004 0.008 0.970 0.003 0.003 0.003 0.003 0.003 
256 QAc-G-0232    (0)   :  0.006 0.007 0.003 0.003 0.029 0.004 0.007 0.939 0.002 
257 QAc-G-0233    (0)   :  0.098 0.004 0.004 0.019 0.046 0.003 0.157 0.666 0.004 
258 QAc-G-0234    (0)   :  0.005 0.004 0.010 0.004 0.946 0.004 0.008 0.009 0.010 
259 QAc-G-0235    (0)   :  0.015 0.003 0.004 0.009 0.007 0.924 0.009 0.006 0.024 
260 QAc-G-0236    (0)   :  0.004 0.008 0.005 0.004 0.010 0.004 0.004 0.955 0.006 
261 QAc-G-0237    (0)   :  0.015 0.032 0.016 0.019 0.852 0.010 0.019 0.026 0.010 
262 QAc-G-0238    (0)   :  0.006 0.008 0.005 0.008 0.082 0.004 0.005 0.878 0.004 
263 QAc-G-0239    (0)   :  0.004 0.003 0.003 0.003 0.004 0.003 0.003 0.974 0.003 
264 QAc-G-0240    (0)   :  0.004 0.006 0.003 0.002 0.963 0.005 0.004 0.010 0.003 
265 QAc-G-0241    (0)   :  0.030 0.006 0.009 0.007 0.086 0.032 0.026 0.752 0.052 
266 QAc-G-0242    (0)   :  0.010 0.007 0.005 0.008 0.013 0.004 0.012 0.937 0.004 
267 QAc-G-0243    (0)   :  0.063 0.062 0.004 0.022 0.048 0.019 0.128 0.646 0.009 
268 QAc-G-0244    (0)   :  0.014 0.004 0.005 0.008 0.932 0.014 0.004 0.013 0.006 
269 QAc-G-0245    (0)   :  0.004 0.011 0.004 0.003 0.957 0.004 0.004 0.007 0.005 
270 QAc-G-0246    (0)   :  0.003 0.004 0.004 0.003 0.004 0.004 0.003 0.974 0.002 
271 QAc-G-0247    (0)   :  0.003 0.002 0.002 0.002 0.004 0.003 0.003 0.977 0.003 
272 QAc-G-0248    (0)   :  0.006 0.003 0.003 0.003 0.917 0.005 0.003 0.055 0.004 
273 QAc-G-0249    (0)   :  0.015 0.002 0.013 0.009 0.017 0.008 0.924 0.005 0.007 
274 QAc-G-0025    (0)   :  0.003 0.003 0.004 0.976 0.004 0.003 0.002 0.003 0.003 
275 QAc-G-0028    (0)   :  0.011 0.005 0.015 0.033 0.045 0.003 0.034 0.848 0.006 
276 QAc-G-0275    (0)   :  0.004 0.002 0.013 0.959 0.003 0.004 0.003 0.007 0.004 
277 QAc-G-0263    (0)   :  0.279 0.005 0.013 0.020 0.006 0.009 0.184 0.004 0.479 
278 QAc-W-0001    (0)   :  0.004 0.016 0.003 0.003 0.954 0.008 0.004 0.005 0.003 
279 QAc-W-0002    (0)   :  0.022 0.003 0.030 0.004 0.450 0.031 0.024 0.428 0.008 
280 QAc-W-0003    (0)   :  0.019 0.008 0.007 0.025 0.847 0.023 0.005 0.016 0.050 
281 QAc-W-0004    (0)   :  0.003 0.004 0.006 0.007 0.957 0.003 0.006 0.010 0.004 
282 QAc-W-0005    (0)   :  0.004 0.006 0.005 0.004 0.960 0.004 0.005 0.005 0.007 
283 QAc-W-0006    (0)   :  0.005 0.004 0.004 0.004 0.964 0.006 0.005 0.005 0.003 
284 QAc-W-0007   (13)   :  0.004 0.004 0.003 0.004 0.965 0.003 0.005 0.007 0.003 
285 QAc-W-0008    (6)   :  0.018 0.002 0.004 0.002 0.930 0.005 0.027 0.008 0.004 
286 QAc-W-0009    (0)   :  0.048 0.005 0.018 0.007 0.067 0.179 0.033 0.638 0.005 
287 QAc-W-0010    (0)   :  0.061 0.031 0.007 0.006 0.714 0.019 0.077 0.044 0.042 
288 QAc-W-0011    (0)   :  0.032 0.017 0.043 0.007 0.742 0.018 0.006 0.118 0.017 
289 QAc-W-0012    (0)   :  0.008 0.006 0.012 0.005 0.935 0.005 0.006 0.021 0.003 
290 QAc-W-0013    (0)   :  0.013 0.004 0.008 0.131 0.237 0.066 0.005 0.531 0.005 
291 QAc-W-0014    (0)   :  0.005 0.004 0.003 0.004 0.941 0.003 0.016 0.018 0.005 
292 QAc-W-0015    (0)   :  0.008 0.003 0.011 0.015 0.857 0.012 0.012 0.021 0.062 
293 QAc-W-0016    (0)   :  0.197 0.003 0.005 0.024 0.621 0.016 0.068 0.025 0.041 
294 QAc-W-0017    (0)   :  0.184 0.010 0.009 0.020 0.422 0.058 0.136 0.016 0.147 
295 QAc-W-0018    (0)   :  0.158 0.009 0.003 0.025 0.740 0.019 0.020 0.024 0.004 
296 QAc-W-0019    (0)   :  0.005 0.004 0.005 0.006 0.953 0.006 0.007 0.009 0.004 
297 QAc-W-0020    (0)   :  0.019 0.038 0.003 0.003 0.905 0.005 0.007 0.015 0.005 
298 QAc-W-0021    (0)   :  0.163 0.011 0.013 0.238 0.373 0.074 0.061 0.064 0.004 
299 QAc-W-0022    (0)   :  0.089 0.007 0.008 0.014 0.505 0.016 0.212 0.065 0.084 
300 QAc-W-0023    (6)   :  0.047 0.078 0.003 0.032 0.307 0.257 0.087 0.182 0.006 
301 QAc-W-0024    (0)   :  0.015 0.004 0.035 0.111 0.802 0.008 0.015 0.004 0.006 
302 QAc-W-0025    (0)   :  0.013 0.003 0.004 0.007 0.820 0.005 0.013 0.129 0.003 
303 QAc-W-0026    (0)   :  0.013 0.038 0.022 0.017 0.863 0.009 0.022 0.005 0.011 
304 QAc-W-0027    (0)   :  0.006 0.003 0.005 0.003 0.960 0.007 0.007 0.006 0.003 
305 QAc-W-0028    (0)   :  0.008 0.003 0.004 0.003 0.941 0.009 0.008 0.020 0.005 
306 QAc-W-0029    (0)   :  0.014 0.009 0.004 0.007 0.144 0.012 0.005 0.802 0.003 
307 QAc-W-0030    (0)   :  0.010 0.022 0.015 0.005 0.041 0.007 0.006 0.885 0.009 
308 QAc-W-0031    (0)   :  0.006 0.003 0.004 0.065 0.893 0.007 0.005 0.016 0.003 
309 QAc-W-0032    (0)   :  0.006 0.013 0.002 0.004 0.899 0.003 0.014 0.057 0.002 
310 QAc-W-0033    (0)   :  0.510 0.021 0.006 0.009 0.245 0.008 0.055 0.138 0.007 
311 QAc-W-0034    (0)   :  0.009 0.005 0.004 0.006 0.879 0.033 0.011 0.051 0.003 
312 QAc-W-0035    (0)   :  0.026 0.006 0.036 0.014 0.809 0.006 0.035 0.042 0.026 
313 QAc-W-0036    (0)   :  0.004 0.022 0.003 0.003 0.949 0.006 0.005 0.005 0.003 
314 QAc-W-0037    (0)   :  0.005 0.010 0.012 0.008 0.945 0.004 0.005 0.009 0.004 
315 QAc-W-0038    (0)   :  0.018 0.012 0.016 0.007 0.877 0.010 0.008 0.025 0.028 
316 QAc-W-0039    (0)   :  0.004 0.013 0.012 0.007 0.939 0.007 0.006 0.007 0.005 
317 QAc-W-0040    (0)   :  0.029 0.021 0.007 0.008 0.707 0.005 0.211 0.006 0.007 
318 QAc-W-0041    (0)   :  0.028 0.004 0.013 0.045 0.802 0.031 0.015 0.058 0.005 
319 QAc-W-0042    (0)   :  0.029 0.194 0.021 0.011 0.021 0.693 0.007 0.015 0.009 
320 QAc-W-0043    (0)   :  0.011 0.007 0.025 0.007 0.030 0.901 0.005 0.006 0.009 
321 QAc-W-0044    (0)   :  0.033 0.252 0.025 0.005 0.065 0.411 0.065 0.093 0.052 
322 QAc-W-0045    (0)   :  0.027 0.016 0.009 0.007 0.013 0.912 0.007 0.006 0.004 
323 QAc-W-0046    (0)   :  0.009 0.009 0.016 0.015 0.016 0.916 0.006 0.009 0.004 
324 QAc-W-0047    (0)   :  0.008 0.025 0.008 0.003 0.030 0.857 0.017 0.027 0.025 
325 QAc-W-0048    (0)   :  0.015 0.032 0.004 0.006 0.019 0.910 0.005 0.005 0.004 
326 QAc-W-0049    (0)   :  0.007 0.052 0.005 0.006 0.008 0.910 0.005 0.004 0.003 
327 QAc-W-0050    (0)   :  0.794 0.008 0.005 0.007 0.005 0.162 0.008 0.005 0.005 
328 QAc-W-0051    (0)   :  0.798 0.021 0.007 0.006 0.007 0.096 0.005 0.014 0.045 
329 QAc-W-0052    (0)   :  0.003 0.973 0.003 0.002 0.004 0.003 0.003 0.005 0.003 
330 QAc-W-0053    (0)   :  0.007 0.008 0.003 0.003 0.011 0.941 0.009 0.013 0.005 
331 QAc-W-0054    (0)   :  0.715 0.036 0.070 0.005 0.007 0.032 0.051 0.011 0.073 
332 QAc-W-0055    (0)   :  0.413 0.006 0.327 0.030 0.007 0.060 0.028 0.006 0.123 
333 QAc-W-0056    (0)   :  0.896 0.007 0.005 0.012 0.027 0.009 0.010 0.021 0.013 
334 QAc-W-0057    (0)   :  0.630 0.008 0.006 0.046 0.013 0.135 0.011 0.007 0.146 
335 QAc-W-0058    (0)   :  0.471 0.009 0.011 0.138 0.005 0.337 0.004 0.005 0.021 
336 QAc-W-0059    (0)   :  0.003 0.004 0.003 0.003 0.004 0.973 0.003 0.003 0.004 
337 QAc-W-0060    (0)   :  0.010 0.044 0.012 0.003 0.018 0.008 0.008 0.009 0.888 
338 QAc-W-0061    (0)   :  0.030 0.004 0.074 0.015 0.049 0.047 0.033 0.006 0.742 
339 QAc-W-0062    (0)   :  0.005 0.017 0.009 0.006 0.004 0.003 0.007 0.003 0.946 
340 QAc-W-0063    (0)   :  0.013 0.013 0.011 0.009 0.009 0.005 0.015 0.010 0.916 
341 QAc-W-0064    (0)   :  0.008 0.005 0.015 0.007 0.008 0.004 0.007 0.010 0.936 
342 QAc-W-0065    (0)   :  0.030 0.006 0.005 0.006 0.022 0.012 0.026 0.006 0.887 
343 QAc-W-0066    (0)   :  0.002 0.002 0.977 0.004 0.003 0.002 0.002 0.003 0.004 
344 QAc-W-0067    (0)   :  0.002 0.003 0.978 0.003 0.003 0.002 0.003 0.002 0.003 
345 QAc-W-0068    (0)   :  0.003 0.002 0.976 0.003 0.003 0.002 0.002 0.003 0.006 
346 QAc-W-0069    (0)   :  0.002 0.002 0.975 0.003 0.004 0.002 0.003 0.003 0.005 
347 QAc-W-0070    (0)   :  0.003 0.002 0.592 0.003 0.003 0.002 0.003 0.002 0.390 
348 QAc-W-0071    (6)   :  0.005 0.004 0.244 0.012 0.005 0.005 0.004 0.005 0.716 
349 QAc-W-0072    (0)   :  0.014 0.003 0.004 0.008 0.019 0.004 0.127 0.004 0.817 
350 QAc-W-0073    (0)   :  0.009 0.006 0.004 0.006 0.009 0.040 0.007 0.007 0.911 
351 QAc-W-0074    (0)   :  0.003 0.003 0.005 0.004 0.004 0.003 0.004 0.003 0.971 
352 QAc-W-0075    (0)   :  0.003 0.003 0.015 0.004 0.003 0.003 0.003 0.003 0.963 
353 QAc-W-0076    (0)   :  0.005 0.003 0.004 0.006 0.004 0.004 0.025 0.003 0.947 
354 QAc-W-0077    (0)   :  0.008 0.004 0.124 0.004 0.009 0.008 0.005 0.005 0.832 
355 QAc-W-0078    (0)   :  0.125 0.017 0.036 0.598 0.052 0.008 0.126 0.029 0.009 
356 QAc-W-0079    (6)   :  0.006 0.005 0.024 0.924 0.012 0.008 0.009 0.006 0.008 
357 QAc-W-0080   (13)   :  0.007 0.002 0.004 0.924 0.026 0.009 0.005 0.019 0.003 
358 QAc-W-0081    (0)   :  0.006 0.008 0.004 0.960 0.005 0.003 0.004 0.006 0.004 
359 QAc-W-0082    (0)   :  0.653 0.002 0.003 0.275 0.006 0.044 0.006 0.005 0.006 
360 QAc-W-0083    (0)   :  0.011 0.014 0.012 0.850 0.013 0.009 0.030 0.013 0.049 
361 QAc-W-0084    (0)   :  0.004 0.007 0.004 0.966 0.006 0.003 0.003 0.004 0.003 
362 QAc-W-0085    (0)   :  0.005 0.004 0.005 0.970 0.003 0.002 0.004 0.003 0.003 
363 QAc-W-0086    (0)   :  0.006 0.003 0.006 0.960 0.005 0.004 0.009 0.004 0.003 
364 QAc-W-0087    (0)   :  0.007 0.003 0.008 0.943 0.008 0.009 0.015 0.005 0.003 
365 QAc-W-0088    (0)   :  0.026 0.004 0.004 0.910 0.006 0.036 0.008 0.005 0.004 
366 QAc-W-0089    (0)   :  0.004 0.003 0.006 0.964 0.005 0.003 0.003 0.008 0.004 
367 QAc-W-0090    (0)   :  0.005 0.003 0.006 0.963 0.005 0.004 0.003 0.008 0.003 
368 QAc-W-0091    (0)   :  0.021 0.009 0.004 0.927 0.008 0.011 0.009 0.004 0.007 
369 QAc-W-0092    (0)   :  0.008 0.225 0.007 0.665 0.067 0.007 0.007 0.011 0.004 
370 QAc-W-0093    (0)   :  0.105 0.007 0.002 0.639 0.031 0.042 0.029 0.139 0.005 
371 QAc-W-0094    (0)   :  0.053 0.241 0.003 0.560 0.036 0.020 0.011 0.034 0.041 
372 QAc-W-0095    (0)   :  0.009 0.047 0.003 0.872 0.015 0.009 0.007 0.018 0.021 
373 QAc-W-0096    (0)   :  0.027 0.106 0.006 0.723 0.022 0.027 0.017 0.022 0.049 
374 QAc-W-0097    (0)   :  0.147 0.005 0.007 0.592 0.120 0.098 0.006 0.018 0.007 
375 QAc-W-0098    (0)   :  0.007 0.005 0.003 0.956 0.005 0.010 0.004 0.006 0.003 
376 QAc-W-0099    (0)   :  0.271 0.010 0.004 0.594 0.011 0.015 0.060 0.029 0.005 
377 QAc-W-0100    (0)   :  0.014 0.003 0.003 0.951 0.006 0.005 0.010 0.005 0.004 
378 QAc-W-0101    (0)   :  0.007 0.003 0.042 0.913 0.010 0.004 0.011 0.003 0.007 
379 QAc-W-0104    (0)   :  0.013 0.004 0.003 0.918 0.007 0.018 0.024 0.007 0.005 
380 QAc-W-0105    (0)   :  0.009 0.012 0.005 0.941 0.010 0.003 0.004 0.011 0.004 
381 QAc-W-0106    (0)   :  0.047 0.061 0.006 0.830 0.018 0.004 0.010 0.020 0.004 
382 QAc-W-0107    (0)   :  0.004 0.003 0.004 0.963 0.003 0.004 0.003 0.003 0.011 
383 QAc-W-0108    (0)   :  0.003 0.002 0.004 0.972 0.003 0.003 0.004 0.004 0.006 
384 QAc-W-0109    (0)   :  0.008 0.006 0.027 0.909 0.008 0.017 0.005 0.013 0.007 
385 QAc-W-0110   (13)   :  0.012 0.004 0.007 0.109 0.832 0.006 0.021 0.005 0.004 
386 QAc-W-0111    (6)   :  0.007 0.007 0.005 0.944 0.010 0.004 0.005 0.015 0.003 
387 QAc-W-0112   (13)   :  0.016 0.008 0.004 0.914 0.014 0.010 0.019 0.012 0.004 
388 QAc-W-0113   (13)   :  0.008 0.004 0.004 0.006 0.011 0.005 0.950 0.009 0.005 
389 QAc-W-0114   (13)   :  0.008 0.008 0.004 0.017 0.007 0.020 0.929 0.004 0.004 
390 QAc-W-0115    (0)   :  0.006 0.005 0.005 0.005 0.009 0.003 0.956 0.006 0.006 
391 QAc-W-0116    (0)   :  0.009 0.014 0.002 0.004 0.013 0.015 0.921 0.019 0.004 
392 QAc-W-0117    (0)   :  0.005 0.003 0.004 0.003 0.006 0.008 0.962 0.005 0.004 
393 QAc-W-0118    (0)   :  0.008 0.004 0.017 0.012 0.005 0.005 0.911 0.004 0.033 
394 QAc-W-0119    (0)   :  0.007 0.006 0.008 0.003 0.006 0.004 0.954 0.008 0.004 
395 QAc-W-0120    (0)   :  0.017 0.003 0.012 0.006 0.005 0.007 0.922 0.017 0.011 
396 QAc-W-0121    (0)   :  0.010 0.002 0.043 0.004 0.006 0.008 0.907 0.010 0.009 
397 QAc-W-0122    (0)   :  0.014 0.005 0.003 0.004 0.011 0.017 0.930 0.011 0.006 
398 QAc-W-0123    (6)   :  0.030 0.010 0.010 0.013 0.009 0.014 0.894 0.008 0.012 
399 QAc-W-0124    (0)   :  0.019 0.010 0.015 0.036 0.070 0.004 0.688 0.023 0.136 
400 QAc-W-0125    (0)   :  0.006 0.009 0.006 0.011 0.007 0.007 0.945 0.003 0.005 
401 QAc-W-0126   (13)   :  0.022 0.012 0.006 0.019 0.008 0.012 0.907 0.006 0.007 
402 QAc-W-0127    (6)   :  0.009 0.005 0.004 0.003 0.006 0.006 0.956 0.005 0.006 
403 QAc-W-0128   (13)   :  0.013 0.003 0.014 0.037 0.012 0.010 0.897 0.008 0.006 
404 QAc-W-0129   (13)   :  0.020 0.004 0.006 0.005 0.032 0.018 0.862 0.040 0.012 
405 QAc-W-0130   (13)   :  0.007 0.002 0.007 0.007 0.014 0.009 0.919 0.032 0.004 
406 QAc-W-0131    (0)   :  0.025 0.041 0.005 0.006 0.004 0.005 0.898 0.005 0.011 
407 QAc-W-0132    (6)   :  0.013 0.017 0.046 0.016 0.023 0.005 0.833 0.021 0.026 
408 QAc-W-0133    (6)   :  0.361 0.005 0.116 0.045 0.006 0.006 0.441 0.006 0.014 
409 QAc-W-0134    (0)   :  0.004 0.004 0.004 0.004 0.005 0.005 0.966 0.003 0.005 
410 QAc-W-0135    (0)   :  0.006 0.003 0.012 0.005 0.095 0.007 0.846 0.012 0.014 
411 QAc-W-0136    (0)   :  0.004 0.009 0.003 0.003 0.005 0.003 0.966 0.004 0.003 
412 QAc-W-0137    (0)   :  0.004 0.005 0.003 0.002 0.003 0.003 0.971 0.005 0.004 
413 QAc-W-0138    (0)   :  0.004 0.004 0.003 0.002 0.006 0.003 0.969 0.005 0.004 
414 QAc-W-0139    (0)   :  0.015 0.007 0.006 0.030 0.021 0.005 0.642 0.023 0.251 
415 QAc-W-0140    (0)   :  0.012 0.003 0.005 0.005 0.033 0.074 0.843 0.020 0.004 
416 QAc-W-0141    (6)   :  0.031 0.004 0.017 0.005 0.040 0.018 0.827 0.051 0.007 
417 QAc-W-0142    (0)   :  0.005 0.003 0.005 0.003 0.004 0.004 0.963 0.004 0.008 
418 QAc-W-0143    (0)   :  0.010 0.003 0.003 0.007 0.004 0.008 0.953 0.006 0.005 
419 QAc-W-0144    (0)   :  0.026 0.007 0.003 0.005 0.007 0.129 0.812 0.007 0.005 
420 QAc-W-0145    (0)   :  0.013 0.003 0.003 0.002 0.004 0.005 0.962 0.003 0.004 
421 QAc-W-0146    (0)   :  0.005 0.005 0.004 0.005 0.010 0.004 0.948 0.016 0.003 
422 QAc-W-0147    (0)   :  0.004 0.002 0.003 0.003 0.004 0.003 0.970 0.004 0.007 
423 QAc-W-0148    (0)   :  0.004 0.006 0.003 0.003 0.008 0.003 0.962 0.006 0.007 
424 QAc-W-0149    (0)   :  0.013 0.011 0.003 0.009 0.006 0.038 0.904 0.011 0.005 
425 QAc-W-0150    (0)   :  0.015 0.010 0.007 0.015 0.048 0.006 0.856 0.037 0.006 
426 QAc-W-0151    (0)   :  0.006 0.006 0.004 0.005 0.020 0.005 0.943 0.005 0.005 
427 QAc-W-0152    (0)   :  0.005 0.003 0.004 0.004 0.005 0.005 0.963 0.004 0.007 
428 QAc-W-0153    (0)   :  0.666 0.005 0.005 0.037 0.023 0.025 0.065 0.125 0.050 
429 QAc-W-0154    (0)   :  0.033 0.003 0.003 0.004 0.020 0.006 0.902 0.025 0.005 
430 QAc-W-0155    (0)   :  0.005 0.003 0.003 0.003 0.005 0.004 0.968 0.004 0.005 
431 QAc-W-0156    (0)   :  0.011 0.012 0.004 0.073 0.045 0.004 0.824 0.023 0.003 
432 QAc-W-0157    (0)   :  0.069 0.029 0.009 0.003 0.014 0.010 0.842 0.008 0.017 
433 QAc-W-0158    (0)   :  0.005 0.004 0.021 0.030 0.034 0.003 0.863 0.034 0.006 
434 QAc-W-0159    (0)   :  0.009 0.007 0.007 0.005 0.006 0.005 0.953 0.005 0.003 
435 QAc-W-0160    (0)   :  0.008 0.005 0.003 0.005 0.013 0.004 0.930 0.025 0.007 
436 QAc-W-0161    (0)   :  0.012 0.103 0.004 0.004 0.039 0.008 0.805 0.022 0.003 
437 QAc-W-0162    (0)   :  0.008 0.016 0.005 0.003 0.003 0.016 0.793 0.004 0.153 
438 QAc-W-0163    (0)   :  0.022 0.005 0.004 0.004 0.006 0.014 0.934 0.006 0.005 
439 QAc-W-0164    (0)   :  0.007 0.006 0.005 0.004 0.005 0.004 0.953 0.003 0.013 
440 QAc-W-0165    (0)   :  0.031 0.008 0.031 0.002 0.004 0.005 0.893 0.013 0.012 
441 QAc-W-0166    (0)   :  0.006 0.005 0.005 0.004 0.042 0.004 0.925 0.004 0.006 


Estimated Allele Frequencies in each cluster
First column gives estimated ancestral frequencies


Locus 1 : 
21 alleles
0.5% missing data
 210   (0.108) 0.115 0.003 0.001 0.214 0.051 0.301 0.175 0.023 0.014 
 212   (0.119) 0.123 0.003 0.275 0.230 0.242 0.039 0.085 0.116 0.012 
 202   (0.052) 0.052 0.348 0.000 0.146 0.053 0.009 0.007 0.034 0.003 
 226   (0.066) 0.079 0.208 0.211 0.104 0.002 0.013 0.005 0.004 0.062 
 216   (0.074) 0.073 0.323 0.001 0.089 0.005 0.041 0.091 0.010 0.053 
 200   (0.193) 0.180 0.102 0.439 0.128 0.407 0.265 0.200 0.709 0.197 
 224   (0.046) 0.040 0.001 0.069 0.001 0.087 0.005 0.003 0.036 0.317 
 218   (0.040) 0.033 0.001 0.000 0.055 0.046 0.004 0.152 0.006 0.011 
 222   (0.022) 0.023 0.002 0.000 0.000 0.002 0.002 0.194 0.002 0.002 
