

----------------------------------------------------
STRUCTURE by Pritchard, Stephens and Donnelly (2000)
     and Falush, Stephens and Pritchard (2003)
       Code by Pritchard, Falush and Hubisz
             Version 2.3.4 (Jul 2012)
----------------------------------------------------



Command line arguments:   bin\structure -m C:\Users\eschumacher\Documents\GitHub\GCC_QUAC_ZAIN\Data_Files\Structure_Files\QUAC\QUAC_woK_nopopinfo_garden_wild\QUAC_woK_nopopinfo_garden_wild\50-50\mainparams -e C:\Users\eschumacher\Documents\GitHub\GCC_QUAC_ZAIN\Data_Files\Structure_Files\QUAC\QUAC_woK_nopopinfo_garden_wild\QUAC_woK_nopopinfo_garden_wild\50-50\extraparams 
Input File:    C:\Users\eschumacher\Documents\GitHub\GCC_QUAC_ZAIN\Data_Files\Structure_Files\QUAC\QUAC_woK_nopopinfo_garden_wild\QUAC_woK_nopopinfo_garden_wild\project_data

Run parameters:
   441 individuals
   15 loci
   9 populations assumed
   50000 Burn-in period
   50000 Reps


--------------------------------------------
Overall proportion of membership of the
sample in each of the 9 clusters

Inferred Clusters
  1      2      3      4      5      6      7      8      9    
0.207  0.109  0.128  0.142  0.072  0.066  0.127  0.072  0.077  

--------------------------------------------

Allele-freq. divergence among pops (Net nucleotide distance),
computed using point estimates of P.

      1       2       3       4       5       6       7       8       9      
 1      -    0.0677  0.0559  0.1117  0.0327  0.0920  0.0976  0.0977  0.1471  
 2   0.0677     -    0.0666  0.1274  0.0342  0.0854  0.1187  0.1012  0.1671  
 3   0.0559  0.0666     -    0.1283  0.0296  0.0812  0.0944  0.1010  0.1592  
 4   0.1117  0.1274  0.1283     -    0.0963  0.0913  0.1399  0.1666  0.1914  
 5   0.0327  0.0342  0.0296  0.0963     -    0.0571  0.0654  0.0826  0.1191  
 6   0.0920  0.0854  0.0812  0.0913  0.0571     -    0.1125  0.1380  0.1397  
 7   0.0976  0.1187  0.0944  0.1399  0.0654  0.1125     -    0.1548  0.0818  
 8   0.0977  0.1012  0.1010  0.1666  0.0826  0.1380  0.1548     -    0.2227  
 9   0.1471  0.1671  0.1592  0.1914  0.1191  0.1397  0.0818  0.2227     -    

Average distances (expected heterozygosity) between individuals in same cluster:
cluster  1  : 0.5615 
cluster  2  : 0.6141 
cluster  3  : 0.5548 
cluster  4  : 0.3999 
cluster  5  : 0.6979 
cluster  6  : 0.5163 
cluster  7  : 0.5057 
cluster  8  : 0.4654 
cluster  9  : 0.3934 

--------------------------------------------
Estimated Ln Prob of Data   = -15404.5
Mean value of ln likelihood = -14952.6
Variance of ln likelihood   = 903.9
Mean value of alpha         = 0.0335

Mean value of Fst_1         = 0.1607
Mean value of Fst_2         = 0.0959
Mean value of Fst_3         = 0.1407
Mean value of Fst_4         = 0.4921
Mean value of Fst_5         = 0.0044
Mean value of Fst_6         = 0.2503
Mean value of Fst_7         = 0.2456
Mean value of Fst_8         = 0.4141
Mean value of Fst_9         = 0.5501


Inferred ancestry of individuals:
        Label (%Miss) :  Inferred clusters
  1 QAc-G-0029    (0)   :  0.069 0.004 0.021 0.026 0.050 0.009 0.194 0.006 0.622 
  2 QAc-G-0030    (0)   :  0.002 0.002 0.002 0.002 0.002 0.003 0.003 0.002 0.980 
  3 QAc-G-0031    (0)   :  0.003 0.002 0.003 0.004 0.003 0.004 0.005 0.003 0.975 
  4 QAc-G-0061    (0)   :  0.005 0.002 0.004 0.004 0.003 0.003 0.828 0.005 0.146 
  5 QAc-G-0062    (0)   :  0.007 0.007 0.106 0.023 0.082 0.334 0.006 0.429 0.005 
  6 QAc-G-0063    (0)   :  0.103 0.008 0.029 0.518 0.109 0.212 0.005 0.012 0.004 
  7 QAc-G-0064    (0)   :  0.004 0.003 0.003 0.006 0.003 0.005 0.003 0.970 0.002 
  8 QAc-G-0065    (0)   :  0.003 0.004 0.002 0.002 0.003 0.002 0.002 0.973 0.008 
  9 QAc-G-0066    (0)   :  0.003 0.002 0.003 0.975 0.003 0.004 0.004 0.002 0.004 
 10 QAc-G-0067    (0)   :  0.003 0.004 0.003 0.003 0.003 0.002 0.008 0.968 0.005 
 11 QAc-G-0068    (0)   :  0.003 0.180 0.017 0.559 0.225 0.004 0.004 0.006 0.002 
 12 QAc-G-0070    (0)   :  0.011 0.006 0.322 0.537 0.016 0.089 0.005 0.010 0.004 
 13 QAc-G-0071   (13)   :  0.004 0.007 0.007 0.902 0.006 0.040 0.011 0.002 0.020 
 14 QAc-G-0072    (0)   :  0.004 0.003 0.004 0.972 0.003 0.003 0.004 0.003 0.004 
 15 QAc-G-0073    (0)   :  0.972 0.003 0.004 0.003 0.004 0.003 0.005 0.003 0.003 
 16 QAc-G-0074    (0)   :  0.734 0.009 0.031 0.112 0.022 0.079 0.004 0.005 0.005 
 17 QAc-G-0075    (0)   :  0.933 0.007 0.005 0.012 0.010 0.006 0.005 0.006 0.015 
 18 QAc-G-0076    (0)   :  0.917 0.005 0.009 0.009 0.033 0.004 0.008 0.007 0.007 
 19 QAc-G-0077    (0)   :  0.007 0.004 0.003 0.009 0.004 0.006 0.837 0.007 0.125 
 20 QAc-G-0078    (0)   :  0.002 0.002 0.002 0.003 0.002 0.002 0.003 0.002 0.982 
 21 QAc-G-0079    (0)   :  0.003 0.003 0.002 0.003 0.002 0.003 0.003 0.002 0.978 
 22 QAc-G-0080    (0)   :  0.086 0.011 0.004 0.007 0.049 0.021 0.798 0.021 0.003 
 23 QAc-G-0081    (0)   :  0.019 0.014 0.236 0.005 0.683 0.028 0.005 0.004 0.007 
 24 QAc-G-0082    (0)   :  0.017 0.012 0.017 0.002 0.934 0.007 0.005 0.003 0.003 
 25 QAc-G-0083    (0)   :  0.028 0.006 0.010 0.011 0.009 0.896 0.017 0.014 0.010 
 26 QAc-G-0001   (13)   :  0.003 0.003 0.002 0.004 0.002 0.003 0.005 0.002 0.975 
 27 QAc-G-0002    (0)   :  0.002 0.002 0.002 0.003 0.002 0.002 0.005 0.002 0.979 
 28 QAc-G-0285    (0)   :  0.005 0.008 0.007 0.013 0.007 0.944 0.006 0.004 0.006 
 29 QAc-G-0286    (0)   :  0.003 0.002 0.003 0.976 0.003 0.004 0.003 0.003 0.003 
 30 QAc-G-0287    (0)   :  0.003 0.002 0.002 0.978 0.002 0.004 0.003 0.003 0.003 
 31 QAc-G-0288    (6)   :  0.015 0.007 0.040 0.856 0.015 0.008 0.026 0.010 0.023 
 32 QAc-G-0289    (0)   :  0.003 0.002 0.003 0.975 0.003 0.003 0.004 0.003 0.003 
 33 QAc-G-0290    (0)   :  0.004 0.002 0.003 0.972 0.003 0.004 0.003 0.006 0.003 
 34 QAc-G-0291    (0)   :  0.007 0.003 0.002 0.907 0.005 0.019 0.017 0.003 0.038 
 35 QAc-G-0292    (0)   :  0.005 0.007 0.008 0.224 0.008 0.739 0.004 0.003 0.003 
 36 QAc-G-0293    (0)   :  0.003 0.003 0.002 0.484 0.002 0.488 0.005 0.002 0.011 
 37 QAc-G-0294    (0)   :  0.943 0.012 0.006 0.003 0.013 0.003 0.006 0.006 0.008 
 38 QAc-G-0295    (0)   :  0.944 0.004 0.004 0.014 0.005 0.009 0.008 0.005 0.007 
 39 QAc-G-0296    (0)   :  0.961 0.003 0.005 0.005 0.004 0.005 0.004 0.011 0.002 
 40 QAc-G-0297    (0)   :  0.381 0.034 0.011 0.003 0.557 0.003 0.005 0.005 0.003 
 41 QAc-G-0298    (6)   :  0.967 0.004 0.004 0.003 0.005 0.004 0.005 0.004 0.005 
 42 QAc-G-0299    (0)   :  0.962 0.006 0.003 0.007 0.005 0.004 0.005 0.004 0.004 
 43 QAc-G-0300    (0)   :  0.953 0.004 0.009 0.004 0.005 0.003 0.003 0.016 0.002 
 44 QAc-G-0301    (0)   :  0.889 0.004 0.005 0.011 0.005 0.006 0.005 0.068 0.006 
 45 QAc-G-0302    (0)   :  0.010 0.948 0.004 0.005 0.016 0.006 0.004 0.003 0.003 
 46 QAc-G-0303    (0)   :  0.008 0.885 0.043 0.003 0.037 0.009 0.007 0.005 0.003 
 47 QAc-G-0304    (0)   :  0.004 0.002 0.003 0.974 0.003 0.006 0.003 0.002 0.004 
 48 QAc-G-0305    (0)   :  0.006 0.070 0.045 0.499 0.054 0.252 0.037 0.003 0.034 
 49 QAc-G-0306    (0)   :  0.003 0.002 0.002 0.976 0.003 0.005 0.004 0.002 0.003 
 50 QAc-G-0307    (0)   :  0.008 0.011 0.034 0.004 0.019 0.025 0.848 0.006 0.044 
 51 QAc-G-0308    (0)   :  0.008 0.006 0.006 0.009 0.004 0.006 0.954 0.003 0.005 
 52 QAc-G-0309    (0)   :  0.004 0.003 0.004 0.003 0.014 0.004 0.005 0.002 0.960 
 53 QAc-G-0310    (0)   :  0.003 0.002 0.003 0.003 0.003 0.003 0.005 0.003 0.975 
 54 QAc-G-0311    (0)   :  0.002 0.002 0.002 0.003 0.002 0.002 0.979 0.002 0.006 
 55 QAc-G-0312    (0)   :  0.117 0.059 0.065 0.007 0.086 0.006 0.642 0.013 0.006 
 56 QAc-G-0313    (0)   :  0.014 0.006 0.070 0.006 0.833 0.035 0.006 0.006 0.025 
 57 QAc-G-0314    (0)   :  0.127 0.020 0.099 0.004 0.721 0.003 0.010 0.009 0.007 
 58 QAc-G-0315    (0)   :  0.010 0.010 0.011 0.007 0.945 0.004 0.004 0.005 0.003 
 59 QAc-G-0316    (0)   :  0.006 0.004 0.109 0.007 0.825 0.008 0.011 0.009 0.021 
 60 QAc-G-0032    (6)   :  0.013 0.473 0.011 0.007 0.322 0.004 0.006 0.154 0.011 
 61 QAc-G-0033    (0)   :  0.960 0.005 0.006 0.005 0.004 0.004 0.005 0.008 0.006 
 62 QAc-G-0034    (0)   :  0.907 0.007 0.016 0.004 0.008 0.004 0.029 0.007 0.019 
 63 QAc-G-0035    (0)   :  0.953 0.005 0.005 0.005 0.008 0.007 0.005 0.009 0.003 
 64 QAc-G-0036    (0)   :  0.925 0.005 0.013 0.016 0.011 0.014 0.006 0.005 0.006 
 65 QAc-G-0037    (0)   :  0.949 0.003 0.003 0.013 0.005 0.005 0.012 0.005 0.006 
 66 QAc-G-0038    (0)   :  0.978 0.003 0.004 0.003 0.004 0.003 0.002 0.003 0.002 
 67 QAc-G-0039    (0)   :  0.898 0.011 0.016 0.005 0.024 0.004 0.026 0.005 0.011 
 68 QAc-G-0040    (0)   :  0.845 0.006 0.059 0.058 0.009 0.010 0.005 0.003 0.006 
 69 QAc-G-0041    (0)   :  0.911 0.003 0.023 0.003 0.006 0.019 0.003 0.029 0.003 
 70 QAc-G-0042    (0)   :  0.963 0.006 0.004 0.007 0.004 0.004 0.003 0.005 0.002 
 71 QAc-G-0043    (0)   :  0.965 0.003 0.004 0.005 0.004 0.004 0.009 0.002 0.004 
 72 QAc-G-0044    (0)   :  0.918 0.017 0.006 0.008 0.010 0.005 0.003 0.029 0.004 
 73 QAc-G-0045    (0)   :  0.915 0.006 0.008 0.007 0.006 0.004 0.031 0.011 0.012 
 74 QAc-G-0046    (0)   :  0.894 0.004 0.015 0.002 0.013 0.006 0.016 0.004 0.046 
 75 QAc-G-0047    (0)   :  0.908 0.013 0.008 0.005 0.012 0.005 0.021 0.006 0.023 
 76 QAc-G-0048    (0)   :  0.966 0.004 0.006 0.003 0.006 0.005 0.003 0.005 0.002 
 77 QAc-G-0049    (0)   :  0.002 0.002 0.003 0.004 0.003 0.003 0.007 0.002 0.974 
 78 QAc-G-0050    (0)   :  0.004 0.039 0.016 0.017 0.832 0.006 0.071 0.004 0.011 
 79 QAc-G-0051    (0)   :  0.002 0.002 0.002 0.003 0.002 0.003 0.004 0.002 0.978 
 80 QAc-G-0052    (0)   :  0.006 0.003 0.006 0.003 0.005 0.003 0.959 0.008 0.007 
 81 QAc-G-0053    (0)   :  0.017 0.002 0.003 0.007 0.007 0.006 0.940 0.004 0.014 
 82 QAc-G-0054    (0)   :  0.019 0.033 0.135 0.004 0.237 0.003 0.562 0.004 0.003 
 83 QAc-G-0055    (0)   :  0.014 0.109 0.018 0.004 0.217 0.004 0.626 0.002 0.005 
 84 QAc-G-0056    (0)   :  0.008 0.011 0.064 0.014 0.832 0.006 0.052 0.008 0.004 
 85 QAc-G-0057    (0)   :  0.003 0.003 0.002 0.003 0.003 0.003 0.005 0.002 0.977 
 86 QAc-G-0058    (6)   :  0.003 0.002 0.003 0.003 0.003 0.004 0.004 0.002 0.977 
 87 QAc-G-0059    (0)   :  0.011 0.008 0.007 0.002 0.509 0.003 0.451 0.003 0.005 
 88 QAc-G-0060    (6)   :  0.007 0.004 0.006 0.013 0.026 0.006 0.916 0.008 0.015 
 89 QAc-G-0276    (0)   :  0.016 0.004 0.004 0.284 0.006 0.668 0.011 0.003 0.005 
 90 QAc-G-0279    (0)   :  0.003 0.002 0.003 0.973 0.003 0.004 0.004 0.002 0.005 
 91 QAc-G-0280    (6)   :  0.006 0.003 0.004 0.967 0.005 0.005 0.003 0.004 0.003 
 92 QAc-G-0281    (0)   :  0.003 0.003 0.003 0.006 0.003 0.003 0.972 0.003 0.006 
 93 QAc-G-0018    (0)   :  0.860 0.026 0.009 0.006 0.027 0.005 0.042 0.005 0.021 
 94 QAc-G-0019    (0)   :  0.886 0.004 0.007 0.011 0.006 0.013 0.004 0.065 0.003 
 95 QAc-G-0020    (0)   :  0.938 0.003 0.004 0.003 0.035 0.004 0.005 0.003 0.005 
 96 QAc-G-0021    (6)   :  0.953 0.003 0.003 0.004 0.005 0.003 0.008 0.014 0.008 
 97 QAc-G-0022    (6)   :  0.773 0.009 0.082 0.004 0.036 0.014 0.026 0.045 0.011 
 98 QAc-G-0023    (0)   :  0.003 0.003 0.003 0.003 0.003 0.005 0.351 0.002 0.627 
 99 QAc-G-0024    (0)   :  0.004 0.003 0.003 0.003 0.003 0.003 0.006 0.003 0.972 
100 QAc-G-0016    (0)   :  0.012 0.387 0.010 0.014 0.217 0.007 0.346 0.004 0.003 
101 QAc-G-0017    (0)   :  0.008 0.738 0.009 0.005 0.023 0.006 0.003 0.203 0.004 
102 QAc-G-0250    (0)   :  0.017 0.069 0.012 0.113 0.440 0.329 0.007 0.007 0.007 
103 QAc-G-0003    (6)   :  0.005 0.003 0.006 0.962 0.003 0.010 0.004 0.003 0.004 
104 QAc-G-0004    (0)   :  0.042 0.892 0.006 0.003 0.022 0.006 0.007 0.006 0.017 
105 QAc-G-0005    (0)   :  0.003 0.004 0.003 0.003 0.003 0.002 0.003 0.977 0.003 
106 QAc-G-0006    (6)   :  0.012 0.891 0.014 0.004 0.056 0.012 0.004 0.003 0.003 
107 QAc-G-0283    (0)   :  0.008 0.025 0.405 0.004 0.400 0.147 0.005 0.003 0.003 
108 QAc-G-0265    (0)   :  0.019 0.009 0.011 0.004 0.220 0.264 0.005 0.004 0.465 
109 QAc-G-0266    (0)   :  0.003 0.002 0.002 0.004 0.002 0.003 0.006 0.002 0.977 
110 QAc-G-0267    (0)   :  0.207 0.005 0.010 0.004 0.011 0.631 0.009 0.120 0.004 
111 QAc-G-0268   (20)   :  0.005 0.019 0.007 0.540 0.398 0.009 0.008 0.011 0.003 
112 QAc-G-0269    (0)   :  0.004 0.002 0.002 0.975 0.003 0.003 0.003 0.003 0.005 
113 QAc-G-0270    (6)   :  0.961 0.004 0.005 0.005 0.004 0.005 0.004 0.009 0.004 
114 QAc-G-0271    (0)   :  0.737 0.013 0.008 0.004 0.127 0.006 0.005 0.098 0.003 
115 QAc-G-0272    (6)   :  0.940 0.008 0.006 0.014 0.006 0.010 0.007 0.004 0.005 
116 QAc-G-0273    (0)   :  0.003 0.004 0.004 0.004 0.004 0.004 0.962 0.004 0.011 
117 QAc-G-0274    (0)   :  0.003 0.002 0.002 0.002 0.002 0.002 0.002 0.981 0.002 
118 QAc-G-0251    (6)   :  0.939 0.014 0.008 0.004 0.005 0.004 0.004 0.014 0.007 
119 QAc-G-0252    (0)   :  0.946 0.011 0.014 0.005 0.006 0.004 0.005 0.005 0.004 
120 QAc-G-0253    (0)   :  0.004 0.003 0.003 0.006 0.005 0.004 0.956 0.002 0.016 
121 QAc-G-0254    (0)   :  0.004 0.004 0.003 0.004 0.008 0.003 0.048 0.003 0.922 
122 QAc-G-0255    (0)   :  0.013 0.929 0.006 0.005 0.023 0.009 0.005 0.007 0.004 
123 QAc-G-0256    (0)   :  0.007 0.952 0.004 0.011 0.005 0.006 0.005 0.007 0.003 
124 QAc-G-0257    (0)   :  0.010 0.841 0.052 0.003 0.023 0.006 0.022 0.039 0.002 
125 QAc-G-0258    (0)   :  0.005 0.965 0.003 0.003 0.010 0.004 0.002 0.005 0.002 
126 QAc-G-0259    (0)   :  0.004 0.008 0.008 0.002 0.971 0.002 0.002 0.002 0.002 
127 QAc-G-0260    (0)   :  0.011 0.031 0.031 0.032 0.815 0.010 0.011 0.055 0.005 
128 QAc-G-0261    (0)   :  0.010 0.055 0.007 0.004 0.476 0.004 0.006 0.435 0.003 
129 QAc-G-0262    (0)   :  0.006 0.202 0.015 0.012 0.696 0.019 0.012 0.033 0.004 
130 QAc-G-0010    (0)   :  0.014 0.003 0.006 0.033 0.011 0.905 0.008 0.005 0.014 
131 QAc-G-0011    (0)   :  0.006 0.004 0.950 0.004 0.021 0.003 0.004 0.005 0.004 
132 QAc-G-0015    (0)   :  0.010 0.124 0.057 0.003 0.060 0.010 0.313 0.008 0.415 
133 QAc-G-0106    (0)   :  0.012 0.930 0.007 0.003 0.014 0.003 0.003 0.027 0.002 
134 QAc-G-0107    (0)   :  0.004 0.949 0.004 0.005 0.013 0.008 0.008 0.003 0.004 
135 QAc-G-0108    (0)   :  0.006 0.967 0.005 0.005 0.005 0.004 0.002 0.004 0.002 
136 QAc-G-0109    (0)   :  0.007 0.847 0.026 0.005 0.056 0.008 0.016 0.028 0.007 
137 QAc-G-0110    (0)   :  0.036 0.827 0.011 0.064 0.025 0.020 0.007 0.003 0.008 
138 QAc-G-0111    (0)   :  0.010 0.933 0.008 0.005 0.009 0.021 0.005 0.005 0.006 
139 QAc-G-0112    (0)   :  0.004 0.912 0.004 0.027 0.021 0.013 0.006 0.003 0.011 
140 QAc-G-0113    (0)   :  0.006 0.838 0.005 0.007 0.026 0.017 0.078 0.020 0.002 
141 QAc-G-0114    (0)   :  0.037 0.876 0.006 0.014 0.025 0.011 0.013 0.003 0.014 
142 QAc-G-0115    (0)   :  0.004 0.954 0.004 0.008 0.012 0.004 0.004 0.006 0.003 
143 QAc-G-0116    (0)   :  0.004 0.940 0.006 0.010 0.009 0.013 0.006 0.006 0.007 
144 QAc-G-0117    (0)   :  0.182 0.519 0.013 0.005 0.132 0.050 0.019 0.074 0.006 
145 QAc-G-0118    (0)   :  0.006 0.927 0.011 0.004 0.009 0.013 0.002 0.025 0.002 
146 QAc-G-0119    (0)   :  0.018 0.923 0.004 0.002 0.017 0.003 0.005 0.024 0.005 
147 QAc-G-0120    (0)   :  0.012 0.858 0.011 0.006 0.091 0.006 0.007 0.005 0.004 
148 QAc-G-0121    (0)   :  0.008 0.007 0.003 0.007 0.004 0.004 0.004 0.959 0.004 
149 QAc-G-0122    (0)   :  0.009 0.007 0.005 0.036 0.005 0.009 0.004 0.920 0.004 
150 QAc-G-0123    (0)   :  0.004 0.003 0.002 0.002 0.003 0.002 0.003 0.980 0.002 
151 QAc-G-0124    (6)   :  0.004 0.004 0.004 0.003 0.003 0.003 0.003 0.973 0.003 
152 QAc-G-0125    (0)   :  0.006 0.037 0.040 0.009 0.288 0.038 0.038 0.485 0.060 
153 QAc-G-0126    (0)   :  0.014 0.145 0.015 0.007 0.568 0.006 0.033 0.209 0.003 
154 QAc-G-0127    (0)   :  0.007 0.008 0.009 0.003 0.007 0.004 0.006 0.953 0.003 
155 QAc-G-0128    (0)   :  0.003 0.003 0.003 0.005 0.003 0.003 0.003 0.974 0.003 
156 QAc-G-0129    (0)   :  0.003 0.003 0.002 0.003 0.002 0.002 0.002 0.979 0.002 
157 QAc-G-0130    (0)   :  0.009 0.034 0.018 0.004 0.005 0.008 0.003 0.918 0.002 
158 QAc-G-0131    (0)   :  0.006 0.004 0.004 0.005 0.004 0.003 0.004 0.966 0.003 
159 QAc-G-0132    (0)   :  0.007 0.154 0.006 0.013 0.021 0.017 0.010 0.748 0.024 
160 QAc-G-0133    (0)   :  0.008 0.003 0.004 0.004 0.004 0.005 0.003 0.966 0.004 
161 QAc-G-0134    (0)   :  0.004 0.005 0.003 0.004 0.004 0.003 0.002 0.966 0.009 
162 QAc-G-0135    (0)   :  0.010 0.948 0.006 0.006 0.008 0.004 0.006 0.003 0.008 
163 QAc-G-0136    (0)   :  0.005 0.836 0.013 0.005 0.015 0.107 0.006 0.006 0.007 
164 QAc-G-0137    (0)   :  0.010 0.923 0.006 0.004 0.014 0.005 0.004 0.030 0.003 
165 QAc-G-0138    (0)   :  0.003 0.900 0.031 0.003 0.013 0.032 0.009 0.006 0.005 
166 QAc-G-0139    (0)   :  0.027 0.920 0.005 0.003 0.009 0.003 0.003 0.029 0.002 
167 QAc-G-0140    (6)   :  0.033 0.872 0.005 0.006 0.014 0.008 0.008 0.050 0.003 
168 QAc-G-0141    (0)   :  0.056 0.451 0.043 0.015 0.317 0.019 0.068 0.026 0.004 
169 QAc-G-0142    (0)   :  0.005 0.972 0.004 0.003 0.005 0.003 0.002 0.003 0.002 
170 QAc-G-0143    (0)   :  0.007 0.005 0.004 0.006 0.964 0.004 0.005 0.003 0.002 
171 QAc-G-0144    (6)   :  0.005 0.567 0.004 0.004 0.393 0.014 0.006 0.002 0.004 
172 QAc-G-0145    (0)   :  0.004 0.003 0.003 0.973 0.003 0.005 0.003 0.002 0.003 
173 QAc-G-0146    (0)   :  0.003 0.002 0.003 0.003 0.003 0.003 0.004 0.976 0.003 
174 QAc-G-0147    (0)   :  0.020 0.090 0.302 0.007 0.274 0.040 0.010 0.255 0.003 
175 QAc-G-0148    (0)   :  0.012 0.271 0.006 0.003 0.663 0.029 0.005 0.006 0.004 
176 QAc-G-0149    (0)   :  0.005 0.003 0.003 0.004 0.003 0.003 0.003 0.974 0.002 
177 QAc-G-0150    (0)   :  0.003 0.003 0.003 0.973 0.003 0.004 0.004 0.003 0.004 
178 QAc-G-0151    (0)   :  0.005 0.003 0.003 0.003 0.003 0.003 0.003 0.975 0.003 
179 QAc-G-0152    (0)   :  0.005 0.002 0.003 0.002 0.003 0.003 0.006 0.973 0.003 
180 QAc-G-0153    (0)   :  0.009 0.007 0.020 0.003 0.011 0.062 0.002 0.884 0.002 
181 QAc-G-0154    (0)   :  0.023 0.023 0.004 0.012 0.006 0.017 0.003 0.909 0.003 
182 QAc-G-0155    (0)   :  0.005 0.003 0.003 0.003 0.003 0.003 0.003 0.976 0.002 
183 QAc-G-0158    (0)   :  0.003 0.003 0.003 0.003 0.003 0.003 0.003 0.978 0.003 
184 QAc-G-0159    (0)   :  0.008 0.918 0.010 0.012 0.021 0.004 0.005 0.012 0.009 
185 QAc-G-0160    (0)   :  0.002 0.002 0.003 0.980 0.002 0.003 0.003 0.002 0.003 
186 QAc-G-0161    (0)   :  0.003 0.002 0.002 0.980 0.002 0.003 0.002 0.002 0.003 
187 QAc-G-0162    (0)   :  0.315 0.006 0.009 0.061 0.025 0.568 0.006 0.005 0.006 
188 QAc-G-0163    (0)   :  0.083 0.023 0.006 0.822 0.033 0.025 0.003 0.003 0.002 
189 QAc-G-0164    (0)   :  0.004 0.003 0.059 0.900 0.011 0.003 0.014 0.002 0.004 
190 QAc-G-0165    (0)   :  0.005 0.005 0.005 0.963 0.004 0.006 0.003 0.007 0.002 
191 QAc-G-0166    (0)   :  0.005 0.003 0.003 0.975 0.003 0.004 0.003 0.003 0.003 
192 QAc-G-0167    (0)   :  0.004 0.002 0.004 0.972 0.003 0.004 0.003 0.004 0.004 
193 QAc-G-0168    (0)   :  0.003 0.002 0.002 0.978 0.003 0.003 0.003 0.002 0.003 
194 QAc-G-0169    (6)   :  0.006 0.061 0.011 0.185 0.642 0.081 0.005 0.005 0.004 
195 QAc-G-0170    (0)   :  0.005 0.003 0.004 0.967 0.004 0.006 0.003 0.005 0.004 
196 QAc-G-0171    (0)   :  0.003 0.002 0.003 0.974 0.003 0.006 0.003 0.002 0.004 
197 QAc-G-0172    (0)   :  0.009 0.853 0.014 0.017 0.058 0.019 0.008 0.012 0.010 
198 QAc-G-0173    (0)   :  0.003 0.003 0.002 0.442 0.003 0.528 0.004 0.002 0.012 
199 QAc-G-0174    (0)   :  0.004 0.003 0.003 0.021 0.003 0.952 0.004 0.003 0.005 
200 QAc-G-0175    (0)   :  0.003 0.002 0.003 0.974 0.003 0.005 0.004 0.002 0.003 
201 QAc-G-0176    (0)   :  0.151 0.005 0.004 0.799 0.016 0.007 0.011 0.004 0.003 
202 QAc-G-0177    (0)   :  0.003 0.002 0.003 0.972 0.003 0.007 0.004 0.003 0.003 
203 QAc-G-0178    (0)   :  0.004 0.004 0.229 0.700 0.014 0.013 0.014 0.016 0.007 
204 QAc-G-0179    (6)   :  0.003 0.002 0.003 0.974 0.003 0.006 0.003 0.002 0.003 
205 QAc-G-0180    (0)   :  0.003 0.003 0.003 0.979 0.002 0.003 0.003 0.002 0.003 
206 QAc-G-0181    (0)   :  0.008 0.004 0.005 0.968 0.004 0.004 0.002 0.003 0.002 
207 QAc-G-0182    (0)   :  0.004 0.006 0.004 0.403 0.006 0.566 0.003 0.005 0.002 
208 QAc-G-0183    (6)   :  0.004 0.007 0.004 0.939 0.014 0.015 0.009 0.003 0.003 
209 QAc-G-0184    (0)   :  0.003 0.003 0.003 0.975 0.002 0.004 0.003 0.003 0.003 
210 QAc-G-0185    (0)   :  0.009 0.010 0.105 0.741 0.016 0.075 0.007 0.033 0.004 
211 QAc-G-0186    (0)   :  0.009 0.003 0.005 0.968 0.004 0.005 0.002 0.002 0.002 
212 QAc-G-0187    (0)   :  0.020 0.005 0.103 0.786 0.024 0.005 0.022 0.005 0.031 
213 QAc-G-0188    (0)   :  0.029 0.388 0.007 0.194 0.361 0.011 0.004 0.004 0.002 
214 QAc-G-0189    (0)   :  0.003 0.004 0.006 0.916 0.005 0.041 0.010 0.002 0.012 
215 QAc-G-0190    (0)   :  0.004 0.003 0.004 0.971 0.003 0.004 0.004 0.004 0.004 
216 QAc-G-0191    (0)   :  0.004 0.003 0.003 0.971 0.003 0.005 0.004 0.004 0.004 
217 QAc-G-0192    (0)   :  0.003 0.002 0.002 0.979 0.002 0.003 0.003 0.002 0.003 
218 QAc-G-0193    (0)   :  0.004 0.003 0.004 0.973 0.003 0.003 0.003 0.004 0.003 
219 QAc-G-0194    (0)   :  0.006 0.003 0.005 0.966 0.004 0.005 0.005 0.003 0.003 
220 QAc-G-0195    (0)   :  0.008 0.004 0.004 0.051 0.005 0.891 0.011 0.003 0.025 
221 QAc-G-0196    (0)   :  0.004 0.002 0.004 0.635 0.005 0.333 0.004 0.002 0.011 
222 QAc-G-0197    (0)   :  0.003 0.002 0.002 0.979 0.002 0.004 0.003 0.002 0.003 
223 QAc-G-0198    (0)   :  0.004 0.002 0.003 0.974 0.003 0.005 0.003 0.003 0.003 
224 QAc-G-0199    (0)   :  0.015 0.005 0.112 0.661 0.019 0.160 0.011 0.015 0.002 
225 QAc-G-0200    (0)   :  0.008 0.003 0.004 0.966 0.004 0.006 0.003 0.002 0.003 
226 QAc-G-0201    (0)   :  0.003 0.002 0.003 0.414 0.009 0.559 0.004 0.002 0.003 
227 QAc-G-0202    (6)   :  0.004 0.005 0.003 0.497 0.004 0.464 0.008 0.002 0.012 
228 QAc-G-0203    (0)   :  0.004 0.006 0.002 0.954 0.008 0.004 0.013 0.002 0.006 
229 QAc-G-0204    (0)   :  0.005 0.003 0.003 0.967 0.004 0.006 0.004 0.003 0.006 
230 QAc-G-0205    (0)   :  0.002 0.002 0.002 0.003 0.002 0.002 0.004 0.002 0.981 
231 QAc-G-0206    (0)   :  0.032 0.087 0.005 0.003 0.270 0.004 0.040 0.004 0.554 
232 QAc-G-0207    (0)   :  0.005 0.004 0.006 0.006 0.004 0.004 0.957 0.004 0.010 
233 QAc-G-0208    (0)   :  0.003 0.002 0.003 0.003 0.003 0.003 0.006 0.003 0.975 
234 QAc-G-0209    (0)   :  0.002 0.002 0.003 0.004 0.003 0.004 0.005 0.002 0.973 
235 QAc-G-0210    (0)   :  0.003 0.004 0.004 0.002 0.004 0.002 0.802 0.002 0.176 
236 QAc-G-0211    (0)   :  0.002 0.003 0.003 0.002 0.003 0.002 0.975 0.003 0.006 
237 QAc-G-0212    (0)   :  0.004 0.002 0.003 0.005 0.003 0.003 0.716 0.003 0.261 
238 QAc-G-0213    (0)   :  0.006 0.002 0.004 0.004 0.003 0.003 0.957 0.003 0.017 
239 QAc-G-0214    (0)   :  0.002 0.002 0.002 0.003 0.002 0.003 0.005 0.002 0.979 
240 QAc-G-0215    (0)   :  0.003 0.003 0.004 0.004 0.003 0.003 0.966 0.002 0.012 
241 QAc-G-0216    (0)   :  0.016 0.172 0.006 0.016 0.271 0.349 0.052 0.004 0.115 
242 QAc-G-0217    (0)   :  0.005 0.005 0.005 0.003 0.005 0.007 0.933 0.015 0.024 
243 QAc-G-0218    (0)   :  0.006 0.002 0.005 0.004 0.004 0.003 0.966 0.004 0.006 
244 QAc-G-0219    (0)   :  0.010 0.011 0.005 0.007 0.010 0.006 0.940 0.007 0.004 
245 QAc-G-0220    (0)   :  0.004 0.003 0.004 0.003 0.016 0.003 0.957 0.004 0.006 
246 QAc-G-0221    (0)   :  0.008 0.005 0.022 0.005 0.006 0.013 0.924 0.006 0.012 
247 QAc-G-0222    (0)   :  0.004 0.003 0.003 0.003 0.003 0.003 0.007 0.002 0.973 
248 QAc-G-0223    (0)   :  0.004 0.003 0.005 0.003 0.003 0.003 0.949 0.004 0.025 
249 QAc-G-0224    (0)   :  0.003 0.003 0.004 0.006 0.004 0.003 0.966 0.002 0.009 
250 QAc-G-0226    (0)   :  0.003 0.002 0.003 0.003 0.003 0.003 0.006 0.003 0.974 
251 QAc-G-0227    (0)   :  0.954 0.005 0.004 0.005 0.005 0.005 0.004 0.013 0.004 
252 QAc-G-0228    (6)   :  0.964 0.004 0.004 0.005 0.004 0.004 0.006 0.003 0.005 
253 QAc-G-0229    (0)   :  0.930 0.012 0.014 0.005 0.009 0.010 0.006 0.004 0.010 
254 QAc-G-0230    (0)   :  0.925 0.011 0.005 0.006 0.006 0.006 0.008 0.003 0.030 
255 QAc-G-0231    (0)   :  0.003 0.003 0.003 0.006 0.003 0.003 0.965 0.003 0.012 
256 QAc-G-0232    (0)   :  0.958 0.004 0.010 0.003 0.007 0.002 0.004 0.010 0.002 
257 QAc-G-0233    (0)   :  0.563 0.004 0.176 0.005 0.205 0.004 0.029 0.006 0.008 
258 QAc-G-0234    (0)   :  0.931 0.004 0.011 0.013 0.006 0.018 0.004 0.005 0.009 
259 QAc-G-0235    (0)   :  0.007 0.919 0.009 0.004 0.018 0.025 0.007 0.002 0.010 
260 QAc-G-0236    (0)   :  0.960 0.004 0.004 0.006 0.004 0.006 0.004 0.008 0.004 
261 QAc-G-0237    (0)   :  0.911 0.008 0.012 0.013 0.011 0.006 0.015 0.013 0.012 
262 QAc-G-0238    (0)   :  0.962 0.003 0.004 0.005 0.004 0.004 0.009 0.004 0.005 
263 QAc-G-0239    (0)   :  0.965 0.004 0.006 0.004 0.006 0.003 0.006 0.003 0.003 
264 QAc-G-0240    (0)   :  0.967 0.006 0.005 0.003 0.005 0.003 0.002 0.006 0.002 
265 QAc-G-0241    (0)   :  0.861 0.020 0.024 0.006 0.030 0.035 0.009 0.006 0.008 
266 QAc-G-0242    (0)   :  0.939 0.005 0.014 0.003 0.010 0.003 0.011 0.008 0.005 
267 QAc-G-0243    (0)   :  0.651 0.011 0.143 0.004 0.095 0.007 0.030 0.052 0.007 
268 QAc-G-0244    (0)   :  0.930 0.015 0.005 0.006 0.020 0.007 0.007 0.004 0.006 
269 QAc-G-0245    (0)   :  0.953 0.004 0.005 0.006 0.004 0.007 0.003 0.014 0.003 
270 QAc-G-0246    (0)   :  0.956 0.006 0.006 0.007 0.007 0.004 0.006 0.006 0.003 
271 QAc-G-0247    (0)   :  0.969 0.003 0.006 0.002 0.004 0.004 0.006 0.003 0.003 
272 QAc-G-0248    (0)   :  0.975 0.004 0.003 0.003 0.004 0.003 0.003 0.003 0.002 
273 QAc-G-0249    (0)   :  0.008 0.008 0.917 0.013 0.024 0.007 0.006 0.002 0.013 
274 QAc-G-0025    (0)   :  0.003 0.002 0.002 0.003 0.002 0.002 0.004 0.002 0.979 
275 QAc-G-0028    (0)   :  0.865 0.003 0.064 0.007 0.015 0.004 0.023 0.004 0.016 
276 QAc-G-0275    (0)   :  0.005 0.004 0.003 0.012 0.003 0.005 0.957 0.002 0.009 
277 QAc-G-0263    (0)   :  0.004 0.012 0.105 0.012 0.392 0.442 0.020 0.006 0.007 
278 QAc-W-0001    (0)   :  0.915 0.016 0.005 0.003 0.010 0.004 0.004 0.037 0.005 
279 QAc-W-0002    (0)   :  0.918 0.020 0.015 0.019 0.011 0.008 0.004 0.003 0.003 
280 QAc-W-0003    (0)   :  0.818 0.024 0.005 0.006 0.017 0.038 0.077 0.008 0.008 
281 QAc-W-0004    (0)   :  0.952 0.004 0.007 0.007 0.004 0.004 0.007 0.005 0.011 
282 QAc-W-0005    (0)   :  0.928 0.006 0.010 0.007 0.011 0.015 0.004 0.014 0.005 
283 QAc-W-0006    (0)   :  0.951 0.008 0.009 0.005 0.008 0.004 0.005 0.005 0.005 
284 QAc-W-0007   (13)   :  0.961 0.003 0.007 0.004 0.006 0.004 0.005 0.005 0.004 
285 QAc-W-0008    (6)   :  0.873 0.007 0.043 0.004 0.060 0.005 0.003 0.003 0.002 
286 QAc-W-0009    (0)   :  0.837 0.075 0.022 0.011 0.032 0.004 0.008 0.007 0.003 
287 QAc-W-0010    (0)   :  0.730 0.015 0.053 0.007 0.112 0.052 0.005 0.021 0.005 
288 QAc-W-0011    (0)   :  0.868 0.017 0.005 0.043 0.017 0.018 0.007 0.020 0.005 
289 QAc-W-0012    (0)   :  0.947 0.005 0.007 0.014 0.009 0.004 0.004 0.006 0.005 
290 QAc-W-0013    (0)   :  0.788 0.052 0.005 0.007 0.009 0.004 0.093 0.004 0.037 
291 QAc-W-0014    (0)   :  0.935 0.004 0.028 0.004 0.008 0.008 0.004 0.004 0.005 
292 QAc-W-0015    (0)   :  0.707 0.022 0.030 0.018 0.016 0.151 0.039 0.004 0.015 
293 QAc-W-0016    (0)   :  0.549 0.014 0.091 0.006 0.298 0.018 0.007 0.003 0.014 
294 QAc-W-0017    (0)   :  0.240 0.065 0.156 0.012 0.298 0.140 0.067 0.017 0.005 
295 QAc-W-0018    (0)   :  0.590 0.024 0.025 0.003 0.307 0.004 0.024 0.010 0.012 
296 QAc-W-0019    (0)   :  0.944 0.007 0.011 0.006 0.007 0.005 0.005 0.006 0.007 
297 QAc-W-0020    (0)   :  0.801 0.008 0.005 0.004 0.117 0.007 0.003 0.052 0.003 
298 QAc-W-0021    (0)   :  0.297 0.090 0.042 0.011 0.337 0.004 0.022 0.014 0.182 
299 QAc-W-0022    (0)   :  0.417 0.020 0.154 0.009 0.265 0.089 0.017 0.007 0.023 
300 QAc-W-0023    (6)   :  0.531 0.177 0.097 0.003 0.076 0.005 0.010 0.074 0.026 
301 QAc-W-0024    (0)   :  0.442 0.023 0.027 0.045 0.313 0.008 0.063 0.008 0.071 
302 QAc-W-0025    (0)   :  0.968 0.004 0.005 0.004 0.005 0.003 0.004 0.003 0.003 
303 QAc-W-0026    (0)   :  0.619 0.014 0.056 0.048 0.096 0.026 0.030 0.093 0.018 
304 QAc-W-0027    (0)   :  0.950 0.009 0.011 0.008 0.008 0.004 0.004 0.003 0.003 
305 QAc-W-0028    (0)   :  0.963 0.006 0.005 0.005 0.007 0.005 0.003 0.004 0.003 
306 QAc-W-0029    (0)   :  0.951 0.010 0.004 0.003 0.010 0.003 0.006 0.007 0.006 
307 QAc-W-0030    (0)   :  0.956 0.004 0.004 0.009 0.006 0.006 0.004 0.007 0.005 
308 QAc-W-0031    (0)   :  0.894 0.007 0.005 0.004 0.008 0.003 0.026 0.003 0.051 
309 QAc-W-0032    (0)   :  0.959 0.003 0.010 0.002 0.006 0.003 0.004 0.010 0.003 
310 QAc-W-0033    (0)   :  0.595 0.006 0.033 0.005 0.321 0.005 0.011 0.019 0.006 
311 QAc-W-0034    (0)   :  0.946 0.020 0.008 0.004 0.007 0.003 0.003 0.005 0.006 
312 QAc-W-0035    (0)   :  0.853 0.006 0.034 0.020 0.033 0.021 0.014 0.004 0.014 
313 QAc-W-0036    (0)   :  0.915 0.010 0.011 0.004 0.007 0.005 0.003 0.042 0.003 
314 QAc-W-0037    (0)   :  0.924 0.004 0.006 0.024 0.007 0.004 0.009 0.012 0.010 
315 QAc-W-0038    (0)   :  0.893 0.010 0.008 0.014 0.031 0.025 0.005 0.012 0.004 
316 QAc-W-0039    (0)   :  0.897 0.013 0.008 0.018 0.008 0.010 0.016 0.026 0.004 
317 QAc-W-0040    (0)   :  0.568 0.006 0.171 0.010 0.199 0.009 0.012 0.019 0.005 
318 QAc-W-0041    (0)   :  0.766 0.040 0.013 0.014 0.031 0.005 0.118 0.005 0.008 
319 QAc-W-0042    (0)   :  0.019 0.642 0.008 0.023 0.029 0.009 0.037 0.230 0.003 
320 QAc-W-0043    (0)   :  0.020 0.898 0.006 0.030 0.011 0.009 0.015 0.008 0.003 
321 QAc-W-0044    (0)   :  0.135 0.374 0.094 0.028 0.035 0.042 0.007 0.281 0.005 
322 QAc-W-0045    (0)   :  0.011 0.923 0.007 0.010 0.016 0.004 0.009 0.015 0.004 
323 QAc-W-0046    (0)   :  0.015 0.908 0.006 0.017 0.009 0.004 0.026 0.010 0.005 
324 QAc-W-0047    (0)   :  0.036 0.861 0.021 0.008 0.009 0.026 0.003 0.032 0.004 
325 QAc-W-0048    (0)   :  0.014 0.911 0.004 0.004 0.012 0.004 0.005 0.038 0.008 
326 QAc-W-0049    (0)   :  0.006 0.908 0.005 0.004 0.008 0.004 0.005 0.051 0.009 
327 QAc-W-0050    (0)   :  0.006 0.501 0.011 0.007 0.432 0.005 0.008 0.006 0.025 
328 QAc-W-0051    (0)   :  0.012 0.257 0.005 0.007 0.635 0.045 0.009 0.023 0.006 
329 QAc-W-0052    (0)   :  0.005 0.003 0.003 0.003 0.003 0.003 0.003 0.975 0.002 
330 QAc-W-0053    (0)   :  0.013 0.947 0.010 0.004 0.006 0.005 0.004 0.009 0.003 
331 QAc-W-0054    (0)   :  0.009 0.046 0.047 0.069 0.712 0.070 0.006 0.037 0.004 
332 QAc-W-0055    (0)   :  0.006 0.085 0.019 0.337 0.399 0.093 0.013 0.006 0.043 
333 QAc-W-0056    (0)   :  0.040 0.018 0.013 0.005 0.876 0.014 0.014 0.007 0.013 
334 QAc-W-0057    (0)   :  0.013 0.233 0.010 0.005 0.495 0.146 0.020 0.008 0.071 
335 QAc-W-0058    (0)   :  0.004 0.472 0.004 0.012 0.245 0.015 0.023 0.008 0.216 
336 QAc-W-0059    (0)   :  0.004 0.973 0.003 0.003 0.003 0.004 0.002 0.004 0.003 
337 QAc-W-0060    (0)   :  0.018 0.008 0.008 0.010 0.009 0.895 0.004 0.045 0.002 
338 QAc-W-0061    (0)   :  0.022 0.041 0.040 0.064 0.029 0.770 0.013 0.004 0.017 
339 QAc-W-0062    (0)   :  0.004 0.003 0.007 0.008 0.004 0.946 0.009 0.015 0.003 
340 QAc-W-0063    (0)   :  0.008 0.005 0.015 0.008 0.012 0.918 0.013 0.014 0.006 
341 QAc-W-0064    (0)   :  0.009 0.004 0.008 0.014 0.007 0.942 0.009 0.004 0.004 
342 QAc-W-0065    (0)   :  0.012 0.012 0.035 0.005 0.029 0.887 0.006 0.005 0.008 
343 QAc-W-0066    (0)   :  0.003 0.002 0.003 0.977 0.002 0.004 0.003 0.002 0.004 
344 QAc-W-0067    (0)   :  0.003 0.002 0.003 0.978 0.002 0.004 0.003 0.003 0.003 
345 QAc-W-0068    (0)   :  0.003 0.002 0.002 0.977 0.003 0.005 0.003 0.002 0.003 
346 QAc-W-0069    (0)   :  0.004 0.002 0.003 0.973 0.003 0.006 0.003 0.002 0.004 
347 QAc-W-0070    (0)   :  0.003 0.002 0.003 0.587 0.003 0.395 0.002 0.003 0.003 
348 QAc-W-0071    (6)   :  0.006 0.004 0.004 0.212 0.005 0.746 0.005 0.004 0.013 
349 QAc-W-0072    (0)   :  0.011 0.004 0.123 0.004 0.021 0.821 0.009 0.003 0.004 
350 QAc-W-0073    (0)   :  0.010 0.049 0.007 0.004 0.009 0.902 0.006 0.008 0.006 
351 QAc-W-0074    (0)   :  0.004 0.003 0.004 0.004 0.003 0.972 0.003 0.003 0.004 
352 QAc-W-0075    (0)   :  0.003 0.003 0.004 0.015 0.003 0.959 0.003 0.002 0.007 
353 QAc-W-0076    (0)   :  0.004 0.003 0.022 0.004 0.005 0.945 0.004 0.002 0.012 
354 QAc-W-0077    (0)   :  0.007 0.007 0.005 0.112 0.006 0.852 0.005 0.004 0.003 
355 QAc-W-0078    (0)   :  0.054 0.008 0.130 0.093 0.158 0.009 0.381 0.013 0.154 
356 QAc-W-0079    (6)   :  0.010 0.007 0.008 0.023 0.006 0.008 0.005 0.006 0.927 
357 QAc-W-0080   (13)   :  0.023 0.009 0.004 0.003 0.009 0.003 0.004 0.002 0.942 
358 QAc-W-0081    (0)   :  0.004 0.003 0.004 0.003 0.004 0.004 0.953 0.006 0.019 
359 QAc-W-0082    (0)   :  0.005 0.171 0.005 0.003 0.268 0.006 0.536 0.002 0.005 
360 QAc-W-0083    (0)   :  0.013 0.007 0.015 0.012 0.007 0.034 0.890 0.011 0.011 
361 QAc-W-0084    (0)   :  0.004 0.002 0.003 0.003 0.003 0.003 0.970 0.005 0.007 
362 QAc-W-0085    (0)   :  0.003 0.002 0.003 0.004 0.003 0.003 0.976 0.003 0.003 
363 QAc-W-0086    (0)   :  0.004 0.004 0.006 0.006 0.004 0.003 0.965 0.003 0.006 
364 QAc-W-0087    (0)   :  0.004 0.009 0.008 0.005 0.005 0.003 0.944 0.003 0.018 
365 QAc-W-0088    (0)   :  0.004 0.024 0.005 0.003 0.019 0.004 0.916 0.003 0.021 
366 QAc-W-0089    (0)   :  0.007 0.003 0.003 0.008 0.005 0.005 0.853 0.003 0.112 
367 QAc-W-0090    (0)   :  0.006 0.003 0.004 0.008 0.005 0.004 0.934 0.003 0.034 
368 QAc-W-0091    (0)   :  0.004 0.009 0.008 0.004 0.014 0.007 0.894 0.008 0.054 
369 QAc-W-0092    (0)   :  0.040 0.008 0.008 0.007 0.007 0.004 0.712 0.209 0.007 
370 QAc-W-0093    (0)   :  0.069 0.022 0.046 0.002 0.068 0.006 0.710 0.006 0.072 
371 QAc-W-0094    (0)   :  0.027 0.010 0.010 0.003 0.021 0.016 0.816 0.090 0.006 
372 QAc-W-0095    (0)   :  0.015 0.006 0.006 0.003 0.008 0.012 0.832 0.025 0.094 
373 QAc-W-0096    (0)   :  0.018 0.012 0.014 0.007 0.020 0.042 0.824 0.054 0.008 
374 QAc-W-0097    (0)   :  0.095 0.072 0.006 0.009 0.042 0.007 0.730 0.006 0.033 
375 QAc-W-0098    (0)   :  0.006 0.010 0.004 0.004 0.012 0.003 0.716 0.005 0.239 
376 QAc-W-0099    (0)   :  0.018 0.015 0.037 0.004 0.023 0.006 0.889 0.006 0.004 
377 QAc-W-0100    (0)   :  0.005 0.004 0.005 0.004 0.007 0.003 0.955 0.003 0.015 
378 QAc-W-0101    (0)   :  0.004 0.003 0.007 0.019 0.005 0.007 0.938 0.003 0.014 
379 QAc-W-0104    (0)   :  0.006 0.014 0.015 0.003 0.009 0.006 0.917 0.003 0.027 
380 QAc-W-0105    (0)   :  0.005 0.003 0.003 0.005 0.004 0.003 0.963 0.006 0.009 
381 QAc-W-0106    (0)   :  0.008 0.003 0.005 0.004 0.007 0.003 0.950 0.016 0.005 
382 QAc-W-0107    (0)   :  0.003 0.003 0.003 0.004 0.003 0.006 0.006 0.003 0.970 
383 QAc-W-0108    (0)   :  0.003 0.002 0.002 0.003 0.002 0.003 0.004 0.002 0.979 
384 QAc-W-0109    (0)   :  0.010 0.019 0.004 0.026 0.009 0.007 0.806 0.006 0.112 
385 QAc-W-0110   (13)   :  0.438 0.008 0.027 0.008 0.070 0.006 0.430 0.004 0.007 
386 QAc-W-0111    (6)   :  0.011 0.006 0.004 0.007 0.011 0.004 0.397 0.007 0.552 
387 QAc-W-0112   (13)   :  0.010 0.009 0.015 0.004 0.012 0.004 0.914 0.006 0.026 
388 QAc-W-0113   (13)   :  0.009 0.005 0.956 0.003 0.007 0.005 0.006 0.004 0.004 
389 QAc-W-0114   (13)   :  0.005 0.018 0.920 0.004 0.009 0.004 0.007 0.008 0.025 
390 QAc-W-0115    (0)   :  0.009 0.003 0.956 0.005 0.006 0.007 0.007 0.004 0.003 
391 QAc-W-0116    (0)   :  0.016 0.013 0.933 0.002 0.010 0.003 0.004 0.014 0.005 
392 QAc-W-0117    (0)   :  0.007 0.008 0.962 0.004 0.006 0.004 0.003 0.003 0.002 
393 QAc-W-0118    (0)   :  0.005 0.005 0.896 0.021 0.010 0.031 0.013 0.004 0.015 
394 QAc-W-0119    (0)   :  0.006 0.004 0.955 0.008 0.008 0.004 0.003 0.007 0.005 
395 QAc-W-0120    (0)   :  0.010 0.007 0.924 0.011 0.021 0.013 0.008 0.003 0.003 
396 QAc-W-0121    (0)   :  0.007 0.012 0.906 0.043 0.013 0.009 0.003 0.002 0.004 
397 QAc-W-0122    (0)   :  0.010 0.018 0.930 0.003 0.019 0.006 0.004 0.005 0.005 
398 QAc-W-0123    (6)   :  0.009 0.013 0.891 0.010 0.029 0.012 0.015 0.010 0.011 
399 QAc-W-0124    (0)   :  0.057 0.004 0.650 0.011 0.019 0.151 0.090 0.010 0.008 
400 QAc-W-0125    (0)   :  0.005 0.007 0.936 0.008 0.007 0.006 0.013 0.010 0.009 
401 QAc-W-0126   (13)   :  0.007 0.011 0.892 0.006 0.029 0.008 0.026 0.012 0.009 
402 QAc-W-0127    (6)   :  0.006 0.005 0.960 0.004 0.008 0.005 0.004 0.005 0.003 
403 QAc-W-0128   (13)   :  0.011 0.011 0.887 0.014 0.012 0.006 0.031 0.003 0.024 
404 QAc-W-0129   (13)   :  0.046 0.020 0.874 0.006 0.026 0.014 0.004 0.005 0.005 
405 QAc-W-0130   (13)   :  0.021 0.007 0.939 0.007 0.007 0.004 0.008 0.003 0.005 
406 QAc-W-0131    (0)   :  0.005 0.005 0.853 0.005 0.061 0.008 0.005 0.050 0.010 
407 QAc-W-0132    (6)   :  0.028 0.005 0.840 0.049 0.011 0.024 0.018 0.016 0.008 
408 QAc-W-0133    (6)   :  0.007 0.006 0.365 0.097 0.444 0.016 0.050 0.006 0.009 
409 QAc-W-0134    (0)   :  0.004 0.006 0.965 0.004 0.004 0.006 0.004 0.005 0.004 
410 QAc-W-0135    (0)   :  0.058 0.007 0.885 0.010 0.007 0.018 0.005 0.003 0.006 
411 QAc-W-0136    (0)   :  0.004 0.003 0.967 0.003 0.004 0.004 0.004 0.009 0.002 
412 QAc-W-0137    (0)   :  0.004 0.003 0.974 0.003 0.004 0.004 0.002 0.004 0.002 
413 QAc-W-0138    (0)   :  0.006 0.003 0.971 0.003 0.004 0.004 0.003 0.005 0.002 
414 QAc-W-0139    (0)   :  0.035 0.005 0.652 0.006 0.025 0.214 0.019 0.009 0.034 
415 QAc-W-0140    (0)   :  0.031 0.072 0.863 0.004 0.012 0.004 0.006 0.003 0.005 
416 QAc-W-0141    (6)   :  0.063 0.020 0.832 0.017 0.044 0.008 0.006 0.004 0.006 
417 QAc-W-0142    (0)   :  0.004 0.004 0.963 0.006 0.004 0.009 0.003 0.003 0.004 
418 QAc-W-0143    (0)   :  0.005 0.007 0.949 0.003 0.012 0.005 0.011 0.004 0.004 
419 QAc-W-0144    (0)   :  0.007 0.125 0.822 0.003 0.021 0.005 0.007 0.006 0.003 
420 QAc-W-0145    (0)   :  0.003 0.004 0.963 0.003 0.013 0.005 0.003 0.003 0.002 
421 QAc-W-0146    (0)   :  0.014 0.003 0.955 0.004 0.005 0.004 0.005 0.005 0.005 
422 QAc-W-0147    (0)   :  0.004 0.003 0.968 0.002 0.004 0.007 0.005 0.002 0.004 
423 QAc-W-0148    (0)   :  0.008 0.003 0.964 0.003 0.004 0.007 0.003 0.006 0.003 
424 QAc-W-0149    (0)   :  0.009 0.038 0.902 0.003 0.014 0.005 0.015 0.011 0.003 
425 QAc-W-0150    (0)   :  0.053 0.006 0.874 0.007 0.011 0.005 0.013 0.010 0.022 
426 QAc-W-0151    (0)   :  0.012 0.005 0.948 0.004 0.007 0.005 0.005 0.006 0.008 
427 QAc-W-0152    (0)   :  0.004 0.005 0.963 0.004 0.004 0.008 0.005 0.003 0.002 
428 QAc-W-0153    (0)   :  0.056 0.014 0.036 0.005 0.785 0.032 0.014 0.005 0.053 
429 QAc-W-0154    (0)   :  0.032 0.006 0.906 0.003 0.038 0.005 0.006 0.003 0.002 
430 QAc-W-0155    (0)   :  0.006 0.003 0.970 0.003 0.004 0.005 0.003 0.003 0.003 
431 QAc-W-0156    (0)   :  0.038 0.004 0.814 0.004 0.014 0.003 0.037 0.012 0.074 
432 QAc-W-0157    (0)   :  0.012 0.014 0.867 0.009 0.046 0.018 0.003 0.028 0.003 
433 QAc-W-0158    (0)   :  0.041 0.003 0.867 0.021 0.007 0.007 0.036 0.004 0.014 
434 QAc-W-0159    (0)   :  0.005 0.005 0.953 0.007 0.008 0.003 0.004 0.008 0.006 
435 QAc-W-0160    (0)   :  0.031 0.003 0.932 0.003 0.010 0.007 0.005 0.004 0.004 
436 QAc-W-0161    (0)   :  0.046 0.009 0.818 0.004 0.015 0.003 0.004 0.097 0.004 
437 QAc-W-0162    (0)   :  0.003 0.014 0.793 0.005 0.008 0.157 0.004 0.014 0.002 
438 QAc-W-0163    (0)   :  0.006 0.026 0.929 0.004 0.019 0.005 0.003 0.005 0.004 
439 QAc-W-0164    (0)   :  0.005 0.005 0.950 0.005 0.010 0.013 0.004 0.006 0.004 
440 QAc-W-0165    (0)   :  0.005 0.005 0.888 0.029 0.047 0.011 0.003 0.010 0.002 
441 QAc-W-0166    (0)   :  0.020 0.005 0.945 0.004 0.008 0.005 0.004 0.005 0.003 


Estimated Allele Frequencies in each cluster
First column gives estimated ancestral frequencies


Locus 1 : 
21 alleles
0.5% missing data
 210   (0.097) 0.042 0.296 0.175 0.001 0.094 0.013 0.158 0.002 0.304 
 212   (0.115) 0.197 0.041 0.083 0.277 0.119 0.012 0.217 0.003 0.232 
 202   (0.059) 0.048 0.010 0.007 0.000 0.058 0.003 0.077 0.344 0.236 
 226   (0.055) 0.002 0.011 0.004 0.211 0.056 0.064 0.182 0.205 0.001 
 216   (0.067) 0.005 0.038 0.090 0.001 0.064 0.050 0.146 0.325 0.001 
 200   (0.230) 0.520 0.265 0.204 0.438 0.229 0.199 0.078 0.108 0.220 
 224   (0.037) 0.074 0.004 0.002 0.069 0.035 0.319 0.003 0.001 0.001 
 218   (0.042) 0.028 0.004 0.151 0.000 0.040 0.011 0.089 0.001 0.001 
 222   (0.026) 0.001 0.003 0.195 0.000 0.026 0.002 0.001 0.002 0.000 
