

----------------------------------------------------
STRUCTURE by Pritchard, Stephens and Donnelly (2000)
     and Falush, Stephens and Pritchard (2003)
       Code by Pritchard, Falush and Hubisz
             Version 2.3.4 (Jul 2012)
----------------------------------------------------



Command line arguments:   bin\structure -m C:\Users\eschumacher\Documents\GitHub\GCC_QUAC_ZAIN\Data_Files\Structure_Files\QUAC\QUAC_woK_nopopinfo_garden_wild\QUAC_woK_nopopinfo_garden_wild\50-50\mainparams -e C:\Users\eschumacher\Documents\GitHub\GCC_QUAC_ZAIN\Data_Files\Structure_Files\QUAC\QUAC_woK_nopopinfo_garden_wild\QUAC_woK_nopopinfo_garden_wild\50-50\extraparams 
Input File:    C:\Users\eschumacher\Documents\GitHub\GCC_QUAC_ZAIN\Data_Files\Structure_Files\QUAC\QUAC_woK_nopopinfo_garden_wild\QUAC_woK_nopopinfo_garden_wild\project_data

Run parameters:
   441 individuals
   15 loci
   6 populations assumed
   50000 Burn-in period
   50000 Reps


--------------------------------------------
Overall proportion of membership of the
sample in each of the 6 clusters

Inferred Clusters
  1      2      3      4      5      6    
0.199  0.192  0.151  0.158  0.075  0.224  

--------------------------------------------

Allele-freq. divergence among pops (Net nucleotide distance),
computed using point estimates of P.

      1       2       3       4       5       6      
 1      -    0.1195  0.1005  0.0946  0.1610  0.0954  
 2   0.1195     -    0.0912  0.0987  0.1434  0.0937  
 3   0.1005  0.0912     -    0.0468  0.0892  0.0519  
 4   0.0946  0.0987  0.0468     -    0.0947  0.0495  
 5   0.1610  0.1434  0.0892  0.0947     -    0.0941  
 6   0.0954  0.0937  0.0519  0.0495  0.0941     -    

Average distances (expected heterozygosity) between individuals in same cluster:
cluster  1  : 0.5007 
cluster  2  : 0.4548 
cluster  3  : 0.6564 
cluster  4  : 0.5741 
cluster  5  : 0.4703 
cluster  6  : 0.5676 

--------------------------------------------
Estimated Ln Prob of Data   = -15860.6
Mean value of ln likelihood = -15530.8
Variance of ln likelihood   = 659.6
Mean value of alpha         = 0.0357

Mean value of Fst_1         = 0.2621
Mean value of Fst_2         = 0.3602
Mean value of Fst_3         = 0.0431
Mean value of Fst_4         = 0.1128
Mean value of Fst_5         = 0.3975
Mean value of Fst_6         = 0.1531


Inferred ancestry of individuals:
        Label (%Miss) :  Inferred clusters
  1 QAc-G-0029    (0)   :  0.961 0.011 0.004 0.005 0.004 0.014 
  2 QAc-G-0030    (0)   :  0.986 0.004 0.003 0.003 0.003 0.003 
  3 QAc-G-0031    (0)   :  0.984 0.005 0.003 0.004 0.002 0.003 
  4 QAc-G-0061    (0)   :  0.975 0.003 0.003 0.005 0.007 0.007 
  5 QAc-G-0062    (0)   :  0.009 0.098 0.011 0.380 0.497 0.005 
  6 QAc-G-0063    (0)   :  0.006 0.801 0.018 0.017 0.006 0.152 
  7 QAc-G-0064    (0)   :  0.003 0.005 0.003 0.003 0.982 0.004 
  8 QAc-G-0065    (0)   :  0.004 0.002 0.004 0.003 0.983 0.003 
  9 QAc-G-0066    (0)   :  0.006 0.982 0.003 0.004 0.003 0.004 
 10 QAc-G-0067    (0)   :  0.008 0.003 0.003 0.004 0.979 0.003 
 11 QAc-G-0068    (0)   :  0.004 0.590 0.379 0.016 0.008 0.003 
 12 QAc-G-0070    (0)   :  0.007 0.737 0.013 0.215 0.009 0.018 
 13 QAc-G-0071   (13)   :  0.006 0.981 0.003 0.003 0.003 0.004 
 14 QAc-G-0072    (0)   :  0.004 0.979 0.003 0.005 0.003 0.005 
 15 QAc-G-0073    (0)   :  0.004 0.003 0.003 0.004 0.003 0.981 
 16 QAc-G-0074    (0)   :  0.005 0.159 0.010 0.024 0.006 0.796 
 17 QAc-G-0075    (0)   :  0.008 0.009 0.008 0.005 0.006 0.964 
 18 QAc-G-0076    (0)   :  0.010 0.008 0.007 0.009 0.008 0.959 
 19 QAc-G-0077    (0)   :  0.971 0.008 0.003 0.003 0.007 0.007 
 20 QAc-G-0078    (0)   :  0.986 0.004 0.003 0.003 0.002 0.003 
 21 QAc-G-0079    (0)   :  0.981 0.005 0.004 0.004 0.002 0.004 
 22 QAc-G-0080    (0)   :  0.735 0.013 0.037 0.006 0.042 0.167 
 23 QAc-G-0081    (0)   :  0.007 0.008 0.031 0.916 0.005 0.033 
 24 QAc-G-0082    (0)   :  0.009 0.003 0.643 0.194 0.003 0.147 
 25 QAc-G-0083    (0)   :  0.096 0.518 0.033 0.142 0.082 0.129 
 26 QAc-G-0001   (13)   :  0.983 0.005 0.003 0.003 0.003 0.003 
 27 QAc-G-0002    (0)   :  0.986 0.003 0.003 0.002 0.003 0.003 
 28 QAc-G-0285    (0)   :  0.010 0.917 0.026 0.027 0.004 0.015 
 29 QAc-G-0286    (0)   :  0.004 0.984 0.003 0.003 0.003 0.003 
 30 QAc-G-0287    (0)   :  0.003 0.985 0.002 0.003 0.003 0.003 
 31 QAc-G-0288    (6)   :  0.018 0.946 0.005 0.015 0.006 0.010 
 32 QAc-G-0289    (0)   :  0.004 0.983 0.003 0.003 0.004 0.003 
 33 QAc-G-0290    (0)   :  0.004 0.978 0.003 0.004 0.007 0.004 
 34 QAc-G-0291    (0)   :  0.006 0.984 0.002 0.002 0.003 0.003 
 35 QAc-G-0292    (0)   :  0.003 0.716 0.023 0.249 0.004 0.005 
 36 QAc-G-0293    (0)   :  0.007 0.982 0.003 0.003 0.002 0.003 
 37 QAc-G-0294    (0)   :  0.007 0.003 0.011 0.006 0.007 0.966 
 38 QAc-G-0295    (0)   :  0.010 0.015 0.004 0.004 0.007 0.960 
 39 QAc-G-0296    (0)   :  0.003 0.006 0.004 0.004 0.011 0.971 
 40 QAc-G-0297    (0)   :  0.006 0.003 0.405 0.030 0.005 0.552 
 41 QAc-G-0298    (6)   :  0.005 0.004 0.004 0.004 0.005 0.978 
 42 QAc-G-0299    (0)   :  0.005 0.007 0.006 0.003 0.004 0.975 
 43 QAc-G-0300    (0)   :  0.003 0.004 0.005 0.011 0.019 0.958 
 44 QAc-G-0301    (0)   :  0.006 0.010 0.005 0.005 0.065 0.909 
 45 QAc-G-0302    (0)   :  0.004 0.005 0.972 0.006 0.004 0.009 
 46 QAc-G-0303    (0)   :  0.005 0.006 0.962 0.015 0.007 0.005 
 47 QAc-G-0304    (0)   :  0.004 0.985 0.002 0.003 0.003 0.004 
 48 QAc-G-0305    (0)   :  0.074 0.767 0.092 0.058 0.003 0.006 
 49 QAc-G-0306    (0)   :  0.004 0.986 0.002 0.003 0.002 0.003 
 50 QAc-G-0307    (0)   :  0.859 0.012 0.016 0.094 0.007 0.011 
 51 QAc-G-0308    (0)   :  0.949 0.014 0.011 0.008 0.004 0.014 
 52 QAc-G-0309    (0)   :  0.976 0.005 0.007 0.006 0.003 0.005 
 53 QAc-G-0310    (0)   :  0.981 0.004 0.003 0.004 0.003 0.005 
 54 QAc-G-0311    (0)   :  0.987 0.003 0.002 0.003 0.002 0.003 
 55 QAc-G-0312    (0)   :  0.603 0.007 0.121 0.108 0.019 0.142 
 56 QAc-G-0313    (0)   :  0.106 0.048 0.036 0.746 0.015 0.048 
 57 QAc-G-0314    (0)   :  0.014 0.004 0.088 0.571 0.014 0.310 
 58 QAc-G-0315    (0)   :  0.008 0.021 0.656 0.278 0.008 0.029 
 59 QAc-G-0316    (0)   :  0.020 0.009 0.022 0.936 0.005 0.009 
 60 QAc-G-0032    (6)   :  0.009 0.007 0.821 0.006 0.143 0.014 
 61 QAc-G-0033    (0)   :  0.005 0.005 0.005 0.006 0.008 0.971 
 62 QAc-G-0034    (0)   :  0.027 0.005 0.007 0.012 0.008 0.941 
 63 QAc-G-0035    (0)   :  0.004 0.007 0.005 0.006 0.009 0.969 
 64 QAc-G-0036    (0)   :  0.006 0.017 0.006 0.012 0.005 0.954 
 65 QAc-G-0037    (0)   :  0.011 0.014 0.004 0.003 0.005 0.964 
 66 QAc-G-0038    (0)   :  0.002 0.003 0.003 0.005 0.003 0.984 
 67 QAc-G-0039    (0)   :  0.024 0.005 0.011 0.020 0.005 0.934 
 68 QAc-G-0040    (0)   :  0.006 0.061 0.007 0.057 0.003 0.866 
 69 QAc-G-0041    (0)   :  0.003 0.007 0.003 0.024 0.036 0.926 
 70 QAc-G-0042    (0)   :  0.003 0.007 0.006 0.005 0.006 0.973 
 71 QAc-G-0043    (0)   :  0.008 0.005 0.003 0.005 0.003 0.976 
 72 QAc-G-0044    (0)   :  0.004 0.008 0.009 0.006 0.025 0.947 
 73 QAc-G-0045    (0)   :  0.023 0.006 0.005 0.007 0.013 0.945 
 74 QAc-G-0046    (0)   :  0.048 0.003 0.005 0.022 0.005 0.917 
 75 QAc-G-0047    (0)   :  0.028 0.005 0.013 0.008 0.006 0.939 
 76 QAc-G-0048    (0)   :  0.003 0.004 0.004 0.007 0.006 0.977 
 77 QAc-G-0049    (0)   :  0.984 0.005 0.003 0.003 0.003 0.003 
 78 QAc-G-0050    (0)   :  0.142 0.043 0.734 0.069 0.005 0.006 
 79 QAc-G-0051    (0)   :  0.985 0.004 0.003 0.003 0.002 0.003 
 80 QAc-G-0052    (0)   :  0.944 0.003 0.006 0.012 0.022 0.012 
 81 QAc-G-0053    (0)   :  0.966 0.008 0.003 0.003 0.006 0.014 
 82 QAc-G-0054    (0)   :  0.436 0.005 0.321 0.198 0.006 0.033 
 83 QAc-G-0055    (0)   :  0.566 0.005 0.385 0.028 0.003 0.014 
 84 QAc-G-0056    (0)   :  0.049 0.018 0.308 0.596 0.010 0.019 
 85 QAc-G-0057    (0)   :  0.982 0.004 0.004 0.003 0.002 0.004 
 86 QAc-G-0058    (6)   :  0.984 0.004 0.004 0.003 0.003 0.003 
 87 QAc-G-0059    (0)   :  0.654 0.003 0.228 0.034 0.005 0.077 
 88 QAc-G-0060    (6)   :  0.948 0.010 0.007 0.007 0.018 0.011 
 89 QAc-G-0276    (0)   :  0.029 0.923 0.006 0.011 0.003 0.026 
 90 QAc-G-0279    (0)   :  0.006 0.981 0.003 0.003 0.003 0.004 
 91 QAc-G-0280    (6)   :  0.004 0.975 0.004 0.005 0.004 0.008 
 92 QAc-G-0281    (0)   :  0.979 0.007 0.003 0.004 0.004 0.003 
 93 QAc-G-0018    (0)   :  0.035 0.006 0.024 0.011 0.006 0.918 
 94 QAc-G-0019    (0)   :  0.004 0.015 0.005 0.008 0.078 0.889 
 95 QAc-G-0020    (0)   :  0.005 0.003 0.011 0.004 0.004 0.973 
 96 QAc-G-0021    (6)   :  0.009 0.004 0.003 0.003 0.012 0.969 
 97 QAc-G-0022    (6)   :  0.024 0.008 0.012 0.102 0.047 0.807 
 98 QAc-G-0023    (0)   :  0.983 0.004 0.004 0.004 0.002 0.004 
 99 QAc-G-0024    (0)   :  0.980 0.003 0.004 0.003 0.004 0.006 
100 QAc-G-0016    (0)   :  0.199 0.016 0.755 0.012 0.006 0.013 
101 QAc-G-0017    (0)   :  0.004 0.006 0.747 0.029 0.206 0.009 
102 QAc-G-0250    (0)   :  0.015 0.580 0.352 0.017 0.006 0.031 
103 QAc-G-0003    (6)   :  0.005 0.977 0.004 0.006 0.004 0.005 
104 QAc-G-0004    (0)   :  0.007 0.004 0.945 0.007 0.006 0.030 
105 QAc-G-0005    (0)   :  0.003 0.003 0.003 0.003 0.984 0.003 
106 QAc-G-0006    (6)   :  0.003 0.004 0.969 0.012 0.003 0.008 
107 QAc-G-0283    (0)   :  0.004 0.009 0.093 0.882 0.004 0.007 
108 QAc-G-0265    (0)   :  0.464 0.044 0.111 0.059 0.006 0.315 
109 QAc-G-0266    (0)   :  0.985 0.005 0.002 0.002 0.002 0.003 
110 QAc-G-0267    (0)   :  0.012 0.165 0.028 0.128 0.094 0.573 
111 QAc-G-0268   (20)   :  0.015 0.573 0.353 0.020 0.030 0.009 
112 QAc-G-0269    (0)   :  0.005 0.983 0.003 0.003 0.003 0.004 
113 QAc-G-0270    (6)   :  0.005 0.006 0.004 0.006 0.010 0.969 
114 QAc-G-0271    (0)   :  0.004 0.004 0.016 0.009 0.082 0.884 
115 QAc-G-0272    (6)   :  0.006 0.018 0.007 0.006 0.003 0.960 
116 QAc-G-0273    (0)   :  0.973 0.005 0.005 0.005 0.008 0.004 
117 QAc-G-0274    (0)   :  0.002 0.003 0.002 0.003 0.987 0.003 
118 QAc-G-0251    (6)   :  0.005 0.004 0.011 0.008 0.015 0.957 
119 QAc-G-0252    (0)   :  0.004 0.005 0.011 0.010 0.006 0.964 
120 QAc-G-0253    (0)   :  0.981 0.005 0.003 0.004 0.003 0.004 
121 QAc-G-0254    (0)   :  0.986 0.003 0.002 0.003 0.003 0.003 
122 QAc-G-0255    (0)   :  0.005 0.005 0.963 0.008 0.007 0.011 
123 QAc-G-0256    (0)   :  0.005 0.010 0.967 0.004 0.008 0.006 
124 QAc-G-0257    (0)   :  0.006 0.004 0.909 0.027 0.047 0.008 
125 QAc-G-0258    (0)   :  0.003 0.003 0.979 0.003 0.007 0.005 
126 QAc-G-0259    (0)   :  0.003 0.002 0.783 0.199 0.002 0.010 
127 QAc-G-0260    (0)   :  0.024 0.047 0.489 0.268 0.150 0.021 
128 QAc-G-0261    (0)   :  0.007 0.004 0.462 0.023 0.493 0.011 
129 QAc-G-0262    (0)   :  0.012 0.018 0.903 0.016 0.046 0.006 
130 QAc-G-0010    (0)   :  0.021 0.889 0.007 0.037 0.005 0.040 
131 QAc-G-0011    (0)   :  0.004 0.004 0.004 0.977 0.005 0.006 
132 QAc-G-0015    (0)   :  0.846 0.005 0.077 0.041 0.009 0.021 
133 QAc-G-0106    (0)   :  0.003 0.003 0.962 0.005 0.020 0.007 
134 QAc-G-0107    (0)   :  0.006 0.006 0.973 0.006 0.004 0.005 
135 QAc-G-0108    (0)   :  0.002 0.005 0.975 0.005 0.006 0.007 
136 QAc-G-0109    (0)   :  0.014 0.006 0.930 0.020 0.024 0.007 
137 QAc-G-0110    (0)   :  0.008 0.052 0.891 0.011 0.003 0.035 
138 QAc-G-0111    (0)   :  0.005 0.007 0.965 0.009 0.005 0.009 
139 QAc-G-0112    (0)   :  0.006 0.016 0.965 0.004 0.004 0.004 
140 QAc-G-0113    (0)   :  0.010 0.008 0.952 0.006 0.019 0.005 
141 QAc-G-0114    (0)   :  0.015 0.017 0.921 0.006 0.004 0.037 
142 QAc-G-0115    (0)   :  0.003 0.005 0.976 0.005 0.007 0.004 
143 QAc-G-0116    (0)   :  0.006 0.010 0.965 0.008 0.007 0.005 
144 QAc-G-0117    (0)   :  0.013 0.008 0.757 0.015 0.058 0.149 
145 QAc-G-0118    (0)   :  0.003 0.007 0.949 0.009 0.026 0.007 
146 QAc-G-0119    (0)   :  0.006 0.002 0.945 0.005 0.025 0.016 
147 QAc-G-0120    (0)   :  0.006 0.007 0.957 0.012 0.006 0.011 
148 QAc-G-0121    (0)   :  0.004 0.006 0.006 0.003 0.974 0.006 
149 QAc-G-0122    (0)   :  0.004 0.026 0.006 0.006 0.949 0.009 
150 QAc-G-0123    (0)   :  0.003 0.002 0.003 0.002 0.986 0.005 
151 QAc-G-0124    (6)   :  0.004 0.003 0.003 0.004 0.981 0.004 
152 QAc-G-0125    (0)   :  0.198 0.032 0.123 0.095 0.543 0.008 
153 QAc-G-0126    (0)   :  0.020 0.006 0.696 0.022 0.242 0.015 
154 QAc-G-0127    (0)   :  0.004 0.003 0.006 0.006 0.975 0.006 
155 QAc-G-0128    (0)   :  0.004 0.005 0.003 0.003 0.981 0.004 
156 QAc-G-0129    (0)   :  0.002 0.003 0.003 0.002 0.986 0.003 
157 QAc-G-0130    (0)   :  0.003 0.005 0.019 0.010 0.956 0.007 
158 QAc-G-0131    (0)   :  0.004 0.005 0.005 0.004 0.976 0.006 
159 QAc-G-0132    (0)   :  0.028 0.021 0.152 0.007 0.782 0.010 
160 QAc-G-0133    (0)   :  0.003 0.004 0.003 0.003 0.980 0.006 
161 QAc-G-0134    (0)   :  0.004 0.003 0.004 0.003 0.980 0.005 
162 QAc-G-0135    (0)   :  0.008 0.006 0.963 0.007 0.003 0.013 
163 QAc-G-0136    (0)   :  0.006 0.009 0.961 0.013 0.007 0.005 
164 QAc-G-0137    (0)   :  0.004 0.005 0.945 0.007 0.031 0.009 
165 QAc-G-0138    (0)   :  0.009 0.004 0.914 0.063 0.007 0.003 
166 QAc-G-0139    (0)   :  0.002 0.004 0.943 0.005 0.024 0.021 
167 QAc-G-0140    (6)   :  0.005 0.006 0.928 0.006 0.033 0.022 
168 QAc-G-0141    (0)   :  0.023 0.018 0.831 0.044 0.027 0.056 
169 QAc-G-0142    (0)   :  0.003 0.003 0.978 0.004 0.004 0.008 
170 QAc-G-0143    (0)   :  0.006 0.016 0.934 0.012 0.006 0.026 
171 QAc-G-0144    (6)   :  0.006 0.004 0.976 0.006 0.003 0.006 
172 QAc-G-0145    (0)   :  0.003 0.983 0.003 0.004 0.003 0.004 
173 QAc-G-0146    (0)   :  0.003 0.003 0.002 0.003 0.984 0.004 
174 QAc-G-0147    (0)   :  0.006 0.009 0.116 0.559 0.293 0.017 
175 QAc-G-0148    (0)   :  0.006 0.006 0.958 0.008 0.007 0.015 
176 QAc-G-0149    (0)   :  0.003 0.004 0.003 0.003 0.982 0.005 
177 QAc-G-0150    (0)   :  0.005 0.981 0.003 0.004 0.004 0.004 
178 QAc-G-0151    (0)   :  0.003 0.003 0.003 0.003 0.983 0.005 
179 QAc-G-0152    (0)   :  0.005 0.002 0.002 0.003 0.981 0.005 
180 QAc-G-0153    (0)   :  0.002 0.018 0.014 0.037 0.917 0.011 
181 QAc-G-0154    (0)   :  0.003 0.012 0.015 0.004 0.946 0.020 
182 QAc-G-0155    (0)   :  0.003 0.003 0.003 0.003 0.983 0.006 
183 QAc-G-0158    (0)   :  0.003 0.003 0.003 0.003 0.985 0.003 
184 QAc-G-0159    (0)   :  0.005 0.007 0.962 0.007 0.013 0.006 
185 QAc-G-0160    (0)   :  0.003 0.986 0.002 0.003 0.002 0.003 
186 QAc-G-0161    (0)   :  0.003 0.986 0.003 0.003 0.002 0.003 
187 QAc-G-0162    (0)   :  0.007 0.654 0.014 0.046 0.004 0.275 
188 QAc-G-0163    (0)   :  0.003 0.917 0.024 0.006 0.003 0.048 
189 QAc-G-0164    (0)   :  0.012 0.955 0.004 0.022 0.003 0.004 
190 QAc-G-0165    (0)   :  0.003 0.972 0.005 0.006 0.009 0.006 
191 QAc-G-0166    (0)   :  0.003 0.981 0.003 0.004 0.003 0.005 
192 QAc-G-0167    (0)   :  0.004 0.979 0.003 0.004 0.004 0.006 
193 QAc-G-0168    (0)   :  0.004 0.985 0.003 0.002 0.002 0.003 
194 QAc-G-0169    (6)   :  0.005 0.502 0.461 0.018 0.004 0.009 
195 QAc-G-0170    (0)   :  0.005 0.975 0.004 0.004 0.006 0.006 
196 QAc-G-0171    (0)   :  0.004 0.982 0.002 0.005 0.003 0.004 
197 QAc-G-0172    (0)   :  0.008 0.020 0.936 0.015 0.010 0.011 
198 QAc-G-0173    (0)   :  0.006 0.983 0.003 0.003 0.002 0.003 
199 QAc-G-0174    (0)   :  0.007 0.834 0.082 0.040 0.007 0.029 
200 QAc-G-0175    (0)   :  0.004 0.984 0.003 0.003 0.002 0.004 
201 QAc-G-0176    (0)   :  0.010 0.808 0.007 0.006 0.004 0.165 
202 QAc-G-0177    (0)   :  0.004 0.983 0.003 0.003 0.003 0.004 
203 QAc-G-0178    (0)   :  0.030 0.880 0.006 0.071 0.008 0.005 
204 QAc-G-0179    (6)   :  0.004 0.985 0.003 0.003 0.003 0.004 
205 QAc-G-0180    (0)   :  0.003 0.985 0.003 0.003 0.003 0.003 
206 QAc-G-0181    (0)   :  0.003 0.975 0.004 0.006 0.003 0.010 
207 QAc-G-0182    (0)   :  0.004 0.900 0.031 0.023 0.016 0.026 
208 QAc-G-0183    (6)   :  0.005 0.978 0.005 0.005 0.004 0.004 
209 QAc-G-0184    (0)   :  0.003 0.984 0.003 0.003 0.003 0.003 
210 QAc-G-0185    (0)   :  0.007 0.945 0.008 0.020 0.010 0.010 
211 QAc-G-0186    (0)   :  0.002 0.975 0.004 0.006 0.003 0.010 
212 QAc-G-0187    (0)   :  0.032 0.908 0.005 0.036 0.005 0.014 
213 QAc-G-0188    (0)   :  0.004 0.251 0.699 0.008 0.005 0.033 
214 QAc-G-0189    (0)   :  0.004 0.985 0.003 0.003 0.002 0.002 
215 QAc-G-0190    (0)   :  0.005 0.980 0.003 0.004 0.004 0.004 
216 QAc-G-0191    (0)   :  0.005 0.979 0.003 0.004 0.005 0.004 
217 QAc-G-0192    (0)   :  0.003 0.986 0.003 0.003 0.003 0.003 
218 QAc-G-0193    (0)   :  0.004 0.978 0.003 0.005 0.005 0.005 
219 QAc-G-0194    (0)   :  0.005 0.974 0.004 0.006 0.004 0.008 
220 QAc-G-0195    (0)   :  0.097 0.877 0.005 0.007 0.004 0.011 
221 QAc-G-0196    (0)   :  0.006 0.981 0.003 0.004 0.002 0.004 
222 QAc-G-0197    (0)   :  0.003 0.986 0.002 0.003 0.003 0.003 
223 QAc-G-0198    (0)   :  0.003 0.983 0.003 0.003 0.004 0.005 
224 QAc-G-0199    (0)   :  0.011 0.891 0.009 0.056 0.007 0.026 
225 QAc-G-0200    (0)   :  0.004 0.974 0.003 0.006 0.002 0.010 
226 QAc-G-0201    (0)   :  0.004 0.984 0.002 0.004 0.002 0.003 
227 QAc-G-0202    (6)   :  0.009 0.976 0.005 0.004 0.003 0.004 
228 QAc-G-0203    (0)   :  0.016 0.967 0.007 0.003 0.003 0.004 
229 QAc-G-0204    (0)   :  0.005 0.979 0.003 0.004 0.003 0.005 
230 QAc-G-0205    (0)   :  0.987 0.004 0.002 0.003 0.003 0.002 
231 QAc-G-0206    (0)   :  0.842 0.004 0.111 0.013 0.005 0.025 
232 QAc-G-0207    (0)   :  0.968 0.005 0.005 0.010 0.005 0.007 
233 QAc-G-0208    (0)   :  0.984 0.004 0.003 0.003 0.003 0.003 
234 QAc-G-0209    (0)   :  0.981 0.006 0.003 0.004 0.002 0.003 
235 QAc-G-0210    (0)   :  0.986 0.003 0.003 0.003 0.002 0.003 
236 QAc-G-0211    (0)   :  0.984 0.003 0.004 0.003 0.004 0.003 
237 QAc-G-0212    (0)   :  0.984 0.004 0.002 0.003 0.003 0.003 
238 QAc-G-0213    (0)   :  0.979 0.005 0.003 0.004 0.003 0.006 
239 QAc-G-0214    (0)   :  0.985 0.005 0.002 0.002 0.002 0.003 
240 QAc-G-0215    (0)   :  0.983 0.004 0.003 0.004 0.003 0.004 
241 QAc-G-0216    (0)   :  0.234 0.068 0.676 0.007 0.003 0.012 
242 QAc-G-0217    (0)   :  0.963 0.005 0.007 0.008 0.011 0.005 
243 QAc-G-0218    (0)   :  0.972 0.006 0.003 0.008 0.005 0.007 
244 QAc-G-0219    (0)   :  0.911 0.009 0.023 0.009 0.022 0.025 
245 QAc-G-0220    (0)   :  0.961 0.003 0.015 0.009 0.007 0.005 
246 QAc-G-0221    (0)   :  0.925 0.009 0.007 0.035 0.012 0.012 
247 QAc-G-0222    (0)   :  0.983 0.004 0.003 0.003 0.003 0.004 
248 QAc-G-0223    (0)   :  0.977 0.003 0.004 0.006 0.005 0.005 
249 QAc-G-0224    (0)   :  0.980 0.005 0.004 0.005 0.003 0.003 
250 QAc-G-0226    (0)   :  0.982 0.003 0.003 0.003 0.003 0.005 
251 QAc-G-0227    (0)   :  0.004 0.005 0.005 0.004 0.016 0.965 
252 QAc-G-0228    (6)   :  0.007 0.005 0.005 0.006 0.003 0.974 
253 QAc-G-0229    (0)   :  0.007 0.006 0.012 0.013 0.004 0.957 
254 QAc-G-0230    (0)   :  0.018 0.007 0.010 0.006 0.003 0.956 
255 QAc-G-0231    (0)   :  0.979 0.007 0.003 0.003 0.005 0.003 
256 QAc-G-0232    (0)   :  0.003 0.002 0.004 0.008 0.010 0.972 
257 QAc-G-0233    (0)   :  0.034 0.005 0.012 0.234 0.005 0.710 
258 QAc-G-0234    (0)   :  0.005 0.017 0.004 0.012 0.005 0.955 
259 QAc-G-0235    (0)   :  0.007 0.007 0.968 0.008 0.003 0.007 
260 QAc-G-0236    (0)   :  0.004 0.006 0.004 0.005 0.010 0.971 
261 QAc-G-0237    (0)   :  0.014 0.012 0.008 0.011 0.016 0.940 
262 QAc-G-0238    (0)   :  0.008 0.005 0.004 0.004 0.004 0.975 
263 QAc-G-0239    (0)   :  0.005 0.004 0.006 0.006 0.004 0.975 
264 QAc-G-0240    (0)   :  0.003 0.003 0.006 0.005 0.007 0.976 
265 QAc-G-0241    (0)   :  0.011 0.015 0.027 0.028 0.008 0.911 
266 QAc-G-0242    (0)   :  0.008 0.004 0.005 0.011 0.010 0.962 
267 QAc-G-0243    (0)   :  0.019 0.004 0.014 0.124 0.060 0.778 
268 QAc-G-0244    (0)   :  0.007 0.006 0.011 0.005 0.005 0.966 
269 QAc-G-0245    (0)   :  0.004 0.006 0.005 0.005 0.016 0.966 
270 QAc-G-0246    (0)   :  0.005 0.007 0.006 0.006 0.007 0.969 
271 QAc-G-0247    (0)   :  0.005 0.002 0.004 0.006 0.003 0.979 
272 QAc-G-0248    (0)   :  0.003 0.003 0.005 0.004 0.004 0.981 
273 QAc-G-0249    (0)   :  0.008 0.010 0.007 0.965 0.003 0.007 
274 QAc-G-0025    (0)   :  0.983 0.005 0.003 0.003 0.003 0.004 
275 QAc-G-0028    (0)   :  0.036 0.006 0.003 0.052 0.004 0.898 
276 QAc-G-0275    (0)   :  0.977 0.009 0.004 0.003 0.002 0.005 
277 QAc-G-0263    (0)   :  0.018 0.370 0.021 0.580 0.006 0.005 
278 QAc-W-0001    (0)   :  0.005 0.003 0.012 0.006 0.033 0.941 
279 QAc-W-0002    (0)   :  0.004 0.017 0.022 0.012 0.003 0.942 
280 QAc-W-0003    (0)   :  0.038 0.028 0.027 0.009 0.012 0.887 
281 QAc-W-0004    (0)   :  0.009 0.006 0.003 0.006 0.005 0.969 
282 QAc-W-0005    (0)   :  0.005 0.008 0.006 0.012 0.012 0.957 
283 QAc-W-0006    (0)   :  0.006 0.005 0.008 0.009 0.006 0.966 
284 QAc-W-0007   (13)   :  0.005 0.004 0.004 0.008 0.006 0.974 
285 QAc-W-0008    (6)   :  0.003 0.004 0.011 0.031 0.003 0.948 
286 QAc-W-0009    (0)   :  0.006 0.010 0.063 0.021 0.007 0.893 
287 QAc-W-0010    (0)   :  0.006 0.013 0.022 0.133 0.019 0.807 
288 QAc-W-0011    (0)   :  0.007 0.048 0.020 0.006 0.024 0.895 
289 QAc-W-0012    (0)   :  0.005 0.010 0.006 0.006 0.006 0.967 
290 QAc-W-0013    (0)   :  0.109 0.007 0.028 0.006 0.004 0.846 
291 QAc-W-0014    (0)   :  0.004 0.004 0.004 0.030 0.004 0.953 
292 QAc-W-0015    (0)   :  0.028 0.028 0.016 0.032 0.004 0.892 
293 QAc-W-0016    (0)   :  0.012 0.011 0.060 0.205 0.003 0.709 
294 QAc-W-0017    (0)   :  0.031 0.064 0.097 0.427 0.009 0.371 
295 QAc-W-0018    (0)   :  0.029 0.003 0.045 0.031 0.008 0.884 
296 QAc-W-0019    (0)   :  0.007 0.006 0.006 0.010 0.006 0.965 
297 QAc-W-0020    (0)   :  0.003 0.004 0.008 0.005 0.049 0.930 
298 QAc-W-0021    (0)   :  0.308 0.012 0.082 0.075 0.012 0.512 
299 QAc-W-0022    (0)   :  0.019 0.013 0.023 0.380 0.008 0.557 
300 QAc-W-0023    (6)   :  0.038 0.003 0.135 0.070 0.086 0.667 
301 QAc-W-0024    (0)   :  0.239 0.032 0.022 0.029 0.007 0.671 
302 QAc-W-0025    (0)   :  0.004 0.004 0.004 0.005 0.004 0.979 
303 QAc-W-0026    (0)   :  0.038 0.063 0.017 0.049 0.088 0.745 
304 QAc-W-0027    (0)   :  0.004 0.007 0.009 0.011 0.003 0.965 
305 QAc-W-0028    (0)   :  0.003 0.006 0.006 0.005 0.004 0.976 
306 QAc-W-0029    (0)   :  0.006 0.003 0.011 0.005 0.008 0.966 
307 QAc-W-0030    (0)   :  0.004 0.009 0.005 0.004 0.007 0.971 
308 QAc-W-0031    (0)   :  0.058 0.004 0.007 0.004 0.003 0.923 
309 QAc-W-0032    (0)   :  0.004 0.002 0.003 0.010 0.010 0.972 
310 QAc-W-0033    (0)   :  0.012 0.005 0.011 0.038 0.020 0.914 
311 QAc-W-0034    (0)   :  0.004 0.004 0.013 0.007 0.005 0.966 
312 QAc-W-0035    (0)   :  0.021 0.029 0.012 0.058 0.005 0.876 
313 QAc-W-0036    (0)   :  0.003 0.004 0.007 0.007 0.046 0.933 
314 QAc-W-0037    (0)   :  0.011 0.013 0.005 0.006 0.012 0.953 
315 QAc-W-0038    (0)   :  0.005 0.014 0.010 0.009 0.013 0.949 
316 QAc-W-0039    (0)   :  0.010 0.015 0.008 0.007 0.025 0.935 
317 QAc-W-0040    (0)   :  0.009 0.008 0.009 0.218 0.023 0.733 
318 QAc-W-0041    (0)   :  0.059 0.011 0.037 0.014 0.004 0.874 
319 QAc-W-0042    (0)   :  0.019 0.030 0.604 0.009 0.307 0.030 
320 QAc-W-0043    (0)   :  0.009 0.037 0.906 0.007 0.012 0.029 
321 QAc-W-0044    (0)   :  0.006 0.042 0.307 0.099 0.348 0.198 
322 QAc-W-0045    (0)   :  0.007 0.008 0.949 0.006 0.019 0.010 
323 QAc-W-0046    (0)   :  0.017 0.019 0.923 0.006 0.014 0.021 
324 QAc-W-0047    (0)   :  0.004 0.015 0.892 0.019 0.036 0.035 
325 QAc-W-0048    (0)   :  0.008 0.004 0.920 0.004 0.051 0.012 
326 QAc-W-0049    (0)   :  0.008 0.005 0.899 0.005 0.076 0.007 
327 QAc-W-0050    (0)   :  0.011 0.007 0.960 0.012 0.005 0.006 
328 QAc-W-0051    (0)   :  0.011 0.015 0.930 0.008 0.020 0.016 
329 QAc-W-0052    (0)   :  0.003 0.004 0.003 0.003 0.983 0.004 
330 QAc-W-0053    (0)   :  0.003 0.004 0.964 0.009 0.010 0.009 
331 QAc-W-0054    (0)   :  0.007 0.159 0.338 0.427 0.056 0.012 
332 QAc-W-0055    (0)   :  0.067 0.527 0.305 0.085 0.008 0.009 
333 QAc-W-0056    (0)   :  0.043 0.012 0.712 0.064 0.009 0.160 
334 QAc-W-0057    (0)   :  0.059 0.028 0.866 0.027 0.010 0.009 
335 QAc-W-0058    (0)   :  0.130 0.014 0.842 0.004 0.005 0.005 
336 QAc-W-0059    (0)   :  0.003 0.005 0.978 0.004 0.006 0.004 
337 QAc-W-0060    (0)   :  0.005 0.747 0.030 0.058 0.057 0.102 
338 QAc-W-0061    (0)   :  0.009 0.797 0.042 0.131 0.003 0.017 
339 QAc-W-0062    (0)   :  0.022 0.693 0.009 0.219 0.046 0.011 
340 QAc-W-0063    (0)   :  0.028 0.502 0.048 0.294 0.090 0.038 
341 QAc-W-0064    (0)   :  0.022 0.668 0.026 0.219 0.004 0.062 
342 QAc-W-0065    (0)   :  0.013 0.541 0.066 0.335 0.004 0.042 
343 QAc-W-0066    (0)   :  0.005 0.983 0.003 0.003 0.002 0.004 
344 QAc-W-0067    (0)   :  0.004 0.984 0.003 0.003 0.003 0.003 
345 QAc-W-0068    (0)   :  0.003 0.986 0.002 0.003 0.003 0.004 
346 QAc-W-0069    (0)   :  0.004 0.984 0.002 0.003 0.002 0.004 
347 QAc-W-0070    (0)   :  0.003 0.986 0.003 0.003 0.003 0.002 
348 QAc-W-0071    (6)   :  0.006 0.953 0.007 0.027 0.003 0.005 
349 QAc-W-0072    (0)   :  0.008 0.185 0.039 0.750 0.005 0.013 
350 QAc-W-0073    (0)   :  0.011 0.409 0.491 0.058 0.009 0.021 
351 QAc-W-0074    (0)   :  0.010 0.780 0.007 0.183 0.007 0.014 
352 QAc-W-0075    (0)   :  0.007 0.937 0.016 0.027 0.003 0.010 
353 QAc-W-0076    (0)   :  0.010 0.643 0.013 0.327 0.003 0.005 
354 QAc-W-0077    (0)   :  0.004 0.831 0.094 0.039 0.011 0.022 
355 QAc-W-0078    (0)   :  0.649 0.035 0.017 0.211 0.024 0.064 
356 QAc-W-0079    (6)   :  0.940 0.024 0.008 0.010 0.006 0.012 
357 QAc-W-0080   (13)   :  0.946 0.004 0.010 0.006 0.002 0.031 
358 QAc-W-0081    (0)   :  0.972 0.003 0.004 0.005 0.008 0.007 
359 QAc-W-0082    (0)   :  0.533 0.004 0.448 0.007 0.002 0.006 
360 QAc-W-0083    (0)   :  0.877 0.032 0.010 0.046 0.017 0.018 
361 QAc-W-0084    (0)   :  0.976 0.004 0.003 0.004 0.007 0.006 
362 QAc-W-0085    (0)   :  0.982 0.005 0.003 0.004 0.004 0.003 
363 QAc-W-0086    (0)   :  0.974 0.005 0.004 0.007 0.004 0.005 
364 QAc-W-0087    (0)   :  0.965 0.007 0.008 0.011 0.003 0.007 
365 QAc-W-0088    (0)   :  0.937 0.003 0.041 0.008 0.004 0.006 
366 QAc-W-0089    (0)   :  0.977 0.006 0.004 0.004 0.003 0.007 
367 QAc-W-0090    (0)   :  0.977 0.006 0.004 0.004 0.003 0.007 
368 QAc-W-0091    (0)   :  0.952 0.006 0.010 0.015 0.012 0.005 
369 QAc-W-0092    (0)   :  0.692 0.007 0.008 0.008 0.243 0.043 
370 QAc-W-0093    (0)   :  0.779 0.003 0.049 0.051 0.009 0.109 
371 QAc-W-0094    (0)   :  0.650 0.006 0.022 0.015 0.264 0.043 
372 QAc-W-0095    (0)   :  0.919 0.006 0.009 0.008 0.039 0.018 
373 QAc-W-0096    (0)   :  0.760 0.017 0.027 0.028 0.139 0.029 
374 QAc-W-0097    (0)   :  0.731 0.009 0.139 0.008 0.008 0.105 
375 QAc-W-0098    (0)   :  0.976 0.004 0.006 0.005 0.004 0.005 
376 QAc-W-0099    (0)   :  0.804 0.004 0.034 0.119 0.013 0.026 
377 QAc-W-0100    (0)   :  0.972 0.004 0.006 0.011 0.003 0.005 
378 QAc-W-0101    (0)   :  0.947 0.029 0.005 0.011 0.003 0.006 
379 QAc-W-0104    (0)   :  0.935 0.004 0.022 0.026 0.004 0.009 
380 QAc-W-0105    (0)   :  0.967 0.005 0.004 0.005 0.011 0.009 
381 QAc-W-0106    (0)   :  0.909 0.005 0.007 0.012 0.050 0.017 
382 QAc-W-0107    (0)   :  0.979 0.006 0.004 0.005 0.004 0.004 
383 QAc-W-0108    (0)   :  0.982 0.006 0.003 0.004 0.002 0.003 
384 QAc-W-0109    (0)   :  0.942 0.022 0.012 0.005 0.007 0.011 
385 QAc-W-0110   (13)   :  0.312 0.010 0.009 0.043 0.006 0.620 
386 QAc-W-0111    (6)   :  0.971 0.005 0.005 0.004 0.005 0.009 
387 QAc-W-0112   (13)   :  0.941 0.003 0.010 0.020 0.009 0.015 
388 QAc-W-0113   (13)   :  0.006 0.004 0.006 0.970 0.004 0.010 
389 QAc-W-0114   (13)   :  0.016 0.004 0.015 0.948 0.010 0.006 
390 QAc-W-0115    (0)   :  0.006 0.005 0.003 0.972 0.005 0.008 
391 QAc-W-0116    (0)   :  0.005 0.002 0.014 0.946 0.017 0.015 
392 QAc-W-0117    (0)   :  0.003 0.004 0.006 0.977 0.003 0.007 
393 QAc-W-0118    (0)   :  0.014 0.021 0.005 0.952 0.004 0.005 
394 QAc-W-0119    (0)   :  0.004 0.006 0.005 0.970 0.007 0.008 
395 QAc-W-0120    (0)   :  0.006 0.010 0.009 0.964 0.003 0.009 
396 QAc-W-0121    (0)   :  0.004 0.028 0.013 0.944 0.003 0.008 
397 QAc-W-0122    (0)   :  0.005 0.004 0.021 0.953 0.005 0.012 
398 QAc-W-0123    (6)   :  0.016 0.012 0.021 0.929 0.011 0.011 
399 QAc-W-0124    (0)   :  0.036 0.027 0.006 0.877 0.012 0.043 
400 QAc-W-0125    (0)   :  0.011 0.007 0.007 0.959 0.010 0.006 
401 QAc-W-0126   (13)   :  0.017 0.008 0.013 0.945 0.011 0.007 
402 QAc-W-0127    (6)   :  0.004 0.004 0.005 0.975 0.005 0.007 
403 QAc-W-0128   (13)   :  0.034 0.011 0.012 0.929 0.003 0.011 
404 QAc-W-0129   (13)   :  0.005 0.007 0.024 0.901 0.006 0.058 
405 QAc-W-0130   (13)   :  0.007 0.005 0.008 0.954 0.003 0.023 
406 QAc-W-0131    (0)   :  0.006 0.005 0.006 0.934 0.045 0.005 
407 QAc-W-0132    (6)   :  0.016 0.047 0.006 0.884 0.021 0.027 
408 QAc-W-0133    (6)   :  0.081 0.187 0.014 0.704 0.007 0.007 
409 QAc-W-0134    (0)   :  0.004 0.004 0.005 0.976 0.006 0.005 
410 QAc-W-0135    (0)   :  0.005 0.013 0.006 0.922 0.003 0.051 
411 QAc-W-0136    (0)   :  0.003 0.003 0.003 0.974 0.011 0.005 
412 QAc-W-0137    (0)   :  0.003 0.003 0.004 0.981 0.005 0.004 
413 QAc-W-0138    (0)   :  0.003 0.003 0.003 0.981 0.005 0.005 
414 QAc-W-0139    (0)   :  0.052 0.022 0.009 0.856 0.010 0.051 
415 QAc-W-0140    (0)   :  0.006 0.005 0.047 0.896 0.003 0.043 
416 QAc-W-0141    (6)   :  0.005 0.015 0.012 0.913 0.004 0.050 
417 QAc-W-0142    (0)   :  0.004 0.006 0.005 0.979 0.003 0.004 
418 QAc-W-0143    (0)   :  0.008 0.004 0.008 0.972 0.004 0.005 
419 QAc-W-0144    (0)   :  0.005 0.003 0.065 0.912 0.008 0.007 
420 QAc-W-0145    (0)   :  0.003 0.003 0.006 0.980 0.004 0.004 
421 QAc-W-0146    (0)   :  0.006 0.004 0.003 0.964 0.005 0.018 
422 QAc-W-0147    (0)   :  0.005 0.004 0.004 0.981 0.003 0.004 
423 QAc-W-0148    (0)   :  0.003 0.004 0.004 0.974 0.007 0.008 
424 QAc-W-0149    (0)   :  0.008 0.003 0.020 0.949 0.011 0.009 
425 QAc-W-0150    (0)   :  0.016 0.006 0.007 0.906 0.012 0.053 
426 QAc-W-0151    (0)   :  0.005 0.005 0.005 0.962 0.007 0.015 
427 QAc-W-0152    (0)   :  0.004 0.005 0.005 0.976 0.004 0.006 
428 QAc-W-0153    (0)   :  0.088 0.014 0.297 0.291 0.006 0.305 
429 QAc-W-0154    (0)   :  0.004 0.003 0.006 0.961 0.003 0.023 
430 QAc-W-0155    (0)   :  0.003 0.004 0.004 0.980 0.003 0.006 
431 QAc-W-0156    (0)   :  0.080 0.004 0.005 0.841 0.014 0.055 
432 QAc-W-0157    (0)   :  0.003 0.010 0.015 0.932 0.028 0.011 
433 QAc-W-0158    (0)   :  0.028 0.018 0.004 0.902 0.004 0.045 
434 QAc-W-0159    (0)   :  0.005 0.006 0.007 0.965 0.009 0.007 
435 QAc-W-0160    (0)   :  0.005 0.004 0.004 0.956 0.006 0.025 
436 QAc-W-0161    (0)   :  0.004 0.004 0.009 0.848 0.081 0.054 
437 QAc-W-0162    (0)   :  0.003 0.028 0.019 0.918 0.028 0.004 
438 QAc-W-0163    (0)   :  0.004 0.005 0.030 0.950 0.005 0.007 
439 QAc-W-0164    (0)   :  0.004 0.005 0.005 0.975 0.006 0.005 
440 QAc-W-0165    (0)   :  0.003 0.023 0.007 0.950 0.010 0.006 
441 QAc-W-0166    (0)   :  0.004 0.005 0.005 0.960 0.006 0.021 


Estimated Allele Frequencies in each cluster
First column gives estimated ancestral frequencies


Locus 1 : 
21 alleles
0.5% missing data
 210   (0.128) 0.212 0.002 0.238 0.157 0.003 0.045 
 212   (0.103) 0.224 0.208 0.059 0.096 0.003 0.189 
 202   (0.055) 0.139 0.001 0.017 0.012 0.330 0.053 
 226   (0.053) 0.111 0.181 0.031 0.005 0.212 0.002 
 216   (0.069) 0.094 0.001 0.045 0.093 0.327 0.008 
 200   (0.202) 0.127 0.379 0.242 0.205 0.109 0.504 
 224   (0.031) 0.001 0.145 0.008 0.003 0.001 0.084 
 218   (0.046) 0.056 0.001 0.008 0.139 0.001 0.028 
 222   (0.029) 0.001 0.000 0.008 0.169 0.004 0.002 
 228   (0.014) 0.000 0.063 0.002 0.002 0.000 0.000 
 214   (0.058) 0.001 0.017 0.140 0.063 0.003 0.002 
 208   (0.048) 0.031 0.001 0.048 0.003 0.002 0.071 
 220   (0.022) 0.000 0.000 0.008 0.015 0.001 0.002 
 206   (0.039) 0.001 0.001 0.058 0.020 0.001 0.003 
 196   (0.013) 0.000 0.000 0.005 0.004 0.000 0.000 
 238   (0.015) 0.000 0.000 0.003 0.007 0.000 0.000 
 121   (0.015) 0.000 0.000 0.002 0.001 0.001 0.005 
 204   (0.016) 0.000 0.000 0.022 0.001 0.000 0.000 
 190   (0.013) 0.000 0.000 0.007 0.002 0.000 0.000 
 198   (0.014) 0.000 0.000 0.009 0.001 0.000 0.000 
 232   (0.019) 0.000 0.000 0.042 0.001 0.000 0.001 

Locus 2 : 
15 alleles
1.6% missing data
 171   (0.212) 0.149 0.003 0.434 0.068 0.401 0.338 
 175   (0.106) 0.244 0.121 0.069 0.022 0.133 0.036 
 185   (0.051) 0.144 0.001 0.013 0.206 0.001 0.009 
 181   (0.087) 0.348 0.343 0.083 0.007 0.003 0.105 
 179   (0.065) 0.001 0.109 0.019 0.269 0.334 0.006 
 173   (0.191) 0.064 0.328 0.136 0.189 0.108 0.333 
 177   (0.039) 0.001 0.092 0.011 0.066 0.009 0.001 
 183   (0.066) 0.020 0.001 0.106 0.090 0.002 0.002 
 187   (0.061) 0.001 0.001 0.078 0.047 0.002 0.070 
 189   (0.031) 0.001 0.000 0.005 0.022 0.001 0.096 
 191   (0.028) 0.027 0.000 0.017 0.002 0.003 0.001 
 163   (0.016) 0.000 0.000 0.008 0.002 0.000 0.000 
 165   (0.016) 0.000 0.000 0.008 0.002 0.000 0.000 
 193   (0.017) 0.000 0.000 0.009 0.001 0.000 0.001 
 169   (0.014) 0.000 0.000 0.002 0.007 0.000 0.000 

Locus 3 : 
7 alleles
2.5% missing data
 206   (0.819) 0.981 0.983 0.891 0.941 0.985 0.923 
 208   (0.057) 0.001 0.001 0.044 0.027 0.002 0.071 
 198   (0.016) 0.006 0.000 0.003 0.001 0.000 0.000 
 204   (0.053) 0.011 0.015 0.031 0.021 0.012 0.002 
 218   (0.020) 0.000 0.000 0.015 0.002 0.000 0.001 
 230   (0.016) 0.000 0.000 0.009 0.001 0.000 0.000 
 212   (0.018) 0.001 0.000 0.008 0.006 0.000 0.003 

Locus 4 : 
15 alleles
3.6% missing data
 165   (0.097) 0.607 0.088 0.056 0.019 0.003 0.128 
 173   (0.039) 0.326 0.000 0.035 0.003 0.001 0.001 
 163   (0.155) 0.006 0.007 0.255 0.311 0.005 0.107 
 167   (0.133) 0.019 0.002 0.095 0.149 0.532 0.191 
 161   (0.307) 0.012 0.884 0.358 0.426 0.451 0.514 
 153   (0.018) 0.000 0.000 0.003 0.001 0.000 0.010 
 171   (0.048) 0.006 0.001 0.057 0.020 0.002 0.002 
 179   (0.016) 0.000 0.000 0.006 0.001 0.000 0.002 
 157   (0.037) 0.001 0.001 0.032 0.003 0.001 0.036 
 149   (0.016) 0.000 0.000 0.009 0.001 0.000 0.000 
 177   (0.043) 0.017 0.001 0.019 0.024 0.001 0.003 
 155   (0.023) 0.000 0.000 0.009 0.006 0.001 0.003 
 175   (0.017) 0.000 0.000 0.016 0.001 0.000 0.001 
 169   (0.028) 0.004 0.000 0.046 0.002 0.001 0.001 
 159   (0.025) 0.000 0.017 0.004 0.033 0.001 0.001 

Locus 5 : 
16 alleles
0.0% missing data
 148   (0.101) 0.395 0.373 0.053 0.086 0.003 0.128 
 160   (0.040) 0.079 0.000 0.025 0.003 0.040 0.003 
 146   (0.094) 0.286 0.342 0.103 0.016 0.016 0.045 
 154   (0.048) 0.002 0.024 0.020 0.210 0.002 0.004 
 150   (0.054) 0.001 0.009 0.108 0.004 0.002 0.063 
 138   (0.096) 0.095 0.004 0.043 0.254 0.178 0.077 
 166   (0.049) 0.001 0.001 0.115 0.003 0.323 0.011 
 164   (0.025) 0.000 0.000 0.007 0.006 0.059 0.001 
 142   (0.030) 0.001 0.001 0.036 0.015 0.001 0.001 
 144   (0.177) 0.014 0.206 0.277 0.137 0.081 0.265 
 140   (0.065) 0.001 0.001 0.023 0.147 0.286 0.188 
 158   (0.062) 0.047 0.001 0.051 0.023 0.004 0.021 
 162   (0.032) 0.066 0.000 0.022 0.003 0.001 0.002 
 152   (0.081) 0.002 0.038 0.065 0.093 0.002 0.189 
 134   (0.021) 0.000 0.000 0.035 0.001 0.001 0.001 
 156   (0.025) 0.009 0.000 0.017 0.002 0.003 0.001 

Locus 6 : 
12 alleles
0.0% missing data
 225   (0.043) 0.110 0.197 0.007 0.029 0.001 0.002 
 239   (0.124) 0.033 0.486 0.088 0.030 0.208 0.077 
 229   (0.023) 0.332 0.000 0.004 0.001 0.001 0.005 
 235   (0.230) 0.404 0.262 0.164 0.408 0.008 0.308 
 237   (0.185) 0.008 0.037 0.220 0.239 0.017 0.282 
 233   (0.114) 0.043 0.012 0.078 0.022 0.295 0.258 
 227   (0.058) 0.001 0.001 0.286 0.003 0.315 0.002 
 245   (0.059) 0.001 0.001 0.053 0.082 0.002 0.027 
 241   (0.068) 0.067 0.002 0.041 0.066 0.150 0.002 
 231   (0.038) 0.001 0.000 0.036 0.077 0.001 0.001 
 243   (0.042) 0.001 0.000 0.016 0.039 0.001 0.035 
 251   (0.016) 0.000 0.000 0.008 0.002 0.000 0.000 

Locus 7 : 
7 alleles
0.0% missing data
 118   (0.830) 0.962 0.982 0.889 0.990 0.619 0.866 
 124   (0.041) 0.001 0.000 0.016 0.002 0.377 0.122 
 116   (0.025) 0.001 0.001 0.054 0.002 0.001 0.001 
 114   (0.046) 0.024 0.005 0.020 0.003 0.002 0.010 
 122   (0.016) 0.000 0.000 0.009 0.001 0.000 0.000 
 112   (0.026) 0.012 0.000 0.010 0.001 0.001 0.001 
 120   (0.016) 0.000 0.012 0.002 0.001 0.000 0.000 

Locus 8 : 
5 alleles
0.5% missing data
 135   (0.063) 0.018 0.006 0.019 0.034 0.002 0.106 
 139   (0.679) 0.901 0.963 0.732 0.674 0.926 0.792 
 137   (0.208) 0.080 0.031 0.232 0.198 0.071 0.100 
 143   (0.028) 0.000 0.000 0.012 0.061 0.001 0.001 
 141   (0.022) 0.001 0.000 0.006 0.032 0.001 0.001 

Locus 9 : 
15 alleles
1.6% missing data
 116   (0.172) 0.374 0.180 0.089 0.363 0.008 0.474 
 112   (0.101) 0.076 0.070 0.054 0.177 0.003 0.047 
 118   (0.114) 0.513 0.002 0.083 0.150 0.093 0.029 
 122   (0.097) 0.002 0.545 0.263 0.010 0.476 0.004 
 114   (0.184) 0.024 0.134 0.202 0.223 0.006 0.261 
 120   (0.068) 0.001 0.001 0.049 0.024 0.188 0.082 
 130   (0.050) 0.001 0.001 0.039 0.003 0.131 0.080 
 124   (0.052) 0.001 0.066 0.062 0.036 0.001 0.002 
 110   (0.014) 0.000 0.000 0.007 0.002 0.000 0.001 
 134   (0.018) 0.000 0.000 0.008 0.002 0.000 0.001 
 128   (0.035) 0.001 0.000 0.024 0.002 0.089 0.009 
 126   (0.046) 0.001 0.001 0.092 0.005 0.001 0.010 
 108   (0.017) 0.000 0.000 0.016 0.001 0.000 0.001 
 106   (0.014) 0.000 0.001 0.008 0.001 0.000 0.000 
 138   (0.017) 0.005 0.000 0.003 0.001 0.001 0.001 

Locus 10 : 
8 alleles
0.0% missing data
 232   (0.728) 0.974 0.997 0.586 0.863 0.992 0.925 
 238   (0.131) 0.002 0.001 0.328 0.128 0.004 0.031 
 220   (0.019) 0.000 0.000 0.003 0.001 0.000 0.030 
 226   (0.018) 0.011 0.000 0.003 0.001 0.001 0.001 
 234   (0.030) 0.000 0.000 0.017 0.002 0.001 0.011 
 240   (0.020) 0.000 0.000 0.016 0.001 0.000 0.001 
 236   (0.021) 0.000 0.001 0.022 0.001 0.001 0.001 
 244   (0.033) 0.011 0.000 0.025 0.002 0.001 0.001 

Locus 11 : 
8 alleles
0.0% missing data
 165   (0.711) 0.867 0.766 0.727 0.882 0.941 0.812 
 167   (0.113) 0.124 0.231 0.108 0.089 0.003 0.008 
 161   (0.094) 0.006 0.001 0.134 0.009 0.053 0.176 
 153   (0.017) 0.002 0.000 0.004 0.002 0.000 0.002 
 169   (0.016) 0.000 0.001 0.007 0.001 0.001 0.000 
 155   (0.016) 0.000 0.000 0.008 0.002 0.000 0.000 
 173   (0.014) 0.000 0.000 0.008 0.001 0.000 0.000 
 163   (0.018) 0.000 0.000 0.003 0.015 0.000 0.001 

Locus 12 : 
9 alleles
0.0% missing data
 137   (0.462) 0.295 0.439 0.508 0.786 0.852 0.327 
 140   (0.138) 0.354 0.010 0.070 0.085 0.074 0.422 
 134   (0.283) 0.348 0.550 0.363 0.095 0.071 0.243 
 149   (0.017) 0.000 0.000 0.006 0.004 0.000 0.001 
 131   (0.017) 0.002 0.000 0.006 0.001 0.000 0.001 
 143   (0.023) 0.000 0.000 0.029 0.001 0.001 0.001 
 128   (0.017) 0.000 0.000 0.009 0.001 0.000 0.000 
 125   (0.026) 0.000 0.000 0.004 0.023 0.001 0.005 
 146   (0.016) 0.000 0.000 0.005 0.003 0.000 0.002 

Locus 13 : 
20 alleles
0.2% missing data
 206   (0.112) 0.423 0.029 0.047 0.191 0.258 0.135 
 210   (0.067) 0.273 0.354 0.018 0.040 0.002 0.151 
 190   (0.042) 0.001 0.000 0.019 0.140 0.001 0.050 
 202   (0.115) 0.065 0.002 0.208 0.041 0.439 0.054 
 214   (0.032) 0.001 0.170 0.013 0.002 0.001 0.033 
 212   (0.032) 0.001 0.135 0.005 0.213 0.001 0.002 
 192   (0.081) 0.025 0.001 0.049 0.030 0.265 0.243 
 204   (0.054) 0.001 0.005 0.055 0.037 0.011 0.021 
 184   (0.058) 0.085 0.002 0.024 0.093 0.002 0.057 
 216   (0.017) 0.000 0.001 0.003 0.001 0.000 0.118 
 208   (0.040) 0.001 0.022 0.007 0.053 0.001 0.089 
 200   (0.097) 0.089 0.002 0.214 0.041 0.008 0.017 
 198   (0.032) 0.001 0.000 0.036 0.043 0.001 0.001 
 194   (0.097) 0.033 0.191 0.207 0.039 0.005 0.008 
 186   (0.026) 0.000 0.083 0.015 0.002 0.001 0.001 
 188   (0.021) 0.000 0.000 0.027 0.001 0.001 0.001 
 196   (0.030) 0.001 0.000 0.029 0.029 0.001 0.001 
 220   (0.015) 0.000 0.000 0.006 0.002 0.001 0.000 
 180   (0.018) 0.000 0.000 0.015 0.001 0.000 0.001 
 182   (0.014) 0.000 0.000 0.002 0.001 0.000 0.015 

Locus 14 : 
8 alleles
1.6% missing data
 139   (0.093) 0.202 0.135 0.046 0.010 0.056 0.113 
 145   (0.076) 0.111 0.011 0.027 0.145 0.002 0.027 
 151   (0.350) 0.567 0.452 0.347 0.407 0.378 0.277 
 157   (0.279) 0.093 0.134 0.253 0.292 0.554 0.548 
 154   (0.086) 0.002 0.267 0.067 0.119 0.002 0.031 
 163   (0.043) 0.023 0.001 0.073 0.005 0.006 0.002 
 142   (0.035) 0.001 0.000 0.035 0.017 0.001 0.001 
 160   (0.037) 0.001 0.000 0.153 0.004 0.001 0.001 

Locus 15 : 
14 alleles
1.1% missing data
