

----------------------------------------------------
STRUCTURE by Pritchard, Stephens and Donnelly (2000)
     and Falush, Stephens and Pritchard (2003)
       Code by Pritchard, Falush and Hubisz
             Version 2.3.4 (Jul 2012)
----------------------------------------------------



Command line arguments:   bin\structure -m C:\Users\eschumacher\Documents\GitHub\GCC_QUAC_ZAIN\Data_Files\Structure_Files\QUAC\QUAC_woK_nopopinfo_garden_wild\QUAC_woK_nopopinfo_garden_wild\50-50\mainparams -e C:\Users\eschumacher\Documents\GitHub\GCC_QUAC_ZAIN\Data_Files\Structure_Files\QUAC\QUAC_woK_nopopinfo_garden_wild\QUAC_woK_nopopinfo_garden_wild\50-50\extraparams 
Input File:    C:\Users\eschumacher\Documents\GitHub\GCC_QUAC_ZAIN\Data_Files\Structure_Files\QUAC\QUAC_woK_nopopinfo_garden_wild\QUAC_woK_nopopinfo_garden_wild\project_data

Run parameters:
   441 individuals
   15 loci
   3 populations assumed
   50000 Burn-in period
   50000 Reps


--------------------------------------------
Overall proportion of membership of the
sample in each of the 3 clusters

Inferred Clusters
  1      2      3    
0.350  0.301  0.350  

--------------------------------------------

Allele-freq. divergence among pops (Net nucleotide distance),
computed using point estimates of P.

      1       2       3      
 1      -    0.0293  0.0535  
 2   0.0293     -    0.0650  
 3   0.0535  0.0650     -    

Average distances (expected heterozygosity) between individuals in same cluster:
cluster  1  : 0.6439 
cluster  2  : 0.5743 
cluster  3  : 0.5264 

--------------------------------------------
Estimated Ln Prob of Data   = -17638.8
Mean value of ln likelihood = -17422.8
Variance of ln likelihood   = 432.0
Mean value of alpha         = 0.0543

Mean value of Fst_1         = 0.0103
Mean value of Fst_2         = 0.1207
Mean value of Fst_3         = 0.1978


Inferred ancestry of individuals:
        Label (%Miss) :  Inferred clusters
  1 QAc-G-0029    (0)   :  0.012 0.032 0.956 
  2 QAc-G-0030    (0)   :  0.006 0.005 0.989 
  3 QAc-G-0031    (0)   :  0.005 0.005 0.990 
  4 QAc-G-0061    (0)   :  0.010 0.024 0.966 
  5 QAc-G-0062    (0)   :  0.907 0.040 0.053 
  6 QAc-G-0063    (0)   :  0.141 0.316 0.542 
  7 QAc-G-0064    (0)   :  0.011 0.983 0.007 
  8 QAc-G-0065    (0)   :  0.014 0.975 0.010 
  9 QAc-G-0066    (0)   :  0.006 0.007 0.987 
 10 QAc-G-0067    (0)   :  0.042 0.923 0.035 
 11 QAc-G-0068    (0)   :  0.690 0.010 0.300 
 12 QAc-G-0070    (0)   :  0.581 0.070 0.349 
 13 QAc-G-0071   (13)   :  0.008 0.008 0.984 
 14 QAc-G-0072    (0)   :  0.009 0.010 0.980 
 15 QAc-G-0073    (0)   :  0.008 0.985 0.007 
 16 QAc-G-0074    (0)   :  0.089 0.820 0.090 
 17 QAc-G-0075    (0)   :  0.016 0.969 0.015 
 18 QAc-G-0076    (0)   :  0.011 0.975 0.014 
 19 QAc-G-0077    (0)   :  0.006 0.018 0.976 
 20 QAc-G-0078    (0)   :  0.006 0.005 0.989 
 21 QAc-G-0079    (0)   :  0.009 0.006 0.985 
 22 QAc-G-0080    (0)   :  0.483 0.095 0.422 
 23 QAc-G-0081    (0)   :  0.964 0.027 0.009 
 24 QAc-G-0082    (0)   :  0.963 0.031 0.006 
 25 QAc-G-0083    (0)   :  0.301 0.254 0.445 
 26 QAc-G-0001   (13)   :  0.005 0.005 0.990 
 27 QAc-G-0002    (0)   :  0.005 0.007 0.988 
 28 QAc-G-0285    (0)   :  0.463 0.019 0.518 
 29 QAc-G-0286    (0)   :  0.008 0.008 0.984 
 30 QAc-G-0287    (0)   :  0.006 0.006 0.989 
 31 QAc-G-0288    (6)   :  0.008 0.007 0.985 
 32 QAc-G-0289    (0)   :  0.008 0.008 0.984 
 33 QAc-G-0290    (0)   :  0.010 0.015 0.975 
 34 QAc-G-0291    (0)   :  0.004 0.005 0.990 
 35 QAc-G-0292    (0)   :  0.674 0.012 0.314 
 36 QAc-G-0293    (0)   :  0.006 0.004 0.989 
 37 QAc-G-0294    (0)   :  0.016 0.974 0.010 
 38 QAc-G-0295    (0)   :  0.008 0.963 0.029 
 39 QAc-G-0296    (0)   :  0.007 0.986 0.007 
 40 QAc-G-0297    (0)   :  0.637 0.356 0.007 
 41 QAc-G-0298    (6)   :  0.007 0.984 0.008 
 42 QAc-G-0299    (0)   :  0.009 0.981 0.010 
 43 QAc-G-0300    (0)   :  0.008 0.986 0.005 
 44 QAc-G-0301    (0)   :  0.008 0.980 0.013 
 45 QAc-G-0302    (0)   :  0.978 0.015 0.006 
 46 QAc-G-0303    (0)   :  0.984 0.009 0.006 
 47 QAc-G-0304    (0)   :  0.006 0.008 0.987 
 48 QAc-G-0305    (0)   :  0.135 0.010 0.854 
 49 QAc-G-0306    (0)   :  0.006 0.005 0.989 
 50 QAc-G-0307    (0)   :  0.098 0.019 0.884 
 51 QAc-G-0308    (0)   :  0.011 0.009 0.980 
 52 QAc-G-0309    (0)   :  0.019 0.007 0.974 
 53 QAc-G-0310    (0)   :  0.006 0.008 0.986 
 54 QAc-G-0311    (0)   :  0.006 0.005 0.990 
 55 QAc-G-0312    (0)   :  0.809 0.060 0.131 
 56 QAc-G-0313    (0)   :  0.931 0.035 0.034 
 57 QAc-G-0314    (0)   :  0.716 0.270 0.014 
 58 QAc-G-0315    (0)   :  0.958 0.027 0.015 
 59 QAc-G-0316    (0)   :  0.944 0.013 0.043 
 60 QAc-G-0032    (6)   :  0.917 0.071 0.012 
 61 QAc-G-0033    (0)   :  0.008 0.983 0.009 
 62 QAc-G-0034    (0)   :  0.023 0.946 0.032 
 63 QAc-G-0035    (0)   :  0.008 0.982 0.010 
 64 QAc-G-0036    (0)   :  0.020 0.949 0.031 
 65 QAc-G-0037    (0)   :  0.006 0.959 0.035 
 66 QAc-G-0038    (0)   :  0.008 0.988 0.004 
 67 QAc-G-0039    (0)   :  0.035 0.931 0.034 
 68 QAc-G-0040    (0)   :  0.075 0.875 0.050 
 69 QAc-G-0041    (0)   :  0.006 0.988 0.005 
 70 QAc-G-0042    (0)   :  0.009 0.985 0.007 
 71 QAc-G-0043    (0)   :  0.008 0.975 0.016 
 72 QAc-G-0044    (0)   :  0.010 0.980 0.010 
 73 QAc-G-0045    (0)   :  0.009 0.962 0.029 
 74 QAc-G-0046    (0)   :  0.023 0.950 0.028 
 75 QAc-G-0047    (0)   :  0.016 0.953 0.031 
 76 QAc-G-0048    (0)   :  0.010 0.985 0.005 
 77 QAc-G-0049    (0)   :  0.005 0.005 0.990 
 78 QAc-G-0050    (0)   :  0.850 0.007 0.143 
 79 QAc-G-0051    (0)   :  0.006 0.005 0.989 
 80 QAc-G-0052    (0)   :  0.104 0.098 0.798 
 81 QAc-G-0053    (0)   :  0.007 0.041 0.952 
 82 QAc-G-0054    (0)   :  0.891 0.019 0.089 
 83 QAc-G-0055    (0)   :  0.675 0.014 0.311 
 84 QAc-G-0056    (0)   :  0.940 0.021 0.040 
 85 QAc-G-0057    (0)   :  0.007 0.006 0.986 
 86 QAc-G-0058    (6)   :  0.007 0.006 0.986 
 87 QAc-G-0059    (0)   :  0.902 0.017 0.081 
 88 QAc-G-0060    (6)   :  0.066 0.048 0.886 
 89 QAc-G-0276    (0)   :  0.035 0.025 0.940 
 90 QAc-G-0279    (0)   :  0.006 0.005 0.988 
 91 QAc-G-0280    (6)   :  0.022 0.035 0.943 
 92 QAc-G-0281    (0)   :  0.007 0.006 0.987 
 93 QAc-G-0018    (0)   :  0.048 0.913 0.039 
 94 QAc-G-0019    (0)   :  0.008 0.984 0.008 
 95 QAc-G-0020    (0)   :  0.026 0.966 0.008 
 96 QAc-G-0021    (6)   :  0.005 0.986 0.009 
 97 QAc-G-0022    (6)   :  0.065 0.908 0.027 
 98 QAc-G-0023    (0)   :  0.009 0.006 0.985 
 99 QAc-G-0024    (0)   :  0.007 0.017 0.976 
100 QAc-G-0016    (0)   :  0.860 0.018 0.122 
101 QAc-G-0017    (0)   :  0.930 0.060 0.011 
102 QAc-G-0250    (0)   :  0.814 0.034 0.152 
103 QAc-G-0003    (6)   :  0.011 0.011 0.978 
104 QAc-G-0004    (0)   :  0.931 0.061 0.007 
105 QAc-G-0005    (0)   :  0.019 0.969 0.011 
106 QAc-G-0006    (6)   :  0.983 0.011 0.006 
107 QAc-G-0283    (0)   :  0.985 0.008 0.006 
108 QAc-G-0265    (0)   :  0.662 0.044 0.294 
109 QAc-G-0266    (0)   :  0.004 0.005 0.991 
110 QAc-G-0267    (0)   :  0.210 0.747 0.043 
111 QAc-G-0268   (20)   :  0.628 0.035 0.337 
112 QAc-G-0269    (0)   :  0.005 0.008 0.987 
113 QAc-G-0270    (6)   :  0.008 0.983 0.009 
114 QAc-G-0271    (0)   :  0.033 0.962 0.006 
115 QAc-G-0272    (6)   :  0.022 0.956 0.022 
116 QAc-G-0273    (0)   :  0.016 0.009 0.974 
117 QAc-G-0274    (0)   :  0.008 0.987 0.005 
118 QAc-G-0251    (6)   :  0.015 0.977 0.009 
119 QAc-G-0252    (0)   :  0.031 0.958 0.011 
120 QAc-G-0253    (0)   :  0.008 0.006 0.986 
121 QAc-G-0254    (0)   :  0.005 0.005 0.990 
122 QAc-G-0255    (0)   :  0.978 0.016 0.006 
123 QAc-G-0256    (0)   :  0.956 0.028 0.016 
124 QAc-G-0257    (0)   :  0.976 0.018 0.005 
125 QAc-G-0258    (0)   :  0.985 0.010 0.005 
126 QAc-G-0259    (0)   :  0.989 0.008 0.003 
127 QAc-G-0260    (0)   :  0.906 0.054 0.040 
128 QAc-G-0261    (0)   :  0.816 0.175 0.009 
129 QAc-G-0262    (0)   :  0.970 0.012 0.018 
130 QAc-G-0010    (0)   :  0.251 0.044 0.705 
131 QAc-G-0011    (0)   :  0.964 0.028 0.008 
132 QAc-G-0015    (0)   :  0.195 0.024 0.781 
133 QAc-G-0106    (0)   :  0.980 0.016 0.004 
134 QAc-G-0107    (0)   :  0.982 0.008 0.010 
135 QAc-G-0108    (0)   :  0.976 0.018 0.006 
136 QAc-G-0109    (0)   :  0.976 0.014 0.010 
137 QAc-G-0110    (0)   :  0.947 0.034 0.019 
138 QAc-G-0111    (0)   :  0.977 0.014 0.009 
139 QAc-G-0112    (0)   :  0.962 0.008 0.031 
140 QAc-G-0113    (0)   :  0.971 0.017 0.012 
141 QAc-G-0114    (0)   :  0.947 0.035 0.018 
142 QAc-G-0115    (0)   :  0.983 0.011 0.006 
143 QAc-G-0116    (0)   :  0.976 0.010 0.014 
144 QAc-G-0117    (0)   :  0.567 0.418 0.015 
145 QAc-G-0118    (0)   :  0.969 0.026 0.005 
146 QAc-G-0119    (0)   :  0.927 0.067 0.006 
147 QAc-G-0120    (0)   :  0.977 0.016 0.008 
148 QAc-G-0121    (0)   :  0.010 0.985 0.005 
149 QAc-G-0122    (0)   :  0.027 0.951 0.022 
150 QAc-G-0123    (0)   :  0.008 0.988 0.004 
151 QAc-G-0124    (6)   :  0.015 0.978 0.007 
152 QAc-G-0125    (0)   :  0.687 0.243 0.069 
153 QAc-G-0126    (0)   :  0.912 0.063 0.024 
154 QAc-G-0127    (0)   :  0.033 0.960 0.006 
155 QAc-G-0128    (0)   :  0.013 0.950 0.037 
156 QAc-G-0129    (0)   :  0.013 0.978 0.009 
157 QAc-G-0130    (0)   :  0.240 0.755 0.005 
158 QAc-G-0131    (0)   :  0.019 0.971 0.010 
159 QAc-G-0132    (0)   :  0.056 0.914 0.030 
160 QAc-G-0133    (0)   :  0.011 0.981 0.008 
161 QAc-G-0134    (0)   :  0.024 0.956 0.020 
162 QAc-G-0135    (0)   :  0.977 0.015 0.008 
163 QAc-G-0136    (0)   :  0.982 0.009 0.009 
164 QAc-G-0137    (0)   :  0.906 0.088 0.007 
165 QAc-G-0138    (0)   :  0.987 0.006 0.007 
166 QAc-G-0139    (0)   :  0.934 0.062 0.004 
167 QAc-G-0140    (6)   :  0.897 0.093 0.010 
168 QAc-G-0141    (0)   :  0.875 0.088 0.037 
169 QAc-G-0142    (0)   :  0.979 0.016 0.005 
170 QAc-G-0143    (0)   :  0.978 0.012 0.010 
171 QAc-G-0144    (6)   :  0.985 0.007 0.008 
172 QAc-G-0145    (0)   :  0.011 0.012 0.977 
173 QAc-G-0146    (0)   :  0.011 0.976 0.013 
174 QAc-G-0147    (0)   :  0.877 0.112 0.011 
175 QAc-G-0148    (0)   :  0.970 0.023 0.007 
176 QAc-G-0149    (0)   :  0.013 0.982 0.005 
177 QAc-G-0150    (0)   :  0.008 0.008 0.985 
178 QAc-G-0151    (0)   :  0.020 0.970 0.010 
179 QAc-G-0152    (0)   :  0.011 0.978 0.011 
180 QAc-G-0153    (0)   :  0.069 0.916 0.016 
181 QAc-G-0154    (0)   :  0.012 0.979 0.009 
182 QAc-G-0155    (0)   :  0.008 0.986 0.006 
183 QAc-G-0158    (0)   :  0.048 0.940 0.012 
184 QAc-G-0159    (0)   :  0.965 0.024 0.011 
185 QAc-G-0160    (0)   :  0.005 0.005 0.989 
186 QAc-G-0161    (0)   :  0.005 0.006 0.989 
187 QAc-G-0162    (0)   :  0.476 0.219 0.305 
188 QAc-G-0163    (0)   :  0.084 0.206 0.710 
189 QAc-G-0164    (0)   :  0.008 0.006 0.986 
190 QAc-G-0165    (0)   :  0.052 0.069 0.879 
191 QAc-G-0166    (0)   :  0.011 0.023 0.966 
192 QAc-G-0167    (0)   :  0.008 0.011 0.980 
193 QAc-G-0168    (0)   :  0.005 0.006 0.989 
194 QAc-G-0169    (6)   :  0.919 0.013 0.068 
195 QAc-G-0170    (0)   :  0.016 0.023 0.961 
196 QAc-G-0171    (0)   :  0.008 0.007 0.985 
197 QAc-G-0172    (0)   :  0.970 0.017 0.013 
198 QAc-G-0173    (0)   :  0.009 0.005 0.986 
199 QAc-G-0174    (0)   :  0.570 0.019 0.411 
200 QAc-G-0175    (0)   :  0.007 0.006 0.987 
201 QAc-G-0176    (0)   :  0.014 0.159 0.827 
202 QAc-G-0177    (0)   :  0.008 0.008 0.984 
203 QAc-G-0178    (0)   :  0.042 0.012 0.946 
204 QAc-G-0179    (6)   :  0.006 0.008 0.986 
205 QAc-G-0180    (0)   :  0.007 0.007 0.985 
206 QAc-G-0181    (0)   :  0.024 0.099 0.876 
207 QAc-G-0182    (0)   :  0.252 0.041 0.707 
208 QAc-G-0183    (6)   :  0.009 0.006 0.985 
209 QAc-G-0184    (0)   :  0.011 0.011 0.979 
210 QAc-G-0185    (0)   :  0.115 0.060 0.825 
211 QAc-G-0186    (0)   :  0.040 0.088 0.872 
212 QAc-G-0187    (0)   :  0.011 0.009 0.980 
213 QAc-G-0188    (0)   :  0.904 0.047 0.048 
214 QAc-G-0189    (0)   :  0.006 0.005 0.989 
215 QAc-G-0190    (0)   :  0.010 0.011 0.978 
216 QAc-G-0191    (0)   :  0.008 0.013 0.979 
217 QAc-G-0192    (0)   :  0.006 0.006 0.989 
218 QAc-G-0193    (0)   :  0.010 0.014 0.976 
219 QAc-G-0194    (0)   :  0.010 0.016 0.974 
220 QAc-G-0195    (0)   :  0.027 0.008 0.965 
221 QAc-G-0196    (0)   :  0.008 0.006 0.986 
222 QAc-G-0197    (0)   :  0.005 0.006 0.989 
223 QAc-G-0198    (0)   :  0.009 0.013 0.978 
224 QAc-G-0199    (0)   :  0.348 0.085 0.568 
225 QAc-G-0200    (0)   :  0.026 0.038 0.937 
226 QAc-G-0201    (0)   :  0.021 0.006 0.972 
227 QAc-G-0202    (6)   :  0.013 0.008 0.979 
228 QAc-G-0203    (0)   :  0.004 0.004 0.991 
229 QAc-G-0204    (0)   :  0.011 0.014 0.976 
230 QAc-G-0205    (0)   :  0.004 0.004 0.991 
231 QAc-G-0206    (0)   :  0.393 0.043 0.565 
232 QAc-G-0207    (0)   :  0.014 0.010 0.976 
233 QAc-G-0208    (0)   :  0.006 0.009 0.985 
234 QAc-G-0209    (0)   :  0.006 0.005 0.989 
235 QAc-G-0210    (0)   :  0.013 0.006 0.981 
236 QAc-G-0211    (0)   :  0.016 0.007 0.977 
237 QAc-G-0212    (0)   :  0.006 0.008 0.986 
238 QAc-G-0213    (0)   :  0.005 0.007 0.987 
239 QAc-G-0214    (0)   :  0.004 0.005 0.990 
240 QAc-G-0215    (0)   :  0.025 0.019 0.956 
241 QAc-G-0216    (0)   :  0.649 0.019 0.333 
242 QAc-G-0217    (0)   :  0.020 0.016 0.964 
243 QAc-G-0218    (0)   :  0.010 0.017 0.973 
244 QAc-G-0219    (0)   :  0.044 0.055 0.901 
245 QAc-G-0220    (0)   :  0.126 0.016 0.858 
246 QAc-G-0221    (0)   :  0.075 0.048 0.877 
247 QAc-G-0222    (0)   :  0.005 0.007 0.988 
248 QAc-G-0223    (0)   :  0.014 0.012 0.975 
249 QAc-G-0224    (0)   :  0.011 0.006 0.983 
250 QAc-G-0226    (0)   :  0.006 0.009 0.986 
251 QAc-G-0227    (0)   :  0.008 0.983 0.009 
252 QAc-G-0228    (6)   :  0.014 0.971 0.015 
253 QAc-G-0229    (0)   :  0.040 0.945 0.015 
254 QAc-G-0230    (0)   :  0.016 0.950 0.034 
255 QAc-G-0231    (0)   :  0.006 0.005 0.988 
256 QAc-G-0232    (0)   :  0.010 0.986 0.005 
257 QAc-G-0233    (0)   :  0.328 0.650 0.022 
258 QAc-G-0234    (0)   :  0.018 0.957 0.025 
259 QAc-G-0235    (0)   :  0.981 0.011 0.009 
260 QAc-G-0236    (0)   :  0.007 0.984 0.010 
261 QAc-G-0237    (0)   :  0.015 0.955 0.030 
262 QAc-G-0238    (0)   :  0.008 0.974 0.018 
263 QAc-G-0239    (0)   :  0.014 0.978 0.008 
264 QAc-G-0240    (0)   :  0.010 0.985 0.005 
265 QAc-G-0241    (0)   :  0.086 0.891 0.023 
266 QAc-G-0242    (0)   :  0.015 0.972 0.013 
267 QAc-G-0243    (0)   :  0.035 0.954 0.011 
268 QAc-G-0244    (0)   :  0.017 0.967 0.016 
269 QAc-G-0245    (0)   :  0.008 0.985 0.007 
270 QAc-G-0246    (0)   :  0.012 0.977 0.011 
271 QAc-G-0247    (0)   :  0.010 0.983 0.007 
272 QAc-G-0248    (0)   :  0.008 0.987 0.005 
273 QAc-G-0249    (0)   :  0.956 0.012 0.032 
274 QAc-G-0025    (0)   :  0.005 0.007 0.987 
275 QAc-G-0028    (0)   :  0.037 0.915 0.048 
276 QAc-G-0275    (0)   :  0.006 0.005 0.989 
277 QAc-G-0263    (0)   :  0.908 0.007 0.084 
278 QAc-W-0001    (0)   :  0.009 0.985 0.006 
279 QAc-W-0002    (0)   :  0.062 0.917 0.021 
280 QAc-W-0003    (0)   :  0.026 0.920 0.054 
281 QAc-W-0004    (0)   :  0.007 0.976 0.017 
282 QAc-W-0005    (0)   :  0.012 0.980 0.008 
283 QAc-W-0006    (0)   :  0.013 0.978 0.009 
284 QAc-W-0007   (13)   :  0.008 0.985 0.007 
285 QAc-W-0008    (6)   :  0.070 0.925 0.005 
286 QAc-W-0009    (0)   :  0.131 0.852 0.017 
287 QAc-W-0010    (0)   :  0.104 0.886 0.010 
288 QAc-W-0011    (0)   :  0.010 0.975 0.016 
289 QAc-W-0012    (0)   :  0.011 0.975 0.014 
290 QAc-W-0013    (0)   :  0.028 0.787 0.186 
291 QAc-W-0014    (0)   :  0.017 0.976 0.007 
292 QAc-W-0015    (0)   :  0.153 0.760 0.087 
293 QAc-W-0016    (0)   :  0.381 0.602 0.017 
294 QAc-W-0017    (0)   :  0.799 0.137 0.064 
295 QAc-W-0018    (0)   :  0.152 0.835 0.013 
296 QAc-W-0019    (0)   :  0.015 0.974 0.011 
297 QAc-W-0020    (0)   :  0.011 0.984 0.005 
298 QAc-W-0021    (0)   :  0.215 0.607 0.179 
299 QAc-W-0022    (0)   :  0.503 0.458 0.038 
300 QAc-W-0023    (6)   :  0.064 0.926 0.010 
301 QAc-W-0024    (0)   :  0.126 0.589 0.285 
302 QAc-W-0025    (0)   :  0.010 0.982 0.009 
303 QAc-W-0026    (0)   :  0.033 0.847 0.119 
304 QAc-W-0027    (0)   :  0.020 0.971 0.009 
305 QAc-W-0028    (0)   :  0.012 0.982 0.006 
306 QAc-W-0029    (0)   :  0.010 0.984 0.006 
307 QAc-W-0030    (0)   :  0.009 0.980 0.011 
308 QAc-W-0031    (0)   :  0.013 0.883 0.104 
309 QAc-W-0032    (0)   :  0.009 0.986 0.005 
310 QAc-W-0033    (0)   :  0.056 0.933 0.010 
311 QAc-W-0034    (0)   :  0.015 0.978 0.007 
312 QAc-W-0035    (0)   :  0.068 0.870 0.062 
313 QAc-W-0036    (0)   :  0.010 0.985 0.005 
314 QAc-W-0037    (0)   :  0.009 0.968 0.024 
315 QAc-W-0038    (0)   :  0.034 0.953 0.013 
316 QAc-W-0039    (0)   :  0.009 0.957 0.033 
317 QAc-W-0040    (0)   :  0.133 0.854 0.014 
318 QAc-W-0041    (0)   :  0.060 0.819 0.121 
319 QAc-W-0042    (0)   :  0.332 0.644 0.024 
320 QAc-W-0043    (0)   :  0.734 0.219 0.047 
321 QAc-W-0044    (0)   :  0.191 0.794 0.015 
322 QAc-W-0045    (0)   :  0.961 0.026 0.013 
323 QAc-W-0046    (0)   :  0.805 0.146 0.049 
324 QAc-W-0047    (0)   :  0.905 0.086 0.009 
325 QAc-W-0048    (0)   :  0.840 0.149 0.010 
326 QAc-W-0049    (0)   :  0.896 0.091 0.013 
327 QAc-W-0050    (0)   :  0.976 0.008 0.017 
328 QAc-W-0051    (0)   :  0.955 0.031 0.014 
329 QAc-W-0052    (0)   :  0.011 0.984 0.005 
330 QAc-W-0053    (0)   :  0.977 0.018 0.005 
331 QAc-W-0054    (0)   :  0.923 0.027 0.050 
332 QAc-W-0055    (0)   :  0.417 0.010 0.572 
333 QAc-W-0056    (0)   :  0.892 0.067 0.041 
334 QAc-W-0057    (0)   :  0.920 0.014 0.066 
335 QAc-W-0058    (0)   :  0.764 0.010 0.226 
336 QAc-W-0059    (0)   :  0.979 0.014 0.007 
337 QAc-W-0060    (0)   :  0.566 0.121 0.313 
338 QAc-W-0061    (0)   :  0.871 0.019 0.110 
339 QAc-W-0062    (0)   :  0.805 0.032 0.163 
340 QAc-W-0063    (0)   :  0.792 0.091 0.118 
341 QAc-W-0064    (0)   :  0.602 0.032 0.367 
342 QAc-W-0065    (0)   :  0.919 0.014 0.067 
343 QAc-W-0066    (0)   :  0.005 0.006 0.989 
344 QAc-W-0067    (0)   :  0.006 0.006 0.989 
345 QAc-W-0068    (0)   :  0.005 0.007 0.988 
346 QAc-W-0069    (0)   :  0.005 0.007 0.988 
347 QAc-W-0070    (0)   :  0.010 0.005 0.985 
348 QAc-W-0071    (6)   :  0.292 0.010 0.698 
349 QAc-W-0072    (0)   :  0.973 0.013 0.014 
350 QAc-W-0073    (0)   :  0.942 0.016 0.042 
351 QAc-W-0074    (0)   :  0.904 0.012 0.084 
352 QAc-W-0075    (0)   :  0.200 0.015 0.785 
353 QAc-W-0076    (0)   :  0.899 0.010 0.091 
354 QAc-W-0077    (0)   :  0.781 0.031 0.188 
355 QAc-W-0078    (0)   :  0.133 0.080 0.787 
356 QAc-W-0079    (6)   :  0.006 0.006 0.988 
357 QAc-W-0080   (13)   :  0.022 0.047 0.931 
358 QAc-W-0081    (0)   :  0.019 0.049 0.932 
359 QAc-W-0082    (0)   :  0.749 0.009 0.243 
360 QAc-W-0083    (0)   :  0.017 0.017 0.966 
361 QAc-W-0084    (0)   :  0.009 0.021 0.970 
362 QAc-W-0085    (0)   :  0.010 0.006 0.983 
363 QAc-W-0086    (0)   :  0.008 0.006 0.986 
364 QAc-W-0087    (0)   :  0.014 0.008 0.978 
365 QAc-W-0088    (0)   :  0.118 0.013 0.869 
366 QAc-W-0089    (0)   :  0.006 0.010 0.984 
367 QAc-W-0090    (0)   :  0.008 0.010 0.982 
368 QAc-W-0091    (0)   :  0.043 0.019 0.938 
369 QAc-W-0092    (0)   :  0.013 0.621 0.366 
370 QAc-W-0093    (0)   :  0.539 0.097 0.364 
371 QAc-W-0094    (0)   :  0.377 0.346 0.277 
372 QAc-W-0095    (0)   :  0.041 0.181 0.778 
373 QAc-W-0096    (0)   :  0.165 0.174 0.661 
374 QAc-W-0097    (0)   :  0.285 0.073 0.642 
375 QAc-W-0098    (0)   :  0.024 0.017 0.959 
376 QAc-W-0099    (0)   :  0.557 0.078 0.365 
377 QAc-W-0100    (0)   :  0.066 0.016 0.919 
378 QAc-W-0101    (0)   :  0.008 0.006 0.986 
379 QAc-W-0104    (0)   :  0.056 0.013 0.930 
380 QAc-W-0105    (0)   :  0.015 0.053 0.932 
381 QAc-W-0106    (0)   :  0.090 0.169 0.742 
382 QAc-W-0107    (0)   :  0.008 0.007 0.985 
383 QAc-W-0108    (0)   :  0.008 0.005 0.987 
384 QAc-W-0109    (0)   :  0.009 0.012 0.979 
385 QAc-W-0110   (13)   :  0.051 0.701 0.249 
386 QAc-W-0111    (6)   :  0.022 0.042 0.937 
387 QAc-W-0112   (13)   :  0.097 0.040 0.862 
388 QAc-W-0113   (13)   :  0.959 0.031 0.010 
389 QAc-W-0114   (13)   :  0.972 0.013 0.015 
390 QAc-W-0115    (0)   :  0.953 0.029 0.018 
391 QAc-W-0116    (0)   :  0.973 0.022 0.005 
392 QAc-W-0117    (0)   :  0.980 0.015 0.005 
393 QAc-W-0118    (0)   :  0.933 0.010 0.057 
394 QAc-W-0119    (0)   :  0.972 0.016 0.012 
395 QAc-W-0120    (0)   :  0.960 0.020 0.020 
396 QAc-W-0121    (0)   :  0.966 0.014 0.020 
397 QAc-W-0122    (0)   :  0.976 0.017 0.007 
398 QAc-W-0123    (6)   :  0.974 0.013 0.012 
399 QAc-W-0124    (0)   :  0.740 0.107 0.153 
400 QAc-W-0125    (0)   :  0.954 0.009 0.036 
401 QAc-W-0126   (13)   :  0.951 0.020 0.028 
402 QAc-W-0127    (6)   :  0.962 0.032 0.006 
403 QAc-W-0128   (13)   :  0.908 0.019 0.073 
404 QAc-W-0129   (13)   :  0.957 0.032 0.011 
405 QAc-W-0130   (13)   :  0.916 0.069 0.015 
406 QAc-W-0131    (0)   :  0.958 0.033 0.009 
407 QAc-W-0132    (6)   :  0.616 0.248 0.136 
408 QAc-W-0133    (6)   :  0.853 0.015 0.131 
409 QAc-W-0134    (0)   :  0.976 0.014 0.011 
410 QAc-W-0135    (0)   :  0.864 0.119 0.017 
411 QAc-W-0136    (0)   :  0.960 0.033 0.007 
412 QAc-W-0137    (0)   :  0.981 0.013 0.006 
413 QAc-W-0138    (0)   :  0.960 0.034 0.006 
414 QAc-W-0139    (0)   :  0.884 0.067 0.049 
415 QAc-W-0140    (0)   :  0.977 0.016 0.007 
416 QAc-W-0141    (6)   :  0.869 0.109 0.021 
417 QAc-W-0142    (0)   :  0.980 0.010 0.010 
418 QAc-W-0143    (0)   :  0.972 0.016 0.013 
419 QAc-W-0144    (0)   :  0.984 0.010 0.006 
420 QAc-W-0145    (0)   :  0.987 0.007 0.006 
421 QAc-W-0146    (0)   :  0.857 0.128 0.015 
422 QAc-W-0147    (0)   :  0.980 0.009 0.010 
423 QAc-W-0148    (0)   :  0.949 0.044 0.008 
424 QAc-W-0149    (0)   :  0.966 0.025 0.009 
425 QAc-W-0150    (0)   :  0.692 0.283 0.025 
426 QAc-W-0151    (0)   :  0.947 0.039 0.015 
427 QAc-W-0152    (0)   :  0.978 0.012 0.010 
428 QAc-W-0153    (0)   :  0.902 0.049 0.050 
429 QAc-W-0154    (0)   :  0.952 0.041 0.007 
430 QAc-W-0155    (0)   :  0.972 0.022 0.006 
431 QAc-W-0156    (0)   :  0.607 0.348 0.045 
432 QAc-W-0157    (0)   :  0.967 0.025 0.008 
433 QAc-W-0158    (0)   :  0.497 0.352 0.151 
434 QAc-W-0159    (0)   :  0.975 0.018 0.007 
435 QAc-W-0160    (0)   :  0.850 0.138 0.012 
436 QAc-W-0161    (0)   :  0.688 0.306 0.006 
437 QAc-W-0162    (0)   :  0.985 0.009 0.006 
438 QAc-W-0163    (0)   :  0.982 0.011 0.007 
439 QAc-W-0164    (0)   :  0.975 0.014 0.011 
440 QAc-W-0165    (0)   :  0.975 0.013 0.012 
441 QAc-W-0166    (0)   :  0.807 0.182 0.011 


Estimated Allele Frequencies in each cluster
First column gives estimated ancestral frequencies


Locus 1 : 
21 alleles
0.5% missing data
 210   (0.143) 0.179 0.037 0.110 
 212   (0.079) 0.069 0.148 0.237 
 202   (0.037) 0.022 0.116 0.077 
 226   (0.054) 0.043 0.044 0.147 
 216   (0.073) 0.072 0.083 0.045 
 200   (0.197) 0.206 0.413 0.265 
 224   (0.052) 0.041 0.059 0.052 
 218   (0.067) 0.063 0.026 0.031 
 222   (0.050) 0.071 0.004 0.001 
 228   (0.024) 0.017 0.001 0.021 
 214   (0.064) 0.090 0.005 0.003 
 208   (0.040) 0.030 0.058 0.008 
 220   (0.014) 0.011 0.001 0.000 
 206   (0.026) 0.033 0.002 0.000 
 196   (0.009) 0.005 0.000 0.000 
 238   (0.009) 0.005 0.000 0.000 
 121   (0.009) 0.003 0.004 0.000 
 204   (0.015) 0.011 0.000 0.000 
 190   (0.009) 0.005 0.000 0.000 
 198   (0.009) 0.005 0.000 0.000 
 232   (0.019) 0.019 0.001 0.000 

Locus 2 : 
15 alleles
1.6% missing data
 171   (0.217) 0.238 0.346 0.077 
 175   (0.070) 0.057 0.053 0.195 
 185   (0.092) 0.101 0.011 0.079 
 181   (0.069) 0.052 0.087 0.373 
 179   (0.141) 0.162 0.091 0.021 
 173   (0.152) 0.149 0.278 0.202 
 177   (0.051) 0.050 0.004 0.034 
 183   (0.067) 0.087 0.002 0.009 
 187   (0.056) 0.058 0.050 0.001 
 189   (0.023) 0.013 0.072 0.000 
 191   (0.023) 0.014 0.003 0.010 
 163   (0.011) 0.005 0.000 0.000 
 165   (0.010) 0.005 0.000 0.000 
 193   (0.010) 0.005 0.000 0.000 
 169   (0.010) 0.005 0.000 0.000 

Locus 3 : 
7 alleles
2.5% missing data
 206   (0.874) 0.910 0.949 0.984 
 208   (0.045) 0.037 0.048 0.001 
 198   (0.011) 0.003 0.000 0.003 
 204   (0.034) 0.028 0.001 0.011 
 218   (0.013) 0.008 0.000 0.000 
 230   (0.010) 0.005 0.000 0.000 
 212   (0.013) 0.008 0.000 0.000 

Locus 4 : 
15 alleles
3.6% missing data
 165   (0.083) 0.064 0.094 0.362 
 173   (0.040) 0.033 0.001 0.167 
 163   (0.191) 0.243 0.085 0.006 
 167   (0.114) 0.120 0.264 0.005 
 161   (0.375) 0.395 0.514 0.440 
 153   (0.011) 0.003 0.008 0.000 
 171   (0.031) 0.036 0.001 0.001 
 179   (0.010) 0.005 0.001 0.000 
 157   (0.027) 0.018 0.026 0.000 
 149   (0.010) 0.005 0.000 0.000 
 177   (0.029) 0.022 0.003 0.006 
 155   (0.014) 0.008 0.002 0.000 
 175   (0.013) 0.009 0.000 0.000 
 169   (0.026) 0.023 0.001 0.002 
 159   (0.025) 0.017 0.001 0.010 

Locus 5 : 
16 alleles
0.0% missing data
 148   (0.091) 0.080 0.097 0.412 
 160   (0.029) 0.016 0.012 0.044 
 146   (0.083) 0.077 0.041 0.323 
 154   (0.079) 0.106 0.006 0.005 
 150   (0.053) 0.054 0.048 0.002 
 138   (0.130) 0.142 0.098 0.050 
 166   (0.054) 0.054 0.086 0.001 
 164   (0.018) 0.009 0.012 0.000 
 142   (0.020) 0.022 0.001 0.000 
 144   (0.189) 0.212 0.218 0.089 
 140   (0.069) 0.074 0.209 0.001 
 158   (0.046) 0.035 0.022 0.022 
 162   (0.024) 0.017 0.001 0.034 
 152   (0.078) 0.074 0.147 0.013 
 134   (0.018) 0.017 0.000 0.000 
 156   (0.018) 0.012 0.001 0.003 

Locus 6 : 
12 alleles
0.0% missing data
 225   (0.032) 0.022 0.002 0.164 
 239   (0.096) 0.081 0.099 0.260 
 229   (0.014) 0.004 0.002 0.191 
 235   (0.282) 0.295 0.245 0.323 
 237   (0.187) 0.215 0.220 0.006 
 233   (0.071) 0.054 0.264 0.023 
 227   (0.114) 0.136 0.076 0.002 
 245   (0.055) 0.057 0.024 0.001 
 241   (0.068) 0.057 0.040 0.030 
 231   (0.038) 0.048 0.001 0.001 
 243   (0.034) 0.026 0.026 0.000 
 251   (0.010) 0.005 0.000 0.000 

Locus 7 : 
7 alleles
0.0% missing data
 118   (0.886) 0.936 0.812 0.970 
 124   (0.025) 0.012 0.179 0.000 
 116   (0.026) 0.026 0.001 0.001 
 114   (0.027) 0.012 0.008 0.016 
 122   (0.010) 0.005 0.000 0.000 
 112   (0.016) 0.007 0.000 0.006 
 120   (0.011) 0.003 0.000 0.006 

Locus 8 : 
5 alleles
0.5% missing data
 135   (0.048) 0.032 0.077 0.008 
 139   (0.716) 0.723 0.829 0.937 
 137   (0.187) 0.197 0.092 0.054 
 143   (0.030) 0.032 0.001 0.000 
 141   (0.019) 0.017 0.001 0.000 

Locus 9 : 
15 alleles
1.6% missing data
 116   (0.209) 0.217 0.377 0.285 
 112   (0.114) 0.125 0.035 0.059 
 118   (0.114) 0.117 0.048 0.280 
 122   (0.157) 0.166 0.106 0.267 
 114   (0.177) 0.192 0.202 0.075 
 120   (0.041) 0.034 0.103 0.001 
 130   (0.028) 0.017 0.093 0.000 
 124   (0.046) 0.048 0.001 0.030 
 110   (0.010) 0.005 0.000 0.000 
 134   (0.010) 0.005 0.000 0.000 
 128   (0.023) 0.013 0.026 0.000 
 126   (0.040) 0.043 0.007 0.001 
 108   (0.013) 0.008 0.000 0.000 
 106   (0.010) 0.005 0.000 0.000 
 138   (0.010) 0.004 0.000 0.002 

Locus 10 : 
8 alleles
0.0% missing data
 232   (0.753) 0.754 0.941 0.986 
 238   (0.153) 0.197 0.027 0.002 
 220   (0.011) 0.003 0.022 0.000 
 226   (0.011) 0.004 0.001 0.005 
 234   (0.020) 0.010 0.007 0.000 
 240   (0.013) 0.008 0.000 0.000 
 236   (0.016) 0.011 0.000 0.001 
 244   (0.022) 0.013 0.001 0.006 

Locus 11 : 
8 alleles
0.0% missing data
 165   (0.763) 0.784 0.855 0.831 
 167   (0.106) 0.116 0.006 0.167 
 161   (0.076) 0.072 0.138 0.001 
 153   (0.010) 0.005 0.000 0.000 
 169   (0.010) 0.005 0.000 0.000 
 155   (0.011) 0.005 0.000 0.000 
 173   (0.010) 0.005 0.000 0.000 
 163   (0.013) 0.008 0.000 0.000 

Locus 12 : 
9 alleles
0.0% missing data
 137   (0.568) 0.622 0.460 0.358 
 140   (0.096) 0.071 0.338 0.199 
 134   (0.256) 0.259 0.196 0.442 
 149   (0.010) 0.005 0.000 0.000 
 131   (0.010) 0.005 0.000 0.000 
 143   (0.018) 0.014 0.001 0.000 
 128   (0.011) 0.005 0.000 0.000 
 125   (0.020) 0.013 0.004 0.000 
 146   (0.011) 0.005 0.000 0.000 

Locus 13 : 
20 alleles
0.2% missing data
 206   (0.115) 0.110 0.169 0.251 
 210   (0.047) 0.030 0.114 0.347 
 190   (0.059) 0.070 0.036 0.001 
 202   (0.115) 0.124 0.141 0.033 
 214   (0.040) 0.026 0.025 0.077 
 212   (0.079) 0.095 0.006 0.072 
 192   (0.052) 0.044 0.244 0.007 
 204   (0.040) 0.040 0.021 0.001 
 184   (0.068) 0.063 0.045 0.037 
 216   (0.014) 0.004 0.087 0.001 
 208   (0.041) 0.030 0.069 0.009 
 200   (0.096) 0.112 0.019 0.051 
 198   (0.026) 0.033 0.001 0.000 
 194   (0.118) 0.156 0.011 0.068 
 186   (0.018) 0.010 0.001 0.045 
 188   (0.017) 0.014 0.001 0.000 
 196   (0.022) 0.025 0.001 0.000 
 220   (0.010) 0.005 0.000 0.000 
 180   (0.011) 0.008 0.000 0.000 
 182   (0.011) 0.003 0.011 0.000 

Locus 14 : 
8 alleles
1.6% missing data
 139   (0.055) 0.034 0.099 0.178 
 145   (0.091) 0.087 0.023 0.058 
 151   (0.360) 0.368 0.313 0.528 
 157   (0.273) 0.271 0.535 0.105 
 154   (0.106) 0.103 0.026 0.127 
 163   (0.040) 0.045 0.002 0.002 
 142   (0.023) 0.023 0.001 0.000 
 160   (0.051) 0.069 0.001 0.001 

Locus 15 : 
14 alleles
1.1% missing data
 256   (0.126) 0.118 0.170 0.146 
 262   (0.024) 0.014 0.001 0.237 
 246   (0.079) 0.067 0.082 0.053 
 258   (0.154) 0.164 0.342 0.010 
 254   (0.111) 0.107 0.104 0.061 
 250   (0.036) 0.029 0.001 0.287 
 242   (0.109) 0.128 0.008 0.139 
 252   (0.084) 0.078 0.055 0.059 
 248   (0.184) 0.230 0.156 0.004 
 260   (0.037) 0.027 0.079 0.002 
 264   (0.010) 0.005 0.000 0.000 
 244   (0.025) 0.023 0.001 0.002 
 276   (0.010) 0.005 0.000 0.000 
 240   (0.010) 0.005 0.000 0.000 

Values of parameters used in structure:
DATAFILE=C:\Users\eschumacher\Documents\GitHub\GCC_QUAC_ZAIN\Data_Files\Structure_Files\QUAC\QUAC_woK_nopopinfo_garden_wild\QUAC_woK_nopopinfo_garden_wild\project_data,	OUTFILE=C:\Users\eschumacher\Documents\GitHub\GCC_QUAC_ZAIN\Data_Files\Structure_Files\QUAC\QUAC_woK_nopopinfo_garden_wild\QUAC_woK_nopopinfo_garden_wild\50-50\Results\50-50_run_14,	NUMINDS=441,	NUMLOCI=15,	MISSING=-9,	LABEL=1,	POPDATA=0,	POPFLAG=0,	PHENOTYPE=0,	EXTRACOLS=0,	MAXPOPS=3,	BURNIN=50000,	NUMREPS=50000,	USEPOPINFO=0,	INFERALPHA=1,	INFERLAMBDA=0,	POPSPECIFICLAMBDA=0,	POPALPHAS=0,	COMPUTEPROB=1,	NOADMIX=0,	ADMBURNIN=2500,	UPDATEFREQ=1,	PRINTLIKES=0,	INTERMEDSAVE=0,	PRINTKLD=0,	PRINTNET=0,	PRINTLAMBDA=0,	ANCESTDIST=0,	NUMBOXES=1000,	ANCESTPINT=0.90000,	GENSBACK=2,	MIGRPRIOR=0.05000,	PRINTQHAT=0,	PRINTQSUM=0,	ALPHA=1.0000,	FREQSCORR=1,	FPRIORMEAN=0.0100,	FPRIORSD=0.0500,	ONEFST=0,	LAMBDA=1.0000,	UNIFPRIORALPHA=1,	ALPHAMAX=10.0000,	ALPHAPRIORA=1.0000,	ALPHAPRIORB=2.0000,	ALPHAPROPSD=0.0250,	STARTATPOPINFO=0,	RANDOMIZE=1,	LINKAGE=0,	METROFREQ=10,	REPORTHITRATE=0,	MARKOVPHASE=-1,	PHASED=0,	PLOIDY=2,	PHASEINFO=0	LOCPRIOR=0, 	LOCPRIORINIT=1.000000, 	LOCDATA=0, 	LOCISPOP=0, 	LOCPRIORSTEP=0.100000, 	MAXLOCPRIOR=20.000000, 	SEED=1670365977,	
[STRAT parameters]:    NUMSIMSTATS=1000,	PHENOTYPECOL=-9,	POOLFREQ=10,	LOCUSxONLY=0,	EMERROR=0.00100,	MISSINGPHENO=-9,	