

----------------------------------------------------
STRUCTURE by Pritchard, Stephens and Donnelly (2000)
     and Falush, Stephens and Pritchard (2003)
       Code by Pritchard, Falush and Hubisz
             Version 2.3.4 (Jul 2012)
----------------------------------------------------



Command line arguments:   bin\structure -m C:\Users\eschumacher\Documents\GitHub\GCC_QUAC_ZAIN\Data_Files\Structure_Files\QUAC\QUAC_woK_nopopinfo_garden_wild\QUAC_woK_nopopinfo_garden_wild\50-50\mainparams -e C:\Users\eschumacher\Documents\GitHub\GCC_QUAC_ZAIN\Data_Files\Structure_Files\QUAC\QUAC_woK_nopopinfo_garden_wild\QUAC_woK_nopopinfo_garden_wild\50-50\extraparams 
Input File:    C:\Users\eschumacher\Documents\GitHub\GCC_QUAC_ZAIN\Data_Files\Structure_Files\QUAC\QUAC_woK_nopopinfo_garden_wild\QUAC_woK_nopopinfo_garden_wild\project_data

Run parameters:
   441 individuals
   15 loci
   12 populations assumed
   50000 Burn-in period
   50000 Reps


--------------------------------------------
Overall proportion of membership of the
sample in each of the 12 clusters

Inferred Clusters
  1      2      3      4      5      6      7      8      9     10     11     12    
0.034  0.050  0.041  0.069  0.117  0.094  0.075  0.122  0.063  0.141  0.071  0.123  

--------------------------------------------

Allele-freq. divergence among pops (Net nucleotide distance),
computed using point estimates of P.

      1       2       3       4       5       6       7       8       9      10      11      12      
 1      -    0.0206  0.0651  0.0943  0.0676  0.0638  0.1461  0.0966  0.0768  0.1148  0.0626  0.0518  
 2   0.0206     -    0.0498  0.0830  0.0402  0.0347  0.1183  0.0667  0.0609  0.0951  0.0363  0.0298  
 3   0.0651  0.0498     -    0.1053  0.0911  0.0847  0.1879  0.1334  0.1037  0.1214  0.0433  0.0788  
 4   0.0943  0.0830  0.1053     -    0.1130  0.1028  0.2247  0.1590  0.1444  0.1704  0.1185  0.1038  
 5   0.0676  0.0402  0.0911  0.1130     -    0.0411  0.1671  0.1174  0.1095  0.1233  0.0839  0.0738  
 6   0.0638  0.0347  0.0847  0.1028  0.0411     -    0.1439  0.0984  0.1024  0.1214  0.0843  0.0575  
 7   0.1461  0.1183  0.1879  0.2247  0.1671  0.1439     -    0.0824  0.1419  0.1924  0.1708  0.1614  
 8   0.0966  0.0667  0.1334  0.1590  0.1174  0.0984  0.0824     -    0.1181  0.1424  0.1275  0.0979  
 9   0.0768  0.0609  0.1037  0.1444  0.1095  0.1024  0.1419  0.1181     -    0.0948  0.0956  0.0867  
10   0.1148  0.0951  0.1214  0.1704  0.1233  0.1214  0.1924  0.1424  0.0948     -    0.1423  0.1314  
11   0.0626  0.0363  0.0433  0.1185  0.0839  0.0843  0.1708  0.1275  0.0956  0.1423     -    0.0768  
12   0.0518  0.0298  0.0788  0.1038  0.0738  0.0575  0.1614  0.0979  0.0867  0.1314  0.0768     -    

Average distances (expected heterozygosity) between individuals in same cluster:
cluster  1  : 0.6484 
cluster  2  : 0.6930 
cluster  3  : 0.5397 
cluster  4  : 0.4616 
cluster  5  : 0.5466 
cluster  6  : 0.5433 
cluster  7  : 0.3920 
cluster  8  : 0.5008 
cluster  9  : 0.5079 
cluster 10  : 0.3978 
cluster 11  : 0.6109 
cluster 12  : 0.5519 

--------------------------------------------
Estimated Ln Prob of Data   = -15133.8
Mean value of ln likelihood = -14608.9
Variance of ln likelihood   = 1049.7
Mean value of alpha         = 0.0326

Mean value of Fst_1         = 0.1196
Mean value of Fst_2         = 0.0002
Mean value of Fst_3         = 0.2407
Mean value of Fst_4         = 0.4197
Mean value of Fst_5         = 0.2199
Mean value of Fst_6         = 0.1640
Mean value of Fst_7         = 0.5519
Mean value of Fst_8         = 0.2557
Mean value of Fst_9         = 0.2708
Mean value of Fst_10         = 0.5033
Mean value of Fst_11         = 0.1131
Mean value of Fst_12         = 0.1467


Inferred ancestry of individuals:
        Label (%Miss) :  Inferred clusters
  1 QAc-G-0029    (0)   :  0.012 0.052 0.004 0.006 0.067 0.024 0.634 0.146 0.009 0.026 0.004 0.018 
  2 QAc-G-0030    (0)   :  0.002 0.002 0.002 0.002 0.002 0.002 0.975 0.003 0.003 0.002 0.002 0.002 
  3 QAc-G-0031    (0)   :  0.003 0.003 0.002 0.002 0.002 0.003 0.968 0.005 0.003 0.004 0.002 0.003 
  4 QAc-G-0061    (0)   :  0.003 0.003 0.003 0.004 0.005 0.005 0.127 0.836 0.003 0.003 0.002 0.004 
  5 QAc-G-0062    (0)   :  0.066 0.043 0.007 0.418 0.004 0.011 0.006 0.005 0.324 0.021 0.006 0.088 
  6 QAc-G-0063    (0)   :  0.042 0.074 0.007 0.015 0.041 0.092 0.004 0.004 0.153 0.533 0.007 0.030 
  7 QAc-G-0064    (0)   :  0.003 0.003 0.005 0.957 0.005 0.003 0.003 0.003 0.006 0.005 0.003 0.003 
  8 QAc-G-0065    (0)   :  0.003 0.004 0.007 0.962 0.003 0.003 0.006 0.003 0.002 0.002 0.003 0.002 
  9 QAc-G-0066    (0)   :  0.002 0.003 0.002 0.002 0.003 0.003 0.004 0.004 0.003 0.969 0.002 0.003 
 10 QAc-G-0067    (0)   :  0.003 0.003 0.003 0.960 0.003 0.003 0.006 0.008 0.002 0.003 0.003 0.003 
 11 QAc-G-0068    (0)   :  0.424 0.010 0.003 0.005 0.003 0.003 0.003 0.003 0.004 0.532 0.005 0.006 
 12 QAc-G-0070    (0)   :  0.008 0.015 0.004 0.010 0.007 0.014 0.004 0.005 0.083 0.527 0.008 0.317 
 13 QAc-G-0071   (13)   :  0.005 0.007 0.004 0.002 0.005 0.003 0.018 0.011 0.050 0.881 0.008 0.006 
 14 QAc-G-0072    (0)   :  0.004 0.003 0.003 0.003 0.004 0.004 0.003 0.003 0.003 0.964 0.002 0.004 
 15 QAc-G-0073    (0)   :  0.003 0.004 0.003 0.003 0.963 0.007 0.002 0.004 0.003 0.003 0.003 0.003 
 16 QAc-G-0074    (0)   :  0.007 0.053 0.022 0.004 0.281 0.328 0.004 0.004 0.102 0.145 0.011 0.038 
 17 QAc-G-0075    (0)   :  0.010 0.036 0.008 0.007 0.534 0.321 0.022 0.006 0.014 0.025 0.012 0.006 
 18 QAc-G-0076    (0)   :  0.009 0.141 0.096 0.010 0.489 0.201 0.009 0.012 0.005 0.014 0.003 0.012 
 19 QAc-G-0077    (0)   :  0.004 0.005 0.004 0.007 0.005 0.009 0.115 0.832 0.005 0.008 0.004 0.003 
 20 QAc-G-0078    (0)   :  0.002 0.002 0.002 0.002 0.002 0.002 0.975 0.003 0.002 0.002 0.002 0.002 
 21 QAc-G-0079    (0)   :  0.002 0.002 0.003 0.002 0.002 0.003 0.971 0.004 0.003 0.003 0.003 0.002 
 22 QAc-G-0080    (0)   :  0.022 0.053 0.010 0.017 0.101 0.012 0.003 0.751 0.013 0.006 0.010 0.003 
 23 QAc-G-0081    (0)   :  0.036 0.686 0.005 0.004 0.010 0.025 0.006 0.005 0.023 0.004 0.020 0.177 
 24 QAc-G-0082    (0)   :  0.056 0.864 0.004 0.002 0.017 0.008 0.002 0.005 0.005 0.002 0.014 0.019 
 25 QAc-G-0083    (0)   :  0.005 0.009 0.005 0.012 0.013 0.062 0.009 0.013 0.843 0.012 0.005 0.011 
 26 QAc-G-0001   (13)   :  0.002 0.003 0.003 0.002 0.002 0.003 0.967 0.006 0.003 0.004 0.003 0.002 
 27 QAc-G-0002    (0)   :  0.002 0.002 0.002 0.002 0.002 0.002 0.974 0.004 0.002 0.002 0.002 0.002 
 28 QAc-G-0285    (0)   :  0.006 0.005 0.007 0.003 0.005 0.005 0.005 0.005 0.927 0.015 0.010 0.007 
 29 QAc-G-0286    (0)   :  0.003 0.002 0.003 0.002 0.003 0.003 0.003 0.003 0.005 0.968 0.003 0.003 
 30 QAc-G-0287    (0)   :  0.002 0.002 0.003 0.002 0.003 0.003 0.003 0.003 0.003 0.972 0.002 0.002 
 31 QAc-G-0288    (6)   :  0.014 0.013 0.006 0.008 0.013 0.017 0.022 0.025 0.008 0.833 0.007 0.033 
 32 QAc-G-0289    (0)   :  0.002 0.003 0.004 0.003 0.003 0.003 0.003 0.003 0.003 0.968 0.002 0.003 
 33 QAc-G-0290    (0)   :  0.003 0.003 0.003 0.006 0.003 0.004 0.003 0.003 0.004 0.964 0.002 0.004 
 34 QAc-G-0291    (0)   :  0.004 0.004 0.003 0.003 0.006 0.004 0.036 0.016 0.020 0.900 0.003 0.002 
 35 QAc-G-0292    (0)   :  0.007 0.007 0.011 0.003 0.004 0.005 0.003 0.003 0.711 0.234 0.005 0.008 
 36 QAc-G-0293    (0)   :  0.003 0.003 0.003 0.002 0.003 0.002 0.014 0.004 0.500 0.463 0.003 0.002 
 37 QAc-G-0294    (0)   :  0.028 0.032 0.039 0.007 0.357 0.494 0.011 0.006 0.003 0.004 0.009 0.008 
 38 QAc-G-0295    (0)   :  0.006 0.007 0.003 0.005 0.926 0.016 0.006 0.010 0.005 0.009 0.004 0.003 
 39 QAc-G-0296    (0)   :  0.003 0.004 0.009 0.008 0.934 0.014 0.003 0.005 0.005 0.007 0.003 0.005 
 40 QAc-G-0297    (0)   :  0.010 0.683 0.009 0.005 0.103 0.145 0.002 0.004 0.003 0.003 0.025 0.008 
 41 QAc-G-0298    (6)   :  0.003 0.005 0.003 0.003 0.952 0.010 0.004 0.006 0.004 0.003 0.004 0.003 
 42 QAc-G-0299    (0)   :  0.008 0.013 0.018 0.004 0.463 0.455 0.004 0.005 0.005 0.010 0.012 0.004 
 43 QAc-G-0300    (0)   :  0.005 0.006 0.007 0.022 0.874 0.056 0.002 0.003 0.003 0.003 0.004 0.014 
 44 QAc-G-0301    (0)   :  0.005 0.010 0.004 0.153 0.706 0.069 0.008 0.006 0.009 0.019 0.007 0.005 
 45 QAc-G-0302    (0)   :  0.023 0.018 0.016 0.003 0.004 0.023 0.003 0.004 0.006 0.006 0.890 0.005 
 46 QAc-G-0303    (0)   :  0.013 0.032 0.010 0.005 0.007 0.005 0.003 0.005 0.006 0.003 0.881 0.029 
 47 QAc-G-0304    (0)   :  0.003 0.002 0.003 0.002 0.004 0.003 0.003 0.003 0.005 0.966 0.002 0.003 
 48 QAc-G-0305    (0)   :  0.060 0.029 0.035 0.003 0.005 0.007 0.042 0.038 0.222 0.501 0.022 0.036 
 49 QAc-G-0306    (0)   :  0.002 0.003 0.002 0.002 0.002 0.002 0.003 0.004 0.005 0.969 0.002 0.003 
 50 QAc-G-0307    (0)   :  0.019 0.022 0.006 0.005 0.008 0.008 0.054 0.806 0.020 0.005 0.014 0.034 
 51 QAc-G-0308    (0)   :  0.003 0.005 0.008 0.002 0.009 0.005 0.004 0.937 0.006 0.009 0.006 0.005 
 52 QAc-G-0309    (0)   :  0.007 0.017 0.003 0.002 0.003 0.004 0.943 0.005 0.005 0.003 0.004 0.003 
 53 QAc-G-0310    (0)   :  0.003 0.002 0.003 0.002 0.003 0.004 0.968 0.005 0.003 0.003 0.002 0.003 
 54 QAc-G-0311    (0)   :  0.002 0.002 0.002 0.002 0.002 0.002 0.005 0.973 0.002 0.003 0.002 0.002 
 55 QAc-G-0312    (0)   :  0.051 0.091 0.021 0.012 0.070 0.046 0.006 0.597 0.005 0.007 0.045 0.049 
 56 QAc-G-0313    (0)   :  0.112 0.671 0.003 0.007 0.015 0.013 0.024 0.005 0.048 0.007 0.007 0.088 
 57 QAc-G-0314    (0)   :  0.028 0.697 0.005 0.006 0.058 0.080 0.007 0.008 0.003 0.004 0.029 0.075 
 58 QAc-G-0315    (0)   :  0.284 0.635 0.011 0.005 0.006 0.017 0.003 0.004 0.005 0.007 0.010 0.012 
 59 QAc-G-0316    (0)   :  0.066 0.722 0.004 0.009 0.005 0.010 0.019 0.012 0.008 0.007 0.006 0.133 
 60 QAc-G-0032    (6)   :  0.410 0.163 0.076 0.114 0.013 0.007 0.007 0.004 0.003 0.006 0.188 0.008 
 61 QAc-G-0033    (0)   :  0.004 0.005 0.007 0.009 0.493 0.450 0.006 0.006 0.004 0.005 0.004 0.006 
 62 QAc-G-0034    (0)   :  0.007 0.011 0.010 0.007 0.838 0.035 0.018 0.038 0.004 0.004 0.008 0.021 
 63 QAc-G-0035    (0)   :  0.005 0.009 0.009 0.008 0.084 0.845 0.005 0.007 0.010 0.008 0.006 0.005 
 64 QAc-G-0036    (0)   :  0.011 0.011 0.005 0.004 0.896 0.012 0.007 0.005 0.018 0.016 0.004 0.012 
 65 QAc-G-0037    (0)   :  0.003 0.004 0.003 0.003 0.947 0.006 0.005 0.010 0.004 0.010 0.002 0.002 
 66 QAc-G-0038    (0)   :  0.003 0.005 0.003 0.002 0.937 0.025 0.002 0.002 0.003 0.003 0.004 0.012 
 67 QAc-G-0039    (0)   :  0.022 0.046 0.024 0.006 0.519 0.295 0.013 0.033 0.004 0.005 0.010 0.023 
 68 QAc-G-0040    (0)   :  0.004 0.020 0.041 0.003 0.747 0.033 0.005 0.008 0.009 0.051 0.005 0.074 
 69 QAc-G-0041    (0)   :  0.003 0.005 0.003 0.022 0.920 0.004 0.003 0.003 0.015 0.002 0.002 0.018 
 70 QAc-G-0042    (0)   :  0.003 0.004 0.015 0.005 0.935 0.010 0.003 0.004 0.005 0.009 0.004 0.004 
 71 QAc-G-0043    (0)   :  0.003 0.009 0.004 0.002 0.907 0.044 0.005 0.007 0.004 0.005 0.006 0.004 
 72 QAc-G-0044    (0)   :  0.006 0.015 0.025 0.038 0.843 0.028 0.004 0.004 0.005 0.011 0.013 0.007 
 73 QAc-G-0045    (0)   :  0.004 0.007 0.014 0.013 0.748 0.138 0.014 0.040 0.004 0.006 0.004 0.008 
 74 QAc-G-0046    (0)   :  0.020 0.021 0.008 0.007 0.776 0.087 0.035 0.019 0.005 0.002 0.004 0.015 
 75 QAc-G-0047    (0)   :  0.010 0.011 0.014 0.005 0.080 0.826 0.017 0.016 0.005 0.005 0.006 0.007 
 76 QAc-G-0048    (0)   :  0.004 0.005 0.003 0.004 0.950 0.012 0.002 0.003 0.004 0.003 0.003 0.006 
 77 QAc-G-0049    (0)   :  0.003 0.003 0.002 0.002 0.002 0.003 0.967 0.006 0.003 0.004 0.002 0.003 
 78 QAc-G-0050    (0)   :  0.117 0.688 0.005 0.004 0.004 0.005 0.010 0.059 0.005 0.019 0.068 0.019 
 79 QAc-G-0051    (0)   :  0.002 0.002 0.002 0.002 0.002 0.002 0.973 0.004 0.004 0.003 0.002 0.002 
 80 QAc-G-0052    (0)   :  0.006 0.005 0.004 0.009 0.006 0.005 0.007 0.943 0.003 0.003 0.003 0.006 
 81 QAc-G-0053    (0)   :  0.004 0.007 0.003 0.004 0.016 0.011 0.012 0.927 0.005 0.007 0.002 0.003 
 82 QAc-G-0054    (0)   :  0.023 0.319 0.025 0.004 0.019 0.005 0.003 0.496 0.003 0.003 0.030 0.069 
 83 QAc-G-0055    (0)   :  0.039 0.220 0.018 0.003 0.019 0.006 0.004 0.598 0.004 0.004 0.069 0.016 
 84 QAc-G-0056    (0)   :  0.025 0.836 0.007 0.007 0.005 0.008 0.004 0.047 0.004 0.011 0.008 0.037 
 85 QAc-G-0057    (0)   :  0.003 0.002 0.002 0.002 0.003 0.003 0.969 0.005 0.003 0.003 0.003 0.002 
 86 QAc-G-0058    (6)   :  0.002 0.002 0.003 0.002 0.002 0.002 0.971 0.004 0.003 0.003 0.002 0.002 
 87 QAc-G-0059    (0)   :  0.041 0.495 0.003 0.003 0.017 0.003 0.006 0.413 0.003 0.002 0.008 0.005 
 88 QAc-G-0060    (6)   :  0.010 0.030 0.006 0.008 0.006 0.007 0.014 0.890 0.007 0.012 0.004 0.006 
 89 QAc-G-0276    (0)   :  0.005 0.007 0.003 0.002 0.014 0.017 0.005 0.010 0.636 0.291 0.004 0.004 
 90 QAc-G-0279    (0)   :  0.004 0.003 0.002 0.002 0.003 0.003 0.005 0.004 0.004 0.966 0.002 0.003 
 91 QAc-G-0280    (6)   :  0.006 0.004 0.003 0.003 0.006 0.007 0.004 0.003 0.004 0.953 0.003 0.004 
 92 QAc-G-0281    (0)   :  0.003 0.003 0.003 0.003 0.003 0.003 0.006 0.963 0.003 0.005 0.003 0.003 
 93 QAc-G-0018    (0)   :  0.054 0.021 0.021 0.006 0.769 0.033 0.025 0.039 0.004 0.006 0.014 0.009 
 94 QAc-G-0019    (0)   :  0.007 0.008 0.011 0.210 0.612 0.085 0.004 0.005 0.025 0.019 0.004 0.009 
 95 QAc-G-0020    (0)   :  0.004 0.011 0.003 0.003 0.954 0.006 0.004 0.004 0.003 0.002 0.003 0.003 
 96 QAc-G-0021    (6)   :  0.004 0.007 0.002 0.032 0.884 0.027 0.023 0.010 0.003 0.003 0.003 0.003 
 97 QAc-G-0022    (6)   :  0.010 0.068 0.005 0.076 0.454 0.225 0.014 0.026 0.013 0.004 0.011 0.092 
 98 QAc-G-0023    (0)   :  0.003 0.003 0.003 0.002 0.003 0.003 0.619 0.352 0.005 0.003 0.003 0.003 
 99 QAc-G-0024    (0)   :  0.003 0.003 0.004 0.003 0.004 0.004 0.963 0.006 0.002 0.003 0.003 0.003 
100 QAc-G-0016    (0)   :  0.158 0.245 0.087 0.004 0.025 0.004 0.003 0.328 0.006 0.010 0.118 0.012 
101 QAc-G-0017    (0)   :  0.015 0.021 0.017 0.241 0.010 0.006 0.003 0.003 0.006 0.005 0.663 0.010 
102 QAc-G-0250    (0)   :  0.319 0.172 0.006 0.007 0.010 0.016 0.008 0.005 0.296 0.109 0.040 0.012 
103 QAc-G-0003    (6)   :  0.005 0.003 0.004 0.003 0.004 0.005 0.004 0.005 0.008 0.952 0.003 0.005 
104 QAc-G-0004    (0)   :  0.012 0.018 0.010 0.007 0.030 0.037 0.014 0.006 0.006 0.003 0.853 0.004 
105 QAc-G-0005    (0)   :  0.003 0.003 0.005 0.968 0.003 0.003 0.003 0.003 0.002 0.003 0.003 0.003 
106 QAc-G-0006    (6)   :  0.014 0.019 0.004 0.002 0.004 0.012 0.002 0.003 0.008 0.004 0.916 0.011 
107 QAc-G-0283    (0)   :  0.016 0.511 0.005 0.003 0.007 0.006 0.003 0.004 0.102 0.004 0.062 0.278 
108 QAc-G-0265    (0)   :  0.023 0.195 0.007 0.004 0.005 0.073 0.419 0.005 0.250 0.004 0.008 0.007 
109 QAc-G-0266    (0)   :  0.002 0.002 0.002 0.002 0.002 0.002 0.970 0.007 0.003 0.003 0.002 0.002 
110 QAc-G-0267    (0)   :  0.006 0.011 0.006 0.081 0.238 0.043 0.003 0.006 0.589 0.004 0.004 0.009 
111 QAc-G-0268   (20)   :  0.121 0.270 0.010 0.010 0.004 0.008 0.003 0.007 0.009 0.533 0.019 0.005 
112 QAc-G-0269    (0)   :  0.003 0.003 0.002 0.003 0.004 0.004 0.004 0.003 0.004 0.965 0.003 0.003 
113 QAc-G-0270    (6)   :  0.004 0.005 0.004 0.010 0.944 0.007 0.004 0.004 0.004 0.006 0.003 0.005 
114 QAc-G-0271    (0)   :  0.018 0.085 0.006 0.069 0.030 0.763 0.003 0.003 0.004 0.003 0.009 0.007 
115 QAc-G-0272    (6)   :  0.005 0.006 0.013 0.003 0.912 0.015 0.005 0.006 0.008 0.015 0.005 0.006 
116 QAc-G-0273    (0)   :  0.004 0.004 0.006 0.004 0.003 0.003 0.012 0.949 0.003 0.005 0.003 0.004 
117 QAc-G-0274    (0)   :  0.002 0.002 0.003 0.974 0.003 0.002 0.002 0.002 0.002 0.002 0.002 0.002 
118 QAc-G-0251    (6)   :  0.006 0.005 0.009 0.010 0.933 0.005 0.006 0.005 0.003 0.004 0.008 0.007 
119 QAc-G-0252    (0)   :  0.005 0.005 0.006 0.004 0.946 0.005 0.004 0.004 0.003 0.004 0.007 0.009 
120 QAc-G-0253    (0)   :  0.003 0.004 0.003 0.003 0.005 0.003 0.015 0.949 0.004 0.005 0.003 0.003 
121 QAc-G-0254    (0)   :  0.005 0.009 0.003 0.003 0.003 0.004 0.923 0.036 0.003 0.004 0.004 0.003 
122 QAc-G-0255    (0)   :  0.010 0.008 0.006 0.005 0.005 0.019 0.003 0.004 0.006 0.004 0.924 0.005 
123 QAc-G-0256    (0)   :  0.004 0.004 0.934 0.004 0.003 0.004 0.003 0.003 0.004 0.005 0.030 0.003 
124 QAc-G-0257    (0)   :  0.015 0.027 0.042 0.115 0.028 0.004 0.002 0.014 0.005 0.003 0.713 0.030 
125 QAc-G-0258    (0)   :  0.004 0.009 0.009 0.005 0.004 0.004 0.002 0.002 0.004 0.003 0.951 0.003 
126 QAc-G-0259    (0)   :  0.004 0.960 0.005 0.002 0.003 0.005 0.002 0.002 0.002 0.002 0.006 0.007 
127 QAc-G-0260    (0)   :  0.073 0.653 0.119 0.042 0.010 0.008 0.005 0.013 0.009 0.032 0.008 0.028 
128 QAc-G-0261    (0)   :  0.233 0.305 0.006 0.389 0.012 0.005 0.003 0.004 0.004 0.004 0.028 0.007 
129 QAc-G-0262    (0)   :  0.268 0.514 0.083 0.022 0.006 0.004 0.004 0.007 0.016 0.011 0.055 0.013 
130 QAc-G-0010    (0)   :  0.008 0.011 0.003 0.005 0.015 0.009 0.016 0.008 0.881 0.032 0.004 0.007 
131 QAc-G-0011    (0)   :  0.019 0.020 0.003 0.005 0.008 0.005 0.004 0.004 0.003 0.004 0.005 0.921 
132 QAc-G-0015    (0)   :  0.013 0.049 0.023 0.007 0.009 0.007 0.447 0.257 0.009 0.003 0.138 0.038 
133 QAc-G-0106    (0)   :  0.007 0.025 0.058 0.029 0.012 0.006 0.002 0.003 0.003 0.003 0.847 0.006 
134 QAc-G-0107    (0)   :  0.040 0.024 0.773 0.003 0.004 0.006 0.006 0.012 0.011 0.005 0.112 0.005 
135 QAc-G-0108    (0)   :  0.006 0.006 0.881 0.005 0.008 0.004 0.002 0.002 0.004 0.007 0.071 0.005 
136 QAc-G-0109    (0)   :  0.059 0.071 0.031 0.033 0.016 0.007 0.006 0.015 0.006 0.005 0.718 0.031 
137 QAc-G-0110    (0)   :  0.010 0.026 0.061 0.002 0.023 0.022 0.007 0.006 0.016 0.053 0.763 0.010 
138 QAc-G-0111    (0)   :  0.014 0.011 0.029 0.005 0.013 0.009 0.007 0.005 0.020 0.006 0.875 0.006 
139 QAc-G-0112    (0)   :  0.011 0.027 0.116 0.004 0.004 0.004 0.011 0.006 0.013 0.024 0.776 0.003 
140 QAc-G-0113    (0)   :  0.113 0.032 0.080 0.022 0.008 0.006 0.002 0.057 0.014 0.008 0.650 0.007 
141 QAc-G-0114    (0)   :  0.012 0.014 0.005 0.003 0.009 0.034 0.009 0.010 0.008 0.011 0.880 0.004 
142 QAc-G-0115    (0)   :  0.011 0.014 0.032 0.006 0.005 0.003 0.003 0.006 0.004 0.007 0.904 0.005 
143 QAc-G-0116    (0)   :  0.012 0.007 0.016 0.007 0.004 0.004 0.006 0.005 0.012 0.012 0.911 0.005 
144 QAc-G-0117    (0)   :  0.224 0.074 0.358 0.039 0.123 0.073 0.007 0.024 0.024 0.004 0.038 0.012 
145 QAc-G-0118    (0)   :  0.004 0.009 0.011 0.025 0.005 0.005 0.002 0.002 0.013 0.003 0.912 0.009 
146 QAc-G-0119    (0)   :  0.005 0.019 0.008 0.023 0.010 0.012 0.010 0.003 0.003 0.002 0.903 0.003 
147 QAc-G-0120    (0)   :  0.010 0.045 0.007 0.005 0.009 0.009 0.004 0.006 0.005 0.006 0.887 0.008 
148 QAc-G-0121    (0)   :  0.004 0.004 0.011 0.941 0.009 0.004 0.004 0.004 0.004 0.007 0.006 0.003 
149 QAc-G-0122    (0)   :  0.006 0.004 0.016 0.894 0.011 0.005 0.004 0.004 0.009 0.036 0.006 0.005 
150 QAc-G-0123    (0)   :  0.002 0.002 0.002 0.972 0.004 0.004 0.002 0.002 0.002 0.002 0.002 0.002 
151 QAc-G-0124    (6)   :  0.004 0.003 0.004 0.963 0.003 0.005 0.003 0.003 0.003 0.003 0.003 0.004 
152 QAc-G-0125    (0)   :  0.116 0.214 0.007 0.478 0.007 0.007 0.047 0.020 0.033 0.010 0.023 0.040 
153 QAc-G-0126    (0)   :  0.051 0.564 0.038 0.195 0.012 0.006 0.003 0.029 0.005 0.006 0.079 0.013 
154 QAc-G-0127    (0)   :  0.010 0.008 0.018 0.914 0.008 0.006 0.003 0.007 0.004 0.004 0.007 0.010 
155 QAc-G-0128    (0)   :  0.003 0.003 0.004 0.964 0.003 0.003 0.003 0.003 0.003 0.006 0.003 0.003 
156 QAc-G-0129    (0)   :  0.002 0.002 0.003 0.972 0.003 0.003 0.002 0.002 0.002 0.003 0.003 0.002 
157 QAc-G-0130    (0)   :  0.007 0.006 0.074 0.841 0.010 0.005 0.002 0.003 0.007 0.004 0.028 0.015 
158 QAc-G-0131    (0)   :  0.003 0.004 0.006 0.950 0.005 0.007 0.003 0.004 0.003 0.005 0.004 0.004 
159 QAc-G-0132    (0)   :  0.015 0.019 0.070 0.738 0.004 0.009 0.017 0.007 0.016 0.012 0.085 0.006 
160 QAc-G-0133    (0)   :  0.004 0.005 0.009 0.941 0.011 0.005 0.004 0.004 0.006 0.005 0.003 0.004 
161 QAc-G-0134    (0)   :  0.003 0.004 0.007 0.954 0.004 0.004 0.007 0.002 0.003 0.004 0.004 0.003 
162 QAc-G-0135    (0)   :  0.004 0.007 0.005 0.003 0.008 0.009 0.006 0.005 0.003 0.005 0.941 0.005 
163 QAc-G-0136    (0)   :  0.017 0.011 0.015 0.005 0.005 0.004 0.006 0.005 0.102 0.005 0.812 0.012 
164 QAc-G-0137    (0)   :  0.049 0.011 0.023 0.047 0.007 0.011 0.003 0.004 0.005 0.004 0.829 0.007 
165 QAc-G-0138    (0)   :  0.006 0.009 0.011 0.006 0.002 0.003 0.004 0.006 0.027 0.003 0.899 0.025 
166 QAc-G-0139    (0)   :  0.006 0.008 0.012 0.029 0.065 0.011 0.002 0.002 0.003 0.003 0.851 0.007 
167 QAc-G-0140    (6)   :  0.006 0.003 0.954 0.006 0.004 0.005 0.002 0.003 0.003 0.003 0.007 0.003 
168 QAc-G-0141    (0)   :  0.069 0.061 0.697 0.007 0.014 0.014 0.006 0.065 0.018 0.011 0.013 0.025 
169 QAc-G-0142    (0)   :  0.003 0.004 0.006 0.003 0.003 0.007 0.002 0.002 0.003 0.003 0.960 0.003 
170 QAc-G-0143    (0)   :  0.004 0.958 0.002 0.003 0.005 0.004 0.002 0.004 0.004 0.006 0.004 0.003 
171 QAc-G-0144    (6)   :  0.184 0.222 0.006 0.002 0.006 0.004 0.003 0.005 0.010 0.004 0.550 0.004 
172 QAc-G-0145    (0)   :  0.003 0.003 0.004 0.002 0.003 0.003 0.003 0.002 0.005 0.965 0.003 0.003 
173 QAc-G-0146    (0)   :  0.002 0.003 0.003 0.970 0.003 0.003 0.002 0.003 0.003 0.003 0.002 0.003 
174 QAc-G-0147    (0)   :  0.291 0.119 0.059 0.235 0.024 0.011 0.003 0.010 0.022 0.007 0.018 0.201 
175 QAc-G-0148    (0)   :  0.927 0.009 0.012 0.007 0.010 0.006 0.003 0.004 0.007 0.003 0.008 0.005 
176 QAc-G-0149    (0)   :  0.003 0.003 0.004 0.963 0.005 0.004 0.003 0.003 0.003 0.004 0.003 0.003 
177 QAc-G-0150    (0)   :  0.004 0.003 0.002 0.003 0.003 0.003 0.003 0.004 0.004 0.965 0.003 0.003 
178 QAc-G-0151    (0)   :  0.003 0.003 0.003 0.966 0.004 0.004 0.002 0.003 0.003 0.003 0.002 0.003 
179 QAc-G-0152    (0)   :  0.003 0.003 0.002 0.963 0.005 0.004 0.003 0.007 0.002 0.002 0.002 0.003 
180 QAc-G-0153    (0)   :  0.008 0.011 0.007 0.868 0.013 0.006 0.002 0.002 0.059 0.002 0.007 0.016 
181 QAc-G-0154    (0)   :  0.004 0.007 0.054 0.835 0.045 0.005 0.003 0.003 0.014 0.011 0.015 0.004 
182 QAc-G-0155    (0)   :  0.002 0.002 0.003 0.968 0.005 0.004 0.002 0.003 0.003 0.003 0.002 0.003 
183 QAc-G-0158    (0)   :  0.003 0.003 0.003 0.970 0.002 0.003 0.003 0.003 0.003 0.003 0.003 0.003 
184 QAc-G-0159    (0)   :  0.022 0.046 0.127 0.021 0.014 0.008 0.011 0.006 0.004 0.013 0.717 0.013 
185 QAc-G-0160    (0)   :  0.002 0.002 0.003 0.002 0.002 0.002 0.002 0.003 0.003 0.974 0.002 0.003 
186 QAc-G-0161    (0)   :  0.002 0.002 0.003 0.002 0.003 0.003 0.002 0.003 0.002 0.973 0.002 0.002 
187 QAc-G-0162    (0)   :  0.031 0.035 0.005 0.004 0.298 0.024 0.008 0.005 0.496 0.081 0.005 0.009 
188 QAc-G-0163    (0)   :  0.037 0.016 0.005 0.002 0.028 0.057 0.002 0.002 0.013 0.814 0.018 0.005 
189 QAc-G-0164    (0)   :  0.004 0.013 0.004 0.002 0.003 0.006 0.004 0.015 0.003 0.884 0.004 0.058 
190 QAc-G-0165    (0)   :  0.003 0.004 0.005 0.008 0.005 0.005 0.002 0.003 0.006 0.951 0.004 0.004 
191 QAc-G-0166    (0)   :  0.002 0.003 0.003 0.002 0.004 0.004 0.003 0.003 0.003 0.967 0.002 0.003 
192 QAc-G-0167    (0)   :  0.004 0.003 0.003 0.003 0.004 0.005 0.003 0.003 0.004 0.962 0.002 0.004 
193 QAc-G-0168    (0)   :  0.002 0.003 0.003 0.002 0.003 0.003 0.003 0.003 0.003 0.972 0.002 0.002 
194 QAc-G-0169    (6)   :  0.065 0.307 0.004 0.004 0.004 0.019 0.004 0.004 0.111 0.237 0.231 0.010 
195 QAc-G-0170    (0)   :  0.004 0.003 0.003 0.005 0.004 0.004 0.004 0.003 0.005 0.958 0.003 0.004 
196 QAc-G-0171    (0)   :  0.002 0.003 0.003 0.002 0.004 0.003 0.003 0.003 0.005 0.966 0.002 0.003 
197 QAc-G-0172    (0)   :  0.020 0.050 0.013 0.015 0.004 0.025 0.009 0.007 0.014 0.020 0.810 0.013 
198 QAc-G-0173    (0)   :  0.003 0.003 0.003 0.002 0.004 0.002 0.013 0.004 0.531 0.431 0.003 0.003 
199 QAc-G-0174    (0)   :  0.005 0.004 0.007 0.003 0.005 0.005 0.005 0.004 0.936 0.020 0.003 0.004 
200 QAc-G-0175    (0)   :  0.003 0.003 0.003 0.002 0.003 0.003 0.003 0.004 0.006 0.967 0.002 0.003 
201 QAc-G-0176    (0)   :  0.006 0.011 0.004 0.004 0.147 0.015 0.003 0.008 0.005 0.788 0.005 0.004 
202 QAc-G-0177    (0)   :  0.003 0.003 0.002 0.003 0.003 0.004 0.003 0.004 0.006 0.964 0.002 0.003 
203 QAc-G-0178    (0)   :  0.005 0.014 0.003 0.013 0.003 0.004 0.006 0.015 0.010 0.682 0.004 0.240 
204 QAc-G-0179    (6)   :  0.003 0.003 0.003 0.002 0.003 0.003 0.003 0.003 0.007 0.966 0.002 0.002 
205 QAc-G-0180    (0)   :  0.002 0.002 0.003 0.002 0.003 0.003 0.002 0.002 0.003 0.972 0.002 0.003 
206 QAc-G-0181    (0)   :  0.003 0.004 0.003 0.003 0.004 0.027 0.002 0.002 0.003 0.941 0.004 0.005 
207 QAc-G-0182    (0)   :  0.006 0.008 0.007 0.005 0.004 0.005 0.002 0.003 0.529 0.423 0.005 0.004 
208 QAc-G-0183    (6)   :  0.011 0.012 0.004 0.004 0.003 0.005 0.004 0.008 0.013 0.926 0.008 0.004 
209 QAc-G-0184    (0)   :  0.002 0.003 0.004 0.003 0.003 0.003 0.002 0.003 0.004 0.969 0.003 0.002 
210 QAc-G-0185    (0)   :  0.008 0.018 0.012 0.028 0.009 0.008 0.004 0.007 0.054 0.727 0.009 0.118 
211 QAc-G-0186    (0)   :  0.003 0.004 0.003 0.002 0.006 0.021 0.002 0.002 0.005 0.944 0.004 0.005 
212 QAc-G-0187    (0)   :  0.022 0.022 0.004 0.005 0.012 0.017 0.027 0.022 0.005 0.756 0.005 0.104 
213 QAc-G-0188    (0)   :  0.031 0.141 0.008 0.004 0.011 0.024 0.002 0.004 0.010 0.244 0.516 0.005 
214 QAc-G-0189    (0)   :  0.005 0.005 0.003 0.002 0.003 0.003 0.013 0.011 0.037 0.908 0.005 0.006 
215 QAc-G-0190    (0)   :  0.004 0.003 0.003 0.004 0.004 0.004 0.004 0.003 0.004 0.963 0.003 0.003 
216 QAc-G-0191    (0)   :  0.004 0.003 0.002 0.004 0.004 0.004 0.004 0.003 0.004 0.963 0.003 0.003 
217 QAc-G-0192    (0)   :  0.002 0.002 0.003 0.002 0.003 0.002 0.003 0.003 0.003 0.973 0.002 0.002 
218 QAc-G-0193    (0)   :  0.003 0.003 0.004 0.003 0.004 0.004 0.002 0.004 0.003 0.964 0.003 0.004 
219 QAc-G-0194    (0)   :  0.004 0.003 0.003 0.003 0.005 0.006 0.003 0.005 0.004 0.956 0.003 0.005 
220 QAc-G-0195    (0)   :  0.003 0.005 0.003 0.002 0.007 0.009 0.025 0.010 0.883 0.045 0.004 0.004 
221 QAc-G-0196    (0)   :  0.004 0.004 0.003 0.002 0.004 0.005 0.010 0.004 0.337 0.622 0.002 0.003 
222 QAc-G-0197    (0)   :  0.002 0.002 0.003 0.002 0.003 0.002 0.003 0.003 0.003 0.972 0.002 0.002 
223 QAc-G-0198    (0)   :  0.003 0.003 0.003 0.003 0.004 0.004 0.003 0.002 0.005 0.965 0.003 0.003 
224 QAc-G-0199    (0)   :  0.007 0.017 0.005 0.016 0.020 0.007 0.002 0.011 0.146 0.661 0.005 0.104 
225 QAc-G-0200    (0)   :  0.005 0.004 0.004 0.002 0.009 0.006 0.003 0.003 0.006 0.950 0.003 0.005 
226 QAc-G-0201    (0)   :  0.010 0.010 0.003 0.002 0.004 0.004 0.003 0.003 0.526 0.430 0.002 0.003 
227 QAc-G-0202    (6)   :  0.004 0.004 0.006 0.002 0.004 0.003 0.011 0.007 0.465 0.485 0.004 0.003 
228 QAc-G-0203    (0)   :  0.005 0.009 0.004 0.003 0.004 0.004 0.005 0.013 0.004 0.943 0.005 0.002 
229 QAc-G-0204    (0)   :  0.005 0.004 0.003 0.003 0.005 0.004 0.005 0.003 0.005 0.958 0.003 0.003 
230 QAc-G-0205    (0)   :  0.002 0.002 0.002 0.002 0.002 0.002 0.975 0.004 0.002 0.002 0.002 0.002 
231 QAc-G-0206    (0)   :  0.068 0.164 0.006 0.004 0.018 0.018 0.559 0.036 0.004 0.003 0.116 0.005 
232 QAc-G-0207    (0)   :  0.004 0.005 0.005 0.004 0.005 0.004 0.008 0.947 0.004 0.005 0.003 0.006 
233 QAc-G-0208    (0)   :  0.003 0.003 0.002 0.003 0.003 0.003 0.968 0.005 0.003 0.003 0.002 0.003 
234 QAc-G-0209    (0)   :  0.003 0.003 0.002 0.002 0.003 0.003 0.966 0.006 0.004 0.004 0.002 0.003 
235 QAc-G-0210    (0)   :  0.004 0.005 0.003 0.002 0.003 0.003 0.156 0.812 0.002 0.002 0.004 0.004 
236 QAc-G-0211    (0)   :  0.003 0.003 0.004 0.003 0.002 0.002 0.006 0.967 0.002 0.002 0.003 0.002 
237 QAc-G-0212    (0)   :  0.004 0.003 0.002 0.003 0.004 0.003 0.257 0.711 0.003 0.005 0.002 0.003 
238 QAc-G-0213    (0)   :  0.003 0.003 0.003 0.002 0.005 0.006 0.014 0.950 0.003 0.004 0.002 0.004 
239 QAc-G-0214    (0)   :  0.002 0.002 0.002 0.002 0.002 0.002 0.972 0.005 0.002 0.003 0.002 0.002 
240 QAc-G-0215    (0)   :  0.003 0.004 0.002 0.002 0.003 0.004 0.013 0.956 0.003 0.004 0.003 0.004 
241 QAc-G-0216    (0)   :  0.110 0.181 0.017 0.004 0.008 0.023 0.115 0.047 0.298 0.016 0.177 0.005 
242 QAc-G-0217    (0)   :  0.006 0.005 0.003 0.016 0.004 0.006 0.021 0.920 0.007 0.002 0.005 0.005 
243 QAc-G-0218    (0)   :  0.003 0.004 0.002 0.004 0.004 0.006 0.006 0.956 0.003 0.004 0.002 0.005 
244 QAc-G-0219    (0)   :  0.005 0.011 0.008 0.008 0.015 0.005 0.004 0.915 0.005 0.006 0.014 0.005 
245 QAc-G-0220    (0)   :  0.012 0.024 0.003 0.003 0.003 0.004 0.006 0.931 0.002 0.003 0.004 0.004 
246 QAc-G-0221    (0)   :  0.008 0.007 0.005 0.006 0.008 0.007 0.013 0.904 0.014 0.004 0.004 0.021 
247 QAc-G-0222    (0)   :  0.003 0.003 0.003 0.002 0.003 0.004 0.965 0.007 0.002 0.003 0.002 0.003 
248 QAc-G-0223    (0)   :  0.003 0.004 0.003 0.004 0.004 0.005 0.021 0.944 0.003 0.002 0.004 0.005 
249 QAc-G-0224    (0)   :  0.005 0.004 0.002 0.003 0.002 0.003 0.010 0.956 0.003 0.006 0.003 0.003 
250 QAc-G-0226    (0)   :  0.002 0.003 0.003 0.003 0.003 0.004 0.967 0.006 0.002 0.003 0.002 0.003 
251 QAc-G-0227    (0)   :  0.004 0.005 0.006 0.011 0.939 0.008 0.005 0.004 0.005 0.005 0.004 0.004 
252 QAc-G-0228    (6)   :  0.003 0.003 0.003 0.003 0.961 0.004 0.004 0.004 0.004 0.003 0.003 0.004 
253 QAc-G-0229    (0)   :  0.008 0.019 0.011 0.004 0.884 0.020 0.010 0.005 0.010 0.005 0.009 0.014 
254 QAc-G-0230    (0)   :  0.006 0.008 0.008 0.003 0.110 0.792 0.033 0.008 0.007 0.008 0.011 0.005 
255 QAc-G-0231    (0)   :  0.003 0.003 0.004 0.003 0.003 0.003 0.011 0.956 0.003 0.006 0.002 0.002 
256 QAc-G-0232    (0)   :  0.008 0.007 0.004 0.008 0.926 0.024 0.002 0.004 0.002 0.002 0.004 0.009 
257 QAc-G-0233    (0)   :  0.010 0.154 0.003 0.006 0.020 0.599 0.007 0.044 0.004 0.005 0.003 0.145 
258 QAc-G-0234    (0)   :  0.006 0.008 0.007 0.005 0.850 0.060 0.008 0.003 0.022 0.012 0.004 0.014 
259 QAc-G-0235    (0)   :  0.010 0.016 0.020 0.003 0.005 0.005 0.008 0.006 0.022 0.004 0.894 0.007 
260 QAc-G-0236    (0)   :  0.003 0.003 0.005 0.006 0.952 0.005 0.005 0.004 0.005 0.005 0.003 0.004 
261 QAc-G-0237    (0)   :  0.010 0.012 0.020 0.015 0.825 0.043 0.014 0.020 0.006 0.014 0.008 0.013 
262 QAc-G-0238    (0)   :  0.004 0.003 0.003 0.003 0.948 0.011 0.004 0.007 0.004 0.006 0.003 0.004 
263 QAc-G-0239    (0)   :  0.004 0.005 0.003 0.003 0.956 0.008 0.003 0.004 0.003 0.004 0.003 0.005 
264 QAc-G-0240    (0)   :  0.004 0.005 0.003 0.006 0.955 0.007 0.002 0.002 0.003 0.003 0.006 0.005 
265 QAc-G-0241    (0)   :  0.036 0.088 0.009 0.006 0.610 0.141 0.008 0.009 0.028 0.007 0.036 0.023 
266 QAc-G-0242    (0)   :  0.009 0.008 0.005 0.010 0.036 0.898 0.006 0.011 0.003 0.003 0.003 0.009 
267 QAc-G-0243    (0)   :  0.023 0.087 0.009 0.062 0.151 0.486 0.007 0.032 0.007 0.003 0.009 0.125 
268 QAc-G-0244    (0)   :  0.009 0.017 0.009 0.004 0.911 0.008 0.007 0.010 0.006 0.005 0.011 0.005 
269 QAc-G-0245    (0)   :  0.004 0.005 0.007 0.018 0.917 0.020 0.003 0.004 0.006 0.006 0.004 0.005 
270 QAc-G-0246    (0)   :  0.004 0.005 0.004 0.005 0.954 0.005 0.003 0.004 0.003 0.005 0.004 0.004 
271 QAc-G-0247    (0)   :  0.003 0.003 0.002 0.003 0.967 0.004 0.003 0.004 0.002 0.002 0.003 0.004 
272 QAc-G-0248    (0)   :  0.005 0.006 0.004 0.004 0.397 0.561 0.003 0.003 0.003 0.003 0.008 0.003 
273 QAc-G-0249    (0)   :  0.008 0.027 0.003 0.002 0.007 0.023 0.012 0.005 0.007 0.013 0.015 0.877 
274 QAc-G-0025    (0)   :  0.002 0.002 0.002 0.002 0.003 0.003 0.972 0.004 0.002 0.003 0.002 0.002 
275 QAc-G-0028    (0)   :  0.005 0.031 0.006 0.004 0.434 0.391 0.013 0.021 0.005 0.007 0.003 0.080 
276 QAc-G-0275    (0)   :  0.003 0.004 0.004 0.002 0.005 0.004 0.011 0.947 0.005 0.009 0.003 0.003 
277 QAc-G-0263    (0)   :  0.155 0.240 0.006 0.005 0.004 0.006 0.008 0.024 0.443 0.011 0.012 0.086 
278 QAc-W-0001    (0)   :  0.004 0.005 0.006 0.013 0.008 0.942 0.003 0.003 0.003 0.003 0.007 0.004 
279 QAc-W-0002    (0)   :  0.013 0.017 0.031 0.003 0.836 0.028 0.004 0.004 0.006 0.017 0.020 0.021 
280 QAc-W-0003    (0)   :  0.012 0.012 0.011 0.007 0.007 0.842 0.008 0.047 0.029 0.006 0.014 0.004 
281 QAc-W-0004    (0)   :  0.003 0.003 0.004 0.004 0.008 0.952 0.007 0.005 0.003 0.005 0.002 0.004 
282 QAc-W-0005    (0)   :  0.003 0.004 0.004 0.006 0.004 0.955 0.004 0.003 0.005 0.004 0.004 0.005 
283 QAc-W-0006    (0)   :  0.004 0.004 0.009 0.005 0.006 0.947 0.004 0.004 0.003 0.004 0.005 0.006 
284 QAc-W-0007   (13)   :  0.003 0.004 0.004 0.004 0.008 0.953 0.004 0.004 0.003 0.004 0.003 0.006 
285 QAc-W-0008    (6)   :  0.007 0.013 0.004 0.003 0.009 0.931 0.002 0.003 0.003 0.003 0.005 0.016 
286 QAc-W-0009    (0)   :  0.024 0.069 0.089 0.007 0.670 0.034 0.003 0.008 0.004 0.009 0.067 0.015 
287 QAc-W-0010    (0)   :  0.017 0.016 0.013 0.008 0.005 0.867 0.003 0.004 0.021 0.004 0.005 0.035 
288 QAc-W-0011    (0)   :  0.017 0.042 0.023 0.011 0.121 0.693 0.005 0.007 0.015 0.040 0.019 0.006 
289 QAc-W-0012    (0)   :  0.011 0.015 0.006 0.006 0.052 0.855 0.006 0.004 0.007 0.023 0.007 0.009 
290 QAc-W-0013    (0)   :  0.006 0.013 0.383 0.004 0.377 0.039 0.052 0.095 0.005 0.010 0.011 0.007 
291 QAc-W-0014    (0)   :  0.004 0.006 0.005 0.004 0.010 0.932 0.005 0.003 0.008 0.003 0.003 0.017 
292 QAc-W-0015    (0)   :  0.006 0.018 0.072 0.003 0.606 0.033 0.023 0.046 0.130 0.016 0.014 0.034 
293 QAc-W-0016    (0)   :  0.061 0.020 0.003 0.003 0.004 0.841 0.014 0.006 0.013 0.005 0.011 0.018 
294 QAc-W-0017    (0)   :  0.023 0.345 0.034 0.011 0.131 0.098 0.005 0.052 0.106 0.011 0.034 0.151 
295 QAc-W-0018    (0)   :  0.119 0.066 0.023 0.007 0.019 0.684 0.013 0.031 0.003 0.003 0.018 0.013 
296 QAc-W-0019    (0)   :  0.004 0.006 0.006 0.004 0.008 0.924 0.009 0.006 0.004 0.005 0.013 0.011 
297 QAc-W-0020    (0)   :  0.005 0.012 0.005 0.038 0.004 0.916 0.003 0.002 0.003 0.002 0.006 0.003 
298 QAc-W-0021    (0)   :  0.029 0.117 0.012 0.014 0.014 0.592 0.116 0.023 0.004 0.010 0.040 0.028 
299 QAc-W-0022    (0)   :  0.020 0.346 0.020 0.007 0.120 0.241 0.016 0.013 0.068 0.008 0.014 0.128 
300 QAc-W-0023    (6)   :  0.011 0.100 0.152 0.072 0.121 0.377 0.019 0.014 0.005 0.003 0.045 0.080 
301 QAc-W-0024    (0)   :  0.007 0.045 0.007 0.006 0.007 0.746 0.066 0.053 0.006 0.030 0.011 0.017 
302 QAc-W-0025    (0)   :  0.007 0.011 0.004 0.004 0.286 0.655 0.004 0.008 0.003 0.005 0.005 0.007 
303 QAc-W-0026    (0)   :  0.011 0.028 0.009 0.024 0.008 0.776 0.015 0.015 0.025 0.051 0.007 0.030 
304 QAc-W-0027    (0)   :  0.007 0.016 0.012 0.004 0.254 0.663 0.003 0.005 0.004 0.008 0.010 0.014 
305 QAc-W-0028    (0)   :  0.004 0.009 0.016 0.004 0.047 0.888 0.003 0.003 0.006 0.006 0.007 0.005 
306 QAc-W-0029    (0)   :  0.010 0.014 0.029 0.006 0.109 0.803 0.005 0.007 0.002 0.003 0.006 0.005 
307 QAc-W-0030    (0)   :  0.018 0.011 0.006 0.007 0.749 0.175 0.005 0.004 0.006 0.010 0.005 0.004 
308 QAc-W-0031    (0)   :  0.004 0.008 0.011 0.003 0.016 0.871 0.044 0.026 0.003 0.004 0.006 0.004 
309 QAc-W-0032    (0)   :  0.003 0.004 0.003 0.011 0.011 0.950 0.003 0.003 0.002 0.002 0.002 0.005 
310 QAc-W-0033    (0)   :  0.019 0.056 0.014 0.011 0.012 0.836 0.005 0.008 0.006 0.005 0.003 0.025 
311 QAc-W-0034    (0)   :  0.006 0.007 0.021 0.005 0.063 0.860 0.004 0.003 0.003 0.005 0.016 0.007 
312 QAc-W-0035    (0)   :  0.065 0.035 0.006 0.004 0.444 0.300 0.011 0.020 0.017 0.021 0.005 0.071 
313 QAc-W-0036    (0)   :  0.005 0.008 0.017 0.029 0.033 0.879 0.003 0.003 0.005 0.004 0.008 0.008 
314 QAc-W-0037    (0)   :  0.009 0.011 0.008 0.022 0.785 0.071 0.022 0.015 0.006 0.039 0.004 0.006 
315 QAc-W-0038    (0)   :  0.009 0.031 0.007 0.014 0.113 0.753 0.004 0.005 0.030 0.013 0.014 0.007 
316 QAc-W-0039    (0)   :  0.004 0.006 0.020 0.009 0.027 0.872 0.004 0.009 0.011 0.026 0.005 0.006 
317 QAc-W-0040    (0)   :  0.006 0.019 0.003 0.020 0.006 0.726 0.003 0.011 0.007 0.006 0.004 0.188 
318 QAc-W-0041    (0)   :  0.031 0.032 0.066 0.004 0.152 0.511 0.009 0.137 0.005 0.019 0.020 0.013 
319 QAc-W-0042    (0)   :  0.006 0.005 0.921 0.031 0.005 0.006 0.002 0.005 0.004 0.006 0.005 0.005 
320 QAc-W-0043    (0)   :  0.005 0.005 0.944 0.004 0.006 0.004 0.002 0.004 0.009 0.006 0.007 0.004 
321 QAc-W-0044    (0)   :  0.007 0.009 0.801 0.054 0.012 0.010 0.004 0.004 0.045 0.013 0.006 0.034 
322 QAc-W-0045    (0)   :  0.084 0.006 0.852 0.012 0.010 0.005 0.003 0.004 0.003 0.004 0.011 0.005 
323 QAc-W-0046    (0)   :  0.004 0.004 0.942 0.008 0.008 0.004 0.005 0.006 0.004 0.006 0.005 0.004 
324 QAc-W-0047    (0)   :  0.004 0.005 0.907 0.006 0.010 0.005 0.004 0.002 0.037 0.004 0.009 0.006 
325 QAc-W-0048    (0)   :  0.009 0.012 0.895 0.019 0.004 0.013 0.006 0.004 0.004 0.002 0.029 0.004 
326 QAc-W-0049    (0)   :  0.006 0.007 0.852 0.063 0.004 0.005 0.007 0.003 0.002 0.003 0.043 0.004 
327 QAc-W-0050    (0)   :  0.851 0.012 0.045 0.006 0.008 0.004 0.006 0.003 0.004 0.004 0.049 0.009 
328 QAc-W-0051    (0)   :  0.915 0.005 0.014 0.017 0.005 0.007 0.004 0.005 0.013 0.006 0.005 0.004 
329 QAc-W-0052    (0)   :  0.003 0.003 0.004 0.964 0.005 0.004 0.003 0.003 0.003 0.004 0.003 0.003 
330 QAc-W-0053    (0)   :  0.016 0.009 0.698 0.005 0.008 0.009 0.003 0.003 0.004 0.003 0.234 0.008 
331 QAc-W-0054    (0)   :  0.687 0.028 0.052 0.018 0.008 0.007 0.005 0.006 0.052 0.076 0.004 0.056 
332 QAc-W-0055    (0)   :  0.665 0.009 0.015 0.004 0.004 0.005 0.031 0.008 0.025 0.219 0.003 0.012 
333 QAc-W-0056    (0)   :  0.795 0.030 0.006 0.012 0.045 0.065 0.007 0.010 0.010 0.005 0.005 0.011 
334 QAc-W-0057    (0)   :  0.747 0.023 0.019 0.008 0.009 0.008 0.031 0.010 0.104 0.005 0.026 0.011 
335 QAc-W-0058    (0)   :  0.754 0.011 0.041 0.011 0.005 0.005 0.110 0.017 0.008 0.007 0.027 0.003 
336 QAc-W-0059    (0)   :  0.003 0.003 0.156 0.004 0.003 0.003 0.003 0.002 0.004 0.004 0.811 0.003 
337 QAc-W-0060    (0)   :  0.008 0.010 0.005 0.044 0.043 0.004 0.002 0.003 0.854 0.010 0.009 0.008 
338 QAc-W-0061    (0)   :  0.015 0.021 0.024 0.004 0.012 0.018 0.016 0.010 0.751 0.061 0.042 0.026 
339 QAc-W-0062    (0)   :  0.004 0.004 0.003 0.013 0.004 0.003 0.003 0.012 0.936 0.009 0.003 0.007 
340 QAc-W-0063    (0)   :  0.012 0.011 0.005 0.013 0.006 0.016 0.006 0.011 0.893 0.009 0.004 0.013 
341 QAc-W-0064    (0)   :  0.011 0.010 0.004 0.004 0.010 0.011 0.004 0.009 0.910 0.015 0.003 0.008 
342 QAc-W-0065    (0)   :  0.114 0.022 0.008 0.006 0.012 0.009 0.007 0.005 0.780 0.005 0.008 0.025 
343 QAc-W-0066    (0)   :  0.002 0.002 0.003 0.002 0.003 0.003 0.004 0.003 0.003 0.969 0.002 0.002 
344 QAc-W-0067    (0)   :  0.002 0.002 0.003 0.003 0.002 0.002 0.003 0.003 0.003 0.971 0.002 0.003 
345 QAc-W-0068    (0)   :  0.002 0.002 0.002 0.002 0.003 0.003 0.003 0.002 0.006 0.970 0.002 0.002 
346 QAc-W-0069    (0)   :  0.003 0.003 0.003 0.002 0.003 0.003 0.003 0.003 0.007 0.965 0.002 0.002 
347 QAc-W-0070    (0)   :  0.003 0.003 0.002 0.002 0.003 0.002 0.003 0.003 0.404 0.571 0.002 0.003 
348 QAc-W-0071    (6)   :  0.004 0.005 0.005 0.003 0.006 0.004 0.011 0.006 0.720 0.227 0.004 0.005 
349 QAc-W-0072    (0)   :  0.025 0.017 0.004 0.003 0.005 0.027 0.004 0.008 0.785 0.004 0.003 0.114 
350 QAc-W-0073    (0)   :  0.014 0.011 0.019 0.006 0.007 0.009 0.005 0.006 0.862 0.004 0.051 0.007 
351 QAc-W-0074    (0)   :  0.003 0.003 0.003 0.003 0.003 0.004 0.004 0.003 0.964 0.004 0.003 0.004 
352 QAc-W-0075    (0)   :  0.003 0.003 0.003 0.002 0.003 0.003 0.005 0.004 0.952 0.016 0.003 0.003 
353 QAc-W-0076    (0)   :  0.005 0.005 0.004 0.002 0.003 0.004 0.010 0.003 0.933 0.004 0.004 0.022 
354 QAc-W-0077    (0)   :  0.017 0.006 0.037 0.003 0.005 0.007 0.002 0.004 0.757 0.151 0.004 0.006 
355 QAc-W-0078    (0)   :  0.019 0.207 0.007 0.009 0.024 0.101 0.159 0.299 0.007 0.064 0.006 0.099 
356 QAc-W-0079    (6)   :  0.006 0.005 0.008 0.005 0.010 0.008 0.919 0.004 0.007 0.017 0.005 0.007 
357 QAc-W-0080   (13)   :  0.003 0.007 0.003 0.002 0.004 0.040 0.918 0.004 0.003 0.003 0.009 0.004 
358 QAc-W-0081    (0)   :  0.003 0.004 0.004 0.006 0.004 0.005 0.019 0.942 0.004 0.003 0.003 0.003 
359 QAc-W-0082    (0)   :  0.462 0.004 0.003 0.002 0.004 0.003 0.004 0.502 0.004 0.002 0.004 0.004 
360 QAc-W-0083    (0)   :  0.009 0.008 0.007 0.011 0.009 0.012 0.011 0.871 0.031 0.010 0.006 0.015 
361 QAc-W-0084    (0)   :  0.003 0.003 0.003 0.004 0.003 0.005 0.008 0.960 0.002 0.004 0.002 0.003 
