

----------------------------------------------------
STRUCTURE by Pritchard, Stephens and Donnelly (2000)
     and Falush, Stephens and Pritchard (2003)
       Code by Pritchard, Falush and Hubisz
             Version 2.3.4 (Jul 2012)
----------------------------------------------------



Command line arguments:   bin\structure -m C:\Users\eschumacher\Documents\GitHub\GCC_QUAC_ZAIN\Data_Files\Structure_Files\QUAC\QUAC_woK_nopopinfo_garden_wild\QUAC_woK_nopopinfo_garden_wild\50-50\mainparams -e C:\Users\eschumacher\Documents\GitHub\GCC_QUAC_ZAIN\Data_Files\Structure_Files\QUAC\QUAC_woK_nopopinfo_garden_wild\QUAC_woK_nopopinfo_garden_wild\50-50\extraparams 
Input File:    C:\Users\eschumacher\Documents\GitHub\GCC_QUAC_ZAIN\Data_Files\Structure_Files\QUAC\QUAC_woK_nopopinfo_garden_wild\QUAC_woK_nopopinfo_garden_wild\project_data

Run parameters:
   441 individuals
   15 loci
   6 populations assumed
   50000 Burn-in period
   50000 Reps


--------------------------------------------
Overall proportion of membership of the
sample in each of the 6 clusters

Inferred Clusters
  1      2      3      4      5      6    
0.152  0.199  0.076  0.192  0.224  0.157  

--------------------------------------------

Allele-freq. divergence among pops (Net nucleotide distance),
computed using point estimates of P.

      1       2       3       4       5       6      
 1      -    0.1005  0.0893  0.0915  0.0521  0.0468  
 2   0.1005     -    0.1612  0.1197  0.0954  0.0949  
 3   0.0893  0.1612     -    0.1435  0.0943  0.0949  
 4   0.0915  0.1197  0.1435     -    0.0939  0.0992  
 5   0.0521  0.0954  0.0943  0.0939     -    0.0497  
 6   0.0468  0.0949  0.0949  0.0992  0.0497     -    

Average distances (expected heterozygosity) between individuals in same cluster:
cluster  1  : 0.6567 
cluster  2  : 0.5006 
cluster  3  : 0.4699 
cluster  4  : 0.4543 
cluster  5  : 0.5674 
cluster  6  : 0.5738 

--------------------------------------------
Estimated Ln Prob of Data   = -15838.5
Mean value of ln likelihood = -15529.8
Variance of ln likelihood   = 617.3
Mean value of alpha         = 0.0357

Mean value of Fst_1         = 0.0431
Mean value of Fst_2         = 0.2633
Mean value of Fst_3         = 0.3998
Mean value of Fst_4         = 0.3585
Mean value of Fst_5         = 0.1543
Mean value of Fst_6         = 0.1136


Inferred ancestry of individuals:
        Label (%Miss) :  Inferred clusters
  1 QAc-G-0029    (0)   :  0.004 0.959 0.005 0.012 0.015 0.005 
  2 QAc-G-0030    (0)   :  0.003 0.985 0.003 0.004 0.003 0.003 
  3 QAc-G-0031    (0)   :  0.002 0.984 0.003 0.005 0.003 0.004 
  4 QAc-G-0061    (0)   :  0.003 0.975 0.007 0.003 0.007 0.005 
  5 QAc-G-0062    (0)   :  0.013 0.009 0.490 0.105 0.005 0.379 
  6 QAc-G-0063    (0)   :  0.018 0.006 0.007 0.787 0.167 0.016 
  7 QAc-G-0064    (0)   :  0.003 0.003 0.980 0.005 0.004 0.004 
  8 QAc-G-0065    (0)   :  0.004 0.004 0.984 0.002 0.003 0.003 
  9 QAc-G-0066    (0)   :  0.003 0.005 0.003 0.982 0.004 0.004 
 10 QAc-G-0067    (0)   :  0.004 0.008 0.979 0.003 0.003 0.004 
 11 QAc-G-0068    (0)   :  0.387 0.005 0.006 0.588 0.003 0.011 
 12 QAc-G-0070    (0)   :  0.012 0.007 0.011 0.733 0.018 0.219 
 13 QAc-G-0071   (13)   :  0.003 0.006 0.003 0.981 0.004 0.003 
 14 QAc-G-0072    (0)   :  0.003 0.004 0.003 0.979 0.005 0.006 
 15 QAc-G-0073    (0)   :  0.004 0.005 0.003 0.003 0.981 0.004 
 16 QAc-G-0074    (0)   :  0.009 0.004 0.005 0.153 0.806 0.022 
 17 QAc-G-0075    (0)   :  0.007 0.008 0.006 0.008 0.965 0.005 
 18 QAc-G-0076    (0)   :  0.006 0.008 0.008 0.008 0.962 0.008 
 19 QAc-G-0077    (0)   :  0.003 0.971 0.008 0.008 0.007 0.003 
 20 QAc-G-0078    (0)   :  0.003 0.986 0.002 0.003 0.003 0.003 
 21 QAc-G-0079    (0)   :  0.004 0.981 0.002 0.005 0.004 0.003 
 22 QAc-G-0080    (0)   :  0.039 0.735 0.040 0.014 0.164 0.007 
 23 QAc-G-0081    (0)   :  0.027 0.008 0.006 0.008 0.031 0.919 
 24 QAc-G-0082    (0)   :  0.637 0.009 0.003 0.004 0.155 0.193 
 25 QAc-G-0083    (0)   :  0.035 0.091 0.080 0.519 0.137 0.139 
 26 QAc-G-0001   (13)   :  0.004 0.983 0.002 0.005 0.003 0.003 
 27 QAc-G-0002    (0)   :  0.002 0.986 0.003 0.003 0.003 0.003 
 28 QAc-G-0285    (0)   :  0.032 0.011 0.004 0.909 0.018 0.026 
 29 QAc-G-0286    (0)   :  0.003 0.003 0.003 0.985 0.003 0.003 
 30 QAc-G-0287    (0)   :  0.003 0.003 0.003 0.986 0.003 0.003 
 31 QAc-G-0288    (6)   :  0.006 0.020 0.006 0.943 0.009 0.016 
 32 QAc-G-0289    (0)   :  0.003 0.004 0.004 0.983 0.003 0.004 
 33 QAc-G-0290    (0)   :  0.003 0.004 0.007 0.978 0.004 0.004 
 34 QAc-G-0291    (0)   :  0.003 0.005 0.003 0.984 0.003 0.002 
 35 QAc-G-0292    (0)   :  0.022 0.003 0.004 0.704 0.006 0.262 
 36 QAc-G-0293    (0)   :  0.003 0.007 0.002 0.982 0.003 0.003 
 37 QAc-G-0294    (0)   :  0.013 0.007 0.006 0.004 0.963 0.007 
 38 QAc-G-0295    (0)   :  0.004 0.010 0.006 0.013 0.963 0.004 
 39 QAc-G-0296    (0)   :  0.004 0.003 0.010 0.006 0.972 0.005 
 40 QAc-G-0297    (0)   :  0.412 0.006 0.005 0.003 0.547 0.027 
 41 QAc-G-0298    (6)   :  0.004 0.005 0.005 0.004 0.979 0.004 
 42 QAc-G-0299    (0)   :  0.008 0.005 0.004 0.007 0.972 0.004 
 43 QAc-G-0300    (0)   :  0.005 0.003 0.020 0.004 0.959 0.009 
 44 QAc-G-0301    (0)   :  0.005 0.006 0.067 0.011 0.907 0.004 
 45 QAc-G-0302    (0)   :  0.973 0.005 0.004 0.005 0.008 0.005 
 46 QAc-G-0303    (0)   :  0.960 0.005 0.006 0.005 0.006 0.018 
 47 QAc-G-0304    (0)   :  0.003 0.004 0.002 0.984 0.004 0.003 
 48 QAc-G-0305    (0)   :  0.096 0.072 0.004 0.770 0.006 0.053 
 49 QAc-G-0306    (0)   :  0.002 0.004 0.002 0.986 0.003 0.003 
 50 QAc-G-0307    (0)   :  0.014 0.864 0.006 0.011 0.011 0.095 
 51 QAc-G-0308    (0)   :  0.010 0.948 0.004 0.016 0.014 0.008 
 52 QAc-G-0309    (0)   :  0.006 0.977 0.003 0.005 0.004 0.006 
 53 QAc-G-0310    (0)   :  0.003 0.982 0.003 0.004 0.004 0.004 
 54 QAc-G-0311    (0)   :  0.002 0.987 0.002 0.003 0.003 0.003 
 55 QAc-G-0312    (0)   :  0.122 0.606 0.019 0.007 0.145 0.101 
 56 QAc-G-0313    (0)   :  0.047 0.110 0.017 0.043 0.050 0.733 
 57 QAc-G-0314    (0)   :  0.109 0.015 0.012 0.004 0.326 0.535 
 58 QAc-G-0315    (0)   :  0.651 0.008 0.008 0.023 0.032 0.278 
 59 QAc-G-0316    (0)   :  0.022 0.021 0.005 0.009 0.009 0.934 
 60 QAc-G-0032    (6)   :  0.807 0.009 0.159 0.006 0.012 0.007 
 61 QAc-G-0033    (0)   :  0.005 0.005 0.009 0.005 0.971 0.006 
 62 QAc-G-0034    (0)   :  0.009 0.034 0.008 0.005 0.933 0.012 
 63 QAc-G-0035    (0)   :  0.005 0.004 0.010 0.006 0.969 0.005 
 64 QAc-G-0036    (0)   :  0.006 0.006 0.005 0.019 0.951 0.013 
 65 QAc-G-0037    (0)   :  0.004 0.010 0.005 0.013 0.965 0.003 
 66 QAc-G-0038    (0)   :  0.004 0.002 0.003 0.003 0.984 0.004 
 67 QAc-G-0039    (0)   :  0.013 0.026 0.005 0.005 0.931 0.021 
 68 QAc-G-0040    (0)   :  0.008 0.006 0.004 0.063 0.864 0.056 
 69 QAc-G-0041    (0)   :  0.004 0.003 0.037 0.007 0.922 0.027 
 70 QAc-G-0042    (0)   :  0.006 0.003 0.006 0.006 0.974 0.004 
 71 QAc-G-0043    (0)   :  0.003 0.008 0.003 0.005 0.976 0.005 
 72 QAc-G-0044    (0)   :  0.010 0.004 0.024 0.009 0.947 0.007 
 73 QAc-G-0045    (0)   :  0.005 0.024 0.010 0.005 0.949 0.007 
 74 QAc-G-0046    (0)   :  0.005 0.049 0.004 0.003 0.918 0.021 
 75 QAc-G-0047    (0)   :  0.013 0.028 0.006 0.005 0.939 0.008 
 76 QAc-G-0048    (0)   :  0.004 0.003 0.006 0.004 0.976 0.008 
 77 QAc-G-0049    (0)   :  0.003 0.984 0.003 0.005 0.003 0.003 
 78 QAc-G-0050    (0)   :  0.747 0.145 0.005 0.042 0.007 0.054 
 79 QAc-G-0051    (0)   :  0.003 0.985 0.002 0.004 0.003 0.003 
 80 QAc-G-0052    (0)   :  0.007 0.940 0.025 0.003 0.012 0.013 
 81 QAc-G-0053    (0)   :  0.003 0.965 0.005 0.008 0.015 0.003 
 82 QAc-G-0054    (0)   :  0.281 0.453 0.006 0.005 0.033 0.222 
 83 QAc-G-0055    (0)   :  0.390 0.568 0.003 0.005 0.010 0.024 
 84 QAc-G-0056    (0)   :  0.319 0.043 0.011 0.017 0.015 0.596 
 85 QAc-G-0057    (0)   :  0.004 0.982 0.002 0.004 0.004 0.003 
 86 QAc-G-0058    (6)   :  0.004 0.983 0.003 0.004 0.003 0.003 
 87 QAc-G-0059    (0)   :  0.242 0.647 0.005 0.003 0.061 0.042 
 88 QAc-G-0060    (6)   :  0.008 0.941 0.018 0.012 0.012 0.009 
 89 QAc-G-0276    (0)   :  0.007 0.027 0.003 0.924 0.028 0.011 
 90 QAc-G-0279    (0)   :  0.003 0.006 0.002 0.982 0.003 0.004 
 91 QAc-G-0280    (6)   :  0.004 0.004 0.004 0.975 0.008 0.005 
 92 QAc-G-0281    (0)   :  0.003 0.979 0.004 0.007 0.004 0.004 
 93 QAc-G-0018    (0)   :  0.027 0.035 0.007 0.006 0.914 0.011 
 94 QAc-G-0019    (0)   :  0.005 0.004 0.069 0.016 0.898 0.008 
 95 QAc-G-0020    (0)   :  0.011 0.005 0.003 0.003 0.974 0.004 
 96 QAc-G-0021    (6)   :  0.004 0.009 0.014 0.003 0.967 0.003 
 97 QAc-G-0022    (6)   :  0.013 0.026 0.058 0.007 0.785 0.111 
 98 QAc-G-0023    (0)   :  0.004 0.983 0.002 0.004 0.004 0.004 
 99 QAc-G-0024    (0)   :  0.004 0.979 0.004 0.003 0.007 0.003 
100 QAc-G-0016    (0)   :  0.753 0.201 0.005 0.015 0.013 0.013 
101 QAc-G-0017    (0)   :  0.756 0.004 0.204 0.007 0.009 0.020 
102 QAc-G-0250    (0)   :  0.359 0.013 0.006 0.578 0.025 0.019 
103 QAc-G-0003    (6)   :  0.004 0.005 0.004 0.977 0.005 0.005 
104 QAc-G-0004    (0)   :  0.946 0.008 0.006 0.004 0.030 0.007 
105 QAc-G-0005    (0)   :  0.003 0.003 0.985 0.003 0.003 0.003 
106 QAc-G-0006    (6)   :  0.969 0.003 0.003 0.004 0.009 0.012 
107 QAc-G-0283    (0)   :  0.093 0.004 0.004 0.010 0.007 0.882 
108 QAc-G-0265    (0)   :  0.128 0.463 0.006 0.041 0.289 0.074 
109 QAc-G-0266    (0)   :  0.002 0.985 0.002 0.005 0.003 0.002 
110 QAc-G-0267    (0)   :  0.024 0.011 0.085 0.171 0.580 0.130 
111 QAc-G-0268   (20)   :  0.334 0.012 0.031 0.591 0.010 0.021 
112 QAc-G-0269    (0)   :  0.003 0.005 0.003 0.982 0.004 0.003 
113 QAc-G-0270    (6)   :  0.004 0.004 0.010 0.006 0.971 0.005 
114 QAc-G-0271    (0)   :  0.020 0.004 0.084 0.004 0.875 0.013 
115 QAc-G-0272    (6)   :  0.006 0.006 0.003 0.019 0.959 0.006 
116 QAc-G-0273    (0)   :  0.005 0.973 0.007 0.005 0.004 0.006 
117 QAc-G-0274    (0)   :  0.002 0.002 0.987 0.002 0.003 0.003 
118 QAc-G-0251    (6)   :  0.013 0.006 0.016 0.004 0.953 0.008 
119 QAc-G-0252    (0)   :  0.011 0.005 0.005 0.005 0.964 0.011 
120 QAc-G-0253    (0)   :  0.004 0.980 0.003 0.005 0.004 0.004 
121 QAc-G-0254    (0)   :  0.002 0.986 0.003 0.003 0.003 0.003 
122 QAc-G-0255    (0)   :  0.964 0.005 0.008 0.005 0.011 0.006 
123 QAc-G-0256    (0)   :  0.968 0.005 0.008 0.009 0.006 0.004 
124 QAc-G-0257    (0)   :  0.906 0.006 0.050 0.004 0.009 0.026 
125 QAc-G-0258    (0)   :  0.979 0.003 0.006 0.003 0.005 0.004 
126 QAc-G-0259    (0)   :  0.785 0.003 0.002 0.002 0.009 0.199 
127 QAc-G-0260    (0)   :  0.492 0.028 0.145 0.049 0.022 0.264 
128 QAc-G-0261    (0)   :  0.462 0.007 0.494 0.004 0.011 0.023 
129 QAc-G-0262    (0)   :  0.895 0.011 0.049 0.018 0.007 0.020 
130 QAc-G-0010    (0)   :  0.008 0.019 0.005 0.881 0.044 0.042 
131 QAc-G-0011    (0)   :  0.004 0.004 0.005 0.004 0.007 0.976 
132 QAc-G-0015    (0)   :  0.088 0.846 0.007 0.005 0.017 0.037 
133 QAc-G-0106    (0)   :  0.960 0.002 0.022 0.003 0.007 0.005 
134 QAc-G-0107    (0)   :  0.971 0.006 0.004 0.007 0.005 0.007 
135 QAc-G-0108    (0)   :  0.975 0.003 0.005 0.006 0.008 0.005 
136 QAc-G-0109    (0)   :  0.931 0.012 0.024 0.005 0.008 0.020 
137 QAc-G-0110    (0)   :  0.888 0.007 0.003 0.048 0.040 0.014 
138 QAc-G-0111    (0)   :  0.964 0.005 0.006 0.007 0.009 0.009 
139 QAc-G-0112    (0)   :  0.965 0.007 0.004 0.016 0.004 0.004 
140 QAc-G-0113    (0)   :  0.950 0.011 0.019 0.009 0.006 0.005 
141 QAc-G-0114    (0)   :  0.920 0.015 0.004 0.019 0.036 0.007 
142 QAc-G-0115    (0)   :  0.978 0.003 0.007 0.005 0.004 0.004 
143 QAc-G-0116    (0)   :  0.966 0.006 0.007 0.009 0.005 0.007 
144 QAc-G-0117    (0)   :  0.742 0.011 0.056 0.009 0.164 0.019 
145 QAc-G-0118    (0)   :  0.949 0.002 0.027 0.007 0.006 0.009 
146 QAc-G-0119    (0)   :  0.951 0.006 0.021 0.002 0.015 0.005 
147 QAc-G-0120    (0)   :  0.955 0.006 0.006 0.006 0.013 0.014 
148 QAc-G-0121    (0)   :  0.006 0.003 0.974 0.006 0.008 0.003 
149 QAc-G-0122    (0)   :  0.006 0.004 0.952 0.024 0.008 0.005 
150 QAc-G-0123    (0)   :  0.002 0.003 0.987 0.002 0.004 0.002 
151 QAc-G-0124    (6)   :  0.003 0.004 0.980 0.003 0.005 0.005 
152 QAc-G-0125    (0)   :  0.141 0.188 0.536 0.032 0.009 0.094 
153 QAc-G-0126    (0)   :  0.685 0.023 0.250 0.006 0.014 0.023 
154 QAc-G-0127    (0)   :  0.006 0.004 0.975 0.003 0.006 0.007 
155 QAc-G-0128    (0)   :  0.003 0.003 0.983 0.005 0.003 0.003 
156 QAc-G-0129    (0)   :  0.003 0.002 0.986 0.003 0.003 0.002 
157 QAc-G-0130    (0)   :  0.018 0.002 0.955 0.005 0.009 0.011 
158 QAc-G-0131    (0)   :  0.005 0.004 0.976 0.005 0.006 0.004 
159 QAc-G-0132    (0)   :  0.157 0.027 0.780 0.019 0.010 0.008 
160 QAc-G-0133    (0)   :  0.003 0.003 0.980 0.004 0.006 0.003 
161 QAc-G-0134    (0)   :  0.004 0.005 0.979 0.004 0.004 0.003 
162 QAc-G-0135    (0)   :  0.963 0.009 0.003 0.005 0.012 0.007 
163 QAc-G-0136    (0)   :  0.961 0.007 0.007 0.008 0.005 0.012 
164 QAc-G-0137    (0)   :  0.940 0.003 0.034 0.006 0.011 0.006 
165 QAc-G-0138    (0)   :  0.924 0.009 0.006 0.004 0.003 0.054 
166 QAc-G-0139    (0)   :  0.944 0.002 0.025 0.004 0.020 0.005 
167 QAc-G-0140    (6)   :  0.925 0.005 0.034 0.006 0.024 0.006 
168 QAc-G-0141    (0)   :  0.832 0.020 0.029 0.018 0.055 0.046 
169 QAc-G-0142    (0)   :  0.979 0.003 0.004 0.004 0.007 0.004 
170 QAc-G-0143    (0)   :  0.940 0.007 0.006 0.016 0.020 0.011 
171 QAc-G-0144    (6)   :  0.975 0.006 0.002 0.005 0.006 0.006 
172 QAc-G-0145    (0)   :  0.003 0.003 0.002 0.984 0.004 0.004 
173 QAc-G-0146    (0)   :  0.003 0.003 0.984 0.003 0.004 0.003 
174 QAc-G-0147    (0)   :  0.139 0.006 0.300 0.009 0.018 0.528 
175 QAc-G-0148    (0)   :  0.958 0.006 0.006 0.007 0.016 0.008 
176 QAc-G-0149    (0)   :  0.003 0.002 0.983 0.004 0.004 0.003 
177 QAc-G-0150    (0)   :  0.003 0.005 0.004 0.981 0.003 0.004 
178 QAc-G-0151    (0)   :  0.003 0.003 0.982 0.003 0.005 0.003 
179 QAc-G-0152    (0)   :  0.003 0.005 0.981 0.002 0.006 0.003 
180 QAc-G-0153    (0)   :  0.014 0.002 0.913 0.018 0.013 0.040 
181 QAc-G-0154    (0)   :  0.015 0.003 0.944 0.012 0.022 0.005 
182 QAc-G-0155    (0)   :  0.003 0.003 0.983 0.003 0.005 0.003 
183 QAc-G-0158    (0)   :  0.003 0.003 0.986 0.003 0.003 0.003 
184 QAc-G-0159    (0)   :  0.961 0.005 0.013 0.007 0.008 0.007 
185 QAc-G-0160    (0)   :  0.003 0.003 0.003 0.986 0.003 0.003 
186 QAc-G-0161    (0)   :  0.003 0.003 0.002 0.986 0.003 0.002 
187 QAc-G-0162    (0)   :  0.014 0.006 0.004 0.656 0.273 0.047 
188 QAc-G-0163    (0)   :  0.024 0.003 0.003 0.909 0.056 0.005 
189 QAc-G-0164    (0)   :  0.004 0.013 0.002 0.951 0.005 0.025 
190 QAc-G-0165    (0)   :  0.005 0.003 0.010 0.972 0.006 0.005 
191 QAc-G-0166    (0)   :  0.003 0.004 0.003 0.981 0.006 0.003 
192 QAc-G-0167    (0)   :  0.003 0.004 0.004 0.979 0.005 0.005 
193 QAc-G-0168    (0)   :  0.003 0.004 0.002 0.986 0.003 0.002 
194 QAc-G-0169    (6)   :  0.445 0.005 0.004 0.505 0.009 0.032 
195 QAc-G-0170    (0)   :  0.004 0.004 0.007 0.976 0.005 0.004 
196 QAc-G-0171    (0)   :  0.002 0.004 0.003 0.983 0.004 0.004 
197 QAc-G-0172    (0)   :  0.934 0.008 0.011 0.021 0.010 0.015 
198 QAc-G-0173    (0)   :  0.003 0.006 0.003 0.983 0.003 0.003 
199 QAc-G-0174    (0)   :  0.087 0.008 0.008 0.829 0.024 0.043 
200 QAc-G-0175    (0)   :  0.003 0.004 0.002 0.985 0.003 0.003 
201 QAc-G-0176    (0)   :  0.008 0.010 0.004 0.812 0.159 0.007 
202 QAc-G-0177    (0)   :  0.003 0.004 0.003 0.984 0.003 0.004 
203 QAc-G-0178    (0)   :  0.006 0.028 0.009 0.876 0.005 0.077 
204 QAc-G-0179    (6)   :  0.003 0.003 0.003 0.985 0.004 0.003 
205 QAc-G-0180    (0)   :  0.002 0.003 0.003 0.986 0.003 0.003 
206 QAc-G-0181    (0)   :  0.004 0.002 0.003 0.976 0.010 0.005 
207 QAc-G-0182    (0)   :  0.032 0.003 0.016 0.897 0.025 0.026 
208 QAc-G-0183    (6)   :  0.004 0.006 0.004 0.977 0.003 0.005 
209 QAc-G-0184    (0)   :  0.003 0.003 0.003 0.984 0.004 0.003 
210 QAc-G-0185    (0)   :  0.009 0.007 0.010 0.941 0.011 0.021 
211 QAc-G-0186    (0)   :  0.004 0.002 0.003 0.976 0.010 0.006 
212 QAc-G-0187    (0)   :  0.005 0.029 0.005 0.904 0.015 0.042 
213 QAc-G-0188    (0)   :  0.693 0.004 0.005 0.256 0.034 0.009 
214 QAc-G-0189    (0)   :  0.002 0.005 0.002 0.985 0.003 0.003 
215 QAc-G-0190    (0)   :  0.003 0.005 0.005 0.978 0.005 0.004 
216 QAc-G-0191    (0)   :  0.003 0.005 0.005 0.979 0.005 0.004 
217 QAc-G-0192    (0)   :  0.003 0.004 0.003 0.985 0.003 0.003 
218 QAc-G-0193    (0)   :  0.003 0.004 0.004 0.979 0.005 0.005 
219 QAc-G-0194    (0)   :  0.004 0.005 0.004 0.975 0.007 0.005 
220 QAc-G-0195    (0)   :  0.005 0.098 0.003 0.874 0.012 0.008 
221 QAc-G-0196    (0)   :  0.003 0.005 0.002 0.982 0.004 0.004 
222 QAc-G-0197    (0)   :  0.003 0.003 0.003 0.986 0.003 0.002 
223 QAc-G-0198    (0)   :  0.003 0.003 0.003 0.983 0.005 0.003 
224 QAc-G-0199    (0)   :  0.009 0.011 0.008 0.887 0.024 0.060 
225 QAc-G-0200    (0)   :  0.003 0.004 0.003 0.975 0.009 0.006 
226 QAc-G-0201    (0)   :  0.003 0.004 0.002 0.984 0.003 0.004 
227 QAc-G-0202    (6)   :  0.005 0.009 0.003 0.976 0.004 0.004 
228 QAc-G-0203    (0)   :  0.007 0.013 0.003 0.969 0.005 0.003 
229 QAc-G-0204    (0)   :  0.003 0.005 0.003 0.980 0.006 0.003 
230 QAc-G-0205    (0)   :  0.002 0.987 0.003 0.003 0.002 0.002 
231 QAc-G-0206    (0)   :  0.109 0.841 0.006 0.003 0.025 0.015 
232 QAc-G-0207    (0)   :  0.005 0.969 0.006 0.006 0.006 0.008 
233 QAc-G-0208    (0)   :  0.003 0.983 0.003 0.004 0.003 0.004 
234 QAc-G-0209    (0)   :  0.003 0.981 0.003 0.006 0.003 0.004 
235 QAc-G-0210    (0)   :  0.003 0.986 0.002 0.003 0.003 0.003 
236 QAc-G-0211    (0)   :  0.003 0.985 0.004 0.002 0.002 0.003 
237 QAc-G-0212    (0)   :  0.002 0.984 0.003 0.004 0.004 0.003 
238 QAc-G-0213    (0)   :  0.003 0.979 0.003 0.005 0.006 0.005 
239 QAc-G-0214    (0)   :  0.002 0.986 0.002 0.004 0.003 0.002 
240 QAc-G-0215    (0)   :  0.003 0.984 0.003 0.003 0.004 0.004 
241 QAc-G-0216    (0)   :  0.680 0.229 0.003 0.065 0.016 0.007 
242 QAc-G-0217    (0)   :  0.007 0.965 0.011 0.005 0.005 0.008 
243 QAc-G-0218    (0)   :  0.003 0.971 0.006 0.005 0.007 0.008 
244 QAc-G-0219    (0)   :  0.022 0.913 0.022 0.009 0.026 0.008 
245 QAc-G-0220    (0)   :  0.014 0.962 0.006 0.003 0.006 0.008 
246 QAc-G-0221    (0)   :  0.007 0.928 0.012 0.009 0.014 0.031 
247 QAc-G-0222    (0)   :  0.003 0.982 0.003 0.005 0.004 0.003 
248 QAc-G-0223    (0)   :  0.003 0.978 0.004 0.003 0.005 0.007 
249 QAc-G-0224    (0)   :  0.004 0.981 0.003 0.004 0.003 0.005 
250 QAc-G-0226    (0)   :  0.003 0.983 0.004 0.003 0.004 0.003 
251 QAc-G-0227    (0)   :  0.005 0.004 0.016 0.005 0.966 0.004 
252 QAc-G-0228    (6)   :  0.005 0.007 0.003 0.005 0.974 0.005 
253 QAc-G-0229    (0)   :  0.012 0.007 0.004 0.007 0.956 0.014 
254 QAc-G-0230    (0)   :  0.010 0.016 0.003 0.006 0.959 0.006 
255 QAc-G-0231    (0)   :  0.004 0.979 0.004 0.006 0.003 0.003 
256 QAc-G-0232    (0)   :  0.005 0.003 0.012 0.003 0.969 0.008 
257 QAc-G-0233    (0)   :  0.010 0.032 0.007 0.005 0.709 0.237 
258 QAc-G-0234    (0)   :  0.005 0.005 0.005 0.018 0.954 0.013 
259 QAc-G-0235    (0)   :  0.969 0.006 0.003 0.006 0.007 0.009 
260 QAc-G-0236    (0)   :  0.004 0.004 0.009 0.005 0.973 0.004 
261 QAc-G-0237    (0)   :  0.007 0.015 0.016 0.012 0.938 0.012 
262 QAc-G-0238    (0)   :  0.004 0.008 0.004 0.006 0.974 0.004 
263 QAc-G-0239    (0)   :  0.006 0.005 0.003 0.004 0.976 0.006 
264 QAc-G-0240    (0)   :  0.006 0.003 0.007 0.003 0.976 0.005 
265 QAc-G-0241    (0)   :  0.026 0.010 0.007 0.016 0.915 0.026 
266 QAc-G-0242    (0)   :  0.005 0.008 0.011 0.004 0.959 0.013 
267 QAc-G-0243    (0)   :  0.015 0.020 0.050 0.003 0.785 0.126 
268 QAc-G-0244    (0)   :  0.012 0.007 0.004 0.006 0.967 0.005 
269 QAc-G-0245    (0)   :  0.005 0.003 0.015 0.006 0.965 0.006 
270 QAc-G-0246    (0)   :  0.006 0.005 0.006 0.007 0.970 0.006 
271 QAc-G-0247    (0)   :  0.004 0.005 0.004 0.003 0.979 0.006 
272 QAc-G-0248    (0)   :  0.005 0.003 0.003 0.003 0.982 0.003 
273 QAc-G-0249    (0)   :  0.007 0.008 0.003 0.010 0.008 0.965 
274 QAc-G-0025    (0)   :  0.003 0.983 0.003 0.004 0.004 0.003 
275 QAc-G-0028    (0)   :  0.004 0.035 0.004 0.006 0.896 0.056 
276 QAc-G-0275    (0)   :  0.004 0.974 0.002 0.011 0.005 0.004 
277 QAc-G-0263    (0)   :  0.024 0.018 0.005 0.369 0.004 0.580 
278 QAc-W-0001    (0)   :  0.011 0.005 0.028 0.003 0.947 0.006 
279 QAc-W-0002    (0)   :  0.022 0.004 0.003 0.019 0.940 0.012 
280 QAc-W-0003    (0)   :  0.025 0.046 0.010 0.028 0.881 0.010 
281 QAc-W-0004    (0)   :  0.003 0.008 0.005 0.006 0.971 0.006 
282 QAc-W-0005    (0)   :  0.006 0.004 0.013 0.009 0.955 0.013 
283 QAc-W-0006    (0)   :  0.009 0.006 0.006 0.005 0.964 0.010 
284 QAc-W-0007   (13)   :  0.004 0.006 0.006 0.004 0.972 0.008 
285 QAc-W-0008    (6)   :  0.010 0.003 0.003 0.004 0.950 0.030 
286 QAc-W-0009    (0)   :  0.065 0.006 0.007 0.011 0.889 0.022 
287 QAc-W-0010    (0)   :  0.020 0.005 0.023 0.014 0.803 0.135 
288 QAc-W-0011    (0)   :  0.018 0.007 0.026 0.046 0.898 0.006 
289 QAc-W-0012    (0)   :  0.005 0.005 0.006 0.011 0.966 0.007 
290 QAc-W-0013    (0)   :  0.022 0.102 0.004 0.007 0.858 0.006 
291 QAc-W-0014    (0)   :  0.005 0.005 0.005 0.004 0.956 0.025 
292 QAc-W-0015    (0)   :  0.017 0.027 0.003 0.025 0.897 0.030 
293 QAc-W-0016    (0)   :  0.057 0.014 0.003 0.012 0.727 0.187 
294 QAc-W-0017    (0)   :  0.115 0.029 0.011 0.069 0.354 0.421 
295 QAc-W-0018    (0)   :  0.052 0.031 0.009 0.003 0.878 0.028 
296 QAc-W-0019    (0)   :  0.007 0.006 0.005 0.007 0.966 0.010 
297 QAc-W-0020    (0)   :  0.008 0.003 0.052 0.004 0.927 0.006 
298 QAc-W-0021    (0)   :  0.072 0.308 0.011 0.013 0.530 0.066 
299 QAc-W-0022    (0)   :  0.024 0.021 0.008 0.013 0.562 0.372 
300 QAc-W-0023    (6)   :  0.120 0.037 0.085 0.003 0.676 0.079 
301 QAc-W-0024    (0)   :  0.018 0.230 0.007 0.031 0.680 0.034 
302 QAc-W-0025    (0)   :  0.004 0.004 0.004 0.004 0.979 0.005 
303 QAc-W-0026    (0)   :  0.015 0.035 0.089 0.062 0.751 0.047 
304 QAc-W-0027    (0)   :  0.009 0.004 0.004 0.008 0.965 0.010 
305 QAc-W-0028    (0)   :  0.006 0.003 0.004 0.006 0.976 0.005 
306 QAc-W-0029    (0)   :  0.012 0.006 0.008 0.003 0.965 0.005 
307 QAc-W-0030    (0)   :  0.005 0.005 0.007 0.010 0.969 0.004 
308 QAc-W-0031    (0)   :  0.007 0.056 0.003 0.004 0.925 0.004 
309 QAc-W-0032    (0)   :  0.003 0.004 0.011 0.003 0.971 0.009 
310 QAc-W-0033    (0)   :  0.012 0.011 0.023 0.005 0.909 0.039 
311 QAc-W-0034    (0)   :  0.015 0.004 0.005 0.004 0.964 0.007 
312 QAc-W-0035    (0)   :  0.012 0.022 0.005 0.030 0.875 0.057 
313 QAc-W-0036    (0)   :  0.007 0.004 0.044 0.004 0.934 0.007 
314 QAc-W-0037    (0)   :  0.006 0.010 0.012 0.013 0.952 0.007 
315 QAc-W-0038    (0)   :  0.010 0.005 0.013 0.014 0.949 0.008 
316 QAc-W-0039    (0)   :  0.008 0.010 0.024 0.015 0.936 0.007 
317 QAc-W-0040    (0)   :  0.008 0.010 0.020 0.008 0.731 0.223 
318 QAc-W-0041    (0)   :  0.037 0.061 0.005 0.011 0.874 0.013 
319 QAc-W-0042    (0)   :  0.605 0.021 0.311 0.026 0.029 0.008 
320 QAc-W-0043    (0)   :  0.910 0.009 0.010 0.038 0.026 0.007 
321 QAc-W-0044    (0)   :  0.274 0.006 0.365 0.039 0.216 0.100 
322 QAc-W-0045    (0)   :  0.951 0.007 0.018 0.008 0.010 0.007 
323 QAc-W-0046    (0)   :  0.928 0.014 0.013 0.019 0.019 0.007 
324 QAc-W-0047    (0)   :  0.883 0.004 0.040 0.018 0.038 0.017 
325 QAc-W-0048    (0)   :  0.926 0.007 0.048 0.004 0.009 0.005 
326 QAc-W-0049    (0)   :  0.903 0.008 0.072 0.004 0.007 0.005 
327 QAc-W-0050    (0)   :  0.960 0.012 0.005 0.007 0.006 0.012 
328 QAc-W-0051    (0)   :  0.929 0.011 0.022 0.013 0.017 0.007 
329 QAc-W-0052    (0)   :  0.003 0.003 0.983 0.004 0.004 0.003 
330 QAc-W-0053    (0)   :  0.964 0.003 0.010 0.004 0.010 0.008 
331 QAc-W-0054    (0)   :  0.339 0.007 0.058 0.165 0.011 0.420 
332 QAc-W-0055    (0)   :  0.319 0.067 0.008 0.527 0.010 0.070 
333 QAc-W-0056    (0)   :  0.732 0.042 0.009 0.012 0.145 0.060 
334 QAc-W-0057    (0)   :  0.876 0.056 0.009 0.025 0.010 0.024 
335 QAc-W-0058    (0)   :  0.836 0.135 0.006 0.013 0.005 0.005 
336 QAc-W-0059    (0)   :  0.979 0.003 0.006 0.004 0.004 0.004 
337 QAc-W-0060    (0)   :  0.030 0.005 0.060 0.747 0.100 0.057 
338 QAc-W-0061    (0)   :  0.042 0.009 0.003 0.792 0.017 0.138 
339 QAc-W-0062    (0)   :  0.009 0.021 0.045 0.683 0.012 0.230 
340 QAc-W-0063    (0)   :  0.051 0.032 0.089 0.489 0.043 0.296 
341 QAc-W-0064    (0)   :  0.026 0.021 0.004 0.662 0.066 0.222 
342 QAc-W-0065    (0)   :  0.057 0.012 0.005 0.533 0.040 0.352 
343 QAc-W-0066    (0)   :  0.003 0.004 0.002 0.985 0.003 0.003 
344 QAc-W-0067    (0)   :  0.003 0.004 0.003 0.984 0.003 0.003 
345 QAc-W-0068    (0)   :  0.002 0.003 0.003 0.986 0.003 0.003 
346 QAc-W-0069    (0)   :  0.002 0.004 0.003 0.985 0.004 0.003 
347 QAc-W-0070    (0)   :  0.003 0.003 0.003 0.986 0.003 0.003 
348 QAc-W-0071    (6)   :  0.007 0.005 0.003 0.951 0.005 0.029 
349 QAc-W-0072    (0)   :  0.035 0.009 0.005 0.187 0.014 0.751 
350 QAc-W-0073    (0)   :  0.495 0.011 0.010 0.420 0.014 0.050 
351 QAc-W-0074    (0)   :  0.009 0.010 0.007 0.770 0.013 0.191 
352 QAc-W-0075    (0)   :  0.016 0.007 0.003 0.936 0.011 0.028 
353 QAc-W-0076    (0)   :  0.012 0.010 0.002 0.642 0.006 0.328 
354 QAc-W-0077    (0)   :  0.093 0.003 0.012 0.828 0.021 0.043 
355 QAc-W-0078    (0)   :  0.017 0.658 0.027 0.038 0.063 0.196 
356 QAc-W-0079    (6)   :  0.007 0.943 0.006 0.023 0.012 0.010 
357 QAc-W-0080   (13)   :  0.011 0.944 0.002 0.004 0.033 0.006 
358 QAc-W-0081    (0)   :  0.004 0.973 0.008 0.004 0.006 0.004 
359 QAc-W-0082    (0)   :  0.451 0.531 0.003 0.004 0.006 0.006 
360 QAc-W-0083    (0)   :  0.009 0.881 0.019 0.030 0.018 0.044 
361 QAc-W-0084    (0)   :  0.003 0.977 0.006 0.004 0.005 0.004 
362 QAc-W-0085    (0)   :  0.003 0.982 0.004 0.005 0.003 0.004 
363 QAc-W-0086    (0)   :  0.004 0.973 0.004 0.006 0.005 0.008 
364 QAc-W-0087    (0)   :  0.008 0.966 0.003 0.006 0.006 0.010 
365 QAc-W-0088    (0)   :  0.043 0.936 0.004 0.004 0.005 0.007 
366 QAc-W-0089    (0)   :  0.004 0.976 0.004 0.006 0.007 0.003 
367 QAc-W-0090    (0)   :  0.004 0.977 0.003 0.006 0.007 0.003 
368 QAc-W-0091    (0)   :  0.013 0.950 0.013 0.006 0.005 0.013 
369 QAc-W-0092    (0)   :  0.007 0.688 0.243 0.007 0.048 0.006 
370 QAc-W-0093    (0)   :  0.051 0.774 0.010 0.003 0.114 0.049 
371 QAc-W-0094    (0)   :  0.021 0.651 0.264 0.006 0.043 0.015 
372 QAc-W-0095    (0)   :  0.010 0.912 0.046 0.005 0.018 0.008 
373 QAc-W-0096    (0)   :  0.029 0.758 0.139 0.016 0.030 0.028 
374 QAc-W-0097    (0)   :  0.146 0.731 0.007 0.008 0.099 0.008 
375 QAc-W-0098    (0)   :  0.006 0.975 0.005 0.003 0.007 0.005 
376 QAc-W-0099    (0)   :  0.036 0.803 0.013 0.004 0.024 0.120 
377 QAc-W-0100    (0)   :  0.006 0.972 0.003 0.003 0.005 0.009 
378 QAc-W-0101    (0)   :  0.005 0.945 0.003 0.031 0.007 0.010 
379 QAc-W-0104    (0)   :  0.020 0.936 0.004 0.004 0.010 0.026 
380 QAc-W-0105    (0)   :  0.004 0.970 0.009 0.005 0.007 0.004 
381 QAc-W-0106    (0)   :  0.007 0.908 0.051 0.005 0.017 0.012 
382 QAc-W-0107    (0)   :  0.004 0.979 0.004 0.005 0.004 0.004 
383 QAc-W-0108    (0)   :  0.003 0.981 0.002 0.007 0.003 0.004 
384 QAc-W-0109    (0)   :  0.012 0.944 0.006 0.021 0.012 0.005 
385 QAc-W-0110   (13)   :  0.011 0.304 0.006 0.008 0.631 0.040 
386 QAc-W-0111    (6)   :  0.005 0.971 0.005 0.005 0.009 0.005 
387 QAc-W-0112   (13)   :  0.011 0.945 0.009 0.004 0.012 0.019 
388 QAc-W-0113   (13)   :  0.006 0.005 0.005 0.004 0.010 0.970 
389 QAc-W-0114   (13)   :  0.014 0.015 0.010 0.004 0.006 0.950 
390 QAc-W-0115    (0)   :  0.003 0.006 0.004 0.006 0.010 0.971 
391 QAc-W-0116    (0)   :  0.014 0.005 0.017 0.002 0.019 0.942 
392 QAc-W-0117    (0)   :  0.007 0.003 0.003 0.004 0.007 0.976 
393 QAc-W-0118    (0)   :  0.005 0.015 0.004 0.019 0.006 0.950 
394 QAc-W-0119    (0)   :  0.005 0.004 0.007 0.007 0.008 0.969 
395 QAc-W-0120    (0)   :  0.009 0.007 0.003 0.010 0.009 0.962 
396 QAc-W-0121    (0)   :  0.014 0.003 0.003 0.031 0.008 0.941 
397 QAc-W-0122    (0)   :  0.021 0.005 0.005 0.004 0.012 0.953 
398 QAc-W-0123    (6)   :  0.022 0.016 0.011 0.013 0.010 0.928 
399 QAc-W-0124    (0)   :  0.005 0.035 0.011 0.025 0.046 0.878 
400 QAc-W-0125    (0)   :  0.007 0.012 0.009 0.007 0.005 0.960 
401 QAc-W-0126   (13)   :  0.013 0.018 0.009 0.007 0.008 0.945 
402 QAc-W-0127    (6)   :  0.005 0.004 0.005 0.005 0.007 0.975 
403 QAc-W-0128   (13)   :  0.010 0.035 0.003 0.011 0.011 0.930 
404 QAc-W-0129   (13)   :  0.025 0.006 0.005 0.006 0.060 0.898 
405 QAc-W-0130   (13)   :  0.008 0.007 0.003 0.006 0.019 0.957 
406 QAc-W-0131    (0)   :  0.006 0.006 0.046 0.005 0.005 0.931 
407 QAc-W-0132    (6)   :  0.006 0.015 0.021 0.048 0.025 0.884 
408 QAc-W-0133    (6)   :  0.016 0.079 0.007 0.184 0.007 0.707 
409 QAc-W-0134    (0)   :  0.005 0.004 0.005 0.004 0.004 0.977 
410 QAc-W-0135    (0)   :  0.006 0.005 0.003 0.013 0.057 0.916 
411 QAc-W-0136    (0)   :  0.004 0.003 0.010 0.003 0.006 0.973 
412 QAc-W-0137    (0)   :  0.004 0.003 0.005 0.004 0.004 0.981 
413 QAc-W-0138    (0)   :  0.003 0.003 0.005 0.003 0.006 0.980 
414 QAc-W-0139    (0)   :  0.008 0.051 0.011 0.021 0.046 0.864 
415 QAc-W-0140    (0)   :  0.054 0.006 0.003 0.005 0.048 0.883 
416 QAc-W-0141    (6)   :  0.012 0.005 0.005 0.013 0.055 0.910 
417 QAc-W-0142    (0)   :  0.005 0.003 0.003 0.006 0.004 0.978 
418 QAc-W-0143    (0)   :  0.006 0.007 0.004 0.003 0.006 0.974 
419 QAc-W-0144    (0)   :  0.068 0.005 0.007 0.003 0.008 0.909 
420 QAc-W-0145    (0)   :  0.006 0.003 0.004 0.003 0.004 0.980 
421 QAc-W-0146    (0)   :  0.004 0.005 0.006 0.004 0.019 0.962 
422 QAc-W-0147    (0)   :  0.003 0.005 0.003 0.004 0.004 0.981 
423 QAc-W-0148    (0)   :  0.004 0.003 0.006 0.004 0.008 0.974 
424 QAc-W-0149    (0)   :  0.019 0.008 0.013 0.004 0.009 0.947 
425 QAc-W-0150    (0)   :  0.006 0.016 0.013 0.006 0.050 0.909 
426 QAc-W-0151    (0)   :  0.006 0.005 0.007 0.005 0.014 0.963 
427 QAc-W-0152    (0)   :  0.005 0.004 0.004 0.006 0.006 0.976 
428 QAc-W-0153    (0)   :  0.359 0.081 0.005 0.013 0.312 0.231 
429 QAc-W-0154    (0)   :  0.007 0.004 0.003 0.003 0.020 0.963 
430 QAc-W-0155    (0)   :  0.004 0.003 0.003 0.003 0.005 0.981 
431 QAc-W-0156    (0)   :  0.005 0.082 0.015 0.004 0.049 0.844 
432 QAc-W-0157    (0)   :  0.017 0.003 0.027 0.011 0.014 0.928 
433 QAc-W-0158    (0)   :  0.004 0.027 0.005 0.017 0.044 0.904 
434 QAc-W-0159    (0)   :  0.007 0.006 0.008 0.005 0.008 0.966 
435 QAc-W-0160    (0)   :  0.004 0.005 0.005 0.004 0.026 0.955 
436 QAc-W-0161    (0)   :  0.010 0.004 0.091 0.004 0.052 0.839 
437 QAc-W-0162    (0)   :  0.018 0.003 0.030 0.030 0.003 0.915 
438 QAc-W-0163    (0)   :  0.032 0.004 0.005 0.004 0.007 0.947 
439 QAc-W-0164    (0)   :  0.005 0.004 0.006 0.006 0.004 0.975 
440 QAc-W-0165    (0)   :  0.008 0.003 0.010 0.026 0.006 0.948 
441 QAc-W-0166    (0)   :  0.005 0.004 0.007 0.005 0.018 0.962 


Estimated Allele Frequencies in each cluster
First column gives estimated ancestral frequencies


Locus 1 : 
21 alleles
0.5% missing data
 210   (0.123) 0.238 0.211 0.003 0.002 0.044 0.157 
 212   (0.104) 0.060 0.224 0.003 0.208 0.190 0.095 
 202   (0.049) 0.016 0.139 0.333 0.001 0.052 0.011 
 226   (0.054) 0.030 0.111 0.211 0.182 0.002 0.005 
 216   (0.072) 0.046 0.093 0.324 0.001 0.009 0.094 
 200   (0.192) 0.238 0.127 0.110 0.378 0.505 0.205 
 224   (0.031) 0.008 0.001 0.001 0.146 0.083 0.003 
 218   (0.045) 0.008 0.057 0.001 0.001 0.029 0.139 
 222   (0.029) 0.008 0.001 0.003 0.000 0.002 0.170 
 228   (0.017) 0.003 0.000 0.000 0.062 0.000 0.002 
 214   (0.060) 0.141 0.001 0.003 0.017 0.002 0.063 
 208   (0.052) 0.049 0.031 0.002 0.001 0.071 0.003 
 220   (0.024) 0.008 0.000 0.001 0.000 0.002 0.015 
 206   (0.041) 0.057 0.001 0.001 0.001 0.003 0.021 
 196   (0.014) 0.005 0.000 0.000 0.000 0.000 0.004 
 238   (0.016) 0.003 0.000 0.000 0.000 0.000 0.007 
 121   (0.013) 0.002 0.000 0.001 0.000 0.004 0.001 
 204   (0.019) 0.022 0.000 0.000 0.000 0.001 0.001 
 190   (0.015) 0.008 0.000 0.000 0.000 0.000 0.002 
 198   (0.013) 0.008 0.000 0.000 0.000 0.000 0.001 
 232   (0.019) 0.041 0.000 0.000 0.000 0.001 0.001 

Locus 2 : 
15 alleles
1.6% missing data
 171   (0.215) 0.434 0.149 0.402 0.003 0.338 0.068 
 175   (0.109) 0.069 0.244 0.133 0.122 0.036 0.022 
 185   (0.053) 0.013 0.145 0.001 0.001 0.009 0.206 
 181   (0.087) 0.083 0.347 0.003 0.343 0.105 0.007 
 179   (0.059) 0.018 0.001 0.333 0.108 0.005 0.271 
 173   (0.182) 0.136 0.064 0.108 0.328 0.334 0.187 
 177   (0.041) 0.012 0.001 0.008 0.092 0.001 0.067 
 183   (0.069) 0.108 0.020 0.002 0.001 0.002 0.089 
 187   (0.065) 0.079 0.001 0.002 0.001 0.070 0.048 
 189   (0.031) 0.005 0.001 0.001 0.000 0.096 0.022 
 191   (0.027) 0.017 0.027 0.004 0.000 0.001 0.002 
 163   (0.015) 0.008 0.000 0.000 0.000 0.000 0.002 
 165   (0.015) 0.008 0.000 0.000 0.000 0.000 0.002 
 193   (0.015) 0.009 0.000 0.000 0.000 0.000 0.001 
 169   (0.017) 0.003 0.000 0.000 0.000 0.001 0.008 

Locus 3 : 
7 alleles
2.5% missing data
 206   (0.813) 0.888 0.981 0.984 0.983 0.924 0.942 
 208   (0.059) 0.045 0.001 0.001 0.001 0.070 0.028 
 198   (0.016) 0.003 0.006 0.000 0.000 0.000 0.001 
 204   (0.055) 0.032 0.011 0.013 0.015 0.002 0.020 
 218   (0.021) 0.015 0.000 0.001 0.000 0.001 0.002 
 230   (0.018) 0.009 0.000 0.000 0.000 0.001 0.001 
 212   (0.017) 0.009 0.001 0.000 0.000 0.002 0.005 

Locus 4 : 
15 alleles
3.6% missing data
 165   (0.096) 0.056 0.607 0.003 0.087 0.128 0.019 
 173   (0.036) 0.035 0.326 0.001 0.000 0.001 0.002 
 163   (0.156) 0.256 0.006 0.005 0.006 0.108 0.311 
 167   (0.129) 0.095 0.019 0.531 0.001 0.190 0.149 
 161   (0.314) 0.358 0.013 0.452 0.885 0.514 0.426 
 153   (0.019) 0.003 0.000 0.000 0.000 0.011 0.001 
 171   (0.043) 0.057 0.005 0.002 0.001 0.001 0.020 
 179   (0.018) 0.007 0.000 0.000 0.000 0.002 0.001 
 157   (0.037) 0.032 0.001 0.001 0.001 0.035 0.003 
 149   (0.015) 0.009 0.000 0.000 0.000 0.000 0.001 
 177   (0.040) 0.019 0.017 0.001 0.001 0.003 0.024 
 155   (0.022) 0.009 0.000 0.001 0.000 0.003 0.006 
 175   (0.020) 0.016 0.000 0.000 0.000 0.001 0.001 
 169   (0.028) 0.046 0.004 0.001 0.000 0.001 0.002 
 159   (0.026) 0.004 0.000 0.001 0.016 0.001 0.033 

Locus 5 : 
16 alleles
0.0% missing data
 148   (0.097) 0.052 0.395 0.003 0.373 0.128 0.086 
 160   (0.041) 0.025 0.079 0.039 0.000 0.003 0.003 
 146   (0.094) 0.104 0.286 0.016 0.343 0.045 0.015 
 154   (0.047) 0.020 0.002 0.002 0.023 0.004 0.211 
 150   (0.054) 0.107 0.001 0.002 0.008 0.064 0.004 
 138   (0.097) 0.044 0.095 0.178 0.003 0.077 0.254 
 166   (0.051) 0.116 0.001 0.323 0.001 0.012 0.003 
 164   (0.023) 0.006 0.000 0.060 0.000 0.001 0.006 
 142   (0.026) 0.035 0.000 0.001 0.001 0.001 0.014 
 144   (0.183) 0.278 0.014 0.080 0.206 0.265 0.137 
 140   (0.066) 0.023 0.001 0.286 0.001 0.188 0.147 
 158   (0.064) 0.050 0.047 0.004 0.001 0.022 0.023 
 162   (0.030) 0.022 0.066 0.001 0.000 0.002 0.002 
 152   (0.080) 0.065 0.002 0.002 0.038 0.188 0.092 
 134   (0.020) 0.035 0.000 0.000 0.000 0.001 0.001 
 156   (0.027) 0.018 0.009 0.003 0.000 0.001 0.002 

Locus 6 : 
12 alleles
0.0% missing data
 225   (0.045) 0.008 0.110 0.001 0.197 0.002 0.029 
 239   (0.126) 0.088 0.033 0.209 0.488 0.077 0.030 
 229   (0.024) 0.004 0.332 0.001 0.000 0.005 0.001 
 235   (0.227) 0.164 0.404 0.008 0.262 0.307 0.408 
 237   (0.179) 0.220 0.007 0.016 0.035 0.282 0.240 
 233   (0.111) 0.077 0.043 0.295 0.012 0.259 0.022 
 227   (0.060) 0.286 0.001 0.315 0.001 0.002 0.003 
 245   (0.063) 0.054 0.001 0.003 0.001 0.027 0.082 
 241   (0.069) 0.041 0.067 0.150 0.002 0.002 0.066 
 231   (0.041) 0.036 0.001 0.001 0.000 0.001 0.077 
 243   (0.041) 0.015 0.001 0.001 0.000 0.035 0.040 
 251   (0.015) 0.008 0.000 0.000 0.000 0.000 0.002 

Locus 7 : 
7 alleles
0.0% missing data
 118   (0.825) 0.888 0.962 0.619 0.982 0.866 0.989 
 124   (0.045) 0.017 0.001 0.377 0.001 0.122 0.003 
 116   (0.027) 0.054 0.001 0.001 0.001 0.001 0.002 
 114   (0.046) 0.020 0.024 0.002 0.005 0.010 0.003 
 122   (0.017) 0.009 0.000 0.000 0.000 0.000 0.001 
 112   (0.024) 0.010 0.012 0.001 0.000 0.001 0.001 
 120   (0.016) 0.002 0.000 0.000 0.012 0.000 0.001 

Locus 8 : 
5 alleles
0.5% missing data
 135   (0.061) 0.018 0.018 0.002 0.005 0.106 0.035 
 139   (0.684) 0.733 0.902 0.926 0.964 0.792 0.673 
 137   (0.207) 0.231 0.080 0.071 0.031 0.100 0.198 
 143   (0.027) 0.012 0.000 0.001 0.000 0.001 0.062 
 141   (0.022) 0.005 0.001 0.001 0.000 0.001 0.033 

Locus 9 : 
15 alleles
1.6% missing data
 116   (0.166) 0.088 0.374 0.007 0.180 0.474 0.363 
 112   (0.105) 0.055 0.076 0.003 0.069 0.046 0.178 
 118   (0.117) 0.084 0.513 0.093 0.002 0.030 0.150 
 122   (0.096) 0.262 0.002 0.477 0.546 0.004 0.009 
 114   (0.186) 0.202 0.024 0.006 0.133 0.261 0.224 
 120   (0.066) 0.049 0.001 0.189 0.001 0.082 0.023 
 130   (0.053) 0.040 0.001 0.131 0.001 0.080 0.003 
 124   (0.054) 0.062 0.001 0.001 0.066 0.002 0.036 
 110   (0.015) 0.008 0.000 0.000 0.000 0.001 0.002 
 134   (0.015) 0.007 0.000 0.000 0.000 0.000 0.002 
 128   (0.037) 0.024 0.001 0.089 0.000 0.009 0.002 
 126   (0.045) 0.093 0.001 0.001 0.001 0.010 0.005 
 108   (0.018) 0.016 0.000 0.000 0.000 0.001 0.001 
 106   (0.014) 0.008 0.000 0.000 0.001 0.000 0.001 
 138   (0.015) 0.003 0.005 0.000 0.000 0.000 0.001 

Locus 10 : 
8 alleles
0.0% missing data
 232   (0.721) 0.586 0.974 0.992 0.996 0.925 0.863 
 238   (0.134) 0.328 0.002 0.004 0.001 0.031 0.129 
 220   (0.021) 0.003 0.000 0.000 0.000 0.030 0.001 
 226   (0.019) 0.003 0.011 0.001 0.000 0.001 0.001 
 234   (0.030) 0.017 0.000 0.001 0.000 0.010 0.002 
 240   (0.020) 0.016 0.000 0.000 0.000 0.001 0.001 
 236   (0.023) 0.022 0.000 0.001 0.001 0.001 0.001 
 244   (0.032) 0.025 0.011 0.001 0.000 0.001 0.002 

Locus 11 : 
8 alleles
0.0% missing data
 165   (0.714) 0.727 0.867 0.942 0.766 0.813 0.882 
 167   (0.111) 0.109 0.124 0.003 0.231 0.008 0.088 
 161   (0.093) 0.135 0.006 0.053 0.001 0.176 0.009 
 153   (0.018) 0.004 0.002 0.000 0.000 0.002 0.002 
 169   (0.016) 0.007 0.000 0.001 0.001 0.000 0.001 
 155   (0.016) 0.008 0.000 0.000 0.000 0.000 0.002 
 173   (0.016) 0.009 0.000 0.000 0.000 0.000 0.001 
 163   (0.016) 0.002 0.000 0.000 0.000 0.000 0.015 

Locus 12 : 
9 alleles
0.0% missing data
 137   (0.477) 0.510 0.295 0.853 0.438 0.327 0.787 
 140   (0.136) 0.070 0.354 0.073 0.010 0.422 0.085 
 134   (0.278) 0.363 0.347 0.071 0.550 0.242 0.094 
 149   (0.016) 0.005 0.000 0.000 0.000 0.000 0.004 
 131   (0.017) 0.006 0.002 0.000 0.000 0.001 0.001 
 143   (0.021) 0.029 0.000 0.001 0.000 0.001 0.001 
 128   (0.016) 0.009 0.000 0.000 0.000 0.000 0.001 
 125   (0.025) 0.004 0.000 0.001 0.000 0.005 0.023 
 146   (0.016) 0.005 0.000 0.000 0.000 0.001 0.003 

Locus 13 : 
20 alleles
0.2% missing data
 206   (0.118) 0.049 0.423 0.258 0.029 0.136 0.192 
 210   (0.066) 0.018 0.272 0.002 0.355 0.151 0.040 
 190   (0.043) 0.019 0.001 0.001 0.001 0.050 0.140 
 202   (0.116) 0.207 0.065 0.440 0.002 0.053 0.041 
 214   (0.037) 0.014 0.001 0.001 0.170 0.033 0.003 
 212   (0.032) 0.005 0.001 0.001 0.135 0.002 0.213 
 192   (0.074) 0.047 0.025 0.266 0.001 0.243 0.029 
 204   (0.057) 0.056 0.001 0.011 0.005 0.022 0.037 
 184   (0.060) 0.024 0.085 0.002 0.003 0.057 0.093 
 216   (0.019) 0.003 0.000 0.000 0.001 0.118 0.001 
 208   (0.038) 0.007 0.001 0.001 0.022 0.089 0.052 
 200   (0.096) 0.214 0.089 0.008 0.002 0.017 0.041 
 198   (0.035) 0.037 0.001 0.001 0.000 0.001 0.043 
 194   (0.094) 0.207 0.033 0.005 0.191 0.008 0.039 
 186   (0.026) 0.015 0.000 0.001 0.083 0.001 0.002 
 188   (0.017) 0.027 0.000 0.001 0.000 0.001 0.001 
 196   (0.029) 0.029 0.001 0.001 0.000 0.001 0.029 
 220   (0.014) 0.006 0.000 0.001 0.000 0.000 0.002 
 180   (0.014) 0.015 0.000 0.000 0.000 0.000 0.001 
 182   (0.015) 0.002 0.000 0.000 0.000 0.015 0.001 

Locus 14 : 
8 alleles
1.6% missing data
 139   (0.092) 0.046 0.202 0.056 0.135 0.113 0.010 
 145   (0.076) 0.026 0.111 0.002 0.010 0.027 0.147 
 151   (0.350) 0.346 0.567 0.378 0.452 0.277 0.407 
 157   (0.280) 0.254 0.093 0.554 0.134 0.548 0.292 
 154   (0.086) 0.067 0.002 0.002 0.267 0.031 0.119 
 163   (0.043) 0.072 0.023 0.006 0.000 0.002 0.005 
 142   (0.035) 0.035 0.001 0.001 0.000 0.001 0.017 
 160   (0.038) 0.153 0.001 0.001 0.000 0.001 0.004 

Locus 15 : 
14 alleles
1.1% missing data
