

----------------------------------------------------
STRUCTURE by Pritchard, Stephens and Donnelly (2000)
     and Falush, Stephens and Pritchard (2003)
       Code by Pritchard, Falush and Hubisz
             Version 2.3.4 (Jul 2012)
----------------------------------------------------



Command line arguments:   bin\structure -m C:\Users\eschumacher\Documents\GitHub\GCC_QUAC_ZAIN\Data_Files\Structure_Files\QUAC\QUAC_woK_nopopinfo_garden_wild\QUAC_woK_nopopinfo_garden_wild\50-50\mainparams -e C:\Users\eschumacher\Documents\GitHub\GCC_QUAC_ZAIN\Data_Files\Structure_Files\QUAC\QUAC_woK_nopopinfo_garden_wild\QUAC_woK_nopopinfo_garden_wild\50-50\extraparams 
Input File:    C:\Users\eschumacher\Documents\GitHub\GCC_QUAC_ZAIN\Data_Files\Structure_Files\QUAC\QUAC_woK_nopopinfo_garden_wild\QUAC_woK_nopopinfo_garden_wild\project_data

Run parameters:
   441 individuals
   15 loci
   10 populations assumed
   50000 Burn-in period
   50000 Reps


--------------------------------------------
Overall proportion of membership of the
sample in each of the 10 clusters

Inferred Clusters
  1      2      3      4      5      6      7      8      9     10    
0.055  0.204  0.077  0.126  0.143  0.076  0.059  0.125  0.070  0.064  

--------------------------------------------

Allele-freq. divergence among pops (Net nucleotide distance),
computed using point estimates of P.

      1       2       3       4       5       6       7       8       9      10      
 1      -    0.0619  0.0428  0.0579  0.1085  0.1683  0.0317  0.1102  0.0858  0.0813  
 2   0.0619     -    0.0751  0.0565  0.1120  0.1473  0.0316  0.0985  0.0987  0.0955  
 3   0.0428  0.0751     -    0.0753  0.1411  0.1696  0.0366  0.1259  0.1160  0.0958  
 4   0.0579  0.0565  0.0753     -    0.1289  0.1596  0.0302  0.0953  0.1022  0.0844  
 5   0.1085  0.1120  0.1411  0.1289     -    0.1917  0.0954  0.1405  0.1681  0.0950  
 6   0.1683  0.1473  0.1696  0.1596  0.1917     -    0.1168  0.0818  0.2235  0.1408  
 7   0.0317  0.0316  0.0366  0.0302  0.0954  0.1168     -    0.0646  0.0839  0.0597  
 8   0.1102  0.0985  0.1259  0.0953  0.1405  0.0818  0.0646     -    0.1564  0.1156  
 9   0.0858  0.0987  0.1160  0.1022  0.1681  0.2235  0.0839  0.1564     -    0.1421  
10   0.0813  0.0955  0.0958  0.0844  0.0950  0.1408  0.0597  0.1156  0.1421     -    

Average distances (expected heterozygosity) between individuals in same cluster:
cluster  1  : 0.6019 
cluster  2  : 0.5615 
cluster  3  : 0.6104 
cluster  4  : 0.5538 
cluster  5  : 0.4004 
cluster  6  : 0.3928 
cluster  7  : 0.6973 
cluster  8  : 0.5041 
cluster  9  : 0.4646 
cluster 10  : 0.5112 

--------------------------------------------
Estimated Ln Prob of Data   = -15275.4
Mean value of ln likelihood = -14837.2
Variance of ln likelihood   = 876.4
Mean value of alpha         = 0.0328

Mean value of Fst_1         = 0.1500
Mean value of Fst_2         = 0.1620
Mean value of Fst_3         = 0.1110
Mean value of Fst_4         = 0.1435
Mean value of Fst_5         = 0.4957
Mean value of Fst_6         = 0.5495
Mean value of Fst_7         = 0.0007
Mean value of Fst_8         = 0.2505
Mean value of Fst_9         = 0.4186
Mean value of Fst_10         = 0.2643


Inferred ancestry of individuals:
        Label (%Miss) :  Inferred clusters
  1 QAc-G-0029    (0)   :  0.004 0.063 0.004 0.021 0.024 0.622 0.056 0.192 0.006 0.008 
  2 QAc-G-0030    (0)   :  0.002 0.002 0.002 0.002 0.002 0.979 0.002 0.003 0.002 0.003 
  3 QAc-G-0031    (0)   :  0.002 0.002 0.002 0.003 0.004 0.973 0.003 0.005 0.002 0.004 
  4 QAc-G-0061    (0)   :  0.003 0.005 0.002 0.005 0.004 0.134 0.003 0.838 0.004 0.003 
  5 QAc-G-0062    (0)   :  0.013 0.006 0.007 0.114 0.024 0.006 0.056 0.005 0.429 0.340 
  6 QAc-G-0063    (0)   :  0.024 0.104 0.007 0.039 0.559 0.004 0.098 0.005 0.011 0.149 
  7 QAc-G-0064    (0)   :  0.004 0.004 0.003 0.004 0.005 0.002 0.003 0.003 0.966 0.005 
  8 QAc-G-0065    (0)   :  0.005 0.003 0.003 0.002 0.002 0.007 0.003 0.003 0.971 0.002 
  9 QAc-G-0066    (0)   :  0.003 0.003 0.002 0.003 0.974 0.004 0.002 0.004 0.002 0.004 
 10 QAc-G-0067    (0)   :  0.004 0.003 0.003 0.003 0.003 0.005 0.003 0.008 0.966 0.002 
 11 QAc-G-0068    (0)   :  0.417 0.003 0.005 0.008 0.537 0.003 0.012 0.004 0.006 0.004 
 12 QAc-G-0070    (0)   :  0.005 0.011 0.008 0.299 0.540 0.004 0.018 0.006 0.008 0.101 
 13 QAc-G-0071   (13)   :  0.004 0.004 0.008 0.007 0.899 0.017 0.006 0.011 0.002 0.043 
 14 QAc-G-0072    (0)   :  0.003 0.004 0.002 0.004 0.970 0.003 0.003 0.003 0.003 0.003 
 15 QAc-G-0073    (0)   :  0.003 0.970 0.003 0.005 0.003 0.002 0.004 0.005 0.003 0.003 
 16 QAc-G-0074    (0)   :  0.010 0.714 0.007 0.032 0.122 0.004 0.033 0.004 0.004 0.070 
 17 QAc-G-0075    (0)   :  0.006 0.928 0.009 0.005 0.010 0.016 0.009 0.005 0.005 0.006 
 18 QAc-G-0076    (0)   :  0.027 0.893 0.003 0.010 0.010 0.007 0.031 0.008 0.007 0.004 
 19 QAc-G-0077    (0)   :  0.003 0.006 0.004 0.003 0.008 0.118 0.004 0.842 0.007 0.006 
 20 QAc-G-0078    (0)   :  0.002 0.002 0.002 0.002 0.003 0.980 0.002 0.003 0.002 0.002 
 21 QAc-G-0079    (0)   :  0.002 0.002 0.003 0.002 0.003 0.976 0.002 0.004 0.002 0.003 
 22 QAc-G-0080    (0)   :  0.019 0.083 0.011 0.004 0.006 0.003 0.060 0.774 0.022 0.018 
 23 QAc-G-0081    (0)   :  0.007 0.018 0.021 0.225 0.004 0.006 0.692 0.004 0.004 0.019 
 24 QAc-G-0082    (0)   :  0.005 0.014 0.012 0.016 0.002 0.002 0.935 0.005 0.003 0.007 
 25 QAc-G-0083    (0)   :  0.004 0.028 0.006 0.011 0.011 0.010 0.007 0.015 0.013 0.894 
 26 QAc-G-0001   (13)   :  0.002 0.003 0.003 0.002 0.004 0.973 0.003 0.005 0.002 0.003 
 27 QAc-G-0002    (0)   :  0.002 0.002 0.002 0.002 0.003 0.978 0.002 0.005 0.002 0.002 
 28 QAc-G-0285    (0)   :  0.008 0.005 0.009 0.007 0.013 0.006 0.006 0.006 0.004 0.937 
 29 QAc-G-0286    (0)   :  0.003 0.003 0.002 0.003 0.973 0.003 0.003 0.003 0.002 0.005 
 30 QAc-G-0287    (0)   :  0.003 0.003 0.002 0.002 0.977 0.003 0.002 0.003 0.003 0.003 
 31 QAc-G-0288    (6)   :  0.009 0.013 0.006 0.035 0.857 0.022 0.016 0.026 0.008 0.008 
 32 QAc-G-0289    (0)   :  0.003 0.003 0.002 0.003 0.973 0.003 0.003 0.004 0.003 0.004 
 33 QAc-G-0290    (0)   :  0.003 0.003 0.003 0.003 0.970 0.003 0.003 0.003 0.006 0.003 
 34 QAc-G-0291    (0)   :  0.004 0.005 0.003 0.002 0.905 0.038 0.004 0.017 0.002 0.019 
 35 QAc-G-0292    (0)   :  0.011 0.004 0.005 0.010 0.240 0.003 0.006 0.004 0.003 0.714 
 36 QAc-G-0293    (0)   :  0.003 0.003 0.003 0.002 0.490 0.013 0.003 0.005 0.002 0.476 
 37 QAc-G-0294    (0)   :  0.028 0.917 0.008 0.006 0.003 0.007 0.015 0.005 0.006 0.004 
 38 QAc-G-0295    (0)   :  0.004 0.938 0.003 0.004 0.012 0.007 0.006 0.010 0.006 0.009 
 39 QAc-G-0296    (0)   :  0.006 0.957 0.003 0.004 0.006 0.002 0.004 0.004 0.010 0.005 
 40 QAc-G-0297    (0)   :  0.015 0.316 0.019 0.007 0.003 0.002 0.625 0.005 0.005 0.003 
 41 QAc-G-0298    (6)   :  0.004 0.963 0.004 0.003 0.003 0.005 0.005 0.005 0.004 0.005 
 42 QAc-G-0299    (0)   :  0.009 0.954 0.005 0.003 0.007 0.004 0.005 0.005 0.003 0.004 
 43 QAc-G-0300    (0)   :  0.006 0.949 0.004 0.009 0.003 0.002 0.005 0.003 0.016 0.003 
 44 QAc-G-0301    (0)   :  0.004 0.880 0.004 0.004 0.011 0.007 0.008 0.005 0.070 0.006 
 45 QAc-G-0302    (0)   :  0.027 0.009 0.916 0.005 0.007 0.003 0.020 0.004 0.003 0.007 
 46 QAc-G-0303    (0)   :  0.027 0.008 0.875 0.029 0.003 0.003 0.036 0.006 0.005 0.008 
 47 QAc-G-0304    (0)   :  0.003 0.003 0.002 0.002 0.973 0.003 0.003 0.003 0.002 0.006 
 48 QAc-G-0305    (0)   :  0.061 0.005 0.026 0.047 0.521 0.044 0.032 0.037 0.003 0.224 
 49 QAc-G-0306    (0)   :  0.002 0.002 0.002 0.003 0.974 0.003 0.003 0.004 0.002 0.005 
 50 QAc-G-0307    (0)   :  0.008 0.008 0.015 0.039 0.005 0.046 0.022 0.830 0.005 0.024 
 51 QAc-G-0308    (0)   :  0.007 0.008 0.005 0.005 0.009 0.004 0.005 0.948 0.003 0.006 
 52 QAc-G-0309    (0)   :  0.004 0.004 0.003 0.003 0.003 0.954 0.016 0.005 0.002 0.004 
 53 QAc-G-0310    (0)   :  0.002 0.003 0.002 0.003 0.003 0.973 0.003 0.004 0.003 0.003 
 54 QAc-G-0311    (0)   :  0.002 0.002 0.002 0.002 0.003 0.005 0.002 0.978 0.002 0.002 
 55 QAc-G-0312    (0)   :  0.045 0.101 0.059 0.066 0.007 0.006 0.074 0.622 0.013 0.006 
 56 QAc-G-0313    (0)   :  0.006 0.012 0.006 0.076 0.007 0.024 0.818 0.005 0.006 0.041 
 57 QAc-G-0314    (0)   :  0.006 0.109 0.028 0.100 0.004 0.008 0.727 0.009 0.008 0.003 
 58 QAc-G-0315    (0)   :  0.027 0.011 0.009 0.011 0.008 0.003 0.916 0.004 0.006 0.006 
 59 QAc-G-0316    (0)   :  0.010 0.006 0.006 0.123 0.006 0.019 0.803 0.011 0.008 0.008 
 60 QAc-G-0032    (6)   :  0.654 0.011 0.075 0.009 0.007 0.012 0.111 0.007 0.112 0.003 
 61 QAc-G-0033    (0)   :  0.005 0.954 0.005 0.005 0.005 0.006 0.004 0.005 0.008 0.003 
 62 QAc-G-0034    (0)   :  0.010 0.897 0.009 0.017 0.004 0.020 0.009 0.023 0.008 0.004 
 63 QAc-G-0035    (0)   :  0.007 0.950 0.004 0.005 0.005 0.003 0.006 0.004 0.009 0.006 
 64 QAc-G-0036    (0)   :  0.007 0.921 0.004 0.013 0.015 0.006 0.010 0.006 0.005 0.014 
 65 QAc-G-0037    (0)   :  0.004 0.946 0.003 0.002 0.014 0.006 0.005 0.012 0.004 0.005 
 66 QAc-G-0038    (0)   :  0.003 0.975 0.003 0.004 0.003 0.002 0.003 0.002 0.003 0.002 
 67 QAc-G-0039    (0)   :  0.016 0.874 0.009 0.019 0.006 0.010 0.030 0.027 0.004 0.004 
 68 QAc-G-0040    (0)   :  0.014 0.819 0.004 0.064 0.057 0.005 0.016 0.007 0.003 0.010 
 69 QAc-G-0041    (0)   :  0.003 0.907 0.003 0.021 0.003 0.003 0.007 0.003 0.031 0.019 
 70 QAc-G-0042    (0)   :  0.010 0.955 0.004 0.004 0.006 0.002 0.004 0.003 0.006 0.004 
 71 QAc-G-0043    (0)   :  0.003 0.963 0.003 0.005 0.005 0.004 0.004 0.007 0.003 0.004 
 72 QAc-G-0044    (0)   :  0.007 0.915 0.014 0.006 0.009 0.004 0.010 0.003 0.026 0.005 
 73 QAc-G-0045    (0)   :  0.008 0.902 0.005 0.008 0.006 0.011 0.007 0.040 0.010 0.004 
 74 QAc-G-0046    (0)   :  0.006 0.892 0.003 0.013 0.002 0.047 0.012 0.016 0.004 0.005 
 75 QAc-G-0047    (0)   :  0.013 0.896 0.012 0.007 0.005 0.024 0.014 0.019 0.006 0.004 
 76 QAc-G-0048    (0)   :  0.004 0.962 0.004 0.006 0.003 0.002 0.007 0.003 0.005 0.005 
 77 QAc-G-0049    (0)   :  0.002 0.002 0.002 0.003 0.004 0.973 0.003 0.006 0.002 0.003 
 78 QAc-G-0050    (0)   :  0.011 0.004 0.046 0.014 0.017 0.011 0.831 0.057 0.004 0.005 
 79 QAc-G-0051    (0)   :  0.002 0.002 0.002 0.002 0.003 0.977 0.002 0.005 0.002 0.003 
 80 QAc-G-0052    (0)   :  0.004 0.005 0.003 0.006 0.003 0.007 0.006 0.953 0.009 0.003 
 81 QAc-G-0053    (0)   :  0.003 0.017 0.002 0.003 0.007 0.013 0.006 0.941 0.003 0.005 
 82 QAc-G-0054    (0)   :  0.035 0.013 0.027 0.079 0.004 0.002 0.344 0.490 0.004 0.003 
 83 QAc-G-0055    (0)   :  0.026 0.011 0.081 0.017 0.004 0.005 0.250 0.597 0.003 0.004 
 84 QAc-G-0056    (0)   :  0.017 0.006 0.007 0.054 0.013 0.004 0.852 0.034 0.007 0.005 
 85 QAc-G-0057    (0)   :  0.003 0.003 0.003 0.002 0.003 0.973 0.003 0.006 0.002 0.003 
 86 QAc-G-0058    (6)   :  0.002 0.002 0.003 0.003 0.003 0.976 0.003 0.004 0.002 0.003 
 87 QAc-G-0059    (0)   :  0.005 0.009 0.010 0.006 0.003 0.006 0.527 0.429 0.003 0.003 
 88 QAc-G-0060    (6)   :  0.005 0.006 0.004 0.006 0.010 0.015 0.032 0.909 0.007 0.005 
 89 QAc-G-0276    (0)   :  0.004 0.014 0.004 0.005 0.336 0.006 0.006 0.010 0.002 0.612 
 90 QAc-G-0279    (0)   :  0.003 0.003 0.002 0.003 0.971 0.005 0.003 0.004 0.002 0.004 
 91 QAc-G-0280    (6)   :  0.004 0.007 0.003 0.004 0.963 0.003 0.005 0.003 0.003 0.004 
 92 QAc-G-0281    (0)   :  0.003 0.003 0.003 0.003 0.005 0.005 0.003 0.970 0.003 0.003 
 93 QAc-G-0018    (0)   :  0.065 0.808 0.014 0.011 0.006 0.024 0.023 0.040 0.006 0.005 
 94 QAc-G-0019    (0)   :  0.007 0.880 0.003 0.007 0.010 0.003 0.006 0.005 0.066 0.013 
 95 QAc-G-0020    (0)   :  0.004 0.943 0.003 0.003 0.002 0.005 0.028 0.005 0.003 0.004 
 96 QAc-G-0021    (6)   :  0.003 0.949 0.003 0.003 0.003 0.008 0.007 0.007 0.014 0.003 
 97 QAc-G-0022    (6)   :  0.006 0.764 0.011 0.078 0.004 0.011 0.043 0.023 0.046 0.014 
 98 QAc-G-0023    (0)   :  0.003 0.003 0.003 0.003 0.003 0.626 0.003 0.350 0.002 0.004 
 99 QAc-G-0024    (0)   :  0.003 0.004 0.003 0.003 0.003 0.969 0.003 0.007 0.003 0.002 
100 QAc-G-0016    (0)   :  0.338 0.011 0.100 0.011 0.011 0.003 0.161 0.354 0.005 0.007 
101 QAc-G-0017    (0)   :  0.015 0.008 0.681 0.009 0.005 0.003 0.016 0.003 0.255 0.005 
102 QAc-G-0250    (0)   :  0.070 0.020 0.062 0.015 0.154 0.007 0.397 0.007 0.007 0.262 
103 QAc-G-0003    (6)   :  0.005 0.005 0.003 0.005 0.960 0.003 0.004 0.005 0.003 0.007 
104 QAc-G-0004    (0)   :  0.011 0.055 0.869 0.006 0.003 0.013 0.021 0.007 0.008 0.006 
105 QAc-G-0005    (0)   :  0.004 0.003 0.003 0.003 0.003 0.003 0.002 0.002 0.973 0.002 
106 QAc-G-0006    (6)   :  0.007 0.008 0.927 0.010 0.004 0.002 0.025 0.003 0.002 0.009 
107 QAc-G-0283    (0)   :  0.010 0.007 0.057 0.282 0.003 0.003 0.512 0.004 0.003 0.117 
108 QAc-G-0265    (0)   :  0.008 0.016 0.009 0.008 0.004 0.424 0.251 0.004 0.004 0.272 
109 QAc-G-0266    (0)   :  0.002 0.002 0.002 0.002 0.003 0.975 0.002 0.007 0.002 0.003 
110 QAc-G-0267    (0)   :  0.010 0.215 0.005 0.010 0.003 0.003 0.011 0.007 0.117 0.620 
111 QAc-G-0268   (20)   :  0.033 0.006 0.020 0.006 0.517 0.004 0.387 0.007 0.011 0.010 
112 QAc-G-0269    (0)   :  0.002 0.003 0.002 0.002 0.974 0.004 0.003 0.003 0.003 0.003 
113 QAc-G-0270    (6)   :  0.005 0.954 0.003 0.005 0.005 0.004 0.004 0.004 0.010 0.005 
114 QAc-G-0271    (0)   :  0.011 0.696 0.015 0.008 0.004 0.003 0.144 0.004 0.109 0.006 
115 QAc-G-0272    (6)   :  0.009 0.938 0.005 0.006 0.013 0.005 0.006 0.006 0.003 0.009 
116 QAc-G-0273    (0)   :  0.006 0.003 0.003 0.004 0.004 0.012 0.004 0.956 0.004 0.004 
117 QAc-G-0274    (0)   :  0.003 0.002 0.002 0.002 0.002 0.002 0.002 0.002 0.979 0.002 
118 QAc-G-0251    (6)   :  0.010 0.936 0.011 0.008 0.004 0.006 0.006 0.004 0.012 0.003 
119 QAc-G-0252    (0)   :  0.008 0.939 0.012 0.011 0.005 0.004 0.007 0.005 0.005 0.004 
120 QAc-G-0253    (0)   :  0.003 0.004 0.003 0.003 0.006 0.014 0.005 0.957 0.002 0.004 
121 QAc-G-0254    (0)   :  0.004 0.004 0.005 0.003 0.004 0.927 0.009 0.040 0.003 0.003 
122 QAc-G-0255    (0)   :  0.010 0.009 0.942 0.006 0.004 0.004 0.009 0.004 0.006 0.007 
123 QAc-G-0256    (0)   :  0.684 0.005 0.276 0.003 0.008 0.003 0.004 0.004 0.007 0.006 
124 QAc-G-0257    (0)   :  0.047 0.017 0.748 0.036 0.003 0.002 0.025 0.013 0.104 0.005 
125 QAc-G-0258    (0)   :  0.005 0.004 0.964 0.003 0.003 0.002 0.008 0.002 0.006 0.003 
126 QAc-G-0259    (0)   :  0.005 0.004 0.007 0.008 0.002 0.002 0.968 0.002 0.002 0.002 
127 QAc-G-0260    (0)   :  0.173 0.010 0.009 0.032 0.039 0.005 0.665 0.014 0.040 0.011 
128 QAc-G-0261    (0)   :  0.109 0.009 0.061 0.008 0.004 0.003 0.353 0.005 0.443 0.004 
129 QAc-G-0262    (0)   :  0.249 0.005 0.110 0.012 0.013 0.003 0.549 0.010 0.033 0.016 
130 QAc-G-0010    (0)   :  0.004 0.015 0.003 0.009 0.039 0.014 0.013 0.008 0.005 0.890 
131 QAc-G-0011    (0)   :  0.005 0.007 0.004 0.937 0.004 0.004 0.027 0.004 0.006 0.003 
132 QAc-G-0015    (0)   :  0.015 0.008 0.133 0.042 0.003 0.440 0.078 0.263 0.008 0.010 
133 QAc-G-0106    (0)   :  0.034 0.011 0.890 0.007 0.003 0.002 0.021 0.002 0.028 0.003 
134 QAc-G-0107    (0)   :  0.858 0.005 0.079 0.005 0.007 0.008 0.013 0.011 0.003 0.011 
135 QAc-G-0108    (0)   :  0.409 0.007 0.552 0.006 0.006 0.002 0.007 0.002 0.005 0.004 
136 QAc-G-0109    (0)   :  0.039 0.011 0.768 0.032 0.005 0.007 0.079 0.013 0.040 0.007 
137 QAc-G-0110    (0)   :  0.026 0.030 0.817 0.011 0.057 0.007 0.028 0.007 0.003 0.016 
138 QAc-G-0111    (0)   :  0.040 0.013 0.879 0.009 0.006 0.006 0.013 0.005 0.006 0.023 
139 QAc-G-0112    (0)   :  0.017 0.004 0.888 0.004 0.029 0.010 0.022 0.006 0.003 0.016 
140 QAc-G-0113    (0)   :  0.346 0.007 0.500 0.007 0.007 0.002 0.021 0.070 0.023 0.016 
141 QAc-G-0114    (0)   :  0.012 0.024 0.897 0.005 0.012 0.011 0.014 0.010 0.003 0.011 
142 QAc-G-0115    (0)   :  0.028 0.005 0.921 0.005 0.007 0.003 0.015 0.007 0.006 0.004 
143 QAc-G-0116    (0)   :  0.011 0.004 0.932 0.006 0.011 0.006 0.007 0.005 0.006 0.012 
144 QAc-G-0117    (0)   :  0.659 0.150 0.032 0.013 0.005 0.008 0.043 0.028 0.037 0.027 
145 QAc-G-0118    (0)   :  0.006 0.005 0.925 0.010 0.004 0.002 0.008 0.002 0.024 0.013 
146 QAc-G-0119    (0)   :  0.005 0.011 0.931 0.003 0.002 0.007 0.014 0.004 0.020 0.002 
147 QAc-G-0120    (0)   :  0.006 0.009 0.883 0.008 0.005 0.004 0.068 0.006 0.005 0.006 
148 QAc-G-0121    (0)   :  0.007 0.007 0.006 0.003 0.006 0.003 0.004 0.004 0.956 0.004 
149 QAc-G-0122    (0)   :  0.009 0.008 0.006 0.005 0.034 0.005 0.005 0.004 0.916 0.010 
150 QAc-G-0123    (0)   :  0.002 0.004 0.002 0.002 0.002 0.002 0.002 0.003 0.979 0.002 
151 QAc-G-0124    (6)   :  0.003 0.004 0.003 0.003 0.003 0.003 0.003 0.003 0.971 0.003 
152 QAc-G-0125    (0)   :  0.024 0.007 0.035 0.043 0.012 0.064 0.255 0.033 0.493 0.032 
153 QAc-G-0126    (0)   :  0.060 0.012 0.122 0.018 0.007 0.003 0.536 0.031 0.206 0.005 
154 QAc-G-0127    (0)   :  0.013 0.007 0.007 0.011 0.004 0.004 0.006 0.007 0.936 0.004 
155 QAc-G-0128    (0)   :  0.004 0.003 0.003 0.003 0.005 0.003 0.003 0.003 0.971 0.003 
156 QAc-G-0129    (0)   :  0.003 0.003 0.002 0.002 0.003 0.002 0.002 0.002 0.978 0.002 
157 QAc-G-0130    (0)   :  0.039 0.007 0.028 0.018 0.003 0.002 0.006 0.003 0.886 0.007 
158 QAc-G-0131    (0)   :  0.005 0.006 0.004 0.004 0.004 0.003 0.004 0.005 0.963 0.003 
159 QAc-G-0132    (0)   :  0.034 0.008 0.107 0.006 0.016 0.023 0.023 0.008 0.756 0.019 
160 QAc-G-0133    (0)   :  0.007 0.009 0.003 0.003 0.005 0.004 0.004 0.004 0.957 0.006 
161 QAc-G-0134    (0)   :  0.004 0.004 0.004 0.003 0.004 0.008 0.004 0.003 0.963 0.003 
162 QAc-G-0135    (0)   :  0.004 0.008 0.952 0.006 0.006 0.006 0.006 0.006 0.003 0.003 
163 QAc-G-0136    (0)   :  0.023 0.005 0.810 0.011 0.005 0.007 0.013 0.005 0.006 0.115 
164 QAc-G-0137    (0)   :  0.139 0.011 0.777 0.007 0.005 0.003 0.013 0.004 0.036 0.005 
165 QAc-G-0138    (0)   :  0.006 0.003 0.913 0.021 0.003 0.004 0.009 0.007 0.006 0.027 
166 QAc-G-0139    (0)   :  0.009 0.038 0.894 0.007 0.003 0.002 0.008 0.002 0.034 0.004 
167 QAc-G-0140    (6)   :  0.938 0.007 0.026 0.004 0.003 0.002 0.005 0.004 0.007 0.004 
168 QAc-G-0141    (0)   :  0.821 0.019 0.014 0.018 0.008 0.006 0.026 0.065 0.009 0.014 
169 QAc-G-0142    (0)   :  0.004 0.005 0.971 0.003 0.003 0.002 0.003 0.002 0.003 0.003 
170 QAc-G-0143    (0)   :  0.003 0.005 0.006 0.004 0.005 0.002 0.964 0.004 0.003 0.004 
171 QAc-G-0144    (6)   :  0.026 0.005 0.529 0.004 0.004 0.003 0.408 0.005 0.002 0.013 
172 QAc-G-0145    (0)   :  0.003 0.004 0.003 0.003 0.970 0.003 0.003 0.003 0.002 0.006 
173 QAc-G-0146    (0)   :  0.003 0.003 0.002 0.003 0.003 0.002 0.002 0.004 0.975 0.003 
174 QAc-G-0147    (0)   :  0.184 0.018 0.024 0.318 0.007 0.003 0.146 0.011 0.260 0.029 
175 QAc-G-0148    (0)   :  0.920 0.011 0.008 0.005 0.003 0.005 0.021 0.006 0.006 0.015 
176 QAc-G-0149    (0)   :  0.004 0.004 0.003 0.003 0.003 0.003 0.003 0.002 0.972 0.003 
177 QAc-G-0150    (0)   :  0.003 0.003 0.003 0.003 0.971 0.003 0.003 0.004 0.003 0.004 
178 QAc-G-0151    (0)   :  0.003 0.004 0.003 0.003 0.003 0.002 0.003 0.003 0.973 0.003 
179 QAc-G-0152    (0)   :  0.002 0.004 0.002 0.003 0.002 0.003 0.003 0.007 0.970 0.002 
180 QAc-G-0153    (0)   :  0.009 0.009 0.007 0.017 0.002 0.002 0.010 0.002 0.877 0.064 
181 QAc-G-0154    (0)   :  0.027 0.026 0.019 0.004 0.012 0.003 0.006 0.003 0.884 0.016 
182 QAc-G-0155    (0)   :  0.002 0.005 0.002 0.003 0.003 0.002 0.003 0.003 0.974 0.003 
183 QAc-G-0158    (0)   :  0.003 0.002 0.002 0.003 0.003 0.003 0.003 0.003 0.975 0.003 
184 QAc-G-0159    (0)   :  0.086 0.012 0.790 0.013 0.014 0.010 0.046 0.006 0.019 0.004 
185 QAc-G-0160    (0)   :  0.002 0.002 0.002 0.002 0.980 0.002 0.002 0.003 0.002 0.003 
186 QAc-G-0161    (0)   :  0.002 0.003 0.002 0.002 0.979 0.002 0.002 0.003 0.002 0.002 
187 QAc-G-0162    (0)   :  0.008 0.302 0.005 0.008 0.062 0.007 0.045 0.005 0.005 0.551 
188 QAc-G-0163    (0)   :  0.031 0.065 0.023 0.006 0.827 0.002 0.021 0.003 0.003 0.020 
189 QAc-G-0164    (0)   :  0.003 0.004 0.003 0.058 0.896 0.003 0.012 0.015 0.002 0.003 
190 QAc-G-0165    (0)   :  0.004 0.005 0.004 0.005 0.960 0.002 0.004 0.003 0.007 0.006 
191 QAc-G-0166    (0)   :  0.003 0.004 0.003 0.003 0.974 0.003 0.003 0.002 0.002 0.003 
192 QAc-G-0167    (0)   :  0.003 0.004 0.002 0.003 0.970 0.004 0.003 0.003 0.004 0.003 
193 QAc-G-0168    (0)   :  0.002 0.003 0.002 0.002 0.976 0.003 0.002 0.003 0.002 0.004 
194 QAc-G-0169    (6)   :  0.007 0.006 0.171 0.012 0.256 0.004 0.457 0.004 0.004 0.079 
195 QAc-G-0170    (0)   :  0.004 0.005 0.003 0.004 0.965 0.004 0.004 0.003 0.005 0.005 
196 QAc-G-0171    (0)   :  0.003 0.003 0.002 0.003 0.972 0.004 0.003 0.003 0.002 0.005 
197 QAc-G-0172    (0)   :  0.025 0.010 0.831 0.013 0.018 0.008 0.057 0.007 0.015 0.016 
198 QAc-G-0173    (0)   :  0.003 0.003 0.003 0.002 0.453 0.011 0.003 0.004 0.002 0.516 
199 QAc-G-0174    (0)   :  0.007 0.005 0.003 0.004 0.022 0.006 0.003 0.005 0.003 0.943 
200 QAc-G-0175    (0)   :  0.003 0.003 0.002 0.003 0.972 0.003 0.003 0.004 0.002 0.006 
201 QAc-G-0176    (0)   :  0.005 0.145 0.006 0.005 0.802 0.003 0.016 0.009 0.003 0.006 
202 QAc-G-0177    (0)   :  0.003 0.003 0.002 0.003 0.970 0.003 0.003 0.004 0.003 0.006 
203 QAc-G-0178    (0)   :  0.004 0.003 0.003 0.229 0.700 0.006 0.017 0.014 0.014 0.009 
204 QAc-G-0179    (6)   :  0.002 0.003 0.002 0.002 0.972 0.003 0.003 0.003 0.002 0.007 
205 QAc-G-0180    (0)   :  0.002 0.003 0.003 0.003 0.977 0.002 0.002 0.003 0.002 0.003 
206 QAc-G-0181    (0)   :  0.003 0.007 0.004 0.005 0.967 0.002 0.004 0.002 0.003 0.003 
207 QAc-G-0182    (0)   :  0.008 0.005 0.004 0.005 0.419 0.002 0.007 0.003 0.005 0.542 
208 QAc-G-0183    (6)   :  0.006 0.003 0.007 0.004 0.939 0.004 0.012 0.009 0.004 0.013 
209 QAc-G-0184    (0)   :  0.003 0.003 0.003 0.003 0.974 0.003 0.002 0.003 0.003 0.004 
210 QAc-G-0185    (0)   :  0.009 0.010 0.010 0.107 0.743 0.004 0.019 0.006 0.034 0.057 
211 QAc-G-0186    (0)   :  0.003 0.009 0.003 0.005 0.965 0.002 0.004 0.002 0.002 0.005 
212 QAc-G-0187    (0)   :  0.008 0.014 0.005 0.105 0.789 0.026 0.022 0.022 0.005 0.005 
213 QAc-G-0188    (0)   :  0.019 0.018 0.523 0.006 0.250 0.002 0.163 0.004 0.005 0.011 
214 QAc-G-0189    (0)   :  0.004 0.003 0.004 0.006 0.917 0.013 0.005 0.010 0.002 0.037 
215 QAc-G-0190    (0)   :  0.003 0.004 0.002 0.003 0.969 0.004 0.003 0.004 0.004 0.004 
216 QAc-G-0191    (0)   :  0.003 0.004 0.003 0.003 0.969 0.004 0.003 0.004 0.004 0.004 
217 QAc-G-0192    (0)   :  0.002 0.002 0.002 0.002 0.977 0.003 0.002 0.003 0.002 0.003 
218 QAc-G-0193    (0)   :  0.003 0.004 0.003 0.004 0.971 0.002 0.003 0.004 0.003 0.003 
219 QAc-G-0194    (0)   :  0.003 0.006 0.003 0.005 0.964 0.003 0.003 0.006 0.003 0.004 
220 QAc-G-0195    (0)   :  0.003 0.008 0.005 0.004 0.052 0.024 0.005 0.011 0.002 0.886 
221 QAc-G-0196    (0)   :  0.003 0.003 0.002 0.003 0.652 0.009 0.004 0.004 0.002 0.317 
222 QAc-G-0197    (0)   :  0.002 0.003 0.002 0.002 0.977 0.003 0.002 0.003 0.002 0.003 
223 QAc-G-0198    (0)   :  0.003 0.004 0.002 0.003 0.971 0.003 0.003 0.002 0.003 0.005 
224 QAc-G-0199    (0)   :  0.007 0.014 0.005 0.112 0.687 0.002 0.021 0.011 0.017 0.124 
225 QAc-G-0200    (0)   :  0.005 0.009 0.003 0.005 0.961 0.003 0.004 0.003 0.002 0.006 
226 QAc-G-0201    (0)   :  0.005 0.004 0.002 0.003 0.454 0.003 0.011 0.004 0.002 0.511 
227 QAc-G-0202    (6)   :  0.006 0.004 0.005 0.004 0.523 0.014 0.005 0.010 0.003 0.428 
228 QAc-G-0203    (0)   :  0.004 0.004 0.006 0.002 0.948 0.005 0.010 0.013 0.002 0.004 
229 QAc-G-0204    (0)   :  0.003 0.005 0.003 0.003 0.967 0.004 0.003 0.003 0.003 0.005 
230 QAc-G-0205    (0)   :  0.002 0.002 0.002 0.002 0.003 0.979 0.002 0.004 0.002 0.002 
231 QAc-G-0206    (0)   :  0.015 0.026 0.134 0.006 0.003 0.560 0.206 0.042 0.004 0.004 
232 QAc-G-0207    (0)   :  0.005 0.005 0.003 0.005 0.006 0.008 0.004 0.956 0.004 0.003 
233 QAc-G-0208    (0)   :  0.003 0.003 0.002 0.004 0.003 0.972 0.003 0.005 0.003 0.003 
234 QAc-G-0209    (0)   :  0.003 0.003 0.002 0.003 0.004 0.971 0.003 0.006 0.002 0.004 
235 QAc-G-0210    (0)   :  0.004 0.003 0.004 0.004 0.003 0.165 0.004 0.810 0.002 0.003 
236 QAc-G-0211    (0)   :  0.004 0.002 0.003 0.003 0.002 0.006 0.004 0.971 0.003 0.002 
237 QAc-G-0212    (0)   :  0.002 0.004 0.002 0.003 0.005 0.279 0.003 0.695 0.003 0.003 
238 QAc-G-0213    (0)   :  0.003 0.005 0.002 0.004 0.005 0.016 0.003 0.957 0.002 0.003 
239 QAc-G-0214    (0)   :  0.002 0.002 0.002 0.002 0.003 0.978 0.002 0.004 0.002 0.003 
240 QAc-G-0215    (0)   :  0.003 0.003 0.003 0.003 0.003 0.012 0.003 0.964 0.002 0.003 
241 QAc-G-0216    (0)   :  0.021 0.012 0.191 0.005 0.017 0.111 0.277 0.048 0.004 0.315 
242 QAc-G-0217    (0)   :  0.005 0.005 0.005 0.005 0.002 0.022 0.005 0.931 0.014 0.007 
243 QAc-G-0218    (0)   :  0.002 0.005 0.002 0.005 0.004 0.006 0.004 0.966 0.003 0.003 
244 QAc-G-0219    (0)   :  0.007 0.010 0.014 0.004 0.006 0.004 0.012 0.930 0.007 0.005 
245 QAc-G-0220    (0)   :  0.005 0.003 0.003 0.004 0.003 0.006 0.024 0.946 0.004 0.003 
246 QAc-G-0221    (0)   :  0.005 0.008 0.004 0.020 0.005 0.012 0.005 0.921 0.006 0.014 
247 QAc-G-0222    (0)   :  0.003 0.003 0.002 0.003 0.003 0.972 0.003 0.006 0.002 0.002 
248 QAc-G-0223    (0)   :  0.003 0.004 0.004 0.004 0.003 0.020 0.004 0.950 0.004 0.003 
249 QAc-G-0224    (0)   :  0.003 0.003 0.003 0.004 0.005 0.008 0.004 0.964 0.003 0.004 
250 QAc-G-0226    (0)   :  0.002 0.003 0.002 0.003 0.003 0.972 0.003 0.006 0.003 0.003 
251 QAc-G-0227    (0)   :  0.007 0.949 0.004 0.004 0.005 0.005 0.005 0.004 0.013 0.005 
252 QAc-G-0228    (6)   :  0.004 0.958 0.004 0.004 0.004 0.005 0.007 0.006 0.003 0.004 
253 QAc-G-0229    (0)   :  0.010 0.917 0.012 0.014 0.005 0.011 0.012 0.005 0.004 0.009 
254 QAc-G-0230    (0)   :  0.005 0.916 0.011 0.006 0.005 0.036 0.006 0.007 0.003 0.005 
255 QAc-G-0231    (0)   :  0.004 0.003 0.002 0.003 0.006 0.013 0.003 0.961 0.003 0.003 
256 QAc-G-0232    (0)   :  0.006 0.954 0.004 0.011 0.002 0.002 0.007 0.003 0.009 0.002 
257 QAc-G-0233    (0)   :  0.004 0.558 0.003 0.162 0.005 0.008 0.214 0.038 0.006 0.003 
258 QAc-G-0234    (0)   :  0.007 0.922 0.004 0.012 0.014 0.008 0.008 0.003 0.004 0.016 
259 QAc-G-0235    (0)   :  0.014 0.006 0.913 0.007 0.004 0.009 0.013 0.006 0.003 0.026 
260 QAc-G-0236    (0)   :  0.005 0.956 0.003 0.004 0.005 0.004 0.004 0.004 0.009 0.006 
261 QAc-G-0237    (0)   :  0.007 0.909 0.007 0.012 0.012 0.011 0.009 0.016 0.012 0.004 
262 QAc-G-0238    (0)   :  0.004 0.959 0.003 0.004 0.005 0.005 0.004 0.008 0.004 0.004 
263 QAc-G-0239    (0)   :  0.004 0.960 0.004 0.005 0.005 0.003 0.007 0.006 0.003 0.003 
264 QAc-G-0240    (0)   :  0.005 0.961 0.007 0.005 0.003 0.003 0.005 0.003 0.006 0.003 
265 QAc-G-0241    (0)   :  0.013 0.852 0.024 0.023 0.006 0.008 0.030 0.010 0.005 0.028 
266 QAc-G-0242    (0)   :  0.009 0.933 0.003 0.014 0.004 0.005 0.010 0.011 0.010 0.003 
267 QAc-G-0243    (0)   :  0.008 0.680 0.009 0.134 0.003 0.007 0.078 0.028 0.047 0.007 
268 QAc-G-0244    (0)   :  0.011 0.922 0.013 0.005 0.005 0.006 0.021 0.007 0.004 0.007 
269 QAc-G-0245    (0)   :  0.005 0.949 0.005 0.004 0.006 0.003 0.004 0.003 0.014 0.006 
270 QAc-G-0246    (0)   :  0.006 0.951 0.005 0.007 0.007 0.003 0.007 0.005 0.005 0.003 
271 QAc-G-0247    (0)   :  0.004 0.966 0.004 0.005 0.002 0.003 0.005 0.005 0.003 0.003 
272 QAc-G-0248    (0)   :  0.004 0.970 0.005 0.003 0.003 0.003 0.004 0.003 0.003 0.003 
273 QAc-G-0249    (0)   :  0.004 0.010 0.013 0.906 0.012 0.013 0.027 0.005 0.002 0.008 
274 QAc-G-0025    (0)   :  0.002 0.003 0.002 0.002 0.003 0.976 0.002 0.004 0.002 0.002 
275 QAc-G-0028    (0)   :  0.005 0.859 0.003 0.066 0.006 0.015 0.015 0.022 0.004 0.005 
276 QAc-G-0275    (0)   :  0.003 0.004 0.003 0.003 0.012 0.009 0.004 0.954 0.002 0.005 
277 QAc-G-0263    (0)   :  0.016 0.004 0.012 0.095 0.010 0.008 0.398 0.020 0.005 0.432 
278 QAc-W-0001    (0)   :  0.008 0.909 0.020 0.004 0.003 0.004 0.012 0.004 0.032 0.003 
279 QAc-W-0002    (0)   :  0.027 0.898 0.015 0.011 0.019 0.004 0.012 0.004 0.003 0.007 
280 QAc-W-0003    (0)   :  0.018 0.805 0.021 0.005 0.006 0.008 0.019 0.074 0.008 0.037 
281 QAc-W-0004    (0)   :  0.004 0.952 0.003 0.007 0.006 0.010 0.004 0.006 0.004 0.004 
282 QAc-W-0005    (0)   :  0.004 0.924 0.008 0.010 0.008 0.005 0.010 0.004 0.013 0.014 
283 QAc-W-0006    (0)   :  0.009 0.942 0.008 0.009 0.005 0.005 0.007 0.005 0.006 0.004 
284 QAc-W-0007   (13)   :  0.004 0.960 0.004 0.007 0.004 0.004 0.004 0.005 0.005 0.004 
285 QAc-W-0008    (6)   :  0.007 0.893 0.009 0.038 0.004 0.002 0.038 0.003 0.003 0.004 
286 QAc-W-0009    (0)   :  0.037 0.782 0.066 0.021 0.012 0.003 0.060 0.008 0.007 0.004 
287 QAc-W-0010    (0)   :  0.023 0.757 0.012 0.058 0.006 0.004 0.067 0.005 0.019 0.048 
288 QAc-W-0011    (0)   :  0.014 0.862 0.017 0.005 0.041 0.005 0.017 0.007 0.018 0.015 
289 QAc-W-0012    (0)   :  0.006 0.942 0.005 0.006 0.014 0.005 0.009 0.004 0.006 0.004 
290 QAc-W-0013    (0)   :  0.129 0.691 0.014 0.005 0.009 0.039 0.014 0.091 0.004 0.004 
291 QAc-W-0014    (0)   :  0.005 0.933 0.004 0.027 0.003 0.005 0.007 0.004 0.004 0.007 
292 QAc-W-0015    (0)   :  0.031 0.679 0.014 0.031 0.017 0.014 0.018 0.038 0.003 0.155 
293 QAc-W-0016    (0)   :  0.021 0.659 0.024 0.086 0.007 0.015 0.161 0.007 0.003 0.018 
294 QAc-W-0017    (0)   :  0.043 0.176 0.035 0.128 0.012 0.005 0.421 0.062 0.013 0.105 
295 QAc-W-0018    (0)   :  0.061 0.625 0.019 0.023 0.003 0.015 0.212 0.029 0.010 0.003 
296 QAc-W-0019    (0)   :  0.004 0.938 0.009 0.012 0.006 0.008 0.008 0.005 0.005 0.005 
297 QAc-W-0020    (0)   :  0.005 0.857 0.008 0.005 0.003 0.004 0.058 0.003 0.052 0.007 
298 QAc-W-0021    (0)   :  0.010 0.268 0.102 0.039 0.010 0.175 0.357 0.022 0.013 0.004 
299 QAc-W-0022    (0)   :  0.016 0.314 0.019 0.136 0.009 0.021 0.383 0.016 0.007 0.079 
300 QAc-W-0023    (6)   :  0.043 0.479 0.108 0.099 0.003 0.026 0.167 0.009 0.061 0.006 
301 QAc-W-0024    (0)   :  0.008 0.404 0.030 0.023 0.051 0.070 0.341 0.058 0.008 0.006 
302 QAc-W-0025    (0)   :  0.004 0.965 0.004 0.004 0.004 0.003 0.005 0.004 0.003 0.003 
303 QAc-W-0026    (0)   :  0.018 0.633 0.010 0.051 0.042 0.015 0.088 0.031 0.085 0.026 
304 QAc-W-0027    (0)   :  0.011 0.941 0.009 0.011 0.008 0.003 0.008 0.004 0.003 0.003 
305 QAc-W-0028    (0)   :  0.006 0.956 0.005 0.005 0.005 0.003 0.008 0.003 0.004 0.005 
306 QAc-W-0029    (0)   :  0.029 0.926 0.006 0.004 0.003 0.005 0.010 0.006 0.007 0.003 
307 QAc-W-0030    (0)   :  0.006 0.953 0.004 0.003 0.008 0.004 0.005 0.004 0.006 0.006 
308 QAc-W-0031    (0)   :  0.007 0.888 0.007 0.005 0.004 0.048 0.008 0.027 0.003 0.003 
309 QAc-W-0032    (0)   :  0.003 0.959 0.003 0.010 0.002 0.003 0.004 0.004 0.010 0.002 
310 QAc-W-0033    (0)   :  0.036 0.685 0.004 0.036 0.005 0.006 0.196 0.011 0.017 0.005 
311 QAc-W-0034    (0)   :  0.010 0.934 0.022 0.007 0.004 0.006 0.007 0.003 0.005 0.003 
312 QAc-W-0035    (0)   :  0.015 0.851 0.005 0.032 0.021 0.013 0.027 0.014 0.004 0.018 
313 QAc-W-0036    (0)   :  0.007 0.914 0.008 0.010 0.004 0.003 0.007 0.003 0.039 0.005 
314 QAc-W-0037    (0)   :  0.007 0.923 0.004 0.006 0.022 0.010 0.006 0.008 0.010 0.004 
315 QAc-W-0038    (0)   :  0.007 0.885 0.012 0.009 0.012 0.004 0.028 0.004 0.014 0.025 
316 QAc-W-0039    (0)   :  0.012 0.898 0.009 0.007 0.017 0.004 0.007 0.015 0.026 0.008 
317 QAc-W-0040    (0)   :  0.004 0.594 0.008 0.180 0.009 0.004 0.163 0.011 0.016 0.010 
318 QAc-W-0041    (0)   :  0.127 0.621 0.017 0.014 0.017 0.011 0.023 0.163 0.004 0.004 
319 QAc-W-0042    (0)   :  0.883 0.007 0.007 0.004 0.007 0.002 0.005 0.006 0.075 0.004 
320 QAc-W-0043    (0)   :  0.945 0.008 0.009 0.004 0.008 0.003 0.005 0.005 0.005 0.007 
321 QAc-W-0044    (0)   :  0.790 0.016 0.008 0.024 0.015 0.004 0.008 0.004 0.095 0.037 
322 QAc-W-0045    (0)   :  0.943 0.006 0.014 0.004 0.004 0.003 0.005 0.004 0.014 0.003 
323 QAc-W-0046    (0)   :  0.950 0.006 0.006 0.003 0.010 0.004 0.004 0.006 0.007 0.004 
324 QAc-W-0047    (0)   :  0.887 0.014 0.022 0.010 0.007 0.005 0.006 0.003 0.012 0.034 
325 QAc-W-0048    (0)   :  0.522 0.013 0.363 0.004 0.004 0.011 0.022 0.004 0.052 0.004 
326 QAc-W-0049    (0)   :  0.426 0.006 0.447 0.004 0.005 0.011 0.012 0.005 0.079 0.003 
327 QAc-W-0050    (0)   :  0.874 0.006 0.023 0.022 0.006 0.022 0.032 0.007 0.004 0.004 
328 QAc-W-0051    (0)   :  0.926 0.007 0.005 0.004 0.005 0.009 0.010 0.009 0.008 0.016 
329 QAc-W-0052    (0)   :  0.004 0.005 0.003 0.003 0.003 0.003 0.003 0.002 0.971 0.003 
330 QAc-W-0053    (0)   :  0.470 0.011 0.475 0.009 0.003 0.003 0.008 0.003 0.010 0.007 
331 QAc-W-0054    (0)   :  0.524 0.010 0.005 0.092 0.110 0.005 0.112 0.007 0.022 0.113 
332 QAc-W-0055    (0)   :  0.509 0.005 0.004 0.018 0.322 0.064 0.019 0.012 0.004 0.043 
333 QAc-W-0056    (0)   :  0.414 0.071 0.007 0.022 0.007 0.017 0.413 0.023 0.007 0.019 
334 QAc-W-0057    (0)   :  0.702 0.009 0.023 0.013 0.004 0.053 0.061 0.017 0.006 0.112 
335 QAc-W-0058    (0)   :  0.668 0.005 0.023 0.004 0.010 0.214 0.031 0.027 0.007 0.011 
336 QAc-W-0059    (0)   :  0.011 0.004 0.962 0.003 0.004 0.003 0.003 0.002 0.004 0.004 
337 QAc-W-0060    (0)   :  0.011 0.018 0.008 0.008 0.011 0.002 0.010 0.003 0.051 0.877 
338 QAc-W-0061    (0)   :  0.018 0.020 0.048 0.033 0.076 0.018 0.029 0.010 0.004 0.745 
339 QAc-W-0062    (0)   :  0.004 0.004 0.003 0.007 0.007 0.003 0.004 0.010 0.016 0.943 
340 QAc-W-0063    (0)   :  0.006 0.010 0.004 0.012 0.010 0.005 0.013 0.009 0.013 0.918 
341 QAc-W-0064    (0)   :  0.005 0.010 0.003 0.008 0.015 0.004 0.008 0.008 0.005 0.934 
342 QAc-W-0065    (0)   :  0.068 0.012 0.009 0.030 0.006 0.008 0.029 0.006 0.005 0.827 
343 QAc-W-0066    (0)   :  0.003 0.003 0.002 0.003 0.975 0.004 0.002 0.003 0.002 0.003 
344 QAc-W-0067    (0)   :  0.003 0.002 0.002 0.002 0.976 0.003 0.002 0.003 0.003 0.004 
345 QAc-W-0068    (0)   :  0.002 0.003 0.002 0.002 0.974 0.003 0.002 0.003 0.002 0.005 
346 QAc-W-0069    (0)   :  0.003 0.003 0.002 0.003 0.973 0.003 0.003 0.003 0.002 0.005 
347 QAc-W-0070    (0)   :  0.003 0.002 0.002 0.003 0.584 0.003 0.003 0.002 0.002 0.395 
348 QAc-W-0071    (6)   :  0.005 0.005 0.004 0.004 0.254 0.012 0.005 0.006 0.004 0.701 
349 QAc-W-0072    (0)   :  0.007 0.010 0.003 0.139 0.004 0.004 0.016 0.010 0.003 0.804 
350 QAc-W-0073    (0)   :  0.014 0.009 0.047 0.007 0.004 0.005 0.011 0.005 0.007 0.890 
351 QAc-W-0074    (0)   :  0.003 0.003 0.003 0.004 0.004 0.004 0.003 0.003 0.003 0.970 
352 QAc-W-0075    (0)   :  0.003 0.003 0.003 0.003 0.016 0.005 0.003 0.003 0.002 0.958 
353 QAc-W-0076    (0)   :  0.004 0.003 0.004 0.023 0.004 0.011 0.006 0.004 0.002 0.939 
354 QAc-W-0077    (0)   :  0.066 0.006 0.004 0.005 0.140 0.002 0.005 0.004 0.004 0.763 
355 QAc-W-0078    (0)   :  0.011 0.048 0.005 0.113 0.090 0.149 0.206 0.359 0.011 0.008 
356 QAc-W-0079    (6)   :  0.007 0.010 0.006 0.009 0.020 0.926 0.006 0.004 0.006 0.007 
357 QAc-W-0080   (13)   :  0.003 0.026 0.011 0.004 0.003 0.935 0.009 0.004 0.002 0.003 
358 QAc-W-0081    (0)   :  0.004 0.004 0.003 0.003 0.003 0.020 0.004 0.949 0.006 0.004 
359 QAc-W-0082    (0)   :  0.398 0.005 0.005 0.005 0.003 0.005 0.007 0.565 0.002 0.005 
360 QAc-W-0083    (0)   :  0.009 0.012 0.006 0.016 0.010 0.011 0.007 0.882 0.013 0.033 
361 QAc-W-0084    (0)   :  0.003 0.004 0.002 0.003 0.004 0.007 0.003 0.968 0.004 0.003 
362 QAc-W-0085    (0)   :  0.003 0.002 0.002 0.003 0.004 0.004 0.003 0.974 0.003 0.003 
363 QAc-W-0086    (0)   :  0.004 0.004 0.003 0.006 0.005 0.006 0.004 0.962 0.003 0.003 
364 QAc-W-0087    (0)   :  0.005 0.004 0.010 0.007 0.004 0.018 0.006 0.940 0.003 0.003 
365 QAc-W-0088    (0)   :  0.004 0.004 0.031 0.005 0.004 0.021 0.016 0.909 0.003 0.003 
366 QAc-W-0089    (0)   :  0.006 0.008 0.003 0.004 0.008 0.105 0.005 0.853 0.003 0.005 
367 QAc-W-0090    (0)   :  0.005 0.005 0.003 0.003 0.007 0.033 0.005 0.933 0.002 0.004 
368 QAc-W-0091    (0)   :  0.006 0.004 0.009 0.008 0.004 0.043 0.016 0.897 0.007 0.006 
369 QAc-W-0092    (0)   :  0.007 0.038 0.005 0.007 0.006 0.008 0.008 0.710 0.206 0.004 
370 QAc-W-0093    (0)   :  0.011 0.059 0.036 0.036 0.002 0.086 0.087 0.671 0.006 0.006 
371 QAc-W-0094    (0)   :  0.012 0.027 0.007 0.010 0.003 0.005 0.018 0.811 0.091 0.015 
372 QAc-W-0095    (0)   :  0.009 0.014 0.006 0.005 0.003 0.092 0.007 0.825 0.027 0.012 
373 QAc-W-0096    (0)   :  0.010 0.018 0.013 0.010 0.007 0.008 0.015 0.821 0.056 0.043 
374 QAc-W-0097    (0)   :  0.059 0.074 0.081 0.005 0.007 0.032 0.040 0.689 0.006 0.006 
375 QAc-W-0098    (0)   :  0.005 0.006 0.010 0.004 0.004 0.256 0.012 0.694 0.005 0.003 
376 QAc-W-0099    (0)   :  0.026 0.016 0.010 0.032 0.004 0.004 0.019 0.876 0.007 0.006 
377 QAc-W-0100    (0)   :  0.003 0.004 0.004 0.005 0.003 0.015 0.007 0.954 0.003 0.003 
378 QAc-W-0101    (0)   :  0.004 0.004 0.003 0.006 0.015 0.014 0.005 0.939 0.003 0.007 
379 QAc-W-0104    (0)   :  0.010 0.005 0.011 0.014 0.003 0.029 0.009 0.910 0.003 0.005 
380 QAc-W-0105    (0)   :  0.003 0.006 0.002 0.003 0.004 0.010 0.004 0.959 0.005 0.004 
381 QAc-W-0106    (0)   :  0.006 0.009 0.002 0.005 0.004 0.004 0.007 0.944 0.016 0.003 
382 QAc-W-0107    (0)   :  0.003 0.003 0.003 0.003 0.004 0.968 0.003 0.006 0.003 0.005 
383 QAc-W-0108    (0)   :  0.002 0.003 0.002 0.002 0.003 0.976 0.002 0.003 0.002 0.004 
384 QAc-W-0109    (0)   :  0.010 0.008 0.016 0.004 0.022 0.109 0.012 0.805 0.006 0.007 
385 QAc-W-0110   (13)   :  0.005 0.448 0.009 0.023 0.007 0.007 0.062 0.429 0.003 0.006 
386 QAc-W-0111    (6)   :  0.012 0.012 0.006 0.004 0.009 0.554 0.015 0.378 0.007 0.004 
387 QAc-W-0112   (13)   :  0.005 0.009 0.012 0.013 0.003 0.030 0.012 0.907 0.006 0.004 
388 QAc-W-0113   (13)   :  0.007 0.011 0.005 0.946 0.003 0.004 0.010 0.006 0.003 0.005 
389 QAc-W-0114   (13)   :  0.008 0.004 0.018 0.913 0.004 0.026 0.010 0.006 0.008 0.004 
390 QAc-W-0115    (0)   :  0.002 0.009 0.003 0.956 0.005 0.004 0.005 0.006 0.005 0.005 
391 QAc-W-0116    (0)   :  0.011 0.014 0.013 0.926 0.002 0.005 0.009 0.004 0.013 0.003 
392 QAc-W-0117    (0)   :  0.004 0.006 0.009 0.958 0.004 0.002 0.006 0.003 0.003 0.004 
393 QAc-W-0118    (0)   :  0.006 0.005 0.006 0.894 0.020 0.015 0.010 0.011 0.005 0.030 
394 QAc-W-0119    (0)   :  0.008 0.007 0.003 0.948 0.008 0.005 0.009 0.003 0.006 0.003 
395 QAc-W-0120    (0)   :  0.005 0.009 0.008 0.921 0.011 0.003 0.020 0.008 0.003 0.013 
396 QAc-W-0121    (0)   :  0.051 0.007 0.006 0.862 0.040 0.004 0.014 0.003 0.002 0.010 
397 QAc-W-0122    (0)   :  0.010 0.011 0.017 0.924 0.003 0.006 0.015 0.003 0.005 0.006 
398 QAc-W-0123    (6)   :  0.011 0.010 0.014 0.883 0.010 0.010 0.027 0.013 0.012 0.011 
399 QAc-W-0124    (0)   :  0.006 0.057 0.003 0.613 0.013 0.008 0.022 0.092 0.011 0.176 
400 QAc-W-0125    (0)   :  0.005 0.005 0.009 0.932 0.007 0.009 0.007 0.012 0.009 0.005 
401 QAc-W-0126   (13)   :  0.016 0.008 0.011 0.869 0.006 0.008 0.033 0.029 0.011 0.008 
402 QAc-W-0127    (6)   :  0.007 0.005 0.004 0.955 0.004 0.003 0.007 0.004 0.004 0.006 
403 QAc-W-0128   (13)   :  0.006 0.009 0.014 0.880 0.011 0.022 0.020 0.030 0.003 0.005 
404 QAc-W-0129   (13)   :  0.005 0.046 0.029 0.860 0.006 0.005 0.028 0.004 0.005 0.012 
405 QAc-W-0130   (13)   :  0.004 0.017 0.008 0.938 0.006 0.005 0.008 0.007 0.003 0.003 
406 QAc-W-0131    (0)   :  0.009 0.004 0.005 0.854 0.004 0.008 0.059 0.004 0.042 0.010 
407 QAc-W-0132    (6)   :  0.007 0.025 0.006 0.833 0.047 0.008 0.012 0.018 0.021 0.023 
408 QAc-W-0133    (6)   :  0.016 0.006 0.005 0.413 0.113 0.009 0.372 0.047 0.006 0.015 
409 QAc-W-0134    (0)   :  0.005 0.004 0.004 0.961 0.003 0.004 0.004 0.003 0.005 0.005 
410 QAc-W-0135    (0)   :  0.005 0.063 0.006 0.876 0.012 0.007 0.009 0.005 0.003 0.014 
411 QAc-W-0136    (0)   :  0.003 0.004 0.003 0.965 0.003 0.002 0.004 0.004 0.009 0.003 
412 QAc-W-0137    (0)   :  0.004 0.004 0.002 0.970 0.003 0.002 0.004 0.002 0.004 0.004 
413 QAc-W-0138    (0)   :  0.003 0.005 0.003 0.970 0.003 0.002 0.003 0.003 0.004 0.003 
414 QAc-W-0139    (0)   :  0.009 0.028 0.004 0.642 0.005 0.035 0.025 0.018 0.008 0.224 
415 QAc-W-0140    (0)   :  0.040 0.032 0.047 0.843 0.005 0.004 0.017 0.005 0.003 0.003 
416 QAc-W-0141    (6)   :  0.011 0.062 0.025 0.815 0.017 0.005 0.048 0.006 0.004 0.008 
417 QAc-W-0142    (0)   :  0.005 0.004 0.004 0.961 0.005 0.004 0.004 0.003 0.003 0.008 
