

----------------------------------------------------
STRUCTURE by Pritchard, Stephens and Donnelly (2000)
     and Falush, Stephens and Pritchard (2003)
       Code by Pritchard, Falush and Hubisz
             Version 2.3.4 (Jul 2012)
----------------------------------------------------



Command line arguments:   bin\structure -m C:\Users\eschumacher\Documents\GitHub\GCC_QUAC_ZAIN\Data_Files\Structure_Files\QUAC\QUAC_woK_nopopinfo_garden_wild\QUAC_woK_nopopinfo_garden_wild\50-50\mainparams -e C:\Users\eschumacher\Documents\GitHub\GCC_QUAC_ZAIN\Data_Files\Structure_Files\QUAC\QUAC_woK_nopopinfo_garden_wild\QUAC_woK_nopopinfo_garden_wild\50-50\extraparams 
Input File:    C:\Users\eschumacher\Documents\GitHub\GCC_QUAC_ZAIN\Data_Files\Structure_Files\QUAC\QUAC_woK_nopopinfo_garden_wild\QUAC_woK_nopopinfo_garden_wild\project_data

Run parameters:
   441 individuals
   15 loci
   6 populations assumed
   50000 Burn-in period
   50000 Reps


--------------------------------------------
Overall proportion of membership of the
sample in each of the 6 clusters

Inferred Clusters
  1      2      3      4      5      6    
0.151  0.158  0.192  0.199  0.076  0.224  

--------------------------------------------

Allele-freq. divergence among pops (Net nucleotide distance),
computed using point estimates of P.

      1       2       3       4       5       6      
 1      -    0.0469  0.0918  0.1009  0.0893  0.0521  
 2   0.0469     -    0.0993  0.0949  0.0946  0.0496  
 3   0.0918  0.0993     -    0.1199  0.1436  0.0941  
 4   0.1009  0.0949  0.1199     -    0.1612  0.0957  
 5   0.0893  0.0946  0.1436  0.1612     -    0.0941  
 6   0.0521  0.0496  0.0941  0.0957  0.0941     -    

Average distances (expected heterozygosity) between individuals in same cluster:
cluster  1  : 0.6567 
cluster  2  : 0.5739 
cluster  3  : 0.4540 
cluster  4  : 0.5003 
cluster  5  : 0.4701 
cluster  6  : 0.5676 

--------------------------------------------
Estimated Ln Prob of Data   = -15852.1
Mean value of ln likelihood = -15530.1
Variance of ln likelihood   = 644.1
Mean value of alpha         = 0.0361

Mean value of Fst_1         = 0.0439
Mean value of Fst_2         = 0.1135
Mean value of Fst_3         = 0.3632
Mean value of Fst_4         = 0.2652
Mean value of Fst_5         = 0.3963
Mean value of Fst_6         = 0.1545


Inferred ancestry of individuals:
        Label (%Miss) :  Inferred clusters
  1 QAc-G-0029    (0)   :  0.004 0.005 0.012 0.959 0.004 0.015 
  2 QAc-G-0030    (0)   :  0.003 0.003 0.004 0.985 0.003 0.003 
  3 QAc-G-0031    (0)   :  0.003 0.004 0.005 0.983 0.003 0.003 
  4 QAc-G-0061    (0)   :  0.003 0.005 0.003 0.974 0.007 0.008 
  5 QAc-G-0062    (0)   :  0.011 0.382 0.103 0.009 0.490 0.005 
  6 QAc-G-0063    (0)   :  0.018 0.016 0.789 0.006 0.006 0.165 
  7 QAc-G-0064    (0)   :  0.004 0.004 0.005 0.003 0.980 0.004 
  8 QAc-G-0065    (0)   :  0.003 0.003 0.002 0.004 0.985 0.003 
  9 QAc-G-0066    (0)   :  0.003 0.003 0.982 0.005 0.003 0.004 
 10 QAc-G-0067    (0)   :  0.003 0.004 0.003 0.008 0.978 0.003 
 11 QAc-G-0068    (0)   :  0.382 0.016 0.588 0.005 0.006 0.004 
 12 QAc-G-0070    (0)   :  0.010 0.227 0.727 0.007 0.009 0.021 
 13 QAc-G-0071   (13)   :  0.004 0.003 0.981 0.006 0.003 0.004 
 14 QAc-G-0072    (0)   :  0.003 0.005 0.980 0.004 0.004 0.004 
 15 QAc-G-0073    (0)   :  0.003 0.005 0.003 0.005 0.003 0.981 
 16 QAc-G-0074    (0)   :  0.008 0.018 0.160 0.005 0.005 0.804 
 17 QAc-G-0075    (0)   :  0.007 0.006 0.008 0.007 0.006 0.966 
 18 QAc-G-0076    (0)   :  0.007 0.009 0.008 0.009 0.008 0.959 
 19 QAc-G-0077    (0)   :  0.003 0.003 0.009 0.971 0.008 0.006 
 20 QAc-G-0078    (0)   :  0.003 0.003 0.003 0.985 0.002 0.003 
 21 QAc-G-0079    (0)   :  0.005 0.003 0.004 0.981 0.002 0.004 
 22 QAc-G-0080    (0)   :  0.049 0.007 0.014 0.729 0.039 0.162 
 23 QAc-G-0081    (0)   :  0.027 0.921 0.008 0.007 0.005 0.033 
 24 QAc-G-0082    (0)   :  0.636 0.205 0.003 0.009 0.003 0.143 
 25 QAc-G-0083    (0)   :  0.034 0.159 0.501 0.096 0.084 0.126 
 26 QAc-G-0001   (13)   :  0.004 0.003 0.006 0.982 0.002 0.003 
 27 QAc-G-0002    (0)   :  0.003 0.003 0.003 0.985 0.003 0.003 
 28 QAc-G-0285    (0)   :  0.030 0.028 0.908 0.011 0.005 0.018 
 29 QAc-G-0286    (0)   :  0.003 0.003 0.985 0.004 0.003 0.003 
 30 QAc-G-0287    (0)   :  0.003 0.003 0.986 0.003 0.003 0.003 
 31 QAc-G-0288    (6)   :  0.005 0.014 0.945 0.019 0.006 0.011 
 32 QAc-G-0289    (0)   :  0.003 0.003 0.983 0.004 0.004 0.003 
 33 QAc-G-0290    (0)   :  0.003 0.004 0.977 0.004 0.008 0.004 
 34 QAc-G-0291    (0)   :  0.003 0.002 0.983 0.006 0.003 0.003 
 35 QAc-G-0292    (0)   :  0.020 0.277 0.690 0.004 0.004 0.006 
 36 QAc-G-0293    (0)   :  0.003 0.003 0.982 0.007 0.002 0.003 
 37 QAc-G-0294    (0)   :  0.012 0.007 0.003 0.008 0.007 0.963 
 38 QAc-G-0295    (0)   :  0.004 0.005 0.015 0.010 0.006 0.960 
 39 QAc-G-0296    (0)   :  0.004 0.004 0.006 0.003 0.010 0.972 
 40 QAc-G-0297    (0)   :  0.433 0.021 0.003 0.006 0.005 0.533 
 41 QAc-G-0298    (6)   :  0.004 0.004 0.004 0.005 0.005 0.978 
 42 QAc-G-0299    (0)   :  0.007 0.004 0.007 0.004 0.004 0.973 
 43 QAc-G-0300    (0)   :  0.005 0.009 0.004 0.003 0.019 0.960 
 44 QAc-G-0301    (0)   :  0.004 0.005 0.011 0.006 0.062 0.913 
 45 QAc-G-0302    (0)   :  0.973 0.006 0.005 0.004 0.004 0.008 
 46 QAc-G-0303    (0)   :  0.958 0.019 0.005 0.005 0.007 0.006 
 47 QAc-G-0304    (0)   :  0.003 0.003 0.984 0.004 0.003 0.004 
 48 QAc-G-0305    (0)   :  0.099 0.055 0.765 0.072 0.004 0.006 
 49 QAc-G-0306    (0)   :  0.003 0.003 0.986 0.004 0.002 0.003 
 50 QAc-G-0307    (0)   :  0.016 0.098 0.012 0.858 0.005 0.011 
 51 QAc-G-0308    (0)   :  0.011 0.008 0.016 0.947 0.004 0.014 
 52 QAc-G-0309    (0)   :  0.005 0.005 0.005 0.977 0.003 0.005 
 53 QAc-G-0310    (0)   :  0.003 0.004 0.004 0.981 0.003 0.005 
 54 QAc-G-0311    (0)   :  0.003 0.003 0.003 0.987 0.002 0.002 
 55 QAc-G-0312    (0)   :  0.125 0.100 0.006 0.609 0.018 0.142 
 56 QAc-G-0313    (0)   :  0.036 0.744 0.048 0.106 0.018 0.048 
 57 QAc-G-0314    (0)   :  0.094 0.562 0.004 0.013 0.015 0.311 
 58 QAc-G-0315    (0)   :  0.623 0.310 0.021 0.007 0.008 0.032 
 59 QAc-G-0316    (0)   :  0.022 0.935 0.008 0.021 0.005 0.009 
 60 QAc-G-0032    (6)   :  0.826 0.007 0.006 0.008 0.140 0.013 
 61 QAc-G-0033    (0)   :  0.004 0.006 0.005 0.006 0.008 0.971 
 62 QAc-G-0034    (0)   :  0.009 0.012 0.005 0.028 0.007 0.939 
 63 QAc-G-0035    (0)   :  0.005 0.005 0.007 0.004 0.010 0.968 
 64 QAc-G-0036    (0)   :  0.006 0.012 0.019 0.006 0.005 0.953 
 65 QAc-G-0037    (0)   :  0.004 0.003 0.013 0.011 0.005 0.965 
 66 QAc-G-0038    (0)   :  0.003 0.005 0.003 0.002 0.003 0.984 
 67 QAc-G-0039    (0)   :  0.012 0.021 0.005 0.023 0.006 0.933 
 68 QAc-G-0040    (0)   :  0.007 0.058 0.056 0.006 0.004 0.869 
 69 QAc-G-0041    (0)   :  0.004 0.026 0.008 0.003 0.035 0.924 
 70 QAc-G-0042    (0)   :  0.006 0.005 0.007 0.003 0.006 0.972 
 71 QAc-G-0043    (0)   :  0.004 0.005 0.005 0.008 0.003 0.975 
 72 QAc-G-0044    (0)   :  0.010 0.006 0.011 0.004 0.025 0.944 
 73 QAc-G-0045    (0)   :  0.005 0.007 0.006 0.024 0.013 0.945 
 74 QAc-G-0046    (0)   :  0.005 0.025 0.003 0.047 0.005 0.915 
 75 QAc-G-0047    (0)   :  0.017 0.008 0.005 0.027 0.006 0.936 
 76 QAc-G-0048    (0)   :  0.004 0.007 0.004 0.003 0.007 0.975 
 77 QAc-G-0049    (0)   :  0.002 0.003 0.005 0.985 0.003 0.003 
 78 QAc-G-0050    (0)   :  0.736 0.064 0.043 0.145 0.005 0.006 
 79 QAc-G-0051    (0)   :  0.003 0.003 0.004 0.986 0.002 0.003 
 80 QAc-G-0052    (0)   :  0.007 0.013 0.004 0.937 0.028 0.012 
 81 QAc-G-0053    (0)   :  0.003 0.003 0.007 0.966 0.006 0.015 
 82 QAc-G-0054    (0)   :  0.329 0.191 0.006 0.434 0.006 0.035 
 83 QAc-G-0055    (0)   :  0.381 0.028 0.005 0.569 0.003 0.013 
 84 QAc-G-0056    (0)   :  0.329 0.576 0.016 0.053 0.011 0.015 
 85 QAc-G-0057    (0)   :  0.005 0.003 0.005 0.981 0.002 0.004 
 86 QAc-G-0058    (6)   :  0.004 0.003 0.004 0.983 0.003 0.003 
 87 QAc-G-0059    (0)   :  0.217 0.039 0.003 0.661 0.005 0.076 
 88 QAc-G-0060    (6)   :  0.009 0.008 0.012 0.935 0.023 0.013 
 89 QAc-G-0276    (0)   :  0.007 0.011 0.924 0.027 0.004 0.027 
 90 QAc-G-0279    (0)   :  0.003 0.003 0.981 0.007 0.003 0.003 
 91 QAc-G-0280    (6)   :  0.004 0.005 0.975 0.004 0.004 0.009 
 92 QAc-G-0281    (0)   :  0.004 0.004 0.006 0.979 0.004 0.004 
 93 QAc-G-0018    (0)   :  0.026 0.012 0.006 0.033 0.007 0.916 
 94 QAc-G-0019    (0)   :  0.005 0.007 0.015 0.004 0.074 0.895 
 95 QAc-G-0020    (0)   :  0.010 0.004 0.003 0.005 0.004 0.974 
 96 QAc-G-0021    (6)   :  0.004 0.003 0.003 0.009 0.015 0.966 
 97 QAc-G-0022    (6)   :  0.013 0.094 0.008 0.024 0.050 0.811 
 98 QAc-G-0023    (0)   :  0.004 0.003 0.004 0.982 0.003 0.004 
 99 QAc-G-0024    (0)   :  0.004 0.003 0.003 0.979 0.004 0.007 
100 QAc-G-0016    (0)   :  0.761 0.012 0.015 0.193 0.005 0.014 
101 QAc-G-0017    (0)   :  0.751 0.024 0.006 0.004 0.207 0.009 
102 QAc-G-0250    (0)   :  0.351 0.017 0.581 0.013 0.007 0.032 
103 QAc-G-0003    (6)   :  0.004 0.006 0.978 0.005 0.003 0.005 
104 QAc-G-0004    (0)   :  0.946 0.007 0.004 0.007 0.006 0.030 
105 QAc-G-0005    (0)   :  0.003 0.003 0.003 0.004 0.984 0.003 
106 QAc-G-0006    (6)   :  0.969 0.013 0.004 0.003 0.003 0.008 
107 QAc-G-0283    (0)   :  0.101 0.874 0.010 0.004 0.003 0.007 
108 QAc-G-0265    (0)   :  0.111 0.076 0.047 0.464 0.006 0.296 
109 QAc-G-0266    (0)   :  0.002 0.003 0.005 0.985 0.002 0.003 
110 QAc-G-0267    (0)   :  0.025 0.144 0.152 0.013 0.080 0.585 
111 QAc-G-0268   (20)   :  0.349 0.020 0.576 0.010 0.034 0.011 
112 QAc-G-0269    (0)   :  0.003 0.003 0.982 0.005 0.003 0.004 
113 QAc-G-0270    (6)   :  0.004 0.005 0.005 0.005 0.011 0.970 
114 QAc-G-0271    (0)   :  0.016 0.009 0.004 0.004 0.089 0.879 
115 QAc-G-0272    (6)   :  0.006 0.006 0.017 0.007 0.003 0.961 
116 QAc-G-0273    (0)   :  0.005 0.005 0.004 0.974 0.007 0.004 
117 QAc-G-0274    (0)   :  0.002 0.003 0.003 0.002 0.987 0.003 
118 QAc-G-0251    (6)   :  0.012 0.007 0.004 0.006 0.016 0.956 
119 QAc-G-0252    (0)   :  0.011 0.012 0.005 0.005 0.005 0.962 
120 QAc-G-0253    (0)   :  0.003 0.004 0.005 0.980 0.003 0.005 
121 QAc-G-0254    (0)   :  0.003 0.003 0.003 0.986 0.003 0.002 
122 QAc-G-0255    (0)   :  0.964 0.007 0.005 0.004 0.007 0.012 
123 QAc-G-0256    (0)   :  0.966 0.004 0.010 0.005 0.009 0.007 
124 QAc-G-0257    (0)   :  0.904 0.025 0.004 0.006 0.053 0.008 
125 QAc-G-0258    (0)   :  0.980 0.004 0.003 0.002 0.006 0.005 
126 QAc-G-0259    (0)   :  0.800 0.183 0.002 0.003 0.002 0.010 
127 QAc-G-0260    (0)   :  0.495 0.260 0.049 0.027 0.149 0.020 
128 QAc-G-0261    (0)   :  0.467 0.023 0.004 0.006 0.488 0.011 
129 QAc-G-0262    (0)   :  0.895 0.019 0.020 0.012 0.047 0.006 
130 QAc-G-0010    (0)   :  0.008 0.040 0.883 0.021 0.006 0.042 
131 QAc-G-0011    (0)   :  0.004 0.976 0.004 0.004 0.005 0.007 
132 QAc-G-0015    (0)   :  0.088 0.040 0.006 0.841 0.008 0.017 
133 QAc-G-0106    (0)   :  0.961 0.005 0.003 0.003 0.022 0.007 
134 QAc-G-0107    (0)   :  0.971 0.006 0.007 0.007 0.004 0.005 
135 QAc-G-0108    (0)   :  0.975 0.006 0.005 0.003 0.005 0.007 
136 QAc-G-0109    (0)   :  0.929 0.020 0.005 0.013 0.025 0.008 
137 QAc-G-0110    (0)   :  0.887 0.014 0.050 0.008 0.003 0.038 
138 QAc-G-0111    (0)   :  0.962 0.010 0.007 0.005 0.005 0.011 
139 QAc-G-0112    (0)   :  0.963 0.004 0.018 0.006 0.004 0.004 
140 QAc-G-0113    (0)   :  0.948 0.006 0.008 0.011 0.021 0.006 
141 QAc-G-0114    (0)   :  0.923 0.007 0.019 0.014 0.004 0.034 
142 QAc-G-0115    (0)   :  0.978 0.004 0.005 0.003 0.006 0.004 
143 QAc-G-0116    (0)   :  0.966 0.006 0.010 0.006 0.007 0.004 
144 QAc-G-0117    (0)   :  0.766 0.020 0.009 0.012 0.061 0.133 
145 QAc-G-0118    (0)   :  0.947 0.010 0.006 0.002 0.028 0.006 
146 QAc-G-0119    (0)   :  0.948 0.005 0.002 0.006 0.023 0.015 
147 QAc-G-0120    (0)   :  0.951 0.015 0.007 0.006 0.006 0.015 
148 QAc-G-0121    (0)   :  0.006 0.003 0.006 0.004 0.973 0.008 
149 QAc-G-0122    (0)   :  0.006 0.005 0.029 0.004 0.947 0.009 
150 QAc-G-0123    (0)   :  0.002 0.002 0.002 0.003 0.986 0.005 
151 QAc-G-0124    (6)   :  0.004 0.004 0.003 0.003 0.982 0.005 
152 QAc-G-0125    (0)   :  0.142 0.098 0.035 0.176 0.541 0.009 
153 QAc-G-0126    (0)   :  0.663 0.030 0.006 0.021 0.265 0.015 
154 QAc-G-0127    (0)   :  0.006 0.007 0.003 0.004 0.973 0.006 
155 QAc-G-0128    (0)   :  0.003 0.003 0.005 0.003 0.983 0.003 
156 QAc-G-0129    (0)   :  0.003 0.003 0.003 0.002 0.986 0.003 
157 QAc-G-0130    (0)   :  0.020 0.011 0.005 0.003 0.954 0.007 
158 QAc-G-0131    (0)   :  0.005 0.004 0.004 0.004 0.976 0.006 
159 QAc-G-0132    (0)   :  0.156 0.007 0.019 0.024 0.785 0.009 
160 QAc-G-0133    (0)   :  0.003 0.003 0.004 0.003 0.980 0.007 
161 QAc-G-0134    (0)   :  0.004 0.003 0.003 0.005 0.980 0.005 
162 QAc-G-0135    (0)   :  0.963 0.008 0.006 0.008 0.004 0.011 
163 QAc-G-0136    (0)   :  0.960 0.014 0.008 0.007 0.006 0.005 
164 QAc-G-0137    (0)   :  0.942 0.007 0.005 0.004 0.033 0.010 
165 QAc-G-0138    (0)   :  0.916 0.062 0.004 0.008 0.007 0.003 
166 QAc-G-0139    (0)   :  0.944 0.005 0.004 0.002 0.024 0.021 
167 QAc-G-0140    (6)   :  0.930 0.006 0.005 0.005 0.032 0.022 
168 QAc-G-0141    (0)   :  0.832 0.045 0.019 0.021 0.026 0.057 
169 QAc-G-0142    (0)   :  0.979 0.004 0.003 0.003 0.004 0.007 
170 QAc-G-0143    (0)   :  0.938 0.011 0.016 0.007 0.006 0.022 
171 QAc-G-0144    (6)   :  0.976 0.006 0.005 0.006 0.002 0.005 
172 QAc-G-0145    (0)   :  0.003 0.004 0.983 0.003 0.003 0.004 
173 QAc-G-0146    (0)   :  0.003 0.003 0.003 0.003 0.984 0.004 
174 QAc-G-0147    (0)   :  0.107 0.581 0.010 0.005 0.279 0.019 
175 QAc-G-0148    (0)   :  0.957 0.009 0.007 0.006 0.007 0.015 
176 QAc-G-0149    (0)   :  0.003 0.003 0.004 0.003 0.983 0.005 
177 QAc-G-0150    (0)   :  0.003 0.004 0.981 0.005 0.004 0.004 
178 QAc-G-0151    (0)   :  0.003 0.003 0.004 0.003 0.982 0.005 
179 QAc-G-0152    (0)   :  0.002 0.003 0.003 0.005 0.981 0.006 
180 QAc-G-0153    (0)   :  0.015 0.039 0.017 0.002 0.915 0.013 
181 QAc-G-0154    (0)   :  0.015 0.004 0.013 0.003 0.943 0.022 
182 QAc-G-0155    (0)   :  0.003 0.003 0.003 0.003 0.983 0.005 
183 QAc-G-0158    (0)   :  0.003 0.003 0.003 0.003 0.985 0.002 
184 QAc-G-0159    (0)   :  0.960 0.007 0.007 0.004 0.014 0.008 
185 QAc-G-0160    (0)   :  0.002 0.003 0.986 0.003 0.003 0.003 
186 QAc-G-0161    (0)   :  0.002 0.002 0.987 0.003 0.002 0.003 
187 QAc-G-0162    (0)   :  0.011 0.046 0.652 0.006 0.004 0.280 
188 QAc-G-0163    (0)   :  0.026 0.006 0.910 0.003 0.003 0.052 
189 QAc-G-0164    (0)   :  0.004 0.023 0.952 0.014 0.003 0.006 
190 QAc-G-0165    (0)   :  0.004 0.006 0.970 0.003 0.010 0.007 
191 QAc-G-0166    (0)   :  0.003 0.003 0.982 0.004 0.003 0.005 
192 QAc-G-0167    (0)   :  0.003 0.004 0.978 0.004 0.004 0.005 
193 QAc-G-0168    (0)   :  0.003 0.002 0.986 0.004 0.002 0.003 
194 QAc-G-0169    (6)   :  0.471 0.020 0.492 0.005 0.005 0.008 
195 QAc-G-0170    (0)   :  0.004 0.005 0.976 0.004 0.006 0.005 
196 QAc-G-0171    (0)   :  0.003 0.004 0.983 0.004 0.003 0.004 
197 QAc-G-0172    (0)   :  0.931 0.017 0.023 0.008 0.011 0.011 
198 QAc-G-0173    (0)   :  0.003 0.003 0.982 0.006 0.002 0.003 
199 QAc-G-0174    (0)   :  0.090 0.050 0.818 0.007 0.008 0.026 
200 QAc-G-0175    (0)   :  0.003 0.003 0.984 0.004 0.002 0.004 
201 QAc-G-0176    (0)   :  0.009 0.006 0.810 0.011 0.004 0.160 
202 QAc-G-0177    (0)   :  0.003 0.003 0.983 0.005 0.003 0.004 
203 QAc-G-0178    (0)   :  0.006 0.073 0.873 0.033 0.010 0.006 
204 QAc-G-0179    (6)   :  0.003 0.003 0.985 0.003 0.003 0.004 
205 QAc-G-0180    (0)   :  0.003 0.003 0.985 0.003 0.003 0.003 
206 QAc-G-0181    (0)   :  0.004 0.006 0.976 0.002 0.003 0.009 
207 QAc-G-0182    (0)   :  0.038 0.024 0.895 0.003 0.013 0.026 
208 QAc-G-0183    (6)   :  0.005 0.005 0.978 0.006 0.004 0.003 
209 QAc-G-0184    (0)   :  0.003 0.003 0.984 0.003 0.003 0.004 
210 QAc-G-0185    (0)   :  0.008 0.020 0.944 0.007 0.010 0.011 
211 QAc-G-0186    (0)   :  0.004 0.005 0.977 0.002 0.003 0.009 
212 QAc-G-0187    (0)   :  0.006 0.035 0.908 0.033 0.005 0.013 
213 QAc-G-0188    (0)   :  0.691 0.009 0.257 0.004 0.005 0.034 
214 QAc-G-0189    (0)   :  0.003 0.003 0.985 0.005 0.002 0.003 
215 QAc-G-0190    (0)   :  0.003 0.005 0.978 0.004 0.004 0.005 
216 QAc-G-0191    (0)   :  0.003 0.003 0.981 0.004 0.004 0.004 
217 QAc-G-0192    (0)   :  0.003 0.003 0.985 0.003 0.003 0.003 
218 QAc-G-0193    (0)   :  0.003 0.005 0.977 0.004 0.005 0.006 
219 QAc-G-0194    (0)   :  0.003 0.006 0.974 0.005 0.004 0.007 
220 QAc-G-0195    (0)   :  0.005 0.008 0.876 0.094 0.004 0.012 
221 QAc-G-0196    (0)   :  0.002 0.003 0.982 0.005 0.002 0.005 
222 QAc-G-0197    (0)   :  0.003 0.002 0.987 0.003 0.003 0.003 
223 QAc-G-0198    (0)   :  0.003 0.003 0.982 0.003 0.004 0.005 
224 QAc-G-0199    (0)   :  0.011 0.056 0.888 0.011 0.009 0.025 
225 QAc-G-0200    (0)   :  0.004 0.005 0.975 0.004 0.002 0.010 
226 QAc-G-0201    (0)   :  0.003 0.004 0.983 0.004 0.002 0.004 
227 QAc-G-0202    (6)   :  0.004 0.004 0.975 0.010 0.003 0.004 
228 QAc-G-0203    (0)   :  0.007 0.003 0.969 0.014 0.003 0.005 
229 QAc-G-0204    (0)   :  0.003 0.004 0.979 0.005 0.003 0.006 
230 QAc-G-0205    (0)   :  0.002 0.003 0.004 0.987 0.002 0.002 
231 QAc-G-0206    (0)   :  0.108 0.014 0.003 0.841 0.006 0.028 
232 QAc-G-0207    (0)   :  0.005 0.009 0.006 0.968 0.005 0.006 
233 QAc-G-0208    (0)   :  0.003 0.003 0.004 0.984 0.004 0.003 
234 QAc-G-0209    (0)   :  0.003 0.004 0.007 0.980 0.002 0.003 
235 QAc-G-0210    (0)   :  0.003 0.003 0.003 0.985 0.002 0.003 
236 QAc-G-0211    (0)   :  0.004 0.003 0.002 0.984 0.004 0.003 
237 QAc-G-0212    (0)   :  0.002 0.003 0.004 0.984 0.003 0.004 
238 QAc-G-0213    (0)   :  0.003 0.004 0.005 0.979 0.003 0.006 
239 QAc-G-0214    (0)   :  0.003 0.002 0.005 0.985 0.002 0.003 
240 QAc-G-0215    (0)   :  0.003 0.004 0.004 0.983 0.003 0.003 
241 QAc-G-0216    (0)   :  0.680 0.007 0.066 0.231 0.003 0.013 
242 QAc-G-0217    (0)   :  0.007 0.009 0.005 0.963 0.011 0.005 
243 QAc-G-0218    (0)   :  0.003 0.007 0.005 0.973 0.005 0.007 
244 QAc-G-0219    (0)   :  0.024 0.009 0.010 0.910 0.022 0.024 
245 QAc-G-0220    (0)   :  0.017 0.009 0.003 0.960 0.006 0.005 
246 QAc-G-0221    (0)   :  0.006 0.039 0.008 0.921 0.013 0.013 
247 QAc-G-0222    (0)   :  0.003 0.003 0.004 0.983 0.003 0.004 
248 QAc-G-0223    (0)   :  0.004 0.007 0.003 0.976 0.005 0.005 
249 QAc-G-0224    (0)   :  0.003 0.005 0.005 0.980 0.003 0.003 
250 QAc-G-0226    (0)   :  0.003 0.003 0.004 0.983 0.003 0.004 
251 QAc-G-0227    (0)   :  0.006 0.004 0.006 0.004 0.017 0.964 
252 QAc-G-0228    (6)   :  0.005 0.005 0.005 0.006 0.003 0.975 
253 QAc-G-0229    (0)   :  0.013 0.014 0.006 0.007 0.005 0.955 
254 QAc-G-0230    (0)   :  0.010 0.005 0.007 0.019 0.003 0.956 
255 QAc-G-0231    (0)   :  0.004 0.003 0.007 0.978 0.004 0.004 
256 QAc-G-0232    (0)   :  0.005 0.010 0.002 0.003 0.011 0.969 
257 QAc-G-0233    (0)   :  0.012 0.226 0.005 0.032 0.005 0.720 
258 QAc-G-0234    (0)   :  0.005 0.010 0.017 0.005 0.005 0.957 
259 QAc-G-0235    (0)   :  0.968 0.009 0.006 0.007 0.003 0.007 
260 QAc-G-0236    (0)   :  0.004 0.004 0.006 0.005 0.010 0.971 
261 QAc-G-0237    (0)   :  0.009 0.013 0.011 0.015 0.016 0.937 
262 QAc-G-0238    (0)   :  0.004 0.004 0.005 0.007 0.004 0.975 
263 QAc-G-0239    (0)   :  0.005 0.005 0.005 0.005 0.003 0.976 
264 QAc-G-0240    (0)   :  0.006 0.005 0.004 0.003 0.006 0.976 
265 QAc-G-0241    (0)   :  0.024 0.027 0.015 0.011 0.007 0.915 
266 QAc-G-0242    (0)   :  0.005 0.013 0.004 0.009 0.011 0.959 
267 QAc-G-0243    (0)   :  0.014 0.117 0.004 0.019 0.059 0.787 
268 QAc-G-0244    (0)   :  0.013 0.005 0.006 0.007 0.004 0.963 
269 QAc-G-0245    (0)   :  0.005 0.005 0.007 0.004 0.016 0.964 
270 QAc-G-0246    (0)   :  0.007 0.006 0.007 0.005 0.007 0.970 
271 QAc-G-0247    (0)   :  0.004 0.005 0.003 0.005 0.004 0.979 
272 QAc-G-0248    (0)   :  0.005 0.004 0.003 0.003 0.003 0.982 
273 QAc-G-0249    (0)   :  0.007 0.964 0.010 0.008 0.003 0.008 
274 QAc-G-0025    (0)   :  0.003 0.003 0.004 0.984 0.003 0.004 
275 QAc-G-0028    (0)   :  0.004 0.054 0.006 0.038 0.004 0.895 
276 QAc-G-0275    (0)   :  0.004 0.004 0.011 0.974 0.002 0.005 
277 QAc-G-0263    (0)   :  0.021 0.578 0.369 0.021 0.005 0.004 
278 QAc-W-0001    (0)   :  0.012 0.006 0.003 0.005 0.029 0.945 
279 QAc-W-0002    (0)   :  0.024 0.011 0.021 0.004 0.003 0.936 
280 QAc-W-0003    (0)   :  0.027 0.008 0.027 0.042 0.011 0.884 
281 QAc-W-0004    (0)   :  0.004 0.006 0.006 0.010 0.005 0.970 
282 QAc-W-0005    (0)   :  0.006 0.014 0.009 0.005 0.013 0.953 
283 QAc-W-0006    (0)   :  0.008 0.011 0.006 0.006 0.006 0.964 
284 QAc-W-0007   (13)   :  0.004 0.007 0.004 0.005 0.006 0.974 
285 QAc-W-0008    (6)   :  0.010 0.035 0.004 0.003 0.003 0.946 
286 QAc-W-0009    (0)   :  0.075 0.023 0.010 0.006 0.008 0.879 
287 QAc-W-0010    (0)   :  0.017 0.145 0.013 0.006 0.022 0.797 
288 QAc-W-0011    (0)   :  0.018 0.007 0.048 0.007 0.025 0.896 
289 QAc-W-0012    (0)   :  0.006 0.006 0.012 0.005 0.006 0.966 
290 QAc-W-0013    (0)   :  0.025 0.005 0.007 0.104 0.004 0.854 
291 QAc-W-0014    (0)   :  0.004 0.025 0.004 0.005 0.004 0.957 
292 QAc-W-0015    (0)   :  0.017 0.033 0.026 0.030 0.004 0.891 
293 QAc-W-0016    (0)   :  0.060 0.202 0.011 0.014 0.003 0.710 
294 QAc-W-0017    (0)   :  0.112 0.436 0.068 0.027 0.013 0.343 
295 QAc-W-0018    (0)   :  0.049 0.039 0.003 0.030 0.009 0.870 
296 QAc-W-0019    (0)   :  0.007 0.012 0.006 0.006 0.006 0.963 
297 QAc-W-0020    (0)   :  0.009 0.007 0.004 0.003 0.049 0.929 
298 QAc-W-0021    (0)   :  0.081 0.082 0.012 0.301 0.013 0.511 
299 QAc-W-0022    (0)   :  0.026 0.377 0.014 0.021 0.008 0.555 
300 QAc-W-0023    (6)   :  0.145 0.090 0.003 0.035 0.082 0.645 
301 QAc-W-0024    (0)   :  0.021 0.033 0.034 0.229 0.006 0.677 
302 QAc-W-0025    (0)   :  0.005 0.005 0.005 0.004 0.004 0.977 
303 QAc-W-0026    (0)   :  0.016 0.056 0.062 0.039 0.084 0.743 
304 QAc-W-0027    (0)   :  0.009 0.010 0.007 0.004 0.004 0.967 
305 QAc-W-0028    (0)   :  0.006 0.005 0.006 0.003 0.004 0.976 
306 QAc-W-0029    (0)   :  0.011 0.004 0.004 0.007 0.009 0.966 
307 QAc-W-0030    (0)   :  0.005 0.004 0.009 0.004 0.007 0.970 
308 QAc-W-0031    (0)   :  0.008 0.005 0.004 0.058 0.003 0.922 
309 QAc-W-0032    (0)   :  0.003 0.009 0.002 0.004 0.010 0.972 
310 QAc-W-0033    (0)   :  0.011 0.035 0.005 0.013 0.023 0.914 
311 QAc-W-0034    (0)   :  0.017 0.007 0.004 0.005 0.005 0.963 
312 QAc-W-0035    (0)   :  0.012 0.063 0.030 0.025 0.005 0.865 
313 QAc-W-0036    (0)   :  0.008 0.007 0.004 0.003 0.048 0.929 
314 QAc-W-0037    (0)   :  0.005 0.006 0.014 0.009 0.011 0.955 
315 QAc-W-0038    (0)   :  0.011 0.009 0.015 0.005 0.014 0.946 
316 QAc-W-0039    (0)   :  0.008 0.007 0.013 0.010 0.024 0.937 
317 QAc-W-0040    (0)   :  0.009 0.228 0.008 0.009 0.021 0.724 
318 QAc-W-0041    (0)   :  0.042 0.015 0.011 0.062 0.005 0.865 
319 QAc-W-0042    (0)   :  0.593 0.010 0.030 0.021 0.317 0.029 
320 QAc-W-0043    (0)   :  0.906 0.006 0.039 0.010 0.010 0.029 
321 QAc-W-0044    (0)   :  0.283 0.094 0.040 0.007 0.371 0.205 
322 QAc-W-0045    (0)   :  0.950 0.006 0.007 0.007 0.018 0.011 
323 QAc-W-0046    (0)   :  0.920 0.007 0.018 0.016 0.015 0.023 
324 QAc-W-0047    (0)   :  0.887 0.017 0.016 0.004 0.038 0.038 
325 QAc-W-0048    (0)   :  0.915 0.005 0.004 0.007 0.057 0.012 
326 QAc-W-0049    (0)   :  0.894 0.005 0.005 0.008 0.081 0.007 
327 QAc-W-0050    (0)   :  0.958 0.012 0.006 0.013 0.005 0.006 
328 QAc-W-0051    (0)   :  0.928 0.008 0.013 0.012 0.020 0.019 
329 QAc-W-0052    (0)   :  0.003 0.003 0.004 0.003 0.982 0.005 
330 QAc-W-0053    (0)   :  0.965 0.009 0.004 0.003 0.009 0.010 
331 QAc-W-0054    (0)   :  0.325 0.446 0.155 0.007 0.054 0.014 
332 QAc-W-0055    (0)   :  0.316 0.072 0.526 0.072 0.006 0.008 
333 QAc-W-0056    (0)   :  0.723 0.057 0.013 0.039 0.011 0.157 
334 QAc-W-0057    (0)   :  0.868 0.026 0.027 0.057 0.011 0.011 
335 QAc-W-0058    (0)   :  0.837 0.005 0.015 0.133 0.005 0.005 
336 QAc-W-0059    (0)   :  0.978 0.004 0.004 0.003 0.006 0.005 
337 QAc-W-0060    (0)   :  0.036 0.058 0.745 0.005 0.059 0.097 
338 QAc-W-0061    (0)   :  0.040 0.148 0.782 0.009 0.003 0.017 
339 QAc-W-0062    (0)   :  0.009 0.232 0.686 0.018 0.042 0.012 
340 QAc-W-0063    (0)   :  0.045 0.323 0.483 0.028 0.082 0.039 
341 QAc-W-0064    (0)   :  0.022 0.222 0.665 0.020 0.004 0.066 
342 QAc-W-0065    (0)   :  0.068 0.335 0.537 0.014 0.005 0.042 
343 QAc-W-0066    (0)   :  0.003 0.003 0.984 0.005 0.003 0.003 
344 QAc-W-0067    (0)   :  0.003 0.003 0.984 0.004 0.003 0.003 
345 QAc-W-0068    (0)   :  0.002 0.003 0.986 0.003 0.002 0.003 
346 QAc-W-0069    (0)   :  0.002 0.003 0.984 0.004 0.003 0.004 
347 QAc-W-0070    (0)   :  0.003 0.003 0.986 0.003 0.003 0.003 
348 QAc-W-0071    (6)   :  0.007 0.032 0.947 0.005 0.004 0.005 
349 QAc-W-0072    (0)   :  0.041 0.755 0.177 0.008 0.005 0.014 
350 QAc-W-0073    (0)   :  0.479 0.058 0.425 0.011 0.010 0.017 
351 QAc-W-0074    (0)   :  0.007 0.205 0.758 0.011 0.006 0.013 
352 QAc-W-0075    (0)   :  0.016 0.030 0.934 0.007 0.003 0.009 
353 QAc-W-0076    (0)   :  0.012 0.335 0.635 0.009 0.003 0.006 
354 QAc-W-0077    (0)   :  0.105 0.043 0.818 0.003 0.010 0.020 
355 QAc-W-0078    (0)   :  0.016 0.205 0.034 0.656 0.022 0.067 
356 QAc-W-0079    (6)   :  0.008 0.010 0.024 0.939 0.006 0.012 
357 QAc-W-0080   (13)   :  0.011 0.006 0.004 0.945 0.002 0.031 
358 QAc-W-0081    (0)   :  0.004 0.005 0.003 0.972 0.008 0.007 
359 QAc-W-0082    (0)   :  0.450 0.006 0.004 0.531 0.002 0.006 
360 QAc-W-0083    (0)   :  0.011 0.043 0.032 0.877 0.018 0.020 
361 QAc-W-0084    (0)   :  0.003 0.004 0.004 0.977 0.006 0.006 
362 QAc-W-0085    (0)   :  0.003 0.004 0.005 0.982 0.004 0.003 
363 QAc-W-0086    (0)   :  0.004 0.008 0.006 0.973 0.004 0.005 
364 QAc-W-0087    (0)   :  0.008 0.011 0.007 0.964 0.003 0.007 
365 QAc-W-0088    (0)   :  0.043 0.007 0.004 0.936 0.004 0.006 
366 QAc-W-0089    (0)   :  0.004 0.004 0.006 0.976 0.003 0.007 
367 QAc-W-0090    (0)   :  0.005 0.004 0.006 0.977 0.003 0.006 
368 QAc-W-0091    (0)   :  0.010 0.015 0.006 0.949 0.014 0.006 
369 QAc-W-0092    (0)   :  0.007 0.007 0.007 0.692 0.247 0.041 
370 QAc-W-0093    (0)   :  0.054 0.051 0.003 0.768 0.009 0.115 
371 QAc-W-0094    (0)   :  0.021 0.014 0.007 0.642 0.280 0.037 
372 QAc-W-0095    (0)   :  0.009 0.009 0.005 0.905 0.051 0.021 
373 QAc-W-0096    (0)   :  0.037 0.033 0.017 0.757 0.127 0.029 
374 QAc-W-0097    (0)   :  0.158 0.008 0.009 0.724 0.008 0.094 
375 QAc-W-0098    (0)   :  0.007 0.004 0.003 0.975 0.005 0.005 
376 QAc-W-0099    (0)   :  0.036 0.117 0.004 0.806 0.013 0.023 
377 QAc-W-0100    (0)   :  0.006 0.010 0.003 0.971 0.004 0.005 
378 QAc-W-0101    (0)   :  0.004 0.011 0.032 0.942 0.003 0.007 
379 QAc-W-0104    (0)   :  0.020 0.026 0.003 0.937 0.004 0.010 
380 QAc-W-0105    (0)   :  0.003 0.004 0.005 0.968 0.011 0.008 
381 QAc-W-0106    (0)   :  0.007 0.013 0.005 0.908 0.051 0.016 
382 QAc-W-0107    (0)   :  0.004 0.004 0.006 0.979 0.004 0.004 
383 QAc-W-0108    (0)   :  0.003 0.004 0.006 0.982 0.002 0.004 
384 QAc-W-0109    (0)   :  0.013 0.005 0.020 0.944 0.007 0.012 
385 QAc-W-0110   (13)   :  0.010 0.041 0.008 0.311 0.006 0.625 
386 QAc-W-0111    (6)   :  0.005 0.004 0.005 0.971 0.006 0.009 
387 QAc-W-0112   (13)   :  0.012 0.020 0.004 0.942 0.008 0.014 
388 QAc-W-0113   (13)   :  0.007 0.968 0.004 0.005 0.004 0.011 
389 QAc-W-0114   (13)   :  0.017 0.949 0.004 0.015 0.009 0.006 
390 QAc-W-0115    (0)   :  0.004 0.972 0.005 0.006 0.005 0.009 
391 QAc-W-0116    (0)   :  0.015 0.943 0.002 0.006 0.016 0.018 
392 QAc-W-0117    (0)   :  0.007 0.977 0.004 0.003 0.003 0.006 
393 QAc-W-0118    (0)   :  0.006 0.952 0.019 0.014 0.004 0.005 
394 QAc-W-0119    (0)   :  0.006 0.969 0.007 0.004 0.008 0.007 
395 QAc-W-0120    (0)   :  0.009 0.961 0.011 0.007 0.003 0.010 
396 QAc-W-0121    (0)   :  0.013 0.944 0.028 0.003 0.003 0.008 
397 QAc-W-0122    (0)   :  0.021 0.953 0.004 0.005 0.005 0.013 
398 QAc-W-0123    (6)   :  0.020 0.928 0.012 0.018 0.011 0.010 
399 QAc-W-0124    (0)   :  0.006 0.875 0.027 0.034 0.011 0.047 
400 QAc-W-0125    (0)   :  0.006 0.961 0.007 0.011 0.009 0.005 
401 QAc-W-0126   (13)   :  0.012 0.948 0.006 0.015 0.010 0.008 
402 QAc-W-0127    (6)   :  0.005 0.975 0.004 0.003 0.004 0.007 
403 QAc-W-0128   (13)   :  0.011 0.931 0.012 0.032 0.003 0.011 
404 QAc-W-0129   (13)   :  0.023 0.899 0.007 0.005 0.005 0.059 
405 QAc-W-0130   (13)   :  0.008 0.956 0.006 0.008 0.003 0.021 
406 QAc-W-0131    (0)   :  0.007 0.934 0.005 0.005 0.044 0.005 
407 QAc-W-0132    (6)   :  0.006 0.884 0.050 0.013 0.021 0.027 
408 QAc-W-0133    (6)   :  0.014 0.706 0.187 0.079 0.007 0.007 
409 QAc-W-0134    (0)   :  0.005 0.977 0.004 0.004 0.005 0.004 
410 QAc-W-0135    (0)   :  0.006 0.919 0.013 0.005 0.003 0.052 
411 QAc-W-0136    (0)   :  0.003 0.973 0.003 0.003 0.011 0.006 
412 QAc-W-0137    (0)   :  0.004 0.980 0.004 0.003 0.005 0.005 
413 QAc-W-0138    (0)   :  0.003 0.979 0.004 0.003 0.005 0.006 
414 QAc-W-0139    (0)   :  0.009 0.861 0.020 0.051 0.010 0.049 
415 QAc-W-0140    (0)   :  0.057 0.885 0.005 0.006 0.003 0.044 
416 QAc-W-0141    (6)   :  0.013 0.910 0.015 0.006 0.004 0.051 
417 QAc-W-0142    (0)   :  0.005 0.979 0.006 0.004 0.003 0.004 
418 QAc-W-0143    (0)   :  0.007 0.973 0.003 0.007 0.004 0.005 
419 QAc-W-0144    (0)   :  0.059 0.918 0.003 0.005 0.008 0.008 
420 QAc-W-0145    (0)   :  0.006 0.980 0.004 0.003 0.003 0.004 
421 QAc-W-0146    (0)   :  0.004 0.962 0.004 0.006 0.005 0.019 
422 QAc-W-0147    (0)   :  0.003 0.981 0.003 0.005 0.003 0.004 
423 QAc-W-0148    (0)   :  0.004 0.975 0.004 0.003 0.007 0.008 
424 QAc-W-0149    (0)   :  0.021 0.946 0.004 0.009 0.011 0.010 
425 QAc-W-0150    (0)   :  0.007 0.901 0.006 0.015 0.012 0.060 
426 QAc-W-0151    (0)   :  0.006 0.963 0.005 0.006 0.007 0.014 
427 QAc-W-0152    (0)   :  0.005 0.977 0.005 0.004 0.003 0.006 
428 QAc-W-0153    (0)   :  0.303 0.270 0.013 0.093 0.006 0.315 
429 QAc-W-0154    (0)   :  0.007 0.963 0.004 0.004 0.003 0.020 
430 QAc-W-0155    (0)   :  0.004 0.981 0.004 0.003 0.003 0.006 
431 QAc-W-0156    (0)   :  0.005 0.850 0.004 0.081 0.014 0.045 
432 QAc-W-0157    (0)   :  0.014 0.933 0.010 0.003 0.027 0.013 
433 QAc-W-0158    (0)   :  0.004 0.899 0.018 0.029 0.005 0.045 
434 QAc-W-0159    (0)   :  0.007 0.965 0.006 0.005 0.008 0.009 
435 QAc-W-0160    (0)   :  0.005 0.956 0.004 0.005 0.005 0.025 
436 QAc-W-0161    (0)   :  0.008 0.840 0.004 0.004 0.094 0.050 
437 QAc-W-0162    (0)   :  0.020 0.919 0.028 0.003 0.027 0.003 
438 QAc-W-0163    (0)   :  0.030 0.949 0.004 0.004 0.006 0.007 
439 QAc-W-0164    (0)   :  0.005 0.974 0.006 0.004 0.006 0.004 
440 QAc-W-0165    (0)   :  0.008 0.951 0.024 0.003 0.010 0.005 
441 QAc-W-0166    (0)   :  0.005 0.960 0.005 0.004 0.006 0.020 


Estimated Allele Frequencies in each cluster
First column gives estimated ancestral frequencies


Locus 1 : 
21 alleles
0.5% missing data
 210   (0.111) 0.236 0.156 0.002 0.212 0.003 0.044 
 212   (0.102) 0.059 0.095 0.208 0.224 0.003 0.190 
 202   (0.051) 0.016 0.011 0.001 0.139 0.332 0.053 
 226   (0.049) 0.029 0.005 0.182 0.111 0.212 0.001 
 216   (0.071) 0.045 0.094 0.001 0.093 0.324 0.008 
 200   (0.213) 0.244 0.205 0.379 0.127 0.110 0.505 
 224   (0.033) 0.008 0.004 0.145 0.001 0.001 0.084 
 218   (0.044) 0.007 0.138 0.000 0.057 0.001 0.029 
 222   (0.025) 0.008 0.169 0.000 0.001 0.003 0.002 
 228   (0.016) 0.002 0.002 0.063 0.000 0.000 0.000 
 214   (0.058) 0.141 0.064 0.016 0.001 0.003 0.002 
 208   (0.049) 0.048 0.003 0.001 0.031 0.002 0.071 
 220   (0.025) 0.009 0.015 0.000 0.000 0.001 0.002 
 206   (0.039) 0.057 0.021 0.001 0.001 0.001 0.003 
 196   (0.013) 0.005 0.004 0.000 0.000 0.000 0.000 
 238   (0.015) 0.003 0.007 0.000 0.000 0.000 0.000 
 121   (0.015) 0.002 0.001 0.000 0.000 0.002 0.005 
 204   (0.022) 0.022 0.001 0.000 0.000 0.001 0.001 
 190   (0.014) 0.008 0.002 0.000 0.000 0.000 0.000 
 198   (0.017) 0.009 0.001 0.000 0.000 0.000 0.000 
 232   (0.018) 0.042 0.001 0.000 0.000 0.000 0.000 

Locus 2 : 
15 alleles
1.6% missing data
 171   (0.211) 0.435 0.068 0.002 0.149 0.401 0.338 
 175   (0.103) 0.068 0.022 0.122 0.244 0.132 0.036 
 185   (0.053) 0.013 0.206 0.001 0.145 0.001 0.009 
 181   (0.092) 0.084 0.007 0.344 0.348 0.004 0.105 
 179   (0.066) 0.019 0.271 0.108 0.001 0.332 0.005 
 173   (0.182) 0.134 0.188 0.328 0.064 0.108 0.334 
 177   (0.042) 0.012 0.066 0.092 0.001 0.009 0.001 
 183   (0.067) 0.107 0.089 0.001 0.020 0.002 0.003 
 187   (0.063) 0.079 0.047 0.001 0.001 0.002 0.070 
 189   (0.034) 0.005 0.023 0.000 0.001 0.001 0.096 
 191   (0.027) 0.017 0.002 0.000 0.026 0.006 0.001 
 163   (0.016) 0.008 0.002 0.000 0.000 0.000 0.000 
 165   (0.015) 0.008 0.002 0.000 0.000 0.000 0.000 
 193   (0.016) 0.009 0.001 0.000 0.000 0.000 0.001 
 169   (0.014) 0.002 0.007 0.000 0.000 0.000 0.000 

Locus 3 : 
7 alleles
2.5% missing data
 206   (0.811) 0.890 0.940 0.983 0.981 0.985 0.923 
 208   (0.061) 0.045 0.028 0.001 0.001 0.002 0.071 
 198   (0.015) 0.002 0.001 0.000 0.006 0.000 0.000 
 204   (0.056) 0.031 0.022 0.015 0.011 0.012 0.002 
 218   (0.021) 0.015 0.002 0.000 0.000 0.001 0.001 
 230   (0.017) 0.009 0.001 0.000 0.000 0.000 0.000 
 212   (0.019) 0.008 0.006 0.000 0.001 0.000 0.003 

Locus 4 : 
15 alleles
3.6% missing data
 165   (0.098) 0.056 0.020 0.087 0.607 0.003 0.128 
 173   (0.035) 0.034 0.002 0.000 0.326 0.001 0.001 
 163   (0.159) 0.256 0.312 0.006 0.006 0.005 0.107 
 167   (0.138) 0.096 0.149 0.002 0.019 0.532 0.191 
 161   (0.300) 0.357 0.425 0.885 0.012 0.451 0.514 
 153   (0.017) 0.003 0.001 0.000 0.000 0.000 0.011 
 171   (0.043) 0.057 0.020 0.000 0.005 0.002 0.002 
 179   (0.015) 0.007 0.001 0.000 0.000 0.000 0.002 
 157   (0.035) 0.032 0.003 0.001 0.001 0.001 0.035 
 149   (0.018) 0.009 0.001 0.000 0.000 0.000 0.001 
 177   (0.041) 0.018 0.024 0.001 0.017 0.001 0.003 
 155   (0.025) 0.009 0.006 0.000 0.001 0.001 0.004 
 175   (0.020) 0.016 0.001 0.000 0.000 0.000 0.001 
 169   (0.029) 0.046 0.002 0.000 0.004 0.001 0.001 
 159   (0.027) 0.004 0.033 0.017 0.001 0.001 0.001 

Locus 5 : 
16 alleles
0.0% missing data
 148   (0.103) 0.053 0.086 0.374 0.396 0.003 0.128 
 160   (0.042) 0.025 0.003 0.000 0.079 0.040 0.003 
 146   (0.096) 0.104 0.015 0.343 0.286 0.018 0.045 
 154   (0.044) 0.018 0.212 0.022 0.002 0.002 0.004 
 150   (0.052) 0.107 0.004 0.008 0.001 0.002 0.064 
 138   (0.101) 0.044 0.254 0.004 0.095 0.177 0.078 
 166   (0.051) 0.116 0.003 0.001 0.001 0.323 0.012 
 164   (0.026) 0.007 0.006 0.000 0.000 0.058 0.001 
 142   (0.031) 0.036 0.015 0.001 0.001 0.001 0.001 
 144   (0.177) 0.277 0.137 0.206 0.013 0.080 0.264 
 140   (0.064) 0.023 0.146 0.001 0.001 0.286 0.188 
 158   (0.060) 0.050 0.022 0.001 0.047 0.004 0.021 
 162   (0.029) 0.022 0.002 0.000 0.066 0.001 0.002 
 152   (0.080) 0.065 0.092 0.039 0.002 0.002 0.189 
 134   (0.020) 0.035 0.001 0.000 0.000 0.000 0.001 
 156   (0.024) 0.018 0.001 0.000 0.009 0.002 0.001 

Locus 6 : 
12 alleles
0.0% missing data
 225   (0.045) 0.008 0.029 0.197 0.110 0.001 0.002 
 239   (0.122) 0.087 0.031 0.488 0.033 0.208 0.077 
 229   (0.023) 0.004 0.001 0.000 0.333 0.001 0.005 
 235   (0.221) 0.162 0.407 0.263 0.404 0.008 0.307 
 237   (0.180) 0.221 0.240 0.035 0.007 0.017 0.282 
 233   (0.115) 0.078 0.023 0.012 0.043 0.295 0.258 
 227   (0.064) 0.288 0.003 0.001 0.001 0.315 0.002 
 245   (0.062) 0.054 0.081 0.001 0.001 0.003 0.027 
 241   (0.069) 0.040 0.066 0.002 0.067 0.151 0.002 
 231   (0.042) 0.036 0.077 0.000 0.001 0.001 0.001 
 243   (0.041) 0.015 0.039 0.000 0.001 0.001 0.035 
 251   (0.016) 0.008 0.002 0.000 0.000 0.000 0.000 

Locus 7 : 
7 alleles
0.0% missing data
 118   (0.821) 0.888 0.989 0.982 0.962 0.620 0.865 
 124   (0.047) 0.017 0.003 0.001 0.001 0.376 0.122 
 116   (0.026) 0.054 0.002 0.001 0.001 0.001 0.001 
 114   (0.048) 0.020 0.003 0.005 0.024 0.002 0.010 
 122   (0.017) 0.009 0.001 0.000 0.000 0.000 0.000 
 112   (0.025) 0.010 0.001 0.000 0.012 0.001 0.001 
 120   (0.017) 0.002 0.001 0.012 0.000 0.000 0.000 

Locus 8 : 
5 alleles
0.5% missing data
 135   (0.062) 0.018 0.035 0.005 0.017 0.002 0.107 
 139   (0.677) 0.731 0.674 0.963 0.901 0.926 0.792 
 137   (0.210) 0.233 0.198 0.031 0.080 0.071 0.100 
 143   (0.028) 0.012 0.061 0.000 0.000 0.001 0.001 
 141   (0.024) 0.006 0.032 0.000 0.001 0.001 0.001 

Locus 9 : 
15 alleles
1.6% missing data
 116   (0.167) 0.088 0.364 0.179 0.374 0.007 0.474 
 112   (0.108) 0.055 0.178 0.069 0.077 0.003 0.047 
 118   (0.117) 0.084 0.149 0.002 0.513 0.094 0.030 
 122   (0.093) 0.262 0.009 0.547 0.002 0.476 0.004 
 114   (0.179) 0.201 0.223 0.134 0.024 0.006 0.260 
 120   (0.069) 0.049 0.024 0.001 0.001 0.188 0.082 
 130   (0.050) 0.039 0.003 0.001 0.001 0.132 0.080 
 124   (0.053) 0.063 0.036 0.066 0.001 0.001 0.002 
 110   (0.018) 0.008 0.002 0.000 0.000 0.000 0.001 
 134   (0.017) 0.008 0.002 0.000 0.000 0.000 0.001 
 128   (0.037) 0.024 0.002 0.000 0.001 0.089 0.009 
 126   (0.044) 0.092 0.005 0.001 0.001 0.002 0.010 
 108   (0.019) 0.016 0.001 0.000 0.000 0.000 0.001 
 106   (0.013) 0.008 0.001 0.001 0.000 0.000 0.000 
 138   (0.017) 0.003 0.001 0.000 0.005 0.001 0.001 

Locus 10 : 
8 alleles
0.0% missing data
 232   (0.727) 0.586 0.864 0.997 0.974 0.992 0.926 
 238   (0.135) 0.329 0.128 0.001 0.002 0.004 0.031 
 220   (0.020) 0.003 0.001 0.000 0.000 0.000 0.030 
 226   (0.018) 0.003 0.001 0.000 0.011 0.001 0.001 
 234   (0.029) 0.017 0.002 0.000 0.000 0.001 0.011 
 240   (0.019) 0.016 0.001 0.000 0.000 0.000 0.001 
 236   (0.021) 0.022 0.001 0.001 0.000 0.001 0.001 
 244   (0.031) 0.025 0.002 0.000 0.011 0.001 0.001 

Locus 11 : 
8 alleles
0.0% missing data
 165   (0.718) 0.728 0.883 0.765 0.868 0.942 0.812 
 167   (0.113) 0.108 0.089 0.232 0.124 0.003 0.008 
 161   (0.088) 0.134 0.009 0.001 0.006 0.053 0.176 
 153   (0.015) 0.004 0.002 0.000 0.002 0.000 0.002 
 169   (0.016) 0.007 0.001 0.001 0.000 0.001 0.000 
 155   (0.017) 0.008 0.002 0.000 0.000 0.000 0.000 
 173   (0.017) 0.009 0.001 0.000 0.000 0.000 0.000 
 163   (0.016) 0.002 0.015 0.000 0.000 0.000 0.000 

Locus 12 : 
9 alleles
0.0% missing data
 137   (0.468) 0.509 0.786 0.438 0.294 0.853 0.326 
 140   (0.145) 0.071 0.086 0.010 0.354 0.074 0.422 
 134   (0.270) 0.362 0.094 0.551 0.347 0.070 0.243 
 149   (0.017) 0.005 0.004 0.000 0.000 0.000 0.000 
 131   (0.018) 0.006 0.001 0.000 0.002 0.000 0.001 
 143   (0.022) 0.029 0.001 0.000 0.000 0.001 0.001 
 128   (0.018) 0.009 0.001 0.000 0.000 0.000 0.001 
 125   (0.026) 0.004 0.023 0.000 0.000 0.001 0.005 
 146   (0.017) 0.005 0.003 0.000 0.000 0.000 0.002 

Locus 13 : 
20 alleles
0.2% missing data
 206   (0.109) 0.047 0.192 0.029 0.423 0.258 0.135 
 210   (0.073) 0.019 0.040 0.355 0.273 0.002 0.151 
 190   (0.043) 0.019 0.140 0.000 0.001 0.001 0.050 
 202   (0.116) 0.207 0.042 0.002 0.065 0.440 0.053 
 214   (0.033) 0.013 0.003 0.171 0.001 0.001 0.033 
 212   (0.034) 0.005 0.213 0.135 0.001 0.001 0.002 
 192   (0.078) 0.049 0.029 0.001 0.025 0.265 0.244 
 204   (0.058) 0.056 0.038 0.005 0.001 0.011 0.022 
 184   (0.062) 0.025 0.092 0.003 0.085 0.002 0.057 
 216   (0.018) 0.003 0.001 0.001 0.000 0.000 0.118 
 208   (0.043) 0.007 0.053 0.022 0.001 0.001 0.090 
 200   (0.088) 0.214 0.040 0.002 0.089 0.008 0.017 
 198   (0.033) 0.036 0.042 0.000 0.001 0.001 0.001 
 194   (0.098) 0.208 0.040 0.190 0.033 0.005 0.008 
 186   (0.024) 0.014 0.001 0.083 0.000 0.001 0.001 
 188   (0.019) 0.027 0.001 0.000 0.000 0.001 0.001 
 196   (0.030) 0.029 0.029 0.000 0.001 0.001 0.001 
 220   (0.012) 0.006 0.002 0.000 0.000 0.001 0.000 
 180   (0.013) 0.015 0.001 0.000 0.000 0.000 0.000 
 182   (0.017) 0.002 0.001 0.000 0.000 0.000 0.015 

Locus 14 : 
8 alleles
1.6% missing data
 139   (0.094) 0.046 0.010 0.135 0.202 0.056 0.113 
 145   (0.077) 0.026 0.145 0.010 0.112 0.002 0.027 
 151   (0.343) 0.344 0.409 0.452 0.568 0.377 0.276 
 157   (0.282) 0.254 0.292 0.134 0.093 0.554 0.548 
 154   (0.088) 0.067 0.118 0.267 0.002 0.002 0.031 
 163   (0.044) 0.074 0.004 0.001 0.022 0.006 0.002 
 142   (0.035) 0.035 0.017 0.000 0.001 0.001 0.001 
 160   (0.036) 0.153 0.004 0.000 0.001 0.001 0.001 

Locus 15 : 
14 alleles
1.1% missing data
