

----------------------------------------------------
STRUCTURE by Pritchard, Stephens and Donnelly (2000)
     and Falush, Stephens and Pritchard (2003)
       Code by Pritchard, Falush and Hubisz
             Version 2.3.4 (Jul 2012)
----------------------------------------------------



Command line arguments:   bin\structure -m C:\Users\eschumacher\Documents\GitHub\GCC_QUAC_ZAIN\Data_Files\Structure_Files\QUAC\QUAC_woK_nopopinfo_garden_wild\QUAC_woK_nopopinfo_garden_wild\50-50\mainparams -e C:\Users\eschumacher\Documents\GitHub\GCC_QUAC_ZAIN\Data_Files\Structure_Files\QUAC\QUAC_woK_nopopinfo_garden_wild\QUAC_woK_nopopinfo_garden_wild\50-50\extraparams 
Input File:    C:\Users\eschumacher\Documents\GitHub\GCC_QUAC_ZAIN\Data_Files\Structure_Files\QUAC\QUAC_woK_nopopinfo_garden_wild\QUAC_woK_nopopinfo_garden_wild\project_data

Run parameters:
   441 individuals
   15 loci
   4 populations assumed
   50000 Burn-in period
   50000 Reps


--------------------------------------------
Overall proportion of membership of the
sample in each of the 4 clusters

Inferred Clusters
  1      2      3      4    
0.240  0.198  0.357  0.204  

--------------------------------------------

Allele-freq. divergence among pops (Net nucleotide distance),
computed using point estimates of P.

      1       2       3       4      
 1      -    0.0893  0.0355  0.0916  
 2   0.0893     -    0.0793  0.1157  
 3   0.0355  0.0793     -    0.0866  
 4   0.0916  0.1157  0.0866     -    

Average distances (expected heterozygosity) between individuals in same cluster:
cluster  1  : 0.5696 
cluster  2  : 0.4607 
cluster  3  : 0.6351 
cluster  4  : 0.5036 

--------------------------------------------
Estimated Ln Prob of Data   = -16695.7
Mean value of ln likelihood = -16462.0
Variance of ln likelihood   = 467.4
Mean value of alpha         = 0.0401

Mean value of Fst_1         = 0.1328
Mean value of Fst_2         = 0.3303
Mean value of Fst_3         = 0.0255
Mean value of Fst_4         = 0.2463


Inferred ancestry of individuals:
        Label (%Miss) :  Inferred clusters
  1 QAc-G-0029    (0)   :  0.019 0.013 0.005 0.963 
  2 QAc-G-0030    (0)   :  0.003 0.004 0.003 0.990 
  3 QAc-G-0031    (0)   :  0.003 0.005 0.004 0.988 
  4 QAc-G-0061    (0)   :  0.007 0.004 0.004 0.985 
  5 QAc-G-0062    (0)   :  0.006 0.106 0.880 0.008 
  6 QAc-G-0063    (0)   :  0.124 0.853 0.017 0.007 
  7 QAc-G-0064    (0)   :  0.034 0.008 0.954 0.004 
  8 QAc-G-0065    (0)   :  0.015 0.004 0.972 0.010 
  9 QAc-G-0066    (0)   :  0.004 0.985 0.003 0.007 
 10 QAc-G-0067    (0)   :  0.010 0.006 0.965 0.019 
 11 QAc-G-0068    (0)   :  0.004 0.531 0.460 0.005 
 12 QAc-G-0070    (0)   :  0.042 0.859 0.091 0.009 
 13 QAc-G-0071   (13)   :  0.004 0.986 0.003 0.006 
 14 QAc-G-0072    (0)   :  0.006 0.986 0.004 0.005 
 15 QAc-G-0073    (0)   :  0.986 0.004 0.004 0.006 
 16 QAc-G-0074    (0)   :  0.792 0.183 0.020 0.005 
 17 QAc-G-0075    (0)   :  0.974 0.009 0.008 0.009 
 18 QAc-G-0076    (0)   :  0.971 0.010 0.009 0.010 
 19 QAc-G-0077    (0)   :  0.007 0.009 0.004 0.980 
 20 QAc-G-0078    (0)   :  0.003 0.004 0.003 0.990 
 21 QAc-G-0079    (0)   :  0.004 0.005 0.004 0.986 
 22 QAc-G-0080    (0)   :  0.174 0.014 0.051 0.760 
 23 QAc-G-0081    (0)   :  0.100 0.014 0.874 0.012 
 24 QAc-G-0082    (0)   :  0.223 0.005 0.757 0.015 
 25 QAc-G-0083    (0)   :  0.178 0.509 0.216 0.097 
 26 QAc-G-0001   (13)   :  0.004 0.006 0.003 0.987 
 27 QAc-G-0002    (0)   :  0.003 0.004 0.003 0.990 
 28 QAc-G-0285    (0)   :  0.012 0.960 0.016 0.013 
 29 QAc-G-0286    (0)   :  0.004 0.989 0.003 0.004 
 30 QAc-G-0287    (0)   :  0.004 0.990 0.003 0.003 
 31 QAc-G-0288    (6)   :  0.009 0.969 0.007 0.016 
 32 QAc-G-0289    (0)   :  0.004 0.988 0.004 0.005 
 33 QAc-G-0290    (0)   :  0.005 0.986 0.004 0.004 
 34 QAc-G-0291    (0)   :  0.003 0.987 0.003 0.006 
 35 QAc-G-0292    (0)   :  0.011 0.875 0.111 0.004 
 36 QAc-G-0293    (0)   :  0.003 0.986 0.003 0.008 
 37 QAc-G-0294    (0)   :  0.976 0.004 0.012 0.008 
 38 QAc-G-0295    (0)   :  0.969 0.015 0.006 0.010 
 39 QAc-G-0296    (0)   :  0.984 0.006 0.005 0.004 
 40 QAc-G-0297    (0)   :  0.613 0.003 0.375 0.009 
 41 QAc-G-0298    (6)   :  0.985 0.004 0.005 0.006 
 42 QAc-G-0299    (0)   :  0.979 0.009 0.007 0.005 
 43 QAc-G-0300    (0)   :  0.983 0.004 0.010 0.003 
 44 QAc-G-0301    (0)   :  0.972 0.012 0.009 0.007 
 45 QAc-G-0302    (0)   :  0.019 0.006 0.971 0.005 
 46 QAc-G-0303    (0)   :  0.005 0.006 0.985 0.004 
 47 QAc-G-0304    (0)   :  0.004 0.989 0.003 0.004 
 48 QAc-G-0305    (0)   :  0.007 0.804 0.076 0.113 
 49 QAc-G-0306    (0)   :  0.003 0.989 0.003 0.005 
 50 QAc-G-0307    (0)   :  0.013 0.018 0.064 0.905 
 51 QAc-G-0308    (0)   :  0.013 0.017 0.007 0.962 
 52 QAc-G-0309    (0)   :  0.006 0.005 0.005 0.984 
 53 QAc-G-0310    (0)   :  0.005 0.004 0.004 0.987 
 54 QAc-G-0311    (0)   :  0.003 0.003 0.003 0.991 
 55 QAc-G-0312    (0)   :  0.157 0.008 0.299 0.537 
 56 QAc-G-0313    (0)   :  0.030 0.043 0.902 0.025 
 57 QAc-G-0314    (0)   :  0.240 0.006 0.740 0.014 
 58 QAc-G-0315    (0)   :  0.021 0.018 0.954 0.007 
 59 QAc-G-0316    (0)   :  0.011 0.017 0.896 0.075 
 60 QAc-G-0032    (6)   :  0.010 0.007 0.975 0.007 
 61 QAc-G-0033    (0)   :  0.983 0.005 0.006 0.007 
 62 QAc-G-0034    (0)   :  0.952 0.005 0.012 0.031 
 63 QAc-G-0035    (0)   :  0.981 0.007 0.007 0.005 
 64 QAc-G-0036    (0)   :  0.962 0.023 0.008 0.006 
 65 QAc-G-0037    (0)   :  0.968 0.015 0.004 0.013 
 66 QAc-G-0038    (0)   :  0.990 0.004 0.004 0.002 
 67 QAc-G-0039    (0)   :  0.954 0.006 0.015 0.026 
 68 QAc-G-0040    (0)   :  0.914 0.052 0.027 0.007 
 69 QAc-G-0041    (0)   :  0.977 0.007 0.013 0.004 
 70 QAc-G-0042    (0)   :  0.983 0.008 0.006 0.004 
 71 QAc-G-0043    (0)   :  0.982 0.006 0.004 0.008 
 72 QAc-G-0044    (0)   :  0.974 0.009 0.013 0.004 
 73 QAc-G-0045    (0)   :  0.956 0.008 0.007 0.029 
 74 QAc-G-0046    (0)   :  0.961 0.003 0.008 0.028 
 75 QAc-G-0047    (0)   :  0.946 0.006 0.014 0.034 
 76 QAc-G-0048    (0)   :  0.986 0.004 0.006 0.003 
 77 QAc-G-0049    (0)   :  0.003 0.005 0.003 0.988 
 78 QAc-G-0050    (0)   :  0.005 0.059 0.803 0.132 
 79 QAc-G-0051    (0)   :  0.003 0.005 0.003 0.989 
 80 QAc-G-0052    (0)   :  0.011 0.004 0.012 0.973 
 81 QAc-G-0053    (0)   :  0.017 0.010 0.004 0.970 
 82 QAc-G-0054    (0)   :  0.024 0.006 0.557 0.413 
 83 QAc-G-0055    (0)   :  0.023 0.006 0.355 0.617 
 84 QAc-G-0056    (0)   :  0.018 0.025 0.911 0.046 
 85 QAc-G-0057    (0)   :  0.004 0.004 0.003 0.988 
 86 QAc-G-0058    (6)   :  0.004 0.004 0.004 0.989 
 87 QAc-G-0059    (0)   :  0.126 0.003 0.179 0.692 
 88 QAc-G-0060    (6)   :  0.014 0.013 0.011 0.962 
 89 QAc-G-0276    (0)   :  0.028 0.943 0.007 0.023 
 90 QAc-G-0279    (0)   :  0.004 0.985 0.003 0.007 
 91 QAc-G-0280    (6)   :  0.009 0.981 0.005 0.005 
 92 QAc-G-0281    (0)   :  0.004 0.007 0.004 0.984 
 93 QAc-G-0018    (0)   :  0.931 0.007 0.024 0.038 
 94 QAc-G-0019    (0)   :  0.973 0.013 0.009 0.005 
 95 QAc-G-0020    (0)   :  0.983 0.003 0.008 0.006 
 96 QAc-G-0021    (6)   :  0.982 0.004 0.005 0.009 
 97 QAc-G-0022    (6)   :  0.882 0.009 0.085 0.024 
 98 QAc-G-0023    (0)   :  0.004 0.005 0.003 0.988 
 99 QAc-G-0024    (0)   :  0.007 0.003 0.004 0.985 
100 QAc-G-0016    (0)   :  0.018 0.017 0.715 0.250 
101 QAc-G-0017    (0)   :  0.008 0.009 0.980 0.004 
102 QAc-G-0250    (0)   :  0.065 0.552 0.350 0.033 
103 QAc-G-0003    (6)   :  0.006 0.985 0.005 0.005 
104 QAc-G-0004    (0)   :  0.040 0.004 0.947 0.009 
105 QAc-G-0005    (0)   :  0.010 0.006 0.977 0.007 
106 QAc-G-0006    (6)   :  0.015 0.006 0.974 0.006 
107 QAc-G-0283    (0)   :  0.011 0.008 0.976 0.005 
108 QAc-G-0265    (0)   :  0.326 0.047 0.162 0.465 
109 QAc-G-0266    (0)   :  0.003 0.006 0.003 0.988 
110 QAc-G-0267    (0)   :  0.616 0.158 0.212 0.014 
111 QAc-G-0268   (20)   :  0.012 0.570 0.405 0.013 
112 QAc-G-0269    (0)   :  0.005 0.986 0.003 0.006 
113 QAc-G-0270    (6)   :  0.983 0.007 0.006 0.005 
114 QAc-G-0271    (0)   :  0.931 0.005 0.061 0.004 
115 QAc-G-0272    (6)   :  0.966 0.020 0.006 0.008 
116 QAc-G-0273    (0)   :  0.005 0.005 0.006 0.984 
117 QAc-G-0274    (0)   :  0.048 0.004 0.943 0.004 
118 QAc-G-0251    (6)   :  0.972 0.005 0.017 0.006 
119 QAc-G-0252    (0)   :  0.973 0.006 0.016 0.005 
120 QAc-G-0253    (0)   :  0.005 0.005 0.004 0.985 
121 QAc-G-0254    (0)   :  0.003 0.003 0.003 0.991 
122 QAc-G-0255    (0)   :  0.014 0.004 0.977 0.005 
123 QAc-G-0256    (0)   :  0.010 0.022 0.959 0.009 
124 QAc-G-0257    (0)   :  0.005 0.003 0.986 0.005 
125 QAc-G-0258    (0)   :  0.007 0.004 0.986 0.003 
126 QAc-G-0259    (0)   :  0.016 0.003 0.978 0.003 
127 QAc-G-0260    (0)   :  0.014 0.032 0.946 0.009 
128 QAc-G-0261    (0)   :  0.009 0.006 0.979 0.006 
129 QAc-G-0262    (0)   :  0.006 0.011 0.974 0.009 
130 QAc-G-0010    (0)   :  0.039 0.928 0.014 0.019 
131 QAc-G-0011    (0)   :  0.017 0.007 0.969 0.008 
132 QAc-G-0015    (0)   :  0.026 0.008 0.071 0.895 
133 QAc-G-0106    (0)   :  0.006 0.003 0.987 0.004 
134 QAc-G-0107    (0)   :  0.006 0.010 0.976 0.008 
135 QAc-G-0108    (0)   :  0.014 0.006 0.976 0.003 
136 QAc-G-0109    (0)   :  0.009 0.006 0.978 0.007 
137 QAc-G-0110    (0)   :  0.105 0.057 0.831 0.008 
138 QAc-G-0111    (0)   :  0.011 0.015 0.968 0.006 
139 QAc-G-0112    (0)   :  0.007 0.038 0.944 0.012 
140 QAc-G-0113    (0)   :  0.008 0.012 0.966 0.014 
141 QAc-G-0114    (0)   :  0.068 0.020 0.900 0.012 
142 QAc-G-0115    (0)   :  0.005 0.005 0.986 0.004 
143 QAc-G-0116    (0)   :  0.006 0.013 0.973 0.007 
144 QAc-G-0117    (0)   :  0.140 0.010 0.836 0.014 
145 QAc-G-0118    (0)   :  0.013 0.004 0.980 0.003 
146 QAc-G-0119    (0)   :  0.013 0.003 0.976 0.008 
147 QAc-G-0120    (0)   :  0.017 0.006 0.969 0.007 
148 QAc-G-0121    (0)   :  0.023 0.005 0.968 0.004 
149 QAc-G-0122    (0)   :  0.011 0.040 0.944 0.005 
150 QAc-G-0123    (0)   :  0.058 0.003 0.935 0.004 
151 QAc-G-0124    (6)   :  0.031 0.005 0.957 0.007 
152 QAc-G-0125    (0)   :  0.012 0.037 0.913 0.038 
153 QAc-G-0126    (0)   :  0.011 0.006 0.965 0.018 
154 QAc-G-0127    (0)   :  0.013 0.005 0.976 0.006 
155 QAc-G-0128    (0)   :  0.021 0.024 0.946 0.009 
156 QAc-G-0129    (0)   :  0.022 0.007 0.966 0.004 
157 QAc-G-0130    (0)   :  0.007 0.004 0.986 0.003 
158 QAc-G-0131    (0)   :  0.019 0.006 0.969 0.006 
159 QAc-G-0132    (0)   :  0.016 0.011 0.966 0.008 
160 QAc-G-0133    (0)   :  0.062 0.010 0.922 0.006 
161 QAc-G-0134    (0)   :  0.018 0.008 0.965 0.009 
162 QAc-G-0135    (0)   :  0.013 0.007 0.967 0.013 
163 QAc-G-0136    (0)   :  0.007 0.011 0.975 0.007 
164 QAc-G-0137    (0)   :  0.017 0.007 0.971 0.004 
165 QAc-G-0138    (0)   :  0.003 0.005 0.984 0.008 
166 QAc-G-0139    (0)   :  0.011 0.004 0.982 0.003 
167 QAc-G-0140    (6)   :  0.023 0.010 0.959 0.008 
168 QAc-G-0141    (0)   :  0.043 0.025 0.896 0.036 
169 QAc-G-0142    (0)   :  0.017 0.004 0.975 0.004 
170 QAc-G-0143    (0)   :  0.067 0.013 0.907 0.013 
171 QAc-G-0144    (6)   :  0.009 0.007 0.974 0.011 
172 QAc-G-0145    (0)   :  0.005 0.988 0.004 0.004 
173 QAc-G-0146    (0)   :  0.063 0.009 0.921 0.006 
174 QAc-G-0147    (0)   :  0.018 0.009 0.968 0.005 
175 QAc-G-0148    (0)   :  0.017 0.008 0.968 0.007 
176 QAc-G-0149    (0)   :  0.017 0.005 0.975 0.004 
177 QAc-G-0150    (0)   :  0.004 0.987 0.003 0.005 
178 QAc-G-0151    (0)   :  0.019 0.009 0.967 0.005 
179 QAc-G-0152    (0)   :  0.077 0.006 0.905 0.012 
180 QAc-G-0153    (0)   :  0.016 0.008 0.973 0.003 
181 QAc-G-0154    (0)   :  0.060 0.012 0.923 0.004 
182 QAc-G-0155    (0)   :  0.122 0.008 0.866 0.004 
183 QAc-G-0158    (0)   :  0.006 0.007 0.980 0.007 
184 QAc-G-0159    (0)   :  0.008 0.012 0.974 0.006 
185 QAc-G-0160    (0)   :  0.003 0.991 0.003 0.004 
186 QAc-G-0161    (0)   :  0.004 0.990 0.003 0.004 
187 QAc-G-0162    (0)   :  0.294 0.681 0.017 0.007 
188 QAc-G-0163    (0)   :  0.040 0.947 0.011 0.003 
189 QAc-G-0164    (0)   :  0.005 0.980 0.006 0.010 
190 QAc-G-0165    (0)   :  0.007 0.982 0.007 0.004 
191 QAc-G-0166    (0)   :  0.006 0.986 0.004 0.004 
192 QAc-G-0167    (0)   :  0.006 0.985 0.004 0.005 
193 QAc-G-0168    (0)   :  0.003 0.989 0.003 0.005 
194 QAc-G-0169    (6)   :  0.012 0.458 0.524 0.006 
195 QAc-G-0170    (0)   :  0.006 0.984 0.005 0.005 
196 QAc-G-0171    (0)   :  0.004 0.988 0.004 0.004 
197 QAc-G-0172    (0)   :  0.012 0.028 0.951 0.008 
198 QAc-G-0173    (0)   :  0.003 0.986 0.004 0.007 
199 QAc-G-0174    (0)   :  0.032 0.891 0.069 0.008 
200 QAc-G-0175    (0)   :  0.004 0.989 0.003 0.004 
201 QAc-G-0176    (0)   :  0.173 0.809 0.007 0.011 
202 QAc-G-0177    (0)   :  0.004 0.989 0.003 0.004 
203 QAc-G-0178    (0)   :  0.007 0.949 0.018 0.026 
204 QAc-G-0179    (6)   :  0.004 0.989 0.003 0.004 
205 QAc-G-0180    (0)   :  0.004 0.990 0.003 0.003 
206 QAc-G-0181    (0)   :  0.011 0.982 0.005 0.003 
207 QAc-G-0182    (0)   :  0.025 0.931 0.040 0.004 
208 QAc-G-0183    (6)   :  0.004 0.985 0.005 0.006 
209 QAc-G-0184    (0)   :  0.004 0.989 0.003 0.003 
210 QAc-G-0185    (0)   :  0.010 0.972 0.011 0.007 
211 QAc-G-0186    (0)   :  0.011 0.981 0.005 0.003 
212 QAc-G-0187    (0)   :  0.013 0.946 0.010 0.031 
213 QAc-G-0188    (0)   :  0.063 0.243 0.688 0.005 
214 QAc-G-0189    (0)   :  0.003 0.989 0.003 0.005 
215 QAc-G-0190    (0)   :  0.005 0.986 0.004 0.005 
216 QAc-G-0191    (0)   :  0.005 0.986 0.004 0.005 
217 QAc-G-0192    (0)   :  0.003 0.990 0.003 0.004 
218 QAc-G-0193    (0)   :  0.005 0.985 0.005 0.004 
219 QAc-G-0194    (0)   :  0.008 0.981 0.005 0.006 
220 QAc-G-0195    (0)   :  0.012 0.898 0.006 0.084 
221 QAc-G-0196    (0)   :  0.005 0.986 0.003 0.005 
222 QAc-G-0197    (0)   :  0.003 0.990 0.003 0.004 
223 QAc-G-0198    (0)   :  0.005 0.988 0.003 0.004 
224 QAc-G-0199    (0)   :  0.038 0.921 0.027 0.014 
225 QAc-G-0200    (0)   :  0.011 0.980 0.004 0.004 
226 QAc-G-0201    (0)   :  0.004 0.989 0.003 0.004 
227 QAc-G-0202    (6)   :  0.004 0.981 0.004 0.010 
228 QAc-G-0203    (0)   :  0.005 0.972 0.006 0.016 
229 QAc-G-0204    (0)   :  0.006 0.984 0.004 0.006 
230 QAc-G-0205    (0)   :  0.003 0.004 0.003 0.991 
231 QAc-G-0206    (0)   :  0.043 0.004 0.072 0.882 
232 QAc-G-0207    (0)   :  0.008 0.008 0.007 0.978 
233 QAc-G-0208    (0)   :  0.004 0.004 0.003 0.989 
234 QAc-G-0209    (0)   :  0.004 0.007 0.004 0.986 
235 QAc-G-0210    (0)   :  0.004 0.003 0.004 0.990 
236 QAc-G-0211    (0)   :  0.003 0.003 0.004 0.991 
237 QAc-G-0212    (0)   :  0.005 0.004 0.003 0.988 
238 QAc-G-0213    (0)   :  0.006 0.005 0.004 0.985 
239 QAc-G-0214    (0)   :  0.003 0.005 0.003 0.989 
240 QAc-G-0215    (0)   :  0.005 0.004 0.004 0.988 
241 QAc-G-0216    (0)   :  0.042 0.144 0.497 0.318 
242 QAc-G-0217    (0)   :  0.006 0.006 0.010 0.978 
243 QAc-G-0218    (0)   :  0.009 0.006 0.005 0.981 
244 QAc-G-0219    (0)   :  0.022 0.010 0.018 0.950 
245 QAc-G-0220    (0)   :  0.006 0.003 0.012 0.978 
246 QAc-G-0221    (0)   :  0.014 0.009 0.019 0.957 
247 QAc-G-0222    (0)   :  0.005 0.005 0.003 0.988 
248 QAc-G-0223    (0)   :  0.005 0.004 0.005 0.986 
249 QAc-G-0224    (0)   :  0.004 0.006 0.004 0.986 
250 QAc-G-0226    (0)   :  0.005 0.004 0.004 0.987 
251 QAc-G-0227    (0)   :  0.981 0.007 0.007 0.005 
252 QAc-G-0228    (6)   :  0.980 0.006 0.006 0.008 
253 QAc-G-0229    (0)   :  0.973 0.007 0.012 0.008 
254 QAc-G-0230    (0)   :  0.966 0.007 0.008 0.019 
255 QAc-G-0231    (0)   :  0.004 0.007 0.004 0.985 
256 QAc-G-0232    (0)   :  0.985 0.003 0.009 0.003 
257 QAc-G-0233    (0)   :  0.872 0.006 0.089 0.034 
258 QAc-G-0234    (0)   :  0.966 0.020 0.008 0.006 
259 QAc-G-0235    (0)   :  0.010 0.009 0.970 0.011 
260 QAc-G-0236    (0)   :  0.982 0.007 0.006 0.005 
261 QAc-G-0237    (0)   :  0.957 0.014 0.012 0.018 
262 QAc-G-0238    (0)   :  0.980 0.007 0.004 0.008 
263 QAc-G-0239    (0)   :  0.983 0.005 0.006 0.006 
264 QAc-G-0240    (0)   :  0.987 0.004 0.007 0.003 
265 QAc-G-0241    (0)   :  0.945 0.017 0.026 0.012 
266 QAc-G-0242    (0)   :  0.978 0.004 0.009 0.008 
267 QAc-G-0243    (0)   :  0.857 0.004 0.119 0.019 
268 QAc-G-0244    (0)   :  0.976 0.007 0.008 0.009 
269 QAc-G-0245    (0)   :  0.982 0.007 0.007 0.004 
270 QAc-G-0246    (0)   :  0.978 0.008 0.009 0.005 
271 QAc-G-0247    (0)   :  0.986 0.003 0.006 0.005 
272 QAc-G-0248    (0)   :  0.988 0.003 0.005 0.003 
273 QAc-G-0249    (0)   :  0.018 0.040 0.921 0.022 
274 QAc-G-0025    (0)   :  0.005 0.004 0.003 0.988 
275 QAc-G-0028    (0)   :  0.958 0.006 0.010 0.025 
276 QAc-G-0275    (0)   :  0.005 0.013 0.004 0.978 
277 QAc-G-0263    (0)   :  0.006 0.383 0.573 0.038 
278 QAc-W-0001    (0)   :  0.978 0.004 0.013 0.005 
279 QAc-W-0002    (0)   :  0.960 0.021 0.015 0.005 
280 QAc-W-0003    (0)   :  0.898 0.031 0.022 0.049 
281 QAc-W-0004    (0)   :  0.977 0.008 0.005 0.011 
282 QAc-W-0005    (0)   :  0.975 0.010 0.011 0.005 
283 QAc-W-0006    (0)   :  0.979 0.005 0.010 0.006 
284 QAc-W-0007   (13)   :  0.984 0.004 0.006 0.006 
285 QAc-W-0008    (6)   :  0.977 0.004 0.015 0.003 
286 QAc-W-0009    (0)   :  0.925 0.010 0.059 0.007 
287 QAc-W-0010    (0)   :  0.864 0.017 0.113 0.006 
288 QAc-W-0011    (0)   :  0.912 0.060 0.021 0.007 
289 QAc-W-0012    (0)   :  0.974 0.011 0.009 0.005 
290 QAc-W-0013    (0)   :  0.856 0.008 0.014 0.122 
291 QAc-W-0014    (0)   :  0.980 0.005 0.010 0.005 
292 QAc-W-0015    (0)   :  0.926 0.027 0.017 0.029 
293 QAc-W-0016    (0)   :  0.853 0.015 0.115 0.017 
294 QAc-W-0017    (0)   :  0.271 0.093 0.594 0.043 
295 QAc-W-0018    (0)   :  0.884 0.003 0.081 0.031 
296 QAc-W-0019    (0)   :  0.976 0.007 0.009 0.007 
297 QAc-W-0020    (0)   :  0.978 0.004 0.014 0.003 
298 QAc-W-0021    (0)   :  0.524 0.011 0.144 0.321 
299 QAc-W-0022    (0)   :  0.682 0.026 0.257 0.036 
300 QAc-W-0023    (6)   :  0.578 0.004 0.380 0.037 
301 QAc-W-0024    (0)   :  0.688 0.036 0.026 0.250 
302 QAc-W-0025    (0)   :  0.985 0.005 0.006 0.005 
303 QAc-W-0026    (0)   :  0.821 0.062 0.087 0.030 
304 QAc-W-0027    (0)   :  0.978 0.008 0.010 0.004 
305 QAc-W-0028    (0)   :  0.984 0.007 0.006 0.003 
306 QAc-W-0029    (0)   :  0.978 0.004 0.011 0.008 
307 QAc-W-0030    (0)   :  0.978 0.010 0.006 0.005 
308 QAc-W-0031    (0)   :  0.922 0.005 0.006 0.067 
309 QAc-W-0032    (0)   :  0.985 0.003 0.007 0.005 
310 QAc-W-0033    (0)   :  0.927 0.005 0.056 0.012 
311 QAc-W-0034    (0)   :  0.978 0.004 0.013 0.005 
312 QAc-W-0035    (0)   :  0.919 0.038 0.023 0.020 
313 QAc-W-0036    (0)   :  0.979 0.004 0.013 0.004 
314 QAc-W-0037    (0)   :  0.965 0.016 0.008 0.011 
315 QAc-W-0038    (0)   :  0.962 0.018 0.015 0.005 
316 QAc-W-0039    (0)   :  0.962 0.016 0.011 0.010 
317 QAc-W-0040    (0)   :  0.836 0.010 0.142 0.012 
318 QAc-W-0041    (0)   :  0.903 0.013 0.023 0.060 
319 QAc-W-0042    (0)   :  0.024 0.038 0.914 0.023 
320 QAc-W-0043    (0)   :  0.059 0.091 0.832 0.018 
321 QAc-W-0044    (0)   :  0.061 0.039 0.893 0.007 
322 QAc-W-0045    (0)   :  0.009 0.015 0.968 0.008 
323 QAc-W-0046    (0)   :  0.024 0.047 0.902 0.026 
324 QAc-W-0047    (0)   :  0.020 0.021 0.956 0.004 
325 QAc-W-0048    (0)   :  0.016 0.005 0.970 0.010 
326 QAc-W-0049    (0)   :  0.008 0.005 0.974 0.012 
327 QAc-W-0050    (0)   :  0.006 0.006 0.972 0.017 
328 QAc-W-0051    (0)   :  0.014 0.016 0.957 0.013 
329 QAc-W-0052    (0)   :  0.019 0.005 0.972 0.004 
330 QAc-W-0053    (0)   :  0.008 0.004 0.985 0.003 
331 QAc-W-0054    (0)   :  0.009 0.157 0.827 0.007 
332 QAc-W-0055    (0)   :  0.010 0.546 0.400 0.043 
333 QAc-W-0056    (0)   :  0.081 0.014 0.857 0.047 
334 QAc-W-0057    (0)   :  0.012 0.021 0.892 0.076 
335 QAc-W-0058    (0)   :  0.006 0.019 0.709 0.266 
336 QAc-W-0059    (0)   :  0.006 0.006 0.984 0.004 
337 QAc-W-0060    (0)   :  0.125 0.761 0.108 0.006 
338 QAc-W-0061    (0)   :  0.029 0.869 0.083 0.019 
339 QAc-W-0062    (0)   :  0.026 0.761 0.175 0.039 
340 QAc-W-0063    (0)   :  0.049 0.451 0.462 0.037 
341 QAc-W-0064    (0)   :  0.136 0.730 0.110 0.024 
342 QAc-W-0065    (0)   :  0.100 0.613 0.271 0.016 
343 QAc-W-0066    (0)   :  0.004 0.988 0.003 0.005 
344 QAc-W-0067    (0)   :  0.003 0.989 0.003 0.004 
345 QAc-W-0068    (0)   :  0.004 0.989 0.003 0.004 
346 QAc-W-0069    (0)   :  0.004 0.989 0.003 0.004 
347 QAc-W-0070    (0)   :  0.003 0.990 0.003 0.003 
348 QAc-W-0071    (6)   :  0.005 0.983 0.008 0.005 
349 QAc-W-0072    (0)   :  0.014 0.076 0.902 0.008 
350 QAc-W-0073    (0)   :  0.035 0.393 0.556 0.016 
351 QAc-W-0074    (0)   :  0.021 0.929 0.035 0.016 
352 QAc-W-0075    (0)   :  0.009 0.969 0.014 0.008 
353 QAc-W-0076    (0)   :  0.014 0.804 0.152 0.029 
354 QAc-W-0077    (0)   :  0.028 0.893 0.076 0.004 
355 QAc-W-0078    (0)   :  0.084 0.048 0.205 0.663 
356 QAc-W-0079    (6)   :  0.014 0.027 0.010 0.949 
357 QAc-W-0080   (13)   :  0.039 0.005 0.009 0.946 
358 QAc-W-0081    (0)   :  0.006 0.004 0.005 0.984 
359 QAc-W-0082    (0)   :  0.010 0.006 0.436 0.547 
360 QAc-W-0083    (0)   :  0.024 0.040 0.029 0.907 
361 QAc-W-0084    (0)   :  0.006 0.005 0.004 0.986 
362 QAc-W-0085    (0)   :  0.003 0.005 0.004 0.988 
363 QAc-W-0086    (0)   :  0.006 0.007 0.006 0.981 
364 QAc-W-0087    (0)   :  0.008 0.007 0.009 0.977 
365 QAc-W-0088    (0)   :  0.007 0.004 0.028 0.961 
366 QAc-W-0089    (0)   :  0.008 0.007 0.004 0.981 
367 QAc-W-0090    (0)   :  0.007 0.007 0.004 0.982 
368 QAc-W-0091    (0)   :  0.006 0.008 0.023 0.963 
369 QAc-W-0092    (0)   :  0.208 0.008 0.125 0.660 
370 QAc-W-0093    (0)   :  0.125 0.004 0.067 0.803 
371 QAc-W-0094    (0)   :  0.116 0.007 0.189 0.688 
372 QAc-W-0095    (0)   :  0.022 0.007 0.018 0.954 
373 QAc-W-0096    (0)   :  0.059 0.028 0.149 0.765 
374 QAc-W-0097    (0)   :  0.129 0.010 0.062 0.798 
375 QAc-W-0098    (0)   :  0.006 0.004 0.006 0.984 
376 QAc-W-0099    (0)   :  0.042 0.005 0.093 0.860 
377 QAc-W-0100    (0)   :  0.006 0.004 0.007 0.983 
378 QAc-W-0101    (0)   :  0.007 0.034 0.006 0.953 
379 QAc-W-0104    (0)   :  0.013 0.005 0.026 0.956 
380 QAc-W-0105    (0)   :  0.009 0.006 0.005 0.980 
381 QAc-W-0106    (0)   :  0.019 0.006 0.016 0.959 
382 QAc-W-0107    (0)   :  0.004 0.007 0.004 0.984 
383 QAc-W-0108    (0)   :  0.004 0.006 0.003 0.987 
384 QAc-W-0109    (0)   :  0.011 0.020 0.010 0.959 
385 QAc-W-0110   (13)   :  0.642 0.010 0.020 0.328 
386 QAc-W-0111    (6)   :  0.010 0.006 0.005 0.979 
387 QAc-W-0112   (13)   :  0.016 0.004 0.015 0.965 
388 QAc-W-0113   (13)   :  0.042 0.005 0.937 0.017 
389 QAc-W-0114   (13)   :  0.007 0.007 0.962 0.024 
390 QAc-W-0115    (0)   :  0.031 0.013 0.941 0.015 
391 QAc-W-0116    (0)   :  0.010 0.003 0.981 0.006 
392 QAc-W-0117    (0)   :  0.013 0.005 0.978 0.003 
393 QAc-W-0118    (0)   :  0.008 0.039 0.905 0.048 
394 QAc-W-0119    (0)   :  0.008 0.018 0.967 0.007 
395 QAc-W-0120    (0)   :  0.034 0.024 0.933 0.009 
396 QAc-W-0121    (0)   :  0.016 0.054 0.925 0.005 
397 QAc-W-0122    (0)   :  0.018 0.006 0.968 0.007 
398 QAc-W-0123    (6)   :  0.010 0.008 0.966 0.016 
399 QAc-W-0124    (0)   :  0.184 0.199 0.495 0.122 
400 QAc-W-0125    (0)   :  0.007 0.024 0.946 0.024 
401 QAc-W-0126   (13)   :  0.018 0.014 0.933 0.036 
402 QAc-W-0127    (6)   :  0.026 0.007 0.962 0.005 
403 QAc-W-0128   (13)   :  0.026 0.031 0.842 0.102 
404 QAc-W-0129   (13)   :  0.051 0.006 0.933 0.010 
405 QAc-W-0130   (13)   :  0.272 0.012 0.695 0.022 
406 QAc-W-0131    (0)   :  0.011 0.007 0.970 0.012 
407 QAc-W-0132    (6)   :  0.112 0.057 0.790 0.042 
408 QAc-W-0133    (6)   :  0.012 0.116 0.822 0.050 
409 QAc-W-0134    (0)   :  0.008 0.007 0.976 0.009 
410 QAc-W-0135    (0)   :  0.437 0.062 0.493 0.009 
411 QAc-W-0136    (0)   :  0.012 0.006 0.977 0.005 
412 QAc-W-0137    (0)   :  0.010 0.007 0.980 0.004 
413 QAc-W-0138    (0)   :  0.022 0.007 0.967 0.004 
414 QAc-W-0139    (0)   :  0.064 0.044 0.829 0.064 
415 QAc-W-0140    (0)   :  0.023 0.008 0.965 0.004 
416 QAc-W-0141    (6)   :  0.290 0.027 0.672 0.012 
417 QAc-W-0142    (0)   :  0.008 0.021 0.966 0.006 
418 QAc-W-0143    (0)   :  0.016 0.007 0.953 0.024 
419 QAc-W-0144    (0)   :  0.009 0.003 0.981 0.006 
420 QAc-W-0145    (0)   :  0.007 0.004 0.984 0.006 
421 QAc-W-0146    (0)   :  0.364 0.006 0.605 0.025 
422 QAc-W-0147    (0)   :  0.012 0.006 0.967 0.014 
423 QAc-W-0148    (0)   :  0.022 0.010 0.963 0.004 
424 QAc-W-0149    (0)   :  0.015 0.006 0.966 0.013 
425 QAc-W-0150    (0)   :  0.445 0.012 0.483 0.060 
426 QAc-W-0151    (0)   :  0.041 0.019 0.930 0.010 
427 QAc-W-0152    (0)   :  0.021 0.012 0.959 0.008 
428 QAc-W-0153    (0)   :  0.257 0.017 0.606 0.119 
429 QAc-W-0154    (0)   :  0.166 0.007 0.821 0.006 
430 QAc-W-0155    (0)   :  0.040 0.006 0.948 0.006 
431 QAc-W-0156    (0)   :  0.244 0.004 0.589 0.163 
432 QAc-W-0157    (0)   :  0.011 0.015 0.970 0.004 
433 QAc-W-0158    (0)   :  0.440 0.058 0.425 0.077 
434 QAc-W-0159    (0)   :  0.012 0.006 0.978 0.004 
435 QAc-W-0160    (0)   :  0.153 0.007 0.830 0.009 
436 QAc-W-0161    (0)   :  0.053 0.006 0.938 0.003 
437 QAc-W-0162    (0)   :  0.005 0.006 0.983 0.005 
438 QAc-W-0163    (0)   :  0.009 0.006 0.980 0.005 
439 QAc-W-0164    (0)   :  0.008 0.009 0.976 0.007 
440 QAc-W-0165    (0)   :  0.010 0.021 0.965 0.004 
441 QAc-W-0166    (0)   :  0.144 0.011 0.838 0.006 


Estimated Allele Frequencies in each cluster
First column gives estimated ancestral frequencies


Locus 1 : 
21 alleles
0.5% missing data
 210   (0.110) 0.049 0.003 0.160 0.216 
 212   (0.091) 0.189 0.208 0.056 0.222 
 202   (0.074) 0.054 0.001 0.078 0.136 
 226   (0.060) 0.002 0.175 0.059 0.110 
 216   (0.082) 0.016 0.002 0.117 0.095 
 200   (0.201) 0.487 0.380 0.199 0.129 
 224   (0.030) 0.078 0.141 0.006 0.001 
 218   (0.063) 0.034 0.001 0.057 0.057 
 222   (0.040) 0.007 0.001 0.072 0.001 
 228   (0.013) 0.000 0.061 0.002 0.000 
 214   (0.051) 0.002 0.025 0.084 0.001 
 208   (0.043) 0.069 0.001 0.022 0.029 
 220   (0.018) 0.002 0.000 0.009 0.000 
 206   (0.029) 0.004 0.000 0.032 0.001 
 196   (0.012) 0.000 0.000 0.004 0.000 
 238   (0.012) 0.000 0.000 0.004 0.000 
 121   (0.012) 0.004 0.000 0.002 0.000 
 204   (0.016) 0.001 0.000 0.010 0.000 
 190   (0.011) 0.000 0.000 0.004 0.000 
 198   (0.013) 0.000 0.000 0.004 0.000 
 232   (0.018) 0.001 0.000 0.019 0.000 

Locus 2 : 
15 alleles
1.6% missing data
 171   (0.205) 0.330 0.003 0.286 0.154 
 175   (0.096) 0.036 0.118 0.063 0.240 
 185   (0.089) 0.021 0.003 0.088 0.145 
 181   (0.084) 0.099 0.336 0.037 0.344 
 179   (0.103) 0.016 0.124 0.173 0.002 
 173   (0.169) 0.323 0.319 0.153 0.064 
 177   (0.039) 0.002 0.094 0.032 0.001 
 183   (0.057) 0.003 0.001 0.082 0.022 
 187   (0.054) 0.070 0.001 0.052 0.001 
 189   (0.026) 0.097 0.000 0.007 0.000 
 191   (0.025) 0.001 0.000 0.009 0.026 
 163   (0.013) 0.000 0.000 0.004 0.000 
 165   (0.013) 0.000 0.000 0.004 0.000 
 193   (0.011) 0.001 0.000 0.004 0.000 
 169   (0.014) 0.000 0.000 0.004 0.000 

Locus 3 : 
7 alleles
2.5% missing data
 206   (0.847) 0.925 0.983 0.925 0.983 
 208   (0.047) 0.069 0.002 0.029 0.001 
 198   (0.014) 0.000 0.000 0.002 0.006 
 204   (0.046) 0.002 0.014 0.026 0.009 
 218   (0.017) 0.001 0.000 0.008 0.000 
 230   (0.014) 0.000 0.000 0.005 0.000 
 212   (0.016) 0.003 0.000 0.006 0.001 

Locus 4 : 
15 alleles
3.6% missing data
 165   (0.084) 0.121 0.085 0.034 0.594 
 173   (0.035) 0.001 0.000 0.016 0.322 
 163   (0.160) 0.111 0.014 0.231 0.008 
 167   (0.155) 0.196 0.002 0.199 0.027 
 161   (0.319) 0.513 0.878 0.396 0.015 
 153   (0.015) 0.010 0.000 0.002 0.000 
 171   (0.036) 0.002 0.000 0.032 0.008 
 179   (0.014) 0.003 0.000 0.003 0.000 
 157   (0.034) 0.033 0.001 0.016 0.001 
 149   (0.014) 0.000 0.000 0.005 0.000 
 177   (0.034) 0.004 0.001 0.016 0.018 
 155   (0.020) 0.004 0.000 0.006 0.000 
 175   (0.017) 0.001 0.000 0.008 0.000 
 169   (0.033) 0.001 0.000 0.022 0.005 
 159   (0.030) 0.001 0.018 0.015 0.001 

Locus 5 : 
16 alleles
0.0% missing data
 148   (0.093) 0.126 0.362 0.053 0.391 
 160   (0.033) 0.003 0.000 0.019 0.077 
 146   (0.086) 0.043 0.331 0.056 0.278 
 154   (0.068) 0.008 0.037 0.092 0.004 
 150   (0.058) 0.060 0.012 0.049 0.001 
 138   (0.122) 0.085 0.009 0.151 0.100 
 166   (0.064) 0.017 0.001 0.110 0.002 
 164   (0.020) 0.001 0.000 0.016 0.000 
 142   (0.022) 0.001 0.001 0.022 0.000 
 144   (0.156) 0.257 0.206 0.184 0.017 
 140   (0.083) 0.191 0.001 0.118 0.002 
 158   (0.052) 0.019 0.001 0.033 0.048 
 162   (0.027) 0.003 0.000 0.010 0.066 
 152   (0.074) 0.186 0.038 0.062 0.002 
 134   (0.020) 0.001 0.000 0.016 0.000 
 156   (0.023) 0.001 0.000 0.009 0.010 

Locus 6 : 
12 alleles
0.0% missing data
 225   (0.042) 0.002 0.192 0.015 0.109 
 239   (0.120) 0.076 0.473 0.088 0.034 
 229   (0.019) 0.004 0.000 0.002 0.325 
 235   (0.254) 0.319 0.266 0.224 0.403 
 237   (0.166) 0.281 0.050 0.183 0.010 
 233   (0.118) 0.253 0.015 0.091 0.047 
 227   (0.075) 0.002 0.001 0.188 0.001 
 245   (0.055) 0.024 0.001 0.060 0.001 
 241   (0.063) 0.003 0.002 0.073 0.068 
 231   (0.034) 0.001 0.000 0.049 0.001 
 243   (0.038) 0.033 0.000 0.024 0.001 
 251   (0.015) 0.000 0.000 0.004 0.000 

Locus 7 : 
7 alleles
0.0% missing data
 118   (0.806) 0.866 0.981 0.874 0.962 
 124   (0.074) 0.122 0.001 0.079 0.001 
 116   (0.028) 0.001 0.001 0.025 0.001 
 114   (0.041) 0.010 0.005 0.011 0.024 
 122   (0.014) 0.000 0.000 0.004 0.000 
 112   (0.021) 0.001 0.000 0.005 0.011 
 120   (0.015) 0.000 0.012 0.002 0.000 

Locus 8 : 
5 alleles
0.5% missing data
 135   (0.055) 0.106 0.007 0.018 0.017 
 139   (0.710) 0.791 0.957 0.744 0.901 
 137   (0.183) 0.101 0.036 0.190 0.081 
 143   (0.030) 0.002 0.000 0.031 0.001 
 141   (0.022) 0.001 0.000 0.016 0.001 

Locus 9 : 
15 alleles
1.6% missing data
 116   (0.205) 0.477 0.183 0.177 0.367 
 112   (0.111) 0.051 0.078 0.092 0.078 
 118   (0.101) 0.032 0.002 0.109 0.515 
 122   (0.106) 0.006 0.531 0.207 0.002 
 114   (0.171) 0.252 0.135 0.176 0.027 
 120   (0.061) 0.081 0.001 0.064 0.001 
 130   (0.050) 0.077 0.001 0.042 0.001 
 124   (0.043) 0.001 0.066 0.041 0.001 
 110   (0.014) 0.001 0.000 0.004 0.000 
 134   (0.014) 0.000 0.000 0.004 0.000 
 128   (0.035) 0.010 0.000 0.027 0.001 
 126   (0.043) 0.010 0.001 0.042 0.001 
 108   (0.017) 0.001 0.000 0.007 0.000 
 106   (0.014) 0.000 0.001 0.004 0.000 
 138   (0.014) 0.000 0.000 0.002 0.005 

Locus 10 : 
8 alleles
0.0% missing data
 232   (0.760) 0.927 0.996 0.763 0.974 
 238   (0.118) 0.032 0.001 0.197 0.002 
 220   (0.017) 0.028 0.000 0.002 0.000 
 226   (0.015) 0.001 0.000 0.002 0.011 
 234   (0.025) 0.011 0.000 0.008 0.000 
 240   (0.018) 0.001 0.000 0.008 0.000 
 236   (0.020) 0.001 0.001 0.010 0.001 
 244   (0.028) 0.001 0.000 0.012 0.011 

Locus 11 : 
8 alleles
0.0% missing data
 165   (0.745) 0.821 0.769 0.824 0.866 
 167   (0.099) 0.009 0.228 0.082 0.123 
 161   (0.079) 0.166 0.001 0.071 0.008 
 153   (0.015) 0.002 0.000 0.003 0.002 
 169   (0.015) 0.001 0.001 0.004 0.000 
 155   (0.015) 0.000 0.000 0.004 0.000 
 173   (0.015) 0.001 0.000 0.004 0.000 
 163   (0.017) 0.001 0.000 0.008 0.000 

Locus 12 : 
9 alleles
0.0% missing data
 137   (0.536) 0.353 0.449 0.686 0.303 
 140   (0.124) 0.403 0.013 0.072 0.348 
 134   (0.235) 0.233 0.537 0.203 0.344 
 149   (0.015) 0.000 0.000 0.004 0.000 
 131   (0.014) 0.001 0.000 0.003 0.003 
 143   (0.020) 0.001 0.000 0.013 0.000 
 128   (0.014) 0.000 0.000 0.004 0.000 
 125   (0.027) 0.007 0.000 0.010 0.000 
 146   (0.015) 0.001 0.000 0.004 0.001 

Locus 13 : 
20 alleles
0.2% missing data
 206   (0.139) 0.139 0.036 0.140 0.420 
 210   (0.055) 0.149 0.352 0.015 0.272 
 190   (0.050) 0.053 0.001 0.063 0.001 
 202   (0.114) 0.056 0.002 0.187 0.069 
 214   (0.031) 0.031 0.167 0.007 0.001 
 212   (0.065) 0.007 0.136 0.089 0.001 
 192   (0.082) 0.233 0.001 0.081 0.026 
 204   (0.045) 0.022 0.007 0.040 0.001 
 184   (0.062) 0.066 0.004 0.041 0.086 
 216   (0.015) 0.111 0.001 0.002 0.000 
 208   (0.046) 0.087 0.021 0.024 0.001 
 200   (0.078) 0.017 0.002 0.112 0.088 
 198   (0.026) 0.001 0.000 0.033 0.001 
 194   (0.086) 0.008 0.187 0.109 0.033 
 186   (0.023) 0.001 0.083 0.007 0.000 
 188   (0.021) 0.002 0.000 0.012 0.000 
 196   (0.024) 0.001 0.000 0.025 0.001 
 220   (0.013) 0.000 0.000 0.004 0.000 
 180   (0.012) 0.001 0.000 0.007 0.000 
 182   (0.013) 0.014 0.000 0.001 0.000 

Locus 14 : 
8 alleles
1.6% missing data
 139   (0.083) 0.105 0.130 0.035 0.199 
 145   (0.093) 0.033 0.016 0.068 0.110 
 151   (0.340) 0.290 0.456 0.365 0.568 
 157   (0.295) 0.537 0.134 0.325 0.100 
 154   (0.085) 0.030 0.262 0.078 0.002 
 163   (0.041) 0.002 0.000 0.037 0.020 
 142   (0.024) 0.001 0.000 0.022 0.001 
 160   (0.039) 0.001 0.000 0.069 0.001 

Locus 15 : 
14 alleles
1.1% missing data
 256   (0.153) 0.148 0.161 0.140 0.130 
 262   (0.028) 0.001 0.000 0.010 0.408 
 246   (0.076) 0.102 0.001 0.057 0.100 
 258   (0.160) 0.298 0.002 0.235 0.029 
 254   (0.103) 0.061 0.179 0.110 0.003 
 250   (0.032) 0.001 0.535 0.017 0.001 
 242   (0.106) 0.013 0.095 0.104 0.189 
 252   (0.078) 0.073 0.006 0.053 0.128 
 248   (0.154) 0.199 0.018 0.216 0.005 
 260   (0.043) 0.102 0.001 0.022 0.004 
 264   (0.013) 0.000 0.000 0.004 0.000 
 244   (0.027) 0.002 0.000 0.022 0.002 
 276   (0.013) 0.000 0.000 0.004 0.000 
 240   (0.015) 0.000 0.000 0.005 0.000 

Values of parameters used in structure:
DATAFILE=C:\Users\eschumacher\Documents\GitHub\GCC_QUAC_ZAIN\Data_Files\Structure_Files\QUAC\QUAC_woK_nopopinfo_garden_wild\QUAC_woK_nopopinfo_garden_wild\project_data,	OUTFILE=C:\Users\eschumacher\Documents\GitHub\GCC_QUAC_ZAIN\Data_Files\Structure_Files\QUAC\QUAC_woK_nopopinfo_garden_wild\QUAC_woK_nopopinfo_garden_wild\50-50\Results\50-50_run_17,	NUMINDS=441,	NUMLOCI=15,	MISSING=-9,	LABEL=1,	POPDATA=0,	POPFLAG=0,	PHENOTYPE=0,	EXTRACOLS=0,	MAXPOPS=4,	BURNIN=50000,	NUMREPS=50000,	USEPOPINFO=0,	INFERALPHA=1,	INFERLAMBDA=0,	POPSPECIFICLAMBDA=0,	POPALPHAS=0,	COMPUTEPROB=1,	NOADMIX=0,	ADMBURNIN=2500,	UPDATEFREQ=1,	PRINTLIKES=0,	INTERMEDSAVE=0,	PRINTKLD=0,	PRINTNET=0,	PRINTLAMBDA=0,	ANCESTDIST=0,	NUMBOXES=1000,	ANCESTPINT=0.90000,	GENSBACK=2,	MIGRPRIOR=0.05000,	PRINTQHAT=0,	PRINTQSUM=0,	ALPHA=1.0000,	FREQSCORR=1,	FPRIORMEAN=0.0100,	FPRIORSD=0.0500,	ONEFST=0,	LAMBDA=1.0000,	UNIFPRIORALPHA=1,	ALPHAMAX=10.0000,	ALPHAPRIORA=1.0000,	ALPHAPRIORB=2.0000,	ALPHAPROPSD=0.0250,	STARTATPOPINFO=0,	RANDOMIZE=1,	LINKAGE=0,	METROFREQ=10,	REPORTHITRATE=0,	MARKOVPHASE=-1,	PHASED=0,	PLOIDY=2,	PHASEINFO=0	LOCPRIOR=0, 	LOCPRIORINIT=1.000000, 	LOCDATA=0, 	LOCISPOP=0, 	LOCPRIORSTEP=0.100000, 	MAXLOCPRIOR=20.000000, 	SEED=1670366227,	
[STRAT parameters]:    NUMSIMSTATS=1000,	PHENOTYPECOL=-9,	POOLFREQ=10,	LOCUSxONLY=0,	EMERROR=0.00100,	MISSINGPHENO=-9,	