

----------------------------------------------------
STRUCTURE by Pritchard, Stephens and Donnelly (2000)
     and Falush, Stephens and Pritchard (2003)
       Code by Pritchard, Falush and Hubisz
             Version 2.3.4 (Jul 2012)
----------------------------------------------------



Command line arguments:   bin\structure -m C:\Users\eschumacher\Documents\GitHub\GCC_QUAC_ZAIN\Data_Files\Structure_Files\QUAC\QUAC_woK_nopopinfo_garden_wild\QUAC_woK_nopopinfo_garden_wild\50-50\mainparams -e C:\Users\eschumacher\Documents\GitHub\GCC_QUAC_ZAIN\Data_Files\Structure_Files\QUAC\QUAC_woK_nopopinfo_garden_wild\QUAC_woK_nopopinfo_garden_wild\50-50\extraparams 
Input File:    C:\Users\eschumacher\Documents\GitHub\GCC_QUAC_ZAIN\Data_Files\Structure_Files\QUAC\QUAC_woK_nopopinfo_garden_wild\QUAC_woK_nopopinfo_garden_wild\project_data

Run parameters:
   441 individuals
   15 loci
   10 populations assumed
   50000 Burn-in period
   50000 Reps


--------------------------------------------
Overall proportion of membership of the
sample in each of the 10 clusters

Inferred Clusters
  1      2      3      4      5      6      7      8      9     10    
0.077  0.126  0.103  0.142  0.065  0.071  0.139  0.127  0.071  0.079  

--------------------------------------------

Allele-freq. divergence among pops (Net nucleotide distance),
computed using point estimates of P.

      1       2       3       4       5       6       7       8       9      10      
 1      -    0.0825  0.1692  0.1918  0.1403  0.1217  0.1478  0.1598  0.2230  0.1724  
 2   0.0825     -    0.1223  0.1409  0.1149  0.0681  0.1013  0.0958  0.1566  0.1202  
 3   0.1692  0.1223     -    0.1302  0.0896  0.0358  0.0825  0.0696  0.1048  0.0749  
 4   0.1918  0.1409  0.1302     -    0.0943  0.0964  0.1275  0.1296  0.1679  0.1120  
 5   0.1403  0.1149  0.0896  0.0943     -    0.0596  0.1059  0.0834  0.1400  0.1004  
 6   0.1217  0.0681  0.0358  0.0964  0.0596     -    0.0377  0.0311  0.0824  0.0484  
 7   0.1478  0.1013  0.0825  0.1275  0.1059  0.0377     -    0.0619  0.1089  0.0475  
 8   0.1598  0.0958  0.0696  0.1296  0.0834  0.0311  0.0619     -    0.1018  0.0733  
 9   0.2230  0.1566  0.1048  0.1679  0.1400  0.0824  0.1089  0.1018     -    0.1085  
10   0.1724  0.1202  0.0749  0.1120  0.1004  0.0484  0.0475  0.0733  0.1085     -    

Average distances (expected heterozygosity) between individuals in same cluster:
cluster  1  : 0.3931 
cluster  2  : 0.5042 
cluster  3  : 0.6086 
cluster  4  : 0.3993 
cluster  5  : 0.5139 
cluster  6  : 0.6978 
cluster  7  : 0.5640 
cluster  8  : 0.5542 
cluster  9  : 0.4632 
cluster 10  : 0.5082 

--------------------------------------------
Estimated Ln Prob of Data   = -15278.6
Mean value of ln likelihood = -14792.5
Variance of ln likelihood   = 972.2
Mean value of alpha         = 0.0337

Mean value of Fst_1         = 0.5511
Mean value of Fst_2         = 0.2491
Mean value of Fst_3         = 0.0989
Mean value of Fst_4         = 0.4939
Mean value of Fst_5         = 0.2573
Mean value of Fst_6         = 0.0061
Mean value of Fst_7         = 0.1504
Mean value of Fst_8         = 0.1451
Mean value of Fst_9         = 0.4166
Mean value of Fst_10         = 0.2741


Inferred ancestry of individuals:
        Label (%Miss) :  Inferred clusters
  1 QAc-G-0029    (0)   :  0.625 0.180 0.004 0.024 0.009 0.040 0.086 0.017 0.006 0.008 
  2 QAc-G-0030    (0)   :  0.978 0.003 0.002 0.002 0.003 0.002 0.002 0.002 0.002 0.002 
  3 QAc-G-0031    (0)   :  0.972 0.004 0.002 0.004 0.004 0.003 0.003 0.003 0.002 0.003 
  4 QAc-G-0061    (0)   :  0.130 0.839 0.002 0.004 0.003 0.003 0.005 0.005 0.004 0.004 
  5 QAc-G-0062    (0)   :  0.006 0.005 0.006 0.022 0.350 0.075 0.008 0.109 0.415 0.004 
  6 QAc-G-0063    (0)   :  0.006 0.005 0.008 0.544 0.188 0.106 0.075 0.034 0.015 0.019 
  7 QAc-G-0064    (0)   :  0.003 0.004 0.003 0.006 0.005 0.003 0.003 0.004 0.964 0.006 
  8 QAc-G-0065    (0)   :  0.009 0.002 0.004 0.002 0.002 0.003 0.003 0.002 0.970 0.003 
  9 QAc-G-0066    (0)   :  0.004 0.004 0.002 0.972 0.004 0.003 0.003 0.003 0.002 0.003 
 10 QAc-G-0067    (0)   :  0.005 0.008 0.003 0.003 0.003 0.003 0.003 0.003 0.965 0.003 
 11 QAc-G-0068    (0)   :  0.003 0.004 0.081 0.538 0.004 0.345 0.004 0.012 0.007 0.003 
 12 QAc-G-0070    (0)   :  0.004 0.006 0.005 0.523 0.088 0.015 0.010 0.332 0.009 0.007 
 13 QAc-G-0071   (13)   :  0.020 0.012 0.007 0.889 0.048 0.006 0.003 0.007 0.002 0.006 
 14 QAc-G-0072    (0)   :  0.003 0.003 0.003 0.969 0.003 0.003 0.004 0.004 0.003 0.004 
 15 QAc-G-0073    (0)   :  0.004 0.005 0.004 0.004 0.003 0.005 0.932 0.005 0.003 0.036 
 16 QAc-G-0074    (0)   :  0.004 0.003 0.010 0.078 0.049 0.016 0.032 0.019 0.004 0.785 
 17 QAc-G-0075    (0)   :  0.044 0.009 0.008 0.018 0.009 0.017 0.084 0.006 0.013 0.792 
 18 QAc-G-0076    (0)   :  0.007 0.008 0.005 0.009 0.004 0.012 0.933 0.006 0.007 0.009 
 19 QAc-G-0077    (0)   :  0.131 0.825 0.004 0.008 0.006 0.004 0.009 0.003 0.007 0.003 
 20 QAc-G-0078    (0)   :  0.979 0.003 0.002 0.003 0.002 0.002 0.002 0.002 0.002 0.002 
 21 QAc-G-0079    (0)   :  0.976 0.004 0.003 0.003 0.003 0.002 0.003 0.002 0.002 0.003 
 22 QAc-G-0080    (0)   :  0.003 0.778 0.009 0.005 0.013 0.028 0.018 0.004 0.013 0.129 
 23 QAc-G-0081    (0)   :  0.007 0.005 0.013 0.005 0.032 0.617 0.061 0.252 0.004 0.005 
 24 QAc-G-0082    (0)   :  0.003 0.005 0.011 0.002 0.008 0.901 0.044 0.018 0.002 0.005 
 25 QAc-G-0083    (0)   :  0.009 0.014 0.005 0.011 0.869 0.008 0.047 0.011 0.012 0.012 
 26 QAc-G-0001   (13)   :  0.972 0.006 0.003 0.004 0.003 0.003 0.003 0.003 0.002 0.002 
 27 QAc-G-0002    (0)   :  0.976 0.005 0.002 0.003 0.002 0.002 0.002 0.002 0.002 0.002 
 28 QAc-G-0285    (0)   :  0.005 0.006 0.008 0.014 0.942 0.006 0.006 0.007 0.003 0.004 
 29 QAc-G-0286    (0)   :  0.003 0.003 0.003 0.974 0.005 0.002 0.002 0.003 0.002 0.003 
 30 QAc-G-0287    (0)   :  0.003 0.003 0.002 0.976 0.003 0.002 0.002 0.002 0.003 0.003 
 31 QAc-G-0288    (6)   :  0.022 0.027 0.006 0.847 0.008 0.017 0.015 0.039 0.009 0.010 
 32 QAc-G-0289    (0)   :  0.003 0.004 0.002 0.973 0.003 0.003 0.003 0.003 0.003 0.003 
 33 QAc-G-0290    (0)   :  0.002 0.003 0.003 0.968 0.004 0.003 0.003 0.004 0.006 0.004 
 34 QAc-G-0291    (0)   :  0.038 0.018 0.003 0.903 0.019 0.004 0.007 0.002 0.003 0.003 
 35 QAc-G-0292    (0)   :  0.003 0.003 0.006 0.227 0.731 0.007 0.005 0.009 0.003 0.005 
 36 QAc-G-0293    (0)   :  0.013 0.004 0.003 0.483 0.483 0.003 0.003 0.003 0.002 0.003 
 37 QAc-G-0294    (0)   :  0.007 0.005 0.010 0.004 0.003 0.009 0.938 0.005 0.006 0.013 
 38 QAc-G-0295    (0)   :  0.005 0.007 0.003 0.009 0.007 0.006 0.939 0.004 0.004 0.015 
 39 QAc-G-0296    (0)   :  0.003 0.004 0.003 0.005 0.004 0.003 0.015 0.004 0.007 0.953 
 40 QAc-G-0297    (0)   :  0.003 0.005 0.026 0.003 0.003 0.561 0.100 0.009 0.004 0.287 
 41 QAc-G-0298    (6)   :  0.014 0.030 0.005 0.003 0.009 0.012 0.139 0.005 0.004 0.779 
 42 QAc-G-0299    (0)   :  0.004 0.005 0.018 0.011 0.006 0.016 0.392 0.004 0.004 0.542 
 43 QAc-G-0300    (0)   :  0.003 0.003 0.004 0.004 0.003 0.006 0.169 0.011 0.018 0.778 
 44 QAc-G-0301    (0)   :  0.007 0.006 0.004 0.017 0.010 0.010 0.057 0.004 0.181 0.703 
 45 QAc-G-0302    (0)   :  0.004 0.004 0.940 0.005 0.006 0.016 0.010 0.005 0.003 0.008 
 46 QAc-G-0303    (0)   :  0.003 0.007 0.886 0.003 0.009 0.032 0.013 0.038 0.005 0.003 
 47 QAc-G-0304    (0)   :  0.003 0.003 0.002 0.971 0.006 0.002 0.003 0.002 0.003 0.004 
 48 QAc-G-0305    (0)   :  0.034 0.041 0.077 0.531 0.208 0.051 0.006 0.044 0.003 0.006 
 49 QAc-G-0306    (0)   :  0.003 0.004 0.002 0.974 0.005 0.003 0.002 0.003 0.002 0.002 
 50 QAc-G-0307    (0)   :  0.049 0.833 0.012 0.004 0.024 0.021 0.007 0.035 0.005 0.011 
 51 QAc-G-0308    (0)   :  0.004 0.947 0.006 0.008 0.007 0.004 0.007 0.005 0.003 0.010 
 52 QAc-G-0309    (0)   :  0.957 0.006 0.004 0.004 0.004 0.012 0.004 0.004 0.003 0.003 
 53 QAc-G-0310    (0)   :  0.973 0.004 0.002 0.003 0.003 0.002 0.003 0.003 0.003 0.003 
 54 QAc-G-0311    (0)   :  0.006 0.976 0.002 0.003 0.002 0.002 0.002 0.002 0.002 0.002 
 55 QAc-G-0312    (0)   :  0.007 0.631 0.060 0.008 0.005 0.079 0.084 0.077 0.013 0.036 
 56 QAc-G-0313    (0)   :  0.029 0.005 0.006 0.007 0.043 0.804 0.014 0.075 0.007 0.010 
 57 QAc-G-0314    (0)   :  0.008 0.009 0.022 0.004 0.003 0.665 0.061 0.131 0.009 0.087 
 58 QAc-G-0315    (0)   :  0.004 0.004 0.009 0.007 0.005 0.937 0.010 0.011 0.005 0.007 
 59 QAc-G-0316    (0)   :  0.024 0.014 0.006 0.007 0.010 0.740 0.006 0.176 0.009 0.008 
 60 QAc-G-0032    (6)   :  0.008 0.004 0.296 0.007 0.003 0.531 0.008 0.008 0.115 0.019 
 61 QAc-G-0033    (0)   :  0.007 0.005 0.005 0.004 0.003 0.004 0.047 0.006 0.006 0.914 
 62 QAc-G-0034    (0)   :  0.013 0.041 0.006 0.004 0.004 0.008 0.023 0.028 0.006 0.868 
 63 QAc-G-0035    (0)   :  0.003 0.004 0.004 0.007 0.005 0.005 0.952 0.004 0.007 0.007 
 64 QAc-G-0036    (0)   :  0.003 0.004 0.003 0.006 0.005 0.005 0.005 0.005 0.003 0.961 
 65 QAc-G-0037    (0)   :  0.005 0.009 0.003 0.011 0.004 0.004 0.951 0.002 0.005 0.006 
 66 QAc-G-0038    (0)   :  0.002 0.002 0.004 0.003 0.003 0.005 0.609 0.008 0.003 0.361 
 67 QAc-G-0039    (0)   :  0.017 0.044 0.016 0.007 0.004 0.031 0.815 0.025 0.004 0.038 
 68 QAc-G-0040    (0)   :  0.005 0.006 0.007 0.072 0.013 0.010 0.797 0.054 0.003 0.033 
 69 QAc-G-0041    (0)   :  0.003 0.003 0.003 0.003 0.014 0.007 0.797 0.021 0.072 0.076 
 70 QAc-G-0042    (0)   :  0.002 0.003 0.004 0.005 0.004 0.003 0.008 0.004 0.004 0.962 
 71 QAc-G-0043    (0)   :  0.004 0.008 0.003 0.007 0.004 0.005 0.941 0.004 0.003 0.021 
 72 QAc-G-0044    (0)   :  0.003 0.003 0.013 0.007 0.004 0.006 0.011 0.004 0.028 0.919 
 73 QAc-G-0045    (0)   :  0.010 0.023 0.004 0.005 0.003 0.004 0.058 0.006 0.007 0.879 
 74 QAc-G-0046    (0)   :  0.022 0.010 0.003 0.002 0.004 0.007 0.935 0.009 0.003 0.005 
 75 QAc-G-0047    (0)   :  0.015 0.016 0.010 0.006 0.004 0.008 0.926 0.006 0.004 0.005 
 76 QAc-G-0048    (0)   :  0.002 0.003 0.004 0.004 0.006 0.005 0.944 0.006 0.005 0.021 
 77 QAc-G-0049    (0)   :  0.971 0.007 0.002 0.004 0.003 0.002 0.003 0.003 0.002 0.002 
 78 QAc-G-0050    (0)   :  0.011 0.048 0.022 0.014 0.006 0.873 0.005 0.013 0.004 0.003 
 79 QAc-G-0051    (0)   :  0.976 0.004 0.002 0.003 0.003 0.002 0.002 0.002 0.002 0.002 
 80 QAc-G-0052    (0)   :  0.008 0.952 0.003 0.004 0.003 0.006 0.006 0.005 0.008 0.005 
 81 QAc-G-0053    (0)   :  0.016 0.929 0.002 0.006 0.005 0.007 0.023 0.003 0.004 0.004 
 82 QAc-G-0054    (0)   :  0.003 0.554 0.031 0.004 0.003 0.259 0.026 0.111 0.004 0.006 
 83 QAc-G-0055    (0)   :  0.005 0.624 0.110 0.004 0.004 0.197 0.009 0.019 0.003 0.025 
 84 QAc-G-0056    (0)   :  0.004 0.057 0.015 0.013 0.005 0.811 0.008 0.070 0.008 0.008 
 85 QAc-G-0057    (0)   :  0.974 0.005 0.003 0.003 0.003 0.002 0.003 0.002 0.002 0.003 
 86 QAc-G-0058    (6)   :  0.975 0.004 0.003 0.003 0.003 0.002 0.002 0.002 0.002 0.003 
 87 QAc-G-0059    (0)   :  0.006 0.463 0.007 0.003 0.003 0.484 0.020 0.006 0.003 0.005 
 88 QAc-G-0060    (6)   :  0.012 0.916 0.004 0.012 0.007 0.023 0.008 0.006 0.008 0.005 
 89 QAc-G-0276    (0)   :  0.005 0.011 0.005 0.310 0.634 0.005 0.016 0.005 0.003 0.006 
 90 QAc-G-0279    (0)   :  0.005 0.005 0.002 0.969 0.004 0.003 0.003 0.003 0.002 0.003 
 91 QAc-G-0280    (6)   :  0.004 0.003 0.003 0.961 0.005 0.004 0.006 0.004 0.004 0.007 
 92 QAc-G-0281    (0)   :  0.006 0.968 0.003 0.005 0.003 0.003 0.003 0.003 0.003 0.003 
 93 QAc-G-0018    (0)   :  0.011 0.017 0.018 0.004 0.004 0.020 0.018 0.007 0.006 0.896 
 94 QAc-G-0019    (0)   :  0.004 0.005 0.005 0.014 0.020 0.009 0.078 0.009 0.120 0.739 
 95 QAc-G-0020    (0)   :  0.003 0.003 0.003 0.003 0.003 0.011 0.964 0.003 0.003 0.004 
 96 QAc-G-0021    (6)   :  0.007 0.005 0.003 0.003 0.003 0.004 0.945 0.002 0.017 0.011 
 97 QAc-G-0022    (6)   :  0.011 0.021 0.009 0.004 0.012 0.033 0.717 0.069 0.046 0.077 
 98 QAc-G-0023    (0)   :  0.626 0.348 0.003 0.003 0.005 0.003 0.003 0.003 0.002 0.003 
 99 QAc-G-0024    (0)   :  0.968 0.006 0.003 0.002 0.002 0.003 0.004 0.003 0.003 0.006 
100 QAc-G-0016    (0)   :  0.003 0.343 0.301 0.013 0.007 0.269 0.007 0.018 0.005 0.035 
101 QAc-G-0017    (0)   :  0.004 0.003 0.721 0.005 0.007 0.028 0.006 0.012 0.207 0.007 
102 QAc-G-0250    (0)   :  0.008 0.007 0.062 0.122 0.327 0.416 0.034 0.012 0.007 0.005 
103 QAc-G-0003    (6)   :  0.003 0.005 0.003 0.955 0.011 0.005 0.004 0.006 0.003 0.005 
104 QAc-G-0004    (0)   :  0.016 0.007 0.856 0.003 0.007 0.022 0.071 0.005 0.006 0.008 
105 QAc-G-0005    (0)   :  0.003 0.003 0.004 0.003 0.002 0.003 0.003 0.003 0.974 0.003 
106 QAc-G-0006    (6)   :  0.003 0.004 0.876 0.005 0.016 0.054 0.022 0.015 0.003 0.004 
107 QAc-G-0283    (0)   :  0.004 0.004 0.029 0.004 0.145 0.427 0.007 0.369 0.003 0.009 
108 QAc-G-0265    (0)   :  0.443 0.005 0.009 0.004 0.291 0.190 0.036 0.010 0.004 0.009 
109 QAc-G-0266    (0)   :  0.975 0.006 0.002 0.003 0.003 0.002 0.002 0.002 0.002 0.002 
110 QAc-G-0267    (0)   :  0.004 0.007 0.004 0.004 0.596 0.011 0.105 0.011 0.086 0.172 
111 QAc-G-0268   (20)   :  0.004 0.008 0.010 0.528 0.011 0.413 0.006 0.005 0.011 0.004 
112 QAc-G-0269    (0)   :  0.004 0.003 0.002 0.971 0.003 0.003 0.004 0.002 0.003 0.003 
113 QAc-G-0270    (6)   :  0.004 0.003 0.003 0.004 0.003 0.003 0.004 0.003 0.005 0.968 
114 QAc-G-0271    (0)   :  0.003 0.004 0.008 0.004 0.005 0.086 0.777 0.008 0.074 0.031 
115 QAc-G-0272    (6)   :  0.004 0.005 0.004 0.009 0.005 0.003 0.008 0.005 0.003 0.953 
116 QAc-G-0273    (0)   :  0.013 0.957 0.004 0.004 0.004 0.004 0.003 0.004 0.004 0.003 
117 QAc-G-0274    (0)   :  0.002 0.002 0.002 0.002 0.002 0.002 0.003 0.003 0.978 0.003 
118 QAc-G-0251    (6)   :  0.004 0.003 0.005 0.003 0.003 0.003 0.004 0.004 0.006 0.966 
119 QAc-G-0252    (0)   :  0.004 0.010 0.012 0.005 0.004 0.010 0.029 0.027 0.007 0.892 
120 QAc-G-0253    (0)   :  0.016 0.952 0.003 0.006 0.004 0.005 0.004 0.003 0.002 0.004 
121 QAc-G-0254    (0)   :  0.917 0.050 0.004 0.003 0.003 0.008 0.003 0.003 0.003 0.004 
122 QAc-G-0255    (0)   :  0.004 0.005 0.909 0.005 0.009 0.028 0.019 0.007 0.007 0.006 
123 QAc-G-0256    (0)   :  0.003 0.006 0.947 0.009 0.006 0.005 0.006 0.003 0.008 0.007 
124 QAc-G-0257    (0)   :  0.002 0.019 0.823 0.003 0.006 0.024 0.010 0.051 0.047 0.013 
125 QAc-G-0258    (0)   :  0.002 0.003 0.961 0.003 0.004 0.009 0.004 0.004 0.005 0.005 
126 QAc-G-0259    (0)   :  0.002 0.003 0.009 0.002 0.002 0.958 0.010 0.010 0.002 0.002 
127 QAc-G-0260    (0)   :  0.005 0.009 0.023 0.034 0.009 0.806 0.012 0.041 0.051 0.010 
128 QAc-G-0261    (0)   :  0.003 0.004 0.030 0.003 0.004 0.522 0.007 0.007 0.408 0.010 
129 QAc-G-0262    (0)   :  0.004 0.008 0.121 0.014 0.015 0.780 0.005 0.015 0.029 0.007 
130 QAc-G-0010    (0)   :  0.015 0.007 0.003 0.039 0.890 0.011 0.015 0.009 0.004 0.006 
131 QAc-G-0011    (0)   :  0.004 0.004 0.004 0.004 0.003 0.021 0.005 0.943 0.005 0.007 
132 QAc-G-0015    (0)   :  0.427 0.299 0.117 0.003 0.012 0.066 0.008 0.049 0.008 0.012 
133 QAc-G-0106    (0)   :  0.002 0.003 0.912 0.003 0.003 0.013 0.005 0.006 0.022 0.032 
134 QAc-G-0107    (0)   :  0.005 0.008 0.943 0.005 0.007 0.014 0.003 0.005 0.004 0.006 
135 QAc-G-0108    (0)   :  0.002 0.002 0.959 0.006 0.004 0.005 0.005 0.004 0.005 0.007 
136 QAc-G-0109    (0)   :  0.007 0.015 0.837 0.004 0.007 0.051 0.005 0.026 0.032 0.016 
137 QAc-G-0110    (0)   :  0.007 0.006 0.780 0.060 0.018 0.023 0.019 0.011 0.003 0.074 
138 QAc-G-0111    (0)   :  0.006 0.005 0.922 0.005 0.019 0.009 0.013 0.009 0.005 0.008 
139 QAc-G-0112    (0)   :  0.012 0.007 0.904 0.022 0.015 0.025 0.004 0.004 0.003 0.005 
140 QAc-G-0113    (0)   :  0.002 0.076 0.810 0.009 0.016 0.048 0.005 0.006 0.020 0.007 
141 QAc-G-0114    (0)   :  0.014 0.014 0.852 0.014 0.011 0.035 0.031 0.007 0.003 0.019 
142 QAc-G-0115    (0)   :  0.003 0.004 0.950 0.008 0.005 0.011 0.004 0.004 0.006 0.005 
143 QAc-G-0116    (0)   :  0.007 0.006 0.936 0.012 0.012 0.008 0.004 0.006 0.006 0.003 
144 QAc-G-0117    (0)   :  0.007 0.018 0.449 0.005 0.047 0.183 0.149 0.014 0.064 0.064 
145 QAc-G-0118    (0)   :  0.002 0.002 0.922 0.004 0.015 0.009 0.005 0.011 0.023 0.007 
146 QAc-G-0119    (0)   :  0.005 0.004 0.915 0.002 0.003 0.015 0.019 0.004 0.021 0.011 
147 QAc-G-0120    (0)   :  0.005 0.008 0.829 0.007 0.006 0.106 0.009 0.011 0.005 0.014 
148 QAc-G-0121    (0)   :  0.004 0.003 0.009 0.007 0.004 0.005 0.006 0.003 0.949 0.009 
149 QAc-G-0122    (0)   :  0.005 0.004 0.008 0.033 0.010 0.005 0.008 0.005 0.914 0.009 
150 QAc-G-0123    (0)   :  0.002 0.003 0.002 0.002 0.002 0.002 0.004 0.002 0.976 0.004 
151 QAc-G-0124    (6)   :  0.003 0.003 0.003 0.003 0.003 0.003 0.004 0.004 0.968 0.006 
152 QAc-G-0125    (0)   :  0.063 0.042 0.032 0.011 0.033 0.271 0.012 0.045 0.489 0.003 
153 QAc-G-0126    (0)   :  0.003 0.029 0.109 0.006 0.005 0.628 0.011 0.014 0.183 0.012 
154 QAc-G-0127    (0)   :  0.003 0.006 0.008 0.003 0.004 0.007 0.006 0.011 0.944 0.006 
155 QAc-G-0128    (0)   :  0.003 0.003 0.003 0.005 0.003 0.003 0.003 0.002 0.971 0.003 
156 QAc-G-0129    (0)   :  0.002 0.002 0.002 0.003 0.002 0.002 0.003 0.002 0.977 0.004 
157 QAc-G-0130    (0)   :  0.002 0.003 0.042 0.004 0.009 0.008 0.008 0.019 0.896 0.011 
158 QAc-G-0131    (0)   :  0.003 0.005 0.005 0.005 0.003 0.004 0.006 0.004 0.960 0.006 
159 QAc-G-0132    (0)   :  0.023 0.009 0.158 0.013 0.017 0.020 0.008 0.007 0.739 0.005 
160 QAc-G-0133    (0)   :  0.004 0.004 0.003 0.004 0.005 0.004 0.005 0.003 0.951 0.017 
161 QAc-G-0134    (0)   :  0.009 0.002 0.005 0.004 0.003 0.005 0.004 0.003 0.960 0.004 
162 QAc-G-0135    (0)   :  0.008 0.007 0.939 0.006 0.004 0.007 0.010 0.006 0.003 0.011 
163 QAc-G-0136    (0)   :  0.007 0.006 0.806 0.005 0.129 0.015 0.004 0.014 0.005 0.007 
164 QAc-G-0137    (0)   :  0.003 0.004 0.908 0.004 0.006 0.017 0.008 0.006 0.035 0.010 
165 QAc-G-0138    (0)   :  0.005 0.008 0.899 0.002 0.030 0.013 0.002 0.033 0.005 0.003 
166 QAc-G-0139    (0)   :  0.002 0.003 0.903 0.003 0.004 0.008 0.021 0.005 0.025 0.026 
167 QAc-G-0140    (6)   :  0.003 0.007 0.846 0.006 0.010 0.016 0.026 0.005 0.047 0.035 
168 QAc-G-0141    (0)   :  0.005 0.056 0.369 0.014 0.023 0.361 0.047 0.043 0.028 0.054 
169 QAc-G-0142    (0)   :  0.002 0.002 0.968 0.003 0.003 0.005 0.006 0.004 0.003 0.005 
170 QAc-G-0143    (0)   :  0.002 0.005 0.004 0.005 0.004 0.961 0.005 0.003 0.003 0.008 
171 QAc-G-0144    (6)   :  0.004 0.005 0.462 0.004 0.012 0.497 0.005 0.004 0.002 0.005 
172 QAc-G-0145    (0)   :  0.003 0.003 0.003 0.970 0.004 0.003 0.003 0.003 0.002 0.006 
173 QAc-G-0146    (0)   :  0.003 0.004 0.002 0.003 0.003 0.003 0.003 0.003 0.972 0.004 
174 QAc-G-0147    (0)   :  0.003 0.008 0.089 0.007 0.026 0.248 0.011 0.296 0.275 0.038 
175 QAc-G-0148    (0)   :  0.004 0.005 0.151 0.004 0.036 0.770 0.009 0.005 0.005 0.011 
176 QAc-G-0149    (0)   :  0.003 0.002 0.003 0.004 0.003 0.003 0.005 0.003 0.971 0.004 
177 QAc-G-0150    (0)   :  0.004 0.004 0.002 0.969 0.004 0.003 0.003 0.004 0.003 0.003 
178 QAc-G-0151    (0)   :  0.003 0.003 0.003 0.003 0.003 0.003 0.004 0.003 0.970 0.004 
179 QAc-G-0152    (0)   :  0.003 0.006 0.002 0.002 0.002 0.003 0.004 0.003 0.968 0.006 
180 QAc-G-0153    (0)   :  0.002 0.002 0.007 0.002 0.064 0.011 0.005 0.017 0.867 0.022 
181 QAc-G-0154    (0)   :  0.003 0.003 0.022 0.011 0.014 0.005 0.010 0.004 0.847 0.081 
182 QAc-G-0155    (0)   :  0.003 0.003 0.002 0.003 0.003 0.003 0.005 0.003 0.971 0.005 
183 QAc-G-0158    (0)   :  0.003 0.003 0.003 0.003 0.003 0.002 0.002 0.003 0.976 0.002 
184 QAc-G-0159    (0)   :  0.010 0.005 0.898 0.014 0.004 0.029 0.006 0.012 0.010 0.012 
185 QAc-G-0160    (0)   :  0.003 0.003 0.002 0.977 0.003 0.002 0.002 0.002 0.003 0.002 
186 QAc-G-0161    (0)   :  0.003 0.003 0.003 0.977 0.003 0.002 0.003 0.002 0.002 0.003 
187 QAc-G-0162    (0)   :  0.007 0.006 0.005 0.064 0.550 0.028 0.072 0.009 0.006 0.255 
188 QAc-G-0163    (0)   :  0.002 0.003 0.020 0.825 0.026 0.033 0.061 0.006 0.003 0.021 
189 QAc-G-0164    (0)   :  0.004 0.014 0.003 0.892 0.003 0.010 0.005 0.062 0.002 0.004 
190 QAc-G-0165    (0)   :  0.002 0.003 0.005 0.957 0.005 0.004 0.005 0.005 0.007 0.007 
191 QAc-G-0166    (0)   :  0.003 0.003 0.003 0.970 0.003 0.003 0.004 0.003 0.003 0.005 
192 QAc-G-0167    (0)   :  0.004 0.003 0.003 0.968 0.003 0.004 0.004 0.004 0.003 0.003 
193 QAc-G-0168    (0)   :  0.004 0.003 0.002 0.977 0.003 0.002 0.003 0.002 0.002 0.003 
194 QAc-G-0169    (6)   :  0.005 0.004 0.055 0.197 0.074 0.638 0.008 0.012 0.004 0.005 
195 QAc-G-0170    (0)   :  0.004 0.003 0.003 0.962 0.006 0.004 0.004 0.004 0.005 0.005 
196 QAc-G-0171    (0)   :  0.004 0.003 0.002 0.969 0.006 0.003 0.003 0.004 0.002 0.004 
197 QAc-G-0172    (0)   :  0.010 0.009 0.848 0.019 0.019 0.055 0.010 0.012 0.012 0.007 
198 QAc-G-0173    (0)   :  0.011 0.004 0.003 0.459 0.509 0.003 0.003 0.003 0.002 0.003 
199 QAc-G-0174    (0)   :  0.006 0.004 0.004 0.023 0.941 0.003 0.005 0.004 0.003 0.007 
200 QAc-G-0175    (0)   :  0.003 0.004 0.002 0.971 0.005 0.003 0.003 0.003 0.002 0.003 
201 QAc-G-0176    (0)   :  0.003 0.016 0.007 0.800 0.009 0.017 0.054 0.005 0.004 0.086 
202 QAc-G-0177    (0)   :  0.003 0.004 0.002 0.970 0.006 0.003 0.003 0.003 0.003 0.004 
203 QAc-G-0178    (0)   :  0.006 0.014 0.003 0.689 0.011 0.012 0.004 0.244 0.013 0.003 
204 QAc-G-0179    (6)   :  0.003 0.003 0.002 0.970 0.006 0.003 0.003 0.002 0.002 0.004 
205 QAc-G-0180    (0)   :  0.003 0.002 0.002 0.976 0.003 0.002 0.003 0.003 0.002 0.003 
206 QAc-G-0181    (0)   :  0.002 0.002 0.003 0.960 0.003 0.004 0.014 0.005 0.003 0.003 
207 QAc-G-0182    (0)   :  0.002 0.003 0.006 0.419 0.544 0.006 0.004 0.004 0.005 0.006 
208 QAc-G-0183    (6)   :  0.004 0.008 0.008 0.941 0.013 0.011 0.004 0.004 0.004 0.003 
209 QAc-G-0184    (0)   :  0.003 0.003 0.003 0.973 0.004 0.003 0.003 0.003 0.003 0.004 
210 QAc-G-0185    (0)   :  0.004 0.007 0.010 0.732 0.064 0.016 0.007 0.113 0.035 0.013 
211 QAc-G-0186    (0)   :  0.002 0.002 0.003 0.958 0.005 0.004 0.014 0.005 0.002 0.004 
212 QAc-G-0187    (0)   :  0.030 0.025 0.005 0.773 0.005 0.027 0.013 0.109 0.005 0.009 
213 QAc-G-0188    (0)   :  0.002 0.004 0.376 0.183 0.012 0.357 0.049 0.007 0.004 0.006 
214 QAc-G-0189    (0)   :  0.012 0.013 0.005 0.911 0.041 0.005 0.002 0.006 0.002 0.003 
215 QAc-G-0190    (0)   :  0.004 0.004 0.002 0.968 0.004 0.003 0.003 0.003 0.004 0.004 
216 QAc-G-0191    (0)   :  0.004 0.004 0.003 0.966 0.005 0.003 0.003 0.003 0.004 0.005 
217 QAc-G-0192    (0)   :  0.003 0.003 0.002 0.976 0.003 0.002 0.002 0.002 0.003 0.003 
218 QAc-G-0193    (0)   :  0.003 0.004 0.003 0.968 0.003 0.003 0.004 0.004 0.004 0.005 
219 QAc-G-0194    (0)   :  0.003 0.006 0.003 0.959 0.004 0.004 0.005 0.005 0.003 0.007 
220 QAc-G-0195    (0)   :  0.025 0.012 0.004 0.052 0.878 0.005 0.011 0.004 0.003 0.006 
221 QAc-G-0196    (0)   :  0.008 0.004 0.002 0.649 0.319 0.004 0.004 0.004 0.002 0.004 
222 QAc-G-0197    (0)   :  0.003 0.003 0.002 0.976 0.003 0.002 0.002 0.002 0.002 0.003 
223 QAc-G-0198    (0)   :  0.003 0.003 0.002 0.969 0.005 0.003 0.004 0.003 0.003 0.006 
224 QAc-G-0199    (0)   :  0.002 0.012 0.005 0.674 0.127 0.016 0.014 0.127 0.017 0.007 
225 QAc-G-0200    (0)   :  0.003 0.003 0.003 0.957 0.006 0.004 0.006 0.005 0.002 0.010 
226 QAc-G-0201    (0)   :  0.004 0.004 0.002 0.446 0.521 0.010 0.003 0.003 0.002 0.004 
227 QAc-G-0202    (6)   :  0.012 0.009 0.005 0.508 0.447 0.004 0.003 0.003 0.003 0.005 
228 QAc-G-0203    (0)   :  0.006 0.013 0.005 0.950 0.003 0.009 0.003 0.002 0.002 0.005 
229 QAc-G-0204    (0)   :  0.005 0.003 0.003 0.962 0.006 0.004 0.005 0.003 0.003 0.005 
230 QAc-G-0205    (0)   :  0.979 0.004 0.002 0.002 0.002 0.002 0.002 0.002 0.002 0.002 
231 QAc-G-0206    (0)   :  0.557 0.029 0.066 0.003 0.004 0.279 0.047 0.006 0.004 0.007 
232 QAc-G-0207    (0)   :  0.008 0.953 0.004 0.006 0.004 0.005 0.006 0.007 0.004 0.004 
233 QAc-G-0208    (0)   :  0.972 0.006 0.002 0.003 0.003 0.003 0.003 0.003 0.003 0.003 
234 QAc-G-0209    (0)   :  0.970 0.006 0.003 0.004 0.004 0.003 0.003 0.003 0.002 0.003 
235 QAc-G-0210    (0)   :  0.171 0.804 0.004 0.003 0.002 0.004 0.003 0.004 0.002 0.002 
236 QAc-G-0211    (0)   :  0.006 0.972 0.003 0.003 0.003 0.003 0.002 0.003 0.003 0.002 
237 QAc-G-0212    (0)   :  0.270 0.702 0.002 0.004 0.003 0.003 0.004 0.003 0.003 0.004 
238 QAc-G-0213    (0)   :  0.017 0.954 0.003 0.004 0.003 0.003 0.005 0.004 0.003 0.005 
239 QAc-G-0214    (0)   :  0.976 0.004 0.002 0.004 0.003 0.002 0.002 0.002 0.002 0.003 
240 QAc-G-0215    (0)   :  0.012 0.962 0.003 0.003 0.003 0.004 0.003 0.004 0.003 0.003 
241 QAc-G-0216    (0)   :  0.110 0.048 0.139 0.016 0.379 0.267 0.020 0.006 0.004 0.009 
242 QAc-G-0217    (0)   :  0.022 0.929 0.005 0.003 0.007 0.005 0.005 0.005 0.016 0.005 
243 QAc-G-0218    (0)   :  0.007 0.959 0.002 0.004 0.003 0.004 0.007 0.005 0.004 0.004 
244 QAc-G-0219    (0)   :  0.004 0.928 0.014 0.006 0.004 0.010 0.008 0.005 0.007 0.014 
245 QAc-G-0220    (0)   :  0.007 0.949 0.003 0.003 0.003 0.020 0.004 0.004 0.003 0.005 
246 QAc-G-0221    (0)   :  0.013 0.911 0.004 0.004 0.015 0.007 0.012 0.023 0.006 0.004 
247 QAc-G-0222    (0)   :  0.972 0.006 0.002 0.003 0.003 0.003 0.003 0.003 0.002 0.003 
248 QAc-G-0223    (0)   :  0.027 0.943 0.004 0.003 0.003 0.003 0.005 0.005 0.004 0.004 
249 QAc-G-0224    (0)   :  0.009 0.963 0.003 0.006 0.004 0.004 0.003 0.004 0.003 0.003 
250 QAc-G-0226    (0)   :  0.971 0.006 0.002 0.003 0.003 0.003 0.003 0.003 0.003 0.003 
251 QAc-G-0227    (0)   :  0.003 0.003 0.003 0.003 0.003 0.004 0.005 0.003 0.007 0.966 
252 QAc-G-0228    (6)   :  0.006 0.032 0.005 0.005 0.006 0.008 0.623 0.006 0.003 0.305 
253 QAc-G-0229    (0)   :  0.005 0.004 0.006 0.004 0.005 0.007 0.007 0.007 0.004 0.951 
254 QAc-G-0230    (0)   :  0.026 0.006 0.008 0.007 0.006 0.005 0.924 0.005 0.003 0.010 
255 QAc-G-0231    (0)   :  0.012 0.961 0.003 0.006 0.003 0.003 0.003 0.003 0.003 0.003 
256 QAc-G-0232    (0)   :  0.002 0.004 0.004 0.002 0.002 0.008 0.926 0.008 0.010 0.034 
257 QAc-G-0233    (0)   :  0.009 0.022 0.003 0.005 0.004 0.055 0.813 0.082 0.004 0.004 
258 QAc-G-0234    (0)   :  0.005 0.003 0.003 0.007 0.007 0.004 0.006 0.007 0.004 0.955 
259 QAc-G-0235    (0)   :  0.011 0.007 0.908 0.004 0.028 0.017 0.006 0.009 0.003 0.008 
260 QAc-G-0236    (0)   :  0.004 0.004 0.005 0.005 0.006 0.005 0.903 0.004 0.011 0.053 
261 QAc-G-0237    (0)   :  0.008 0.021 0.010 0.018 0.011 0.012 0.031 0.014 0.029 0.846 
262 QAc-G-0238    (0)   :  0.005 0.011 0.005 0.005 0.006 0.007 0.723 0.005 0.008 0.224 
263 QAc-G-0239    (0)   :  0.003 0.004 0.005 0.004 0.004 0.007 0.958 0.005 0.003 0.008 
264 QAc-G-0240    (0)   :  0.002 0.002 0.003 0.002 0.002 0.003 0.005 0.004 0.004 0.972 
265 QAc-G-0241    (0)   :  0.007 0.008 0.021 0.007 0.038 0.044 0.792 0.021 0.005 0.057 
266 QAc-G-0242    (0)   :  0.005 0.007 0.003 0.004 0.003 0.006 0.950 0.009 0.007 0.006 
267 QAc-G-0243    (0)   :  0.006 0.031 0.012 0.003 0.007 0.052 0.735 0.081 0.051 0.022 
268 QAc-G-0244    (0)   :  0.004 0.006 0.006 0.004 0.004 0.008 0.004 0.004 0.003 0.957 
269 QAc-G-0245    (0)   :  0.003 0.003 0.003 0.004 0.005 0.003 0.010 0.004 0.008 0.956 
270 QAc-G-0246    (0)   :  0.003 0.004 0.005 0.006 0.003 0.005 0.960 0.004 0.005 0.005 
271 QAc-G-0247    (0)   :  0.003 0.004 0.004 0.002 0.003 0.004 0.958 0.005 0.003 0.013 
272 QAc-G-0248    (0)   :  0.003 0.003 0.005 0.003 0.003 0.005 0.851 0.004 0.004 0.119 
273 QAc-G-0249    (0)   :  0.013 0.005 0.008 0.013 0.007 0.020 0.009 0.913 0.002 0.009 
274 QAc-G-0025    (0)   :  0.975 0.004 0.002 0.003 0.002 0.002 0.003 0.002 0.002 0.003 
275 QAc-G-0028    (0)   :  0.016 0.028 0.003 0.009 0.005 0.008 0.865 0.036 0.004 0.028 
276 QAc-G-0275    (0)   :  0.010 0.951 0.003 0.013 0.005 0.004 0.005 0.003 0.002 0.004 
277 QAc-G-0263    (0)   :  0.008 0.023 0.011 0.011 0.464 0.328 0.005 0.141 0.005 0.005 
278 QAc-W-0001    (0)   :  0.005 0.005 0.016 0.003 0.004 0.010 0.869 0.006 0.048 0.034 
279 QAc-W-0002    (0)   :  0.005 0.006 0.033 0.027 0.008 0.028 0.505 0.021 0.003 0.364 
280 QAc-W-0003    (0)   :  0.009 0.073 0.023 0.006 0.033 0.015 0.811 0.006 0.012 0.012 
281 QAc-W-0004    (0)   :  0.014 0.011 0.004 0.009 0.005 0.005 0.906 0.007 0.006 0.033 
282 QAc-W-0005    (0)   :  0.007 0.004 0.006 0.008 0.012 0.009 0.910 0.013 0.017 0.015 
283 QAc-W-0006    (0)   :  0.007 0.008 0.010 0.008 0.004 0.009 0.893 0.012 0.010 0.040 
284 QAc-W-0007   (13)   :  0.005 0.007 0.004 0.004 0.004 0.005 0.939 0.008 0.006 0.016 
285 QAc-W-0008    (6)   :  0.002 0.003 0.010 0.005 0.006 0.032 0.876 0.039 0.003 0.023 
286 QAc-W-0009    (0)   :  0.004 0.009 0.090 0.013 0.004 0.054 0.764 0.027 0.006 0.028 
287 QAc-W-0010    (0)   :  0.004 0.005 0.011 0.006 0.040 0.029 0.833 0.054 0.012 0.006 
288 QAc-W-0011    (0)   :  0.007 0.008 0.015 0.049 0.019 0.019 0.835 0.005 0.020 0.024 
289 QAc-W-0012    (0)   :  0.006 0.004 0.005 0.027 0.006 0.012 0.882 0.009 0.005 0.043 
290 QAc-W-0013    (0)   :  0.030 0.142 0.067 0.008 0.005 0.012 0.358 0.007 0.004 0.366 
291 QAc-W-0014    (0)   :  0.009 0.003 0.005 0.004 0.019 0.008 0.885 0.044 0.005 0.018 
292 QAc-W-0015    (0)   :  0.013 0.030 0.009 0.011 0.027 0.005 0.014 0.013 0.003 0.875 
293 QAc-W-0016    (0)   :  0.011 0.007 0.015 0.007 0.017 0.083 0.797 0.056 0.004 0.005 
294 QAc-W-0017    (0)   :  0.005 0.067 0.065 0.009 0.115 0.161 0.031 0.155 0.008 0.384 
295 QAc-W-0018    (0)   :  0.023 0.040 0.035 0.003 0.004 0.245 0.592 0.023 0.011 0.023 
296 QAc-W-0019    (0)   :  0.010 0.006 0.015 0.007 0.007 0.007 0.909 0.016 0.006 0.017 
297 QAc-W-0020    (0)   :  0.003 0.003 0.009 0.004 0.007 0.028 0.870 0.004 0.067 0.006 
298 QAc-W-0021    (0)   :  0.205 0.024 0.046 0.011 0.004 0.142 0.502 0.039 0.016 0.010 
299 QAc-W-0022    (0)   :  0.016 0.016 0.014 0.009 0.063 0.133 0.092 0.245 0.006 0.406 
300 QAc-W-0023    (6)   :  0.030 0.011 0.194 0.004 0.006 0.074 0.347 0.101 0.055 0.180 
301 QAc-W-0024    (0)   :  0.086 0.082 0.035 0.046 0.008 0.243 0.387 0.028 0.009 0.077 
302 QAc-W-0025    (0)   :  0.004 0.004 0.004 0.007 0.003 0.006 0.897 0.005 0.004 0.065 
303 QAc-W-0026    (0)   :  0.027 0.033 0.013 0.063 0.038 0.112 0.455 0.083 0.105 0.070 
304 QAc-W-0027    (0)   :  0.003 0.004 0.012 0.007 0.003 0.015 0.273 0.023 0.003 0.657 
305 QAc-W-0028    (0)   :  0.003 0.003 0.006 0.006 0.006 0.006 0.933 0.005 0.004 0.028 
306 QAc-W-0029    (0)   :  0.005 0.005 0.008 0.003 0.003 0.010 0.938 0.004 0.008 0.015 
307 QAc-W-0030    (0)   :  0.004 0.004 0.005 0.011 0.007 0.007 0.925 0.004 0.009 0.025 
308 QAc-W-0031    (0)   :  0.057 0.036 0.008 0.006 0.003 0.008 0.832 0.005 0.003 0.041 
309 QAc-W-0032    (0)   :  0.004 0.004 0.003 0.002 0.003 0.004 0.953 0.007 0.012 0.010 
310 QAc-W-0033    (0)   :  0.007 0.010 0.005 0.006 0.007 0.112 0.799 0.024 0.017 0.013 
311 QAc-W-0034    (0)   :  0.006 0.004 0.025 0.005 0.003 0.010 0.816 0.010 0.005 0.116 
312 QAc-W-0035    (0)   :  0.015 0.013 0.006 0.021 0.016 0.050 0.679 0.057 0.005 0.139 
313 QAc-W-0036    (0)   :  0.004 0.004 0.012 0.003 0.006 0.011 0.444 0.013 0.064 0.440 
314 QAc-W-0037    (0)   :  0.015 0.013 0.004 0.018 0.004 0.008 0.016 0.005 0.016 0.901 
315 QAc-W-0038    (0)   :  0.004 0.006 0.013 0.015 0.035 0.043 0.661 0.010 0.017 0.197 
316 QAc-W-0039    (0)   :  0.005 0.018 0.014 0.032 0.012 0.008 0.788 0.009 0.031 0.084 
317 QAc-W-0040    (0)   :  0.005 0.015 0.006 0.013 0.011 0.125 0.590 0.186 0.021 0.028 
318 QAc-W-0041    (0)   :  0.012 0.155 0.053 0.024 0.006 0.045 0.566 0.017 0.005 0.118 
319 QAc-W-0042    (0)   :  0.003 0.042 0.574 0.024 0.010 0.031 0.013 0.010 0.256 0.038 
320 QAc-W-0043    (0)   :  0.003 0.012 0.816 0.028 0.009 0.012 0.006 0.005 0.007 0.101 
321 QAc-W-0044    (0)   :  0.004 0.007 0.354 0.021 0.046 0.034 0.083 0.071 0.272 0.107 
322 QAc-W-0045    (0)   :  0.004 0.009 0.903 0.010 0.004 0.019 0.008 0.007 0.014 0.023 
323 QAc-W-0046    (0)   :  0.005 0.024 0.876 0.016 0.004 0.008 0.008 0.006 0.010 0.044 
324 QAc-W-0047    (0)   :  0.004 0.003 0.800 0.008 0.024 0.010 0.020 0.017 0.022 0.093 
325 QAc-W-0048    (0)   :  0.007 0.005 0.896 0.004 0.004 0.013 0.013 0.005 0.043 0.012 
326 QAc-W-0049    (0)   :  0.010 0.005 0.893 0.005 0.004 0.007 0.005 0.005 0.058 0.009 
327 QAc-W-0050    (0)   :  0.016 0.006 0.287 0.006 0.005 0.652 0.004 0.011 0.007 0.006 
328 QAc-W-0051    (0)   :  0.006 0.007 0.119 0.007 0.052 0.765 0.012 0.006 0.022 0.005 
329 QAc-W-0052    (0)   :  0.003 0.002 0.003 0.004 0.003 0.003 0.004 0.003 0.971 0.004 
330 QAc-W-0053    (0)   :  0.003 0.004 0.936 0.004 0.005 0.007 0.014 0.009 0.010 0.009 
331 QAc-W-0054    (0)   :  0.005 0.005 0.024 0.053 0.066 0.754 0.010 0.043 0.032 0.008 
332 QAc-W-0055    (0)   :  0.036 0.013 0.054 0.324 0.094 0.442 0.006 0.019 0.007 0.005 
333 QAc-W-0056    (0)   :  0.012 0.012 0.009 0.005 0.013 0.878 0.032 0.009 0.007 0.023 
334 QAc-W-0057    (0)   :  0.064 0.018 0.155 0.004 0.165 0.550 0.013 0.011 0.007 0.013 
335 QAc-W-0058    (0)   :  0.220 0.018 0.447 0.013 0.017 0.265 0.005 0.004 0.008 0.004 
336 QAc-W-0059    (0)   :  0.003 0.002 0.969 0.004 0.004 0.003 0.003 0.003 0.004 0.005 
337 QAc-W-0060    (0)   :  0.002 0.004 0.007 0.011 0.857 0.009 0.005 0.007 0.040 0.058 
338 QAc-W-0061    (0)   :  0.016 0.009 0.041 0.054 0.726 0.024 0.008 0.033 0.004 0.085 
339 QAc-W-0062    (0)   :  0.003 0.010 0.003 0.008 0.939 0.004 0.003 0.008 0.016 0.005 
340 QAc-W-0063    (0)   :  0.006 0.012 0.005 0.011 0.908 0.013 0.011 0.014 0.015 0.006 
341 QAc-W-0064    (0)   :  0.005 0.008 0.003 0.013 0.931 0.009 0.013 0.007 0.005 0.006 
342 QAc-W-0065    (0)   :  0.008 0.006 0.012 0.005 0.858 0.030 0.010 0.038 0.006 0.027 
343 QAc-W-0066    (0)   :  0.005 0.003 0.002 0.974 0.003 0.002 0.003 0.002 0.002 0.003 
344 QAc-W-0067    (0)   :  0.003 0.003 0.002 0.975 0.003 0.002 0.002 0.003 0.003 0.003 
345 QAc-W-0068    (0)   :  0.003 0.002 0.002 0.971 0.007 0.003 0.003 0.002 0.002 0.003 
346 QAc-W-0069    (0)   :  0.004 0.003 0.002 0.971 0.006 0.002 0.003 0.003 0.002 0.004 
347 QAc-W-0070    (0)   :  0.003 0.003 0.002 0.580 0.398 0.003 0.002 0.003 0.002 0.003 
348 QAc-W-0071    (6)   :  0.010 0.006 0.005 0.248 0.707 0.005 0.004 0.004 0.004 0.007 
349 QAc-W-0072    (0)   :  0.005 0.010 0.003 0.004 0.808 0.016 0.014 0.130 0.004 0.006 
350 QAc-W-0073    (0)   :  0.006 0.005 0.041 0.004 0.902 0.011 0.008 0.007 0.007 0.009 
351 QAc-W-0074    (0)   :  0.004 0.004 0.003 0.004 0.968 0.003 0.003 0.004 0.003 0.004 
352 QAc-W-0075    (0)   :  0.007 0.004 0.003 0.016 0.956 0.003 0.003 0.004 0.002 0.003 
353 QAc-W-0076    (0)   :  0.012 0.004 0.004 0.004 0.937 0.005 0.004 0.025 0.002 0.003 
354 QAc-W-0077    (0)   :  0.002 0.005 0.009 0.140 0.814 0.005 0.005 0.006 0.004 0.010 
355 QAc-W-0078    (0)   :  0.163 0.354 0.007 0.089 0.007 0.146 0.068 0.127 0.012 0.026 
356 QAc-W-0079    (6)   :  0.923 0.005 0.007 0.018 0.007 0.005 0.008 0.008 0.005 0.014 
357 QAc-W-0080   (13)   :  0.931 0.004 0.008 0.003 0.003 0.009 0.032 0.004 0.002 0.004 
358 QAc-W-0081    (0)   :  0.019 0.949 0.003 0.004 0.004 0.004 0.005 0.003 0.005 0.003 
359 QAc-W-0082    (0)   :  0.005 0.497 0.084 0.003 0.006 0.389 0.005 0.005 0.002 0.004 
360 QAc-W-0083    (0)   :  0.016 0.877 0.006 0.011 0.033 0.008 0.013 0.016 0.010 0.009 
361 QAc-W-0084    (0)   :  0.007 0.967 0.002 0.003 0.003 0.003 0.004 0.003 0.004 0.003 
362 QAc-W-0085    (0)   :  0.003 0.974 0.002 0.004 0.003 0.003 0.003 0.003 0.003 0.002 
363 QAc-W-0086    (0)   :  0.006 0.961 0.003 0.006 0.003 0.004 0.005 0.006 0.003 0.004 
364 QAc-W-0087    (0)   :  0.021 0.936 0.010 0.005 0.003 0.006 0.004 0.008 0.003 0.005 
365 QAc-W-0088    (0)   :  0.018 0.916 0.020 0.004 0.003 0.020 0.004 0.005 0.003 0.006 
366 QAc-W-0089    (0)   :  0.103 0.855 0.004 0.008 0.005 0.005 0.008 0.003 0.003 0.006 
367 QAc-W-0090    (0)   :  0.035 0.928 0.003 0.008 0.004 0.005 0.006 0.003 0.003 0.004 
368 QAc-W-0091    (0)   :  0.048 0.895 0.009 0.004 0.006 0.014 0.004 0.008 0.007 0.005 
369 QAc-W-0092    (0)   :  0.008 0.704 0.007 0.007 0.004 0.006 0.025 0.007 0.201 0.032 
370 QAc-W-0093    (0)   :  0.077 0.675 0.020 0.002 0.006 0.077 0.082 0.034 0.006 0.020 
371 QAc-W-0094    (0)   :  0.005 0.795 0.008 0.003 0.018 0.022 0.044 0.010 0.086 0.009 
372 QAc-W-0095    (0)   :  0.095 0.811 0.008 0.003 0.013 0.008 0.022 0.006 0.027 0.007 
373 QAc-W-0096    (0)   :  0.008 0.809 0.011 0.006 0.042 0.019 0.029 0.011 0.058 0.008 
374 QAc-W-0097    (0)   :  0.033 0.669 0.045 0.006 0.006 0.039 0.043 0.005 0.006 0.148 
375 QAc-W-0098    (0)   :  0.246 0.703 0.012 0.004 0.003 0.010 0.006 0.005 0.005 0.006 
376 QAc-W-0099    (0)   :  0.004 0.884 0.013 0.004 0.005 0.026 0.013 0.030 0.007 0.015 
377 QAc-W-0100    (0)   :  0.015 0.950 0.004 0.003 0.003 0.008 0.004 0.005 0.003 0.005 
378 QAc-W-0101    (0)   :  0.015 0.931 0.003 0.019 0.008 0.005 0.004 0.007 0.003 0.005 
379 QAc-W-0104    (0)   :  0.028 0.910 0.014 0.003 0.005 0.009 0.006 0.016 0.003 0.007 
380 QAc-W-0105    (0)   :  0.009 0.956 0.002 0.005 0.004 0.004 0.005 0.003 0.006 0.005 
381 QAc-W-0106    (0)   :  0.005 0.940 0.003 0.005 0.003 0.008 0.007 0.006 0.015 0.008 
382 QAc-W-0107    (0)   :  0.967 0.006 0.003 0.004 0.005 0.003 0.003 0.003 0.003 0.003 
383 QAc-W-0108    (0)   :  0.975 0.004 0.002 0.003 0.003 0.002 0.003 0.003 0.002 0.002 
384 QAc-W-0109    (0)   :  0.131 0.775 0.019 0.027 0.007 0.010 0.013 0.004 0.007 0.006 
385 QAc-W-0110   (13)   :  0.007 0.482 0.009 0.006 0.007 0.024 0.425 0.022 0.004 0.014 
386 QAc-W-0111    (6)   :  0.552 0.385 0.006 0.008 0.004 0.012 0.011 0.004 0.006 0.012 
387 QAc-W-0112   (13)   :  0.028 0.904 0.008 0.004 0.004 0.013 0.007 0.013 0.007 0.013 
388 QAc-W-0113   (13)   :  0.004 0.006 0.005 0.003 0.005 0.008 0.009 0.947 0.003 0.009 
389 QAc-W-0114   (13)   :  0.025 0.007 0.018 0.005 0.003 0.007 0.005 0.917 0.008 0.006 
390 QAc-W-0115    (0)   :  0.004 0.006 0.003 0.004 0.005 0.006 0.008 0.950 0.004 0.010 
391 QAc-W-0116    (0)   :  0.005 0.004 0.013 0.002 0.003 0.009 0.014 0.921 0.013 0.017 
392 QAc-W-0117    (0)   :  0.002 0.003 0.008 0.004 0.004 0.006 0.005 0.956 0.003 0.008 
393 QAc-W-0118    (0)   :  0.018 0.013 0.005 0.020 0.028 0.008 0.005 0.894 0.004 0.005 
394 QAc-W-0119    (0)   :  0.005 0.003 0.004 0.009 0.003 0.009 0.007 0.947 0.006 0.007 
395 QAc-W-0120    (0)   :  0.004 0.009 0.008 0.013 0.014 0.019 0.017 0.909 0.003 0.004 
396 QAc-W-0121    (0)   :  0.004 0.003 0.008 0.047 0.010 0.011 0.008 0.901 0.002 0.006 
397 QAc-W-0122    (0)   :  0.006 0.004 0.015 0.003 0.006 0.013 0.013 0.930 0.005 0.006 
398 QAc-W-0123    (6)   :  0.011 0.016 0.013 0.010 0.011 0.026 0.006 0.881 0.011 0.016 
399 QAc-W-0124    (0)   :  0.009 0.096 0.004 0.013 0.191 0.017 0.035 0.579 0.009 0.047 
400 QAc-W-0125    (0)   :  0.009 0.013 0.007 0.007 0.006 0.008 0.004 0.931 0.009 0.007 
401 QAc-W-0126   (13)   :  0.008 0.028 0.011 0.006 0.007 0.028 0.006 0.885 0.011 0.010 
402 QAc-W-0127    (6)   :  0.004 0.003 0.004 0.004 0.005 0.008 0.007 0.955 0.005 0.005 
403 QAc-W-0128   (13)   :  0.025 0.034 0.010 0.013 0.006 0.014 0.011 0.876 0.003 0.008 
404 QAc-W-0129   (13)   :  0.005 0.004 0.019 0.006 0.012 0.024 0.067 0.851 0.005 0.007 
405 QAc-W-0130   (13)   :  0.006 0.008 0.008 0.006 0.004 0.007 0.042 0.914 0.003 0.004 
406 QAc-W-0131    (0)   :  0.009 0.004 0.004 0.004 0.008 0.058 0.006 0.861 0.042 0.004 
407 QAc-W-0132    (6)   :  0.009 0.017 0.005 0.050 0.025 0.009 0.019 0.819 0.018 0.028 
408 QAc-W-0133    (6)   :  0.009 0.051 0.006 0.123 0.019 0.321 0.007 0.454 0.006 0.005 
409 QAc-W-0134    (0)   :  0.004 0.004 0.005 0.004 0.005 0.004 0.003 0.961 0.005 0.005 
410 QAc-W-0135    (0)   :  0.007 0.005 0.007 0.012 0.018 0.007 0.057 0.862 0.003 0.022 
411 QAc-W-0136    (0)   :  0.002 0.004 0.003 0.003 0.003 0.004 0.004 0.963 0.009 0.005 
412 QAc-W-0137    (0)   :  0.002 0.002 0.003 0.003 0.004 0.003 0.004 0.969 0.005 0.004 
413 QAc-W-0138    (0)   :  0.002 0.003 0.003 0.003 0.004 0.004 0.006 0.966 0.005 0.005 
414 QAc-W-0139    (0)   :  0.038 0.019 0.005 0.006 0.204 0.019 0.030 0.659 0.007 0.012 
415 QAc-W-0140    (0)   :  0.005 0.006 0.054 0.004 0.004 0.014 0.022 0.855 0.003 0.033 
416 QAc-W-0141    (6)   :  0.006 0.005 0.019 0.016 0.008 0.044 0.036 0.811 0.004 0.050 
417 QAc-W-0142    (0)   :  0.004 0.003 0.005 0.006 0.007 0.005 0.004 0.960 0.003 0.003 
