

----------------------------------------------------
STRUCTURE by Pritchard, Stephens and Donnelly (2000)
     and Falush, Stephens and Pritchard (2003)
       Code by Pritchard, Falush and Hubisz
             Version 2.3.4 (Jul 2012)
----------------------------------------------------



Command line arguments:   bin\structure -m C:\Users\eschumacher\Documents\GitHub\GCC_QUAC_ZAIN\Data_Files\Structure_Files\QUAC\QUAC_woK_nopopinfo_garden_wild\QUAC_woK_nopopinfo_garden_wild\50-50\mainparams -e C:\Users\eschumacher\Documents\GitHub\GCC_QUAC_ZAIN\Data_Files\Structure_Files\QUAC\QUAC_woK_nopopinfo_garden_wild\QUAC_woK_nopopinfo_garden_wild\50-50\extraparams 
Input File:    C:\Users\eschumacher\Documents\GitHub\GCC_QUAC_ZAIN\Data_Files\Structure_Files\QUAC\QUAC_woK_nopopinfo_garden_wild\QUAC_woK_nopopinfo_garden_wild\project_data

Run parameters:
   441 individuals
   15 loci
   10 populations assumed
   50000 Burn-in period
   50000 Reps


--------------------------------------------
Overall proportion of membership of the
sample in each of the 10 clusters

Inferred Clusters
  1      2      3      4      5      6      7      8      9     10    
0.143  0.126  0.123  0.071  0.065  0.096  0.125  0.110  0.076  0.065  

--------------------------------------------

Allele-freq. divergence among pops (Net nucleotide distance),
computed using point estimates of P.

      1       2       3       4       5       6       7       8       9      10      
 1      -    0.1295  0.1206  0.1671  0.0953  0.1198  0.1410  0.1281  0.1919  0.0935  
 2   0.1295     -    0.0714  0.1014  0.0294  0.0549  0.0961  0.0669  0.1605  0.0833  
 3   0.1206  0.0714     -    0.1105  0.0405  0.0395  0.1144  0.0758  0.1650  0.1052  
 4   0.1671  0.1014  0.1105     -    0.0811  0.0998  0.1563  0.1015  0.2229  0.1397  
 5   0.0953  0.0294  0.0405  0.0811     -    0.0334  0.0654  0.0335  0.1182  0.0587  
 6   0.1198  0.0549  0.0395  0.0998  0.0334     -    0.0955  0.0762  0.1423  0.0984  
 7   0.1410  0.0961  0.1144  0.1563  0.0654  0.0955     -    0.1202  0.0823  0.1152  
 8   0.1281  0.0669  0.0758  0.1015  0.0335  0.0762  0.1202     -    0.1684  0.0873  
 9   0.1919  0.1605  0.1650  0.2229  0.1182  0.1423  0.0823  0.1684     -    0.1412  
10   0.0935  0.0833  0.1052  0.1397  0.0587  0.0984  0.1152  0.0873  0.1412     -    

Average distances (expected heterozygosity) between individuals in same cluster:
cluster  1  : 0.3996 
cluster  2  : 0.5539 
cluster  3  : 0.5483 
cluster  4  : 0.4645 
cluster  5  : 0.6934 
cluster  6  : 0.5465 
cluster  7  : 0.5039 
cluster  8  : 0.6187 
cluster  9  : 0.3930 
cluster 10  : 0.5130 

--------------------------------------------
Estimated Ln Prob of Data   = -15244.0
Mean value of ln likelihood = -14794.7
Variance of ln likelihood   = 898.7
Mean value of alpha         = 0.0333

Mean value of Fst_1         = 0.4948
Mean value of Fst_2         = 0.1426
Mean value of Fst_3         = 0.2113
Mean value of Fst_4         = 0.4141
Mean value of Fst_5         = 0.0024
Mean value of Fst_6         = 0.1566
Mean value of Fst_7         = 0.2475
Mean value of Fst_8         = 0.0940
Mean value of Fst_9         = 0.5496
Mean value of Fst_10         = 0.2578


Inferred ancestry of individuals:
        Label (%Miss) :  Inferred clusters
  1 QAc-G-0029    (0)   :  0.023 0.016 0.062 0.007 0.046 0.019 0.200 0.004 0.615 0.008 
  2 QAc-G-0030    (0)   :  0.002 0.002 0.002 0.002 0.003 0.002 0.003 0.002 0.978 0.002 
  3 QAc-G-0031    (0)   :  0.004 0.003 0.002 0.002 0.002 0.002 0.005 0.002 0.973 0.004 
  4 QAc-G-0061    (0)   :  0.004 0.004 0.005 0.004 0.003 0.005 0.838 0.002 0.132 0.003 
  5 QAc-G-0062    (0)   :  0.022 0.105 0.005 0.430 0.063 0.010 0.005 0.006 0.006 0.348 
  6 QAc-G-0063    (0)   :  0.533 0.031 0.060 0.013 0.098 0.075 0.005 0.009 0.005 0.173 
  7 QAc-G-0064    (0)   :  0.006 0.003 0.006 0.965 0.003 0.003 0.003 0.003 0.003 0.005 
  8 QAc-G-0065    (0)   :  0.003 0.003 0.003 0.969 0.003 0.003 0.003 0.004 0.008 0.002 
  9 QAc-G-0066    (0)   :  0.972 0.003 0.004 0.002 0.003 0.003 0.004 0.002 0.004 0.003 
 10 QAc-G-0067    (0)   :  0.003 0.004 0.003 0.966 0.003 0.003 0.008 0.003 0.005 0.003 
 11 QAc-G-0068    (0)   :  0.577 0.014 0.003 0.006 0.093 0.004 0.004 0.293 0.003 0.004 
 12 QAc-G-0070    (0)   :  0.531 0.313 0.007 0.008 0.016 0.015 0.006 0.006 0.004 0.093 
 13 QAc-G-0071   (13)   :  0.898 0.006 0.005 0.003 0.007 0.003 0.011 0.007 0.019 0.041 
 14 QAc-G-0072    (0)   :  0.968 0.004 0.004 0.003 0.003 0.005 0.003 0.002 0.003 0.003 
 15 QAc-G-0073    (0)   :  0.003 0.004 0.967 0.003 0.004 0.007 0.004 0.003 0.003 0.003 
 16 QAc-G-0074    (0)   :  0.146 0.038 0.283 0.005 0.035 0.367 0.005 0.013 0.005 0.104 
 17 QAc-G-0075    (0)   :  0.028 0.007 0.607 0.010 0.026 0.266 0.006 0.013 0.025 0.013 
 18 QAc-G-0076    (0)   :  0.013 0.015 0.578 0.011 0.134 0.216 0.011 0.008 0.011 0.004 
 19 QAc-G-0077    (0)   :  0.009 0.003 0.005 0.007 0.004 0.008 0.821 0.004 0.133 0.006 
 20 QAc-G-0078    (0)   :  0.003 0.002 0.002 0.002 0.002 0.002 0.003 0.002 0.979 0.003 
 21 QAc-G-0079    (0)   :  0.003 0.002 0.003 0.002 0.003 0.002 0.004 0.003 0.975 0.003 
 22 QAc-G-0080    (0)   :  0.006 0.004 0.119 0.018 0.047 0.010 0.769 0.010 0.003 0.014 
 23 QAc-G-0081    (0)   :  0.004 0.220 0.011 0.004 0.685 0.026 0.005 0.014 0.006 0.025 
 24 QAc-G-0082    (0)   :  0.002 0.014 0.017 0.003 0.930 0.009 0.005 0.010 0.002 0.008 
 25 QAc-G-0083    (0)   :  0.012 0.011 0.013 0.012 0.009 0.067 0.014 0.005 0.009 0.847 
 26 QAc-G-0001   (13)   :  0.004 0.003 0.002 0.002 0.002 0.003 0.005 0.003 0.973 0.003 
 27 QAc-G-0002    (0)   :  0.003 0.002 0.002 0.002 0.002 0.002 0.005 0.002 0.977 0.002 
 28 QAc-G-0285    (0)   :  0.015 0.007 0.005 0.004 0.006 0.005 0.005 0.008 0.006 0.940 
 29 QAc-G-0286    (0)   :  0.973 0.003 0.003 0.003 0.003 0.003 0.003 0.003 0.003 0.005 
 30 QAc-G-0287    (0)   :  0.977 0.003 0.003 0.002 0.002 0.002 0.003 0.002 0.003 0.003 
 31 QAc-G-0288    (6)   :  0.847 0.035 0.013 0.008 0.013 0.022 0.025 0.006 0.021 0.007 
 32 QAc-G-0289    (0)   :  0.973 0.003 0.003 0.003 0.003 0.003 0.004 0.002 0.003 0.003 
 33 QAc-G-0290    (0)   :  0.969 0.004 0.003 0.006 0.003 0.004 0.003 0.003 0.003 0.003 
 34 QAc-G-0291    (0)   :  0.905 0.002 0.006 0.003 0.005 0.004 0.018 0.003 0.036 0.018 
 35 QAc-G-0292    (0)   :  0.239 0.010 0.005 0.003 0.006 0.005 0.004 0.006 0.003 0.720 
 36 QAc-G-0293    (0)   :  0.494 0.002 0.003 0.002 0.003 0.002 0.004 0.003 0.012 0.475 
 37 QAc-G-0294    (0)   :  0.004 0.008 0.393 0.008 0.028 0.512 0.008 0.024 0.010 0.004 
 38 QAc-G-0295    (0)   :  0.009 0.003 0.932 0.004 0.006 0.019 0.009 0.004 0.006 0.006 
 39 QAc-G-0296    (0)   :  0.007 0.005 0.948 0.009 0.004 0.012 0.005 0.004 0.003 0.005 
 40 QAc-G-0297    (0)   :  0.003 0.008 0.159 0.005 0.621 0.161 0.005 0.033 0.002 0.003 
 41 QAc-G-0298    (6)   :  0.003 0.003 0.958 0.003 0.005 0.011 0.005 0.004 0.004 0.004 
 42 QAc-G-0299    (0)   :  0.009 0.004 0.580 0.004 0.014 0.358 0.005 0.016 0.004 0.006 
 43 QAc-G-0300    (0)   :  0.004 0.013 0.879 0.027 0.008 0.055 0.004 0.005 0.003 0.004 
 44 QAc-G-0301    (0)   :  0.017 0.005 0.730 0.156 0.009 0.055 0.006 0.005 0.007 0.010 
 45 QAc-G-0302    (0)   :  0.005 0.004 0.005 0.003 0.013 0.030 0.004 0.926 0.003 0.006 
 46 QAc-G-0303    (0)   :  0.003 0.034 0.009 0.005 0.036 0.005 0.007 0.889 0.003 0.009 
 47 QAc-G-0304    (0)   :  0.972 0.003 0.004 0.002 0.003 0.003 0.003 0.002 0.003 0.006 
 48 QAc-G-0305    (0)   :  0.512 0.044 0.005 0.003 0.039 0.008 0.033 0.084 0.037 0.234 
 49 QAc-G-0306    (0)   :  0.974 0.003 0.002 0.002 0.002 0.002 0.004 0.002 0.003 0.005 
 50 QAc-G-0307    (0)   :  0.005 0.037 0.009 0.005 0.019 0.009 0.840 0.010 0.043 0.023 
 51 QAc-G-0308    (0)   :  0.010 0.006 0.011 0.003 0.004 0.005 0.945 0.006 0.004 0.007 
 52 QAc-G-0309    (0)   :  0.004 0.003 0.003 0.002 0.014 0.005 0.006 0.003 0.955 0.005 
 53 QAc-G-0310    (0)   :  0.003 0.003 0.003 0.003 0.002 0.004 0.005 0.002 0.973 0.003 
 54 QAc-G-0311    (0)   :  0.003 0.002 0.002 0.002 0.002 0.002 0.976 0.002 0.006 0.002 
 55 QAc-G-0312    (0)   :  0.007 0.059 0.085 0.012 0.060 0.055 0.641 0.068 0.007 0.006 
 56 QAc-G-0313    (0)   :  0.007 0.067 0.012 0.006 0.832 0.009 0.005 0.006 0.023 0.033 
 57 QAc-G-0314    (0)   :  0.004 0.065 0.052 0.007 0.755 0.078 0.009 0.019 0.007 0.003 
 58 QAc-G-0315    (0)   :  0.007 0.010 0.005 0.005 0.939 0.013 0.004 0.009 0.003 0.005 
 59 QAc-G-0316    (0)   :  0.007 0.145 0.005 0.008 0.775 0.013 0.013 0.006 0.019 0.008 
 60 QAc-G-0032    (6)   :  0.007 0.009 0.015 0.186 0.099 0.008 0.006 0.654 0.012 0.003 
 61 QAc-G-0033    (0)   :  0.005 0.006 0.546 0.009 0.005 0.408 0.005 0.005 0.007 0.004 
 62 QAc-G-0034    (0)   :  0.004 0.020 0.847 0.007 0.012 0.031 0.047 0.008 0.022 0.004 
 63 QAc-G-0035    (0)   :  0.010 0.005 0.083 0.009 0.011 0.855 0.007 0.005 0.005 0.010 
 64 QAc-G-0036    (0)   :  0.016 0.014 0.910 0.004 0.011 0.011 0.005 0.004 0.006 0.017 
 65 QAc-G-0037    (0)   :  0.011 0.003 0.950 0.004 0.004 0.007 0.009 0.002 0.005 0.004 
 66 QAc-G-0038    (0)   :  0.003 0.013 0.942 0.003 0.006 0.024 0.002 0.003 0.002 0.003 
 67 QAc-G-0039    (0)   :  0.006 0.025 0.462 0.006 0.038 0.390 0.037 0.016 0.015 0.004 
 68 QAc-G-0040    (0)   :  0.050 0.078 0.799 0.003 0.013 0.028 0.007 0.007 0.005 0.009 
 69 QAc-G-0041    (0)   :  0.002 0.017 0.924 0.023 0.005 0.003 0.003 0.002 0.003 0.017 
 70 QAc-G-0042    (0)   :  0.009 0.006 0.953 0.005 0.004 0.008 0.004 0.005 0.002 0.005 
 71 QAc-G-0043    (0)   :  0.005 0.004 0.920 0.003 0.009 0.039 0.007 0.005 0.006 0.004 
 72 QAc-G-0044    (0)   :  0.010 0.007 0.871 0.046 0.013 0.023 0.004 0.015 0.005 0.006 
 73 QAc-G-0045    (0)   :  0.006 0.007 0.757 0.014 0.005 0.151 0.038 0.005 0.012 0.004 
 74 QAc-G-0046    (0)   :  0.002 0.018 0.780 0.007 0.027 0.097 0.022 0.005 0.038 0.004 
 75 QAc-G-0047    (0)   :  0.005 0.006 0.094 0.005 0.016 0.829 0.019 0.009 0.013 0.004 
 76 QAc-G-0048    (0)   :  0.003 0.006 0.958 0.005 0.006 0.010 0.003 0.003 0.002 0.004 
 77 QAc-G-0049    (0)   :  0.004 0.003 0.002 0.002 0.003 0.003 0.007 0.002 0.971 0.003 
 78 QAc-G-0050    (0)   :  0.019 0.016 0.004 0.004 0.819 0.005 0.061 0.054 0.012 0.006 
 79 QAc-G-0051    (0)   :  0.003 0.002 0.002 0.002 0.002 0.002 0.004 0.002 0.977 0.003 
 80 QAc-G-0052    (0)   :  0.003 0.006 0.006 0.007 0.006 0.005 0.954 0.003 0.007 0.003 
 81 QAc-G-0053    (0)   :  0.007 0.003 0.015 0.004 0.007 0.010 0.934 0.002 0.014 0.005 
 82 QAc-G-0054    (0)   :  0.004 0.095 0.024 0.004 0.305 0.006 0.531 0.026 0.003 0.003 
 83 QAc-G-0055    (0)   :  0.004 0.017 0.023 0.003 0.212 0.007 0.623 0.103 0.004 0.004 
 84 QAc-G-0056    (0)   :  0.012 0.056 0.006 0.008 0.841 0.009 0.046 0.012 0.004 0.005 
 85 QAc-G-0057    (0)   :  0.003 0.002 0.003 0.002 0.002 0.003 0.005 0.003 0.974 0.003 
 86 QAc-G-0058    (6)   :  0.003 0.002 0.002 0.002 0.002 0.002 0.004 0.003 0.975 0.003 
 87 QAc-G-0059    (0)   :  0.002 0.006 0.022 0.003 0.476 0.004 0.472 0.007 0.005 0.003 
 88 QAc-G-0060    (6)   :  0.013 0.006 0.006 0.008 0.038 0.008 0.898 0.004 0.013 0.005 
 89 QAc-G-0276    (0)   :  0.300 0.004 0.014 0.003 0.007 0.018 0.011 0.004 0.005 0.633 
 90 QAc-G-0279    (0)   :  0.970 0.003 0.003 0.002 0.003 0.003 0.004 0.002 0.005 0.004 
 91 QAc-G-0280    (6)   :  0.961 0.004 0.006 0.004 0.004 0.007 0.003 0.003 0.004 0.005 
 92 QAc-G-0281    (0)   :  0.005 0.003 0.003 0.003 0.003 0.003 0.969 0.003 0.006 0.003 
 93 QAc-G-0018    (0)   :  0.006 0.010 0.819 0.005 0.025 0.028 0.046 0.029 0.026 0.005 
 94 QAc-G-0019    (0)   :  0.022 0.008 0.632 0.206 0.009 0.082 0.005 0.005 0.004 0.027 
 95 QAc-G-0020    (0)   :  0.002 0.003 0.956 0.003 0.013 0.009 0.004 0.003 0.004 0.003 
 96 QAc-G-0021    (6)   :  0.004 0.003 0.892 0.032 0.007 0.025 0.010 0.003 0.023 0.002 
 97 QAc-G-0022    (6)   :  0.005 0.091 0.506 0.063 0.074 0.195 0.033 0.009 0.012 0.013 
 98 QAc-G-0023    (0)   :  0.003 0.003 0.003 0.002 0.003 0.003 0.352 0.003 0.624 0.005 
 99 QAc-G-0024    (0)   :  0.003 0.003 0.004 0.003 0.003 0.005 0.006 0.003 0.968 0.002 
100 QAc-G-0016    (0)   :  0.013 0.011 0.021 0.005 0.104 0.005 0.375 0.457 0.003 0.007 
101 QAc-G-0017    (0)   :  0.005 0.012 0.010 0.200 0.025 0.006 0.003 0.729 0.004 0.006 
102 QAc-G-0250    (0)   :  0.114 0.011 0.011 0.007 0.440 0.032 0.007 0.071 0.008 0.299 
103 QAc-G-0003    (6)   :  0.958 0.005 0.004 0.003 0.004 0.005 0.005 0.003 0.004 0.009 
104 QAc-G-0004    (0)   :  0.003 0.006 0.023 0.006 0.021 0.046 0.006 0.867 0.016 0.007 
105 QAc-G-0005    (0)   :  0.003 0.003 0.003 0.974 0.003 0.003 0.003 0.003 0.003 0.002 
106 QAc-G-0006    (6)   :  0.004 0.013 0.006 0.003 0.036 0.016 0.004 0.904 0.003 0.011 
107 QAc-G-0283    (0)   :  0.004 0.273 0.008 0.003 0.542 0.007 0.004 0.028 0.003 0.128 
108 QAc-G-0265    (0)   :  0.004 0.008 0.006 0.003 0.197 0.084 0.005 0.006 0.447 0.240 
109 QAc-G-0266    (0)   :  0.004 0.002 0.002 0.002 0.002 0.002 0.006 0.002 0.975 0.003 
110 QAc-G-0267    (0)   :  0.003 0.008 0.254 0.088 0.009 0.033 0.008 0.004 0.003 0.589 
111 QAc-G-0268   (20)   :  0.529 0.006 0.005 0.012 0.408 0.007 0.008 0.015 0.003 0.008 
112 QAc-G-0269    (0)   :  0.972 0.003 0.004 0.003 0.003 0.003 0.004 0.002 0.004 0.003 
113 QAc-G-0270    (6)   :  0.005 0.005 0.952 0.008 0.004 0.008 0.004 0.003 0.005 0.005 
114 QAc-G-0271    (0)   :  0.003 0.007 0.031 0.068 0.060 0.810 0.004 0.010 0.003 0.005 
115 QAc-G-0272    (6)   :  0.016 0.006 0.926 0.004 0.005 0.019 0.007 0.006 0.005 0.009 
116 QAc-G-0273    (0)   :  0.004 0.003 0.003 0.004 0.004 0.003 0.959 0.004 0.012 0.004 
117 QAc-G-0274    (0)   :  0.002 0.003 0.003 0.978 0.002 0.003 0.002 0.002 0.002 0.002 
118 QAc-G-0251    (6)   :  0.003 0.006 0.948 0.011 0.004 0.005 0.005 0.009 0.005 0.003 
119 QAc-G-0252    (0)   :  0.005 0.008 0.954 0.004 0.006 0.005 0.005 0.007 0.004 0.003 
120 QAc-G-0253    (0)   :  0.006 0.003 0.005 0.003 0.005 0.003 0.953 0.003 0.016 0.004 
121 QAc-G-0254    (0)   :  0.004 0.003 0.004 0.003 0.009 0.004 0.048 0.004 0.919 0.003 
122 QAc-G-0255    (0)   :  0.004 0.008 0.006 0.007 0.022 0.037 0.005 0.899 0.004 0.009 
123 QAc-G-0256    (0)   :  0.011 0.004 0.005 0.007 0.005 0.008 0.005 0.946 0.003 0.006 
124 QAc-G-0257    (0)   :  0.003 0.047 0.017 0.044 0.024 0.005 0.020 0.832 0.002 0.005 
125 QAc-G-0258    (0)   :  0.003 0.003 0.005 0.005 0.012 0.005 0.003 0.958 0.002 0.004 
126 QAc-G-0259    (0)   :  0.002 0.010 0.003 0.002 0.964 0.006 0.002 0.008 0.002 0.002 
127 QAc-G-0260    (0)   :  0.036 0.027 0.011 0.044 0.828 0.008 0.010 0.024 0.004 0.009 
128 QAc-G-0261    (0)   :  0.004 0.009 0.013 0.423 0.473 0.005 0.005 0.060 0.003 0.004 
129 QAc-G-0262    (0)   :  0.014 0.014 0.006 0.034 0.702 0.004 0.010 0.194 0.004 0.017 
130 QAc-G-0010    (0)   :  0.032 0.007 0.013 0.004 0.011 0.009 0.008 0.003 0.014 0.899 
131 QAc-G-0011    (0)   :  0.004 0.935 0.008 0.005 0.028 0.005 0.004 0.004 0.004 0.003 
132 QAc-G-0015    (0)   :  0.003 0.045 0.010 0.007 0.067 0.007 0.281 0.132 0.437 0.011 
133 QAc-G-0106    (0)   :  0.003 0.007 0.011 0.023 0.019 0.006 0.003 0.923 0.002 0.003 
134 QAc-G-0107    (0)   :  0.005 0.005 0.004 0.003 0.013 0.004 0.009 0.943 0.005 0.008 
135 QAc-G-0108    (0)   :  0.005 0.004 0.007 0.005 0.005 0.004 0.002 0.961 0.002 0.004 
136 QAc-G-0109    (0)   :  0.005 0.025 0.010 0.027 0.055 0.006 0.015 0.842 0.008 0.007 
137 QAc-G-0110    (0)   :  0.056 0.012 0.029 0.002 0.026 0.026 0.007 0.819 0.007 0.015 
138 QAc-G-0111    (0)   :  0.005 0.008 0.011 0.005 0.008 0.009 0.004 0.923 0.005 0.022 
139 QAc-G-0112    (0)   :  0.025 0.004 0.005 0.004 0.023 0.004 0.005 0.907 0.011 0.011 
140 QAc-G-0113    (0)   :  0.008 0.006 0.006 0.021 0.027 0.005 0.081 0.831 0.002 0.014 
141 QAc-G-0114    (0)   :  0.013 0.005 0.012 0.003 0.029 0.075 0.013 0.826 0.013 0.011 
142 QAc-G-0115    (0)   :  0.007 0.004 0.005 0.006 0.008 0.003 0.004 0.956 0.003 0.004 
143 QAc-G-0116    (0)   :  0.011 0.006 0.004 0.006 0.008 0.005 0.006 0.936 0.007 0.011 
144 QAc-G-0117    (0)   :  0.005 0.012 0.127 0.073 0.131 0.113 0.016 0.456 0.006 0.058 
145 QAc-G-0118    (0)   :  0.004 0.011 0.006 0.026 0.009 0.007 0.002 0.920 0.002 0.014 
146 QAc-G-0119    (0)   :  0.002 0.004 0.014 0.022 0.018 0.023 0.004 0.905 0.006 0.003 
147 QAc-G-0120    (0)   :  0.005 0.012 0.009 0.006 0.104 0.015 0.007 0.831 0.004 0.006 
148 QAc-G-0121    (0)   :  0.007 0.003 0.009 0.955 0.004 0.005 0.003 0.007 0.003 0.004 
149 QAc-G-0122    (0)   :  0.032 0.005 0.010 0.918 0.005 0.006 0.004 0.007 0.004 0.009 
150 QAc-G-0123    (0)   :  0.002 0.002 0.004 0.976 0.002 0.004 0.003 0.002 0.002 0.002 
151 QAc-G-0124    (6)   :  0.003 0.004 0.004 0.970 0.003 0.005 0.003 0.003 0.003 0.003 
152 QAc-G-0125    (0)   :  0.011 0.052 0.005 0.482 0.267 0.007 0.038 0.031 0.062 0.044 
153 QAc-G-0126    (0)   :  0.006 0.014 0.015 0.217 0.560 0.007 0.031 0.142 0.003 0.005 
154 QAc-G-0127    (0)   :  0.004 0.010 0.006 0.947 0.006 0.005 0.006 0.008 0.003 0.005 
155 QAc-G-0128    (0)   :  0.005 0.003 0.003 0.970 0.003 0.004 0.004 0.003 0.003 0.003 
156 QAc-G-0129    (0)   :  0.003 0.003 0.003 0.977 0.002 0.003 0.002 0.003 0.002 0.003 
157 QAc-G-0130    (0)   :  0.003 0.015 0.010 0.915 0.006 0.005 0.003 0.034 0.002 0.008 
158 QAc-G-0131    (0)   :  0.005 0.004 0.005 0.961 0.004 0.006 0.005 0.004 0.003 0.003 
159 QAc-G-0132    (0)   :  0.013 0.006 0.005 0.745 0.024 0.011 0.009 0.143 0.024 0.020 
160 QAc-G-0133    (0)   :  0.004 0.004 0.011 0.958 0.005 0.004 0.004 0.003 0.004 0.005 
161 QAc-G-0134    (0)   :  0.004 0.003 0.004 0.963 0.003 0.005 0.003 0.004 0.009 0.003 
162 QAc-G-0135    (0)   :  0.006 0.006 0.010 0.003 0.009 0.012 0.007 0.936 0.008 0.004 
163 QAc-G-0136    (0)   :  0.005 0.013 0.005 0.006 0.010 0.004 0.006 0.823 0.007 0.121 
164 QAc-G-0137    (0)   :  0.004 0.006 0.007 0.029 0.013 0.013 0.003 0.917 0.003 0.005 
165 QAc-G-0138    (0)   :  0.003 0.033 0.002 0.006 0.013 0.003 0.009 0.895 0.005 0.032 
166 QAc-G-0139    (0)   :  0.003 0.005 0.040 0.025 0.008 0.010 0.003 0.902 0.002 0.004 
167 QAc-G-0140    (6)   :  0.006 0.005 0.019 0.047 0.015 0.033 0.008 0.855 0.003 0.009 
168 QAc-G-0141    (0)   :  0.017 0.046 0.038 0.024 0.331 0.048 0.062 0.409 0.005 0.020 
169 QAc-G-0142    (0)   :  0.003 0.004 0.003 0.003 0.005 0.012 0.002 0.962 0.003 0.003 
170 QAc-G-0143    (0)   :  0.005 0.004 0.006 0.003 0.963 0.004 0.005 0.004 0.002 0.004 
171 QAc-G-0144    (6)   :  0.004 0.004 0.007 0.002 0.349 0.004 0.006 0.605 0.004 0.014 
172 QAc-G-0145    (0)   :  0.971 0.003 0.004 0.002 0.003 0.003 0.003 0.003 0.004 0.004 
173 QAc-G-0146    (0)   :  0.003 0.003 0.003 0.974 0.002 0.003 0.004 0.002 0.002 0.003 
174 QAc-G-0147    (0)   :  0.007 0.304 0.030 0.246 0.269 0.011 0.009 0.085 0.003 0.036 
175 QAc-G-0148    (0)   :  0.004 0.006 0.014 0.006 0.458 0.015 0.006 0.451 0.005 0.037 
176 QAc-G-0149    (0)   :  0.004 0.003 0.004 0.971 0.003 0.004 0.002 0.003 0.003 0.003 
177 QAc-G-0150    (0)   :  0.970 0.003 0.003 0.003 0.003 0.003 0.004 0.003 0.004 0.004 
178 QAc-G-0151    (0)   :  0.003 0.003 0.004 0.971 0.003 0.005 0.003 0.003 0.003 0.003 
179 QAc-G-0152    (0)   :  0.002 0.003 0.005 0.968 0.003 0.005 0.006 0.002 0.003 0.002 
180 QAc-G-0153    (0)   :  0.003 0.020 0.012 0.878 0.010 0.006 0.002 0.007 0.002 0.061 
181 QAc-G-0154    (0)   :  0.010 0.004 0.050 0.884 0.006 0.005 0.003 0.020 0.003 0.014 
182 QAc-G-0155    (0)   :  0.003 0.003 0.004 0.971 0.003 0.006 0.003 0.002 0.003 0.003 
183 QAc-G-0158    (0)   :  0.003 0.003 0.002 0.975 0.003 0.003 0.003 0.003 0.003 0.003 
184 QAc-G-0159    (0)   :  0.012 0.011 0.010 0.011 0.024 0.006 0.004 0.910 0.008 0.004 
185 QAc-G-0160    (0)   :  0.978 0.002 0.002 0.002 0.002 0.002 0.003 0.002 0.002 0.003 
186 QAc-G-0161    (0)   :  0.978 0.002 0.003 0.002 0.002 0.003 0.003 0.002 0.002 0.003 
187 QAc-G-0162    (0)   :  0.074 0.008 0.310 0.005 0.025 0.027 0.005 0.005 0.008 0.533 
188 QAc-G-0163    (0)   :  0.816 0.006 0.035 0.003 0.028 0.066 0.003 0.019 0.002 0.022 
189 QAc-G-0164    (0)   :  0.893 0.061 0.004 0.002 0.014 0.005 0.013 0.003 0.003 0.003 
190 QAc-G-0165    (0)   :  0.958 0.005 0.005 0.007 0.004 0.005 0.003 0.004 0.002 0.006 
191 QAc-G-0166    (0)   :  0.970 0.003 0.004 0.003 0.003 0.005 0.003 0.002 0.003 0.003 
192 QAc-G-0167    (0)   :  0.968 0.003 0.004 0.003 0.003 0.004 0.003 0.003 0.004 0.004 
193 QAc-G-0168    (0)   :  0.976 0.002 0.003 0.002 0.002 0.003 0.003 0.002 0.004 0.003 
194 QAc-G-0169    (6)   :  0.190 0.014 0.004 0.005 0.564 0.026 0.005 0.081 0.004 0.108 
195 QAc-G-0170    (0)   :  0.964 0.004 0.005 0.005 0.004 0.004 0.003 0.003 0.004 0.006 
196 QAc-G-0171    (0)   :  0.970 0.003 0.004 0.002 0.003 0.003 0.003 0.002 0.003 0.006 
197 QAc-G-0172    (0)   :  0.017 0.010 0.005 0.010 0.041 0.027 0.007 0.855 0.009 0.019 
198 QAc-G-0173    (0)   :  0.462 0.003 0.003 0.002 0.003 0.003 0.004 0.003 0.011 0.506 
199 QAc-G-0174    (0)   :  0.022 0.003 0.005 0.003 0.004 0.005 0.004 0.004 0.006 0.945 
200 QAc-G-0175    (0)   :  0.972 0.003 0.003 0.002 0.002 0.003 0.004 0.002 0.003 0.005 
201 QAc-G-0176    (0)   :  0.789 0.004 0.156 0.004 0.012 0.013 0.009 0.004 0.003 0.005 
202 QAc-G-0177    (0)   :  0.970 0.003 0.003 0.003 0.003 0.003 0.004 0.002 0.003 0.006 
203 QAc-G-0178    (0)   :  0.696 0.232 0.003 0.014 0.013 0.004 0.015 0.004 0.006 0.012 
204 QAc-G-0179    (6)   :  0.971 0.002 0.003 0.002 0.003 0.003 0.003 0.002 0.003 0.007 
205 QAc-G-0180    (0)   :  0.977 0.003 0.003 0.002 0.002 0.003 0.002 0.002 0.002 0.003 
206 QAc-G-0181    (0)   :  0.949 0.005 0.004 0.003 0.005 0.023 0.003 0.003 0.002 0.003 
207 QAc-G-0182    (0)   :  0.416 0.004 0.005 0.005 0.006 0.005 0.003 0.006 0.002 0.548 
208 QAc-G-0183    (6)   :  0.938 0.005 0.003 0.003 0.012 0.004 0.008 0.008 0.004 0.015 
209 QAc-G-0184    (0)   :  0.974 0.003 0.003 0.003 0.003 0.003 0.003 0.003 0.003 0.004 
210 QAc-G-0185    (0)   :  0.737 0.110 0.010 0.036 0.013 0.009 0.007 0.010 0.004 0.065 
211 QAc-G-0186    (0)   :  0.951 0.005 0.006 0.002 0.004 0.020 0.002 0.003 0.002 0.005 
212 QAc-G-0187    (0)   :  0.775 0.112 0.011 0.005 0.025 0.016 0.021 0.004 0.028 0.004 
213 QAc-G-0188    (0)   :  0.214 0.006 0.014 0.004 0.249 0.036 0.004 0.458 0.002 0.014 
214 QAc-G-0189    (0)   :  0.915 0.006 0.003 0.002 0.005 0.003 0.013 0.005 0.011 0.038 
215 QAc-G-0190    (0)   :  0.968 0.004 0.003 0.004 0.004 0.004 0.004 0.003 0.004 0.004 
216 QAc-G-0191    (0)   :  0.968 0.003 0.004 0.004 0.003 0.004 0.003 0.003 0.004 0.005 
217 QAc-G-0192    (0)   :  0.977 0.002 0.002 0.003 0.002 0.002 0.003 0.002 0.003 0.003 
218 QAc-G-0193    (0)   :  0.970 0.004 0.003 0.004 0.003 0.004 0.003 0.003 0.003 0.003 
219 QAc-G-0194    (0)   :  0.962 0.005 0.005 0.003 0.004 0.006 0.005 0.003 0.003 0.004 
220 QAc-G-0195    (0)   :  0.052 0.004 0.006 0.002 0.005 0.010 0.011 0.004 0.031 0.876 
221 QAc-G-0196    (0)   :  0.635 0.004 0.003 0.002 0.004 0.004 0.004 0.002 0.009 0.333 
222 QAc-G-0197    (0)   :  0.976 0.002 0.003 0.002 0.002 0.002 0.003 0.002 0.003 0.003 
223 QAc-G-0198    (0)   :  0.971 0.003 0.004 0.003 0.003 0.004 0.003 0.002 0.003 0.005 
224 QAc-G-0199    (0)   :  0.686 0.105 0.019 0.019 0.018 0.006 0.011 0.005 0.002 0.129 
225 QAc-G-0200    (0)   :  0.959 0.005 0.008 0.002 0.005 0.007 0.003 0.003 0.003 0.005 
226 QAc-G-0201    (0)   :  0.437 0.003 0.004 0.002 0.009 0.004 0.004 0.002 0.003 0.531 
227 QAc-G-0202    (6)   :  0.522 0.003 0.004 0.003 0.004 0.003 0.008 0.005 0.011 0.437 
228 QAc-G-0203    (0)   :  0.951 0.002 0.004 0.002 0.009 0.003 0.015 0.005 0.005 0.004 
229 QAc-G-0204    (0)   :  0.964 0.003 0.005 0.003 0.004 0.004 0.004 0.003 0.005 0.006 
230 QAc-G-0205    (0)   :  0.003 0.002 0.002 0.002 0.002 0.002 0.004 0.002 0.979 0.002 
231 QAc-G-0206    (0)   :  0.003 0.005 0.019 0.004 0.256 0.027 0.038 0.094 0.551 0.004 
232 QAc-G-0207    (0)   :  0.006 0.005 0.005 0.004 0.005 0.005 0.954 0.003 0.007 0.004 
233 QAc-G-0208    (0)   :  0.003 0.003 0.003 0.003 0.003 0.003 0.006 0.002 0.972 0.003 
234 QAc-G-0209    (0)   :  0.004 0.003 0.003 0.002 0.003 0.003 0.006 0.002 0.969 0.004 
235 QAc-G-0210    (0)   :  0.002 0.004 0.002 0.002 0.004 0.004 0.812 0.004 0.163 0.003 
236 QAc-G-0211    (0)   :  0.002 0.003 0.002 0.003 0.003 0.002 0.973 0.003 0.005 0.002 
237 QAc-G-0212    (0)   :  0.005 0.003 0.004 0.003 0.003 0.003 0.684 0.002 0.290 0.003 
238 QAc-G-0213    (0)   :  0.005 0.004 0.005 0.003 0.003 0.006 0.953 0.002 0.016 0.003 
239 QAc-G-0214    (0)   :  0.003 0.002 0.003 0.002 0.002 0.003 0.004 0.002 0.976 0.003 
240 QAc-G-0215    (0)   :  0.004 0.003 0.003 0.002 0.004 0.004 0.962 0.003 0.012 0.003 
241 QAc-G-0216    (0)   :  0.015 0.005 0.010 0.004 0.264 0.031 0.055 0.154 0.111 0.350 
242 QAc-G-0217    (0)   :  0.003 0.005 0.004 0.015 0.005 0.006 0.926 0.005 0.025 0.007 
243 QAc-G-0218    (0)   :  0.004 0.005 0.004 0.004 0.004 0.006 0.961 0.002 0.006 0.003 
244 QAc-G-0219    (0)   :  0.008 0.005 0.018 0.008 0.011 0.005 0.924 0.013 0.004 0.005 
245 QAc-G-0220    (0)   :  0.003 0.004 0.004 0.003 0.023 0.004 0.946 0.003 0.006 0.002 
246 QAc-G-0221    (0)   :  0.004 0.026 0.009 0.007 0.006 0.007 0.913 0.004 0.012 0.013 
247 QAc-G-0222    (0)   :  0.004 0.003 0.003 0.002 0.003 0.003 0.007 0.002 0.970 0.003 
248 QAc-G-0223    (0)   :  0.003 0.005 0.004 0.004 0.004 0.005 0.945 0.004 0.024 0.003 
249 QAc-G-0224    (0)   :  0.005 0.004 0.003 0.003 0.004 0.003 0.963 0.003 0.009 0.003 
250 QAc-G-0226    (0)   :  0.003 0.003 0.003 0.003 0.003 0.004 0.007 0.002 0.971 0.003 
251 QAc-G-0227    (0)   :  0.004 0.004 0.950 0.012 0.005 0.008 0.004 0.004 0.004 0.005 
252 QAc-G-0228    (6)   :  0.003 0.004 0.965 0.003 0.004 0.004 0.005 0.003 0.004 0.004 
253 QAc-G-0229    (0)   :  0.005 0.016 0.911 0.004 0.011 0.019 0.005 0.010 0.010 0.009 
254 QAc-G-0230    (0)   :  0.008 0.006 0.127 0.004 0.008 0.791 0.009 0.008 0.031 0.008 
255 QAc-G-0231    (0)   :  0.006 0.003 0.003 0.003 0.003 0.003 0.963 0.003 0.011 0.003 
256 QAc-G-0232    (0)   :  0.003 0.011 0.934 0.008 0.006 0.026 0.004 0.004 0.002 0.002 
257 QAc-G-0233    (0)   :  0.005 0.144 0.022 0.005 0.148 0.604 0.057 0.003 0.007 0.004 
258 QAc-G-0234    (0)   :  0.012 0.015 0.847 0.005 0.009 0.075 0.004 0.004 0.008 0.021 
259 QAc-G-0235    (0)   :  0.004 0.010 0.006 0.002 0.018 0.007 0.007 0.905 0.010 0.031 
260 QAc-G-0236    (0)   :  0.004 0.004 0.961 0.006 0.003 0.005 0.004 0.003 0.005 0.005 
261 QAc-G-0237    (0)   :  0.014 0.015 0.863 0.014 0.011 0.029 0.023 0.010 0.015 0.006 
262 QAc-G-0238    (0)   :  0.005 0.003 0.955 0.004 0.004 0.010 0.008 0.003 0.004 0.004 
263 QAc-G-0239    (0)   :  0.004 0.005 0.962 0.003 0.005 0.007 0.005 0.004 0.003 0.003 
264 QAc-G-0240    (0)   :  0.003 0.005 0.962 0.006 0.004 0.006 0.002 0.005 0.002 0.003 
265 QAc-G-0241    (0)   :  0.007 0.024 0.699 0.006 0.057 0.129 0.010 0.028 0.008 0.033 
266 QAc-G-0242    (0)   :  0.004 0.010 0.043 0.010 0.010 0.900 0.010 0.003 0.006 0.004 
267 QAc-G-0243    (0)   :  0.003 0.135 0.160 0.055 0.091 0.497 0.035 0.008 0.007 0.008 
268 QAc-G-0244    (0)   :  0.005 0.005 0.930 0.004 0.016 0.007 0.009 0.011 0.008 0.006 
269 QAc-G-0245    (0)   :  0.006 0.005 0.931 0.019 0.004 0.016 0.004 0.005 0.003 0.006 
270 QAc-G-0246    (0)   :  0.006 0.004 0.962 0.004 0.004 0.005 0.005 0.004 0.003 0.003 
271 QAc-G-0247    (0)   :  0.002 0.004 0.973 0.003 0.003 0.004 0.004 0.003 0.003 0.002 
272 QAc-G-0248    (0)   :  0.003 0.004 0.462 0.003 0.005 0.508 0.003 0.006 0.003 0.004 
273 QAc-G-0249    (0)   :  0.013 0.899 0.007 0.002 0.020 0.025 0.006 0.008 0.012 0.007 
274 QAc-G-0025    (0)   :  0.003 0.002 0.003 0.002 0.002 0.003 0.005 0.002 0.975 0.003 
275 QAc-G-0028    (0)   :  0.007 0.092 0.470 0.004 0.031 0.352 0.022 0.003 0.013 0.005 
276 QAc-G-0275    (0)   :  0.012 0.003 0.006 0.002 0.003 0.004 0.953 0.003 0.009 0.005 
277 QAc-G-0263    (0)   :  0.013 0.115 0.004 0.005 0.366 0.006 0.022 0.012 0.007 0.451 
278 QAc-W-0001    (0)   :  0.003 0.004 0.008 0.015 0.005 0.949 0.004 0.006 0.004 0.003 
279 QAc-W-0002    (0)   :  0.022 0.024 0.865 0.002 0.018 0.025 0.004 0.029 0.003 0.007 
280 QAc-W-0003    (0)   :  0.006 0.004 0.009 0.007 0.012 0.858 0.048 0.014 0.008 0.033 
281 QAc-W-0004    (0)   :  0.005 0.006 0.007 0.004 0.003 0.957 0.005 0.003 0.007 0.003 
282 QAc-W-0005    (0)   :  0.005 0.006 0.004 0.005 0.004 0.961 0.003 0.003 0.004 0.005 
283 QAc-W-0006    (0)   :  0.004 0.006 0.006 0.005 0.005 0.956 0.005 0.006 0.004 0.003 
284 QAc-W-0007   (13)   :  0.003 0.006 0.008 0.004 0.004 0.959 0.004 0.003 0.004 0.004 
285 QAc-W-0008    (6)   :  0.004 0.016 0.007 0.003 0.014 0.944 0.003 0.005 0.002 0.003 
286 QAc-W-0009    (0)   :  0.012 0.023 0.705 0.008 0.062 0.037 0.010 0.136 0.003 0.004 
287 QAc-W-0010    (0)   :  0.005 0.037 0.007 0.007 0.014 0.896 0.004 0.008 0.003 0.020 
288 QAc-W-0011    (0)   :  0.052 0.006 0.126 0.015 0.046 0.705 0.009 0.019 0.005 0.016 
289 QAc-W-0012    (0)   :  0.027 0.010 0.063 0.006 0.013 0.856 0.005 0.007 0.006 0.006 
290 QAc-W-0013    (0)   :  0.008 0.006 0.752 0.004 0.014 0.027 0.111 0.037 0.038 0.004 
291 QAc-W-0014    (0)   :  0.003 0.017 0.010 0.004 0.005 0.940 0.003 0.003 0.004 0.009 
292 QAc-W-0015    (0)   :  0.015 0.034 0.711 0.004 0.014 0.028 0.043 0.018 0.024 0.109 
293 QAc-W-0016    (0)   :  0.005 0.023 0.005 0.003 0.030 0.890 0.007 0.009 0.015 0.014 
294 QAc-W-0017    (0)   :  0.012 0.137 0.153 0.013 0.291 0.150 0.062 0.045 0.006 0.131 
295 QAc-W-0018    (0)   :  0.003 0.017 0.024 0.008 0.126 0.729 0.032 0.045 0.013 0.003 
296 QAc-W-0019    (0)   :  0.004 0.010 0.009 0.004 0.006 0.938 0.006 0.009 0.010 0.003 
297 QAc-W-0020    (0)   :  0.003 0.003 0.005 0.040 0.011 0.924 0.002 0.007 0.003 0.003 
298 QAc-W-0021    (0)   :  0.011 0.024 0.013 0.015 0.129 0.650 0.024 0.023 0.107 0.004 
299 QAc-W-0022    (0)   :  0.008 0.129 0.153 0.007 0.273 0.305 0.013 0.016 0.017 0.078 
300 QAc-W-0023    (6)   :  0.003 0.088 0.139 0.067 0.122 0.431 0.009 0.111 0.025 0.006 
301 QAc-W-0024    (0)   :  0.029 0.016 0.006 0.005 0.028 0.790 0.056 0.007 0.058 0.005 
302 QAc-W-0025    (0)   :  0.005 0.008 0.341 0.004 0.011 0.611 0.008 0.005 0.003 0.003 
303 QAc-W-0026    (0)   :  0.048 0.031 0.008 0.022 0.022 0.807 0.016 0.008 0.017 0.021 
304 QAc-W-0027    (0)   :  0.010 0.018 0.337 0.004 0.019 0.591 0.005 0.011 0.003 0.004 
305 QAc-W-0028    (0)   :  0.008 0.006 0.053 0.004 0.010 0.897 0.003 0.011 0.003 0.006 
306 QAc-W-0029    (0)   :  0.003 0.004 0.179 0.008 0.015 0.765 0.007 0.011 0.005 0.003 
307 QAc-W-0030    (0)   :  0.008 0.004 0.815 0.008 0.011 0.134 0.004 0.005 0.005 0.007 
308 QAc-W-0031    (0)   :  0.004 0.004 0.022 0.004 0.007 0.879 0.024 0.007 0.045 0.003 
309 QAc-W-0032    (0)   :  0.002 0.005 0.009 0.011 0.004 0.959 0.003 0.002 0.003 0.002 
310 QAc-W-0033    (0)   :  0.005 0.020 0.013 0.012 0.088 0.836 0.009 0.005 0.006 0.006 
311 QAc-W-0034    (0)   :  0.005 0.009 0.078 0.004 0.008 0.869 0.004 0.016 0.004 0.003 
312 QAc-W-0035    (0)   :  0.024 0.077 0.484 0.005 0.043 0.306 0.024 0.006 0.011 0.020 
313 QAc-W-0036    (0)   :  0.004 0.010 0.046 0.039 0.007 0.876 0.003 0.009 0.003 0.005 
314 QAc-W-0037    (0)   :  0.045 0.007 0.815 0.020 0.013 0.054 0.017 0.005 0.019 0.005 
315 QAc-W-0038    (0)   :  0.015 0.008 0.086 0.013 0.028 0.803 0.006 0.009 0.005 0.028 
316 QAc-W-0039    (0)   :  0.030 0.006 0.026 0.010 0.005 0.891 0.009 0.006 0.003 0.013 
317 QAc-W-0040    (0)   :  0.005 0.186 0.006 0.017 0.021 0.739 0.012 0.004 0.004 0.006 
318 QAc-W-0041    (0)   :  0.020 0.013 0.173 0.004 0.026 0.595 0.115 0.043 0.008 0.005 
319 QAc-W-0042    (0)   :  0.025 0.008 0.024 0.240 0.030 0.017 0.035 0.609 0.003 0.010 
320 QAc-W-0043    (0)   :  0.030 0.005 0.030 0.007 0.010 0.009 0.014 0.881 0.003 0.010 
321 QAc-W-0044    (0)   :  0.023 0.085 0.102 0.298 0.052 0.061 0.007 0.324 0.004 0.044 
322 QAc-W-0045    (0)   :  0.009 0.007 0.014 0.014 0.011 0.007 0.009 0.922 0.004 0.004 
323 QAc-W-0046    (0)   :  0.018 0.006 0.026 0.011 0.010 0.007 0.023 0.889 0.005 0.004 
324 QAc-W-0047    (0)   :  0.008 0.024 0.050 0.029 0.010 0.016 0.003 0.829 0.004 0.027 
325 QAc-W-0048    (0)   :  0.004 0.004 0.008 0.047 0.014 0.018 0.005 0.888 0.009 0.004 
326 QAc-W-0049    (0)   :  0.005 0.005 0.006 0.063 0.009 0.006 0.004 0.886 0.011 0.004 
327 QAc-W-0050    (0)   :  0.009 0.012 0.007 0.005 0.129 0.005 0.011 0.782 0.035 0.006 
328 QAc-W-0051    (0)   :  0.007 0.006 0.010 0.019 0.462 0.022 0.010 0.407 0.008 0.050 
329 QAc-W-0052    (0)   :  0.004 0.003 0.005 0.970 0.003 0.004 0.002 0.003 0.002 0.003 
330 QAc-W-0053    (0)   :  0.003 0.008 0.009 0.009 0.006 0.012 0.003 0.942 0.003 0.004 
331 QAc-W-0054    (0)   :  0.063 0.060 0.009 0.041 0.656 0.012 0.007 0.060 0.004 0.088 
332 QAc-W-0055    (0)   :  0.347 0.022 0.005 0.006 0.322 0.008 0.012 0.109 0.044 0.124 
333 QAc-W-0056    (0)   :  0.006 0.011 0.021 0.007 0.846 0.045 0.013 0.021 0.013 0.017 
334 QAc-W-0057    (0)   :  0.005 0.012 0.011 0.008 0.317 0.024 0.024 0.330 0.080 0.188 
335 QAc-W-0058    (0)   :  0.012 0.004 0.004 0.007 0.151 0.004 0.026 0.549 0.228 0.014 
336 QAc-W-0059    (0)   :  0.003 0.003 0.004 0.004 0.003 0.004 0.003 0.970 0.003 0.004 
337 QAc-W-0060    (0)   :  0.010 0.007 0.040 0.048 0.008 0.004 0.003 0.008 0.003 0.868 
338 QAc-W-0061    (0)   :  0.061 0.036 0.014 0.004 0.024 0.024 0.010 0.041 0.018 0.768 
339 QAc-W-0062    (0)   :  0.008 0.008 0.004 0.016 0.005 0.004 0.009 0.003 0.003 0.939 
340 QAc-W-0063    (0)   :  0.010 0.013 0.006 0.014 0.013 0.016 0.012 0.004 0.006 0.907 
341 QAc-W-0064    (0)   :  0.014 0.008 0.010 0.005 0.009 0.009 0.009 0.003 0.004 0.929 
342 QAc-W-0065    (0)   :  0.005 0.030 0.015 0.005 0.030 0.012 0.005 0.012 0.008 0.877 
343 QAc-W-0066    (0)   :  0.973 0.002 0.003 0.002 0.003 0.003 0.004 0.002 0.004 0.003 
344 QAc-W-0067    (0)   :  0.976 0.003 0.002 0.003 0.002 0.002 0.003 0.002 0.003 0.003 
345 QAc-W-0068    (0)   :  0.974 0.002 0.003 0.002 0.002 0.003 0.002 0.002 0.003 0.005 
346 QAc-W-0069    (0)   :  0.970 0.003 0.004 0.002 0.002 0.004 0.003 0.002 0.004 0.006 
347 QAc-W-0070    (0)   :  0.589 0.002 0.003 0.002 0.003 0.002 0.003 0.002 0.003 0.391 
348 QAc-W-0071    (6)   :  0.235 0.005 0.006 0.004 0.005 0.004 0.006 0.004 0.012 0.720 
349 QAc-W-0072    (0)   :  0.004 0.116 0.005 0.003 0.018 0.026 0.008 0.004 0.005 0.812 
350 QAc-W-0073    (0)   :  0.004 0.007 0.010 0.008 0.009 0.010 0.005 0.050 0.005 0.892 
351 QAc-W-0074    (0)   :  0.004 0.004 0.003 0.003 0.003 0.004 0.004 0.003 0.004 0.967 
352 QAc-W-0075    (0)   :  0.016 0.003 0.003 0.003 0.003 0.003 0.003 0.003 0.006 0.956 
353 QAc-W-0076    (0)   :  0.004 0.022 0.003 0.002 0.005 0.004 0.003 0.004 0.011 0.942 
354 QAc-W-0077    (0)   :  0.117 0.005 0.006 0.004 0.005 0.006 0.005 0.009 0.003 0.840 
355 QAc-W-0078    (0)   :  0.073 0.112 0.029 0.011 0.169 0.111 0.303 0.006 0.179 0.008 
356 QAc-W-0079    (6)   :  0.019 0.008 0.011 0.005 0.005 0.009 0.004 0.007 0.924 0.008 
357 QAc-W-0080   (13)   :  0.004 0.003 0.004 0.002 0.008 0.045 0.004 0.006 0.921 0.003 
358 QAc-W-0081    (0)   :  0.003 0.003 0.004 0.006 0.004 0.005 0.949 0.003 0.019 0.004 
359 QAc-W-0082    (0)   :  0.003 0.005 0.005 0.002 0.114 0.006 0.558 0.298 0.005 0.006 
360 QAc-W-0083    (0)   :  0.010 0.017 0.010 0.012 0.008 0.013 0.878 0.007 0.012 0.034 
361 QAc-W-0084    (0)   :  0.003 0.003 0.003 0.004 0.003 0.005 0.964 0.002 0.008 0.003 
362 QAc-W-0085    (0)   :  0.004 0.003 0.003 0.003 0.003 0.002 0.974 0.002 0.003 0.003 
363 QAc-W-0086    (0)   :  0.005 0.005 0.004 0.003 0.004 0.005 0.960 0.003 0.006 0.003 
364 QAc-W-0087    (0)   :  0.005 0.007 0.004 0.003 0.006 0.006 0.937 0.011 0.018 0.003 
365 QAc-W-0088    (0)   :  0.004 0.005 0.005 0.003 0.020 0.004 0.916 0.023 0.018 0.004 
366 QAc-W-0089    (0)   :  0.009 0.004 0.006 0.003 0.005 0.008 0.859 0.003 0.099 0.005 
367 QAc-W-0090    (0)   :  0.007 0.003 0.006 0.003 0.005 0.006 0.932 0.004 0.030 0.004 
368 QAc-W-0091    (0)   :  0.004 0.009 0.004 0.007 0.017 0.008 0.875 0.009 0.059 0.007 
369 QAc-W-0092    (0)   :  0.008 0.007 0.022 0.186 0.010 0.051 0.696 0.009 0.007 0.004 
370 QAc-W-0093    (0)   :  0.002 0.031 0.057 0.005 0.104 0.041 0.634 0.019 0.101 0.005 
371 QAc-W-0094    (0)   :  0.003 0.009 0.012 0.087 0.026 0.067 0.767 0.008 0.006 0.015 
372 QAc-W-0095    (0)   :  0.003 0.006 0.009 0.027 0.011 0.022 0.793 0.007 0.106 0.015 
373 QAc-W-0096    (0)   :  0.007 0.012 0.007 0.051 0.026 0.035 0.803 0.010 0.009 0.040 
374 QAc-W-0097    (0)   :  0.007 0.006 0.067 0.007 0.071 0.063 0.677 0.054 0.041 0.007 
375 QAc-W-0098    (0)   :  0.004 0.004 0.006 0.005 0.011 0.006 0.725 0.011 0.224 0.003 
376 QAc-W-0099    (0)   :  0.004 0.034 0.019 0.007 0.021 0.010 0.883 0.013 0.004 0.005 
377 QAc-W-0100    (0)   :  0.004 0.005 0.005 0.003 0.007 0.004 0.952 0.004 0.014 0.003 
378 QAc-W-0101    (0)   :  0.018 0.006 0.003 0.003 0.005 0.006 0.937 0.003 0.012 0.007 
379 QAc-W-0104    (0)   :  0.003 0.015 0.005 0.003 0.009 0.007 0.907 0.013 0.033 0.005 
380 QAc-W-0105    (0)   :  0.005 0.003 0.006 0.006 0.004 0.005 0.955 0.002 0.009 0.004 
381 QAc-W-0106    (0)   :  0.004 0.005 0.010 0.015 0.007 0.007 0.940 0.003 0.005 0.004 
382 QAc-W-0107    (0)   :  0.004 0.003 0.003 0.003 0.003 0.003 0.006 0.003 0.967 0.005 
383 QAc-W-0108    (0)   :  0.003 0.003 0.002 0.002 0.002 0.003 0.003 0.002 0.975 0.004 
384 QAc-W-0109    (0)   :  0.023 0.005 0.007 0.005 0.009 0.013 0.806 0.018 0.105 0.008 
385 QAc-W-0110   (13)   :  0.006 0.009 0.004 0.003 0.007 0.666 0.288 0.005 0.007 0.004 
386 QAc-W-0111    (6)   :  0.008 0.005 0.018 0.007 0.012 0.008 0.378 0.006 0.555 0.004 
387 QAc-W-0112   (13)   :  0.003 0.013 0.012 0.006 0.011 0.007 0.911 0.009 0.022 0.004 
388 QAc-W-0113   (13)   :  0.003 0.946 0.010 0.004 0.007 0.010 0.006 0.005 0.004 0.005 
389 QAc-W-0114   (13)   :  0.005 0.918 0.005 0.008 0.007 0.009 0.007 0.015 0.022 0.004 
390 QAc-W-0115    (0)   :  0.005 0.949 0.008 0.005 0.006 0.009 0.006 0.003 0.004 0.006 
391 QAc-W-0116    (0)   :  0.002 0.924 0.017 0.013 0.008 0.011 0.004 0.012 0.005 0.003 
392 QAc-W-0117    (0)   :  0.004 0.958 0.007 0.003 0.006 0.005 0.003 0.008 0.002 0.004 
393 QAc-W-0118    (0)   :  0.022 0.892 0.005 0.004 0.008 0.005 0.011 0.005 0.014 0.034 
394 QAc-W-0119    (0)   :  0.009 0.950 0.007 0.006 0.008 0.006 0.003 0.004 0.004 0.004 
395 QAc-W-0120    (0)   :  0.012 0.915 0.010 0.003 0.017 0.010 0.008 0.007 0.003 0.013 
396 QAc-W-0121    (0)   :  0.044 0.896 0.006 0.002 0.014 0.007 0.003 0.013 0.004 0.009 
397 QAc-W-0122    (0)   :  0.003 0.920 0.008 0.004 0.016 0.017 0.004 0.016 0.006 0.005 
398 QAc-W-0123    (6)   :  0.011 0.886 0.015 0.011 0.027 0.005 0.013 0.014 0.009 0.011 
399 QAc-W-0124    (0)   :  0.012 0.616 0.049 0.010 0.021 0.027 0.098 0.004 0.007 0.157 
400 QAc-W-0125    (0)   :  0.007 0.935 0.004 0.008 0.008 0.006 0.011 0.007 0.008 0.005 
401 QAc-W-0126   (13)   :  0.006 0.878 0.006 0.012 0.036 0.009 0.027 0.011 0.008 0.008 
402 QAc-W-0127    (6)   :  0.004 0.953 0.005 0.004 0.008 0.008 0.004 0.005 0.003 0.006 
403 QAc-W-0128   (13)   :  0.013 0.877 0.007 0.003 0.012 0.016 0.032 0.010 0.023 0.006 
404 QAc-W-0129   (13)   :  0.006 0.863 0.012 0.005 0.028 0.047 0.005 0.018 0.005 0.012 
405 QAc-W-0130   (13)   :  0.007 0.918 0.011 0.003 0.007 0.031 0.008 0.007 0.005 0.004 
406 QAc-W-0131    (0)   :  0.005 0.867 0.004 0.052 0.039 0.007 0.004 0.005 0.008 0.008 
407 QAc-W-0132    (6)   :  0.046 0.820 0.033 0.018 0.014 0.013 0.017 0.005 0.009 0.026 
408 QAc-W-0133    (6)   :  0.103 0.410 0.005 0.005 0.384 0.008 0.053 0.006 0.009 0.016 
409 QAc-W-0134    (0)   :  0.004 0.963 0.004 0.005 0.004 0.004 0.004 0.005 0.004 0.005 
410 QAc-W-0135    (0)   :  0.012 0.867 0.025 0.003 0.008 0.049 0.005 0.007 0.007 0.018 
411 QAc-W-0136    (0)   :  0.003 0.963 0.005 0.008 0.004 0.004 0.004 0.003 0.002 0.003 
412 QAc-W-0137    (0)   :  0.003 0.970 0.004 0.004 0.003 0.003 0.002 0.003 0.002 0.004 
413 QAc-W-0138    (0)   :  0.003 0.968 0.005 0.004 0.004 0.005 0.003 0.003 0.002 0.004 
414 QAc-W-0139    (0)   :  0.006 0.630 0.013 0.008 0.021 0.066 0.017 0.005 0.036 0.198 
415 QAc-W-0140    (0)   :  0.004 0.854 0.025 0.003 0.016 0.028 0.006 0.055 0.004 0.004 
416 QAc-W-0141    (6)   :  0.017 0.780 0.056 0.004 0.057 0.046 0.005 0.021 0.005 0.008 
417 QAc-W-0142    (0)   :  0.006 0.961 0.004 0.003 0.005 0.004 0.003 0.004 0.004 0.007 
