

----------------------------------------------------
STRUCTURE by Pritchard, Stephens and Donnelly (2000)
     and Falush, Stephens and Pritchard (2003)
       Code by Pritchard, Falush and Hubisz
             Version 2.3.4 (Jul 2012)
----------------------------------------------------



Command line arguments:   bin\structure -m C:\Users\eschumacher\Documents\GitHub\GCC_QUAC_ZAIN\Data_Files\Structure_Files\QUAC\QUAC_woK_nopopinfo_garden_wild\QUAC_woK_nopopinfo_garden_wild\50-50\mainparams -e C:\Users\eschumacher\Documents\GitHub\GCC_QUAC_ZAIN\Data_Files\Structure_Files\QUAC\QUAC_woK_nopopinfo_garden_wild\QUAC_woK_nopopinfo_garden_wild\50-50\extraparams 
Input File:    C:\Users\eschumacher\Documents\GitHub\GCC_QUAC_ZAIN\Data_Files\Structure_Files\QUAC\QUAC_woK_nopopinfo_garden_wild\QUAC_woK_nopopinfo_garden_wild\project_data

Run parameters:
   441 individuals
   15 loci
   9 populations assumed
   50000 Burn-in period
   50000 Reps


--------------------------------------------
Overall proportion of membership of the
sample in each of the 9 clusters

Inferred Clusters
  1      2      3      4      5      6      7      8      9    
0.123  0.144  0.077  0.100  0.104  0.185  0.072  0.129  0.066  

--------------------------------------------

Allele-freq. divergence among pops (Net nucleotide distance),
computed using point estimates of P.

      1       2       3       4       5       6       7       8       9      
 1      -    0.1205  0.0418  0.0384  0.0775  0.1180  0.1100  0.0702  0.1051  
 2   0.1205     -    0.0959  0.1185  0.1288  0.1447  0.1675  0.1289  0.0956  
 3   0.0418  0.0959     -    0.0371  0.0340  0.0720  0.0827  0.0312  0.0591  
 4   0.0384  0.1185  0.0371     -    0.0757  0.0968  0.0986  0.0538  0.0974  
 5   0.0775  0.1288  0.0340  0.0757     -    0.1249  0.1026  0.0679  0.0881  
 6   0.1180  0.1447  0.0720  0.0968  0.1249     -    0.1682  0.1055  0.1081  
 7   0.1100  0.1675  0.0827  0.0986  0.1026  0.1682     -    0.1008  0.1398  
 8   0.0702  0.1289  0.0312  0.0538  0.0679  0.1055  0.1008     -    0.0826  
 9   0.1051  0.0956  0.0591  0.0974  0.0881  0.1081  0.1398  0.0826     -    

Average distances (expected heterozygosity) between individuals in same cluster:
cluster  1  : 0.5495 
cluster  2  : 0.3995 
cluster  3  : 0.6969 
cluster  4  : 0.5475 
cluster  5  : 0.6095 
cluster  6  : 0.4907 
cluster  7  : 0.4642 
cluster  8  : 0.5546 
cluster  9  : 0.5143 

--------------------------------------------
Estimated Ln Prob of Data   = -15583.4
Mean value of ln likelihood = -15029.0
Variance of ln likelihood   = 1108.9
Mean value of alpha         = 0.0338

Mean value of Fst_1         = 0.2126
Mean value of Fst_2         = 0.4966
Mean value of Fst_3         = 0.0044
Mean value of Fst_4         = 0.1607
Mean value of Fst_5         = 0.0970
Mean value of Fst_6         = 0.2807
Mean value of Fst_7         = 0.4142
Mean value of Fst_8         = 0.1433
Mean value of Fst_9         = 0.2554


Inferred ancestry of individuals:
        Label (%Miss) :  Inferred clusters
  1 QAc-G-0029    (0)   :  0.030 0.014 0.012 0.008 0.003 0.920 0.004 0.004 0.006 
  2 QAc-G-0030    (0)   :  0.003 0.003 0.003 0.003 0.003 0.977 0.003 0.003 0.004 
  3 QAc-G-0031    (0)   :  0.002 0.004 0.003 0.003 0.002 0.974 0.002 0.003 0.006 
  4 QAc-G-0061    (0)   :  0.007 0.004 0.003 0.007 0.003 0.961 0.007 0.006 0.003 
  5 QAc-G-0062    (0)   :  0.005 0.022 0.057 0.011 0.007 0.005 0.419 0.099 0.374 
  6 QAc-G-0063    (0)   :  0.059 0.548 0.087 0.076 0.009 0.005 0.014 0.033 0.169 
  7 QAc-G-0064    (0)   :  0.006 0.005 0.003 0.003 0.003 0.003 0.968 0.003 0.006 
  8 QAc-G-0065    (0)   :  0.003 0.003 0.003 0.003 0.004 0.004 0.976 0.002 0.002 
  9 QAc-G-0066    (0)   :  0.004 0.975 0.003 0.003 0.002 0.004 0.002 0.003 0.004 
 10 QAc-G-0067    (0)   :  0.003 0.003 0.003 0.004 0.003 0.008 0.971 0.003 0.003 
 11 QAc-G-0068    (0)   :  0.003 0.543 0.351 0.004 0.069 0.003 0.006 0.016 0.004 
 12 QAc-G-0070    (0)   :  0.008 0.522 0.021 0.014 0.006 0.005 0.010 0.307 0.106 
 13 QAc-G-0071   (13)   :  0.005 0.905 0.006 0.003 0.009 0.015 0.002 0.008 0.047 
 14 QAc-G-0072    (0)   :  0.004 0.972 0.003 0.004 0.002 0.004 0.003 0.004 0.003 
 15 QAc-G-0073    (0)   :  0.970 0.003 0.004 0.008 0.003 0.003 0.003 0.004 0.003 
 16 QAc-G-0074    (0)   :  0.269 0.133 0.035 0.401 0.013 0.005 0.006 0.034 0.104 
 17 QAc-G-0075    (0)   :  0.558 0.028 0.018 0.342 0.013 0.013 0.009 0.006 0.012 
 18 QAc-G-0076    (0)   :  0.619 0.013 0.077 0.234 0.010 0.012 0.012 0.018 0.005 
 19 QAc-G-0077    (0)   :  0.005 0.010 0.004 0.008 0.003 0.952 0.009 0.002 0.006 
 20 QAc-G-0078    (0)   :  0.002 0.003 0.003 0.003 0.002 0.978 0.002 0.003 0.003 
 21 QAc-G-0079    (0)   :  0.004 0.004 0.003 0.004 0.005 0.969 0.002 0.003 0.005 
 22 QAc-G-0080    (0)   :  0.071 0.006 0.466 0.011 0.008 0.397 0.023 0.006 0.012 
 23 QAc-G-0081    (0)   :  0.016 0.005 0.531 0.034 0.018 0.007 0.004 0.351 0.034 
 24 QAc-G-0082    (0)   :  0.021 0.002 0.923 0.011 0.012 0.003 0.003 0.019 0.007 
 25 QAc-G-0083    (0)   :  0.016 0.011 0.008 0.070 0.006 0.011 0.011 0.009 0.859 
 26 QAc-G-0001   (13)   :  0.003 0.005 0.003 0.003 0.004 0.973 0.003 0.003 0.004 
 27 QAc-G-0002    (0)   :  0.003 0.003 0.003 0.003 0.002 0.979 0.002 0.002 0.003 
 28 QAc-G-0285    (0)   :  0.004 0.015 0.005 0.005 0.009 0.006 0.004 0.007 0.945 
 29 QAc-G-0286    (0)   :  0.003 0.976 0.003 0.003 0.003 0.003 0.002 0.003 0.005 
 30 QAc-G-0287    (0)   :  0.003 0.979 0.002 0.003 0.002 0.003 0.003 0.002 0.003 
 31 QAc-G-0288    (6)   :  0.017 0.850 0.014 0.021 0.006 0.037 0.009 0.038 0.008 
 32 QAc-G-0289    (0)   :  0.003 0.975 0.003 0.003 0.003 0.003 0.003 0.003 0.003 
 33 QAc-G-0290    (0)   :  0.003 0.972 0.003 0.003 0.003 0.003 0.006 0.003 0.003 
 34 QAc-G-0291    (0)   :  0.009 0.909 0.006 0.005 0.003 0.035 0.003 0.002 0.027 
 35 QAc-G-0292    (0)   :  0.004 0.247 0.006 0.005 0.006 0.004 0.003 0.009 0.715 
 36 QAc-G-0293    (0)   :  0.003 0.508 0.002 0.002 0.003 0.007 0.002 0.002 0.470 
 37 QAc-G-0294    (0)   :  0.396 0.004 0.024 0.524 0.022 0.010 0.008 0.008 0.004 
 38 QAc-G-0295    (0)   :  0.943 0.008 0.006 0.015 0.004 0.010 0.004 0.004 0.006 
 39 QAc-G-0296    (0)   :  0.950 0.007 0.004 0.012 0.003 0.004 0.010 0.005 0.005 
 40 QAc-G-0297    (0)   :  0.122 0.003 0.633 0.204 0.018 0.003 0.005 0.009 0.003 
 41 QAc-G-0298    (6)   :  0.963 0.003 0.005 0.009 0.004 0.005 0.003 0.003 0.004 
 42 QAc-G-0299    (0)   :  0.520 0.010 0.011 0.425 0.014 0.006 0.004 0.004 0.006 
 43 QAc-G-0300    (0)   :  0.886 0.004 0.006 0.058 0.005 0.003 0.023 0.011 0.003 
 44 QAc-G-0301    (0)   :  0.722 0.020 0.008 0.058 0.005 0.006 0.168 0.005 0.009 
 45 QAc-G-0302    (0)   :  0.005 0.005 0.017 0.024 0.931 0.004 0.003 0.005 0.006 
 46 QAc-G-0303    (0)   :  0.008 0.003 0.041 0.006 0.892 0.005 0.005 0.028 0.011 
 47 QAc-G-0304    (0)   :  0.004 0.974 0.003 0.003 0.002 0.003 0.002 0.003 0.006 
 48 QAc-G-0305    (0)   :  0.006 0.563 0.061 0.008 0.090 0.052 0.003 0.046 0.171 
 49 QAc-G-0306    (0)   :  0.002 0.976 0.003 0.003 0.002 0.004 0.002 0.003 0.005 
 50 QAc-G-0307    (0)   :  0.011 0.005 0.033 0.012 0.012 0.829 0.006 0.069 0.024 
 51 QAc-G-0308    (0)   :  0.017 0.017 0.009 0.007 0.010 0.919 0.003 0.009 0.009 
 52 QAc-G-0309    (0)   :  0.005 0.004 0.018 0.006 0.004 0.950 0.003 0.004 0.007 
 53 QAc-G-0310    (0)   :  0.004 0.003 0.003 0.005 0.003 0.971 0.003 0.004 0.004 
 54 QAc-G-0311    (0)   :  0.002 0.003 0.003 0.002 0.002 0.981 0.002 0.002 0.002 
 55 QAc-G-0312    (0)   :  0.048 0.006 0.502 0.030 0.041 0.287 0.015 0.067 0.004 
 56 QAc-G-0313    (0)   :  0.017 0.007 0.808 0.012 0.006 0.011 0.008 0.080 0.051 
 57 QAc-G-0314    (0)   :  0.102 0.004 0.518 0.134 0.025 0.012 0.009 0.192 0.003 
 58 QAc-G-0315    (0)   :  0.007 0.008 0.927 0.019 0.011 0.004 0.005 0.014 0.005 
 59 QAc-G-0316    (0)   :  0.005 0.009 0.708 0.018 0.007 0.022 0.009 0.211 0.010 
 60 QAc-G-0032    (6)   :  0.017 0.007 0.489 0.006 0.330 0.007 0.133 0.008 0.004 
 61 QAc-G-0033    (0)   :  0.502 0.005 0.005 0.459 0.005 0.005 0.008 0.007 0.004 
 62 QAc-G-0034    (0)   :  0.860 0.004 0.010 0.031 0.009 0.053 0.010 0.019 0.004 
 63 QAc-G-0035    (0)   :  0.106 0.008 0.008 0.842 0.006 0.006 0.009 0.004 0.011 
 64 QAc-G-0036    (0)   :  0.919 0.015 0.010 0.010 0.004 0.006 0.004 0.013 0.017 
 65 QAc-G-0037    (0)   :  0.957 0.011 0.005 0.006 0.003 0.008 0.004 0.003 0.004 
 66 QAc-G-0038    (0)   :  0.946 0.003 0.006 0.023 0.003 0.002 0.003 0.011 0.003 
 67 QAc-G-0039    (0)   :  0.565 0.006 0.026 0.324 0.015 0.029 0.006 0.025 0.004 
 68 QAc-G-0040    (0)   :  0.809 0.049 0.015 0.027 0.008 0.006 0.004 0.074 0.008 
 69 QAc-G-0041    (0)   :  0.926 0.003 0.004 0.004 0.002 0.003 0.023 0.020 0.016 
 70 QAc-G-0042    (0)   :  0.956 0.008 0.004 0.010 0.005 0.004 0.005 0.005 0.004 
 71 QAc-G-0043    (0)   :  0.924 0.005 0.008 0.040 0.005 0.008 0.002 0.004 0.003 
 72 QAc-G-0044    (0)   :  0.856 0.011 0.012 0.039 0.022 0.004 0.043 0.006 0.006 
 73 QAc-G-0045    (0)   :  0.722 0.006 0.007 0.206 0.005 0.027 0.014 0.008 0.004 
 74 QAc-G-0046    (0)   :  0.810 0.002 0.023 0.081 0.005 0.041 0.007 0.023 0.006 
 75 QAc-G-0047    (0)   :  0.102 0.005 0.012 0.828 0.010 0.024 0.005 0.008 0.005 
 76 QAc-G-0048    (0)   :  0.960 0.003 0.005 0.010 0.004 0.003 0.005 0.007 0.004 
 77 QAc-G-0049    (0)   :  0.002 0.004 0.003 0.003 0.002 0.977 0.002 0.003 0.003 
 78 QAc-G-0050    (0)   :  0.004 0.017 0.888 0.005 0.026 0.034 0.004 0.016 0.005 
 79 QAc-G-0051    (0)   :  0.002 0.003 0.003 0.003 0.003 0.976 0.002 0.003 0.006 
 80 QAc-G-0052    (0)   :  0.018 0.003 0.021 0.011 0.006 0.894 0.029 0.013 0.004 
 81 QAc-G-0053    (0)   :  0.022 0.008 0.008 0.012 0.002 0.932 0.006 0.003 0.007 
 82 QAc-G-0054    (0)   :  0.014 0.006 0.862 0.005 0.012 0.073 0.004 0.021 0.003 
 83 QAc-G-0055    (0)   :  0.013 0.005 0.627 0.005 0.036 0.294 0.003 0.012 0.005 
 84 QAc-G-0056    (0)   :  0.006 0.011 0.896 0.011 0.009 0.013 0.009 0.039 0.006 
 85 QAc-G-0057    (0)   :  0.004 0.004 0.003 0.005 0.004 0.971 0.002 0.003 0.004 
 86 QAc-G-0058    (6)   :  0.003 0.003 0.003 0.002 0.003 0.976 0.003 0.003 0.005 
 87 QAc-G-0059    (0)   :  0.011 0.003 0.807 0.003 0.004 0.158 0.003 0.007 0.003 
 88 QAc-G-0060    (6)   :  0.011 0.015 0.078 0.014 0.006 0.849 0.015 0.006 0.006 
 89 QAc-G-0276    (0)   :  0.014 0.320 0.007 0.018 0.005 0.008 0.003 0.005 0.620 
 90 QAc-G-0279    (0)   :  0.003 0.974 0.003 0.004 0.002 0.005 0.002 0.003 0.004 
 91 QAc-G-0280    (6)   :  0.007 0.963 0.005 0.007 0.003 0.003 0.004 0.004 0.005 
 92 QAc-G-0281    (0)   :  0.004 0.007 0.004 0.004 0.003 0.968 0.003 0.003 0.003 
 93 QAc-G-0018    (0)   :  0.823 0.007 0.033 0.049 0.024 0.042 0.007 0.010 0.006 
 94 QAc-G-0019    (0)   :  0.634 0.019 0.009 0.089 0.005 0.004 0.204 0.010 0.027 
 95 QAc-G-0020    (0)   :  0.961 0.002 0.013 0.007 0.002 0.004 0.003 0.003 0.003 
 96 QAc-G-0021    (6)   :  0.900 0.003 0.007 0.025 0.003 0.019 0.038 0.003 0.003 
 97 QAc-G-0022    (6)   :  0.475 0.005 0.055 0.222 0.011 0.027 0.082 0.107 0.016 
 98 QAc-G-0023    (0)   :  0.003 0.003 0.003 0.004 0.004 0.971 0.002 0.003 0.007 
 99 QAc-G-0024    (0)   :  0.006 0.003 0.003 0.007 0.004 0.967 0.004 0.003 0.003 
100 QAc-G-0016    (0)   :  0.014 0.012 0.813 0.005 0.083 0.055 0.003 0.011 0.004 
101 QAc-G-0017    (0)   :  0.009 0.005 0.024 0.006 0.728 0.004 0.209 0.011 0.006 
102 QAc-G-0250    (0)   :  0.010 0.107 0.585 0.018 0.036 0.008 0.007 0.012 0.216 
103 QAc-G-0003    (6)   :  0.004 0.959 0.004 0.004 0.003 0.005 0.003 0.006 0.012 
104 QAc-G-0004    (0)   :  0.025 0.003 0.024 0.044 0.876 0.009 0.006 0.005 0.007 
105 QAc-G-0005    (0)   :  0.003 0.003 0.002 0.003 0.004 0.003 0.976 0.003 0.002 
106 QAc-G-0006    (6)   :  0.007 0.005 0.078 0.020 0.855 0.003 0.003 0.015 0.013 
107 QAc-G-0283    (0)   :  0.007 0.003 0.465 0.007 0.036 0.004 0.004 0.330 0.142 
108 QAc-G-0265    (0)   :  0.009 0.004 0.293 0.070 0.024 0.148 0.007 0.008 0.439 
109 QAc-G-0266    (0)   :  0.003 0.004 0.002 0.003 0.002 0.978 0.002 0.002 0.004 
110 QAc-G-0267    (0)   :  0.266 0.004 0.012 0.035 0.004 0.005 0.083 0.010 0.582 
111 QAc-G-0268   (20)   :  0.005 0.533 0.414 0.008 0.011 0.005 0.011 0.006 0.008 
112 QAc-G-0269    (0)   :  0.004 0.973 0.003 0.003 0.003 0.004 0.003 0.003 0.005 
113 QAc-G-0270    (6)   :  0.956 0.006 0.005 0.008 0.004 0.004 0.008 0.005 0.005 
114 QAc-G-0271    (0)   :  0.026 0.003 0.039 0.851 0.008 0.003 0.059 0.006 0.004 
115 QAc-G-0272    (6)   :  0.937 0.013 0.005 0.016 0.006 0.008 0.003 0.005 0.007 
116 QAc-G-0273    (0)   :  0.005 0.004 0.007 0.004 0.004 0.961 0.007 0.005 0.004 
117 QAc-G-0274    (0)   :  0.003 0.002 0.002 0.003 0.002 0.002 0.980 0.003 0.002 
118 QAc-G-0251    (6)   :  0.951 0.004 0.005 0.005 0.009 0.005 0.010 0.008 0.003 
119 QAc-G-0252    (0)   :  0.960 0.004 0.005 0.005 0.007 0.003 0.004 0.009 0.003 
120 QAc-G-0253    (0)   :  0.005 0.005 0.005 0.003 0.003 0.969 0.003 0.004 0.004 
121 QAc-G-0254    (0)   :  0.002 0.003 0.003 0.003 0.002 0.979 0.003 0.003 0.003 
122 QAc-G-0255    (0)   :  0.006 0.004 0.018 0.042 0.904 0.004 0.007 0.007 0.008 
123 QAc-G-0256    (0)   :  0.005 0.010 0.005 0.009 0.950 0.004 0.008 0.003 0.006 
124 QAc-G-0257    (0)   :  0.018 0.003 0.021 0.005 0.839 0.008 0.051 0.050 0.006 
125 QAc-G-0258    (0)   :  0.005 0.003 0.011 0.006 0.960 0.003 0.006 0.003 0.004 
126 QAc-G-0259    (0)   :  0.003 0.002 0.966 0.007 0.009 0.002 0.002 0.007 0.002 
127 QAc-G-0260    (0)   :  0.011 0.036 0.788 0.010 0.040 0.008 0.053 0.044 0.010 
128 QAc-G-0261    (0)   :  0.015 0.004 0.511 0.005 0.046 0.003 0.404 0.008 0.004 
129 QAc-G-0262    (0)   :  0.006 0.013 0.712 0.005 0.197 0.007 0.028 0.015 0.016 
130 QAc-G-0010    (0)   :  0.016 0.033 0.010 0.009 0.004 0.011 0.005 0.008 0.906 
131 QAc-G-0011    (0)   :  0.009 0.004 0.010 0.005 0.004 0.004 0.004 0.958 0.002 
132 QAc-G-0015    (0)   :  0.017 0.003 0.022 0.008 0.089 0.807 0.007 0.029 0.017 
133 QAc-G-0106    (0)   :  0.014 0.003 0.019 0.006 0.921 0.002 0.027 0.006 0.003 
134 QAc-G-0107    (0)   :  0.004 0.006 0.012 0.004 0.951 0.008 0.003 0.004 0.008 
135 QAc-G-0108    (0)   :  0.007 0.005 0.005 0.004 0.964 0.002 0.004 0.005 0.004 
136 QAc-G-0109    (0)   :  0.011 0.005 0.085 0.006 0.815 0.011 0.032 0.026 0.009 
137 QAc-G-0110    (0)   :  0.030 0.063 0.027 0.034 0.802 0.008 0.002 0.013 0.020 
138 QAc-G-0111    (0)   :  0.013 0.005 0.008 0.010 0.924 0.005 0.005 0.008 0.022 
139 QAc-G-0112    (0)   :  0.005 0.025 0.025 0.004 0.913 0.009 0.003 0.003 0.013 
140 QAc-G-0113    (0)   :  0.007 0.008 0.080 0.005 0.828 0.022 0.025 0.006 0.018 
141 QAc-G-0114    (0)   :  0.014 0.013 0.026 0.078 0.836 0.014 0.003 0.005 0.011 
142 QAc-G-0115    (0)   :  0.006 0.009 0.010 0.003 0.954 0.004 0.006 0.005 0.004 
143 QAc-G-0116    (0)   :  0.004 0.011 0.008 0.005 0.939 0.007 0.006 0.006 0.013 
144 QAc-G-0117    (0)   :  0.122 0.005 0.198 0.147 0.384 0.010 0.068 0.013 0.052 
145 QAc-G-0118    (0)   :  0.005 0.003 0.006 0.006 0.927 0.002 0.025 0.011 0.015 
146 QAc-G-0119    (0)   :  0.015 0.002 0.016 0.024 0.909 0.006 0.022 0.004 0.003 
147 QAc-G-0120    (0)   :  0.010 0.006 0.099 0.018 0.838 0.006 0.006 0.011 0.006 
148 QAc-G-0121    (0)   :  0.010 0.007 0.004 0.004 0.008 0.004 0.957 0.003 0.004 
149 QAc-G-0122    (0)   :  0.011 0.036 0.005 0.006 0.007 0.004 0.918 0.005 0.009 
150 QAc-G-0123    (0)   :  0.004 0.002 0.002 0.004 0.002 0.002 0.979 0.002 0.002 
151 QAc-G-0124    (6)   :  0.004 0.003 0.003 0.004 0.003 0.003 0.973 0.004 0.003 
152 QAc-G-0125    (0)   :  0.007 0.010 0.304 0.007 0.034 0.061 0.487 0.043 0.045 
153 QAc-G-0126    (0)   :  0.016 0.007 0.580 0.008 0.139 0.011 0.221 0.015 0.004 
154 QAc-G-0127    (0)   :  0.007 0.004 0.006 0.005 0.009 0.005 0.950 0.010 0.004 
155 QAc-G-0128    (0)   :  0.003 0.005 0.003 0.004 0.003 0.003 0.974 0.003 0.003 
156 QAc-G-0129    (0)   :  0.003 0.003 0.002 0.004 0.003 0.002 0.979 0.002 0.002 
157 QAc-G-0130    (0)   :  0.011 0.003 0.006 0.005 0.038 0.002 0.907 0.018 0.009 
158 QAc-G-0131    (0)   :  0.006 0.005 0.004 0.007 0.005 0.004 0.962 0.003 0.003 
159 QAc-G-0132    (0)   :  0.005 0.015 0.019 0.012 0.173 0.013 0.741 0.006 0.017 
160 QAc-G-0133    (0)   :  0.012 0.004 0.004 0.005 0.003 0.004 0.959 0.004 0.006 
161 QAc-G-0134    (0)   :  0.004 0.004 0.003 0.004 0.004 0.004 0.969 0.003 0.003 
162 QAc-G-0135    (0)   :  0.011 0.006 0.008 0.012 0.943 0.008 0.003 0.006 0.004 
163 QAc-G-0136    (0)   :  0.005 0.006 0.016 0.005 0.830 0.007 0.005 0.013 0.112 
164 QAc-G-0137    (0)   :  0.008 0.004 0.016 0.013 0.907 0.003 0.037 0.006 0.005 
165 QAc-G-0138    (0)   :  0.002 0.002 0.014 0.003 0.901 0.006 0.006 0.032 0.033 
166 QAc-G-0139    (0)   :  0.051 0.003 0.008 0.009 0.893 0.002 0.026 0.005 0.003 
167 QAc-G-0140    (6)   :  0.015 0.005 0.024 0.038 0.847 0.004 0.052 0.005 0.008 
168 QAc-G-0141    (0)   :  0.035 0.016 0.433 0.054 0.350 0.025 0.025 0.040 0.022 
169 QAc-G-0142    (0)   :  0.003 0.003 0.004 0.009 0.969 0.002 0.003 0.003 0.003 
170 QAc-G-0143    (0)   :  0.006 0.006 0.965 0.004 0.004 0.004 0.003 0.004 0.004 
171 QAc-G-0144    (6)   :  0.006 0.004 0.606 0.004 0.357 0.005 0.003 0.004 0.013 
172 QAc-G-0145    (0)   :  0.004 0.973 0.003 0.003 0.003 0.003 0.002 0.003 0.005 
173 QAc-G-0146    (0)   :  0.003 0.003 0.003 0.003 0.002 0.003 0.977 0.003 0.003 
174 QAc-G-0147    (0)   :  0.029 0.007 0.263 0.010 0.094 0.005 0.264 0.291 0.037 
175 QAc-G-0148    (0)   :  0.011 0.004 0.699 0.010 0.233 0.004 0.006 0.005 0.028 
176 QAc-G-0149    (0)   :  0.005 0.004 0.003 0.004 0.003 0.003 0.972 0.003 0.003 
177 QAc-G-0150    (0)   :  0.003 0.973 0.003 0.003 0.003 0.004 0.003 0.004 0.004 
178 QAc-G-0151    (0)   :  0.004 0.003 0.003 0.005 0.003 0.003 0.973 0.003 0.003 
179 QAc-G-0152    (0)   :  0.005 0.002 0.003 0.005 0.002 0.005 0.971 0.003 0.003 
180 QAc-G-0153    (0)   :  0.012 0.002 0.010 0.006 0.007 0.002 0.879 0.016 0.065 
181 QAc-G-0154    (0)   :  0.049 0.010 0.005 0.004 0.023 0.003 0.886 0.004 0.016 
182 QAc-G-0155    (0)   :  0.005 0.003 0.003 0.006 0.003 0.003 0.973 0.003 0.003 
183 QAc-G-0158    (0)   :  0.002 0.003 0.003 0.003 0.003 0.003 0.978 0.003 0.003 
184 QAc-G-0159    (0)   :  0.011 0.012 0.027 0.007 0.907 0.007 0.012 0.013 0.004 
185 QAc-G-0160    (0)   :  0.002 0.981 0.002 0.002 0.002 0.003 0.002 0.002 0.003 
186 QAc-G-0161    (0)   :  0.003 0.980 0.002 0.003 0.003 0.003 0.002 0.002 0.003 
187 QAc-G-0162    (0)   :  0.296 0.073 0.032 0.035 0.005 0.007 0.004 0.009 0.538 
188 QAc-G-0163    (0)   :  0.038 0.821 0.030 0.060 0.019 0.002 0.003 0.006 0.021 
189 QAc-G-0164    (0)   :  0.004 0.897 0.013 0.005 0.003 0.011 0.002 0.062 0.004 
190 QAc-G-0165    (0)   :  0.005 0.959 0.004 0.005 0.005 0.003 0.008 0.005 0.006 
191 QAc-G-0166    (0)   :  0.004 0.974 0.003 0.005 0.003 0.003 0.003 0.003 0.003 
192 QAc-G-0167    (0)   :  0.004 0.971 0.004 0.004 0.002 0.004 0.003 0.004 0.003 
193 QAc-G-0168    (0)   :  0.003 0.979 0.002 0.003 0.002 0.003 0.002 0.002 0.003 
194 QAc-G-0169    (6)   :  0.004 0.238 0.467 0.032 0.114 0.005 0.005 0.016 0.120 
195 QAc-G-0170    (0)   :  0.005 0.967 0.004 0.004 0.003 0.004 0.005 0.004 0.005 
196 QAc-G-0171    (0)   :  0.004 0.973 0.003 0.003 0.002 0.003 0.003 0.004 0.005 
197 QAc-G-0172    (0)   :  0.004 0.021 0.064 0.033 0.823 0.009 0.012 0.014 0.019 
198 QAc-G-0173    (0)   :  0.003 0.486 0.003 0.003 0.003 0.005 0.002 0.003 0.492 
199 QAc-G-0174    (0)   :  0.005 0.023 0.004 0.005 0.004 0.005 0.003 0.004 0.947 
200 QAc-G-0175    (0)   :  0.003 0.974 0.003 0.003 0.002 0.003 0.002 0.004 0.006 
201 QAc-G-0176    (0)   :  0.150 0.794 0.013 0.019 0.004 0.007 0.004 0.004 0.005 
202 QAc-G-0177    (0)   :  0.003 0.974 0.003 0.003 0.002 0.004 0.003 0.003 0.005 
203 QAc-G-0178    (0)   :  0.003 0.694 0.016 0.004 0.004 0.011 0.015 0.242 0.011 
204 QAc-G-0179    (6)   :  0.004 0.974 0.003 0.003 0.002 0.003 0.002 0.002 0.007 
205 QAc-G-0180    (0)   :  0.003 0.978 0.002 0.003 0.002 0.002 0.002 0.003 0.003 
206 QAc-G-0181    (0)   :  0.004 0.952 0.004 0.024 0.003 0.002 0.003 0.005 0.003 
207 QAc-G-0182    (0)   :  0.004 0.431 0.008 0.004 0.007 0.003 0.005 0.004 0.532 
208 QAc-G-0183    (6)   :  0.003 0.941 0.012 0.004 0.009 0.007 0.004 0.004 0.016 
209 QAc-G-0184    (0)   :  0.003 0.976 0.003 0.003 0.003 0.003 0.003 0.003 0.004 
210 QAc-G-0185    (0)   :  0.011 0.734 0.013 0.010 0.011 0.005 0.034 0.111 0.070 
211 QAc-G-0186    (0)   :  0.006 0.954 0.004 0.017 0.003 0.002 0.002 0.006 0.004 
212 QAc-G-0187    (0)   :  0.016 0.780 0.024 0.019 0.004 0.033 0.005 0.112 0.006 
213 QAc-G-0188    (0)   :  0.013 0.212 0.251 0.044 0.454 0.003 0.004 0.007 0.011 
214 QAc-G-0189    (0)   :  0.003 0.921 0.005 0.003 0.005 0.014 0.002 0.007 0.041 
215 QAc-G-0190    (0)   :  0.003 0.970 0.004 0.004 0.003 0.004 0.004 0.004 0.005 
216 QAc-G-0191    (0)   :  0.004 0.971 0.003 0.004 0.003 0.004 0.004 0.003 0.005 
217 QAc-G-0192    (0)   :  0.002 0.979 0.002 0.002 0.002 0.003 0.003 0.003 0.003 
218 QAc-G-0193    (0)   :  0.004 0.971 0.003 0.005 0.003 0.003 0.004 0.004 0.003 
219 QAc-G-0194    (0)   :  0.005 0.965 0.003 0.006 0.003 0.004 0.004 0.005 0.004 
220 QAc-G-0195    (0)   :  0.007 0.055 0.004 0.010 0.004 0.019 0.003 0.004 0.894 
221 QAc-G-0196    (0)   :  0.004 0.660 0.003 0.004 0.003 0.006 0.002 0.004 0.314 
222 QAc-G-0197    (0)   :  0.003 0.979 0.002 0.002 0.002 0.003 0.002 0.002 0.004 
223 QAc-G-0198    (0)   :  0.005 0.972 0.003 0.004 0.003 0.003 0.003 0.003 0.005 
224 QAc-G-0199    (0)   :  0.018 0.694 0.021 0.006 0.005 0.005 0.018 0.116 0.117 
225 QAc-G-0200    (0)   :  0.009 0.963 0.004 0.006 0.003 0.003 0.002 0.004 0.006 
226 QAc-G-0201    (0)   :  0.004 0.456 0.009 0.004 0.002 0.004 0.002 0.004 0.515 
227 QAc-G-0202    (6)   :  0.004 0.538 0.004 0.003 0.006 0.011 0.003 0.003 0.429 
228 QAc-G-0203    (0)   :  0.005 0.953 0.010 0.004 0.006 0.014 0.002 0.002 0.004 
229 QAc-G-0204    (0)   :  0.006 0.968 0.004 0.004 0.003 0.004 0.003 0.003 0.005 
230 QAc-G-0205    (0)   :  0.002 0.003 0.002 0.002 0.002 0.980 0.002 0.002 0.003 
231 QAc-G-0206    (0)   :  0.020 0.003 0.145 0.015 0.048 0.754 0.004 0.007 0.005 
232 QAc-G-0207    (0)   :  0.007 0.006 0.008 0.005 0.004 0.950 0.005 0.011 0.004 
233 QAc-G-0208    (0)   :  0.003 0.004 0.003 0.003 0.002 0.976 0.003 0.003 0.003 
234 QAc-G-0209    (0)   :  0.003 0.005 0.003 0.003 0.003 0.972 0.002 0.003 0.005 
235 QAc-G-0210    (0)   :  0.003 0.003 0.004 0.003 0.003 0.977 0.002 0.003 0.002 
236 QAc-G-0211    (0)   :  0.002 0.003 0.005 0.003 0.003 0.974 0.004 0.003 0.003 
237 QAc-G-0212    (0)   :  0.004 0.004 0.003 0.003 0.002 0.975 0.003 0.003 0.003 
238 QAc-G-0213    (0)   :  0.005 0.005 0.003 0.006 0.002 0.969 0.003 0.005 0.003 
239 QAc-G-0214    (0)   :  0.003 0.004 0.003 0.003 0.002 0.977 0.002 0.002 0.004 
240 QAc-G-0215    (0)   :  0.003 0.003 0.004 0.005 0.003 0.971 0.003 0.004 0.003 
241 QAc-G-0216    (0)   :  0.011 0.018 0.304 0.038 0.118 0.101 0.005 0.005 0.400 
242 QAc-G-0217    (0)   :  0.005 0.003 0.006 0.006 0.007 0.943 0.010 0.008 0.013 
243 QAc-G-0218    (0)   :  0.006 0.006 0.004 0.009 0.003 0.958 0.004 0.007 0.003 
244 QAc-G-0219    (0)   :  0.038 0.008 0.033 0.008 0.025 0.850 0.022 0.009 0.006 
245 QAc-G-0220    (0)   :  0.005 0.003 0.076 0.006 0.006 0.888 0.005 0.007 0.003 
246 QAc-G-0221    (0)   :  0.013 0.005 0.009 0.010 0.008 0.885 0.012 0.032 0.026 
247 QAc-G-0222    (0)   :  0.004 0.004 0.003 0.004 0.002 0.974 0.002 0.003 0.003 
248 QAc-G-0223    (0)   :  0.005 0.003 0.004 0.005 0.003 0.966 0.005 0.006 0.003 
249 QAc-G-0224    (0)   :  0.003 0.006 0.005 0.003 0.003 0.968 0.003 0.005 0.003 
250 QAc-G-0226    (0)   :  0.004 0.003 0.003 0.005 0.003 0.972 0.003 0.003 0.003 
251 QAc-G-0227    (0)   :  0.951 0.004 0.005 0.008 0.004 0.004 0.013 0.005 0.005 
252 QAc-G-0228    (6)   :  0.969 0.004 0.004 0.005 0.003 0.004 0.003 0.005 0.004 
253 QAc-G-0229    (0)   :  0.912 0.005 0.012 0.022 0.012 0.007 0.004 0.016 0.011 
254 QAc-G-0230    (0)   :  0.138 0.008 0.009 0.800 0.010 0.019 0.003 0.006 0.008 
255 QAc-G-0231    (0)   :  0.003 0.007 0.004 0.004 0.003 0.969 0.004 0.003 0.003 
256 QAc-G-0232    (0)   :  0.943 0.002 0.006 0.019 0.005 0.003 0.008 0.011 0.002 
257 QAc-G-0233    (0)   :  0.023 0.005 0.164 0.609 0.003 0.023 0.005 0.162 0.005 
258 QAc-G-0234    (0)   :  0.849 0.011 0.008 0.080 0.005 0.005 0.006 0.013 0.022 
259 QAc-G-0235    (0)   :  0.006 0.004 0.018 0.007 0.917 0.009 0.002 0.010 0.026 
260 QAc-G-0236    (0)   :  0.965 0.004 0.003 0.005 0.004 0.004 0.006 0.004 0.005 
261 QAc-G-0237    (0)   :  0.875 0.015 0.010 0.036 0.010 0.017 0.017 0.013 0.006 
262 QAc-G-0238    (0)   :  0.959 0.004 0.004 0.012 0.003 0.006 0.003 0.004 0.004 
263 QAc-G-0239    (0)   :  0.964 0.004 0.005 0.009 0.003 0.004 0.003 0.005 0.003 
264 QAc-G-0240    (0)   :  0.965 0.003 0.004 0.007 0.005 0.002 0.005 0.005 0.003 
265 QAc-G-0241    (0)   :  0.695 0.007 0.052 0.134 0.029 0.010 0.007 0.027 0.039 
266 QAc-G-0242    (0)   :  0.049 0.004 0.011 0.900 0.003 0.010 0.009 0.010 0.004 
267 QAc-G-0243    (0)   :  0.221 0.003 0.069 0.467 0.012 0.024 0.053 0.143 0.008 
268 QAc-G-0244    (0)   :  0.940 0.005 0.013 0.008 0.011 0.010 0.004 0.005 0.005 
269 QAc-G-0245    (0)   :  0.931 0.006 0.005 0.021 0.005 0.004 0.016 0.006 0.006 
270 QAc-G-0246    (0)   :  0.965 0.005 0.005 0.005 0.004 0.003 0.005 0.005 0.003 
271 QAc-G-0247    (0)   :  0.973 0.002 0.004 0.004 0.003 0.003 0.003 0.005 0.003 
272 QAc-G-0248    (0)   :  0.425 0.003 0.007 0.547 0.006 0.003 0.004 0.003 0.003 
273 QAc-G-0249    (0)   :  0.006 0.013 0.020 0.025 0.009 0.009 0.002 0.909 0.006 
274 QAc-G-0025    (0)   :  0.004 0.004 0.003 0.004 0.003 0.975 0.003 0.003 0.003 
275 QAc-G-0028    (0)   :  0.508 0.007 0.023 0.326 0.003 0.026 0.004 0.098 0.004 
276 QAc-G-0275    (0)   :  0.006 0.014 0.005 0.004 0.004 0.959 0.002 0.004 0.004 
277 QAc-G-0263    (0)   :  0.004 0.012 0.303 0.007 0.010 0.018 0.006 0.170 0.470 
278 QAc-W-0001    (0)   :  0.008 0.003 0.005 0.952 0.006 0.004 0.016 0.004 0.003 
279 QAc-W-0002    (0)   :  0.852 0.021 0.022 0.042 0.029 0.004 0.003 0.021 0.007 
280 QAc-W-0003    (0)   :  0.007 0.006 0.013 0.891 0.016 0.020 0.007 0.004 0.034 
281 QAc-W-0004    (0)   :  0.009 0.005 0.003 0.963 0.003 0.005 0.004 0.005 0.003 
282 QAc-W-0005    (0)   :  0.004 0.004 0.004 0.965 0.004 0.003 0.006 0.005 0.005 
283 QAc-W-0006    (0)   :  0.006 0.005 0.004 0.962 0.006 0.004 0.005 0.006 0.003 
284 QAc-W-0007   (13)   :  0.008 0.004 0.004 0.963 0.004 0.004 0.004 0.005 0.003 
285 QAc-W-0008    (6)   :  0.007 0.004 0.012 0.947 0.005 0.003 0.003 0.017 0.003 
286 QAc-W-0009    (0)   :  0.715 0.010 0.062 0.040 0.135 0.006 0.007 0.020 0.004 
287 QAc-W-0010    (0)   :  0.006 0.005 0.011 0.897 0.007 0.004 0.008 0.038 0.023 
288 QAc-W-0011    (0)   :  0.156 0.051 0.030 0.696 0.020 0.008 0.016 0.007 0.016 
289 QAc-W-0012    (0)   :  0.065 0.026 0.015 0.860 0.007 0.005 0.006 0.010 0.007 
290 QAc-W-0013    (0)   :  0.749 0.007 0.013 0.035 0.042 0.140 0.004 0.006 0.005 
291 QAc-W-0014    (0)   :  0.012 0.003 0.006 0.943 0.003 0.004 0.005 0.016 0.009 
292 QAc-W-0015    (0)   :  0.720 0.017 0.016 0.037 0.019 0.047 0.004 0.032 0.108 
293 QAc-W-0016    (0)   :  0.005 0.005 0.032 0.887 0.011 0.012 0.003 0.026 0.019 
294 QAc-W-0017    (0)   :  0.127 0.011 0.284 0.214 0.057 0.021 0.012 0.137 0.136 
295 QAc-W-0018    (0)   :  0.021 0.002 0.124 0.748 0.038 0.032 0.009 0.020 0.004 
296 QAc-W-0019    (0)   :  0.010 0.005 0.005 0.943 0.011 0.007 0.004 0.011 0.004 
297 QAc-W-0020    (0)   :  0.005 0.003 0.008 0.927 0.007 0.003 0.041 0.003 0.003 
298 QAc-W-0021    (0)   :  0.011 0.012 0.055 0.700 0.021 0.158 0.013 0.028 0.003 
299 QAc-W-0022    (0)   :  0.188 0.008 0.145 0.347 0.017 0.018 0.008 0.184 0.085 
300 QAc-W-0023    (6)   :  0.133 0.003 0.072 0.473 0.144 0.030 0.077 0.062 0.006 
301 QAc-W-0024    (0)   :  0.006 0.026 0.017 0.812 0.007 0.110 0.005 0.013 0.005 
302 QAc-W-0025    (0)   :  0.301 0.005 0.010 0.657 0.005 0.006 0.004 0.008 0.004 
303 QAc-W-0026    (0)   :  0.008 0.048 0.019 0.815 0.008 0.025 0.027 0.031 0.019 
304 QAc-W-0027    (0)   :  0.269 0.010 0.013 0.676 0.010 0.004 0.004 0.012 0.004 
305 QAc-W-0028    (0)   :  0.048 0.007 0.009 0.908 0.010 0.003 0.004 0.005 0.006 
306 QAc-W-0029    (0)   :  0.165 0.003 0.012 0.788 0.011 0.006 0.007 0.005 0.003 
307 QAc-W-0030    (0)   :  0.801 0.010 0.009 0.151 0.005 0.004 0.008 0.004 0.007 
308 QAc-W-0031    (0)   :  0.023 0.004 0.007 0.891 0.006 0.057 0.004 0.004 0.003 
309 QAc-W-0032    (0)   :  0.012 0.002 0.003 0.959 0.003 0.003 0.011 0.005 0.002 
310 QAc-W-0033    (0)   :  0.012 0.005 0.067 0.862 0.006 0.007 0.012 0.023 0.007 
311 QAc-W-0034    (0)   :  0.063 0.005 0.007 0.890 0.013 0.004 0.004 0.010 0.003 
312 QAc-W-0035    (0)   :  0.497 0.023 0.039 0.290 0.006 0.027 0.005 0.092 0.022 
313 QAc-W-0036    (0)   :  0.028 0.004 0.005 0.905 0.010 0.003 0.033 0.008 0.004 
314 QAc-W-0037    (0)   :  0.817 0.045 0.010 0.070 0.006 0.020 0.019 0.008 0.005 
315 QAc-W-0038    (0)   :  0.083 0.013 0.021 0.817 0.010 0.005 0.014 0.007 0.031 
316 QAc-W-0039    (0)   :  0.026 0.029 0.005 0.897 0.007 0.007 0.010 0.006 0.012 
317 QAc-W-0040    (0)   :  0.005 0.005 0.017 0.744 0.004 0.008 0.019 0.191 0.007 
318 QAc-W-0041    (0)   :  0.165 0.018 0.031 0.679 0.031 0.054 0.004 0.014 0.005 
319 QAc-W-0042    (0)   :  0.022 0.023 0.037 0.016 0.679 0.012 0.198 0.007 0.006 
320 QAc-W-0043    (0)   :  0.020 0.027 0.016 0.009 0.897 0.008 0.009 0.005 0.009 
321 QAc-W-0044    (0)   :  0.087 0.024 0.041 0.080 0.348 0.006 0.281 0.085 0.048 
322 QAc-W-0045    (0)   :  0.013 0.009 0.020 0.007 0.916 0.007 0.016 0.007 0.005 
323 QAc-W-0046    (0)   :  0.025 0.015 0.014 0.007 0.903 0.014 0.010 0.006 0.005 
324 QAc-W-0047    (0)   :  0.049 0.007 0.009 0.016 0.846 0.003 0.027 0.019 0.024 
325 QAc-W-0048    (0)   :  0.008 0.004 0.012 0.015 0.900 0.006 0.046 0.004 0.004 
326 QAc-W-0049    (0)   :  0.005 0.004 0.008 0.006 0.900 0.007 0.061 0.005 0.003 
327 QAc-W-0050    (0)   :  0.006 0.006 0.685 0.004 0.267 0.011 0.007 0.010 0.005 
328 QAc-W-0051    (0)   :  0.009 0.007 0.665 0.020 0.220 0.008 0.020 0.005 0.046 
329 QAc-W-0052    (0)   :  0.005 0.004 0.003 0.004 0.003 0.002 0.972 0.004 0.003 
330 QAc-W-0053    (0)   :  0.011 0.004 0.008 0.013 0.937 0.004 0.010 0.010 0.005 
331 QAc-W-0054    (0)   :  0.012 0.065 0.672 0.012 0.037 0.005 0.043 0.069 0.085 
332 QAc-W-0055    (0)   :  0.006 0.339 0.400 0.009 0.069 0.032 0.007 0.031 0.106 
333 QAc-W-0056    (0)   :  0.025 0.005 0.873 0.037 0.013 0.014 0.007 0.009 0.016 
334 QAc-W-0057    (0)   :  0.010 0.004 0.525 0.018 0.216 0.053 0.007 0.012 0.155 
335 QAc-W-0058    (0)   :  0.005 0.011 0.398 0.005 0.403 0.146 0.007 0.004 0.021 
336 QAc-W-0059    (0)   :  0.004 0.004 0.003 0.004 0.972 0.002 0.004 0.004 0.004 
337 QAc-W-0060    (0)   :  0.040 0.011 0.008 0.004 0.008 0.003 0.045 0.008 0.873 
338 QAc-W-0061    (0)   :  0.016 0.067 0.030 0.025 0.043 0.014 0.004 0.040 0.761 
339 QAc-W-0062    (0)   :  0.005 0.008 0.005 0.003 0.003 0.005 0.016 0.008 0.948 
340 QAc-W-0063    (0)   :  0.008 0.011 0.013 0.015 0.006 0.009 0.012 0.012 0.914 
341 QAc-W-0064    (0)   :  0.010 0.016 0.008 0.010 0.004 0.007 0.004 0.008 0.933 
342 QAc-W-0065    (0)   :  0.015 0.005 0.031 0.012 0.012 0.005 0.006 0.027 0.886 
343 QAc-W-0066    (0)   :  0.003 0.977 0.002 0.003 0.002 0.004 0.002 0.002 0.003 
344 QAc-W-0067    (0)   :  0.003 0.978 0.002 0.002 0.002 0.003 0.003 0.003 0.003 
345 QAc-W-0068    (0)   :  0.004 0.976 0.002 0.003 0.002 0.003 0.002 0.003 0.005 
346 QAc-W-0069    (0)   :  0.004 0.975 0.002 0.003 0.002 0.003 0.002 0.002 0.005 
347 QAc-W-0070    (0)   :  0.003 0.593 0.003 0.002 0.002 0.003 0.002 0.003 0.389 
348 QAc-W-0071    (6)   :  0.006 0.263 0.005 0.004 0.005 0.012 0.004 0.005 0.696 
349 QAc-W-0072    (0)   :  0.005 0.004 0.016 0.027 0.004 0.008 0.003 0.121 0.811 
350 QAc-W-0073    (0)   :  0.008 0.004 0.011 0.009 0.048 0.006 0.008 0.007 0.899 
351 QAc-W-0074    (0)   :  0.004 0.004 0.003 0.004 0.003 0.004 0.003 0.004 0.972 
352 QAc-W-0075    (0)   :  0.003 0.015 0.003 0.003 0.003 0.005 0.002 0.004 0.961 
353 QAc-W-0076    (0)   :  0.003 0.004 0.005 0.004 0.004 0.006 0.002 0.022 0.949 
354 QAc-W-0077    (0)   :  0.007 0.127 0.008 0.007 0.008 0.004 0.004 0.005 0.830 
355 QAc-W-0078    (0)   :  0.033 0.036 0.119 0.086 0.008 0.572 0.015 0.124 0.008 
356 QAc-W-0079    (6)   :  0.010 0.022 0.006 0.010 0.006 0.925 0.005 0.009 0.008 
357 QAc-W-0080   (13)   :  0.004 0.005 0.008 0.050 0.009 0.914 0.002 0.004 0.003 
358 QAc-W-0081    (0)   :  0.006 0.003 0.007 0.006 0.004 0.957 0.008 0.004 0.004 
359 QAc-W-0082    (0)   :  0.005 0.003 0.533 0.007 0.108 0.328 0.002 0.005 0.007 
360 QAc-W-0083    (0)   :  0.014 0.012 0.009 0.014 0.009 0.843 0.013 0.030 0.055 
361 QAc-W-0084    (0)   :  0.004 0.004 0.004 0.007 0.003 0.965 0.006 0.003 0.003 
362 QAc-W-0085    (0)   :  0.003 0.005 0.005 0.003 0.003 0.971 0.004 0.004 0.003 
363 QAc-W-0086    (0)   :  0.005 0.006 0.006 0.005 0.004 0.959 0.004 0.009 0.003 
364 QAc-W-0087    (0)   :  0.005 0.008 0.008 0.009 0.009 0.940 0.003 0.014 0.003 
365 QAc-W-0088    (0)   :  0.007 0.003 0.029 0.005 0.037 0.905 0.003 0.007 0.003 
366 QAc-W-0089    (0)   :  0.007 0.007 0.004 0.006 0.003 0.962 0.003 0.003 0.004 
367 QAc-W-0090    (0)   :  0.005 0.006 0.004 0.006 0.004 0.965 0.003 0.003 0.003 
368 QAc-W-0091    (0)   :  0.005 0.005 0.021 0.009 0.011 0.921 0.012 0.009 0.007 
369 QAc-W-0092    (0)   :  0.025 0.007 0.008 0.052 0.008 0.661 0.228 0.006 0.004 
370 QAc-W-0093    (0)   :  0.083 0.002 0.099 0.050 0.040 0.676 0.007 0.037 0.005 
371 QAc-W-0094    (0)   :  0.012 0.003 0.089 0.118 0.018 0.510 0.198 0.011 0.041 
372 QAc-W-0095    (0)   :  0.012 0.003 0.011 0.029 0.010 0.865 0.044 0.007 0.020 
373 QAc-W-0096    (0)   :  0.011 0.006 0.030 0.064 0.023 0.704 0.094 0.017 0.051 
374 QAc-W-0097    (0)   :  0.059 0.007 0.129 0.069 0.093 0.624 0.005 0.006 0.008 
375 QAc-W-0098    (0)   :  0.006 0.003 0.006 0.006 0.010 0.957 0.005 0.004 0.003 
376 QAc-W-0099    (0)   :  0.022 0.004 0.226 0.012 0.015 0.643 0.011 0.062 0.005 
377 QAc-W-0100    (0)   :  0.005 0.003 0.013 0.005 0.006 0.952 0.003 0.009 0.003 
378 QAc-W-0101    (0)   :  0.005 0.034 0.007 0.012 0.004 0.916 0.003 0.012 0.007 
379 QAc-W-0104    (0)   :  0.006 0.003 0.013 0.010 0.018 0.921 0.004 0.021 0.005 
380 QAc-W-0105    (0)   :  0.011 0.005 0.008 0.007 0.003 0.943 0.014 0.005 0.004 
381 QAc-W-0106    (0)   :  0.021 0.007 0.045 0.017 0.004 0.826 0.066 0.009 0.004 
382 QAc-W-0107    (0)   :  0.003 0.004 0.004 0.004 0.004 0.963 0.004 0.003 0.012 
383 QAc-W-0108    (0)   :  0.003 0.005 0.003 0.003 0.003 0.970 0.002 0.003 0.007 
384 QAc-W-0109    (0)   :  0.009 0.025 0.009 0.013 0.015 0.910 0.006 0.005 0.008 
385 QAc-W-0110   (13)   :  0.004 0.007 0.008 0.806 0.005 0.150 0.004 0.011 0.004 
386 QAc-W-0111    (6)   :  0.014 0.006 0.007 0.007 0.005 0.947 0.006 0.005 0.004 
387 QAc-W-0112   (13)   :  0.017 0.004 0.015 0.009 0.011 0.911 0.009 0.020 0.004 
388 QAc-W-0113   (13)   :  0.010 0.003 0.008 0.009 0.005 0.005 0.004 0.951 0.005 
389 QAc-W-0114   (13)   :  0.004 0.005 0.008 0.008 0.019 0.017 0.009 0.927 0.004 
390 QAc-W-0115    (0)   :  0.008 0.005 0.005 0.008 0.003 0.005 0.005 0.956 0.006 
391 QAc-W-0116    (0)   :  0.018 0.002 0.009 0.011 0.013 0.004 0.014 0.926 0.003 
392 QAc-W-0117    (0)   :  0.007 0.004 0.006 0.005 0.007 0.003 0.003 0.962 0.004 
393 QAc-W-0118    (0)   :  0.005 0.021 0.009 0.006 0.005 0.014 0.004 0.904 0.032 
394 QAc-W-0119    (0)   :  0.008 0.008 0.011 0.006 0.004 0.004 0.006 0.950 0.003 
395 QAc-W-0120    (0)   :  0.010 0.011 0.019 0.009 0.007 0.006 0.003 0.923 0.012 
396 QAc-W-0121    (0)   :  0.007 0.043 0.012 0.007 0.007 0.003 0.003 0.908 0.012 
397 QAc-W-0122    (0)   :  0.008 0.003 0.014 0.017 0.019 0.004 0.005 0.924 0.007 
398 QAc-W-0123    (6)   :  0.016 0.010 0.033 0.005 0.012 0.011 0.012 0.890 0.011 
399 QAc-W-0124    (0)   :  0.057 0.014 0.024 0.033 0.004 0.040 0.010 0.654 0.165 
400 QAc-W-0125    (0)   :  0.004 0.006 0.007 0.007 0.006 0.012 0.008 0.943 0.005 
401 QAc-W-0126   (13)   :  0.006 0.006 0.024 0.011 0.013 0.019 0.011 0.903 0.007 
402 QAc-W-0127    (6)   :  0.005 0.004 0.007 0.008 0.004 0.004 0.004 0.958 0.006 
403 QAc-W-0128   (13)   :  0.008 0.014 0.012 0.019 0.010 0.036 0.003 0.892 0.006 
404 QAc-W-0129   (13)   :  0.014 0.006 0.029 0.048 0.021 0.004 0.005 0.860 0.013 
405 QAc-W-0130   (13)   :  0.011 0.007 0.009 0.027 0.008 0.007 0.003 0.925 0.004 
406 QAc-W-0131    (0)   :  0.004 0.005 0.030 0.007 0.004 0.006 0.047 0.887 0.010 
407 QAc-W-0132    (6)   :  0.037 0.048 0.013 0.014 0.005 0.016 0.019 0.827 0.022 
408 QAc-W-0133    (6)   :  0.005 0.130 0.289 0.009 0.006 0.046 0.006 0.492 0.015 
409 QAc-W-0134    (0)   :  0.004 0.004 0.004 0.003 0.005 0.004 0.005 0.966 0.005 
410 QAc-W-0135    (0)   :  0.025 0.012 0.006 0.044 0.008 0.006 0.003 0.879 0.017 
411 QAc-W-0136    (0)   :  0.006 0.003 0.004 0.004 0.003 0.003 0.009 0.965 0.003 
412 QAc-W-0137    (0)   :  0.004 0.003 0.004 0.004 0.003 0.002 0.005 0.971 0.004 
413 QAc-W-0138    (0)   :  0.005 0.003 0.004 0.005 0.003 0.003 0.004 0.970 0.003 
414 QAc-W-0139    (0)   :  0.015 0.006 0.014 0.064 0.005 0.030 0.007 0.627 0.232 
415 QAc-W-0140    (0)   :  0.029 0.005 0.014 0.031 0.065 0.005 0.003 0.845 0.004 
416 QAc-W-0141    (6)   :  0.057 0.015 0.027 0.034 0.021 0.006 0.004 0.829 0.007 
417 QAc-W-0142    (0)   :  0.004 0.005 0.005 0.004 0.004 0.004 0.003 0.963 0.009 
418 QAc-W-0143    (0)   :  0.004 0.003 0.011 0.006 0.008 0.007 0.003 0.953 0.005 
419 QAc-W-0144    (0)   :  0.006 0.003 0.035 0.008 0.125 0.005 0.007 0.807 0.005 
420 QAc-W-0145    (0)   :  0.004 0.003 0.015 0.004 0.004 0.003 0.004 0.959 0.005 
421 QAc-W-0146    (0)   :  0.021 0.004 0.005 0.007 0.004 0.004 0.005 0.948 0.004 
422 QAc-W-0147    (0)   :  0.004 0.002 0.004 0.004 0.003 0.004 0.002 0.970 0.007 
423 QAc-W-0148    (0)   :  0.008 0.003 0.004 0.005 0.004 0.003 0.005 0.962 0.007 
424 QAc-W-0149    (0)   :  0.005 0.003 0.021 0.018 0.036 0.008 0.011 0.892 0.006 
425 QAc-W-0150    (0)   :  0.039 0.006 0.010 0.047 0.006 0.016 0.010 0.862 0.005 
426 QAc-W-0151    (0)   :  0.014 0.004 0.006 0.008 0.005 0.006 0.006 0.947 0.005 
427 QAc-W-0152    (0)   :  0.005 0.004 0.004 0.004 0.005 0.003 0.003 0.962 0.009 
428 QAc-W-0153    (0)   :  0.087 0.006 0.754 0.016 0.019 0.034 0.004 0.035 0.045 
429 QAc-W-0154    (0)   :  0.011 0.003 0.035 0.070 0.005 0.004 0.003 0.865 0.005 
430 QAc-W-0155    (0)   :  0.004 0.003 0.004 0.006 0.003 0.003 0.003 0.968 0.005 
431 QAc-W-0156    (0)   :  0.024 0.004 0.009 0.062 0.003 0.073 0.012 0.809 0.003 
432 QAc-W-0157    (0)   :  0.019 0.009 0.056 0.004 0.013 0.003 0.032 0.848 0.016 
433 QAc-W-0158    (0)   :  0.031 0.020 0.005 0.048 0.004 0.027 0.004 0.853 0.007 
434 QAc-W-0159    (0)   :  0.005 0.007 0.010 0.009 0.005 0.005 0.007 0.948 0.003 
435 QAc-W-0160    (0)   :  0.033 0.003 0.019 0.018 0.003 0.005 0.005 0.908 0.006 
436 QAc-W-0161    (0)   :  0.036 0.004 0.014 0.018 0.008 0.004 0.107 0.806 0.003 
437 QAc-W-0162    (0)   :  0.004 0.005 0.009 0.003 0.016 0.003 0.014 0.792 0.153 
438 QAc-W-0163    (0)   :  0.006 0.004 0.024 0.005 0.016 0.004 0.005 0.931 0.004 
439 QAc-W-0164    (0)   :  0.004 0.005 0.008 0.005 0.004 0.004 0.006 0.953 0.011 
440 QAc-W-0165    (0)   :  0.007 0.030 0.038 0.005 0.006 0.002 0.010 0.892 0.011 
441 QAc-W-0166    (0)   :  0.007 0.005 0.007 0.031 0.004 0.004 0.005 0.931 0.005 


Estimated Allele Frequencies in each cluster
First column gives estimated ancestral frequencies


Locus 1 : 
21 alleles
0.5% missing data
 210   (0.104) 0.055 0.001 0.108 0.026 0.300 0.215 0.003 0.175 0.014 
 212   (0.107) 0.274 0.277 0.112 0.083 0.039 0.232 0.003 0.086 0.011 
 202   (0.052) 0.026 0.000 0.050 0.074 0.009 0.146 0.349 0.006 0.003 
 226   (0.070) 0.003 0.211 0.076 0.005 0.014 0.105 0.208 0.005 0.063 
 216   (0.075) 0.004 0.001 0.075 0.015 0.040 0.089 0.322 0.091 0.054 
 200   (0.212) 0.500 0.437 0.207 0.526 0.260 0.127 0.103 0.202 0.193 
 224   (0.044) 0.100 0.069 0.040 0.033 0.004 0.001 0.001 0.003 0.318 
 218   (0.039) 0.002 0.000 0.036 0.070 0.004 0.055 0.001 0.151 0.010 
 222   (0.022) 0.001 0.000 0.022 0.004 0.002 0.000 0.002 0.195 0.002 
