

----------------------------------------------------
STRUCTURE by Pritchard, Stephens and Donnelly (2000)
     and Falush, Stephens and Pritchard (2003)
       Code by Pritchard, Falush and Hubisz
             Version 2.3.4 (Jul 2012)
----------------------------------------------------



Command line arguments:   bin\structure -m C:\Users\eschumacher\Documents\GitHub\GCC_QUAC_ZAIN\Data_Files\Structure_Files\QUAC\QUAC_woK_nopopinfo_garden_wild\QUAC_woK_nopopinfo_garden_wild\50-50\mainparams -e C:\Users\eschumacher\Documents\GitHub\GCC_QUAC_ZAIN\Data_Files\Structure_Files\QUAC\QUAC_woK_nopopinfo_garden_wild\QUAC_woK_nopopinfo_garden_wild\50-50\extraparams 
Input File:    C:\Users\eschumacher\Documents\GitHub\GCC_QUAC_ZAIN\Data_Files\Structure_Files\QUAC\QUAC_woK_nopopinfo_garden_wild\QUAC_woK_nopopinfo_garden_wild\project_data

Run parameters:
   441 individuals
   15 loci
   13 populations assumed
   50000 Burn-in period
   50000 Reps


--------------------------------------------
Overall proportion of membership of the
sample in each of the 13 clusters

Inferred Clusters
  1      2      3      4      5      6      7      8      9     10     11     12     13    
0.073  0.052  0.058  0.076  0.141  0.047  0.062  0.072  0.075  0.057  0.103  0.069  0.117  

--------------------------------------------

Allele-freq. divergence among pops (Net nucleotide distance),
computed using point estimates of P.

      1       2       3       4       5       6       7       8       9      10      11      12      13      
 1      -    0.1239  0.0795  0.0745  0.1530  0.0712  0.1262  0.1326  0.1441  0.0761  0.1116  0.1629  0.1042  
 2   0.1239     -    0.0572  0.1730  0.1107  0.0331  0.0856  0.1094  0.0454  0.1401  0.0623  0.0896  0.0610  
 3   0.0795  0.0572     -    0.1293  0.1149  0.0163  0.0872  0.0590  0.0715  0.1293  0.0373  0.0937  0.0389  
 4   0.0745  0.1730  0.1293     -    0.1928  0.1167  0.1440  0.1798  0.1744  0.1407  0.1621  0.2266  0.1647  
 5   0.1530  0.1107  0.1149  0.1928     -    0.0944  0.0952  0.1630  0.1446  0.1681  0.1076  0.1706  0.1322  
 6   0.0712  0.0331  0.0163  0.1167  0.0944     -    0.0625  0.0609  0.0416  0.0929  0.0366  0.0824  0.0306  
 7   0.1262  0.0856  0.0872  0.1440  0.0952  0.0625     -    0.1444  0.1005  0.1487  0.0971  0.1455  0.0882  
 8   0.1326  0.1094  0.0590  0.1798  0.1630  0.0609  0.1444     -    0.1190  0.1726  0.0654  0.1457  0.0996  
 9   0.1441  0.0454  0.0715  0.1744  0.1446  0.0416  0.1005  0.1190     -    0.1528  0.0794  0.1204  0.0801  
10   0.0761  0.1401  0.1293  0.1407  0.1681  0.0929  0.1487  0.1726  0.1528     -    0.1516  0.1926  0.1302  
11   0.1116  0.0623  0.0373  0.1621  0.1076  0.0366  0.0971  0.0654  0.0794  0.1516     -    0.1030  0.0667  
12   0.1629  0.0896  0.0937  0.2266  0.1706  0.0824  0.1455  0.1457  0.1204  0.1926  0.1030     -    0.1055  
13   0.1042  0.0610  0.0389  0.1647  0.1322  0.0306  0.0882  0.0996  0.0801  0.1302  0.0667  0.1055     -    

Average distances (expected heterozygosity) between individuals in same cluster:
cluster  1  : 0.4814 
cluster  2  : 0.5993 
cluster  3  : 0.5983 
cluster  4  : 0.3914 
cluster  5  : 0.3988 
cluster  6  : 0.6890 
cluster  7  : 0.5069 
cluster  8  : 0.5302 
cluster  9  : 0.6045 
cluster 10  : 0.4513 
cluster 11  : 0.5269 
cluster 12  : 0.4615 
cluster 13  : 0.5491 

--------------------------------------------
Estimated Ln Prob of Data   = -15449.5
Mean value of ln likelihood = -14435.7
Variance of ln likelihood   = 2027.6
Mean value of alpha         = 0.0334

Mean value of Fst_1         = 0.2782
Mean value of Fst_2         = 0.1569
Mean value of Fst_3         = 0.1421
Mean value of Fst_4         = 0.5541
Mean value of Fst_5         = 0.4996
Mean value of Fst_6         = 0.0005
Mean value of Fst_7         = 0.2721
Mean value of Fst_8         = 0.2245
Mean value of Fst_9         = 0.1206
Mean value of Fst_10         = 0.3705
Mean value of Fst_11         = 0.2435
Mean value of Fst_12         = 0.4177
Mean value of Fst_13         = 0.1514


Inferred ancestry of individuals:
        Label (%Miss) :  Inferred clusters
  1 QAc-G-0029    (0)   :  0.155 0.004 0.022 0.617 0.024 0.036 0.007 0.066 0.004 0.036 0.008 0.006 0.017 
  2 QAc-G-0030    (0)   :  0.004 0.002 0.002 0.971 0.002 0.003 0.002 0.002 0.002 0.003 0.002 0.002 0.002 
  3 QAc-G-0031    (0)   :  0.006 0.002 0.003 0.963 0.004 0.003 0.004 0.002 0.002 0.003 0.002 0.002 0.003 
  4 QAc-G-0061    (0)   :  0.916 0.002 0.003 0.046 0.003 0.003 0.002 0.004 0.002 0.009 0.003 0.003 0.003 
  5 QAc-G-0062    (0)   :  0.003 0.011 0.100 0.005 0.026 0.035 0.315 0.007 0.006 0.012 0.004 0.403 0.072 
  6 QAc-G-0063    (0)   :  0.005 0.018 0.108 0.005 0.558 0.054 0.137 0.045 0.007 0.004 0.018 0.014 0.027 
  7 QAc-G-0064    (0)   :  0.003 0.004 0.002 0.003 0.005 0.003 0.006 0.005 0.003 0.003 0.005 0.954 0.004 
  8 QAc-G-0065    (0)   :  0.002 0.005 0.003 0.008 0.002 0.003 0.002 0.003 0.003 0.003 0.003 0.960 0.002 
  9 QAc-G-0066    (0)   :  0.004 0.003 0.003 0.004 0.963 0.003 0.003 0.004 0.002 0.003 0.003 0.002 0.003 
 10 QAc-G-0067    (0)   :  0.006 0.003 0.003 0.006 0.003 0.003 0.002 0.002 0.004 0.011 0.003 0.951 0.003 
 11 QAc-G-0068    (0)   :  0.004 0.419 0.004 0.003 0.528 0.007 0.004 0.003 0.008 0.004 0.003 0.006 0.008 
 12 QAc-G-0070    (0)   :  0.004 0.004 0.023 0.004 0.533 0.018 0.088 0.009 0.007 0.007 0.008 0.009 0.286 
 13 QAc-G-0071   (13)   :  0.007 0.004 0.003 0.017 0.874 0.006 0.047 0.004 0.007 0.017 0.005 0.002 0.006 
 14 QAc-G-0072    (0)   :  0.004 0.004 0.004 0.003 0.959 0.003 0.003 0.004 0.002 0.003 0.004 0.003 0.004 
 15 QAc-G-0073    (0)   :  0.004 0.005 0.009 0.006 0.006 0.006 0.005 0.884 0.004 0.009 0.056 0.003 0.004 
 16 QAc-G-0074    (0)   :  0.004 0.006 0.044 0.004 0.076 0.022 0.051 0.011 0.007 0.004 0.750 0.004 0.017 
 17 QAc-G-0075    (0)   :  0.007 0.006 0.062 0.029 0.013 0.015 0.007 0.009 0.008 0.004 0.829 0.008 0.004 
 18 QAc-G-0076    (0)   :  0.007 0.053 0.075 0.010 0.016 0.087 0.005 0.667 0.003 0.008 0.048 0.008 0.013 
 19 QAc-G-0077    (0)   :  0.914 0.003 0.004 0.034 0.005 0.004 0.004 0.004 0.004 0.009 0.003 0.007 0.003 
 20 QAc-G-0078    (0)   :  0.004 0.002 0.002 0.972 0.002 0.002 0.002 0.002 0.002 0.003 0.002 0.002 0.002 
 21 QAc-G-0079    (0)   :  0.004 0.002 0.002 0.967 0.004 0.002 0.003 0.003 0.003 0.003 0.003 0.002 0.002 
 22 QAc-G-0080    (0)   :  0.008 0.016 0.011 0.003 0.005 0.039 0.013 0.021 0.010 0.756 0.075 0.040 0.004 
 23 QAc-G-0081    (0)   :  0.007 0.006 0.336 0.006 0.004 0.311 0.040 0.079 0.015 0.004 0.005 0.004 0.185 
 24 QAc-G-0082    (0)   :  0.003 0.007 0.069 0.003 0.002 0.730 0.008 0.117 0.025 0.010 0.005 0.002 0.019 
 25 QAc-G-0083    (0)   :  0.014 0.004 0.047 0.008 0.011 0.011 0.822 0.024 0.006 0.007 0.022 0.012 0.010 
 26 QAc-G-0001   (13)   :  0.006 0.002 0.003 0.963 0.004 0.003 0.003 0.003 0.003 0.005 0.002 0.002 0.003 
 27 QAc-G-0002    (0)   :  0.006 0.002 0.002 0.968 0.003 0.002 0.002 0.002 0.002 0.004 0.002 0.002 0.002 
 28 QAc-G-0285    (0)   :  0.006 0.007 0.005 0.006 0.013 0.005 0.926 0.006 0.009 0.005 0.004 0.003 0.007 
 29 QAc-G-0286    (0)   :  0.003 0.003 0.003 0.003 0.961 0.003 0.008 0.003 0.003 0.003 0.004 0.002 0.003 
 30 QAc-G-0287    (0)   :  0.003 0.002 0.002 0.003 0.969 0.002 0.003 0.002 0.002 0.003 0.003 0.002 0.002 
 31 QAc-G-0288    (6)   :  0.029 0.008 0.021 0.021 0.833 0.011 0.005 0.008 0.005 0.010 0.010 0.008 0.029 
 32 QAc-G-0289    (0)   :  0.004 0.003 0.003 0.003 0.963 0.003 0.003 0.002 0.002 0.004 0.004 0.003 0.003 
 33 QAc-G-0290    (0)   :  0.004 0.003 0.003 0.002 0.960 0.003 0.004 0.003 0.002 0.003 0.003 0.006 0.003 
 34 QAc-G-0291    (0)   :  0.016 0.004 0.003 0.030 0.897 0.004 0.017 0.008 0.003 0.011 0.002 0.002 0.002 
 35 QAc-G-0292    (0)   :  0.004 0.008 0.009 0.003 0.235 0.006 0.704 0.004 0.005 0.004 0.004 0.003 0.010 
 36 QAc-G-0293    (0)   :  0.004 0.003 0.002 0.011 0.476 0.003 0.484 0.003 0.003 0.004 0.003 0.002 0.003 
 37 QAc-G-0294    (0)   :  0.009 0.073 0.053 0.009 0.005 0.027 0.004 0.750 0.014 0.004 0.035 0.006 0.011 
 38 QAc-G-0295    (0)   :  0.011 0.004 0.008 0.004 0.006 0.006 0.004 0.924 0.004 0.003 0.019 0.004 0.003 
 39 QAc-G-0296    (0)   :  0.004 0.005 0.006 0.002 0.005 0.005 0.004 0.017 0.003 0.003 0.934 0.008 0.004 
 40 QAc-G-0297    (0)   :  0.003 0.017 0.072 0.002 0.003 0.544 0.003 0.023 0.025 0.007 0.289 0.004 0.009 
 41 QAc-G-0298    (6)   :  0.032 0.004 0.009 0.010 0.003 0.010 0.009 0.204 0.005 0.004 0.700 0.005 0.005 
 42 QAc-G-0299    (0)   :  0.007 0.017 0.123 0.003 0.014 0.012 0.006 0.025 0.011 0.003 0.772 0.004 0.004 
 43 QAc-G-0300    (0)   :  0.004 0.007 0.028 0.002 0.003 0.007 0.003 0.045 0.004 0.003 0.860 0.021 0.012 
 44 QAc-G-0301    (0)   :  0.006 0.004 0.026 0.007 0.015 0.010 0.008 0.017 0.005 0.004 0.763 0.131 0.004 
 45 QAc-G-0302    (0)   :  0.004 0.024 0.023 0.003 0.007 0.019 0.007 0.003 0.884 0.003 0.013 0.003 0.005 
 46 QAc-G-0303    (0)   :  0.004 0.023 0.006 0.003 0.003 0.034 0.007 0.013 0.856 0.010 0.003 0.005 0.033 
 47 QAc-G-0304    (0)   :  0.003 0.003 0.003 0.003 0.963 0.003 0.006 0.003 0.002 0.003 0.004 0.002 0.003 
 48 QAc-G-0305    (0)   :  0.030 0.053 0.009 0.037 0.491 0.031 0.239 0.006 0.021 0.034 0.005 0.003 0.041 
 49 QAc-G-0306    (0)   :  0.003 0.002 0.003 0.003 0.966 0.003 0.005 0.002 0.002 0.004 0.003 0.002 0.003 
 50 QAc-G-0307    (0)   :  0.041 0.008 0.033 0.129 0.004 0.026 0.022 0.009 0.018 0.637 0.018 0.007 0.049 
 51 QAc-G-0308    (0)   :  0.307 0.007 0.005 0.016 0.011 0.006 0.007 0.014 0.005 0.600 0.014 0.002 0.007 
 52 QAc-G-0309    (0)   :  0.009 0.004 0.006 0.937 0.004 0.016 0.004 0.004 0.003 0.004 0.004 0.002 0.003 
 53 QAc-G-0310    (0)   :  0.007 0.003 0.004 0.961 0.003 0.003 0.003 0.003 0.002 0.003 0.003 0.003 0.003 
 54 QAc-G-0311    (0)   :  0.036 0.002 0.002 0.020 0.003 0.002 0.002 0.002 0.002 0.921 0.003 0.002 0.002 
 55 QAc-G-0312    (0)   :  0.008 0.036 0.047 0.005 0.006 0.043 0.004 0.059 0.037 0.632 0.070 0.015 0.037 
 56 QAc-G-0313    (0)   :  0.007 0.006 0.399 0.023 0.008 0.426 0.061 0.009 0.006 0.003 0.008 0.006 0.037 
 57 QAc-G-0314    (0)   :  0.013 0.005 0.440 0.005 0.003 0.391 0.003 0.017 0.022 0.003 0.046 0.007 0.045 
 58 QAc-G-0315    (0)   :  0.005 0.016 0.434 0.003 0.009 0.491 0.005 0.005 0.009 0.002 0.009 0.005 0.007 
 59 QAc-G-0316    (0)   :  0.015 0.004 0.445 0.022 0.006 0.409 0.006 0.003 0.004 0.011 0.005 0.007 0.063 
 60 QAc-G-0032    (6)   :  0.006 0.606 0.011 0.011 0.007 0.122 0.003 0.008 0.082 0.006 0.016 0.115 0.007 
 61 QAc-G-0033    (0)   :  0.006 0.004 0.042 0.006 0.004 0.004 0.003 0.010 0.004 0.003 0.904 0.006 0.005 
 62 QAc-G-0034    (0)   :  0.016 0.007 0.013 0.014 0.003 0.011 0.003 0.019 0.007 0.037 0.843 0.007 0.021 
 63 QAc-G-0035    (0)   :  0.006 0.007 0.216 0.003 0.010 0.015 0.008 0.583 0.006 0.005 0.122 0.013 0.007 
 64 QAc-G-0036    (0)   :  0.006 0.005 0.006 0.003 0.008 0.006 0.007 0.005 0.003 0.003 0.939 0.004 0.006 
 65 QAc-G-0037    (0)   :  0.006 0.003 0.003 0.003 0.007 0.003 0.003 0.954 0.002 0.006 0.004 0.003 0.002 
 66 QAc-G-0038    (0)   :  0.002 0.004 0.011 0.002 0.003 0.005 0.003 0.680 0.003 0.002 0.273 0.003 0.009 
 67 QAc-G-0039    (0)   :  0.059 0.016 0.319 0.014 0.007 0.038 0.004 0.426 0.013 0.016 0.052 0.004 0.034 
 68 QAc-G-0040    (0)   :  0.004 0.017 0.014 0.005 0.087 0.015 0.020 0.721 0.005 0.008 0.045 0.004 0.056 
 69 QAc-G-0041    (0)   :  0.002 0.003 0.005 0.002 0.003 0.005 0.011 0.836 0.003 0.003 0.048 0.063 0.017 
 70 QAc-G-0042    (0)   :  0.004 0.007 0.005 0.002 0.006 0.004 0.003 0.013 0.003 0.003 0.942 0.004 0.004 
 71 QAc-G-0043    (0)   :  0.011 0.004 0.006 0.004 0.009 0.005 0.004 0.930 0.003 0.004 0.012 0.003 0.004 
 72 QAc-G-0044    (0)   :  0.003 0.007 0.007 0.003 0.007 0.009 0.004 0.008 0.011 0.003 0.908 0.025 0.005 
 73 QAc-G-0045    (0)   :  0.022 0.007 0.030 0.009 0.006 0.005 0.004 0.040 0.004 0.019 0.843 0.007 0.006 
 74 QAc-G-0046    (0)   :  0.007 0.004 0.009 0.010 0.002 0.005 0.003 0.938 0.003 0.003 0.005 0.003 0.006 
 75 QAc-G-0047    (0)   :  0.044 0.014 0.080 0.023 0.008 0.012 0.005 0.773 0.011 0.008 0.009 0.005 0.007 
 76 QAc-G-0048    (0)   :  0.004 0.005 0.031 0.002 0.004 0.010 0.010 0.848 0.007 0.002 0.062 0.005 0.010 
 77 QAc-G-0049    (0)   :  0.010 0.002 0.003 0.959 0.004 0.003 0.003 0.002 0.002 0.004 0.003 0.002 0.003 
 78 QAc-G-0050    (0)   :  0.016 0.012 0.020 0.010 0.020 0.753 0.006 0.007 0.054 0.081 0.003 0.004 0.014 
 79 QAc-G-0051    (0)   :  0.005 0.002 0.002 0.968 0.003 0.002 0.003 0.002 0.002 0.004 0.002 0.002 0.002 
 80 QAc-G-0052    (0)   :  0.352 0.004 0.007 0.012 0.004 0.013 0.003 0.010 0.004 0.568 0.006 0.009 0.006 
 81 QAc-G-0053    (0)   :  0.939 0.002 0.005 0.007 0.004 0.005 0.004 0.019 0.002 0.006 0.003 0.003 0.002 
 82 QAc-G-0054    (0)   :  0.003 0.026 0.026 0.002 0.003 0.169 0.002 0.029 0.021 0.647 0.006 0.004 0.062 
 83 QAc-G-0055    (0)   :  0.004 0.023 0.013 0.005 0.003 0.115 0.004 0.012 0.072 0.707 0.026 0.003 0.014 
 84 QAc-G-0056    (0)   :  0.008 0.014 0.006 0.003 0.010 0.788 0.005 0.004 0.008 0.105 0.008 0.006 0.035 
 85 QAc-G-0057    (0)   :  0.005 0.002 0.003 0.964 0.003 0.002 0.003 0.003 0.003 0.004 0.003 0.002 0.002 
 86 QAc-G-0058    (6)   :  0.004 0.002 0.002 0.967 0.003 0.002 0.003 0.002 0.003 0.004 0.002 0.002 0.002 
 87 QAc-G-0059    (0)   :  0.004 0.006 0.035 0.005 0.002 0.153 0.003 0.172 0.007 0.599 0.003 0.003 0.007 
 88 QAc-G-0060    (6)   :  0.724 0.007 0.009 0.037 0.029 0.045 0.006 0.008 0.004 0.113 0.006 0.009 0.005 
 89 QAc-G-0276    (0)   :  0.010 0.004 0.014 0.006 0.285 0.007 0.627 0.013 0.004 0.011 0.012 0.002 0.005 
 90 QAc-G-0279    (0)   :  0.004 0.003 0.003 0.005 0.960 0.003 0.004 0.003 0.002 0.004 0.003 0.002 0.003 
 91 QAc-G-0280    (6)   :  0.003 0.005 0.006 0.004 0.949 0.004 0.004 0.004 0.003 0.003 0.007 0.004 0.004 
 92 QAc-G-0281    (0)   :  0.013 0.003 0.003 0.007 0.005 0.003 0.003 0.003 0.002 0.949 0.003 0.002 0.002 
 93 QAc-G-0018    (0)   :  0.023 0.053 0.020 0.015 0.006 0.016 0.004 0.035 0.010 0.023 0.781 0.006 0.008 
 94 QAc-G-0019    (0)   :  0.005 0.007 0.038 0.003 0.010 0.006 0.012 0.013 0.004 0.003 0.812 0.079 0.007 
 95 QAc-G-0020    (0)   :  0.002 0.003 0.004 0.002 0.002 0.005 0.002 0.964 0.002 0.003 0.003 0.003 0.003 
 96 QAc-G-0021    (6)   :  0.013 0.003 0.009 0.016 0.003 0.005 0.002 0.891 0.003 0.003 0.009 0.041 0.002 
 97 QAc-G-0022    (6)   :  0.028 0.006 0.106 0.012 0.004 0.082 0.011 0.402 0.012 0.012 0.155 0.077 0.095 
 98 QAc-G-0023    (0)   :  0.028 0.003 0.003 0.643 0.003 0.003 0.004 0.003 0.003 0.300 0.003 0.002 0.003 
 99 QAc-G-0024    (0)   :  0.008 0.003 0.004 0.955 0.003 0.003 0.003 0.003 0.003 0.004 0.005 0.003 0.003 
100 QAc-G-0016    (0)   :  0.004 0.361 0.005 0.003 0.009 0.033 0.007 0.006 0.080 0.453 0.024 0.005 0.010 
101 QAc-G-0017    (0)   :  0.004 0.011 0.025 0.003 0.005 0.024 0.006 0.011 0.670 0.002 0.007 0.222 0.010 
102 QAc-G-0250    (0)   :  0.004 0.062 0.127 0.008 0.158 0.171 0.325 0.059 0.043 0.017 0.006 0.007 0.012 
103 QAc-G-0003    (6)   :  0.005 0.004 0.005 0.004 0.942 0.003 0.012 0.004 0.003 0.004 0.005 0.003 0.005 
104 QAc-G-0004    (0)   :  0.007 0.015 0.026 0.011 0.003 0.018 0.005 0.077 0.808 0.004 0.014 0.007 0.005 
105 QAc-G-0005    (0)   :  0.003 0.004 0.003 0.003 0.003 0.003 0.002 0.003 0.003 0.003 0.003 0.965 0.002 
106 QAc-G-0006    (6)   :  0.003 0.007 0.020 0.003 0.004 0.022 0.008 0.011 0.898 0.005 0.006 0.003 0.011 
107 QAc-G-0283    (0)   :  0.004 0.008 0.024 0.003 0.003 0.523 0.131 0.006 0.048 0.004 0.008 0.004 0.234 
108 QAc-G-0265    (0)   :  0.007 0.006 0.083 0.428 0.005 0.205 0.221 0.006 0.011 0.004 0.012 0.004 0.008 
109 QAc-G-0266    (0)   :  0.006 0.002 0.003 0.966 0.003 0.002 0.003 0.002 0.002 0.004 0.002 0.002 0.002 
110 QAc-G-0267    (0)   :  0.007 0.006 0.015 0.003 0.004 0.014 0.594 0.138 0.004 0.005 0.123 0.076 0.011 
111 QAc-G-0268   (20)   :  0.007 0.023 0.104 0.003 0.529 0.275 0.009 0.004 0.016 0.008 0.005 0.010 0.005 
112 QAc-G-0269    (0)   :  0.003 0.002 0.003 0.005 0.963 0.003 0.004 0.004 0.002 0.003 0.004 0.002 0.002 
113 QAc-G-0270    (6)   :  0.004 0.003 0.005 0.003 0.004 0.004 0.003 0.004 0.003 0.003 0.956 0.006 0.004 
114 QAc-G-0271    (0)   :  0.006 0.010 0.302 0.003 0.003 0.211 0.005 0.095 0.013 0.003 0.201 0.140 0.008 
115 QAc-G-0272    (6)   :  0.006 0.007 0.006 0.004 0.012 0.005 0.006 0.014 0.004 0.004 0.923 0.003 0.005 
116 QAc-G-0273    (0)   :  0.006 0.004 0.003 0.013 0.004 0.003 0.003 0.003 0.002 0.951 0.003 0.003 0.003 
117 QAc-G-0274    (0)   :  0.003 0.003 0.002 0.002 0.002 0.002 0.002 0.002 0.002 0.002 0.003 0.971 0.003 
118 QAc-G-0251    (6)   :  0.003 0.007 0.004 0.005 0.004 0.004 0.003 0.004 0.008 0.004 0.942 0.008 0.005 
119 QAc-G-0252    (0)   :  0.008 0.011 0.005 0.004 0.005 0.014 0.004 0.181 0.015 0.006 0.713 0.008 0.025 
120 QAc-G-0253    (0)   :  0.010 0.003 0.003 0.018 0.004 0.005 0.003 0.005 0.003 0.936 0.003 0.002 0.003 
121 QAc-G-0254    (0)   :  0.050 0.003 0.004 0.893 0.003 0.008 0.003 0.003 0.004 0.019 0.003 0.003 0.003 
122 QAc-G-0255    (0)   :  0.006 0.012 0.020 0.003 0.004 0.011 0.006 0.006 0.908 0.003 0.008 0.006 0.006 
123 QAc-G-0256    (0)   :  0.005 0.635 0.005 0.003 0.009 0.005 0.006 0.004 0.309 0.004 0.006 0.006 0.004 
124 QAc-G-0257    (0)   :  0.032 0.035 0.004 0.002 0.003 0.025 0.005 0.022 0.727 0.004 0.012 0.088 0.040 
125 QAc-G-0258    (0)   :  0.003 0.007 0.004 0.002 0.003 0.008 0.003 0.004 0.950 0.002 0.005 0.005 0.003 
126 QAc-G-0259    (0)   :  0.002 0.005 0.007 0.002 0.002 0.952 0.002 0.005 0.008 0.004 0.003 0.002 0.008 
127 QAc-G-0260    (0)   :  0.030 0.194 0.010 0.005 0.038 0.614 0.011 0.008 0.009 0.005 0.009 0.035 0.033 
128 QAc-G-0261    (0)   :  0.005 0.121 0.029 0.003 0.004 0.331 0.004 0.018 0.043 0.004 0.009 0.421 0.008 
129 QAc-G-0262    (0)   :  0.009 0.283 0.017 0.004 0.013 0.519 0.019 0.006 0.074 0.007 0.005 0.030 0.014 
130 QAc-G-0010    (0)   :  0.013 0.004 0.018 0.015 0.030 0.011 0.867 0.017 0.003 0.004 0.006 0.004 0.008 
131 QAc-G-0011    (0)   :  0.005 0.004 0.448 0.004 0.003 0.015 0.003 0.006 0.004 0.003 0.006 0.005 0.494 
132 QAc-G-0015    (0)   :  0.018 0.012 0.020 0.438 0.003 0.047 0.009 0.009 0.115 0.279 0.008 0.007 0.035 
133 QAc-G-0106    (0)   :  0.003 0.045 0.005 0.002 0.003 0.017 0.003 0.004 0.854 0.002 0.029 0.029 0.006 
134 QAc-G-0107    (0)   :  0.008 0.821 0.007 0.007 0.007 0.012 0.009 0.003 0.100 0.012 0.006 0.004 0.005 
135 QAc-G-0108    (0)   :  0.002 0.405 0.005 0.002 0.006 0.007 0.004 0.007 0.543 0.002 0.008 0.005 0.005 
136 QAc-G-0109    (0)   :  0.009 0.033 0.010 0.007 0.005 0.074 0.007 0.008 0.736 0.027 0.016 0.035 0.033 
137 QAc-G-0110    (0)   :  0.006 0.016 0.016 0.005 0.048 0.021 0.013 0.012 0.789 0.005 0.056 0.002 0.011 
138 QAc-G-0111    (0)   :  0.005 0.027 0.011 0.007 0.006 0.011 0.021 0.018 0.869 0.005 0.007 0.005 0.007 
139 QAc-G-0112    (0)   :  0.007 0.018 0.006 0.010 0.027 0.024 0.012 0.004 0.875 0.005 0.004 0.004 0.004 
140 QAc-G-0113    (0)   :  0.024 0.317 0.005 0.002 0.007 0.018 0.015 0.006 0.491 0.080 0.008 0.020 0.007 
141 QAc-G-0114    (0)   :  0.015 0.015 0.032 0.011 0.012 0.024 0.010 0.012 0.834 0.005 0.024 0.003 0.004 
142 QAc-G-0115    (0)   :  0.004 0.021 0.007 0.003 0.008 0.015 0.004 0.006 0.911 0.007 0.004 0.005 0.005 
143 QAc-G-0116    (0)   :  0.006 0.014 0.006 0.006 0.012 0.008 0.013 0.004 0.911 0.006 0.004 0.007 0.005 
144 QAc-G-0117    (0)   :  0.019 0.577 0.048 0.007 0.004 0.050 0.026 0.107 0.034 0.026 0.056 0.034 0.012 
145 QAc-G-0118    (0)   :  0.003 0.006 0.006 0.002 0.003 0.008 0.013 0.004 0.910 0.003 0.007 0.024 0.012 
146 QAc-G-0119    (0)   :  0.004 0.006 0.010 0.008 0.002 0.016 0.002 0.012 0.905 0.003 0.009 0.019 0.003 
147 QAc-G-0120    (0)   :  0.009 0.007 0.013 0.004 0.006 0.052 0.006 0.005 0.867 0.004 0.014 0.005 0.008 
148 QAc-G-0121    (0)   :  0.002 0.006 0.004 0.004 0.007 0.004 0.004 0.010 0.006 0.005 0.007 0.938 0.003 
149 QAc-G-0122    (0)   :  0.003 0.009 0.006 0.004 0.038 0.004 0.008 0.012 0.007 0.004 0.009 0.890 0.004 
150 QAc-G-0123    (0)   :  0.003 0.002 0.003 0.002 0.002 0.003 0.002 0.003 0.002 0.002 0.005 0.969 0.002 
151 QAc-G-0124    (6)   :  0.003 0.003 0.004 0.003 0.003 0.003 0.003 0.002 0.003 0.003 0.005 0.960 0.004 
152 QAc-G-0125    (0)   :  0.027 0.023 0.022 0.049 0.011 0.239 0.037 0.022 0.033 0.012 0.003 0.477 0.044 
153 QAc-G-0126    (0)   :  0.022 0.041 0.034 0.003 0.006 0.520 0.005 0.016 0.107 0.033 0.008 0.192 0.012 
154 QAc-G-0127    (0)   :  0.006 0.019 0.005 0.003 0.004 0.007 0.004 0.005 0.007 0.007 0.008 0.914 0.012 
155 QAc-G-0128    (0)   :  0.003 0.003 0.003 0.004 0.005 0.003 0.003 0.002 0.003 0.003 0.003 0.961 0.003 
156 QAc-G-0129    (0)   :  0.002 0.003 0.003 0.002 0.002 0.002 0.002 0.003 0.003 0.002 0.004 0.970 0.002 
157 QAc-G-0130    (0)   :  0.003 0.043 0.005 0.002 0.004 0.006 0.008 0.010 0.031 0.003 0.008 0.856 0.020 
158 QAc-G-0131    (0)   :  0.004 0.005 0.006 0.003 0.005 0.004 0.003 0.006 0.004 0.006 0.006 0.943 0.004 
159 QAc-G-0132    (0)   :  0.009 0.029 0.008 0.021 0.015 0.024 0.021 0.007 0.096 0.008 0.005 0.751 0.006 
160 QAc-G-0133    (0)   :  0.003 0.008 0.004 0.004 0.005 0.005 0.006 0.005 0.003 0.004 0.017 0.933 0.004 
161 QAc-G-0134    (0)   :  0.003 0.004 0.004 0.009 0.004 0.004 0.003 0.004 0.004 0.003 0.004 0.950 0.003 
162 QAc-G-0135    (0)   :  0.008 0.004 0.007 0.007 0.006 0.006 0.004 0.007 0.932 0.004 0.008 0.003 0.005 
163 QAc-G-0136    (0)   :  0.004 0.025 0.008 0.006 0.005 0.012 0.120 0.004 0.782 0.010 0.007 0.005 0.013 
164 QAc-G-0137    (0)   :  0.004 0.131 0.023 0.003 0.004 0.012 0.005 0.006 0.746 0.003 0.014 0.041 0.006 
165 QAc-G-0138    (0)   :  0.004 0.006 0.009 0.004 0.003 0.009 0.032 0.002 0.879 0.012 0.003 0.006 0.031 
166 QAc-G-0139    (0)   :  0.003 0.008 0.007 0.002 0.003 0.008 0.003 0.052 0.851 0.003 0.027 0.027 0.006 
167 QAc-G-0140    (6)   :  0.003 0.918 0.006 0.002 0.004 0.006 0.004 0.005 0.029 0.003 0.008 0.008 0.004 
168 QAc-G-0141    (0)   :  0.009 0.765 0.012 0.006 0.008 0.033 0.011 0.016 0.010 0.078 0.022 0.011 0.019 
169 QAc-G-0142    (0)   :  0.002 0.004 0.005 0.003 0.003 0.004 0.003 0.003 0.959 0.002 0.005 0.003 0.004 
170 QAc-G-0143    (0)   :  0.005 0.003 0.004 0.002 0.005 0.950 0.004 0.003 0.005 0.004 0.007 0.003 0.004 
171 QAc-G-0144    (6)   :  0.005 0.027 0.068 0.003 0.005 0.288 0.012 0.007 0.568 0.006 0.004 0.002 0.004 
172 QAc-G-0145    (0)   :  0.002 0.004 0.003 0.003 0.959 0.003 0.006 0.003 0.003 0.003 0.005 0.002 0.003 
173 QAc-G-0146    (0)   :  0.004 0.003 0.003 0.002 0.003 0.003 0.003 0.002 0.002 0.004 0.004 0.964 0.003 
174 QAc-G-0147    (0)   :  0.018 0.173 0.016 0.003 0.008 0.151 0.025 0.009 0.021 0.006 0.025 0.248 0.298 
175 QAc-G-0148    (0)   :  0.007 0.888 0.020 0.005 0.003 0.018 0.015 0.008 0.009 0.004 0.010 0.007 0.004 
176 QAc-G-0149    (0)   :  0.002 0.003 0.004 0.002 0.004 0.003 0.003 0.005 0.003 0.002 0.005 0.961 0.003 
177 QAc-G-0150    (0)   :  0.004 0.003 0.003 0.003 0.960 0.003 0.004 0.003 0.002 0.005 0.003 0.003 0.003 
178 QAc-G-0151    (0)   :  0.003 0.003 0.003 0.003 0.003 0.003 0.003 0.004 0.003 0.002 0.005 0.962 0.003 
179 QAc-G-0152    (0)   :  0.007 0.002 0.003 0.003 0.002 0.003 0.002 0.004 0.002 0.005 0.005 0.956 0.003 
180 QAc-G-0153    (0)   :  0.002 0.008 0.006 0.002 0.003 0.010 0.061 0.006 0.006 0.002 0.018 0.861 0.016 
181 QAc-G-0154    (0)   :  0.003 0.022 0.004 0.003 0.009 0.007 0.015 0.015 0.015 0.003 0.064 0.835 0.004 
182 QAc-G-0155    (0)   :  0.004 0.003 0.004 0.003 0.003 0.003 0.003 0.004 0.002 0.002 0.006 0.961 0.003 
183 QAc-G-0158    (0)   :  0.003 0.003 0.003 0.003 0.003 0.003 0.003 0.002 0.002 0.003 0.003 0.968 0.003 
184 QAc-G-0159    (0)   :  0.005 0.061 0.026 0.011 0.014 0.035 0.005 0.011 0.780 0.008 0.012 0.019 0.012 
185 QAc-G-0160    (0)   :  0.003 0.002 0.002 0.002 0.971 0.002 0.003 0.002 0.002 0.002 0.002 0.002 0.002 
186 QAc-G-0161    (0)   :  0.003 0.002 0.002 0.002 0.970 0.002 0.003 0.003 0.002 0.002 0.003 0.002 0.002 
187 QAc-G-0162    (0)   :  0.003 0.008 0.033 0.008 0.067 0.028 0.536 0.115 0.005 0.012 0.173 0.005 0.008 
188 QAc-G-0163    (0)   :  0.003 0.021 0.041 0.002 0.808 0.020 0.018 0.031 0.014 0.003 0.032 0.002 0.006 
189 QAc-G-0164    (0)   :  0.006 0.003 0.009 0.003 0.885 0.010 0.003 0.004 0.003 0.022 0.003 0.002 0.046 
190 QAc-G-0165    (0)   :  0.003 0.005 0.004 0.002 0.945 0.005 0.006 0.004 0.005 0.003 0.006 0.007 0.005 
191 QAc-G-0166    (0)   :  0.003 0.003 0.004 0.003 0.961 0.003 0.003 0.003 0.003 0.003 0.005 0.002 0.003 
192 QAc-G-0167    (0)   :  0.004 0.003 0.004 0.004 0.958 0.004 0.003 0.004 0.003 0.003 0.004 0.003 0.003 
193 QAc-G-0168    (0)   :  0.003 0.002 0.002 0.003 0.970 0.002 0.003 0.002 0.002 0.003 0.003 0.002 0.002 
194 QAc-G-0169    (6)   :  0.005 0.007 0.084 0.004 0.240 0.385 0.079 0.004 0.167 0.004 0.006 0.005 0.010 
195 QAc-G-0170    (0)   :  0.004 0.004 0.004 0.003 0.951 0.004 0.006 0.004 0.003 0.004 0.006 0.005 0.004 
196 QAc-G-0171    (0)   :  0.003 0.003 0.003 0.004 0.962 0.003 0.005 0.003 0.002 0.003 0.004 0.002 0.004 
197 QAc-G-0172    (0)   :  0.004 0.024 0.032 0.010 0.019 0.050 0.020 0.004 0.786 0.015 0.010 0.013 0.011 
198 QAc-G-0173    (0)   :  0.004 0.003 0.002 0.010 0.443 0.003 0.517 0.003 0.003 0.003 0.003 0.002 0.003 
199 QAc-G-0174    (0)   :  0.005 0.008 0.003 0.005 0.018 0.004 0.933 0.004 0.003 0.004 0.007 0.003 0.003 
200 QAc-G-0175    (0)   :  0.004 0.003 0.003 0.003 0.961 0.002 0.006 0.003 0.002 0.004 0.003 0.002 0.003 
201 QAc-G-0176    (0)   :  0.006 0.004 0.010 0.003 0.797 0.015 0.006 0.062 0.006 0.014 0.068 0.004 0.004 
202 QAc-G-0177    (0)   :  0.004 0.003 0.003 0.003 0.960 0.003 0.006 0.002 0.002 0.004 0.004 0.003 0.003 
203 QAc-G-0178    (0)   :  0.007 0.004 0.015 0.006 0.679 0.012 0.014 0.003 0.004 0.023 0.003 0.017 0.213 
204 QAc-G-0179    (6)   :  0.003 0.003 0.003 0.003 0.963 0.003 0.006 0.003 0.002 0.003 0.004 0.002 0.002 
205 QAc-G-0180    (0)   :  0.003 0.002 0.003 0.003 0.969 0.002 0.003 0.002 0.002 0.002 0.003 0.002 0.003 
206 QAc-G-0181    (0)   :  0.003 0.003 0.022 0.002 0.935 0.004 0.004 0.007 0.004 0.003 0.006 0.003 0.005 
207 QAc-G-0182    (0)   :  0.003 0.008 0.004 0.002 0.421 0.006 0.528 0.004 0.005 0.003 0.006 0.005 0.005 
208 QAc-G-0183    (6)   :  0.011 0.005 0.006 0.003 0.924 0.011 0.013 0.003 0.007 0.004 0.003 0.004 0.004 
209 QAc-G-0184    (0)   :  0.002 0.003 0.002 0.003 0.965 0.003 0.004 0.003 0.004 0.003 0.004 0.003 0.003 
210 QAc-G-0185    (0)   :  0.007 0.010 0.014 0.004 0.728 0.016 0.059 0.005 0.009 0.005 0.010 0.030 0.103 
211 QAc-G-0186    (0)   :  0.002 0.003 0.017 0.002 0.939 0.004 0.004 0.008 0.004 0.002 0.007 0.002 0.006 
212 QAc-G-0187    (0)   :  0.031 0.007 0.044 0.029 0.755 0.018 0.004 0.012 0.004 0.009 0.009 0.004 0.074 
213 QAc-G-0188    (0)   :  0.005 0.022 0.035 0.002 0.218 0.210 0.010 0.043 0.432 0.003 0.010 0.005 0.006 
214 QAc-G-0189    (0)   :  0.008 0.003 0.003 0.012 0.896 0.005 0.037 0.002 0.004 0.018 0.003 0.002 0.006 
215 QAc-G-0190    (0)   :  0.003 0.003 0.003 0.004 0.959 0.003 0.004 0.003 0.002 0.003 0.004 0.004 0.003 
216 QAc-G-0191    (0)   :  0.004 0.003 0.003 0.004 0.958 0.004 0.005 0.003 0.003 0.003 0.004 0.004 0.003 
217 QAc-G-0192    (0)   :  0.003 0.003 0.002 0.003 0.969 0.002 0.003 0.002 0.002 0.003 0.003 0.002 0.002 
218 QAc-G-0193    (0)   :  0.005 0.003 0.003 0.002 0.960 0.003 0.003 0.003 0.003 0.003 0.005 0.003 0.004 
219 QAc-G-0194    (0)   :  0.006 0.003 0.005 0.003 0.950 0.004 0.004 0.004 0.003 0.004 0.006 0.003 0.005 
220 QAc-G-0195    (0)   :  0.016 0.003 0.006 0.024 0.045 0.005 0.868 0.009 0.004 0.005 0.006 0.003 0.004 
221 QAc-G-0196    (0)   :  0.004 0.003 0.004 0.010 0.626 0.004 0.328 0.004 0.003 0.004 0.004 0.002 0.004 
222 QAc-G-0197    (0)   :  0.003 0.003 0.002 0.003 0.969 0.002 0.004 0.002 0.002 0.003 0.003 0.002 0.002 
223 QAc-G-0198    (0)   :  0.002 0.003 0.003 0.003 0.961 0.003 0.005 0.004 0.002 0.003 0.005 0.003 0.003 
224 QAc-G-0199    (0)   :  0.003 0.005 0.010 0.002 0.679 0.015 0.119 0.018 0.005 0.017 0.008 0.019 0.098 
225 QAc-G-0200    (0)   :  0.004 0.005 0.006 0.003 0.944 0.005 0.005 0.005 0.003 0.003 0.010 0.002 0.005 
226 QAc-G-0201    (0)   :  0.004 0.004 0.006 0.004 0.449 0.009 0.505 0.004 0.002 0.003 0.004 0.002 0.004 
227 QAc-G-0202    (6)   :  0.011 0.006 0.003 0.013 0.516 0.005 0.420 0.004 0.006 0.006 0.004 0.003 0.003 
228 QAc-G-0203    (0)   :  0.010 0.004 0.003 0.005 0.937 0.009 0.004 0.003 0.005 0.011 0.004 0.002 0.002 
229 QAc-G-0204    (0)   :  0.003 0.004 0.004 0.005 0.952 0.004 0.006 0.006 0.003 0.003 0.005 0.003 0.003 
230 QAc-G-0205    (0)   :  0.004 0.002 0.002 0.971 0.003 0.002 0.002 0.002 0.002 0.004 0.002 0.002 0.002 
231 QAc-G-0206    (0)   :  0.017 0.014 0.027 0.554 0.003 0.130 0.004 0.129 0.075 0.030 0.008 0.004 0.005 
232 QAc-G-0207    (0)   :  0.006 0.004 0.004 0.008 0.005 0.004 0.004 0.005 0.003 0.947 0.003 0.003 0.005 
233 QAc-G-0208    (0)   :  0.009 0.003 0.003 0.960 0.003 0.003 0.003 0.002 0.002 0.004 0.003 0.003 0.003 
234 QAc-G-0209    (0)   :  0.005 0.003 0.003 0.959 0.004 0.003 0.003 0.003 0.002 0.007 0.002 0.002 0.003 
235 QAc-G-0210    (0)   :  0.548 0.006 0.004 0.234 0.003 0.007 0.003 0.004 0.004 0.179 0.003 0.002 0.004 
236 QAc-G-0211    (0)   :  0.022 0.005 0.003 0.007 0.002 0.005 0.002 0.003 0.003 0.941 0.002 0.003 0.003 
237 QAc-G-0212    (0)   :  0.455 0.003 0.003 0.473 0.006 0.004 0.004 0.003 0.002 0.036 0.004 0.003 0.003 
238 QAc-G-0213    (0)   :  0.587 0.004 0.007 0.038 0.005 0.005 0.003 0.007 0.003 0.327 0.006 0.003 0.004 
239 QAc-G-0214    (0)   :  0.005 0.002 0.002 0.967 0.003 0.002 0.003 0.002 0.002 0.004 0.003 0.002 0.002 
240 QAc-G-0215    (0)   :  0.142 0.004 0.009 0.048 0.003 0.011 0.003 0.007 0.008 0.750 0.008 0.002 0.005 
241 QAc-G-0216    (0)   :  0.034 0.019 0.079 0.098 0.017 0.172 0.285 0.010 0.212 0.057 0.008 0.004 0.005 
242 QAc-G-0217    (0)   :  0.921 0.003 0.004 0.011 0.002 0.005 0.005 0.004 0.004 0.024 0.003 0.007 0.006 
243 QAc-G-0218    (0)   :  0.941 0.003 0.004 0.005 0.004 0.006 0.003 0.004 0.002 0.018 0.004 0.003 0.004 
244 QAc-G-0219    (0)   :  0.657 0.007 0.007 0.006 0.008 0.019 0.006 0.016 0.016 0.236 0.011 0.007 0.004 
245 QAc-G-0220    (0)   :  0.948 0.004 0.005 0.005 0.002 0.013 0.002 0.003 0.002 0.006 0.003 0.003 0.003 
246 QAc-G-0221    (0)   :  0.943 0.003 0.004 0.008 0.003 0.004 0.006 0.005 0.003 0.004 0.003 0.004 0.009 
247 QAc-G-0222    (0)   :  0.010 0.002 0.003 0.957 0.004 0.003 0.003 0.003 0.002 0.004 0.003 0.002 0.003 
248 QAc-G-0223    (0)   :  0.933 0.003 0.003 0.020 0.002 0.003 0.002 0.003 0.004 0.015 0.004 0.003 0.004 
249 QAc-G-0224    (0)   :  0.348 0.005 0.006 0.039 0.010 0.006 0.005 0.003 0.003 0.565 0.003 0.003 0.005 
250 QAc-G-0226    (0)   :  0.008 0.003 0.003 0.959 0.003 0.003 0.003 0.002 0.003 0.004 0.003 0.003 0.003 
251 QAc-G-0227    (0)   :  0.003 0.004 0.005 0.003 0.003 0.004 0.004 0.006 0.003 0.003 0.948 0.010 0.004 
252 QAc-G-0228    (6)   :  0.004 0.003 0.005 0.004 0.004 0.005 0.004 0.775 0.005 0.013 0.167 0.004 0.007 
253 QAc-G-0229    (0)   :  0.004 0.007 0.007 0.005 0.005 0.007 0.005 0.005 0.008 0.006 0.930 0.004 0.008 
254 QAc-G-0230    (0)   :  0.019 0.006 0.103 0.037 0.009 0.011 0.008 0.715 0.016 0.004 0.061 0.004 0.007 
255 QAc-G-0231    (0)   :  0.114 0.004 0.003 0.060 0.006 0.003 0.003 0.002 0.002 0.793 0.003 0.003 0.003 
256 QAc-G-0232    (0)   :  0.006 0.005 0.011 0.002 0.003 0.008 0.002 0.921 0.005 0.003 0.021 0.007 0.006 
257 QAc-G-0233    (0)   :  0.022 0.003 0.126 0.006 0.004 0.162 0.004 0.504 0.003 0.021 0.023 0.004 0.118 
258 QAc-G-0234    (0)   :  0.003 0.004 0.006 0.004 0.008 0.005 0.008 0.007 0.003 0.003 0.938 0.004 0.007 
259 QAc-G-0235    (0)   :  0.004 0.022 0.008 0.009 0.003 0.015 0.029 0.005 0.877 0.009 0.007 0.003 0.008 
260 QAc-G-0236    (0)   :  0.005 0.007 0.004 0.005 0.006 0.004 0.005 0.920 0.004 0.003 0.024 0.009 0.005 
261 QAc-G-0237    (0)   :  0.065 0.009 0.009 0.007 0.015 0.014 0.009 0.015 0.008 0.004 0.800 0.029 0.015 
262 QAc-G-0238    (0)   :  0.007 0.006 0.009 0.005 0.006 0.006 0.004 0.753 0.004 0.009 0.178 0.009 0.005 
263 QAc-G-0239    (0)   :  0.002 0.003 0.004 0.003 0.003 0.003 0.003 0.963 0.003 0.004 0.004 0.002 0.003 
264 QAc-G-0240    (0)   :  0.003 0.003 0.005 0.002 0.003 0.004 0.003 0.006 0.005 0.002 0.956 0.005 0.004 
265 QAc-G-0241    (0)   :  0.009 0.017 0.047 0.008 0.007 0.114 0.046 0.574 0.034 0.005 0.108 0.007 0.023 
266 QAc-G-0242    (0)   :  0.010 0.008 0.129 0.005 0.005 0.015 0.004 0.764 0.004 0.013 0.021 0.009 0.013 
267 QAc-G-0243    (0)   :  0.035 0.013 0.165 0.006 0.004 0.130 0.006 0.404 0.013 0.016 0.040 0.055 0.114 
268 QAc-G-0244    (0)   :  0.007 0.008 0.006 0.004 0.004 0.013 0.004 0.007 0.009 0.005 0.925 0.003 0.004 
269 QAc-G-0245    (0)   :  0.003 0.004 0.007 0.003 0.004 0.004 0.005 0.006 0.003 0.003 0.945 0.009 0.004 
270 QAc-G-0246    (0)   :  0.003 0.003 0.003 0.002 0.004 0.004 0.003 0.963 0.003 0.003 0.004 0.003 0.003 
271 QAc-G-0247    (0)   :  0.002 0.003 0.003 0.002 0.002 0.003 0.002 0.967 0.003 0.003 0.004 0.002 0.003 
272 QAc-G-0248    (0)   :  0.003 0.005 0.212 0.003 0.003 0.006 0.004 0.112 0.007 0.005 0.633 0.003 0.003 
273 QAc-G-0249    (0)   :  0.007 0.004 0.054 0.012 0.013 0.034 0.008 0.005 0.014 0.004 0.013 0.002 0.832 
274 QAc-G-0025    (0)   :  0.004 0.002 0.003 0.968 0.003 0.002 0.002 0.003 0.002 0.004 0.003 0.002 0.002 
275 QAc-G-0028    (0)   :  0.022 0.006 0.081 0.015 0.012 0.030 0.006 0.678 0.003 0.025 0.075 0.005 0.041 
276 QAc-G-0275    (0)   :  0.007 0.003 0.003 0.009 0.008 0.003 0.003 0.005 0.003 0.947 0.003 0.002 0.003 
277 QAc-G-0263    (0)   :  0.017 0.010 0.237 0.007 0.012 0.155 0.456 0.004 0.011 0.015 0.004 0.004 0.068 
278 QAc-W-0001    (0)   :  0.005 0.005 0.458 0.003 0.003 0.006 0.003 0.005 0.008 0.003 0.488 0.012 0.003 
279 QAc-W-0002    (0)   :  0.005 0.038 0.033 0.004 0.026 0.027 0.008 0.374 0.030 0.005 0.418 0.003 0.028 
280 QAc-W-0003    (0)   :  0.079 0.014 0.393 0.008 0.007 0.015 0.031 0.016 0.014 0.017 0.393 0.008 0.004 
281 QAc-W-0004    (0)   :  0.008 0.003 0.458 0.007 0.005 0.003 0.003 0.008 0.003 0.003 0.489 0.003 0.005 
282 QAc-W-0005    (0)   :  0.004 0.003 0.471 0.004 0.005 0.005 0.006 0.004 0.004 0.002 0.482 0.006 0.005 
283 QAc-W-0006    (0)   :  0.006 0.007 0.459 0.004 0.004 0.005 0.003 0.004 0.006 0.003 0.489 0.004 0.005 
284 QAc-W-0007   (13)   :  0.005 0.004 0.456 0.003 0.003 0.004 0.003 0.007 0.004 0.003 0.497 0.004 0.005 
285 QAc-W-0008    (6)   :  0.003 0.006 0.454 0.002 0.004 0.022 0.003 0.007 0.005 0.003 0.467 0.002 0.022 
286 QAc-W-0009    (0)   :  0.012 0.071 0.024 0.004 0.017 0.062 0.004 0.582 0.132 0.007 0.047 0.006 0.030 
287 QAc-W-0010    (0)   :  0.006 0.022 0.645 0.004 0.006 0.036 0.019 0.025 0.008 0.005 0.173 0.016 0.034 
288 QAc-W-0011    (0)   :  0.012 0.019 0.346 0.005 0.042 0.057 0.015 0.095 0.021 0.006 0.362 0.013 0.005 
289 QAc-W-0012    (0)   :  0.004 0.007 0.340 0.006 0.021 0.018 0.005 0.044 0.007 0.006 0.529 0.007 0.007 
290 QAc-W-0013    (0)   :  0.038 0.151 0.018 0.035 0.008 0.021 0.005 0.331 0.019 0.081 0.283 0.004 0.006 
291 QAc-W-0014    (0)   :  0.004 0.004 0.458 0.005 0.003 0.007 0.006 0.016 0.003 0.003 0.473 0.004 0.015 
292 QAc-W-0015    (0)   :  0.024 0.012 0.010 0.011 0.012 0.009 0.048 0.024 0.009 0.028 0.791 0.003 0.019 
293 QAc-W-0016    (0)   :  0.014 0.008 0.784 0.019 0.004 0.027 0.015 0.010 0.008 0.005 0.086 0.003 0.018 
294 QAc-W-0017    (0)   :  0.041 0.043 0.062 0.004 0.008 0.240 0.108 0.013 0.022 0.044 0.269 0.010 0.135 
295 QAc-W-0018    (0)   :  0.036 0.045 0.748 0.011 0.003 0.057 0.003 0.012 0.012 0.014 0.041 0.007 0.012 
296 QAc-W-0019    (0)   :  0.006 0.004 0.449 0.008 0.005 0.006 0.004 0.007 0.010 0.004 0.483 0.004 0.009 
297 QAc-W-0020    (0)   :  0.003 0.004 0.500 0.003 0.003 0.045 0.003 0.010 0.007 0.002 0.378 0.038 0.004 
298 QAc-W-0021    (0)   :  0.014 0.007 0.613 0.125 0.010 0.096 0.003 0.024 0.042 0.010 0.028 0.010 0.017 
299 QAc-W-0022    (0)   :  0.014 0.014 0.240 0.018 0.008 0.253 0.049 0.031 0.015 0.007 0.246 0.006 0.099 
300 QAc-W-0023    (6)   :  0.017 0.042 0.174 0.023 0.003 0.162 0.006 0.072 0.100 0.004 0.226 0.060 0.111 
301 QAc-W-0024    (0)   :  0.061 0.006 0.374 0.055 0.035 0.044 0.006 0.004 0.011 0.023 0.362 0.005 0.015 
302 QAc-W-0025    (0)   :  0.005 0.005 0.271 0.004 0.005 0.014 0.003 0.164 0.006 0.014 0.496 0.004 0.010 
303 QAc-W-0026    (0)   :  0.028 0.011 0.352 0.014 0.044 0.032 0.016 0.005 0.007 0.008 0.422 0.032 0.029 
304 QAc-W-0027    (0)   :  0.004 0.010 0.149 0.002 0.005 0.010 0.003 0.007 0.007 0.003 0.783 0.003 0.012 
305 QAc-W-0028    (0)   :  0.003 0.014 0.392 0.003 0.007 0.010 0.006 0.025 0.006 0.003 0.520 0.003 0.008 
306 QAc-W-0029    (0)   :  0.004 0.045 0.160 0.006 0.004 0.020 0.003 0.578 0.008 0.010 0.147 0.011 0.005 
307 QAc-W-0030    (0)   :  0.006 0.022 0.038 0.004 0.014 0.015 0.008 0.804 0.006 0.005 0.053 0.019 0.006 
308 QAc-W-0031    (0)   :  0.021 0.007 0.405 0.035 0.004 0.011 0.003 0.015 0.006 0.020 0.465 0.003 0.004 
309 QAc-W-0032    (0)   :  0.006 0.003 0.441 0.003 0.002 0.008 0.002 0.068 0.003 0.002 0.429 0.023 0.010 
310 QAc-W-0033    (0)   :  0.005 0.038 0.373 0.006 0.006 0.334 0.007 0.071 0.004 0.026 0.076 0.017 0.037 
311 QAc-W-0034    (0)   :  0.005 0.016 0.347 0.006 0.004 0.011 0.003 0.035 0.028 0.003 0.528 0.005 0.011 
312 QAc-W-0035    (0)   :  0.047 0.012 0.154 0.010 0.025 0.067 0.016 0.126 0.006 0.003 0.466 0.005 0.062 
313 QAc-W-0036    (0)   :  0.003 0.007 0.353 0.003 0.003 0.007 0.004 0.005 0.007 0.003 0.567 0.033 0.006 
314 QAc-W-0037    (0)   :  0.008 0.006 0.018 0.011 0.018 0.008 0.004 0.007 0.004 0.008 0.892 0.013 0.005 
315 QAc-W-0038    (0)   :  0.007 0.007 0.366 0.005 0.013 0.038 0.027 0.024 0.011 0.006 0.474 0.012 0.008 
316 QAc-W-0039    (0)   :  0.016 0.010 0.397 0.004 0.020 0.006 0.008 0.009 0.005 0.006 0.502 0.011 0.006 
317 QAc-W-0040    (0)   :  0.016 0.004 0.352 0.004 0.006 0.052 0.007 0.005 0.004 0.007 0.345 0.015 0.182 
318 QAc-W-0041    (0)   :  0.131 0.145 0.232 0.009 0.017 0.038 0.005 0.068 0.020 0.064 0.257 0.004 0.010 
319 QAc-W-0042    (0)   :  0.004 0.850 0.005 0.002 0.006 0.006 0.004 0.006 0.008 0.008 0.007 0.088 0.005 
320 QAc-W-0043    (0)   :  0.004 0.923 0.004 0.003 0.008 0.005 0.006 0.004 0.009 0.007 0.018 0.004 0.005 
321 QAc-W-0044    (0)   :  0.003 0.749 0.010 0.004 0.015 0.009 0.041 0.012 0.007 0.005 0.018 0.099 0.027 
322 QAc-W-0045    (0)   :  0.004 0.922 0.005 0.003 0.004 0.006 0.003 0.005 0.019 0.004 0.007 0.014 0.004 
323 QAc-W-0046    (0)   :  0.005 0.930 0.004 0.004 0.009 0.004 0.004 0.005 0.008 0.008 0.009 0.007 0.004 
324 QAc-W-0047    (0)   :  0.003 0.839 0.005 0.005 0.006 0.006 0.038 0.009 0.039 0.003 0.024 0.012 0.011 
325 QAc-W-0048    (0)   :  0.004 0.477 0.017 0.011 0.004 0.021 0.004 0.005 0.375 0.005 0.017 0.056 0.004 
326 QAc-W-0049    (0)   :  0.004 0.394 0.007 0.012 0.005 0.013 0.004 0.004 0.455 0.007 0.009 0.082 0.005 
327 QAc-W-0050    (0)   :  0.008 0.846 0.029 0.020 0.007 0.023 0.004 0.006 0.027 0.004 0.006 0.004 0.017 
328 QAc-W-0051    (0)   :  0.008 0.900 0.008 0.010 0.006 0.011 0.018 0.010 0.005 0.008 0.005 0.008 0.004 
329 QAc-W-0052    (0)   :  0.002 0.004 0.005 0.002 0.004 0.003 0.003 0.005 0.003 0.002 0.004 0.959 0.003 
330 QAc-W-0053    (0)   :  0.004 0.448 0.010 0.003 0.004 0.009 0.006 0.011 0.476 0.002 0.008 0.008 0.011 
331 QAc-W-0054    (0)   :  0.007 0.371 0.286 0.004 0.084 0.068 0.094 0.010 0.004 0.004 0.006 0.017 0.044 
332 QAc-W-0055    (0)   :  0.018 0.471 0.018 0.055 0.311 0.032 0.057 0.004 0.004 0.004 0.004 0.004 0.017 
333 QAc-W-0056    (0)   :  0.049 0.324 0.060 0.011 0.006 0.449 0.018 0.021 0.006 0.004 0.031 0.005 0.015 
334 QAc-W-0057    (0)   :  0.020 0.612 0.026 0.057 0.004 0.075 0.128 0.006 0.034 0.007 0.011 0.007 0.013 
335 QAc-W-0058    (0)   :  0.057 0.649 0.008 0.172 0.009 0.040 0.010 0.006 0.029 0.006 0.004 0.006 0.004 
336 QAc-W-0059    (0)   :  0.003 0.008 0.003 0.003 0.003 0.003 0.004 0.003 0.956 0.002 0.004 0.004 0.003 
337 QAc-W-0060    (0)   :  0.004 0.010 0.004 0.002 0.010 0.009 0.851 0.007 0.006 0.003 0.042 0.042 0.009 
338 QAc-W-0061    (0)   :  0.004 0.016 0.014 0.016 0.058 0.021 0.722 0.004 0.038 0.022 0.056 0.003 0.026 
