

----------------------------------------------------
STRUCTURE by Pritchard, Stephens and Donnelly (2000)
     and Falush, Stephens and Pritchard (2003)
       Code by Pritchard, Falush and Hubisz
             Version 2.3.4 (Jul 2012)
----------------------------------------------------



Command line arguments:   bin\structure -m C:\Users\eschumacher\Documents\GitHub\GCC_QUAC_ZAIN\Data_Files\Structure_Files\QUAC\QUAC_woK_nopopinfo_garden_wild\QUAC_woK_nopopinfo_garden_wild\50-50\mainparams -e C:\Users\eschumacher\Documents\GitHub\GCC_QUAC_ZAIN\Data_Files\Structure_Files\QUAC\QUAC_woK_nopopinfo_garden_wild\QUAC_woK_nopopinfo_garden_wild\50-50\extraparams 
Input File:    C:\Users\eschumacher\Documents\GitHub\GCC_QUAC_ZAIN\Data_Files\Structure_Files\QUAC\QUAC_woK_nopopinfo_garden_wild\QUAC_woK_nopopinfo_garden_wild\project_data

Run parameters:
   441 individuals
   15 loci
   11 populations assumed
   50000 Burn-in period
   50000 Reps


--------------------------------------------
Overall proportion of membership of the
sample in each of the 11 clusters

Inferred Clusters
  1      2      3      4      5      6      7      8      9     10     11    
0.057  0.070  0.142  0.124  0.052  0.064  0.124  0.119  0.077  0.096  0.076  

--------------------------------------------

Allele-freq. divergence among pops (Net nucleotide distance),
computed using point estimates of P.

      1       2       3       4       5       6       7       8       9      10      11      
 1      -    0.0828  0.0954  0.0661  0.0320  0.0609  0.0302  0.0406  0.0387  0.0350  0.1179  
 2   0.0828     -    0.1689  0.1576  0.0865  0.1430  0.1027  0.1123  0.1177  0.1016  0.2237  
 3   0.0954  0.1689     -    0.1417  0.1088  0.0948  0.1304  0.1224  0.1430  0.1205  0.1920  
 4   0.0661  0.1576  0.1417     -    0.1115  0.1174  0.0969  0.1162  0.1289  0.0972  0.0819  
 5   0.0320  0.0865  0.1088  0.1115     -    0.0820  0.0586  0.0732  0.0459  0.0687  0.1696  
 6   0.0609  0.1430  0.0948  0.1174  0.0820     -    0.0856  0.1085  0.0981  0.1013  0.1418  
 7   0.0302  0.1027  0.1304  0.0969  0.0586  0.0856     -    0.0732  0.0774  0.0564  0.1609  
 8   0.0406  0.1123  0.1224  0.1162  0.0732  0.1085  0.0732     -    0.0855  0.0405  0.1664  
 9   0.0387  0.1177  0.1430  0.1289  0.0459  0.0981  0.0774  0.0855     -    0.0851  0.1717  
10   0.0350  0.1016  0.1205  0.0972  0.0687  0.1013  0.0564  0.0405  0.0851     -    0.1434  
11   0.1179  0.2237  0.1920  0.0819  0.1696  0.1418  0.1609  0.1664  0.1717  0.1434     -    

Average distances (expected heterozygosity) between individuals in same cluster:
cluster  1  : 0.6950 
cluster  2  : 0.4631 
cluster  3  : 0.3992 
cluster  4  : 0.5022 
cluster  5  : 0.5998 
cluster  6  : 0.5096 
cluster  7  : 0.5530 
cluster  8  : 0.5471 
cluster  9  : 0.6077 
cluster 10  : 0.5448 
cluster 11  : 0.3927 

--------------------------------------------
Estimated Ln Prob of Data   = -15171.0
Mean value of ln likelihood = -14678.1
Variance of ln likelihood   = 985.7
Mean value of alpha         = 0.0335

Mean value of Fst_1         = 0.0011
Mean value of Fst_2         = 0.4181
Mean value of Fst_3         = 0.5005
Mean value of Fst_4         = 0.2542
Mean value of Fst_5         = 0.1524
Mean value of Fst_6         = 0.2672
Mean value of Fst_7         = 0.1457
Mean value of Fst_8         = 0.2195
Mean value of Fst_9         = 0.1132
Mean value of Fst_10         = 0.1628
Mean value of Fst_11         = 0.5543


Inferred ancestry of individuals:
        Label (%Miss) :  Inferred clusters
  1 QAc-G-0029    (0)   :  0.052 0.006 0.024 0.186 0.005 0.009 0.016 0.058 0.004 0.022 0.618 
  2 QAc-G-0030    (0)   :  0.002 0.002 0.002 0.003 0.002 0.002 0.002 0.002 0.002 0.002 0.977 
  3 QAc-G-0031    (0)   :  0.003 0.002 0.004 0.005 0.002 0.004 0.003 0.002 0.002 0.003 0.969 
  4 QAc-G-0061    (0)   :  0.003 0.004 0.003 0.827 0.003 0.002 0.005 0.005 0.002 0.005 0.140 
  5 QAc-G-0062    (0)   :  0.066 0.414 0.027 0.006 0.012 0.335 0.113 0.004 0.007 0.011 0.005 
  6 QAc-G-0063    (0)   :  0.095 0.014 0.549 0.004 0.024 0.138 0.032 0.047 0.006 0.086 0.004 
  7 QAc-G-0064    (0)   :  0.003 0.961 0.006 0.003 0.004 0.005 0.003 0.006 0.003 0.003 0.003 
  8 QAc-G-0065    (0)   :  0.003 0.967 0.003 0.002 0.004 0.002 0.002 0.003 0.003 0.003 0.007 
  9 QAc-G-0066    (0)   :  0.003 0.003 0.968 0.004 0.002 0.004 0.003 0.003 0.002 0.003 0.004 
 10 QAc-G-0067    (0)   :  0.003 0.961 0.003 0.009 0.003 0.002 0.003 0.003 0.004 0.003 0.005 
 11 QAc-G-0068    (0)   :  0.029 0.005 0.526 0.004 0.412 0.005 0.007 0.003 0.004 0.003 0.003 
 12 QAc-G-0070    (0)   :  0.017 0.010 0.533 0.006 0.005 0.100 0.298 0.007 0.006 0.013 0.004 
 13 QAc-G-0071   (13)   :  0.006 0.002 0.886 0.011 0.004 0.048 0.006 0.005 0.009 0.003 0.020 
 14 QAc-G-0072    (0)   :  0.003 0.003 0.966 0.004 0.003 0.003 0.004 0.004 0.002 0.004 0.003 
 15 QAc-G-0073    (0)   :  0.004 0.003 0.003 0.005 0.003 0.003 0.004 0.963 0.003 0.007 0.003 
 16 QAc-G-0074    (0)   :  0.037 0.005 0.139 0.004 0.013 0.098 0.036 0.259 0.010 0.394 0.005 
 17 QAc-G-0075    (0)   :  0.034 0.009 0.025 0.006 0.008 0.012 0.006 0.571 0.013 0.291 0.026 
 18 QAc-G-0076    (0)   :  0.102 0.010 0.012 0.010 0.082 0.005 0.012 0.510 0.003 0.246 0.008 
 19 QAc-G-0077    (0)   :  0.004 0.007 0.008 0.830 0.003 0.006 0.003 0.005 0.004 0.008 0.123 
 20 QAc-G-0078    (0)   :  0.002 0.002 0.003 0.003 0.002 0.002 0.002 0.002 0.002 0.002 0.977 
 21 QAc-G-0079    (0)   :  0.002 0.002 0.003 0.003 0.003 0.003 0.002 0.003 0.003 0.003 0.973 
 22 QAc-G-0080    (0)   :  0.064 0.015 0.005 0.750 0.016 0.014 0.004 0.108 0.010 0.011 0.003 
 23 QAc-G-0081    (0)   :  0.729 0.004 0.004 0.005 0.006 0.023 0.166 0.011 0.018 0.027 0.006 
 24 QAc-G-0082    (0)   :  0.916 0.003 0.002 0.005 0.005 0.007 0.017 0.018 0.014 0.009 0.003 
 25 QAc-G-0083    (0)   :  0.009 0.011 0.011 0.014 0.005 0.839 0.010 0.014 0.006 0.071 0.009 
 26 QAc-G-0001   (13)   :  0.003 0.002 0.004 0.005 0.002 0.003 0.002 0.003 0.003 0.003 0.970 
 27 QAc-G-0002    (0)   :  0.002 0.002 0.003 0.005 0.002 0.002 0.002 0.002 0.002 0.002 0.974 
 28 QAc-G-0285    (0)   :  0.006 0.004 0.016 0.006 0.006 0.931 0.007 0.004 0.010 0.005 0.006 
 29 QAc-G-0286    (0)   :  0.003 0.002 0.970 0.003 0.003 0.006 0.003 0.003 0.002 0.003 0.003 
 30 QAc-G-0287    (0)   :  0.002 0.002 0.974 0.003 0.003 0.003 0.002 0.002 0.002 0.002 0.003 
 31 QAc-G-0288    (6)   :  0.016 0.008 0.842 0.023 0.009 0.007 0.039 0.013 0.006 0.017 0.020 
 32 QAc-G-0289    (0)   :  0.003 0.003 0.970 0.003 0.003 0.003 0.003 0.003 0.002 0.003 0.003 
 33 QAc-G-0290    (0)   :  0.003 0.006 0.965 0.004 0.003 0.004 0.003 0.003 0.003 0.003 0.002 
 34 QAc-G-0291    (0)   :  0.005 0.003 0.903 0.018 0.004 0.017 0.002 0.006 0.003 0.004 0.036 
 35 QAc-G-0292    (0)   :  0.006 0.003 0.246 0.004 0.008 0.706 0.009 0.004 0.005 0.005 0.003 
 36 QAc-G-0293    (0)   :  0.003 0.002 0.476 0.004 0.003 0.489 0.003 0.003 0.003 0.002 0.011 
 37 QAc-G-0294    (0)   :  0.027 0.006 0.004 0.006 0.060 0.004 0.008 0.375 0.010 0.489 0.011 
 38 QAc-G-0295    (0)   :  0.007 0.005 0.008 0.010 0.003 0.007 0.003 0.929 0.004 0.018 0.007 
 39 QAc-G-0296    (0)   :  0.004 0.010 0.007 0.005 0.006 0.006 0.005 0.938 0.003 0.013 0.003 
 40 QAc-G-0297    (0)   :  0.629 0.004 0.003 0.004 0.020 0.003 0.008 0.121 0.021 0.184 0.002 
 41 QAc-G-0298    (6)   :  0.005 0.003 0.003 0.005 0.003 0.004 0.003 0.957 0.004 0.009 0.005 
 42 QAc-G-0299    (0)   :  0.013 0.004 0.011 0.006 0.014 0.006 0.004 0.475 0.012 0.451 0.004 
 43 QAc-G-0300    (0)   :  0.007 0.023 0.004 0.003 0.006 0.004 0.012 0.882 0.004 0.053 0.003 
 44 QAc-G-0301    (0)   :  0.011 0.159 0.016 0.006 0.004 0.008 0.005 0.713 0.007 0.062 0.008 
 45 QAc-G-0302    (0)   :  0.019 0.003 0.008 0.004 0.028 0.007 0.005 0.005 0.893 0.025 0.003 
 46 QAc-G-0303    (0)   :  0.033 0.004 0.003 0.006 0.024 0.008 0.032 0.006 0.875 0.006 0.003 
 47 QAc-G-0304    (0)   :  0.003 0.002 0.970 0.003 0.003 0.005 0.002 0.004 0.002 0.003 0.004 
 48 QAc-G-0305    (0)   :  0.034 0.003 0.481 0.043 0.051 0.263 0.044 0.005 0.030 0.007 0.038 
 49 QAc-G-0306    (0)   :  0.002 0.002 0.971 0.004 0.003 0.005 0.003 0.002 0.002 0.003 0.003 
 50 QAc-G-0307    (0)   :  0.024 0.005 0.005 0.814 0.008 0.024 0.036 0.008 0.013 0.009 0.054 
 51 QAc-G-0308    (0)   :  0.005 0.003 0.009 0.941 0.006 0.006 0.005 0.010 0.006 0.005 0.004 
 52 QAc-G-0309    (0)   :  0.016 0.002 0.003 0.005 0.005 0.005 0.004 0.003 0.003 0.005 0.948 
 53 QAc-G-0310    (0)   :  0.002 0.003 0.003 0.005 0.003 0.003 0.003 0.003 0.002 0.004 0.969 
 54 QAc-G-0311    (0)   :  0.002 0.002 0.003 0.974 0.002 0.002 0.002 0.002 0.002 0.002 0.005 
 55 QAc-G-0312    (0)   :  0.100 0.013 0.007 0.606 0.036 0.005 0.048 0.087 0.047 0.045 0.006 
 56 QAc-G-0313    (0)   :  0.853 0.006 0.008 0.005 0.006 0.031 0.047 0.013 0.006 0.008 0.018 
 57 QAc-G-0314    (0)   :  0.726 0.008 0.004 0.009 0.005 0.003 0.081 0.062 0.027 0.070 0.006 
 58 QAc-G-0315    (0)   :  0.913 0.006 0.007 0.004 0.017 0.006 0.013 0.006 0.008 0.017 0.004 
 59 QAc-G-0316    (0)   :  0.798 0.008 0.006 0.013 0.005 0.009 0.121 0.005 0.005 0.009 0.020 
 60 QAc-G-0032    (6)   :  0.114 0.116 0.007 0.006 0.626 0.003 0.009 0.015 0.086 0.006 0.010 
 61 QAc-G-0033    (0)   :  0.005 0.009 0.005 0.005 0.006 0.004 0.007 0.477 0.004 0.472 0.007 
 62 QAc-G-0034    (0)   :  0.012 0.007 0.004 0.050 0.009 0.004 0.022 0.829 0.008 0.033 0.020 
 63 QAc-G-0035    (0)   :  0.009 0.009 0.008 0.008 0.008 0.009 0.004 0.073 0.005 0.861 0.005 
 64 QAc-G-0036    (0)   :  0.012 0.004 0.015 0.005 0.008 0.019 0.016 0.898 0.004 0.011 0.007 
 65 QAc-G-0037    (0)   :  0.004 0.004 0.011 0.009 0.003 0.004 0.002 0.949 0.002 0.007 0.005 
 66 QAc-G-0038    (0)   :  0.007 0.003 0.003 0.002 0.003 0.003 0.012 0.937 0.003 0.026 0.002 
 67 QAc-G-0039    (0)   :  0.039 0.007 0.006 0.038 0.020 0.004 0.025 0.494 0.011 0.345 0.012 
 68 QAc-G-0040    (0)   :  0.016 0.004 0.050 0.008 0.019 0.009 0.079 0.777 0.005 0.029 0.005 
 69 QAc-G-0041    (0)   :  0.005 0.022 0.002 0.003 0.003 0.017 0.019 0.920 0.002 0.005 0.003 
 70 QAc-G-0042    (0)   :  0.004 0.005 0.009 0.004 0.010 0.004 0.005 0.945 0.004 0.008 0.002 
 71 QAc-G-0043    (0)   :  0.009 0.002 0.005 0.008 0.004 0.004 0.005 0.913 0.005 0.040 0.006 
 72 QAc-G-0044    (0)   :  0.015 0.043 0.011 0.004 0.010 0.005 0.007 0.847 0.018 0.034 0.005 
 73 QAc-G-0045    (0)   :  0.007 0.013 0.007 0.038 0.008 0.004 0.007 0.709 0.004 0.191 0.013 
 74 QAc-G-0046    (0)   :  0.023 0.007 0.002 0.019 0.013 0.005 0.018 0.777 0.004 0.096 0.037 
 75 QAc-G-0047    (0)   :  0.013 0.005 0.006 0.016 0.011 0.004 0.006 0.096 0.008 0.821 0.014 
 76 QAc-G-0048    (0)   :  0.005 0.005 0.003 0.003 0.003 0.004 0.007 0.950 0.004 0.014 0.002 
 77 QAc-G-0049    (0)   :  0.003 0.002 0.004 0.007 0.002 0.003 0.003 0.002 0.002 0.003 0.969 
 78 QAc-G-0050    (0)   :  0.817 0.004 0.019 0.061 0.013 0.006 0.015 0.004 0.045 0.005 0.011 
 79 QAc-G-0051    (0)   :  0.003 0.002 0.003 0.004 0.002 0.004 0.002 0.002 0.002 0.002 0.974 
 80 QAc-G-0052    (0)   :  0.006 0.009 0.004 0.946 0.004 0.003 0.006 0.006 0.003 0.006 0.008 
 81 QAc-G-0053    (0)   :  0.007 0.004 0.007 0.932 0.003 0.005 0.003 0.015 0.002 0.010 0.012 
 82 QAc-G-0054    (0)   :  0.327 0.004 0.004 0.494 0.031 0.003 0.076 0.024 0.028 0.006 0.003 
 83 QAc-G-0055    (0)   :  0.264 0.002 0.004 0.579 0.022 0.004 0.014 0.018 0.082 0.006 0.005 
 84 QAc-G-0056    (0)   :  0.850 0.008 0.011 0.039 0.015 0.005 0.046 0.005 0.007 0.009 0.004 
 85 QAc-G-0057    (0)   :  0.003 0.002 0.003 0.005 0.002 0.003 0.002 0.003 0.003 0.003 0.971 
 86 QAc-G-0058    (6)   :  0.003 0.002 0.003 0.004 0.002 0.004 0.003 0.002 0.003 0.002 0.972 
 87 QAc-G-0059    (0)   :  0.531 0.003 0.002 0.414 0.007 0.003 0.006 0.018 0.007 0.003 0.006 
 88 QAc-G-0060    (6)   :  0.038 0.009 0.011 0.892 0.007 0.006 0.005 0.006 0.004 0.007 0.015 
 89 QAc-G-0276    (0)   :  0.006 0.003 0.302 0.011 0.004 0.629 0.005 0.014 0.005 0.017 0.006 
 90 QAc-G-0279    (0)   :  0.003 0.002 0.967 0.004 0.003 0.005 0.003 0.003 0.002 0.003 0.005 
 91 QAc-G-0280    (6)   :  0.005 0.003 0.955 0.004 0.004 0.004 0.004 0.007 0.003 0.007 0.004 
 92 QAc-G-0281    (0)   :  0.003 0.003 0.005 0.966 0.003 0.003 0.003 0.003 0.003 0.003 0.006 
 93 QAc-G-0018    (0)   :  0.019 0.006 0.006 0.048 0.068 0.004 0.009 0.762 0.014 0.036 0.029 
 94 QAc-G-0019    (0)   :  0.009 0.210 0.016 0.004 0.012 0.023 0.008 0.612 0.004 0.098 0.004 
 95 QAc-G-0020    (0)   :  0.012 0.003 0.002 0.003 0.003 0.003 0.003 0.956 0.003 0.006 0.004 
 96 QAc-G-0021    (6)   :  0.009 0.030 0.003 0.009 0.003 0.003 0.003 0.895 0.003 0.020 0.023 
 97 QAc-G-0022    (6)   :  0.066 0.065 0.005 0.028 0.006 0.013 0.098 0.495 0.012 0.203 0.011 
 98 QAc-G-0023    (0)   :  0.003 0.002 0.003 0.352 0.004 0.005 0.003 0.003 0.003 0.003 0.620 
 99 QAc-G-0024    (0)   :  0.003 0.003 0.003 0.006 0.003 0.003 0.003 0.004 0.003 0.004 0.967 
100 QAc-G-0016    (0)   :  0.253 0.004 0.012 0.326 0.251 0.006 0.012 0.023 0.107 0.004 0.003 
101 QAc-G-0017    (0)   :  0.023 0.240 0.005 0.003 0.015 0.006 0.010 0.010 0.678 0.006 0.003 
102 QAc-G-0250    (0)   :  0.402 0.007 0.132 0.007 0.066 0.277 0.015 0.011 0.050 0.025 0.007 
103 QAc-G-0003    (6)   :  0.004 0.003 0.952 0.005 0.004 0.010 0.006 0.004 0.003 0.005 0.004 
104 QAc-G-0004    (0)   :  0.021 0.007 0.003 0.006 0.012 0.006 0.005 0.032 0.847 0.047 0.013 
105 QAc-G-0005    (0)   :  0.003 0.969 0.003 0.003 0.004 0.003 0.003 0.003 0.003 0.003 0.003 
106 QAc-G-0006    (6)   :  0.025 0.003 0.004 0.004 0.007 0.010 0.010 0.005 0.918 0.013 0.003 
107 QAc-G-0283    (0)   :  0.480 0.004 0.003 0.005 0.009 0.132 0.301 0.007 0.049 0.007 0.003 
108 QAc-G-0265    (0)   :  0.226 0.004 0.005 0.005 0.006 0.227 0.007 0.006 0.010 0.073 0.432 
109 QAc-G-0266    (0)   :  0.002 0.002 0.003 0.006 0.002 0.003 0.002 0.002 0.002 0.002 0.973 
110 QAc-G-0267    (0)   :  0.007 0.088 0.004 0.006 0.006 0.581 0.009 0.259 0.004 0.032 0.004 
111 QAc-G-0268   (20)   :  0.395 0.011 0.515 0.007 0.024 0.010 0.005 0.004 0.018 0.008 0.003 
112 QAc-G-0269    (0)   :  0.003 0.003 0.968 0.004 0.003 0.003 0.003 0.004 0.002 0.004 0.004 
113 QAc-G-0270    (6)   :  0.005 0.008 0.005 0.004 0.004 0.005 0.005 0.948 0.003 0.008 0.004 
114 QAc-G-0271    (0)   :  0.077 0.064 0.003 0.003 0.009 0.004 0.006 0.049 0.009 0.772 0.003 
115 QAc-G-0272    (6)   :  0.008 0.003 0.015 0.007 0.008 0.007 0.006 0.922 0.005 0.014 0.005 
116 QAc-G-0273    (0)   :  0.004 0.005 0.004 0.955 0.005 0.003 0.004 0.003 0.003 0.003 0.011 
117 QAc-G-0274    (0)   :  0.002 0.976 0.002 0.002 0.002 0.002 0.003 0.003 0.002 0.003 0.002 
118 QAc-G-0251    (6)   :  0.005 0.012 0.004 0.005 0.007 0.003 0.006 0.938 0.009 0.006 0.006 
119 QAc-G-0252    (0)   :  0.005 0.004 0.004 0.004 0.004 0.003 0.009 0.950 0.008 0.005 0.004 
120 QAc-G-0253    (0)   :  0.005 0.003 0.006 0.948 0.003 0.004 0.003 0.006 0.003 0.003 0.016 
121 QAc-G-0254    (0)   :  0.009 0.003 0.003 0.042 0.004 0.003 0.003 0.003 0.005 0.004 0.921 
122 QAc-G-0255    (0)   :  0.013 0.007 0.004 0.005 0.011 0.007 0.006 0.006 0.915 0.022 0.004 
123 QAc-G-0256    (0)   :  0.005 0.006 0.010 0.005 0.617 0.006 0.004 0.004 0.333 0.006 0.003 
124 QAc-G-0257    (0)   :  0.027 0.098 0.003 0.014 0.047 0.005 0.031 0.028 0.741 0.005 0.002 
125 QAc-G-0258    (0)   :  0.009 0.006 0.003 0.002 0.006 0.003 0.003 0.005 0.957 0.004 0.002 
126 QAc-G-0259    (0)   :  0.962 0.002 0.002 0.002 0.004 0.002 0.008 0.003 0.008 0.006 0.002 
127 QAc-G-0260    (0)   :  0.627 0.044 0.032 0.014 0.211 0.010 0.030 0.008 0.008 0.011 0.005 
128 QAc-G-0261    (0)   :  0.402 0.408 0.004 0.005 0.110 0.004 0.006 0.012 0.040 0.006 0.003 
129 QAc-G-0262    (0)   :  0.557 0.027 0.012 0.009 0.291 0.015 0.011 0.005 0.065 0.004 0.004 
130 QAc-G-0010    (0)   :  0.012 0.005 0.029 0.007 0.004 0.892 0.007 0.015 0.003 0.010 0.015 
131 QAc-G-0011    (0)   :  0.021 0.005 0.004 0.004 0.005 0.003 0.937 0.008 0.005 0.005 0.004 
132 QAc-G-0015    (0)   :  0.064 0.008 0.003 0.262 0.015 0.009 0.042 0.009 0.140 0.006 0.443 
133 QAc-G-0106    (0)   :  0.018 0.030 0.003 0.002 0.021 0.003 0.006 0.016 0.892 0.006 0.002 
134 QAc-G-0107    (0)   :  0.013 0.003 0.007 0.012 0.835 0.012 0.005 0.004 0.097 0.004 0.007 
135 QAc-G-0108    (0)   :  0.007 0.005 0.006 0.003 0.307 0.003 0.005 0.008 0.648 0.005 0.002 
136 QAc-G-0109    (0)   :  0.078 0.035 0.005 0.015 0.026 0.008 0.034 0.015 0.771 0.006 0.007 
137 QAc-G-0110    (0)   :  0.021 0.002 0.053 0.006 0.024 0.017 0.012 0.029 0.803 0.025 0.008 
138 QAc-G-0111    (0)   :  0.011 0.006 0.006 0.005 0.024 0.023 0.007 0.015 0.887 0.010 0.007 
139 QAc-G-0112    (0)   :  0.023 0.004 0.029 0.006 0.015 0.013 0.003 0.005 0.888 0.004 0.011 
140 QAc-G-0113    (0)   :  0.031 0.023 0.007 0.070 0.350 0.017 0.006 0.007 0.482 0.005 0.002 
141 QAc-G-0114    (0)   :  0.020 0.003 0.013 0.011 0.014 0.010 0.005 0.010 0.843 0.059 0.011 
142 QAc-G-0115    (0)   :  0.013 0.007 0.008 0.007 0.022 0.004 0.005 0.006 0.922 0.004 0.003 
143 QAc-G-0116    (0)   :  0.008 0.007 0.012 0.005 0.012 0.010 0.005 0.004 0.927 0.004 0.006 
144 QAc-G-0117    (0)   :  0.067 0.036 0.004 0.027 0.599 0.025 0.011 0.126 0.035 0.061 0.008 
145 QAc-G-0118    (0)   :  0.008 0.025 0.003 0.002 0.005 0.014 0.010 0.005 0.919 0.005 0.002 
146 QAc-G-0119    (0)   :  0.016 0.021 0.002 0.004 0.005 0.002 0.003 0.010 0.918 0.013 0.007 
147 QAc-G-0120    (0)   :  0.056 0.005 0.006 0.006 0.007 0.006 0.009 0.010 0.879 0.012 0.004 
148 QAc-G-0121    (0)   :  0.004 0.948 0.007 0.004 0.006 0.004 0.003 0.010 0.006 0.004 0.004 
149 QAc-G-0122    (0)   :  0.005 0.908 0.034 0.004 0.008 0.009 0.005 0.010 0.007 0.006 0.004 
150 QAc-G-0123    (0)   :  0.002 0.974 0.002 0.003 0.002 0.002 0.002 0.004 0.002 0.004 0.002 
151 QAc-G-0124    (6)   :  0.003 0.966 0.003 0.003 0.003 0.003 0.004 0.003 0.003 0.004 0.004 
152 QAc-G-0125    (0)   :  0.300 0.472 0.011 0.026 0.018 0.031 0.041 0.007 0.032 0.007 0.056 
153 QAc-G-0126    (0)   :  0.616 0.175 0.007 0.027 0.035 0.005 0.015 0.014 0.095 0.008 0.003 
154 QAc-G-0127    (0)   :  0.008 0.926 0.003 0.009 0.014 0.004 0.011 0.007 0.008 0.006 0.003 
155 QAc-G-0128    (0)   :  0.003 0.967 0.005 0.003 0.003 0.003 0.003 0.003 0.003 0.004 0.003 
156 QAc-G-0129    (0)   :  0.002 0.974 0.002 0.002 0.003 0.002 0.002 0.003 0.003 0.003 0.002 
157 QAc-G-0130    (0)   :  0.006 0.870 0.004 0.003 0.039 0.007 0.018 0.012 0.035 0.005 0.002 
158 QAc-G-0131    (0)   :  0.005 0.954 0.005 0.005 0.005 0.003 0.004 0.005 0.004 0.007 0.003 
159 QAc-G-0132    (0)   :  0.025 0.751 0.016 0.009 0.027 0.016 0.007 0.005 0.114 0.009 0.023 
160 QAc-G-0133    (0)   :  0.005 0.945 0.004 0.004 0.007 0.006 0.004 0.015 0.003 0.005 0.004 
161 QAc-G-0134    (0)   :  0.004 0.959 0.004 0.003 0.004 0.002 0.003 0.004 0.004 0.005 0.008 
162 QAc-G-0135    (0)   :  0.007 0.003 0.006 0.007 0.004 0.004 0.006 0.008 0.940 0.009 0.006 
163 QAc-G-0136    (0)   :  0.014 0.005 0.006 0.005 0.024 0.105 0.012 0.006 0.811 0.005 0.007 
164 QAc-G-0137    (0)   :  0.015 0.036 0.004 0.004 0.118 0.005 0.006 0.008 0.788 0.013 0.003 
165 QAc-G-0138    (0)   :  0.010 0.006 0.003 0.007 0.007 0.027 0.030 0.003 0.901 0.003 0.004 
166 QAc-G-0139    (0)   :  0.009 0.027 0.003 0.003 0.009 0.004 0.006 0.059 0.869 0.009 0.002 
167 QAc-G-0140    (6)   :  0.007 0.007 0.003 0.004 0.923 0.004 0.004 0.006 0.032 0.008 0.003 
168 QAc-G-0141    (0)   :  0.040 0.009 0.008 0.056 0.793 0.013 0.019 0.018 0.015 0.022 0.007 
169 QAc-G-0142    (0)   :  0.004 0.003 0.003 0.002 0.004 0.003 0.004 0.003 0.964 0.007 0.003 
170 QAc-G-0143    (0)   :  0.959 0.003 0.006 0.005 0.003 0.004 0.003 0.006 0.005 0.004 0.002 
171 QAc-G-0144    (6)   :  0.398 0.002 0.004 0.005 0.016 0.015 0.005 0.006 0.542 0.004 0.004 
172 QAc-G-0145    (0)   :  0.003 0.002 0.969 0.002 0.003 0.004 0.003 0.003 0.003 0.003 0.003 
173 QAc-G-0146    (0)   :  0.003 0.971 0.003 0.004 0.003 0.003 0.003 0.003 0.002 0.003 0.002 
174 QAc-G-0147    (0)   :  0.157 0.248 0.008 0.009 0.174 0.030 0.314 0.025 0.021 0.010 0.003 
175 QAc-G-0148    (0)   :  0.023 0.007 0.003 0.006 0.904 0.014 0.005 0.018 0.008 0.007 0.005 
176 QAc-G-0149    (0)   :  0.003 0.967 0.004 0.002 0.003 0.003 0.003 0.004 0.003 0.004 0.002 
177 QAc-G-0150    (0)   :  0.003 0.003 0.967 0.004 0.003 0.004 0.003 0.003 0.002 0.003 0.004 
178 QAc-G-0151    (0)   :  0.003 0.968 0.003 0.003 0.003 0.003 0.003 0.004 0.003 0.005 0.003 
179 QAc-G-0152    (0)   :  0.003 0.965 0.002 0.007 0.002 0.003 0.003 0.005 0.002 0.005 0.003 
180 QAc-G-0153    (0)   :  0.012 0.872 0.003 0.002 0.009 0.061 0.016 0.012 0.006 0.006 0.002 
181 QAc-G-0154    (0)   :  0.006 0.859 0.012 0.003 0.022 0.016 0.004 0.052 0.019 0.005 0.003 
182 QAc-G-0155    (0)   :  0.003 0.968 0.003 0.003 0.002 0.003 0.003 0.005 0.002 0.005 0.002 
183 QAc-G-0158    (0)   :  0.003 0.973 0.003 0.003 0.003 0.003 0.003 0.002 0.002 0.003 0.003 
184 QAc-G-0159    (0)   :  0.048 0.019 0.014 0.006 0.059 0.004 0.014 0.015 0.803 0.008 0.011 
185 QAc-G-0160    (0)   :  0.002 0.002 0.976 0.002 0.002 0.003 0.002 0.002 0.002 0.003 0.002 
186 QAc-G-0161    (0)   :  0.002 0.002 0.975 0.003 0.002 0.003 0.002 0.003 0.002 0.003 0.002 
187 QAc-G-0162    (0)   :  0.026 0.005 0.067 0.006 0.008 0.535 0.007 0.310 0.005 0.024 0.008 
188 QAc-G-0163    (0)   :  0.022 0.003 0.818 0.003 0.026 0.018 0.006 0.028 0.018 0.057 0.002 
189 QAc-G-0164    (0)   :  0.013 0.002 0.895 0.014 0.003 0.003 0.053 0.003 0.004 0.005 0.004 
190 QAc-G-0165    (0)   :  0.005 0.007 0.952 0.003 0.004 0.007 0.005 0.005 0.004 0.005 0.002 
191 QAc-G-0166    (0)   :  0.004 0.002 0.968 0.003 0.003 0.003 0.003 0.004 0.003 0.005 0.003 
192 QAc-G-0167    (0)   :  0.004 0.003 0.965 0.003 0.004 0.004 0.003 0.004 0.002 0.004 0.004 
193 QAc-G-0168    (0)   :  0.002 0.002 0.974 0.003 0.002 0.003 0.002 0.003 0.002 0.003 0.004 
194 QAc-G-0169    (6)   :  0.473 0.004 0.235 0.004 0.007 0.081 0.013 0.004 0.154 0.020 0.004 
195 QAc-G-0170    (0)   :  0.004 0.005 0.960 0.003 0.004 0.005 0.004 0.004 0.003 0.004 0.004 
196 QAc-G-0171    (0)   :  0.003 0.003 0.968 0.003 0.003 0.005 0.003 0.003 0.002 0.003 0.004 
197 QAc-G-0172    (0)   :  0.046 0.014 0.019 0.007 0.023 0.018 0.012 0.004 0.819 0.028 0.010 
198 QAc-G-0173    (0)   :  0.003 0.002 0.444 0.004 0.003 0.522 0.002 0.004 0.003 0.002 0.011 
199 QAc-G-0174    (0)   :  0.003 0.003 0.021 0.005 0.007 0.939 0.004 0.005 0.003 0.005 0.005 
200 QAc-G-0175    (0)   :  0.003 0.002 0.969 0.004 0.003 0.005 0.003 0.003 0.002 0.003 0.003 
201 QAc-G-0176    (0)   :  0.012 0.004 0.791 0.009 0.004 0.005 0.004 0.147 0.004 0.017 0.003 
202 QAc-G-0177    (0)   :  0.003 0.003 0.967 0.004 0.003 0.006 0.003 0.003 0.002 0.003 0.003 
203 QAc-G-0178    (0)   :  0.019 0.015 0.690 0.016 0.004 0.011 0.228 0.003 0.004 0.004 0.006 
204 QAc-G-0179    (6)   :  0.003 0.002 0.969 0.003 0.003 0.007 0.002 0.004 0.002 0.003 0.003 
205 QAc-G-0180    (0)   :  0.002 0.002 0.974 0.002 0.002 0.003 0.003 0.003 0.002 0.003 0.002 
206 QAc-G-0181    (0)   :  0.004 0.003 0.944 0.002 0.003 0.003 0.005 0.004 0.004 0.025 0.002 
207 QAc-G-0182    (0)   :  0.006 0.005 0.429 0.003 0.007 0.530 0.005 0.005 0.005 0.005 0.002 
208 QAc-G-0183    (6)   :  0.012 0.004 0.935 0.007 0.007 0.014 0.004 0.003 0.008 0.004 0.003 
209 QAc-G-0184    (0)   :  0.003 0.003 0.971 0.003 0.003 0.004 0.003 0.003 0.003 0.003 0.002 
210 QAc-G-0185    (0)   :  0.019 0.033 0.734 0.007 0.010 0.057 0.107 0.011 0.009 0.010 0.004 
211 QAc-G-0186    (0)   :  0.004 0.002 0.947 0.002 0.003 0.005 0.005 0.006 0.004 0.020 0.002 
212 QAc-G-0187    (0)   :  0.032 0.005 0.768 0.023 0.008 0.005 0.097 0.013 0.005 0.015 0.030 
213 QAc-G-0188    (0)   :  0.223 0.005 0.227 0.004 0.022 0.010 0.006 0.013 0.458 0.029 0.002 
214 QAc-G-0189    (0)   :  0.005 0.002 0.910 0.010 0.004 0.040 0.006 0.003 0.005 0.003 0.012 
215 QAc-G-0190    (0)   :  0.003 0.004 0.965 0.003 0.003 0.004 0.004 0.003 0.002 0.003 0.004 
216 QAc-G-0191    (0)   :  0.004 0.004 0.964 0.004 0.003 0.005 0.003 0.003 0.002 0.004 0.004 
217 QAc-G-0192    (0)   :  0.002 0.002 0.975 0.003 0.002 0.003 0.002 0.003 0.002 0.002 0.003 
218 QAc-G-0193    (0)   :  0.003 0.004 0.967 0.004 0.003 0.003 0.004 0.004 0.003 0.004 0.002 
219 QAc-G-0194    (0)   :  0.004 0.003 0.958 0.005 0.004 0.004 0.005 0.005 0.003 0.005 0.003 
220 QAc-G-0195    (0)   :  0.005 0.002 0.046 0.012 0.003 0.882 0.004 0.007 0.004 0.009 0.026 
221 QAc-G-0196    (0)   :  0.004 0.002 0.633 0.004 0.003 0.331 0.003 0.004 0.002 0.004 0.010 
222 QAc-G-0197    (0)   :  0.002 0.003 0.974 0.003 0.003 0.003 0.002 0.003 0.002 0.002 0.003 
223 QAc-G-0198    (0)   :  0.003 0.003 0.966 0.003 0.003 0.006 0.003 0.004 0.002 0.004 0.003 
224 QAc-G-0199    (0)   :  0.019 0.016 0.681 0.010 0.006 0.127 0.110 0.019 0.004 0.006 0.002 
225 QAc-G-0200    (0)   :  0.004 0.002 0.954 0.003 0.004 0.005 0.005 0.009 0.003 0.007 0.003 
226 QAc-G-0201    (0)   :  0.008 0.002 0.439 0.004 0.004 0.527 0.004 0.003 0.002 0.004 0.003 
227 QAc-G-0202    (6)   :  0.004 0.003 0.513 0.009 0.006 0.440 0.003 0.004 0.005 0.003 0.010 
228 QAc-G-0203    (0)   :  0.010 0.003 0.945 0.014 0.004 0.004 0.002 0.004 0.005 0.003 0.005 
229 QAc-G-0204    (0)   :  0.004 0.003 0.960 0.003 0.003 0.006 0.003 0.005 0.003 0.004 0.005 
230 QAc-G-0205    (0)   :  0.002 0.002 0.003 0.004 0.002 0.002 0.002 0.002 0.002 0.002 0.976 
231 QAc-G-0206    (0)   :  0.234 0.004 0.003 0.038 0.013 0.004 0.005 0.017 0.110 0.020 0.551 
232 QAc-G-0207    (0)   :  0.006 0.004 0.006 0.949 0.005 0.004 0.006 0.005 0.003 0.005 0.008 
233 QAc-G-0208    (0)   :  0.003 0.003 0.003 0.005 0.003 0.003 0.003 0.003 0.002 0.003 0.970 
234 QAc-G-0209    (0)   :  0.003 0.002 0.004 0.006 0.003 0.003 0.003 0.002 0.002 0.003 0.968 
235 QAc-G-0210    (0)   :  0.004 0.002 0.002 0.806 0.003 0.002 0.004 0.003 0.004 0.003 0.165 
236 QAc-G-0211    (0)   :  0.003 0.003 0.002 0.969 0.004 0.002 0.003 0.002 0.002 0.002 0.006 
237 QAc-G-0212    (0)   :  0.003 0.003 0.004 0.693 0.002 0.004 0.003 0.003 0.002 0.004 0.279 
238 QAc-G-0213    (0)   :  0.003 0.002 0.005 0.949 0.003 0.003 0.004 0.005 0.002 0.007 0.017 
239 QAc-G-0214    (0)   :  0.002 0.002 0.004 0.005 0.002 0.003 0.002 0.003 0.002 0.002 0.973 
240 QAc-G-0215    (0)   :  0.004 0.002 0.003 0.958 0.002 0.003 0.004 0.003 0.003 0.004 0.013 
241 QAc-G-0216    (0)   :  0.256 0.004 0.018 0.050 0.025 0.310 0.005 0.009 0.191 0.023 0.110 
242 QAc-G-0217    (0)   :  0.005 0.015 0.002 0.925 0.005 0.007 0.004 0.005 0.006 0.005 0.021 
243 QAc-G-0218    (0)   :  0.004 0.004 0.004 0.958 0.002 0.003 0.005 0.005 0.002 0.006 0.006 
244 QAc-G-0219    (0)   :  0.013 0.007 0.007 0.918 0.007 0.005 0.004 0.015 0.014 0.005 0.004 
245 QAc-G-0220    (0)   :  0.025 0.003 0.003 0.939 0.006 0.002 0.004 0.004 0.003 0.005 0.006 
246 QAc-G-0221    (0)   :  0.006 0.007 0.004 0.908 0.006 0.015 0.020 0.009 0.004 0.007 0.014 
247 QAc-G-0222    (0)   :  0.003 0.002 0.004 0.007 0.002 0.002 0.003 0.003 0.002 0.003 0.968 
248 QAc-G-0223    (0)   :  0.003 0.004 0.003 0.946 0.003 0.003 0.004 0.004 0.004 0.004 0.021 
249 QAc-G-0224    (0)   :  0.004 0.002 0.005 0.961 0.003 0.003 0.004 0.002 0.003 0.003 0.009 
250 QAc-G-0226    (0)   :  0.003 0.003 0.003 0.006 0.002 0.003 0.003 0.003 0.003 0.003 0.969 
251 QAc-G-0227    (0)   :  0.005 0.010 0.005 0.004 0.006 0.005 0.004 0.945 0.003 0.008 0.004 
252 QAc-G-0228    (6)   :  0.004 0.003 0.004 0.005 0.003 0.004 0.004 0.962 0.003 0.005 0.004 
253 QAc-G-0229    (0)   :  0.015 0.004 0.006 0.005 0.009 0.011 0.016 0.888 0.012 0.022 0.010 
254 QAc-G-0230    (0)   :  0.010 0.003 0.008 0.009 0.006 0.008 0.005 0.138 0.012 0.771 0.028 
255 QAc-G-0231    (0)   :  0.003 0.003 0.006 0.956 0.004 0.003 0.003 0.003 0.003 0.003 0.014 
256 QAc-G-0232    (0)   :  0.007 0.007 0.003 0.004 0.005 0.002 0.011 0.937 0.004 0.018 0.002 
257 QAc-G-0233    (0)   :  0.133 0.005 0.005 0.049 0.005 0.004 0.146 0.020 0.003 0.622 0.008 
258 QAc-G-0234    (0)   :  0.011 0.005 0.013 0.004 0.006 0.024 0.016 0.791 0.004 0.117 0.009 
259 QAc-G-0235    (0)   :  0.017 0.003 0.004 0.006 0.015 0.027 0.008 0.005 0.901 0.007 0.009 
260 QAc-G-0236    (0)   :  0.004 0.006 0.005 0.004 0.004 0.005 0.004 0.955 0.003 0.005 0.005 
261 QAc-G-0237    (0)   :  0.012 0.019 0.014 0.020 0.013 0.005 0.012 0.840 0.008 0.044 0.014 
262 QAc-G-0238    (0)   :  0.004 0.003 0.005 0.008 0.003 0.004 0.004 0.951 0.003 0.011 0.004 
263 QAc-G-0239    (0)   :  0.006 0.003 0.004 0.004 0.003 0.003 0.005 0.960 0.004 0.006 0.003 
264 QAc-G-0240    (0)   :  0.004 0.006 0.003 0.002 0.004 0.003 0.005 0.958 0.006 0.007 0.002 
265 QAc-G-0241    (0)   :  0.098 0.006 0.007 0.009 0.017 0.036 0.025 0.606 0.030 0.159 0.007 
266 QAc-G-0242    (0)   :  0.008 0.009 0.004 0.011 0.005 0.004 0.010 0.034 0.003 0.907 0.006 
267 QAc-G-0243    (0)   :  0.105 0.054 0.003 0.036 0.011 0.007 0.111 0.116 0.009 0.541 0.007 
268 QAc-G-0244    (0)   :  0.023 0.004 0.005 0.010 0.007 0.006 0.005 0.915 0.011 0.007 0.008 
269 QAc-G-0245    (0)   :  0.005 0.017 0.006 0.004 0.006 0.006 0.005 0.919 0.004 0.024 0.004 
270 QAc-G-0246    (0)   :  0.005 0.004 0.005 0.005 0.004 0.003 0.004 0.958 0.004 0.005 0.003 
271 QAc-G-0247    (0)   :  0.003 0.003 0.002 0.004 0.003 0.003 0.004 0.969 0.003 0.004 0.003 
272 QAc-G-0248    (0)   :  0.006 0.003 0.003 0.003 0.005 0.004 0.004 0.427 0.007 0.537 0.003 
273 QAc-G-0249    (0)   :  0.024 0.002 0.013 0.005 0.004 0.007 0.884 0.006 0.012 0.029 0.014 
274 QAc-G-0025    (0)   :  0.002 0.002 0.003 0.004 0.002 0.002 0.002 0.003 0.002 0.003 0.973 
275 QAc-G-0028    (0)   :  0.034 0.004 0.008 0.028 0.006 0.005 0.072 0.354 0.003 0.472 0.015 
276 QAc-G-0275    (0)   :  0.004 0.002 0.013 0.946 0.004 0.005 0.003 0.006 0.003 0.004 0.012 
277 QAc-G-0263    (0)   :  0.355 0.005 0.011 0.025 0.013 0.451 0.109 0.004 0.012 0.006 0.008 
278 QAc-W-0001    (0)   :  0.004 0.013 0.003 0.004 0.005 0.003 0.004 0.009 0.006 0.946 0.004 
279 QAc-W-0002    (0)   :  0.019 0.003 0.021 0.004 0.027 0.006 0.020 0.829 0.025 0.043 0.003 
280 QAc-W-0003    (0)   :  0.011 0.007 0.007 0.047 0.016 0.032 0.005 0.007 0.013 0.845 0.009 
281 QAc-W-0004    (0)   :  0.004 0.004 0.005 0.005 0.004 0.003 0.004 0.009 0.003 0.952 0.007 
282 QAc-W-0005    (0)   :  0.004 0.006 0.004 0.003 0.003 0.006 0.005 0.004 0.004 0.958 0.004 
283 QAc-W-0006    (0)   :  0.006 0.004 0.005 0.004 0.007 0.003 0.006 0.006 0.006 0.949 0.004 
284 QAc-W-0007   (13)   :  0.004 0.005 0.003 0.004 0.004 0.004 0.005 0.009 0.003 0.955 0.004 
285 QAc-W-0008    (6)   :  0.014 0.003 0.004 0.003 0.005 0.003 0.017 0.007 0.005 0.935 0.002 
286 QAc-W-0009    (0)   :  0.058 0.007 0.011 0.009 0.049 0.004 0.018 0.690 0.115 0.034 0.003 
287 QAc-W-0010    (0)   :  0.014 0.007 0.005 0.004 0.014 0.024 0.037 0.006 0.007 0.877 0.004 
288 QAc-W-0011    (0)   :  0.045 0.014 0.045 0.010 0.020 0.014 0.006 0.126 0.020 0.696 0.006 
289 QAc-W-0012    (0)   :  0.013 0.005 0.025 0.005 0.007 0.006 0.010 0.057 0.008 0.858 0.007 
290 QAc-W-0013    (0)   :  0.016 0.004 0.007 0.112 0.099 0.004 0.005 0.666 0.014 0.029 0.043 
291 QAc-W-0014    (0)   :  0.006 0.004 0.003 0.003 0.004 0.008 0.017 0.011 0.004 0.935 0.005 
292 QAc-W-0015    (0)   :  0.020 0.004 0.018 0.044 0.025 0.113 0.041 0.669 0.011 0.038 0.018 
293 QAc-W-0016    (0)   :  0.031 0.003 0.005 0.008 0.011 0.013 0.021 0.005 0.012 0.874 0.017 
294 QAc-W-0017    (0)   :  0.322 0.012 0.011 0.063 0.057 0.121 0.131 0.137 0.026 0.116 0.005 
295 QAc-W-0018    (0)   :  0.094 0.008 0.003 0.033 0.074 0.003 0.017 0.025 0.022 0.707 0.013 
296 QAc-W-0019    (0)   :  0.008 0.004 0.004 0.007 0.005 0.004 0.011 0.009 0.012 0.928 0.009 
297 QAc-W-0020    (0)   :  0.011 0.043 0.002 0.002 0.004 0.003 0.003 0.005 0.007 0.916 0.003 
298 QAc-W-0021    (0)   :  0.126 0.014 0.012 0.023 0.009 0.004 0.031 0.013 0.044 0.603 0.121 
299 QAc-W-0022    (0)   :  0.291 0.007 0.009 0.014 0.013 0.080 0.125 0.126 0.021 0.298 0.015 
300 QAc-W-0023    (6)   :  0.111 0.074 0.003 0.009 0.029 0.006 0.083 0.105 0.077 0.481 0.022 
301 QAc-W-0024    (0)   :  0.033 0.006 0.030 0.061 0.006 0.005 0.015 0.005 0.011 0.759 0.067 
302 QAc-W-0025    (0)   :  0.009 0.003 0.005 0.008 0.005 0.003 0.007 0.298 0.005 0.654 0.003 
303 QAc-W-0026    (0)   :  0.023 0.026 0.046 0.017 0.011 0.023 0.037 0.008 0.007 0.788 0.015 
304 QAc-W-0027    (0)   :  0.015 0.004 0.008 0.004 0.013 0.004 0.014 0.284 0.009 0.641 0.003 
305 QAc-W-0028    (0)   :  0.009 0.004 0.007 0.003 0.009 0.008 0.005 0.043 0.007 0.901 0.003 
306 QAc-W-0029    (0)   :  0.013 0.008 0.003 0.007 0.033 0.003 0.005 0.150 0.006 0.768 0.004 
307 QAc-W-0030    (0)   :  0.011 0.010 0.009 0.004 0.014 0.007 0.004 0.729 0.006 0.202 0.005 
308 QAc-W-0031    (0)   :  0.008 0.004 0.004 0.026 0.007 0.003 0.004 0.020 0.006 0.873 0.045 
309 QAc-W-0032    (0)   :  0.004 0.012 0.002 0.003 0.003 0.002 0.005 0.011 0.003 0.953 0.003 
310 QAc-W-0033    (0)   :  0.054 0.012 0.005 0.010 0.023 0.007 0.018 0.012 0.003 0.851 0.005 
311 QAc-W-0034    (0)   :  0.007 0.005 0.005 0.004 0.012 0.003 0.008 0.062 0.015 0.874 0.004 
312 QAc-W-0035    (0)   :  0.047 0.004 0.022 0.019 0.014 0.020 0.080 0.481 0.006 0.294 0.012 
313 QAc-W-0036    (0)   :  0.006 0.031 0.004 0.003 0.009 0.005 0.007 0.028 0.008 0.896 0.003 
314 QAc-W-0037    (0)   :  0.012 0.019 0.041 0.016 0.012 0.006 0.008 0.792 0.004 0.069 0.020 
315 QAc-W-0038    (0)   :  0.035 0.013 0.014 0.005 0.006 0.029 0.007 0.108 0.014 0.764 0.005 
316 QAc-W-0039    (0)   :  0.006 0.010 0.031 0.009 0.009 0.013 0.006 0.026 0.005 0.881 0.003 
317 QAc-W-0040    (0)   :  0.024 0.021 0.006 0.012 0.004 0.005 0.175 0.006 0.004 0.739 0.004 
318 QAc-W-0041    (0)   :  0.027 0.004 0.018 0.168 0.144 0.005 0.011 0.146 0.019 0.448 0.010 
319 QAc-W-0042    (0)   :  0.005 0.107 0.006 0.006 0.844 0.004 0.004 0.007 0.008 0.006 0.002 
320 QAc-W-0043    (0)   :  0.006 0.004 0.008 0.005 0.940 0.008 0.004 0.010 0.009 0.004 0.003 
321 QAc-W-0044    (0)   :  0.009 0.096 0.015 0.004 0.761 0.043 0.027 0.017 0.009 0.016 0.004 
322 QAc-W-0045    (0)   :  0.006 0.017 0.005 0.004 0.925 0.003 0.004 0.007 0.022 0.005 0.003 
323 QAc-W-0046    (0)   :  0.004 0.006 0.009 0.006 0.944 0.004 0.004 0.008 0.008 0.004 0.004 
324 QAc-W-0047    (0)   :  0.008 0.014 0.007 0.003 0.859 0.031 0.010 0.016 0.039 0.010 0.005 
325 QAc-W-0048    (0)   :  0.021 0.068 0.004 0.004 0.383 0.004 0.004 0.011 0.476 0.015 0.009 
326 QAc-W-0049    (0)   :  0.010 0.080 0.005 0.006 0.304 0.004 0.005 0.006 0.562 0.007 0.011 
327 QAc-W-0050    (0)   :  0.055 0.004 0.006 0.006 0.840 0.004 0.025 0.007 0.026 0.005 0.022 
328 QAc-W-0051    (0)   :  0.011 0.008 0.005 0.008 0.921 0.016 0.004 0.006 0.005 0.006 0.009 
329 QAc-W-0052    (0)   :  0.003 0.966 0.004 0.002 0.004 0.003 0.003 0.005 0.003 0.004 0.003 
330 QAc-W-0053    (0)   :  0.008 0.009 0.003 0.004 0.409 0.006 0.010 0.009 0.528 0.012 0.003 
331 QAc-W-0054    (0)   :  0.117 0.023 0.107 0.007 0.502 0.114 0.102 0.010 0.005 0.009 0.005 
332 QAc-W-0055    (0)   :  0.019 0.004 0.307 0.013 0.518 0.043 0.017 0.004 0.004 0.005 0.066 
333 QAc-W-0056    (0)   :  0.375 0.007 0.006 0.023 0.424 0.021 0.017 0.036 0.007 0.067 0.017 
334 QAc-W-0057    (0)   :  0.061 0.007 0.004 0.019 0.666 0.116 0.014 0.010 0.034 0.011 0.059 
335 QAc-W-0058    (0)   :  0.031 0.007 0.009 0.022 0.662 0.011 0.004 0.006 0.030 0.005 0.213 
336 QAc-W-0059    (0)   :  0.003 0.004 0.004 0.002 0.008 0.004 0.004 0.003 0.961 0.004 0.003 
337 QAc-W-0060    (0)   :  0.008 0.047 0.010 0.004 0.009 0.858 0.007 0.045 0.007 0.004 0.003 
338 QAc-W-0061    (0)   :  0.024 0.004 0.061 0.009 0.017 0.755 0.035 0.011 0.049 0.020 0.015 
339 QAc-W-0062    (0)   :  0.005 0.016 0.008 0.011 0.004 0.936 0.007 0.004 0.003 0.003 0.003 
340 QAc-W-0063    (0)   :  0.015 0.013 0.010 0.009 0.007 0.901 0.015 0.008 0.004 0.014 0.005 
341 QAc-W-0064    (0)   :  0.010 0.005 0.017 0.008 0.006 0.919 0.008 0.009 0.004 0.010 0.004 
342 QAc-W-0065    (0)   :  0.025 0.006 0.005 0.006 0.064 0.823 0.027 0.014 0.009 0.011 0.008 
343 QAc-W-0066    (0)   :  0.002 0.002 0.971 0.004 0.003 0.004 0.002 0.003 0.002 0.003 0.004 
344 QAc-W-0067    (0)   :  0.002 0.003 0.973 0.003 0.003 0.003 0.003 0.002 0.002 0.002 0.003 
345 QAc-W-0068    (0)   :  0.003 0.002 0.971 0.003 0.002 0.005 0.003 0.003 0.002 0.003 0.003 
346 QAc-W-0069    (0)   :  0.003 0.002 0.969 0.003 0.002 0.006 0.003 0.003 0.002 0.003 0.004 
347 QAc-W-0070    (0)   :  0.003 0.002 0.572 0.003 0.003 0.404 0.003 0.003 0.002 0.002 0.003 
348 QAc-W-0071    (6)   :  0.005 0.004 0.241 0.006 0.005 0.708 0.004 0.007 0.004 0.004 0.012 
349 QAc-W-0072    (0)   :  0.015 0.004 0.004 0.009 0.007 0.793 0.126 0.005 0.003 0.031 0.004 
350 QAc-W-0073    (0)   :  0.013 0.006 0.004 0.006 0.012 0.880 0.008 0.008 0.049 0.008 0.005 
351 QAc-W-0074    (0)   :  0.003 0.003 0.004 0.003 0.003 0.965 0.004 0.003 0.003 0.004 0.004 
352 QAc-W-0075    (0)   :  0.003 0.002 0.015 0.003 0.003 0.955 0.003 0.003 0.003 0.003 0.006 
353 QAc-W-0076    (0)   :  0.005 0.002 0.004 0.004 0.004 0.938 0.023 0.003 0.004 0.003 0.010 
354 QAc-W-0077    (0)   :  0.006 0.004 0.129 0.005 0.068 0.765 0.005 0.006 0.005 0.006 0.002 
355 QAc-W-0078    (0)   :  0.206 0.008 0.064 0.272 0.010 0.007 0.105 0.029 0.005 0.114 0.180 
356 QAc-W-0079    (6)   :  0.006 0.005 0.019 0.005 0.007 0.008 0.008 0.010 0.006 0.009 0.919 
357 QAc-W-0080   (13)   :  0.008 0.002 0.003 0.004 0.003 0.003 0.004 0.004 0.009 0.042 0.919 
358 QAc-W-0081    (0)   :  0.004 0.006 0.003 0.942 0.004 0.004 0.004 0.004 0.003 0.005 0.020 
359 QAc-W-0082    (0)   :  0.021 0.002 0.003 0.558 0.387 0.005 0.004 0.004 0.006 0.005 0.005 
360 QAc-W-0083    (0)   :  0.008 0.011 0.010 0.872 0.010 0.032 0.017 0.010 0.006 0.012 0.012 
361 QAc-W-0084    (0)   :  0.003 0.005 0.004 0.961 0.003 0.003 0.003 0.003 0.002 0.005 0.008 
362 QAc-W-0085    (0)   :  0.003 0.003 0.004 0.971 0.003 0.003 0.003 0.002 0.002 0.003 0.004 
363 QAc-W-0086    (0)   :  0.004 0.003 0.006 0.957 0.004 0.003 0.005 0.004 0.003 0.005 0.006 
364 QAc-W-0087    (0)   :  0.006 0.003 0.005 0.936 0.005 0.003 0.007 0.003 0.011 0.006 0.015 
365 QAc-W-0088    (0)   :  0.016 0.003 0.003 0.903 0.004 0.004 0.004 0.005 0.035 0.004 0.019 
366 QAc-W-0089    (0)   :  0.005 0.003 0.009 0.827 0.008 0.005 0.003 0.006 0.003 0.008 0.123 
367 QAc-W-0090    (0)   :  0.004 0.002 0.007 0.929 0.005 0.003 0.003 0.005 0.003 0.006 0.031 
368 QAc-W-0091    (0)   :  0.018 0.007 0.004 0.874 0.006 0.006 0.009 0.004 0.011 0.008 0.052 
369 QAc-W-0092    (0)   :  0.010 0.188 0.006 0.696 0.007 0.004 0.007 0.020 0.006 0.049 0.007 
370 QAc-W-0093    (0)   :  0.082 0.006 0.002 0.655 0.010 0.006 0.040 0.051 0.031 0.037 0.080 
371 QAc-W-0094    (0)   :  0.024 0.088 0.003 0.754 0.011 0.019 0.010 0.011 0.010 0.064 0.006 
372 QAc-W-0095    (0)   :  0.009 0.027 0.003 0.800 0.010 0.013 0.005 0.009 0.006 0.024 0.095 
373 QAc-W-0096    (0)   :  0.020 0.054 0.007 0.799 0.009 0.038 0.011 0.008 0.012 0.032 0.008 
374 QAc-W-0097    (0)   :  0.053 0.006 0.007 0.647 0.058 0.006 0.005 0.047 0.068 0.057 0.046 
375 QAc-W-0098    (0)   :  0.010 0.005 0.004 0.744 0.004 0.003 0.005 0.007 0.010 0.006 0.203 
376 QAc-W-0099    (0)   :  0.020 0.006 0.003 0.874 0.024 0.004 0.029 0.017 0.009 0.008 0.004 
377 QAc-W-0100    (0)   :  0.006 0.003 0.003 0.950 0.003 0.003 0.005 0.004 0.005 0.003 0.015 
378 QAc-W-0101    (0)   :  0.006 0.002 0.019 0.928 0.004 0.008 0.006 0.003 0.004 0.006 0.014 
379 QAc-W-0104    (0)   :  0.009 0.003 0.003 0.909 0.009 0.005 0.014 0.005 0.013 0.006 0.025 
380 QAc-W-0105    (0)   :  0.004 0.006 0.004 0.952 0.004 0.003 0.003 0.007 0.002 0.005 0.009 
381 QAc-W-0106    (0)   :  0.007 0.017 0.004 0.936 0.005 0.003 0.005 0.009 0.003 0.008 0.004 
382 QAc-W-0107    (0)   :  0.003 0.003 0.004 0.006 0.003 0.005 0.003 0.003 0.003 0.003 0.964 
383 QAc-W-0108    (0)   :  0.002 0.002 0.003 0.003 0.002 0.004 0.002 0.003 0.002 0.003 0.973 
384 QAc-W-0109    (0)   :  0.009 0.006 0.021 0.805 0.009 0.007 0.004 0.007 0.020 0.013 0.099 
385 QAc-W-0110   (13)   :  0.008 0.003 0.006 0.299 0.004 0.004 0.008 0.004 0.005 0.650 0.008 
386 QAc-W-0111    (6)   :  0.016 0.006 0.009 0.374 0.009 0.004 0.005 0.019 0.005 0.008 0.544 
387 QAc-W-0112   (13)   :  0.012 0.007 0.004 0.899 0.005 0.004 0.012 0.012 0.012 0.007 0.028 
