

----------------------------------------------------
STRUCTURE by Pritchard, Stephens and Donnelly (2000)
     and Falush, Stephens and Pritchard (2003)
       Code by Pritchard, Falush and Hubisz
             Version 2.3.4 (Jul 2012)
----------------------------------------------------



Command line arguments:   bin\structure -m C:\Users\eschumacher\Documents\GitHub\GCC_QUAC_ZAIN\Data_Files\Structure_Files\QUAC\QUAC_woK_nopopinfo_garden_wild\QUAC_woK_nopopinfo_garden_wild\50-50\mainparams -e C:\Users\eschumacher\Documents\GitHub\GCC_QUAC_ZAIN\Data_Files\Structure_Files\QUAC\QUAC_woK_nopopinfo_garden_wild\QUAC_woK_nopopinfo_garden_wild\50-50\extraparams 
Input File:    C:\Users\eschumacher\Documents\GitHub\GCC_QUAC_ZAIN\Data_Files\Structure_Files\QUAC\QUAC_woK_nopopinfo_garden_wild\QUAC_woK_nopopinfo_garden_wild\project_data

Run parameters:
   441 individuals
   15 loci
   8 populations assumed
   50000 Burn-in period
   50000 Reps


--------------------------------------------
Overall proportion of membership of the
sample in each of the 8 clusters

Inferred Clusters
  1      2      3      4      5      6      7      8    
0.081  0.132  0.186  0.067  0.073  0.105  0.212  0.144  

--------------------------------------------

Allele-freq. divergence among pops (Net nucleotide distance),
computed using point estimates of P.

      1       2       3       4       5       6       7       8      
 1      -    0.0315  0.0717  0.0582  0.0836  0.0342  0.0351  0.0969  
 2   0.0315     -    0.1039  0.0810  0.0999  0.0666  0.0542  0.1273  
 3   0.0717  0.1039     -    0.1066  0.1672  0.1234  0.1003  0.1441  
 4   0.0582  0.0810  0.1066     -    0.1386  0.0863  0.0922  0.0944  
 5   0.0836  0.0999  0.1672  0.1386     -    0.1011  0.0966  0.1667  
 6   0.0342  0.0666  0.1234  0.0863  0.1011     -    0.0677  0.1275  
 7   0.0351  0.0542  0.1003  0.0922  0.0966  0.0677     -    0.1110  
 8   0.0969  0.1273  0.1441  0.0944  0.1667  0.1275  0.1110     -    

Average distances (expected heterozygosity) between individuals in same cluster:
cluster  1  : 0.6997 
cluster  2  : 0.5560 
cluster  3  : 0.4912 
cluster  4  : 0.5165 
cluster  5  : 0.4655 
cluster  6  : 0.6075 
cluster  7  : 0.5631 
cluster  8  : 0.4000 

--------------------------------------------
Estimated Ln Prob of Data   = -15623.2
Mean value of ln likelihood = -15184.0
Variance of ln likelihood   = 878.4
Mean value of alpha         = 0.0334

Mean value of Fst_1         = 0.0054
Mean value of Fst_2         = 0.1414
Mean value of Fst_3         = 0.2752
Mean value of Fst_4         = 0.2535
Mean value of Fst_5         = 0.4135
Mean value of Fst_6         = 0.0973
Mean value of Fst_7         = 0.1637
Mean value of Fst_8         = 0.4946


Inferred ancestry of individuals:
        Label (%Miss) :  Inferred clusters
  1 QAc-G-0029    (0)   :  0.010 0.005 0.940 0.007 0.004 0.003 0.018 0.013 
  2 QAc-G-0030    (0)   :  0.003 0.003 0.981 0.004 0.002 0.003 0.002 0.003 
  3 QAc-G-0031    (0)   :  0.003 0.003 0.977 0.006 0.002 0.002 0.003 0.004 
  4 QAc-G-0061    (0)   :  0.003 0.005 0.969 0.003 0.007 0.003 0.007 0.004 
  5 QAc-G-0062    (0)   :  0.060 0.119 0.005 0.347 0.427 0.006 0.007 0.029 
  6 QAc-G-0063    (0)   :  0.089 0.041 0.005 0.190 0.013 0.009 0.112 0.540 
  7 QAc-G-0064    (0)   :  0.003 0.004 0.003 0.005 0.973 0.003 0.004 0.005 
  8 QAc-G-0065    (0)   :  0.003 0.002 0.005 0.002 0.979 0.003 0.003 0.002 
  9 QAc-G-0066    (0)   :  0.003 0.003 0.004 0.003 0.002 0.003 0.003 0.979 
 10 QAc-G-0067    (0)   :  0.003 0.004 0.007 0.002 0.974 0.003 0.003 0.003 
 11 QAc-G-0068    (0)   :  0.411 0.014 0.003 0.004 0.006 0.020 0.003 0.539 
 12 QAc-G-0070    (0)   :  0.021 0.304 0.006 0.101 0.009 0.007 0.009 0.543 
 13 QAc-G-0071   (13)   :  0.006 0.007 0.016 0.044 0.002 0.008 0.004 0.913 
 14 QAc-G-0072    (0)   :  0.003 0.004 0.003 0.003 0.003 0.002 0.004 0.977 
 15 QAc-G-0073    (0)   :  0.004 0.005 0.004 0.003 0.003 0.003 0.975 0.003 
 16 QAc-G-0074    (0)   :  0.018 0.027 0.005 0.072 0.004 0.010 0.750 0.114 
 17 QAc-G-0075    (0)   :  0.007 0.005 0.008 0.006 0.006 0.008 0.950 0.010 
 18 QAc-G-0076    (0)   :  0.019 0.008 0.008 0.004 0.007 0.006 0.938 0.010 
 19 QAc-G-0077    (0)   :  0.004 0.002 0.961 0.006 0.008 0.003 0.006 0.010 
 20 QAc-G-0078    (0)   :  0.003 0.003 0.981 0.003 0.002 0.003 0.002 0.003 
 21 QAc-G-0079    (0)   :  0.003 0.003 0.975 0.005 0.002 0.004 0.003 0.004 
 22 QAc-G-0080    (0)   :  0.646 0.006 0.272 0.011 0.020 0.008 0.030 0.006 
 23 QAc-G-0081    (0)   :  0.413 0.493 0.006 0.031 0.004 0.023 0.025 0.005 
 24 QAc-G-0082    (0)   :  0.931 0.020 0.003 0.007 0.003 0.012 0.021 0.002 
 25 QAc-G-0083    (0)   :  0.008 0.010 0.015 0.903 0.013 0.007 0.033 0.011 
 26 QAc-G-0001   (13)   :  0.003 0.003 0.977 0.004 0.002 0.003 0.003 0.005 
 27 QAc-G-0002    (0)   :  0.002 0.002 0.982 0.003 0.002 0.002 0.003 0.003 
 28 QAc-G-0285    (0)   :  0.006 0.007 0.006 0.950 0.004 0.009 0.004 0.014 
 29 QAc-G-0286    (0)   :  0.003 0.003 0.003 0.005 0.003 0.002 0.003 0.979 
 30 QAc-G-0287    (0)   :  0.002 0.002 0.003 0.003 0.002 0.002 0.003 0.982 
 31 QAc-G-0288    (6)   :  0.016 0.046 0.041 0.007 0.009 0.006 0.017 0.857 
 32 QAc-G-0289    (0)   :  0.003 0.003 0.003 0.003 0.003 0.003 0.003 0.979 
 33 QAc-G-0290    (0)   :  0.003 0.003 0.003 0.004 0.005 0.003 0.003 0.975 
 34 QAc-G-0291    (0)   :  0.005 0.002 0.039 0.028 0.003 0.003 0.008 0.912 
 35 QAc-G-0292    (0)   :  0.007 0.010 0.004 0.724 0.003 0.006 0.004 0.242 
 36 QAc-G-0293    (0)   :  0.003 0.002 0.007 0.479 0.002 0.003 0.003 0.501 
 37 QAc-G-0294    (0)   :  0.010 0.006 0.007 0.003 0.006 0.013 0.951 0.003 
 38 QAc-G-0295    (0)   :  0.007 0.004 0.009 0.010 0.005 0.004 0.948 0.013 
 39 QAc-G-0296    (0)   :  0.004 0.004 0.003 0.005 0.010 0.004 0.964 0.006 
 40 QAc-G-0297    (0)   :  0.547 0.010 0.004 0.003 0.004 0.034 0.395 0.003 
 41 QAc-G-0298    (6)   :  0.005 0.004 0.005 0.005 0.004 0.004 0.971 0.003 
 42 QAc-G-0299    (0)   :  0.005 0.004 0.004 0.004 0.003 0.007 0.966 0.007 
 43 QAc-G-0300    (0)   :  0.005 0.011 0.003 0.003 0.017 0.004 0.952 0.004 
 44 QAc-G-0301    (0)   :  0.005 0.004 0.006 0.006 0.067 0.004 0.897 0.011 
 45 QAc-G-0302    (0)   :  0.016 0.005 0.004 0.006 0.003 0.950 0.011 0.005 
 46 QAc-G-0303    (0)   :  0.053 0.030 0.004 0.009 0.005 0.888 0.008 0.003 
 47 QAc-G-0304    (0)   :  0.003 0.002 0.003 0.005 0.002 0.002 0.003 0.979 
 48 QAc-G-0305    (0)   :  0.072 0.041 0.054 0.219 0.003 0.081 0.005 0.524 
 49 QAc-G-0306    (0)   :  0.002 0.003 0.004 0.005 0.002 0.002 0.003 0.979 
 50 QAc-G-0307    (0)   :  0.036 0.065 0.842 0.024 0.006 0.012 0.009 0.005 
 51 QAc-G-0308    (0)   :  0.009 0.009 0.927 0.009 0.004 0.011 0.014 0.017 
 52 QAc-G-0309    (0)   :  0.015 0.004 0.960 0.006 0.003 0.004 0.004 0.004 
 53 QAc-G-0310    (0)   :  0.003 0.004 0.976 0.005 0.003 0.003 0.004 0.004 
 54 QAc-G-0311    (0)   :  0.003 0.003 0.982 0.002 0.002 0.002 0.002 0.003 
 55 QAc-G-0312    (0)   :  0.693 0.054 0.170 0.005 0.014 0.026 0.032 0.006 
 56 QAc-G-0313    (0)   :  0.777 0.116 0.014 0.055 0.008 0.006 0.017 0.006 
 57 QAc-G-0314    (0)   :  0.493 0.240 0.012 0.003 0.010 0.025 0.214 0.004 
 58 QAc-G-0315    (0)   :  0.936 0.019 0.004 0.005 0.006 0.010 0.012 0.008 
 59 QAc-G-0316    (0)   :  0.661 0.275 0.021 0.010 0.009 0.009 0.008 0.008 
 60 QAc-G-0032    (6)   :  0.627 0.009 0.006 0.004 0.106 0.230 0.011 0.007 
 61 QAc-G-0033    (0)   :  0.004 0.006 0.005 0.004 0.008 0.005 0.965 0.005 
 62 QAc-G-0034    (0)   :  0.010 0.014 0.028 0.004 0.008 0.010 0.923 0.004 
 63 QAc-G-0035    (0)   :  0.006 0.004 0.004 0.006 0.009 0.005 0.959 0.006 
 64 QAc-G-0036    (0)   :  0.010 0.012 0.006 0.015 0.005 0.004 0.935 0.013 
 65 QAc-G-0037    (0)   :  0.006 0.003 0.010 0.005 0.005 0.003 0.954 0.014 
 66 QAc-G-0038    (0)   :  0.003 0.004 0.002 0.003 0.003 0.003 0.979 0.003 
 67 QAc-G-0039    (0)   :  0.012 0.022 0.026 0.004 0.004 0.011 0.914 0.006 
 68 QAc-G-0040    (0)   :  0.012 0.065 0.006 0.010 0.003 0.006 0.838 0.059 
 69 QAc-G-0041    (0)   :  0.006 0.023 0.003 0.020 0.031 0.003 0.911 0.003 
 70 QAc-G-0042    (0)   :  0.004 0.005 0.003 0.004 0.005 0.006 0.967 0.007 
 71 QAc-G-0043    (0)   :  0.005 0.004 0.007 0.004 0.003 0.003 0.970 0.005 
 72 QAc-G-0044    (0)   :  0.006 0.006 0.003 0.005 0.025 0.016 0.930 0.009 
 73 QAc-G-0045    (0)   :  0.006 0.008 0.023 0.004 0.010 0.005 0.939 0.006 
 74 QAc-G-0046    (0)   :  0.016 0.017 0.047 0.006 0.004 0.004 0.905 0.002 
 75 QAc-G-0047    (0)   :  0.009 0.007 0.031 0.004 0.006 0.015 0.924 0.005 
 76 QAc-G-0048    (0)   :  0.005 0.009 0.003 0.005 0.006 0.004 0.966 0.004 
 77 QAc-G-0049    (0)   :  0.003 0.003 0.979 0.003 0.003 0.002 0.002 0.005 
 78 QAc-G-0050    (0)   :  0.917 0.017 0.020 0.006 0.004 0.017 0.004 0.015 
 79 QAc-G-0051    (0)   :  0.003 0.003 0.979 0.005 0.002 0.003 0.002 0.003 
 80 QAc-G-0052    (0)   :  0.024 0.015 0.904 0.004 0.031 0.006 0.013 0.003 
 81 QAc-G-0053    (0)   :  0.008 0.003 0.949 0.006 0.005 0.002 0.017 0.010 
 82 QAc-G-0054    (0)   :  0.894 0.019 0.053 0.003 0.004 0.012 0.009 0.005 
 83 QAc-G-0055    (0)   :  0.720 0.008 0.222 0.006 0.003 0.029 0.008 0.005 
 84 QAc-G-0056    (0)   :  0.904 0.039 0.011 0.005 0.008 0.009 0.009 0.014 
 85 QAc-G-0057    (0)   :  0.003 0.003 0.976 0.005 0.002 0.004 0.003 0.004 
 86 QAc-G-0058    (6)   :  0.003 0.003 0.978 0.004 0.003 0.003 0.003 0.003 
 87 QAc-G-0059    (0)   :  0.868 0.007 0.108 0.003 0.003 0.004 0.005 0.003 
 88 QAc-G-0060    (6)   :  0.073 0.007 0.865 0.009 0.014 0.006 0.012 0.014 
 89 QAc-G-0276    (0)   :  0.007 0.005 0.009 0.627 0.003 0.005 0.018 0.328 
 90 QAc-G-0279    (0)   :  0.003 0.003 0.005 0.004 0.002 0.003 0.003 0.977 
 91 QAc-G-0280    (6)   :  0.004 0.004 0.003 0.005 0.003 0.003 0.007 0.971 
 92 QAc-G-0281    (0)   :  0.004 0.003 0.972 0.003 0.004 0.003 0.004 0.007 
 93 QAc-G-0018    (0)   :  0.025 0.011 0.032 0.005 0.006 0.021 0.896 0.006 
 94 QAc-G-0019    (0)   :  0.006 0.007 0.004 0.013 0.091 0.004 0.859 0.016 
 95 QAc-G-0020    (0)   :  0.036 0.004 0.005 0.004 0.004 0.003 0.943 0.002 
 96 QAc-G-0021    (6)   :  0.006 0.003 0.007 0.003 0.013 0.003 0.962 0.003 
 97 QAc-G-0022    (6)   :  0.036 0.093 0.022 0.015 0.051 0.011 0.768 0.005 
 98 QAc-G-0023    (0)   :  0.003 0.003 0.976 0.006 0.002 0.003 0.003 0.003 
 99 QAc-G-0024    (0)   :  0.003 0.003 0.975 0.003 0.003 0.004 0.006 0.003 
100 QAc-G-0016    (0)   :  0.893 0.007 0.032 0.005 0.004 0.042 0.009 0.010 
101 QAc-G-0017    (0)   :  0.020 0.009 0.004 0.006 0.211 0.736 0.009 0.005 
102 QAc-G-0250    (0)   :  0.587 0.013 0.008 0.239 0.007 0.033 0.015 0.098 
103 QAc-G-0003    (6)   :  0.004 0.005 0.005 0.011 0.003 0.003 0.004 0.965 
104 QAc-G-0004    (0)   :  0.027 0.007 0.010 0.008 0.006 0.898 0.042 0.003 
105 QAc-G-0005    (0)   :  0.003 0.003 0.003 0.003 0.980 0.003 0.003 0.003 
106 QAc-G-0006    (6)   :  0.078 0.015 0.004 0.015 0.003 0.866 0.014 0.005 
107 QAc-G-0283    (0)   :  0.431 0.383 0.004 0.129 0.004 0.039 0.007 0.003 
108 QAc-G-0265    (0)   :  0.276 0.011 0.163 0.483 0.006 0.029 0.028 0.004 
109 QAc-G-0266    (0)   :  0.003 0.002 0.980 0.004 0.002 0.002 0.003 0.005 
110 QAc-G-0267    (0)   :  0.011 0.010 0.006 0.625 0.122 0.005 0.217 0.004 
111 QAc-G-0268   (20)   :  0.407 0.005 0.005 0.007 0.010 0.010 0.006 0.550 
112 QAc-G-0269    (0)   :  0.003 0.002 0.004 0.003 0.003 0.003 0.004 0.979 
113 QAc-G-0270    (6)   :  0.005 0.005 0.004 0.005 0.009 0.003 0.964 0.006 
114 QAc-G-0271    (0)   :  0.084 0.009 0.004 0.006 0.095 0.012 0.787 0.004 
115 QAc-G-0272    (6)   :  0.009 0.006 0.006 0.010 0.003 0.007 0.944 0.015 
116 QAc-G-0273    (0)   :  0.006 0.005 0.965 0.004 0.006 0.005 0.004 0.004 
117 QAc-G-0274    (0)   :  0.002 0.003 0.002 0.002 0.983 0.002 0.003 0.002 
118 QAc-G-0251    (6)   :  0.007 0.007 0.005 0.004 0.014 0.012 0.946 0.004 
119 QAc-G-0252    (0)   :  0.008 0.013 0.005 0.004 0.005 0.011 0.950 0.005 
120 QAc-G-0253    (0)   :  0.005 0.004 0.974 0.004 0.003 0.003 0.004 0.005 
121 QAc-G-0254    (0)   :  0.002 0.003 0.982 0.003 0.003 0.002 0.002 0.003 
122 QAc-G-0255    (0)   :  0.016 0.008 0.005 0.008 0.008 0.938 0.013 0.004 
123 QAc-G-0256    (0)   :  0.005 0.003 0.004 0.006 0.008 0.959 0.006 0.008 
124 QAc-G-0257    (0)   :  0.022 0.054 0.008 0.006 0.047 0.851 0.009 0.003 
125 QAc-G-0258    (0)   :  0.008 0.003 0.003 0.004 0.006 0.969 0.005 0.003 
126 QAc-G-0259    (0)   :  0.972 0.007 0.002 0.002 0.002 0.009 0.004 0.002 
127 QAc-G-0260    (0)   :  0.783 0.054 0.008 0.013 0.055 0.039 0.016 0.033 
128 QAc-G-0261    (0)   :  0.503 0.009 0.004 0.004 0.412 0.055 0.009 0.004 
129 QAc-G-0262    (0)   :  0.726 0.014 0.006 0.016 0.028 0.192 0.006 0.012 
130 QAc-G-0010    (0)   :  0.010 0.010 0.011 0.913 0.005 0.003 0.012 0.035 
131 QAc-G-0011    (0)   :  0.009 0.967 0.004 0.003 0.004 0.003 0.006 0.003 
132 QAc-G-0015    (0)   :  0.029 0.030 0.806 0.016 0.006 0.094 0.014 0.003 
133 QAc-G-0106    (0)   :  0.018 0.007 0.002 0.002 0.032 0.927 0.009 0.002 
134 QAc-G-0107    (0)   :  0.012 0.005 0.008 0.008 0.003 0.955 0.004 0.006 
135 QAc-G-0108    (0)   :  0.005 0.004 0.002 0.003 0.005 0.970 0.006 0.006 
136 QAc-G-0109    (0)   :  0.078 0.029 0.010 0.008 0.031 0.832 0.007 0.005 
137 QAc-G-0110    (0)   :  0.022 0.014 0.008 0.021 0.003 0.820 0.035 0.077 
138 QAc-G-0111    (0)   :  0.010 0.008 0.005 0.018 0.005 0.939 0.011 0.005 
139 QAc-G-0112    (0)   :  0.021 0.003 0.009 0.014 0.003 0.921 0.004 0.025 
140 QAc-G-0113    (0)   :  0.079 0.006 0.023 0.014 0.022 0.841 0.006 0.009 
141 QAc-G-0114    (0)   :  0.037 0.006 0.016 0.012 0.003 0.870 0.042 0.014 
142 QAc-G-0115    (0)   :  0.011 0.005 0.004 0.004 0.006 0.957 0.005 0.009 
143 QAc-G-0116    (0)   :  0.008 0.006 0.006 0.011 0.006 0.948 0.004 0.010 
144 QAc-G-0117    (0)   :  0.182 0.013 0.012 0.049 0.071 0.451 0.217 0.005 
145 QAc-G-0118    (0)   :  0.008 0.010 0.002 0.014 0.024 0.934 0.005 0.003 
146 QAc-G-0119    (0)   :  0.014 0.004 0.005 0.003 0.023 0.933 0.017 0.002 
147 QAc-G-0120    (0)   :  0.079 0.011 0.007 0.007 0.005 0.874 0.011 0.006 
148 QAc-G-0121    (0)   :  0.005 0.003 0.003 0.004 0.963 0.007 0.008 0.007 
149 QAc-G-0122    (0)   :  0.005 0.005 0.004 0.010 0.926 0.009 0.007 0.035 
150 QAc-G-0123    (0)   :  0.002 0.002 0.002 0.002 0.983 0.002 0.004 0.002 
151 QAc-G-0124    (6)   :  0.003 0.004 0.003 0.003 0.975 0.004 0.004 0.003 
152 QAc-G-0125    (0)   :  0.342 0.036 0.046 0.042 0.490 0.029 0.006 0.010 
153 QAc-G-0126    (0)   :  0.599 0.018 0.010 0.005 0.222 0.127 0.013 0.006 
154 QAc-G-0127    (0)   :  0.005 0.009 0.005 0.004 0.959 0.008 0.007 0.004 
155 QAc-G-0128    (0)   :  0.003 0.003 0.003 0.003 0.977 0.003 0.003 0.005 
156 QAc-G-0129    (0)   :  0.002 0.002 0.002 0.002 0.982 0.003 0.003 0.003 
157 QAc-G-0130    (0)   :  0.006 0.015 0.002 0.007 0.926 0.033 0.007 0.003 
158 QAc-G-0131    (0)   :  0.004 0.004 0.004 0.003 0.969 0.004 0.007 0.005 
159 QAc-G-0132    (0)   :  0.027 0.007 0.014 0.019 0.742 0.171 0.006 0.014 
160 QAc-G-0133    (0)   :  0.004 0.003 0.004 0.005 0.968 0.003 0.009 0.004 
161 QAc-G-0134    (0)   :  0.004 0.003 0.005 0.003 0.973 0.004 0.004 0.004 
162 QAc-G-0135    (0)   :  0.006 0.006 0.008 0.004 0.003 0.955 0.011 0.006 
163 QAc-G-0136    (0)   :  0.016 0.013 0.007 0.118 0.006 0.830 0.005 0.005 
164 QAc-G-0137    (0)   :  0.013 0.007 0.003 0.004 0.030 0.928 0.010 0.004 
165 QAc-G-0138    (0)   :  0.013 0.031 0.006 0.029 0.006 0.910 0.002 0.002 
166 QAc-G-0139    (0)   :  0.008 0.005 0.002 0.003 0.031 0.917 0.030 0.003 
167 QAc-G-0140    (6)   :  0.018 0.005 0.004 0.009 0.050 0.877 0.030 0.006 
168 QAc-G-0141    (0)   :  0.375 0.050 0.028 0.017 0.027 0.439 0.049 0.015 
169 QAc-G-0142    (0)   :  0.005 0.003 0.002 0.003 0.003 0.976 0.005 0.003 
170 QAc-G-0143    (0)   :  0.967 0.004 0.003 0.004 0.004 0.004 0.007 0.006 
171 QAc-G-0144    (6)   :  0.632 0.004 0.004 0.012 0.003 0.336 0.005 0.003 
172 QAc-G-0145    (0)   :  0.003 0.003 0.003 0.005 0.002 0.003 0.004 0.977 
173 QAc-G-0146    (0)   :  0.003 0.003 0.003 0.003 0.979 0.002 0.003 0.003 
174 QAc-G-0147    (0)   :  0.252 0.328 0.005 0.035 0.263 0.088 0.022 0.007 
175 QAc-G-0148    (0)   :  0.832 0.006 0.004 0.028 0.005 0.110 0.011 0.004 
176 QAc-G-0149    (0)   :  0.003 0.003 0.003 0.003 0.977 0.003 0.005 0.004 
177 QAc-G-0150    (0)   :  0.003 0.003 0.004 0.004 0.003 0.003 0.003 0.977 
178 QAc-G-0151    (0)   :  0.003 0.003 0.003 0.003 0.978 0.003 0.004 0.003 
179 QAc-G-0152    (0)   :  0.003 0.003 0.005 0.002 0.977 0.002 0.004 0.002 
180 QAc-G-0153    (0)   :  0.010 0.020 0.002 0.066 0.883 0.006 0.010 0.003 
181 QAc-G-0154    (0)   :  0.006 0.004 0.003 0.013 0.916 0.025 0.023 0.011 
182 QAc-G-0155    (0)   :  0.002 0.003 0.003 0.003 0.979 0.002 0.005 0.003 
183 QAc-G-0158    (0)   :  0.003 0.003 0.003 0.003 0.981 0.003 0.003 0.003 
184 QAc-G-0159    (0)   :  0.029 0.012 0.007 0.004 0.011 0.916 0.009 0.013 
185 QAc-G-0160    (0)   :  0.002 0.003 0.003 0.003 0.002 0.002 0.002 0.983 
186 QAc-G-0161    (0)   :  0.002 0.002 0.003 0.003 0.002 0.002 0.003 0.982 
187 QAc-G-0162    (0)   :  0.032 0.010 0.006 0.566 0.005 0.005 0.312 0.064 
188 QAc-G-0163    (0)   :  0.030 0.008 0.003 0.033 0.003 0.018 0.084 0.822 
189 QAc-G-0164    (0)   :  0.014 0.062 0.010 0.003 0.002 0.004 0.004 0.901 
190 QAc-G-0165    (0)   :  0.003 0.005 0.003 0.006 0.007 0.005 0.005 0.966 
191 QAc-G-0166    (0)   :  0.003 0.003 0.003 0.003 0.003 0.002 0.004 0.979 
192 QAc-G-0167    (0)   :  0.003 0.004 0.004 0.003 0.003 0.003 0.005 0.976 
193 QAc-G-0168    (0)   :  0.002 0.002 0.003 0.003 0.002 0.002 0.003 0.982 
194 QAc-G-0169    (6)   :  0.540 0.015 0.005 0.096 0.005 0.098 0.008 0.234 
195 QAc-G-0170    (0)   :  0.004 0.004 0.004 0.006 0.005 0.003 0.004 0.971 
196 QAc-G-0171    (0)   :  0.003 0.003 0.004 0.005 0.003 0.002 0.003 0.978 
197 QAc-G-0172    (0)   :  0.065 0.014 0.008 0.020 0.012 0.853 0.010 0.018 
198 QAc-G-0173    (0)   :  0.003 0.003 0.006 0.499 0.002 0.003 0.003 0.482 
199 QAc-G-0174    (0)   :  0.004 0.003 0.005 0.954 0.003 0.004 0.005 0.022 
200 QAc-G-0175    (0)   :  0.003 0.003 0.003 0.005 0.002 0.002 0.003 0.978 
201 QAc-G-0176    (0)   :  0.018 0.005 0.007 0.006 0.004 0.005 0.153 0.803 
202 QAc-G-0177    (0)   :  0.003 0.003 0.004 0.006 0.003 0.002 0.004 0.976 
203 QAc-G-0178    (0)   :  0.021 0.235 0.010 0.012 0.015 0.004 0.004 0.699 
204 QAc-G-0179    (6)   :  0.003 0.002 0.003 0.006 0.003 0.003 0.003 0.977 
205 QAc-G-0180    (0)   :  0.002 0.003 0.003 0.003 0.002 0.002 0.003 0.982 
206 QAc-G-0181    (0)   :  0.003 0.005 0.002 0.003 0.003 0.003 0.008 0.972 
207 QAc-G-0182    (0)   :  0.008 0.004 0.002 0.532 0.005 0.006 0.005 0.438 
208 QAc-G-0183    (6)   :  0.014 0.004 0.007 0.014 0.004 0.009 0.003 0.946 
209 QAc-G-0184    (0)   :  0.002 0.003 0.003 0.004 0.003 0.003 0.003 0.979 
210 QAc-G-0185    (0)   :  0.013 0.115 0.006 0.061 0.038 0.009 0.010 0.747 
211 QAc-G-0186    (0)   :  0.004 0.006 0.002 0.004 0.003 0.003 0.008 0.970 
212 QAc-G-0187    (0)   :  0.020 0.124 0.039 0.004 0.005 0.005 0.015 0.788 
213 QAc-G-0188    (0)   :  0.220 0.006 0.003 0.014 0.005 0.499 0.032 0.221 
214 QAc-G-0189    (0)   :  0.005 0.007 0.012 0.038 0.002 0.005 0.003 0.929 
215 QAc-G-0190    (0)   :  0.003 0.004 0.004 0.004 0.004 0.002 0.004 0.975 
216 QAc-G-0191    (0)   :  0.003 0.003 0.004 0.005 0.004 0.003 0.004 0.974 
217 QAc-G-0192    (0)   :  0.002 0.002 0.003 0.003 0.003 0.002 0.002 0.982 
218 QAc-G-0193    (0)   :  0.003 0.004 0.003 0.003 0.004 0.003 0.004 0.976 
219 QAc-G-0194    (0)   :  0.004 0.005 0.004 0.005 0.003 0.003 0.006 0.970 
220 QAc-G-0195    (0)   :  0.004 0.004 0.016 0.894 0.003 0.004 0.009 0.066 
221 QAc-G-0196    (0)   :  0.004 0.004 0.005 0.317 0.002 0.002 0.004 0.662 
222 QAc-G-0197    (0)   :  0.002 0.002 0.003 0.003 0.002 0.002 0.003 0.982 
223 QAc-G-0198    (0)   :  0.003 0.003 0.003 0.005 0.003 0.003 0.004 0.977 
224 QAc-G-0199    (0)   :  0.025 0.107 0.006 0.131 0.018 0.005 0.014 0.695 
225 QAc-G-0200    (0)   :  0.004 0.005 0.003 0.005 0.002 0.003 0.007 0.970 
226 QAc-G-0201    (0)   :  0.009 0.004 0.004 0.525 0.002 0.002 0.004 0.452 
227 QAc-G-0202    (6)   :  0.003 0.003 0.013 0.433 0.003 0.006 0.004 0.535 
228 QAc-G-0203    (0)   :  0.009 0.002 0.014 0.004 0.002 0.006 0.005 0.957 
229 QAc-G-0204    (0)   :  0.003 0.003 0.004 0.006 0.003 0.003 0.005 0.973 
230 QAc-G-0205    (0)   :  0.002 0.002 0.983 0.003 0.002 0.002 0.002 0.003 
231 QAc-G-0206    (0)   :  0.148 0.007 0.764 0.005 0.005 0.047 0.021 0.003 
232 QAc-G-0207    (0)   :  0.009 0.009 0.955 0.004 0.005 0.005 0.006 0.007 
233 QAc-G-0208    (0)   :  0.003 0.003 0.979 0.003 0.003 0.003 0.003 0.003 
234 QAc-G-0209    (0)   :  0.004 0.004 0.974 0.005 0.002 0.003 0.003 0.006 
235 QAc-G-0210    (0)   :  0.004 0.003 0.980 0.002 0.002 0.003 0.003 0.003 
236 QAc-G-0211    (0)   :  0.005 0.003 0.976 0.003 0.004 0.003 0.002 0.003 
237 QAc-G-0212    (0)   :  0.003 0.003 0.979 0.003 0.003 0.002 0.004 0.004 
238 QAc-G-0213    (0)   :  0.003 0.004 0.976 0.003 0.003 0.002 0.005 0.005 
239 QAc-G-0214    (0)   :  0.002 0.002 0.981 0.004 0.002 0.002 0.003 0.004 
240 QAc-G-0215    (0)   :  0.005 0.004 0.975 0.003 0.003 0.003 0.004 0.003 
241 QAc-G-0216    (0)   :  0.294 0.006 0.092 0.442 0.005 0.122 0.019 0.019 
242 QAc-G-0217    (0)   :  0.006 0.007 0.951 0.012 0.010 0.006 0.005 0.003 
243 QAc-G-0218    (0)   :  0.005 0.008 0.966 0.003 0.004 0.002 0.006 0.005 
244 QAc-G-0219    (0)   :  0.034 0.008 0.866 0.006 0.024 0.024 0.027 0.009 
245 QAc-G-0220    (0)   :  0.071 0.007 0.901 0.003 0.005 0.006 0.004 0.003 
246 QAc-G-0221    (0)   :  0.010 0.029 0.905 0.021 0.012 0.007 0.012 0.005 
247 QAc-G-0222    (0)   :  0.003 0.003 0.979 0.003 0.002 0.002 0.003 0.004 
248 QAc-G-0223    (0)   :  0.004 0.007 0.971 0.003 0.005 0.004 0.005 0.003 
249 QAc-G-0224    (0)   :  0.005 0.005 0.974 0.003 0.003 0.003 0.003 0.005 
250 QAc-G-0226    (0)   :  0.003 0.003 0.978 0.003 0.003 0.003 0.004 0.003 
251 QAc-G-0227    (0)   :  0.005 0.004 0.004 0.006 0.017 0.005 0.954 0.005 
252 QAc-G-0228    (6)   :  0.005 0.005 0.006 0.005 0.003 0.004 0.968 0.004 
253 QAc-G-0229    (0)   :  0.012 0.011 0.007 0.011 0.004 0.012 0.938 0.005 
254 QAc-G-0230    (0)   :  0.006 0.005 0.019 0.006 0.003 0.012 0.944 0.005 
255 QAc-G-0231    (0)   :  0.004 0.003 0.971 0.003 0.004 0.003 0.003 0.008 
256 QAc-G-0232    (0)   :  0.005 0.010 0.003 0.002 0.009 0.004 0.964 0.002 
257 QAc-G-0233    (0)   :  0.205 0.171 0.020 0.004 0.006 0.003 0.585 0.005 
258 QAc-G-0234    (0)   :  0.007 0.014 0.005 0.020 0.005 0.004 0.933 0.013 
259 QAc-G-0235    (0)   :  0.021 0.008 0.007 0.027 0.002 0.925 0.006 0.003 
260 QAc-G-0236    (0)   :  0.004 0.004 0.004 0.005 0.009 0.004 0.964 0.005 
261 QAc-G-0237    (0)   :  0.008 0.011 0.017 0.005 0.015 0.009 0.923 0.012 
262 QAc-G-0238    (0)   :  0.005 0.004 0.007 0.005 0.004 0.003 0.967 0.005 
263 QAc-G-0239    (0)   :  0.010 0.006 0.004 0.004 0.003 0.004 0.964 0.004 
264 QAc-G-0240    (0)   :  0.005 0.005 0.002 0.003 0.006 0.006 0.969 0.003 
265 QAc-G-0241    (0)   :  0.020 0.027 0.009 0.037 0.005 0.023 0.872 0.006 
266 QAc-G-0242    (0)   :  0.010 0.014 0.008 0.003 0.009 0.004 0.948 0.004 
267 QAc-G-0243    (0)   :  0.043 0.127 0.019 0.008 0.053 0.010 0.737 0.003 
268 QAc-G-0244    (0)   :  0.013 0.005 0.007 0.007 0.004 0.011 0.946 0.006 
269 QAc-G-0245    (0)   :  0.004 0.005 0.003 0.006 0.014 0.005 0.958 0.005 
270 QAc-G-0246    (0)   :  0.007 0.006 0.004 0.003 0.006 0.006 0.961 0.008 
271 QAc-G-0247    (0)   :  0.005 0.006 0.004 0.003 0.003 0.003 0.972 0.003 
272 QAc-G-0248    (0)   :  0.004 0.003 0.003 0.003 0.003 0.004 0.977 0.002 
273 QAc-G-0249    (0)   :  0.017 0.936 0.008 0.007 0.002 0.008 0.010 0.012 
274 QAc-G-0025    (0)   :  0.003 0.003 0.979 0.003 0.003 0.003 0.004 0.004 
275 QAc-G-0028    (0)   :  0.015 0.069 0.026 0.004 0.003 0.003 0.874 0.006 
276 QAc-G-0275    (0)   :  0.005 0.003 0.964 0.004 0.002 0.004 0.005 0.013 
277 QAc-G-0263    (0)   :  0.263 0.214 0.016 0.476 0.005 0.010 0.004 0.012 
278 QAc-W-0001    (0)   :  0.006 0.005 0.005 0.004 0.039 0.018 0.920 0.003 
279 QAc-W-0002    (0)   :  0.014 0.013 0.004 0.007 0.003 0.019 0.918 0.022 
280 QAc-W-0003    (0)   :  0.017 0.006 0.036 0.042 0.010 0.025 0.858 0.006 
281 QAc-W-0004    (0)   :  0.004 0.006 0.009 0.004 0.005 0.003 0.963 0.006 
282 QAc-W-0005    (0)   :  0.006 0.010 0.004 0.014 0.013 0.005 0.940 0.007 
283 QAc-W-0006    (0)   :  0.006 0.008 0.006 0.003 0.006 0.009 0.957 0.005 
284 QAc-W-0007   (13)   :  0.004 0.007 0.005 0.004 0.005 0.004 0.968 0.004 
285 QAc-W-0008    (6)   :  0.032 0.039 0.003 0.005 0.003 0.008 0.906 0.004 
286 QAc-W-0009    (0)   :  0.048 0.023 0.006 0.005 0.007 0.072 0.827 0.013 
287 QAc-W-0010    (0)   :  0.036 0.066 0.005 0.060 0.018 0.013 0.796 0.006 
288 QAc-W-0011    (0)   :  0.013 0.005 0.007 0.016 0.019 0.016 0.878 0.046 
289 QAc-W-0012    (0)   :  0.009 0.006 0.005 0.004 0.005 0.005 0.952 0.014 
290 QAc-W-0013    (0)   :  0.010 0.005 0.115 0.004 0.004 0.059 0.794 0.008 
291 QAc-W-0014    (0)   :  0.006 0.026 0.004 0.008 0.004 0.004 0.944 0.003 
292 QAc-W-0015    (0)   :  0.015 0.031 0.030 0.142 0.004 0.023 0.738 0.016 
293 QAc-W-0016    (0)   :  0.129 0.098 0.011 0.022 0.003 0.020 0.709 0.008 
294 QAc-W-0017    (0)   :  0.316 0.147 0.028 0.136 0.013 0.084 0.263 0.013 
295 QAc-W-0018    (0)   :  0.165 0.021 0.028 0.003 0.010 0.027 0.743 0.003 
296 QAc-W-0019    (0)   :  0.005 0.011 0.005 0.006 0.005 0.008 0.954 0.006 
297 QAc-W-0020    (0)   :  0.025 0.005 0.003 0.007 0.049 0.007 0.900 0.004 
298 QAc-W-0021    (0)   :  0.149 0.048 0.254 0.004 0.011 0.071 0.451 0.013 
299 QAc-W-0022    (0)   :  0.108 0.206 0.021 0.103 0.007 0.021 0.526 0.009 
300 QAc-W-0023    (6)   :  0.044 0.087 0.034 0.006 0.068 0.232 0.525 0.003 
301 QAc-W-0024    (0)   :  0.088 0.020 0.209 0.006 0.008 0.024 0.606 0.038 
302 QAc-W-0025    (0)   :  0.005 0.004 0.004 0.003 0.004 0.004 0.972 0.004 
303 QAc-W-0026    (0)   :  0.043 0.053 0.052 0.027 0.105 0.014 0.660 0.046 
304 QAc-W-0027    (0)   :  0.008 0.011 0.004 0.004 0.003 0.009 0.954 0.008 
305 QAc-W-0028    (0)   :  0.005 0.005 0.003 0.005 0.004 0.005 0.968 0.005 
306 QAc-W-0029    (0)   :  0.010 0.005 0.006 0.003 0.008 0.010 0.955 0.003 
307 QAc-W-0030    (0)   :  0.005 0.004 0.004 0.006 0.007 0.004 0.962 0.008 
308 QAc-W-0031    (0)   :  0.007 0.006 0.066 0.003 0.003 0.008 0.902 0.004 
309 QAc-W-0032    (0)   :  0.004 0.011 0.004 0.003 0.010 0.003 0.964 0.002 
310 QAc-W-0033    (0)   :  0.201 0.037 0.010 0.005 0.019 0.006 0.717 0.005 
311 QAc-W-0034    (0)   :  0.007 0.007 0.004 0.003 0.005 0.020 0.950 0.004 
312 QAc-W-0035    (0)   :  0.027 0.032 0.016 0.018 0.004 0.006 0.871 0.025 
313 QAc-W-0036    (0)   :  0.008 0.009 0.003 0.005 0.041 0.010 0.922 0.003 
314 QAc-W-0037    (0)   :  0.006 0.006 0.010 0.005 0.011 0.004 0.937 0.021 
315 QAc-W-0038    (0)   :  0.014 0.007 0.005 0.020 0.014 0.010 0.919 0.011 
316 QAc-W-0039    (0)   :  0.006 0.008 0.010 0.007 0.031 0.012 0.912 0.016 
317 QAc-W-0040    (0)   :  0.081 0.188 0.009 0.010 0.019 0.007 0.677 0.009 
318 QAc-W-0041    (0)   :  0.027 0.014 0.055 0.005 0.004 0.032 0.849 0.015 
319 QAc-W-0042    (0)   :  0.031 0.007 0.012 0.007 0.191 0.709 0.021 0.021 
320 QAc-W-0043    (0)   :  0.008 0.006 0.007 0.008 0.008 0.916 0.020 0.026 
321 QAc-W-0044    (0)   :  0.036 0.078 0.006 0.049 0.257 0.445 0.108 0.021 
322 QAc-W-0045    (0)   :  0.020 0.006 0.007 0.005 0.014 0.928 0.011 0.009 
323 QAc-W-0046    (0)   :  0.008 0.006 0.012 0.004 0.010 0.930 0.012 0.017 
324 QAc-W-0047    (0)   :  0.009 0.018 0.003 0.026 0.027 0.870 0.039 0.008 
325 QAc-W-0048    (0)   :  0.013 0.005 0.006 0.005 0.038 0.918 0.011 0.004 
326 QAc-W-0049    (0)   :  0.008 0.004 0.007 0.003 0.048 0.919 0.007 0.004 
327 QAc-W-0050    (0)   :  0.793 0.012 0.009 0.006 0.007 0.163 0.005 0.006 
328 QAc-W-0051    (0)   :  0.793 0.005 0.006 0.048 0.023 0.109 0.009 0.006 
329 QAc-W-0052    (0)   :  0.003 0.003 0.002 0.003 0.977 0.003 0.004 0.004 
330 QAc-W-0053    (0)   :  0.006 0.009 0.004 0.005 0.011 0.948 0.013 0.004 
331 QAc-W-0054    (0)   :  0.685 0.079 0.005 0.064 0.042 0.040 0.011 0.073 
332 QAc-W-0055    (0)   :  0.466 0.021 0.027 0.114 0.007 0.045 0.007 0.312 
333 QAc-W-0056    (0)   :  0.900 0.010 0.014 0.013 0.008 0.008 0.042 0.005 
334 QAc-W-0057    (0)   :  0.607 0.011 0.049 0.145 0.008 0.163 0.013 0.005 
335 QAc-W-0058    (0)   :  0.448 0.004 0.141 0.019 0.008 0.364 0.005 0.010 
336 QAc-W-0059    (0)   :  0.003 0.003 0.002 0.004 0.004 0.977 0.003 0.003 
337 QAc-W-0060    (0)   :  0.009 0.007 0.003 0.893 0.049 0.008 0.019 0.011 
338 QAc-W-0061    (0)   :  0.028 0.044 0.014 0.761 0.004 0.046 0.022 0.082 
339 QAc-W-0062    (0)   :  0.005 0.008 0.006 0.951 0.017 0.003 0.004 0.008 
340 QAc-W-0063    (0)   :  0.012 0.016 0.010 0.922 0.013 0.005 0.010 0.011 
341 QAc-W-0064    (0)   :  0.008 0.008 0.006 0.946 0.004 0.004 0.010 0.014 
342 QAc-W-0065    (0)   :  0.033 0.036 0.007 0.887 0.006 0.012 0.014 0.005 
343 QAc-W-0066    (0)   :  0.002 0.003 0.004 0.003 0.002 0.002 0.003 0.980 
344 QAc-W-0067    (0)   :  0.002 0.003 0.003 0.003 0.003 0.002 0.002 0.981 
345 QAc-W-0068    (0)   :  0.003 0.002 0.002 0.005 0.002 0.002 0.003 0.981 
346 QAc-W-0069    (0)   :  0.002 0.003 0.003 0.006 0.002 0.002 0.003 0.978 
347 QAc-W-0070    (0)   :  0.003 0.003 0.003 0.392 0.002 0.003 0.003 0.592 
348 QAc-W-0071    (6)   :  0.005 0.005 0.014 0.718 0.004 0.005 0.005 0.245 
349 QAc-W-0072    (0)   :  0.015 0.125 0.010 0.826 0.004 0.003 0.012 0.004 
350 QAc-W-0073    (0)   :  0.011 0.008 0.007 0.919 0.007 0.036 0.009 0.004 
351 QAc-W-0074    (0)   :  0.003 0.004 0.003 0.977 0.003 0.003 0.003 0.004 
352 QAc-W-0075    (0)   :  0.003 0.003 0.005 0.965 0.002 0.003 0.003 0.016 
353 QAc-W-0076    (0)   :  0.005 0.025 0.006 0.951 0.002 0.004 0.004 0.004 
354 QAc-W-0077    (0)   :  0.007 0.004 0.004 0.832 0.004 0.009 0.006 0.134 
355 QAc-W-0078    (0)   :  0.128 0.144 0.606 0.010 0.017 0.008 0.050 0.039 
356 QAc-W-0079    (6)   :  0.005 0.009 0.928 0.008 0.005 0.008 0.012 0.025 
357 QAc-W-0080   (13)   :  0.010 0.005 0.935 0.003 0.002 0.010 0.029 0.005 
358 QAc-W-0081    (0)   :  0.006 0.004 0.966 0.004 0.007 0.004 0.006 0.003 
359 QAc-W-0082    (0)   :  0.664 0.005 0.284 0.006 0.002 0.030 0.006 0.003 
360 QAc-W-0083    (0)   :  0.010 0.031 0.855 0.052 0.014 0.011 0.015 0.012 
361 QAc-W-0084    (0)   :  0.004 0.004 0.970 0.003 0.006 0.003 0.006 0.004 
362 QAc-W-0085    (0)   :  0.007 0.004 0.972 0.003 0.004 0.003 0.003 0.005 
363 QAc-W-0086    (0)   :  0.005 0.008 0.966 0.003 0.004 0.004 0.005 0.006 
364 QAc-W-0087    (0)   :  0.008 0.014 0.948 0.003 0.003 0.009 0.007 0.008 
365 QAc-W-0088    (0)   :  0.027 0.006 0.916 0.003 0.003 0.035 0.005 0.004 
366 QAc-W-0089    (0)   :  0.005 0.003 0.969 0.004 0.003 0.003 0.006 0.006 
367 QAc-W-0090    (0)   :  0.004 0.003 0.971 0.003 0.003 0.003 0.006 0.006 
368 QAc-W-0091    (0)   :  0.023 0.011 0.927 0.007 0.011 0.011 0.006 0.005 
369 QAc-W-0092    (0)   :  0.007 0.006 0.684 0.004 0.254 0.007 0.029 0.009 
370 QAc-W-0093    (0)   :  0.118 0.046 0.685 0.006 0.007 0.053 0.082 0.002 
371 QAc-W-0094    (0)   :  0.077 0.013 0.562 0.037 0.251 0.019 0.038 0.003 
372 QAc-W-0095    (0)   :  0.010 0.007 0.888 0.018 0.050 0.009 0.016 0.003 
373 QAc-W-0096    (0)   :  0.033 0.016 0.734 0.046 0.113 0.029 0.023 0.007 
374 QAc-W-0097    (0)   :  0.148 0.006 0.624 0.007 0.006 0.124 0.076 0.008 
375 QAc-W-0098    (0)   :  0.007 0.004 0.964 0.003 0.005 0.009 0.005 0.003 
376 QAc-W-0099    (0)   :  0.244 0.076 0.625 0.005 0.011 0.015 0.019 0.004 
377 QAc-W-0100    (0)   :  0.013 0.009 0.957 0.004 0.003 0.005 0.005 0.003 
378 QAc-W-0101    (0)   :  0.007 0.011 0.923 0.008 0.003 0.004 0.006 0.038 
379 QAc-W-0104    (0)   :  0.015 0.023 0.925 0.006 0.004 0.017 0.007 0.003 
380 QAc-W-0105    (0)   :  0.008 0.004 0.952 0.004 0.014 0.003 0.010 0.006 
381 QAc-W-0106    (0)   :  0.051 0.010 0.845 0.004 0.059 0.005 0.018 0.006 
382 QAc-W-0107    (0)   :  0.004 0.003 0.968 0.010 0.003 0.004 0.003 0.004 
383 QAc-W-0108    (0)   :  0.003 0.004 0.974 0.007 0.002 0.004 0.003 0.004 
384 QAc-W-0109    (0)   :  0.009 0.005 0.923 0.007 0.006 0.016 0.010 0.025 
385 QAc-W-0110   (13)   :  0.049 0.045 0.290 0.006 0.004 0.010 0.585 0.010 
386 QAc-W-0111    (6)   :  0.007 0.004 0.957 0.003 0.006 0.005 0.011 0.006 
387 QAc-W-0112   (13)   :  0.015 0.020 0.925 0.004 0.008 0.010 0.014 0.004 
388 QAc-W-0113   (13)   :  0.008 0.959 0.005 0.005 0.004 0.005 0.011 0.003 
389 QAc-W-0114   (13)   :  0.009 0.932 0.017 0.004 0.007 0.021 0.005 0.004 
390 QAc-W-0115    (0)   :  0.005 0.962 0.005 0.006 0.005 0.003 0.009 0.005 
391 QAc-W-0116    (0)   :  0.012 0.934 0.004 0.004 0.014 0.014 0.015 0.002 
392 QAc-W-0117    (0)   :  0.006 0.968 0.003 0.004 0.003 0.007 0.006 0.004 
393 QAc-W-0118    (0)   :  0.011 0.915 0.014 0.028 0.004 0.006 0.005 0.018 
394 QAc-W-0119    (0)   :  0.008 0.961 0.004 0.003 0.006 0.004 0.007 0.007 
395 QAc-W-0120    (0)   :  0.016 0.937 0.006 0.011 0.003 0.006 0.009 0.012 
396 QAc-W-0121    (0)   :  0.012 0.917 0.003 0.009 0.002 0.007 0.006 0.042 
397 QAc-W-0122    (0)   :  0.013 0.939 0.004 0.006 0.005 0.021 0.010 0.003 
398 QAc-W-0123    (6)   :  0.033 0.901 0.011 0.011 0.013 0.012 0.009 0.010 
399 QAc-W-0124    (0)   :  0.024 0.712 0.041 0.136 0.009 0.004 0.062 0.012 
400 QAc-W-0125    (0)   :  0.007 0.947 0.011 0.006 0.010 0.006 0.005 0.007 
401 QAc-W-0126   (13)   :  0.027 0.913 0.019 0.007 0.011 0.010 0.006 0.006 
402 QAc-W-0127    (6)   :  0.007 0.965 0.003 0.005 0.005 0.005 0.006 0.004 
403 QAc-W-0128   (13)   :  0.010 0.913 0.036 0.005 0.003 0.011 0.010 0.012 
404 QAc-W-0129   (13)   :  0.025 0.872 0.005 0.013 0.004 0.022 0.053 0.006 
405 QAc-W-0130   (13)   :  0.011 0.939 0.007 0.004 0.003 0.008 0.022 0.006 
406 QAc-W-0131    (0)   :  0.027 0.902 0.006 0.010 0.041 0.004 0.005 0.005 
407 QAc-W-0132    (6)   :  0.012 0.853 0.014 0.025 0.020 0.005 0.025 0.046 
408 QAc-W-0133    (6)   :  0.371 0.441 0.043 0.015 0.005 0.006 0.006 0.114 
409 QAc-W-0134    (0)   :  0.004 0.970 0.004 0.005 0.005 0.005 0.004 0.004 
410 QAc-W-0135    (0)   :  0.006 0.894 0.005 0.014 0.003 0.007 0.059 0.012 
411 QAc-W-0136    (0)   :  0.004 0.970 0.003 0.003 0.009 0.003 0.004 0.003 
412 QAc-W-0137    (0)   :  0.004 0.975 0.002 0.005 0.004 0.003 0.004 0.003 
413 QAc-W-0138    (0)   :  0.004 0.975 0.003 0.003 0.004 0.003 0.005 0.003 
414 QAc-W-0139    (0)   :  0.019 0.657 0.036 0.238 0.008 0.005 0.031 0.006 
415 QAc-W-0140    (0)   :  0.012 0.850 0.006 0.005 0.003 0.084 0.035 0.005 
416 QAc-W-0141    (6)   :  0.018 0.884 0.006 0.007 0.004 0.014 0.052 0.016 
417 QAc-W-0142    (0)   :  0.005 0.967 0.003 0.009 0.002 0.004 0.004 0.006 
418 QAc-W-0143    (0)   :  0.010 0.961 0.006 0.005 0.004 0.007 0.005 0.003 
419 QAc-W-0144    (0)   :  0.019 0.847 0.005 0.005 0.007 0.108 0.007 0.003 
420 QAc-W-0145    (0)   :  0.018 0.960 0.003 0.005 0.003 0.005 0.004 0.003 
421 QAc-W-0146    (0)   :  0.004 0.962 0.005 0.003 0.005 0.003 0.013 0.004 
422 QAc-W-0147    (0)   :  0.004 0.973 0.004 0.007 0.002 0.003 0.004 0.002 
423 QAc-W-0148    (0)   :  0.004 0.968 0.003 0.006 0.005 0.003 0.007 0.003 
424 QAc-W-0149    (0)   :  0.018 0.910 0.008 0.005 0.011 0.035 0.009 0.003 
425 QAc-W-0150    (0)   :  0.010 0.893 0.016 0.006 0.011 0.005 0.053 0.007 
426 QAc-W-0151    (0)   :  0.006 0.958 0.005 0.004 0.005 0.005 0.012 0.004 
427 QAc-W-0152    (0)   :  0.005 0.965 0.003 0.009 0.003 0.005 0.005 0.004 
428 QAc-W-0153    (0)   :  0.782 0.033 0.034 0.047 0.005 0.018 0.074 0.005 
429 QAc-W-0154    (0)   :  0.030 0.921 0.004 0.004 0.003 0.005 0.031 0.003 
430 QAc-W-0155    (0)   :  0.004 0.973 0.003 0.005 0.003 0.004 0.005 0.003 
431 QAc-W-0156    (0)   :  0.011 0.853 0.076 0.004 0.012 0.004 0.036 0.004 
432 QAc-W-0157    (0)   :  0.069 0.847 0.003 0.015 0.035 0.011 0.010 0.009 
433 QAc-W-0158    (0)   :  0.004 0.891 0.030 0.007 0.004 0.004 0.039 0.020 
434 QAc-W-0159    (0)   :  0.008 0.959 0.005 0.003 0.007 0.005 0.006 0.007 
435 QAc-W-0160    (0)   :  0.015 0.936 0.005 0.006 0.005 0.003 0.027 0.003 
436 QAc-W-0161    (0)   :  0.016 0.812 0.004 0.002 0.104 0.008 0.050 0.004 
437 QAc-W-0162    (0)   :  0.008 0.796 0.003 0.150 0.015 0.019 0.003 0.006 
438 QAc-W-0163    (0)   :  0.023 0.939 0.004 0.005 0.005 0.014 0.005 0.004 
439 QAc-W-0164    (0)   :  0.008 0.957 0.004 0.012 0.006 0.004 0.004 0.005 
440 QAc-W-0165    (0)   :  0.033 0.901 0.002 0.011 0.010 0.005 0.006 0.031 
441 QAc-W-0166    (0)   :  0.006 0.951 0.004 0.005 0.006 0.004 0.020 0.004 


Estimated Allele Frequencies in each cluster
First column gives estimated ancestral frequencies


Locus 1 : 
21 alleles
0.5% missing data
 210   (0.114) 0.117 0.173 0.211 0.015 0.003 0.296 0.043 0.001 
 212   (0.103) 0.109 0.087 0.232 0.010 0.003 0.038 0.195 0.276 
 202   (0.049) 0.048 0.007 0.145 0.003 0.341 0.008 0.051 0.000 
 226   (0.078) 0.084 0.005 0.102 0.061 0.209 0.014 0.002 0.210 
 216   (0.078) 0.077 0.089 0.087 0.052 0.326 0.042 0.006 0.001 
 200   (0.196) 0.190 0.207 0.130 0.203 0.105 0.272 0.516 0.439 
 224   (0.037) 0.034 0.002 0.001 0.317 0.001 0.004 0.071 0.069 
 218   (0.042) 0.037 0.151 0.057 0.011 0.001 0.004 0.029 0.000 
 222   (0.025) 0.025 0.190 0.000 0.002 0.001 0.003 0.001 0.000 
 228   (0.014) 0.011 0.001 0.000 0.187 0.000 0.001 0.000 0.000 
 214   (0.078) 0.092 0.048 0.001 0.127 0.003 0.106 0.002 0.001 
 208   (0.042) 0.039 0.002 0.030 0.003 0.002 0.052 0.073 0.000 
 220   (0.020) 0.020 0.011 0.000 0.002 0.001 0.002 0.001 0.000 
 206   (0.037) 0.038 0.019 0.001 0.003 0.001 0.057 0.003 0.000 
 196   (0.011) 0.011 0.001 0.000 0.001 0.000 0.001 0.000 0.000 
 238   (0.011) 0.010 0.003 0.000 0.002 0.000 0.001 0.000 0.000 
 121   (0.011) 0.009 0.001 0.000 0.001 0.001 0.001 0.003 0.000 
 204   (0.015) 0.013 0.001 0.000 0.001 0.000 0.025 0.000 0.000 
 190   (0.011) 0.012 0.001 0.000 0.001 0.000 0.001 0.000 0.000 
 198   (0.015) 0.012 0.001 0.000 0.001 0.000 0.010 0.000 0.000 
 232   (0.014) 0.010 0.001 0.000 0.001 0.000 0.060 0.000 0.000 

Locus 2 : 
15 alleles
1.6% missing data
 171   (0.203) 0.208 0.066 0.145 0.044 0.411 0.522 0.337 0.002 
 175   (0.117) 0.123 0.021 0.246 0.028 0.130 0.034 0.036 0.150 
 185   (0.062) 0.060 0.220 0.146 0.035 0.002 0.006 0.009 0.001 
 181   (0.095) 0.094 0.006 0.350 0.048 0.003 0.099 0.103 0.444 
 179   (0.052) 0.046 0.281 0.001 0.390 0.332 0.013 0.004 0.004 
 173   (0.201) 0.202 0.194 0.065 0.121 0.106 0.101 0.337 0.397 
 177   (0.029) 0.026 0.059 0.000 0.303 0.004 0.003 0.001 0.000 
 183   (0.056) 0.055 0.092 0.019 0.003 0.001 0.136 0.002 0.001 
 187   (0.092) 0.103 0.026 0.002 0.021 0.003 0.058 0.070 0.001 
 189   (0.023) 0.018 0.025 0.000 0.001 0.001 0.002 0.100 0.000 
 191   (0.022) 0.018 0.001 0.026 0.002 0.006 0.021 0.001 0.000 
 163   (0.011) 0.012 0.001 0.000 0.001 0.000 0.001 0.000 0.000 
 165   (0.012) 0.013 0.001 0.000 0.001 0.000 0.001 0.000 0.000 
 193   (0.012) 0.012 0.001 0.000 0.001 0.000 0.001 0.000 0.000 
 169   (0.012) 0.009 0.007 0.000 0.001 0.000 0.001 0.000 0.000 

Locus 3 : 
7 alleles
2.5% missing data
 206   (0.827) 0.829 0.983 0.984 0.905 0.990 0.922 0.931 0.992 
 208   (0.063) 0.066 0.006 0.001 0.054 0.002 0.027 0.065 0.001 
 198   (0.013) 0.010 0.001 0.005 0.001 0.000 0.001 0.000 0.000 
 204   (0.051) 0.047 0.008 0.008 0.037 0.007 0.036 0.002 0.007 
 218   (0.018) 0.017 0.001 0.000 0.001 0.000 0.011 0.000 0.000 
 230   (0.013) 0.012 0.001 0.000 0.001 0.000 0.002 0.000 0.000 
 212   (0.017) 0.019 0.001 0.000 0.001 0.000 0.002 0.001 0.000 

Locus 4 : 
15 alleles
3.6% missing data
 165   (0.099) 0.098 0.008 0.626 0.354 0.003 0.029 0.121 0.003 
 173   (0.065) 0.081 0.004 0.318 0.004 0.002 0.014 0.002 0.001 
 163   (0.161) 0.163 0.303 0.006 0.109 0.005 0.298 0.106 0.001 
 167   (0.134) 0.136 0.160 0.014 0.011 0.541 0.082 0.192 0.001 
 161   (0.293) 0.280 0.451 0.011 0.502 0.443 0.407 0.523 0.981 
 153   (0.015) 0.011 0.001 0.000 0.001 0.000 0.001 0.011 0.000 
 171   (0.057) 0.067 0.008 0.002 0.003 0.002 0.038 0.002 0.001 
 179   (0.013) 0.013 0.001 0.000 0.001 0.000 0.001 0.001 0.000 
 157   (0.030) 0.026 0.002 0.001 0.002 0.001 0.036 0.036 0.000 
 149   (0.012) 0.010 0.001 0.000 0.001 0.000 0.009 0.000 0.000 
