

----------------------------------------------------
STRUCTURE by Pritchard, Stephens and Donnelly (2000)
     and Falush, Stephens and Pritchard (2003)
       Code by Pritchard, Falush and Hubisz
             Version 2.3.4 (Jul 2012)
----------------------------------------------------



Command line arguments:   bin\structure -m C:\Users\eschumacher\Documents\GitHub\GCC_QUAC_ZAIN\Data_Files\Structure_Files\QUAC\QUAC_woK_nopopinfo_garden_wild\QUAC_woK_nopopinfo_garden_wild\50-50\mainparams -e C:\Users\eschumacher\Documents\GitHub\GCC_QUAC_ZAIN\Data_Files\Structure_Files\QUAC\QUAC_woK_nopopinfo_garden_wild\QUAC_woK_nopopinfo_garden_wild\50-50\extraparams 
Input File:    C:\Users\eschumacher\Documents\GitHub\GCC_QUAC_ZAIN\Data_Files\Structure_Files\QUAC\QUAC_woK_nopopinfo_garden_wild\QUAC_woK_nopopinfo_garden_wild\project_data

Run parameters:
   441 individuals
   15 loci
   11 populations assumed
   50000 Burn-in period
   50000 Reps


--------------------------------------------
Overall proportion of membership of the
sample in each of the 11 clusters

Inferred Clusters
  1      2      3      4      5      6      7      8      9     10     11    
0.077  0.142  0.125  0.070  0.124  0.063  0.056  0.053  0.079  0.076  0.134  

--------------------------------------------

Allele-freq. divergence among pops (Net nucleotide distance),
computed using point estimates of P.

      1       2       3       4       5       6       7       8       9      10      11      
 1      -    0.1418  0.0764  0.1171  0.1275  0.0974  0.0384  0.0446  0.1089  0.1705  0.0743  
 2   0.1418     -    0.1299  0.1692  0.1413  0.0956  0.0958  0.1084  0.1541  0.1917  0.1051  
 3   0.0764  0.1299     -    0.1029  0.0964  0.0855  0.0299  0.0583  0.0891  0.1603  0.0564  
 4   0.1171  0.1692  0.1029     -    0.1578  0.1431  0.0835  0.0868  0.1369  0.2242  0.0961  
 5   0.1275  0.1413  0.0964  0.1578     -    0.1171  0.0669  0.1112  0.1259  0.0819  0.0997  
 6   0.0974  0.0956  0.0855  0.1431  0.1171     -    0.0615  0.0825  0.1349  0.1414  0.0913  
 7   0.0384  0.0958  0.0299  0.0835  0.0669  0.0615     -    0.0319  0.0550  0.1186  0.0317  
 8   0.0446  0.1084  0.0583  0.0868  0.1112  0.0825  0.0319     -    0.0997  0.1686  0.0582  
 9   0.1089  0.1541  0.0891  0.1369  0.1259  0.1349  0.0550  0.0997     -    0.1725  0.0544  
10   0.1705  0.1917  0.1603  0.2242  0.0819  0.1414  0.1186  0.1686  0.1725     -    0.1487  
11   0.0743  0.1051  0.0564  0.0961  0.0997  0.0913  0.0317  0.0582  0.0544  0.1487     -    

Average distances (expected heterozygosity) between individuals in same cluster:
cluster  1  : 0.6087 
cluster  2  : 0.4000 
cluster  3  : 0.5530 
cluster  4  : 0.4634 
cluster  5  : 0.5029 
cluster  6  : 0.5106 
cluster  7  : 0.6941 
cluster  8  : 0.6018 
cluster  9  : 0.5374 
cluster 10  : 0.3931 
cluster 11  : 0.5424 

--------------------------------------------
Estimated Ln Prob of Data   = -15140.6
Mean value of ln likelihood = -14658.8
Variance of ln likelihood   = 963.5
Mean value of alpha         = 0.0328

Mean value of Fst_1         = 0.1113
Mean value of Fst_2         = 0.4946
Mean value of Fst_3         = 0.1446
Mean value of Fst_4         = 0.4127
Mean value of Fst_5         = 0.2532
Mean value of Fst_6         = 0.2673
Mean value of Fst_7         = 0.0033
Mean value of Fst_8         = 0.1499
Mean value of Fst_9         = 0.2054
Mean value of Fst_10         = 0.5534
Mean value of Fst_11         = 0.1935


Inferred ancestry of individuals:
        Label (%Miss) :  Inferred clusters
  1 QAc-G-0029    (0)   :  0.004 0.025 0.020 0.008 0.148 0.008 0.044 0.005 0.089 0.641 0.008 
  2 QAc-G-0030    (0)   :  0.002 0.002 0.002 0.002 0.003 0.002 0.002 0.002 0.002 0.977 0.002 
  3 QAc-G-0031    (0)   :  0.002 0.004 0.003 0.002 0.005 0.004 0.002 0.002 0.002 0.972 0.002 
  4 QAc-G-0061    (0)   :  0.002 0.003 0.004 0.004 0.853 0.003 0.003 0.003 0.005 0.115 0.005 
  5 QAc-G-0062    (0)   :  0.006 0.021 0.081 0.408 0.005 0.397 0.050 0.012 0.009 0.005 0.004 
  6 QAc-G-0063    (0)   :  0.008 0.559 0.043 0.015 0.006 0.159 0.086 0.025 0.064 0.006 0.032 
  7 QAc-G-0064    (0)   :  0.003 0.005 0.004 0.961 0.003 0.006 0.003 0.004 0.004 0.003 0.004 
  8 QAc-G-0065    (0)   :  0.003 0.002 0.002 0.968 0.003 0.002 0.003 0.004 0.003 0.007 0.003 
  9 QAc-G-0066    (0)   :  0.002 0.969 0.003 0.002 0.004 0.004 0.003 0.002 0.004 0.004 0.003 
 10 QAc-G-0067    (0)   :  0.003 0.003 0.003 0.964 0.008 0.002 0.003 0.003 0.002 0.005 0.003 
 11 QAc-G-0068    (0)   :  0.004 0.533 0.007 0.006 0.003 0.003 0.013 0.422 0.003 0.003 0.003 
 12 QAc-G-0070    (0)   :  0.009 0.530 0.290 0.010 0.006 0.102 0.027 0.005 0.009 0.004 0.008 
 13 QAc-G-0071   (13)   :  0.009 0.890 0.006 0.002 0.011 0.047 0.006 0.004 0.004 0.017 0.004 
 14 QAc-G-0072    (0)   :  0.002 0.968 0.004 0.003 0.003 0.003 0.003 0.003 0.004 0.003 0.004 
 15 QAc-G-0073    (0)   :  0.004 0.005 0.004 0.003 0.006 0.004 0.005 0.006 0.928 0.005 0.028 
 16 QAc-G-0074    (0)   :  0.005 0.066 0.012 0.004 0.004 0.026 0.014 0.006 0.011 0.004 0.849 
 17 QAc-G-0075    (0)   :  0.007 0.007 0.004 0.006 0.004 0.005 0.009 0.005 0.008 0.015 0.929 
 18 QAc-G-0076    (0)   :  0.003 0.015 0.012 0.007 0.009 0.005 0.068 0.050 0.767 0.012 0.053 
 19 QAc-G-0077    (0)   :  0.004 0.008 0.003 0.007 0.829 0.006 0.004 0.003 0.007 0.123 0.005 
 20 QAc-G-0078    (0)   :  0.002 0.002 0.002 0.002 0.003 0.002 0.002 0.002 0.002 0.978 0.002 
 21 QAc-G-0079    (0)   :  0.003 0.003 0.002 0.002 0.003 0.003 0.002 0.002 0.003 0.974 0.003 
 22 QAc-G-0080    (0)   :  0.009 0.006 0.004 0.018 0.776 0.016 0.045 0.016 0.037 0.003 0.067 
 23 QAc-G-0081    (0)   :  0.021 0.004 0.272 0.004 0.004 0.027 0.555 0.007 0.096 0.005 0.005 
 24 QAc-G-0082    (0)   :  0.025 0.002 0.017 0.002 0.005 0.006 0.817 0.009 0.107 0.002 0.005 
 25 QAc-G-0083    (0)   :  0.006 0.012 0.012 0.011 0.015 0.859 0.011 0.005 0.025 0.010 0.034 
 26 QAc-G-0001   (13)   :  0.003 0.004 0.003 0.002 0.005 0.003 0.002 0.003 0.003 0.971 0.003 
 27 QAc-G-0002    (0)   :  0.002 0.003 0.002 0.002 0.005 0.002 0.002 0.002 0.002 0.975 0.003 
 28 QAc-G-0285    (0)   :  0.008 0.014 0.008 0.004 0.005 0.933 0.006 0.007 0.006 0.006 0.004 
 29 QAc-G-0286    (0)   :  0.002 0.971 0.003 0.002 0.003 0.005 0.003 0.003 0.003 0.003 0.003 
 30 QAc-G-0287    (0)   :  0.002 0.974 0.002 0.003 0.003 0.003 0.002 0.002 0.002 0.003 0.003 
 31 QAc-G-0288    (6)   :  0.006 0.848 0.040 0.008 0.022 0.007 0.015 0.009 0.008 0.022 0.015 
 32 QAc-G-0289    (0)   :  0.003 0.970 0.003 0.003 0.004 0.003 0.003 0.003 0.002 0.003 0.004 
 33 QAc-G-0290    (0)   :  0.002 0.967 0.004 0.006 0.003 0.004 0.003 0.003 0.003 0.003 0.003 
 34 QAc-G-0291    (0)   :  0.003 0.903 0.002 0.003 0.017 0.016 0.004 0.004 0.009 0.037 0.003 
 35 QAc-G-0292    (0)   :  0.005 0.257 0.009 0.003 0.003 0.694 0.007 0.010 0.004 0.003 0.005 
 36 QAc-G-0293    (0)   :  0.002 0.483 0.002 0.002 0.004 0.484 0.003 0.003 0.003 0.012 0.003 
 37 QAc-G-0294    (0)   :  0.011 0.004 0.011 0.006 0.007 0.004 0.018 0.055 0.840 0.008 0.036 
 38 QAc-G-0295    (0)   :  0.004 0.006 0.003 0.004 0.006 0.004 0.005 0.003 0.946 0.004 0.014 
 39 QAc-G-0296    (0)   :  0.003 0.005 0.004 0.011 0.004 0.004 0.004 0.005 0.026 0.002 0.933 
 40 QAc-G-0297    (0)   :  0.021 0.002 0.008 0.004 0.004 0.003 0.533 0.019 0.034 0.002 0.369 
 41 QAc-G-0298    (6)   :  0.004 0.003 0.005 0.005 0.014 0.012 0.010 0.005 0.245 0.012 0.683 
 42 QAc-G-0299    (0)   :  0.006 0.012 0.003 0.005 0.004 0.006 0.006 0.010 0.020 0.003 0.925 
 43 QAc-G-0300    (0)   :  0.004 0.004 0.009 0.021 0.003 0.003 0.007 0.005 0.054 0.003 0.888 
 44 QAc-G-0301    (0)   :  0.005 0.016 0.004 0.066 0.005 0.008 0.009 0.004 0.021 0.006 0.857 
 45 QAc-G-0302    (0)   :  0.906 0.007 0.005 0.003 0.004 0.007 0.017 0.025 0.003 0.003 0.020 
 46 QAc-G-0303    (0)   :  0.882 0.003 0.028 0.005 0.006 0.009 0.031 0.017 0.014 0.003 0.003 
 47 QAc-G-0304    (0)   :  0.002 0.970 0.003 0.002 0.003 0.006 0.003 0.003 0.003 0.003 0.004 
 48 QAc-G-0305    (0)   :  0.030 0.519 0.048 0.003 0.039 0.219 0.026 0.059 0.005 0.045 0.006 
 49 QAc-G-0306    (0)   :  0.002 0.973 0.002 0.002 0.004 0.004 0.002 0.002 0.002 0.003 0.003 
 50 QAc-G-0307    (0)   :  0.014 0.005 0.038 0.005 0.815 0.024 0.022 0.007 0.006 0.056 0.008 
 51 QAc-G-0308    (0)   :  0.006 0.009 0.006 0.002 0.942 0.005 0.004 0.007 0.007 0.004 0.007 
 52 QAc-G-0309    (0)   :  0.003 0.003 0.003 0.002 0.005 0.004 0.014 0.004 0.003 0.954 0.004 
 53 QAc-G-0310    (0)   :  0.002 0.003 0.003 0.003 0.005 0.003 0.002 0.003 0.003 0.971 0.003 
 54 QAc-G-0311    (0)   :  0.002 0.003 0.002 0.002 0.974 0.002 0.002 0.002 0.002 0.006 0.002 
 55 QAc-G-0312    (0)   :  0.043 0.006 0.044 0.012 0.636 0.006 0.063 0.036 0.056 0.006 0.091 
 56 QAc-G-0313    (0)   :  0.006 0.006 0.044 0.006 0.005 0.037 0.846 0.005 0.014 0.022 0.009 
 57 QAc-G-0314    (0)   :  0.026 0.004 0.068 0.007 0.008 0.003 0.758 0.006 0.021 0.007 0.092 
 58 QAc-G-0315    (0)   :  0.010 0.007 0.011 0.006 0.004 0.006 0.916 0.022 0.006 0.004 0.010 
 59 QAc-G-0316    (0)   :  0.005 0.006 0.129 0.008 0.015 0.008 0.790 0.005 0.004 0.021 0.010 
 60 QAc-G-0032    (6)   :  0.090 0.007 0.009 0.112 0.007 0.003 0.103 0.638 0.008 0.010 0.012 
 61 QAc-G-0033    (0)   :  0.004 0.004 0.004 0.006 0.003 0.003 0.004 0.004 0.009 0.005 0.956 
 62 QAc-G-0034    (0)   :  0.011 0.004 0.026 0.007 0.041 0.004 0.014 0.009 0.035 0.016 0.834 
 63 QAc-G-0035    (0)   :  0.005 0.009 0.010 0.012 0.004 0.008 0.012 0.007 0.670 0.003 0.259 
 64 QAc-G-0036    (0)   :  0.003 0.008 0.007 0.004 0.004 0.006 0.005 0.005 0.006 0.003 0.949 
 65 QAc-G-0037    (0)   :  0.002 0.007 0.002 0.003 0.006 0.003 0.003 0.003 0.965 0.003 0.003 
 66 QAc-G-0038    (0)   :  0.004 0.003 0.006 0.003 0.002 0.003 0.004 0.004 0.877 0.002 0.093 
 67 QAc-G-0039    (0)   :  0.018 0.009 0.038 0.004 0.047 0.004 0.053 0.019 0.718 0.017 0.072 
 68 QAc-G-0040    (0)   :  0.005 0.082 0.051 0.004 0.005 0.017 0.013 0.012 0.782 0.004 0.025 
 69 QAc-G-0041    (0)   :  0.003 0.003 0.016 0.054 0.002 0.012 0.005 0.003 0.889 0.002 0.013 
 70 QAc-G-0042    (0)   :  0.004 0.006 0.004 0.004 0.003 0.003 0.004 0.008 0.020 0.002 0.942 
 71 QAc-G-0043    (0)   :  0.003 0.009 0.004 0.003 0.007 0.003 0.004 0.004 0.952 0.004 0.008 
 72 QAc-G-0044    (0)   :  0.009 0.008 0.005 0.016 0.003 0.004 0.008 0.006 0.015 0.003 0.923 
 73 QAc-G-0045    (0)   :  0.004 0.006 0.005 0.008 0.019 0.004 0.004 0.006 0.033 0.008 0.902 
 74 QAc-G-0046    (0)   :  0.003 0.002 0.006 0.003 0.004 0.003 0.006 0.004 0.953 0.011 0.005 
 75 QAc-G-0047    (0)   :  0.012 0.008 0.008 0.005 0.021 0.004 0.012 0.012 0.882 0.024 0.011 
 76 QAc-G-0048    (0)   :  0.006 0.004 0.007 0.005 0.003 0.010 0.007 0.004 0.924 0.002 0.029 
 77 QAc-G-0049    (0)   :  0.002 0.004 0.003 0.002 0.006 0.003 0.003 0.002 0.002 0.970 0.003 
 78 QAc-G-0050    (0)   :  0.060 0.019 0.013 0.004 0.064 0.005 0.806 0.011 0.005 0.010 0.003 
 79 QAc-G-0051    (0)   :  0.002 0.003 0.002 0.002 0.004 0.003 0.002 0.002 0.002 0.975 0.002 
 80 QAc-G-0052    (0)   :  0.003 0.003 0.006 0.009 0.946 0.003 0.006 0.004 0.009 0.008 0.004 
 81 QAc-G-0053    (0)   :  0.002 0.007 0.003 0.004 0.922 0.006 0.007 0.003 0.032 0.012 0.004 
 82 QAc-G-0054    (0)   :  0.025 0.004 0.079 0.004 0.526 0.003 0.281 0.029 0.040 0.003 0.006 
 83 QAc-G-0055    (0)   :  0.088 0.004 0.016 0.003 0.618 0.004 0.208 0.032 0.013 0.004 0.012 
 84 QAc-G-0056    (0)   :  0.010 0.013 0.062 0.008 0.052 0.005 0.808 0.026 0.005 0.004 0.009 
 85 QAc-G-0057    (0)   :  0.003 0.003 0.002 0.002 0.006 0.003 0.002 0.002 0.003 0.971 0.003 
 86 QAc-G-0058    (6)   :  0.003 0.003 0.002 0.002 0.004 0.003 0.003 0.002 0.002 0.974 0.002 
 87 QAc-G-0059    (0)   :  0.010 0.002 0.006 0.003 0.500 0.003 0.312 0.006 0.149 0.006 0.003 
 88 QAc-G-0060    (6)   :  0.004 0.012 0.006 0.008 0.905 0.004 0.030 0.005 0.008 0.012 0.007 
 89 QAc-G-0276    (0)   :  0.004 0.318 0.005 0.003 0.011 0.613 0.006 0.003 0.014 0.006 0.017 
 90 QAc-G-0279    (0)   :  0.002 0.968 0.003 0.002 0.005 0.003 0.003 0.003 0.003 0.005 0.003 
 91 QAc-G-0280    (6)   :  0.003 0.958 0.004 0.004 0.003 0.004 0.004 0.004 0.004 0.003 0.008 
 92 QAc-G-0281    (0)   :  0.002 0.006 0.003 0.002 0.967 0.003 0.003 0.003 0.003 0.005 0.003 
 93 QAc-G-0018    (0)   :  0.010 0.006 0.007 0.005 0.020 0.004 0.012 0.047 0.027 0.013 0.848 
 94 QAc-G-0019    (0)   :  0.003 0.007 0.005 0.030 0.004 0.008 0.005 0.005 0.012 0.003 0.918 
 95 QAc-G-0020    (0)   :  0.002 0.002 0.003 0.003 0.002 0.003 0.005 0.003 0.971 0.003 0.004 
 96 QAc-G-0021    (6)   :  0.003 0.003 0.002 0.032 0.006 0.002 0.006 0.003 0.918 0.016 0.010 
 97 QAc-G-0022    (6)   :  0.013 0.004 0.082 0.062 0.019 0.014 0.073 0.007 0.556 0.013 0.157 
 98 QAc-G-0023    (0)   :  0.003 0.003 0.002 0.002 0.351 0.004 0.003 0.003 0.003 0.622 0.003 
 99 QAc-G-0024    (0)   :  0.003 0.003 0.003 0.003 0.007 0.002 0.003 0.003 0.003 0.966 0.005 
100 QAc-G-0016    (0)   :  0.121 0.011 0.011 0.004 0.374 0.006 0.141 0.307 0.009 0.003 0.012 
101 QAc-G-0017    (0)   :  0.675 0.005 0.010 0.243 0.003 0.005 0.028 0.012 0.010 0.003 0.005 
102 QAc-G-0250    (0)   :  0.049 0.138 0.012 0.007 0.007 0.288 0.361 0.067 0.055 0.007 0.008 
103 QAc-G-0003    (6)   :  0.003 0.954 0.006 0.003 0.005 0.010 0.004 0.004 0.004 0.004 0.005 
104 QAc-G-0004    (0)   :  0.828 0.003 0.005 0.008 0.006 0.005 0.020 0.009 0.088 0.012 0.016 
105 QAc-G-0005    (0)   :  0.003 0.003 0.003 0.971 0.002 0.002 0.002 0.004 0.003 0.003 0.003 
106 QAc-G-0006    (6)   :  0.920 0.004 0.010 0.002 0.003 0.009 0.023 0.007 0.013 0.002 0.006 
107 QAc-G-0283    (0)   :  0.059 0.004 0.277 0.004 0.004 0.123 0.503 0.007 0.008 0.003 0.007 
108 QAc-G-0265    (0)   :  0.009 0.004 0.008 0.004 0.005 0.272 0.204 0.006 0.008 0.451 0.029 
109 QAc-G-0266    (0)   :  0.002 0.003 0.002 0.002 0.006 0.003 0.003 0.002 0.002 0.973 0.002 
110 QAc-G-0267    (0)   :  0.004 0.004 0.009 0.096 0.007 0.615 0.010 0.008 0.119 0.004 0.125 
111 QAc-G-0268   (20)   :  0.036 0.524 0.006 0.011 0.008 0.010 0.368 0.022 0.005 0.003 0.006 
112 QAc-G-0269    (0)   :  0.002 0.970 0.002 0.002 0.003 0.003 0.003 0.002 0.004 0.004 0.004 
113 QAc-G-0270    (6)   :  0.003 0.004 0.004 0.006 0.003 0.004 0.005 0.004 0.006 0.003 0.959 
114 QAc-G-0271    (0)   :  0.017 0.004 0.009 0.128 0.004 0.007 0.222 0.012 0.143 0.003 0.449 
115 QAc-G-0272    (6)   :  0.005 0.013 0.004 0.003 0.005 0.007 0.006 0.008 0.013 0.004 0.931 
116 QAc-G-0273    (0)   :  0.003 0.004 0.004 0.005 0.955 0.004 0.004 0.005 0.004 0.010 0.003 
117 QAc-G-0274    (0)   :  0.002 0.002 0.002 0.976 0.002 0.002 0.002 0.003 0.002 0.002 0.003 
118 QAc-G-0251    (6)   :  0.010 0.004 0.005 0.009 0.004 0.003 0.005 0.007 0.005 0.004 0.944 
119 QAc-G-0252    (0)   :  0.021 0.006 0.030 0.009 0.008 0.004 0.013 0.012 0.308 0.004 0.586 
120 QAc-G-0253    (0)   :  0.003 0.005 0.003 0.002 0.949 0.004 0.004 0.003 0.006 0.016 0.003 
121 QAc-G-0254    (0)   :  0.005 0.004 0.003 0.002 0.050 0.003 0.008 0.003 0.003 0.913 0.004 
122 QAc-G-0255    (0)   :  0.932 0.004 0.006 0.006 0.004 0.006 0.012 0.008 0.006 0.003 0.012 
123 QAc-G-0256    (0)   :  0.314 0.007 0.004 0.007 0.004 0.006 0.005 0.640 0.004 0.003 0.006 
124 QAc-G-0257    (0)   :  0.758 0.003 0.034 0.092 0.016 0.005 0.033 0.030 0.020 0.002 0.008 
125 QAc-G-0258    (0)   :  0.959 0.003 0.003 0.005 0.002 0.003 0.009 0.006 0.004 0.002 0.004 
126 QAc-G-0259    (0)   :  0.007 0.002 0.007 0.002 0.002 0.002 0.965 0.004 0.006 0.002 0.003 
127 QAc-G-0260    (0)   :  0.008 0.041 0.038 0.031 0.014 0.011 0.621 0.212 0.009 0.006 0.010 
128 QAc-G-0261    (0)   :  0.027 0.004 0.007 0.423 0.005 0.004 0.387 0.121 0.012 0.003 0.007 
129 QAc-G-0262    (0)   :  0.052 0.012 0.012 0.023 0.008 0.015 0.591 0.274 0.005 0.003 0.005 
130 QAc-G-0010    (0)   :  0.003 0.037 0.009 0.005 0.008 0.883 0.011 0.004 0.017 0.016 0.006 
131 QAc-G-0011    (0)   :  0.004 0.004 0.935 0.005 0.004 0.003 0.026 0.004 0.007 0.004 0.005 
132 QAc-G-0015    (0)   :  0.135 0.003 0.044 0.007 0.271 0.009 0.061 0.016 0.013 0.434 0.008 
133 QAc-G-0106    (0)   :  0.891 0.003 0.007 0.028 0.002 0.003 0.018 0.024 0.004 0.002 0.018 
134 QAc-G-0107    (0)   :  0.099 0.007 0.005 0.003 0.012 0.009 0.014 0.836 0.003 0.007 0.006 
135 QAc-G-0108    (0)   :  0.596 0.006 0.005 0.006 0.002 0.004 0.007 0.359 0.007 0.002 0.006 
136 QAc-G-0109    (0)   :  0.782 0.005 0.039 0.036 0.016 0.008 0.062 0.026 0.007 0.007 0.013 
137 QAc-G-0110    (0)   :  0.811 0.050 0.011 0.002 0.005 0.014 0.020 0.020 0.013 0.006 0.048 
138 QAc-G-0111    (0)   :  0.873 0.007 0.009 0.005 0.005 0.027 0.011 0.032 0.016 0.007 0.009 
139 QAc-G-0112    (0)   :  0.883 0.028 0.004 0.004 0.006 0.012 0.023 0.021 0.004 0.012 0.004 
140 QAc-G-0113    (0)   :  0.526 0.008 0.006 0.024 0.074 0.016 0.022 0.309 0.006 0.002 0.006 
141 QAc-G-0114    (0)   :  0.876 0.012 0.005 0.003 0.010 0.010 0.019 0.013 0.012 0.011 0.029 
142 QAc-G-0115    (0)   :  0.921 0.007 0.004 0.006 0.006 0.004 0.016 0.023 0.006 0.003 0.004 
143 QAc-G-0116    (0)   :  0.928 0.011 0.005 0.008 0.005 0.012 0.006 0.011 0.003 0.006 0.005 
144 QAc-G-0117    (0)   :  0.044 0.004 0.012 0.042 0.026 0.034 0.054 0.583 0.109 0.008 0.084 
145 QAc-G-0118    (0)   :  0.922 0.004 0.010 0.022 0.002 0.014 0.009 0.005 0.004 0.002 0.006 
146 QAc-G-0119    (0)   :  0.922 0.002 0.004 0.019 0.004 0.002 0.013 0.005 0.012 0.008 0.009 
147 QAc-G-0120    (0)   :  0.885 0.006 0.010 0.005 0.007 0.006 0.049 0.008 0.006 0.004 0.014 
148 QAc-G-0121    (0)   :  0.006 0.007 0.003 0.946 0.003 0.004 0.005 0.007 0.009 0.004 0.006 
149 QAc-G-0122    (0)   :  0.006 0.036 0.005 0.906 0.004 0.009 0.005 0.009 0.011 0.005 0.006 
150 QAc-G-0123    (0)   :  0.002 0.002 0.002 0.975 0.003 0.002 0.002 0.002 0.004 0.002 0.004 
151 QAc-G-0124    (6)   :  0.003 0.003 0.004 0.966 0.003 0.003 0.003 0.004 0.003 0.003 0.006 
152 QAc-G-0125    (0)   :  0.034 0.011 0.042 0.481 0.032 0.039 0.260 0.024 0.019 0.054 0.003 
153 QAc-G-0126    (0)   :  0.104 0.006 0.014 0.200 0.029 0.005 0.582 0.035 0.014 0.003 0.008 
154 QAc-G-0127    (0)   :  0.007 0.004 0.011 0.930 0.008 0.004 0.006 0.015 0.005 0.003 0.007 
155 QAc-G-0128    (0)   :  0.003 0.005 0.003 0.968 0.003 0.003 0.003 0.004 0.003 0.004 0.003 
156 QAc-G-0129    (0)   :  0.003 0.003 0.002 0.975 0.002 0.002 0.002 0.002 0.002 0.002 0.004 
157 QAc-G-0130    (0)   :  0.027 0.004 0.016 0.885 0.003 0.007 0.006 0.034 0.010 0.002 0.006 
158 QAc-G-0131    (0)   :  0.005 0.005 0.004 0.954 0.005 0.003 0.004 0.005 0.006 0.003 0.006 
159 QAc-G-0132    (0)   :  0.097 0.016 0.007 0.761 0.009 0.021 0.024 0.027 0.006 0.024 0.007 
160 QAc-G-0133    (0)   :  0.003 0.005 0.004 0.949 0.004 0.006 0.004 0.007 0.006 0.004 0.009 
161 QAc-G-0134    (0)   :  0.005 0.004 0.003 0.957 0.003 0.003 0.004 0.004 0.005 0.008 0.004 
162 QAc-G-0135    (0)   :  0.944 0.005 0.005 0.003 0.006 0.004 0.007 0.004 0.007 0.007 0.009 
163 QAc-G-0136    (0)   :  0.820 0.006 0.012 0.005 0.006 0.104 0.013 0.018 0.003 0.007 0.006 
164 QAc-G-0137    (0)   :  0.807 0.004 0.007 0.035 0.004 0.005 0.013 0.102 0.007 0.003 0.014 
165 QAc-G-0138    (0)   :  0.907 0.003 0.025 0.006 0.007 0.029 0.009 0.006 0.002 0.004 0.003 
166 QAc-G-0139    (0)   :  0.878 0.003 0.006 0.028 0.003 0.003 0.009 0.010 0.042 0.002 0.015 
167 QAc-G-0140    (6)   :  0.030 0.003 0.004 0.007 0.004 0.004 0.005 0.928 0.005 0.002 0.008 
168 QAc-G-0141    (0)   :  0.015 0.009 0.021 0.009 0.057 0.013 0.033 0.803 0.017 0.007 0.017 
169 QAc-G-0142    (0)   :  0.965 0.003 0.004 0.003 0.002 0.003 0.004 0.005 0.003 0.002 0.006 
170 QAc-G-0143    (0)   :  0.004 0.005 0.003 0.003 0.004 0.004 0.962 0.003 0.004 0.002 0.006 
171 QAc-G-0144    (6)   :  0.596 0.004 0.004 0.002 0.005 0.014 0.338 0.022 0.006 0.004 0.004 
172 QAc-G-0145    (0)   :  0.003 0.968 0.003 0.002 0.003 0.005 0.003 0.003 0.003 0.003 0.004 
173 QAc-G-0146    (0)   :  0.002 0.003 0.003 0.970 0.004 0.003 0.003 0.003 0.003 0.002 0.004 
174 QAc-G-0147    (0)   :  0.026 0.007 0.314 0.266 0.009 0.033 0.129 0.184 0.009 0.003 0.020 
175 QAc-G-0148    (0)   :  0.008 0.003 0.005 0.006 0.006 0.014 0.024 0.911 0.008 0.005 0.010 
176 QAc-G-0149    (0)   :  0.003 0.004 0.003 0.967 0.002 0.003 0.003 0.004 0.005 0.002 0.004 
177 QAc-G-0150    (0)   :  0.002 0.968 0.003 0.003 0.004 0.004 0.003 0.003 0.003 0.003 0.003 
178 QAc-G-0151    (0)   :  0.003 0.003 0.003 0.967 0.003 0.003 0.003 0.003 0.004 0.002 0.005 
179 QAc-G-0152    (0)   :  0.002 0.002 0.003 0.966 0.006 0.002 0.003 0.002 0.004 0.003 0.005 
180 QAc-G-0153    (0)   :  0.006 0.002 0.017 0.874 0.002 0.060 0.012 0.008 0.007 0.002 0.010 
181 QAc-G-0154    (0)   :  0.020 0.012 0.004 0.873 0.003 0.017 0.007 0.020 0.015 0.003 0.027 
182 QAc-G-0155    (0)   :  0.002 0.003 0.003 0.968 0.003 0.003 0.003 0.002 0.004 0.002 0.006 
183 QAc-G-0158    (0)   :  0.003 0.003 0.003 0.973 0.003 0.003 0.003 0.003 0.002 0.003 0.003 
184 QAc-G-0159    (0)   :  0.781 0.013 0.011 0.018 0.006 0.005 0.045 0.091 0.011 0.010 0.009 
185 QAc-G-0160    (0)   :  0.002 0.976 0.002 0.002 0.003 0.003 0.002 0.002 0.002 0.002 0.002 
186 QAc-G-0161    (0)   :  0.002 0.976 0.002 0.002 0.003 0.003 0.002 0.002 0.002 0.003 0.003 
187 QAc-G-0162    (0)   :  0.006 0.079 0.009 0.005 0.006 0.553 0.046 0.008 0.169 0.007 0.113 
188 QAc-G-0163    (0)   :  0.017 0.817 0.006 0.003 0.002 0.016 0.022 0.025 0.032 0.002 0.057 
189 QAc-G-0164    (0)   :  0.004 0.896 0.055 0.002 0.014 0.003 0.011 0.003 0.005 0.003 0.003 
190 QAc-G-0165    (0)   :  0.004 0.957 0.004 0.006 0.003 0.005 0.004 0.004 0.004 0.002 0.007 
191 QAc-G-0166    (0)   :  0.003 0.970 0.003 0.002 0.003 0.003 0.003 0.002 0.003 0.003 0.005 
192 QAc-G-0167    (0)   :  0.002 0.965 0.004 0.003 0.003 0.004 0.003 0.004 0.004 0.003 0.004 
193 QAc-G-0168    (0)   :  0.002 0.975 0.002 0.002 0.003 0.003 0.002 0.002 0.002 0.003 0.003 
194 QAc-G-0169    (6)   :  0.170 0.246 0.012 0.004 0.005 0.100 0.440 0.008 0.004 0.004 0.007 
195 QAc-G-0170    (0)   :  0.003 0.959 0.004 0.005 0.004 0.005 0.003 0.004 0.004 0.003 0.005 
196 QAc-G-0171    (0)   :  0.002 0.967 0.003 0.002 0.003 0.005 0.003 0.002 0.003 0.004 0.004 
197 QAc-G-0172    (0)   :  0.819 0.018 0.012 0.013 0.007 0.019 0.053 0.025 0.004 0.010 0.019 
198 QAc-G-0173    (0)   :  0.003 0.458 0.002 0.002 0.004 0.508 0.003 0.003 0.003 0.010 0.003 
199 QAc-G-0174    (0)   :  0.003 0.020 0.004 0.003 0.004 0.940 0.004 0.008 0.003 0.005 0.007 
200 QAc-G-0175    (0)   :  0.002 0.970 0.003 0.002 0.004 0.005 0.003 0.003 0.003 0.003 0.003 
201 QAc-G-0176    (0)   :  0.006 0.804 0.005 0.004 0.012 0.007 0.015 0.006 0.076 0.004 0.062 
202 QAc-G-0177    (0)   :  0.002 0.969 0.003 0.003 0.004 0.005 0.003 0.003 0.003 0.003 0.004 
203 QAc-G-0178    (0)   :  0.004 0.700 0.224 0.017 0.013 0.011 0.015 0.004 0.003 0.006 0.004 
204 QAc-G-0179    (6)   :  0.002 0.970 0.002 0.002 0.003 0.006 0.003 0.003 0.003 0.003 0.003 
205 QAc-G-0180    (0)   :  0.002 0.974 0.003 0.002 0.002 0.003 0.002 0.003 0.002 0.002 0.003 
206 QAc-G-0181    (0)   :  0.004 0.959 0.005 0.003 0.002 0.003 0.005 0.003 0.007 0.002 0.008 
207 QAc-G-0182    (0)   :  0.005 0.436 0.005 0.005 0.003 0.521 0.007 0.007 0.004 0.002 0.005 
208 QAc-G-0183    (6)   :  0.009 0.936 0.004 0.004 0.007 0.013 0.012 0.006 0.003 0.003 0.004 
209 QAc-G-0184    (0)   :  0.003 0.971 0.003 0.003 0.003 0.004 0.003 0.003 0.003 0.002 0.003 
210 QAc-G-0185    (0)   :  0.009 0.739 0.114 0.030 0.006 0.058 0.015 0.009 0.005 0.004 0.011 
211 QAc-G-0186    (0)   :  0.004 0.957 0.005 0.002 0.002 0.004 0.004 0.002 0.008 0.002 0.009 
212 QAc-G-0187    (0)   :  0.005 0.781 0.102 0.005 0.022 0.004 0.020 0.008 0.012 0.030 0.011 
213 QAc-G-0188    (0)   :  0.489 0.244 0.006 0.004 0.004 0.011 0.160 0.021 0.045 0.002 0.013 
214 QAc-G-0189    (0)   :  0.005 0.910 0.006 0.002 0.011 0.037 0.005 0.004 0.003 0.013 0.003 
215 QAc-G-0190    (0)   :  0.003 0.965 0.003 0.004 0.003 0.004 0.003 0.003 0.003 0.004 0.004 
216 QAc-G-0191    (0)   :  0.003 0.964 0.003 0.004 0.004 0.005 0.003 0.003 0.003 0.004 0.004 
217 QAc-G-0192    (0)   :  0.002 0.976 0.002 0.002 0.003 0.003 0.002 0.003 0.002 0.003 0.002 
218 QAc-G-0193    (0)   :  0.003 0.967 0.004 0.004 0.004 0.003 0.003 0.003 0.003 0.002 0.004 
219 QAc-G-0194    (0)   :  0.003 0.960 0.004 0.003 0.005 0.004 0.004 0.004 0.004 0.003 0.006 
220 QAc-G-0195    (0)   :  0.005 0.049 0.004 0.002 0.011 0.880 0.005 0.003 0.010 0.024 0.008 
221 QAc-G-0196    (0)   :  0.002 0.630 0.003 0.002 0.004 0.334 0.004 0.003 0.004 0.009 0.004 
222 QAc-G-0197    (0)   :  0.002 0.975 0.002 0.002 0.003 0.003 0.002 0.002 0.002 0.003 0.003 
223 QAc-G-0198    (0)   :  0.003 0.968 0.002 0.003 0.003 0.006 0.003 0.003 0.003 0.003 0.004 
224 QAc-G-0199    (0)   :  0.005 0.693 0.107 0.018 0.010 0.117 0.017 0.006 0.019 0.002 0.007 
225 QAc-G-0200    (0)   :  0.003 0.956 0.005 0.002 0.003 0.006 0.004 0.005 0.005 0.003 0.009 
226 QAc-G-0201    (0)   :  0.002 0.458 0.004 0.002 0.004 0.508 0.007 0.004 0.004 0.003 0.003 
227 QAc-G-0202    (6)   :  0.006 0.527 0.003 0.003 0.009 0.422 0.004 0.006 0.004 0.012 0.004 
228 QAc-G-0203    (0)   :  0.006 0.948 0.002 0.002 0.012 0.003 0.009 0.004 0.003 0.005 0.004 
229 QAc-G-0204    (0)   :  0.003 0.960 0.003 0.003 0.003 0.006 0.004 0.003 0.005 0.006 0.005 
230 QAc-G-0205    (0)   :  0.002 0.003 0.002 0.002 0.004 0.002 0.002 0.002 0.002 0.977 0.002 
231 QAc-G-0206    (0)   :  0.094 0.003 0.005 0.004 0.032 0.004 0.156 0.013 0.122 0.558 0.008 
232 QAc-G-0207    (0)   :  0.003 0.005 0.006 0.004 0.947 0.004 0.006 0.005 0.006 0.008 0.005 
233 QAc-G-0208    (0)   :  0.002 0.003 0.003 0.003 0.005 0.003 0.003 0.002 0.002 0.971 0.003 
234 QAc-G-0209    (0)   :  0.002 0.004 0.003 0.002 0.006 0.004 0.003 0.003 0.003 0.968 0.003 
235 QAc-G-0210    (0)   :  0.004 0.002 0.004 0.002 0.823 0.003 0.004 0.003 0.003 0.149 0.003 
236 QAc-G-0211    (0)   :  0.002 0.002 0.003 0.003 0.971 0.002 0.003 0.003 0.002 0.005 0.002 
237 QAc-G-0212    (0)   :  0.002 0.004 0.003 0.003 0.723 0.004 0.003 0.002 0.003 0.249 0.004 
238 QAc-G-0213    (0)   :  0.002 0.005 0.004 0.003 0.950 0.003 0.003 0.003 0.005 0.016 0.006 
239 QAc-G-0214    (0)   :  0.002 0.003 0.002 0.002 0.004 0.003 0.002 0.002 0.002 0.975 0.003 
240 QAc-G-0215    (0)   :  0.003 0.003 0.004 0.003 0.960 0.003 0.004 0.003 0.003 0.012 0.003 
241 QAc-G-0216    (0)   :  0.230 0.016 0.005 0.004 0.055 0.316 0.199 0.019 0.010 0.129 0.016 
242 QAc-G-0217    (0)   :  0.005 0.002 0.004 0.015 0.927 0.006 0.005 0.004 0.005 0.022 0.004 
243 QAc-G-0218    (0)   :  0.002 0.004 0.005 0.004 0.960 0.003 0.004 0.002 0.005 0.006 0.005 
244 QAc-G-0219    (0)   :  0.014 0.007 0.004 0.008 0.923 0.005 0.009 0.007 0.012 0.004 0.008 
245 QAc-G-0220    (0)   :  0.004 0.003 0.004 0.004 0.942 0.002 0.021 0.006 0.004 0.005 0.004 
246 QAc-G-0221    (0)   :  0.004 0.004 0.021 0.006 0.907 0.015 0.006 0.005 0.014 0.013 0.005 
247 QAc-G-0222    (0)   :  0.002 0.003 0.003 0.003 0.007 0.002 0.003 0.002 0.003 0.968 0.003 
248 QAc-G-0223    (0)   :  0.004 0.003 0.004 0.004 0.942 0.003 0.003 0.003 0.003 0.026 0.004 
249 QAc-G-0224    (0)   :  0.003 0.006 0.003 0.002 0.962 0.004 0.003 0.004 0.003 0.008 0.003 
250 QAc-G-0226    (0)   :  0.003 0.003 0.003 0.003 0.006 0.003 0.003 0.003 0.003 0.969 0.003 
251 QAc-G-0227    (0)   :  0.004 0.004 0.003 0.014 0.003 0.004 0.005 0.005 0.009 0.003 0.946 
252 QAc-G-0228    (6)   :  0.005 0.005 0.006 0.003 0.005 0.004 0.005 0.003 0.922 0.003 0.039 
253 QAc-G-0229    (0)   :  0.009 0.004 0.007 0.004 0.004 0.006 0.007 0.006 0.006 0.006 0.942 
254 QAc-G-0230    (0)   :  0.018 0.009 0.006 0.003 0.012 0.006 0.010 0.005 0.817 0.034 0.081 
255 QAc-G-0231    (0)   :  0.003 0.005 0.003 0.003 0.963 0.003 0.003 0.004 0.003 0.009 0.003 
256 QAc-G-0232    (0)   :  0.005 0.003 0.007 0.008 0.004 0.002 0.007 0.006 0.924 0.002 0.032 
257 QAc-G-0233    (0)   :  0.003 0.004 0.130 0.005 0.029 0.004 0.109 0.004 0.678 0.006 0.028 
258 QAc-G-0234    (0)   :  0.003 0.008 0.007 0.004 0.003 0.009 0.006 0.005 0.008 0.005 0.941 
259 QAc-G-0235    (0)   :  0.903 0.004 0.009 0.003 0.006 0.026 0.015 0.015 0.005 0.009 0.006 
260 QAc-G-0236    (0)   :  0.004 0.005 0.004 0.008 0.004 0.006 0.004 0.006 0.944 0.004 0.011 
261 QAc-G-0237    (0)   :  0.009 0.017 0.019 0.032 0.022 0.009 0.016 0.010 0.023 0.008 0.835 
262 QAc-G-0238    (0)   :  0.004 0.006 0.006 0.009 0.007 0.005 0.005 0.006 0.859 0.004 0.090 
263 QAc-G-0239    (0)   :  0.003 0.003 0.003 0.003 0.003 0.003 0.004 0.003 0.968 0.002 0.004 
264 QAc-G-0240    (0)   :  0.006 0.003 0.004 0.005 0.002 0.003 0.004 0.004 0.008 0.002 0.960 
265 QAc-G-0241    (0)   :  0.033 0.008 0.023 0.006 0.007 0.050 0.065 0.014 0.693 0.008 0.094 
266 QAc-G-0242    (0)   :  0.004 0.005 0.010 0.008 0.010 0.004 0.009 0.007 0.925 0.004 0.014 
267 QAc-G-0243    (0)   :  0.015 0.004 0.117 0.063 0.031 0.008 0.110 0.017 0.572 0.006 0.056 
268 QAc-G-0244    (0)   :  0.012 0.005 0.004 0.003 0.007 0.005 0.018 0.009 0.010 0.005 0.920 
269 QAc-G-0245    (0)   :  0.004 0.004 0.004 0.010 0.003 0.005 0.004 0.004 0.006 0.003 0.954 
270 QAc-G-0246    (0)   :  0.004 0.004 0.003 0.004 0.003 0.003 0.003 0.003 0.967 0.003 0.003 
271 QAc-G-0247    (0)   :  0.003 0.002 0.004 0.002 0.003 0.002 0.003 0.003 0.972 0.002 0.003 
272 QAc-G-0248    (0)   :  0.007 0.003 0.003 0.003 0.004 0.004 0.007 0.005 0.068 0.003 0.893 
273 QAc-G-0249    (0)   :  0.012 0.011 0.901 0.002 0.006 0.006 0.024 0.004 0.004 0.013 0.016 
274 QAc-G-0025    (0)   :  0.002 0.003 0.002 0.002 0.004 0.002 0.002 0.002 0.003 0.974 0.003 
275 QAc-G-0028    (0)   :  0.003 0.013 0.031 0.006 0.028 0.006 0.014 0.006 0.823 0.017 0.054 
276 QAc-G-0275    (0)   :  0.004 0.013 0.003 0.002 0.945 0.004 0.004 0.004 0.007 0.011 0.003 
277 QAc-G-0263    (0)   :  0.015 0.011 0.125 0.005 0.033 0.474 0.307 0.013 0.004 0.008 0.006 
278 QAc-W-0001    (0)   :  0.009 0.002 0.004 0.015 0.003 0.003 0.005 0.005 0.005 0.004 0.945 
279 QAc-W-0002    (0)   :  0.024 0.030 0.025 0.003 0.005 0.008 0.023 0.036 0.402 0.004 0.440 
280 QAc-W-0003    (0)   :  0.016 0.007 0.004 0.008 0.055 0.045 0.013 0.016 0.015 0.008 0.813 
281 QAc-W-0004    (0)   :  0.003 0.005 0.005 0.003 0.005 0.004 0.003 0.003 0.007 0.008 0.952 
282 QAc-W-0005    (0)   :  0.005 0.005 0.006 0.005 0.003 0.007 0.005 0.003 0.004 0.004 0.952 
283 QAc-W-0006    (0)   :  0.006 0.004 0.006 0.004 0.004 0.003 0.005 0.006 0.005 0.004 0.953 
284 QAc-W-0007   (13)   :  0.003 0.003 0.005 0.004 0.004 0.003 0.004 0.003 0.007 0.003 0.960 
285 QAc-W-0008    (6)   :  0.006 0.004 0.026 0.002 0.003 0.003 0.020 0.006 0.007 0.002 0.921 
286 QAc-W-0009    (0)   :  0.134 0.018 0.028 0.007 0.009 0.005 0.073 0.060 0.613 0.004 0.050 
287 QAc-W-0010    (0)   :  0.014 0.006 0.057 0.024 0.007 0.034 0.105 0.036 0.038 0.004 0.674 
288 QAc-W-0011    (0)   :  0.022 0.034 0.006 0.013 0.008 0.017 0.050 0.017 0.092 0.004 0.736 
289 QAc-W-0012    (0)   :  0.005 0.011 0.006 0.006 0.004 0.003 0.010 0.005 0.026 0.005 0.917 
290 QAc-W-0013    (0)   :  0.021 0.009 0.005 0.004 0.096 0.006 0.022 0.147 0.450 0.042 0.198 
291 QAc-W-0014    (0)   :  0.003 0.003 0.016 0.004 0.004 0.005 0.006 0.004 0.016 0.003 0.935 
292 QAc-W-0015    (0)   :  0.010 0.012 0.015 0.003 0.021 0.054 0.007 0.013 0.018 0.008 0.839 
293 QAc-W-0016    (0)   :  0.018 0.005 0.064 0.003 0.011 0.029 0.193 0.016 0.022 0.035 0.605 
294 QAc-W-0017    (0)   :  0.031 0.010 0.124 0.010 0.054 0.113 0.252 0.036 0.011 0.005 0.354 
295 QAc-W-0018    (0)   :  0.017 0.003 0.021 0.010 0.031 0.003 0.219 0.042 0.032 0.011 0.611 
296 QAc-W-0019    (0)   :  0.007 0.005 0.007 0.004 0.005 0.004 0.005 0.003 0.009 0.007 0.945 
297 QAc-W-0020    (0)   :  0.006 0.003 0.006 0.034 0.002 0.005 0.045 0.005 0.016 0.003 0.875 
298 QAc-W-0021    (0)   :  0.127 0.011 0.045 0.013 0.021 0.004 0.356 0.009 0.073 0.174 0.166 
299 QAc-W-0022    (0)   :  0.019 0.007 0.134 0.007 0.013 0.073 0.305 0.011 0.052 0.018 0.360 
300 QAc-W-0023    (6)   :  0.117 0.003 0.128 0.063 0.010 0.005 0.174 0.048 0.134 0.027 0.291 
301 QAc-W-0024    (0)   :  0.011 0.042 0.016 0.005 0.035 0.005 0.042 0.005 0.004 0.063 0.773 
302 QAc-W-0025    (0)   :  0.006 0.004 0.013 0.003 0.014 0.003 0.015 0.005 0.134 0.003 0.799 
303 QAc-W-0026    (0)   :  0.008 0.023 0.023 0.032 0.016 0.012 0.019 0.012 0.005 0.011 0.838 
304 QAc-W-0027    (0)   :  0.008 0.005 0.007 0.003 0.004 0.003 0.006 0.008 0.006 0.002 0.948 
305 QAc-W-0028    (0)   :  0.004 0.004 0.008 0.003 0.003 0.004 0.009 0.010 0.014 0.003 0.936 
306 QAc-W-0029    (0)   :  0.006 0.004 0.004 0.008 0.006 0.003 0.014 0.039 0.728 0.006 0.180 
307 QAc-W-0030    (0)   :  0.006 0.015 0.006 0.019 0.005 0.007 0.007 0.016 0.872 0.003 0.043 
308 QAc-W-0031    (0)   :  0.006 0.004 0.004 0.003 0.025 0.003 0.007 0.007 0.015 0.048 0.877 
309 QAc-W-0032    (0)   :  0.003 0.002 0.013 0.013 0.004 0.003 0.007 0.003 0.066 0.003 0.882 
310 QAc-W-0033    (0)   :  0.005 0.005 0.050 0.017 0.010 0.006 0.531 0.042 0.130 0.006 0.196 
311 QAc-W-0034    (0)   :  0.036 0.003 0.011 0.004 0.004 0.003 0.009 0.013 0.041 0.006 0.869 
312 QAc-W-0035    (0)   :  0.006 0.030 0.031 0.005 0.013 0.023 0.034 0.014 0.056 0.012 0.776 
313 QAc-W-0036    (0)   :  0.005 0.003 0.005 0.025 0.003 0.003 0.005 0.005 0.005 0.003 0.937 
314 QAc-W-0037    (0)   :  0.003 0.013 0.005 0.010 0.007 0.003 0.006 0.005 0.009 0.008 0.931 
315 QAc-W-0038    (0)   :  0.012 0.016 0.008 0.014 0.007 0.025 0.024 0.008 0.030 0.006 0.851 
316 QAc-W-0039    (0)   :  0.005 0.011 0.005 0.012 0.009 0.005 0.005 0.007 0.006 0.004 0.932 
317 QAc-W-0040    (0)   :  0.005 0.007 0.210 0.015 0.011 0.007 0.051 0.004 0.005 0.004 0.683 
318 QAc-W-0041    (0)   :  0.022 0.014 0.011 0.004 0.154 0.004 0.024 0.123 0.069 0.008 0.568 
319 QAc-W-0042    (0)   :  0.008 0.007 0.004 0.084 0.006 0.004 0.005 0.867 0.005 0.002 0.007 
320 QAc-W-0043    (0)   :  0.011 0.008 0.004 0.004 0.005 0.007 0.005 0.939 0.004 0.003 0.011 
321 QAc-W-0044    (0)   :  0.008 0.014 0.027 0.100 0.004 0.043 0.010 0.761 0.014 0.003 0.015 
322 QAc-W-0045    (0)   :  0.015 0.004 0.004 0.016 0.004 0.003 0.006 0.935 0.004 0.003 0.006 
323 QAc-W-0046    (0)   :  0.008 0.009 0.004 0.006 0.006 0.004 0.004 0.944 0.005 0.004 0.006 
324 QAc-W-0047    (0)   :  0.041 0.007 0.012 0.012 0.002 0.036 0.007 0.853 0.011 0.005 0.015 
325 QAc-W-0048    (0)   :  0.415 0.004 0.004 0.052 0.005 0.004 0.020 0.461 0.006 0.010 0.020 
326 QAc-W-0049    (0)   :  0.495 0.004 0.004 0.074 0.005 0.003 0.009 0.382 0.004 0.010 0.009 
327 QAc-W-0050    (0)   :  0.029 0.007 0.020 0.004 0.006 0.004 0.034 0.865 0.006 0.020 0.005 
328 QAc-W-0051    (0)   :  0.005 0.006 0.004 0.007 0.008 0.017 0.010 0.920 0.011 0.009 0.004 
329 QAc-W-0052    (0)   :  0.003 0.004 0.003 0.966 0.002 0.003 0.003 0.004 0.005 0.002 0.004 
330 QAc-W-0053    (0)   :  0.506 0.003 0.010 0.010 0.003 0.006 0.009 0.432 0.010 0.003 0.009 
331 QAc-W-0054    (0)   :  0.005 0.095 0.079 0.020 0.007 0.121 0.146 0.505 0.011 0.005 0.008 
332 QAc-W-0055    (0)   :  0.004 0.315 0.018 0.004 0.012 0.053 0.014 0.512 0.004 0.059 0.005 
333 QAc-W-0056    (0)   :  0.007 0.006 0.014 0.007 0.020 0.019 0.422 0.398 0.032 0.015 0.061 
334 QAc-W-0057    (0)   :  0.029 0.004 0.017 0.006 0.019 0.118 0.063 0.677 0.006 0.050 0.012 
335 QAc-W-0058    (0)   :  0.025 0.009 0.004 0.006 0.025 0.011 0.028 0.681 0.007 0.199 0.004 
336 QAc-W-0059    (0)   :  0.963 0.004 0.003 0.004 0.002 0.004 0.003 0.007 0.003 0.003 0.005 
337 QAc-W-0060    (0)   :  0.009 0.010 0.008 0.045 0.003 0.874 0.009 0.009 0.008 0.002 0.023 
338 QAc-W-0061    (0)   :  0.043 0.065 0.029 0.003 0.009 0.740 0.030 0.018 0.005 0.016 0.043 
339 QAc-W-0062    (0)   :  0.003 0.007 0.008 0.015 0.009 0.940 0.005 0.004 0.003 0.003 0.004 
340 QAc-W-0063    (0)   :  0.004 0.011 0.014 0.013 0.010 0.901 0.017 0.006 0.009 0.007 0.008 
341 QAc-W-0064    (0)   :  0.004 0.016 0.007 0.004 0.009 0.924 0.007 0.005 0.013 0.004 0.007 
342 QAc-W-0065    (0)   :  0.008 0.005 0.032 0.006 0.005 0.823 0.023 0.067 0.006 0.007 0.017 
343 QAc-W-0066    (0)   :  0.002 0.971 0.002 0.002 0.003 0.003 0.002 0.002 0.003 0.005 0.003 
344 QAc-W-0067    (0)   :  0.002 0.973 0.003 0.003 0.004 0.003 0.003 0.003 0.002 0.003 0.002 
345 QAc-W-0068    (0)   :  0.002 0.972 0.002 0.002 0.003 0.006 0.003 0.002 0.003 0.003 0.003 
346 QAc-W-0069    (0)   :  0.002 0.969 0.003 0.002 0.003 0.006 0.003 0.002 0.003 0.004 0.004 
347 QAc-W-0070    (0)   :  0.002 0.584 0.003 0.002 0.003 0.392 0.003 0.003 0.002 0.003 0.003 
348 QAc-W-0071    (6)   :  0.005 0.253 0.003 0.004 0.005 0.697 0.005 0.006 0.005 0.013 0.005 
349 QAc-W-0072    (0)   :  0.003 0.004 0.116 0.004 0.008 0.813 0.015 0.006 0.004 0.005 0.022 
350 QAc-W-0073    (0)   :  0.059 0.004 0.007 0.006 0.006 0.874 0.009 0.013 0.007 0.005 0.010 
351 QAc-W-0074    (0)   :  0.003 0.005 0.004 0.003 0.003 0.967 0.003 0.002 0.003 0.004 0.004 
352 QAc-W-0075    (0)   :  0.003 0.013 0.004 0.002 0.003 0.958 0.003 0.003 0.003 0.005 0.003 
353 QAc-W-0076    (0)   :  0.004 0.003 0.019 0.002 0.004 0.942 0.005 0.004 0.003 0.009 0.003 
354 QAc-W-0077    (0)   :  0.004 0.143 0.005 0.004 0.005 0.753 0.005 0.068 0.004 0.002 0.008 
355 QAc-W-0078    (0)   :  0.005 0.080 0.122 0.012 0.348 0.008 0.192 0.011 0.027 0.149 0.047 
356 QAc-W-0079    (6)   :  0.006 0.018 0.008 0.005 0.004 0.007 0.005 0.007 0.006 0.921 0.012 
357 QAc-W-0080   (13)   :  0.010 0.003 0.003 0.002 0.005 0.003 0.008 0.003 0.017 0.925 0.021 
358 QAc-W-0081    (0)   :  0.003 0.004 0.003 0.006 0.946 0.004 0.004 0.004 0.006 0.017 0.004 
359 QAc-W-0082    (0)   :  0.005 0.003 0.004 0.002 0.555 0.005 0.018 0.393 0.004 0.005 0.005 
360 QAc-W-0083    (0)   :  0.006 0.011 0.016 0.011 0.878 0.032 0.007 0.009 0.009 0.011 0.010 
361 QAc-W-0084    (0)   :  0.002 0.003 0.003 0.004 0.964 0.003 0.003 0.003 0.003 0.007 0.004 
362 QAc-W-0085    (0)   :  0.002 0.005 0.003 0.003 0.971 0.003 0.003 0.003 0.002 0.003 0.002 
363 QAc-W-0086    (0)   :  0.003 0.005 0.005 0.003 0.959 0.003 0.004 0.004 0.004 0.005 0.004 
364 QAc-W-0087    (0)   :  0.012 0.005 0.007 0.002 0.935 0.003 0.005 0.005 0.004 0.018 0.004 
365 QAc-W-0088    (0)   :  0.030 0.003 0.005 0.003 0.910 0.004 0.018 0.003 0.004 0.015 0.004 
366 QAc-W-0089    (0)   :  0.003 0.008 0.003 0.003 0.836 0.005 0.005 0.008 0.010 0.114 0.006 
367 QAc-W-0090    (0)   :  0.003 0.008 0.003 0.002 0.920 0.004 0.004 0.005 0.009 0.037 0.005 
368 QAc-W-0091    (0)   :  0.010 0.004 0.007 0.008 0.888 0.006 0.017 0.006 0.003 0.045 0.005 
369 QAc-W-0092    (0)   :  0.006 0.007 0.007 0.186 0.698 0.004 0.006 0.006 0.010 0.007 0.064 
370 QAc-W-0093    (0)   :  0.029 0.002 0.028 0.005 0.650 0.005 0.062 0.009 0.108 0.074 0.028 
371 QAc-W-0094    (0)   :  0.008 0.003 0.009 0.093 0.785 0.016 0.018 0.011 0.021 0.006 0.029 
372 QAc-W-0095    (0)   :  0.005 0.003 0.006 0.026 0.809 0.014 0.008 0.009 0.015 0.095 0.010 
373 QAc-W-0096    (0)   :  0.012 0.007 0.013 0.059 0.803 0.041 0.020 0.010 0.015 0.009 0.012 
374 QAc-W-0097    (0)   :  0.055 0.006 0.005 0.005 0.652 0.006 0.044 0.051 0.016 0.034 0.126 
375 QAc-W-0098    (0)   :  0.010 0.004 0.004 0.005 0.735 0.003 0.009 0.005 0.007 0.212 0.007 
376 QAc-W-0099    (0)   :  0.009 0.004 0.029 0.006 0.869 0.005 0.026 0.022 0.016 0.004 0.011 
377 QAc-W-0100    (0)   :  0.005 0.004 0.005 0.003 0.950 0.003 0.006 0.003 0.003 0.015 0.004 
378 QAc-W-0101    (0)   :  0.004 0.017 0.007 0.002 0.931 0.009 0.005 0.004 0.003 0.014 0.005 
379 QAc-W-0104    (0)   :  0.012 0.003 0.014 0.003 0.905 0.005 0.008 0.009 0.005 0.032 0.005 
380 QAc-W-0105    (0)   :  0.002 0.004 0.003 0.006 0.953 0.003 0.004 0.004 0.005 0.010 0.005 
381 QAc-W-0106    (0)   :  0.002 0.005 0.006 0.015 0.935 0.003 0.008 0.005 0.008 0.005 0.008 
382 QAc-W-0107    (0)   :  0.003 0.004 0.003 0.003 0.007 0.005 0.003 0.003 0.003 0.964 0.003 
383 QAc-W-0108    (0)   :  0.003 0.003 0.002 0.002 0.004 0.003 0.002 0.002 0.003 0.974 0.002 
384 QAc-W-0109    (0)   :  0.017 0.022 0.004 0.006 0.783 0.007 0.009 0.011 0.013 0.120 0.007 
385 QAc-W-0110   (13)   :  0.006 0.007 0.016 0.003 0.256 0.004 0.011 0.004 0.005 0.006 0.680 
386 QAc-W-0111    (6)   :  0.005 0.007 0.005 0.007 0.383 0.004 0.012 0.008 0.015 0.546 0.009 
387 QAc-W-0112   (13)   :  0.013 0.004 0.014 0.006 0.898 0.004 0.011 0.005 0.007 0.028 0.010 
