

----------------------------------------------------
STRUCTURE by Pritchard, Stephens and Donnelly (2000)
     and Falush, Stephens and Pritchard (2003)
       Code by Pritchard, Falush and Hubisz
             Version 2.3.4 (Jul 2012)
----------------------------------------------------



Command line arguments:   bin\structure -m C:\Users\eschumacher\Documents\GitHub\GCC_QUAC_ZAIN\Data_Files\Structure_Files\QUAC\QUAC_woK_nopopinfo_garden_wild\QUAC_woK_nopopinfo_garden_wild\50-50\mainparams -e C:\Users\eschumacher\Documents\GitHub\GCC_QUAC_ZAIN\Data_Files\Structure_Files\QUAC\QUAC_woK_nopopinfo_garden_wild\QUAC_woK_nopopinfo_garden_wild\50-50\extraparams 
Input File:    C:\Users\eschumacher\Documents\GitHub\GCC_QUAC_ZAIN\Data_Files\Structure_Files\QUAC\QUAC_woK_nopopinfo_garden_wild\QUAC_woK_nopopinfo_garden_wild\project_data

Run parameters:
   441 individuals
   15 loci
   3 populations assumed
   50000 Burn-in period
   50000 Reps


--------------------------------------------
Overall proportion of membership of the
sample in each of the 3 clusters

Inferred Clusters
  1      2      3    
0.207  0.589  0.204  

--------------------------------------------

Allele-freq. divergence among pops (Net nucleotide distance),
computed using point estimates of P.

      1       2       3      
 1      -    0.0793  0.1135  
 2   0.0793     -    0.0733  
 3   0.1135  0.0733     -    

Average distances (expected heterozygosity) between individuals in same cluster:
cluster  1  : 0.5067 
cluster  2  : 0.6248 
cluster  3  : 0.4676 

--------------------------------------------
Estimated Ln Prob of Data   = -17252.5
Mean value of ln likelihood = -17094.2
Variance of ln likelihood   = 316.5
Mean value of alpha         = 0.0419

Mean value of Fst_1         = 0.2351
Mean value of Fst_2         = 0.0323
Mean value of Fst_3         = 0.2984


Inferred ancestry of individuals:
        Label (%Miss) :  Inferred clusters
  1 QAc-G-0029    (0)   :  0.978 0.007 0.014 
  2 QAc-G-0030    (0)   :  0.992 0.004 0.004 
  3 QAc-G-0031    (0)   :  0.991 0.003 0.006 
  4 QAc-G-0061    (0)   :  0.991 0.005 0.004 
  5 QAc-G-0062    (0)   :  0.009 0.728 0.263 
  6 QAc-G-0063    (0)   :  0.008 0.043 0.949 
  7 QAc-G-0064    (0)   :  0.005 0.987 0.008 
  8 QAc-G-0065    (0)   :  0.016 0.980 0.005 
  9 QAc-G-0066    (0)   :  0.006 0.004 0.990 
 10 QAc-G-0067    (0)   :  0.035 0.957 0.008 
 11 QAc-G-0068    (0)   :  0.007 0.232 0.760 
 12 QAc-G-0070    (0)   :  0.009 0.107 0.885 
 13 QAc-G-0071   (13)   :  0.006 0.004 0.990 
 14 QAc-G-0072    (0)   :  0.005 0.005 0.990 
 15 QAc-G-0073    (0)   :  0.012 0.981 0.007 
 16 QAc-G-0074    (0)   :  0.006 0.641 0.352 
 17 QAc-G-0075    (0)   :  0.012 0.972 0.017 
 18 QAc-G-0076    (0)   :  0.013 0.974 0.013 
 19 QAc-G-0077    (0)   :  0.986 0.005 0.009 
 20 QAc-G-0078    (0)   :  0.993 0.003 0.004 
 21 QAc-G-0079    (0)   :  0.990 0.004 0.006 
 22 QAc-G-0080    (0)   :  0.760 0.222 0.018 
 23 QAc-G-0081    (0)   :  0.011 0.977 0.012 
 24 QAc-G-0082    (0)   :  0.014 0.982 0.004 
 25 QAc-G-0083    (0)   :  0.070 0.512 0.418 
 26 QAc-G-0001   (13)   :  0.990 0.004 0.007 
 27 QAc-G-0002    (0)   :  0.993 0.003 0.003 
 28 QAc-G-0285    (0)   :  0.012 0.015 0.974 
 29 QAc-G-0286    (0)   :  0.004 0.003 0.993 
 30 QAc-G-0287    (0)   :  0.004 0.004 0.992 
 31 QAc-G-0288    (6)   :  0.013 0.007 0.979 
 32 QAc-G-0289    (0)   :  0.005 0.004 0.991 
 33 QAc-G-0290    (0)   :  0.004 0.005 0.991 
 34 QAc-G-0291    (0)   :  0.007 0.003 0.990 
 35 QAc-G-0292    (0)   :  0.004 0.046 0.950 
 36 QAc-G-0293    (0)   :  0.009 0.003 0.988 
 37 QAc-G-0294    (0)   :  0.019 0.975 0.006 
 38 QAc-G-0295    (0)   :  0.029 0.950 0.022 
 39 QAc-G-0296    (0)   :  0.005 0.979 0.015 
 40 QAc-G-0297    (0)   :  0.007 0.989 0.004 
 41 QAc-G-0298    (6)   :  0.014 0.979 0.007 
 42 QAc-G-0299    (0)   :  0.011 0.973 0.017 
 43 QAc-G-0300    (0)   :  0.004 0.990 0.006 
 44 QAc-G-0301    (0)   :  0.014 0.965 0.020 
 45 QAc-G-0302    (0)   :  0.005 0.988 0.007 
 46 QAc-G-0303    (0)   :  0.005 0.983 0.012 
 47 QAc-G-0304    (0)   :  0.005 0.004 0.991 
 48 QAc-G-0305    (0)   :  0.139 0.048 0.813 
 49 QAc-G-0306    (0)   :  0.005 0.003 0.992 
 50 QAc-G-0307    (0)   :  0.919 0.060 0.021 
 51 QAc-G-0308    (0)   :  0.976 0.009 0.015 
 52 QAc-G-0309    (0)   :  0.989 0.005 0.006 
 53 QAc-G-0310    (0)   :  0.991 0.005 0.005 
 54 QAc-G-0311    (0)   :  0.993 0.003 0.004 
 55 QAc-G-0312    (0)   :  0.530 0.461 0.008 
 56 QAc-G-0313    (0)   :  0.016 0.948 0.036 
 57 QAc-G-0314    (0)   :  0.010 0.985 0.004 
 58 QAc-G-0315    (0)   :  0.006 0.965 0.029 
 59 QAc-G-0316    (0)   :  0.076 0.907 0.017 
 60 QAc-G-0032    (6)   :  0.007 0.983 0.010 
 61 QAc-G-0033    (0)   :  0.010 0.983 0.008 
 62 QAc-G-0034    (0)   :  0.054 0.938 0.009 
 63 QAc-G-0035    (0)   :  0.010 0.977 0.012 
 64 QAc-G-0036    (0)   :  0.012 0.961 0.027 
 65 QAc-G-0037    (0)   :  0.047 0.917 0.036 
 66 QAc-G-0038    (0)   :  0.003 0.992 0.006 
 67 QAc-G-0039    (0)   :  0.055 0.933 0.012 
 68 QAc-G-0040    (0)   :  0.010 0.959 0.031 
 69 QAc-G-0041    (0)   :  0.007 0.988 0.005 
 70 QAc-G-0042    (0)   :  0.005 0.980 0.015 
 71 QAc-G-0043    (0)   :  0.032 0.952 0.016 
 72 QAc-G-0044    (0)   :  0.005 0.974 0.021 
 73 QAc-G-0045    (0)   :  0.042 0.944 0.014 
 74 QAc-G-0046    (0)   :  0.062 0.933 0.004 
 75 QAc-G-0047    (0)   :  0.053 0.936 0.011 
 76 QAc-G-0048    (0)   :  0.005 0.989 0.007 
 77 QAc-G-0049    (0)   :  0.991 0.003 0.005 
 78 QAc-G-0050    (0)   :  0.231 0.672 0.097 
 79 QAc-G-0051    (0)   :  0.992 0.003 0.005 
 80 QAc-G-0052    (0)   :  0.985 0.011 0.004 
 81 QAc-G-0053    (0)   :  0.985 0.006 0.009 
 82 QAc-G-0054    (0)   :  0.457 0.538 0.006 
 83 QAc-G-0055    (0)   :  0.652 0.343 0.005 
 84 QAc-G-0056    (0)   :  0.035 0.952 0.013 
 85 QAc-G-0057    (0)   :  0.991 0.004 0.005 
 86 QAc-G-0058    (6)   :  0.992 0.004 0.005 
 87 QAc-G-0059    (0)   :  0.751 0.246 0.003 
 88 QAc-G-0060    (6)   :  0.976 0.009 0.015 
 89 QAc-G-0276    (0)   :  0.024 0.015 0.961 
 90 QAc-G-0279    (0)   :  0.008 0.004 0.988 
 91 QAc-G-0280    (6)   :  0.004 0.007 0.989 
 92 QAc-G-0281    (0)   :  0.989 0.004 0.007 
 93 QAc-G-0018    (0)   :  0.055 0.930 0.014 
 94 QAc-G-0019    (0)   :  0.005 0.970 0.025 
 95 QAc-G-0020    (0)   :  0.013 0.982 0.004 
 96 QAc-G-0021    (6)   :  0.018 0.976 0.005 
 97 QAc-G-0022    (6)   :  0.009 0.985 0.006 
 98 QAc-G-0023    (0)   :  0.991 0.004 0.005 
 99 QAc-G-0024    (0)   :  0.991 0.005 0.004 
100 QAc-G-0016    (0)   :  0.304 0.677 0.020 
101 QAc-G-0017    (0)   :  0.004 0.984 0.012 
102 QAc-G-0250    (0)   :  0.048 0.370 0.583 
103 QAc-G-0003    (6)   :  0.006 0.005 0.989 
104 QAc-G-0004    (0)   :  0.007 0.989 0.004 
105 QAc-G-0005    (0)   :  0.009 0.983 0.008 
106 QAc-G-0006    (6)   :  0.006 0.987 0.007 
107 QAc-G-0283    (0)   :  0.006 0.983 0.011 
108 QAc-G-0265    (0)   :  0.403 0.556 0.040 
109 QAc-G-0266    (0)   :  0.991 0.003 0.006 
110 QAc-G-0267    (0)   :  0.009 0.943 0.048 
111 QAc-G-0268   (20)   :  0.023 0.305 0.672 
112 QAc-G-0269    (0)   :  0.006 0.004 0.990 
113 QAc-G-0270    (6)   :  0.007 0.980 0.013 
114 QAc-G-0271    (0)   :  0.005 0.990 0.005 
115 QAc-G-0272    (6)   :  0.013 0.897 0.090 
116 QAc-G-0273    (0)   :  0.988 0.006 0.006 
117 QAc-G-0274    (0)   :  0.005 0.991 0.004 
118 QAc-G-0251    (6)   :  0.006 0.988 0.006 
119 QAc-G-0252    (0)   :  0.006 0.983 0.011 
120 QAc-G-0253    (0)   :  0.990 0.004 0.005 
121 QAc-G-0254    (0)   :  0.993 0.003 0.004 
122 QAc-G-0255    (0)   :  0.005 0.991 0.004 
123 QAc-G-0256    (0)   :  0.009 0.971 0.021 
124 QAc-G-0257    (0)   :  0.007 0.989 0.004 
125 QAc-G-0258    (0)   :  0.003 0.992 0.005 
126 QAc-G-0259    (0)   :  0.003 0.993 0.004 
127 QAc-G-0260    (0)   :  0.009 0.932 0.059 
128 QAc-G-0261    (0)   :  0.009 0.981 0.009 
129 QAc-G-0262    (0)   :  0.017 0.966 0.018 
130 QAc-G-0010    (0)   :  0.018 0.016 0.966 
131 QAc-G-0011    (0)   :  0.006 0.989 0.005 
132 QAc-G-0015    (0)   :  0.930 0.061 0.009 
133 QAc-G-0106    (0)   :  0.005 0.991 0.004 
134 QAc-G-0107    (0)   :  0.011 0.977 0.012 
135 QAc-G-0108    (0)   :  0.004 0.989 0.007 
136 QAc-G-0109    (0)   :  0.011 0.984 0.006 
137 QAc-G-0110    (0)   :  0.006 0.973 0.021 
138 QAc-G-0111    (0)   :  0.007 0.972 0.022 
139 QAc-G-0112    (0)   :  0.011 0.919 0.070 
140 QAc-G-0113    (0)   :  0.030 0.952 0.018 
141 QAc-G-0114    (0)   :  0.008 0.976 0.016 
142 QAc-G-0115    (0)   :  0.004 0.989 0.007 
143 QAc-G-0116    (0)   :  0.013 0.968 0.019 
144 QAc-G-0117    (0)   :  0.014 0.977 0.009 
145 QAc-G-0118    (0)   :  0.003 0.991 0.005 
146 QAc-G-0119    (0)   :  0.008 0.990 0.002 
147 QAc-G-0120    (0)   :  0.007 0.987 0.006 
148 QAc-G-0121    (0)   :  0.005 0.991 0.004 
149 QAc-G-0122    (0)   :  0.006 0.946 0.048 
150 QAc-G-0123    (0)   :  0.004 0.993 0.003 
151 QAc-G-0124    (6)   :  0.008 0.987 0.005 
152 QAc-G-0125    (0)   :  0.029 0.926 0.044 
153 QAc-G-0126    (0)   :  0.034 0.959 0.007 
154 QAc-G-0127    (0)   :  0.006 0.989 0.005 
155 QAc-G-0128    (0)   :  0.012 0.940 0.048 
156 QAc-G-0129    (0)   :  0.005 0.982 0.014 
157 QAc-G-0130    (0)   :  0.003 0.991 0.005 
158 QAc-G-0131    (0)   :  0.006 0.987 0.006 
159 QAc-G-0132    (0)   :  0.011 0.977 0.012 
160 QAc-G-0133    (0)   :  0.006 0.983 0.011 
161 QAc-G-0134    (0)   :  0.013 0.977 0.010 
162 QAc-G-0135    (0)   :  0.012 0.983 0.005 
163 QAc-G-0136    (0)   :  0.009 0.973 0.018 
164 QAc-G-0137    (0)   :  0.005 0.987 0.008 
165 QAc-G-0138    (0)   :  0.017 0.977 0.006 
166 QAc-G-0139    (0)   :  0.003 0.992 0.005 
167 QAc-G-0140    (6)   :  0.006 0.983 0.011 
168 QAc-G-0141    (0)   :  0.031 0.945 0.024 
169 QAc-G-0142    (0)   :  0.004 0.991 0.005 
170 QAc-G-0143    (0)   :  0.019 0.969 0.012 
171 QAc-G-0144    (6)   :  0.011 0.978 0.011 
172 QAc-G-0145    (0)   :  0.004 0.004 0.992 
173 QAc-G-0146    (0)   :  0.008 0.982 0.010 
174 QAc-G-0147    (0)   :  0.006 0.985 0.008 
175 QAc-G-0148    (0)   :  0.006 0.985 0.009 
176 QAc-G-0149    (0)   :  0.004 0.990 0.006 
177 QAc-G-0150    (0)   :  0.006 0.004 0.990 
178 QAc-G-0151    (0)   :  0.005 0.980 0.015 
179 QAc-G-0152    (0)   :  0.010 0.983 0.007 
180 QAc-G-0153    (0)   :  0.003 0.981 0.016 
181 QAc-G-0154    (0)   :  0.004 0.983 0.013 
182 QAc-G-0155    (0)   :  0.003 0.989 0.008 
183 QAc-G-0158    (0)   :  0.009 0.978 0.012 
184 QAc-G-0159    (0)   :  0.006 0.978 0.016 
185 QAc-G-0160    (0)   :  0.004 0.003 0.993 
186 QAc-G-0161    (0)   :  0.004 0.003 0.993 
187 QAc-G-0162    (0)   :  0.011 0.246 0.743 
188 QAc-G-0163    (0)   :  0.003 0.013 0.983 
189 QAc-G-0164    (0)   :  0.010 0.005 0.985 
190 QAc-G-0165    (0)   :  0.004 0.007 0.988 
191 QAc-G-0166    (0)   :  0.004 0.005 0.991 
192 QAc-G-0167    (0)   :  0.005 0.005 0.990 
193 QAc-G-0168    (0)   :  0.005 0.003 0.992 
194 QAc-G-0169    (6)   :  0.007 0.493 0.500 
195 QAc-G-0170    (0)   :  0.005 0.005 0.989 
196 QAc-G-0171    (0)   :  0.004 0.004 0.992 
197 QAc-G-0172    (0)   :  0.014 0.970 0.016 
198 QAc-G-0173    (0)   :  0.007 0.004 0.989 
199 QAc-G-0174    (0)   :  0.008 0.050 0.942 
200 QAc-G-0175    (0)   :  0.005 0.004 0.992 
201 QAc-G-0176    (0)   :  0.015 0.079 0.906 
202 QAc-G-0177    (0)   :  0.005 0.004 0.991 
203 QAc-G-0178    (0)   :  0.025 0.010 0.965 
204 QAc-G-0179    (6)   :  0.004 0.004 0.993 
205 QAc-G-0180    (0)   :  0.004 0.004 0.993 
206 QAc-G-0181    (0)   :  0.003 0.006 0.990 
207 QAc-G-0182    (0)   :  0.004 0.031 0.965 
208 QAc-G-0183    (6)   :  0.007 0.004 0.989 
209 QAc-G-0184    (0)   :  0.004 0.004 0.992 
210 QAc-G-0185    (0)   :  0.006 0.010 0.984 
211 QAc-G-0186    (0)   :  0.003 0.006 0.991 
212 QAc-G-0187    (0)   :  0.029 0.010 0.962 
213 QAc-G-0188    (0)   :  0.005 0.796 0.199 
214 QAc-G-0189    (0)   :  0.005 0.003 0.992 
215 QAc-G-0190    (0)   :  0.005 0.004 0.990 
216 QAc-G-0191    (0)   :  0.005 0.004 0.990 
217 QAc-G-0192    (0)   :  0.004 0.003 0.993 
218 QAc-G-0193    (0)   :  0.005 0.005 0.990 
219 QAc-G-0194    (0)   :  0.006 0.006 0.988 
220 QAc-G-0195    (0)   :  0.086 0.008 0.905 
221 QAc-G-0196    (0)   :  0.006 0.004 0.990 
222 QAc-G-0197    (0)   :  0.004 0.003 0.993 
223 QAc-G-0198    (0)   :  0.004 0.004 0.992 
224 QAc-G-0199    (0)   :  0.018 0.039 0.944 
225 QAc-G-0200    (0)   :  0.004 0.007 0.989 
226 QAc-G-0201    (0)   :  0.004 0.004 0.992 
227 QAc-G-0202    (6)   :  0.012 0.005 0.984 
228 QAc-G-0203    (0)   :  0.016 0.005 0.979 
229 QAc-G-0204    (0)   :  0.006 0.005 0.989 
230 QAc-G-0205    (0)   :  0.993 0.003 0.004 
231 QAc-G-0206    (0)   :  0.907 0.089 0.004 
232 QAc-G-0207    (0)   :  0.984 0.008 0.007 
233 QAc-G-0208    (0)   :  0.992 0.004 0.004 
234 QAc-G-0209    (0)   :  0.989 0.004 0.007 
235 QAc-G-0210    (0)   :  0.993 0.004 0.003 
236 QAc-G-0211    (0)   :  0.993 0.004 0.003 
237 QAc-G-0212    (0)   :  0.991 0.004 0.005 
238 QAc-G-0213    (0)   :  0.989 0.005 0.006 
239 QAc-G-0214    (0)   :  0.991 0.003 0.005 
240 QAc-G-0215    (0)   :  0.992 0.004 0.004 
241 QAc-G-0216    (0)   :  0.281 0.550 0.169 
242 QAc-G-0217    (0)   :  0.986 0.008 0.006 
243 QAc-G-0218    (0)   :  0.988 0.006 0.005 
244 QAc-G-0219    (0)   :  0.968 0.020 0.011 
245 QAc-G-0220    (0)   :  0.986 0.010 0.004 
246 QAc-G-0221    (0)   :  0.972 0.018 0.010 
247 QAc-G-0222    (0)   :  0.991 0.004 0.005 
248 QAc-G-0223    (0)   :  0.991 0.005 0.004 
249 QAc-G-0224    (0)   :  0.989 0.005 0.006 
250 QAc-G-0226    (0)   :  0.992 0.005 0.004 
251 QAc-G-0227    (0)   :  0.008 0.978 0.014 
252 QAc-G-0228    (6)   :  0.021 0.967 0.012 
253 QAc-G-0229    (0)   :  0.010 0.976 0.013 
254 QAc-G-0230    (0)   :  0.036 0.951 0.013 
255 QAc-G-0231    (0)   :  0.989 0.004 0.007 
256 QAc-G-0232    (0)   :  0.006 0.991 0.004 
257 QAc-G-0233    (0)   :  0.022 0.972 0.006 
258 QAc-G-0234    (0)   :  0.010 0.962 0.028 
259 QAc-G-0235    (0)   :  0.017 0.973 0.010 
260 QAc-G-0236    (0)   :  0.009 0.981 0.010 
261 QAc-G-0237    (0)   :  0.021 0.958 0.021 
262 QAc-G-0238    (0)   :  0.027 0.959 0.014 
263 QAc-G-0239    (0)   :  0.008 0.984 0.008 
264 QAc-G-0240    (0)   :  0.004 0.990 0.005 
265 QAc-G-0241    (0)   :  0.007 0.978 0.016 
266 QAc-G-0242    (0)   :  0.014 0.979 0.007 
267 QAc-G-0243    (0)   :  0.013 0.982 0.004 
268 QAc-G-0244    (0)   :  0.011 0.974 0.015 
269 QAc-G-0245    (0)   :  0.005 0.983 0.012 
270 QAc-G-0246    (0)   :  0.007 0.980 0.013 
271 QAc-G-0247    (0)   :  0.011 0.985 0.004 
272 QAc-G-0248    (0)   :  0.004 0.992 0.004 
273 QAc-G-0249    (0)   :  0.018 0.932 0.050 
274 QAc-G-0025    (0)   :  0.991 0.004 0.005 
275 QAc-G-0028    (0)   :  0.033 0.952 0.014 
276 QAc-G-0275    (0)   :  0.982 0.005 0.013 
277 QAc-G-0263    (0)   :  0.091 0.405 0.505 
278 QAc-W-0001    (0)   :  0.009 0.987 0.004 
279 QAc-W-0002    (0)   :  0.007 0.967 0.026 
280 QAc-W-0003    (0)   :  0.029 0.957 0.014 
281 QAc-W-0004    (0)   :  0.024 0.966 0.011 
282 QAc-W-0005    (0)   :  0.007 0.980 0.013 
283 QAc-W-0006    (0)   :  0.011 0.981 0.008 
284 QAc-W-0007   (13)   :  0.009 0.986 0.005 
285 QAc-W-0008    (6)   :  0.004 0.989 0.007 
286 QAc-W-0009    (0)   :  0.008 0.975 0.017 
287 QAc-W-0010    (0)   :  0.008 0.981 0.011 
288 QAc-W-0011    (0)   :  0.013 0.966 0.020 
289 QAc-W-0012    (0)   :  0.007 0.977 0.016 
290 QAc-W-0013    (0)   :  0.191 0.794 0.015 
291 QAc-W-0014    (0)   :  0.006 0.989 0.005 
292 QAc-W-0015    (0)   :  0.032 0.867 0.101 
293 QAc-W-0016    (0)   :  0.011 0.980 0.008 
294 QAc-W-0017    (0)   :  0.032 0.938 0.031 
295 QAc-W-0018    (0)   :  0.029 0.967 0.005 
296 QAc-W-0019    (0)   :  0.010 0.975 0.014 
297 QAc-W-0020    (0)   :  0.004 0.990 0.006 
298 QAc-W-0021    (0)   :  0.143 0.839 0.018 
299 QAc-W-0022    (0)   :  0.025 0.957 0.019 
300 QAc-W-0023    (6)   :  0.014 0.982 0.004 
301 QAc-W-0024    (0)   :  0.148 0.795 0.056 
302 QAc-W-0025    (0)   :  0.008 0.985 0.007 
303 QAc-W-0026    (0)   :  0.038 0.899 0.063 
304 QAc-W-0027    (0)   :  0.007 0.978 0.015 
305 QAc-W-0028    (0)   :  0.005 0.986 0.009 
306 QAc-W-0029    (0)   :  0.008 0.987 0.004 
307 QAc-W-0030    (0)   :  0.008 0.975 0.017 
308 QAc-W-0031    (0)   :  0.122 0.870 0.009 
309 QAc-W-0032    (0)   :  0.006 0.991 0.003 
310 QAc-W-0033    (0)   :  0.011 0.981 0.008 
311 QAc-W-0034    (0)   :  0.005 0.989 0.007 
312 QAc-W-0035    (0)   :  0.014 0.969 0.018 
313 QAc-W-0036    (0)   :  0.004 0.990 0.006 
314 QAc-W-0037    (0)   :  0.025 0.933 0.043 
315 QAc-W-0038    (0)   :  0.006 0.970 0.024 
316 QAc-W-0039    (0)   :  0.030 0.883 0.087 
317 QAc-W-0040    (0)   :  0.009 0.975 0.016 
318 QAc-W-0041    (0)   :  0.162 0.794 0.045 
319 QAc-W-0042    (0)   :  0.014 0.962 0.024 
320 QAc-W-0043    (0)   :  0.013 0.931 0.056 
321 QAc-W-0044    (0)   :  0.006 0.963 0.032 
322 QAc-W-0045    (0)   :  0.007 0.981 0.012 
323 QAc-W-0046    (0)   :  0.019 0.952 0.029 
324 QAc-W-0047    (0)   :  0.004 0.975 0.022 
325 QAc-W-0048    (0)   :  0.011 0.985 0.004 
326 QAc-W-0049    (0)   :  0.012 0.983 0.005 
327 QAc-W-0050    (0)   :  0.030 0.959 0.012 
328 QAc-W-0051    (0)   :  0.010 0.963 0.028 
329 QAc-W-0052    (0)   :  0.004 0.990 0.006 
330 QAc-W-0053    (0)   :  0.004 0.992 0.004 
331 QAc-W-0054    (0)   :  0.006 0.789 0.204 
332 QAc-W-0055    (0)   :  0.065 0.336 0.599 
333 QAc-W-0056    (0)   :  0.051 0.933 0.017 
334 QAc-W-0057    (0)   :  0.099 0.847 0.054 
335 QAc-W-0058    (0)   :  0.258 0.714 0.028 
336 QAc-W-0059    (0)   :  0.004 0.988 0.008 
337 QAc-W-0060    (0)   :  0.007 0.206 0.787 
338 QAc-W-0061    (0)   :  0.025 0.075 0.899 
339 QAc-W-0062    (0)   :  0.050 0.141 0.809 
340 QAc-W-0063    (0)   :  0.036 0.588 0.375 
341 QAc-W-0064    (0)   :  0.031 0.214 0.755 
342 QAc-W-0065    (0)   :  0.017 0.344 0.639 
343 QAc-W-0066    (0)   :  0.005 0.004 0.991 
344 QAc-W-0067    (0)   :  0.005 0.003 0.992 
345 QAc-W-0068    (0)   :  0.004 0.003 0.993 
346 QAc-W-0069    (0)   :  0.004 0.004 0.992 
347 QAc-W-0070    (0)   :  0.004 0.003 0.993 
348 QAc-W-0071    (6)   :  0.006 0.006 0.988 
349 QAc-W-0072    (0)   :  0.010 0.833 0.158 
350 QAc-W-0073    (0)   :  0.016 0.619 0.365 
351 QAc-W-0074    (0)   :  0.015 0.030 0.955 
352 QAc-W-0075    (0)   :  0.008 0.012 0.980 
353 QAc-W-0076    (0)   :  0.041 0.102 0.857 
354 QAc-W-0077    (0)   :  0.005 0.050 0.946 
355 QAc-W-0078    (0)   :  0.653 0.293 0.054 
356 QAc-W-0079    (6)   :  0.959 0.013 0.028 
357 QAc-W-0080   (13)   :  0.976 0.019 0.005 
358 QAc-W-0081    (0)   :  0.990 0.006 0.005 
359 QAc-W-0082    (0)   :  0.583 0.406 0.011 
360 QAc-W-0083    (0)   :  0.921 0.036 0.044 
361 QAc-W-0084    (0)   :  0.990 0.005 0.005 
362 QAc-W-0085    (0)   :  0.991 0.004 0.005 
363 QAc-W-0086    (0)   :  0.987 0.006 0.007 
364 QAc-W-0087    (0)   :  0.985 0.008 0.007 
365 QAc-W-0088    (0)   :  0.971 0.025 0.004 
366 QAc-W-0089    (0)   :  0.987 0.005 0.008 
367 QAc-W-0090    (0)   :  0.988 0.005 0.007 
368 QAc-W-0091    (0)   :  0.977 0.016 0.007 
369 QAc-W-0092    (0)   :  0.656 0.336 0.008 
370 QAc-W-0093    (0)   :  0.829 0.167 0.004 
371 QAc-W-0094    (0)   :  0.699 0.294 0.007 
372 QAc-W-0095    (0)   :  0.970 0.023 0.007 
373 QAc-W-0096    (0)   :  0.789 0.178 0.034 
374 QAc-W-0097    (0)   :  0.833 0.154 0.013 
375 QAc-W-0098    (0)   :  0.989 0.007 0.004 
376 QAc-W-0099    (0)   :  0.883 0.110 0.007 
377 QAc-W-0100    (0)   :  0.989 0.007 0.004 
378 QAc-W-0101    (0)   :  0.960 0.006 0.033 
379 QAc-W-0104    (0)   :  0.968 0.027 0.005 
380 QAc-W-0105    (0)   :  0.987 0.007 0.006 
381 QAc-W-0106    (0)   :  0.975 0.019 0.006 
382 QAc-W-0107    (0)   :  0.988 0.005 0.007 
383 QAc-W-0108    (0)   :  0.989 0.004 0.007 
384 QAc-W-0109    (0)   :  0.970 0.011 0.020 
385 QAc-W-0110   (13)   :  0.362 0.622 0.016 
386 QAc-W-0111    (6)   :  0.986 0.008 0.006 
387 QAc-W-0112   (13)   :  0.979 0.017 0.004 
388 QAc-W-0113   (13)   :  0.013 0.983 0.005 
389 QAc-W-0114   (13)   :  0.049 0.943 0.008 
390 QAc-W-0115    (0)   :  0.010 0.979 0.012 
391 QAc-W-0116    (0)   :  0.008 0.989 0.003 
392 QAc-W-0117    (0)   :  0.004 0.990 0.006 
393 QAc-W-0118    (0)   :  0.081 0.847 0.072 
394 QAc-W-0119    (0)   :  0.010 0.960 0.030 
395 QAc-W-0120    (0)   :  0.007 0.958 0.035 
396 QAc-W-0121    (0)   :  0.005 0.921 0.075 
397 QAc-W-0122    (0)   :  0.013 0.981 0.006 
398 QAc-W-0123    (6)   :  0.030 0.960 0.009 
399 QAc-W-0124    (0)   :  0.066 0.834 0.100 
400 QAc-W-0125    (0)   :  0.042 0.925 0.034 
401 QAc-W-0126   (13)   :  0.056 0.935 0.009 
402 QAc-W-0127    (6)   :  0.006 0.987 0.007 
403 QAc-W-0128   (13)   :  0.041 0.945 0.014 
404 QAc-W-0129   (13)   :  0.009 0.984 0.007 
405 QAc-W-0130   (13)   :  0.012 0.982 0.006 
406 QAc-W-0131    (0)   :  0.013 0.977 0.009 
407 QAc-W-0132    (6)   :  0.044 0.918 0.038 
408 QAc-W-0133    (6)   :  0.054 0.758 0.188 
409 QAc-W-0134    (0)   :  0.012 0.979 0.009 
410 QAc-W-0135    (0)   :  0.007 0.970 0.022 
411 QAc-W-0136    (0)   :  0.006 0.987 0.007 
412 QAc-W-0137    (0)   :  0.004 0.987 0.010 
413 QAc-W-0138    (0)   :  0.004 0.989 0.008 
414 QAc-W-0139    (0)   :  0.031 0.933 0.036 
415 QAc-W-0140    (0)   :  0.004 0.989 0.007 
416 QAc-W-0141    (6)   :  0.009 0.975 0.016 
417 QAc-W-0142    (0)   :  0.007 0.962 0.031 
418 QAc-W-0143    (0)   :  0.029 0.964 0.007 
419 QAc-W-0144    (0)   :  0.011 0.986 0.004 
420 QAc-W-0145    (0)   :  0.007 0.988 0.005 
421 QAc-W-0146    (0)   :  0.019 0.976 0.005 
422 QAc-W-0147    (0)   :  0.021 0.970 0.009 
423 QAc-W-0148    (0)   :  0.004 0.984 0.012 
424 QAc-W-0149    (0)   :  0.018 0.976 0.005 
425 QAc-W-0150    (0)   :  0.028 0.966 0.006 
426 QAc-W-0151    (0)   :  0.009 0.973 0.019 
427 QAc-W-0152    (0)   :  0.009 0.978 0.012 
428 QAc-W-0153    (0)   :  0.063 0.923 0.014 
429 QAc-W-0154    (0)   :  0.006 0.987 0.007 
430 QAc-W-0155    (0)   :  0.006 0.987 0.006 
431 QAc-W-0156    (0)   :  0.110 0.886 0.005 
432 QAc-W-0157    (0)   :  0.004 0.977 0.019 
433 QAc-W-0158    (0)   :  0.041 0.930 0.028 
434 QAc-W-0159    (0)   :  0.005 0.988 0.007 
435 QAc-W-0160    (0)   :  0.007 0.985 0.007 
436 QAc-W-0161    (0)   :  0.003 0.992 0.005 
437 QAc-W-0162    (0)   :  0.007 0.982 0.011 
438 QAc-W-0163    (0)   :  0.006 0.985 0.009 
439 QAc-W-0164    (0)   :  0.008 0.978 0.014 
440 QAc-W-0165    (0)   :  0.004 0.957 0.038 
441 QAc-W-0166    (0)   :  0.006 0.984 0.010 


Estimated Allele Frequencies in each cluster
First column gives estimated ancestral frequencies


Locus 1 : 
21 alleles
0.5% missing data
 210   (0.086) 0.216 0.116 0.003 
 212   (0.112) 0.221 0.108 0.204 
 202   (0.059) 0.134 0.068 0.001 
 226   (0.065) 0.112 0.034 0.177 
 216   (0.070) 0.093 0.079 0.001 
 200   (0.188) 0.130 0.312 0.379 
 224   (0.049) 0.003 0.035 0.139 
 218   (0.056) 0.057 0.048 0.001 
 222   (0.036) 0.001 0.048 0.000 
 228   (0.017) 0.000 0.001 0.060 
 214   (0.052) 0.001 0.052 0.030 
 208   (0.050) 0.030 0.040 0.001 
 220   (0.019) 0.000 0.007 0.000 
 206   (0.026) 0.000 0.021 0.001 
 196   (0.014) 0.000 0.003 0.000 
 238   (0.015) 0.000 0.003 0.000 
 121   (0.015) 0.000 0.003 0.000 
 204   (0.019) 0.000 0.007 0.000 
 190   (0.014) 0.000 0.003 0.000 
 198   (0.015) 0.000 0.003 0.000 
 232   (0.024) 0.000 0.012 0.000 

Locus 2 : 
15 alleles
1.6% missing data
 171   (0.177) 0.155 0.305 0.003 
 175   (0.091) 0.237 0.050 0.120 
 185   (0.075) 0.145 0.061 0.005 
 181   (0.101) 0.344 0.058 0.334 
 179   (0.089) 0.002 0.115 0.121 
 173   (0.182) 0.065 0.218 0.319 
 177   (0.044) 0.001 0.020 0.094 
 183   (0.061) 0.022 0.053 0.001 
 187   (0.047) 0.001 0.059 0.002 
 189   (0.040) 0.001 0.043 0.001 
 191   (0.029) 0.025 0.006 0.000 
 163   (0.015) 0.000 0.003 0.000 
 165   (0.015) 0.000 0.003 0.000 
 193   (0.017) 0.000 0.003 0.000 
 169   (0.015) 0.000 0.003 0.000 

Locus 3 : 
7 alleles
2.5% missing data
 206   (0.823) 0.982 0.926 0.982 
 208   (0.051) 0.002 0.045 0.003 
 198   (0.016) 0.006 0.001 0.000 
 204   (0.052) 0.009 0.016 0.015 
 218   (0.020) 0.000 0.005 0.000 
 230   (0.018) 0.000 0.003 0.000 
 212   (0.020) 0.001 0.005 0.000 

Locus 4 : 
15 alleles
3.6% missing data
 165   (0.115) 0.587 0.069 0.082 
 173   (0.038) 0.323 0.008 0.001 
 163   (0.138) 0.008 0.186 0.018 
 167   (0.136) 0.030 0.199 0.002 
 161   (0.303) 0.016 0.442 0.874 
 153   (0.020) 0.000 0.005 0.000 
 171   (0.040) 0.009 0.020 0.001 
 179   (0.018) 0.000 0.003 0.000 
 157   (0.032) 0.001 0.022 0.001 
 149   (0.016) 0.000 0.003 0.000 
 177   (0.036) 0.019 0.011 0.001 
 155   (0.018) 0.000 0.005 0.000 
 175   (0.019) 0.000 0.005 0.000 
 169   (0.035) 0.006 0.014 0.000 
 159   (0.036) 0.001 0.009 0.019 

Locus 5 : 
16 alleles
0.0% missing data
 148   (0.110) 0.389 0.081 0.355 
 160   (0.038) 0.076 0.013 0.001 
 146   (0.091) 0.278 0.050 0.321 
 154   (0.068) 0.005 0.058 0.043 
 150   (0.058) 0.002 0.052 0.017 
 138   (0.107) 0.100 0.126 0.011 
 166   (0.049) 0.001 0.075 0.001 
 164   (0.022) 0.000 0.010 0.000 
 142   (0.031) 0.001 0.012 0.006 
 144   (0.151) 0.020 0.214 0.203 
 140   (0.070) 0.002 0.149 0.001 
 158   (0.045) 0.048 0.026 0.001 
 162   (0.031) 0.066 0.007 0.000 
 152   (0.081) 0.002 0.112 0.038 
 134   (0.022) 0.000 0.010 0.000 
 156   (0.027) 0.011 0.005 0.000 

Locus 6 : 
12 alleles
0.0% missing data
 225   (0.051) 0.104 0.010 0.188 
 239   (0.117) 0.035 0.082 0.462 
 229   (0.022) 0.323 0.002 0.000 
 235   (0.253) 0.406 0.259 0.267 
 237   (0.157) 0.013 0.221 0.056 
 233   (0.138) 0.050 0.155 0.018 
 227   (0.069) 0.001 0.119 0.001 
 245   (0.040) 0.001 0.046 0.001 
 241   (0.069) 0.065 0.046 0.005 
 231   (0.035) 0.001 0.031 0.001 
 243   (0.034) 0.001 0.027 0.001 
 251   (0.015) 0.000 0.003 0.000 

Locus 7 : 
7 alleles
0.0% missing data
 118   (0.791) 0.960 0.873 0.976 
 124   (0.066) 0.001 0.097 0.001 
 116   (0.036) 0.003 0.014 0.006 
 114   (0.045) 0.024 0.010 0.005 
 122   (0.018) 0.000 0.003 0.000 
 112   (0.026) 0.012 0.003 0.000 
 120   (0.017) 0.000 0.001 0.011 

Locus 8 : 
5 alleles
0.5% missing data
 135   (0.083) 0.020 0.052 0.011 
 139   (0.697) 0.895 0.765 0.946 
 137   (0.163) 0.084 0.153 0.042 
 143   (0.032) 0.001 0.020 0.001 
 141   (0.026) 0.001 0.010 0.000 

Locus 9 : 
15 alleles
1.6% missing data
 116   (0.258) 0.371 0.299 0.181 
 112   (0.102) 0.076 0.076 0.076 
 118   (0.088) 0.510 0.079 0.002 
 122   (0.099) 0.002 0.126 0.530 
 114   (0.167) 0.029 0.205 0.137 
 120   (0.049) 0.001 0.071 0.002 
 130   (0.045) 0.001 0.056 0.001 
 124   (0.047) 0.001 0.025 0.067 
 110   (0.016) 0.000 0.003 0.000 
 134   (0.016) 0.000 0.003 0.000 
 128   (0.028) 0.001 0.020 0.000 
 126   (0.036) 0.002 0.029 0.001 
 108   (0.018) 0.000 0.005 0.000 
 106   (0.016) 0.000 0.002 0.002 
 138   (0.015) 0.006 0.001 0.000 

Locus 10 : 
8 alleles
0.0% missing data
 232   (0.770) 0.974 0.827 0.994 
 238   (0.084) 0.002 0.134 0.001 
 220   (0.027) 0.001 0.012 0.000 
 226   (0.017) 0.011 0.001 0.000 
 234   (0.024) 0.000 0.009 0.000 
 240   (0.020) 0.000 0.005 0.000 
 236   (0.024) 0.001 0.006 0.003 
 244   (0.033) 0.011 0.007 0.000 

Locus 11 : 
8 alleles
0.0% missing data
 165   (0.726) 0.863 0.827 0.763 
 167   (0.100) 0.123 0.049 0.232 
 161   (0.086) 0.011 0.109 0.001 
 153   (0.018) 0.002 0.002 0.000 
 169   (0.017) 0.000 0.002 0.003 
 155   (0.016) 0.000 0.003 0.000 
 173   (0.017) 0.000 0.003 0.000 
 163   (0.020) 0.000 0.005 0.000 

Locus 12 : 
9 alleles
0.0% missing data
 137   (0.455) 0.300 0.557 0.452 
 140   (0.196) 0.346 0.205 0.016 
 134   (0.235) 0.348 0.211 0.531 
 149   (0.016) 0.000 0.003 0.000 
 131   (0.017) 0.003 0.002 0.000 
 143   (0.024) 0.000 0.009 0.000 
 128   (0.017) 0.000 0.003 0.000 
 125   (0.023) 0.000 0.009 0.000 
 146   (0.017) 0.000 0.003 0.000 

Locus 13 : 
20 alleles
0.2% missing data
 206   (0.121) 0.414 0.138 0.040 
 210   (0.092) 0.272 0.067 0.347 
 190   (0.040) 0.001 0.060 0.001 
 202   (0.088) 0.071 0.137 0.002 
 214   (0.036) 0.001 0.016 0.164 
 212   (0.057) 0.001 0.058 0.135 
 192   (0.083) 0.028 0.141 0.001 
 204   (0.037) 0.001 0.032 0.007 
 184   (0.060) 0.086 0.050 0.004 
 216   (0.042) 0.001 0.044 0.006 
 208   (0.052) 0.001 0.049 0.021 
 200   (0.068) 0.086 0.076 0.002 
 198   (0.028) 0.001 0.021 0.001 
 194   (0.079) 0.033 0.071 0.184 
 186   (0.022) 0.001 0.003 0.083 
 188   (0.022) 0.000 0.008 0.000 
 196   (0.026) 0.002 0.015 0.000 
 220   (0.013) 0.000 0.002 0.000 
 180   (0.016) 0.000 0.005 0.000 
 182   (0.017) 0.000 0.006 0.000 

Locus 14 : 
8 alleles
1.6% missing data
 139   (0.101) 0.202 0.059 0.132 
 145   (0.089) 0.110 0.054 0.016 
 151   (0.319) 0.562 0.337 0.452 
 157   (0.302) 0.105 0.408 0.139 
 154   (0.073) 0.002 0.058 0.259 
 163   (0.045) 0.017 0.025 0.001 
 142   (0.029) 0.002 0.014 0.000 
 160   (0.042) 0.001 0.045 0.001 

Locus 15 : 
14 alleles
1.1% missing data
 256   (0.154) 0.131 0.143 0.160 
 262   (0.029) 0.404 0.005 0.000 
 246   (0.079) 0.099 0.076 0.001 
 258   (0.152) 0.031 0.264 0.004 
 254   (0.093) 0.004 0.089 0.181 
 250   (0.036) 0.001 0.009 0.525 
 242   (0.105) 0.186 0.069 0.091 
 252   (0.084) 0.129 0.059 0.012 
 248   (0.134) 0.006 0.211 0.024 
 260   (0.057) 0.007 0.054 0.001 
 264   (0.016) 0.000 0.003 0.000 
 244   (0.029) 0.002 0.014 0.001 
 276   (0.016) 0.000 0.003 0.000 
 240   (0.016) 0.000 0.003 0.000 

Values of parameters used in structure:
DATAFILE=C:\Users\eschumacher\Documents\GitHub\GCC_QUAC_ZAIN\Data_Files\Structure_Files\QUAC\QUAC_woK_nopopinfo_garden_wild\QUAC_woK_nopopinfo_garden_wild\project_data,	OUTFILE=C:\Users\eschumacher\Documents\GitHub\GCC_QUAC_ZAIN\Data_Files\Structure_Files\QUAC\QUAC_woK_nopopinfo_garden_wild\QUAC_woK_nopopinfo_garden_wild\50-50\Results\50-50_run_11,	NUMINDS=441,	NUMLOCI=15,	MISSING=-9,	LABEL=1,	POPDATA=0,	POPFLAG=0,	PHENOTYPE=0,	EXTRACOLS=0,	MAXPOPS=3,	BURNIN=50000,	NUMREPS=50000,	USEPOPINFO=0,	INFERALPHA=1,	INFERLAMBDA=0,	POPSPECIFICLAMBDA=0,	POPALPHAS=0,	COMPUTEPROB=1,	NOADMIX=0,	ADMBURNIN=2500,	UPDATEFREQ=1,	PRINTLIKES=0,	INTERMEDSAVE=0,	PRINTKLD=0,	PRINTNET=0,	PRINTLAMBDA=0,	ANCESTDIST=0,	NUMBOXES=1000,	ANCESTPINT=0.90000,	GENSBACK=2,	MIGRPRIOR=0.05000,	PRINTQHAT=0,	PRINTQSUM=0,	ALPHA=1.0000,	FREQSCORR=1,	FPRIORMEAN=0.0100,	FPRIORSD=0.0500,	ONEFST=0,	LAMBDA=1.0000,	UNIFPRIORALPHA=1,	ALPHAMAX=10.0000,	ALPHAPRIORA=1.0000,	ALPHAPRIORB=2.0000,	ALPHAPROPSD=0.0250,	STARTATPOPINFO=0,	RANDOMIZE=1,	LINKAGE=0,	METROFREQ=10,	REPORTHITRATE=0,	MARKOVPHASE=-1,	PHASED=0,	PLOIDY=2,	PHASEINFO=0	LOCPRIOR=0, 	LOCPRIORINIT=1.000000, 	LOCDATA=0, 	LOCISPOP=0, 	LOCPRIORSTEP=0.100000, 	MAXLOCPRIOR=20.000000, 	SEED=1670365736,	
[STRAT parameters]:    NUMSIMSTATS=1000,	PHENOTYPECOL=-9,	POOLFREQ=10,	LOCUSxONLY=0,	EMERROR=0.00100,	MISSINGPHENO=-9,	