

----------------------------------------------------
STRUCTURE by Pritchard, Stephens and Donnelly (2000)
     and Falush, Stephens and Pritchard (2003)
       Code by Pritchard, Falush and Hubisz
             Version 2.3.4 (Jul 2012)
----------------------------------------------------



Command line arguments:   bin\structure -m C:\Users\eschumacher\Documents\GitHub\GCC_QUAC_ZAIN\Data_Files\Structure_Files\QUAC\QUAC_woK_nopopinfo_garden_wild\QUAC_woK_nopopinfo_garden_wild\50-50\mainparams -e C:\Users\eschumacher\Documents\GitHub\GCC_QUAC_ZAIN\Data_Files\Structure_Files\QUAC\QUAC_woK_nopopinfo_garden_wild\QUAC_woK_nopopinfo_garden_wild\50-50\extraparams 
Input File:    C:\Users\eschumacher\Documents\GitHub\GCC_QUAC_ZAIN\Data_Files\Structure_Files\QUAC\QUAC_woK_nopopinfo_garden_wild\QUAC_woK_nopopinfo_garden_wild\project_data

Run parameters:
   441 individuals
   15 loci
   10 populations assumed
   50000 Burn-in period
   50000 Reps


--------------------------------------------
Overall proportion of membership of the
sample in each of the 10 clusters

Inferred Clusters
  1      2      3      4      5      6      7      8      9     10    
0.055  0.065  0.121  0.126  0.098  0.072  0.060  0.182  0.077  0.143  

--------------------------------------------

Allele-freq. divergence among pops (Net nucleotide distance),
computed using point estimates of P.

      1       2       3       4       5       6       7       8       9      10      
 1      -    0.0774  0.0692  0.0544  0.0635  0.0827  0.0311  0.1127  0.0445  0.1057  
 2   0.0774     -    0.1069  0.0842  0.0991  0.1421  0.0628  0.1095  0.0974  0.0949  
 3   0.0692  0.1069     -    0.0714  0.0390  0.1109  0.0428  0.1196  0.0844  0.1209  
 4   0.0544  0.0842  0.0714     -    0.0549  0.1016  0.0330  0.1068  0.0763  0.1293  
 5   0.0635  0.0991  0.0390  0.0549     -    0.1002  0.0394  0.0976  0.0835  0.1192  
 6   0.0827  0.1421  0.1109  0.1016  0.1002     -    0.0883  0.1697  0.1169  0.1682  
 7   0.0311  0.0628  0.0428  0.0330  0.0394  0.0883     -    0.0700  0.0397  0.0982  
 8   0.1127  0.1095  0.1196  0.1068  0.0976  0.1697  0.0700     -    0.1316  0.1453  
 9   0.0445  0.0974  0.0844  0.0763  0.0835  0.1169  0.0397  0.1316     -    0.1425  
10   0.1057  0.0949  0.1209  0.1293  0.1192  0.1682  0.0982  0.1453  0.1425     -    

Average distances (expected heterozygosity) between individuals in same cluster:
cluster  1  : 0.6059 
cluster  2  : 0.5125 
cluster  3  : 0.5486 
cluster  4  : 0.5533 
cluster  5  : 0.5462 
cluster  6  : 0.4639 
cluster  7  : 0.6938 
cluster  8  : 0.4888 
cluster  9  : 0.6085 
cluster 10  : 0.3998 

--------------------------------------------
Estimated Ln Prob of Data   = -15493.6
Mean value of ln likelihood = -14891.9
Variance of ln likelihood   = 1203.4
Mean value of alpha         = 0.0336

Mean value of Fst_1         = 0.1368
Mean value of Fst_2         = 0.2629
Mean value of Fst_3         = 0.2133
Mean value of Fst_4         = 0.1443
Mean value of Fst_5         = 0.1628
Mean value of Fst_6         = 0.4149
Mean value of Fst_7         = 0.0104
Mean value of Fst_8         = 0.2840
Mean value of Fst_9         = 0.1131
Mean value of Fst_10         = 0.4985


Inferred ancestry of individuals:
        Label (%Miss) :  Inferred clusters
  1 QAc-G-0029    (0)   :  0.003 0.006 0.028 0.005 0.009 0.004 0.014 0.913 0.003 0.013 
  2 QAc-G-0030    (0)   :  0.003 0.004 0.002 0.003 0.003 0.002 0.003 0.975 0.003 0.003 
  3 QAc-G-0031    (0)   :  0.003 0.006 0.002 0.003 0.003 0.002 0.003 0.972 0.002 0.004 
  4 QAc-G-0061    (0)   :  0.005 0.003 0.007 0.005 0.007 0.007 0.004 0.957 0.002 0.003 
  5 QAc-G-0062    (0)   :  0.020 0.366 0.006 0.107 0.009 0.413 0.043 0.005 0.006 0.025 
  6 QAc-G-0063    (0)   :  0.022 0.184 0.060 0.033 0.081 0.013 0.065 0.005 0.007 0.530 
  7 QAc-G-0064    (0)   :  0.004 0.005 0.005 0.003 0.003 0.966 0.003 0.003 0.003 0.005 
  8 QAc-G-0065    (0)   :  0.004 0.002 0.003 0.002 0.003 0.973 0.003 0.004 0.004 0.002 
  9 QAc-G-0066    (0)   :  0.003 0.004 0.003 0.003 0.003 0.003 0.003 0.004 0.002 0.973 
 10 QAc-G-0067    (0)   :  0.004 0.003 0.003 0.003 0.004 0.967 0.003 0.007 0.003 0.003 
 11 QAc-G-0068    (0)   :  0.400 0.004 0.003 0.008 0.003 0.006 0.030 0.004 0.016 0.526 
 12 QAc-G-0070    (0)   :  0.004 0.113 0.007 0.295 0.015 0.008 0.017 0.005 0.007 0.530 
 13 QAc-G-0071   (13)   :  0.005 0.047 0.005 0.007 0.003 0.003 0.006 0.016 0.008 0.901 
 14 QAc-G-0072    (0)   :  0.004 0.003 0.004 0.004 0.004 0.003 0.003 0.003 0.002 0.970 
 15 QAc-G-0073    (0)   :  0.003 0.003 0.966 0.004 0.008 0.003 0.004 0.003 0.003 0.003 
 16 QAc-G-0074    (0)   :  0.011 0.114 0.292 0.034 0.371 0.005 0.029 0.005 0.010 0.130 
 17 QAc-G-0075    (0)   :  0.009 0.011 0.523 0.006 0.372 0.008 0.018 0.012 0.013 0.027 
 18 QAc-G-0076    (0)   :  0.078 0.005 0.583 0.015 0.220 0.013 0.057 0.013 0.003 0.013 
 19 QAc-G-0077    (0)   :  0.004 0.006 0.005 0.002 0.008 0.009 0.004 0.951 0.003 0.009 
 20 QAc-G-0078    (0)   :  0.002 0.003 0.002 0.003 0.003 0.002 0.003 0.976 0.003 0.003 
 21 QAc-G-0079    (0)   :  0.003 0.005 0.004 0.003 0.003 0.002 0.003 0.967 0.005 0.004 
 22 QAc-G-0080    (0)   :  0.019 0.009 0.040 0.005 0.006 0.014 0.661 0.234 0.005 0.006 
 23 QAc-G-0081    (0)   :  0.010 0.031 0.015 0.293 0.035 0.004 0.576 0.007 0.025 0.004 
 24 QAc-G-0082    (0)   :  0.006 0.007 0.013 0.016 0.009 0.003 0.921 0.003 0.020 0.002 
 25 QAc-G-0083    (0)   :  0.005 0.859 0.014 0.010 0.067 0.010 0.008 0.013 0.005 0.010 
 26 QAc-G-0001   (13)   :  0.003 0.004 0.003 0.003 0.003 0.002 0.003 0.971 0.003 0.005 
 27 QAc-G-0002    (0)   :  0.002 0.002 0.003 0.002 0.003 0.002 0.002 0.977 0.002 0.004 
 28 QAc-G-0285    (0)   :  0.007 0.936 0.005 0.008 0.005 0.004 0.006 0.007 0.010 0.013 
 29 QAc-G-0286    (0)   :  0.003 0.005 0.003 0.002 0.003 0.002 0.002 0.003 0.003 0.973 
 30 QAc-G-0287    (0)   :  0.003 0.003 0.002 0.003 0.002 0.002 0.002 0.003 0.002 0.977 
 31 QAc-G-0288    (6)   :  0.010 0.008 0.013 0.037 0.019 0.009 0.012 0.036 0.006 0.852 
 32 QAc-G-0289    (0)   :  0.004 0.003 0.003 0.003 0.004 0.003 0.003 0.004 0.002 0.972 
 33 QAc-G-0290    (0)   :  0.003 0.003 0.003 0.004 0.003 0.006 0.003 0.003 0.002 0.970 
 34 QAc-G-0291    (0)   :  0.005 0.026 0.007 0.002 0.005 0.003 0.005 0.035 0.003 0.908 
 35 QAc-G-0292    (0)   :  0.011 0.719 0.004 0.009 0.005 0.003 0.006 0.004 0.005 0.234 
 36 QAc-G-0293    (0)   :  0.003 0.478 0.003 0.003 0.002 0.003 0.003 0.008 0.002 0.496 
 37 QAc-G-0294    (0)   :  0.074 0.003 0.416 0.007 0.448 0.007 0.023 0.009 0.008 0.004 
 38 QAc-G-0295    (0)   :  0.004 0.006 0.938 0.004 0.017 0.005 0.006 0.009 0.004 0.008 
 39 QAc-G-0296    (0)   :  0.006 0.004 0.947 0.005 0.012 0.008 0.003 0.004 0.003 0.006 
 40 QAc-G-0297    (0)   :  0.028 0.003 0.174 0.009 0.205 0.004 0.539 0.004 0.031 0.003 
 41 QAc-G-0298    (6)   :  0.003 0.004 0.960 0.003 0.009 0.003 0.004 0.006 0.004 0.003 
 42 QAc-G-0299    (0)   :  0.015 0.006 0.522 0.004 0.410 0.004 0.010 0.005 0.014 0.011 
 43 QAc-G-0300    (0)   :  0.007 0.003 0.885 0.011 0.051 0.025 0.006 0.003 0.005 0.004 
 44 QAc-G-0301    (0)   :  0.004 0.009 0.711 0.005 0.061 0.170 0.007 0.007 0.007 0.018 
 45 QAc-G-0302    (0)   :  0.031 0.006 0.004 0.005 0.025 0.003 0.016 0.003 0.898 0.007 
 46 QAc-G-0303    (0)   :  0.032 0.007 0.008 0.028 0.005 0.005 0.029 0.004 0.879 0.004 
 47 QAc-G-0304    (0)   :  0.002 0.007 0.004 0.003 0.003 0.002 0.002 0.004 0.002 0.971 
 48 QAc-G-0305    (0)   :  0.052 0.245 0.005 0.054 0.007 0.003 0.034 0.065 0.032 0.503 
 49 QAc-G-0306    (0)   :  0.003 0.005 0.003 0.003 0.002 0.002 0.003 0.004 0.002 0.974 
 50 QAc-G-0307    (0)   :  0.009 0.024 0.010 0.057 0.010 0.005 0.050 0.816 0.014 0.005 
 51 QAc-G-0308    (0)   :  0.013 0.008 0.017 0.008 0.006 0.003 0.011 0.910 0.009 0.014 
 52 QAc-G-0309    (0)   :  0.005 0.006 0.003 0.004 0.006 0.003 0.012 0.954 0.004 0.004 
 53 QAc-G-0310    (0)   :  0.003 0.004 0.004 0.003 0.005 0.003 0.003 0.967 0.003 0.004 
 54 QAc-G-0311    (0)   :  0.003 0.002 0.003 0.002 0.002 0.002 0.004 0.977 0.002 0.003 
 55 QAc-G-0312    (0)   :  0.020 0.004 0.024 0.033 0.018 0.012 0.735 0.130 0.018 0.006 
 56 QAc-G-0313    (0)   :  0.006 0.050 0.019 0.095 0.012 0.008 0.785 0.013 0.006 0.007 
 57 QAc-G-0314    (0)   :  0.007 0.003 0.080 0.119 0.114 0.009 0.620 0.010 0.033 0.004 
 58 QAc-G-0315    (0)   :  0.077 0.007 0.008 0.023 0.029 0.006 0.822 0.004 0.014 0.010 
 59 QAc-G-0316    (0)   :  0.008 0.009 0.005 0.205 0.018 0.008 0.714 0.018 0.007 0.008 
 60 QAc-G-0032    (6)   :  0.604 0.003 0.017 0.008 0.006 0.132 0.085 0.008 0.127 0.008 
 61 QAc-G-0033    (0)   :  0.006 0.004 0.461 0.006 0.495 0.010 0.004 0.005 0.005 0.005 
 62 QAc-G-0034    (0)   :  0.007 0.004 0.856 0.018 0.034 0.008 0.013 0.048 0.007 0.004 
 63 QAc-G-0035    (0)   :  0.008 0.009 0.096 0.005 0.845 0.008 0.010 0.006 0.006 0.008 
 64 QAc-G-0036    (0)   :  0.008 0.018 0.907 0.015 0.010 0.004 0.011 0.007 0.003 0.016 
 65 QAc-G-0037    (0)   :  0.003 0.004 0.954 0.003 0.007 0.003 0.005 0.007 0.002 0.011 
 66 QAc-G-0038    (0)   :  0.003 0.003 0.943 0.011 0.024 0.003 0.006 0.002 0.003 0.003 
 67 QAc-G-0039    (0)   :  0.020 0.004 0.514 0.024 0.355 0.006 0.027 0.032 0.012 0.005 
 68 QAc-G-0040    (0)   :  0.017 0.009 0.791 0.075 0.027 0.004 0.017 0.007 0.005 0.050 
 69 QAc-G-0041    (0)   :  0.003 0.016 0.927 0.017 0.004 0.023 0.004 0.003 0.002 0.002 
 70 QAc-G-0042    (0)   :  0.009 0.004 0.949 0.005 0.009 0.005 0.004 0.003 0.004 0.009 
 71 QAc-G-0043    (0)   :  0.004 0.004 0.921 0.004 0.039 0.002 0.009 0.007 0.005 0.006 
 72 QAc-G-0044    (0)   :  0.010 0.006 0.851 0.007 0.037 0.044 0.012 0.004 0.019 0.009 
 73 QAc-G-0045    (0)   :  0.008 0.004 0.667 0.007 0.255 0.014 0.007 0.027 0.005 0.007 
 74 QAc-G-0046    (0)   :  0.014 0.006 0.782 0.018 0.099 0.007 0.024 0.043 0.004 0.002 
 75 QAc-G-0047    (0)   :  0.011 0.005 0.104 0.007 0.820 0.004 0.012 0.022 0.009 0.005 
 76 QAc-G-0048    (0)   :  0.004 0.004 0.957 0.007 0.010 0.004 0.005 0.003 0.004 0.003 
 77 QAc-G-0049    (0)   :  0.003 0.003 0.002 0.003 0.003 0.003 0.003 0.974 0.003 0.005 
 78 QAc-G-0050    (0)   :  0.018 0.006 0.004 0.013 0.005 0.004 0.848 0.031 0.050 0.021 
 79 QAc-G-0051    (0)   :  0.002 0.006 0.002 0.003 0.003 0.002 0.003 0.973 0.003 0.003 
 80 QAc-G-0052    (0)   :  0.010 0.004 0.015 0.012 0.011 0.031 0.034 0.873 0.005 0.004 
 81 QAc-G-0053    (0)   :  0.004 0.007 0.019 0.003 0.012 0.005 0.009 0.931 0.002 0.009 
 82 QAc-G-0054    (0)   :  0.017 0.003 0.010 0.014 0.004 0.004 0.900 0.038 0.006 0.005 
 83 QAc-G-0055    (0)   :  0.011 0.005 0.008 0.006 0.004 0.003 0.786 0.158 0.014 0.006 
 84 QAc-G-0056    (0)   :  0.018 0.005 0.006 0.051 0.011 0.008 0.868 0.011 0.008 0.015 
 85 QAc-G-0057    (0)   :  0.003 0.004 0.004 0.003 0.004 0.002 0.003 0.968 0.005 0.004 
 86 QAc-G-0058    (6)   :  0.003 0.004 0.003 0.003 0.003 0.003 0.003 0.971 0.003 0.003 
 87 QAc-G-0059    (0)   :  0.004 0.003 0.007 0.005 0.003 0.003 0.895 0.073 0.004 0.002 
 88 QAc-G-0060    (6)   :  0.010 0.009 0.011 0.006 0.016 0.015 0.074 0.835 0.006 0.016 
 89 QAc-G-0276    (0)   :  0.004 0.626 0.013 0.005 0.019 0.003 0.007 0.008 0.005 0.311 
 90 QAc-G-0279    (0)   :  0.003 0.004 0.003 0.003 0.003 0.002 0.003 0.004 0.002 0.971 
 91 QAc-G-0280    (6)   :  0.004 0.004 0.006 0.004 0.006 0.004 0.004 0.003 0.003 0.961 
 92 QAc-G-0281    (0)   :  0.004 0.004 0.003 0.003 0.003 0.004 0.005 0.964 0.003 0.007 
 93 QAc-G-0018    (0)   :  0.071 0.005 0.775 0.009 0.053 0.006 0.017 0.044 0.015 0.006 
 94 QAc-G-0019    (0)   :  0.010 0.026 0.636 0.008 0.074 0.210 0.008 0.005 0.004 0.019 
 95 QAc-G-0020    (0)   :  0.003 0.003 0.935 0.004 0.012 0.003 0.031 0.004 0.003 0.003 
 96 QAc-G-0021    (6)   :  0.003 0.003 0.896 0.002 0.028 0.039 0.008 0.016 0.003 0.003 
 97 QAc-G-0022    (6)   :  0.008 0.014 0.498 0.113 0.181 0.084 0.061 0.024 0.012 0.005 
 98 QAc-G-0023    (0)   :  0.003 0.006 0.003 0.003 0.003 0.002 0.003 0.970 0.003 0.003 
 99 QAc-G-0024    (0)   :  0.004 0.003 0.005 0.003 0.007 0.004 0.003 0.966 0.004 0.003 
100 QAc-G-0016    (0)   :  0.080 0.005 0.013 0.008 0.004 0.004 0.813 0.045 0.020 0.010 
101 QAc-G-0017    (0)   :  0.014 0.005 0.009 0.009 0.005 0.258 0.012 0.003 0.679 0.005 
102 QAc-G-0250    (0)   :  0.066 0.223 0.012 0.015 0.026 0.007 0.449 0.007 0.037 0.158 
103 QAc-G-0003    (6)   :  0.004 0.011 0.004 0.005 0.005 0.003 0.004 0.004 0.003 0.957 
104 QAc-G-0004    (0)   :  0.011 0.007 0.034 0.005 0.039 0.008 0.034 0.009 0.852 0.003 
105 QAc-G-0005    (0)   :  0.004 0.002 0.003 0.003 0.003 0.973 0.003 0.003 0.003 0.003 
106 QAc-G-0006    (6)   :  0.006 0.010 0.006 0.011 0.015 0.002 0.041 0.003 0.900 0.005 
107 QAc-G-0283    (0)   :  0.011 0.128 0.008 0.389 0.006 0.004 0.384 0.003 0.063 0.004 
108 QAc-G-0265    (0)   :  0.019 0.457 0.008 0.007 0.085 0.006 0.221 0.166 0.028 0.004 
109 QAc-G-0266    (0)   :  0.002 0.004 0.002 0.002 0.003 0.002 0.003 0.976 0.002 0.005 
110 QAc-G-0267    (0)   :  0.008 0.579 0.274 0.008 0.032 0.079 0.008 0.005 0.004 0.004 
111 QAc-G-0268   (20)   :  0.033 0.009 0.005 0.007 0.008 0.010 0.374 0.005 0.020 0.529 
112 QAc-G-0269    (0)   :  0.003 0.003 0.004 0.002 0.004 0.003 0.003 0.004 0.002 0.972 
113 QAc-G-0270    (6)   :  0.005 0.005 0.950 0.005 0.009 0.008 0.004 0.005 0.003 0.006 
114 QAc-G-0271    (0)   :  0.010 0.004 0.033 0.006 0.844 0.066 0.022 0.003 0.009 0.003 
115 QAc-G-0272    (6)   :  0.008 0.008 0.921 0.005 0.022 0.003 0.006 0.007 0.005 0.015 
116 QAc-G-0273    (0)   :  0.008 0.004 0.004 0.006 0.004 0.006 0.008 0.954 0.003 0.004 
117 QAc-G-0274    (0)   :  0.002 0.002 0.003 0.003 0.002 0.979 0.002 0.002 0.002 0.002 
118 QAc-G-0251    (6)   :  0.007 0.004 0.941 0.008 0.006 0.012 0.006 0.005 0.008 0.004 
119 QAc-G-0252    (0)   :  0.004 0.003 0.954 0.008 0.005 0.004 0.005 0.004 0.008 0.004 
120 QAc-G-0253    (0)   :  0.003 0.004 0.005 0.004 0.003 0.003 0.007 0.964 0.003 0.005 
121 QAc-G-0254    (0)   :  0.002 0.003 0.002 0.003 0.003 0.003 0.003 0.978 0.002 0.003 
122 QAc-G-0255    (0)   :  0.009 0.006 0.005 0.005 0.019 0.005 0.007 0.004 0.936 0.004 
123 QAc-G-0256    (0)   :  0.551 0.008 0.004 0.003 0.008 0.007 0.005 0.004 0.399 0.010 
124 QAc-G-0257    (0)   :  0.044 0.005 0.027 0.034 0.004 0.125 0.018 0.005 0.735 0.003 
125 QAc-G-0258    (0)   :  0.006 0.004 0.004 0.003 0.004 0.005 0.006 0.002 0.963 0.002 
126 QAc-G-0259    (0)   :  0.005 0.002 0.002 0.008 0.007 0.002 0.960 0.002 0.010 0.002 
127 QAc-G-0260    (0)   :  0.377 0.011 0.012 0.040 0.011 0.050 0.439 0.011 0.009 0.040 
128 QAc-G-0261    (0)   :  0.194 0.004 0.013 0.007 0.005 0.413 0.326 0.004 0.031 0.004 
129 QAc-G-0262    (0)   :  0.417 0.016 0.006 0.014 0.004 0.029 0.429 0.007 0.063 0.014 
130 QAc-G-0010    (0)   :  0.005 0.900 0.015 0.008 0.008 0.005 0.010 0.012 0.003 0.033 
131 QAc-G-0011    (0)   :  0.005 0.003 0.008 0.936 0.006 0.005 0.025 0.004 0.005 0.004 
132 QAc-G-0015    (0)   :  0.017 0.015 0.014 0.028 0.007 0.006 0.033 0.794 0.083 0.003 
133 QAc-G-0106    (0)   :  0.026 0.003 0.015 0.007 0.007 0.036 0.015 0.002 0.888 0.003 
134 QAc-G-0107    (0)   :  0.812 0.010 0.004 0.006 0.005 0.004 0.010 0.014 0.127 0.007 
135 QAc-G-0108    (0)   :  0.317 0.004 0.008 0.005 0.004 0.006 0.006 0.002 0.642 0.006 
136 QAc-G-0109    (0)   :  0.046 0.008 0.015 0.034 0.006 0.038 0.109 0.011 0.728 0.005 
137 QAc-G-0110    (0)   :  0.023 0.014 0.032 0.011 0.025 0.002 0.018 0.007 0.802 0.068 
138 QAc-G-0111    (0)   :  0.033 0.022 0.013 0.008 0.010 0.006 0.011 0.006 0.886 0.006 
139 QAc-G-0112    (0)   :  0.021 0.014 0.004 0.004 0.004 0.004 0.025 0.009 0.889 0.028 
140 QAc-G-0113    (0)   :  0.359 0.016 0.006 0.006 0.005 0.025 0.056 0.023 0.495 0.008 
141 QAc-G-0114    (0)   :  0.013 0.010 0.011 0.005 0.046 0.003 0.011 0.013 0.876 0.011 
142 QAc-G-0115    (0)   :  0.021 0.003 0.006 0.005 0.003 0.006 0.015 0.005 0.929 0.007 
143 QAc-G-0116    (0)   :  0.013 0.013 0.004 0.006 0.005 0.008 0.008 0.006 0.925 0.013 
144 QAc-G-0117    (0)   :  0.607 0.026 0.127 0.012 0.077 0.034 0.060 0.015 0.037 0.004 
145 QAc-G-0118    (0)   :  0.005 0.014 0.006 0.010 0.006 0.024 0.007 0.002 0.923 0.004 
146 QAc-G-0119    (0)   :  0.006 0.003 0.009 0.004 0.011 0.019 0.011 0.006 0.931 0.002 
147 QAc-G-0120    (0)   :  0.008 0.005 0.009 0.008 0.010 0.005 0.033 0.006 0.909 0.006 
148 QAc-G-0121    (0)   :  0.006 0.004 0.009 0.003 0.005 0.952 0.004 0.003 0.007 0.007 
149 QAc-G-0122    (0)   :  0.009 0.008 0.009 0.005 0.006 0.913 0.005 0.004 0.005 0.035 
150 QAc-G-0123    (0)   :  0.002 0.002 0.004 0.002 0.004 0.977 0.002 0.003 0.002 0.002 
151 QAc-G-0124    (6)   :  0.004 0.003 0.003 0.004 0.005 0.970 0.003 0.003 0.003 0.003 
152 QAc-G-0125    (0)   :  0.035 0.043 0.007 0.041 0.007 0.494 0.289 0.044 0.030 0.011 
153 QAc-G-0126    (0)   :  0.052 0.006 0.015 0.019 0.009 0.224 0.559 0.010 0.099 0.007 
154 QAc-G-0127    (0)   :  0.016 0.004 0.007 0.011 0.006 0.934 0.005 0.005 0.008 0.003 
155 QAc-G-0128    (0)   :  0.004 0.003 0.003 0.003 0.003 0.970 0.003 0.003 0.003 0.005 
156 QAc-G-0129    (0)   :  0.003 0.002 0.003 0.002 0.003 0.976 0.002 0.002 0.003 0.003 
157 QAc-G-0130    (0)   :  0.025 0.007 0.012 0.018 0.005 0.885 0.005 0.002 0.037 0.004 
158 QAc-G-0131    (0)   :  0.005 0.003 0.006 0.004 0.007 0.959 0.004 0.004 0.005 0.004 
159 QAc-G-0132    (0)   :  0.032 0.021 0.004 0.006 0.009 0.761 0.031 0.014 0.106 0.016 
160 QAc-G-0133    (0)   :  0.007 0.005 0.011 0.004 0.005 0.953 0.004 0.004 0.003 0.005 
161 QAc-G-0134    (0)   :  0.004 0.003 0.004 0.003 0.005 0.964 0.003 0.004 0.005 0.004 
162 QAc-G-0135    (0)   :  0.004 0.003 0.009 0.005 0.009 0.003 0.006 0.007 0.949 0.006 
163 QAc-G-0136    (0)   :  0.023 0.128 0.005 0.011 0.005 0.005 0.017 0.006 0.793 0.006 
164 QAc-G-0137    (0)   :  0.109 0.005 0.008 0.007 0.012 0.042 0.016 0.003 0.794 0.004 
165 QAc-G-0138    (0)   :  0.007 0.033 0.002 0.030 0.003 0.006 0.013 0.006 0.897 0.003 
166 QAc-G-0139    (0)   :  0.009 0.003 0.059 0.006 0.009 0.026 0.007 0.002 0.875 0.003 
167 QAc-G-0140    (6)   :  0.916 0.004 0.006 0.004 0.010 0.008 0.007 0.003 0.040 0.004 
168 QAc-G-0141    (0)   :  0.836 0.016 0.018 0.017 0.016 0.010 0.034 0.034 0.014 0.007 
169 QAc-G-0142    (0)   :  0.004 0.003 0.003 0.004 0.006 0.003 0.004 0.003 0.968 0.003 
170 QAc-G-0143    (0)   :  0.003 0.004 0.008 0.004 0.005 0.003 0.957 0.003 0.007 0.007 
171 QAc-G-0144    (6)   :  0.021 0.013 0.006 0.005 0.004 0.003 0.439 0.004 0.502 0.004 
172 QAc-G-0145    (0)   :  0.003 0.005 0.004 0.003 0.003 0.002 0.003 0.003 0.003 0.970 
173 QAc-G-0146    (0)   :  0.003 0.003 0.003 0.003 0.003 0.974 0.003 0.003 0.003 0.003 
174 QAc-G-0147    (0)   :  0.237 0.035 0.027 0.289 0.011 0.284 0.076 0.005 0.028 0.007 
175 QAc-G-0148    (0)   :  0.917 0.012 0.016 0.004 0.006 0.008 0.021 0.005 0.008 0.003 
176 QAc-G-0149    (0)   :  0.004 0.003 0.004 0.003 0.005 0.969 0.003 0.003 0.003 0.004 
177 QAc-G-0150    (0)   :  0.003 0.004 0.003 0.003 0.003 0.003 0.003 0.004 0.002 0.970 
178 QAc-G-0151    (0)   :  0.003 0.003 0.004 0.003 0.005 0.970 0.003 0.003 0.003 0.003 
179 QAc-G-0152    (0)   :  0.002 0.003 0.005 0.003 0.005 0.969 0.003 0.005 0.002 0.002 
180 QAc-G-0153    (0)   :  0.010 0.065 0.013 0.017 0.005 0.869 0.010 0.002 0.005 0.002 
181 QAc-G-0154    (0)   :  0.018 0.014 0.054 0.003 0.005 0.868 0.006 0.003 0.018 0.011 
182 QAc-G-0155    (0)   :  0.003 0.003 0.005 0.003 0.005 0.972 0.003 0.002 0.002 0.003 
183 QAc-G-0158    (0)   :  0.003 0.003 0.002 0.003 0.003 0.975 0.003 0.003 0.003 0.003 
184 QAc-G-0159    (0)   :  0.060 0.004 0.015 0.016 0.009 0.020 0.058 0.007 0.795 0.016 
185 QAc-G-0160    (0)   :  0.002 0.003 0.002 0.002 0.002 0.002 0.002 0.003 0.002 0.978 
186 QAc-G-0161    (0)   :  0.002 0.003 0.003 0.002 0.003 0.002 0.002 0.003 0.002 0.977 
187 QAc-G-0162    (0)   :  0.007 0.541 0.307 0.007 0.030 0.005 0.026 0.007 0.004 0.066 
188 QAc-G-0163    (0)   :  0.027 0.016 0.032 0.006 0.055 0.002 0.023 0.002 0.017 0.820 
189 QAc-G-0164    (0)   :  0.004 0.003 0.003 0.054 0.005 0.002 0.018 0.009 0.003 0.898 
190 QAc-G-0165    (0)   :  0.004 0.006 0.004 0.005 0.005 0.008 0.004 0.003 0.004 0.958 
191 QAc-G-0166    (0)   :  0.003 0.004 0.004 0.003 0.005 0.002 0.003 0.003 0.002 0.971 
192 QAc-G-0167    (0)   :  0.003 0.003 0.004 0.004 0.004 0.004 0.003 0.003 0.002 0.968 
193 QAc-G-0168    (0)   :  0.002 0.003 0.003 0.002 0.003 0.002 0.002 0.003 0.002 0.977 
194 QAc-G-0169    (6)   :  0.008 0.122 0.004 0.013 0.026 0.004 0.190 0.005 0.295 0.332 
195 QAc-G-0170    (0)   :  0.004 0.005 0.005 0.004 0.004 0.005 0.004 0.004 0.003 0.963 
196 QAc-G-0171    (0)   :  0.003 0.005 0.003 0.003 0.003 0.003 0.003 0.004 0.002 0.972 
197 QAc-G-0172    (0)   :  0.029 0.020 0.005 0.012 0.030 0.014 0.050 0.008 0.814 0.020 
198 QAc-G-0173    (0)   :  0.003 0.498 0.003 0.002 0.002 0.002 0.003 0.006 0.003 0.477 
199 QAc-G-0174    (0)   :  0.008 0.942 0.005 0.004 0.005 0.003 0.003 0.005 0.003 0.023 
200 QAc-G-0175    (0)   :  0.003 0.006 0.004 0.003 0.003 0.002 0.003 0.004 0.002 0.971 
201 QAc-G-0176    (0)   :  0.005 0.005 0.140 0.004 0.019 0.004 0.015 0.006 0.004 0.798 
202 QAc-G-0177    (0)   :  0.003 0.006 0.003 0.003 0.003 0.003 0.003 0.004 0.002 0.970 
203 QAc-G-0178    (0)   :  0.004 0.010 0.003 0.236 0.004 0.016 0.016 0.010 0.004 0.697 
204 QAc-G-0179    (6)   :  0.003 0.006 0.003 0.003 0.002 0.003 0.003 0.003 0.002 0.972 
205 QAc-G-0180    (0)   :  0.003 0.003 0.003 0.003 0.003 0.002 0.002 0.002 0.002 0.976 
206 QAc-G-0181    (0)   :  0.003 0.003 0.004 0.006 0.022 0.003 0.004 0.002 0.004 0.949 
207 QAc-G-0182    (0)   :  0.008 0.537 0.004 0.005 0.005 0.005 0.006 0.002 0.005 0.422 
208 QAc-G-0183    (6)   :  0.006 0.014 0.003 0.004 0.004 0.005 0.014 0.007 0.008 0.934 
209 QAc-G-0184    (0)   :  0.003 0.005 0.003 0.003 0.003 0.003 0.003 0.003 0.003 0.972 
210 QAc-G-0185    (0)   :  0.010 0.058 0.010 0.116 0.010 0.034 0.012 0.006 0.010 0.735 
211 QAc-G-0186    (0)   :  0.003 0.005 0.006 0.006 0.017 0.002 0.003 0.002 0.004 0.953 
212 QAc-G-0187    (0)   :  0.008 0.005 0.015 0.111 0.021 0.004 0.017 0.033 0.004 0.782 
213 QAc-G-0188    (0)   :  0.025 0.010 0.013 0.006 0.029 0.005 0.076 0.003 0.568 0.267 
214 QAc-G-0189    (0)   :  0.004 0.045 0.003 0.007 0.003 0.002 0.005 0.012 0.005 0.914 
215 QAc-G-0190    (0)   :  0.003 0.004 0.003 0.003 0.004 0.004 0.003 0.003 0.003 0.970 
216 QAc-G-0191    (0)   :  0.003 0.004 0.004 0.003 0.004 0.004 0.003 0.004 0.002 0.969 
217 QAc-G-0192    (0)   :  0.002 0.003 0.003 0.002 0.002 0.002 0.002 0.003 0.002 0.977 
218 QAc-G-0193    (0)   :  0.003 0.003 0.004 0.004 0.004 0.004 0.003 0.003 0.003 0.969 
219 QAc-G-0194    (0)   :  0.004 0.004 0.005 0.005 0.005 0.003 0.004 0.004 0.003 0.963 
220 QAc-G-0195    (0)   :  0.003 0.897 0.008 0.004 0.011 0.002 0.005 0.018 0.004 0.048 
221 QAc-G-0196    (0)   :  0.003 0.332 0.004 0.003 0.005 0.002 0.003 0.006 0.002 0.639 
222 QAc-G-0197    (0)   :  0.003 0.004 0.003 0.002 0.002 0.003 0.002 0.003 0.002 0.977 
223 QAc-G-0198    (0)   :  0.003 0.005 0.004 0.003 0.004 0.003 0.003 0.003 0.003 0.970 
224 QAc-G-0199    (0)   :  0.006 0.116 0.015 0.114 0.006 0.016 0.020 0.005 0.004 0.699 
225 QAc-G-0200    (0)   :  0.005 0.006 0.011 0.004 0.007 0.002 0.004 0.003 0.003 0.956 
226 QAc-G-0201    (0)   :  0.004 0.541 0.004 0.003 0.005 0.002 0.006 0.004 0.002 0.429 
227 QAc-G-0202    (6)   :  0.006 0.434 0.004 0.003 0.003 0.003 0.004 0.013 0.006 0.523 
228 QAc-G-0203    (0)   :  0.005 0.004 0.005 0.002 0.003 0.002 0.009 0.013 0.006 0.950 
229 QAc-G-0204    (0)   :  0.004 0.005 0.005 0.003 0.004 0.002 0.003 0.004 0.003 0.965 
230 QAc-G-0205    (0)   :  0.002 0.003 0.002 0.002 0.002 0.002 0.002 0.978 0.002 0.003 
231 QAc-G-0206    (0)   :  0.021 0.004 0.018 0.006 0.013 0.004 0.143 0.739 0.048 0.003 
232 QAc-G-0207    (0)   :  0.008 0.004 0.006 0.012 0.005 0.005 0.010 0.940 0.004 0.006 
233 QAc-G-0208    (0)   :  0.003 0.003 0.003 0.003 0.003 0.004 0.003 0.972 0.002 0.003 
234 QAc-G-0209    (0)   :  0.003 0.005 0.003 0.004 0.003 0.002 0.003 0.968 0.003 0.006 
235 QAc-G-0210    (0)   :  0.004 0.002 0.002 0.003 0.003 0.003 0.004 0.974 0.003 0.003 
236 QAc-G-0211    (0)   :  0.005 0.002 0.002 0.004 0.003 0.004 0.005 0.969 0.003 0.002 
237 QAc-G-0212    (0)   :  0.002 0.003 0.003 0.003 0.003 0.003 0.003 0.973 0.002 0.004 
238 QAc-G-0213    (0)   :  0.003 0.003 0.005 0.004 0.006 0.003 0.003 0.967 0.002 0.005 
239 QAc-G-0214    (0)   :  0.002 0.004 0.003 0.002 0.003 0.002 0.003 0.975 0.002 0.004 
240 QAc-G-0215    (0)   :  0.003 0.003 0.003 0.004 0.005 0.003 0.007 0.966 0.004 0.003 
241 QAc-G-0216    (0)   :  0.031 0.373 0.009 0.005 0.026 0.004 0.270 0.099 0.163 0.019 
242 QAc-G-0217    (0)   :  0.007 0.014 0.004 0.007 0.006 0.010 0.007 0.934 0.007 0.003 
243 QAc-G-0218    (0)   :  0.003 0.003 0.006 0.007 0.008 0.004 0.004 0.958 0.003 0.005 
244 QAc-G-0219    (0)   :  0.014 0.005 0.034 0.008 0.011 0.022 0.040 0.836 0.023 0.008 
245 QAc-G-0220    (0)   :  0.018 0.003 0.005 0.006 0.007 0.006 0.072 0.875 0.005 0.004 
246 QAc-G-0221    (0)   :  0.012 0.027 0.013 0.035 0.009 0.012 0.009 0.874 0.005 0.004 
247 QAc-G-0222    (0)   :  0.003 0.003 0.003 0.003 0.004 0.002 0.003 0.972 0.002 0.004 
248 QAc-G-0223    (0)   :  0.004 0.003 0.005 0.007 0.005 0.005 0.004 0.963 0.003 0.003 
249 QAc-G-0224    (0)   :  0.004 0.003 0.003 0.005 0.003 0.003 0.005 0.967 0.003 0.005 
250 QAc-G-0226    (0)   :  0.003 0.003 0.004 0.003 0.004 0.003 0.003 0.971 0.003 0.003 
251 QAc-G-0227    (0)   :  0.006 0.005 0.947 0.004 0.008 0.012 0.004 0.004 0.004 0.005 
252 QAc-G-0228    (6)   :  0.003 0.004 0.964 0.004 0.006 0.003 0.004 0.005 0.003 0.004 
253 QAc-G-0229    (0)   :  0.011 0.010 0.889 0.017 0.032 0.004 0.014 0.007 0.011 0.005 
254 QAc-G-0230    (0)   :  0.006 0.008 0.131 0.006 0.801 0.003 0.009 0.017 0.011 0.008 
255 QAc-G-0231    (0)   :  0.005 0.003 0.004 0.003 0.003 0.004 0.004 0.965 0.003 0.007 
256 QAc-G-0232    (0)   :  0.006 0.002 0.936 0.009 0.024 0.008 0.005 0.003 0.004 0.003 
257 QAc-G-0233    (0)   :  0.005 0.004 0.022 0.121 0.607 0.006 0.202 0.025 0.004 0.005 
258 QAc-G-0234    (0)   :  0.007 0.020 0.820 0.015 0.104 0.005 0.008 0.005 0.003 0.013 
259 QAc-G-0235    (0)   :  0.017 0.026 0.005 0.009 0.006 0.003 0.014 0.007 0.909 0.004 
260 QAc-G-0236    (0)   :  0.004 0.005 0.962 0.003 0.005 0.006 0.003 0.004 0.003 0.004 
261 QAc-G-0237    (0)   :  0.012 0.006 0.865 0.013 0.034 0.018 0.009 0.019 0.009 0.013 
262 QAc-G-0238    (0)   :  0.003 0.004 0.955 0.004 0.012 0.003 0.004 0.006 0.003 0.005 
263 QAc-G-0239    (0)   :  0.004 0.003 0.960 0.004 0.008 0.003 0.007 0.003 0.003 0.003 
264 QAc-G-0240    (0)   :  0.004 0.003 0.959 0.005 0.008 0.005 0.005 0.002 0.005 0.003 
265 QAc-G-0241    (0)   :  0.021 0.031 0.704 0.025 0.117 0.006 0.046 0.010 0.032 0.008 
266 QAc-G-0242    (0)   :  0.007 0.004 0.043 0.010 0.900 0.010 0.010 0.009 0.003 0.004 
267 QAc-G-0243    (0)   :  0.015 0.008 0.186 0.143 0.494 0.055 0.065 0.020 0.009 0.003 
268 QAc-G-0244    (0)   :  0.010 0.006 0.928 0.005 0.008 0.003 0.014 0.010 0.011 0.005 
269 QAc-G-0245    (0)   :  0.006 0.006 0.929 0.006 0.017 0.019 0.004 0.003 0.004 0.006 
270 QAc-G-0246    (0)   :  0.004 0.003 0.962 0.005 0.005 0.004 0.005 0.003 0.004 0.005 
271 QAc-G-0247    (0)   :  0.003 0.003 0.972 0.004 0.004 0.003 0.004 0.003 0.003 0.002 
272 QAc-G-0248    (0)   :  0.005 0.003 0.424 0.003 0.541 0.004 0.007 0.003 0.007 0.003 
273 QAc-G-0249    (0)   :  0.004 0.007 0.006 0.897 0.026 0.002 0.022 0.010 0.014 0.013 
274 QAc-G-0025    (0)   :  0.003 0.003 0.004 0.002 0.004 0.002 0.003 0.973 0.003 0.003 
275 QAc-G-0028    (0)   :  0.006 0.004 0.473 0.086 0.364 0.004 0.030 0.024 0.003 0.006 
276 QAc-G-0275    (0)   :  0.004 0.004 0.005 0.004 0.004 0.002 0.005 0.958 0.003 0.011 
277 QAc-G-0263    (0)   :  0.016 0.491 0.004 0.122 0.006 0.006 0.315 0.016 0.013 0.010 
278 QAc-W-0001    (0)   :  0.005 0.003 0.008 0.004 0.950 0.013 0.004 0.003 0.007 0.003 
279 QAc-W-0002    (0)   :  0.025 0.006 0.844 0.022 0.034 0.003 0.022 0.003 0.022 0.019 
280 QAc-W-0003    (0)   :  0.019 0.034 0.007 0.004 0.873 0.008 0.014 0.022 0.014 0.006 
281 QAc-W-0004    (0)   :  0.003 0.003 0.007 0.004 0.961 0.004 0.003 0.006 0.002 0.005 
282 QAc-W-0005    (0)   :  0.003 0.005 0.004 0.006 0.961 0.005 0.004 0.003 0.004 0.004 
283 QAc-W-0006    (0)   :  0.006 0.003 0.005 0.006 0.955 0.005 0.005 0.004 0.006 0.004 
284 QAc-W-0007   (13)   :  0.004 0.003 0.009 0.006 0.957 0.005 0.004 0.004 0.004 0.004 
285 QAc-W-0008    (6)   :  0.005 0.003 0.008 0.016 0.942 0.003 0.011 0.002 0.006 0.004 
286 QAc-W-0009    (0)   :  0.049 0.004 0.696 0.019 0.038 0.008 0.045 0.006 0.126 0.009 
287 QAc-W-0010    (0)   :  0.012 0.025 0.006 0.041 0.881 0.009 0.011 0.004 0.006 0.005 
288 QAc-W-0011    (0)   :  0.021 0.016 0.165 0.006 0.678 0.013 0.028 0.008 0.018 0.047 
289 QAc-W-0012    (0)   :  0.007 0.006 0.062 0.010 0.858 0.006 0.013 0.005 0.008 0.025 
290 QAc-W-0013    (0)   :  0.073 0.005 0.694 0.006 0.040 0.004 0.014 0.142 0.015 0.007 
291 QAc-W-0014    (0)   :  0.005 0.008 0.012 0.014 0.941 0.004 0.005 0.004 0.003 0.003 
292 QAc-W-0015    (0)   :  0.020 0.106 0.701 0.039 0.037 0.004 0.019 0.044 0.013 0.017 
293 QAc-W-0016    (0)   :  0.012 0.018 0.005 0.024 0.880 0.003 0.028 0.010 0.014 0.006 
294 QAc-W-0017    (0)   :  0.055 0.125 0.126 0.134 0.162 0.010 0.327 0.024 0.025 0.011 
295 QAc-W-0018    (0)   :  0.071 0.004 0.019 0.017 0.752 0.008 0.079 0.027 0.020 0.003 
296 QAc-W-0019    (0)   :  0.004 0.004 0.009 0.011 0.938 0.004 0.006 0.007 0.012 0.005 
297 QAc-W-0020    (0)   :  0.005 0.004 0.005 0.003 0.919 0.043 0.009 0.003 0.008 0.002 
298 QAc-W-0021    (0)   :  0.008 0.003 0.012 0.028 0.679 0.013 0.068 0.149 0.029 0.012 
299 QAc-W-0022    (0)   :  0.016 0.096 0.182 0.151 0.345 0.008 0.157 0.018 0.018 0.008 
300 QAc-W-0023    (6)   :  0.056 0.005 0.118 0.080 0.477 0.075 0.064 0.029 0.093 0.003 
301 QAc-W-0024    (0)   :  0.006 0.005 0.006 0.012 0.796 0.005 0.018 0.120 0.008 0.025 
302 QAc-W-0025    (0)   :  0.005 0.003 0.273 0.007 0.677 0.004 0.013 0.006 0.006 0.005 
303 QAc-W-0026    (0)   :  0.010 0.021 0.010 0.033 0.813 0.024 0.016 0.023 0.008 0.043 
304 QAc-W-0027    (0)   :  0.011 0.004 0.259 0.015 0.670 0.004 0.013 0.004 0.010 0.010 
305 QAc-W-0028    (0)   :  0.010 0.006 0.042 0.005 0.905 0.004 0.009 0.003 0.008 0.007 
306 QAc-W-0029    (0)   :  0.037 0.003 0.121 0.004 0.802 0.006 0.011 0.006 0.006 0.003 
307 QAc-W-0030    (0)   :  0.015 0.006 0.814 0.004 0.126 0.007 0.010 0.004 0.005 0.009 
308 QAc-W-0031    (0)   :  0.008 0.003 0.021 0.004 0.888 0.004 0.007 0.055 0.007 0.004 
309 QAc-W-0032    (0)   :  0.003 0.002 0.013 0.005 0.955 0.012 0.004 0.003 0.002 0.002 
310 QAc-W-0033    (0)   :  0.025 0.006 0.013 0.023 0.858 0.012 0.047 0.007 0.003 0.005 
311 QAc-W-0034    (0)   :  0.008 0.003 0.085 0.009 0.859 0.005 0.007 0.004 0.016 0.005 
312 QAc-W-0035    (0)   :  0.021 0.023 0.431 0.081 0.360 0.005 0.024 0.024 0.007 0.025 
313 QAc-W-0036    (0)   :  0.010 0.005 0.036 0.010 0.888 0.029 0.006 0.003 0.010 0.004 
314 QAc-W-0037    (0)   :  0.011 0.005 0.800 0.008 0.080 0.023 0.010 0.017 0.005 0.041 
315 QAc-W-0038    (0)   :  0.007 0.027 0.093 0.006 0.799 0.014 0.026 0.005 0.011 0.012 
316 QAc-W-0039    (0)   :  0.008 0.012 0.026 0.006 0.896 0.009 0.005 0.007 0.005 0.026 
317 QAc-W-0040    (0)   :  0.004 0.006 0.006 0.190 0.744 0.019 0.013 0.007 0.004 0.006 
318 QAc-W-0041    (0)   :  0.098 0.005 0.188 0.013 0.552 0.004 0.027 0.076 0.018 0.020 
319 QAc-W-0042    (0)   :  0.856 0.004 0.007 0.004 0.007 0.097 0.005 0.004 0.010 0.007 
320 QAc-W-0043    (0)   :  0.945 0.007 0.010 0.004 0.004 0.004 0.005 0.004 0.010 0.007 
321 QAc-W-0044    (0)   :  0.766 0.038 0.020 0.025 0.015 0.103 0.007 0.004 0.008 0.014 
322 QAc-W-0045    (0)   :  0.923 0.003 0.007 0.004 0.005 0.016 0.005 0.004 0.028 0.005 
323 QAc-W-0046    (0)   :  0.943 0.004 0.008 0.004 0.004 0.007 0.005 0.005 0.011 0.010 
324 QAc-W-0047    (0)   :  0.841 0.032 0.018 0.010 0.008 0.013 0.006 0.003 0.061 0.008 
325 QAc-W-0048    (0)   :  0.418 0.004 0.010 0.004 0.015 0.074 0.015 0.007 0.449 0.004 
326 QAc-W-0049    (0)   :  0.331 0.004 0.007 0.005 0.007 0.088 0.009 0.009 0.536 0.005 
327 QAc-W-0050    (0)   :  0.849 0.004 0.006 0.027 0.006 0.004 0.046 0.008 0.043 0.006 
328 QAc-W-0051    (0)   :  0.936 0.014 0.006 0.004 0.008 0.008 0.008 0.007 0.004 0.006 
329 QAc-W-0052    (0)   :  0.004 0.003 0.005 0.003 0.005 0.970 0.003 0.002 0.003 0.004 
330 QAc-W-0053    (0)   :  0.383 0.006 0.011 0.011 0.011 0.011 0.007 0.003 0.554 0.003 
331 QAc-W-0054    (0)   :  0.575 0.108 0.010 0.093 0.009 0.022 0.073 0.007 0.005 0.099 
332 QAc-W-0055    (0)   :  0.600 0.052 0.004 0.019 0.005 0.004 0.012 0.029 0.004 0.270 
333 QAc-W-0056    (0)   :  0.591 0.020 0.042 0.018 0.083 0.007 0.207 0.019 0.006 0.008 
334 QAc-W-0057    (0)   :  0.796 0.096 0.009 0.016 0.009 0.007 0.019 0.025 0.020 0.004 
335 QAc-W-0058    (0)   :  0.799 0.014 0.007 0.004 0.005 0.006 0.025 0.114 0.019 0.008 
336 QAc-W-0059    (0)   :  0.011 0.004 0.004 0.003 0.004 0.004 0.003 0.003 0.960 0.004 
337 QAc-W-0060    (0)   :  0.009 0.863 0.041 0.007 0.004 0.046 0.009 0.003 0.007 0.010 
338 QAc-W-0061    (0)   :  0.022 0.758 0.013 0.032 0.020 0.004 0.032 0.012 0.043 0.064 
339 QAc-W-0062    (0)   :  0.006 0.943 0.004 0.008 0.003 0.015 0.004 0.006 0.003 0.008 
340 QAc-W-0063    (0)   :  0.008 0.911 0.008 0.014 0.014 0.012 0.009 0.009 0.004 0.011 
341 QAc-W-0064    (0)   :  0.006 0.926 0.010 0.008 0.009 0.005 0.010 0.007 0.004 0.015 
342 QAc-W-0065    (0)   :  0.076 0.822 0.014 0.030 0.009 0.006 0.024 0.006 0.008 0.006 
343 QAc-W-0066    (0)   :  0.003 0.003 0.003 0.002 0.003 0.002 0.002 0.004 0.002 0.975 
344 QAc-W-0067    (0)   :  0.003 0.003 0.002 0.003 0.002 0.003 0.002 0.003 0.002 0.976 
345 QAc-W-0068    (0)   :  0.002 0.005 0.003 0.002 0.003 0.002 0.002 0.003 0.002 0.974 
346 QAc-W-0069    (0)   :  0.003 0.005 0.004 0.003 0.003 0.002 0.002 0.003 0.002 0.973 
347 QAc-W-0070    (0)   :  0.003 0.395 0.003 0.003 0.002 0.002 0.003 0.003 0.002 0.584 
348 QAc-W-0071    (6)   :  0.005 0.697 0.005 0.004 0.004 0.004 0.006 0.016 0.004 0.255 
349 QAc-W-0072    (0)   :  0.008 0.808 0.005 0.122 0.027 0.004 0.011 0.008 0.003 0.004 
350 QAc-W-0073    (0)   :  0.015 0.885 0.009 0.007 0.009 0.007 0.010 0.006 0.049 0.004 
351 QAc-W-0074    (0)   :  0.003 0.969 0.003 0.004 0.004 0.003 0.003 0.004 0.003 0.004 
352 QAc-W-0075    (0)   :  0.003 0.961 0.003 0.004 0.003 0.002 0.003 0.004 0.003 0.014 
353 QAc-W-0076    (0)   :  0.005 0.945 0.004 0.022 0.004 0.003 0.005 0.006 0.004 0.004 
354 QAc-W-0077    (0)   :  0.069 0.776 0.006 0.005 0.006 0.004 0.005 0.004 0.004 0.123 
355 QAc-W-0078    (0)   :  0.015 0.009 0.035 0.102 0.087 0.018 0.124 0.568 0.006 0.035 
356 QAc-W-0079    (6)   :  0.007 0.008 0.009 0.009 0.010 0.005 0.005 0.920 0.006 0.022 
357 QAc-W-0080   (13)   :  0.003 0.003 0.005 0.004 0.047 0.002 0.009 0.911 0.011 0.004 
358 QAc-W-0081    (0)   :  0.006 0.004 0.005 0.004 0.007 0.008 0.008 0.951 0.003 0.003 
359 QAc-W-0082    (0)   :  0.421 0.005 0.005 0.006 0.005 0.002 0.031 0.501 0.020 0.003 
360 QAc-W-0083    (0)   :  0.016 0.050 0.013 0.034 0.013 0.012 0.008 0.835 0.008 0.010 
361 QAc-W-0084    (0)   :  0.004 0.004 0.004 0.003 0.007 0.007 0.004 0.961 0.002 0.004 
362 QAc-W-0085    (0)   :  0.004 0.003 0.003 0.004 0.003 0.004 0.025 0.948 0.002 0.005 
363 QAc-W-0086    (0)   :  0.006 0.003 0.005 0.008 0.006 0.004 0.005 0.956 0.003 0.006 
364 QAc-W-0087    (0)   :  0.006 0.003 0.004 0.012 0.009 0.003 0.008 0.937 0.010 0.008 
365 QAc-W-0088    (0)   :  0.004 0.003 0.006 0.008 0.005 0.004 0.027 0.890 0.049 0.004 
366 QAc-W-0089    (0)   :  0.006 0.004 0.006 0.003 0.006 0.003 0.004 0.959 0.003 0.006 
367 QAc-W-0090    (0)   :  0.006 0.003 0.005 0.003 0.006 0.003 0.004 0.961 0.003 0.006 
368 QAc-W-0091    (0)   :  0.010 0.006 0.004 0.009 0.009 0.012 0.022 0.913 0.011 0.004 
369 QAc-W-0092    (0)   :  0.007 0.003 0.022 0.006 0.048 0.228 0.011 0.660 0.006 0.008 
370 QAc-W-0093    (0)   :  0.030 0.005 0.059 0.032 0.048 0.007 0.096 0.653 0.068 0.002 
371 QAc-W-0094    (0)   :  0.023 0.042 0.014 0.011 0.106 0.212 0.053 0.518 0.017 0.003 
372 QAc-W-0095    (0)   :  0.018 0.019 0.010 0.007 0.029 0.047 0.008 0.854 0.007 0.003 
373 QAc-W-0096    (0)   :  0.023 0.047 0.010 0.015 0.069 0.089 0.027 0.692 0.022 0.005 
374 QAc-W-0097    (0)   :  0.120 0.006 0.033 0.005 0.049 0.006 0.116 0.586 0.071 0.007 
375 QAc-W-0098    (0)   :  0.004 0.003 0.006 0.004 0.006 0.005 0.007 0.950 0.011 0.003 
376 QAc-W-0099    (0)   :  0.033 0.004 0.018 0.044 0.009 0.011 0.355 0.514 0.008 0.005 
377 QAc-W-0100    (0)   :  0.004 0.004 0.006 0.009 0.005 0.003 0.020 0.937 0.008 0.004 
378 QAc-W-0101    (0)   :  0.005 0.007 0.004 0.011 0.010 0.003 0.007 0.915 0.004 0.033 
379 QAc-W-0104    (0)   :  0.014 0.005 0.006 0.021 0.008 0.004 0.013 0.912 0.014 0.003 
380 QAc-W-0105    (0)   :  0.007 0.004 0.013 0.005 0.008 0.015 0.011 0.931 0.003 0.005 
381 QAc-W-0106    (0)   :  0.015 0.004 0.022 0.010 0.015 0.051 0.104 0.766 0.003 0.008 
382 QAc-W-0107    (0)   :  0.004 0.011 0.003 0.003 0.004 0.003 0.003 0.960 0.004 0.004 
383 QAc-W-0108    (0)   :  0.002 0.006 0.003 0.003 0.004 0.002 0.003 0.969 0.003 0.004 
384 QAc-W-0109    (0)   :  0.010 0.008 0.008 0.005 0.012 0.007 0.009 0.905 0.014 0.024 
385 QAc-W-0110   (13)   :  0.005 0.004 0.005 0.013 0.781 0.004 0.010 0.167 0.005 0.007 
386 QAc-W-0111    (6)   :  0.005 0.003 0.016 0.005 0.007 0.008 0.009 0.936 0.004 0.006 
387 QAc-W-0112   (13)   :  0.005 0.004 0.017 0.019 0.010 0.009 0.016 0.899 0.018 0.004 
388 QAc-W-0113   (13)   :  0.008 0.005 0.010 0.942 0.008 0.004 0.010 0.005 0.005 0.003 
389 QAc-W-0114   (13)   :  0.008 0.004 0.004 0.917 0.008 0.007 0.011 0.016 0.020 0.005 
390 QAc-W-0115    (0)   :  0.003 0.005 0.007 0.953 0.008 0.005 0.005 0.005 0.003 0.005 
391 QAc-W-0116    (0)   :  0.009 0.003 0.020 0.914 0.010 0.014 0.011 0.004 0.013 0.002 
392 QAc-W-0117    (0)   :  0.004 0.004 0.006 0.957 0.004 0.003 0.005 0.003 0.010 0.004 
393 QAc-W-0118    (0)   :  0.005 0.030 0.004 0.901 0.005 0.004 0.010 0.015 0.006 0.019 
394 QAc-W-0119    (0)   :  0.010 0.003 0.008 0.943 0.006 0.006 0.009 0.004 0.004 0.008 
395 QAc-W-0120    (0)   :  0.005 0.013 0.010 0.915 0.009 0.003 0.019 0.006 0.008 0.012 
396 QAc-W-0121    (0)   :  0.051 0.011 0.006 0.864 0.007 0.003 0.012 0.003 0.006 0.038 
397 QAc-W-0122    (0)   :  0.010 0.006 0.008 0.906 0.018 0.004 0.024 0.004 0.018 0.003 
398 QAc-W-0123    (6)   :  0.010 0.011 0.014 0.872 0.005 0.011 0.045 0.010 0.012 0.010 
399 QAc-W-0124    (0)   :  0.006 0.146 0.062 0.662 0.031 0.011 0.024 0.041 0.003 0.013 
400 QAc-W-0125    (0)   :  0.006 0.005 0.005 0.937 0.006 0.009 0.007 0.011 0.008 0.007 
401 QAc-W-0126   (13)   :  0.017 0.007 0.006 0.875 0.011 0.013 0.038 0.018 0.010 0.006 
402 QAc-W-0127    (6)   :  0.006 0.005 0.005 0.950 0.008 0.004 0.008 0.004 0.004 0.004 
403 QAc-W-0128   (13)   :  0.005 0.005 0.008 0.879 0.019 0.003 0.016 0.037 0.013 0.014 
404 QAc-W-0129   (13)   :  0.006 0.013 0.013 0.850 0.045 0.005 0.029 0.005 0.029 0.006 
405 QAc-W-0130   (13)   :  0.005 0.004 0.010 0.917 0.027 0.003 0.012 0.007 0.009 0.006 
406 QAc-W-0131    (0)   :  0.009 0.010 0.004 0.857 0.008 0.046 0.050 0.006 0.006 0.005 
407 QAc-W-0132    (6)   :  0.007 0.022 0.035 0.836 0.012 0.017 0.010 0.012 0.005 0.046 
408 QAc-W-0133    (6)   :  0.017 0.014 0.005 0.421 0.008 0.005 0.370 0.048 0.005 0.107 
409 QAc-W-0134    (0)   :  0.005 0.005 0.004 0.962 0.003 0.005 0.004 0.004 0.004 0.003 
410 QAc-W-0135    (0)   :  0.006 0.017 0.024 0.872 0.049 0.003 0.007 0.006 0.007 0.011 
411 QAc-W-0136    (0)   :  0.003 0.003 0.005 0.961 0.004 0.010 0.005 0.003 0.003 0.003 
412 QAc-W-0137    (0)   :  0.004 0.004 0.004 0.969 0.003 0.005 0.003 0.002 0.003 0.003 
413 QAc-W-0138    (0)   :  0.003 0.004 0.005 0.965 0.005 0.004 0.004 0.002 0.003 0.003 
414 QAc-W-0139    (0)   :  0.010 0.252 0.013 0.599 0.065 0.006 0.015 0.030 0.004 0.006 
415 QAc-W-0140    (0)   :  0.037 0.004 0.022 0.829 0.030 0.003 0.010 0.005 0.056 0.005 
416 QAc-W-0141    (6)   :  0.011 0.007 0.064 0.787 0.036 0.004 0.044 0.005 0.025 0.017 
417 QAc-W-0142    (0)   :  0.006 0.008 0.004 0.960 0.003 0.002 0.004 0.004 0.004 0.005 
