

----------------------------------------------------
STRUCTURE by Pritchard, Stephens and Donnelly (2000)
     and Falush, Stephens and Pritchard (2003)
       Code by Pritchard, Falush and Hubisz
             Version 2.3.4 (Jul 2012)
----------------------------------------------------



Command line arguments:   bin\structure -m C:\Users\eschumacher\Documents\GitHub\GCC_QUAC_ZAIN\Data_Files\Structure_Files\QUAC\QUAC_woK_nopopinfo_garden_wild\QUAC_woK_nopopinfo_garden_wild\50-50\mainparams -e C:\Users\eschumacher\Documents\GitHub\GCC_QUAC_ZAIN\Data_Files\Structure_Files\QUAC\QUAC_woK_nopopinfo_garden_wild\QUAC_woK_nopopinfo_garden_wild\50-50\extraparams 
Input File:    C:\Users\eschumacher\Documents\GitHub\GCC_QUAC_ZAIN\Data_Files\Structure_Files\QUAC\QUAC_woK_nopopinfo_garden_wild\QUAC_woK_nopopinfo_garden_wild\project_data

Run parameters:
   441 individuals
   15 loci
   5 populations assumed
   50000 Burn-in period
   50000 Reps


--------------------------------------------
Overall proportion of membership of the
sample in each of the 5 clusters

Inferred Clusters
  1      2      3      4      5    
0.203  0.169  0.193  0.207  0.228  

--------------------------------------------

Allele-freq. divergence among pops (Net nucleotide distance),
computed using point estimates of P.

      1       2       3       4       5      
 1      -    0.0900  0.1189  0.1048  0.0940  
 2   0.0900     -    0.0969  0.0428  0.0460  
 3   0.1189  0.0969     -    0.0926  0.0939  
 4   0.1048  0.0428  0.0926     -    0.0494  
 5   0.0940  0.0460  0.0939  0.0494     -    

Average distances (expected heterozygosity) between individuals in same cluster:
cluster  1  : 0.5040 
cluster  2  : 0.5913 
cluster  3  : 0.4541 
cluster  4  : 0.6211 
cluster  5  : 0.5695 

--------------------------------------------
Estimated Ln Prob of Data   = -16200.0
Mean value of ln likelihood = -15918.0
Variance of ln likelihood   = 564.1
Mean value of alpha         = 0.0380

Mean value of Fst_1         = 0.2472
Mean value of Fst_2         = 0.0769
Mean value of Fst_3         = 0.3585
Mean value of Fst_4         = 0.0731
Mean value of Fst_5         = 0.1429


Inferred ancestry of individuals:
        Label (%Miss) :  Inferred clusters
  1 QAc-G-0029    (0)   :  0.962 0.006 0.012 0.004 0.016 
  2 QAc-G-0030    (0)   :  0.987 0.003 0.004 0.003 0.003 
  3 QAc-G-0031    (0)   :  0.986 0.004 0.005 0.003 0.003 
  4 QAc-G-0061    (0)   :  0.982 0.005 0.004 0.004 0.006 
  5 QAc-G-0062    (0)   :  0.009 0.405 0.264 0.314 0.007 
  6 QAc-G-0063    (0)   :  0.006 0.023 0.803 0.013 0.154 
  7 QAc-G-0064    (0)   :  0.004 0.009 0.005 0.971 0.011 
  8 QAc-G-0065    (0)   :  0.005 0.004 0.003 0.980 0.007 
  9 QAc-G-0066    (0)   :  0.005 0.003 0.984 0.003 0.004 
 10 QAc-G-0067    (0)   :  0.018 0.006 0.004 0.966 0.006 
 11 QAc-G-0068    (0)   :  0.004 0.028 0.552 0.412 0.004 
 12 QAc-G-0070    (0)   :  0.008 0.217 0.735 0.016 0.024 
 13 QAc-G-0071   (13)   :  0.006 0.003 0.983 0.004 0.004 
 14 QAc-G-0072    (0)   :  0.004 0.005 0.982 0.004 0.006 
 15 QAc-G-0073    (0)   :  0.005 0.004 0.003 0.003 0.984 
 16 QAc-G-0074    (0)   :  0.005 0.023 0.166 0.010 0.795 
 17 QAc-G-0075    (0)   :  0.010 0.006 0.009 0.009 0.967 
 18 QAc-G-0076    (0)   :  0.011 0.010 0.008 0.009 0.962 
 19 QAc-G-0077    (0)   :  0.975 0.003 0.009 0.005 0.008 
 20 QAc-G-0078    (0)   :  0.988 0.003 0.003 0.003 0.003 
 21 QAc-G-0079    (0)   :  0.983 0.004 0.005 0.004 0.004 
 22 QAc-G-0080    (0)   :  0.774 0.009 0.015 0.042 0.160 
 23 QAc-G-0081    (0)   :  0.007 0.940 0.009 0.013 0.031 
 24 QAc-G-0082    (0)   :  0.029 0.600 0.005 0.058 0.307 
 25 QAc-G-0083    (0)   :  0.087 0.189 0.441 0.137 0.146 
 26 QAc-G-0001   (13)   :  0.985 0.003 0.006 0.003 0.003 
 27 QAc-G-0002    (0)   :  0.988 0.003 0.003 0.003 0.004 
 28 QAc-G-0285    (0)   :  0.014 0.031 0.914 0.021 0.019 
 29 QAc-G-0286    (0)   :  0.004 0.003 0.987 0.003 0.004 
 30 QAc-G-0287    (0)   :  0.004 0.003 0.988 0.003 0.003 
 31 QAc-G-0288    (6)   :  0.018 0.015 0.951 0.005 0.011 
 32 QAc-G-0289    (0)   :  0.005 0.004 0.984 0.003 0.004 
 33 QAc-G-0290    (0)   :  0.004 0.004 0.984 0.004 0.004 
 34 QAc-G-0291    (0)   :  0.006 0.002 0.985 0.003 0.003 
 35 QAc-G-0292    (0)   :  0.003 0.262 0.705 0.023 0.007 
 36 QAc-G-0293    (0)   :  0.008 0.003 0.984 0.003 0.003 
 37 QAc-G-0294    (0)   :  0.007 0.007 0.004 0.013 0.969 
 38 QAc-G-0295    (0)   :  0.011 0.004 0.016 0.006 0.964 
 39 QAc-G-0296    (0)   :  0.004 0.005 0.006 0.005 0.980 
 40 QAc-G-0297    (0)   :  0.010 0.096 0.003 0.076 0.815 
 41 QAc-G-0298    (6)   :  0.006 0.005 0.004 0.005 0.981 
 42 QAc-G-0299    (0)   :  0.005 0.004 0.008 0.006 0.978 
 43 QAc-G-0300    (0)   :  0.003 0.009 0.004 0.009 0.974 
 44 QAc-G-0301    (0)   :  0.006 0.005 0.012 0.013 0.964 
 45 QAc-G-0302    (0)   :  0.007 0.015 0.008 0.942 0.028 
 46 QAc-G-0303    (0)   :  0.008 0.073 0.005 0.905 0.009 
 47 QAc-G-0304    (0)   :  0.004 0.003 0.986 0.003 0.003 
 48 QAc-G-0305    (0)   :  0.075 0.070 0.766 0.082 0.007 
 49 QAc-G-0306    (0)   :  0.004 0.003 0.988 0.003 0.003 
 50 QAc-G-0307    (0)   :  0.877 0.089 0.012 0.011 0.011 
 51 QAc-G-0308    (0)   :  0.954 0.008 0.016 0.008 0.014 
 52 QAc-G-0309    (0)   :  0.981 0.005 0.005 0.004 0.005 
 53 QAc-G-0310    (0)   :  0.983 0.004 0.005 0.003 0.005 
 54 QAc-G-0311    (0)   :  0.989 0.003 0.003 0.002 0.002 
 55 QAc-G-0312    (0)   :  0.622 0.095 0.007 0.132 0.144 
 56 QAc-G-0313    (0)   :  0.072 0.803 0.042 0.040 0.044 
 57 QAc-G-0314    (0)   :  0.014 0.701 0.004 0.056 0.224 
 58 QAc-G-0315    (0)   :  0.006 0.672 0.020 0.261 0.041 
 59 QAc-G-0316    (0)   :  0.024 0.952 0.009 0.008 0.007 
 60 QAc-G-0032    (6)   :  0.008 0.008 0.007 0.964 0.013 
 61 QAc-G-0033    (0)   :  0.006 0.006 0.005 0.006 0.977 
 62 QAc-G-0034    (0)   :  0.035 0.012 0.005 0.011 0.937 
 63 QAc-G-0035    (0)   :  0.005 0.006 0.006 0.007 0.976 
 64 QAc-G-0036    (0)   :  0.007 0.012 0.019 0.006 0.957 
 65 QAc-G-0037    (0)   :  0.012 0.003 0.013 0.004 0.968 
 66 QAc-G-0038    (0)   :  0.002 0.005 0.004 0.004 0.986 
 67 QAc-G-0039    (0)   :  0.029 0.028 0.006 0.010 0.927 
 68 QAc-G-0040    (0)   :  0.006 0.055 0.064 0.006 0.869 
 69 QAc-G-0041    (0)   :  0.004 0.024 0.008 0.010 0.955 
 70 QAc-G-0042    (0)   :  0.004 0.005 0.007 0.006 0.979 
 71 QAc-G-0043    (0)   :  0.009 0.006 0.005 0.003 0.977 
 72 QAc-G-0044    (0)   :  0.004 0.006 0.009 0.017 0.964 
 73 QAc-G-0045    (0)   :  0.029 0.008 0.007 0.007 0.950 
 74 QAc-G-0046    (0)   :  0.051 0.026 0.003 0.004 0.916 
 75 QAc-G-0047    (0)   :  0.033 0.008 0.006 0.015 0.938 
 76 QAc-G-0048    (0)   :  0.003 0.008 0.004 0.005 0.980 
 77 QAc-G-0049    (0)   :  0.986 0.003 0.005 0.003 0.003 
 78 QAc-G-0050    (0)   :  0.234 0.208 0.077 0.474 0.007 
 79 QAc-G-0051    (0)   :  0.987 0.003 0.005 0.003 0.003 
 80 QAc-G-0052    (0)   :  0.960 0.013 0.004 0.011 0.012 
 81 QAc-G-0053    (0)   :  0.969 0.003 0.009 0.004 0.015 
 82 QAc-G-0054    (0)   :  0.540 0.348 0.005 0.070 0.037 
 83 QAc-G-0055    (0)   :  0.672 0.156 0.005 0.131 0.036 
 84 QAc-G-0056    (0)   :  0.034 0.855 0.018 0.083 0.011 
 85 QAc-G-0057    (0)   :  0.984 0.003 0.005 0.004 0.004 
 86 QAc-G-0058    (6)   :  0.987 0.003 0.004 0.003 0.003 
 87 QAc-G-0059    (0)   :  0.729 0.111 0.003 0.049 0.107 
 88 QAc-G-0060    (6)   :  0.956 0.007 0.014 0.012 0.012 
 89 QAc-G-0276    (0)   :  0.027 0.014 0.925 0.005 0.028 
 90 QAc-G-0279    (0)   :  0.007 0.003 0.983 0.003 0.003 
 91 QAc-G-0280    (6)   :  0.004 0.005 0.978 0.004 0.008 
 92 QAc-G-0281    (0)   :  0.981 0.004 0.007 0.004 0.004 
 93 QAc-G-0018    (0)   :  0.036 0.012 0.007 0.027 0.918 
 94 QAc-G-0019    (0)   :  0.005 0.007 0.013 0.013 0.963 
 95 QAc-G-0020    (0)   :  0.006 0.007 0.003 0.006 0.978 
 96 QAc-G-0021    (6)   :  0.009 0.003 0.004 0.006 0.977 
 97 QAc-G-0022    (6)   :  0.026 0.090 0.008 0.021 0.855 
 98 QAc-G-0023    (0)   :  0.986 0.004 0.004 0.003 0.004 
 99 QAc-G-0024    (0)   :  0.982 0.003 0.003 0.004 0.007 
100 QAc-G-0016    (0)   :  0.364 0.055 0.021 0.538 0.022 
101 QAc-G-0017    (0)   :  0.003 0.009 0.005 0.977 0.005 
102 QAc-G-0250    (0)   :  0.027 0.054 0.590 0.281 0.048 
103 QAc-G-0003    (6)   :  0.005 0.006 0.981 0.004 0.005 
104 QAc-G-0004    (0)   :  0.011 0.012 0.005 0.915 0.057 
105 QAc-G-0005    (0)   :  0.006 0.005 0.005 0.979 0.006 
106 QAc-G-0006    (6)   :  0.005 0.063 0.007 0.887 0.038 
107 QAc-G-0283    (0)   :  0.004 0.965 0.009 0.014 0.008 
108 QAc-G-0265    (0)   :  0.509 0.122 0.037 0.020 0.312 
109 QAc-G-0266    (0)   :  0.986 0.003 0.006 0.002 0.003 
110 QAc-G-0267    (0)   :  0.012 0.130 0.121 0.127 0.609 
111 QAc-G-0268   (20)   :  0.012 0.041 0.603 0.332 0.012 
112 QAc-G-0269    (0)   :  0.005 0.003 0.984 0.003 0.005 
113 QAc-G-0270    (6)   :  0.005 0.005 0.007 0.006 0.977 
114 QAc-G-0271    (0)   :  0.005 0.013 0.004 0.056 0.922 
115 QAc-G-0272    (6)   :  0.007 0.006 0.018 0.006 0.962 
116 QAc-G-0273    (0)   :  0.979 0.005 0.005 0.006 0.004 
117 QAc-G-0274    (0)   :  0.004 0.006 0.004 0.978 0.008 
118 QAc-G-0251    (6)   :  0.006 0.007 0.004 0.022 0.960 
119 QAc-G-0252    (0)   :  0.006 0.012 0.005 0.012 0.966 
120 QAc-G-0253    (0)   :  0.983 0.004 0.005 0.003 0.005 
121 QAc-G-0254    (0)   :  0.988 0.003 0.003 0.003 0.003 
122 QAc-G-0255    (0)   :  0.005 0.008 0.005 0.968 0.013 
123 QAc-G-0256    (0)   :  0.006 0.004 0.013 0.970 0.007 
124 QAc-G-0257    (0)   :  0.006 0.014 0.003 0.971 0.006 
125 QAc-G-0258    (0)   :  0.003 0.004 0.003 0.984 0.006 
126 QAc-G-0259    (0)   :  0.003 0.918 0.003 0.061 0.014 
127 QAc-G-0260    (0)   :  0.019 0.236 0.050 0.679 0.016 
128 QAc-G-0261    (0)   :  0.006 0.011 0.005 0.968 0.010 
129 QAc-G-0262    (0)   :  0.008 0.018 0.010 0.958 0.006 
130 QAc-G-0010    (0)   :  0.022 0.046 0.881 0.007 0.045 
131 QAc-G-0011    (0)   :  0.005 0.979 0.004 0.005 0.007 
132 QAc-G-0015    (0)   :  0.868 0.045 0.006 0.061 0.020 
133 QAc-G-0106    (0)   :  0.003 0.004 0.003 0.985 0.005 
134 QAc-G-0107    (0)   :  0.013 0.012 0.009 0.959 0.006 
135 QAc-G-0108    (0)   :  0.003 0.007 0.005 0.974 0.011 
136 QAc-G-0109    (0)   :  0.010 0.017 0.004 0.962 0.007 
137 QAc-G-0110    (0)   :  0.009 0.044 0.108 0.681 0.157 
138 QAc-G-0111    (0)   :  0.007 0.020 0.012 0.948 0.013 
139 QAc-G-0112    (0)   :  0.010 0.009 0.033 0.942 0.007 
140 QAc-G-0113    (0)   :  0.013 0.006 0.007 0.966 0.007 
141 QAc-G-0114    (0)   :  0.027 0.012 0.026 0.829 0.107 
142 QAc-G-0115    (0)   :  0.005 0.008 0.006 0.976 0.005 
143 QAc-G-0116    (0)   :  0.008 0.012 0.011 0.964 0.005 
144 QAc-G-0117    (0)   :  0.016 0.015 0.008 0.870 0.091 
145 QAc-G-0118    (0)   :  0.003 0.005 0.004 0.980 0.009 
146 QAc-G-0119    (0)   :  0.006 0.008 0.002 0.973 0.010 
147 QAc-G-0120    (0)   :  0.008 0.035 0.008 0.920 0.030 
148 QAc-G-0121    (0)   :  0.004 0.004 0.004 0.980 0.009 
149 QAc-G-0122    (0)   :  0.005 0.007 0.024 0.954 0.010 
150 QAc-G-0123    (0)   :  0.004 0.005 0.002 0.965 0.024 
151 QAc-G-0124    (6)   :  0.006 0.013 0.004 0.958 0.019 
152 QAc-G-0125    (0)   :  0.043 0.096 0.034 0.815 0.013 
153 QAc-G-0126    (0)   :  0.027 0.021 0.006 0.938 0.008 
154 QAc-G-0127    (0)   :  0.006 0.009 0.004 0.972 0.008 
155 QAc-G-0128    (0)   :  0.006 0.005 0.011 0.968 0.010 
156 QAc-G-0129    (0)   :  0.004 0.004 0.005 0.976 0.011 
157 QAc-G-0130    (0)   :  0.003 0.008 0.004 0.980 0.005 
158 QAc-G-0131    (0)   :  0.006 0.005 0.005 0.972 0.011 
159 QAc-G-0132    (0)   :  0.005 0.004 0.007 0.978 0.006 
160 QAc-G-0133    (0)   :  0.005 0.011 0.007 0.961 0.016 
161 QAc-G-0134    (0)   :  0.006 0.005 0.005 0.973 0.012 
162 QAc-G-0135    (0)   :  0.020 0.016 0.008 0.930 0.026 
163 QAc-G-0136    (0)   :  0.009 0.027 0.013 0.942 0.008 
164 QAc-G-0137    (0)   :  0.003 0.007 0.005 0.973 0.012 
165 QAc-G-0138    (0)   :  0.010 0.127 0.005 0.855 0.003 
166 QAc-G-0139    (0)   :  0.003 0.007 0.004 0.974 0.011 
167 QAc-G-0140    (6)   :  0.005 0.005 0.007 0.971 0.011 
168 QAc-G-0141    (0)   :  0.063 0.081 0.026 0.773 0.057 
169 QAc-G-0142    (0)   :  0.003 0.007 0.004 0.973 0.014 
170 QAc-G-0143    (0)   :  0.021 0.223 0.024 0.568 0.164 
171 QAc-G-0144    (6)   :  0.015 0.058 0.009 0.908 0.011 
172 QAc-G-0145    (0)   :  0.003 0.004 0.986 0.003 0.005 
173 QAc-G-0146    (0)   :  0.005 0.008 0.006 0.962 0.019 
174 QAc-G-0147    (0)   :  0.007 0.209 0.009 0.755 0.019 
175 QAc-G-0148    (0)   :  0.009 0.015 0.009 0.952 0.015 
176 QAc-G-0149    (0)   :  0.004 0.006 0.004 0.975 0.010 
177 QAc-G-0150    (0)   :  0.005 0.004 0.984 0.003 0.003 
178 QAc-G-0151    (0)   :  0.004 0.008 0.006 0.967 0.015 
179 QAc-G-0152    (0)   :  0.012 0.014 0.004 0.932 0.038 
180 QAc-G-0153    (0)   :  0.002 0.013 0.012 0.963 0.010 
181 QAc-G-0154    (0)   :  0.003 0.005 0.007 0.973 0.012 
182 QAc-G-0155    (0)   :  0.004 0.008 0.004 0.951 0.034 
183 QAc-G-0158    (0)   :  0.005 0.006 0.005 0.979 0.004 
184 QAc-G-0159    (0)   :  0.006 0.012 0.010 0.962 0.010 
185 QAc-G-0160    (0)   :  0.003 0.003 0.988 0.003 0.003 
186 QAc-G-0161    (0)   :  0.003 0.003 0.989 0.003 0.003 
187 QAc-G-0162    (0)   :  0.006 0.055 0.658 0.007 0.273 
188 QAc-G-0163    (0)   :  0.003 0.007 0.926 0.016 0.048 
189 QAc-G-0164    (0)   :  0.013 0.021 0.957 0.003 0.005 
190 QAc-G-0165    (0)   :  0.004 0.006 0.978 0.007 0.006 
191 QAc-G-0166    (0)   :  0.004 0.004 0.984 0.003 0.005 
192 QAc-G-0167    (0)   :  0.005 0.005 0.982 0.004 0.005 
193 QAc-G-0168    (0)   :  0.004 0.002 0.987 0.003 0.003 
194 QAc-G-0169    (6)   :  0.006 0.123 0.533 0.324 0.014 
195 QAc-G-0170    (0)   :  0.005 0.005 0.980 0.004 0.006 
196 QAc-G-0171    (0)   :  0.004 0.004 0.985 0.003 0.004 
197 QAc-G-0172    (0)   :  0.010 0.033 0.045 0.895 0.016 
198 QAc-G-0173    (0)   :  0.007 0.003 0.984 0.003 0.003 
199 QAc-G-0174    (0)   :  0.008 0.059 0.785 0.119 0.028 
200 QAc-G-0175    (0)   :  0.005 0.003 0.986 0.003 0.004 
201 QAc-G-0176    (0)   :  0.011 0.006 0.816 0.006 0.161 
202 QAc-G-0177    (0)   :  0.005 0.004 0.985 0.003 0.004 
203 QAc-G-0178    (0)   :  0.031 0.071 0.885 0.007 0.005 
204 QAc-G-0179    (6)   :  0.004 0.003 0.986 0.003 0.004 
205 QAc-G-0180    (0)   :  0.003 0.003 0.988 0.003 0.003 
206 QAc-G-0181    (0)   :  0.003 0.006 0.979 0.003 0.009 
207 QAc-G-0182    (0)   :  0.004 0.022 0.867 0.075 0.032 
208 QAc-G-0183    (6)   :  0.007 0.005 0.979 0.006 0.004 
209 QAc-G-0184    (0)   :  0.003 0.003 0.986 0.004 0.004 
210 QAc-G-0185    (0)   :  0.008 0.020 0.947 0.014 0.011 
211 QAc-G-0186    (0)   :  0.002 0.006 0.979 0.003 0.009 
212 QAc-G-0187    (0)   :  0.037 0.030 0.913 0.005 0.015 
213 QAc-G-0188    (0)   :  0.004 0.014 0.289 0.635 0.057 
214 QAc-G-0189    (0)   :  0.005 0.003 0.987 0.003 0.003 
215 QAc-G-0190    (0)   :  0.005 0.004 0.983 0.003 0.005 
216 QAc-G-0191    (0)   :  0.005 0.004 0.983 0.004 0.005 
217 QAc-G-0192    (0)   :  0.004 0.003 0.988 0.003 0.003 
218 QAc-G-0193    (0)   :  0.004 0.005 0.982 0.004 0.005 
219 QAc-G-0194    (0)   :  0.005 0.006 0.978 0.004 0.007 
220 QAc-G-0195    (0)   :  0.093 0.009 0.880 0.005 0.012 
221 QAc-G-0196    (0)   :  0.005 0.004 0.984 0.003 0.004 
222 QAc-G-0197    (0)   :  0.004 0.003 0.987 0.003 0.003 
223 QAc-G-0198    (0)   :  0.003 0.003 0.986 0.003 0.005 
224 QAc-G-0199    (0)   :  0.013 0.060 0.894 0.007 0.026 
225 QAc-G-0200    (0)   :  0.004 0.006 0.978 0.003 0.009 
226 QAc-G-0201    (0)   :  0.004 0.003 0.986 0.003 0.004 
227 QAc-G-0202    (6)   :  0.011 0.004 0.977 0.004 0.004 
228 QAc-G-0203    (0)   :  0.015 0.003 0.971 0.006 0.005 
229 QAc-G-0204    (0)   :  0.005 0.004 0.982 0.003 0.006 
230 QAc-G-0205    (0)   :  0.988 0.003 0.004 0.003 0.003 
231 QAc-G-0206    (0)   :  0.895 0.024 0.004 0.045 0.034 
232 QAc-G-0207    (0)   :  0.971 0.010 0.007 0.006 0.006 
233 QAc-G-0208    (0)   :  0.986 0.003 0.004 0.003 0.003 
234 QAc-G-0209    (0)   :  0.983 0.004 0.006 0.003 0.003 
235 QAc-G-0210    (0)   :  0.988 0.003 0.003 0.004 0.003 
236 QAc-G-0211    (0)   :  0.987 0.003 0.003 0.004 0.003 
237 QAc-G-0212    (0)   :  0.986 0.003 0.004 0.003 0.004 
238 QAc-G-0213    (0)   :  0.981 0.005 0.006 0.003 0.006 
239 QAc-G-0214    (0)   :  0.987 0.003 0.004 0.003 0.003 
240 QAc-G-0215    (0)   :  0.985 0.004 0.004 0.003 0.004 
241 QAc-G-0216    (0)   :  0.375 0.039 0.101 0.443 0.041 
242 QAc-G-0217    (0)   :  0.969 0.009 0.006 0.011 0.005 
243 QAc-G-0218    (0)   :  0.976 0.008 0.005 0.004 0.007 
244 QAc-G-0219    (0)   :  0.929 0.009 0.010 0.029 0.023 
245 QAc-G-0220    (0)   :  0.973 0.008 0.003 0.011 0.006 
246 QAc-G-0221    (0)   :  0.935 0.031 0.010 0.012 0.012 
247 QAc-G-0222    (0)   :  0.985 0.003 0.004 0.003 0.004 
248 QAc-G-0223    (0)   :  0.981 0.006 0.003 0.004 0.005 
249 QAc-G-0224    (0)   :  0.983 0.005 0.006 0.004 0.003 
250 QAc-G-0226    (0)   :  0.985 0.004 0.003 0.003 0.004 
251 QAc-G-0227    (0)   :  0.005 0.005 0.006 0.008 0.976 
252 QAc-G-0228    (6)   :  0.008 0.006 0.005 0.004 0.976 
253 QAc-G-0229    (0)   :  0.008 0.016 0.006 0.010 0.959 
254 QAc-G-0230    (0)   :  0.018 0.007 0.007 0.008 0.961 
255 QAc-G-0231    (0)   :  0.983 0.003 0.006 0.004 0.004 
256 QAc-G-0232    (0)   :  0.004 0.009 0.003 0.007 0.978 
257 QAc-G-0233    (0)   :  0.018 0.403 0.006 0.006 0.567 
258 QAc-G-0234    (0)   :  0.005 0.011 0.017 0.006 0.961 
259 QAc-G-0235    (0)   :  0.019 0.029 0.013 0.924 0.015 
260 QAc-G-0236    (0)   :  0.005 0.004 0.006 0.007 0.979 
261 QAc-G-0237    (0)   :  0.018 0.013 0.012 0.013 0.944 
262 QAc-G-0238    (0)   :  0.009 0.005 0.006 0.004 0.977 
263 QAc-G-0239    (0)   :  0.006 0.006 0.005 0.005 0.978 
264 QAc-G-0240    (0)   :  0.003 0.006 0.003 0.006 0.982 
265 QAc-G-0241    (0)   :  0.012 0.031 0.017 0.023 0.917 
266 QAc-G-0242    (0)   :  0.010 0.014 0.004 0.007 0.965 
267 QAc-G-0243    (0)   :  0.021 0.142 0.004 0.042 0.790 
268 QAc-G-0244    (0)   :  0.008 0.005 0.006 0.010 0.970 
269 QAc-G-0245    (0)   :  0.004 0.006 0.007 0.007 0.976 
270 QAc-G-0246    (0)   :  0.005 0.006 0.008 0.007 0.974 
271 QAc-G-0247    (0)   :  0.006 0.006 0.003 0.004 0.981 
272 QAc-G-0248    (0)   :  0.003 0.004 0.003 0.005 0.985 
273 QAc-G-0249    (0)   :  0.009 0.967 0.012 0.005 0.008 
274 QAc-G-0025    (0)   :  0.985 0.003 0.005 0.003 0.004 
275 QAc-G-0028    (0)   :  0.040 0.062 0.006 0.004 0.888 
276 QAc-G-0275    (0)   :  0.977 0.004 0.011 0.004 0.005 
277 QAc-G-0263    (0)   :  0.013 0.594 0.378 0.011 0.005 
278 QAc-W-0001    (0)   :  0.005 0.006 0.003 0.017 0.969 
279 QAc-W-0002    (0)   :  0.005 0.013 0.017 0.012 0.954 
280 QAc-W-0003    (0)   :  0.044 0.012 0.028 0.029 0.887 
281 QAc-W-0004    (0)   :  0.010 0.006 0.006 0.004 0.974 
282 QAc-W-0005    (0)   :  0.004 0.014 0.009 0.009 0.963 
283 QAc-W-0006    (0)   :  0.006 0.009 0.006 0.010 0.969 
284 QAc-W-0007   (13)   :  0.006 0.008 0.004 0.005 0.977 
285 QAc-W-0008    (6)   :  0.003 0.032 0.004 0.007 0.954 
286 QAc-W-0009    (0)   :  0.007 0.022 0.009 0.049 0.912 
287 QAc-W-0010    (0)   :  0.006 0.152 0.015 0.025 0.801 
288 QAc-W-0011    (0)   :  0.008 0.006 0.069 0.028 0.889 
289 QAc-W-0012    (0)   :  0.005 0.007 0.011 0.006 0.971 
290 QAc-W-0013    (0)   :  0.115 0.005 0.007 0.020 0.852 
291 QAc-W-0014    (0)   :  0.005 0.029 0.004 0.004 0.957 
292 QAc-W-0015    (0)   :  0.031 0.028 0.025 0.011 0.906 
293 QAc-W-0016    (0)   :  0.013 0.295 0.012 0.023 0.657 
294 QAc-W-0017    (0)   :  0.036 0.473 0.076 0.076 0.339 
295 QAc-W-0018    (0)   :  0.034 0.072 0.004 0.058 0.833 
296 QAc-W-0019    (0)   :  0.007 0.012 0.007 0.007 0.967 
297 QAc-W-0020    (0)   :  0.003 0.007 0.005 0.019 0.965 
298 QAc-W-0021    (0)   :  0.302 0.094 0.012 0.064 0.527 
299 QAc-W-0022    (0)   :  0.026 0.388 0.014 0.018 0.553 
300 QAc-W-0023    (6)   :  0.039 0.072 0.004 0.316 0.568 
301 QAc-W-0024    (0)   :  0.235 0.032 0.032 0.015 0.686 
302 QAc-W-0025    (0)   :  0.004 0.006 0.004 0.005 0.981 
303 QAc-W-0026    (0)   :  0.032 0.049 0.060 0.037 0.822 
304 QAc-W-0027    (0)   :  0.004 0.012 0.008 0.008 0.968 
305 QAc-W-0028    (0)   :  0.004 0.007 0.005 0.006 0.978 
306 QAc-W-0029    (0)   :  0.007 0.006 0.004 0.013 0.971 
307 QAc-W-0030    (0)   :  0.005 0.004 0.010 0.008 0.973 
308 QAc-W-0031    (0)   :  0.059 0.005 0.004 0.006 0.926 
309 QAc-W-0032    (0)   :  0.004 0.010 0.003 0.004 0.979 
310 QAc-W-0033    (0)   :  0.014 0.067 0.006 0.020 0.893 
311 QAc-W-0034    (0)   :  0.005 0.007 0.004 0.015 0.970 
312 QAc-W-0035    (0)   :  0.025 0.063 0.033 0.009 0.871 
313 QAc-W-0036    (0)   :  0.004 0.008 0.004 0.020 0.964 
314 QAc-W-0037    (0)   :  0.011 0.007 0.014 0.008 0.960 
315 QAc-W-0038    (0)   :  0.005 0.008 0.015 0.016 0.956 
316 QAc-W-0039    (0)   :  0.010 0.007 0.017 0.013 0.953 
317 QAc-W-0040    (0)   :  0.009 0.248 0.011 0.017 0.715 
318 QAc-W-0041    (0)   :  0.064 0.014 0.013 0.022 0.887 
319 QAc-W-0042    (0)   :  0.015 0.005 0.022 0.942 0.015 
320 QAc-W-0043    (0)   :  0.015 0.009 0.042 0.903 0.031 
321 QAc-W-0044    (0)   :  0.007 0.020 0.030 0.888 0.055 
322 QAc-W-0045    (0)   :  0.006 0.005 0.009 0.971 0.009 
323 QAc-W-0046    (0)   :  0.018 0.007 0.027 0.933 0.015 
324 QAc-W-0047    (0)   :  0.004 0.014 0.018 0.946 0.018 
325 QAc-W-0048    (0)   :  0.007 0.005 0.004 0.971 0.013 
326 QAc-W-0049    (0)   :  0.007 0.005 0.004 0.977 0.007 
327 QAc-W-0050    (0)   :  0.024 0.029 0.010 0.930 0.007 
328 QAc-W-0051    (0)   :  0.015 0.009 0.015 0.951 0.011 
329 QAc-W-0052    (0)   :  0.004 0.005 0.004 0.979 0.008 
330 QAc-W-0053    (0)   :  0.004 0.009 0.004 0.975 0.008 
331 QAc-W-0054    (0)   :  0.007 0.393 0.205 0.382 0.014 
332 QAc-W-0055    (0)   :  0.077 0.099 0.546 0.269 0.009 
333 QAc-W-0056    (0)   :  0.065 0.249 0.023 0.475 0.187 
334 QAc-W-0057    (0)   :  0.091 0.030 0.034 0.834 0.012 
335 QAc-W-0058    (0)   :  0.239 0.008 0.017 0.731 0.006 
336 QAc-W-0059    (0)   :  0.003 0.005 0.005 0.982 0.005 
337 QAc-W-0060    (0)   :  0.006 0.063 0.729 0.097 0.105 
338 QAc-W-0061    (0)   :  0.012 0.142 0.804 0.024 0.018 
339 QAc-W-0062    (0)   :  0.023 0.252 0.682 0.030 0.013 
340 QAc-W-0063    (0)   :  0.031 0.239 0.425 0.258 0.047 
341 QAc-W-0064    (0)   :  0.018 0.264 0.645 0.015 0.058 
342 QAc-W-0065    (0)   :  0.014 0.410 0.504 0.034 0.037 
343 QAc-W-0066    (0)   :  0.005 0.003 0.986 0.003 0.003 
344 QAc-W-0067    (0)   :  0.005 0.003 0.986 0.003 0.003 
345 QAc-W-0068    (0)   :  0.004 0.003 0.987 0.002 0.004 
346 QAc-W-0069    (0)   :  0.004 0.003 0.986 0.003 0.004 
347 QAc-W-0070    (0)   :  0.003 0.004 0.988 0.003 0.003 
348 QAc-W-0071    (6)   :  0.005 0.028 0.957 0.006 0.005 
349 QAc-W-0072    (0)   :  0.009 0.808 0.151 0.020 0.012 
350 QAc-W-0073    (0)   :  0.017 0.070 0.354 0.528 0.031 
351 QAc-W-0074    (0)   :  0.012 0.193 0.772 0.010 0.014 
352 QAc-W-0075    (0)   :  0.008 0.030 0.935 0.015 0.011 
353 QAc-W-0076    (0)   :  0.009 0.338 0.640 0.007 0.006 
354 QAc-W-0077    (0)   :  0.004 0.046 0.775 0.155 0.020 
355 QAc-W-0078    (0)   :  0.664 0.195 0.041 0.028 0.072 
356 QAc-W-0079    (6)   :  0.943 0.010 0.027 0.007 0.013 
357 QAc-W-0080   (13)   :  0.949 0.008 0.005 0.007 0.031 
358 QAc-W-0081    (0)   :  0.979 0.005 0.004 0.006 0.006 
359 QAc-W-0082    (0)   :  0.609 0.008 0.004 0.372 0.008 
360 QAc-W-0083    (0)   :  0.886 0.043 0.033 0.016 0.022 
361 QAc-W-0084    (0)   :  0.983 0.004 0.004 0.004 0.005 
362 QAc-W-0085    (0)   :  0.984 0.004 0.005 0.004 0.003 
363 QAc-W-0086    (0)   :  0.977 0.007 0.006 0.004 0.006 
364 QAc-W-0087    (0)   :  0.970 0.010 0.007 0.006 0.006 
365 QAc-W-0088    (0)   :  0.952 0.011 0.004 0.026 0.006 
366 QAc-W-0089    (0)   :  0.979 0.004 0.007 0.004 0.007 
367 QAc-W-0090    (0)   :  0.978 0.004 0.007 0.004 0.007 
368 QAc-W-0091    (0)   :  0.960 0.012 0.006 0.016 0.006 
369 QAc-W-0092    (0)   :  0.670 0.014 0.008 0.143 0.165 
370 QAc-W-0093    (0)   :  0.805 0.052 0.003 0.039 0.102 
371 QAc-W-0094    (0)   :  0.611 0.027 0.006 0.278 0.078 
372 QAc-W-0095    (0)   :  0.934 0.011 0.006 0.029 0.020 
373 QAc-W-0096    (0)   :  0.742 0.045 0.021 0.152 0.040 
374 QAc-W-0097    (0)   :  0.773 0.009 0.011 0.101 0.106 
375 QAc-W-0098    (0)   :  0.979 0.005 0.003 0.006 0.006 
376 QAc-W-0099    (0)   :  0.806 0.122 0.004 0.041 0.026 
377 QAc-W-0100    (0)   :  0.976 0.011 0.003 0.005 0.005 
378 QAc-W-0101    (0)   :  0.946 0.010 0.033 0.004 0.006 
379 QAc-W-0104    (0)   :  0.938 0.031 0.004 0.017 0.010 
380 QAc-W-0105    (0)   :  0.979 0.005 0.005 0.005 0.007 
381 QAc-W-0106    (0)   :  0.946 0.014 0.005 0.015 0.020 
382 QAc-W-0107    (0)   :  0.982 0.005 0.005 0.004 0.004 
383 QAc-W-0108    (0)   :  0.983 0.004 0.007 0.003 0.004 
384 QAc-W-0109    (0)   :  0.948 0.006 0.023 0.013 0.011 
385 QAc-W-0110   (13)   :  0.321 0.041 0.009 0.009 0.620 
386 QAc-W-0111    (6)   :  0.977 0.005 0.006 0.005 0.008 
387 QAc-W-0112   (13)   :  0.953 0.019 0.004 0.011 0.013 
388 QAc-W-0113   (13)   :  0.006 0.974 0.004 0.006 0.011 
389 QAc-W-0114   (13)   :  0.018 0.953 0.004 0.018 0.006 
390 QAc-W-0115    (0)   :  0.005 0.977 0.006 0.004 0.009 
391 QAc-W-0116    (0)   :  0.005 0.952 0.002 0.023 0.017 
392 QAc-W-0117    (0)   :  0.003 0.979 0.004 0.006 0.008 
393 QAc-W-0118    (0)   :  0.015 0.954 0.021 0.005 0.005 
394 QAc-W-0119    (0)   :  0.005 0.974 0.008 0.007 0.007 
395 QAc-W-0120    (0)   :  0.006 0.967 0.010 0.006 0.010 
396 QAc-W-0121    (0)   :  0.004 0.950 0.032 0.007 0.008 
397 QAc-W-0122    (0)   :  0.006 0.970 0.004 0.010 0.011 
398 QAc-W-0123    (6)   :  0.012 0.958 0.008 0.013 0.008 
399 QAc-W-0124    (0)   :  0.030 0.900 0.027 0.007 0.036 
400 QAc-W-0125    (0)   :  0.016 0.962 0.009 0.008 0.006 
401 QAc-W-0126   (13)   :  0.020 0.953 0.007 0.012 0.008 
402 QAc-W-0127    (6)   :  0.004 0.978 0.004 0.006 0.008 
403 QAc-W-0128   (13)   :  0.038 0.933 0.011 0.007 0.011 
404 QAc-W-0129   (13)   :  0.005 0.944 0.007 0.011 0.033 
405 QAc-W-0130   (13)   :  0.008 0.958 0.006 0.006 0.023 
406 QAc-W-0131    (0)   :  0.006 0.966 0.005 0.018 0.005 
407 QAc-W-0132    (6)   :  0.018 0.889 0.050 0.009 0.035 
408 QAc-W-0133    (6)   :  0.096 0.718 0.167 0.013 0.007 
409 QAc-W-0134    (0)   :  0.005 0.978 0.005 0.007 0.005 
410 QAc-W-0135    (0)   :  0.006 0.912 0.015 0.005 0.062 
411 QAc-W-0136    (0)   :  0.004 0.981 0.003 0.006 0.006 
412 QAc-W-0137    (0)   :  0.003 0.984 0.004 0.004 0.004 
413 QAc-W-0138    (0)   :  0.003 0.982 0.004 0.004 0.007 
414 QAc-W-0139    (0)   :  0.043 0.888 0.018 0.009 0.042 
415 QAc-W-0140    (0)   :  0.006 0.921 0.005 0.024 0.044 
416 QAc-W-0141    (6)   :  0.007 0.910 0.017 0.009 0.058 
417 QAc-W-0142    (0)   :  0.004 0.980 0.007 0.004 0.004 
418 QAc-W-0143    (0)   :  0.007 0.977 0.004 0.006 0.006 
419 QAc-W-0144    (0)   :  0.006 0.937 0.003 0.045 0.009 
420 QAc-W-0145    (0)   :  0.003 0.984 0.004 0.005 0.004 
421 QAc-W-0146    (0)   :  0.006 0.964 0.004 0.006 0.021 
422 QAc-W-0147    (0)   :  0.005 0.983 0.003 0.004 0.005 
423 QAc-W-0148    (0)   :  0.003 0.977 0.005 0.005 0.009 
424 QAc-W-0149    (0)   :  0.009 0.959 0.004 0.019 0.009 
425 QAc-W-0150    (0)   :  0.018 0.915 0.007 0.009 0.052 
426 QAc-W-0151    (0)   :  0.006 0.967 0.006 0.007 0.015 
427 QAc-W-0152    (0)   :  0.004 0.977 0.007 0.006 0.006 
428 QAc-W-0153    (0)   :  0.121 0.521 0.019 0.039 0.299 
429 QAc-W-0154    (0)   :  0.004 0.970 0.004 0.004 0.018 
430 QAc-W-0155    (0)   :  0.003 0.982 0.004 0.004 0.006 
431 QAc-W-0156    (0)   :  0.078 0.861 0.004 0.008 0.049 
432 QAc-W-0157    (0)   :  0.004 0.953 0.010 0.021 0.013 
433 QAc-W-0158    (0)   :  0.033 0.896 0.017 0.005 0.049 
434 QAc-W-0159    (0)   :  0.005 0.974 0.006 0.007 0.008 
435 QAc-W-0160    (0)   :  0.006 0.960 0.005 0.005 0.025 
436 QAc-W-0161    (0)   :  0.004 0.903 0.005 0.039 0.050 
437 QAc-W-0162    (0)   :  0.003 0.926 0.033 0.034 0.004 
438 QAc-W-0163    (0)   :  0.004 0.962 0.005 0.021 0.008 
439 QAc-W-0164    (0)   :  0.005 0.977 0.006 0.006 0.006 
440 QAc-W-0165    (0)   :  0.003 0.962 0.021 0.008 0.006 
441 QAc-W-0166    (0)   :  0.004 0.959 0.005 0.007 0.024 


Estimated Allele Frequencies in each cluster
First column gives estimated ancestral frequencies


Locus 1 : 
21 alleles
0.5% missing data
 210   (0.112) 0.217 0.154 0.002 0.166 0.044 
 212   (0.105) 0.220 0.099 0.209 0.031 0.188 
 202   (0.071) 0.137 0.019 0.001 0.120 0.055 
 226   (0.051) 0.113 0.007 0.182 0.090 0.002 
 216   (0.082) 0.094 0.092 0.001 0.138 0.011 
 200   (0.197) 0.128 0.206 0.382 0.195 0.501 
 224   (0.033) 0.002 0.006 0.144 0.004 0.083 
 218   (0.050) 0.056 0.129 0.001 0.004 0.028 
 222   (0.028) 0.001 0.157 0.000 0.004 0.002 
 228   (0.015) 0.000 0.002 0.062 0.001 0.000 
 214   (0.045) 0.001 0.056 0.013 0.113 0.002 
 208   (0.045) 0.029 0.005 0.001 0.034 0.072 
 220   (0.020) 0.000 0.016 0.000 0.002 0.003 
 206   (0.036) 0.001 0.025 0.001 0.039 0.003 
 196   (0.013) 0.000 0.007 0.000 0.001 0.000 
 238   (0.015) 0.000 0.007 0.000 0.001 0.000 
 121   (0.014) 0.000 0.001 0.000 0.001 0.005 
 204   (0.019) 0.000 0.002 0.000 0.016 0.001 
 190   (0.016) 0.000 0.007 0.000 0.001 0.001 
 198   (0.015) 0.000 0.001 0.000 0.006 0.000 
 232   (0.017) 0.000 0.001 0.000 0.032 0.001 

Locus 2 : 
15 alleles
1.6% missing data
 171   (0.164) 0.155 0.072 0.002 0.442 0.340 
 175   (0.104) 0.242 0.027 0.124 0.085 0.037 
 185   (0.061) 0.142 0.193 0.002 0.007 0.008 
 181   (0.083) 0.346 0.009 0.346 0.055 0.103 
 179   (0.103) 0.002 0.256 0.103 0.126 0.009 
 173   (0.174) 0.064 0.181 0.329 0.128 0.328 
 177   (0.046) 0.001 0.061 0.092 0.012 0.001 
 183   (0.068) 0.021 0.093 0.001 0.072 0.003 
 187   (0.069) 0.001 0.059 0.001 0.045 0.073 
 189   (0.033) 0.001 0.022 0.000 0.002 0.094 
 191   (0.029) 0.024 0.003 0.000 0.016 0.001 
 163   (0.016) 0.000 0.007 0.000 0.001 0.001 
 165   (0.017) 0.000 0.007 0.000 0.001 0.001 
 193   (0.015) 0.000 0.003 0.000 0.004 0.001 
 169   (0.017) 0.000 0.007 0.000 0.001 0.001 

Locus 3 : 
7 alleles
2.5% missing data
 206   (0.813) 0.981 0.923 0.985 0.931 0.923 
 208   (0.059) 0.002 0.042 0.001 0.020 0.070 
 198   (0.016) 0.006 0.001 0.000 0.001 0.001 
 204   (0.052) 0.010 0.015 0.013 0.032 0.002 
 218   (0.024) 0.000 0.006 0.000 0.009 0.001 
 230   (0.016) 0.000 0.002 0.000 0.006 0.001 
 212   (0.019) 0.001 0.010 0.000 0.002 0.003 

Locus 4 : 
15 alleles
3.6% missing data
 165   (0.099) 0.595 0.028 0.085 0.035 0.126 
 173   (0.035) 0.326 0.005 0.000 0.017 0.001 
 163   (0.140) 0.006 0.300 0.006 0.183 0.106 
 167   (0.145) 0.024 0.153 0.002 0.235 0.193 
 161   (0.313) 0.014 0.403 0.886 0.407 0.514 
 153   (0.018) 0.000 0.002 0.000 0.001 0.010 
 171   (0.044) 0.009 0.023 0.001 0.037 0.002 
 179   (0.016) 0.000 0.002 0.000 0.002 0.004 
 157   (0.036) 0.001 0.006 0.001 0.021 0.036 
 149   (0.016) 0.000 0.002 0.000 0.006 0.001 
 177   (0.039) 0.017 0.028 0.001 0.008 0.003 
 155   (0.020) 0.000 0.014 0.000 0.001 0.002 
 175   (0.017) 0.000 0.002 0.000 0.011 0.001 
 169   (0.031) 0.005 0.004 0.000 0.033 0.001 
 159   (0.031) 0.001 0.031 0.017 0.002 0.001 

Locus 5 : 
16 alleles
0.0% missing data
 148   (0.105) 0.390 0.087 0.373 0.030 0.127 
 160   (0.033) 0.078 0.003 0.000 0.031 0.002 
 146   (0.097) 0.286 0.031 0.339 0.068 0.045 
 154   (0.050) 0.003 0.196 0.026 0.010 0.004 
 150   (0.054) 0.001 0.011 0.010 0.077 0.063 
 138   (0.111) 0.095 0.236 0.004 0.089 0.077 
 166   (0.038) 0.001 0.003 0.000 0.192 0.016 
 164   (0.026) 0.000 0.008 0.000 0.023 0.001 
 142   (0.031) 0.001 0.016 0.001 0.026 0.001 
 144   (0.145) 0.015 0.133 0.204 0.233 0.260 
 140   (0.088) 0.002 0.145 0.001 0.097 0.193 
 158   (0.062) 0.049 0.025 0.001 0.036 0.020 
 162   (0.032) 0.068 0.007 0.000 0.006 0.006 
 152   (0.086) 0.002 0.096 0.040 0.041 0.184 
 134   (0.019) 0.000 0.001 0.000 0.027 0.001 
 156   (0.023) 0.010 0.002 0.000 0.013 0.001 

Locus 6 : 
12 alleles
0.0% missing data
 225   (0.049) 0.108 0.028 0.197 0.004 0.002 
 239   (0.122) 0.034 0.035 0.488 0.125 0.079 
 229   (0.025) 0.326 0.002 0.000 0.002 0.005 
 235   (0.244) 0.406 0.393 0.266 0.099 0.304 
 237   (0.175) 0.010 0.241 0.036 0.148 0.285 
 233   (0.114) 0.045 0.029 0.009 0.147 0.260 
 227   (0.032) 0.001 0.003 0.000 0.330 0.001 
 245   (0.064) 0.001 0.081 0.001 0.039 0.024 
 241   (0.070) 0.068 0.065 0.002 0.075 0.003 
 231   (0.042) 0.001 0.076 0.000 0.024 0.001 
 243   (0.046) 0.001 0.041 0.001 0.007 0.035 
 251   (0.017) 0.000 0.007 0.000 0.001 0.001 

Locus 7 : 
7 alleles
0.0% missing data
 118   (0.813) 0.962 0.983 0.982 0.795 0.864 
 124   (0.054) 0.001 0.005 0.001 0.136 0.123 
 116   (0.024) 0.001 0.002 0.001 0.041 0.001 
 114   (0.048) 0.024 0.005 0.005 0.014 0.010 
 122   (0.016) 0.000 0.001 0.000 0.006 0.001 
 112   (0.027) 0.012 0.002 0.000 0.007 0.001 
 120   (0.018) 0.000 0.001 0.012 0.001 0.001 

Locus 8 : 
5 alleles
0.5% missing data
 135   (0.059) 0.018 0.039 0.005 0.004 0.107 
 139   (0.706) 0.899 0.671 0.961 0.811 0.791 
 137   (0.190) 0.082 0.194 0.033 0.181 0.101 
 143   (0.024) 0.000 0.064 0.000 0.002 0.001 
 141   (0.021) 0.001 0.032 0.000 0.002 0.001 

Locus 9 : 
15 alleles
1.6% missing data
 116   (0.222) 0.371 0.348 0.180 0.060 0.469 
 112   (0.117) 0.077 0.173 0.066 0.034 0.047 
 118   (0.112) 0.514 0.144 0.002 0.081 0.030 
 122   (0.058) 0.001 0.009 0.547 0.359 0.003 
 114   (0.173) 0.026 0.224 0.135 0.129 0.260 
 120   (0.073) 0.001 0.030 0.001 0.092 0.084 
 130   (0.042) 0.001 0.003 0.000 0.072 0.080 
 124   (0.055) 0.001 0.040 0.067 0.041 0.002 
 110   (0.014) 0.000 0.006 0.000 0.001 0.001 
 134   (0.016) 0.000 0.005 0.000 0.003 0.001 
 128   (0.032) 0.001 0.002 0.000 0.046 0.010 
 126   (0.040) 0.001 0.007 0.001 0.069 0.010 
 108   (0.017) 0.000 0.004 0.000 0.008 0.002 
 106   (0.016) 0.000 0.002 0.001 0.004 0.001 
 138   (0.013) 0.005 0.001 0.000 0.001 0.000 

Locus 10 : 
8 alleles
0.0% missing data
 232   (0.763) 0.974 0.849 0.997 0.712 0.924 
 238   (0.105) 0.002 0.137 0.001 0.235 0.031 
 220   (0.019) 0.000 0.001 0.000 0.001 0.030 
 226   (0.017) 0.011 0.001 0.000 0.001 0.001 
 234   (0.027) 0.001 0.005 0.000 0.007 0.012 
 240   (0.019) 0.000 0.002 0.000 0.011 0.001 
 236   (0.021) 0.001 0.003 0.001 0.015 0.001 
 244   (0.029) 0.011 0.002 0.000 0.018 0.001 

Locus 11 : 
8 alleles
0.0% missing data
 165   (0.727) 0.859 0.856 0.762 0.825 0.809 
 167   (0.106) 0.127 0.098 0.235 0.059 0.008 
 161   (0.081) 0.010 0.018 0.001 0.104 0.178 
 153   (0.017) 0.002 0.003 0.000 0.001 0.002 
 169   (0.017) 0.000 0.002 0.002 0.004 0.001 
 155   (0.016) 0.000 0.007 0.000 0.001 0.000 
 173   (0.018) 0.000 0.003 0.000 0.004 0.001 
 163   (0.019) 0.000 0.014 0.000 0.001 0.001 

Locus 12 : 
9 alleles
0.0% missing data
 137   (0.516) 0.295 0.770 0.436 0.640 0.332 
 140   (0.145) 0.346 0.090 0.010 0.065 0.417 
 134   (0.225) 0.353 0.100 0.552 0.261 0.242 
 149   (0.016) 0.000 0.007 0.000 0.002 0.000 
 131   (0.017) 0.003 0.003 0.000 0.002 0.001 
 143   (0.020) 0.000 0.002 0.000 0.022 0.001 
 128   (0.016) 0.000 0.002 0.000 0.006 0.001 
 125   (0.027) 0.000 0.022 0.000 0.002 0.005 
 146   (0.017) 0.001 0.005 0.000 0.001 0.002 

Locus 13 : 
20 alleles
0.2% missing data
 206   (0.141) 0.420 0.182 0.030 0.115 0.136 
 210   (0.072) 0.271 0.041 0.356 0.006 0.150 
 190   (0.045) 0.001 0.138 0.001 0.007 0.048 
 202   (0.095) 0.068 0.046 0.001 0.294 0.054 
 214   (0.034) 0.001 0.004 0.172 0.007 0.033 
 212   (0.039) 0.001 0.194 0.135 0.003 0.003 
 192   (0.082) 0.029 0.033 0.001 0.111 0.246 
 204   (0.052) 0.001 0.036 0.004 0.045 0.021 
 184   (0.060) 0.087 0.098 0.003 0.005 0.055 
 216   (0.018) 0.000 0.002 0.002 0.001 0.117 
 208   (0.044) 0.001 0.050 0.022 0.003 0.088 
 200   (0.076) 0.087 0.040 0.002 0.165 0.017 
 198   (0.032) 0.001 0.040 0.000 0.027 0.001 
 194   (0.086) 0.030 0.051 0.186 0.156 0.008 
 186   (0.022) 0.001 0.003 0.085 0.008 0.001 
 188   (0.026) 0.000 0.003 0.000 0.018 0.004 
 196   (0.032) 0.001 0.032 0.000 0.017 0.001 
 220   (0.015) 0.000 0.003 0.000 0.005 0.000 
 180   (0.015) 0.000 0.004 0.000 0.007 0.002 
 182   (0.015) 0.000 0.001 0.000 0.001 0.015 

Locus 14 : 
8 alleles
1.6% missing data
 139   (0.088) 0.200 0.012 0.135 0.047 0.111 
 145   (0.079) 0.112 0.142 0.011 0.010 0.026 
 151   (0.343) 0.565 0.387 0.451 0.370 0.276 
 157   (0.293) 0.096 0.296 0.134 0.351 0.548 
 154   (0.087) 0.002 0.119 0.268 0.035 0.034 
 163   (0.037) 0.023 0.004 0.000 0.057 0.002 
 142   (0.036) 0.002 0.026 0.000 0.017 0.002 
 160   (0.038) 0.001 0.014 0.000 0.112 0.001 

Locus 15 : 
14 alleles
1.1% missing data
 256   (0.154) 0.131 0.130 0.163 0.144 0.150 
 262   (0.029) 0.410 0.003 0.000 0.012 0.001 
 246   (0.075) 0.101 0.022 0.001 0.078 0.107 
 258   (0.153) 0.026 0.235 0.002 0.252 0.288 
 254   (0.103) 0.003 0.077 0.182 0.133 0.061 
 250   (0.034) 0.001 0.030 0.550 0.005 0.001 
 242   (0.102) 0.188 0.159 0.085 0.066 0.010 
 252   (0.091) 0.129 0.047 0.007 0.055 0.074 
 248   (0.133) 0.004 0.218 0.009 0.220 0.198 
 260   (0.053) 0.005 0.020 0.001 0.023 0.106 
 264   (0.017) 0.000 0.008 0.000 0.001 0.001 
 244   (0.024) 0.002 0.042 0.000 0.004 0.001 
 276   (0.016) 0.000 0.007 0.000 0.001 0.000 
 240   (0.016) 0.000 0.002 0.000 0.006 0.000 

Values of parameters used in structure:
DATAFILE=C:\Users\eschumacher\Documents\GitHub\GCC_QUAC_ZAIN\Data_Files\Structure_Files\QUAC\QUAC_woK_nopopinfo_garden_wild\QUAC_woK_nopopinfo_garden_wild\project_data,	OUTFILE=C:\Users\eschumacher\Documents\GitHub\GCC_QUAC_ZAIN\Data_Files\Structure_Files\QUAC\QUAC_woK_nopopinfo_garden_wild\QUAC_woK_nopopinfo_garden_wild\50-50\Results\50-50_run_24,	NUMINDS=441,	NUMLOCI=15,	MISSING=-9,	LABEL=1,	POPDATA=0,	POPFLAG=0,	PHENOTYPE=0,	EXTRACOLS=0,	MAXPOPS=5,	BURNIN=50000,	NUMREPS=50000,	USEPOPINFO=0,	INFERALPHA=1,	INFERLAMBDA=0,	POPSPECIFICLAMBDA=0,	POPALPHAS=0,	COMPUTEPROB=1,	NOADMIX=0,	ADMBURNIN=2500,	UPDATEFREQ=1,	PRINTLIKES=0,	INTERMEDSAVE=0,	PRINTKLD=0,	PRINTNET=0,	PRINTLAMBDA=0,	ANCESTDIST=0,	NUMBOXES=1000,	ANCESTPINT=0.90000,	GENSBACK=2,	MIGRPRIOR=0.05000,	PRINTQHAT=0,	PRINTQSUM=0,	ALPHA=1.0000,	FREQSCORR=1,	FPRIORMEAN=0.0100,	FPRIORSD=0.0500,	ONEFST=0,	LAMBDA=1.0000,	UNIFPRIORALPHA=1,	ALPHAMAX=10.0000,	ALPHAPRIORA=1.0000,	ALPHAPRIORB=2.0000,	ALPHAPROPSD=0.0250,	STARTATPOPINFO=0,	RANDOMIZE=1,	LINKAGE=0,	METROFREQ=10,	REPORTHITRATE=0,	MARKOVPHASE=-1,	PHASED=0,	PLOIDY=2,	PHASEINFO=0	LOCPRIOR=0, 	LOCPRIORINIT=1.000000, 	LOCDATA=0, 	LOCISPOP=0, 	LOCPRIORSTEP=0.100000, 	MAXLOCPRIOR=20.000000, 	SEED=1670366903,	
[STRAT parameters]:    NUMSIMSTATS=1000,	PHENOTYPECOL=-9,	POOLFREQ=10,	LOCUSxONLY=0,	EMERROR=0.00100,	MISSINGPHENO=-9,	