

----------------------------------------------------
STRUCTURE by Pritchard, Stephens and Donnelly (2000)
     and Falush, Stephens and Pritchard (2003)
       Code by Pritchard, Falush and Hubisz
             Version 2.3.4 (Jul 2012)
----------------------------------------------------



Command line arguments:   bin\structure -m C:\Users\eschumacher\Documents\GitHub\GCC_QUAC_ZAIN\Data_Files\Structure_Files\QUAC\QUAC_woK_nopopinfo_garden_wild\QUAC_woK_nopopinfo_garden_wild\50-50\mainparams -e C:\Users\eschumacher\Documents\GitHub\GCC_QUAC_ZAIN\Data_Files\Structure_Files\QUAC\QUAC_woK_nopopinfo_garden_wild\QUAC_woK_nopopinfo_garden_wild\50-50\extraparams 
Input File:    C:\Users\eschumacher\Documents\GitHub\GCC_QUAC_ZAIN\Data_Files\Structure_Files\QUAC\QUAC_woK_nopopinfo_garden_wild\QUAC_woK_nopopinfo_garden_wild\project_data

Run parameters:
   441 individuals
   15 loci
   10 populations assumed
   50000 Burn-in period
   50000 Reps


--------------------------------------------
Overall proportion of membership of the
sample in each of the 10 clusters

Inferred Clusters
  1      2      3      4      5      6      7      8      9     10    
0.127  0.143  0.076  0.065  0.204  0.054  0.077  0.060  0.125  0.070  

--------------------------------------------

Allele-freq. divergence among pops (Net nucleotide distance),
computed using point estimates of P.

      1       2       3       4       5       6       7       8       9      10      
 1      -    0.1289  0.1596  0.0835  0.0566  0.0587  0.0749  0.0301  0.0954  0.1019  
 2   0.1289     -    0.1916  0.0931  0.1122  0.1087  0.1407  0.0958  0.1405  0.1680  
 3   0.1596  0.1916     -    0.1405  0.1472  0.1690  0.1693  0.1182  0.0816  0.2232  
 4   0.0835  0.0931  0.1405     -    0.0945  0.0810  0.0948  0.0596  0.1148  0.1409  
 5   0.0566  0.1122  0.1472  0.0945     -    0.0626  0.0747  0.0315  0.0984  0.0985  
 6   0.0587  0.1087  0.1690  0.0810  0.0626     -    0.0427  0.0328  0.1111  0.0860  
 7   0.0749  0.1407  0.1693  0.0948  0.0747  0.0427     -    0.0368  0.1256  0.1156  
 8   0.0301  0.0958  0.1182  0.0596  0.0315  0.0328  0.0368     -    0.0658  0.0835  
 9   0.0954  0.1405  0.0816  0.1148  0.0984  0.1111  0.1256  0.0658     -    0.1562  
10   0.1019  0.1680  0.2232  0.1409  0.0985  0.0860  0.1156  0.0835  0.1562     -    

Average distances (expected heterozygosity) between individuals in same cluster:
cluster  1  : 0.5535 
cluster  2  : 0.4000 
cluster  3  : 0.3931 
cluster  4  : 0.5133 
cluster  5  : 0.5614 
cluster  6  : 0.5978 
cluster  7  : 0.6118 
cluster  8  : 0.6981 
cluster  9  : 0.5042 
cluster 10  : 0.4646 

--------------------------------------------
Estimated Ln Prob of Data   = -15294.2
Mean value of ln likelihood = -14835.0
Variance of ln likelihood   = 918.4
Mean value of alpha         = 0.0329

Mean value of Fst_1         = 0.1437
Mean value of Fst_2         = 0.4960
Mean value of Fst_3         = 0.5515
Mean value of Fst_4         = 0.2610
Mean value of Fst_5         = 0.1614
Mean value of Fst_6         = 0.1538
Mean value of Fst_7         = 0.1096
Mean value of Fst_8         = 0.0027
Mean value of Fst_9         = 0.2505
Mean value of Fst_10         = 0.4140


Inferred ancestry of individuals:
        Label (%Miss) :  Inferred clusters
  1 QAc-G-0029    (0)   :  0.018 0.027 0.618 0.010 0.062 0.004 0.004 0.047 0.203 0.007 
  2 QAc-G-0030    (0)   :  0.002 0.003 0.978 0.002 0.002 0.002 0.002 0.002 0.003 0.002 
  3 QAc-G-0031    (0)   :  0.003 0.003 0.974 0.003 0.003 0.002 0.002 0.003 0.005 0.002 
  4 QAc-G-0061    (0)   :  0.005 0.004 0.118 0.003 0.005 0.003 0.002 0.003 0.853 0.005 
  5 QAc-G-0062    (0)   :  0.082 0.019 0.005 0.391 0.006 0.015 0.007 0.056 0.005 0.414 
  6 QAc-G-0063    (0)   :  0.037 0.542 0.005 0.171 0.096 0.023 0.007 0.102 0.005 0.013 
  7 QAc-G-0064    (0)   :  0.003 0.005 0.003 0.006 0.004 0.004 0.003 0.003 0.003 0.966 
  8 QAc-G-0065    (0)   :  0.002 0.002 0.007 0.002 0.003 0.004 0.003 0.003 0.003 0.971 
  9 QAc-G-0066    (0)   :  0.003 0.972 0.004 0.003 0.004 0.003 0.002 0.003 0.004 0.003 
 10 QAc-G-0067    (0)   :  0.004 0.003 0.005 0.002 0.003 0.003 0.004 0.003 0.008 0.966 
 11 QAc-G-0068    (0)   :  0.008 0.541 0.003 0.004 0.003 0.370 0.022 0.039 0.004 0.005 
 12 QAc-G-0070    (0)   :  0.311 0.535 0.004 0.099 0.008 0.004 0.009 0.016 0.006 0.009 
 13 QAc-G-0071   (13)   :  0.006 0.898 0.016 0.044 0.004 0.004 0.008 0.005 0.012 0.002 
 14 QAc-G-0072    (0)   :  0.004 0.970 0.003 0.003 0.004 0.003 0.002 0.003 0.003 0.003 
 15 QAc-G-0073    (0)   :  0.004 0.003 0.002 0.003 0.970 0.003 0.003 0.004 0.005 0.003 
 16 QAc-G-0074    (0)   :  0.035 0.131 0.004 0.066 0.698 0.011 0.008 0.037 0.004 0.005 
 17 QAc-G-0075    (0)   :  0.005 0.011 0.013 0.006 0.928 0.006 0.009 0.012 0.005 0.006 
 18 QAc-G-0076    (0)   :  0.009 0.009 0.006 0.004 0.894 0.027 0.003 0.031 0.008 0.008 
 19 QAc-G-0077    (0)   :  0.003 0.008 0.119 0.006 0.006 0.003 0.004 0.004 0.841 0.007 
 20 QAc-G-0078    (0)   :  0.002 0.003 0.980 0.002 0.002 0.002 0.002 0.002 0.003 0.002 
 21 QAc-G-0079    (0)   :  0.002 0.003 0.976 0.003 0.002 0.002 0.003 0.002 0.004 0.002 
 22 QAc-G-0080    (0)   :  0.004 0.006 0.003 0.019 0.076 0.019 0.011 0.065 0.778 0.020 
 23 QAc-G-0081    (0)   :  0.194 0.004 0.006 0.023 0.018 0.006 0.016 0.724 0.005 0.004 
 24 QAc-G-0082    (0)   :  0.018 0.002 0.002 0.007 0.013 0.005 0.017 0.927 0.005 0.003 
 25 QAc-G-0083    (0)   :  0.011 0.010 0.009 0.897 0.026 0.004 0.006 0.009 0.016 0.011 
 26 QAc-G-0001   (13)   :  0.002 0.004 0.972 0.003 0.003 0.002 0.003 0.003 0.005 0.002 
 27 QAc-G-0002    (0)   :  0.002 0.003 0.977 0.002 0.002 0.002 0.002 0.002 0.005 0.002 
 28 QAc-G-0285    (0)   :  0.008 0.015 0.006 0.935 0.005 0.007 0.009 0.006 0.006 0.004 
 29 QAc-G-0286    (0)   :  0.003 0.974 0.003 0.005 0.003 0.003 0.002 0.002 0.003 0.002 
 30 QAc-G-0287    (0)   :  0.003 0.977 0.003 0.003 0.002 0.003 0.002 0.002 0.003 0.002 
 31 QAc-G-0288    (6)   :  0.038 0.856 0.020 0.006 0.016 0.010 0.006 0.014 0.025 0.009 
 32 QAc-G-0289    (0)   :  0.003 0.974 0.002 0.003 0.003 0.003 0.002 0.003 0.004 0.003 
 33 QAc-G-0290    (0)   :  0.004 0.968 0.003 0.004 0.004 0.003 0.003 0.003 0.003 0.006 
 34 QAc-G-0291    (0)   :  0.002 0.904 0.037 0.022 0.005 0.004 0.002 0.004 0.017 0.003 
 35 QAc-G-0292    (0)   :  0.009 0.226 0.003 0.728 0.005 0.011 0.005 0.006 0.004 0.003 
 36 QAc-G-0293    (0)   :  0.003 0.476 0.012 0.492 0.003 0.003 0.002 0.003 0.005 0.002 
 37 QAc-G-0294    (0)   :  0.006 0.003 0.007 0.003 0.914 0.033 0.007 0.014 0.006 0.006 
 38 QAc-G-0295    (0)   :  0.004 0.013 0.007 0.010 0.939 0.004 0.003 0.005 0.009 0.005 
 39 QAc-G-0296    (0)   :  0.004 0.006 0.002 0.005 0.958 0.006 0.003 0.004 0.004 0.009 
 40 QAc-G-0297    (0)   :  0.009 0.003 0.002 0.003 0.321 0.016 0.030 0.605 0.005 0.005 
 41 QAc-G-0298    (6)   :  0.003 0.003 0.005 0.004 0.964 0.003 0.004 0.005 0.005 0.004 
 42 QAc-G-0299    (0)   :  0.004 0.007 0.004 0.004 0.954 0.009 0.006 0.005 0.005 0.004 
 43 QAc-G-0300    (0)   :  0.010 0.003 0.003 0.003 0.945 0.005 0.004 0.005 0.003 0.018 
 44 QAc-G-0301    (0)   :  0.005 0.011 0.006 0.007 0.886 0.004 0.005 0.006 0.004 0.066 
 45 QAc-G-0302    (0)   :  0.005 0.007 0.003 0.007 0.010 0.023 0.919 0.019 0.004 0.003 
 46 QAc-G-0303    (0)   :  0.031 0.003 0.002 0.009 0.007 0.018 0.888 0.031 0.006 0.005 
 47 QAc-G-0304    (0)   :  0.003 0.972 0.003 0.006 0.004 0.003 0.002 0.002 0.003 0.002 
 48 QAc-G-0305    (0)   :  0.042 0.486 0.048 0.266 0.005 0.055 0.026 0.030 0.039 0.003 
 49 QAc-G-0306    (0)   :  0.003 0.974 0.003 0.005 0.002 0.002 0.002 0.002 0.003 0.002 
 50 QAc-G-0307    (0)   :  0.036 0.005 0.041 0.024 0.008 0.009 0.014 0.020 0.838 0.005 
 51 QAc-G-0308    (0)   :  0.006 0.009 0.004 0.006 0.008 0.007 0.006 0.004 0.948 0.002 
 52 QAc-G-0309    (0)   :  0.003 0.004 0.956 0.004 0.003 0.003 0.004 0.015 0.005 0.002 
 53 QAc-G-0310    (0)   :  0.003 0.003 0.973 0.003 0.003 0.003 0.002 0.003 0.005 0.003 
 54 QAc-G-0311    (0)   :  0.002 0.003 0.004 0.002 0.002 0.002 0.002 0.002 0.977 0.002 
 55 QAc-G-0312    (0)   :  0.064 0.007 0.006 0.005 0.096 0.041 0.065 0.086 0.618 0.011 
 56 QAc-G-0313    (0)   :  0.075 0.007 0.027 0.042 0.014 0.005 0.006 0.811 0.006 0.006 
 57 QAc-G-0314    (0)   :  0.086 0.004 0.008 0.003 0.115 0.006 0.033 0.725 0.010 0.009 
 58 QAc-G-0315    (0)   :  0.010 0.007 0.004 0.005 0.009 0.018 0.010 0.926 0.004 0.006 
 59 QAc-G-0316    (0)   :  0.114 0.006 0.020 0.009 0.006 0.006 0.005 0.814 0.011 0.009 
 60 QAc-G-0032    (6)   :  0.009 0.008 0.011 0.003 0.013 0.573 0.133 0.121 0.007 0.123 
 61 QAc-G-0033    (0)   :  0.006 0.004 0.006 0.004 0.955 0.004 0.004 0.004 0.005 0.008 
 62 QAc-G-0034    (0)   :  0.016 0.004 0.020 0.004 0.897 0.010 0.008 0.008 0.026 0.007 
 63 QAc-G-0035    (0)   :  0.005 0.006 0.003 0.006 0.949 0.006 0.004 0.007 0.005 0.010 
 64 QAc-G-0036    (0)   :  0.014 0.016 0.006 0.015 0.916 0.009 0.004 0.010 0.005 0.005 
 65 QAc-G-0037    (0)   :  0.003 0.013 0.006 0.005 0.945 0.004 0.002 0.005 0.012 0.005 
 66 QAc-G-0038    (0)   :  0.004 0.003 0.002 0.003 0.975 0.003 0.003 0.003 0.002 0.003 
 67 QAc-G-0039    (0)   :  0.016 0.005 0.010 0.004 0.888 0.015 0.009 0.021 0.028 0.005 
 68 QAc-G-0040    (0)   :  0.058 0.056 0.005 0.009 0.834 0.012 0.004 0.013 0.007 0.003 
 69 QAc-G-0041    (0)   :  0.024 0.003 0.003 0.017 0.908 0.003 0.002 0.006 0.003 0.030 
 70 QAc-G-0042    (0)   :  0.004 0.006 0.002 0.004 0.957 0.009 0.004 0.004 0.003 0.005 
 71 QAc-G-0043    (0)   :  0.004 0.005 0.004 0.003 0.963 0.004 0.002 0.005 0.008 0.002 
 72 QAc-G-0044    (0)   :  0.006 0.008 0.004 0.005 0.916 0.008 0.013 0.009 0.003 0.028 
 73 QAc-G-0045    (0)   :  0.008 0.008 0.012 0.004 0.906 0.007 0.004 0.006 0.035 0.012 
 74 QAc-G-0046    (0)   :  0.015 0.002 0.045 0.005 0.888 0.006 0.003 0.016 0.017 0.004 
 75 QAc-G-0047    (0)   :  0.006 0.005 0.022 0.004 0.902 0.014 0.012 0.011 0.018 0.007 
 76 QAc-G-0048    (0)   :  0.007 0.003 0.002 0.005 0.961 0.003 0.004 0.006 0.003 0.006 
 77 QAc-G-0049    (0)   :  0.003 0.003 0.973 0.003 0.002 0.002 0.002 0.003 0.006 0.002 
 78 QAc-G-0050    (0)   :  0.013 0.015 0.010 0.005 0.004 0.009 0.043 0.844 0.052 0.004 
 79 QAc-G-0051    (0)   :  0.002 0.003 0.977 0.004 0.002 0.002 0.002 0.002 0.004 0.002 
 80 QAc-G-0052    (0)   :  0.006 0.003 0.008 0.003 0.006 0.004 0.003 0.005 0.956 0.008 
 81 QAc-G-0053    (0)   :  0.003 0.006 0.013 0.005 0.015 0.003 0.002 0.007 0.942 0.004 
 82 QAc-G-0054    (0)   :  0.073 0.004 0.003 0.003 0.015 0.030 0.026 0.347 0.497 0.004 
 83 QAc-G-0055    (0)   :  0.011 0.004 0.004 0.004 0.010 0.030 0.107 0.215 0.612 0.003 
 84 QAc-G-0056    (0)   :  0.050 0.012 0.004 0.005 0.008 0.014 0.009 0.850 0.041 0.008 
 85 QAc-G-0057    (0)   :  0.003 0.003 0.974 0.003 0.003 0.002 0.003 0.002 0.005 0.002 
 86 QAc-G-0058    (6)   :  0.002 0.003 0.976 0.003 0.002 0.002 0.003 0.002 0.004 0.002 
 87 QAc-G-0059    (0)   :  0.006 0.002 0.005 0.003 0.009 0.005 0.009 0.531 0.427 0.003 
 88 QAc-G-0060    (6)   :  0.006 0.011 0.011 0.006 0.006 0.006 0.003 0.024 0.919 0.008 
 89 QAc-G-0276    (0)   :  0.004 0.313 0.005 0.632 0.016 0.004 0.005 0.006 0.011 0.003 
 90 QAc-G-0279    (0)   :  0.003 0.970 0.006 0.004 0.003 0.003 0.002 0.003 0.004 0.002 
 91 QAc-G-0280    (6)   :  0.004 0.963 0.003 0.004 0.006 0.004 0.003 0.005 0.003 0.003 
 92 QAc-G-0281    (0)   :  0.003 0.005 0.006 0.003 0.003 0.003 0.002 0.003 0.969 0.003 
 93 QAc-G-0018    (0)   :  0.009 0.006 0.023 0.005 0.818 0.065 0.013 0.017 0.040 0.005 
 94 QAc-G-0019    (0)   :  0.007 0.013 0.003 0.014 0.877 0.009 0.003 0.008 0.004 0.061 
 95 QAc-G-0020    (0)   :  0.004 0.002 0.005 0.004 0.939 0.004 0.003 0.032 0.004 0.003 
 96 QAc-G-0021    (6)   :  0.002 0.003 0.008 0.003 0.952 0.003 0.003 0.006 0.007 0.013 
 97 QAc-G-0022    (6)   :  0.075 0.004 0.010 0.013 0.771 0.005 0.013 0.043 0.022 0.043 
 98 QAc-G-0023    (0)   :  0.003 0.003 0.624 0.005 0.003 0.003 0.003 0.003 0.351 0.002 
 99 QAc-G-0024    (0)   :  0.003 0.003 0.970 0.002 0.004 0.003 0.003 0.003 0.006 0.003 
100 QAc-G-0016    (0)   :  0.011 0.012 0.003 0.007 0.011 0.307 0.120 0.169 0.356 0.005 
101 QAc-G-0017    (0)   :  0.009 0.005 0.003 0.005 0.008 0.013 0.672 0.021 0.003 0.260 
102 QAc-G-0250    (0)   :  0.014 0.139 0.007 0.280 0.018 0.060 0.070 0.399 0.007 0.007 
103 QAc-G-0003    (6)   :  0.005 0.958 0.004 0.010 0.004 0.004 0.003 0.004 0.005 0.003 
104 QAc-G-0004    (0)   :  0.005 0.003 0.015 0.006 0.051 0.013 0.868 0.025 0.007 0.008 
105 QAc-G-0005    (0)   :  0.003 0.003 0.003 0.002 0.003 0.004 0.003 0.003 0.003 0.973 
106 QAc-G-0006    (6)   :  0.010 0.004 0.002 0.009 0.009 0.006 0.930 0.024 0.004 0.002 
107 QAc-G-0283    (0)   :  0.278 0.003 0.003 0.123 0.007 0.007 0.056 0.515 0.004 0.004 
108 QAc-G-0265    (0)   :  0.009 0.004 0.443 0.270 0.018 0.006 0.009 0.232 0.005 0.004 
109 QAc-G-0266    (0)   :  0.002 0.004 0.973 0.003 0.002 0.002 0.002 0.002 0.008 0.002 
110 QAc-G-0267    (0)   :  0.011 0.004 0.003 0.622 0.232 0.006 0.004 0.008 0.007 0.103 
111 QAc-G-0268   (20)   :  0.006 0.517 0.003 0.011 0.005 0.030 0.021 0.388 0.008 0.011 
112 QAc-G-0269    (0)   :  0.002 0.973 0.005 0.003 0.004 0.002 0.002 0.003 0.003 0.002 
113 QAc-G-0270    (6)   :  0.005 0.006 0.004 0.005 0.953 0.005 0.003 0.005 0.004 0.010 
114 QAc-G-0271    (0)   :  0.007 0.004 0.004 0.006 0.712 0.009 0.011 0.150 0.004 0.093 
115 QAc-G-0272    (6)   :  0.006 0.015 0.004 0.011 0.930 0.012 0.005 0.007 0.006 0.003 
116 QAc-G-0273    (0)   :  0.004 0.004 0.013 0.003 0.003 0.005 0.003 0.004 0.957 0.004 
117 QAc-G-0274    (0)   :  0.003 0.002 0.002 0.002 0.003 0.003 0.002 0.002 0.002 0.979 
118 QAc-G-0251    (6)   :  0.007 0.004 0.006 0.004 0.933 0.011 0.012 0.006 0.005 0.012 
119 QAc-G-0252    (0)   :  0.013 0.005 0.004 0.003 0.938 0.008 0.011 0.007 0.005 0.005 
120 QAc-G-0253    (0)   :  0.003 0.005 0.016 0.004 0.004 0.003 0.003 0.005 0.954 0.003 
121 QAc-G-0254    (0)   :  0.003 0.004 0.926 0.003 0.004 0.003 0.005 0.009 0.041 0.003 
122 QAc-G-0255    (0)   :  0.006 0.004 0.003 0.007 0.010 0.009 0.938 0.013 0.004 0.006 
123 QAc-G-0256    (0)   :  0.004 0.007 0.003 0.006 0.004 0.696 0.265 0.005 0.004 0.006 
124 QAc-G-0257    (0)   :  0.039 0.003 0.002 0.005 0.016 0.046 0.739 0.027 0.013 0.109 
125 QAc-G-0258    (0)   :  0.003 0.003 0.002 0.003 0.005 0.007 0.962 0.007 0.002 0.006 
126 QAc-G-0259    (0)   :  0.007 0.002 0.002 0.002 0.004 0.004 0.007 0.968 0.002 0.002 
127 QAc-G-0260    (0)   :  0.033 0.033 0.005 0.010 0.012 0.150 0.008 0.690 0.013 0.046 
128 QAc-G-0261    (0)   :  0.008 0.003 0.003 0.004 0.008 0.074 0.054 0.417 0.004 0.424 
129 QAc-G-0262    (0)   :  0.015 0.014 0.004 0.013 0.005 0.196 0.106 0.609 0.011 0.028 
130 QAc-G-0010    (0)   :  0.008 0.034 0.014 0.897 0.015 0.004 0.003 0.013 0.008 0.005 
131 QAc-G-0011    (0)   :  0.946 0.003 0.004 0.003 0.007 0.005 0.004 0.020 0.004 0.005 
132 QAc-G-0015    (0)   :  0.037 0.003 0.429 0.009 0.008 0.017 0.149 0.061 0.279 0.007 
133 QAc-G-0106    (0)   :  0.007 0.003 0.002 0.003 0.010 0.063 0.861 0.019 0.003 0.030 
134 QAc-G-0107    (0)   :  0.006 0.008 0.007 0.011 0.005 0.851 0.086 0.012 0.012 0.003 
135 QAc-G-0108    (0)   :  0.005 0.006 0.002 0.004 0.007 0.449 0.515 0.005 0.002 0.005 
136 QAc-G-0109    (0)   :  0.036 0.005 0.007 0.007 0.011 0.042 0.762 0.081 0.015 0.033 
137 QAc-G-0110    (0)   :  0.011 0.061 0.007 0.016 0.028 0.031 0.820 0.017 0.006 0.002 
138 QAc-G-0111    (0)   :  0.009 0.006 0.007 0.024 0.012 0.034 0.887 0.010 0.005 0.006 
139 QAc-G-0112    (0)   :  0.004 0.023 0.011 0.013 0.005 0.029 0.883 0.022 0.006 0.004 
140 QAc-G-0113    (0)   :  0.007 0.007 0.002 0.016 0.007 0.338 0.501 0.029 0.071 0.022 
141 QAc-G-0114    (0)   :  0.005 0.012 0.012 0.010 0.024 0.012 0.896 0.015 0.010 0.003 
142 QAc-G-0115    (0)   :  0.005 0.008 0.003 0.004 0.004 0.021 0.928 0.016 0.006 0.006 
143 QAc-G-0116    (0)   :  0.006 0.011 0.006 0.011 0.004 0.013 0.928 0.007 0.005 0.008 
144 QAc-G-0117    (0)   :  0.014 0.004 0.009 0.026 0.128 0.659 0.040 0.056 0.030 0.035 
145 QAc-G-0118    (0)   :  0.010 0.003 0.002 0.014 0.006 0.006 0.924 0.008 0.002 0.024 
146 QAc-G-0119    (0)   :  0.003 0.002 0.007 0.002 0.011 0.005 0.931 0.012 0.003 0.023 
147 QAc-G-0120    (0)   :  0.010 0.006 0.004 0.005 0.010 0.007 0.904 0.044 0.006 0.005 
148 QAc-G-0121    (0)   :  0.003 0.006 0.003 0.004 0.007 0.007 0.006 0.004 0.003 0.956 
149 QAc-G-0122    (0)   :  0.005 0.033 0.005 0.009 0.008 0.009 0.006 0.005 0.004 0.917 
150 QAc-G-0123    (0)   :  0.002 0.002 0.002 0.002 0.004 0.002 0.002 0.002 0.003 0.979 
151 QAc-G-0124    (6)   :  0.004 0.003 0.003 0.003 0.004 0.003 0.003 0.003 0.003 0.970 
152 QAc-G-0125    (0)   :  0.047 0.012 0.059 0.034 0.006 0.024 0.030 0.266 0.039 0.483 
153 QAc-G-0126    (0)   :  0.016 0.007 0.003 0.006 0.012 0.055 0.133 0.520 0.033 0.216 
154 QAc-G-0127    (0)   :  0.011 0.004 0.004 0.004 0.006 0.015 0.007 0.006 0.007 0.935 
155 QAc-G-0128    (0)   :  0.003 0.005 0.003 0.003 0.003 0.003 0.003 0.003 0.003 0.972 
156 QAc-G-0129    (0)   :  0.002 0.002 0.002 0.002 0.003 0.003 0.003 0.002 0.002 0.977 
157 QAc-G-0130    (0)   :  0.016 0.004 0.002 0.007 0.008 0.037 0.030 0.006 0.003 0.888 
158 QAc-G-0131    (0)   :  0.004 0.005 0.003 0.003 0.006 0.005 0.004 0.004 0.004 0.962 
159 QAc-G-0132    (0)   :  0.007 0.015 0.022 0.019 0.007 0.036 0.097 0.027 0.009 0.762 
160 QAc-G-0133    (0)   :  0.004 0.005 0.004 0.006 0.008 0.007 0.003 0.004 0.004 0.956 
161 QAc-G-0134    (0)   :  0.003 0.004 0.007 0.003 0.005 0.004 0.004 0.006 0.003 0.962 
162 QAc-G-0135    (0)   :  0.006 0.005 0.006 0.004 0.009 0.004 0.951 0.006 0.007 0.003 
163 QAc-G-0136    (0)   :  0.014 0.005 0.006 0.113 0.005 0.019 0.815 0.013 0.005 0.005 
164 QAc-G-0137    (0)   :  0.007 0.004 0.003 0.005 0.012 0.151 0.764 0.015 0.004 0.035 
165 QAc-G-0138    (0)   :  0.024 0.003 0.004 0.030 0.003 0.007 0.906 0.011 0.007 0.006 
166 QAc-G-0139    (0)   :  0.006 0.003 0.002 0.003 0.034 0.009 0.898 0.008 0.003 0.034 
167 QAc-G-0140    (6)   :  0.004 0.004 0.002 0.004 0.007 0.940 0.023 0.006 0.003 0.007 
168 QAc-G-0141    (0)   :  0.019 0.008 0.006 0.013 0.019 0.822 0.013 0.029 0.061 0.009 
169 QAc-G-0142    (0)   :  0.003 0.003 0.002 0.003 0.005 0.005 0.969 0.004 0.003 0.003 
170 QAc-G-0143    (0)   :  0.004 0.005 0.002 0.004 0.006 0.003 0.005 0.964 0.005 0.003 
171 QAc-G-0144    (6)   :  0.004 0.004 0.004 0.014 0.005 0.018 0.575 0.369 0.005 0.002 
172 QAc-G-0145    (0)   :  0.004 0.971 0.003 0.005 0.003 0.003 0.003 0.003 0.002 0.002 
173 QAc-G-0146    (0)   :  0.003 0.003 0.002 0.003 0.003 0.003 0.002 0.003 0.004 0.974 
174 QAc-G-0147    (0)   :  0.325 0.008 0.003 0.033 0.019 0.177 0.024 0.140 0.010 0.260 
175 QAc-G-0148    (0)   :  0.004 0.003 0.006 0.016 0.014 0.909 0.009 0.025 0.006 0.007 
176 QAc-G-0149    (0)   :  0.003 0.004 0.002 0.003 0.004 0.004 0.003 0.003 0.002 0.972 
177 QAc-G-0150    (0)   :  0.003 0.970 0.004 0.004 0.003 0.003 0.002 0.003 0.004 0.003 
178 QAc-G-0151    (0)   :  0.003 0.003 0.002 0.003 0.005 0.003 0.002 0.002 0.003 0.973 
179 QAc-G-0152    (0)   :  0.003 0.002 0.003 0.003 0.005 0.002 0.002 0.003 0.006 0.971 
180 QAc-G-0153    (0)   :  0.018 0.002 0.002 0.061 0.009 0.009 0.006 0.011 0.002 0.881 
181 QAc-G-0154    (0)   :  0.004 0.012 0.003 0.016 0.027 0.027 0.019 0.006 0.003 0.883 
182 QAc-G-0155    (0)   :  0.003 0.003 0.002 0.003 0.005 0.003 0.002 0.002 0.003 0.974 
183 QAc-G-0158    (0)   :  0.003 0.003 0.003 0.003 0.003 0.003 0.003 0.003 0.003 0.976 
184 QAc-G-0159    (0)   :  0.013 0.015 0.011 0.004 0.011 0.064 0.811 0.044 0.006 0.021 
185 QAc-G-0160    (0)   :  0.003 0.978 0.002 0.003 0.002 0.002 0.002 0.002 0.002 0.002 
186 QAc-G-0161    (0)   :  0.002 0.978 0.002 0.003 0.003 0.002 0.002 0.002 0.003 0.002 
187 QAc-G-0162    (0)   :  0.007 0.061 0.007 0.554 0.313 0.006 0.006 0.035 0.006 0.005 
188 QAc-G-0163    (0)   :  0.007 0.826 0.002 0.019 0.066 0.029 0.020 0.026 0.003 0.002 
189 QAc-G-0164    (0)   :  0.056 0.897 0.003 0.003 0.005 0.003 0.003 0.014 0.013 0.002 
190 QAc-G-0165    (0)   :  0.005 0.961 0.002 0.006 0.005 0.004 0.004 0.004 0.003 0.007 
191 QAc-G-0166    (0)   :  0.003 0.974 0.003 0.003 0.004 0.002 0.002 0.003 0.003 0.002 
192 QAc-G-0167    (0)   :  0.004 0.968 0.004 0.004 0.004 0.004 0.003 0.003 0.003 0.003 
193 QAc-G-0168    (0)   :  0.002 0.977 0.003 0.003 0.003 0.002 0.002 0.002 0.003 0.002 
194 QAc-G-0169    (6)   :  0.011 0.224 0.005 0.093 0.006 0.006 0.178 0.468 0.005 0.004 
195 QAc-G-0170    (0)   :  0.004 0.964 0.003 0.005 0.005 0.004 0.003 0.004 0.004 0.005 
196 QAc-G-0171    (0)   :  0.003 0.972 0.004 0.005 0.003 0.003 0.002 0.003 0.003 0.002 
197 QAc-G-0172    (0)   :  0.011 0.020 0.009 0.016 0.009 0.021 0.844 0.049 0.007 0.014 
198 QAc-G-0173    (0)   :  0.003 0.456 0.009 0.515 0.003 0.003 0.003 0.003 0.004 0.002 
199 QAc-G-0174    (0)   :  0.004 0.021 0.006 0.944 0.005 0.008 0.003 0.003 0.004 0.003 
200 QAc-G-0175    (0)   :  0.003 0.972 0.003 0.006 0.003 0.003 0.002 0.003 0.004 0.002 
201 QAc-G-0176    (0)   :  0.004 0.801 0.003 0.006 0.142 0.005 0.006 0.019 0.010 0.004 
202 QAc-G-0177    (0)   :  0.003 0.969 0.003 0.006 0.004 0.003 0.002 0.003 0.004 0.003 
203 QAc-G-0178    (0)   :  0.223 0.697 0.006 0.012 0.004 0.004 0.003 0.021 0.016 0.015 
204 QAc-G-0179    (6)   :  0.003 0.972 0.003 0.007 0.003 0.003 0.002 0.003 0.003 0.003 
205 QAc-G-0180    (0)   :  0.003 0.977 0.002 0.003 0.003 0.003 0.002 0.002 0.002 0.002 
206 QAc-G-0181    (0)   :  0.005 0.966 0.002 0.003 0.009 0.003 0.004 0.004 0.002 0.003 
207 QAc-G-0182    (0)   :  0.004 0.415 0.002 0.549 0.004 0.008 0.005 0.006 0.002 0.005 
208 QAc-G-0183    (6)   :  0.004 0.940 0.004 0.012 0.003 0.005 0.009 0.013 0.007 0.003 
209 QAc-G-0184    (0)   :  0.003 0.974 0.003 0.004 0.003 0.003 0.003 0.002 0.003 0.003 
210 QAc-G-0185    (0)   :  0.118 0.748 0.003 0.050 0.008 0.009 0.009 0.013 0.006 0.035 
211 QAc-G-0186    (0)   :  0.005 0.963 0.002 0.004 0.011 0.003 0.004 0.004 0.002 0.002 
212 QAc-G-0187    (0)   :  0.106 0.782 0.028 0.005 0.015 0.008 0.005 0.023 0.024 0.005 
213 QAc-G-0188    (0)   :  0.006 0.238 0.002 0.010 0.023 0.018 0.476 0.218 0.004 0.005 
214 QAc-G-0189    (0)   :  0.006 0.918 0.011 0.037 0.003 0.003 0.005 0.005 0.010 0.002 
215 QAc-G-0190    (0)   :  0.004 0.968 0.005 0.004 0.004 0.003 0.003 0.003 0.003 0.004 
216 QAc-G-0191    (0)   :  0.003 0.968 0.004 0.005 0.004 0.003 0.002 0.003 0.003 0.004 
217 QAc-G-0192    (0)   :  0.002 0.977 0.003 0.003 0.002 0.002 0.002 0.002 0.003 0.003 
218 QAc-G-0193    (0)   :  0.004 0.970 0.002 0.003 0.004 0.003 0.003 0.003 0.004 0.004 
219 QAc-G-0194    (0)   :  0.005 0.965 0.003 0.004 0.006 0.004 0.003 0.004 0.005 0.003 
220 QAc-G-0195    (0)   :  0.004 0.049 0.026 0.886 0.010 0.003 0.004 0.005 0.010 0.002 
221 QAc-G-0196    (0)   :  0.004 0.638 0.009 0.330 0.004 0.003 0.002 0.004 0.004 0.002 
222 QAc-G-0197    (0)   :  0.002 0.977 0.003 0.003 0.003 0.002 0.002 0.002 0.003 0.002 
223 QAc-G-0198    (0)   :  0.003 0.972 0.003 0.005 0.004 0.002 0.003 0.003 0.003 0.003 
224 QAc-G-0199    (0)   :  0.113 0.691 0.002 0.126 0.014 0.005 0.005 0.018 0.011 0.016 
225 QAc-G-0200    (0)   :  0.005 0.963 0.003 0.005 0.008 0.004 0.003 0.004 0.003 0.002 
226 QAc-G-0201    (0)   :  0.003 0.422 0.003 0.548 0.004 0.004 0.002 0.007 0.004 0.002 
227 QAc-G-0202    (6)   :  0.003 0.514 0.013 0.439 0.004 0.006 0.004 0.005 0.010 0.002 
228 QAc-G-0203    (0)   :  0.002 0.949 0.006 0.004 0.004 0.004 0.006 0.009 0.013 0.002 
229 QAc-G-0204    (0)   :  0.003 0.966 0.005 0.005 0.005 0.003 0.003 0.003 0.003 0.003 
230 QAc-G-0205    (0)   :  0.002 0.002 0.979 0.002 0.002 0.002 0.002 0.002 0.004 0.002 
231 QAc-G-0206    (0)   :  0.006 0.003 0.560 0.004 0.033 0.012 0.111 0.227 0.041 0.004 
232 QAc-G-0207    (0)   :  0.006 0.006 0.009 0.004 0.004 0.005 0.003 0.005 0.954 0.004 
233 QAc-G-0208    (0)   :  0.003 0.003 0.972 0.003 0.003 0.002 0.002 0.003 0.006 0.003 
234 QAc-G-0209    (0)   :  0.003 0.004 0.970 0.004 0.003 0.003 0.002 0.003 0.006 0.002 
235 QAc-G-0210    (0)   :  0.004 0.002 0.171 0.002 0.003 0.003 0.004 0.004 0.804 0.002 
236 QAc-G-0211    (0)   :  0.003 0.002 0.006 0.002 0.002 0.003 0.002 0.003 0.973 0.003 
237 QAc-G-0212    (0)   :  0.003 0.004 0.278 0.003 0.004 0.003 0.002 0.003 0.697 0.003 
238 QAc-G-0213    (0)   :  0.004 0.005 0.017 0.003 0.005 0.003 0.002 0.003 0.955 0.002 
239 QAc-G-0214    (0)   :  0.002 0.003 0.977 0.003 0.003 0.002 0.002 0.002 0.004 0.002 
240 QAc-G-0215    (0)   :  0.004 0.004 0.012 0.003 0.003 0.002 0.003 0.003 0.963 0.002 
241 QAc-G-0216    (0)   :  0.005 0.017 0.111 0.295 0.011 0.027 0.193 0.282 0.057 0.004 
242 QAc-G-0217    (0)   :  0.005 0.002 0.024 0.007 0.004 0.004 0.005 0.004 0.929 0.016 
243 QAc-G-0218    (0)   :  0.005 0.005 0.006 0.003 0.005 0.002 0.002 0.004 0.964 0.004 
244 QAc-G-0219    (0)   :  0.005 0.006 0.004 0.005 0.010 0.007 0.014 0.011 0.930 0.007 
245 QAc-G-0220    (0)   :  0.005 0.003 0.006 0.003 0.004 0.004 0.003 0.024 0.945 0.003 
246 QAc-G-0221    (0)   :  0.023 0.004 0.013 0.014 0.007 0.005 0.004 0.007 0.916 0.006 
247 QAc-G-0222    (0)   :  0.003 0.004 0.971 0.002 0.003 0.003 0.002 0.003 0.006 0.002 
248 QAc-G-0223    (0)   :  0.005 0.003 0.025 0.003 0.004 0.003 0.004 0.004 0.946 0.004 
249 QAc-G-0224    (0)   :  0.004 0.006 0.009 0.003 0.003 0.003 0.003 0.004 0.964 0.003 
250 QAc-G-0226    (0)   :  0.003 0.003 0.973 0.002 0.003 0.003 0.003 0.003 0.005 0.003 
251 QAc-G-0227    (0)   :  0.004 0.005 0.004 0.006 0.950 0.007 0.004 0.005 0.004 0.012 
252 QAc-G-0228    (6)   :  0.005 0.004 0.005 0.005 0.960 0.003 0.004 0.005 0.006 0.003 
253 QAc-G-0229    (0)   :  0.014 0.005 0.010 0.009 0.917 0.010 0.015 0.010 0.005 0.004 
254 QAc-G-0230    (0)   :  0.005 0.006 0.033 0.005 0.914 0.005 0.012 0.009 0.009 0.003 
255 QAc-G-0231    (0)   :  0.003 0.006 0.011 0.003 0.003 0.004 0.003 0.003 0.962 0.003 
256 QAc-G-0232    (0)   :  0.011 0.003 0.002 0.002 0.952 0.005 0.004 0.008 0.004 0.009 
257 QAc-G-0233    (0)   :  0.160 0.004 0.007 0.004 0.515 0.004 0.004 0.268 0.027 0.006 
258 QAc-G-0234    (0)   :  0.013 0.011 0.009 0.021 0.919 0.006 0.004 0.008 0.003 0.005 
259 QAc-G-0235    (0)   :  0.008 0.004 0.008 0.024 0.006 0.016 0.910 0.016 0.005 0.003 
260 QAc-G-0236    (0)   :  0.004 0.005 0.004 0.006 0.955 0.005 0.003 0.004 0.004 0.009 
261 QAc-G-0237    (0)   :  0.010 0.012 0.011 0.005 0.908 0.009 0.008 0.010 0.015 0.013 
262 QAc-G-0238    (0)   :  0.004 0.005 0.004 0.004 0.961 0.004 0.003 0.004 0.008 0.003 
263 QAc-G-0239    (0)   :  0.006 0.004 0.003 0.003 0.959 0.004 0.004 0.007 0.006 0.003 
264 QAc-G-0240    (0)   :  0.005 0.003 0.003 0.003 0.963 0.005 0.006 0.004 0.002 0.006 
265 QAc-G-0241    (0)   :  0.026 0.006 0.007 0.030 0.837 0.012 0.024 0.042 0.009 0.005 
266 QAc-G-0242    (0)   :  0.014 0.003 0.004 0.003 0.934 0.008 0.004 0.009 0.011 0.009 
267 QAc-G-0243    (0)   :  0.121 0.003 0.006 0.007 0.684 0.010 0.011 0.083 0.025 0.050 
268 QAc-G-0244    (0)   :  0.004 0.005 0.006 0.006 0.926 0.009 0.013 0.018 0.007 0.004 
269 QAc-G-0245    (0)   :  0.005 0.006 0.003 0.006 0.951 0.006 0.004 0.004 0.003 0.012 
270 QAc-G-0246    (0)   :  0.006 0.007 0.003 0.004 0.952 0.005 0.005 0.006 0.005 0.006 
271 QAc-G-0247    (0)   :  0.006 0.002 0.003 0.003 0.967 0.003 0.003 0.005 0.005 0.003 
272 QAc-G-0248    (0)   :  0.003 0.003 0.003 0.003 0.970 0.004 0.005 0.004 0.003 0.003 
273 QAc-G-0249    (0)   :  0.912 0.012 0.012 0.006 0.010 0.004 0.011 0.025 0.005 0.002 
274 QAc-G-0025    (0)   :  0.002 0.003 0.977 0.002 0.003 0.002 0.002 0.002 0.005 0.002 
275 QAc-G-0028    (0)   :  0.061 0.006 0.015 0.004 0.865 0.005 0.003 0.013 0.024 0.004 
276 QAc-G-0275    (0)   :  0.003 0.013 0.011 0.005 0.005 0.003 0.003 0.005 0.951 0.002 
277 QAc-G-0263    (0)   :  0.108 0.014 0.007 0.442 0.004 0.014 0.013 0.367 0.026 0.005 
278 QAc-W-0001    (0)   :  0.005 0.003 0.004 0.003 0.908 0.009 0.019 0.011 0.005 0.033 
279 QAc-W-0002    (0)   :  0.014 0.021 0.004 0.007 0.889 0.026 0.017 0.017 0.004 0.003 
280 QAc-W-0003    (0)   :  0.005 0.006 0.008 0.036 0.809 0.018 0.020 0.019 0.071 0.009 
281 QAc-W-0004    (0)   :  0.006 0.006 0.009 0.004 0.953 0.004 0.003 0.004 0.006 0.005 
282 QAc-W-0005    (0)   :  0.009 0.007 0.005 0.014 0.928 0.004 0.006 0.010 0.004 0.014 
283 QAc-W-0006    (0)   :  0.008 0.005 0.005 0.004 0.942 0.011 0.007 0.007 0.006 0.006 
284 QAc-W-0007   (13)   :  0.009 0.003 0.004 0.003 0.958 0.004 0.003 0.005 0.005 0.005 
285 QAc-W-0008    (6)   :  0.042 0.004 0.002 0.005 0.886 0.007 0.009 0.040 0.003 0.003 
286 QAc-W-0009    (0)   :  0.024 0.010 0.003 0.005 0.803 0.035 0.061 0.044 0.008 0.006 
287 QAc-W-0010    (0)   :  0.064 0.007 0.004 0.048 0.747 0.019 0.013 0.072 0.005 0.019 
288 QAc-W-0011    (0)   :  0.005 0.040 0.005 0.017 0.860 0.013 0.016 0.019 0.008 0.017 
289 QAc-W-0012    (0)   :  0.007 0.013 0.005 0.004 0.942 0.005 0.005 0.008 0.004 0.005 
290 QAc-W-0013    (0)   :  0.006 0.010 0.041 0.004 0.694 0.121 0.016 0.018 0.088 0.004 
291 QAc-W-0014    (0)   :  0.028 0.003 0.005 0.009 0.929 0.004 0.004 0.010 0.004 0.004 
292 QAc-W-0015    (0)   :  0.035 0.014 0.013 0.150 0.686 0.030 0.014 0.016 0.039 0.003 
293 QAc-W-0016    (0)   :  0.075 0.007 0.015 0.020 0.639 0.016 0.022 0.196 0.008 0.003 
294 QAc-W-0017    (0)   :  0.159 0.013 0.005 0.124 0.206 0.057 0.034 0.317 0.071 0.014 
295 QAc-W-0018    (0)   :  0.018 0.003 0.016 0.004 0.647 0.058 0.016 0.205 0.024 0.010 
296 QAc-W-0019    (0)   :  0.010 0.007 0.008 0.006 0.937 0.004 0.010 0.007 0.005 0.006 
297 QAc-W-0020    (0)   :  0.005 0.004 0.003 0.006 0.842 0.005 0.008 0.074 0.003 0.050 
298 QAc-W-0021    (0)   :  0.048 0.011 0.175 0.004 0.267 0.010 0.098 0.353 0.020 0.015 
299 QAc-W-0022    (0)   :  0.147 0.009 0.021 0.080 0.361 0.017 0.020 0.325 0.014 0.007 
300 QAc-W-0023    (6)   :  0.109 0.003 0.025 0.005 0.507 0.044 0.092 0.136 0.009 0.070 
301 QAc-W-0024    (0)   :  0.025 0.045 0.079 0.007 0.445 0.007 0.020 0.308 0.055 0.008 
302 QAc-W-0025    (0)   :  0.005 0.004 0.004 0.003 0.963 0.004 0.004 0.006 0.004 0.004 
303 QAc-W-0026    (0)   :  0.063 0.049 0.017 0.031 0.592 0.017 0.011 0.102 0.030 0.088 
304 QAc-W-0027    (0)   :  0.010 0.008 0.003 0.003 0.942 0.010 0.009 0.008 0.004 0.003 
305 QAc-W-0028    (0)   :  0.006 0.005 0.003 0.006 0.957 0.006 0.005 0.006 0.003 0.004 
306 QAc-W-0029    (0)   :  0.005 0.003 0.005 0.003 0.923 0.031 0.007 0.010 0.006 0.008 
307 QAc-W-0030    (0)   :  0.004 0.008 0.004 0.006 0.951 0.007 0.004 0.006 0.004 0.007 
308 QAc-W-0031    (0)   :  0.005 0.004 0.048 0.003 0.885 0.008 0.008 0.008 0.029 0.003 
309 QAc-W-0032    (0)   :  0.009 0.002 0.004 0.002 0.960 0.003 0.003 0.004 0.004 0.010 
310 QAc-W-0033    (0)   :  0.039 0.005 0.006 0.005 0.665 0.038 0.004 0.210 0.012 0.018 
311 QAc-W-0034    (0)   :  0.009 0.004 0.005 0.003 0.933 0.010 0.021 0.008 0.003 0.004 
312 QAc-W-0035    (0)   :  0.036 0.020 0.013 0.019 0.850 0.014 0.006 0.024 0.015 0.004 
313 QAc-W-0036    (0)   :  0.009 0.003 0.003 0.005 0.913 0.007 0.010 0.008 0.003 0.038 
314 QAc-W-0037    (0)   :  0.007 0.024 0.010 0.004 0.917 0.007 0.004 0.007 0.010 0.009 
315 QAc-W-0038    (0)   :  0.008 0.013 0.004 0.026 0.888 0.006 0.012 0.025 0.004 0.014 
316 QAc-W-0039    (0)   :  0.008 0.016 0.004 0.009 0.889 0.014 0.009 0.009 0.015 0.027 
317 QAc-W-0040    (0)   :  0.173 0.009 0.004 0.009 0.586 0.004 0.007 0.177 0.012 0.019 
318 QAc-W-0041    (0)   :  0.012 0.018 0.012 0.004 0.582 0.150 0.017 0.025 0.174 0.004 
319 QAc-W-0042    (0)   :  0.004 0.006 0.003 0.003 0.006 0.892 0.008 0.005 0.006 0.067 
320 QAc-W-0043    (0)   :  0.004 0.008 0.003 0.006 0.006 0.948 0.010 0.005 0.005 0.005 
321 QAc-W-0044    (0)   :  0.027 0.013 0.004 0.042 0.023 0.777 0.007 0.008 0.004 0.095 
322 QAc-W-0045    (0)   :  0.004 0.004 0.003 0.003 0.006 0.944 0.012 0.006 0.004 0.014 
323 QAc-W-0046    (0)   :  0.004 0.009 0.004 0.004 0.007 0.950 0.007 0.004 0.006 0.006 
324 QAc-W-0047    (0)   :  0.011 0.007 0.005 0.034 0.012 0.887 0.025 0.006 0.002 0.011 
325 QAc-W-0048    (0)   :  0.004 0.003 0.009 0.004 0.013 0.529 0.363 0.019 0.004 0.052 
326 QAc-W-0049    (0)   :  0.005 0.004 0.009 0.004 0.006 0.457 0.433 0.008 0.005 0.069 
327 QAc-W-0050    (0)   :  0.020 0.007 0.022 0.004 0.006 0.821 0.052 0.057 0.007 0.004 
328 QAc-W-0051    (0)   :  0.004 0.006 0.010 0.018 0.008 0.920 0.006 0.010 0.010 0.008 
329 QAc-W-0052    (0)   :  0.003 0.004 0.003 0.003 0.004 0.004 0.003 0.003 0.002 0.972 
330 QAc-W-0053    (0)   :  0.012 0.003 0.003 0.006 0.010 0.484 0.461 0.009 0.003 0.009 
331 QAc-W-0054    (0)   :  0.081 0.104 0.005 0.129 0.011 0.520 0.005 0.117 0.007 0.021 
332 QAc-W-0055    (0)   :  0.017 0.320 0.063 0.050 0.005 0.508 0.004 0.017 0.013 0.004 
333 QAc-W-0056    (0)   :  0.017 0.006 0.016 0.020 0.075 0.347 0.006 0.485 0.023 0.006 
334 QAc-W-0057    (0)   :  0.018 0.004 0.055 0.112 0.009 0.678 0.027 0.071 0.020 0.006 
335 QAc-W-0058    (0)   :  0.004 0.009 0.204 0.012 0.006 0.667 0.028 0.036 0.026 0.007 
336 QAc-W-0059    (0)   :  0.003 0.004 0.003 0.004 0.004 0.008 0.965 0.003 0.002 0.004 
337 QAc-W-0060    (0)   :  0.008 0.010 0.002 0.890 0.019 0.011 0.006 0.008 0.003 0.043 
338 QAc-W-0061    (0)   :  0.034 0.065 0.015 0.755 0.021 0.018 0.051 0.027 0.010 0.004 
339 QAc-W-0062    (0)   :  0.009 0.007 0.003 0.941 0.004 0.003 0.003 0.004 0.010 0.016 
340 QAc-W-0063    (0)   :  0.012 0.009 0.005 0.920 0.009 0.007 0.004 0.011 0.010 0.012 
341 QAc-W-0064    (0)   :  0.007 0.014 0.004 0.936 0.010 0.004 0.003 0.007 0.008 0.005 
342 QAc-W-0065    (0)   :  0.034 0.005 0.009 0.841 0.013 0.054 0.008 0.024 0.006 0.005 
343 QAc-W-0066    (0)   :  0.002 0.975 0.004 0.003 0.003 0.003 0.002 0.002 0.003 0.002 
344 QAc-W-0067    (0)   :  0.003 0.975 0.003 0.003 0.003 0.003 0.002 0.002 0.003 0.003 
345 QAc-W-0068    (0)   :  0.002 0.975 0.003 0.005 0.003 0.003 0.002 0.002 0.003 0.002 
346 QAc-W-0069    (0)   :  0.002 0.974 0.004 0.005 0.003 0.002 0.002 0.002 0.003 0.002 
347 QAc-W-0070    (0)   :  0.003 0.580 0.003 0.399 0.002 0.003 0.002 0.003 0.003 0.002 
348 QAc-W-0071    (6)   :  0.004 0.247 0.010 0.708 0.005 0.006 0.004 0.005 0.006 0.004 
349 QAc-W-0072    (0)   :  0.129 0.004 0.005 0.818 0.009 0.007 0.003 0.014 0.007 0.004 
350 QAc-W-0073    (0)   :  0.007 0.004 0.006 0.886 0.010 0.014 0.051 0.011 0.006 0.007 
351 QAc-W-0074    (0)   :  0.004 0.005 0.004 0.969 0.003 0.003 0.003 0.003 0.003 0.003 
352 QAc-W-0075    (0)   :  0.003 0.012 0.006 0.960 0.003 0.003 0.003 0.003 0.004 0.002 
353 QAc-W-0076    (0)   :  0.025 0.003 0.010 0.939 0.003 0.004 0.004 0.004 0.004 0.002 
354 QAc-W-0077    (0)   :  0.005 0.103 0.003 0.796 0.006 0.069 0.004 0.006 0.005 0.003 
355 QAc-W-0078    (0)   :  0.112 0.082 0.151 0.007 0.056 0.010 0.005 0.214 0.352 0.011 
356 QAc-W-0079    (6)   :  0.009 0.021 0.925 0.008 0.010 0.007 0.006 0.005 0.005 0.006 
357 QAc-W-0080   (13)   :  0.004 0.004 0.938 0.003 0.022 0.003 0.010 0.010 0.005 0.002 
358 QAc-W-0081    (0)   :  0.003 0.003 0.019 0.004 0.004 0.004 0.003 0.004 0.950 0.006 
359 QAc-W-0082    (0)   :  0.005 0.003 0.005 0.005 0.005 0.367 0.024 0.027 0.558 0.002 
360 QAc-W-0083    (0)   :  0.019 0.011 0.013 0.029 0.011 0.010 0.006 0.006 0.884 0.011 
361 QAc-W-0084    (0)   :  0.003 0.003 0.007 0.003 0.004 0.003 0.002 0.003 0.968 0.005 
362 QAc-W-0085    (0)   :  0.003 0.004 0.004 0.003 0.002 0.003 0.002 0.003 0.973 0.003 
363 QAc-W-0086    (0)   :  0.006 0.005 0.005 0.003 0.004 0.004 0.003 0.004 0.963 0.003 
364 QAc-W-0087    (0)   :  0.008 0.005 0.017 0.003 0.004 0.005 0.012 0.006 0.937 0.002 
365 QAc-W-0088    (0)   :  0.006 0.003 0.018 0.004 0.004 0.004 0.028 0.017 0.914 0.003 
366 QAc-W-0089    (0)   :  0.003 0.009 0.122 0.005 0.008 0.008 0.003 0.006 0.833 0.003 
367 QAc-W-0090    (0)   :  0.004 0.008 0.029 0.004 0.005 0.005 0.003 0.004 0.936 0.003 
368 QAc-W-0091    (0)   :  0.008 0.004 0.044 0.006 0.004 0.006 0.010 0.014 0.897 0.007 
369 QAc-W-0092    (0)   :  0.008 0.007 0.006 0.004 0.037 0.008 0.006 0.008 0.710 0.206 
370 QAc-W-0093    (0)   :  0.038 0.002 0.078 0.005 0.064 0.010 0.036 0.078 0.682 0.006 
371 QAc-W-0094    (0)   :  0.008 0.003 0.005 0.017 0.029 0.011 0.007 0.018 0.812 0.090 
372 QAc-W-0095    (0)   :  0.006 0.003 0.104 0.014 0.016 0.011 0.006 0.009 0.801 0.030 
373 QAc-W-0096    (0)   :  0.012 0.007 0.007 0.039 0.019 0.009 0.013 0.017 0.819 0.058 
374 QAc-W-0097    (0)   :  0.007 0.008 0.040 0.008 0.073 0.047 0.080 0.051 0.681 0.007 
375 QAc-W-0098    (0)   :  0.004 0.004 0.225 0.003 0.007 0.004 0.009 0.014 0.726 0.005 
376 QAc-W-0099    (0)   :  0.032 0.004 0.004 0.006 0.015 0.025 0.010 0.024 0.874 0.006 
377 QAc-W-0100    (0)   :  0.005 0.003 0.015 0.003 0.004 0.003 0.005 0.006 0.953 0.003 
378 QAc-W-0101    (0)   :  0.006 0.017 0.014 0.009 0.004 0.004 0.003 0.005 0.935 0.002 
379 QAc-W-0104    (0)   :  0.014 0.003 0.027 0.006 0.005 0.010 0.011 0.008 0.914 0.003 
380 QAc-W-0105    (0)   :  0.004 0.004 0.009 0.003 0.005 0.003 0.002 0.004 0.960 0.005 
381 QAc-W-0106    (0)   :  0.005 0.004 0.004 0.003 0.008 0.005 0.002 0.007 0.947 0.014 
382 QAc-W-0107    (0)   :  0.003 0.004 0.968 0.006 0.003 0.003 0.002 0.003 0.006 0.003 
383 QAc-W-0108    (0)   :  0.002 0.003 0.977 0.003 0.003 0.002 0.002 0.002 0.003 0.002 
384 QAc-W-0109    (0)   :  0.005 0.022 0.106 0.007 0.010 0.011 0.016 0.010 0.808 0.006 
385 QAc-W-0110   (13)   :  0.027 0.007 0.006 0.006 0.431 0.005 0.011 0.063 0.438 0.004 
386 QAc-W-0111    (6)   :  0.004 0.008 0.536 0.004 0.012 0.009 0.005 0.012 0.403 0.006 
387 QAc-W-0112   (13)   :  0.013 0.004 0.029 0.004 0.010 0.004 0.012 0.012 0.906 0.007 
388 QAc-W-0113   (13)   :  0.948 0.003 0.004 0.005 0.011 0.007 0.005 0.008 0.006 0.003 
389 QAc-W-0114   (13)   :  0.912 0.004 0.024 0.003 0.005 0.009 0.018 0.010 0.006 0.008 
390 QAc-W-0115    (0)   :  0.956 0.005 0.003 0.006 0.009 0.003 0.003 0.005 0.006 0.005 
391 QAc-W-0116    (0)   :  0.922 0.002 0.005 0.003 0.014 0.011 0.014 0.012 0.004 0.014 
392 QAc-W-0117    (0)   :  0.956 0.004 0.002 0.004 0.006 0.004 0.012 0.006 0.003 0.003 
393 QAc-W-0118    (0)   :  0.896 0.020 0.015 0.029 0.004 0.005 0.005 0.010 0.011 0.004 
394 QAc-W-0119    (0)   :  0.948 0.008 0.005 0.003 0.006 0.008 0.003 0.009 0.003 0.006 
395 QAc-W-0120    (0)   :  0.917 0.012 0.003 0.011 0.011 0.005 0.009 0.022 0.008 0.003 
396 QAc-W-0121    (0)   :  0.866 0.040 0.004 0.010 0.007 0.051 0.006 0.011 0.003 0.002 
397 QAc-W-0122    (0)   :  0.923 0.003 0.005 0.005 0.011 0.010 0.018 0.016 0.004 0.004 
398 QAc-W-0123    (6)   :  0.882 0.010 0.009 0.010 0.010 0.010 0.014 0.027 0.015 0.012 
399 QAc-W-0124    (0)   :  0.653 0.011 0.007 0.153 0.053 0.005 0.003 0.017 0.087 0.010 
400 QAc-W-0125    (0)   :  0.934 0.007 0.010 0.006 0.005 0.005 0.007 0.006 0.012 0.009 
401 QAc-W-0126   (13)   :  0.885 0.006 0.008 0.008 0.007 0.015 0.009 0.023 0.028 0.011 
402 QAc-W-0127    (6)   :  0.954 0.004 0.003 0.005 0.006 0.006 0.005 0.008 0.003 0.005 
403 QAc-W-0128   (13)   :  0.885 0.012 0.023 0.006 0.010 0.005 0.012 0.014 0.030 0.003 
404 QAc-W-0129   (13)   :  0.867 0.006 0.006 0.013 0.038 0.005 0.027 0.029 0.004 0.005 
405 QAc-W-0130   (13)   :  0.932 0.006 0.005 0.004 0.018 0.004 0.009 0.011 0.007 0.003 
406 QAc-W-0131    (0)   :  0.853 0.005 0.009 0.009 0.005 0.008 0.005 0.060 0.004 0.044 
407 QAc-W-0132    (6)   :  0.830 0.049 0.008 0.026 0.027 0.006 0.005 0.016 0.017 0.016 
408 QAc-W-0133    (6)   :  0.407 0.109 0.008 0.014 0.006 0.013 0.005 0.385 0.050 0.005 
409 QAc-W-0134    (0)   :  0.961 0.004 0.004 0.005 0.004 0.005 0.004 0.004 0.004 0.005 
410 QAc-W-0135    (0)   :  0.874 0.013 0.006 0.016 0.063 0.005 0.007 0.007 0.005 0.003 
411 QAc-W-0136    (0)   :  0.964 0.003 0.002 0.003 0.004 0.003 0.003 0.004 0.004 0.009 
412 QAc-W-0137    (0)   :  0.971 0.003 0.002 0.004 0.003 0.004 0.003 0.003 0.003 0.005 
413 QAc-W-0138    (0)   :  0.968 0.003 0.002 0.003 0.005 0.003 0.003 0.005 0.003 0.005 
414 QAc-W-0139    (0)   :  0.646 0.005 0.036 0.213 0.032 0.009 0.004 0.029 0.019 0.008 
415 QAc-W-0140    (0)   :  0.840 0.004 0.004 0.004 0.031 0.047 0.047 0.016 0.006 0.003 
416 QAc-W-0141    (6)   :  0.818 0.018 0.005 0.008 0.065 0.010 0.028 0.038 0.005 0.004 
417 QAc-W-0142    (0)   :  0.961 0.006 0.003 0.008 0.004 0.005 0.003 0.005 0.003 0.002 
