

----------------------------------------------------
STRUCTURE by Pritchard, Stephens and Donnelly (2000)
     and Falush, Stephens and Pritchard (2003)
       Code by Pritchard, Falush and Hubisz
             Version 2.3.4 (Jul 2012)
----------------------------------------------------



Command line arguments:   bin\structure -m C:\Users\eschumacher\Documents\GitHub\GCC_QUAC_ZAIN\Data_Files\Structure_Files\QUAC\QUAC_woK_nopopinfo_garden_wild\QUAC_woK_nopopinfo_garden_wild\50-50\mainparams -e C:\Users\eschumacher\Documents\GitHub\GCC_QUAC_ZAIN\Data_Files\Structure_Files\QUAC\QUAC_woK_nopopinfo_garden_wild\QUAC_woK_nopopinfo_garden_wild\50-50\extraparams 
Input File:    C:\Users\eschumacher\Documents\GitHub\GCC_QUAC_ZAIN\Data_Files\Structure_Files\QUAC\QUAC_woK_nopopinfo_garden_wild\QUAC_woK_nopopinfo_garden_wild\project_data

Run parameters:
   441 individuals
   15 loci
   12 populations assumed
   50000 Burn-in period
   50000 Reps


--------------------------------------------
Overall proportion of membership of the
sample in each of the 12 clusters

Inferred Clusters
  1      2      3      4      5      6      7      8      9     10     11     12    
0.076  0.040  0.051  0.089  0.076  0.141  0.122  0.114  0.116  0.062  0.043  0.070  

--------------------------------------------

Allele-freq. divergence among pops (Net nucleotide distance),
computed using point estimates of P.

      1       2       3       4       5       6       7       8       9      10      11      12      
 1      -    0.0711  0.0471  0.0877  0.1725  0.1441  0.1315  0.0798  0.0873  0.1000  0.0403  0.1193  
 2   0.0711     -    0.0612  0.0475  0.1305  0.1260  0.0865  0.0405  0.0548  0.0906  0.0176  0.0995  
 3   0.0471  0.0612     -    0.0716  0.1722  0.1098  0.1144  0.0606  0.0749  0.0844  0.0331  0.0882  
 4   0.0877  0.0475  0.0716     -    0.1468  0.1209  0.1015  0.0612  0.0419  0.1039  0.0348  0.1035  
 5   0.1725  0.1305  0.1722  0.1468     -    0.1925  0.0823  0.1640  0.1671  0.1434  0.1160  0.2239  
 6   0.1441  0.1260  0.1098  0.1209  0.1925     -    0.1425  0.1318  0.1228  0.0951  0.0940  0.1695  
 7   0.1315  0.0865  0.1144  0.1015  0.0823  0.1425     -    0.0991  0.1179  0.1193  0.0659  0.1590  
 8   0.0798  0.0405  0.0606  0.0612  0.1640  0.1318  0.0991     -    0.0766  0.0879  0.0316  0.1050  
 9   0.0873  0.0548  0.0749  0.0419  0.1671  0.1228  0.1179  0.0766     -    0.1102  0.0397  0.1129  
10   0.1000  0.0906  0.0844  0.1039  0.1434  0.0951  0.1193  0.0879  0.1102     -    0.0607  0.1446  
11   0.0403  0.0176  0.0331  0.0348  0.1160  0.0940  0.0659  0.0316  0.0397  0.0607     -    0.0832  
12   0.1193  0.0995  0.0882  0.1035  0.2239  0.1695  0.1590  0.1050  0.1129  0.1446  0.0832     -    

Average distances (expected heterozygosity) between individuals in same cluster:
cluster  1  : 0.6044 
cluster  2  : 0.6236 
cluster  3  : 0.5980 
cluster  4  : 0.5399 
cluster  5  : 0.3923 
cluster  6  : 0.3979 
cluster  7  : 0.5004 
cluster  8  : 0.5472 
cluster  9  : 0.5462 
cluster 10  : 0.5058 
cluster 11  : 0.6910 
cluster 12  : 0.4628 

--------------------------------------------
Estimated Ln Prob of Data   = -15202.0
Mean value of ln likelihood = -14616.8
Variance of ln likelihood   = 1170.3
Mean value of alpha         = 0.0331

Mean value of Fst_1         = 0.1166
Mean value of Fst_2         = 0.1015
Mean value of Fst_3         = 0.1581
Mean value of Fst_4         = 0.1691
Mean value of Fst_5         = 0.5516
Mean value of Fst_6         = 0.4982
Mean value of Fst_7         = 0.2557
Mean value of Fst_8         = 0.1521
Mean value of Fst_9         = 0.2188
Mean value of Fst_10         = 0.2747
Mean value of Fst_11         = 0.0007
Mean value of Fst_12         = 0.4190


Inferred ancestry of individuals:
        Label (%Miss) :  Inferred clusters
  1 QAc-G-0029    (0)   :  0.004 0.040 0.004 0.013 0.623 0.025 0.164 0.013 0.059 0.007 0.041 0.006 
  2 QAc-G-0030    (0)   :  0.002 0.003 0.002 0.002 0.974 0.002 0.004 0.002 0.002 0.003 0.002 0.002 
  3 QAc-G-0031    (0)   :  0.002 0.003 0.002 0.002 0.967 0.004 0.005 0.003 0.002 0.004 0.002 0.002 
  4 QAc-G-0061    (0)   :  0.002 0.006 0.003 0.005 0.123 0.003 0.838 0.004 0.005 0.002 0.003 0.004 
  5 QAc-G-0062    (0)   :  0.006 0.188 0.011 0.007 0.006 0.024 0.006 0.054 0.004 0.270 0.023 0.401 
  6 QAc-G-0063    (0)   :  0.006 0.163 0.015 0.040 0.004 0.565 0.004 0.018 0.033 0.097 0.045 0.010 
  7 QAc-G-0064    (0)   :  0.003 0.003 0.004 0.003 0.003 0.005 0.003 0.004 0.005 0.005 0.003 0.960 
  8 QAc-G-0065    (0)   :  0.003 0.003 0.004 0.003 0.008 0.002 0.002 0.002 0.003 0.002 0.003 0.963 
  9 QAc-G-0066    (0)   :  0.002 0.003 0.003 0.003 0.004 0.966 0.004 0.003 0.003 0.004 0.003 0.002 
 10 QAc-G-0067    (0)   :  0.004 0.003 0.003 0.003 0.005 0.003 0.009 0.004 0.003 0.002 0.003 0.959 
 11 QAc-G-0068    (0)   :  0.004 0.004 0.437 0.004 0.002 0.515 0.004 0.008 0.003 0.004 0.011 0.006 
 12 QAc-G-0070    (0)   :  0.006 0.037 0.005 0.016 0.004 0.525 0.006 0.259 0.007 0.100 0.026 0.010 
 13 QAc-G-0071   (13)   :  0.008 0.004 0.004 0.003 0.019 0.889 0.012 0.006 0.005 0.042 0.006 0.002 
 14 QAc-G-0072    (0)   :  0.002 0.004 0.003 0.004 0.003 0.962 0.003 0.004 0.004 0.003 0.003 0.003 
 15 QAc-G-0073    (0)   :  0.003 0.005 0.003 0.007 0.003 0.003 0.005 0.004 0.960 0.003 0.004 0.002 
 16 QAc-G-0074    (0)   :  0.010 0.038 0.014 0.301 0.005 0.146 0.004 0.039 0.287 0.096 0.055 0.005 
 17 QAc-G-0075    (0)   :  0.012 0.017 0.009 0.344 0.022 0.021 0.006 0.006 0.509 0.011 0.035 0.008 
 18 QAc-G-0076    (0)   :  0.003 0.013 0.086 0.152 0.008 0.013 0.010 0.015 0.555 0.004 0.134 0.008 
 19 QAc-G-0077    (0)   :  0.004 0.004 0.003 0.009 0.104 0.008 0.845 0.003 0.004 0.006 0.004 0.007 
 20 QAc-G-0078    (0)   :  0.002 0.002 0.002 0.002 0.976 0.002 0.003 0.002 0.002 0.002 0.002 0.002 
 21 QAc-G-0079    (0)   :  0.003 0.002 0.002 0.003 0.971 0.003 0.004 0.002 0.002 0.003 0.002 0.002 
 22 QAc-G-0080    (0)   :  0.011 0.009 0.018 0.012 0.003 0.005 0.749 0.004 0.108 0.014 0.052 0.015 
 23 QAc-G-0081    (0)   :  0.008 0.773 0.004 0.010 0.006 0.003 0.005 0.063 0.006 0.052 0.064 0.003 
 24 QAc-G-0082    (0)   :  0.017 0.232 0.007 0.007 0.002 0.002 0.005 0.015 0.015 0.007 0.687 0.003 
 25 QAc-G-0083    (0)   :  0.006 0.006 0.005 0.085 0.009 0.011 0.013 0.010 0.014 0.819 0.009 0.013 
 26 QAc-G-0001   (13)   :  0.003 0.002 0.002 0.002 0.968 0.004 0.006 0.002 0.003 0.003 0.002 0.002 
 27 QAc-G-0002    (0)   :  0.002 0.002 0.002 0.002 0.973 0.003 0.005 0.002 0.002 0.002 0.002 0.002 
 28 QAc-G-0285    (0)   :  0.009 0.005 0.007 0.004 0.005 0.012 0.006 0.007 0.005 0.930 0.006 0.003 
 29 QAc-G-0286    (0)   :  0.003 0.002 0.003 0.003 0.003 0.969 0.003 0.003 0.003 0.005 0.003 0.002 
 30 QAc-G-0287    (0)   :  0.002 0.002 0.002 0.003 0.003 0.972 0.002 0.002 0.003 0.003 0.002 0.002 
 31 QAc-G-0288    (6)   :  0.006 0.024 0.009 0.017 0.019 0.832 0.021 0.028 0.012 0.010 0.014 0.008 
 32 QAc-G-0289    (0)   :  0.002 0.003 0.003 0.003 0.003 0.967 0.004 0.003 0.003 0.003 0.003 0.003 
 33 QAc-G-0290    (0)   :  0.003 0.003 0.003 0.003 0.003 0.963 0.003 0.003 0.003 0.004 0.003 0.006 
 34 QAc-G-0291    (0)   :  0.003 0.004 0.004 0.003 0.035 0.903 0.016 0.002 0.006 0.018 0.004 0.003 
 35 QAc-G-0292    (0)   :  0.005 0.013 0.009 0.004 0.003 0.228 0.004 0.010 0.004 0.713 0.005 0.003 
 36 QAc-G-0293    (0)   :  0.003 0.002 0.002 0.002 0.012 0.488 0.004 0.003 0.003 0.475 0.003 0.002 
 37 QAc-G-0294    (0)   :  0.011 0.097 0.068 0.348 0.011 0.004 0.007 0.008 0.388 0.004 0.046 0.008 
 38 QAc-G-0295    (0)   :  0.004 0.004 0.004 0.024 0.007 0.008 0.010 0.003 0.917 0.006 0.008 0.004 
 39 QAc-G-0296    (0)   :  0.003 0.004 0.006 0.014 0.003 0.007 0.005 0.005 0.936 0.005 0.005 0.008 
 40 QAc-G-0297    (0)   :  0.021 0.006 0.016 0.176 0.002 0.003 0.004 0.009 0.113 0.003 0.642 0.004 
 41 QAc-G-0298    (6)   :  0.004 0.004 0.003 0.012 0.004 0.003 0.006 0.003 0.948 0.004 0.005 0.003 
 42 QAc-G-0299    (0)   :  0.014 0.009 0.016 0.423 0.004 0.012 0.006 0.004 0.490 0.005 0.013 0.004 
 43 QAc-G-0300    (0)   :  0.004 0.012 0.007 0.051 0.002 0.004 0.004 0.012 0.873 0.003 0.006 0.022 
 44 QAc-G-0301    (0)   :  0.006 0.006 0.005 0.075 0.007 0.014 0.006 0.005 0.704 0.008 0.012 0.153 
 45 QAc-G-0302    (0)   :  0.894 0.011 0.022 0.024 0.003 0.007 0.004 0.005 0.005 0.006 0.017 0.003 
 46 QAc-G-0303    (0)   :  0.869 0.008 0.018 0.005 0.003 0.004 0.006 0.028 0.007 0.009 0.038 0.005 
 47 QAc-G-0304    (0)   :  0.002 0.003 0.003 0.003 0.003 0.967 0.003 0.002 0.004 0.006 0.003 0.002 
 48 QAc-G-0305    (0)   :  0.027 0.011 0.048 0.008 0.045 0.476 0.039 0.045 0.005 0.258 0.035 0.003 
 49 QAc-G-0306    (0)   :  0.002 0.002 0.002 0.002 0.003 0.968 0.004 0.003 0.002 0.005 0.003 0.002 
 50 QAc-G-0307    (0)   :  0.013 0.035 0.005 0.008 0.054 0.005 0.798 0.034 0.007 0.020 0.015 0.005 
 51 QAc-G-0308    (0)   :  0.006 0.004 0.006 0.004 0.004 0.007 0.940 0.005 0.009 0.007 0.005 0.003 
 52 QAc-G-0309    (0)   :  0.004 0.007 0.004 0.004 0.940 0.004 0.005 0.003 0.003 0.005 0.017 0.002 
 53 QAc-G-0310    (0)   :  0.002 0.003 0.003 0.004 0.968 0.003 0.004 0.003 0.003 0.003 0.003 0.003 
 54 QAc-G-0311    (0)   :  0.002 0.002 0.002 0.002 0.005 0.003 0.973 0.002 0.002 0.002 0.002 0.002 
 55 QAc-G-0312    (0)   :  0.041 0.015 0.040 0.052 0.006 0.006 0.595 0.051 0.072 0.005 0.105 0.012 
 56 QAc-G-0313    (0)   :  0.007 0.790 0.005 0.008 0.026 0.009 0.005 0.012 0.012 0.059 0.061 0.006 
 57 QAc-G-0314    (0)   :  0.016 0.850 0.005 0.020 0.005 0.003 0.006 0.015 0.024 0.002 0.049 0.006 
 58 QAc-G-0315    (0)   :  0.013 0.739 0.018 0.020 0.003 0.010 0.003 0.006 0.006 0.005 0.172 0.005 
 59 QAc-G-0316    (0)   :  0.005 0.879 0.004 0.007 0.027 0.006 0.014 0.015 0.003 0.006 0.029 0.005 
 60 QAc-G-0032    (6)   :  0.072 0.015 0.637 0.008 0.012 0.008 0.007 0.008 0.015 0.003 0.113 0.103 
 61 QAc-G-0033    (0)   :  0.004 0.004 0.005 0.576 0.007 0.005 0.005 0.006 0.371 0.003 0.004 0.010 
 62 QAc-G-0034    (0)   :  0.008 0.010 0.008 0.030 0.023 0.004 0.041 0.018 0.833 0.004 0.013 0.007 
 63 QAc-G-0035    (0)   :  0.005 0.032 0.009 0.774 0.005 0.007 0.009 0.005 0.122 0.011 0.012 0.009 
 64 QAc-G-0036    (0)   :  0.004 0.017 0.008 0.012 0.007 0.017 0.005 0.014 0.882 0.018 0.013 0.004 
 65 QAc-G-0037    (0)   :  0.002 0.005 0.003 0.005 0.005 0.010 0.009 0.003 0.946 0.004 0.005 0.004 
 66 QAc-G-0038    (0)   :  0.004 0.009 0.003 0.021 0.002 0.003 0.002 0.010 0.936 0.003 0.006 0.002 
 67 QAc-G-0039    (0)   :  0.009 0.597 0.012 0.083 0.009 0.006 0.029 0.014 0.218 0.004 0.014 0.004 
 68 QAc-G-0040    (0)   :  0.005 0.008 0.017 0.029 0.005 0.044 0.009 0.079 0.775 0.007 0.020 0.004 
 69 QAc-G-0041    (0)   :  0.002 0.007 0.003 0.004 0.003 0.002 0.003 0.018 0.919 0.015 0.005 0.019 
 70 QAc-G-0042    (0)   :  0.004 0.004 0.009 0.008 0.003 0.008 0.004 0.006 0.943 0.004 0.004 0.004 
 71 QAc-G-0043    (0)   :  0.005 0.006 0.004 0.036 0.005 0.005 0.008 0.005 0.911 0.003 0.009 0.002 
 72 QAc-G-0044    (0)   :  0.016 0.008 0.008 0.041 0.005 0.009 0.004 0.007 0.838 0.006 0.013 0.045 
 73 QAc-G-0045    (0)   :  0.004 0.007 0.007 0.146 0.012 0.006 0.040 0.008 0.746 0.004 0.006 0.013 
 74 QAc-G-0046    (0)   :  0.004 0.279 0.010 0.053 0.025 0.002 0.019 0.014 0.566 0.005 0.018 0.005 
 75 QAc-G-0047    (0)   :  0.010 0.237 0.011 0.558 0.017 0.005 0.019 0.006 0.111 0.005 0.017 0.005 
 76 QAc-G-0048    (0)   :  0.004 0.012 0.003 0.009 0.002 0.003 0.003 0.005 0.946 0.004 0.005 0.004 
 77 QAc-G-0049    (0)   :  0.002 0.003 0.002 0.003 0.967 0.004 0.007 0.003 0.002 0.003 0.003 0.002 
 78 QAc-G-0050    (0)   :  0.038 0.021 0.011 0.005 0.010 0.014 0.053 0.010 0.004 0.006 0.826 0.004 
 79 QAc-G-0051    (0)   :  0.002 0.002 0.002 0.002 0.972 0.003 0.004 0.002 0.002 0.004 0.002 0.002 
 80 QAc-G-0052    (0)   :  0.003 0.007 0.004 0.005 0.007 0.004 0.938 0.006 0.007 0.003 0.007 0.010 
 81 QAc-G-0053    (0)   :  0.002 0.013 0.003 0.007 0.011 0.007 0.921 0.003 0.017 0.004 0.007 0.004 
 82 QAc-G-0054    (0)   :  0.027 0.048 0.025 0.006 0.003 0.004 0.489 0.037 0.023 0.003 0.333 0.003 
 83 QAc-G-0055    (0)   :  0.064 0.044 0.025 0.005 0.004 0.004 0.598 0.015 0.017 0.004 0.217 0.003 
 84 QAc-G-0056    (0)   :  0.008 0.005 0.016 0.010 0.004 0.010 0.040 0.053 0.005 0.005 0.837 0.008 
 85 QAc-G-0057    (0)   :  0.003 0.003 0.002 0.003 0.968 0.003 0.006 0.002 0.003 0.003 0.003 0.002 
 86 QAc-G-0058    (6)   :  0.003 0.003 0.003 0.002 0.972 0.002 0.004 0.002 0.002 0.003 0.002 0.002 
 87 QAc-G-0059    (0)   :  0.008 0.178 0.006 0.003 0.006 0.003 0.475 0.006 0.017 0.003 0.293 0.003 
 88 QAc-G-0060    (6)   :  0.004 0.017 0.007 0.007 0.014 0.012 0.873 0.006 0.005 0.007 0.039 0.008 
 89 QAc-G-0276    (0)   :  0.005 0.007 0.004 0.016 0.005 0.277 0.012 0.005 0.013 0.647 0.007 0.003 
 90 QAc-G-0279    (0)   :  0.002 0.003 0.003 0.003 0.006 0.964 0.004 0.003 0.003 0.004 0.003 0.002 
 91 QAc-G-0280    (6)   :  0.003 0.004 0.004 0.007 0.004 0.952 0.003 0.004 0.006 0.004 0.005 0.004 
 92 QAc-G-0281    (0)   :  0.003 0.003 0.003 0.003 0.006 0.005 0.964 0.003 0.003 0.003 0.003 0.003 
 93 QAc-G-0018    (0)   :  0.013 0.026 0.051 0.025 0.027 0.006 0.044 0.009 0.767 0.005 0.021 0.006 
 94 QAc-G-0019    (0)   :  0.004 0.009 0.010 0.093 0.004 0.016 0.005 0.009 0.629 0.023 0.008 0.189 
 95 QAc-G-0020    (0)   :  0.002 0.015 0.003 0.008 0.004 0.002 0.004 0.003 0.938 0.003 0.013 0.003 
 96 QAc-G-0021    (6)   :  0.003 0.015 0.003 0.016 0.022 0.003 0.009 0.003 0.881 0.003 0.007 0.035 
 97 QAc-G-0022    (6)   :  0.011 0.047 0.007 0.183 0.012 0.004 0.025 0.085 0.471 0.011 0.077 0.067 
 98 QAc-G-0023    (0)   :  0.003 0.003 0.003 0.003 0.619 0.003 0.350 0.003 0.003 0.005 0.004 0.002 
 99 QAc-G-0024    (0)   :  0.003 0.003 0.003 0.004 0.962 0.003 0.006 0.003 0.004 0.002 0.003 0.003 
100 QAc-G-0016    (0)   :  0.124 0.010 0.298 0.004 0.003 0.011 0.359 0.011 0.024 0.006 0.146 0.005 
101 QAc-G-0017    (0)   :  0.639 0.063 0.012 0.005 0.003 0.005 0.003 0.007 0.009 0.006 0.021 0.228 
102 QAc-G-0250    (0)   :  0.042 0.155 0.051 0.014 0.006 0.148 0.007 0.014 0.012 0.253 0.291 0.007 
103 QAc-G-0003    (6)   :  0.003 0.004 0.004 0.005 0.004 0.950 0.005 0.006 0.004 0.009 0.004 0.003 
104 QAc-G-0004    (0)   :  0.830 0.032 0.012 0.039 0.012 0.003 0.005 0.004 0.029 0.006 0.020 0.007 
105 QAc-G-0005    (0)   :  0.003 0.003 0.004 0.003 0.003 0.003 0.002 0.003 0.003 0.002 0.003 0.968 
106 QAc-G-0006    (6)   :  0.896 0.029 0.006 0.012 0.002 0.004 0.003 0.010 0.005 0.008 0.021 0.002 
107 QAc-G-0283    (0)   :  0.046 0.045 0.006 0.006 0.003 0.003 0.004 0.227 0.006 0.107 0.542 0.003 
108 QAc-G-0265    (0)   :  0.009 0.028 0.006 0.075 0.433 0.004 0.005 0.007 0.006 0.223 0.201 0.003 
109 QAc-G-0266    (0)   :  0.002 0.002 0.002 0.002 0.969 0.003 0.007 0.002 0.002 0.003 0.002 0.002 
110 QAc-G-0267    (0)   :  0.004 0.004 0.006 0.033 0.004 0.004 0.007 0.009 0.271 0.574 0.012 0.073 
111 QAc-G-0268   (20)   :  0.015 0.114 0.013 0.008 0.003 0.520 0.007 0.005 0.005 0.009 0.292 0.009 
112 QAc-G-0269    (0)   :  0.002 0.003 0.002 0.003 0.004 0.968 0.003 0.002 0.004 0.003 0.002 0.003 
113 QAc-G-0270    (6)   :  0.003 0.006 0.005 0.008 0.004 0.006 0.004 0.005 0.941 0.004 0.005 0.009 
114 QAc-G-0271    (0)   :  0.011 0.030 0.008 0.730 0.003 0.003 0.004 0.006 0.038 0.004 0.091 0.073 
115 QAc-G-0272    (6)   :  0.005 0.008 0.008 0.020 0.005 0.015 0.007 0.005 0.910 0.007 0.007 0.003 
116 QAc-G-0273    (0)   :  0.003 0.004 0.005 0.003 0.012 0.004 0.950 0.004 0.003 0.004 0.004 0.004 
117 QAc-G-0274    (0)   :  0.002 0.002 0.003 0.003 0.002 0.002 0.002 0.002 0.003 0.002 0.002 0.974 
118 QAc-G-0251    (6)   :  0.008 0.004 0.008 0.006 0.006 0.004 0.005 0.008 0.931 0.003 0.005 0.012 
119 QAc-G-0252    (0)   :  0.010 0.004 0.005 0.005 0.004 0.004 0.004 0.008 0.946 0.003 0.005 0.004 
120 QAc-G-0253    (0)   :  0.003 0.003 0.003 0.003 0.015 0.006 0.947 0.003 0.004 0.004 0.005 0.002 
121 QAc-G-0254    (0)   :  0.004 0.005 0.004 0.004 0.911 0.003 0.049 0.003 0.003 0.003 0.007 0.003 
122 QAc-G-0255    (0)   :  0.903 0.013 0.010 0.021 0.003 0.004 0.004 0.006 0.006 0.008 0.017 0.006 
123 QAc-G-0256    (0)   :  0.348 0.004 0.596 0.008 0.003 0.008 0.005 0.004 0.004 0.007 0.006 0.006 
124 QAc-G-0257    (0)   :  0.722 0.005 0.041 0.004 0.002 0.003 0.014 0.041 0.031 0.005 0.027 0.106 
125 QAc-G-0258    (0)   :  0.954 0.004 0.006 0.005 0.002 0.002 0.002 0.003 0.004 0.004 0.009 0.005 
126 QAc-G-0259    (0)   :  0.008 0.009 0.005 0.006 0.002 0.002 0.002 0.008 0.003 0.002 0.953 0.002 
127 QAc-G-0260    (0)   :  0.008 0.017 0.240 0.009 0.005 0.037 0.012 0.037 0.009 0.011 0.576 0.039 
128 QAc-G-0261    (0)   :  0.036 0.116 0.147 0.006 0.003 0.004 0.005 0.006 0.015 0.004 0.240 0.419 
129 QAc-G-0262    (0)   :  0.065 0.051 0.342 0.004 0.004 0.013 0.009 0.014 0.006 0.016 0.450 0.026 
130 QAc-G-0010    (0)   :  0.003 0.048 0.005 0.007 0.015 0.031 0.008 0.007 0.015 0.846 0.010 0.005 
131 QAc-G-0011    (0)   :  0.003 0.935 0.003 0.004 0.003 0.003 0.003 0.028 0.005 0.003 0.005 0.006 
132 QAc-G-0015    (0)   :  0.124 0.068 0.013 0.005 0.483 0.003 0.183 0.033 0.008 0.007 0.068 0.006 
133 QAc-G-0106    (0)   :  0.889 0.003 0.027 0.006 0.002 0.003 0.003 0.007 0.013 0.003 0.016 0.029 
134 QAc-G-0107    (0)   :  0.127 0.008 0.799 0.004 0.007 0.007 0.010 0.006 0.004 0.010 0.014 0.003 
135 QAc-G-0108    (0)   :  0.661 0.006 0.287 0.005 0.002 0.006 0.002 0.005 0.009 0.003 0.007 0.007 
136 QAc-G-0109    (0)   :  0.757 0.031 0.024 0.006 0.007 0.005 0.017 0.032 0.012 0.007 0.061 0.040 
137 QAc-G-0110    (0)   :  0.802 0.008 0.022 0.021 0.007 0.051 0.006 0.012 0.027 0.015 0.025 0.003 
138 QAc-G-0111    (0)   :  0.881 0.012 0.020 0.009 0.007 0.006 0.005 0.007 0.015 0.020 0.012 0.006 
139 QAc-G-0112    (0)   :  0.873 0.009 0.022 0.004 0.011 0.026 0.006 0.003 0.004 0.013 0.025 0.004 
140 QAc-G-0113    (0)   :  0.505 0.007 0.321 0.005 0.002 0.007 0.072 0.006 0.008 0.016 0.025 0.024 
141 QAc-G-0114    (0)   :  0.838 0.014 0.015 0.052 0.009 0.012 0.010 0.005 0.013 0.010 0.021 0.003 
142 QAc-G-0115    (0)   :  0.912 0.011 0.023 0.003 0.003 0.008 0.007 0.005 0.006 0.004 0.013 0.006 
143 QAc-G-0116    (0)   :  0.922 0.008 0.010 0.005 0.006 0.011 0.006 0.005 0.004 0.011 0.006 0.007 
144 QAc-G-0117    (0)   :  0.037 0.052 0.549 0.062 0.007 0.004 0.028 0.010 0.127 0.022 0.065 0.036 
145 QAc-G-0118    (0)   :  0.913 0.007 0.005 0.005 0.002 0.003 0.002 0.011 0.005 0.013 0.009 0.024 
146 QAc-G-0119    (0)   :  0.908 0.013 0.005 0.013 0.007 0.002 0.003 0.003 0.011 0.002 0.013 0.021 
147 QAc-G-0120    (0)   :  0.842 0.015 0.008 0.012 0.004 0.006 0.007 0.008 0.008 0.005 0.079 0.005 
148 QAc-G-0121    (0)   :  0.007 0.005 0.005 0.005 0.004 0.006 0.003 0.003 0.010 0.004 0.004 0.944 
149 QAc-G-0122    (0)   :  0.006 0.007 0.010 0.005 0.005 0.033 0.004 0.005 0.011 0.009 0.004 0.902 
150 QAc-G-0123    (0)   :  0.003 0.002 0.002 0.004 0.002 0.002 0.003 0.002 0.004 0.002 0.002 0.972 
151 QAc-G-0124    (6)   :  0.003 0.003 0.003 0.004 0.003 0.003 0.003 0.004 0.004 0.003 0.003 0.964 
152 QAc-G-0125    (0)   :  0.035 0.058 0.019 0.005 0.059 0.012 0.033 0.041 0.007 0.031 0.217 0.483 
153 QAc-G-0126    (0)   :  0.079 0.097 0.035 0.006 0.003 0.007 0.029 0.014 0.011 0.005 0.536 0.178 
154 QAc-G-0127    (0)   :  0.007 0.003 0.016 0.006 0.004 0.004 0.007 0.012 0.008 0.004 0.006 0.923 
155 QAc-G-0128    (0)   :  0.003 0.003 0.004 0.004 0.003 0.005 0.003 0.003 0.003 0.003 0.003 0.964 
156 QAc-G-0129    (0)   :  0.003 0.002 0.003 0.003 0.002 0.003 0.002 0.002 0.003 0.002 0.002 0.972 
157 QAc-G-0130    (0)   :  0.030 0.005 0.038 0.005 0.002 0.003 0.003 0.018 0.010 0.008 0.007 0.871 
158 QAc-G-0131    (0)   :  0.004 0.004 0.005 0.007 0.003 0.005 0.004 0.004 0.005 0.003 0.004 0.952 
159 QAc-G-0132    (0)   :  0.094 0.007 0.027 0.011 0.023 0.015 0.009 0.007 0.005 0.019 0.023 0.761 
160 QAc-G-0133    (0)   :  0.003 0.004 0.007 0.005 0.004 0.004 0.004 0.004 0.013 0.006 0.004 0.943 
161 QAc-G-0134    (0)   :  0.004 0.004 0.004 0.005 0.009 0.004 0.003 0.003 0.004 0.003 0.004 0.953 
162 QAc-G-0135    (0)   :  0.935 0.008 0.003 0.009 0.007 0.006 0.006 0.005 0.008 0.003 0.006 0.003 
163 QAc-G-0136    (0)   :  0.807 0.009 0.017 0.004 0.006 0.005 0.006 0.015 0.005 0.109 0.013 0.005 
164 QAc-G-0137    (0)   :  0.801 0.025 0.088 0.012 0.003 0.004 0.004 0.005 0.008 0.005 0.011 0.034 
165 QAc-G-0138    (0)   :  0.883 0.015 0.006 0.003 0.004 0.003 0.006 0.031 0.002 0.031 0.009 0.006 
166 QAc-G-0139    (0)   :  0.864 0.007 0.009 0.009 0.002 0.003 0.003 0.006 0.055 0.003 0.008 0.031 
167 QAc-G-0140    (6)   :  0.036 0.004 0.917 0.008 0.003 0.004 0.003 0.004 0.006 0.004 0.005 0.006 
168 QAc-G-0141    (0)   :  0.015 0.012 0.781 0.019 0.006 0.008 0.049 0.023 0.016 0.013 0.049 0.009 
169 QAc-G-0142    (0)   :  0.961 0.003 0.004 0.008 0.002 0.003 0.002 0.003 0.003 0.003 0.004 0.003 
170 QAc-G-0143    (0)   :  0.005 0.034 0.003 0.004 0.002 0.005 0.005 0.003 0.005 0.004 0.927 0.003 
171 QAc-G-0144    (6)   :  0.553 0.098 0.015 0.003 0.003 0.004 0.005 0.004 0.006 0.010 0.297 0.002 
172 QAc-G-0145    (0)   :  0.003 0.003 0.003 0.003 0.003 0.964 0.002 0.003 0.004 0.005 0.003 0.002 
173 QAc-G-0146    (0)   :  0.002 0.002 0.003 0.003 0.002 0.003 0.004 0.003 0.003 0.003 0.003 0.969 
174 QAc-G-0147    (0)   :  0.024 0.027 0.170 0.009 0.003 0.007 0.011 0.314 0.026 0.034 0.096 0.278 
175 QAc-G-0148    (0)   :  0.008 0.026 0.887 0.007 0.004 0.003 0.005 0.004 0.016 0.013 0.020 0.006 
176 QAc-G-0149    (0)   :  0.003 0.004 0.004 0.005 0.002 0.004 0.002 0.003 0.005 0.003 0.003 0.963 
177 QAc-G-0150    (0)   :  0.002 0.003 0.003 0.003 0.004 0.964 0.004 0.003 0.003 0.004 0.003 0.003 
178 QAc-G-0151    (0)   :  0.003 0.003 0.003 0.005 0.003 0.003 0.003 0.003 0.004 0.003 0.003 0.965 
179 QAc-G-0152    (0)   :  0.002 0.003 0.002 0.004 0.003 0.002 0.006 0.003 0.005 0.002 0.003 0.964 
180 QAc-G-0153    (0)   :  0.006 0.009 0.010 0.006 0.002 0.002 0.002 0.017 0.012 0.058 0.010 0.866 
181 QAc-G-0154    (0)   :  0.020 0.004 0.022 0.005 0.003 0.011 0.003 0.004 0.055 0.013 0.007 0.852 
182 QAc-G-0155    (0)   :  0.002 0.002 0.003 0.006 0.002 0.003 0.003 0.003 0.005 0.003 0.003 0.965 
183 QAc-G-0158    (0)   :  0.003 0.003 0.003 0.003 0.003 0.003 0.003 0.002 0.002 0.003 0.002 0.971 
184 QAc-G-0159    (0)   :  0.744 0.072 0.068 0.006 0.011 0.013 0.006 0.010 0.013 0.004 0.036 0.017 
185 QAc-G-0160    (0)   :  0.002 0.002 0.002 0.002 0.003 0.974 0.003 0.002 0.002 0.003 0.002 0.002 
186 QAc-G-0161    (0)   :  0.002 0.002 0.002 0.003 0.002 0.973 0.002 0.002 0.003 0.003 0.002 0.002 
187 QAc-G-0162    (0)   :  0.005 0.040 0.007 0.030 0.008 0.063 0.006 0.007 0.282 0.521 0.029 0.004 
188 QAc-G-0163    (0)   :  0.016 0.024 0.024 0.049 0.002 0.812 0.003 0.005 0.027 0.017 0.018 0.003 
189 QAc-G-0164    (0)   :  0.003 0.018 0.003 0.005 0.004 0.889 0.013 0.042 0.004 0.003 0.014 0.002 
190 QAc-G-0165    (0)   :  0.004 0.004 0.005 0.006 0.002 0.950 0.003 0.004 0.005 0.006 0.004 0.007 
191 QAc-G-0166    (0)   :  0.003 0.003 0.003 0.005 0.003 0.965 0.003 0.003 0.004 0.003 0.003 0.003 
192 QAc-G-0167    (0)   :  0.002 0.004 0.003 0.004 0.004 0.962 0.003 0.003 0.004 0.003 0.003 0.004 
193 QAc-G-0168    (0)   :  0.002 0.002 0.002 0.003 0.003 0.972 0.003 0.002 0.003 0.003 0.002 0.002 
194 QAc-G-0169    (6)   :  0.113 0.070 0.007 0.024 0.004 0.191 0.005 0.010 0.004 0.101 0.467 0.005 
195 QAc-G-0170    (0)   :  0.003 0.004 0.004 0.004 0.003 0.956 0.003 0.004 0.004 0.005 0.004 0.005 
196 QAc-G-0171    (0)   :  0.002 0.003 0.003 0.003 0.004 0.965 0.003 0.003 0.004 0.006 0.003 0.003 
197 QAc-G-0172    (0)   :  0.788 0.032 0.030 0.027 0.009 0.016 0.007 0.011 0.004 0.015 0.047 0.013 
198 QAc-G-0173    (0)   :  0.003 0.003 0.003 0.002 0.011 0.452 0.004 0.003 0.004 0.510 0.003 0.002 
199 QAc-G-0174    (0)   :  0.003 0.003 0.007 0.005 0.005 0.020 0.005 0.004 0.005 0.938 0.003 0.003 
200 QAc-G-0175    (0)   :  0.002 0.003 0.003 0.003 0.003 0.965 0.004 0.003 0.003 0.006 0.003 0.002 
201 QAc-G-0176    (0)   :  0.005 0.010 0.004 0.013 0.003 0.788 0.008 0.004 0.145 0.005 0.011 0.004 
202 QAc-G-0177    (0)   :  0.002 0.003 0.003 0.004 0.003 0.964 0.004 0.003 0.003 0.006 0.003 0.003 
203 QAc-G-0178    (0)   :  0.004 0.032 0.005 0.004 0.006 0.678 0.015 0.197 0.003 0.016 0.023 0.016 
204 QAc-G-0179    (6)   :  0.002 0.002 0.002 0.003 0.003 0.964 0.003 0.002 0.004 0.010 0.003 0.002 
205 QAc-G-0180    (0)   :  0.002 0.003 0.003 0.003 0.003 0.972 0.002 0.003 0.002 0.003 0.002 0.002 
206 QAc-G-0181    (0)   :  0.004 0.008 0.003 0.022 0.002 0.938 0.002 0.005 0.005 0.004 0.004 0.003 
207 QAc-G-0182    (0)   :  0.006 0.005 0.008 0.004 0.002 0.405 0.003 0.005 0.005 0.544 0.009 0.005 
208 QAc-G-0183    (6)   :  0.007 0.011 0.006 0.004 0.003 0.925 0.007 0.004 0.003 0.014 0.012 0.004 
209 QAc-G-0184    (0)   :  0.003 0.002 0.003 0.003 0.002 0.968 0.003 0.003 0.003 0.004 0.003 0.003 
210 QAc-G-0185    (0)   :  0.010 0.025 0.008 0.009 0.004 0.721 0.007 0.098 0.011 0.062 0.018 0.029 
211 QAc-G-0186    (0)   :  0.004 0.009 0.003 0.016 0.002 0.942 0.002 0.006 0.006 0.005 0.004 0.002 
212 QAc-G-0187    (0)   :  0.004 0.073 0.007 0.014 0.029 0.746 0.020 0.061 0.011 0.005 0.024 0.005 
213 QAc-G-0188    (0)   :  0.401 0.075 0.020 0.024 0.002 0.212 0.004 0.005 0.013 0.011 0.229 0.005 
214 QAc-G-0189    (0)   :  0.005 0.004 0.004 0.002 0.012 0.905 0.011 0.006 0.003 0.040 0.006 0.002 
215 QAc-G-0190    (0)   :  0.003 0.003 0.003 0.003 0.004 0.962 0.003 0.003 0.004 0.005 0.003 0.004 
216 QAc-G-0191    (0)   :  0.003 0.004 0.003 0.004 0.004 0.960 0.003 0.003 0.003 0.005 0.003 0.004 
217 QAc-G-0192    (0)   :  0.002 0.002 0.003 0.003 0.003 0.972 0.003 0.002 0.002 0.003 0.002 0.002 
218 QAc-G-0193    (0)   :  0.003 0.003 0.003 0.004 0.003 0.962 0.004 0.004 0.003 0.003 0.003 0.004 
219 QAc-G-0194    (0)   :  0.003 0.004 0.004 0.005 0.003 0.953 0.005 0.005 0.005 0.005 0.004 0.003 
220 QAc-G-0195    (0)   :  0.005 0.005 0.003 0.010 0.027 0.049 0.011 0.004 0.007 0.872 0.005 0.002 
221 QAc-G-0196    (0)   :  0.002 0.004 0.003 0.005 0.009 0.635 0.004 0.003 0.004 0.326 0.003 0.002 
222 QAc-G-0197    (0)   :  0.002 0.002 0.003 0.002 0.003 0.973 0.003 0.002 0.003 0.003 0.002 0.002 
223 QAc-G-0198    (0)   :  0.003 0.003 0.003 0.004 0.003 0.963 0.003 0.003 0.004 0.005 0.003 0.003 
224 QAc-G-0199    (0)   :  0.006 0.017 0.006 0.007 0.002 0.656 0.010 0.094 0.017 0.149 0.020 0.015 
225 QAc-G-0200    (0)   :  0.003 0.005 0.004 0.007 0.003 0.949 0.003 0.005 0.009 0.005 0.004 0.002 
226 QAc-G-0201    (0)   :  0.002 0.006 0.004 0.004 0.004 0.421 0.004 0.004 0.003 0.535 0.010 0.002 
227 QAc-G-0202    (6)   :  0.007 0.003 0.006 0.003 0.011 0.515 0.007 0.003 0.004 0.435 0.004 0.003 
228 QAc-G-0203    (0)   :  0.006 0.004 0.005 0.003 0.005 0.943 0.013 0.002 0.004 0.003 0.009 0.002 
229 QAc-G-0204    (0)   :  0.003 0.004 0.003 0.004 0.005 0.957 0.003 0.003 0.005 0.006 0.004 0.003 
230 QAc-G-0205    (0)   :  0.002 0.002 0.002 0.002 0.975 0.002 0.004 0.002 0.002 0.002 0.002 0.002 
231 QAc-G-0206    (0)   :  0.081 0.110 0.014 0.015 0.538 0.003 0.044 0.005 0.018 0.004 0.165 0.004 
232 QAc-G-0207    (0)   :  0.003 0.004 0.005 0.005 0.007 0.006 0.946 0.005 0.005 0.004 0.005 0.004 
233 QAc-G-0208    (0)   :  0.002 0.003 0.003 0.003 0.966 0.003 0.006 0.003 0.003 0.003 0.003 0.003 
234 QAc-G-0209    (0)   :  0.003 0.003 0.003 0.003 0.965 0.004 0.006 0.003 0.002 0.004 0.003 0.002 
235 QAc-G-0210    (0)   :  0.004 0.004 0.003 0.003 0.160 0.003 0.808 0.004 0.003 0.002 0.005 0.002 
236 QAc-G-0211    (0)   :  0.002 0.003 0.004 0.002 0.006 0.002 0.967 0.003 0.002 0.003 0.003 0.003 
237 QAc-G-0212    (0)   :  0.002 0.003 0.003 0.003 0.256 0.004 0.712 0.003 0.004 0.003 0.003 0.003 
238 QAc-G-0213    (0)   :  0.002 0.004 0.003 0.006 0.017 0.005 0.946 0.004 0.005 0.003 0.003 0.003 
239 QAc-G-0214    (0)   :  0.002 0.003 0.002 0.002 0.972 0.003 0.004 0.002 0.003 0.003 0.002 0.002 
240 QAc-G-0215    (0)   :  0.003 0.003 0.003 0.004 0.012 0.003 0.955 0.004 0.003 0.003 0.004 0.003 
241 QAc-G-0216    (0)   :  0.182 0.078 0.015 0.018 0.105 0.017 0.058 0.005 0.007 0.291 0.220 0.004 
242 QAc-G-0217    (0)   :  0.006 0.005 0.005 0.005 0.022 0.003 0.917 0.005 0.004 0.007 0.005 0.016 
243 QAc-G-0218    (0)   :  0.002 0.004 0.002 0.006 0.006 0.004 0.955 0.005 0.005 0.003 0.004 0.004 
244 QAc-G-0219    (0)   :  0.014 0.006 0.006 0.005 0.004 0.006 0.912 0.005 0.015 0.005 0.014 0.007 
245 QAc-G-0220    (0)   :  0.003 0.011 0.008 0.004 0.006 0.003 0.924 0.004 0.004 0.002 0.029 0.003 
246 QAc-G-0221    (0)   :  0.004 0.008 0.006 0.006 0.013 0.004 0.902 0.022 0.008 0.015 0.006 0.007 
247 QAc-G-0222    (0)   :  0.002 0.003 0.003 0.003 0.965 0.003 0.006 0.003 0.003 0.003 0.003 0.002 
248 QAc-G-0223    (0)   :  0.004 0.003 0.003 0.004 0.021 0.003 0.941 0.005 0.004 0.003 0.004 0.004 
249 QAc-G-0224    (0)   :  0.003 0.004 0.003 0.002 0.009 0.006 0.958 0.003 0.002 0.003 0.004 0.002 
250 QAc-G-0226    (0)   :  0.003 0.003 0.002 0.003 0.967 0.003 0.005 0.003 0.003 0.003 0.003 0.003 
251 QAc-G-0227    (0)   :  0.004 0.006 0.005 0.008 0.004 0.005 0.004 0.004 0.937 0.005 0.006 0.010 
252 QAc-G-0228    (6)   :  0.003 0.004 0.003 0.005 0.004 0.004 0.005 0.004 0.958 0.004 0.004 0.003 
253 QAc-G-0229    (0)   :  0.013 0.009 0.009 0.023 0.012 0.005 0.005 0.018 0.878 0.011 0.014 0.004 
254 QAc-G-0230    (0)   :  0.010 0.020 0.006 0.742 0.035 0.007 0.010 0.006 0.144 0.008 0.010 0.003 
255 QAc-G-0231    (0)   :  0.003 0.003 0.004 0.003 0.011 0.006 0.957 0.003 0.003 0.003 0.003 0.003 
256 QAc-G-0232    (0)   :  0.005 0.011 0.005 0.025 0.002 0.003 0.004 0.012 0.917 0.002 0.006 0.008 
257 QAc-G-0233    (0)   :  0.003 0.026 0.003 0.583 0.009 0.005 0.042 0.125 0.026 0.004 0.169 0.004 
258 QAc-G-0234    (0)   :  0.004 0.008 0.006 0.102 0.009 0.013 0.004 0.015 0.803 0.022 0.008 0.005 
259 QAc-G-0235    (0)   :  0.888 0.007 0.022 0.007 0.008 0.004 0.006 0.009 0.006 0.025 0.016 0.003 
260 QAc-G-0236    (0)   :  0.003 0.003 0.004 0.005 0.005 0.004 0.004 0.004 0.953 0.005 0.003 0.006 
261 QAc-G-0237    (0)   :  0.010 0.009 0.013 0.044 0.015 0.014 0.021 0.013 0.829 0.006 0.011 0.016 
262 QAc-G-0238    (0)   :  0.003 0.005 0.003 0.014 0.004 0.005 0.008 0.004 0.944 0.004 0.004 0.003 
263 QAc-G-0239    (0)   :  0.003 0.006 0.003 0.007 0.003 0.003 0.005 0.004 0.954 0.003 0.005 0.003 
264 QAc-G-0240    (0)   :  0.006 0.005 0.004 0.007 0.002 0.003 0.002 0.005 0.954 0.003 0.004 0.005 
265 QAc-G-0241    (0)   :  0.028 0.012 0.023 0.123 0.007 0.007 0.008 0.027 0.625 0.025 0.109 0.006 
266 QAc-G-0242    (0)   :  0.003 0.041 0.007 0.840 0.006 0.004 0.014 0.010 0.049 0.004 0.011 0.011 
267 QAc-G-0243    (0)   :  0.008 0.119 0.012 0.379 0.007 0.003 0.032 0.122 0.142 0.008 0.100 0.066 
268 QAc-G-0244    (0)   :  0.012 0.012 0.009 0.007 0.007 0.005 0.010 0.005 0.907 0.006 0.017 0.004 
269 QAc-G-0245    (0)   :  0.004 0.004 0.006 0.019 0.003 0.006 0.003 0.006 0.922 0.006 0.005 0.016 
270 QAc-G-0246    (0)   :  0.004 0.003 0.004 0.005 0.003 0.005 0.004 0.005 0.954 0.003 0.005 0.005 
271 QAc-G-0247    (0)   :  0.003 0.003 0.002 0.003 0.003 0.002 0.004 0.004 0.966 0.003 0.004 0.002 
272 QAc-G-0248    (0)   :  0.007 0.005 0.005 0.571 0.003 0.003 0.003 0.003 0.386 0.003 0.006 0.004 
273 QAc-G-0249    (0)   :  0.014 0.078 0.004 0.024 0.013 0.013 0.006 0.803 0.005 0.007 0.029 0.002 
274 QAc-G-0025    (0)   :  0.002 0.002 0.002 0.003 0.971 0.003 0.005 0.002 0.003 0.002 0.003 0.002 
275 QAc-G-0028    (0)   :  0.003 0.060 0.005 0.299 0.011 0.008 0.027 0.072 0.464 0.004 0.042 0.004 
276 QAc-G-0275    (0)   :  0.004 0.003 0.003 0.004 0.009 0.011 0.948 0.003 0.004 0.005 0.004 0.002 
277 QAc-G-0263    (0)   :  0.007 0.461 0.007 0.005 0.006 0.011 0.010 0.019 0.004 0.426 0.041 0.004 
278 QAc-W-0001    (0)   :  0.006 0.004 0.004 0.943 0.004 0.003 0.004 0.004 0.007 0.003 0.004 0.015 
279 QAc-W-0002    (0)   :  0.024 0.010 0.031 0.056 0.004 0.020 0.003 0.021 0.801 0.006 0.021 0.003 
280 QAc-W-0003    (0)   :  0.014 0.007 0.015 0.841 0.010 0.007 0.046 0.005 0.007 0.031 0.011 0.008 
281 QAc-W-0004    (0)   :  0.003 0.006 0.003 0.947 0.006 0.005 0.005 0.004 0.010 0.003 0.004 0.004 
282 QAc-W-0005    (0)   :  0.004 0.005 0.003 0.952 0.004 0.004 0.003 0.006 0.004 0.005 0.004 0.006 
283 QAc-W-0006    (0)   :  0.005 0.006 0.006 0.948 0.004 0.004 0.004 0.006 0.005 0.003 0.005 0.004 
284 QAc-W-0007   (13)   :  0.003 0.006 0.004 0.950 0.003 0.003 0.004 0.006 0.008 0.004 0.004 0.005 
285 QAc-W-0008    (6)   :  0.005 0.005 0.005 0.935 0.002 0.003 0.002 0.016 0.007 0.003 0.013 0.003 
286 QAc-W-0009    (0)   :  0.125 0.012 0.050 0.039 0.003 0.015 0.010 0.021 0.623 0.004 0.091 0.007 
287 QAc-W-0010    (0)   :  0.006 0.046 0.010 0.849 0.003 0.004 0.004 0.029 0.006 0.022 0.012 0.009 
288 QAc-W-0011    (0)   :  0.023 0.036 0.019 0.650 0.006 0.043 0.010 0.006 0.127 0.014 0.056 0.012 
289 QAc-W-0012    (0)   :  0.006 0.008 0.007 0.845 0.007 0.024 0.005 0.009 0.063 0.006 0.014 0.006 
290 QAc-W-0013    (0)   :  0.016 0.006 0.098 0.036 0.039 0.007 0.112 0.006 0.654 0.005 0.018 0.004 
291 QAc-W-0014    (0)   :  0.003 0.008 0.005 0.923 0.005 0.003 0.003 0.019 0.013 0.009 0.006 0.004 
292 QAc-W-0015    (0)   :  0.014 0.010 0.027 0.036 0.021 0.016 0.044 0.042 0.648 0.121 0.018 0.004 
293 QAc-W-0016    (0)   :  0.009 0.118 0.008 0.778 0.015 0.005 0.006 0.014 0.004 0.013 0.027 0.003 
294 QAc-W-0017    (0)   :  0.028 0.057 0.055 0.113 0.005 0.011 0.061 0.175 0.134 0.117 0.231 0.011 
295 QAc-W-0018    (0)   :  0.011 0.664 0.030 0.200 0.009 0.003 0.020 0.008 0.014 0.003 0.031 0.007 
296 QAc-W-0019    (0)   :  0.013 0.011 0.004 0.911 0.011 0.005 0.006 0.013 0.009 0.004 0.008 0.004 
297 QAc-W-0020    (0)   :  0.008 0.008 0.004 0.908 0.003 0.002 0.002 0.003 0.005 0.003 0.011 0.044 
298 QAc-W-0021    (0)   :  0.041 0.457 0.006 0.279 0.106 0.009 0.014 0.011 0.011 0.004 0.053 0.009 
299 QAc-W-0022    (0)   :  0.013 0.363 0.013 0.162 0.024 0.009 0.011 0.054 0.122 0.044 0.180 0.006 
300 QAc-W-0023    (6)   :  0.103 0.020 0.026 0.417 0.024 0.003 0.009 0.131 0.101 0.005 0.090 0.071 
301 QAc-W-0024    (0)   :  0.008 0.040 0.006 0.711 0.057 0.033 0.069 0.015 0.007 0.006 0.043 0.006 
302 QAc-W-0025    (0)   :  0.005 0.009 0.004 0.703 0.004 0.005 0.009 0.008 0.235 0.004 0.011 0.003 
303 QAc-W-0026    (0)   :  0.007 0.013 0.012 0.757 0.016 0.047 0.023 0.030 0.010 0.022 0.042 0.022 
304 QAc-W-0027    (0)   :  0.009 0.008 0.011 0.742 0.003 0.009 0.004 0.014 0.181 0.004 0.012 0.004 
305 QAc-W-0028    (0)   :  0.007 0.004 0.012 0.903 0.003 0.007 0.003 0.006 0.036 0.006 0.010 0.004 
306 QAc-W-0029    (0)   :  0.006 0.015 0.042 0.785 0.004 0.003 0.007 0.005 0.112 0.002 0.010 0.007 
307 QAc-W-0030    (0)   :  0.005 0.011 0.016 0.157 0.004 0.010 0.004 0.004 0.764 0.007 0.012 0.008 
308 QAc-W-0031    (0)   :  0.006 0.004 0.007 0.873 0.043 0.004 0.026 0.004 0.020 0.003 0.007 0.003 
309 QAc-W-0032    (0)   :  0.003 0.006 0.003 0.947 0.003 0.002 0.003 0.005 0.011 0.002 0.004 0.012 
310 QAc-W-0033    (0)   :  0.003 0.039 0.029 0.767 0.005 0.006 0.009 0.025 0.016 0.006 0.083 0.014 
311 QAc-W-0034    (0)   :  0.017 0.006 0.010 0.862 0.005 0.004 0.004 0.008 0.067 0.003 0.007 0.005 
312 QAc-W-0035    (0)   :  0.006 0.114 0.012 0.271 0.009 0.018 0.019 0.048 0.441 0.016 0.042 0.004 
313 QAc-W-0036    (0)   :  0.009 0.004 0.010 0.899 0.003 0.003 0.003 0.007 0.023 0.004 0.006 0.029 
314 QAc-W-0037    (0)   :  0.005 0.008 0.011 0.070 0.018 0.040 0.015 0.007 0.792 0.005 0.011 0.018 
315 QAc-W-0038    (0)   :  0.013 0.014 0.007 0.735 0.004 0.012 0.005 0.008 0.113 0.028 0.047 0.013 
316 QAc-W-0039    (0)   :  0.005 0.003 0.009 0.872 0.004 0.033 0.010 0.006 0.028 0.015 0.006 0.009 
317 QAc-W-0040    (0)   :  0.004 0.007 0.004 0.729 0.004 0.006 0.011 0.186 0.006 0.007 0.018 0.019 
318 QAc-W-0041    (0)   :  0.019 0.013 0.157 0.389 0.009 0.018 0.196 0.012 0.141 0.005 0.036 0.004 
319 QAc-W-0042    (0)   :  0.008 0.004 0.843 0.006 0.002 0.007 0.006 0.004 0.007 0.003 0.006 0.104 
320 QAc-W-0043    (0)   :  0.010 0.004 0.937 0.004 0.003 0.008 0.005 0.005 0.008 0.007 0.005 0.004 
321 QAc-W-0044    (0)   :  0.007 0.008 0.780 0.012 0.004 0.011 0.004 0.024 0.017 0.034 0.012 0.088 
322 QAc-W-0045    (0)   :  0.024 0.005 0.918 0.004 0.003 0.005 0.004 0.004 0.007 0.003 0.006 0.017 
323 QAc-W-0046    (0)   :  0.009 0.004 0.938 0.004 0.004 0.009 0.006 0.004 0.008 0.004 0.005 0.007 
324 QAc-W-0047    (0)   :  0.037 0.005 0.862 0.007 0.005 0.007 0.003 0.009 0.015 0.032 0.007 0.012 
325 QAc-W-0048    (0)   :  0.485 0.010 0.349 0.015 0.009 0.004 0.005 0.004 0.010 0.004 0.026 0.077 
326 QAc-W-0049    (0)   :  0.562 0.007 0.282 0.007 0.010 0.005 0.006 0.005 0.006 0.004 0.014 0.092 
327 QAc-W-0050    (0)   :  0.029 0.056 0.822 0.005 0.022 0.006 0.006 0.017 0.006 0.005 0.022 0.004 
328 QAc-W-0051    (0)   :  0.005 0.009 0.913 0.007 0.009 0.006 0.008 0.004 0.006 0.017 0.009 0.008 
329 QAc-W-0052    (0)   :  0.003 0.004 0.004 0.004 0.003 0.003 0.003 0.003 0.004 0.003 0.003 0.964 
330 QAc-W-0053    (0)   :  0.537 0.009 0.388 0.011 0.003 0.004 0.003 0.009 0.010 0.007 0.008 0.010 
331 QAc-W-0054    (0)   :  0.004 0.511 0.259 0.005 0.004 0.086 0.004 0.021 0.005 0.054 0.032 0.016 
332 QAc-W-0055    (0)   :  0.004 0.027 0.490 0.005 0.054 0.312 0.014 0.018 0.004 0.046 0.022 0.004 
333 QAc-W-0056    (0)   :  0.006 0.046 0.314 0.060 0.014 0.006 0.022 0.013 0.029 0.019 0.465 0.007 
334 QAc-W-0057    (0)   :  0.032 0.030 0.623 0.010 0.056 0.004 0.020 0.016 0.009 0.117 0.077 0.006 
335 QAc-W-0058    (0)   :  0.033 0.015 0.637 0.005 0.213 0.011 0.026 0.004 0.006 0.010 0.033 0.007 
336 QAc-W-0059    (0)   :  0.959 0.003 0.007 0.004 0.003 0.004 0.002 0.003 0.003 0.004 0.003 0.004 
337 QAc-W-0060    (0)   :  0.008 0.003 0.009 0.004 0.003 0.011 0.003 0.009 0.045 0.852 0.009 0.045 
338 QAc-W-0061    (0)   :  0.045 0.017 0.015 0.020 0.015 0.064 0.008 0.032 0.012 0.749 0.020 0.004 
339 QAc-W-0062    (0)   :  0.003 0.003 0.004 0.003 0.003 0.007 0.011 0.008 0.004 0.935 0.004 0.014 
340 QAc-W-0063    (0)   :  0.004 0.012 0.006 0.014 0.006 0.010 0.012 0.014 0.008 0.885 0.016 0.014 
341 QAc-W-0064    (0)   :  0.004 0.009 0.005 0.011 0.004 0.016 0.009 0.008 0.010 0.911 0.009 0.005 
342 QAc-W-0065    (0)   :  0.009 0.034 0.054 0.010 0.008 0.005 0.005 0.031 0.014 0.794 0.028 0.006 
343 QAc-W-0066    (0)   :  0.002 0.003 0.003 0.003 0.004 0.969 0.004 0.002 0.003 0.003 0.002 0.002 
344 QAc-W-0067    (0)   :  0.002 0.002 0.003 0.002 0.003 0.971 0.003 0.002 0.002 0.003 0.002 0.003 
345 QAc-W-0068    (0)   :  0.002 0.002 0.002 0.003 0.003 0.969 0.003 0.002 0.003 0.005 0.003 0.002 
346 QAc-W-0069    (0)   :  0.002 0.003 0.002 0.003 0.004 0.967 0.003 0.003 0.004 0.005 0.003 0.002 
347 QAc-W-0070    (0)   :  0.002 0.002 0.003 0.002 0.003 0.572 0.003 0.003 0.003 0.402 0.003 0.002 
348 QAc-W-0071    (6)   :  0.005 0.006 0.005 0.005 0.011 0.238 0.005 0.004 0.006 0.707 0.005 0.004 
349 QAc-W-0072    (0)   :  0.003 0.029 0.008 0.029 0.005 0.004 0.008 0.113 0.005 0.780 0.013 0.003 
350 QAc-W-0073    (0)   :  0.052 0.010 0.014 0.008 0.006 0.004 0.006 0.009 0.009 0.864 0.013 0.006 
351 QAc-W-0074    (0)   :  0.003 0.004 0.003 0.004 0.004 0.004 0.003 0.004 0.003 0.963 0.003 0.003 
352 QAc-W-0075    (0)   :  0.003 0.004 0.003 0.003 0.006 0.014 0.003 0.003 0.003 0.951 0.003 0.003 
353 QAc-W-0076    (0)   :  0.004 0.007 0.004 0.004 0.011 0.004 0.004 0.024 0.003 0.928 0.005 0.003 
354 QAc-W-0077    (0)   :  0.004 0.004 0.066 0.006 0.002 0.120 0.004 0.005 0.005 0.774 0.006 0.004 
355 QAc-W-0078    (0)   :  0.004 0.047 0.010 0.088 0.155 0.075 0.272 0.075 0.025 0.006 0.232 0.012 
356 QAc-W-0079    (6)   :  0.005 0.004 0.006 0.009 0.918 0.019 0.005 0.007 0.009 0.007 0.005 0.005 
357 QAc-W-0080   (13)   :  0.008 0.005 0.003 0.040 0.917 0.004 0.004 0.003 0.004 0.003 0.007 0.002 
358 QAc-W-0081    (0)   :  0.003 0.003 0.004 0.005 0.019 0.003 0.942 0.003 0.004 0.004 0.004 0.006 
359 QAc-W-0082    (0)   :  0.006 0.007 0.394 0.004 0.005 0.003 0.558 0.005 0.004 0.005 0.007 0.002 
360 QAc-W-0083    (0)   :  0.005 0.005 0.009 0.012 0.011 0.009 0.868 0.018 0.010 0.032 0.008 0.012 
361 QAc-W-0084    (0)   :  0.002 0.003 0.003 0.006 0.007 0.004 0.959 0.003 0.003 0.003 0.003 0.005 
