

----------------------------------------------------
STRUCTURE by Pritchard, Stephens and Donnelly (2000)
     and Falush, Stephens and Pritchard (2003)
       Code by Pritchard, Falush and Hubisz
             Version 2.3.4 (Jul 2012)
----------------------------------------------------



Command line arguments:   bin\structure -m C:\Users\eschumacher\Documents\GitHub\GCC_QUAC_ZAIN\Data_Files\Structure_Files\QUAC\QUAC_woK_nopopinfo_garden_wild\QUAC_woK_nopopinfo_garden_wild\50-50\mainparams -e C:\Users\eschumacher\Documents\GitHub\GCC_QUAC_ZAIN\Data_Files\Structure_Files\QUAC\QUAC_woK_nopopinfo_garden_wild\QUAC_woK_nopopinfo_garden_wild\50-50\extraparams 
Input File:    C:\Users\eschumacher\Documents\GitHub\GCC_QUAC_ZAIN\Data_Files\Structure_Files\QUAC\QUAC_woK_nopopinfo_garden_wild\QUAC_woK_nopopinfo_garden_wild\project_data

Run parameters:
   441 individuals
   15 loci
   12 populations assumed
   50000 Burn-in period
   50000 Reps


--------------------------------------------
Overall proportion of membership of the
sample in each of the 12 clusters

Inferred Clusters
  1      2      3      4      5      6      7      8      9     10     11     12    
0.041  0.114  0.123  0.097  0.075  0.062  0.122  0.142  0.069  0.032  0.051  0.071  

--------------------------------------------

Allele-freq. divergence among pops (Net nucleotide distance),
computed using point estimates of P.

      1       2       3       4       5       6       7       8       9      10      11      12      
 1      -    0.0907  0.0779  0.0826  0.1869  0.1039  0.1324  0.1208  0.1049  0.0664  0.0500  0.0433  
 2   0.0907     -    0.0742  0.0406  0.1675  0.1108  0.1178  0.1241  0.1136  0.0704  0.0405  0.0845  
 3   0.0779  0.0742     -    0.0570  0.1614  0.0869  0.0979  0.1314  0.1039  0.0537  0.0301  0.0772  
 4   0.0826  0.0406  0.0570     -    0.1436  0.1023  0.0979  0.1204  0.1025  0.0658  0.0338  0.0836  
 5   0.1869  0.1675  0.1614  0.1436     -    0.1429  0.0824  0.1923  0.2249  0.1496  0.1183  0.1710  
 6   0.1039  0.1108  0.0869  0.1023  0.1429     -    0.1192  0.0962  0.1448  0.0798  0.0623  0.0965  
 7   0.1324  0.1178  0.0979  0.0979  0.0824  0.1192     -    0.1423  0.1592  0.0995  0.0669  0.1279  
 8   0.1208  0.1241  0.1314  0.1204  0.1923  0.0962  0.1423     -    0.1707  0.1176  0.0958  0.1425  
 9   0.1049  0.1136  0.1039  0.1025  0.2249  0.1448  0.1592  0.1707     -    0.0952  0.0831  0.1192  
10   0.0664  0.0704  0.0537  0.0658  0.1496  0.0798  0.0995  0.1176  0.0952     -    0.0230  0.0655  
11   0.0500  0.0405  0.0301  0.0338  0.1183  0.0623  0.0669  0.0958  0.0831  0.0230     -    0.0371  
12   0.0433  0.0845  0.0772  0.0836  0.1710  0.0965  0.1279  0.1425  0.1192  0.0655  0.0371     -    

Average distances (expected heterozygosity) between individuals in same cluster:
cluster  1  : 0.5414 
cluster  2  : 0.5470 
cluster  3  : 0.5520 
cluster  4  : 0.5440 
cluster  5  : 0.3917 
cluster  6  : 0.5065 
cluster  7  : 0.5007 
cluster  8  : 0.3978 
cluster  9  : 0.4612 
cluster 10  : 0.6435 
cluster 11  : 0.6930 
cluster 12  : 0.6112 

--------------------------------------------
Estimated Ln Prob of Data   = -15137.9
Mean value of ln likelihood = -14607.5
Variance of ln likelihood   = 1060.9
Mean value of alpha         = 0.0328

Mean value of Fst_1         = 0.2372
Mean value of Fst_2         = 0.2210
Mean value of Fst_3         = 0.1478
Mean value of Fst_4         = 0.1607
Mean value of Fst_5         = 0.5523
Mean value of Fst_6         = 0.2750
Mean value of Fst_7         = 0.2564
Mean value of Fst_8         = 0.5041
Mean value of Fst_9         = 0.4188
Mean value of Fst_10         = 0.1297
Mean value of Fst_11         = 0.0014
Mean value of Fst_12         = 0.1141


Inferred ancestry of individuals:
        Label (%Miss) :  Inferred clusters
  1 QAc-G-0029    (0)   :  0.004 0.059 0.015 0.025 0.636 0.008 0.154 0.022 0.006 0.010 0.056 0.005 
  2 QAc-G-0030    (0)   :  0.002 0.002 0.002 0.002 0.975 0.002 0.003 0.002 0.002 0.002 0.002 0.002 
  3 QAc-G-0031    (0)   :  0.002 0.002 0.003 0.003 0.969 0.003 0.005 0.004 0.002 0.003 0.002 0.002 
  4 QAc-G-0061    (0)   :  0.003 0.005 0.005 0.004 0.122 0.003 0.842 0.004 0.004 0.003 0.003 0.002 
  5 QAc-G-0062    (0)   :  0.007 0.004 0.098 0.010 0.006 0.329 0.005 0.027 0.402 0.064 0.040 0.006 
  6 QAc-G-0063    (0)   :  0.008 0.041 0.030 0.099 0.004 0.172 0.005 0.522 0.012 0.032 0.067 0.008 
  7 QAc-G-0064    (0)   :  0.005 0.005 0.003 0.003 0.002 0.006 0.003 0.005 0.957 0.003 0.003 0.003 
  8 QAc-G-0065    (0)   :  0.007 0.003 0.002 0.003 0.008 0.002 0.003 0.002 0.961 0.003 0.003 0.003 
  9 QAc-G-0066    (0)   :  0.003 0.003 0.003 0.003 0.004 0.004 0.003 0.968 0.002 0.003 0.003 0.002 
 10 QAc-G-0067    (0)   :  0.003 0.003 0.003 0.003 0.005 0.002 0.008 0.003 0.960 0.003 0.003 0.003 
 11 QAc-G-0068    (0)   :  0.003 0.003 0.006 0.003 0.002 0.004 0.003 0.526 0.005 0.437 0.004 0.004 
 12 QAc-G-0070    (0)   :  0.004 0.006 0.285 0.017 0.004 0.113 0.007 0.517 0.009 0.007 0.023 0.007 
 13 QAc-G-0071   (13)   :  0.005 0.004 0.006 0.003 0.019 0.041 0.012 0.890 0.002 0.004 0.005 0.008 
 14 QAc-G-0072    (0)   :  0.003 0.004 0.004 0.004 0.003 0.003 0.003 0.964 0.003 0.004 0.003 0.002 
 15 QAc-G-0073    (0)   :  0.003 0.962 0.004 0.008 0.003 0.003 0.004 0.003 0.003 0.003 0.003 0.003 
 16 QAc-G-0074    (0)   :  0.022 0.281 0.038 0.341 0.005 0.101 0.005 0.145 0.005 0.006 0.042 0.010 
 17 QAc-G-0075    (0)   :  0.010 0.476 0.006 0.383 0.022 0.012 0.006 0.026 0.008 0.010 0.027 0.013 
 18 QAc-G-0076    (0)   :  0.093 0.455 0.011 0.257 0.011 0.005 0.011 0.013 0.012 0.009 0.120 0.003 
 19 QAc-G-0077    (0)   :  0.004 0.004 0.003 0.009 0.120 0.006 0.828 0.008 0.006 0.004 0.004 0.004 
 20 QAc-G-0078    (0)   :  0.002 0.002 0.002 0.002 0.975 0.003 0.003 0.003 0.002 0.002 0.002 0.002 
 21 QAc-G-0079    (0)   :  0.003 0.003 0.002 0.003 0.972 0.003 0.004 0.003 0.002 0.002 0.002 0.003 
 22 QAc-G-0080    (0)   :  0.009 0.105 0.004 0.012 0.003 0.016 0.751 0.005 0.016 0.023 0.046 0.009 
 23 QAc-G-0081    (0)   :  0.005 0.010 0.183 0.023 0.006 0.024 0.005 0.005 0.004 0.026 0.691 0.019 
 24 QAc-G-0082    (0)   :  0.004 0.018 0.016 0.009 0.002 0.006 0.004 0.002 0.003 0.036 0.884 0.016 
 25 QAc-G-0083    (0)   :  0.005 0.013 0.010 0.064 0.011 0.838 0.014 0.012 0.013 0.005 0.009 0.006 
 26 QAc-G-0001   (13)   :  0.003 0.002 0.003 0.003 0.965 0.003 0.007 0.004 0.002 0.002 0.002 0.003 
 27 QAc-G-0002    (0)   :  0.002 0.002 0.002 0.002 0.973 0.002 0.005 0.003 0.002 0.002 0.002 0.002 
 28 QAc-G-0285    (0)   :  0.006 0.004 0.006 0.004 0.006 0.929 0.006 0.014 0.004 0.006 0.006 0.008 
 29 QAc-G-0286    (0)   :  0.003 0.003 0.003 0.003 0.003 0.006 0.003 0.967 0.002 0.003 0.003 0.003 
 30 QAc-G-0287    (0)   :  0.003 0.003 0.002 0.003 0.003 0.004 0.003 0.971 0.003 0.002 0.002 0.002 
 31 QAc-G-0288    (6)   :  0.006 0.011 0.033 0.017 0.021 0.008 0.024 0.837 0.007 0.016 0.013 0.006 
 32 QAc-G-0289    (0)   :  0.004 0.003 0.003 0.003 0.003 0.003 0.004 0.968 0.003 0.002 0.002 0.002 
 33 QAc-G-0290    (0)   :  0.003 0.003 0.004 0.004 0.003 0.004 0.004 0.963 0.006 0.003 0.003 0.003 
 34 QAc-G-0291    (0)   :  0.003 0.006 0.002 0.004 0.035 0.019 0.017 0.899 0.003 0.004 0.004 0.003 
 35 QAc-G-0292    (0)   :  0.012 0.004 0.010 0.005 0.003 0.703 0.004 0.237 0.003 0.007 0.007 0.005 
 36 QAc-G-0293    (0)   :  0.003 0.003 0.002 0.002 0.010 0.469 0.004 0.496 0.002 0.003 0.003 0.002 
 37 QAc-G-0294    (0)   :  0.040 0.319 0.006 0.544 0.012 0.004 0.007 0.004 0.007 0.026 0.023 0.009 
 38 QAc-G-0295    (0)   :  0.003 0.920 0.003 0.022 0.007 0.006 0.010 0.008 0.004 0.006 0.006 0.004 
 39 QAc-G-0296    (0)   :  0.009 0.933 0.005 0.013 0.003 0.005 0.005 0.007 0.009 0.004 0.004 0.003 
 40 QAc-G-0297    (0)   :  0.011 0.094 0.008 0.170 0.002 0.003 0.004 0.002 0.004 0.012 0.665 0.024 
 41 QAc-G-0298    (6)   :  0.003 0.954 0.003 0.009 0.004 0.004 0.005 0.003 0.003 0.003 0.005 0.004 
 42 QAc-G-0299    (0)   :  0.021 0.394 0.004 0.520 0.004 0.007 0.005 0.011 0.004 0.007 0.011 0.013 
 43 QAc-G-0300    (0)   :  0.009 0.848 0.014 0.072 0.003 0.004 0.003 0.004 0.027 0.006 0.007 0.004 
 44 QAc-G-0301    (0)   :  0.005 0.695 0.005 0.072 0.007 0.008 0.006 0.017 0.161 0.005 0.013 0.006 
 45 QAc-G-0302    (0)   :  0.013 0.005 0.005 0.025 0.003 0.006 0.003 0.006 0.003 0.024 0.019 0.888 
 46 QAc-G-0303    (0)   :  0.011 0.008 0.028 0.006 0.003 0.007 0.006 0.003 0.005 0.012 0.032 0.880 
 47 QAc-G-0304    (0)   :  0.003 0.003 0.003 0.003 0.003 0.005 0.003 0.969 0.002 0.002 0.002 0.002 
 48 QAc-G-0305    (0)   :  0.037 0.004 0.038 0.006 0.040 0.179 0.038 0.535 0.003 0.066 0.026 0.027 
 49 QAc-G-0306    (0)   :  0.002 0.002 0.003 0.003 0.003 0.005 0.004 0.970 0.002 0.002 0.002 0.002 
 50 QAc-G-0307    (0)   :  0.007 0.008 0.034 0.008 0.044 0.021 0.818 0.005 0.005 0.014 0.023 0.014 
 51 QAc-G-0308    (0)   :  0.009 0.010 0.005 0.005 0.004 0.006 0.936 0.008 0.002 0.003 0.005 0.005 
 52 QAc-G-0309    (0)   :  0.003 0.003 0.004 0.005 0.945 0.005 0.005 0.003 0.002 0.006 0.015 0.004 
 53 QAc-G-0310    (0)   :  0.003 0.003 0.003 0.003 0.968 0.003 0.004 0.003 0.003 0.003 0.003 0.002 
 54 QAc-G-0311    (0)   :  0.002 0.002 0.002 0.002 0.006 0.002 0.972 0.003 0.002 0.002 0.002 0.002 
 55 QAc-G-0312    (0)   :  0.023 0.065 0.048 0.051 0.005 0.005 0.611 0.006 0.012 0.044 0.077 0.051 
 56 QAc-G-0313    (0)   :  0.004 0.014 0.078 0.010 0.023 0.037 0.005 0.008 0.006 0.058 0.751 0.006 
 57 QAc-G-0314    (0)   :  0.005 0.061 0.093 0.076 0.008 0.003 0.009 0.004 0.008 0.012 0.684 0.038 
 58 QAc-G-0315    (0)   :  0.008 0.006 0.015 0.017 0.003 0.005 0.004 0.007 0.005 0.140 0.779 0.010 
 59 QAc-G-0316    (0)   :  0.004 0.004 0.125 0.012 0.021 0.009 0.013 0.007 0.009 0.047 0.744 0.005 
 60 QAc-G-0032    (6)   :  0.073 0.014 0.008 0.007 0.006 0.003 0.004 0.006 0.116 0.434 0.133 0.196 
 61 QAc-G-0033    (0)   :  0.007 0.412 0.006 0.533 0.007 0.004 0.005 0.005 0.009 0.004 0.005 0.005 
 62 QAc-G-0034    (0)   :  0.011 0.826 0.019 0.034 0.023 0.004 0.047 0.004 0.007 0.006 0.012 0.007 
 63 QAc-G-0035    (0)   :  0.009 0.090 0.004 0.840 0.005 0.011 0.007 0.008 0.008 0.005 0.008 0.005 
 64 QAc-G-0036    (0)   :  0.005 0.890 0.015 0.012 0.006 0.019 0.005 0.017 0.004 0.010 0.012 0.004 
 65 QAc-G-0037    (0)   :  0.003 0.945 0.002 0.007 0.005 0.004 0.010 0.010 0.003 0.003 0.004 0.002 
 66 QAc-G-0038    (0)   :  0.003 0.938 0.011 0.024 0.002 0.002 0.002 0.003 0.002 0.003 0.006 0.003 
 67 QAc-G-0039    (0)   :  0.023 0.545 0.022 0.277 0.011 0.003 0.036 0.005 0.007 0.019 0.039 0.011 
 68 QAc-G-0040    (0)   :  0.043 0.733 0.078 0.039 0.005 0.009 0.009 0.049 0.003 0.004 0.023 0.005 
 69 QAc-G-0041    (0)   :  0.003 0.920 0.019 0.004 0.003 0.016 0.002 0.002 0.020 0.003 0.005 0.003 
 70 QAc-G-0042    (0)   :  0.015 0.935 0.005 0.011 0.003 0.004 0.004 0.008 0.005 0.003 0.004 0.003 
 71 QAc-G-0043    (0)   :  0.005 0.911 0.005 0.039 0.005 0.003 0.007 0.006 0.003 0.003 0.009 0.005 
 72 QAc-G-0044    (0)   :  0.028 0.827 0.007 0.040 0.004 0.005 0.004 0.011 0.038 0.005 0.016 0.014 
 73 QAc-G-0045    (0)   :  0.012 0.640 0.007 0.252 0.013 0.004 0.037 0.007 0.014 0.004 0.007 0.004 
 74 QAc-G-0046    (0)   :  0.009 0.804 0.015 0.059 0.037 0.004 0.018 0.002 0.007 0.017 0.023 0.004 
 75 QAc-G-0047    (0)   :  0.017 0.103 0.007 0.796 0.016 0.004 0.016 0.005 0.005 0.009 0.014 0.008 
 76 QAc-G-0048    (0)   :  0.004 0.945 0.007 0.014 0.002 0.004 0.003 0.003 0.004 0.004 0.006 0.004 
 77 QAc-G-0049    (0)   :  0.002 0.002 0.003 0.003 0.967 0.003 0.007 0.004 0.002 0.003 0.003 0.002 
 78 QAc-G-0050    (0)   :  0.005 0.004 0.014 0.005 0.009 0.005 0.056 0.017 0.003 0.109 0.716 0.057 
 79 QAc-G-0051    (0)   :  0.002 0.002 0.002 0.002 0.973 0.004 0.004 0.003 0.002 0.002 0.002 0.002 
 80 QAc-G-0052    (0)   :  0.004 0.007 0.006 0.006 0.007 0.003 0.942 0.003 0.009 0.005 0.006 0.003 
 81 QAc-G-0053    (0)   :  0.003 0.017 0.003 0.011 0.013 0.005 0.925 0.006 0.004 0.004 0.007 0.002 
 82 QAc-G-0054    (0)   :  0.024 0.022 0.067 0.005 0.003 0.003 0.495 0.004 0.004 0.019 0.325 0.031 
 83 QAc-G-0055    (0)   :  0.020 0.019 0.015 0.006 0.005 0.004 0.602 0.004 0.003 0.033 0.203 0.087 
 84 QAc-G-0056    (0)   :  0.007 0.005 0.038 0.009 0.004 0.005 0.037 0.011 0.008 0.018 0.851 0.008 
 85 QAc-G-0057    (0)   :  0.003 0.002 0.003 0.003 0.969 0.003 0.005 0.003 0.002 0.002 0.002 0.003 
 86 QAc-G-0058    (6)   :  0.002 0.002 0.002 0.002 0.972 0.003 0.004 0.002 0.002 0.002 0.002 0.002 
 87 QAc-G-0059    (0)   :  0.004 0.023 0.006 0.004 0.005 0.003 0.447 0.002 0.003 0.031 0.462 0.011 
 88 QAc-G-0060    (6)   :  0.005 0.006 0.005 0.008 0.012 0.006 0.895 0.011 0.008 0.010 0.029 0.004 
 89 QAc-G-0276    (0)   :  0.004 0.012 0.005 0.017 0.005 0.612 0.013 0.314 0.002 0.004 0.007 0.005 
 90 QAc-G-0279    (0)   :  0.002 0.003 0.003 0.003 0.005 0.004 0.004 0.965 0.002 0.003 0.003 0.002 
 91 QAc-G-0280    (6)   :  0.003 0.006 0.004 0.005 0.004 0.004 0.003 0.955 0.003 0.005 0.004 0.003 
 92 QAc-G-0281    (0)   :  0.004 0.003 0.002 0.003 0.006 0.003 0.964 0.005 0.003 0.003 0.003 0.002 
 93 QAc-G-0018    (0)   :  0.027 0.747 0.008 0.046 0.025 0.004 0.042 0.005 0.005 0.054 0.023 0.013 
 94 QAc-G-0019    (0)   :  0.012 0.613 0.009 0.083 0.004 0.029 0.004 0.019 0.207 0.007 0.010 0.004 
 95 QAc-G-0020    (0)   :  0.003 0.951 0.003 0.008 0.004 0.003 0.004 0.002 0.003 0.004 0.013 0.003 
 96 QAc-G-0021    (6)   :  0.003 0.889 0.002 0.021 0.025 0.003 0.009 0.003 0.032 0.004 0.007 0.003 
 97 QAc-G-0022    (6)   :  0.006 0.446 0.087 0.222 0.011 0.013 0.026 0.004 0.073 0.011 0.090 0.011 
 98 QAc-G-0023    (0)   :  0.003 0.003 0.003 0.003 0.620 0.004 0.349 0.003 0.002 0.003 0.004 0.003 
 99 QAc-G-0024    (0)   :  0.003 0.004 0.003 0.005 0.963 0.002 0.006 0.003 0.003 0.003 0.003 0.003 
100 QAc-G-0016    (0)   :  0.095 0.027 0.013 0.004 0.003 0.006 0.336 0.010 0.004 0.143 0.219 0.139 
101 QAc-G-0017    (0)   :  0.018 0.009 0.007 0.005 0.003 0.006 0.003 0.005 0.244 0.017 0.021 0.663 
102 QAc-G-0250    (0)   :  0.008 0.012 0.015 0.016 0.009 0.269 0.006 0.137 0.006 0.298 0.180 0.044 
103 QAc-G-0003    (6)   :  0.004 0.004 0.006 0.005 0.004 0.010 0.005 0.948 0.003 0.005 0.004 0.003 
104 QAc-G-0004    (0)   :  0.009 0.033 0.005 0.037 0.013 0.006 0.006 0.003 0.007 0.013 0.022 0.846 
105 QAc-G-0005    (0)   :  0.005 0.003 0.003 0.003 0.003 0.002 0.003 0.003 0.967 0.003 0.003 0.003 
106 QAc-G-0006    (6)   :  0.004 0.005 0.011 0.012 0.002 0.008 0.003 0.005 0.003 0.012 0.017 0.918 
107 QAc-G-0283    (0)   :  0.006 0.008 0.333 0.007 0.003 0.110 0.004 0.003 0.004 0.014 0.432 0.077 
108 QAc-G-0265    (0)   :  0.010 0.006 0.008 0.070 0.416 0.235 0.004 0.004 0.004 0.022 0.212 0.009 
109 QAc-G-0266    (0)   :  0.002 0.002 0.002 0.002 0.971 0.003 0.006 0.004 0.002 0.002 0.002 0.002 
110 QAc-G-0267    (0)   :  0.005 0.252 0.010 0.034 0.004 0.581 0.007 0.004 0.082 0.009 0.010 0.004 
111 QAc-G-0268   (20)   :  0.014 0.005 0.006 0.008 0.004 0.010 0.009 0.521 0.009 0.109 0.286 0.018 
112 QAc-G-0269    (0)   :  0.002 0.004 0.002 0.003 0.005 0.003 0.003 0.966 0.003 0.003 0.003 0.002 
113 QAc-G-0270    (6)   :  0.004 0.943 0.005 0.009 0.005 0.005 0.004 0.005 0.009 0.004 0.004 0.003 
114 QAc-G-0271    (0)   :  0.007 0.026 0.007 0.760 0.003 0.004 0.003 0.003 0.069 0.017 0.091 0.009 
115 QAc-G-0272    (6)   :  0.017 0.901 0.006 0.023 0.005 0.008 0.006 0.015 0.003 0.005 0.006 0.005 
116 QAc-G-0273    (0)   :  0.006 0.003 0.004 0.003 0.012 0.004 0.949 0.004 0.004 0.004 0.004 0.003 
117 QAc-G-0274    (0)   :  0.003 0.003 0.002 0.002 0.002 0.002 0.002 0.002 0.974 0.002 0.002 0.002 
118 QAc-G-0251    (6)   :  0.008 0.932 0.006 0.005 0.005 0.003 0.005 0.004 0.012 0.006 0.005 0.008 
119 QAc-G-0252    (0)   :  0.005 0.947 0.008 0.004 0.003 0.003 0.004 0.004 0.004 0.005 0.005 0.008 
120 QAc-G-0253    (0)   :  0.003 0.005 0.003 0.003 0.015 0.004 0.949 0.005 0.002 0.003 0.004 0.003 
121 QAc-G-0254    (0)   :  0.003 0.003 0.003 0.004 0.910 0.003 0.048 0.004 0.003 0.006 0.008 0.005 
122 QAc-G-0255    (0)   :  0.007 0.005 0.006 0.018 0.003 0.007 0.004 0.004 0.005 0.013 0.011 0.917 
123 QAc-G-0256    (0)   :  0.932 0.003 0.003 0.004 0.003 0.003 0.003 0.005 0.004 0.004 0.004 0.032 
124 QAc-G-0257    (0)   :  0.040 0.028 0.032 0.004 0.002 0.005 0.013 0.003 0.105 0.019 0.032 0.716 
125 QAc-G-0258    (0)   :  0.010 0.004 0.003 0.004 0.002 0.003 0.003 0.002 0.005 0.005 0.008 0.951 
126 QAc-G-0259    (0)   :  0.007 0.003 0.008 0.006 0.002 0.002 0.002 0.002 0.002 0.004 0.957 0.007 
127 QAc-G-0260    (0)   :  0.127 0.009 0.033 0.008 0.005 0.009 0.015 0.033 0.042 0.108 0.603 0.008 
128 QAc-G-0261    (0)   :  0.006 0.013 0.006 0.006 0.003 0.004 0.004 0.004 0.394 0.244 0.281 0.034 
129 QAc-G-0262    (0)   :  0.087 0.005 0.013 0.004 0.003 0.016 0.007 0.013 0.027 0.289 0.473 0.062 
130 QAc-G-0010    (0)   :  0.003 0.017 0.007 0.009 0.016 0.879 0.008 0.034 0.005 0.007 0.012 0.003 
131 QAc-G-0011    (0)   :  0.003 0.009 0.921 0.005 0.004 0.003 0.004 0.004 0.005 0.015 0.024 0.005 
132 QAc-G-0015    (0)   :  0.020 0.010 0.033 0.006 0.435 0.009 0.274 0.003 0.007 0.011 0.053 0.140 
133 QAc-G-0106    (0)   :  0.051 0.013 0.006 0.006 0.002 0.003 0.003 0.003 0.031 0.007 0.020 0.856 
134 QAc-G-0107    (0)   :  0.802 0.004 0.004 0.005 0.006 0.012 0.012 0.006 0.003 0.042 0.020 0.084 
135 QAc-G-0108    (0)   :  0.887 0.008 0.004 0.003 0.002 0.004 0.002 0.007 0.004 0.006 0.006 0.067 
136 QAc-G-0109    (0)   :  0.037 0.016 0.032 0.006 0.007 0.007 0.014 0.005 0.035 0.057 0.071 0.715 
137 QAc-G-0110    (0)   :  0.063 0.022 0.010 0.022 0.006 0.014 0.006 0.056 0.002 0.010 0.032 0.758 
138 QAc-G-0111    (0)   :  0.033 0.012 0.008 0.009 0.007 0.018 0.005 0.006 0.006 0.012 0.012 0.872 
139 QAc-G-0112    (0)   :  0.092 0.005 0.004 0.004 0.011 0.013 0.006 0.025 0.003 0.008 0.027 0.803 
140 QAc-G-0113    (0)   :  0.083 0.008 0.007 0.006 0.002 0.014 0.060 0.009 0.023 0.093 0.034 0.662 
141 QAc-G-0114    (0)   :  0.006 0.011 0.004 0.034 0.009 0.009 0.010 0.011 0.003 0.013 0.012 0.877 
142 QAc-G-0115    (0)   :  0.041 0.004 0.005 0.003 0.003 0.004 0.006 0.007 0.006 0.011 0.016 0.893 
143 QAc-G-0116    (0)   :  0.016 0.003 0.006 0.004 0.006 0.014 0.005 0.011 0.008 0.011 0.007 0.908 
144 QAc-G-0117    (0)   :  0.382 0.116 0.013 0.090 0.006 0.027 0.026 0.004 0.037 0.196 0.064 0.040 
145 QAc-G-0118    (0)   :  0.011 0.005 0.010 0.005 0.002 0.014 0.002 0.003 0.026 0.004 0.009 0.909 
146 QAc-G-0119    (0)   :  0.008 0.008 0.003 0.010 0.011 0.002 0.004 0.002 0.022 0.005 0.017 0.908 
147 QAc-G-0120    (0)   :  0.007 0.007 0.009 0.010 0.004 0.005 0.006 0.006 0.005 0.008 0.060 0.874 
148 QAc-G-0121    (0)   :  0.011 0.010 0.003 0.005 0.004 0.004 0.003 0.007 0.939 0.005 0.004 0.006 
149 QAc-G-0122    (0)   :  0.018 0.011 0.005 0.005 0.005 0.009 0.004 0.036 0.893 0.005 0.005 0.005 
150 QAc-G-0123    (0)   :  0.002 0.004 0.002 0.004 0.002 0.002 0.003 0.002 0.973 0.002 0.002 0.002 
151 QAc-G-0124    (6)   :  0.003 0.003 0.004 0.004 0.003 0.003 0.003 0.003 0.964 0.003 0.003 0.003 
152 QAc-G-0125    (0)   :  0.007 0.007 0.038 0.006 0.048 0.025 0.024 0.011 0.476 0.124 0.211 0.024 
153 QAc-G-0126    (0)   :  0.045 0.013 0.016 0.007 0.003 0.005 0.030 0.006 0.166 0.043 0.566 0.100 
154 QAc-G-0127    (0)   :  0.019 0.008 0.012 0.006 0.003 0.005 0.008 0.004 0.910 0.010 0.008 0.007 
155 QAc-G-0128    (0)   :  0.004 0.003 0.003 0.003 0.003 0.003 0.003 0.005 0.964 0.003 0.003 0.003 
156 QAc-G-0129    (0)   :  0.003 0.003 0.002 0.003 0.002 0.002 0.002 0.003 0.972 0.002 0.002 0.003 
157 QAc-G-0130    (0)   :  0.083 0.011 0.018 0.005 0.002 0.008 0.003 0.003 0.827 0.008 0.006 0.026 
158 QAc-G-0131    (0)   :  0.006 0.005 0.004 0.007 0.003 0.003 0.004 0.005 0.951 0.004 0.004 0.004 
159 QAc-G-0132    (0)   :  0.065 0.005 0.006 0.009 0.018 0.016 0.008 0.014 0.738 0.016 0.022 0.082 
160 QAc-G-0133    (0)   :  0.010 0.013 0.003 0.005 0.004 0.006 0.004 0.004 0.939 0.004 0.005 0.003 
161 QAc-G-0134    (0)   :  0.008 0.004 0.003 0.005 0.009 0.003 0.003 0.004 0.951 0.003 0.004 0.004 
162 QAc-G-0135    (0)   :  0.005 0.007 0.005 0.009 0.006 0.003 0.005 0.005 0.003 0.004 0.006 0.942 
163 QAc-G-0136    (0)   :  0.016 0.005 0.012 0.005 0.007 0.088 0.005 0.005 0.005 0.018 0.012 0.822 
164 QAc-G-0137    (0)   :  0.037 0.008 0.006 0.013 0.003 0.005 0.004 0.004 0.049 0.055 0.017 0.799 
165 QAc-G-0138    (0)   :  0.012 0.002 0.026 0.003 0.004 0.025 0.007 0.003 0.006 0.006 0.008 0.899 
166 QAc-G-0139    (0)   :  0.012 0.057 0.007 0.009 0.002 0.003 0.003 0.003 0.030 0.008 0.008 0.859 
167 QAc-G-0140    (6)   :  0.953 0.005 0.003 0.006 0.002 0.003 0.003 0.003 0.005 0.006 0.004 0.007 
168 QAc-G-0141    (0)   :  0.712 0.013 0.029 0.013 0.007 0.018 0.066 0.013 0.008 0.056 0.053 0.013 
169 QAc-G-0142    (0)   :  0.007 0.003 0.004 0.008 0.002 0.003 0.002 0.003 0.003 0.003 0.004 0.959 
170 QAc-G-0143    (0)   :  0.003 0.005 0.003 0.004 0.002 0.004 0.005 0.005 0.003 0.004 0.957 0.004 
171 QAc-G-0144    (6)   :  0.007 0.006 0.004 0.004 0.003 0.009 0.005 0.004 0.002 0.126 0.233 0.596 
172 QAc-G-0145    (0)   :  0.004 0.004 0.003 0.003 0.003 0.005 0.002 0.964 0.002 0.003 0.003 0.003 
173 QAc-G-0146    (0)   :  0.003 0.003 0.003 0.004 0.002 0.003 0.004 0.003 0.969 0.003 0.003 0.002 
174 QAc-G-0147    (0)   :  0.066 0.026 0.162 0.011 0.003 0.025 0.009 0.007 0.233 0.316 0.123 0.018 
175 QAc-G-0148    (0)   :  0.013 0.011 0.005 0.006 0.003 0.008 0.004 0.003 0.007 0.924 0.008 0.009 
176 QAc-G-0149    (0)   :  0.004 0.005 0.003 0.004 0.002 0.003 0.002 0.004 0.964 0.003 0.003 0.003 
177 QAc-G-0150    (0)   :  0.002 0.003 0.003 0.003 0.004 0.004 0.004 0.965 0.003 0.004 0.003 0.002 
178 QAc-G-0151    (0)   :  0.003 0.004 0.003 0.004 0.002 0.003 0.003 0.003 0.966 0.002 0.003 0.003 
179 QAc-G-0152    (0)   :  0.002 0.005 0.003 0.004 0.003 0.002 0.006 0.002 0.965 0.002 0.003 0.002 
180 QAc-G-0153    (0)   :  0.007 0.012 0.017 0.006 0.002 0.058 0.002 0.003 0.870 0.008 0.012 0.006 
181 QAc-G-0154    (0)   :  0.064 0.045 0.004 0.007 0.003 0.014 0.003 0.010 0.824 0.005 0.006 0.016 
182 QAc-G-0155    (0)   :  0.003 0.005 0.003 0.005 0.002 0.003 0.003 0.003 0.967 0.002 0.003 0.002 
183 QAc-G-0158    (0)   :  0.003 0.002 0.003 0.003 0.003 0.003 0.003 0.003 0.970 0.003 0.002 0.003 
184 QAc-G-0159    (0)   :  0.120 0.015 0.014 0.007 0.010 0.004 0.005 0.015 0.018 0.020 0.043 0.729 
185 QAc-G-0160    (0)   :  0.003 0.002 0.002 0.002 0.002 0.003 0.003 0.975 0.002 0.002 0.002 0.002 
186 QAc-G-0161    (0)   :  0.003 0.003 0.002 0.002 0.003 0.003 0.002 0.974 0.002 0.002 0.002 0.002 
187 QAc-G-0162    (0)   :  0.005 0.295 0.007 0.033 0.008 0.530 0.006 0.063 0.005 0.022 0.022 0.004 
188 QAc-G-0163    (0)   :  0.005 0.028 0.005 0.059 0.002 0.016 0.002 0.812 0.002 0.029 0.020 0.019 
189 QAc-G-0164    (0)   :  0.004 0.004 0.060 0.005 0.004 0.003 0.013 0.883 0.002 0.004 0.013 0.003 
190 QAc-G-0165    (0)   :  0.005 0.005 0.005 0.005 0.002 0.007 0.003 0.950 0.007 0.003 0.004 0.004 
191 QAc-G-0166    (0)   :  0.003 0.004 0.003 0.005 0.003 0.003 0.003 0.966 0.002 0.002 0.003 0.003 
192 QAc-G-0167    (0)   :  0.003 0.004 0.004 0.004 0.004 0.003 0.003 0.962 0.004 0.004 0.003 0.002 
193 QAc-G-0168    (0)   :  0.003 0.002 0.002 0.003 0.004 0.003 0.003 0.971 0.002 0.002 0.002 0.002 
194 QAc-G-0169    (6)   :  0.004 0.003 0.011 0.016 0.005 0.108 0.004 0.222 0.004 0.069 0.353 0.202 
195 QAc-G-0170    (0)   :  0.003 0.005 0.004 0.004 0.004 0.005 0.003 0.955 0.005 0.004 0.004 0.003 
196 QAc-G-0171    (0)   :  0.003 0.003 0.003 0.003 0.004 0.005 0.003 0.965 0.002 0.003 0.003 0.002 
197 QAc-G-0172    (0)   :  0.017 0.005 0.012 0.026 0.008 0.017 0.008 0.018 0.015 0.023 0.053 0.801 
198 QAc-G-0173    (0)   :  0.003 0.003 0.002 0.002 0.009 0.501 0.004 0.465 0.002 0.003 0.003 0.003 
199 QAc-G-0174    (0)   :  0.007 0.006 0.004 0.005 0.005 0.932 0.004 0.023 0.003 0.005 0.004 0.003 
200 QAc-G-0175    (0)   :  0.003 0.003 0.003 0.003 0.003 0.005 0.003 0.967 0.002 0.003 0.003 0.002 
201 QAc-G-0176    (0)   :  0.003 0.138 0.004 0.021 0.003 0.005 0.008 0.791 0.003 0.006 0.012 0.005 
202 QAc-G-0177    (0)   :  0.002 0.003 0.003 0.003 0.003 0.009 0.004 0.961 0.003 0.003 0.003 0.002 
203 QAc-G-0178    (0)   :  0.005 0.003 0.235 0.004 0.006 0.012 0.014 0.682 0.014 0.007 0.016 0.003 
204 QAc-G-0179    (6)   :  0.003 0.003 0.002 0.003 0.003 0.007 0.003 0.966 0.002 0.003 0.002 0.002 
205 QAc-G-0180    (0)   :  0.003 0.003 0.003 0.003 0.002 0.003 0.002 0.972 0.002 0.002 0.002 0.002 
206 QAc-G-0181    (0)   :  0.003 0.004 0.006 0.020 0.002 0.004 0.002 0.945 0.003 0.003 0.003 0.003 
207 QAc-G-0182    (0)   :  0.008 0.004 0.004 0.005 0.002 0.523 0.003 0.424 0.005 0.009 0.008 0.005 
208 QAc-G-0183    (6)   :  0.004 0.003 0.003 0.004 0.003 0.012 0.007 0.931 0.003 0.010 0.012 0.008 
209 QAc-G-0184    (0)   :  0.004 0.003 0.003 0.003 0.002 0.004 0.003 0.968 0.003 0.003 0.003 0.003 
210 QAc-G-0185    (0)   :  0.015 0.010 0.108 0.009 0.004 0.060 0.007 0.725 0.029 0.009 0.017 0.008 
211 QAc-G-0186    (0)   :  0.003 0.006 0.005 0.016 0.002 0.005 0.002 0.948 0.002 0.003 0.004 0.004 
212 QAc-G-0187    (0)   :  0.004 0.012 0.108 0.014 0.027 0.005 0.020 0.757 0.004 0.020 0.024 0.004 
213 QAc-G-0188    (0)   :  0.010 0.012 0.005 0.026 0.002 0.011 0.004 0.246 0.005 0.032 0.130 0.518 
214 QAc-G-0189    (0)   :  0.003 0.003 0.006 0.003 0.012 0.036 0.012 0.910 0.002 0.005 0.005 0.004 
215 QAc-G-0190    (0)   :  0.002 0.004 0.004 0.004 0.004 0.004 0.003 0.962 0.003 0.004 0.003 0.003 
216 QAc-G-0191    (0)   :  0.003 0.004 0.003 0.004 0.004 0.005 0.003 0.961 0.004 0.004 0.003 0.002 
217 QAc-G-0192    (0)   :  0.003 0.002 0.002 0.002 0.003 0.003 0.003 0.972 0.002 0.002 0.002 0.002 
218 QAc-G-0193    (0)   :  0.004 0.004 0.004 0.004 0.002 0.003 0.003 0.964 0.004 0.003 0.003 0.003 
219 QAc-G-0194    (0)   :  0.003 0.005 0.005 0.005 0.003 0.004 0.005 0.954 0.003 0.005 0.004 0.003 
220 QAc-G-0195    (0)   :  0.004 0.007 0.004 0.009 0.026 0.873 0.011 0.053 0.002 0.003 0.006 0.004 
221 QAc-G-0196    (0)   :  0.003 0.004 0.003 0.005 0.010 0.324 0.004 0.636 0.002 0.004 0.004 0.002 
222 QAc-G-0197    (0)   :  0.003 0.003 0.002 0.002 0.003 0.003 0.003 0.972 0.002 0.002 0.002 0.002 
223 QAc-G-0198    (0)   :  0.003 0.004 0.003 0.004 0.003 0.005 0.003 0.965 0.003 0.003 0.003 0.002 
224 QAc-G-0199    (0)   :  0.006 0.020 0.102 0.006 0.002 0.125 0.010 0.682 0.019 0.007 0.015 0.005 
225 QAc-G-0200    (0)   :  0.004 0.009 0.005 0.006 0.003 0.005 0.003 0.951 0.002 0.005 0.004 0.003 
226 QAc-G-0201    (0)   :  0.003 0.003 0.003 0.004 0.004 0.515 0.003 0.443 0.002 0.006 0.011 0.002 
227 QAc-G-0202    (6)   :  0.006 0.004 0.003 0.003 0.011 0.425 0.010 0.522 0.003 0.005 0.004 0.004 
228 QAc-G-0203    (0)   :  0.004 0.004 0.002 0.004 0.005 0.003 0.012 0.943 0.002 0.005 0.009 0.006 
229 QAc-G-0204    (0)   :  0.003 0.005 0.003 0.004 0.006 0.005 0.003 0.957 0.003 0.005 0.003 0.003 
230 QAc-G-0205    (0)   :  0.002 0.002 0.002 0.002 0.975 0.002 0.004 0.003 0.002 0.002 0.002 0.002 
231 QAc-G-0206    (0)   :  0.007 0.022 0.005 0.020 0.561 0.004 0.036 0.003 0.004 0.058 0.161 0.120 
232 QAc-G-0207    (0)   :  0.005 0.004 0.005 0.005 0.008 0.004 0.946 0.006 0.004 0.004 0.004 0.003 
233 QAc-G-0208    (0)   :  0.002 0.002 0.003 0.003 0.968 0.003 0.006 0.003 0.003 0.003 0.003 0.003 
234 QAc-G-0209    (0)   :  0.003 0.002 0.004 0.003 0.965 0.004 0.006 0.004 0.002 0.003 0.003 0.002 
235 QAc-G-0210    (0)   :  0.004 0.003 0.004 0.003 0.155 0.002 0.814 0.003 0.002 0.003 0.004 0.004 
236 QAc-G-0211    (0)   :  0.003 0.002 0.003 0.002 0.005 0.002 0.968 0.002 0.003 0.003 0.003 0.002 
237 QAc-G-0212    (0)   :  0.002 0.004 0.003 0.003 0.286 0.003 0.683 0.005 0.003 0.003 0.003 0.002 
238 QAc-G-0213    (0)   :  0.003 0.005 0.004 0.006 0.017 0.003 0.946 0.004 0.003 0.003 0.003 0.002 
239 QAc-G-0214    (0)   :  0.002 0.003 0.002 0.002 0.973 0.003 0.004 0.003 0.002 0.002 0.002 0.002 
240 QAc-G-0215    (0)   :  0.002 0.003 0.003 0.003 0.012 0.003 0.958 0.003 0.002 0.003 0.003 0.003 
241 QAc-G-0216    (0)   :  0.016 0.009 0.005 0.023 0.128 0.246 0.054 0.017 0.003 0.090 0.199 0.211 
242 QAc-G-0217    (0)   :  0.004 0.004 0.005 0.005 0.021 0.007 0.918 0.003 0.016 0.006 0.006 0.006 
243 QAc-G-0218    (0)   :  0.002 0.004 0.005 0.006 0.006 0.003 0.956 0.004 0.004 0.003 0.004 0.002 
244 QAc-G-0219    (0)   :  0.008 0.015 0.004 0.006 0.004 0.005 0.911 0.007 0.008 0.005 0.011 0.015 
245 QAc-G-0220    (0)   :  0.004 0.004 0.005 0.004 0.007 0.002 0.922 0.003 0.004 0.016 0.027 0.003 
246 QAc-G-0221    (0)   :  0.005 0.008 0.020 0.008 0.011 0.012 0.909 0.004 0.006 0.006 0.006 0.004 
247 QAc-G-0222    (0)   :  0.003 0.003 0.003 0.004 0.965 0.003 0.006 0.003 0.002 0.003 0.003 0.002 
248 QAc-G-0223    (0)   :  0.003 0.004 0.005 0.005 0.027 0.003 0.936 0.003 0.004 0.003 0.004 0.004 
249 QAc-G-0224    (0)   :  0.002 0.002 0.004 0.003 0.009 0.003 0.956 0.006 0.002 0.006 0.004 0.003 
250 QAc-G-0226    (0)   :  0.003 0.003 0.003 0.003 0.966 0.003 0.006 0.003 0.003 0.002 0.003 0.003 
251 QAc-G-0227    (0)   :  0.007 0.937 0.004 0.008 0.004 0.005 0.004 0.005 0.012 0.004 0.006 0.004 
252 QAc-G-0228    (6)   :  0.003 0.959 0.004 0.005 0.004 0.004 0.005 0.003 0.003 0.003 0.004 0.004 
253 QAc-G-0229    (0)   :  0.011 0.876 0.016 0.028 0.011 0.009 0.005 0.005 0.004 0.008 0.016 0.009 
254 QAc-G-0230    (0)   :  0.008 0.162 0.006 0.740 0.032 0.007 0.010 0.007 0.003 0.006 0.009 0.011 
255 QAc-G-0231    (0)   :  0.005 0.003 0.003 0.003 0.013 0.003 0.955 0.005 0.003 0.003 0.003 0.003 
256 QAc-G-0232    (0)   :  0.004 0.930 0.010 0.020 0.002 0.002 0.004 0.003 0.008 0.006 0.007 0.004 
257 QAc-G-0233    (0)   :  0.004 0.024 0.149 0.569 0.008 0.004 0.043 0.004 0.006 0.009 0.177 0.003 
258 QAc-G-0234    (0)   :  0.008 0.809 0.016 0.094 0.008 0.024 0.004 0.012 0.005 0.007 0.009 0.004 
259 QAc-G-0235    (0)   :  0.027 0.005 0.007 0.007 0.008 0.024 0.005 0.004 0.003 0.010 0.015 0.885 
260 QAc-G-0236    (0)   :  0.005 0.950 0.004 0.006 0.005 0.005 0.004 0.005 0.006 0.003 0.004 0.003 
261 QAc-G-0237    (0)   :  0.020 0.812 0.011 0.051 0.016 0.006 0.019 0.013 0.021 0.012 0.012 0.007 
262 QAc-G-0238    (0)   :  0.004 0.946 0.004 0.013 0.004 0.004 0.008 0.005 0.003 0.003 0.004 0.003 
263 QAc-G-0239    (0)   :  0.003 0.958 0.005 0.006 0.003 0.003 0.004 0.004 0.003 0.003 0.004 0.004 
264 QAc-G-0240    (0)   :  0.004 0.955 0.005 0.007 0.002 0.003 0.002 0.003 0.006 0.004 0.004 0.005 
265 QAc-G-0241    (0)   :  0.008 0.546 0.021 0.200 0.008 0.030 0.009 0.007 0.006 0.037 0.091 0.037 
266 QAc-G-0242    (0)   :  0.004 0.066 0.010 0.864 0.006 0.003 0.011 0.003 0.010 0.008 0.011 0.003 
267 QAc-G-0243    (0)   :  0.009 0.163 0.117 0.474 0.006 0.008 0.035 0.004 0.053 0.021 0.103 0.007 
268 QAc-G-0244    (0)   :  0.009 0.912 0.005 0.008 0.007 0.006 0.008 0.005 0.004 0.007 0.018 0.011 
269 QAc-G-0245    (0)   :  0.007 0.915 0.005 0.022 0.004 0.006 0.004 0.005 0.018 0.005 0.005 0.004 
270 QAc-G-0246    (0)   :  0.004 0.955 0.004 0.005 0.003 0.003 0.005 0.006 0.004 0.004 0.005 0.004 
271 QAc-G-0247    (0)   :  0.002 0.967 0.004 0.004 0.003 0.002 0.003 0.002 0.003 0.003 0.003 0.003 
272 QAc-G-0248    (0)   :  0.004 0.337 0.004 0.621 0.003 0.003 0.003 0.003 0.004 0.005 0.006 0.007 
273 QAc-G-0249    (0)   :  0.004 0.006 0.874 0.025 0.013 0.007 0.005 0.013 0.002 0.008 0.030 0.014 
274 QAc-G-0025    (0)   :  0.002 0.003 0.002 0.003 0.972 0.002 0.004 0.003 0.002 0.002 0.002 0.002 
275 QAc-G-0028    (0)   :  0.007 0.377 0.071 0.456 0.013 0.004 0.023 0.008 0.004 0.005 0.029 0.003 
276 QAc-G-0275    (0)   :  0.004 0.005 0.003 0.004 0.009 0.005 0.945 0.013 0.002 0.003 0.004 0.003 
277 QAc-G-0263    (0)   :  0.006 0.004 0.103 0.006 0.008 0.446 0.022 0.013 0.005 0.122 0.252 0.014 
278 QAc-W-0001    (0)   :  0.007 0.007 0.004 0.941 0.003 0.003 0.003 0.002 0.014 0.003 0.006 0.006 
279 QAc-W-0002    (0)   :  0.033 0.808 0.018 0.046 0.003 0.006 0.004 0.021 0.002 0.014 0.020 0.023 
280 QAc-W-0003    (0)   :  0.010 0.008 0.005 0.847 0.008 0.028 0.043 0.006 0.007 0.013 0.011 0.014 
281 QAc-W-0004    (0)   :  0.004 0.006 0.004 0.954 0.007 0.003 0.005 0.005 0.004 0.003 0.003 0.003 
282 QAc-W-0005    (0)   :  0.004 0.004 0.005 0.955 0.004 0.006 0.003 0.004 0.005 0.003 0.004 0.004 
283 QAc-W-0006    (0)   :  0.008 0.006 0.006 0.947 0.004 0.003 0.004 0.004 0.005 0.004 0.004 0.005 
284 QAc-W-0007   (13)   :  0.005 0.009 0.006 0.951 0.003 0.004 0.004 0.003 0.005 0.003 0.004 0.003 
285 QAc-W-0008    (6)   :  0.004 0.007 0.017 0.931 0.002 0.003 0.003 0.004 0.003 0.009 0.014 0.005 
286 QAc-W-0009    (0)   :  0.089 0.664 0.015 0.032 0.003 0.003 0.008 0.010 0.007 0.021 0.072 0.076 
287 QAc-W-0010    (0)   :  0.013 0.006 0.033 0.872 0.003 0.020 0.004 0.004 0.008 0.016 0.015 0.006 
288 QAc-W-0011    (0)   :  0.022 0.089 0.007 0.723 0.005 0.013 0.010 0.040 0.011 0.015 0.045 0.021 
289 QAc-W-0012    (0)   :  0.006 0.050 0.009 0.856 0.006 0.006 0.005 0.026 0.007 0.010 0.013 0.007 
290 QAc-W-0013    (0)   :  0.428 0.330 0.006 0.042 0.060 0.004 0.085 0.010 0.004 0.005 0.014 0.011 
291 QAc-W-0014    (0)   :  0.005 0.009 0.016 0.933 0.005 0.009 0.003 0.003 0.004 0.004 0.006 0.003 
292 QAc-W-0015    (0)   :  0.083 0.577 0.033 0.050 0.019 0.130 0.050 0.016 0.004 0.007 0.017 0.014 
293 QAc-W-0016    (0)   :  0.003 0.004 0.021 0.849 0.014 0.013 0.007 0.006 0.003 0.043 0.025 0.012 
294 QAc-W-0017    (0)   :  0.039 0.107 0.143 0.133 0.005 0.109 0.059 0.014 0.011 0.014 0.328 0.038 
295 QAc-W-0018    (0)   :  0.026 0.022 0.014 0.696 0.011 0.003 0.030 0.003 0.008 0.088 0.081 0.018 
296 QAc-W-0019    (0)   :  0.006 0.008 0.011 0.926 0.008 0.004 0.005 0.005 0.005 0.004 0.006 0.011 
297 QAc-W-0020    (0)   :  0.005 0.004 0.003 0.918 0.003 0.003 0.002 0.003 0.038 0.005 0.010 0.006 
298 QAc-W-0021    (0)   :  0.013 0.009 0.027 0.627 0.121 0.004 0.025 0.010 0.016 0.021 0.089 0.037 
299 QAc-W-0022    (0)   :  0.026 0.109 0.118 0.279 0.018 0.074 0.015 0.008 0.007 0.014 0.315 0.018 
300 QAc-W-0023    (6)   :  0.147 0.087 0.064 0.426 0.015 0.007 0.012 0.003 0.066 0.012 0.117 0.045 
301 QAc-W-0024    (0)   :  0.007 0.005 0.016 0.763 0.061 0.005 0.054 0.029 0.006 0.007 0.036 0.010 
302 QAc-W-0025    (0)   :  0.004 0.259 0.008 0.679 0.004 0.003 0.009 0.005 0.004 0.006 0.013 0.005 
303 QAc-W-0026    (0)   :  0.009 0.009 0.031 0.776 0.016 0.021 0.016 0.047 0.024 0.009 0.037 0.008 
304 QAc-W-0027    (0)   :  0.014 0.223 0.015 0.695 0.003 0.004 0.005 0.009 0.003 0.009 0.011 0.009 
305 QAc-W-0028    (0)   :  0.018 0.038 0.005 0.898 0.003 0.007 0.003 0.007 0.004 0.004 0.007 0.007 
306 QAc-W-0029    (0)   :  0.030 0.084 0.005 0.826 0.004 0.003 0.006 0.003 0.007 0.011 0.015 0.006 
307 QAc-W-0030    (0)   :  0.006 0.692 0.004 0.224 0.004 0.007 0.004 0.010 0.009 0.022 0.012 0.005 
308 QAc-W-0031    (0)   :  0.011 0.014 0.004 0.878 0.043 0.003 0.023 0.004 0.003 0.003 0.008 0.005 
309 QAc-W-0032    (0)   :  0.003 0.010 0.004 0.952 0.003 0.002 0.003 0.002 0.012 0.003 0.004 0.002 
310 QAc-W-0033    (0)   :  0.014 0.013 0.025 0.828 0.005 0.007 0.009 0.005 0.012 0.020 0.060 0.003 
311 QAc-W-0034    (0)   :  0.020 0.070 0.008 0.855 0.004 0.003 0.003 0.004 0.004 0.007 0.006 0.015 
312 QAc-W-0035    (0)   :  0.005 0.435 0.058 0.320 0.010 0.019 0.019 0.019 0.004 0.069 0.037 0.006 
313 QAc-W-0036    (0)   :  0.019 0.028 0.009 0.879 0.003 0.005 0.003 0.004 0.032 0.005 0.006 0.008 
314 QAc-W-0037    (0)   :  0.008 0.758 0.007 0.094 0.021 0.005 0.016 0.045 0.017 0.012 0.012 0.005 
315 QAc-W-0038    (0)   :  0.007 0.092 0.008 0.784 0.005 0.028 0.005 0.013 0.012 0.011 0.026 0.010 
316 QAc-W-0039    (0)   :  0.018 0.023 0.006 0.878 0.004 0.013 0.008 0.026 0.009 0.004 0.006 0.005 
317 QAc-W-0040    (0)   :  0.004 0.005 0.170 0.742 0.003 0.007 0.012 0.006 0.018 0.006 0.021 0.005 
318 QAc-W-0041    (0)   :  0.076 0.117 0.012 0.538 0.008 0.004 0.145 0.020 0.004 0.027 0.032 0.019 
319 QAc-W-0042    (0)   :  0.920 0.006 0.005 0.006 0.002 0.004 0.005 0.006 0.029 0.006 0.005 0.005 
320 QAc-W-0043    (0)   :  0.945 0.006 0.003 0.003 0.002 0.009 0.004 0.006 0.004 0.005 0.004 0.009 
321 QAc-W-0044    (0)   :  0.789 0.013 0.030 0.013 0.003 0.055 0.004 0.012 0.060 0.006 0.009 0.006 
322 QAc-W-0045    (0)   :  0.864 0.012 0.004 0.005 0.003 0.003 0.005 0.004 0.011 0.072 0.008 0.009 
323 QAc-W-0046    (0)   :  0.943 0.008 0.005 0.005 0.004 0.003 0.006 0.006 0.008 0.004 0.005 0.004 
324 QAc-W-0047    (0)   :  0.909 0.008 0.007 0.005 0.004 0.033 0.002 0.005 0.007 0.004 0.005 0.010 
325 QAc-W-0048    (0)   :  0.899 0.004 0.003 0.012 0.006 0.003 0.003 0.003 0.019 0.009 0.011 0.027 
326 QAc-W-0049    (0)   :  0.861 0.004 0.004 0.005 0.006 0.003 0.003 0.003 0.059 0.005 0.007 0.039 
327 QAc-W-0050    (0)   :  0.048 0.009 0.010 0.005 0.007 0.004 0.003 0.004 0.005 0.832 0.012 0.062 
328 QAc-W-0051    (0)   :  0.013 0.005 0.004 0.007 0.004 0.010 0.004 0.005 0.016 0.920 0.005 0.005 
329 QAc-W-0052    (0)   :  0.005 0.005 0.003 0.004 0.002 0.003 0.002 0.004 0.963 0.003 0.003 0.003 
330 QAc-W-0053    (0)   :  0.708 0.007 0.008 0.008 0.004 0.004 0.003 0.003 0.006 0.016 0.008 0.224 
331 QAc-W-0054    (0)   :  0.102 0.009 0.055 0.008 0.005 0.073 0.007 0.091 0.021 0.576 0.050 0.004 
332 QAc-W-0055    (0)   :  0.022 0.004 0.011 0.005 0.031 0.025 0.009 0.241 0.004 0.636 0.008 0.003 
333 QAc-W-0056    (0)   :  0.006 0.047 0.011 0.062 0.008 0.010 0.009 0.005 0.010 0.768 0.060 0.005 
334 QAc-W-0057    (0)   :  0.017 0.009 0.009 0.007 0.035 0.116 0.011 0.004 0.007 0.731 0.027 0.028 
335 QAc-W-0058    (0)   :  0.046 0.005 0.003 0.005 0.110 0.007 0.016 0.007 0.011 0.738 0.019 0.031 
336 QAc-W-0059    (0)   :  0.111 0.003 0.003 0.004 0.003 0.004 0.002 0.003 0.004 0.003 0.003 0.856 
337 QAc-W-0060    (0)   :  0.005 0.045 0.007 0.004 0.002 0.851 0.003 0.012 0.045 0.009 0.008 0.007 
338 QAc-W-0061    (0)   :  0.024 0.011 0.031 0.020 0.016 0.751 0.009 0.059 0.004 0.014 0.023 0.038 
339 QAc-W-0062    (0)   :  0.003 0.004 0.008 0.003 0.003 0.935 0.010 0.007 0.015 0.005 0.004 0.003 
340 QAc-W-0063    (0)   :  0.005 0.008 0.014 0.013 0.006 0.893 0.011 0.009 0.015 0.011 0.011 0.004 
341 QAc-W-0064    (0)   :  0.004 0.009 0.008 0.010 0.004 0.912 0.008 0.016 0.005 0.011 0.010 0.003 
342 QAc-W-0065    (0)   :  0.009 0.012 0.025 0.009 0.009 0.782 0.005 0.005 0.005 0.109 0.023 0.009 
343 QAc-W-0066    (0)   :  0.003 0.003 0.002 0.003 0.004 0.003 0.003 0.970 0.002 0.002 0.002 0.002 
344 QAc-W-0067    (0)   :  0.003 0.002 0.003 0.002 0.003 0.003 0.003 0.972 0.003 0.002 0.002 0.002 
345 QAc-W-0068    (0)   :  0.002 0.003 0.003 0.003 0.003 0.006 0.003 0.969 0.002 0.002 0.002 0.002 
346 QAc-W-0069    (0)   :  0.002 0.004 0.003 0.003 0.004 0.005 0.003 0.967 0.002 0.002 0.003 0.002 
347 QAc-W-0070    (0)   :  0.003 0.003 0.002 0.002 0.003 0.401 0.003 0.573 0.002 0.003 0.003 0.002 
348 QAc-W-0071    (6)   :  0.006 0.006 0.004 0.005 0.012 0.691 0.006 0.252 0.004 0.004 0.006 0.004 
349 QAc-W-0072    (0)   :  0.005 0.005 0.120 0.028 0.005 0.779 0.008 0.004 0.004 0.025 0.013 0.003 
350 QAc-W-0073    (0)   :  0.020 0.008 0.006 0.008 0.005 0.863 0.005 0.003 0.006 0.013 0.011 0.051 
351 QAc-W-0074    (0)   :  0.003 0.004 0.004 0.004 0.004 0.964 0.003 0.004 0.003 0.003 0.003 0.003 
352 QAc-W-0075    (0)   :  0.003 0.003 0.003 0.003 0.006 0.953 0.004 0.014 0.002 0.003 0.003 0.002 
353 QAc-W-0076    (0)   :  0.004 0.003 0.026 0.004 0.011 0.928 0.004 0.004 0.002 0.005 0.005 0.004 
354 QAc-W-0077    (0)   :  0.037 0.006 0.005 0.006 0.002 0.752 0.005 0.152 0.004 0.021 0.005 0.004 
355 QAc-W-0078    (0)   :  0.010 0.024 0.092 0.109 0.148 0.007 0.311 0.066 0.011 0.021 0.196 0.006 
356 QAc-W-0079    (6)   :  0.007 0.009 0.008 0.009 0.916 0.007 0.004 0.019 0.005 0.006 0.005 0.006 
357 QAc-W-0080   (13)   :  0.003 0.004 0.004 0.037 0.921 0.002 0.004 0.003 0.002 0.004 0.007 0.009 
358 QAc-W-0081    (0)   :  0.004 0.004 0.003 0.005 0.020 0.004 0.941 0.003 0.005 0.003 0.004 0.003 
359 QAc-W-0082    (0)   :  0.003 0.004 0.004 0.004 0.005 0.004 0.501 0.002 0.002 0.463 0.004 0.005 
360 QAc-W-0083    (0)   :  0.007 0.010 0.015 0.012 0.012 0.030 0.872 0.010 0.011 0.010 0.007 0.006 
361 QAc-W-0084    (0)   :  0.003 0.003 0.003 0.005 0.007 0.003 0.961 0.003 0.004 0.003 0.003 0.002 
