

----------------------------------------------------
STRUCTURE by Pritchard, Stephens and Donnelly (2000)
     and Falush, Stephens and Pritchard (2003)
       Code by Pritchard, Falush and Hubisz
             Version 2.3.4 (Jul 2012)
----------------------------------------------------



Command line arguments:   bin\structure -m C:\Users\eschumacher\Documents\GitHub\GCC_QUAC_ZAIN\Data_Files\Structure_Files\QUAC\QUAC_woK_nopopinfo_garden_wild\QUAC_woK_nopopinfo_garden_wild\50-50\mainparams -e C:\Users\eschumacher\Documents\GitHub\GCC_QUAC_ZAIN\Data_Files\Structure_Files\QUAC\QUAC_woK_nopopinfo_garden_wild\QUAC_woK_nopopinfo_garden_wild\50-50\extraparams 
Input File:    C:\Users\eschumacher\Documents\GitHub\GCC_QUAC_ZAIN\Data_Files\Structure_Files\QUAC\QUAC_woK_nopopinfo_garden_wild\QUAC_woK_nopopinfo_garden_wild\project_data

Run parameters:
   441 individuals
   15 loci
   12 populations assumed
   50000 Burn-in period
   50000 Reps


--------------------------------------------
Overall proportion of membership of the
sample in each of the 12 clusters

Inferred Clusters
  1      2      3      4      5      6      7      8      9     10     11     12    
0.043  0.043  0.121  0.129  0.075  0.051  0.076  0.069  0.062  0.076  0.114  0.141  

--------------------------------------------

Allele-freq. divergence among pops (Net nucleotide distance),
computed using point estimates of P.

      1       2       3       4       5       6       7       8       9      10      11      12      
 1      -    0.0191  0.0871  0.0521  0.0733  0.0614  0.0665  0.1000  0.0895  0.1301  0.0406  0.1247  
 2   0.0191     -    0.0660  0.0337  0.0403  0.0340  0.0577  0.0843  0.0628  0.1186  0.0329  0.0959  
 3   0.0871  0.0660     -    0.1030  0.1316  0.1148  0.1302  0.1593  0.1191  0.0821  0.0992  0.1425  
 4   0.0521  0.0337  0.1030     -    0.0774  0.0606  0.0567  0.0976  0.0935  0.1513  0.0603  0.1056  
 5   0.0733  0.0403  0.1316  0.0774     -    0.0462  0.1147  0.1193  0.1004  0.1728  0.0802  0.1441  
 6   0.0614  0.0340  0.1148  0.0606  0.0462     -    0.1043  0.0885  0.0846  0.1722  0.0616  0.1102  
 7   0.0665  0.0577  0.1302  0.0567  0.1147  0.1043     -    0.1395  0.1384  0.1753  0.0968  0.1563  
 8   0.1000  0.0843  0.1593  0.0976  0.1193  0.0885  0.1395     -    0.1449  0.2246  0.1055  0.1697  
 9   0.0895  0.0628  0.1191  0.0935  0.1004  0.0846  0.1384  0.1449     -    0.1431  0.0884  0.0953  
10   0.1301  0.1186  0.0821  0.1513  0.1728  0.1722  0.1753  0.2246  0.1431     -    0.1645  0.1923  
11   0.0406  0.0329  0.0992  0.0603  0.0802  0.0616  0.0968  0.1055  0.0884  0.1645     -    0.1318  
12   0.1247  0.0959  0.1425  0.1056  0.1441  0.1102  0.1563  0.1697  0.0953  0.1923  0.1318     -    

Average distances (expected heterozygosity) between individuals in same cluster:
cluster  1  : 0.6213 
cluster  2  : 0.6964 
cluster  3  : 0.5004 
cluster  4  : 0.5388 
cluster  5  : 0.6048 
cluster  6  : 0.5978 
cluster  7  : 0.5336 
cluster  8  : 0.4631 
cluster  9  : 0.5060 
cluster 10  : 0.3926 
cluster 11  : 0.5460 
cluster 12  : 0.3984 

--------------------------------------------
Estimated Ln Prob of Data   = -15167.4
Mean value of ln likelihood = -14586.0
Variance of ln likelihood   = 1162.8
Mean value of alpha         = 0.0328

Mean value of Fst_1         = 0.1002
Mean value of Fst_2         = 0.0045
Mean value of Fst_3         = 0.2581
Mean value of Fst_4         = 0.2008
Mean value of Fst_5         = 0.1181
Mean value of Fst_6         = 0.1598
Mean value of Fst_7         = 0.2138
Mean value of Fst_8         = 0.4180
Mean value of Fst_9         = 0.2760
Mean value of Fst_10         = 0.5562
Mean value of Fst_11         = 0.1561
Mean value of Fst_12         = 0.4996


Inferred ancestry of individuals:
        Label (%Miss) :  Inferred clusters
  1 QAc-G-0029    (0)   :  0.029 0.051 0.149 0.008 0.004 0.004 0.065 0.007 0.008 0.635 0.015 0.025 
  2 QAc-G-0030    (0)   :  0.002 0.002 0.003 0.002 0.002 0.002 0.002 0.002 0.003 0.975 0.002 0.002 
  3 QAc-G-0031    (0)   :  0.003 0.003 0.006 0.002 0.002 0.002 0.002 0.002 0.004 0.968 0.003 0.004 
  4 QAc-G-0061    (0)   :  0.005 0.003 0.833 0.004 0.002 0.003 0.006 0.005 0.003 0.128 0.004 0.004 
  5 QAc-G-0062    (0)   :  0.235 0.023 0.006 0.004 0.005 0.008 0.007 0.404 0.232 0.005 0.040 0.031 
  6 QAc-G-0063    (0)   :  0.172 0.045 0.004 0.019 0.005 0.015 0.030 0.009 0.099 0.005 0.018 0.579 
  7 QAc-G-0064    (0)   :  0.002 0.003 0.003 0.004 0.003 0.004 0.004 0.960 0.006 0.003 0.004 0.005 
  8 QAc-G-0065    (0)   :  0.002 0.003 0.003 0.003 0.003 0.004 0.003 0.964 0.002 0.008 0.003 0.002 
  9 QAc-G-0066    (0)   :  0.003 0.003 0.004 0.003 0.002 0.003 0.004 0.002 0.004 0.003 0.003 0.967 
 10 QAc-G-0067    (0)   :  0.003 0.003 0.007 0.003 0.003 0.003 0.002 0.962 0.002 0.005 0.003 0.003 
 11 QAc-G-0068    (0)   :  0.006 0.012 0.004 0.003 0.004 0.423 0.003 0.006 0.004 0.002 0.007 0.526 
 12 QAc-G-0070    (0)   :  0.034 0.018 0.006 0.009 0.008 0.004 0.008 0.009 0.103 0.004 0.275 0.521 
 13 QAc-G-0071   (13)   :  0.005 0.006 0.012 0.004 0.008 0.005 0.004 0.002 0.048 0.018 0.006 0.881 
 14 QAc-G-0072    (0)   :  0.003 0.003 0.003 0.004 0.002 0.003 0.004 0.003 0.003 0.003 0.004 0.964 
 15 QAc-G-0073    (0)   :  0.004 0.005 0.008 0.037 0.003 0.005 0.915 0.003 0.004 0.005 0.004 0.006 
 16 QAc-G-0074    (0)   :  0.011 0.009 0.004 0.841 0.005 0.007 0.015 0.004 0.028 0.004 0.014 0.059 
 17 QAc-G-0075    (0)   :  0.008 0.009 0.005 0.921 0.006 0.005 0.008 0.006 0.005 0.017 0.004 0.007 
 18 QAc-G-0076    (0)   :  0.016 0.071 0.009 0.052 0.003 0.044 0.752 0.007 0.004 0.012 0.015 0.015 
 19 QAc-G-0077    (0)   :  0.004 0.004 0.830 0.005 0.004 0.004 0.008 0.006 0.006 0.118 0.003 0.008 
 20 QAc-G-0078    (0)   :  0.002 0.002 0.003 0.002 0.002 0.002 0.002 0.002 0.002 0.976 0.002 0.002 
 21 QAc-G-0079    (0)   :  0.002 0.002 0.003 0.003 0.003 0.002 0.003 0.002 0.003 0.972 0.002 0.003 
 22 QAc-G-0080    (0)   :  0.008 0.091 0.733 0.058 0.011 0.017 0.033 0.020 0.017 0.003 0.004 0.006 
 23 QAc-G-0081    (0)   :  0.695 0.092 0.006 0.005 0.008 0.005 0.027 0.003 0.049 0.006 0.099 0.004 
 24 QAc-G-0082    (0)   :  0.057 0.802 0.005 0.005 0.019 0.006 0.078 0.003 0.007 0.002 0.013 0.002 
 25 QAc-G-0083    (0)   :  0.008 0.009 0.015 0.032 0.006 0.004 0.027 0.012 0.859 0.009 0.009 0.010 
 26 QAc-G-0001   (13)   :  0.002 0.003 0.006 0.003 0.003 0.002 0.003 0.002 0.003 0.968 0.003 0.004 
 27 QAc-G-0002    (0)   :  0.002 0.002 0.005 0.002 0.002 0.002 0.002 0.002 0.002 0.973 0.002 0.003 
 28 QAc-G-0285    (0)   :  0.005 0.006 0.005 0.004 0.009 0.006 0.006 0.004 0.928 0.005 0.007 0.014 
 29 QAc-G-0286    (0)   :  0.003 0.003 0.003 0.003 0.003 0.003 0.003 0.002 0.005 0.003 0.002 0.968 
 30 QAc-G-0287    (0)   :  0.002 0.002 0.003 0.003 0.002 0.002 0.002 0.002 0.003 0.003 0.002 0.972 
 31 QAc-G-0288    (6)   :  0.026 0.012 0.024 0.013 0.005 0.009 0.007 0.008 0.007 0.020 0.034 0.835 
 32 QAc-G-0289    (0)   :  0.003 0.002 0.004 0.004 0.002 0.003 0.002 0.003 0.003 0.003 0.003 0.968 
 33 QAc-G-0290    (0)   :  0.003 0.003 0.003 0.003 0.002 0.003 0.003 0.006 0.004 0.003 0.003 0.964 
 34 QAc-G-0291    (0)   :  0.004 0.004 0.015 0.003 0.003 0.004 0.009 0.003 0.018 0.034 0.002 0.901 
 35 QAc-G-0292    (0)   :  0.016 0.006 0.004 0.004 0.005 0.010 0.004 0.003 0.716 0.003 0.009 0.220 
 36 QAc-G-0293    (0)   :  0.003 0.002 0.004 0.003 0.003 0.003 0.003 0.002 0.484 0.012 0.002 0.480 
 37 QAc-G-0294    (0)   :  0.048 0.019 0.006 0.039 0.013 0.060 0.781 0.007 0.003 0.010 0.010 0.004 
 38 QAc-G-0295    (0)   :  0.003 0.005 0.006 0.014 0.004 0.003 0.944 0.004 0.004 0.005 0.003 0.006 
 39 QAc-G-0296    (0)   :  0.003 0.004 0.004 0.929 0.003 0.005 0.026 0.011 0.004 0.002 0.004 0.005 
 40 QAc-G-0297    (0)   :  0.008 0.504 0.005 0.404 0.018 0.018 0.025 0.004 0.003 0.002 0.007 0.002 
 41 QAc-G-0298    (6)   :  0.005 0.010 0.015 0.676 0.004 0.005 0.245 0.006 0.011 0.013 0.005 0.004 
 42 QAc-G-0299    (0)   :  0.007 0.007 0.004 0.913 0.006 0.012 0.022 0.004 0.005 0.003 0.004 0.013 
 43 QAc-G-0300    (0)   :  0.013 0.005 0.003 0.882 0.004 0.006 0.047 0.021 0.003 0.002 0.010 0.003 
 44 QAc-G-0301    (0)   :  0.005 0.008 0.006 0.841 0.005 0.004 0.016 0.084 0.007 0.005 0.004 0.015 
 45 QAc-G-0302    (0)   :  0.014 0.019 0.004 0.017 0.892 0.025 0.003 0.004 0.007 0.003 0.005 0.008 
 46 QAc-G-0303    (0)   :  0.010 0.030 0.005 0.003 0.874 0.017 0.014 0.005 0.008 0.003 0.028 0.003 
 47 QAc-G-0304    (0)   :  0.003 0.003 0.003 0.003 0.002 0.003 0.003 0.002 0.006 0.003 0.002 0.967 
 48 QAc-G-0305    (0)   :  0.014 0.030 0.038 0.006 0.028 0.049 0.005 0.003 0.232 0.044 0.048 0.501 
 49 QAc-G-0306    (0)   :  0.003 0.002 0.004 0.002 0.002 0.002 0.002 0.002 0.005 0.003 0.003 0.969 
 50 QAc-G-0307    (0)   :  0.037 0.015 0.805 0.008 0.014 0.006 0.006 0.005 0.018 0.049 0.032 0.005 
 51 QAc-G-0308    (0)   :  0.003 0.005 0.936 0.009 0.005 0.006 0.009 0.002 0.006 0.004 0.006 0.009 
 52 QAc-G-0309    (0)   :  0.005 0.015 0.006 0.004 0.003 0.004 0.003 0.003 0.004 0.946 0.004 0.003 
 53 QAc-G-0310    (0)   :  0.003 0.002 0.004 0.003 0.002 0.003 0.003 0.003 0.003 0.969 0.003 0.003 
 54 QAc-G-0311    (0)   :  0.002 0.002 0.973 0.002 0.002 0.002 0.002 0.002 0.002 0.006 0.002 0.002 
 55 QAc-G-0312    (0)   :  0.015 0.144 0.567 0.071 0.042 0.037 0.039 0.012 0.004 0.006 0.056 0.007 
 56 QAc-G-0313    (0)   :  0.786 0.054 0.005 0.007 0.007 0.005 0.009 0.005 0.072 0.031 0.011 0.008 
 57 QAc-G-0314    (0)   :  0.841 0.046 0.006 0.038 0.018 0.005 0.016 0.005 0.002 0.005 0.016 0.003 
 58 QAc-G-0315    (0)   :  0.838 0.095 0.003 0.009 0.008 0.013 0.006 0.005 0.005 0.003 0.005 0.009 
 59 QAc-G-0316    (0)   :  0.888 0.021 0.017 0.005 0.004 0.003 0.002 0.006 0.004 0.026 0.016 0.006 
 60 QAc-G-0032    (6)   :  0.016 0.097 0.006 0.014 0.083 0.631 0.010 0.113 0.003 0.012 0.009 0.008 
 61 QAc-G-0033    (0)   :  0.004 0.003 0.004 0.950 0.004 0.004 0.009 0.007 0.003 0.005 0.004 0.003 
 62 QAc-G-0034    (0)   :  0.012 0.013 0.035 0.833 0.009 0.008 0.033 0.006 0.004 0.017 0.027 0.004 
 63 QAc-G-0035    (0)   :  0.042 0.017 0.004 0.221 0.005 0.007 0.657 0.015 0.009 0.003 0.009 0.010 
 64 QAc-G-0036    (0)   :  0.005 0.005 0.004 0.945 0.003 0.005 0.006 0.004 0.007 0.004 0.005 0.007 
 65 QAc-G-0037    (0)   :  0.003 0.003 0.006 0.004 0.002 0.003 0.962 0.003 0.003 0.003 0.002 0.007 
 66 QAc-G-0038    (0)   :  0.005 0.005 0.002 0.097 0.004 0.004 0.866 0.003 0.003 0.002 0.008 0.003 
 67 QAc-G-0039    (0)   :  0.521 0.017 0.034 0.032 0.010 0.013 0.327 0.004 0.004 0.014 0.019 0.006 
 68 QAc-G-0040    (0)   :  0.006 0.010 0.005 0.031 0.004 0.013 0.773 0.003 0.017 0.004 0.053 0.079 
 69 QAc-G-0041    (0)   :  0.005 0.005 0.002 0.011 0.003 0.003 0.892 0.048 0.011 0.002 0.014 0.003 
 70 QAc-G-0042    (0)   :  0.004 0.004 0.003 0.941 0.004 0.008 0.017 0.004 0.003 0.002 0.004 0.006 
 71 QAc-G-0043    (0)   :  0.004 0.004 0.008 0.011 0.003 0.004 0.945 0.002 0.004 0.004 0.004 0.009 
 72 QAc-G-0044    (0)   :  0.006 0.009 0.003 0.910 0.011 0.006 0.015 0.019 0.005 0.003 0.005 0.008 
 73 QAc-G-0045    (0)   :  0.006 0.005 0.018 0.889 0.004 0.006 0.041 0.009 0.003 0.007 0.006 0.006 
 74 QAc-G-0046    (0)   :  0.012 0.005 0.005 0.006 0.003 0.004 0.939 0.003 0.003 0.012 0.007 0.002 
 75 QAc-G-0047    (0)   :  0.067 0.012 0.019 0.014 0.013 0.011 0.813 0.005 0.005 0.025 0.009 0.007 
 76 QAc-G-0048    (0)   :  0.017 0.011 0.002 0.043 0.005 0.004 0.888 0.004 0.009 0.002 0.009 0.004 
 77 QAc-G-0049    (0)   :  0.003 0.003 0.006 0.003 0.002 0.002 0.002 0.002 0.003 0.968 0.002 0.004 
 78 QAc-G-0050    (0)   :  0.021 0.840 0.042 0.004 0.032 0.012 0.005 0.004 0.006 0.009 0.011 0.014 
 79 QAc-G-0051    (0)   :  0.002 0.002 0.004 0.002 0.002 0.002 0.002 0.002 0.003 0.973 0.002 0.003 
 80 QAc-G-0052    (0)   :  0.005 0.005 0.939 0.005 0.003 0.004 0.008 0.011 0.003 0.007 0.006 0.003 
 81 QAc-G-0053    (0)   :  0.009 0.006 0.916 0.005 0.002 0.003 0.028 0.004 0.005 0.012 0.003 0.007 
 82 QAc-G-0054    (0)   :  0.042 0.375 0.445 0.005 0.024 0.022 0.040 0.004 0.003 0.003 0.033 0.004 
 83 QAc-G-0055    (0)   :  0.017 0.263 0.574 0.011 0.069 0.025 0.012 0.003 0.004 0.004 0.014 0.004 
 84 QAc-G-0056    (0)   :  0.009 0.829 0.040 0.009 0.009 0.014 0.004 0.007 0.005 0.004 0.058 0.012 
 85 QAc-G-0057    (0)   :  0.003 0.003 0.005 0.003 0.003 0.002 0.003 0.002 0.003 0.970 0.002 0.003 
 86 QAc-G-0058    (6)   :  0.002 0.003 0.004 0.003 0.003 0.002 0.002 0.002 0.003 0.971 0.002 0.003 
 87 QAc-G-0059    (0)   :  0.057 0.389 0.422 0.003 0.008 0.005 0.095 0.003 0.003 0.006 0.006 0.002 
 88 QAc-G-0060    (6)   :  0.011 0.037 0.885 0.005 0.003 0.005 0.007 0.008 0.006 0.012 0.006 0.012 
 89 QAc-G-0276    (0)   :  0.008 0.008 0.012 0.016 0.004 0.004 0.014 0.002 0.635 0.005 0.004 0.288 
 90 QAc-G-0279    (0)   :  0.004 0.003 0.005 0.003 0.002 0.003 0.003 0.002 0.004 0.005 0.003 0.964 
 91 QAc-G-0280    (6)   :  0.005 0.004 0.003 0.008 0.003 0.004 0.005 0.003 0.004 0.003 0.004 0.953 
 92 QAc-G-0281    (0)   :  0.003 0.003 0.964 0.003 0.003 0.003 0.003 0.003 0.003 0.005 0.002 0.006 
 93 QAc-G-0018    (0)   :  0.022 0.016 0.021 0.793 0.011 0.061 0.038 0.005 0.004 0.016 0.007 0.006 
 94 QAc-G-0019    (0)   :  0.006 0.005 0.003 0.911 0.003 0.005 0.012 0.031 0.008 0.003 0.005 0.008 
 95 QAc-G-0020    (0)   :  0.004 0.006 0.003 0.004 0.002 0.003 0.965 0.003 0.002 0.002 0.002 0.002 
 96 QAc-G-0021    (6)   :  0.007 0.005 0.006 0.010 0.003 0.003 0.909 0.036 0.002 0.014 0.002 0.003 
 97 QAc-G-0022    (6)   :  0.041 0.082 0.019 0.138 0.010 0.006 0.517 0.072 0.011 0.012 0.088 0.004 
 98 QAc-G-0023    (0)   :  0.003 0.003 0.346 0.003 0.003 0.003 0.003 0.002 0.004 0.624 0.003 0.003 
 99 QAc-G-0024    (0)   :  0.003 0.003 0.005 0.005 0.003 0.003 0.003 0.003 0.002 0.964 0.003 0.003 
100 QAc-G-0016    (0)   :  0.007 0.240 0.328 0.011 0.096 0.277 0.008 0.004 0.006 0.003 0.011 0.011 
101 QAc-G-0017    (0)   :  0.043 0.019 0.003 0.006 0.659 0.014 0.011 0.226 0.006 0.003 0.006 0.005 
102 QAc-G-0250    (0)   :  0.200 0.215 0.006 0.007 0.034 0.047 0.042 0.006 0.278 0.008 0.012 0.146 
103 QAc-G-0003    (6)   :  0.004 0.003 0.005 0.005 0.003 0.004 0.004 0.003 0.014 0.003 0.005 0.946 
104 QAc-G-0004    (0)   :  0.023 0.023 0.005 0.016 0.810 0.009 0.082 0.007 0.005 0.012 0.004 0.003 
105 QAc-G-0005    (0)   :  0.003 0.002 0.003 0.003 0.003 0.004 0.003 0.968 0.002 0.003 0.003 0.003 
106 QAc-G-0006    (6)   :  0.030 0.023 0.004 0.006 0.895 0.006 0.012 0.002 0.008 0.002 0.008 0.004 
107 QAc-G-0283    (0)   :  0.030 0.498 0.004 0.006 0.046 0.007 0.006 0.004 0.132 0.003 0.262 0.003 
108 QAc-G-0265    (0)   :  0.048 0.214 0.005 0.020 0.011 0.008 0.007 0.004 0.228 0.443 0.008 0.005 
109 QAc-G-0266    (0)   :  0.003 0.002 0.006 0.003 0.002 0.002 0.002 0.002 0.003 0.970 0.002 0.004 
110 QAc-G-0267    (0)   :  0.004 0.008 0.006 0.103 0.004 0.008 0.144 0.089 0.616 0.003 0.010 0.004 
111 QAc-G-0268   (20)   :  0.182 0.195 0.007 0.006 0.017 0.020 0.005 0.009 0.010 0.003 0.004 0.541 
112 QAc-G-0269    (0)   :  0.003 0.003 0.003 0.004 0.002 0.002 0.004 0.003 0.003 0.004 0.002 0.966 
113 QAc-G-0270    (6)   :  0.004 0.004 0.003 0.955 0.003 0.004 0.005 0.007 0.004 0.003 0.004 0.005 
114 QAc-G-0271    (0)   :  0.076 0.209 0.005 0.414 0.013 0.012 0.107 0.141 0.006 0.004 0.008 0.004 
115 QAc-G-0272    (6)   :  0.004 0.005 0.005 0.934 0.005 0.007 0.010 0.003 0.006 0.004 0.004 0.012 
116 QAc-G-0273    (0)   :  0.004 0.004 0.950 0.003 0.003 0.005 0.003 0.004 0.004 0.011 0.004 0.004 
117 QAc-G-0274    (0)   :  0.002 0.002 0.002 0.003 0.002 0.003 0.003 0.973 0.002 0.002 0.003 0.002 
118 QAc-G-0251    (6)   :  0.004 0.005 0.004 0.939 0.010 0.007 0.006 0.009 0.003 0.005 0.005 0.003 
119 QAc-G-0252    (0)   :  0.005 0.013 0.006 0.577 0.020 0.011 0.315 0.008 0.004 0.004 0.030 0.006 
120 QAc-G-0253    (0)   :  0.004 0.005 0.944 0.003 0.003 0.003 0.006 0.002 0.004 0.017 0.003 0.006 
121 QAc-G-0254    (0)   :  0.005 0.009 0.045 0.003 0.004 0.003 0.003 0.003 0.003 0.916 0.003 0.003 
122 QAc-G-0255    (0)   :  0.016 0.012 0.004 0.012 0.913 0.010 0.007 0.006 0.007 0.003 0.006 0.004 
123 QAc-G-0256    (0)   :  0.004 0.004 0.004 0.005 0.330 0.620 0.004 0.006 0.007 0.003 0.004 0.008 
124 QAc-G-0257    (0)   :  0.005 0.030 0.014 0.008 0.740 0.031 0.017 0.098 0.005 0.002 0.044 0.004 
125 QAc-G-0258    (0)   :  0.004 0.008 0.002 0.004 0.956 0.006 0.004 0.006 0.003 0.002 0.003 0.003 
126 QAc-G-0259    (0)   :  0.009 0.954 0.002 0.003 0.007 0.005 0.005 0.002 0.002 0.002 0.007 0.002 
127 QAc-G-0260    (0)   :  0.034 0.604 0.015 0.010 0.009 0.183 0.009 0.042 0.011 0.006 0.038 0.039 
128 QAc-G-0261    (0)   :  0.072 0.318 0.005 0.007 0.039 0.103 0.014 0.427 0.004 0.003 0.006 0.003 
129 QAc-G-0262    (0)   :  0.046 0.534 0.011 0.004 0.063 0.262 0.006 0.027 0.017 0.004 0.014 0.012 
130 QAc-G-0010    (0)   :  0.036 0.009 0.009 0.006 0.003 0.004 0.015 0.004 0.856 0.016 0.006 0.035 
131 QAc-G-0011    (0)   :  0.920 0.005 0.003 0.004 0.003 0.003 0.005 0.006 0.003 0.003 0.042 0.003 
132 QAc-G-0015    (0)   :  0.043 0.066 0.228 0.007 0.115 0.014 0.011 0.007 0.009 0.457 0.041 0.003 
133 QAc-G-0106    (0)   :  0.003 0.018 0.003 0.020 0.885 0.022 0.004 0.032 0.003 0.002 0.006 0.003 
134 QAc-G-0107    (0)   :  0.008 0.014 0.012 0.006 0.103 0.822 0.003 0.003 0.009 0.007 0.005 0.007 
135 QAc-G-0108    (0)   :  0.006 0.006 0.003 0.007 0.632 0.317 0.007 0.006 0.004 0.002 0.005 0.006 
136 QAc-G-0109    (0)   :  0.022 0.076 0.015 0.010 0.749 0.029 0.007 0.038 0.007 0.007 0.035 0.005 
137 QAc-G-0110    (0)   :  0.009 0.025 0.006 0.052 0.781 0.025 0.013 0.002 0.016 0.007 0.012 0.053 
138 QAc-G-0111    (0)   :  0.013 0.012 0.005 0.008 0.867 0.027 0.016 0.005 0.024 0.007 0.008 0.006 
139 QAc-G-0112    (0)   :  0.009 0.021 0.006 0.004 0.879 0.018 0.004 0.003 0.015 0.012 0.004 0.024 
140 QAc-G-0113    (0)   :  0.007 0.036 0.069 0.007 0.457 0.360 0.007 0.025 0.018 0.002 0.007 0.007 
141 QAc-G-0114    (0)   :  0.015 0.018 0.011 0.035 0.849 0.018 0.014 0.003 0.009 0.011 0.005 0.011 
142 QAc-G-0115    (0)   :  0.011 0.015 0.007 0.004 0.910 0.021 0.006 0.006 0.004 0.003 0.005 0.007 
143 QAc-G-0116    (0)   :  0.007 0.007 0.005 0.004 0.922 0.010 0.004 0.007 0.012 0.006 0.005 0.010 
144 QAc-G-0117    (0)   :  0.033 0.046 0.026 0.078 0.029 0.600 0.102 0.037 0.026 0.008 0.011 0.005 
145 QAc-G-0118    (0)   :  0.007 0.008 0.002 0.008 0.916 0.005 0.004 0.023 0.013 0.002 0.010 0.003 
146 QAc-G-0119    (0)   :  0.010 0.011 0.004 0.011 0.913 0.005 0.012 0.019 0.002 0.007 0.003 0.002 
147 QAc-G-0120    (0)   :  0.014 0.049 0.007 0.016 0.875 0.005 0.005 0.005 0.006 0.005 0.008 0.005 
148 QAc-G-0121    (0)   :  0.004 0.004 0.003 0.006 0.005 0.007 0.010 0.942 0.005 0.004 0.003 0.007 
149 QAc-G-0122    (0)   :  0.007 0.004 0.004 0.006 0.006 0.010 0.011 0.900 0.009 0.004 0.004 0.034 
150 QAc-G-0123    (0)   :  0.002 0.002 0.003 0.004 0.002 0.002 0.003 0.973 0.002 0.002 0.002 0.002 
151 QAc-G-0124    (6)   :  0.003 0.003 0.003 0.005 0.003 0.003 0.003 0.964 0.003 0.003 0.004 0.003 
152 QAc-G-0125    (0)   :  0.045 0.213 0.029 0.003 0.037 0.020 0.019 0.486 0.044 0.055 0.039 0.010 
153 QAc-G-0126    (0)   :  0.066 0.519 0.030 0.008 0.096 0.045 0.014 0.194 0.005 0.003 0.013 0.006 
154 QAc-G-0127    (0)   :  0.004 0.007 0.007 0.006 0.006 0.015 0.005 0.925 0.004 0.003 0.013 0.004 
155 QAc-G-0128    (0)   :  0.003 0.003 0.003 0.004 0.003 0.004 0.003 0.965 0.003 0.003 0.003 0.005 
156 QAc-G-0129    (0)   :  0.002 0.002 0.002 0.004 0.003 0.003 0.003 0.973 0.002 0.002 0.002 0.003 
157 QAc-G-0130    (0)   :  0.004 0.007 0.002 0.008 0.028 0.039 0.010 0.871 0.007 0.002 0.017 0.004 
158 QAc-G-0131    (0)   :  0.004 0.004 0.004 0.006 0.004 0.005 0.006 0.951 0.003 0.003 0.004 0.005 
159 QAc-G-0132    (0)   :  0.007 0.020 0.009 0.007 0.099 0.032 0.005 0.755 0.019 0.023 0.007 0.016 
160 QAc-G-0133    (0)   :  0.004 0.005 0.004 0.010 0.003 0.006 0.006 0.945 0.005 0.004 0.003 0.005 
161 QAc-G-0134    (0)   :  0.004 0.004 0.003 0.004 0.005 0.004 0.004 0.955 0.003 0.008 0.003 0.004 
162 QAc-G-0135    (0)   :  0.007 0.007 0.006 0.009 0.936 0.003 0.008 0.003 0.004 0.007 0.004 0.006 
163 QAc-G-0136    (0)   :  0.010 0.010 0.007 0.006 0.798 0.014 0.003 0.005 0.120 0.007 0.014 0.006 
164 QAc-G-0137    (0)   :  0.030 0.012 0.004 0.015 0.747 0.133 0.006 0.037 0.006 0.003 0.005 0.004 
165 QAc-G-0138    (0)   :  0.014 0.008 0.007 0.003 0.890 0.005 0.002 0.005 0.027 0.005 0.031 0.003 
166 QAc-G-0139    (0)   :  0.008 0.008 0.002 0.014 0.863 0.009 0.053 0.028 0.003 0.002 0.006 0.003 
167 QAc-G-0140    (6)   :  0.004 0.006 0.003 0.008 0.030 0.923 0.005 0.007 0.004 0.003 0.004 0.004 
168 QAc-G-0141    (0)   :  0.011 0.039 0.059 0.016 0.013 0.784 0.016 0.010 0.015 0.007 0.023 0.007 
169 QAc-G-0142    (0)   :  0.003 0.004 0.002 0.006 0.961 0.005 0.003 0.003 0.003 0.002 0.004 0.003 
170 QAc-G-0143    (0)   :  0.006 0.954 0.004 0.007 0.004 0.003 0.003 0.003 0.004 0.002 0.004 0.005 
171 QAc-G-0144    (6)   :  0.099 0.278 0.006 0.004 0.564 0.020 0.006 0.002 0.009 0.004 0.004 0.004 
172 QAc-G-0145    (0)   :  0.003 0.003 0.003 0.004 0.003 0.003 0.003 0.002 0.004 0.003 0.003 0.965 
173 QAc-G-0146    (0)   :  0.003 0.003 0.004 0.004 0.002 0.003 0.003 0.968 0.003 0.002 0.003 0.003 
174 QAc-G-0147    (0)   :  0.022 0.124 0.007 0.016 0.022 0.135 0.009 0.260 0.029 0.003 0.365 0.008 
175 QAc-G-0148    (0)   :  0.026 0.022 0.005 0.010 0.008 0.888 0.009 0.006 0.014 0.005 0.004 0.003 
176 QAc-G-0149    (0)   :  0.004 0.003 0.002 0.005 0.003 0.004 0.005 0.962 0.003 0.003 0.003 0.004 
177 QAc-G-0150    (0)   :  0.003 0.003 0.004 0.003 0.002 0.003 0.003 0.003 0.004 0.003 0.003 0.966 
178 QAc-G-0151    (0)   :  0.003 0.003 0.003 0.005 0.003 0.003 0.004 0.966 0.003 0.002 0.003 0.003 
179 QAc-G-0152    (0)   :  0.003 0.003 0.006 0.005 0.002 0.002 0.004 0.964 0.003 0.003 0.003 0.002 
180 QAc-G-0153    (0)   :  0.008 0.009 0.002 0.011 0.006 0.009 0.007 0.868 0.057 0.002 0.019 0.003 
181 QAc-G-0154    (0)   :  0.004 0.006 0.003 0.030 0.018 0.021 0.017 0.864 0.018 0.003 0.004 0.011 
182 QAc-G-0155    (0)   :  0.002 0.003 0.003 0.006 0.002 0.003 0.004 0.966 0.003 0.002 0.003 0.003 
183 QAc-G-0158    (0)   :  0.003 0.002 0.003 0.002 0.002 0.003 0.002 0.971 0.003 0.003 0.003 0.003 
184 QAc-G-0159    (0)   :  0.044 0.035 0.006 0.009 0.770 0.064 0.013 0.019 0.004 0.011 0.010 0.014 
185 QAc-G-0160    (0)   :  0.002 0.002 0.003 0.003 0.002 0.002 0.002 0.002 0.003 0.002 0.002 0.974 
186 QAc-G-0161    (0)   :  0.002 0.002 0.003 0.003 0.002 0.002 0.002 0.002 0.003 0.003 0.002 0.973 
187 QAc-G-0162    (0)   :  0.037 0.031 0.006 0.105 0.006 0.008 0.172 0.005 0.548 0.007 0.008 0.069 
188 QAc-G-0163    (0)   :  0.031 0.020 0.002 0.046 0.013 0.022 0.030 0.002 0.015 0.002 0.005 0.810 
189 QAc-G-0164    (0)   :  0.017 0.013 0.013 0.003 0.003 0.003 0.005 0.002 0.003 0.004 0.043 0.890 
190 QAc-G-0165    (0)   :  0.004 0.004 0.003 0.006 0.004 0.005 0.004 0.007 0.005 0.002 0.004 0.953 
191 QAc-G-0166    (0)   :  0.004 0.003 0.003 0.005 0.002 0.002 0.003 0.002 0.003 0.003 0.003 0.965 
192 QAc-G-0167    (0)   :  0.004 0.003 0.003 0.004 0.002 0.003 0.004 0.003 0.003 0.004 0.004 0.962 
193 QAc-G-0168    (0)   :  0.002 0.002 0.003 0.003 0.002 0.002 0.002 0.002 0.003 0.003 0.002 0.972 
194 QAc-G-0169    (6)   :  0.226 0.307 0.004 0.007 0.126 0.007 0.004 0.005 0.075 0.004 0.008 0.226 
195 QAc-G-0170    (0)   :  0.004 0.003 0.003 0.005 0.003 0.004 0.004 0.005 0.005 0.004 0.004 0.956 
196 QAc-G-0171    (0)   :  0.003 0.003 0.003 0.003 0.002 0.003 0.003 0.002 0.005 0.004 0.004 0.966 
197 QAc-G-0172    (0)   :  0.033 0.041 0.007 0.016 0.803 0.023 0.004 0.015 0.016 0.010 0.011 0.021 
198 QAc-G-0173    (0)   :  0.003 0.002 0.004 0.003 0.003 0.003 0.003 0.002 0.525 0.011 0.003 0.439 
199 QAc-G-0174    (0)   :  0.003 0.003 0.004 0.007 0.003 0.008 0.003 0.003 0.937 0.005 0.003 0.019 
200 QAc-G-0175    (0)   :  0.003 0.002 0.004 0.003 0.002 0.003 0.003 0.002 0.006 0.003 0.003 0.966 
201 QAc-G-0176    (0)   :  0.012 0.016 0.011 0.053 0.006 0.004 0.075 0.003 0.006 0.003 0.005 0.807 
202 QAc-G-0177    (0)   :  0.003 0.003 0.004 0.003 0.002 0.003 0.002 0.003 0.005 0.003 0.003 0.965 
203 QAc-G-0178    (0)   :  0.041 0.017 0.018 0.003 0.003 0.005 0.003 0.016 0.011 0.005 0.191 0.686 
204 QAc-G-0179    (6)   :  0.002 0.003 0.003 0.003 0.002 0.002 0.003 0.002 0.006 0.002 0.002 0.968 
205 QAc-G-0180    (0)   :  0.003 0.002 0.003 0.003 0.002 0.002 0.002 0.002 0.003 0.002 0.003 0.972 
206 QAc-G-0181    (0)   :  0.011 0.004 0.002 0.009 0.004 0.003 0.007 0.003 0.003 0.002 0.004 0.948 
207 QAc-G-0182    (0)   :  0.003 0.007 0.003 0.005 0.005 0.007 0.004 0.005 0.562 0.002 0.005 0.392 
208 QAc-G-0183    (6)   :  0.010 0.010 0.008 0.003 0.008 0.005 0.003 0.004 0.012 0.003 0.004 0.929 
209 QAc-G-0184    (0)   :  0.003 0.003 0.003 0.003 0.003 0.003 0.003 0.003 0.004 0.003 0.003 0.968 
210 QAc-G-0185    (0)   :  0.026 0.018 0.006 0.012 0.009 0.011 0.005 0.030 0.045 0.004 0.103 0.732 
211 QAc-G-0186    (0)   :  0.009 0.004 0.002 0.009 0.004 0.002 0.008 0.002 0.005 0.002 0.006 0.947 
212 QAc-G-0187    (0)   :  0.091 0.017 0.018 0.010 0.005 0.007 0.011 0.005 0.004 0.028 0.060 0.744 
213 QAc-G-0188    (0)   :  0.073 0.241 0.004 0.012 0.387 0.023 0.029 0.004 0.010 0.002 0.006 0.208 
214 QAc-G-0189    (0)   :  0.005 0.005 0.012 0.003 0.005 0.004 0.003 0.002 0.037 0.012 0.007 0.908 
215 QAc-G-0190    (0)   :  0.004 0.003 0.003 0.004 0.002 0.003 0.003 0.004 0.004 0.005 0.003 0.961 
216 QAc-G-0191    (0)   :  0.004 0.003 0.003 0.004 0.003 0.003 0.003 0.004 0.004 0.004 0.003 0.961 
217 QAc-G-0192    (0)   :  0.002 0.002 0.003 0.002 0.002 0.003 0.002 0.002 0.003 0.003 0.002 0.973 
218 QAc-G-0193    (0)   :  0.004 0.003 0.003 0.004 0.003 0.003 0.003 0.004 0.003 0.003 0.004 0.964 
219 QAc-G-0194    (0)   :  0.005 0.004 0.004 0.006 0.003 0.004 0.004 0.003 0.004 0.003 0.005 0.956 
220 QAc-G-0195    (0)   :  0.005 0.005 0.010 0.008 0.005 0.003 0.009 0.002 0.875 0.025 0.004 0.048 
221 QAc-G-0196    (0)   :  0.004 0.003 0.004 0.004 0.002 0.003 0.004 0.002 0.327 0.010 0.003 0.634 
222 QAc-G-0197    (0)   :  0.002 0.002 0.003 0.002 0.002 0.003 0.002 0.002 0.003 0.003 0.002 0.973 
223 QAc-G-0198    (0)   :  0.003 0.003 0.002 0.004 0.002 0.003 0.004 0.003 0.007 0.003 0.003 0.964 
224 QAc-G-0199    (0)   :  0.014 0.018 0.009 0.006 0.005 0.005 0.018 0.015 0.111 0.002 0.108 0.689 
225 QAc-G-0200    (0)   :  0.005 0.004 0.003 0.011 0.003 0.004 0.005 0.002 0.006 0.003 0.005 0.948 
226 QAc-G-0201    (0)   :  0.009 0.007 0.004 0.004 0.002 0.003 0.004 0.002 0.531 0.004 0.003 0.428 
227 QAc-G-0202    (6)   :  0.003 0.004 0.011 0.004 0.005 0.006 0.003 0.003 0.436 0.012 0.003 0.511 
228 QAc-G-0203    (0)   :  0.004 0.009 0.013 0.004 0.006 0.004 0.003 0.002 0.003 0.005 0.002 0.944 
229 QAc-G-0204    (0)   :  0.005 0.003 0.003 0.004 0.003 0.003 0.006 0.003 0.005 0.006 0.003 0.956 
230 QAc-G-0205    (0)   :  0.002 0.002 0.004 0.002 0.002 0.002 0.002 0.002 0.002 0.975 0.002 0.003 
231 QAc-G-0206    (0)   :  0.061 0.152 0.043 0.010 0.069 0.012 0.089 0.004 0.004 0.547 0.005 0.003 
232 QAc-G-0207    (0)   :  0.004 0.005 0.944 0.004 0.003 0.005 0.006 0.004 0.003 0.009 0.006 0.006 
233 QAc-G-0208    (0)   :  0.003 0.003 0.006 0.003 0.002 0.002 0.002 0.003 0.003 0.967 0.003 0.003 
234 QAc-G-0209    (0)   :  0.003 0.003 0.006 0.003 0.002 0.003 0.002 0.002 0.004 0.964 0.003 0.004 
235 QAc-G-0210    (0)   :  0.004 0.004 0.811 0.002 0.004 0.003 0.004 0.002 0.002 0.158 0.004 0.002 
236 QAc-G-0211    (0)   :  0.003 0.003 0.968 0.002 0.002 0.003 0.002 0.003 0.002 0.006 0.003 0.002 
237 QAc-G-0212    (0)   :  0.003 0.003 0.710 0.004 0.002 0.002 0.003 0.003 0.003 0.259 0.003 0.004 
238 QAc-G-0213    (0)   :  0.004 0.003 0.947 0.005 0.002 0.003 0.006 0.003 0.003 0.016 0.004 0.005 
239 QAc-G-0214    (0)   :  0.002 0.002 0.005 0.002 0.002 0.002 0.002 0.002 0.003 0.972 0.002 0.003 
240 QAc-G-0215    (0)   :  0.003 0.003 0.960 0.003 0.003 0.002 0.003 0.002 0.003 0.010 0.004 0.003 
241 QAc-G-0216    (0)   :  0.088 0.176 0.054 0.012 0.208 0.025 0.009 0.003 0.279 0.124 0.005 0.016 
242 QAc-G-0217    (0)   :  0.006 0.005 0.915 0.004 0.006 0.006 0.004 0.015 0.007 0.026 0.005 0.002 
243 QAc-G-0218    (0)   :  0.004 0.003 0.957 0.004 0.002 0.003 0.005 0.004 0.003 0.006 0.005 0.004 
244 QAc-G-0219    (0)   :  0.007 0.013 0.908 0.009 0.016 0.007 0.012 0.008 0.005 0.004 0.005 0.007 
245 QAc-G-0220    (0)   :  0.010 0.023 0.933 0.004 0.003 0.005 0.003 0.003 0.003 0.006 0.004 0.003 
246 QAc-G-0221    (0)   :  0.007 0.006 0.899 0.005 0.004 0.006 0.014 0.007 0.014 0.014 0.020 0.004 
247 QAc-G-0222    (0)   :  0.003 0.003 0.006 0.004 0.002 0.002 0.003 0.002 0.002 0.966 0.003 0.003 
248 QAc-G-0223    (0)   :  0.003 0.003 0.939 0.005 0.004 0.003 0.004 0.004 0.003 0.025 0.005 0.002 
249 QAc-G-0224    (0)   :  0.004 0.003 0.958 0.003 0.003 0.003 0.003 0.002 0.004 0.008 0.003 0.005 
250 QAc-G-0226    (0)   :  0.003 0.003 0.005 0.004 0.003 0.002 0.003 0.003 0.003 0.967 0.003 0.003 
251 QAc-G-0227    (0)   :  0.005 0.004 0.003 0.944 0.004 0.005 0.008 0.012 0.004 0.003 0.003 0.004 
252 QAc-G-0228    (6)   :  0.004 0.005 0.005 0.039 0.004 0.004 0.919 0.003 0.004 0.003 0.006 0.004 
253 QAc-G-0229    (0)   :  0.005 0.008 0.004 0.933 0.009 0.006 0.005 0.004 0.005 0.007 0.009 0.004 
254 QAc-G-0230    (0)   :  0.014 0.009 0.010 0.077 0.016 0.006 0.804 0.003 0.008 0.038 0.006 0.009 
255 QAc-G-0231    (0)   :  0.003 0.003 0.959 0.003 0.003 0.004 0.003 0.003 0.003 0.009 0.003 0.005 
256 QAc-G-0232    (0)   :  0.011 0.009 0.004 0.033 0.004 0.005 0.912 0.007 0.002 0.002 0.008 0.003 
257 QAc-G-0233    (0)   :  0.021 0.173 0.032 0.045 0.003 0.004 0.567 0.004 0.003 0.006 0.137 0.005 
258 QAc-G-0234    (0)   :  0.006 0.004 0.003 0.935 0.003 0.005 0.008 0.004 0.009 0.005 0.008 0.008 
259 QAc-G-0235    (0)   :  0.006 0.018 0.006 0.006 0.891 0.018 0.005 0.003 0.027 0.008 0.009 0.003 
260 QAc-G-0236    (0)   :  0.003 0.005 0.004 0.011 0.004 0.006 0.941 0.007 0.006 0.004 0.004 0.005 
261 QAc-G-0237    (0)   :  0.009 0.018 0.024 0.826 0.008 0.008 0.024 0.029 0.008 0.007 0.021 0.017 
262 QAc-G-0238    (0)   :  0.004 0.006 0.009 0.079 0.004 0.006 0.866 0.008 0.004 0.003 0.006 0.006 
263 QAc-G-0239    (0)   :  0.003 0.004 0.003 0.004 0.003 0.003 0.966 0.002 0.003 0.003 0.003 0.003 
264 QAc-G-0240    (0)   :  0.004 0.004 0.003 0.956 0.005 0.004 0.007 0.005 0.003 0.002 0.004 0.003 
265 QAc-G-0241    (0)   :  0.011 0.063 0.007 0.095 0.026 0.017 0.684 0.007 0.048 0.008 0.025 0.008 
266 QAc-G-0242    (0)   :  0.040 0.011 0.013 0.022 0.004 0.007 0.869 0.008 0.004 0.005 0.011 0.005 
267 QAc-G-0243    (0)   :  0.116 0.100 0.027 0.054 0.013 0.014 0.478 0.060 0.007 0.006 0.122 0.004 
268 QAc-G-0244    (0)   :  0.007 0.017 0.007 0.919 0.012 0.008 0.008 0.003 0.005 0.005 0.004 0.005 
269 QAc-G-0245    (0)   :  0.003 0.004 0.003 0.950 0.003 0.005 0.006 0.010 0.005 0.003 0.004 0.004 
270 QAc-G-0246    (0)   :  0.003 0.003 0.003 0.003 0.003 0.003 0.967 0.003 0.002 0.002 0.003 0.004 
271 QAc-G-0247    (0)   :  0.002 0.003 0.003 0.004 0.003 0.003 0.970 0.002 0.002 0.002 0.003 0.002 
272 QAc-G-0248    (0)   :  0.009 0.007 0.004 0.854 0.007 0.006 0.096 0.003 0.004 0.003 0.004 0.003 
273 QAc-G-0249    (0)   :  0.077 0.024 0.006 0.017 0.014 0.004 0.004 0.002 0.007 0.013 0.817 0.014 
274 QAc-G-0025    (0)   :  0.002 0.002 0.004 0.003 0.002 0.002 0.003 0.002 0.002 0.972 0.002 0.003 
275 QAc-G-0028    (0)   :  0.024 0.017 0.036 0.061 0.003 0.006 0.773 0.005 0.006 0.019 0.036 0.015 
276 QAc-G-0275    (0)   :  0.003 0.004 0.943 0.003 0.003 0.003 0.008 0.002 0.004 0.010 0.003 0.013 
277 QAc-G-0263    (0)   :  0.494 0.034 0.009 0.004 0.006 0.007 0.004 0.004 0.402 0.006 0.019 0.012 
278 QAc-W-0001    (0)   :  0.007 0.005 0.003 0.940 0.008 0.005 0.006 0.014 0.003 0.004 0.004 0.003 
279 QAc-W-0002    (0)   :  0.009 0.023 0.004 0.375 0.024 0.032 0.468 0.003 0.008 0.004 0.024 0.027 
280 QAc-W-0003    (0)   :  0.006 0.014 0.050 0.809 0.017 0.018 0.015 0.008 0.045 0.008 0.004 0.007 
281 QAc-W-0004    (0)   :  0.009 0.004 0.005 0.944 0.003 0.003 0.009 0.003 0.004 0.007 0.004 0.005 
282 QAc-W-0005    (0)   :  0.017 0.005 0.003 0.933 0.005 0.003 0.004 0.007 0.007 0.004 0.006 0.005 
283 QAc-W-0006    (0)   :  0.008 0.005 0.004 0.943 0.006 0.007 0.005 0.004 0.003 0.004 0.006 0.004 
284 QAc-W-0007   (13)   :  0.009 0.004 0.004 0.947 0.003 0.003 0.008 0.004 0.003 0.004 0.006 0.003 
285 QAc-W-0008    (6)   :  0.020 0.029 0.003 0.891 0.006 0.006 0.008 0.003 0.004 0.002 0.025 0.004 
286 QAc-W-0009    (0)   :  0.008 0.053 0.010 0.054 0.136 0.060 0.619 0.006 0.004 0.003 0.032 0.014 
287 QAc-W-0010    (0)   :  0.415 0.035 0.007 0.400 0.009 0.020 0.042 0.018 0.017 0.005 0.025 0.007 
288 QAc-W-0011    (0)   :  0.047 0.051 0.007 0.685 0.019 0.015 0.106 0.014 0.014 0.005 0.005 0.034 
289 QAc-W-0012    (0)   :  0.007 0.009 0.005 0.911 0.006 0.005 0.026 0.006 0.004 0.005 0.006 0.010 
290 QAc-W-0013    (0)   :  0.006 0.026 0.102 0.269 0.021 0.141 0.370 0.004 0.005 0.041 0.006 0.009 
291 QAc-W-0014    (0)   :  0.028 0.006 0.004 0.892 0.003 0.004 0.026 0.005 0.005 0.004 0.020 0.003 
292 QAc-W-0015    (0)   :  0.006 0.010 0.020 0.816 0.009 0.015 0.021 0.003 0.061 0.008 0.019 0.012 
293 QAc-W-0016    (0)   :  0.736 0.028 0.007 0.165 0.005 0.005 0.009 0.003 0.009 0.013 0.015 0.004 
294 QAc-W-0017    (0)   :  0.036 0.171 0.055 0.343 0.029 0.045 0.015 0.009 0.128 0.005 0.152 0.010 
295 QAc-W-0018    (0)   :  0.810 0.025 0.023 0.070 0.008 0.019 0.016 0.007 0.003 0.009 0.008 0.003 
296 QAc-W-0019    (0)   :  0.011 0.006 0.005 0.926 0.009 0.004 0.009 0.004 0.005 0.007 0.009 0.005 
297 QAc-W-0020    (0)   :  0.100 0.063 0.003 0.757 0.006 0.005 0.014 0.035 0.005 0.003 0.006 0.003 
298 QAc-W-0021    (0)   :  0.669 0.042 0.009 0.059 0.034 0.006 0.025 0.007 0.003 0.130 0.009 0.009 
299 QAc-W-0022    (0)   :  0.341 0.139 0.009 0.315 0.012 0.013 0.031 0.006 0.036 0.022 0.067 0.008 
300 QAc-W-0023    (6)   :  0.018 0.140 0.010 0.283 0.124 0.041 0.136 0.057 0.005 0.030 0.152 0.003 
301 QAc-W-0024    (0)   :  0.040 0.044 0.036 0.741 0.010 0.006 0.004 0.005 0.005 0.058 0.012 0.040 
302 QAc-W-0025    (0)   :  0.009 0.013 0.013 0.824 0.006 0.004 0.103 0.003 0.003 0.003 0.014 0.004 
303 QAc-W-0026    (0)   :  0.008 0.020 0.016 0.835 0.008 0.011 0.004 0.033 0.011 0.012 0.020 0.022 
304 QAc-W-0027    (0)   :  0.007 0.006 0.004 0.942 0.007 0.009 0.006 0.003 0.003 0.002 0.006 0.006 
305 QAc-W-0028    (0)   :  0.005 0.011 0.003 0.927 0.005 0.011 0.014 0.003 0.005 0.003 0.009 0.004 
306 QAc-W-0029    (0)   :  0.023 0.011 0.007 0.176 0.007 0.050 0.697 0.009 0.003 0.006 0.005 0.004 
307 QAc-W-0030    (0)   :  0.010 0.008 0.005 0.046 0.006 0.017 0.854 0.024 0.008 0.003 0.006 0.013 
308 QAc-W-0031    (0)   :  0.006 0.008 0.025 0.869 0.007 0.007 0.018 0.003 0.003 0.048 0.004 0.004 
309 QAc-W-0032    (0)   :  0.025 0.007 0.004 0.844 0.003 0.003 0.074 0.018 0.002 0.004 0.015 0.002 
310 QAc-W-0033    (0)   :  0.161 0.424 0.014 0.168 0.004 0.050 0.089 0.017 0.007 0.007 0.053 0.006 
311 QAc-W-0034    (0)   :  0.006 0.010 0.004 0.876 0.033 0.013 0.032 0.004 0.003 0.006 0.009 0.004 
312 QAc-W-0035    (0)   :  0.084 0.029 0.012 0.718 0.005 0.012 0.057 0.005 0.017 0.010 0.024 0.025 
313 QAc-W-0036    (0)   :  0.004 0.005 0.003 0.932 0.005 0.005 0.005 0.027 0.003 0.003 0.005 0.003 
314 QAc-W-0037    (0)   :  0.005 0.006 0.006 0.926 0.003 0.005 0.008 0.010 0.003 0.009 0.004 0.014 
315 QAc-W-0038    (0)   :  0.017 0.026 0.007 0.841 0.012 0.008 0.025 0.012 0.024 0.006 0.007 0.016 
316 QAc-W-0039    (0)   :  0.004 0.005 0.009 0.929 0.005 0.006 0.006 0.010 0.005 0.004 0.006 0.011 
317 QAc-W-0040    (0)   :  0.017 0.052 0.011 0.679 0.006 0.003 0.005 0.015 0.007 0.003 0.195 0.006 
318 QAc-W-0041    (0)   :  0.016 0.023 0.149 0.544 0.019 0.133 0.071 0.004 0.005 0.010 0.011 0.014 
319 QAc-W-0042    (0)   :  0.005 0.006 0.006 0.008 0.008 0.853 0.004 0.093 0.003 0.003 0.004 0.006 
320 QAc-W-0043    (0)   :  0.004 0.006 0.005 0.009 0.009 0.938 0.004 0.004 0.007 0.003 0.004 0.008 
321 QAc-W-0044    (0)   :  0.009 0.008 0.004 0.015 0.006 0.776 0.012 0.094 0.035 0.003 0.024 0.014 
322 QAc-W-0045    (0)   :  0.005 0.005 0.004 0.006 0.020 0.924 0.005 0.016 0.003 0.003 0.004 0.005 
323 QAc-W-0046    (0)   :  0.003 0.004 0.006 0.006 0.007 0.943 0.005 0.006 0.004 0.004 0.004 0.008 
324 QAc-W-0047    (0)   :  0.005 0.007 0.002 0.017 0.030 0.860 0.009 0.011 0.035 0.005 0.010 0.006 
325 QAc-W-0048    (0)   :  0.012 0.021 0.005 0.022 0.468 0.381 0.006 0.065 0.004 0.009 0.004 0.004 
326 QAc-W-0049    (0)   :  0.008 0.011 0.005 0.009 0.544 0.315 0.004 0.082 0.003 0.009 0.004 0.004 
327 QAc-W-0050    (0)   :  0.056 0.023 0.006 0.006 0.024 0.828 0.006 0.003 0.004 0.021 0.016 0.007 
328 QAc-W-0051    (0)   :  0.010 0.010 0.009 0.005 0.005 0.910 0.010 0.008 0.014 0.009 0.004 0.006 
329 QAc-W-0052    (0)   :  0.004 0.003 0.002 0.004 0.003 0.004 0.005 0.964 0.003 0.002 0.003 0.004 
330 QAc-W-0053    (0)   :  0.010 0.008 0.003 0.008 0.492 0.438 0.010 0.008 0.007 0.003 0.010 0.003 
331 QAc-W-0054    (0)   :  0.539 0.023 0.004 0.005 0.004 0.251 0.007 0.016 0.049 0.003 0.018 0.080 
332 QAc-W-0055    (0)   :  0.029 0.019 0.013 0.005 0.004 0.484 0.004 0.004 0.053 0.060 0.017 0.310 
333 QAc-W-0056    (0)   :  0.071 0.421 0.020 0.060 0.006 0.337 0.024 0.006 0.020 0.015 0.014 0.006 
334 QAc-W-0057    (0)   :  0.033 0.077 0.017 0.010 0.028 0.641 0.006 0.006 0.113 0.052 0.013 0.004 
335 QAc-W-0058    (0)   :  0.013 0.032 0.028 0.004 0.030 0.654 0.006 0.007 0.012 0.199 0.004 0.010 
336 QAc-W-0059    (0)   :  0.003 0.003 0.003 0.004 0.961 0.007 0.003 0.004 0.004 0.003 0.003 0.004 
337 QAc-W-0060    (0)   :  0.004 0.009 0.003 0.020 0.007 0.008 0.008 0.040 0.878 0.002 0.008 0.011 
338 QAc-W-0061    (0)   :  0.014 0.030 0.009 0.048 0.045 0.013 0.004 0.004 0.728 0.015 0.032 0.058 
339 QAc-W-0062    (0)   :  0.003 0.004 0.009 0.004 0.003 0.004 0.003 0.015 0.936 0.003 0.008 0.008 
340 QAc-W-0063    (0)   :  0.012 0.011 0.010 0.007 0.004 0.005 0.010 0.013 0.898 0.006 0.013 0.010 
341 QAc-W-0064    (0)   :  0.010 0.008 0.008 0.008 0.003 0.005 0.012 0.005 0.916 0.004 0.008 0.013 
342 QAc-W-0065    (0)   :  0.029 0.025 0.006 0.020 0.008 0.053 0.006 0.005 0.810 0.008 0.025 0.006 
343 QAc-W-0066    (0)   :  0.003 0.002 0.004 0.003 0.002 0.002 0.003 0.002 0.003 0.004 0.002 0.969 
344 QAc-W-0067    (0)   :  0.002 0.002 0.003 0.003 0.002 0.003 0.002 0.003 0.003 0.003 0.003 0.971 
345 QAc-W-0068    (0)   :  0.003 0.002 0.003 0.003 0.002 0.002 0.003 0.002 0.006 0.003 0.002 0.969 
346 QAc-W-0069    (0)   :  0.003 0.002 0.003 0.004 0.002 0.002 0.003 0.002 0.006 0.003 0.002 0.967 
347 QAc-W-0070    (0)   :  0.003 0.003 0.003 0.003 0.002 0.003 0.002 0.002 0.406 0.003 0.003 0.568 
348 QAc-W-0071    (6)   :  0.006 0.005 0.005 0.004 0.004 0.005 0.004 0.004 0.703 0.010 0.004 0.245 
349 QAc-W-0072    (0)   :  0.033 0.012 0.008 0.018 0.003 0.007 0.004 0.003 0.787 0.004 0.116 0.004 
350 QAc-W-0073    (0)   :  0.010 0.012 0.006 0.009 0.058 0.014 0.007 0.006 0.862 0.006 0.007 0.003 
351 QAc-W-0074    (0)   :  0.003 0.003 0.004 0.004 0.003 0.003 0.003 0.003 0.963 0.004 0.004 0.004 
352 QAc-W-0075    (0)   :  0.005 0.003 0.004 0.003 0.003 0.003 0.003 0.002 0.951 0.006 0.004 0.015 
353 QAc-W-0076    (0)   :  0.006 0.005 0.004 0.004 0.004 0.004 0.003 0.002 0.932 0.009 0.023 0.004 
354 QAc-W-0077    (0)   :  0.004 0.006 0.004 0.008 0.004 0.064 0.004 0.004 0.784 0.002 0.005 0.109 
355 QAc-W-0078    (0)   :  0.040 0.206 0.327 0.049 0.005 0.011 0.022 0.012 0.008 0.149 0.097 0.076 
356 QAc-W-0079    (6)   :  0.004 0.005 0.004 0.012 0.006 0.007 0.007 0.005 0.008 0.916 0.008 0.019 
357 QAc-W-0080   (13)   :  0.005 0.008 0.005 0.022 0.009 0.003 0.017 0.002 0.003 0.922 0.003 0.003 
358 QAc-W-0081    (0)   :  0.003 0.004 0.943 0.004 0.002 0.003 0.005 0.006 0.004 0.018 0.003 0.003 
359 QAc-W-0082    (0)   :  0.007 0.009 0.557 0.004 0.005 0.394 0.004 0.002 0.005 0.005 0.005 0.003 
360 QAc-W-0083    (0)   :  0.005 0.007 0.869 0.011 0.006 0.008 0.010 0.012 0.031 0.013 0.018 0.010 
361 QAc-W-0084    (0)   :  0.003 0.003 0.962 0.004 0.002 0.003 0.003 0.005 0.003 0.007 0.003 0.003 
