

----------------------------------------------------
STRUCTURE by Pritchard, Stephens and Donnelly (2000)
     and Falush, Stephens and Pritchard (2003)
       Code by Pritchard, Falush and Hubisz
             Version 2.3.4 (Jul 2012)
----------------------------------------------------



Command line arguments:   bin\structure -m C:\Users\eschumacher\Documents\GitHub\GCC_QUAC_ZAIN\Data_Files\Structure_Files\QUAC\QUAC_woK_nopopinfo_garden_wild\QUAC_woK_nopopinfo_garden_wild\50-50\mainparams -e C:\Users\eschumacher\Documents\GitHub\GCC_QUAC_ZAIN\Data_Files\Structure_Files\QUAC\QUAC_woK_nopopinfo_garden_wild\QUAC_woK_nopopinfo_garden_wild\50-50\extraparams 
Input File:    C:\Users\eschumacher\Documents\GitHub\GCC_QUAC_ZAIN\Data_Files\Structure_Files\QUAC\QUAC_woK_nopopinfo_garden_wild\QUAC_woK_nopopinfo_garden_wild\project_data

Run parameters:
   441 individuals
   15 loci
   5 populations assumed
   50000 Burn-in period
   50000 Reps


--------------------------------------------
Overall proportion of membership of the
sample in each of the 5 clusters

Inferred Clusters
  1      2      3      4      5    
0.228  0.194  0.203  0.169  0.207  

--------------------------------------------

Allele-freq. divergence among pops (Net nucleotide distance),
computed using point estimates of P.

      1       2       3       4       5      
 1      -    0.0937  0.0941  0.0462  0.0494  
 2   0.0937     -    0.1189  0.0968  0.0925  
 3   0.0941  0.1189     -    0.0902  0.1050  
 4   0.0462  0.0968  0.0902     -    0.0429  
 5   0.0494  0.0925  0.1050  0.0429     -    

Average distances (expected heterozygosity) between individuals in same cluster:
cluster  1  : 0.5698 
cluster  2  : 0.4546 
cluster  3  : 0.5037 
cluster  4  : 0.5912 
cluster  5  : 0.6210 

--------------------------------------------
Estimated Ln Prob of Data   = -16204.3
Mean value of ln likelihood = -15917.6
Variance of ln likelihood   = 573.3
Mean value of alpha         = 0.0383

Mean value of Fst_1         = 0.1431
Mean value of Fst_2         = 0.3569
Mean value of Fst_3         = 0.2466
Mean value of Fst_4         = 0.0772
Mean value of Fst_5         = 0.0741


Inferred ancestry of individuals:
        Label (%Miss) :  Inferred clusters
  1 QAc-G-0029    (0)   :  0.016 0.012 0.962 0.006 0.004 
  2 QAc-G-0030    (0)   :  0.003 0.004 0.987 0.003 0.003 
  3 QAc-G-0031    (0)   :  0.003 0.006 0.985 0.004 0.003 
  4 QAc-G-0061    (0)   :  0.007 0.004 0.981 0.005 0.004 
  5 QAc-G-0062    (0)   :  0.008 0.265 0.009 0.400 0.318 
  6 QAc-G-0063    (0)   :  0.163 0.798 0.007 0.020 0.013 
  7 QAc-G-0064    (0)   :  0.010 0.006 0.003 0.009 0.972 
  8 QAc-G-0065    (0)   :  0.007 0.003 0.005 0.004 0.981 
  9 QAc-G-0066    (0)   :  0.004 0.984 0.005 0.004 0.003 
 10 QAc-G-0067    (0)   :  0.007 0.005 0.021 0.007 0.961 
 11 QAc-G-0068    (0)   :  0.004 0.554 0.005 0.017 0.420 
 12 QAc-G-0070    (0)   :  0.022 0.742 0.007 0.212 0.017 
 13 QAc-G-0071   (13)   :  0.004 0.983 0.006 0.003 0.003 
 14 QAc-G-0072    (0)   :  0.006 0.981 0.004 0.006 0.003 
 15 QAc-G-0073    (0)   :  0.984 0.004 0.005 0.005 0.003 
 16 QAc-G-0074    (0)   :  0.796 0.166 0.005 0.023 0.011 
 17 QAc-G-0075    (0)   :  0.968 0.009 0.009 0.005 0.009 
 18 QAc-G-0076    (0)   :  0.963 0.009 0.010 0.011 0.008 
 19 QAc-G-0077    (0)   :  0.007 0.009 0.975 0.003 0.005 
 20 QAc-G-0078    (0)   :  0.003 0.003 0.988 0.003 0.003 
 21 QAc-G-0079    (0)   :  0.005 0.005 0.983 0.004 0.004 
 22 QAc-G-0080    (0)   :  0.161 0.014 0.772 0.010 0.044 
 23 QAc-G-0081    (0)   :  0.031 0.009 0.007 0.942 0.012 
 24 QAc-G-0082    (0)   :  0.321 0.006 0.024 0.575 0.074 
 25 QAc-G-0083    (0)   :  0.151 0.455 0.088 0.169 0.137 
 26 QAc-G-0001   (13)   :  0.004 0.006 0.984 0.003 0.004 
 27 QAc-G-0002    (0)   :  0.003 0.003 0.988 0.003 0.003 
 28 QAc-G-0285    (0)   :  0.017 0.912 0.013 0.036 0.022 
 29 QAc-G-0286    (0)   :  0.004 0.987 0.003 0.003 0.003 
 30 QAc-G-0287    (0)   :  0.003 0.987 0.003 0.003 0.003 
 31 QAc-G-0288    (6)   :  0.010 0.952 0.018 0.014 0.006 
 32 QAc-G-0289    (0)   :  0.004 0.985 0.004 0.004 0.003 
 33 QAc-G-0290    (0)   :  0.004 0.984 0.004 0.004 0.004 
 34 QAc-G-0291    (0)   :  0.003 0.986 0.006 0.003 0.003 
 35 QAc-G-0292    (0)   :  0.007 0.720 0.003 0.249 0.021 
 36 QAc-G-0293    (0)   :  0.003 0.984 0.008 0.003 0.003 
 37 QAc-G-0294    (0)   :  0.968 0.004 0.007 0.007 0.013 
 38 QAc-G-0295    (0)   :  0.964 0.015 0.010 0.004 0.006 
 39 QAc-G-0296    (0)   :  0.979 0.006 0.004 0.005 0.006 
 40 QAc-G-0297    (0)   :  0.794 0.003 0.009 0.094 0.099 
 41 QAc-G-0298    (6)   :  0.981 0.004 0.006 0.004 0.005 
 42 QAc-G-0299    (0)   :  0.977 0.008 0.005 0.004 0.006 
 43 QAc-G-0300    (0)   :  0.977 0.004 0.003 0.009 0.007 
 44 QAc-G-0301    (0)   :  0.967 0.010 0.006 0.005 0.012 
 45 QAc-G-0302    (0)   :  0.030 0.008 0.006 0.015 0.941 
 46 QAc-G-0303    (0)   :  0.010 0.006 0.007 0.071 0.907 
 47 QAc-G-0304    (0)   :  0.004 0.986 0.004 0.003 0.003 
 48 QAc-G-0305    (0)   :  0.007 0.776 0.080 0.066 0.071 
 49 QAc-G-0306    (0)   :  0.003 0.987 0.004 0.003 0.003 
 50 QAc-G-0307    (0)   :  0.011 0.011 0.872 0.096 0.010 
 51 QAc-G-0308    (0)   :  0.014 0.014 0.954 0.009 0.009 
 52 QAc-G-0309    (0)   :  0.005 0.005 0.981 0.005 0.004 
 53 QAc-G-0310    (0)   :  0.005 0.004 0.984 0.004 0.003 
 54 QAc-G-0311    (0)   :  0.003 0.003 0.990 0.002 0.002 
 55 QAc-G-0312    (0)   :  0.137 0.007 0.619 0.106 0.132 
 56 QAc-G-0313    (0)   :  0.040 0.047 0.072 0.797 0.044 
 57 QAc-G-0314    (0)   :  0.224 0.004 0.013 0.721 0.038 
 58 QAc-G-0315    (0)   :  0.037 0.020 0.006 0.661 0.275 
 59 QAc-G-0316    (0)   :  0.008 0.008 0.024 0.952 0.008 
 60 QAc-G-0032    (6)   :  0.014 0.008 0.008 0.008 0.963 
 61 QAc-G-0033    (0)   :  0.977 0.005 0.006 0.006 0.007 
 62 QAc-G-0034    (0)   :  0.934 0.005 0.038 0.012 0.011 
 63 QAc-G-0035    (0)   :  0.975 0.007 0.005 0.006 0.008 
 64 QAc-G-0036    (0)   :  0.956 0.017 0.007 0.014 0.006 
 65 QAc-G-0037    (0)   :  0.970 0.013 0.011 0.003 0.004 
 66 QAc-G-0038    (0)   :  0.986 0.004 0.002 0.004 0.004 
 67 QAc-G-0039    (0)   :  0.933 0.006 0.027 0.025 0.010 
 68 QAc-G-0040    (0)   :  0.872 0.063 0.006 0.052 0.007 
 69 QAc-G-0041    (0)   :  0.953 0.007 0.004 0.026 0.010 
 70 QAc-G-0042    (0)   :  0.978 0.007 0.003 0.005 0.007 
 71 QAc-G-0043    (0)   :  0.978 0.005 0.009 0.005 0.003 
 72 QAc-G-0044    (0)   :  0.964 0.009 0.004 0.007 0.016 
 73 QAc-G-0045    (0)   :  0.951 0.007 0.027 0.008 0.008 
 74 QAc-G-0046    (0)   :  0.915 0.003 0.052 0.025 0.005 
 75 QAc-G-0047    (0)   :  0.941 0.006 0.032 0.008 0.013 
 76 QAc-G-0048    (0)   :  0.980 0.004 0.003 0.008 0.005 
 77 QAc-G-0049    (0)   :  0.003 0.006 0.986 0.003 0.003 
 78 QAc-G-0050    (0)   :  0.008 0.074 0.238 0.198 0.482 
 79 QAc-G-0051    (0)   :  0.003 0.005 0.986 0.003 0.003 
 80 QAc-G-0052    (0)   :  0.012 0.004 0.957 0.013 0.014 
 81 QAc-G-0053    (0)   :  0.016 0.009 0.968 0.003 0.003 
 82 QAc-G-0054    (0)   :  0.044 0.005 0.540 0.336 0.075 
 83 QAc-G-0055    (0)   :  0.036 0.006 0.669 0.139 0.151 
 84 QAc-G-0056    (0)   :  0.012 0.016 0.037 0.857 0.079 
 85 QAc-G-0057    (0)   :  0.004 0.004 0.985 0.003 0.003 
 86 QAc-G-0058    (6)   :  0.003 0.004 0.986 0.003 0.003 
 87 QAc-G-0059    (0)   :  0.121 0.003 0.730 0.095 0.051 
 88 QAc-G-0060    (6)   :  0.014 0.013 0.953 0.008 0.011 
 89 QAc-G-0276    (0)   :  0.028 0.928 0.027 0.012 0.006 
 90 QAc-G-0279    (0)   :  0.004 0.983 0.007 0.003 0.003 
 91 QAc-G-0280    (6)   :  0.009 0.977 0.005 0.006 0.004 
 92 QAc-G-0281    (0)   :  0.005 0.007 0.981 0.003 0.004 
 93 QAc-G-0018    (0)   :  0.913 0.007 0.038 0.012 0.029 
 94 QAc-G-0019    (0)   :  0.963 0.012 0.004 0.008 0.013 
 95 QAc-G-0020    (0)   :  0.977 0.003 0.006 0.008 0.006 
 96 QAc-G-0021    (6)   :  0.978 0.004 0.009 0.003 0.006 
 97 QAc-G-0022    (6)   :  0.842 0.009 0.025 0.099 0.025 
 98 QAc-G-0023    (0)   :  0.004 0.004 0.985 0.003 0.003 
 99 QAc-G-0024    (0)   :  0.007 0.003 0.983 0.003 0.004 
100 QAc-G-0016    (0)   :  0.023 0.019 0.354 0.056 0.548 
101 QAc-G-0017    (0)   :  0.005 0.006 0.003 0.009 0.976 
102 QAc-G-0250    (0)   :  0.060 0.591 0.028 0.046 0.274 
103 QAc-G-0003    (6)   :  0.005 0.980 0.005 0.006 0.004 
104 QAc-G-0004    (0)   :  0.060 0.005 0.011 0.011 0.913 
105 QAc-G-0005    (0)   :  0.007 0.004 0.005 0.004 0.979 
106 QAc-G-0006    (6)   :  0.042 0.008 0.005 0.059 0.886 
107 QAc-G-0283    (0)   :  0.008 0.010 0.004 0.965 0.013 
108 QAc-G-0265    (0)   :  0.332 0.038 0.500 0.111 0.019 
109 QAc-G-0266    (0)   :  0.003 0.006 0.987 0.002 0.002 
110 QAc-G-0267    (0)   :  0.587 0.117 0.013 0.162 0.121 
111 QAc-G-0268   (20)   :  0.013 0.601 0.011 0.037 0.338 
112 QAc-G-0269    (0)   :  0.005 0.984 0.005 0.003 0.003 
113 QAc-G-0270    (6)   :  0.977 0.006 0.005 0.006 0.006 
114 QAc-G-0271    (0)   :  0.923 0.004 0.004 0.010 0.058 
115 QAc-G-0272    (6)   :  0.961 0.020 0.007 0.006 0.006 
116 QAc-G-0273    (0)   :  0.005 0.005 0.979 0.006 0.006 
117 QAc-G-0274    (0)   :  0.011 0.004 0.004 0.006 0.974 
118 QAc-G-0251    (6)   :  0.958 0.005 0.007 0.009 0.022 
119 QAc-G-0252    (0)   :  0.966 0.005 0.006 0.010 0.012 
120 QAc-G-0253    (0)   :  0.005 0.005 0.983 0.004 0.003 
121 QAc-G-0254    (0)   :  0.003 0.003 0.988 0.003 0.003 
122 QAc-G-0255    (0)   :  0.014 0.005 0.005 0.009 0.967 
123 QAc-G-0256    (0)   :  0.008 0.013 0.006 0.005 0.968 
124 QAc-G-0257    (0)   :  0.006 0.003 0.005 0.013 0.973 
125 QAc-G-0258    (0)   :  0.006 0.003 0.003 0.005 0.984 
126 QAc-G-0259    (0)   :  0.013 0.004 0.003 0.917 0.063 
127 QAc-G-0260    (0)   :  0.015 0.051 0.021 0.217 0.695 
128 QAc-G-0261    (0)   :  0.010 0.005 0.006 0.010 0.968 
129 QAc-G-0262    (0)   :  0.007 0.009 0.008 0.015 0.960 
130 QAc-G-0010    (0)   :  0.045 0.884 0.022 0.043 0.006 
131 QAc-G-0011    (0)   :  0.007 0.004 0.004 0.980 0.005 
132 QAc-G-0015    (0)   :  0.021 0.007 0.863 0.047 0.063 
133 QAc-G-0106    (0)   :  0.005 0.003 0.003 0.004 0.985 
134 QAc-G-0107    (0)   :  0.006 0.010 0.013 0.013 0.958 
135 QAc-G-0108    (0)   :  0.010 0.005 0.003 0.007 0.975 
136 QAc-G-0109    (0)   :  0.006 0.005 0.008 0.016 0.964 
137 QAc-G-0110    (0)   :  0.145 0.117 0.009 0.045 0.684 
138 QAc-G-0111    (0)   :  0.014 0.011 0.007 0.018 0.949 
139 QAc-G-0112    (0)   :  0.006 0.031 0.010 0.009 0.945 
140 QAc-G-0113    (0)   :  0.007 0.007 0.013 0.006 0.968 
141 QAc-G-0114    (0)   :  0.098 0.031 0.025 0.012 0.834 
142 QAc-G-0115    (0)   :  0.006 0.006 0.005 0.008 0.975 
143 QAc-G-0116    (0)   :  0.006 0.012 0.009 0.012 0.962 
144 QAc-G-0117    (0)   :  0.093 0.009 0.015 0.014 0.868 
145 QAc-G-0118    (0)   :  0.008 0.004 0.003 0.005 0.980 
146 QAc-G-0119    (0)   :  0.012 0.002 0.007 0.007 0.972 
147 QAc-G-0120    (0)   :  0.030 0.008 0.009 0.032 0.922 
148 QAc-G-0121    (0)   :  0.010 0.004 0.004 0.004 0.979 
149 QAc-G-0122    (0)   :  0.009 0.020 0.005 0.007 0.959 
150 QAc-G-0123    (0)   :  0.026 0.002 0.004 0.005 0.963 
151 QAc-G-0124    (6)   :  0.022 0.005 0.006 0.012 0.956 
152 QAc-G-0125    (0)   :  0.013 0.032 0.043 0.092 0.819 
153 QAc-G-0126    (0)   :  0.009 0.005 0.024 0.022 0.941 
154 QAc-G-0127    (0)   :  0.008 0.004 0.005 0.010 0.972 
155 QAc-G-0128    (0)   :  0.009 0.011 0.007 0.004 0.969 
156 QAc-G-0129    (0)   :  0.010 0.005 0.004 0.004 0.977 
157 QAc-G-0130    (0)   :  0.005 0.004 0.003 0.010 0.979 
158 QAc-G-0131    (0)   :  0.014 0.005 0.006 0.006 0.970 
159 QAc-G-0132    (0)   :  0.007 0.007 0.006 0.004 0.977 
160 QAc-G-0133    (0)   :  0.020 0.007 0.005 0.011 0.957 
161 QAc-G-0134    (0)   :  0.013 0.005 0.006 0.005 0.971 
162 QAc-G-0135    (0)   :  0.025 0.010 0.017 0.017 0.931 
163 QAc-G-0136    (0)   :  0.008 0.014 0.009 0.025 0.944 
164 QAc-G-0137    (0)   :  0.011 0.005 0.004 0.007 0.974 
165 QAc-G-0138    (0)   :  0.004 0.006 0.010 0.133 0.848 
166 QAc-G-0139    (0)   :  0.011 0.005 0.003 0.008 0.974 
167 QAc-G-0140    (6)   :  0.010 0.007 0.005 0.005 0.972 
168 QAc-G-0141    (0)   :  0.055 0.031 0.067 0.077 0.769 
169 QAc-G-0142    (0)   :  0.014 0.004 0.003 0.007 0.973 
170 QAc-G-0143    (0)   :  0.183 0.020 0.023 0.305 0.468 
171 QAc-G-0144    (6)   :  0.011 0.009 0.014 0.057 0.909 
172 QAc-G-0145    (0)   :  0.004 0.986 0.003 0.003 0.003 
173 QAc-G-0146    (0)   :  0.019 0.006 0.006 0.008 0.961 
174 QAc-G-0147    (0)   :  0.021 0.008 0.007 0.200 0.764 
175 QAc-G-0148    (0)   :  0.016 0.009 0.009 0.014 0.952 
176 QAc-G-0149    (0)   :  0.009 0.004 0.004 0.006 0.976 
177 QAc-G-0150    (0)   :  0.004 0.984 0.005 0.004 0.003 
178 QAc-G-0151    (0)   :  0.015 0.006 0.004 0.007 0.968 
179 QAc-G-0152    (0)   :  0.039 0.004 0.010 0.016 0.931 
180 QAc-G-0153    (0)   :  0.010 0.010 0.002 0.013 0.964 
181 QAc-G-0154    (0)   :  0.011 0.007 0.004 0.005 0.973 
182 QAc-G-0155    (0)   :  0.039 0.005 0.004 0.007 0.945 
183 QAc-G-0158    (0)   :  0.004 0.005 0.006 0.005 0.980 
184 QAc-G-0159    (0)   :  0.009 0.011 0.006 0.012 0.962 
185 QAc-G-0160    (0)   :  0.003 0.988 0.003 0.003 0.003 
186 QAc-G-0161    (0)   :  0.004 0.988 0.003 0.003 0.003 
187 QAc-G-0162    (0)   :  0.275 0.667 0.007 0.044 0.008 
188 QAc-G-0163    (0)   :  0.054 0.922 0.003 0.007 0.015 
189 QAc-G-0164    (0)   :  0.005 0.957 0.014 0.021 0.003 
190 QAc-G-0165    (0)   :  0.006 0.979 0.003 0.006 0.006 
191 QAc-G-0166    (0)   :  0.006 0.983 0.004 0.004 0.003 
192 QAc-G-0167    (0)   :  0.006 0.982 0.005 0.004 0.004 
193 QAc-G-0168    (0)   :  0.004 0.987 0.004 0.003 0.003 
194 QAc-G-0169    (6)   :  0.016 0.531 0.006 0.112 0.335 
195 QAc-G-0170    (0)   :  0.006 0.980 0.005 0.005 0.004 
196 QAc-G-0171    (0)   :  0.004 0.985 0.004 0.004 0.003 
197 QAc-G-0172    (0)   :  0.018 0.040 0.010 0.034 0.898 
198 QAc-G-0173    (0)   :  0.003 0.985 0.006 0.003 0.003 
199 QAc-G-0174    (0)   :  0.029 0.802 0.007 0.055 0.107 
200 QAc-G-0175    (0)   :  0.003 0.987 0.004 0.003 0.003 
201 QAc-G-0176    (0)   :  0.162 0.816 0.010 0.006 0.006 
202 QAc-G-0177    (0)   :  0.004 0.985 0.004 0.004 0.003 
203 QAc-G-0178    (0)   :  0.005 0.885 0.029 0.073 0.007 
204 QAc-G-0179    (6)   :  0.004 0.986 0.004 0.003 0.003 
205 QAc-G-0180    (0)   :  0.003 0.987 0.003 0.004 0.003 
206 QAc-G-0181    (0)   :  0.010 0.977 0.003 0.005 0.004 
207 QAc-G-0182    (0)   :  0.033 0.878 0.004 0.023 0.062 
208 QAc-G-0183    (6)   :  0.004 0.979 0.007 0.005 0.006 
209 QAc-G-0184    (0)   :  0.004 0.986 0.003 0.003 0.004 
210 QAc-G-0185    (0)   :  0.011 0.952 0.006 0.019 0.012 
211 QAc-G-0186    (0)   :  0.009 0.979 0.003 0.005 0.004 
212 QAc-G-0187    (0)   :  0.017 0.911 0.034 0.032 0.006 
213 QAc-G-0188    (0)   :  0.069 0.281 0.004 0.017 0.628 
214 QAc-G-0189    (0)   :  0.003 0.986 0.005 0.003 0.003 
215 QAc-G-0190    (0)   :  0.005 0.982 0.006 0.004 0.004 
216 QAc-G-0191    (0)   :  0.005 0.983 0.005 0.004 0.003 
217 QAc-G-0192    (0)   :  0.003 0.988 0.004 0.003 0.003 
218 QAc-G-0193    (0)   :  0.005 0.982 0.004 0.005 0.004 
219 QAc-G-0194    (0)   :  0.007 0.979 0.005 0.005 0.004 
220 QAc-G-0195    (0)   :  0.012 0.883 0.092 0.008 0.005 
221 QAc-G-0196    (0)   :  0.005 0.983 0.005 0.004 0.003 
222 QAc-G-0197    (0)   :  0.003 0.988 0.003 0.003 0.003 
223 QAc-G-0198    (0)   :  0.005 0.985 0.003 0.003 0.003 
224 QAc-G-0199    (0)   :  0.025 0.896 0.013 0.059 0.007 
225 QAc-G-0200    (0)   :  0.009 0.978 0.004 0.006 0.003 
226 QAc-G-0201    (0)   :  0.004 0.985 0.004 0.005 0.002 
227 QAc-G-0202    (6)   :  0.004 0.979 0.009 0.004 0.004 
228 QAc-G-0203    (0)   :  0.005 0.972 0.014 0.003 0.006 
229 QAc-G-0204    (0)   :  0.007 0.981 0.005 0.004 0.003 
230 QAc-G-0205    (0)   :  0.003 0.004 0.988 0.003 0.003 
231 QAc-G-0206    (0)   :  0.033 0.004 0.895 0.024 0.044 
232 QAc-G-0207    (0)   :  0.007 0.007 0.970 0.010 0.006 
233 QAc-G-0208    (0)   :  0.003 0.004 0.986 0.004 0.003 
234 QAc-G-0209    (0)   :  0.003 0.007 0.982 0.004 0.003 
235 QAc-G-0210    (0)   :  0.003 0.003 0.987 0.004 0.004 
236 QAc-G-0211    (0)   :  0.003 0.002 0.987 0.004 0.004 
237 QAc-G-0212    (0)   :  0.004 0.004 0.986 0.003 0.003 
238 QAc-G-0213    (0)   :  0.006 0.005 0.982 0.004 0.003 
239 QAc-G-0214    (0)   :  0.003 0.005 0.986 0.003 0.003 
240 QAc-G-0215    (0)   :  0.004 0.004 0.984 0.004 0.003 
241 QAc-G-0216    (0)   :  0.044 0.115 0.364 0.049 0.428 
242 QAc-G-0217    (0)   :  0.006 0.006 0.968 0.009 0.012 
243 QAc-G-0218    (0)   :  0.007 0.005 0.977 0.007 0.004 
244 QAc-G-0219    (0)   :  0.026 0.010 0.926 0.009 0.029 
245 QAc-G-0220    (0)   :  0.007 0.003 0.970 0.010 0.010 
246 QAc-G-0221    (0)   :  0.014 0.009 0.931 0.033 0.012 
247 QAc-G-0222    (0)   :  0.005 0.005 0.985 0.004 0.003 
248 QAc-G-0223    (0)   :  0.005 0.003 0.982 0.006 0.004 
249 QAc-G-0224    (0)   :  0.003 0.005 0.982 0.005 0.004 
250 QAc-G-0226    (0)   :  0.004 0.004 0.984 0.004 0.004 
251 QAc-G-0227    (0)   :  0.978 0.006 0.004 0.005 0.007 
252 QAc-G-0228    (6)   :  0.977 0.005 0.007 0.006 0.005 
253 QAc-G-0229    (0)   :  0.961 0.006 0.008 0.016 0.009 
254 QAc-G-0230    (0)   :  0.959 0.007 0.019 0.007 0.008 
255 QAc-G-0231    (0)   :  0.004 0.007 0.982 0.004 0.004 
256 QAc-G-0232    (0)   :  0.977 0.003 0.003 0.010 0.007 
257 QAc-G-0233    (0)   :  0.581 0.005 0.019 0.390 0.005 
258 QAc-G-0234    (0)   :  0.960 0.017 0.006 0.011 0.006 
259 QAc-G-0235    (0)   :  0.014 0.014 0.015 0.029 0.928 
260 QAc-G-0236    (0)   :  0.978 0.007 0.005 0.004 0.006 
261 QAc-G-0237    (0)   :  0.947 0.012 0.017 0.010 0.014 
262 QAc-G-0238    (0)   :  0.977 0.006 0.008 0.005 0.004 
263 QAc-G-0239    (0)   :  0.978 0.004 0.006 0.007 0.005 
264 QAc-G-0240    (0)   :  0.980 0.004 0.003 0.006 0.008 
265 QAc-G-0241    (0)   :  0.918 0.016 0.011 0.031 0.023 
266 QAc-G-0242    (0)   :  0.965 0.004 0.010 0.013 0.008 
267 QAc-G-0243    (0)   :  0.777 0.004 0.020 0.155 0.044 
268 QAc-G-0244    (0)   :  0.969 0.006 0.008 0.006 0.011 
269 QAc-G-0245    (0)   :  0.977 0.006 0.004 0.005 0.008 
270 QAc-G-0246    (0)   :  0.973 0.009 0.005 0.006 0.007 
271 QAc-G-0247    (0)   :  0.982 0.003 0.005 0.006 0.004 
272 QAc-G-0248    (0)   :  0.984 0.003 0.003 0.004 0.005 
273 QAc-G-0249    (0)   :  0.009 0.011 0.010 0.966 0.005 
274 QAc-G-0025    (0)   :  0.005 0.004 0.985 0.003 0.003 
275 QAc-G-0028    (0)   :  0.893 0.006 0.040 0.057 0.004 
276 QAc-G-0275    (0)   :  0.005 0.013 0.974 0.004 0.004 
277 QAc-G-0263    (0)   :  0.005 0.386 0.013 0.585 0.011 
278 QAc-W-0001    (0)   :  0.968 0.003 0.005 0.005 0.019 
279 QAc-W-0002    (0)   :  0.952 0.017 0.004 0.014 0.013 
280 QAc-W-0003    (0)   :  0.883 0.031 0.044 0.011 0.030 
281 QAc-W-0004    (0)   :  0.973 0.007 0.009 0.007 0.004 
282 QAc-W-0005    (0)   :  0.965 0.009 0.005 0.013 0.008 
283 QAc-W-0006    (0)   :  0.969 0.006 0.007 0.010 0.009 
284 QAc-W-0007   (13)   :  0.978 0.004 0.005 0.007 0.005 
285 QAc-W-0008    (6)   :  0.953 0.004 0.003 0.032 0.007 
286 QAc-W-0009    (0)   :  0.905 0.010 0.007 0.022 0.055 
287 QAc-W-0010    (0)   :  0.813 0.016 0.006 0.141 0.024 
288 QAc-W-0011    (0)   :  0.894 0.065 0.006 0.006 0.029 
289 QAc-W-0012    (0)   :  0.971 0.011 0.005 0.007 0.006 
290 QAc-W-0013    (0)   :  0.861 0.007 0.111 0.006 0.016 
291 QAc-W-0014    (0)   :  0.959 0.005 0.005 0.026 0.005 
292 QAc-W-0015    (0)   :  0.900 0.025 0.030 0.034 0.011 
293 QAc-W-0016    (0)   :  0.620 0.011 0.015 0.332 0.023 
294 QAc-W-0017    (0)   :  0.323 0.075 0.035 0.500 0.068 
295 QAc-W-0018    (0)   :  0.836 0.003 0.031 0.069 0.060 
296 QAc-W-0019    (0)   :  0.965 0.007 0.007 0.012 0.008 
297 QAc-W-0020    (0)   :  0.968 0.005 0.003 0.006 0.017 
298 QAc-W-0021    (0)   :  0.540 0.013 0.312 0.078 0.059 
299 QAc-W-0022    (0)   :  0.533 0.014 0.028 0.405 0.020 
300 QAc-W-0023    (6)   :  0.556 0.004 0.044 0.072 0.325 
301 QAc-W-0024    (0)   :  0.683 0.034 0.237 0.034 0.013 
302 QAc-W-0025    (0)   :  0.980 0.005 0.004 0.006 0.004 
303 QAc-W-0026    (0)   :  0.820 0.057 0.033 0.047 0.043 
304 QAc-W-0027    (0)   :  0.969 0.008 0.004 0.011 0.007 
305 QAc-W-0028    (0)   :  0.978 0.006 0.004 0.007 0.006 
306 QAc-W-0029    (0)   :  0.971 0.003 0.007 0.006 0.014 
307 QAc-W-0030    (0)   :  0.975 0.009 0.005 0.005 0.006 
308 QAc-W-0031    (0)   :  0.927 0.004 0.057 0.006 0.006 
309 QAc-W-0032    (0)   :  0.979 0.003 0.004 0.010 0.005 
310 QAc-W-0033    (0)   :  0.905 0.006 0.013 0.058 0.019 
311 QAc-W-0034    (0)   :  0.970 0.004 0.005 0.007 0.014 
312 QAc-W-0035    (0)   :  0.871 0.032 0.021 0.065 0.010 
313 QAc-W-0036    (0)   :  0.962 0.004 0.004 0.008 0.023 
314 QAc-W-0037    (0)   :  0.960 0.016 0.010 0.007 0.007 
315 QAc-W-0038    (0)   :  0.958 0.013 0.005 0.010 0.014 
316 QAc-W-0039    (0)   :  0.954 0.016 0.009 0.007 0.013 
317 QAc-W-0040    (0)   :  0.721 0.010 0.010 0.244 0.014 
318 QAc-W-0041    (0)   :  0.874 0.014 0.066 0.015 0.032 
319 QAc-W-0042    (0)   :  0.015 0.022 0.014 0.005 0.943 
320 QAc-W-0043    (0)   :  0.034 0.044 0.012 0.007 0.903 
321 QAc-W-0044    (0)   :  0.051 0.031 0.007 0.021 0.891 
322 QAc-W-0045    (0)   :  0.008 0.010 0.006 0.005 0.971 
323 QAc-W-0046    (0)   :  0.017 0.025 0.017 0.007 0.933 
324 QAc-W-0047    (0)   :  0.021 0.017 0.004 0.014 0.944 
325 QAc-W-0048    (0)   :  0.013 0.004 0.007 0.006 0.970 
326 QAc-W-0049    (0)   :  0.007 0.005 0.007 0.005 0.977 
327 QAc-W-0050    (0)   :  0.007 0.009 0.026 0.030 0.928 
328 QAc-W-0051    (0)   :  0.011 0.017 0.015 0.009 0.948 
329 QAc-W-0052    (0)   :  0.010 0.004 0.004 0.005 0.977 
330 QAc-W-0053    (0)   :  0.009 0.004 0.004 0.010 0.974 
331 QAc-W-0054    (0)   :  0.012 0.208 0.006 0.395 0.378 
332 QAc-W-0055    (0)   :  0.010 0.548 0.080 0.090 0.271 
333 QAc-W-0056    (0)   :  0.182 0.024 0.074 0.239 0.481 
334 QAc-W-0057    (0)   :  0.009 0.029 0.091 0.031 0.841 
335 QAc-W-0058    (0)   :  0.005 0.015 0.243 0.008 0.729 
336 QAc-W-0059    (0)   :  0.006 0.005 0.003 0.004 0.982 
337 QAc-W-0060    (0)   :  0.112 0.727 0.006 0.061 0.095 
338 QAc-W-0061    (0)   :  0.018 0.802 0.012 0.143 0.025 
339 QAc-W-0062    (0)   :  0.013 0.672 0.021 0.255 0.039 
340 QAc-W-0063    (0)   :  0.056 0.426 0.030 0.230 0.259 
341 QAc-W-0064    (0)   :  0.065 0.654 0.021 0.242 0.017 
342 QAc-W-0065    (0)   :  0.042 0.506 0.011 0.411 0.030 
343 QAc-W-0066    (0)   :  0.004 0.986 0.005 0.003 0.003 
344 QAc-W-0067    (0)   :  0.003 0.986 0.004 0.003 0.003 
345 QAc-W-0068    (0)   :  0.004 0.988 0.003 0.003 0.003 
346 QAc-W-0069    (0)   :  0.004 0.985 0.004 0.003 0.003 
347 QAc-W-0070    (0)   :  0.003 0.988 0.003 0.003 0.003 
348 QAc-W-0071    (6)   :  0.005 0.957 0.006 0.027 0.005 
349 QAc-W-0072    (0)   :  0.012 0.165 0.009 0.796 0.018 
350 QAc-W-0073    (0)   :  0.036 0.370 0.015 0.083 0.495 
351 QAc-W-0074    (0)   :  0.014 0.781 0.010 0.185 0.009 
352 QAc-W-0075    (0)   :  0.011 0.938 0.008 0.029 0.015 
353 QAc-W-0076    (0)   :  0.006 0.646 0.010 0.330 0.008 
354 QAc-W-0077    (0)   :  0.024 0.791 0.004 0.039 0.142 
355 QAc-W-0078    (0)   :  0.067 0.047 0.672 0.185 0.028 
356 QAc-W-0079    (6)   :  0.013 0.027 0.943 0.010 0.008 
357 QAc-W-0080   (13)   :  0.032 0.005 0.948 0.008 0.007 
358 QAc-W-0081    (0)   :  0.007 0.004 0.979 0.005 0.006 
359 QAc-W-0082    (0)   :  0.007 0.005 0.606 0.008 0.375 
360 QAc-W-0083    (0)   :  0.021 0.036 0.880 0.045 0.019 
361 QAc-W-0084    (0)   :  0.006 0.004 0.982 0.004 0.004 
362 QAc-W-0085    (0)   :  0.003 0.005 0.984 0.005 0.004 
363 QAc-W-0086    (0)   :  0.005 0.006 0.976 0.008 0.004 
364 QAc-W-0087    (0)   :  0.007 0.007 0.968 0.011 0.007 
365 QAc-W-0088    (0)   :  0.007 0.004 0.946 0.015 0.028 
366 QAc-W-0089    (0)   :  0.008 0.007 0.978 0.003 0.004 
367 QAc-W-0090    (0)   :  0.007 0.006 0.978 0.004 0.004 
368 QAc-W-0091    (0)   :  0.006 0.007 0.958 0.013 0.015 
369 QAc-W-0092    (0)   :  0.185 0.007 0.663 0.012 0.133 
370 QAc-W-0093    (0)   :  0.110 0.003 0.800 0.045 0.041 
371 QAc-W-0094    (0)   :  0.083 0.006 0.607 0.028 0.276 
372 QAc-W-0095    (0)   :  0.020 0.006 0.931 0.009 0.035 
373 QAc-W-0096    (0)   :  0.040 0.021 0.741 0.050 0.149 
374 QAc-W-0097    (0)   :  0.119 0.009 0.758 0.008 0.105 
375 QAc-W-0098    (0)   :  0.006 0.004 0.979 0.005 0.007 
376 QAc-W-0099    (0)   :  0.024 0.004 0.797 0.142 0.033 
377 QAc-W-0100    (0)   :  0.006 0.004 0.973 0.012 0.005 
378 QAc-W-0101    (0)   :  0.007 0.033 0.944 0.011 0.005 
379 QAc-W-0104    (0)   :  0.011 0.004 0.941 0.028 0.016 
380 QAc-W-0105    (0)   :  0.007 0.005 0.978 0.005 0.005 
381 QAc-W-0106    (0)   :  0.017 0.005 0.947 0.016 0.015 
382 QAc-W-0107    (0)   :  0.004 0.006 0.982 0.005 0.004 
383 QAc-W-0108    (0)   :  0.004 0.007 0.983 0.004 0.003 
384 QAc-W-0109    (0)   :  0.013 0.021 0.949 0.005 0.012 
385 QAc-W-0110   (13)   :  0.612 0.009 0.324 0.046 0.008 
386 QAc-W-0111    (6)   :  0.008 0.007 0.976 0.005 0.005 
387 QAc-W-0112   (13)   :  0.013 0.004 0.951 0.021 0.011 
388 QAc-W-0113   (13)   :  0.011 0.004 0.007 0.973 0.006 
389 QAc-W-0114   (13)   :  0.006 0.005 0.018 0.952 0.020 
390 QAc-W-0115    (0)   :  0.009 0.006 0.006 0.975 0.004 
391 QAc-W-0116    (0)   :  0.019 0.002 0.005 0.953 0.020 
392 QAc-W-0117    (0)   :  0.008 0.004 0.003 0.979 0.006 
393 QAc-W-0118    (0)   :  0.006 0.023 0.014 0.952 0.005 
394 QAc-W-0119    (0)   :  0.007 0.007 0.004 0.975 0.007 
395 QAc-W-0120    (0)   :  0.009 0.011 0.006 0.967 0.006 
396 QAc-W-0121    (0)   :  0.009 0.034 0.004 0.946 0.007 
397 QAc-W-0122    (0)   :  0.013 0.004 0.006 0.966 0.012 
398 QAc-W-0123    (6)   :  0.009 0.009 0.011 0.959 0.013 
399 QAc-W-0124    (0)   :  0.037 0.034 0.031 0.891 0.007 
400 QAc-W-0125    (0)   :  0.006 0.008 0.013 0.965 0.008 
401 QAc-W-0126   (13)   :  0.009 0.007 0.018 0.952 0.013 
402 QAc-W-0127    (6)   :  0.009 0.005 0.004 0.977 0.006 
403 QAc-W-0128   (13)   :  0.012 0.011 0.037 0.931 0.009 
404 QAc-W-0129   (13)   :  0.033 0.007 0.006 0.943 0.011 
405 QAc-W-0130   (13)   :  0.021 0.006 0.007 0.960 0.006 
406 QAc-W-0131    (0)   :  0.006 0.005 0.006 0.968 0.016 
407 QAc-W-0132    (6)   :  0.033 0.052 0.017 0.887 0.010 
408 QAc-W-0133    (6)   :  0.007 0.180 0.081 0.721 0.012 
409 QAc-W-0134    (0)   :  0.006 0.005 0.005 0.978 0.007 
410 QAc-W-0135    (0)   :  0.061 0.016 0.006 0.911 0.006 
411 QAc-W-0136    (0)   :  0.006 0.003 0.003 0.981 0.006 
412 QAc-W-0137    (0)   :  0.005 0.004 0.003 0.984 0.005 
413 QAc-W-0138    (0)   :  0.007 0.004 0.003 0.982 0.004 
414 QAc-W-0139    (0)   :  0.047 0.016 0.039 0.888 0.010 
415 QAc-W-0140    (0)   :  0.042 0.006 0.007 0.922 0.024 
416 QAc-W-0141    (6)   :  0.052 0.020 0.006 0.911 0.011 
417 QAc-W-0142    (0)   :  0.005 0.007 0.004 0.980 0.004 
418 QAc-W-0143    (0)   :  0.005 0.004 0.008 0.977 0.006 
419 QAc-W-0144    (0)   :  0.008 0.003 0.006 0.940 0.042 
420 QAc-W-0145    (0)   :  0.004 0.003 0.003 0.984 0.005 
421 QAc-W-0146    (0)   :  0.023 0.005 0.006 0.960 0.006 
422 QAc-W-0147    (0)   :  0.005 0.004 0.005 0.982 0.004 
423 QAc-W-0148    (0)   :  0.009 0.005 0.003 0.977 0.005 
424 QAc-W-0149    (0)   :  0.009 0.004 0.009 0.952 0.025 
425 QAc-W-0150    (0)   :  0.065 0.006 0.018 0.902 0.009 
426 QAc-W-0151    (0)   :  0.016 0.005 0.006 0.968 0.006 
427 QAc-W-0152    (0)   :  0.006 0.006 0.005 0.978 0.006 
428 QAc-W-0153    (0)   :  0.322 0.017 0.131 0.491 0.039 
429 QAc-W-0154    (0)   :  0.019 0.004 0.004 0.969 0.004 
430 QAc-W-0155    (0)   :  0.007 0.004 0.003 0.982 0.004 
431 QAc-W-0156    (0)   :  0.053 0.004 0.085 0.850 0.008 
432 QAc-W-0157    (0)   :  0.012 0.011 0.004 0.954 0.019 
433 QAc-W-0158    (0)   :  0.040 0.018 0.032 0.905 0.005 
434 QAc-W-0159    (0)   :  0.008 0.006 0.005 0.974 0.007 
435 QAc-W-0160    (0)   :  0.027 0.004 0.006 0.958 0.005 
436 QAc-W-0161    (0)   :  0.055 0.005 0.004 0.900 0.036 
437 QAc-W-0162    (0)   :  0.004 0.033 0.004 0.926 0.033 
438 QAc-W-0163    (0)   :  0.008 0.005 0.004 0.958 0.026 
439 QAc-W-0164    (0)   :  0.005 0.006 0.005 0.977 0.006 
440 QAc-W-0165    (0)   :  0.007 0.021 0.003 0.960 0.009 
441 QAc-W-0166    (0)   :  0.021 0.006 0.004 0.963 0.006 


Estimated Allele Frequencies in each cluster
First column gives estimated ancestral frequencies


Locus 1 : 
21 alleles
0.5% missing data
 210   (0.112) 0.044 0.002 0.217 0.153 0.167 
 212   (0.112) 0.189 0.208 0.220 0.099 0.032 
 202   (0.073) 0.055 0.001 0.137 0.019 0.120 
 226   (0.053) 0.002 0.181 0.112 0.007 0.090 
 216   (0.077) 0.010 0.001 0.094 0.093 0.138 
 200   (0.185) 0.500 0.382 0.128 0.205 0.195 
 224   (0.035) 0.083 0.143 0.002 0.006 0.004 
 218   (0.049) 0.028 0.001 0.056 0.129 0.004 
 222   (0.027) 0.002 0.000 0.001 0.158 0.004 
 228   (0.014) 0.000 0.062 0.000 0.002 0.001 
 214   (0.053) 0.002 0.016 0.001 0.055 0.112 
 208   (0.048) 0.073 0.001 0.029 0.006 0.033 
 220   (0.022) 0.003 0.000 0.000 0.016 0.002 
 206   (0.034) 0.003 0.000 0.001 0.025 0.039 
 196   (0.012) 0.000 0.000 0.000 0.007 0.001 
 238   (0.013) 0.000 0.000 0.000 0.007 0.001 
 121   (0.015) 0.005 0.000 0.000 0.001 0.001 
 204   (0.018) 0.001 0.000 0.000 0.002 0.016 
 190   (0.016) 0.000 0.000 0.000 0.007 0.001 
 198   (0.015) 0.000 0.000 0.000 0.001 0.006 
 232   (0.017) 0.001 0.000 0.000 0.001 0.032 

Locus 2 : 
15 alleles
1.6% missing data
 171   (0.171) 0.340 0.002 0.155 0.073 0.444 
 175   (0.104) 0.037 0.124 0.243 0.027 0.085 
 185   (0.060) 0.009 0.002 0.143 0.193 0.007 
 181   (0.079) 0.103 0.345 0.346 0.009 0.055 
 179   (0.100) 0.008 0.104 0.002 0.255 0.126 
 173   (0.182) 0.328 0.328 0.064 0.181 0.129 
 177   (0.045) 0.001 0.092 0.001 0.061 0.012 
 183   (0.066) 0.003 0.001 0.021 0.093 0.072 
 187   (0.067) 0.073 0.001 0.001 0.059 0.044 
 189   (0.031) 0.093 0.000 0.001 0.023 0.002 
 191   (0.029) 0.001 0.000 0.023 0.002 0.016 
 163   (0.016) 0.001 0.000 0.000 0.007 0.001 
 165   (0.017) 0.001 0.000 0.000 0.007 0.001 
 193   (0.016) 0.001 0.000 0.000 0.003 0.004 
 169   (0.017) 0.001 0.000 0.000 0.007 0.001 

Locus 3 : 
7 alleles
2.5% missing data
 206   (0.814) 0.923 0.984 0.981 0.925 0.931 
 208   (0.058) 0.071 0.001 0.002 0.041 0.020 
 198   (0.017) 0.001 0.000 0.006 0.002 0.001 
 204   (0.053) 0.002 0.014 0.010 0.015 0.031 
 218   (0.022) 0.001 0.000 0.000 0.006 0.009 
 230   (0.017) 0.001 0.000 0.000 0.002 0.006 
 212   (0.019) 0.003 0.000 0.001 0.010 0.002 

Locus 4 : 
15 alleles
3.6% missing data
 165   (0.104) 0.127 0.086 0.596 0.028 0.035 
 173   (0.036) 0.002 0.000 0.327 0.005 0.017 
 163   (0.149) 0.106 0.007 0.007 0.301 0.183 
 167   (0.146) 0.193 0.002 0.024 0.152 0.236 
 161   (0.287) 0.513 0.886 0.013 0.399 0.406 
 153   (0.018) 0.010 0.000 0.000 0.002 0.001 
 171   (0.046) 0.002 0.001 0.009 0.022 0.038 
 179   (0.015) 0.004 0.000 0.000 0.002 0.002 
 157   (0.036) 0.036 0.001 0.001 0.005 0.021 
 149   (0.017) 0.001 0.000 0.000 0.002 0.006 
 177   (0.044) 0.003 0.001 0.017 0.030 0.009 
 155   (0.020) 0.002 0.000 0.000 0.013 0.001 
 175   (0.019) 0.001 0.000 0.000 0.002 0.011 
 169   (0.032) 0.002 0.000 0.005 0.005 0.032 
 159   (0.030) 0.001 0.017 0.001 0.031 0.002 

Locus 5 : 
16 alleles
0.0% missing data
 148   (0.109) 0.127 0.372 0.390 0.088 0.029 
 160   (0.032) 0.002 0.000 0.078 0.003 0.030 
 146   (0.095) 0.045 0.338 0.286 0.030 0.068 
 154   (0.051) 0.004 0.027 0.003 0.196 0.010 
 150   (0.055) 0.064 0.010 0.001 0.011 0.078 
 138   (0.113) 0.077 0.004 0.095 0.236 0.090 
 166   (0.038) 0.016 0.000 0.001 0.003 0.193 
 164   (0.027) 0.001 0.000 0.000 0.008 0.023 
 142   (0.030) 0.001 0.001 0.001 0.015 0.026 
 144   (0.150) 0.259 0.205 0.015 0.133 0.233 
 140   (0.082) 0.193 0.001 0.002 0.145 0.096 
 158   (0.060) 0.020 0.001 0.048 0.025 0.036 
 162   (0.033) 0.006 0.000 0.068 0.007 0.007 
 152   (0.083) 0.184 0.040 0.002 0.096 0.040 
 134   (0.018) 0.001 0.000 0.000 0.001 0.027 
 156   (0.024) 0.001 0.000 0.010 0.002 0.013 

Locus 6 : 
12 alleles
0.0% missing data
 225   (0.048) 0.002 0.196 0.108 0.028 0.003 
 239   (0.124) 0.080 0.488 0.034 0.035 0.124 
 229   (0.024) 0.005 0.000 0.327 0.002 0.002 
 235   (0.257) 0.304 0.267 0.407 0.394 0.100 
 237   (0.166) 0.284 0.035 0.009 0.240 0.147 
 233   (0.112) 0.260 0.009 0.044 0.028 0.147 
 227   (0.032) 0.001 0.000 0.001 0.002 0.331 
 245   (0.064) 0.024 0.001 0.001 0.081 0.039 
 241   (0.074) 0.003 0.002 0.068 0.065 0.075 
 231   (0.041) 0.001 0.000 0.001 0.076 0.023 
 243   (0.043) 0.035 0.000 0.001 0.041 0.007 
 251   (0.016) 0.001 0.000 0.000 0.007 0.001 

Locus 7 : 
7 alleles
0.0% missing data
 118   (0.817) 0.865 0.982 0.962 0.984 0.795 
 124   (0.051) 0.123 0.001 0.001 0.004 0.136 
 116   (0.024) 0.001 0.001 0.001 0.002 0.042 
 114   (0.048) 0.010 0.005 0.024 0.005 0.014 
 122   (0.017) 0.001 0.000 0.000 0.001 0.006 
 112   (0.025) 0.001 0.000 0.012 0.002 0.006 
 120   (0.017) 0.001 0.012 0.000 0.001 0.001 

Locus 8 : 
5 alleles
0.5% missing data
 135   (0.059) 0.108 0.005 0.017 0.038 0.004 
 139   (0.703) 0.790 0.962 0.899 0.672 0.810 
 137   (0.193) 0.101 0.033 0.082 0.194 0.182 
 143   (0.023) 0.001 0.000 0.000 0.064 0.002 
 141   (0.022) 0.001 0.000 0.001 0.032 0.002 

Locus 9 : 
15 alleles
1.6% missing data
 116   (0.215) 0.469 0.180 0.370 0.347 0.059 
 112   (0.117) 0.047 0.066 0.077 0.172 0.034 
 118   (0.119) 0.030 0.002 0.515 0.145 0.081 
 122   (0.062) 0.003 0.546 0.001 0.009 0.360 
 114   (0.169) 0.260 0.134 0.025 0.224 0.130 
 120   (0.068) 0.084 0.001 0.001 0.030 0.092 
 130   (0.040) 0.080 0.000 0.001 0.003 0.072 
 124   (0.056) 0.002 0.066 0.001 0.040 0.041 
 110   (0.017) 0.002 0.000 0.000 0.006 0.002 
 134   (0.017) 0.001 0.000 0.000 0.006 0.003 
 128   (0.029) 0.010 0.000 0.001 0.002 0.046 
 126   (0.040) 0.010 0.001 0.001 0.007 0.069 
 108   (0.017) 0.002 0.000 0.000 0.005 0.006 
 106   (0.015) 0.001 0.001 0.000 0.002 0.004 
 138   (0.017) 0.001 0.000 0.005 0.001 0.001 

Locus 10 : 
8 alleles
0.0% missing data
 232   (0.759) 0.924 0.996 0.974 0.847 0.712 
 238   (0.106) 0.031 0.001 0.002 0.137 0.235 
 220   (0.018) 0.030 0.000 0.000 0.001 0.001 
 226   (0.018) 0.001 0.000 0.011 0.002 0.001 
 234   (0.027) 0.013 0.000 0.001 0.006 0.006 
 240   (0.020) 0.001 0.000 0.000 0.002 0.011 
 236   (0.022) 0.001 0.001 0.001 0.003 0.015 
 244   (0.029) 0.001 0.000 0.011 0.002 0.018 

Locus 11 : 
8 alleles
0.0% missing data
 165   (0.720) 0.809 0.762 0.860 0.855 0.825 
 167   (0.110) 0.008 0.235 0.127 0.098 0.059 
 161   (0.081) 0.178 0.001 0.010 0.018 0.104 
 153   (0.018) 0.002 0.000 0.002 0.003 0.001 
 169   (0.018) 0.001 0.002 0.000 0.002 0.005 
 155   (0.015) 0.000 0.000 0.000 0.007 0.001 
 173   (0.018) 0.001 0.000 0.000 0.004 0.004 
 163   (0.020) 0.001 0.000 0.000 0.014 0.001 

Locus 12 : 
9 alleles
0.0% missing data
 137   (0.508) 0.332 0.436 0.295 0.772 0.638 
 140   (0.148) 0.416 0.010 0.347 0.090 0.065 
 134   (0.228) 0.243 0.552 0.353 0.099 0.263 
 149   (0.018) 0.001 0.000 0.000 0.007 0.002 
 131   (0.017) 0.001 0.000 0.003 0.002 0.002 
 143   (0.021) 0.001 0.000 0.000 0.002 0.022 
 128   (0.017) 0.001 0.000 0.000 0.001 0.006 
 125   (0.027) 0.005 0.000 0.000 0.022 0.002 
 146   (0.017) 0.002 0.000 0.001 0.005 0.001 

Locus 13 : 
20 alleles
0.2% missing data
 206   (0.146) 0.136 0.030 0.420 0.182 0.115 
 210   (0.068) 0.150 0.355 0.271 0.041 0.006 
 190   (0.044) 0.049 0.001 0.001 0.138 0.007 
 202   (0.095) 0.055 0.001 0.069 0.046 0.294 
 214   (0.034) 0.033 0.171 0.001 0.004 0.007 
 212   (0.037) 0.003 0.135 0.001 0.194 0.003 
 192   (0.082) 0.245 0.001 0.029 0.033 0.111 
 204   (0.053) 0.021 0.004 0.001 0.036 0.045 
 184   (0.057) 0.055 0.003 0.087 0.098 0.005 
 216   (0.020) 0.116 0.001 0.000 0.002 0.001 
 208   (0.045) 0.087 0.022 0.001 0.051 0.003 
 200   (0.077) 0.017 0.002 0.087 0.040 0.165 
 198   (0.030) 0.001 0.000 0.001 0.039 0.027 
 194   (0.085) 0.008 0.187 0.029 0.050 0.156 
 186   (0.026) 0.001 0.085 0.001 0.003 0.008 
 188   (0.021) 0.004 0.000 0.000 0.002 0.017 
 196   (0.031) 0.001 0.000 0.001 0.032 0.017 
 220   (0.016) 0.001 0.000 0.000 0.003 0.005 
 180   (0.017) 0.002 0.000 0.000 0.006 0.006 
 182   (0.016) 0.015 0.000 0.000 0.001 0.001 

Locus 14 : 
8 alleles
1.6% missing data
 139   (0.088) 0.111 0.135 0.200 0.012 0.047 
 145   (0.080) 0.026 0.011 0.112 0.142 0.010 
 151   (0.344) 0.276 0.451 0.565 0.387 0.370 
 157   (0.291) 0.548 0.134 0.096 0.296 0.351 
 154   (0.088) 0.034 0.268 0.002 0.120 0.034 
 163   (0.037) 0.002 0.000 0.023 0.004 0.057 
 142   (0.034) 0.002 0.000 0.002 0.025 0.018 
 160   (0.038) 0.001 0.000 0.001 0.014 0.112 

Locus 15 : 
14 alleles
1.1% missing data
 256   (0.154) 0.149 0.162 0.131 0.131 0.145 
 262   (0.026) 0.001 0.000 0.410 0.003 0.011 
 246   (0.079) 0.107 0.001 0.101 0.022 0.078 
 258   (0.156) 0.288 0.002 0.025 0.236 0.253 
 254   (0.103) 0.062 0.182 0.003 0.077 0.133 
 250   (0.033) 0.001 0.549 0.001 0.029 0.005 
 242   (0.108) 0.010 0.086 0.188 0.160 0.066 
 252   (0.084) 0.075 0.007 0.129 0.045 0.055 
 248   (0.136) 0.198 0.009 0.004 0.220 0.220 
 260   (0.053) 0.106 0.001 0.005 0.019 0.023 
 264   (0.014) 0.000 0.000 0.000 0.007 0.001 
 244   (0.026) 0.001 0.000 0.003 0.042 0.004 
 276   (0.013) 0.000 0.000 0.000 0.007 0.001 
 240   (0.016) 0.000 0.000 0.000 0.001 0.006 

Values of parameters used in structure:
DATAFILE=C:\Users\eschumacher\Documents\GitHub\GCC_QUAC_ZAIN\Data_Files\Structure_Files\QUAC\QUAC_woK_nopopinfo_garden_wild\QUAC_woK_nopopinfo_garden_wild\project_data,	OUTFILE=C:\Users\eschumacher\Documents\GitHub\GCC_QUAC_ZAIN\Data_Files\Structure_Files\QUAC\QUAC_woK_nopopinfo_garden_wild\QUAC_woK_nopopinfo_garden_wild\50-50\Results\50-50_run_23,	NUMINDS=441,	NUMLOCI=15,	MISSING=-9,	LABEL=1,	POPDATA=0,	POPFLAG=0,	PHENOTYPE=0,	EXTRACOLS=0,	MAXPOPS=5,	BURNIN=50000,	NUMREPS=50000,	USEPOPINFO=0,	INFERALPHA=1,	INFERLAMBDA=0,	POPSPECIFICLAMBDA=0,	POPALPHAS=0,	COMPUTEPROB=1,	NOADMIX=0,	ADMBURNIN=2500,	UPDATEFREQ=1,	PRINTLIKES=0,	INTERMEDSAVE=0,	PRINTKLD=0,	PRINTNET=0,	PRINTLAMBDA=0,	ANCESTDIST=0,	NUMBOXES=1000,	ANCESTPINT=0.90000,	GENSBACK=2,	MIGRPRIOR=0.05000,	PRINTQHAT=0,	PRINTQSUM=0,	ALPHA=1.0000,	FREQSCORR=1,	FPRIORMEAN=0.0100,	FPRIORSD=0.0500,	ONEFST=0,	LAMBDA=1.0000,	UNIFPRIORALPHA=1,	ALPHAMAX=10.0000,	ALPHAPRIORA=1.0000,	ALPHAPRIORB=2.0000,	ALPHAPROPSD=0.0250,	STARTATPOPINFO=0,	RANDOMIZE=1,	LINKAGE=0,	METROFREQ=10,	REPORTHITRATE=0,	MARKOVPHASE=-1,	PHASED=0,	PLOIDY=2,	PHASEINFO=0	LOCPRIOR=0, 	LOCPRIORINIT=1.000000, 	LOCDATA=0, 	LOCISPOP=0, 	LOCPRIORSTEP=0.100000, 	MAXLOCPRIOR=20.000000, 	SEED=1670366798,	
[STRAT parameters]:    NUMSIMSTATS=1000,	PHENOTYPECOL=-9,	POOLFREQ=10,	LOCUSxONLY=0,	EMERROR=0.00100,	MISSINGPHENO=-9,	