

----------------------------------------------------
STRUCTURE by Pritchard, Stephens and Donnelly (2000)
     and Falush, Stephens and Pritchard (2003)
       Code by Pritchard, Falush and Hubisz
             Version 2.3.4 (Jul 2012)
----------------------------------------------------



Command line arguments:   bin\structure -m C:\Users\eschumacher\Documents\GitHub\GCC_QUAC_ZAIN\Data_Files\Structure_Files\QUAC\QUAC_woK_nopopinfo_garden_wild\QUAC_woK_nopopinfo_garden_wild\50-50\mainparams -e C:\Users\eschumacher\Documents\GitHub\GCC_QUAC_ZAIN\Data_Files\Structure_Files\QUAC\QUAC_woK_nopopinfo_garden_wild\QUAC_woK_nopopinfo_garden_wild\50-50\extraparams 
Input File:    C:\Users\eschumacher\Documents\GitHub\GCC_QUAC_ZAIN\Data_Files\Structure_Files\QUAC\QUAC_woK_nopopinfo_garden_wild\QUAC_woK_nopopinfo_garden_wild\project_data

Run parameters:
   441 individuals
   15 loci
   12 populations assumed
   50000 Burn-in period
   50000 Reps


--------------------------------------------
Overall proportion of membership of the
sample in each of the 12 clusters

Inferred Clusters
  1      2      3      4      5      6      7      8      9     10     11     12    
0.072  0.118  0.076  0.122  0.063  0.093  0.141  0.041  0.033  0.069  0.050  0.122  

--------------------------------------------

Allele-freq. divergence among pops (Net nucleotide distance),
computed using point estimates of P.

      1       2       3       4       5       6       7       8       9      10      11      12      
 1      -    0.0836  0.1707  0.1276  0.0954  0.0844  0.1420  0.0433  0.0648  0.1190  0.0370  0.0770  
 2   0.0836     -    0.1665  0.1170  0.1091  0.0410  0.1232  0.0897  0.0693  0.1131  0.0404  0.0736  
 3   0.1707  0.1665     -    0.0827  0.1421  0.1440  0.1922  0.1869  0.1488  0.2249  0.1195  0.1615  
 4   0.1276  0.1170  0.0827     -    0.1180  0.0984  0.1421  0.1322  0.0988  0.1592  0.0678  0.0979  
 5   0.0954  0.1091  0.1421  0.1180     -    0.1020  0.0943  0.1027  0.0786  0.1442  0.0623  0.0864  
 6   0.0844  0.0410  0.1440  0.0984  0.1020     -    0.1211  0.0835  0.0658  0.1029  0.0354  0.0576  
 7   0.1420  0.1232  0.1922  0.1421  0.0943  0.1211     -    0.1207  0.1165  0.1704  0.0973  0.1312  
 8   0.0433  0.0897  0.1869  0.1322  0.1027  0.0835  0.1207     -    0.0652  0.1046  0.0511  0.0776  
 9   0.0648  0.0693  0.1488  0.0988  0.0786  0.0658  0.1165  0.0652     -    0.0944  0.0227  0.0526  
10   0.1190  0.1131  0.2249  0.1592  0.1442  0.1029  0.1704  0.1046  0.0944     -    0.0848  0.1040  
11   0.0370  0.0404  0.1195  0.0678  0.0623  0.0354  0.0973  0.0511  0.0227  0.0848     -    0.0304  
12   0.0770  0.0736  0.1615  0.0979  0.0864  0.0576  0.1312  0.0776  0.0526  0.1040  0.0304     -    

Average distances (expected heterozygosity) between individuals in same cluster:
cluster  1  : 0.6113 
cluster  2  : 0.5469 
cluster  3  : 0.3919 
cluster  4  : 0.5008 
cluster  5  : 0.5082 
cluster  6  : 0.5427 
cluster  7  : 0.3981 
cluster  8  : 0.5422 
cluster  9  : 0.6449 
cluster 10  : 0.4612 
cluster 11  : 0.6927 
cluster 12  : 0.5516 

--------------------------------------------
Estimated Ln Prob of Data   = -15157.6
Mean value of ln likelihood = -14597.8
Variance of ln likelihood   = 1119.5
Mean value of alpha         = 0.0329

Mean value of Fst_1         = 0.1125
Mean value of Fst_2         = 0.2172
Mean value of Fst_3         = 0.5522
Mean value of Fst_4         = 0.2550
Mean value of Fst_5         = 0.2699
Mean value of Fst_6         = 0.1629
Mean value of Fst_7         = 0.4995
Mean value of Fst_8         = 0.2354
Mean value of Fst_9         = 0.1269
Mean value of Fst_10         = 0.4189
Mean value of Fst_11         = 0.0047
Mean value of Fst_12         = 0.1464


Inferred ancestry of individuals:
        Label (%Miss) :  Inferred clusters
  1 QAc-G-0029    (0)   :  0.004 0.059 0.635 0.156 0.007 0.020 0.024 0.004 0.012 0.006 0.056 0.017 
  2 QAc-G-0030    (0)   :  0.002 0.002 0.976 0.003 0.002 0.002 0.002 0.002 0.002 0.002 0.002 0.002 
  3 QAc-G-0031    (0)   :  0.002 0.002 0.968 0.005 0.004 0.003 0.004 0.002 0.003 0.002 0.003 0.003 
  4 QAc-G-0061    (0)   :  0.002 0.005 0.126 0.838 0.003 0.005 0.004 0.003 0.003 0.004 0.003 0.005 
  5 QAc-G-0062    (0)   :  0.006 0.004 0.006 0.005 0.339 0.009 0.020 0.006 0.056 0.404 0.061 0.085 
  6 QAc-G-0063    (0)   :  0.009 0.053 0.005 0.004 0.148 0.077 0.541 0.006 0.031 0.014 0.082 0.030 
  7 QAc-G-0064    (0)   :  0.003 0.005 0.003 0.003 0.006 0.003 0.005 0.005 0.003 0.958 0.003 0.003 
  8 QAc-G-0065    (0)   :  0.003 0.003 0.008 0.003 0.002 0.003 0.003 0.008 0.003 0.960 0.003 0.002 
  9 QAc-G-0066    (0)   :  0.002 0.003 0.004 0.004 0.004 0.003 0.968 0.002 0.003 0.002 0.003 0.003 
 10 QAc-G-0067    (0)   :  0.004 0.003 0.005 0.008 0.002 0.003 0.003 0.003 0.003 0.960 0.003 0.003 
 11 QAc-G-0068    (0)   :  0.009 0.003 0.002 0.003 0.004 0.003 0.530 0.003 0.426 0.005 0.005 0.006 
 12 QAc-G-0070    (0)   :  0.008 0.006 0.004 0.006 0.094 0.014 0.529 0.004 0.008 0.009 0.016 0.303 
 13 QAc-G-0071   (13)   :  0.008 0.004 0.017 0.012 0.052 0.003 0.880 0.005 0.004 0.002 0.006 0.006 
 14 QAc-G-0072    (0)   :  0.002 0.004 0.003 0.003 0.003 0.004 0.963 0.003 0.003 0.003 0.003 0.004 
 15 QAc-G-0073    (0)   :  0.003 0.960 0.003 0.004 0.003 0.009 0.003 0.003 0.003 0.003 0.004 0.004 
 16 QAc-G-0074    (0)   :  0.010 0.290 0.004 0.004 0.118 0.309 0.153 0.024 0.006 0.005 0.039 0.037 
 17 QAc-G-0075    (0)   :  0.016 0.518 0.023 0.006 0.012 0.344 0.025 0.008 0.012 0.008 0.023 0.006 
 18 QAc-G-0076    (0)   :  0.003 0.503 0.010 0.012 0.005 0.223 0.014 0.100 0.008 0.011 0.098 0.013 
 19 QAc-G-0077    (0)   :  0.004 0.004 0.126 0.823 0.006 0.009 0.008 0.004 0.004 0.007 0.004 0.003 
 20 QAc-G-0078    (0)   :  0.002 0.002 0.976 0.003 0.002 0.002 0.002 0.002 0.002 0.002 0.002 0.002 
 21 QAc-G-0079    (0)   :  0.003 0.003 0.971 0.004 0.003 0.003 0.003 0.003 0.002 0.002 0.002 0.003 
 22 QAc-G-0080    (0)   :  0.011 0.106 0.003 0.755 0.014 0.010 0.005 0.010 0.019 0.015 0.048 0.004 
 23 QAc-G-0081    (0)   :  0.018 0.009 0.007 0.006 0.027 0.025 0.004 0.005 0.017 0.004 0.712 0.166 
 24 QAc-G-0082    (0)   :  0.017 0.016 0.002 0.005 0.006 0.008 0.002 0.004 0.010 0.002 0.911 0.015 
 25 QAc-G-0083    (0)   :  0.005 0.013 0.009 0.015 0.829 0.076 0.011 0.005 0.005 0.012 0.010 0.009 
 26 QAc-G-0001   (13)   :  0.003 0.002 0.968 0.005 0.003 0.003 0.004 0.003 0.002 0.002 0.002 0.003 
 27 QAc-G-0002    (0)   :  0.002 0.002 0.974 0.005 0.002 0.002 0.003 0.002 0.002 0.002 0.002 0.002 
 28 QAc-G-0285    (0)   :  0.009 0.004 0.005 0.006 0.929 0.005 0.013 0.006 0.005 0.004 0.006 0.007 
 29 QAc-G-0286    (0)   :  0.003 0.003 0.003 0.003 0.005 0.003 0.968 0.003 0.003 0.002 0.002 0.003 
 30 QAc-G-0287    (0)   :  0.002 0.002 0.003 0.003 0.003 0.003 0.972 0.003 0.002 0.002 0.002 0.002 
 31 QAc-G-0288    (6)   :  0.006 0.014 0.020 0.024 0.007 0.015 0.842 0.006 0.015 0.007 0.011 0.032 
 32 QAc-G-0289    (0)   :  0.002 0.003 0.002 0.004 0.004 0.003 0.968 0.003 0.003 0.003 0.003 0.003 
 33 QAc-G-0290    (0)   :  0.003 0.003 0.003 0.003 0.004 0.003 0.964 0.003 0.003 0.006 0.003 0.003 
 34 QAc-G-0291    (0)   :  0.003 0.006 0.034 0.017 0.019 0.004 0.901 0.003 0.005 0.003 0.004 0.002 
 35 QAc-G-0292    (0)   :  0.006 0.004 0.003 0.004 0.713 0.005 0.226 0.011 0.007 0.003 0.007 0.011 
 36 QAc-G-0293    (0)   :  0.003 0.003 0.012 0.004 0.496 0.002 0.468 0.003 0.003 0.002 0.003 0.002 
 37 QAc-G-0294    (0)   :  0.011 0.413 0.010 0.007 0.004 0.417 0.004 0.045 0.032 0.006 0.043 0.009 
 38 QAc-G-0295    (0)   :  0.004 0.928 0.006 0.009 0.007 0.016 0.007 0.003 0.006 0.004 0.006 0.003 
 39 QAc-G-0296    (0)   :  0.003 0.936 0.003 0.005 0.005 0.013 0.006 0.009 0.003 0.009 0.005 0.005 
 40 QAc-G-0297    (0)   :  0.032 0.110 0.002 0.005 0.003 0.143 0.003 0.010 0.010 0.004 0.670 0.008 
 41 QAc-G-0298    (6)   :  0.004 0.954 0.004 0.004 0.004 0.010 0.003 0.003 0.003 0.003 0.005 0.003 
 42 QAc-G-0299    (0)   :  0.013 0.497 0.004 0.005 0.006 0.419 0.010 0.020 0.008 0.004 0.010 0.004 
 43 QAc-G-0300    (0)   :  0.004 0.883 0.003 0.003 0.003 0.049 0.003 0.008 0.006 0.019 0.006 0.012 
 44 QAc-G-0301    (0)   :  0.006 0.689 0.007 0.005 0.009 0.084 0.016 0.004 0.005 0.160 0.008 0.005 
 45 QAc-G-0302    (0)   :  0.879 0.004 0.003 0.003 0.006 0.025 0.006 0.021 0.024 0.004 0.020 0.004 
 46 QAc-G-0303    (0)   :  0.887 0.007 0.003 0.006 0.007 0.005 0.003 0.011 0.011 0.005 0.028 0.026 
 47 QAc-G-0304    (0)   :  0.002 0.004 0.003 0.003 0.005 0.003 0.966 0.003 0.002 0.002 0.003 0.003 
 48 QAc-G-0305    (0)   :  0.027 0.005 0.045 0.038 0.205 0.006 0.518 0.035 0.058 0.003 0.030 0.030 
 49 QAc-G-0306    (0)   :  0.002 0.003 0.003 0.003 0.006 0.003 0.969 0.002 0.003 0.002 0.002 0.002 
 50 QAc-G-0307    (0)   :  0.015 0.007 0.050 0.810 0.021 0.009 0.005 0.007 0.013 0.005 0.024 0.033 
 51 QAc-G-0308    (0)   :  0.006 0.010 0.004 0.939 0.006 0.005 0.008 0.008 0.004 0.002 0.004 0.005 
 52 QAc-G-0309    (0)   :  0.004 0.003 0.948 0.005 0.004 0.005 0.004 0.003 0.006 0.003 0.012 0.003 
 53 QAc-G-0310    (0)   :  0.002 0.003 0.968 0.005 0.003 0.003 0.003 0.003 0.003 0.003 0.002 0.003 
 54 QAc-G-0311    (0)   :  0.002 0.002 0.005 0.972 0.002 0.002 0.003 0.002 0.002 0.002 0.002 0.002 
 55 QAc-G-0312    (0)   :  0.054 0.070 0.005 0.606 0.005 0.046 0.007 0.020 0.042 0.013 0.080 0.050 
 56 QAc-G-0313    (0)   :  0.007 0.013 0.020 0.005 0.041 0.011 0.007 0.003 0.106 0.006 0.716 0.064 
 57 QAc-G-0314    (0)   :  0.031 0.055 0.007 0.009 0.003 0.072 0.004 0.005 0.019 0.007 0.715 0.073 
 58 QAc-G-0315    (0)   :  0.011 0.006 0.004 0.004 0.005 0.015 0.007 0.009 0.217 0.005 0.704 0.012 
 59 QAc-G-0316    (0)   :  0.006 0.004 0.022 0.012 0.009 0.011 0.007 0.004 0.045 0.009 0.746 0.124 
 60 QAc-G-0032    (6)   :  0.210 0.017 0.007 0.004 0.004 0.007 0.006 0.070 0.456 0.134 0.076 0.009 
 61 QAc-G-0033    (0)   :  0.004 0.444 0.007 0.004 0.004 0.502 0.005 0.007 0.004 0.009 0.004 0.005 
 62 QAc-G-0034    (0)   :  0.008 0.839 0.023 0.039 0.004 0.029 0.004 0.010 0.006 0.007 0.012 0.020 
 63 QAc-G-0035    (0)   :  0.005 0.102 0.005 0.008 0.010 0.823 0.008 0.011 0.005 0.008 0.011 0.005 
 64 QAc-G-0036    (0)   :  0.004 0.893 0.006 0.005 0.018 0.011 0.016 0.005 0.010 0.004 0.013 0.014 
 65 QAc-G-0037    (0)   :  0.002 0.945 0.005 0.010 0.004 0.007 0.011 0.004 0.003 0.004 0.004 0.002 
 66 QAc-G-0038    (0)   :  0.003 0.938 0.002 0.002 0.002 0.024 0.003 0.003 0.003 0.003 0.006 0.011 
 67 QAc-G-0039    (0)   :  0.012 0.579 0.012 0.037 0.004 0.243 0.005 0.022 0.021 0.007 0.038 0.020 
 68 QAc-G-0040    (0)   :  0.006 0.747 0.005 0.009 0.008 0.033 0.046 0.037 0.005 0.003 0.018 0.083 
 69 QAc-G-0041    (0)   :  0.003 0.920 0.003 0.003 0.016 0.004 0.002 0.003 0.003 0.021 0.005 0.019 
 70 QAc-G-0042    (0)   :  0.004 0.935 0.003 0.004 0.004 0.010 0.008 0.015 0.004 0.005 0.004 0.005 
 71 QAc-G-0043    (0)   :  0.005 0.916 0.005 0.008 0.003 0.035 0.005 0.005 0.003 0.002 0.008 0.005 
 72 QAc-G-0044    (0)   :  0.013 0.836 0.005 0.004 0.005 0.032 0.011 0.031 0.006 0.037 0.013 0.007 
 73 QAc-G-0045    (0)   :  0.004 0.734 0.013 0.036 0.004 0.162 0.006 0.012 0.004 0.012 0.006 0.008 
 74 QAc-G-0046    (0)   :  0.004 0.792 0.036 0.021 0.004 0.068 0.002 0.008 0.019 0.007 0.023 0.015 
 75 QAc-G-0047    (0)   :  0.008 0.115 0.017 0.017 0.005 0.781 0.005 0.016 0.009 0.005 0.017 0.006 
 76 QAc-G-0048    (0)   :  0.004 0.952 0.002 0.003 0.004 0.009 0.003 0.004 0.004 0.004 0.005 0.007 
 77 QAc-G-0049    (0)   :  0.002 0.002 0.968 0.006 0.003 0.003 0.003 0.002 0.003 0.002 0.003 0.003 
 78 QAc-G-0050    (0)   :  0.060 0.004 0.010 0.056 0.005 0.005 0.019 0.005 0.097 0.005 0.721 0.014 
 79 QAc-G-0051    (0)   :  0.002 0.002 0.972 0.004 0.003 0.002 0.003 0.002 0.002 0.002 0.002 0.002 
 80 QAc-G-0052    (0)   :  0.003 0.007 0.007 0.944 0.003 0.005 0.003 0.003 0.005 0.008 0.006 0.006 
 81 QAc-G-0053    (0)   :  0.002 0.017 0.012 0.925 0.005 0.009 0.007 0.003 0.004 0.004 0.008 0.003 
 82 QAc-G-0054    (0)   :  0.029 0.019 0.003 0.496 0.003 0.007 0.004 0.022 0.018 0.004 0.329 0.068 
 83 QAc-G-0055    (0)   :  0.083 0.018 0.004 0.608 0.004 0.005 0.003 0.018 0.029 0.002 0.214 0.012 
 84 QAc-G-0056    (0)   :  0.010 0.005 0.004 0.048 0.005 0.010 0.013 0.009 0.026 0.008 0.806 0.056 
 85 QAc-G-0057    (0)   :  0.003 0.003 0.970 0.005 0.003 0.003 0.003 0.003 0.002 0.002 0.002 0.002 
 86 QAc-G-0058    (6)   :  0.003 0.002 0.971 0.004 0.003 0.002 0.002 0.002 0.003 0.002 0.002 0.003 
 87 QAc-G-0059    (0)   :  0.011 0.019 0.005 0.436 0.003 0.003 0.002 0.004 0.013 0.003 0.495 0.005 
 88 QAc-G-0060    (6)   :  0.004 0.006 0.011 0.894 0.005 0.007 0.010 0.005 0.011 0.007 0.034 0.005 
 89 QAc-G-0276    (0)   :  0.005 0.013 0.005 0.011 0.638 0.016 0.291 0.004 0.004 0.003 0.005 0.005 
 90 QAc-G-0279    (0)   :  0.002 0.003 0.005 0.004 0.004 0.003 0.965 0.002 0.004 0.002 0.003 0.003 
 91 QAc-G-0280    (6)   :  0.003 0.006 0.003 0.003 0.005 0.006 0.955 0.003 0.005 0.003 0.004 0.004 
 92 QAc-G-0281    (0)   :  0.003 0.003 0.006 0.963 0.003 0.003 0.005 0.003 0.003 0.003 0.003 0.003 
 93 QAc-G-0018    (0)   :  0.011 0.772 0.025 0.038 0.004 0.032 0.006 0.025 0.054 0.006 0.017 0.010 
 94 QAc-G-0019    (0)   :  0.004 0.623 0.004 0.005 0.028 0.103 0.019 0.014 0.007 0.177 0.009 0.008 
 95 QAc-G-0020    (0)   :  0.003 0.947 0.004 0.003 0.003 0.007 0.002 0.003 0.004 0.003 0.016 0.003 
 96 QAc-G-0021    (6)   :  0.003 0.883 0.021 0.011 0.003 0.023 0.003 0.002 0.004 0.037 0.007 0.003 
 97 QAc-G-0022    (6)   :  0.012 0.470 0.013 0.025 0.013 0.174 0.005 0.006 0.011 0.080 0.093 0.102 
 98 QAc-G-0023    (0)   :  0.003 0.003 0.617 0.352 0.005 0.003 0.003 0.003 0.003 0.002 0.004 0.003 
 99 QAc-G-0024    (0)   :  0.003 0.004 0.962 0.006 0.002 0.005 0.003 0.003 0.003 0.003 0.003 0.003 
100 QAc-G-0016    (0)   :  0.138 0.025 0.003 0.350 0.007 0.004 0.011 0.129 0.140 0.004 0.175 0.013 
101 QAc-G-0017    (0)   :  0.657 0.009 0.003 0.003 0.005 0.006 0.005 0.015 0.016 0.249 0.022 0.010 
102 QAc-G-0250    (0)   :  0.047 0.011 0.008 0.007 0.307 0.018 0.115 0.008 0.275 0.006 0.186 0.013 
103 QAc-G-0003    (6)   :  0.003 0.004 0.003 0.004 0.011 0.005 0.948 0.003 0.005 0.003 0.004 0.006 
104 QAc-G-0004    (0)   :  0.851 0.027 0.014 0.006 0.006 0.033 0.003 0.010 0.015 0.008 0.024 0.005 
105 QAc-G-0005    (0)   :  0.003 0.003 0.003 0.003 0.002 0.003 0.003 0.005 0.003 0.967 0.003 0.003 
106 QAc-G-0006    (6)   :  0.923 0.004 0.002 0.003 0.007 0.010 0.005 0.004 0.011 0.003 0.017 0.011 
107 QAc-G-0283    (0)   :  0.072 0.007 0.003 0.004 0.099 0.006 0.004 0.005 0.013 0.003 0.533 0.250 
108 QAc-G-0265    (0)   :  0.009 0.006 0.424 0.005 0.239 0.060 0.005 0.008 0.025 0.003 0.207 0.008 
109 QAc-G-0266    (0)   :  0.002 0.002 0.971 0.006 0.003 0.002 0.003 0.002 0.002 0.002 0.002 0.002 
110 QAc-G-0267    (0)   :  0.004 0.239 0.003 0.007 0.584 0.033 0.004 0.006 0.007 0.091 0.012 0.009 
111 QAc-G-0268   (20)   :  0.019 0.005 0.003 0.009 0.011 0.008 0.532 0.009 0.096 0.011 0.291 0.006 
112 QAc-G-0269    (0)   :  0.002 0.004 0.004 0.004 0.003 0.003 0.967 0.003 0.003 0.003 0.003 0.002 
113 QAc-G-0270    (6)   :  0.003 0.945 0.004 0.004 0.005 0.008 0.006 0.004 0.004 0.007 0.005 0.005 
114 QAc-G-0271    (0)   :  0.010 0.029 0.003 0.003 0.005 0.787 0.003 0.007 0.015 0.064 0.069 0.006 
115 QAc-G-0272    (6)   :  0.005 0.912 0.004 0.007 0.008 0.012 0.015 0.016 0.004 0.003 0.006 0.006 
116 QAc-G-0273    (0)   :  0.003 0.003 0.012 0.950 0.004 0.003 0.004 0.006 0.004 0.004 0.004 0.003 
117 QAc-G-0274    (0)   :  0.002 0.003 0.002 0.002 0.002 0.002 0.002 0.003 0.002 0.974 0.002 0.003 
118 QAc-G-0251    (6)   :  0.008 0.931 0.006 0.004 0.003 0.006 0.004 0.010 0.005 0.010 0.005 0.006 
119 QAc-G-0252    (0)   :  0.008 0.948 0.003 0.004 0.003 0.005 0.004 0.005 0.005 0.004 0.005 0.007 
120 QAc-G-0253    (0)   :  0.003 0.005 0.017 0.947 0.004 0.003 0.005 0.003 0.003 0.002 0.004 0.003 
121 QAc-G-0254    (0)   :  0.005 0.003 0.915 0.044 0.003 0.004 0.003 0.003 0.006 0.002 0.007 0.003 
122 QAc-G-0255    (0)   :  0.919 0.005 0.003 0.004 0.007 0.022 0.004 0.005 0.012 0.006 0.008 0.005 
123 QAc-G-0256    (0)   :  0.039 0.003 0.003 0.003 0.004 0.004 0.005 0.924 0.004 0.005 0.004 0.003 
124 QAc-G-0257    (0)   :  0.709 0.026 0.002 0.015 0.006 0.004 0.003 0.050 0.024 0.112 0.019 0.029 
125 QAc-G-0258    (0)   :  0.950 0.004 0.002 0.002 0.003 0.005 0.002 0.011 0.004 0.005 0.008 0.003 
126 QAc-G-0259    (0)   :  0.007 0.003 0.002 0.002 0.002 0.005 0.002 0.006 0.004 0.002 0.957 0.008 
127 QAc-G-0260    (0)   :  0.008 0.009 0.005 0.016 0.010 0.009 0.037 0.151 0.144 0.046 0.535 0.030 
128 QAc-G-0261    (0)   :  0.031 0.012 0.003 0.004 0.004 0.005 0.004 0.009 0.245 0.398 0.277 0.007 
129 QAc-G-0262    (0)   :  0.054 0.005 0.004 0.008 0.015 0.004 0.014 0.100 0.335 0.024 0.425 0.012 
130 QAc-G-0010    (0)   :  0.003 0.017 0.014 0.008 0.887 0.008 0.029 0.004 0.006 0.005 0.011 0.008 
131 QAc-G-0011    (0)   :  0.005 0.008 0.004 0.004 0.003 0.005 0.004 0.003 0.021 0.005 0.024 0.914 
132 QAc-G-0015    (0)   :  0.146 0.008 0.457 0.231 0.009 0.006 0.003 0.020 0.014 0.007 0.062 0.038 
133 QAc-G-0106    (0)   :  0.861 0.012 0.002 0.002 0.003 0.006 0.003 0.054 0.007 0.027 0.017 0.006 
134 QAc-G-0107    (0)   :  0.126 0.004 0.006 0.010 0.013 0.005 0.006 0.768 0.037 0.003 0.017 0.005 
135 QAc-G-0108    (0)   :  0.074 0.007 0.002 0.002 0.004 0.004 0.006 0.880 0.006 0.004 0.005 0.004 
136 QAc-G-0109    (0)   :  0.711 0.015 0.006 0.014 0.006 0.006 0.005 0.033 0.051 0.035 0.091 0.026 
137 QAc-G-0110    (0)   :  0.779 0.023 0.007 0.006 0.017 0.021 0.053 0.047 0.009 0.002 0.027 0.009 
138 QAc-G-0111    (0)   :  0.864 0.013 0.007 0.005 0.021 0.010 0.006 0.039 0.011 0.006 0.012 0.007 
139 QAc-G-0112    (0)   :  0.801 0.005 0.012 0.005 0.014 0.004 0.023 0.094 0.008 0.003 0.027 0.004 
140 QAc-G-0113    (0)   :  0.661 0.007 0.002 0.066 0.012 0.005 0.008 0.084 0.091 0.025 0.033 0.007 
141 QAc-G-0114    (0)   :  0.869 0.009 0.010 0.009 0.007 0.040 0.012 0.005 0.016 0.003 0.016 0.005 
142 QAc-G-0115    (0)   :  0.898 0.005 0.003 0.006 0.004 0.003 0.007 0.035 0.010 0.007 0.017 0.004 
143 QAc-G-0116    (0)   :  0.910 0.003 0.006 0.005 0.013 0.004 0.012 0.015 0.010 0.008 0.008 0.006 
144 QAc-G-0117    (0)   :  0.039 0.133 0.007 0.032 0.025 0.072 0.004 0.432 0.146 0.032 0.065 0.013 
145 QAc-G-0118    (0)   :  0.906 0.006 0.002 0.002 0.013 0.005 0.003 0.011 0.003 0.031 0.008 0.009 
146 QAc-G-0119    (0)   :  0.908 0.009 0.011 0.003 0.002 0.012 0.002 0.008 0.005 0.024 0.012 0.003 
147 QAc-G-0120    (0)   :  0.884 0.008 0.005 0.006 0.006 0.010 0.005 0.006 0.008 0.005 0.048 0.009 
148 QAc-G-0121    (0)   :  0.006 0.010 0.004 0.003 0.004 0.004 0.007 0.011 0.004 0.940 0.005 0.003 
149 QAc-G-0122    (0)   :  0.006 0.010 0.004 0.004 0.008 0.006 0.039 0.015 0.004 0.893 0.005 0.005 
150 QAc-G-0123    (0)   :  0.002 0.004 0.002 0.003 0.002 0.004 0.002 0.002 0.002 0.973 0.002 0.002 
151 QAc-G-0124    (6)   :  0.003 0.004 0.003 0.003 0.003 0.004 0.003 0.004 0.003 0.964 0.003 0.004 
152 QAc-G-0125    (0)   :  0.024 0.006 0.051 0.023 0.026 0.006 0.009 0.007 0.129 0.480 0.197 0.043 
153 QAc-G-0126    (0)   :  0.115 0.014 0.003 0.032 0.004 0.008 0.006 0.040 0.047 0.194 0.523 0.014 
154 QAc-G-0127    (0)   :  0.008 0.007 0.003 0.008 0.005 0.005 0.004 0.019 0.012 0.910 0.007 0.012 
155 QAc-G-0128    (0)   :  0.003 0.003 0.004 0.003 0.002 0.003 0.005 0.003 0.003 0.965 0.003 0.003 
156 QAc-G-0129    (0)   :  0.003 0.003 0.002 0.002 0.002 0.003 0.003 0.003 0.002 0.972 0.002 0.002 
157 QAc-G-0130    (0)   :  0.032 0.013 0.002 0.003 0.008 0.004 0.004 0.068 0.008 0.834 0.005 0.019 
158 QAc-G-0131    (0)   :  0.004 0.006 0.004 0.005 0.003 0.008 0.005 0.006 0.004 0.949 0.003 0.004 
159 QAc-G-0132    (0)   :  0.079 0.005 0.020 0.008 0.015 0.009 0.013 0.066 0.015 0.741 0.023 0.006 
160 QAc-G-0133    (0)   :  0.003 0.015 0.004 0.004 0.006 0.005 0.005 0.011 0.004 0.936 0.005 0.003 
161 QAc-G-0134    (0)   :  0.004 0.004 0.009 0.003 0.003 0.005 0.003 0.008 0.003 0.952 0.003 0.003 
162 QAc-G-0135    (0)   :  0.940 0.007 0.006 0.005 0.003 0.011 0.005 0.004 0.003 0.003 0.006 0.005 
163 QAc-G-0136    (0)   :  0.815 0.005 0.007 0.006 0.097 0.004 0.005 0.017 0.017 0.005 0.011 0.012 
164 QAc-G-0137    (0)   :  0.822 0.007 0.003 0.004 0.006 0.011 0.004 0.028 0.050 0.044 0.014 0.008 
165 QAc-G-0138    (0)   :  0.893 0.002 0.004 0.006 0.028 0.004 0.003 0.011 0.006 0.006 0.010 0.027 
166 QAc-G-0139    (0)   :  0.858 0.062 0.002 0.002 0.004 0.009 0.003 0.011 0.008 0.028 0.008 0.006 
167 QAc-G-0140    (6)   :  0.008 0.004 0.002 0.003 0.003 0.004 0.003 0.954 0.005 0.006 0.004 0.003 
168 QAc-G-0141    (0)   :  0.013 0.013 0.006 0.071 0.018 0.014 0.011 0.715 0.062 0.008 0.046 0.024 
169 QAc-G-0142    (0)   :  0.960 0.003 0.002 0.002 0.003 0.006 0.003 0.006 0.003 0.003 0.004 0.003 
170 QAc-G-0143    (0)   :  0.006 0.005 0.002 0.005 0.004 0.004 0.005 0.002 0.004 0.003 0.956 0.003 
171 QAc-G-0144    (6)   :  0.604 0.005 0.003 0.005 0.011 0.004 0.004 0.008 0.129 0.002 0.221 0.004 
172 QAc-G-0145    (0)   :  0.003 0.004 0.003 0.002 0.005 0.003 0.965 0.004 0.003 0.002 0.003 0.003 
173 QAc-G-0146    (0)   :  0.002 0.003 0.002 0.004 0.002 0.004 0.003 0.003 0.003 0.969 0.003 0.003 
174 QAc-G-0147    (0)   :  0.016 0.021 0.003 0.010 0.019 0.010 0.006 0.064 0.344 0.229 0.085 0.194 
175 QAc-G-0148    (0)   :  0.009 0.010 0.003 0.003 0.008 0.006 0.003 0.013 0.925 0.007 0.008 0.005 
176 QAc-G-0149    (0)   :  0.003 0.004 0.002 0.002 0.003 0.005 0.004 0.004 0.003 0.963 0.003 0.003 
177 QAc-G-0150    (0)   :  0.003 0.003 0.003 0.004 0.004 0.003 0.965 0.003 0.003 0.003 0.002 0.003 
178 QAc-G-0151    (0)   :  0.003 0.005 0.002 0.003 0.003 0.005 0.003 0.004 0.003 0.965 0.003 0.003 
179 QAc-G-0152    (0)   :  0.002 0.005 0.003 0.007 0.003 0.004 0.002 0.002 0.003 0.963 0.003 0.003 
180 QAc-G-0153    (0)   :  0.007 0.013 0.002 0.002 0.057 0.005 0.002 0.006 0.007 0.868 0.013 0.018 
181 QAc-G-0154    (0)   :  0.015 0.047 0.003 0.003 0.013 0.006 0.010 0.061 0.005 0.827 0.007 0.004 
182 QAc-G-0155    (0)   :  0.003 0.004 0.003 0.003 0.003 0.005 0.003 0.003 0.002 0.966 0.003 0.003 
183 QAc-G-0158    (0)   :  0.003 0.002 0.003 0.003 0.003 0.003 0.003 0.003 0.002 0.970 0.002 0.003 
184 QAc-G-0159    (0)   :  0.715 0.012 0.010 0.006 0.004 0.008 0.012 0.133 0.020 0.017 0.051 0.013 
185 QAc-G-0160    (0)   :  0.002 0.002 0.002 0.003 0.003 0.002 0.974 0.003 0.002 0.003 0.002 0.003 
186 QAc-G-0161    (0)   :  0.002 0.003 0.003 0.003 0.003 0.003 0.973 0.003 0.002 0.002 0.002 0.002 
187 QAc-G-0162    (0)   :  0.005 0.293 0.008 0.006 0.520 0.023 0.068 0.005 0.027 0.005 0.034 0.006 
188 QAc-G-0163    (0)   :  0.019 0.034 0.002 0.002 0.018 0.050 0.811 0.005 0.032 0.003 0.019 0.006 
189 QAc-G-0164    (0)   :  0.003 0.004 0.003 0.013 0.003 0.005 0.891 0.004 0.005 0.002 0.013 0.054 
190 QAc-G-0165    (0)   :  0.005 0.005 0.002 0.003 0.006 0.005 0.952 0.005 0.003 0.007 0.004 0.004 
191 QAc-G-0166    (0)   :  0.003 0.004 0.003 0.003 0.004 0.004 0.966 0.003 0.003 0.002 0.003 0.003 
192 QAc-G-0167    (0)   :  0.002 0.004 0.004 0.003 0.003 0.004 0.961 0.003 0.005 0.003 0.003 0.003 
193 QAc-G-0168    (0)   :  0.002 0.003 0.003 0.003 0.003 0.003 0.971 0.003 0.002 0.002 0.002 0.002 
194 QAc-G-0169    (6)   :  0.228 0.004 0.005 0.004 0.102 0.022 0.248 0.004 0.101 0.004 0.268 0.010 
195 QAc-G-0170    (0)   :  0.003 0.004 0.003 0.003 0.006 0.004 0.955 0.003 0.005 0.005 0.004 0.003 
196 QAc-G-0171    (0)   :  0.002 0.004 0.004 0.003 0.005 0.003 0.965 0.003 0.002 0.002 0.003 0.004 
197 QAc-G-0172    (0)   :  0.824 0.004 0.009 0.007 0.017 0.025 0.020 0.011 0.022 0.014 0.036 0.010 
198 QAc-G-0173    (0)   :  0.003 0.003 0.009 0.004 0.524 0.002 0.441 0.003 0.003 0.002 0.003 0.003 
199 QAc-G-0174    (0)   :  0.003 0.005 0.005 0.004 0.937 0.005 0.019 0.007 0.005 0.003 0.003 0.003 
200 QAc-G-0175    (0)   :  0.002 0.003 0.003 0.004 0.006 0.003 0.966 0.003 0.003 0.002 0.003 0.003 
201 QAc-G-0176    (0)   :  0.005 0.142 0.003 0.009 0.005 0.017 0.792 0.004 0.005 0.004 0.011 0.004 
202 QAc-G-0177    (0)   :  0.002 0.003 0.003 0.003 0.006 0.003 0.964 0.003 0.004 0.003 0.003 0.003 
203 QAc-G-0178    (0)   :  0.004 0.003 0.006 0.013 0.011 0.005 0.690 0.004 0.006 0.013 0.019 0.227 
204 QAc-G-0179    (6)   :  0.002 0.004 0.003 0.003 0.006 0.003 0.968 0.003 0.002 0.002 0.003 0.002 
205 QAc-G-0180    (0)   :  0.002 0.003 0.002 0.002 0.003 0.003 0.973 0.003 0.002 0.002 0.002 0.003 
206 QAc-G-0181    (0)   :  0.004 0.004 0.002 0.003 0.003 0.022 0.944 0.003 0.003 0.003 0.004 0.005 
207 QAc-G-0182    (0)   :  0.006 0.004 0.002 0.003 0.534 0.004 0.413 0.008 0.011 0.004 0.006 0.005 
208 QAc-G-0183    (6)   :  0.008 0.003 0.004 0.008 0.011 0.004 0.929 0.004 0.010 0.003 0.012 0.004 
209 QAc-G-0184    (0)   :  0.003 0.003 0.002 0.003 0.004 0.003 0.967 0.004 0.002 0.003 0.003 0.003 
210 QAc-G-0185    (0)   :  0.010 0.009 0.003 0.006 0.063 0.009 0.728 0.014 0.009 0.031 0.014 0.102 
211 QAc-G-0186    (0)   :  0.004 0.006 0.002 0.002 0.005 0.018 0.945 0.003 0.003 0.002 0.004 0.005 
212 QAc-G-0187    (0)   :  0.005 0.013 0.029 0.019 0.005 0.017 0.765 0.004 0.023 0.005 0.023 0.093 
213 QAc-G-0188    (0)   :  0.519 0.012 0.002 0.004 0.010 0.025 0.252 0.009 0.027 0.004 0.130 0.005 
214 QAc-G-0189    (0)   :  0.005 0.002 0.013 0.011 0.044 0.003 0.901 0.003 0.005 0.002 0.005 0.006 
215 QAc-G-0190    (0)   :  0.003 0.004 0.004 0.003 0.004 0.003 0.962 0.002 0.003 0.004 0.003 0.004 
216 QAc-G-0191    (0)   :  0.002 0.004 0.004 0.004 0.005 0.003 0.963 0.002 0.004 0.004 0.003 0.003 
217 QAc-G-0192    (0)   :  0.002 0.002 0.003 0.003 0.003 0.002 0.973 0.003 0.002 0.002 0.002 0.002 
218 QAc-G-0193    (0)   :  0.003 0.004 0.002 0.004 0.003 0.004 0.964 0.003 0.003 0.004 0.003 0.004 
219 QAc-G-0194    (0)   :  0.003 0.005 0.003 0.005 0.005 0.006 0.954 0.003 0.005 0.003 0.004 0.005 
220 QAc-G-0195    (0)   :  0.004 0.007 0.025 0.011 0.880 0.010 0.046 0.003 0.003 0.002 0.005 0.004 
221 QAc-G-0196    (0)   :  0.002 0.004 0.008 0.004 0.327 0.004 0.636 0.002 0.003 0.002 0.003 0.004 
222 QAc-G-0197    (0)   :  0.002 0.003 0.003 0.003 0.003 0.002 0.972 0.003 0.002 0.002 0.002 0.002 
223 QAc-G-0198    (0)   :  0.002 0.004 0.003 0.002 0.006 0.003 0.965 0.003 0.003 0.003 0.003 0.003 
224 QAc-G-0199    (0)   :  0.005 0.016 0.002 0.011 0.160 0.007 0.649 0.006 0.006 0.015 0.018 0.104 
225 QAc-G-0200    (0)   :  0.003 0.009 0.003 0.003 0.005 0.006 0.952 0.004 0.004 0.002 0.004 0.005 
226 QAc-G-0201    (0)   :  0.003 0.003 0.004 0.004 0.533 0.004 0.421 0.003 0.009 0.002 0.011 0.003 
227 QAc-G-0202    (6)   :  0.005 0.004 0.011 0.007 0.456 0.003 0.493 0.005 0.005 0.002 0.005 0.003 
228 QAc-G-0203    (0)   :  0.006 0.004 0.005 0.013 0.004 0.003 0.942 0.004 0.005 0.002 0.008 0.002 
229 QAc-G-0204    (0)   :  0.003 0.006 0.005 0.003 0.005 0.004 0.956 0.003 0.005 0.003 0.003 0.003 
230 QAc-G-0205    (0)   :  0.002 0.002 0.975 0.004 0.002 0.002 0.003 0.002 0.002 0.002 0.002 0.002 
231 QAc-G-0206    (0)   :  0.115 0.018 0.556 0.036 0.004 0.020 0.003 0.008 0.047 0.004 0.184 0.005 
232 QAc-G-0207    (0)   :  0.003 0.005 0.008 0.944 0.004 0.005 0.006 0.005 0.005 0.004 0.005 0.007 
233 QAc-G-0208    (0)   :  0.002 0.003 0.967 0.006 0.003 0.003 0.003 0.002 0.003 0.003 0.003 0.003 
234 QAc-G-0209    (0)   :  0.002 0.003 0.966 0.005 0.004 0.003 0.004 0.002 0.003 0.002 0.003 0.003 
235 QAc-G-0210    (0)   :  0.004 0.002 0.168 0.800 0.003 0.003 0.003 0.004 0.003 0.002 0.004 0.004 
236 QAc-G-0211    (0)   :  0.002 0.002 0.005 0.969 0.002 0.002 0.002 0.003 0.003 0.003 0.003 0.003 
237 QAc-G-0212    (0)   :  0.002 0.004 0.295 0.673 0.004 0.003 0.004 0.002 0.003 0.003 0.003 0.003 
238 QAc-G-0213    (0)   :  0.002 0.004 0.015 0.949 0.003 0.005 0.005 0.003 0.003 0.003 0.003 0.004 
239 QAc-G-0214    (0)   :  0.002 0.002 0.973 0.004 0.003 0.002 0.003 0.002 0.002 0.002 0.002 0.002 
240 QAc-G-0215    (0)   :  0.003 0.003 0.012 0.958 0.003 0.004 0.003 0.002 0.003 0.002 0.004 0.004 
241 QAc-G-0216    (0)   :  0.235 0.007 0.122 0.049 0.277 0.022 0.016 0.017 0.054 0.004 0.190 0.005 
242 QAc-G-0217    (0)   :  0.005 0.004 0.021 0.921 0.007 0.005 0.002 0.003 0.006 0.017 0.005 0.004 
243 QAc-G-0218    (0)   :  0.002 0.005 0.007 0.955 0.003 0.006 0.004 0.002 0.003 0.004 0.004 0.005 
244 QAc-G-0219    (0)   :  0.014 0.017 0.004 0.915 0.005 0.005 0.006 0.008 0.005 0.006 0.010 0.005 
245 QAc-G-0220    (0)   :  0.003 0.004 0.006 0.927 0.003 0.004 0.003 0.004 0.016 0.004 0.022 0.005 
246 QAc-G-0221    (0)   :  0.004 0.008 0.012 0.903 0.015 0.007 0.004 0.005 0.007 0.007 0.007 0.021 
247 QAc-G-0222    (0)   :  0.002 0.003 0.966 0.006 0.003 0.003 0.003 0.003 0.003 0.003 0.003 0.003 
248 QAc-G-0223    (0)   :  0.004 0.004 0.026 0.939 0.003 0.004 0.002 0.003 0.003 0.004 0.003 0.005 
249 QAc-G-0224    (0)   :  0.003 0.002 0.009 0.956 0.003 0.003 0.006 0.002 0.006 0.002 0.004 0.004 
250 QAc-G-0226    (0)   :  0.003 0.003 0.966 0.006 0.003 0.003 0.003 0.003 0.003 0.003 0.002 0.003 
251 QAc-G-0227    (0)   :  0.004 0.941 0.004 0.004 0.005 0.008 0.005 0.006 0.004 0.009 0.006 0.004 
252 QAc-G-0228    (6)   :  0.004 0.960 0.004 0.004 0.003 0.005 0.004 0.003 0.003 0.003 0.004 0.004 
253 QAc-G-0229    (0)   :  0.010 0.871 0.010 0.005 0.010 0.032 0.006 0.012 0.007 0.004 0.015 0.016 
254 QAc-G-0230    (0)   :  0.011 0.149 0.036 0.010 0.007 0.748 0.008 0.008 0.006 0.003 0.008 0.005 
255 QAc-G-0231    (0)   :  0.003 0.003 0.012 0.955 0.003 0.003 0.006 0.004 0.003 0.003 0.003 0.003 
256 QAc-G-0232    (0)   :  0.005 0.932 0.002 0.004 0.002 0.019 0.002 0.004 0.007 0.007 0.007 0.009 
257 QAc-G-0233    (0)   :  0.004 0.019 0.008 0.048 0.004 0.587 0.005 0.004 0.009 0.005 0.162 0.148 
258 QAc-G-0234    (0)   :  0.004 0.804 0.008 0.003 0.024 0.102 0.012 0.007 0.006 0.005 0.009 0.017 
259 QAc-G-0235    (0)   :  0.901 0.004 0.008 0.006 0.021 0.005 0.004 0.017 0.012 0.003 0.011 0.008 
260 QAc-G-0236    (0)   :  0.003 0.954 0.005 0.004 0.005 0.005 0.005 0.005 0.003 0.005 0.003 0.004 
261 QAc-G-0237    (0)   :  0.007 0.830 0.014 0.019 0.007 0.039 0.013 0.019 0.010 0.018 0.012 0.012 
262 QAc-G-0238    (0)   :  0.003 0.947 0.004 0.008 0.004 0.012 0.005 0.003 0.004 0.003 0.003 0.004 
263 QAc-G-0239    (0)   :  0.003 0.956 0.003 0.005 0.003 0.007 0.004 0.003 0.004 0.003 0.004 0.005 
264 QAc-G-0240    (0)   :  0.006 0.955 0.002 0.002 0.003 0.006 0.003 0.004 0.004 0.005 0.004 0.006 
265 QAc-G-0241    (0)   :  0.033 0.669 0.009 0.009 0.029 0.102 0.007 0.008 0.030 0.005 0.077 0.021 
266 QAc-G-0242    (0)   :  0.003 0.050 0.006 0.012 0.003 0.878 0.004 0.004 0.012 0.009 0.010 0.009 
267 QAc-G-0243    (0)   :  0.009 0.180 0.007 0.033 0.007 0.448 0.003 0.009 0.032 0.054 0.084 0.133 
268 QAc-G-0244    (0)   :  0.012 0.909 0.008 0.009 0.006 0.008 0.005 0.010 0.009 0.003 0.016 0.005 
269 QAc-G-0245    (0)   :  0.005 0.920 0.003 0.004 0.006 0.020 0.005 0.006 0.004 0.017 0.005 0.005 
270 QAc-G-0246    (0)   :  0.004 0.954 0.003 0.004 0.003 0.005 0.005 0.004 0.004 0.004 0.004 0.004 
271 QAc-G-0247    (0)   :  0.003 0.967 0.003 0.004 0.003 0.004 0.002 0.002 0.003 0.003 0.003 0.004 
272 QAc-G-0248    (0)   :  0.008 0.410 0.003 0.003 0.003 0.547 0.003 0.005 0.005 0.004 0.006 0.004 
273 QAc-G-0249    (0)   :  0.015 0.007 0.013 0.006 0.008 0.023 0.013 0.003 0.008 0.002 0.032 0.871 
274 QAc-G-0025    (0)   :  0.002 0.002 0.973 0.004 0.002 0.003 0.003 0.002 0.002 0.002 0.002 0.002 
275 QAc-G-0028    (0)   :  0.003 0.488 0.015 0.029 0.005 0.330 0.007 0.006 0.004 0.004 0.026 0.084 
276 QAc-G-0275    (0)   :  0.003 0.005 0.009 0.946 0.005 0.003 0.012 0.004 0.003 0.002 0.004 0.003 
277 QAc-G-0263    (0)   :  0.013 0.004 0.007 0.023 0.457 0.006 0.013 0.006 0.115 0.006 0.270 0.080 
278 QAc-W-0001    (0)   :  0.006 0.008 0.003 0.003 0.003 0.943 0.002 0.006 0.003 0.014 0.005 0.004 
279 QAc-W-0002    (0)   :  0.024 0.823 0.004 0.003 0.006 0.027 0.022 0.037 0.013 0.003 0.020 0.019 
280 QAc-W-0003    (0)   :  0.014 0.007 0.010 0.043 0.028 0.844 0.006 0.011 0.012 0.008 0.012 0.004 
281 QAc-W-0004    (0)   :  0.003 0.007 0.006 0.005 0.003 0.953 0.004 0.004 0.003 0.004 0.003 0.005 
282 QAc-W-0005    (0)   :  0.004 0.004 0.004 0.003 0.005 0.955 0.004 0.004 0.003 0.005 0.005 0.005 
283 QAc-W-0006    (0)   :  0.006 0.005 0.004 0.004 0.003 0.947 0.004 0.008 0.004 0.005 0.005 0.005 
284 QAc-W-0007   (13)   :  0.004 0.008 0.003 0.004 0.003 0.953 0.003 0.004 0.004 0.004 0.004 0.005 
285 QAc-W-0008    (6)   :  0.006 0.008 0.002 0.003 0.003 0.931 0.004 0.005 0.007 0.003 0.012 0.017 
286 QAc-W-0009    (0)   :  0.079 0.672 0.003 0.011 0.004 0.037 0.011 0.081 0.023 0.006 0.057 0.017 
287 QAc-W-0010    (0)   :  0.006 0.005 0.003 0.004 0.020 0.873 0.005 0.012 0.016 0.007 0.012 0.037 
288 QAc-W-0011    (0)   :  0.019 0.107 0.005 0.009 0.013 0.711 0.043 0.024 0.013 0.011 0.038 0.006 
289 QAc-W-0012    (0)   :  0.009 0.060 0.005 0.005 0.005 0.844 0.028 0.006 0.010 0.005 0.014 0.009 
290 QAc-W-0013    (0)   :  0.011 0.389 0.052 0.094 0.004 0.039 0.009 0.376 0.005 0.004 0.012 0.005 
291 QAc-W-0014    (0)   :  0.003 0.010 0.005 0.003 0.008 0.934 0.003 0.005 0.004 0.004 0.006 0.016 
292 QAc-W-0015    (0)   :  0.014 0.624 0.023 0.041 0.121 0.037 0.015 0.062 0.005 0.004 0.019 0.035 
293 QAc-W-0016    (0)   :  0.012 0.005 0.013 0.007 0.014 0.840 0.005 0.003 0.053 0.003 0.023 0.021 
294 QAc-W-0017    (0)   :  0.034 0.122 0.005 0.059 0.113 0.112 0.011 0.037 0.012 0.011 0.342 0.142 
295 QAc-W-0018    (0)   :  0.020 0.021 0.012 0.031 0.003 0.706 0.003 0.024 0.086 0.007 0.071 0.017 
296 QAc-W-0019    (0)   :  0.011 0.009 0.009 0.005 0.004 0.927 0.005 0.006 0.004 0.004 0.006 0.011 
297 QAc-W-0020    (0)   :  0.007 0.004 0.003 0.002 0.003 0.920 0.002 0.005 0.005 0.037 0.008 0.003 
298 QAc-W-0021    (0)   :  0.038 0.012 0.120 0.023 0.004 0.616 0.011 0.012 0.019 0.016 0.100 0.030 
299 QAc-W-0022    (0)   :  0.014 0.122 0.016 0.014 0.077 0.228 0.008 0.022 0.017 0.006 0.355 0.119 
300 QAc-W-0023    (6)   :  0.044 0.126 0.022 0.012 0.005 0.351 0.003 0.160 0.011 0.064 0.112 0.088 
301 QAc-W-0024    (0)   :  0.009 0.006 0.059 0.060 0.006 0.752 0.032 0.007 0.006 0.006 0.042 0.016 
302 QAc-W-0025    (0)   :  0.005 0.298 0.004 0.008 0.004 0.643 0.005 0.004 0.006 0.004 0.012 0.008 
303 QAc-W-0026    (0)   :  0.008 0.007 0.015 0.018 0.024 0.787 0.044 0.010 0.010 0.023 0.022 0.032 
304 QAc-W-0027    (0)   :  0.009 0.233 0.003 0.005 0.003 0.687 0.008 0.012 0.007 0.004 0.015 0.015 
305 QAc-W-0028    (0)   :  0.009 0.040 0.003 0.003 0.007 0.892 0.006 0.018 0.004 0.004 0.009 0.006 
306 QAc-W-0029    (0)   :  0.006 0.107 0.004 0.008 0.003 0.806 0.003 0.026 0.011 0.007 0.014 0.005 
307 QAc-W-0030    (0)   :  0.005 0.795 0.004 0.004 0.007 0.129 0.009 0.006 0.018 0.008 0.011 0.004 
308 QAc-W-0031    (0)   :  0.005 0.019 0.044 0.026 0.003 0.869 0.004 0.011 0.004 0.004 0.007 0.004 
309 QAc-W-0032    (0)   :  0.003 0.011 0.003 0.003 0.002 0.948 0.002 0.003 0.003 0.014 0.003 0.005 
310 QAc-W-0033    (0)   :  0.004 0.013 0.005 0.009 0.007 0.804 0.005 0.013 0.029 0.010 0.075 0.027 
311 QAc-W-0034    (0)   :  0.013 0.076 0.005 0.004 0.003 0.847 0.005 0.020 0.008 0.004 0.008 0.008 
312 QAc-W-0035    (0)   :  0.006 0.446 0.011 0.019 0.016 0.290 0.019 0.005 0.066 0.005 0.044 0.073 
313 QAc-W-0036    (0)   :  0.008 0.029 0.003 0.003 0.005 0.882 0.003 0.020 0.005 0.028 0.007 0.008 
314 QAc-W-0037    (0)   :  0.004 0.777 0.019 0.016 0.005 0.078 0.041 0.008 0.011 0.019 0.015 0.006 
315 QAc-W-0038    (0)   :  0.010 0.090 0.004 0.005 0.029 0.775 0.013 0.007 0.010 0.012 0.037 0.008 
316 QAc-W-0039    (0)   :  0.005 0.028 0.004 0.008 0.014 0.870 0.028 0.019 0.003 0.009 0.006 0.006 
317 QAc-W-0040    (0)   :  0.004 0.006 0.004 0.013 0.006 0.732 0.005 0.004 0.007 0.018 0.019 0.182 
318 QAc-W-0041    (0)   :  0.021 0.150 0.009 0.134 0.005 0.519 0.018 0.074 0.026 0.004 0.029 0.012 
319 QAc-W-0042    (0)   :  0.005 0.006 0.002 0.005 0.004 0.005 0.006 0.917 0.007 0.032 0.005 0.005 
320 QAc-W-0043    (0)   :  0.009 0.006 0.002 0.004 0.009 0.004 0.005 0.944 0.004 0.004 0.004 0.003 
321 QAc-W-0044    (0)   :  0.006 0.012 0.003 0.004 0.050 0.011 0.014 0.802 0.006 0.052 0.007 0.032 
322 QAc-W-0045    (0)   :  0.012 0.009 0.003 0.004 0.003 0.005 0.005 0.864 0.070 0.011 0.008 0.005 
323 QAc-W-0046    (0)   :  0.005 0.008 0.005 0.006 0.004 0.004 0.006 0.942 0.004 0.007 0.004 0.004 
324 QAc-W-0047    (0)   :  0.009 0.007 0.004 0.002 0.034 0.005 0.005 0.910 0.004 0.007 0.005 0.007 
325 QAc-W-0048    (0)   :  0.030 0.004 0.007 0.003 0.003 0.014 0.003 0.895 0.007 0.021 0.010 0.004 
326 QAc-W-0049    (0)   :  0.046 0.004 0.007 0.004 0.003 0.004 0.003 0.852 0.005 0.062 0.007 0.004 
327 QAc-W-0050    (0)   :  0.068 0.009 0.007 0.003 0.004 0.005 0.004 0.046 0.828 0.005 0.011 0.010 
328 QAc-W-0051    (0)   :  0.005 0.005 0.003 0.005 0.011 0.007 0.006 0.012 0.920 0.018 0.004 0.004 
329 QAc-W-0052    (0)   :  0.003 0.004 0.002 0.002 0.003 0.005 0.004 0.004 0.003 0.964 0.003 0.003 
330 QAc-W-0053    (0)   :  0.219 0.007 0.004 0.003 0.004 0.008 0.003 0.714 0.015 0.006 0.009 0.008 
331 QAc-W-0054    (0)   :  0.004 0.008 0.005 0.007 0.080 0.007 0.076 0.072 0.625 0.025 0.045 0.045 
332 QAc-W-0055    (0)   :  0.003 0.004 0.034 0.009 0.022 0.005 0.239 0.028 0.629 0.004 0.010 0.012 
333 QAc-W-0056    (0)   :  0.006 0.048 0.008 0.010 0.009 0.067 0.005 0.006 0.769 0.010 0.052 0.011 
334 QAc-W-0057    (0)   :  0.032 0.009 0.032 0.011 0.116 0.007 0.004 0.021 0.718 0.007 0.032 0.011 
335 QAc-W-0058    (0)   :  0.034 0.005 0.119 0.017 0.007 0.004 0.008 0.050 0.719 0.011 0.022 0.003 
336 QAc-W-0059    (0)   :  0.874 0.003 0.003 0.002 0.004 0.003 0.004 0.093 0.003 0.004 0.003 0.003 
337 QAc-W-0060    (0)   :  0.008 0.046 0.003 0.003 0.852 0.004 0.011 0.005 0.010 0.040 0.010 0.007 
338 QAc-W-0061    (0)   :  0.033 0.011 0.016 0.010 0.762 0.018 0.055 0.022 0.017 0.004 0.024 0.029 
339 QAc-W-0062    (0)   :  0.003 0.004 0.003 0.010 0.935 0.003 0.008 0.003 0.005 0.014 0.004 0.008 
340 QAc-W-0063    (0)   :  0.005 0.008 0.005 0.010 0.892 0.014 0.009 0.005 0.014 0.013 0.011 0.014 
341 QAc-W-0064    (0)   :  0.004 0.009 0.004 0.009 0.912 0.010 0.014 0.004 0.011 0.005 0.010 0.008 
342 QAc-W-0065    (0)   :  0.008 0.013 0.007 0.005 0.786 0.009 0.005 0.008 0.106 0.005 0.022 0.026 
343 QAc-W-0066    (0)   :  0.002 0.003 0.004 0.003 0.003 0.003 0.970 0.003 0.002 0.002 0.002 0.002 
344 QAc-W-0067    (0)   :  0.002 0.002 0.003 0.003 0.003 0.002 0.971 0.003 0.002 0.003 0.002 0.003 
345 QAc-W-0068    (0)   :  0.002 0.003 0.003 0.003 0.005 0.003 0.969 0.003 0.002 0.002 0.002 0.002 
346 QAc-W-0069    (0)   :  0.002 0.004 0.004 0.003 0.006 0.003 0.967 0.003 0.002 0.002 0.002 0.002 
347 QAc-W-0070    (0)   :  0.002 0.003 0.003 0.003 0.406 0.002 0.568 0.003 0.003 0.002 0.002 0.003 
348 QAc-W-0071    (6)   :  0.004 0.006 0.011 0.006 0.718 0.004 0.229 0.005 0.003 0.004 0.005 0.004 
349 QAc-W-0072    (0)   :  0.003 0.005 0.005 0.008 0.792 0.029 0.004 0.004 0.018 0.003 0.017 0.111 
350 QAc-W-0073    (0)   :  0.054 0.008 0.005 0.006 0.864 0.008 0.004 0.014 0.014 0.006 0.011 0.007 
351 QAc-W-0074    (0)   :  0.003 0.003 0.004 0.003 0.963 0.004 0.004 0.003 0.003 0.003 0.003 0.004 
352 QAc-W-0075    (0)   :  0.003 0.003 0.006 0.003 0.952 0.003 0.015 0.003 0.003 0.003 0.004 0.003 
353 QAc-W-0076    (0)   :  0.004 0.004 0.009 0.004 0.935 0.003 0.004 0.004 0.005 0.002 0.005 0.022 
354 QAc-W-0077    (0)   :  0.004 0.005 0.002 0.004 0.764 0.006 0.144 0.040 0.017 0.004 0.005 0.005 
355 QAc-W-0078    (0)   :  0.005 0.024 0.168 0.290 0.007 0.119 0.075 0.008 0.024 0.011 0.184 0.086 
356 QAc-W-0079    (6)   :  0.006 0.009 0.918 0.004 0.006 0.008 0.018 0.007 0.006 0.005 0.005 0.007 
357 QAc-W-0080   (13)   :  0.009 0.004 0.917 0.005 0.003 0.041 0.003 0.003 0.003 0.002 0.007 0.003 
358 QAc-W-0081    (0)   :  0.003 0.004 0.020 0.941 0.004 0.005 0.003 0.004 0.004 0.005 0.004 0.003 
359 QAc-W-0082    (0)   :  0.010 0.004 0.005 0.508 0.004 0.003 0.003 0.003 0.449 0.002 0.005 0.004 
360 QAc-W-0083    (0)   :  0.006 0.010 0.011 0.872 0.030 0.012 0.011 0.007 0.009 0.011 0.006 0.016 
361 QAc-W-0084    (0)   :  0.002 0.003 0.007 0.960 0.003 0.006 0.003 0.003 0.003 0.004 0.003 0.003 
