

----------------------------------------------------
STRUCTURE by Pritchard, Stephens and Donnelly (2000)
     and Falush, Stephens and Pritchard (2003)
       Code by Pritchard, Falush and Hubisz
             Version 2.3.4 (Jul 2012)
----------------------------------------------------



Command line arguments:   bin\structure -m C:\Users\eschumacher\Documents\GitHub\GCC_QUAC_ZAIN\Data_Files\Structure_Files\QUAC\QUAC_woK_nopopinfo_garden_wild\QUAC_woK_nopopinfo_garden_wild\50-50\mainparams -e C:\Users\eschumacher\Documents\GitHub\GCC_QUAC_ZAIN\Data_Files\Structure_Files\QUAC\QUAC_woK_nopopinfo_garden_wild\QUAC_woK_nopopinfo_garden_wild\50-50\extraparams 
Input File:    C:\Users\eschumacher\Documents\GitHub\GCC_QUAC_ZAIN\Data_Files\Structure_Files\QUAC\QUAC_woK_nopopinfo_garden_wild\QUAC_woK_nopopinfo_garden_wild\project_data

Run parameters:
   441 individuals
   15 loci
   7 populations assumed
   50000 Burn-in period
   50000 Reps


--------------------------------------------
Overall proportion of membership of the
sample in each of the 7 clusters

Inferred Clusters
  1      2      3      4      5      6      7    
0.075  0.155  0.190  0.197  0.109  0.127  0.146  

--------------------------------------------

Allele-freq. divergence among pops (Net nucleotide distance),
computed using point estimates of P.

      1       2       3       4       5       6       7      
 1      -    0.0951  0.1446  0.1619  0.0953  0.1076  0.0904  
 2   0.0951     -    0.1007  0.0960  0.0480  0.0652  0.0483  
 3   0.1446  0.1007     -    0.1212  0.1006  0.1043  0.0936  
 4   0.1619  0.0960  0.1212     -    0.0926  0.1123  0.1031  
 5   0.0953  0.0480  0.1006  0.0926     -    0.0365  0.0583  
 6   0.1076  0.0652  0.1043  0.1123  0.0365     -    0.0619  
 7   0.0904  0.0483  0.0936  0.1031  0.0583  0.0619     -    

Average distances (expected heterozygosity) between individuals in same cluster:
cluster  1  : 0.4692 
cluster  2  : 0.5734 
cluster  3  : 0.4520 
cluster  4  : 0.4991 
cluster  5  : 0.5563 
cluster  6  : 0.5554 
cluster  7  : 0.6524 

--------------------------------------------
Estimated Ln Prob of Data   = -15735.8
Mean value of ln likelihood = -15357.7
Variance of ln likelihood   = 756.3
Mean value of alpha         = 0.0360

Mean value of Fst_1         = 0.3937
Mean value of Fst_2         = 0.1100
Mean value of Fst_3         = 0.3633
Mean value of Fst_4         = 0.2624
Mean value of Fst_5         = 0.1356
Mean value of Fst_6         = 0.1970
Mean value of Fst_7         = 0.0485


Inferred ancestry of individuals:
        Label (%Miss) :  Inferred clusters
  1 QAc-G-0029    (0)   :  0.005 0.005 0.012 0.936 0.008 0.029 0.004 
  2 QAc-G-0030    (0)   :  0.003 0.003 0.003 0.983 0.003 0.003 0.003 
  3 QAc-G-0031    (0)   :  0.003 0.003 0.005 0.980 0.003 0.003 0.002 
  4 QAc-G-0061    (0)   :  0.007 0.005 0.004 0.968 0.007 0.007 0.003 
  5 QAc-G-0062    (0)   :  0.486 0.373 0.109 0.009 0.008 0.005 0.012 
  6 QAc-G-0063    (0)   :  0.007 0.016 0.760 0.006 0.121 0.074 0.016 
  7 QAc-G-0064    (0)   :  0.977 0.003 0.005 0.003 0.003 0.005 0.003 
  8 QAc-G-0065    (0)   :  0.982 0.003 0.002 0.004 0.003 0.003 0.004 
  9 QAc-G-0066    (0)   :  0.003 0.004 0.979 0.005 0.003 0.004 0.002 
 10 QAc-G-0067    (0)   :  0.976 0.003 0.003 0.007 0.003 0.003 0.003 
 11 QAc-G-0068    (0)   :  0.007 0.015 0.586 0.005 0.005 0.003 0.379 
 12 QAc-G-0070    (0)   :  0.009 0.205 0.721 0.007 0.039 0.009 0.011 
 13 QAc-G-0071   (13)   :  0.003 0.003 0.978 0.005 0.003 0.005 0.003 
 14 QAc-G-0072    (0)   :  0.004 0.005 0.974 0.004 0.005 0.005 0.003 
 15 QAc-G-0073    (0)   :  0.003 0.004 0.003 0.004 0.009 0.973 0.003 
 16 QAc-G-0074    (0)   :  0.006 0.029 0.216 0.005 0.489 0.242 0.013 
 17 QAc-G-0075    (0)   :  0.009 0.007 0.022 0.013 0.454 0.480 0.015 
 18 QAc-G-0076    (0)   :  0.015 0.015 0.010 0.014 0.336 0.599 0.012 
 19 QAc-G-0077    (0)   :  0.009 0.003 0.009 0.962 0.009 0.005 0.004 
 20 QAc-G-0078    (0)   :  0.002 0.003 0.003 0.983 0.003 0.002 0.003 
 21 QAc-G-0079    (0)   :  0.002 0.004 0.005 0.977 0.004 0.004 0.004 
 22 QAc-G-0080    (0)   :  0.032 0.006 0.009 0.723 0.017 0.189 0.024 
 23 QAc-G-0081    (0)   :  0.005 0.892 0.008 0.007 0.033 0.029 0.026 
 24 QAc-G-0082    (0)   :  0.003 0.211 0.004 0.011 0.080 0.160 0.532 
 25 QAc-G-0083    (0)   :  0.050 0.093 0.494 0.051 0.278 0.017 0.018 
 26 QAc-G-0001   (13)   :  0.002 0.003 0.006 0.979 0.003 0.003 0.004 
 27 QAc-G-0002    (0)   :  0.003 0.003 0.003 0.983 0.003 0.003 0.003 
 28 QAc-G-0285    (0)   :  0.005 0.034 0.884 0.012 0.012 0.024 0.029 
 29 QAc-G-0286    (0)   :  0.003 0.003 0.982 0.003 0.003 0.003 0.003 
 30 QAc-G-0287    (0)   :  0.003 0.003 0.983 0.003 0.003 0.003 0.003 
 31 QAc-G-0288    (6)   :  0.007 0.018 0.928 0.021 0.012 0.009 0.005 
 32 QAc-G-0289    (0)   :  0.004 0.004 0.979 0.004 0.004 0.003 0.003 
 33 QAc-G-0290    (0)   :  0.008 0.004 0.973 0.004 0.005 0.004 0.003 
 34 QAc-G-0291    (0)   :  0.003 0.002 0.982 0.005 0.003 0.003 0.003 
 35 QAc-G-0292    (0)   :  0.004 0.267 0.689 0.003 0.006 0.006 0.025 
 36 QAc-G-0293    (0)   :  0.003 0.003 0.979 0.007 0.003 0.003 0.003 
 37 QAc-G-0294    (0)   :  0.009 0.009 0.004 0.010 0.541 0.402 0.025 
 38 QAc-G-0295    (0)   :  0.005 0.004 0.009 0.010 0.018 0.950 0.005 
 39 QAc-G-0296    (0)   :  0.010 0.005 0.006 0.004 0.013 0.957 0.004 
 40 QAc-G-0297    (0)   :  0.004 0.023 0.003 0.006 0.534 0.139 0.291 
 41 QAc-G-0298    (6)   :  0.004 0.003 0.004 0.005 0.010 0.970 0.004 
 42 QAc-G-0299    (0)   :  0.005 0.004 0.010 0.005 0.530 0.431 0.015 
 43 QAc-G-0300    (0)   :  0.027 0.013 0.004 0.004 0.055 0.891 0.005 
 44 QAc-G-0301    (0)   :  0.181 0.006 0.017 0.006 0.076 0.709 0.006 
 45 QAc-G-0302    (0)   :  0.004 0.005 0.005 0.004 0.019 0.005 0.957 
 46 QAc-G-0303    (0)   :  0.007 0.020 0.005 0.005 0.005 0.007 0.952 
 47 QAc-G-0304    (0)   :  0.003 0.003 0.981 0.004 0.003 0.004 0.003 
 48 QAc-G-0305    (0)   :  0.004 0.047 0.761 0.063 0.007 0.005 0.113 
 49 QAc-G-0306    (0)   :  0.003 0.003 0.982 0.004 0.003 0.003 0.003 
 50 QAc-G-0307    (0)   :  0.006 0.094 0.011 0.850 0.013 0.010 0.015 
 51 QAc-G-0308    (0)   :  0.004 0.008 0.014 0.939 0.007 0.019 0.010 
 52 QAc-G-0309    (0)   :  0.003 0.005 0.004 0.972 0.007 0.004 0.005 
 53 QAc-G-0310    (0)   :  0.003 0.004 0.004 0.976 0.005 0.005 0.003 
 54 QAc-G-0311    (0)   :  0.002 0.002 0.003 0.985 0.002 0.003 0.002 
 55 QAc-G-0312    (0)   :  0.019 0.105 0.006 0.606 0.065 0.096 0.103 
 56 QAc-G-0313    (0)   :  0.017 0.723 0.043 0.100 0.026 0.047 0.045 
 57 QAc-G-0314    (0)   :  0.014 0.526 0.004 0.016 0.169 0.157 0.115 
 58 QAc-G-0315    (0)   :  0.007 0.303 0.024 0.007 0.104 0.012 0.543 
 59 QAc-G-0316    (0)   :  0.004 0.918 0.008 0.023 0.024 0.005 0.018 
 60 QAc-G-0032    (6)   :  0.147 0.008 0.006 0.009 0.008 0.017 0.805 
 61 QAc-G-0033    (0)   :  0.010 0.006 0.004 0.006 0.565 0.403 0.005 
 62 QAc-G-0034    (0)   :  0.008 0.017 0.005 0.055 0.045 0.861 0.008 
 63 QAc-G-0035    (0)   :  0.009 0.006 0.009 0.007 0.867 0.094 0.006 
 64 QAc-G-0036    (0)   :  0.004 0.015 0.022 0.007 0.012 0.935 0.005 
 65 QAc-G-0037    (0)   :  0.004 0.003 0.009 0.008 0.007 0.966 0.003 
 66 QAc-G-0038    (0)   :  0.003 0.013 0.003 0.002 0.034 0.941 0.004 
 67 QAc-G-0039    (0)   :  0.008 0.032 0.005 0.031 0.299 0.609 0.017 
 68 QAc-G-0040    (0)   :  0.004 0.072 0.048 0.007 0.038 0.823 0.008 
 69 QAc-G-0041    (0)   :  0.025 0.018 0.006 0.003 0.007 0.937 0.003 
 70 QAc-G-0042    (0)   :  0.006 0.005 0.007 0.003 0.008 0.966 0.004 
 71 QAc-G-0043    (0)   :  0.003 0.005 0.005 0.007 0.041 0.934 0.005 
 72 QAc-G-0044    (0)   :  0.048 0.007 0.010 0.005 0.048 0.867 0.015 
 73 QAc-G-0045    (0)   :  0.017 0.008 0.006 0.029 0.218 0.716 0.005 
 74 QAc-G-0046    (0)   :  0.007 0.031 0.003 0.049 0.088 0.815 0.007 
 75 QAc-G-0047    (0)   :  0.005 0.008 0.006 0.024 0.843 0.105 0.010 
 76 QAc-G-0048    (0)   :  0.005 0.007 0.003 0.003 0.011 0.967 0.004 
 77 QAc-G-0049    (0)   :  0.003 0.003 0.005 0.982 0.003 0.002 0.003 
 78 QAc-G-0050    (0)   :  0.006 0.073 0.047 0.142 0.009 0.005 0.717 
 79 QAc-G-0051    (0)   :  0.002 0.003 0.004 0.983 0.003 0.003 0.003 
 80 QAc-G-0052    (0)   :  0.027 0.013 0.004 0.925 0.010 0.015 0.007 
 81 QAc-G-0053    (0)   :  0.006 0.003 0.009 0.947 0.011 0.021 0.003 
 82 QAc-G-0054    (0)   :  0.007 0.230 0.005 0.455 0.009 0.059 0.237 
 83 QAc-G-0055    (0)   :  0.003 0.033 0.005 0.570 0.008 0.026 0.354 
 84 QAc-G-0056    (0)   :  0.010 0.596 0.016 0.041 0.051 0.009 0.277 
 85 QAc-G-0057    (0)   :  0.002 0.003 0.004 0.978 0.005 0.004 0.004 
 86 QAc-G-0058    (6)   :  0.003 0.003 0.004 0.981 0.003 0.003 0.003 
 87 QAc-G-0059    (0)   :  0.005 0.029 0.003 0.643 0.010 0.185 0.125 
 88 QAc-G-0060    (6)   :  0.018 0.007 0.013 0.923 0.019 0.011 0.009 
 89 QAc-G-0276    (0)   :  0.003 0.010 0.911 0.024 0.023 0.021 0.007 
 90 QAc-G-0279    (0)   :  0.003 0.003 0.978 0.006 0.004 0.003 0.003 
 91 QAc-G-0280    (6)   :  0.004 0.005 0.966 0.004 0.008 0.009 0.004 
 92 QAc-G-0281    (0)   :  0.004 0.003 0.007 0.974 0.004 0.004 0.004 
 93 QAc-G-0018    (0)   :  0.007 0.014 0.006 0.045 0.078 0.812 0.037 
 94 QAc-G-0019    (0)   :  0.235 0.010 0.023 0.004 0.096 0.628 0.005 
 95 QAc-G-0020    (0)   :  0.004 0.003 0.003 0.004 0.009 0.972 0.006 
 96 QAc-G-0021    (6)   :  0.040 0.003 0.003 0.018 0.024 0.908 0.003 
 97 QAc-G-0022    (6)   :  0.077 0.132 0.007 0.029 0.254 0.490 0.012 
 98 QAc-G-0023    (0)   :  0.003 0.003 0.004 0.979 0.004 0.004 0.003 
 99 QAc-G-0024    (0)   :  0.004 0.003 0.003 0.973 0.008 0.006 0.004 
100 QAc-G-0016    (0)   :  0.006 0.013 0.016 0.210 0.005 0.026 0.724 
101 QAc-G-0017    (0)   :  0.205 0.034 0.006 0.004 0.006 0.010 0.735 
102 QAc-G-0250    (0)   :  0.006 0.014 0.574 0.014 0.037 0.018 0.337 
103 QAc-G-0003    (6)   :  0.004 0.005 0.972 0.005 0.006 0.005 0.003 
104 QAc-G-0004    (0)   :  0.007 0.006 0.004 0.008 0.029 0.018 0.929 
105 QAc-G-0005    (0)   :  0.982 0.003 0.003 0.003 0.003 0.003 0.003 
106 QAc-G-0006    (6)   :  0.003 0.011 0.004 0.004 0.013 0.006 0.960 
107 QAc-G-0283    (0)   :  0.003 0.913 0.010 0.004 0.007 0.008 0.054 
108 QAc-G-0265    (0)   :  0.005 0.025 0.034 0.445 0.441 0.016 0.034 
109 QAc-G-0266    (0)   :  0.002 0.003 0.006 0.981 0.003 0.003 0.002 
110 QAc-G-0267    (0)   :  0.083 0.137 0.100 0.011 0.032 0.614 0.023 
111 QAc-G-0268   (20)   :  0.032 0.023 0.564 0.014 0.030 0.007 0.330 
112 QAc-G-0269    (0)   :  0.003 0.003 0.979 0.004 0.004 0.005 0.002 
113 QAc-G-0270    (6)   :  0.008 0.005 0.006 0.005 0.008 0.964 0.004 
114 QAc-G-0271    (0)   :  0.056 0.006 0.003 0.003 0.892 0.029 0.010 
115 QAc-G-0272    (6)   :  0.004 0.006 0.016 0.008 0.016 0.944 0.006 
116 QAc-G-0273    (0)   :  0.007 0.005 0.005 0.969 0.004 0.005 0.005 
117 QAc-G-0274    (0)   :  0.984 0.003 0.003 0.002 0.003 0.003 0.002 
118 QAc-G-0251    (6)   :  0.013 0.007 0.004 0.005 0.007 0.956 0.008 
119 QAc-G-0252    (0)   :  0.004 0.010 0.004 0.004 0.006 0.965 0.007 
120 QAc-G-0253    (0)   :  0.003 0.003 0.005 0.977 0.003 0.005 0.003 
121 QAc-G-0254    (0)   :  0.003 0.003 0.003 0.983 0.003 0.002 0.002 
122 QAc-G-0255    (0)   :  0.009 0.007 0.005 0.004 0.029 0.006 0.939 
123 QAc-G-0256    (0)   :  0.008 0.004 0.009 0.004 0.007 0.005 0.962 
124 QAc-G-0257    (0)   :  0.054 0.025 0.003 0.007 0.005 0.015 0.891 
125 QAc-G-0258    (0)   :  0.007 0.004 0.003 0.003 0.005 0.005 0.974 
126 QAc-G-0259    (0)   :  0.002 0.204 0.002 0.003 0.033 0.006 0.749 
127 QAc-G-0260    (0)   :  0.157 0.293 0.053 0.024 0.018 0.022 0.434 
128 QAc-G-0261    (0)   :  0.490 0.026 0.005 0.006 0.007 0.014 0.451 
129 QAc-G-0262    (0)   :  0.057 0.018 0.019 0.013 0.005 0.009 0.879 
130 QAc-G-0010    (0)   :  0.006 0.031 0.864 0.017 0.018 0.057 0.006 
131 QAc-G-0011    (0)   :  0.006 0.970 0.003 0.004 0.005 0.008 0.004 
132 QAc-G-0015    (0)   :  0.008 0.040 0.005 0.834 0.010 0.021 0.082 
133 QAc-G-0106    (0)   :  0.020 0.005 0.003 0.003 0.005 0.008 0.957 
134 QAc-G-0107    (0)   :  0.004 0.006 0.007 0.007 0.005 0.004 0.968 
135 QAc-G-0108    (0)   :  0.005 0.005 0.005 0.003 0.005 0.009 0.969 
136 QAc-G-0109    (0)   :  0.027 0.020 0.005 0.012 0.006 0.010 0.919 
137 QAc-G-0110    (0)   :  0.003 0.012 0.043 0.007 0.026 0.032 0.875 
138 QAc-G-0111    (0)   :  0.005 0.009 0.008 0.005 0.007 0.010 0.955 
139 QAc-G-0112    (0)   :  0.004 0.005 0.017 0.006 0.004 0.005 0.960 
140 QAc-G-0113    (0)   :  0.022 0.006 0.009 0.011 0.005 0.008 0.940 
141 QAc-G-0114    (0)   :  0.003 0.006 0.015 0.013 0.071 0.013 0.878 
142 QAc-G-0115    (0)   :  0.007 0.004 0.005 0.003 0.003 0.004 0.974 
143 QAc-G-0116    (0)   :  0.006 0.007 0.011 0.007 0.005 0.004 0.960 
144 QAc-G-0117    (0)   :  0.052 0.018 0.008 0.012 0.087 0.110 0.713 
145 QAc-G-0118    (0)   :  0.026 0.009 0.006 0.003 0.008 0.006 0.942 
146 QAc-G-0119    (0)   :  0.021 0.005 0.002 0.006 0.020 0.011 0.935 
147 QAc-G-0120    (0)   :  0.007 0.013 0.006 0.006 0.019 0.011 0.937 
148 QAc-G-0121    (0)   :  0.967 0.003 0.006 0.004 0.005 0.009 0.006 
149 QAc-G-0122    (0)   :  0.939 0.005 0.029 0.004 0.006 0.011 0.006 
150 QAc-G-0123    (0)   :  0.981 0.002 0.002 0.003 0.004 0.005 0.002 
151 QAc-G-0124    (6)   :  0.977 0.004 0.003 0.004 0.005 0.004 0.003 
152 QAc-G-0125    (0)   :  0.543 0.100 0.028 0.182 0.010 0.010 0.128 
153 QAc-G-0126    (0)   :  0.240 0.018 0.006 0.019 0.009 0.016 0.691 
154 QAc-G-0127    (0)   :  0.966 0.008 0.003 0.005 0.006 0.006 0.007 
155 QAc-G-0128    (0)   :  0.979 0.003 0.005 0.003 0.004 0.003 0.003 
156 QAc-G-0129    (0)   :  0.982 0.003 0.003 0.002 0.003 0.003 0.003 
157 QAc-G-0130    (0)   :  0.940 0.012 0.005 0.002 0.006 0.012 0.023 
158 QAc-G-0131    (0)   :  0.970 0.004 0.004 0.004 0.007 0.006 0.004 
159 QAc-G-0132    (0)   :  0.770 0.006 0.017 0.021 0.014 0.005 0.167 
160 QAc-G-0133    (0)   :  0.970 0.003 0.004 0.003 0.005 0.010 0.003 
161 QAc-G-0134    (0)   :  0.975 0.003 0.004 0.004 0.005 0.005 0.004 
162 QAc-G-0135    (0)   :  0.004 0.007 0.005 0.008 0.013 0.010 0.953 
163 QAc-G-0136    (0)   :  0.006 0.014 0.008 0.006 0.005 0.005 0.956 
164 QAc-G-0137    (0)   :  0.036 0.006 0.006 0.004 0.013 0.007 0.929 
165 QAc-G-0138    (0)   :  0.007 0.063 0.005 0.009 0.004 0.003 0.910 
166 QAc-G-0139    (0)   :  0.022 0.005 0.003 0.002 0.008 0.032 0.928 
167 QAc-G-0140    (6)   :  0.032 0.005 0.005 0.005 0.027 0.016 0.910 
168 QAc-G-0141    (0)   :  0.025 0.037 0.017 0.024 0.075 0.041 0.781 
169 QAc-G-0142    (0)   :  0.004 0.004 0.003 0.003 0.012 0.004 0.970 
170 QAc-G-0143    (0)   :  0.006 0.011 0.016 0.007 0.024 0.049 0.886 
171 QAc-G-0144    (6)   :  0.002 0.006 0.005 0.006 0.005 0.007 0.969 
172 QAc-G-0145    (0)   :  0.003 0.003 0.980 0.003 0.004 0.004 0.003 
173 QAc-G-0146    (0)   :  0.981 0.003 0.003 0.003 0.003 0.003 0.003 
174 QAc-G-0147    (0)   :  0.316 0.513 0.007 0.005 0.009 0.024 0.126 
175 QAc-G-0148    (0)   :  0.007 0.008 0.007 0.006 0.013 0.017 0.943 
176 QAc-G-0149    (0)   :  0.978 0.003 0.003 0.003 0.005 0.005 0.003 
177 QAc-G-0150    (0)   :  0.004 0.004 0.979 0.004 0.004 0.004 0.003 
178 QAc-G-0151    (0)   :  0.978 0.003 0.004 0.003 0.005 0.005 0.003 
179 QAc-G-0152    (0)   :  0.976 0.003 0.002 0.006 0.005 0.005 0.002 
180 QAc-G-0153    (0)   :  0.904 0.036 0.019 0.002 0.008 0.018 0.014 
181 QAc-G-0154    (0)   :  0.916 0.004 0.011 0.003 0.006 0.046 0.015 
182 QAc-G-0155    (0)   :  0.978 0.003 0.003 0.003 0.005 0.005 0.003 
183 QAc-G-0158    (0)   :  0.983 0.003 0.003 0.003 0.003 0.002 0.003 
184 QAc-G-0159    (0)   :  0.012 0.007 0.007 0.005 0.007 0.009 0.955 
185 QAc-G-0160    (0)   :  0.003 0.003 0.984 0.003 0.002 0.003 0.002 
186 QAc-G-0161    (0)   :  0.002 0.003 0.983 0.003 0.003 0.003 0.003 
187 QAc-G-0162    (0)   :  0.004 0.039 0.631 0.006 0.030 0.282 0.008 
188 QAc-G-0163    (0)   :  0.003 0.005 0.888 0.003 0.054 0.023 0.025 
189 QAc-G-0164    (0)   :  0.002 0.024 0.946 0.013 0.006 0.004 0.004 
190 QAc-G-0165    (0)   :  0.009 0.006 0.966 0.003 0.006 0.006 0.005 
191 QAc-G-0166    (0)   :  0.003 0.004 0.976 0.003 0.006 0.005 0.003 
192 QAc-G-0167    (0)   :  0.004 0.004 0.974 0.005 0.006 0.005 0.003 
193 QAc-G-0168    (0)   :  0.003 0.003 0.982 0.004 0.003 0.003 0.003 
194 QAc-G-0169    (6)   :  0.005 0.026 0.478 0.005 0.110 0.004 0.372 
195 QAc-G-0170    (0)   :  0.006 0.004 0.971 0.004 0.005 0.006 0.003 
196 QAc-G-0171    (0)   :  0.003 0.004 0.978 0.004 0.004 0.004 0.003 
197 QAc-G-0172    (0)   :  0.011 0.020 0.020 0.008 0.030 0.004 0.908 
198 QAc-G-0173    (0)   :  0.002 0.003 0.979 0.006 0.003 0.004 0.003 
199 QAc-G-0174    (0)   :  0.008 0.043 0.800 0.008 0.019 0.029 0.093 
200 QAc-G-0175    (0)   :  0.002 0.003 0.981 0.004 0.003 0.004 0.003 
201 QAc-G-0176    (0)   :  0.004 0.005 0.788 0.009 0.020 0.167 0.006 
202 QAc-G-0177    (0)   :  0.003 0.003 0.979 0.004 0.004 0.003 0.003 
203 QAc-G-0178    (0)   :  0.009 0.083 0.860 0.030 0.008 0.004 0.006 
204 QAc-G-0179    (6)   :  0.003 0.003 0.981 0.003 0.003 0.004 0.003 
205 QAc-G-0180    (0)   :  0.003 0.003 0.982 0.003 0.003 0.003 0.003 
206 QAc-G-0181    (0)   :  0.003 0.005 0.959 0.002 0.022 0.004 0.004 
207 QAc-G-0182    (0)   :  0.014 0.023 0.883 0.004 0.022 0.024 0.031 
208 QAc-G-0183    (6)   :  0.004 0.005 0.973 0.007 0.004 0.004 0.005 
209 QAc-G-0184    (0)   :  0.003 0.003 0.980 0.003 0.003 0.004 0.004 
210 QAc-G-0185    (0)   :  0.012 0.024 0.927 0.007 0.011 0.011 0.008 
211 QAc-G-0186    (0)   :  0.003 0.006 0.963 0.002 0.015 0.007 0.004 
212 QAc-G-0187    (0)   :  0.006 0.038 0.884 0.037 0.017 0.013 0.005 
213 QAc-G-0188    (0)   :  0.005 0.008 0.247 0.004 0.044 0.015 0.677 
214 QAc-G-0189    (0)   :  0.002 0.003 0.982 0.005 0.003 0.003 0.003 
215 QAc-G-0190    (0)   :  0.004 0.004 0.976 0.004 0.004 0.004 0.003 
216 QAc-G-0191    (0)   :  0.005 0.004 0.976 0.005 0.004 0.005 0.003 
217 QAc-G-0192    (0)   :  0.003 0.003 0.982 0.003 0.003 0.003 0.003 
218 QAc-G-0193    (0)   :  0.004 0.005 0.975 0.004 0.005 0.005 0.003 
219 QAc-G-0194    (0)   :  0.004 0.006 0.969 0.005 0.006 0.006 0.003 
220 QAc-G-0195    (0)   :  0.004 0.007 0.872 0.089 0.011 0.012 0.005 
221 QAc-G-0196    (0)   :  0.002 0.004 0.978 0.005 0.004 0.004 0.003 
222 QAc-G-0197    (0)   :  0.003 0.003 0.982 0.003 0.003 0.003 0.003 
223 QAc-G-0198    (0)   :  0.004 0.003 0.978 0.003 0.005 0.005 0.003 
224 QAc-G-0199    (0)   :  0.009 0.049 0.880 0.010 0.009 0.034 0.008 
225 QAc-G-0200    (0)   :  0.003 0.006 0.965 0.004 0.008 0.011 0.004 
226 QAc-G-0201    (0)   :  0.002 0.004 0.979 0.003 0.005 0.003 0.003 
227 QAc-G-0202    (6)   :  0.003 0.003 0.971 0.010 0.003 0.005 0.005 
228 QAc-G-0203    (0)   :  0.003 0.002 0.964 0.015 0.004 0.005 0.007 
229 QAc-G-0204    (0)   :  0.003 0.004 0.973 0.005 0.005 0.007 0.003 
230 QAc-G-0205    (0)   :  0.002 0.003 0.004 0.984 0.002 0.003 0.002 
231 QAc-G-0206    (0)   :  0.005 0.014 0.004 0.840 0.018 0.034 0.085 
232 QAc-G-0207    (0)   :  0.006 0.010 0.006 0.961 0.006 0.006 0.005 
233 QAc-G-0208    (0)   :  0.004 0.003 0.004 0.980 0.004 0.003 0.003 
234 QAc-G-0209    (0)   :  0.003 0.004 0.006 0.977 0.003 0.003 0.003 
235 QAc-G-0210    (0)   :  0.003 0.003 0.003 0.983 0.003 0.003 0.003 
236 QAc-G-0211    (0)   :  0.004 0.003 0.003 0.981 0.003 0.003 0.003 
237 QAc-G-0212    (0)   :  0.003 0.004 0.004 0.980 0.003 0.004 0.003 
238 QAc-G-0213    (0)   :  0.003 0.004 0.004 0.975 0.006 0.005 0.003 
239 QAc-G-0214    (0)   :  0.002 0.002 0.004 0.982 0.003 0.003 0.003 
240 QAc-G-0215    (0)   :  0.003 0.004 0.003 0.979 0.005 0.004 0.003 
241 QAc-G-0216    (0)   :  0.003 0.008 0.060 0.240 0.026 0.007 0.656 
242 QAc-G-0217    (0)   :  0.012 0.008 0.005 0.957 0.005 0.005 0.007 
243 QAc-G-0218    (0)   :  0.005 0.008 0.005 0.967 0.007 0.006 0.003 
244 QAc-G-0219    (0)   :  0.022 0.008 0.008 0.891 0.011 0.041 0.020 
245 QAc-G-0220    (0)   :  0.007 0.009 0.003 0.950 0.008 0.006 0.017 
246 QAc-G-0221    (0)   :  0.014 0.035 0.009 0.911 0.011 0.013 0.007 
247 QAc-G-0222    (0)   :  0.003 0.003 0.004 0.979 0.005 0.003 0.003 
248 QAc-G-0223    (0)   :  0.005 0.006 0.003 0.974 0.005 0.005 0.003 
249 QAc-G-0224    (0)   :  0.003 0.005 0.005 0.977 0.003 0.003 0.004 
250 QAc-G-0226    (0)   :  0.004 0.003 0.003 0.978 0.005 0.004 0.003 
251 QAc-G-0227    (0)   :  0.013 0.004 0.005 0.005 0.011 0.957 0.005 
252 QAc-G-0228    (6)   :  0.003 0.004 0.004 0.005 0.006 0.974 0.004 
253 QAc-G-0229    (0)   :  0.004 0.013 0.006 0.006 0.017 0.944 0.009 
254 QAc-G-0230    (0)   :  0.004 0.006 0.011 0.019 0.825 0.125 0.010 
255 QAc-G-0231    (0)   :  0.005 0.003 0.006 0.975 0.003 0.004 0.004 
256 QAc-G-0232    (0)   :  0.009 0.010 0.003 0.003 0.025 0.944 0.006 
257 QAc-G-0233    (0)   :  0.006 0.186 0.005 0.054 0.711 0.029 0.008 
258 QAc-G-0234    (0)   :  0.006 0.012 0.018 0.005 0.100 0.853 0.005 
259 QAc-G-0235    (0)   :  0.003 0.009 0.007 0.007 0.008 0.006 0.960 
260 QAc-G-0236    (0)   :  0.007 0.004 0.005 0.004 0.006 0.970 0.004 
261 QAc-G-0237    (0)   :  0.017 0.015 0.011 0.017 0.043 0.888 0.009 
262 QAc-G-0238    (0)   :  0.003 0.005 0.005 0.006 0.014 0.964 0.003 
263 QAc-G-0239    (0)   :  0.003 0.005 0.004 0.004 0.008 0.971 0.005 
264 QAc-G-0240    (0)   :  0.006 0.006 0.003 0.003 0.007 0.971 0.005 
265 QAc-G-0241    (0)   :  0.008 0.032 0.013 0.011 0.274 0.623 0.040 
266 QAc-G-0242    (0)   :  0.011 0.008 0.004 0.010 0.926 0.036 0.005 
267 QAc-G-0243    (0)   :  0.059 0.138 0.004 0.021 0.575 0.190 0.013 
268 QAc-G-0244    (0)   :  0.004 0.005 0.006 0.011 0.009 0.953 0.012 
269 QAc-G-0245    (0)   :  0.019 0.005 0.006 0.004 0.025 0.936 0.004 
270 QAc-G-0246    (0)   :  0.005 0.004 0.005 0.004 0.005 0.972 0.005 
271 QAc-G-0247    (0)   :  0.003 0.004 0.002 0.004 0.004 0.980 0.003 
272 QAc-G-0248    (0)   :  0.004 0.004 0.003 0.003 0.608 0.370 0.008 
273 QAc-G-0249    (0)   :  0.003 0.951 0.010 0.009 0.016 0.005 0.006 
274 QAc-G-0025    (0)   :  0.003 0.003 0.004 0.979 0.004 0.004 0.003 
275 QAc-G-0028    (0)   :  0.004 0.080 0.006 0.033 0.454 0.420 0.003 
276 QAc-G-0275    (0)   :  0.002 0.004 0.010 0.970 0.004 0.005 0.004 
277 QAc-G-0263    (0)   :  0.005 0.565 0.375 0.020 0.006 0.004 0.023 
278 QAc-W-0001    (0)   :  0.014 0.005 0.003 0.004 0.962 0.007 0.006 
279 QAc-W-0002    (0)   :  0.003 0.021 0.018 0.004 0.056 0.861 0.037 
280 QAc-W-0003    (0)   :  0.010 0.006 0.024 0.030 0.908 0.008 0.015 
281 QAc-W-0004    (0)   :  0.004 0.005 0.006 0.005 0.968 0.009 0.003 
282 QAc-W-0005    (0)   :  0.006 0.006 0.005 0.004 0.972 0.004 0.003 
283 QAc-W-0006    (0)   :  0.006 0.006 0.005 0.005 0.966 0.007 0.006 
284 QAc-W-0007   (13)   :  0.005 0.006 0.004 0.004 0.967 0.009 0.004 
285 QAc-W-0008    (6)   :  0.003 0.014 0.004 0.003 0.963 0.008 0.006 
286 QAc-W-0009    (0)   :  0.008 0.025 0.008 0.007 0.050 0.767 0.134 
287 QAc-W-0010    (0)   :  0.009 0.055 0.008 0.004 0.910 0.006 0.008 
288 QAc-W-0011    (0)   :  0.021 0.006 0.047 0.008 0.714 0.177 0.027 
289 QAc-W-0012    (0)   :  0.006 0.009 0.020 0.005 0.896 0.055 0.008 
290 QAc-W-0013    (0)   :  0.005 0.007 0.006 0.147 0.039 0.774 0.022 
291 QAc-W-0014    (0)   :  0.005 0.014 0.004 0.004 0.958 0.011 0.004 
292 QAc-W-0015    (0)   :  0.004 0.039 0.022 0.047 0.045 0.827 0.016 
293 QAc-W-0016    (0)   :  0.003 0.038 0.009 0.013 0.911 0.006 0.020 
294 QAc-W-0017    (0)   :  0.008 0.432 0.051 0.027 0.151 0.255 0.077 
295 QAc-W-0018    (0)   :  0.009 0.031 0.003 0.040 0.812 0.037 0.070 
296 QAc-W-0019    (0)   :  0.005 0.013 0.005 0.009 0.949 0.011 0.008 
297 QAc-W-0020    (0)   :  0.040 0.004 0.003 0.003 0.939 0.005 0.006 
298 QAc-W-0021    (0)   :  0.012 0.026 0.009 0.214 0.704 0.009 0.026 
299 QAc-W-0022    (0)   :  0.008 0.329 0.014 0.017 0.393 0.214 0.025 
300 QAc-W-0023    (6)   :  0.081 0.066 0.003 0.024 0.652 0.106 0.067 
301 QAc-W-0024    (0)   :  0.006 0.016 0.020 0.146 0.800 0.006 0.007 
302 QAc-W-0025    (0)   :  0.004 0.008 0.005 0.007 0.699 0.271 0.007 
303 QAc-W-0026    (0)   :  0.025 0.027 0.063 0.021 0.846 0.010 0.009 
304 QAc-W-0027    (0)   :  0.004 0.019 0.008 0.004 0.686 0.266 0.012 
305 QAc-W-0028    (0)   :  0.004 0.005 0.007 0.003 0.932 0.040 0.008 
306 QAc-W-0029    (0)   :  0.008 0.006 0.003 0.006 0.841 0.124 0.011 
307 QAc-W-0030    (0)   :  0.009 0.004 0.011 0.005 0.237 0.726 0.008 
308 QAc-W-0031    (0)   :  0.004 0.004 0.004 0.052 0.906 0.023 0.006 
309 QAc-W-0032    (0)   :  0.013 0.005 0.002 0.003 0.963 0.011 0.003 
310 QAc-W-0033    (0)   :  0.013 0.018 0.006 0.008 0.937 0.012 0.007 
311 QAc-W-0034    (0)   :  0.006 0.007 0.005 0.004 0.911 0.057 0.011 
312 QAc-W-0035    (0)   :  0.005 0.119 0.029 0.028 0.365 0.443 0.011 
313 QAc-W-0036    (0)   :  0.039 0.008 0.004 0.003 0.909 0.028 0.008 
314 QAc-W-0037    (0)   :  0.025 0.008 0.032 0.025 0.061 0.841 0.007 
315 QAc-W-0038    (0)   :  0.014 0.007 0.018 0.006 0.866 0.079 0.010 
316 QAc-W-0039    (0)   :  0.011 0.005 0.024 0.007 0.926 0.021 0.005 
317 QAc-W-0040    (0)   :  0.024 0.165 0.006 0.008 0.787 0.007 0.004 
318 QAc-W-0041    (0)   :  0.005 0.014 0.015 0.067 0.672 0.180 0.047 
319 QAc-W-0042    (0)   :  0.306 0.012 0.033 0.019 0.023 0.031 0.576 
320 QAc-W-0043    (0)   :  0.011 0.007 0.037 0.008 0.012 0.038 0.888 
321 QAc-W-0044    (0)   :  0.348 0.092 0.041 0.006 0.117 0.109 0.288 
322 QAc-W-0045    (0)   :  0.016 0.006 0.008 0.007 0.007 0.011 0.945 
323 QAc-W-0046    (0)   :  0.015 0.007 0.017 0.017 0.008 0.032 0.904 
324 QAc-W-0047    (0)   :  0.033 0.017 0.015 0.004 0.021 0.047 0.863 
325 QAc-W-0048    (0)   :  0.062 0.005 0.004 0.007 0.012 0.009 0.900 
326 QAc-W-0049    (0)   :  0.086 0.005 0.004 0.007 0.007 0.007 0.883 
327 QAc-W-0050    (0)   :  0.005 0.012 0.007 0.012 0.005 0.007 0.953 
328 QAc-W-0051    (0)   :  0.020 0.007 0.014 0.011 0.022 0.011 0.914 
329 QAc-W-0052    (0)   :  0.977 0.004 0.004 0.003 0.005 0.005 0.003 
330 QAc-W-0053    (0)   :  0.009 0.007 0.004 0.004 0.010 0.009 0.957 
331 QAc-W-0054    (0)   :  0.058 0.440 0.164 0.006 0.014 0.013 0.305 
332 QAc-W-0055    (0)   :  0.008 0.087 0.524 0.073 0.014 0.006 0.288 
333 QAc-W-0056    (0)   :  0.010 0.063 0.013 0.039 0.150 0.075 0.651 
334 QAc-W-0057    (0)   :  0.009 0.029 0.029 0.056 0.012 0.008 0.856 
335 QAc-W-0058    (0)   :  0.005 0.005 0.015 0.138 0.006 0.006 0.825 
336 QAc-W-0059    (0)   :  0.005 0.004 0.004 0.003 0.004 0.004 0.975 
337 QAc-W-0060    (0)   :  0.031 0.030 0.699 0.005 0.004 0.214 0.016 
338 QAc-W-0061    (0)   :  0.003 0.134 0.780 0.010 0.013 0.016 0.045 
339 QAc-W-0062    (0)   :  0.052 0.225 0.673 0.015 0.006 0.021 0.008 
340 QAc-W-0063    (0)   :  0.083 0.303 0.431 0.026 0.095 0.016 0.046 
341 QAc-W-0064    (0)   :  0.005 0.215 0.664 0.021 0.040 0.026 0.029 
342 QAc-W-0065    (0)   :  0.005 0.325 0.528 0.013 0.018 0.057 0.054 
343 QAc-W-0066    (0)   :  0.003 0.003 0.981 0.005 0.004 0.004 0.002 
344 QAc-W-0067    (0)   :  0.003 0.003 0.982 0.004 0.003 0.003 0.003 
345 QAc-W-0068    (0)   :  0.003 0.003 0.983 0.003 0.003 0.003 0.002 
346 QAc-W-0069    (0)   :  0.003 0.003 0.980 0.004 0.004 0.004 0.002 
347 QAc-W-0070    (0)   :  0.003 0.003 0.983 0.003 0.003 0.003 0.003 
348 QAc-W-0071    (6)   :  0.003 0.031 0.944 0.005 0.004 0.006 0.007 
349 QAc-W-0072    (0)   :  0.005 0.759 0.156 0.008 0.027 0.007 0.038 
350 QAc-W-0073    (0)   :  0.012 0.060 0.406 0.012 0.016 0.019 0.475 
351 QAc-W-0074    (0)   :  0.007 0.186 0.761 0.009 0.016 0.013 0.007 
352 QAc-W-0075    (0)   :  0.003 0.029 0.926 0.007 0.012 0.008 0.015 
353 QAc-W-0076    (0)   :  0.003 0.335 0.632 0.011 0.005 0.005 0.010 
354 QAc-W-0077    (0)   :  0.012 0.042 0.803 0.004 0.019 0.016 0.105 
355 QAc-W-0078    (0)   :  0.024 0.175 0.032 0.625 0.094 0.037 0.013 
356 QAc-W-0079    (6)   :  0.005 0.009 0.025 0.932 0.011 0.011 0.007 
357 QAc-W-0080   (13)   :  0.003 0.005 0.005 0.923 0.052 0.005 0.009 
358 QAc-W-0081    (0)   :  0.008 0.005 0.004 0.967 0.006 0.005 0.004 
359 QAc-W-0082    (0)   :  0.003 0.006 0.004 0.532 0.007 0.005 0.444 
360 QAc-W-0083    (0)   :  0.016 0.048 0.028 0.865 0.018 0.016 0.010 
361 QAc-W-0084    (0)   :  0.007 0.004 0.004 0.970 0.008 0.004 0.003 
362 QAc-W-0085    (0)   :  0.004 0.004 0.004 0.979 0.003 0.003 0.003 
363 QAc-W-0086    (0)   :  0.004 0.008 0.006 0.967 0.006 0.004 0.004 
364 QAc-W-0087    (0)   :  0.003 0.011 0.007 0.956 0.010 0.005 0.009 
365 QAc-W-0088    (0)   :  0.004 0.008 0.004 0.928 0.006 0.006 0.043 
366 QAc-W-0089    (0)   :  0.003 0.004 0.006 0.969 0.007 0.007 0.004 
367 QAc-W-0090    (0)   :  0.003 0.004 0.006 0.971 0.006 0.006 0.004 
368 QAc-W-0091    (0)   :  0.012 0.018 0.005 0.941 0.010 0.004 0.011 
369 QAc-W-0092    (0)   :  0.234 0.007 0.007 0.679 0.043 0.023 0.007 
370 QAc-W-0093    (0)   :  0.008 0.036 0.003 0.750 0.060 0.100 0.042 
371 QAc-W-0094    (0)   :  0.217 0.015 0.006 0.615 0.110 0.013 0.023 
372 QAc-W-0095    (0)   :  0.043 0.007 0.006 0.892 0.031 0.012 0.009 
373 QAc-W-0096    (0)   :  0.121 0.026 0.016 0.736 0.063 0.010 0.029 
374 QAc-W-0097    (0)   :  0.008 0.007 0.007 0.711 0.080 0.060 0.127 
375 QAc-W-0098    (0)   :  0.005 0.005 0.004 0.969 0.006 0.006 0.006 
376 QAc-W-0099    (0)   :  0.013 0.108 0.004 0.801 0.015 0.030 0.030 
377 QAc-W-0100    (0)   :  0.003 0.011 0.003 0.965 0.005 0.006 0.006 
378 QAc-W-0101    (0)   :  0.003 0.011 0.034 0.932 0.010 0.005 0.005 
379 QAc-W-0104    (0)   :  0.004 0.024 0.004 0.929 0.012 0.008 0.019 
380 QAc-W-0105    (0)   :  0.011 0.004 0.005 0.960 0.006 0.010 0.004 
381 QAc-W-0106    (0)   :  0.053 0.013 0.005 0.888 0.014 0.021 0.006 
382 QAc-W-0107    (0)   :  0.004 0.004 0.006 0.975 0.004 0.004 0.004 
383 QAc-W-0108    (0)   :  0.002 0.004 0.006 0.979 0.004 0.003 0.003 
384 QAc-W-0109    (0)   :  0.007 0.005 0.020 0.933 0.013 0.009 0.012 
385 QAc-W-0110   (13)   :  0.004 0.011 0.007 0.175 0.791 0.006 0.005 
386 QAc-W-0111    (6)   :  0.005 0.004 0.006 0.961 0.006 0.012 0.005 
387 QAc-W-0112   (13)   :  0.009 0.022 0.004 0.927 0.010 0.017 0.011 
388 QAc-W-0113   (13)   :  0.004 0.961 0.004 0.005 0.010 0.010 0.006 
389 QAc-W-0114   (13)   :  0.010 0.944 0.004 0.014 0.009 0.005 0.015 
390 QAc-W-0115    (0)   :  0.005 0.964 0.005 0.006 0.009 0.008 0.003 
391 QAc-W-0116    (0)   :  0.016 0.929 0.002 0.005 0.013 0.019 0.015 
392 QAc-W-0117    (0)   :  0.003 0.971 0.004 0.003 0.006 0.006 0.007 
393 QAc-W-0118    (0)   :  0.004 0.943 0.023 0.014 0.006 0.004 0.005 
394 QAc-W-0119    (0)   :  0.008 0.963 0.007 0.004 0.006 0.008 0.005 
395 QAc-W-0120    (0)   :  0.003 0.951 0.010 0.006 0.010 0.010 0.009 
396 QAc-W-0121    (0)   :  0.003 0.941 0.027 0.003 0.008 0.007 0.012 
397 QAc-W-0122    (0)   :  0.005 0.939 0.003 0.005 0.020 0.008 0.019 
398 QAc-W-0123    (6)   :  0.011 0.918 0.011 0.017 0.005 0.017 0.020 
399 QAc-W-0124    (0)   :  0.011 0.847 0.028 0.032 0.032 0.043 0.006 
400 QAc-W-0125    (0)   :  0.011 0.952 0.007 0.011 0.008 0.004 0.007 
401 QAc-W-0126   (13)   :  0.012 0.934 0.007 0.018 0.010 0.006 0.012 
402 QAc-W-0127    (6)   :  0.005 0.968 0.004 0.004 0.009 0.005 0.005 
403 QAc-W-0128   (13)   :  0.003 0.913 0.010 0.035 0.020 0.008 0.011 
404 QAc-W-0129   (13)   :  0.005 0.880 0.007 0.005 0.060 0.016 0.026 
405 QAc-W-0130   (13)   :  0.003 0.935 0.006 0.007 0.029 0.011 0.009 
406 QAc-W-0131    (0)   :  0.044 0.926 0.005 0.006 0.008 0.004 0.006 
407 QAc-W-0132    (6)   :  0.022 0.862 0.046 0.016 0.015 0.033 0.005 
408 QAc-W-0133    (6)   :  0.007 0.706 0.178 0.083 0.007 0.006 0.014 
409 QAc-W-0134    (0)   :  0.005 0.972 0.004 0.004 0.004 0.005 0.006 
410 QAc-W-0135    (0)   :  0.003 0.907 0.014 0.006 0.042 0.021 0.007 
411 QAc-W-0136    (0)   :  0.012 0.968 0.003 0.003 0.005 0.006 0.004 
412 QAc-W-0137    (0)   :  0.005 0.974 0.004 0.003 0.004 0.005 0.005 
413 QAc-W-0138    (0)   :  0.005 0.974 0.003 0.003 0.006 0.006 0.003 
414 QAc-W-0139    (0)   :  0.008 0.815 0.017 0.042 0.087 0.022 0.009 
415 QAc-W-0140    (0)   :  0.003 0.872 0.005 0.005 0.040 0.034 0.040 
416 QAc-W-0141    (6)   :  0.004 0.877 0.013 0.006 0.032 0.054 0.015 
417 QAc-W-0142    (0)   :  0.003 0.975 0.006 0.004 0.004 0.005 0.005 
418 QAc-W-0143    (0)   :  0.004 0.966 0.003 0.007 0.007 0.005 0.007 
419 QAc-W-0144    (0)   :  0.007 0.903 0.003 0.005 0.009 0.007 0.067 
420 QAc-W-0145    (0)   :  0.004 0.977 0.003 0.003 0.004 0.004 0.006 
421 QAc-W-0146    (0)   :  0.006 0.945 0.004 0.005 0.009 0.028 0.004 
422 QAc-W-0147    (0)   :  0.003 0.976 0.004 0.005 0.005 0.004 0.003 
423 QAc-W-0148    (0)   :  0.007 0.966 0.004 0.003 0.007 0.008 0.004 
424 QAc-W-0149    (0)   :  0.011 0.933 0.004 0.009 0.017 0.005 0.021 
425 QAc-W-0150    (0)   :  0.012 0.876 0.006 0.017 0.045 0.037 0.006 
426 QAc-W-0151    (0)   :  0.007 0.953 0.005 0.005 0.010 0.015 0.005 
427 QAc-W-0152    (0)   :  0.004 0.969 0.005 0.004 0.006 0.006 0.006 
428 QAc-W-0153    (0)   :  0.004 0.260 0.010 0.065 0.054 0.450 0.157 
429 QAc-W-0154    (0)   :  0.003 0.924 0.004 0.004 0.052 0.008 0.006 
430 QAc-W-0155    (0)   :  0.003 0.975 0.003 0.003 0.006 0.006 0.004 
431 QAc-W-0156    (0)   :  0.014 0.796 0.004 0.077 0.076 0.027 0.006 
432 QAc-W-0157    (0)   :  0.030 0.920 0.009 0.003 0.005 0.020 0.013 
433 QAc-W-0158    (0)   :  0.004 0.877 0.017 0.027 0.040 0.031 0.004 
434 QAc-W-0159    (0)   :  0.009 0.957 0.006 0.006 0.011 0.005 0.007 
435 QAc-W-0160    (0)   :  0.006 0.935 0.004 0.004 0.022 0.025 0.004 
436 QAc-W-0161    (0)   :  0.086 0.836 0.004 0.004 0.019 0.041 0.010 
437 QAc-W-0162    (0)   :  0.031 0.912 0.026 0.003 0.004 0.003 0.021 
438 QAc-W-0163    (0)   :  0.007 0.944 0.004 0.003 0.005 0.008 0.029 
439 QAc-W-0164    (0)   :  0.006 0.969 0.005 0.004 0.006 0.004 0.005 
440 QAc-W-0165    (0)   :  0.012 0.942 0.024 0.003 0.006 0.007 0.007 
441 QAc-W-0166    (0)   :  0.007 0.944 0.005 0.004 0.028 0.007 0.005 


Estimated Allele Frequencies in each cluster
First column gives estimated ancestral frequencies


Locus 1 : 
21 alleles
0.5% missing data
 210   (0.113) 0.003 0.160 0.002 0.214 0.026 0.061 0.243 
 212   (0.105) 0.003 0.096 0.210 0.224 0.083 0.271 0.057 
 202   (0.060) 0.339 0.012 0.001 0.140 0.072 0.026 0.017 
 226   (0.045) 0.211 0.005 0.184 0.113 0.003 0.002 0.028 
 216   (0.066) 0.323 0.093 0.001 0.093 0.022 0.005 0.043 
 200   (0.225) 0.107 0.200 0.378 0.125 0.518 0.477 0.241 
 224   (0.038) 0.001 0.004 0.142 0.001 0.044 0.118 0.007 
 218   (0.044) 0.001 0.138 0.000 0.055 0.064 0.002 0.007 
 222   (0.024) 0.003 0.172 0.000 0.001 0.005 0.001 0.007 
 228   (0.012) 0.000 0.002 0.063 0.000 0.001 0.000 0.002 
 214   (0.051) 0.003 0.065 0.015 0.001 0.004 0.002 0.145 
 208   (0.053) 0.002 0.003 0.001 0.029 0.120 0.027 0.049 
 220   (0.021) 0.001 0.016 0.000 0.000 0.006 0.001 0.006 
 206   (0.038) 0.001 0.019 0.001 0.001 0.014 0.001 0.056 
 196   (0.014) 0.000 0.005 0.000 0.000 0.001 0.001 0.005 
 238   (0.013) 0.000 0.007 0.000 0.000 0.001 0.000 0.002 
 121   (0.013) 0.001 0.001 0.000 0.000 0.010 0.001 0.002 
 204   (0.017) 0.000 0.001 0.000 0.000 0.001 0.001 0.023 
 190   (0.012) 0.000 0.002 0.000 0.000 0.001 0.000 0.007 
 198   (0.015) 0.000 0.001 0.000 0.000 0.001 0.001 0.009 
 232   (0.021) 0.001 0.001 0.000 0.000 0.001 0.001 0.043 

Locus 2 : 
15 alleles
1.6% missing data
 171   (0.223) 0.403 0.066 0.003 0.147 0.329 0.341 0.441 
 175   (0.101) 0.131 0.021 0.122 0.245 0.063 0.017 0.068 
 185   (0.045) 0.001 0.208 0.001 0.146 0.011 0.008 0.011 
 181   (0.101) 0.004 0.008 0.344 0.348 0.094 0.114 0.085 
 179   (0.060) 0.332 0.271 0.108 0.001 0.007 0.010 0.018 
 173   (0.191) 0.110 0.187 0.326 0.064 0.198 0.444 0.135 
 177   (0.038) 0.009 0.067 0.093 0.001 0.003 0.002 0.011 
 183   (0.058) 0.002 0.091 0.001 0.020 0.005 0.003 0.107 
 187   (0.075) 0.002 0.049 0.001 0.001 0.090 0.055 0.078 
 189   (0.029) 0.001 0.019 0.000 0.000 0.195 0.003 0.004 
 191   (0.024) 0.004 0.001 0.000 0.026 0.003 0.001 0.017 
 163   (0.012) 0.000 0.002 0.000 0.000 0.001 0.000 0.007 
 165   (0.016) 0.000 0.002 0.000 0.000 0.001 0.001 0.008 
 193   (0.015) 0.000 0.001 0.000 0.000 0.001 0.001 0.008 
 169   (0.014) 0.000 0.007 0.000 0.000 0.001 0.001 0.002 

Locus 3 : 
7 alleles
2.5% missing data
 206   (0.828) 0.984 0.946 0.983 0.981 0.834 0.985 0.897 
 208   (0.053) 0.001 0.023 0.001 0.001 0.154 0.003 0.042 
 198   (0.014) 0.000 0.001 0.000 0.006 0.001 0.001 0.002 
 204   (0.052) 0.013 0.021 0.014 0.011 0.005 0.002 0.031 
 218   (0.019) 0.000 0.002 0.000 0.000 0.002 0.001 0.014 
 230   (0.016) 0.000 0.001 0.000 0.000 0.001 0.001 0.009 
 212   (0.018) 0.000 0.005 0.000 0.001 0.002 0.008 0.005 

Locus 4 : 
15 alleles
3.6% missing data
 165   (0.103) 0.004 0.019 0.084 0.607 0.079 0.176 0.054 
 173   (0.034) 0.001 0.002 0.000 0.328 0.002 0.001 0.034 
 163   (0.145) 0.005 0.312 0.006 0.006 0.138 0.085 0.260 
 167   (0.137) 0.534 0.150 0.002 0.017 0.180 0.194 0.093 
 161   (0.325) 0.449 0.426 0.889 0.012 0.481 0.522 0.364 
 153   (0.017) 0.001 0.001 0.000 0.000 0.014 0.006 0.003 
 171   (0.040) 0.002 0.021 0.000 0.007 0.003 0.003 0.055 
 179   (0.015) 0.000 0.001 0.000 0.000 0.006 0.001 0.005 
 157   (0.034) 0.001 0.002 0.000 0.001 0.074 0.004 0.029 
 149   (0.016) 0.000 0.001 0.000 0.000 0.001 0.001 0.009 
 177   (0.038) 0.001 0.023 0.001 0.017 0.007 0.003 0.018 
 155   (0.022) 0.001 0.005 0.000 0.000 0.009 0.001 0.008 
 175   (0.020) 0.000 0.001 0.000 0.000 0.001 0.001 0.016 
 169   (0.028) 0.001 0.002 0.000 0.004 0.002 0.001 0.047 
 159   (0.027) 0.001 0.034 0.016 0.001 0.002 0.001 0.004 

Locus 5 : 
16 alleles
0.0% missing data
 148   (0.109) 0.003 0.084 0.376 0.394 0.155 0.109 0.052 
 160   (0.040) 0.040 0.003 0.000 0.079 0.009 0.002 0.024 
 146   (0.099) 0.018 0.016 0.346 0.288 0.034 0.059 0.104 
 154   (0.044) 0.002 0.212 0.024 0.002 0.012 0.003 0.017 
 150   (0.053) 0.002 0.004 0.007 0.001 0.110 0.022 0.109 
 138   (0.090) 0.180 0.257 0.003 0.095 0.029 0.118 0.040 
 166   (0.048) 0.317 0.003 0.001 0.001 0.031 0.002 0.119 
 164   (0.022) 0.059 0.006 0.000 0.000 0.002 0.001 0.006 
 142   (0.027) 0.001 0.015 0.001 0.000 0.002 0.001 0.036 
 144   (0.175) 0.077 0.136 0.204 0.012 0.109 0.391 0.283 
 140   (0.076) 0.290 0.147 0.001 0.001 0.186 0.175 0.022 
 158   (0.056) 0.004 0.023 0.001 0.048 0.018 0.023 0.050 
 162   (0.028) 0.001 0.002 0.000 0.067 0.007 0.002 0.019 
 152   (0.093) 0.003 0.090 0.036 0.002 0.295 0.091 0.066 
 134   (0.018) 0.000 0.001 0.000 0.000 0.001 0.001 0.035 
 156   (0.022) 0.003 0.001 0.000 0.009 0.002 0.001 0.017 

Locus 6 : 
12 alleles
0.0% missing data
 225   (0.043) 0.001 0.029 0.199 0.108 0.010 0.002 0.007 
 239   (0.118) 0.211 0.029 0.492 0.032 0.022 0.126 0.087 
 229   (0.022) 0.001 0.001 0.000 0.337 0.007 0.002 0.003 
 235   (0.250) 0.009 0.406 0.264 0.406 0.316 0.302 0.161 
 237   (0.182) 0.016 0.241 0.031 0.006 0.202 0.346 0.219 
 233   (0.118) 0.291 0.020 0.009 0.040 0.379 0.143 0.076 
 227   (0.050) 0.314 0.003 0.001 0.001 0.003 0.002 0.298 
 245   (0.064) 0.003 0.083 0.001 0.001 0.046 0.011 0.054 
 241   (0.064) 0.151 0.067 0.002 0.067 0.008 0.003 0.039 
 231   (0.036) 0.001 0.079 0.000 0.001 0.003 0.001 0.036 
 243   (0.039) 0.001 0.040 0.000 0.001 0.003 0.061 0.014 
 251   (0.014) 0.000 0.002 0.000 0.000 0.001 0.001 0.008 

Locus 7 : 
7 alleles
0.0% missing data
 118   (0.830) 0.619 0.989 0.982 0.962 0.915 0.831 0.887 
 124   (0.052) 0.377 0.003 0.001 0.001 0.072 0.154 0.017 
 116   (0.023) 0.001 0.001 0.001 0.001 0.002 0.001 0.056 
 114   (0.045) 0.002 0.003 0.005 0.025 0.009 0.012 0.020 
 122   (0.013) 0.000 0.001 0.000 0.000 0.001 0.000 0.008 
 112   (0.023) 0.001 0.001 0.000 0.012 0.002 0.001 0.010 
 120   (0.014) 0.000 0.001 0.012 0.000 0.001 0.001 0.002 

Locus 8 : 
5 alleles
0.5% missing data
 135   (0.060) 0.002 0.033 0.004 0.014 0.043 0.165 0.014 
 139   (0.692) 0.929 0.671 0.966 0.905 0.850 0.729 0.735 
 137   (0.204) 0.068 0.200 0.029 0.080 0.104 0.104 0.235 
 143   (0.024) 0.001 0.063 0.000 0.000 0.002 0.001 0.011 
 141   (0.021) 0.000 0.033 0.000 0.001 0.001 0.001 0.005 

Locus 9 : 
15 alleles
1.6% missing data
 116   (0.201) 0.009 0.362 0.177 0.373 0.510 0.424 0.090 
 112   (0.106) 0.003 0.179 0.068 0.077 0.045 0.057 0.051 
 118   (0.118) 0.093 0.151 0.002 0.515 0.051 0.023 0.083 
 122   (0.081) 0.472 0.009 0.550 0.001 0.009 0.004 0.270 
 114   (0.191) 0.006 0.224 0.133 0.023 0.342 0.182 0.200 
 120   (0.059) 0.186 0.022 0.001 0.001 0.004 0.150 0.047 
