

----------------------------------------------------
STRUCTURE by Pritchard, Stephens and Donnelly (2000)
     and Falush, Stephens and Pritchard (2003)
       Code by Pritchard, Falush and Hubisz
             Version 2.3.4 (Jul 2012)
----------------------------------------------------



Command line arguments:   bin\structure -m C:\Users\eschumacher\Documents\GitHub\GCC_QUAC_ZAIN\Data_Files\Structure_Files\QUAC\QUAC_woK_nopopinfo_garden_wild\QUAC_woK_nopopinfo_garden_wild\50-50\mainparams -e C:\Users\eschumacher\Documents\GitHub\GCC_QUAC_ZAIN\Data_Files\Structure_Files\QUAC\QUAC_woK_nopopinfo_garden_wild\QUAC_woK_nopopinfo_garden_wild\50-50\extraparams 
Input File:    C:\Users\eschumacher\Documents\GitHub\GCC_QUAC_ZAIN\Data_Files\Structure_Files\QUAC\QUAC_woK_nopopinfo_garden_wild\QUAC_woK_nopopinfo_garden_wild\project_data

Run parameters:
   441 individuals
   15 loci
   9 populations assumed
   50000 Burn-in period
   50000 Reps


--------------------------------------------
Overall proportion of membership of the
sample in each of the 9 clusters

Inferred Clusters
  1      2      3      4      5      6      7      8      9    
0.071  0.072  0.108  0.143  0.208  0.065  0.076  0.127  0.128  

--------------------------------------------

Allele-freq. divergence among pops (Net nucleotide distance),
computed using point estimates of P.

      1       2       3       4       5       6       7       8       9      
 1      -    0.0821  0.1007  0.1665  0.0972  0.1385  0.2223  0.1545  0.1008  
 2   0.0821     -    0.0338  0.0961  0.0330  0.0580  0.1205  0.0665  0.0300  
 3   0.1007  0.0338     -    0.1271  0.0675  0.0861  0.1672  0.1186  0.0667  
 4   0.1665  0.0961  0.1271     -    0.1114  0.0939  0.1915  0.1399  0.1283  
 5   0.0972  0.0330  0.0675  0.1114     -    0.0929  0.1467  0.0972  0.0556  
 6   0.1385  0.0580  0.0861  0.0939  0.0929     -    0.1398  0.1133  0.0819  
 7   0.2223  0.1205  0.1672  0.1915  0.1467  0.1398     -    0.0816  0.1593  
 8   0.1545  0.0665  0.1186  0.1399  0.0972  0.1133  0.0816     -    0.0944  
 9   0.1008  0.0300  0.0667  0.1283  0.0556  0.0819  0.1593  0.0944     -    

Average distances (expected heterozygosity) between individuals in same cluster:
cluster  1  : 0.4659 
cluster  2  : 0.6998 
cluster  3  : 0.6121 
cluster  4  : 0.4001 
cluster  5  : 0.5621 
cluster  6  : 0.5152 
cluster  7  : 0.3932 
cluster  8  : 0.5058 
cluster  9  : 0.5549 

--------------------------------------------
Estimated Ln Prob of Data   = -15410.5
Mean value of ln likelihood = -14950.3
Variance of ln likelihood   = 920.5
Mean value of alpha         = 0.0331

Mean value of Fst_1         = 0.4158
Mean value of Fst_2         = 0.0044
Mean value of Fst_3         = 0.0957
Mean value of Fst_4         = 0.4964
Mean value of Fst_5         = 0.1630
Mean value of Fst_6         = 0.2532
Mean value of Fst_7         = 0.5529
Mean value of Fst_8         = 0.2458
Mean value of Fst_9         = 0.1426


Inferred ancestry of individuals:
        Label (%Miss) :  Inferred clusters
  1 QAc-G-0029    (0)   :  0.006 0.049 0.004 0.024 0.070 0.008 0.625 0.192 0.022 
  2 QAc-G-0030    (0)   :  0.002 0.002 0.002 0.002 0.002 0.003 0.981 0.003 0.002 
  3 QAc-G-0031    (0)   :  0.002 0.003 0.002 0.004 0.002 0.004 0.975 0.005 0.003 
  4 QAc-G-0061    (0)   :  0.005 0.003 0.003 0.003 0.005 0.002 0.130 0.844 0.004 
  5 QAc-G-0062    (0)   :  0.421 0.088 0.006 0.026 0.007 0.333 0.006 0.006 0.108 
  6 QAc-G-0063    (0)   :  0.012 0.109 0.009 0.540 0.109 0.181 0.005 0.005 0.030 
  7 QAc-G-0064    (0)   :  0.970 0.003 0.003 0.005 0.004 0.006 0.003 0.003 0.003 
  8 QAc-G-0065    (0)   :  0.974 0.003 0.004 0.002 0.003 0.002 0.007 0.002 0.002 
  9 QAc-G-0066    (0)   :  0.003 0.003 0.002 0.975 0.004 0.003 0.004 0.004 0.003 
 10 QAc-G-0067    (0)   :  0.970 0.003 0.003 0.003 0.003 0.002 0.005 0.007 0.003 
 11 QAc-G-0068    (0)   :  0.005 0.285 0.126 0.552 0.003 0.004 0.003 0.004 0.018 
 12 QAc-G-0070    (0)   :  0.008 0.016 0.006 0.536 0.009 0.086 0.004 0.005 0.329 
 13 QAc-G-0071   (13)   :  0.002 0.006 0.007 0.902 0.004 0.045 0.016 0.011 0.007 
 14 QAc-G-0072    (0)   :  0.003 0.003 0.002 0.974 0.004 0.003 0.003 0.003 0.004 
 15 QAc-G-0073    (0)   :  0.003 0.004 0.003 0.003 0.972 0.003 0.003 0.005 0.004 
 16 QAc-G-0074    (0)   :  0.005 0.028 0.012 0.104 0.740 0.070 0.005 0.005 0.031 
 17 QAc-G-0075    (0)   :  0.006 0.008 0.008 0.010 0.939 0.006 0.014 0.005 0.005 
 18 QAc-G-0076    (0)   :  0.007 0.028 0.006 0.009 0.923 0.004 0.006 0.008 0.009 
 19 QAc-G-0077    (0)   :  0.007 0.004 0.004 0.009 0.006 0.006 0.125 0.838 0.003 
 20 QAc-G-0078    (0)   :  0.002 0.002 0.002 0.002 0.002 0.002 0.982 0.003 0.002 
 21 QAc-G-0079    (0)   :  0.002 0.002 0.003 0.003 0.003 0.003 0.979 0.004 0.002 
 22 QAc-G-0080    (0)   :  0.027 0.052 0.014 0.007 0.075 0.021 0.003 0.799 0.004 
 23 QAc-G-0081    (0)   :  0.004 0.707 0.012 0.004 0.020 0.026 0.007 0.006 0.214 
 24 QAc-G-0082    (0)   :  0.003 0.935 0.011 0.002 0.020 0.007 0.003 0.005 0.014 
 25 QAc-G-0083    (0)   :  0.013 0.008 0.005 0.012 0.030 0.896 0.010 0.017 0.010 
 26 QAc-G-0001   (13)   :  0.002 0.003 0.002 0.004 0.003 0.003 0.976 0.005 0.002 
 27 QAc-G-0002    (0)   :  0.002 0.002 0.002 0.003 0.002 0.002 0.980 0.004 0.002 
 28 QAc-G-0285    (0)   :  0.004 0.006 0.008 0.015 0.004 0.945 0.005 0.005 0.007 
 29 QAc-G-0286    (0)   :  0.003 0.003 0.003 0.976 0.003 0.005 0.003 0.003 0.003 
 30 QAc-G-0287    (0)   :  0.002 0.002 0.002 0.979 0.003 0.003 0.003 0.003 0.003 
 31 QAc-G-0288    (6)   :  0.010 0.014 0.007 0.860 0.014 0.008 0.021 0.026 0.040 
 32 QAc-G-0289    (0)   :  0.003 0.002 0.002 0.977 0.003 0.003 0.002 0.004 0.003 
 33 QAc-G-0290    (0)   :  0.006 0.003 0.003 0.972 0.003 0.004 0.002 0.003 0.003 
 34 QAc-G-0291    (0)   :  0.003 0.005 0.003 0.906 0.005 0.021 0.037 0.018 0.002 
 35 QAc-G-0292    (0)   :  0.003 0.008 0.006 0.232 0.004 0.730 0.003 0.004 0.009 
 36 QAc-G-0293    (0)   :  0.002 0.003 0.003 0.488 0.002 0.480 0.016 0.005 0.002 
 37 QAc-G-0294    (0)   :  0.006 0.014 0.013 0.003 0.940 0.003 0.008 0.006 0.007 
 38 QAc-G-0295    (0)   :  0.005 0.007 0.004 0.016 0.939 0.009 0.007 0.010 0.004 
 39 QAc-G-0296    (0)   :  0.010 0.003 0.003 0.006 0.962 0.004 0.002 0.004 0.005 
 40 QAc-G-0297    (0)   :  0.005 0.584 0.019 0.003 0.371 0.003 0.002 0.005 0.008 
 41 QAc-G-0298    (6)   :  0.005 0.004 0.003 0.003 0.967 0.005 0.005 0.005 0.003 
 42 QAc-G-0299    (0)   :  0.004 0.005 0.006 0.007 0.962 0.004 0.004 0.005 0.003 
 43 QAc-G-0300    (0)   :  0.019 0.005 0.005 0.004 0.949 0.003 0.002 0.004 0.010 
 44 QAc-G-0301    (0)   :  0.065 0.005 0.005 0.010 0.892 0.006 0.007 0.006 0.004 
 45 QAc-G-0302    (0)   :  0.003 0.016 0.949 0.005 0.010 0.006 0.003 0.004 0.005 
 46 QAc-G-0303    (0)   :  0.005 0.034 0.898 0.003 0.007 0.009 0.003 0.006 0.034 
 47 QAc-G-0304    (0)   :  0.002 0.003 0.002 0.975 0.003 0.005 0.004 0.003 0.003 
 48 QAc-G-0305    (0)   :  0.003 0.048 0.087 0.536 0.006 0.206 0.036 0.036 0.041 
 49 QAc-G-0306    (0)   :  0.002 0.003 0.002 0.976 0.002 0.005 0.003 0.004 0.003 
 50 QAc-G-0307    (0)   :  0.005 0.021 0.014 0.005 0.008 0.020 0.044 0.851 0.031 
 51 QAc-G-0308    (0)   :  0.003 0.004 0.006 0.010 0.008 0.007 0.004 0.954 0.005 
 52 QAc-G-0309    (0)   :  0.003 0.014 0.003 0.003 0.004 0.004 0.960 0.005 0.004 
 53 QAc-G-0310    (0)   :  0.003 0.003 0.002 0.003 0.003 0.003 0.976 0.005 0.003 
 54 QAc-G-0311    (0)   :  0.002 0.002 0.002 0.003 0.002 0.002 0.005 0.979 0.002 
 55 QAc-G-0312    (0)   :  0.013 0.082 0.067 0.007 0.117 0.005 0.005 0.643 0.061 
 56 QAc-G-0313    (0)   :  0.006 0.829 0.006 0.007 0.015 0.032 0.024 0.005 0.076 
 57 QAc-G-0314    (0)   :  0.007 0.717 0.020 0.004 0.131 0.003 0.008 0.010 0.100 
 58 QAc-G-0315    (0)   :  0.005 0.949 0.009 0.006 0.009 0.005 0.003 0.004 0.010 
 59 QAc-G-0316    (0)   :  0.009 0.784 0.005 0.006 0.007 0.008 0.025 0.013 0.142 
 60 QAc-G-0032    (6)   :  0.145 0.394 0.417 0.008 0.011 0.003 0.009 0.005 0.008 
 61 QAc-G-0033    (0)   :  0.008 0.004 0.005 0.004 0.960 0.003 0.006 0.004 0.005 
 62 QAc-G-0034    (0)   :  0.007 0.006 0.008 0.004 0.910 0.004 0.023 0.023 0.016 
 63 QAc-G-0035    (0)   :  0.008 0.007 0.005 0.006 0.957 0.006 0.003 0.004 0.005 
 64 QAc-G-0036    (0)   :  0.005 0.011 0.004 0.015 0.928 0.015 0.005 0.005 0.012 
 65 QAc-G-0037    (0)   :  0.005 0.007 0.003 0.015 0.946 0.005 0.005 0.012 0.002 
 66 QAc-G-0038    (0)   :  0.003 0.003 0.003 0.003 0.977 0.003 0.002 0.002 0.005 
 67 QAc-G-0039    (0)   :  0.005 0.025 0.012 0.005 0.897 0.004 0.011 0.025 0.015 
 68 QAc-G-0040    (0)   :  0.003 0.009 0.007 0.055 0.840 0.009 0.006 0.005 0.066 
 69 QAc-G-0041    (0)   :  0.028 0.006 0.003 0.003 0.911 0.018 0.003 0.003 0.026 
 70 QAc-G-0042    (0)   :  0.005 0.004 0.006 0.007 0.964 0.004 0.002 0.003 0.005 
 71 QAc-G-0043    (0)   :  0.003 0.005 0.003 0.005 0.964 0.003 0.005 0.008 0.004 
 72 QAc-G-0044    (0)   :  0.025 0.008 0.016 0.008 0.924 0.006 0.004 0.004 0.006 
 73 QAc-G-0045    (0)   :  0.011 0.006 0.005 0.006 0.915 0.004 0.014 0.032 0.007 
 74 QAc-G-0046    (0)   :  0.004 0.013 0.003 0.002 0.896 0.006 0.044 0.017 0.014 
 75 QAc-G-0047    (0)   :  0.006 0.011 0.014 0.005 0.913 0.004 0.023 0.017 0.008 
 76 QAc-G-0048    (0)   :  0.006 0.005 0.004 0.003 0.965 0.006 0.002 0.003 0.006 
 77 QAc-G-0049    (0)   :  0.002 0.003 0.002 0.004 0.003 0.003 0.974 0.006 0.003 
 78 QAc-G-0050    (0)   :  0.004 0.867 0.026 0.014 0.004 0.005 0.009 0.055 0.015 
 79 QAc-G-0051    (0)   :  0.002 0.002 0.002 0.003 0.002 0.004 0.978 0.004 0.002 
 80 QAc-G-0052    (0)   :  0.009 0.006 0.003 0.004 0.006 0.003 0.007 0.958 0.005 
 81 QAc-G-0053    (0)   :  0.003 0.007 0.002 0.006 0.017 0.006 0.012 0.943 0.003 
 82 QAc-G-0054    (0)   :  0.004 0.276 0.035 0.004 0.016 0.003 0.003 0.553 0.106 
 83 QAc-G-0055    (0)   :  0.003 0.210 0.119 0.004 0.013 0.004 0.005 0.629 0.013 
 84 QAc-G-0056    (0)   :  0.009 0.821 0.013 0.012 0.008 0.006 0.004 0.054 0.073 
 85 QAc-G-0057    (0)   :  0.002 0.002 0.003 0.003 0.003 0.003 0.977 0.005 0.002 
 86 QAc-G-0058    (6)   :  0.002 0.002 0.002 0.003 0.002 0.003 0.978 0.004 0.002 
 87 QAc-G-0059    (0)   :  0.003 0.521 0.008 0.002 0.008 0.003 0.005 0.444 0.005 
 88 QAc-G-0060    (6)   :  0.008 0.024 0.004 0.011 0.006 0.006 0.011 0.923 0.005 
 89 QAc-G-0276    (0)   :  0.002 0.007 0.004 0.329 0.015 0.620 0.006 0.011 0.005 
 90 QAc-G-0279    (0)   :  0.002 0.003 0.002 0.974 0.003 0.003 0.005 0.004 0.003 
 91 QAc-G-0280    (6)   :  0.004 0.004 0.003 0.968 0.007 0.004 0.003 0.003 0.004 
 92 QAc-G-0281    (0)   :  0.003 0.003 0.003 0.005 0.003 0.003 0.005 0.972 0.003 
 93 QAc-G-0018    (0)   :  0.006 0.027 0.026 0.006 0.860 0.004 0.023 0.038 0.010 
 94 QAc-G-0019    (0)   :  0.065 0.006 0.004 0.011 0.887 0.013 0.003 0.004 0.007 
 95 QAc-G-0020    (0)   :  0.003 0.031 0.003 0.003 0.944 0.005 0.004 0.004 0.003 
 96 QAc-G-0021    (6)   :  0.014 0.005 0.003 0.003 0.954 0.003 0.008 0.007 0.002 
 97 QAc-G-0022    (6)   :  0.046 0.036 0.010 0.004 0.765 0.014 0.012 0.024 0.090 
 98 QAc-G-0023    (0)   :  0.002 0.004 0.003 0.003 0.003 0.004 0.628 0.351 0.003 
 99 QAc-G-0024    (0)   :  0.003 0.003 0.003 0.003 0.004 0.002 0.972 0.007 0.003 
100 QAc-G-0016    (0)   :  0.005 0.282 0.326 0.015 0.014 0.007 0.003 0.333 0.016 
101 QAc-G-0017    (0)   :  0.185 0.029 0.750 0.005 0.009 0.006 0.004 0.003 0.009 
102 QAc-G-0250    (0)   :  0.008 0.534 0.050 0.119 0.013 0.251 0.007 0.006 0.012 
103 QAc-G-0003    (6)   :  0.003 0.004 0.003 0.964 0.004 0.009 0.004 0.004 0.006 
104 QAc-G-0004    (0)   :  0.006 0.024 0.887 0.003 0.044 0.007 0.018 0.006 0.005 
105 QAc-G-0005    (0)   :  0.978 0.002 0.003 0.003 0.003 0.002 0.003 0.003 0.003 
106 QAc-G-0006    (6)   :  0.003 0.064 0.882 0.005 0.013 0.013 0.003 0.004 0.014 
107 QAc-G-0283    (0)   :  0.003 0.511 0.029 0.003 0.008 0.142 0.003 0.004 0.296 
108 QAc-G-0265    (0)   :  0.004 0.202 0.011 0.004 0.024 0.292 0.450 0.005 0.009 
109 QAc-G-0266    (0)   :  0.002 0.002 0.002 0.004 0.002 0.003 0.978 0.006 0.002 
110 QAc-G-0267    (0)   :  0.134 0.010 0.005 0.004 0.196 0.629 0.004 0.008 0.010 
111 QAc-G-0268   (20)   :  0.010 0.412 0.017 0.528 0.005 0.010 0.003 0.007 0.006 
112 QAc-G-0269    (0)   :  0.003 0.002 0.002 0.976 0.004 0.003 0.004 0.003 0.002 
113 QAc-G-0270    (6)   :  0.011 0.004 0.003 0.006 0.958 0.005 0.004 0.004 0.005 
114 QAc-G-0271    (0)   :  0.092 0.138 0.012 0.004 0.734 0.006 0.003 0.004 0.007 
115 QAc-G-0272    (6)   :  0.003 0.005 0.006 0.015 0.946 0.009 0.004 0.006 0.006 
116 QAc-G-0273    (0)   :  0.004 0.004 0.004 0.004 0.003 0.004 0.012 0.962 0.004 
117 QAc-G-0274    (0)   :  0.981 0.002 0.002 0.002 0.003 0.002 0.002 0.002 0.003 
118 QAc-G-0251    (6)   :  0.016 0.005 0.014 0.004 0.939 0.004 0.006 0.004 0.007 
119 QAc-G-0252    (0)   :  0.006 0.007 0.011 0.005 0.944 0.003 0.004 0.005 0.014 
120 QAc-G-0253    (0)   :  0.003 0.004 0.003 0.005 0.004 0.004 0.016 0.957 0.003 
121 QAc-G-0254    (0)   :  0.003 0.008 0.004 0.004 0.004 0.003 0.920 0.051 0.003 
122 QAc-G-0255    (0)   :  0.008 0.020 0.930 0.004 0.013 0.009 0.004 0.005 0.007 
123 QAc-G-0256    (0)   :  0.008 0.005 0.956 0.009 0.006 0.005 0.003 0.005 0.003 
124 QAc-G-0257    (0)   :  0.049 0.024 0.835 0.003 0.009 0.005 0.002 0.021 0.051 
125 QAc-G-0258    (0)   :  0.005 0.010 0.965 0.002 0.005 0.004 0.002 0.003 0.003 
126 QAc-G-0259    (0)   :  0.002 0.969 0.009 0.002 0.004 0.002 0.002 0.002 0.008 
127 QAc-G-0260    (0)   :  0.061 0.795 0.032 0.035 0.013 0.010 0.005 0.013 0.037 
128 QAc-G-0261    (0)   :  0.418 0.516 0.034 0.004 0.009 0.004 0.003 0.005 0.007 
129 QAc-G-0262    (0)   :  0.023 0.749 0.168 0.013 0.005 0.015 0.003 0.010 0.013 
130 QAc-G-0010    (0)   :  0.005 0.011 0.003 0.035 0.014 0.903 0.014 0.008 0.008 
131 QAc-G-0011    (0)   :  0.005 0.018 0.004 0.004 0.006 0.003 0.004 0.004 0.953 
132 QAc-G-0015    (0)   :  0.008 0.073 0.121 0.003 0.009 0.012 0.433 0.293 0.048 
133 QAc-G-0106    (0)   :  0.026 0.016 0.930 0.003 0.011 0.002 0.002 0.003 0.007 
134 QAc-G-0107    (0)   :  0.003 0.012 0.950 0.006 0.004 0.008 0.004 0.008 0.005 
135 QAc-G-0108    (0)   :  0.004 0.004 0.968 0.005 0.006 0.004 0.002 0.002 0.005 
136 QAc-G-0109    (0)   :  0.034 0.048 0.853 0.005 0.007 0.008 0.007 0.016 0.021 
137 QAc-G-0110    (0)   :  0.002 0.023 0.835 0.060 0.031 0.019 0.008 0.007 0.014 
138 QAc-G-0111    (0)   :  0.005 0.008 0.932 0.005 0.010 0.021 0.006 0.004 0.008 
139 QAc-G-0112    (0)   :  0.004 0.021 0.915 0.022 0.004 0.013 0.012 0.006 0.003 
140 QAc-G-0113    (0)   :  0.022 0.036 0.835 0.008 0.005 0.017 0.002 0.072 0.005 
141 QAc-G-0114    (0)   :  0.003 0.028 0.870 0.014 0.038 0.012 0.016 0.012 0.006 
142 QAc-G-0115    (0)   :  0.006 0.010 0.957 0.009 0.004 0.004 0.003 0.004 0.004 
143 QAc-G-0116    (0)   :  0.005 0.007 0.943 0.011 0.004 0.012 0.007 0.005 0.006 
144 QAc-G-0117    (0)   :  0.064 0.133 0.524 0.006 0.190 0.045 0.007 0.019 0.013 
145 QAc-G-0118    (0)   :  0.025 0.008 0.929 0.003 0.006 0.013 0.002 0.002 0.011 
146 QAc-G-0119    (0)   :  0.024 0.017 0.922 0.002 0.018 0.003 0.006 0.005 0.004 
147 QAc-G-0120    (0)   :  0.005 0.113 0.832 0.006 0.012 0.006 0.005 0.008 0.013 
148 QAc-G-0121    (0)   :  0.962 0.004 0.007 0.006 0.007 0.004 0.004 0.003 0.003 
149 QAc-G-0122    (0)   :  0.924 0.005 0.008 0.032 0.009 0.009 0.004 0.004 0.005 
150 QAc-G-0123    (0)   :  0.980 0.002 0.002 0.002 0.004 0.002 0.002 0.003 0.002 
151 QAc-G-0124    (6)   :  0.974 0.003 0.003 0.003 0.004 0.003 0.003 0.003 0.004 
152 QAc-G-0125    (0)   :  0.492 0.284 0.031 0.012 0.005 0.034 0.063 0.039 0.039 
153 QAc-G-0126    (0)   :  0.196 0.581 0.147 0.006 0.011 0.005 0.003 0.034 0.018 
154 QAc-G-0127    (0)   :  0.953 0.007 0.007 0.003 0.006 0.004 0.003 0.006 0.011 
155 QAc-G-0128    (0)   :  0.974 0.003 0.003 0.005 0.003 0.003 0.003 0.003 0.003 
156 QAc-G-0129    (0)   :  0.979 0.003 0.003 0.003 0.003 0.002 0.002 0.002 0.002 
157 QAc-G-0130    (0)   :  0.923 0.005 0.030 0.004 0.007 0.008 0.002 0.003 0.017 
158 QAc-G-0131    (0)   :  0.966 0.004 0.005 0.005 0.006 0.003 0.003 0.005 0.004 
159 QAc-G-0132    (0)   :  0.743 0.021 0.160 0.013 0.006 0.019 0.023 0.008 0.007 
160 QAc-G-0133    (0)   :  0.965 0.004 0.003 0.004 0.008 0.005 0.004 0.004 0.004 
161 QAc-G-0134    (0)   :  0.967 0.004 0.005 0.004 0.004 0.003 0.008 0.003 0.003 
162 QAc-G-0135    (0)   :  0.003 0.007 0.950 0.006 0.010 0.004 0.007 0.007 0.006 
163 QAc-G-0136    (0)   :  0.005 0.017 0.823 0.005 0.005 0.120 0.006 0.006 0.013 
164 QAc-G-0137    (0)   :  0.030 0.015 0.923 0.004 0.010 0.005 0.003 0.004 0.006 
165 QAc-G-0138    (0)   :  0.006 0.013 0.903 0.002 0.003 0.028 0.005 0.009 0.031 
166 QAc-G-0139    (0)   :  0.027 0.008 0.924 0.003 0.025 0.003 0.002 0.002 0.005 
167 QAc-G-0140    (6)   :  0.050 0.013 0.883 0.005 0.025 0.008 0.003 0.007 0.005 
168 QAc-G-0141    (0)   :  0.025 0.296 0.479 0.015 0.046 0.016 0.005 0.074 0.043 
169 QAc-G-0142    (0)   :  0.003 0.005 0.973 0.003 0.005 0.003 0.002 0.002 0.004 
170 QAc-G-0143    (0)   :  0.003 0.968 0.004 0.005 0.005 0.003 0.002 0.005 0.004 
171 QAc-G-0144    (6)   :  0.003 0.493 0.468 0.003 0.005 0.014 0.004 0.006 0.004 
172 QAc-G-0145    (0)   :  0.002 0.003 0.003 0.974 0.004 0.005 0.003 0.003 0.003 
173 QAc-G-0146    (0)   :  0.977 0.003 0.002 0.003 0.003 0.003 0.002 0.004 0.003 
174 QAc-G-0147    (0)   :  0.263 0.244 0.088 0.007 0.020 0.028 0.003 0.009 0.338 
175 QAc-G-0148    (0)   :  0.006 0.660 0.271 0.004 0.013 0.031 0.004 0.005 0.006 
176 QAc-G-0149    (0)   :  0.975 0.003 0.003 0.004 0.004 0.003 0.002 0.002 0.003 
177 QAc-G-0150    (0)   :  0.003 0.003 0.003 0.973 0.003 0.004 0.003 0.004 0.003 
178 QAc-G-0151    (0)   :  0.975 0.003 0.003 0.003 0.004 0.003 0.002 0.003 0.003 
179 QAc-G-0152    (0)   :  0.972 0.003 0.002 0.002 0.005 0.003 0.003 0.006 0.003 
180 QAc-G-0153    (0)   :  0.883 0.011 0.007 0.002 0.008 0.065 0.002 0.002 0.020 
181 QAc-G-0154    (0)   :  0.910 0.006 0.024 0.009 0.026 0.014 0.003 0.003 0.004 
182 QAc-G-0155    (0)   :  0.976 0.003 0.002 0.003 0.005 0.003 0.002 0.003 0.003 
183 QAc-G-0158    (0)   :  0.978 0.003 0.003 0.003 0.002 0.003 0.003 0.003 0.003 
184 QAc-G-0159    (0)   :  0.011 0.023 0.917 0.012 0.008 0.004 0.009 0.005 0.011 
185 QAc-G-0160    (0)   :  0.002 0.002 0.002 0.980 0.002 0.003 0.003 0.003 0.003 
186 QAc-G-0161    (0)   :  0.002 0.002 0.002 0.980 0.003 0.003 0.002 0.002 0.002 
187 QAc-G-0162    (0)   :  0.005 0.029 0.005 0.062 0.318 0.561 0.007 0.005 0.008 
188 QAc-G-0163    (0)   :  0.003 0.034 0.023 0.822 0.083 0.024 0.002 0.003 0.007 
189 QAc-G-0164    (0)   :  0.002 0.011 0.003 0.897 0.004 0.003 0.004 0.013 0.062 
190 QAc-G-0165    (0)   :  0.008 0.004 0.004 0.963 0.005 0.006 0.002 0.003 0.004 
191 QAc-G-0166    (0)   :  0.003 0.003 0.002 0.976 0.004 0.003 0.003 0.003 0.003 
192 QAc-G-0167    (0)   :  0.003 0.003 0.003 0.971 0.004 0.004 0.004 0.003 0.004 
193 QAc-G-0168    (0)   :  0.002 0.002 0.002 0.978 0.003 0.004 0.003 0.003 0.002 
194 QAc-G-0169    (6)   :  0.005 0.632 0.063 0.196 0.006 0.076 0.005 0.004 0.013 
195 QAc-G-0170    (0)   :  0.005 0.004 0.003 0.968 0.004 0.005 0.004 0.003 0.004 
196 QAc-G-0171    (0)   :  0.003 0.003 0.002 0.973 0.003 0.006 0.004 0.003 0.003 
197 QAc-G-0172    (0)   :  0.010 0.048 0.866 0.016 0.010 0.019 0.010 0.008 0.013 
198 QAc-G-0173    (0)   :  0.002 0.003 0.003 0.471 0.003 0.502 0.010 0.004 0.002 
199 QAc-G-0174    (0)   :  0.003 0.003 0.004 0.020 0.005 0.951 0.005 0.004 0.004 
200 QAc-G-0175    (0)   :  0.002 0.002 0.002 0.974 0.003 0.005 0.003 0.004 0.003 
201 QAc-G-0176    (0)   :  0.003 0.016 0.005 0.803 0.151 0.006 0.003 0.010 0.004 
202 QAc-G-0177    (0)   :  0.003 0.003 0.002 0.973 0.003 0.006 0.003 0.004 0.003 
203 QAc-G-0178    (0)   :  0.014 0.014 0.004 0.699 0.003 0.011 0.006 0.013 0.236 
204 QAc-G-0179    (6)   :  0.003 0.003 0.002 0.975 0.003 0.006 0.003 0.003 0.002 
205 QAc-G-0180    (0)   :  0.003 0.002 0.003 0.978 0.003 0.003 0.003 0.003 0.003 
206 QAc-G-0181    (0)   :  0.003 0.004 0.004 0.969 0.008 0.003 0.002 0.002 0.005 
207 QAc-G-0182    (0)   :  0.005 0.006 0.005 0.415 0.005 0.555 0.002 0.003 0.005 
208 QAc-G-0183    (6)   :  0.004 0.012 0.007 0.943 0.003 0.014 0.004 0.009 0.005 
209 QAc-G-0184    (0)   :  0.003 0.003 0.003 0.976 0.003 0.004 0.002 0.003 0.003 
210 QAc-G-0185    (0)   :  0.036 0.017 0.010 0.753 0.011 0.055 0.004 0.007 0.107 
211 QAc-G-0186    (0)   :  0.002 0.003 0.003 0.967 0.010 0.005 0.002 0.002 0.006 
212 QAc-G-0187    (0)   :  0.005 0.028 0.005 0.784 0.016 0.005 0.029 0.023 0.106 
213 QAc-G-0188    (0)   :  0.004 0.304 0.433 0.205 0.026 0.015 0.002 0.004 0.007 
214 QAc-G-0189    (0)   :  0.002 0.006 0.004 0.920 0.003 0.038 0.012 0.009 0.006 
215 QAc-G-0190    (0)   :  0.004 0.003 0.002 0.971 0.004 0.005 0.005 0.003 0.003 
216 QAc-G-0191    (0)   :  0.004 0.003 0.003 0.972 0.003 0.004 0.004 0.003 0.003 
217 QAc-G-0192    (0)   :  0.002 0.002 0.002 0.979 0.002 0.003 0.003 0.002 0.002 
218 QAc-G-0193    (0)   :  0.004 0.003 0.003 0.974 0.004 0.003 0.002 0.004 0.004 
219 QAc-G-0194    (0)   :  0.003 0.004 0.003 0.968 0.005 0.004 0.003 0.006 0.005 
220 QAc-G-0195    (0)   :  0.003 0.004 0.004 0.054 0.009 0.887 0.023 0.012 0.004 
221 QAc-G-0196    (0)   :  0.002 0.004 0.002 0.643 0.004 0.328 0.009 0.004 0.003 
222 QAc-G-0197    (0)   :  0.002 0.002 0.002 0.979 0.003 0.003 0.003 0.003 0.002 
223 QAc-G-0198    (0)   :  0.003 0.003 0.003 0.971 0.004 0.008 0.003 0.002 0.003 
224 QAc-G-0199    (0)   :  0.019 0.019 0.005 0.694 0.017 0.120 0.002 0.012 0.113 
225 QAc-G-0200    (0)   :  0.002 0.004 0.003 0.966 0.008 0.005 0.003 0.003 0.005 
226 QAc-G-0201    (0)   :  0.002 0.007 0.003 0.450 0.003 0.523 0.004 0.004 0.003 
227 QAc-G-0202    (6)   :  0.003 0.004 0.006 0.529 0.004 0.431 0.013 0.008 0.003 
228 QAc-G-0203    (0)   :  0.002 0.009 0.005 0.954 0.004 0.004 0.006 0.014 0.002 
229 QAc-G-0204    (0)   :  0.003 0.004 0.003 0.968 0.005 0.005 0.005 0.003 0.003 
230 QAc-G-0205    (0)   :  0.002 0.002 0.002 0.002 0.002 0.002 0.981 0.004 0.002 
231 QAc-G-0206    (0)   :  0.004 0.269 0.087 0.003 0.030 0.004 0.553 0.045 0.005 
232 QAc-G-0207    (0)   :  0.004 0.005 0.003 0.006 0.005 0.004 0.008 0.959 0.005 
233 QAc-G-0208    (0)   :  0.003 0.003 0.002 0.003 0.003 0.003 0.975 0.006 0.003 
234 QAc-G-0209    (0)   :  0.002 0.003 0.002 0.004 0.002 0.004 0.973 0.006 0.003 
235 QAc-G-0210    (0)   :  0.002 0.004 0.004 0.003 0.003 0.002 0.159 0.819 0.004 
236 QAc-G-0211    (0)   :  0.003 0.003 0.003 0.002 0.002 0.002 0.006 0.976 0.003 
237 QAc-G-0212    (0)   :  0.003 0.003 0.002 0.004 0.004 0.003 0.276 0.700 0.003 
238 QAc-G-0213    (0)   :  0.003 0.003 0.002 0.005 0.005 0.003 0.018 0.958 0.003 
239 QAc-G-0214    (0)   :  0.002 0.002 0.002 0.003 0.003 0.003 0.979 0.004 0.002 
240 QAc-G-0215    (0)   :  0.003 0.003 0.002 0.003 0.003 0.003 0.011 0.968 0.003 
241 QAc-G-0216    (0)   :  0.005 0.267 0.141 0.014 0.018 0.370 0.122 0.058 0.006 
242 QAc-G-0217    (0)   :  0.014 0.005 0.005 0.002 0.005 0.007 0.021 0.935 0.005 
243 QAc-G-0218    (0)   :  0.004 0.004 0.002 0.004 0.005 0.003 0.006 0.967 0.005 
244 QAc-G-0219    (0)   :  0.007 0.009 0.012 0.007 0.011 0.005 0.004 0.940 0.005 
245 QAc-G-0220    (0)   :  0.004 0.020 0.003 0.003 0.004 0.003 0.006 0.955 0.004 
246 QAc-G-0221    (0)   :  0.007 0.006 0.005 0.004 0.008 0.012 0.013 0.927 0.019 
247 QAc-G-0222    (0)   :  0.003 0.003 0.002 0.004 0.003 0.003 0.974 0.006 0.003 
248 QAc-G-0223    (0)   :  0.004 0.003 0.003 0.003 0.004 0.003 0.022 0.952 0.005 
249 QAc-G-0224    (0)   :  0.003 0.004 0.003 0.005 0.002 0.003 0.008 0.967 0.004 
250 QAc-G-0226    (0)   :  0.003 0.002 0.003 0.003 0.003 0.003 0.976 0.005 0.003 
251 QAc-G-0227    (0)   :  0.015 0.005 0.004 0.005 0.952 0.006 0.005 0.004 0.004 
252 QAc-G-0228    (6)   :  0.003 0.004 0.004 0.004 0.962 0.005 0.005 0.007 0.005 
253 QAc-G-0229    (0)   :  0.004 0.010 0.011 0.005 0.930 0.010 0.010 0.005 0.016 
254 QAc-G-0230    (0)   :  0.003 0.010 0.011 0.005 0.920 0.005 0.031 0.008 0.007 
255 QAc-G-0231    (0)   :  0.003 0.003 0.003 0.006 0.003 0.003 0.013 0.964 0.003 
256 QAc-G-0232    (0)   :  0.009 0.007 0.004 0.002 0.960 0.002 0.002 0.004 0.009 
257 QAc-G-0233    (0)   :  0.006 0.210 0.004 0.004 0.560 0.004 0.009 0.035 0.168 
258 QAc-G-0234    (0)   :  0.005 0.007 0.004 0.011 0.930 0.019 0.008 0.004 0.012 
259 QAc-G-0235    (0)   :  0.002 0.015 0.918 0.003 0.007 0.029 0.009 0.007 0.009 
260 QAc-G-0236    (0)   :  0.009 0.004 0.004 0.005 0.960 0.006 0.004 0.004 0.004 
261 QAc-G-0237    (0)   :  0.015 0.009 0.009 0.014 0.910 0.006 0.010 0.014 0.013 
262 QAc-G-0238    (0)   :  0.003 0.004 0.003 0.005 0.963 0.005 0.004 0.008 0.004 
263 QAc-G-0239    (0)   :  0.003 0.007 0.004 0.004 0.962 0.003 0.003 0.006 0.005 
264 QAc-G-0240    (0)   :  0.006 0.004 0.006 0.003 0.969 0.003 0.002 0.002 0.004 
265 QAc-G-0241    (0)   :  0.005 0.050 0.023 0.006 0.841 0.034 0.008 0.009 0.024 
266 QAc-G-0242    (0)   :  0.009 0.012 0.005 0.004 0.940 0.003 0.005 0.010 0.013 
267 QAc-G-0243    (0)   :  0.054 0.081 0.011 0.003 0.670 0.007 0.007 0.028 0.140 
268 QAc-G-0244    (0)   :  0.004 0.017 0.016 0.005 0.933 0.006 0.007 0.007 0.004 
269 QAc-G-0245    (0)   :  0.015 0.004 0.005 0.005 0.954 0.006 0.003 0.003 0.005 
270 QAc-G-0246    (0)   :  0.006 0.008 0.006 0.007 0.956 0.004 0.003 0.005 0.006 
271 QAc-G-0247    (0)   :  0.003 0.005 0.003 0.002 0.970 0.003 0.003 0.005 0.005 
272 QAc-G-0248    (0)   :  0.003 0.005 0.005 0.003 0.972 0.003 0.003 0.003 0.003 
273 QAc-G-0249    (0)   :  0.002 0.021 0.008 0.013 0.009 0.008 0.014 0.005 0.921 
274 QAc-G-0025    (0)   :  0.002 0.002 0.002 0.002 0.003 0.002 0.979 0.004 0.002 
275 QAc-G-0028    (0)   :  0.003 0.014 0.003 0.007 0.868 0.005 0.016 0.024 0.060 
276 QAc-G-0275    (0)   :  0.002 0.004 0.003 0.012 0.004 0.004 0.011 0.956 0.003 
277 QAc-G-0263    (0)   :  0.005 0.366 0.011 0.013 0.004 0.456 0.007 0.028 0.110 
278 QAc-W-0001    (0)   :  0.034 0.008 0.017 0.003 0.920 0.004 0.005 0.004 0.005 
279 QAc-W-0002    (0)   :  0.003 0.013 0.019 0.020 0.918 0.007 0.003 0.004 0.013 
280 QAc-W-0003    (0)   :  0.010 0.017 0.022 0.006 0.817 0.039 0.008 0.076 0.006 
281 QAc-W-0004    (0)   :  0.005 0.004 0.003 0.006 0.956 0.004 0.010 0.006 0.006 
282 QAc-W-0005    (0)   :  0.014 0.007 0.007 0.007 0.932 0.015 0.006 0.004 0.010 
283 QAc-W-0006    (0)   :  0.006 0.006 0.007 0.005 0.953 0.003 0.005 0.005 0.009 
284 QAc-W-0007   (13)   :  0.005 0.005 0.004 0.004 0.964 0.003 0.004 0.005 0.006 
285 QAc-W-0008    (6)   :  0.003 0.039 0.009 0.004 0.900 0.004 0.002 0.003 0.036 
286 QAc-W-0009    (0)   :  0.007 0.045 0.072 0.012 0.822 0.004 0.003 0.009 0.026 
287 QAc-W-0010    (0)   :  0.017 0.088 0.018 0.007 0.748 0.051 0.005 0.006 0.060 
288 QAc-W-0011    (0)   :  0.018 0.018 0.015 0.048 0.870 0.016 0.005 0.006 0.005 
289 QAc-W-0012    (0)   :  0.005 0.009 0.005 0.013 0.949 0.004 0.005 0.004 0.006 
290 QAc-W-0013    (0)   :  0.004 0.009 0.047 0.007 0.801 0.004 0.035 0.088 0.006 
291 QAc-W-0014    (0)   :  0.005 0.007 0.004 0.004 0.937 0.009 0.005 0.004 0.025 
292 QAc-W-0015    (0)   :  0.004 0.013 0.025 0.016 0.713 0.143 0.013 0.040 0.033 
293 QAc-W-0016    (0)   :  0.003 0.189 0.018 0.007 0.663 0.019 0.015 0.007 0.079 
294 QAc-W-0017    (0)   :  0.015 0.292 0.068 0.014 0.248 0.137 0.005 0.077 0.143 
295 QAc-W-0018    (0)   :  0.009 0.224 0.028 0.003 0.676 0.004 0.014 0.026 0.016 
296 QAc-W-0019    (0)   :  0.006 0.006 0.009 0.006 0.946 0.005 0.008 0.005 0.010 
297 QAc-W-0020    (0)   :  0.051 0.075 0.006 0.004 0.846 0.006 0.003 0.003 0.005 
298 QAc-W-0021    (0)   :  0.015 0.267 0.078 0.011 0.354 0.004 0.191 0.022 0.057 
299 QAc-W-0022    (0)   :  0.008 0.216 0.019 0.008 0.465 0.097 0.018 0.016 0.154 
300 QAc-W-0023    (6)   :  0.069 0.087 0.202 0.003 0.496 0.006 0.029 0.009 0.098 
301 QAc-W-0024    (0)   :  0.008 0.206 0.023 0.047 0.525 0.007 0.086 0.068 0.030 
302 QAc-W-0025    (0)   :  0.003 0.005 0.004 0.004 0.969 0.003 0.003 0.004 0.004 
303 QAc-W-0026    (0)   :  0.093 0.087 0.013 0.043 0.638 0.025 0.017 0.027 0.058 
304 QAc-W-0027    (0)   :  0.004 0.007 0.010 0.008 0.949 0.004 0.003 0.004 0.011 
305 QAc-W-0028    (0)   :  0.004 0.006 0.006 0.005 0.963 0.005 0.003 0.003 0.005 
306 QAc-W-0029    (0)   :  0.008 0.011 0.010 0.003 0.950 0.003 0.005 0.005 0.005 
307 QAc-W-0030    (0)   :  0.008 0.005 0.005 0.008 0.957 0.006 0.005 0.004 0.004 
308 QAc-W-0031    (0)   :  0.003 0.007 0.008 0.004 0.896 0.003 0.047 0.027 0.005 
309 QAc-W-0032    (0)   :  0.010 0.005 0.003 0.002 0.961 0.002 0.003 0.004 0.010 
310 QAc-W-0033    (0)   :  0.018 0.297 0.006 0.005 0.616 0.005 0.006 0.011 0.036 
311 QAc-W-0034    (0)   :  0.005 0.007 0.020 0.003 0.945 0.003 0.006 0.004 0.008 
312 QAc-W-0035    (0)   :  0.004 0.026 0.006 0.022 0.860 0.018 0.012 0.013 0.039 
313 QAc-W-0036    (0)   :  0.045 0.007 0.011 0.003 0.914 0.005 0.003 0.003 0.009 
314 QAc-W-0037    (0)   :  0.012 0.006 0.004 0.020 0.930 0.004 0.010 0.008 0.006 
315 QAc-W-0038    (0)   :  0.012 0.021 0.010 0.011 0.908 0.021 0.004 0.005 0.008 
316 QAc-W-0039    (0)   :  0.028 0.007 0.014 0.018 0.901 0.009 0.004 0.013 0.007 
317 QAc-W-0040    (0)   :  0.019 0.175 0.005 0.009 0.597 0.010 0.004 0.015 0.165 
318 QAc-W-0041    (0)   :  0.005 0.024 0.037 0.014 0.778 0.004 0.010 0.113 0.014 
319 QAc-W-0042    (0)   :  0.199 0.018 0.692 0.023 0.020 0.007 0.003 0.032 0.007 
320 QAc-W-0043    (0)   :  0.008 0.009 0.907 0.030 0.016 0.010 0.003 0.012 0.005 
321 QAc-W-0044    (0)   :  0.255 0.042 0.425 0.025 0.120 0.044 0.004 0.007 0.079 
322 QAc-W-0045    (0)   :  0.014 0.016 0.927 0.009 0.010 0.004 0.004 0.009 0.006 
323 QAc-W-0046    (0)   :  0.009 0.007 0.918 0.017 0.014 0.004 0.005 0.021 0.006 
324 QAc-W-0047    (0)   :  0.031 0.009 0.866 0.008 0.035 0.026 0.004 0.003 0.019 
325 QAc-W-0048    (0)   :  0.037 0.011 0.915 0.004 0.011 0.004 0.008 0.004 0.005 
326 QAc-W-0049    (0)   :  0.059 0.007 0.903 0.004 0.006 0.003 0.009 0.005 0.004 
327 QAc-W-0050    (0)   :  0.006 0.520 0.417 0.007 0.006 0.006 0.020 0.007 0.011 
328 QAc-W-0051    (0)   :  0.020 0.655 0.243 0.007 0.012 0.043 0.007 0.008 0.005 
329 QAc-W-0052    (0)   :  0.975 0.003 0.003 0.004 0.004 0.003 0.003 0.002 0.003 
330 QAc-W-0053    (0)   :  0.010 0.008 0.949 0.003 0.011 0.005 0.003 0.004 0.008 
331 QAc-W-0054    (0)   :  0.034 0.730 0.043 0.058 0.010 0.059 0.005 0.006 0.056 
332 QAc-W-0055    (0)   :  0.006 0.386 0.093 0.360 0.005 0.070 0.041 0.014 0.025 
333 QAc-W-0056    (0)   :  0.008 0.892 0.012 0.005 0.038 0.012 0.012 0.013 0.009 
334 QAc-W-0057    (0)   :  0.007 0.527 0.225 0.005 0.013 0.133 0.062 0.019 0.010 
335 QAc-W-0058    (0)   :  0.008 0.249 0.469 0.012 0.004 0.014 0.213 0.026 0.004 
336 QAc-W-0059    (0)   :  0.004 0.003 0.974 0.004 0.003 0.004 0.003 0.002 0.003 
337 QAc-W-0060    (0)   :  0.045 0.010 0.008 0.012 0.017 0.896 0.002 0.004 0.007 
338 QAc-W-0061    (0)   :  0.004 0.022 0.044 0.068 0.019 0.775 0.017 0.011 0.039 
339 QAc-W-0062    (0)   :  0.015 0.004 0.003 0.008 0.003 0.946 0.003 0.010 0.007 
340 QAc-W-0063    (0)   :  0.012 0.015 0.005 0.009 0.009 0.919 0.006 0.010 0.014 
341 QAc-W-0064    (0)   :  0.004 0.007 0.003 0.014 0.010 0.942 0.004 0.008 0.007 
342 QAc-W-0065    (0)   :  0.007 0.035 0.013 0.005 0.015 0.881 0.009 0.006 0.031 
343 QAc-W-0066    (0)   :  0.002 0.002 0.002 0.977 0.003 0.003 0.004 0.003 0.002 
344 QAc-W-0067    (0)   :  0.003 0.002 0.002 0.978 0.002 0.003 0.003 0.003 0.003 
345 QAc-W-0068    (0)   :  0.002 0.002 0.002 0.978 0.003 0.005 0.003 0.003 0.002 
346 QAc-W-0069    (0)   :  0.002 0.003 0.002 0.976 0.003 0.005 0.004 0.003 0.002 
347 QAc-W-0070    (0)   :  0.002 0.003 0.003 0.589 0.002 0.392 0.003 0.003 0.003 
348 QAc-W-0071    (6)   :  0.003 0.005 0.005 0.248 0.005 0.710 0.013 0.005 0.005 
349 QAc-W-0072    (0)   :  0.004 0.015 0.004 0.004 0.011 0.830 0.005 0.009 0.119 
350 QAc-W-0073    (0)   :  0.007 0.012 0.050 0.004 0.009 0.900 0.006 0.006 0.007 
351 QAc-W-0074    (0)   :  0.003 0.003 0.003 0.005 0.003 0.971 0.004 0.003 0.004 
352 QAc-W-0075    (0)   :  0.003 0.004 0.003 0.020 0.003 0.956 0.007 0.004 0.003 
353 QAc-W-0076    (0)   :  0.002 0.005 0.004 0.004 0.003 0.947 0.011 0.004 0.020 
354 QAc-W-0077    (0)   :  0.003 0.006 0.008 0.140 0.007 0.823 0.002 0.006 0.005 
355 QAc-W-0078    (0)   :  0.013 0.167 0.007 0.090 0.060 0.009 0.162 0.358 0.134 
356 QAc-W-0079    (6)   :  0.005 0.006 0.007 0.021 0.011 0.008 0.928 0.005 0.009 
357 QAc-W-0080   (13)   :  0.002 0.009 0.009 0.003 0.025 0.003 0.940 0.005 0.004 
358 QAc-W-0081    (0)   :  0.006 0.004 0.003 0.004 0.005 0.004 0.020 0.952 0.003 
359 QAc-W-0082    (0)   :  0.002 0.327 0.134 0.003 0.005 0.005 0.005 0.514 0.004 
360 QAc-W-0083    (0)   :  0.011 0.009 0.007 0.011 0.012 0.031 0.012 0.890 0.017 
361 QAc-W-0084    (0)   :  0.004 0.003 0.002 0.003 0.004 0.003 0.008 0.970 0.003 
362 QAc-W-0085    (0)   :  0.003 0.003 0.002 0.004 0.002 0.003 0.004 0.976 0.003 
363 QAc-W-0086    (0)   :  0.003 0.004 0.003 0.006 0.004 0.003 0.005 0.966 0.005 
364 QAc-W-0087    (0)   :  0.003 0.006 0.009 0.004 0.005 0.003 0.017 0.946 0.008 
365 QAc-W-0088    (0)   :  0.003 0.017 0.022 0.003 0.005 0.003 0.018 0.924 0.005 
366 QAc-W-0089    (0)   :  0.003 0.004 0.004 0.009 0.007 0.005 0.102 0.863 0.003 
367 QAc-W-0090    (0)   :  0.003 0.004 0.004 0.008 0.006 0.004 0.029 0.939 0.003 
368 QAc-W-0091    (0)   :  0.007 0.012 0.009 0.004 0.004 0.006 0.042 0.907 0.009 
369 QAc-W-0092    (0)   :  0.206 0.007 0.007 0.007 0.044 0.004 0.007 0.710 0.007 
370 QAc-W-0093    (0)   :  0.005 0.065 0.020 0.002 0.061 0.006 0.064 0.734 0.042 
371 QAc-W-0094    (0)   :  0.095 0.016 0.008 0.003 0.030 0.017 0.007 0.814 0.011 
372 QAc-W-0095    (0)   :  0.032 0.007 0.006 0.003 0.010 0.014 0.098 0.825 0.005 
373 QAc-W-0096    (0)   :  0.055 0.019 0.011 0.007 0.016 0.042 0.007 0.830 0.012 
374 QAc-W-0097    (0)   :  0.007 0.033 0.081 0.008 0.094 0.007 0.029 0.736 0.006 
375 QAc-W-0098    (0)   :  0.005 0.008 0.009 0.003 0.006 0.003 0.230 0.731 0.004 
376 QAc-W-0099    (0)   :  0.007 0.025 0.015 0.003 0.016 0.006 0.004 0.894 0.031 
377 QAc-W-0100    (0)   :  0.003 0.006 0.003 0.004 0.004 0.003 0.015 0.957 0.005 
378 QAc-W-0101    (0)   :  0.003 0.005 0.003 0.018 0.004 0.007 0.012 0.942 0.006 
379 QAc-W-0104    (0)   :  0.003 0.009 0.013 0.003 0.006 0.005 0.027 0.918 0.017 
380 QAc-W-0105    (0)   :  0.005 0.004 0.002 0.005 0.005 0.003 0.010 0.962 0.003 
381 QAc-W-0106    (0)   :  0.014 0.007 0.003 0.004 0.007 0.003 0.004 0.953 0.005 
382 QAc-W-0107    (0)   :  0.003 0.003 0.003 0.004 0.003 0.005 0.972 0.005 0.003 
383 QAc-W-0108    (0)   :  0.002 0.002 0.002 0.003 0.002 0.004 0.979 0.003 0.002 
384 QAc-W-0109    (0)   :  0.006 0.009 0.021 0.022 0.008 0.007 0.105 0.818 0.005 
385 QAc-W-0110   (13)   :  0.004 0.039 0.008 0.006 0.463 0.006 0.006 0.442 0.025 
386 QAc-W-0111    (6)   :  0.007 0.010 0.007 0.008 0.013 0.004 0.541 0.407 0.004 
387 QAc-W-0112   (13)   :  0.007 0.013 0.008 0.004 0.009 0.004 0.030 0.913 0.012 
388 QAc-W-0113   (13)   :  0.003 0.011 0.005 0.003 0.009 0.005 0.004 0.006 0.954 
389 QAc-W-0114   (13)   :  0.008 0.009 0.019 0.004 0.005 0.004 0.026 0.007 0.919 
390 QAc-W-0115    (0)   :  0.005 0.006 0.003 0.005 0.009 0.006 0.004 0.006 0.958 
391 QAc-W-0116    (0)   :  0.016 0.007 0.014 0.002 0.015 0.003 0.005 0.004 0.933 
392 QAc-W-0117    (0)   :  0.003 0.005 0.009 0.004 0.006 0.004 0.002 0.003 0.964 
393 QAc-W-0118    (0)   :  0.004 0.010 0.005 0.020 0.005 0.029 0.016 0.013 0.900 
394 QAc-W-0119    (0)   :  0.007 0.009 0.004 0.008 0.007 0.003 0.005 0.003 0.954 
395 QAc-W-0120    (0)   :  0.003 0.020 0.007 0.012 0.011 0.012 0.003 0.008 0.925 
396 QAc-W-0121    (0)   :  0.003 0.012 0.010 0.044 0.007 0.011 0.004 0.003 0.908 
397 QAc-W-0122    (0)   :  0.004 0.019 0.016 0.003 0.011 0.006 0.005 0.004 0.932 
398 QAc-W-0123    (6)   :  0.011 0.032 0.016 0.010 0.011 0.010 0.009 0.014 0.888 
399 QAc-W-0124    (0)   :  0.011 0.020 0.003 0.011 0.058 0.173 0.008 0.092 0.624 
400 QAc-W-0125    (0)   :  0.010 0.007 0.007 0.008 0.005 0.006 0.010 0.014 0.935 
401 QAc-W-0126   (13)   :  0.013 0.032 0.013 0.006 0.007 0.007 0.009 0.025 0.888 
402 QAc-W-0127    (6)   :  0.005 0.008 0.005 0.003 0.006 0.006 0.004 0.003 0.961 
403 QAc-W-0128   (13)   :  0.003 0.015 0.010 0.013 0.009 0.006 0.024 0.030 0.889 
404 QAc-W-0129   (13)   :  0.005 0.027 0.019 0.006 0.047 0.014 0.005 0.004 0.873 
405 QAc-W-0130   (13)   :  0.002 0.006 0.007 0.006 0.019 0.004 0.005 0.007 0.942 
406 QAc-W-0131    (0)   :  0.051 0.055 0.005 0.005 0.005 0.009 0.010 0.004 0.855 
407 QAc-W-0132    (6)   :  0.019 0.012 0.005 0.048 0.025 0.025 0.008 0.019 0.839 
408 QAc-W-0133    (6)   :  0.006 0.361 0.006 0.118 0.006 0.014 0.008 0.052 0.429 
409 QAc-W-0134    (0)   :  0.005 0.004 0.005 0.004 0.004 0.005 0.004 0.004 0.965 
410 QAc-W-0135    (0)   :  0.003 0.007 0.008 0.012 0.069 0.016 0.007 0.005 0.872 
411 QAc-W-0136    (0)   :  0.009 0.005 0.003 0.003 0.005 0.004 0.002 0.004 0.967 
412 QAc-W-0137    (0)   :  0.005 0.004 0.003 0.003 0.004 0.004 0.002 0.003 0.974 
413 QAc-W-0138    (0)   :  0.005 0.004 0.002 0.003 0.006 0.003 0.002 0.003 0.972 
414 QAc-W-0139    (0)   :  0.009 0.024 0.005 0.005 0.027 0.230 0.035 0.016 0.649 
415 QAc-W-0140    (0)   :  0.003 0.017 0.072 0.005 0.032 0.004 0.004 0.007 0.856 
416 QAc-W-0141    (6)   :  0.004 0.041 0.024 0.017 0.083 0.008 0.006 0.006 0.812 
417 QAc-W-0142    (0)   :  0.003 0.005 0.004 0.006 0.004 0.009 0.004 0.003 0.963 
418 QAc-W-0143    (0)   :  0.003 0.009 0.007 0.003 0.005 0.005 0.003 0.010 0.954 
419 QAc-W-0144    (0)   :  0.007 0.015 0.128 0.003 0.008 0.005 0.004 0.006 0.826 
420 QAc-W-0145    (0)   :  0.004 0.011 0.005 0.003 0.003 0.005 0.002 0.003 0.964 
421 QAc-W-0146    (0)   :  0.005 0.004 0.003 0.004 0.014 0.003 0.004 0.004 0.958 
422 QAc-W-0147    (0)   :  0.003 0.004 0.003 0.002 0.004 0.006 0.003 0.005 0.969 
423 QAc-W-0148    (0)   :  0.007 0.003 0.003 0.003 0.007 0.007 0.003 0.002 0.965 
424 QAc-W-0149    (0)   :  0.011 0.013 0.033 0.003 0.008 0.005 0.003 0.016 0.906 
425 QAc-W-0150    (0)   :  0.012 0.014 0.006 0.007 0.056 0.005 0.023 0.013 0.864 
426 QAc-W-0151    (0)   :  0.006 0.006 0.004 0.004 0.012 0.005 0.007 0.005 0.950 
427 QAc-W-0152    (0)   :  0.003 0.004 0.005 0.004 0.005 0.008 0.002 0.004 0.964 
428 QAc-W-0153    (0)   :  0.005 0.781 0.019 0.006 0.067 0.029 0.049 0.015 0.028 
429 QAc-W-0154    (0)   :  0.003 0.036 0.005 0.003 0.042 0.004 0.002 0.005 0.901 
430 QAc-W-0155    (0)   :  0.003 0.004 0.004 0.003 0.005 0.006 0.003 0.003 0.971 
431 QAc-W-0156    (0)   :  0.011 0.009 0.004 0.004 0.034 0.003 0.071 0.034 0.830 
432 QAc-W-0157    (0)   :  0.032 0.066 0.013 0.009 0.013 0.015 0.003 0.004 0.845 
433 QAc-W-0158    (0)   :  0.004 0.007 0.004 0.021 0.035 0.007 0.014 0.040 0.869 
434 QAc-W-0159    (0)   :  0.007 0.007 0.006 0.007 0.006 0.003 0.006 0.004 0.954 
435 QAc-W-0160    (0)   :  0.005 0.011 0.003 0.003 0.031 0.007 0.005 0.005 0.930 
436 QAc-W-0161    (0)   :  0.096 0.016 0.008 0.004 0.048 0.003 0.004 0.004 0.818 
437 QAc-W-0162    (0)   :  0.014 0.009 0.017 0.005 0.004 0.157 0.002 0.004 0.789 
438 QAc-W-0163    (0)   :  0.005 0.013 0.022 0.004 0.006 0.005 0.004 0.004 0.938 
439 QAc-W-0164    (0)   :  0.006 0.008 0.004 0.005 0.004 0.011 0.004 0.004 0.955 
440 QAc-W-0165    (0)   :  0.010 0.049 0.005 0.029 0.006 0.011 0.002 0.003 0.886 
441 QAc-W-0166    (0)   :  0.006 0.006 0.005 0.005 0.023 0.006 0.003 0.005 0.943 


Estimated Allele Frequencies in each cluster
First column gives estimated ancestral frequencies


Locus 1 : 
21 alleles
0.5% missing data
 210   (0.102) 0.003 0.099 0.295 0.001 0.042 0.013 0.303 0.158 0.175 
 212   (0.116) 0.003 0.120 0.039 0.275 0.196 0.012 0.231 0.218 0.083 
 202   (0.062) 0.343 0.061 0.011 0.001 0.049 0.004 0.237 0.076 0.007 
 226   (0.057) 0.205 0.058 0.011 0.211 0.002 0.061 0.001 0.182 0.004 
 216   (0.070) 0.326 0.068 0.038 0.001 0.005 0.051 0.001 0.146 0.090 
 200   (0.212) 0.108 0.213 0.266 0.439 0.519 0.194 0.221 0.078 0.205 
 224   (0.040) 0.001 0.037 0.004 0.069 0.073 0.323 0.001 0.003 0.002 
 218   (0.045) 0.001 0.042 0.005 0.000 0.028 0.012 0.001 0.088 0.151 
 222   (0.028) 0.002 0.028 0.003 0.000 0.001 0.002 0.000 0.001 0.195 
