

----------------------------------------------------
STRUCTURE by Pritchard, Stephens and Donnelly (2000)
     and Falush, Stephens and Pritchard (2003)
       Code by Pritchard, Falush and Hubisz
             Version 2.3.4 (Jul 2012)
----------------------------------------------------



Command line arguments:   bin\structure -m C:\Users\eschumacher\Documents\GitHub\GCC_QUAC_ZAIN\Data_Files\Structure_Files\QUAC\QUAC_woK_nopopinfo_garden_wild\QUAC_woK_nopopinfo_garden_wild\50-50\mainparams -e C:\Users\eschumacher\Documents\GitHub\GCC_QUAC_ZAIN\Data_Files\Structure_Files\QUAC\QUAC_woK_nopopinfo_garden_wild\QUAC_woK_nopopinfo_garden_wild\50-50\extraparams 
Input File:    C:\Users\eschumacher\Documents\GitHub\GCC_QUAC_ZAIN\Data_Files\Structure_Files\QUAC\QUAC_woK_nopopinfo_garden_wild\QUAC_woK_nopopinfo_garden_wild\project_data

Run parameters:
   441 individuals
   15 loci
   8 populations assumed
   50000 Burn-in period
   50000 Reps


--------------------------------------------
Overall proportion of membership of the
sample in each of the 8 clusters

Inferred Clusters
  1      2      3      4      5      6      7      8    
0.080  0.144  0.066  0.211  0.108  0.073  0.187  0.130  

--------------------------------------------

Allele-freq. divergence among pops (Net nucleotide distance),
computed using point estimates of P.

      1       2       3       4       5       6       7       8      
 1      -    0.0965  0.0583  0.0340  0.0327  0.0831  0.0702  0.0311  
 2   0.0965     -    0.0953  0.1111  0.1267  0.1667  0.1439  0.1276  
 3   0.0583  0.0953     -    0.0927  0.0857  0.1388  0.1066  0.0815  
 4   0.0340  0.1111  0.0927     -    0.0667  0.0969  0.1004  0.0547  
 5   0.0327  0.1267  0.0857  0.0667     -    0.0999  0.1220  0.0656  
 6   0.0831  0.1667  0.1388  0.0969  0.0999     -    0.1670  0.1002  
 7   0.0702  0.1439  0.1066  0.1004  0.1220  0.1670     -    0.1041  
 8   0.0311  0.1276  0.0815  0.0547  0.0656  0.1002  0.1041     -    

Average distances (expected heterozygosity) between individuals in same cluster:
cluster  1  : 0.6998 
cluster  2  : 0.4000 
cluster  3  : 0.5156 
cluster  4  : 0.5626 
cluster  5  : 0.6124 
cluster  6  : 0.4654 
cluster  7  : 0.4917 
cluster  8  : 0.5548 

--------------------------------------------
Estimated Ln Prob of Data   = -15644.2
Mean value of ln likelihood = -15191.7
Variance of ln likelihood   = 905.0
Mean value of alpha         = 0.0335

Mean value of Fst_1         = 0.0032
Mean value of Fst_2         = 0.4979
Mean value of Fst_3         = 0.2544
Mean value of Fst_4         = 0.1647
Mean value of Fst_5         = 0.0954
Mean value of Fst_6         = 0.4165
Mean value of Fst_7         = 0.2741
Mean value of Fst_8         = 0.1418


Inferred ancestry of individuals:
        Label (%Miss) :  Inferred clusters
  1 QAc-G-0029    (0)   :  0.011 0.013 0.006 0.019 0.003 0.004 0.938 0.005 
  2 QAc-G-0030    (0)   :  0.003 0.003 0.004 0.002 0.003 0.002 0.980 0.003 
  3 QAc-G-0031    (0)   :  0.003 0.004 0.005 0.002 0.002 0.003 0.977 0.003 
  4 QAc-G-0061    (0)   :  0.003 0.004 0.003 0.006 0.003 0.007 0.969 0.005 
  5 QAc-G-0062    (0)   :  0.064 0.025 0.339 0.006 0.007 0.436 0.006 0.118 
  6 QAc-G-0063    (0)   :  0.084 0.548 0.188 0.118 0.009 0.013 0.005 0.036 
  7 QAc-G-0064    (0)   :  0.003 0.005 0.005 0.004 0.003 0.972 0.003 0.003 
  8 QAc-G-0065    (0)   :  0.003 0.002 0.002 0.003 0.004 0.979 0.004 0.002 
  9 QAc-G-0066    (0)   :  0.003 0.979 0.003 0.003 0.002 0.002 0.004 0.003 
 10 QAc-G-0067    (0)   :  0.003 0.003 0.002 0.003 0.003 0.975 0.007 0.004 
 11 QAc-G-0068    (0)   :  0.306 0.554 0.004 0.003 0.106 0.006 0.003 0.017 
 12 QAc-G-0070    (0)   :  0.016 0.532 0.090 0.009 0.007 0.009 0.004 0.333 
 13 QAc-G-0071   (13)   :  0.006 0.908 0.050 0.004 0.008 0.002 0.015 0.007 
 14 QAc-G-0072    (0)   :  0.003 0.977 0.003 0.004 0.003 0.003 0.004 0.004 
 15 QAc-G-0073    (0)   :  0.004 0.003 0.003 0.975 0.003 0.003 0.003 0.005 
 16 QAc-G-0074    (0)   :  0.029 0.123 0.064 0.727 0.012 0.004 0.004 0.036 
 17 QAc-G-0075    (0)   :  0.008 0.010 0.006 0.950 0.008 0.006 0.007 0.005 
 18 QAc-G-0076    (0)   :  0.015 0.011 0.004 0.943 0.005 0.007 0.009 0.008 
 19 QAc-G-0077    (0)   :  0.004 0.009 0.006 0.006 0.003 0.008 0.961 0.002 
 20 QAc-G-0078    (0)   :  0.002 0.003 0.004 0.002 0.003 0.002 0.981 0.003 
 21 QAc-G-0079    (0)   :  0.003 0.004 0.005 0.004 0.004 0.002 0.975 0.003 
 22 QAc-G-0080    (0)   :  0.586 0.007 0.012 0.038 0.011 0.022 0.319 0.005 
 23 QAc-G-0081    (0)   :  0.557 0.004 0.031 0.025 0.019 0.004 0.007 0.354 
 24 QAc-G-0082    (0)   :  0.933 0.002 0.007 0.020 0.011 0.003 0.003 0.021 
 25 QAc-G-0083    (0)   :  0.009 0.010 0.909 0.030 0.006 0.011 0.013 0.011 
 26 QAc-G-0001   (13)   :  0.003 0.006 0.004 0.003 0.004 0.002 0.976 0.003 
 27 QAc-G-0002    (0)   :  0.002 0.003 0.003 0.003 0.002 0.002 0.982 0.002 
 28 QAc-G-0285    (0)   :  0.006 0.015 0.949 0.006 0.009 0.004 0.006 0.007 
 29 QAc-G-0286    (0)   :  0.003 0.979 0.005 0.003 0.003 0.003 0.003 0.003 
 30 QAc-G-0287    (0)   :  0.002 0.982 0.003 0.002 0.002 0.002 0.003 0.002 
 31 QAc-G-0288    (6)   :  0.016 0.859 0.007 0.019 0.008 0.010 0.040 0.040 
 32 QAc-G-0289    (0)   :  0.003 0.978 0.003 0.003 0.003 0.003 0.003 0.003 
 33 QAc-G-0290    (0)   :  0.003 0.975 0.004 0.003 0.003 0.006 0.003 0.004 
 34 QAc-G-0291    (0)   :  0.005 0.911 0.029 0.007 0.003 0.003 0.039 0.002 
 35 QAc-G-0292    (0)   :  0.007 0.253 0.713 0.004 0.006 0.003 0.003 0.010 
 36 QAc-G-0293    (0)   :  0.003 0.511 0.469 0.003 0.003 0.002 0.007 0.002 
 37 QAc-G-0294    (0)   :  0.009 0.003 0.003 0.952 0.013 0.006 0.006 0.007 
 38 QAc-G-0295    (0)   :  0.006 0.012 0.009 0.949 0.004 0.006 0.009 0.004 
 39 QAc-G-0296    (0)   :  0.004 0.006 0.005 0.965 0.004 0.009 0.003 0.004 
 40 QAc-G-0297    (0)   :  0.536 0.003 0.003 0.400 0.041 0.004 0.004 0.009 
 41 QAc-G-0298    (6)   :  0.005 0.003 0.005 0.971 0.004 0.004 0.005 0.004 
 42 QAc-G-0299    (0)   :  0.005 0.008 0.004 0.965 0.007 0.004 0.005 0.003 
 43 QAc-G-0300    (0)   :  0.005 0.004 0.003 0.952 0.004 0.020 0.003 0.008 
 44 QAc-G-0301    (0)   :  0.005 0.010 0.007 0.900 0.005 0.064 0.006 0.004 
 45 QAc-G-0302    (0)   :  0.016 0.005 0.006 0.010 0.951 0.003 0.004 0.005 
 46 QAc-G-0303    (0)   :  0.052 0.003 0.009 0.008 0.893 0.005 0.004 0.025 
 47 QAc-G-0304    (0)   :  0.003 0.978 0.006 0.003 0.002 0.002 0.003 0.003 
 48 QAc-G-0305    (0)   :  0.062 0.544 0.204 0.006 0.072 0.003 0.057 0.051 
 49 QAc-G-0306    (0)   :  0.003 0.979 0.004 0.003 0.002 0.002 0.004 0.003 
 50 QAc-G-0307    (0)   :  0.032 0.004 0.028 0.010 0.011 0.006 0.846 0.062 
 51 QAc-G-0308    (0)   :  0.009 0.016 0.009 0.015 0.011 0.004 0.926 0.011 
 52 QAc-G-0309    (0)   :  0.017 0.004 0.006 0.005 0.004 0.003 0.959 0.004 
 53 QAc-G-0310    (0)   :  0.003 0.003 0.005 0.004 0.003 0.003 0.974 0.004 
 54 QAc-G-0311    (0)   :  0.003 0.003 0.002 0.002 0.002 0.002 0.983 0.002 
 55 QAc-G-0312    (0)   :  0.627 0.006 0.005 0.036 0.042 0.013 0.213 0.058 
 56 QAc-G-0313    (0)   :  0.835 0.007 0.046 0.018 0.007 0.007 0.011 0.067 
 57 QAc-G-0314    (0)   :  0.579 0.004 0.003 0.193 0.022 0.010 0.010 0.179 
 58 QAc-G-0315    (0)   :  0.937 0.008 0.006 0.011 0.012 0.006 0.004 0.015 
 59 QAc-G-0316    (0)   :  0.737 0.009 0.009 0.008 0.006 0.009 0.021 0.202 
 60 QAc-G-0032    (6)   :  0.439 0.008 0.003 0.011 0.395 0.128 0.007 0.009 
 61 QAc-G-0033    (0)   :  0.003 0.004 0.004 0.965 0.005 0.008 0.005 0.006 
 62 QAc-G-0034    (0)   :  0.008 0.004 0.004 0.926 0.009 0.008 0.027 0.014 
 63 QAc-G-0035    (0)   :  0.007 0.005 0.006 0.959 0.005 0.009 0.004 0.005 
 64 QAc-G-0036    (0)   :  0.010 0.016 0.015 0.929 0.004 0.005 0.006 0.015 
 65 QAc-G-0037    (0)   :  0.006 0.014 0.005 0.956 0.003 0.005 0.009 0.003 
 66 QAc-G-0038    (0)   :  0.004 0.003 0.003 0.979 0.003 0.003 0.002 0.005 
 67 QAc-G-0039    (0)   :  0.019 0.005 0.004 0.914 0.010 0.005 0.024 0.018 
 68 QAc-G-0040    (0)   :  0.013 0.059 0.009 0.839 0.006 0.003 0.006 0.065 
 69 QAc-G-0041    (0)   :  0.006 0.003 0.019 0.911 0.003 0.032 0.003 0.023 
 70 QAc-G-0042    (0)   :  0.005 0.007 0.004 0.966 0.006 0.005 0.003 0.005 
 71 QAc-G-0043    (0)   :  0.005 0.005 0.004 0.969 0.003 0.002 0.007 0.004 
 72 QAc-G-0044    (0)   :  0.009 0.008 0.005 0.927 0.014 0.027 0.004 0.006 
 73 QAc-G-0045    (0)   :  0.006 0.006 0.004 0.938 0.005 0.012 0.023 0.006 
 74 QAc-G-0046    (0)   :  0.015 0.002 0.007 0.909 0.003 0.004 0.040 0.019 
 75 QAc-G-0047    (0)   :  0.011 0.005 0.004 0.924 0.014 0.006 0.029 0.007 
 76 QAc-G-0048    (0)   :  0.005 0.003 0.005 0.969 0.004 0.006 0.003 0.006 
 77 QAc-G-0049    (0)   :  0.003 0.005 0.003 0.003 0.002 0.002 0.979 0.003 
 78 QAc-G-0050    (0)   :  0.900 0.016 0.006 0.005 0.029 0.004 0.025 0.015 
 79 QAc-G-0051    (0)   :  0.004 0.004 0.006 0.002 0.003 0.002 0.976 0.003 
 80 QAc-G-0052    (0)   :  0.021 0.004 0.004 0.014 0.006 0.031 0.906 0.014 
 81 QAc-G-0053    (0)   :  0.008 0.009 0.007 0.018 0.002 0.005 0.947 0.003 
 82 QAc-G-0054    (0)   :  0.899 0.005 0.003 0.007 0.012 0.004 0.052 0.017 
 83 QAc-G-0055    (0)   :  0.693 0.007 0.005 0.008 0.032 0.003 0.245 0.008 
 84 QAc-G-0056    (0)   :  0.900 0.015 0.006 0.007 0.009 0.007 0.012 0.045 
 85 QAc-G-0057    (0)   :  0.003 0.004 0.004 0.004 0.004 0.002 0.977 0.003 
 86 QAc-G-0058    (6)   :  0.003 0.003 0.004 0.003 0.003 0.003 0.978 0.003 
 87 QAc-G-0059    (0)   :  0.871 0.003 0.003 0.005 0.004 0.003 0.104 0.006 
 88 QAc-G-0060    (6)   :  0.080 0.013 0.007 0.011 0.007 0.017 0.859 0.006 
 89 QAc-G-0276    (0)   :  0.007 0.341 0.612 0.019 0.004 0.003 0.009 0.004 
 90 QAc-G-0279    (0)   :  0.003 0.978 0.004 0.003 0.002 0.002 0.005 0.003 
 91 QAc-G-0280    (6)   :  0.005 0.970 0.005 0.006 0.003 0.004 0.003 0.004 
 92 QAc-G-0281    (0)   :  0.004 0.006 0.003 0.003 0.003 0.004 0.973 0.003 
 93 QAc-G-0018    (0)   :  0.022 0.006 0.006 0.886 0.028 0.006 0.035 0.012 
 94 QAc-G-0019    (0)   :  0.006 0.012 0.019 0.879 0.004 0.071 0.004 0.007 
 95 QAc-G-0020    (0)   :  0.039 0.003 0.004 0.940 0.003 0.003 0.004 0.004 
 96 QAc-G-0021    (6)   :  0.005 0.004 0.003 0.962 0.003 0.013 0.008 0.003 
 97 QAc-G-0022    (6)   :  0.046 0.004 0.017 0.759 0.010 0.055 0.020 0.089 
 98 QAc-G-0023    (0)   :  0.003 0.003 0.007 0.003 0.003 0.002 0.975 0.003 
 99 QAc-G-0024    (0)   :  0.003 0.003 0.003 0.006 0.004 0.004 0.975 0.003 
100 QAc-G-0016    (0)   :  0.835 0.013 0.005 0.009 0.083 0.004 0.042 0.010 
101 QAc-G-0017    (0)   :  0.023 0.005 0.006 0.008 0.742 0.204 0.004 0.010 
102 QAc-G-0250    (0)   :  0.584 0.110 0.220 0.014 0.043 0.007 0.008 0.014 
103 QAc-G-0003    (6)   :  0.004 0.967 0.008 0.005 0.003 0.003 0.004 0.006 
104 QAc-G-0004    (0)   :  0.020 0.003 0.007 0.040 0.909 0.006 0.010 0.006 
105 QAc-G-0005    (0)   :  0.003 0.003 0.003 0.003 0.004 0.978 0.003 0.003 
106 QAc-G-0006    (6)   :  0.081 0.005 0.011 0.012 0.870 0.003 0.003 0.015 
107 QAc-G-0283    (0)   :  0.476 0.003 0.129 0.007 0.029 0.004 0.004 0.348 
108 QAc-G-0265    (0)   :  0.332 0.003 0.446 0.029 0.028 0.006 0.146 0.010 
109 QAc-G-0266    (0)   :  0.003 0.005 0.003 0.003 0.002 0.002 0.981 0.002 
110 QAc-G-0267    (0)   :  0.009 0.004 0.632 0.221 0.005 0.113 0.005 0.010 
111 QAc-G-0268   (20)   :  0.422 0.530 0.009 0.005 0.013 0.010 0.005 0.006 
112 QAc-G-0269    (0)   :  0.003 0.979 0.003 0.004 0.002 0.003 0.004 0.002 
113 QAc-G-0270    (6)   :  0.004 0.005 0.004 0.962 0.004 0.011 0.004 0.005 
114 QAc-G-0271    (0)   :  0.106 0.004 0.006 0.768 0.012 0.090 0.004 0.010 
115 QAc-G-0272    (6)   :  0.005 0.015 0.009 0.948 0.007 0.004 0.006 0.006 
116 QAc-G-0273    (0)   :  0.007 0.004 0.004 0.004 0.004 0.006 0.966 0.005 
117 QAc-G-0274    (0)   :  0.002 0.002 0.002 0.003 0.002 0.983 0.002 0.003 
118 QAc-G-0251    (6)   :  0.006 0.004 0.004 0.942 0.016 0.014 0.005 0.008 
119 QAc-G-0252    (0)   :  0.007 0.005 0.004 0.953 0.011 0.005 0.004 0.012 
120 QAc-G-0253    (0)   :  0.006 0.005 0.004 0.004 0.003 0.003 0.972 0.004 
121 QAc-G-0254    (0)   :  0.003 0.003 0.003 0.002 0.002 0.003 0.981 0.003 
122 QAc-G-0255    (0)   :  0.017 0.005 0.008 0.013 0.939 0.007 0.005 0.007 
123 QAc-G-0256    (0)   :  0.005 0.008 0.006 0.006 0.960 0.008 0.004 0.003 
124 QAc-G-0257    (0)   :  0.020 0.003 0.005 0.009 0.857 0.047 0.008 0.050 
125 QAc-G-0258    (0)   :  0.009 0.003 0.004 0.005 0.969 0.005 0.003 0.003 
126 QAc-G-0259    (0)   :  0.973 0.002 0.002 0.004 0.009 0.002 0.002 0.006 
127 QAc-G-0260    (0)   :  0.807 0.035 0.011 0.014 0.033 0.055 0.008 0.036 
128 QAc-G-0261    (0)   :  0.461 0.004 0.005 0.011 0.086 0.418 0.004 0.012 
129 QAc-G-0262    (0)   :  0.665 0.013 0.018 0.006 0.243 0.032 0.006 0.017 
130 QAc-G-0010    (0)   :  0.011 0.033 0.915 0.014 0.003 0.004 0.011 0.008 
131 QAc-G-0011    (0)   :  0.015 0.004 0.003 0.006 0.004 0.005 0.003 0.959 
132 QAc-G-0015    (0)   :  0.032 0.003 0.017 0.014 0.086 0.006 0.809 0.033 
133 QAc-G-0106    (0)   :  0.020 0.003 0.003 0.010 0.926 0.030 0.002 0.007 
134 QAc-G-0107    (0)   :  0.014 0.005 0.007 0.004 0.954 0.003 0.007 0.004 
135 QAc-G-0108    (0)   :  0.005 0.006 0.003 0.006 0.969 0.004 0.002 0.005 
136 QAc-G-0109    (0)   :  0.070 0.005 0.008 0.008 0.847 0.029 0.011 0.022 
137 QAc-G-0110    (0)   :  0.025 0.076 0.019 0.037 0.819 0.003 0.007 0.013 
138 QAc-G-0111    (0)   :  0.007 0.005 0.022 0.010 0.938 0.005 0.005 0.007 
139 QAc-G-0112    (0)   :  0.021 0.024 0.013 0.004 0.922 0.003 0.008 0.003 
140 QAc-G-0113    (0)   :  0.052 0.008 0.017 0.005 0.868 0.024 0.022 0.005 
141 QAc-G-0114    (0)   :  0.023 0.013 0.012 0.040 0.887 0.003 0.017 0.006 
142 QAc-G-0115    (0)   :  0.011 0.008 0.004 0.004 0.959 0.006 0.004 0.004 
143 QAc-G-0116    (0)   :  0.009 0.012 0.011 0.004 0.946 0.006 0.006 0.005 
144 QAc-G-0117    (0)   :  0.167 0.005 0.058 0.207 0.465 0.075 0.011 0.013 
145 QAc-G-0118    (0)   :  0.008 0.003 0.013 0.006 0.931 0.025 0.002 0.012 
146 QAc-G-0119    (0)   :  0.018 0.002 0.003 0.020 0.923 0.025 0.005 0.005 
147 QAc-G-0120    (0)   :  0.102 0.006 0.006 0.011 0.852 0.005 0.006 0.012 
148 QAc-G-0121    (0)   :  0.004 0.006 0.004 0.007 0.006 0.966 0.003 0.003 
149 QAc-G-0122    (0)   :  0.005 0.031 0.008 0.009 0.009 0.929 0.004 0.005 
150 QAc-G-0123    (0)   :  0.002 0.002 0.002 0.004 0.003 0.982 0.003 0.002 
151 QAc-G-0124    (6)   :  0.003 0.003 0.003 0.004 0.004 0.976 0.003 0.004 
152 QAc-G-0125    (0)   :  0.310 0.011 0.050 0.007 0.038 0.487 0.055 0.042 
153 QAc-G-0126    (0)   :  0.613 0.007 0.005 0.010 0.105 0.233 0.009 0.017 
154 QAc-G-0127    (0)   :  0.006 0.003 0.004 0.006 0.008 0.959 0.005 0.010 
155 QAc-G-0128    (0)   :  0.003 0.005 0.003 0.003 0.003 0.976 0.003 0.003 
156 QAc-G-0129    (0)   :  0.002 0.003 0.002 0.003 0.003 0.981 0.002 0.003 
157 QAc-G-0130    (0)   :  0.006 0.004 0.008 0.008 0.032 0.924 0.002 0.016 
158 QAc-G-0131    (0)   :  0.004 0.005 0.003 0.006 0.004 0.969 0.004 0.004 
159 QAc-G-0132    (0)   :  0.030 0.014 0.018 0.007 0.170 0.740 0.013 0.007 
160 QAc-G-0133    (0)   :  0.004 0.004 0.005 0.007 0.003 0.970 0.003 0.003 
161 QAc-G-0134    (0)   :  0.004 0.004 0.003 0.005 0.004 0.974 0.004 0.003 
162 QAc-G-0135    (0)   :  0.008 0.007 0.004 0.011 0.954 0.003 0.007 0.007 
163 QAc-G-0136    (0)   :  0.014 0.005 0.128 0.005 0.825 0.006 0.007 0.011 
164 QAc-G-0137    (0)   :  0.013 0.004 0.004 0.011 0.924 0.034 0.003 0.006 
165 QAc-G-0138    (0)   :  0.013 0.002 0.027 0.002 0.909 0.006 0.007 0.034 
166 QAc-G-0139    (0)   :  0.007 0.003 0.004 0.029 0.921 0.029 0.002 0.006 
167 QAc-G-0140    (6)   :  0.019 0.005 0.010 0.030 0.879 0.047 0.004 0.005 
168 QAc-G-0141    (0)   :  0.325 0.015 0.017 0.053 0.494 0.029 0.027 0.040 
169 QAc-G-0142    (0)   :  0.004 0.003 0.003 0.005 0.976 0.003 0.002 0.004 
170 QAc-G-0143    (0)   :  0.969 0.006 0.004 0.006 0.004 0.003 0.003 0.004 
171 QAc-G-0144    (6)   :  0.580 0.004 0.013 0.005 0.388 0.002 0.004 0.004 
172 QAc-G-0145    (0)   :  0.003 0.976 0.005 0.004 0.003 0.002 0.003 0.003 
173 QAc-G-0146    (0)   :  0.003 0.003 0.003 0.003 0.002 0.980 0.003 0.003 
174 QAc-G-0147    (0)   :  0.263 0.007 0.035 0.022 0.113 0.249 0.005 0.306 
175 QAc-G-0148    (0)   :  0.649 0.004 0.034 0.013 0.284 0.006 0.005 0.006 
176 QAc-G-0149    (0)   :  0.003 0.004 0.003 0.004 0.003 0.978 0.002 0.003 
177 QAc-G-0150    (0)   :  0.003 0.977 0.004 0.003 0.003 0.003 0.004 0.003 
178 QAc-G-0151    (0)   :  0.003 0.003 0.003 0.004 0.003 0.978 0.003 0.003 
179 QAc-G-0152    (0)   :  0.003 0.002 0.002 0.005 0.002 0.976 0.005 0.003 
180 QAc-G-0153    (0)   :  0.010 0.003 0.066 0.009 0.007 0.884 0.002 0.019 
181 QAc-G-0154    (0)   :  0.005 0.012 0.015 0.024 0.025 0.912 0.003 0.004 
182 QAc-G-0155    (0)   :  0.003 0.003 0.003 0.005 0.002 0.978 0.003 0.003 
183 QAc-G-0158    (0)   :  0.003 0.003 0.003 0.002 0.003 0.980 0.003 0.003 
184 QAc-G-0159    (0)   :  0.029 0.013 0.004 0.009 0.914 0.012 0.007 0.012 
185 QAc-G-0160    (0)   :  0.002 0.983 0.003 0.002 0.002 0.002 0.003 0.002 
186 QAc-G-0161    (0)   :  0.002 0.982 0.003 0.003 0.002 0.002 0.003 0.002 
187 QAc-G-0162    (0)   :  0.037 0.069 0.557 0.310 0.005 0.005 0.007 0.010 
188 QAc-G-0163    (0)   :  0.031 0.822 0.031 0.081 0.023 0.003 0.002 0.006 
189 QAc-G-0164    (0)   :  0.017 0.902 0.003 0.004 0.004 0.002 0.009 0.060 
190 QAc-G-0165    (0)   :  0.004 0.965 0.006 0.005 0.005 0.008 0.003 0.005 
191 QAc-G-0166    (0)   :  0.003 0.978 0.003 0.004 0.002 0.003 0.003 0.003 
192 QAc-G-0167    (0)   :  0.003 0.976 0.003 0.004 0.002 0.003 0.004 0.004 
193 QAc-G-0168    (0)   :  0.002 0.983 0.003 0.002 0.002 0.002 0.003 0.002 
194 QAc-G-0169    (6)   :  0.563 0.239 0.078 0.007 0.087 0.005 0.005 0.015 
195 QAc-G-0170    (0)   :  0.004 0.971 0.006 0.004 0.003 0.005 0.003 0.004 
196 QAc-G-0171    (0)   :  0.003 0.978 0.005 0.004 0.002 0.002 0.003 0.003 
197 QAc-G-0172    (0)   :  0.064 0.018 0.019 0.010 0.856 0.012 0.008 0.013 
198 QAc-G-0173    (0)   :  0.003 0.476 0.504 0.003 0.003 0.002 0.007 0.002 
199 QAc-G-0174    (0)   :  0.003 0.023 0.952 0.005 0.004 0.003 0.006 0.004 
200 QAc-G-0175    (0)   :  0.003 0.978 0.005 0.003 0.002 0.002 0.003 0.003 
201 QAc-G-0176    (0)   :  0.019 0.807 0.006 0.147 0.005 0.004 0.007 0.005 
202 QAc-G-0177    (0)   :  0.003 0.977 0.006 0.003 0.002 0.003 0.003 0.003 
203 QAc-G-0178    (0)   :  0.015 0.697 0.013 0.004 0.003 0.015 0.010 0.242 
204 QAc-G-0179    (6)   :  0.003 0.977 0.006 0.003 0.002 0.003 0.003 0.002 
205 QAc-G-0180    (0)   :  0.003 0.982 0.003 0.003 0.002 0.002 0.002 0.003 
206 QAc-G-0181    (0)   :  0.004 0.971 0.003 0.008 0.004 0.003 0.002 0.005 
207 QAc-G-0182    (0)   :  0.007 0.435 0.537 0.004 0.005 0.005 0.003 0.004 
208 QAc-G-0183    (6)   :  0.014 0.943 0.016 0.003 0.009 0.003 0.007 0.004 
209 QAc-G-0184    (0)   :  0.002 0.980 0.004 0.003 0.003 0.003 0.003 0.003 
210 QAc-G-0185    (0)   :  0.013 0.751 0.055 0.010 0.011 0.037 0.005 0.117 
211 QAc-G-0186    (0)   :  0.004 0.971 0.005 0.009 0.003 0.002 0.002 0.005 
212 QAc-G-0187    (0)   :  0.026 0.784 0.005 0.016 0.004 0.006 0.042 0.118 
213 QAc-G-0188    (0)   :  0.181 0.230 0.010 0.032 0.533 0.004 0.003 0.007 
214 QAc-G-0189    (0)   :  0.006 0.925 0.040 0.003 0.005 0.002 0.013 0.007 
215 QAc-G-0190    (0)   :  0.003 0.975 0.004 0.004 0.003 0.004 0.004 0.004 
216 QAc-G-0191    (0)   :  0.003 0.975 0.004 0.004 0.003 0.004 0.004 0.003 
217 QAc-G-0192    (0)   :  0.002 0.982 0.003 0.002 0.002 0.003 0.003 0.003 
218 QAc-G-0193    (0)   :  0.003 0.976 0.003 0.004 0.003 0.004 0.003 0.004 
219 QAc-G-0194    (0)   :  0.004 0.970 0.004 0.006 0.003 0.004 0.004 0.005 
220 QAc-G-0195    (0)   :  0.005 0.063 0.898 0.009 0.004 0.003 0.015 0.004 
221 QAc-G-0196    (0)   :  0.004 0.667 0.312 0.004 0.002 0.002 0.006 0.003 
222 QAc-G-0197    (0)   :  0.002 0.982 0.003 0.002 0.002 0.002 0.003 0.002 
223 QAc-G-0198    (0)   :  0.003 0.976 0.006 0.004 0.003 0.003 0.003 0.002 
224 QAc-G-0199    (0)   :  0.023 0.702 0.119 0.014 0.005 0.017 0.005 0.115 
225 QAc-G-0200    (0)   :  0.004 0.969 0.005 0.008 0.003 0.002 0.003 0.005 
226 QAc-G-0201    (0)   :  0.011 0.463 0.510 0.004 0.003 0.002 0.004 0.004 
227 QAc-G-0202    (6)   :  0.003 0.542 0.429 0.004 0.005 0.003 0.010 0.003 
228 QAc-G-0203    (0)   :  0.010 0.956 0.003 0.005 0.006 0.002 0.015 0.002 
229 QAc-G-0204    (0)   :  0.003 0.973 0.006 0.005 0.003 0.003 0.004 0.003 
230 QAc-G-0205    (0)   :  0.002 0.003 0.003 0.002 0.002 0.002 0.982 0.002 
231 QAc-G-0206    (0)   :  0.135 0.003 0.005 0.021 0.050 0.005 0.776 0.006 
232 QAc-G-0207    (0)   :  0.008 0.006 0.004 0.006 0.005 0.005 0.957 0.009 
233 QAc-G-0208    (0)   :  0.003 0.003 0.003 0.003 0.003 0.004 0.978 0.003 
234 QAc-G-0209    (0)   :  0.004 0.007 0.006 0.003 0.003 0.002 0.973 0.004 
235 QAc-G-0210    (0)   :  0.004 0.002 0.002 0.003 0.003 0.002 0.980 0.003 
236 QAc-G-0211    (0)   :  0.005 0.003 0.003 0.002 0.003 0.004 0.977 0.003 
237 QAc-G-0212    (0)   :  0.003 0.004 0.003 0.003 0.002 0.003 0.979 0.003 
238 QAc-G-0213    (0)   :  0.003 0.005 0.003 0.005 0.002 0.002 0.975 0.004 
239 QAc-G-0214    (0)   :  0.003 0.004 0.004 0.003 0.002 0.002 0.980 0.002 
240 QAc-G-0215    (0)   :  0.005 0.003 0.003 0.004 0.003 0.003 0.976 0.004 
241 QAc-G-0216    (0)   :  0.333 0.017 0.410 0.017 0.110 0.005 0.103 0.005 
242 QAc-G-0217    (0)   :  0.007 0.003 0.012 0.005 0.006 0.009 0.951 0.007 
243 QAc-G-0218    (0)   :  0.005 0.005 0.003 0.007 0.002 0.005 0.965 0.008 
244 QAc-G-0219    (0)   :  0.033 0.010 0.006 0.027 0.026 0.024 0.865 0.009 
245 QAc-G-0220    (0)   :  0.072 0.003 0.003 0.005 0.006 0.005 0.899 0.007 
246 QAc-G-0221    (0)   :  0.008 0.005 0.024 0.012 0.007 0.011 0.902 0.030 
247 QAc-G-0222    (0)   :  0.003 0.004 0.003 0.004 0.002 0.002 0.978 0.003 
248 QAc-G-0223    (0)   :  0.004 0.003 0.003 0.005 0.004 0.005 0.970 0.007 
249 QAc-G-0224    (0)   :  0.005 0.005 0.003 0.003 0.003 0.003 0.973 0.005 
250 QAc-G-0226    (0)   :  0.003 0.003 0.003 0.004 0.003 0.003 0.978 0.003 
251 QAc-G-0227    (0)   :  0.006 0.005 0.006 0.953 0.005 0.017 0.004 0.004 
252 QAc-G-0228    (6)   :  0.006 0.005 0.005 0.966 0.004 0.003 0.006 0.005 
253 QAc-G-0229    (0)   :  0.010 0.005 0.010 0.935 0.013 0.004 0.008 0.015 
254 QAc-G-0230    (0)   :  0.007 0.005 0.005 0.946 0.012 0.003 0.016 0.006 
255 QAc-G-0231    (0)   :  0.004 0.007 0.003 0.003 0.003 0.004 0.973 0.003 
256 QAc-G-0232    (0)   :  0.006 0.003 0.002 0.961 0.005 0.010 0.003 0.010 
257 QAc-G-0233    (0)   :  0.250 0.004 0.005 0.547 0.004 0.006 0.018 0.166 
258 QAc-G-0234    (0)   :  0.007 0.012 0.019 0.934 0.005 0.005 0.005 0.014 
259 QAc-G-0235    (0)   :  0.017 0.004 0.024 0.007 0.928 0.003 0.008 0.009 
260 QAc-G-0236    (0)   :  0.004 0.005 0.006 0.964 0.004 0.009 0.005 0.004 
261 QAc-G-0237    (0)   :  0.007 0.015 0.006 0.921 0.008 0.015 0.016 0.012 
262 QAc-G-0238    (0)   :  0.004 0.005 0.005 0.969 0.003 0.004 0.006 0.004 
263 QAc-G-0239    (0)   :  0.009 0.004 0.004 0.966 0.004 0.003 0.004 0.006 
264 QAc-G-0240    (0)   :  0.005 0.004 0.003 0.970 0.006 0.006 0.002 0.005 
265 QAc-G-0241    (0)   :  0.027 0.007 0.035 0.868 0.024 0.005 0.008 0.025 
266 QAc-G-0242    (0)   :  0.009 0.003 0.004 0.950 0.004 0.010 0.008 0.012 
267 QAc-G-0243    (0)   :  0.058 0.003 0.009 0.714 0.010 0.051 0.020 0.135 
268 QAc-G-0244    (0)   :  0.015 0.005 0.007 0.942 0.014 0.004 0.008 0.005 
269 QAc-G-0245    (0)   :  0.004 0.006 0.006 0.957 0.005 0.014 0.003 0.006 
270 QAc-G-0246    (0)   :  0.007 0.007 0.004 0.961 0.005 0.006 0.004 0.006 
271 QAc-G-0247    (0)   :  0.006 0.002 0.004 0.972 0.004 0.003 0.004 0.005 
272 QAc-G-0248    (0)   :  0.005 0.003 0.003 0.977 0.004 0.003 0.003 0.003 
273 QAc-G-0249    (0)   :  0.018 0.011 0.007 0.010 0.009 0.002 0.009 0.934 
274 QAc-G-0025    (0)   :  0.003 0.004 0.003 0.004 0.003 0.003 0.978 0.002 
275 QAc-G-0028    (0)   :  0.017 0.006 0.004 0.867 0.003 0.004 0.030 0.070 
276 QAc-G-0275    (0)   :  0.004 0.013 0.004 0.005 0.004 0.002 0.964 0.003 
277 QAc-G-0263    (0)   :  0.313 0.012 0.486 0.005 0.014 0.005 0.019 0.147 
278 QAc-W-0001    (0)   :  0.010 0.003 0.004 0.918 0.019 0.038 0.005 0.005 
279 QAc-W-0002    (0)   :  0.013 0.019 0.007 0.923 0.019 0.003 0.004 0.011 
280 QAc-W-0003    (0)   :  0.020 0.006 0.047 0.853 0.025 0.010 0.035 0.005 
281 QAc-W-0004    (0)   :  0.004 0.006 0.005 0.963 0.003 0.005 0.009 0.006 
282 QAc-W-0005    (0)   :  0.010 0.008 0.014 0.937 0.005 0.012 0.004 0.010 
283 QAc-W-0006    (0)   :  0.007 0.005 0.003 0.956 0.009 0.006 0.006 0.008 
284 QAc-W-0007   (13)   :  0.004 0.004 0.004 0.967 0.003 0.005 0.005 0.008 
285 QAc-W-0008    (6)   :  0.037 0.004 0.005 0.897 0.007 0.003 0.003 0.044 
286 QAc-W-0009    (0)   :  0.028 0.011 0.004 0.853 0.070 0.007 0.006 0.021 
287 QAc-W-0010    (0)   :  0.051 0.007 0.052 0.791 0.016 0.018 0.005 0.060 
288 QAc-W-0011    (0)   :  0.013 0.047 0.016 0.878 0.017 0.019 0.006 0.005 
289 QAc-W-0012    (0)   :  0.010 0.012 0.004 0.953 0.005 0.005 0.004 0.006 
290 QAc-W-0013    (0)   :  0.011 0.007 0.005 0.801 0.050 0.003 0.118 0.005 
291 QAc-W-0014    (0)   :  0.006 0.003 0.010 0.938 0.004 0.005 0.005 0.030 
292 QAc-W-0015    (0)   :  0.018 0.018 0.134 0.745 0.022 0.003 0.027 0.032 
293 QAc-W-0016    (0)   :  0.154 0.006 0.025 0.675 0.021 0.003 0.011 0.106 
294 QAc-W-0017    (0)   :  0.359 0.013 0.133 0.242 0.065 0.015 0.030 0.143 
295 QAc-W-0018    (0)   :  0.241 0.003 0.004 0.666 0.025 0.010 0.027 0.024 
296 QAc-W-0019    (0)   :  0.005 0.007 0.006 0.953 0.007 0.005 0.006 0.011 
297 QAc-W-0020    (0)   :  0.056 0.004 0.007 0.865 0.007 0.052 0.004 0.005 
298 QAc-W-0021    (0)   :  0.212 0.012 0.004 0.418 0.061 0.010 0.240 0.043 
299 QAc-W-0022    (0)   :  0.156 0.009 0.094 0.504 0.018 0.008 0.024 0.187 
300 QAc-W-0023    (6)   :  0.075 0.003 0.005 0.508 0.220 0.063 0.033 0.092 
301 QAc-W-0024    (0)   :  0.193 0.036 0.007 0.530 0.025 0.006 0.180 0.023 
302 QAc-W-0025    (0)   :  0.005 0.004 0.003 0.972 0.004 0.004 0.004 0.004 
303 QAc-W-0026    (0)   :  0.066 0.047 0.024 0.643 0.014 0.102 0.041 0.065 
304 QAc-W-0027    (0)   :  0.008 0.007 0.004 0.955 0.009 0.003 0.004 0.011 
305 QAc-W-0028    (0)   :  0.006 0.005 0.005 0.966 0.006 0.004 0.003 0.005 
306 QAc-W-0029    (0)   :  0.010 0.003 0.003 0.956 0.009 0.008 0.006 0.004 
307 QAc-W-0030    (0)   :  0.006 0.008 0.006 0.962 0.004 0.007 0.004 0.004 
308 QAc-W-0031    (0)   :  0.008 0.004 0.003 0.905 0.008 0.003 0.064 0.005 
309 QAc-W-0032    (0)   :  0.005 0.002 0.003 0.964 0.003 0.010 0.004 0.009 
310 QAc-W-0033    (0)   :  0.193 0.005 0.005 0.726 0.007 0.018 0.010 0.037 
311 QAc-W-0034    (0)   :  0.006 0.004 0.003 0.953 0.018 0.004 0.005 0.008 
312 QAc-W-0035    (0)   :  0.026 0.021 0.023 0.867 0.006 0.004 0.015 0.038 
313 QAc-W-0036    (0)   :  0.007 0.004 0.005 0.925 0.009 0.039 0.003 0.009 
314 QAc-W-0037    (0)   :  0.007 0.020 0.004 0.941 0.004 0.011 0.009 0.005 
315 QAc-W-0038    (0)   :  0.023 0.012 0.025 0.905 0.010 0.012 0.004 0.008 
316 QAc-W-0039    (0)   :  0.006 0.017 0.007 0.907 0.013 0.030 0.010 0.008 
317 QAc-W-0040    (0)   :  0.130 0.009 0.011 0.632 0.006 0.017 0.009 0.186 
318 QAc-W-0041    (0)   :  0.026 0.012 0.004 0.848 0.034 0.004 0.056 0.014 
319 QAc-W-0042    (0)   :  0.026 0.022 0.007 0.023 0.706 0.197 0.012 0.007 
320 QAc-W-0043    (0)   :  0.013 0.028 0.008 0.017 0.914 0.008 0.007 0.005 
321 QAc-W-0044    (0)   :  0.034 0.024 0.044 0.155 0.379 0.281 0.006 0.077 
322 QAc-W-0045    (0)   :  0.016 0.009 0.004 0.010 0.934 0.014 0.007 0.006 
323 QAc-W-0046    (0)   :  0.010 0.015 0.004 0.013 0.929 0.010 0.013 0.007 
324 QAc-W-0047    (0)   :  0.009 0.009 0.025 0.032 0.871 0.030 0.003 0.021 
325 QAc-W-0048    (0)   :  0.014 0.004 0.004 0.014 0.919 0.035 0.006 0.005 
326 QAc-W-0049    (0)   :  0.010 0.004 0.004 0.006 0.908 0.056 0.007 0.005 
327 QAc-W-0050    (0)   :  0.568 0.007 0.006 0.006 0.382 0.006 0.013 0.013 
328 QAc-W-0051    (0)   :  0.600 0.008 0.047 0.015 0.296 0.020 0.009 0.006 
329 QAc-W-0052    (0)   :  0.003 0.004 0.003 0.004 0.003 0.978 0.002 0.003 
330 QAc-W-0053    (0)   :  0.006 0.004 0.005 0.012 0.952 0.009 0.003 0.009 
331 QAc-W-0054    (0)   :  0.642 0.075 0.095 0.014 0.050 0.054 0.006 0.064 
332 QAc-W-0055    (0)   :  0.337 0.356 0.122 0.006 0.104 0.008 0.040 0.026 
333 QAc-W-0056    (0)   :  0.882 0.006 0.013 0.042 0.021 0.008 0.016 0.011 
334 QAc-W-0057    (0)   :  0.516 0.005 0.145 0.012 0.254 0.008 0.049 0.012 
335 QAc-W-0058    (0)   :  0.305 0.011 0.023 0.005 0.479 0.007 0.166 0.004 
336 QAc-W-0059    (0)   :  0.003 0.004 0.004 0.004 0.977 0.004 0.003 0.003 
337 QAc-W-0060    (0)   :  0.009 0.010 0.889 0.019 0.009 0.053 0.003 0.007 
338 QAc-W-0061    (0)   :  0.031 0.076 0.766 0.020 0.043 0.004 0.015 0.046 
339 QAc-W-0062    (0)   :  0.005 0.008 0.952 0.004 0.003 0.014 0.006 0.007 
340 QAc-W-0063    (0)   :  0.011 0.011 0.932 0.009 0.005 0.012 0.009 0.012 
341 QAc-W-0064    (0)   :  0.008 0.016 0.944 0.009 0.004 0.004 0.007 0.008 
342 QAc-W-0065    (0)   :  0.034 0.005 0.891 0.014 0.014 0.006 0.007 0.030 
343 QAc-W-0066    (0)   :  0.002 0.981 0.003 0.003 0.002 0.002 0.004 0.002 
344 QAc-W-0067    (0)   :  0.002 0.980 0.003 0.003 0.003 0.003 0.003 0.003 
345 QAc-W-0068    (0)   :  0.002 0.979 0.005 0.004 0.002 0.002 0.003 0.002 
346 QAc-W-0069    (0)   :  0.003 0.977 0.006 0.004 0.002 0.002 0.004 0.002 
347 QAc-W-0070    (0)   :  0.002 0.594 0.391 0.003 0.003 0.002 0.003 0.003 
348 QAc-W-0071    (6)   :  0.005 0.271 0.693 0.005 0.005 0.004 0.013 0.004 
349 QAc-W-0072    (0)   :  0.017 0.004 0.838 0.011 0.004 0.004 0.009 0.113 
350 QAc-W-0073    (0)   :  0.011 0.004 0.914 0.010 0.041 0.007 0.006 0.008 
351 QAc-W-0074    (0)   :  0.003 0.004 0.976 0.004 0.003 0.003 0.004 0.005 
352 QAc-W-0075    (0)   :  0.003 0.016 0.964 0.003 0.003 0.002 0.005 0.004 
353 QAc-W-0076    (0)   :  0.005 0.004 0.954 0.004 0.004 0.002 0.006 0.022 
354 QAc-W-0077    (0)   :  0.008 0.148 0.816 0.008 0.008 0.003 0.004 0.005 
355 QAc-W-0078    (0)   :  0.124 0.042 0.009 0.050 0.009 0.015 0.608 0.144 
356 QAc-W-0079    (6)   :  0.006 0.027 0.008 0.011 0.007 0.005 0.926 0.010 
357 QAc-W-0080   (13)   :  0.011 0.004 0.003 0.029 0.011 0.002 0.935 0.005 
358 QAc-W-0081    (0)   :  0.005 0.004 0.005 0.006 0.003 0.007 0.966 0.004 
359 QAc-W-0082    (0)   :  0.525 0.003 0.007 0.005 0.129 0.002 0.323 0.005 
360 QAc-W-0083    (0)   :  0.010 0.013 0.052 0.016 0.009 0.013 0.859 0.028 
361 QAc-W-0084    (0)   :  0.004 0.004 0.003 0.005 0.003 0.006 0.971 0.004 
362 QAc-W-0085    (0)   :  0.005 0.005 0.003 0.003 0.002 0.003 0.974 0.005 
363 QAc-W-0086    (0)   :  0.005 0.006 0.003 0.005 0.003 0.004 0.965 0.007 
364 QAc-W-0087    (0)   :  0.008 0.006 0.003 0.007 0.008 0.003 0.950 0.014 
365 QAc-W-0088    (0)   :  0.031 0.003 0.003 0.006 0.037 0.003 0.910 0.007 
366 QAc-W-0089    (0)   :  0.004 0.007 0.004 0.006 0.003 0.003 0.969 0.003 
367 QAc-W-0090    (0)   :  0.004 0.007 0.003 0.006 0.004 0.003 0.970 0.003 
368 QAc-W-0091    (0)   :  0.021 0.005 0.008 0.005 0.012 0.010 0.930 0.010 
369 QAc-W-0092    (0)   :  0.011 0.008 0.004 0.032 0.007 0.254 0.678 0.007 
370 QAc-W-0093    (0)   :  0.107 0.002 0.006 0.087 0.054 0.007 0.691 0.046 
371 QAc-W-0094    (0)   :  0.084 0.003 0.033 0.038 0.021 0.248 0.564 0.009 
372 QAc-W-0095    (0)   :  0.009 0.003 0.018 0.018 0.010 0.046 0.890 0.007 
373 QAc-W-0096    (0)   :  0.046 0.006 0.043 0.022 0.028 0.112 0.729 0.015 
374 QAc-W-0097    (0)   :  0.126 0.008 0.008 0.071 0.136 0.007 0.637 0.007 
375 QAc-W-0098    (0)   :  0.008 0.003 0.003 0.006 0.008 0.005 0.962 0.005 
376 QAc-W-0099    (0)   :  0.238 0.005 0.005 0.022 0.016 0.011 0.635 0.068 
377 QAc-W-0100    (0)   :  0.013 0.004 0.003 0.005 0.005 0.003 0.959 0.008 
378 QAc-W-0101    (0)   :  0.007 0.035 0.007 0.007 0.005 0.003 0.926 0.011 
379 QAc-W-0104    (0)   :  0.013 0.003 0.006 0.008 0.018 0.004 0.926 0.021 
380 QAc-W-0105    (0)   :  0.008 0.005 0.004 0.009 0.003 0.013 0.954 0.004 
381 QAc-W-0106    (0)   :  0.034 0.006 0.004 0.020 0.004 0.067 0.856 0.009 
382 QAc-W-0107    (0)   :  0.003 0.004 0.010 0.003 0.003 0.003 0.969 0.003 
383 QAc-W-0108    (0)   :  0.003 0.005 0.007 0.003 0.003 0.002 0.974 0.004 
384 QAc-W-0109    (0)   :  0.008 0.026 0.007 0.010 0.014 0.006 0.925 0.004 
385 QAc-W-0110   (13)   :  0.096 0.010 0.007 0.538 0.009 0.005 0.291 0.044 
386 QAc-W-0111    (6)   :  0.006 0.005 0.003 0.011 0.005 0.007 0.959 0.004 
387 QAc-W-0112   (13)   :  0.015 0.004 0.004 0.013 0.010 0.008 0.926 0.020 
388 QAc-W-0113   (13)   :  0.011 0.003 0.005 0.010 0.004 0.004 0.005 0.957 
389 QAc-W-0114   (13)   :  0.009 0.004 0.003 0.005 0.018 0.008 0.015 0.937 
390 QAc-W-0115    (0)   :  0.006 0.005 0.006 0.008 0.003 0.004 0.005 0.964 
391 QAc-W-0116    (0)   :  0.009 0.002 0.003 0.015 0.014 0.014 0.004 0.938 
392 QAc-W-0117    (0)   :  0.006 0.004 0.004 0.007 0.007 0.003 0.003 0.967 
393 QAc-W-0118    (0)   :  0.009 0.019 0.032 0.005 0.005 0.005 0.013 0.912 
394 QAc-W-0119    (0)   :  0.008 0.007 0.003 0.007 0.004 0.007 0.004 0.961 
395 QAc-W-0120    (0)   :  0.022 0.012 0.014 0.010 0.006 0.003 0.007 0.926 
396 QAc-W-0121    (0)   :  0.010 0.046 0.011 0.007 0.009 0.002 0.003 0.912 
397 QAc-W-0122    (0)   :  0.014 0.003 0.006 0.012 0.016 0.005 0.004 0.940 
398 QAc-W-0123    (6)   :  0.031 0.010 0.011 0.010 0.014 0.012 0.012 0.900 
399 QAc-W-0124    (0)   :  0.024 0.014 0.151 0.065 0.004 0.010 0.041 0.691 
400 QAc-W-0125    (0)   :  0.007 0.007 0.007 0.005 0.007 0.008 0.012 0.946 
401 QAc-W-0126   (13)   :  0.027 0.006 0.008 0.008 0.012 0.011 0.020 0.909 
402 QAc-W-0127    (6)   :  0.008 0.004 0.006 0.006 0.005 0.004 0.003 0.963 
403 QAc-W-0128   (13)   :  0.010 0.014 0.005 0.010 0.010 0.003 0.037 0.910 
404 QAc-W-0129   (13)   :  0.024 0.006 0.015 0.051 0.021 0.004 0.005 0.874 
405 QAc-W-0130   (13)   :  0.007 0.006 0.003 0.017 0.008 0.003 0.006 0.949 
406 QAc-W-0131    (0)   :  0.040 0.004 0.011 0.005 0.005 0.043 0.006 0.886 
407 QAc-W-0132    (6)   :  0.013 0.048 0.023 0.026 0.005 0.020 0.014 0.851 
408 QAc-W-0133    (6)   :  0.435 0.099 0.014 0.007 0.006 0.005 0.048 0.386 
409 QAc-W-0134    (0)   :  0.005 0.003 0.005 0.004 0.005 0.005 0.004 0.970 
410 QAc-W-0135    (0)   :  0.007 0.011 0.016 0.061 0.007 0.003 0.005 0.890 
411 QAc-W-0136    (0)   :  0.005 0.003 0.004 0.005 0.003 0.010 0.003 0.968 
412 QAc-W-0137    (0)   :  0.003 0.003 0.004 0.004 0.003 0.005 0.002 0.976 
413 QAc-W-0138    (0)   :  0.004 0.003 0.003 0.005 0.003 0.005 0.002 0.974 
414 QAc-W-0139    (0)   :  0.018 0.006 0.261 0.033 0.005 0.008 0.031 0.638 
415 QAc-W-0140    (0)   :  0.014 0.005 0.004 0.041 0.062 0.003 0.006 0.865 
416 QAc-W-0141    (6)   :  0.024 0.015 0.007 0.054 0.019 0.004 0.005 0.871 
417 QAc-W-0142    (0)   :  0.005 0.005 0.008 0.003 0.004 0.003 0.004 0.969 
418 QAc-W-0143    (0)   :  0.010 0.002 0.006 0.005 0.007 0.004 0.007 0.960 
419 QAc-W-0144    (0)   :  0.027 0.003 0.005 0.007 0.120 0.007 0.005 0.827 
420 QAc-W-0145    (0)   :  0.016 0.003 0.005 0.003 0.005 0.003 0.003 0.962 
421 QAc-W-0146    (0)   :  0.004 0.004 0.004 0.013 0.004 0.005 0.005 0.962 
422 QAc-W-0147    (0)   :  0.004 0.002 0.007 0.004 0.003 0.002 0.004 0.972 
423 QAc-W-0148    (0)   :  0.004 0.003 0.006 0.007 0.003 0.006 0.003 0.968 
424 QAc-W-0149    (0)   :  0.018 0.003 0.005 0.009 0.037 0.012 0.009 0.906 
425 QAc-W-0150    (0)   :  0.012 0.007 0.006 0.057 0.006 0.010 0.015 0.889 
426 QAc-W-0151    (0)   :  0.007 0.004 0.005 0.012 0.005 0.006 0.005 0.956 
427 QAc-W-0152    (0)   :  0.005 0.004 0.009 0.004 0.005 0.003 0.003 0.966 
428 QAc-W-0153    (0)   :  0.812 0.005 0.040 0.064 0.013 0.004 0.035 0.026 
429 QAc-W-0154    (0)   :  0.034 0.003 0.004 0.032 0.005 0.003 0.004 0.915 
430 QAc-W-0155    (0)   :  0.004 0.003 0.005 0.005 0.004 0.003 0.003 0.973 
431 QAc-W-0156    (0)   :  0.009 0.004 0.003 0.040 0.004 0.014 0.072 0.854 
432 QAc-W-0157    (0)   :  0.075 0.009 0.017 0.011 0.010 0.031 0.003 0.845 
433 QAc-W-0158    (0)   :  0.006 0.021 0.007 0.037 0.003 0.004 0.028 0.894 
434 QAc-W-0159    (0)   :  0.007 0.007 0.003 0.008 0.005 0.007 0.005 0.958 
435 QAc-W-0160    (0)   :  0.008 0.003 0.006 0.032 0.003 0.005 0.004 0.937 
436 QAc-W-0161    (0)   :  0.013 0.004 0.003 0.051 0.008 0.104 0.004 0.813 
437 QAc-W-0162    (0)   :  0.008 0.005 0.159 0.003 0.015 0.014 0.003 0.791 
438 QAc-W-0163    (0)   :  0.023 0.004 0.005 0.006 0.018 0.005 0.004 0.935 
439 QAc-W-0164    (0)   :  0.008 0.005 0.012 0.004 0.005 0.006 0.004 0.957 
440 QAc-W-0165    (0)   :  0.052 0.029 0.012 0.005 0.005 0.010 0.002 0.884 
441 QAc-W-0166    (0)   :  0.006 0.004 0.006 0.018 0.005 0.005 0.004 0.953 


Estimated Allele Frequencies in each cluster
First column gives estimated ancestral frequencies


Locus 1 : 
21 alleles
0.5% missing data
 210   (0.109) 0.111 0.001 0.014 0.043 0.291 0.003 0.211 0.174 
 212   (0.107) 0.110 0.276 0.011 0.197 0.039 0.003 0.232 0.086 
 202   (0.050) 0.049 0.000 0.003 0.050 0.009 0.342 0.145 0.006 
 226   (0.072) 0.077 0.211 0.060 0.002 0.014 0.210 0.103 0.005 
 216   (0.084) 0.082 0.001 0.054 0.006 0.042 0.323 0.087 0.090 
 200   (0.206) 0.202 0.440 0.197 0.517 0.265 0.106 0.130 0.205 
 224   (0.040) 0.038 0.069 0.316 0.072 0.004 0.001 0.001 0.002 
 218   (0.048) 0.045 0.000 0.013 0.028 0.005 0.001 0.057 0.151 
 222   (0.023) 0.023 0.000 0.002 0.001 0.002 0.002 0.000 0.193 
 228   (0.013) 0.011 0.000 0.188 0.000 0.001 0.000 0.000 0.001 
 214   (0.071) 0.077 0.001 0.128 0.002 0.121 0.002 0.001 0.048 
 208   (0.043) 0.041 0.000 0.003 0.073 0.051 0.002 0.030 0.002 
 220   (0.020) 0.021 0.000 0.002 0.001 0.002 0.001 0.000 0.010 
 206   (0.037) 0.038 0.000 0.003 0.003 0.055 0.001 0.001 0.020 
 196   (0.012) 0.012 0.000 0.001 0.000 0.001 0.000 0.000 0.001 
 238   (0.012) 0.011 0.000 0.002 0.000 0.001 0.000 0.000 0.003 
 121   (0.010) 0.009 0.000 0.001 0.003 0.001 0.001 0.000 0.001 
 204   (0.014) 0.013 0.000 0.001 0.000 0.025 0.000 0.000 0.001 
 190   (0.011) 0.011 0.000 0.001 0.000 0.001 0.000 0.000 0.001 
 198   (0.009) 0.008 0.000 0.000 0.000 0.010 0.000 0.000 0.000 
 232   (0.011) 0.009 0.000 0.001 0.000 0.058 0.000 0.000 0.001 

Locus 2 : 
15 alleles
1.6% missing data
 171   (0.204) 0.207 0.002 0.041 0.337 0.515 0.410 0.145 0.066 
 175   (0.115) 0.118 0.150 0.027 0.037 0.040 0.133 0.246 0.021 
 185   (0.063) 0.063 0.001 0.038 0.008 0.007 0.002 0.145 0.220 
 181   (0.096) 0.095 0.445 0.042 0.103 0.098 0.003 0.350 0.006 
 179   (0.051) 0.047 0.003 0.392 0.004 0.012 0.332 0.001 0.283 
 173   (0.195) 0.196 0.397 0.122 0.338 0.106 0.106 0.065 0.194 
 177   (0.030) 0.028 0.000 0.305 0.001 0.004 0.004 0.000 0.057 
 183   (0.059) 0.059 0.001 0.004 0.002 0.132 0.001 0.019 0.092 
 187   (0.095) 0.103 0.001 0.022 0.069 0.059 0.003 0.002 0.025 
 189   (0.023) 0.020 0.000 0.001 0.099 0.002 0.001 0.000 0.025 
 191   (0.023) 0.020 0.000 0.002 0.001 0.021 0.005 0.026 0.001 
 163   (0.012) 0.012 0.000 0.001 0.000 0.001 0.000 0.000 0.001 
 165   (0.012) 0.012 0.000 0.001 0.000 0.001 0.000 0.000 0.001 
 193   (0.011) 0.011 0.000 0.001 0.000 0.001 0.000 0.000 0.001 
 169   (0.011) 0.010 0.000 0.001 0.000 0.001 0.000 0.000 0.007 

Locus 3 : 
7 alleles
2.5% missing data
 206   (0.821) 0.822 0.992 0.905 0.933 0.922 0.991 0.984 0.984 
 208   (0.067) 0.069 0.001 0.052 0.064 0.026 0.002 0.001 0.006 
 198   (0.012) 0.011 0.000 0.001 0.000 0.001 0.000 0.005 0.001 
 204   (0.050) 0.048 0.007 0.039 0.002 0.035 0.006 0.009 0.007 
 218   (0.019) 0.019 0.000 0.001 0.001 0.011 0.000 0.000 0.001 
 230   (0.012) 0.012 0.000 0.001 0.000 0.003 0.000 0.000 0.001 
 212   (0.018) 0.019 0.000 0.001 0.001 0.002 0.000 0.000 0.001 

Locus 4 : 
15 alleles
3.6% missing data
 165   (0.096) 0.096 0.003 0.355 0.122 0.031 0.003 0.624 0.008 
 173   (0.068) 0.077 0.001 0.004 0.002 0.015 0.002 0.320 0.004 
 163   (0.169) 0.170 0.001 0.108 0.104 0.295 0.005 0.006 0.301 
 167   (0.135) 0.136 0.001 0.011 0.192 0.082 0.542 0.014 0.161 
 161   (0.279) 0.270 0.981 0.501 0.525 0.407 0.441 0.010 0.456 
 153   (0.014) 0.012 0.000 0.001 0.011 0.001 0.000 0.000 0.001 
 171   (0.058) 0.065 0.001 0.003 0.002 0.039 0.002 0.003 0.006 
 179   (0.013) 0.013 0.000 0.001 0.001 0.002 0.000 0.000 0.001 
 157   (0.033) 0.030 0.000 0.002 0.035 0.035 0.001 0.001 0.002 
 149   (0.011) 0.010 0.000 0.001 0.000 0.009 0.000 0.000 0.001 
