

----------------------------------------------------
STRUCTURE by Pritchard, Stephens and Donnelly (2000)
     and Falush, Stephens and Pritchard (2003)
       Code by Pritchard, Falush and Hubisz
             Version 2.3.4 (Jul 2012)
----------------------------------------------------



Command line arguments:   bin\structure -m C:\Users\eschumacher\Documents\GitHub\GCC_QUAC_ZAIN\Data_Files\Structure_Files\ZAIN\ZAIN_og_allpop_STR\50-50\mainparams -e C:\Users\eschumacher\Documents\GitHub\GCC_QUAC_ZAIN\Data_Files\Structure_Files\ZAIN\ZAIN_og_allpop_STR\50-50\extraparams 
Input File:    C:\Users\eschumacher\Documents\GitHub\GCC_QUAC_ZAIN\Data_Files\Structure_Files\ZAIN\ZAIN_og_allpop_STR\project_data

Run parameters:
   1135 individuals
   11 loci
   6 populations assumed
   50000 Burn-in period
   50000 Reps


--------------------------------------------
Proportion of membership of each pre-defined
 population in each of the 6 clusters

Given    Inferred Clusters                            Number of
 Pop       1      2      3      4      5      6      Individuals

  1:     0.010  0.013  0.362  0.011  0.008  0.596      303
  2:     0.005  0.011  0.311  0.016  0.008  0.648       15
  3:     0.004  0.043  0.534  0.006  0.004  0.408        2
  4:     0.007  0.030  0.237  0.005  0.005  0.717        2
  5:     0.015  0.015  0.373  0.013  0.016  0.568        7
  6:     0.004  0.008  0.690  0.015  0.005  0.279       13
  7:     0.003  0.005  0.982  0.003  0.003  0.005       13
  8:     0.010  0.006  0.022  0.006  0.011  0.945        7
  9:     0.013  0.008  0.120  0.010  0.009  0.841       11
 10:     0.016  0.017  0.211  0.009  0.008  0.740        9
 11:     0.010  0.839  0.066  0.009  0.009  0.067       35
 12:     0.804  0.010  0.006  0.032  0.141  0.007       36
 13:     0.880  0.009  0.005  0.009  0.091  0.006       33
 14:     0.013  0.017  0.004  0.955  0.008  0.003       40
 15:     0.006  0.004  0.003  0.010  0.975  0.003       40
 16:     0.067  0.812  0.018  0.044  0.043  0.017       40
 17:     0.037  0.745  0.100  0.073  0.030  0.016       37
 18:     0.861  0.007  0.003  0.007  0.116  0.005       40
 19:     0.006  0.924  0.009  0.040  0.018  0.004       28
 20:     0.011  0.016  0.005  0.956  0.010  0.003       14
 21:     0.022  0.439  0.353  0.107  0.075  0.005       13
 22:     0.068  0.005  0.003  0.015  0.906  0.004       14
 23:     0.924  0.007  0.008  0.011  0.045  0.005       25
 24:     0.949  0.010  0.004  0.020  0.010  0.008       40
 25:     0.019  0.021  0.010  0.877  0.054  0.019       32
 26:     0.021  0.087  0.800  0.068  0.016  0.008       21
 27:     0.010  0.935  0.020  0.013  0.008  0.015        4
 28:     0.032  0.925  0.007  0.022  0.008  0.006       23
 29:     0.006  0.971  0.004  0.009  0.006  0.004       39
 30:     0.005  0.972  0.010  0.007  0.004  0.003       38
 31:     0.117  0.007  0.005  0.009  0.858  0.005       45
 32:     0.402  0.008  0.010  0.019  0.553  0.009       28
 33:     0.006  0.945  0.014  0.006  0.006  0.023        6
 34:     0.073  0.750  0.033  0.049  0.087  0.007       40
 35:     0.053  0.753  0.091  0.040  0.046  0.017       42
--------------------------------------------

Allele-freq. divergence among pops (Net nucleotide distance),
computed using point estimates of P.

      1       2       3       4       5       6      
 1      -    0.1785  0.3338  0.1483  0.0897  0.2792  
 2   0.1785     -    0.1521  0.1105  0.1612  0.2376  
 3   0.3338  0.1521     -    0.2829  0.3111  0.1550  
 4   0.1483  0.1105  0.2829     -    0.1176  0.2999  
 5   0.0897  0.1612  0.3111  0.1176     -    0.2926  
 6   0.2792  0.2376  0.1550  0.2999  0.2926     -    

Average distances (expected heterozygosity) between individuals in same cluster:
cluster  1  : 0.4393 
cluster  2  : 0.5481 
cluster  3  : 0.5397 
cluster  4  : 0.4366 
cluster  5  : 0.4117 
cluster  6  : 0.4830 

--------------------------------------------
Estimated Ln Prob of Data   = -24276.0
Mean value of ln likelihood = -23840.0
Variance of ln likelihood   = 872.1
Mean value of alpha         = 0.0345

Mean value of Fst_1         = 0.3914
Mean value of Fst_2         = 0.2279
Mean value of Fst_3         = 0.2464
Mean value of Fst_4         = 0.4835
Mean value of Fst_5         = 0.5363
Mean value of Fst_6         = 0.3152


Inferred ancestry of individuals:
        Label (%Miss) Pop:  Inferred clusters
  1 TMA-ZAIN-G-    (9)    1 :  0.005 0.208 0.541 0.004 0.003 0.239 
  2 TMA-ZAIN-G-    (0)    1 :  0.097 0.037 0.664 0.089 0.008 0.106 
  3 TMA-ZAIN-G-    (0)    1 :  0.005 0.003 0.004 0.003 0.004 0.982 
  4 TMA-ZAIN-G-    (0)    1 :  0.004 0.040 0.097 0.041 0.003 0.816 
  5 TMA-ZAIN-G-    (0)    1 :  0.010 0.045 0.922 0.008 0.004 0.011 
  6 TMA-ZAIN-G-    (0)    1 :  0.006 0.011 0.059 0.009 0.004 0.910 
  7 TMA-ZAIN-G-    (0)    1 :  0.005 0.006 0.009 0.005 0.005 0.970 
  8 TMA-ZAIN-G-    (0)    1 :  0.005 0.003 0.003 0.004 0.004 0.981 
  9 TMA-ZAIN-G-    (9)    1 :  0.044 0.029 0.008 0.016 0.028 0.874 
 10 TMA-ZAIN-G-    (0)    1 :  0.005 0.003 0.005 0.004 0.004 0.980 
 11 TMA-ZAIN-G-    (0)    1 :  0.006 0.005 0.006 0.008 0.030 0.945 
 12 TMA-ZAIN-G-    (0)    1 :  0.005 0.004 0.003 0.004 0.004 0.980 
 13 TMA-ZAIN-G-    (9)    1 :  0.005 0.008 0.038 0.004 0.008 0.937 
 14 TMA-ZAIN-G-    (9)    1 :  0.004 0.011 0.011 0.014 0.006 0.955 
 15 TMA-ZAIN-G-    (0)    1 :  0.003 0.006 0.005 0.012 0.005 0.969 
 16 TMA-ZAIN-G-    (0)    1 :  0.005 0.004 0.005 0.003 0.004 0.981 
 17 TMA-ZAIN-G-    (9)    1 :  0.003 0.005 0.007 0.004 0.003 0.978 
 18 TMA-ZAIN-G-    (0)    1 :  0.004 0.017 0.936 0.007 0.003 0.033 
 19 TMA-ZAIN-G-    (0)    1 :  0.003 0.015 0.823 0.003 0.005 0.152 
 20 TMA-ZAIN-G-    (0)    1 :  0.003 0.004 0.981 0.005 0.003 0.004 
 21 TMA-ZAIN-G-    (0)    1 :  0.005 0.003 0.981 0.004 0.003 0.005 
 22 TMA-ZAIN-G-    (0)    1 :  0.002 0.006 0.983 0.003 0.003 0.003 
 23 TMA-ZAIN-G-    (0)    1 :  0.003 0.006 0.977 0.003 0.004 0.008 
 24 TMA-ZAIN-G-    (9)    1 :  0.089 0.004 0.823 0.003 0.031 0.050 
 25 TMA-ZAIN-G-    (9)    1 :  0.040 0.033 0.849 0.002 0.002 0.074 
 26 TMA-ZAIN-G-    (9)    1 :  0.005 0.002 0.071 0.024 0.006 0.892 
 27 TMA-ZAIN-G-    (0)    1 :  0.008 0.017 0.836 0.085 0.007 0.046 
 28 TMA-ZAIN-G-    (0)    1 :  0.075 0.217 0.534 0.011 0.030 0.133 
 29 TMA-ZAIN-G-    (0)    1 :  0.030 0.006 0.225 0.004 0.004 0.731 
 30 TMA-ZAIN-G-    (0)    1 :  0.051 0.016 0.012 0.010 0.039 0.872 
 31 TMA-ZAIN-G-    (0)    1 :  0.006 0.010 0.956 0.013 0.004 0.011 
 32 TMA-ZAIN-G-    (9)    1 :  0.011 0.007 0.475 0.004 0.005 0.498 
 33 TMA-ZAIN-G-   (18)    1 :  0.004 0.003 0.004 0.003 0.004 0.982 
 34 TMA-ZAIN-G-    (0)    1 :  0.007 0.004 0.037 0.005 0.003 0.944 
 35 TMA-ZAIN-G-    (9)    1 :  0.004 0.004 0.004 0.004 0.004 0.980 
 36 TMA-ZAIN-G-    (0)    1 :  0.004 0.003 0.004 0.004 0.005 0.981 
 37 TMA-ZAIN-G-    (9)    1 :  0.005 0.005 0.009 0.007 0.003 0.970 
 38 TMA-ZAIN-G-   (18)    1 :  0.006 0.065 0.544 0.007 0.004 0.374 
 39 TMA-ZAIN-G-    (0)    1 :  0.008 0.003 0.006 0.004 0.003 0.976 
 40 TMA-ZAIN-G-    (0)    1 :  0.005 0.002 0.004 0.003 0.003 0.983 
 41 TMA-ZAIN-G-    (0)    1 :  0.005 0.003 0.004 0.003 0.005 0.979 
 42 TMA-ZAIN-G-    (9)    1 :  0.003 0.003 0.003 0.005 0.007 0.978 
 43 TMA-ZAIN-G-    (0)    1 :  0.004 0.007 0.006 0.019 0.006 0.958 
 44 TMA-ZAIN-G-    (0)    1 :  0.018 0.005 0.906 0.023 0.032 0.016 
 45 TMA-ZAIN-G-    (0)    1 :  0.006 0.006 0.008 0.007 0.004 0.969 
 46 TMA-ZAIN-G-    (0)    1 :  0.003 0.003 0.985 0.004 0.002 0.003 
 47 TMA-ZAIN-G-    (0)    1 :  0.003 0.007 0.059 0.042 0.004 0.885 
 48 TMA-ZAIN-G-    (0)    1 :  0.005 0.005 0.022 0.010 0.007 0.952 
 49 TMA-ZAIN-G-    (9)    1 :  0.015 0.026 0.880 0.004 0.004 0.072 
 50 TMA-ZAIN-G-    (0)    1 :  0.006 0.006 0.902 0.002 0.014 0.069 
 51 TMA-ZAIN-G-    (0)    1 :  0.011 0.013 0.608 0.230 0.121 0.017 
 52 TMA-ZAIN-G-    (0)    1 :  0.028 0.040 0.485 0.161 0.064 0.223 
 53 TMA-ZAIN-G-    (0)    1 :  0.004 0.009 0.789 0.095 0.059 0.044 
 54 TMA-ZAIN-G-    (0)    1 :  0.004 0.005 0.048 0.015 0.008 0.919 
 55 TMA-ZAIN-G-    (0)    1 :  0.003 0.005 0.067 0.014 0.011 0.901 
 56 TMA-ZAIN-G-    (0)    1 :  0.003 0.033 0.147 0.048 0.004 0.765 
 57 TMA-ZAIN-G-    (0)    1 :  0.004 0.007 0.113 0.014 0.004 0.859 
 58 TMA-ZAIN-G-    (0)    1 :  0.005 0.011 0.891 0.005 0.006 0.082 
 59 TMA-ZAIN-G-    (0)    1 :  0.038 0.006 0.756 0.008 0.020 0.173 
 60 TMA-ZAIN-G-    (0)    1 :  0.006 0.014 0.914 0.009 0.008 0.049 
 61 TMA-ZAIN-G-    (0)    1 :  0.007 0.008 0.964 0.006 0.004 0.011 
 62 TMA-ZAIN-G-    (9)    1 :  0.011 0.040 0.891 0.013 0.005 0.039 
 63 TMA-ZAIN-G-    (0)    1 :  0.005 0.043 0.907 0.017 0.005 0.022 
 64 TMA-ZAIN-G-    (0)    1 :  0.029 0.002 0.003 0.003 0.004 0.958 
 65 TMA-ZAIN-G-    (9)    1 :  0.005 0.003 0.003 0.004 0.003 0.982 
 66 TMA-ZAIN-G-    (0)    1 :  0.011 0.002 0.003 0.003 0.004 0.976 
 67 TMA-ZAIN-G-    (0)    1 :  0.013 0.005 0.011 0.003 0.003 0.965 
 68 TMA-ZAIN-G-    (0)    1 :  0.010 0.002 0.003 0.004 0.003 0.978 
 69 TMA-ZAIN-G-    (0)    1 :  0.024 0.010 0.020 0.008 0.005 0.934 
 70 TMA-ZAIN-G-    (0)    1 :  0.019 0.004 0.005 0.005 0.010 0.957 
 71 TMA-ZAIN-G-    (0)    1 :  0.032 0.003 0.004 0.009 0.018 0.934 
 72 TMA-ZAIN-G-    (0)    1 :  0.006 0.003 0.005 0.004 0.005 0.977 
 73 TMA-ZAIN-G-    (0)    1 :  0.012 0.003 0.037 0.017 0.007 0.924 
 74 TMA-ZAIN-G-    (0)    1 :  0.017 0.008 0.018 0.007 0.008 0.943 
 75 TMA-ZAIN-G-    (0)    1 :  0.015 0.005 0.005 0.020 0.022 0.934 
 76 TMA-ZAIN-G-    (0)    1 :  0.023 0.015 0.067 0.011 0.015 0.869 
 77 TMA-ZAIN-G-    (0)    1 :  0.006 0.003 0.007 0.004 0.005 0.977 
 78 TMA-ZAIN-G-    (0)    1 :  0.004 0.009 0.041 0.005 0.003 0.937 
 79 TMA-ZAIN-G-    (0)    1 :  0.004 0.004 0.022 0.004 0.004 0.962 
 80 TMA-ZAIN-G-    (0)    1 :  0.006 0.003 0.006 0.004 0.003 0.979 
 81 TMA-ZAIN-G-    (0)    1 :  0.007 0.004 0.010 0.008 0.008 0.963 
 82 TMA-ZAIN-G-    (0)    1 :  0.013 0.003 0.003 0.007 0.006 0.967 
 83 TMA-ZAIN-G-    (9)    1 :  0.008 0.004 0.036 0.009 0.004 0.939 
 84 TMA-ZAIN-G-    (0)    1 :  0.005 0.006 0.034 0.003 0.003 0.950 
 85 TMA-ZAIN-G-    (0)    1 :  0.003 0.008 0.939 0.007 0.003 0.041 
 86 TMA-ZAIN-G-    (0)    1 :  0.004 0.007 0.844 0.011 0.003 0.131 
 87 TMA-ZAIN-G-    (0)    1 :  0.002 0.006 0.972 0.005 0.003 0.012 
 88 TMA-ZAIN-G-    (0)    1 :  0.006 0.005 0.392 0.006 0.004 0.586 
 89 TMA-ZAIN-G-    (0)    1 :  0.005 0.010 0.347 0.016 0.007 0.615 
 90 TMA-ZAIN-G-    (0)    1 :  0.004 0.015 0.679 0.014 0.003 0.286 
 91 TMA-ZAIN-G-    (0)    1 :  0.004 0.005 0.549 0.017 0.005 0.420 
 92 TMA-ZAIN-G-    (0)    1 :  0.004 0.006 0.807 0.007 0.004 0.173 
 93 TMA-ZAIN-G-    (0)    1 :  0.005 0.005 0.619 0.028 0.009 0.333 
 94 TMA-ZAIN-G-    (0)    1 :  0.004 0.006 0.955 0.009 0.004 0.022 
 95 TMA-ZAIN-G-    (0)    1 :  0.126 0.049 0.724 0.007 0.076 0.018 
 96 TMA-ZAIN-G-    (0)    1 :  0.007 0.325 0.149 0.008 0.006 0.505 
 97 TMA-ZAIN-G-    (0)    1 :  0.014 0.034 0.929 0.007 0.008 0.008 
 98 TMA-ZAIN-G-    (0)    1 :  0.102 0.032 0.827 0.011 0.019 0.008 
 99 TMA-ZAIN-G-    (0)    1 :  0.169 0.011 0.688 0.004 0.016 0.112 
100 TMA-ZAIN-G-    (0)    1 :  0.004 0.009 0.952 0.025 0.004 0.006 
101 TMA-ZAIN-G-    (0)    1 :  0.023 0.016 0.878 0.006 0.006 0.070 
102 TMA-ZAIN-G-    (0)    1 :  0.009 0.008 0.923 0.003 0.012 0.045 
103 TMA-ZAIN-G-    (0)    1 :  0.005 0.024 0.929 0.003 0.003 0.035 
104 TMA-ZAIN-G-    (0)    1 :  0.016 0.162 0.797 0.006 0.009 0.008 
105 TMA-ZAIN-G-    (0)    1 :  0.006 0.032 0.886 0.004 0.004 0.068 
106 TMA-ZAIN-G-    (0)    1 :  0.005 0.003 0.003 0.003 0.006 0.980 
107 TMA-ZAIN-G-    (0)    1 :  0.016 0.003 0.004 0.004 0.004 0.969 
108 TMA-ZAIN-G-    (9)    1 :  0.006 0.014 0.423 0.028 0.004 0.525 
109 TMA-ZAIN-G-    (0)    1 :  0.005 0.083 0.136 0.005 0.004 0.767 
110 TMA-ZAIN-G-    (0)    1 :  0.006 0.011 0.177 0.003 0.004 0.799 
111 TMA-ZAIN-G-    (9)    1 :  0.013 0.014 0.794 0.010 0.004 0.165 
112 TMA-ZAIN-G-    (0)    1 :  0.007 0.007 0.385 0.004 0.006 0.591 
113 TMA-ZAIN-G-    (0)    1 :  0.067 0.015 0.783 0.008 0.007 0.120 
114 TMA-ZAIN-G-    (0)    1 :  0.009 0.019 0.958 0.004 0.004 0.007 
115 TMA-ZAIN-G-    (0)    1 :  0.014 0.090 0.860 0.009 0.005 0.023 
116 TMA-ZAIN-G-    (0)    1 :  0.006 0.003 0.003 0.004 0.003 0.981 
117 TMA-ZAIN-G-    (0)    1 :  0.004 0.003 0.004 0.004 0.004 0.980 
118 TMA-ZAIN-G-    (0)    1 :  0.005 0.003 0.003 0.003 0.003 0.982 
119 TMA-ZAIN-G-    (0)    1 :  0.006 0.006 0.008 0.004 0.002 0.974 
120 TMA-ZAIN-G-    (0)    1 :  0.004 0.004 0.004 0.004 0.004 0.980 
121 TMA-ZAIN-G-    (0)    1 :  0.006 0.003 0.003 0.004 0.004 0.980 
122 TMA-ZAIN-G-    (0)    1 :  0.006 0.005 0.009 0.006 0.004 0.970 
123 TMA-ZAIN-G-    (0)    1 :  0.004 0.071 0.903 0.005 0.004 0.014 
124 TMA-ZAIN-G-    (0)    1 :  0.004 0.004 0.004 0.003 0.007 0.979 
125 TMA-ZAIN-G-    (0)    1 :  0.003 0.002 0.003 0.006 0.005 0.981 
126 TMA-ZAIN-G-    (0)    1 :  0.003 0.003 0.004 0.003 0.007 0.980 
127 TMA-ZAIN-G-    (0)    1 :  0.003 0.003 0.003 0.003 0.007 0.981 
128 TMA-ZAIN-G-    (0)    1 :  0.004 0.003 0.003 0.003 0.005 0.982 
129 TMA-ZAIN-G-    (0)    1 :  0.005 0.003 0.004 0.003 0.009 0.977 
130 TMA-ZAIN-G-    (0)    1 :  0.003 0.003 0.004 0.005 0.006 0.980 
131 TMA-ZAIN-G-    (0)    1 :  0.003 0.004 0.004 0.003 0.006 0.980 
132 TMA-ZAIN-G-    (0)    1 :  0.004 0.003 0.003 0.005 0.005 0.981 
133 TMA-ZAIN-G-    (0)    1 :  0.004 0.003 0.006 0.004 0.005 0.978 
134 TMA-ZAIN-G-    (0)    1 :  0.003 0.003 0.005 0.005 0.005 0.979 
135 TMA-ZAIN-G-    (0)    1 :  0.006 0.003 0.004 0.003 0.004 0.979 
136 TMA-ZAIN-G-    (0)    1 :  0.008 0.003 0.004 0.005 0.003 0.976 
137 TMA-ZAIN-G-    (0)    1 :  0.006 0.003 0.005 0.003 0.003 0.980 
138 TMA-ZAIN-G-    (0)    1 :  0.005 0.003 0.003 0.003 0.006 0.980 
139 TMA-ZAIN-G-    (0)    1 :  0.005 0.003 0.004 0.005 0.005 0.979 
140 TMA-ZAIN-G-    (0)    1 :  0.005 0.003 0.005 0.003 0.004 0.981 
141 TMA-ZAIN-G-    (0)    1 :  0.005 0.004 0.004 0.003 0.005 0.980 
142 TMA-ZAIN-G-    (9)    1 :  0.005 0.003 0.003 0.003 0.004 0.981 
143 TMA-ZAIN-G-    (0)    1 :  0.005 0.003 0.003 0.003 0.005 0.981 
144 TMA-ZAIN-G-    (0)    1 :  0.004 0.003 0.006 0.006 0.004 0.976 
145 TMA-ZAIN-G-    (0)    1 :  0.006 0.002 0.002 0.004 0.003 0.982 
146 TMA-ZAIN-G-    (0)    1 :  0.009 0.003 0.004 0.005 0.009 0.970 
147 TMA-ZAIN-G-    (9)    1 :  0.006 0.003 0.004 0.003 0.004 0.980 
148 TMA-ZAIN-G-    (0)    1 :  0.006 0.003 0.003 0.010 0.018 0.960 
149 TMA-ZAIN-G-    (0)    1 :  0.005 0.004 0.007 0.004 0.006 0.974 
150 TMA-ZAIN-G-    (0)    1 :  0.011 0.004 0.006 0.006 0.011 0.963 
151 TMA-ZAIN-G-    (0)    1 :  0.005 0.003 0.003 0.004 0.003 0.982 
152 TMA-ZAIN-G-    (0)    1 :  0.006 0.004 0.003 0.005 0.003 0.980 
153 TMA-ZAIN-G-    (0)    1 :  0.005 0.003 0.003 0.003 0.005 0.981 
154 TMA-ZAIN-G-    (0)    1 :  0.004 0.003 0.003 0.003 0.003 0.984 
155 TMA-ZAIN-G-    (0)    1 :  0.007 0.003 0.003 0.002 0.003 0.981 
156 TMA-ZAIN-G-    (9)    1 :  0.004 0.005 0.004 0.007 0.005 0.975 
157 TMA-ZAIN-G-    (0)    1 :  0.005 0.005 0.004 0.004 0.004 0.979 
158 TMA-ZAIN-G-    (0)    1 :  0.007 0.004 0.004 0.005 0.006 0.974 
159 TMA-ZAIN-G-    (0)    1 :  0.012 0.003 0.003 0.005 0.007 0.970 
160 TMA-ZAIN-G-    (0)    1 :  0.009 0.003 0.003 0.003 0.003 0.979 
161 TMA-ZAIN-G-    (0)    1 :  0.004 0.003 0.003 0.004 0.005 0.981 
162 TMA-ZAIN-G-    (0)    1 :  0.007 0.003 0.005 0.003 0.004 0.978 
163 TMA-ZAIN-G-    (0)    1 :  0.005 0.003 0.003 0.003 0.003 0.983 
164 TMA-ZAIN-G-    (0)    1 :  0.005 0.004 0.004 0.004 0.003 0.979 
165 TMA-ZAIN-G-    (0)    1 :  0.007 0.003 0.003 0.003 0.003 0.981 
166 TMA-ZAIN-G-    (0)    1 :  0.006 0.002 0.003 0.003 0.004 0.982 
167 TMA-ZAIN-G-    (0)    1 :  0.005 0.004 0.006 0.003 0.004 0.977 
168 TMA-ZAIN-G-    (0)    1 :  0.008 0.005 0.004 0.007 0.004 0.973 
169 TMA-ZAIN-G-    (0)    1 :  0.014 0.003 0.003 0.003 0.003 0.973 
170 TMA-ZAIN-G-    (0)    1 :  0.006 0.008 0.014 0.003 0.004 0.964 
171 TMA-ZAIN-G-    (0)    1 :  0.010 0.003 0.004 0.003 0.004 0.977 
172 TMA-ZAIN-G-    (0)    1 :  0.004 0.005 0.006 0.004 0.005 0.976 
173 TMA-ZAIN-G-    (0)    1 :  0.004 0.005 0.005 0.005 0.005 0.976 
174 TMA-ZAIN-G-    (0)    1 :  0.007 0.002 0.003 0.003 0.004 0.981 
175 TMA-ZAIN-G-    (0)    1 :  0.011 0.003 0.004 0.007 0.010 0.965 
176 TMA-ZAIN-G-    (0)    1 :  0.010 0.003 0.004 0.006 0.011 0.966 
177 TMA-ZAIN-G-    (0)    1 :  0.017 0.005 0.004 0.023 0.034 0.917 
178 TMA-ZAIN-G-    (0)    1 :  0.006 0.008 0.007 0.008 0.005 0.966 
179 TMA-ZAIN-G-    (0)    1 :  0.010 0.004 0.004 0.010 0.010 0.963 
180 TMA-ZAIN-G-    (0)    1 :  0.004 0.003 0.005 0.004 0.005 0.979 
181 TMA-ZAIN-G-    (0)    1 :  0.005 0.004 0.004 0.004 0.011 0.973 
182 TMA-ZAIN-G-    (0)    1 :  0.003 0.005 0.005 0.006 0.011 0.970 
183 TMA-ZAIN-G-    (0)    1 :  0.004 0.004 0.004 0.004 0.007 0.977 
184 TMA-ZAIN-G-    (0)    1 :  0.006 0.004 0.008 0.003 0.010 0.969 
185 TMA-ZAIN-G-    (0)    1 :  0.006 0.004 0.012 0.004 0.008 0.966 
186 TMA-ZAIN-G-    (9)    1 :  0.005 0.004 0.008 0.003 0.007 0.973 
187 TMA-ZAIN-G-    (0)    1 :  0.007 0.005 0.006 0.003 0.007 0.971 
188 TMA-ZAIN-G-    (0)    1 :  0.006 0.002 0.003 0.002 0.006 0.980 
189 TMA-ZAIN-G-    (0)    1 :  0.006 0.002 0.003 0.002 0.008 0.979 
190 TMA-ZAIN-G-    (0)    1 :  0.007 0.007 0.005 0.019 0.010 0.953 
191 TMA-ZAIN-G-    (0)    1 :  0.007 0.003 0.008 0.002 0.021 0.959 
192 TMA-ZAIN-G-    (0)    1 :  0.005 0.004 0.006 0.003 0.008 0.975 
193 TMA-ZAIN-G-    (0)    1 :  0.003 0.007 0.005 0.028 0.013 0.943 
194 TMA-ZAIN-G-    (0)    1 :  0.003 0.006 0.006 0.035 0.007 0.943 
195 TMA-ZAIN-G-    (0)    1 :  0.005 0.008 0.004 0.047 0.032 0.903 
196 TMA-ZAIN-G-    (0)    1 :  0.004 0.006 0.005 0.012 0.010 0.963 
197 TMA-ZAIN-G-    (0)    1 :  0.003 0.004 0.004 0.011 0.007 0.970 
198 TMA-ZAIN-G-    (0)    1 :  0.004 0.006 0.005 0.012 0.008 0.966 
199 TMA-ZAIN-G-    (0)    1 :  0.004 0.003 0.006 0.004 0.007 0.977 
200 TMA-ZAIN-G-    (0)    1 :  0.002 0.007 0.978 0.007 0.003 0.003 
201 TMA-ZAIN-G-    (0)    1 :  0.003 0.003 0.984 0.003 0.003 0.005 
202 TMA-ZAIN-G-    (0)    1 :  0.003 0.006 0.979 0.004 0.003 0.005 
203 TMA-ZAIN-G-    (0)    1 :  0.003 0.012 0.006 0.014 0.009 0.957 
204 TMA-ZAIN-G-    (9)    1 :  0.011 0.009 0.904 0.010 0.060 0.006 
205 TMA-ZAIN-G-    (0)    1 :  0.004 0.003 0.912 0.005 0.004 0.072 
206 TMA-ZAIN-G-    (9)    1 :  0.005 0.007 0.961 0.010 0.005 0.012 
207 TMA-ZAIN-G-    (9)    1 :  0.005 0.006 0.008 0.012 0.003 0.966 
208 TMA-ZAIN-G-    (0)    1 :  0.006 0.002 0.003 0.003 0.003 0.983 
209 TMA-ZAIN-G-    (0)    1 :  0.004 0.002 0.003 0.006 0.006 0.979 
210 TMA-ZAIN-G-    (0)    1 :  0.004 0.004 0.004 0.008 0.005 0.975 
211 TMA-ZAIN-G-    (0)    1 :  0.003 0.006 0.011 0.003 0.005 0.971 
212 TMA-ZAIN-G-    (0)    1 :  0.005 0.004 0.005 0.006 0.004 0.976 
213 TMA-ZAIN-G-    (0)    1 :  0.004 0.003 0.005 0.003 0.007 0.978 
214 TMA-ZAIN-G-    (0)    1 :  0.004 0.003 0.004 0.003 0.004 0.982 
215 TMA-ZAIN-G-    (0)    1 :  0.004 0.017 0.124 0.002 0.003 0.850 
216 TMA-ZAIN-G-    (0)    1 :  0.003 0.003 0.006 0.003 0.005 0.979 
217 TMA-ZAIN-G-    (0)    1 :  0.005 0.003 0.003 0.003 0.005 0.981 
218 TMA-ZAIN-G-    (0)    1 :  0.061 0.018 0.845 0.008 0.019 0.049 
219 TMA-ZAIN-G-    (0)    1 :  0.017 0.012 0.934 0.011 0.013 0.013 
220 TMA-ZAIN-G-    (0)    1 :  0.015 0.332 0.532 0.006 0.004 0.111 
221 TMA-ZAIN-G-    (0)    1 :  0.051 0.009 0.883 0.007 0.032 0.017 
222 TMA-ZAIN-G-    (0)    1 :  0.004 0.005 0.952 0.004 0.004 0.030 
223 TMA-ZAIN-G-    (0)    1 :  0.002 0.010 0.976 0.003 0.002 0.006 
224 TMA-ZAIN-G-    (0)    1 :  0.003 0.007 0.901 0.003 0.005 0.081 
225 TMA-ZAIN-G-    (0)    1 :  0.003 0.014 0.970 0.004 0.003 0.006 
226 TMA-ZAIN-G-    (0)    1 :  0.003 0.007 0.970 0.004 0.003 0.014 
227 TMA-ZAIN-G-    (0)    1 :  0.004 0.012 0.965 0.004 0.004 0.012 
228 TMA-ZAIN-G-    (0)    1 :  0.011 0.033 0.853 0.016 0.016 0.070 
229 TMA-ZAIN-G-    (0)    1 :  0.009 0.007 0.971 0.003 0.002 0.008 
230 TMA-ZAIN-G-    (0)    1 :  0.008 0.063 0.460 0.026 0.025 0.419 
231 TMA-ZAIN-G-    (0)    1 :  0.004 0.006 0.961 0.003 0.004 0.022 
232 TMA-ZAIN-G-    (9)    1 :  0.005 0.005 0.970 0.003 0.004 0.013 
233 TMA-ZAIN-G-    (0)    1 :  0.008 0.015 0.844 0.005 0.004 0.123 
234 TMA-ZAIN-G-    (0)    1 :  0.006 0.009 0.959 0.012 0.004 0.010 
235 TMA-ZAIN-G-    (0)    1 :  0.012 0.022 0.914 0.015 0.006 0.031 
236 TMA-ZAIN-G-    (0)    1 :  0.003 0.009 0.967 0.004 0.003 0.014 
237 TMA-ZAIN-G-    (0)    1 :  0.007 0.006 0.829 0.005 0.005 0.147 
238 TMA-ZAIN-G-    (0)    1 :  0.005 0.004 0.970 0.002 0.004 0.015 
239 TMA-ZAIN-G-    (0)    1 :  0.008 0.003 0.829 0.051 0.036 0.074 
240 TMA-ZAIN-G-    (0)    1 :  0.003 0.003 0.985 0.003 0.003 0.003 
241 TMA-ZAIN-G-    (0)    1 :  0.005 0.003 0.979 0.003 0.003 0.006 
242 TMA-ZAIN-G-    (0)    1 :  0.005 0.003 0.981 0.003 0.003 0.005 
243 TMA-ZAIN-G-    (0)    1 :  0.007 0.003 0.975 0.004 0.004 0.008 
244 TMA-ZAIN-G-    (0)    1 :  0.009 0.003 0.971 0.003 0.004 0.011 
245 TMA-ZAIN-G-    (9)    1 :  0.003 0.003 0.985 0.003 0.003 0.004 
246 TMA-ZAIN-G-    (0)    1 :  0.003 0.003 0.985 0.003 0.003 0.003 
247 TMA-ZAIN-G-    (0)    1 :  0.004 0.003 0.982 0.004 0.003 0.005 
248 TMA-ZAIN-G-    (0)    1 :  0.004 0.004 0.978 0.005 0.003 0.006 
249 TMA-ZAIN-G-    (0)    1 :  0.003 0.004 0.983 0.005 0.002 0.004 
250 TMA-ZAIN-G-    (0)    1 :  0.003 0.003 0.983 0.003 0.003 0.004 
251 TMA-ZAIN-G-    (0)    1 :  0.003 0.016 0.037 0.040 0.004 0.900 
252 TMA-ZAIN-G-    (0)    1 :  0.007 0.004 0.013 0.057 0.009 0.911 
253 TMA-ZAIN-G-    (0)    1 :  0.004 0.004 0.035 0.018 0.005 0.934 
254 TMA-ZAIN-G-    (9)    1 :  0.005 0.005 0.013 0.005 0.003 0.970 
255 TMA-ZAIN-G-    (0)    1 :  0.005 0.021 0.207 0.039 0.005 0.723 
256 TMA-ZAIN-G-    (0)    1 :  0.003 0.004 0.084 0.020 0.010 0.879 
257 TMA-ZAIN-G-    (0)    1 :  0.003 0.005 0.039 0.040 0.006 0.907 
258 TMA-ZAIN-G-    (0)    1 :  0.003 0.004 0.025 0.033 0.003 0.931 
259 TMA-ZAIN-G-    (0)    1 :  0.004 0.006 0.268 0.154 0.006 0.563 
260 TMA-ZAIN-G-    (0)    1 :  0.006 0.006 0.172 0.094 0.005 0.717 
261 TMA-ZAIN-G-   (18)    1 :  0.004 0.014 0.010 0.051 0.004 0.917 
262 TMA-ZAIN-G-    (0)    1 :  0.003 0.007 0.033 0.043 0.005 0.910 
263 TMA-ZAIN-G-    (0)    1 :  0.003 0.009 0.126 0.064 0.006 0.792 
264 TMA-ZAIN-G-    (0)    1 :  0.005 0.010 0.078 0.029 0.005 0.874 
265 TMA-ZAIN-G-    (0)    1 :  0.009 0.004 0.575 0.028 0.014 0.371 
266 TMA-ZAIN-G-    (0)    1 :  0.004 0.005 0.017 0.010 0.005 0.959 
267 TMA-ZAIN-G-    (0)    1 :  0.007 0.006 0.933 0.013 0.005 0.035 
268 TMA-ZAIN-G-    (0)    1 :  0.003 0.013 0.974 0.003 0.003 0.005 
269 TMA-ZAIN-G-    (0)    1 :  0.002 0.007 0.977 0.004 0.003 0.007 
270 TMA-ZAIN-G-    (0)    1 :  0.002 0.006 0.978 0.004 0.003 0.007 
271 TMA-ZAIN-G-    (0)    1 :  0.003 0.008 0.978 0.003 0.002 0.005 
272 TMA-ZAIN-G-    (0)    1 :  0.002 0.005 0.983 0.003 0.002 0.005 
273 TMA-ZAIN-G-    (0)    1 :  0.002 0.004 0.986 0.002 0.002 0.003 
274 TMA-ZAIN-G-    (0)    1 :  0.005 0.006 0.969 0.003 0.008 0.009 
275 TMA-ZAIN-G-    (0)    1 :  0.002 0.005 0.985 0.002 0.002 0.004 
276 TMA-ZAIN-G-    (0)    1 :  0.003 0.004 0.985 0.002 0.002 0.004 
277 TMA-ZAIN-G-    (0)    1 :  0.004 0.004 0.980 0.003 0.003 0.005 
278 TMA-ZAIN-G-    (0)    1 :  0.002 0.003 0.986 0.003 0.002 0.004 
279 TMA-ZAIN-G-    (0)    1 :  0.003 0.005 0.982 0.002 0.003 0.005 
280 TMA-ZAIN-G-    (0)    1 :  0.003 0.006 0.980 0.002 0.004 0.005 
281 TMA-ZAIN-G-    (0)    1 :  0.002 0.005 0.982 0.003 0.003 0.004 
282 TMA-ZAIN-G-    (9)    1 :  0.003 0.005 0.984 0.003 0.003 0.003 
283 TMA-ZAIN-G-    (0)    1 :  0.003 0.005 0.979 0.004 0.003 0.007 
284 TMA-ZAIN-G-    (0)    1 :  0.003 0.009 0.969 0.005 0.004 0.010 
285 TMA-ZAIN-G-    (0)    1 :  0.004 0.004 0.977 0.003 0.005 0.007 
286 TMA-ZAIN-G-    (0)    1 :  0.003 0.006 0.981 0.004 0.003 0.004 
287 TMA-ZAIN-G-    (0)    1 :  0.005 0.005 0.976 0.003 0.006 0.005 
288 TMA-ZAIN-G-    (0)    1 :  0.006 0.009 0.953 0.003 0.011 0.018 
289 TMA-ZAIN-G-    (0)    1 :  0.005 0.005 0.974 0.003 0.006 0.007 
290 TMA-ZAIN-G-    (0)    1 :  0.004 0.013 0.965 0.003 0.006 0.009 
291 TMA-ZAIN-G-    (0)    1 :  0.065 0.086 0.784 0.011 0.041 0.014 
292 TMA-ZAIN-G-    (0)    1 :  0.004 0.007 0.013 0.003 0.004 0.968 
293 TMA-ZAIN-G-    (0)    1 :  0.003 0.003 0.007 0.004 0.003 0.979 
294 TMA-ZAIN-G-    (0)    1 :  0.012 0.003 0.005 0.011 0.009 0.960 
295 TMA-ZAIN-G-    (9)    1 :  0.011 0.005 0.009 0.011 0.010 0.954 
296 TMA-ZAIN-G-    (0)    1 :  0.004 0.006 0.008 0.004 0.005 0.973 
297 TMA-ZAIN-G-    (0)    1 :  0.004 0.004 0.006 0.003 0.004 0.979 
298 TMA-ZAIN-G-    (0)    1 :  0.005 0.006 0.008 0.008 0.003 0.970 
299 TMA-ZAIN-G-    (0)    1 :  0.008 0.004 0.008 0.002 0.003 0.974 
300 TMA-ZAIN-G-    (0)    1 :  0.015 0.004 0.006 0.009 0.015 0.951 
301 TMA-ZAIN-G-    (0)    1 :  0.006 0.003 0.006 0.004 0.005 0.976 
302 TMA-ZAIN-G-    (9)    1 :  0.005 0.003 0.004 0.003 0.004 0.980 
303 TMA-ZAIN-G-    (0)    1 :  0.007 0.011 0.699 0.055 0.207 0.021 
304 TMA-ZAIN-G-    (0)    2 :  0.006 0.005 0.022 0.006 0.005 0.956 
305 TMA-ZAIN-G-    (0)    2 :  0.005 0.003 0.005 0.004 0.004 0.979 
306 TMA-ZAIN-G-    (0)    2 :  0.005 0.004 0.123 0.007 0.006 0.855 
307 TMA-ZAIN-G-    (0)    2 :  0.008 0.004 0.018 0.005 0.005 0.959 
308 TMA-ZAIN-G-    (0)    2 :  0.003 0.006 0.610 0.179 0.051 0.151 
309 TMA-ZAIN-G-    (0)    2 :  0.004 0.003 0.004 0.002 0.010 0.977 
310 TMA-ZAIN-G-    (0)    2 :  0.006 0.004 0.009 0.004 0.004 0.973 
311 TMA-ZAIN-G-    (0)    2 :  0.004 0.007 0.006 0.005 0.004 0.974 
312 TMA-ZAIN-G-    (0)    2 :  0.004 0.007 0.008 0.006 0.004 0.972 
313 TMA-ZAIN-G-    (0)    2 :  0.006 0.004 0.008 0.011 0.007 0.964 
314 TMA-ZAIN-G-    (0)    2 :  0.005 0.062 0.911 0.005 0.006 0.011 
315 TMA-ZAIN-G-    (0)    2 :  0.006 0.005 0.499 0.003 0.003 0.483 
316 TMA-ZAIN-G-    (0)    2 :  0.007 0.007 0.552 0.003 0.003 0.427 
317 TMA-ZAIN-G-    (0)    2 :  0.006 0.033 0.916 0.003 0.003 0.039 
318 TMA-ZAIN-G-    (9)    2 :  0.004 0.005 0.977 0.004 0.003 0.006 
319 TMA-ZAIN-G-    (0)    3 :  0.003 0.080 0.706 0.010 0.005 0.197 
320 TMA-ZAIN-G-    (0)    3 :  0.004 0.006 0.363 0.003 0.004 0.619 
321 TMA-ZAIN-G-    (0)    4 :  0.009 0.036 0.205 0.004 0.007 0.739 
322 TMA-ZAIN-G-    (0)    4 :  0.005 0.023 0.268 0.005 0.004 0.694 
323 TMA-ZAIN-G-    (0)    5 :  0.005 0.005 0.753 0.008 0.017 0.212 
324 TMA-ZAIN-G-    (0)    5 :  0.005 0.007 0.006 0.009 0.003 0.970 
325 TMA-ZAIN-G-    (0)    5 :  0.061 0.021 0.864 0.010 0.026 0.017 
326 TMA-ZAIN-G-    (0)    5 :  0.013 0.057 0.311 0.039 0.042 0.539 
327 TMA-ZAIN-G-    (0)    5 :  0.003 0.004 0.004 0.014 0.007 0.967 
328 TMA-ZAIN-G-    (0)    5 :  0.013 0.007 0.670 0.007 0.011 0.292 
329 TMA-ZAIN-G-    (0)    5 :  0.004 0.003 0.005 0.004 0.005 0.978 
330 TMA-ZAIN-G-    (0)    6 :  0.004 0.003 0.003 0.005 0.004 0.981 
331 TMA-ZAIN-G-    (0)    6 :  0.019 0.034 0.119 0.133 0.025 0.671 
332 TMA-ZAIN-G-    (0)    6 :  0.004 0.004 0.003 0.007 0.005 0.977 
333 TMA-ZAIN-G-    (0)    6 :  0.003 0.006 0.005 0.024 0.010 0.953 
334 TMA-ZAIN-G-    (0)    6 :  0.002 0.005 0.982 0.004 0.003 0.004 
335 TMA-ZAIN-G-    (0)    6 :  0.002 0.004 0.986 0.002 0.002 0.004 
336 TMA-ZAIN-G-    (0)    6 :  0.003 0.005 0.979 0.003 0.003 0.007 
337 TMA-ZAIN-G-    (9)    6 :  0.003 0.006 0.978 0.004 0.003 0.006 
338 TMA-ZAIN-G-    (0)    6 :  0.002 0.008 0.981 0.003 0.002 0.003 
339 TMA-ZAIN-G-    (0)    6 :  0.002 0.008 0.983 0.003 0.002 0.002 
340 TMA-ZAIN-G-    (0)    6 :  0.002 0.005 0.986 0.002 0.002 0.004 
341 TMA-ZAIN-G-    (0)    6 :  0.002 0.005 0.983 0.002 0.003 0.005 
342 TMA-ZAIN-G-    (0)    6 :  0.002 0.005 0.984 0.003 0.002 0.004 
343 TMA-ZAIN-G-    (0)    7 :  0.002 0.006 0.983 0.002 0.002 0.003 
344 TMA-ZAIN-G-    (0)    7 :  0.002 0.004 0.982 0.003 0.003 0.005 
345 TMA-ZAIN-G-    (0)    7 :  0.002 0.004 0.986 0.002 0.002 0.003 
346 TMA-ZAIN-G-    (0)    7 :  0.002 0.005 0.986 0.002 0.002 0.004 
347 TMA-ZAIN-G-    (9)    7 :  0.002 0.004 0.985 0.002 0.002 0.004 
348 TMA-ZAIN-G-    (0)    7 :  0.003 0.006 0.979 0.004 0.003 0.006 
349 TMA-ZAIN-G-    (0)    7 :  0.003 0.004 0.983 0.003 0.003 0.004 
350 TMA-ZAIN-G-    (0)    7 :  0.003 0.005 0.979 0.003 0.003 0.007 
351 TMA-ZAIN-G-    (0)    7 :  0.003 0.004 0.983 0.003 0.003 0.004 
352 TMA-ZAIN-G-    (0)    7 :  0.003 0.005 0.980 0.003 0.002 0.007 
353 TMA-ZAIN-G-    (0)    7 :  0.003 0.006 0.978 0.003 0.004 0.007 
354 TMA-ZAIN-G-    (0)    7 :  0.002 0.006 0.982 0.002 0.003 0.005 
355 TMA-ZAIN-G-    (0)    7 :  0.003 0.007 0.974 0.002 0.004 0.010 
356 TMA-ZAIN-G-    (0)    8 :  0.007 0.002 0.006 0.003 0.002 0.980 
357 TMA-ZAIN-G-    (0)    8 :  0.005 0.004 0.004 0.003 0.005 0.980 
358 TMA-ZAIN-G-    (0)    8 :  0.011 0.005 0.009 0.006 0.020 0.949 
359 TMA-ZAIN-G-    (0)    8 :  0.005 0.007 0.112 0.004 0.002 0.870 
360 TMA-ZAIN-G-    (0)    8 :  0.007 0.003 0.004 0.003 0.003 0.981 
361 TMA-ZAIN-G-    (0)    8 :  0.032 0.021 0.004 0.018 0.042 0.883 
362 TMA-ZAIN-G-    (0)    8 :  0.005 0.004 0.013 0.003 0.003 0.973 
363 TMA-ZAIN-G-    (0)    9 :  0.004 0.005 0.012 0.004 0.004 0.971 
364 TMA-ZAIN-G-    (0)    9 :  0.004 0.014 0.953 0.003 0.003 0.023 
365 TMA-ZAIN-G-    (0)    9 :  0.009 0.007 0.309 0.003 0.004 0.668 
366 TMA-ZAIN-G-    (0)    9 :  0.023 0.005 0.007 0.030 0.008 0.927 
367 TMA-ZAIN-G-    (0)    9 :  0.004 0.011 0.007 0.011 0.004 0.963 
368 TMA-ZAIN-G-    (0)    9 :  0.019 0.003 0.005 0.015 0.011 0.946 
369 TMA-ZAIN-G-    (0)    9 :  0.004 0.002 0.003 0.003 0.006 0.981 
370 TMA-ZAIN-G-    (0)    9 :  0.049 0.021 0.006 0.023 0.044 0.857 
371 TMA-ZAIN-G-    (0)    9 :  0.008 0.003 0.005 0.003 0.004 0.977 
372 TMA-ZAIN-G-    (0)    9 :  0.012 0.003 0.004 0.004 0.005 0.972 
373 TMA-ZAIN-G-    (0)    9 :  0.003 0.007 0.006 0.010 0.008 0.965 
374 TMA-ZAIN-G-    (0)   10 :  0.004 0.059 0.087 0.005 0.006 0.839 
375 TMA-ZAIN-G-    (0)   10 :  0.004 0.008 0.383 0.003 0.007 0.595 
376 TMA-ZAIN-G-    (9)   10 :  0.006 0.003 0.004 0.002 0.004 0.981 
377 TMA-ZAIN-G-    (0)   10 :  0.007 0.002 0.003 0.003 0.004 0.981 
378 TMA-ZAIN-G-    (0)   10 :  0.008 0.003 0.003 0.002 0.004 0.981 
379 TMA-ZAIN-G-    (0)   10 :  0.005 0.003 0.003 0.003 0.003 0.983 
380 TMA-ZAIN-G-    (0)   10 :  0.013 0.003 0.004 0.008 0.007 0.965 
381 TMA-ZAIN-G-    (9)   10 :  0.088 0.041 0.478 0.042 0.028 0.322 
382 TMA-ZAIN-G-    (9)   10 :  0.007 0.031 0.931 0.008 0.012 0.010 
383    ZFB01    (0)   11 :  0.006 0.756 0.024 0.006 0.005 0.204 
384    ZFB02    (0)   11 :  0.004 0.950 0.015 0.011 0.003 0.016 
385    ZFB03    (0)   11 :  0.005 0.944 0.015 0.006 0.010 0.019 
386    ZFB04    (0)   11 :  0.006 0.940 0.019 0.009 0.004 0.021 
387    ZFB05    (0)   11 :  0.003 0.883 0.076 0.016 0.004 0.017 
388    ZFB06    (0)   11 :  0.003 0.925 0.045 0.006 0.005 0.016 
389    ZFB07    (9)   11 :  0.012 0.954 0.009 0.007 0.011 0.007 
390    ZFB08    (0)   11 :  0.005 0.959 0.012 0.007 0.006 0.011 
391    ZFB09    (0)   11 :  0.004 0.946 0.017 0.005 0.004 0.025 
392    ZFB10    (0)   11 :  0.021 0.819 0.040 0.016 0.007 0.098 
393    ZFB11    (0)   11 :  0.008 0.556 0.065 0.011 0.004 0.355 
394    ZFB12    (0)   11 :  0.006 0.848 0.026 0.004 0.008 0.108 
395    ZFB13    (0)   11 :  0.008 0.966 0.010 0.005 0.006 0.005 
396    ZFB14    (0)   11 :  0.008 0.946 0.014 0.007 0.006 0.018 
397    ZFB15    (0)   11 :  0.003 0.913 0.046 0.004 0.003 0.031 
398    ZFB16    (0)   11 :  0.005 0.933 0.038 0.004 0.004 0.015 
399    ZFB17    (0)   11 :  0.005 0.919 0.035 0.009 0.004 0.028 
400    ZFB18    (0)   11 :  0.006 0.908 0.016 0.007 0.004 0.059 
401    ZFB19    (0)   11 :  0.032 0.926 0.012 0.005 0.014 0.012 
402    ZFB20    (0)   11 :  0.005 0.883 0.075 0.004 0.004 0.028 
403    ZFB21    (0)   11 :  0.003 0.924 0.048 0.005 0.004 0.016 
404    ZFB22    (0)   11 :  0.006 0.828 0.062 0.005 0.004 0.095 
405    ZFB23    (0)   11 :  0.011 0.837 0.040 0.007 0.010 0.095 
406    ZFB24    (0)   11 :  0.006 0.670 0.032 0.007 0.004 0.281 
407    ZFB25    (0)   11 :  0.044 0.707 0.084 0.019 0.013 0.133 
408    ZFB26    (0)   11 :  0.026 0.754 0.072 0.021 0.009 0.117 
409    ZFB27    (0)   11 :  0.008 0.425 0.380 0.018 0.005 0.164 
410    ZFB28    (0)   11 :  0.016 0.197 0.663 0.017 0.095 0.012 
411    ZFB29    (0)   11 :  0.005 0.849 0.039 0.013 0.003 0.092 
412    ZFB30    (0)   11 :  0.008 0.788 0.107 0.005 0.007 0.085 
413    ZFB31    (0)   11 :  0.034 0.909 0.023 0.007 0.012 0.015 
414    ZFB32    (0)   11 :  0.010 0.838 0.074 0.023 0.021 0.034 
415    ZFB33    (0)   11 :  0.005 0.874 0.050 0.005 0.004 0.063 
416    ZFB34    (0)   11 :  0.005 0.966 0.006 0.007 0.004 0.012 
417    ZFB35    (0)   11 :  0.009 0.938 0.012 0.010 0.006 0.024 
418  ZFBP101    (0)   12 :  0.682 0.018 0.010 0.136 0.146 0.008 
419  ZFBP102    (0)   12 :  0.878 0.024 0.014 0.030 0.044 0.010 
420  ZFBP103    (0)   12 :  0.211 0.012 0.005 0.248 0.514 0.009 
421  ZFBP104    (0)   12 :  0.536 0.063 0.029 0.005 0.364 0.004 
422  ZFBP105    (0)   12 :  0.738 0.010 0.012 0.007 0.228 0.005 
423  ZFBP106    (0)   12 :  0.826 0.004 0.003 0.009 0.154 0.004 
424  ZFBP107    (0)   12 :  0.487 0.013 0.022 0.014 0.456 0.008 
425  ZFBP108    (0)   12 :  0.973 0.004 0.003 0.004 0.012 0.005 
426  ZFBP109    (0)   12 :  0.959 0.005 0.003 0.005 0.014 0.015 
427  ZFBP110    (0)   12 :  0.189 0.052 0.014 0.072 0.645 0.029 
428  ZFBP111    (0)   12 :  0.965 0.003 0.002 0.005 0.020 0.004 
429  ZFBP112    (0)   12 :  0.966 0.005 0.005 0.008 0.010 0.005 
430  ZFBP113    (0)   12 :  0.971 0.005 0.004 0.004 0.011 0.005 
431  ZFBP114    (0)   12 :  0.956 0.005 0.005 0.010 0.018 0.006 
432  ZFBP115    (0)   12 :  0.338 0.004 0.003 0.010 0.640 0.005 
433  ZFBP116    (0)   12 :  0.961 0.004 0.003 0.005 0.022 0.004 
434  ZFBP117    (0)   12 :  0.965 0.004 0.003 0.009 0.015 0.005 
435  ZFBP118    (0)   12 :  0.966 0.005 0.005 0.007 0.011 0.006 
436  ZFBP119    (0)   12 :  0.682 0.005 0.003 0.037 0.267 0.006 
437  ZFBP120    (0)   12 :  0.750 0.010 0.008 0.005 0.222 0.006 
438  ZFBP121    (0)   12 :  0.928 0.006 0.005 0.010 0.044 0.006 
439  ZFBP122    (9)   12 :  0.961 0.004 0.003 0.005 0.022 0.005 
440  ZFBP123    (0)   12 :  0.964 0.005 0.004 0.012 0.011 0.004 
441  ZFBP124    (0)   12 :  0.964 0.006 0.004 0.006 0.014 0.005 
442  ZFBP125    (0)   12 :  0.970 0.003 0.002 0.006 0.014 0.004 
443  ZFBP126    (0)   12 :  0.899 0.026 0.009 0.046 0.010 0.010 
444  ZFBP127    (0)   12 :  0.560 0.004 0.003 0.023 0.380 0.030 
445  ZFBP128    (0)   12 :  0.971 0.004 0.003 0.007 0.011 0.005 
446  ZFBP129    (0)   12 :  0.970 0.005 0.003 0.009 0.008 0.005 
447  ZFBP130    (0)   12 :  0.972 0.003 0.003 0.009 0.010 0.004 
448  ZFBP131    (0)   12 :  0.977 0.005 0.003 0.004 0.006 0.005 
449  ZFBP132    (0)   12 :  0.958 0.005 0.003 0.005 0.025 0.005 
450  ZFBP133    (0)   12 :  0.981 0.003 0.002 0.006 0.005 0.004 
451  ZFBP134    (0)   12 :  0.391 0.005 0.004 0.043 0.548 0.008 
452  ZFBP135    (0)   12 :  0.622 0.020 0.008 0.258 0.084 0.008 
453  ZFBP136    (0)   12 :  0.855 0.005 0.006 0.078 0.052 0.005 
454  ZFBP201    (0)   13 :  0.953 0.010 0.005 0.006 0.021 0.006 
455  ZFBP202    (0)   13 :  0.950 0.006 0.004 0.005 0.028 0.006 
456  ZFBP203    (0)   13 :  0.955 0.013 0.013 0.006 0.009 0.005 
457  ZFBP204    (0)   13 :  0.814 0.007 0.006 0.020 0.149 0.005 
458  ZFBP205    (0)   13 :  0.977 0.004 0.003 0.007 0.005 0.004 
459  ZFBP206    (0)   13 :  0.968 0.005 0.004 0.012 0.006 0.004 
460  ZFBP207    (0)   13 :  0.483 0.005 0.003 0.016 0.488 0.005 
461  ZFBP208    (0)   13 :  0.969 0.006 0.006 0.008 0.006 0.005 
462  ZFBP209    (0)   13 :  0.980 0.003 0.002 0.006 0.004 0.005 
463  ZFBP210    (0)   13 :  0.960 0.007 0.004 0.006 0.018 0.005 
464  ZFBP211    (0)   13 :  0.958 0.006 0.004 0.007 0.019 0.006 
465  ZFBP212    (0)   13 :  0.653 0.005 0.003 0.003 0.328 0.007 
466  ZFBP213    (0)   13 :  0.950 0.010 0.005 0.016 0.014 0.005 
467  ZFBP214    (0)   13 :  0.891 0.011 0.004 0.039 0.048 0.006 
468  ZFBP215    (0)   13 :  0.971 0.004 0.002 0.006 0.012 0.005 
469  ZFBP216    (0)   13 :  0.918 0.010 0.010 0.008 0.046 0.008 
470  ZFBP217    (0)   13 :  0.952 0.005 0.003 0.006 0.028 0.006 
471  ZFBP218    (0)   13 :  0.980 0.003 0.003 0.004 0.006 0.004 
472  ZFBP219    (0)   13 :  0.975 0.004 0.004 0.004 0.009 0.004 
473  ZFBP220    (0)   13 :  0.957 0.004 0.003 0.008 0.023 0.005 
474  ZFBP221    (0)   13 :  0.881 0.005 0.004 0.003 0.104 0.004 
475  ZFBP222    (0)   13 :  0.972 0.005 0.004 0.009 0.006 0.005 
476  ZFBP223    (0)   13 :  0.361 0.009 0.005 0.014 0.597 0.015 
477  ZFBP224    (0)   13 :  0.964 0.006 0.004 0.008 0.013 0.006 
478  ZFBP225    (0)   13 :  0.933 0.004 0.003 0.009 0.046 0.005 
479  ZFBP226    (0)   13 :  0.964 0.005 0.004 0.004 0.017 0.005 
480  ZFBP227    (0)   13 :  0.617 0.098 0.031 0.008 0.241 0.005 
481  ZFBP228    (0)   13 :  0.333 0.004 0.003 0.017 0.634 0.009 
482  ZFBP229    (0)   13 :  0.974 0.003 0.003 0.006 0.009 0.005 
483  ZFBP230    (0)   13 :  0.944 0.005 0.004 0.015 0.027 0.006 
484  ZFBP231    (0)   13 :  0.957 0.006 0.005 0.007 0.020 0.005 
485  ZFBP232    (0)   13 :  0.977 0.004 0.003 0.005 0.008 0.004 
486  ZFBP233    (0)   13 :  0.954 0.007 0.005 0.006 0.021 0.008 
487   ZFCC01    (0)   14 :  0.004 0.008 0.005 0.975 0.004 0.004 
488   ZFCC03    (0)   14 :  0.005 0.004 0.002 0.979 0.006 0.003 
489   ZFCC04    (0)   14 :  0.005 0.005 0.003 0.980 0.005 0.003 
490   ZFCC05    (0)   14 :  0.006 0.006 0.003 0.973 0.009 0.003 
491   ZFCC08    (0)   14 :  0.014 0.004 0.002 0.970 0.008 0.003 
492   ZFCC09    (0)   14 :  0.005 0.005 0.003 0.979 0.006 0.003 
493   ZFCC10    (0)   14 :  0.005 0.009 0.005 0.973 0.004 0.003 
494   ZFCC11    (0)   14 :  0.005 0.005 0.005 0.974 0.006 0.004 
495   ZFCC12    (0)   14 :  0.006 0.042 0.006 0.935 0.008 0.004 
496   ZFCC13    (0)   14 :  0.009 0.005 0.004 0.964 0.013 0.004 
497   ZFCC14    (0)   14 :  0.010 0.007 0.003 0.970 0.005 0.005 
498   ZFCC15    (0)   14 :  0.005 0.006 0.003 0.978 0.005 0.003 
499   ZFCC16    (0)   14 :  0.004 0.006 0.003 0.981 0.004 0.003 
500   ZFCC17    (0)   14 :  0.003 0.006 0.003 0.982 0.004 0.002 
501   ZFCC18    (0)   14 :  0.005 0.005 0.003 0.979 0.005 0.003 
502   ZFCC19    (0)   14 :  0.004 0.007 0.006 0.978 0.003 0.003 
503   ZFCC20    (0)   14 :  0.004 0.004 0.002 0.980 0.006 0.003 
504   ZFCC21    (0)   14 :  0.038 0.009 0.003 0.937 0.007 0.004 
505   ZFCC22    (0)   14 :  0.209 0.006 0.003 0.758 0.019 0.005 
506   ZFCC26    (0)   14 :  0.004 0.006 0.002 0.981 0.005 0.003 
507   ZFCC27    (0)   14 :  0.004 0.004 0.004 0.980 0.005 0.003 
508   ZFCC29    (0)   14 :  0.004 0.009 0.003 0.977 0.005 0.003 
509   ZFCC30    (0)   14 :  0.004 0.003 0.004 0.979 0.006 0.003 
510   ZFCC32    (0)   14 :  0.005 0.007 0.003 0.975 0.007 0.003 
511   ZFCC33    (0)   14 :  0.004 0.006 0.004 0.979 0.005 0.002 
512   ZFCC34    (0)   14 :  0.039 0.014 0.004 0.904 0.034 0.007 
513   ZFCC35    (0)   14 :  0.004 0.004 0.004 0.981 0.004 0.003 
514   ZFCC36    (0)   14 :  0.010 0.006 0.004 0.971 0.007 0.004 
515   ZFCC37    (0)   14 :  0.007 0.039 0.007 0.934 0.008 0.004 
516   ZFCC40    (0)   14 :  0.005 0.006 0.006 0.976 0.004 0.004 
517   ZFCC42    (0)   14 :  0.007 0.356 0.020 0.586 0.027 0.003 
518   ZFCC44    (0)   14 :  0.003 0.003 0.003 0.982 0.006 0.003 
519   ZFCC45    (9)   14 :  0.005 0.015 0.006 0.964 0.006 0.004 
520   ZFCC46    (0)   14 :  0.012 0.004 0.002 0.966 0.013 0.003 
521   ZFCC47    (0)   14 :  0.006 0.021 0.005 0.959 0.006 0.003 
522   ZFCC48    (0)   14 :  0.031 0.007 0.002 0.950 0.007 0.004 
523   ZFCC50    (0)   14 :  0.003 0.005 0.002 0.984 0.004 0.002 
524   ZFCC51    (0)   14 :  0.003 0.004 0.002 0.982 0.006 0.003 
525   ZFCC52    (0)   14 :  0.011 0.005 0.006 0.969 0.007 0.003 
526   ZFCC53    (0)   14 :  0.003 0.004 0.004 0.981 0.004 0.003 
527  ZFCNS01    (0)   15 :  0.004 0.005 0.004 0.006 0.978 0.003 
528  ZFCNS02    (0)   15 :  0.005 0.003 0.002 0.008 0.978 0.003 
529  ZFCNS05    (0)   15 :  0.007 0.005 0.003 0.010 0.973 0.004 
530  ZFCNS06    (0)   15 :  0.006 0.003 0.003 0.010 0.974 0.004 
