

----------------------------------------------------
STRUCTURE by Pritchard, Stephens and Donnelly (2000)
     and Falush, Stephens and Pritchard (2003)
       Code by Pritchard, Falush and Hubisz
             Version 2.3.4 (Jul 2012)
----------------------------------------------------



Command line arguments:   bin\structure -m C:\Users\eschumacher\Documents\GitHub\GCC_QUAC_ZAIN\Data_Files\Structure_Files\ZAIN\ZAIN_og_allpop_STR\50-50\mainparams -e C:\Users\eschumacher\Documents\GitHub\GCC_QUAC_ZAIN\Data_Files\Structure_Files\ZAIN\ZAIN_og_allpop_STR\50-50\extraparams 
Input File:    C:\Users\eschumacher\Documents\GitHub\GCC_QUAC_ZAIN\Data_Files\Structure_Files\ZAIN\ZAIN_og_allpop_STR\project_data

Run parameters:
   1135 individuals
   11 loci
   5 populations assumed
   50000 Burn-in period
   50000 Reps


--------------------------------------------
Proportion of membership of each pre-defined
 population in each of the 5 clusters

Given    Inferred Clusters                     Number of
 Pop       1      2      3      4      5      Individuals

  1:     0.012  0.009  0.373  0.011  0.595      303
  2:     0.013  0.006  0.312  0.019  0.650       15
  3:     0.082  0.004  0.462  0.007  0.444        2
  4:     0.044  0.007  0.229  0.004  0.716        2
  5:     0.029  0.016  0.370  0.015  0.571        7
  6:     0.010  0.005  0.689  0.014  0.282       13
  7:     0.004  0.002  0.987  0.002  0.004       13
  8:     0.010  0.012  0.014  0.007  0.957        7
  9:     0.010  0.013  0.116  0.009  0.852       11
 10:     0.033  0.014  0.209  0.009  0.736        9
 11:     0.874  0.008  0.049  0.013  0.056       35
 12:     0.009  0.939  0.006  0.040  0.006       36
 13:     0.008  0.972  0.005  0.010  0.005       33
 14:     0.025  0.021  0.005  0.945  0.004       40
 15:     0.005  0.118  0.003  0.869  0.005       40
 16:     0.857  0.070  0.013  0.043  0.017       40
 17:     0.862  0.029  0.040  0.052  0.017       37
 18:     0.006  0.978  0.003  0.008  0.004       40
 19:     0.931  0.008  0.011  0.047  0.004       28
 20:     0.112  0.016  0.005  0.864  0.003       14
 21:     0.944  0.013  0.014  0.024  0.005       13
 22:     0.005  0.824  0.003  0.163  0.005       14
 23:     0.007  0.973  0.006  0.010  0.004       25
 24:     0.015  0.950  0.003  0.022  0.009       40
 25:     0.032  0.022  0.014  0.911  0.021       32
 26:     0.936  0.009  0.035  0.009  0.011       21
 27:     0.925  0.011  0.036  0.014  0.014        4
 28:     0.935  0.031  0.011  0.017  0.006       23
 29:     0.977  0.007  0.004  0.009  0.004       39
 30:     0.981  0.004  0.007  0.005  0.003       38
 31:     0.006  0.861  0.004  0.124  0.005       45
 32:     0.008  0.887  0.006  0.093  0.006       28
 33:     0.949  0.006  0.014  0.007  0.023        6
 34:     0.772  0.104  0.040  0.078  0.007       40
 35:     0.853  0.067  0.033  0.030  0.017       42
--------------------------------------------

Allele-freq. divergence among pops (Net nucleotide distance),
computed using point estimates of P.

      1       2       3       4       5      
 1      -    0.1563  0.1513  0.1145  0.2280  
 2   0.1563     -    0.3280  0.1095  0.2692  
 3   0.1513  0.3280     -    0.2935  0.1557  
 4   0.1145  0.1095  0.2935     -    0.2928  
 5   0.2280  0.2692  0.1557  0.2928     -    

Average distances (expected heterozygosity) between individuals in same cluster:
cluster  1  : 0.5642 
cluster  2  : 0.4585 
cluster  3  : 0.5267 
cluster  4  : 0.4381 
cluster  5  : 0.4836 

--------------------------------------------
Estimated Ln Prob of Data   = -24736.3
Mean value of ln likelihood = -24402.6
Variance of ln likelihood   = 667.5
Mean value of alpha         = 0.0330

Mean value of Fst_1         = 0.2246
Mean value of Fst_2         = 0.4282
Mean value of Fst_3         = 0.2463
Mean value of Fst_4         = 0.4654
Mean value of Fst_5         = 0.2943


Inferred ancestry of individuals:
        Label (%Miss) Pop:  Inferred clusters
  1 TMA-ZAIN-G-    (9)    1 :  0.083 0.004 0.804 0.004 0.105 
  2 TMA-ZAIN-G-    (0)    1 :  0.062 0.088 0.694 0.088 0.068 
  3 TMA-ZAIN-G-    (0)    1 :  0.003 0.004 0.004 0.003 0.985 
  4 TMA-ZAIN-G-    (0)    1 :  0.038 0.003 0.141 0.019 0.799 
  5 TMA-ZAIN-G-    (0)    1 :  0.012 0.006 0.971 0.004 0.007 
  6 TMA-ZAIN-G-    (0)    1 :  0.015 0.005 0.051 0.006 0.922 
  7 TMA-ZAIN-G-    (0)    1 :  0.005 0.004 0.009 0.006 0.975 
  8 TMA-ZAIN-G-    (0)    1 :  0.003 0.004 0.003 0.004 0.986 
  9 TMA-ZAIN-G-    (9)    1 :  0.039 0.056 0.005 0.023 0.877 
 10 TMA-ZAIN-G-    (0)    1 :  0.003 0.005 0.004 0.003 0.985 
 11 TMA-ZAIN-G-    (0)    1 :  0.005 0.012 0.006 0.009 0.967 
 12 TMA-ZAIN-G-    (0)    1 :  0.004 0.004 0.003 0.004 0.985 
 13 TMA-ZAIN-G-    (9)    1 :  0.007 0.007 0.043 0.005 0.939 
 14 TMA-ZAIN-G-    (9)    1 :  0.011 0.004 0.008 0.012 0.965 
 15 TMA-ZAIN-G-    (0)    1 :  0.005 0.003 0.004 0.011 0.977 
 16 TMA-ZAIN-G-    (0)    1 :  0.003 0.004 0.005 0.002 0.986 
 17 TMA-ZAIN-G-    (9)    1 :  0.004 0.003 0.008 0.004 0.981 
 18 TMA-ZAIN-G-    (0)    1 :  0.009 0.003 0.966 0.004 0.018 
 19 TMA-ZAIN-G-    (0)    1 :  0.007 0.003 0.902 0.003 0.084 
 20 TMA-ZAIN-G-    (0)    1 :  0.004 0.003 0.986 0.004 0.003 
 21 TMA-ZAIN-G-    (0)    1 :  0.004 0.008 0.976 0.004 0.008 
 22 TMA-ZAIN-G-    (0)    1 :  0.004 0.002 0.988 0.003 0.003 
 23 TMA-ZAIN-G-    (0)    1 :  0.005 0.002 0.983 0.003 0.006 
 24 TMA-ZAIN-G-    (9)    1 :  0.004 0.061 0.885 0.006 0.045 
 25 TMA-ZAIN-G-    (9)    1 :  0.041 0.019 0.891 0.002 0.047 
 26 TMA-ZAIN-G-    (9)    1 :  0.003 0.004 0.076 0.016 0.901 
 27 TMA-ZAIN-G-    (0)    1 :  0.037 0.009 0.836 0.064 0.054 
 28 TMA-ZAIN-G-    (0)    1 :  0.264 0.060 0.527 0.011 0.139 
 29 TMA-ZAIN-G-    (0)    1 :  0.038 0.015 0.136 0.004 0.808 
 30 TMA-ZAIN-G-    (0)    1 :  0.021 0.071 0.017 0.014 0.877 
 31 TMA-ZAIN-G-    (0)    1 :  0.006 0.004 0.975 0.007 0.008 
 32 TMA-ZAIN-G-    (9)    1 :  0.006 0.010 0.661 0.004 0.319 
 33 TMA-ZAIN-G-   (18)    1 :  0.003 0.004 0.003 0.003 0.986 
 34 TMA-ZAIN-G-    (0)    1 :  0.003 0.005 0.051 0.005 0.936 
 35 TMA-ZAIN-G-    (9)    1 :  0.003 0.004 0.005 0.004 0.984 
 36 TMA-ZAIN-G-    (0)    1 :  0.003 0.004 0.004 0.004 0.985 
 37 TMA-ZAIN-G-    (9)    1 :  0.005 0.005 0.012 0.005 0.973 
 38 TMA-ZAIN-G-   (18)    1 :  0.046 0.005 0.679 0.006 0.264 
 39 TMA-ZAIN-G-    (0)    1 :  0.003 0.007 0.004 0.003 0.983 
 40 TMA-ZAIN-G-    (0)    1 :  0.003 0.004 0.003 0.002 0.987 
 41 TMA-ZAIN-G-    (0)    1 :  0.003 0.005 0.004 0.003 0.984 
 42 TMA-ZAIN-G-    (9)    1 :  0.003 0.004 0.003 0.006 0.985 
 43 TMA-ZAIN-G-    (0)    1 :  0.007 0.003 0.005 0.024 0.961 
 44 TMA-ZAIN-G-    (0)    1 :  0.008 0.033 0.907 0.030 0.022 
 45 TMA-ZAIN-G-    (0)    1 :  0.007 0.005 0.007 0.005 0.976 
 46 TMA-ZAIN-G-    (0)    1 :  0.003 0.003 0.986 0.003 0.004 
 47 TMA-ZAIN-G-    (0)    1 :  0.009 0.003 0.061 0.013 0.914 
 48 TMA-ZAIN-G-    (0)    1 :  0.005 0.006 0.023 0.009 0.957 
 49 TMA-ZAIN-G-    (9)    1 :  0.072 0.012 0.811 0.004 0.102 
 50 TMA-ZAIN-G-    (0)    1 :  0.007 0.008 0.923 0.003 0.059 
 51 TMA-ZAIN-G-    (0)    1 :  0.021 0.020 0.551 0.391 0.017 
 52 TMA-ZAIN-G-    (0)    1 :  0.056 0.063 0.580 0.111 0.190 
 53 TMA-ZAIN-G-    (0)    1 :  0.008 0.012 0.807 0.136 0.038 
 54 TMA-ZAIN-G-    (0)    1 :  0.005 0.004 0.078 0.021 0.893 
 55 TMA-ZAIN-G-    (0)    1 :  0.005 0.004 0.102 0.023 0.866 
 56 TMA-ZAIN-G-    (0)    1 :  0.033 0.003 0.183 0.019 0.762 
 57 TMA-ZAIN-G-    (0)    1 :  0.006 0.004 0.222 0.010 0.759 
 58 TMA-ZAIN-G-    (0)    1 :  0.013 0.005 0.914 0.005 0.063 
 59 TMA-ZAIN-G-    (0)    1 :  0.005 0.034 0.848 0.008 0.106 
 60 TMA-ZAIN-G-    (0)    1 :  0.016 0.005 0.937 0.011 0.031 
 61 TMA-ZAIN-G-    (0)    1 :  0.006 0.004 0.978 0.004 0.008 
 62 TMA-ZAIN-G-    (9)    1 :  0.048 0.010 0.888 0.009 0.044 
 63 TMA-ZAIN-G-    (0)    1 :  0.023 0.004 0.948 0.011 0.014 
 64 TMA-ZAIN-G-    (0)    1 :  0.002 0.016 0.003 0.003 0.976 
 65 TMA-ZAIN-G-    (9)    1 :  0.003 0.004 0.003 0.004 0.986 
 66 TMA-ZAIN-G-    (0)    1 :  0.002 0.007 0.003 0.003 0.984 
 67 TMA-ZAIN-G-    (0)    1 :  0.006 0.008 0.009 0.003 0.974 
 68 TMA-ZAIN-G-    (0)    1 :  0.002 0.007 0.003 0.004 0.985 
 69 TMA-ZAIN-G-    (0)    1 :  0.010 0.012 0.018 0.008 0.952 
 70 TMA-ZAIN-G-    (0)    1 :  0.004 0.010 0.005 0.006 0.975 
 71 TMA-ZAIN-G-    (0)    1 :  0.003 0.027 0.004 0.010 0.956 
 72 TMA-ZAIN-G-    (0)    1 :  0.003 0.005 0.005 0.004 0.982 
 73 TMA-ZAIN-G-    (0)    1 :  0.003 0.009 0.045 0.015 0.927 
 74 TMA-ZAIN-G-    (0)    1 :  0.008 0.012 0.016 0.007 0.957 
 75 TMA-ZAIN-G-    (0)    1 :  0.005 0.017 0.005 0.026 0.948 
 76 TMA-ZAIN-G-    (0)    1 :  0.020 0.022 0.044 0.010 0.903 
 77 TMA-ZAIN-G-    (0)    1 :  0.003 0.005 0.006 0.004 0.981 
 78 TMA-ZAIN-G-    (0)    1 :  0.011 0.004 0.036 0.004 0.946 
 79 TMA-ZAIN-G-    (0)    1 :  0.005 0.004 0.014 0.005 0.973 
 80 TMA-ZAIN-G-    (0)    1 :  0.003 0.005 0.004 0.003 0.985 
 81 TMA-ZAIN-G-    (0)    1 :  0.005 0.007 0.009 0.007 0.972 
 82 TMA-ZAIN-G-    (0)    1 :  0.003 0.010 0.003 0.007 0.976 
 83 TMA-ZAIN-G-    (9)    1 :  0.004 0.006 0.046 0.006 0.938 
 84 TMA-ZAIN-G-    (0)    1 :  0.007 0.004 0.020 0.002 0.965 
 85 TMA-ZAIN-G-    (0)    1 :  0.006 0.002 0.961 0.003 0.027 
 86 TMA-ZAIN-G-    (0)    1 :  0.010 0.004 0.838 0.004 0.144 
 87 TMA-ZAIN-G-    (0)    1 :  0.006 0.002 0.978 0.003 0.010 
 88 TMA-ZAIN-G-    (0)    1 :  0.005 0.005 0.409 0.005 0.575 
 89 TMA-ZAIN-G-    (0)    1 :  0.010 0.004 0.378 0.015 0.593 
 90 TMA-ZAIN-G-    (0)    1 :  0.015 0.003 0.768 0.006 0.208 
 91 TMA-ZAIN-G-    (0)    1 :  0.006 0.004 0.580 0.013 0.397 
 92 TMA-ZAIN-G-    (0)    1 :  0.007 0.003 0.870 0.005 0.115 
 93 TMA-ZAIN-G-    (0)    1 :  0.005 0.005 0.674 0.025 0.290 
 94 TMA-ZAIN-G-    (0)    1 :  0.006 0.003 0.971 0.005 0.015 
 95 TMA-ZAIN-G-    (0)    1 :  0.085 0.141 0.739 0.012 0.023 
 96 TMA-ZAIN-G-    (0)    1 :  0.348 0.007 0.140 0.006 0.499 
 97 TMA-ZAIN-G-    (0)    1 :  0.012 0.006 0.970 0.005 0.006 
 98 TMA-ZAIN-G-    (0)    1 :  0.012 0.037 0.936 0.008 0.008 
 99 TMA-ZAIN-G-    (0)    1 :  0.008 0.123 0.712 0.004 0.153 
100 TMA-ZAIN-G-    (0)    1 :  0.010 0.004 0.970 0.012 0.005 
101 TMA-ZAIN-G-    (0)    1 :  0.008 0.012 0.927 0.006 0.046 
102 TMA-ZAIN-G-    (0)    1 :  0.005 0.008 0.961 0.004 0.022 
103 TMA-ZAIN-G-    (0)    1 :  0.010 0.004 0.961 0.003 0.021 
104 TMA-ZAIN-G-    (0)    1 :  0.031 0.010 0.948 0.005 0.006 
105 TMA-ZAIN-G-    (0)    1 :  0.011 0.004 0.948 0.003 0.033 
106 TMA-ZAIN-G-    (0)    1 :  0.003 0.005 0.004 0.003 0.986 
107 TMA-ZAIN-G-    (0)    1 :  0.003 0.010 0.004 0.003 0.980 
108 TMA-ZAIN-G-    (9)    1 :  0.013 0.006 0.537 0.012 0.432 
109 TMA-ZAIN-G-    (0)    1 :  0.051 0.005 0.191 0.004 0.749 
110 TMA-ZAIN-G-    (0)    1 :  0.013 0.005 0.212 0.003 0.766 
111 TMA-ZAIN-G-    (9)    1 :  0.010 0.008 0.855 0.005 0.122 
112 TMA-ZAIN-G-    (0)    1 :  0.006 0.006 0.411 0.005 0.572 
113 TMA-ZAIN-G-    (0)    1 :  0.008 0.027 0.903 0.006 0.056 
114 TMA-ZAIN-G-    (0)    1 :  0.008 0.005 0.978 0.003 0.006 
115 TMA-ZAIN-G-    (0)    1 :  0.035 0.007 0.937 0.006 0.015 
116 TMA-ZAIN-G-    (0)    1 :  0.003 0.005 0.003 0.003 0.986 
117 TMA-ZAIN-G-    (0)    1 :  0.003 0.004 0.004 0.004 0.985 
118 TMA-ZAIN-G-    (0)    1 :  0.003 0.004 0.004 0.003 0.986 
119 TMA-ZAIN-G-    (0)    1 :  0.006 0.005 0.008 0.003 0.978 
120 TMA-ZAIN-G-    (0)    1 :  0.004 0.003 0.005 0.004 0.985 
121 TMA-ZAIN-G-    (0)    1 :  0.003 0.005 0.004 0.004 0.985 
122 TMA-ZAIN-G-    (0)    1 :  0.005 0.005 0.008 0.005 0.977 
123 TMA-ZAIN-G-    (0)    1 :  0.037 0.004 0.943 0.005 0.012 
124 TMA-ZAIN-G-    (0)    1 :  0.004 0.004 0.004 0.003 0.985 
125 TMA-ZAIN-G-    (0)    1 :  0.002 0.003 0.003 0.006 0.986 
126 TMA-ZAIN-G-    (0)    1 :  0.003 0.003 0.004 0.004 0.986 
127 TMA-ZAIN-G-    (0)    1 :  0.003 0.004 0.003 0.003 0.987 
128 TMA-ZAIN-G-    (0)    1 :  0.003 0.004 0.004 0.003 0.986 
129 TMA-ZAIN-G-    (0)    1 :  0.003 0.005 0.004 0.004 0.984 
130 TMA-ZAIN-G-    (0)    1 :  0.003 0.003 0.003 0.006 0.984 
131 TMA-ZAIN-G-    (0)    1 :  0.004 0.004 0.004 0.003 0.985 
132 TMA-ZAIN-G-    (0)    1 :  0.003 0.004 0.003 0.005 0.985 
133 TMA-ZAIN-G-    (0)    1 :  0.003 0.003 0.005 0.004 0.984 
134 TMA-ZAIN-G-    (0)    1 :  0.003 0.004 0.004 0.006 0.983 
135 TMA-ZAIN-G-    (0)    1 :  0.003 0.006 0.004 0.003 0.985 
136 TMA-ZAIN-G-    (0)    1 :  0.003 0.005 0.004 0.005 0.982 
137 TMA-ZAIN-G-    (0)    1 :  0.003 0.005 0.004 0.003 0.985 
138 TMA-ZAIN-G-    (0)    1 :  0.003 0.006 0.003 0.004 0.985 
139 TMA-ZAIN-G-    (0)    1 :  0.003 0.005 0.003 0.004 0.985 
140 TMA-ZAIN-G-    (0)    1 :  0.003 0.004 0.004 0.003 0.985 
141 TMA-ZAIN-G-    (0)    1 :  0.004 0.004 0.004 0.003 0.985 
142 TMA-ZAIN-G-    (9)    1 :  0.003 0.005 0.004 0.003 0.986 
143 TMA-ZAIN-G-    (0)    1 :  0.003 0.005 0.003 0.003 0.985 
144 TMA-ZAIN-G-    (0)    1 :  0.004 0.005 0.005 0.004 0.982 
145 TMA-ZAIN-G-    (0)    1 :  0.002 0.005 0.003 0.003 0.988 
146 TMA-ZAIN-G-    (0)    1 :  0.003 0.009 0.003 0.006 0.978 
147 TMA-ZAIN-G-    (9)    1 :  0.003 0.005 0.004 0.003 0.985 
148 TMA-ZAIN-G-    (0)    1 :  0.003 0.007 0.003 0.013 0.973 
149 TMA-ZAIN-G-    (0)    1 :  0.003 0.005 0.008 0.005 0.979 
150 TMA-ZAIN-G-    (0)    1 :  0.004 0.011 0.007 0.007 0.972 
151 TMA-ZAIN-G-    (0)    1 :  0.003 0.004 0.003 0.003 0.987 
152 TMA-ZAIN-G-    (0)    1 :  0.004 0.004 0.003 0.003 0.986 
153 TMA-ZAIN-G-    (0)    1 :  0.003 0.005 0.003 0.003 0.986 
154 TMA-ZAIN-G-    (0)    1 :  0.003 0.004 0.003 0.003 0.988 
155 TMA-ZAIN-G-    (0)    1 :  0.003 0.005 0.003 0.002 0.986 
156 TMA-ZAIN-G-    (9)    1 :  0.005 0.005 0.004 0.005 0.981 
157 TMA-ZAIN-G-    (0)    1 :  0.004 0.005 0.004 0.004 0.983 
158 TMA-ZAIN-G-    (0)    1 :  0.004 0.007 0.004 0.005 0.981 
159 TMA-ZAIN-G-    (0)    1 :  0.003 0.010 0.003 0.007 0.977 
160 TMA-ZAIN-G-    (0)    1 :  0.003 0.006 0.003 0.003 0.985 
161 TMA-ZAIN-G-    (0)    1 :  0.003 0.004 0.003 0.004 0.986 
162 TMA-ZAIN-G-    (0)    1 :  0.003 0.007 0.005 0.003 0.982 
163 TMA-ZAIN-G-    (0)    1 :  0.003 0.004 0.003 0.002 0.988 
164 TMA-ZAIN-G-    (0)    1 :  0.004 0.005 0.004 0.003 0.984 
165 TMA-ZAIN-G-    (0)    1 :  0.003 0.006 0.003 0.003 0.986 
166 TMA-ZAIN-G-    (0)    1 :  0.002 0.006 0.003 0.003 0.986 
167 TMA-ZAIN-G-    (0)    1 :  0.004 0.006 0.005 0.003 0.982 
168 TMA-ZAIN-G-    (0)    1 :  0.005 0.006 0.005 0.006 0.979 
169 TMA-ZAIN-G-    (0)    1 :  0.003 0.007 0.003 0.003 0.984 
170 TMA-ZAIN-G-    (0)    1 :  0.010 0.005 0.010 0.004 0.971 
171 TMA-ZAIN-G-    (0)    1 :  0.003 0.006 0.003 0.003 0.984 
172 TMA-ZAIN-G-    (0)    1 :  0.004 0.004 0.005 0.004 0.982 
173 TMA-ZAIN-G-    (0)    1 :  0.006 0.004 0.005 0.004 0.981 
174 TMA-ZAIN-G-    (0)    1 :  0.002 0.006 0.003 0.003 0.986 
175 TMA-ZAIN-G-    (0)    1 :  0.004 0.011 0.004 0.007 0.975 
176 TMA-ZAIN-G-    (0)    1 :  0.004 0.010 0.003 0.007 0.976 
177 TMA-ZAIN-G-    (0)    1 :  0.007 0.024 0.004 0.032 0.933 
178 TMA-ZAIN-G-    (0)    1 :  0.009 0.005 0.005 0.005 0.975 
179 TMA-ZAIN-G-    (0)    1 :  0.004 0.009 0.003 0.009 0.974 
180 TMA-ZAIN-G-    (0)    1 :  0.004 0.004 0.004 0.004 0.984 
181 TMA-ZAIN-G-    (0)    1 :  0.004 0.006 0.003 0.006 0.981 
182 TMA-ZAIN-G-    (0)    1 :  0.006 0.004 0.004 0.008 0.978 
183 TMA-ZAIN-G-    (0)    1 :  0.003 0.004 0.004 0.005 0.984 
184 TMA-ZAIN-G-    (0)    1 :  0.004 0.007 0.008 0.004 0.977 
185 TMA-ZAIN-G-    (0)    1 :  0.003 0.007 0.014 0.004 0.971 
186 TMA-ZAIN-G-    (9)    1 :  0.004 0.006 0.007 0.003 0.980 
187 TMA-ZAIN-G-    (0)    1 :  0.005 0.007 0.005 0.003 0.980 
188 TMA-ZAIN-G-    (0)    1 :  0.002 0.006 0.004 0.003 0.986 
189 TMA-ZAIN-G-    (0)    1 :  0.002 0.006 0.003 0.003 0.986 
190 TMA-ZAIN-G-    (0)    1 :  0.007 0.008 0.004 0.015 0.965 
191 TMA-ZAIN-G-    (0)    1 :  0.003 0.013 0.009 0.003 0.972 
192 TMA-ZAIN-G-    (0)    1 :  0.004 0.005 0.004 0.004 0.982 
193 TMA-ZAIN-G-    (0)    1 :  0.006 0.003 0.005 0.055 0.931 
194 TMA-ZAIN-G-    (0)    1 :  0.007 0.003 0.005 0.031 0.954 
195 TMA-ZAIN-G-    (0)    1 :  0.007 0.006 0.004 0.085 0.898 
196 TMA-ZAIN-G-    (0)    1 :  0.007 0.004 0.004 0.016 0.969 
197 TMA-ZAIN-G-    (0)    1 :  0.004 0.003 0.005 0.017 0.972 
198 TMA-ZAIN-G-    (0)    1 :  0.006 0.004 0.004 0.016 0.970 
199 TMA-ZAIN-G-    (0)    1 :  0.003 0.005 0.005 0.004 0.983 
200 TMA-ZAIN-G-    (0)    1 :  0.018 0.002 0.969 0.007 0.003 
201 TMA-ZAIN-G-    (0)    1 :  0.004 0.003 0.986 0.003 0.005 
202 TMA-ZAIN-G-    (0)    1 :  0.018 0.004 0.966 0.006 0.007 
203 TMA-ZAIN-G-    (0)    1 :  0.010 0.004 0.006 0.015 0.966 
204 TMA-ZAIN-G-    (9)    1 :  0.014 0.029 0.851 0.098 0.008 
205 TMA-ZAIN-G-    (0)    1 :  0.004 0.004 0.908 0.004 0.079 
206 TMA-ZAIN-G-    (9)    1 :  0.013 0.006 0.946 0.016 0.020 
207 TMA-ZAIN-G-    (9)    1 :  0.006 0.004 0.008 0.008 0.975 
208 TMA-ZAIN-G-    (0)    1 :  0.002 0.005 0.003 0.003 0.988 
209 TMA-ZAIN-G-    (0)    1 :  0.003 0.004 0.004 0.008 0.983 
210 TMA-ZAIN-G-    (0)    1 :  0.004 0.004 0.004 0.008 0.981 
211 TMA-ZAIN-G-    (0)    1 :  0.006 0.004 0.010 0.004 0.976 
212 TMA-ZAIN-G-    (0)    1 :  0.004 0.005 0.004 0.005 0.982 
213 TMA-ZAIN-G-    (0)    1 :  0.003 0.004 0.004 0.004 0.984 
214 TMA-ZAIN-G-    (0)    1 :  0.003 0.004 0.003 0.003 0.986 
215 TMA-ZAIN-G-    (0)    1 :  0.021 0.003 0.097 0.002 0.876 
216 TMA-ZAIN-G-    (0)    1 :  0.004 0.004 0.004 0.003 0.985 
217 TMA-ZAIN-G-    (0)    1 :  0.003 0.004 0.003 0.003 0.986 
218 TMA-ZAIN-G-    (0)    1 :  0.018 0.042 0.904 0.006 0.030 
219 TMA-ZAIN-G-    (0)    1 :  0.015 0.013 0.955 0.007 0.010 
220 TMA-ZAIN-G-    (0)    1 :  0.306 0.010 0.587 0.004 0.093 
221 TMA-ZAIN-G-    (0)    1 :  0.018 0.054 0.907 0.005 0.016 
222 TMA-ZAIN-G-    (0)    1 :  0.005 0.004 0.967 0.003 0.020 
223 TMA-ZAIN-G-    (0)    1 :  0.011 0.002 0.977 0.003 0.007 
224 TMA-ZAIN-G-    (0)    1 :  0.008 0.003 0.939 0.003 0.047 
225 TMA-ZAIN-G-    (0)    1 :  0.016 0.002 0.972 0.004 0.006 
226 TMA-ZAIN-G-    (0)    1 :  0.011 0.003 0.970 0.003 0.013 
227 TMA-ZAIN-G-    (0)    1 :  0.014 0.003 0.967 0.004 0.012 
228 TMA-ZAIN-G-    (0)    1 :  0.020 0.013 0.890 0.019 0.057 
229 TMA-ZAIN-G-    (0)    1 :  0.006 0.005 0.980 0.003 0.007 
230 TMA-ZAIN-G-    (0)    1 :  0.024 0.013 0.610 0.030 0.323 
231 TMA-ZAIN-G-    (0)    1 :  0.005 0.003 0.973 0.003 0.015 
232 TMA-ZAIN-G-    (9)    1 :  0.004 0.004 0.980 0.003 0.008 
233 TMA-ZAIN-G-    (0)    1 :  0.012 0.007 0.860 0.004 0.117 
234 TMA-ZAIN-G-    (0)    1 :  0.009 0.004 0.969 0.009 0.009 
235 TMA-ZAIN-G-    (0)    1 :  0.058 0.008 0.884 0.008 0.041 
236 TMA-ZAIN-G-    (0)    1 :  0.017 0.003 0.962 0.004 0.014 
237 TMA-ZAIN-G-    (0)    1 :  0.009 0.006 0.875 0.004 0.106 
238 TMA-ZAIN-G-    (0)    1 :  0.005 0.004 0.976 0.002 0.012 
239 TMA-ZAIN-G-    (0)    1 :  0.003 0.016 0.800 0.076 0.104 
240 TMA-ZAIN-G-    (0)    1 :  0.004 0.003 0.986 0.004 0.004 
241 TMA-ZAIN-G-    (0)    1 :  0.004 0.006 0.979 0.003 0.008 
242 TMA-ZAIN-G-    (0)    1 :  0.004 0.007 0.976 0.003 0.010 
243 TMA-ZAIN-G-    (0)    1 :  0.004 0.010 0.970 0.004 0.013 
244 TMA-ZAIN-G-    (0)    1 :  0.004 0.013 0.963 0.003 0.016 
245 TMA-ZAIN-G-    (9)    1 :  0.004 0.004 0.986 0.002 0.005 
246 TMA-ZAIN-G-    (0)    1 :  0.004 0.003 0.986 0.003 0.004 
247 TMA-ZAIN-G-    (0)    1 :  0.004 0.007 0.977 0.003 0.008 
248 TMA-ZAIN-G-    (0)    1 :  0.007 0.005 0.975 0.005 0.008 
249 TMA-ZAIN-G-    (0)    1 :  0.006 0.003 0.982 0.004 0.005 
250 TMA-ZAIN-G-    (0)    1 :  0.005 0.006 0.977 0.005 0.008 
251 TMA-ZAIN-G-    (0)    1 :  0.012 0.003 0.080 0.024 0.880 
252 TMA-ZAIN-G-    (0)    1 :  0.004 0.006 0.016 0.045 0.929 
253 TMA-ZAIN-G-    (0)    1 :  0.004 0.004 0.043 0.014 0.934 
254 TMA-ZAIN-G-    (9)    1 :  0.005 0.004 0.019 0.004 0.968 
255 TMA-ZAIN-G-    (0)    1 :  0.015 0.005 0.249 0.025 0.707 
256 TMA-ZAIN-G-    (0)    1 :  0.005 0.004 0.102 0.025 0.864 
257 TMA-ZAIN-G-    (0)    1 :  0.007 0.003 0.053 0.039 0.899 
258 TMA-ZAIN-G-    (0)    1 :  0.005 0.003 0.026 0.016 0.950 
259 TMA-ZAIN-G-    (0)    1 :  0.007 0.004 0.272 0.091 0.626 
260 TMA-ZAIN-G-    (0)    1 :  0.006 0.006 0.186 0.043 0.759 
261 TMA-ZAIN-G-   (18)    1 :  0.014 0.004 0.015 0.026 0.941 
262 TMA-ZAIN-G-    (0)    1 :  0.007 0.003 0.053 0.029 0.908 
263 TMA-ZAIN-G-    (0)    1 :  0.009 0.004 0.175 0.043 0.770 
264 TMA-ZAIN-G-    (0)    1 :  0.007 0.005 0.164 0.031 0.794 
265 TMA-ZAIN-G-    (0)    1 :  0.006 0.009 0.530 0.023 0.432 
266 TMA-ZAIN-G-    (0)    1 :  0.006 0.003 0.022 0.009 0.960 
267 TMA-ZAIN-G-    (0)    1 :  0.006 0.006 0.955 0.009 0.024 
268 TMA-ZAIN-G-    (0)    1 :  0.006 0.002 0.985 0.003 0.003 
269 TMA-ZAIN-G-    (0)    1 :  0.005 0.002 0.986 0.003 0.004 
270 TMA-ZAIN-G-    (0)    1 :  0.005 0.002 0.985 0.003 0.005 
271 TMA-ZAIN-G-    (0)    1 :  0.005 0.003 0.986 0.003 0.004 
272 TMA-ZAIN-G-    (0)    1 :  0.004 0.002 0.988 0.002 0.004 
273 TMA-ZAIN-G-    (0)    1 :  0.003 0.002 0.990 0.002 0.003 
274 TMA-ZAIN-G-    (0)    1 :  0.005 0.005 0.979 0.004 0.008 
275 TMA-ZAIN-G-    (0)    1 :  0.005 0.002 0.988 0.002 0.003 
276 TMA-ZAIN-G-    (0)    1 :  0.004 0.002 0.988 0.002 0.003 
277 TMA-ZAIN-G-    (0)    1 :  0.004 0.003 0.985 0.003 0.004 
278 TMA-ZAIN-G-    (0)    1 :  0.004 0.002 0.989 0.002 0.003 
279 TMA-ZAIN-G-    (0)    1 :  0.004 0.002 0.987 0.003 0.004 
280 TMA-ZAIN-G-    (0)    1 :  0.004 0.002 0.986 0.002 0.004 
281 TMA-ZAIN-G-    (0)    1 :  0.004 0.002 0.987 0.003 0.004 
282 TMA-ZAIN-G-    (9)    1 :  0.004 0.003 0.988 0.003 0.003 
283 TMA-ZAIN-G-    (0)    1 :  0.005 0.002 0.984 0.003 0.006 
284 TMA-ZAIN-G-    (0)    1 :  0.008 0.003 0.977 0.004 0.008 
285 TMA-ZAIN-G-    (0)    1 :  0.004 0.004 0.984 0.003 0.005 
286 TMA-ZAIN-G-    (0)    1 :  0.004 0.002 0.988 0.003 0.003 
287 TMA-ZAIN-G-    (0)    1 :  0.004 0.004 0.985 0.003 0.004 
288 TMA-ZAIN-G-    (0)    1 :  0.006 0.006 0.972 0.004 0.012 
289 TMA-ZAIN-G-    (0)    1 :  0.004 0.005 0.982 0.004 0.006 
290 TMA-ZAIN-G-    (0)    1 :  0.007 0.004 0.980 0.003 0.006 
291 TMA-ZAIN-G-    (0)    1 :  0.118 0.067 0.783 0.016 0.016 
292 TMA-ZAIN-G-    (0)    1 :  0.007 0.004 0.012 0.003 0.974 
293 TMA-ZAIN-G-    (0)    1 :  0.004 0.003 0.006 0.004 0.983 
294 TMA-ZAIN-G-    (0)    1 :  0.004 0.011 0.004 0.009 0.971 
295 TMA-ZAIN-G-    (9)    1 :  0.006 0.010 0.008 0.010 0.966 
296 TMA-ZAIN-G-    (0)    1 :  0.005 0.004 0.007 0.004 0.980 
297 TMA-ZAIN-G-    (0)    1 :  0.004 0.004 0.006 0.003 0.983 
298 TMA-ZAIN-G-    (0)    1 :  0.006 0.004 0.008 0.005 0.977 
299 TMA-ZAIN-G-    (0)    1 :  0.004 0.006 0.007 0.003 0.980 
300 TMA-ZAIN-G-    (0)    1 :  0.004 0.017 0.006 0.009 0.965 
301 TMA-ZAIN-G-    (0)    1 :  0.004 0.005 0.005 0.004 0.982 
302 TMA-ZAIN-G-    (9)    1 :  0.003 0.005 0.005 0.004 0.984 
303 TMA-ZAIN-G-    (0)    1 :  0.023 0.054 0.727 0.156 0.040 
304 TMA-ZAIN-G-    (0)    2 :  0.005 0.006 0.030 0.006 0.952 
305 TMA-ZAIN-G-    (0)    2 :  0.003 0.004 0.005 0.003 0.984 
306 TMA-ZAIN-G-    (0)    2 :  0.003 0.005 0.161 0.006 0.824 
307 TMA-ZAIN-G-    (0)    2 :  0.005 0.007 0.023 0.005 0.961 
308 TMA-ZAIN-G-    (0)    2 :  0.007 0.005 0.623 0.216 0.149 
309 TMA-ZAIN-G-    (0)    2 :  0.003 0.005 0.004 0.003 0.985 
310 TMA-ZAIN-G-    (0)    2 :  0.005 0.005 0.007 0.003 0.980 
311 TMA-ZAIN-G-    (0)    2 :  0.006 0.003 0.008 0.005 0.977 
312 TMA-ZAIN-G-    (0)    2 :  0.007 0.004 0.008 0.005 0.976 
313 TMA-ZAIN-G-    (0)    2 :  0.003 0.006 0.009 0.011 0.971 
314 TMA-ZAIN-G-    (0)    2 :  0.103 0.015 0.859 0.014 0.010 
315 TMA-ZAIN-G-    (0)    2 :  0.006 0.005 0.477 0.003 0.509 
316 TMA-ZAIN-G-    (0)    2 :  0.009 0.006 0.533 0.003 0.449 
317 TMA-ZAIN-G-    (0)    2 :  0.019 0.004 0.955 0.002 0.020 
318 TMA-ZAIN-G-    (9)    2 :  0.006 0.003 0.981 0.004 0.006 
319 TMA-ZAIN-G-    (0)    3 :  0.118 0.003 0.663 0.011 0.205 
320 TMA-ZAIN-G-    (0)    3 :  0.047 0.005 0.262 0.003 0.682 
321 TMA-ZAIN-G-    (0)    4 :  0.035 0.009 0.218 0.004 0.734 
322 TMA-ZAIN-G-    (0)    4 :  0.053 0.006 0.239 0.004 0.698 
323 TMA-ZAIN-G-    (0)    5 :  0.008 0.010 0.761 0.014 0.207 
324 TMA-ZAIN-G-    (0)    5 :  0.006 0.004 0.005 0.006 0.978 
325 TMA-ZAIN-G-    (0)    5 :  0.054 0.059 0.855 0.007 0.025 
326 TMA-ZAIN-G-    (0)    5 :  0.116 0.014 0.243 0.040 0.587 
327 TMA-ZAIN-G-    (0)    5 :  0.004 0.003 0.004 0.016 0.973 
328 TMA-ZAIN-G-    (0)    5 :  0.010 0.013 0.716 0.014 0.246 
329 TMA-ZAIN-G-    (0)    5 :  0.003 0.004 0.005 0.004 0.983 
330 TMA-ZAIN-G-    (0)    6 :  0.003 0.004 0.004 0.004 0.986 
331 TMA-ZAIN-G-    (0)    6 :  0.081 0.031 0.062 0.116 0.710 
332 TMA-ZAIN-G-    (0)    6 :  0.004 0.004 0.003 0.007 0.982 
333 TMA-ZAIN-G-    (0)    6 :  0.006 0.003 0.005 0.034 0.952 
334 TMA-ZAIN-G-    (0)    6 :  0.004 0.002 0.987 0.003 0.003 
335 TMA-ZAIN-G-    (0)    6 :  0.003 0.002 0.988 0.002 0.004 
336 TMA-ZAIN-G-    (0)    6 :  0.004 0.002 0.984 0.003 0.007 
337 TMA-ZAIN-G-    (9)    6 :  0.005 0.003 0.985 0.003 0.005 
338 TMA-ZAIN-G-    (0)    6 :  0.006 0.002 0.987 0.002 0.003 
339 TMA-ZAIN-G-    (0)    6 :  0.005 0.002 0.989 0.002 0.002 
340 TMA-ZAIN-G-    (0)    6 :  0.004 0.002 0.989 0.002 0.003 
341 TMA-ZAIN-G-    (0)    6 :  0.004 0.002 0.988 0.002 0.004 
342 TMA-ZAIN-G-    (0)    6 :  0.005 0.002 0.988 0.002 0.004 
343 TMA-ZAIN-G-    (0)    7 :  0.005 0.002 0.989 0.002 0.003 
344 TMA-ZAIN-G-    (0)    7 :  0.004 0.002 0.987 0.003 0.004 
345 TMA-ZAIN-G-    (0)    7 :  0.004 0.002 0.989 0.002 0.003 
346 TMA-ZAIN-G-    (0)    7 :  0.004 0.002 0.989 0.002 0.003 
347 TMA-ZAIN-G-    (9)    7 :  0.004 0.002 0.988 0.002 0.003 
348 TMA-ZAIN-G-    (0)    7 :  0.004 0.003 0.986 0.003 0.004 
349 TMA-ZAIN-G-    (0)    7 :  0.003 0.003 0.988 0.002 0.003 
350 TMA-ZAIN-G-    (0)    7 :  0.004 0.002 0.985 0.003 0.006 
351 TMA-ZAIN-G-    (0)    7 :  0.004 0.002 0.988 0.003 0.003 
352 TMA-ZAIN-G-    (0)    7 :  0.005 0.002 0.986 0.003 0.005 
353 TMA-ZAIN-G-    (0)    7 :  0.004 0.003 0.984 0.003 0.005 
354 TMA-ZAIN-G-    (0)    7 :  0.004 0.003 0.987 0.002 0.004 
355 TMA-ZAIN-G-    (0)    7 :  0.005 0.003 0.984 0.003 0.006 
356 TMA-ZAIN-G-    (0)    8 :  0.002 0.004 0.008 0.002 0.983 
357 TMA-ZAIN-G-    (0)    8 :  0.003 0.004 0.005 0.004 0.984 
358 TMA-ZAIN-G-    (0)    8 :  0.005 0.014 0.010 0.007 0.964 
359 TMA-ZAIN-G-    (0)    8 :  0.025 0.004 0.056 0.003 0.912 
360 TMA-ZAIN-G-    (0)    8 :  0.003 0.006 0.003 0.002 0.986 
361 TMA-ZAIN-G-    (0)    8 :  0.025 0.051 0.004 0.031 0.888 
362 TMA-ZAIN-G-    (0)    8 :  0.006 0.004 0.009 0.002 0.979 
363 TMA-ZAIN-G-    (0)    9 :  0.005 0.004 0.014 0.004 0.973 
364 TMA-ZAIN-G-    (0)    9 :  0.008 0.003 0.969 0.003 0.017 
365 TMA-ZAIN-G-    (0)    9 :  0.030 0.007 0.256 0.003 0.704 
366 TMA-ZAIN-G-    (0)    9 :  0.004 0.018 0.007 0.016 0.954 
367 TMA-ZAIN-G-    (0)    9 :  0.011 0.003 0.008 0.008 0.970 
368 TMA-ZAIN-G-    (0)    9 :  0.004 0.016 0.005 0.013 0.963 
369 TMA-ZAIN-G-    (0)    9 :  0.002 0.004 0.003 0.003 0.987 
370 TMA-ZAIN-G-    (0)    9 :  0.031 0.068 0.003 0.031 0.867 
371 TMA-ZAIN-G-    (0)    9 :  0.003 0.006 0.004 0.003 0.984 
372 TMA-ZAIN-G-    (0)    9 :  0.003 0.009 0.004 0.003 0.981 
373 TMA-ZAIN-G-    (0)    9 :  0.007 0.004 0.005 0.012 0.972 
374 TMA-ZAIN-G-    (0)   10 :  0.038 0.004 0.138 0.006 0.814 
375 TMA-ZAIN-G-    (0)   10 :  0.018 0.005 0.451 0.003 0.522 
376 TMA-ZAIN-G-    (9)   10 :  0.003 0.005 0.003 0.002 0.986 
377 TMA-ZAIN-G-    (0)   10 :  0.002 0.006 0.003 0.003 0.987 
378 TMA-ZAIN-G-    (0)   10 :  0.002 0.007 0.003 0.002 0.986 
379 TMA-ZAIN-G-    (0)   10 :  0.003 0.004 0.003 0.003 0.987 
380 TMA-ZAIN-G-    (0)   10 :  0.003 0.011 0.004 0.007 0.976 
381 TMA-ZAIN-G-    (9)   10 :  0.110 0.065 0.441 0.029 0.356 
382 TMA-ZAIN-G-    (9)   10 :  0.114 0.019 0.833 0.026 0.008 
383    ZFB01    (0)   11 :  0.791 0.005 0.021 0.005 0.178 
384    ZFB02    (0)   11 :  0.969 0.003 0.012 0.006 0.010 
385    ZFB03    (0)   11 :  0.939 0.006 0.022 0.013 0.020 
386    ZFB04    (0)   11 :  0.970 0.004 0.011 0.004 0.011 
387    ZFB05    (0)   11 :  0.920 0.003 0.050 0.010 0.017 
388    ZFB06    (0)   11 :  0.941 0.003 0.033 0.006 0.017 
389    ZFB07    (9)   11 :  0.972 0.009 0.007 0.006 0.006 
390    ZFB08    (0)   11 :  0.952 0.007 0.019 0.009 0.013 
391    ZFB09    (0)   11 :  0.938 0.004 0.023 0.004 0.031 
392    ZFB10    (0)   11 :  0.882 0.013 0.032 0.005 0.069 
393    ZFB11    (0)   11 :  0.639 0.006 0.050 0.005 0.299 
394    ZFB12    (0)   11 :  0.852 0.006 0.033 0.007 0.102 
395    ZFB13    (0)   11 :  0.967 0.008 0.015 0.005 0.005 
396    ZFB14    (0)   11 :  0.943 0.007 0.021 0.007 0.022 
397    ZFB15    (0)   11 :  0.934 0.003 0.038 0.003 0.022 
398    ZFB16    (0)   11 :  0.948 0.004 0.034 0.003 0.011 
399    ZFB17    (0)   11 :  0.940 0.004 0.030 0.005 0.021 
400    ZFB18    (0)   11 :  0.901 0.006 0.022 0.006 0.065 
401    ZFB19    (0)   11 :  0.954 0.022 0.011 0.005 0.009 
402    ZFB20    (0)   11 :  0.927 0.004 0.043 0.003 0.023 
403    ZFB21    (0)   11 :  0.925 0.003 0.054 0.004 0.015 
404    ZFB22    (0)   11 :  0.875 0.005 0.045 0.003 0.072 
405    ZFB23    (0)   11 :  0.892 0.009 0.026 0.007 0.065 
406    ZFB24    (0)   11 :  0.743 0.005 0.019 0.005 0.229 
407    ZFB25    (0)   11 :  0.791 0.031 0.064 0.013 0.101 
408    ZFB26    (0)   11 :  0.879 0.016 0.026 0.007 0.072 
409    ZFB27    (0)   11 :  0.694 0.007 0.122 0.004 0.172 
410    ZFB28    (0)   11 :  0.276 0.021 0.579 0.111 0.012 
411    ZFB29    (0)   11 :  0.872 0.004 0.036 0.005 0.082 
412    ZFB30    (0)   11 :  0.903 0.007 0.029 0.005 0.057 
413    ZFB31    (0)   11 :  0.938 0.026 0.019 0.006 0.011 
414    ZFB32    (0)   11 :  0.689 0.012 0.124 0.137 0.038 
415    ZFB33    (0)   11 :  0.910 0.003 0.038 0.003 0.046 
416    ZFB34    (0)   11 :  0.968 0.005 0.008 0.007 0.012 
417    ZFB35    (0)   11 :  0.959 0.007 0.010 0.006 0.017 
418  ZFBP101    (0)   12 :  0.015 0.835 0.011 0.131 0.008 
419  ZFBP102    (0)   12 :  0.024 0.927 0.015 0.025 0.008 
420  ZFBP103    (0)   12 :  0.009 0.661 0.004 0.319 0.007 
421  ZFBP104    (0)   12 :  0.055 0.903 0.032 0.006 0.004 
422  ZFBP105    (0)   12 :  0.007 0.968 0.011 0.008 0.005 
423  ZFBP106    (0)   12 :  0.004 0.979 0.003 0.010 0.004 
424  ZFBP107    (0)   12 :  0.017 0.949 0.012 0.016 0.006 
425  ZFBP108    (0)   12 :  0.004 0.985 0.003 0.005 0.004 
426  ZFBP109    (0)   12 :  0.004 0.967 0.004 0.005 0.021 
427  ZFBP110    (0)   12 :  0.027 0.656 0.012 0.282 0.023 
428  ZFBP111    (0)   12 :  0.003 0.986 0.002 0.005 0.004 
429  ZFBP112    (0)   12 :  0.006 0.977 0.005 0.008 0.005 
430  ZFBP113    (0)   12 :  0.005 0.983 0.004 0.004 0.004 
431  ZFBP114    (0)   12 :  0.006 0.976 0.004 0.008 0.005 
432  ZFBP115    (0)   12 :  0.004 0.975 0.003 0.014 0.004 
433  ZFBP116    (0)   12 :  0.004 0.984 0.003 0.005 0.004 
434  ZFBP117    (0)   12 :  0.003 0.982 0.003 0.008 0.004 
435  ZFBP118    (0)   12 :  0.006 0.979 0.004 0.006 0.006 
436  ZFBP119    (0)   12 :  0.004 0.962 0.003 0.026 0.005 
437  ZFBP120    (0)   12 :  0.008 0.974 0.007 0.006 0.005 
438  ZFBP121    (0)   12 :  0.005 0.975 0.004 0.011 0.005 
439  ZFBP122    (9)   12 :  0.004 0.983 0.002 0.005 0.005 
440  ZFBP123    (0)   12 :  0.006 0.973 0.004 0.013 0.004 
441  ZFBP124    (0)   12 :  0.006 0.978 0.005 0.007 0.004 
442  ZFBP125    (0)   12 :  0.003 0.985 0.002 0.007 0.004 
443  ZFBP126    (0)   12 :  0.024 0.924 0.010 0.031 0.011 
444  ZFBP127    (0)   12 :  0.003 0.973 0.002 0.011 0.010 
445  ZFBP128    (0)   12 :  0.003 0.982 0.003 0.007 0.004 
446  ZFBP129    (0)   12 :  0.004 0.980 0.003 0.008 0.005 
447  ZFBP130    (0)   12 :  0.003 0.983 0.002 0.008 0.004 
448  ZFBP131    (0)   12 :  0.005 0.982 0.003 0.004 0.006 
449  ZFBP132    (0)   12 :  0.003 0.981 0.002 0.007 0.006 
450  ZFBP133    (0)   12 :  0.003 0.985 0.002 0.005 0.004 
451  ZFBP134    (0)   12 :  0.004 0.971 0.003 0.016 0.005 
452  ZFBP135    (0)   12 :  0.016 0.639 0.010 0.326 0.008 
453  ZFBP136    (0)   12 :  0.006 0.907 0.005 0.078 0.004 
454  ZFBP201    (0)   13 :  0.008 0.974 0.004 0.008 0.006 
455  ZFBP202    (0)   13 :  0.005 0.980 0.004 0.005 0.005 
456  ZFBP203    (0)   13 :  0.017 0.962 0.011 0.005 0.005 
457  ZFBP204    (0)   13 :  0.005 0.962 0.005 0.024 0.004 
458  ZFBP205    (0)   13 :  0.004 0.983 0.003 0.006 0.004 
459  ZFBP206    (0)   13 :  0.008 0.975 0.004 0.009 0.005 
460  ZFBP207    (0)   13 :  0.004 0.967 0.003 0.023 0.003 
461  ZFBP208    (0)   13 :  0.008 0.975 0.005 0.007 0.005 
462  ZFBP209    (0)   13 :  0.003 0.983 0.002 0.005 0.008 
463  ZFBP210    (0)   13 :  0.006 0.977 0.004 0.007 0.006 
464  ZFBP211    (0)   13 :  0.005 0.979 0.004 0.007 0.005 
465  ZFBP212    (0)   13 :  0.004 0.983 0.003 0.005 0.005 
466  ZFBP213    (0)   13 :  0.010 0.970 0.004 0.012 0.005 
467  ZFBP214    (0)   13 :  0.010 0.934 0.004 0.046 0.007 
468  ZFBP215    (0)   13 :  0.004 0.981 0.003 0.007 0.006 
469  ZFBP216    (0)   13 :  0.008 0.972 0.008 0.006 0.006 
470  ZFBP217    (0)   13 :  0.004 0.979 0.002 0.009 0.006 
471  ZFBP218    (0)   13 :  0.003 0.987 0.002 0.003 0.004 
472  ZFBP219    (0)   13 :  0.004 0.984 0.003 0.004 0.005 
473  ZFBP220    (0)   13 :  0.003 0.980 0.003 0.009 0.004 
474  ZFBP221    (0)   13 :  0.004 0.985 0.003 0.004 0.004 
475  ZFBP222    (0)   13 :  0.005 0.978 0.004 0.007 0.005 
476  ZFBP223    (0)   13 :  0.007 0.951 0.004 0.032 0.006 
477  ZFBP224    (0)   13 :  0.006 0.979 0.003 0.006 0.005 
478  ZFBP225    (0)   13 :  0.004 0.976 0.003 0.012 0.005 
479  ZFBP226    (0)   13 :  0.005 0.980 0.004 0.006 0.006 
480  ZFBP227    (0)   13 :  0.089 0.865 0.034 0.008 0.005 
481  ZFBP228    (0)   13 :  0.004 0.972 0.003 0.015 0.006 
482  ZFBP229    (0)   13 :  0.004 0.983 0.002 0.006 0.005 
483  ZFBP230    (0)   13 :  0.004 0.977 0.004 0.010 0.005 
484  ZFBP231    (0)   13 :  0.006 0.978 0.005 0.006 0.004 
485  ZFBP232    (0)   13 :  0.004 0.984 0.003 0.005 0.004 
486  ZFBP233    (0)   13 :  0.006 0.978 0.005 0.005 0.007 
487   ZFCC01    (0)   14 :  0.013 0.005 0.007 0.973 0.004 
488   ZFCC03    (0)   14 :  0.005 0.005 0.002 0.984 0.003 
489   ZFCC04    (0)   14 :  0.006 0.005 0.003 0.983 0.003 
490   ZFCC05    (0)   14 :  0.007 0.006 0.003 0.980 0.004 
491   ZFCC08    (0)   14 :  0.005 0.021 0.003 0.969 0.003 
492   ZFCC09    (0)   14 :  0.007 0.004 0.002 0.985 0.003 
493   ZFCC10    (0)   14 :  0.012 0.005 0.008 0.971 0.003 
494   ZFCC11    (0)   14 :  0.005 0.005 0.008 0.979 0.003 
495   ZFCC12    (0)   14 :  0.094 0.005 0.009 0.889 0.003 
496   ZFCC13    (0)   14 :  0.008 0.012 0.004 0.971 0.005 
497   ZFCC14    (0)   14 :  0.013 0.008 0.004 0.971 0.005 
498   ZFCC15    (0)   14 :  0.010 0.006 0.004 0.977 0.003 
499   ZFCC16    (0)   14 :  0.008 0.004 0.003 0.982 0.003 
500   ZFCC17    (0)   14 :  0.010 0.003 0.003 0.981 0.003 
501   ZFCC18    (0)   14 :  0.008 0.004 0.003 0.982 0.003 
502   ZFCC19    (0)   14 :  0.018 0.004 0.011 0.965 0.003 
503   ZFCC20    (0)   14 :  0.005 0.004 0.002 0.986 0.003 
504   ZFCC21    (0)   14 :  0.060 0.097 0.004 0.834 0.006 
505   ZFCC22    (0)   14 :  0.015 0.452 0.003 0.523 0.007 
506   ZFCC26    (0)   14 :  0.008 0.004 0.003 0.983 0.003 
507   ZFCC27    (0)   14 :  0.004 0.004 0.006 0.984 0.003 
508   ZFCC29    (0)   14 :  0.014 0.005 0.003 0.975 0.003 
509   ZFCC30    (0)   14 :  0.003 0.004 0.005 0.985 0.003 
510   ZFCC32    (0)   14 :  0.014 0.006 0.003 0.974 0.003 
511   ZFCC33    (0)   14 :  0.010 0.004 0.005 0.979 0.002 
512   ZFCC34    (0)   14 :  0.014 0.026 0.003 0.951 0.006 
513   ZFCC35    (0)   14 :  0.004 0.005 0.006 0.982 0.003 
514   ZFCC36    (0)   14 :  0.014 0.012 0.004 0.965 0.005 
515   ZFCC37    (0)   14 :  0.103 0.008 0.009 0.876 0.004 
516   ZFCC40    (0)   14 :  0.012 0.007 0.010 0.967 0.005 
517   ZFCC42    (0)   14 :  0.370 0.007 0.024 0.595 0.003 
518   ZFCC44    (0)   14 :  0.004 0.003 0.003 0.988 0.003 
519   ZFCC45    (9)   14 :  0.041 0.005 0.007 0.943 0.004 
520   ZFCC46    (0)   14 :  0.004 0.014 0.002 0.976 0.003 
521   ZFCC47    (0)   14 :  0.051 0.006 0.008 0.933 0.003 
522   ZFCC48    (0)   14 :  0.014 0.056 0.003 0.922 0.005 
523   ZFCC50    (0)   14 :  0.009 0.004 0.002 0.982 0.003 
524   ZFCC51    (0)   14 :  0.004 0.004 0.002 0.987 0.003 
525   ZFCC52    (0)   14 :  0.006 0.012 0.007 0.971 0.004 
526   ZFCC53    (0)   14 :  0.004 0.003 0.005 0.985 0.003 
527  ZFCNS01    (0)   15 :  0.008 0.023 0.007 0.958 0.005 
528  ZFCNS02    (0)   15 :  0.003 0.011 0.003 0.980 0.003 
529  ZFCNS05    (0)   15 :  0.005 0.019 0.003 0.968 0.005 
530  ZFCNS06    (0)   15 :  0.005 0.013 0.003 0.975 0.004 
531  ZFCNS07    (0)   15 :  0.005 0.456 0.003 0.530 0.007 
532  ZFCNS10    (0)   15 :  0.004 0.091 0.003 0.898 0.005 
533  ZFCNS11    (0)   15 :  0.005 0.013 0.004 0.974 0.004 
534  ZFCNS15    (0)   15 :  0.007 0.843 0.003 0.141 0.005 
535  ZFCNS17    (0)   15 :  0.004 0.012 0.003 0.978 0.004 
536  ZFCNS18    (0)   15 :  0.004 0.039 0.003 0.949 0.005 
537  ZFCNS19    (0)   15 :  0.004 0.008 0.003 0.982 0.003 
538  ZFCNS20    (0)   15 :  0.005 0.152 0.003 0.834 0.007 
539  ZFCNS21    (0)   15 :  0.004 0.008 0.003 0.982 0.004 
540  ZFCNS22    (0)   15 :  0.006 0.156 0.004 0.825 0.010 
541  ZFCNS23    (0)   15 :  0.005 0.014 0.003 0.974 0.004 
542  ZFCNS24    (0)   15 :  0.004 0.007 0.003 0.984 0.003 
543  ZFCNS25    (0)   15 :  0.004 0.060 0.003 0.928 0.005 
544  ZFCNS26    (0)   15 :  0.007 0.348 0.003 0.635 0.007 
545  ZFCNS27    (0)   15 :  0.006 0.912 0.004 0.074 0.005 
546  ZFCNS28    (0)   15 :  0.007 0.025 0.003 0.960 0.005 
547  ZFCNS29    (0)   15 :  0.004 0.014 0.003 0.975 0.004 
548  ZFCNS30    (0)   15 :  0.005 0.008 0.003 0.981 0.003 
549  ZFCNS31    (0)   15 :  0.005 0.072 0.003 0.914 0.006 
550  ZFCNS32    (0)   15 :  0.005 0.034 0.003 0.954 0.004 
551  ZFCNS33    (0)   15 :  0.004 0.028 0.003 0.961 0.004 
552  ZFCNS34    (0)   15 :  0.004 0.005 0.003 0.986 0.003 
553  ZFCNS35    (0)   15 :  0.006 0.022 0.006 0.962 0.004 
554  ZFCNS36    (0)   15 :  0.003 0.009 0.002 0.983 0.003 
555  ZFCNS37    (0)   15 :  0.006 0.058 0.003 0.923 0.010 
556  ZFCNS39    (0)   15 :  0.003 0.011 0.002 0.980 0.003 
557  ZFCNS40    (0)   15 :  0.004 0.037 0.003 0.951 0.006 
558  ZFCNS41    (0)   15 :  0.011 0.225 0.013 0.743 0.008 
559  ZFCNS42    (0)   15 :  0.004 0.063 0.003 0.924 0.006 
560  ZFCNS43    (0)   15 :  0.004 0.007 0.003 0.984 0.003 
561  ZFCNS44    (0)   15 :  0.004 0.018 0.003 0.970 0.005 
562  ZFCNS45    (0)   15 :  0.004 0.010 0.002 0.981 0.003 
563  ZFCNS46    (0)   15 :  0.004 0.025 0.003 0.963 0.005 
564  ZFCNS47    (0)   15 :  0.004 0.010 0.003 0.980 0.003 
565  ZFCNS48    (0)   15 :  0.004 0.042 0.003 0.947 0.005 
566  ZFCNS49    (0)   15 :  0.005 0.819 0.003 0.168 0.005 
567   ZFCR01    (0)   16 :  0.952 0.018 0.004 0.006 0.020 
568   ZFCR02    (0)   16 :  0.828 0.059 0.024 0.026 0.063 
569   ZFCR03    (0)   16 :  0.966 0.020 0.003 0.007 0.004 
570   ZFCR04    (0)   16 :  0.956 0.019 0.003 0.014 0.008 
571   ZFCR05    (0)   16 :  0.973 0.007 0.004 0.011 0.005 
572   ZFCR06    (0)   16 :  0.604 0.242 0.012 0.113 0.030 
573   ZFCR07    (0)   16 :  0.758 0.029 0.011 0.198 0.005 
574   ZFCR08    (0)   16 :  0.898 0.048 0.005 0.032 0.017 
575   ZFCR09    (0)   16 :  0.894 0.043 0.014 0.042 0.008 
576   ZFCR11    (0)   16 :  0.869 0.089 0.007 0.020 0.015 
577   ZFCR12    (0)   16 :  0.589 0.125 0.003 0.277 0.005 
578   ZFCR13    (0)   16 :  0.773 0.172 0.021 0.015 0.020 
579   ZFCR14    (0)   16 :  0.931 0.025 0.007 0.024 0.014 
580   ZFCR15    (0)   16 :  0.957 0.024 0.003 0.012 0.004 
581   ZFCR16    (0)   16 :  0.805 0.029 0.005 0.007 0.154 
582   ZFCR18    (0)   16 :  0.882 0.008 0.075 0.012 0.023 
583   ZFCR19    (0)   16 :  0.886 0.079 0.004 0.023 0.008 
584   ZFCR20    (0)   16 :  0.932 0.040 0.009 0.010 0.010 
585   ZFCR21    (0)   16 :  0.958 0.019 0.005 0.016 0.003 
586   ZFCR22    (0)   16 :  0.953 0.028 0.006 0.009 0.005 
587   ZFCR23    (0)   16 :  0.902 0.051 0.016 0.004 0.027 
588   ZFCR24    (9)   16 :  0.562 0.414 0.006 0.006 0.012 
589   ZFCR25    (0)   16 :  0.980 0.009 0.003 0.006 0.003 
590   ZFCR26    (0)   16 :  0.916 0.051 0.005 0.024 0.004 
591   ZFCR27    (9)   16 :  0.969 0.003 0.018 0.004 0.005 
