

----------------------------------------------------
STRUCTURE by Pritchard, Stephens and Donnelly (2000)
     and Falush, Stephens and Pritchard (2003)
       Code by Pritchard, Falush and Hubisz
             Version 2.3.4 (Jul 2012)
----------------------------------------------------



Command line arguments:   bin\structure -m C:\Users\eschumacher\Documents\GitHub\GCC_QUAC_ZAIN\Data_Files\Structure_Files\ZAIN\ZAIN_og_allpop_STR\50-50\mainparams -e C:\Users\eschumacher\Documents\GitHub\GCC_QUAC_ZAIN\Data_Files\Structure_Files\ZAIN\ZAIN_og_allpop_STR\50-50\extraparams 
Input File:    C:\Users\eschumacher\Documents\GitHub\GCC_QUAC_ZAIN\Data_Files\Structure_Files\ZAIN\ZAIN_og_allpop_STR\project_data

Run parameters:
   1135 individuals
   11 loci
   5 populations assumed
   50000 Burn-in period
   50000 Reps


--------------------------------------------
Proportion of membership of each pre-defined
 population in each of the 5 clusters

Given    Inferred Clusters                     Number of
 Pop       1      2      3      4      5      Individuals

  1:     0.365  0.009  0.013  0.011  0.602      303
  2:     0.311  0.005  0.011  0.018  0.655       15
  3:     0.545  0.004  0.038  0.006  0.407        2
  4:     0.241  0.007  0.029  0.004  0.718        2
  5:     0.377  0.016  0.017  0.015  0.575        7
  6:     0.695  0.005  0.009  0.012  0.279       13
  7:     0.984  0.003  0.005  0.003  0.005       13
  8:     0.021  0.013  0.008  0.007  0.951        7
  9:     0.121  0.013  0.008  0.010  0.848       11
 10:     0.217  0.014  0.017  0.008  0.744        9
 11:     0.069  0.010  0.840  0.012  0.068       35
 12:     0.006  0.941  0.009  0.037  0.006       36
 13:     0.005  0.970  0.009  0.011  0.005       33
 14:     0.006  0.023  0.023  0.943  0.004       40
 15:     0.003  0.126  0.005  0.861  0.005       40
 16:     0.018  0.072  0.847  0.045  0.019       40
 17:     0.090  0.036  0.790  0.067  0.017       37
 18:     0.003  0.978  0.007  0.008  0.005       40
 19:     0.009  0.008  0.933  0.046  0.004       28
 20:     0.006  0.015  0.081  0.895  0.003       14
 21:     0.345  0.036  0.488  0.126  0.005       13
 22:     0.003  0.834  0.006  0.152  0.005       14
 23:     0.007  0.971  0.006  0.011  0.005       25
 24:     0.004  0.950  0.015  0.022  0.009       40
 25:     0.017  0.025  0.030  0.906  0.022       32
 26:     0.836  0.019  0.091  0.047  0.007       21
 27:     0.018  0.010  0.948  0.009  0.016        4
 28:     0.007  0.023  0.952  0.012  0.006       23
 29:     0.004  0.006  0.978  0.008  0.004       39
 30:     0.010  0.004  0.977  0.005  0.003       38
 31:     0.004  0.865  0.007  0.119  0.005       45
 32:     0.007  0.890  0.007  0.090  0.006       28
 33:     0.016  0.006  0.948  0.007  0.022        6
 34:     0.026  0.094  0.809  0.064  0.007       40
 35:     0.084  0.076  0.783  0.039  0.017       42
--------------------------------------------

Allele-freq. divergence among pops (Net nucleotide distance),
computed using point estimates of P.

      1       2       3       4       5      
 1      -    0.3102  0.1487  0.2766  0.1523  
 2   0.3102     -    0.1580  0.1096  0.2688  
 3   0.1487  0.1580     -    0.1123  0.2362  
 4   0.2766  0.1096  0.1123     -    0.2919  
 5   0.1523  0.2688  0.2362  0.2919     -    

Average distances (expected heterozygosity) between individuals in same cluster:
cluster  1  : 0.5458 
cluster  2  : 0.4589 
cluster  3  : 0.5505 
cluster  4  : 0.4396 
cluster  5  : 0.4842 

--------------------------------------------
Estimated Ln Prob of Data   = -24741.2
Mean value of ln likelihood = -24382.7
Variance of ln likelihood   = 716.9
Mean value of alpha         = 0.0347

Mean value of Fst_1         = 0.2322
Mean value of Fst_2         = 0.4140
Mean value of Fst_3         = 0.2273
Mean value of Fst_4         = 0.4524
Mean value of Fst_5         = 0.3092


Inferred ancestry of individuals:
        Label (%Miss) Pop:  Inferred clusters
  1 TMA-ZAIN-G-    (9)    1 :  0.592 0.004 0.184 0.004 0.216 
  2 TMA-ZAIN-G-    (0)    1 :  0.733 0.066 0.042 0.046 0.114 
  3 TMA-ZAIN-G-    (0)    1 :  0.004 0.005 0.003 0.004 0.985 
  4 TMA-ZAIN-G-    (0)    1 :  0.111 0.003 0.039 0.023 0.823 
  5 TMA-ZAIN-G-    (0)    1 :  0.934 0.007 0.042 0.005 0.011 
  6 TMA-ZAIN-G-    (0)    1 :  0.061 0.005 0.013 0.007 0.915 
  7 TMA-ZAIN-G-    (0)    1 :  0.009 0.005 0.005 0.006 0.976 
  8 TMA-ZAIN-G-    (0)    1 :  0.003 0.005 0.003 0.004 0.985 
  9 TMA-ZAIN-G-    (9)    1 :  0.010 0.052 0.036 0.023 0.880 
 10 TMA-ZAIN-G-    (0)    1 :  0.005 0.005 0.003 0.003 0.985 
 11 TMA-ZAIN-G-    (0)    1 :  0.007 0.013 0.005 0.010 0.966 
 12 TMA-ZAIN-G-    (0)    1 :  0.003 0.005 0.004 0.004 0.984 
 13 TMA-ZAIN-G-    (9)    1 :  0.038 0.007 0.008 0.004 0.943 
 14 TMA-ZAIN-G-    (9)    1 :  0.009 0.004 0.010 0.013 0.964 
 15 TMA-ZAIN-G-    (0)    1 :  0.005 0.003 0.007 0.011 0.974 
 16 TMA-ZAIN-G-    (0)    1 :  0.005 0.005 0.004 0.002 0.984 
 17 TMA-ZAIN-G-    (9)    1 :  0.007 0.003 0.005 0.004 0.982 
 18 TMA-ZAIN-G-    (0)    1 :  0.936 0.004 0.017 0.006 0.037 
 19 TMA-ZAIN-G-    (0)    1 :  0.820 0.003 0.014 0.004 0.159 
 20 TMA-ZAIN-G-    (0)    1 :  0.984 0.003 0.004 0.005 0.004 
 21 TMA-ZAIN-G-    (0)    1 :  0.986 0.004 0.003 0.003 0.004 
 22 TMA-ZAIN-G-    (0)    1 :  0.986 0.002 0.006 0.003 0.003 
 23 TMA-ZAIN-G-    (0)    1 :  0.981 0.003 0.006 0.003 0.008 
 24 TMA-ZAIN-G-    (9)    1 :  0.852 0.073 0.003 0.007 0.065 
 25 TMA-ZAIN-G-    (9)    1 :  0.857 0.020 0.039 0.002 0.082 
 26 TMA-ZAIN-G-    (9)    1 :  0.074 0.005 0.002 0.017 0.902 
 27 TMA-ZAIN-G-    (0)    1 :  0.888 0.008 0.017 0.037 0.050 
 28 TMA-ZAIN-G-    (0)    1 :  0.558 0.075 0.221 0.013 0.133 
 29 TMA-ZAIN-G-    (0)    1 :  0.207 0.015 0.007 0.004 0.767 
 30 TMA-ZAIN-G-    (0)    1 :  0.016 0.070 0.021 0.015 0.878 
 31 TMA-ZAIN-G-    (0)    1 :  0.967 0.005 0.008 0.010 0.010 
 32 TMA-ZAIN-G-    (9)    1 :  0.467 0.009 0.008 0.004 0.511 
 33 TMA-ZAIN-G-   (18)    1 :  0.004 0.005 0.003 0.003 0.985 
 34 TMA-ZAIN-G-    (0)    1 :  0.039 0.005 0.004 0.004 0.947 
 35 TMA-ZAIN-G-    (9)    1 :  0.004 0.004 0.004 0.004 0.984 
 36 TMA-ZAIN-G-    (0)    1 :  0.004 0.004 0.003 0.004 0.985 
 37 TMA-ZAIN-G-    (9)    1 :  0.010 0.005 0.005 0.005 0.975 
 38 TMA-ZAIN-G-   (18)    1 :  0.587 0.006 0.056 0.006 0.346 
 39 TMA-ZAIN-G-    (0)    1 :  0.006 0.007 0.003 0.003 0.982 
 40 TMA-ZAIN-G-    (0)    1 :  0.004 0.005 0.003 0.003 0.986 
 41 TMA-ZAIN-G-    (0)    1 :  0.004 0.005 0.003 0.004 0.984 
 42 TMA-ZAIN-G-    (9)    1 :  0.003 0.004 0.003 0.006 0.984 
 43 TMA-ZAIN-G-    (0)    1 :  0.006 0.003 0.007 0.021 0.963 
 44 TMA-ZAIN-G-    (0)    1 :  0.916 0.026 0.006 0.033 0.018 
 45 TMA-ZAIN-G-    (0)    1 :  0.010 0.006 0.006 0.005 0.973 
 46 TMA-ZAIN-G-    (0)    1 :  0.988 0.003 0.003 0.003 0.003 
 47 TMA-ZAIN-G-    (0)    1 :  0.051 0.003 0.007 0.015 0.924 
 48 TMA-ZAIN-G-    (0)    1 :  0.023 0.005 0.005 0.009 0.958 
 49 TMA-ZAIN-G-    (9)    1 :  0.866 0.014 0.026 0.004 0.091 
 50 TMA-ZAIN-G-    (0)    1 :  0.893 0.009 0.006 0.003 0.089 
 51 TMA-ZAIN-G-    (0)    1 :  0.588 0.027 0.011 0.353 0.020 
 52 TMA-ZAIN-G-    (0)    1 :  0.533 0.065 0.053 0.130 0.219 
 53 TMA-ZAIN-G-    (0)    1 :  0.783 0.009 0.009 0.144 0.054 
 54 TMA-ZAIN-G-    (0)    1 :  0.043 0.004 0.005 0.017 0.931 
 55 TMA-ZAIN-G-    (0)    1 :  0.061 0.004 0.005 0.015 0.916 
 56 TMA-ZAIN-G-    (0)    1 :  0.159 0.004 0.041 0.022 0.774 
 57 TMA-ZAIN-G-    (0)    1 :  0.103 0.004 0.007 0.009 0.877 
 58 TMA-ZAIN-G-    (0)    1 :  0.891 0.005 0.012 0.006 0.087 
 59 TMA-ZAIN-G-    (0)    1 :  0.770 0.042 0.006 0.009 0.174 
 60 TMA-ZAIN-G-    (0)    1 :  0.928 0.006 0.014 0.011 0.041 
 61 TMA-ZAIN-G-    (0)    1 :  0.970 0.006 0.008 0.005 0.010 
 62 TMA-ZAIN-G-    (9)    1 :  0.907 0.010 0.038 0.009 0.036 
 63 TMA-ZAIN-G-    (0)    1 :  0.925 0.005 0.039 0.011 0.020 
 64 TMA-ZAIN-G-    (0)    1 :  0.003 0.015 0.003 0.003 0.976 
 65 TMA-ZAIN-G-    (9)    1 :  0.003 0.005 0.003 0.004 0.985 
 66 TMA-ZAIN-G-    (0)    1 :  0.003 0.008 0.003 0.003 0.983 
 67 TMA-ZAIN-G-    (0)    1 :  0.011 0.007 0.005 0.003 0.973 
 68 TMA-ZAIN-G-    (0)    1 :  0.003 0.007 0.002 0.004 0.984 
 69 TMA-ZAIN-G-    (0)    1 :  0.019 0.014 0.010 0.008 0.949 
 70 TMA-ZAIN-G-    (0)    1 :  0.006 0.013 0.004 0.007 0.970 
 71 TMA-ZAIN-G-    (0)    1 :  0.005 0.029 0.004 0.010 0.953 
 72 TMA-ZAIN-G-    (0)    1 :  0.004 0.005 0.003 0.004 0.983 
 73 TMA-ZAIN-G-    (0)    1 :  0.034 0.010 0.003 0.015 0.937 
 74 TMA-ZAIN-G-    (0)    1 :  0.018 0.012 0.007 0.007 0.955 
 75 TMA-ZAIN-G-    (0)    1 :  0.005 0.018 0.005 0.026 0.947 
 76 TMA-ZAIN-G-    (0)    1 :  0.067 0.025 0.017 0.012 0.878 
 77 TMA-ZAIN-G-    (0)    1 :  0.008 0.006 0.003 0.004 0.979 
 78 TMA-ZAIN-G-    (0)    1 :  0.041 0.004 0.009 0.004 0.941 
 79 TMA-ZAIN-G-    (0)    1 :  0.021 0.004 0.004 0.005 0.966 
 80 TMA-ZAIN-G-    (0)    1 :  0.005 0.005 0.003 0.003 0.983 
 81 TMA-ZAIN-G-    (0)    1 :  0.010 0.007 0.004 0.007 0.972 
 82 TMA-ZAIN-G-    (0)    1 :  0.003 0.010 0.004 0.006 0.977 
 83 TMA-ZAIN-G-    (9)    1 :  0.037 0.007 0.004 0.006 0.946 
 84 TMA-ZAIN-G-    (0)    1 :  0.038 0.005 0.005 0.003 0.949 
 85 TMA-ZAIN-G-    (0)    1 :  0.936 0.002 0.008 0.004 0.049 
 86 TMA-ZAIN-G-    (0)    1 :  0.854 0.003 0.008 0.005 0.130 
 87 TMA-ZAIN-G-    (0)    1 :  0.975 0.003 0.006 0.004 0.013 
 88 TMA-ZAIN-G-    (0)    1 :  0.380 0.005 0.005 0.006 0.604 
 89 TMA-ZAIN-G-    (0)    1 :  0.331 0.005 0.010 0.014 0.640 
 90 TMA-ZAIN-G-    (0)    1 :  0.682 0.003 0.013 0.006 0.295 
 91 TMA-ZAIN-G-    (0)    1 :  0.553 0.004 0.006 0.015 0.422 
 92 TMA-ZAIN-G-    (0)    1 :  0.812 0.004 0.005 0.007 0.173 
 93 TMA-ZAIN-G-    (0)    1 :  0.595 0.005 0.006 0.025 0.369 
 94 TMA-ZAIN-G-    (0)    1 :  0.962 0.004 0.006 0.007 0.021 
 95 TMA-ZAIN-G-    (0)    1 :  0.743 0.156 0.069 0.010 0.022 
 96 TMA-ZAIN-G-    (0)    1 :  0.164 0.008 0.331 0.006 0.491 
 97 TMA-ZAIN-G-    (0)    1 :  0.946 0.010 0.030 0.007 0.008 
 98 TMA-ZAIN-G-    (0)    1 :  0.877 0.073 0.031 0.011 0.009 
 99 TMA-ZAIN-G-    (0)    1 :  0.726 0.118 0.012 0.004 0.139 
100 TMA-ZAIN-G-    (0)    1 :  0.969 0.004 0.008 0.013 0.006 
101 TMA-ZAIN-G-    (0)    1 :  0.896 0.018 0.016 0.007 0.064 
102 TMA-ZAIN-G-    (0)    1 :  0.931 0.010 0.008 0.006 0.045 
103 TMA-ZAIN-G-    (0)    1 :  0.934 0.005 0.021 0.003 0.037 
104 TMA-ZAIN-G-    (0)    1 :  0.836 0.013 0.136 0.006 0.009 
105 TMA-ZAIN-G-    (0)    1 :  0.890 0.006 0.030 0.004 0.071 
106 TMA-ZAIN-G-    (0)    1 :  0.004 0.006 0.003 0.003 0.984 
107 TMA-ZAIN-G-    (0)    1 :  0.004 0.010 0.003 0.003 0.980 
108 TMA-ZAIN-G-    (9)    1 :  0.461 0.005 0.013 0.012 0.509 
109 TMA-ZAIN-G-    (0)    1 :  0.144 0.005 0.076 0.004 0.770 
110 TMA-ZAIN-G-    (0)    1 :  0.184 0.005 0.011 0.003 0.796 
111 TMA-ZAIN-G-    (9)    1 :  0.819 0.009 0.012 0.006 0.154 
112 TMA-ZAIN-G-    (0)    1 :  0.377 0.006 0.006 0.005 0.606 
113 TMA-ZAIN-G-    (0)    1 :  0.816 0.043 0.016 0.007 0.117 
114 TMA-ZAIN-G-    (0)    1 :  0.965 0.007 0.016 0.003 0.009 
115 TMA-ZAIN-G-    (0)    1 :  0.881 0.011 0.081 0.006 0.021 
116 TMA-ZAIN-G-    (0)    1 :  0.003 0.005 0.003 0.003 0.985 
117 TMA-ZAIN-G-    (0)    1 :  0.004 0.004 0.003 0.005 0.984 
118 TMA-ZAIN-G-    (0)    1 :  0.003 0.004 0.004 0.003 0.986 
119 TMA-ZAIN-G-    (0)    1 :  0.009 0.005 0.006 0.003 0.977 
120 TMA-ZAIN-G-    (0)    1 :  0.004 0.004 0.004 0.004 0.984 
121 TMA-ZAIN-G-    (0)    1 :  0.004 0.005 0.003 0.004 0.984 
122 TMA-ZAIN-G-    (0)    1 :  0.010 0.005 0.005 0.005 0.975 
123 TMA-ZAIN-G-    (0)    1 :  0.911 0.004 0.068 0.005 0.012 
124 TMA-ZAIN-G-    (0)    1 :  0.004 0.005 0.004 0.003 0.984 
125 TMA-ZAIN-G-    (0)    1 :  0.003 0.004 0.002 0.006 0.986 
126 TMA-ZAIN-G-    (0)    1 :  0.004 0.003 0.003 0.005 0.985 
127 TMA-ZAIN-G-    (0)    1 :  0.003 0.004 0.003 0.003 0.987 
128 TMA-ZAIN-G-    (0)    1 :  0.004 0.005 0.003 0.003 0.985 
129 TMA-ZAIN-G-    (0)    1 :  0.005 0.005 0.003 0.004 0.982 
130 TMA-ZAIN-G-    (0)    1 :  0.004 0.003 0.003 0.006 0.984 
131 TMA-ZAIN-G-    (0)    1 :  0.004 0.004 0.004 0.003 0.985 
132 TMA-ZAIN-G-    (0)    1 :  0.003 0.004 0.003 0.005 0.985 
133 TMA-ZAIN-G-    (0)    1 :  0.007 0.004 0.003 0.005 0.982 
134 TMA-ZAIN-G-    (0)    1 :  0.005 0.004 0.003 0.005 0.983 
135 TMA-ZAIN-G-    (0)    1 :  0.004 0.006 0.003 0.003 0.983 
136 TMA-ZAIN-G-    (0)    1 :  0.005 0.007 0.003 0.005 0.980 
137 TMA-ZAIN-G-    (0)    1 :  0.005 0.005 0.003 0.003 0.984 
138 TMA-ZAIN-G-    (0)    1 :  0.003 0.006 0.003 0.004 0.985 
139 TMA-ZAIN-G-    (0)    1 :  0.004 0.005 0.003 0.004 0.984 
140 TMA-ZAIN-G-    (0)    1 :  0.005 0.005 0.003 0.003 0.985 
141 TMA-ZAIN-G-    (0)    1 :  0.004 0.005 0.004 0.003 0.984 
142 TMA-ZAIN-G-    (9)    1 :  0.004 0.005 0.003 0.003 0.985 
143 TMA-ZAIN-G-    (0)    1 :  0.004 0.005 0.003 0.003 0.985 
144 TMA-ZAIN-G-    (0)    1 :  0.006 0.005 0.004 0.005 0.980 
145 TMA-ZAIN-G-    (0)    1 :  0.002 0.005 0.002 0.003 0.987 
146 TMA-ZAIN-G-    (0)    1 :  0.003 0.009 0.003 0.005 0.979 
147 TMA-ZAIN-G-    (9)    1 :  0.004 0.006 0.003 0.003 0.984 
148 TMA-ZAIN-G-    (0)    1 :  0.004 0.008 0.003 0.015 0.971 
149 TMA-ZAIN-G-    (0)    1 :  0.008 0.006 0.004 0.005 0.978 
150 TMA-ZAIN-G-    (0)    1 :  0.006 0.011 0.004 0.008 0.972 
151 TMA-ZAIN-G-    (0)    1 :  0.003 0.004 0.004 0.003 0.986 
152 TMA-ZAIN-G-    (0)    1 :  0.003 0.004 0.004 0.003 0.985 
153 TMA-ZAIN-G-    (0)    1 :  0.003 0.005 0.003 0.003 0.986 
154 TMA-ZAIN-G-    (0)    1 :  0.003 0.004 0.003 0.003 0.987 
155 TMA-ZAIN-G-    (0)    1 :  0.004 0.006 0.003 0.002 0.985 
156 TMA-ZAIN-G-    (9)    1 :  0.004 0.005 0.005 0.006 0.979 
157 TMA-ZAIN-G-    (0)    1 :  0.004 0.005 0.004 0.004 0.983 
158 TMA-ZAIN-G-    (0)    1 :  0.004 0.007 0.004 0.005 0.980 
159 TMA-ZAIN-G-    (0)    1 :  0.003 0.011 0.003 0.006 0.976 
160 TMA-ZAIN-G-    (0)    1 :  0.003 0.006 0.003 0.003 0.985 
161 TMA-ZAIN-G-    (0)    1 :  0.003 0.005 0.003 0.004 0.986 
162 TMA-ZAIN-G-    (0)    1 :  0.005 0.006 0.003 0.003 0.983 
163 TMA-ZAIN-G-    (0)    1 :  0.003 0.005 0.003 0.002 0.987 
164 TMA-ZAIN-G-    (0)    1 :  0.005 0.004 0.004 0.003 0.983 
165 TMA-ZAIN-G-    (0)    1 :  0.003 0.006 0.003 0.003 0.985 
166 TMA-ZAIN-G-    (0)    1 :  0.003 0.005 0.003 0.003 0.986 
167 TMA-ZAIN-G-    (0)    1 :  0.006 0.005 0.004 0.003 0.982 
168 TMA-ZAIN-G-    (0)    1 :  0.004 0.006 0.005 0.006 0.979 
169 TMA-ZAIN-G-    (0)    1 :  0.003 0.007 0.003 0.003 0.984 
170 TMA-ZAIN-G-    (0)    1 :  0.015 0.006 0.010 0.004 0.965 
171 TMA-ZAIN-G-    (0)    1 :  0.004 0.007 0.003 0.003 0.983 
172 TMA-ZAIN-G-    (0)    1 :  0.006 0.004 0.005 0.004 0.981 
173 TMA-ZAIN-G-    (0)    1 :  0.006 0.004 0.005 0.004 0.981 
174 TMA-ZAIN-G-    (0)    1 :  0.003 0.006 0.002 0.003 0.985 
175 TMA-ZAIN-G-    (0)    1 :  0.004 0.012 0.003 0.007 0.973 
176 TMA-ZAIN-G-    (0)    1 :  0.004 0.010 0.003 0.007 0.975 
177 TMA-ZAIN-G-    (0)    1 :  0.004 0.021 0.006 0.030 0.939 
178 TMA-ZAIN-G-    (0)    1 :  0.007 0.006 0.009 0.007 0.971 
179 TMA-ZAIN-G-    (0)    1 :  0.004 0.009 0.004 0.010 0.973 
180 TMA-ZAIN-G-    (0)    1 :  0.005 0.004 0.003 0.004 0.984 
181 TMA-ZAIN-G-    (0)    1 :  0.004 0.006 0.004 0.006 0.980 
182 TMA-ZAIN-G-    (0)    1 :  0.005 0.004 0.006 0.008 0.977 
183 TMA-ZAIN-G-    (0)    1 :  0.004 0.005 0.004 0.005 0.983 
184 TMA-ZAIN-G-    (0)    1 :  0.007 0.007 0.004 0.005 0.977 
185 TMA-ZAIN-G-    (0)    1 :  0.011 0.008 0.004 0.004 0.973 
186 TMA-ZAIN-G-    (9)    1 :  0.008 0.005 0.004 0.003 0.979 
187 TMA-ZAIN-G-    (0)    1 :  0.006 0.007 0.004 0.003 0.980 
188 TMA-ZAIN-G-    (0)    1 :  0.003 0.007 0.003 0.003 0.985 
189 TMA-ZAIN-G-    (0)    1 :  0.003 0.006 0.002 0.003 0.986 
190 TMA-ZAIN-G-    (0)    1 :  0.005 0.009 0.007 0.016 0.964 
191 TMA-ZAIN-G-    (0)    1 :  0.009 0.016 0.003 0.003 0.969 
192 TMA-ZAIN-G-    (0)    1 :  0.006 0.006 0.004 0.004 0.980 
193 TMA-ZAIN-G-    (0)    1 :  0.005 0.004 0.006 0.057 0.928 
194 TMA-ZAIN-G-    (0)    1 :  0.007 0.004 0.007 0.030 0.953 
195 TMA-ZAIN-G-    (0)    1 :  0.005 0.007 0.007 0.089 0.892 
196 TMA-ZAIN-G-    (0)    1 :  0.005 0.004 0.007 0.015 0.969 
197 TMA-ZAIN-G-    (0)    1 :  0.005 0.003 0.004 0.018 0.970 
198 TMA-ZAIN-G-    (0)    1 :  0.005 0.004 0.006 0.018 0.967 
199 TMA-ZAIN-G-    (0)    1 :  0.006 0.005 0.003 0.004 0.983 
200 TMA-ZAIN-G-    (0)    1 :  0.983 0.002 0.006 0.005 0.003 
201 TMA-ZAIN-G-    (0)    1 :  0.987 0.003 0.003 0.003 0.004 
202 TMA-ZAIN-G-    (0)    1 :  0.984 0.003 0.005 0.004 0.004 
203 TMA-ZAIN-G-    (0)    1 :  0.006 0.004 0.011 0.018 0.960 
204 TMA-ZAIN-G-    (9)    1 :  0.890 0.020 0.008 0.077 0.006 
205 TMA-ZAIN-G-    (0)    1 :  0.924 0.004 0.003 0.004 0.064 
206 TMA-ZAIN-G-    (9)    1 :  0.971 0.004 0.006 0.008 0.010 
207 TMA-ZAIN-G-    (9)    1 :  0.008 0.004 0.006 0.008 0.975 
208 TMA-ZAIN-G-    (0)    1 :  0.003 0.005 0.002 0.003 0.987 
209 TMA-ZAIN-G-    (0)    1 :  0.003 0.004 0.003 0.007 0.983 
210 TMA-ZAIN-G-    (0)    1 :  0.004 0.005 0.004 0.007 0.980 
211 TMA-ZAIN-G-    (0)    1 :  0.013 0.004 0.006 0.004 0.973 
212 TMA-ZAIN-G-    (0)    1 :  0.006 0.005 0.004 0.005 0.979 
213 TMA-ZAIN-G-    (0)    1 :  0.005 0.005 0.003 0.004 0.983 
214 TMA-ZAIN-G-    (0)    1 :  0.004 0.004 0.003 0.004 0.985 
215 TMA-ZAIN-G-    (0)    1 :  0.130 0.004 0.016 0.002 0.847 
216 TMA-ZAIN-G-    (0)    1 :  0.006 0.004 0.003 0.004 0.984 
217 TMA-ZAIN-G-    (0)    1 :  0.003 0.005 0.003 0.004 0.986 
218 TMA-ZAIN-G-    (0)    1 :  0.871 0.060 0.018 0.007 0.045 
219 TMA-ZAIN-G-    (0)    1 :  0.955 0.014 0.010 0.008 0.012 
220 TMA-ZAIN-G-    (0)    1 :  0.540 0.009 0.339 0.004 0.107 
221 TMA-ZAIN-G-    (0)    1 :  0.908 0.054 0.011 0.006 0.020 
222 TMA-ZAIN-G-    (0)    1 :  0.960 0.004 0.006 0.004 0.026 
223 TMA-ZAIN-G-    (0)    1 :  0.978 0.002 0.011 0.003 0.006 
224 TMA-ZAIN-G-    (0)    1 :  0.910 0.004 0.007 0.004 0.076 
225 TMA-ZAIN-G-    (0)    1 :  0.973 0.003 0.014 0.003 0.007 
226 TMA-ZAIN-G-    (0)    1 :  0.971 0.003 0.008 0.003 0.015 
227 TMA-ZAIN-G-    (0)    1 :  0.967 0.004 0.012 0.004 0.013 
228 TMA-ZAIN-G-    (0)    1 :  0.844 0.015 0.040 0.019 0.082 
229 TMA-ZAIN-G-    (0)    1 :  0.977 0.006 0.006 0.003 0.008 
230 TMA-ZAIN-G-    (0)    1 :  0.475 0.010 0.053 0.027 0.436 
231 TMA-ZAIN-G-    (0)    1 :  0.966 0.004 0.006 0.004 0.020 
232 TMA-ZAIN-G-    (9)    1 :  0.975 0.005 0.005 0.003 0.012 
233 TMA-ZAIN-G-    (0)    1 :  0.812 0.008 0.017 0.005 0.159 
234 TMA-ZAIN-G-    (0)    1 :  0.967 0.005 0.009 0.009 0.010 
235 TMA-ZAIN-G-    (0)    1 :  0.927 0.011 0.018 0.007 0.037 
236 TMA-ZAIN-G-    (0)    1 :  0.973 0.003 0.008 0.004 0.012 
237 TMA-ZAIN-G-    (0)    1 :  0.842 0.006 0.006 0.005 0.141 
238 TMA-ZAIN-G-    (0)    1 :  0.970 0.005 0.004 0.002 0.018 
239 TMA-ZAIN-G-    (0)    1 :  0.827 0.010 0.003 0.077 0.083 
240 TMA-ZAIN-G-    (0)    1 :  0.987 0.003 0.003 0.003 0.004 
241 TMA-ZAIN-G-    (0)    1 :  0.984 0.005 0.003 0.003 0.006 
242 TMA-ZAIN-G-    (0)    1 :  0.984 0.005 0.003 0.002 0.006 
243 TMA-ZAIN-G-    (0)    1 :  0.981 0.006 0.003 0.003 0.007 
244 TMA-ZAIN-G-    (0)    1 :  0.977 0.008 0.003 0.003 0.010 
245 TMA-ZAIN-G-    (9)    1 :  0.988 0.003 0.003 0.002 0.004 
246 TMA-ZAIN-G-    (0)    1 :  0.988 0.003 0.003 0.003 0.003 
247 TMA-ZAIN-G-    (0)    1 :  0.986 0.004 0.003 0.003 0.004 
248 TMA-ZAIN-G-    (0)    1 :  0.984 0.004 0.003 0.003 0.005 
249 TMA-ZAIN-G-    (0)    1 :  0.987 0.003 0.003 0.004 0.003 
250 TMA-ZAIN-G-    (0)    1 :  0.987 0.003 0.003 0.003 0.004 
251 TMA-ZAIN-G-    (0)    1 :  0.035 0.003 0.017 0.023 0.922 
252 TMA-ZAIN-G-    (0)    1 :  0.011 0.007 0.004 0.042 0.936 
253 TMA-ZAIN-G-    (0)    1 :  0.032 0.004 0.004 0.012 0.948 
254 TMA-ZAIN-G-    (9)    1 :  0.011 0.004 0.005 0.005 0.975 
255 TMA-ZAIN-G-    (0)    1 :  0.203 0.005 0.022 0.022 0.747 
256 TMA-ZAIN-G-    (0)    1 :  0.075 0.005 0.004 0.020 0.896 
257 TMA-ZAIN-G-    (0)    1 :  0.034 0.003 0.006 0.041 0.916 
258 TMA-ZAIN-G-    (0)    1 :  0.026 0.003 0.004 0.018 0.949 
259 TMA-ZAIN-G-    (0)    1 :  0.241 0.004 0.006 0.080 0.669 
260 TMA-ZAIN-G-    (0)    1 :  0.155 0.005 0.006 0.043 0.791 
261 TMA-ZAIN-G-   (18)    1 :  0.011 0.004 0.014 0.026 0.945 
262 TMA-ZAIN-G-    (0)    1 :  0.032 0.003 0.007 0.026 0.933 
263 TMA-ZAIN-G-    (0)    1 :  0.110 0.004 0.009 0.033 0.845 
264 TMA-ZAIN-G-    (0)    1 :  0.077 0.005 0.008 0.020 0.890 
265 TMA-ZAIN-G-    (0)    1 :  0.544 0.009 0.004 0.023 0.420 
266 TMA-ZAIN-G-    (0)    1 :  0.017 0.003 0.006 0.009 0.964 
267 TMA-ZAIN-G-    (0)    1 :  0.946 0.007 0.006 0.009 0.032 
268 TMA-ZAIN-G-    (0)    1 :  0.978 0.003 0.012 0.003 0.004 
269 TMA-ZAIN-G-    (0)    1 :  0.981 0.002 0.007 0.004 0.006 
270 TMA-ZAIN-G-    (0)    1 :  0.981 0.002 0.006 0.004 0.007 
271 TMA-ZAIN-G-    (0)    1 :  0.981 0.003 0.008 0.003 0.005 
272 TMA-ZAIN-G-    (0)    1 :  0.985 0.002 0.005 0.003 0.005 
273 TMA-ZAIN-G-    (0)    1 :  0.988 0.002 0.004 0.002 0.003 
274 TMA-ZAIN-G-    (0)    1 :  0.975 0.006 0.006 0.005 0.008 
275 TMA-ZAIN-G-    (0)    1 :  0.987 0.002 0.005 0.002 0.003 
276 TMA-ZAIN-G-    (0)    1 :  0.987 0.002 0.005 0.002 0.004 
277 TMA-ZAIN-G-    (0)    1 :  0.984 0.004 0.004 0.003 0.005 
278 TMA-ZAIN-G-    (0)    1 :  0.988 0.002 0.003 0.003 0.004 
279 TMA-ZAIN-G-    (0)    1 :  0.985 0.003 0.005 0.003 0.005 
280 TMA-ZAIN-G-    (0)    1 :  0.983 0.003 0.006 0.003 0.006 
281 TMA-ZAIN-G-    (0)    1 :  0.985 0.002 0.005 0.003 0.005 
282 TMA-ZAIN-G-    (9)    1 :  0.987 0.003 0.005 0.003 0.003 
283 TMA-ZAIN-G-    (0)    1 :  0.980 0.003 0.006 0.003 0.007 
284 TMA-ZAIN-G-    (0)    1 :  0.971 0.004 0.008 0.005 0.012 
285 TMA-ZAIN-G-    (0)    1 :  0.982 0.004 0.004 0.004 0.006 
286 TMA-ZAIN-G-    (0)    1 :  0.985 0.003 0.006 0.003 0.004 
287 TMA-ZAIN-G-    (0)    1 :  0.980 0.005 0.006 0.004 0.005 
288 TMA-ZAIN-G-    (0)    1 :  0.963 0.008 0.009 0.004 0.016 
289 TMA-ZAIN-G-    (0)    1 :  0.978 0.005 0.004 0.004 0.008 
290 TMA-ZAIN-G-    (0)    1 :  0.970 0.005 0.012 0.004 0.009 
291 TMA-ZAIN-G-    (0)    1 :  0.821 0.070 0.081 0.015 0.013 
292 TMA-ZAIN-G-    (0)    1 :  0.015 0.004 0.007 0.003 0.972 
293 TMA-ZAIN-G-    (0)    1 :  0.007 0.003 0.004 0.004 0.982 
294 TMA-ZAIN-G-    (0)    1 :  0.005 0.013 0.004 0.011 0.968 
295 TMA-ZAIN-G-    (9)    1 :  0.009 0.010 0.006 0.011 0.964 
296 TMA-ZAIN-G-    (0)    1 :  0.008 0.004 0.006 0.005 0.978 
297 TMA-ZAIN-G-    (0)    1 :  0.006 0.004 0.004 0.004 0.983 
298 TMA-ZAIN-G-    (0)    1 :  0.009 0.004 0.005 0.006 0.976 
299 TMA-ZAIN-G-    (0)    1 :  0.008 0.006 0.004 0.003 0.979 
300 TMA-ZAIN-G-    (0)    1 :  0.007 0.016 0.004 0.010 0.963 
301 TMA-ZAIN-G-    (0)    1 :  0.006 0.006 0.003 0.004 0.980 
302 TMA-ZAIN-G-    (9)    1 :  0.004 0.004 0.003 0.004 0.984 
303 TMA-ZAIN-G-    (0)    1 :  0.713 0.056 0.015 0.176 0.041 
304 TMA-ZAIN-G-    (0)    2 :  0.023 0.006 0.005 0.006 0.960 
305 TMA-ZAIN-G-    (0)    2 :  0.005 0.004 0.003 0.003 0.984 
306 TMA-ZAIN-G-    (0)    2 :  0.117 0.005 0.004 0.007 0.867 
307 TMA-ZAIN-G-    (0)    2 :  0.019 0.007 0.004 0.005 0.964 
308 TMA-ZAIN-G-    (0)    2 :  0.594 0.006 0.007 0.206 0.188 
309 TMA-ZAIN-G-    (0)    2 :  0.004 0.006 0.003 0.003 0.984 
310 TMA-ZAIN-G-    (0)    2 :  0.009 0.005 0.004 0.004 0.978 
311 TMA-ZAIN-G-    (0)    2 :  0.006 0.004 0.007 0.005 0.977 
312 TMA-ZAIN-G-    (0)    2 :  0.010 0.004 0.007 0.005 0.975 
313 TMA-ZAIN-G-    (0)    2 :  0.008 0.006 0.004 0.011 0.971 
314 TMA-ZAIN-G-    (0)    2 :  0.927 0.006 0.052 0.005 0.011 
315 TMA-ZAIN-G-    (0)    2 :  0.499 0.006 0.006 0.003 0.486 
316 TMA-ZAIN-G-    (0)    2 :  0.552 0.007 0.009 0.003 0.430 
317 TMA-ZAIN-G-    (0)    2 :  0.914 0.004 0.037 0.003 0.041 
318 TMA-ZAIN-G-    (9)    2 :  0.980 0.004 0.006 0.004 0.006 
319 TMA-ZAIN-G-    (0)    3 :  0.742 0.003 0.067 0.008 0.180 
320 TMA-ZAIN-G-    (0)    3 :  0.349 0.005 0.009 0.003 0.634 
321 TMA-ZAIN-G-    (0)    4 :  0.223 0.010 0.031 0.004 0.733 
322 TMA-ZAIN-G-    (0)    4 :  0.260 0.005 0.028 0.004 0.703 
323 TMA-ZAIN-G-    (0)    5 :  0.735 0.012 0.005 0.012 0.236 
324 TMA-ZAIN-G-    (0)    5 :  0.005 0.004 0.006 0.006 0.978 
325 TMA-ZAIN-G-    (0)    5 :  0.895 0.059 0.021 0.008 0.018 
326 TMA-ZAIN-G-    (0)    5 :  0.305 0.018 0.073 0.046 0.558 
327 TMA-ZAIN-G-    (0)    5 :  0.005 0.003 0.004 0.016 0.972 
328 TMA-ZAIN-G-    (0)    5 :  0.689 0.013 0.008 0.011 0.279 
329 TMA-ZAIN-G-    (0)    5 :  0.006 0.004 0.003 0.005 0.982 
330 TMA-ZAIN-G-    (0)    6 :  0.004 0.004 0.003 0.005 0.985 
331 TMA-ZAIN-G-    (0)    6 :  0.166 0.031 0.049 0.086 0.668 
332 TMA-ZAIN-G-    (0)    6 :  0.004 0.004 0.004 0.007 0.981 
333 TMA-ZAIN-G-    (0)    6 :  0.005 0.003 0.006 0.041 0.945 
334 TMA-ZAIN-G-    (0)    6 :  0.986 0.002 0.005 0.003 0.004 
335 TMA-ZAIN-G-    (0)    6 :  0.987 0.002 0.004 0.002 0.005 
336 TMA-ZAIN-G-    (0)    6 :  0.980 0.003 0.005 0.003 0.009 
337 TMA-ZAIN-G-    (9)    6 :  0.981 0.003 0.007 0.003 0.006 
338 TMA-ZAIN-G-    (0)    6 :  0.984 0.002 0.008 0.002 0.003 
339 TMA-ZAIN-G-    (0)    6 :  0.986 0.002 0.008 0.002 0.002 
340 TMA-ZAIN-G-    (0)    6 :  0.988 0.002 0.004 0.002 0.003 
341 TMA-ZAIN-G-    (0)    6 :  0.986 0.002 0.005 0.002 0.005 
342 TMA-ZAIN-G-    (0)    6 :  0.986 0.002 0.005 0.002 0.004 
343 TMA-ZAIN-G-    (0)    7 :  0.986 0.002 0.006 0.002 0.003 
344 TMA-ZAIN-G-    (0)    7 :  0.985 0.003 0.004 0.003 0.005 
345 TMA-ZAIN-G-    (0)    7 :  0.989 0.002 0.004 0.002 0.003 
346 TMA-ZAIN-G-    (0)    7 :  0.988 0.002 0.004 0.002 0.003 
347 TMA-ZAIN-G-    (9)    7 :  0.988 0.002 0.004 0.002 0.004 
348 TMA-ZAIN-G-    (0)    7 :  0.981 0.003 0.006 0.004 0.006 
349 TMA-ZAIN-G-    (0)    7 :  0.986 0.003 0.005 0.003 0.004 
350 TMA-ZAIN-G-    (0)    7 :  0.981 0.003 0.006 0.003 0.007 
351 TMA-ZAIN-G-    (0)    7 :  0.986 0.003 0.005 0.003 0.004 
352 TMA-ZAIN-G-    (0)    7 :  0.983 0.002 0.006 0.003 0.006 
353 TMA-ZAIN-G-    (0)    7 :  0.980 0.004 0.006 0.003 0.008 
354 TMA-ZAIN-G-    (0)    7 :  0.984 0.003 0.006 0.002 0.005 
355 TMA-ZAIN-G-    (0)    7 :  0.980 0.003 0.006 0.003 0.008 
356 TMA-ZAIN-G-    (0)    8 :  0.006 0.004 0.003 0.002 0.985 
357 TMA-ZAIN-G-    (0)    8 :  0.005 0.004 0.004 0.004 0.984 
358 TMA-ZAIN-G-    (0)    8 :  0.009 0.015 0.006 0.007 0.963 
359 TMA-ZAIN-G-    (0)    8 :  0.108 0.004 0.007 0.003 0.878 
360 TMA-ZAIN-G-    (0)    8 :  0.003 0.006 0.003 0.002 0.986 
361 TMA-ZAIN-G-    (0)    8 :  0.004 0.051 0.028 0.029 0.888 
362 TMA-ZAIN-G-    (0)    8 :  0.012 0.004 0.005 0.003 0.976 
363 TMA-ZAIN-G-    (0)    9 :  0.013 0.005 0.005 0.004 0.974 
364 TMA-ZAIN-G-    (0)    9 :  0.959 0.004 0.014 0.003 0.021 
365 TMA-ZAIN-G-    (0)    9 :  0.312 0.008 0.008 0.003 0.669 
366 TMA-ZAIN-G-    (0)    9 :  0.010 0.017 0.005 0.018 0.950 
367 TMA-ZAIN-G-    (0)    9 :  0.006 0.004 0.011 0.008 0.971 
368 TMA-ZAIN-G-    (0)    9 :  0.006 0.017 0.004 0.015 0.959 
369 TMA-ZAIN-G-    (0)    9 :  0.003 0.005 0.002 0.003 0.986 
370 TMA-ZAIN-G-    (0)    9 :  0.007 0.066 0.025 0.032 0.869 
371 TMA-ZAIN-G-    (0)    9 :  0.004 0.006 0.003 0.003 0.984 
372 TMA-ZAIN-G-    (0)    9 :  0.005 0.010 0.003 0.004 0.978 
373 TMA-ZAIN-G-    (0)    9 :  0.006 0.004 0.008 0.011 0.971 
374 TMA-ZAIN-G-    (0)   10 :  0.086 0.004 0.059 0.006 0.844 
375 TMA-ZAIN-G-    (0)   10 :  0.380 0.004 0.010 0.004 0.603 
376 TMA-ZAIN-G-    (9)   10 :  0.004 0.005 0.003 0.003 0.985 
377 TMA-ZAIN-G-    (0)   10 :  0.003 0.006 0.002 0.003 0.986 
378 TMA-ZAIN-G-    (0)   10 :  0.003 0.007 0.003 0.003 0.985 
379 TMA-ZAIN-G-    (0)   10 :  0.003 0.005 0.003 0.003 0.987 
380 TMA-ZAIN-G-    (0)   10 :  0.004 0.011 0.002 0.008 0.975 
381 TMA-ZAIN-G-    (9)   10 :  0.521 0.074 0.046 0.036 0.323 
382 TMA-ZAIN-G-    (9)   10 :  0.945 0.009 0.027 0.009 0.009 
383    ZFB01    (0)   11 :  0.025 0.006 0.750 0.005 0.214 
384    ZFB02    (0)   11 :  0.019 0.004 0.956 0.006 0.016 
385    ZFB03    (0)   11 :  0.017 0.006 0.946 0.012 0.020 
386    ZFB04    (0)   11 :  0.020 0.006 0.946 0.005 0.022 
387    ZFB05    (0)   11 :  0.067 0.003 0.899 0.014 0.017 
388    ZFB06    (0)   11 :  0.042 0.003 0.929 0.007 0.018 
389    ZFB07    (9)   11 :  0.009 0.014 0.964 0.007 0.007 
390    ZFB08    (0)   11 :  0.012 0.006 0.964 0.006 0.013 
391    ZFB09    (0)   11 :  0.019 0.004 0.942 0.005 0.031 
392    ZFB10    (0)   11 :  0.041 0.019 0.829 0.006 0.105 
393    ZFB11    (0)   11 :  0.066 0.007 0.562 0.006 0.359 
394    ZFB12    (0)   11 :  0.030 0.006 0.839 0.006 0.118 
395    ZFB13    (0)   11 :  0.011 0.008 0.972 0.005 0.005 
396    ZFB14    (0)   11 :  0.015 0.008 0.949 0.007 0.021 
397    ZFB15    (0)   11 :  0.052 0.003 0.911 0.003 0.031 
398    ZFB16    (0)   11 :  0.042 0.005 0.935 0.004 0.014 
399    ZFB17    (0)   11 :  0.040 0.005 0.923 0.005 0.027 
400    ZFB18    (0)   11 :  0.018 0.005 0.907 0.005 0.065 
401    ZFB19    (0)   11 :  0.013 0.026 0.944 0.005 0.013 
402    ZFB20    (0)   11 :  0.089 0.005 0.874 0.004 0.029 
403    ZFB21    (0)   11 :  0.047 0.003 0.929 0.004 0.017 
404    ZFB22    (0)   11 :  0.074 0.006 0.826 0.004 0.090 
405    ZFB23    (0)   11 :  0.046 0.012 0.835 0.009 0.099 
406    ZFB24    (0)   11 :  0.032 0.006 0.670 0.005 0.287 
407    ZFB25    (0)   11 :  0.085 0.045 0.721 0.012 0.137 
408    ZFB26    (0)   11 :  0.079 0.023 0.772 0.014 0.113 
409    ZFB27    (0)   11 :  0.419 0.007 0.417 0.010 0.146 
410    ZFB28    (0)   11 :  0.644 0.035 0.193 0.113 0.015 
411    ZFB29    (0)   11 :  0.042 0.004 0.854 0.006 0.094 
412    ZFB30    (0)   11 :  0.124 0.008 0.788 0.006 0.074 
413    ZFB31    (0)   11 :  0.025 0.036 0.918 0.007 0.015 
414    ZFB32    (0)   11 :  0.101 0.013 0.736 0.106 0.044 
415    ZFB33    (0)   11 :  0.048 0.005 0.877 0.004 0.067 
416    ZFB34    (0)   11 :  0.006 0.005 0.971 0.006 0.012 
417    ZFB35    (0)   11 :  0.013 0.009 0.948 0.007 0.023 
418  ZFBP101    (0)   12 :  0.012 0.836 0.019 0.125 0.008 
419  ZFBP102    (0)   12 :  0.015 0.926 0.025 0.026 0.008 
420  ZFBP103    (0)   12 :  0.005 0.663 0.009 0.317 0.007 
421  ZFBP104    (0)   12 :  0.031 0.900 0.060 0.005 0.004 
422  ZFBP105    (0)   12 :  0.011 0.967 0.009 0.008 0.005 
423  ZFBP106    (0)   12 :  0.003 0.973 0.004 0.016 0.004 
424  ZFBP107    (0)   12 :  0.017 0.952 0.011 0.015 0.005 
425  ZFBP108    (0)   12 :  0.003 0.985 0.004 0.005 0.004 
426  ZFBP109    (0)   12 :  0.003 0.970 0.004 0.005 0.017 
427  ZFBP110    (0)   12 :  0.011 0.686 0.037 0.246 0.020 
428  ZFBP111    (0)   12 :  0.002 0.986 0.003 0.005 0.004 
429  ZFBP112    (0)   12 :  0.005 0.976 0.006 0.008 0.005 
430  ZFBP113    (0)   12 :  0.005 0.981 0.005 0.004 0.005 
431  ZFBP114    (0)   12 :  0.006 0.975 0.005 0.008 0.005 
432  ZFBP115    (0)   12 :  0.003 0.974 0.004 0.014 0.004 
433  ZFBP116    (0)   12 :  0.003 0.983 0.004 0.005 0.004 
434  ZFBP117    (0)   12 :  0.002 0.981 0.004 0.008 0.005 
435  ZFBP118    (0)   12 :  0.005 0.979 0.004 0.006 0.005 
436  ZFBP119    (0)   12 :  0.003 0.960 0.005 0.027 0.005 
437  ZFBP120    (0)   12 :  0.007 0.974 0.007 0.007 0.005 
438  ZFBP121    (0)   12 :  0.004 0.974 0.006 0.011 0.005 
439  ZFBP122    (9)   12 :  0.003 0.982 0.004 0.006 0.005 
440  ZFBP123    (0)   12 :  0.004 0.973 0.006 0.013 0.004 
441  ZFBP124    (0)   12 :  0.005 0.977 0.006 0.007 0.005 
442  ZFBP125    (0)   12 :  0.002 0.983 0.003 0.007 0.004 
443  ZFBP126    (0)   12 :  0.009 0.922 0.030 0.027 0.011 
444  ZFBP127    (0)   12 :  0.003 0.970 0.004 0.013 0.010 
445  ZFBP128    (0)   12 :  0.003 0.981 0.004 0.007 0.005 
446  ZFBP129    (0)   12 :  0.003 0.980 0.005 0.007 0.005 
447  ZFBP130    (0)   12 :  0.003 0.982 0.003 0.008 0.004 
448  ZFBP131    (0)   12 :  0.004 0.981 0.005 0.004 0.006 
449  ZFBP132    (0)   12 :  0.003 0.980 0.004 0.007 0.006 
450  ZFBP133    (0)   12 :  0.002 0.984 0.003 0.005 0.005 
451  ZFBP134    (0)   12 :  0.004 0.970 0.004 0.016 0.006 
452  ZFBP135    (0)   12 :  0.009 0.695 0.020 0.269 0.008 
453  ZFBP136    (0)   12 :  0.006 0.907 0.006 0.077 0.004 
454  ZFBP201    (0)   13 :  0.005 0.972 0.008 0.009 0.006 
455  ZFBP202    (0)   13 :  0.004 0.980 0.006 0.006 0.005 
456  ZFBP203    (0)   13 :  0.016 0.956 0.018 0.006 0.005 
457  ZFBP204    (0)   13 :  0.005 0.956 0.006 0.029 0.004 
458  ZFBP205    (0)   13 :  0.004 0.980 0.004 0.008 0.004 
459  ZFBP206    (0)   13 :  0.004 0.973 0.006 0.011 0.005 
460  ZFBP207    (0)   13 :  0.003 0.966 0.004 0.023 0.004 
461  ZFBP208    (0)   13 :  0.006 0.973 0.008 0.008 0.005 
462  ZFBP209    (0)   13 :  0.002 0.982 0.003 0.005 0.007 
463  ZFBP210    (0)   13 :  0.004 0.974 0.007 0.009 0.006 
464  ZFBP211    (0)   13 :  0.004 0.978 0.006 0.007 0.005 
465  ZFBP212    (0)   13 :  0.003 0.981 0.005 0.005 0.006 
466  ZFBP213    (0)   13 :  0.005 0.964 0.010 0.016 0.005 
467  ZFBP214    (0)   13 :  0.004 0.927 0.010 0.053 0.007 
468  ZFBP215    (0)   13 :  0.003 0.980 0.004 0.007 0.006 
469  ZFBP216    (0)   13 :  0.009 0.969 0.009 0.006 0.006 
470  ZFBP217    (0)   13 :  0.003 0.979 0.005 0.008 0.006 
471  ZFBP218    (0)   13 :  0.003 0.985 0.004 0.004 0.004 
472  ZFBP219    (0)   13 :  0.003 0.984 0.004 0.004 0.005 
473  ZFBP220    (0)   13 :  0.003 0.978 0.003 0.010 0.005 
474  ZFBP221    (0)   13 :  0.004 0.985 0.004 0.004 0.004 
475  ZFBP222    (0)   13 :  0.004 0.975 0.007 0.007 0.006 
476  ZFBP223    (0)   13 :  0.004 0.948 0.007 0.035 0.006 
477  ZFBP224    (0)   13 :  0.004 0.977 0.006 0.007 0.006 
478  ZFBP225    (0)   13 :  0.004 0.976 0.004 0.011 0.005 
479  ZFBP226    (0)   13 :  0.004 0.981 0.005 0.005 0.005 
480  ZFBP227    (0)   13 :  0.030 0.862 0.095 0.009 0.004 
481  ZFBP228    (0)   13 :  0.003 0.970 0.005 0.016 0.006 
482  ZFBP229    (0)   13 :  0.003 0.982 0.004 0.006 0.005 
483  ZFBP230    (0)   13 :  0.004 0.974 0.004 0.012 0.006 
484  ZFBP231    (0)   13 :  0.005 0.977 0.006 0.006 0.005 
485  ZFBP232    (0)   13 :  0.003 0.984 0.003 0.005 0.004 
486  ZFBP233    (0)   13 :  0.005 0.976 0.006 0.006 0.007 
487   ZFCC01    (0)   14 :  0.007 0.005 0.014 0.971 0.004 
488   ZFCC03    (0)   14 :  0.003 0.005 0.006 0.983 0.004 
489   ZFCC04    (0)   14 :  0.003 0.005 0.008 0.980 0.003 
490   ZFCC05    (0)   14 :  0.004 0.006 0.010 0.977 0.004 
491   ZFCC08    (0)   14 :  0.003 0.022 0.006 0.967 0.003 
492   ZFCC09    (0)   14 :  0.002 0.004 0.006 0.984 0.003 
493   ZFCC10    (0)   14 :  0.007 0.006 0.017 0.966 0.004 
494   ZFCC11    (0)   14 :  0.007 0.005 0.007 0.978 0.004 
495   ZFCC12    (0)   14 :  0.008 0.005 0.100 0.883 0.003 
496   ZFCC13    (0)   14 :  0.005 0.015 0.007 0.968 0.005 
497   ZFCC14    (0)   14 :  0.004 0.008 0.015 0.967 0.006 
498   ZFCC15    (0)   14 :  0.004 0.006 0.009 0.977 0.004 
499   ZFCC16    (0)   14 :  0.003 0.005 0.008 0.981 0.003 
500   ZFCC17    (0)   14 :  0.003 0.003 0.009 0.982 0.003 
501   ZFCC18    (0)   14 :  0.003 0.006 0.007 0.981 0.004 
502   ZFCC19    (0)   14 :  0.012 0.004 0.016 0.964 0.003 
503   ZFCC20    (0)   14 :  0.003 0.005 0.005 0.984 0.003 
504   ZFCC21    (0)   14 :  0.005 0.102 0.058 0.829 0.006 
505   ZFCC22    (0)   14 :  0.004 0.514 0.015 0.461 0.006 
506   ZFCC26    (0)   14 :  0.003 0.004 0.008 0.982 0.003 
507   ZFCC27    (0)   14 :  0.006 0.004 0.004 0.983 0.003 
508   ZFCC29    (0)   14 :  0.003 0.005 0.017 0.972 0.003 
509   ZFCC30    (0)   14 :  0.006 0.004 0.003 0.984 0.003 
510   ZFCC32    (0)   14 :  0.004 0.006 0.013 0.973 0.003 
511   ZFCC33    (0)   14 :  0.005 0.004 0.010 0.979 0.003 
512   ZFCC34    (0)   14 :  0.003 0.028 0.013 0.950 0.006 
513   ZFCC35    (0)   14 :  0.006 0.005 0.004 0.982 0.003 
514   ZFCC36    (0)   14 :  0.005 0.012 0.012 0.966 0.005 
515   ZFCC37    (0)   14 :  0.008 0.009 0.107 0.871 0.004 
516   ZFCC40    (0)   14 :  0.011 0.007 0.010 0.968 0.005 
517   ZFCC42    (0)   14 :  0.048 0.005 0.273 0.671 0.003 
518   ZFCC44    (0)   14 :  0.003 0.003 0.003 0.988 0.003 
519   ZFCC45    (9)   14 :  0.009 0.005 0.037 0.945 0.004 
520   ZFCC46    (0)   14 :  0.003 0.015 0.005 0.974 0.003 
521   ZFCC47    (0)   14 :  0.007 0.007 0.058 0.926 0.003 
522   ZFCC48    (0)   14 :  0.003 0.061 0.014 0.917 0.005 
523   ZFCC50    (0)   14 :  0.003 0.004 0.008 0.982 0.003 
524   ZFCC51    (0)   14 :  0.002 0.004 0.005 0.986 0.003 
525   ZFCC52    (0)   14 :  0.008 0.012 0.006 0.970 0.004 
526   ZFCC53    (0)   14 :  0.005 0.003 0.005 0.984 0.003 
527  ZFCNS01    (0)   15 :  0.007 0.020 0.008 0.959 0.005 
528  ZFCNS02    (0)   15 :  0.003 0.013 0.004 0.977 0.004 
529  ZFCNS05    (0)   15 :  0.003 0.022 0.006 0.964 0.005 
530  ZFCNS06    (0)   15 :  0.003 0.014 0.005 0.973 0.005 
531  ZFCNS07    (0)   15 :  0.004 0.492 0.005 0.492 0.007 
532  ZFCNS10    (0)   15 :  0.003 0.118 0.004 0.870 0.005 
533  ZFCNS11    (0)   15 :  0.004 0.016 0.006 0.970 0.004 
534  ZFCNS15    (0)   15 :  0.004 0.828 0.008 0.155 0.006 
535  ZFCNS17    (0)   15 :  0.003 0.011 0.004 0.978 0.004 
536  ZFCNS18    (0)   15 :  0.003 0.040 0.004 0.948 0.005 
537  ZFCNS19    (0)   15 :  0.003 0.008 0.004 0.981 0.003 
538  ZFCNS20    (0)   15 :  0.003 0.163 0.005 0.822 0.007 
539  ZFCNS21    (0)   15 :  0.003 0.008 0.004 0.981 0.004 
540  ZFCNS22    (0)   15 :  0.003 0.177 0.007 0.802 0.010 
541  ZFCNS23    (0)   15 :  0.003 0.013 0.005 0.976 0.004 
542  ZFCNS24    (0)   15 :  0.002 0.008 0.004 0.983 0.003 
543  ZFCNS25    (0)   15 :  0.003 0.063 0.004 0.925 0.005 
544  ZFCNS26    (0)   15 :  0.003 0.386 0.007 0.597 0.007 
545  ZFCNS27    (0)   15 :  0.004 0.930 0.006 0.056 0.004 
546  ZFCNS28    (0)   15 :  0.003 0.026 0.007 0.958 0.005 
547  ZFCNS29    (0)   15 :  0.003 0.015 0.004 0.973 0.005 
548  ZFCNS30    (0)   15 :  0.003 0.010 0.005 0.979 0.004 
549  ZFCNS31    (0)   15 :  0.003 0.083 0.006 0.903 0.006 
550  ZFCNS32    (0)   15 :  0.003 0.044 0.007 0.943 0.004 
551  ZFCNS33    (0)   15 :  0.003 0.031 0.005 0.958 0.004 
552  ZFCNS34    (0)   15 :  0.003 0.006 0.004 0.985 0.003 
553  ZFCNS35    (0)   15 :  0.007 0.028 0.006 0.955 0.004 
554  ZFCNS36    (0)   15 :  0.003 0.007 0.004 0.984 0.003 
555  ZFCNS37    (0)   15 :  0.004 0.085 0.006 0.894 0.011 
556  ZFCNS39    (0)   15 :  0.002 0.013 0.003 0.978 0.004 
557  ZFCNS40    (0)   15 :  0.003 0.051 0.004 0.936 0.007 
558  ZFCNS41    (0)   15 :  0.013 0.250 0.012 0.715 0.009 
559  ZFCNS42    (0)   15 :  0.003 0.072 0.006 0.913 0.006 
560  ZFCNS43    (0)   15 :  0.003 0.007 0.004 0.983 0.003 
561  ZFCNS44    (0)   15 :  0.003 0.020 0.004 0.968 0.005 
562  ZFCNS45    (0)   15 :  0.003 0.010 0.005 0.979 0.004 
563  ZFCNS46    (0)   15 :  0.003 0.026 0.005 0.960 0.006 
564  ZFCNS47    (0)   15 :  0.003 0.013 0.004 0.977 0.004 
565  ZFCNS48    (0)   15 :  0.003 0.049 0.004 0.939 0.005 
566  ZFCNS49    (0)   15 :  0.003 0.848 0.005 0.138 0.005 
567   ZFCR01    (0)   16 :  0.004 0.017 0.952 0.006 0.021 
568   ZFCR02    (0)   16 :  0.030 0.065 0.805 0.028 0.072 
569   ZFCR03    (0)   16 :  0.005 0.020 0.960 0.010 0.005 
570   ZFCR04    (0)   16 :  0.006 0.024 0.945 0.014 0.011 
571   ZFCR05    (0)   16 :  0.005 0.007 0.967 0.013 0.007 
572   ZFCR06    (0)   16 :  0.006 0.242 0.652 0.068 0.032 
573   ZFCR07    (0)   16 :  0.008 0.028 0.812 0.147 0.004 
574   ZFCR08    (0)   16 :  0.008 0.077 0.845 0.047 0.022 
575   ZFCR09    (0)   16 :  0.027 0.060 0.841 0.063 0.009 
576   ZFCR11    (0)   16 :  0.006 0.081 0.882 0.015 0.016 
577   ZFCR12    (0)   16 :  0.003 0.121 0.599 0.271 0.006 
578   ZFCR13    (0)   16 :  0.017 0.142 0.808 0.013 0.020 
579   ZFCR14    (0)   16 :  0.007 0.029 0.924 0.025 0.015 
580   ZFCR15    (0)   16 :  0.005 0.038 0.934 0.018 0.005 
581   ZFCR16    (0)   16 :  0.005 0.030 0.811 0.007 0.147 
582   ZFCR18    (0)   16 :  0.055 0.009 0.885 0.015 0.036 
583   ZFCR19    (0)   16 :  0.006 0.089 0.868 0.026 0.011 
584   ZFCR20    (0)   16 :  0.008 0.032 0.940 0.010 0.010 
585   ZFCR21    (0)   16 :  0.004 0.019 0.956 0.017 0.003 
586   ZFCR22    (0)   16 :  0.006 0.032 0.948 0.009 0.006 
587   ZFCR23    (0)   16 :  0.032 0.080 0.841 0.004 0.042 
588   ZFCR24    (9)   16 :  0.006 0.434 0.540 0.007 0.014 
589   ZFCR25    (0)   16 :  0.003 0.008 0.980 0.006 0.003 
590   ZFCR26    (0)   16 :  0.005 0.058 0.906 0.026 0.005 
591   ZFCR27    (9)   16 :  0.015 0.003 0.972 0.004 0.005 
