

----------------------------------------------------
STRUCTURE by Pritchard, Stephens and Donnelly (2000)
     and Falush, Stephens and Pritchard (2003)
       Code by Pritchard, Falush and Hubisz
             Version 2.3.4 (Jul 2012)
----------------------------------------------------



Command line arguments:   bin\structure -m C:\Users\eschumacher\Documents\GitHub\GCC_QUAC_ZAIN\Data_Files\Structure_Files\ZAIN\ZAIN_og_allpop_STR\50-50\mainparams -e C:\Users\eschumacher\Documents\GitHub\GCC_QUAC_ZAIN\Data_Files\Structure_Files\ZAIN\ZAIN_og_allpop_STR\50-50\extraparams 
Input File:    C:\Users\eschumacher\Documents\GitHub\GCC_QUAC_ZAIN\Data_Files\Structure_Files\ZAIN\ZAIN_og_allpop_STR\project_data

Run parameters:
   1135 individuals
   11 loci
   3 populations assumed
   50000 Burn-in period
   50000 Reps


--------------------------------------------
Proportion of membership of each pre-defined
 population in each of the 3 clusters

Given    Inferred Clusters       Number of
 Pop       1      2      3      Individuals

  1:     0.679  0.311  0.010      303
  2:     0.775  0.219  0.007       15
  3:     0.695  0.300  0.005        2
  4:     0.868  0.125  0.008        2
  5:     0.709  0.280  0.011        7
  6:     0.318  0.674  0.008       13
  7:     0.037  0.959  0.004       13
  8:     0.972  0.010  0.018        7
  9:     0.899  0.081  0.019       11
 10:     0.832  0.156  0.012        9
 11:     0.044  0.942  0.014       35
 12:     0.010  0.011  0.980       36
 13:     0.010  0.011  0.979       33
 14:     0.010  0.271  0.719       40
 15:     0.006  0.006  0.987       40
 16:     0.021  0.815  0.164       40
 17:     0.018  0.907  0.075       37
 18:     0.008  0.007  0.986       40
 19:     0.006  0.949  0.045       28
 20:     0.008  0.513  0.479       14
 21:     0.007  0.950  0.043       13
 22:     0.007  0.006  0.987       14
 23:     0.008  0.010  0.983       25
 24:     0.011  0.009  0.980       40
 25:     0.043  0.211  0.747       32
 26:     0.020  0.966  0.014       21
 27:     0.013  0.961  0.026        4
 28:     0.010  0.934  0.056       23
 29:     0.007  0.976  0.017       39
 30:     0.005  0.987  0.008       38
 31:     0.007  0.008  0.985       45
 32:     0.009  0.010  0.981       28
 33:     0.022  0.964  0.013        6
 34:     0.009  0.726  0.264       40
 35:     0.018  0.869  0.113       42
--------------------------------------------

Allele-freq. divergence among pops (Net nucleotide distance),
computed using point estimates of P.

      1       2       3      
 1      -    0.1776  0.2557  
 2   0.1776     -    0.1572  
 3   0.2557  0.1572     -    

Average distances (expected heterozygosity) between individuals in same cluster:
cluster  1  : 0.4988 
cluster  2  : 0.6051 
cluster  3  : 0.4816 

--------------------------------------------
Estimated Ln Prob of Data   = -26806.2
Mean value of ln likelihood = -26437.7
Variance of ln likelihood   = 736.9
Mean value of alpha         = 0.0516

Mean value of Fst_1         = 0.2787
Mean value of Fst_2         = 0.1885
Mean value of Fst_3         = 0.3987


Inferred ancestry of individuals:
        Label (%Miss) Pop:  Inferred clusters
  1 TMA-ZAIN-G-    (9)    1 :  0.450 0.545 0.005 
  2 TMA-ZAIN-G-    (0)    1 :  0.337 0.628 0.034 
  3 TMA-ZAIN-G-    (0)    1 :  0.989 0.005 0.006 
  4 TMA-ZAIN-G-    (0)    1 :  0.951 0.044 0.006 
  5 TMA-ZAIN-G-    (0)    1 :  0.032 0.955 0.013 
  6 TMA-ZAIN-G-    (0)    1 :  0.969 0.023 0.008 
  7 TMA-ZAIN-G-    (0)    1 :  0.985 0.008 0.007 
  8 TMA-ZAIN-G-    (0)    1 :  0.989 0.005 0.007 
  9 TMA-ZAIN-G-    (9)    1 :  0.882 0.045 0.072 
 10 TMA-ZAIN-G-    (0)    1 :  0.988 0.005 0.007 
 11 TMA-ZAIN-G-    (0)    1 :  0.975 0.007 0.018 
 12 TMA-ZAIN-G-    (0)    1 :  0.987 0.006 0.007 
 13 TMA-ZAIN-G-    (9)    1 :  0.976 0.016 0.009 
 14 TMA-ZAIN-G-    (9)    1 :  0.976 0.016 0.008 
 15 TMA-ZAIN-G-    (0)    1 :  0.986 0.009 0.006 
 16 TMA-ZAIN-G-    (0)    1 :  0.989 0.005 0.006 
 17 TMA-ZAIN-G-    (9)    1 :  0.989 0.007 0.004 
 18 TMA-ZAIN-G-    (0)    1 :  0.252 0.743 0.004 
 19 TMA-ZAIN-G-    (0)    1 :  0.518 0.478 0.004 
 20 TMA-ZAIN-G-    (0)    1 :  0.012 0.983 0.005 
 21 TMA-ZAIN-G-    (0)    1 :  0.027 0.965 0.008 
 22 TMA-ZAIN-G-    (0)    1 :  0.007 0.989 0.004 
 23 TMA-ZAIN-G-    (0)    1 :  0.091 0.904 0.004 
 24 TMA-ZAIN-G-    (9)    1 :  0.319 0.633 0.049 
 25 TMA-ZAIN-G-    (9)    1 :  0.464 0.531 0.005 
 26 TMA-ZAIN-G-    (9)    1 :  0.982 0.009 0.009 
 27 TMA-ZAIN-G-    (0)    1 :  0.284 0.707 0.009 
 28 TMA-ZAIN-G-    (0)    1 :  0.330 0.645 0.025 
 29 TMA-ZAIN-G-    (0)    1 :  0.894 0.091 0.014 
 30 TMA-ZAIN-G-    (0)    1 :  0.883 0.031 0.086 
 31 TMA-ZAIN-G-    (0)    1 :  0.025 0.968 0.007 
 32 TMA-ZAIN-G-    (9)    1 :  0.893 0.100 0.007 
 33 TMA-ZAIN-G-   (18)    1 :  0.989 0.005 0.006 
 34 TMA-ZAIN-G-    (0)    1 :  0.983 0.010 0.007 
 35 TMA-ZAIN-G-    (9)    1 :  0.988 0.006 0.006 
 36 TMA-ZAIN-G-    (0)    1 :  0.989 0.004 0.007 
 37 TMA-ZAIN-G-    (9)    1 :  0.986 0.007 0.007 
 38 TMA-ZAIN-G-   (18)    1 :  0.755 0.239 0.006 
 39 TMA-ZAIN-G-    (0)    1 :  0.987 0.005 0.008 
 40 TMA-ZAIN-G-    (0)    1 :  0.990 0.004 0.006 
 41 TMA-ZAIN-G-    (0)    1 :  0.987 0.005 0.008 
 42 TMA-ZAIN-G-    (9)    1 :  0.987 0.005 0.008 
 43 TMA-ZAIN-G-    (0)    1 :  0.980 0.011 0.008 
 44 TMA-ZAIN-G-    (0)    1 :  0.123 0.862 0.014 
 45 TMA-ZAIN-G-    (0)    1 :  0.983 0.009 0.007 
 46 TMA-ZAIN-G-    (0)    1 :  0.015 0.979 0.005 
 47 TMA-ZAIN-G-    (0)    1 :  0.981 0.013 0.006 
 48 TMA-ZAIN-G-    (0)    1 :  0.982 0.009 0.009 
 49 TMA-ZAIN-G-    (9)    1 :  0.267 0.724 0.008 
 50 TMA-ZAIN-G-    (0)    1 :  0.401 0.593 0.005 
 51 TMA-ZAIN-G-    (0)    1 :  0.178 0.680 0.142 
 52 TMA-ZAIN-G-    (0)    1 :  0.485 0.446 0.069 
 53 TMA-ZAIN-G-    (0)    1 :  0.369 0.620 0.011 
 54 TMA-ZAIN-G-    (0)    1 :  0.982 0.009 0.009 
 55 TMA-ZAIN-G-    (0)    1 :  0.982 0.010 0.008 
 56 TMA-ZAIN-G-    (0)    1 :  0.929 0.065 0.005 
 57 TMA-ZAIN-G-    (0)    1 :  0.981 0.012 0.006 
 58 TMA-ZAIN-G-    (0)    1 :  0.412 0.583 0.005 
 59 TMA-ZAIN-G-    (0)    1 :  0.769 0.220 0.011 
 60 TMA-ZAIN-G-    (0)    1 :  0.340 0.654 0.006 
 61 TMA-ZAIN-G-    (0)    1 :  0.055 0.933 0.013 
 62 TMA-ZAIN-G-    (9)    1 :  0.085 0.904 0.011 
 63 TMA-ZAIN-G-    (0)    1 :  0.029 0.966 0.006 
 64 TMA-ZAIN-G-    (0)    1 :  0.980 0.004 0.016 
 65 TMA-ZAIN-G-    (9)    1 :  0.989 0.004 0.007 
 66 TMA-ZAIN-G-    (0)    1 :  0.986 0.004 0.010 
 67 TMA-ZAIN-G-    (0)    1 :  0.983 0.009 0.008 
 68 TMA-ZAIN-G-    (0)    1 :  0.987 0.004 0.009 
 69 TMA-ZAIN-G-    (0)    1 :  0.966 0.015 0.018 
 70 TMA-ZAIN-G-    (0)    1 :  0.978 0.006 0.016 
 71 TMA-ZAIN-G-    (0)    1 :  0.957 0.006 0.038 
 72 TMA-ZAIN-G-    (0)    1 :  0.986 0.005 0.009 
 73 TMA-ZAIN-G-    (0)    1 :  0.976 0.009 0.015 
 74 TMA-ZAIN-G-    (0)    1 :  0.970 0.011 0.019 
 75 TMA-ZAIN-G-    (0)    1 :  0.950 0.007 0.043 
 76 TMA-ZAIN-G-    (0)    1 :  0.937 0.032 0.030 
 77 TMA-ZAIN-G-    (0)    1 :  0.987 0.006 0.007 
 78 TMA-ZAIN-G-    (0)    1 :  0.976 0.018 0.006 
 79 TMA-ZAIN-G-    (0)    1 :  0.984 0.010 0.006 
 80 TMA-ZAIN-G-    (0)    1 :  0.989 0.005 0.006 
 81 TMA-ZAIN-G-    (0)    1 :  0.981 0.008 0.011 
 82 TMA-ZAIN-G-    (0)    1 :  0.978 0.005 0.018 
 83 TMA-ZAIN-G-    (9)    1 :  0.980 0.011 0.009 
 84 TMA-ZAIN-G-    (0)    1 :  0.982 0.013 0.006 
 85 TMA-ZAIN-G-    (0)    1 :  0.501 0.495 0.004 
 86 TMA-ZAIN-G-    (0)    1 :  0.750 0.246 0.005 
 87 TMA-ZAIN-G-    (0)    1 :  0.297 0.699 0.004 
 88 TMA-ZAIN-G-    (0)    1 :  0.965 0.029 0.006 
 89 TMA-ZAIN-G-    (0)    1 :  0.952 0.041 0.006 
 90 TMA-ZAIN-G-    (0)    1 :  0.838 0.157 0.005 
 91 TMA-ZAIN-G-    (0)    1 :  0.869 0.125 0.006 
 92 TMA-ZAIN-G-    (0)    1 :  0.941 0.053 0.006 
 93 TMA-ZAIN-G-    (0)    1 :  0.941 0.052 0.007 
 94 TMA-ZAIN-G-    (0)    1 :  0.613 0.381 0.006 
 95 TMA-ZAIN-G-    (0)    1 :  0.089 0.866 0.045 
 96 TMA-ZAIN-G-    (0)    1 :  0.526 0.465 0.008 
 97 TMA-ZAIN-G-    (0)    1 :  0.020 0.972 0.008 
 98 TMA-ZAIN-G-    (0)    1 :  0.045 0.918 0.037 
 99 TMA-ZAIN-G-    (0)    1 :  0.461 0.521 0.018 
100 TMA-ZAIN-G-    (0)    1 :  0.009 0.985 0.006 
101 TMA-ZAIN-G-    (0)    1 :  0.082 0.905 0.013 
102 TMA-ZAIN-G-    (0)    1 :  0.253 0.738 0.009 
103 TMA-ZAIN-G-    (0)    1 :  0.159 0.836 0.004 
104 TMA-ZAIN-G-    (0)    1 :  0.017 0.978 0.006 
105 TMA-ZAIN-G-    (0)    1 :  0.230 0.765 0.005 
106 TMA-ZAIN-G-    (0)    1 :  0.988 0.004 0.007 
107 TMA-ZAIN-G-    (0)    1 :  0.984 0.005 0.012 
108 TMA-ZAIN-G-    (9)    1 :  0.862 0.131 0.007 
109 TMA-ZAIN-G-    (0)    1 :  0.847 0.146 0.007 
110 TMA-ZAIN-G-    (0)    1 :  0.962 0.031 0.006 
111 TMA-ZAIN-G-    (9)    1 :  0.418 0.576 0.006 
112 TMA-ZAIN-G-    (0)    1 :  0.825 0.168 0.007 
113 TMA-ZAIN-G-    (0)    1 :  0.331 0.645 0.024 
114 TMA-ZAIN-G-    (0)    1 :  0.032 0.955 0.012 
115 TMA-ZAIN-G-    (0)    1 :  0.067 0.918 0.015 
116 TMA-ZAIN-G-    (0)    1 :  0.988 0.005 0.007 
117 TMA-ZAIN-G-    (0)    1 :  0.989 0.005 0.006 
118 TMA-ZAIN-G-    (0)    1 :  0.989 0.005 0.006 
119 TMA-ZAIN-G-    (0)    1 :  0.985 0.008 0.007 
120 TMA-ZAIN-G-    (0)    1 :  0.988 0.006 0.006 
121 TMA-ZAIN-G-    (0)    1 :  0.988 0.005 0.007 
122 TMA-ZAIN-G-    (0)    1 :  0.986 0.008 0.006 
123 TMA-ZAIN-G-    (0)    1 :  0.032 0.963 0.005 
124 TMA-ZAIN-G-    (0)    1 :  0.988 0.005 0.006 
125 TMA-ZAIN-G-    (0)    1 :  0.990 0.003 0.006 
126 TMA-ZAIN-G-    (0)    1 :  0.988 0.005 0.007 
127 TMA-ZAIN-G-    (0)    1 :  0.990 0.004 0.006 
128 TMA-ZAIN-G-    (0)    1 :  0.989 0.004 0.006 
129 TMA-ZAIN-G-    (0)    1 :  0.987 0.005 0.008 
130 TMA-ZAIN-G-    (0)    1 :  0.989 0.005 0.006 
131 TMA-ZAIN-G-    (0)    1 :  0.989 0.005 0.006 
132 TMA-ZAIN-G-    (0)    1 :  0.989 0.004 0.007 
133 TMA-ZAIN-G-    (0)    1 :  0.989 0.005 0.006 
134 TMA-ZAIN-G-    (0)    1 :  0.989 0.004 0.007 
135 TMA-ZAIN-G-    (0)    1 :  0.987 0.005 0.008 
136 TMA-ZAIN-G-    (0)    1 :  0.985 0.005 0.010 
137 TMA-ZAIN-G-    (0)    1 :  0.988 0.005 0.007 
138 TMA-ZAIN-G-    (0)    1 :  0.987 0.004 0.009 
139 TMA-ZAIN-G-    (0)    1 :  0.987 0.004 0.008 
140 TMA-ZAIN-G-    (0)    1 :  0.988 0.005 0.007 
141 TMA-ZAIN-G-    (0)    1 :  0.989 0.005 0.006 
142 TMA-ZAIN-G-    (9)    1 :  0.989 0.005 0.007 
143 TMA-ZAIN-G-    (0)    1 :  0.989 0.005 0.006 
144 TMA-ZAIN-G-    (0)    1 :  0.987 0.006 0.007 
145 TMA-ZAIN-G-    (0)    1 :  0.990 0.004 0.007 
146 TMA-ZAIN-G-    (0)    1 :  0.982 0.005 0.013 
147 TMA-ZAIN-G-    (9)    1 :  0.988 0.004 0.008 
148 TMA-ZAIN-G-    (0)    1 :  0.979 0.005 0.017 
149 TMA-ZAIN-G-    (0)    1 :  0.986 0.006 0.008 
150 TMA-ZAIN-G-    (0)    1 :  0.977 0.006 0.017 
151 TMA-ZAIN-G-    (0)    1 :  0.989 0.005 0.006 
152 TMA-ZAIN-G-    (0)    1 :  0.988 0.005 0.006 
153 TMA-ZAIN-G-    (0)    1 :  0.988 0.004 0.008 
154 TMA-ZAIN-G-    (0)    1 :  0.990 0.004 0.005 
155 TMA-ZAIN-G-    (0)    1 :  0.988 0.005 0.007 
156 TMA-ZAIN-G-    (9)    1 :  0.983 0.008 0.009 
157 TMA-ZAIN-G-    (0)    1 :  0.986 0.007 0.007 
158 TMA-ZAIN-G-    (0)    1 :  0.982 0.005 0.013 
159 TMA-ZAIN-G-    (0)    1 :  0.979 0.005 0.017 
160 TMA-ZAIN-G-    (0)    1 :  0.987 0.005 0.008 
161 TMA-ZAIN-G-    (0)    1 :  0.989 0.004 0.007 
162 TMA-ZAIN-G-    (0)    1 :  0.988 0.005 0.008 
163 TMA-ZAIN-G-    (0)    1 :  0.989 0.004 0.006 
164 TMA-ZAIN-G-    (0)    1 :  0.988 0.006 0.006 
165 TMA-ZAIN-G-    (0)    1 :  0.988 0.004 0.008 
166 TMA-ZAIN-G-    (0)    1 :  0.989 0.004 0.008 
167 TMA-ZAIN-G-    (0)    1 :  0.986 0.006 0.007 
168 TMA-ZAIN-G-    (0)    1 :  0.984 0.007 0.010 
169 TMA-ZAIN-G-    (0)    1 :  0.987 0.004 0.009 
170 TMA-ZAIN-G-    (0)    1 :  0.978 0.015 0.008 
171 TMA-ZAIN-G-    (0)    1 :  0.987 0.004 0.009 
172 TMA-ZAIN-G-    (0)    1 :  0.986 0.008 0.007 
173 TMA-ZAIN-G-    (0)    1 :  0.985 0.008 0.007 
174 TMA-ZAIN-G-    (0)    1 :  0.989 0.004 0.007 
175 TMA-ZAIN-G-    (0)    1 :  0.978 0.005 0.017 
176 TMA-ZAIN-G-    (0)    1 :  0.977 0.005 0.018 
177 TMA-ZAIN-G-    (0)    1 :  0.935 0.008 0.057 
178 TMA-ZAIN-G-    (0)    1 :  0.977 0.013 0.010 
179 TMA-ZAIN-G-    (0)    1 :  0.977 0.006 0.017 
180 TMA-ZAIN-G-    (0)    1 :  0.988 0.005 0.006 
181 TMA-ZAIN-G-    (0)    1 :  0.984 0.006 0.009 
182 TMA-ZAIN-G-    (0)    1 :  0.984 0.008 0.009 
183 TMA-ZAIN-G-    (0)    1 :  0.986 0.006 0.008 
184 TMA-ZAIN-G-    (0)    1 :  0.985 0.006 0.009 
185 TMA-ZAIN-G-    (0)    1 :  0.985 0.006 0.009 
186 TMA-ZAIN-G-    (9)    1 :  0.986 0.007 0.007 
187 TMA-ZAIN-G-    (0)    1 :  0.984 0.007 0.009 
188 TMA-ZAIN-G-    (0)    1 :  0.988 0.004 0.008 
189 TMA-ZAIN-G-    (0)    1 :  0.988 0.004 0.008 
190 TMA-ZAIN-G-    (0)    1 :  0.971 0.011 0.018 
191 TMA-ZAIN-G-    (0)    1 :  0.985 0.005 0.011 
192 TMA-ZAIN-G-    (0)    1 :  0.985 0.007 0.008 
193 TMA-ZAIN-G-    (0)    1 :  0.979 0.011 0.010 
194 TMA-ZAIN-G-    (0)    1 :  0.980 0.011 0.009 
195 TMA-ZAIN-G-    (0)    1 :  0.960 0.011 0.029 
196 TMA-ZAIN-G-    (0)    1 :  0.980 0.009 0.011 
197 TMA-ZAIN-G-    (0)    1 :  0.985 0.007 0.008 
198 TMA-ZAIN-G-    (0)    1 :  0.981 0.009 0.010 
199 TMA-ZAIN-G-    (0)    1 :  0.988 0.006 0.007 
200 TMA-ZAIN-G-    (0)    1 :  0.007 0.989 0.004 
201 TMA-ZAIN-G-    (0)    1 :  0.033 0.963 0.004 
202 TMA-ZAIN-G-    (0)    1 :  0.014 0.981 0.005 
203 TMA-ZAIN-G-    (0)    1 :  0.975 0.015 0.010 
204 TMA-ZAIN-G-    (9)    1 :  0.050 0.923 0.026 
205 TMA-ZAIN-G-    (0)    1 :  0.324 0.670 0.006 
206 TMA-ZAIN-G-    (9)    1 :  0.049 0.944 0.008 
207 TMA-ZAIN-G-    (9)    1 :  0.985 0.008 0.007 
208 TMA-ZAIN-G-    (0)    1 :  0.990 0.004 0.006 
209 TMA-ZAIN-G-    (0)    1 :  0.989 0.004 0.007 
210 TMA-ZAIN-G-    (0)    1 :  0.985 0.006 0.009 
211 TMA-ZAIN-G-    (0)    1 :  0.985 0.009 0.006 
212 TMA-ZAIN-G-    (0)    1 :  0.986 0.007 0.007 
213 TMA-ZAIN-G-    (0)    1 :  0.986 0.005 0.008 
214 TMA-ZAIN-G-    (0)    1 :  0.989 0.004 0.007 
215 TMA-ZAIN-G-    (0)    1 :  0.962 0.033 0.005 
216 TMA-ZAIN-G-    (0)    1 :  0.989 0.005 0.006 
217 TMA-ZAIN-G-    (0)    1 :  0.988 0.004 0.008 
218 TMA-ZAIN-G-    (0)    1 :  0.167 0.814 0.019 
219 TMA-ZAIN-G-    (0)    1 :  0.226 0.767 0.007 
220 TMA-ZAIN-G-    (0)    1 :  0.238 0.756 0.006 
221 TMA-ZAIN-G-    (0)    1 :  0.386 0.600 0.014 
222 TMA-ZAIN-G-    (0)    1 :  0.256 0.739 0.005 
223 TMA-ZAIN-G-    (0)    1 :  0.038 0.958 0.003 
224 TMA-ZAIN-G-    (0)    1 :  0.516 0.480 0.004 
225 TMA-ZAIN-G-    (0)    1 :  0.018 0.979 0.004 
226 TMA-ZAIN-G-    (0)    1 :  0.228 0.768 0.004 
227 TMA-ZAIN-G-    (0)    1 :  0.039 0.956 0.005 
228 TMA-ZAIN-G-    (0)    1 :  0.365 0.630 0.006 
229 TMA-ZAIN-G-    (0)    1 :  0.022 0.972 0.007 
230 TMA-ZAIN-G-    (0)    1 :  0.669 0.322 0.009 
231 TMA-ZAIN-G-    (0)    1 :  0.261 0.734 0.005 
232 TMA-ZAIN-G-    (9)    1 :  0.131 0.861 0.008 
233 TMA-ZAIN-G-    (0)    1 :  0.497 0.496 0.007 
234 TMA-ZAIN-G-    (0)    1 :  0.021 0.972 0.007 
235 TMA-ZAIN-G-    (0)    1 :  0.130 0.852 0.018 
236 TMA-ZAIN-G-    (0)    1 :  0.091 0.904 0.005 
237 TMA-ZAIN-G-    (0)    1 :  0.585 0.409 0.006 
238 TMA-ZAIN-G-    (0)    1 :  0.363 0.631 0.005 
239 TMA-ZAIN-G-    (0)    1 :  0.388 0.599 0.013 
240 TMA-ZAIN-G-    (0)    1 :  0.015 0.979 0.006 
241 TMA-ZAIN-G-    (0)    1 :  0.048 0.943 0.009 
242 TMA-ZAIN-G-    (0)    1 :  0.034 0.958 0.008 
243 TMA-ZAIN-G-    (0)    1 :  0.050 0.938 0.012 
244 TMA-ZAIN-G-    (0)    1 :  0.077 0.912 0.011 
245 TMA-ZAIN-G-    (9)    1 :  0.017 0.978 0.005 
246 TMA-ZAIN-G-    (0)    1 :  0.010 0.985 0.005 
247 TMA-ZAIN-G-    (0)    1 :  0.023 0.970 0.007 
248 TMA-ZAIN-G-    (0)    1 :  0.021 0.972 0.007 
249 TMA-ZAIN-G-    (0)    1 :  0.010 0.985 0.005 
250 TMA-ZAIN-G-    (0)    1 :  0.013 0.981 0.006 
251 TMA-ZAIN-G-    (0)    1 :  0.977 0.017 0.006 
252 TMA-ZAIN-G-    (0)    1 :  0.974 0.007 0.019 
253 TMA-ZAIN-G-    (0)    1 :  0.983 0.008 0.009 
254 TMA-ZAIN-G-    (9)    1 :  0.986 0.007 0.006 
255 TMA-ZAIN-G-    (0)    1 :  0.877 0.113 0.010 
256 TMA-ZAIN-G-    (0)    1 :  0.982 0.010 0.008 
257 TMA-ZAIN-G-    (0)    1 :  0.983 0.010 0.007 
258 TMA-ZAIN-G-    (0)    1 :  0.985 0.008 0.007 
259 TMA-ZAIN-G-    (0)    1 :  0.971 0.020 0.009 
260 TMA-ZAIN-G-    (0)    1 :  0.975 0.014 0.011 
261 TMA-ZAIN-G-   (18)    1 :  0.976 0.015 0.009 
262 TMA-ZAIN-G-    (0)    1 :  0.983 0.010 0.007 
263 TMA-ZAIN-G-    (0)    1 :  0.976 0.017 0.008 
264 TMA-ZAIN-G-    (0)    1 :  0.977 0.015 0.008 
265 TMA-ZAIN-G-    (0)    1 :  0.961 0.032 0.007 
266 TMA-ZAIN-G-    (0)    1 :  0.984 0.009 0.007 
267 TMA-ZAIN-G-    (0)    1 :  0.551 0.440 0.010 
268 TMA-ZAIN-G-    (0)    1 :  0.020 0.977 0.004 
269 TMA-ZAIN-G-    (0)    1 :  0.073 0.923 0.004 
270 TMA-ZAIN-G-    (0)    1 :  0.078 0.918 0.004 
271 TMA-ZAIN-G-    (0)    1 :  0.023 0.973 0.004 
272 TMA-ZAIN-G-    (0)    1 :  0.062 0.935 0.004 
273 TMA-ZAIN-G-    (0)    1 :  0.016 0.981 0.003 
274 TMA-ZAIN-G-    (0)    1 :  0.034 0.958 0.008 
275 TMA-ZAIN-G-    (0)    1 :  0.016 0.981 0.003 
276 TMA-ZAIN-G-    (0)    1 :  0.018 0.979 0.004 
277 TMA-ZAIN-G-    (0)    1 :  0.015 0.980 0.005 
278 TMA-ZAIN-G-    (0)    1 :  0.019 0.977 0.004 
279 TMA-ZAIN-G-    (0)    1 :  0.026 0.970 0.004 
280 TMA-ZAIN-G-    (0)    1 :  0.026 0.969 0.004 
281 TMA-ZAIN-G-    (0)    1 :  0.024 0.972 0.004 
282 TMA-ZAIN-G-    (9)    1 :  0.009 0.988 0.004 
283 TMA-ZAIN-G-    (0)    1 :  0.024 0.972 0.004 
284 TMA-ZAIN-G-    (0)    1 :  0.034 0.961 0.005 
285 TMA-ZAIN-G-    (0)    1 :  0.024 0.968 0.007 
286 TMA-ZAIN-G-    (0)    1 :  0.009 0.988 0.004 
287 TMA-ZAIN-G-    (0)    1 :  0.016 0.977 0.007 
288 TMA-ZAIN-G-    (0)    1 :  0.084 0.907 0.009 
289 TMA-ZAIN-G-    (0)    1 :  0.034 0.958 0.008 
290 TMA-ZAIN-G-    (0)    1 :  0.022 0.972 0.005 
291 TMA-ZAIN-G-    (0)    1 :  0.033 0.952 0.014 
292 TMA-ZAIN-G-    (0)    1 :  0.984 0.010 0.006 
293 TMA-ZAIN-G-    (0)    1 :  0.989 0.006 0.005 
294 TMA-ZAIN-G-    (0)    1 :  0.974 0.006 0.020 
295 TMA-ZAIN-G-    (9)    1 :  0.975 0.009 0.015 
296 TMA-ZAIN-G-    (0)    1 :  0.986 0.008 0.006 
297 TMA-ZAIN-G-    (0)    1 :  0.988 0.006 0.006 
298 TMA-ZAIN-G-    (0)    1 :  0.987 0.007 0.006 
299 TMA-ZAIN-G-    (0)    1 :  0.986 0.006 0.008 
300 TMA-ZAIN-G-    (0)    1 :  0.970 0.006 0.024 
301 TMA-ZAIN-G-    (0)    1 :  0.987 0.006 0.007 
302 TMA-ZAIN-G-    (9)    1 :  0.988 0.005 0.007 
303 TMA-ZAIN-G-    (0)    1 :  0.346 0.611 0.043 
304 TMA-ZAIN-G-    (0)    2 :  0.983 0.008 0.008 
305 TMA-ZAIN-G-    (0)    2 :  0.989 0.005 0.006 
306 TMA-ZAIN-G-    (0)    2 :  0.977 0.015 0.008 
307 TMA-ZAIN-G-    (0)    2 :  0.984 0.007 0.008 
308 TMA-ZAIN-G-    (0)    2 :  0.892 0.098 0.010 
309 TMA-ZAIN-G-    (0)    2 :  0.988 0.005 0.007 
310 TMA-ZAIN-G-    (0)    2 :  0.987 0.007 0.007 
311 TMA-ZAIN-G-    (0)    2 :  0.986 0.008 0.006 
312 TMA-ZAIN-G-    (0)    2 :  0.982 0.012 0.007 
313 TMA-ZAIN-G-    (0)    2 :  0.983 0.006 0.011 
314 TMA-ZAIN-G-    (0)    2 :  0.168 0.828 0.004 
315 TMA-ZAIN-G-    (0)    2 :  0.710 0.285 0.005 
316 TMA-ZAIN-G-    (0)    2 :  0.627 0.368 0.005 
317 TMA-ZAIN-G-    (0)    2 :  0.337 0.658 0.005 
318 TMA-ZAIN-G-    (9)    2 :  0.025 0.968 0.006 
319 TMA-ZAIN-G-    (0)    3 :  0.484 0.511 0.005 
320 TMA-ZAIN-G-    (0)    3 :  0.906 0.089 0.006 
321 TMA-ZAIN-G-    (0)    4 :  0.876 0.115 0.009 
322 TMA-ZAIN-G-    (0)    4 :  0.860 0.134 0.006 
323 TMA-ZAIN-G-    (0)    5 :  0.454 0.539 0.007 
324 TMA-ZAIN-G-    (0)    5 :  0.984 0.009 0.007 
325 TMA-ZAIN-G-    (0)    5 :  0.239 0.748 0.012 
326 TMA-ZAIN-G-    (0)    5 :  0.664 0.311 0.025 
327 TMA-ZAIN-G-    (0)    5 :  0.985 0.007 0.008 
328 TMA-ZAIN-G-    (0)    5 :  0.650 0.341 0.009 
329 TMA-ZAIN-G-    (0)    5 :  0.988 0.005 0.006 
330 TMA-ZAIN-G-    (0)    6 :  0.990 0.004 0.006 
331 TMA-ZAIN-G-    (0)    6 :  0.802 0.146 0.052 
332 TMA-ZAIN-G-    (0)    6 :  0.986 0.006 0.008 
333 TMA-ZAIN-G-    (0)    6 :  0.983 0.009 0.009 
334 TMA-ZAIN-G-    (0)    6 :  0.020 0.976 0.004 
335 TMA-ZAIN-G-    (0)    6 :  0.051 0.946 0.003 
336 TMA-ZAIN-G-    (0)    6 :  0.119 0.877 0.004 
337 TMA-ZAIN-G-    (9)    6 :  0.034 0.962 0.004 
338 TMA-ZAIN-G-    (0)    6 :  0.008 0.989 0.003 
339 TMA-ZAIN-G-    (0)    6 :  0.005 0.992 0.003 
340 TMA-ZAIN-G-    (0)    6 :  0.035 0.962 0.003 
341 TMA-ZAIN-G-    (0)    6 :  0.044 0.952 0.004 
342 TMA-ZAIN-G-    (0)    6 :  0.052 0.945 0.003 
343 TMA-ZAIN-G-    (0)    7 :  0.012 0.984 0.003 
344 TMA-ZAIN-G-    (0)    7 :  0.028 0.968 0.004 
345 TMA-ZAIN-G-    (0)    7 :  0.007 0.990 0.003 
346 TMA-ZAIN-G-    (0)    7 :  0.029 0.968 0.003 
347 TMA-ZAIN-G-    (9)    7 :  0.019 0.978 0.003 
348 TMA-ZAIN-G-    (0)    7 :  0.036 0.960 0.004 
349 TMA-ZAIN-G-    (0)    7 :  0.011 0.984 0.005 
350 TMA-ZAIN-G-    (0)    7 :  0.094 0.902 0.004 
351 TMA-ZAIN-G-    (0)    7 :  0.023 0.973 0.004 
352 TMA-ZAIN-G-    (0)    7 :  0.075 0.922 0.004 
353 TMA-ZAIN-G-    (0)    7 :  0.039 0.957 0.005 
354 TMA-ZAIN-G-    (0)    7 :  0.021 0.975 0.004 
355 TMA-ZAIN-G-    (0)    7 :  0.083 0.913 0.004 
356 TMA-ZAIN-G-    (0)    8 :  0.991 0.004 0.006 
357 TMA-ZAIN-G-    (0)    8 :  0.988 0.006 0.006 
358 TMA-ZAIN-G-    (0)    8 :  0.972 0.008 0.020 
359 TMA-ZAIN-G-    (0)    8 :  0.983 0.011 0.006 
360 TMA-ZAIN-G-    (0)    8 :  0.989 0.004 0.006 
361 TMA-ZAIN-G-    (0)    8 :  0.892 0.029 0.079 
362 TMA-ZAIN-G-    (0)    8 :  0.986 0.008 0.006 
363 TMA-ZAIN-G-    (0)    9 :  0.986 0.008 0.006 
364 TMA-ZAIN-G-    (0)    9 :  0.321 0.675 0.004 
365 TMA-ZAIN-G-    (0)    9 :  0.865 0.129 0.007 
366 TMA-ZAIN-G-    (0)    9 :  0.968 0.007 0.025 
367 TMA-ZAIN-G-    (0)    9 :  0.980 0.013 0.007 
368 TMA-ZAIN-G-    (0)    9 :  0.965 0.006 0.029 
369 TMA-ZAIN-G-    (0)    9 :  0.989 0.004 0.007 
370 TMA-ZAIN-G-    (0)    9 :  0.864 0.035 0.101 
371 TMA-ZAIN-G-    (0)    9 :  0.987 0.005 0.008 
372 TMA-ZAIN-G-    (0)    9 :  0.984 0.004 0.011 
373 TMA-ZAIN-G-    (0)    9 :  0.980 0.011 0.010 
374 TMA-ZAIN-G-    (0)   10 :  0.904 0.090 0.007 
375 TMA-ZAIN-G-    (0)   10 :  0.949 0.046 0.005 
376 TMA-ZAIN-G-    (9)   10 :  0.989 0.005 0.006 
377 TMA-ZAIN-G-    (0)   10 :  0.989 0.004 0.007 
378 TMA-ZAIN-G-    (0)   10 :  0.989 0.004 0.007 
379 TMA-ZAIN-G-    (0)   10 :  0.989 0.004 0.007 
380 TMA-ZAIN-G-    (0)   10 :  0.980 0.004 0.016 
381 TMA-ZAIN-G-    (9)   10 :  0.647 0.307 0.046 
382 TMA-ZAIN-G-    (9)   10 :  0.055 0.939 0.006 
383    ZFB01    (0)   11 :  0.131 0.860 0.009 
384    ZFB02    (0)   11 :  0.013 0.981 0.006 
385    ZFB03    (0)   11 :  0.015 0.968 0.017 
386    ZFB04    (0)   11 :  0.014 0.980 0.006 
387    ZFB05    (0)   11 :  0.013 0.981 0.006 
388    ZFB06    (0)   11 :  0.013 0.981 0.006 
389    ZFB07    (9)   11 :  0.009 0.974 0.017 
390    ZFB08    (0)   11 :  0.010 0.975 0.015 
391    ZFB09    (0)   11 :  0.021 0.971 0.008 
392    ZFB10    (0)   11 :  0.046 0.934 0.019 
393    ZFB11    (0)   11 :  0.265 0.726 0.009 
394    ZFB12    (0)   11 :  0.083 0.906 0.012 
395    ZFB13    (0)   11 :  0.007 0.978 0.016 
396    ZFB14    (0)   11 :  0.024 0.964 0.012 
397    ZFB15    (0)   11 :  0.015 0.980 0.004 
398    ZFB16    (0)   11 :  0.009 0.984 0.007 
399    ZFB17    (0)   11 :  0.015 0.978 0.007 
400    ZFB18    (0)   11 :  0.045 0.944 0.011 
401    ZFB19    (0)   11 :  0.011 0.947 0.042 
402    ZFB20    (0)   11 :  0.016 0.978 0.006 
403    ZFB21    (0)   11 :  0.014 0.980 0.006 
404    ZFB22    (0)   11 :  0.052 0.941 0.007 
405    ZFB23    (0)   11 :  0.047 0.933 0.020 
406    ZFB24    (0)   11 :  0.176 0.814 0.010 
407    ZFB25    (0)   11 :  0.070 0.889 0.040 
408    ZFB26    (0)   11 :  0.046 0.928 0.027 
409    ZFB27    (0)   11 :  0.134 0.856 0.009 
410    ZFB28    (0)   11 :  0.024 0.964 0.012 
411    ZFB29    (0)   11 :  0.059 0.934 0.007 
412    ZFB30    (0)   11 :  0.040 0.948 0.012 
413    ZFB31    (0)   11 :  0.020 0.947 0.032 
414    ZFB32    (0)   11 :  0.027 0.940 0.033 
415    ZFB33    (0)   11 :  0.034 0.960 0.006 
416    ZFB34    (0)   11 :  0.015 0.975 0.010 
417    ZFB35    (0)   11 :  0.019 0.968 0.013 
418  ZFBP101    (0)   12 :  0.008 0.011 0.981 
419  ZFBP102    (0)   12 :  0.010 0.012 0.978 
420  ZFBP103    (0)   12 :  0.007 0.008 0.985 
421  ZFBP104    (0)   12 :  0.007 0.097 0.896 
422  ZFBP105    (0)   12 :  0.009 0.014 0.977 
423  ZFBP106    (0)   12 :  0.007 0.005 0.988 
424  ZFBP107    (0)   12 :  0.010 0.022 0.968 
425  ZFBP108    (0)   12 :  0.008 0.005 0.987 
426  ZFBP109    (0)   12 :  0.040 0.006 0.953 
427  ZFBP110    (0)   12 :  0.013 0.018 0.970 
428  ZFBP111    (0)   12 :  0.007 0.004 0.989 
429  ZFBP112    (0)   12 :  0.009 0.009 0.982 
430  ZFBP113    (0)   12 :  0.008 0.009 0.982 
431  ZFBP114    (0)   12 :  0.009 0.007 0.984 
432  ZFBP115    (0)   12 :  0.006 0.006 0.988 
433  ZFBP116    (0)   12 :  0.007 0.006 0.986 
434  ZFBP117    (0)   12 :  0.007 0.004 0.988 
435  ZFBP118    (0)   12 :  0.010 0.007 0.983 
436  ZFBP119    (0)   12 :  0.006 0.005 0.989 
437  ZFBP120    (0)   12 :  0.010 0.012 0.978 
438  ZFBP121    (0)   12 :  0.008 0.007 0.984 
439  ZFBP122    (9)   12 :  0.009 0.005 0.986 
440  ZFBP123    (0)   12 :  0.007 0.008 0.985 
441  ZFBP124    (0)   12 :  0.009 0.010 0.982 
442  ZFBP125    (0)   12 :  0.007 0.004 0.989 
443  ZFBP126    (0)   12 :  0.013 0.011 0.976 
444  ZFBP127    (0)   12 :  0.017 0.005 0.977 
445  ZFBP128    (0)   12 :  0.008 0.006 0.987 
446  ZFBP129    (0)   12 :  0.008 0.005 0.986 
447  ZFBP130    (0)   12 :  0.007 0.004 0.988 
448  ZFBP131    (0)   12 :  0.013 0.006 0.980 
449  ZFBP132    (0)   12 :  0.011 0.005 0.984 
450  ZFBP133    (0)   12 :  0.008 0.005 0.987 
451  ZFBP134    (0)   12 :  0.008 0.007 0.986 
452  ZFBP135    (0)   12 :  0.009 0.013 0.978 
453  ZFBP136    (0)   12 :  0.006 0.009 0.985 
454  ZFBP201    (0)   13 :  0.012 0.009 0.979 
455  ZFBP202    (0)   13 :  0.010 0.007 0.983 
456  ZFBP203    (0)   13 :  0.011 0.034 0.955 
457  ZFBP204    (0)   13 :  0.006 0.008 0.986 
458  ZFBP205    (0)   13 :  0.008 0.006 0.986 
459  ZFBP206    (0)   13 :  0.008 0.009 0.983 
460  ZFBP207    (0)   13 :  0.005 0.004 0.990 
461  ZFBP208    (0)   13 :  0.010 0.011 0.979 
462  ZFBP209    (0)   13 :  0.017 0.004 0.979 
463  ZFBP210    (0)   13 :  0.014 0.010 0.976 
464  ZFBP211    (0)   13 :  0.010 0.006 0.985 
465  ZFBP212    (0)   13 :  0.011 0.006 0.984 
466  ZFBP213    (0)   13 :  0.008 0.010 0.982 
467  ZFBP214    (0)   13 :  0.009 0.007 0.984 
468  ZFBP215    (0)   13 :  0.010 0.005 0.985 
469  ZFBP216    (0)   13 :  0.012 0.015 0.973 
470  ZFBP217    (0)   13 :  0.011 0.005 0.984 
471  ZFBP218    (0)   13 :  0.008 0.005 0.987 
472  ZFBP219    (0)   13 :  0.009 0.006 0.985 
473  ZFBP220    (0)   13 :  0.008 0.005 0.986 
474  ZFBP221    (0)   13 :  0.007 0.007 0.986 
475  ZFBP222    (0)   13 :  0.010 0.009 0.981 
476  ZFBP223    (0)   13 :  0.009 0.007 0.984 
477  ZFBP224    (0)   13 :  0.010 0.007 0.983 
478  ZFBP225    (0)   13 :  0.007 0.006 0.987 
479  ZFBP226    (0)   13 :  0.010 0.007 0.983 
480  ZFBP227    (0)   13 :  0.009 0.118 0.874 
481  ZFBP228    (0)   13 :  0.008 0.005 0.987 
482  ZFBP229    (0)   13 :  0.009 0.005 0.986 
483  ZFBP230    (0)   13 :  0.008 0.007 0.985 
484  ZFBP231    (0)   13 :  0.008 0.007 0.984 
485  ZFBP232    (0)   13 :  0.009 0.006 0.986 
486  ZFBP233    (0)   13 :  0.016 0.009 0.975 
487   ZFCC01    (0)   14 :  0.024 0.525 0.451 
488   ZFCC03    (0)   14 :  0.010 0.021 0.969 
489   ZFCC04    (0)   14 :  0.008 0.275 0.717 
490   ZFCC05    (0)   14 :  0.010 0.235 0.755 
491   ZFCC08    (0)   14 :  0.006 0.010 0.984 
492   ZFCC09    (0)   14 :  0.007 0.118 0.875 
493   ZFCC10    (0)   14 :  0.011 0.571 0.418 
494   ZFCC11    (0)   14 :  0.014 0.248 0.737 
495   ZFCC12    (0)   14 :  0.010 0.519 0.471 
496   ZFCC13    (0)   14 :  0.009 0.027 0.964 
497   ZFCC14    (0)   14 :  0.013 0.440 0.547 
498   ZFCC15    (0)   14 :  0.009 0.181 0.810 
499   ZFCC16    (0)   14 :  0.010 0.350 0.639 
500   ZFCC17    (0)   14 :  0.012 0.465 0.523 
501   ZFCC18    (0)   14 :  0.008 0.109 0.883 
502   ZFCC19    (0)   14 :  0.014 0.589 0.397 
503   ZFCC20    (0)   14 :  0.010 0.083 0.907 
504   ZFCC21    (0)   14 :  0.007 0.064 0.929 
505   ZFCC22    (0)   14 :  0.006 0.008 0.986 
506   ZFCC26    (0)   14 :  0.009 0.224 0.767 
507   ZFCC27    (0)   14 :  0.015 0.199 0.786 
508   ZFCC29    (0)   14 :  0.008 0.407 0.585 
509   ZFCC30    (0)   14 :  0.014 0.151 0.835 
510   ZFCC32    (0)   14 :  0.008 0.263 0.729 
511   ZFCC33    (0)   14 :  0.007 0.465 0.528 
512   ZFCC34    (0)   14 :  0.008 0.157 0.835 
513   ZFCC35    (0)   14 :  0.011 0.203 0.786 
514   ZFCC36    (0)   14 :  0.008 0.184 0.809 
515   ZFCC37    (0)   14 :  0.008 0.531 0.460 
516   ZFCC40    (0)   14 :  0.018 0.555 0.427 
517   ZFCC42    (0)   14 :  0.014 0.704 0.282 
518   ZFCC44    (0)   14 :  0.012 0.039 0.949 
519   ZFCC45    (9)   14 :  0.012 0.565 0.423 
520   ZFCC46    (0)   14 :  0.006 0.017 0.977 
521   ZFCC47    (0)   14 :  0.007 0.294 0.699 
522   ZFCC48    (0)   14 :  0.007 0.037 0.956 
523   ZFCC50    (0)   14 :  0.012 0.355 0.633 
524   ZFCC51    (0)   14 :  0.008 0.070 0.922 
525   ZFCC52    (0)   14 :  0.010 0.277 0.713 
526   ZFCC53    (0)   14 :  0.011 0.314 0.675 
527  ZFCNS01    (0)   15 :  0.007 0.011 0.983 
528  ZFCNS02    (0)   15 :  0.005 0.005 0.989 
529  ZFCNS05    (0)   15 :  0.007 0.007 0.986 
530  ZFCNS06    (0)   15 :  0.007 0.006 0.987 
531  ZFCNS07    (0)   15 :  0.007 0.006 0.988 
532  ZFCNS10    (0)   15 :  0.005 0.005 0.990 
533  ZFCNS11    (0)   15 :  0.006 0.008 0.986 
534  ZFCNS15    (0)   15 :  0.007 0.007 0.986 
535  ZFCNS17    (0)   15 :  0.006 0.006 0.988 
536  ZFCNS18    (0)   15 :  0.006 0.005 0.989 
537  ZFCNS19    (0)   15 :  0.006 0.007 0.987 
538  ZFCNS20    (0)   15 :  0.007 0.006 0.987 
539  ZFCNS21    (0)   15 :  0.006 0.006 0.988 
540  ZFCNS22    (0)   15 :  0.007 0.007 0.986 
541  ZFCNS23    (0)   15 :  0.006 0.008 0.986 
542  ZFCNS24    (0)   15 :  0.006 0.005 0.988 
543  ZFCNS25    (0)   15 :  0.006 0.006 0.988 
544  ZFCNS26    (0)   15 :  0.007 0.007 0.987 
545  ZFCNS27    (0)   15 :  0.007 0.006 0.987 
546  ZFCNS28    (0)   15 :  0.006 0.007 0.987 
547  ZFCNS29    (0)   15 :  0.007 0.006 0.987 
548  ZFCNS30    (0)   15 :  0.006 0.007 0.987 
549  ZFCNS31    (0)   15 :  0.007 0.006 0.987 
550  ZFCNS32    (0)   15 :  0.006 0.006 0.988 
551  ZFCNS33    (0)   15 :  0.006 0.006 0.988 
552  ZFCNS34    (0)   15 :  0.006 0.006 0.988 
553  ZFCNS35    (0)   15 :  0.006 0.008 0.986 
554  ZFCNS36    (0)   15 :  0.005 0.005 0.989 
555  ZFCNS37    (0)   15 :  0.007 0.006 0.986 
556  ZFCNS39    (0)   15 :  0.006 0.005 0.990 
557  ZFCNS40    (0)   15 :  0.006 0.005 0.989 
558  ZFCNS41    (0)   15 :  0.007 0.011 0.981 
559  ZFCNS42    (0)   15 :  0.006 0.005 0.989 
560  ZFCNS43    (0)   15 :  0.006 0.006 0.988 
561  ZFCNS44    (0)   15 :  0.006 0.005 0.989 
562  ZFCNS45    (0)   15 :  0.006 0.005 0.989 
563  ZFCNS46    (0)   15 :  0.006 0.006 0.987 
564  ZFCNS47    (0)   15 :  0.006 0.006 0.988 
565  ZFCNS48    (0)   15 :  0.006 0.005 0.989 
566  ZFCNS49    (0)   15 :  0.006 0.006 0.988 
567   ZFCR01    (0)   16 :  0.051 0.899 0.049 
568   ZFCR02    (0)   16 :  0.029 0.896 0.075 
569   ZFCR03    (0)   16 :  0.009 0.931 0.060 
570   ZFCR04    (0)   16 :  0.014 0.945 0.042 
571   ZFCR05    (0)   16 :  0.009 0.975 0.016 
572   ZFCR06    (0)   16 :  0.020 0.544 0.435 
573   ZFCR07    (0)   16 :  0.008 0.684 0.308 
574   ZFCR08    (0)   16 :  0.025 0.843 0.132 
575   ZFCR09    (0)   16 :  0.011 0.845 0.144 
576   ZFCR11    (0)   16 :  0.015 0.797 0.188 
577   ZFCR12    (0)   16 :  0.007 0.516 0.477 
578   ZFCR13    (0)   16 :  0.022 0.650 0.328 
579   ZFCR14    (0)   16 :  0.015 0.892 0.093 
580   ZFCR15    (0)   16 :  0.006 0.930 0.064 
581   ZFCR16    (0)   16 :  0.204 0.724 0.073 
582   ZFCR18    (0)   16 :  0.015 0.972 0.014 
583   ZFCR19    (0)   16 :  0.013 0.764 0.223 
584   ZFCR20    (0)   16 :  0.013 0.888 0.099 
585   ZFCR21    (0)   16 :  0.005 0.923 0.072 
586   ZFCR22    (0)   16 :  0.006 0.897 0.097 
587   ZFCR23    (0)   16 :  0.049 0.894 0.057 
588   ZFCR24    (9)   16 :  0.017 0.488 0.496 
589   ZFCR25    (0)   16 :  0.005 0.970 0.025 
590   ZFCR26    (0)   16 :  0.006 0.819 0.174 
591   ZFCR27    (9)   16 :  0.009 0.985 0.007 
592   ZFCR28    (0)   16 :  0.010 0.405 0.585 
593   ZFCR29    (0)   16 :  0.005 0.969 0.026 
594   ZFCR30    (0)   16 :  0.007 0.880 0.113 
595   ZFCR31    (0)   16 :  0.017 0.676 0.308 
596   ZFCR33    (0)   16 :  0.014 0.859 0.128 
597   ZFCR34    (0)   16 :  0.018 0.719 0.263 
598   ZFCR35    (0)   16 :  0.005 0.982 0.012 
599   ZFCR36    (0)   16 :  0.014 0.949 0.038 
600   ZFCR37    (0)   16 :  0.009 0.964 0.028 
601   ZFCR38    (0)   16 :  0.011 0.918 0.071 
602   ZFCR39    (0)   16 :  0.038 0.865 0.096 
603   ZFCR40    (0)   16 :  0.012 0.939 0.049 
604   ZFCR41    (0)   16 :  0.009 0.507 0.483 
605   ZFCR42    (0)   16 :  0.012 0.553 0.435 
606   ZFCR43    (0)   16 :  0.074 0.749 0.177 
607  ZFENP25    (0)   17 :  0.023 0.952 0.025 
608  ZFENP26    (0)   17 :  0.014 0.971 0.015 
609  ZFENP27    (0)   17 :  0.016 0.607 0.377 
610  ZFENP28    (0)   17 :  0.007 0.969 0.024 
611  ZFENP29    (0)   17 :  0.005 0.977 0.019 
612  ZFENP30    (0)   17 :  0.006 0.958 0.036 
613  ZFENP31    (0)   17 :  0.008 0.964 0.027 
614  ZFENP32    (0)   17 :  0.006 0.958 0.035 
615  ZFENP33    (0)   17 :  0.004 0.978 0.018 
616  ZFENP34    (0)   17 :  0.008 0.981 0.012 
617  ZFENP35    (0)   17 :  0.012 0.957 0.031 
618  ZFENP36    (0)   17 :  0.005 0.987 0.008 
619  ZFENP37    (0)   17 :  0.006 0.976 0.017 
620  ZFENP38    (0)   17 :  0.006 0.892 0.102 
621  ZFENP39    (0)   17 :  0.006 0.980 0.014 
622  ZFENP40    (0)   17 :  0.010 0.977 0.013 
623  ZFENP41    (0)   17 :  0.010 0.960 0.030 
624  ZFENP42    (0)   17 :  0.012 0.971 0.017 
625  ZFENP43    (0)   17 :  0.018 0.704 0.278 
626  ZFENP44    (0)   17 :  0.010 0.957 0.033 
627  ZFENP45    (0)   17 :  0.009 0.395 0.596 
628  ZFENP46    (0)   17 :  0.007 0.959 0.035 
629  ZFENP47    (0)   17 :  0.026 0.902 0.071 
630  ZFENP48    (0)   17 :  0.006 0.952 0.042 
631  ZFENP49    (0)   17 :  0.004 0.913 0.082 
632  ZFENP50    (0)   17 :  0.142 0.813 0.045 
633  ZFENP51    (0)   17 :  0.008 0.970 0.022 
634  ZFENP52    (0)   17 :  0.038 0.817 0.144 
635  ZFENP53    (0)   17 :  0.065 0.844 0.091 
636  ZFENP54    (0)   17 :  0.024 0.756 0.220 
637  ZFENP55    (0)   17 :  0.006 0.981 0.013 
638  ZFENP56    (0)   17 :  0.025 0.924 0.051 
639  ZFENP57    (0)   17 :  0.007 0.978 0.015 
640  ZFENP58    (0)   17 :  0.095 0.755 0.150 
641  ZFENP59    (0)   17 :  0.005 0.965 0.030 
642  ZFENP60    (0)   17 :  0.010 0.975 0.016 
643  ZFENP61    (0)   17 :  0.005 0.985 0.010 
644 ZFFDSP01    (0)   18 :  0.007 0.006 0.986 
645 ZFFDSP02    (0)   18 :  0.007 0.005 0.988 
646 ZFFDSP04    (0)   18 :  0.008 0.007 0.985 
647 ZFFDSP05    (0)   18 :  0.008 0.008 0.984 
648 ZFFDSP06    (0)   18 :  0.006 0.005 0.988 
649 ZFFDSP07    (0)   18 :  0.006 0.007 0.987 
650 ZFFDSP08    (0)   18 :  0.006 0.006 0.988 
651 ZFFDSP10    (0)   18 :  0.007 0.006 0.986 
652 ZFFDSP11    (0)   18 :  0.009 0.009 0.982 
653 ZFFDSP12    (0)   18 :  0.009 0.004 0.986 
654 ZFFDSP13    (0)   18 :  0.008 0.009 0.983 
655 ZFFDSP14    (0)   18 :  0.007 0.006 0.988 
656 ZFFDSP16    (0)   18 :  0.012 0.008 0.979 
657 ZFFDSP17    (0)   18 :  0.009 0.005 0.986 
658 ZFFDSP18    (0)   18 :  0.009 0.007 0.984 
659 ZFFDSP19    (0)   18 :  0.008 0.006 0.986 
660 ZFFDSP21    (0)   18 :  0.007 0.004 0.988 
661 ZFFDSP22    (0)   18 :  0.008 0.004 0.987 
662 ZFFDSP23    (0)   18 :  0.006 0.004 0.989 
663 ZFFDSP24    (0)   18 :  0.007 0.006 0.987 
664 ZFFDSP26    (9)   18 :  0.007 0.006 0.987 
665 ZFFDSP27    (0)   18 :  0.008 0.007 0.985 
666 ZFFDSP28    (0)   18 :  0.008 0.035 0.957 
667 ZFFDSP30    (0)   18 :  0.008 0.016 0.976 
668 ZFFDSP31    (0)   18 :  0.005 0.005 0.990 
669 ZFFDSP32    (0)   18 :  0.008 0.006 0.986 
670 ZFFDSP33    (0)   18 :  0.009 0.005 0.986 
671 ZFFDSP34    (0)   18 :  0.006 0.005 0.990 
672 ZFFDSP35    (0)   18 :  0.008 0.007 0.986 
673 ZFFDSP37    (0)   18 :  0.010 0.006 0.985 
674 ZFFDSP38    (0)   18 :  0.008 0.006 0.987 
675 ZFFDSP39    (0)   18 :  0.008 0.006 0.987 
676 ZFFDSP40    (0)   18 :  0.008 0.007 0.986 
677 ZFFDSP42    (0)   18 :  0.006 0.005 0.989 
678 ZFFDSP43    (0)   18 :  0.006 0.005 0.989 
679 ZFFDSP44    (0)   18 :  0.008 0.006 0.986 
680 ZFFDSP45    (0)   18 :  0.008 0.005 0.987 
681 ZFFDSP46    (0)   18 :  0.007 0.005 0.987 
682 ZFFDSP47    (0)   18 :  0.006 0.005 0.989 
683 ZFFDSP48    (0)   18 :  0.007 0.005 0.988 
684    ZFI01    (0)   19 :  0.004 0.980 0.016 
685    ZFI02    (0)   19 :  0.005 0.969 0.026 
686    ZFI03    (0)   19 :  0.006 0.982 0.012 
687    ZFI04    (0)   19 :  0.004 0.984 0.011 
688    ZFI05    (0)   19 :  0.005 0.961 0.034 
689    ZFI06    (0)   19 :  0.006 0.928 0.066 
690    ZFI07    (0)   19 :  0.006 0.985 0.009 
691    ZFI08    (0)   19 :  0.004 0.988 0.008 
692    ZFI09    (0)   19 :  0.004 0.985 0.012 
693    ZFI10    (0)   19 :  0.009 0.917 0.073 
694    ZFI11    (0)   19 :  0.005 0.986 0.010 
695    ZFI12    (0)   19 :  0.005 0.968 0.027 
696    ZFI13    (0)   19 :  0.006 0.983 0.011 
697    ZFI14    (0)   19 :  0.011 0.954 0.035 
698    ZFI15    (0)   19 :  0.006 0.983 0.011 
699    ZFI16    (0)   19 :  0.006 0.983 0.011 
700    ZFI17    (0)   19 :  0.005 0.982 0.012 
701    ZFI18    (0)   19 :  0.006 0.987 0.007 
702    ZFI19    (9)   19 :  0.006 0.987 0.007 
703    ZFI20    (0)   19 :  0.004 0.980 0.016 
704    ZFI21    (0)   19 :  0.008 0.924 0.067 
705    ZFI22    (0)   19 :  0.010 0.973 0.016 
706    ZFI23    (0)   19 :  0.006 0.983 0.011 
707    ZFI24    (0)   19 :  0.005 0.975 0.021 
708    ZFI25    (0)   19 :  0.007 0.973 0.020 
709    ZFI26    (0)   19 :  0.004 0.987 0.009 
710    ZFI27    (0)   19 :  0.004 0.958 0.038 
711    ZFK01    (0)   19 :  0.007 0.337 0.657 
712    ZFK02    (0)   20 :  0.006 0.406 0.589 
713    ZFK03    (0)   20 :  0.006 0.508 0.485 
714    ZFK04    (0)   20 :  0.010 0.783 0.207 
715    ZFK05    (0)   20 :  0.015 0.846 0.139 
716    ZFK06    (0)   20 :  0.005 0.898 0.097 
717    ZFK07    (0)   20 :  0.008 0.241 0.751 
718    ZFK08    (0)   20 :  0.005 0.949 0.046 
719    ZFK10    (0)   20 :  0.008 0.686 0.305 
720    ZFK11    (0)   20 :  0.006 0.866 0.128 
721    ZFK12    (0)   20 :  0.007 0.287 0.706 
722    ZFK13    (0)   20 :  0.009 0.087 0.904 
723    ZFK14    (0)   20 :  0.008 0.078 0.914 
724    ZFK15    (0)   20 :  0.007 0.518 0.475 
725    ZFK16    (0)   20 :  0.008 0.036 0.957 
726   ZFLB01    (0)   21 :  0.008 0.974 0.018 
727   ZFLB02    (0)   21 :  0.010 0.982 0.008 
728   ZFLB03    (0)   21 :  0.007 0.959 0.034 
729   ZFLB04    (0)   21 :  0.007 0.784 0.209 
730   ZFLB05    (0)   21 :  0.008 0.979 0.014 
731   ZFLB06    (0)   21 :  0.008 0.972 0.020 
732   ZFLB07    (0)   21 :  0.006 0.819 0.175 
733   ZFLB08    (0)   21 :  0.006 0.987 0.007 
734   ZFLB09    (9)   21 :  0.007 0.981 0.011 
735   ZFLB10    (0)   21 :  0.007 0.979 0.014 
736   ZFLB11    (0)   21 :  0.012 0.964 0.024 
737   ZFLB12    (0)   21 :  0.005 0.988 0.007 
738   ZFLB13    (0)   21 :  0.006 0.976 0.018 
739  ZFLTI01    (0)   22 :  0.007 0.005 0.988 
740  ZFLTI02    (0)   22 :  0.006 0.005 0.989 
741  ZFLTI03    (0)   22 :  0.005 0.004 0.990 
742  ZFLTI04    (0)   22 :  0.007 0.009 0.984 
743  ZFLTI05    (0)   22 :  0.006 0.005 0.989 
744  ZFLTI06    (0)   22 :  0.008 0.006 0.986 
745  ZFLTI07    (0)   22 :  0.008 0.007 0.985 
746  ZFLTI08    (0)   22 :  0.007 0.007 0.987 
747  ZFLTI09    (0)   22 :  0.007 0.008 0.985 
748  ZFLTI10    (0)   22 :  0.007 0.007 0.986 
749  ZFLTI11    (0)   22 :  0.007 0.005 0.988 
750  ZFLTI12    (0)   22 :  0.006 0.005 0.989 
751  ZFLTI13    (0)   22 :  0.006 0.006 0.988 
752  ZFLTI14    (0)   22 :  0.006 0.006 0.988 
753 ZFONF101    (0)   23 :  0.008 0.005 0.987 
754 ZFONF102    (0)   23 :  0.007 0.009 0.985 
755 ZFONF103    (0)   23 :  0.007 0.005 0.987 
756 ZFONF104    (0)   23 :  0.007 0.003 0.990 
757 ZFONF105    (0)   23 :  0.008 0.004 0.989 
758 ZFONF106    (0)   23 :  0.006 0.005 0.989 
759 ZFONF107    (0)   23 :  0.010 0.054 0.935 
