

----------------------------------------------------
STRUCTURE by Pritchard, Stephens and Donnelly (2000)
     and Falush, Stephens and Pritchard (2003)
       Code by Pritchard, Falush and Hubisz
             Version 2.3.4 (Jul 2012)
----------------------------------------------------



Command line arguments:   bin\structure -m C:\Users\eschumacher\Documents\GitHub\GCC_QUAC_ZAIN\Data_Files\Structure_Files\ZAIN\ZAIN_og_allpop_STR\50-50\mainparams -e C:\Users\eschumacher\Documents\GitHub\GCC_QUAC_ZAIN\Data_Files\Structure_Files\ZAIN\ZAIN_og_allpop_STR\50-50\extraparams 
Input File:    C:\Users\eschumacher\Documents\GitHub\GCC_QUAC_ZAIN\Data_Files\Structure_Files\ZAIN\ZAIN_og_allpop_STR\project_data

Run parameters:
   1135 individuals
   11 loci
   6 populations assumed
   50000 Burn-in period
   50000 Reps


--------------------------------------------
Proportion of membership of each pre-defined
 population in each of the 6 clusters

Given    Inferred Clusters                            Number of
 Pop       1      2      3      4      5      6      Individuals

  1:     0.014  0.362  0.011  0.009  0.010  0.594      303
  2:     0.009  0.308  0.019  0.005  0.011  0.648       15
  3:     0.128  0.352  0.007  0.004  0.045  0.464        2
  4:     0.058  0.194  0.004  0.007  0.016  0.721        2
  5:     0.114  0.281  0.009  0.011  0.005  0.580        7
  6:     0.013  0.686  0.010  0.004  0.007  0.280       13
  7:     0.004  0.983  0.002  0.002  0.004  0.004       13
  8:     0.012  0.012  0.007  0.011  0.008  0.952        7
  9:     0.008  0.118  0.008  0.011  0.007  0.848       11
 10:     0.038  0.174  0.007  0.012  0.017  0.752        9
 11:     0.023  0.040  0.010  0.008  0.880  0.038       35
 12:     0.007  0.005  0.038  0.935  0.008  0.006       36
 13:     0.009  0.004  0.010  0.966  0.006  0.005       33
 14:     0.012  0.005  0.935  0.023  0.021  0.003       40
 15:     0.005  0.003  0.875  0.108  0.004  0.004       40
 16:     0.653  0.014  0.039  0.070  0.204  0.021       40
 17:     0.835  0.019  0.035  0.017  0.081  0.012       37
 18:     0.004  0.003  0.007  0.975  0.007  0.004       40
 19:     0.006  0.005  0.042  0.006  0.938  0.003       28
 20:     0.157  0.005  0.777  0.017  0.040  0.003       14
 21:     0.960  0.005  0.013  0.008  0.010  0.004       13
 22:     0.005  0.003  0.166  0.817  0.005  0.005       14
 23:     0.009  0.006  0.010  0.965  0.005  0.004       25
 24:     0.019  0.003  0.019  0.943  0.008  0.008       40
 25:     0.026  0.013  0.895  0.022  0.024  0.020       32
 26:     0.973  0.006  0.005  0.005  0.005  0.007       21
 27:     0.092  0.098  0.024  0.018  0.747  0.021        4
 28:     0.011  0.006  0.008  0.019  0.951  0.005       23
 29:     0.011  0.003  0.008  0.006  0.969  0.003       39
 30:     0.035  0.009  0.005  0.004  0.944  0.003       38
 31:     0.008  0.004  0.128  0.850  0.005  0.005       45
 32:     0.015  0.005  0.095  0.873  0.005  0.006       28
 33:     0.026  0.010  0.013  0.007  0.931  0.013        6
 34:     0.832  0.020  0.044  0.052  0.045  0.007       40
 35:     0.910  0.009  0.014  0.030  0.029  0.009       42
--------------------------------------------

Allele-freq. divergence among pops (Net nucleotide distance),
computed using point estimates of P.

      1       2       3       4       5       6      
 1      -    0.1568  0.1072  0.1368  0.0811  0.2366  
 2   0.1568     -    0.2984  0.3338  0.1869  0.1603  
 3   0.1072  0.2984     -    0.1129  0.1551  0.2943  
 4   0.1368  0.3338  0.1129     -    0.2044  0.2700  
 5   0.0811  0.1869  0.1551  0.2044     -    0.2508  
 6   0.2366  0.1603  0.2943  0.2700  0.2508     -    

Average distances (expected heterozygosity) between individuals in same cluster:
cluster  1  : 0.5695 
cluster  2  : 0.5207 
cluster  3  : 0.4357 
cluster  4  : 0.4570 
cluster  5  : 0.4933 
cluster  6  : 0.4826 

--------------------------------------------
Estimated Ln Prob of Data   = -23985.3
Mean value of ln likelihood = -23623.4
Variance of ln likelihood   = 723.7
Mean value of alpha         = 0.0318

Mean value of Fst_1         = 0.1923
Mean value of Fst_2         = 0.2743
Mean value of Fst_3         = 0.4481
Mean value of Fst_4         = 0.4112
Mean value of Fst_5         = 0.3905
Mean value of Fst_6         = 0.3187


Inferred ancestry of individuals:
        Label (%Miss) Pop:  Inferred clusters
  1 TMA-ZAIN-G-    (9)    1 :  0.014 0.727 0.004 0.004 0.121 0.131 
  2 TMA-ZAIN-G-    (0)    1 :  0.020 0.676 0.068 0.070 0.098 0.069 
  3 TMA-ZAIN-G-    (0)    1 :  0.003 0.003 0.003 0.004 0.004 0.983 
  4 TMA-ZAIN-G-    (0)    1 :  0.014 0.117 0.017 0.003 0.051 0.797 
  5 TMA-ZAIN-G-    (0)    1 :  0.006 0.955 0.004 0.005 0.024 0.006 
  6 TMA-ZAIN-G-    (0)    1 :  0.020 0.053 0.006 0.004 0.010 0.908 
  7 TMA-ZAIN-G-    (0)    1 :  0.004 0.008 0.005 0.004 0.006 0.972 
  8 TMA-ZAIN-G-    (0)    1 :  0.003 0.004 0.003 0.005 0.003 0.983 
  9 TMA-ZAIN-G-    (9)    1 :  0.028 0.005 0.018 0.045 0.026 0.878 
 10 TMA-ZAIN-G-    (0)    1 :  0.004 0.004 0.003 0.004 0.003 0.982 
 11 TMA-ZAIN-G-    (0)    1 :  0.006 0.006 0.008 0.013 0.004 0.962 
 12 TMA-ZAIN-G-    (0)    1 :  0.003 0.003 0.003 0.004 0.004 0.982 
 13 TMA-ZAIN-G-    (9)    1 :  0.006 0.041 0.004 0.006 0.009 0.934 
 14 TMA-ZAIN-G-    (9)    1 :  0.007 0.007 0.013 0.004 0.010 0.959 
 15 TMA-ZAIN-G-    (0)    1 :  0.005 0.004 0.012 0.002 0.006 0.970 
 16 TMA-ZAIN-G-    (0)    1 :  0.003 0.004 0.002 0.004 0.003 0.982 
 17 TMA-ZAIN-G-    (9)    1 :  0.004 0.007 0.003 0.003 0.005 0.978 
 18 TMA-ZAIN-G-    (0)    1 :  0.005 0.959 0.004 0.003 0.012 0.017 
 19 TMA-ZAIN-G-    (0)    1 :  0.005 0.899 0.003 0.003 0.008 0.082 
 20 TMA-ZAIN-G-    (0)    1 :  0.006 0.982 0.004 0.002 0.003 0.003 
 21 TMA-ZAIN-G-    (0)    1 :  0.013 0.963 0.004 0.008 0.002 0.010 
 22 TMA-ZAIN-G-    (0)    1 :  0.003 0.985 0.003 0.002 0.004 0.003 
 23 TMA-ZAIN-G-    (0)    1 :  0.004 0.980 0.003 0.002 0.005 0.006 
 24 TMA-ZAIN-G-    (9)    1 :  0.003 0.893 0.006 0.058 0.004 0.036 
 25 TMA-ZAIN-G-    (9)    1 :  0.040 0.878 0.002 0.014 0.018 0.048 
 26 TMA-ZAIN-G-    (9)    1 :  0.004 0.080 0.014 0.004 0.002 0.895 
 27 TMA-ZAIN-G-    (0)    1 :  0.069 0.798 0.059 0.008 0.014 0.053 
 28 TMA-ZAIN-G-    (0)    1 :  0.303 0.365 0.009 0.054 0.052 0.217 
 29 TMA-ZAIN-G-    (0)    1 :  0.187 0.030 0.003 0.011 0.002 0.766 
 30 TMA-ZAIN-G-    (0)    1 :  0.036 0.013 0.012 0.060 0.011 0.869 
 31 TMA-ZAIN-G-    (0)    1 :  0.004 0.970 0.007 0.004 0.007 0.007 
 32 TMA-ZAIN-G-    (9)    1 :  0.003 0.668 0.004 0.011 0.010 0.304 
 33 TMA-ZAIN-G-   (18)    1 :  0.003 0.004 0.003 0.004 0.004 0.983 
 34 TMA-ZAIN-G-    (0)    1 :  0.002 0.063 0.004 0.005 0.004 0.921 
 35 TMA-ZAIN-G-    (9)    1 :  0.003 0.005 0.004 0.004 0.004 0.981 
 36 TMA-ZAIN-G-    (0)    1 :  0.003 0.004 0.004 0.004 0.003 0.983 
 37 TMA-ZAIN-G-    (9)    1 :  0.006 0.008 0.004 0.005 0.004 0.973 
 38 TMA-ZAIN-G-   (18)    1 :  0.011 0.642 0.005 0.005 0.071 0.266 
 39 TMA-ZAIN-G-    (0)    1 :  0.004 0.004 0.003 0.006 0.002 0.981 
 40 TMA-ZAIN-G-    (0)    1 :  0.003 0.003 0.002 0.005 0.002 0.985 
 41 TMA-ZAIN-G-    (0)    1 :  0.003 0.003 0.003 0.005 0.003 0.982 
 42 TMA-ZAIN-G-    (9)    1 :  0.003 0.003 0.005 0.004 0.003 0.982 
 43 TMA-ZAIN-G-    (0)    1 :  0.005 0.005 0.022 0.003 0.008 0.956 
 44 TMA-ZAIN-G-    (0)    1 :  0.026 0.888 0.028 0.034 0.003 0.022 
 45 TMA-ZAIN-G-    (0)    1 :  0.007 0.007 0.005 0.005 0.005 0.972 
 46 TMA-ZAIN-G-    (0)    1 :  0.004 0.984 0.003 0.003 0.002 0.004 
 47 TMA-ZAIN-G-    (0)    1 :  0.014 0.055 0.012 0.003 0.004 0.912 
 48 TMA-ZAIN-G-    (0)    1 :  0.005 0.024 0.008 0.005 0.004 0.955 
 49 TMA-ZAIN-G-    (9)    1 :  0.239 0.565 0.004 0.010 0.014 0.168 
 50 TMA-ZAIN-G-    (0)    1 :  0.068 0.848 0.002 0.008 0.004 0.071 
 51 TMA-ZAIN-G-    (0)    1 :  0.099 0.505 0.341 0.021 0.007 0.027 
 52 TMA-ZAIN-G-    (0)    1 :  0.076 0.451 0.108 0.064 0.039 0.262 
 53 TMA-ZAIN-G-    (0)    1 :  0.013 0.795 0.132 0.008 0.005 0.046 
 54 TMA-ZAIN-G-    (0)    1 :  0.005 0.073 0.020 0.004 0.004 0.894 
 55 TMA-ZAIN-G-    (0)    1 :  0.007 0.098 0.022 0.003 0.003 0.867 
 56 TMA-ZAIN-G-    (0)    1 :  0.022 0.164 0.019 0.003 0.026 0.767 
 57 TMA-ZAIN-G-    (0)    1 :  0.005 0.206 0.008 0.004 0.006 0.772 
 58 TMA-ZAIN-G-    (0)    1 :  0.014 0.905 0.005 0.005 0.006 0.065 
 59 TMA-ZAIN-G-    (0)    1 :  0.006 0.832 0.008 0.035 0.004 0.115 
 60 TMA-ZAIN-G-    (0)    1 :  0.013 0.927 0.010 0.004 0.015 0.031 
 61 TMA-ZAIN-G-    (0)    1 :  0.004 0.974 0.004 0.004 0.007 0.007 
 62 TMA-ZAIN-G-    (9)    1 :  0.024 0.846 0.009 0.010 0.065 0.047 
 63 TMA-ZAIN-G-    (0)    1 :  0.008 0.918 0.010 0.004 0.047 0.013 
 64 TMA-ZAIN-G-    (0)    1 :  0.003 0.003 0.003 0.013 0.002 0.976 
 65 TMA-ZAIN-G-    (9)    1 :  0.003 0.003 0.003 0.005 0.003 0.984 
 66 TMA-ZAIN-G-    (0)    1 :  0.003 0.002 0.003 0.008 0.002 0.982 
 67 TMA-ZAIN-G-    (0)    1 :  0.008 0.009 0.002 0.006 0.004 0.970 
 68 TMA-ZAIN-G-    (0)    1 :  0.002 0.003 0.003 0.006 0.002 0.983 
 69 TMA-ZAIN-G-    (0)    1 :  0.014 0.015 0.007 0.013 0.007 0.943 
 70 TMA-ZAIN-G-    (0)    1 :  0.005 0.005 0.006 0.011 0.003 0.970 
 71 TMA-ZAIN-G-    (0)    1 :  0.005 0.004 0.010 0.023 0.002 0.955 
 72 TMA-ZAIN-G-    (0)    1 :  0.003 0.004 0.004 0.006 0.003 0.980 
 73 TMA-ZAIN-G-    (0)    1 :  0.004 0.054 0.015 0.011 0.002 0.914 
 74 TMA-ZAIN-G-    (0)    1 :  0.014 0.017 0.007 0.010 0.004 0.948 
 75 TMA-ZAIN-G-    (0)    1 :  0.006 0.005 0.027 0.018 0.003 0.940 
 76 TMA-ZAIN-G-    (0)    1 :  0.050 0.041 0.010 0.020 0.007 0.872 
 77 TMA-ZAIN-G-    (0)    1 :  0.005 0.006 0.004 0.005 0.003 0.978 
 78 TMA-ZAIN-G-    (0)    1 :  0.016 0.034 0.004 0.004 0.006 0.937 
 79 TMA-ZAIN-G-    (0)    1 :  0.008 0.013 0.004 0.004 0.003 0.968 
 80 TMA-ZAIN-G-    (0)    1 :  0.004 0.004 0.003 0.005 0.002 0.982 
 81 TMA-ZAIN-G-    (0)    1 :  0.007 0.008 0.007 0.007 0.003 0.968 
 82 TMA-ZAIN-G-    (0)    1 :  0.003 0.003 0.007 0.010 0.003 0.973 
 83 TMA-ZAIN-G-    (9)    1 :  0.003 0.053 0.007 0.006 0.004 0.926 
 84 TMA-ZAIN-G-    (0)    1 :  0.011 0.021 0.003 0.004 0.005 0.956 
 85 TMA-ZAIN-G-    (0)    1 :  0.004 0.956 0.003 0.002 0.007 0.027 
 86 TMA-ZAIN-G-    (0)    1 :  0.007 0.838 0.004 0.004 0.008 0.139 
 87 TMA-ZAIN-G-    (0)    1 :  0.004 0.973 0.003 0.002 0.006 0.012 
 88 TMA-ZAIN-G-    (0)    1 :  0.004 0.406 0.006 0.005 0.006 0.573 
 89 TMA-ZAIN-G-    (0)    1 :  0.006 0.380 0.013 0.005 0.007 0.589 
 90 TMA-ZAIN-G-    (0)    1 :  0.011 0.742 0.005 0.003 0.008 0.230 
 91 TMA-ZAIN-G-    (0)    1 :  0.005 0.562 0.014 0.004 0.005 0.410 
 92 TMA-ZAIN-G-    (0)    1 :  0.011 0.858 0.005 0.003 0.004 0.119 
 93 TMA-ZAIN-G-    (0)    1 :  0.006 0.658 0.028 0.005 0.004 0.299 
 94 TMA-ZAIN-G-    (0)    1 :  0.005 0.968 0.005 0.003 0.005 0.014 
 95 TMA-ZAIN-G-    (0)    1 :  0.130 0.656 0.011 0.152 0.016 0.034 
 96 TMA-ZAIN-G-    (0)    1 :  0.277 0.065 0.005 0.005 0.132 0.515 
 97 TMA-ZAIN-G-    (0)    1 :  0.005 0.939 0.005 0.008 0.036 0.006 
 98 TMA-ZAIN-G-    (0)    1 :  0.003 0.883 0.009 0.047 0.052 0.007 
 99 TMA-ZAIN-G-    (0)    1 :  0.005 0.689 0.004 0.160 0.012 0.130 
100 TMA-ZAIN-G-    (0)    1 :  0.007 0.963 0.011 0.004 0.010 0.005 
101 TMA-ZAIN-G-    (0)    1 :  0.006 0.917 0.005 0.015 0.013 0.044 
102 TMA-ZAIN-G-    (0)    1 :  0.004 0.955 0.004 0.007 0.006 0.023 
103 TMA-ZAIN-G-    (0)    1 :  0.004 0.954 0.003 0.003 0.018 0.018 
104 TMA-ZAIN-G-    (0)    1 :  0.003 0.817 0.004 0.008 0.162 0.006 
105 TMA-ZAIN-G-    (0)    1 :  0.004 0.932 0.003 0.004 0.028 0.029 
106 TMA-ZAIN-G-    (0)    1 :  0.003 0.003 0.003 0.005 0.003 0.983 
107 TMA-ZAIN-G-    (0)    1 :  0.003 0.003 0.003 0.011 0.003 0.976 
108 TMA-ZAIN-G-    (9)    1 :  0.007 0.543 0.010 0.006 0.018 0.416 
109 TMA-ZAIN-G-    (0)    1 :  0.021 0.167 0.004 0.005 0.046 0.757 
110 TMA-ZAIN-G-    (0)    1 :  0.018 0.177 0.003 0.005 0.008 0.790 
111 TMA-ZAIN-G-    (9)    1 :  0.005 0.865 0.005 0.009 0.014 0.103 
112 TMA-ZAIN-G-    (0)    1 :  0.005 0.418 0.004 0.007 0.006 0.560 
113 TMA-ZAIN-G-    (0)    1 :  0.004 0.886 0.006 0.028 0.015 0.061 
114 TMA-ZAIN-G-    (0)    1 :  0.005 0.970 0.003 0.005 0.011 0.006 
115 TMA-ZAIN-G-    (0)    1 :  0.009 0.866 0.005 0.007 0.099 0.013 
116 TMA-ZAIN-G-    (0)    1 :  0.002 0.003 0.003 0.005 0.003 0.983 
117 TMA-ZAIN-G-    (0)    1 :  0.003 0.004 0.004 0.003 0.003 0.983 
118 TMA-ZAIN-G-    (0)    1 :  0.002 0.003 0.003 0.003 0.004 0.984 
119 TMA-ZAIN-G-    (0)    1 :  0.005 0.008 0.003 0.004 0.006 0.973 
120 TMA-ZAIN-G-    (0)    1 :  0.003 0.005 0.004 0.003 0.005 0.980 
121 TMA-ZAIN-G-    (0)    1 :  0.003 0.003 0.003 0.005 0.003 0.982 
122 TMA-ZAIN-G-    (0)    1 :  0.006 0.008 0.004 0.005 0.004 0.974 
123 TMA-ZAIN-G-    (0)    1 :  0.008 0.858 0.004 0.003 0.116 0.011 
124 TMA-ZAIN-G-    (0)    1 :  0.004 0.004 0.003 0.004 0.003 0.982 
125 TMA-ZAIN-G-    (0)    1 :  0.002 0.003 0.006 0.003 0.002 0.985 
126 TMA-ZAIN-G-    (0)    1 :  0.003 0.004 0.004 0.003 0.003 0.983 
127 TMA-ZAIN-G-    (0)    1 :  0.003 0.003 0.003 0.004 0.002 0.985 
128 TMA-ZAIN-G-    (0)    1 :  0.003 0.003 0.003 0.005 0.003 0.983 
129 TMA-ZAIN-G-    (0)    1 :  0.003 0.004 0.003 0.005 0.003 0.980 
130 TMA-ZAIN-G-    (0)    1 :  0.003 0.003 0.005 0.003 0.004 0.982 
131 TMA-ZAIN-G-    (0)    1 :  0.003 0.004 0.003 0.004 0.004 0.982 
132 TMA-ZAIN-G-    (0)    1 :  0.003 0.003 0.004 0.004 0.003 0.984 
133 TMA-ZAIN-G-    (0)    1 :  0.005 0.005 0.004 0.004 0.002 0.980 
134 TMA-ZAIN-G-    (0)    1 :  0.003 0.004 0.005 0.003 0.003 0.982 
135 TMA-ZAIN-G-    (0)    1 :  0.003 0.004 0.003 0.006 0.003 0.982 
136 TMA-ZAIN-G-    (0)    1 :  0.004 0.004 0.004 0.006 0.003 0.979 
137 TMA-ZAIN-G-    (0)    1 :  0.003 0.004 0.003 0.005 0.003 0.982 
138 TMA-ZAIN-G-    (0)    1 :  0.002 0.003 0.003 0.005 0.003 0.984 
139 TMA-ZAIN-G-    (0)    1 :  0.003 0.003 0.004 0.005 0.003 0.982 
140 TMA-ZAIN-G-    (0)    1 :  0.003 0.004 0.002 0.005 0.003 0.983 
141 TMA-ZAIN-G-    (0)    1 :  0.003 0.004 0.003 0.004 0.004 0.982 
142 TMA-ZAIN-G-    (9)    1 :  0.003 0.003 0.003 0.005 0.003 0.984 
143 TMA-ZAIN-G-    (0)    1 :  0.003 0.003 0.003 0.005 0.003 0.983 
144 TMA-ZAIN-G-    (0)    1 :  0.005 0.005 0.004 0.004 0.003 0.979 
145 TMA-ZAIN-G-    (0)    1 :  0.002 0.002 0.003 0.005 0.002 0.985 
146 TMA-ZAIN-G-    (0)    1 :  0.003 0.003 0.006 0.008 0.003 0.976 
147 TMA-ZAIN-G-    (9)    1 :  0.003 0.003 0.003 0.005 0.002 0.983 
148 TMA-ZAIN-G-    (0)    1 :  0.003 0.003 0.014 0.007 0.003 0.970 
149 TMA-ZAIN-G-    (0)    1 :  0.003 0.009 0.004 0.005 0.004 0.976 
150 TMA-ZAIN-G-    (0)    1 :  0.003 0.007 0.007 0.011 0.004 0.968 
151 TMA-ZAIN-G-    (0)    1 :  0.002 0.003 0.003 0.004 0.004 0.984 
152 TMA-ZAIN-G-    (0)    1 :  0.003 0.003 0.003 0.004 0.005 0.982 
153 TMA-ZAIN-G-    (0)    1 :  0.002 0.003 0.003 0.005 0.003 0.985 
154 TMA-ZAIN-G-    (0)    1 :  0.002 0.003 0.003 0.004 0.003 0.985 
155 TMA-ZAIN-G-    (0)    1 :  0.003 0.005 0.002 0.006 0.003 0.981 
156 TMA-ZAIN-G-    (9)    1 :  0.003 0.003 0.005 0.004 0.008 0.976 
157 TMA-ZAIN-G-    (0)    1 :  0.003 0.003 0.004 0.004 0.005 0.980 
158 TMA-ZAIN-G-    (0)    1 :  0.004 0.004 0.005 0.007 0.003 0.978 
159 TMA-ZAIN-G-    (0)    1 :  0.003 0.003 0.006 0.010 0.003 0.975 
160 TMA-ZAIN-G-    (0)    1 :  0.002 0.003 0.003 0.005 0.003 0.984 
161 TMA-ZAIN-G-    (0)    1 :  0.003 0.003 0.004 0.004 0.002 0.984 
162 TMA-ZAIN-G-    (0)    1 :  0.002 0.005 0.003 0.007 0.004 0.979 
163 TMA-ZAIN-G-    (0)    1 :  0.002 0.003 0.002 0.005 0.003 0.985 
164 TMA-ZAIN-G-    (0)    1 :  0.003 0.004 0.003 0.005 0.004 0.981 
165 TMA-ZAIN-G-    (0)    1 :  0.003 0.003 0.002 0.005 0.003 0.984 
166 TMA-ZAIN-G-    (0)    1 :  0.002 0.003 0.003 0.004 0.002 0.985 
167 TMA-ZAIN-G-    (0)    1 :  0.004 0.006 0.003 0.005 0.003 0.979 
168 TMA-ZAIN-G-    (0)    1 :  0.004 0.004 0.005 0.005 0.005 0.977 
169 TMA-ZAIN-G-    (0)    1 :  0.002 0.003 0.003 0.007 0.003 0.982 
170 TMA-ZAIN-G-    (0)    1 :  0.009 0.011 0.004 0.005 0.010 0.961 
171 TMA-ZAIN-G-    (0)    1 :  0.003 0.003 0.003 0.007 0.003 0.982 
172 TMA-ZAIN-G-    (0)    1 :  0.005 0.004 0.004 0.004 0.005 0.979 
173 TMA-ZAIN-G-    (0)    1 :  0.005 0.005 0.004 0.004 0.004 0.978 
174 TMA-ZAIN-G-    (0)    1 :  0.003 0.003 0.003 0.005 0.002 0.985 
175 TMA-ZAIN-G-    (0)    1 :  0.004 0.003 0.007 0.010 0.003 0.972 
176 TMA-ZAIN-G-    (0)    1 :  0.004 0.004 0.007 0.010 0.003 0.973 
177 TMA-ZAIN-G-    (0)    1 :  0.008 0.004 0.029 0.019 0.004 0.936 
178 TMA-ZAIN-G-    (0)    1 :  0.009 0.005 0.006 0.005 0.007 0.968 
179 TMA-ZAIN-G-    (0)    1 :  0.005 0.003 0.009 0.009 0.004 0.971 
180 TMA-ZAIN-G-    (0)    1 :  0.004 0.004 0.003 0.004 0.003 0.981 
181 TMA-ZAIN-G-    (0)    1 :  0.003 0.004 0.005 0.005 0.004 0.979 
182 TMA-ZAIN-G-    (0)    1 :  0.004 0.004 0.007 0.004 0.007 0.973 
183 TMA-ZAIN-G-    (0)    1 :  0.003 0.004 0.005 0.004 0.003 0.981 
184 TMA-ZAIN-G-    (0)    1 :  0.003 0.008 0.004 0.007 0.003 0.975 
185 TMA-ZAIN-G-    (0)    1 :  0.004 0.012 0.003 0.007 0.003 0.971 
186 TMA-ZAIN-G-    (9)    1 :  0.006 0.007 0.003 0.005 0.003 0.976 
187 TMA-ZAIN-G-    (0)    1 :  0.004 0.005 0.003 0.006 0.004 0.978 
188 TMA-ZAIN-G-    (0)    1 :  0.002 0.004 0.003 0.006 0.002 0.983 
189 TMA-ZAIN-G-    (0)    1 :  0.003 0.003 0.003 0.006 0.002 0.983 
190 TMA-ZAIN-G-    (0)    1 :  0.009 0.004 0.013 0.007 0.005 0.962 
191 TMA-ZAIN-G-    (0)    1 :  0.003 0.009 0.003 0.014 0.003 0.968 
192 TMA-ZAIN-G-    (0)    1 :  0.004 0.004 0.003 0.005 0.004 0.979 
193 TMA-ZAIN-G-    (0)    1 :  0.005 0.004 0.046 0.003 0.007 0.934 
194 TMA-ZAIN-G-    (0)    1 :  0.007 0.005 0.031 0.003 0.006 0.947 
195 TMA-ZAIN-G-    (0)    1 :  0.008 0.004 0.086 0.006 0.007 0.890 
196 TMA-ZAIN-G-    (0)    1 :  0.005 0.004 0.015 0.004 0.008 0.964 
197 TMA-ZAIN-G-    (0)    1 :  0.004 0.004 0.016 0.003 0.004 0.969 
198 TMA-ZAIN-G-    (0)    1 :  0.005 0.004 0.017 0.004 0.007 0.964 
199 TMA-ZAIN-G-    (0)    1 :  0.005 0.005 0.004 0.005 0.002 0.980 
200 TMA-ZAIN-G-    (0)    1 :  0.021 0.956 0.007 0.002 0.011 0.003 
201 TMA-ZAIN-G-    (0)    1 :  0.005 0.983 0.002 0.003 0.003 0.004 
202 TMA-ZAIN-G-    (0)    1 :  0.029 0.945 0.005 0.003 0.011 0.006 
203 TMA-ZAIN-G-    (0)    1 :  0.005 0.006 0.016 0.005 0.020 0.948 
204 TMA-ZAIN-G-    (9)    1 :  0.031 0.839 0.086 0.030 0.006 0.008 
205 TMA-ZAIN-G-    (0)    1 :  0.010 0.872 0.004 0.004 0.003 0.107 
206 TMA-ZAIN-G-    (9)    1 :  0.024 0.930 0.015 0.006 0.007 0.019 
207 TMA-ZAIN-G-    (9)    1 :  0.007 0.008 0.007 0.004 0.005 0.970 
208 TMA-ZAIN-G-    (0)    1 :  0.003 0.003 0.002 0.005 0.002 0.985 
209 TMA-ZAIN-G-    (0)    1 :  0.003 0.003 0.008 0.003 0.002 0.981 
210 TMA-ZAIN-G-    (0)    1 :  0.003 0.003 0.007 0.004 0.004 0.979 
211 TMA-ZAIN-G-    (0)    1 :  0.006 0.011 0.004 0.003 0.006 0.969 
212 TMA-ZAIN-G-    (0)    1 :  0.005 0.004 0.004 0.004 0.004 0.978 
213 TMA-ZAIN-G-    (0)    1 :  0.003 0.004 0.004 0.004 0.003 0.982 
214 TMA-ZAIN-G-    (0)    1 :  0.003 0.004 0.003 0.004 0.003 0.983 
215 TMA-ZAIN-G-    (0)    1 :  0.062 0.080 0.002 0.004 0.003 0.849 
216 TMA-ZAIN-G-    (0)    1 :  0.004 0.005 0.004 0.004 0.003 0.982 
217 TMA-ZAIN-G-    (0)    1 :  0.002 0.003 0.004 0.005 0.003 0.984 
218 TMA-ZAIN-G-    (0)    1 :  0.151 0.740 0.007 0.049 0.010 0.043 
219 TMA-ZAIN-G-    (0)    1 :  0.084 0.867 0.008 0.018 0.009 0.014 
220 TMA-ZAIN-G-    (0)    1 :  0.116 0.633 0.005 0.011 0.169 0.066 
221 TMA-ZAIN-G-    (0)    1 :  0.121 0.755 0.005 0.066 0.008 0.044 
222 TMA-ZAIN-G-    (0)    1 :  0.005 0.962 0.003 0.004 0.005 0.021 
223 TMA-ZAIN-G-    (0)    1 :  0.024 0.959 0.003 0.002 0.005 0.006 
224 TMA-ZAIN-G-    (0)    1 :  0.014 0.911 0.003 0.003 0.006 0.062 
225 TMA-ZAIN-G-    (0)    1 :  0.024 0.953 0.004 0.002 0.010 0.006 
226 TMA-ZAIN-G-    (0)    1 :  0.010 0.962 0.003 0.002 0.010 0.013 
227 TMA-ZAIN-G-    (0)    1 :  0.016 0.954 0.004 0.003 0.010 0.013 
228 TMA-ZAIN-G-    (0)    1 :  0.038 0.863 0.019 0.012 0.008 0.059 
229 TMA-ZAIN-G-    (0)    1 :  0.013 0.965 0.003 0.007 0.004 0.009 
230 TMA-ZAIN-G-    (0)    1 :  0.032 0.550 0.025 0.011 0.012 0.370 
231 TMA-ZAIN-G-    (0)    1 :  0.004 0.969 0.003 0.003 0.005 0.015 
232 TMA-ZAIN-G-    (9)    1 :  0.003 0.976 0.003 0.004 0.004 0.010 
233 TMA-ZAIN-G-    (0)    1 :  0.047 0.791 0.005 0.010 0.003 0.145 
234 TMA-ZAIN-G-    (0)    1 :  0.008 0.962 0.009 0.004 0.011 0.007 
235 TMA-ZAIN-G-    (0)    1 :  0.022 0.867 0.008 0.010 0.049 0.044 
236 TMA-ZAIN-G-    (0)    1 :  0.020 0.944 0.004 0.003 0.014 0.016 
237 TMA-ZAIN-G-    (0)    1 :  0.008 0.861 0.004 0.005 0.005 0.117 
238 TMA-ZAIN-G-    (0)    1 :  0.008 0.968 0.002 0.004 0.004 0.013 
239 TMA-ZAIN-G-    (0)    1 :  0.004 0.790 0.079 0.015 0.002 0.109 
240 TMA-ZAIN-G-    (0)    1 :  0.005 0.983 0.003 0.003 0.002 0.003 
241 TMA-ZAIN-G-    (0)    1 :  0.005 0.976 0.003 0.006 0.003 0.008 
242 TMA-ZAIN-G-    (0)    1 :  0.009 0.971 0.003 0.007 0.002 0.008 
243 TMA-ZAIN-G-    (0)    1 :  0.007 0.964 0.004 0.010 0.002 0.013 
244 TMA-ZAIN-G-    (0)    1 :  0.007 0.960 0.003 0.012 0.003 0.016 
245 TMA-ZAIN-G-    (9)    1 :  0.005 0.983 0.002 0.003 0.002 0.004 
246 TMA-ZAIN-G-    (0)    1 :  0.006 0.981 0.003 0.003 0.002 0.004 
247 TMA-ZAIN-G-    (0)    1 :  0.013 0.966 0.003 0.007 0.002 0.008 
248 TMA-ZAIN-G-    (0)    1 :  0.014 0.963 0.005 0.005 0.004 0.009 
249 TMA-ZAIN-G-    (0)    1 :  0.013 0.972 0.004 0.003 0.003 0.004 
250 TMA-ZAIN-G-    (0)    1 :  0.015 0.964 0.005 0.007 0.002 0.008 
251 TMA-ZAIN-G-    (0)    1 :  0.009 0.063 0.024 0.003 0.011 0.891 
252 TMA-ZAIN-G-    (0)    1 :  0.007 0.014 0.040 0.006 0.003 0.930 
253 TMA-ZAIN-G-    (0)    1 :  0.004 0.042 0.014 0.004 0.003 0.932 
254 TMA-ZAIN-G-    (9)    1 :  0.004 0.018 0.004 0.004 0.004 0.966 
255 TMA-ZAIN-G-    (0)    1 :  0.005 0.228 0.021 0.005 0.017 0.724 
256 TMA-ZAIN-G-    (0)    1 :  0.005 0.094 0.023 0.004 0.004 0.870 
257 TMA-ZAIN-G-    (0)    1 :  0.009 0.043 0.039 0.003 0.005 0.902 
258 TMA-ZAIN-G-    (0)    1 :  0.008 0.026 0.016 0.003 0.003 0.945 
259 TMA-ZAIN-G-    (0)    1 :  0.010 0.273 0.088 0.004 0.004 0.623 
260 TMA-ZAIN-G-    (0)    1 :  0.009 0.183 0.046 0.005 0.004 0.753 
261 TMA-ZAIN-G-   (18)    1 :  0.008 0.015 0.022 0.004 0.018 0.932 
262 TMA-ZAIN-G-    (0)    1 :  0.008 0.045 0.029 0.003 0.005 0.910 
263 TMA-ZAIN-G-    (0)    1 :  0.006 0.165 0.044 0.003 0.006 0.775 
264 TMA-ZAIN-G-    (0)    1 :  0.005 0.167 0.028 0.005 0.006 0.789 
265 TMA-ZAIN-G-    (0)    1 :  0.012 0.497 0.020 0.008 0.003 0.460 
266 TMA-ZAIN-G-    (0)    1 :  0.007 0.021 0.008 0.004 0.004 0.956 
267 TMA-ZAIN-G-    (0)    1 :  0.006 0.950 0.008 0.006 0.004 0.025 
268 TMA-ZAIN-G-    (0)    1 :  0.003 0.977 0.003 0.002 0.011 0.004 
269 TMA-ZAIN-G-    (0)    1 :  0.003 0.981 0.003 0.002 0.006 0.004 
270 TMA-ZAIN-G-    (0)    1 :  0.003 0.981 0.003 0.002 0.006 0.005 
271 TMA-ZAIN-G-    (0)    1 :  0.003 0.982 0.002 0.002 0.007 0.004 
272 TMA-ZAIN-G-    (0)    1 :  0.003 0.984 0.002 0.002 0.004 0.004 
273 TMA-ZAIN-G-    (0)    1 :  0.003 0.987 0.002 0.002 0.003 0.003 
274 TMA-ZAIN-G-    (0)    1 :  0.004 0.977 0.003 0.004 0.004 0.007 
275 TMA-ZAIN-G-    (0)    1 :  0.003 0.986 0.002 0.002 0.004 0.003 
276 TMA-ZAIN-G-    (0)    1 :  0.003 0.985 0.002 0.002 0.004 0.003 
277 TMA-ZAIN-G-    (0)    1 :  0.004 0.983 0.003 0.003 0.003 0.004 
278 TMA-ZAIN-G-    (0)    1 :  0.003 0.986 0.003 0.002 0.003 0.003 
279 TMA-ZAIN-G-    (0)    1 :  0.004 0.984 0.002 0.002 0.004 0.004 
280 TMA-ZAIN-G-    (0)    1 :  0.003 0.983 0.002 0.002 0.005 0.004 
281 TMA-ZAIN-G-    (0)    1 :  0.003 0.984 0.003 0.002 0.005 0.003 
282 TMA-ZAIN-G-    (9)    1 :  0.003 0.985 0.002 0.002 0.004 0.003 
283 TMA-ZAIN-G-    (0)    1 :  0.005 0.980 0.003 0.002 0.004 0.005 
284 TMA-ZAIN-G-    (0)    1 :  0.006 0.974 0.003 0.003 0.006 0.008 
285 TMA-ZAIN-G-    (0)    1 :  0.004 0.982 0.003 0.003 0.003 0.005 
286 TMA-ZAIN-G-    (0)    1 :  0.003 0.984 0.003 0.002 0.005 0.003 
287 TMA-ZAIN-G-    (0)    1 :  0.003 0.981 0.003 0.004 0.004 0.004 
288 TMA-ZAIN-G-    (0)    1 :  0.005 0.970 0.004 0.005 0.006 0.011 
289 TMA-ZAIN-G-    (0)    1 :  0.004 0.980 0.003 0.004 0.004 0.005 
290 TMA-ZAIN-G-    (0)    1 :  0.005 0.975 0.003 0.003 0.008 0.006 
291 TMA-ZAIN-G-    (0)    1 :  0.321 0.597 0.009 0.042 0.015 0.017 
292 TMA-ZAIN-G-    (0)    1 :  0.007 0.012 0.003 0.004 0.006 0.969 
293 TMA-ZAIN-G-    (0)    1 :  0.004 0.005 0.003 0.003 0.003 0.981 
294 TMA-ZAIN-G-    (0)    1 :  0.006 0.005 0.010 0.011 0.003 0.966 
295 TMA-ZAIN-G-    (9)    1 :  0.010 0.007 0.011 0.008 0.003 0.960 
296 TMA-ZAIN-G-    (0)    1 :  0.005 0.008 0.004 0.004 0.005 0.973 
297 TMA-ZAIN-G-    (0)    1 :  0.003 0.006 0.004 0.003 0.004 0.980 
298 TMA-ZAIN-G-    (0)    1 :  0.005 0.009 0.005 0.004 0.005 0.973 
299 TMA-ZAIN-G-    (0)    1 :  0.005 0.007 0.002 0.005 0.004 0.977 
300 TMA-ZAIN-G-    (0)    1 :  0.007 0.005 0.009 0.014 0.003 0.962 
301 TMA-ZAIN-G-    (0)    1 :  0.004 0.005 0.004 0.005 0.003 0.979 
302 TMA-ZAIN-G-    (9)    1 :  0.003 0.004 0.003 0.004 0.003 0.983 
303 TMA-ZAIN-G-    (0)    1 :  0.024 0.698 0.177 0.055 0.013 0.034 
304 TMA-ZAIN-G-    (0)    2 :  0.005 0.028 0.006 0.005 0.005 0.951 
305 TMA-ZAIN-G-    (0)    2 :  0.004 0.004 0.003 0.004 0.003 0.981 
306 TMA-ZAIN-G-    (0)    2 :  0.003 0.173 0.007 0.005 0.004 0.808 
307 TMA-ZAIN-G-    (0)    2 :  0.005 0.019 0.004 0.006 0.004 0.962 
308 TMA-ZAIN-G-    (0)    2 :  0.009 0.608 0.210 0.005 0.004 0.164 
309 TMA-ZAIN-G-    (0)    2 :  0.003 0.004 0.003 0.005 0.003 0.983 
310 TMA-ZAIN-G-    (0)    2 :  0.006 0.006 0.003 0.005 0.003 0.976 
311 TMA-ZAIN-G-    (0)    2 :  0.004 0.007 0.005 0.003 0.009 0.972 
312 TMA-ZAIN-G-    (0)    2 :  0.009 0.008 0.005 0.004 0.005 0.969 
313 TMA-ZAIN-G-    (0)    2 :  0.003 0.009 0.011 0.006 0.004 0.967 
314 TMA-ZAIN-G-    (0)    2 :  0.036 0.831 0.010 0.010 0.104 0.010 
315 TMA-ZAIN-G-    (0)    2 :  0.007 0.478 0.003 0.006 0.003 0.504 
316 TMA-ZAIN-G-    (0)    2 :  0.011 0.527 0.003 0.006 0.006 0.448 
317 TMA-ZAIN-G-    (0)    2 :  0.032 0.934 0.002 0.003 0.006 0.022 
318 TMA-ZAIN-G-    (9)    2 :  0.005 0.978 0.004 0.003 0.004 0.006 
319 TMA-ZAIN-G-    (0)    3 :  0.086 0.568 0.010 0.003 0.087 0.245 
320 TMA-ZAIN-G-    (0)    3 :  0.171 0.136 0.003 0.004 0.003 0.682 
321 TMA-ZAIN-G-    (0)    4 :  0.021 0.208 0.004 0.010 0.024 0.732 
322 TMA-ZAIN-G-    (0)    4 :  0.095 0.180 0.004 0.004 0.007 0.710 
323 TMA-ZAIN-G-    (0)    5 :  0.027 0.713 0.011 0.014 0.005 0.230 
324 TMA-ZAIN-G-    (0)    5 :  0.005 0.005 0.005 0.004 0.008 0.974 
325 TMA-ZAIN-G-    (0)    5 :  0.374 0.523 0.005 0.032 0.006 0.060 
326 TMA-ZAIN-G-    (0)    5 :  0.372 0.023 0.014 0.005 0.004 0.583 
327 TMA-ZAIN-G-    (0)    5 :  0.004 0.004 0.016 0.003 0.004 0.969 
328 TMA-ZAIN-G-    (0)    5 :  0.009 0.695 0.012 0.013 0.009 0.262 
329 TMA-ZAIN-G-    (0)    5 :  0.004 0.006 0.004 0.004 0.003 0.979 
330 TMA-ZAIN-G-    (0)    6 :  0.003 0.003 0.005 0.004 0.003 0.983 
331 TMA-ZAIN-G-    (0)    6 :  0.125 0.051 0.068 0.025 0.027 0.704 
332 TMA-ZAIN-G-    (0)    6 :  0.003 0.003 0.006 0.004 0.004 0.979 
333 TMA-ZAIN-G-    (0)    6 :  0.004 0.004 0.036 0.003 0.006 0.947 
334 TMA-ZAIN-G-    (0)    6 :  0.004 0.984 0.003 0.002 0.004 0.003 
335 TMA-ZAIN-G-    (0)    6 :  0.003 0.986 0.002 0.002 0.004 0.003 
336 TMA-ZAIN-G-    (0)    6 :  0.004 0.981 0.003 0.002 0.004 0.006 
337 TMA-ZAIN-G-    (9)    6 :  0.004 0.981 0.003 0.003 0.005 0.005 
338 TMA-ZAIN-G-    (0)    6 :  0.003 0.981 0.002 0.002 0.008 0.003 
339 TMA-ZAIN-G-    (0)    6 :  0.003 0.983 0.002 0.002 0.007 0.002 
340 TMA-ZAIN-G-    (0)    6 :  0.003 0.986 0.002 0.002 0.005 0.003 
341 TMA-ZAIN-G-    (0)    6 :  0.003 0.984 0.002 0.002 0.006 0.004 
342 TMA-ZAIN-G-    (0)    6 :  0.004 0.983 0.002 0.002 0.006 0.004 
343 TMA-ZAIN-G-    (0)    7 :  0.003 0.984 0.002 0.002 0.006 0.003 
344 TMA-ZAIN-G-    (0)    7 :  0.004 0.984 0.002 0.002 0.003 0.004 
345 TMA-ZAIN-G-    (0)    7 :  0.003 0.987 0.002 0.002 0.004 0.002 
346 TMA-ZAIN-G-    (0)    7 :  0.003 0.987 0.002 0.002 0.004 0.003 
347 TMA-ZAIN-G-    (9)    7 :  0.003 0.987 0.002 0.002 0.003 0.003 
348 TMA-ZAIN-G-    (0)    7 :  0.004 0.982 0.003 0.003 0.004 0.004 
349 TMA-ZAIN-G-    (0)    7 :  0.003 0.985 0.002 0.003 0.004 0.003 
350 TMA-ZAIN-G-    (0)    7 :  0.004 0.982 0.003 0.002 0.005 0.005 
351 TMA-ZAIN-G-    (0)    7 :  0.003 0.985 0.003 0.002 0.004 0.003 
352 TMA-ZAIN-G-    (0)    7 :  0.003 0.981 0.002 0.002 0.007 0.005 
353 TMA-ZAIN-G-    (0)    7 :  0.005 0.979 0.003 0.003 0.005 0.005 
354 TMA-ZAIN-G-    (0)    7 :  0.004 0.983 0.002 0.003 0.004 0.004 
355 TMA-ZAIN-G-    (0)    7 :  0.003 0.979 0.002 0.003 0.006 0.007 
356 TMA-ZAIN-G-    (0)    8 :  0.002 0.010 0.002 0.004 0.003 0.980 
357 TMA-ZAIN-G-    (0)    8 :  0.003 0.004 0.003 0.004 0.004 0.982 
358 TMA-ZAIN-G-    (0)    8 :  0.005 0.010 0.008 0.014 0.005 0.957 
359 TMA-ZAIN-G-    (0)    8 :  0.049 0.041 0.003 0.004 0.003 0.900 
360 TMA-ZAIN-G-    (0)    8 :  0.003 0.003 0.002 0.005 0.002 0.984 
361 TMA-ZAIN-G-    (0)    8 :  0.014 0.004 0.026 0.040 0.031 0.884 
362 TMA-ZAIN-G-    (0)    8 :  0.007 0.008 0.002 0.004 0.004 0.975 
363 TMA-ZAIN-G-    (0)    9 :  0.006 0.012 0.004 0.004 0.004 0.970 
364 TMA-ZAIN-G-    (0)    9 :  0.007 0.965 0.003 0.003 0.008 0.015 
365 TMA-ZAIN-G-    (0)    9 :  0.012 0.278 0.003 0.007 0.006 0.694 
366 TMA-ZAIN-G-    (0)    9 :  0.008 0.006 0.015 0.015 0.003 0.953 
367 TMA-ZAIN-G-    (0)    9 :  0.005 0.007 0.008 0.004 0.018 0.958 
368 TMA-ZAIN-G-    (0)    9 :  0.005 0.005 0.013 0.015 0.003 0.960 
369 TMA-ZAIN-G-    (0)    9 :  0.003 0.003 0.003 0.004 0.002 0.985 
370 TMA-ZAIN-G-    (0)    9 :  0.025 0.004 0.029 0.054 0.024 0.864 
371 TMA-ZAIN-G-    (0)    9 :  0.003 0.004 0.003 0.005 0.004 0.982 
372 TMA-ZAIN-G-    (0)    9 :  0.003 0.003 0.003 0.009 0.002 0.978 
373 TMA-ZAIN-G-    (0)    9 :  0.008 0.005 0.010 0.004 0.006 0.967 
374 TMA-ZAIN-G-    (0)   10 :  0.025 0.107 0.006 0.004 0.038 0.821 
375 TMA-ZAIN-G-    (0)   10 :  0.053 0.372 0.003 0.004 0.005 0.563 
376 TMA-ZAIN-G-    (9)   10 :  0.003 0.004 0.002 0.005 0.004 0.983 
377 TMA-ZAIN-G-    (0)   10 :  0.002 0.003 0.002 0.006 0.002 0.984 
378 TMA-ZAIN-G-    (0)   10 :  0.002 0.003 0.002 0.007 0.003 0.984 
379 TMA-ZAIN-G-    (0)   10 :  0.002 0.003 0.003 0.005 0.003 0.985 
380 TMA-ZAIN-G-    (0)   10 :  0.004 0.004 0.007 0.010 0.002 0.974 
381 TMA-ZAIN-G-    (9)   10 :  0.209 0.239 0.021 0.054 0.013 0.463 
382 TMA-ZAIN-G-    (9)   10 :  0.047 0.829 0.020 0.014 0.083 0.007 
383    ZFB01    (0)   11 :  0.005 0.013 0.004 0.005 0.908 0.065 
384    ZFB02    (0)   11 :  0.009 0.009 0.004 0.003 0.966 0.008 
385    ZFB03    (0)   11 :  0.006 0.013 0.008 0.005 0.958 0.011 
386    ZFB04    (0)   11 :  0.010 0.008 0.003 0.005 0.962 0.012 
387    ZFB05    (0)   11 :  0.095 0.081 0.021 0.007 0.762 0.035 
388    ZFB06    (0)   11 :  0.064 0.049 0.018 0.007 0.826 0.035 
389    ZFB07    (9)   11 :  0.015 0.006 0.005 0.009 0.960 0.005 
390    ZFB08    (0)   11 :  0.006 0.008 0.006 0.005 0.968 0.007 
391    ZFB09    (0)   11 :  0.005 0.010 0.003 0.003 0.967 0.012 
392    ZFB10    (0)   11 :  0.008 0.014 0.004 0.015 0.920 0.040 
393    ZFB11    (0)   11 :  0.007 0.025 0.004 0.006 0.785 0.172 
394    ZFB12    (0)   11 :  0.007 0.021 0.004 0.005 0.914 0.048 
395    ZFB13    (0)   11 :  0.006 0.007 0.004 0.006 0.973 0.003 
396    ZFB14    (0)   11 :  0.004 0.008 0.005 0.005 0.969 0.009 
397    ZFB15    (0)   11 :  0.005 0.018 0.003 0.003 0.957 0.014 
398    ZFB16    (0)   11 :  0.007 0.016 0.003 0.004 0.962 0.007 
399    ZFB17    (0)   11 :  0.037 0.030 0.010 0.013 0.855 0.055 
400    ZFB18    (0)   11 :  0.004 0.010 0.004 0.004 0.960 0.018 
401    ZFB19    (0)   11 :  0.019 0.008 0.004 0.022 0.939 0.008 
402    ZFB20    (0)   11 :  0.008 0.030 0.003 0.004 0.941 0.014 
403    ZFB21    (0)   11 :  0.006 0.022 0.003 0.003 0.956 0.009 
404    ZFB22    (0)   11 :  0.014 0.035 0.006 0.012 0.812 0.121 
405    ZFB23    (0)   11 :  0.011 0.021 0.005 0.008 0.911 0.043 
406    ZFB24    (0)   11 :  0.009 0.017 0.004 0.005 0.841 0.124 
407    ZFB25    (0)   11 :  0.006 0.021 0.006 0.026 0.887 0.054 
408    ZFB26    (0)   11 :  0.017 0.025 0.006 0.019 0.875 0.057 
409    ZFB27    (0)   11 :  0.018 0.118 0.004 0.007 0.725 0.128 
410    ZFB28    (0)   11 :  0.038 0.534 0.080 0.017 0.319 0.012 
411    ZFB29    (0)   11 :  0.007 0.021 0.004 0.003 0.928 0.036 
412    ZFB30    (0)   11 :  0.318 0.052 0.007 0.010 0.504 0.109 
413    ZFB31    (0)   11 :  0.006 0.009 0.004 0.015 0.958 0.007 
414    ZFB32    (0)   11 :  0.026 0.108 0.087 0.009 0.746 0.024 
415    ZFB33    (0)   11 :  0.005 0.020 0.003 0.004 0.941 0.027 
416    ZFB34    (0)   11 :  0.004 0.005 0.005 0.004 0.977 0.006 
417    ZFB35    (0)   11 :  0.007 0.006 0.005 0.006 0.964 0.011 
418  ZFBP101    (0)   12 :  0.011 0.011 0.128 0.825 0.017 0.007 
419  ZFBP102    (0)   12 :  0.013 0.015 0.022 0.915 0.028 0.008 
420  ZFBP103    (0)   12 :  0.008 0.004 0.341 0.633 0.008 0.006 
421  ZFBP104    (0)   12 :  0.031 0.022 0.005 0.892 0.045 0.004 
422  ZFBP105    (0)   12 :  0.006 0.012 0.009 0.961 0.007 0.004 
423  ZFBP106    (0)   12 :  0.004 0.003 0.011 0.975 0.004 0.004 
424  ZFBP107    (0)   12 :  0.021 0.014 0.015 0.936 0.008 0.006 
425  ZFBP108    (0)   12 :  0.003 0.002 0.004 0.983 0.003 0.004 
426  ZFBP109    (0)   12 :  0.003 0.003 0.004 0.965 0.004 0.020 
427  ZFBP110    (0)   12 :  0.015 0.011 0.276 0.645 0.032 0.021 
428  ZFBP111    (0)   12 :  0.004 0.002 0.005 0.983 0.003 0.004 
429  ZFBP112    (0)   12 :  0.005 0.005 0.007 0.973 0.005 0.005 
430  ZFBP113    (0)   12 :  0.005 0.004 0.004 0.980 0.004 0.004 
431  ZFBP114    (0)   12 :  0.007 0.004 0.008 0.971 0.004 0.006 
432  ZFBP115    (0)   12 :  0.006 0.003 0.013 0.971 0.003 0.004 
433  ZFBP116    (0)   12 :  0.006 0.003 0.004 0.980 0.003 0.004 
434  ZFBP117    (0)   12 :  0.004 0.002 0.007 0.979 0.003 0.005 
435  ZFBP118    (0)   12 :  0.007 0.004 0.005 0.975 0.004 0.005 
436  ZFBP119    (0)   12 :  0.005 0.003 0.031 0.954 0.003 0.004 
437  ZFBP120    (0)   12 :  0.006 0.007 0.007 0.969 0.007 0.004 
438  ZFBP121    (0)   12 :  0.004 0.004 0.013 0.968 0.006 0.005 
439  ZFBP122    (9)   12 :  0.005 0.003 0.005 0.978 0.004 0.005 
440  ZFBP123    (0)   12 :  0.007 0.004 0.011 0.970 0.005 0.004 
441  ZFBP124    (0)   12 :  0.005 0.004 0.006 0.974 0.007 0.004 
442  ZFBP125    (0)   12 :  0.003 0.002 0.007 0.981 0.003 0.004 
443  ZFBP126    (0)   12 :  0.024 0.009 0.023 0.911 0.022 0.010 
444  ZFBP127    (0)   12 :  0.004 0.003 0.013 0.967 0.003 0.009 
445  ZFBP128    (0)   12 :  0.003 0.003 0.006 0.980 0.004 0.005 
446  ZFBP129    (0)   12 :  0.004 0.003 0.007 0.977 0.005 0.005 
447  ZFBP130    (0)   12 :  0.004 0.002 0.008 0.979 0.002 0.004 
448  ZFBP131    (0)   12 :  0.005 0.003 0.004 0.978 0.004 0.006 
449  ZFBP132    (0)   12 :  0.004 0.002 0.007 0.978 0.003 0.006 
450  ZFBP133    (0)   12 :  0.003 0.002 0.005 0.983 0.004 0.004 
451  ZFBP134    (0)   12 :  0.004 0.003 0.014 0.970 0.004 0.005 
452  ZFBP135    (0)   12 :  0.008 0.009 0.279 0.670 0.027 0.007 
453  ZFBP136    (0)   12 :  0.007 0.005 0.055 0.924 0.004 0.004 
454  ZFBP201    (0)   13 :  0.007 0.004 0.008 0.970 0.005 0.006 
455  ZFBP202    (0)   13 :  0.004 0.004 0.005 0.977 0.006 0.005 
456  ZFBP203    (0)   13 :  0.039 0.012 0.005 0.931 0.009 0.005 
457  ZFBP204    (0)   13 :  0.006 0.005 0.019 0.962 0.005 0.004 
458  ZFBP205    (0)   13 :  0.005 0.003 0.006 0.978 0.004 0.004 
459  ZFBP206    (0)   13 :  0.006 0.003 0.008 0.972 0.006 0.004 
460  ZFBP207    (0)   13 :  0.004 0.002 0.022 0.965 0.003 0.003 
461  ZFBP208    (0)   13 :  0.012 0.005 0.006 0.967 0.005 0.005 
462  ZFBP209    (0)   13 :  0.003 0.002 0.004 0.983 0.003 0.006 
463  ZFBP210    (0)   13 :  0.008 0.004 0.007 0.970 0.005 0.006 
464  ZFBP211    (0)   13 :  0.005 0.003 0.007 0.975 0.006 0.005 
465  ZFBP212    (0)   13 :  0.004 0.002 0.005 0.980 0.005 0.005 
466  ZFBP213    (0)   13 :  0.007 0.004 0.012 0.962 0.010 0.005 
467  ZFBP214    (0)   13 :  0.007 0.004 0.044 0.932 0.008 0.006 
468  ZFBP215    (0)   13 :  0.004 0.002 0.006 0.978 0.004 0.006 
469  ZFBP216    (0)   13 :  0.013 0.009 0.006 0.960 0.006 0.005 
470  ZFBP217    (0)   13 :  0.004 0.002 0.008 0.977 0.004 0.005 
471  ZFBP218    (0)   13 :  0.003 0.002 0.003 0.985 0.003 0.004 
472  ZFBP219    (0)   13 :  0.005 0.003 0.004 0.981 0.004 0.004 
473  ZFBP220    (0)   13 :  0.004 0.003 0.009 0.977 0.003 0.004 
474  ZFBP221    (0)   13 :  0.004 0.003 0.004 0.982 0.004 0.003 
475  ZFBP222    (0)   13 :  0.006 0.004 0.006 0.973 0.006 0.005 
476  ZFBP223    (0)   13 :  0.006 0.004 0.035 0.941 0.007 0.007 
477  ZFBP224    (0)   13 :  0.006 0.004 0.006 0.974 0.005 0.005 
478  ZFBP225    (0)   13 :  0.006 0.003 0.010 0.974 0.003 0.004 
479  ZFBP226    (0)   13 :  0.006 0.003 0.005 0.977 0.004 0.005 
480  ZFBP227    (0)   13 :  0.096 0.024 0.010 0.829 0.038 0.005 
481  ZFBP228    (0)   13 :  0.004 0.003 0.015 0.968 0.005 0.005 
482  ZFBP229    (0)   13 :  0.004 0.003 0.006 0.980 0.003 0.005 
483  ZFBP230    (0)   13 :  0.004 0.004 0.011 0.973 0.003 0.005 
484  ZFBP231    (0)   13 :  0.005 0.005 0.006 0.975 0.005 0.004 
485  ZFBP232    (0)   13 :  0.003 0.003 0.005 0.982 0.003 0.004 
486  ZFBP233    (0)   13 :  0.005 0.004 0.006 0.974 0.005 0.006 
487   ZFCC01    (0)   14 :  0.005 0.006 0.961 0.005 0.020 0.003 
488   ZFCC03    (0)   14 :  0.003 0.002 0.981 0.004 0.006 0.004 
489   ZFCC04    (0)   14 :  0.005 0.003 0.976 0.005 0.008 0.003 
490   ZFCC05    (0)   14 :  0.006 0.004 0.972 0.006 0.010 0.003 
491   ZFCC08    (0)   14 :  0.004 0.002 0.961 0.023 0.006 0.004 
492   ZFCC09    (0)   14 :  0.004 0.002 0.978 0.005 0.009 0.002 
493   ZFCC10    (0)   14 :  0.005 0.008 0.947 0.006 0.030 0.003 
494   ZFCC11    (0)   14 :  0.004 0.007 0.974 0.005 0.007 0.004 
495   ZFCC12    (0)   14 :  0.019 0.009 0.861 0.006 0.103 0.003 
496   ZFCC13    (0)   14 :  0.012 0.004 0.961 0.012 0.005 0.004 
497   ZFCC14    (0)   14 :  0.008 0.004 0.957 0.008 0.019 0.005 
498   ZFCC15    (0)   14 :  0.009 0.004 0.972 0.005 0.007 0.003 
499   ZFCC16    (0)   14 :  0.006 0.003 0.975 0.004 0.009 0.003 
500   ZFCC17    (0)   14 :  0.008 0.003 0.974 0.003 0.009 0.003 
501   ZFCC18    (0)   14 :  0.004 0.002 0.976 0.005 0.009 0.003 
502   ZFCC19    (0)   14 :  0.021 0.010 0.952 0.004 0.010 0.003 
503   ZFCC20    (0)   14 :  0.005 0.002 0.981 0.004 0.006 0.003 
504   ZFCC21    (0)   14 :  0.050 0.004 0.799 0.118 0.023 0.006 
505   ZFCC22    (0)   14 :  0.011 0.003 0.460 0.502 0.017 0.006 
506   ZFCC26    (0)   14 :  0.005 0.002 0.978 0.004 0.008 0.003 
507   ZFCC27    (0)   14 :  0.003 0.006 0.981 0.004 0.004 0.003 
508   ZFCC29    (0)   14 :  0.009 0.002 0.966 0.005 0.016 0.003 
509   ZFCC30    (0)   14 :  0.004 0.005 0.981 0.004 0.003 0.003 
510   ZFCC32    (0)   14 :  0.011 0.003 0.969 0.005 0.010 0.003 
511   ZFCC33    (0)   14 :  0.009 0.005 0.971 0.004 0.009 0.002 
512   ZFCC34    (0)   14 :  0.006 0.003 0.943 0.026 0.017 0.006 
513   ZFCC35    (0)   14 :  0.004 0.005 0.979 0.005 0.004 0.003 
514   ZFCC36    (0)   14 :  0.027 0.004 0.945 0.013 0.007 0.005 
515   ZFCC37    (0)   14 :  0.028 0.008 0.858 0.010 0.092 0.003 
516   ZFCC40    (0)   14 :  0.007 0.009 0.958 0.007 0.014 0.005 
517   ZFCC42    (0)   14 :  0.127 0.026 0.645 0.005 0.194 0.003 
518   ZFCC44    (0)   14 :  0.005 0.002 0.985 0.003 0.003 0.002 
519   ZFCC45    (9)   14 :  0.018 0.007 0.930 0.005 0.036 0.004 
520   ZFCC46    (0)   14 :  0.005 0.002 0.973 0.013 0.004 0.003 
521   ZFCC47    (0)   14 :  0.007 0.006 0.901 0.007 0.076 0.003 
522   ZFCC48    (0)   14 :  0.012 0.003 0.908 0.060 0.013 0.004 
523   ZFCC50    (0)   14 :  0.006 0.002 0.976 0.003 0.010 0.003 
524   ZFCC51    (0)   14 :  0.003 0.002 0.983 0.003 0.005 0.003 
525   ZFCC52    (0)   14 :  0.007 0.007 0.964 0.013 0.005 0.004 
526   ZFCC53    (0)   14 :  0.003 0.005 0.981 0.003 0.005 0.003 
527  ZFCNS01    (0)   15 :  0.019 0.006 0.952 0.014 0.004 0.005 
528  ZFCNS02    (0)   15 :  0.003 0.002 0.978 0.010 0.003 0.003 
529  ZFCNS05    (0)   15 :  0.004 0.003 0.968 0.014 0.007 0.004 
530  ZFCNS06    (0)   15 :  0.004 0.003 0.972 0.013 0.005 0.004 
