

----------------------------------------------------
STRUCTURE by Pritchard, Stephens and Donnelly (2000)
     and Falush, Stephens and Pritchard (2003)
       Code by Pritchard, Falush and Hubisz
             Version 2.3.4 (Jul 2012)
----------------------------------------------------



Command line arguments:   bin\structure -m C:\Users\eschumacher\Documents\GitHub\GCC_QUAC_ZAIN\Data_Files\Structure_Files\ZAIN\ZAIN_og_allpop_STR\50-50\mainparams -e C:\Users\eschumacher\Documents\GitHub\GCC_QUAC_ZAIN\Data_Files\Structure_Files\ZAIN\ZAIN_og_allpop_STR\50-50\extraparams 
Input File:    C:\Users\eschumacher\Documents\GitHub\GCC_QUAC_ZAIN\Data_Files\Structure_Files\ZAIN\ZAIN_og_allpop_STR\project_data

Run parameters:
   1135 individuals
   11 loci
   7 populations assumed
   50000 Burn-in period
   50000 Reps


--------------------------------------------
Proportion of membership of each pre-defined
 population in each of the 7 clusters

Given    Inferred Clusters                                   Number of
 Pop       1      2      3      4      5      6      7      Individuals

  1:     0.011  0.072  0.295  0.592  0.013  0.008  0.008      303
  2:     0.018  0.007  0.301  0.651  0.009  0.005  0.008       15
  3:     0.007  0.089  0.359  0.459  0.037  0.003  0.046        2
  4:     0.004  0.009  0.195  0.730  0.040  0.007  0.016        2
  5:     0.009  0.070  0.193  0.602  0.111  0.009  0.006        7
  6:     0.011  0.010  0.682  0.280  0.007  0.004  0.006       13
  7:     0.002  0.004  0.980  0.004  0.003  0.002  0.004       13
  8:     0.006  0.022  0.007  0.942  0.005  0.010  0.007        7
  9:     0.008  0.010  0.112  0.846  0.007  0.011  0.007       11
 10:     0.008  0.022  0.181  0.736  0.025  0.015  0.013        9
 11:     0.010  0.045  0.030  0.034  0.013  0.008  0.859       35
 12:     0.038  0.004  0.005  0.006  0.008  0.931  0.008       36
 13:     0.010  0.005  0.004  0.005  0.010  0.960  0.006       33
 14:     0.927  0.009  0.005  0.003  0.010  0.025  0.021       40
 15:     0.871  0.003  0.003  0.005  0.005  0.108  0.004       40
 16:     0.030  0.015  0.016  0.019  0.692  0.062  0.167       40
 17:     0.040  0.037  0.024  0.012  0.791  0.017  0.080       37
 18:     0.007  0.003  0.003  0.004  0.004  0.972  0.007       40
 19:     0.042  0.003  0.006  0.003  0.006  0.006  0.934       28
 20:     0.834  0.018  0.004  0.003  0.088  0.017  0.036       14
 21:     0.045  0.844  0.004  0.003  0.055  0.021  0.029       13
 22:     0.156  0.002  0.003  0.005  0.006  0.823  0.005       14
 23:     0.010  0.011  0.005  0.004  0.006  0.958  0.005       25
 24:     0.018  0.006  0.003  0.008  0.020  0.938  0.007       40
 25:     0.885  0.013  0.011  0.019  0.024  0.025  0.023       32
 26:     0.004  0.980  0.003  0.003  0.004  0.003  0.004       21
 27:     0.017  0.006  0.094  0.023  0.184  0.017  0.661        4
 28:     0.009  0.003  0.008  0.005  0.027  0.020  0.928       23
 29:     0.007  0.003  0.003  0.003  0.017  0.006  0.960       39
 30:     0.005  0.023  0.009  0.003  0.017  0.005  0.939       38
 31:     0.131  0.004  0.004  0.005  0.009  0.843  0.005       45
 32:     0.098  0.013  0.004  0.006  0.009  0.865  0.005       28
 33:     0.010  0.009  0.011  0.014  0.061  0.006  0.890        6
 34:     0.022  0.004  0.008  0.006  0.919  0.025  0.016       40
 35:     0.018  0.048  0.010  0.009  0.856  0.032  0.028       42
--------------------------------------------

Allele-freq. divergence among pops (Net nucleotide distance),
computed using point estimates of P.

      1       2       3       4       5       6       7      
 1      -    0.3269  0.3030  0.2961  0.0923  0.1137  0.1548  
 2   0.3269     -    0.2341  0.2976  0.2200  0.3454  0.2689  
 3   0.3030  0.2341     -    0.1661  0.1740  0.3484  0.1828  
 4   0.2961  0.2976  0.1661     -    0.2480  0.2703  0.2544  
 5   0.0923  0.2200  0.1740  0.2480     -    0.1230  0.0775  
 6   0.1137  0.3454  0.3484  0.2703  0.1230     -    0.2058  
 7   0.1548  0.2689  0.1828  0.2544  0.0775  0.2058     -    

Average distances (expected heterozygosity) between individuals in same cluster:
cluster  1  : 0.4350 
cluster  2  : 0.3614 
cluster  3  : 0.4984 
cluster  4  : 0.4814 
cluster  5  : 0.5630 
cluster  6  : 0.4562 
cluster  7  : 0.4885 

--------------------------------------------
Estimated Ln Prob of Data   = -23466.4
Mean value of ln likelihood = -23025.9
Variance of ln likelihood   = 880.9
Mean value of alpha         = 0.0316

Mean value of Fst_1         = 0.4464
Mean value of Fst_2         = 0.5284
Mean value of Fst_3         = 0.3100
Mean value of Fst_4         = 0.3239
Mean value of Fst_5         = 0.1826
Mean value of Fst_6         = 0.4125
Mean value of Fst_7         = 0.4010


Inferred ancestry of individuals:
        Label (%Miss) Pop:  Inferred clusters
  1 TMA-ZAIN-G-    (9)    1 :  0.004 0.004 0.853 0.061 0.011 0.004 0.063 
  2 TMA-ZAIN-G-    (0)    1 :  0.067 0.008 0.717 0.048 0.021 0.058 0.080 
  3 TMA-ZAIN-G-    (0)    1 :  0.003 0.003 0.003 0.981 0.003 0.004 0.003 
  4 TMA-ZAIN-G-    (0)    1 :  0.014 0.005 0.128 0.791 0.012 0.003 0.047 
  5 TMA-ZAIN-G-    (0)    1 :  0.004 0.002 0.965 0.005 0.007 0.005 0.012 
  6 TMA-ZAIN-G-    (0)    1 :  0.006 0.037 0.042 0.890 0.012 0.004 0.009 
  7 TMA-ZAIN-G-    (0)    1 :  0.006 0.005 0.012 0.964 0.005 0.004 0.005 
  8 TMA-ZAIN-G-    (0)    1 :  0.003 0.002 0.003 0.982 0.003 0.004 0.003 
  9 TMA-ZAIN-G-    (9)    1 :  0.016 0.016 0.005 0.876 0.024 0.039 0.024 
 10 TMA-ZAIN-G-    (0)    1 :  0.003 0.004 0.004 0.979 0.003 0.004 0.003 
 11 TMA-ZAIN-G-    (0)    1 :  0.010 0.005 0.006 0.957 0.005 0.013 0.004 
 12 TMA-ZAIN-G-    (0)    1 :  0.003 0.003 0.003 0.978 0.003 0.004 0.004 
 13 TMA-ZAIN-G-    (9)    1 :  0.004 0.010 0.049 0.915 0.005 0.006 0.010 
 14 TMA-ZAIN-G-    (9)    1 :  0.013 0.016 0.007 0.944 0.006 0.004 0.010 
 15 TMA-ZAIN-G-    (0)    1 :  0.011 0.004 0.004 0.966 0.005 0.003 0.006 
 16 TMA-ZAIN-G-    (0)    1 :  0.002 0.005 0.004 0.978 0.003 0.004 0.003 
 17 TMA-ZAIN-G-    (9)    1 :  0.004 0.003 0.009 0.973 0.004 0.002 0.004 
 18 TMA-ZAIN-G-    (0)    1 :  0.003 0.003 0.968 0.011 0.004 0.003 0.007 
 19 TMA-ZAIN-G-    (0)    1 :  0.003 0.005 0.931 0.048 0.005 0.003 0.006 
 20 TMA-ZAIN-G-    (0)    1 :  0.004 0.005 0.978 0.003 0.004 0.002 0.003 
 21 TMA-ZAIN-G-    (0)    1 :  0.002 0.880 0.103 0.004 0.003 0.004 0.004 
 22 TMA-ZAIN-G-    (0)    1 :  0.002 0.003 0.983 0.003 0.003 0.002 0.004 
 23 TMA-ZAIN-G-    (0)    1 :  0.002 0.003 0.980 0.004 0.004 0.002 0.004 
 24 TMA-ZAIN-G-    (9)    1 :  0.005 0.003 0.901 0.037 0.003 0.048 0.003 
 25 TMA-ZAIN-G-    (9)    1 :  0.002 0.009 0.901 0.023 0.038 0.011 0.016 
 26 TMA-ZAIN-G-    (9)    1 :  0.015 0.065 0.042 0.868 0.003 0.005 0.002 
 27 TMA-ZAIN-G-    (0)    1 :  0.098 0.058 0.669 0.080 0.074 0.010 0.012 
 28 TMA-ZAIN-G-    (0)    1 :  0.008 0.010 0.393 0.182 0.306 0.065 0.035 
 29 TMA-ZAIN-G-    (0)    1 :  0.003 0.030 0.039 0.785 0.129 0.011 0.002 
 30 TMA-ZAIN-G-    (0)    1 :  0.012 0.008 0.012 0.863 0.038 0.057 0.010 
 31 TMA-ZAIN-G-    (0)    1 :  0.006 0.003 0.972 0.006 0.004 0.004 0.005 
 32 TMA-ZAIN-G-    (9)    1 :  0.004 0.003 0.796 0.173 0.004 0.012 0.008 
 33 TMA-ZAIN-G-   (18)    1 :  0.003 0.002 0.004 0.980 0.003 0.005 0.003 
 34 TMA-ZAIN-G-    (0)    1 :  0.005 0.010 0.069 0.904 0.002 0.005 0.004 
 35 TMA-ZAIN-G-    (9)    1 :  0.003 0.002 0.006 0.977 0.003 0.003 0.004 
 36 TMA-ZAIN-G-    (0)    1 :  0.004 0.002 0.004 0.981 0.003 0.004 0.003 
 37 TMA-ZAIN-G-    (9)    1 :  0.004 0.008 0.009 0.965 0.004 0.005 0.005 
 38 TMA-ZAIN-G-   (18)    1 :  0.005 0.008 0.737 0.178 0.009 0.005 0.057 
 39 TMA-ZAIN-G-    (0)    1 :  0.003 0.007 0.004 0.975 0.003 0.006 0.002 
 40 TMA-ZAIN-G-    (0)    1 :  0.002 0.005 0.003 0.981 0.002 0.005 0.002 
 41 TMA-ZAIN-G-    (0)    1 :  0.003 0.005 0.003 0.978 0.003 0.005 0.003 
 42 TMA-ZAIN-G-    (9)    1 :  0.006 0.003 0.003 0.979 0.003 0.004 0.003 
 43 TMA-ZAIN-G-    (0)    1 :  0.022 0.005 0.004 0.952 0.004 0.003 0.008 
 44 TMA-ZAIN-G-    (0)    1 :  0.019 0.747 0.085 0.122 0.011 0.014 0.003 
 45 TMA-ZAIN-G-    (0)    1 :  0.004 0.012 0.006 0.963 0.005 0.005 0.005 
 46 TMA-ZAIN-G-    (0)    1 :  0.004 0.827 0.155 0.004 0.003 0.003 0.004 
 47 TMA-ZAIN-G-    (0)    1 :  0.014 0.014 0.038 0.917 0.011 0.003 0.004 
 48 TMA-ZAIN-G-    (0)    1 :  0.008 0.008 0.021 0.950 0.004 0.005 0.004 
 49 TMA-ZAIN-G-    (9)    1 :  0.004 0.017 0.576 0.149 0.232 0.011 0.011 
 50 TMA-ZAIN-G-    (0)    1 :  0.002 0.044 0.803 0.068 0.073 0.007 0.004 
 51 TMA-ZAIN-G-    (0)    1 :  0.364 0.088 0.392 0.029 0.092 0.019 0.017 
 52 TMA-ZAIN-G-    (0)    1 :  0.117 0.033 0.322 0.337 0.082 0.060 0.048 
 53 TMA-ZAIN-G-    (0)    1 :  0.135 0.004 0.802 0.032 0.012 0.010 0.005 
 54 TMA-ZAIN-G-    (0)    1 :  0.022 0.003 0.103 0.856 0.007 0.004 0.003 
 55 TMA-ZAIN-G-    (0)    1 :  0.029 0.005 0.119 0.831 0.009 0.004 0.003 
 56 TMA-ZAIN-G-    (0)    1 :  0.013 0.004 0.178 0.755 0.024 0.003 0.022 
 57 TMA-ZAIN-G-    (0)    1 :  0.009 0.003 0.214 0.759 0.006 0.004 0.005 
 58 TMA-ZAIN-G-    (0)    1 :  0.006 0.010 0.858 0.095 0.018 0.007 0.005 
 59 TMA-ZAIN-G-    (0)    1 :  0.010 0.006 0.784 0.139 0.009 0.050 0.004 
 60 TMA-ZAIN-G-    (0)    1 :  0.011 0.011 0.928 0.024 0.009 0.004 0.014 
 61 TMA-ZAIN-G-    (0)    1 :  0.004 0.004 0.974 0.006 0.004 0.004 0.005 
 62 TMA-ZAIN-G-    (9)    1 :  0.011 0.072 0.652 0.146 0.014 0.026 0.079 
 63 TMA-ZAIN-G-    (0)    1 :  0.008 0.004 0.933 0.011 0.008 0.003 0.034 
 64 TMA-ZAIN-G-    (0)    1 :  0.003 0.002 0.003 0.970 0.003 0.016 0.002 
 65 TMA-ZAIN-G-    (9)    1 :  0.004 0.002 0.003 0.982 0.003 0.004 0.003 
 66 TMA-ZAIN-G-    (0)    1 :  0.003 0.003 0.002 0.980 0.003 0.007 0.002 
 67 TMA-ZAIN-G-    (0)    1 :  0.003 0.013 0.009 0.958 0.007 0.007 0.004 
 68 TMA-ZAIN-G-    (0)    1 :  0.004 0.002 0.003 0.981 0.002 0.006 0.002 
 69 TMA-ZAIN-G-    (0)    1 :  0.007 0.015 0.015 0.931 0.011 0.013 0.008 
 70 TMA-ZAIN-G-    (0)    1 :  0.006 0.005 0.005 0.966 0.005 0.010 0.003 
 71 TMA-ZAIN-G-    (0)    1 :  0.011 0.004 0.004 0.948 0.005 0.026 0.002 
 72 TMA-ZAIN-G-    (0)    1 :  0.004 0.003 0.005 0.977 0.004 0.005 0.003 
 73 TMA-ZAIN-G-    (0)    1 :  0.015 0.013 0.053 0.901 0.005 0.011 0.002 
 74 TMA-ZAIN-G-    (0)    1 :  0.007 0.013 0.017 0.932 0.013 0.013 0.005 
 75 TMA-ZAIN-G-    (0)    1 :  0.027 0.003 0.006 0.938 0.009 0.015 0.003 
 76 TMA-ZAIN-G-    (0)    1 :  0.011 0.075 0.025 0.837 0.030 0.017 0.006 
 77 TMA-ZAIN-G-    (0)    1 :  0.004 0.008 0.005 0.973 0.003 0.005 0.002 
 78 TMA-ZAIN-G-    (0)    1 :  0.004 0.038 0.024 0.916 0.009 0.004 0.006 
 79 TMA-ZAIN-G-    (0)    1 :  0.004 0.031 0.009 0.945 0.004 0.004 0.003 
 80 TMA-ZAIN-G-    (0)    1 :  0.003 0.007 0.003 0.977 0.003 0.005 0.002 
 81 TMA-ZAIN-G-    (0)    1 :  0.006 0.011 0.005 0.963 0.006 0.006 0.003 
 82 TMA-ZAIN-G-    (0)    1 :  0.006 0.002 0.003 0.972 0.004 0.010 0.003 
 83 TMA-ZAIN-G-    (9)    1 :  0.006 0.015 0.049 0.916 0.003 0.006 0.004 
 84 TMA-ZAIN-G-    (0)    1 :  0.002 0.077 0.011 0.898 0.004 0.004 0.004 
 85 TMA-ZAIN-G-    (0)    1 :  0.003 0.003 0.966 0.017 0.004 0.002 0.005 
 86 TMA-ZAIN-G-    (0)    1 :  0.006 0.051 0.571 0.343 0.007 0.006 0.017 
 87 TMA-ZAIN-G-    (0)    1 :  0.003 0.008 0.968 0.009 0.004 0.002 0.006 
 88 TMA-ZAIN-G-    (0)    1 :  0.005 0.007 0.380 0.594 0.003 0.005 0.005 
 89 TMA-ZAIN-G-    (0)    1 :  0.012 0.009 0.333 0.627 0.006 0.005 0.008 
 90 TMA-ZAIN-G-    (0)    1 :  0.007 0.019 0.626 0.320 0.014 0.004 0.010 
 91 TMA-ZAIN-G-    (0)    1 :  0.010 0.008 0.516 0.453 0.004 0.004 0.005 
 92 TMA-ZAIN-G-    (0)    1 :  0.005 0.034 0.798 0.149 0.007 0.003 0.004 
 93 TMA-ZAIN-G-    (0)    1 :  0.034 0.006 0.696 0.250 0.005 0.006 0.004 
 94 TMA-ZAIN-G-    (0)    1 :  0.005 0.012 0.957 0.014 0.004 0.003 0.005 
 95 TMA-ZAIN-G-    (0)    1 :  0.011 0.010 0.656 0.024 0.123 0.166 0.010 
 96 TMA-ZAIN-G-    (0)    1 :  0.005 0.008 0.064 0.492 0.356 0.005 0.070 
 97 TMA-ZAIN-G-    (0)    1 :  0.004 0.004 0.959 0.005 0.004 0.006 0.017 
 98 TMA-ZAIN-G-    (0)    1 :  0.007 0.002 0.927 0.006 0.003 0.028 0.026 
 99 TMA-ZAIN-G-    (0)    1 :  0.004 0.008 0.581 0.196 0.003 0.200 0.008 
100 TMA-ZAIN-G-    (0)    1 :  0.011 0.012 0.955 0.004 0.005 0.003 0.009 
101 TMA-ZAIN-G-    (0)    1 :  0.005 0.003 0.920 0.041 0.007 0.014 0.010 
102 TMA-ZAIN-G-    (0)    1 :  0.004 0.003 0.962 0.016 0.004 0.006 0.006 
103 TMA-ZAIN-G-    (0)    1 :  0.003 0.003 0.966 0.012 0.004 0.003 0.010 
104 TMA-ZAIN-G-    (0)    1 :  0.004 0.003 0.904 0.005 0.003 0.006 0.076 
105 TMA-ZAIN-G-    (0)    1 :  0.003 0.002 0.956 0.016 0.004 0.004 0.015 
106 TMA-ZAIN-G-    (0)    1 :  0.003 0.003 0.003 0.980 0.003 0.005 0.003 
107 TMA-ZAIN-G-    (0)    1 :  0.003 0.003 0.004 0.972 0.004 0.012 0.003 
108 TMA-ZAIN-G-    (9)    1 :  0.012 0.017 0.425 0.515 0.005 0.008 0.018 
109 TMA-ZAIN-G-    (0)    1 :  0.004 0.003 0.174 0.753 0.028 0.004 0.033 
110 TMA-ZAIN-G-    (0)    1 :  0.003 0.055 0.125 0.792 0.012 0.005 0.007 
111 TMA-ZAIN-G-    (9)    1 :  0.006 0.013 0.717 0.222 0.005 0.021 0.017 
112 TMA-ZAIN-G-    (0)    1 :  0.004 0.004 0.384 0.590 0.005 0.007 0.005 
113 TMA-ZAIN-G-    (0)    1 :  0.005 0.002 0.912 0.041 0.005 0.025 0.010 
114 TMA-ZAIN-G-    (0)    1 :  0.003 0.003 0.972 0.005 0.006 0.004 0.008 
115 TMA-ZAIN-G-    (0)    1 :  0.005 0.004 0.902 0.012 0.012 0.006 0.058 
116 TMA-ZAIN-G-    (0)    1 :  0.003 0.002 0.003 0.981 0.003 0.004 0.004 
117 TMA-ZAIN-G-    (0)    1 :  0.004 0.002 0.004 0.979 0.003 0.004 0.003 
118 TMA-ZAIN-G-    (0)    1 :  0.003 0.002 0.004 0.981 0.003 0.004 0.004 
119 TMA-ZAIN-G-    (0)    1 :  0.003 0.007 0.009 0.965 0.005 0.004 0.007 
120 TMA-ZAIN-G-    (0)    1 :  0.004 0.002 0.005 0.977 0.003 0.003 0.005 
121 TMA-ZAIN-G-    (0)    1 :  0.003 0.002 0.003 0.980 0.003 0.005 0.003 
122 TMA-ZAIN-G-    (0)    1 :  0.004 0.010 0.007 0.966 0.004 0.004 0.004 
123 TMA-ZAIN-G-    (0)    1 :  0.004 0.005 0.909 0.009 0.007 0.003 0.063 
124 TMA-ZAIN-G-    (0)    1 :  0.003 0.002 0.005 0.978 0.003 0.004 0.003 
125 TMA-ZAIN-G-    (0)    1 :  0.005 0.002 0.003 0.983 0.003 0.003 0.002 
126 TMA-ZAIN-G-    (0)    1 :  0.004 0.002 0.004 0.981 0.003 0.003 0.003 
127 TMA-ZAIN-G-    (0)    1 :  0.003 0.003 0.003 0.983 0.002 0.004 0.003 
128 TMA-ZAIN-G-    (0)    1 :  0.003 0.003 0.004 0.981 0.003 0.004 0.003 
129 TMA-ZAIN-G-    (0)    1 :  0.004 0.003 0.005 0.977 0.003 0.005 0.003 
130 TMA-ZAIN-G-    (0)    1 :  0.006 0.002 0.004 0.979 0.003 0.003 0.004 
131 TMA-ZAIN-G-    (0)    1 :  0.003 0.002 0.005 0.979 0.004 0.003 0.004 
132 TMA-ZAIN-G-    (0)    1 :  0.004 0.002 0.003 0.982 0.003 0.004 0.003 
133 TMA-ZAIN-G-    (0)    1 :  0.005 0.008 0.004 0.974 0.003 0.003 0.002 
134 TMA-ZAIN-G-    (0)    1 :  0.005 0.004 0.003 0.979 0.002 0.003 0.003 
135 TMA-ZAIN-G-    (0)    1 :  0.003 0.006 0.003 0.978 0.002 0.005 0.003 
136 TMA-ZAIN-G-    (0)    1 :  0.005 0.005 0.004 0.975 0.003 0.006 0.002 
137 TMA-ZAIN-G-    (0)    1 :  0.002 0.005 0.004 0.979 0.003 0.004 0.003 
138 TMA-ZAIN-G-    (0)    1 :  0.004 0.003 0.003 0.981 0.002 0.005 0.003 
139 TMA-ZAIN-G-    (0)    1 :  0.004 0.004 0.003 0.978 0.002 0.005 0.003 
140 TMA-ZAIN-G-    (0)    1 :  0.003 0.004 0.004 0.979 0.003 0.005 0.003 
141 TMA-ZAIN-G-    (0)    1 :  0.003 0.003 0.004 0.978 0.003 0.004 0.003 
142 TMA-ZAIN-G-    (9)    1 :  0.003 0.004 0.003 0.980 0.003 0.005 0.003 
143 TMA-ZAIN-G-    (0)    1 :  0.003 0.002 0.003 0.980 0.003 0.005 0.004 
144 TMA-ZAIN-G-    (0)    1 :  0.004 0.005 0.005 0.974 0.004 0.004 0.003 
145 TMA-ZAIN-G-    (0)    1 :  0.003 0.002 0.003 0.983 0.002 0.005 0.002 
146 TMA-ZAIN-G-    (0)    1 :  0.006 0.003 0.003 0.973 0.003 0.009 0.003 
147 TMA-ZAIN-G-    (9)    1 :  0.003 0.004 0.003 0.979 0.003 0.005 0.002 
148 TMA-ZAIN-G-    (0)    1 :  0.013 0.003 0.003 0.968 0.003 0.007 0.002 
149 TMA-ZAIN-G-    (0)    1 :  0.004 0.003 0.009 0.973 0.003 0.005 0.004 
150 TMA-ZAIN-G-    (0)    1 :  0.007 0.002 0.008 0.964 0.004 0.011 0.004 
151 TMA-ZAIN-G-    (0)    1 :  0.003 0.003 0.003 0.982 0.002 0.004 0.004 
152 TMA-ZAIN-G-    (0)    1 :  0.003 0.003 0.003 0.978 0.003 0.004 0.006 
153 TMA-ZAIN-G-    (0)    1 :  0.003 0.002 0.003 0.982 0.002 0.005 0.003 
154 TMA-ZAIN-G-    (0)    1 :  0.003 0.002 0.003 0.983 0.002 0.004 0.003 
155 TMA-ZAIN-G-    (0)    1 :  0.002 0.002 0.003 0.980 0.002 0.006 0.003 
156 TMA-ZAIN-G-    (9)    1 :  0.006 0.004 0.004 0.971 0.003 0.005 0.007 
157 TMA-ZAIN-G-    (0)    1 :  0.004 0.004 0.003 0.977 0.003 0.004 0.005 
158 TMA-ZAIN-G-    (0)    1 :  0.004 0.003 0.003 0.974 0.004 0.008 0.003 
159 TMA-ZAIN-G-    (0)    1 :  0.006 0.002 0.003 0.973 0.004 0.009 0.003 
160 TMA-ZAIN-G-    (0)    1 :  0.003 0.002 0.003 0.981 0.002 0.006 0.003 
161 TMA-ZAIN-G-    (0)    1 :  0.004 0.002 0.003 0.982 0.003 0.004 0.002 
162 TMA-ZAIN-G-    (0)    1 :  0.003 0.002 0.006 0.977 0.002 0.006 0.004 
163 TMA-ZAIN-G-    (0)    1 :  0.002 0.002 0.003 0.983 0.002 0.004 0.003 
164 TMA-ZAIN-G-    (0)    1 :  0.003 0.004 0.004 0.978 0.003 0.004 0.004 
165 TMA-ZAIN-G-    (0)    1 :  0.003 0.003 0.003 0.981 0.003 0.005 0.003 
166 TMA-ZAIN-G-    (0)    1 :  0.003 0.002 0.003 0.983 0.002 0.005 0.002 
167 TMA-ZAIN-G-    (0)    1 :  0.004 0.004 0.005 0.976 0.004 0.005 0.003 
168 TMA-ZAIN-G-    (0)    1 :  0.005 0.004 0.004 0.971 0.004 0.007 0.005 
169 TMA-ZAIN-G-    (0)    1 :  0.003 0.003 0.004 0.979 0.002 0.007 0.003 
170 TMA-ZAIN-G-    (0)    1 :  0.004 0.015 0.011 0.948 0.007 0.006 0.010 
171 TMA-ZAIN-G-    (0)    1 :  0.003 0.003 0.004 0.979 0.002 0.007 0.003 
172 TMA-ZAIN-G-    (0)    1 :  0.004 0.007 0.004 0.973 0.004 0.004 0.004 
173 TMA-ZAIN-G-    (0)    1 :  0.004 0.005 0.005 0.972 0.005 0.004 0.004 
174 TMA-ZAIN-G-    (0)    1 :  0.003 0.003 0.003 0.982 0.002 0.006 0.002 
175 TMA-ZAIN-G-    (0)    1 :  0.007 0.003 0.003 0.971 0.003 0.009 0.003 
176 TMA-ZAIN-G-    (0)    1 :  0.007 0.003 0.003 0.971 0.004 0.009 0.003 
177 TMA-ZAIN-G-    (0)    1 :  0.031 0.005 0.004 0.929 0.007 0.020 0.004 
178 TMA-ZAIN-G-    (0)    1 :  0.006 0.011 0.005 0.958 0.007 0.006 0.008 
179 TMA-ZAIN-G-    (0)    1 :  0.009 0.005 0.003 0.966 0.005 0.009 0.004 
180 TMA-ZAIN-G-    (0)    1 :  0.004 0.005 0.004 0.978 0.003 0.004 0.003 
181 TMA-ZAIN-G-    (0)    1 :  0.005 0.003 0.003 0.976 0.003 0.005 0.004 
182 TMA-ZAIN-G-    (0)    1 :  0.007 0.003 0.005 0.971 0.004 0.004 0.006 
183 TMA-ZAIN-G-    (0)    1 :  0.005 0.004 0.003 0.977 0.004 0.004 0.004 
184 TMA-ZAIN-G-    (0)    1 :  0.005 0.003 0.008 0.971 0.003 0.006 0.004 
185 TMA-ZAIN-G-    (0)    1 :  0.004 0.004 0.012 0.966 0.004 0.006 0.003 
186 TMA-ZAIN-G-    (9)    1 :  0.003 0.005 0.007 0.971 0.005 0.005 0.003 
187 TMA-ZAIN-G-    (0)    1 :  0.003 0.004 0.005 0.973 0.004 0.007 0.004 
188 TMA-ZAIN-G-    (0)    1 :  0.003 0.002 0.004 0.980 0.002 0.006 0.002 
189 TMA-ZAIN-G-    (0)    1 :  0.002 0.003 0.003 0.981 0.003 0.006 0.002 
190 TMA-ZAIN-G-    (0)    1 :  0.014 0.007 0.004 0.955 0.008 0.007 0.005 
191 TMA-ZAIN-G-    (0)    1 :  0.002 0.004 0.009 0.965 0.003 0.015 0.003 
192 TMA-ZAIN-G-    (0)    1 :  0.004 0.012 0.003 0.969 0.003 0.006 0.004 
193 TMA-ZAIN-G-    (0)    1 :  0.056 0.006 0.004 0.919 0.004 0.003 0.007 
194 TMA-ZAIN-G-    (0)    1 :  0.027 0.007 0.005 0.945 0.006 0.003 0.006 
195 TMA-ZAIN-G-    (0)    1 :  0.092 0.005 0.004 0.879 0.008 0.006 0.007 
196 TMA-ZAIN-G-    (0)    1 :  0.018 0.005 0.004 0.959 0.004 0.004 0.007 
197 TMA-ZAIN-G-    (0)    1 :  0.016 0.003 0.004 0.965 0.003 0.003 0.004 
198 TMA-ZAIN-G-    (0)    1 :  0.018 0.006 0.003 0.958 0.004 0.004 0.007 
199 TMA-ZAIN-G-    (0)    1 :  0.003 0.004 0.005 0.977 0.004 0.004 0.002 
200 TMA-ZAIN-G-    (0)    1 :  0.007 0.559 0.406 0.005 0.006 0.003 0.014 
201 TMA-ZAIN-G-    (0)    1 :  0.003 0.610 0.345 0.031 0.004 0.003 0.004 
202 TMA-ZAIN-G-    (0)    1 :  0.002 0.978 0.007 0.004 0.002 0.003 0.004 
203 TMA-ZAIN-G-    (0)    1 :  0.018 0.005 0.006 0.945 0.005 0.004 0.016 
204 TMA-ZAIN-G-    (9)    1 :  0.024 0.765 0.181 0.006 0.012 0.004 0.008 
205 TMA-ZAIN-G-    (0)    1 :  0.003 0.843 0.027 0.117 0.005 0.003 0.003 
206 TMA-ZAIN-G-    (9)    1 :  0.009 0.565 0.366 0.030 0.008 0.007 0.015 
207 TMA-ZAIN-G-    (9)    1 :  0.007 0.004 0.008 0.965 0.007 0.004 0.005 
208 TMA-ZAIN-G-    (0)    1 :  0.003 0.003 0.002 0.982 0.003 0.005 0.002 
209 TMA-ZAIN-G-    (0)    1 :  0.007 0.002 0.003 0.979 0.002 0.004 0.002 
210 TMA-ZAIN-G-    (0)    1 :  0.007 0.003 0.004 0.974 0.003 0.004 0.004 
211 TMA-ZAIN-G-    (0)    1 :  0.004 0.011 0.010 0.961 0.005 0.004 0.005 
212 TMA-ZAIN-G-    (0)    1 :  0.004 0.009 0.004 0.971 0.004 0.005 0.004 
213 TMA-ZAIN-G-    (0)    1 :  0.004 0.003 0.004 0.979 0.003 0.004 0.003 
214 TMA-ZAIN-G-    (0)    1 :  0.003 0.003 0.003 0.981 0.003 0.004 0.003 
215 TMA-ZAIN-G-    (0)    1 :  0.002 0.026 0.062 0.865 0.039 0.003 0.003 
216 TMA-ZAIN-G-    (0)    1 :  0.003 0.005 0.004 0.977 0.004 0.004 0.003 
217 TMA-ZAIN-G-    (0)    1 :  0.004 0.003 0.003 0.982 0.002 0.005 0.002 
218 TMA-ZAIN-G-    (0)    1 :  0.006 0.068 0.644 0.047 0.177 0.045 0.013 
219 TMA-ZAIN-G-    (0)    1 :  0.016 0.338 0.472 0.083 0.055 0.019 0.018 
220 TMA-ZAIN-G-    (0)    1 :  0.004 0.006 0.731 0.028 0.120 0.012 0.098 
221 TMA-ZAIN-G-    (0)    1 :  0.007 0.305 0.455 0.090 0.050 0.078 0.015 
222 TMA-ZAIN-G-    (0)    1 :  0.003 0.010 0.960 0.015 0.005 0.004 0.004 
223 TMA-ZAIN-G-    (0)    1 :  0.004 0.030 0.905 0.011 0.042 0.004 0.004 
224 TMA-ZAIN-G-    (0)    1 :  0.003 0.011 0.925 0.045 0.007 0.003 0.005 
225 TMA-ZAIN-G-    (0)    1 :  0.004 0.034 0.923 0.006 0.023 0.002 0.008 
226 TMA-ZAIN-G-    (0)    1 :  0.003 0.016 0.949 0.012 0.007 0.002 0.009 
227 TMA-ZAIN-G-    (0)    1 :  0.004 0.064 0.889 0.011 0.018 0.003 0.011 
228 TMA-ZAIN-G-    (0)    1 :  0.018 0.004 0.866 0.049 0.044 0.013 0.006 
229 TMA-ZAIN-G-    (0)    1 :  0.004 0.026 0.912 0.015 0.027 0.011 0.004 
230 TMA-ZAIN-G-    (0)    1 :  0.032 0.003 0.629 0.277 0.035 0.014 0.009 
231 TMA-ZAIN-G-    (0)    1 :  0.004 0.009 0.964 0.013 0.004 0.003 0.004 
232 TMA-ZAIN-G-    (9)    1 :  0.003 0.004 0.973 0.009 0.003 0.004 0.004 
233 TMA-ZAIN-G-    (0)    1 :  0.005 0.030 0.734 0.150 0.069 0.009 0.003 
234 TMA-ZAIN-G-    (0)    1 :  0.008 0.012 0.954 0.007 0.007 0.003 0.009 
235 TMA-ZAIN-G-    (0)    1 :  0.008 0.041 0.845 0.036 0.016 0.010 0.045 
236 TMA-ZAIN-G-    (0)    1 :  0.004 0.303 0.648 0.019 0.005 0.003 0.018 
237 TMA-ZAIN-G-    (0)    1 :  0.005 0.007 0.885 0.089 0.005 0.006 0.004 
238 TMA-ZAIN-G-    (0)    1 :  0.002 0.206 0.737 0.039 0.005 0.004 0.007 
239 TMA-ZAIN-G-    (0)    1 :  0.077 0.512 0.315 0.082 0.003 0.008 0.003 
240 TMA-ZAIN-G-    (0)    1 :  0.003 0.960 0.027 0.003 0.003 0.002 0.002 
241 TMA-ZAIN-G-    (0)    1 :  0.002 0.973 0.013 0.005 0.003 0.003 0.002 
242 TMA-ZAIN-G-    (0)    1 :  0.002 0.979 0.008 0.004 0.003 0.003 0.002 
243 TMA-ZAIN-G-    (0)    1 :  0.002 0.980 0.006 0.005 0.002 0.003 0.002 
244 TMA-ZAIN-G-    (0)    1 :  0.002 0.973 0.010 0.006 0.003 0.004 0.002 
245 TMA-ZAIN-G-    (9)    1 :  0.002 0.971 0.016 0.003 0.003 0.002 0.002 
246 TMA-ZAIN-G-    (0)    1 :  0.002 0.984 0.005 0.003 0.002 0.002 0.002 
247 TMA-ZAIN-G-    (0)    1 :  0.002 0.984 0.005 0.003 0.002 0.002 0.002 
248 TMA-ZAIN-G-    (0)    1 :  0.003 0.976 0.010 0.004 0.003 0.002 0.002 
249 TMA-ZAIN-G-    (0)    1 :  0.002 0.983 0.005 0.003 0.003 0.002 0.002 
250 TMA-ZAIN-G-    (0)    1 :  0.002 0.983 0.005 0.003 0.003 0.002 0.002 
251 TMA-ZAIN-G-    (0)    1 :  0.026 0.002 0.123 0.819 0.016 0.003 0.010 
252 TMA-ZAIN-G-    (0)    1 :  0.041 0.005 0.014 0.924 0.008 0.006 0.003 
253 TMA-ZAIN-G-    (0)    1 :  0.011 0.006 0.037 0.934 0.004 0.004 0.004 
254 TMA-ZAIN-G-    (9)    1 :  0.004 0.004 0.021 0.958 0.006 0.004 0.004 
255 TMA-ZAIN-G-    (0)    1 :  0.021 0.004 0.239 0.712 0.004 0.005 0.014 
256 TMA-ZAIN-G-    (0)    1 :  0.027 0.011 0.080 0.870 0.004 0.004 0.004 
257 TMA-ZAIN-G-    (0)    1 :  0.043 0.006 0.052 0.884 0.008 0.002 0.005 
258 TMA-ZAIN-G-    (0)    1 :  0.016 0.012 0.023 0.937 0.006 0.003 0.003 
259 TMA-ZAIN-G-    (0)    1 :  0.097 0.011 0.236 0.640 0.008 0.004 0.004 
260 TMA-ZAIN-G-    (0)    1 :  0.040 0.011 0.181 0.752 0.009 0.005 0.003 
261 TMA-ZAIN-G-   (18)    1 :  0.024 0.003 0.019 0.923 0.011 0.004 0.017 
262 TMA-ZAIN-G-    (0)    1 :  0.029 0.005 0.049 0.900 0.009 0.003 0.005 
263 TMA-ZAIN-G-    (0)    1 :  0.048 0.004 0.184 0.748 0.007 0.003 0.006 
264 TMA-ZAIN-G-    (0)    1 :  0.042 0.004 0.252 0.687 0.005 0.004 0.006 
265 TMA-ZAIN-G-    (0)    1 :  0.012 0.125 0.273 0.574 0.006 0.007 0.003 
266 TMA-ZAIN-G-    (0)    1 :  0.009 0.006 0.023 0.947 0.008 0.003 0.004 
267 TMA-ZAIN-G-    (0)    1 :  0.014 0.013 0.898 0.049 0.011 0.011 0.004 
268 TMA-ZAIN-G-    (0)    1 :  0.003 0.002 0.979 0.003 0.003 0.002 0.007 
269 TMA-ZAIN-G-    (0)    1 :  0.003 0.002 0.981 0.004 0.003 0.002 0.005 
270 TMA-ZAIN-G-    (0)    1 :  0.003 0.003 0.980 0.004 0.003 0.002 0.005 
271 TMA-ZAIN-G-    (0)    1 :  0.003 0.003 0.980 0.003 0.003 0.002 0.006 
272 TMA-ZAIN-G-    (0)    1 :  0.002 0.003 0.982 0.004 0.003 0.002 0.003 
273 TMA-ZAIN-G-    (0)    1 :  0.002 0.004 0.983 0.003 0.003 0.002 0.003 
274 TMA-ZAIN-G-    (0)    1 :  0.003 0.003 0.977 0.005 0.004 0.004 0.004 
275 TMA-ZAIN-G-    (0)    1 :  0.002 0.004 0.983 0.003 0.003 0.002 0.004 
276 TMA-ZAIN-G-    (0)    1 :  0.002 0.003 0.982 0.003 0.002 0.002 0.005 
277 TMA-ZAIN-G-    (0)    1 :  0.003 0.007 0.977 0.004 0.003 0.003 0.003 
278 TMA-ZAIN-G-    (0)    1 :  0.002 0.007 0.979 0.003 0.003 0.002 0.003 
279 TMA-ZAIN-G-    (0)    1 :  0.002 0.004 0.982 0.003 0.004 0.002 0.003 
280 TMA-ZAIN-G-    (0)    1 :  0.002 0.003 0.981 0.004 0.003 0.002 0.004 
281 TMA-ZAIN-G-    (0)    1 :  0.003 0.005 0.980 0.003 0.003 0.002 0.004 
282 TMA-ZAIN-G-    (9)    1 :  0.003 0.005 0.981 0.003 0.003 0.002 0.003 
283 TMA-ZAIN-G-    (0)    1 :  0.003 0.007 0.974 0.005 0.004 0.002 0.004 
284 TMA-ZAIN-G-    (0)    1 :  0.003 0.006 0.971 0.007 0.005 0.003 0.005 
285 TMA-ZAIN-G-    (0)    1 :  0.003 0.010 0.973 0.005 0.004 0.003 0.003 
286 TMA-ZAIN-G-    (0)    1 :  0.003 0.005 0.980 0.003 0.004 0.002 0.004 
287 TMA-ZAIN-G-    (0)    1 :  0.003 0.004 0.978 0.004 0.004 0.003 0.004 
288 TMA-ZAIN-G-    (0)    1 :  0.003 0.003 0.971 0.009 0.005 0.004 0.005 
289 TMA-ZAIN-G-    (0)    1 :  0.003 0.004 0.978 0.005 0.004 0.003 0.003 
290 TMA-ZAIN-G-    (0)    1 :  0.003 0.003 0.976 0.005 0.005 0.003 0.006 
291 TMA-ZAIN-G-    (0)    1 :  0.009 0.014 0.540 0.017 0.379 0.030 0.011 
292 TMA-ZAIN-G-    (0)    1 :  0.003 0.011 0.013 0.958 0.005 0.004 0.006 
293 TMA-ZAIN-G-    (0)    1 :  0.003 0.010 0.004 0.974 0.003 0.003 0.003 
294 TMA-ZAIN-G-    (0)    1 :  0.009 0.006 0.004 0.963 0.005 0.011 0.003 
295 TMA-ZAIN-G-    (9)    1 :  0.010 0.007 0.008 0.951 0.011 0.009 0.003 
296 TMA-ZAIN-G-    (0)    1 :  0.004 0.004 0.008 0.970 0.004 0.004 0.006 
297 TMA-ZAIN-G-    (0)    1 :  0.004 0.004 0.006 0.976 0.003 0.004 0.004 
298 TMA-ZAIN-G-    (0)    1 :  0.005 0.006 0.007 0.968 0.004 0.004 0.006 
299 TMA-ZAIN-G-    (0)    1 :  0.003 0.009 0.007 0.969 0.004 0.005 0.004 
300 TMA-ZAIN-G-    (0)    1 :  0.009 0.007 0.004 0.957 0.006 0.013 0.003 
301 TMA-ZAIN-G-    (0)    1 :  0.004 0.007 0.005 0.974 0.003 0.005 0.003 
302 TMA-ZAIN-G-    (9)    1 :  0.003 0.003 0.004 0.979 0.003 0.004 0.003 
303 TMA-ZAIN-G-    (0)    1 :  0.174 0.008 0.710 0.022 0.015 0.061 0.010 
304 TMA-ZAIN-G-    (0)    2 :  0.005 0.005 0.032 0.943 0.005 0.005 0.005 
305 TMA-ZAIN-G-    (0)    2 :  0.003 0.006 0.004 0.977 0.003 0.004 0.003 
306 TMA-ZAIN-G-    (0)    2 :  0.007 0.008 0.172 0.801 0.003 0.005 0.003 
307 TMA-ZAIN-G-    (0)    2 :  0.004 0.007 0.019 0.955 0.004 0.007 0.004 
308 TMA-ZAIN-G-    (0)    2 :  0.210 0.010 0.609 0.155 0.006 0.006 0.004 
309 TMA-ZAIN-G-    (0)    2 :  0.003 0.002 0.004 0.980 0.003 0.004 0.003 
310 TMA-ZAIN-G-    (0)    2 :  0.003 0.010 0.005 0.969 0.004 0.005 0.004 
311 TMA-ZAIN-G-    (0)    2 :  0.005 0.002 0.010 0.966 0.005 0.003 0.009 
312 TMA-ZAIN-G-    (0)    2 :  0.004 0.006 0.009 0.964 0.008 0.004 0.005 
313 TMA-ZAIN-G-    (0)    2 :  0.010 0.002 0.012 0.963 0.003 0.006 0.004 
314 TMA-ZAIN-G-    (0)    2 :  0.010 0.008 0.864 0.007 0.041 0.011 0.058 
315 TMA-ZAIN-G-    (0)    2 :  0.003 0.011 0.408 0.564 0.006 0.004 0.004 
316 TMA-ZAIN-G-    (0)    2 :  0.003 0.008 0.461 0.508 0.008 0.005 0.006 
317 TMA-ZAIN-G-    (0)    2 :  0.002 0.004 0.939 0.013 0.033 0.003 0.005 
318 TMA-ZAIN-G-    (9)    2 :  0.003 0.007 0.972 0.005 0.004 0.003 0.004 
319 TMA-ZAIN-G-    (0)    3 :  0.011 0.037 0.614 0.212 0.036 0.003 0.089 
320 TMA-ZAIN-G-    (0)    3 :  0.003 0.141 0.104 0.707 0.038 0.003 0.003 
321 TMA-ZAIN-G-    (0)    4 :  0.003 0.006 0.179 0.758 0.021 0.009 0.023 
322 TMA-ZAIN-G-    (0)    4 :  0.004 0.012 0.212 0.702 0.058 0.004 0.008 
323 TMA-ZAIN-G-    (0)    5 :  0.009 0.140 0.521 0.284 0.028 0.010 0.007 
324 TMA-ZAIN-G-    (0)    5 :  0.004 0.006 0.005 0.969 0.004 0.004 0.008 
325 TMA-ZAIN-G-    (0)    5 :  0.004 0.311 0.149 0.137 0.371 0.019 0.008 
326 TMA-ZAIN-G-    (0)    5 :  0.012 0.009 0.020 0.591 0.357 0.006 0.004 
327 TMA-ZAIN-G-    (0)    5 :  0.015 0.003 0.004 0.968 0.003 0.003 0.004 
328 TMA-ZAIN-G-    (0)    5 :  0.016 0.016 0.647 0.289 0.010 0.015 0.008 
329 TMA-ZAIN-G-    (0)    5 :  0.004 0.005 0.004 0.977 0.003 0.004 0.003 
330 TMA-ZAIN-G-    (0)    6 :  0.004 0.002 0.003 0.981 0.003 0.003 0.002 
331 TMA-ZAIN-G-    (0)    6 :  0.073 0.071 0.038 0.710 0.057 0.021 0.030 
332 TMA-ZAIN-G-    (0)    6 :  0.006 0.005 0.003 0.975 0.003 0.004 0.004 
333 TMA-ZAIN-G-    (0)    6 :  0.042 0.004 0.004 0.938 0.004 0.003 0.005 
334 TMA-ZAIN-G-    (0)    6 :  0.002 0.004 0.981 0.003 0.004 0.002 0.004 
335 TMA-ZAIN-G-    (0)    6 :  0.002 0.005 0.981 0.004 0.003 0.002 0.003 
336 TMA-ZAIN-G-    (0)    6 :  0.003 0.008 0.975 0.006 0.003 0.002 0.004 
337 TMA-ZAIN-G-    (9)    6 :  0.003 0.003 0.979 0.004 0.004 0.003 0.005 
338 TMA-ZAIN-G-    (0)    6 :  0.002 0.003 0.982 0.003 0.003 0.002 0.006 
339 TMA-ZAIN-G-    (0)    6 :  0.002 0.004 0.982 0.002 0.003 0.002 0.005 
340 TMA-ZAIN-G-    (0)    6 :  0.002 0.004 0.983 0.003 0.003 0.002 0.004 
341 TMA-ZAIN-G-    (0)    6 :  0.002 0.003 0.982 0.004 0.003 0.002 0.004 
342 TMA-ZAIN-G-    (0)    6 :  0.002 0.009 0.975 0.004 0.003 0.002 0.005 
343 TMA-ZAIN-G-    (0)    7 :  0.002 0.003 0.982 0.003 0.003 0.002 0.005 
344 TMA-ZAIN-G-    (0)    7 :  0.002 0.005 0.980 0.003 0.004 0.002 0.003 
345 TMA-ZAIN-G-    (0)    7 :  0.002 0.006 0.982 0.002 0.003 0.002 0.003 
346 TMA-ZAIN-G-    (0)    7 :  0.002 0.004 0.983 0.003 0.003 0.002 0.004 
347 TMA-ZAIN-G-    (9)    7 :  0.002 0.004 0.983 0.003 0.003 0.002 0.003 
348 TMA-ZAIN-G-    (0)    7 :  0.003 0.004 0.978 0.004 0.004 0.002 0.004 
349 TMA-ZAIN-G-    (0)    7 :  0.002 0.005 0.981 0.003 0.003 0.003 0.003 
350 TMA-ZAIN-G-    (0)    7 :  0.003 0.005 0.978 0.005 0.004 0.002 0.004 
351 TMA-ZAIN-G-    (0)    7 :  0.003 0.004 0.982 0.003 0.003 0.002 0.003 
352 TMA-ZAIN-G-    (0)    7 :  0.002 0.004 0.980 0.005 0.003 0.002 0.005 
353 TMA-ZAIN-G-    (0)    7 :  0.003 0.005 0.977 0.004 0.004 0.003 0.004 
354 TMA-ZAIN-G-    (0)    7 :  0.002 0.003 0.982 0.004 0.004 0.002 0.004 
355 TMA-ZAIN-G-    (0)    7 :  0.002 0.004 0.978 0.005 0.003 0.003 0.005 
356 TMA-ZAIN-G-    (0)    8 :  0.002 0.002 0.006 0.980 0.002 0.005 0.002 
357 TMA-ZAIN-G-    (0)    8 :  0.003 0.003 0.006 0.978 0.003 0.004 0.004 
358 TMA-ZAIN-G-    (0)    8 :  0.008 0.003 0.011 0.956 0.005 0.013 0.005 
359 TMA-ZAIN-G-    (0)    8 :  0.003 0.117 0.010 0.858 0.005 0.004 0.003 
360 TMA-ZAIN-G-    (0)    8 :  0.002 0.004 0.003 0.981 0.003 0.005 0.003 
361 TMA-ZAIN-G-    (0)    8 :  0.025 0.003 0.005 0.884 0.016 0.038 0.030 
362 TMA-ZAIN-G-    (0)    8 :  0.002 0.024 0.005 0.957 0.004 0.004 0.004 
363 TMA-ZAIN-G-    (0)    9 :  0.004 0.008 0.012 0.962 0.006 0.004 0.003 
364 TMA-ZAIN-G-    (0)    9 :  0.003 0.004 0.964 0.015 0.007 0.003 0.006 
365 TMA-ZAIN-G-    (0)    9 :  0.003 0.040 0.214 0.721 0.006 0.008 0.009 
366 TMA-ZAIN-G-    (0)    9 :  0.014 0.012 0.007 0.939 0.006 0.018 0.003 
367 TMA-ZAIN-G-    (0)    9 :  0.008 0.002 0.010 0.951 0.006 0.004 0.018 
368 TMA-ZAIN-G-    (0)    9 :  0.011 0.005 0.004 0.957 0.005 0.015 0.003 
369 TMA-ZAIN-G-    (0)    9 :  0.003 0.003 0.003 0.982 0.003 0.004 0.002 
370 TMA-ZAIN-G-    (0)    9 :  0.024 0.021 0.003 0.859 0.019 0.052 0.021 
371 TMA-ZAIN-G-    (0)    9 :  0.003 0.003 0.003 0.980 0.003 0.005 0.004 
372 TMA-ZAIN-G-    (0)    9 :  0.003 0.004 0.003 0.976 0.003 0.007 0.002 
373 TMA-ZAIN-G-    (0)    9 :  0.010 0.007 0.005 0.961 0.007 0.004 0.005 
374 TMA-ZAIN-G-    (0)   10 :  0.007 0.003 0.155 0.774 0.031 0.004 0.027 
375 TMA-ZAIN-G-    (0)   10 :  0.003 0.056 0.415 0.498 0.018 0.004 0.005 
376 TMA-ZAIN-G-    (9)   10 :  0.002 0.002 0.004 0.981 0.002 0.005 0.003 
377 TMA-ZAIN-G-    (0)   10 :  0.003 0.002 0.003 0.982 0.002 0.006 0.002 
378 TMA-ZAIN-G-    (0)   10 :  0.002 0.002 0.003 0.982 0.002 0.006 0.003 
379 TMA-ZAIN-G-    (0)   10 :  0.003 0.002 0.003 0.983 0.002 0.004 0.003 
380 TMA-ZAIN-G-    (0)   10 :  0.007 0.005 0.003 0.970 0.003 0.010 0.002 
381 TMA-ZAIN-G-    (9)   10 :  0.028 0.034 0.249 0.447 0.139 0.085 0.018 
382 TMA-ZAIN-G-    (9)   10 :  0.016 0.091 0.792 0.008 0.024 0.012 0.057 
383    ZFB01    (0)   11 :  0.004 0.011 0.011 0.074 0.005 0.005 0.890 
384    ZFB02    (0)   11 :  0.004 0.011 0.007 0.009 0.005 0.003 0.960 
385    ZFB03    (0)   11 :  0.009 0.004 0.013 0.011 0.009 0.005 0.948 
386    ZFB04    (0)   11 :  0.003 0.016 0.005 0.012 0.005 0.005 0.954 
387    ZFB05    (0)   11 :  0.023 0.113 0.037 0.029 0.075 0.006 0.716 
388    ZFB06    (0)   11 :  0.014 0.086 0.024 0.029 0.070 0.006 0.771 
389    ZFB07    (9)   11 :  0.006 0.008 0.005 0.005 0.010 0.009 0.957 
390    ZFB08    (0)   11 :  0.005 0.004 0.011 0.007 0.009 0.005 0.958 
391    ZFB09    (0)   11 :  0.003 0.005 0.013 0.012 0.005 0.003 0.958 
392    ZFB10    (0)   11 :  0.005 0.014 0.009 0.043 0.005 0.015 0.909 
393    ZFB11    (0)   11 :  0.004 0.026 0.018 0.170 0.005 0.006 0.772 
394    ZFB12    (0)   11 :  0.004 0.011 0.027 0.045 0.008 0.005 0.901 
395    ZFB13    (0)   11 :  0.004 0.003 0.009 0.003 0.010 0.006 0.964 
396    ZFB14    (0)   11 :  0.005 0.003 0.011 0.008 0.005 0.005 0.963 
397    ZFB15    (0)   11 :  0.003 0.013 0.014 0.015 0.005 0.003 0.947 
398    ZFB16    (0)   11 :  0.003 0.010 0.013 0.009 0.007 0.005 0.953 
399    ZFB17    (0)   11 :  0.010 0.044 0.014 0.058 0.030 0.013 0.830 
400    ZFB18    (0)   11 :  0.004 0.004 0.013 0.019 0.005 0.004 0.951 
401    ZFB19    (0)   11 :  0.005 0.006 0.007 0.007 0.022 0.023 0.931 
402    ZFB20    (0)   11 :  0.003 0.026 0.021 0.014 0.005 0.004 0.926 
403    ZFB21    (0)   11 :  0.003 0.010 0.030 0.008 0.005 0.003 0.941 
404    ZFB22    (0)   11 :  0.005 0.058 0.017 0.120 0.010 0.010 0.780 
405    ZFB23    (0)   11 :  0.006 0.051 0.011 0.041 0.006 0.008 0.876 
406    ZFB24    (0)   11 :  0.003 0.048 0.009 0.111 0.005 0.005 0.818 
407    ZFB25    (0)   11 :  0.005 0.021 0.015 0.058 0.004 0.028 0.869 
408    ZFB26    (0)   11 :  0.007 0.170 0.008 0.038 0.007 0.013 0.757 
409    ZFB27    (0)   11 :  0.004 0.255 0.033 0.085 0.005 0.006 0.613 
410    ZFB28    (0)   11 :  0.091 0.066 0.498 0.011 0.023 0.016 0.295 
411    ZFB29    (0)   11 :  0.004 0.014 0.021 0.038 0.005 0.003 0.915 
412    ZFB30    (0)   11 :  0.006 0.410 0.011 0.027 0.053 0.007 0.487 
413    ZFB31    (0)   11 :  0.005 0.007 0.008 0.007 0.004 0.016 0.953 
414    ZFB32    (0)   11 :  0.091 0.038 0.092 0.024 0.021 0.011 0.722 
415    ZFB33    (0)   11 :  0.003 0.012 0.016 0.026 0.004 0.003 0.936 
416    ZFB34    (0)   11 :  0.005 0.003 0.005 0.007 0.005 0.004 0.972 
417    ZFB35    (0)   11 :  0.005 0.007 0.006 0.011 0.005 0.007 0.960 
418  ZFBP101    (0)   12 :  0.113 0.003 0.012 0.006 0.016 0.834 0.016 
419  ZFBP102    (0)   12 :  0.020 0.003 0.015 0.007 0.016 0.914 0.026 
420  ZFBP103    (0)   12 :  0.337 0.003 0.004 0.007 0.010 0.632 0.008 
421  ZFBP104    (0)   12 :  0.006 0.003 0.023 0.004 0.036 0.888 0.042 
422  ZFBP105    (0)   12 :  0.008 0.004 0.013 0.004 0.007 0.957 0.007 
423  ZFBP106    (0)   12 :  0.010 0.003 0.002 0.004 0.004 0.974 0.004 
424  ZFBP107    (0)   12 :  0.013 0.025 0.010 0.005 0.014 0.925 0.009 
425  ZFBP108    (0)   12 :  0.004 0.003 0.002 0.004 0.003 0.980 0.003 
426  ZFBP109    (0)   12 :  0.005 0.002 0.003 0.015 0.004 0.966 0.005 
427  ZFBP110    (0)   12 :  0.255 0.002 0.015 0.020 0.031 0.647 0.029 
428  ZFBP111    (0)   12 :  0.005 0.003 0.002 0.004 0.004 0.981 0.002 
429  ZFBP112    (0)   12 :  0.007 0.006 0.005 0.004 0.005 0.969 0.004 
430  ZFBP113    (0)   12 :  0.004 0.004 0.004 0.004 0.005 0.975 0.004 
431  ZFBP114    (0)   12 :  0.008 0.013 0.003 0.006 0.004 0.963 0.004 
432  ZFBP115    (0)   12 :  0.013 0.003 0.003 0.004 0.006 0.967 0.003 
433  ZFBP116    (0)   12 :  0.005 0.004 0.003 0.004 0.005 0.977 0.003 
434  ZFBP117    (0)   12 :  0.007 0.002 0.002 0.004 0.004 0.977 0.003 
435  ZFBP118    (0)   12 :  0.006 0.013 0.003 0.005 0.004 0.965 0.003 
436  ZFBP119    (0)   12 :  0.029 0.002 0.003 0.004 0.007 0.951 0.003 
437  ZFBP120    (0)   12 :  0.006 0.004 0.007 0.004 0.007 0.964 0.007 
438  ZFBP121    (0)   12 :  0.011 0.002 0.004 0.006 0.005 0.965 0.006 
439  ZFBP122    (9)   12 :  0.005 0.003 0.003 0.005 0.004 0.976 0.004 
440  ZFBP123    (0)   12 :  0.011 0.008 0.003 0.004 0.005 0.965 0.004 
441  ZFBP124    (0)   12 :  0.006 0.004 0.004 0.004 0.004 0.969 0.008 
442  ZFBP125    (0)   12 :  0.006 0.002 0.002 0.004 0.003 0.980 0.002 
443  ZFBP126    (0)   12 :  0.024 0.003 0.010 0.010 0.030 0.904 0.019 
444  ZFBP127    (0)   12 :  0.012 0.003 0.002 0.008 0.004 0.968 0.003 
445  ZFBP128    (0)   12 :  0.007 0.002 0.003 0.004 0.003 0.976 0.004 
446  ZFBP129    (0)   12 :  0.007 0.002 0.003 0.005 0.004 0.975 0.004 
447  ZFBP130    (0)   12 :  0.007 0.003 0.002 0.004 0.004 0.976 0.002 
448  ZFBP131    (0)   12 :  0.004 0.003 0.003 0.006 0.005 0.974 0.005 
449  ZFBP132    (0)   12 :  0.007 0.003 0.002 0.005 0.003 0.975 0.003 
450  ZFBP133    (0)   12 :  0.004 0.002 0.002 0.004 0.003 0.981 0.003 
451  ZFBP134    (0)   12 :  0.015 0.003 0.003 0.005 0.005 0.965 0.004 
452  ZFBP135    (0)   12 :  0.283 0.002 0.011 0.007 0.011 0.664 0.021 
453  ZFBP136    (0)   12 :  0.077 0.009 0.004 0.004 0.006 0.897 0.004 
454  ZFBP201    (0)   13 :  0.008 0.006 0.004 0.006 0.007 0.964 0.006 
455  ZFBP202    (0)   13 :  0.005 0.003 0.004 0.005 0.004 0.973 0.006 
456  ZFBP203    (0)   13 :  0.005 0.048 0.009 0.005 0.024 0.901 0.009 
457  ZFBP204    (0)   13 :  0.025 0.004 0.005 0.004 0.007 0.950 0.004 
458  ZFBP205    (0)   13 :  0.006 0.005 0.003 0.005 0.005 0.973 0.004 
459  ZFBP206    (0)   13 :  0.009 0.007 0.003 0.004 0.005 0.965 0.006 
460  ZFBP207    (0)   13 :  0.020 0.003 0.002 0.003 0.004 0.964 0.004 
461  ZFBP208    (0)   13 :  0.006 0.012 0.004 0.005 0.010 0.958 0.005 
462  ZFBP209    (0)   13 :  0.005 0.002 0.002 0.007 0.003 0.979 0.003 
463  ZFBP210    (0)   13 :  0.007 0.007 0.004 0.005 0.007 0.966 0.005 
464  ZFBP211    (0)   13 :  0.007 0.003 0.003 0.005 0.005 0.973 0.005 
465  ZFBP212    (0)   13 :  0.005 0.003 0.002 0.004 0.004 0.977 0.005 
466  ZFBP213    (0)   13 :  0.015 0.004 0.004 0.005 0.007 0.952 0.013 
467  ZFBP214    (0)   13 :  0.045 0.003 0.004 0.006 0.010 0.924 0.008 
468  ZFBP215    (0)   13 :  0.006 0.002 0.003 0.005 0.004 0.976 0.004 
469  ZFBP216    (0)   13 :  0.006 0.006 0.008 0.006 0.014 0.954 0.006 
470  ZFBP217    (0)   13 :  0.008 0.002 0.002 0.005 0.004 0.974 0.004 
471  ZFBP218    (0)   13 :  0.003 0.003 0.002 0.004 0.003 0.982 0.003 
472  ZFBP219    (0)   13 :  0.003 0.004 0.003 0.004 0.005 0.978 0.003 
473  ZFBP220    (0)   13 :  0.009 0.004 0.003 0.005 0.005 0.972 0.003 
474  ZFBP221    (0)   13 :  0.004 0.003 0.003 0.003 0.004 0.979 0.004 
475  ZFBP222    (0)   13 :  0.006 0.005 0.004 0.005 0.006 0.969 0.006 
476  ZFBP223    (0)   13 :  0.036 0.004 0.003 0.007 0.006 0.937 0.006 
477  ZFBP224    (0)   13 :  0.007 0.004 0.003 0.004 0.006 0.970 0.006 
478  ZFBP225    (0)   13 :  0.010 0.006 0.003 0.004 0.005 0.969 0.003 
479  ZFBP226    (0)   13 :  0.005 0.004 0.004 0.005 0.005 0.974 0.004 
