

----------------------------------------------------
STRUCTURE by Pritchard, Stephens and Donnelly (2000)
     and Falush, Stephens and Pritchard (2003)
       Code by Pritchard, Falush and Hubisz
             Version 2.3.4 (Jul 2012)
----------------------------------------------------



Command line arguments:   bin\structure -m C:\Users\eschumacher\Documents\GitHub\GCC_QUAC_ZAIN\Data_Files\Structure_Files\ZAIN\ZAIN_og_allpop_STR\50-50\mainparams -e C:\Users\eschumacher\Documents\GitHub\GCC_QUAC_ZAIN\Data_Files\Structure_Files\ZAIN\ZAIN_og_allpop_STR\50-50\extraparams 
Input File:    C:\Users\eschumacher\Documents\GitHub\GCC_QUAC_ZAIN\Data_Files\Structure_Files\ZAIN\ZAIN_og_allpop_STR\project_data

Run parameters:
   1135 individuals
   11 loci
   9 populations assumed
   50000 Burn-in period
   50000 Reps


--------------------------------------------
Proportion of membership of each pre-defined
 population in each of the 9 clusters

Given    Inferred Clusters                                                 Number of
 Pop       1      2      3      4      5      6      7      8      9      Individuals

  1:     0.008  0.007  0.007  0.071  0.011  0.011  0.297  0.010  0.577      303
  2:     0.005  0.009  0.008  0.006  0.015  0.009  0.303  0.004  0.642       15
  3:     0.004  0.004  0.042  0.089  0.009  0.038  0.370  0.002  0.443        2
  4:     0.006  0.004  0.013  0.009  0.004  0.040  0.203  0.004  0.717        2
  5:     0.008  0.010  0.006  0.060  0.008  0.101  0.228  0.013  0.567        7
  6:     0.003  0.004  0.006  0.009  0.011  0.006  0.679  0.003  0.278       13
  7:     0.002  0.002  0.004  0.004  0.002  0.003  0.976  0.002  0.004       13
  8:     0.008  0.009  0.005  0.022  0.005  0.005  0.007  0.007  0.932        7
  9:     0.010  0.007  0.006  0.009  0.008  0.006  0.112  0.010  0.831       11
 10:     0.014  0.007  0.012  0.020  0.008  0.019  0.187  0.011  0.723        9
 11:     0.011  0.006  0.857  0.044  0.006  0.011  0.028  0.004  0.033       35
 12:     0.863  0.054  0.007  0.004  0.031  0.008  0.005  0.023  0.005       36
 13:     0.900  0.032  0.005  0.005  0.009  0.010  0.004  0.030  0.005       33
 14:     0.011  0.007  0.013  0.007  0.941  0.006  0.003  0.008  0.003       40
 15:     0.006  0.966  0.003  0.003  0.008  0.004  0.003  0.005  0.003       40
 16:     0.055  0.022  0.178  0.013  0.034  0.637  0.016  0.028  0.017       40
 17:     0.011  0.014  0.085  0.041  0.047  0.745  0.027  0.019  0.011       37
 18:     0.923  0.037  0.006  0.003  0.006  0.004  0.003  0.015  0.004       40
 19:     0.006  0.012  0.923  0.003  0.038  0.006  0.006  0.003  0.003       28
 20:     0.012  0.009  0.012  0.009  0.930  0.015  0.004  0.007  0.003       14
 21:     0.018  0.048  0.028  0.822  0.018  0.052  0.004  0.008  0.003       13
 22:     0.094  0.859  0.005  0.002  0.016  0.005  0.003  0.013  0.004       14
 23:     0.889  0.028  0.005  0.011  0.010  0.007  0.005  0.040  0.004       25
 24:     0.015  0.007  0.007  0.005  0.008  0.005  0.004  0.944  0.005       40
 25:     0.028  0.043  0.014  0.008  0.855  0.019  0.009  0.007  0.017       32
 26:     0.003  0.003  0.004  0.974  0.004  0.004  0.003  0.003  0.003       21
 27:     0.017  0.009  0.654  0.005  0.019  0.169  0.100  0.006  0.021        4
 28:     0.034  0.007  0.894  0.003  0.014  0.022  0.009  0.013  0.005       23
 29:     0.006  0.006  0.950  0.003  0.008  0.016  0.003  0.004  0.003       39
 30:     0.005  0.004  0.931  0.022  0.007  0.016  0.009  0.004  0.003       38
 31:     0.131  0.773  0.005  0.005  0.009  0.009  0.004  0.060  0.005       45
 32:     0.506  0.408  0.005  0.017  0.017  0.011  0.004  0.024  0.008       28
 33:     0.006  0.007  0.893  0.009  0.006  0.051  0.010  0.005  0.013        6
 34:     0.013  0.019  0.021  0.004  0.011  0.881  0.010  0.036  0.005       40
 35:     0.012  0.018  0.028  0.046  0.017  0.850  0.010  0.011  0.009       42
--------------------------------------------

Allele-freq. divergence among pops (Net nucleotide distance),
computed using point estimates of P.

      1       2       3       4       5       6       7       8       9      
 1      -    0.1088  0.2135  0.3592  0.1669  0.1498  0.3580  0.1121  0.2763  
 2   0.1088     -    0.2176  0.3736  0.1236  0.1246  0.3386  0.1774  0.3069  
 3   0.2135  0.2176     -    0.2708  0.1449  0.0795  0.1820  0.3167  0.2555  
 4   0.3592  0.3736  0.2708     -    0.3158  0.2227  0.2325  0.4450  0.2992  
 5   0.1669  0.1236  0.1449  0.3158     -    0.1007  0.3111  0.1857  0.3061  
 6   0.1498  0.1246  0.0795  0.2227  0.1007     -    0.1727  0.2094  0.2527  
 7   0.3580  0.3386  0.1820  0.2325  0.3111  0.1727     -    0.4637  0.1667  
 8   0.1121  0.1774  0.3167  0.4450  0.1857  0.2094  0.4637     -    0.3679  
 9   0.2763  0.3069  0.2555  0.2992  0.3061  0.2527  0.1667  0.3679     -    

Average distances (expected heterozygosity) between individuals in same cluster:
cluster  1  : 0.4116 
cluster  2  : 0.3934 
cluster  3  : 0.4874 
cluster  4  : 0.3581 
cluster  5  : 0.4328 
cluster  6  : 0.5585 
cluster  7  : 0.4965 
cluster  8  : 0.3628 
cluster  9  : 0.4776 

--------------------------------------------
Estimated Ln Prob of Data   = -22651.7
Mean value of ln likelihood = -22138.2
Variance of ln likelihood   = 1027.1
Mean value of alpha         = 0.0312

Mean value of Fst_1         = 0.4356
Mean value of Fst_2         = 0.5525
Mean value of Fst_3         = 0.4047
Mean value of Fst_4         = 0.5437
Mean value of Fst_5         = 0.4854
Mean value of Fst_6         = 0.1890
Mean value of Fst_7         = 0.3329
Mean value of Fst_8         = 0.5037
Mean value of Fst_9         = 0.3418


Inferred ancestry of individuals:
        Label (%Miss) Pop:  Inferred clusters
  1 TMA-ZAIN-G-    (9)    1 :  0.004 0.003 0.060 0.004 0.005 0.012 0.852 0.003 0.058 
  2 TMA-ZAIN-G-    (0)    1 :  0.117 0.006 0.044 0.006 0.095 0.014 0.666 0.011 0.040 
  3 TMA-ZAIN-G-    (0)    1 :  0.004 0.003 0.003 0.002 0.003 0.003 0.004 0.004 0.974 
  4 TMA-ZAIN-G-    (0)    1 :  0.003 0.003 0.048 0.005 0.028 0.010 0.119 0.002 0.781 
  5 TMA-ZAIN-G-    (0)    1 :  0.006 0.003 0.013 0.002 0.004 0.008 0.956 0.003 0.005 
  6 TMA-ZAIN-G-    (0)    1 :  0.004 0.004 0.009 0.039 0.007 0.012 0.048 0.007 0.870 
  7 TMA-ZAIN-G-    (0)    1 :  0.005 0.005 0.005 0.005 0.005 0.004 0.011 0.003 0.958 
  8 TMA-ZAIN-G-    (0)    1 :  0.004 0.003 0.003 0.002 0.004 0.003 0.003 0.004 0.974 
  9 TMA-ZAIN-G-    (9)    1 :  0.036 0.018 0.018 0.013 0.011 0.017 0.005 0.021 0.861 
 10 TMA-ZAIN-G-    (0)    1 :  0.004 0.003 0.003 0.004 0.003 0.003 0.004 0.003 0.972 
 11 TMA-ZAIN-G-    (0)    1 :  0.007 0.034 0.004 0.005 0.007 0.005 0.006 0.004 0.928 
 12 TMA-ZAIN-G-    (0)    1 :  0.005 0.003 0.004 0.003 0.004 0.003 0.003 0.003 0.973 
 13 TMA-ZAIN-G-    (9)    1 :  0.007 0.009 0.010 0.010 0.003 0.005 0.051 0.003 0.902 
 14 TMA-ZAIN-G-    (9)    1 :  0.004 0.006 0.009 0.015 0.013 0.006 0.007 0.003 0.937 
 15 TMA-ZAIN-G-    (0)    1 :  0.002 0.005 0.007 0.004 0.010 0.006 0.004 0.003 0.958 
 16 TMA-ZAIN-G-    (0)    1 :  0.006 0.003 0.003 0.004 0.002 0.003 0.005 0.002 0.973 
 17 TMA-ZAIN-G-    (9)    1 :  0.002 0.003 0.004 0.003 0.003 0.004 0.010 0.002 0.968 
 18 TMA-ZAIN-G-    (0)    1 :  0.003 0.002 0.007 0.003 0.004 0.005 0.962 0.002 0.011 
 19 TMA-ZAIN-G-    (0)    1 :  0.003 0.003 0.006 0.005 0.002 0.006 0.929 0.002 0.044 
 20 TMA-ZAIN-G-    (0)    1 :  0.002 0.002 0.003 0.005 0.004 0.005 0.973 0.003 0.003 
 21 TMA-ZAIN-G-    (0)    1 :  0.004 0.003 0.003 0.883 0.003 0.003 0.095 0.002 0.004 
 22 TMA-ZAIN-G-    (0)    1 :  0.002 0.002 0.004 0.003 0.002 0.004 0.979 0.002 0.002 
 23 TMA-ZAIN-G-    (0)    1 :  0.002 0.003 0.004 0.003 0.002 0.004 0.974 0.002 0.005 
 24 TMA-ZAIN-G-    (9)    1 :  0.035 0.015 0.003 0.003 0.003 0.003 0.830 0.083 0.024 
 25 TMA-ZAIN-G-    (9)    1 :  0.013 0.002 0.017 0.009 0.002 0.042 0.870 0.009 0.036 
 26 TMA-ZAIN-G-    (9)    1 :  0.004 0.005 0.002 0.067 0.022 0.003 0.039 0.003 0.855 
 27 TMA-ZAIN-G-    (0)    1 :  0.007 0.006 0.009 0.034 0.193 0.048 0.642 0.011 0.050 
 28 TMA-ZAIN-G-    (0)    1 :  0.054 0.019 0.023 0.009 0.009 0.178 0.537 0.055 0.115 
 29 TMA-ZAIN-G-    (0)    1 :  0.003 0.003 0.002 0.032 0.003 0.061 0.172 0.325 0.400 
 30 TMA-ZAIN-G-    (0)    1 :  0.040 0.021 0.008 0.006 0.008 0.022 0.010 0.024 0.861 
 31 TMA-ZAIN-G-    (0)    1 :  0.004 0.003 0.006 0.003 0.007 0.004 0.965 0.003 0.005 
 32 TMA-ZAIN-G-    (9)    1 :  0.020 0.004 0.008 0.003 0.003 0.004 0.789 0.004 0.165 
 33 TMA-ZAIN-G-   (18)    1 :  0.004 0.003 0.003 0.002 0.003 0.003 0.003 0.004 0.974 
 34 TMA-ZAIN-G-    (0)    1 :  0.008 0.003 0.004 0.013 0.005 0.002 0.070 0.003 0.892 
 35 TMA-ZAIN-G-    (9)    1 :  0.004 0.003 0.004 0.002 0.003 0.003 0.006 0.005 0.970 
 36 TMA-ZAIN-G-    (0)    1 :  0.004 0.005 0.003 0.002 0.003 0.003 0.004 0.003 0.974 
 37 TMA-ZAIN-G-    (9)    1 :  0.005 0.003 0.004 0.008 0.006 0.004 0.008 0.004 0.958 
 38 TMA-ZAIN-G-   (18)    1 :  0.007 0.003 0.057 0.007 0.006 0.009 0.719 0.004 0.187 
 39 TMA-ZAIN-G-    (0)    1 :  0.008 0.002 0.002 0.007 0.003 0.003 0.003 0.003 0.967 
 40 TMA-ZAIN-G-    (0)    1 :  0.006 0.003 0.002 0.005 0.002 0.002 0.003 0.002 0.975 
 41 TMA-ZAIN-G-    (0)    1 :  0.005 0.004 0.003 0.004 0.003 0.003 0.003 0.003 0.973 
 42 TMA-ZAIN-G-    (9)    1 :  0.004 0.006 0.003 0.003 0.004 0.002 0.003 0.003 0.971 
 43 TMA-ZAIN-G-    (0)    1 :  0.003 0.006 0.008 0.005 0.019 0.004 0.005 0.005 0.945 
 44 TMA-ZAIN-G-    (0)    1 :  0.010 0.019 0.003 0.744 0.011 0.009 0.087 0.008 0.110 
 45 TMA-ZAIN-G-    (0)    1 :  0.007 0.003 0.005 0.011 0.006 0.005 0.006 0.002 0.954 
 46 TMA-ZAIN-G-    (0)    1 :  0.004 0.003 0.004 0.830 0.003 0.003 0.146 0.002 0.004 
 47 TMA-ZAIN-G-    (0)    1 :  0.003 0.003 0.005 0.014 0.036 0.013 0.046 0.002 0.878 
 48 TMA-ZAIN-G-    (0)    1 :  0.005 0.006 0.004 0.009 0.008 0.004 0.022 0.003 0.939 
 49 TMA-ZAIN-G-    (9)    1 :  0.005 0.004 0.008 0.013 0.005 0.140 0.704 0.046 0.076 
 50 TMA-ZAIN-G-    (0)    1 :  0.008 0.010 0.004 0.026 0.002 0.048 0.859 0.002 0.042 
 51 TMA-ZAIN-G-    (0)    1 :  0.008 0.108 0.015 0.128 0.205 0.096 0.385 0.021 0.034 
 52 TMA-ZAIN-G-    (0)    1 :  0.043 0.036 0.031 0.024 0.153 0.044 0.323 0.013 0.332 
 53 TMA-ZAIN-G-    (0)    1 :  0.004 0.060 0.004 0.004 0.081 0.011 0.807 0.003 0.026 
 54 TMA-ZAIN-G-    (0)    1 :  0.004 0.009 0.003 0.004 0.023 0.008 0.111 0.003 0.836 
 55 TMA-ZAIN-G-    (0)    1 :  0.003 0.012 0.003 0.004 0.015 0.009 0.126 0.002 0.825 
 56 TMA-ZAIN-G-    (0)    1 :  0.003 0.003 0.022 0.004 0.027 0.026 0.160 0.003 0.753 
 57 TMA-ZAIN-G-    (0)    1 :  0.004 0.004 0.005 0.003 0.012 0.006 0.257 0.003 0.706 
 58 TMA-ZAIN-G-    (0)    1 :  0.007 0.007 0.005 0.010 0.007 0.020 0.861 0.006 0.077 
 59 TMA-ZAIN-G-    (0)    1 :  0.055 0.017 0.004 0.005 0.009 0.007 0.758 0.014 0.131 
 60 TMA-ZAIN-G-    (0)    1 :  0.005 0.006 0.013 0.010 0.009 0.010 0.924 0.003 0.022 
 61 TMA-ZAIN-G-    (0)    1 :  0.005 0.003 0.005 0.003 0.004 0.004 0.968 0.003 0.006 
 62 TMA-ZAIN-G-    (9)    1 :  0.039 0.006 0.075 0.056 0.017 0.015 0.645 0.009 0.138 
 63 TMA-ZAIN-G-    (0)    1 :  0.004 0.003 0.029 0.003 0.013 0.009 0.926 0.002 0.011 
 64 TMA-ZAIN-G-    (0)    1 :  0.003 0.003 0.002 0.002 0.003 0.002 0.003 0.332 0.650 
 65 TMA-ZAIN-G-    (9)    1 :  0.004 0.003 0.002 0.002 0.003 0.002 0.003 0.010 0.970 
 66 TMA-ZAIN-G-    (0)    1 :  0.004 0.003 0.002 0.003 0.003 0.003 0.003 0.142 0.837 
 67 TMA-ZAIN-G-    (0)    1 :  0.004 0.002 0.004 0.013 0.003 0.010 0.010 0.108 0.846 
 68 TMA-ZAIN-G-    (0)    1 :  0.002 0.003 0.002 0.002 0.003 0.002 0.003 0.172 0.810 
 69 TMA-ZAIN-G-    (0)    1 :  0.005 0.003 0.007 0.016 0.005 0.009 0.031 0.191 0.733 
 70 TMA-ZAIN-G-    (0)    1 :  0.011 0.008 0.003 0.005 0.005 0.006 0.005 0.021 0.935 
 71 TMA-ZAIN-G-    (0)    1 :  0.040 0.015 0.002 0.004 0.007 0.005 0.004 0.009 0.914 
 72 TMA-ZAIN-G-    (0)    1 :  0.006 0.004 0.003 0.003 0.003 0.003 0.005 0.006 0.967 
 73 TMA-ZAIN-G-    (0)    1 :  0.013 0.005 0.002 0.014 0.017 0.005 0.052 0.006 0.886 
 74 TMA-ZAIN-G-    (0)    1 :  0.015 0.008 0.005 0.013 0.007 0.013 0.019 0.011 0.910 
 75 TMA-ZAIN-G-    (0)    1 :  0.015 0.019 0.003 0.003 0.020 0.008 0.006 0.012 0.914 
 76 TMA-ZAIN-G-    (0)    1 :  0.018 0.013 0.006 0.081 0.008 0.026 0.025 0.013 0.810 
 77 TMA-ZAIN-G-    (0)    1 :  0.005 0.004 0.002 0.009 0.003 0.003 0.006 0.004 0.964 
 78 TMA-ZAIN-G-    (0)    1 :  0.004 0.003 0.006 0.038 0.004 0.009 0.027 0.003 0.908 
 79 TMA-ZAIN-G-    (0)    1 :  0.005 0.003 0.003 0.027 0.004 0.005 0.008 0.002 0.942 
 80 TMA-ZAIN-G-    (0)    1 :  0.005 0.002 0.002 0.007 0.004 0.003 0.003 0.004 0.970 
 81 TMA-ZAIN-G-    (0)    1 :  0.008 0.007 0.003 0.010 0.006 0.006 0.006 0.003 0.951 
 82 TMA-ZAIN-G-    (0)    1 :  0.007 0.005 0.003 0.002 0.007 0.003 0.003 0.026 0.944 
 83 TMA-ZAIN-G-    (9)    1 :  0.007 0.003 0.004 0.015 0.010 0.003 0.049 0.006 0.902 
 84 TMA-ZAIN-G-    (0)    1 :  0.005 0.002 0.004 0.076 0.002 0.005 0.010 0.002 0.893 
 85 TMA-ZAIN-G-    (0)    1 :  0.002 0.002 0.005 0.003 0.003 0.003 0.964 0.002 0.015 
 86 TMA-ZAIN-G-    (0)    1 :  0.006 0.003 0.012 0.051 0.017 0.008 0.573 0.004 0.326 
 87 TMA-ZAIN-G-    (0)    1 :  0.003 0.002 0.005 0.008 0.004 0.004 0.962 0.002 0.010 
 88 TMA-ZAIN-G-    (0)    1 :  0.006 0.004 0.005 0.007 0.007 0.003 0.387 0.004 0.576 
 89 TMA-ZAIN-G-    (0)    1 :  0.004 0.006 0.008 0.009 0.015 0.005 0.344 0.004 0.604 
 90 TMA-ZAIN-G-    (0)    1 :  0.004 0.003 0.009 0.020 0.016 0.014 0.629 0.004 0.302 
 91 TMA-ZAIN-G-    (0)    1 :  0.004 0.006 0.004 0.007 0.016 0.005 0.534 0.005 0.420 
 92 TMA-ZAIN-G-    (0)    1 :  0.004 0.003 0.004 0.031 0.007 0.007 0.820 0.003 0.122 
 93 TMA-ZAIN-G-    (0)    1 :  0.005 0.010 0.003 0.007 0.031 0.006 0.727 0.011 0.201 
 94 TMA-ZAIN-G-    (0)    1 :  0.003 0.003 0.004 0.012 0.008 0.005 0.950 0.002 0.012 
 95 TMA-ZAIN-G-    (0)    1 :  0.088 0.037 0.011 0.010 0.005 0.073 0.680 0.075 0.021 
 96 TMA-ZAIN-G-    (0)    1 :  0.005 0.004 0.074 0.007 0.007 0.345 0.056 0.005 0.498 
 97 TMA-ZAIN-G-    (0)    1 :  0.010 0.005 0.021 0.004 0.005 0.005 0.942 0.003 0.005 
 98 TMA-ZAIN-G-    (0)    1 :  0.066 0.008 0.022 0.002 0.006 0.003 0.883 0.004 0.006 
 99 TMA-ZAIN-G-    (0)    1 :  0.150 0.015 0.009 0.009 0.003 0.005 0.565 0.008 0.236 
100 TMA-ZAIN-G-    (0)    1 :  0.003 0.003 0.008 0.010 0.025 0.005 0.938 0.003 0.004 
101 TMA-ZAIN-G-    (0)    1 :  0.028 0.004 0.009 0.004 0.005 0.006 0.892 0.004 0.048 
102 TMA-ZAIN-G-    (0)    1 :  0.006 0.007 0.005 0.003 0.002 0.004 0.955 0.003 0.014 
103 TMA-ZAIN-G-    (0)    1 :  0.004 0.003 0.012 0.003 0.002 0.004 0.959 0.002 0.012 
104 TMA-ZAIN-G-    (0)    1 :  0.011 0.004 0.085 0.002 0.004 0.004 0.883 0.002 0.006 
105 TMA-ZAIN-G-    (0)    1 :  0.004 0.003 0.014 0.002 0.003 0.004 0.950 0.002 0.017 
106 TMA-ZAIN-G-    (0)    1 :  0.005 0.005 0.003 0.003 0.002 0.002 0.003 0.005 0.972 
107 TMA-ZAIN-G-    (0)    1 :  0.017 0.004 0.003 0.003 0.003 0.003 0.004 0.004 0.960 
108 TMA-ZAIN-G-    (9)    1 :  0.010 0.004 0.019 0.016 0.021 0.006 0.418 0.004 0.502 
109 TMA-ZAIN-G-    (0)    1 :  0.004 0.004 0.036 0.003 0.004 0.027 0.173 0.004 0.746 
110 TMA-ZAIN-G-    (0)    1 :  0.006 0.004 0.007 0.055 0.003 0.013 0.147 0.003 0.762 
111 TMA-ZAIN-G-    (9)    1 :  0.035 0.005 0.013 0.012 0.007 0.005 0.737 0.007 0.179 
112 TMA-ZAIN-G-    (0)    1 :  0.005 0.006 0.005 0.004 0.003 0.006 0.380 0.003 0.587 
113 TMA-ZAIN-G-    (0)    1 :  0.050 0.004 0.010 0.002 0.005 0.004 0.870 0.011 0.043 
114 TMA-ZAIN-G-    (0)    1 :  0.007 0.003 0.009 0.003 0.003 0.006 0.962 0.003 0.005 
115 TMA-ZAIN-G-    (0)    1 :  0.009 0.003 0.066 0.003 0.007 0.012 0.884 0.004 0.012 
116 TMA-ZAIN-G-    (0)    1 :  0.006 0.003 0.004 0.002 0.003 0.002 0.003 0.004 0.972 
117 TMA-ZAIN-G-    (0)    1 :  0.004 0.004 0.003 0.002 0.004 0.003 0.004 0.004 0.972 
118 TMA-ZAIN-G-    (0)    1 :  0.004 0.003 0.004 0.002 0.003 0.003 0.004 0.004 0.975 
119 TMA-ZAIN-G-    (0)    1 :  0.006 0.002 0.007 0.007 0.003 0.004 0.009 0.005 0.955 
120 TMA-ZAIN-G-    (0)    1 :  0.004 0.003 0.004 0.002 0.004 0.003 0.005 0.003 0.972 
121 TMA-ZAIN-G-    (0)    1 :  0.004 0.003 0.003 0.002 0.003 0.003 0.004 0.006 0.971 
122 TMA-ZAIN-G-    (0)    1 :  0.005 0.003 0.004 0.009 0.005 0.004 0.006 0.004 0.958 
123 TMA-ZAIN-G-    (0)    1 :  0.003 0.003 0.067 0.005 0.005 0.008 0.897 0.003 0.009 
124 TMA-ZAIN-G-    (0)    1 :  0.004 0.006 0.004 0.002 0.002 0.004 0.005 0.002 0.971 
125 TMA-ZAIN-G-    (0)    1 :  0.003 0.005 0.002 0.002 0.005 0.003 0.003 0.004 0.974 
126 TMA-ZAIN-G-    (0)    1 :  0.003 0.007 0.003 0.002 0.003 0.003 0.004 0.002 0.974 
127 TMA-ZAIN-G-    (0)    1 :  0.003 0.005 0.003 0.003 0.002 0.002 0.003 0.003 0.976 
128 TMA-ZAIN-G-    (0)    1 :  0.003 0.004 0.003 0.002 0.003 0.003 0.003 0.004 0.974 
129 TMA-ZAIN-G-    (0)    1 :  0.004 0.008 0.003 0.002 0.003 0.003 0.004 0.003 0.969 
130 TMA-ZAIN-G-    (0)    1 :  0.002 0.006 0.004 0.002 0.004 0.003 0.004 0.002 0.972 
131 TMA-ZAIN-G-    (0)    1 :  0.003 0.006 0.003 0.002 0.002 0.003 0.005 0.002 0.973 
132 TMA-ZAIN-G-    (0)    1 :  0.003 0.004 0.003 0.002 0.004 0.003 0.003 0.004 0.974 
133 TMA-ZAIN-G-    (0)    1 :  0.003 0.004 0.002 0.009 0.004 0.004 0.004 0.003 0.967 
134 TMA-ZAIN-G-    (0)    1 :  0.003 0.005 0.003 0.005 0.004 0.002 0.003 0.003 0.971 
135 TMA-ZAIN-G-    (0)    1 :  0.006 0.004 0.003 0.005 0.002 0.003 0.003 0.004 0.971 
136 TMA-ZAIN-G-    (0)    1 :  0.006 0.003 0.003 0.005 0.005 0.003 0.004 0.015 0.957 
137 TMA-ZAIN-G-    (0)    1 :  0.005 0.003 0.003 0.005 0.002 0.003 0.004 0.003 0.973 
138 TMA-ZAIN-G-    (0)    1 :  0.006 0.005 0.002 0.002 0.003 0.002 0.003 0.003 0.973 
139 TMA-ZAIN-G-    (0)    1 :  0.006 0.004 0.003 0.004 0.004 0.002 0.002 0.003 0.972 
140 TMA-ZAIN-G-    (0)    1 :  0.005 0.003 0.003 0.004 0.002 0.003 0.004 0.003 0.973 
141 TMA-ZAIN-G-    (0)    1 :  0.005 0.004 0.004 0.003 0.003 0.003 0.004 0.003 0.973 
142 TMA-ZAIN-G-    (9)    1 :  0.006 0.003 0.003 0.004 0.002 0.003 0.003 0.003 0.973 
143 TMA-ZAIN-G-    (0)    1 :  0.005 0.004 0.003 0.003 0.002 0.003 0.003 0.003 0.974 
144 TMA-ZAIN-G-    (0)    1 :  0.004 0.004 0.003 0.005 0.005 0.005 0.004 0.003 0.968 
145 TMA-ZAIN-G-    (0)    1 :  0.006 0.002 0.002 0.002 0.003 0.002 0.002 0.006 0.973 
146 TMA-ZAIN-G-    (0)    1 :  0.010 0.008 0.002 0.003 0.005 0.004 0.003 0.005 0.961 
147 TMA-ZAIN-G-    (9)    1 :  0.006 0.004 0.002 0.004 0.003 0.002 0.003 0.004 0.972 
148 TMA-ZAIN-G-    (0)    1 :  0.006 0.015 0.002 0.003 0.008 0.003 0.003 0.004 0.955 
149 TMA-ZAIN-G-    (0)    1 :  0.006 0.006 0.004 0.003 0.003 0.003 0.009 0.002 0.964 
150 TMA-ZAIN-G-    (0)    1 :  0.009 0.010 0.004 0.002 0.006 0.003 0.007 0.011 0.947 
151 TMA-ZAIN-G-    (0)    1 :  0.005 0.002 0.004 0.003 0.003 0.002 0.002 0.003 0.976 
152 TMA-ZAIN-G-    (0)    1 :  0.006 0.002 0.005 0.003 0.004 0.003 0.003 0.003 0.972 
153 TMA-ZAIN-G-    (0)    1 :  0.005 0.004 0.003 0.002 0.003 0.002 0.003 0.003 0.975 
154 TMA-ZAIN-G-    (0)    1 :  0.005 0.002 0.003 0.002 0.003 0.002 0.003 0.002 0.977 
155 TMA-ZAIN-G-    (0)    1 :  0.006 0.003 0.003 0.002 0.002 0.002 0.003 0.004 0.974 
156 TMA-ZAIN-G-    (9)    1 :  0.005 0.004 0.007 0.004 0.006 0.003 0.003 0.002 0.965 
157 TMA-ZAIN-G-    (0)    1 :  0.005 0.004 0.005 0.004 0.003 0.003 0.003 0.003 0.970 
158 TMA-ZAIN-G-    (0)    1 :  0.009 0.005 0.003 0.003 0.004 0.004 0.003 0.004 0.965 
159 TMA-ZAIN-G-    (0)    1 :  0.011 0.005 0.003 0.002 0.005 0.003 0.003 0.007 0.961 
160 TMA-ZAIN-G-    (0)    1 :  0.009 0.002 0.003 0.002 0.003 0.002 0.003 0.006 0.969 
161 TMA-ZAIN-G-    (0)    1 :  0.004 0.004 0.002 0.002 0.004 0.003 0.003 0.003 0.976 
162 TMA-ZAIN-G-    (0)    1 :  0.011 0.004 0.004 0.002 0.003 0.002 0.005 0.003 0.967 
163 TMA-ZAIN-G-    (0)    1 :  0.006 0.002 0.003 0.002 0.002 0.002 0.003 0.003 0.976 
164 TMA-ZAIN-G-    (0)    1 :  0.007 0.002 0.004 0.004 0.004 0.003 0.004 0.003 0.970 
165 TMA-ZAIN-G-    (0)    1 :  0.008 0.003 0.003 0.002 0.002 0.002 0.003 0.003 0.973 
166 TMA-ZAIN-G-    (0)    1 :  0.007 0.003 0.002 0.002 0.003 0.002 0.003 0.003 0.975 
167 TMA-ZAIN-G-    (0)    1 :  0.008 0.004 0.003 0.004 0.003 0.003 0.006 0.003 0.966 
168 TMA-ZAIN-G-    (0)    1 :  0.005 0.003 0.005 0.003 0.005 0.003 0.004 0.009 0.961 
169 TMA-ZAIN-G-    (0)    1 :  0.005 0.003 0.003 0.003 0.003 0.002 0.003 0.025 0.954 
170 TMA-ZAIN-G-    (0)    1 :  0.004 0.003 0.010 0.015 0.003 0.007 0.011 0.005 0.942 
171 TMA-ZAIN-G-    (0)    1 :  0.007 0.003 0.003 0.003 0.003 0.002 0.003 0.008 0.969 
172 TMA-ZAIN-G-    (0)    1 :  0.005 0.004 0.004 0.006 0.004 0.004 0.005 0.002 0.966 
173 TMA-ZAIN-G-    (0)    1 :  0.004 0.004 0.004 0.006 0.004 0.005 0.004 0.003 0.966 
174 TMA-ZAIN-G-    (0)    1 :  0.006 0.003 0.002 0.003 0.003 0.002 0.003 0.004 0.974 
175 TMA-ZAIN-G-    (0)    1 :  0.013 0.008 0.003 0.003 0.006 0.004 0.004 0.007 0.953 
176 TMA-ZAIN-G-    (0)    1 :  0.011 0.008 0.003 0.003 0.005 0.004 0.003 0.006 0.958 
177 TMA-ZAIN-G-    (0)    1 :  0.020 0.027 0.004 0.005 0.021 0.007 0.003 0.008 0.905 
178 TMA-ZAIN-G-    (0)    1 :  0.007 0.003 0.007 0.011 0.007 0.006 0.005 0.003 0.951 
179 TMA-ZAIN-G-    (0)    1 :  0.009 0.008 0.003 0.004 0.009 0.005 0.003 0.005 0.954 
180 TMA-ZAIN-G-    (0)    1 :  0.003 0.004 0.003 0.005 0.003 0.003 0.004 0.004 0.970 
181 TMA-ZAIN-G-    (0)    1 :  0.004 0.009 0.003 0.004 0.004 0.003 0.003 0.003 0.966 
182 TMA-ZAIN-G-    (0)    1 :  0.004 0.010 0.006 0.003 0.005 0.004 0.004 0.002 0.962 
183 TMA-ZAIN-G-    (0)    1 :  0.003 0.007 0.004 0.004 0.003 0.003 0.003 0.003 0.969 
184 TMA-ZAIN-G-    (0)    1 :  0.007 0.010 0.003 0.003 0.003 0.003 0.009 0.003 0.959 
185 TMA-ZAIN-G-    (0)    1 :  0.007 0.007 0.003 0.004 0.003 0.004 0.013 0.003 0.955 
186 TMA-ZAIN-G-    (9)    1 :  0.004 0.006 0.003 0.005 0.003 0.006 0.007 0.003 0.964 
187 TMA-ZAIN-G-    (0)    1 :  0.006 0.005 0.004 0.004 0.003 0.004 0.005 0.003 0.966 
188 TMA-ZAIN-G-    (0)    1 :  0.006 0.006 0.002 0.002 0.002 0.002 0.004 0.003 0.973 
189 TMA-ZAIN-G-    (0)    1 :  0.004 0.007 0.002 0.003 0.002 0.002 0.003 0.006 0.971 
190 TMA-ZAIN-G-    (0)    1 :  0.006 0.010 0.005 0.007 0.017 0.008 0.004 0.009 0.935 
191 TMA-ZAIN-G-    (0)    1 :  0.007 0.026 0.002 0.004 0.002 0.002 0.008 0.003 0.946 
192 TMA-ZAIN-G-    (0)    1 :  0.004 0.006 0.004 0.012 0.003 0.003 0.003 0.003 0.961 
193 TMA-ZAIN-G-    (0)    1 :  0.003 0.015 0.007 0.005 0.026 0.004 0.004 0.003 0.931 
194 TMA-ZAIN-G-    (0)    1 :  0.003 0.008 0.006 0.008 0.031 0.006 0.005 0.003 0.931 
195 TMA-ZAIN-G-    (0)    1 :  0.004 0.041 0.007 0.005 0.047 0.007 0.004 0.007 0.877 
196 TMA-ZAIN-G-    (0)    1 :  0.003 0.009 0.008 0.005 0.010 0.005 0.004 0.004 0.951 
197 TMA-ZAIN-G-    (0)    1 :  0.003 0.008 0.004 0.004 0.010 0.003 0.004 0.003 0.960 
198 TMA-ZAIN-G-    (0)    1 :  0.003 0.008 0.006 0.007 0.010 0.004 0.004 0.004 0.954 
199 TMA-ZAIN-G-    (0)    1 :  0.004 0.005 0.002 0.004 0.003 0.004 0.005 0.003 0.969 
200 TMA-ZAIN-G-    (0)    1 :  0.004 0.004 0.015 0.580 0.008 0.005 0.376 0.003 0.006 
201 TMA-ZAIN-G-    (0)    1 :  0.003 0.003 0.003 0.611 0.003 0.004 0.340 0.003 0.031 
202 TMA-ZAIN-G-    (0)    1 :  0.003 0.003 0.004 0.971 0.002 0.003 0.007 0.002 0.005 
203 TMA-ZAIN-G-    (0)    1 :  0.004 0.008 0.017 0.005 0.013 0.005 0.005 0.003 0.940 
204 TMA-ZAIN-G-    (9)    1 :  0.004 0.008 0.009 0.772 0.016 0.011 0.173 0.003 0.005 
205 TMA-ZAIN-G-    (0)    1 :  0.003 0.004 0.003 0.834 0.003 0.004 0.024 0.002 0.123 
206 TMA-ZAIN-G-    (9)    1 :  0.009 0.006 0.016 0.564 0.009 0.008 0.360 0.004 0.024 
207 TMA-ZAIN-G-    (9)    1 :  0.003 0.003 0.005 0.004 0.012 0.007 0.009 0.006 0.952 
208 TMA-ZAIN-G-    (0)    1 :  0.005 0.002 0.002 0.003 0.002 0.003 0.003 0.005 0.975 
209 TMA-ZAIN-G-    (0)    1 :  0.004 0.006 0.002 0.002 0.006 0.002 0.003 0.003 0.972 
210 TMA-ZAIN-G-    (0)    1 :  0.004 0.004 0.004 0.004 0.007 0.003 0.004 0.004 0.965 
211 TMA-ZAIN-G-    (0)    1 :  0.003 0.005 0.005 0.011 0.003 0.005 0.009 0.003 0.956 
212 TMA-ZAIN-G-    (0)    1 :  0.005 0.003 0.004 0.009 0.005 0.004 0.004 0.003 0.964 
213 TMA-ZAIN-G-    (0)    1 :  0.004 0.006 0.003 0.003 0.003 0.003 0.004 0.002 0.972 
214 TMA-ZAIN-G-    (0)    1 :  0.005 0.004 0.003 0.003 0.003 0.003 0.003 0.003 0.973 
215 TMA-ZAIN-G-    (0)    1 :  0.004 0.003 0.003 0.028 0.002 0.040 0.057 0.002 0.862 
216 TMA-ZAIN-G-    (0)    1 :  0.004 0.005 0.003 0.005 0.003 0.004 0.005 0.002 0.971 
217 TMA-ZAIN-G-    (0)    1 :  0.004 0.004 0.002 0.002 0.003 0.002 0.003 0.005 0.975 
218 TMA-ZAIN-G-    (0)    1 :  0.012 0.010 0.008 0.046 0.006 0.103 0.706 0.062 0.047 
219 TMA-ZAIN-G-    (0)    1 :  0.014 0.013 0.014 0.264 0.018 0.037 0.573 0.014 0.054 
220 TMA-ZAIN-G-    (0)    1 :  0.009 0.004 0.080 0.005 0.005 0.109 0.742 0.021 0.025 
221 TMA-ZAIN-G-    (0)    1 :  0.056 0.027 0.008 0.203 0.006 0.034 0.569 0.037 0.060 
222 TMA-ZAIN-G-    (0)    1 :  0.003 0.004 0.004 0.009 0.003 0.004 0.952 0.003 0.017 
223 TMA-ZAIN-G-    (0)    1 :  0.003 0.003 0.004 0.032 0.005 0.046 0.892 0.005 0.010 
224 TMA-ZAIN-G-    (0)    1 :  0.003 0.004 0.005 0.011 0.003 0.009 0.919 0.002 0.044 
225 TMA-ZAIN-G-    (0)    1 :  0.002 0.003 0.010 0.032 0.004 0.028 0.915 0.002 0.005 
226 TMA-ZAIN-G-    (0)    1 :  0.003 0.002 0.009 0.018 0.004 0.007 0.943 0.002 0.013 
227 TMA-ZAIN-G-    (0)    1 :  0.004 0.003 0.010 0.064 0.004 0.021 0.880 0.002 0.011 
228 TMA-ZAIN-G-    (0)    1 :  0.009 0.016 0.006 0.004 0.011 0.036 0.868 0.010 0.039 
229 TMA-ZAIN-G-    (0)    1 :  0.003 0.003 0.004 0.021 0.004 0.016 0.896 0.040 0.012 
230 TMA-ZAIN-G-    (0)    1 :  0.008 0.032 0.007 0.003 0.021 0.029 0.657 0.010 0.232 
231 TMA-ZAIN-G-    (0)    1 :  0.004 0.003 0.004 0.008 0.003 0.004 0.959 0.002 0.013 
232 TMA-ZAIN-G-    (9)    1 :  0.003 0.004 0.004 0.004 0.003 0.003 0.967 0.004 0.008 
233 TMA-ZAIN-G-    (0)    1 :  0.003 0.003 0.003 0.025 0.005 0.060 0.802 0.029 0.071 
234 TMA-ZAIN-G-    (0)    1 :  0.004 0.003 0.009 0.013 0.012 0.006 0.944 0.003 0.006 
235 TMA-ZAIN-G-    (0)    1 :  0.011 0.005 0.045 0.043 0.019 0.012 0.824 0.003 0.038 
236 TMA-ZAIN-G-    (0)    1 :  0.003 0.003 0.019 0.289 0.005 0.007 0.650 0.002 0.022 
237 TMA-ZAIN-G-    (0)    1 :  0.008 0.004 0.005 0.008 0.004 0.004 0.867 0.004 0.095 
238 TMA-ZAIN-G-    (0)    1 :  0.006 0.003 0.004 0.146 0.002 0.004 0.806 0.003 0.026 
239 TMA-ZAIN-G-    (0)    1 :  0.003 0.028 0.003 0.511 0.045 0.003 0.322 0.021 0.063 
240 TMA-ZAIN-G-    (0)    1 :  0.002 0.002 0.002 0.959 0.003 0.003 0.023 0.002 0.003 
241 TMA-ZAIN-G-    (0)    1 :  0.003 0.002 0.002 0.969 0.002 0.003 0.013 0.002 0.004 
242 TMA-ZAIN-G-    (0)    1 :  0.003 0.002 0.002 0.973 0.002 0.002 0.009 0.002 0.004 
243 TMA-ZAIN-G-    (0)    1 :  0.003 0.002 0.002 0.976 0.002 0.002 0.006 0.003 0.004 
244 TMA-ZAIN-G-    (0)    1 :  0.004 0.002 0.002 0.969 0.002 0.003 0.010 0.003 0.005 
245 TMA-ZAIN-G-    (9)    1 :  0.002 0.002 0.002 0.968 0.002 0.003 0.017 0.002 0.003 
246 TMA-ZAIN-G-    (0)    1 :  0.002 0.002 0.002 0.979 0.002 0.002 0.005 0.002 0.003 
247 TMA-ZAIN-G-    (0)    1 :  0.002 0.002 0.002 0.981 0.002 0.002 0.004 0.002 0.003 
248 TMA-ZAIN-G-    (0)    1 :  0.003 0.002 0.002 0.972 0.002 0.003 0.009 0.002 0.004 
249 TMA-ZAIN-G-    (0)    1 :  0.002 0.002 0.002 0.978 0.002 0.003 0.005 0.002 0.003 
250 TMA-ZAIN-G-    (0)    1 :  0.002 0.002 0.002 0.979 0.002 0.003 0.005 0.002 0.003 
251 TMA-ZAIN-G-    (0)    1 :  0.003 0.005 0.009 0.002 0.050 0.015 0.143 0.003 0.769 
252 TMA-ZAIN-G-    (0)    1 :  0.005 0.009 0.003 0.005 0.059 0.009 0.018 0.012 0.881 
253 TMA-ZAIN-G-    (0)    1 :  0.004 0.005 0.004 0.006 0.021 0.004 0.046 0.003 0.906 
254 TMA-ZAIN-G-    (9)    1 :  0.004 0.003 0.004 0.003 0.005 0.007 0.024 0.004 0.948 
255 TMA-ZAIN-G-    (0)    1 :  0.004 0.005 0.014 0.004 0.055 0.004 0.249 0.008 0.657 
256 TMA-ZAIN-G-    (0)    1 :  0.004 0.014 0.004 0.011 0.024 0.004 0.103 0.003 0.834 
257 TMA-ZAIN-G-    (0)    1 :  0.002 0.006 0.004 0.006 0.045 0.008 0.059 0.002 0.866 
258 TMA-ZAIN-G-    (0)    1 :  0.002 0.004 0.003 0.013 0.029 0.007 0.025 0.004 0.915 
259 TMA-ZAIN-G-    (0)    1 :  0.003 0.006 0.004 0.011 0.190 0.008 0.285 0.006 0.488 
260 TMA-ZAIN-G-    (0)    1 :  0.004 0.005 0.003 0.010 0.126 0.007 0.260 0.027 0.558 
261 TMA-ZAIN-G-   (18)    1 :  0.004 0.004 0.015 0.003 0.053 0.010 0.020 0.005 0.887 
262 TMA-ZAIN-G-    (0)    1 :  0.003 0.005 0.005 0.005 0.047 0.009 0.060 0.002 0.865 
263 TMA-ZAIN-G-    (0)    1 :  0.003 0.006 0.005 0.005 0.119 0.007 0.239 0.003 0.612 
264 TMA-ZAIN-G-    (0)    1 :  0.004 0.006 0.005 0.004 0.066 0.005 0.286 0.004 0.618 
265 TMA-ZAIN-G-    (0)    1 :  0.007 0.009 0.003 0.105 0.018 0.006 0.340 0.006 0.507 
266 TMA-ZAIN-G-    (0)    1 :  0.003 0.005 0.004 0.007 0.009 0.008 0.026 0.003 0.935 
267 TMA-ZAIN-G-    (0)    1 :  0.009 0.006 0.004 0.012 0.023 0.010 0.881 0.014 0.041 
268 TMA-ZAIN-G-    (0)    1 :  0.002 0.002 0.008 0.002 0.002 0.003 0.975 0.002 0.003 
269 TMA-ZAIN-G-    (0)    1 :  0.002 0.002 0.005 0.002 0.003 0.003 0.977 0.002 0.004 
270 TMA-ZAIN-G-    (0)    1 :  0.002 0.002 0.005 0.003 0.003 0.003 0.977 0.002 0.004 
271 TMA-ZAIN-G-    (0)    1 :  0.002 0.002 0.006 0.003 0.003 0.003 0.977 0.002 0.003 
272 TMA-ZAIN-G-    (0)    1 :  0.002 0.002 0.003 0.003 0.002 0.003 0.979 0.002 0.003 
273 TMA-ZAIN-G-    (0)    1 :  0.002 0.002 0.003 0.004 0.002 0.003 0.980 0.002 0.003 
274 TMA-ZAIN-G-    (0)    1 :  0.004 0.006 0.003 0.004 0.002 0.004 0.969 0.004 0.005 
275 TMA-ZAIN-G-    (0)    1 :  0.002 0.002 0.004 0.004 0.002 0.003 0.979 0.001 0.003 
276 TMA-ZAIN-G-    (0)    1 :  0.002 0.002 0.004 0.003 0.002 0.002 0.979 0.002 0.003 
277 TMA-ZAIN-G-    (0)    1 :  0.003 0.003 0.003 0.006 0.002 0.003 0.972 0.003 0.004 
278 TMA-ZAIN-G-    (0)    1 :  0.002 0.002 0.003 0.006 0.002 0.003 0.977 0.002 0.003 
279 TMA-ZAIN-G-    (0)    1 :  0.002 0.003 0.003 0.004 0.002 0.004 0.977 0.002 0.003 
280 TMA-ZAIN-G-    (0)    1 :  0.002 0.003 0.004 0.003 0.002 0.004 0.976 0.002 0.004 
281 TMA-ZAIN-G-    (0)    1 :  0.002 0.002 0.004 0.004 0.002 0.003 0.977 0.002 0.003 
282 TMA-ZAIN-G-    (9)    1 :  0.002 0.002 0.003 0.004 0.002 0.003 0.978 0.002 0.003 
283 TMA-ZAIN-G-    (0)    1 :  0.003 0.002 0.004 0.008 0.004 0.004 0.969 0.002 0.005 
284 TMA-ZAIN-G-    (0)    1 :  0.003 0.002 0.005 0.006 0.004 0.006 0.966 0.002 0.006 
285 TMA-ZAIN-G-    (0)    1 :  0.003 0.003 0.003 0.010 0.003 0.003 0.968 0.003 0.005 
286 TMA-ZAIN-G-    (0)    1 :  0.002 0.002 0.003 0.004 0.003 0.003 0.977 0.002 0.003 
287 TMA-ZAIN-G-    (0)    1 :  0.003 0.004 0.003 0.004 0.003 0.003 0.973 0.003 0.003 
288 TMA-ZAIN-G-    (0)    1 :  0.004 0.006 0.005 0.003 0.002 0.005 0.964 0.003 0.008 
289 TMA-ZAIN-G-    (0)    1 :  0.003 0.004 0.003 0.004 0.002 0.004 0.971 0.004 0.005 
290 TMA-ZAIN-G-    (0)    1 :  0.003 0.004 0.006 0.002 0.002 0.005 0.971 0.002 0.005 
291 TMA-ZAIN-G-    (0)    1 :  0.018 0.020 0.010 0.015 0.006 0.293 0.595 0.030 0.013 
292 TMA-ZAIN-G-    (0)    1 :  0.005 0.004 0.006 0.012 0.002 0.006 0.012 0.002 0.951 
293 TMA-ZAIN-G-    (0)    1 :  0.003 0.003 0.003 0.011 0.003 0.003 0.004 0.003 0.967 
294 TMA-ZAIN-G-    (0)    1 :  0.013 0.007 0.003 0.006 0.008 0.005 0.004 0.008 0.946 
295 TMA-ZAIN-G-    (9)    1 :  0.009 0.008 0.004 0.007 0.010 0.009 0.007 0.008 0.937 
296 TMA-ZAIN-G-    (0)    1 :  0.004 0.004 0.006 0.004 0.003 0.004 0.008 0.002 0.965 
297 TMA-ZAIN-G-    (0)    1 :  0.004 0.004 0.004 0.004 0.003 0.003 0.006 0.003 0.970 
298 TMA-ZAIN-G-    (0)    1 :  0.005 0.003 0.005 0.006 0.006 0.004 0.006 0.003 0.961 
299 TMA-ZAIN-G-    (0)    1 :  0.007 0.003 0.004 0.009 0.002 0.004 0.007 0.004 0.960 
300 TMA-ZAIN-G-    (0)    1 :  0.010 0.012 0.002 0.008 0.007 0.006 0.005 0.019 0.931 
301 TMA-ZAIN-G-    (0)    1 :  0.005 0.004 0.003 0.007 0.003 0.003 0.004 0.004 0.966 
302 TMA-ZAIN-G-    (9)    1 :  0.005 0.004 0.003 0.003 0.003 0.003 0.004 0.003 0.973 
303 TMA-ZAIN-G-    (0)    1 :  0.011 0.189 0.008 0.007 0.054 0.011 0.702 0.005 0.014 
304 TMA-ZAIN-G-    (0)    2 :  0.005 0.005 0.005 0.005 0.006 0.004 0.033 0.006 0.931 
305 TMA-ZAIN-G-    (0)    2 :  0.004 0.003 0.003 0.006 0.003 0.003 0.004 0.003 0.971 
306 TMA-ZAIN-G-    (0)    2 :  0.005 0.004 0.004 0.007 0.007 0.003 0.181 0.003 0.785 
307 TMA-ZAIN-G-    (0)    2 :  0.006 0.005 0.004 0.007 0.004 0.004 0.021 0.008 0.940 
308 TMA-ZAIN-G-    (0)    2 :  0.003 0.068 0.004 0.009 0.162 0.006 0.623 0.004 0.120 
309 TMA-ZAIN-G-    (0)    2 :  0.004 0.008 0.003 0.002 0.002 0.003 0.004 0.003 0.970 
310 TMA-ZAIN-G-    (0)    2 :  0.006 0.002 0.003 0.010 0.003 0.005 0.005 0.003 0.961 
311 TMA-ZAIN-G-    (0)    2 :  0.004 0.004 0.009 0.002 0.005 0.005 0.010 0.002 0.959 
312 TMA-ZAIN-G-    (0)    2 :  0.004 0.004 0.005 0.006 0.005 0.009 0.008 0.003 0.957 
313 TMA-ZAIN-G-    (0)    2 :  0.006 0.007 0.004 0.002 0.010 0.003 0.011 0.004 0.952 
314 TMA-ZAIN-G-    (0)    2 :  0.009 0.010 0.055 0.007 0.007 0.031 0.867 0.007 0.007 
315 TMA-ZAIN-G-    (0)    2 :  0.006 0.003 0.004 0.010 0.003 0.005 0.414 0.003 0.553 
316 TMA-ZAIN-G-    (0)    2 :  0.007 0.003 0.005 0.008 0.003 0.008 0.468 0.003 0.495 
317 TMA-ZAIN-G-    (0)    2 :  0.005 0.003 0.005 0.004 0.002 0.037 0.925 0.002 0.017 
318 TMA-ZAIN-G-    (9)    2 :  0.003 0.003 0.004 0.008 0.003 0.004 0.966 0.003 0.005 
319 TMA-ZAIN-G-    (0)    3 :  0.003 0.004 0.081 0.036 0.015 0.043 0.626 0.002 0.190 
320 TMA-ZAIN-G-    (0)    3 :  0.004 0.004 0.003 0.141 0.003 0.033 0.113 0.003 0.696 
321 TMA-ZAIN-G-    (0)    4 :  0.008 0.005 0.019 0.006 0.003 0.019 0.192 0.005 0.742 
322 TMA-ZAIN-G-    (0)    4 :  0.005 0.003 0.007 0.011 0.004 0.061 0.214 0.003 0.692 
323 TMA-ZAIN-G-    (0)    5 :  0.003 0.020 0.006 0.107 0.009 0.025 0.644 0.023 0.163 
324 TMA-ZAIN-G-    (0)    5 :  0.004 0.003 0.007 0.005 0.007 0.004 0.005 0.003 0.961 
325 TMA-ZAIN-G-    (0)    5 :  0.030 0.008 0.009 0.277 0.006 0.315 0.231 0.011 0.112 
326 TMA-ZAIN-G-    (0)    5 :  0.005 0.009 0.004 0.008 0.013 0.346 0.030 0.005 0.580 
327 TMA-ZAIN-G-    (0)    5 :  0.003 0.008 0.004 0.003 0.013 0.003 0.004 0.004 0.958 
328 TMA-ZAIN-G-    (0)    5 :  0.005 0.016 0.009 0.017 0.007 0.009 0.675 0.040 0.223 
329 TMA-ZAIN-G-    (0)    5 :  0.004 0.004 0.003 0.005 0.004 0.003 0.004 0.004 0.969 
330 TMA-ZAIN-G-    (0)    6 :  0.003 0.004 0.002 0.002 0.004 0.003 0.003 0.004 0.974 
331 TMA-ZAIN-G-    (0)    6 :  0.016 0.014 0.027 0.065 0.089 0.045 0.036 0.009 0.699 
332 TMA-ZAIN-G-    (0)    6 :  0.003 0.005 0.004 0.004 0.006 0.003 0.003 0.004 0.968 
333 TMA-ZAIN-G-    (0)    6 :  0.002 0.011 0.006 0.004 0.022 0.004 0.004 0.003 0.944 
334 TMA-ZAIN-G-    (0)    6 :  0.002 0.002 0.003 0.005 0.003 0.004 0.977 0.002 0.003 
335 TMA-ZAIN-G-    (0)    6 :  0.002 0.002 0.003 0.005 0.002 0.002 0.978 0.002 0.004 
336 TMA-ZAIN-G-    (0)    6 :  0.002 0.002 0.004 0.009 0.003 0.003 0.969 0.002 0.006 
337 TMA-ZAIN-G-    (9)    6 :  0.003 0.003 0.004 0.003 0.002 0.004 0.976 0.002 0.004 
338 TMA-ZAIN-G-    (0)    6 :  0.002 0.002 0.006 0.003 0.002 0.003 0.978 0.002 0.003 
339 TMA-ZAIN-G-    (0)    6 :  0.002 0.002 0.005 0.004 0.002 0.003 0.978 0.002 0.002 
340 TMA-ZAIN-G-    (0)    6 :  0.002 0.002 0.004 0.004 0.002 0.003 0.980 0.002 0.003 
341 TMA-ZAIN-G-    (0)    6 :  0.002 0.002 0.005 0.004 0.002 0.002 0.978 0.002 0.003 
342 TMA-ZAIN-G-    (0)    6 :  0.002 0.002 0.005 0.008 0.003 0.003 0.972 0.002 0.004 
343 TMA-ZAIN-G-    (0)    7 :  0.002 0.002 0.005 0.003 0.002 0.003 0.979 0.001 0.002 
344 TMA-ZAIN-G-    (0)    7 :  0.002 0.002 0.003 0.005 0.002 0.004 0.976 0.002 0.004 
345 TMA-ZAIN-G-    (0)    7 :  0.002 0.002 0.003 0.006 0.002 0.003 0.978 0.002 0.002 
346 TMA-ZAIN-G-    (0)    7 :  0.002 0.002 0.004 0.004 0.002 0.002 0.980 0.002 0.002 
347 TMA-ZAIN-G-    (9)    7 :  0.002 0.002 0.003 0.004 0.002 0.003 0.979 0.002 0.003 
348 TMA-ZAIN-G-    (0)    7 :  0.002 0.002 0.004 0.004 0.003 0.004 0.975 0.002 0.004 
349 TMA-ZAIN-G-    (0)    7 :  0.003 0.002 0.003 0.005 0.002 0.003 0.976 0.002 0.003 
350 TMA-ZAIN-G-    (0)    7 :  0.002 0.003 0.004 0.005 0.003 0.004 0.972 0.002 0.005 
351 TMA-ZAIN-G-    (0)    7 :  0.002 0.002 0.004 0.005 0.002 0.003 0.976 0.002 0.003 
352 TMA-ZAIN-G-    (0)    7 :  0.002 0.002 0.005 0.004 0.002 0.003 0.976 0.002 0.005 
353 TMA-ZAIN-G-    (0)    7 :  0.003 0.004 0.004 0.005 0.002 0.004 0.972 0.002 0.004 
354 TMA-ZAIN-G-    (0)    7 :  0.002 0.003 0.003 0.004 0.002 0.004 0.978 0.002 0.003 
355 TMA-ZAIN-G-    (0)    7 :  0.003 0.003 0.005 0.004 0.002 0.003 0.973 0.002 0.005 
356 TMA-ZAIN-G-    (0)    8 :  0.005 0.002 0.002 0.002 0.003 0.002 0.010 0.011 0.963 
357 TMA-ZAIN-G-    (0)    8 :  0.004 0.005 0.004 0.002 0.003 0.003 0.005 0.003 0.972 
358 TMA-ZAIN-G-    (0)    8 :  0.009 0.016 0.005 0.003 0.005 0.005 0.011 0.010 0.937 
359 TMA-ZAIN-G-    (0)    8 :  0.004 0.002 0.003 0.117 0.003 0.005 0.010 0.005 0.850 
360 TMA-ZAIN-G-    (0)    8 :  0.006 0.002 0.002 0.003 0.002 0.003 0.003 0.004 0.973 
361 TMA-ZAIN-G-    (0)    8 :  0.026 0.031 0.019 0.003 0.013 0.011 0.005 0.014 0.878 
362 TMA-ZAIN-G-    (0)    8 :  0.005 0.002 0.004 0.025 0.002 0.004 0.005 0.003 0.949 
363 TMA-ZAIN-G-    (0)    9 :  0.004 0.004 0.003 0.009 0.004 0.005 0.011 0.003 0.957 
364 TMA-ZAIN-G-    (0)    9 :  0.004 0.002 0.007 0.004 0.003 0.006 0.959 0.003 0.013 
365 TMA-ZAIN-G-    (0)    9 :  0.011 0.003 0.007 0.037 0.003 0.005 0.223 0.003 0.707 
366 TMA-ZAIN-G-    (0)    9 :  0.015 0.007 0.003 0.013 0.024 0.006 0.005 0.024 0.902 
367 TMA-ZAIN-G-    (0)    9 :  0.004 0.004 0.017 0.003 0.010 0.006 0.011 0.002 0.944 
368 TMA-ZAIN-G-    (0)    9 :  0.012 0.010 0.003 0.005 0.012 0.005 0.005 0.028 0.922 
369 TMA-ZAIN-G-    (0)    9 :  0.003 0.005 0.002 0.003 0.002 0.003 0.003 0.004 0.974 
370 TMA-ZAIN-G-    (0)    9 :  0.038 0.032 0.015 0.017 0.015 0.014 0.003 0.023 0.843 
371 TMA-ZAIN-G-    (0)    9 :  0.006 0.003 0.003 0.002 0.002 0.003 0.004 0.005 0.971 
372 TMA-ZAIN-G-    (0)    9 :  0.012 0.003 0.003 0.004 0.003 0.003 0.003 0.007 0.962 
373 TMA-ZAIN-G-    (0)    9 :  0.003 0.008 0.005 0.008 0.011 0.007 0.004 0.003 0.950 
374 TMA-ZAIN-G-    (0)   10 :  0.004 0.007 0.027 0.003 0.005 0.030 0.161 0.002 0.762 
375 TMA-ZAIN-G-    (0)   10 :  0.004 0.007 0.005 0.056 0.002 0.022 0.384 0.002 0.517 
376 TMA-ZAIN-G-    (9)   10 :  0.008 0.003 0.003 0.002 0.002 0.002 0.004 0.003 0.973 
377 TMA-ZAIN-G-    (0)   10 :  0.008 0.003 0.002 0.002 0.002 0.002 0.003 0.004 0.974 
378 TMA-ZAIN-G-    (0)   10 :  0.008 0.003 0.003 0.002 0.002 0.002 0.003 0.005 0.973 
379 TMA-ZAIN-G-    (0)   10 :  0.005 0.003 0.003 0.002 0.003 0.002 0.003 0.006 0.975 
380 TMA-ZAIN-G-    (0)   10 :  0.009 0.005 0.002 0.004 0.007 0.003 0.003 0.013 0.952 
381 TMA-ZAIN-G-    (9)   10 :  0.071 0.017 0.015 0.027 0.033 0.089 0.320 0.056 0.374 
382 TMA-ZAIN-G-    (9)   10 :  0.011 0.016 0.047 0.078 0.012 0.021 0.804 0.006 0.006 
383    ZFB01    (0)   11 :  0.006 0.004 0.887 0.012 0.004 0.004 0.010 0.003 0.071 
384    ZFB02    (0)   11 :  0.004 0.003 0.952 0.010 0.007 0.005 0.007 0.003 0.009 
385    ZFB03    (0)   11 :  0.006 0.009 0.939 0.004 0.005 0.010 0.015 0.002 0.010 
386    ZFB04    (0)   11 :  0.006 0.003 0.946 0.018 0.005 0.004 0.005 0.002 0.011 
387    ZFB05    (0)   11 :  0.003 0.011 0.725 0.109 0.020 0.061 0.035 0.012 0.025 
388    ZFB06    (0)   11 :  0.002 0.011 0.792 0.074 0.007 0.047 0.025 0.012 0.029 
389    ZFB07    (9)   11 :  0.010 0.007 0.948 0.008 0.005 0.008 0.004 0.004 0.005 
390    ZFB08    (0)   11 :  0.005 0.005 0.949 0.003 0.006 0.010 0.011 0.004 0.007 
391    ZFB09    (0)   11 :  0.004 0.003 0.956 0.004 0.004 0.005 0.011 0.003 0.011 
392    ZFB10    (0)   11 :  0.025 0.004 0.885 0.013 0.008 0.005 0.010 0.005 0.043 
393    ZFB11    (0)   11 :  0.010 0.003 0.772 0.028 0.006 0.004 0.017 0.003 0.158 
394    ZFB12    (0)   11 :  0.005 0.006 0.893 0.011 0.003 0.007 0.025 0.003 0.046 
395    ZFB13    (0)   11 :  0.007 0.005 0.954 0.003 0.004 0.010 0.009 0.004 0.003 
396    ZFB14    (0)   11 :  0.007 0.004 0.954 0.003 0.006 0.004 0.011 0.003 0.008 
397    ZFB15    (0)   11 :  0.003 0.003 0.941 0.013 0.003 0.004 0.016 0.002 0.016 
398    ZFB16    (0)   11 :  0.006 0.003 0.947 0.009 0.003 0.006 0.013 0.003 0.009 
