

----------------------------------------------------
STRUCTURE by Pritchard, Stephens and Donnelly (2000)
     and Falush, Stephens and Pritchard (2003)
       Code by Pritchard, Falush and Hubisz
             Version 2.3.4 (Jul 2012)
----------------------------------------------------



Command line arguments:   bin\structure -m C:\Users\eschumacher\Documents\GitHub\GCC_QUAC_ZAIN\Data_Files\Structure_Files\ZAIN\ZAIN_og_allpop_STR\50-50\mainparams -e C:\Users\eschumacher\Documents\GitHub\GCC_QUAC_ZAIN\Data_Files\Structure_Files\ZAIN\ZAIN_og_allpop_STR\50-50\extraparams 
Input File:    C:\Users\eschumacher\Documents\GitHub\GCC_QUAC_ZAIN\Data_Files\Structure_Files\ZAIN\ZAIN_og_allpop_STR\project_data

Run parameters:
   1135 individuals
   11 loci
   6 populations assumed
   50000 Burn-in period
   50000 Reps


--------------------------------------------
Proportion of membership of each pre-defined
 population in each of the 6 clusters

Given    Inferred Clusters                            Number of
 Pop       1      2      3      4      5      6      Individuals

  1:     0.080  0.593  0.296  0.009  0.012  0.010      303
  2:     0.007  0.652  0.305  0.006  0.019  0.011       15
  3:     0.168  0.416  0.356  0.004  0.008  0.048        2
  4:     0.010  0.715  0.241  0.008  0.004  0.022        2
  5:     0.199  0.606  0.156  0.010  0.012  0.017        7
  6:     0.014  0.279  0.684  0.004  0.012  0.006       13
  7:     0.005  0.004  0.983  0.002  0.003  0.004       13
  8:     0.022  0.944  0.007  0.012  0.007  0.007        7
  9:     0.010  0.848  0.113  0.012  0.009  0.007       11
 10:     0.030  0.732  0.191  0.021  0.009  0.017        9
 11:     0.045  0.070  0.045  0.010  0.014  0.816       35
 12:     0.005  0.006  0.006  0.934  0.039  0.009       36
 13:     0.006  0.005  0.005  0.965  0.011  0.008       33
 14:     0.009  0.004  0.005  0.023  0.937  0.022       40
 15:     0.003  0.005  0.003  0.117  0.866  0.005       40
 16:     0.022  0.022  0.015  0.078  0.050  0.814       40
 17:     0.130  0.017  0.051  0.040  0.094  0.667       37
 18:     0.003  0.005  0.003  0.975  0.008  0.007       40
 19:     0.004  0.004  0.012  0.009  0.045  0.926       28
 20:     0.018  0.003  0.005  0.015  0.893  0.066       14
 21:     0.895  0.003  0.004  0.021  0.046  0.031       13
 22:     0.003  0.005  0.003  0.809  0.174  0.006       14
 23:     0.012  0.005  0.005  0.961  0.011  0.006       25
 24:     0.009  0.009  0.003  0.946  0.021  0.012       40
 25:     0.013  0.021  0.013  0.024  0.900  0.029       32
 26:     0.982  0.004  0.003  0.003  0.004  0.004       21
 27:     0.005  0.014  0.033  0.010  0.009  0.928        4
 28:     0.003  0.005  0.011  0.020  0.010  0.950       23
 29:     0.003  0.004  0.004  0.006  0.007  0.975       39
 30:     0.017  0.003  0.009  0.004  0.005  0.961       38
 31:     0.004  0.005  0.004  0.853  0.127  0.006       45
 32:     0.014  0.006  0.005  0.871  0.098  0.006       28
 33:     0.011  0.024  0.015  0.005  0.006  0.938        6
 34:     0.008  0.007  0.042  0.112  0.073  0.757       40
 35:     0.255  0.014  0.023  0.064  0.062  0.581       42
--------------------------------------------

Allele-freq. divergence among pops (Net nucleotide distance),
computed using point estimates of P.

      1       2       3       4       5       6      
 1      -    0.2742  0.2120  0.3050  0.2842  0.2058  
 2   0.2742     -    0.1683  0.2701  0.2957  0.2443  
 3   0.2120  0.1683     -    0.3494  0.3029  0.1672  
 4   0.3050  0.2701  0.3494     -    0.1102  0.1631  
 5   0.2842  0.2957  0.3029  0.1102     -    0.1175  
 6   0.2058  0.2443  0.1672  0.1631  0.1175     -    

Average distances (expected heterozygosity) between individuals in same cluster:
cluster  1  : 0.4338 
cluster  2  : 0.4808 
cluster  3  : 0.4932 
cluster  4  : 0.4566 
cluster  5  : 0.4369 
cluster  6  : 0.5380 

--------------------------------------------
Estimated Ln Prob of Data   = -24052.9
Mean value of ln likelihood = -23600.1
Variance of ln likelihood   = 905.6
Mean value of alpha         = 0.0344

Mean value of Fst_1         = 0.3659
Mean value of Fst_2         = 0.3209
Mean value of Fst_3         = 0.3204
Mean value of Fst_4         = 0.4263
Mean value of Fst_5         = 0.4566
Mean value of Fst_6         = 0.2704


Inferred ancestry of individuals:
        Label (%Miss) Pop:  Inferred clusters
  1 TMA-ZAIN-G-    (9)    1 :  0.005 0.058 0.881 0.004 0.004 0.049 
  2 TMA-ZAIN-G-    (0)    1 :  0.010 0.059 0.721 0.076 0.075 0.059 
  3 TMA-ZAIN-G-    (0)    1 :  0.003 0.982 0.004 0.004 0.004 0.003 
  4 TMA-ZAIN-G-    (0)    1 :  0.006 0.787 0.148 0.003 0.020 0.036 
  5 TMA-ZAIN-G-    (0)    1 :  0.002 0.006 0.971 0.005 0.004 0.012 
  6 TMA-ZAIN-G-    (0)    1 :  0.036 0.896 0.046 0.005 0.007 0.011 
  7 TMA-ZAIN-G-    (0)    1 :  0.005 0.965 0.013 0.005 0.007 0.005 
  8 TMA-ZAIN-G-    (0)    1 :  0.002 0.982 0.004 0.005 0.004 0.003 
  9 TMA-ZAIN-G-    (9)    1 :  0.020 0.873 0.006 0.050 0.020 0.031 
 10 TMA-ZAIN-G-    (0)    1 :  0.004 0.981 0.004 0.004 0.003 0.003 
 11 TMA-ZAIN-G-    (0)    1 :  0.006 0.960 0.006 0.013 0.011 0.005 
 12 TMA-ZAIN-G-    (0)    1 :  0.003 0.981 0.003 0.004 0.004 0.004 
 13 TMA-ZAIN-G-    (9)    1 :  0.011 0.917 0.053 0.007 0.004 0.008 
 14 TMA-ZAIN-G-    (9)    1 :  0.014 0.954 0.007 0.004 0.011 0.009 
 15 TMA-ZAIN-G-    (0)    1 :  0.005 0.970 0.005 0.003 0.012 0.006 
 16 TMA-ZAIN-G-    (0)    1 :  0.004 0.980 0.005 0.005 0.003 0.003 
 17 TMA-ZAIN-G-    (9)    1 :  0.003 0.975 0.010 0.003 0.004 0.005 
 18 TMA-ZAIN-G-    (0)    1 :  0.003 0.011 0.972 0.003 0.004 0.007 
 19 TMA-ZAIN-G-    (0)    1 :  0.006 0.049 0.931 0.003 0.003 0.008 
 20 TMA-ZAIN-G-    (0)    1 :  0.013 0.003 0.974 0.003 0.004 0.003 
 21 TMA-ZAIN-G-    (0)    1 :  0.870 0.005 0.115 0.004 0.002 0.004 
 22 TMA-ZAIN-G-    (0)    1 :  0.003 0.003 0.985 0.002 0.003 0.004 
 23 TMA-ZAIN-G-    (0)    1 :  0.003 0.005 0.982 0.002 0.003 0.004 
 24 TMA-ZAIN-G-    (9)    1 :  0.004 0.040 0.889 0.058 0.006 0.003 
 25 TMA-ZAIN-G-    (9)    1 :  0.022 0.029 0.897 0.015 0.002 0.034 
 26 TMA-ZAIN-G-    (9)    1 :  0.055 0.882 0.042 0.004 0.015 0.002 
 27 TMA-ZAIN-G-    (0)    1 :  0.048 0.092 0.696 0.012 0.119 0.033 
 28 TMA-ZAIN-G-    (0)    1 :  0.016 0.079 0.610 0.140 0.014 0.142 
 29 TMA-ZAIN-G-    (0)    1 :  0.266 0.713 0.006 0.009 0.004 0.003 
 30 TMA-ZAIN-G-    (0)    1 :  0.014 0.870 0.011 0.069 0.016 0.020 
 31 TMA-ZAIN-G-    (0)    1 :  0.003 0.007 0.974 0.004 0.007 0.006 
 32 TMA-ZAIN-G-    (9)    1 :  0.004 0.198 0.777 0.011 0.004 0.007 
 33 TMA-ZAIN-G-   (18)    1 :  0.003 0.982 0.004 0.005 0.003 0.004 
 34 TMA-ZAIN-G-    (0)    1 :  0.009 0.909 0.067 0.006 0.005 0.004 
 35 TMA-ZAIN-G-    (9)    1 :  0.003 0.979 0.007 0.004 0.004 0.004 
 36 TMA-ZAIN-G-    (0)    1 :  0.003 0.981 0.004 0.004 0.005 0.003 
 37 TMA-ZAIN-G-    (9)    1 :  0.008 0.968 0.009 0.005 0.005 0.005 
 38 TMA-ZAIN-G-   (18)    1 :  0.008 0.200 0.746 0.006 0.006 0.034 
 39 TMA-ZAIN-G-    (0)    1 :  0.007 0.977 0.004 0.007 0.003 0.003 
 40 TMA-ZAIN-G-    (0)    1 :  0.005 0.982 0.003 0.005 0.003 0.002 
 41 TMA-ZAIN-G-    (0)    1 :  0.005 0.980 0.003 0.005 0.004 0.003 
 42 TMA-ZAIN-G-    (9)    1 :  0.003 0.981 0.003 0.004 0.006 0.003 
 43 TMA-ZAIN-G-    (0)    1 :  0.006 0.958 0.004 0.003 0.021 0.007 
 44 TMA-ZAIN-G-    (0)    1 :  0.777 0.107 0.077 0.014 0.019 0.006 
 45 TMA-ZAIN-G-    (0)    1 :  0.011 0.967 0.007 0.005 0.005 0.005 
 46 TMA-ZAIN-G-    (0)    1 :  0.809 0.004 0.176 0.003 0.004 0.004 
 47 TMA-ZAIN-G-    (0)    1 :  0.017 0.916 0.042 0.003 0.016 0.007 
 48 TMA-ZAIN-G-    (0)    1 :  0.007 0.951 0.024 0.005 0.008 0.005 
 49 TMA-ZAIN-G-    (9)    1 :  0.306 0.098 0.544 0.008 0.004 0.039 
 50 TMA-ZAIN-G-    (0)    1 :  0.279 0.117 0.588 0.008 0.003 0.006 
 51 TMA-ZAIN-G-    (0)    1 :  0.090 0.023 0.430 0.023 0.415 0.019 
 52 TMA-ZAIN-G-    (0)    1 :  0.063 0.323 0.322 0.063 0.151 0.078 
 53 TMA-ZAIN-G-    (0)    1 :  0.004 0.032 0.806 0.010 0.143 0.006 
 54 TMA-ZAIN-G-    (0)    1 :  0.005 0.842 0.121 0.005 0.023 0.005 
 55 TMA-ZAIN-G-    (0)    1 :  0.005 0.804 0.149 0.004 0.033 0.005 
 56 TMA-ZAIN-G-    (0)    1 :  0.006 0.747 0.205 0.004 0.017 0.021 
 57 TMA-ZAIN-G-    (0)    1 :  0.004 0.778 0.196 0.004 0.010 0.008 
 58 TMA-ZAIN-G-    (0)    1 :  0.011 0.083 0.880 0.008 0.007 0.011 
 59 TMA-ZAIN-G-    (0)    1 :  0.006 0.135 0.791 0.051 0.012 0.005 
 60 TMA-ZAIN-G-    (0)    1 :  0.010 0.025 0.937 0.005 0.012 0.012 
 61 TMA-ZAIN-G-    (0)    1 :  0.004 0.006 0.976 0.004 0.004 0.005 
 62 TMA-ZAIN-G-    (9)    1 :  0.055 0.199 0.658 0.029 0.010 0.049 
 63 TMA-ZAIN-G-    (0)    1 :  0.004 0.011 0.949 0.004 0.009 0.024 
 64 TMA-ZAIN-G-    (0)    1 :  0.006 0.964 0.003 0.021 0.003 0.002 
 65 TMA-ZAIN-G-    (9)    1 :  0.003 0.984 0.003 0.004 0.004 0.003 
 66 TMA-ZAIN-G-    (0)    1 :  0.005 0.978 0.003 0.009 0.003 0.002 
 67 TMA-ZAIN-G-    (0)    1 :  0.023 0.953 0.008 0.009 0.003 0.005 
 68 TMA-ZAIN-G-    (0)    1 :  0.003 0.981 0.003 0.007 0.004 0.002 
 69 TMA-ZAIN-G-    (0)    1 :  0.030 0.924 0.016 0.015 0.007 0.009 
 70 TMA-ZAIN-G-    (0)    1 :  0.005 0.965 0.006 0.015 0.006 0.004 
 71 TMA-ZAIN-G-    (0)    1 :  0.004 0.948 0.004 0.029 0.011 0.004 
 72 TMA-ZAIN-G-    (0)    1 :  0.003 0.979 0.005 0.006 0.004 0.003 
 73 TMA-ZAIN-G-    (0)    1 :  0.013 0.911 0.049 0.011 0.013 0.003 
 74 TMA-ZAIN-G-    (0)    1 :  0.015 0.939 0.017 0.014 0.008 0.007 
 75 TMA-ZAIN-G-    (0)    1 :  0.003 0.941 0.006 0.017 0.028 0.005 
 76 TMA-ZAIN-G-    (0)    1 :  0.080 0.848 0.026 0.021 0.012 0.013 
 77 TMA-ZAIN-G-    (0)    1 :  0.011 0.971 0.006 0.005 0.004 0.003 
 78 TMA-ZAIN-G-    (0)    1 :  0.044 0.917 0.025 0.004 0.004 0.007 
 79 TMA-ZAIN-G-    (0)    1 :  0.034 0.945 0.009 0.004 0.005 0.004 
 80 TMA-ZAIN-G-    (0)    1 :  0.007 0.979 0.003 0.005 0.003 0.003 
 81 TMA-ZAIN-G-    (0)    1 :  0.011 0.964 0.007 0.007 0.007 0.004 
 82 TMA-ZAIN-G-    (0)    1 :  0.002 0.975 0.003 0.010 0.006 0.003 
 83 TMA-ZAIN-G-    (9)    1 :  0.012 0.922 0.049 0.007 0.006 0.004 
 84 TMA-ZAIN-G-    (0)    1 :  0.067 0.910 0.012 0.004 0.003 0.004 
 85 TMA-ZAIN-G-    (0)    1 :  0.004 0.016 0.970 0.002 0.003 0.005 
 86 TMA-ZAIN-G-    (0)    1 :  0.044 0.354 0.576 0.006 0.007 0.013 
 87 TMA-ZAIN-G-    (0)    1 :  0.009 0.010 0.969 0.002 0.004 0.005 
 88 TMA-ZAIN-G-    (0)    1 :  0.007 0.603 0.374 0.005 0.005 0.005 
 89 TMA-ZAIN-G-    (0)    1 :  0.010 0.621 0.341 0.005 0.013 0.010 
 90 TMA-ZAIN-G-    (0)    1 :  0.024 0.307 0.645 0.004 0.007 0.013 
 91 TMA-ZAIN-G-    (0)    1 :  0.007 0.442 0.528 0.006 0.012 0.005 
 92 TMA-ZAIN-G-    (0)    1 :  0.030 0.122 0.834 0.003 0.005 0.005 
 93 TMA-ZAIN-G-    (0)    1 :  0.007 0.238 0.710 0.007 0.034 0.004 
 94 TMA-ZAIN-G-    (0)    1 :  0.012 0.014 0.959 0.003 0.006 0.005 
 95 TMA-ZAIN-G-    (0)    1 :  0.015 0.019 0.698 0.212 0.012 0.044 
 96 TMA-ZAIN-G-    (0)    1 :  0.012 0.520 0.073 0.008 0.006 0.382 
 97 TMA-ZAIN-G-    (0)    1 :  0.004 0.006 0.970 0.006 0.004 0.010 
 98 TMA-ZAIN-G-    (0)    1 :  0.003 0.007 0.946 0.027 0.006 0.012 
 99 TMA-ZAIN-G-    (0)    1 :  0.007 0.224 0.586 0.172 0.004 0.007 
100 TMA-ZAIN-G-    (0)    1 :  0.010 0.005 0.962 0.003 0.012 0.008 
101 TMA-ZAIN-G-    (0)    1 :  0.004 0.044 0.925 0.014 0.005 0.009 
102 TMA-ZAIN-G-    (0)    1 :  0.003 0.017 0.964 0.007 0.004 0.005 
103 TMA-ZAIN-G-    (0)    1 :  0.003 0.014 0.969 0.003 0.003 0.009 
104 TMA-ZAIN-G-    (0)    1 :  0.003 0.005 0.951 0.007 0.004 0.029 
105 TMA-ZAIN-G-    (0)    1 :  0.003 0.019 0.962 0.004 0.003 0.010 
106 TMA-ZAIN-G-    (0)    1 :  0.003 0.982 0.004 0.005 0.003 0.003 
107 TMA-ZAIN-G-    (0)    1 :  0.003 0.973 0.004 0.013 0.004 0.003 
108 TMA-ZAIN-G-    (9)    1 :  0.015 0.547 0.407 0.008 0.012 0.013 
109 TMA-ZAIN-G-    (0)    1 :  0.003 0.738 0.207 0.005 0.004 0.043 
110 TMA-ZAIN-G-    (0)    1 :  0.049 0.770 0.163 0.007 0.003 0.009 
111 TMA-ZAIN-G-    (9)    1 :  0.011 0.231 0.721 0.021 0.006 0.011 
112 TMA-ZAIN-G-    (0)    1 :  0.004 0.592 0.386 0.007 0.004 0.006 
113 TMA-ZAIN-G-    (0)    1 :  0.002 0.048 0.912 0.025 0.006 0.008 
114 TMA-ZAIN-G-    (0)    1 :  0.003 0.006 0.976 0.005 0.003 0.007 
115 TMA-ZAIN-G-    (0)    1 :  0.004 0.013 0.931 0.007 0.005 0.041 
116 TMA-ZAIN-G-    (0)    1 :  0.002 0.983 0.003 0.005 0.003 0.003 
117 TMA-ZAIN-G-    (0)    1 :  0.003 0.981 0.005 0.004 0.005 0.003 
118 TMA-ZAIN-G-    (0)    1 :  0.003 0.982 0.004 0.004 0.004 0.004 
119 TMA-ZAIN-G-    (0)    1 :  0.007 0.970 0.010 0.005 0.003 0.006 
120 TMA-ZAIN-G-    (0)    1 :  0.003 0.979 0.006 0.004 0.004 0.004 
121 TMA-ZAIN-G-    (0)    1 :  0.002 0.981 0.004 0.005 0.004 0.004 
122 TMA-ZAIN-G-    (0)    1 :  0.009 0.971 0.008 0.004 0.005 0.004 
123 TMA-ZAIN-G-    (0)    1 :  0.005 0.009 0.946 0.003 0.005 0.032 
124 TMA-ZAIN-G-    (0)    1 :  0.003 0.980 0.005 0.005 0.003 0.004 
125 TMA-ZAIN-G-    (0)    1 :  0.002 0.983 0.003 0.003 0.006 0.002 
126 TMA-ZAIN-G-    (0)    1 :  0.003 0.982 0.004 0.004 0.004 0.003 
127 TMA-ZAIN-G-    (0)    1 :  0.003 0.984 0.003 0.004 0.003 0.003 
128 TMA-ZAIN-G-    (0)    1 :  0.003 0.982 0.004 0.005 0.003 0.003 
129 TMA-ZAIN-G-    (0)    1 :  0.003 0.979 0.006 0.005 0.004 0.003 
130 TMA-ZAIN-G-    (0)    1 :  0.002 0.981 0.004 0.003 0.006 0.003 
131 TMA-ZAIN-G-    (0)    1 :  0.003 0.982 0.005 0.003 0.003 0.004 
132 TMA-ZAIN-G-    (0)    1 :  0.002 0.982 0.003 0.004 0.005 0.003 
133 TMA-ZAIN-G-    (0)    1 :  0.008 0.976 0.004 0.004 0.005 0.003 
134 TMA-ZAIN-G-    (0)    1 :  0.005 0.979 0.004 0.003 0.005 0.003 
135 TMA-ZAIN-G-    (0)    1 :  0.005 0.980 0.003 0.006 0.003 0.003 
136 TMA-ZAIN-G-    (0)    1 :  0.005 0.977 0.004 0.006 0.005 0.003 
137 TMA-ZAIN-G-    (0)    1 :  0.005 0.981 0.004 0.005 0.003 0.003 
138 TMA-ZAIN-G-    (0)    1 :  0.002 0.982 0.003 0.006 0.004 0.003 
139 TMA-ZAIN-G-    (0)    1 :  0.005 0.980 0.003 0.005 0.004 0.003 
140 TMA-ZAIN-G-    (0)    1 :  0.004 0.981 0.004 0.005 0.003 0.003 
141 TMA-ZAIN-G-    (0)    1 :  0.003 0.981 0.005 0.004 0.004 0.003 
142 TMA-ZAIN-G-    (9)    1 :  0.003 0.981 0.004 0.005 0.003 0.003 
143 TMA-ZAIN-G-    (0)    1 :  0.003 0.982 0.004 0.005 0.003 0.003 
144 TMA-ZAIN-G-    (0)    1 :  0.005 0.977 0.005 0.004 0.005 0.003 
145 TMA-ZAIN-G-    (0)    1 :  0.002 0.985 0.003 0.005 0.003 0.002 
146 TMA-ZAIN-G-    (0)    1 :  0.003 0.975 0.004 0.009 0.006 0.003 
147 TMA-ZAIN-G-    (9)    1 :  0.004 0.981 0.004 0.005 0.003 0.003 
148 TMA-ZAIN-G-    (0)    1 :  0.003 0.968 0.003 0.008 0.014 0.003 
149 TMA-ZAIN-G-    (0)    1 :  0.003 0.973 0.009 0.006 0.005 0.004 
150 TMA-ZAIN-G-    (0)    1 :  0.003 0.966 0.008 0.011 0.007 0.004 
151 TMA-ZAIN-G-    (0)    1 :  0.003 0.984 0.003 0.004 0.003 0.003 
152 TMA-ZAIN-G-    (0)    1 :  0.003 0.982 0.003 0.004 0.003 0.004 
153 TMA-ZAIN-G-    (0)    1 :  0.003 0.984 0.003 0.005 0.003 0.003 
154 TMA-ZAIN-G-    (0)    1 :  0.003 0.985 0.003 0.004 0.003 0.003 
155 TMA-ZAIN-G-    (0)    1 :  0.002 0.982 0.004 0.006 0.003 0.003 
156 TMA-ZAIN-G-    (9)    1 :  0.003 0.977 0.004 0.005 0.006 0.006 
157 TMA-ZAIN-G-    (0)    1 :  0.004 0.980 0.004 0.004 0.004 0.005 
158 TMA-ZAIN-G-    (0)    1 :  0.003 0.977 0.004 0.007 0.005 0.004 
159 TMA-ZAIN-G-    (0)    1 :  0.002 0.975 0.003 0.011 0.005 0.004 
160 TMA-ZAIN-G-    (0)    1 :  0.002 0.982 0.003 0.006 0.003 0.003 
161 TMA-ZAIN-G-    (0)    1 :  0.003 0.984 0.003 0.004 0.004 0.003 
162 TMA-ZAIN-G-    (0)    1 :  0.003 0.979 0.006 0.006 0.003 0.003 
163 TMA-ZAIN-G-    (0)    1 :  0.003 0.985 0.003 0.004 0.003 0.003 
164 TMA-ZAIN-G-    (0)    1 :  0.004 0.980 0.004 0.004 0.003 0.004 
165 TMA-ZAIN-G-    (0)    1 :  0.003 0.983 0.003 0.006 0.003 0.003 
166 TMA-ZAIN-G-    (0)    1 :  0.003 0.984 0.003 0.005 0.003 0.002 
167 TMA-ZAIN-G-    (0)    1 :  0.004 0.977 0.006 0.005 0.003 0.004 
168 TMA-ZAIN-G-    (0)    1 :  0.004 0.976 0.004 0.006 0.005 0.005 
169 TMA-ZAIN-G-    (0)    1 :  0.003 0.981 0.003 0.008 0.003 0.003 
170 TMA-ZAIN-G-    (0)    1 :  0.015 0.955 0.012 0.005 0.004 0.009 
171 TMA-ZAIN-G-    (0)    1 :  0.003 0.980 0.003 0.007 0.003 0.003 
172 TMA-ZAIN-G-    (0)    1 :  0.006 0.976 0.005 0.005 0.004 0.005 
173 TMA-ZAIN-G-    (0)    1 :  0.006 0.976 0.005 0.004 0.004 0.005 
174 TMA-ZAIN-G-    (0)    1 :  0.003 0.984 0.003 0.005 0.003 0.002 
175 TMA-ZAIN-G-    (0)    1 :  0.003 0.971 0.004 0.011 0.007 0.004 
176 TMA-ZAIN-G-    (0)    1 :  0.003 0.973 0.004 0.010 0.007 0.003 
177 TMA-ZAIN-G-    (0)    1 :  0.004 0.935 0.004 0.021 0.030 0.006 
178 TMA-ZAIN-G-    (0)    1 :  0.011 0.964 0.005 0.006 0.006 0.008 
179 TMA-ZAIN-G-    (0)    1 :  0.004 0.969 0.003 0.009 0.010 0.004 
180 TMA-ZAIN-G-    (0)    1 :  0.005 0.979 0.004 0.004 0.004 0.003 
181 TMA-ZAIN-G-    (0)    1 :  0.003 0.978 0.004 0.005 0.005 0.004 
182 TMA-ZAIN-G-    (0)    1 :  0.004 0.972 0.006 0.004 0.008 0.006 
183 TMA-ZAIN-G-    (0)    1 :  0.004 0.979 0.004 0.004 0.005 0.004 
184 TMA-ZAIN-G-    (0)    1 :  0.003 0.972 0.010 0.007 0.005 0.004 
185 TMA-ZAIN-G-    (0)    1 :  0.005 0.965 0.015 0.008 0.004 0.004 
186 TMA-ZAIN-G-    (9)    1 :  0.005 0.975 0.007 0.005 0.003 0.004 
187 TMA-ZAIN-G-    (0)    1 :  0.005 0.976 0.006 0.006 0.004 0.004 
188 TMA-ZAIN-G-    (0)    1 :  0.003 0.981 0.004 0.007 0.003 0.002 
189 TMA-ZAIN-G-    (0)    1 :  0.003 0.982 0.003 0.007 0.002 0.002 
190 TMA-ZAIN-G-    (0)    1 :  0.007 0.957 0.005 0.009 0.016 0.007 
191 TMA-ZAIN-G-    (0)    1 :  0.004 0.967 0.010 0.014 0.003 0.003 
192 TMA-ZAIN-G-    (0)    1 :  0.011 0.973 0.003 0.005 0.004 0.004 
193 TMA-ZAIN-G-    (0)    1 :  0.006 0.925 0.005 0.004 0.054 0.006 
194 TMA-ZAIN-G-    (0)    1 :  0.008 0.948 0.005 0.003 0.028 0.007 
195 TMA-ZAIN-G-    (0)    1 :  0.005 0.881 0.005 0.007 0.095 0.008 
196 TMA-ZAIN-G-    (0)    1 :  0.005 0.962 0.004 0.004 0.017 0.007 
197 TMA-ZAIN-G-    (0)    1 :  0.004 0.965 0.005 0.003 0.018 0.005 
198 TMA-ZAIN-G-    (0)    1 :  0.006 0.964 0.004 0.004 0.016 0.005 
199 TMA-ZAIN-G-    (0)    1 :  0.005 0.978 0.005 0.005 0.004 0.003 
200 TMA-ZAIN-G-    (0)    1 :  0.468 0.005 0.506 0.003 0.007 0.011 
201 TMA-ZAIN-G-    (0)    1 :  0.589 0.024 0.376 0.003 0.004 0.004 
202 TMA-ZAIN-G-    (0)    1 :  0.977 0.005 0.009 0.003 0.003 0.004 
203 TMA-ZAIN-G-    (0)    1 :  0.005 0.953 0.006 0.004 0.018 0.013 
204 TMA-ZAIN-G-    (9)    1 :  0.854 0.006 0.113 0.005 0.016 0.006 
205 TMA-ZAIN-G-    (0)    1 :  0.868 0.098 0.024 0.003 0.003 0.003 
206 TMA-ZAIN-G-    (9)    1 :  0.541 0.029 0.399 0.008 0.010 0.014 
207 TMA-ZAIN-G-    (9)    1 :  0.005 0.967 0.009 0.004 0.008 0.007 
208 TMA-ZAIN-G-    (0)    1 :  0.003 0.984 0.003 0.005 0.003 0.002 
209 TMA-ZAIN-G-    (0)    1 :  0.003 0.980 0.004 0.004 0.007 0.002 
210 TMA-ZAIN-G-    (0)    1 :  0.003 0.976 0.004 0.005 0.008 0.004 
211 TMA-ZAIN-G-    (0)    1 :  0.011 0.964 0.012 0.004 0.004 0.006 
212 TMA-ZAIN-G-    (0)    1 :  0.008 0.975 0.004 0.005 0.004 0.004 
213 TMA-ZAIN-G-    (0)    1 :  0.004 0.979 0.005 0.005 0.004 0.004 
214 TMA-ZAIN-G-    (0)    1 :  0.003 0.983 0.004 0.004 0.003 0.003 
215 TMA-ZAIN-G-    (0)    1 :  0.162 0.796 0.032 0.003 0.002 0.005 
216 TMA-ZAIN-G-    (0)    1 :  0.005 0.979 0.005 0.004 0.004 0.003 
217 TMA-ZAIN-G-    (0)    1 :  0.003 0.982 0.003 0.005 0.004 0.003 
218 TMA-ZAIN-G-    (0)    1 :  0.216 0.069 0.598 0.060 0.007 0.049 
219 TMA-ZAIN-G-    (0)    1 :  0.554 0.103 0.266 0.013 0.023 0.041 
220 TMA-ZAIN-G-    (0)    1 :  0.011 0.024 0.728 0.016 0.005 0.217 
221 TMA-ZAIN-G-    (0)    1 :  0.615 0.102 0.232 0.032 0.006 0.012 
222 TMA-ZAIN-G-    (0)    1 :  0.022 0.019 0.947 0.004 0.004 0.004 
223 TMA-ZAIN-G-    (0)    1 :  0.074 0.010 0.898 0.004 0.004 0.010 
224 TMA-ZAIN-G-    (0)    1 :  0.017 0.054 0.916 0.003 0.003 0.006 
225 TMA-ZAIN-G-    (0)    1 :  0.078 0.006 0.896 0.002 0.004 0.014 
226 TMA-ZAIN-G-    (0)    1 :  0.023 0.012 0.949 0.003 0.004 0.009 
227 TMA-ZAIN-G-    (0)    1 :  0.155 0.015 0.805 0.004 0.004 0.017 
228 TMA-ZAIN-G-    (0)    1 :  0.005 0.055 0.880 0.017 0.022 0.021 
229 TMA-ZAIN-G-    (0)    1 :  0.041 0.014 0.920 0.014 0.004 0.007 
230 TMA-ZAIN-G-    (0)    1 :  0.003 0.302 0.625 0.016 0.035 0.018 
231 TMA-ZAIN-G-    (0)    1 :  0.010 0.014 0.965 0.003 0.004 0.005 
232 TMA-ZAIN-G-    (9)    1 :  0.006 0.011 0.971 0.005 0.003 0.004 
233 TMA-ZAIN-G-    (0)    1 :  0.114 0.152 0.704 0.010 0.005 0.015 
234 TMA-ZAIN-G-    (0)    1 :  0.016 0.007 0.955 0.004 0.009 0.009 
235 TMA-ZAIN-G-    (0)    1 :  0.044 0.046 0.850 0.011 0.009 0.040 
236 TMA-ZAIN-G-    (0)    1 :  0.295 0.023 0.665 0.003 0.004 0.010 
237 TMA-ZAIN-G-    (0)    1 :  0.008 0.099 0.877 0.006 0.005 0.005 
238 TMA-ZAIN-G-    (0)    1 :  0.375 0.060 0.551 0.006 0.003 0.006 
239 TMA-ZAIN-G-    (0)    1 :  0.519 0.102 0.300 0.009 0.067 0.003 
240 TMA-ZAIN-G-    (0)    1 :  0.958 0.004 0.031 0.002 0.003 0.003 
241 TMA-ZAIN-G-    (0)    1 :  0.969 0.006 0.017 0.003 0.002 0.002 
242 TMA-ZAIN-G-    (0)    1 :  0.975 0.005 0.012 0.003 0.002 0.002 
243 TMA-ZAIN-G-    (0)    1 :  0.977 0.006 0.008 0.003 0.003 0.002 
244 TMA-ZAIN-G-    (0)    1 :  0.968 0.009 0.015 0.004 0.002 0.003 
245 TMA-ZAIN-G-    (9)    1 :  0.968 0.004 0.021 0.002 0.002 0.003 
246 TMA-ZAIN-G-    (0)    1 :  0.983 0.003 0.007 0.002 0.002 0.002 
247 TMA-ZAIN-G-    (0)    1 :  0.984 0.003 0.006 0.002 0.002 0.002 
248 TMA-ZAIN-G-    (0)    1 :  0.973 0.005 0.013 0.003 0.003 0.003 
249 TMA-ZAIN-G-    (0)    1 :  0.982 0.004 0.008 0.002 0.002 0.003 
250 TMA-ZAIN-G-    (0)    1 :  0.982 0.004 0.006 0.002 0.003 0.003 
251 TMA-ZAIN-G-    (0)    1 :  0.003 0.798 0.148 0.003 0.031 0.017 
252 TMA-ZAIN-G-    (0)    1 :  0.006 0.920 0.019 0.007 0.044 0.005 
253 TMA-ZAIN-G-    (0)    1 :  0.007 0.926 0.046 0.004 0.013 0.004 
254 TMA-ZAIN-G-    (9)    1 :  0.004 0.955 0.027 0.004 0.004 0.005 
255 TMA-ZAIN-G-    (0)    1 :  0.004 0.700 0.254 0.005 0.022 0.014 
256 TMA-ZAIN-G-    (0)    1 :  0.012 0.869 0.088 0.004 0.022 0.004 
257 TMA-ZAIN-G-    (0)    1 :  0.008 0.878 0.060 0.003 0.045 0.006 
258 TMA-ZAIN-G-    (0)    1 :  0.013 0.936 0.026 0.003 0.018 0.004 
259 TMA-ZAIN-G-    (0)    1 :  0.014 0.611 0.265 0.004 0.101 0.006 
260 TMA-ZAIN-G-    (0)    1 :  0.012 0.731 0.196 0.006 0.049 0.005 
261 TMA-ZAIN-G-   (18)    1 :  0.003 0.924 0.023 0.004 0.028 0.018 
262 TMA-ZAIN-G-    (0)    1 :  0.007 0.893 0.058 0.003 0.033 0.007 
263 TMA-ZAIN-G-    (0)    1 :  0.006 0.727 0.208 0.004 0.047 0.008 
264 TMA-ZAIN-G-    (0)    1 :  0.004 0.672 0.273 0.005 0.038 0.007 
265 TMA-ZAIN-G-    (0)    1 :  0.160 0.582 0.233 0.008 0.012 0.004 
266 TMA-ZAIN-G-    (0)    1 :  0.008 0.948 0.025 0.004 0.010 0.006 
267 TMA-ZAIN-G-    (0)    1 :  0.012 0.047 0.910 0.010 0.013 0.007 
268 TMA-ZAIN-G-    (0)    1 :  0.003 0.003 0.983 0.002 0.003 0.006 
269 TMA-ZAIN-G-    (0)    1 :  0.003 0.005 0.983 0.002 0.003 0.005 
270 TMA-ZAIN-G-    (0)    1 :  0.003 0.005 0.983 0.002 0.003 0.004 
271 TMA-ZAIN-G-    (0)    1 :  0.003 0.004 0.984 0.002 0.003 0.005 
272 TMA-ZAIN-G-    (0)    1 :  0.003 0.004 0.984 0.002 0.002 0.004 
273 TMA-ZAIN-G-    (0)    1 :  0.004 0.003 0.985 0.002 0.002 0.003 
274 TMA-ZAIN-G-    (0)    1 :  0.004 0.006 0.979 0.004 0.003 0.004 
275 TMA-ZAIN-G-    (0)    1 :  0.004 0.003 0.986 0.002 0.002 0.004 
276 TMA-ZAIN-G-    (0)    1 :  0.004 0.004 0.985 0.003 0.002 0.003 
277 TMA-ZAIN-G-    (0)    1 :  0.006 0.004 0.980 0.003 0.003 0.004 
278 TMA-ZAIN-G-    (0)    1 :  0.007 0.003 0.982 0.002 0.003 0.003 
279 TMA-ZAIN-G-    (0)    1 :  0.004 0.004 0.983 0.002 0.002 0.004 
280 TMA-ZAIN-G-    (0)    1 :  0.004 0.004 0.983 0.002 0.002 0.004 
281 TMA-ZAIN-G-    (0)    1 :  0.005 0.004 0.982 0.002 0.003 0.004 
282 TMA-ZAIN-G-    (9)    1 :  0.004 0.003 0.983 0.003 0.003 0.004 
283 TMA-ZAIN-G-    (0)    1 :  0.009 0.005 0.975 0.003 0.003 0.005 
284 TMA-ZAIN-G-    (0)    1 :  0.006 0.008 0.973 0.003 0.004 0.006 
285 TMA-ZAIN-G-    (0)    1 :  0.010 0.005 0.974 0.004 0.004 0.004 
286 TMA-ZAIN-G-    (0)    1 :  0.004 0.003 0.984 0.002 0.003 0.004 
287 TMA-ZAIN-G-    (0)    1 :  0.005 0.004 0.980 0.004 0.003 0.004 
288 TMA-ZAIN-G-    (0)    1 :  0.003 0.009 0.975 0.005 0.003 0.005 
289 TMA-ZAIN-G-    (0)    1 :  0.004 0.005 0.980 0.004 0.003 0.004 
290 TMA-ZAIN-G-    (0)    1 :  0.003 0.005 0.979 0.004 0.003 0.006 
291 TMA-ZAIN-G-    (0)    1 :  0.264 0.017 0.533 0.074 0.016 0.096 
292 TMA-ZAIN-G-    (0)    1 :  0.012 0.962 0.012 0.004 0.003 0.006 
293 TMA-ZAIN-G-    (0)    1 :  0.010 0.975 0.005 0.003 0.004 0.003 
294 TMA-ZAIN-G-    (0)    1 :  0.006 0.965 0.004 0.011 0.010 0.004 
295 TMA-ZAIN-G-    (9)    1 :  0.008 0.957 0.009 0.010 0.011 0.006 
296 TMA-ZAIN-G-    (0)    1 :  0.005 0.971 0.010 0.004 0.004 0.006 
297 TMA-ZAIN-G-    (0)    1 :  0.004 0.978 0.006 0.004 0.004 0.004 
298 TMA-ZAIN-G-    (0)    1 :  0.007 0.971 0.008 0.004 0.005 0.005 
299 TMA-ZAIN-G-    (0)    1 :  0.010 0.970 0.007 0.006 0.003 0.004 
300 TMA-ZAIN-G-    (0)    1 :  0.008 0.957 0.006 0.017 0.010 0.003 
301 TMA-ZAIN-G-    (0)    1 :  0.008 0.975 0.004 0.006 0.004 0.003 
302 TMA-ZAIN-G-    (9)    1 :  0.003 0.981 0.004 0.005 0.004 0.003 
303 TMA-ZAIN-G-    (0)    1 :  0.011 0.020 0.709 0.056 0.191 0.013 
304 TMA-ZAIN-G-    (0)    2 :  0.006 0.946 0.032 0.005 0.006 0.005 
305 TMA-ZAIN-G-    (0)    2 :  0.005 0.980 0.004 0.004 0.003 0.003 
306 TMA-ZAIN-G-    (0)    2 :  0.006 0.801 0.177 0.006 0.007 0.004 
307 TMA-ZAIN-G-    (0)    2 :  0.008 0.955 0.021 0.007 0.005 0.005 
308 TMA-ZAIN-G-    (0)    2 :  0.009 0.154 0.616 0.006 0.211 0.005 
309 TMA-ZAIN-G-    (0)    2 :  0.003 0.981 0.005 0.005 0.003 0.003 
310 TMA-ZAIN-G-    (0)    2 :  0.010 0.972 0.006 0.005 0.004 0.004 
311 TMA-ZAIN-G-    (0)    2 :  0.003 0.968 0.012 0.004 0.005 0.008 
312 TMA-ZAIN-G-    (0)    2 :  0.007 0.968 0.009 0.004 0.005 0.008 
313 TMA-ZAIN-G-    (0)    2 :  0.003 0.963 0.013 0.006 0.011 0.004 
314 TMA-ZAIN-G-    (0)    2 :  0.011 0.008 0.879 0.014 0.013 0.076 
315 TMA-ZAIN-G-    (0)    2 :  0.015 0.557 0.414 0.005 0.003 0.005 
316 TMA-ZAIN-G-    (0)    2 :  0.011 0.505 0.468 0.005 0.003 0.007 
317 TMA-ZAIN-G-    (0)    2 :  0.006 0.016 0.954 0.003 0.003 0.018 
318 TMA-ZAIN-G-    (9)    2 :  0.010 0.005 0.972 0.004 0.004 0.005 
319 TMA-ZAIN-G-    (0)    3 :  0.035 0.174 0.683 0.003 0.013 0.092 
320 TMA-ZAIN-G-    (0)    3 :  0.301 0.659 0.029 0.004 0.003 0.004 
321 TMA-ZAIN-G-    (0)    4 :  0.007 0.732 0.219 0.012 0.004 0.028 
322 TMA-ZAIN-G-    (0)    4 :  0.013 0.698 0.263 0.005 0.004 0.017 
323 TMA-ZAIN-G-    (0)    5 :  0.436 0.350 0.183 0.005 0.008 0.018 
324 TMA-ZAIN-G-    (0)    5 :  0.005 0.973 0.006 0.004 0.005 0.007 
325 TMA-ZAIN-G-    (0)    5 :  0.572 0.080 0.255 0.024 0.008 0.062 
326 TMA-ZAIN-G-    (0)    5 :  0.347 0.581 0.018 0.013 0.029 0.012 
327 TMA-ZAIN-G-    (0)    5 :  0.004 0.968 0.005 0.004 0.016 0.005 
328 TMA-ZAIN-G-    (0)    5 :  0.023 0.316 0.620 0.014 0.016 0.011 
329 TMA-ZAIN-G-    (0)    5 :  0.006 0.979 0.004 0.005 0.004 0.003 
330 TMA-ZAIN-G-    (0)    6 :  0.002 0.982 0.004 0.004 0.005 0.003 
331 TMA-ZAIN-G-    (0)    6 :  0.129 0.687 0.039 0.023 0.090 0.033 
332 TMA-ZAIN-G-    (0)    6 :  0.004 0.978 0.003 0.004 0.006 0.004 
333 TMA-ZAIN-G-    (0)    6 :  0.005 0.947 0.005 0.003 0.035 0.005 
334 TMA-ZAIN-G-    (0)    6 :  0.004 0.003 0.984 0.002 0.002 0.004 
335 TMA-ZAIN-G-    (0)    6 :  0.005 0.004 0.984 0.002 0.002 0.003 
336 TMA-ZAIN-G-    (0)    6 :  0.010 0.007 0.975 0.002 0.003 0.004 
337 TMA-ZAIN-G-    (9)    6 :  0.003 0.004 0.982 0.003 0.003 0.004 
338 TMA-ZAIN-G-    (0)    6 :  0.003 0.003 0.985 0.002 0.002 0.005 
339 TMA-ZAIN-G-    (0)    6 :  0.004 0.002 0.984 0.002 0.002 0.005 
340 TMA-ZAIN-G-    (0)    6 :  0.004 0.003 0.985 0.002 0.002 0.004 
341 TMA-ZAIN-G-    (0)    6 :  0.004 0.004 0.984 0.002 0.002 0.004 
342 TMA-ZAIN-G-    (0)    6 :  0.010 0.004 0.977 0.002 0.003 0.005 
343 TMA-ZAIN-G-    (0)    7 :  0.004 0.003 0.985 0.002 0.002 0.004 
344 TMA-ZAIN-G-    (0)    7 :  0.004 0.004 0.983 0.003 0.003 0.004 
345 TMA-ZAIN-G-    (0)    7 :  0.006 0.003 0.984 0.002 0.002 0.003 
346 TMA-ZAIN-G-    (0)    7 :  0.004 0.003 0.985 0.002 0.002 0.004 
347 TMA-ZAIN-G-    (9)    7 :  0.004 0.003 0.984 0.002 0.002 0.004 
348 TMA-ZAIN-G-    (0)    7 :  0.004 0.004 0.981 0.003 0.003 0.004 
349 TMA-ZAIN-G-    (0)    7 :  0.005 0.004 0.983 0.003 0.002 0.004 
350 TMA-ZAIN-G-    (0)    7 :  0.006 0.005 0.980 0.003 0.003 0.004 
351 TMA-ZAIN-G-    (0)    7 :  0.005 0.003 0.983 0.002 0.003 0.004 
352 TMA-ZAIN-G-    (0)    7 :  0.004 0.005 0.982 0.002 0.003 0.004 
353 TMA-ZAIN-G-    (0)    7 :  0.005 0.005 0.980 0.003 0.003 0.005 
354 TMA-ZAIN-G-    (0)    7 :  0.004 0.004 0.984 0.002 0.002 0.004 
355 TMA-ZAIN-G-    (0)    7 :  0.004 0.005 0.980 0.003 0.003 0.005 
356 TMA-ZAIN-G-    (0)    8 :  0.003 0.983 0.005 0.005 0.002 0.003 
357 TMA-ZAIN-G-    (0)    8 :  0.003 0.980 0.006 0.004 0.004 0.004 
358 TMA-ZAIN-G-    (0)    8 :  0.003 0.958 0.013 0.012 0.008 0.006 
359 TMA-ZAIN-G-    (0)    8 :  0.116 0.863 0.011 0.004 0.003 0.003 
360 TMA-ZAIN-G-    (0)    8 :  0.004 0.983 0.003 0.005 0.002 0.003 
361 TMA-ZAIN-G-    (0)    8 :  0.005 0.885 0.005 0.048 0.028 0.029 
362 TMA-ZAIN-G-    (0)    8 :  0.023 0.960 0.006 0.004 0.002 0.004 
363 TMA-ZAIN-G-    (0)    9 :  0.009 0.963 0.013 0.005 0.005 0.004 
364 TMA-ZAIN-G-    (0)    9 :  0.005 0.014 0.968 0.003 0.003 0.007 
365 TMA-ZAIN-G-    (0)    9 :  0.034 0.723 0.223 0.008 0.003 0.009 
366 TMA-ZAIN-G-    (0)    9 :  0.011 0.947 0.006 0.015 0.016 0.004 
367 TMA-ZAIN-G-    (0)    9 :  0.003 0.960 0.011 0.004 0.008 0.014 
368 TMA-ZAIN-G-    (0)    9 :  0.006 0.957 0.004 0.015 0.014 0.003 
369 TMA-ZAIN-G-    (0)    9 :  0.003 0.984 0.003 0.004 0.003 0.002 
370 TMA-ZAIN-G-    (0)    9 :  0.027 0.856 0.004 0.063 0.027 0.023 
371 TMA-ZAIN-G-    (0)    9 :  0.003 0.981 0.004 0.006 0.003 0.003 
372 TMA-ZAIN-G-    (0)    9 :  0.004 0.978 0.003 0.009 0.003 0.003 
373 TMA-ZAIN-G-    (0)    9 :  0.010 0.964 0.005 0.004 0.011 0.006 
374 TMA-ZAIN-G-    (0)   10 :  0.003 0.758 0.195 0.005 0.007 0.031 
375 TMA-ZAIN-G-    (0)   10 :  0.083 0.536 0.367 0.005 0.003 0.006 
376 TMA-ZAIN-G-    (9)   10 :  0.003 0.982 0.004 0.006 0.002 0.003 
377 TMA-ZAIN-G-    (0)   10 :  0.002 0.984 0.002 0.007 0.003 0.002 
378 TMA-ZAIN-G-    (0)   10 :  0.002 0.984 0.003 0.006 0.003 0.003 
379 TMA-ZAIN-G-    (0)   10 :  0.002 0.984 0.003 0.005 0.003 0.003 
380 TMA-ZAIN-G-    (0)   10 :  0.005 0.971 0.004 0.011 0.007 0.003 
381 TMA-ZAIN-G-    (9)   10 :  0.057 0.379 0.343 0.130 0.035 0.055 
382 TMA-ZAIN-G-    (9)   10 :  0.113 0.007 0.802 0.013 0.019 0.045 
383    ZFB01    (0)   11 :  0.015 0.222 0.016 0.006 0.004 0.736 
384    ZFB02    (0)   11 :  0.015 0.017 0.012 0.004 0.005 0.946 
385    ZFB03    (0)   11 :  0.005 0.016 0.024 0.006 0.013 0.937 
386    ZFB04    (0)   11 :  0.024 0.027 0.009 0.007 0.005 0.928 
387    ZFB05    (0)   11 :  0.049 0.017 0.052 0.003 0.013 0.866 
388    ZFB06    (0)   11 :  0.032 0.017 0.034 0.003 0.008 0.906 
389    ZFB07    (9)   11 :  0.012 0.009 0.006 0.015 0.006 0.952 
390    ZFB08    (0)   11 :  0.004 0.011 0.016 0.006 0.006 0.957 
391    ZFB09    (0)   11 :  0.005 0.024 0.024 0.004 0.005 0.939 
392    ZFB10    (0)   11 :  0.020 0.117 0.015 0.023 0.006 0.820 
393    ZFB11    (0)   11 :  0.021 0.390 0.029 0.007 0.006 0.547 
394    ZFB12    (0)   11 :  0.009 0.104 0.034 0.006 0.006 0.842 
395    ZFB13    (0)   11 :  0.004 0.005 0.015 0.007 0.005 0.964 
396    ZFB14    (0)   11 :  0.004 0.017 0.024 0.007 0.005 0.944 
397    ZFB15    (0)   11 :  0.022 0.036 0.031 0.004 0.003 0.904 
398    ZFB16    (0)   11 :  0.016 0.017 0.022 0.006 0.004 0.935 
399    ZFB17    (0)   11 :  0.023 0.035 0.019 0.006 0.006 0.911 
400    ZFB18    (0)   11 :  0.005 0.047 0.025 0.006 0.005 0.912 
401    ZFB19    (0)   11 :  0.008 0.012 0.010 0.031 0.005 0.933 
402    ZFB20    (0)   11 :  0.040 0.035 0.038 0.006 0.004 0.877 
403    ZFB21    (0)   11 :  0.014 0.014 0.061 0.003 0.005 0.903 
404    ZFB22    (0)   11 :  0.034 0.106 0.028 0.006 0.004 0.821 
405    ZFB23    (0)   11 :  0.069 0.102 0.016 0.012 0.010 0.792 
406    ZFB24    (0)   11 :  0.044 0.298 0.012 0.006 0.006 0.634 
407    ZFB25    (0)   11 :  0.028 0.162 0.032 0.047 0.010 0.721 
408    ZFB26    (0)   11 :  0.217 0.094 0.010 0.020 0.012 0.646 
409    ZFB27    (0)   11 :  0.295 0.184 0.114 0.008 0.006 0.393 
410    ZFB28    (0)   11 :  0.068 0.014 0.604 0.023 0.130 0.161 
411    ZFB29    (0)   11 :  0.017 0.094 0.037 0.004 0.006 0.842 
412    ZFB30    (0)   11 :  0.385 0.047 0.020 0.007 0.006 0.535 
413    ZFB31    (0)   11 :  0.010 0.016 0.017 0.034 0.007 0.915 
414    ZFB32    (0)   11 :  0.028 0.039 0.125 0.012 0.145 0.650 
415    ZFB33    (0)   11 :  0.018 0.069 0.027 0.005 0.004 0.877 
416    ZFB34    (0)   11 :  0.003 0.010 0.008 0.005 0.006 0.968 
417    ZFB35    (0)   11 :  0.010 0.026 0.008 0.011 0.007 0.938 
418  ZFBP101    (0)   12 :  0.003 0.007 0.013 0.821 0.139 0.017 
419  ZFBP102    (0)   12 :  0.003 0.008 0.017 0.918 0.027 0.027 
420  ZFBP103    (0)   12 :  0.003 0.007 0.004 0.635 0.342 0.009 
421  ZFBP104    (0)   12 :  0.004 0.004 0.032 0.893 0.006 0.062 
422  ZFBP105    (0)   12 :  0.005 0.004 0.013 0.960 0.009 0.009 
423  ZFBP106    (0)   12 :  0.003 0.004 0.003 0.972 0.014 0.004 
424  ZFBP107    (0)   12 :  0.025 0.006 0.010 0.933 0.015 0.011 
425  ZFBP108    (0)   12 :  0.003 0.005 0.003 0.981 0.004 0.004 
426  ZFBP109    (0)   12 :  0.003 0.021 0.004 0.964 0.005 0.004 
427  ZFBP110    (0)   12 :  0.003 0.018 0.015 0.663 0.266 0.035 
428  ZFBP111    (0)   12 :  0.003 0.004 0.002 0.982 0.006 0.003 
429  ZFBP112    (0)   12 :  0.006 0.005 0.005 0.972 0.008 0.005 
430  ZFBP113    (0)   12 :  0.004 0.005 0.005 0.978 0.004 0.005 
431  ZFBP114    (0)   12 :  0.012 0.005 0.003 0.965 0.010 0.004 
432  ZFBP115    (0)   12 :  0.003 0.005 0.003 0.971 0.014 0.004 
433  ZFBP116    (0)   12 :  0.005 0.004 0.003 0.980 0.005 0.004 
434  ZFBP117    (0)   12 :  0.003 0.005 0.003 0.979 0.008 0.004 
435  ZFBP118    (0)   12 :  0.014 0.005 0.003 0.968 0.006 0.004 
436  ZFBP119    (0)   12 :  0.003 0.005 0.003 0.954 0.032 0.004 
437  ZFBP120    (0)   12 :  0.005 0.005 0.007 0.968 0.006 0.008 
438  ZFBP121    (0)   12 :  0.003 0.005 0.005 0.969 0.011 0.006 
439  ZFBP122    (9)   12 :  0.003 0.005 0.002 0.978 0.007 0.004 
440  ZFBP123    (0)   12 :  0.007 0.004 0.003 0.968 0.012 0.006 
441  ZFBP124    (0)   12 :  0.004 0.005 0.004 0.974 0.007 0.007 
442  ZFBP125    (0)   12 :  0.003 0.004 0.002 0.982 0.006 0.003 
443  ZFBP126    (0)   12 :  0.004 0.012 0.011 0.916 0.031 0.027 
444  ZFBP127    (0)   12 :  0.003 0.010 0.003 0.967 0.014 0.003 
445  ZFBP128    (0)   12 :  0.003 0.005 0.003 0.979 0.007 0.004 
446  ZFBP129    (0)   12 :  0.003 0.005 0.003 0.976 0.008 0.005 
447  ZFBP130    (0)   12 :  0.003 0.004 0.002 0.979 0.008 0.003 
448  ZFBP131    (0)   12 :  0.004 0.006 0.003 0.978 0.004 0.005 
449  ZFBP132    (0)   12 :  0.003 0.006 0.003 0.978 0.006 0.004 
450  ZFBP133    (0)   12 :  0.002 0.004 0.002 0.983 0.005 0.004 
451  ZFBP134    (0)   12 :  0.003 0.005 0.003 0.968 0.016 0.004 
452  ZFBP135    (0)   12 :  0.003 0.008 0.012 0.672 0.283 0.022 
453  ZFBP136    (0)   12 :  0.007 0.004 0.005 0.909 0.069 0.005 
454  ZFBP201    (0)   13 :  0.006 0.006 0.004 0.967 0.009 0.008 
455  ZFBP202    (0)   13 :  0.003 0.005 0.004 0.977 0.005 0.005 
456  ZFBP203    (0)   13 :  0.045 0.005 0.009 0.922 0.006 0.013 
457  ZFBP204    (0)   13 :  0.005 0.005 0.005 0.957 0.024 0.005 
458  ZFBP205    (0)   13 :  0.005 0.005 0.003 0.977 0.007 0.004 
459  ZFBP206    (0)   13 :  0.006 0.005 0.003 0.968 0.010 0.007 
460  ZFBP207    (0)   13 :  0.003 0.004 0.003 0.966 0.021 0.004 
461  ZFBP208    (0)   13 :  0.011 0.005 0.005 0.966 0.007 0.006 
462  ZFBP209    (0)   13 :  0.002 0.008 0.002 0.979 0.006 0.003 
463  ZFBP210    (0)   13 :  0.008 0.006 0.004 0.970 0.007 0.006 
464  ZFBP211    (0)   13 :  0.003 0.006 0.004 0.976 0.006 0.006 
465  ZFBP212    (0)   13 :  0.003 0.005 0.003 0.979 0.005 0.005 
466  ZFBP213    (0)   13 :  0.005 0.005 0.005 0.962 0.015 0.009 
467  ZFBP214    (0)   13 :  0.004 0.008 0.004 0.915 0.060 0.009 
468  ZFBP215    (0)   13 :  0.003 0.006 0.003 0.978 0.007 0.004 
469  ZFBP216    (0)   13 :  0.008 0.006 0.009 0.962 0.006 0.008 
470  ZFBP217    (0)   13 :  0.003 0.006 0.002 0.976 0.008 0.005 
471  ZFBP218    (0)   13 :  0.003 0.004 0.002 0.984 0.003 0.003 
472  ZFBP219    (0)   13 :  0.004 0.004 0.003 0.981 0.004 0.004 
473  ZFBP220    (0)   13 :  0.003 0.005 0.003 0.976 0.009 0.004 
474  ZFBP221    (0)   13 :  0.004 0.004 0.003 0.981 0.004 0.004 
475  ZFBP222    (0)   13 :  0.005 0.006 0.004 0.971 0.008 0.007 
476  ZFBP223    (0)   13 :  0.005 0.008 0.004 0.937 0.039 0.007 
477  ZFBP224    (0)   13 :  0.004 0.005 0.004 0.974 0.007 0.006 
478  ZFBP225    (0)   13 :  0.006 0.005 0.003 0.969 0.013 0.004 
479  ZFBP226    (0)   13 :  0.004 0.005 0.004 0.977 0.005 0.005 
480  ZFBP227    (0)   13 :  0.006 0.005 0.039 0.859 0.009 0.083 
481  ZFBP228    (0)   13 :  0.003 0.006 0.003 0.967 0.016 0.005 
482  ZFBP229    (0)   13 :  0.003 0.005 0.003 0.980 0.006 0.004 
483  ZFBP230    (0)   13 :  0.004 0.006 0.004 0.971 0.011 0.005 
484  ZFBP231    (0)   13 :  0.004 0.005 0.006 0.974 0.007 0.005 
485  ZFBP232    (0)   13 :  0.003 0.005 0.003 0.981 0.005 0.003 
486  ZFBP233    (0)   13 :  0.004 0.007 0.005 0.972 0.006 0.006 
487   ZFCC01    (0)   14 :  0.006 0.004 0.007 0.005 0.961 0.017 
488   ZFCC03    (0)   14 :  0.003 0.003 0.002 0.006 0.980 0.005 
489   ZFCC04    (0)   14 :  0.003 0.004 0.003 0.005 0.978 0.007 
490   ZFCC05    (0)   14 :  0.004 0.004 0.004 0.006 0.974 0.008 
491   ZFCC08    (0)   14 :  0.003 0.004 0.002 0.023 0.962 0.007 
492   ZFCC09    (0)   14 :  0.003 0.002 0.002 0.004 0.981 0.007 
493   ZFCC10    (0)   14 :  0.006 0.003 0.008 0.006 0.957 0.020 
494   ZFCC11    (0)   14 :  0.005 0.004 0.008 0.006 0.970 0.008 
495   ZFCC12    (0)   14 :  0.004 0.003 0.010 0.006 0.874 0.104 
496   ZFCC13    (0)   14 :  0.009 0.006 0.004 0.013 0.961 0.007 
497   ZFCC14    (0)   14 :  0.006 0.006 0.003 0.008 0.960 0.017 
498   ZFCC15    (0)   14 :  0.005 0.004 0.004 0.005 0.971 0.011 
499   ZFCC16    (0)   14 :  0.003 0.003 0.003 0.004 0.976 0.010 
500   ZFCC17    (0)   14 :  0.007 0.003 0.003 0.003 0.976 0.009 
501   ZFCC18    (0)   14 :  0.003 0.004 0.002 0.005 0.977 0.008 
502   ZFCC19    (0)   14 :  0.024 0.003 0.009 0.004 0.947 0.013 
503   ZFCC20    (0)   14 :  0.003 0.003 0.003 0.005 0.981 0.006 
504   ZFCC21    (0)   14 :  0.008 0.006 0.004 0.122 0.803 0.057 
505   ZFCC22    (0)   14 :  0.010 0.007 0.003 0.491 0.474 0.015 
506   ZFCC26    (0)   14 :  0.003 0.003 0.003 0.004 0.979 0.008 
507   ZFCC27    (0)   14 :  0.004 0.003 0.006 0.004 0.978 0.004 
508   ZFCC29    (0)   14 :  0.003 0.003 0.003 0.005 0.967 0.019 
509   ZFCC30    (0)   14 :  0.005 0.003 0.005 0.004 0.979 0.004 
510   ZFCC32    (0)   14 :  0.006 0.003 0.004 0.006 0.967 0.014 
511   ZFCC33    (0)   14 :  0.005 0.003 0.006 0.004 0.974 0.009 
512   ZFCC34    (0)   14 :  0.005 0.006 0.003 0.028 0.946 0.013 
513   ZFCC35    (0)   14 :  0.008 0.003 0.005 0.005 0.975 0.004 
514   ZFCC36    (0)   14 :  0.018 0.005 0.003 0.014 0.948 0.012 
515   ZFCC37    (0)   14 :  0.004 0.004 0.010 0.008 0.878 0.096 
516   ZFCC40    (0)   14 :  0.027 0.005 0.007 0.007 0.943 0.010 
517   ZFCC42    (0)   14 :  0.094 0.003 0.024 0.005 0.668 0.206 
518   ZFCC44    (0)   14 :  0.007 0.003 0.002 0.003 0.982 0.003 
519   ZFCC45    (9)   14 :  0.013 0.004 0.006 0.006 0.937 0.035 
520   ZFCC46    (0)   14 :  0.004 0.004 0.002 0.015 0.970 0.005 
521   ZFCC47    (0)   14 :  0.003 0.003 0.007 0.007 0.919 0.061 
522   ZFCC48    (0)   14 :  0.004 0.006 0.003 0.058 0.915 0.015 
523   ZFCC50    (0)   14 :  0.004 0.003 0.002 0.004 0.978 0.009 
524   ZFCC51    (0)   14 :  0.002 0.003 0.002 0.004 0.984 0.005 
525   ZFCC52    (0)   14 :  0.013 0.004 0.006 0.013 0.957 0.006 
526   ZFCC53    (0)   14 :  0.005 0.003 0.005 0.003 0.979 0.005 
527  ZFCNS01    (0)   15 :  0.010 0.004 0.007 0.018 0.954 0.008 
528  ZFCNS02    (0)   15 :  0.003 0.004 0.003 0.013 0.974 0.004 
529  ZFCNS05    (0)   15 :  0.003 0.005 0.003 0.018 0.965 0.006 
530  ZFCNS06    (0)   15 :  0.003 0.004 0.003 0.014 0.971 0.004 
