

----------------------------------------------------
STRUCTURE by Pritchard, Stephens and Donnelly (2000)
     and Falush, Stephens and Pritchard (2003)
       Code by Pritchard, Falush and Hubisz
             Version 2.3.4 (Jul 2012)
----------------------------------------------------



Command line arguments:   bin\structure -m C:\Users\eschumacher\Documents\GitHub\GCC_QUAC_ZAIN\Data_Files\Structure_Files\ZAIN\ZAIN_og_allpop_STR\50-50\mainparams -e C:\Users\eschumacher\Documents\GitHub\GCC_QUAC_ZAIN\Data_Files\Structure_Files\ZAIN\ZAIN_og_allpop_STR\50-50\extraparams 
Input File:    C:\Users\eschumacher\Documents\GitHub\GCC_QUAC_ZAIN\Data_Files\Structure_Files\ZAIN\ZAIN_og_allpop_STR\project_data

Run parameters:
   1135 individuals
   11 loci
   7 populations assumed
   50000 Burn-in period
   50000 Reps


--------------------------------------------
Proportion of membership of each pre-defined
 population in each of the 7 clusters

Given    Inferred Clusters                                   Number of
 Pop       1      2      3      4      5      6      7      Individuals

  1:     0.010  0.013  0.079  0.296  0.008  0.586  0.009      303
  2:     0.011  0.015  0.007  0.306  0.009  0.647  0.005       15
  3:     0.043  0.010  0.170  0.354  0.004  0.416  0.003        2
  4:     0.019  0.004  0.009  0.247  0.006  0.708  0.007        2
  5:     0.016  0.010  0.186  0.167  0.013  0.598  0.010        7
  6:     0.006  0.013  0.012  0.682  0.004  0.279  0.003       13
  7:     0.004  0.002  0.004  0.980  0.003  0.004  0.002       13
  8:     0.006  0.006  0.022  0.007  0.010  0.939  0.010        7
  9:     0.007  0.009  0.010  0.113  0.009  0.841  0.011       11
 10:     0.015  0.010  0.026  0.201  0.009  0.719  0.021        9
 11:     0.820  0.009  0.045  0.041  0.008  0.068  0.010       35
 12:     0.010  0.032  0.005  0.007  0.145  0.007  0.794       36
 13:     0.008  0.009  0.006  0.005  0.092  0.006  0.874       33
 14:     0.014  0.951  0.007  0.004  0.008  0.003  0.013       40
 15:     0.004  0.010  0.003  0.003  0.972  0.003  0.006       40
 16:     0.780  0.048  0.018  0.016  0.046  0.020  0.072       40
 17:     0.626  0.097  0.132  0.058  0.037  0.016  0.036       37
 18:     0.007  0.007  0.003  0.003  0.110  0.005  0.864       40
 19:     0.915  0.040  0.004  0.012  0.019  0.004  0.006       28
 20:     0.015  0.948  0.010  0.004  0.010  0.003  0.011       14
 21:     0.028  0.016  0.885  0.004  0.052  0.003  0.012       13
 22:     0.005  0.016  0.002  0.003  0.906  0.004  0.064       14
 23:     0.006  0.012  0.012  0.006  0.048  0.005  0.912       25
 24:     0.009  0.019  0.007  0.003  0.010  0.008  0.944       40
 25:     0.020  0.876  0.008  0.010  0.051  0.018  0.018       32
 26:     0.004  0.004  0.979  0.003  0.003  0.003  0.003       21
 27:     0.915  0.013  0.004  0.035  0.009  0.013  0.010        4
 28:     0.925  0.019  0.003  0.012  0.008  0.005  0.028       23
 29:     0.969  0.009  0.003  0.004  0.006  0.004  0.006       39
 30:     0.956  0.007  0.017  0.009  0.004  0.003  0.004       38
 31:     0.006  0.009  0.005  0.004  0.857  0.005  0.113       45
 32:     0.006  0.017  0.021  0.005  0.559  0.009  0.384       28
 33:     0.935  0.006  0.011  0.014  0.006  0.023  0.005        6
 34:     0.690  0.060  0.009  0.053  0.099  0.007  0.083       40
 35:     0.563  0.052  0.254  0.026  0.050  0.014  0.042       42
--------------------------------------------

Allele-freq. divergence among pops (Net nucleotide distance),
computed using point estimates of P.

      1       2       3       4       5       6       7      
 1      -    0.1166  0.2082  0.1670  0.1658  0.2459  0.1842  
 2   0.1166     -    0.2781  0.3114  0.1156  0.3047  0.1489  
 3   0.2082  0.2781     -    0.2117  0.3190  0.2760  0.3233  
 4   0.1670  0.3114  0.2117     -    0.3335  0.1698  0.3695  
 5   0.1658  0.1156  0.3190  0.3335     -    0.2938  0.0897  
 6   0.2459  0.3047  0.2760  0.1698  0.2938     -    0.2809  
 7   0.1842  0.1489  0.3233  0.3695  0.0897  0.2809     -    

Average distances (expected heterozygosity) between individuals in same cluster:
cluster  1  : 0.5357 
cluster  2  : 0.4331 
cluster  3  : 0.4302 
cluster  4  : 0.4917 
cluster  5  : 0.4114 
cluster  6  : 0.4795 
cluster  7  : 0.4366 

--------------------------------------------
Estimated Ln Prob of Data   = -23626.0
Mean value of ln likelihood = -23064.3
Variance of ln likelihood   = 1123.4
Mean value of alpha         = 0.0340

Mean value of Fst_1         = 0.2710
Mean value of Fst_2         = 0.4904
Mean value of Fst_3         = 0.3804
Mean value of Fst_4         = 0.3331
Mean value of Fst_5         = 0.5515
Mean value of Fst_6         = 0.3262
Mean value of Fst_7         = 0.4082


Inferred ancestry of individuals:
        Label (%Miss) Pop:  Inferred clusters
  1 TMA-ZAIN-G-    (9)    1 :  0.052 0.005 0.005 0.874 0.003 0.058 0.004 
  2 TMA-ZAIN-G-    (0)    1 :  0.042 0.122 0.007 0.682 0.009 0.048 0.090 
  3 TMA-ZAIN-G-    (0)    1 :  0.003 0.003 0.003 0.004 0.004 0.979 0.004 
  4 TMA-ZAIN-G-    (0)    1 :  0.030 0.035 0.006 0.144 0.003 0.778 0.004 
  5 TMA-ZAIN-G-    (0)    1 :  0.011 0.005 0.002 0.968 0.003 0.005 0.005 
  6 TMA-ZAIN-G-    (0)    1 :  0.011 0.007 0.035 0.048 0.004 0.891 0.005 
  7 TMA-ZAIN-G-    (0)    1 :  0.005 0.006 0.005 0.012 0.004 0.963 0.005 
  8 TMA-ZAIN-G-    (0)    1 :  0.003 0.004 0.002 0.004 0.004 0.979 0.004 
  9 TMA-ZAIN-G-    (9)    1 :  0.025 0.015 0.017 0.006 0.026 0.868 0.043 
 10 TMA-ZAIN-G-    (0)    1 :  0.003 0.003 0.004 0.004 0.004 0.977 0.005 
 11 TMA-ZAIN-G-    (0)    1 :  0.005 0.008 0.005 0.006 0.027 0.942 0.007 
 12 TMA-ZAIN-G-    (0)    1 :  0.004 0.004 0.003 0.003 0.003 0.978 0.005 
 13 TMA-ZAIN-G-    (9)    1 :  0.008 0.003 0.010 0.047 0.009 0.917 0.006 
 14 TMA-ZAIN-G-    (9)    1 :  0.010 0.012 0.013 0.008 0.005 0.949 0.004 
 15 TMA-ZAIN-G-    (0)    1 :  0.006 0.010 0.005 0.005 0.005 0.967 0.003 
 16 TMA-ZAIN-G-    (0)    1 :  0.004 0.002 0.004 0.005 0.004 0.977 0.005 
 17 TMA-ZAIN-G-    (9)    1 :  0.005 0.004 0.004 0.010 0.003 0.971 0.003 
 18 TMA-ZAIN-G-    (0)    1 :  0.007 0.005 0.003 0.968 0.003 0.011 0.003 
 19 TMA-ZAIN-G-    (0)    1 :  0.007 0.003 0.007 0.929 0.003 0.048 0.003 
 20 TMA-ZAIN-G-    (0)    1 :  0.003 0.004 0.014 0.969 0.003 0.003 0.003 
 21 TMA-ZAIN-G-    (0)    1 :  0.004 0.003 0.866 0.115 0.003 0.005 0.004 
 22 TMA-ZAIN-G-    (0)    1 :  0.004 0.003 0.003 0.983 0.002 0.003 0.002 
 23 TMA-ZAIN-G-    (0)    1 :  0.004 0.002 0.004 0.979 0.003 0.005 0.002 
 24 TMA-ZAIN-G-    (9)    1 :  0.003 0.003 0.003 0.864 0.024 0.039 0.063 
 25 TMA-ZAIN-G-    (9)    1 :  0.032 0.002 0.018 0.886 0.003 0.028 0.030 
 26 TMA-ZAIN-G-    (9)    1 :  0.002 0.019 0.058 0.042 0.006 0.868 0.004 
 27 TMA-ZAIN-G-    (0)    1 :  0.017 0.231 0.031 0.650 0.007 0.056 0.009 
 28 TMA-ZAIN-G-    (0)    1 :  0.091 0.019 0.014 0.645 0.045 0.073 0.114 
 29 TMA-ZAIN-G-    (0)    1 :  0.003 0.004 0.259 0.009 0.004 0.707 0.014 
 30 TMA-ZAIN-G-    (0)    1 :  0.015 0.010 0.010 0.011 0.038 0.864 0.051 
 31 TMA-ZAIN-G-    (0)    1 :  0.005 0.008 0.003 0.969 0.004 0.006 0.004 
 32 TMA-ZAIN-G-    (9)    1 :  0.008 0.003 0.003 0.774 0.005 0.191 0.015 
 33 TMA-ZAIN-G-   (18)    1 :  0.004 0.003 0.002 0.004 0.004 0.979 0.004 
 34 TMA-ZAIN-G-    (0)    1 :  0.004 0.005 0.009 0.070 0.003 0.900 0.008 
 35 TMA-ZAIN-G-    (9)    1 :  0.004 0.004 0.003 0.005 0.004 0.976 0.004 
 36 TMA-ZAIN-G-    (0)    1 :  0.003 0.004 0.003 0.004 0.005 0.978 0.004 
 37 TMA-ZAIN-G-    (9)    1 :  0.004 0.007 0.008 0.008 0.003 0.964 0.005 
 38 TMA-ZAIN-G-   (18)    1 :  0.033 0.007 0.008 0.744 0.004 0.198 0.006 
 39 TMA-ZAIN-G-    (0)    1 :  0.003 0.003 0.007 0.004 0.003 0.973 0.007 
 40 TMA-ZAIN-G-    (0)    1 :  0.002 0.002 0.005 0.003 0.003 0.979 0.005 
 41 TMA-ZAIN-G-    (0)    1 :  0.003 0.003 0.005 0.003 0.005 0.977 0.004 
 42 TMA-ZAIN-G-    (9)    1 :  0.003 0.005 0.003 0.003 0.007 0.975 0.004 
 43 TMA-ZAIN-G-    (0)    1 :  0.007 0.019 0.006 0.005 0.006 0.954 0.003 
 44 TMA-ZAIN-G-    (0)    1 :  0.005 0.012 0.763 0.086 0.022 0.102 0.010 
 45 TMA-ZAIN-G-    (0)    1 :  0.005 0.006 0.010 0.006 0.003 0.964 0.005 
 46 TMA-ZAIN-G-    (0)    1 :  0.004 0.003 0.804 0.177 0.003 0.005 0.003 
 47 TMA-ZAIN-G-    (0)    1 :  0.007 0.039 0.017 0.051 0.003 0.879 0.003 
 48 TMA-ZAIN-G-    (0)    1 :  0.005 0.010 0.007 0.027 0.007 0.940 0.005 
 49 TMA-ZAIN-G-    (9)    1 :  0.031 0.005 0.286 0.571 0.004 0.091 0.012 
 50 TMA-ZAIN-G-    (0)    1 :  0.006 0.002 0.257 0.604 0.013 0.113 0.006 
 51 TMA-ZAIN-G-    (0)    1 :  0.027 0.252 0.171 0.379 0.114 0.044 0.013 
 52 TMA-ZAIN-G-    (0)    1 :  0.039 0.210 0.039 0.320 0.051 0.311 0.029 
 53 TMA-ZAIN-G-    (0)    1 :  0.006 0.090 0.004 0.807 0.058 0.033 0.003 
 54 TMA-ZAIN-G-    (0)    1 :  0.005 0.038 0.004 0.146 0.010 0.793 0.004 
 55 TMA-ZAIN-G-    (0)    1 :  0.005 0.024 0.006 0.160 0.014 0.788 0.003 
 56 TMA-ZAIN-G-    (0)    1 :  0.022 0.030 0.005 0.192 0.004 0.745 0.003 
 57 TMA-ZAIN-G-    (0)    1 :  0.007 0.014 0.004 0.228 0.004 0.740 0.003 
 58 TMA-ZAIN-G-    (0)    1 :  0.009 0.007 0.011 0.870 0.008 0.088 0.006 
 59 TMA-ZAIN-G-    (0)    1 :  0.006 0.010 0.005 0.779 0.022 0.128 0.049 
 60 TMA-ZAIN-G-    (0)    1 :  0.014 0.012 0.010 0.929 0.006 0.025 0.004 
 61 TMA-ZAIN-G-    (0)    1 :  0.006 0.005 0.004 0.972 0.003 0.006 0.004 
 62 TMA-ZAIN-G-    (9)    1 :  0.044 0.021 0.059 0.665 0.009 0.170 0.032 
 63 TMA-ZAIN-G-    (0)    1 :  0.027 0.015 0.004 0.936 0.004 0.011 0.003 
 64 TMA-ZAIN-G-    (0)    1 :  0.002 0.003 0.005 0.003 0.004 0.948 0.035 
 65 TMA-ZAIN-G-    (9)    1 :  0.003 0.004 0.003 0.003 0.003 0.979 0.005 
 66 TMA-ZAIN-G-    (0)    1 :  0.002 0.003 0.005 0.003 0.003 0.972 0.012 
 67 TMA-ZAIN-G-    (0)    1 :  0.005 0.003 0.021 0.008 0.003 0.949 0.011 
 68 TMA-ZAIN-G-    (0)    1 :  0.002 0.004 0.003 0.003 0.003 0.975 0.010 
 69 TMA-ZAIN-G-    (0)    1 :  0.009 0.007 0.028 0.015 0.005 0.912 0.023 
 70 TMA-ZAIN-G-    (0)    1 :  0.004 0.005 0.005 0.006 0.009 0.957 0.014 
 71 TMA-ZAIN-G-    (0)    1 :  0.003 0.008 0.004 0.004 0.016 0.934 0.030 
 72 TMA-ZAIN-G-    (0)    1 :  0.003 0.004 0.003 0.005 0.005 0.974 0.006 
 73 TMA-ZAIN-G-    (0)    1 :  0.003 0.017 0.013 0.049 0.008 0.898 0.011 
 74 TMA-ZAIN-G-    (0)    1 :  0.007 0.007 0.016 0.020 0.008 0.926 0.017 
 75 TMA-ZAIN-G-    (0)    1 :  0.005 0.020 0.003 0.006 0.023 0.927 0.015 
 76 TMA-ZAIN-G-    (0)    1 :  0.011 0.011 0.073 0.028 0.014 0.843 0.020 
 77 TMA-ZAIN-G-    (0)    1 :  0.003 0.003 0.010 0.006 0.004 0.969 0.005 
 78 TMA-ZAIN-G-    (0)    1 :  0.007 0.004 0.043 0.025 0.004 0.913 0.004 
 79 TMA-ZAIN-G-    (0)    1 :  0.003 0.005 0.036 0.009 0.004 0.938 0.004 
 80 TMA-ZAIN-G-    (0)    1 :  0.003 0.004 0.006 0.004 0.003 0.975 0.005 
 81 TMA-ZAIN-G-    (0)    1 :  0.004 0.007 0.010 0.007 0.007 0.959 0.006 
 82 TMA-ZAIN-G-    (0)    1 :  0.004 0.008 0.002 0.004 0.005 0.962 0.015 
 83 TMA-ZAIN-G-    (9)    1 :  0.004 0.009 0.012 0.049 0.004 0.914 0.008 
 84 TMA-ZAIN-G-    (0)    1 :  0.005 0.003 0.069 0.012 0.003 0.904 0.004 
 85 TMA-ZAIN-G-    (0)    1 :  0.005 0.004 0.004 0.966 0.003 0.017 0.002 
 86 TMA-ZAIN-G-    (0)    1 :  0.014 0.019 0.042 0.565 0.004 0.350 0.006 
 87 TMA-ZAIN-G-    (0)    1 :  0.005 0.005 0.009 0.965 0.002 0.011 0.002 
 88 TMA-ZAIN-G-    (0)    1 :  0.005 0.006 0.008 0.376 0.004 0.594 0.007 
 89 TMA-ZAIN-G-    (0)    1 :  0.008 0.014 0.010 0.361 0.006 0.595 0.006 
 90 TMA-ZAIN-G-    (0)    1 :  0.013 0.018 0.021 0.636 0.003 0.305 0.004 
 91 TMA-ZAIN-G-    (0)    1 :  0.005 0.019 0.008 0.526 0.005 0.432 0.005 
 92 TMA-ZAIN-G-    (0)    1 :  0.004 0.008 0.036 0.818 0.003 0.126 0.004 
 93 TMA-ZAIN-G-    (0)    1 :  0.004 0.036 0.007 0.716 0.009 0.222 0.006 
 94 TMA-ZAIN-G-    (0)    1 :  0.004 0.010 0.012 0.952 0.003 0.015 0.003 
 95 TMA-ZAIN-G-    (0)    1 :  0.032 0.009 0.015 0.700 0.095 0.017 0.133 
 96 TMA-ZAIN-G-    (0)    1 :  0.348 0.010 0.011 0.102 0.006 0.514 0.008 
 97 TMA-ZAIN-G-    (0)    1 :  0.011 0.004 0.004 0.962 0.005 0.006 0.007 
 98 TMA-ZAIN-G-    (0)    1 :  0.013 0.007 0.002 0.926 0.009 0.007 0.036 
 99 TMA-ZAIN-G-    (0)    1 :  0.007 0.003 0.006 0.580 0.017 0.184 0.203 
100 TMA-ZAIN-G-    (0)    1 :  0.009 0.024 0.010 0.945 0.003 0.004 0.003 
101 TMA-ZAIN-G-    (0)    1 :  0.009 0.005 0.004 0.913 0.005 0.047 0.017 
102 TMA-ZAIN-G-    (0)    1 :  0.006 0.003 0.004 0.958 0.007 0.017 0.005 
103 TMA-ZAIN-G-    (0)    1 :  0.008 0.003 0.003 0.967 0.003 0.013 0.004 
104 TMA-ZAIN-G-    (0)    1 :  0.037 0.004 0.003 0.939 0.005 0.005 0.008 
105 TMA-ZAIN-G-    (0)    1 :  0.010 0.003 0.003 0.960 0.003 0.018 0.004 
106 TMA-ZAIN-G-    (0)    1 :  0.003 0.002 0.003 0.004 0.006 0.978 0.004 
107 TMA-ZAIN-G-    (0)    1 :  0.003 0.003 0.003 0.004 0.005 0.968 0.014 
108 TMA-ZAIN-G-    (9)    1 :  0.013 0.022 0.013 0.397 0.005 0.543 0.007 
109 TMA-ZAIN-G-    (0)    1 :  0.044 0.004 0.003 0.206 0.004 0.734 0.005 
110 TMA-ZAIN-G-    (0)    1 :  0.011 0.003 0.051 0.146 0.005 0.778 0.005 
111 TMA-ZAIN-G-    (9)    1 :  0.011 0.009 0.012 0.724 0.006 0.211 0.028 
112 TMA-ZAIN-G-    (0)    1 :  0.005 0.003 0.004 0.389 0.007 0.585 0.006 
113 TMA-ZAIN-G-    (0)    1 :  0.008 0.006 0.003 0.889 0.007 0.049 0.039 
114 TMA-ZAIN-G-    (0)    1 :  0.009 0.003 0.003 0.970 0.003 0.006 0.006 
115 TMA-ZAIN-G-    (0)    1 :  0.050 0.007 0.003 0.915 0.003 0.014 0.007 
116 TMA-ZAIN-G-    (0)    1 :  0.003 0.004 0.002 0.004 0.003 0.978 0.006 
117 TMA-ZAIN-G-    (0)    1 :  0.004 0.004 0.003 0.005 0.004 0.977 0.004 
118 TMA-ZAIN-G-    (0)    1 :  0.003 0.003 0.002 0.004 0.003 0.980 0.004 
119 TMA-ZAIN-G-    (0)    1 :  0.006 0.004 0.007 0.010 0.003 0.965 0.006 
120 TMA-ZAIN-G-    (0)    1 :  0.004 0.004 0.003 0.005 0.004 0.977 0.004 
121 TMA-ZAIN-G-    (0)    1 :  0.003 0.004 0.002 0.004 0.004 0.978 0.005 
122 TMA-ZAIN-G-    (0)    1 :  0.004 0.005 0.009 0.008 0.003 0.965 0.005 
123 TMA-ZAIN-G-    (0)    1 :  0.038 0.005 0.005 0.935 0.003 0.010 0.004 
124 TMA-ZAIN-G-    (0)    1 :  0.004 0.003 0.003 0.005 0.006 0.976 0.003 
125 TMA-ZAIN-G-    (0)    1 :  0.002 0.006 0.002 0.003 0.005 0.978 0.004 
126 TMA-ZAIN-G-    (0)    1 :  0.003 0.003 0.002 0.004 0.007 0.977 0.003 
127 TMA-ZAIN-G-    (0)    1 :  0.003 0.002 0.003 0.003 0.006 0.980 0.003 
128 TMA-ZAIN-G-    (0)    1 :  0.003 0.003 0.003 0.004 0.005 0.979 0.004 
129 TMA-ZAIN-G-    (0)    1 :  0.004 0.003 0.003 0.005 0.008 0.973 0.004 
130 TMA-ZAIN-G-    (0)    1 :  0.004 0.005 0.002 0.004 0.005 0.976 0.003 
131 TMA-ZAIN-G-    (0)    1 :  0.004 0.003 0.003 0.005 0.006 0.976 0.003 
132 TMA-ZAIN-G-    (0)    1 :  0.003 0.005 0.002 0.003 0.005 0.979 0.004 
133 TMA-ZAIN-G-    (0)    1 :  0.003 0.004 0.008 0.005 0.005 0.972 0.004 
134 TMA-ZAIN-G-    (0)    1 :  0.003 0.004 0.005 0.004 0.005 0.976 0.003 
135 TMA-ZAIN-G-    (0)    1 :  0.003 0.003 0.006 0.003 0.004 0.975 0.006 
136 TMA-ZAIN-G-    (0)    1 :  0.003 0.006 0.005 0.004 0.003 0.970 0.008 
137 TMA-ZAIN-G-    (0)    1 :  0.003 0.003 0.005 0.004 0.003 0.977 0.005 
138 TMA-ZAIN-G-    (0)    1 :  0.003 0.004 0.003 0.003 0.006 0.978 0.005 
139 TMA-ZAIN-G-    (0)    1 :  0.003 0.004 0.004 0.003 0.004 0.977 0.005 
140 TMA-ZAIN-G-    (0)    1 :  0.003 0.003 0.004 0.004 0.004 0.977 0.005 
141 TMA-ZAIN-G-    (0)    1 :  0.003 0.003 0.003 0.005 0.004 0.977 0.004 
142 TMA-ZAIN-G-    (9)    1 :  0.003 0.003 0.003 0.004 0.004 0.978 0.005 
143 TMA-ZAIN-G-    (0)    1 :  0.003 0.003 0.003 0.003 0.004 0.979 0.005 
144 TMA-ZAIN-G-    (0)    1 :  0.004 0.005 0.006 0.005 0.005 0.972 0.004 
145 TMA-ZAIN-G-    (0)    1 :  0.002 0.004 0.002 0.002 0.003 0.980 0.006 
146 TMA-ZAIN-G-    (0)    1 :  0.003 0.005 0.003 0.003 0.008 0.967 0.010 
147 TMA-ZAIN-G-    (9)    1 :  0.003 0.003 0.004 0.003 0.004 0.978 0.005 
148 TMA-ZAIN-G-    (0)    1 :  0.003 0.008 0.003 0.003 0.017 0.960 0.005 
149 TMA-ZAIN-G-    (0)    1 :  0.004 0.004 0.003 0.010 0.006 0.968 0.005 
150 TMA-ZAIN-G-    (0)    1 :  0.004 0.006 0.003 0.008 0.011 0.958 0.011 
151 TMA-ZAIN-G-    (0)    1 :  0.003 0.003 0.003 0.003 0.002 0.981 0.005 
152 TMA-ZAIN-G-    (0)    1 :  0.004 0.005 0.003 0.003 0.002 0.979 0.005 
153 TMA-ZAIN-G-    (0)    1 :  0.003 0.003 0.003 0.003 0.005 0.980 0.005 
154 TMA-ZAIN-G-    (0)    1 :  0.003 0.003 0.002 0.003 0.003 0.981 0.004 
155 TMA-ZAIN-G-    (0)    1 :  0.003 0.002 0.002 0.004 0.003 0.978 0.007 
156 TMA-ZAIN-G-    (9)    1 :  0.006 0.006 0.003 0.004 0.004 0.972 0.005 
157 TMA-ZAIN-G-    (0)    1 :  0.005 0.004 0.003 0.004 0.004 0.975 0.004 
158 TMA-ZAIN-G-    (0)    1 :  0.003 0.005 0.003 0.004 0.006 0.971 0.008 
159 TMA-ZAIN-G-    (0)    1 :  0.004 0.006 0.002 0.003 0.007 0.967 0.011 
160 TMA-ZAIN-G-    (0)    1 :  0.003 0.003 0.002 0.003 0.003 0.975 0.010 
161 TMA-ZAIN-G-    (0)    1 :  0.003 0.004 0.003 0.003 0.005 0.979 0.004 
162 TMA-ZAIN-G-    (0)    1 :  0.003 0.003 0.002 0.006 0.004 0.975 0.007 
163 TMA-ZAIN-G-    (0)    1 :  0.003 0.003 0.002 0.003 0.003 0.982 0.005 
164 TMA-ZAIN-G-    (0)    1 :  0.004 0.004 0.004 0.004 0.003 0.975 0.005 
165 TMA-ZAIN-G-    (0)    1 :  0.003 0.003 0.003 0.003 0.003 0.979 0.007 
166 TMA-ZAIN-G-    (0)    1 :  0.002 0.003 0.002 0.003 0.003 0.980 0.006 
167 TMA-ZAIN-G-    (0)    1 :  0.004 0.003 0.004 0.006 0.004 0.973 0.005 
168 TMA-ZAIN-G-    (0)    1 :  0.004 0.006 0.003 0.005 0.003 0.971 0.007 
169 TMA-ZAIN-G-    (0)    1 :  0.003 0.003 0.002 0.003 0.003 0.972 0.013 
170 TMA-ZAIN-G-    (0)    1 :  0.008 0.004 0.014 0.012 0.004 0.951 0.006 
171 TMA-ZAIN-G-    (0)    1 :  0.003 0.003 0.003 0.003 0.003 0.975 0.009 
172 TMA-ZAIN-G-    (0)    1 :  0.004 0.004 0.007 0.004 0.004 0.972 0.004 
173 TMA-ZAIN-G-    (0)    1 :  0.005 0.004 0.005 0.004 0.005 0.972 0.004 
174 TMA-ZAIN-G-    (0)    1 :  0.002 0.003 0.003 0.003 0.004 0.979 0.006 
175 TMA-ZAIN-G-    (0)    1 :  0.004 0.006 0.003 0.004 0.008 0.964 0.011 
176 TMA-ZAIN-G-    (0)    1 :  0.004 0.006 0.003 0.004 0.010 0.962 0.011 
177 TMA-ZAIN-G-    (0)    1 :  0.005 0.021 0.004 0.004 0.032 0.917 0.016 
178 TMA-ZAIN-G-    (0)    1 :  0.008 0.008 0.009 0.005 0.004 0.959 0.006 
179 TMA-ZAIN-G-    (0)    1 :  0.004 0.009 0.004 0.003 0.009 0.961 0.009 
180 TMA-ZAIN-G-    (0)    1 :  0.003 0.004 0.006 0.004 0.004 0.975 0.004 
181 TMA-ZAIN-G-    (0)    1 :  0.004 0.004 0.003 0.003 0.009 0.972 0.004 
182 TMA-ZAIN-G-    (0)    1 :  0.006 0.006 0.004 0.005 0.009 0.968 0.003 
183 TMA-ZAIN-G-    (0)    1 :  0.004 0.004 0.004 0.004 0.007 0.974 0.004 
184 TMA-ZAIN-G-    (0)    1 :  0.004 0.003 0.003 0.010 0.011 0.963 0.006 
185 TMA-ZAIN-G-    (0)    1 :  0.004 0.004 0.005 0.016 0.008 0.958 0.007 
186 TMA-ZAIN-G-    (9)    1 :  0.004 0.003 0.006 0.007 0.006 0.970 0.004 
187 TMA-ZAIN-G-    (0)    1 :  0.004 0.003 0.004 0.006 0.006 0.971 0.006 
188 TMA-ZAIN-G-    (0)    1 :  0.002 0.002 0.002 0.004 0.006 0.977 0.006 
189 TMA-ZAIN-G-    (0)    1 :  0.002 0.002 0.003 0.003 0.009 0.976 0.005 
190 TMA-ZAIN-G-    (0)    1 :  0.006 0.017 0.007 0.004 0.010 0.948 0.007 
191 TMA-ZAIN-G-    (0)    1 :  0.003 0.002 0.003 0.010 0.021 0.954 0.006 
192 TMA-ZAIN-G-    (0)    1 :  0.004 0.003 0.011 0.003 0.007 0.967 0.004 
193 TMA-ZAIN-G-    (0)    1 :  0.007 0.026 0.005 0.005 0.013 0.941 0.003 
194 TMA-ZAIN-G-    (0)    1 :  0.007 0.030 0.008 0.006 0.007 0.940 0.003 
195 TMA-ZAIN-G-    (0)    1 :  0.008 0.050 0.005 0.005 0.034 0.894 0.004 
196 TMA-ZAIN-G-    (0)    1 :  0.007 0.012 0.006 0.004 0.009 0.960 0.003 
197 TMA-ZAIN-G-    (0)    1 :  0.005 0.012 0.004 0.005 0.008 0.964 0.003 
198 TMA-ZAIN-G-    (0)    1 :  0.005 0.012 0.006 0.004 0.008 0.961 0.004 
199 TMA-ZAIN-G-    (0)    1 :  0.003 0.003 0.004 0.006 0.006 0.973 0.004 
200 TMA-ZAIN-G-    (0)    1 :  0.011 0.009 0.470 0.498 0.003 0.005 0.003 
201 TMA-ZAIN-G-    (0)    1 :  0.004 0.004 0.600 0.356 0.003 0.031 0.003 
202 TMA-ZAIN-G-    (0)    1 :  0.004 0.003 0.974 0.009 0.003 0.005 0.003 
203 TMA-ZAIN-G-    (0)    1 :  0.012 0.013 0.005 0.006 0.008 0.951 0.004 
204 TMA-ZAIN-G-    (9)    1 :  0.008 0.012 0.842 0.120 0.008 0.007 0.004 
205 TMA-ZAIN-G-    (0)    1 :  0.004 0.003 0.862 0.026 0.003 0.099 0.003 
206 TMA-ZAIN-G-    (9)    1 :  0.013 0.010 0.541 0.398 0.006 0.023 0.008 
207 TMA-ZAIN-G-    (9)    1 :  0.006 0.012 0.004 0.009 0.004 0.960 0.005 
208 TMA-ZAIN-G-    (0)    1 :  0.002 0.003 0.003 0.003 0.003 0.981 0.006 
209 TMA-ZAIN-G-    (0)    1 :  0.003 0.006 0.003 0.003 0.007 0.976 0.003 
210 TMA-ZAIN-G-    (0)    1 :  0.004 0.008 0.003 0.004 0.005 0.971 0.004 
211 TMA-ZAIN-G-    (0)    1 :  0.006 0.004 0.010 0.010 0.005 0.961 0.004 
212 TMA-ZAIN-G-    (0)    1 :  0.004 0.005 0.008 0.004 0.004 0.970 0.005 
213 TMA-ZAIN-G-    (0)    1 :  0.003 0.003 0.004 0.005 0.006 0.975 0.004 
214 TMA-ZAIN-G-    (0)    1 :  0.003 0.003 0.003 0.003 0.004 0.980 0.004 
215 TMA-ZAIN-G-    (0)    1 :  0.005 0.002 0.160 0.033 0.003 0.793 0.004 
216 TMA-ZAIN-G-    (0)    1 :  0.003 0.003 0.005 0.005 0.005 0.976 0.003 
217 TMA-ZAIN-G-    (0)    1 :  0.003 0.003 0.003 0.003 0.005 0.979 0.004 
218 TMA-ZAIN-G-    (0)    1 :  0.042 0.009 0.192 0.627 0.014 0.063 0.052 
219 TMA-ZAIN-G-    (0)    1 :  0.028 0.036 0.507 0.329 0.011 0.077 0.011 
220 TMA-ZAIN-G-    (0)    1 :  0.200 0.005 0.011 0.735 0.005 0.021 0.022 
221 TMA-ZAIN-G-    (0)    1 :  0.010 0.007 0.495 0.345 0.027 0.078 0.038 
222 TMA-ZAIN-G-    (0)    1 :  0.004 0.003 0.025 0.938 0.004 0.022 0.004 
223 TMA-ZAIN-G-    (0)    1 :  0.009 0.005 0.072 0.896 0.003 0.010 0.004 
224 TMA-ZAIN-G-    (0)    1 :  0.005 0.003 0.015 0.917 0.005 0.052 0.003 
225 TMA-ZAIN-G-    (0)    1 :  0.014 0.004 0.082 0.889 0.003 0.006 0.002 
226 TMA-ZAIN-G-    (0)    1 :  0.009 0.004 0.023 0.943 0.002 0.015 0.003 
227 TMA-ZAIN-G-    (0)    1 :  0.021 0.004 0.173 0.780 0.004 0.013 0.004 
228 TMA-ZAIN-G-    (0)    1 :  0.017 0.015 0.005 0.885 0.020 0.045 0.012 
229 TMA-ZAIN-G-    (0)    1 :  0.007 0.005 0.047 0.906 0.003 0.013 0.017 
230 TMA-ZAIN-G-    (0)    1 :  0.013 0.026 0.004 0.655 0.035 0.257 0.010 
231 TMA-ZAIN-G-    (0)    1 :  0.004 0.004 0.010 0.962 0.003 0.013 0.003 
232 TMA-ZAIN-G-    (9)    1 :  0.004 0.003 0.006 0.968 0.005 0.010 0.004 
233 TMA-ZAIN-G-    (0)    1 :  0.021 0.005 0.112 0.689 0.003 0.156 0.014 
234 TMA-ZAIN-G-    (0)    1 :  0.009 0.013 0.014 0.950 0.003 0.007 0.004 
235 TMA-ZAIN-G-    (0)    1 :  0.040 0.023 0.042 0.830 0.007 0.047 0.012 
236 TMA-ZAIN-G-    (0)    1 :  0.011 0.005 0.302 0.648 0.003 0.028 0.003 
237 TMA-ZAIN-G-    (0)    1 :  0.004 0.005 0.007 0.876 0.005 0.096 0.007 
238 TMA-ZAIN-G-    (0)    1 :  0.006 0.002 0.337 0.592 0.004 0.054 0.005 
239 TMA-ZAIN-G-    (0)    1 :  0.003 0.054 0.521 0.300 0.025 0.088 0.008 
240 TMA-ZAIN-G-    (0)    1 :  0.003 0.003 0.960 0.027 0.002 0.004 0.002 
241 TMA-ZAIN-G-    (0)    1 :  0.003 0.002 0.967 0.016 0.003 0.006 0.003 
242 TMA-ZAIN-G-    (0)    1 :  0.002 0.002 0.973 0.012 0.002 0.005 0.003 
243 TMA-ZAIN-G-    (0)    1 :  0.002 0.002 0.975 0.008 0.003 0.006 0.004 
244 TMA-ZAIN-G-    (0)    1 :  0.003 0.002 0.965 0.014 0.003 0.009 0.005 
245 TMA-ZAIN-G-    (9)    1 :  0.002 0.002 0.969 0.018 0.002 0.004 0.002 
246 TMA-ZAIN-G-    (0)    1 :  0.002 0.002 0.980 0.007 0.002 0.003 0.002 
247 TMA-ZAIN-G-    (0)    1 :  0.002 0.002 0.982 0.005 0.002 0.004 0.002 
248 TMA-ZAIN-G-    (0)    1 :  0.003 0.003 0.970 0.013 0.003 0.005 0.003 
249 TMA-ZAIN-G-    (0)    1 :  0.002 0.003 0.980 0.007 0.002 0.004 0.002 
250 TMA-ZAIN-G-    (0)    1 :  0.002 0.002 0.981 0.006 0.002 0.004 0.002 
251 TMA-ZAIN-G-    (0)    1 :  0.014 0.056 0.003 0.168 0.006 0.749 0.003 
252 TMA-ZAIN-G-    (0)    1 :  0.004 0.058 0.005 0.020 0.008 0.897 0.006 
253 TMA-ZAIN-G-    (0)    1 :  0.004 0.021 0.007 0.051 0.005 0.908 0.004 
254 TMA-ZAIN-G-    (9)    1 :  0.005 0.006 0.005 0.028 0.003 0.949 0.005 
255 TMA-ZAIN-G-    (0)    1 :  0.012 0.041 0.004 0.262 0.005 0.670 0.005 
256 TMA-ZAIN-G-    (0)    1 :  0.005 0.022 0.012 0.100 0.010 0.848 0.003 
257 TMA-ZAIN-G-    (0)    1 :  0.006 0.050 0.008 0.065 0.006 0.863 0.002 
258 TMA-ZAIN-G-    (0)    1 :  0.004 0.030 0.015 0.029 0.004 0.914 0.003 
259 TMA-ZAIN-G-    (0)    1 :  0.004 0.200 0.013 0.290 0.005 0.483 0.004 
260 TMA-ZAIN-G-    (0)    1 :  0.005 0.122 0.011 0.246 0.005 0.606 0.006 
261 TMA-ZAIN-G-   (18)    1 :  0.016 0.061 0.003 0.023 0.004 0.888 0.004 
262 TMA-ZAIN-G-    (0)    1 :  0.007 0.045 0.007 0.068 0.005 0.865 0.003 
263 TMA-ZAIN-G-    (0)    1 :  0.008 0.101 0.006 0.234 0.006 0.643 0.003 
264 TMA-ZAIN-G-    (0)    1 :  0.007 0.069 0.004 0.298 0.006 0.611 0.004 
265 TMA-ZAIN-G-    (0)    1 :  0.004 0.017 0.123 0.293 0.008 0.548 0.007 
266 TMA-ZAIN-G-    (0)    1 :  0.006 0.009 0.008 0.031 0.005 0.937 0.003 
267 TMA-ZAIN-G-    (0)    1 :  0.006 0.023 0.011 0.893 0.008 0.046 0.012 
268 TMA-ZAIN-G-    (0)    1 :  0.006 0.003 0.002 0.981 0.002 0.004 0.002 
269 TMA-ZAIN-G-    (0)    1 :  0.005 0.003 0.003 0.981 0.002 0.004 0.002 
270 TMA-ZAIN-G-    (0)    1 :  0.004 0.003 0.003 0.981 0.002 0.004 0.002 
271 TMA-ZAIN-G-    (0)    1 :  0.005 0.003 0.003 0.981 0.002 0.003 0.002 
272 TMA-ZAIN-G-    (0)    1 :  0.004 0.002 0.003 0.983 0.002 0.004 0.002 
273 TMA-ZAIN-G-    (0)    1 :  0.004 0.002 0.004 0.983 0.002 0.003 0.002 
274 TMA-ZAIN-G-    (0)    1 :  0.004 0.003 0.004 0.974 0.005 0.006 0.004 
275 TMA-ZAIN-G-    (0)    1 :  0.004 0.002 0.003 0.983 0.002 0.003 0.002 
276 TMA-ZAIN-G-    (0)    1 :  0.004 0.002 0.004 0.983 0.002 0.003 0.003 
277 TMA-ZAIN-G-    (0)    1 :  0.004 0.003 0.006 0.976 0.003 0.004 0.004 
278 TMA-ZAIN-G-    (0)    1 :  0.003 0.003 0.006 0.981 0.002 0.003 0.002 
279 TMA-ZAIN-G-    (0)    1 :  0.004 0.002 0.004 0.981 0.003 0.004 0.002 
280 TMA-ZAIN-G-    (0)    1 :  0.005 0.002 0.004 0.980 0.003 0.004 0.002 
281 TMA-ZAIN-G-    (0)    1 :  0.004 0.003 0.005 0.980 0.003 0.004 0.002 
282 TMA-ZAIN-G-    (9)    1 :  0.004 0.003 0.005 0.981 0.002 0.003 0.003 
283 TMA-ZAIN-G-    (0)    1 :  0.004 0.004 0.008 0.974 0.002 0.005 0.003 
284 TMA-ZAIN-G-    (0)    1 :  0.005 0.005 0.007 0.970 0.003 0.007 0.003 
285 TMA-ZAIN-G-    (0)    1 :  0.004 0.003 0.011 0.970 0.004 0.005 0.003 
286 TMA-ZAIN-G-    (0)    1 :  0.004 0.003 0.005 0.980 0.002 0.003 0.002 
287 TMA-ZAIN-G-    (0)    1 :  0.004 0.003 0.005 0.977 0.004 0.004 0.004 
288 TMA-ZAIN-G-    (0)    1 :  0.005 0.002 0.003 0.970 0.006 0.009 0.004 
289 TMA-ZAIN-G-    (0)    1 :  0.004 0.003 0.003 0.977 0.005 0.005 0.003 
290 TMA-ZAIN-G-    (0)    1 :  0.006 0.002 0.003 0.977 0.004 0.005 0.003 
291 TMA-ZAIN-G-    (0)    1 :  0.106 0.010 0.209 0.550 0.042 0.017 0.066 
292 TMA-ZAIN-G-    (0)    1 :  0.006 0.002 0.012 0.013 0.004 0.959 0.004 
293 TMA-ZAIN-G-    (0)    1 :  0.003 0.004 0.011 0.004 0.003 0.972 0.003 
294 TMA-ZAIN-G-    (0)    1 :  0.004 0.011 0.005 0.004 0.009 0.955 0.012 
295 TMA-ZAIN-G-    (9)    1 :  0.005 0.010 0.008 0.008 0.009 0.950 0.010 
296 TMA-ZAIN-G-    (0)    1 :  0.005 0.004 0.005 0.010 0.005 0.967 0.004 
297 TMA-ZAIN-G-    (0)    1 :  0.004 0.003 0.004 0.006 0.004 0.975 0.004 
298 TMA-ZAIN-G-    (0)    1 :  0.005 0.007 0.006 0.008 0.003 0.965 0.005 
299 TMA-ZAIN-G-    (0)    1 :  0.004 0.002 0.010 0.007 0.003 0.966 0.007 
300 TMA-ZAIN-G-    (0)    1 :  0.003 0.009 0.008 0.005 0.014 0.947 0.013 
301 TMA-ZAIN-G-    (0)    1 :  0.003 0.003 0.007 0.004 0.005 0.971 0.006 
302 TMA-ZAIN-G-    (9)    1 :  0.003 0.003 0.003 0.004 0.004 0.978 0.004 
303 TMA-ZAIN-G-    (0)    1 :  0.007 0.049 0.009 0.703 0.209 0.014 0.008 
304 TMA-ZAIN-G-    (0)    2 :  0.005 0.006 0.005 0.039 0.005 0.933 0.007 
305 TMA-ZAIN-G-    (0)    2 :  0.003 0.003 0.005 0.004 0.004 0.976 0.004 
306 TMA-ZAIN-G-    (0)    2 :  0.004 0.007 0.007 0.187 0.005 0.786 0.005 
307 TMA-ZAIN-G-    (0)    2 :  0.004 0.004 0.006 0.020 0.005 0.952 0.008 
308 TMA-ZAIN-G-    (0)    2 :  0.005 0.154 0.009 0.617 0.059 0.153 0.003 
309 TMA-ZAIN-G-    (0)    2 :  0.003 0.002 0.003 0.004 0.010 0.974 0.004 
310 TMA-ZAIN-G-    (0)    2 :  0.004 0.004 0.011 0.005 0.003 0.967 0.005 
311 TMA-ZAIN-G-    (0)    2 :  0.008 0.006 0.003 0.013 0.004 0.963 0.003 
312 TMA-ZAIN-G-    (0)    2 :  0.008 0.006 0.007 0.009 0.004 0.963 0.004 
313 TMA-ZAIN-G-    (0)    2 :  0.004 0.011 0.002 0.014 0.007 0.955 0.006 
314 TMA-ZAIN-G-    (0)    2 :  0.072 0.011 0.009 0.877 0.013 0.008 0.011 
315 TMA-ZAIN-G-    (0)    2 :  0.005 0.004 0.012 0.412 0.003 0.559 0.005 
316 TMA-ZAIN-G-    (0)    2 :  0.005 0.004 0.013 0.476 0.003 0.491 0.007 
317 TMA-ZAIN-G-    (0)    2 :  0.023 0.002 0.005 0.946 0.003 0.018 0.004 
318 TMA-ZAIN-G-    (9)    2 :  0.005 0.004 0.008 0.971 0.003 0.006 0.003 
319 TMA-ZAIN-G-    (0)    3 :  0.082 0.016 0.034 0.685 0.004 0.177 0.003 
320 TMA-ZAIN-G-    (0)    3 :  0.004 0.003 0.306 0.024 0.004 0.655 0.004 
321 TMA-ZAIN-G-    (0)    4 :  0.025 0.003 0.007 0.220 0.007 0.728 0.010 
322 TMA-ZAIN-G-    (0)    4 :  0.012 0.005 0.012 0.274 0.004 0.687 0.005 
323 TMA-ZAIN-G-    (0)    5 :  0.017 0.006 0.408 0.221 0.011 0.335 0.003 
324 TMA-ZAIN-G-    (0)    5 :  0.007 0.009 0.005 0.005 0.003 0.966 0.005 
325 TMA-ZAIN-G-    (0)    5 :  0.059 0.008 0.549 0.259 0.017 0.079 0.028 
326 TMA-ZAIN-G-    (0)    5 :  0.015 0.024 0.314 0.034 0.029 0.573 0.010 
327 TMA-ZAIN-G-    (0)    5 :  0.004 0.013 0.004 0.005 0.007 0.964 0.003 
328 TMA-ZAIN-G-    (0)    5 :  0.010 0.008 0.019 0.637 0.017 0.296 0.014 
329 TMA-ZAIN-G-    (0)    5 :  0.003 0.004 0.006 0.005 0.004 0.974 0.004 
330 TMA-ZAIN-G-    (0)    6 :  0.003 0.005 0.002 0.004 0.004 0.978 0.004 
331 TMA-ZAIN-G-    (0)    6 :  0.027 0.111 0.104 0.037 0.015 0.691 0.014 
332 TMA-ZAIN-G-    (0)    6 :  0.004 0.006 0.004 0.003 0.005 0.975 0.003 
333 TMA-ZAIN-G-    (0)    6 :  0.006 0.020 0.005 0.005 0.010 0.952 0.003 
334 TMA-ZAIN-G-    (0)    6 :  0.004 0.003 0.004 0.982 0.002 0.003 0.002 
335 TMA-ZAIN-G-    (0)    6 :  0.004 0.002 0.005 0.981 0.002 0.004 0.002 
336 TMA-ZAIN-G-    (0)    6 :  0.004 0.003 0.008 0.972 0.002 0.007 0.002 
337 TMA-ZAIN-G-    (9)    6 :  0.005 0.003 0.003 0.979 0.003 0.005 0.003 
338 TMA-ZAIN-G-    (0)    6 :  0.005 0.002 0.003 0.983 0.002 0.003 0.002 
339 TMA-ZAIN-G-    (0)    6 :  0.005 0.002 0.004 0.983 0.002 0.002 0.002 
340 TMA-ZAIN-G-    (0)    6 :  0.004 0.002 0.004 0.982 0.002 0.003 0.002 
341 TMA-ZAIN-G-    (0)    6 :  0.004 0.002 0.004 0.982 0.002 0.004 0.002 
342 TMA-ZAIN-G-    (0)    6 :  0.005 0.003 0.009 0.976 0.002 0.004 0.002 
343 TMA-ZAIN-G-    (0)    7 :  0.004 0.002 0.004 0.983 0.002 0.003 0.002 
344 TMA-ZAIN-G-    (0)    7 :  0.004 0.002 0.004 0.981 0.003 0.004 0.002 
345 TMA-ZAIN-G-    (0)    7 :  0.003 0.002 0.006 0.982 0.002 0.003 0.002 
346 TMA-ZAIN-G-    (0)    7 :  0.004 0.002 0.004 0.983 0.002 0.003 0.002 
347 TMA-ZAIN-G-    (9)    7 :  0.004 0.002 0.004 0.982 0.002 0.003 0.002 
348 TMA-ZAIN-G-    (0)    7 :  0.004 0.003 0.004 0.978 0.003 0.004 0.003 
349 TMA-ZAIN-G-    (0)    7 :  0.004 0.002 0.005 0.980 0.003 0.004 0.003 
350 TMA-ZAIN-G-    (0)    7 :  0.004 0.003 0.005 0.978 0.003 0.005 0.002 
351 TMA-ZAIN-G-    (0)    7 :  0.003 0.003 0.005 0.981 0.002 0.003 0.002 
352 TMA-ZAIN-G-    (0)    7 :  0.004 0.003 0.004 0.980 0.002 0.005 0.002 
353 TMA-ZAIN-G-    (0)    7 :  0.005 0.002 0.004 0.977 0.004 0.005 0.003 
354 TMA-ZAIN-G-    (0)    7 :  0.004 0.002 0.003 0.981 0.003 0.004 0.002 
355 TMA-ZAIN-G-    (0)    7 :  0.005 0.002 0.004 0.978 0.003 0.005 0.003 
356 TMA-ZAIN-G-    (0)    8 :  0.003 0.003 0.003 0.007 0.002 0.976 0.007 
357 TMA-ZAIN-G-    (0)    8 :  0.004 0.003 0.003 0.005 0.005 0.977 0.004 
358 TMA-ZAIN-G-    (0)    8 :  0.005 0.006 0.003 0.012 0.019 0.945 0.010 
359 TMA-ZAIN-G-    (0)    8 :  0.003 0.004 0.115 0.013 0.002 0.857 0.005 
360 TMA-ZAIN-G-    (0)    8 :  0.003 0.003 0.004 0.003 0.003 0.979 0.006 
361 TMA-ZAIN-G-    (0)    8 :  0.022 0.018 0.004 0.005 0.040 0.879 0.032 
362 TMA-ZAIN-G-    (0)    8 :  0.004 0.003 0.022 0.006 0.003 0.958 0.004 
363 TMA-ZAIN-G-    (0)    9 :  0.005 0.004 0.009 0.015 0.005 0.959 0.004 
364 TMA-ZAIN-G-    (0)    9 :  0.007 0.003 0.004 0.963 0.003 0.016 0.003 
365 TMA-ZAIN-G-    (0)    9 :  0.010 0.003 0.033 0.221 0.004 0.719 0.009 
366 TMA-ZAIN-G-    (0)    9 :  0.004 0.025 0.011 0.005 0.008 0.925 0.021 
367 TMA-ZAIN-G-    (0)    9 :  0.015 0.012 0.003 0.010 0.004 0.952 0.004 
368 TMA-ZAIN-G-    (0)    9 :  0.003 0.013 0.005 0.005 0.012 0.943 0.020 
369 TMA-ZAIN-G-    (0)    9 :  0.003 0.003 0.003 0.003 0.006 0.978 0.004 
370 TMA-ZAIN-G-    (0)    9 :  0.020 0.021 0.024 0.004 0.043 0.851 0.039 
371 TMA-ZAIN-G-    (0)    9 :  0.004 0.003 0.003 0.004 0.004 0.976 0.007 
372 TMA-ZAIN-G-    (0)    9 :  0.003 0.004 0.004 0.004 0.004 0.971 0.010 
373 TMA-ZAIN-G-    (0)    9 :  0.006 0.010 0.009 0.005 0.008 0.959 0.003 
374 TMA-ZAIN-G-    (0)   10 :  0.036 0.006 0.004 0.198 0.007 0.745 0.004 
375 TMA-ZAIN-G-    (0)   10 :  0.006 0.002 0.070 0.404 0.007 0.507 0.004 
376 TMA-ZAIN-G-    (9)   10 :  0.003 0.002 0.003 0.004 0.003 0.978 0.006 
377 TMA-ZAIN-G-    (0)   10 :  0.002 0.003 0.002 0.003 0.004 0.979 0.007 
378 TMA-ZAIN-G-    (0)   10 :  0.003 0.002 0.002 0.003 0.003 0.979 0.008 
379 TMA-ZAIN-G-    (0)   10 :  0.003 0.003 0.002 0.003 0.003 0.980 0.006 
380 TMA-ZAIN-G-    (0)   10 :  0.003 0.008 0.004 0.003 0.007 0.964 0.012 
381 TMA-ZAIN-G-    (9)   10 :  0.034 0.048 0.044 0.386 0.030 0.330 0.127 
382 TMA-ZAIN-G-    (9)   10 :  0.046 0.015 0.101 0.802 0.017 0.009 0.011 
383    ZFB01    (0)   11 :  0.751 0.006 0.015 0.017 0.005 0.200 0.006 
384    ZFB02    (0)   11 :  0.941 0.011 0.014 0.010 0.003 0.016 0.005 
385    ZFB03    (0)   11 :  0.935 0.006 0.005 0.023 0.011 0.016 0.005 
386    ZFB04    (0)   11 :  0.922 0.009 0.025 0.008 0.004 0.026 0.007 
387    ZFB05    (0)   11 :  0.850 0.021 0.059 0.045 0.005 0.017 0.003 
388    ZFB06    (0)   11 :  0.908 0.007 0.030 0.031 0.004 0.016 0.003 
389    ZFB07    (9)   11 :  0.945 0.007 0.011 0.006 0.012 0.009 0.012 
390    ZFB08    (0)   11 :  0.952 0.006 0.004 0.017 0.006 0.010 0.005 
391    ZFB09    (0)   11 :  0.937 0.004 0.006 0.020 0.004 0.026 0.004 
392    ZFB10    (0)   11 :  0.810 0.011 0.019 0.015 0.008 0.111 0.027 
393    ZFB11    (0)   11 :  0.548 0.010 0.022 0.030 0.004 0.379 0.008 
394    ZFB12    (0)   11 :  0.846 0.004 0.009 0.033 0.008 0.094 0.005 
395    ZFB13    (0)   11 :  0.962 0.006 0.004 0.012 0.005 0.005 0.007 
396    ZFB14    (0)   11 :  0.938 0.007 0.004 0.022 0.005 0.016 0.007 
397    ZFB15    (0)   11 :  0.908 0.004 0.020 0.027 0.003 0.034 0.003 
398    ZFB16    (0)   11 :  0.930 0.004 0.013 0.024 0.005 0.018 0.006 
399    ZFB17    (0)   11 :  0.906 0.010 0.022 0.018 0.004 0.034 0.006 
400    ZFB18    (0)   11 :  0.908 0.006 0.005 0.020 0.004 0.051 0.006 
401    ZFB19    (0)   11 :  0.920 0.005 0.007 0.011 0.014 0.012 0.032 
402    ZFB20    (0)   11 :  0.880 0.004 0.039 0.037 0.004 0.031 0.005 
403    ZFB21    (0)   11 :  0.908 0.004 0.013 0.053 0.004 0.015 0.003 
404    ZFB22    (0)   11 :  0.820 0.004 0.030 0.024 0.005 0.110 0.007 
405    ZFB23    (0)   11 :  0.789 0.006 0.069 0.015 0.009 0.101 0.010 
406    ZFB24    (0)   11 :  0.624 0.008 0.045 0.011 0.004 0.302 0.006 
407    ZFB25    (0)   11 :  0.715 0.013 0.026 0.036 0.013 0.151 0.048 
408    ZFB26    (0)   11 :  0.636 0.019 0.211 0.012 0.009 0.094 0.020 
409    ZFB27    (0)   11 :  0.422 0.007 0.286 0.098 0.005 0.173 0.008 
410    ZFB28    (0)   11 :  0.250 0.020 0.083 0.562 0.056 0.014 0.015 
411    ZFB29    (0)   11 :  0.836 0.014 0.015 0.038 0.003 0.091 0.004 
412    ZFB30    (0)   11 :  0.527 0.005 0.390 0.017 0.008 0.044 0.008 
413    ZFB31    (0)   11 :  0.900 0.007 0.009 0.018 0.013 0.016 0.037 
414    ZFB32    (0)   11 :  0.800 0.027 0.031 0.078 0.023 0.032 0.009 
415    ZFB33    (0)   11 :  0.873 0.005 0.016 0.026 0.004 0.072 0.005 
416    ZFB34    (0)   11 :  0.963 0.007 0.004 0.008 0.004 0.010 0.005 
417    ZFB35    (0)   11 :  0.931 0.009 0.009 0.009 0.007 0.025 0.009 
418  ZFBP101    (0)   12 :  0.019 0.138 0.003 0.014 0.164 0.007 0.654 
419  ZFBP102    (0)   12 :  0.027 0.032 0.003 0.020 0.048 0.009 0.862 
420  ZFBP103    (0)   12 :  0.012 0.266 0.003 0.006 0.516 0.008 0.190 
421  ZFBP104    (0)   12 :  0.059 0.004 0.004 0.035 0.362 0.005 0.531 
422  ZFBP105    (0)   12 :  0.009 0.007 0.005 0.016 0.231 0.005 0.727 
423  ZFBP106    (0)   12 :  0.005 0.008 0.003 0.003 0.157 0.004 0.820 
424  ZFBP107    (0)   12 :  0.011 0.014 0.037 0.012 0.458 0.008 0.460 
425  ZFBP108    (0)   12 :  0.004 0.003 0.003 0.003 0.012 0.004 0.971 
426  ZFBP109    (0)   12 :  0.005 0.004 0.003 0.004 0.012 0.016 0.957 
427  ZFBP110    (0)   12 :  0.050 0.072 0.003 0.023 0.699 0.027 0.125 
428  ZFBP111    (0)   12 :  0.003 0.005 0.003 0.002 0.024 0.004 0.959 
429  ZFBP112    (0)   12 :  0.005 0.007 0.005 0.005 0.009 0.005 0.963 
430  ZFBP113    (0)   12 :  0.005 0.004 0.004 0.004 0.010 0.005 0.968 
431  ZFBP114    (0)   12 :  0.004 0.009 0.013 0.003 0.026 0.007 0.937 
432  ZFBP115    (0)   12 :  0.004 0.009 0.004 0.003 0.625 0.005 0.350 
433  ZFBP116    (0)   12 :  0.004 0.004 0.004 0.003 0.017 0.005 0.962 
434  ZFBP117    (0)   12 :  0.004 0.009 0.003 0.003 0.014 0.005 0.962 
435  ZFBP118    (0)   12 :  0.004 0.006 0.015 0.003 0.012 0.006 0.953 
436  ZFBP119    (0)   12 :  0.005 0.038 0.003 0.003 0.306 0.005 0.641 
437  ZFBP120    (0)   12 :  0.009 0.005 0.005 0.008 0.253 0.006 0.713 
438  ZFBP121    (0)   12 :  0.007 0.011 0.003 0.006 0.033 0.006 0.935 
439  ZFBP122    (9)   12 :  0.004 0.005 0.003 0.003 0.022 0.005 0.958 
440  ZFBP123    (0)   12 :  0.005 0.012 0.006 0.003 0.009 0.004 0.962 
441  ZFBP124    (0)   12 :  0.007 0.006 0.004 0.004 0.014 0.005 0.961 
442  ZFBP125    (0)   12 :  0.003 0.006 0.003 0.002 0.021 0.004 0.961 
443  ZFBP126    (0)   12 :  0.028 0.048 0.003 0.011 0.012 0.010 0.888 
444  ZFBP127    (0)   12 :  0.004 0.022 0.003 0.003 0.389 0.031 0.548 
445  ZFBP128    (0)   12 :  0.004 0.008 0.002 0.003 0.010 0.004 0.969 
446  ZFBP129    (0)   12 :  0.005 0.009 0.002 0.003 0.009 0.004 0.967 
447  ZFBP130    (0)   12 :  0.003 0.009 0.003 0.002 0.011 0.004 0.967 
448  ZFBP131    (0)   12 :  0.005 0.004 0.004 0.003 0.005 0.006 0.973 
449  ZFBP132    (0)   12 :  0.004 0.004 0.003 0.003 0.030 0.006 0.949 
450  ZFBP133    (0)   12 :  0.003 0.006 0.002 0.002 0.004 0.004 0.979 
451  ZFBP134    (0)   12 :  0.006 0.038 0.004 0.004 0.568 0.010 0.370 
452  ZFBP135    (0)   12 :  0.021 0.260 0.003 0.012 0.083 0.008 0.613 
453  ZFBP136    (0)   12 :  0.005 0.062 0.006 0.005 0.045 0.004 0.873 
454  ZFBP201    (0)   13 :  0.008 0.006 0.006 0.004 0.023 0.006 0.947 
455  ZFBP202    (0)   13 :  0.006 0.005 0.003 0.005 0.027 0.006 0.948 
456  ZFBP203    (0)   13 :  0.012 0.006 0.040 0.008 0.008 0.005 0.922 
457  ZFBP204    (0)   13 :  0.006 0.020 0.005 0.006 0.151 0.005 0.807 
458  ZFBP205    (0)   13 :  0.004 0.008 0.004 0.003 0.005 0.004 0.973 
459  ZFBP206    (0)   13 :  0.005 0.012 0.006 0.003 0.007 0.004 0.963 
460  ZFBP207    (0)   13 :  0.005 0.015 0.004 0.003 0.485 0.004 0.484 
461  ZFBP208    (0)   13 :  0.006 0.008 0.010 0.004 0.007 0.005 0.961 
462  ZFBP209    (0)   13 :  0.003 0.006 0.002 0.002 0.005 0.006 0.976 
463  ZFBP210    (0)   13 :  0.007 0.006 0.008 0.004 0.018 0.005 0.953 
464  ZFBP211    (0)   13 :  0.007 0.006 0.003 0.004 0.019 0.006 0.955 
465  ZFBP212    (0)   13 :  0.005 0.003 0.003 0.003 0.348 0.007 0.630 
466  ZFBP213    (0)   13 :  0.011 0.016 0.004 0.005 0.013 0.005 0.945 
467  ZFBP214    (0)   13 :  0.013 0.040 0.004 0.004 0.045 0.005 0.888 
468  ZFBP215    (0)   13 :  0.004 0.006 0.003 0.003 0.009 0.005 0.971 
469  ZFBP216    (0)   13 :  0.009 0.007 0.008 0.010 0.055 0.006 0.904 
470  ZFBP217    (0)   13 :  0.005 0.006 0.003 0.003 0.028 0.006 0.950 
471  ZFBP218    (0)   13 :  0.003 0.003 0.003 0.002 0.006 0.004 0.979 
472  ZFBP219    (0)   13 :  0.004 0.004 0.004 0.003 0.009 0.004 0.971 
473  ZFBP220    (0)   13 :  0.004 0.008 0.004 0.003 0.027 0.005 0.949 
474  ZFBP221    (0)   13 :  0.005 0.003 0.004 0.004 0.098 0.004 0.883 
475  ZFBP222    (0)   13 :  0.006 0.009 0.005 0.004 0.004 0.004 0.968 
476  ZFBP223    (0)   13 :  0.008 0.014 0.006 0.005 0.597 0.014 0.357 
477  ZFBP224    (0)   13 :  0.006 0.007 0.004 0.004 0.012 0.006 0.961 
478  ZFBP225    (0)   13 :  0.004 0.009 0.006 0.003 0.038 0.005 0.936 
479  ZFBP226    (0)   13 :  0.005 0.005 0.005 0.004 0.025 0.005 0.951 
