

----------------------------------------------------
STRUCTURE by Pritchard, Stephens and Donnelly (2000)
     and Falush, Stephens and Pritchard (2003)
       Code by Pritchard, Falush and Hubisz
             Version 2.3.4 (Jul 2012)
----------------------------------------------------



Command line arguments:   bin\structure -m C:\Users\eschumacher\Documents\GitHub\GCC_QUAC_ZAIN\Data_Files\Structure_Files\ZAIN\ZAIN_og_allpop_STR\50-50\mainparams -e C:\Users\eschumacher\Documents\GitHub\GCC_QUAC_ZAIN\Data_Files\Structure_Files\ZAIN\ZAIN_og_allpop_STR\50-50\extraparams 
Input File:    C:\Users\eschumacher\Documents\GitHub\GCC_QUAC_ZAIN\Data_Files\Structure_Files\ZAIN\ZAIN_og_allpop_STR\project_data

Run parameters:
   1135 individuals
   11 loci
   8 populations assumed
   50000 Burn-in period
   50000 Reps


--------------------------------------------
Proportion of membership of each pre-defined
 population in each of the 8 clusters

Given    Inferred Clusters                                          Number of
 Pop       1      2      3      4      5      6      7      8      Individuals

  1:     0.008  0.008  0.585  0.007  0.013  0.012  0.295  0.072      303
  2:     0.008  0.005  0.647  0.007  0.009  0.016  0.302  0.006       15
  3:     0.048  0.003  0.445  0.004  0.037  0.008  0.366  0.090        2
  4:     0.015  0.007  0.718  0.005  0.040  0.004  0.204  0.008        2
  5:     0.006  0.007  0.599  0.008  0.112  0.008  0.189  0.071        7
  6:     0.006  0.003  0.279  0.004  0.006  0.012  0.681  0.008       13
  7:     0.004  0.002  0.004  0.002  0.003  0.002  0.978  0.004       13
  8:     0.006  0.009  0.935  0.009  0.005  0.005  0.007  0.023        7
  9:     0.007  0.010  0.838  0.008  0.006  0.009  0.111  0.010       11
 10:     0.013  0.017  0.726  0.008  0.022  0.007  0.186  0.021        9
 11:     0.861  0.008  0.034  0.007  0.012  0.007  0.028  0.045       35
 12:     0.008  0.792  0.007  0.144  0.009  0.029  0.006  0.005       36
 13:     0.006  0.866  0.005  0.093  0.011  0.009  0.004  0.006       33
 14:     0.014  0.011  0.003  0.007  0.006  0.949  0.003  0.006       40
 15:     0.003  0.005  0.003  0.970  0.004  0.009  0.003  0.003       40
 16:     0.173  0.059  0.018  0.027  0.656  0.036  0.017  0.013       40
 17:     0.082  0.018  0.012  0.015  0.759  0.049  0.027  0.039       37
 18:     0.007  0.857  0.005  0.114  0.005  0.007  0.003  0.003       40
 19:     0.926  0.005  0.003  0.012  0.006  0.039  0.006  0.003       28
 20:     0.013  0.010  0.003  0.009  0.016  0.936  0.004  0.009       14
 21:     0.029  0.014  0.003  0.050  0.053  0.018  0.003  0.829       13
 22:     0.005  0.061  0.004  0.906  0.004  0.015  0.003  0.002       14
 23:     0.006  0.906  0.004  0.049  0.007  0.011  0.006  0.011       25
 24:     0.006  0.937  0.007  0.009  0.015  0.017  0.003  0.005       40
 25:     0.014  0.018  0.017  0.049  0.019  0.868  0.009  0.008       32
 26:     0.004  0.003  0.003  0.003  0.004  0.004  0.003  0.977       21
 27:     0.666  0.014  0.022  0.012  0.166  0.016  0.098  0.006        4
 28:     0.912  0.025  0.005  0.008  0.025  0.014  0.009  0.003       23
 29:     0.955  0.005  0.003  0.006  0.015  0.009  0.004  0.003       39
 30:     0.934  0.005  0.003  0.004  0.016  0.007  0.009  0.023       38
 31:     0.005  0.112  0.005  0.853  0.009  0.008  0.004  0.005       45
 32:     0.005  0.376  0.008  0.562  0.010  0.017  0.004  0.017       28
 33:     0.893  0.005  0.013  0.007  0.056  0.007  0.010  0.009        6
 34:     0.017  0.023  0.006  0.023  0.908  0.011  0.009  0.004       40
 35:     0.030  0.018  0.009  0.020  0.846  0.018  0.010  0.049       42
--------------------------------------------

Allele-freq. divergence among pops (Net nucleotide distance),
computed using point estimates of P.

      1       2       3       4       5       6       7       8      
 1      -    0.2210  0.2549  0.2074  0.0792  0.1441  0.1827  0.2701  
 2   0.2210     -    0.2814  0.0917  0.1452  0.1531  0.3687  0.3632  
 3   0.2549  0.2814     -    0.2936  0.2503  0.3044  0.1675  0.2978  
 4   0.2074  0.0917  0.2936     -    0.1169  0.1197  0.3321  0.3610  
 5   0.0792  0.1452  0.2503  0.1169     -    0.0989  0.1737  0.2225  
 6   0.1441  0.1531  0.3044  0.1197  0.0989     -    0.3109  0.3149  
 7   0.1827  0.3687  0.1675  0.3321  0.1737  0.3109     -    0.2330  
 8   0.2701  0.3632  0.2978  0.3610  0.2225  0.3149  0.2330     -    

Average distances (expected heterozygosity) between individuals in same cluster:
cluster  1  : 0.4886 
cluster  2  : 0.4356 
cluster  3  : 0.4799 
cluster  4  : 0.4117 
cluster  5  : 0.5616 
cluster  6  : 0.4336 
cluster  7  : 0.4967 
cluster  8  : 0.3600 

--------------------------------------------
Estimated Ln Prob of Data   = -22979.6
Mean value of ln likelihood = -22501.8
Variance of ln likelihood   = 955.6
Mean value of alpha         = 0.0315

Mean value of Fst_1         = 0.3920
Mean value of Fst_2         = 0.4002
Mean value of Fst_3         = 0.3279
Mean value of Fst_4         = 0.5404
Mean value of Fst_5         = 0.1819
Mean value of Fst_6         = 0.4837
Mean value of Fst_7         = 0.3197
Mean value of Fst_8         = 0.5350


Inferred ancestry of individuals:
        Label (%Miss) Pop:  Inferred clusters
  1 TMA-ZAIN-G-    (9)    1 :  0.068 0.004 0.063 0.003 0.012 0.005 0.842 0.004 
  2 TMA-ZAIN-G-    (0)    1 :  0.054 0.078 0.048 0.008 0.014 0.111 0.679 0.007 
  3 TMA-ZAIN-G-    (0)    1 :  0.003 0.004 0.978 0.003 0.003 0.003 0.003 0.002 
  4 TMA-ZAIN-G-    (0)    1 :  0.046 0.003 0.779 0.003 0.012 0.030 0.122 0.004 
  5 TMA-ZAIN-G-    (0)    1 :  0.012 0.005 0.005 0.003 0.008 0.005 0.960 0.002 
  6 TMA-ZAIN-G-    (0)    1 :  0.010 0.005 0.884 0.004 0.012 0.008 0.043 0.036 
  7 TMA-ZAIN-G-    (0)    1 :  0.006 0.005 0.959 0.005 0.004 0.006 0.012 0.005 
  8 TMA-ZAIN-G-    (0)    1 :  0.003 0.004 0.978 0.004 0.003 0.004 0.003 0.002 
  9 TMA-ZAIN-G-    (9)    1 :  0.022 0.037 0.866 0.022 0.022 0.012 0.005 0.014 
 10 TMA-ZAIN-G-    (0)    1 :  0.003 0.004 0.976 0.003 0.004 0.003 0.004 0.004 
 11 TMA-ZAIN-G-    (0)    1 :  0.004 0.005 0.940 0.026 0.006 0.007 0.006 0.005 
 12 TMA-ZAIN-G-    (0)    1 :  0.004 0.004 0.975 0.003 0.003 0.004 0.003 0.003 
 13 TMA-ZAIN-G-    (9)    1 :  0.009 0.005 0.907 0.009 0.005 0.003 0.052 0.010 
 14 TMA-ZAIN-G-    (9)    1 :  0.011 0.003 0.940 0.005 0.006 0.012 0.006 0.016 
 15 TMA-ZAIN-G-    (0)    1 :  0.007 0.003 0.961 0.005 0.006 0.010 0.004 0.004 
 16 TMA-ZAIN-G-    (0)    1 :  0.003 0.004 0.975 0.003 0.003 0.002 0.005 0.004 
 17 TMA-ZAIN-G-    (9)    1 :  0.005 0.002 0.968 0.003 0.004 0.004 0.010 0.003 
 18 TMA-ZAIN-G-    (0)    1 :  0.007 0.003 0.012 0.002 0.005 0.005 0.964 0.003 
 19 TMA-ZAIN-G-    (0)    1 :  0.007 0.003 0.044 0.004 0.006 0.002 0.929 0.005 
 20 TMA-ZAIN-G-    (0)    1 :  0.003 0.002 0.003 0.002 0.005 0.004 0.975 0.005 
 21 TMA-ZAIN-G-    (0)    1 :  0.004 0.004 0.004 0.003 0.003 0.003 0.092 0.888 
 22 TMA-ZAIN-G-    (0)    1 :  0.004 0.002 0.003 0.002 0.003 0.002 0.981 0.002 
 23 TMA-ZAIN-G-    (0)    1 :  0.004 0.002 0.004 0.003 0.004 0.002 0.977 0.003 
 24 TMA-ZAIN-G-    (9)    1 :  0.004 0.054 0.031 0.025 0.003 0.003 0.878 0.003 
 25 TMA-ZAIN-G-    (9)    1 :  0.015 0.022 0.028 0.002 0.039 0.002 0.883 0.008 
 26 TMA-ZAIN-G-    (9)    1 :  0.002 0.004 0.850 0.005 0.003 0.023 0.042 0.070 
 27 TMA-ZAIN-G-    (0)    1 :  0.009 0.007 0.056 0.005 0.048 0.204 0.636 0.034 
 28 TMA-ZAIN-G-    (0)    1 :  0.025 0.072 0.154 0.026 0.247 0.010 0.458 0.008 
 29 TMA-ZAIN-G-    (0)    1 :  0.002 0.019 0.764 0.003 0.139 0.004 0.039 0.030 
 30 TMA-ZAIN-G-    (0)    1 :  0.008 0.042 0.859 0.032 0.031 0.010 0.010 0.007 
 31 TMA-ZAIN-G-    (0)    1 :  0.006 0.004 0.006 0.003 0.004 0.007 0.967 0.003 
 32 TMA-ZAIN-G-    (9)    1 :  0.007 0.014 0.180 0.005 0.004 0.003 0.785 0.003 
 33 TMA-ZAIN-G-   (18)    1 :  0.004 0.004 0.977 0.004 0.003 0.003 0.004 0.002 
 34 TMA-ZAIN-G-    (0)    1 :  0.004 0.009 0.890 0.003 0.003 0.005 0.075 0.012 
 35 TMA-ZAIN-G-    (9)    1 :  0.004 0.004 0.974 0.003 0.003 0.003 0.006 0.002 
 36 TMA-ZAIN-G-    (0)    1 :  0.003 0.004 0.978 0.005 0.003 0.003 0.004 0.002 
 37 TMA-ZAIN-G-    (9)    1 :  0.004 0.005 0.959 0.003 0.005 0.006 0.010 0.008 
 38 TMA-ZAIN-G-   (18)    1 :  0.056 0.006 0.183 0.004 0.007 0.006 0.731 0.008 
 39 TMA-ZAIN-G-    (0)    1 :  0.002 0.007 0.971 0.003 0.003 0.003 0.003 0.007 
 40 TMA-ZAIN-G-    (0)    1 :  0.002 0.004 0.979 0.003 0.002 0.002 0.003 0.005 
 41 TMA-ZAIN-G-    (0)    1 :  0.003 0.004 0.975 0.004 0.003 0.004 0.003 0.004 
 42 TMA-ZAIN-G-    (9)    1 :  0.003 0.003 0.974 0.006 0.002 0.004 0.003 0.003 
 43 TMA-ZAIN-G-    (0)    1 :  0.009 0.003 0.949 0.005 0.004 0.020 0.004 0.005 
 44 TMA-ZAIN-G-    (0)    1 :  0.003 0.009 0.116 0.021 0.010 0.011 0.078 0.752 
 45 TMA-ZAIN-G-    (0)    1 :  0.005 0.005 0.955 0.003 0.005 0.006 0.006 0.013 
 46 TMA-ZAIN-G-    (0)    1 :  0.004 0.003 0.004 0.003 0.003 0.003 0.144 0.835 
 47 TMA-ZAIN-G-    (0)    1 :  0.005 0.003 0.883 0.003 0.012 0.036 0.045 0.013 
 48 TMA-ZAIN-G-    (0)    1 :  0.004 0.004 0.941 0.006 0.004 0.008 0.024 0.008 
 49 TMA-ZAIN-G-    (9)    1 :  0.013 0.015 0.160 0.003 0.249 0.004 0.537 0.019 
 50 TMA-ZAIN-G-    (0)    1 :  0.004 0.005 0.064 0.010 0.088 0.002 0.777 0.050 
 51 TMA-ZAIN-G-    (0)    1 :  0.016 0.012 0.040 0.098 0.123 0.221 0.360 0.129 
 52 TMA-ZAIN-G-    (0)    1 :  0.037 0.030 0.329 0.044 0.052 0.176 0.305 0.028 
 53 TMA-ZAIN-G-    (0)    1 :  0.005 0.003 0.026 0.052 0.011 0.095 0.806 0.003 
 54 TMA-ZAIN-G-    (0)    1 :  0.004 0.003 0.820 0.010 0.008 0.030 0.122 0.004 
 55 TMA-ZAIN-G-    (0)    1 :  0.003 0.003 0.817 0.012 0.009 0.022 0.130 0.005 
 56 TMA-ZAIN-G-    (0)    1 :  0.023 0.003 0.750 0.004 0.020 0.028 0.168 0.004 
 57 TMA-ZAIN-G-    (0)    1 :  0.005 0.003 0.712 0.004 0.006 0.016 0.250 0.003 
 58 TMA-ZAIN-G-    (0)    1 :  0.005 0.006 0.084 0.007 0.021 0.007 0.860 0.009 
 59 TMA-ZAIN-G-    (0)    1 :  0.004 0.047 0.121 0.022 0.008 0.009 0.784 0.005 
 60 TMA-ZAIN-G-    (0)    1 :  0.015 0.004 0.023 0.005 0.009 0.010 0.924 0.010 
 61 TMA-ZAIN-G-    (0)    1 :  0.005 0.004 0.005 0.003 0.004 0.004 0.971 0.004 
 62 TMA-ZAIN-G-    (9)    1 :  0.083 0.026 0.145 0.008 0.011 0.018 0.645 0.064 
 63 TMA-ZAIN-G-    (0)    1 :  0.029 0.003 0.009 0.003 0.008 0.015 0.929 0.004 
 64 TMA-ZAIN-G-    (0)    1 :  0.002 0.025 0.959 0.003 0.003 0.003 0.003 0.002 
 65 TMA-ZAIN-G-    (9)    1 :  0.003 0.004 0.979 0.003 0.003 0.003 0.003 0.002 
 66 TMA-ZAIN-G-    (0)    1 :  0.002 0.010 0.973 0.003 0.003 0.003 0.003 0.003 
 67 TMA-ZAIN-G-    (0)    1 :  0.004 0.011 0.951 0.002 0.007 0.003 0.008 0.013 
 68 TMA-ZAIN-G-    (0)    1 :  0.002 0.008 0.976 0.003 0.002 0.003 0.002 0.002 
 69 TMA-ZAIN-G-    (0)    1 :  0.007 0.025 0.915 0.005 0.009 0.007 0.016 0.016 
 70 TMA-ZAIN-G-    (0)    1 :  0.003 0.013 0.955 0.009 0.006 0.005 0.005 0.005 
 71 TMA-ZAIN-G-    (0)    1 :  0.002 0.027 0.934 0.016 0.005 0.008 0.004 0.004 
 72 TMA-ZAIN-G-    (0)    1 :  0.003 0.006 0.972 0.004 0.003 0.003 0.005 0.003 
 73 TMA-ZAIN-G-    (0)    1 :  0.003 0.017 0.884 0.007 0.005 0.016 0.055 0.014 
 74 TMA-ZAIN-G-    (0)    1 :  0.005 0.015 0.923 0.007 0.014 0.006 0.016 0.014 
 75 TMA-ZAIN-G-    (0)    1 :  0.003 0.013 0.925 0.021 0.009 0.021 0.005 0.003 
 76 TMA-ZAIN-G-    (0)    1 :  0.006 0.019 0.820 0.013 0.026 0.009 0.024 0.082 
 77 TMA-ZAIN-G-    (0)    1 :  0.002 0.005 0.968 0.004 0.004 0.003 0.005 0.009 
 78 TMA-ZAIN-G-    (0)    1 :  0.007 0.004 0.911 0.003 0.008 0.004 0.026 0.038 
 79 TMA-ZAIN-G-    (0)    1 :  0.003 0.004 0.939 0.004 0.004 0.004 0.008 0.034 
 80 TMA-ZAIN-G-    (0)    1 :  0.002 0.005 0.974 0.003 0.003 0.003 0.003 0.007 
 81 TMA-ZAIN-G-    (0)    1 :  0.003 0.007 0.955 0.007 0.005 0.007 0.006 0.010 
 82 TMA-ZAIN-G-    (0)    1 :  0.003 0.015 0.960 0.005 0.004 0.007 0.004 0.002 
 83 TMA-ZAIN-G-    (9)    1 :  0.004 0.007 0.909 0.004 0.003 0.008 0.049 0.016 
 84 TMA-ZAIN-G-    (0)    1 :  0.004 0.005 0.889 0.003 0.004 0.002 0.011 0.082 
 85 TMA-ZAIN-G-    (0)    1 :  0.005 0.002 0.015 0.002 0.003 0.003 0.965 0.003 
 86 TMA-ZAIN-G-    (0)    1 :  0.012 0.006 0.326 0.004 0.006 0.016 0.578 0.053 
 87 TMA-ZAIN-G-    (0)    1 :  0.006 0.002 0.009 0.002 0.003 0.005 0.965 0.008 
 88 TMA-ZAIN-G-    (0)    1 :  0.006 0.006 0.592 0.003 0.003 0.006 0.376 0.008 
 89 TMA-ZAIN-G-    (0)    1 :  0.009 0.006 0.611 0.007 0.005 0.015 0.337 0.010 
 90 TMA-ZAIN-G-    (0)    1 :  0.010 0.004 0.301 0.003 0.012 0.017 0.635 0.018 
 91 TMA-ZAIN-G-    (0)    1 :  0.005 0.005 0.435 0.005 0.004 0.016 0.523 0.008 
 92 TMA-ZAIN-G-    (0)    1 :  0.004 0.003 0.117 0.003 0.007 0.007 0.828 0.031 
 93 TMA-ZAIN-G-    (0)    1 :  0.004 0.005 0.232 0.009 0.005 0.033 0.707 0.006 
 94 TMA-ZAIN-G-    (0)    1 :  0.004 0.003 0.014 0.003 0.005 0.007 0.953 0.011 
 95 TMA-ZAIN-G-    (0)    1 :  0.009 0.128 0.017 0.065 0.099 0.007 0.665 0.010 
 96 TMA-ZAIN-G-    (0)    1 :  0.081 0.005 0.498 0.004 0.341 0.006 0.058 0.007 
 97 TMA-ZAIN-G-    (0)    1 :  0.018 0.007 0.006 0.005 0.004 0.004 0.952 0.004 
 98 TMA-ZAIN-G-    (0)    1 :  0.025 0.037 0.006 0.009 0.003 0.006 0.912 0.002 
 99 TMA-ZAIN-G-    (0)    1 :  0.009 0.199 0.187 0.016 0.004 0.003 0.575 0.007 
100 TMA-ZAIN-G-    (0)    1 :  0.011 0.003 0.004 0.003 0.005 0.024 0.939 0.011 
101 TMA-ZAIN-G-    (0)    1 :  0.009 0.017 0.044 0.005 0.006 0.005 0.911 0.004 
102 TMA-ZAIN-G-    (0)    1 :  0.006 0.005 0.015 0.007 0.004 0.002 0.958 0.003 
103 TMA-ZAIN-G-    (0)    1 :  0.010 0.003 0.013 0.003 0.004 0.003 0.962 0.003 
104 TMA-ZAIN-G-    (0)    1 :  0.073 0.006 0.005 0.005 0.004 0.004 0.902 0.002 
105 TMA-ZAIN-G-    (0)    1 :  0.012 0.004 0.016 0.003 0.004 0.003 0.956 0.002 
106 TMA-ZAIN-G-    (0)    1 :  0.003 0.005 0.976 0.005 0.002 0.002 0.003 0.003 
107 TMA-ZAIN-G-    (0)    1 :  0.003 0.015 0.965 0.004 0.003 0.003 0.003 0.003 
108 TMA-ZAIN-G-    (9)    1 :  0.017 0.008 0.501 0.005 0.006 0.020 0.426 0.017 
109 TMA-ZAIN-G-    (0)    1 :  0.032 0.004 0.746 0.004 0.027 0.004 0.181 0.003 
110 TMA-ZAIN-G-    (0)    1 :  0.007 0.005 0.771 0.004 0.013 0.003 0.143 0.054 
111 TMA-ZAIN-G-    (9)    1 :  0.016 0.023 0.204 0.006 0.005 0.008 0.726 0.012 
112 TMA-ZAIN-G-    (0)    1 :  0.005 0.007 0.589 0.006 0.006 0.003 0.380 0.004 
113 TMA-ZAIN-G-    (0)    1 :  0.009 0.036 0.047 0.006 0.004 0.005 0.889 0.002 
114 TMA-ZAIN-G-    (0)    1 :  0.009 0.005 0.005 0.003 0.006 0.003 0.966 0.003 
115 TMA-ZAIN-G-    (0)    1 :  0.060 0.008 0.012 0.003 0.011 0.007 0.895 0.004 
116 TMA-ZAIN-G-    (0)    1 :  0.004 0.005 0.977 0.002 0.002 0.004 0.004 0.002 
117 TMA-ZAIN-G-    (0)    1 :  0.003 0.004 0.976 0.003 0.003 0.004 0.004 0.002 
118 TMA-ZAIN-G-    (0)    1 :  0.004 0.004 0.978 0.003 0.003 0.003 0.003 0.002 
119 TMA-ZAIN-G-    (0)    1 :  0.007 0.006 0.961 0.002 0.004 0.003 0.009 0.007 
120 TMA-ZAIN-G-    (0)    1 :  0.004 0.003 0.975 0.004 0.003 0.003 0.005 0.002 
121 TMA-ZAIN-G-    (0)    1 :  0.003 0.005 0.976 0.003 0.003 0.003 0.003 0.002 
122 TMA-ZAIN-G-    (0)    1 :  0.004 0.005 0.963 0.003 0.004 0.005 0.007 0.009 
123 TMA-ZAIN-G-    (0)    1 :  0.079 0.003 0.009 0.003 0.007 0.005 0.889 0.005 
124 TMA-ZAIN-G-    (0)    1 :  0.004 0.003 0.973 0.007 0.004 0.003 0.005 0.002 
125 TMA-ZAIN-G-    (0)    1 :  0.002 0.003 0.978 0.004 0.002 0.006 0.003 0.002 
126 TMA-ZAIN-G-    (0)    1 :  0.003 0.002 0.976 0.007 0.003 0.003 0.004 0.002 
127 TMA-ZAIN-G-    (0)    1 :  0.002 0.003 0.979 0.005 0.002 0.002 0.003 0.003 
128 TMA-ZAIN-G-    (0)    1 :  0.003 0.003 0.978 0.004 0.003 0.002 0.004 0.003 
129 TMA-ZAIN-G-    (0)    1 :  0.003 0.004 0.972 0.008 0.003 0.003 0.004 0.002 
130 TMA-ZAIN-G-    (0)    1 :  0.003 0.003 0.975 0.005 0.003 0.005 0.004 0.002 
131 TMA-ZAIN-G-    (0)    1 :  0.004 0.003 0.975 0.006 0.003 0.002 0.005 0.002 
132 TMA-ZAIN-G-    (0)    1 :  0.002 0.003 0.977 0.004 0.003 0.005 0.003 0.002 
133 TMA-ZAIN-G-    (0)    1 :  0.002 0.003 0.972 0.004 0.003 0.004 0.004 0.007 
134 TMA-ZAIN-G-    (0)    1 :  0.003 0.003 0.975 0.005 0.003 0.004 0.003 0.004 
135 TMA-ZAIN-G-    (0)    1 :  0.003 0.005 0.974 0.004 0.002 0.003 0.003 0.005 
136 TMA-ZAIN-G-    (0)    1 :  0.003 0.007 0.971 0.003 0.003 0.005 0.004 0.005 
137 TMA-ZAIN-G-    (0)    1 :  0.003 0.004 0.976 0.003 0.002 0.002 0.004 0.005 
138 TMA-ZAIN-G-    (0)    1 :  0.003 0.005 0.977 0.005 0.002 0.003 0.003 0.002 
139 TMA-ZAIN-G-    (0)    1 :  0.003 0.005 0.975 0.004 0.002 0.005 0.003 0.004 
140 TMA-ZAIN-G-    (0)    1 :  0.003 0.005 0.975 0.003 0.003 0.002 0.004 0.004 
141 TMA-ZAIN-G-    (0)    1 :  0.004 0.004 0.974 0.004 0.003 0.003 0.005 0.003 
142 TMA-ZAIN-G-    (9)    1 :  0.003 0.005 0.976 0.003 0.003 0.002 0.004 0.003 
143 TMA-ZAIN-G-    (0)    1 :  0.003 0.004 0.976 0.004 0.003 0.002 0.003 0.003 
144 TMA-ZAIN-G-    (0)    1 :  0.003 0.003 0.969 0.005 0.006 0.005 0.005 0.005 
145 TMA-ZAIN-G-    (0)    1 :  0.002 0.006 0.980 0.003 0.002 0.003 0.002 0.002 
146 TMA-ZAIN-G-    (0)    1 :  0.003 0.008 0.967 0.007 0.003 0.005 0.003 0.003 
147 TMA-ZAIN-G-    (9)    1 :  0.002 0.006 0.976 0.004 0.002 0.003 0.003 0.004 
148 TMA-ZAIN-G-    (0)    1 :  0.003 0.005 0.957 0.017 0.003 0.009 0.003 0.003 
149 TMA-ZAIN-G-    (0)    1 :  0.004 0.005 0.966 0.007 0.003 0.003 0.010 0.003 
150 TMA-ZAIN-G-    (0)    1 :  0.004 0.010 0.957 0.010 0.003 0.006 0.008 0.002 
151 TMA-ZAIN-G-    (0)    1 :  0.004 0.004 0.978 0.003 0.002 0.003 0.003 0.003 
152 TMA-ZAIN-G-    (0)    1 :  0.005 0.005 0.976 0.002 0.002 0.004 0.003 0.003 
153 TMA-ZAIN-G-    (0)    1 :  0.003 0.005 0.978 0.004 0.002 0.003 0.003 0.002 
154 TMA-ZAIN-G-    (0)    1 :  0.003 0.004 0.980 0.003 0.002 0.002 0.003 0.002 
155 TMA-ZAIN-G-    (0)    1 :  0.003 0.006 0.977 0.003 0.003 0.002 0.003 0.002 
156 TMA-ZAIN-G-    (9)    1 :  0.008 0.004 0.967 0.004 0.003 0.006 0.004 0.003 
157 TMA-ZAIN-G-    (0)    1 :  0.006 0.004 0.973 0.004 0.003 0.004 0.003 0.004 
158 TMA-ZAIN-G-    (0)    1 :  0.003 0.007 0.970 0.005 0.004 0.005 0.003 0.003 
159 TMA-ZAIN-G-    (0)    1 :  0.003 0.011 0.966 0.006 0.003 0.005 0.003 0.002 
160 TMA-ZAIN-G-    (0)    1 :  0.003 0.008 0.975 0.003 0.002 0.003 0.003 0.002 
161 TMA-ZAIN-G-    (0)    1 :  0.002 0.004 0.978 0.005 0.003 0.003 0.003 0.002 
162 TMA-ZAIN-G-    (0)    1 :  0.004 0.007 0.972 0.004 0.002 0.003 0.007 0.002 
163 TMA-ZAIN-G-    (0)    1 :  0.003 0.004 0.980 0.003 0.002 0.002 0.003 0.002 
164 TMA-ZAIN-G-    (0)    1 :  0.004 0.005 0.973 0.003 0.003 0.003 0.004 0.004 
165 TMA-ZAIN-G-    (0)    1 :  0.003 0.006 0.977 0.003 0.002 0.003 0.003 0.003 
166 TMA-ZAIN-G-    (0)    1 :  0.002 0.006 0.978 0.003 0.002 0.003 0.003 0.002 
167 TMA-ZAIN-G-    (0)    1 :  0.003 0.005 0.971 0.004 0.004 0.003 0.006 0.004 
168 TMA-ZAIN-G-    (0)    1 :  0.005 0.006 0.969 0.003 0.003 0.006 0.004 0.003 
169 TMA-ZAIN-G-    (0)    1 :  0.003 0.012 0.971 0.003 0.003 0.003 0.003 0.003 
170 TMA-ZAIN-G-    (0)    1 :  0.010 0.006 0.945 0.004 0.007 0.003 0.011 0.015 
171 TMA-ZAIN-G-    (0)    1 :  0.003 0.009 0.974 0.003 0.002 0.003 0.003 0.003 
172 TMA-ZAIN-G-    (0)    1 :  0.004 0.004 0.969 0.004 0.004 0.003 0.004 0.006 
173 TMA-ZAIN-G-    (0)    1 :  0.004 0.004 0.969 0.004 0.005 0.004 0.004 0.006 
174 TMA-ZAIN-G-    (0)    1 :  0.002 0.005 0.979 0.003 0.002 0.003 0.003 0.003 
175 TMA-ZAIN-G-    (0)    1 :  0.003 0.010 0.961 0.008 0.004 0.006 0.004 0.003 
176 TMA-ZAIN-G-    (0)    1 :  0.003 0.011 0.962 0.008 0.004 0.006 0.003 0.003 
177 TMA-ZAIN-G-    (0)    1 :  0.005 0.015 0.915 0.028 0.007 0.022 0.003 0.005 
178 TMA-ZAIN-G-    (0)    1 :  0.007 0.005 0.955 0.004 0.006 0.007 0.004 0.011 
179 TMA-ZAIN-G-    (0)    1 :  0.003 0.008 0.959 0.009 0.005 0.008 0.003 0.005 
180 TMA-ZAIN-G-    (0)    1 :  0.003 0.004 0.973 0.004 0.003 0.003 0.004 0.006 
181 TMA-ZAIN-G-    (0)    1 :  0.004 0.004 0.968 0.010 0.003 0.004 0.003 0.004 
182 TMA-ZAIN-G-    (0)    1 :  0.007 0.003 0.964 0.009 0.004 0.005 0.004 0.003 
183 TMA-ZAIN-G-    (0)    1 :  0.004 0.004 0.972 0.006 0.003 0.003 0.003 0.004 
184 TMA-ZAIN-G-    (0)    1 :  0.004 0.005 0.963 0.011 0.003 0.003 0.009 0.003 
185 TMA-ZAIN-G-    (0)    1 :  0.003 0.005 0.960 0.008 0.004 0.003 0.012 0.004 
186 TMA-ZAIN-G-    (9)    1 :  0.003 0.004 0.967 0.006 0.006 0.003 0.006 0.005 
187 TMA-ZAIN-G-    (0)    1 :  0.004 0.006 0.969 0.006 0.004 0.003 0.004 0.004 
188 TMA-ZAIN-G-    (0)    1 :  0.002 0.005 0.977 0.006 0.002 0.002 0.004 0.002 
189 TMA-ZAIN-G-    (0)    1 :  0.002 0.005 0.976 0.008 0.002 0.002 0.003 0.003 
190 TMA-ZAIN-G-    (0)    1 :  0.005 0.006 0.943 0.010 0.008 0.017 0.004 0.007 
191 TMA-ZAIN-G-    (0)    1 :  0.003 0.006 0.950 0.023 0.003 0.002 0.009 0.004 
192 TMA-ZAIN-G-    (0)    1 :  0.004 0.004 0.963 0.007 0.003 0.003 0.003 0.013 
193 TMA-ZAIN-G-    (0)    1 :  0.007 0.003 0.940 0.010 0.005 0.025 0.004 0.006 
194 TMA-ZAIN-G-    (0)    1 :  0.006 0.003 0.937 0.006 0.006 0.029 0.005 0.008 
195 TMA-ZAIN-G-    (0)    1 :  0.008 0.005 0.891 0.033 0.008 0.047 0.004 0.005 
196 TMA-ZAIN-G-    (0)    1 :  0.008 0.003 0.956 0.008 0.005 0.012 0.004 0.005 
197 TMA-ZAIN-G-    (0)    1 :  0.004 0.003 0.964 0.007 0.003 0.010 0.004 0.004 
198 TMA-ZAIN-G-    (0)    1 :  0.007 0.003 0.959 0.007 0.004 0.010 0.003 0.007 
199 TMA-ZAIN-G-    (0)    1 :  0.002 0.004 0.972 0.006 0.004 0.003 0.005 0.004 
200 TMA-ZAIN-G-    (0)    1 :  0.013 0.003 0.005 0.004 0.006 0.009 0.397 0.563 
201 TMA-ZAIN-G-    (0)    1 :  0.003 0.003 0.032 0.003 0.004 0.003 0.334 0.618 
202 TMA-ZAIN-G-    (0)    1 :  0.005 0.003 0.004 0.003 0.003 0.002 0.006 0.974 
203 TMA-ZAIN-G-    (0)    1 :  0.020 0.003 0.939 0.008 0.005 0.013 0.006 0.005 
204 TMA-ZAIN-G-    (9)    1 :  0.009 0.004 0.006 0.008 0.011 0.014 0.179 0.770 
205 TMA-ZAIN-G-    (0)    1 :  0.003 0.003 0.121 0.003 0.005 0.003 0.022 0.839 
206 TMA-ZAIN-G-    (9)    1 :  0.014 0.008 0.028 0.006 0.009 0.010 0.353 0.573 
207 TMA-ZAIN-G-    (9)    1 :  0.006 0.004 0.957 0.003 0.007 0.011 0.008 0.004 
208 TMA-ZAIN-G-    (0)    1 :  0.002 0.005 0.979 0.003 0.003 0.003 0.002 0.003 
209 TMA-ZAIN-G-    (0)    1 :  0.002 0.003 0.975 0.005 0.002 0.006 0.003 0.003 
210 TMA-ZAIN-G-    (0)    1 :  0.004 0.004 0.971 0.004 0.003 0.007 0.004 0.003 
211 TMA-ZAIN-G-    (0)    1 :  0.005 0.003 0.956 0.005 0.005 0.003 0.011 0.012 
212 TMA-ZAIN-G-    (0)    1 :  0.004 0.004 0.967 0.004 0.004 0.005 0.004 0.008 
213 TMA-ZAIN-G-    (0)    1 :  0.003 0.004 0.974 0.006 0.003 0.003 0.004 0.003 
214 TMA-ZAIN-G-    (0)    1 :  0.002 0.004 0.977 0.004 0.003 0.002 0.004 0.003 
215 TMA-ZAIN-G-    (0)    1 :  0.003 0.003 0.862 0.003 0.037 0.002 0.062 0.027 
216 TMA-ZAIN-G-    (0)    1 :  0.002 0.003 0.975 0.004 0.004 0.003 0.004 0.005 
217 TMA-ZAIN-G-    (0)    1 :  0.003 0.005 0.977 0.005 0.002 0.003 0.003 0.003 
218 TMA-ZAIN-G-    (0)    1 :  0.011 0.038 0.046 0.012 0.192 0.006 0.628 0.067 
219 TMA-ZAIN-G-    (0)    1 :  0.018 0.016 0.074 0.014 0.052 0.022 0.471 0.332 
220 TMA-ZAIN-G-    (0)    1 :  0.093 0.017 0.027 0.005 0.117 0.005 0.730 0.006 
221 TMA-ZAIN-G-    (0)    1 :  0.013 0.068 0.068 0.035 0.041 0.009 0.511 0.256 
222 TMA-ZAIN-G-    (0)    1 :  0.004 0.003 0.017 0.004 0.004 0.003 0.956 0.009 
223 TMA-ZAIN-G-    (0)    1 :  0.004 0.004 0.011 0.003 0.042 0.005 0.897 0.033 
224 TMA-ZAIN-G-    (0)    1 :  0.005 0.002 0.044 0.004 0.008 0.003 0.922 0.011 
225 TMA-ZAIN-G-    (0)    1 :  0.010 0.002 0.006 0.002 0.027 0.004 0.915 0.034 
226 TMA-ZAIN-G-    (0)    1 :  0.009 0.002 0.012 0.002 0.007 0.004 0.946 0.017 
227 TMA-ZAIN-G-    (0)    1 :  0.010 0.003 0.012 0.003 0.026 0.004 0.866 0.074 
228 TMA-ZAIN-G-    (0)    1 :  0.005 0.011 0.043 0.016 0.037 0.014 0.870 0.004 
229 TMA-ZAIN-G-    (0)    1 :  0.004 0.017 0.014 0.003 0.027 0.005 0.903 0.027 
230 TMA-ZAIN-G-    (0)    1 :  0.009 0.009 0.261 0.028 0.025 0.026 0.640 0.003 
231 TMA-ZAIN-G-    (0)    1 :  0.004 0.003 0.014 0.003 0.003 0.004 0.960 0.009 
232 TMA-ZAIN-G-    (9)    1 :  0.004 0.004 0.008 0.004 0.003 0.003 0.970 0.004 
233 TMA-ZAIN-G-    (0)    1 :  0.004 0.012 0.141 0.003 0.066 0.005 0.741 0.027 
234 TMA-ZAIN-G-    (0)    1 :  0.010 0.003 0.007 0.003 0.006 0.012 0.945 0.014 
235 TMA-ZAIN-G-    (0)    1 :  0.056 0.009 0.037 0.006 0.013 0.018 0.813 0.049 
236 TMA-ZAIN-G-    (0)    1 :  0.021 0.003 0.022 0.003 0.005 0.005 0.632 0.310 
237 TMA-ZAIN-G-    (0)    1 :  0.005 0.007 0.080 0.005 0.004 0.004 0.889 0.007 
238 TMA-ZAIN-G-    (0)    1 :  0.005 0.004 0.034 0.004 0.005 0.002 0.743 0.203 
239 TMA-ZAIN-G-    (0)    1 :  0.003 0.007 0.076 0.029 0.003 0.053 0.314 0.515 
240 TMA-ZAIN-G-    (0)    1 :  0.002 0.002 0.003 0.002 0.003 0.003 0.023 0.961 
241 TMA-ZAIN-G-    (0)    1 :  0.002 0.003 0.005 0.002 0.003 0.002 0.013 0.970 
242 TMA-ZAIN-G-    (0)    1 :  0.002 0.003 0.004 0.002 0.003 0.002 0.009 0.976 
243 TMA-ZAIN-G-    (0)    1 :  0.002 0.003 0.005 0.002 0.002 0.002 0.006 0.978 
244 TMA-ZAIN-G-    (0)    1 :  0.002 0.004 0.006 0.002 0.003 0.002 0.010 0.971 
245 TMA-ZAIN-G-    (9)    1 :  0.002 0.002 0.003 0.002 0.003 0.002 0.015 0.971 
246 TMA-ZAIN-G-    (0)    1 :  0.002 0.002 0.003 0.002 0.003 0.002 0.005 0.981 
247 TMA-ZAIN-G-    (0)    1 :  0.002 0.002 0.003 0.002 0.002 0.002 0.004 0.983 
248 TMA-ZAIN-G-    (0)    1 :  0.002 0.002 0.004 0.002 0.003 0.002 0.010 0.973 
249 TMA-ZAIN-G-    (0)    1 :  0.002 0.002 0.003 0.002 0.003 0.002 0.006 0.981 
250 TMA-ZAIN-G-    (0)    1 :  0.002 0.002 0.003 0.002 0.003 0.002 0.005 0.981 
251 TMA-ZAIN-G-    (0)    1 :  0.009 0.003 0.773 0.005 0.017 0.051 0.139 0.003 
252 TMA-ZAIN-G-    (0)    1 :  0.003 0.006 0.894 0.008 0.008 0.058 0.018 0.005 
253 TMA-ZAIN-G-    (0)    1 :  0.003 0.003 0.915 0.005 0.004 0.020 0.044 0.006 
254 TMA-ZAIN-G-    (9)    1 :  0.004 0.004 0.952 0.003 0.006 0.005 0.022 0.004 
255 TMA-ZAIN-G-    (0)    1 :  0.011 0.005 0.660 0.005 0.004 0.052 0.259 0.004 
256 TMA-ZAIN-G-    (0)    1 :  0.004 0.003 0.852 0.010 0.004 0.019 0.097 0.010 
257 TMA-ZAIN-G-    (0)    1 :  0.004 0.002 0.868 0.005 0.008 0.053 0.052 0.007 
258 TMA-ZAIN-G-    (0)    1 :  0.003 0.003 0.917 0.003 0.007 0.030 0.026 0.011 
259 TMA-ZAIN-G-    (0)    1 :  0.004 0.003 0.424 0.005 0.006 0.232 0.314 0.011 
260 TMA-ZAIN-G-    (0)    1 :  0.003 0.005 0.630 0.005 0.008 0.109 0.228 0.011 
261 TMA-ZAIN-G-   (18)    1 :  0.017 0.004 0.884 0.004 0.012 0.057 0.021 0.003 
262 TMA-ZAIN-G-    (0)    1 :  0.005 0.002 0.870 0.004 0.009 0.044 0.060 0.005 
263 TMA-ZAIN-G-    (0)    1 :  0.006 0.003 0.614 0.005 0.006 0.117 0.244 0.005 
264 TMA-ZAIN-G-    (0)    1 :  0.006 0.004 0.640 0.005 0.005 0.062 0.273 0.004 
265 TMA-ZAIN-G-    (0)    1 :  0.003 0.009 0.522 0.010 0.006 0.018 0.322 0.111 
266 TMA-ZAIN-G-    (0)    1 :  0.004 0.003 0.939 0.005 0.007 0.010 0.025 0.007 
267 TMA-ZAIN-G-    (0)    1 :  0.004 0.011 0.040 0.007 0.011 0.019 0.895 0.013 
268 TMA-ZAIN-G-    (0)    1 :  0.007 0.002 0.003 0.002 0.003 0.003 0.977 0.002 
269 TMA-ZAIN-G-    (0)    1 :  0.005 0.002 0.004 0.002 0.003 0.003 0.978 0.002 
270 TMA-ZAIN-G-    (0)    1 :  0.005 0.002 0.004 0.002 0.003 0.003 0.978 0.003 
271 TMA-ZAIN-G-    (0)    1 :  0.006 0.002 0.003 0.002 0.003 0.003 0.978 0.003 
272 TMA-ZAIN-G-    (0)    1 :  0.003 0.002 0.003 0.002 0.003 0.002 0.981 0.003 
273 TMA-ZAIN-G-    (0)    1 :  0.003 0.002 0.003 0.002 0.003 0.002 0.981 0.004 
274 TMA-ZAIN-G-    (0)    1 :  0.004 0.004 0.005 0.005 0.004 0.003 0.972 0.004 
275 TMA-ZAIN-G-    (0)    1 :  0.004 0.002 0.002 0.002 0.003 0.002 0.982 0.003 
276 TMA-ZAIN-G-    (0)    1 :  0.004 0.002 0.003 0.002 0.002 0.002 0.981 0.003 
277 TMA-ZAIN-G-    (0)    1 :  0.003 0.003 0.004 0.003 0.003 0.002 0.975 0.006 
278 TMA-ZAIN-G-    (0)    1 :  0.003 0.002 0.003 0.002 0.003 0.002 0.977 0.007 
279 TMA-ZAIN-G-    (0)    1 :  0.003 0.002 0.003 0.003 0.004 0.002 0.979 0.004 
280 TMA-ZAIN-G-    (0)    1 :  0.004 0.002 0.004 0.003 0.004 0.002 0.978 0.004 
281 TMA-ZAIN-G-    (0)    1 :  0.004 0.002 0.003 0.003 0.003 0.002 0.978 0.004 
282 TMA-ZAIN-G-    (9)    1 :  0.003 0.002 0.003 0.002 0.003 0.002 0.979 0.004 
283 TMA-ZAIN-G-    (0)    1 :  0.004 0.002 0.005 0.002 0.005 0.004 0.970 0.008 
284 TMA-ZAIN-G-    (0)    1 :  0.005 0.003 0.006 0.002 0.005 0.004 0.968 0.007 
285 TMA-ZAIN-G-    (0)    1 :  0.003 0.003 0.005 0.003 0.003 0.003 0.970 0.009 
286 TMA-ZAIN-G-    (0)    1 :  0.004 0.002 0.003 0.002 0.003 0.003 0.979 0.004 
287 TMA-ZAIN-G-    (0)    1 :  0.004 0.003 0.004 0.004 0.003 0.002 0.976 0.004 
288 TMA-ZAIN-G-    (0)    1 :  0.004 0.004 0.010 0.005 0.004 0.002 0.968 0.003 
289 TMA-ZAIN-G-    (0)    1 :  0.003 0.003 0.005 0.004 0.003 0.002 0.975 0.004 
290 TMA-ZAIN-G-    (0)    1 :  0.006 0.003 0.005 0.004 0.005 0.002 0.973 0.003 
291 TMA-ZAIN-G-    (0)    1 :  0.012 0.025 0.018 0.020 0.380 0.006 0.525 0.015 
292 TMA-ZAIN-G-    (0)    1 :  0.006 0.003 0.954 0.004 0.005 0.002 0.012 0.012 
293 TMA-ZAIN-G-    (0)    1 :  0.003 0.003 0.970 0.003 0.003 0.004 0.004 0.011 
294 TMA-ZAIN-G-    (0)    1 :  0.003 0.012 0.951 0.009 0.005 0.010 0.004 0.006 
295 TMA-ZAIN-G-    (9)    1 :  0.004 0.010 0.943 0.008 0.010 0.010 0.008 0.008 
296 TMA-ZAIN-G-    (0)    1 :  0.007 0.003 0.965 0.004 0.004 0.004 0.009 0.004 
297 TMA-ZAIN-G-    (0)    1 :  0.004 0.003 0.972 0.004 0.004 0.003 0.006 0.004 
298 TMA-ZAIN-G-    (0)    1 :  0.006 0.004 0.963 0.003 0.004 0.007 0.007 0.006 
299 TMA-ZAIN-G-    (0)    1 :  0.004 0.006 0.965 0.003 0.004 0.002 0.007 0.009 
300 TMA-ZAIN-G-    (0)    1 :  0.003 0.012 0.948 0.013 0.006 0.007 0.005 0.007 
301 TMA-ZAIN-G-    (0)    1 :  0.003 0.006 0.970 0.004 0.003 0.003 0.004 0.007 
302 TMA-ZAIN-G-    (9)    1 :  0.003 0.004 0.976 0.004 0.003 0.003 0.004 0.003 
303 TMA-ZAIN-G-    (0)    1 :  0.009 0.007 0.015 0.200 0.009 0.051 0.701 0.007 
304 TMA-ZAIN-G-    (0)    2 :  0.005 0.007 0.938 0.005 0.004 0.006 0.031 0.005 
305 TMA-ZAIN-G-    (0)    2 :  0.003 0.004 0.974 0.003 0.003 0.003 0.004 0.006 
306 TMA-ZAIN-G-    (0)    2 :  0.003 0.005 0.785 0.005 0.003 0.007 0.184 0.007 
307 TMA-ZAIN-G-    (0)    2 :  0.004 0.007 0.949 0.005 0.004 0.004 0.019 0.008 
308 TMA-ZAIN-G-    (0)    2 :  0.004 0.003 0.157 0.044 0.007 0.168 0.609 0.008 
309 TMA-ZAIN-G-    (0)    2 :  0.003 0.003 0.973 0.009 0.003 0.002 0.004 0.002 
310 TMA-ZAIN-G-    (0)    2 :  0.004 0.005 0.964 0.003 0.005 0.004 0.005 0.010 
311 TMA-ZAIN-G-    (0)    2 :  0.010 0.003 0.960 0.004 0.005 0.005 0.011 0.002 
312 TMA-ZAIN-G-    (0)    2 :  0.005 0.003 0.960 0.004 0.009 0.006 0.007 0.006 
313 TMA-ZAIN-G-    (0)    2 :  0.005 0.005 0.957 0.007 0.003 0.010 0.011 0.002 
314 TMA-ZAIN-G-    (0)    2 :  0.055 0.010 0.007 0.010 0.036 0.008 0.866 0.007 
315 TMA-ZAIN-G-    (0)    2 :  0.004 0.006 0.556 0.003 0.006 0.003 0.412 0.011 
316 TMA-ZAIN-G-    (0)    2 :  0.005 0.006 0.500 0.003 0.009 0.003 0.465 0.009 
317 TMA-ZAIN-G-    (0)    2 :  0.006 0.004 0.016 0.003 0.037 0.002 0.929 0.004 
318 TMA-ZAIN-G-    (9)    2 :  0.004 0.003 0.005 0.003 0.005 0.003 0.968 0.008 
319 TMA-ZAIN-G-    (0)    3 :  0.092 0.003 0.192 0.004 0.037 0.014 0.622 0.038 
320 TMA-ZAIN-G-    (0)    3 :  0.004 0.004 0.697 0.004 0.037 0.003 0.110 0.142 
321 TMA-ZAIN-G-    (0)    4 :  0.021 0.009 0.740 0.006 0.021 0.003 0.192 0.006 
322 TMA-ZAIN-G-    (0)    4 :  0.008 0.004 0.696 0.003 0.058 0.004 0.216 0.011 
323 TMA-ZAIN-G-    (0)    5 :  0.008 0.005 0.290 0.011 0.029 0.006 0.501 0.151 
324 TMA-ZAIN-G-    (0)    5 :  0.008 0.004 0.964 0.003 0.004 0.008 0.005 0.005 
325 TMA-ZAIN-G-    (0)    5 :  0.009 0.016 0.129 0.009 0.375 0.005 0.152 0.305 
326 TMA-ZAIN-G-    (0)    5 :  0.004 0.004 0.582 0.009 0.360 0.011 0.021 0.008 
327 TMA-ZAIN-G-    (0)    5 :  0.005 0.003 0.961 0.007 0.004 0.013 0.004 0.003 
328 TMA-ZAIN-G-    (0)    5 :  0.008 0.011 0.295 0.015 0.009 0.007 0.636 0.018 
329 TMA-ZAIN-G-    (0)    5 :  0.003 0.004 0.974 0.004 0.003 0.004 0.004 0.005 
330 TMA-ZAIN-G-    (0)    6 :  0.002 0.004 0.978 0.004 0.003 0.004 0.003 0.002 
331 TMA-ZAIN-G-    (0)    6 :  0.025 0.014 0.703 0.018 0.046 0.103 0.037 0.053 
332 TMA-ZAIN-G-    (0)    6 :  0.004 0.003 0.971 0.006 0.003 0.006 0.003 0.004 
333 TMA-ZAIN-G-    (0)    6 :  0.006 0.003 0.950 0.008 0.004 0.020 0.004 0.004 
334 TMA-ZAIN-G-    (0)    6 :  0.003 0.002 0.003 0.002 0.003 0.003 0.979 0.004 
335 TMA-ZAIN-G-    (0)    6 :  0.004 0.002 0.004 0.002 0.002 0.002 0.979 0.005 
336 TMA-ZAIN-G-    (0)    6 :  0.004 0.002 0.005 0.002 0.004 0.003 0.971 0.008 
337 TMA-ZAIN-G-    (9)    6 :  0.005 0.002 0.004 0.003 0.004 0.003 0.977 0.003 
338 TMA-ZAIN-G-    (0)    6 :  0.006 0.002 0.003 0.002 0.003 0.002 0.980 0.003 
339 TMA-ZAIN-G-    (0)    6 :  0.006 0.002 0.002 0.002 0.003 0.002 0.979 0.004 
340 TMA-ZAIN-G-    (0)    6 :  0.004 0.002 0.003 0.002 0.003 0.002 0.981 0.004 
341 TMA-ZAIN-G-    (0)    6 :  0.005 0.002 0.003 0.002 0.003 0.002 0.979 0.004 
342 TMA-ZAIN-G-    (0)    6 :  0.005 0.002 0.004 0.002 0.003 0.002 0.974 0.008 
343 TMA-ZAIN-G-    (0)    7 :  0.005 0.002 0.002 0.002 0.002 0.002 0.981 0.003 
344 TMA-ZAIN-G-    (0)    7 :  0.003 0.002 0.004 0.003 0.004 0.002 0.978 0.005 
345 TMA-ZAIN-G-    (0)    7 :  0.004 0.002 0.003 0.002 0.003 0.002 0.979 0.006 
346 TMA-ZAIN-G-    (0)    7 :  0.003 0.002 0.002 0.002 0.003 0.002 0.982 0.004 
347 TMA-ZAIN-G-    (9)    7 :  0.004 0.002 0.003 0.002 0.004 0.002 0.979 0.005 
348 TMA-ZAIN-G-    (0)    7 :  0.004 0.002 0.004 0.003 0.004 0.003 0.975 0.004 
349 TMA-ZAIN-G-    (0)    7 :  0.003 0.003 0.003 0.002 0.003 0.002 0.978 0.005 
350 TMA-ZAIN-G-    (0)    7 :  0.004 0.002 0.004 0.002 0.004 0.002 0.976 0.005 
351 TMA-ZAIN-G-    (0)    7 :  0.003 0.002 0.003 0.002 0.003 0.002 0.978 0.005 
352 TMA-ZAIN-G-    (0)    7 :  0.005 0.002 0.004 0.002 0.003 0.003 0.977 0.004 
353 TMA-ZAIN-G-    (0)    7 :  0.004 0.002 0.005 0.004 0.004 0.002 0.974 0.005 
354 TMA-ZAIN-G-    (0)    7 :  0.004 0.002 0.003 0.003 0.004 0.002 0.979 0.003 
355 TMA-ZAIN-G-    (0)    7 :  0.005 0.002 0.005 0.003 0.003 0.002 0.975 0.004 
356 TMA-ZAIN-G-    (0)    8 :  0.003 0.007 0.971 0.002 0.002 0.003 0.011 0.002 
357 TMA-ZAIN-G-    (0)    8 :  0.004 0.004 0.974 0.004 0.003 0.003 0.005 0.003 
358 TMA-ZAIN-G-    (0)    8 :  0.005 0.009 0.945 0.017 0.005 0.005 0.011 0.003 
359 TMA-ZAIN-G-    (0)    8 :  0.003 0.005 0.851 0.002 0.005 0.004 0.011 0.120 
360 TMA-ZAIN-G-    (0)    8 :  0.003 0.007 0.976 0.002 0.003 0.002 0.003 0.004 
361 TMA-ZAIN-G-    (0)    8 :  0.020 0.028 0.881 0.036 0.012 0.016 0.004 0.003 
362 TMA-ZAIN-G-    (0)    8 :  0.004 0.004 0.951 0.003 0.004 0.003 0.006 0.026 
363 TMA-ZAIN-G-    (0)    9 :  0.003 0.004 0.958 0.004 0.006 0.004 0.013 0.008 
364 TMA-ZAIN-G-    (0)    9 :  0.007 0.003 0.013 0.003 0.007 0.003 0.960 0.004 
365 TMA-ZAIN-G-    (0)    9 :  0.009 0.007 0.716 0.004 0.006 0.003 0.211 0.045 
366 TMA-ZAIN-G-    (0)    9 :  0.003 0.018 0.922 0.007 0.007 0.025 0.005 0.013 
367 TMA-ZAIN-G-    (0)    9 :  0.020 0.003 0.943 0.003 0.006 0.012 0.010 0.003 
368 TMA-ZAIN-G-    (0)    9 :  0.003 0.019 0.941 0.011 0.005 0.012 0.004 0.005 
369 TMA-ZAIN-G-    (0)    9 :  0.002 0.004 0.978 0.005 0.003 0.003 0.003 0.003 
370 TMA-ZAIN-G-    (0)    9 :  0.018 0.035 0.851 0.037 0.018 0.018 0.003 0.019 
371 TMA-ZAIN-G-    (0)    9 :  0.003 0.007 0.975 0.004 0.002 0.003 0.004 0.002 
372 TMA-ZAIN-G-    (0)    9 :  0.003 0.010 0.969 0.004 0.003 0.004 0.003 0.005 
373 TMA-ZAIN-G-    (0)    9 :  0.006 0.003 0.954 0.007 0.007 0.010 0.005 0.008 
374 TMA-ZAIN-G-    (0)   10 :  0.027 0.004 0.763 0.008 0.032 0.006 0.158 0.003 
375 TMA-ZAIN-G-    (0)   10 :  0.005 0.003 0.493 0.007 0.016 0.002 0.427 0.047 
376 TMA-ZAIN-G-    (9)   10 :  0.003 0.006 0.978 0.003 0.002 0.002 0.004 0.002 
377 TMA-ZAIN-G-    (0)   10 :  0.002 0.006 0.979 0.003 0.002 0.002 0.002 0.002 
378 TMA-ZAIN-G-    (0)   10 :  0.003 0.009 0.976 0.003 0.002 0.002 0.003 0.002 
379 TMA-ZAIN-G-    (0)   10 :  0.003 0.006 0.979 0.003 0.002 0.003 0.003 0.002 
380 TMA-ZAIN-G-    (0)   10 :  0.002 0.011 0.963 0.006 0.003 0.007 0.003 0.004 
381 TMA-ZAIN-G-    (9)   10 :  0.017 0.100 0.400 0.022 0.122 0.029 0.279 0.030 
382 TMA-ZAIN-G-    (9)   10 :  0.053 0.009 0.008 0.015 0.019 0.012 0.791 0.093 
383    ZFB01    (0)   11 :  0.891 0.005 0.068 0.004 0.004 0.004 0.011 0.013 
384    ZFB02    (0)   11 :  0.956 0.003 0.008 0.003 0.005 0.007 0.007 0.011 
385    ZFB03    (0)   11 :  0.942 0.004 0.011 0.009 0.010 0.005 0.014 0.004 
386    ZFB04    (0)   11 :  0.948 0.005 0.011 0.003 0.004 0.005 0.005 0.017 
387    ZFB05    (0)   11 :  0.716 0.006 0.032 0.009 0.067 0.019 0.037 0.115 
388    ZFB06    (0)   11 :  0.775 0.006 0.032 0.009 0.063 0.006 0.026 0.083 
389    ZFB07    (9)   11 :  0.954 0.008 0.005 0.008 0.008 0.005 0.005 0.008 
390    ZFB08    (0)   11 :  0.957 0.005 0.006 0.006 0.008 0.006 0.010 0.003 
391    ZFB09    (0)   11 :  0.959 0.003 0.011 0.003 0.004 0.004 0.012 0.004 
392    ZFB10    (0)   11 :  0.898 0.018 0.041 0.006 0.004 0.008 0.010 0.016 
393    ZFB11    (0)   11 :  0.768 0.007 0.170 0.004 0.004 0.006 0.017 0.024 
394    ZFB12    (0)   11 :  0.901 0.004 0.043 0.005 0.007 0.003 0.027 0.010 
395    ZFB13    (0)   11 :  0.961 0.006 0.003 0.004 0.009 0.005 0.008 0.003 
396    ZFB14    (0)   11 :  0.960 0.005 0.008 0.004 0.005 0.005 0.010 0.003 
397    ZFB15    (0)   11 :  0.945 0.003 0.012 0.003 0.004 0.003 0.015 0.015 
398    ZFB16    (0)   11 :  0.950 0.005 0.009 0.004 0.006 0.003 0.013 0.010 
399    ZFB17    (0)   11 :  0.826 0.013 0.051 0.008 0.025 0.018 0.014 0.046 
400    ZFB18    (0)   11 :  0.950 0.004 0.019 0.003 0.005 0.005 0.011 0.004 
401    ZFB19    (0)   11 :  0.919 0.026 0.007 0.011 0.020 0.004 0.006 0.006 
402    ZFB20    (0)   11 :  0.924 0.005 0.014 0.004 0.006 0.003 0.021 0.023 
403    ZFB21    (0)   11 :  0.941 0.003 0.008 0.003 0.005 0.003 0.027 0.010 
404    ZFB22    (0)   11 :  0.782 0.011 0.118 0.006 0.008 0.006 0.015 0.054 
405    ZFB23    (0)   11 :  0.871 0.007 0.038 0.006 0.006 0.005 0.010 0.057 
406    ZFB24    (0)   11 :  0.799 0.006 0.124 0.003 0.004 0.005 0.010 0.048 
407    ZFB25    (0)   11 :  0.863 0.026 0.057 0.009 0.003 0.006 0.014 0.021 
408    ZFB26    (0)   11 :  0.762 0.014 0.040 0.007 0.005 0.008 0.007 0.156 
409    ZFB27    (0)   11 :  0.616 0.006 0.072 0.004 0.005 0.004 0.034 0.259 
410    ZFB28    (0)   11 :  0.371 0.010 0.013 0.042 0.024 0.014 0.456 0.070 
411    ZFB29    (0)   11 :  0.906 0.003 0.039 0.002 0.005 0.008 0.021 0.015 
412    ZFB30    (0)   11 :  0.514 0.007 0.033 0.008 0.043 0.004 0.011 0.379 
413    ZFB31    (0)   11 :  0.945 0.016 0.008 0.007 0.004 0.005 0.008 0.007 
414    ZFB32    (0)   11 :  0.810 0.008 0.022 0.017 0.019 0.024 0.055 0.044 
415    ZFB33    (0)   11 :  0.934 0.003 0.024 0.003 0.004 0.004 0.015 0.013 
416    ZFB34    (0)   11 :  0.969 0.004 0.006 0.003 0.005 0.006 0.005 0.003 
417    ZFB35    (0)   11 :  0.954 0.006 0.011 0.005 0.004 0.006 0.006 0.007 
418  ZFBP101    (0)   12 :  0.018 0.664 0.007 0.158 0.018 0.119 0.013 0.003 
419  ZFBP102    (0)   12 :  0.025 0.869 0.008 0.037 0.018 0.025 0.016 0.003 
420  ZFBP103    (0)   12 :  0.012 0.162 0.007 0.573 0.013 0.225 0.006 0.003 
421  ZFBP104    (0)   12 :  0.040 0.538 0.004 0.349 0.039 0.004 0.024 0.003 
422  ZFBP105    (0)   12 :  0.008 0.712 0.004 0.241 0.007 0.006 0.016 0.005 
423  ZFBP106    (0)   12 :  0.004 0.810 0.004 0.163 0.005 0.008 0.002 0.003 
424  ZFBP107    (0)   12 :  0.009 0.425 0.007 0.486 0.015 0.012 0.010 0.035 
425  ZFBP108    (0)   12 :  0.004 0.968 0.004 0.012 0.003 0.004 0.003 0.003 
426  ZFBP109    (0)   12 :  0.004 0.958 0.014 0.011 0.004 0.004 0.003 0.002 
427  ZFBP110    (0)   12 :  0.046 0.124 0.025 0.686 0.040 0.059 0.018 0.002 
428  ZFBP111    (0)   12 :  0.003 0.961 0.004 0.020 0.004 0.004 0.002 0.003 
429  ZFBP112    (0)   12 :  0.004 0.961 0.004 0.008 0.005 0.007 0.005 0.006 
430  ZFBP113    (0)   12 :  0.004 0.965 0.004 0.009 0.005 0.003 0.004 0.004 
431  ZFBP114    (0)   12 :  0.004 0.936 0.006 0.024 0.005 0.010 0.003 0.012 
432  ZFBP115    (0)   12 :  0.002 0.347 0.004 0.625 0.006 0.008 0.003 0.004 
433  ZFBP116    (0)   12 :  0.003 0.958 0.004 0.017 0.007 0.005 0.003 0.004 
434  ZFBP117    (0)   12 :  0.004 0.963 0.005 0.012 0.005 0.007 0.003 0.002 
435  ZFBP118    (0)   12 :  0.003 0.952 0.006 0.012 0.005 0.006 0.003 0.014 
436  ZFBP119    (0)   12 :  0.004 0.664 0.005 0.279 0.008 0.034 0.003 0.002 
