

----------------------------------------------------
STRUCTURE by Pritchard, Stephens and Donnelly (2000)
     and Falush, Stephens and Pritchard (2003)
       Code by Pritchard, Falush and Hubisz
             Version 2.3.4 (Jul 2012)
----------------------------------------------------



Command line arguments:   bin\structure -m C:\Users\eschumacher\Documents\GitHub\GCC_QUAC_ZAIN\Data_Files\Structure_Files\ZAIN\ZAIN_og_allpop_STR\50-50\mainparams -e C:\Users\eschumacher\Documents\GitHub\GCC_QUAC_ZAIN\Data_Files\Structure_Files\ZAIN\ZAIN_og_allpop_STR\50-50\extraparams 
Input File:    C:\Users\eschumacher\Documents\GitHub\GCC_QUAC_ZAIN\Data_Files\Structure_Files\ZAIN\ZAIN_og_allpop_STR\project_data

Run parameters:
   1135 individuals
   11 loci
   5 populations assumed
   50000 Burn-in period
   50000 Reps


--------------------------------------------
Proportion of membership of each pre-defined
 population in each of the 5 clusters

Given    Inferred Clusters                     Number of
 Pop       1      2      3      4      5      Individuals

  1:     0.009  0.599  0.370  0.013  0.010      303
  2:     0.007  0.668  0.301  0.011  0.013       15
  3:     0.004  0.452  0.436  0.061  0.047        2
  4:     0.006  0.728  0.209  0.039  0.017        2
  5:     0.013  0.561  0.347  0.072  0.006        7
  6:     0.005  0.283  0.687  0.018  0.007       13
  7:     0.002  0.004  0.986  0.003  0.004       13
  8:     0.012  0.957  0.011  0.011  0.009        7
  9:     0.012  0.854  0.117  0.009  0.008       11
 10:     0.011  0.746  0.189  0.034  0.019        9
 11:     0.008  0.039  0.038  0.014  0.901       35
 12:     0.970  0.006  0.006  0.009  0.009       36
 13:     0.974  0.006  0.005  0.009  0.006       33
 14:     0.078  0.005  0.005  0.888  0.024       40
 15:     0.980  0.004  0.003  0.008  0.004       40
 16:     0.068  0.024  0.016  0.683  0.209       40
 17:     0.019  0.013  0.031  0.837  0.100       37
 18:     0.980  0.005  0.003  0.005  0.007       40
 19:     0.008  0.003  0.005  0.040  0.944       28
 20:     0.023  0.003  0.004  0.948  0.023       14
 21:     0.014  0.004  0.009  0.957  0.017       13
 22:     0.983  0.004  0.003  0.006  0.005       14
 23:     0.974  0.005  0.006  0.010  0.005       25
 24:     0.947  0.009  0.003  0.032  0.009       40
 25:     0.175  0.016  0.008  0.760  0.041       32
 26:     0.005  0.009  0.013  0.967  0.006       21
 27:     0.020  0.022  0.086  0.096  0.775        4
 28:     0.015  0.005  0.006  0.012  0.962       23
 29:     0.006  0.003  0.003  0.012  0.975       39
 30:     0.004  0.003  0.009  0.023  0.960       38
 31:     0.981  0.004  0.004  0.007  0.004       45
 32:     0.970  0.005  0.005  0.014  0.005       28
 33:     0.011  0.015  0.010  0.025  0.940        6
 34:     0.070  0.009  0.023  0.818  0.079       40
 35:     0.041  0.010  0.019  0.874  0.057       42
--------------------------------------------

Allele-freq. divergence among pops (Net nucleotide distance),
computed using point estimates of P.

      1       2       3       4       5      
 1      -    0.2627  0.3136  0.0990  0.1883  
 2   0.2627     -    0.1557  0.2359  0.2488  
 3   0.3136  0.1557     -    0.1806  0.1831  
 4   0.0990  0.2359  0.1806     -    0.0779  
 5   0.1883  0.2488  0.1831  0.0779     -    

Average distances (expected heterozygosity) between individuals in same cluster:
cluster  1  : 0.4711 
cluster  2  : 0.4849 
cluster  3  : 0.5261 
cluster  4  : 0.5690 
cluster  5  : 0.4952 

--------------------------------------------
Estimated Ln Prob of Data   = -24640.3
Mean value of ln likelihood = -24307.6
Variance of ln likelihood   = 665.5
Mean value of alpha         = 0.0320

Mean value of Fst_1         = 0.4356
Mean value of Fst_2         = 0.3033
Mean value of Fst_3         = 0.2387
Mean value of Fst_4         = 0.2025
Mean value of Fst_5         = 0.3953


Inferred ancestry of individuals:
        Label (%Miss) Pop:  Inferred clusters
  1 TMA-ZAIN-G-    (9)    1 :  0.004 0.125 0.740 0.006 0.125 
  2 TMA-ZAIN-G-    (0)    1 :  0.065 0.071 0.672 0.057 0.133 
  3 TMA-ZAIN-G-    (0)    1 :  0.004 0.986 0.004 0.003 0.003 
  4 TMA-ZAIN-G-    (0)    1 :  0.003 0.805 0.119 0.019 0.053 
  5 TMA-ZAIN-G-    (0)    1 :  0.005 0.006 0.958 0.006 0.026 
  6 TMA-ZAIN-G-    (0)    1 :  0.005 0.919 0.050 0.018 0.009 
  7 TMA-ZAIN-G-    (0)    1 :  0.005 0.976 0.010 0.004 0.005 
  8 TMA-ZAIN-G-    (0)    1 :  0.004 0.987 0.003 0.003 0.003 
  9 TMA-ZAIN-G-    (9)    1 :  0.049 0.883 0.005 0.031 0.033 
 10 TMA-ZAIN-G-    (0)    1 :  0.004 0.986 0.004 0.003 0.003 
 11 TMA-ZAIN-G-    (0)    1 :  0.012 0.972 0.006 0.006 0.004 
 12 TMA-ZAIN-G-    (0)    1 :  0.004 0.985 0.003 0.004 0.004 
 13 TMA-ZAIN-G-    (9)    1 :  0.006 0.940 0.038 0.005 0.010 
 14 TMA-ZAIN-G-    (9)    1 :  0.004 0.971 0.007 0.009 0.010 
 15 TMA-ZAIN-G-    (0)    1 :  0.003 0.980 0.005 0.006 0.007 
 16 TMA-ZAIN-G-    (0)    1 :  0.004 0.985 0.005 0.003 0.003 
 17 TMA-ZAIN-G-    (9)    1 :  0.003 0.981 0.008 0.004 0.004 
 18 TMA-ZAIN-G-    (0)    1 :  0.003 0.017 0.961 0.006 0.013 
 19 TMA-ZAIN-G-    (0)    1 :  0.003 0.083 0.900 0.004 0.010 
 20 TMA-ZAIN-G-    (0)    1 :  0.003 0.003 0.986 0.005 0.003 
 21 TMA-ZAIN-G-    (0)    1 :  0.006 0.008 0.973 0.010 0.002 
 22 TMA-ZAIN-G-    (0)    1 :  0.002 0.003 0.987 0.003 0.005 
 23 TMA-ZAIN-G-    (0)    1 :  0.002 0.005 0.984 0.003 0.005 
 24 TMA-ZAIN-G-    (9)    1 :  0.050 0.042 0.902 0.003 0.004 
 25 TMA-ZAIN-G-    (9)    1 :  0.009 0.037 0.919 0.016 0.018 
 26 TMA-ZAIN-G-    (9)    1 :  0.005 0.919 0.067 0.008 0.002 
 27 TMA-ZAIN-G-    (0)    1 :  0.007 0.060 0.796 0.122 0.015 
 28 TMA-ZAIN-G-    (0)    1 :  0.060 0.128 0.613 0.125 0.074 
 29 TMA-ZAIN-G-    (0)    1 :  0.009 0.772 0.078 0.140 0.002 
 30 TMA-ZAIN-G-    (0)    1 :  0.066 0.873 0.018 0.028 0.014 
 31 TMA-ZAIN-G-    (0)    1 :  0.004 0.008 0.976 0.006 0.007 
 32 TMA-ZAIN-G-    (9)    1 :  0.010 0.284 0.692 0.003 0.011 
 33 TMA-ZAIN-G-   (18)    1 :  0.004 0.986 0.004 0.003 0.003 
 34 TMA-ZAIN-G-    (0)    1 :  0.005 0.934 0.054 0.003 0.004 
 35 TMA-ZAIN-G-    (9)    1 :  0.004 0.984 0.005 0.003 0.004 
 36 TMA-ZAIN-G-    (0)    1 :  0.004 0.986 0.004 0.003 0.003 
 37 TMA-ZAIN-G-    (9)    1 :  0.004 0.977 0.009 0.005 0.005 
 38 TMA-ZAIN-G-   (18)    1 :  0.005 0.252 0.657 0.010 0.075 
 39 TMA-ZAIN-G-    (0)    1 :  0.005 0.985 0.004 0.004 0.002 
 40 TMA-ZAIN-G-    (0)    1 :  0.004 0.988 0.003 0.003 0.002 
 41 TMA-ZAIN-G-    (0)    1 :  0.005 0.985 0.004 0.003 0.003 
 42 TMA-ZAIN-G-    (9)    1 :  0.005 0.986 0.003 0.003 0.003 
 43 TMA-ZAIN-G-    (0)    1 :  0.004 0.975 0.004 0.008 0.009 
 44 TMA-ZAIN-G-    (0)    1 :  0.039 0.025 0.899 0.034 0.003 
 45 TMA-ZAIN-G-    (0)    1 :  0.004 0.976 0.007 0.006 0.006 
 46 TMA-ZAIN-G-    (0)    1 :  0.003 0.003 0.987 0.004 0.003 
 47 TMA-ZAIN-G-    (0)    1 :  0.003 0.923 0.042 0.027 0.004 
 48 TMA-ZAIN-G-    (0)    1 :  0.006 0.961 0.023 0.006 0.004 
 49 TMA-ZAIN-G-    (9)    1 :  0.011 0.081 0.851 0.049 0.008 
 50 TMA-ZAIN-G-    (0)    1 :  0.008 0.052 0.930 0.007 0.004 
 51 TMA-ZAIN-G-    (0)    1 :  0.040 0.037 0.383 0.533 0.007 
 52 TMA-ZAIN-G-    (0)    1 :  0.083 0.193 0.569 0.131 0.023 
 53 TMA-ZAIN-G-    (0)    1 :  0.036 0.073 0.795 0.091 0.005 
 54 TMA-ZAIN-G-    (0)    1 :  0.005 0.922 0.061 0.009 0.004 
 55 TMA-ZAIN-G-    (0)    1 :  0.006 0.904 0.076 0.011 0.003 
 56 TMA-ZAIN-G-    (0)    1 :  0.004 0.765 0.179 0.026 0.027 
 57 TMA-ZAIN-G-    (0)    1 :  0.004 0.795 0.189 0.007 0.006 
 58 TMA-ZAIN-G-    (0)    1 :  0.005 0.061 0.917 0.010 0.006 
 59 TMA-ZAIN-G-    (0)    1 :  0.033 0.109 0.848 0.006 0.004 
 60 TMA-ZAIN-G-    (0)    1 :  0.005 0.029 0.938 0.013 0.016 
 61 TMA-ZAIN-G-    (0)    1 :  0.004 0.007 0.978 0.004 0.006 
 62 TMA-ZAIN-G-    (9)    1 :  0.008 0.043 0.868 0.021 0.060 
 63 TMA-ZAIN-G-    (0)    1 :  0.004 0.014 0.921 0.010 0.051 
 64 TMA-ZAIN-G-    (0)    1 :  0.012 0.980 0.003 0.003 0.002 
 65 TMA-ZAIN-G-    (9)    1 :  0.004 0.988 0.003 0.003 0.003 
 66 TMA-ZAIN-G-    (0)    1 :  0.007 0.985 0.003 0.003 0.002 
 67 TMA-ZAIN-G-    (0)    1 :  0.006 0.974 0.010 0.007 0.004 
 68 TMA-ZAIN-G-    (0)    1 :  0.006 0.986 0.003 0.003 0.002 
 69 TMA-ZAIN-G-    (0)    1 :  0.012 0.953 0.015 0.012 0.007 
 70 TMA-ZAIN-G-    (0)    1 :  0.010 0.977 0.005 0.005 0.003 
 71 TMA-ZAIN-G-    (0)    1 :  0.025 0.962 0.004 0.006 0.002 
 72 TMA-ZAIN-G-    (0)    1 :  0.006 0.984 0.004 0.004 0.003 
 73 TMA-ZAIN-G-    (0)    1 :  0.011 0.934 0.046 0.007 0.002 
 74 TMA-ZAIN-G-    (0)    1 :  0.011 0.957 0.016 0.011 0.005 
 75 TMA-ZAIN-G-    (0)    1 :  0.020 0.962 0.005 0.010 0.003 
 76 TMA-ZAIN-G-    (0)    1 :  0.019 0.882 0.042 0.050 0.007 
 77 TMA-ZAIN-G-    (0)    1 :  0.005 0.982 0.006 0.004 0.003 
 78 TMA-ZAIN-G-    (0)    1 :  0.003 0.946 0.032 0.012 0.007 
 79 TMA-ZAIN-G-    (0)    1 :  0.004 0.971 0.014 0.007 0.003 
 80 TMA-ZAIN-G-    (0)    1 :  0.004 0.986 0.004 0.004 0.002 
 81 TMA-ZAIN-G-    (0)    1 :  0.008 0.975 0.007 0.008 0.003 
 82 TMA-ZAIN-G-    (0)    1 :  0.009 0.980 0.003 0.004 0.003 
 83 TMA-ZAIN-G-    (9)    1 :  0.005 0.943 0.043 0.004 0.004 
 84 TMA-ZAIN-G-    (0)    1 :  0.004 0.964 0.021 0.007 0.005 
 85 TMA-ZAIN-G-    (0)    1 :  0.002 0.027 0.958 0.004 0.008 
 86 TMA-ZAIN-G-    (0)    1 :  0.003 0.154 0.825 0.010 0.008 
 87 TMA-ZAIN-G-    (0)    1 :  0.002 0.013 0.973 0.004 0.007 
 88 TMA-ZAIN-G-    (0)    1 :  0.006 0.580 0.404 0.005 0.006 
 89 TMA-ZAIN-G-    (0)    1 :  0.006 0.618 0.357 0.010 0.009 
 90 TMA-ZAIN-G-    (0)    1 :  0.003 0.220 0.756 0.013 0.008 
 91 TMA-ZAIN-G-    (0)    1 :  0.005 0.402 0.579 0.009 0.005 
 92 TMA-ZAIN-G-    (0)    1 :  0.003 0.114 0.870 0.009 0.004 
 93 TMA-ZAIN-G-    (0)    1 :  0.008 0.304 0.669 0.014 0.004 
 94 TMA-ZAIN-G-    (0)    1 :  0.003 0.015 0.970 0.006 0.005 
 95 TMA-ZAIN-G-    (0)    1 :  0.134 0.022 0.791 0.036 0.016 
 96 TMA-ZAIN-G-    (0)    1 :  0.007 0.519 0.149 0.149 0.176 
 97 TMA-ZAIN-G-    (0)    1 :  0.007 0.006 0.951 0.005 0.031 
 98 TMA-ZAIN-G-    (0)    1 :  0.038 0.007 0.907 0.004 0.044 
 99 TMA-ZAIN-G-    (0)    1 :  0.093 0.157 0.732 0.004 0.013 
100 TMA-ZAIN-G-    (0)    1 :  0.003 0.005 0.970 0.013 0.009 
101 TMA-ZAIN-G-    (0)    1 :  0.011 0.039 0.932 0.007 0.012 
102 TMA-ZAIN-G-    (0)    1 :  0.007 0.024 0.959 0.003 0.006 
103 TMA-ZAIN-G-    (0)    1 :  0.004 0.018 0.958 0.004 0.017 
104 TMA-ZAIN-G-    (0)    1 :  0.006 0.006 0.842 0.003 0.143 
105 TMA-ZAIN-G-    (0)    1 :  0.004 0.030 0.935 0.004 0.027 
106 TMA-ZAIN-G-    (0)    1 :  0.005 0.986 0.003 0.003 0.003 
107 TMA-ZAIN-G-    (0)    1 :  0.009 0.980 0.004 0.003 0.003 
108 TMA-ZAIN-G-    (9)    1 :  0.005 0.428 0.540 0.011 0.015 
109 TMA-ZAIN-G-    (0)    1 :  0.005 0.760 0.166 0.020 0.050 
110 TMA-ZAIN-G-    (0)    1 :  0.005 0.793 0.183 0.011 0.008 
111 TMA-ZAIN-G-    (9)    1 :  0.008 0.103 0.867 0.006 0.016 
112 TMA-ZAIN-G-    (0)    1 :  0.007 0.556 0.426 0.005 0.006 
113 TMA-ZAIN-G-    (0)    1 :  0.021 0.068 0.889 0.005 0.017 
114 TMA-ZAIN-G-    (0)    1 :  0.005 0.006 0.974 0.005 0.011 
115 TMA-ZAIN-G-    (0)    1 :  0.006 0.013 0.868 0.009 0.103 
116 TMA-ZAIN-G-    (0)    1 :  0.004 0.986 0.003 0.003 0.003 
117 TMA-ZAIN-G-    (0)    1 :  0.004 0.985 0.004 0.003 0.003 
118 TMA-ZAIN-G-    (0)    1 :  0.004 0.987 0.003 0.003 0.004 
119 TMA-ZAIN-G-    (0)    1 :  0.004 0.977 0.008 0.005 0.006 
120 TMA-ZAIN-G-    (0)    1 :  0.004 0.984 0.005 0.003 0.005 
121 TMA-ZAIN-G-    (0)    1 :  0.005 0.985 0.003 0.003 0.003 
122 TMA-ZAIN-G-    (0)    1 :  0.004 0.978 0.008 0.005 0.004 
123 TMA-ZAIN-G-    (0)    1 :  0.003 0.010 0.866 0.007 0.113 
124 TMA-ZAIN-G-    (0)    1 :  0.005 0.984 0.005 0.003 0.004 
125 TMA-ZAIN-G-    (0)    1 :  0.004 0.988 0.003 0.003 0.002 
126 TMA-ZAIN-G-    (0)    1 :  0.004 0.986 0.003 0.003 0.004 
127 TMA-ZAIN-G-    (0)    1 :  0.004 0.988 0.003 0.002 0.002 
128 TMA-ZAIN-G-    (0)    1 :  0.004 0.987 0.003 0.003 0.003 
129 TMA-ZAIN-G-    (0)    1 :  0.006 0.984 0.004 0.003 0.003 
130 TMA-ZAIN-G-    (0)    1 :  0.004 0.986 0.003 0.003 0.004 
131 TMA-ZAIN-G-    (0)    1 :  0.004 0.986 0.004 0.003 0.004 
132 TMA-ZAIN-G-    (0)    1 :  0.004 0.987 0.003 0.003 0.003 
133 TMA-ZAIN-G-    (0)    1 :  0.004 0.984 0.005 0.004 0.003 
134 TMA-ZAIN-G-    (0)    1 :  0.004 0.986 0.004 0.003 0.003 
135 TMA-ZAIN-G-    (0)    1 :  0.005 0.986 0.003 0.003 0.003 
136 TMA-ZAIN-G-    (0)    1 :  0.005 0.984 0.004 0.004 0.003 
137 TMA-ZAIN-G-    (0)    1 :  0.004 0.985 0.004 0.003 0.003 
138 TMA-ZAIN-G-    (0)    1 :  0.005 0.986 0.003 0.003 0.003 
139 TMA-ZAIN-G-    (0)    1 :  0.005 0.986 0.003 0.003 0.003 
140 TMA-ZAIN-G-    (0)    1 :  0.004 0.986 0.004 0.003 0.003 
141 TMA-ZAIN-G-    (0)    1 :  0.004 0.984 0.004 0.003 0.004 
142 TMA-ZAIN-G-    (9)    1 :  0.004 0.986 0.004 0.003 0.003 
143 TMA-ZAIN-G-    (0)    1 :  0.005 0.986 0.003 0.003 0.003 
144 TMA-ZAIN-G-    (0)    1 :  0.004 0.983 0.005 0.005 0.003 
145 TMA-ZAIN-G-    (0)    1 :  0.004 0.989 0.002 0.002 0.002 
146 TMA-ZAIN-G-    (0)    1 :  0.010 0.980 0.004 0.004 0.003 
147 TMA-ZAIN-G-    (9)    1 :  0.004 0.987 0.003 0.003 0.003 
148 TMA-ZAIN-G-    (0)    1 :  0.010 0.980 0.003 0.004 0.003 
149 TMA-ZAIN-G-    (0)    1 :  0.006 0.978 0.009 0.003 0.004 
150 TMA-ZAIN-G-    (0)    1 :  0.011 0.975 0.007 0.003 0.004 
151 TMA-ZAIN-G-    (0)    1 :  0.003 0.987 0.002 0.003 0.004 
152 TMA-ZAIN-G-    (0)    1 :  0.004 0.986 0.003 0.003 0.005 
153 TMA-ZAIN-G-    (0)    1 :  0.005 0.987 0.003 0.002 0.003 
154 TMA-ZAIN-G-    (0)    1 :  0.003 0.988 0.003 0.002 0.003 
155 TMA-ZAIN-G-    (0)    1 :  0.005 0.986 0.004 0.002 0.003 
156 TMA-ZAIN-G-    (9)    1 :  0.005 0.980 0.004 0.004 0.007 
157 TMA-ZAIN-G-    (0)    1 :  0.004 0.983 0.003 0.004 0.005 
158 TMA-ZAIN-G-    (0)    1 :  0.006 0.983 0.004 0.004 0.003 
159 TMA-ZAIN-G-    (0)    1 :  0.010 0.981 0.003 0.004 0.003 
160 TMA-ZAIN-G-    (0)    1 :  0.005 0.987 0.003 0.002 0.003 
161 TMA-ZAIN-G-    (0)    1 :  0.004 0.987 0.003 0.003 0.003 
162 TMA-ZAIN-G-    (0)    1 :  0.006 0.983 0.005 0.002 0.004 
163 TMA-ZAIN-G-    (0)    1 :  0.004 0.988 0.003 0.002 0.003 
164 TMA-ZAIN-G-    (0)    1 :  0.004 0.984 0.004 0.003 0.004 
165 TMA-ZAIN-G-    (0)    1 :  0.004 0.987 0.003 0.002 0.003 
166 TMA-ZAIN-G-    (0)    1 :  0.004 0.989 0.003 0.003 0.002 
167 TMA-ZAIN-G-    (0)    1 :  0.005 0.982 0.006 0.003 0.003 
168 TMA-ZAIN-G-    (0)    1 :  0.006 0.981 0.004 0.004 0.005 
169 TMA-ZAIN-G-    (0)    1 :  0.006 0.985 0.003 0.003 0.003 
170 TMA-ZAIN-G-    (0)    1 :  0.006 0.966 0.013 0.007 0.009 
171 TMA-ZAIN-G-    (0)    1 :  0.006 0.985 0.003 0.003 0.003 
172 TMA-ZAIN-G-    (0)    1 :  0.004 0.982 0.005 0.004 0.005 
173 TMA-ZAIN-G-    (0)    1 :  0.004 0.982 0.005 0.005 0.004 
174 TMA-ZAIN-G-    (0)    1 :  0.005 0.987 0.003 0.003 0.002 
175 TMA-ZAIN-G-    (0)    1 :  0.010 0.979 0.004 0.004 0.003 
176 TMA-ZAIN-G-    (0)    1 :  0.011 0.978 0.004 0.004 0.003 
177 TMA-ZAIN-G-    (0)    1 :  0.025 0.955 0.003 0.012 0.004 
178 TMA-ZAIN-G-    (0)    1 :  0.005 0.974 0.005 0.009 0.007 
179 TMA-ZAIN-G-    (0)    1 :  0.008 0.979 0.003 0.006 0.004 
180 TMA-ZAIN-G-    (0)    1 :  0.004 0.985 0.004 0.003 0.003 
181 TMA-ZAIN-G-    (0)    1 :  0.006 0.983 0.003 0.004 0.004 
182 TMA-ZAIN-G-    (0)    1 :  0.005 0.980 0.004 0.004 0.006 
183 TMA-ZAIN-G-    (0)    1 :  0.005 0.985 0.004 0.003 0.004 
184 TMA-ZAIN-G-    (0)    1 :  0.008 0.978 0.007 0.003 0.004 
185 TMA-ZAIN-G-    (0)    1 :  0.007 0.974 0.013 0.004 0.003 
186 TMA-ZAIN-G-    (9)    1 :  0.004 0.980 0.007 0.005 0.003 
187 TMA-ZAIN-G-    (0)    1 :  0.006 0.982 0.005 0.003 0.004 
188 TMA-ZAIN-G-    (0)    1 :  0.006 0.986 0.003 0.002 0.002 
189 TMA-ZAIN-G-    (0)    1 :  0.006 0.987 0.003 0.002 0.002 
190 TMA-ZAIN-G-    (0)    1 :  0.009 0.971 0.004 0.012 0.005 
191 TMA-ZAIN-G-    (0)    1 :  0.009 0.977 0.009 0.003 0.003 
192 TMA-ZAIN-G-    (0)    1 :  0.005 0.983 0.004 0.004 0.004 
193 TMA-ZAIN-G-    (0)    1 :  0.005 0.974 0.004 0.010 0.007 
194 TMA-ZAIN-G-    (0)    1 :  0.004 0.971 0.005 0.013 0.007 
195 TMA-ZAIN-G-    (0)    1 :  0.010 0.963 0.004 0.016 0.007 
196 TMA-ZAIN-G-    (0)    1 :  0.005 0.976 0.004 0.007 0.008 
197 TMA-ZAIN-G-    (0)    1 :  0.004 0.982 0.004 0.005 0.004 
198 TMA-ZAIN-G-    (0)    1 :  0.005 0.978 0.004 0.006 0.007 
199 TMA-ZAIN-G-    (0)    1 :  0.005 0.983 0.006 0.004 0.003 
200 TMA-ZAIN-G-    (0)    1 :  0.002 0.004 0.964 0.018 0.012 
201 TMA-ZAIN-G-    (0)    1 :  0.003 0.005 0.986 0.004 0.003 
202 TMA-ZAIN-G-    (0)    1 :  0.003 0.006 0.959 0.020 0.012 
203 TMA-ZAIN-G-    (0)    1 :  0.005 0.962 0.005 0.007 0.020 
204 TMA-ZAIN-G-    (9)    1 :  0.068 0.009 0.859 0.055 0.010 
205 TMA-ZAIN-G-    (0)    1 :  0.004 0.085 0.902 0.006 0.003 
206 TMA-ZAIN-G-    (9)    1 :  0.005 0.018 0.951 0.019 0.007 
207 TMA-ZAIN-G-    (9)    1 :  0.004 0.974 0.008 0.008 0.006 
208 TMA-ZAIN-G-    (0)    1 :  0.004 0.989 0.003 0.003 0.002 
209 TMA-ZAIN-G-    (0)    1 :  0.004 0.987 0.003 0.003 0.002 
210 TMA-ZAIN-G-    (0)    1 :  0.004 0.984 0.004 0.005 0.004 
211 TMA-ZAIN-G-    (0)    1 :  0.004 0.975 0.010 0.005 0.005 
212 TMA-ZAIN-G-    (0)    1 :  0.004 0.983 0.004 0.005 0.004 
213 TMA-ZAIN-G-    (0)    1 :  0.005 0.985 0.004 0.003 0.003 
214 TMA-ZAIN-G-    (0)    1 :  0.004 0.987 0.003 0.003 0.003 
215 TMA-ZAIN-G-    (0)    1 :  0.003 0.872 0.097 0.024 0.004 
216 TMA-ZAIN-G-    (0)    1 :  0.004 0.985 0.006 0.004 0.002 
217 TMA-ZAIN-G-    (0)    1 :  0.005 0.987 0.003 0.002 0.003 
218 TMA-ZAIN-G-    (0)    1 :  0.030 0.032 0.900 0.030 0.008 
219 TMA-ZAIN-G-    (0)    1 :  0.010 0.010 0.950 0.022 0.007 
220 TMA-ZAIN-G-    (0)    1 :  0.009 0.034 0.747 0.050 0.161 
221 TMA-ZAIN-G-    (0)    1 :  0.041 0.019 0.907 0.024 0.009 
222 TMA-ZAIN-G-    (0)    1 :  0.003 0.018 0.969 0.004 0.005 
223 TMA-ZAIN-G-    (0)    1 :  0.002 0.006 0.978 0.009 0.005 
224 TMA-ZAIN-G-    (0)    1 :  0.003 0.045 0.940 0.006 0.006 
225 TMA-ZAIN-G-    (0)    1 :  0.002 0.006 0.971 0.010 0.010 
226 TMA-ZAIN-G-    (0)    1 :  0.002 0.013 0.968 0.007 0.009 
227 TMA-ZAIN-G-    (0)    1 :  0.003 0.012 0.967 0.008 0.010 
228 TMA-ZAIN-G-    (0)    1 :  0.018 0.066 0.880 0.030 0.006 
229 TMA-ZAIN-G-    (0)    1 :  0.005 0.007 0.979 0.005 0.004 
230 TMA-ZAIN-G-    (0)    1 :  0.016 0.365 0.566 0.040 0.012 
231 TMA-ZAIN-G-    (0)    1 :  0.003 0.013 0.974 0.004 0.006 
232 TMA-ZAIN-G-    (9)    1 :  0.004 0.009 0.980 0.003 0.004 
233 TMA-ZAIN-G-    (0)    1 :  0.007 0.110 0.853 0.027 0.003 
234 TMA-ZAIN-G-    (0)    1 :  0.004 0.007 0.969 0.010 0.010 
235 TMA-ZAIN-G-    (0)    1 :  0.007 0.038 0.886 0.022 0.047 
236 TMA-ZAIN-G-    (0)    1 :  0.003 0.012 0.962 0.010 0.013 
237 TMA-ZAIN-G-    (0)    1 :  0.006 0.117 0.865 0.007 0.005 
238 TMA-ZAIN-G-    (0)    1 :  0.004 0.013 0.975 0.004 0.004 
239 TMA-ZAIN-G-    (0)    1 :  0.032 0.141 0.799 0.026 0.002 
240 TMA-ZAIN-G-    (0)    1 :  0.003 0.004 0.987 0.004 0.002 
241 TMA-ZAIN-G-    (0)    1 :  0.005 0.008 0.980 0.005 0.003 
242 TMA-ZAIN-G-    (0)    1 :  0.006 0.009 0.976 0.006 0.002 
243 TMA-ZAIN-G-    (0)    1 :  0.008 0.012 0.971 0.007 0.002 
244 TMA-ZAIN-G-    (0)    1 :  0.010 0.017 0.966 0.005 0.002 
245 TMA-ZAIN-G-    (9)    1 :  0.003 0.005 0.986 0.004 0.003 
246 TMA-ZAIN-G-    (0)    1 :  0.003 0.004 0.985 0.005 0.002 
247 TMA-ZAIN-G-    (0)    1 :  0.006 0.008 0.975 0.008 0.002 
248 TMA-ZAIN-G-    (0)    1 :  0.004 0.007 0.974 0.011 0.004 
249 TMA-ZAIN-G-    (0)    1 :  0.003 0.004 0.978 0.011 0.004 
250 TMA-ZAIN-G-    (0)    1 :  0.005 0.007 0.977 0.008 0.002 
251 TMA-ZAIN-G-    (0)    1 :  0.003 0.908 0.059 0.017 0.013 
252 TMA-ZAIN-G-    (0)    1 :  0.008 0.962 0.011 0.015 0.003 
253 TMA-ZAIN-G-    (0)    1 :  0.005 0.949 0.036 0.007 0.003 
254 TMA-ZAIN-G-    (9)    1 :  0.004 0.973 0.015 0.005 0.004 
255 TMA-ZAIN-G-    (0)    1 :  0.006 0.746 0.222 0.010 0.016 
256 TMA-ZAIN-G-    (0)    1 :  0.006 0.905 0.078 0.007 0.004 
257 TMA-ZAIN-G-    (0)    1 :  0.003 0.937 0.038 0.017 0.004 
258 TMA-ZAIN-G-    (0)    1 :  0.003 0.958 0.023 0.013 0.003 
259 TMA-ZAIN-G-    (0)    1 :  0.006 0.759 0.199 0.031 0.004 
260 TMA-ZAIN-G-    (0)    1 :  0.006 0.823 0.146 0.021 0.004 
261 TMA-ZAIN-G-   (18)    1 :  0.004 0.954 0.013 0.014 0.015 
262 TMA-ZAIN-G-    (0)    1 :  0.003 0.940 0.037 0.015 0.005 
263 TMA-ZAIN-G-    (0)    1 :  0.004 0.851 0.124 0.014 0.007 
264 TMA-ZAIN-G-    (0)    1 :  0.005 0.852 0.129 0.009 0.006 
265 TMA-ZAIN-G-    (0)    1 :  0.010 0.455 0.507 0.025 0.003 
266 TMA-ZAIN-G-    (0)    1 :  0.004 0.962 0.020 0.010 0.004 
267 TMA-ZAIN-G-    (0)    1 :  0.006 0.026 0.955 0.009 0.004 
268 TMA-ZAIN-G-    (0)    1 :  0.002 0.004 0.979 0.003 0.012 
269 TMA-ZAIN-G-    (0)    1 :  0.002 0.004 0.983 0.003 0.007 
270 TMA-ZAIN-G-    (0)    1 :  0.002 0.005 0.983 0.003 0.006 
271 TMA-ZAIN-G-    (0)    1 :  0.002 0.004 0.983 0.003 0.008 
272 TMA-ZAIN-G-    (0)    1 :  0.002 0.004 0.987 0.003 0.004 
273 TMA-ZAIN-G-    (0)    1 :  0.002 0.003 0.989 0.003 0.003 
274 TMA-ZAIN-G-    (0)    1 :  0.005 0.006 0.981 0.004 0.005 
275 TMA-ZAIN-G-    (0)    1 :  0.002 0.003 0.989 0.002 0.004 
276 TMA-ZAIN-G-    (0)    1 :  0.002 0.003 0.987 0.003 0.005 
277 TMA-ZAIN-G-    (0)    1 :  0.003 0.004 0.985 0.003 0.004 
278 TMA-ZAIN-G-    (0)    1 :  0.002 0.003 0.988 0.003 0.003 
279 TMA-ZAIN-G-    (0)    1 :  0.003 0.004 0.987 0.003 0.004 
280 TMA-ZAIN-G-    (0)    1 :  0.002 0.004 0.985 0.003 0.005 
281 TMA-ZAIN-G-    (0)    1 :  0.002 0.004 0.987 0.003 0.004 
282 TMA-ZAIN-G-    (9)    1 :  0.003 0.003 0.988 0.003 0.004 
283 TMA-ZAIN-G-    (0)    1 :  0.002 0.005 0.983 0.004 0.004 
284 TMA-ZAIN-G-    (0)    1 :  0.003 0.008 0.978 0.005 0.006 
285 TMA-ZAIN-G-    (0)    1 :  0.003 0.005 0.986 0.003 0.003 
286 TMA-ZAIN-G-    (0)    1 :  0.002 0.003 0.987 0.003 0.005 
287 TMA-ZAIN-G-    (0)    1 :  0.004 0.004 0.985 0.003 0.004 
288 TMA-ZAIN-G-    (0)    1 :  0.005 0.011 0.975 0.003 0.006 
289 TMA-ZAIN-G-    (0)    1 :  0.004 0.005 0.984 0.003 0.004 
290 TMA-ZAIN-G-    (0)    1 :  0.004 0.006 0.977 0.004 0.009 
291 TMA-ZAIN-G-    (0)    1 :  0.057 0.014 0.823 0.090 0.016 
292 TMA-ZAIN-G-    (0)    1 :  0.004 0.974 0.012 0.005 0.006 
293 TMA-ZAIN-G-    (0)    1 :  0.003 0.984 0.005 0.004 0.003 
294 TMA-ZAIN-G-    (0)    1 :  0.012 0.974 0.004 0.007 0.003 
295 TMA-ZAIN-G-    (9)    1 :  0.010 0.966 0.008 0.011 0.004 
296 TMA-ZAIN-G-    (0)    1 :  0.004 0.979 0.008 0.004 0.005 
297 TMA-ZAIN-G-    (0)    1 :  0.004 0.982 0.006 0.004 0.004 
298 TMA-ZAIN-G-    (0)    1 :  0.004 0.977 0.008 0.006 0.005 
299 TMA-ZAIN-G-    (0)    1 :  0.005 0.980 0.007 0.004 0.004 
300 TMA-ZAIN-G-    (0)    1 :  0.012 0.972 0.005 0.008 0.003 
301 TMA-ZAIN-G-    (0)    1 :  0.005 0.983 0.005 0.004 0.003 
302 TMA-ZAIN-G-    (9)    1 :  0.004 0.986 0.004 0.003 0.003 
303 TMA-ZAIN-G-    (0)    1 :  0.149 0.038 0.716 0.087 0.010 
304 TMA-ZAIN-G-    (0)    2 :  0.006 0.957 0.027 0.006 0.005 
305 TMA-ZAIN-G-    (0)    2 :  0.004 0.984 0.005 0.004 0.003 
306 TMA-ZAIN-G-    (0)    2 :  0.005 0.833 0.154 0.004 0.004 
307 TMA-ZAIN-G-    (0)    2 :  0.006 0.969 0.017 0.004 0.004 
308 TMA-ZAIN-G-    (0)    2 :  0.023 0.387 0.510 0.075 0.005 
309 TMA-ZAIN-G-    (0)    2 :  0.005 0.985 0.004 0.003 0.003 
310 TMA-ZAIN-G-    (0)    2 :  0.004 0.980 0.006 0.006 0.003 
311 TMA-ZAIN-G-    (0)    2 :  0.004 0.975 0.008 0.004 0.010 
312 TMA-ZAIN-G-    (0)    2 :  0.004 0.975 0.007 0.008 0.006 
313 TMA-ZAIN-G-    (0)    2 :  0.007 0.976 0.009 0.004 0.004 
314 TMA-ZAIN-G-    (0)    2 :  0.013 0.009 0.829 0.024 0.126 
315 TMA-ZAIN-G-    (0)    2 :  0.005 0.514 0.471 0.006 0.004 
316 TMA-ZAIN-G-    (0)    2 :  0.005 0.451 0.532 0.006 0.006 
317 TMA-ZAIN-G-    (0)    2 :  0.003 0.019 0.961 0.011 0.006 
318 TMA-ZAIN-G-    (9)    2 :  0.003 0.006 0.980 0.005 0.005 
319 TMA-ZAIN-G-    (0)    3 :  0.003 0.215 0.641 0.050 0.091 
320 TMA-ZAIN-G-    (0)    3 :  0.004 0.690 0.231 0.072 0.003 
321 TMA-ZAIN-G-    (0)    4 :  0.008 0.746 0.207 0.014 0.026 
322 TMA-ZAIN-G-    (0)    4 :  0.004 0.710 0.212 0.064 0.009 
323 TMA-ZAIN-G-    (0)    5 :  0.016 0.197 0.766 0.016 0.005 
324 TMA-ZAIN-G-    (0)    5 :  0.004 0.978 0.005 0.006 0.007 
325 TMA-ZAIN-G-    (0)    5 :  0.043 0.022 0.851 0.075 0.009 
326 TMA-ZAIN-G-    (0)    5 :  0.008 0.537 0.063 0.388 0.004 
327 TMA-ZAIN-G-    (0)    5 :  0.004 0.982 0.004 0.006 0.005 
328 TMA-ZAIN-G-    (0)    5 :  0.012 0.229 0.738 0.009 0.011 
329 TMA-ZAIN-G-    (0)    5 :  0.004 0.985 0.005 0.004 0.003 
330 TMA-ZAIN-G-    (0)    6 :  0.004 0.987 0.003 0.003 0.002 
331 TMA-ZAIN-G-    (0)    6 :  0.031 0.696 0.052 0.189 0.033 
332 TMA-ZAIN-G-    (0)    6 :  0.004 0.984 0.003 0.004 0.004 
333 TMA-ZAIN-G-    (0)    6 :  0.004 0.978 0.004 0.007 0.007 
334 TMA-ZAIN-G-    (0)    6 :  0.002 0.003 0.987 0.004 0.004 
335 TMA-ZAIN-G-    (0)    6 :  0.002 0.004 0.988 0.002 0.004 
336 TMA-ZAIN-G-    (0)    6 :  0.002 0.006 0.983 0.003 0.005 
337 TMA-ZAIN-G-    (9)    6 :  0.003 0.005 0.984 0.003 0.006 
338 TMA-ZAIN-G-    (0)    6 :  0.002 0.003 0.984 0.003 0.009 
339 TMA-ZAIN-G-    (0)    6 :  0.002 0.002 0.986 0.003 0.007 
340 TMA-ZAIN-G-    (0)    6 :  0.002 0.003 0.988 0.003 0.005 
341 TMA-ZAIN-G-    (0)    6 :  0.002 0.004 0.987 0.002 0.005 
342 TMA-ZAIN-G-    (0)    6 :  0.002 0.004 0.985 0.003 0.007 
343 TMA-ZAIN-G-    (0)    7 :  0.002 0.003 0.986 0.002 0.007 
344 TMA-ZAIN-G-    (0)    7 :  0.003 0.004 0.987 0.003 0.003 
345 TMA-ZAIN-G-    (0)    7 :  0.002 0.003 0.989 0.003 0.004 
346 TMA-ZAIN-G-    (0)    7 :  0.002 0.003 0.988 0.003 0.004 
347 TMA-ZAIN-G-    (9)    7 :  0.002 0.003 0.988 0.003 0.004 
348 TMA-ZAIN-G-    (0)    7 :  0.003 0.004 0.985 0.003 0.004 
349 TMA-ZAIN-G-    (0)    7 :  0.003 0.004 0.988 0.003 0.003 
350 TMA-ZAIN-G-    (0)    7 :  0.002 0.005 0.985 0.003 0.004 
351 TMA-ZAIN-G-    (0)    7 :  0.002 0.003 0.988 0.003 0.003 
352 TMA-ZAIN-G-    (0)    7 :  0.002 0.005 0.984 0.003 0.006 
353 TMA-ZAIN-G-    (0)    7 :  0.003 0.005 0.985 0.003 0.004 
354 TMA-ZAIN-G-    (0)    7 :  0.002 0.004 0.987 0.003 0.004 
355 TMA-ZAIN-G-    (0)    7 :  0.003 0.006 0.982 0.003 0.006 
356 TMA-ZAIN-G-    (0)    8 :  0.003 0.984 0.008 0.002 0.003 
357 TMA-ZAIN-G-    (0)    8 :  0.004 0.985 0.005 0.003 0.004 
358 TMA-ZAIN-G-    (0)    8 :  0.014 0.967 0.010 0.004 0.005 
359 TMA-ZAIN-G-    (0)    8 :  0.004 0.915 0.040 0.039 0.003 
360 TMA-ZAIN-G-    (0)    8 :  0.004 0.988 0.003 0.003 0.002 
361 TMA-ZAIN-G-    (0)    8 :  0.053 0.884 0.004 0.019 0.040 
362 TMA-ZAIN-G-    (0)    8 :  0.003 0.979 0.008 0.005 0.004 
363 TMA-ZAIN-G-    (0)    9 :  0.004 0.974 0.013 0.005 0.004 
364 TMA-ZAIN-G-    (0)    9 :  0.003 0.017 0.966 0.005 0.009 
365 TMA-ZAIN-G-    (0)    9 :  0.006 0.703 0.274 0.008 0.008 
366 TMA-ZAIN-G-    (0)    9 :  0.015 0.962 0.006 0.013 0.003 
367 TMA-ZAIN-G-    (0)    9 :  0.004 0.966 0.007 0.006 0.017 
368 TMA-ZAIN-G-    (0)    9 :  0.015 0.969 0.005 0.007 0.003 
369 TMA-ZAIN-G-    (0)    9 :  0.004 0.988 0.003 0.003 0.002 
370 TMA-ZAIN-G-    (0)    9 :  0.064 0.871 0.004 0.033 0.028 
371 TMA-ZAIN-G-    (0)    9 :  0.005 0.986 0.003 0.003 0.003 
372 TMA-ZAIN-G-    (0)    9 :  0.008 0.983 0.004 0.003 0.003 
373 TMA-ZAIN-G-    (0)    9 :  0.004 0.974 0.006 0.010 0.006 
374 TMA-ZAIN-G-    (0)   10 :  0.005 0.826 0.111 0.021 0.038 
375 TMA-ZAIN-G-    (0)   10 :  0.004 0.536 0.438 0.017 0.006 
376 TMA-ZAIN-G-    (9)   10 :  0.005 0.986 0.004 0.003 0.003 
377 TMA-ZAIN-G-    (0)   10 :  0.006 0.987 0.003 0.002 0.002 
378 TMA-ZAIN-G-    (0)   10 :  0.005 0.988 0.003 0.002 0.003 
379 TMA-ZAIN-G-    (0)   10 :  0.004 0.988 0.003 0.002 0.003 
380 TMA-ZAIN-G-    (0)   10 :  0.009 0.980 0.004 0.005 0.002 
381 TMA-ZAIN-G-    (9)   10 :  0.045 0.421 0.306 0.215 0.014 
382 TMA-ZAIN-G-    (9)   10 :  0.021 0.007 0.833 0.037 0.102 
383    ZFB01    (0)   11 :  0.004 0.066 0.016 0.005 0.909 
384    ZFB02    (0)   11 :  0.003 0.008 0.009 0.010 0.969 
385    ZFB03    (0)   11 :  0.006 0.010 0.011 0.006 0.966 
386    ZFB04    (0)   11 :  0.004 0.011 0.007 0.007 0.970 
387    ZFB05    (0)   11 :  0.007 0.031 0.084 0.087 0.791 
388    ZFB06    (0)   11 :  0.008 0.035 0.055 0.042 0.861 
389    ZFB07    (9)   11 :  0.009 0.005 0.006 0.011 0.969 
390    ZFB08    (0)   11 :  0.005 0.006 0.010 0.005 0.974 
391    ZFB09    (0)   11 :  0.003 0.012 0.011 0.004 0.970 
392    ZFB10    (0)   11 :  0.011 0.043 0.015 0.008 0.923 
393    ZFB11    (0)   11 :  0.005 0.169 0.030 0.009 0.786 
394    ZFB12    (0)   11 :  0.005 0.042 0.020 0.005 0.928 
395    ZFB13    (0)   11 :  0.006 0.004 0.007 0.006 0.978 
396    ZFB14    (0)   11 :  0.005 0.009 0.009 0.005 0.973 
397    ZFB15    (0)   11 :  0.003 0.015 0.020 0.004 0.957 
398    ZFB16    (0)   11 :  0.004 0.009 0.017 0.006 0.964 
399    ZFB17    (0)   11 :  0.010 0.056 0.032 0.029 0.873 
400    ZFB18    (0)   11 :  0.004 0.019 0.010 0.005 0.963 
401    ZFB19    (0)   11 :  0.017 0.007 0.007 0.009 0.960 
402    ZFB20    (0)   11 :  0.004 0.015 0.027 0.006 0.948 
403    ZFB21    (0)   11 :  0.003 0.009 0.025 0.004 0.959 
404    ZFB22    (0)   11 :  0.010 0.122 0.034 0.010 0.824 
405    ZFB23    (0)   11 :  0.008 0.041 0.020 0.008 0.922 
406    ZFB24    (0)   11 :  0.005 0.129 0.016 0.007 0.842 
407    ZFB25    (0)   11 :  0.020 0.058 0.023 0.006 0.892 
408    ZFB26    (0)   11 :  0.015 0.060 0.025 0.015 0.885 
409    ZFB27    (0)   11 :  0.006 0.133 0.107 0.010 0.744 
410    ZFB28    (0)   11 :  0.033 0.012 0.484 0.040 0.431 
411    ZFB29    (0)   11 :  0.003 0.035 0.021 0.008 0.933 
412    ZFB30    (0)   11 :  0.013 0.109 0.070 0.070 0.739 
413    ZFB31    (0)   11 :  0.014 0.008 0.009 0.006 0.964 
414    ZFB32    (0)   11 :  0.013 0.022 0.069 0.032 0.863 
415    ZFB33    (0)   11 :  0.003 0.023 0.017 0.005 0.952 
416    ZFB34    (0)   11 :  0.004 0.007 0.005 0.005 0.980 
417    ZFB35    (0)   11 :  0.006 0.012 0.006 0.006 0.970 
418  ZFBP101    (0)   12 :  0.943 0.006 0.010 0.023 0.018 
419  ZFBP102    (0)   12 :  0.944 0.008 0.012 0.013 0.023 
420  ZFBP103    (0)   12 :  0.950 0.006 0.006 0.024 0.013 
421  ZFBP104    (0)   12 :  0.899 0.004 0.024 0.023 0.050 
422  ZFBP105    (0)   12 :  0.972 0.005 0.011 0.006 0.007 
423  ZFBP106    (0)   12 :  0.985 0.004 0.002 0.005 0.004 
424  ZFBP107    (0)   12 :  0.959 0.005 0.013 0.016 0.007 
425  ZFBP108    (0)   12 :  0.987 0.004 0.002 0.003 0.004 
426  ZFBP109    (0)   12 :  0.958 0.029 0.004 0.004 0.005 
427  ZFBP110    (0)   12 :  0.918 0.010 0.014 0.023 0.035 
428  ZFBP111    (0)   12 :  0.987 0.004 0.002 0.004 0.003 
429  ZFBP112    (0)   12 :  0.978 0.005 0.006 0.007 0.004 
430  ZFBP113    (0)   12 :  0.981 0.005 0.004 0.005 0.005 
431  ZFBP114    (0)   12 :  0.977 0.006 0.004 0.008 0.004 
432  ZFBP115    (0)   12 :  0.984 0.004 0.003 0.006 0.003 
433  ZFBP116    (0)   12 :  0.984 0.004 0.003 0.005 0.003 
434  ZFBP117    (0)   12 :  0.986 0.005 0.002 0.004 0.003 
435  ZFBP118    (0)   12 :  0.979 0.006 0.004 0.008 0.004 
436  ZFBP119    (0)   12 :  0.984 0.004 0.002 0.006 0.004 
437  ZFBP120    (0)   12 :  0.978 0.005 0.006 0.005 0.006 
438  ZFBP121    (0)   12 :  0.980 0.005 0.004 0.005 0.006 
439  ZFBP122    (9)   12 :  0.983 0.006 0.002 0.005 0.004 
440  ZFBP123    (0)   12 :  0.974 0.005 0.004 0.012 0.005 
441  ZFBP124    (0)   12 :  0.979 0.004 0.005 0.005 0.007 
442  ZFBP125    (0)   12 :  0.987 0.004 0.002 0.004 0.002 
443  ZFBP126    (0)   12 :  0.934 0.010 0.008 0.031 0.018 
444  ZFBP127    (0)   12 :  0.981 0.009 0.003 0.004 0.003 
445  ZFBP128    (0)   12 :  0.984 0.005 0.003 0.004 0.004 
446  ZFBP129    (0)   12 :  0.984 0.005 0.003 0.004 0.004 
447  ZFBP130    (0)   12 :  0.985 0.005 0.002 0.005 0.002 
448  ZFBP131    (0)   12 :  0.981 0.006 0.003 0.004 0.005 
449  ZFBP132    (0)   12 :  0.985 0.006 0.003 0.004 0.003 
450  ZFBP133    (0)   12 :  0.986 0.005 0.002 0.004 0.004 
451  ZFBP134    (0)   12 :  0.983 0.004 0.004 0.006 0.004 
452  ZFBP135    (0)   12 :  0.927 0.008 0.011 0.023 0.031 
453  ZFBP136    (0)   12 :  0.970 0.004 0.005 0.016 0.004 
454  ZFBP201    (0)   13 :  0.974 0.007 0.004 0.009 0.007 
455  ZFBP202    (0)   13 :  0.982 0.006 0.004 0.004 0.006 
456  ZFBP203    (0)   13 :  0.930 0.007 0.014 0.037 0.012 
457  ZFBP204    (0)   13 :  0.978 0.004 0.005 0.008 0.005 
458  ZFBP205    (0)   13 :  0.980 0.006 0.003 0.007 0.004 
459  ZFBP206    (0)   13 :  0.973 0.006 0.004 0.011 0.007 
460  ZFBP207    (0)   13 :  0.987 0.004 0.002 0.004 0.003 
461  ZFBP208    (0)   13 :  0.967 0.006 0.006 0.016 0.005 
462  ZFBP209    (0)   13 :  0.982 0.009 0.002 0.004 0.003 
463  ZFBP210    (0)   13 :  0.976 0.008 0.004 0.007 0.006 
464  ZFBP211    (0)   13 :  0.983 0.005 0.003 0.004 0.005 
465  ZFBP212    (0)   13 :  0.984 0.005 0.003 0.003 0.005 
466  ZFBP213    (0)   13 :  0.974 0.004 0.004 0.007 0.010 
467  ZFBP214    (0)   13 :  0.973 0.006 0.003 0.011 0.007 
468  ZFBP215    (0)   13 :  0.984 0.006 0.002 0.004 0.004 
469  ZFBP216    (0)   13 :  0.971 0.006 0.008 0.010 0.005 
470  ZFBP217    (0)   13 :  0.983 0.006 0.002 0.004 0.004 
471  ZFBP218    (0)   13 :  0.986 0.004 0.003 0.004 0.003 
472  ZFBP219    (0)   13 :  0.983 0.005 0.003 0.005 0.004 
473  ZFBP220    (0)   13 :  0.984 0.005 0.003 0.006 0.003 
474  ZFBP221    (0)   13 :  0.985 0.004 0.004 0.004 0.004 
475  ZFBP222    (0)   13 :  0.974 0.006 0.004 0.009 0.007 
476  ZFBP223    (0)   13 :  0.979 0.006 0.004 0.007 0.005 
477  ZFBP224    (0)   13 :  0.979 0.005 0.003 0.006 0.007 
478  ZFBP225    (0)   13 :  0.981 0.005 0.003 0.008 0.003 
479  ZFBP226    (0)   13 :  0.982 0.005 0.004 0.006 0.004 
480  ZFBP227    (0)   13 :  0.855 0.005 0.030 0.068 0.043 
481  ZFBP228    (0)   13 :  0.984 0.006 0.003 0.004 0.004 
482  ZFBP229    (0)   13 :  0.984 0.006 0.003 0.005 0.003 
483  ZFBP230    (0)   13 :  0.981 0.006 0.004 0.006 0.003 
484  ZFBP231    (0)   13 :  0.981 0.004 0.005 0.005 0.005 
485  ZFBP232    (0)   13 :  0.984 0.005 0.003 0.004 0.004 
486  ZFBP233    (0)   13 :  0.976 0.008 0.005 0.005 0.006 
487   ZFCC01    (0)   14 :  0.012 0.007 0.012 0.937 0.032 
488   ZFCC03    (0)   14 :  0.061 0.007 0.003 0.916 0.013 
489   ZFCC04    (0)   14 :  0.021 0.006 0.003 0.958 0.013 
490   ZFCC05    (0)   14 :  0.031 0.005 0.004 0.945 0.014 
491   ZFCC08    (0)   14 :  0.677 0.008 0.004 0.279 0.033 
492   ZFCC09    (0)   14 :  0.056 0.004 0.003 0.906 0.032 
493   ZFCC10    (0)   14 :  0.029 0.005 0.017 0.832 0.117 
494   ZFCC11    (0)   14 :  0.027 0.008 0.014 0.937 0.013 
495   ZFCC12    (0)   14 :  0.013 0.003 0.005 0.936 0.043 
496   ZFCC13    (0)   14 :  0.049 0.005 0.003 0.937 0.006 
497   ZFCC14    (0)   14 :  0.020 0.008 0.003 0.945 0.023 
498   ZFCC15    (0)   14 :  0.012 0.004 0.003 0.972 0.009 
499   ZFCC16    (0)   14 :  0.008 0.004 0.003 0.975 0.011 
500   ZFCC17    (0)   14 :  0.006 0.003 0.003 0.977 0.010 
501   ZFCC18    (0)   14 :  0.039 0.007 0.002 0.935 0.017 
502   ZFCC19    (0)   14 :  0.004 0.003 0.008 0.977 0.007 
503   ZFCC20    (0)   14 :  0.017 0.004 0.002 0.970 0.007 
504   ZFCC21    (0)   14 :  0.085 0.006 0.003 0.888 0.018 
505   ZFCC22    (0)   14 :  0.870 0.009 0.004 0.083 0.034 
506   ZFCC26    (0)   14 :  0.010 0.004 0.003 0.972 0.012 
507   ZFCC27    (0)   14 :  0.014 0.005 0.009 0.966 0.005 
508   ZFCC29    (0)   14 :  0.012 0.004 0.003 0.964 0.018 
509   ZFCC30    (0)   14 :  0.020 0.005 0.009 0.963 0.004 
510   ZFCC32    (0)   14 :  0.027 0.004 0.003 0.944 0.023 
511   ZFCC33    (0)   14 :  0.008 0.003 0.004 0.977 0.007 
512   ZFCC34    (0)   14 :  0.392 0.008 0.003 0.432 0.165 
513   ZFCC35    (0)   14 :  0.029 0.004 0.009 0.950 0.008 
514   ZFCC36    (0)   14 :  0.016 0.005 0.003 0.970 0.006 
515   ZFCC37    (0)   14 :  0.018 0.004 0.004 0.932 0.041 
516   ZFCC40    (0)   14 :  0.014 0.007 0.012 0.952 0.015 
517   ZFCC42    (0)   14 :  0.008 0.003 0.006 0.946 0.037 
518   ZFCC44    (0)   14 :  0.016 0.004 0.002 0.974 0.004 
519   ZFCC45    (9)   14 :  0.010 0.005 0.004 0.952 0.029 
520   ZFCC46    (0)   14 :  0.164 0.005 0.002 0.821 0.008 
521   ZFCC47    (0)   14 :  0.082 0.004 0.004 0.840 0.070 
522   ZFCC48    (0)   14 :  0.165 0.006 0.003 0.798 0.028 
523   ZFCC50    (0)   14 :  0.007 0.004 0.002 0.978 0.008 
524   ZFCC51    (0)   14 :  0.031 0.005 0.002 0.953 0.009 
525   ZFCC52    (0)   14 :  0.034 0.005 0.011 0.945 0.006 
526   ZFCC53    (0)   14 :  0.010 0.005 0.009 0.971 0.006 
527  ZFCNS01    (0)   15 :  0.967 0.004 0.005 0.019 0.004 
528  ZFCNS02    (0)   15 :  0.983 0.003 0.003 0.007 0.004 
529  ZFCNS05    (0)   15 :  0.978 0.004 0.003 0.009 0.006 
530  ZFCNS06    (0)   15 :  0.980 0.004 0.003 0.008 0.005 
531  ZFCNS07    (0)   15 :  0.984 0.003 0.003 0.005 0.004 
532  ZFCNS10    (0)   15 :  0.986 0.004 0.002 0.005 0.003 
533  ZFCNS11    (0)   15 :  0.976 0.004 0.004 0.013 0.004 
534  ZFCNS15    (0)   15 :  0.983 0.004 0.003 0.005 0.005 
535  ZFCNS17    (0)   15 :  0.979 0.004 0.003 0.010 0.004 
536  ZFCNS18    (0)   15 :  0.985 0.004 0.002 0.005 0.004 
537  ZFCNS19    (0)   15 :  0.979 0.004 0.003 0.010 0.005 
538  ZFCNS20    (0)   15 :  0.982 0.004 0.003 0.007 0.003 
539  ZFCNS21    (0)   15 :  0.980 0.005 0.003 0.009 0.004 
540  ZFCNS22    (0)   15 :  0.981 0.004 0.003 0.007 0.005 
541  ZFCNS23    (0)   15 :  0.976 0.004 0.004 0.011 0.005 
542  ZFCNS24    (0)   15 :  0.972 0.004 0.003 0.017 0.004 
543  ZFCNS25    (0)   15 :  0.982 0.004 0.003 0.007 0.004 
544  ZFCNS26    (0)   15 :  0.983 0.004 0.003 0.005 0.005 
545  ZFCNS27    (0)   15 :  0.985 0.003 0.003 0.005 0.004 
546  ZFCNS28    (0)   15 :  0.980 0.004 0.003 0.007 0.006 
547  ZFCNS29    (0)   15 :  0.978 0.004 0.003 0.011 0.004 
548  ZFCNS30    (0)   15 :  0.979 0.004 0.003 0.009 0.005 
549  ZFCNS31    (0)   15 :  0.983 0.004 0.003 0.006 0.004 
550  ZFCNS32    (0)   15 :  0.982 0.004 0.003 0.006 0.006 
551  ZFCNS33    (0)   15 :  0.982 0.004 0.003 0.006 0.005 
552  ZFCNS34    (0)   15 :  0.974 0.004 0.003 0.014 0.005 
553  ZFCNS35    (0)   15 :  0.980 0.004 0.004 0.007 0.005 
554  ZFCNS36    (0)   15 :  0.974 0.004 0.003 0.015 0.004 
555  ZFCNS37    (0)   15 :  0.981 0.005 0.003 0.007 0.005 
556  ZFCNS39    (0)   15 :  0.984 0.004 0.002 0.007 0.003 
557  ZFCNS40    (0)   15 :  0.978 0.005 0.003 0.011 0.003 
558  ZFCNS41    (0)   15 :  0.969 0.004 0.008 0.013 0.006 
559  ZFCNS42    (0)   15 :  0.984 0.003 0.003 0.006 0.004 
560  ZFCNS43    (0)   15 :  0.981 0.004 0.003 0.009 0.004 
561  ZFCNS44    (0)   15 :  0.984 0.004 0.002 0.007 0.003 
562  ZFCNS45    (0)   15 :  0.983 0.004 0.003 0.008 0.003 
563  ZFCNS46    (0)   15 :  0.980 0.004 0.003 0.008 0.004 
564  ZFCNS47    (0)   15 :  0.982 0.004 0.003 0.008 0.004 
565  ZFCNS48    (0)   15 :  0.985 0.004 0.003 0.005 0.004 
566  ZFCNS49    (0)   15 :  0.985 0.004 0.003 0.004 0.004 
567   ZFCR01    (0)   16 :  0.034 0.062 0.006 0.375 0.522 
568   ZFCR02    (0)   16 :  0.021 0.041 0.028 0.834 0.076 
569   ZFCR03    (0)   16 :  0.038 0.009 0.005 0.429 0.520 
570   ZFCR04    (0)   16 :  0.057 0.022 0.005 0.121 0.795 
571   ZFCR05    (0)   16 :  0.006 0.005 0.005 0.862 0.123 
572   ZFCR06    (0)   16 :  0.281 0.029 0.009 0.581 0.101 
573   ZFCR07    (0)   16 :  0.038 0.005 0.005 0.898 0.054 
574   ZFCR08    (0)   16 :  0.015 0.009 0.004 0.939 0.033 
575   ZFCR09    (0)   16 :  0.122 0.015 0.029 0.416 0.418 
576   ZFCR11    (0)   16 :  0.155 0.011 0.008 0.406 0.420 
577   ZFCR12    (0)   16 :  0.180 0.009 0.004 0.783 0.024 
578   ZFCR13    (0)   16 :  0.119 0.025 0.019 0.819 0.018 
579   ZFCR14    (0)   16 :  0.014 0.020 0.014 0.867 0.084 
580   ZFCR15    (0)   16 :  0.014 0.003 0.004 0.895 0.084 
581   ZFCR16    (0)   16 :  0.022 0.206 0.007 0.651 0.114 
582   ZFCR18    (0)   16 :  0.027 0.061 0.120 0.132 0.661 
583   ZFCR19    (0)   16 :  0.185 0.009 0.007 0.270 0.529 
584   ZFCR20    (0)   16 :  0.030 0.007 0.009 0.033 0.921 
585   ZFCR21    (0)   16 :  0.010 0.003 0.014 0.957 0.016 
586   ZFCR22    (0)   16 :  0.010 0.009 0.012 0.948 0.023 
587   ZFCR23    (0)   16 :  0.070 0.058 0.057 0.784 0.031 
588   ZFCR24    (9)   16 :  0.405 0.038 0.025 0.216 0.316 
589   ZFCR25    (0)   16 :  0.005 0.002 0.003 0.923 0.067 
590   ZFCR26    (0)   16 :  0.066 0.005 0.017 0.605 0.307 
591   ZFCR27    (9)   16 :  0.003 0.006 0.079 0.787 0.124 
