

----------------------------------------------------
STRUCTURE by Pritchard, Stephens and Donnelly (2000)
     and Falush, Stephens and Pritchard (2003)
       Code by Pritchard, Falush and Hubisz
             Version 2.3.4 (Jul 2012)
----------------------------------------------------



Command line arguments:   bin\structure -m C:\Users\eschumacher\Documents\GitHub\GCC_QUAC_ZAIN\Data_Files\Structure_Files\ZAIN\ZAIN_og_allpop_STR\50-50\mainparams -e C:\Users\eschumacher\Documents\GitHub\GCC_QUAC_ZAIN\Data_Files\Structure_Files\ZAIN\ZAIN_og_allpop_STR\50-50\extraparams 
Input File:    C:\Users\eschumacher\Documents\GitHub\GCC_QUAC_ZAIN\Data_Files\Structure_Files\ZAIN\ZAIN_og_allpop_STR\project_data

Run parameters:
   1135 individuals
   11 loci
   12 populations assumed
   50000 Burn-in period
   50000 Reps


--------------------------------------------
Proportion of membership of each pre-defined
 population in each of the 12 clusters

Given    Inferred Clusters                                                                      Number of
 Pop       1      2      3      4      5      6      7      8      9     10     11     12      Individuals

  1:     0.459  0.016  0.008  0.007  0.074  0.022  0.213  0.006  0.008  0.007  0.006  0.176      303
  2:     0.447  0.010  0.011  0.005  0.006  0.011  0.231  0.007  0.005  0.005  0.004  0.257       15
  3:     0.352  0.018  0.005  0.003  0.055  0.184  0.055  0.044  0.005  0.004  0.003  0.273        2
  4:     0.495  0.014  0.025  0.006  0.007  0.024  0.121  0.011  0.004  0.003  0.004  0.284        2
  5:     0.335  0.006  0.006  0.005  0.051  0.174  0.082  0.006  0.006  0.006  0.006  0.317        7
  6:     0.175  0.004  0.003  0.003  0.007  0.005  0.669  0.004  0.014  0.005  0.004  0.106       13
  7:     0.004  0.003  0.003  0.002  0.004  0.003  0.967  0.004  0.002  0.002  0.002  0.003       13
  8:     0.897  0.009  0.005  0.007  0.021  0.005  0.006  0.005  0.004  0.005  0.009  0.030        7
  9:     0.696  0.011  0.006  0.008  0.010  0.006  0.094  0.006  0.007  0.008  0.007  0.140       11
 10:     0.606  0.012  0.014  0.009  0.021  0.016  0.108  0.010  0.009  0.005  0.006  0.185        9
 11:     0.010  0.869  0.010  0.006  0.028  0.015  0.010  0.021  0.010  0.006  0.005  0.010       35
 12:     0.007  0.008  0.008  0.774  0.005  0.007  0.005  0.006  0.019  0.018  0.138  0.005       36
 13:     0.006  0.005  0.013  0.848  0.005  0.006  0.004  0.006  0.010  0.008  0.084  0.004       33
 14:     0.003  0.007  0.007  0.013  0.006  0.006  0.004  0.016  0.038  0.888  0.009  0.004       40
 15:     0.003  0.003  0.004  0.005  0.002  0.003  0.003  0.003  0.006  0.009  0.955  0.004       40
 16:     0.019  0.147  0.350  0.061  0.013  0.223  0.012  0.080  0.018  0.036  0.030  0.009       40
 17:     0.010  0.022  0.053  0.020  0.019  0.695  0.014  0.064  0.053  0.025  0.015  0.011       37
 18:     0.005  0.008  0.006  0.850  0.003  0.004  0.003  0.005  0.006  0.006  0.101  0.003       40
 19:     0.003  0.821  0.007  0.004  0.003  0.007  0.006  0.090  0.041  0.005  0.011  0.003       28
 20:     0.003  0.004  0.004  0.007  0.005  0.004  0.002  0.004  0.932  0.024  0.007  0.003       14
 21:     0.003  0.019  0.023  0.012  0.726  0.064  0.003  0.035  0.055  0.013  0.044  0.003       13
 22:     0.004  0.004  0.007  0.062  0.002  0.003  0.003  0.005  0.006  0.018  0.884  0.004       14
 23:     0.004  0.004  0.005  0.876  0.010  0.008  0.005  0.006  0.017  0.009  0.049  0.004       25
 24:     0.005  0.004  0.008  0.920  0.005  0.012  0.003  0.006  0.005  0.017  0.009  0.006       40
 25:     0.010  0.016  0.016  0.018  0.008  0.010  0.006  0.009  0.029  0.807  0.054  0.017       32
 26:     0.003  0.004  0.003  0.003  0.962  0.005  0.002  0.004  0.004  0.004  0.003  0.003       21
 27:     0.009  0.512  0.161  0.011  0.004  0.030  0.065  0.148  0.015  0.009  0.010  0.026        4
 28:     0.005  0.232  0.041  0.037  0.003  0.012  0.013  0.619  0.008  0.017  0.008  0.005       23
 29:     0.004  0.015  0.008  0.005  0.003  0.010  0.003  0.929  0.005  0.008  0.006  0.003       39
 30:     0.003  0.011  0.006  0.004  0.014  0.012  0.007  0.906  0.027  0.004  0.003  0.003       38
 31:     0.005  0.004  0.013  0.112  0.005  0.006  0.003  0.004  0.007  0.008  0.831  0.004       45
 32:     0.009  0.005  0.008  0.361  0.015  0.012  0.004  0.005  0.023  0.011  0.542  0.005       28
 33:     0.026  0.360  0.012  0.008  0.010  0.035  0.014  0.490  0.005  0.010  0.008  0.022        6
 34:     0.004  0.011  0.895  0.011  0.004  0.023  0.007  0.012  0.011  0.006  0.012  0.005       40
 35:     0.006  0.014  0.026  0.014  0.028  0.825  0.007  0.018  0.024  0.010  0.020  0.007       42
--------------------------------------------

Allele-freq. divergence among pops (Net nucleotide distance),
computed using point estimates of P.

      1       2       3       4       5       6       7       8       9      10      11      12      
 1      -    0.2341  0.3162  0.2850  0.3178  0.2790  0.2273  0.3199  0.4439  0.3522  0.3126  0.0977  
 2   0.2341     -    0.1929  0.2563  0.2980  0.1252  0.1820  0.0748  0.2615  0.2088  0.2386  0.2063  
 3   0.3162  0.1929     -    0.1361  0.3351  0.0994  0.2532  0.1485  0.1795  0.1616  0.1350  0.2745  
 4   0.2850  0.2563  0.1361     -    0.3788  0.2015  0.3945  0.2374  0.2110  0.1818  0.0960  0.3393  
 5   0.3178  0.2980  0.3351  0.3788     -    0.1869  0.2541  0.2947  0.3328  0.3680  0.3756  0.2922  
 6   0.2790  0.1252  0.0994  0.2015  0.1869     -    0.1904  0.0824  0.1638  0.1517  0.1504  0.2175  
 7   0.2273  0.1820  0.2532  0.3945  0.2541  0.1904     -    0.2464  0.3721  0.3734  0.3558  0.1637  
 8   0.3199  0.0748  0.1485  0.2374  0.2947  0.0824  0.2464     -    0.2159  0.1719  0.2271  0.2692  
 9   0.4439  0.2615  0.1795  0.2110  0.3328  0.1638  0.3721  0.2159     -    0.1944  0.1846  0.3609  
10   0.3522  0.2088  0.1616  0.1818  0.3680  0.1517  0.3734  0.1719  0.1944     -    0.1469  0.2533  
11   0.3126  0.2386  0.1350  0.0960  0.3756  0.1504  0.3558  0.2271  0.1846  0.1469     -    0.2963  
12   0.0977  0.2063  0.2745  0.3393  0.2922  0.2175  0.1637  0.2692  0.3609  0.2533  0.2963     -    

Average distances (expected heterozygosity) between individuals in same cluster:
cluster  1  : 0.4443 
cluster  2  : 0.4810 
cluster  3  : 0.4625 
cluster  4  : 0.4325 
cluster  5  : 0.3492 
cluster  6  : 0.5540 
cluster  7  : 0.4626 
cluster  8  : 0.4410 
cluster  9  : 0.2379 
cluster 10  : 0.4006 
cluster 11  : 0.4092 
cluster 12  : 0.4827 

--------------------------------------------
Estimated Ln Prob of Data   = -22113.3
Mean value of ln likelihood = -21466.7
Variance of ln likelihood   = 1293.2
Mean value of alpha         = 0.0312

Mean value of Fst_1         = 0.3707
Mean value of Fst_2         = 0.4397
Mean value of Fst_3         = 0.3492
Mean value of Fst_4         = 0.4039
Mean value of Fst_5         = 0.5629
Mean value of Fst_6         = 0.1657
Mean value of Fst_7         = 0.3996
Mean value of Fst_8         = 0.4578
Mean value of Fst_9         = 0.6924
Mean value of Fst_10         = 0.4684
Mean value of Fst_11         = 0.5410
Mean value of Fst_12         = 0.3702


Inferred ancestry of individuals:
        Label (%Miss) Pop:  Inferred clusters
  1 TMA-ZAIN-G-    (9)    1 :  0.065 0.278 0.007 0.004 0.004 0.018 0.290 0.056 0.002 0.004 0.003 0.268 
  2 TMA-ZAIN-G-    (0)    1 :  0.058 0.245 0.006 0.050 0.007 0.011 0.446 0.013 0.010 0.093 0.006 0.056 
  3 TMA-ZAIN-G-    (0)    1 :  0.942 0.005 0.003 0.004 0.002 0.002 0.003 0.003 0.002 0.003 0.004 0.026 
  4 TMA-ZAIN-G-    (0)    1 :  0.172 0.014 0.003 0.004 0.004 0.005 0.021 0.008 0.027 0.006 0.003 0.733 
  5 TMA-ZAIN-G-    (0)    1 :  0.005 0.061 0.031 0.005 0.002 0.003 0.870 0.006 0.003 0.005 0.003 0.007 
  6 TMA-ZAIN-G-    (0)    1 :  0.575 0.009 0.010 0.004 0.032 0.013 0.037 0.009 0.007 0.006 0.004 0.293 
  7 TMA-ZAIN-G-    (0)    1 :  0.879 0.005 0.004 0.004 0.005 0.005 0.009 0.005 0.010 0.004 0.005 0.066 
  8 TMA-ZAIN-G-    (0)    1 :  0.929 0.003 0.003 0.004 0.002 0.002 0.003 0.003 0.002 0.004 0.003 0.040 
  9 TMA-ZAIN-G-    (9)    1 :  0.861 0.012 0.022 0.022 0.010 0.010 0.005 0.017 0.009 0.010 0.016 0.007 
 10 TMA-ZAIN-G-    (0)    1 :  0.954 0.003 0.004 0.004 0.004 0.003 0.004 0.002 0.003 0.003 0.003 0.014 
 11 TMA-ZAIN-G-    (0)    1 :  0.917 0.004 0.005 0.004 0.005 0.005 0.005 0.004 0.013 0.006 0.024 0.007 
 12 TMA-ZAIN-G-    (0)    1 :  0.957 0.005 0.003 0.004 0.003 0.003 0.003 0.005 0.002 0.005 0.003 0.006 
 13 TMA-ZAIN-G-    (9)    1 :  0.851 0.018 0.003 0.005 0.008 0.005 0.063 0.007 0.002 0.004 0.012 0.023 
 14 TMA-ZAIN-G-    (9)    1 :  0.115 0.006 0.004 0.006 0.016 0.007 0.005 0.008 0.003 0.010 0.009 0.811 
 15 TMA-ZAIN-G-    (0)    1 :  0.044 0.006 0.003 0.003 0.003 0.004 0.003 0.004 0.002 0.006 0.004 0.919 
 16 TMA-ZAIN-G-    (0)    1 :  0.966 0.003 0.003 0.004 0.004 0.003 0.003 0.003 0.002 0.002 0.003 0.005 
 17 TMA-ZAIN-G-    (9)    1 :  0.462 0.005 0.004 0.002 0.003 0.005 0.008 0.005 0.006 0.004 0.003 0.492 
 18 TMA-ZAIN-G-    (0)    1 :  0.024 0.007 0.004 0.003 0.004 0.006 0.795 0.008 0.003 0.005 0.002 0.140 
 19 TMA-ZAIN-G-    (0)    1 :  0.226 0.022 0.009 0.002 0.024 0.086 0.542 0.012 0.004 0.002 0.003 0.067 
 20 TMA-ZAIN-G-    (0)    1 :  0.004 0.003 0.003 0.003 0.007 0.066 0.896 0.002 0.003 0.005 0.003 0.006 
 21 TMA-ZAIN-G-    (0)    1 :  0.004 0.005 0.003 0.004 0.862 0.003 0.098 0.002 0.002 0.002 0.002 0.012 
 22 TMA-ZAIN-G-    (0)    1 :  0.002 0.004 0.003 0.002 0.003 0.003 0.968 0.003 0.003 0.002 0.002 0.004 
 23 TMA-ZAIN-G-    (0)    1 :  0.005 0.004 0.003 0.002 0.003 0.004 0.965 0.004 0.002 0.002 0.003 0.004 
 24 TMA-ZAIN-G-    (9)    1 :  0.037 0.003 0.003 0.059 0.003 0.002 0.856 0.003 0.002 0.003 0.019 0.009 
 25 TMA-ZAIN-G-    (9)    1 :  0.086 0.006 0.015 0.021 0.006 0.070 0.761 0.013 0.002 0.002 0.002 0.017 
 26 TMA-ZAIN-G-    (9)    1 :  0.366 0.002 0.003 0.012 0.081 0.003 0.048 0.002 0.004 0.023 0.006 0.450 
 27 TMA-ZAIN-G-    (0)    1 :  0.018 0.008 0.014 0.004 0.044 0.017 0.365 0.014 0.010 0.069 0.004 0.431 
 28 TMA-ZAIN-G-    (0)    1 :  0.058 0.018 0.373 0.014 0.017 0.027 0.087 0.032 0.010 0.004 0.009 0.352 
 29 TMA-ZAIN-G-    (0)    1 :  0.191 0.002 0.005 0.041 0.012 0.222 0.004 0.002 0.002 0.004 0.004 0.510 
 30 TMA-ZAIN-G-    (0)    1 :  0.785 0.005 0.044 0.028 0.006 0.013 0.008 0.008 0.016 0.005 0.024 0.060 
 31 TMA-ZAIN-G-    (0)    1 :  0.007 0.011 0.004 0.004 0.003 0.004 0.924 0.004 0.004 0.011 0.003 0.020 
 32 TMA-ZAIN-G-    (9)    1 :  0.274 0.006 0.003 0.011 0.004 0.004 0.648 0.008 0.002 0.003 0.004 0.033 
 33 TMA-ZAIN-G-   (18)    1 :  0.962 0.004 0.004 0.004 0.002 0.002 0.003 0.003 0.002 0.003 0.003 0.007 
 34 TMA-ZAIN-G-    (0)    1 :  0.871 0.003 0.003 0.006 0.013 0.003 0.078 0.004 0.002 0.006 0.003 0.007 
 35 TMA-ZAIN-G-    (9)    1 :  0.909 0.004 0.004 0.004 0.002 0.003 0.006 0.004 0.003 0.004 0.003 0.055 
 36 TMA-ZAIN-G-    (0)    1 :  0.951 0.003 0.003 0.003 0.002 0.003 0.003 0.003 0.003 0.004 0.006 0.016 
 37 TMA-ZAIN-G-    (9)    1 :  0.919 0.004 0.006 0.005 0.009 0.004 0.008 0.004 0.010 0.005 0.003 0.023 
 38 TMA-ZAIN-G-   (18)    1 :  0.101 0.327 0.004 0.004 0.009 0.014 0.226 0.013 0.003 0.004 0.003 0.292 
 39 TMA-ZAIN-G-    (0)    1 :  0.960 0.002 0.003 0.005 0.008 0.003 0.003 0.002 0.003 0.003 0.003 0.006 
 40 TMA-ZAIN-G-    (0)    1 :  0.967 0.003 0.002 0.004 0.005 0.002 0.002 0.002 0.003 0.002 0.003 0.005 
 41 TMA-ZAIN-G-    (0)    1 :  0.948 0.004 0.003 0.004 0.005 0.003 0.003 0.003 0.002 0.005 0.005 0.016 
 42 TMA-ZAIN-G-    (9)    1 :  0.693 0.004 0.002 0.006 0.003 0.003 0.003 0.003 0.002 0.009 0.014 0.259 
 43 TMA-ZAIN-G-    (0)    1 :  0.010 0.006 0.002 0.003 0.004 0.004 0.003 0.004 0.003 0.006 0.004 0.951 
 44 TMA-ZAIN-G-    (0)    1 :  0.108 0.004 0.008 0.008 0.735 0.008 0.071 0.002 0.013 0.008 0.018 0.015 
 45 TMA-ZAIN-G-    (0)    1 :  0.920 0.006 0.004 0.005 0.015 0.006 0.005 0.006 0.005 0.008 0.003 0.018 
 46 TMA-ZAIN-G-    (0)    1 :  0.003 0.007 0.002 0.003 0.813 0.003 0.145 0.003 0.004 0.003 0.003 0.010 
 47 TMA-ZAIN-G-    (0)    1 :  0.005 0.003 0.003 0.003 0.005 0.003 0.003 0.003 0.005 0.007 0.002 0.959 
 48 TMA-ZAIN-G-    (0)    1 :  0.147 0.003 0.005 0.004 0.008 0.004 0.013 0.003 0.004 0.005 0.005 0.799 
 49 TMA-ZAIN-G-    (9)    1 :  0.235 0.011 0.006 0.004 0.010 0.524 0.099 0.011 0.005 0.003 0.003 0.090 
 50 TMA-ZAIN-G-    (0)    1 :  0.187 0.004 0.004 0.004 0.043 0.459 0.193 0.004 0.002 0.002 0.006 0.092 
 51 TMA-ZAIN-G-    (0)    1 :  0.021 0.024 0.076 0.008 0.147 0.078 0.165 0.010 0.110 0.081 0.054 0.226 
 52 TMA-ZAIN-G-    (0)    1 :  0.244 0.011 0.010 0.006 0.015 0.011 0.074 0.006 0.358 0.009 0.010 0.246 
 53 TMA-ZAIN-G-    (0)    1 :  0.018 0.015 0.015 0.004 0.004 0.043 0.489 0.005 0.031 0.035 0.022 0.318 
 54 TMA-ZAIN-G-    (0)    1 :  0.006 0.003 0.005 0.003 0.003 0.003 0.008 0.002 0.002 0.007 0.003 0.954 
 55 TMA-ZAIN-G-    (0)    1 :  0.006 0.002 0.008 0.003 0.004 0.005 0.012 0.002 0.002 0.005 0.004 0.946 
 56 TMA-ZAIN-G-    (0)    1 :  0.312 0.018 0.008 0.003 0.004 0.012 0.051 0.004 0.024 0.009 0.004 0.550 
 57 TMA-ZAIN-G-    (0)    1 :  0.006 0.004 0.003 0.004 0.002 0.003 0.006 0.003 0.003 0.005 0.003 0.959 
 58 TMA-ZAIN-G-    (0)    1 :  0.050 0.006 0.011 0.003 0.009 0.017 0.499 0.013 0.003 0.004 0.005 0.380 
 59 TMA-ZAIN-G-    (0)    1 :  0.173 0.005 0.009 0.048 0.005 0.005 0.680 0.003 0.008 0.009 0.023 0.031 
 60 TMA-ZAIN-G-    (0)    1 :  0.031 0.017 0.006 0.003 0.017 0.016 0.544 0.016 0.007 0.010 0.005 0.329 
 61 TMA-ZAIN-G-    (0)    1 :  0.006 0.009 0.004 0.004 0.004 0.004 0.941 0.005 0.005 0.004 0.003 0.011 
 62 TMA-ZAIN-G-    (9)    1 :  0.054 0.267 0.015 0.012 0.033 0.019 0.416 0.023 0.002 0.022 0.005 0.132 
 63 TMA-ZAIN-G-    (0)    1 :  0.010 0.131 0.006 0.003 0.005 0.011 0.722 0.025 0.005 0.024 0.004 0.055 
 64 TMA-ZAIN-G-    (0)    1 :  0.930 0.002 0.003 0.029 0.002 0.004 0.002 0.002 0.002 0.003 0.004 0.016 
 65 TMA-ZAIN-G-    (9)    1 :  0.859 0.003 0.003 0.005 0.002 0.002 0.002 0.003 0.002 0.005 0.004 0.109 
 66 TMA-ZAIN-G-    (0)    1 :  0.946 0.002 0.003 0.012 0.003 0.003 0.002 0.002 0.002 0.004 0.004 0.016 
 67 TMA-ZAIN-G-    (0)    1 :  0.940 0.004 0.005 0.010 0.011 0.007 0.006 0.003 0.002 0.003 0.002 0.007 
 68 TMA-ZAIN-G-    (0)    1 :  0.862 0.002 0.002 0.015 0.002 0.003 0.002 0.002 0.003 0.005 0.004 0.098 
 69 TMA-ZAIN-G-    (0)    1 :  0.869 0.005 0.005 0.025 0.015 0.012 0.012 0.009 0.008 0.009 0.005 0.026 
 70 TMA-ZAIN-G-    (0)    1 :  0.947 0.003 0.006 0.009 0.004 0.005 0.005 0.003 0.003 0.004 0.007 0.005 
 71 TMA-ZAIN-G-    (0)    1 :  0.936 0.003 0.006 0.015 0.003 0.003 0.003 0.002 0.005 0.007 0.012 0.004 
 72 TMA-ZAIN-G-    (0)    1 :  0.955 0.003 0.004 0.005 0.003 0.003 0.005 0.003 0.002 0.004 0.004 0.008 
 73 TMA-ZAIN-G-    (0)    1 :  0.861 0.003 0.006 0.009 0.015 0.004 0.059 0.002 0.004 0.027 0.005 0.006 
 74 TMA-ZAIN-G-    (0)    1 :  0.910 0.006 0.010 0.010 0.009 0.014 0.013 0.004 0.003 0.008 0.006 0.007 
 75 TMA-ZAIN-G-    (0)    1 :  0.903 0.004 0.012 0.010 0.003 0.005 0.005 0.003 0.006 0.025 0.017 0.008 
 76 TMA-ZAIN-G-    (0)    1 :  0.839 0.008 0.011 0.011 0.060 0.019 0.020 0.005 0.005 0.009 0.009 0.004 
 77 TMA-ZAIN-G-    (0)    1 :  0.950 0.003 0.003 0.004 0.010 0.004 0.005 0.002 0.005 0.003 0.004 0.007 
 78 TMA-ZAIN-G-    (0)    1 :  0.887 0.007 0.005 0.003 0.037 0.013 0.020 0.005 0.005 0.005 0.003 0.010 
 79 TMA-ZAIN-G-    (0)    1 :  0.910 0.003 0.003 0.003 0.033 0.006 0.007 0.003 0.014 0.003 0.004 0.010 
 80 TMA-ZAIN-G-    (0)    1 :  0.959 0.003 0.003 0.005 0.007 0.003 0.003 0.002 0.003 0.004 0.003 0.006 
 81 TMA-ZAIN-G-    (0)    1 :  0.934 0.003 0.004 0.005 0.012 0.005 0.005 0.003 0.010 0.005 0.005 0.008 
 82 TMA-ZAIN-G-    (0)    1 :  0.947 0.003 0.004 0.011 0.002 0.003 0.003 0.003 0.003 0.008 0.005 0.008 
 83 TMA-ZAIN-G-    (9)    1 :  0.874 0.004 0.005 0.007 0.016 0.003 0.058 0.004 0.002 0.013 0.004 0.010 
 84 TMA-ZAIN-G-    (0)    1 :  0.892 0.004 0.003 0.003 0.068 0.006 0.008 0.003 0.003 0.002 0.003 0.005 
 85 TMA-ZAIN-G-    (0)    1 :  0.042 0.019 0.003 0.002 0.004 0.005 0.562 0.007 0.049 0.003 0.002 0.301 
 86 TMA-ZAIN-G-    (0)    1 :  0.137 0.021 0.003 0.003 0.013 0.004 0.069 0.006 0.115 0.005 0.003 0.621 
 87 TMA-ZAIN-G-    (0)    1 :  0.015 0.011 0.003 0.002 0.011 0.005 0.805 0.006 0.050 0.004 0.002 0.087 
 88 TMA-ZAIN-G-    (0)    1 :  0.060 0.008 0.002 0.007 0.007 0.003 0.032 0.004 0.005 0.003 0.004 0.863 
 89 TMA-ZAIN-G-    (0)    1 :  0.010 0.009 0.002 0.004 0.008 0.003 0.008 0.003 0.005 0.003 0.003 0.941 
 90 TMA-ZAIN-G-    (0)    1 :  0.011 0.006 0.004 0.002 0.008 0.005 0.023 0.005 0.061 0.004 0.002 0.868 
 91 TMA-ZAIN-G-    (0)    1 :  0.012 0.008 0.003 0.003 0.006 0.005 0.041 0.004 0.024 0.004 0.003 0.887 
 92 TMA-ZAIN-G-    (0)    1 :  0.007 0.003 0.006 0.003 0.024 0.006 0.016 0.004 0.014 0.004 0.003 0.910 
 93 TMA-ZAIN-G-    (0)    1 :  0.005 0.003 0.006 0.003 0.009 0.005 0.034 0.004 0.007 0.004 0.003 0.919 
 94 TMA-ZAIN-G-    (0)    1 :  0.006 0.005 0.004 0.003 0.009 0.005 0.110 0.004 0.026 0.004 0.003 0.821 
 95 TMA-ZAIN-G-    (0)    1 :  0.023 0.007 0.251 0.056 0.016 0.033 0.496 0.011 0.010 0.004 0.034 0.059 
 96 TMA-ZAIN-G-    (0)    1 :  0.223 0.022 0.158 0.004 0.009 0.148 0.028 0.072 0.008 0.004 0.004 0.319 
 97 TMA-ZAIN-G-    (0)    1 :  0.007 0.014 0.003 0.009 0.005 0.006 0.915 0.019 0.003 0.006 0.006 0.008 
 98 TMA-ZAIN-G-    (0)    1 :  0.008 0.006 0.003 0.045 0.002 0.003 0.874 0.028 0.003 0.010 0.011 0.006 
 99 TMA-ZAIN-G-    (0)    1 :  0.212 0.006 0.003 0.176 0.006 0.004 0.557 0.008 0.002 0.003 0.015 0.006 
100 TMA-ZAIN-G-    (0)    1 :  0.005 0.025 0.003 0.003 0.019 0.014 0.831 0.010 0.009 0.059 0.003 0.020 
101 TMA-ZAIN-G-    (0)    1 :  0.067 0.020 0.009 0.021 0.004 0.005 0.844 0.007 0.002 0.006 0.005 0.010 
102 TMA-ZAIN-G-    (0)    1 :  0.016 0.003 0.003 0.004 0.003 0.005 0.933 0.008 0.003 0.003 0.006 0.012 
103 TMA-ZAIN-G-    (0)    1 :  0.018 0.005 0.004 0.003 0.003 0.005 0.927 0.015 0.002 0.003 0.003 0.013 
104 TMA-ZAIN-G-    (0)    1 :  0.005 0.005 0.004 0.005 0.002 0.003 0.851 0.109 0.002 0.004 0.004 0.006 
105 TMA-ZAIN-G-    (0)    1 :  0.026 0.006 0.004 0.003 0.003 0.004 0.903 0.023 0.003 0.003 0.003 0.019 
106 TMA-ZAIN-G-    (0)    1 :  0.960 0.003 0.003 0.004 0.003 0.002 0.003 0.002 0.002 0.002 0.005 0.011 
107 TMA-ZAIN-G-    (0)    1 :  0.951 0.004 0.003 0.013 0.002 0.004 0.004 0.003 0.002 0.003 0.004 0.007 
108 TMA-ZAIN-G-    (9)    1 :  0.437 0.047 0.003 0.006 0.020 0.006 0.266 0.009 0.011 0.025 0.004 0.165 
109 TMA-ZAIN-G-    (0)    1 :  0.237 0.126 0.025 0.006 0.003 0.004 0.051 0.005 0.002 0.004 0.004 0.534 
110 TMA-ZAIN-G-    (0)    1 :  0.605 0.007 0.012 0.005 0.066 0.022 0.163 0.006 0.004 0.002 0.004 0.104 
111 TMA-ZAIN-G-    (9)    1 :  0.206 0.028 0.005 0.021 0.009 0.005 0.659 0.006 0.003 0.010 0.004 0.042 
112 TMA-ZAIN-G-    (0)    1 :  0.480 0.005 0.005 0.005 0.005 0.005 0.340 0.004 0.003 0.004 0.006 0.137 
113 TMA-ZAIN-G-    (0)    1 :  0.064 0.061 0.008 0.042 0.002 0.003 0.781 0.004 0.003 0.008 0.006 0.017 
114 TMA-ZAIN-G-    (0)    1 :  0.006 0.061 0.011 0.006 0.003 0.003 0.893 0.004 0.003 0.003 0.003 0.004 
115 TMA-ZAIN-G-    (0)    1 :  0.008 0.412 0.007 0.006 0.003 0.004 0.536 0.006 0.002 0.006 0.003 0.007 
116 TMA-ZAIN-G-    (0)    1 :  0.960 0.003 0.003 0.005 0.002 0.002 0.003 0.004 0.002 0.004 0.002 0.009 
117 TMA-ZAIN-G-    (0)    1 :  0.829 0.004 0.004 0.005 0.003 0.003 0.004 0.003 0.003 0.005 0.004 0.135 
118 TMA-ZAIN-G-    (0)    1 :  0.956 0.004 0.003 0.004 0.002 0.002 0.003 0.004 0.002 0.004 0.003 0.013 
119 TMA-ZAIN-G-    (0)    1 :  0.944 0.006 0.004 0.005 0.006 0.004 0.008 0.006 0.002 0.004 0.002 0.009 
120 TMA-ZAIN-G-    (0)    1 :  0.935 0.005 0.004 0.004 0.002 0.003 0.005 0.004 0.003 0.004 0.003 0.029 
121 TMA-ZAIN-G-    (0)    1 :  0.938 0.003 0.004 0.005 0.002 0.003 0.004 0.003 0.003 0.004 0.003 0.028 
122 TMA-ZAIN-G-    (0)    1 :  0.903 0.004 0.006 0.004 0.010 0.003 0.006 0.004 0.011 0.004 0.003 0.040 
123 TMA-ZAIN-G-    (0)    1 :  0.006 0.611 0.007 0.002 0.007 0.010 0.306 0.010 0.003 0.003 0.002 0.033 
124 TMA-ZAIN-G-    (0)    1 :  0.940 0.004 0.003 0.003 0.002 0.004 0.004 0.003 0.003 0.002 0.007 0.024 
125 TMA-ZAIN-G-    (0)    1 :  0.169 0.002 0.002 0.003 0.002 0.003 0.003 0.002 0.002 0.005 0.004 0.803 
126 TMA-ZAIN-G-    (0)    1 :  0.711 0.004 0.002 0.003 0.002 0.003 0.003 0.003 0.003 0.004 0.008 0.253 
127 TMA-ZAIN-G-    (0)    1 :  0.944 0.003 0.002 0.003 0.003 0.003 0.002 0.002 0.002 0.002 0.006 0.027 
128 TMA-ZAIN-G-    (0)    1 :  0.924 0.004 0.004 0.004 0.002 0.003 0.003 0.003 0.002 0.003 0.004 0.045 
129 TMA-ZAIN-G-    (0)    1 :  0.882 0.004 0.003 0.004 0.002 0.003 0.004 0.003 0.003 0.004 0.010 0.077 
130 TMA-ZAIN-G-    (0)    1 :  0.275 0.006 0.003 0.003 0.002 0.003 0.004 0.003 0.002 0.005 0.006 0.687 
131 TMA-ZAIN-G-    (0)    1 :  0.878 0.004 0.003 0.003 0.002 0.003 0.004 0.003 0.003 0.002 0.006 0.088 
132 TMA-ZAIN-G-    (0)    1 :  0.762 0.003 0.004 0.004 0.002 0.002 0.003 0.002 0.002 0.006 0.005 0.204 
133 TMA-ZAIN-G-    (0)    1 :  0.836 0.003 0.003 0.004 0.009 0.004 0.004 0.002 0.004 0.005 0.006 0.121 
134 TMA-ZAIN-G-    (0)    1 :  0.735 0.003 0.002 0.005 0.005 0.003 0.003 0.002 0.004 0.005 0.008 0.224 
135 TMA-ZAIN-G-    (0)    1 :  0.959 0.003 0.002 0.005 0.005 0.003 0.003 0.002 0.004 0.003 0.004 0.007 
136 TMA-ZAIN-G-    (0)    1 :  0.920 0.002 0.004 0.009 0.005 0.003 0.004 0.002 0.004 0.011 0.004 0.030 
137 TMA-ZAIN-G-    (0)    1 :  0.963 0.005 0.002 0.004 0.005 0.003 0.003 0.003 0.003 0.002 0.003 0.005 
138 TMA-ZAIN-G-    (0)    1 :  0.950 0.003 0.002 0.005 0.002 0.002 0.002 0.002 0.002 0.005 0.008 0.014 
139 TMA-ZAIN-G-    (0)    1 :  0.942 0.004 0.002 0.004 0.004 0.002 0.003 0.002 0.003 0.008 0.005 0.020 
140 TMA-ZAIN-G-    (0)    1 :  0.965 0.003 0.003 0.004 0.004 0.003 0.003 0.003 0.002 0.002 0.003 0.005 
141 TMA-ZAIN-G-    (0)    1 :  0.961 0.004 0.003 0.004 0.003 0.003 0.004 0.003 0.003 0.003 0.004 0.006 
142 TMA-ZAIN-G-    (9)    1 :  0.965 0.003 0.003 0.004 0.003 0.003 0.003 0.003 0.002 0.002 0.003 0.006 
143 TMA-ZAIN-G-    (0)    1 :  0.964 0.004 0.003 0.004 0.002 0.003 0.003 0.003 0.002 0.002 0.004 0.006 
144 TMA-ZAIN-G-    (0)    1 :  0.945 0.003 0.006 0.003 0.006 0.004 0.004 0.003 0.004 0.006 0.005 0.011 
145 TMA-ZAIN-G-    (0)    1 :  0.965 0.002 0.003 0.005 0.002 0.002 0.002 0.002 0.002 0.004 0.002 0.008 
146 TMA-ZAIN-G-    (0)    1 :  0.957 0.003 0.003 0.007 0.003 0.003 0.003 0.002 0.004 0.004 0.007 0.004 
147 TMA-ZAIN-G-    (9)    1 :  0.966 0.002 0.002 0.004 0.004 0.003 0.003 0.002 0.003 0.003 0.004 0.005 
148 TMA-ZAIN-G-    (0)    1 :  0.925 0.002 0.003 0.004 0.003 0.003 0.003 0.002 0.004 0.014 0.023 0.013 
149 TMA-ZAIN-G-    (0)    1 :  0.918 0.008 0.003 0.006 0.003 0.003 0.015 0.003 0.003 0.005 0.008 0.026 
150 TMA-ZAIN-G-    (0)    1 :  0.912 0.006 0.005 0.012 0.002 0.002 0.012 0.004 0.003 0.010 0.012 0.020 
151 TMA-ZAIN-G-    (0)    1 :  0.953 0.004 0.002 0.004 0.003 0.003 0.002 0.004 0.002 0.005 0.002 0.015 
152 TMA-ZAIN-G-    (0)    1 :  0.950 0.005 0.002 0.004 0.003 0.003 0.002 0.006 0.002 0.008 0.002 0.011 
153 TMA-ZAIN-G-    (0)    1 :  0.963 0.003 0.002 0.004 0.002 0.002 0.002 0.003 0.002 0.003 0.005 0.009 
154 TMA-ZAIN-G-    (0)    1 :  0.968 0.003 0.002 0.004 0.002 0.002 0.003 0.003 0.002 0.002 0.002 0.007 
155 TMA-ZAIN-G-    (0)    1 :  0.968 0.003 0.002 0.004 0.002 0.003 0.003 0.003 0.002 0.002 0.003 0.004 
156 TMA-ZAIN-G-    (9)    1 :  0.919 0.009 0.003 0.004 0.004 0.004 0.003 0.007 0.002 0.012 0.004 0.030 
157 TMA-ZAIN-G-    (0)    1 :  0.950 0.005 0.002 0.004 0.004 0.004 0.003 0.006 0.003 0.005 0.004 0.011 
158 TMA-ZAIN-G-    (0)    1 :  0.960 0.003 0.004 0.005 0.003 0.003 0.003 0.003 0.003 0.004 0.004 0.005 
159 TMA-ZAIN-G-    (0)    1 :  0.956 0.004 0.004 0.008 0.002 0.002 0.003 0.003 0.003 0.006 0.006 0.004 
160 TMA-ZAIN-G-    (0)    1 :  0.964 0.003 0.002 0.007 0.002 0.002 0.003 0.003 0.002 0.004 0.002 0.005 
161 TMA-ZAIN-G-    (0)    1 :  0.962 0.003 0.003 0.003 0.002 0.003 0.002 0.002 0.002 0.005 0.005 0.007 
162 TMA-ZAIN-G-    (0)    1 :  0.948 0.008 0.002 0.007 0.002 0.002 0.009 0.003 0.002 0.003 0.005 0.009 
163 TMA-ZAIN-G-    (0)    1 :  0.971 0.003 0.002 0.004 0.002 0.002 0.002 0.002 0.002 0.003 0.002 0.004 
164 TMA-ZAIN-G-    (0)    1 :  0.956 0.004 0.003 0.005 0.004 0.003 0.003 0.004 0.003 0.004 0.003 0.009 
165 TMA-ZAIN-G-    (0)    1 :  0.967 0.003 0.003 0.006 0.002 0.002 0.003 0.003 0.002 0.002 0.003 0.004 
166 TMA-ZAIN-G-    (0)    1 :  0.968 0.002 0.002 0.005 0.002 0.002 0.002 0.002 0.002 0.003 0.003 0.006 
167 TMA-ZAIN-G-    (0)    1 :  0.957 0.003 0.003 0.004 0.004 0.004 0.006 0.003 0.003 0.003 0.004 0.006 
168 TMA-ZAIN-G-    (0)    1 :  0.941 0.007 0.003 0.007 0.004 0.005 0.004 0.006 0.004 0.009 0.003 0.008 
169 TMA-ZAIN-G-    (0)    1 :  0.964 0.003 0.002 0.008 0.002 0.003 0.002 0.002 0.002 0.003 0.003 0.005 
170 TMA-ZAIN-G-    (0)    1 :  0.915 0.013 0.003 0.004 0.014 0.015 0.007 0.009 0.003 0.004 0.004 0.008 
171 TMA-ZAIN-G-    (0)    1 :  0.964 0.003 0.002 0.007 0.003 0.002 0.003 0.003 0.003 0.003 0.003 0.004 
172 TMA-ZAIN-G-    (0)    1 :  0.949 0.005 0.003 0.003 0.007 0.005 0.004 0.005 0.003 0.004 0.004 0.008 
173 TMA-ZAIN-G-    (0)    1 :  0.942 0.004 0.004 0.003 0.007 0.006 0.004 0.005 0.003 0.005 0.004 0.013 
174 TMA-ZAIN-G-    (0)    1 :  0.964 0.002 0.003 0.005 0.002 0.002 0.002 0.002 0.002 0.003 0.003 0.008 
175 TMA-ZAIN-G-    (0)    1 :  0.951 0.004 0.004 0.008 0.003 0.003 0.003 0.003 0.005 0.005 0.007 0.005 
176 TMA-ZAIN-G-    (0)    1 :  0.954 0.003 0.003 0.007 0.003 0.003 0.003 0.003 0.005 0.005 0.007 0.004 
177 TMA-ZAIN-G-    (0)    1 :  0.897 0.005 0.006 0.011 0.005 0.007 0.003 0.005 0.010 0.022 0.022 0.008 
178 TMA-ZAIN-G-    (0)    1 :  0.910 0.010 0.004 0.005 0.015 0.012 0.004 0.010 0.004 0.012 0.004 0.012 
179 TMA-ZAIN-G-    (0)    1 :  0.940 0.004 0.004 0.006 0.005 0.004 0.002 0.004 0.005 0.010 0.007 0.008 
180 TMA-ZAIN-G-    (0)    1 :  0.805 0.003 0.003 0.004 0.006 0.003 0.003 0.003 0.004 0.004 0.006 0.157 
181 TMA-ZAIN-G-    (0)    1 :  0.913 0.005 0.002 0.004 0.004 0.004 0.003 0.004 0.002 0.006 0.011 0.041 
182 TMA-ZAIN-G-    (0)    1 :  0.769 0.011 0.003 0.003 0.004 0.006 0.004 0.006 0.003 0.009 0.015 0.168 
183 TMA-ZAIN-G-    (0)    1 :  0.858 0.005 0.003 0.004 0.004 0.005 0.003 0.004 0.002 0.005 0.008 0.099 
184 TMA-ZAIN-G-    (0)    1 :  0.877 0.007 0.003 0.006 0.003 0.003 0.014 0.003 0.002 0.004 0.017 0.061 
185 TMA-ZAIN-G-    (0)    1 :  0.900 0.004 0.005 0.006 0.004 0.004 0.022 0.003 0.002 0.005 0.010 0.036 
186 TMA-ZAIN-G-    (9)    1 :  0.944 0.003 0.005 0.003 0.005 0.005 0.006 0.003 0.003 0.003 0.006 0.014 
187 TMA-ZAIN-G-    (0)    1 :  0.950 0.005 0.003 0.004 0.005 0.005 0.004 0.004 0.003 0.003 0.005 0.008 
188 TMA-ZAIN-G-    (0)    1 :  0.959 0.002 0.002 0.005 0.002 0.002 0.003 0.002 0.002 0.003 0.006 0.012 
189 TMA-ZAIN-G-    (0)    1 :  0.964 0.002 0.002 0.004 0.003 0.002 0.002 0.002 0.002 0.002 0.007 0.007 
190 TMA-ZAIN-G-    (0)    1 :  0.814 0.006 0.008 0.009 0.009 0.008 0.003 0.006 0.004 0.032 0.010 0.091 
191 TMA-ZAIN-G-    (0)    1 :  0.929 0.004 0.002 0.007 0.003 0.003 0.014 0.002 0.002 0.002 0.022 0.009 
192 TMA-ZAIN-G-    (0)    1 :  0.929 0.005 0.002 0.004 0.014 0.004 0.003 0.004 0.004 0.003 0.007 0.022 
193 TMA-ZAIN-G-    (0)    1 :  0.012 0.004 0.003 0.004 0.004 0.004 0.003 0.005 0.003 0.006 0.008 0.945 
194 TMA-ZAIN-G-    (0)    1 :  0.006 0.003 0.003 0.002 0.006 0.005 0.004 0.004 0.003 0.008 0.004 0.951 
195 TMA-ZAIN-G-    (0)    1 :  0.101 0.006 0.008 0.010 0.004 0.009 0.003 0.005 0.007 0.042 0.080 0.725 
196 TMA-ZAIN-G-    (0)    1 :  0.044 0.007 0.003 0.005 0.004 0.004 0.003 0.005 0.003 0.006 0.015 0.902 
197 TMA-ZAIN-G-    (0)    1 :  0.017 0.004 0.002 0.003 0.003 0.004 0.003 0.003 0.003 0.004 0.005 0.948 
198 TMA-ZAIN-G-    (0)    1 :  0.084 0.006 0.002 0.006 0.007 0.004 0.003 0.005 0.003 0.008 0.011 0.862 
199 TMA-ZAIN-G-    (0)    1 :  0.947 0.002 0.004 0.004 0.004 0.004 0.005 0.002 0.002 0.003 0.007 0.016 
200 TMA-ZAIN-G-    (0)    1 :  0.004 0.019 0.004 0.003 0.602 0.008 0.323 0.008 0.004 0.008 0.003 0.013 
201 TMA-ZAIN-G-    (0)    1 :  0.026 0.003 0.003 0.003 0.639 0.004 0.286 0.003 0.003 0.003 0.003 0.024 
202 TMA-ZAIN-G-    (0)    1 :  0.005 0.010 0.002 0.003 0.952 0.003 0.008 0.004 0.002 0.002 0.004 0.004 
203 TMA-ZAIN-G-    (0)    1 :  0.218 0.033 0.003 0.007 0.004 0.006 0.005 0.011 0.003 0.014 0.013 0.683 
204 TMA-ZAIN-G-    (9)    1 :  0.005 0.017 0.006 0.004 0.774 0.011 0.116 0.004 0.033 0.010 0.007 0.015 
205 TMA-ZAIN-G-    (0)    1 :  0.106 0.004 0.004 0.003 0.815 0.006 0.020 0.003 0.004 0.003 0.004 0.030 
206 TMA-ZAIN-G-    (9)    1 :  0.021 0.024 0.007 0.006 0.583 0.007 0.174 0.008 0.016 0.009 0.005 0.140 
207 TMA-ZAIN-G-    (9)    1 :  0.785 0.008 0.012 0.004 0.004 0.010 0.010 0.008 0.019 0.020 0.003 0.117 
208 TMA-ZAIN-G-    (0)    1 :  0.969 0.002 0.004 0.004 0.003 0.002 0.002 0.002 0.002 0.003 0.003 0.004 
209 TMA-ZAIN-G-    (0)    1 :  0.809 0.002 0.002 0.004 0.003 0.003 0.003 0.002 0.004 0.014 0.010 0.145 
210 TMA-ZAIN-G-    (0)    1 :  0.841 0.005 0.003 0.006 0.004 0.004 0.003 0.004 0.004 0.013 0.005 0.108 
211 TMA-ZAIN-G-    (0)    1 :  0.908 0.006 0.003 0.003 0.009 0.006 0.009 0.004 0.003 0.004 0.005 0.039 
212 TMA-ZAIN-G-    (0)    1 :  0.929 0.005 0.003 0.004 0.010 0.004 0.003 0.004 0.005 0.006 0.003 0.024 
213 TMA-ZAIN-G-    (0)    1 :  0.956 0.003 0.003 0.003 0.003 0.003 0.003 0.003 0.002 0.004 0.008 0.009 
214 TMA-ZAIN-G-    (0)    1 :  0.952 0.003 0.002 0.004 0.003 0.003 0.003 0.002 0.002 0.004 0.006 0.016 
215 TMA-ZAIN-G-    (0)    1 :  0.830 0.003 0.003 0.003 0.015 0.113 0.020 0.003 0.002 0.002 0.003 0.004 
216 TMA-ZAIN-G-    (0)    1 :  0.939 0.002 0.003 0.003 0.004 0.003 0.004 0.002 0.002 0.005 0.006 0.024 
217 TMA-ZAIN-G-    (0)    1 :  0.948 0.003 0.002 0.005 0.002 0.002 0.003 0.002 0.003 0.005 0.007 0.018 
218 TMA-ZAIN-G-    (0)    1 :  0.108 0.019 0.021 0.012 0.057 0.598 0.094 0.007 0.006 0.004 0.005 0.070 
219 TMA-ZAIN-G-    (0)    1 :  0.013 0.010 0.014 0.010 0.425 0.040 0.011 0.010 0.043 0.007 0.010 0.407 
220 TMA-ZAIN-G-    (0)    1 :  0.055 0.011 0.066 0.009 0.006 0.096 0.543 0.126 0.008 0.003 0.004 0.073 
221 TMA-ZAIN-G-    (0)    1 :  0.030 0.008 0.022 0.020 0.398 0.059 0.043 0.010 0.084 0.003 0.011 0.314 
222 TMA-ZAIN-G-    (0)    1 :  0.050 0.005 0.003 0.004 0.038 0.120 0.669 0.005 0.004 0.003 0.006 0.092 
223 TMA-ZAIN-G-    (0)    1 :  0.024 0.009 0.010 0.003 0.043 0.361 0.507 0.004 0.004 0.004 0.002 0.030 
224 TMA-ZAIN-G-    (0)    1 :  0.037 0.012 0.007 0.002 0.026 0.079 0.295 0.013 0.007 0.002 0.003 0.516 
225 TMA-ZAIN-G-    (0)    1 :  0.013 0.017 0.007 0.002 0.062 0.440 0.415 0.009 0.003 0.003 0.002 0.025 
226 TMA-ZAIN-G-    (0)    1 :  0.039 0.023 0.004 0.003 0.032 0.097 0.670 0.008 0.003 0.005 0.002 0.115 
227 TMA-ZAIN-G-    (0)    1 :  0.038 0.023 0.006 0.003 0.144 0.433 0.297 0.007 0.004 0.003 0.003 0.037 
228 TMA-ZAIN-G-    (0)    1 :  0.120 0.016 0.021 0.007 0.004 0.050 0.703 0.004 0.010 0.008 0.011 0.047 
229 TMA-ZAIN-G-    (0)    1 :  0.017 0.005 0.011 0.015 0.063 0.162 0.701 0.004 0.005 0.004 0.003 0.011 
230 TMA-ZAIN-G-    (0)    1 :  0.158 0.027 0.029 0.005 0.003 0.040 0.210 0.007 0.055 0.012 0.014 0.440 
231 TMA-ZAIN-G-    (0)    1 :  0.015 0.003 0.003 0.003 0.011 0.006 0.929 0.005 0.006 0.004 0.003 0.011 
232 TMA-ZAIN-G-    (9)    1 :  0.023 0.004 0.002 0.006 0.004 0.008 0.908 0.004 0.003 0.003 0.010 0.024 
233 TMA-ZAIN-G-    (0)    1 :  0.263 0.004 0.015 0.005 0.074 0.279 0.270 0.004 0.004 0.005 0.003 0.074 
234 TMA-ZAIN-G-    (0)    1 :  0.007 0.008 0.003 0.004 0.021 0.031 0.845 0.017 0.004 0.032 0.003 0.022 
235 TMA-ZAIN-G-    (0)    1 :  0.049 0.370 0.005 0.011 0.133 0.058 0.275 0.015 0.007 0.011 0.009 0.059 
236 TMA-ZAIN-G-    (0)    1 :  0.036 0.079 0.003 0.002 0.439 0.023 0.312 0.010 0.011 0.003 0.003 0.078 
237 TMA-ZAIN-G-    (0)    1 :  0.176 0.011 0.003 0.007 0.009 0.018 0.723 0.004 0.007 0.005 0.005 0.033 
238 TMA-ZAIN-G-    (0)    1 :  0.065 0.014 0.004 0.005 0.372 0.016 0.416 0.007 0.003 0.002 0.004 0.093 
239 TMA-ZAIN-G-    (0)    1 :  0.006 0.006 0.002 0.003 0.533 0.004 0.128 0.002 0.009 0.009 0.005 0.292 
240 TMA-ZAIN-G-    (0)    1 :  0.003 0.002 0.003 0.002 0.945 0.003 0.024 0.002 0.004 0.003 0.002 0.006 
241 TMA-ZAIN-G-    (0)    1 :  0.004 0.003 0.002 0.003 0.960 0.003 0.012 0.002 0.003 0.002 0.002 0.005 
242 TMA-ZAIN-G-    (0)    1 :  0.004 0.002 0.003 0.003 0.966 0.002 0.008 0.002 0.002 0.002 0.002 0.004 
243 TMA-ZAIN-G-    (0)    1 :  0.005 0.002 0.002 0.003 0.968 0.002 0.006 0.002 0.002 0.002 0.002 0.004 
244 TMA-ZAIN-G-    (0)    1 :  0.006 0.003 0.003 0.004 0.961 0.003 0.009 0.002 0.002 0.002 0.002 0.005 
245 TMA-ZAIN-G-    (9)    1 :  0.003 0.003 0.003 0.002 0.961 0.003 0.014 0.002 0.002 0.002 0.002 0.004 
246 TMA-ZAIN-G-    (0)    1 :  0.003 0.002 0.002 0.002 0.971 0.003 0.005 0.002 0.003 0.002 0.002 0.003 
247 TMA-ZAIN-G-    (0)    1 :  0.003 0.002 0.003 0.002 0.973 0.002 0.005 0.002 0.002 0.002 0.002 0.003 
248 TMA-ZAIN-G-    (0)    1 :  0.004 0.003 0.003 0.002 0.962 0.003 0.009 0.002 0.003 0.002 0.002 0.004 
249 TMA-ZAIN-G-    (0)    1 :  0.003 0.002 0.002 0.002 0.970 0.003 0.005 0.002 0.003 0.002 0.002 0.003 
250 TMA-ZAIN-G-    (0)    1 :  0.003 0.002 0.003 0.002 0.970 0.002 0.005 0.002 0.003 0.002 0.002 0.003 
251 TMA-ZAIN-G-    (0)    1 :  0.005 0.004 0.004 0.003 0.002 0.003 0.004 0.004 0.003 0.006 0.002 0.961 
252 TMA-ZAIN-G-    (0)    1 :  0.008 0.002 0.010 0.014 0.003 0.004 0.003 0.002 0.008 0.061 0.014 0.871 
253 TMA-ZAIN-G-    (0)    1 :  0.006 0.003 0.002 0.004 0.004 0.002 0.004 0.003 0.002 0.006 0.003 0.961 
254 TMA-ZAIN-G-    (9)    1 :  0.023 0.004 0.004 0.006 0.003 0.003 0.005 0.004 0.003 0.006 0.003 0.937 
255 TMA-ZAIN-G-    (0)    1 :  0.006 0.007 0.003 0.004 0.003 0.004 0.035 0.029 0.002 0.011 0.003 0.893 
256 TMA-ZAIN-G-    (0)    1 :  0.005 0.003 0.002 0.003 0.007 0.003 0.006 0.003 0.004 0.004 0.003 0.957 
257 TMA-ZAIN-G-    (0)    1 :  0.003 0.002 0.002 0.002 0.004 0.003 0.004 0.002 0.004 0.004 0.003 0.967 
258 TMA-ZAIN-G-    (0)    1 :  0.004 0.002 0.002 0.003 0.003 0.002 0.003 0.002 0.003 0.006 0.002 0.967 
259 TMA-ZAIN-G-    (0)    1 :  0.004 0.003 0.003 0.002 0.004 0.003 0.005 0.002 0.005 0.006 0.002 0.961 
260 TMA-ZAIN-G-    (0)    1 :  0.005 0.003 0.003 0.003 0.003 0.002 0.005 0.002 0.004 0.007 0.003 0.959 
261 TMA-ZAIN-G-   (18)    1 :  0.006 0.004 0.005 0.003 0.002 0.003 0.004 0.004 0.005 0.006 0.003 0.954 
262 TMA-ZAIN-G-    (0)    1 :  0.003 0.003 0.002 0.002 0.003 0.003 0.003 0.002 0.004 0.005 0.003 0.966 
263 TMA-ZAIN-G-    (0)    1 :  0.004 0.004 0.003 0.002 0.003 0.003 0.005 0.003 0.003 0.005 0.003 0.962 
264 TMA-ZAIN-G-    (0)    1 :  0.004 0.004 0.003 0.003 0.002 0.003 0.007 0.004 0.003 0.006 0.003 0.958 
265 TMA-ZAIN-G-    (0)    1 :  0.017 0.003 0.003 0.004 0.036 0.005 0.014 0.002 0.007 0.004 0.004 0.899 
266 TMA-ZAIN-G-    (0)    1 :  0.014 0.004 0.006 0.003 0.004 0.004 0.008 0.004 0.003 0.004 0.004 0.943 
267 TMA-ZAIN-G-    (0)    1 :  0.043 0.004 0.020 0.010 0.013 0.006 0.741 0.004 0.014 0.022 0.006 0.117 
268 TMA-ZAIN-G-    (0)    1 :  0.003 0.006 0.003 0.002 0.002 0.003 0.961 0.009 0.003 0.002 0.002 0.004 
269 TMA-ZAIN-G-    (0)    1 :  0.003 0.007 0.003 0.002 0.002 0.003 0.962 0.004 0.004 0.003 0.002 0.004 
270 TMA-ZAIN-G-    (0)    1 :  0.004 0.006 0.003 0.002 0.003 0.003 0.958 0.004 0.006 0.003 0.002 0.005 
271 TMA-ZAIN-G-    (0)    1 :  0.004 0.004 0.003 0.002 0.003 0.003 0.963 0.006 0.004 0.002 0.002 0.004 
272 TMA-ZAIN-G-    (0)    1 :  0.004 0.004 0.003 0.002 0.003 0.003 0.968 0.003 0.003 0.002 0.002 0.003 
273 TMA-ZAIN-G-    (0)    1 :  0.002 0.003 0.003 0.002 0.004 0.003 0.972 0.003 0.002 0.002 0.002 0.003 
274 TMA-ZAIN-G-    (0)    1 :  0.005 0.003 0.004 0.003 0.004 0.004 0.957 0.004 0.003 0.002 0.005 0.007 
275 TMA-ZAIN-G-    (0)    1 :  0.003 0.002 0.003 0.002 0.003 0.003 0.973 0.004 0.002 0.002 0.002 0.002 
276 TMA-ZAIN-G-    (0)    1 :  0.004 0.004 0.002 0.002 0.003 0.003 0.970 0.003 0.002 0.002 0.002 0.002 
277 TMA-ZAIN-G-    (0)    1 :  0.004 0.004 0.003 0.003 0.006 0.003 0.963 0.003 0.002 0.003 0.003 0.004 
278 TMA-ZAIN-G-    (0)    1 :  0.003 0.002 0.003 0.002 0.006 0.003 0.968 0.003 0.003 0.002 0.002 0.003 
279 TMA-ZAIN-G-    (0)    1 :  0.003 0.003 0.003 0.002 0.003 0.004 0.969 0.004 0.002 0.002 0.002 0.003 
280 TMA-ZAIN-G-    (0)    1 :  0.004 0.005 0.003 0.002 0.003 0.004 0.966 0.003 0.002 0.002 0.003 0.003 
281 TMA-ZAIN-G-    (0)    1 :  0.003 0.005 0.003 0.002 0.004 0.003 0.966 0.003 0.003 0.002 0.002 0.003 
282 TMA-ZAIN-G-    (9)    1 :  0.003 0.003 0.004 0.002 0.004 0.003 0.967 0.003 0.003 0.002 0.002 0.003 
283 TMA-ZAIN-G-    (0)    1 :  0.006 0.005 0.005 0.002 0.010 0.005 0.935 0.004 0.006 0.004 0.002 0.014 
284 TMA-ZAIN-G-    (0)    1 :  0.009 0.007 0.006 0.003 0.008 0.007 0.910 0.006 0.007 0.004 0.002 0.030 
285 TMA-ZAIN-G-    (0)    1 :  0.004 0.003 0.003 0.003 0.013 0.004 0.951 0.003 0.004 0.003 0.003 0.007 
286 TMA-ZAIN-G-    (0)    1 :  0.003 0.004 0.004 0.002 0.005 0.003 0.960 0.004 0.006 0.003 0.002 0.005 
287 TMA-ZAIN-G-    (0)    1 :  0.004 0.003 0.004 0.003 0.005 0.003 0.960 0.004 0.005 0.003 0.003 0.005 
288 TMA-ZAIN-G-    (0)    1 :  0.009 0.004 0.006 0.004 0.003 0.005 0.946 0.006 0.002 0.002 0.005 0.009 
289 TMA-ZAIN-G-    (0)    1 :  0.005 0.003 0.004 0.003 0.003 0.003 0.961 0.003 0.003 0.002 0.004 0.006 
290 TMA-ZAIN-G-    (0)    1 :  0.006 0.006 0.006 0.003 0.003 0.004 0.952 0.005 0.003 0.002 0.004 0.007 
291 TMA-ZAIN-G-    (0)    1 :  0.012 0.040 0.025 0.014 0.011 0.442 0.342 0.009 0.015 0.004 0.011 0.074 
292 TMA-ZAIN-G-    (0)    1 :  0.943 0.008 0.003 0.003 0.009 0.007 0.009 0.004 0.003 0.002 0.004 0.006 
293 TMA-ZAIN-G-    (0)    1 :  0.936 0.003 0.003 0.003 0.013 0.004 0.004 0.003 0.006 0.003 0.003 0.019 
294 TMA-ZAIN-G-    (0)    1 :  0.935 0.003 0.005 0.009 0.006 0.004 0.004 0.003 0.011 0.008 0.006 0.007 
295 TMA-ZAIN-G-    (9)    1 :  0.920 0.003 0.012 0.007 0.009 0.006 0.007 0.004 0.011 0.007 0.007 0.008 
296 TMA-ZAIN-G-    (0)    1 :  0.937 0.006 0.003 0.003 0.005 0.005 0.008 0.005 0.007 0.003 0.004 0.014 
297 TMA-ZAIN-G-    (0)    1 :  0.940 0.004 0.003 0.004 0.004 0.003 0.005 0.004 0.003 0.004 0.005 0.022 
298 TMA-ZAIN-G-    (0)    1 :  0.867 0.014 0.004 0.004 0.006 0.009 0.009 0.008 0.036 0.008 0.003 0.031 
299 TMA-ZAIN-G-    (0)    1 :  0.957 0.004 0.002 0.005 0.007 0.005 0.006 0.003 0.002 0.002 0.003 0.004 
300 TMA-ZAIN-G-    (0)    1 :  0.928 0.002 0.010 0.009 0.009 0.005 0.005 0.003 0.007 0.006 0.010 0.006 
301 TMA-ZAIN-G-    (0)    1 :  0.951 0.003 0.003 0.004 0.008 0.003 0.004 0.003 0.005 0.003 0.005 0.008 
302 TMA-ZAIN-G-    (9)    1 :  0.961 0.003 0.002 0.004 0.003 0.003 0.004 0.003 0.004 0.003 0.004 0.007 
303 TMA-ZAIN-G-    (0)    1 :  0.012 0.030 0.015 0.012 0.014 0.043 0.467 0.012 0.034 0.014 0.127 0.221 
304 TMA-ZAIN-G-    (0)    2 :  0.032 0.007 0.004 0.007 0.004 0.003 0.008 0.003 0.003 0.004 0.005 0.923 
305 TMA-ZAIN-G-    (0)    2 :  0.956 0.003 0.003 0.004 0.005 0.003 0.004 0.003 0.004 0.003 0.003 0.009 
306 TMA-ZAIN-G-    (0)    2 :  0.575 0.005 0.004 0.006 0.007 0.003 0.209 0.003 0.002 0.009 0.006 0.172 
307 TMA-ZAIN-G-    (0)    2 :  0.076 0.006 0.004 0.012 0.008 0.002 0.005 0.003 0.003 0.003 0.006 0.872 
308 TMA-ZAIN-G-    (0)    2 :  0.004 0.004 0.005 0.002 0.011 0.006 0.029 0.003 0.003 0.004 0.003 0.925 
309 TMA-ZAIN-G-    (0)    2 :  0.958 0.003 0.003 0.004 0.003 0.003 0.003 0.003 0.003 0.002 0.008 0.009 
310 TMA-ZAIN-G-    (0)    2 :  0.905 0.009 0.006 0.004 0.009 0.010 0.009 0.007 0.019 0.005 0.003 0.016 
311 TMA-ZAIN-G-    (0)    2 :  0.839 0.031 0.005 0.003 0.002 0.008 0.015 0.015 0.014 0.008 0.003 0.056 
312 TMA-ZAIN-G-    (0)    2 :  0.910 0.006 0.007 0.003 0.007 0.010 0.006 0.007 0.003 0.009 0.004 0.027 
313 TMA-ZAIN-G-    (0)    2 :  0.275 0.005 0.003 0.008 0.002 0.003 0.010 0.003 0.003 0.013 0.007 0.669 
314 TMA-ZAIN-G-    (0)    2 :  0.022 0.044 0.067 0.006 0.005 0.011 0.745 0.036 0.006 0.005 0.007 0.048 
