

----------------------------------------------------
STRUCTURE by Pritchard, Stephens and Donnelly (2000)
     and Falush, Stephens and Pritchard (2003)
       Code by Pritchard, Falush and Hubisz
             Version 2.3.4 (Jul 2012)
----------------------------------------------------



Command line arguments:   bin\structure -m C:\Users\eschumacher\Documents\GitHub\GCC_QUAC_ZAIN\Data_Files\Structure_Files\ZAIN\ZAIN_wild_rebinned_nopopinfo\50-50\mainparams -e C:\Users\eschumacher\Documents\GitHub\GCC_QUAC_ZAIN\Data_Files\Structure_Files\ZAIN\ZAIN_wild_rebinned_nopopinfo\50-50\extraparams 
Input File:    C:\Users\eschumacher\Documents\GitHub\GCC_QUAC_ZAIN\Data_Files\Structure_Files\ZAIN\ZAIN_wild_rebinned_nopopinfo\project_data

Run parameters:
   751 individuals
   11 loci
   16 populations assumed
   50000 Burn-in period
   50000 Reps


--------------------------------------------
Overall proportion of membership of the
sample in each of the 16 clusters

Inferred Clusters
  1      2      3      4      5      6      7      8      9     10     11     12     13     14     15     16    
0.082  0.038  0.032  0.058  0.058  0.085  0.057  0.065  0.092  0.040  0.092  0.045  0.075  0.058  0.064  0.059  

--------------------------------------------

Allele-freq. divergence among pops (Net nucleotide distance),
computed using point estimates of P.

      1       2       3       4       5       6       7       8       9      10      11      12      13      14      15      16      
 1      -    0.1740  0.2084  0.2226  0.2272  0.1673  0.1365  0.2096  0.2268  0.2394  0.2765  0.3045  0.1915  0.2007  0.2114  0.2591  
 2   0.1740     -    0.1874  0.1709  0.1071  0.1933  0.1624  0.0640  0.2731  0.1694  0.3518  0.1075  0.2668  0.1506  0.1766  0.1096  
 3   0.2084  0.1874     -    0.2920  0.2001  0.1636  0.1943  0.2211  0.2595  0.2312  0.2399  0.3002  0.2787  0.1917  0.2555  0.2144  
 4   0.2226  0.1709  0.2920     -    0.1258  0.2930  0.2127  0.1426  0.3844  0.1192  0.3744  0.1864  0.3961  0.1942  0.3065  0.1625  
 5   0.2272  0.1071  0.2001  0.1258     -    0.2133  0.1500  0.0847  0.2683  0.1074  0.2889  0.0758  0.2772  0.1563  0.2796  0.0151  
 6   0.1673  0.1933  0.1636  0.2930  0.2133     -    0.0755  0.1826  0.1366  0.2367  0.1145  0.2840  0.1246  0.1237  0.2129  0.2116  
 7   0.1365  0.1624  0.1943  0.2127  0.1500  0.0755     -    0.1757  0.0978  0.1924  0.1555  0.1941  0.1144  0.1246  0.2755  0.1601  
 8   0.2096  0.0640  0.2211  0.1426  0.0847  0.1826  0.1757     -    0.2897  0.1486  0.3051  0.1040  0.3136  0.1435  0.1412  0.0835  
 9   0.2268  0.2731  0.2595  0.3844  0.2683  0.1366  0.0978  0.2897     -    0.3050  0.1885  0.2865  0.0984  0.2297  0.3059  0.2651  
10   0.2394  0.1694  0.2312  0.1192  0.1074  0.2367  0.1924  0.1486  0.3050     -    0.3346  0.1618  0.3187  0.2360  0.2587  0.0964  
11   0.2765  0.3518  0.2399  0.3744  0.2889  0.1145  0.1555  0.3051  0.1885  0.3346     -    0.3895  0.2275  0.2708  0.3856  0.3035  
12   0.3045  0.1075  0.3002  0.1864  0.0758  0.2840  0.1941  0.1040  0.2865  0.1618  0.3895     -    0.3393  0.2488  0.2997  0.0574  
13   0.1915  0.2668  0.2787  0.3961  0.2772  0.1246  0.1144  0.3136  0.0984  0.3187  0.2275  0.3393     -    0.2077  0.3157  0.2902  
14   0.2007  0.1506  0.1917  0.1942  0.1563  0.1237  0.1246  0.1435  0.2297  0.2360  0.2708  0.2488  0.2077     -    0.2621  0.1869  
15   0.2114  0.1766  0.2555  0.3065  0.2796  0.2129  0.2755  0.1412  0.3059  0.2587  0.3856  0.2997  0.3157  0.2621     -    0.2716  
16   0.2591  0.1096  0.2144  0.1625  0.0151  0.2116  0.1601  0.0835  0.2651  0.0964  0.3035  0.0574  0.2902  0.1869  0.2716     -    

Average distances (expected heterozygosity) between individuals in same cluster:
cluster  1  : 0.3772 
cluster  2  : 0.3675 
cluster  3  : 0.2372 
cluster  4  : 0.3556 
cluster  5  : 0.3871 
cluster  6  : 0.5261 
cluster  7  : 0.6093 
cluster  8  : 0.4128 
cluster  9  : 0.4664 
cluster 10  : 0.3752 
cluster 11  : 0.4052 
cluster 12  : 0.2750 
cluster 13  : 0.3141 
cluster 14  : 0.3835 
cluster 15  : 0.2130 
cluster 16  : 0.3580 

--------------------------------------------
Estimated Ln Prob of Data   = -13234.6
Mean value of ln likelihood = -12621.5
Variance of ln likelihood   = 1226.1
Mean value of alpha         = 0.0329

Mean value of Fst_1         = 0.4245
Mean value of Fst_2         = 0.5152
Mean value of Fst_3         = 0.6533
Mean value of Fst_4         = 0.4339
Mean value of Fst_5         = 0.3672
Mean value of Fst_6         = 0.1835
Mean value of Fst_7         = 0.1712
Mean value of Fst_8         = 0.3994
Mean value of Fst_9         = 0.4780
Mean value of Fst_10         = 0.4154
Mean value of Fst_11         = 0.4520
Mean value of Fst_12         = 0.5573
Mean value of Fst_13         = 0.5319
Mean value of Fst_14         = 0.4304
Mean value of Fst_15         = 0.6829
Mean value of Fst_16         = 0.3912


Inferred ancestry of individuals:
        Label (%Miss) :  Inferred clusters
  1    ZFB01    (0)   :  0.004 0.003 0.002 0.003 0.003 0.003 0.004 0.003 0.943 0.003 0.006 0.005 0.009 0.003 0.003 0.003 
  2    ZFB02    (0)   :  0.010 0.003 0.007 0.003 0.005 0.006 0.046 0.003 0.850 0.003 0.036 0.003 0.015 0.004 0.002 0.003 
  3    ZFB03    (0)   :  0.005 0.011 0.005 0.002 0.008 0.016 0.013 0.013 0.852 0.003 0.004 0.014 0.018 0.009 0.016 0.011 
  4    ZFB04    (0)   :  0.005 0.003 0.007 0.002 0.005 0.005 0.010 0.003 0.909 0.002 0.028 0.004 0.007 0.003 0.002 0.004 
  5    ZFB05    (0)   :  0.008 0.003 0.043 0.010 0.004 0.046 0.008 0.006 0.715 0.003 0.107 0.002 0.009 0.025 0.010 0.003 
  6    ZFB06    (0)   :  0.008 0.003 0.021 0.012 0.004 0.040 0.008 0.006 0.784 0.003 0.065 0.002 0.010 0.023 0.008 0.003 
  7    ZFB07    (9)   :  0.004 0.004 0.006 0.007 0.006 0.050 0.015 0.005 0.775 0.004 0.007 0.008 0.082 0.014 0.005 0.007 
  8    ZFB08    (0)   :  0.007 0.013 0.009 0.007 0.009 0.005 0.011 0.006 0.844 0.008 0.005 0.011 0.026 0.025 0.004 0.008 
  9    ZFB09    (0)   :  0.004 0.003 0.003 0.002 0.003 0.003 0.006 0.002 0.947 0.003 0.004 0.004 0.007 0.004 0.003 0.003 
 10    ZFB10    (0)   :  0.004 0.008 0.006 0.005 0.012 0.003 0.013 0.006 0.868 0.006 0.006 0.038 0.004 0.004 0.002 0.014 
 11    ZFB11    (0)   :  0.004 0.003 0.004 0.003 0.005 0.003 0.006 0.003 0.936 0.004 0.008 0.007 0.005 0.003 0.002 0.005 
 12    ZFB12    (0)   :  0.004 0.002 0.003 0.003 0.007 0.011 0.015 0.008 0.876 0.004 0.022 0.004 0.005 0.021 0.005 0.009 
 13    ZFB13    (0)   :  0.004 0.009 0.013 0.007 0.010 0.006 0.029 0.006 0.852 0.011 0.006 0.013 0.008 0.011 0.004 0.011 
 14    ZFB14    (0)   :  0.005 0.003 0.005 0.003 0.004 0.003 0.010 0.003 0.933 0.004 0.003 0.006 0.006 0.004 0.003 0.005 
 15    ZFB15    (0)   :  0.003 0.002 0.003 0.002 0.003 0.003 0.005 0.002 0.950 0.002 0.007 0.002 0.007 0.004 0.002 0.003 
 16    ZFB16    (0)   :  0.002 0.006 0.012 0.004 0.007 0.004 0.011 0.005 0.901 0.006 0.009 0.008 0.005 0.008 0.003 0.008 
 17    ZFB17    (0)   :  0.012 0.006 0.025 0.008 0.013 0.007 0.016 0.008 0.841 0.003 0.017 0.006 0.006 0.022 0.002 0.008 
 18    ZFB18    (0)   :  0.005 0.003 0.003 0.003 0.003 0.003 0.007 0.002 0.947 0.003 0.003 0.006 0.005 0.003 0.002 0.003 
 19    ZFB19    (0)   :  0.004 0.015 0.005 0.009 0.024 0.034 0.283 0.014 0.442 0.008 0.006 0.052 0.033 0.030 0.005 0.037 
 20    ZFB20    (0)   :  0.003 0.006 0.021 0.004 0.009 0.006 0.012 0.005 0.877 0.004 0.026 0.007 0.005 0.007 0.002 0.007 
 21    ZFB21    (0)   :  0.003 0.002 0.004 0.002 0.002 0.006 0.004 0.002 0.947 0.003 0.006 0.003 0.007 0.003 0.003 0.003 
 22    ZFB22    (0)   :  0.006 0.006 0.004 0.007 0.007 0.006 0.010 0.008 0.875 0.004 0.035 0.008 0.005 0.009 0.002 0.007 
 23    ZFB23    (0)   :  0.003 0.003 0.005 0.002 0.004 0.004 0.005 0.003 0.938 0.003 0.010 0.006 0.003 0.003 0.003 0.005 
 24    ZFB24    (0)   :  0.004 0.003 0.006 0.002 0.004 0.003 0.004 0.003 0.934 0.004 0.013 0.005 0.005 0.003 0.003 0.005 
 25    ZFB25    (0)   :  0.003 0.004 0.003 0.003 0.007 0.003 0.004 0.005 0.918 0.004 0.004 0.025 0.004 0.003 0.003 0.009 
 26    ZFB26    (0)   :  0.004 0.003 0.010 0.003 0.007 0.005 0.003 0.005 0.905 0.005 0.021 0.010 0.004 0.003 0.003 0.010 
 27    ZFB27    (0)   :  0.003 0.003 0.003 0.002 0.004 0.004 0.004 0.003 0.923 0.003 0.026 0.007 0.004 0.002 0.002 0.005 
 28    ZFB28    (0)   :  0.009 0.004 0.011 0.003 0.008 0.034 0.015 0.006 0.803 0.005 0.067 0.004 0.005 0.015 0.005 0.007 
 29    ZFB29    (0)   :  0.004 0.002 0.007 0.002 0.003 0.004 0.006 0.002 0.942 0.003 0.009 0.003 0.004 0.003 0.002 0.003 
 30    ZFB30    (0)   :  0.003 0.003 0.004 0.017 0.004 0.134 0.009 0.007 0.699 0.004 0.058 0.004 0.021 0.021 0.006 0.004 
 31    ZFB31    (0)   :  0.004 0.005 0.003 0.004 0.008 0.004 0.011 0.005 0.903 0.005 0.006 0.022 0.006 0.003 0.003 0.009 
 32    ZFB32    (0)   :  0.023 0.005 0.020 0.004 0.016 0.030 0.014 0.009 0.764 0.007 0.039 0.006 0.006 0.035 0.006 0.014 
 33    ZFB33    (0)   :  0.003 0.002 0.003 0.002 0.003 0.004 0.004 0.003 0.952 0.002 0.006 0.003 0.006 0.003 0.002 0.003 
 34    ZFB34    (0)   :  0.007 0.004 0.004 0.003 0.003 0.004 0.007 0.003 0.928 0.003 0.004 0.005 0.017 0.004 0.003 0.004 
 35    ZFB35    (0)   :  0.004 0.004 0.006 0.003 0.005 0.004 0.005 0.004 0.922 0.003 0.006 0.005 0.014 0.004 0.004 0.005 
 36  ZFBP101    (0)   :  0.044 0.143 0.083 0.045 0.186 0.006 0.010 0.090 0.007 0.028 0.005 0.067 0.004 0.012 0.016 0.254 
 37  ZFBP102    (0)   :  0.007 0.075 0.022 0.010 0.208 0.006 0.009 0.033 0.009 0.012 0.006 0.013 0.005 0.007 0.004 0.572 
 38  ZFBP103    (0)   :  0.086 0.324 0.039 0.011 0.058 0.006 0.011 0.174 0.006 0.008 0.006 0.122 0.003 0.006 0.029 0.110 
 39  ZFBP104    (0)   :  0.005 0.031 0.007 0.010 0.069 0.015 0.018 0.223 0.016 0.018 0.006 0.372 0.019 0.028 0.010 0.154 
 40  ZFBP105    (0)   :  0.005 0.012 0.006 0.006 0.153 0.006 0.006 0.052 0.005 0.117 0.004 0.047 0.005 0.007 0.013 0.556 
 41  ZFBP106    (0)   :  0.006 0.033 0.014 0.011 0.209 0.003 0.004 0.038 0.003 0.029 0.003 0.139 0.003 0.006 0.020 0.479 
 42  ZFBP107    (0)   :  0.007 0.018 0.046 0.005 0.083 0.022 0.005 0.121 0.008 0.064 0.025 0.233 0.005 0.010 0.018 0.330 
 43  ZFBP108    (0)   :  0.003 0.004 0.004 0.005 0.158 0.003 0.003 0.010 0.003 0.016 0.003 0.063 0.003 0.003 0.006 0.713 
 44  ZFBP109    (0)   :  0.004 0.140 0.004 0.005 0.515 0.003 0.004 0.017 0.003 0.070 0.002 0.096 0.010 0.004 0.005 0.116 
 45  ZFBP110    (0)   :  0.020 0.028 0.029 0.005 0.211 0.014 0.039 0.136 0.033 0.020 0.005 0.014 0.008 0.008 0.080 0.349 
 46  ZFBP111    (0)   :  0.004 0.015 0.005 0.102 0.256 0.004 0.003 0.253 0.002 0.016 0.003 0.033 0.003 0.014 0.010 0.278 
 47  ZFBP112    (0)   :  0.008 0.012 0.009 0.041 0.648 0.004 0.004 0.010 0.003 0.014 0.005 0.017 0.003 0.006 0.009 0.207 
 48  ZFBP113    (0)   :  0.003 0.005 0.003 0.004 0.174 0.003 0.004 0.009 0.003 0.004 0.003 0.101 0.003 0.005 0.003 0.671 
 49  ZFBP114    (0)   :  0.006 0.088 0.012 0.005 0.110 0.005 0.003 0.018 0.003 0.241 0.006 0.010 0.006 0.003 0.004 0.481 
 50  ZFBP115    (0)   :  0.010 0.033 0.012 0.019 0.032 0.004 0.003 0.736 0.002 0.032 0.003 0.014 0.002 0.008 0.027 0.064 
 51  ZFBP116    (0)   :  0.004 0.011 0.005 0.006 0.179 0.004 0.004 0.026 0.002 0.006 0.003 0.064 0.003 0.008 0.005 0.669 
 52  ZFBP117    (0)   :  0.010 0.012 0.005 0.010 0.129 0.003 0.005 0.023 0.003 0.077 0.002 0.100 0.003 0.004 0.007 0.608 
 53  ZFBP118    (0)   :  0.004 0.035 0.015 0.007 0.141 0.007 0.003 0.017 0.004 0.064 0.007 0.046 0.003 0.004 0.003 0.639 
 54  ZFBP119    (0)   :  0.027 0.113 0.011 0.021 0.036 0.005 0.007 0.210 0.003 0.415 0.002 0.047 0.005 0.024 0.015 0.060 
 55  ZFBP120    (0)   :  0.004 0.012 0.005 0.005 0.159 0.006 0.006 0.081 0.006 0.057 0.004 0.083 0.007 0.009 0.015 0.543 
 56  ZFBP121    (0)   :  0.009 0.015 0.007 0.005 0.200 0.004 0.006 0.009 0.005 0.077 0.003 0.024 0.005 0.005 0.007 0.618 
 57  ZFBP122    (9)   :  0.004 0.012 0.005 0.010 0.397 0.004 0.004 0.026 0.003 0.015 0.003 0.071 0.003 0.008 0.007 0.427 
 58  ZFBP123    (0)   :  0.006 0.009 0.015 0.007 0.735 0.004 0.004 0.009 0.003 0.006 0.004 0.009 0.003 0.006 0.006 0.175 
 59  ZFBP124    (0)   :  0.007 0.075 0.010 0.006 0.395 0.005 0.005 0.009 0.005 0.110 0.005 0.070 0.020 0.005 0.005 0.269 
 60  ZFBP125    (0)   :  0.009 0.018 0.008 0.027 0.068 0.003 0.004 0.046 0.002 0.089 0.002 0.419 0.002 0.004 0.012 0.285 
 61  ZFBP126    (0)   :  0.013 0.014 0.016 0.006 0.210 0.010 0.019 0.019 0.006 0.007 0.007 0.145 0.004 0.013 0.003 0.509 
 62  ZFBP127    (0)   :  0.012 0.075 0.007 0.005 0.465 0.005 0.003 0.093 0.003 0.017 0.003 0.018 0.005 0.003 0.070 0.217 
 63  ZFBP128    (0)   :  0.021 0.029 0.009 0.032 0.069 0.003 0.004 0.010 0.003 0.010 0.002 0.663 0.004 0.004 0.017 0.119 
 64  ZFBP129    (0)   :  0.010 0.011 0.008 0.130 0.149 0.004 0.006 0.007 0.004 0.122 0.002 0.087 0.008 0.006 0.008 0.436 
 65  ZFBP130    (0)   :  0.034 0.026 0.010 0.074 0.109 0.004 0.004 0.039 0.002 0.040 0.004 0.246 0.002 0.010 0.013 0.384 
 66  ZFBP131    (0)   :  0.004 0.005 0.003 0.005 0.220 0.003 0.004 0.005 0.003 0.023 0.003 0.039 0.004 0.005 0.003 0.672 
 67  ZFBP132    (0)   :  0.004 0.006 0.004 0.004 0.205 0.003 0.004 0.015 0.004 0.031 0.003 0.023 0.003 0.003 0.014 0.677 
 68  ZFBP133    (0)   :  0.006 0.007 0.003 0.029 0.624 0.002 0.004 0.006 0.002 0.007 0.002 0.080 0.003 0.005 0.003 0.216 
 69  ZFBP134    (0)   :  0.024 0.150 0.003 0.010 0.199 0.003 0.005 0.410 0.004 0.010 0.003 0.035 0.004 0.012 0.011 0.118 
 70  ZFBP135    (0)   :  0.128 0.111 0.068 0.013 0.078 0.005 0.020 0.012 0.010 0.024 0.004 0.278 0.006 0.006 0.021 0.214 
 71  ZFBP136    (0)   :  0.022 0.104 0.101 0.039 0.473 0.004 0.004 0.028 0.003 0.010 0.005 0.028 0.003 0.006 0.017 0.152 
 72  ZFBP201    (0)   :  0.004 0.005 0.005 0.004 0.655 0.005 0.005 0.010 0.004 0.005 0.005 0.012 0.004 0.006 0.008 0.264 
 73  ZFBP202    (0)   :  0.005 0.014 0.005 0.011 0.277 0.005 0.005 0.038 0.005 0.054 0.003 0.146 0.009 0.006 0.014 0.404 
 74  ZFBP203    (0)   :  0.004 0.008 0.007 0.011 0.613 0.024 0.012 0.013 0.005 0.012 0.031 0.017 0.005 0.022 0.005 0.210 
 75  ZFBP204    (0)   :  0.017 0.049 0.052 0.032 0.206 0.006 0.006 0.150 0.004 0.184 0.005 0.056 0.005 0.013 0.027 0.188 
 76  ZFBP205    (0)   :  0.005 0.005 0.005 0.007 0.673 0.003 0.004 0.029 0.002 0.090 0.003 0.006 0.003 0.004 0.003 0.158 
 77  ZFBP206    (0)   :  0.005 0.006 0.010 0.007 0.751 0.003 0.003 0.006 0.002 0.005 0.004 0.007 0.004 0.007 0.004 0.177 
 78  ZFBP207    (0)   :  0.014 0.012 0.008 0.007 0.058 0.005 0.008 0.223 0.004 0.526 0.004 0.010 0.004 0.006 0.086 0.025 
 79  ZFBP208    (0)   :  0.003 0.004 0.006 0.004 0.739 0.004 0.004 0.007 0.003 0.005 0.005 0.006 0.003 0.008 0.003 0.196 
 80  ZFBP209    (0)   :  0.007 0.007 0.003 0.037 0.729 0.002 0.004 0.006 0.002 0.011 0.002 0.030 0.003 0.005 0.003 0.149 
 81  ZFBP210    (0)   :  0.003 0.004 0.004 0.005 0.736 0.004 0.003 0.009 0.004 0.006 0.005 0.005 0.003 0.006 0.007 0.196 
 82  ZFBP211    (0)   :  0.004 0.012 0.007 0.005 0.146 0.004 0.003 0.008 0.007 0.202 0.003 0.026 0.007 0.005 0.010 0.550 
 83  ZFBP212    (0)   :  0.003 0.009 0.003 0.006 0.229 0.003 0.003 0.110 0.008 0.028 0.003 0.129 0.005 0.003 0.053 0.404 
 84  ZFBP213    (0)   :  0.009 0.011 0.023 0.007 0.658 0.006 0.004 0.008 0.005 0.014 0.004 0.012 0.012 0.010 0.014 0.205 
 85  ZFBP214    (0)   :  0.030 0.015 0.015 0.018 0.627 0.006 0.007 0.018 0.005 0.012 0.003 0.007 0.010 0.026 0.029 0.172 
 86  ZFBP215    (0)   :  0.006 0.010 0.005 0.008 0.405 0.003 0.004 0.008 0.003 0.013 0.003 0.072 0.004 0.004 0.006 0.447 
 87  ZFBP216    (0)   :  0.005 0.009 0.006 0.005 0.274 0.006 0.005 0.024 0.004 0.018 0.005 0.011 0.004 0.019 0.005 0.601 
 88  ZFBP217    (0)   :  0.005 0.008 0.004 0.071 0.551 0.006 0.005 0.055 0.005 0.014 0.003 0.008 0.005 0.018 0.029 0.213 
 89  ZFBP218    (0)   :  0.004 0.012 0.002 0.013 0.322 0.003 0.003 0.025 0.002 0.146 0.003 0.026 0.008 0.006 0.003 0.420 
 90  ZFBP219    (0)   :  0.003 0.004 0.003 0.004 0.178 0.003 0.003 0.008 0.002 0.004 0.003 0.032 0.003 0.005 0.003 0.740 
 91  ZFBP220    (0)   :  0.021 0.030 0.007 0.035 0.290 0.003 0.004 0.050 0.003 0.014 0.003 0.035 0.003 0.007 0.014 0.483 
 92  ZFBP221    (0)   :  0.004 0.029 0.003 0.008 0.208 0.003 0.003 0.336 0.004 0.122 0.003 0.040 0.010 0.005 0.009 0.214 
 93  ZFBP222    (0)   :  0.006 0.004 0.005 0.005 0.654 0.004 0.006 0.005 0.003 0.008 0.004 0.018 0.004 0.006 0.003 0.264 
 94  ZFBP223    (0)   :  0.009 0.009 0.008 0.009 0.350 0.006 0.007 0.109 0.008 0.049 0.004 0.020 0.006 0.005 0.213 0.187 
 95  ZFBP224    (0)   :  0.005 0.009 0.012 0.004 0.637 0.005 0.005 0.010 0.003 0.007 0.004 0.010 0.007 0.007 0.006 0.270 
 96  ZFBP225    (0)   :  0.013 0.012 0.011 0.235 0.158 0.006 0.006 0.310 0.003 0.013 0.006 0.041 0.003 0.014 0.019 0.152 
 97  ZFBP226    (0)   :  0.003 0.005 0.004 0.004 0.193 0.003 0.003 0.007 0.003 0.012 0.003 0.011 0.003 0.004 0.004 0.736 
 98  ZFBP227    (0)   :  0.005 0.021 0.009 0.006 0.151 0.021 0.015 0.119 0.009 0.015 0.006 0.013 0.018 0.120 0.009 0.464 
 99  ZFBP228    (0)   :  0.017 0.077 0.005 0.008 0.116 0.004 0.004 0.194 0.004 0.120 0.003 0.045 0.005 0.004 0.073 0.319 
100  ZFBP229    (0)   :  0.008 0.009 0.004 0.040 0.179 0.004 0.006 0.052 0.002 0.051 0.003 0.143 0.003 0.008 0.006 0.483 
101  ZFBP230    (0)   :  0.028 0.035 0.008 0.035 0.339 0.004 0.005 0.054 0.003 0.021 0.003 0.015 0.003 0.009 0.011 0.427 
102  ZFBP231    (0)   :  0.005 0.036 0.027 0.006 0.093 0.008 0.007 0.026 0.007 0.600 0.005 0.060 0.011 0.013 0.009 0.088 
103  ZFBP232    (0)   :  0.004 0.008 0.004 0.007 0.179 0.003 0.003 0.008 0.003 0.132 0.003 0.026 0.003 0.004 0.004 0.609 
104  ZFBP233    (0)   :  0.004 0.052 0.008 0.019 0.616 0.005 0.005 0.033 0.008 0.035 0.003 0.058 0.009 0.009 0.009 0.127 
105   ZFCC01    (0)   :  0.915 0.004 0.008 0.004 0.006 0.004 0.004 0.003 0.005 0.004 0.005 0.003 0.019 0.005 0.005 0.005 
106   ZFCC03    (0)   :  0.935 0.004 0.006 0.004 0.004 0.003 0.004 0.003 0.003 0.003 0.003 0.004 0.007 0.003 0.009 0.004 
107   ZFCC04    (0)   :  0.925 0.004 0.012 0.005 0.006 0.004 0.004 0.004 0.004 0.003 0.004 0.003 0.006 0.005 0.006 0.004 
108   ZFCC05    (0)   :  0.847 0.008 0.044 0.007 0.009 0.007 0.005 0.008 0.006 0.004 0.005 0.005 0.012 0.010 0.017 0.007 
109   ZFCC08    (0)   :  0.846 0.033 0.010 0.021 0.017 0.003 0.005 0.007 0.002 0.014 0.003 0.008 0.008 0.009 0.005 0.010 
110   ZFCC09    (0)   :  0.936 0.006 0.006 0.003 0.003 0.004 0.003 0.003 0.003 0.006 0.003 0.003 0.009 0.003 0.006 0.003 
111   ZFCC10    (0)   :  0.908 0.005 0.009 0.003 0.005 0.004 0.004 0.002 0.004 0.005 0.004 0.003 0.033 0.003 0.004 0.004 
112   ZFCC11    (0)   :  0.914 0.005 0.009 0.004 0.007 0.005 0.004 0.004 0.004 0.004 0.003 0.004 0.012 0.005 0.012 0.005 
113   ZFCC12    (0)   :  0.748 0.010 0.041 0.005 0.009 0.015 0.032 0.008 0.009 0.004 0.056 0.006 0.033 0.008 0.009 0.007 
114   ZFCC13    (0)   :  0.874 0.009 0.007 0.007 0.015 0.006 0.004 0.016 0.004 0.004 0.008 0.008 0.005 0.013 0.009 0.011 
115   ZFCC14    (0)   :  0.875 0.004 0.023 0.008 0.012 0.006 0.008 0.004 0.010 0.008 0.005 0.010 0.009 0.003 0.005 0.010 
116   ZFCC15    (0)   :  0.932 0.004 0.005 0.004 0.004 0.005 0.005 0.004 0.003 0.003 0.005 0.003 0.005 0.009 0.004 0.004 
117   ZFCC16    (0)   :  0.928 0.004 0.016 0.005 0.004 0.004 0.005 0.003 0.005 0.003 0.005 0.003 0.006 0.005 0.003 0.003 
118   ZFCC17    (0)   :  0.895 0.004 0.039 0.003 0.003 0.005 0.004 0.003 0.006 0.004 0.012 0.002 0.007 0.004 0.006 0.003 
119   ZFCC18    (0)   :  0.920 0.004 0.008 0.006 0.006 0.004 0.004 0.004 0.003 0.003 0.004 0.003 0.010 0.005 0.010 0.005 
120   ZFCC19    (0)   :  0.932 0.003 0.009 0.003 0.003 0.005 0.007 0.004 0.005 0.003 0.008 0.002 0.003 0.007 0.003 0.003 
121   ZFCC20    (0)   :  0.919 0.007 0.012 0.006 0.004 0.004 0.004 0.006 0.004 0.003 0.004 0.003 0.004 0.008 0.008 0.004 
122   ZFCC21    (0)   :  0.584 0.014 0.013 0.022 0.162 0.006 0.043 0.014 0.006 0.006 0.007 0.019 0.006 0.038 0.003 0.057 
123   ZFCC22    (0)   :  0.415 0.100 0.009 0.028 0.253 0.004 0.005 0.028 0.003 0.018 0.005 0.029 0.019 0.007 0.006 0.070 
124   ZFCC26    (0)   :  0.938 0.004 0.009 0.003 0.003 0.003 0.004 0.003 0.004 0.003 0.004 0.003 0.005 0.004 0.004 0.003 
125   ZFCC27    (0)   :  0.944 0.005 0.005 0.003 0.003 0.003 0.003 0.003 0.003 0.003 0.003 0.003 0.004 0.003 0.007 0.003 
126   ZFCC29    (0)   :  0.900 0.006 0.018 0.005 0.006 0.004 0.007 0.005 0.009 0.004 0.005 0.003 0.007 0.011 0.005 0.005 
127   ZFCC30    (0)   :  0.935 0.005 0.007 0.005 0.004 0.004 0.003 0.004 0.003 0.004 0.003 0.003 0.004 0.004 0.011 0.003 
128   ZFCC32    (0)   :  0.907 0.007 0.011 0.005 0.004 0.006 0.004 0.005 0.004 0.005 0.008 0.003 0.009 0.013 0.006 0.004 
129   ZFCC33    (0)   :  0.616 0.006 0.305 0.004 0.004 0.009 0.007 0.004 0.008 0.004 0.004 0.004 0.007 0.005 0.008 0.004 
130   ZFCC34    (0)   :  0.525 0.029 0.047 0.018 0.058 0.006 0.008 0.021 0.026 0.055 0.019 0.029 0.024 0.007 0.054 0.077 
131   ZFCC35    (0)   :  0.944 0.006 0.006 0.004 0.003 0.003 0.003 0.003 0.002 0.005 0.003 0.003 0.004 0.003 0.003 0.003 
132   ZFCC36    (0)   :  0.865 0.006 0.012 0.010 0.019 0.006 0.005 0.010 0.004 0.005 0.015 0.006 0.005 0.017 0.004 0.012 
133   ZFCC37    (0)   :  0.724 0.014 0.036 0.007 0.016 0.017 0.033 0.010 0.009 0.005 0.046 0.007 0.046 0.011 0.008 0.011 
134   ZFCC40    (0)   :  0.913 0.004 0.014 0.004 0.010 0.004 0.005 0.003 0.005 0.004 0.009 0.006 0.008 0.003 0.003 0.006 
135   ZFCC42    (0)   :  0.067 0.006 0.429 0.007 0.006 0.017 0.013 0.009 0.024 0.005 0.349 0.003 0.007 0.004 0.051 0.005 
136   ZFCC44    (0)   :  0.937 0.005 0.011 0.003 0.003 0.004 0.003 0.003 0.003 0.004 0.004 0.003 0.003 0.002 0.009 0.003 
137   ZFCC45    (9)   :  0.833 0.005 0.045 0.004 0.007 0.017 0.008 0.005 0.009 0.004 0.018 0.005 0.017 0.009 0.010 0.006 
138   ZFCC46    (0)   :  0.797 0.027 0.017 0.042 0.023 0.004 0.005 0.023 0.004 0.011 0.005 0.010 0.003 0.008 0.010 0.013 
139   ZFCC47    (0)   :  0.861 0.010 0.008 0.006 0.005 0.005 0.008 0.005 0.006 0.007 0.029 0.003 0.031 0.006 0.006 0.004 
140   ZFCC48    (0)   :  0.683 0.014 0.015 0.031 0.121 0.004 0.017 0.010 0.006 0.007 0.004 0.020 0.005 0.014 0.003 0.046 
141   ZFCC50    (0)   :  0.942 0.004 0.009 0.003 0.003 0.004 0.004 0.003 0.004 0.003 0.005 0.003 0.004 0.004 0.003 0.003 
142   ZFCC51    (0)   :  0.943 0.004 0.004 0.003 0.003 0.003 0.003 0.003 0.004 0.004 0.003 0.003 0.005 0.003 0.010 0.003 
143   ZFCC52    (0)   :  0.796 0.015 0.044 0.017 0.034 0.004 0.005 0.010 0.004 0.012 0.009 0.012 0.004 0.008 0.005 0.020 
144   ZFCC53    (0)   :  0.949 0.004 0.005 0.003 0.003 0.003 0.003 0.003 0.003 0.003 0.003 0.003 0.005 0.003 0.006 0.003 
145  ZFCNS01    (0)   :  0.006 0.005 0.003 0.003 0.007 0.033 0.007 0.068 0.002 0.004 0.017 0.004 0.003 0.042 0.784 0.011 
146  ZFCNS02    (0)   :  0.005 0.004 0.004 0.004 0.003 0.003 0.002 0.005 0.002 0.005 0.002 0.003 0.003 0.003 0.950 0.003 
147  ZFCNS05    (0)   :  0.008 0.008 0.006 0.004 0.007 0.004 0.004 0.006 0.005 0.007 0.003 0.007 0.006 0.006 0.912 0.007 
148  ZFCNS06    (0)   :  0.005 0.005 0.004 0.005 0.003 0.003 0.003 0.004 0.003 0.005 0.002 0.004 0.003 0.003 0.945 0.004 
149  ZFCNS07    (0)   :  0.003 0.003 0.003 0.011 0.004 0.003 0.002 0.008 0.003 0.015 0.002 0.006 0.003 0.003 0.925 0.005 
150  ZFCNS10    (0)   :  0.005 0.008 0.003 0.006 0.008 0.003 0.003 0.035 0.003 0.006 0.004 0.010 0.003 0.003 0.891 0.009 
151  ZFCNS11    (0)   :  0.007 0.004 0.003 0.004 0.005 0.014 0.005 0.026 0.002 0.004 0.010 0.003 0.003 0.021 0.881 0.007 
152  ZFCNS15    (0)   :  0.003 0.017 0.006 0.007 0.010 0.003 0.004 0.027 0.004 0.012 0.003 0.055 0.003 0.005 0.826 0.016 
153  ZFCNS17    (0)   :  0.005 0.004 0.004 0.004 0.003 0.003 0.002 0.005 0.002 0.005 0.002 0.003 0.003 0.003 0.947 0.004 
154  ZFCNS18    (0)   :  0.005 0.011 0.003 0.005 0.008 0.003 0.003 0.021 0.004 0.006 0.003 0.012 0.003 0.003 0.901 0.009 
155  ZFCNS19    (0)   :  0.004 0.004 0.003 0.003 0.003 0.003 0.002 0.004 0.003 0.003 0.002 0.003 0.003 0.003 0.954 0.003 
156  ZFCNS20    (0)   :  0.004 0.010 0.009 0.016 0.009 0.004 0.004 0.012 0.003 0.015 0.003 0.013 0.003 0.005 0.875 0.015 
157  ZFCNS21    (0)   :  0.004 0.007 0.003 0.002 0.003 0.003 0.002 0.005 0.002 0.003 0.002 0.003 0.003 0.003 0.952 0.003 
158  ZFCNS22    (0)   :  0.006 0.010 0.006 0.005 0.009 0.004 0.004 0.012 0.005 0.008 0.002 0.016 0.005 0.005 0.889 0.014 
159  ZFCNS23    (0)   :  0.015 0.004 0.024 0.011 0.009 0.008 0.005 0.006 0.004 0.004 0.010 0.004 0.005 0.009 0.876 0.004 
160  ZFCNS24    (0)   :  0.008 0.019 0.011 0.007 0.006 0.003 0.003 0.009 0.002 0.009 0.003 0.005 0.003 0.004 0.900 0.007 
161  ZFCNS25    (0)   :  0.005 0.010 0.008 0.012 0.009 0.003 0.003 0.011 0.003 0.020 0.003 0.010 0.003 0.004 0.887 0.010 
162  ZFCNS26    (0)   :  0.003 0.005 0.003 0.004 0.003 0.003 0.002 0.012 0.004 0.005 0.002 0.008 0.003 0.003 0.937 0.004 
163  ZFCNS27    (0)   :  0.003 0.015 0.007 0.009 0.011 0.003 0.004 0.094 0.003 0.027 0.003 0.039 0.003 0.004 0.753 0.022 
164  ZFCNS28    (0)   :  0.004 0.005 0.003 0.004 0.003 0.003 0.002 0.004 0.004 0.004 0.002 0.005 0.004 0.003 0.947 0.003 
165  ZFCNS29    (0)   :  0.008 0.008 0.007 0.004 0.008 0.004 0.004 0.009 0.004 0.007 0.002 0.006 0.004 0.005 0.912 0.008 
166  ZFCNS30    (0)   :  0.007 0.011 0.006 0.003 0.005 0.004 0.003 0.008 0.004 0.003 0.002 0.006 0.006 0.005 0.921 0.005 
167  ZFCNS31    (0)   :  0.003 0.004 0.003 0.004 0.003 0.003 0.003 0.008 0.003 0.004 0.002 0.005 0.003 0.003 0.946 0.004 
168  ZFCNS32    (0)   :  0.005 0.015 0.007 0.008 0.006 0.003 0.003 0.011 0.003 0.008 0.003 0.009 0.003 0.005 0.905 0.005 
169  ZFCNS33    (0)   :  0.003 0.003 0.003 0.004 0.003 0.003 0.002 0.006 0.003 0.004 0.002 0.003 0.003 0.003 0.953 0.003 
170  ZFCNS34    (0)   :  0.011 0.009 0.007 0.004 0.005 0.004 0.003 0.006 0.004 0.005 0.003 0.004 0.005 0.005 0.919 0.006 
171  ZFCNS35    (0)   :  0.006 0.017 0.003 0.004 0.009 0.003 0.007 0.015 0.013 0.011 0.002 0.014 0.008 0.003 0.876 0.009 
172  ZFCNS36    (0)   :  0.009 0.014 0.010 0.009 0.006 0.003 0.004 0.007 0.003 0.011 0.003 0.006 0.003 0.005 0.902 0.007 
173  ZFCNS37    (0)   :  0.004 0.181 0.005 0.006 0.005 0.006 0.003 0.035 0.003 0.004 0.002 0.005 0.004 0.004 0.722 0.010 
174  ZFCNS39    (0)   :  0.014 0.014 0.006 0.019 0.007 0.005 0.004 0.032 0.002 0.006 0.003 0.005 0.002 0.013 0.862 0.006 
175  ZFCNS40    (0)   :  0.023 0.255 0.010 0.072 0.007 0.004 0.003 0.047 0.003 0.010 0.003 0.004 0.003 0.006 0.541 0.009 
176  ZFCNS41    (0)   :  0.015 0.379 0.010 0.005 0.022 0.013 0.009 0.149 0.005 0.010 0.008 0.006 0.005 0.020 0.298 0.046 
177  ZFCNS42    (0)   :  0.003 0.005 0.003 0.003 0.003 0.003 0.002 0.007 0.003 0.004 0.002 0.004 0.003 0.003 0.947 0.004 
178  ZFCNS43    (0)   :  0.005 0.005 0.004 0.003 0.003 0.003 0.002 0.005 0.003 0.003 0.002 0.003 0.003 0.003 0.951 0.003 
179  ZFCNS44    (0)   :  0.005 0.019 0.004 0.003 0.009 0.003 0.003 0.020 0.003 0.004 0.003 0.013 0.003 0.003 0.897 0.010 
180  ZFCNS46    (0)   :  0.005 0.008 0.006 0.004 0.006 0.004 0.003 0.013 0.004 0.004 0.002 0.007 0.004 0.005 0.915 0.008 
181  ZFCNS47    (0)   :  0.004 0.005 0.004 0.003 0.003 0.003 0.002 0.005 0.002 0.003 0.002 0.003 0.003 0.003 0.952 0.003 
182  ZFCNS48    (0)   :  0.006 0.016 0.006 0.005 0.016 0.004 0.003 0.063 0.005 0.006 0.004 0.014 0.004 0.004 0.829 0.016 
183  ZFCNS49    (0)   :  0.003 0.011 0.003 0.004 0.009 0.003 0.003 0.142 0.004 0.006 0.003 0.039 0.003 0.003 0.753 0.011 
184   ZFCR01    (0)   :  0.007 0.003 0.003 0.006 0.014 0.063 0.816 0.004 0.007 0.009 0.014 0.007 0.028 0.004 0.003 0.013 
185   ZFCR02    (0)   :  0.022 0.004 0.012 0.008 0.016 0.010 0.847 0.005 0.014 0.022 0.009 0.003 0.004 0.005 0.005 0.012 
186   ZFCR03    (0)   :  0.014 0.005 0.064 0.008 0.031 0.013 0.704 0.005 0.032 0.012 0.057 0.008 0.011 0.014 0.003 0.019 
187   ZFCR04    (0)   :  0.012 0.007 0.005 0.017 0.010 0.065 0.542 0.028 0.167 0.009 0.024 0.024 0.061 0.010 0.009 0.009 
188   ZFCR05    (0)   :  0.012 0.004 0.004 0.004 0.004 0.017 0.899 0.003 0.010 0.003 0.007 0.003 0.014 0.010 0.003 0.004 
189   ZFCR06    (0)   :  0.014 0.006 0.007 0.010 0.014 0.021 0.715 0.041 0.018 0.037 0.005 0.011 0.013 0.006 0.064 0.020 
190   ZFCR07    (0)   :  0.012 0.027 0.064 0.004 0.014 0.148 0.407 0.045 0.053 0.004 0.011 0.010 0.011 0.108 0.069 0.013 
191   ZFCR08    (0)   :  0.069 0.013 0.038 0.044 0.037 0.403 0.151 0.011 0.020 0.005 0.046 0.020 0.107 0.006 0.004 0.026 
192   ZFCR09    (0)   :  0.019 0.021 0.017 0.014 0.062 0.023 0.216 0.033 0.087 0.046 0.327 0.021 0.014 0.020 0.016 0.065 
193   ZFCR11    (0)   :  0.007 0.006 0.004 0.002 0.004 0.018 0.786 0.061 0.026 0.021 0.008 0.005 0.021 0.017 0.011 0.004 
194   ZFCR12    (0)   :  0.009 0.022 0.008 0.014 0.007 0.009 0.690 0.078 0.006 0.009 0.003 0.018 0.005 0.014 0.101 0.007 
195   ZFCR13    (0)   :  0.010 0.010 0.006 0.005 0.014 0.291 0.175 0.009 0.040 0.025 0.004 0.098 0.005 0.262 0.007 0.040 
196   ZFCR14    (0)   :  0.010 0.015 0.006 0.012 0.007 0.015 0.847 0.008 0.015 0.005 0.004 0.012 0.010 0.022 0.006 0.006 
197   ZFCR15    (0)   :  0.010 0.017 0.009 0.029 0.020 0.053 0.720 0.011 0.039 0.008 0.008 0.020 0.018 0.017 0.005 0.017 
198   ZFCR16    (0)   :  0.008 0.004 0.004 0.016 0.022 0.017 0.843 0.006 0.016 0.015 0.004 0.006 0.008 0.008 0.003 0.020 
199   ZFCR18    (0)   :  0.010 0.009 0.030 0.006 0.007 0.013 0.534 0.005 0.325 0.020 0.005 0.003 0.008 0.007 0.006 0.012 
200   ZFCR19    (0)   :  0.011 0.011 0.006 0.041 0.010 0.005 0.764 0.009 0.028 0.015 0.038 0.031 0.006 0.008 0.006 0.009 
201   ZFCR20    (0)   :  0.006 0.007 0.033 0.007 0.049 0.030 0.590 0.007 0.046 0.008 0.017 0.026 0.049 0.065 0.005 0.056 
202   ZFCR21    (0)   :  0.012 0.006 0.007 0.010 0.006 0.011 0.891 0.006 0.004 0.004 0.004 0.004 0.004 0.022 0.003 0.005 
203   ZFCR22    (0)   :  0.006 0.005 0.007 0.014 0.008 0.006 0.871 0.006 0.006 0.006 0.005 0.006 0.002 0.044 0.003 0.006 
204   ZFCR23    (0)   :  0.003 0.008 0.004 0.005 0.044 0.080 0.594 0.029 0.009 0.009 0.025 0.046 0.004 0.055 0.004 0.082 
205   ZFCR24    (9)   :  0.008 0.010 0.011 0.006 0.078 0.081 0.095 0.008 0.085 0.013 0.022 0.309 0.036 0.101 0.003 0.132 
206   ZFCR25    (0)   :  0.005 0.005 0.005 0.004 0.005 0.008 0.918 0.005 0.006 0.003 0.004 0.004 0.009 0.012 0.003 0.004 
207   ZFCR26    (0)   :  0.013 0.012 0.006 0.013 0.010 0.011 0.647 0.007 0.004 0.009 0.042 0.007 0.009 0.196 0.004 0.010 
208   ZFCR27    (9)   :  0.005 0.004 0.003 0.003 0.003 0.301 0.572 0.003 0.012 0.003 0.013 0.004 0.025 0.042 0.003 0.003 
209   ZFCR28    (0)   :  0.009 0.009 0.008 0.037 0.104 0.170 0.504 0.022 0.004 0.029 0.005 0.008 0.006 0.006 0.026 0.052 
210   ZFCR29    (0)   :  0.005 0.004 0.004 0.004 0.005 0.005 0.918 0.004 0.008 0.004 0.006 0.005 0.006 0.015 0.002 0.005 
211   ZFCR30    (0)   :  0.006 0.015 0.008 0.008 0.007 0.011 0.842 0.010 0.006 0.005 0.007 0.008 0.007 0.044 0.010 0.006 
212   ZFCR31    (0)   :  0.010 0.018 0.025 0.015 0.057 0.017 0.333 0.053 0.220 0.032 0.045 0.015 0.016 0.024 0.042 0.077 
213   ZFCR33    (0)   :  0.046 0.015 0.009 0.013 0.016 0.661 0.049 0.017 0.008 0.005 0.038 0.010 0.064 0.028 0.007 0.014 
214   ZFCR34    (0)   :  0.014 0.011 0.004 0.009 0.021 0.047 0.432 0.041 0.134 0.005 0.012 0.020 0.005 0.220 0.008 0.017 
215   ZFCR35    (0)   :  0.010 0.006 0.004 0.004 0.006 0.010 0.818 0.005 0.083 0.004 0.018 0.009 0.010 0.005 0.003 0.006 
216   ZFCR36    (0)   :  0.007 0.005 0.007 0.005 0.009 0.012 0.812 0.013 0.048 0.004 0.015 0.008 0.007 0.021 0.019 0.009 
217   ZFCR37    (0)   :  0.066 0.005 0.015 0.004 0.005 0.112 0.063 0.004 0.053 0.003 0.036 0.004 0.061 0.562 0.004 0.004 
218   ZFCR38    (0)   :  0.046 0.011 0.013 0.013 0.011 0.502 0.239 0.009 0.008 0.006 0.031 0.005 0.056 0.033 0.007 0.009 
219   ZFCR39    (0)   :  0.109 0.007 0.039 0.025 0.079 0.260 0.138 0.015 0.026 0.019 0.196 0.007 0.012 0.008 0.003 0.057 
220   ZFCR40    (0)   :  0.022 0.012 0.006 0.004 0.011 0.091 0.749 0.013 0.010 0.003 0.029 0.012 0.012 0.011 0.004 0.011 
221   ZFCR41    (0)   :  0.024 0.115 0.006 0.013 0.009 0.010 0.699 0.067 0.006 0.004 0.003 0.005 0.007 0.013 0.011 0.010 
222   ZFCR42    (0)   :  0.040 0.023 0.021 0.019 0.022 0.085 0.591 0.028 0.007 0.010 0.020 0.024 0.009 0.062 0.019 0.019 
223   ZFCR43    (0)   :  0.004 0.009 0.004 0.004 0.006 0.016 0.784 0.005 0.022 0.026 0.004 0.078 0.010 0.008 0.005 0.015 
224  ZFENP25    (0)   :  0.025 0.008 0.006 0.011 0.018 0.817 0.031 0.005 0.005 0.003 0.005 0.008 0.036 0.007 0.003 0.011 
225  ZFENP26    (0)   :  0.005 0.005 0.004 0.003 0.003 0.933 0.008 0.004 0.006 0.002 0.009 0.002 0.007 0.004 0.002 0.003 
226  ZFENP27    (0)   :  0.159 0.044 0.043 0.010 0.027 0.303 0.221 0.020 0.016 0.004 0.034 0.016 0.027 0.006 0.050 0.019 
227  ZFENP28    (0)   :  0.013 0.005 0.005 0.004 0.004 0.855 0.029 0.004 0.009 0.005 0.013 0.004 0.025 0.009 0.010 0.004 
228  ZFENP29    (0)   :  0.012 0.006 0.006 0.004 0.004 0.881 0.040 0.004 0.004 0.003 0.006 0.006 0.005 0.008 0.004 0.005 
229  ZFENP30    (0)   :  0.033 0.007 0.101 0.008 0.007 0.762 0.010 0.005 0.007 0.006 0.015 0.004 0.008 0.012 0.010 0.005 
230  ZFENP31    (0)   :  0.013 0.006 0.357 0.004 0.005 0.171 0.011 0.003 0.014 0.011 0.362 0.003 0.020 0.007 0.006 0.006 
231  ZFENP32    (0)   :  0.011 0.016 0.100 0.006 0.021 0.233 0.062 0.015 0.203 0.023 0.223 0.006 0.020 0.012 0.028 0.021 
232  ZFENP33    (0)   :  0.005 0.009 0.036 0.003 0.008 0.790 0.016 0.006 0.012 0.005 0.015 0.007 0.033 0.039 0.005 0.010 
233  ZFENP34    (0)   :  0.020 0.006 0.087 0.004 0.006 0.162 0.023 0.006 0.031 0.007 0.011 0.003 0.608 0.008 0.009 0.008 
234  ZFENP35    (0)   :  0.005 0.011 0.007 0.004 0.009 0.851 0.005 0.017 0.015 0.003 0.022 0.018 0.007 0.008 0.010 0.008 
235  ZFENP36    (0)   :  0.003 0.003 0.008 0.002 0.003 0.917 0.008 0.005 0.010 0.002 0.011 0.002 0.006 0.007 0.010 0.003 
236  ZFENP37    (0)   :  0.009 0.010 0.009 0.003 0.009 0.524 0.007 0.006 0.015 0.004 0.058 0.006 0.295 0.028 0.009 0.008 
237  ZFENP38    (0)   :  0.018 0.009 0.014 0.005 0.007 0.470 0.011 0.009 0.010 0.004 0.024 0.006 0.028 0.362 0.018 0.006 
238  ZFENP39    (0)   :  0.016 0.006 0.006 0.003 0.004 0.753 0.116 0.005 0.013 0.003 0.025 0.006 0.025 0.011 0.005 0.004 
239  ZFENP40    (0)   :  0.008 0.004 0.014 0.004 0.010 0.776 0.066 0.006 0.017 0.007 0.037 0.009 0.018 0.007 0.006 0.014 
240  ZFENP41    (0)   :  0.083 0.013 0.051 0.011 0.008 0.717 0.024 0.006 0.020 0.005 0.016 0.011 0.016 0.006 0.008 0.007 
241  ZFENP42    (0)   :  0.006 0.005 0.010 0.005 0.004 0.781 0.011 0.006 0.003 0.002 0.121 0.003 0.004 0.030 0.003 0.003 
242  ZFENP43    (0)   :  0.025 0.041 0.008 0.005 0.008 0.663 0.023 0.031 0.008 0.006 0.020 0.007 0.034 0.066 0.047 0.009 
243  ZFENP44    (0)   :  0.012 0.010 0.022 0.003 0.008 0.799 0.009 0.012 0.006 0.003 0.056 0.006 0.017 0.021 0.009 0.008 
244  ZFENP45    (0)   :  0.014 0.008 0.018 0.287 0.019 0.425 0.015 0.013 0.007 0.027 0.061 0.015 0.010 0.045 0.008 0.026 
245  ZFENP46    (0)   :  0.003 0.027 0.010 0.005 0.012 0.758 0.014 0.016 0.008 0.007 0.022 0.022 0.035 0.036 0.007 0.019 
246  ZFENP47    (0)   :  0.069 0.007 0.019 0.141 0.010 0.176 0.104 0.004 0.040 0.012 0.368 0.017 0.010 0.005 0.004 0.013 
247  ZFENP48    (0)   :  0.014 0.007 0.264 0.009 0.015 0.079 0.035 0.005 0.013 0.014 0.018 0.005 0.489 0.015 0.006 0.010 
248  ZFENP49    (0)   :  0.007 0.007 0.152 0.013 0.008 0.227 0.476 0.006 0.032 0.010 0.011 0.019 0.005 0.012 0.005 0.009 
249  ZFENP50    (0)   :  0.004 0.004 0.006 0.007 0.039 0.671 0.026 0.019 0.008 0.019 0.049 0.007 0.007 0.067 0.004 0.062 
250  ZFENP51    (0)   :  0.007 0.005 0.034 0.055 0.004 0.405 0.034 0.004 0.035 0.004 0.369 0.004 0.015 0.015 0.006 0.004 
251  ZFENP52    (0)   :  0.009 0.017 0.007 0.005 0.005 0.885 0.007 0.017 0.003 0.004 0.007 0.004 0.004 0.012 0.010 0.005 
252  ZFENP53    (0)   :  0.007 0.011 0.007 0.023 0.033 0.729 0.014 0.018 0.006 0.036 0.014 0.017 0.009 0.023 0.009 0.043 
253  ZFENP54    (0)   :  0.019 0.008 0.029 0.006 0.038 0.193 0.567 0.010 0.020 0.017 0.011 0.006 0.009 0.018 0.005 0.042 
254  ZFENP55    (0)   :  0.004 0.005 0.011 0.004 0.006 0.254 0.056 0.004 0.059 0.005 0.021 0.005 0.029 0.528 0.004 0.006 
255  ZFENP56    (0)   :  0.008 0.015 0.010 0.006 0.004 0.793 0.012 0.007 0.017 0.003 0.018 0.004 0.010 0.080 0.009 0.004 
256  ZFENP57    (0)   :  0.004 0.005 0.013 0.002 0.006 0.808 0.017 0.009 0.014 0.003 0.062 0.003 0.018 0.015 0.014 0.006 
257  ZFENP58    (0)   :  0.020 0.008 0.294 0.114 0.022 0.348 0.075 0.017 0.026 0.008 0.011 0.004 0.005 0.017 0.017 0.012 
258  ZFENP59    (0)   :  0.089 0.007 0.026 0.005 0.005 0.736 0.025 0.004 0.015 0.005 0.047 0.005 0.010 0.008 0.005 0.005 
259  ZFENP60    (0)   :  0.011 0.007 0.006 0.014 0.013 0.758 0.049 0.008 0.037 0.010 0.013 0.013 0.032 0.014 0.006 0.010 
260  ZFENP61    (0)   :  0.018 0.005 0.007 0.003 0.004 0.819 0.067 0.004 0.021 0.003 0.010 0.005 0.018 0.010 0.004 0.004 
261 ZFFDSP01    (0)   :  0.004 0.015 0.004 0.013 0.523 0.003 0.004 0.064 0.006 0.007 0.003 0.144 0.005 0.008 0.017 0.181 
262 ZFFDSP02    (0)   :  0.003 0.006 0.003 0.004 0.013 0.002 0.003 0.006 0.002 0.003 0.002 0.909 0.003 0.004 0.003 0.033 
263 ZFFDSP04    (0)   :  0.004 0.009 0.003 0.012 0.292 0.002 0.004 0.008 0.004 0.007 0.002 0.514 0.004 0.006 0.003 0.125 
264 ZFFDSP05    (0)   :  0.005 0.011 0.003 0.009 0.055 0.006 0.006 0.074 0.003 0.011 0.007 0.686 0.003 0.018 0.005 0.098 
265 ZFFDSP06    (0)   :  0.012 0.087 0.003 0.018 0.335 0.002 0.005 0.011 0.003 0.065 0.002 0.214 0.009 0.005 0.003 0.226 
266 ZFFDSP07    (0)   :  0.011 0.009 0.021 0.043 0.568 0.005 0.005 0.007 0.002 0.015 0.004 0.115 0.004 0.007 0.004 0.181 
267 ZFFDSP08    (0)   :  0.011 0.033 0.033 0.103 0.452 0.005 0.004 0.033 0.003 0.052 0.004 0.071 0.003 0.009 0.013 0.171 
268 ZFFDSP10    (0)   :  0.005 0.022 0.011 0.022 0.261 0.004 0.006 0.020 0.004 0.016 0.004 0.516 0.004 0.008 0.005 0.094 
269 ZFFDSP11    (0)   :  0.004 0.010 0.003 0.009 0.376 0.003 0.005 0.017 0.005 0.014 0.004 0.116 0.004 0.008 0.004 0.418 
270 ZFFDSP12    (0)   :  0.003 0.009 0.005 0.021 0.389 0.003 0.003 0.011 0.002 0.103 0.002 0.029 0.003 0.004 0.004 0.409 
271 ZFFDSP13    (0)   :  0.012 0.140 0.009 0.005 0.074 0.006 0.006 0.491 0.004 0.011 0.004 0.024 0.004 0.011 0.020 0.180 
272 ZFFDSP14    (0)   :  0.007 0.006 0.008 0.023 0.492 0.004 0.004 0.006 0.003 0.009 0.004 0.248 0.004 0.007 0.004 0.172 
273 ZFFDSP16    (0)   :  0.008 0.007 0.004 0.004 0.423 0.006 0.008 0.014 0.006 0.010 0.003 0.019 0.007 0.006 0.014 0.462 
274 ZFFDSP17    (0)   :  0.005 0.017 0.004 0.008 0.503 0.003 0.005 0.018 0.005 0.011 0.002 0.044 0.007 0.009 0.005 0.353 
275 ZFFDSP18    (0)   :  0.005 0.007 0.003 0.012 0.045 0.002 0.004 0.004 0.004 0.011 0.002 0.870 0.006 0.004 0.003 0.017 
276 ZFFDSP19    (0)   :  0.021 0.021 0.004 0.013 0.571 0.003 0.004 0.030 0.004 0.016 0.002 0.050 0.006 0.004 0.093 0.158 
277 ZFFDSP21    (0)   :  0.015 0.036 0.004 0.006 0.325 0.003 0.005 0.225 0.003 0.006 0.002 0.044 0.005 0.004 0.055 0.264 
278 ZFFDSP22    (0)   :  0.005 0.011 0.004 0.089 0.568 0.003 0.004 0.010 0.002 0.023 0.002 0.061 0.003 0.005 0.004 0.206 
279 ZFFDSP23    (0)   :  0.004 0.007 0.003 0.049 0.025 0.002 0.003 0.057 0.002 0.008 0.002 0.802 0.003 0.005 0.006 0.020 
280 ZFFDSP24    (0)   :  0.003 0.012 0.004 0.004 0.010 0.003 0.003 0.007 0.003 0.004 0.003 0.916 0.004 0.005 0.006 0.012 
281 ZFFDSP26    (9)   :  0.004 0.009 0.004 0.010 0.033 0.003 0.004 0.025 0.004 0.012 0.003 0.817 0.003 0.005 0.006 0.058 
282 ZFFDSP27    (0)   :  0.003 0.006 0.003 0.006 0.017 0.003 0.004 0.007 0.003 0.008 0.002 0.891 0.005 0.003 0.005 0.034 
283 ZFFDSP28    (0)   :  0.007 0.012 0.019 0.007 0.024 0.006 0.010 0.010 0.021 0.009 0.013 0.798 0.018 0.012 0.004 0.029 
284 ZFFDSP30    (0)   :  0.005 0.028 0.007 0.007 0.423 0.004 0.006 0.140 0.048 0.006 0.006 0.109 0.007 0.007 0.039 0.156 
285 ZFFDSP31    (0)   :  0.005 0.173 0.005 0.009 0.035 0.005 0.005 0.018 0.003 0.335 0.002 0.310 0.011 0.005 0.007 0.071 
286 ZFFDSP32    (0)   :  0.003 0.007 0.005 0.006 0.418 0.003 0.003 0.013 0.002 0.006 0.003 0.087 0.004 0.004 0.005 0.431 
287 ZFFDSP33    (0)   :  0.002 0.007 0.003 0.007 0.239 0.003 0.003 0.034 0.003 0.015 0.002 0.102 0.004 0.003 0.006 0.567 
