

----------------------------------------------------
STRUCTURE by Pritchard, Stephens and Donnelly (2000)
     and Falush, Stephens and Pritchard (2003)
       Code by Pritchard, Falush and Hubisz
             Version 2.3.4 (Jul 2012)
----------------------------------------------------



Command line arguments:   bin\structure -m C:\Users\eschumacher\Documents\GitHub\GCC_QUAC_ZAIN\Data_Files\Structure_Files\ZAIN\ZAIN_wild_rebinned_nopopinfo\50-50\mainparams -e C:\Users\eschumacher\Documents\GitHub\GCC_QUAC_ZAIN\Data_Files\Structure_Files\ZAIN\ZAIN_wild_rebinned_nopopinfo\50-50\extraparams 
Input File:    C:\Users\eschumacher\Documents\GitHub\GCC_QUAC_ZAIN\Data_Files\Structure_Files\ZAIN\ZAIN_wild_rebinned_nopopinfo\project_data

Run parameters:
   751 individuals
   11 loci
   3 populations assumed
   50000 Burn-in period
   50000 Reps


--------------------------------------------
Overall proportion of membership of the
sample in each of the 3 clusters

Inferred Clusters
  1      2      3    
0.185  0.464  0.351  

--------------------------------------------

Allele-freq. divergence among pops (Net nucleotide distance),
computed using point estimates of P.

      1       2       3      
 1      -    0.1112  0.1080  
 2   0.1112     -    0.1536  
 3   0.1080  0.1536     -    

Average distances (expected heterozygosity) between individuals in same cluster:
cluster  1  : 0.4430 
cluster  2  : 0.5716 
cluster  3  : 0.4597 

--------------------------------------------
Estimated Ln Prob of Data   = -16248.1
Mean value of ln likelihood = -16099.2
Variance of ln likelihood   = 297.9
Mean value of alpha         = 0.0385

Mean value of Fst_1         = 0.3376
Mean value of Fst_2         = 0.1414
Mean value of Fst_3         = 0.2909


Inferred ancestry of individuals:
        Label (%Miss) :  Inferred clusters
  1    ZFB01    (0)   :  0.006 0.988 0.007 
  2    ZFB02    (0)   :  0.007 0.990 0.004 
  3    ZFB03    (0)   :  0.013 0.980 0.007 
  4    ZFB04    (0)   :  0.005 0.991 0.004 
  5    ZFB05    (0)   :  0.009 0.988 0.003 
  6    ZFB06    (0)   :  0.007 0.989 0.004 
  7    ZFB07    (9)   :  0.007 0.982 0.011 
  8    ZFB08    (0)   :  0.008 0.984 0.008 
  9    ZFB09    (0)   :  0.005 0.990 0.005 
 10    ZFB10    (0)   :  0.006 0.979 0.015 
 11    ZFB11    (0)   :  0.005 0.983 0.011 
 12    ZFB12    (0)   :  0.006 0.986 0.008 
 13    ZFB13    (0)   :  0.007 0.984 0.009 
 14    ZFB14    (0)   :  0.007 0.984 0.009 
 15    ZFB15    (0)   :  0.004 0.993 0.003 
 16    ZFB16    (0)   :  0.004 0.992 0.005 
 17    ZFB17    (0)   :  0.005 0.990 0.005 
 18    ZFB18    (0)   :  0.006 0.987 0.006 
 19    ZFB19    (0)   :  0.005 0.971 0.024 
 20    ZFB20    (0)   :  0.004 0.992 0.005 
 21    ZFB21    (0)   :  0.005 0.992 0.004 
 22    ZFB22    (0)   :  0.004 0.991 0.005 
 23    ZFB23    (0)   :  0.007 0.982 0.011 
 24    ZFB24    (0)   :  0.005 0.987 0.008 
 25    ZFB25    (0)   :  0.007 0.956 0.038 
 26    ZFB26    (0)   :  0.007 0.975 0.018 
 27    ZFB27    (0)   :  0.004 0.986 0.010 
 28    ZFB28    (0)   :  0.010 0.983 0.007 
 29    ZFB29    (0)   :  0.006 0.989 0.005 
 30    ZFB30    (0)   :  0.005 0.987 0.007 
 31    ZFB31    (0)   :  0.007 0.967 0.026 
 32    ZFB32    (0)   :  0.027 0.962 0.012 
 33    ZFB33    (0)   :  0.004 0.991 0.005 
 34    ZFB34    (0)   :  0.008 0.986 0.006 
 35    ZFB35    (0)   :  0.008 0.984 0.009 
 36  ZFBP101    (0)   :  0.121 0.019 0.860 
 37  ZFBP102    (0)   :  0.030 0.024 0.946 
 38  ZFBP103    (0)   :  0.338 0.009 0.653 
 39  ZFBP104    (0)   :  0.007 0.073 0.920 
 40  ZFBP105    (0)   :  0.009 0.009 0.982 
 41  ZFBP106    (0)   :  0.012 0.005 0.983 
 42  ZFBP107    (0)   :  0.017 0.018 0.966 
 43  ZFBP108    (0)   :  0.005 0.004 0.991 
 44  ZFBP109    (0)   :  0.006 0.005 0.989 
 45  ZFBP110    (0)   :  0.265 0.032 0.703 
 46  ZFBP111    (0)   :  0.006 0.003 0.991 
 47  ZFBP112    (0)   :  0.010 0.006 0.984 
 48  ZFBP113    (0)   :  0.004 0.005 0.991 
 49  ZFBP114    (0)   :  0.010 0.007 0.983 
 50  ZFBP115    (0)   :  0.015 0.004 0.980 
 51  ZFBP116    (0)   :  0.006 0.005 0.989 
 52  ZFBP117    (0)   :  0.009 0.004 0.987 
 53  ZFBP118    (0)   :  0.008 0.006 0.986 
 54  ZFBP119    (0)   :  0.034 0.005 0.961 
 55  ZFBP120    (0)   :  0.007 0.009 0.984 
 56  ZFBP121    (0)   :  0.012 0.006 0.982 
 57  ZFBP122    (9)   :  0.007 0.005 0.989 
 58  ZFBP123    (0)   :  0.014 0.006 0.979 
 59  ZFBP124    (0)   :  0.008 0.007 0.985 
 60  ZFBP125    (0)   :  0.008 0.003 0.989 
 61  ZFBP126    (0)   :  0.031 0.026 0.944 
 62  ZFBP127    (0)   :  0.015 0.004 0.981 
 63  ZFBP128    (0)   :  0.008 0.004 0.988 
 64  ZFBP129    (0)   :  0.009 0.005 0.986 
 65  ZFBP130    (0)   :  0.009 0.003 0.988 
 66  ZFBP131    (0)   :  0.005 0.006 0.989 
 67  ZFBP132    (0)   :  0.009 0.004 0.987 
 68  ZFBP133    (0)   :  0.006 0.004 0.991 
 69  ZFBP134    (0)   :  0.020 0.004 0.976 
 70  ZFBP135    (0)   :  0.295 0.018 0.687 
 71  ZFBP136    (0)   :  0.074 0.006 0.920 
 72  ZFBP201    (0)   :  0.010 0.008 0.982 
 73  ZFBP202    (0)   :  0.006 0.006 0.988 
 74  ZFBP203    (0)   :  0.006 0.022 0.971 
 75  ZFBP204    (0)   :  0.024 0.006 0.970 
 76  ZFBP205    (0)   :  0.008 0.005 0.987 
 77  ZFBP206    (0)   :  0.013 0.008 0.979 
 78  ZFBP207    (0)   :  0.026 0.004 0.969 
 79  ZFBP208    (0)   :  0.008 0.009 0.983 
 80  ZFBP209    (0)   :  0.006 0.003 0.990 
 81  ZFBP210    (0)   :  0.008 0.008 0.984 
 82  ZFBP211    (0)   :  0.008 0.006 0.986 
 83  ZFBP212    (0)   :  0.006 0.005 0.989 
 84  ZFBP213    (0)   :  0.016 0.010 0.974 
 85  ZFBP214    (0)   :  0.050 0.010 0.940 
 86  ZFBP215    (0)   :  0.008 0.005 0.988 
 87  ZFBP216    (0)   :  0.007 0.012 0.981 
 88  ZFBP217    (0)   :  0.010 0.005 0.985 
 89  ZFBP218    (0)   :  0.004 0.004 0.993 
 90  ZFBP219    (0)   :  0.004 0.005 0.990 
 91  ZFBP220    (0)   :  0.011 0.004 0.985 
 92  ZFBP221    (0)   :  0.005 0.005 0.990 
 93  ZFBP222    (0)   :  0.009 0.007 0.984 
 94  ZFBP223    (0)   :  0.037 0.008 0.956 
 95  ZFBP224    (0)   :  0.008 0.007 0.985 
 96  ZFBP225    (0)   :  0.012 0.005 0.983 
 97  ZFBP226    (0)   :  0.005 0.006 0.989 
 98  ZFBP227    (0)   :  0.011 0.111 0.878 
 99  ZFBP228    (0)   :  0.018 0.005 0.977 
100  ZFBP229    (0)   :  0.007 0.004 0.989 
101  ZFBP230    (0)   :  0.013 0.005 0.982 
102  ZFBP231    (0)   :  0.008 0.006 0.986 
103  ZFBP232    (0)   :  0.006 0.004 0.990 
104  ZFBP233    (0)   :  0.007 0.006 0.987 
105   ZFCC01    (0)   :  0.981 0.013 0.005 
106   ZFCC03    (0)   :  0.989 0.005 0.006 
107   ZFCC04    (0)   :  0.985 0.008 0.006 
108   ZFCC05    (0)   :  0.984 0.009 0.007 
109   ZFCC08    (0)   :  0.972 0.006 0.022 
110   ZFCC09    (0)   :  0.988 0.007 0.005 
111   ZFCC10    (0)   :  0.980 0.013 0.006 
112   ZFCC11    (0)   :  0.989 0.006 0.005 
113   ZFCC12    (0)   :  0.927 0.067 0.006 
114   ZFCC13    (0)   :  0.978 0.009 0.014 
115   ZFCC14    (0)   :  0.974 0.017 0.009 
116   ZFCC15    (0)   :  0.982 0.012 0.006 
117   ZFCC16    (0)   :  0.986 0.010 0.004 
118   ZFCC17    (0)   :  0.985 0.012 0.004 
119   ZFCC18    (0)   :  0.987 0.008 0.006 
120   ZFCC19    (0)   :  0.978 0.018 0.004 
121   ZFCC20    (0)   :  0.989 0.006 0.005 
122   ZFCC21    (0)   :  0.844 0.050 0.106 
123   ZFCC22    (0)   :  0.509 0.017 0.473 
124   ZFCC26    (0)   :  0.987 0.008 0.005 
125   ZFCC27    (0)   :  0.991 0.005 0.004 
126   ZFCC29    (0)   :  0.980 0.015 0.005 
127   ZFCC30    (0)   :  0.992 0.004 0.004 
128   ZFCC32    (0)   :  0.980 0.014 0.006 
129   ZFCC33    (0)   :  0.986 0.010 0.004 
130   ZFCC34    (0)   :  0.957 0.015 0.028 
131   ZFCC35    (0)   :  0.989 0.005 0.006 
132   ZFCC36    (0)   :  0.967 0.017 0.015 
133   ZFCC37    (0)   :  0.906 0.083 0.011 
134   ZFCC40    (0)   :  0.978 0.014 0.008 
135   ZFCC42    (0)   :  0.584 0.409 0.007 
136   ZFCC44    (0)   :  0.992 0.004 0.004 
137   ZFCC45    (9)   :  0.949 0.046 0.006 
138   ZFCC46    (0)   :  0.977 0.005 0.019 
139   ZFCC47    (0)   :  0.951 0.042 0.007 
140   ZFCC48    (0)   :  0.927 0.015 0.058 
141   ZFCC50    (0)   :  0.987 0.009 0.004 
142   ZFCC51    (0)   :  0.991 0.005 0.004 
143   ZFCC52    (0)   :  0.980 0.008 0.013 
144   ZFCC53    (0)   :  0.991 0.005 0.003 
145  ZFCNS01    (0)   :  0.970 0.009 0.021 
146  ZFCNS02    (0)   :  0.982 0.004 0.014 
147  ZFCNS05    (0)   :  0.971 0.006 0.023 
148  ZFCNS06    (0)   :  0.980 0.005 0.015 
149  ZFCNS07    (0)   :  0.528 0.006 0.466 
150  ZFCNS10    (0)   :  0.890 0.004 0.106 
151  ZFCNS11    (0)   :  0.980 0.005 0.014 
152  ZFCNS15    (0)   :  0.152 0.008 0.841 
153  ZFCNS17    (0)   :  0.983 0.004 0.013 
154  ZFCNS18    (0)   :  0.956 0.005 0.039 
155  ZFCNS19    (0)   :  0.987 0.005 0.008 
156  ZFCNS20    (0)   :  0.834 0.005 0.160 
157  ZFCNS21    (0)   :  0.987 0.005 0.009 
158  ZFCNS22    (0)   :  0.827 0.008 0.166 
159  ZFCNS23    (0)   :  0.978 0.006 0.017 
160  ZFCNS24    (0)   :  0.987 0.004 0.009 
161  ZFCNS25    (0)   :  0.917 0.005 0.078 
162  ZFCNS26    (0)   :  0.638 0.007 0.355 
163  ZFCNS27    (0)   :  0.073 0.007 0.920 
164  ZFCNS28    (0)   :  0.968 0.006 0.025 
165  ZFCNS29    (0)   :  0.980 0.005 0.015 
166  ZFCNS30    (0)   :  0.985 0.005 0.009 
167  ZFCNS31    (0)   :  0.914 0.006 0.080 
168  ZFCNS32    (0)   :  0.953 0.006 0.041 
169  ZFCNS33    (0)   :  0.958 0.005 0.036 
170  ZFCNS34    (0)   :  0.990 0.004 0.006 
171  ZFCNS35    (0)   :  0.966 0.007 0.027 
172  ZFCNS36    (0)   :  0.988 0.004 0.008 
173  ZFCNS37    (0)   :  0.931 0.006 0.063 
174  ZFCNS39    (0)   :  0.982 0.004 0.014 
175  ZFCNS40    (0)   :  0.954 0.004 0.042 
176  ZFCNS41    (0)   :  0.768 0.012 0.220 
177  ZFCNS42    (0)   :  0.927 0.005 0.068 
178  ZFCNS43    (0)   :  0.988 0.005 0.007 
179  ZFCNS44    (0)   :  0.977 0.005 0.018 
180  ZFCNS46    (0)   :  0.967 0.005 0.028 
181  ZFCNS47    (0)   :  0.981 0.005 0.014 
182  ZFCNS48    (0)   :  0.942 0.005 0.053 
183  ZFCNS49    (0)   :  0.156 0.006 0.838 
184   ZFCR01    (0)   :  0.007 0.974 0.019 
185   ZFCR02    (0)   :  0.030 0.897 0.073 
186   ZFCR03    (0)   :  0.010 0.968 0.022 
187   ZFCR04    (0)   :  0.017 0.962 0.021 
188   ZFCR05    (0)   :  0.013 0.979 0.008 
189   ZFCR06    (0)   :  0.110 0.639 0.251 
190   ZFCR07    (0)   :  0.226 0.743 0.030 
191   ZFCR08    (0)   :  0.038 0.908 0.054 
192   ZFCR09    (0)   :  0.044 0.908 0.048 
193   ZFCR11    (0)   :  0.026 0.871 0.103 
194   ZFCR12    (0)   :  0.339 0.557 0.104 
195   ZFCR13    (0)   :  0.015 0.824 0.161 
196   ZFCR14    (0)   :  0.025 0.948 0.027 
197   ZFCR15    (0)   :  0.014 0.959 0.027 
198   ZFCR16    (0)   :  0.008 0.948 0.044 
199   ZFCR18    (0)   :  0.014 0.977 0.009 
200   ZFCR19    (0)   :  0.024 0.891 0.085 
201   ZFCR20    (0)   :  0.012 0.944 0.044 
202   ZFCR21    (0)   :  0.020 0.961 0.019 
203   ZFCR22    (0)   :  0.010 0.957 0.033 
204   ZFCR23    (0)   :  0.005 0.943 0.052 
205   ZFCR24    (9)   :  0.008 0.579 0.413 
206   ZFCR25    (0)   :  0.008 0.983 0.009 
207   ZFCR26    (0)   :  0.029 0.913 0.057 
208   ZFCR27    (9)   :  0.005 0.991 0.004 
209   ZFCR28    (0)   :  0.025 0.532 0.443 
210   ZFCR29    (0)   :  0.007 0.980 0.013 
211   ZFCR30    (0)   :  0.019 0.954 0.027 
212   ZFCR31    (0)   :  0.056 0.837 0.107 
213   ZFCR33    (0)   :  0.069 0.902 0.029 
214   ZFCR34    (0)   :  0.046 0.893 0.061 
215   ZFCR35    (0)   :  0.009 0.985 0.006 
216   ZFCR36    (0)   :  0.017 0.972 0.011 
217   ZFCR37    (0)   :  0.030 0.960 0.010 
218   ZFCR38    (0)   :  0.046 0.936 0.019 
219   ZFCR39    (0)   :  0.030 0.834 0.136 
220   ZFCR40    (0)   :  0.019 0.966 0.014 
221   ZFCR41    (0)   :  0.282 0.612 0.106 
222   ZFCR42    (0)   :  0.139 0.760 0.101 
223   ZFCR43    (0)   :  0.010 0.861 0.129 
224  ZFENP25    (0)   :  0.011 0.977 0.012 
225  ZFENP26    (0)   :  0.007 0.986 0.008 
226  ZFENP27    (0)   :  0.346 0.622 0.032 
227  ZFENP28    (0)   :  0.023 0.969 0.008 
228  ZFENP29    (0)   :  0.015 0.978 0.007 
229  ZFENP30    (0)   :  0.069 0.921 0.010 
230  ZFENP31    (0)   :  0.059 0.928 0.013 
231  ZFENP32    (0)   :  0.040 0.947 0.013 
232  ZFENP33    (0)   :  0.010 0.982 0.008 
233  ZFENP34    (0)   :  0.021 0.973 0.006 
234  ZFENP35    (0)   :  0.011 0.977 0.012 
235  ZFENP36    (0)   :  0.007 0.989 0.004 
236  ZFENP37    (0)   :  0.013 0.980 0.007 
237  ZFENP38    (0)   :  0.069 0.914 0.017 
238  ZFENP39    (0)   :  0.015 0.979 0.006 
239  ZFENP40    (0)   :  0.010 0.983 0.007 
240  ZFENP41    (0)   :  0.086 0.901 0.013 
241  ZFENP42    (0)   :  0.010 0.983 0.007 
242  ZFENP43    (0)   :  0.200 0.766 0.034 
243  ZFENP44    (0)   :  0.039 0.951 0.010 
244  ZFENP45    (0)   :  0.025 0.601 0.374 
245  ZFENP46    (0)   :  0.007 0.978 0.015 
246  ZFENP47    (0)   :  0.020 0.946 0.034 
247  ZFENP48    (0)   :  0.033 0.952 0.015 
248  ZFENP49    (0)   :  0.026 0.952 0.021 
249  ZFENP50    (0)   :  0.007 0.906 0.088 
250  ZFENP51    (0)   :  0.009 0.961 0.030 
251  ZFENP52    (0)   :  0.090 0.879 0.032 
252  ZFENP53    (0)   :  0.018 0.939 0.043 
253  ZFENP54    (0)   :  0.034 0.795 0.171 
254  ZFENP55    (0)   :  0.006 0.987 0.007 
255  ZFENP56    (0)   :  0.023 0.963 0.014 
256  ZFENP57    (0)   :  0.012 0.982 0.006 
257  ZFENP58    (0)   :  0.211 0.690 0.099 
258  ZFENP59    (0)   :  0.064 0.928 0.008 
259  ZFENP60    (0)   :  0.008 0.984 0.008 
260  ZFENP61    (0)   :  0.013 0.983 0.004 
261 ZFFDSP01    (0)   :  0.007 0.005 0.988 
262 ZFFDSP02    (0)   :  0.005 0.004 0.991 
263 ZFFDSP04    (0)   :  0.005 0.005 0.991 
264 ZFFDSP05    (0)   :  0.006 0.005 0.989 
265 ZFFDSP06    (0)   :  0.006 0.004 0.990 
266 ZFFDSP07    (0)   :  0.015 0.007 0.978 
267 ZFFDSP08    (0)   :  0.017 0.005 0.978 
268 ZFFDSP10    (0)   :  0.007 0.005 0.988 
269 ZFFDSP11    (0)   :  0.005 0.006 0.989 
270 ZFFDSP12    (0)   :  0.005 0.004 0.991 
271 ZFFDSP13    (0)   :  0.033 0.007 0.960 
272 ZFFDSP14    (0)   :  0.007 0.006 0.988 
273 ZFFDSP16    (0)   :  0.014 0.008 0.978 
274 ZFFDSP17    (0)   :  0.006 0.005 0.989 
275 ZFFDSP18    (0)   :  0.008 0.006 0.986 
276 ZFFDSP19    (0)   :  0.023 0.005 0.972 
277 ZFFDSP21    (0)   :  0.020 0.004 0.976 
278 ZFFDSP22    (0)   :  0.006 0.003 0.991 
279 ZFFDSP23    (0)   :  0.006 0.004 0.990 
280 ZFFDSP24    (0)   :  0.008 0.005 0.986 
281 ZFFDSP26    (9)   :  0.006 0.005 0.989 
282 ZFFDSP27    (0)   :  0.006 0.006 0.988 
283 ZFFDSP28    (0)   :  0.030 0.081 0.889 
284 ZFFDSP30    (0)   :  0.017 0.009 0.974 
285 ZFFDSP31    (0)   :  0.008 0.005 0.987 
286 ZFFDSP32    (0)   :  0.005 0.004 0.991 
287 ZFFDSP33    (0)   :  0.004 0.004 0.992 
288 ZFFDSP34    (0)   :  0.008 0.004 0.988 
289 ZFFDSP35    (0)   :  0.006 0.005 0.988 
290 ZFFDSP37    (0)   :  0.006 0.005 0.989 
291 ZFFDSP38    (0)   :  0.006 0.005 0.989 
292 ZFFDSP39    (0)   :  0.005 0.004 0.991 
293 ZFFDSP40    (0)   :  0.006 0.005 0.990 
294 ZFFDSP42    (0)   :  0.007 0.004 0.989 
295 ZFFDSP43    (0)   :  0.006 0.004 0.990 
296 ZFFDSP44    (0)   :  0.006 0.006 0.988 
297 ZFFDSP45    (0)   :  0.007 0.005 0.988 
298 ZFFDSP46    (0)   :  0.008 0.005 0.987 
299 ZFFDSP47    (0)   :  0.006 0.004 0.990 
300 ZFFDSP48    (0)   :  0.007 0.005 0.988 
301    ZFI01    (0)   :  0.015 0.979 0.007 
302    ZFI02    (0)   :  0.009 0.981 0.010 
303    ZFI03    (0)   :  0.017 0.978 0.006 
304    ZFI04    (0)   :  0.008 0.987 0.005 
305    ZFI05    (0)   :  0.025 0.966 0.009 
306    ZFI06    (0)   :  0.020 0.959 0.021 
307    ZFI07    (0)   :  0.009 0.985 0.006 
308    ZFI08    (0)   :  0.007 0.988 0.005 
309    ZFI09    (0)   :  0.008 0.986 0.006 
310    ZFI10    (0)   :  0.025 0.961 0.014 
311    ZFI11    (0)   :  0.009 0.986 0.005 
312    ZFI12    (0)   :  0.023 0.969 0.008 
313    ZFI13    (0)   :  0.013 0.981 0.006 
314    ZFI14    (0)   :  0.014 0.968 0.018 
315    ZFI15    (0)   :  0.010 0.984 0.005 
316    ZFI16    (0)   :  0.011 0.984 0.005 
317    ZFI17    (0)   :  0.010 0.984 0.006 
318    ZFI18    (0)   :  0.007 0.989 0.005 
319    ZFI19    (9)   :  0.008 0.988 0.004 
320    ZFI20    (0)   :  0.007 0.985 0.007 
321    ZFI21    (0)   :  0.015 0.957 0.028 
322    ZFI22    (0)   :  0.012 0.980 0.008 
323    ZFI23    (0)   :  0.012 0.982 0.006 
324    ZFI24    (0)   :  0.025 0.968 0.007 
325    ZFI25    (0)   :  0.011 0.980 0.009 
326    ZFI26    (0)   :  0.010 0.985 0.005 
327    ZFI27    (0)   :  0.041 0.950 0.010 
328    ZFK01    (0)   :  0.977 0.012 0.011 
329    ZFK02    (0)   :  0.976 0.014 0.011 
330    ZFK03    (0)   :  0.967 0.023 0.010 
331    ZFK04    (0)   :  0.831 0.159 0.011 
332    ZFK05    (0)   :  0.861 0.133 0.006 
333    ZFK06    (0)   :  0.845 0.146 0.008 
334    ZFK07    (0)   :  0.976 0.013 0.011 
335    ZFK08    (0)   :  0.255 0.730 0.015 
336    ZFK10    (0)   :  0.918 0.072 0.009 
337    ZFK11    (0)   :  0.905 0.087 0.008 
338    ZFK12    (0)   :  0.966 0.013 0.021 
339    ZFK13    (0)   :  0.923 0.021 0.056 
340    ZFK14    (0)   :  0.971 0.010 0.019 
341    ZFK15    (0)   :  0.862 0.103 0.035 
342    ZFK16    (0)   :  0.956 0.011 0.034 
343   ZFLB01    (0)   :  0.006 0.982 0.012 
344   ZFLB02    (0)   :  0.005 0.989 0.006 
345   ZFLB03    (0)   :  0.040 0.950 0.011 
346   ZFLB04    (0)   :  0.084 0.868 0.049 
347   ZFLB05    (0)   :  0.008 0.985 0.007 
348   ZFLB06    (0)   :  0.016 0.973 0.011 
349   ZFLB07    (0)   :  0.087 0.878 0.035 
350   ZFLB08    (0)   :  0.006 0.989 0.005 
351   ZFLB09    (9)   :  0.007 0.985 0.008 
352   ZFLB10    (0)   :  0.009 0.984 0.007 
353   ZFLB11    (0)   :  0.018 0.969 0.013 
354   ZFLB12    (0)   :  0.007 0.988 0.004 
355   ZFLB13    (0)   :  0.011 0.981 0.009 
356  ZFLTI01    (0)   :  0.103 0.005 0.892 
357  ZFLTI02    (0)   :  0.547 0.005 0.448 
358  ZFLTI03    (0)   :  0.052 0.005 0.944 
359  ZFLTI04    (0)   :  0.130 0.008 0.862 
360  ZFLTI05    (0)   :  0.056 0.005 0.939 
361  ZFLTI06    (0)   :  0.010 0.004 0.987 
362  ZFLTI07    (0)   :  0.021 0.006 0.973 
363  ZFLTI08    (0)   :  0.059 0.008 0.933 
364  ZFLTI09    (0)   :  0.019 0.007 0.975 
365  ZFLTI10    (0)   :  0.030 0.005 0.965 
366  ZFLTI11    (0)   :  0.011 0.004 0.985 
367  ZFLTI12    (0)   :  0.032 0.005 0.964 
368  ZFLTI13    (0)   :  0.425 0.007 0.568 
369  ZFLTI14    (0)   :  0.928 0.006 0.066 
370 ZFONF101    (0)   :  0.003 0.004 0.993 
371 ZFONF102    (0)   :  0.004 0.006 0.990 
372 ZFONF103    (0)   :  0.021 0.006 0.974 
373 ZFONF104    (0)   :  0.005 0.003 0.992 
374 ZFONF105    (0)   :  0.006 0.003 0.990 
375 ZFONF106    (0)   :  0.005 0.004 0.991 
376 ZFONF107    (0)   :  0.027 0.053 0.920 
377 ZFONF108    (0)   :  0.029 0.010 0.960 
378 ZFONF109    (9)   :  0.016 0.007 0.977 
379 ZFONF110    (0)   :  0.006 0.003 0.991 
380 ZFONF111    (0)   :  0.009 0.018 0.973 
381 ZFONF112    (0)   :  0.007 0.004 0.989 
382 ZFONF113    (9)   :  0.007 0.004 0.989 
383 ZFONF115    (0)   :  0.009 0.005 0.986 
384 ZFONF116    (0)   :  0.008 0.006 0.987 
385 ZFONF117    (0)   :  0.015 0.005 0.980 
386 ZFONF118    (0)   :  0.011 0.005 0.984 
387 ZFONF119    (0)   :  0.011 0.005 0.984 
388 ZFONF120    (0)   :  0.016 0.006 0.979 
389 ZFONF121    (0)   :  0.006 0.005 0.989 
390 ZFONF122    (0)   :  0.039 0.007 0.954 
391 ZFONF123    (0)   :  0.007 0.014 0.979 
392 ZFONF124    (0)   :  0.009 0.005 0.986 
393 ZFONF125    (0)   :  0.020 0.018 0.962 
394 ZFONF126    (0)   :  0.013 0.005 0.982 
395 ZFONF201    (0)   :  0.093 0.134 0.773 
396 ZFONF202    (0)   :  0.010 0.003 0.987 
397 ZFONF203    (0)   :  0.009 0.008 0.983 
398 ZFONF204    (0)   :  0.172 0.045 0.783 
399 ZFONF206    (0)   :  0.021 0.193 0.787 
400 ZFONF207    (0)   :  0.011 0.008 0.981 
401 ZFONF208    (0)   :  0.017 0.009 0.974 
402 ZFONF209    (0)   :  0.215 0.022 0.763 
403 ZFONF210    (0)   :  0.014 0.003 0.983 
404 ZFONF211    (0)   :  0.018 0.005 0.978 
405 ZFONF212    (0)   :  0.005 0.003 0.992 
406 ZFONF214    (0)   :  0.010 0.004 0.985 
407 ZFONF215    (0)   :  0.007 0.003 0.990 
408 ZFONF216    (0)   :  0.010 0.004 0.986 
409 ZFONF217    (0)   :  0.009 0.004 0.987 
410 ZFONF218    (0)   :  0.005 0.013 0.982 
411 ZFONF219    (0)   :  0.005 0.003 0.992 
412 ZFONF220    (0)   :  0.010 0.004 0.986 
413 ZFONF222    (0)   :  0.011 0.008 0.981 
414 ZFONF223    (0)   :  0.005 0.009 0.986 
415 ZFONF224    (0)   :  0.007 0.004 0.989 
416 ZFONF225    (0)   :  0.007 0.003 0.991 
417 ZFONF226    (0)   :  0.008 0.004 0.987 
418 ZFONF227    (0)   :  0.006 0.003 0.991 
419 ZFONF228    (0)   :  0.005 0.003 0.991 
420 ZFONF230    (0)   :  0.006 0.003 0.991 
421 ZFONF231    (0)   :  0.018 0.003 0.979 
422 ZFONF232    (0)   :  0.004 0.004 0.992 
423 ZFONF233    (0)   :  0.013 0.005 0.982 
424 ZFONF234    (0)   :  0.010 0.009 0.981 
425 ZFONF235    (0)   :  0.011 0.004 0.985 
426 ZFONF236    (0)   :  0.080 0.038 0.882 
427 ZFONF238    (0)   :  0.007 0.005 0.987 
428 ZFONF239    (0)   :  0.068 0.043 0.889 
429 ZFONF240    (0)   :  0.017 0.003 0.980 
430 ZFONF241    (0)   :  0.006 0.009 0.984 
431 ZFONF242    (0)   :  0.013 0.005 0.983 
432 ZFONF243    (0)   :  0.013 0.004 0.983 
433 ZFONF244    (0)   :  0.009 0.004 0.988 
434 ZFONF245    (0)   :  0.011 0.004 0.985 
435   ZFOS01    (0)   :  0.966 0.006 0.028 
436   ZFOS02    (0)   :  0.943 0.027 0.029 
437   ZFOS03    (0)   :  0.926 0.059 0.015 
438   ZFOS04    (0)   :  0.931 0.014 0.055 
439   ZFOS05    (0)   :  0.966 0.008 0.026 
440   ZFOS06    (0)   :  0.978 0.009 0.013 
441   ZFOS07    (0)   :  0.974 0.019 0.007 
442   ZFOS08    (0)   :  0.971 0.017 0.012 
443   ZFOS09    (0)   :  0.836 0.064 0.100 
444   ZFOS10    (0)   :  0.943 0.053 0.004 
445   ZFOS11    (0)   :  0.945 0.034 0.021 
446   ZFOS12    (0)   :  0.671 0.295 0.034 
447   ZFOS13    (0)   :  0.967 0.018 0.015 
448   ZFOS14    (0)   :  0.812 0.175 0.014 
449   ZFOS15    (0)   :  0.988 0.008 0.004 
450   ZFOS16    (0)   :  0.957 0.016 0.027 
451   ZFOS17    (0)   :  0.980 0.015 0.006 
452   ZFOS18    (0)   :  0.981 0.013 0.005 
453   ZFOS19    (0)   :  0.984 0.010 0.006 
454   ZFOS20    (0)   :  0.980 0.013 0.007 
455   ZFOS21    (0)   :  0.974 0.010 0.016 
456   ZFOS22    (0)   :  0.985 0.006 0.009 
457   ZFOS23    (0)   :  0.607 0.390 0.003 
458   ZFOS24    (0)   :  0.990 0.005 0.004 
459   ZFOS25    (0)   :  0.957 0.007 0.036 
460   ZFOS26    (0)   :  0.859 0.008 0.133 
461   ZFOS27    (0)   :  0.971 0.008 0.021 
462   ZFOS28    (0)   :  0.961 0.031 0.008 
463   ZFOS29    (0)   :  0.974 0.017 0.009 
464   ZFOS30    (0)   :  0.972 0.011 0.018 
465   ZFOS31    (0)   :  0.745 0.135 0.119 
466   ZFOS32    (0)   :  0.968 0.015 0.016 
467   ZFPB01    (0)   :  0.006 0.990 0.004 
468   ZFPB02    (0)   :  0.007 0.981 0.012 
469   ZFPB03    (0)   :  0.050 0.931 0.018 
470   ZFPB05    (0)   :  0.006 0.987 0.008 
471   ZFPB06    (0)   :  0.012 0.982 0.006 
472   ZFPB07    (0)   :  0.005 0.981 0.014 
473   ZFPB08    (0)   :  0.012 0.976 0.012 
474   ZFPB10    (0)   :  0.008 0.987 0.005 
475   ZFPB11    (0)   :  0.007 0.988 0.006 
476   ZFPB12    (0)   :  0.007 0.987 0.005 
477   ZFPB13    (0)   :  0.005 0.984 0.011 
478   ZFPB14    (0)   :  0.006 0.980 0.014 
479   ZFPB15    (0)   :  0.012 0.970 0.019 
480   ZFPB17    (0)   :  0.006 0.990 0.004 
481   ZFPB18    (0)   :  0.006 0.986 0.008 
482   ZFPB19    (0)   :  0.011 0.980 0.008 
483   ZFPB20    (0)   :  0.004 0.990 0.005 
484   ZFPB21    (0)   :  0.008 0.980 0.013 
485   ZFPB22    (0)   :  0.005 0.991 0.004 
486   ZFPB23    (0)   :  0.005 0.988 0.007 
487   ZFSF01    (0)   :  0.007 0.989 0.004 
488   ZFSF02    (0)   :  0.018 0.960 0.022 
489   ZFSF03    (0)   :  0.005 0.990 0.005 
490   ZFSF04    (0)   :  0.012 0.981 0.008 
491  ZFSW101    (0)   :  0.009 0.890 0.101 
492  ZFSW102    (0)   :  0.011 0.979 0.010 
493  ZFSW103    (0)   :  0.024 0.933 0.043 
494  ZFSW104    (9)   :  0.010 0.980 0.010 
495  ZFSW105    (0)   :  0.012 0.907 0.081 
496  ZFSW106    (0)   :  0.014 0.949 0.037 
497  ZFSW107    (0)   :  0.007 0.984 0.009 
498  ZFSW108    (0)   :  0.006 0.989 0.005 
499  ZFSW109    (0)   :  0.017 0.971 0.011 
500  ZFSW110    (0)   :  0.013 0.947 0.040 
501  ZFSW111    (0)   :  0.027 0.811 0.162 
502  ZFSW112    (0)   :  0.222 0.741 0.037 
503  ZFSW113    (0)   :  0.015 0.939 0.046 
504  ZFSW114    (0)   :  0.010 0.975 0.015 
505  ZFSW115    (0)   :  0.010 0.979 0.011 
506  ZFSW116    (0)   :  0.009 0.960 0.031 
507  ZFSW117    (0)   :  0.018 0.925 0.057 
508  ZFSW119    (0)   :  0.011 0.985 0.005 
509  ZFSW120    (0)   :  0.005 0.992 0.003 
510  ZFSW121    (0)   :  0.007 0.981 0.011 
511  ZFSW122    (0)   :  0.015 0.968 0.017 
512  ZFSW123    (0)   :  0.005 0.989 0.005 
513  ZFSW124    (0)   :  0.010 0.984 0.006 
514  ZFSW201    (0)   :  0.009 0.987 0.004 
515  ZFSW202    (0)   :  0.009 0.985 0.005 
516  ZFSW203    (0)   :  0.010 0.985 0.004 
517  ZFSW204    (0)   :  0.013 0.981 0.005 
518  ZFSW205    (0)   :  0.009 0.984 0.007 
519  ZFSW206    (0)   :  0.008 0.986 0.006 
520  ZFSW207    (0)   :  0.014 0.970 0.016 
521  ZFSW208    (0)   :  0.008 0.985 0.007 
522  ZFSW209    (0)   :  0.007 0.987 0.006 
523  ZFSW210    (0)   :  0.031 0.940 0.028 
524  ZFSW211    (0)   :  0.012 0.979 0.009 
525  ZFSW212    (0)   :  0.013 0.979 0.008 
526  ZFSW213    (0)   :  0.015 0.978 0.008 
527  ZFSW214    (0)   :  0.018 0.973 0.010 
528  ZFSW215    (0)   :  0.009 0.984 0.007 
529  ZFSW216    (0)   :  0.013 0.978 0.009 
530  ZFSW217    (0)   :  0.013 0.982 0.006 
531  ZFSW218    (0)   :  0.013 0.979 0.008 
532  ZFSW219    (0)   :  0.016 0.975 0.008 
533  ZFSW220    (0)   :  0.009 0.984 0.006 
534  ZFSW221    (0)   :  0.012 0.980 0.008 
535  ZFSW222    (0)   :  0.005 0.991 0.004 
536  ZFSW223    (0)   :  0.009 0.986 0.006 
537  ZFSW224    (0)   :  0.012 0.979 0.009 
538  ZFSW225    (0)   :  0.010 0.984 0.006 
539  ZFSW226    (0)   :  0.009 0.981 0.010 
540  ZFSW227    (0)   :  0.009 0.985 0.006 
541  ZFSW229    (0)   :  0.007 0.987 0.006 
542  ZFSW230    (0)   :  0.012 0.971 0.016 
543  ZFSW231    (0)   :  0.009 0.985 0.006 
544  ZFSW232    (0)   :  0.007 0.986 0.007 
545  ZFSW233    (0)   :  0.007 0.985 0.007 
546  ZFSW234    (0)   :  0.008 0.988 0.005 
547  ZFSW235    (0)   :  0.018 0.974 0.008 
548  ZFSW236    (0)   :  0.013 0.978 0.008 
549  ZFSW237    (0)   :  0.018 0.975 0.007 
550  ZFSW238    (0)   :  0.012 0.980 0.008 
551  ZFSW239    (0)   :  0.007 0.985 0.009 
552  ZFSW240    (0)   :  0.007 0.989 0.004 
553   ZFTS01    (0)   :  0.003 0.992 0.004 
554   ZFTS02    (0)   :  0.007 0.986 0.007 
555   ZFTS03    (0)   :  0.006 0.989 0.004 
556   ZFTS04    (0)   :  0.005 0.992 0.004 
557   ZFTS05    (0)   :  0.007 0.988 0.005 
558   ZFTS07    (0)   :  0.004 0.992 0.004 
559   ZFTS08    (0)   :  0.005 0.992 0.003 
560   ZFTS09    (0)   :  0.003 0.994 0.003 
561   ZFTS10    (0)   :  0.005 0.991 0.004 
562   ZFTS11    (0)   :  0.005 0.992 0.004 
563   ZFTS12    (0)   :  0.007 0.989 0.004 
564   ZFTS14    (0)   :  0.005 0.991 0.005 
565   ZFTS15    (0)   :  0.004 0.990 0.006 
566   ZFTS16    (0)   :  0.007 0.987 0.007 
567   ZFTS17    (9)   :  0.007 0.988 0.005 
568   ZFTS18    (0)   :  0.005 0.991 0.003 
569   ZFTS19    (9)   :  0.006 0.990 0.004 
570   ZFTS20    (0)   :  0.006 0.990 0.004 
571   ZFTS21    (0)   :  0.004 0.992 0.004 
572   ZFTS22    (0)   :  0.005 0.992 0.003 
573   ZFTS23    (0)   :  0.008 0.987 0.005 
574   ZFTS24    (0)   :  0.007 0.989 0.004 
575   ZFTS25    (0)   :  0.004 0.990 0.007 
576   ZFTS26    (0)   :  0.004 0.992 0.003 
577   ZFTS27    (0)   :  0.005 0.989 0.006 
578   ZFTS28    (0)   :  0.010 0.979 0.011 
579   ZFTS29    (0)   :  0.005 0.993 0.003 
580   ZFTS30    (0)   :  0.004 0.992 0.004 
581   ZFTS31    (0)   :  0.007 0.988 0.005 
582   ZFTS32    (0)   :  0.006 0.990 0.004 
583   ZFTS33    (0)   :  0.006 0.988 0.006 
584   ZFTS34    (0)   :  0.005 0.989 0.006 
585   ZFTS35    (0)   :  0.006 0.990 0.005 
586   ZFTS36    (0)   :  0.005 0.990 0.005 
587   ZFTS37    (0)   :  0.006 0.989 0.005 
588   ZFTS38    (0)   :  0.007 0.989 0.005 
589   ZFTS39    (0)   :  0.005 0.990 0.005 
590   ZFTS40    (0)   :  0.006 0.981 0.013 
591 ZFTSP101    (0)   :  0.061 0.005 0.933 
592 ZFTSP102    (0)   :  0.941 0.007 0.051 
593 ZFTSP103    (0)   :  0.962 0.005 0.033 
594 ZFTSP104    (0)   :  0.007 0.004 0.990 
595 ZFTSP105    (0)   :  0.726 0.006 0.267 
596 ZFTSP106    (0)   :  0.009 0.005 0.986 
597 ZFTSP107    (0)   :  0.102 0.005 0.893 
598 ZFTSP108    (0)   :  0.031 0.005 0.964 
599 ZFTSP109    (0)   :  0.016 0.007 0.977 
600 ZFTSP110    (0)   :  0.016 0.005 0.979 
601 ZFTSP111    (0)   :  0.023 0.005 0.972 
602 ZFTSP112    (0)   :  0.079 0.006 0.916 
603 ZFTSP113    (0)   :  0.014 0.007 0.979 
604 ZFTSP114    (0)   :  0.038 0.004 0.957 
605 ZFTSP115    (0)   :  0.035 0.004 0.961 
606 ZFTSP116    (0)   :  0.086 0.006 0.908 
607 ZFTSP117    (0)   :  0.010 0.004 0.986 
608 ZFTSP118    (0)   :  0.109 0.005 0.886 
609 ZFTSP119    (0)   :  0.012 0.064 0.924 
610 ZFTSP120    (0)   :  0.040 0.005 0.955 
611 ZFTSP121    (0)   :  0.237 0.035 0.727 
612 ZFTSP122    (0)   :  0.168 0.004 0.827 
613 ZFTSP123    (0)   :  0.007 0.004 0.989 
614 ZFTSP124    (0)   :  0.014 0.004 0.983 
615 ZFTSP125    (0)   :  0.008 0.004 0.988 
616 ZFTSP126    (0)   :  0.017 0.006 0.978 
617 ZFTSP127    (0)   :  0.013 0.004 0.983 
618 ZFTSP128    (0)   :  0.048 0.004 0.947 
619 ZFTSP129    (0)   :  0.030 0.004 0.966 
620 ZFTSP130    (0)   :  0.014 0.004 0.982 
621 ZFTSP131    (0)   :  0.016 0.004 0.981 
622 ZFTSP132    (0)   :  0.042 0.007 0.951 
623 ZFTSP133    (0)   :  0.049 0.004 0.948 
624 ZFTSP134    (0)   :  0.041 0.004 0.955 
625 ZFTSP135    (0)   :  0.047 0.004 0.949 
626 ZFTSP136    (0)   :  0.024 0.005 0.971 
627 ZFTSP137    (0)   :  0.057 0.019 0.923 
628 ZFTSP138    (0)   :  0.023 0.005 0.971 
629 ZFTSP139    (0)   :  0.008 0.004 0.988 
630 ZFTSP140    (0)   :  0.105 0.008 0.887 
631 ZFTSP141    (0)   :  0.151 0.008 0.841 
632 ZFTSP142    (0)   :  0.515 0.006 0.479 
633 ZFTSP143    (0)   :  0.034 0.005 0.961 
634 ZFTSP144    (0)   :  0.177 0.007 0.816 
635 ZFTSP145    (0)   :  0.450 0.004 0.546 
636 ZFTSP201    (9)   :  0.016 0.006 0.978 
637 ZFTSP202    (0)   :  0.202 0.010 0.788 
638 ZFTSP203    (0)   :  0.014 0.006 0.980 
639 ZFTSP204    (0)   :  0.030 0.005 0.965 
640 ZFTSP205    (0)   :  0.084 0.010 0.905 
641 ZFTSP206    (0)   :  0.017 0.007 0.976 
642 ZFTSP207    (0)   :  0.008 0.005 0.987 
643 ZFTSP208    (0)   :  0.015 0.007 0.978 
644 ZFTSP209    (0)   :  0.026 0.004 0.970 
645 ZFTSP210    (0)   :  0.008 0.005 0.987 
646 ZFTSP211    (0)   :  0.051 0.008 0.941 
647 ZFTSP212    (0)   :  0.008 0.003 0.989 
648 ZFTSP213    (0)   :  0.011 0.005 0.985 
649 ZFTSP214    (0)   :  0.866 0.004 0.130 
650 ZFTSP215    (0)   :  0.176 0.005 0.819 
651 ZFTSP216    (0)   :  0.202 0.039 0.759 
652 ZFTSP217    (0)   :  0.007 0.006 0.987 
653 ZFTSP218    (0)   :  0.013 0.007 0.981 
654 ZFTSP219    (0)   :  0.077 0.009 0.913 
655 ZFTSP220    (0)   :  0.045 0.014 0.941 
656 ZFTSP221    (0)   :  0.021 0.006 0.973 
657 ZFTSP222    (0)   :  0.016 0.038 0.946 
658 ZFTSP223    (0)   :  0.017 0.004 0.980 
659 ZFTSP224    (0)   :  0.299 0.004 0.696 
660 ZFTSP225    (0)   :  0.015 0.005 0.980 
661 ZFTSP226    (0)   :  0.144 0.005 0.851 
662 ZFTSP227    (0)   :  0.014 0.010 0.976 
663 ZFTSP228    (0)   :  0.273 0.011 0.716 
664    ZFW01    (0)   :  0.007 0.983 0.010 
665    ZFW02    (0)   :  0.007 0.985 0.008 
666    ZFW03    (0)   :  0.007 0.983 0.010 
667    ZFW04    (0)   :  0.007 0.988 0.004 
668    ZFW05    (0)   :  0.016 0.978 0.006 
669    ZFW06    (0)   :  0.006 0.990 0.004 
670   ZFWB01    (0)   :  0.069 0.781 0.151 
671   ZFWB02    (0)   :  0.021 0.968 0.011 
672   ZFWB03    (0)   :  0.078 0.879 0.043 
673   ZFWB05    (0)   :  0.014 0.899 0.088 
674   ZFWB06    (0)   :  0.037 0.890 0.073 
675   ZFWB07    (0)   :  0.038 0.915 0.046 
676   ZFWB10    (0)   :  0.023 0.847 0.130 
677   ZFWB11    (0)   :  0.033 0.930 0.037 
678   ZFWB12    (0)   :  0.181 0.757 0.062 
679   ZFWB13    (9)   :  0.334 0.541 0.126 
680   ZFWB14    (0)   :  0.038 0.731 0.231 
681   ZFWB15    (9)   :  0.023 0.932 0.044 
682   ZFWB18    (0)   :  0.084 0.734 0.182 
683   ZFWB19    (0)   :  0.012 0.975 0.013 
684   ZFWB20    (0)   :  0.017 0.941 0.042 
685   ZFWB21    (0)   :  0.061 0.898 0.041 
686   ZFWB22    (0)   :  0.045 0.892 0.063 
687   ZFWB23    (0)   :  0.314 0.241 0.445 
688   ZFWB24    (0)   :  0.070 0.675 0.255 
689   ZFWB25    (0)   :  0.016 0.948 0.036 
690   ZFWB26    (0)   :  0.013 0.968 0.019 
691   ZFWB27    (0)   :  0.020 0.957 0.022 
692   ZFWB29    (0)   :  0.018 0.962 0.019 
693   ZFWB30    (0)   :  0.124 0.830 0.046 
694   ZFWB31    (0)   :  0.097 0.751 0.152 
695   ZFWB32    (9)   :  0.016 0.966 0.018 
696   ZFWB35    (0)   :  0.066 0.878 0.055 
697   ZFWB36    (0)   :  0.031 0.951 0.018 
698   ZFWB37    (0)   :  0.046 0.919 0.035 
699   ZFWB38    (0)   :  0.010 0.961 0.029 
700   ZFWB39    (9)   :  0.127 0.798 0.075 
701   ZFWB40    (0)   :  0.125 0.800 0.076 
702   ZFWB41    (9)   :  0.072 0.870 0.057 
703   ZFWB42    (0)   :  0.059 0.826 0.115 
704   ZFWB43    (0)   :  0.024 0.953 0.023 
705   ZFWB44    (0)   :  0.008 0.985 0.007 
706   ZFWB46    (0)   :  0.032 0.936 0.031 
707   ZFWB47    (9)   :  0.021 0.958 0.022 
708   ZFWB48    (0)   :  0.083 0.690 0.227 
709   ZFWB49    (0)   :  0.024 0.457 0.519 
710    ZCF01    (0)   :  0.019 0.974 0.007 
711    ZCF02    (0)   :  0.006 0.989 0.004 
712    ZCF03    (0)   :  0.010 0.979 0.010 
713    ZCF04    (0)   :  0.008 0.979 0.013 
714    ZCF05    (0)   :  0.006 0.990 0.004 
715    ZCF06    (0)   :  0.219 0.728 0.053 
716    ZCF07    (0)   :  0.009 0.985 0.006 
717    ZCF08    (0)   :  0.015 0.969 0.016 
718    ZCF09    (0)   :  0.121 0.423 0.457 
719    ZCF10    (0)   :  0.025 0.939 0.036 
720    ZCF11    (0)   :  0.007 0.982 0.011 
721    ZCF12    (0)   :  0.004 0.990 0.006 
722    ZCF13    (0)   :  0.005 0.978 0.017 
723    ZCF14    (0)   :  0.024 0.942 0.035 
724    ZCF15    (0)   :  0.018 0.973 0.010 
725    ZCF16    (0)   :  0.023 0.969 0.008 
726    ZCF17    (0)   :  0.010 0.984 0.006 
727    ZCF18    (0)   :  0.006 0.976 0.018 
728    ZCF19    (0)   :  0.008 0.986 0.006 
729    ZCF20    (0)   :  0.007 0.982 0.011 
730    ZCF21    (0)   :  0.017 0.970 0.013 
731    ZCF22    (0)   :  0.023 0.963 0.014 
732    ZCF23    (0)   :  0.005 0.983 0.012 
733    ZCF24    (0)   :  0.129 0.706 0.164 
734    ZCF25    (0)   :  0.036 0.917 0.047 
735    ZCF26    (0)   :  0.110 0.852 0.038 
736    ZCF27    (0)   :  0.013 0.980 0.007 
737    ZCF28    (0)   :  0.010 0.985 0.005 
738    ZCF29    (0)   :  0.027 0.943 0.029 
739    ZCF30    (0)   :  0.016 0.977 0.008 
740    ZCF31    (0)   :  0.006 0.983 0.012 
741    ZCF32    (0)   :  0.010 0.978 0.012 
742    ZCF33    (0)   :  0.004 0.991 0.005 
743    ZCF34    (0)   :  0.013 0.569 0.418 
744    ZCF35    (0)   :  0.007 0.971 0.021 
745    ZCF36    (0)   :  0.008 0.978 0.015 
746    ZCF37    (0)   :  0.008 0.981 0.012 
747    ZCF38    (0)   :  0.016 0.955 0.029 
748    ZCF39    (0)   :  0.007 0.071 0.923 
749    ZCF40    (0)   :  0.064 0.868 0.067 
750    ZCF41    (0)   :  0.020 0.974 0.006 
751    ZCF42    (0)   :  0.159 0.821 0.021 


Estimated Allele Frequencies in each cluster
First column gives estimated ancestral frequencies


Locus 1 : 
11 alleles
0.0% missing data
 206   (0.193) 0.361 0.156 0.251 
 204   (0.317) 0.577 0.612 0.627 
 222   (0.050) 0.000 0.077 0.000 
 218   (0.123) 0.038 0.059 0.069 
 216   (0.031) 0.000 0.000 0.006 
 208   (0.047) 0.000 0.002 0.030 
 224   (0.070) 0.020 0.038 0.000 
 220   (0.075) 0.001 0.049 0.016 
 230   (0.029) 0.000 0.002 0.000 
 210   (0.034) 0.001 0.003 0.000 
 202   (0.030) 0.000 0.002 0.000 

Locus 2 : 
5 alleles
0.7% missing data
 179   (0.543) 0.653 0.771 0.427 
 173   (0.313) 0.346 0.179 0.517 
 182   (0.050) 0.001 0.001 0.056 
 170   (0.054) 0.000 0.044 0.000 
 176   (0.040) 0.000 0.005 0.000 

Locus 3 : 
7 alleles
0.0% missing data
 198   (0.461) 0.454 0.536 0.565 
 207   (0.158) 0.002 0.404 0.029 
 216   (0.082) 0.447 0.001 0.104 
 195   (0.143) 0.096 0.015 0.294 
 213   (0.059) 0.000 0.003 0.008 
 210   (0.051) 0.001 0.024 0.000 
 219   (0.047) 0.000 0.016 0.000 

Locus 4 : 
7 alleles
0.0% missing data
 166   (0.317) 0.523 0.381 0.503 
 182   (0.111) 0.101 0.216 0.001 
 178   (0.238) 0.239 0.204 0.420 
 184   (0.172) 0.132 0.175 0.029 
 180   (0.051) 0.000 0.002 0.045 
 186   (0.060) 0.004 0.019 0.000 
 168   (0.050) 0.001 0.003 0.002 

Locus 5 : 
9 alleles
0.0% missing data
 215   (0.393) 0.869 0.591 0.244 
 207   (0.222) 0.116 0.129 0.563 
 225   (0.062) 0.001 0.120 0.000 
 217   (0.089) 0.010 0.137 0.000 
 211   (0.033) 0.000 0.000 0.002 
 205   (0.039) 0.000 0.000 0.105 
 189   (0.078) 0.001 0.012 0.084 
 227   (0.050) 0.003 0.009 0.000 
 223   (0.033) 0.000 0.002 0.000 

Locus 6 : 
2 alleles
1.1% missing data
 205   (0.095) 0.004 0.146 0.000 
 203   (0.905) 0.996 0.854 1.000 

Locus 7 : 
9 alleles
0.3% missing data
 187   (0.154) 0.193 0.490 0.001 
 199   (0.107) 0.001 0.151 0.021 
 189   (0.172) 0.042 0.114 0.131 
 195   (0.253) 0.759 0.116 0.493 
 191   (0.068) 0.001 0.004 0.195 
 183   (0.059) 0.001 0.003 0.028 
 193   (0.083) 0.001 0.017 0.125 
 201   (0.059) 0.000 0.105 0.000 
 197   (0.046) 0.001 0.001 0.004 

Locus 8 : 
8 alleles
0.4% missing data
 213   (0.192) 0.113 0.248 0.286 
 207   (0.134) 0.154 0.227 0.007 
 215   (0.120) 0.061 0.038 0.088 
 209   (0.179) 0.072 0.302 0.128 
 211   (0.163) 0.547 0.064 0.352 
 205   (0.141) 0.052 0.101 0.139 
 217   (0.041) 0.000 0.019 0.000 
 199   (0.030) 0.000 0.002 0.000 

Locus 9 : 
7 alleles
0.3% missing data
 184   (0.112) 0.001 0.531 0.003 
 186   (0.274) 0.115 0.140 0.645 
 188   (0.308) 0.305 0.292 0.129 
 176   (0.116) 0.017 0.011 0.105 
 190   (0.103) 0.561 0.002 0.111 
 182   (0.049) 0.000 0.023 0.000 
 192   (0.038) 0.000 0.000 0.008 

Locus 10 : 
3 alleles
0.0% missing data
 220   (0.176) 0.047 0.431 0.001 
 217   (0.782) 0.913 0.569 0.999 
 223   (0.042) 0.040 0.000 0.000 

Locus 11 : 
6 alleles
0.0% missing data
 205   (0.246) 0.463 0.569 0.004 
 202   (0.227) 0.299 0.081 0.128 
 211   (0.364) 0.237 0.201 0.867 
 208   (0.071) 0.001 0.126 0.000 
 217   (0.049) 0.000 0.016 0.000 
 214   (0.043) 0.000 0.007 0.000 

Values of parameters used in structure:
DATAFILE=C:\Users\eschumacher\Documents\GitHub\GCC_QUAC_ZAIN\Data_Files\Structure_Files\ZAIN\ZAIN_wild_rebinned_nopopinfo\project_data,	OUTFILE=C:\Users\eschumacher\Documents\GitHub\GCC_QUAC_ZAIN\Data_Files\Structure_Files\ZAIN\ZAIN_wild_rebinned_nopopinfo\50-50\Results\50-50_run_12,	NUMINDS=751,	NUMLOCI=11,	MISSING=-9,	LABEL=1,	POPDATA=0,	POPFLAG=0,	PHENOTYPE=0,	EXTRACOLS=0,	MAXPOPS=3,	BURNIN=50000,	NUMREPS=50000,	USEPOPINFO=0,	INFERALPHA=1,	INFERLAMBDA=0,	POPSPECIFICLAMBDA=0,	POPALPHAS=0,	COMPUTEPROB=1,	NOADMIX=0,	ADMBURNIN=2500,	UPDATEFREQ=1,	PRINTLIKES=0,	INTERMEDSAVE=0,	PRINTKLD=0,	PRINTNET=0,	PRINTLAMBDA=0,	ANCESTDIST=0,	NUMBOXES=1000,	ANCESTPINT=0.90000,	GENSBACK=2,	MIGRPRIOR=0.05000,	PRINTQHAT=0,	PRINTQSUM=0,	ALPHA=1.0000,	FREQSCORR=1,	FPRIORMEAN=0.0100,	FPRIORSD=0.0500,	ONEFST=0,	LAMBDA=1.0000,	UNIFPRIORALPHA=1,	ALPHAMAX=10.0000,	ALPHAPRIORA=1.0000,	ALPHAPRIORB=2.0000,	ALPHAPROPSD=0.0250,	STARTATPOPINFO=0,	RANDOMIZE=1,	LINKAGE=0,	METROFREQ=10,	REPORTHITRATE=0,	MARKOVPHASE=-1,	PHASED=0,	PLOIDY=2,	PHASEINFO=0	LOCPRIOR=0, 	LOCPRIORINIT=1.000000, 	LOCDATA=0, 	LOCISPOP=0, 	LOCPRIORSTEP=0.100000, 	MAXLOCPRIOR=20.000000, 	SEED=1660745143,	
[STRAT parameters]:    NUMSIMSTATS=1000,	PHENOTYPECOL=-9,	POOLFREQ=10,	LOCUSxONLY=0,	EMERROR=0.00100,	MISSINGPHENO=-9,	