

----------------------------------------------------
STRUCTURE by Pritchard, Stephens and Donnelly (2000)
     and Falush, Stephens and Pritchard (2003)
       Code by Pritchard, Falush and Hubisz
             Version 2.3.4 (Jul 2012)
----------------------------------------------------



Command line arguments:   bin\structure -m C:\Users\eschumacher\Documents\GitHub\GCC_QUAC_ZAIN\Data_Files\Structure_Files\ZAIN\ZAIN_wild_rebinned_nopopinfo\50-50\mainparams -e C:\Users\eschumacher\Documents\GitHub\GCC_QUAC_ZAIN\Data_Files\Structure_Files\ZAIN\ZAIN_wild_rebinned_nopopinfo\50-50\extraparams 
Input File:    C:\Users\eschumacher\Documents\GitHub\GCC_QUAC_ZAIN\Data_Files\Structure_Files\ZAIN\ZAIN_wild_rebinned_nopopinfo\project_data

Run parameters:
   751 individuals
   11 loci
   11 populations assumed
   50000 Burn-in period
   50000 Reps


--------------------------------------------
Overall proportion of membership of the
sample in each of the 11 clusters

Inferred Clusters
  1      2      3      4      5      6      7      8      9     10     11    
0.090  0.076  0.063  0.103  0.068  0.163  0.071  0.057  0.093  0.034  0.180  

--------------------------------------------

Allele-freq. divergence among pops (Net nucleotide distance),
computed using point estimates of P.

      1       2       3       4       5       6       7       8       9      10      11      
 1      -    0.2072  0.2070  0.2553  0.2011  0.1338  0.2655  0.2052  0.1702  0.1950  0.1735  
 2   0.2072     -    0.1258  0.2753  0.2610  0.1506  0.0404  0.0654  0.0733  0.1974  0.2327  
 3   0.2070  0.1258     -    0.3576  0.2948  0.2114  0.1631  0.1101  0.1331  0.2834  0.3477  
 4   0.2553  0.2753  0.3576     -    0.3620  0.1359  0.3401  0.2925  0.2901  0.2252  0.1639  
 5   0.2011  0.2610  0.2948  0.3620     -    0.2010  0.2751  0.2310  0.1318  0.2469  0.2817  
 6   0.1338  0.1506  0.2114  0.1359  0.2010     -    0.2032  0.1711  0.1233  0.1519  0.0982  
 7   0.2655  0.0404  0.1631  0.3401  0.2751  0.2032     -    0.0843  0.0765  0.2655  0.2661  
 8   0.2052  0.0654  0.1101  0.2925  0.2310  0.1711  0.0843     -    0.1032  0.1960  0.2500  
 9   0.1702  0.0733  0.1331  0.2901  0.1318  0.1233  0.0765  0.1032     -    0.1925  0.2461  
10   0.1950  0.1974  0.2834  0.2252  0.2469  0.1519  0.2655  0.1960  0.1925     -    0.2393  
11   0.1735  0.2327  0.3477  0.1639  0.2817  0.0982  0.2661  0.2500  0.2461  0.2393     -    

Average distances (expected heterozygosity) between individuals in same cluster:
cluster  1  : 0.3975 
cluster  2  : 0.3927 
cluster  3  : 0.3627 
cluster  4  : 0.4212 
cluster  5  : 0.2255 
cluster  6  : 0.5595 
cluster  7  : 0.3156 
cluster  8  : 0.4078 
cluster  9  : 0.4266 
cluster 10  : 0.2419 
cluster 11  : 0.4624 

--------------------------------------------
Estimated Ln Prob of Data   = -13822.9
Mean value of ln likelihood = -13372.0
Variance of ln likelihood   = 901.7
Mean value of alpha         = 0.0334

Mean value of Fst_1         = 0.3970
Mean value of Fst_2         = 0.3303
Mean value of Fst_3         = 0.4040
Mean value of Fst_4         = 0.4363
Mean value of Fst_5         = 0.6453
Mean value of Fst_6         = 0.1524
Mean value of Fst_7         = 0.4541
Mean value of Fst_8         = 0.3374
Mean value of Fst_9         = 0.3768
Mean value of Fst_10         = 0.6315
Mean value of Fst_11         = 0.3842


Inferred ancestry of individuals:
        Label (%Miss) :  Inferred clusters
  1    ZFB01    (0)   :  0.004 0.005 0.003 0.008 0.003 0.004 0.007 0.004 0.004 0.002 0.955 
  2    ZFB02    (0)   :  0.009 0.005 0.003 0.044 0.002 0.006 0.004 0.003 0.003 0.006 0.914 
  3    ZFB03    (0)   :  0.004 0.005 0.003 0.005 0.010 0.007 0.005 0.004 0.006 0.005 0.947 
  4    ZFB04    (0)   :  0.005 0.006 0.003 0.056 0.002 0.005 0.005 0.003 0.003 0.008 0.903 
  5    ZFB05    (0)   :  0.010 0.004 0.012 0.142 0.012 0.065 0.002 0.003 0.007 0.043 0.701 
  6    ZFB06    (0)   :  0.006 0.004 0.015 0.090 0.010 0.064 0.002 0.003 0.006 0.017 0.782 
  7    ZFB07    (9)   :  0.004 0.008 0.004 0.009 0.006 0.008 0.012 0.006 0.006 0.006 0.931 
  8    ZFB08    (0)   :  0.005 0.007 0.006 0.006 0.005 0.012 0.009 0.007 0.006 0.008 0.929 
  9    ZFB09    (0)   :  0.004 0.003 0.003 0.004 0.003 0.005 0.004 0.003 0.003 0.003 0.966 
 10    ZFB10    (0)   :  0.006 0.018 0.006 0.010 0.002 0.005 0.055 0.010 0.009 0.007 0.873 
 11    ZFB11    (0)   :  0.006 0.008 0.003 0.024 0.003 0.004 0.015 0.011 0.004 0.008 0.914 
 12    ZFB12    (0)   :  0.005 0.014 0.004 0.037 0.007 0.026 0.010 0.007 0.009 0.004 0.879 
 13    ZFB13    (0)   :  0.004 0.009 0.007 0.007 0.004 0.012 0.013 0.011 0.007 0.012 0.915 
 14    ZFB14    (0)   :  0.005 0.006 0.003 0.004 0.003 0.004 0.008 0.005 0.003 0.005 0.955 
 15    ZFB15    (0)   :  0.003 0.003 0.002 0.012 0.002 0.004 0.003 0.002 0.003 0.004 0.961 
 16    ZFB16    (0)   :  0.003 0.007 0.004 0.015 0.003 0.008 0.010 0.006 0.006 0.013 0.926 
 17    ZFB17    (0)   :  0.014 0.018 0.010 0.025 0.002 0.019 0.009 0.005 0.011 0.035 0.851 
 18    ZFB18    (0)   :  0.005 0.004 0.003 0.004 0.003 0.004 0.006 0.004 0.003 0.003 0.962 
 19    ZFB19    (0)   :  0.004 0.029 0.007 0.007 0.005 0.022 0.061 0.016 0.018 0.006 0.826 
 20    ZFB20    (0)   :  0.003 0.008 0.004 0.036 0.003 0.009 0.008 0.005 0.005 0.018 0.901 
 21    ZFB21    (0)   :  0.003 0.003 0.002 0.009 0.004 0.006 0.003 0.003 0.003 0.004 0.961 
 22    ZFB22    (0)   :  0.007 0.013 0.010 0.055 0.003 0.011 0.015 0.006 0.011 0.006 0.864 
 23    ZFB23    (0)   :  0.005 0.007 0.003 0.036 0.005 0.006 0.012 0.009 0.004 0.011 0.901 
 24    ZFB24    (0)   :  0.004 0.007 0.003 0.052 0.003 0.006 0.010 0.009 0.004 0.011 0.891 
 25    ZFB25    (0)   :  0.004 0.018 0.004 0.006 0.003 0.003 0.061 0.008 0.008 0.003 0.881 
 26    ZFB26    (0)   :  0.005 0.016 0.004 0.081 0.004 0.005 0.036 0.018 0.007 0.023 0.802 
 27    ZFB27    (0)   :  0.005 0.007 0.003 0.103 0.002 0.005 0.013 0.007 0.005 0.004 0.846 
 28    ZFB28    (0)   :  0.011 0.011 0.003 0.127 0.006 0.032 0.008 0.008 0.007 0.015 0.773 
 29    ZFB29    (0)   :  0.006 0.004 0.002 0.025 0.002 0.005 0.004 0.005 0.002 0.018 0.925 
 30    ZFB30    (0)   :  0.004 0.005 0.013 0.210 0.010 0.041 0.006 0.006 0.010 0.005 0.690 
 31    ZFB31    (0)   :  0.005 0.012 0.004 0.006 0.003 0.005 0.039 0.008 0.006 0.003 0.908 
 32    ZFB32    (0)   :  0.027 0.026 0.005 0.072 0.010 0.042 0.012 0.012 0.011 0.029 0.754 
 33    ZFB33    (0)   :  0.003 0.004 0.002 0.012 0.003 0.004 0.004 0.003 0.003 0.003 0.958 
 34    ZFB34    (0)   :  0.006 0.004 0.003 0.004 0.003 0.004 0.004 0.003 0.003 0.003 0.962 
 35    ZFB35    (0)   :  0.005 0.007 0.003 0.009 0.004 0.005 0.008 0.005 0.005 0.006 0.944 
 36  ZFBP101    (0)   :  0.055 0.346 0.033 0.007 0.019 0.009 0.154 0.057 0.194 0.116 0.009 
 37  ZFBP102    (0)   :  0.012 0.368 0.016 0.011 0.005 0.012 0.164 0.148 0.214 0.038 0.013 
 38  ZFBP103    (0)   :  0.142 0.068 0.010 0.006 0.026 0.007 0.241 0.010 0.434 0.049 0.007 
 39  ZFBP104    (0)   :  0.004 0.032 0.008 0.011 0.009 0.038 0.634 0.027 0.199 0.006 0.033 
 40  ZFBP105    (0)   :  0.006 0.171 0.005 0.005 0.016 0.008 0.275 0.426 0.072 0.009 0.007 
 41  ZFBP106    (0)   :  0.008 0.162 0.011 0.003 0.022 0.004 0.603 0.131 0.041 0.012 0.003 
 42  ZFBP107    (0)   :  0.008 0.039 0.005 0.024 0.016 0.017 0.478 0.210 0.133 0.063 0.006 
 43  ZFBP108    (0)   :  0.003 0.171 0.005 0.003 0.007 0.003 0.741 0.048 0.010 0.005 0.003 
 44  ZFBP109    (0)   :  0.005 0.543 0.005 0.002 0.005 0.004 0.166 0.217 0.041 0.004 0.007 
 45  ZFBP110    (0)   :  0.032 0.548 0.005 0.007 0.090 0.020 0.063 0.040 0.118 0.047 0.029 
 46  ZFBP111    (0)   :  0.004 0.354 0.127 0.003 0.011 0.006 0.178 0.053 0.257 0.005 0.003 
 47  ZFBP112    (0)   :  0.009 0.882 0.029 0.004 0.008 0.004 0.028 0.014 0.009 0.009 0.003 
 48  ZFBP113    (0)   :  0.003 0.328 0.004 0.003 0.003 0.004 0.632 0.007 0.009 0.004 0.003 
 49  ZFBP114    (0)   :  0.004 0.059 0.006 0.005 0.005 0.004 0.048 0.802 0.054 0.010 0.003 
 50  ZFBP115    (0)   :  0.008 0.039 0.014 0.003 0.016 0.005 0.031 0.058 0.816 0.008 0.002 
 51  ZFBP116    (0)   :  0.004 0.245 0.006 0.004 0.006 0.005 0.687 0.014 0.020 0.006 0.003 
 52  ZFBP117    (0)   :  0.014 0.148 0.010 0.002 0.009 0.005 0.494 0.280 0.026 0.007 0.004 
 53  ZFBP118    (0)   :  0.004 0.065 0.011 0.007 0.004 0.006 0.270 0.563 0.048 0.017 0.004 
 54  ZFBP119    (0)   :  0.034 0.041 0.020 0.002 0.018 0.008 0.046 0.619 0.195 0.013 0.004 
 55  ZFBP120    (0)   :  0.005 0.193 0.006 0.005 0.019 0.010 0.460 0.201 0.085 0.008 0.008 
 56  ZFBP121    (0)   :  0.010 0.357 0.005 0.003 0.009 0.005 0.166 0.415 0.017 0.008 0.006 
 57  ZFBP122    (9)   :  0.005 0.474 0.010 0.003 0.007 0.004 0.439 0.029 0.021 0.006 0.003 
 58  ZFBP123    (0)   :  0.007 0.905 0.011 0.004 0.006 0.004 0.017 0.012 0.011 0.021 0.003 
 59  ZFBP124    (0)   :  0.007 0.425 0.005 0.005 0.005 0.004 0.152 0.353 0.021 0.010 0.013 
 60  ZFBP125    (0)   :  0.007 0.028 0.014 0.002 0.008 0.004 0.741 0.164 0.022 0.006 0.003 
 61  ZFBP126    (0)   :  0.016 0.302 0.006 0.010 0.003 0.017 0.589 0.011 0.016 0.022 0.009 
 62  ZFBP127    (0)   :  0.017 0.528 0.004 0.003 0.094 0.004 0.149 0.070 0.120 0.008 0.003 
 63  ZFBP128    (0)   :  0.019 0.079 0.038 0.002 0.018 0.003 0.797 0.014 0.017 0.010 0.003 
 64  ZFBP129    (0)   :  0.012 0.192 0.132 0.003 0.009 0.006 0.300 0.322 0.007 0.010 0.006 
 65  ZFBP130    (0)   :  0.029 0.074 0.072 0.003 0.015 0.004 0.654 0.091 0.045 0.011 0.002 
 66  ZFBP131    (0)   :  0.004 0.338 0.005 0.003 0.003 0.004 0.557 0.074 0.005 0.003 0.004 
 67  ZFBP132    (0)   :  0.005 0.346 0.004 0.003 0.025 0.004 0.330 0.256 0.019 0.005 0.005 
 68  ZFBP133    (0)   :  0.006 0.677 0.025 0.002 0.003 0.003 0.261 0.008 0.007 0.003 0.003 
 69  ZFBP134    (0)   :  0.026 0.180 0.011 0.003 0.011 0.004 0.068 0.013 0.678 0.003 0.004 
 70  ZFBP135    (0)   :  0.199 0.135 0.011 0.004 0.022 0.007 0.458 0.047 0.026 0.081 0.010 
 71  ZFBP136    (0)   :  0.033 0.624 0.036 0.005 0.018 0.005 0.059 0.039 0.080 0.099 0.003 
 72  ZFBP201    (0)   :  0.004 0.937 0.004 0.004 0.006 0.004 0.019 0.006 0.007 0.004 0.004 
 73  ZFBP202    (0)   :  0.005 0.410 0.011 0.003 0.016 0.006 0.368 0.129 0.038 0.007 0.008 
 74  ZFBP203    (0)   :  0.005 0.815 0.016 0.041 0.005 0.029 0.043 0.020 0.012 0.008 0.007 
 75  ZFBP204    (0)   :  0.015 0.225 0.026 0.005 0.023 0.008 0.088 0.438 0.125 0.042 0.004 
 76  ZFBP205    (0)   :  0.006 0.786 0.007 0.003 0.003 0.004 0.014 0.142 0.025 0.007 0.003 
 77  ZFBP206    (0)   :  0.006 0.927 0.011 0.004 0.004 0.004 0.013 0.008 0.006 0.013 0.003 
 78  ZFBP207    (0)   :  0.014 0.057 0.008 0.004 0.127 0.005 0.010 0.605 0.156 0.009 0.004 
 79  ZFBP208    (0)   :  0.004 0.948 0.005 0.006 0.003 0.004 0.008 0.006 0.006 0.007 0.003 
 80  ZFBP209    (0)   :  0.008 0.752 0.049 0.002 0.003 0.003 0.142 0.027 0.007 0.003 0.003 
 81  ZFBP210    (0)   :  0.004 0.947 0.006 0.004 0.006 0.004 0.009 0.006 0.006 0.004 0.004 
 82  ZFBP211    (0)   :  0.005 0.086 0.004 0.003 0.010 0.004 0.162 0.697 0.014 0.008 0.006 
 83  ZFBP212    (0)   :  0.003 0.299 0.007 0.003 0.067 0.004 0.449 0.071 0.089 0.003 0.007 
 84  ZFBP213    (0)   :  0.008 0.890 0.007 0.004 0.012 0.006 0.020 0.016 0.008 0.022 0.006 
 85  ZFBP214    (0)   :  0.025 0.869 0.017 0.003 0.020 0.010 0.009 0.012 0.015 0.014 0.006 
 86  ZFBP215    (0)   :  0.007 0.492 0.008 0.002 0.006 0.004 0.438 0.025 0.009 0.005 0.004 
 87  ZFBP216    (0)   :  0.005 0.789 0.005 0.005 0.006 0.011 0.089 0.054 0.024 0.007 0.005 
 88  ZFBP217    (0)   :  0.006 0.800 0.077 0.003 0.025 0.009 0.015 0.017 0.040 0.004 0.005 
 89  ZFBP218    (0)   :  0.004 0.498 0.016 0.003 0.003 0.004 0.172 0.252 0.041 0.003 0.004 
 90  ZFBP219    (0)   :  0.003 0.491 0.004 0.004 0.003 0.004 0.469 0.007 0.008 0.004 0.003 
 91  ZFBP220    (0)   :  0.020 0.529 0.040 0.003 0.015 0.005 0.276 0.032 0.069 0.008 0.003 
 92  ZFBP221    (0)   :  0.004 0.243 0.009 0.003 0.011 0.004 0.152 0.125 0.441 0.002 0.005 
 93  ZFBP222    (0)   :  0.007 0.910 0.006 0.004 0.003 0.004 0.042 0.011 0.005 0.005 0.004 
 94  ZFBP223    (0)   :  0.009 0.522 0.009 0.004 0.223 0.005 0.041 0.094 0.078 0.008 0.007 
 95  ZFBP224    (0)   :  0.004 0.935 0.004 0.003 0.006 0.005 0.014 0.008 0.008 0.009 0.004 
 96  ZFBP225    (0)   :  0.011 0.297 0.256 0.007 0.023 0.006 0.123 0.020 0.244 0.009 0.003 
 97  ZFBP226    (0)   :  0.004 0.591 0.005 0.004 0.005 0.004 0.248 0.120 0.010 0.005 0.004 
 98  ZFBP227    (0)   :  0.007 0.383 0.007 0.014 0.011 0.120 0.194 0.063 0.165 0.013 0.025 
 99  ZFBP228    (0)   :  0.017 0.130 0.008 0.003 0.089 0.005 0.179 0.248 0.312 0.005 0.005 
100  ZFBP229    (0)   :  0.008 0.196 0.025 0.003 0.005 0.005 0.651 0.075 0.026 0.003 0.003 
101  ZFBP230    (0)   :  0.026 0.675 0.026 0.003 0.012 0.006 0.087 0.058 0.095 0.009 0.003 
102  ZFBP231    (0)   :  0.005 0.057 0.005 0.005 0.008 0.007 0.044 0.821 0.019 0.022 0.007 
103  ZFBP232    (0)   :  0.005 0.124 0.008 0.003 0.004 0.003 0.256 0.580 0.008 0.006 0.003 
104  ZFBP233    (0)   :  0.005 0.738 0.018 0.004 0.007 0.006 0.083 0.095 0.029 0.008 0.007 
105   ZFCC01    (0)   :  0.946 0.006 0.004 0.006 0.005 0.005 0.003 0.004 0.004 0.008 0.010 
106   ZFCC03    (0)   :  0.956 0.005 0.004 0.003 0.008 0.003 0.004 0.003 0.004 0.005 0.004 
107   ZFCC04    (0)   :  0.944 0.006 0.007 0.004 0.005 0.004 0.003 0.003 0.004 0.013 0.006 
108   ZFCC05    (0)   :  0.881 0.011 0.007 0.005 0.018 0.007 0.005 0.005 0.007 0.045 0.010 
109   ZFCC08    (0)   :  0.912 0.014 0.019 0.003 0.004 0.004 0.007 0.012 0.011 0.009 0.004 
110   ZFCC09    (0)   :  0.954 0.003 0.003 0.003 0.008 0.003 0.003 0.006 0.004 0.006 0.006 
111   ZFCC10    (0)   :  0.949 0.006 0.004 0.004 0.004 0.003 0.003 0.005 0.003 0.008 0.011 
112   ZFCC11    (0)   :  0.943 0.006 0.004 0.004 0.011 0.004 0.005 0.004 0.004 0.008 0.006 
113   ZFCC12    (0)   :  0.828 0.008 0.004 0.066 0.008 0.013 0.007 0.005 0.009 0.032 0.020 
114   ZFCC13    (0)   :  0.914 0.012 0.008 0.008 0.009 0.007 0.009 0.006 0.014 0.007 0.004 
115   ZFCC14    (0)   :  0.914 0.011 0.007 0.005 0.005 0.005 0.009 0.008 0.004 0.023 0.010 
116   ZFCC15    (0)   :  0.955 0.004 0.004 0.005 0.005 0.006 0.004 0.003 0.005 0.006 0.004 
117   ZFCC16    (0)   :  0.950 0.004 0.004 0.005 0.004 0.004 0.003 0.003 0.003 0.014 0.005 
118   ZFCC17    (0)   :  0.909 0.004 0.004 0.012 0.006 0.004 0.003 0.004 0.003 0.046 0.006 
119   ZFCC18    (0)   :  0.945 0.006 0.006 0.004 0.009 0.004 0.004 0.004 0.004 0.008 0.006 
120   ZFCC19    (0)   :  0.953 0.003 0.003 0.008 0.003 0.007 0.003 0.003 0.004 0.009 0.004 
121   ZFCC20    (0)   :  0.947 0.004 0.005 0.004 0.007 0.005 0.003 0.003 0.006 0.010 0.005 
122   ZFCC21    (0)   :  0.757 0.123 0.032 0.006 0.004 0.016 0.020 0.008 0.014 0.012 0.007 
123   ZFCC22    (0)   :  0.580 0.195 0.045 0.005 0.007 0.005 0.047 0.034 0.066 0.010 0.007 
124   ZFCC26    (0)   :  0.955 0.004 0.004 0.004 0.004 0.004 0.003 0.003 0.003 0.010 0.005 
125   ZFCC27    (0)   :  0.960 0.003 0.004 0.003 0.007 0.003 0.003 0.003 0.003 0.006 0.004 
126   ZFCC29    (0)   :  0.934 0.006 0.005 0.005 0.005 0.006 0.004 0.004 0.005 0.017 0.008 
127   ZFCC30    (0)   :  0.952 0.004 0.005 0.003 0.011 0.004 0.003 0.004 0.005 0.006 0.003 
128   ZFCC32    (0)   :  0.938 0.004 0.006 0.008 0.007 0.007 0.003 0.005 0.007 0.010 0.005 
129   ZFCC33    (0)   :  0.610 0.005 0.004 0.005 0.008 0.007 0.004 0.004 0.004 0.340 0.009 
130   ZFCC34    (0)   :  0.641 0.047 0.017 0.018 0.052 0.007 0.047 0.069 0.028 0.052 0.023 
131   ZFCC35    (0)   :  0.961 0.003 0.004 0.004 0.003 0.004 0.003 0.005 0.004 0.007 0.003 
132   ZFCC36    (0)   :  0.915 0.014 0.010 0.012 0.005 0.009 0.007 0.006 0.008 0.012 0.004 
133   ZFCC37    (0)   :  0.834 0.014 0.005 0.055 0.008 0.014 0.008 0.006 0.009 0.026 0.021 
134   ZFCC40    (0)   :  0.937 0.008 0.004 0.008 0.004 0.003 0.006 0.004 0.003 0.015 0.006 
135   ZFCC42    (0)   :  0.076 0.007 0.007 0.409 0.054 0.009 0.003 0.005 0.011 0.400 0.019 
136   ZFCC44    (0)   :  0.950 0.003 0.003 0.005 0.009 0.003 0.003 0.004 0.003 0.015 0.003 
137   ZFCC45    (9)   :  0.868 0.007 0.004 0.019 0.009 0.013 0.005 0.005 0.005 0.050 0.016 
138   ZFCC46    (0)   :  0.871 0.016 0.037 0.004 0.009 0.004 0.011 0.011 0.019 0.014 0.003 
139   ZFCC47    (0)   :  0.906 0.005 0.007 0.031 0.006 0.005 0.003 0.007 0.006 0.008 0.016 
140   ZFCC48    (0)   :  0.817 0.068 0.036 0.004 0.003 0.007 0.019 0.010 0.011 0.018 0.007 
141   ZFCC50    (0)   :  0.957 0.003 0.003 0.005 0.003 0.004 0.003 0.003 0.003 0.011 0.005 
142   ZFCC51    (0)   :  0.960 0.003 0.003 0.003 0.009 0.003 0.003 0.004 0.003 0.004 0.005 
143   ZFCC52    (0)   :  0.866 0.023 0.015 0.009 0.006 0.005 0.010 0.013 0.011 0.036 0.004 
144   ZFCC53    (0)   :  0.964 0.003 0.003 0.003 0.005 0.003 0.003 0.003 0.003 0.006 0.004 
145  ZFCNS01    (0)   :  0.009 0.010 0.003 0.025 0.831 0.046 0.008 0.004 0.058 0.004 0.002 
146  ZFCNS02    (0)   :  0.005 0.003 0.005 0.002 0.963 0.003 0.003 0.005 0.004 0.004 0.002 
147  ZFCNS05    (0)   :  0.007 0.007 0.005 0.003 0.943 0.004 0.007 0.007 0.006 0.006 0.005 
148  ZFCNS06    (0)   :  0.005 0.004 0.004 0.002 0.963 0.003 0.004 0.005 0.004 0.004 0.003 
149  ZFCNS07    (0)   :  0.004 0.004 0.011 0.002 0.949 0.003 0.006 0.010 0.005 0.003 0.003 
150  ZFCNS10    (0)   :  0.004 0.007 0.006 0.004 0.933 0.003 0.010 0.007 0.021 0.003 0.003 
151  ZFCNS11    (0)   :  0.008 0.008 0.005 0.012 0.913 0.017 0.006 0.005 0.020 0.003 0.003 
152  ZFCNS15    (0)   :  0.003 0.011 0.007 0.003 0.877 0.003 0.034 0.012 0.040 0.006 0.003 
153  ZFCNS17    (0)   :  0.005 0.003 0.004 0.002 0.962 0.003 0.004 0.005 0.005 0.004 0.003 
154  ZFCNS18    (0)   :  0.006 0.007 0.004 0.004 0.938 0.003 0.009 0.006 0.016 0.003 0.003 
155  ZFCNS19    (0)   :  0.004 0.003 0.004 0.002 0.968 0.003 0.003 0.003 0.004 0.003 0.003 
156  ZFCNS20    (0)   :  0.005 0.008 0.016 0.003 0.918 0.004 0.011 0.015 0.011 0.007 0.003 
157  ZFCNS21    (0)   :  0.004 0.003 0.002 0.002 0.969 0.003 0.003 0.003 0.005 0.003 0.003 
158  ZFCNS22    (0)   :  0.006 0.009 0.005 0.003 0.929 0.004 0.012 0.011 0.011 0.006 0.004 
159  ZFCNS23    (0)   :  0.015 0.010 0.014 0.012 0.894 0.009 0.003 0.005 0.006 0.027 0.005 
160  ZFCNS24    (0)   :  0.009 0.006 0.006 0.003 0.938 0.003 0.006 0.007 0.010 0.010 0.003 
161  ZFCNS25    (0)   :  0.006 0.008 0.010 0.003 0.920 0.004 0.009 0.017 0.012 0.010 0.003 
162  ZFCNS26    (0)   :  0.003 0.003 0.004 0.002 0.961 0.003 0.006 0.005 0.007 0.003 0.003 
163  ZFCNS27    (0)   :  0.003 0.010 0.009 0.003 0.863 0.004 0.031 0.026 0.042 0.007 0.003 
164  ZFCNS28    (0)   :  0.004 0.003 0.003 0.002 0.964 0.003 0.004 0.004 0.005 0.003 0.003 
165  ZFCNS29    (0)   :  0.008 0.007 0.004 0.003 0.941 0.004 0.007 0.007 0.007 0.008 0.004 
166  ZFCNS30    (0)   :  0.007 0.005 0.003 0.003 0.953 0.004 0.005 0.004 0.007 0.006 0.004 
167  ZFCNS31    (0)   :  0.004 0.003 0.004 0.002 0.964 0.003 0.004 0.004 0.006 0.003 0.003 
168  ZFCNS32    (0)   :  0.005 0.006 0.007 0.003 0.941 0.004 0.008 0.006 0.011 0.007 0.003 
169  ZFCNS33    (0)   :  0.003 0.003 0.004 0.002 0.966 0.003 0.003 0.003 0.006 0.003 0.003 
170  ZFCNS34    (0)   :  0.012 0.005 0.004 0.003 0.944 0.004 0.004 0.006 0.007 0.007 0.004 
171  ZFCNS35    (0)   :  0.008 0.013 0.004 0.002 0.896 0.003 0.014 0.016 0.023 0.003 0.017 
172  ZFCNS36    (0)   :  0.010 0.006 0.009 0.003 0.936 0.003 0.005 0.009 0.008 0.010 0.003 
173  ZFCNS37    (0)   :  0.005 0.006 0.007 0.002 0.794 0.007 0.006 0.006 0.155 0.006 0.004 
174  ZFCNS39    (0)   :  0.016 0.008 0.022 0.003 0.890 0.008 0.006 0.007 0.030 0.006 0.002 
175  ZFCNS40    (0)   :  0.028 0.009 0.112 0.003 0.651 0.006 0.005 0.017 0.156 0.010 0.003 
176  ZFCNS41    (0)   :  0.014 0.018 0.005 0.004 0.236 0.010 0.012 0.020 0.663 0.011 0.006 
177  ZFCNS42    (0)   :  0.003 0.004 0.003 0.002 0.962 0.003 0.005 0.004 0.007 0.003 0.002 
178  ZFCNS43    (0)   :  0.005 0.003 0.003 0.002 0.967 0.003 0.003 0.003 0.005 0.004 0.003 
179  ZFCNS44    (0)   :  0.005 0.007 0.003 0.003 0.939 0.003 0.010 0.004 0.019 0.004 0.003 
180  ZFCNS46    (0)   :  0.005 0.007 0.004 0.002 0.945 0.004 0.007 0.005 0.012 0.006 0.004 
181  ZFCNS47    (0)   :  0.004 0.003 0.003 0.002 0.967 0.003 0.003 0.003 0.005 0.003 0.003 
182  ZFCNS48    (0)   :  0.006 0.014 0.005 0.004 0.895 0.004 0.016 0.009 0.039 0.005 0.004 
183  ZFCNS49    (0)   :  0.003 0.009 0.004 0.003 0.884 0.003 0.030 0.007 0.051 0.003 0.003 
184   ZFCR01    (0)   :  0.019 0.062 0.020 0.030 0.003 0.284 0.026 0.019 0.008 0.003 0.527 
185   ZFCR02    (0)   :  0.036 0.028 0.015 0.016 0.005 0.676 0.008 0.047 0.007 0.021 0.143 
186   ZFCR03    (0)   :  0.021 0.095 0.024 0.115 0.003 0.305 0.031 0.025 0.009 0.058 0.315 
187   ZFCR04    (0)   :  0.020 0.018 0.038 0.029 0.008 0.060 0.026 0.016 0.041 0.009 0.733 
188   ZFCR05    (0)   :  0.032 0.006 0.005 0.011 0.003 0.842 0.005 0.005 0.004 0.005 0.083 
189   ZFCR06    (0)   :  0.037 0.036 0.021 0.011 0.062 0.483 0.060 0.072 0.052 0.008 0.159 
190   ZFCR07    (0)   :  0.010 0.013 0.004 0.010 0.046 0.804 0.009 0.005 0.027 0.040 0.033 
191   ZFCR08    (0)   :  0.115 0.040 0.064 0.109 0.006 0.400 0.032 0.010 0.012 0.044 0.168 
192   ZFCR09    (0)   :  0.031 0.140 0.016 0.468 0.014 0.039 0.066 0.078 0.049 0.011 0.089 
193   ZFCR11    (0)   :  0.015 0.007 0.003 0.012 0.008 0.668 0.006 0.030 0.081 0.004 0.165 
194   ZFCR12    (0)   :  0.014 0.009 0.023 0.004 0.112 0.701 0.022 0.018 0.075 0.008 0.014 
195   ZFCR13    (0)   :  0.006 0.013 0.005 0.003 0.007 0.790 0.102 0.049 0.009 0.006 0.009 
196   ZFCR14    (0)   :  0.012 0.008 0.017 0.005 0.005 0.890 0.010 0.007 0.008 0.006 0.032 
197   ZFCR15    (0)   :  0.016 0.026 0.057 0.010 0.005 0.687 0.025 0.017 0.017 0.014 0.125 
198   ZFCR16    (0)   :  0.013 0.043 0.038 0.007 0.003 0.710 0.021 0.025 0.007 0.005 0.129 
199   ZFCR18    (0)   :  0.022 0.012 0.012 0.005 0.009 0.048 0.008 0.057 0.009 0.067 0.751 
200   ZFCR19    (0)   :  0.020 0.019 0.168 0.114 0.006 0.394 0.054 0.028 0.013 0.007 0.178 
201   ZFCR20    (0)   :  0.009 0.190 0.012 0.028 0.005 0.149 0.074 0.019 0.017 0.034 0.464 
202   ZFCR21    (0)   :  0.023 0.016 0.009 0.004 0.003 0.885 0.016 0.010 0.013 0.006 0.015 
203   ZFCR22    (0)   :  0.005 0.013 0.019 0.005 0.003 0.913 0.011 0.009 0.007 0.008 0.007 
204   ZFCR23    (0)   :  0.003 0.081 0.005 0.019 0.003 0.645 0.178 0.028 0.021 0.003 0.013 
205   ZFCR24    (9)   :  0.009 0.070 0.007 0.021 0.004 0.288 0.451 0.026 0.009 0.012 0.102 
206   ZFCR25    (0)   :  0.005 0.004 0.003 0.006 0.003 0.946 0.004 0.003 0.004 0.007 0.014 
207   ZFCR26    (0)   :  0.021 0.018 0.022 0.067 0.004 0.804 0.017 0.015 0.012 0.008 0.012 
208   ZFCR27    (9)   :  0.006 0.003 0.003 0.050 0.003 0.879 0.003 0.003 0.003 0.003 0.043 
209   ZFCR28    (0)   :  0.010 0.242 0.055 0.007 0.023 0.577 0.022 0.037 0.012 0.007 0.008 
210   ZFCR29    (0)   :  0.011 0.021 0.007 0.006 0.002 0.792 0.025 0.011 0.009 0.006 0.109 
211   ZFCR30    (0)   :  0.005 0.006 0.006 0.006 0.004 0.941 0.006 0.005 0.007 0.005 0.009 
212   ZFCR31    (0)   :  0.012 0.101 0.029 0.060 0.032 0.200 0.045 0.077 0.042 0.026 0.376 
213   ZFCR33    (0)   :  0.047 0.012 0.010 0.081 0.008 0.776 0.009 0.007 0.015 0.010 0.026 
214   ZFCR34    (0)   :  0.024 0.050 0.013 0.018 0.012 0.740 0.040 0.011 0.040 0.005 0.047 
215   ZFCR35    (0)   :  0.025 0.008 0.010 0.012 0.010 0.053 0.016 0.007 0.013 0.011 0.836 
216   ZFCR36    (0)   :  0.009 0.012 0.006 0.014 0.016 0.811 0.011 0.006 0.008 0.005 0.101 
217   ZFCR37    (0)   :  0.034 0.006 0.005 0.013 0.004 0.893 0.004 0.003 0.005 0.014 0.019 
218   ZFCR38    (0)   :  0.046 0.007 0.008 0.065 0.007 0.807 0.005 0.006 0.007 0.013 0.029 
219   ZFCR39    (0)   :  0.145 0.107 0.039 0.414 0.003 0.141 0.021 0.045 0.014 0.047 0.023 
220   ZFCR40    (0)   :  0.034 0.014 0.005 0.053 0.004 0.824 0.019 0.005 0.013 0.006 0.024 
221   ZFCR41    (0)   :  0.055 0.011 0.013 0.003 0.011 0.826 0.007 0.006 0.049 0.006 0.013 
222   ZFCR42    (0)   :  0.028 0.024 0.021 0.013 0.009 0.827 0.028 0.014 0.017 0.010 0.009 
223   ZFCR43    (0)   :  0.005 0.008 0.005 0.006 0.004 0.701 0.155 0.048 0.007 0.004 0.056 
224  ZFENP25    (0)   :  0.023 0.018 0.011 0.008 0.003 0.858 0.009 0.004 0.006 0.008 0.052 
225  ZFENP26    (0)   :  0.005 0.002 0.003 0.023 0.003 0.936 0.002 0.003 0.005 0.005 0.012 
226  ZFENP27    (0)   :  0.208 0.025 0.011 0.104 0.077 0.181 0.016 0.006 0.045 0.049 0.278 
227  ZFENP28    (0)   :  0.016 0.003 0.004 0.034 0.009 0.888 0.004 0.005 0.004 0.006 0.028 
228  ZFENP29    (0)   :  0.008 0.004 0.003 0.009 0.004 0.946 0.004 0.003 0.004 0.008 0.006 
229  ZFENP30    (0)   :  0.033 0.005 0.005 0.030 0.008 0.743 0.003 0.006 0.004 0.154 0.009 
230  ZFENP31    (0)   :  0.019 0.005 0.003 0.533 0.007 0.029 0.004 0.012 0.005 0.362 0.019 
231  ZFENP32    (0)   :  0.015 0.024 0.006 0.364 0.033 0.135 0.013 0.031 0.021 0.119 0.240 
232  ZFENP33    (0)   :  0.005 0.006 0.003 0.020 0.005 0.884 0.006 0.004 0.005 0.033 0.029 
233  ZFENP34    (0)   :  0.027 0.008 0.005 0.012 0.019 0.115 0.007 0.013 0.010 0.053 0.729 
234  ZFENP35    (0)   :  0.006 0.011 0.005 0.089 0.012 0.808 0.016 0.006 0.019 0.009 0.018 
235  ZFENP36    (0)   :  0.003 0.004 0.002 0.025 0.012 0.919 0.003 0.003 0.004 0.010 0.015 
236  ZFENP37    (0)   :  0.011 0.007 0.003 0.043 0.011 0.806 0.007 0.005 0.009 0.012 0.085 
237  ZFENP38    (0)   :  0.011 0.006 0.004 0.010 0.014 0.919 0.005 0.004 0.008 0.013 0.007 
238  ZFENP39    (0)   :  0.014 0.003 0.003 0.033 0.005 0.884 0.004 0.003 0.004 0.007 0.040 
239  ZFENP40    (0)   :  0.011 0.009 0.004 0.097 0.007 0.758 0.010 0.007 0.005 0.016 0.075 
240  ZFENP41    (0)   :  0.130 0.009 0.011 0.080 0.009 0.627 0.009 0.007 0.007 0.077 0.034 
241  ZFENP42    (0)   :  0.005 0.003 0.004 0.273 0.003 0.689 0.003 0.003 0.004 0.009 0.004 
242  ZFENP43    (0)   :  0.034 0.006 0.004 0.021 0.057 0.820 0.006 0.005 0.028 0.007 0.013 
243  ZFENP44    (0)   :  0.026 0.014 0.003 0.185 0.018 0.670 0.011 0.005 0.024 0.034 0.011 
244  ZFENP45    (0)   :  0.019 0.020 0.286 0.109 0.009 0.456 0.017 0.039 0.010 0.024 0.011 
245  ZFENP46    (0)   :  0.003 0.008 0.003 0.025 0.007 0.897 0.014 0.007 0.014 0.008 0.013 
246  ZFENP47    (0)   :  0.090 0.011 0.190 0.521 0.004 0.085 0.017 0.015 0.005 0.019 0.043 
247  ZFENP48    (0)   :  0.027 0.022 0.015 0.023 0.009 0.097 0.008 0.024 0.007 0.231 0.537 
248  ZFENP49    (0)   :  0.010 0.011 0.013 0.021 0.006 0.571 0.015 0.015 0.006 0.229 0.102 
249  ZFENP50    (0)   :  0.004 0.043 0.006 0.041 0.005 0.829 0.020 0.027 0.012 0.006 0.007 
250  ZFENP51    (0)   :  0.009 0.004 0.070 0.651 0.008 0.162 0.004 0.005 0.006 0.045 0.035 
251  ZFENP52    (0)   :  0.014 0.004 0.004 0.012 0.021 0.907 0.004 0.004 0.018 0.007 0.004 
252  ZFENP53    (0)   :  0.007 0.022 0.013 0.021 0.011 0.854 0.016 0.030 0.011 0.007 0.006 
253  ZFENP54    (0)   :  0.026 0.062 0.008 0.011 0.005 0.775 0.015 0.038 0.013 0.029 0.019 
254  ZFENP55    (0)   :  0.003 0.006 0.004 0.010 0.004 0.925 0.005 0.006 0.005 0.009 0.024 
255  ZFENP56    (0)   :  0.005 0.003 0.004 0.013 0.006 0.931 0.003 0.003 0.008 0.011 0.012 
256  ZFENP57    (0)   :  0.005 0.007 0.003 0.130 0.014 0.796 0.004 0.003 0.008 0.013 0.017 
257  ZFENP58    (0)   :  0.017 0.015 0.088 0.013 0.015 0.537 0.004 0.008 0.011 0.276 0.016 
258  ZFENP59    (0)   :  0.152 0.005 0.004 0.163 0.006 0.578 0.005 0.006 0.005 0.054 0.023 
259  ZFENP60    (0)   :  0.011 0.009 0.009 0.021 0.006 0.839 0.008 0.007 0.006 0.007 0.076 
260  ZFENP61    (0)   :  0.015 0.003 0.003 0.018 0.004 0.900 0.004 0.003 0.003 0.009 0.039 
261 ZFFDSP01    (0)   :  0.004 0.694 0.015 0.003 0.018 0.004 0.203 0.010 0.041 0.004 0.006 
262 ZFFDSP02    (0)   :  0.004 0.030 0.005 0.002 0.003 0.003 0.937 0.005 0.006 0.003 0.003 
263 ZFFDSP04    (0)   :  0.004 0.455 0.011 0.003 0.003 0.003 0.494 0.010 0.009 0.003 0.005 
264 ZFFDSP05    (0)   :  0.004 0.040 0.010 0.004 0.005 0.005 0.878 0.014 0.034 0.003 0.003 
265 ZFFDSP06    (0)   :  0.014 0.392 0.016 0.002 0.003 0.003 0.408 0.117 0.034 0.004 0.006 
266 ZFFDSP07    (0)   :  0.012 0.752 0.037 0.004 0.005 0.005 0.127 0.028 0.007 0.021 0.003 
267 ZFFDSP08    (0)   :  0.013 0.422 0.107 0.004 0.013 0.007 0.148 0.202 0.038 0.044 0.003 
268 ZFFDSP10    (0)   :  0.007 0.348 0.021 0.005 0.005 0.006 0.543 0.021 0.025 0.015 0.004 
269 ZFFDSP11    (0)   :  0.005 0.419 0.009 0.003 0.004 0.005 0.518 0.021 0.010 0.003 0.004 
270 ZFFDSP12    (0)   :  0.004 0.485 0.011 0.003 0.005 0.004 0.143 0.326 0.012 0.005 0.003 
271 ZFFDSP13    (0)   :  0.010 0.075 0.005 0.004 0.021 0.006 0.070 0.019 0.777 0.009 0.004 
272 ZFFDSP14    (0)   :  0.007 0.661 0.025 0.004 0.004 0.005 0.262 0.014 0.006 0.009 0.003 
273 ZFFDSP16    (0)   :  0.007 0.891 0.004 0.003 0.011 0.006 0.047 0.011 0.009 0.004 0.007 
274 ZFFDSP17    (0)   :  0.006 0.770 0.009 0.003 0.005 0.004 0.154 0.022 0.019 0.004 0.005 
275 ZFFDSP18    (0)   :  0.006 0.170 0.022 0.002 0.004 0.003 0.752 0.026 0.006 0.003 0.005 
276 ZFFDSP19    (0)   :  0.025 0.707 0.020 0.003 0.094 0.004 0.089 0.015 0.035 0.004 0.005 
277 ZFFDSP21    (0)   :  0.020 0.523 0.006 0.003 0.077 0.004 0.192 0.011 0.157 0.004 0.003 
278 ZFFDSP22    (0)   :  0.006 0.652 0.083 0.002 0.004 0.004 0.185 0.047 0.011 0.004 0.003 
279 ZFFDSP23    (0)   :  0.005 0.026 0.069 0.002 0.007 0.003 0.826 0.011 0.046 0.003 0.003 
280 ZFFDSP24    (0)   :  0.004 0.013 0.005 0.003 0.007 0.003 0.935 0.006 0.016 0.005 0.004 
281 ZFFDSP26    (9)   :  0.005 0.049 0.012 0.003 0.006 0.004 0.863 0.019 0.032 0.004 0.003 
282 ZFFDSP27    (0)   :  0.004 0.032 0.007 0.002 0.006 0.003 0.922 0.009 0.007 0.003 0.004 
283 ZFFDSP28    (0)   :  0.009 0.094 0.009 0.016 0.004 0.011 0.767 0.017 0.016 0.023 0.033 
284 ZFFDSP30    (0)   :  0.005 0.684 0.006 0.005 0.040 0.005 0.089 0.010 0.134 0.006 0.017 
285 ZFFDSP31    (0)   :  0.007 0.039 0.007 0.002 0.009 0.006 0.221 0.655 0.041 0.006 0.006 
286 ZFFDSP32    (0)   :  0.003 0.543 0.005 0.003 0.005 0.003 0.414 0.007 0.010 0.004 0.003 
287 ZFFDSP33    (0)   :  0.003 0.266 0.007 0.003 0.006 0.003 0.666 0.022 0.018 0.003 0.003 
288 ZFFDSP34    (0)   :  0.012 0.029 0.012 0.002 0.006 0.003 0.586 0.312 0.027 0.005 0.006 
289 ZFFDSP35    (0)   :  0.004 0.035 0.006 0.003 0.005 0.004 0.904 0.007 0.026 0.004 0.004 
290 ZFFDSP37    (0)   :  0.003 0.102 0.004 0.002 0.004 0.003 0.858 0.007 0.009 0.004 0.004 
291 ZFFDSP38    (0)   :  0.003 0.010 0.004 0.003 0.005 0.003 0.949 0.008 0.006 0.004 0.004 
292 ZFFDSP39    (0)   :  0.003 0.007 0.006 0.002 0.006 0.003 0.915 0.009 0.043 0.003 0.003 
293 ZFFDSP40    (0)   :  0.003 0.007 0.004 0.002 0.006 0.003 0.942 0.006 0.021 0.003 0.003 
294 ZFFDSP42    (0)   :  0.004 0.019 0.048 0.002 0.005 0.003 0.878 0.017 0.017 0.003 0.003 
295 ZFFDSP43    (0)   :  0.004 0.007 0.007 0.002 0.007 0.003 0.947 0.010 0.007 0.002 0.003 
296 ZFFDSP44    (0)   :  0.004 0.095 0.005 0.003 0.008 0.004 0.836 0.014 0.023 0.005 0.004 
297 ZFFDSP45    (0)   :  0.004 0.006 0.003 0.002 0.004 0.003 0.959 0.006 0.006 0.003 0.003 
298 ZFFDSP46    (0)   :  0.004 0.017 0.010 0.002 0.005 0.003 0.936 0.009 0.008 0.004 0.003 
299 ZFFDSP47    (0)   :  0.004 0.013 0.012 0.003 0.012 0.004 0.849 0.010 0.085 0.005 0.003 
300 ZFFDSP48    (0)   :  0.003 0.007 0.005 0.002 0.008 0.003 0.932 0.006 0.027 0.004 0.003 
301    ZFI01    (0)   :  0.006 0.006 0.004 0.020 0.008 0.008 0.004 0.004 0.005 0.012 0.923 
302    ZFI02    (0)   :  0.003 0.005 0.004 0.011 0.010 0.005 0.005 0.005 0.005 0.004 0.943 
303    ZFI03    (0)   :  0.005 0.004 0.003 0.004 0.008 0.005 0.004 0.004 0.004 0.005 0.955 
304    ZFI04    (0)   :  0.005 0.004 0.004 0.017 0.006 0.008 0.004 0.004 0.004 0.005 0.939 
305    ZFI05    (0)   :  0.004 0.005 0.003 0.005 0.024 0.006 0.005 0.005 0.006 0.008 0.928 
306    ZFI06    (0)   :  0.003 0.012 0.003 0.009 0.059 0.008 0.011 0.006 0.018 0.006 0.864 
307    ZFI07    (0)   :  0.005 0.004 0.003 0.005 0.005 0.006 0.004 0.004 0.004 0.006 0.955 
308    ZFI08    (0)   :  0.005 0.003 0.003 0.009 0.004 0.008 0.003 0.003 0.003 0.005 0.953 
309    ZFI09    (0)   :  0.004 0.004 0.003 0.007 0.007 0.007 0.004 0.004 0.005 0.005 0.952 
310    ZFI10    (0)   :  0.004 0.007 0.004 0.014 0.076 0.008 0.006 0.006 0.007 0.005 0.864 
311    ZFI11    (0)   :  0.004 0.004 0.003 0.012 0.008 0.005 0.003 0.003 0.004 0.008 0.946 
312    ZFI12    (0)   :  0.006 0.005 0.003 0.004 0.014 0.006 0.004 0.004 0.006 0.005 0.943 
313    ZFI13    (0)   :  0.005 0.005 0.002 0.006 0.008 0.006 0.004 0.003 0.004 0.014 0.943 
314    ZFI14    (0)   :  0.004 0.012 0.003 0.005 0.007 0.004 0.015 0.006 0.008 0.005 0.930 
315    ZFI15    (0)   :  0.004 0.004 0.002 0.004 0.006 0.005 0.004 0.004 0.004 0.006 0.958 
316    ZFI16    (0)   :  0.004 0.003 0.002 0.003 0.006 0.004 0.003 0.003 0.004 0.003 0.964 
317    ZFI17    (0)   :  0.004 0.004 0.003 0.008 0.012 0.006 0.003 0.003 0.005 0.006 0.946 
318    ZFI18    (0)   :  0.003 0.003 0.002 0.008 0.007 0.005 0.003 0.003 0.003 0.004 0.958 
319    ZFI19    (9)   :  0.003 0.003 0.002 0.005 0.006 0.006 0.003 0.003 0.004 0.008 0.958 
320    ZFI20    (0)   :  0.003 0.006 0.003 0.004 0.005 0.004 0.006 0.004 0.005 0.003 0.956 
321    ZFI21    (0)   :  0.003 0.021 0.003 0.005 0.013 0.004 0.018 0.006 0.014 0.004 0.908 
322    ZFI22    (0)   :  0.006 0.005 0.004 0.008 0.004 0.005 0.006 0.005 0.004 0.004 0.949 
323    ZFI23    (0)   :  0.004 0.004 0.002 0.004 0.008 0.004 0.003 0.003 0.004 0.004 0.959 
324    ZFI24    (0)   :  0.005 0.006 0.003 0.004 0.013 0.006 0.004 0.004 0.005 0.006 0.943 
325    ZFI25    (0)   :  0.006 0.005 0.004 0.004 0.006 0.006 0.006 0.005 0.004 0.005 0.950 
326    ZFI26    (0)   :  0.007 0.004 0.003 0.004 0.004 0.006 0.004 0.004 0.004 0.008 0.954 
327    ZFI27    (0)   :  0.004 0.006 0.003 0.004 0.042 0.007 0.004 0.004 0.009 0.011 0.906 
328    ZFK01    (0)   :  0.006 0.004 0.003 0.003 0.006 0.003 0.004 0.004 0.004 0.960 0.003 
329    ZFK02    (0)   :  0.006 0.004 0.004 0.003 0.007 0.003 0.003 0.003 0.004 0.959 0.003 
330    ZFK03    (0)   :  0.005 0.003 0.003 0.003 0.005 0.003 0.003 0.003 0.003 0.964 0.003 
331    ZFK04    (0)   :  0.004 0.003 0.003 0.004 0.004 0.003 0.003 0.003 0.003 0.967 0.004 
332    ZFK05    (0)   :  0.010 0.003 0.002 0.012 0.004 0.005 0.003 0.003 0.003 0.948 0.008 
333    ZFK06    (0)   :  0.011 0.003 0.003 0.007 0.004 0.005 0.003 0.003 0.004 0.947 0.009 
334    ZFK07    (0)   :  0.006 0.004 0.005 0.004 0.005 0.004 0.004 0.003 0.005 0.960 0.002 
335    ZFK08    (0)   :  0.004 0.004 0.003 0.005 0.003 0.004 0.003 0.003 0.003 0.963 0.004 
336    ZFK10    (0)   :  0.005 0.003 0.003 0.004 0.004 0.003 0.003 0.003 0.003 0.965 0.004 
337    ZFK11    (0)   :  0.012 0.004 0.003 0.007 0.004 0.005 0.003 0.003 0.003 0.951 0.006 
338    ZFK12    (0)   :  0.008 0.007 0.009 0.003 0.003 0.005 0.005 0.005 0.007 0.947 0.002 
339    ZFK13    (0)   :  0.009 0.019 0.008 0.007 0.005 0.004 0.021 0.010 0.018 0.897 0.003 
340    ZFK14    (0)   :  0.176 0.029 0.028 0.015 0.014 0.007 0.018 0.016 0.023 0.667 0.007 
341    ZFK15    (0)   :  0.006 0.014 0.005 0.009 0.004 0.003 0.015 0.010 0.009 0.920 0.004 
342    ZFK16    (0)   :  0.006 0.005 0.006 0.003 0.005 0.004 0.005 0.006 0.006 0.952 0.002 
343   ZFLB01    (0)   :  0.003 0.009 0.003 0.931 0.005 0.005 0.016 0.005 0.009 0.007 0.006 
344   ZFLB02    (0)   :  0.003 0.004 0.006 0.888 0.004 0.046 0.006 0.003 0.004 0.004 0.033 
345   ZFLB03    (0)   :  0.005 0.007 0.007 0.827 0.083 0.029 0.004 0.006 0.009 0.013 0.011 
346   ZFLB04    (0)   :  0.006 0.028 0.006 0.679 0.200 0.005 0.013 0.010 0.033 0.011 0.009 
347   ZFLB05    (0)   :  0.003 0.006 0.003 0.927 0.019 0.006 0.007 0.004 0.010 0.007 0.009 
348   ZFLB06    (0)   :  0.008 0.006 0.004 0.916 0.006 0.006 0.006 0.010 0.005 0.030 0.004 
349   ZFLB07    (0)   :  0.012 0.013 0.009 0.662 0.129 0.023 0.012 0.018 0.031 0.088 0.005 
350   ZFLB08    (0)   :  0.004 0.005 0.005 0.900 0.007 0.029 0.006 0.004 0.006 0.007 0.027 
351   ZFLB09    (9)   :  0.005 0.006 0.003 0.948 0.004 0.005 0.006 0.004 0.004 0.009 0.005 
352   ZFLB10    (0)   :  0.004 0.006 0.002 0.952 0.008 0.004 0.004 0.003 0.005 0.006 0.005 
353   ZFLB11    (0)   :  0.012 0.008 0.009 0.917 0.004 0.008 0.004 0.007 0.007 0.019 0.003 
354   ZFLB12    (0)   :  0.005 0.003 0.002 0.961 0.004 0.005 0.003 0.003 0.003 0.007 0.004 
355   ZFLB13    (0)   :  0.010 0.014 0.004 0.892 0.008 0.022 0.010 0.007 0.015 0.012 0.006 
356  ZFLTI01    (0)   :  0.036 0.020 0.012 0.003 0.011 0.006 0.041 0.012 0.849 0.006 0.004 
357  ZFLTI02    (0)   :  0.060 0.006 0.012 0.002 0.030 0.005 0.009 0.020 0.843 0.008 0.005 
358  ZFLTI03    (0)   :  0.008 0.007 0.008 0.002 0.010 0.003 0.008 0.008 0.939 0.004 0.003 
359  ZFLTI04    (0)   :  0.009 0.012 0.006 0.003 0.018 0.006 0.011 0.014 0.903 0.012 0.006 
360  ZFLTI05    (0)   :  0.007 0.005 0.005 0.002 0.014 0.004 0.009 0.006 0.938 0.006 0.004 
361  ZFLTI06    (0)   :  0.006 0.016 0.015 0.003 0.007 0.004 0.060 0.006 0.876 0.004 0.004 
362  ZFLTI07    (0)   :  0.006 0.010 0.004 0.002 0.007 0.004 0.036 0.006 0.915 0.005 0.005 
363  ZFLTI08    (0)   :  0.006 0.006 0.005 0.002 0.019 0.005 0.006 0.009 0.928 0.006 0.008 
364  ZFLTI09    (0)   :  0.006 0.011 0.004 0.003 0.007 0.004 0.018 0.012 0.923 0.005 0.007 
365  ZFLTI10    (0)   :  0.010 0.010 0.004 0.002 0.006 0.004 0.021 0.016 0.915 0.005 0.006 
366  ZFLTI11    (0)   :  0.007 0.010 0.018 0.003 0.010 0.004 0.017 0.012 0.911 0.004 0.005 
367  ZFLTI12    (0)   :  0.020 0.009 0.014 0.002 0.010 0.004 0.013 0.017 0.900 0.006 0.005 
368  ZFLTI13    (0)   :  0.019 0.008 0.010 0.002 0.042 0.006 0.013 0.007 0.880 0.008 0.005 
369  ZFLTI14    (0)   :  0.075 0.010 0.005 0.002 0.171 0.005 0.027 0.046 0.640 0.012 0.006 
370 ZFONF101    (0)   :  0.002 0.008 0.005 0.004 0.003 0.004 0.015 0.945 0.008 0.003 0.003 
371 ZFONF102    (0)   :  0.003 0.011 0.010 0.005 0.003 0.004 0.020 0.936 0.004 0.003 0.003 
372 ZFONF103    (0)   :  0.006 0.010 0.008 0.003 0.017 0.005 0.008 0.922 0.009 0.010 0.004 
373 ZFONF104    (0)   :  0.004 0.014 0.016 0.002 0.003 0.002 0.014 0.933 0.006 0.003 0.002 
374 ZFONF105    (0)   :  0.003 0.006 0.017 0.002 0.005 0.003 0.005 0.946 0.006 0.004 0.002 
375 ZFONF106    (0)   :  0.003 0.006 0.005 0.002 0.003 0.002 0.009 0.958 0.004 0.003 0.003 
376 ZFONF107    (0)   :  0.004 0.006 0.004 0.008 0.006 0.006 0.005 0.939 0.005 0.010 0.006 
377 ZFONF108    (0)   :  0.004 0.005 0.005 0.004 0.007 0.003 0.005 0.949 0.005 0.009 0.003 
378 ZFONF109    (9)   :  0.005 0.004 0.008 0.003 0.006 0.003 0.006 0.950 0.006 0.006 0.003 
379 ZFONF110    (0)   :  0.007 0.014 0.014 0.002 0.004 0.003 0.073 0.867 0.009 0.003 0.003 
380 ZFONF111    (0)   :  0.008 0.012 0.009 0.007 0.004 0.012 0.009 0.922 0.009 0.003 0.005 
381 ZFONF112    (0)   :  0.004 0.006 0.020 0.003 0.009 0.003 0.007 0.936 0.006 0.005 0.003 
382 ZFONF113    (9)   :  0.007 0.013 0.010 0.008 0.005 0.007 0.007 0.921 0.010 0.010 0.003 
383 ZFONF115    (0)   :  0.004 0.009 0.007 0.003 0.005 0.003 0.006 0.949 0.004 0.005 0.004 
384 ZFONF116    (0)   :  0.005 0.141 0.021 0.003 0.008 0.004 0.026 0.771 0.006 0.005 0.008 
385 ZFONF117    (0)   :  0.006 0.033 0.024 0.003 0.022 0.005 0.030 0.740 0.121 0.011 0.004 
386 ZFONF118    (0)   :  0.007 0.009 0.014 0.002 0.015 0.005 0.020 0.897 0.019 0.007 0.005 
387 ZFONF119    (0)   :  0.006 0.622 0.027 0.005 0.006 0.004 0.024 0.277 0.011 0.014 0.003 
388 ZFONF120    (0)   :  0.012 0.705 0.039 0.004 0.004 0.004 0.021 0.168 0.017 0.022 0.003 
389 ZFONF121    (0)   :  0.005 0.279 0.095 0.005 0.007 0.004 0.043 0.533 0.015 0.009 0.004 
390 ZFONF122    (0)   :  0.015 0.050 0.008 0.003 0.015 0.007 0.040 0.784 0.059 0.014 0.006 
391 ZFONF123    (0)   :  0.006 0.166 0.033 0.020 0.004 0.006 0.081 0.667 0.006 0.006 0.006 
392 ZFONF124    (0)   :  0.004 0.005 0.009 0.003 0.003 0.003 0.004 0.958 0.005 0.005 0.002 
393 ZFONF125    (0)   :  0.016 0.060 0.062 0.015 0.005 0.012 0.029 0.764 0.018 0.015 0.004 
394 ZFONF126    (0)   :  0.020 0.080 0.016 0.002 0.006 0.004 0.027 0.817 0.012 0.007 0.008 
395 ZFONF201    (0)   :  0.054 0.118 0.572 0.037 0.004 0.015 0.064 0.035 0.030 0.005 0.065 
396 ZFONF202    (0)   :  0.011 0.059 0.807 0.002 0.003 0.004 0.085 0.011 0.010 0.004 0.004 
397 ZFONF203    (0)   :  0.006 0.011 0.939 0.003 0.003 0.005 0.008 0.007 0.006 0.009 0.004 
