

----------------------------------------------------
STRUCTURE by Pritchard, Stephens and Donnelly (2000)
     and Falush, Stephens and Pritchard (2003)
       Code by Pritchard, Falush and Hubisz
             Version 2.3.4 (Jul 2012)
----------------------------------------------------



Command line arguments:   bin\structure -m C:\Users\eschumacher\Documents\GitHub\GCC_QUAC_ZAIN\Data_Files\Structure_Files\ZAIN\ZAIN_wild_rebinned_nopopinfo\50-50\mainparams -e C:\Users\eschumacher\Documents\GitHub\GCC_QUAC_ZAIN\Data_Files\Structure_Files\ZAIN\ZAIN_wild_rebinned_nopopinfo\50-50\extraparams 
Input File:    C:\Users\eschumacher\Documents\GitHub\GCC_QUAC_ZAIN\Data_Files\Structure_Files\ZAIN\ZAIN_wild_rebinned_nopopinfo\project_data

Run parameters:
   751 individuals
   11 loci
   4 populations assumed
   50000 Burn-in period
   50000 Reps


--------------------------------------------
Overall proportion of membership of the
sample in each of the 4 clusters

Inferred Clusters
  1      2      3      4    
0.177  0.234  0.246  0.343  

--------------------------------------------

Allele-freq. divergence among pops (Net nucleotide distance),
computed using point estimates of P.

      1       2       3       4      
 1      -    0.1013  0.1524  0.1110  
 2   0.1013     -    0.0775  0.1324  
 3   0.1524  0.0775     -    0.2018  
 4   0.1110  0.1324  0.2018     -    

Average distances (expected heterozygosity) between individuals in same cluster:
cluster  1  : 0.4402 
cluster  2  : 0.5729 
cluster  3  : 0.5009 
cluster  4  : 0.4582 

--------------------------------------------
Estimated Ln Prob of Data   = -15499.4
Mean value of ln likelihood = -15319.9
Variance of ln likelihood   = 359.1
Mean value of alpha         = 0.0341

Mean value of Fst_1         = 0.3470
Mean value of Fst_2         = 0.1163
Mean value of Fst_3         = 0.3161
Mean value of Fst_4         = 0.3046


Inferred ancestry of individuals:
        Label (%Miss) :  Inferred clusters
  1    ZFB01    (0)   :  0.004 0.005 0.986 0.005 
  2    ZFB02    (0)   :  0.005 0.008 0.984 0.003 
  3    ZFB03    (0)   :  0.008 0.009 0.978 0.006 
  4    ZFB04    (0)   :  0.004 0.008 0.984 0.004 
  5    ZFB05    (0)   :  0.019 0.088 0.886 0.007 
  6    ZFB06    (0)   :  0.016 0.072 0.906 0.007 
  7    ZFB07    (9)   :  0.006 0.016 0.970 0.009 
  8    ZFB08    (0)   :  0.006 0.006 0.983 0.005 
  9    ZFB09    (0)   :  0.004 0.004 0.988 0.004 
 10    ZFB10    (0)   :  0.005 0.006 0.974 0.015 
 11    ZFB11    (0)   :  0.004 0.007 0.982 0.007 
 12    ZFB12    (0)   :  0.004 0.008 0.982 0.005 
 13    ZFB13    (0)   :  0.005 0.007 0.983 0.006 
 14    ZFB14    (0)   :  0.005 0.004 0.986 0.005 
 15    ZFB15    (0)   :  0.003 0.006 0.988 0.003 
 16    ZFB16    (0)   :  0.003 0.007 0.985 0.004 
 17    ZFB17    (0)   :  0.012 0.045 0.927 0.015 
 18    ZFB18    (0)   :  0.004 0.004 0.987 0.004 
 19    ZFB19    (0)   :  0.005 0.017 0.955 0.022 
 20    ZFB20    (0)   :  0.003 0.008 0.985 0.005 
 21    ZFB21    (0)   :  0.004 0.006 0.987 0.003 
 22    ZFB22    (0)   :  0.008 0.021 0.954 0.017 
 23    ZFB23    (0)   :  0.006 0.010 0.976 0.008 
 24    ZFB24    (0)   :  0.004 0.007 0.982 0.006 
 25    ZFB25    (0)   :  0.005 0.006 0.962 0.027 
 26    ZFB26    (0)   :  0.006 0.014 0.962 0.018 
 27    ZFB27    (0)   :  0.004 0.011 0.976 0.008 
 28    ZFB28    (0)   :  0.009 0.025 0.960 0.005 
 29    ZFB29    (0)   :  0.005 0.007 0.985 0.004 
 30    ZFB30    (0)   :  0.008 0.263 0.716 0.013 
 31    ZFB31    (0)   :  0.005 0.006 0.976 0.013 
 32    ZFB32    (0)   :  0.022 0.024 0.946 0.008 
 33    ZFB33    (0)   :  0.003 0.005 0.988 0.004 
 34    ZFB34    (0)   :  0.005 0.005 0.986 0.004 
 35    ZFB35    (0)   :  0.005 0.006 0.983 0.007 
 36  ZFBP101    (0)   :  0.111 0.014 0.018 0.857 
 37  ZFBP102    (0)   :  0.023 0.013 0.027 0.937 
 38  ZFBP103    (0)   :  0.330 0.008 0.007 0.655 
 39  ZFBP104    (0)   :  0.006 0.036 0.050 0.908 
 40  ZFBP105    (0)   :  0.009 0.007 0.008 0.976 
 41  ZFBP106    (0)   :  0.011 0.005 0.004 0.980 
 42  ZFBP107    (0)   :  0.015 0.023 0.009 0.953 
 43  ZFBP108    (0)   :  0.005 0.004 0.004 0.988 
 44  ZFBP109    (0)   :  0.006 0.004 0.004 0.986 
 45  ZFBP110    (0)   :  0.247 0.018 0.032 0.704 
 46  ZFBP111    (0)   :  0.006 0.004 0.003 0.988 
 47  ZFBP112    (0)   :  0.008 0.006 0.005 0.981 
 48  ZFBP113    (0)   :  0.006 0.005 0.004 0.985 
 49  ZFBP114    (0)   :  0.009 0.008 0.005 0.979 
 50  ZFBP115    (0)   :  0.014 0.007 0.003 0.976 
 51  ZFBP116    (0)   :  0.005 0.006 0.003 0.986 
 52  ZFBP117    (0)   :  0.009 0.004 0.003 0.984 
 53  ZFBP118    (0)   :  0.006 0.008 0.004 0.982 
 54  ZFBP119    (0)   :  0.030 0.006 0.004 0.961 
 55  ZFBP120    (0)   :  0.006 0.007 0.007 0.979 
 56  ZFBP121    (0)   :  0.013 0.005 0.006 0.976 
 57  ZFBP122    (9)   :  0.006 0.005 0.004 0.986 
 58  ZFBP123    (0)   :  0.013 0.008 0.005 0.974 
 59  ZFBP124    (0)   :  0.007 0.005 0.008 0.979 
 60  ZFBP125    (0)   :  0.007 0.003 0.003 0.987 
 61  ZFBP126    (0)   :  0.023 0.021 0.022 0.934 
 62  ZFBP127    (0)   :  0.013 0.004 0.003 0.980 
 63  ZFBP128    (0)   :  0.007 0.003 0.004 0.986 
 64  ZFBP129    (0)   :  0.008 0.004 0.005 0.983 
 65  ZFBP130    (0)   :  0.009 0.004 0.002 0.985 
 66  ZFBP131    (0)   :  0.004 0.005 0.005 0.986 
 67  ZFBP132    (0)   :  0.007 0.004 0.004 0.986 
 68  ZFBP133    (0)   :  0.005 0.003 0.003 0.989 
 69  ZFBP134    (0)   :  0.014 0.004 0.004 0.977 
 70  ZFBP135    (0)   :  0.293 0.008 0.023 0.676 
 71  ZFBP136    (0)   :  0.068 0.007 0.004 0.920 
 72  ZFBP201    (0)   :  0.009 0.009 0.007 0.976 
 73  ZFBP202    (0)   :  0.006 0.004 0.006 0.984 
 74  ZFBP203    (0)   :  0.006 0.040 0.010 0.945 
 75  ZFBP204    (0)   :  0.021 0.007 0.004 0.968 
 76  ZFBP205    (0)   :  0.007 0.006 0.004 0.983 
 77  ZFBP206    (0)   :  0.011 0.007 0.007 0.976 
 78  ZFBP207    (0)   :  0.025 0.004 0.004 0.967 
 79  ZFBP208    (0)   :  0.007 0.013 0.005 0.975 
 80  ZFBP209    (0)   :  0.005 0.003 0.003 0.989 
 81  ZFBP210    (0)   :  0.008 0.010 0.005 0.977 
 82  ZFBP211    (0)   :  0.007 0.005 0.006 0.982 
 83  ZFBP212    (0)   :  0.005 0.004 0.006 0.985 
 84  ZFBP213    (0)   :  0.014 0.008 0.013 0.966 
 85  ZFBP214    (0)   :  0.052 0.008 0.008 0.933 
 86  ZFBP215    (0)   :  0.007 0.004 0.004 0.985 
 87  ZFBP216    (0)   :  0.007 0.014 0.006 0.973 
 88  ZFBP217    (0)   :  0.009 0.004 0.004 0.982 
 89  ZFBP218    (0)   :  0.003 0.004 0.003 0.990 
 90  ZFBP219    (0)   :  0.004 0.005 0.004 0.987 
 91  ZFBP220    (0)   :  0.011 0.005 0.003 0.981 
 92  ZFBP221    (0)   :  0.005 0.004 0.004 0.987 
 93  ZFBP222    (0)   :  0.007 0.007 0.006 0.980 
 94  ZFBP223    (0)   :  0.034 0.007 0.007 0.952 
 95  ZFBP224    (0)   :  0.007 0.007 0.006 0.980 
 96  ZFBP225    (0)   :  0.011 0.006 0.003 0.979 
 97  ZFBP226    (0)   :  0.005 0.006 0.004 0.985 
 98  ZFBP227    (0)   :  0.008 0.113 0.041 0.838 
 99  ZFBP228    (0)   :  0.016 0.004 0.005 0.975 
100  ZFBP229    (0)   :  0.006 0.004 0.003 0.987 
101  ZFBP230    (0)   :  0.011 0.005 0.004 0.981 
102  ZFBP231    (0)   :  0.007 0.005 0.006 0.982 
103  ZFBP232    (0)   :  0.005 0.004 0.003 0.988 
104  ZFBP233    (0)   :  0.006 0.005 0.006 0.983 
105   ZFCC01    (0)   :  0.969 0.005 0.021 0.005 
106   ZFCC03    (0)   :  0.986 0.004 0.006 0.005 
107   ZFCC04    (0)   :  0.981 0.005 0.008 0.006 
108   ZFCC05    (0)   :  0.979 0.005 0.009 0.006 
109   ZFCC08    (0)   :  0.964 0.004 0.006 0.025 
110   ZFCC09    (0)   :  0.984 0.004 0.008 0.004 
111   ZFCC10    (0)   :  0.960 0.005 0.030 0.005 
112   ZFCC11    (0)   :  0.983 0.004 0.008 0.005 
113   ZFCC12    (0)   :  0.885 0.017 0.092 0.006 
114   ZFCC13    (0)   :  0.971 0.011 0.006 0.012 
115   ZFCC14    (0)   :  0.961 0.009 0.022 0.008 
116   ZFCC15    (0)   :  0.978 0.010 0.007 0.005 
117   ZFCC16    (0)   :  0.978 0.006 0.011 0.005 
118   ZFCC17    (0)   :  0.977 0.008 0.011 0.004 
119   ZFCC18    (0)   :  0.982 0.004 0.009 0.005 
120   ZFCC19    (0)   :  0.963 0.021 0.012 0.004 
121   ZFCC20    (0)   :  0.985 0.005 0.005 0.005 
122   ZFCC21    (0)   :  0.792 0.061 0.022 0.125 
123   ZFCC22    (0)   :  0.464 0.012 0.015 0.509 
124   ZFCC26    (0)   :  0.982 0.006 0.009 0.004 
125   ZFCC27    (0)   :  0.988 0.004 0.004 0.004 
126   ZFCC29    (0)   :  0.969 0.010 0.016 0.005 
127   ZFCC30    (0)   :  0.989 0.004 0.003 0.004 
128   ZFCC32    (0)   :  0.974 0.009 0.011 0.006 
129   ZFCC33    (0)   :  0.978 0.009 0.009 0.004 
130   ZFCC34    (0)   :  0.943 0.007 0.022 0.028 
131   ZFCC35    (0)   :  0.986 0.005 0.004 0.005 
132   ZFCC36    (0)   :  0.954 0.024 0.008 0.014 
133   ZFCC37    (0)   :  0.872 0.031 0.087 0.009 
134   ZFCC40    (0)   :  0.974 0.007 0.013 0.006 
135   ZFCC42    (0)   :  0.628 0.146 0.221 0.005 
136   ZFCC44    (0)   :  0.988 0.005 0.004 0.003 
137   ZFCC45    (9)   :  0.940 0.021 0.034 0.005 
138   ZFCC46    (0)   :  0.975 0.006 0.004 0.015 
139   ZFCC47    (0)   :  0.917 0.009 0.068 0.006 
140   ZFCC48    (0)   :  0.902 0.013 0.013 0.072 
141   ZFCC50    (0)   :  0.982 0.006 0.009 0.004 
142   ZFCC51    (0)   :  0.987 0.004 0.006 0.004 
143   ZFCC52    (0)   :  0.975 0.006 0.006 0.012 
144   ZFCC53    (0)   :  0.988 0.004 0.005 0.003 
145  ZFCNS01    (0)   :  0.960 0.019 0.004 0.017 
146  ZFCNS02    (0)   :  0.982 0.003 0.003 0.012 
147  ZFCNS05    (0)   :  0.970 0.005 0.007 0.018 
148  ZFCNS06    (0)   :  0.977 0.004 0.005 0.014 
149  ZFCNS07    (0)   :  0.577 0.005 0.005 0.413 
150  ZFCNS10    (0)   :  0.913 0.005 0.003 0.079 
151  ZFCNS11    (0)   :  0.975 0.008 0.004 0.013 
152  ZFCNS15    (0)   :  0.165 0.006 0.007 0.822 
153  ZFCNS17    (0)   :  0.982 0.004 0.004 0.010 
154  ZFCNS18    (0)   :  0.961 0.004 0.004 0.031 
155  ZFCNS19    (0)   :  0.985 0.004 0.004 0.007 
156  ZFCNS20    (0)   :  0.856 0.005 0.005 0.134 
157  ZFCNS21    (0)   :  0.983 0.005 0.004 0.009 
158  ZFCNS22    (0)   :  0.854 0.005 0.008 0.133 
159  ZFCNS23    (0)   :  0.976 0.005 0.005 0.014 
160  ZFCNS24    (0)   :  0.984 0.004 0.003 0.009 
161  ZFCNS25    (0)   :  0.933 0.004 0.004 0.059 
162  ZFCNS26    (0)   :  0.695 0.005 0.007 0.293 
163  ZFCNS27    (0)   :  0.094 0.007 0.006 0.893 
164  ZFCNS28    (0)   :  0.966 0.004 0.008 0.022 
165  ZFCNS29    (0)   :  0.977 0.004 0.005 0.014 
166  ZFCNS30    (0)   :  0.983 0.004 0.005 0.008 
167  ZFCNS31    (0)   :  0.934 0.005 0.005 0.056 
168  ZFCNS32    (0)   :  0.950 0.004 0.007 0.038 
169  ZFCNS33    (0)   :  0.966 0.004 0.005 0.025 
170  ZFCNS34    (0)   :  0.986 0.004 0.004 0.006 
171  ZFCNS35    (0)   :  0.963 0.004 0.009 0.024 
172  ZFCNS36    (0)   :  0.986 0.004 0.004 0.007 
173  ZFCNS37    (0)   :  0.923 0.007 0.005 0.065 
174  ZFCNS39    (0)   :  0.982 0.004 0.003 0.011 
175  ZFCNS40    (0)   :  0.948 0.006 0.003 0.043 
176  ZFCNS41    (0)   :  0.766 0.013 0.008 0.213 
177  ZFCNS42    (0)   :  0.943 0.005 0.005 0.047 
178  ZFCNS43    (0)   :  0.985 0.004 0.004 0.007 
179  ZFCNS44    (0)   :  0.973 0.005 0.004 0.018 
180  ZFCNS46    (0)   :  0.967 0.006 0.004 0.023 
181  ZFCNS47    (0)   :  0.980 0.004 0.004 0.012 
182  ZFCNS48    (0)   :  0.942 0.005 0.004 0.049 
183  ZFCNS49    (0)   :  0.185 0.005 0.006 0.804 
184   ZFCR01    (0)   :  0.009 0.370 0.551 0.070 
185   ZFCR02    (0)   :  0.015 0.915 0.050 0.020 
186   ZFCR03    (0)   :  0.020 0.308 0.616 0.057 
187   ZFCR04    (0)   :  0.030 0.200 0.718 0.053 
188   ZFCR05    (0)   :  0.015 0.869 0.109 0.008 
189   ZFCR06    (0)   :  0.185 0.494 0.121 0.200 
190   ZFCR07    (0)   :  0.121 0.803 0.060 0.016 
191   ZFCR08    (0)   :  0.029 0.872 0.064 0.036 
192   ZFCR09    (0)   :  0.107 0.292 0.482 0.119 
193   ZFCR11    (0)   :  0.029 0.519 0.331 0.121 
194   ZFCR12    (0)   :  0.188 0.710 0.014 0.088 
195   ZFCR13    (0)   :  0.010 0.891 0.012 0.087 
196   ZFCR14    (0)   :  0.013 0.932 0.040 0.015 
197   ZFCR15    (0)   :  0.010 0.929 0.044 0.017 
198   ZFCR16    (0)   :  0.008 0.845 0.108 0.040 
199   ZFCR18    (0)   :  0.096 0.084 0.784 0.036 
200   ZFCR19    (0)   :  0.041 0.192 0.536 0.231 
201   ZFCR20    (0)   :  0.010 0.040 0.902 0.048 
202   ZFCR21    (0)   :  0.018 0.934 0.023 0.025 
203   ZFCR22    (0)   :  0.005 0.968 0.014 0.013 
204   ZFCR23    (0)   :  0.005 0.867 0.029 0.099 
205   ZFCR24    (9)   :  0.008 0.301 0.221 0.470 
206   ZFCR25    (0)   :  0.005 0.959 0.031 0.005 
207   ZFCR26    (0)   :  0.034 0.502 0.355 0.109 
208   ZFCR27    (9)   :  0.005 0.888 0.102 0.004 
209   ZFCR28    (0)   :  0.028 0.599 0.009 0.363 
210   ZFCR29    (0)   :  0.008 0.613 0.359 0.019 
211   ZFCR30    (0)   :  0.008 0.972 0.012 0.008 
212   ZFCR31    (0)   :  0.088 0.296 0.416 0.200 
213   ZFCR33    (0)   :  0.032 0.923 0.034 0.012 
214   ZFCR34    (0)   :  0.034 0.902 0.034 0.030 
215   ZFCR35    (0)   :  0.034 0.144 0.801 0.021 
216   ZFCR36    (0)   :  0.018 0.860 0.111 0.011 
217   ZFCR37    (0)   :  0.022 0.945 0.028 0.005 
218   ZFCR38    (0)   :  0.024 0.925 0.045 0.007 
219   ZFCR39    (0)   :  0.018 0.940 0.017 0.026 
220   ZFCR40    (0)   :  0.011 0.967 0.016 0.006 
221   ZFCR41    (0)   :  0.121 0.833 0.012 0.034 
222   ZFCR42    (0)   :  0.051 0.899 0.009 0.042 
223   ZFCR43    (0)   :  0.009 0.804 0.089 0.098 
224  ZFENP25    (0)   :  0.020 0.890 0.069 0.020 
225  ZFENP26    (0)   :  0.005 0.980 0.012 0.003 
226  ZFENP27    (0)   :  0.390 0.253 0.327 0.030 
227  ZFENP28    (0)   :  0.013 0.955 0.027 0.005 
228  ZFENP29    (0)   :  0.009 0.980 0.007 0.004 
229  ZFENP30    (0)   :  0.036 0.947 0.012 0.005 
230  ZFENP31    (0)   :  0.023 0.953 0.018 0.006 
231  ZFENP32    (0)   :  0.057 0.682 0.242 0.019 
232  ZFENP33    (0)   :  0.008 0.925 0.061 0.005 
233  ZFENP34    (0)   :  0.062 0.312 0.610 0.016 
234  ZFENP35    (0)   :  0.008 0.975 0.011 0.006 
235  ZFENP36    (0)   :  0.007 0.971 0.018 0.003 
236  ZFENP37    (0)   :  0.015 0.900 0.077 0.008 
237  ZFENP38    (0)   :  0.022 0.962 0.008 0.007 
238  ZFENP39    (0)   :  0.011 0.945 0.041 0.004 
239  ZFENP40    (0)   :  0.010 0.945 0.037 0.007 
240  ZFENP41    (0)   :  0.042 0.937 0.015 0.007 
241  ZFENP42    (0)   :  0.005 0.988 0.004 0.004 
242  ZFENP43    (0)   :  0.082 0.888 0.016 0.014 
243  ZFENP44    (0)   :  0.016 0.969 0.010 0.005 
244  ZFENP45    (0)   :  0.014 0.774 0.012 0.199 
245  ZFENP46    (0)   :  0.005 0.958 0.025 0.011 
246  ZFENP47    (0)   :  0.025 0.913 0.038 0.024 
247  ZFENP48    (0)   :  0.104 0.222 0.638 0.037 
248  ZFENP49    (0)   :  0.033 0.776 0.169 0.022 
249  ZFENP50    (0)   :  0.005 0.966 0.006 0.023 
250  ZFENP51    (0)   :  0.006 0.913 0.068 0.013 
251  ZFENP52    (0)   :  0.021 0.966 0.005 0.009 
252  ZFENP53    (0)   :  0.010 0.961 0.008 0.021 
253  ZFENP54    (0)   :  0.017 0.917 0.023 0.044 
254  ZFENP55    (0)   :  0.005 0.806 0.184 0.006 
255  ZFENP56    (0)   :  0.009 0.971 0.014 0.006 
256  ZFENP57    (0)   :  0.010 0.965 0.019 0.005 
257  ZFENP58    (0)   :  0.083 0.869 0.015 0.032 
258  ZFENP59    (0)   :  0.027 0.950 0.018 0.005 
259  ZFENP60    (0)   :  0.010 0.926 0.056 0.008 
260  ZFENP61    (0)   :  0.010 0.949 0.037 0.003 
261 ZFFDSP01    (0)   :  0.006 0.003 0.005 0.986 
262 ZFFDSP02    (0)   :  0.005 0.003 0.004 0.988 
263 ZFFDSP04    (0)   :  0.004 0.003 0.005 0.987 
264 ZFFDSP05    (0)   :  0.005 0.005 0.004 0.986 
265 ZFFDSP06    (0)   :  0.006 0.003 0.004 0.987 
266 ZFFDSP07    (0)   :  0.014 0.007 0.005 0.975 
267 ZFFDSP08    (0)   :  0.012 0.005 0.003 0.979 
268 ZFFDSP10    (0)   :  0.006 0.005 0.005 0.984 
269 ZFFDSP11    (0)   :  0.005 0.005 0.005 0.986 
270 ZFFDSP12    (0)   :  0.005 0.004 0.003 0.989 
271 ZFFDSP13    (0)   :  0.026 0.008 0.005 0.961 
272 ZFFDSP14    (0)   :  0.006 0.004 0.005 0.984 
273 ZFFDSP16    (0)   :  0.011 0.007 0.008 0.974 
274 ZFFDSP17    (0)   :  0.005 0.004 0.004 0.987 
275 ZFFDSP18    (0)   :  0.007 0.003 0.008 0.981 
276 ZFFDSP19    (0)   :  0.021 0.004 0.006 0.969 
277 ZFFDSP21    (0)   :  0.018 0.003 0.004 0.975 
278 ZFFDSP22    (0)   :  0.005 0.003 0.003 0.989 
279 ZFFDSP23    (0)   :  0.005 0.003 0.003 0.989 
280 ZFFDSP24    (0)   :  0.007 0.004 0.006 0.983 
281 ZFFDSP26    (9)   :  0.006 0.004 0.004 0.986 
282 ZFFDSP27    (0)   :  0.006 0.003 0.006 0.985 
283 ZFFDSP28    (0)   :  0.017 0.018 0.088 0.877 
284 ZFFDSP30    (0)   :  0.015 0.005 0.014 0.965 
285 ZFFDSP31    (0)   :  0.007 0.004 0.005 0.984 
286 ZFFDSP32    (0)   :  0.005 0.004 0.004 0.988 
287 ZFFDSP33    (0)   :  0.003 0.003 0.004 0.989 
288 ZFFDSP34    (0)   :  0.006 0.003 0.004 0.987 
289 ZFFDSP35    (0)   :  0.005 0.004 0.005 0.986 
290 ZFFDSP37    (0)   :  0.005 0.004 0.005 0.986 
291 ZFFDSP38    (0)   :  0.005 0.003 0.005 0.987 
292 ZFFDSP39    (0)   :  0.005 0.003 0.004 0.989 
293 ZFFDSP40    (0)   :  0.005 0.004 0.005 0.986 
294 ZFFDSP42    (0)   :  0.006 0.003 0.004 0.987 
295 ZFFDSP43    (0)   :  0.005 0.003 0.004 0.988 
296 ZFFDSP44    (0)   :  0.006 0.004 0.006 0.984 
297 ZFFDSP45    (0)   :  0.007 0.004 0.005 0.985 
298 ZFFDSP46    (0)   :  0.007 0.004 0.005 0.984 
299 ZFFDSP47    (0)   :  0.006 0.004 0.004 0.987 
300 ZFFDSP48    (0)   :  0.007 0.004 0.004 0.985 
301    ZFI01    (0)   :  0.010 0.006 0.979 0.005 
302    ZFI02    (0)   :  0.006 0.006 0.983 0.006 
303    ZFI03    (0)   :  0.009 0.005 0.982 0.004 
304    ZFI04    (0)   :  0.006 0.007 0.984 0.004 
305    ZFI05    (0)   :  0.014 0.008 0.972 0.006 
306    ZFI06    (0)   :  0.016 0.008 0.962 0.014 
307    ZFI07    (0)   :  0.006 0.006 0.984 0.004 
308    ZFI08    (0)   :  0.005 0.007 0.984 0.004 
309    ZFI09    (0)   :  0.006 0.006 0.984 0.004 
310    ZFI10    (0)   :  0.016 0.009 0.966 0.009 
311    ZFI11    (0)   :  0.007 0.005 0.984 0.004 
312    ZFI12    (0)   :  0.012 0.006 0.977 0.005 
313    ZFI13    (0)   :  0.009 0.006 0.981 0.004 
314    ZFI14    (0)   :  0.008 0.005 0.976 0.011 
315    ZFI15    (0)   :  0.006 0.005 0.985 0.004 
316    ZFI16    (0)   :  0.006 0.005 0.985 0.004 
317    ZFI17    (0)   :  0.007 0.007 0.982 0.004 
318    ZFI18    (0)   :  0.005 0.006 0.985 0.004 
319    ZFI19    (9)   :  0.006 0.006 0.985 0.003 
320    ZFI20    (0)   :  0.006 0.006 0.982 0.006 
321    ZFI21    (0)   :  0.010 0.006 0.961 0.022 
322    ZFI22    (0)   :  0.006 0.004 0.984 0.006 
323    ZFI23    (0)   :  0.007 0.005 0.983 0.004 
324    ZFI24    (0)   :  0.011 0.006 0.977 0.005 
325    ZFI25    (0)   :  0.007 0.006 0.982 0.005 
326    ZFI26    (0)   :  0.007 0.006 0.983 0.004 
327    ZFI27    (0)   :  0.020 0.008 0.965 0.007 
328    ZFK01    (0)   :  0.963 0.019 0.008 0.011 
329    ZFK02    (0)   :  0.961 0.016 0.012 0.010 
330    ZFK03    (0)   :  0.944 0.028 0.018 0.009 
331    ZFK04    (0)   :  0.786 0.071 0.133 0.010 
332    ZFK05    (0)   :  0.818 0.104 0.072 0.006 
333    ZFK06    (0)   :  0.800 0.111 0.079 0.009 
334    ZFK07    (0)   :  0.937 0.045 0.006 0.011 
335    ZFK08    (0)   :  0.249 0.585 0.151 0.014 
336    ZFK10    (0)   :  0.860 0.029 0.101 0.011 
337    ZFK11    (0)   :  0.704 0.271 0.019 0.007 
338    ZFK12    (0)   :  0.830 0.135 0.007 0.028 
339    ZFK13    (0)   :  0.640 0.284 0.007 0.069 
340    ZFK14    (0)   :  0.960 0.018 0.006 0.016 
341    ZFK15    (0)   :  0.494 0.457 0.016 0.033 
342    ZFK16    (0)   :  0.879 0.083 0.004 0.033 
343   ZFLB01    (0)   :  0.005 0.978 0.008 0.009 
344   ZFLB02    (0)   :  0.004 0.977 0.014 0.005 
345   ZFLB03    (0)   :  0.018 0.971 0.005 0.006 
346   ZFLB04    (0)   :  0.066 0.875 0.019 0.039 
347   ZFLB05    (0)   :  0.006 0.974 0.013 0.006 
348   ZFLB06    (0)   :  0.008 0.980 0.006 0.006 
349   ZFLB07    (0)   :  0.020 0.962 0.005 0.013 
350   ZFLB08    (0)   :  0.005 0.978 0.013 0.004 
351   ZFLB09    (9)   :  0.007 0.970 0.018 0.005 
352   ZFLB10    (0)   :  0.008 0.972 0.015 0.005 
353   ZFLB11    (0)   :  0.006 0.984 0.005 0.005 
354   ZFLB12    (0)   :  0.005 0.983 0.008 0.003 
355   ZFLB13    (0)   :  0.006 0.981 0.007 0.005 
356  ZFLTI01    (0)   :  0.098 0.004 0.004 0.894 
357  ZFLTI02    (0)   :  0.509 0.005 0.005 0.481 
358  ZFLTI03    (0)   :  0.046 0.004 0.004 0.946 
359  ZFLTI04    (0)   :  0.125 0.007 0.007 0.861 
360  ZFLTI05    (0)   :  0.054 0.005 0.004 0.936 
361  ZFLTI06    (0)   :  0.009 0.003 0.004 0.984 
362  ZFLTI07    (0)   :  0.020 0.005 0.006 0.969 
363  ZFLTI08    (0)   :  0.070 0.007 0.008 0.915 
364  ZFLTI09    (0)   :  0.018 0.004 0.008 0.970 
365  ZFLTI10    (0)   :  0.025 0.004 0.005 0.965 
366  ZFLTI11    (0)   :  0.011 0.004 0.004 0.982 
367  ZFLTI12    (0)   :  0.035 0.004 0.004 0.957 
368  ZFLTI13    (0)   :  0.401 0.006 0.006 0.588 
369  ZFLTI14    (0)   :  0.930 0.005 0.007 0.059 
370 ZFONF101    (0)   :  0.003 0.003 0.003 0.991 
371 ZFONF102    (0)   :  0.003 0.006 0.005 0.986 
372 ZFONF103    (0)   :  0.022 0.005 0.004 0.968 
373 ZFONF104    (0)   :  0.004 0.002 0.003 0.991 
374 ZFONF105    (0)   :  0.006 0.003 0.003 0.988 
375 ZFONF106    (0)   :  0.005 0.003 0.004 0.988 
376 ZFONF107    (0)   :  0.024 0.049 0.029 0.898 
377 ZFONF108    (0)   :  0.027 0.011 0.006 0.955 
378 ZFONF109    (9)   :  0.014 0.006 0.005 0.975 
379 ZFONF110    (0)   :  0.006 0.003 0.003 0.989 
380 ZFONF111    (0)   :  0.009 0.017 0.013 0.961 
381 ZFONF112    (0)   :  0.006 0.003 0.003 0.987 
382 ZFONF113    (9)   :  0.007 0.005 0.003 0.985 
383 ZFONF115    (0)   :  0.009 0.004 0.005 0.982 
384 ZFONF116    (0)   :  0.007 0.004 0.006 0.983 
385 ZFONF117    (0)   :  0.013 0.005 0.004 0.978 
386 ZFONF118    (0)   :  0.010 0.003 0.006 0.980 
387 ZFONF119    (0)   :  0.010 0.005 0.004 0.981 
388 ZFONF120    (0)   :  0.013 0.007 0.004 0.977 
389 ZFONF121    (0)   :  0.006 0.005 0.004 0.986 
390 ZFONF122    (0)   :  0.029 0.006 0.008 0.958 
391 ZFONF123    (0)   :  0.006 0.022 0.008 0.963 
392 ZFONF124    (0)   :  0.008 0.006 0.003 0.982 
393 ZFONF125    (0)   :  0.017 0.050 0.007 0.926 
394 ZFONF126    (0)   :  0.011 0.004 0.005 0.980 
395 ZFONF201    (0)   :  0.057 0.068 0.100 0.775 
396 ZFONF202    (0)   :  0.008 0.003 0.003 0.985 
397 ZFONF203    (0)   :  0.009 0.014 0.005 0.973 
398 ZFONF204    (0)   :  0.144 0.082 0.019 0.755 
399 ZFONF206    (0)   :  0.012 0.299 0.024 0.664 
400 ZFONF207    (0)   :  0.009 0.014 0.005 0.973 
401 ZFONF208    (0)   :  0.014 0.010 0.005 0.970 
402 ZFONF209    (0)   :  0.180 0.022 0.018 0.780 
403 ZFONF210    (0)   :  0.010 0.003 0.002 0.984 
404 ZFONF211    (0)   :  0.012 0.006 0.003 0.979 
405 ZFONF212    (0)   :  0.004 0.003 0.003 0.990 
406 ZFONF214    (0)   :  0.009 0.005 0.003 0.983 
407 ZFONF215    (0)   :  0.006 0.003 0.003 0.989 
408 ZFONF216    (0)   :  0.008 0.005 0.003 0.985 
409 ZFONF217    (0)   :  0.008 0.004 0.003 0.985 
410 ZFONF218    (0)   :  0.005 0.027 0.007 0.962 
411 ZFONF219    (0)   :  0.004 0.004 0.002 0.989 
412 ZFONF220    (0)   :  0.008 0.004 0.003 0.984 
413 ZFONF222    (0)   :  0.010 0.018 0.005 0.967 
414 ZFONF223    (0)   :  0.005 0.018 0.006 0.971 
415 ZFONF224    (0)   :  0.006 0.006 0.003 0.985 
416 ZFONF225    (0)   :  0.005 0.003 0.002 0.989 
417 ZFONF226    (0)   :  0.008 0.004 0.003 0.985 
418 ZFONF227    (0)   :  0.006 0.003 0.002 0.989 
419 ZFONF228    (0)   :  0.005 0.003 0.003 0.989 
420 ZFONF230    (0)   :  0.005 0.003 0.002 0.990 
421 ZFONF231    (0)   :  0.014 0.004 0.003 0.979 
422 ZFONF232    (0)   :  0.004 0.005 0.003 0.989 
423 ZFONF233    (0)   :  0.012 0.006 0.003 0.980 
424 ZFONF234    (0)   :  0.009 0.022 0.003 0.965 
425 ZFONF235    (0)   :  0.010 0.005 0.002 0.983 
426 ZFONF236    (0)   :  0.064 0.036 0.023 0.877 
427 ZFONF238    (0)   :  0.006 0.007 0.004 0.983 
428 ZFONF239    (0)   :  0.056 0.035 0.029 0.880 
429 ZFONF240    (0)   :  0.015 0.003 0.002 0.980 
430 ZFONF241    (0)   :  0.005 0.011 0.005 0.978 
431 ZFONF242    (0)   :  0.012 0.006 0.003 0.979 
432 ZFONF243    (0)   :  0.011 0.005 0.003 0.981 
433 ZFONF244    (0)   :  0.007 0.004 0.003 0.986 
434 ZFONF245    (0)   :  0.010 0.005 0.002 0.983 
435   ZFOS01    (0)   :  0.960 0.006 0.005 0.030 
436   ZFOS02    (0)   :  0.915 0.013 0.040 0.031 
437   ZFOS03    (0)   :  0.908 0.059 0.022 0.012 
438   ZFOS04    (0)   :  0.925 0.008 0.017 0.050 
439   ZFOS05    (0)   :  0.960 0.006 0.008 0.026 
440   ZFOS06    (0)   :  0.971 0.009 0.006 0.013 
441   ZFOS07    (0)   :  0.949 0.006 0.039 0.006 
442   ZFOS08    (0)   :  0.955 0.005 0.028 0.012 
443   ZFOS09    (0)   :  0.809 0.044 0.039 0.108 
444   ZFOS10    (0)   :  0.911 0.021 0.065 0.004 
445   ZFOS11    (0)   :  0.921 0.048 0.013 0.017 
446   ZFOS12    (0)   :  0.536 0.374 0.063 0.028 
447   ZFOS13    (0)   :  0.955 0.010 0.020 0.015 
448   ZFOS14    (0)   :  0.773 0.052 0.161 0.015 
449   ZFOS15    (0)   :  0.980 0.006 0.010 0.004 
450   ZFOS16    (0)   :  0.944 0.012 0.017 0.027 
451   ZFOS17    (0)   :  0.970 0.010 0.015 0.005 
452   ZFOS18    (0)   :  0.972 0.012 0.012 0.004 
453   ZFOS19    (0)   :  0.978 0.010 0.007 0.005 
454   ZFOS20    (0)   :  0.971 0.009 0.014 0.006 
455   ZFOS21    (0)   :  0.968 0.005 0.011 0.015 
456   ZFOS22    (0)   :  0.978 0.009 0.004 0.009 
457   ZFOS23    (0)   :  0.583 0.039 0.375 0.003 
458   ZFOS24    (0)   :  0.986 0.005 0.005 0.004 
459   ZFOS25    (0)   :  0.954 0.006 0.007 0.032 
460   ZFOS26    (0)   :  0.860 0.007 0.010 0.123 
461   ZFOS27    (0)   :  0.968 0.008 0.006 0.018 
462   ZFOS28    (0)   :  0.947 0.016 0.029 0.008 
463   ZFOS29    (0)   :  0.963 0.012 0.017 0.008 
464   ZFOS30    (0)   :  0.965 0.006 0.014 0.015 
465   ZFOS31    (0)   :  0.677 0.048 0.116 0.159 
466   ZFOS32    (0)   :  0.962 0.009 0.014 0.015 
467   ZFPB01    (0)   :  0.005 0.982 0.011 0.003 
468   ZFPB02    (0)   :  0.004 0.987 0.004 0.006 
469   ZFPB03    (0)   :  0.017 0.967 0.008 0.008 
470   ZFPB05    (0)   :  0.003 0.989 0.004 0.004 
471   ZFPB06    (0)   :  0.006 0.981 0.010 0.003 
472   ZFPB07    (0)   :  0.003 0.985 0.004 0.007 
473   ZFPB08    (0)   :  0.005 0.982 0.006 0.006 
474   ZFPB10    (0)   :  0.005 0.987 0.005 0.003 
475   ZFPB11    (0)   :  0.004 0.989 0.004 0.003 
476   ZFPB12    (0)   :  0.004 0.988 0.005 0.003 
477   ZFPB13    (0)   :  0.004 0.981 0.008 0.007 
478   ZFPB14    (0)   :  0.004 0.984 0.005 0.007 
479   ZFPB15    (0)   :  0.006 0.980 0.005 0.009 
480   ZFPB17    (0)   :  0.004 0.988 0.005 0.003 
481   ZFPB18    (0)   :  0.003 0.989 0.004 0.004 
482   ZFPB19    (0)   :  0.006 0.974 0.014 0.006 
483   ZFPB20    (0)   :  0.003 0.989 0.004 0.004 
484   ZFPB21    (0)   :  0.005 0.981 0.005 0.008 
485   ZFPB22    (0)   :  0.004 0.988 0.005 0.003 
486   ZFPB23    (0)   :  0.004 0.985 0.006 0.005 
487   ZFSF01    (0)   :  0.006 0.079 0.911 0.004 
488   ZFSF02    (0)   :  0.027 0.442 0.492 0.039 
489   ZFSF03    (0)   :  0.005 0.090 0.901 0.004 
490   ZFSF04    (0)   :  0.008 0.006 0.980 0.007 
491  ZFSW101    (0)   :  0.007 0.006 0.946 0.041 
492  ZFSW102    (0)   :  0.007 0.007 0.978 0.007 
493  ZFSW103    (0)   :  0.015 0.007 0.953 0.025 
494  ZFSW104    (9)   :  0.020 0.016 0.938 0.026 
495  ZFSW105    (0)   :  0.007 0.005 0.962 0.025 
496  ZFSW106    (0)   :  0.009 0.041 0.921 0.028 
497  ZFSW107    (0)   :  0.005 0.006 0.983 0.006 
498  ZFSW108    (0)   :  0.004 0.007 0.985 0.003 
499  ZFSW109    (0)   :  0.008 0.004 0.981 0.007 
500  ZFSW110    (0)   :  0.009 0.007 0.958 0.026 
501  ZFSW111    (0)   :  0.015 0.008 0.903 0.074 
502  ZFSW112    (0)   :  0.029 0.006 0.951 0.014 
503  ZFSW113    (0)   :  0.011 0.018 0.934 0.037 
504  ZFSW114    (0)   :  0.006 0.006 0.980 0.008 
505  ZFSW115    (0)   :  0.007 0.027 0.958 0.009 
506  ZFSW116    (0)   :  0.007 0.013 0.959 0.021 
507  ZFSW117    (0)   :  0.014 0.011 0.939 0.036 
508  ZFSW119    (0)   :  0.006 0.010 0.980 0.003 
509  ZFSW120    (0)   :  0.004 0.013 0.981 0.002 
510  ZFSW121    (0)   :  0.013 0.028 0.926 0.032 
511  ZFSW122    (0)   :  0.008 0.004 0.978 0.009 
512  ZFSW123    (0)   :  0.004 0.004 0.988 0.004 
513  ZFSW124    (0)   :  0.006 0.005 0.985 0.004 
514  ZFSW201    (0)   :  0.006 0.010 0.981 0.004 
515  ZFSW202    (0)   :  0.006 0.005 0.985 0.004 
516  ZFSW203    (0)   :  0.007 0.006 0.984 0.004 
517  ZFSW204    (0)   :  0.011 0.008 0.977 0.005 
518  ZFSW205    (0)   :  0.007 0.006 0.982 0.005 
519  ZFSW206    (0)   :  0.006 0.013 0.976 0.005 
520  ZFSW207    (0)   :  0.007 0.005 0.981 0.008 
521  ZFSW208    (0)   :  0.006 0.010 0.979 0.005 
522  ZFSW209    (0)   :  0.006 0.042 0.946 0.006 
523  ZFSW210    (0)   :  0.020 0.008 0.953 0.019 
524  ZFSW211    (0)   :  0.010 0.022 0.960 0.009 
525  ZFSW212    (0)   :  0.009 0.007 0.978 0.007 
526  ZFSW213    (0)   :  0.007 0.005 0.984 0.005 
527  ZFSW214    (0)   :  0.009 0.006 0.979 0.007 
528  ZFSW215    (0)   :  0.006 0.005 0.985 0.004 
529  ZFSW216    (0)   :  0.011 0.009 0.973 0.008 
530  ZFSW217    (0)   :  0.007 0.005 0.983 0.004 
531  ZFSW218    (0)   :  0.008 0.005 0.982 0.005 
532  ZFSW219    (0)   :  0.016 0.018 0.957 0.008 
533  ZFSW220    (0)   :  0.006 0.013 0.975 0.005 
534  ZFSW221    (0)   :  0.009 0.012 0.973 0.007 
535  ZFSW222    (0)   :  0.004 0.006 0.987 0.003 
536  ZFSW223    (0)   :  0.006 0.014 0.976 0.004 
537  ZFSW224    (0)   :  0.009 0.013 0.972 0.006 
538  ZFSW225    (0)   :  0.007 0.008 0.980 0.005 
539  ZFSW226    (0)   :  0.006 0.006 0.984 0.005 
540  ZFSW227    (0)   :  0.006 0.006 0.983 0.005 
541  ZFSW229    (0)   :  0.006 0.008 0.981 0.005 
542  ZFSW230    (0)   :  0.008 0.005 0.977 0.010 
543  ZFSW231    (0)   :  0.007 0.011 0.977 0.005 
544  ZFSW232    (0)   :  0.005 0.007 0.985 0.004 
545  ZFSW233    (0)   :  0.006 0.013 0.975 0.006 
546  ZFSW234    (0)   :  0.005 0.005 0.987 0.003 
547  ZFSW235    (0)   :  0.010 0.011 0.974 0.005 
548  ZFSW236    (0)   :  0.007 0.004 0.984 0.005 
549  ZFSW237    (0)   :  0.011 0.008 0.976 0.005 
550  ZFSW238    (0)   :  0.043 0.103 0.818 0.036 
551  ZFSW239    (0)   :  0.005 0.005 0.984 0.007 
552  ZFSW240    (0)   :  0.005 0.006 0.985 0.004 
553   ZFTS01    (0)   :  0.003 0.016 0.976 0.005 
554   ZFTS02    (0)   :  0.005 0.008 0.980 0.008 
555   ZFTS03    (0)   :  0.005 0.006 0.984 0.004 
556   ZFTS04    (0)   :  0.004 0.016 0.976 0.004 
557   ZFTS05    (0)   :  0.009 0.209 0.777 0.005 
558   ZFTS07    (0)   :  0.004 0.060 0.931 0.004 
559   ZFTS08    (0)   :  0.004 0.011 0.982 0.003 
560   ZFTS09    (0)   :  0.004 0.020 0.974 0.003 
561   ZFTS10    (0)   :  0.004 0.006 0.985 0.004 
562   ZFTS11    (0)   :  0.004 0.013 0.979 0.004 
563   ZFTS12    (0)   :  0.006 0.021 0.969 0.004 
564   ZFTS14    (0)   :  0.005 0.043 0.947 0.005 
565   ZFTS15    (0)   :  0.004 0.060 0.930 0.006 
566   ZFTS16    (0)   :  0.005 0.007 0.981 0.006 
567   ZFTS17    (9)   :  0.007 0.031 0.957 0.005 
568   ZFTS18    (0)   :  0.004 0.006 0.986 0.003 
569   ZFTS19    (9)   :  0.005 0.007 0.985 0.003 
570   ZFTS20    (0)   :  0.005 0.014 0.977 0.004 
571   ZFTS21    (0)   :  0.004 0.020 0.972 0.003 
572   ZFTS22    (0)   :  0.004 0.017 0.975 0.003 
573   ZFTS23    (0)   :  0.006 0.020 0.968 0.005 
574   ZFTS24    (0)   :  0.005 0.008 0.984 0.003 
575   ZFTS25    (0)   :  0.003 0.024 0.966 0.007 
576   ZFTS26    (0)   :  0.004 0.005 0.989 0.003 
577   ZFTS27    (0)   :  0.006 0.051 0.938 0.005 
578   ZFTS28    (0)   :  0.013 0.256 0.720 0.012 
579   ZFTS29    (0)   :  0.004 0.032 0.961 0.003 
580   ZFTS30    (0)   :  0.004 0.046 0.946 0.004 
581   ZFTS31    (0)   :  0.008 0.031 0.956 0.005 
582   ZFTS32    (0)   :  0.006 0.024 0.965 0.005 
583   ZFTS33    (0)   :  0.006 0.029 0.959 0.006 
584   ZFTS34    (0)   :  0.004 0.009 0.982 0.005 
585   ZFTS35    (0)   :  0.004 0.006 0.986 0.004 
586   ZFTS36    (0)   :  0.004 0.018 0.973 0.004 
587   ZFTS37    (0)   :  0.005 0.009 0.982 0.004 
588   ZFTS38    (0)   :  0.006 0.017 0.972 0.005 
589   ZFTS39    (0)   :  0.005 0.012 0.979 0.004 
590   ZFTS40    (0)   :  0.008 0.042 0.936 0.014 
591 ZFTSP101    (0)   :  0.072 0.006 0.004 0.918 
592 ZFTSP102    (0)   :  0.946 0.006 0.006 0.041 
593 ZFTSP103    (0)   :  0.967 0.005 0.004 0.024 
594 ZFTSP104    (0)   :  0.006 0.004 0.003 0.987 
595 ZFTSP105    (0)   :  0.755 0.006 0.006 0.232 
596 ZFTSP106    (0)   :  0.009 0.007 0.004 0.981 
597 ZFTSP107    (0)   :  0.107 0.009 0.004 0.880 
598 ZFTSP108    (0)   :  0.028 0.008 0.003 0.961 
599 ZFTSP109    (0)   :  0.015 0.011 0.004 0.970 
600 ZFTSP110    (0)   :  0.016 0.007 0.004 0.974 
601 ZFTSP111    (0)   :  0.021 0.005 0.004 0.970 
602 ZFTSP112    (0)   :  0.068 0.005 0.005 0.921 
603 ZFTSP113    (0)   :  0.015 0.012 0.004 0.969 
604 ZFTSP114    (0)   :  0.039 0.006 0.003 0.952 
605 ZFTSP115    (0)   :  0.031 0.005 0.004 0.960 
606 ZFTSP116    (0)   :  0.075 0.006 0.004 0.915 
607 ZFTSP117    (0)   :  0.010 0.004 0.004 0.983 
608 ZFTSP118    (0)   :  0.121 0.005 0.005 0.868 
609 ZFTSP119    (0)   :  0.011 0.044 0.036 0.909 
610 ZFTSP120    (0)   :  0.037 0.003 0.005 0.955 
611 ZFTSP121    (0)   :  0.297 0.061 0.017 0.625 
612 ZFTSP122    (0)   :  0.189 0.005 0.003 0.803 
613 ZFTSP123    (0)   :  0.007 0.005 0.003 0.985 
614 ZFTSP124    (0)   :  0.013 0.005 0.002 0.980 
615 ZFTSP125    (0)   :  0.008 0.005 0.002 0.985 
616 ZFTSP126    (0)   :  0.015 0.008 0.004 0.974 
617 ZFTSP127    (0)   :  0.013 0.005 0.003 0.979 
618 ZFTSP128    (0)   :  0.043 0.006 0.003 0.948 
619 ZFTSP129    (0)   :  0.027 0.004 0.003 0.966 
620 ZFTSP130    (0)   :  0.013 0.005 0.002 0.979 
621 ZFTSP131    (0)   :  0.014 0.004 0.003 0.979 
622 ZFTSP132    (0)   :  0.041 0.007 0.006 0.946 
623 ZFTSP133    (0)   :  0.044 0.003 0.003 0.950 
624 ZFTSP134    (0)   :  0.039 0.005 0.003 0.953 
625 ZFTSP135    (0)   :  0.046 0.004 0.004 0.946 
626 ZFTSP136    (0)   :  0.023 0.004 0.005 0.969 
627 ZFTSP137    (0)   :  0.057 0.030 0.011 0.902 
628 ZFTSP138    (0)   :  0.021 0.006 0.004 0.970 
629 ZFTSP139    (0)   :  0.008 0.003 0.003 0.986 
630 ZFTSP140    (0)   :  0.085 0.011 0.005 0.900 
631 ZFTSP141    (0)   :  0.166 0.008 0.008 0.818 
632 ZFTSP142    (0)   :  0.546 0.012 0.005 0.437 
633 ZFTSP143    (0)   :  0.029 0.004 0.004 0.962 
634 ZFTSP144    (0)   :  0.169 0.007 0.009 0.816 
635 ZFTSP145    (0)   :  0.479 0.004 0.004 0.513 
636 ZFTSP201    (9)   :  0.013 0.007 0.004 0.976 
637 ZFTSP202    (0)   :  0.183 0.021 0.005 0.791 
638 ZFTSP203    (0)   :  0.012 0.005 0.005 0.979 
639 ZFTSP204    (0)   :  0.030 0.004 0.005 0.961 
640 ZFTSP205    (0)   :  0.081 0.013 0.006 0.900 
641 ZFTSP206    (0)   :  0.016 0.006 0.006 0.972 
642 ZFTSP207    (0)   :  0.006 0.004 0.006 0.984 
643 ZFTSP208    (0)   :  0.013 0.005 0.009 0.972 
644 ZFTSP209    (0)   :  0.020 0.004 0.004 0.972 
645 ZFTSP210    (0)   :  0.007 0.004 0.005 0.984 
646 ZFTSP211    (0)   :  0.046 0.010 0.006 0.938 
647 ZFTSP212    (0)   :  0.009 0.003 0.003 0.985 
648 ZFTSP213    (0)   :  0.011 0.007 0.003 0.979 
649 ZFTSP214    (0)   :  0.893 0.005 0.004 0.098 
650 ZFTSP215    (0)   :  0.164 0.005 0.004 0.826 
651 ZFTSP216    (0)   :  0.217 0.061 0.018 0.704 
652 ZFTSP217    (0)   :  0.006 0.007 0.004 0.983 
653 ZFTSP218    (0)   :  0.011 0.007 0.004 0.978 
654 ZFTSP219    (0)   :  0.064 0.008 0.007 0.921 
655 ZFTSP220    (0)   :  0.047 0.023 0.010 0.920 
656 ZFTSP221    (0)   :  0.018 0.008 0.005 0.970 
657 ZFTSP222    (0)   :  0.012 0.166 0.007 0.815 
658 ZFTSP223    (0)   :  0.015 0.005 0.003 0.977 
659 ZFTSP224    (0)   :  0.335 0.006 0.003 0.656 
660 ZFTSP225    (0)   :  0.013 0.005 0.005 0.978 
661 ZFTSP226    (0)   :  0.148 0.007 0.004 0.841 
662 ZFTSP227    (0)   :  0.013 0.019 0.005 0.964 
663 ZFTSP228    (0)   :  0.245 0.017 0.006 0.731 
664    ZFW01    (0)   :  0.005 0.005 0.985 0.005 
665    ZFW02    (0)   :  0.005 0.007 0.984 0.005 
666    ZFW03    (0)   :  0.004 0.005 0.985 0.005 
667    ZFW04    (0)   :  0.005 0.005 0.986 0.003 
668    ZFW05    (0)   :  0.056 0.131 0.796 0.018 
669    ZFW06    (0)   :  0.005 0.017 0.974 0.004 
670   ZFWB01    (0)   :  0.040 0.841 0.045 0.075 
671   ZFWB02    (0)   :  0.033 0.676 0.271 0.019 
672   ZFWB03    (0)   :  0.031 0.924 0.024 0.022 
673   ZFWB05    (0)   :  0.018 0.763 0.127 0.091 
674   ZFWB06    (0)   :  0.033 0.754 0.145 0.069 
675   ZFWB07    (0)   :  0.015 0.958 0.008 0.018 
676   ZFWB10    (0)   :  0.026 0.648 0.178 0.148 
677   ZFWB11    (0)   :  0.013 0.966 0.008 0.013 
678   ZFWB12    (0)   :  0.086 0.835 0.040 0.039 
679   ZFWB13    (9)   :  0.261 0.634 0.016 0.089 
680   ZFWB14    (0)   :  0.018 0.905 0.020 0.058 
681   ZFWB15    (9)   :  0.022 0.796 0.128 0.055 
682   ZFWB18    (0)   :  0.016 0.950 0.005 0.029 
683   ZFWB19    (0)   :  0.007 0.967 0.019 0.007 
684   ZFWB20    (0)   :  0.007 0.970 0.012 0.011 
685   ZFWB21    (0)   :  0.021 0.954 0.009 0.016 
686   ZFWB22    (0)   :  0.030 0.844 0.081 0.045 
687   ZFWB23    (0)   :  0.248 0.322 0.035 0.395 
688   ZFWB24    (0)   :  0.017 0.905 0.029 0.049 
689   ZFWB25    (0)   :  0.013 0.852 0.101 0.034 
690   ZFWB26    (0)   :  0.010 0.961 0.018 0.010 
691   ZFWB27    (0)   :  0.011 0.961 0.013 0.014 
692   ZFWB29    (0)   :  0.016 0.840 0.130 0.014 
693   ZFWB30    (0)   :  0.028 0.950 0.009 0.012 
694   ZFWB31    (0)   :  0.022 0.941 0.006 0.031 
695   ZFWB32    (9)   :  0.015 0.943 0.028 0.014 
696   ZFWB35    (0)   :  0.014 0.967 0.005 0.013 
697   ZFWB36    (0)   :  0.017 0.951 0.014 0.017 
698   ZFWB37    (0)   :  0.017 0.956 0.011 0.017 
699   ZFWB38    (0)   :  0.008 0.950 0.025 0.017 
700   ZFWB39    (9)   :  0.049 0.908 0.009 0.033 
701   ZFWB40    (0)   :  0.037 0.927 0.010 0.026 
702   ZFWB41    (9)   :  0.033 0.904 0.020 0.042 
703   ZFWB42    (0)   :  0.018 0.949 0.008 0.026 
704   ZFWB43    (0)   :  0.008 0.977 0.006 0.009 
705   ZFWB44    (0)   :  0.008 0.896 0.089 0.007 
706   ZFWB46    (0)   :  0.012 0.964 0.013 0.011 
707   ZFWB47    (9)   :  0.023 0.898 0.056 0.024 
708   ZFWB48    (0)   :  0.023 0.932 0.009 0.037 
709   ZFWB49    (0)   :  0.020 0.724 0.013 0.243 
710    ZCF01    (0)   :  0.012 0.969 0.013 0.005 
711    ZCF02    (0)   :  0.005 0.882 0.109 0.004 
712    ZCF03    (0)   :  0.007 0.978 0.010 0.005 
713    ZCF04    (0)   :  0.004 0.986 0.005 0.005 
714    ZCF05    (0)   :  0.005 0.845 0.145 0.004 
715    ZCF06    (0)   :  0.052 0.930 0.006 0.013 
716    ZCF07    (0)   :  0.008 0.971 0.017 0.004 
717    ZCF08    (0)   :  0.007 0.982 0.005 0.006 
718    ZCF09    (0)   :  0.104 0.711 0.006 0.179 
719    ZCF10    (0)   :  0.013 0.958 0.014 0.015 
720    ZCF11    (0)   :  0.006 0.972 0.013 0.009 
721    ZCF12    (0)   :  0.004 0.982 0.010 0.003 
722    ZCF13    (0)   :  0.005 0.978 0.010 0.007 
723    ZCF14    (0)   :  0.019 0.910 0.051 0.020 
724    ZCF15    (0)   :  0.007 0.982 0.007 0.004 
725    ZCF16    (0)   :  0.009 0.981 0.007 0.004 
726    ZCF17    (0)   :  0.006 0.983 0.007 0.004 
727    ZCF18    (0)   :  0.005 0.978 0.010 0.006 
728    ZCF19    (0)   :  0.008 0.957 0.032 0.004 
729    ZCF20    (0)   :  0.007 0.964 0.016 0.013 
730    ZCF21    (0)   :  0.008 0.974 0.013 0.005 
731    ZCF22    (0)   :  0.013 0.942 0.037 0.009 
732    ZCF23    (0)   :  0.004 0.976 0.013 0.007 
733    ZCF24    (0)   :  0.043 0.931 0.004 0.023 
734    ZCF25    (0)   :  0.010 0.975 0.005 0.009 
735    ZCF26    (0)   :  0.037 0.949 0.007 0.008 
736    ZCF27    (0)   :  0.007 0.980 0.009 0.004 
737    ZCF28    (0)   :  0.007 0.972 0.017 0.004 
738    ZCF29    (0)   :  0.018 0.951 0.009 0.021 
739    ZCF30    (0)   :  0.008 0.983 0.005 0.004 
740    ZCF31    (0)   :  0.004 0.981 0.011 0.004 
741    ZCF32    (0)   :  0.006 0.881 0.108 0.005 
742    ZCF33    (0)   :  0.005 0.871 0.121 0.004 
743    ZCF34    (0)   :  0.011 0.856 0.018 0.115 
744    ZCF35    (0)   :  0.005 0.983 0.004 0.008 
745    ZCF36    (0)   :  0.009 0.697 0.278 0.017 
746    ZCF37    (0)   :  0.005 0.969 0.019 0.007 
747    ZCF38    (0)   :  0.007 0.979 0.006 0.008 
748    ZCF39    (0)   :  0.006 0.339 0.011 0.644 
749    ZCF40    (0)   :  0.019 0.962 0.006 0.014 
750    ZCF41    (0)   :  0.013 0.961 0.023 0.004 
751    ZCF42    (0)   :  0.036 0.951 0.005 0.008 


Estimated Allele Frequencies in each cluster
First column gives estimated ancestral frequencies


Locus 1 : 
11 alleles
0.0% missing data
 206   (0.186) 0.366 0.125 0.188 0.255 
 204   (0.374) 0.575 0.682 0.552 0.623 
 222   (0.061) 0.001 0.067 0.082 0.000 
 218   (0.073) 0.037 0.002 0.112 0.070 
 216   (0.028) 0.000 0.001 0.000 0.006 
 208   (0.042) 0.000 0.005 0.000 0.030 
 224   (0.074) 0.020 0.021 0.053 0.000 
 220   (0.084) 0.001 0.085 0.012 0.015 
