

----------------------------------------------------
STRUCTURE by Pritchard, Stephens and Donnelly (2000)
     and Falush, Stephens and Pritchard (2003)
       Code by Pritchard, Falush and Hubisz
             Version 2.3.4 (Jul 2012)
----------------------------------------------------



Command line arguments:   bin\structure -m C:\Users\eschumacher\Documents\GitHub\GCC_QUAC_ZAIN\Data_Files\Structure_Files\ZAIN\ZAIN_wild_rebinned_nopopinfo\50-50\mainparams -e C:\Users\eschumacher\Documents\GitHub\GCC_QUAC_ZAIN\Data_Files\Structure_Files\ZAIN\ZAIN_wild_rebinned_nopopinfo\50-50\extraparams 
Input File:    C:\Users\eschumacher\Documents\GitHub\GCC_QUAC_ZAIN\Data_Files\Structure_Files\ZAIN\ZAIN_wild_rebinned_nopopinfo\project_data

Run parameters:
   751 individuals
   11 loci
   15 populations assumed
   50000 Burn-in period
   50000 Reps


--------------------------------------------
Overall proportion of membership of the
sample in each of the 15 clusters

Inferred Clusters
  1      2      3      4      5      6      7      8      9     10     11     12     13     14     15    
0.070  0.080  0.060  0.066  0.072  0.074  0.056  0.032  0.091  0.053  0.060  0.058  0.092  0.085  0.051  

--------------------------------------------

Allele-freq. divergence among pops (Net nucleotide distance),
computed using point estimates of P.

      1       2       3       4       5       6       7       8       9      10      11      12      13      14      15      
 1      -    0.3621  0.2452  0.2767  0.3270  0.0416  0.1963  0.2682  0.2757  0.2152  0.1688  0.2242  0.0768  0.2775  0.0941  
 2   0.3621     -    0.1261  0.3909  0.2598  0.2979  0.1349  0.2519  0.2116  0.1307  0.3859  0.2899  0.3133  0.2861  0.3266  
 3   0.2452  0.1261     -    0.2006  0.1383  0.2011  0.0798  0.1638  0.1424  0.0273  0.2729  0.1206  0.1617  0.1660  0.2009  
 4   0.2767  0.3909  0.2006     -    0.3127  0.2691  0.2792  0.2511  0.3007  0.2191  0.3006  0.2581  0.1340  0.2061  0.2388  
 5   0.3270  0.2598  0.1383  0.3127     -    0.2790  0.1049  0.2841  0.1032  0.1048  0.3985  0.2109  0.2863  0.1930  0.2991  
 6   0.0416  0.2979  0.2011  0.2691  0.2790     -    0.1585  0.2032  0.2625  0.1760  0.1277  0.1564  0.0754  0.2184  0.0759  
 7   0.1963  0.1349  0.0798  0.2792  0.1049  0.1585     -    0.1843  0.0833  0.0419  0.2292  0.1346  0.1774  0.1490  0.1816  
 8   0.2682  0.2519  0.1638  0.2511  0.2841  0.2032  0.1843     -    0.2619  0.1518  0.2888  0.1915  0.1958  0.2049  0.2068  
 9   0.2757  0.2116  0.1424  0.3007  0.1032  0.2625  0.0833  0.2619     -    0.1101  0.3818  0.2307  0.2677  0.2258  0.2787  
10   0.2152  0.1307  0.0273  0.2191  0.1048  0.1760  0.0419  0.1518  0.1101     -    0.2653  0.1176  0.1566  0.1352  0.1955  
11   0.1688  0.3859  0.2729  0.3006  0.3985  0.1277  0.2292  0.2888  0.3818  0.2653     -    0.1910  0.1368  0.2148  0.1152  
12   0.2242  0.2899  0.1206  0.2581  0.2109  0.1564  0.1346  0.1915  0.2307  0.1176  0.1910     -    0.1310  0.1948  0.2120  
13   0.0768  0.3133  0.1617  0.1340  0.2863  0.0754  0.1774  0.1958  0.2677  0.1566  0.1368  0.1310     -    0.1771  0.1133  
14   0.2775  0.2861  0.1660  0.2061  0.1930  0.2184  0.1490  0.2049  0.2258  0.1352  0.2148  0.1948  0.1771     -    0.2185  
15   0.0941  0.3266  0.2009  0.2388  0.2991  0.0759  0.1816  0.2068  0.2787  0.1955  0.1152  0.2120  0.1133  0.2185     -    

Average distances (expected heterozygosity) between individuals in same cluster:
cluster  1  : 0.3128 
cluster  2  : 0.3863 
cluster  3  : 0.5433 
cluster  4  : 0.2212 
cluster  5  : 0.3034 
cluster  6  : 0.3876 
cluster  7  : 0.5886 
cluster  8  : 0.2385 
cluster  9  : 0.4664 
cluster 10  : 0.5533 
cluster 11  : 0.3555 
cluster 12  : 0.3825 
cluster 13  : 0.4248 
cluster 14  : 0.3854 
cluster 15  : 0.3974 

--------------------------------------------
Estimated Ln Prob of Data   = -20448.0
Mean value of ln likelihood = -12627.0
Variance of ln likelihood   = 15642.0
Mean value of alpha         = 0.0324

Mean value of Fst_1         = 0.5048
Mean value of Fst_2         = 0.4901
Mean value of Fst_3         = 0.1687
Mean value of Fst_4         = 0.6721
Mean value of Fst_5         = 0.5331
Mean value of Fst_6         = 0.3823
Mean value of Fst_7         = 0.2710
Mean value of Fst_8         = 0.6535
Mean value of Fst_9         = 0.4685
Mean value of Fst_10         = 0.1827
Mean value of Fst_11         = 0.4562
Mean value of Fst_12         = 0.4303
Mean value of Fst_13         = 0.4297
Mean value of Fst_14         = 0.4202
Mean value of Fst_15         = 0.3969


Inferred ancestry of individuals:
        Label (%Miss) :  Inferred clusters
  1    ZFB01    (0)   :  0.005 0.006 0.003 0.003 0.009 0.003 0.005 0.002 0.945 0.004 0.003 0.003 0.003 0.004 0.003 
  2    ZFB02    (0)   :  0.003 0.031 0.006 0.002 0.014 0.005 0.046 0.007 0.848 0.015 0.003 0.005 0.003 0.011 0.003 
  3    ZFB03    (0)   :  0.013 0.004 0.014 0.018 0.020 0.008 0.012 0.004 0.855 0.017 0.002 0.010 0.012 0.007 0.005 
  4    ZFB04    (0)   :  0.004 0.025 0.004 0.002 0.006 0.006 0.020 0.008 0.899 0.009 0.003 0.003 0.002 0.006 0.002 
  5    ZFB05    (0)   :  0.002 0.093 0.039 0.009 0.010 0.004 0.017 0.041 0.704 0.031 0.010 0.025 0.005 0.008 0.003 
  6    ZFB06    (0)   :  0.002 0.059 0.039 0.009 0.010 0.004 0.013 0.021 0.773 0.024 0.012 0.021 0.005 0.007 0.002 
  7    ZFB07    (9)   :  0.008 0.007 0.034 0.005 0.074 0.006 0.008 0.006 0.781 0.040 0.007 0.012 0.005 0.004 0.005 
  8    ZFB08    (0)   :  0.011 0.005 0.006 0.005 0.026 0.008 0.013 0.011 0.854 0.007 0.008 0.022 0.008 0.007 0.009 
  9    ZFB09    (0)   :  0.003 0.003 0.003 0.003 0.008 0.003 0.005 0.003 0.949 0.004 0.002 0.004 0.003 0.004 0.003 
 10    ZFB10    (0)   :  0.028 0.006 0.003 0.002 0.004 0.014 0.013 0.007 0.886 0.007 0.006 0.005 0.007 0.005 0.008 
 11    ZFB11    (0)   :  0.006 0.010 0.003 0.002 0.004 0.004 0.006 0.004 0.940 0.004 0.003 0.003 0.003 0.004 0.004 
 12    ZFB12    (0)   :  0.006 0.020 0.010 0.004 0.005 0.007 0.015 0.003 0.879 0.013 0.003 0.022 0.005 0.004 0.004 
 13    ZFB13    (0)   :  0.012 0.006 0.006 0.004 0.007 0.010 0.033 0.015 0.854 0.010 0.008 0.013 0.008 0.004 0.012 
 14    ZFB14    (0)   :  0.006 0.004 0.003 0.003 0.005 0.004 0.009 0.004 0.938 0.006 0.003 0.004 0.003 0.005 0.004 
 15    ZFB15    (0)   :  0.003 0.007 0.003 0.002 0.007 0.003 0.007 0.003 0.950 0.004 0.002 0.004 0.002 0.003 0.002 
 16    ZFB16    (0)   :  0.009 0.008 0.004 0.003 0.005 0.007 0.014 0.011 0.905 0.007 0.004 0.008 0.006 0.002 0.006 
 17    ZFB17    (0)   :  0.007 0.018 0.007 0.002 0.006 0.013 0.014 0.029 0.838 0.011 0.007 0.024 0.007 0.012 0.004 
 18    ZFB18    (0)   :  0.004 0.003 0.003 0.002 0.005 0.003 0.007 0.003 0.951 0.005 0.002 0.003 0.002 0.004 0.003 
 19    ZFB19    (0)   :  0.059 0.006 0.031 0.005 0.031 0.027 0.183 0.005 0.466 0.120 0.008 0.028 0.016 0.004 0.011 
 20    ZFB20    (0)   :  0.007 0.023 0.005 0.002 0.005 0.008 0.017 0.020 0.877 0.009 0.005 0.009 0.005 0.003 0.005 
 21    ZFB21    (0)   :  0.003 0.006 0.005 0.003 0.007 0.002 0.004 0.004 0.949 0.005 0.002 0.003 0.002 0.003 0.002 
 22    ZFB22    (0)   :  0.008 0.034 0.006 0.002 0.005 0.008 0.014 0.005 0.874 0.008 0.008 0.009 0.007 0.006 0.004 
 23    ZFB23    (0)   :  0.005 0.010 0.004 0.003 0.003 0.004 0.006 0.005 0.940 0.004 0.003 0.003 0.003 0.003 0.004 
 24    ZFB24    (0)   :  0.005 0.014 0.004 0.003 0.005 0.004 0.005 0.005 0.938 0.003 0.002 0.003 0.003 0.003 0.004 
 25    ZFB25    (0)   :  0.016 0.004 0.003 0.003 0.004 0.007 0.004 0.003 0.934 0.003 0.003 0.003 0.005 0.004 0.005 
 26    ZFB26    (0)   :  0.010 0.021 0.005 0.003 0.004 0.006 0.005 0.009 0.915 0.004 0.003 0.003 0.004 0.004 0.005 
 27    ZFB27    (0)   :  0.006 0.033 0.004 0.002 0.004 0.004 0.005 0.003 0.920 0.003 0.003 0.002 0.003 0.003 0.003 
 28    ZFB28    (0)   :  0.005 0.075 0.023 0.004 0.004 0.008 0.015 0.012 0.792 0.028 0.003 0.013 0.005 0.007 0.005 
 29    ZFB29    (0)   :  0.003 0.009 0.004 0.002 0.004 0.003 0.010 0.008 0.937 0.005 0.002 0.003 0.002 0.005 0.003 
 30    ZFB30    (0)   :  0.004 0.085 0.125 0.007 0.021 0.004 0.007 0.004 0.673 0.028 0.014 0.016 0.005 0.003 0.004 
 31    ZFB31    (0)   :  0.018 0.006 0.004 0.003 0.005 0.008 0.010 0.003 0.915 0.006 0.003 0.003 0.005 0.005 0.006 
 32    ZFB32    (0)   :  0.007 0.047 0.023 0.007 0.007 0.014 0.013 0.020 0.768 0.023 0.004 0.031 0.008 0.019 0.008 
 33    ZFB33    (0)   :  0.003 0.006 0.004 0.002 0.006 0.003 0.005 0.003 0.954 0.003 0.002 0.002 0.002 0.003 0.002 
 34    ZFB34    (0)   :  0.004 0.003 0.004 0.004 0.017 0.003 0.006 0.004 0.931 0.006 0.003 0.004 0.003 0.005 0.003 
 35    ZFB35    (0)   :  0.006 0.006 0.004 0.004 0.013 0.005 0.005 0.006 0.926 0.005 0.003 0.004 0.004 0.004 0.004 
 36  ZFBP101    (0)   :  0.125 0.005 0.005 0.017 0.005 0.336 0.011 0.104 0.009 0.010 0.039 0.012 0.215 0.053 0.055 
 37  ZFBP102    (0)   :  0.163 0.008 0.009 0.004 0.005 0.358 0.016 0.032 0.012 0.015 0.018 0.007 0.214 0.008 0.132 
 38  ZFBP103    (0)   :  0.222 0.005 0.005 0.032 0.004 0.067 0.010 0.036 0.007 0.009 0.010 0.006 0.453 0.123 0.011 
 39  ZFBP104    (0)   :  0.642 0.005 0.012 0.008 0.020 0.030 0.013 0.006 0.014 0.013 0.007 0.027 0.180 0.004 0.020 
 40  ZFBP105    (0)   :  0.320 0.005 0.007 0.016 0.005 0.140 0.007 0.008 0.006 0.008 0.006 0.010 0.067 0.006 0.389 
 41  ZFBP106    (0)   :  0.596 0.003 0.004 0.020 0.003 0.172 0.003 0.013 0.003 0.004 0.011 0.005 0.043 0.007 0.113 
 42  ZFBP107    (0)   :  0.515 0.024 0.025 0.019 0.005 0.033 0.007 0.055 0.007 0.014 0.004 0.009 0.107 0.008 0.167 
 43  ZFBP108    (0)   :  0.740 0.003 0.003 0.006 0.004 0.161 0.003 0.005 0.002 0.003 0.006 0.003 0.010 0.003 0.049 
 44  ZFBP109    (0)   :  0.076 0.002 0.004 0.006 0.014 0.673 0.004 0.004 0.003 0.005 0.006 0.004 0.048 0.005 0.146 
 45  ZFBP110    (0)   :  0.087 0.005 0.016 0.093 0.008 0.433 0.031 0.033 0.034 0.033 0.005 0.009 0.153 0.021 0.037 
 46  ZFBP111    (0)   :  0.148 0.003 0.004 0.011 0.003 0.384 0.003 0.005 0.003 0.004 0.119 0.014 0.254 0.004 0.042 
 47  ZFBP112    (0)   :  0.028 0.004 0.003 0.008 0.003 0.861 0.004 0.009 0.003 0.004 0.031 0.006 0.011 0.008 0.019 
 48  ZFBP113    (0)   :  0.655 0.004 0.003 0.003 0.003 0.291 0.004 0.004 0.003 0.004 0.004 0.006 0.009 0.003 0.006 
 49  ZFBP114    (0)   :  0.064 0.005 0.006 0.005 0.004 0.063 0.003 0.011 0.003 0.005 0.005 0.003 0.073 0.004 0.747 
 50  ZFBP115    (0)   :  0.036 0.003 0.004 0.016 0.003 0.029 0.003 0.009 0.002 0.004 0.012 0.008 0.811 0.007 0.052 
 51  ZFBP116    (0)   :  0.710 0.004 0.005 0.005 0.003 0.205 0.003 0.006 0.002 0.005 0.006 0.007 0.019 0.004 0.015 
 52  ZFBP117    (0)   :  0.558 0.002 0.005 0.009 0.004 0.125 0.005 0.007 0.003 0.006 0.009 0.005 0.025 0.013 0.223 
 53  ZFBP118    (0)   :  0.374 0.010 0.013 0.004 0.003 0.074 0.003 0.021 0.004 0.005 0.011 0.004 0.051 0.005 0.418 
 54  ZFBP119    (0)   :  0.044 0.002 0.004 0.014 0.004 0.042 0.005 0.014 0.003 0.007 0.022 0.023 0.253 0.025 0.539 
 55  ZFBP120    (0)   :  0.445 0.005 0.008 0.018 0.007 0.159 0.006 0.007 0.008 0.008 0.006 0.011 0.116 0.005 0.192 
 56  ZFBP121    (0)   :  0.197 0.003 0.005 0.009 0.006 0.350 0.006 0.009 0.005 0.005 0.005 0.005 0.016 0.010 0.369 
 57  ZFBP122    (9)   :  0.438 0.003 0.004 0.006 0.004 0.468 0.004 0.006 0.003 0.004 0.008 0.007 0.021 0.004 0.020 
 58  ZFBP123    (0)   :  0.017 0.004 0.003 0.005 0.003 0.901 0.003 0.017 0.002 0.004 0.010 0.007 0.009 0.006 0.007 
 59  ZFBP124    (0)   :  0.154 0.005 0.004 0.005 0.019 0.458 0.005 0.010 0.006 0.005 0.005 0.005 0.025 0.006 0.287 
 60  ZFBP125    (0)   :  0.752 0.002 0.003 0.008 0.002 0.024 0.003 0.006 0.002 0.003 0.018 0.004 0.024 0.007 0.140 
 61  ZFBP126    (0)   :  0.604 0.007 0.009 0.003 0.004 0.260 0.018 0.017 0.008 0.018 0.006 0.014 0.013 0.012 0.009 
 62  ZFBP127    (0)   :  0.083 0.003 0.005 0.086 0.004 0.617 0.003 0.007 0.003 0.004 0.005 0.003 0.121 0.017 0.040 
 63  ZFBP128    (0)   :  0.725 0.002 0.002 0.020 0.004 0.131 0.004 0.009 0.003 0.003 0.036 0.004 0.019 0.022 0.015 
 64  ZFBP129    (0)   :  0.347 0.003 0.005 0.008 0.011 0.175 0.006 0.009 0.005 0.008 0.145 0.006 0.008 0.013 0.251 
 65  ZFBP130    (0)   :  0.600 0.003 0.003 0.014 0.002 0.127 0.003 0.012 0.002 0.004 0.072 0.009 0.050 0.033 0.067 
 66  ZFBP131    (0)   :  0.524 0.004 0.004 0.003 0.004 0.359 0.004 0.003 0.003 0.004 0.005 0.005 0.005 0.004 0.070 
 67  ZFBP132    (0)   :  0.330 0.003 0.004 0.023 0.003 0.390 0.004 0.004 0.005 0.004 0.004 0.003 0.018 0.004 0.201 
 68  ZFBP133    (0)   :  0.214 0.002 0.002 0.003 0.003 0.709 0.004 0.003 0.002 0.003 0.028 0.006 0.006 0.007 0.007 
 69  ZFBP134    (0)   :  0.054 0.003 0.003 0.010 0.003 0.200 0.004 0.003 0.003 0.004 0.010 0.011 0.657 0.024 0.011 
 70  ZFBP135    (0)   :  0.455 0.004 0.006 0.024 0.006 0.107 0.020 0.071 0.009 0.013 0.014 0.006 0.035 0.187 0.044 
 71  ZFBP136    (0)   :  0.052 0.005 0.004 0.017 0.003 0.643 0.005 0.097 0.003 0.005 0.027 0.006 0.081 0.030 0.023 
 72  ZFBP201    (0)   :  0.021 0.004 0.004 0.007 0.004 0.916 0.005 0.005 0.004 0.005 0.003 0.005 0.007 0.004 0.007 
 73  ZFBP202    (0)   :  0.471 0.003 0.006 0.016 0.010 0.323 0.005 0.007 0.006 0.005 0.011 0.008 0.041 0.005 0.084 
 74  ZFBP203    (0)   :  0.050 0.034 0.021 0.005 0.005 0.792 0.011 0.007 0.006 0.016 0.010 0.020 0.010 0.004 0.010 
 75  ZFBP204    (0)   :  0.096 0.006 0.006 0.023 0.004 0.227 0.006 0.046 0.004 0.007 0.026 0.011 0.168 0.014 0.355 
 76  ZFBP205    (0)   :  0.010 0.003 0.003 0.003 0.003 0.790 0.004 0.007 0.002 0.004 0.007 0.005 0.025 0.005 0.130 
 77  ZFBP206    (0)   :  0.010 0.004 0.003 0.004 0.004 0.918 0.004 0.012 0.003 0.004 0.011 0.007 0.006 0.005 0.006 
 78  ZFBP207    (0)   :  0.010 0.005 0.004 0.124 0.004 0.069 0.005 0.008 0.005 0.007 0.007 0.006 0.136 0.012 0.596 
 79  ZFBP208    (0)   :  0.008 0.006 0.004 0.003 0.003 0.931 0.004 0.007 0.002 0.004 0.005 0.008 0.005 0.004 0.006 
 80  ZFBP209    (0)   :  0.049 0.002 0.002 0.003 0.003 0.848 0.003 0.003 0.002 0.003 0.042 0.005 0.007 0.009 0.019 
 81  ZFBP210    (0)   :  0.009 0.005 0.004 0.006 0.004 0.931 0.003 0.004 0.003 0.004 0.005 0.006 0.006 0.003 0.006 
 82  ZFBP211    (0)   :  0.188 0.003 0.004 0.011 0.007 0.109 0.004 0.009 0.007 0.004 0.004 0.006 0.014 0.004 0.626 
 83  ZFBP212    (0)   :  0.500 0.003 0.004 0.064 0.004 0.265 0.003 0.003 0.008 0.003 0.007 0.004 0.078 0.002 0.050 
 84  ZFBP213    (0)   :  0.028 0.004 0.005 0.013 0.011 0.856 0.004 0.020 0.005 0.006 0.007 0.010 0.009 0.009 0.013 
 85  ZFBP214    (0)   :  0.007 0.003 0.006 0.021 0.009 0.832 0.005 0.014 0.004 0.007 0.018 0.025 0.014 0.026 0.009 
 86  ZFBP215    (0)   :  0.484 0.002 0.003 0.006 0.004 0.441 0.003 0.005 0.003 0.004 0.008 0.004 0.008 0.006 0.019 
 87  ZFBP216    (0)   :  0.155 0.006 0.009 0.006 0.005 0.688 0.005 0.006 0.004 0.008 0.005 0.026 0.028 0.005 0.043 
 88  ZFBP217    (0)   :  0.013 0.004 0.007 0.027 0.004 0.778 0.004 0.004 0.004 0.004 0.071 0.023 0.037 0.005 0.015 
 89  ZFBP218    (0)   :  0.174 0.003 0.003 0.003 0.007 0.494 0.003 0.003 0.002 0.003 0.016 0.006 0.032 0.004 0.246 
 90  ZFBP219    (0)   :  0.540 0.003 0.004 0.003 0.003 0.408 0.003 0.003 0.002 0.004 0.004 0.005 0.007 0.003 0.007 
 91  ZFBP220    (0)   :  0.195 0.003 0.003 0.016 0.003 0.620 0.004 0.007 0.003 0.004 0.031 0.007 0.063 0.020 0.022 
 92  ZFBP221    (0)   :  0.115 0.003 0.003 0.008 0.005 0.217 0.003 0.003 0.004 0.004 0.008 0.006 0.497 0.003 0.121 
 93  ZFBP222    (0)   :  0.037 0.003 0.003 0.003 0.004 0.898 0.005 0.004 0.003 0.004 0.005 0.006 0.005 0.006 0.012 
 94  ZFBP223    (0)   :  0.055 0.004 0.006 0.251 0.005 0.476 0.005 0.009 0.008 0.006 0.008 0.005 0.069 0.008 0.084 
 95  ZFBP224    (0)   :  0.020 0.003 0.005 0.005 0.006 0.908 0.004 0.010 0.003 0.005 0.004 0.006 0.009 0.004 0.008 
 96  ZFBP225    (0)   :  0.118 0.007 0.007 0.027 0.003 0.276 0.005 0.008 0.003 0.007 0.248 0.013 0.246 0.011 0.021 
 97  ZFBP226    (0)   :  0.234 0.004 0.004 0.005 0.004 0.651 0.004 0.005 0.003 0.004 0.005 0.006 0.011 0.003 0.058 
 98  ZFBP227    (0)   :  0.204 0.006 0.023 0.010 0.016 0.310 0.013 0.009 0.008 0.026 0.007 0.130 0.179 0.005 0.053 
 99  ZFBP228    (0)   :  0.175 0.003 0.004 0.074 0.005 0.118 0.004 0.006 0.004 0.005 0.007 0.005 0.358 0.017 0.214 
100  ZFBP229    (0)   :  0.646 0.003 0.004 0.005 0.003 0.197 0.005 0.003 0.003 0.004 0.029 0.006 0.026 0.008 0.059 
101  ZFBP230    (0)   :  0.070 0.003 0.004 0.010 0.003 0.675 0.005 0.008 0.003 0.005 0.027 0.009 0.103 0.024 0.051 
102  ZFBP231    (0)   :  0.050 0.005 0.006 0.009 0.008 0.071 0.006 0.023 0.006 0.008 0.006 0.009 0.021 0.004 0.769 
103  ZFBP232    (0)   :  0.242 0.003 0.003 0.004 0.003 0.201 0.003 0.005 0.003 0.003 0.007 0.004 0.010 0.004 0.504 
104  ZFBP233    (0)   :  0.050 0.003 0.005 0.009 0.008 0.781 0.004 0.008 0.007 0.005 0.017 0.009 0.029 0.004 0.062 
105   ZFCC01    (0)   :  0.003 0.005 0.004 0.005 0.018 0.005 0.006 0.008 0.004 0.004 0.004 0.005 0.003 0.922 0.003 
106   ZFCC03    (0)   :  0.003 0.003 0.003 0.010 0.008 0.005 0.004 0.005 0.003 0.004 0.004 0.003 0.003 0.939 0.003 
107   ZFCC04    (0)   :  0.003 0.004 0.004 0.005 0.006 0.006 0.004 0.012 0.004 0.004 0.007 0.005 0.004 0.928 0.003 
108   ZFCC05    (0)   :  0.005 0.005 0.007 0.016 0.012 0.009 0.005 0.042 0.006 0.007 0.006 0.008 0.007 0.859 0.005 
109   ZFCC08    (0)   :  0.007 0.003 0.003 0.005 0.010 0.014 0.004 0.009 0.002 0.004 0.023 0.008 0.011 0.884 0.013 
110   ZFCC09    (0)   :  0.003 0.003 0.003 0.007 0.012 0.003 0.003 0.007 0.004 0.003 0.003 0.003 0.003 0.935 0.006 
111   ZFCC10    (0)   :  0.003 0.004 0.004 0.004 0.042 0.005 0.004 0.008 0.004 0.004 0.003 0.003 0.003 0.905 0.005 
112   ZFCC11    (0)   :  0.004 0.004 0.004 0.012 0.012 0.006 0.004 0.009 0.004 0.005 0.004 0.005 0.004 0.921 0.004 
113   ZFCC12    (0)   :  0.006 0.044 0.012 0.009 0.025 0.009 0.055 0.045 0.009 0.020 0.006 0.008 0.008 0.741 0.004 
114   ZFCC13    (0)   :  0.009 0.008 0.005 0.008 0.004 0.013 0.005 0.008 0.004 0.006 0.007 0.011 0.013 0.891 0.006 
115   ZFCC14    (0)   :  0.010 0.006 0.006 0.005 0.008 0.010 0.010 0.027 0.009 0.008 0.007 0.004 0.004 0.879 0.007 
116   ZFCC15    (0)   :  0.003 0.005 0.005 0.005 0.005 0.004 0.005 0.006 0.003 0.005 0.004 0.008 0.004 0.935 0.003 
117   ZFCC16    (0)   :  0.003 0.004 0.004 0.004 0.006 0.004 0.005 0.014 0.005 0.005 0.005 0.005 0.003 0.931 0.003 
118   ZFCC17    (0)   :  0.003 0.011 0.006 0.005 0.007 0.003 0.007 0.047 0.006 0.004 0.003 0.004 0.003 0.887 0.003 
119   ZFCC18    (0)   :  0.004 0.004 0.004 0.008 0.010 0.006 0.004 0.008 0.004 0.004 0.006 0.004 0.004 0.927 0.003 
120   ZFCC19    (0)   :  0.002 0.008 0.005 0.003 0.004 0.003 0.005 0.009 0.004 0.006 0.003 0.007 0.003 0.936 0.003 
121   ZFCC20    (0)   :  0.003 0.003 0.004 0.007 0.004 0.004 0.004 0.011 0.004 0.005 0.006 0.008 0.006 0.927 0.003 
122   ZFCC21    (0)   :  0.020 0.006 0.004 0.003 0.006 0.128 0.018 0.013 0.006 0.020 0.030 0.040 0.014 0.684 0.008 
123   ZFCC22    (0)   :  0.049 0.004 0.003 0.007 0.016 0.220 0.005 0.011 0.003 0.004 0.033 0.008 0.066 0.539 0.030 
124   ZFCC26    (0)   :  0.003 0.003 0.003 0.004 0.006 0.004 0.005 0.008 0.004 0.004 0.004 0.004 0.003 0.941 0.003 
125   ZFCC27    (0)   :  0.003 0.003 0.003 0.007 0.005 0.003 0.003 0.006 0.003 0.004 0.003 0.003 0.003 0.947 0.003 
126   ZFCC29    (0)   :  0.003 0.005 0.004 0.005 0.007 0.005 0.006 0.018 0.007 0.007 0.005 0.010 0.004 0.910 0.004 
127   ZFCC30    (0)   :  0.003 0.003 0.003 0.010 0.004 0.003 0.003 0.007 0.003 0.003 0.005 0.004 0.004 0.941 0.004 
128   ZFCC32    (0)   :  0.003 0.008 0.005 0.006 0.008 0.005 0.006 0.010 0.004 0.006 0.005 0.013 0.006 0.913 0.005 
129   ZFCC33    (0)   :  0.004 0.004 0.006 0.008 0.007 0.004 0.007 0.338 0.008 0.013 0.004 0.005 0.005 0.582 0.004 
130   ZFCC34    (0)   :  0.055 0.013 0.006 0.068 0.023 0.050 0.015 0.047 0.027 0.006 0.017 0.007 0.028 0.571 0.067 
131   ZFCC35    (0)   :  0.002 0.003 0.003 0.003 0.005 0.003 0.003 0.007 0.002 0.003 0.004 0.004 0.004 0.949 0.005 
132   ZFCC36    (0)   :  0.007 0.015 0.005 0.004 0.005 0.016 0.005 0.012 0.003 0.006 0.009 0.017 0.008 0.883 0.005 
133   ZFCC37    (0)   :  0.008 0.032 0.013 0.007 0.039 0.015 0.054 0.036 0.009 0.022 0.006 0.011 0.011 0.730 0.005 
134   ZFCC40    (0)   :  0.005 0.009 0.004 0.003 0.009 0.008 0.005 0.014 0.005 0.004 0.003 0.003 0.003 0.921 0.004 
135   ZFCC42    (0)   :  0.003 0.268 0.028 0.048 0.006 0.007 0.052 0.454 0.032 0.013 0.006 0.005 0.009 0.065 0.005 
136   ZFCC44    (0)   :  0.003 0.005 0.005 0.010 0.003 0.003 0.003 0.014 0.003 0.003 0.003 0.002 0.004 0.936 0.004 
137   ZFCC45    (9)   :  0.005 0.017 0.019 0.009 0.016 0.007 0.010 0.056 0.008 0.014 0.004 0.008 0.005 0.818 0.004 
138   ZFCC46    (0)   :  0.011 0.005 0.003 0.009 0.003 0.019 0.004 0.015 0.003 0.004 0.036 0.007 0.020 0.849 0.011 
139   ZFCC47    (0)   :  0.003 0.024 0.005 0.006 0.029 0.005 0.022 0.008 0.006 0.005 0.006 0.006 0.005 0.862 0.008 
140   ZFCC48    (0)   :  0.019 0.004 0.003 0.003 0.006 0.079 0.010 0.016 0.005 0.011 0.039 0.011 0.012 0.773 0.009 
141   ZFCC50    (0)   :  0.002 0.004 0.004 0.003 0.005 0.003 0.004 0.009 0.004 0.003 0.003 0.004 0.003 0.945 0.003 
142   ZFCC51    (0)   :  0.003 0.003 0.003 0.009 0.005 0.003 0.003 0.004 0.004 0.003 0.003 0.003 0.003 0.948 0.003 
143   ZFCC52    (0)   :  0.012 0.008 0.004 0.006 0.005 0.025 0.005 0.043 0.004 0.005 0.016 0.009 0.010 0.837 0.012 
144   ZFCC53    (0)   :  0.003 0.003 0.003 0.006 0.004 0.003 0.003 0.005 0.003 0.003 0.003 0.003 0.003 0.952 0.003 
145  ZFCNS01    (0)   :  0.006 0.019 0.029 0.807 0.003 0.007 0.007 0.003 0.002 0.025 0.003 0.044 0.035 0.006 0.004 
146  ZFCNS02    (0)   :  0.003 0.002 0.003 0.953 0.003 0.003 0.002 0.003 0.002 0.003 0.004 0.003 0.005 0.005 0.005 
147  ZFCNS05    (0)   :  0.007 0.003 0.003 0.927 0.005 0.007 0.003 0.006 0.005 0.004 0.004 0.006 0.007 0.007 0.007 
148  ZFCNS06    (0)   :  0.004 0.002 0.003 0.951 0.003 0.004 0.003 0.003 0.003 0.003 0.004 0.003 0.004 0.005 0.005 
149  ZFCNS07    (0)   :  0.006 0.002 0.003 0.939 0.003 0.004 0.003 0.003 0.003 0.003 0.009 0.003 0.006 0.004 0.010 
150  ZFCNS10    (0)   :  0.009 0.004 0.003 0.923 0.002 0.008 0.002 0.003 0.003 0.003 0.005 0.003 0.020 0.005 0.007 
151  ZFCNS11    (0)   :  0.005 0.010 0.013 0.890 0.003 0.006 0.005 0.003 0.002 0.010 0.004 0.021 0.015 0.007 0.004 
152  ZFCNS15    (0)   :  0.033 0.002 0.003 0.874 0.003 0.010 0.004 0.006 0.004 0.004 0.007 0.004 0.031 0.003 0.013 
153  ZFCNS17    (0)   :  0.004 0.002 0.003 0.953 0.003 0.003 0.002 0.004 0.003 0.003 0.004 0.003 0.004 0.005 0.004 
154  ZFCNS18    (0)   :  0.011 0.004 0.003 0.928 0.003 0.008 0.002 0.003 0.003 0.003 0.004 0.003 0.014 0.005 0.006 
155  ZFCNS19    (0)   :  0.003 0.002 0.003 0.958 0.003 0.003 0.002 0.003 0.003 0.002 0.003 0.003 0.004 0.004 0.003 
156  ZFCNS20    (0)   :  0.013 0.003 0.003 0.893 0.003 0.010 0.003 0.008 0.003 0.003 0.015 0.005 0.018 0.005 0.016 
157  ZFCNS21    (0)   :  0.003 0.002 0.003 0.959 0.003 0.003 0.002 0.003 0.002 0.003 0.002 0.003 0.005 0.004 0.003 
158  ZFCNS22    (0)   :  0.014 0.003 0.003 0.913 0.005 0.009 0.003 0.006 0.005 0.004 0.005 0.005 0.009 0.005 0.010 
159  ZFCNS23    (0)   :  0.003 0.010 0.007 0.882 0.006 0.008 0.005 0.023 0.004 0.008 0.012 0.011 0.005 0.013 0.004 
160  ZFCNS24    (0)   :  0.006 0.002 0.003 0.924 0.003 0.006 0.003 0.010 0.002 0.003 0.006 0.004 0.011 0.007 0.008 
161  ZFCNS25    (0)   :  0.010 0.003 0.003 0.910 0.003 0.008 0.003 0.008 0.003 0.003 0.010 0.004 0.013 0.005 0.015 
162  ZFCNS26    (0)   :  0.005 0.002 0.003 0.951 0.003 0.003 0.002 0.003 0.003 0.003 0.004 0.003 0.007 0.003 0.004 
163  ZFCNS27    (0)   :  0.034 0.003 0.003 0.847 0.003 0.010 0.003 0.006 0.003 0.004 0.009 0.004 0.043 0.003 0.024 
164  ZFCNS28    (0)   :  0.004 0.002 0.003 0.953 0.004 0.003 0.003 0.003 0.004 0.003 0.004 0.003 0.005 0.004 0.004 
165  ZFCNS29    (0)   :  0.007 0.002 0.004 0.926 0.004 0.007 0.003 0.007 0.004 0.004 0.005 0.005 0.008 0.007 0.008 
166  ZFCNS30    (0)   :  0.005 0.002 0.003 0.936 0.005 0.005 0.003 0.006 0.004 0.004 0.003 0.005 0.009 0.007 0.004 
167  ZFCNS31    (0)   :  0.005 0.002 0.003 0.953 0.003 0.003 0.002 0.003 0.003 0.002 0.004 0.003 0.006 0.003 0.004 
168  ZFCNS32    (0)   :  0.006 0.002 0.003 0.928 0.004 0.005 0.003 0.006 0.003 0.003 0.007 0.006 0.011 0.005 0.007 
169  ZFCNS33    (0)   :  0.003 0.002 0.003 0.957 0.003 0.003 0.002 0.003 0.002 0.002 0.004 0.004 0.005 0.003 0.003 
170  ZFCNS34    (0)   :  0.004 0.002 0.003 0.931 0.005 0.005 0.003 0.007 0.003 0.004 0.004 0.005 0.007 0.011 0.006 
171  ZFCNS35    (0)   :  0.012 0.002 0.003 0.883 0.008 0.011 0.010 0.003 0.018 0.004 0.004 0.003 0.021 0.006 0.011 
172  ZFCNS36    (0)   :  0.005 0.002 0.003 0.921 0.003 0.005 0.003 0.010 0.002 0.003 0.009 0.004 0.008 0.011 0.009 
173  ZFCNS37    (0)   :  0.006 0.002 0.008 0.773 0.005 0.005 0.003 0.006 0.003 0.007 0.008 0.004 0.157 0.005 0.007 
174  ZFCNS39    (0)   :  0.006 0.003 0.006 0.876 0.002 0.009 0.004 0.006 0.002 0.004 0.020 0.013 0.025 0.015 0.006 
175  ZFCNS40    (0)   :  0.006 0.003 0.005 0.607 0.003 0.009 0.003 0.010 0.002 0.005 0.111 0.009 0.180 0.031 0.015 
176  ZFCNS41    (0)   :  0.010 0.004 0.008 0.203 0.006 0.014 0.006 0.011 0.005 0.010 0.005 0.010 0.680 0.014 0.014 
177  ZFCNS42    (0)   :  0.005 0.002 0.003 0.954 0.003 0.004 0.002 0.003 0.002 0.003 0.003 0.003 0.006 0.003 0.004 
178  ZFCNS43    (0)   :  0.003 0.002 0.003 0.954 0.003 0.003 0.002 0.004 0.002 0.002 0.003 0.003 0.007 0.006 0.003 
179  ZFCNS44    (0)   :  0.010 0.004 0.003 0.926 0.003 0.008 0.002 0.003 0.003 0.003 0.003 0.003 0.020 0.005 0.005 
180  ZFCNS46    (0)   :  0.007 0.002 0.004 0.933 0.004 0.006 0.003 0.006 0.003 0.004 0.004 0.005 0.010 0.005 0.005 
181  ZFCNS47    (0)   :  0.003 0.002 0.003 0.958 0.003 0.003 0.002 0.003 0.003 0.003 0.003 0.003 0.005 0.004 0.003 
182  ZFCNS48    (0)   :  0.016 0.004 0.003 0.863 0.004 0.012 0.003 0.005 0.004 0.004 0.006 0.004 0.057 0.006 0.008 
183  ZFCNS49    (0)   :  0.030 0.003 0.003 0.853 0.003 0.008 0.003 0.003 0.004 0.003 0.004 0.003 0.070 0.003 0.007 
184   ZFCR01    (0)   :  0.008 0.011 0.049 0.002 0.021 0.017 0.560 0.003 0.007 0.292 0.007 0.004 0.003 0.007 0.009 
185   ZFCR02    (0)   :  0.005 0.009 0.009 0.005 0.004 0.015 0.592 0.013 0.015 0.259 0.010 0.006 0.005 0.025 0.028 
186   ZFCR03    (0)   :  0.010 0.048 0.016 0.003 0.012 0.023 0.539 0.061 0.029 0.202 0.009 0.015 0.005 0.016 0.013 
187   ZFCR04    (0)   :  0.019 0.027 0.028 0.011 0.069 0.011 0.220 0.005 0.191 0.329 0.022 0.014 0.026 0.015 0.013 
188   ZFCR05    (0)   :  0.004 0.006 0.015 0.003 0.015 0.004 0.632 0.004 0.008 0.275 0.004 0.012 0.004 0.010 0.004 
189   ZFCR06    (0)   :  0.021 0.004 0.016 0.075 0.011 0.018 0.511 0.006 0.021 0.225 0.011 0.005 0.029 0.013 0.032 
190   ZFCR07    (0)   :  0.009 0.007 0.043 0.057 0.008 0.013 0.069 0.039 0.037 0.586 0.004 0.075 0.039 0.009 0.005 
191   ZFCR08    (0)   :  0.020 0.037 0.153 0.005 0.075 0.028 0.063 0.036 0.019 0.427 0.047 0.006 0.012 0.063 0.008 
192   ZFCR09    (0)   :  0.029 0.227 0.043 0.015 0.012 0.079 0.266 0.017 0.083 0.084 0.012 0.020 0.035 0.021 0.055 
193   ZFCR11    (0)   :  0.005 0.008 0.018 0.012 0.018 0.005 0.524 0.004 0.030 0.269 0.002 0.022 0.052 0.008 0.022 
194   ZFCR12    (0)   :  0.014 0.004 0.008 0.126 0.004 0.008 0.485 0.009 0.006 0.215 0.014 0.016 0.071 0.010 0.010 
195   ZFCR13    (0)   :  0.092 0.003 0.183 0.007 0.005 0.019 0.048 0.007 0.037 0.343 0.005 0.190 0.009 0.009 0.041 
196   ZFCR14    (0)   :  0.010 0.005 0.019 0.007 0.012 0.007 0.564 0.006 0.017 0.268 0.014 0.047 0.010 0.010 0.005 
197   ZFCR15    (0)   :  0.022 0.008 0.057 0.005 0.018 0.023 0.361 0.009 0.067 0.327 0.041 0.021 0.016 0.013 0.014 
198   ZFCR16    (0)   :  0.012 0.003 0.031 0.003 0.007 0.026 0.553 0.004 0.026 0.278 0.016 0.011 0.006 0.007 0.016 
199   ZFCR18    (0)   :  0.006 0.004 0.010 0.006 0.008 0.007 0.427 0.028 0.307 0.151 0.006 0.007 0.005 0.011 0.018 
200   ZFCR19    (0)   :  0.027 0.033 0.008 0.007 0.006 0.011 0.570 0.006 0.027 0.211 0.050 0.008 0.010 0.011 0.015 
201   ZFCR20    (0)   :  0.030 0.011 0.023 0.005 0.034 0.060 0.496 0.036 0.038 0.186 0.007 0.053 0.007 0.006 0.009 
202   ZFCR21    (0)   :  0.005 0.004 0.013 0.004 0.004 0.007 0.641 0.007 0.004 0.248 0.012 0.029 0.007 0.013 0.004 
203   ZFCR22    (0)   :  0.006 0.005 0.011 0.003 0.002 0.009 0.620 0.007 0.006 0.237 0.017 0.060 0.006 0.005 0.005 
204   ZFCR23    (0)   :  0.076 0.032 0.113 0.004 0.004 0.053 0.419 0.004 0.010 0.190 0.005 0.051 0.023 0.003 0.013 
205   ZFCR24    (9)   :  0.417 0.014 0.121 0.004 0.034 0.102 0.066 0.011 0.072 0.029 0.007 0.086 0.008 0.008 0.022 
206   ZFCR25    (0)   :  0.004 0.004 0.017 0.003 0.009 0.005 0.662 0.006 0.006 0.254 0.004 0.012 0.007 0.006 0.003 
207   ZFCR26    (0)   :  0.009 0.037 0.015 0.004 0.011 0.012 0.430 0.007 0.004 0.147 0.016 0.271 0.009 0.015 0.013 
208   ZFCR27    (9)   :  0.004 0.012 0.235 0.004 0.020 0.003 0.387 0.003 0.013 0.271 0.003 0.034 0.003 0.005 0.003 
209   ZFCR28    (0)   :  0.016 0.006 0.252 0.027 0.007 0.147 0.228 0.008 0.004 0.191 0.044 0.006 0.020 0.010 0.033 
210   ZFCR29    (0)   :  0.005 0.005 0.004 0.002 0.005 0.005 0.684 0.004 0.007 0.247 0.004 0.015 0.004 0.004 0.004 
211   ZFCR30    (0)   :  0.009 0.006 0.008 0.010 0.007 0.007 0.592 0.009 0.006 0.262 0.007 0.053 0.013 0.006 0.005 
212   ZFCR31    (0)   :  0.035 0.038 0.022 0.047 0.015 0.080 0.285 0.024 0.197 0.119 0.018 0.024 0.043 0.010 0.043 
213   ZFCR33    (0)   :  0.010 0.036 0.288 0.007 0.053 0.014 0.040 0.009 0.007 0.425 0.017 0.029 0.018 0.039 0.006 
214   ZFCR34    (0)   :  0.025 0.015 0.050 0.010 0.006 0.033 0.188 0.005 0.153 0.216 0.010 0.226 0.035 0.021 0.007 
215   ZFCR35    (0)   :  0.008 0.018 0.008 0.004 0.008 0.006 0.549 0.004 0.127 0.238 0.004 0.005 0.006 0.010 0.004 
216   ZFCR36    (0)   :  0.008 0.016 0.010 0.022 0.006 0.010 0.588 0.006 0.047 0.240 0.004 0.020 0.010 0.007 0.005 
217   ZFCR37    (0)   :  0.004 0.027 0.042 0.004 0.047 0.005 0.055 0.015 0.049 0.180 0.004 0.508 0.004 0.053 0.003 
218   ZFCR38    (0)   :  0.006 0.031 0.229 0.007 0.048 0.010 0.098 0.011 0.008 0.445 0.014 0.031 0.009 0.046 0.007 
219   ZFCR39    (0)   :  0.020 0.141 0.089 0.003 0.009 0.078 0.049 0.033 0.018 0.414 0.017 0.008 0.013 0.079 0.028 
220   ZFCR40    (0)   :  0.015 0.033 0.072 0.004 0.012 0.014 0.407 0.007 0.013 0.364 0.004 0.012 0.016 0.023 0.005 
221   ZFCR41    (0)   :  0.006 0.003 0.010 0.015 0.007 0.009 0.498 0.007 0.005 0.222 0.021 0.016 0.150 0.025 0.007 
222   ZFCR42    (0)   :  0.023 0.016 0.050 0.016 0.010 0.030 0.309 0.018 0.006 0.345 0.022 0.072 0.027 0.043 0.013 
223   ZFCR43    (0)   :  0.061 0.004 0.010 0.005 0.011 0.006 0.554 0.005 0.026 0.263 0.004 0.010 0.006 0.004 0.030 
224  ZFENP25    (0)   :  0.008 0.005 0.281 0.003 0.028 0.014 0.023 0.006 0.005 0.585 0.010 0.007 0.005 0.017 0.004 
225  ZFENP26    (0)   :  0.002 0.007 0.326 0.003 0.005 0.003 0.007 0.004 0.006 0.619 0.003 0.004 0.005 0.004 0.003 
226  ZFENP27    (0)   :  0.017 0.027 0.143 0.059 0.025 0.030 0.087 0.038 0.016 0.327 0.011 0.005 0.038 0.173 0.005 
227  ZFENP28    (0)   :  0.004 0.012 0.475 0.010 0.024 0.004 0.015 0.005 0.009 0.405 0.005 0.010 0.005 0.014 0.006 
228  ZFENP29    (0)   :  0.004 0.005 0.447 0.004 0.005 0.004 0.031 0.006 0.004 0.459 0.003 0.008 0.004 0.010 0.003 
229  ZFENP30    (0)   :  0.004 0.011 0.290 0.011 0.008 0.006 0.008 0.080 0.007 0.511 0.008 0.015 0.005 0.030 0.007 
230  ZFENP31    (0)   :  0.004 0.285 0.112 0.005 0.021 0.005 0.019 0.353 0.021 0.132 0.003 0.009 0.005 0.013 0.012 
231  ZFENP32    (0)   :  0.008 0.125 0.099 0.028 0.014 0.026 0.053 0.093 0.186 0.298 0.007 0.011 0.018 0.010 0.024 
232  ZFENP33    (0)   :  0.006 0.006 0.247 0.005 0.020 0.006 0.012 0.027 0.009 0.618 0.003 0.024 0.006 0.005 0.005 
233  ZFENP34    (0)   :  0.005 0.008 0.081 0.008 0.393 0.004 0.025 0.078 0.035 0.325 0.004 0.007 0.005 0.016 0.007 
234  ZFENP35    (0)   :  0.015 0.038 0.506 0.014 0.008 0.008 0.005 0.006 0.017 0.340 0.006 0.011 0.018 0.005 0.004 
235  ZFENP36    (0)   :  0.002 0.010 0.418 0.011 0.005 0.004 0.006 0.007 0.010 0.505 0.002 0.009 0.004 0.003 0.002 
236  ZFENP37    (0)   :  0.008 0.041 0.144 0.008 0.266 0.008 0.007 0.008 0.012 0.452 0.004 0.023 0.007 0.007 0.005 
237  ZFENP38    (0)   :  0.006 0.018 0.208 0.017 0.024 0.006 0.011 0.014 0.010 0.303 0.005 0.349 0.007 0.016 0.005 
238  ZFENP39    (0)   :  0.004 0.013 0.188 0.004 0.016 0.004 0.019 0.005 0.009 0.709 0.003 0.009 0.004 0.010 0.003 
239  ZFENP40    (0)   :  0.007 0.024 0.182 0.005 0.013 0.008 0.012 0.010 0.010 0.703 0.004 0.005 0.005 0.006 0.006 
240  ZFENP41    (0)   :  0.008 0.013 0.202 0.009 0.013 0.006 0.010 0.031 0.015 0.624 0.006 0.005 0.007 0.047 0.005 
241  ZFENP42    (0)   :  0.003 0.180 0.339 0.003 0.004 0.004 0.007 0.010 0.003 0.380 0.004 0.046 0.006 0.007 0.003 
242  ZFENP43    (0)   :  0.007 0.016 0.302 0.057 0.024 0.008 0.014 0.008 0.006 0.415 0.005 0.060 0.037 0.034 0.007 
243  ZFENP44    (0)   :  0.007 0.052 0.188 0.008 0.014 0.007 0.007 0.016 0.004 0.651 0.003 0.018 0.012 0.009 0.003 
244  ZFENP45    (0)   :  0.020 0.063 0.273 0.008 0.011 0.020 0.011 0.017 0.008 0.189 0.276 0.042 0.012 0.015 0.037 
245  ZFENP46    (0)   :  0.023 0.016 0.295 0.007 0.033 0.011 0.010 0.009 0.008 0.518 0.005 0.038 0.017 0.003 0.008 
246  ZFENP47    (0)   :  0.013 0.157 0.065 0.004 0.008 0.011 0.056 0.015 0.032 0.458 0.117 0.004 0.004 0.045 0.012 
247  ZFENP48    (0)   :  0.006 0.013 0.053 0.007 0.458 0.017 0.040 0.261 0.015 0.075 0.009 0.012 0.005 0.015 0.014 
248  ZFENP49    (0)   :  0.016 0.008 0.099 0.005 0.005 0.009 0.208 0.114 0.024 0.467 0.013 0.008 0.006 0.008 0.011 
249  ZFENP50    (0)   :  0.021 0.049 0.433 0.004 0.007 0.050 0.014 0.006 0.007 0.305 0.007 0.055 0.014 0.004 0.023 
250  ZFENP51    (0)   :  0.003 0.208 0.237 0.005 0.014 0.003 0.126 0.034 0.027 0.274 0.043 0.012 0.004 0.006 0.004 
251  ZFENP52    (0)   :  0.004 0.006 0.899 0.009 0.004 0.005 0.005 0.006 0.003 0.019 0.004 0.011 0.014 0.007 0.004 
252  ZFENP53    (0)   :  0.024 0.018 0.580 0.009 0.011 0.035 0.012 0.008 0.007 0.179 0.025 0.024 0.019 0.008 0.042 
253  ZFENP54    (0)   :  0.016 0.009 0.188 0.005 0.009 0.054 0.262 0.026 0.020 0.333 0.006 0.019 0.010 0.020 0.023 
254  ZFENP55    (0)   :  0.005 0.013 0.140 0.004 0.021 0.005 0.034 0.010 0.051 0.266 0.004 0.434 0.005 0.003 0.006 
255  ZFENP56    (0)   :  0.004 0.009 0.346 0.009 0.009 0.004 0.014 0.010 0.014 0.491 0.005 0.065 0.009 0.007 0.004 
256  ZFENP57    (0)   :  0.004 0.074 0.487 0.013 0.021 0.007 0.013 0.015 0.013 0.320 0.002 0.016 0.008 0.004 0.003 
257  ZFENP58    (0)   :  0.004 0.009 0.239 0.016 0.005 0.020 0.027 0.297 0.029 0.172 0.121 0.022 0.015 0.018 0.007 
258  ZFENP59    (0)   :  0.006 0.039 0.319 0.005 0.008 0.005 0.019 0.036 0.013 0.459 0.005 0.008 0.005 0.069 0.006 
259  ZFENP60    (0)   :  0.012 0.013 0.261 0.007 0.024 0.012 0.019 0.005 0.033 0.563 0.013 0.013 0.007 0.009 0.008 
260  ZFENP61    (0)   :  0.004 0.007 0.212 0.004 0.012 0.003 0.015 0.007 0.012 0.699 0.003 0.007 0.003 0.010 0.003 
261 ZFFDSP01    (0)   :  0.150 0.003 0.003 0.014 0.004 0.731 0.004 0.003 0.006 0.003 0.014 0.007 0.042 0.004 0.012 
262 ZFFDSP02    (0)   :  0.934 0.002 0.002 0.003 0.003 0.023 0.003 0.003 0.002 0.003 0.005 0.004 0.006 0.004 0.004 
263 ZFFDSP04    (0)   :  0.465 0.002 0.002 0.003 0.004 0.471 0.004 0.003 0.004 0.003 0.010 0.005 0.009 0.004 0.010 
264 ZFFDSP05    (0)   :  0.844 0.004 0.004 0.005 0.003 0.037 0.004 0.003 0.003 0.004 0.009 0.009 0.056 0.004 0.012 
265 ZFFDSP06    (0)   :  0.325 0.002 0.003 0.003 0.012 0.457 0.004 0.003 0.002 0.003 0.016 0.005 0.033 0.012 0.120 
266 ZFFDSP07    (0)   :  0.194 0.005 0.004 0.004 0.004 0.660 0.005 0.027 0.003 0.006 0.040 0.008 0.006 0.014 0.020 
267 ZFFDSP08    (0)   :  0.137 0.004 0.004 0.012 0.003 0.495 0.004 0.040 0.003 0.005 0.090 0.012 0.032 0.012 0.146 
268 ZFFDSP10    (0)   :  0.512 0.005 0.005 0.005 0.004 0.365 0.005 0.013 0.004 0.006 0.022 0.008 0.023 0.005 0.018 
269 ZFFDSP11    (0)   :  0.445 0.003 0.003 0.004 0.004 0.471 0.004 0.003 0.004 0.003 0.008 0.008 0.014 0.004 0.021 
270 ZFFDSP12    (0)   :  0.179 0.003 0.003 0.005 0.003 0.502 0.003 0.005 0.002 0.003 0.011 0.004 0.011 0.003 0.262 
271 ZFFDSP13    (0)   :  0.066 0.004 0.005 0.020 0.003 0.071 0.005 0.008 0.004 0.005 0.005 0.009 0.769 0.009 0.018 
272 ZFFDSP14    (0)   :  0.312 0.004 0.004 0.004 0.005 0.589 0.005 0.010 0.003 0.004 0.030 0.007 0.006 0.007 0.012 
273 ZFFDSP16    (0)   :  0.077 0.003 0.005 0.011 0.007 0.833 0.007 0.004 0.006 0.008 0.004 0.006 0.009 0.007 0.012 
274 ZFFDSP17    (0)   :  0.111 0.002 0.003 0.005 0.006 0.803 0.004 0.005 0.004 0.004 0.008 0.007 0.016 0.006 0.015 
275 ZFFDSP18    (0)   :  0.742 0.002 0.003 0.004 0.007 0.170 0.005 0.003 0.005 0.003 0.022 0.004 0.006 0.005 0.019 
276 ZFFDSP19    (0)   :  0.102 0.002 0.003 0.097 0.006 0.679 0.004 0.004 0.004 0.003 0.017 0.004 0.034 0.024 0.016 
277 ZFFDSP21    (0)   :  0.150 0.002 0.003 0.064 0.004 0.538 0.004 0.004 0.003 0.004 0.006 0.004 0.190 0.017 0.008 
278 ZFFDSP22    (0)   :  0.208 0.002 0.002 0.003 0.003 0.642 0.003 0.004 0.002 0.003 0.076 0.005 0.009 0.006 0.030 
279 ZFFDSP23    (0)   :  0.831 0.002 0.002 0.006 0.003 0.026 0.003 0.003 0.002 0.003 0.067 0.005 0.033 0.004 0.010 
280 ZFFDSP24    (0)   :  0.911 0.002 0.003 0.007 0.004 0.019 0.003 0.004 0.004 0.003 0.006 0.005 0.019 0.004 0.006 
281 ZFFDSP26    (9)   :  0.854 0.003 0.003 0.006 0.003 0.045 0.004 0.004 0.003 0.004 0.012 0.005 0.028 0.004 0.021 
282 ZFFDSP27    (0)   :  0.920 0.002 0.002 0.006 0.004 0.022 0.003 0.003 0.004 0.003 0.006 0.004 0.009 0.003 0.007 
283 ZFFDSP28    (0)   :  0.760 0.009 0.008 0.004 0.020 0.088 0.013 0.016 0.023 0.006 0.009 0.011 0.013 0.006 0.015 
284 ZFFDSP30    (0)   :  0.097 0.005 0.003 0.036 0.006 0.638 0.005 0.006 0.053 0.004 0.006 0.008 0.118 0.005 0.009 
285 ZFFDSP31    (0)   :  0.279 0.002 0.005 0.008 0.015 0.039 0.004 0.005 0.003 0.004 0.007 0.007 0.041 0.006 0.575 
286 ZFFDSP32    (0)   :  0.389 0.002 0.003 0.004 0.004 0.557 0.003 0.004 0.002 0.003 0.006 0.004 0.010 0.003 0.006 
287 ZFFDSP33    (0)   :  0.670 0.002 0.003 0.006 0.003 0.253 0.003 0.003 0.003 0.003 0.007 0.003 0.015 0.002 0.023 
288 ZFFDSP34    (0)   :  0.560 0.002 0.003 0.005 0.010 0.039 0.003 0.004 0.003 0.004 0.013 0.005 0.028 0.013 0.308 
289 ZFFDSP35    (0)   :  0.890 0.002 0.003 0.004 0.003 0.048 0.003 0.003 0.004 0.003 0.006 0.004 0.015 0.004 0.006 
290 ZFFDSP37    (0)   :  0.854 0.002 0.003 0.004 0.004 0.095 0.004 0.003 0.003 0.003 0.004 0.003 0.009 0.003 0.007 
291 ZFFDSP38    (0)   :  0.939 0.002 0.002 0.004 0.004 0.010 0.003 0.003 0.004 0.003 0.004 0.004 0.005 0.003 0.008 
292 ZFFDSP39    (0)   :  0.898 0.002 0.002 0.005 0.003 0.008 0.003 0.003 0.003 0.003 0.007 0.003 0.050 0.003 0.008 
293 ZFFDSP40    (0)   :  0.929 0.002 0.003 0.006 0.003 0.007 0.003 0.003 0.004 0.003 0.004 0.003 0.021 0.003 0.007 
294 ZFFDSP42    (0)   :  0.875 0.002 0.003 0.005 0.003 0.013 0.003 0.003 0.003 0.003 0.045 0.004 0.020 0.004 0.015 
295 ZFFDSP43    (0)   :  0.938 0.002 0.002 0.007 0.003 0.006 0.003 0.003 0.003 0.003 0.007 0.003 0.009 0.003 0.008 
296 ZFFDSP44    (0)   :  0.839 0.003 0.003 0.008 0.004 0.072 0.003 0.005 0.004 0.003 0.004 0.004 0.028 0.003 0.017 
297 ZFFDSP45    (0)   :  0.943 0.002 0.002 0.004 0.003 0.010 0.003 0.003 0.003 0.003 0.004 0.003 0.007 0.004 0.006 
298 ZFFDSP46    (0)   :  0.925 0.002 0.003 0.004 0.003 0.017 0.003 0.003 0.003 0.003 0.010 0.003 0.008 0.004 0.008 
299 ZFFDSP47    (0)   :  0.857 0.003 0.003 0.010 0.003 0.012 0.003 0.004 0.003 0.003 0.012 0.006 0.069 0.004 0.009 
300 ZFFDSP48    (0)   :  0.932 0.002 0.003 0.007 0.003 0.007 0.003 0.003 0.003 0.003 0.004 0.003 0.017 0.003 0.005 
301    ZFI01    (0)   :  0.004 0.025 0.010 0.009 0.033 0.007 0.057 0.012 0.796 0.015 0.004 0.010 0.005 0.010 0.004 
302    ZFI02    (0)   :  0.006 0.010 0.007 0.009 0.025 0.005 0.028 0.004 0.876 0.006 0.004 0.006 0.004 0.004 0.005 
303    ZFI03    (0)   :  0.004 0.005 0.005 0.008 0.050 0.004 0.010 0.005 0.877 0.008 0.003 0.007 0.004 0.006 0.004 
304    ZFI04    (0)   :  0.004 0.015 0.008 0.005 0.811 0.004 0.035 0.004 0.090 0.006 0.003 0.005 0.004 0.004 0.003 
305    ZFI05    (0)   :  0.004 0.004 0.006 0.014 0.007 0.005 0.006 0.007 0.919 0.008 0.003 0.005 0.005 0.004 0.004 
