

----------------------------------------------------
STRUCTURE by Pritchard, Stephens and Donnelly (2000)
     and Falush, Stephens and Pritchard (2003)
       Code by Pritchard, Falush and Hubisz
             Version 2.3.4 (Jul 2012)
----------------------------------------------------



Command line arguments:   bin\structure -m C:\Users\eschumacher\Documents\GitHub\GCC_QUAC_ZAIN\Data_Files\Structure_Files\ZAIN\ZAIN_wild_rebinned_nopopinfo\50-50\mainparams -e C:\Users\eschumacher\Documents\GitHub\GCC_QUAC_ZAIN\Data_Files\Structure_Files\ZAIN\ZAIN_wild_rebinned_nopopinfo\50-50\extraparams 
Input File:    C:\Users\eschumacher\Documents\GitHub\GCC_QUAC_ZAIN\Data_Files\Structure_Files\ZAIN\ZAIN_wild_rebinned_nopopinfo\project_data

Run parameters:
   751 individuals
   11 loci
   8 populations assumed
   50000 Burn-in period
   50000 Reps


--------------------------------------------
Overall proportion of membership of the
sample in each of the 8 clusters

Inferred Clusters
  1      2      3      4      5      6      7      8    
0.125  0.067  0.197  0.142  0.116  0.068  0.229  0.055  

--------------------------------------------

Allele-freq. divergence among pops (Net nucleotide distance),
computed using point estimates of P.

      1       2       3       4       5       6       7       8      
 1      -    0.2452  0.1693  0.1403  0.1013  0.0979  0.0715  0.1784  
 2   0.2452     -    0.1074  0.1740  0.1817  0.1770  0.3131  0.4412  
 3   0.1693  0.1074     -    0.1078  0.1647  0.1588  0.2135  0.3580  
 4   0.1403  0.1740  0.1078     -    0.1233  0.1481  0.2180  0.3658  
 5   0.1013  0.1817  0.1647  0.1233     -    0.1449  0.1447  0.2978  
 6   0.0979  0.1770  0.1588  0.1481  0.1449     -    0.1589  0.3516  
 7   0.0715  0.3131  0.2135  0.2180  0.1447  0.1589     -    0.2559  
 8   0.1784  0.4412  0.3580  0.3658  0.2978  0.3516  0.2559     -    

Average distances (expected heterozygosity) between individuals in same cluster:
cluster  1  : 0.5751 
cluster  2  : 0.3680 
cluster  3  : 0.4112 
cluster  4  : 0.3947 
cluster  5  : 0.4359 
cluster  6  : 0.4150 
cluster  7  : 0.4935 
cluster  8  : 0.2668 

--------------------------------------------
Estimated Ln Prob of Data   = -14031.3
Mean value of ln likelihood = -13713.5
Variance of ln likelihood   = 635.7
Mean value of alpha         = 0.0319

Mean value of Fst_1         = 0.1047
Mean value of Fst_2         = 0.4404
Mean value of Fst_3         = 0.3626
Mean value of Fst_4         = 0.4802
Mean value of Fst_5         = 0.4093
Mean value of Fst_6         = 0.3844
Mean value of Fst_7         = 0.3454
Mean value of Fst_8         = 0.6110


Inferred ancestry of individuals:
        Label (%Miss) :  Inferred clusters
  1    ZFB01    (0)   :  0.004 0.003 0.006 0.004 0.004 0.004 0.969 0.008 
  2    ZFB02    (0)   :  0.007 0.003 0.003 0.003 0.008 0.003 0.961 0.011 
  3    ZFB03    (0)   :  0.009 0.003 0.006 0.010 0.005 0.007 0.958 0.003 
  4    ZFB04    (0)   :  0.007 0.002 0.005 0.003 0.006 0.003 0.960 0.014 
  5    ZFB05    (0)   :  0.049 0.012 0.003 0.010 0.009 0.035 0.826 0.055 
  6    ZFB06    (0)   :  0.039 0.014 0.003 0.010 0.006 0.022 0.866 0.041 
  7    ZFB07    (9)   :  0.017 0.004 0.009 0.007 0.005 0.006 0.940 0.011 
  8    ZFB08    (0)   :  0.005 0.004 0.005 0.005 0.006 0.017 0.955 0.003 
  9    ZFB09    (0)   :  0.005 0.003 0.003 0.003 0.004 0.006 0.974 0.003 
 10    ZFB10    (0)   :  0.005 0.006 0.021 0.004 0.008 0.004 0.942 0.009 
 11    ZFB11    (0)   :  0.004 0.004 0.011 0.003 0.006 0.003 0.952 0.018 
 12    ZFB12    (0)   :  0.007 0.003 0.005 0.005 0.003 0.009 0.960 0.007 
 13    ZFB13    (0)   :  0.007 0.004 0.007 0.004 0.004 0.008 0.962 0.003 
 14    ZFB14    (0)   :  0.005 0.003 0.006 0.003 0.005 0.004 0.970 0.003 
 15    ZFB15    (0)   :  0.004 0.002 0.003 0.003 0.003 0.004 0.974 0.007 
 16    ZFB16    (0)   :  0.005 0.003 0.005 0.003 0.003 0.007 0.967 0.006 
 17    ZFB17    (0)   :  0.014 0.011 0.012 0.007 0.019 0.042 0.874 0.022 
 18    ZFB18    (0)   :  0.005 0.003 0.005 0.003 0.004 0.004 0.973 0.003 
 19    ZFB19    (0)   :  0.019 0.007 0.032 0.010 0.004 0.010 0.912 0.005 
 20    ZFB20    (0)   :  0.005 0.003 0.005 0.004 0.004 0.006 0.960 0.013 
 21    ZFB21    (0)   :  0.007 0.002 0.003 0.003 0.003 0.004 0.972 0.006 
 22    ZFB22    (0)   :  0.010 0.011 0.015 0.008 0.009 0.014 0.889 0.044 
 23    ZFB23    (0)   :  0.006 0.003 0.010 0.005 0.005 0.003 0.939 0.029 
 24    ZFB24    (0)   :  0.005 0.003 0.007 0.003 0.004 0.004 0.943 0.030 
 25    ZFB25    (0)   :  0.004 0.005 0.048 0.007 0.005 0.003 0.918 0.009 
 26    ZFB26    (0)   :  0.006 0.005 0.025 0.006 0.007 0.003 0.868 0.080 
 27    ZFB27    (0)   :  0.005 0.003 0.009 0.003 0.004 0.003 0.835 0.138 
 28    ZFB28    (0)   :  0.017 0.003 0.006 0.006 0.008 0.007 0.890 0.063 
 29    ZFB29    (0)   :  0.006 0.003 0.004 0.002 0.007 0.004 0.965 0.010 
 30    ZFB30    (0)   :  0.032 0.010 0.005 0.010 0.004 0.022 0.658 0.260 
 31    ZFB31    (0)   :  0.005 0.005 0.022 0.006 0.005 0.003 0.946 0.008 
 32    ZFB32    (0)   :  0.016 0.004 0.011 0.009 0.018 0.015 0.902 0.026 
 33    ZFB33    (0)   :  0.005 0.003 0.004 0.003 0.003 0.003 0.973 0.007 
 34    ZFB34    (0)   :  0.006 0.003 0.004 0.004 0.005 0.005 0.971 0.003 
 35    ZFB35    (0)   :  0.004 0.003 0.008 0.005 0.006 0.004 0.964 0.006 
 36  ZFBP101    (0)   :  0.012 0.041 0.669 0.089 0.157 0.017 0.013 0.003 
 37  ZFBP102    (0)   :  0.016 0.012 0.897 0.022 0.021 0.011 0.018 0.003 
 38  ZFBP103    (0)   :  0.010 0.016 0.390 0.291 0.271 0.011 0.008 0.003 
 39  ZFBP104    (0)   :  0.022 0.007 0.828 0.051 0.004 0.057 0.029 0.003 
 40  ZFBP105    (0)   :  0.005 0.005 0.942 0.026 0.006 0.007 0.005 0.004 
 41  ZFBP106    (0)   :  0.004 0.010 0.923 0.045 0.007 0.005 0.003 0.003 
 42  ZFBP107    (0)   :  0.010 0.005 0.885 0.053 0.009 0.008 0.006 0.025 
 43  ZFBP108    (0)   :  0.003 0.004 0.974 0.006 0.003 0.003 0.003 0.003 
 44  ZFBP109    (0)   :  0.004 0.005 0.971 0.007 0.004 0.003 0.003 0.002 
 45  ZFBP110    (0)   :  0.053 0.006 0.659 0.186 0.044 0.016 0.034 0.003 
 46  ZFBP111    (0)   :  0.005 0.211 0.691 0.062 0.005 0.018 0.003 0.005 
 47  ZFBP112    (0)   :  0.004 0.039 0.917 0.010 0.012 0.008 0.004 0.006 
 48  ZFBP113    (0)   :  0.004 0.004 0.970 0.006 0.003 0.005 0.003 0.004 
 49  ZFBP114    (0)   :  0.005 0.006 0.954 0.013 0.006 0.003 0.003 0.009 
 50  ZFBP115    (0)   :  0.005 0.015 0.533 0.416 0.014 0.011 0.003 0.004 
 51  ZFBP116    (0)   :  0.004 0.006 0.963 0.009 0.004 0.007 0.003 0.004 
 52  ZFBP117    (0)   :  0.004 0.007 0.966 0.007 0.007 0.004 0.003 0.002 
 53  ZFBP118    (0)   :  0.006 0.009 0.952 0.010 0.005 0.004 0.003 0.011 
 54  ZFBP119    (0)   :  0.006 0.019 0.810 0.111 0.033 0.016 0.004 0.002 
 55  ZFBP120    (0)   :  0.006 0.005 0.931 0.036 0.004 0.008 0.006 0.004 
 56  ZFBP121    (0)   :  0.004 0.005 0.962 0.008 0.008 0.004 0.005 0.003 
 57  ZFBP122    (9)   :  0.004 0.011 0.957 0.010 0.005 0.007 0.003 0.003 
 58  ZFBP123    (0)   :  0.005 0.013 0.942 0.007 0.013 0.009 0.004 0.008 
 59  ZFBP124    (0)   :  0.004 0.005 0.967 0.006 0.005 0.004 0.006 0.004 
 60  ZFBP125    (0)   :  0.003 0.013 0.954 0.015 0.006 0.004 0.002 0.002 
 61  ZFBP126    (0)   :  0.019 0.006 0.909 0.005 0.027 0.020 0.012 0.003 
 62  ZFBP127    (0)   :  0.004 0.004 0.902 0.067 0.013 0.003 0.003 0.003 
 63  ZFBP128    (0)   :  0.003 0.022 0.941 0.014 0.011 0.004 0.003 0.002 
 64  ZFBP129    (0)   :  0.006 0.117 0.851 0.007 0.008 0.004 0.004 0.003 
 65  ZFBP130    (0)   :  0.003 0.047 0.904 0.016 0.016 0.007 0.002 0.003 
 66  ZFBP131    (0)   :  0.004 0.005 0.973 0.004 0.004 0.005 0.004 0.003 
 67  ZFBP132    (0)   :  0.004 0.004 0.970 0.010 0.004 0.003 0.003 0.003 
 68  ZFBP133    (0)   :  0.003 0.146 0.830 0.004 0.006 0.006 0.003 0.002 
 69  ZFBP134    (0)   :  0.004 0.012 0.770 0.154 0.043 0.011 0.003 0.003 
 70  ZFBP135    (0)   :  0.010 0.013 0.656 0.032 0.265 0.007 0.014 0.002 
 71  ZFBP136    (0)   :  0.005 0.046 0.749 0.052 0.128 0.007 0.004 0.009 
 72  ZFBP201    (0)   :  0.005 0.005 0.955 0.010 0.005 0.007 0.005 0.007 
 73  ZFBP202    (0)   :  0.004 0.006 0.960 0.013 0.004 0.005 0.005 0.003 
 74  ZFBP203    (0)   :  0.021 0.020 0.852 0.007 0.006 0.026 0.008 0.059 
 75  ZFBP204    (0)   :  0.005 0.016 0.885 0.060 0.016 0.009 0.004 0.005 
 76  ZFBP205    (0)   :  0.004 0.012 0.959 0.004 0.009 0.005 0.003 0.005 
 77  ZFBP206    (0)   :  0.004 0.049 0.904 0.006 0.013 0.012 0.005 0.008 
 78  ZFBP207    (0)   :  0.005 0.008 0.759 0.204 0.012 0.005 0.004 0.004 
 79  ZFBP208    (0)   :  0.006 0.008 0.941 0.005 0.007 0.014 0.004 0.015 
 80  ZFBP209    (0)   :  0.003 0.076 0.902 0.004 0.006 0.004 0.003 0.002 
 81  ZFBP210    (0)   :  0.005 0.009 0.946 0.010 0.005 0.010 0.005 0.008 
 82  ZFBP211    (0)   :  0.004 0.005 0.964 0.010 0.005 0.005 0.005 0.003 
 83  ZFBP212    (0)   :  0.003 0.005 0.929 0.048 0.003 0.003 0.004 0.003 
 84  ZFBP213    (0)   :  0.005 0.010 0.937 0.010 0.016 0.010 0.008 0.005 
 85  ZFBP214    (0)   :  0.009 0.091 0.762 0.037 0.042 0.046 0.009 0.004 
 86  ZFBP215    (0)   :  0.003 0.006 0.969 0.006 0.005 0.004 0.004 0.003 
 87  ZFBP216    (0)   :  0.007 0.005 0.936 0.009 0.005 0.027 0.005 0.006 
 88  ZFBP217    (0)   :  0.008 0.214 0.670 0.065 0.007 0.025 0.006 0.005 
 89  ZFBP218    (0)   :  0.003 0.011 0.967 0.005 0.003 0.005 0.003 0.003 
 90  ZFBP219    (0)   :  0.004 0.004 0.971 0.006 0.003 0.005 0.003 0.004 
 91  ZFBP220    (0)   :  0.004 0.029 0.911 0.027 0.016 0.007 0.003 0.004 
 92  ZFBP221    (0)   :  0.003 0.007 0.947 0.027 0.003 0.006 0.003 0.004 
 93  ZFBP222    (0)   :  0.004 0.008 0.961 0.003 0.008 0.007 0.005 0.005 
 94  ZFBP223    (0)   :  0.007 0.009 0.796 0.160 0.008 0.006 0.007 0.006 
 95  ZFBP224    (0)   :  0.005 0.006 0.961 0.007 0.006 0.006 0.004 0.004 
 96  ZFBP225    (0)   :  0.010 0.357 0.471 0.115 0.013 0.020 0.004 0.011 
 97  ZFBP226    (0)   :  0.004 0.005 0.966 0.007 0.004 0.006 0.004 0.005 
 98  ZFBP227    (0)   :  0.039 0.007 0.718 0.031 0.006 0.178 0.016 0.004 
 99  ZFBP228    (0)   :  0.005 0.007 0.819 0.143 0.017 0.004 0.004 0.002 
100  ZFBP229    (0)   :  0.004 0.018 0.954 0.006 0.006 0.007 0.003 0.003 
101  ZFBP230    (0)   :  0.005 0.027 0.905 0.025 0.022 0.010 0.003 0.003 
102  ZFBP231    (0)   :  0.005 0.005 0.964 0.008 0.005 0.005 0.005 0.004 
103  ZFBP232    (0)   :  0.003 0.007 0.972 0.005 0.004 0.004 0.003 0.003 
104  ZFBP233    (0)   :  0.005 0.014 0.948 0.009 0.005 0.010 0.005 0.004 
105   ZFCC01    (0)   :  0.003 0.004 0.004 0.004 0.969 0.004 0.008 0.003 
106   ZFCC03    (0)   :  0.003 0.005 0.004 0.006 0.971 0.003 0.004 0.003 
107   ZFCC04    (0)   :  0.004 0.006 0.003 0.004 0.970 0.004 0.004 0.003 
108   ZFCC05    (0)   :  0.005 0.006 0.006 0.008 0.960 0.006 0.005 0.004 
109   ZFCC08    (0)   :  0.003 0.015 0.009 0.006 0.954 0.006 0.004 0.002 
110   ZFCC09    (0)   :  0.004 0.004 0.004 0.006 0.972 0.003 0.005 0.003 
111   ZFCC10    (0)   :  0.004 0.004 0.005 0.004 0.967 0.004 0.010 0.003 
112   ZFCC11    (0)   :  0.004 0.004 0.004 0.005 0.970 0.004 0.005 0.003 
113   ZFCC12    (0)   :  0.015 0.004 0.005 0.007 0.928 0.006 0.031 0.004 
114   ZFCC13    (0)   :  0.006 0.007 0.009 0.011 0.942 0.011 0.004 0.010 
115   ZFCC14    (0)   :  0.005 0.006 0.009 0.004 0.961 0.003 0.007 0.005 
116   ZFCC15    (0)   :  0.006 0.005 0.004 0.005 0.961 0.010 0.005 0.005 
117   ZFCC16    (0)   :  0.004 0.004 0.003 0.003 0.972 0.005 0.005 0.003 
118   ZFCC17    (0)   :  0.004 0.003 0.003 0.005 0.969 0.004 0.006 0.006 
119   ZFCC18    (0)   :  0.003 0.006 0.004 0.006 0.968 0.004 0.005 0.003 
120   ZFCC19    (0)   :  0.006 0.003 0.003 0.003 0.966 0.007 0.004 0.007 
121   ZFCC20    (0)   :  0.004 0.006 0.004 0.008 0.965 0.006 0.005 0.003 
122   ZFCC21    (0)   :  0.007 0.032 0.025 0.005 0.885 0.032 0.007 0.007 
123   ZFCC22    (0)   :  0.004 0.041 0.144 0.020 0.773 0.008 0.006 0.005 
124   ZFCC26    (0)   :  0.004 0.004 0.003 0.004 0.973 0.004 0.005 0.003 
125   ZFCC27    (0)   :  0.003 0.004 0.003 0.005 0.976 0.003 0.004 0.003 
126   ZFCC29    (0)   :  0.007 0.005 0.004 0.005 0.960 0.008 0.008 0.003 
127   ZFCC30    (0)   :  0.004 0.005 0.003 0.006 0.972 0.004 0.003 0.003 
128   ZFCC32    (0)   :  0.006 0.005 0.004 0.006 0.956 0.012 0.005 0.006 
129   ZFCC33    (0)   :  0.006 0.003 0.004 0.004 0.969 0.004 0.006 0.004 
130   ZFCC34    (0)   :  0.006 0.015 0.038 0.034 0.878 0.006 0.017 0.007 
131   ZFCC35    (0)   :  0.003 0.004 0.003 0.004 0.975 0.004 0.003 0.003 
132   ZFCC36    (0)   :  0.005 0.011 0.008 0.005 0.935 0.016 0.004 0.016 
133   ZFCC37    (0)   :  0.019 0.005 0.007 0.007 0.923 0.009 0.027 0.004 
134   ZFCC40    (0)   :  0.004 0.004 0.005 0.004 0.968 0.003 0.006 0.007 
135   ZFCC42    (0)   :  0.072 0.006 0.004 0.017 0.543 0.006 0.120 0.231 
136   ZFCC44    (0)   :  0.004 0.003 0.003 0.005 0.976 0.002 0.003 0.005 
137   ZFCC45    (9)   :  0.011 0.004 0.005 0.006 0.939 0.008 0.012 0.014 
138   ZFCC46    (0)   :  0.003 0.022 0.008 0.013 0.941 0.006 0.003 0.004 
139   ZFCC47    (0)   :  0.005 0.006 0.005 0.006 0.949 0.005 0.020 0.003 
140   ZFCC48    (0)   :  0.005 0.032 0.017 0.005 0.925 0.008 0.005 0.003 
141   ZFCC50    (0)   :  0.004 0.004 0.003 0.003 0.975 0.004 0.004 0.003 
142   ZFCC51    (0)   :  0.003 0.004 0.003 0.006 0.975 0.003 0.004 0.002 
143   ZFCC52    (0)   :  0.004 0.010 0.009 0.006 0.956 0.005 0.004 0.006 
144   ZFCC53    (0)   :  0.003 0.004 0.003 0.004 0.976 0.003 0.004 0.003 
145  ZFCNS01    (0)   :  0.008 0.003 0.004 0.961 0.005 0.011 0.003 0.006 
146  ZFCNS02    (0)   :  0.003 0.005 0.004 0.971 0.007 0.004 0.003 0.002 
147  ZFCNS05    (0)   :  0.004 0.006 0.007 0.963 0.009 0.004 0.004 0.003 
148  ZFCNS06    (0)   :  0.003 0.006 0.004 0.969 0.008 0.004 0.004 0.002 
149  ZFCNS07    (0)   :  0.003 0.014 0.010 0.957 0.005 0.004 0.003 0.003 
150  ZFCNS10    (0)   :  0.003 0.005 0.005 0.975 0.004 0.003 0.003 0.003 
151  ZFCNS11    (0)   :  0.004 0.004 0.003 0.971 0.005 0.006 0.003 0.004 
152  ZFCNS15    (0)   :  0.003 0.005 0.011 0.968 0.003 0.003 0.003 0.003 
153  ZFCNS17    (0)   :  0.003 0.005 0.005 0.968 0.010 0.003 0.003 0.003 
154  ZFCNS18    (0)   :  0.003 0.004 0.004 0.976 0.004 0.003 0.003 0.003 
155  ZFCNS19    (0)   :  0.003 0.005 0.003 0.973 0.006 0.005 0.003 0.002 
156  ZFCNS20    (0)   :  0.004 0.013 0.010 0.956 0.008 0.004 0.003 0.003 
157  ZFCNS21    (0)   :  0.003 0.003 0.003 0.977 0.006 0.003 0.003 0.002 
158  ZFCNS22    (0)   :  0.004 0.006 0.011 0.963 0.006 0.004 0.004 0.003 
159  ZFCNS23    (0)   :  0.008 0.013 0.007 0.917 0.023 0.013 0.008 0.011 
160  ZFCNS24    (0)   :  0.003 0.005 0.005 0.963 0.015 0.003 0.003 0.002 
161  ZFCNS25    (0)   :  0.004 0.007 0.009 0.963 0.009 0.004 0.003 0.003 
162  ZFCNS26    (0)   :  0.003 0.004 0.005 0.975 0.003 0.003 0.004 0.002 
163  ZFCNS27    (0)   :  0.004 0.006 0.022 0.956 0.003 0.003 0.003 0.003 
164  ZFCNS28    (0)   :  0.003 0.005 0.005 0.972 0.007 0.004 0.004 0.002 
165  ZFCNS29    (0)   :  0.004 0.005 0.007 0.965 0.010 0.004 0.003 0.003 
166  ZFCNS30    (0)   :  0.003 0.003 0.004 0.972 0.008 0.004 0.004 0.002 
167  ZFCNS31    (0)   :  0.003 0.005 0.004 0.975 0.004 0.004 0.003 0.003 
168  ZFCNS32    (0)   :  0.003 0.005 0.005 0.972 0.005 0.004 0.004 0.002 
169  ZFCNS33    (0)   :  0.003 0.005 0.003 0.974 0.004 0.004 0.003 0.002 
170  ZFCNS34    (0)   :  0.004 0.005 0.004 0.961 0.016 0.004 0.004 0.003 
171  ZFCNS35    (0)   :  0.003 0.004 0.004 0.973 0.005 0.004 0.004 0.002 
172  ZFCNS36    (0)   :  0.003 0.007 0.005 0.939 0.036 0.004 0.003 0.003 
173  ZFCNS37    (0)   :  0.004 0.003 0.004 0.975 0.005 0.003 0.003 0.002 
174  ZFCNS39    (0)   :  0.003 0.006 0.003 0.973 0.006 0.004 0.002 0.002 
175  ZFCNS40    (0)   :  0.003 0.014 0.005 0.947 0.020 0.005 0.003 0.002 
176  ZFCNS41    (0)   :  0.006 0.004 0.009 0.956 0.007 0.009 0.005 0.004 
177  ZFCNS42    (0)   :  0.003 0.004 0.005 0.976 0.005 0.003 0.003 0.003 
178  ZFCNS43    (0)   :  0.003 0.003 0.004 0.975 0.007 0.003 0.003 0.002 
179  ZFCNS44    (0)   :  0.003 0.003 0.004 0.976 0.006 0.003 0.003 0.003 
180  ZFCNS46    (0)   :  0.004 0.004 0.005 0.971 0.006 0.004 0.003 0.002 
181  ZFCNS47    (0)   :  0.003 0.003 0.004 0.975 0.006 0.003 0.003 0.003 
182  ZFCNS48    (0)   :  0.004 0.004 0.006 0.972 0.005 0.004 0.003 0.003 
183  ZFCNS49    (0)   :  0.003 0.004 0.006 0.976 0.003 0.003 0.003 0.003 
184   ZFCR01    (0)   :  0.795 0.015 0.023 0.003 0.013 0.004 0.142 0.005 
185   ZFCR02    (0)   :  0.862 0.014 0.015 0.006 0.021 0.023 0.054 0.007 
186   ZFCR03    (0)   :  0.135 0.034 0.055 0.006 0.042 0.101 0.587 0.041 
187   ZFCR04    (0)   :  0.175 0.041 0.030 0.033 0.017 0.018 0.659 0.027 
188   ZFCR05    (0)   :  0.760 0.006 0.006 0.004 0.029 0.092 0.092 0.011 
189   ZFCR06    (0)   :  0.650 0.040 0.101 0.121 0.023 0.009 0.054 0.003 
190   ZFCR07    (0)   :  0.690 0.004 0.011 0.060 0.017 0.163 0.049 0.006 
191   ZFCR08    (0)   :  0.770 0.019 0.020 0.008 0.097 0.007 0.051 0.029 
192   ZFCR09    (0)   :  0.126 0.039 0.088 0.031 0.066 0.026 0.514 0.111 
193   ZFCR11    (0)   :  0.646 0.003 0.038 0.058 0.012 0.067 0.170 0.006 
194   ZFCR12    (0)   :  0.632 0.039 0.028 0.185 0.015 0.083 0.014 0.004 
195   ZFCR13    (0)   :  0.798 0.006 0.096 0.011 0.007 0.067 0.012 0.003 
196   ZFCR14    (0)   :  0.631 0.027 0.011 0.008 0.014 0.246 0.056 0.007 
197   ZFCR15    (0)   :  0.770 0.046 0.033 0.011 0.021 0.032 0.078 0.010 
198   ZFCR16    (0)   :  0.830 0.038 0.022 0.005 0.010 0.029 0.063 0.003 
199   ZFCR18    (0)   :  0.167 0.016 0.026 0.014 0.059 0.010 0.703 0.005 
200   ZFCR19    (0)   :  0.051 0.359 0.020 0.005 0.010 0.021 0.530 0.004 
201   ZFCR20    (0)   :  0.061 0.011 0.080 0.009 0.012 0.090 0.733 0.005 
202   ZFCR21    (0)   :  0.774 0.022 0.019 0.009 0.030 0.128 0.016 0.003 
203   ZFCR22    (0)   :  0.573 0.029 0.011 0.004 0.006 0.361 0.013 0.003 
204   ZFCR23    (0)   :  0.700 0.007 0.202 0.013 0.004 0.024 0.021 0.030 
205   ZFCR24    (9)   :  0.161 0.007 0.528 0.005 0.010 0.106 0.178 0.005 
206   ZFCR25    (0)   :  0.904 0.005 0.005 0.004 0.007 0.054 0.019 0.003 
207   ZFCR26    (0)   :  0.073 0.040 0.031 0.011 0.032 0.667 0.138 0.007 
208   ZFCR27    (9)   :  0.926 0.003 0.003 0.003 0.005 0.014 0.042 0.003 
209   ZFCR28    (0)   :  0.663 0.127 0.154 0.025 0.011 0.006 0.008 0.007 
210   ZFCR29    (0)   :  0.263 0.008 0.014 0.004 0.010 0.515 0.180 0.005 
211   ZFCR30    (0)   :  0.654 0.011 0.008 0.008 0.007 0.287 0.020 0.005 
212   ZFCR31    (0)   :  0.178 0.043 0.138 0.103 0.023 0.044 0.452 0.018 
213   ZFCR33    (0)   :  0.909 0.009 0.007 0.009 0.023 0.017 0.016 0.010 
214   ZFCR34    (0)   :  0.536 0.025 0.048 0.030 0.026 0.219 0.096 0.021 
215   ZFCR35    (0)   :  0.186 0.010 0.013 0.013 0.032 0.020 0.718 0.009 
216   ZFCR36    (0)   :  0.570 0.006 0.010 0.013 0.010 0.187 0.179 0.024 
217   ZFCR37    (0)   :  0.188 0.004 0.004 0.004 0.078 0.616 0.077 0.029 
218   ZFCR38    (0)   :  0.885 0.010 0.007 0.009 0.031 0.024 0.028 0.007 
219   ZFCR39    (0)   :  0.587 0.031 0.038 0.007 0.133 0.010 0.023 0.171 
220   ZFCR40    (0)   :  0.899 0.005 0.013 0.008 0.025 0.011 0.014 0.024 
221   ZFCR41    (0)   :  0.744 0.017 0.012 0.034 0.056 0.124 0.010 0.003 
222   ZFCR42    (0)   :  0.686 0.037 0.036 0.022 0.057 0.125 0.015 0.022 
223   ZFCR43    (0)   :  0.793 0.009 0.105 0.007 0.007 0.031 0.045 0.004 
224  ZFENP25    (0)   :  0.934 0.011 0.009 0.004 0.014 0.006 0.018 0.005 
225  ZFENP26    (0)   :  0.969 0.003 0.002 0.004 0.004 0.004 0.007 0.007 
226  ZFENP27    (0)   :  0.424 0.012 0.016 0.062 0.325 0.005 0.140 0.016 
227  ZFENP28    (0)   :  0.940 0.004 0.004 0.007 0.010 0.010 0.016 0.009 
228  ZFENP29    (0)   :  0.965 0.003 0.003 0.004 0.007 0.008 0.004 0.006 
229  ZFENP30    (0)   :  0.892 0.007 0.005 0.007 0.053 0.013 0.009 0.012 
230  ZFENP31    (0)   :  0.569 0.005 0.009 0.007 0.058 0.025 0.092 0.235 
231  ZFENP32    (0)   :  0.410 0.007 0.020 0.033 0.030 0.015 0.357 0.129 
232  ZFENP33    (0)   :  0.881 0.003 0.007 0.006 0.009 0.046 0.039 0.010 
233  ZFENP34    (0)   :  0.569 0.005 0.008 0.011 0.032 0.012 0.356 0.007 
234  ZFENP35    (0)   :  0.852 0.005 0.009 0.021 0.006 0.011 0.011 0.086 
235  ZFENP36    (0)   :  0.950 0.002 0.003 0.006 0.003 0.012 0.010 0.013 
236  ZFENP37    (0)   :  0.771 0.004 0.008 0.012 0.013 0.059 0.097 0.036 
237  ZFENP38    (0)   :  0.388 0.004 0.005 0.015 0.031 0.499 0.025 0.033 
238  ZFENP39    (0)   :  0.946 0.003 0.003 0.005 0.009 0.010 0.014 0.010 
239  ZFENP40    (0)   :  0.922 0.004 0.007 0.006 0.009 0.006 0.021 0.026 
240  ZFENP41    (0)   :  0.876 0.006 0.006 0.008 0.061 0.007 0.013 0.024 
241  ZFENP42    (0)   :  0.718 0.005 0.003 0.004 0.006 0.044 0.004 0.216 
242  ZFENP43    (0)   :  0.752 0.005 0.008 0.065 0.042 0.095 0.019 0.014 
243  ZFENP44    (0)   :  0.723 0.003 0.014 0.027 0.028 0.060 0.009 0.134 
244  ZFENP45    (0)   :  0.374 0.321 0.031 0.013 0.027 0.057 0.016 0.161 
245  ZFENP46    (0)   :  0.865 0.004 0.013 0.014 0.004 0.063 0.019 0.018 
246  ZFENP47    (0)   :  0.577 0.082 0.013 0.004 0.110 0.007 0.069 0.138 
247  ZFENP48    (0)   :  0.266 0.024 0.026 0.015 0.110 0.027 0.515 0.015 
248  ZFENP49    (0)   :  0.862 0.016 0.017 0.007 0.027 0.013 0.053 0.004 
249  ZFENP50    (0)   :  0.859 0.006 0.025 0.007 0.004 0.051 0.009 0.038 
250  ZFENP51    (0)   :  0.841 0.027 0.003 0.004 0.007 0.012 0.066 0.039 
251  ZFENP52    (0)   :  0.936 0.004 0.005 0.016 0.012 0.014 0.004 0.010 
252  ZFENP53    (0)   :  0.873 0.022 0.028 0.013 0.008 0.028 0.008 0.020 
253  ZFENP54    (0)   :  0.896 0.008 0.030 0.008 0.021 0.015 0.016 0.007 
254  ZFENP55    (0)   :  0.253 0.004 0.005 0.004 0.004 0.622 0.094 0.013 
255  ZFENP56    (0)   :  0.836 0.005 0.004 0.012 0.008 0.112 0.016 0.007 
256  ZFENP57    (0)   :  0.881 0.002 0.004 0.010 0.005 0.022 0.018 0.058 
257  ZFENP58    (0)   :  0.743 0.100 0.010 0.014 0.074 0.036 0.018 0.006 
258  ZFENP59    (0)   :  0.887 0.004 0.004 0.005 0.050 0.008 0.012 0.029 
259  ZFENP60    (0)   :  0.897 0.009 0.009 0.007 0.011 0.014 0.038 0.015 
260  ZFENP61    (0)   :  0.946 0.003 0.003 0.004 0.012 0.009 0.016 0.007 
261 ZFFDSP01    (0)   :  0.003 0.021 0.927 0.029 0.004 0.008 0.005 0.003 
262 ZFFDSP02    (0)   :  0.003 0.005 0.973 0.006 0.004 0.004 0.003 0.002 
263 ZFFDSP04    (0)   :  0.002 0.012 0.965 0.005 0.004 0.005 0.004 0.002 
264 ZFFDSP05    (0)   :  0.003 0.010 0.956 0.013 0.004 0.007 0.003 0.003 
265 ZFFDSP06    (0)   :  0.003 0.013 0.964 0.005 0.006 0.004 0.003 0.002 
266 ZFFDSP07    (0)   :  0.005 0.029 0.929 0.005 0.016 0.008 0.003 0.005 
267 ZFFDSP08    (0)   :  0.005 0.073 0.868 0.022 0.014 0.011 0.003 0.004 
268 ZFFDSP10    (0)   :  0.004 0.010 0.958 0.010 0.005 0.006 0.003 0.003 
269 ZFFDSP11    (0)   :  0.003 0.008 0.964 0.005 0.004 0.008 0.004 0.003 
270 ZFFDSP12    (0)   :  0.003 0.008 0.971 0.006 0.004 0.003 0.003 0.003 
271 ZFFDSP13    (0)   :  0.006 0.006 0.513 0.437 0.017 0.012 0.004 0.004 
272 ZFFDSP14    (0)   :  0.003 0.020 0.953 0.004 0.007 0.006 0.004 0.003 
273 ZFFDSP16    (0)   :  0.007 0.004 0.955 0.012 0.006 0.007 0.006 0.003 
274 ZFFDSP17    (0)   :  0.004 0.009 0.962 0.007 0.005 0.006 0.004 0.002 
275 ZFFDSP18    (0)   :  0.003 0.018 0.956 0.006 0.006 0.005 0.006 0.002 
276 ZFFDSP19    (0)   :  0.003 0.018 0.886 0.064 0.017 0.004 0.005 0.003 
277 ZFFDSP21    (0)   :  0.004 0.006 0.857 0.109 0.014 0.004 0.003 0.003 
278 ZFFDSP22    (0)   :  0.003 0.066 0.910 0.005 0.006 0.005 0.003 0.002 
279 ZFFDSP23    (0)   :  0.003 0.158 0.798 0.025 0.004 0.006 0.003 0.003 
280 ZFFDSP24    (0)   :  0.004 0.007 0.926 0.044 0.005 0.006 0.004 0.003 
281 ZFFDSP26    (9)   :  0.003 0.012 0.953 0.014 0.005 0.006 0.003 0.003 
282 ZFFDSP27    (0)   :  0.003 0.008 0.963 0.012 0.004 0.004 0.004 0.002 
283 ZFFDSP28    (0)   :  0.013 0.006 0.875 0.010 0.014 0.023 0.048 0.011 
284 ZFFDSP30    (0)   :  0.004 0.008 0.716 0.230 0.007 0.009 0.019 0.008 
285 ZFFDSP31    (0)   :  0.004 0.006 0.963 0.010 0.005 0.005 0.004 0.002 
286 ZFFDSP32    (0)   :  0.003 0.006 0.968 0.009 0.004 0.004 0.003 0.003 
287 ZFFDSP33    (0)   :  0.003 0.006 0.972 0.007 0.002 0.004 0.003 0.003 
288 ZFFDSP34    (0)   :  0.003 0.011 0.962 0.008 0.006 0.004 0.003 0.002 
289 ZFFDSP35    (0)   :  0.003 0.007 0.960 0.014 0.004 0.005 0.004 0.003 
290 ZFFDSP37    (0)   :  0.004 0.005 0.969 0.008 0.004 0.004 0.004 0.002 
291 ZFFDSP38    (0)   :  0.003 0.005 0.969 0.007 0.004 0.004 0.004 0.003 
292 ZFFDSP39    (0)   :  0.003 0.010 0.926 0.049 0.003 0.004 0.003 0.003 
293 ZFFDSP40    (0)   :  0.003 0.005 0.942 0.036 0.003 0.004 0.004 0.002 
294 ZFFDSP42    (0)   :  0.003 0.057 0.903 0.019 0.006 0.006 0.003 0.002 
295 ZFFDSP43    (0)   :  0.003 0.010 0.963 0.011 0.004 0.003 0.003 0.002 
296 ZFFDSP44    (0)   :  0.004 0.005 0.953 0.022 0.004 0.005 0.005 0.003 
297 ZFFDSP45    (0)   :  0.004 0.005 0.964 0.012 0.005 0.005 0.004 0.002 
298 ZFFDSP46    (0)   :  0.003 0.008 0.958 0.014 0.006 0.005 0.004 0.002 
299 ZFFDSP47    (0)   :  0.003 0.017 0.798 0.165 0.004 0.007 0.003 0.003 
300 ZFFDSP48    (0)   :  0.003 0.006 0.884 0.093 0.004 0.004 0.003 0.003 
301    ZFI01    (0)   :  0.007 0.003 0.004 0.007 0.006 0.006 0.963 0.005 
302    ZFI02    (0)   :  0.006 0.004 0.006 0.008 0.003 0.006 0.964 0.004 
303    ZFI03    (0)   :  0.006 0.002 0.004 0.006 0.006 0.006 0.967 0.003 
304    ZFI04    (0)   :  0.006 0.003 0.004 0.005 0.005 0.007 0.965 0.004 
305    ZFI05    (0)   :  0.009 0.003 0.005 0.019 0.004 0.005 0.951 0.004 
306    ZFI06    (0)   :  0.012 0.003 0.013 0.056 0.004 0.006 0.903 0.004 
307    ZFI07    (0)   :  0.006 0.002 0.004 0.005 0.005 0.006 0.968 0.004 
308    ZFI08    (0)   :  0.010 0.003 0.003 0.003 0.005 0.008 0.963 0.004 
309    ZFI09    (0)   :  0.007 0.003 0.004 0.006 0.004 0.004 0.969 0.003 
310    ZFI10    (0)   :  0.007 0.004 0.006 0.036 0.004 0.006 0.930 0.008 
311    ZFI11    (0)   :  0.005 0.003 0.003 0.006 0.004 0.006 0.970 0.004 
312    ZFI12    (0)   :  0.006 0.003 0.004 0.011 0.006 0.010 0.956 0.003 
313    ZFI13    (0)   :  0.008 0.002 0.004 0.007 0.006 0.005 0.963 0.005 
314    ZFI14    (0)   :  0.005 0.004 0.015 0.012 0.005 0.004 0.950 0.006 
315    ZFI15    (0)   :  0.008 0.002 0.004 0.005 0.004 0.004 0.970 0.003 
316    ZFI16    (0)   :  0.005 0.002 0.003 0.006 0.004 0.004 0.972 0.002 
317    ZFI17    (0)   :  0.008 0.002 0.003 0.008 0.004 0.006 0.964 0.005 
318    ZFI18    (0)   :  0.006 0.002 0.003 0.006 0.003 0.004 0.969 0.006 
319    ZFI19    (9)   :  0.006 0.002 0.003 0.005 0.003 0.007 0.970 0.003 
320    ZFI20    (0)   :  0.005 0.003 0.006 0.007 0.004 0.005 0.965 0.005 
321    ZFI21    (0)   :  0.004 0.003 0.023 0.029 0.004 0.005 0.925 0.006 
322    ZFI22    (0)   :  0.005 0.004 0.006 0.004 0.006 0.005 0.967 0.003 
323    ZFI23    (0)   :  0.006 0.002 0.004 0.008 0.004 0.005 0.968 0.003 
324    ZFI24    (0)   :  0.009 0.003 0.004 0.010 0.007 0.008 0.956 0.003 
325    ZFI25    (0)   :  0.008 0.004 0.005 0.005 0.006 0.005 0.964 0.003 
326    ZFI26    (0)   :  0.007 0.003 0.004 0.004 0.007 0.006 0.967 0.003 
327    ZFI27    (0)   :  0.008 0.003 0.005 0.028 0.006 0.011 0.936 0.003 
328    ZFK01    (0)   :  0.008 0.005 0.009 0.012 0.943 0.010 0.005 0.007 
329    ZFK02    (0)   :  0.009 0.006 0.009 0.013 0.940 0.013 0.007 0.004 
330    ZFK03    (0)   :  0.008 0.006 0.008 0.009 0.944 0.010 0.008 0.008 
331    ZFK04    (0)   :  0.015 0.004 0.006 0.007 0.923 0.011 0.024 0.010 
332    ZFK05    (0)   :  0.009 0.003 0.005 0.005 0.926 0.006 0.018 0.028 
333    ZFK06    (0)   :  0.036 0.004 0.006 0.007 0.907 0.013 0.021 0.006 
334    ZFK07    (0)   :  0.007 0.007 0.008 0.008 0.940 0.012 0.005 0.012 
335    ZFK08    (0)   :  0.036 0.006 0.009 0.005 0.870 0.036 0.028 0.011 
336    ZFK10    (0)   :  0.012 0.005 0.007 0.006 0.932 0.010 0.021 0.006 
337    ZFK11    (0)   :  0.013 0.003 0.006 0.006 0.929 0.009 0.009 0.024 
338    ZFK12    (0)   :  0.011 0.014 0.011 0.010 0.909 0.033 0.004 0.007 
339    ZFK13    (0)   :  0.008 0.013 0.036 0.013 0.874 0.020 0.004 0.032 
340    ZFK14    (0)   :  0.006 0.010 0.011 0.011 0.939 0.007 0.004 0.012 
341    ZFK15    (0)   :  0.013 0.006 0.030 0.010 0.874 0.013 0.009 0.045 
342    ZFK16    (0)   :  0.008 0.012 0.017 0.018 0.908 0.015 0.004 0.019 
343   ZFLB01    (0)   :  0.007 0.008 0.020 0.013 0.005 0.008 0.008 0.932 
344   ZFLB02    (0)   :  0.018 0.003 0.003 0.004 0.002 0.005 0.011 0.953 
345   ZFLB03    (0)   :  0.014 0.004 0.004 0.013 0.004 0.006 0.005 0.950 
346   ZFLB04    (0)   :  0.008 0.014 0.029 0.194 0.013 0.010 0.024 0.708 
347   ZFLB05    (0)   :  0.008 0.005 0.012 0.018 0.004 0.008 0.014 0.931 
348   ZFLB06    (0)   :  0.010 0.008 0.013 0.009 0.013 0.008 0.006 0.932 
349   ZFLB07    (0)   :  0.108 0.012 0.018 0.054 0.017 0.150 0.014 0.627 
350   ZFLB08    (0)   :  0.017 0.003 0.005 0.007 0.004 0.008 0.016 0.940 
351   ZFLB09    (9)   :  0.007 0.003 0.005 0.004 0.008 0.006 0.007 0.960 
352   ZFLB10    (0)   :  0.005 0.002 0.003 0.004 0.004 0.003 0.005 0.973 
353   ZFLB11    (0)   :  0.005 0.005 0.004 0.004 0.008 0.005 0.004 0.965 
354   ZFLB12    (0)   :  0.006 0.002 0.003 0.003 0.005 0.004 0.005 0.971 
355   ZFLB13    (0)   :  0.054 0.004 0.022 0.028 0.017 0.032 0.013 0.830 
356  ZFLTI01    (0)   :  0.005 0.032 0.188 0.697 0.057 0.014 0.004 0.002 
357  ZFLTI02    (0)   :  0.004 0.013 0.026 0.895 0.047 0.008 0.005 0.002 
358  ZFLTI03    (0)   :  0.003 0.013 0.024 0.938 0.008 0.007 0.004 0.002 
359  ZFLTI04    (0)   :  0.004 0.007 0.030 0.930 0.010 0.011 0.005 0.002 
360  ZFLTI05    (0)   :  0.003 0.005 0.018 0.956 0.006 0.005 0.004 0.002 
361  ZFLTI06    (0)   :  0.004 0.022 0.189 0.765 0.007 0.006 0.004 0.003 
362  ZFLTI07    (0)   :  0.005 0.007 0.141 0.823 0.009 0.008 0.006 0.002 
363  ZFLTI08    (0)   :  0.004 0.006 0.010 0.958 0.006 0.008 0.006 0.002 
364  ZFLTI09    (0)   :  0.004 0.006 0.144 0.822 0.007 0.007 0.008 0.002 
365  ZFLTI10    (0)   :  0.005 0.007 0.374 0.584 0.016 0.007 0.005 0.002 
366  ZFLTI11    (0)   :  0.003 0.034 0.071 0.872 0.007 0.006 0.005 0.002 
367  ZFLTI12    (0)   :  0.004 0.026 0.069 0.868 0.019 0.007 0.004 0.002 
368  ZFLTI13    (0)   :  0.004 0.012 0.013 0.941 0.014 0.011 0.004 0.002 
369  ZFLTI14    (0)   :  0.004 0.005 0.024 0.912 0.042 0.006 0.005 0.002 
370 ZFONF101    (0)   :  0.003 0.006 0.977 0.004 0.002 0.003 0.003 0.003 
371 ZFONF102    (0)   :  0.009 0.030 0.928 0.004 0.003 0.005 0.006 0.016 
372 ZFONF103    (0)   :  0.005 0.020 0.875 0.071 0.013 0.008 0.005 0.003 
373 ZFONF104    (0)   :  0.002 0.027 0.954 0.007 0.004 0.003 0.002 0.002 
374 ZFONF105    (0)   :  0.004 0.123 0.840 0.019 0.005 0.004 0.003 0.003 
375 ZFONF106    (0)   :  0.003 0.007 0.975 0.004 0.004 0.002 0.004 0.002 
376 ZFONF107    (0)   :  0.032 0.010 0.828 0.015 0.014 0.007 0.019 0.075 
377 ZFONF108    (0)   :  0.008 0.008 0.922 0.022 0.018 0.004 0.005 0.011 
378 ZFONF109    (9)   :  0.005 0.030 0.925 0.011 0.015 0.004 0.005 0.007 
379 ZFONF110    (0)   :  0.002 0.014 0.965 0.006 0.005 0.003 0.002 0.002 
380 ZFONF111    (0)   :  0.023 0.019 0.878 0.012 0.009 0.023 0.015 0.020 
381 ZFONF112    (0)   :  0.003 0.208 0.753 0.017 0.006 0.003 0.008 0.002 
382 ZFONF113    (9)   :  0.004 0.010 0.955 0.011 0.006 0.006 0.003 0.005 
383 ZFONF115    (0)   :  0.003 0.016 0.955 0.009 0.007 0.004 0.004 0.003 
384 ZFONF116    (0)   :  0.004 0.025 0.946 0.008 0.004 0.005 0.005 0.003 
385 ZFONF117    (0)   :  0.005 0.051 0.577 0.344 0.009 0.006 0.005 0.003 
386 ZFONF118    (0)   :  0.003 0.014 0.944 0.017 0.008 0.006 0.005 0.002 
387 ZFONF119    (0)   :  0.004 0.018 0.948 0.005 0.010 0.005 0.003 0.006 
388 ZFONF120    (0)   :  0.004 0.039 0.906 0.006 0.023 0.013 0.003 0.007 
389 ZFONF121    (0)   :  0.004 0.111 0.859 0.009 0.005 0.005 0.004 0.004 
390 ZFONF122    (0)   :  0.006 0.008 0.876 0.071 0.022 0.010 0.005 0.003 
391 ZFONF123    (0)   :  0.012 0.055 0.843 0.004 0.005 0.004 0.007 0.070 
392 ZFONF124    (0)   :  0.004 0.025 0.940 0.008 0.008 0.003 0.003 0.008 
393 ZFONF125    (0)   :  0.027 0.161 0.683 0.008 0.028 0.012 0.007 0.073 
394 ZFONF126    (0)   :  0.004 0.010 0.941 0.015 0.015 0.008 0.004 0.002 
395 ZFONF201    (0)   :  0.017 0.640 0.109 0.013 0.038 0.011 0.131 0.041 
396 ZFONF202    (0)   :  0.003 0.926 0.047 0.005 0.008 0.005 0.004 0.002 
397 ZFONF203    (0)   :  0.004 0.960 0.007 0.004 0.007 0.011 0.003 0.003 
398 ZFONF204    (0)   :  0.008 0.929 0.006 0.006 0.029 0.005 0.007 0.010 
399 ZFONF206    (0)   :  0.019 0.929 0.006 0.003 0.008 0.005 0.010 0.018 
400 ZFONF207    (0)   :  0.004 0.968 0.006 0.005 0.004 0.005 0.004 0.004 
401 ZFONF208    (0)   :  0.004 0.903 0.052 0.014 0.009 0.008 0.004 0.005 
402 ZFONF209    (0)   :  0.007 0.918 0.008 0.012 0.029 0.007 0.011 0.008 
403 ZFONF210    (0)   :  0.002 0.968 0.009 0.008 0.004 0.003 0.003 0.003 
404 ZFONF211    (0)   :  0.009 0.887 0.033 0.019 0.012 0.015 0.005 0.021 
405 ZFONF212    (0)   :  0.002 0.968 0.011 0.008 0.003 0.003 0.003 0.003 
406 ZFONF214    (0)   :  0.005 0.934 0.026 0.005 0.007 0.013 0.003 0.006 
407 ZFONF215    (0)   :  0.002 0.965 0.015 0.005 0.004 0.004 0.003 0.002 
408 ZFONF216    (0)   :  0.003 0.973 0.005 0.006 0.004 0.005 0.002 0.003 
409 ZFONF217    (0)   :  0.003 0.943 0.034 0.006 0.005 0.004 0.003 0.004 
410 ZFONF218    (0)   :  0.007 0.962 0.004 0.005 0.003 0.006 0.004 0.008 
411 ZFONF219    (0)   :  0.002 0.981 0.005 0.003 0.003 0.003 0.002 0.002 
412 ZFONF220    (0)   :  0.003 0.953 0.023 0.004 0.005 0.005 0.004 0.003 
413 ZFONF222    (0)   :  0.005 0.966 0.004 0.004 0.003 0.006 0.003 0.008 
414 ZFONF223    (0)   :  0.006 0.961 0.007 0.003 0.003 0.007 0.005 0.008 
415 ZFONF224    (0)   :  0.003 0.979 0.004 0.004 0.003 0.003 0.002 0.002 
416 ZFONF225    (0)   :  0.002 0.975 0.008 0.004 0.003 0.003 0.002 0.002 
417 ZFONF226    (0)   :  0.003 0.965 0.007 0.005 0.006 0.008 0.003 0.003 
418 ZFONF227    (0)   :  0.002 0.980 0.005 0.004 0.003 0.003 0.002 0.002 
419 ZFONF228    (0)   :  0.004 0.954 0.010 0.014 0.005 0.005 0.005 0.003 
420 ZFONF230    (0)   :  0.003 0.970 0.011 0.005 0.004 0.003 0.002 0.002 
421 ZFONF231    (0)   :  0.004 0.958 0.008 0.005 0.007 0.010 0.003 0.005 
422 ZFONF232    (0)   :  0.002 0.977 0.007 0.004 0.003 0.003 0.002 0.002 
423 ZFONF233    (0)   :  0.003 0.975 0.005 0.004 0.005 0.004 0.002 0.002 
424 ZFONF234    (0)   :  0.026 0.918 0.013 0.015 0.011 0.008 0.005 0.004 
425 ZFONF235    (0)   :  0.002 0.980 0.004 0.004 0.003 0.003 0.002 0.002 
426 ZFONF236    (0)   :  0.025 0.870 0.015 0.027 0.022 0.005 0.023 0.013 
427 ZFONF238    (0)   :  0.003 0.967 0.008 0.004 0.005 0.007 0.003 0.002 
428 ZFONF239    (0)   :  0.005 0.964 0.004 0.003 0.010 0.004 0.006 0.005 
429 ZFONF240    (0)   :  0.002 0.977 0.004 0.004 0.005 0.003 0.002 0.002 
430 ZFONF241    (0)   :  0.008 0.939 0.015 0.015 0.005 0.005 0.008 0.004 
431 ZFONF242    (0)   :  0.002 0.972 0.009 0.004 0.006 0.003 0.002 0.002 
432 ZFONF243    (0)   :  0.003 0.962 0.007 0.012 0.004 0.006 0.003 0.003 
433 ZFONF244    (0)   :  0.003 0.974 0.007 0.004 0.004 0.004 0.002 0.003 
434 ZFONF245    (0)   :  0.003 0.975 0.005 0.007 0.004 0.003 0.002 0.002 
435   ZFOS01    (0)   :  0.004 0.009 0.021 0.017 0.936 0.007 0.004 0.003 
436   ZFOS02    (0)   :  0.011 0.008 0.041 0.022 0.883 0.007 0.022 0.005 
437   ZFOS03    (0)   :  0.008 0.004 0.010 0.006 0.901 0.009 0.009 0.052 
438   ZFOS04    (0)   :  0.008 0.007 0.105 0.036 0.823 0.005 0.011 0.004 
439   ZFOS05    (0)   :  0.007 0.010 0.037 0.019 0.909 0.007 0.007 0.003 
440   ZFOS06    (0)   :  0.007 0.014 0.012 0.019 0.924 0.013 0.006 0.006 
441   ZFOS07    (0)   :  0.005 0.003 0.007 0.006 0.959 0.004 0.013 0.003 
442   ZFOS08    (0)   :  0.005 0.005 0.015 0.015 0.936 0.004 0.017 0.003 
443   ZFOS09    (0)   :  0.017 0.010 0.094 0.018 0.815 0.012 0.017 0.016 
444   ZFOS10    (0)   :  0.017 0.002 0.004 0.006 0.934 0.003 0.023 0.011 
445   ZFOS11    (0)   :  0.108 0.007 0.015 0.222 0.618 0.009 0.016 0.005 
446   ZFOS12    (0)   :  0.082 0.008 0.026 0.028 0.660 0.137 0.042 0.017 
447   ZFOS13    (0)   :  0.007 0.004 0.015 0.014 0.929 0.015 0.013 0.003 
448   ZFOS14    (0)   :  0.027 0.006 0.011 0.083 0.719 0.043 0.104 0.008 
449   ZFOS15    (0)   :  0.005 0.003 0.003 0.005 0.973 0.004 0.005 0.003 
450   ZFOS16    (0)   :  0.010 0.009 0.044 0.030 0.882 0.005 0.013 0.007 
451   ZFOS17    (0)   :  0.006 0.005 0.004 0.006 0.961 0.006 0.007 0.005 
452   ZFOS18    (0)   :  0.010 0.002 0.005 0.009 0.955 0.004 0.007 0.007 
453   ZFOS19    (0)   :  0.006 0.004 0.003 0.005 0.965 0.009 0.004 0.004 
454   ZFOS20    (0)   :  0.006 0.007 0.007 0.006 0.957 0.004 0.008 0.005 
455   ZFOS21    (0)   :  0.005 0.004 0.018 0.017 0.942 0.003 0.006 0.004 
456   ZFOS22    (0)   :  0.005 0.006 0.006 0.009 0.957 0.010 0.003 0.005 
457   ZFOS23    (0)   :  0.043 0.002 0.003 0.005 0.751 0.016 0.170 0.012 
458   ZFOS24    (0)   :  0.005 0.003 0.004 0.009 0.969 0.004 0.003 0.003 
459   ZFOS25    (0)   :  0.012 0.018 0.016 0.450 0.451 0.028 0.018 0.005 
460   ZFOS26    (0)   :  0.016 0.008 0.207 0.221 0.523 0.008 0.012 0.005 
461   ZFOS27    (0)   :  0.005 0.009 0.027 0.018 0.922 0.004 0.006 0.008 
462   ZFOS28    (0)   :  0.011 0.004 0.009 0.012 0.937 0.006 0.014 0.009 
463   ZFOS29    (0)   :  0.007 0.010 0.009 0.011 0.942 0.004 0.009 0.009 
464   ZFOS30    (0)   :  0.003 0.008 0.007 0.005 0.961 0.007 0.005 0.003 
465   ZFOS31    (0)   :  0.008 0.021 0.023 0.017 0.733 0.168 0.026 0.004 
466   ZFOS32    (0)   :  0.008 0.008 0.021 0.016 0.926 0.005 0.011 0.004 
467   ZFPB01    (0)   :  0.004 0.002 0.002 0.003 0.003 0.003 0.004 0.979 
468   ZFPB02    (0)   :  0.004 0.005 0.003 0.003 0.003 0.003 0.003 0.976 
469   ZFPB03    (0)   :  0.004 0.003 0.003 0.004 0.004 0.002 0.003 0.977 
470   ZFPB05    (0)   :  0.003 0.003 0.002 0.002 0.002 0.002 0.002 0.983 
471   ZFPB06    (0)   :  0.005 0.002 0.002 0.003 0.004 0.002 0.004 0.978 
472   ZFPB07    (0)   :  0.003 0.004 0.004 0.002 0.002 0.003 0.002 0.981 
473   ZFPB08    (0)   :  0.004 0.003 0.004 0.003 0.004 0.003 0.003 0.975 
474   ZFPB10    (0)   :  0.003 0.002 0.002 0.003 0.003 0.003 0.003 0.981 
475   ZFPB11    (0)   :  0.003 0.003 0.002 0.002 0.003 0.003 0.002 0.980 
476   ZFPB12    (0)   :  0.004 0.003 0.002 0.003 0.003 0.003 0.003 0.980 
477   ZFPB13    (0)   :  0.003 0.003 0.003 0.003 0.002 0.002 0.003 0.981 
478   ZFPB14    (0)   :  0.003 0.004 0.004 0.002 0.003 0.003 0.002 0.979 
479   ZFPB15    (0)   :  0.003 0.003 0.004 0.003 0.003 0.002 0.003 0.979 
480   ZFPB17    (0)   :  0.004 0.002 0.002 0.002 0.003 0.003 0.003 0.981 
481   ZFPB18    (0)   :  0.003 0.003 0.003 0.002 0.003 0.003 0.002 0.982 
482   ZFPB19    (0)   :  0.004 0.003 0.004 0.003 0.005 0.002 0.004 0.974 
483   ZFPB20    (0)   :  0.003 0.002 0.002 0.002 0.002 0.002 0.003 0.984 
484   ZFPB21    (0)   :  0.003 0.003 0.004 0.003 0.003 0.002 0.003 0.980 
485   ZFPB22    (0)   :  0.003 0.002 0.002 0.002 0.002 0.002 0.003 0.982 
486   ZFPB23    (0)   :  0.004 0.003 0.003 0.003 0.003 0.003 0.003 0.978 
487   ZFSF01    (0)   :  0.075 0.002 0.004 0.004 0.006 0.137 0.771 0.002 
488   ZFSF02    (0)   :  0.046 0.007 0.028 0.018 0.016 0.595 0.278 0.011 
489   ZFSF03    (0)   :  0.113 0.003 0.005 0.004 0.004 0.091 0.778 0.003 
490   ZFSF04    (0)   :  0.007 0.006 0.007 0.004 0.011 0.021 0.942 0.002 
491  ZFSW101    (0)   :  0.007 0.007 0.110 0.008 0.007 0.008 0.850 0.003 
492  ZFSW102    (0)   :  0.007 0.006 0.010 0.004 0.013 0.013 0.945 0.003 
493  ZFSW103    (0)   :  0.009 0.010 0.032 0.028 0.006 0.010 0.903 0.003 
494  ZFSW104    (9)   :  0.016 0.018 0.021 0.008 0.038 0.044 0.851 0.004 
495  ZFSW105    (0)   :  0.005 0.010 0.049 0.005 0.008 0.006 0.913 0.003 
496  ZFSW106    (0)   :  0.079 0.076 0.019 0.013 0.005 0.014 0.786 0.007 
497  ZFSW107    (0)   :  0.005 0.005 0.008 0.003 0.007 0.006 0.963 0.004 
498  ZFSW108    (0)   :  0.009 0.003 0.003 0.003 0.005 0.005 0.968 0.004 
499  ZFSW109    (0)   :  0.004 0.010 0.007 0.006 0.007 0.005 0.959 0.003 
500  ZFSW110    (0)   :  0.007 0.013 0.035 0.012 0.007 0.009 0.914 0.004 
501  ZFSW111    (0)   :  0.008 0.016 0.172 0.008 0.028 0.009 0.755 0.003 
502  ZFSW112    (0)   :  0.008 0.005 0.033 0.007 0.094 0.007 0.844 0.003 
503  ZFSW113    (0)   :  0.029 0.006 0.075 0.011 0.011 0.047 0.818 0.004 
