

----------------------------------------------------
STRUCTURE by Pritchard, Stephens and Donnelly (2000)
     and Falush, Stephens and Pritchard (2003)
       Code by Pritchard, Falush and Hubisz
             Version 2.3.4 (Jul 2012)
----------------------------------------------------



Command line arguments:   bin\structure -m C:\Users\eschumacher\Documents\GitHub\GCC_QUAC_ZAIN\Data_Files\Structure_Files\ZAIN\ZAIN_wild_rebinned_nopopinfo\50-50\mainparams -e C:\Users\eschumacher\Documents\GitHub\GCC_QUAC_ZAIN\Data_Files\Structure_Files\ZAIN\ZAIN_wild_rebinned_nopopinfo\50-50\extraparams 
Input File:    C:\Users\eschumacher\Documents\GitHub\GCC_QUAC_ZAIN\Data_Files\Structure_Files\ZAIN\ZAIN_wild_rebinned_nopopinfo\project_data

Run parameters:
   751 individuals
   11 loci
   12 populations assumed
   50000 Burn-in period
   50000 Reps


--------------------------------------------
Overall proportion of membership of the
sample in each of the 12 clusters

Inferred Clusters
  1      2      3      4      5      6      7      8      9     10     11     12    
0.129  0.101  0.110  0.068  0.053  0.101  0.074  0.089  0.034  0.063  0.075  0.103  

--------------------------------------------

Allele-freq. divergence among pops (Net nucleotide distance),
computed using point estimates of P.

      1       2       3       4       5       6       7       8       9      10      11      12      
 1      -    0.0831  0.2482  0.2956  0.2625  0.2481  0.2443  0.1760  0.2209  0.3252  0.1559  0.0756  
 2   0.0831     -    0.2128  0.2049  0.1818  0.1639  0.1934  0.1452  0.1591  0.2735  0.1006  0.1235  
 3   0.2482  0.2128     -    0.2654  0.3888  0.0656  0.0504  0.2334  0.2338  0.1412  0.1661  0.2515  
 4   0.2956  0.2049  0.2654     -    0.4491  0.1353  0.2310  0.2011  0.2478  0.2950  0.2471  0.2997  
 5   0.2625  0.1818  0.3888  0.4491     -    0.3704  0.3778  0.3487  0.3173  0.4582  0.3471  0.3048  
 6   0.2481  0.1639  0.0656  0.1353  0.3704     -    0.0797  0.1711  0.1951  0.1310  0.1195  0.2608  
 7   0.2443  0.1934  0.0504  0.2310  0.3778  0.0797     -    0.1983  0.1901  0.1048  0.1715  0.2602  
 8   0.1760  0.1452  0.2334  0.2011  0.3487  0.1711  0.1983     -    0.1977  0.2051  0.1701  0.2111  
 9   0.2209  0.1591  0.2338  0.2478  0.3173  0.1951  0.1901  0.1977     -    0.2837  0.1824  0.2614  
10   0.3252  0.2735  0.1412  0.2950  0.4582  0.1310  0.1048  0.2051  0.2837     -    0.1732  0.3665  
11   0.1559  0.1006  0.1661  0.2471  0.3471  0.1195  0.1715  0.1701  0.1824  0.1732     -    0.1952  
12   0.0756  0.1235  0.2515  0.2997  0.3048  0.2608  0.2602  0.2111  0.2614  0.3665  0.1952     -    

Average distances (expected heterozygosity) between individuals in same cluster:
cluster  1  : 0.4341 
cluster  2  : 0.5450 
cluster  3  : 0.3631 
cluster  4  : 0.2261 
cluster  5  : 0.2547 
cluster  6  : 0.4262 
cluster  7  : 0.4127 
cluster  8  : 0.3970 
cluster  9  : 0.2419 
cluster 10  : 0.3626 
cluster 11  : 0.4564 
cluster 12  : 0.4806 

--------------------------------------------
Estimated Ln Prob of Data   = -13387.7
Mean value of ln likelihood = -12908.2
Variance of ln likelihood   = 959.1
Mean value of alpha         = 0.0327

Mean value of Fst_1         = 0.4210
Mean value of Fst_2         = 0.1419
Mean value of Fst_3         = 0.4345
Mean value of Fst_4         = 0.6582
Mean value of Fst_5         = 0.6272
Mean value of Fst_6         = 0.4148
Mean value of Fst_7         = 0.3429
Mean value of Fst_8         = 0.4084
Mean value of Fst_9         = 0.6336
Mean value of Fst_10         = 0.4334
Mean value of Fst_11         = 0.3089
Mean value of Fst_12         = 0.4193


Inferred ancestry of individuals:
        Label (%Miss) :  Inferred clusters
  1    ZFB01    (0)   :  0.008 0.003 0.004 0.003 0.005 0.003 0.003 0.004 0.002 0.003 0.003 0.958 
  2    ZFB02    (0)   :  0.040 0.008 0.004 0.002 0.015 0.002 0.003 0.011 0.007 0.003 0.005 0.899 
  3    ZFB03    (0)   :  0.016 0.017 0.012 0.021 0.003 0.014 0.007 0.006 0.005 0.002 0.012 0.885 
  4    ZFB04    (0)   :  0.017 0.006 0.004 0.002 0.013 0.003 0.003 0.006 0.008 0.003 0.004 0.932 
  5    ZFB05    (0)   :  0.029 0.050 0.003 0.010 0.091 0.005 0.003 0.008 0.045 0.010 0.021 0.725 
  6    ZFB06    (0)   :  0.018 0.041 0.003 0.009 0.075 0.005 0.003 0.006 0.021 0.011 0.019 0.790 
  7    ZFB07    (9)   :  0.049 0.043 0.008 0.005 0.015 0.006 0.005 0.004 0.006 0.007 0.012 0.840 
  8    ZFB08    (0)   :  0.024 0.007 0.009 0.005 0.003 0.007 0.008 0.006 0.010 0.006 0.019 0.898 
  9    ZFB09    (0)   :  0.006 0.004 0.003 0.003 0.003 0.003 0.003 0.004 0.003 0.002 0.004 0.963 
 10    ZFB10    (0)   :  0.006 0.004 0.021 0.002 0.005 0.007 0.009 0.005 0.006 0.006 0.005 0.925 
 11    ZFB11    (0)   :  0.005 0.004 0.005 0.002 0.013 0.003 0.004 0.004 0.005 0.003 0.003 0.949 
 12    ZFB12    (0)   :  0.014 0.012 0.008 0.005 0.022 0.006 0.005 0.005 0.003 0.003 0.021 0.895 
 13    ZFB13    (0)   :  0.013 0.007 0.012 0.005 0.003 0.007 0.010 0.004 0.012 0.007 0.012 0.907 
 14    ZFB14    (0)   :  0.006 0.004 0.004 0.003 0.003 0.003 0.004 0.005 0.005 0.003 0.004 0.955 
 15    ZFB15    (0)   :  0.008 0.004 0.003 0.002 0.006 0.002 0.002 0.003 0.003 0.002 0.004 0.961 
 16    ZFB16    (0)   :  0.010 0.005 0.008 0.003 0.004 0.005 0.006 0.003 0.012 0.004 0.008 0.933 
 17    ZFB17    (0)   :  0.008 0.008 0.010 0.002 0.023 0.008 0.006 0.014 0.028 0.009 0.026 0.859 
 18    ZFB18    (0)   :  0.004 0.003 0.004 0.002 0.003 0.003 0.003 0.004 0.002 0.003 0.003 0.966 
 19    ZFB19    (0)   :  0.060 0.060 0.050 0.007 0.005 0.026 0.024 0.004 0.006 0.011 0.060 0.687 
 20    ZFB20    (0)   :  0.013 0.006 0.007 0.002 0.017 0.005 0.005 0.003 0.022 0.004 0.009 0.906 
 21    ZFB21    (0)   :  0.008 0.006 0.003 0.004 0.007 0.003 0.003 0.003 0.004 0.002 0.003 0.955 
 22    ZFB22    (0)   :  0.012 0.008 0.010 0.002 0.024 0.010 0.006 0.007 0.005 0.008 0.010 0.898 
 23    ZFB23    (0)   :  0.004 0.004 0.005 0.003 0.017 0.003 0.004 0.004 0.007 0.002 0.003 0.944 
 24    ZFB24    (0)   :  0.006 0.004 0.005 0.003 0.021 0.003 0.004 0.003 0.006 0.003 0.003 0.939 
 25    ZFB25    (0)   :  0.004 0.003 0.014 0.003 0.005 0.005 0.005 0.004 0.003 0.003 0.003 0.947 
 26    ZFB26    (0)   :  0.005 0.005 0.008 0.004 0.036 0.005 0.008 0.004 0.012 0.003 0.003 0.906 
 27    ZFB27    (0)   :  0.006 0.004 0.005 0.002 0.066 0.003 0.004 0.004 0.003 0.002 0.002 0.898 
 28    ZFB28    (0)   :  0.007 0.022 0.006 0.004 0.136 0.005 0.004 0.007 0.011 0.003 0.010 0.785 
 29    ZFB29    (0)   :  0.006 0.004 0.003 0.002 0.009 0.002 0.003 0.004 0.010 0.002 0.003 0.951 
 30    ZFB30    (0)   :  0.014 0.061 0.004 0.007 0.227 0.005 0.004 0.003 0.004 0.011 0.012 0.648 
 31    ZFB31    (0)   :  0.005 0.004 0.011 0.003 0.006 0.005 0.007 0.004 0.003 0.003 0.003 0.943 
 32    ZFB32    (0)   :  0.012 0.026 0.012 0.007 0.066 0.008 0.009 0.021 0.025 0.004 0.030 0.783 
 33    ZFB33    (0)   :  0.007 0.004 0.003 0.002 0.005 0.002 0.003 0.003 0.003 0.002 0.003 0.962 
 34    ZFB34    (0)   :  0.010 0.006 0.004 0.004 0.002 0.003 0.003 0.006 0.004 0.003 0.004 0.951 
 35    ZFB35    (0)   :  0.014 0.005 0.005 0.004 0.005 0.004 0.005 0.005 0.007 0.003 0.004 0.939 
 36  ZFBP101    (0)   :  0.009 0.009 0.229 0.016 0.003 0.332 0.166 0.055 0.115 0.045 0.012 0.010 
 37  ZFBP102    (0)   :  0.013 0.012 0.152 0.004 0.003 0.307 0.421 0.011 0.037 0.013 0.010 0.016 
 38  ZFBP103    (0)   :  0.007 0.008 0.096 0.018 0.003 0.678 0.023 0.089 0.052 0.010 0.008 0.009 
 39  ZFBP104    (0)   :  0.022 0.017 0.314 0.009 0.003 0.474 0.088 0.004 0.005 0.008 0.035 0.022 
 40  ZFBP105    (0)   :  0.006 0.007 0.242 0.014 0.005 0.104 0.593 0.005 0.007 0.005 0.008 0.006 
 41  ZFBP106    (0)   :  0.003 0.003 0.372 0.022 0.003 0.095 0.459 0.007 0.013 0.013 0.006 0.003 
 42  ZFBP107    (0)   :  0.005 0.013 0.272 0.020 0.027 0.240 0.354 0.006 0.043 0.005 0.008 0.007 
 43  ZFBP108    (0)   :  0.003 0.003 0.852 0.008 0.003 0.011 0.101 0.003 0.005 0.005 0.003 0.003 
 44  ZFBP109    (0)   :  0.004 0.003 0.219 0.006 0.002 0.028 0.717 0.004 0.003 0.005 0.004 0.003 
 45  ZFBP110    (0)   :  0.012 0.029 0.339 0.093 0.003 0.277 0.104 0.031 0.046 0.007 0.013 0.046 
 46  ZFBP111    (0)   :  0.003 0.004 0.314 0.012 0.004 0.387 0.124 0.004 0.005 0.131 0.010 0.003 
 47  ZFBP112    (0)   :  0.004 0.004 0.830 0.011 0.005 0.018 0.043 0.012 0.015 0.048 0.007 0.003 
 48  ZFBP113    (0)   :  0.003 0.003 0.947 0.003 0.004 0.010 0.012 0.003 0.004 0.004 0.005 0.003 
 49  ZFBP114    (0)   :  0.003 0.004 0.016 0.003 0.006 0.039 0.905 0.003 0.009 0.004 0.003 0.003 
 50  ZFBP115    (0)   :  0.003 0.004 0.018 0.016 0.004 0.859 0.061 0.006 0.009 0.012 0.006 0.002 
 51  ZFBP116    (0)   :  0.003 0.005 0.866 0.006 0.005 0.025 0.063 0.004 0.006 0.007 0.007 0.002 
 52  ZFBP117    (0)   :  0.003 0.004 0.387 0.007 0.003 0.021 0.543 0.011 0.005 0.008 0.005 0.003 
 53  ZFBP118    (0)   :  0.003 0.006 0.116 0.004 0.008 0.038 0.792 0.004 0.013 0.009 0.004 0.004 
 54  ZFBP119    (0)   :  0.003 0.005 0.022 0.014 0.002 0.163 0.719 0.026 0.013 0.015 0.015 0.003 
 55  ZFBP120    (0)   :  0.006 0.006 0.608 0.015 0.005 0.115 0.215 0.004 0.006 0.005 0.007 0.007 
 56  ZFBP121    (0)   :  0.005 0.004 0.186 0.007 0.003 0.018 0.747 0.008 0.007 0.005 0.005 0.005 
 57  ZFBP122    (9)   :  0.003 0.004 0.782 0.007 0.003 0.031 0.142 0.004 0.006 0.009 0.006 0.003 
 58  ZFBP123    (0)   :  0.005 0.004 0.811 0.006 0.007 0.014 0.074 0.011 0.040 0.018 0.008 0.003 
 59  ZFBP124    (0)   :  0.007 0.004 0.223 0.005 0.005 0.023 0.704 0.005 0.008 0.005 0.004 0.005 
 60  ZFBP125    (0)   :  0.003 0.003 0.260 0.010 0.003 0.043 0.641 0.008 0.005 0.017 0.005 0.003 
 61  ZFBP126    (0)   :  0.011 0.013 0.857 0.003 0.003 0.019 0.016 0.016 0.026 0.006 0.019 0.010 
 62  ZFBP127    (0)   :  0.003 0.005 0.303 0.090 0.003 0.175 0.383 0.020 0.006 0.005 0.003 0.003 
 63  ZFBP128    (0)   :  0.003 0.003 0.887 0.016 0.002 0.015 0.021 0.014 0.007 0.025 0.004 0.004 
 64  ZFBP129    (0)   :  0.005 0.005 0.458 0.007 0.003 0.008 0.353 0.011 0.009 0.130 0.006 0.004 
 65  ZFBP130    (0)   :  0.002 0.003 0.513 0.013 0.004 0.051 0.284 0.030 0.010 0.078 0.009 0.002 
 66  ZFBP131    (0)   :  0.003 0.004 0.916 0.003 0.003 0.005 0.049 0.003 0.003 0.004 0.004 0.003 
 67  ZFBP132    (0)   :  0.003 0.004 0.580 0.021 0.003 0.021 0.346 0.005 0.006 0.005 0.003 0.005 
 68  ZFBP133    (0)   :  0.003 0.002 0.923 0.003 0.002 0.006 0.012 0.006 0.003 0.034 0.005 0.002 
 69  ZFBP134    (0)   :  0.003 0.003 0.124 0.008 0.003 0.786 0.019 0.025 0.003 0.011 0.010 0.004 
 70  ZFBP135    (0)   :  0.009 0.007 0.414 0.018 0.002 0.078 0.164 0.208 0.063 0.015 0.006 0.015 
 71  ZFBP136    (0)   :  0.004 0.004 0.314 0.019 0.009 0.190 0.181 0.050 0.181 0.039 0.007 0.003 
 72  ZFBP201    (0)   :  0.004 0.004 0.934 0.008 0.006 0.009 0.014 0.004 0.005 0.004 0.005 0.004 
 73  ZFBP202    (0)   :  0.005 0.005 0.824 0.012 0.003 0.022 0.099 0.005 0.006 0.008 0.006 0.005 
 74  ZFBP203    (0)   :  0.013 0.026 0.776 0.004 0.064 0.012 0.043 0.005 0.008 0.016 0.026 0.006 
 75  ZFBP204    (0)   :  0.005 0.006 0.106 0.014 0.005 0.101 0.692 0.012 0.029 0.019 0.008 0.003 
 76  ZFBP205    (0)   :  0.005 0.004 0.407 0.003 0.005 0.019 0.517 0.009 0.011 0.012 0.006 0.002 
 77  ZFBP206    (0)   :  0.005 0.004 0.891 0.004 0.007 0.006 0.025 0.007 0.021 0.020 0.008 0.003 
 78  ZFBP207    (0)   :  0.003 0.004 0.014 0.138 0.004 0.123 0.679 0.011 0.006 0.006 0.006 0.005 
 79  ZFBP208    (0)   :  0.005 0.005 0.906 0.003 0.012 0.008 0.023 0.005 0.013 0.007 0.010 0.003 
 80  ZFBP209    (0)   :  0.004 0.003 0.599 0.003 0.002 0.008 0.240 0.010 0.003 0.121 0.004 0.003 
 81  ZFBP210    (0)   :  0.004 0.005 0.913 0.008 0.008 0.010 0.022 0.004 0.006 0.008 0.009 0.004 
 82  ZFBP211    (0)   :  0.005 0.004 0.188 0.009 0.003 0.010 0.755 0.004 0.008 0.004 0.004 0.006 
 83  ZFBP212    (0)   :  0.004 0.003 0.838 0.030 0.003 0.056 0.046 0.002 0.003 0.005 0.003 0.006 
 84  ZFBP213    (0)   :  0.010 0.006 0.846 0.012 0.004 0.008 0.051 0.010 0.029 0.009 0.010 0.005 
 85  ZFBP214    (0)   :  0.008 0.010 0.714 0.036 0.004 0.023 0.034 0.047 0.025 0.053 0.040 0.006 
 86  ZFBP215    (0)   :  0.003 0.003 0.874 0.006 0.003 0.009 0.075 0.006 0.005 0.008 0.004 0.003 
 87  ZFBP216    (0)   :  0.005 0.009 0.711 0.007 0.007 0.052 0.163 0.005 0.007 0.005 0.026 0.004 
 88  ZFBP217    (0)   :  0.004 0.007 0.644 0.045 0.004 0.074 0.047 0.007 0.005 0.134 0.023 0.005 
 89  ZFBP218    (0)   :  0.007 0.003 0.493 0.003 0.003 0.036 0.423 0.005 0.003 0.016 0.006 0.002 
 90  ZFBP219    (0)   :  0.003 0.003 0.952 0.003 0.004 0.008 0.009 0.002 0.004 0.004 0.005 0.002 
 91  ZFBP220    (0)   :  0.003 0.004 0.664 0.017 0.004 0.164 0.069 0.021 0.009 0.039 0.006 0.003 
 92  ZFBP221    (0)   :  0.005 0.003 0.254 0.008 0.004 0.555 0.146 0.004 0.002 0.009 0.005 0.004 
 93  ZFBP222    (0)   :  0.005 0.004 0.930 0.003 0.004 0.004 0.024 0.006 0.005 0.007 0.006 0.003 
 94  ZFBP223    (0)   :  0.005 0.007 0.494 0.229 0.006 0.076 0.144 0.008 0.009 0.010 0.005 0.007 
 95  ZFBP224    (0)   :  0.006 0.006 0.906 0.006 0.004 0.011 0.025 0.005 0.015 0.005 0.007 0.003 
 96  ZFBP225    (0)   :  0.004 0.007 0.312 0.025 0.012 0.304 0.060 0.012 0.009 0.241 0.012 0.003 
 97  ZFBP226    (0)   :  0.004 0.004 0.674 0.005 0.005 0.018 0.267 0.004 0.005 0.006 0.005 0.003 
 98  ZFBP227    (0)   :  0.020 0.037 0.298 0.010 0.004 0.282 0.181 0.005 0.012 0.006 0.132 0.012 
 99  ZFBP228    (0)   :  0.004 0.004 0.216 0.090 0.002 0.340 0.302 0.020 0.005 0.008 0.004 0.004 
100  ZFBP229    (0)   :  0.003 0.003 0.755 0.005 0.003 0.036 0.151 0.008 0.004 0.022 0.007 0.002 
101  ZFBP230    (0)   :  0.003 0.004 0.469 0.013 0.004 0.246 0.160 0.034 0.009 0.043 0.010 0.003 
102  ZFBP231    (0)   :  0.005 0.005 0.037 0.007 0.004 0.013 0.894 0.004 0.015 0.005 0.006 0.005 
103  ZFBP232    (0)   :  0.003 0.003 0.134 0.003 0.003 0.009 0.824 0.004 0.005 0.006 0.004 0.003 
104  ZFBP233    (0)   :  0.006 0.005 0.466 0.007 0.004 0.032 0.430 0.005 0.010 0.019 0.010 0.007 
105   ZFCC01    (0)   :  0.014 0.004 0.005 0.005 0.004 0.004 0.004 0.939 0.008 0.004 0.005 0.005 
106   ZFCC03    (0)   :  0.005 0.003 0.004 0.010 0.003 0.004 0.003 0.952 0.005 0.005 0.003 0.003 
107   ZFCC04    (0)   :  0.006 0.004 0.004 0.005 0.004 0.004 0.003 0.943 0.012 0.007 0.004 0.004 
108   ZFCC05    (0)   :  0.010 0.007 0.007 0.018 0.005 0.007 0.006 0.873 0.048 0.007 0.007 0.006 
109   ZFCC08    (0)   :  0.006 0.003 0.008 0.005 0.002 0.009 0.012 0.921 0.009 0.016 0.007 0.002 
110   ZFCC09    (0)   :  0.007 0.004 0.003 0.007 0.003 0.004 0.005 0.952 0.007 0.003 0.003 0.003 
111   ZFCC10    (0)   :  0.015 0.004 0.004 0.004 0.004 0.003 0.005 0.943 0.008 0.003 0.004 0.004 
112   ZFCC11    (0)   :  0.008 0.005 0.006 0.011 0.004 0.004 0.004 0.938 0.008 0.004 0.004 0.004 
113   ZFCC12    (0)   :  0.118 0.021 0.006 0.009 0.005 0.008 0.006 0.762 0.044 0.006 0.008 0.008 
114   ZFCC13    (0)   :  0.005 0.006 0.009 0.009 0.012 0.012 0.006 0.913 0.008 0.008 0.009 0.004 
115   ZFCC14    (0)   :  0.007 0.005 0.009 0.005 0.007 0.004 0.007 0.913 0.024 0.007 0.004 0.008 
116   ZFCC15    (0)   :  0.006 0.005 0.004 0.004 0.004 0.004 0.004 0.948 0.006 0.004 0.008 0.003 
117   ZFCC16    (0)   :  0.006 0.004 0.003 0.004 0.003 0.003 0.004 0.943 0.014 0.005 0.005 0.005 
118   ZFCC17    (0)   :  0.008 0.005 0.003 0.006 0.010 0.003 0.003 0.899 0.049 0.003 0.004 0.005 
119   ZFCC18    (0)   :  0.008 0.004 0.005 0.009 0.004 0.004 0.004 0.941 0.008 0.006 0.004 0.004 
120   ZFCC19    (0)   :  0.004 0.006 0.003 0.003 0.008 0.003 0.003 0.945 0.010 0.003 0.007 0.005 
121   ZFCC20    (0)   :  0.005 0.004 0.004 0.007 0.003 0.006 0.003 0.940 0.011 0.006 0.006 0.004 
122   ZFCC21    (0)   :  0.007 0.006 0.058 0.003 0.007 0.013 0.011 0.787 0.013 0.034 0.056 0.005 
123   ZFCC22    (0)   :  0.011 0.003 0.111 0.006 0.006 0.076 0.070 0.647 0.011 0.047 0.008 0.003 
124   ZFCC26    (0)   :  0.005 0.004 0.003 0.004 0.003 0.003 0.003 0.953 0.009 0.004 0.004 0.005 
125   ZFCC27    (0)   :  0.004 0.003 0.003 0.007 0.003 0.003 0.004 0.958 0.005 0.004 0.003 0.003 
126   ZFCC29    (0)   :  0.008 0.005 0.004 0.005 0.003 0.006 0.004 0.921 0.020 0.005 0.011 0.009 
127   ZFCC30    (0)   :  0.004 0.004 0.003 0.011 0.004 0.004 0.004 0.948 0.007 0.005 0.004 0.003 
128   ZFCC32    (0)   :  0.011 0.006 0.004 0.006 0.007 0.006 0.005 0.928 0.010 0.005 0.010 0.004 
129   ZFCC33    (0)   :  0.006 0.009 0.004 0.008 0.004 0.004 0.005 0.657 0.284 0.004 0.005 0.009 
130   ZFCC34    (0)   :  0.028 0.006 0.043 0.068 0.009 0.036 0.077 0.628 0.057 0.016 0.007 0.023 
131   ZFCC35    (0)   :  0.003 0.003 0.003 0.004 0.004 0.004 0.005 0.958 0.007 0.004 0.004 0.002 
132   ZFCC36    (0)   :  0.006 0.006 0.009 0.004 0.019 0.009 0.007 0.898 0.012 0.011 0.015 0.004 
133   ZFCC37    (0)   :  0.115 0.018 0.008 0.008 0.005 0.010 0.009 0.769 0.033 0.006 0.011 0.007 
134   ZFCC40    (0)   :  0.007 0.004 0.007 0.003 0.013 0.003 0.004 0.932 0.014 0.004 0.003 0.005 
135   ZFCC42    (0)   :  0.105 0.057 0.004 0.035 0.108 0.009 0.004 0.066 0.543 0.006 0.006 0.057 
136   ZFCC44    (0)   :  0.003 0.004 0.003 0.009 0.008 0.004 0.003 0.940 0.017 0.003 0.003 0.003 
137   ZFCC45    (9)   :  0.023 0.017 0.006 0.009 0.020 0.005 0.004 0.843 0.051 0.004 0.007 0.009 
138   ZFCC46    (0)   :  0.003 0.003 0.011 0.010 0.004 0.018 0.012 0.878 0.014 0.033 0.009 0.003 
139   ZFCC47    (0)   :  0.071 0.006 0.004 0.005 0.004 0.006 0.008 0.870 0.009 0.007 0.005 0.006 
140   ZFCC48    (0)   :  0.005 0.004 0.038 0.003 0.004 0.011 0.013 0.855 0.015 0.034 0.014 0.004 
141   ZFCC50    (0)   :  0.006 0.003 0.003 0.003 0.004 0.003 0.003 0.953 0.010 0.004 0.004 0.004 
142   ZFCC51    (0)   :  0.004 0.003 0.003 0.011 0.003 0.004 0.003 0.956 0.004 0.003 0.003 0.004 
143   ZFCC52    (0)   :  0.006 0.004 0.014 0.006 0.007 0.011 0.014 0.869 0.042 0.014 0.008 0.004 
144   ZFCC53    (0)   :  0.004 0.003 0.003 0.006 0.003 0.003 0.003 0.961 0.005 0.003 0.003 0.003 
145  ZFCNS01    (0)   :  0.005 0.029 0.008 0.824 0.033 0.042 0.004 0.007 0.003 0.003 0.039 0.003 
146  ZFCNS02    (0)   :  0.003 0.003 0.003 0.964 0.002 0.004 0.005 0.005 0.004 0.004 0.003 0.002 
147  ZFCNS05    (0)   :  0.005 0.003 0.007 0.941 0.002 0.008 0.007 0.007 0.006 0.005 0.005 0.005 
148  ZFCNS06    (0)   :  0.003 0.003 0.004 0.962 0.002 0.004 0.004 0.005 0.003 0.004 0.003 0.003 
149  ZFCNS07    (0)   :  0.003 0.003 0.005 0.952 0.002 0.006 0.008 0.003 0.003 0.009 0.003 0.003 
150  ZFCNS10    (0)   :  0.002 0.003 0.007 0.935 0.005 0.022 0.007 0.004 0.003 0.006 0.003 0.003 
151  ZFCNS11    (0)   :  0.005 0.014 0.006 0.905 0.012 0.018 0.004 0.008 0.003 0.005 0.018 0.002 
152  ZFCNS15    (0)   :  0.003 0.003 0.019 0.899 0.002 0.037 0.012 0.003 0.006 0.007 0.004 0.004 
153  ZFCNS17    (0)   :  0.002 0.003 0.003 0.961 0.002 0.005 0.005 0.004 0.004 0.004 0.003 0.002 
154  ZFCNS18    (0)   :  0.003 0.003 0.008 0.939 0.005 0.016 0.008 0.005 0.003 0.004 0.003 0.003 
155  ZFCNS19    (0)   :  0.003 0.003 0.003 0.966 0.002 0.004 0.003 0.005 0.003 0.004 0.003 0.003 
156  ZFCNS20    (0)   :  0.003 0.003 0.011 0.919 0.003 0.013 0.015 0.004 0.008 0.014 0.004 0.003 
157  ZFCNS21    (0)   :  0.002 0.003 0.003 0.967 0.002 0.005 0.003 0.004 0.004 0.002 0.002 0.002 
158  ZFCNS22    (0)   :  0.004 0.003 0.011 0.934 0.002 0.010 0.010 0.005 0.006 0.005 0.004 0.005 
159  ZFCNS23    (0)   :  0.008 0.008 0.006 0.893 0.012 0.006 0.005 0.014 0.024 0.012 0.010 0.004 
160  ZFCNS24    (0)   :  0.003 0.003 0.005 0.942 0.002 0.009 0.007 0.008 0.010 0.006 0.004 0.002 
161  ZFCNS25    (0)   :  0.003 0.003 0.007 0.926 0.002 0.014 0.015 0.006 0.008 0.009 0.004 0.002 
162  ZFCNS26    (0)   :  0.003 0.003 0.005 0.960 0.002 0.008 0.004 0.003 0.003 0.004 0.003 0.003 
163  ZFCNS27    (0)   :  0.003 0.004 0.018 0.884 0.003 0.042 0.022 0.003 0.006 0.009 0.004 0.003 
164  ZFCNS28    (0)   :  0.003 0.003 0.004 0.962 0.002 0.005 0.003 0.004 0.003 0.004 0.003 0.003 
165  ZFCNS29    (0)   :  0.003 0.004 0.006 0.942 0.002 0.008 0.008 0.007 0.007 0.004 0.004 0.003 
166  ZFCNS30    (0)   :  0.004 0.004 0.005 0.949 0.002 0.009 0.004 0.007 0.006 0.003 0.004 0.004 
167  ZFCNS31    (0)   :  0.003 0.003 0.004 0.964 0.002 0.006 0.004 0.003 0.003 0.004 0.003 0.003 
168  ZFCNS32    (0)   :  0.003 0.003 0.005 0.943 0.002 0.012 0.006 0.004 0.006 0.007 0.004 0.003 
169  ZFCNS33    (0)   :  0.003 0.003 0.003 0.965 0.002 0.005 0.003 0.003 0.003 0.004 0.003 0.003 
170  ZFCNS34    (0)   :  0.004 0.003 0.004 0.946 0.002 0.006 0.006 0.010 0.007 0.004 0.004 0.004 
171  ZFCNS35    (0)   :  0.008 0.003 0.014 0.893 0.002 0.026 0.015 0.009 0.003 0.004 0.004 0.019 
172  ZFCNS36    (0)   :  0.003 0.003 0.005 0.939 0.002 0.008 0.008 0.008 0.009 0.008 0.004 0.002 
173  ZFCNS37    (0)   :  0.004 0.008 0.005 0.820 0.002 0.126 0.009 0.005 0.006 0.008 0.005 0.003 
174  ZFCNS39    (0)   :  0.002 0.005 0.007 0.885 0.005 0.028 0.008 0.016 0.006 0.023 0.012 0.002 
175  ZFCNS40    (0)   :  0.003 0.005 0.006 0.654 0.003 0.150 0.019 0.029 0.012 0.110 0.008 0.002 
176  ZFCNS41    (0)   :  0.006 0.009 0.012 0.237 0.004 0.658 0.025 0.016 0.011 0.006 0.010 0.006 
177  ZFCNS42    (0)   :  0.002 0.003 0.004 0.963 0.002 0.007 0.004 0.003 0.003 0.003 0.003 0.003 
178  ZFCNS43    (0)   :  0.003 0.003 0.003 0.966 0.002 0.004 0.003 0.005 0.004 0.003 0.003 0.002 
179  ZFCNS44    (0)   :  0.002 0.003 0.008 0.940 0.005 0.018 0.006 0.005 0.003 0.003 0.003 0.003 
180  ZFCNS46    (0)   :  0.003 0.004 0.006 0.946 0.002 0.011 0.006 0.005 0.005 0.004 0.004 0.003 
181  ZFCNS47    (0)   :  0.003 0.003 0.003 0.966 0.002 0.005 0.003 0.004 0.003 0.003 0.003 0.002 
182  ZFCNS48    (0)   :  0.004 0.003 0.015 0.903 0.004 0.035 0.011 0.007 0.005 0.005 0.004 0.004 
183  ZFCNS49    (0)   :  0.003 0.003 0.018 0.894 0.004 0.053 0.008 0.003 0.003 0.004 0.002 0.004 
184   ZFCR01    (0)   :  0.166 0.678 0.055 0.003 0.006 0.005 0.010 0.029 0.003 0.017 0.007 0.022 
185   ZFCR02    (0)   :  0.010 0.103 0.019 0.006 0.018 0.011 0.109 0.060 0.047 0.045 0.026 0.546 
186   ZFCR03    (0)   :  0.161 0.037 0.092 0.003 0.045 0.007 0.029 0.031 0.070 0.031 0.300 0.194 
187   ZFCR04    (0)   :  0.113 0.182 0.025 0.013 0.031 0.050 0.023 0.026 0.006 0.036 0.058 0.435 
188   ZFCR05    (0)   :  0.135 0.248 0.006 0.004 0.020 0.006 0.008 0.080 0.006 0.009 0.342 0.137 
189   ZFCR06    (0)   :  0.042 0.393 0.089 0.067 0.004 0.070 0.066 0.035 0.006 0.029 0.062 0.138 
190   ZFCR07    (0)   :  0.018 0.214 0.012 0.059 0.008 0.032 0.006 0.012 0.044 0.003 0.541 0.051 
191   ZFCR08    (0)   :  0.106 0.633 0.027 0.005 0.030 0.015 0.014 0.076 0.032 0.033 0.008 0.021 
192   ZFCR09    (0)   :  0.230 0.093 0.066 0.016 0.114 0.069 0.094 0.033 0.024 0.025 0.040 0.198 
193   ZFCR11    (0)   :  0.180 0.161 0.007 0.011 0.010 0.137 0.031 0.014 0.005 0.003 0.242 0.200 
194   ZFCR12    (0)   :  0.005 0.153 0.012 0.136 0.006 0.077 0.017 0.016 0.010 0.022 0.508 0.038 
195   ZFCR13    (0)   :  0.006 0.228 0.070 0.008 0.004 0.010 0.068 0.007 0.006 0.006 0.569 0.019 
196   ZFCR14    (0)   :  0.019 0.266 0.009 0.006 0.013 0.009 0.009 0.024 0.007 0.036 0.519 0.083 
197   ZFCR15    (0)   :  0.018 0.342 0.019 0.004 0.015 0.015 0.021 0.018 0.013 0.140 0.151 0.244 
198   ZFCR16    (0)   :  0.018 0.472 0.028 0.003 0.004 0.010 0.020 0.012 0.005 0.060 0.073 0.296 
199   ZFCR18    (0)   :  0.006 0.014 0.008 0.010 0.004 0.011 0.060 0.023 0.069 0.013 0.009 0.773 
200   ZFCR19    (0)   :  0.274 0.019 0.016 0.004 0.005 0.008 0.022 0.016 0.006 0.333 0.070 0.225 
201   ZFCR20    (0)   :  0.388 0.076 0.141 0.005 0.005 0.012 0.020 0.009 0.027 0.011 0.196 0.110 
202   ZFCR21    (0)   :  0.016 0.203 0.010 0.003 0.004 0.008 0.009 0.028 0.007 0.016 0.661 0.034 
203   ZFCR22    (0)   :  0.005 0.069 0.008 0.003 0.003 0.005 0.009 0.004 0.006 0.014 0.831 0.044 
204   ZFCR23    (0)   :  0.013 0.151 0.167 0.004 0.051 0.037 0.052 0.003 0.003 0.006 0.465 0.047 
205   ZFCR24    (9)   :  0.065 0.074 0.488 0.003 0.006 0.009 0.045 0.007 0.011 0.006 0.226 0.059 
206   ZFCR25    (0)   :  0.058 0.209 0.004 0.003 0.004 0.004 0.003 0.009 0.008 0.003 0.650 0.045 
207   ZFCR26    (0)   :  0.187 0.020 0.014 0.006 0.005 0.018 0.029 0.027 0.011 0.030 0.648 0.005 
208   ZFCR27    (9)   :  0.090 0.820 0.004 0.003 0.004 0.003 0.004 0.006 0.003 0.004 0.045 0.015 
209   ZFCR28    (0)   :  0.007 0.568 0.173 0.027 0.007 0.020 0.053 0.011 0.006 0.110 0.012 0.005 
210   ZFCR29    (0)   :  0.031 0.019 0.010 0.002 0.005 0.006 0.008 0.007 0.004 0.005 0.766 0.136 
211   ZFCR30    (0)   :  0.013 0.063 0.004 0.005 0.011 0.005 0.004 0.005 0.004 0.004 0.861 0.020 
212   ZFCR31    (0)   :  0.069 0.033 0.069 0.038 0.017 0.092 0.125 0.015 0.029 0.026 0.079 0.409 
213   ZFCR33    (0)   :  0.033 0.839 0.009 0.006 0.012 0.014 0.008 0.033 0.010 0.010 0.019 0.007 
214   ZFCR34    (0)   :  0.011 0.061 0.037 0.011 0.025 0.036 0.013 0.021 0.004 0.011 0.599 0.170 
215   ZFCR35    (0)   :  0.010 0.024 0.010 0.011 0.007 0.011 0.007 0.025 0.010 0.010 0.022 0.854 
216   ZFCR36    (0)   :  0.018 0.052 0.010 0.013 0.032 0.007 0.006 0.009 0.004 0.005 0.494 0.350 
217   ZFCR37    (0)   :  0.063 0.153 0.004 0.004 0.020 0.004 0.003 0.059 0.017 0.004 0.626 0.043 
218   ZFCR38    (0)   :  0.088 0.765 0.007 0.007 0.007 0.010 0.008 0.045 0.011 0.014 0.032 0.007 
219   ZFCR39    (0)   :  0.026 0.401 0.049 0.003 0.213 0.018 0.045 0.114 0.052 0.035 0.010 0.033 
220   ZFCR40    (0)   :  0.027 0.669 0.020 0.004 0.048 0.017 0.007 0.042 0.006 0.005 0.127 0.027 
221   ZFCR41    (0)   :  0.009 0.170 0.007 0.013 0.005 0.119 0.010 0.103 0.008 0.022 0.490 0.045 
222   ZFCR42    (0)   :  0.028 0.259 0.036 0.013 0.052 0.026 0.020 0.056 0.011 0.023 0.455 0.020 
223   ZFCR43    (0)   :  0.011 0.282 0.073 0.005 0.006 0.007 0.082 0.006 0.005 0.008 0.292 0.224 
224  ZFENP25    (0)   :  0.034 0.884 0.016 0.003 0.005 0.005 0.004 0.018 0.006 0.013 0.007 0.005 
225  ZFENP26    (0)   :  0.006 0.952 0.003 0.003 0.008 0.004 0.003 0.004 0.004 0.003 0.004 0.006 
226  ZFENP27    (0)   :  0.214 0.351 0.029 0.056 0.016 0.041 0.007 0.210 0.039 0.012 0.010 0.016 
227  ZFENP28    (0)   :  0.026 0.902 0.004 0.009 0.008 0.005 0.005 0.012 0.005 0.005 0.011 0.008 
228  ZFENP29    (0)   :  0.005 0.941 0.004 0.005 0.005 0.004 0.003 0.009 0.006 0.004 0.009 0.005 
229  ZFENP30    (0)   :  0.010 0.809 0.005 0.010 0.010 0.005 0.007 0.031 0.088 0.008 0.012 0.007 
230  ZFENP31    (0)   :  0.064 0.285 0.004 0.005 0.207 0.004 0.011 0.011 0.353 0.004 0.015 0.037 
231  ZFENP32    (0)   :  0.081 0.240 0.014 0.025 0.134 0.016 0.023 0.011 0.142 0.007 0.014 0.293 
232  ZFENP33    (0)   :  0.047 0.826 0.008 0.005 0.009 0.008 0.006 0.005 0.035 0.003 0.035 0.013 
233  ZFENP34    (0)   :  0.474 0.372 0.005 0.011 0.006 0.007 0.009 0.021 0.050 0.004 0.009 0.031 
234  ZFENP35    (0)   :  0.007 0.836 0.012 0.012 0.071 0.018 0.006 0.005 0.007 0.005 0.009 0.013 
235  ZFENP36    (0)   :  0.008 0.926 0.003 0.010 0.014 0.004 0.003 0.003 0.007 0.002 0.011 0.009 
236  ZFENP37    (0)   :  0.147 0.712 0.012 0.012 0.030 0.010 0.005 0.009 0.010 0.004 0.027 0.021 
237  ZFENP38    (0)   :  0.026 0.505 0.006 0.021 0.023 0.010 0.005 0.017 0.016 0.005 0.358 0.009 
238  ZFENP39    (0)   :  0.020 0.905 0.005 0.005 0.010 0.005 0.003 0.012 0.006 0.003 0.010 0.017 
239  ZFENP40    (0)   :  0.021 0.872 0.009 0.006 0.027 0.006 0.008 0.007 0.013 0.004 0.007 0.020 
240  ZFENP41    (0)   :  0.011 0.799 0.006 0.009 0.027 0.006 0.007 0.055 0.048 0.007 0.006 0.018 
241  ZFENP42    (0)   :  0.005 0.659 0.004 0.003 0.224 0.005 0.003 0.006 0.011 0.004 0.072 0.004 
242  ZFENP43    (0)   :  0.076 0.665 0.007 0.058 0.013 0.037 0.008 0.033 0.008 0.005 0.083 0.008 
243  ZFENP44    (0)   :  0.020 0.740 0.011 0.014 0.106 0.026 0.006 0.017 0.024 0.003 0.028 0.006 
244  ZFENP45    (0)   :  0.015 0.362 0.024 0.011 0.135 0.016 0.035 0.018 0.022 0.316 0.039 0.008 
245  ZFENP46    (0)   :  0.046 0.781 0.020 0.008 0.019 0.022 0.010 0.003 0.011 0.005 0.068 0.008 
246  ZFENP47    (0)   :  0.037 0.361 0.015 0.004 0.199 0.005 0.016 0.091 0.031 0.127 0.009 0.107 
247  ZFENP48    (0)   :  0.632 0.072 0.009 0.013 0.008 0.007 0.020 0.026 0.182 0.011 0.013 0.007 
248  ZFENP49    (0)   :  0.025 0.614 0.020 0.006 0.005 0.009 0.019 0.013 0.182 0.020 0.022 0.066 
249  ZFENP50    (0)   :  0.011 0.742 0.039 0.004 0.042 0.017 0.028 0.004 0.006 0.008 0.092 0.007 
250  ZFENP51    (0)   :  0.107 0.699 0.004 0.004 0.047 0.004 0.004 0.005 0.031 0.041 0.014 0.040 
251  ZFENP52    (0)   :  0.005 0.910 0.004 0.013 0.009 0.017 0.004 0.010 0.006 0.005 0.012 0.003 
252  ZFENP53    (0)   :  0.010 0.804 0.030 0.010 0.016 0.016 0.042 0.008 0.009 0.025 0.024 0.007 
253  ZFENP54    (0)   :  0.011 0.735 0.046 0.004 0.008 0.015 0.054 0.022 0.025 0.010 0.038 0.032 
254  ZFENP55    (0)   :  0.049 0.230 0.005 0.004 0.011 0.004 0.005 0.003 0.012 0.004 0.632 0.040 
255  ZFENP56    (0)   :  0.016 0.848 0.004 0.011 0.005 0.010 0.004 0.007 0.009 0.005 0.066 0.013 
256  ZFENP57    (0)   :  0.020 0.831 0.005 0.013 0.068 0.008 0.003 0.004 0.014 0.002 0.017 0.013 
257  ZFENP58    (0)   :  0.010 0.423 0.007 0.018 0.006 0.013 0.009 0.022 0.299 0.130 0.038 0.025 
258  ZFENP59    (0)   :  0.009 0.851 0.005 0.005 0.023 0.005 0.006 0.045 0.027 0.005 0.009 0.012 
259  ZFENP60    (0)   :  0.032 0.843 0.013 0.006 0.013 0.008 0.008 0.011 0.006 0.015 0.012 0.031 
260  ZFENP61    (0)   :  0.014 0.913 0.004 0.004 0.006 0.003 0.003 0.012 0.007 0.003 0.009 0.023 
261 ZFFDSP01    (0)   :  0.003 0.003 0.902 0.011 0.003 0.039 0.010 0.004 0.003 0.011 0.006 0.005 
262 ZFFDSP02    (0)   :  0.003 0.003 0.957 0.003 0.002 0.007 0.006 0.004 0.003 0.005 0.004 0.003 
263 ZFFDSP04    (0)   :  0.004 0.002 0.936 0.003 0.002 0.009 0.019 0.004 0.003 0.010 0.004 0.004 
264 ZFFDSP05    (0)   :  0.003 0.003 0.816 0.006 0.003 0.114 0.029 0.004 0.003 0.009 0.007 0.003 
265 ZFFDSP06    (0)   :  0.007 0.003 0.516 0.003 0.002 0.051 0.375 0.015 0.004 0.017 0.005 0.003 
266 ZFFDSP07    (0)   :  0.004 0.004 0.818 0.005 0.005 0.008 0.073 0.013 0.024 0.035 0.008 0.003 
267 ZFFDSP08    (0)   :  0.004 0.005 0.230 0.013 0.005 0.041 0.562 0.012 0.034 0.082 0.011 0.003 
268 ZFFDSP10    (0)   :  0.003 0.003 0.913 0.005 0.003 0.018 0.023 0.004 0.006 0.011 0.006 0.003 
269 ZFFDSP11    (0)   :  0.004 0.003 0.925 0.003 0.003 0.012 0.025 0.004 0.003 0.007 0.007 0.004 
270 ZFFDSP12    (0)   :  0.003 0.004 0.234 0.005 0.003 0.012 0.714 0.003 0.005 0.010 0.004 0.002 
271 ZFFDSP13    (0)   :  0.004 0.005 0.041 0.013 0.004 0.874 0.028 0.008 0.008 0.005 0.008 0.003 
272 ZFFDSP14    (0)   :  0.004 0.003 0.927 0.004 0.003 0.006 0.019 0.005 0.006 0.016 0.005 0.002 
273 ZFFDSP16    (0)   :  0.005 0.006 0.906 0.014 0.004 0.012 0.024 0.007 0.004 0.004 0.008 0.006 
274 ZFFDSP17    (0)   :  0.004 0.004 0.911 0.005 0.003 0.015 0.027 0.006 0.005 0.008 0.007 0.004 
275 ZFFDSP18    (0)   :  0.004 0.003 0.921 0.004 0.002 0.007 0.027 0.005 0.003 0.015 0.004 0.005 
276 ZFFDSP19    (0)   :  0.004 0.003 0.760 0.111 0.002 0.039 0.025 0.027 0.004 0.017 0.004 0.004 
277 ZFFDSP21    (0)   :  0.003 0.003 0.632 0.079 0.003 0.221 0.019 0.022 0.004 0.007 0.003 0.003 
278 ZFFDSP22    (0)   :  0.003 0.003 0.776 0.004 0.002 0.012 0.107 0.006 0.004 0.076 0.005 0.002 
279 ZFFDSP23    (0)   :  0.003 0.003 0.725 0.010 0.002 0.101 0.028 0.005 0.003 0.111 0.005 0.002 
280 ZFFDSP24    (0)   :  0.004 0.003 0.905 0.010 0.003 0.041 0.009 0.005 0.005 0.006 0.005 0.005 
281 ZFFDSP26    (9)   :  0.003 0.003 0.770 0.006 0.003 0.077 0.105 0.005 0.004 0.014 0.005 0.004 
282 ZFFDSP27    (0)   :  0.004 0.003 0.929 0.008 0.002 0.015 0.016 0.004 0.004 0.007 0.004 0.004 
283 ZFFDSP28    (0)   :  0.023 0.008 0.801 0.005 0.006 0.021 0.056 0.008 0.019 0.008 0.014 0.031 
284 ZFFDSP30    (0)   :  0.005 0.004 0.747 0.038 0.007 0.132 0.018 0.005 0.006 0.007 0.006 0.027 
285 ZFFDSP31    (0)   :  0.005 0.005 0.066 0.010 0.002 0.026 0.861 0.005 0.006 0.006 0.006 0.003 
286 ZFFDSP32    (0)   :  0.003 0.003 0.949 0.004 0.003 0.009 0.011 0.003 0.004 0.005 0.004 0.002 
287 ZFFDSP33    (0)   :  0.003 0.003 0.938 0.005 0.003 0.012 0.019 0.002 0.003 0.006 0.003 0.003 
288 ZFFDSP34    (0)   :  0.004 0.003 0.215 0.006 0.002 0.039 0.691 0.011 0.004 0.014 0.007 0.004 
289 ZFFDSP35    (0)   :  0.003 0.003 0.901 0.005 0.002 0.051 0.013 0.004 0.004 0.006 0.005 0.004 
290 ZFFDSP37    (0)   :  0.003 0.003 0.949 0.005 0.002 0.010 0.009 0.003 0.004 0.004 0.003 0.003 
291 ZFFDSP38    (0)   :  0.003 0.003 0.922 0.006 0.002 0.008 0.037 0.003 0.004 0.004 0.004 0.005 
292 ZFFDSP39    (0)   :  0.003 0.003 0.581 0.008 0.002 0.342 0.038 0.003 0.003 0.009 0.003 0.004 
293 ZFFDSP40    (0)   :  0.003 0.003 0.860 0.010 0.003 0.081 0.021 0.003 0.003 0.005 0.003 0.004 
294 ZFFDSP42    (0)   :  0.003 0.003 0.808 0.010 0.002 0.046 0.044 0.005 0.003 0.067 0.005 0.003 
295 ZFFDSP43    (0)   :  0.003 0.003 0.867 0.013 0.002 0.028 0.060 0.004 0.003 0.012 0.003 0.003 
296 ZFFDSP44    (0)   :  0.004 0.003 0.896 0.010 0.003 0.032 0.031 0.003 0.005 0.005 0.004 0.005 
297 ZFFDSP45    (0)   :  0.003 0.003 0.930 0.006 0.002 0.014 0.020 0.004 0.004 0.004 0.004 0.004 
298 ZFFDSP46    (0)   :  0.003 0.003 0.925 0.007 0.002 0.019 0.017 0.005 0.004 0.008 0.004 0.004 
299 ZFFDSP47    (0)   :  0.003 0.003 0.508 0.016 0.003 0.405 0.032 0.004 0.004 0.014 0.005 0.004 
300 ZFFDSP48    (0)   :  0.003 0.003 0.655 0.016 0.003 0.277 0.021 0.003 0.004 0.006 0.004 0.004 
301    ZFI01    (0)   :  0.127 0.011 0.005 0.010 0.008 0.005 0.005 0.009 0.014 0.005 0.009 0.791 
302    ZFI02    (0)   :  0.072 0.006 0.006 0.009 0.004 0.005 0.005 0.004 0.004 0.004 0.007 0.873 
303    ZFI03    (0)   :  0.022 0.006 0.004 0.009 0.003 0.004 0.003 0.007 0.006 0.003 0.007 0.925 
304    ZFI04    (0)   :  0.892 0.007 0.004 0.007 0.004 0.004 0.004 0.004 0.005 0.003 0.006 0.061 
305    ZFI05    (0)   :  0.007 0.007 0.005 0.016 0.004 0.006 0.004 0.004 0.010 0.003 0.005 0.931 
306    ZFI06    (0)   :  0.057 0.022 0.020 0.087 0.004 0.032 0.010 0.004 0.006 0.003 0.008 0.748 
307    ZFI07    (0)   :  0.170 0.008 0.004 0.006 0.004 0.005 0.004 0.006 0.007 0.003 0.006 0.777 
308    ZFI08    (0)   :  0.411 0.008 0.003 0.005 0.003 0.003 0.004 0.006 0.005 0.003 0.009 0.539 
309    ZFI09    (0)   :  0.047 0.008 0.004 0.008 0.004 0.004 0.004 0.004 0.005 0.003 0.006 0.903 
310    ZFI10    (0)   :  0.057 0.007 0.006 0.072 0.006 0.008 0.005 0.005 0.005 0.004 0.008 0.816 
311    ZFI11    (0)   :  0.292 0.009 0.004 0.015 0.005 0.006 0.003 0.004 0.008 0.003 0.007 0.644 
312    ZFI12    (0)   :  0.032 0.006 0.006 0.015 0.003 0.005 0.005 0.008 0.007 0.004 0.011 0.899 
313    ZFI13    (0)   :  0.013 0.009 0.005 0.007 0.007 0.005 0.004 0.006 0.018 0.003 0.006 0.918 
314    ZFI14    (0)   :  0.008 0.005 0.010 0.006 0.005 0.006 0.007 0.005 0.004 0.003 0.004 0.939 
315    ZFI15    (0)   :  0.008 0.006 0.004 0.005 0.003 0.004 0.004 0.004 0.006 0.002 0.004 0.952 
316    ZFI16    (0)   :  0.007 0.004 0.004 0.006 0.003 0.004 0.003 0.004 0.004 0.002 0.005 0.953 
317    ZFI17    (0)   :  0.033 0.010 0.004 0.011 0.006 0.005 0.004 0.004 0.006 0.003 0.006 0.909 
318    ZFI18    (0)   :  0.013 0.007 0.003 0.006 0.006 0.004 0.003 0.003 0.005 0.002 0.004 0.943 
319    ZFI19    (9)   :  0.009 0.005 0.003 0.005 0.003 0.003 0.003 0.003 0.006 0.002 0.006 0.953 
320    ZFI20    (0)   :  0.006 0.005 0.005 0.005 0.004 0.005 0.004 0.004 0.003 0.003 0.006 0.951 
321    ZFI21    (0)   :  0.004 0.003 0.011 0.008 0.004 0.009 0.005 0.003 0.004 0.003 0.004 0.942 
322    ZFI22    (0)   :  0.049 0.005 0.005 0.005 0.003 0.003 0.005 0.007 0.004 0.004 0.005 0.904 
323    ZFI23    (0)   :  0.013 0.006 0.004 0.007 0.003 0.004 0.003 0.005 0.006 0.003 0.006 0.940 
324    ZFI24    (0)   :  0.031 0.007 0.005 0.013 0.003 0.005 0.005 0.008 0.007 0.004 0.009 0.903 
325    ZFI25    (0)   :  0.113 0.009 0.006 0.007 0.003 0.005 0.005 0.008 0.005 0.004 0.007 0.828 
326    ZFI26    (0)   :  0.027 0.008 0.004 0.006 0.003 0.004 0.004 0.009 0.010 0.003 0.008 0.915 
327    ZFI27    (0)   :  0.021 0.008 0.006 0.036 0.003 0.008 0.004 0.005 0.014 0.003 0.011 0.880 
328    ZFK01    (0)   :  0.003 0.003 0.003 0.006 0.003 0.004 0.004 0.005 0.960 0.003 0.003 0.003 
329    ZFK02    (0)   :  0.003 0.003 0.004 0.007 0.002 0.004 0.004 0.005 0.959 0.004 0.003 0.003 
330    ZFK03    (0)   :  0.003 0.004 0.003 0.005 0.003 0.003 0.004 0.005 0.960 0.003 0.003 0.003 
331    ZFK04    (0)   :  0.004 0.004 0.003 0.003 0.003 0.003 0.003 0.004 0.964 0.003 0.003 0.004 
332    ZFK05    (0)   :  0.009 0.005 0.003 0.004 0.009 0.003 0.003 0.009 0.943 0.002 0.003 0.007 
333    ZFK06    (0)   :  0.009 0.006 0.003 0.004 0.005 0.003 0.003 0.010 0.942 0.003 0.004 0.009 
334    ZFK07    (0)   :  0.003 0.003 0.003 0.005 0.003 0.004 0.004 0.006 0.956 0.005 0.005 0.002 
335    ZFK08    (0)   :  0.004 0.004 0.003 0.003 0.003 0.004 0.003 0.004 0.959 0.003 0.005 0.004 
336    ZFK10    (0)   :  0.004 0.003 0.003 0.004 0.003 0.003 0.003 0.005 0.963 0.003 0.003 0.004 
337    ZFK11    (0)   :  0.007 0.007 0.003 0.004 0.008 0.003 0.004 0.010 0.943 0.003 0.003 0.006 
338    ZFK12    (0)   :  0.003 0.004 0.005 0.004 0.003 0.007 0.005 0.006 0.944 0.008 0.009 0.002 
339    ZFK13    (0)   :  0.003 0.003 0.019 0.005 0.014 0.019 0.014 0.009 0.896 0.010 0.005 0.004 
340    ZFK14    (0)   :  0.008 0.006 0.023 0.014 0.015 0.023 0.019 0.196 0.648 0.031 0.008 0.008 
341    ZFK15    (0)   :  0.003 0.004 0.016 0.004 0.015 0.012 0.012 0.006 0.915 0.005 0.003 0.005 
342    ZFK16    (0)   :  0.003 0.003 0.005 0.005 0.004 0.005 0.007 0.006 0.950 0.005 0.005 0.002 
343   ZFLB01    (0)   :  0.008 0.007 0.031 0.007 0.870 0.021 0.014 0.003 0.015 0.008 0.008 0.008 
344   ZFLB02    (0)   :  0.018 0.029 0.005 0.005 0.914 0.005 0.003 0.002 0.003 0.003 0.005 0.009 
345   ZFLB03    (0)   :  0.005 0.017 0.004 0.036 0.901 0.006 0.005 0.004 0.009 0.004 0.005 0.005 
346   ZFLB04    (0)   :  0.011 0.005 0.020 0.223 0.645 0.027 0.015 0.008 0.009 0.008 0.007 0.022 
347   ZFLB05    (0)   :  0.013 0.008 0.015 0.015 0.872 0.021 0.009 0.003 0.018 0.005 0.008 0.012 
348   ZFLB06    (0)   :  0.008 0.009 0.009 0.006 0.844 0.009 0.015 0.007 0.071 0.008 0.008 0.004 
349   ZFLB07    (0)   :  0.018 0.076 0.012 0.054 0.567 0.028 0.020 0.008 0.086 0.011 0.104 0.015 
350   ZFLB08    (0)   :  0.025 0.025 0.006 0.010 0.885 0.007 0.004 0.004 0.007 0.004 0.008 0.016 
351   ZFLB09    (9)   :  0.011 0.008 0.006 0.005 0.922 0.005 0.005 0.007 0.014 0.004 0.006 0.009 
352   ZFLB10    (0)   :  0.006 0.005 0.004 0.006 0.948 0.004 0.003 0.004 0.007 0.003 0.004 0.007 
353   ZFLB11    (0)   :  0.005 0.005 0.004 0.004 0.938 0.005 0.005 0.007 0.013 0.005 0.006 0.003 
354   ZFLB12    (0)   :  0.006 0.006 0.003 0.004 0.951 0.003 0.003 0.005 0.007 0.002 0.004 0.004 
355   ZFLB13    (0)   :  0.017 0.052 0.018 0.018 0.795 0.028 0.011 0.016 0.011 0.004 0.024 0.004 
356  ZFLTI01    (0)   :  0.004 0.003 0.023 0.009 0.002 0.882 0.013 0.036 0.006 0.011 0.008 0.004 
357  ZFLTI02    (0)   :  0.005 0.004 0.007 0.027 0.002 0.849 0.016 0.063 0.007 0.011 0.006 0.003 
358  ZFLTI03    (0)   :  0.004 0.003 0.006 0.012 0.002 0.934 0.008 0.009 0.005 0.010 0.005 0.003 
359  ZFLTI04    (0)   :  0.005 0.005 0.013 0.023 0.003 0.891 0.018 0.011 0.012 0.006 0.009 0.005 
360  ZFLTI05    (0)   :  0.004 0.003 0.007 0.016 0.002 0.938 0.006 0.006 0.006 0.004 0.004 0.003 
361  ZFLTI06    (0)   :  0.003 0.003 0.025 0.006 0.002 0.924 0.008 0.007 0.004 0.010 0.004 0.004 
362  ZFLTI07    (0)   :  0.004 0.003 0.016 0.006 0.002 0.936 0.007 0.005 0.005 0.004 0.006 0.005 
363  ZFLTI08    (0)   :  0.007 0.004 0.006 0.022 0.002 0.919 0.011 0.006 0.006 0.005 0.007 0.004 
364  ZFLTI09    (0)   :  0.006 0.003 0.013 0.009 0.002 0.924 0.018 0.006 0.005 0.005 0.005 0.005 
365  ZFLTI10    (0)   :  0.005 0.003 0.012 0.005 0.002 0.926 0.021 0.010 0.005 0.004 0.004 0.004 
366  ZFLTI11    (0)   :  0.005 0.003 0.013 0.010 0.002 0.915 0.015 0.008 0.005 0.017 0.005 0.003 
367  ZFLTI12    (0)   :  0.004 0.004 0.008 0.011 0.002 0.902 0.020 0.020 0.006 0.016 0.005 0.003 
368  ZFLTI13    (0)   :  0.004 0.005 0.010 0.040 0.002 0.882 0.006 0.021 0.008 0.010 0.009 0.004 
369  ZFLTI14    (0)   :  0.007 0.005 0.013 0.155 0.002 0.670 0.047 0.073 0.011 0.007 0.006 0.004 
370 ZFONF101    (0)   :  0.003 0.003 0.010 0.003 0.003 0.006 0.954 0.002 0.002 0.005 0.004 0.003 
