

----------------------------------------------------
STRUCTURE by Pritchard, Stephens and Donnelly (2000)
     and Falush, Stephens and Pritchard (2003)
       Code by Pritchard, Falush and Hubisz
             Version 2.3.4 (Jul 2012)
----------------------------------------------------



Command line arguments:   bin\structure -m C:\Users\eschumacher\Documents\GitHub\GCC_QUAC_ZAIN\Data_Files\Structure_Files\ZAIN\ZAIN_wild_rebinned_nopopinfo\50-50\mainparams -e C:\Users\eschumacher\Documents\GitHub\GCC_QUAC_ZAIN\Data_Files\Structure_Files\ZAIN\ZAIN_wild_rebinned_nopopinfo\50-50\extraparams 
Input File:    C:\Users\eschumacher\Documents\GitHub\GCC_QUAC_ZAIN\Data_Files\Structure_Files\ZAIN\ZAIN_wild_rebinned_nopopinfo\project_data

Run parameters:
   751 individuals
   11 loci
   8 populations assumed
   50000 Burn-in period
   50000 Reps


--------------------------------------------
Overall proportion of membership of the
sample in each of the 8 clusters

Inferred Clusters
  1      2      3      4      5      6      7      8    
0.068  0.112  0.115  0.078  0.183  0.142  0.198  0.103  

--------------------------------------------

Allele-freq. divergence among pops (Net nucleotide distance),
computed using point estimates of P.

      1       2       3       4       5       6       7       8      
 1      -    0.2564  0.1806  0.1658  0.3319  0.1737  0.1065  0.3397  
 2   0.2564     -    0.1083  0.0912  0.0895  0.1434  0.1777  0.0994  
 3   0.1806  0.1083     -    0.1336  0.1528  0.1236  0.1656  0.2096  
 4   0.1658  0.0912  0.1336     -    0.1557  0.1416  0.1468  0.2148  
 5   0.3319  0.0895  0.1528  0.1557     -    0.2235  0.2213  0.1584  
 6   0.1737  0.1434  0.1236  0.1416  0.2235     -    0.1078  0.2826  
 7   0.1065  0.1777  0.1656  0.1468  0.2213  0.1078     -    0.2711  
 8   0.3397  0.0994  0.2096  0.2148  0.1584  0.2826  0.2711     -    

Average distances (expected heterozygosity) between individuals in same cluster:
cluster  1  : 0.3702 
cluster  2  : 0.5540 
cluster  3  : 0.4335 
cluster  4  : 0.4646 
cluster  5  : 0.4686 
cluster  6  : 0.3944 
cluster  7  : 0.4120 
cluster  8  : 0.4292 

--------------------------------------------
Estimated Ln Prob of Data   = -14050.8
Mean value of ln likelihood = -13705.7
Variance of ln likelihood   = 690.3
Mean value of alpha         = 0.0323

Mean value of Fst_1         = 0.4367
Mean value of Fst_2         = 0.1200
Mean value of Fst_3         = 0.4139
Mean value of Fst_4         = 0.2962
Mean value of Fst_5         = 0.3565
Mean value of Fst_6         = 0.4816
Mean value of Fst_7         = 0.3655
Mean value of Fst_8         = 0.4197


Inferred ancestry of individuals:
        Label (%Miss) :  Inferred clusters
  1    ZFB01    (0)   :  0.003 0.004 0.004 0.004 0.970 0.003 0.005 0.007 
  2    ZFB02    (0)   :  0.003 0.009 0.008 0.005 0.922 0.002 0.004 0.047 
  3    ZFB03    (0)   :  0.003 0.007 0.004 0.006 0.963 0.007 0.005 0.004 
  4    ZFB04    (0)   :  0.003 0.007 0.006 0.004 0.926 0.003 0.004 0.048 
  5    ZFB05    (0)   :  0.010 0.068 0.011 0.032 0.695 0.007 0.003 0.174 
  6    ZFB06    (0)   :  0.013 0.062 0.008 0.029 0.794 0.007 0.002 0.084 
  7    ZFB07    (9)   :  0.004 0.011 0.005 0.004 0.954 0.005 0.008 0.009 
  8    ZFB08    (0)   :  0.006 0.005 0.006 0.016 0.950 0.005 0.007 0.005 
  9    ZFB09    (0)   :  0.002 0.004 0.003 0.005 0.975 0.003 0.003 0.004 
 10    ZFB10    (0)   :  0.006 0.005 0.007 0.005 0.942 0.004 0.022 0.009 
 11    ZFB11    (0)   :  0.003 0.005 0.006 0.004 0.948 0.003 0.009 0.022 
 12    ZFB12    (0)   :  0.003 0.015 0.004 0.032 0.896 0.008 0.010 0.031 
 13    ZFB13    (0)   :  0.006 0.008 0.005 0.012 0.949 0.005 0.009 0.006 
 14    ZFB14    (0)   :  0.003 0.004 0.005 0.004 0.971 0.003 0.006 0.004 
 15    ZFB15    (0)   :  0.002 0.005 0.003 0.004 0.968 0.003 0.003 0.013 
 16    ZFB16    (0)   :  0.004 0.005 0.004 0.009 0.954 0.004 0.006 0.014 
 17    ZFB17    (0)   :  0.011 0.012 0.022 0.039 0.867 0.007 0.011 0.031 
 18    ZFB18    (0)   :  0.003 0.004 0.004 0.003 0.976 0.002 0.004 0.003 
 19    ZFB19    (0)   :  0.009 0.016 0.004 0.017 0.901 0.011 0.033 0.009 
 20    ZFB20    (0)   :  0.004 0.006 0.004 0.010 0.929 0.004 0.006 0.038 
 21    ZFB21    (0)   :  0.002 0.007 0.003 0.004 0.969 0.003 0.003 0.010 
 22    ZFB22    (0)   :  0.012 0.010 0.009 0.013 0.877 0.007 0.011 0.060 
 23    ZFB23    (0)   :  0.003 0.006 0.006 0.004 0.935 0.004 0.010 0.032 
 24    ZFB24    (0)   :  0.003 0.005 0.006 0.004 0.927 0.003 0.008 0.044 
 25    ZFB25    (0)   :  0.005 0.004 0.004 0.003 0.949 0.005 0.025 0.006 
 26    ZFB26    (0)   :  0.005 0.008 0.008 0.003 0.863 0.005 0.019 0.089 
 27    ZFB27    (0)   :  0.003 0.005 0.005 0.003 0.878 0.003 0.008 0.094 
 28    ZFB28    (0)   :  0.003 0.045 0.011 0.014 0.793 0.006 0.008 0.119 
 29    ZFB29    (0)   :  0.002 0.006 0.008 0.004 0.951 0.002 0.004 0.021 
 30    ZFB30    (0)   :  0.012 0.064 0.004 0.014 0.694 0.010 0.005 0.197 
 31    ZFB31    (0)   :  0.004 0.005 0.004 0.004 0.955 0.005 0.015 0.007 
 32    ZFB32    (0)   :  0.004 0.037 0.029 0.031 0.803 0.009 0.014 0.073 
 33    ZFB33    (0)   :  0.002 0.005 0.003 0.003 0.969 0.003 0.004 0.012 
 34    ZFB34    (0)   :  0.003 0.005 0.005 0.004 0.973 0.003 0.003 0.004 
 35    ZFB35    (0)   :  0.003 0.005 0.005 0.004 0.962 0.004 0.007 0.010 
 36  ZFBP101    (0)   :  0.043 0.010 0.146 0.020 0.011 0.099 0.662 0.008 
 37  ZFBP102    (0)   :  0.012 0.016 0.019 0.011 0.014 0.025 0.890 0.012 
 38  ZFBP103    (0)   :  0.015 0.009 0.251 0.011 0.007 0.323 0.375 0.008 
 39  ZFBP104    (0)   :  0.007 0.017 0.004 0.049 0.029 0.085 0.800 0.009 
 40  ZFBP105    (0)   :  0.006 0.005 0.005 0.007 0.006 0.023 0.943 0.005 
 41  ZFBP106    (0)   :  0.009 0.004 0.007 0.005 0.003 0.042 0.928 0.003 
 42  ZFBP107    (0)   :  0.005 0.011 0.008 0.007 0.006 0.054 0.895 0.013 
 43  ZFBP108    (0)   :  0.005 0.003 0.003 0.003 0.003 0.007 0.973 0.003 
 44  ZFBP109    (0)   :  0.006 0.005 0.004 0.005 0.004 0.008 0.966 0.002 
 45  ZFBP110    (0)   :  0.007 0.043 0.040 0.020 0.044 0.165 0.673 0.009 
 46  ZFBP111    (0)   :  0.220 0.006 0.006 0.016 0.003 0.064 0.682 0.004 
 47  ZFBP112    (0)   :  0.043 0.005 0.012 0.007 0.004 0.012 0.913 0.005 
 48  ZFBP113    (0)   :  0.004 0.004 0.003 0.005 0.004 0.006 0.971 0.003 
 49  ZFBP114    (0)   :  0.006 0.006 0.006 0.003 0.003 0.011 0.958 0.006 
 50  ZFBP115    (0)   :  0.015 0.005 0.013 0.010 0.003 0.445 0.506 0.003 
 51  ZFBP116    (0)   :  0.006 0.004 0.004 0.006 0.003 0.009 0.964 0.004 
 52  ZFBP117    (0)   :  0.007 0.004 0.007 0.004 0.003 0.008 0.965 0.002 
 53  ZFBP118    (0)   :  0.007 0.006 0.005 0.004 0.003 0.011 0.958 0.007 
 54  ZFBP119    (0)   :  0.020 0.005 0.034 0.014 0.004 0.107 0.813 0.002 
 55  ZFBP120    (0)   :  0.005 0.006 0.004 0.006 0.006 0.027 0.941 0.005 
 56  ZFBP121    (0)   :  0.006 0.004 0.008 0.004 0.006 0.010 0.959 0.003 
 57  ZFBP122    (9)   :  0.012 0.004 0.005 0.006 0.004 0.010 0.956 0.003 
 58  ZFBP123    (0)   :  0.015 0.005 0.013 0.008 0.003 0.008 0.941 0.006 
 59  ZFBP124    (0)   :  0.005 0.004 0.005 0.004 0.006 0.006 0.967 0.004 
 60  ZFBP125    (0)   :  0.015 0.003 0.006 0.004 0.002 0.012 0.956 0.002 
 61  ZFBP126    (0)   :  0.006 0.015 0.025 0.021 0.010 0.006 0.907 0.011 
 62  ZFBP127    (0)   :  0.004 0.004 0.012 0.003 0.003 0.063 0.906 0.003 
 63  ZFBP128    (0)   :  0.022 0.003 0.011 0.004 0.004 0.015 0.939 0.002 
 64  ZFBP129    (0)   :  0.132 0.005 0.009 0.004 0.005 0.007 0.835 0.002 
 65  ZFBP130    (0)   :  0.054 0.003 0.017 0.007 0.002 0.015 0.898 0.003 
 66  ZFBP131    (0)   :  0.006 0.003 0.004 0.005 0.004 0.004 0.972 0.003 
 67  ZFBP132    (0)   :  0.004 0.003 0.004 0.003 0.003 0.010 0.970 0.003 
 68  ZFBP133    (0)   :  0.162 0.002 0.006 0.005 0.003 0.005 0.814 0.002 
 69  ZFBP134    (0)   :  0.016 0.003 0.045 0.011 0.003 0.155 0.762 0.003 
 70  ZFBP135    (0)   :  0.013 0.009 0.253 0.007 0.014 0.038 0.660 0.005 
 71  ZFBP136    (0)   :  0.043 0.005 0.128 0.006 0.004 0.054 0.753 0.007 
 72  ZFBP201    (0)   :  0.005 0.005 0.005 0.007 0.005 0.009 0.959 0.005 
 73  ZFBP202    (0)   :  0.007 0.004 0.004 0.005 0.005 0.011 0.961 0.003 
 74  ZFBP203    (0)   :  0.020 0.026 0.006 0.024 0.006 0.007 0.870 0.042 
 75  ZFBP204    (0)   :  0.019 0.006 0.015 0.009 0.004 0.071 0.872 0.005 
 76  ZFBP205    (0)   :  0.011 0.004 0.008 0.005 0.003 0.004 0.960 0.005 
 77  ZFBP206    (0)   :  0.057 0.005 0.015 0.010 0.005 0.006 0.896 0.007 
 78  ZFBP207    (0)   :  0.009 0.005 0.011 0.005 0.004 0.180 0.782 0.003 
 79  ZFBP208    (0)   :  0.008 0.006 0.007 0.014 0.003 0.005 0.946 0.011 
 80  ZFBP209    (0)   :  0.084 0.002 0.007 0.005 0.003 0.004 0.892 0.002 
 81  ZFBP210    (0)   :  0.013 0.005 0.005 0.010 0.005 0.010 0.944 0.007 
 82  ZFBP211    (0)   :  0.005 0.004 0.005 0.004 0.006 0.008 0.965 0.003 
 83  ZFBP212    (0)   :  0.005 0.003 0.003 0.003 0.006 0.040 0.936 0.003 
 84  ZFBP213    (0)   :  0.012 0.005 0.013 0.009 0.008 0.009 0.937 0.005 
 85  ZFBP214    (0)   :  0.111 0.009 0.052 0.041 0.015 0.041 0.727 0.004 
 86  ZFBP215    (0)   :  0.007 0.003 0.005 0.004 0.004 0.007 0.968 0.003 
 87  ZFBP216    (0)   :  0.005 0.008 0.005 0.020 0.004 0.010 0.942 0.006 
 88  ZFBP217    (0)   :  0.225 0.008 0.007 0.022 0.007 0.065 0.662 0.004 
 89  ZFBP218    (0)   :  0.012 0.003 0.003 0.005 0.003 0.005 0.967 0.003 
 90  ZFBP219    (0)   :  0.004 0.004 0.003 0.006 0.003 0.005 0.971 0.004 
 91  ZFBP220    (0)   :  0.035 0.004 0.016 0.006 0.003 0.024 0.908 0.003 
 92  ZFBP221    (0)   :  0.008 0.003 0.003 0.005 0.004 0.024 0.950 0.003 
 93  ZFBP222    (0)   :  0.009 0.004 0.007 0.007 0.004 0.004 0.961 0.005 
 94  ZFBP223    (0)   :  0.008 0.007 0.008 0.005 0.007 0.140 0.821 0.005 
 95  ZFBP224    (0)   :  0.005 0.006 0.006 0.007 0.005 0.007 0.962 0.004 
 96  ZFBP225    (0)   :  0.375 0.010 0.011 0.020 0.003 0.124 0.449 0.008 
 97  ZFBP226    (0)   :  0.004 0.004 0.004 0.005 0.003 0.006 0.969 0.004 
 98  ZFBP227    (0)   :  0.006 0.040 0.006 0.153 0.016 0.045 0.724 0.009 
 99  ZFBP228    (0)   :  0.007 0.005 0.016 0.004 0.005 0.142 0.818 0.003 
100  ZFBP229    (0)   :  0.017 0.003 0.006 0.006 0.003 0.007 0.955 0.003 
101  ZFBP230    (0)   :  0.030 0.004 0.023 0.008 0.003 0.023 0.904 0.003 
102  ZFBP231    (0)   :  0.006 0.005 0.005 0.005 0.005 0.008 0.963 0.004 
103  ZFBP232    (0)   :  0.007 0.003 0.004 0.003 0.003 0.006 0.970 0.003 
104  ZFBP233    (0)   :  0.015 0.005 0.005 0.008 0.005 0.011 0.946 0.004 
105   ZFCC01    (0)   :  0.004 0.004 0.966 0.005 0.009 0.004 0.004 0.004 
106   ZFCC03    (0)   :  0.005 0.004 0.971 0.003 0.005 0.005 0.004 0.003 
107   ZFCC04    (0)   :  0.006 0.004 0.968 0.004 0.005 0.005 0.004 0.004 
108   ZFCC05    (0)   :  0.006 0.005 0.961 0.005 0.006 0.008 0.005 0.004 
109   ZFCC08    (0)   :  0.015 0.003 0.953 0.005 0.005 0.008 0.009 0.002 
110   ZFCC09    (0)   :  0.004 0.004 0.972 0.003 0.006 0.005 0.004 0.003 
111   ZFCC10    (0)   :  0.004 0.004 0.964 0.003 0.013 0.003 0.005 0.004 
112   ZFCC11    (0)   :  0.005 0.004 0.966 0.004 0.007 0.006 0.005 0.003 
113   ZFCC12    (0)   :  0.006 0.018 0.885 0.007 0.019 0.008 0.006 0.052 
114   ZFCC13    (0)   :  0.008 0.006 0.945 0.010 0.004 0.011 0.009 0.007 
115   ZFCC14    (0)   :  0.007 0.005 0.958 0.004 0.009 0.004 0.009 0.004 
116   ZFCC15    (0)   :  0.005 0.005 0.962 0.010 0.004 0.005 0.004 0.004 
117   ZFCC16    (0)   :  0.005 0.004 0.971 0.005 0.005 0.004 0.003 0.004 
118   ZFCC17    (0)   :  0.003 0.004 0.968 0.003 0.006 0.004 0.003 0.008 
119   ZFCC18    (0)   :  0.006 0.004 0.968 0.004 0.005 0.005 0.004 0.004 
120   ZFCC19    (0)   :  0.004 0.006 0.965 0.008 0.005 0.003 0.003 0.006 
121   ZFCC20    (0)   :  0.006 0.004 0.968 0.005 0.004 0.007 0.003 0.003 
122   ZFCC21    (0)   :  0.036 0.007 0.864 0.047 0.008 0.006 0.026 0.006 
123   ZFCC22    (0)   :  0.051 0.004 0.737 0.007 0.007 0.020 0.170 0.005 
124   ZFCC26    (0)   :  0.005 0.004 0.971 0.004 0.005 0.004 0.003 0.004 
125   ZFCC27    (0)   :  0.004 0.003 0.975 0.004 0.004 0.005 0.003 0.003 
126   ZFCC29    (0)   :  0.006 0.005 0.960 0.009 0.008 0.005 0.004 0.004 
127   ZFCC30    (0)   :  0.006 0.003 0.973 0.004 0.003 0.006 0.003 0.003 
128   ZFCC32    (0)   :  0.005 0.006 0.956 0.009 0.005 0.007 0.004 0.007 
129   ZFCC33    (0)   :  0.003 0.007 0.967 0.004 0.006 0.005 0.004 0.004 
130   ZFCC34    (0)   :  0.015 0.006 0.869 0.005 0.016 0.035 0.041 0.014 
131   ZFCC35    (0)   :  0.005 0.003 0.975 0.003 0.003 0.004 0.004 0.003 
132   ZFCC36    (0)   :  0.013 0.006 0.940 0.013 0.004 0.006 0.008 0.011 
133   ZFCC37    (0)   :  0.005 0.017 0.890 0.008 0.021 0.008 0.008 0.045 
134   ZFCC40    (0)   :  0.004 0.004 0.967 0.003 0.006 0.003 0.006 0.006 
135   ZFCC42    (0)   :  0.012 0.025 0.347 0.005 0.015 0.058 0.007 0.532 
136   ZFCC44    (0)   :  0.003 0.004 0.976 0.003 0.003 0.006 0.003 0.003 
137   ZFCC45    (9)   :  0.004 0.014 0.942 0.007 0.011 0.005 0.005 0.012 
138   ZFCC46    (0)   :  0.028 0.003 0.933 0.007 0.003 0.014 0.008 0.003 
139   ZFCC47    (0)   :  0.007 0.006 0.928 0.005 0.015 0.006 0.004 0.029 
140   ZFCC48    (0)   :  0.032 0.004 0.920 0.011 0.007 0.005 0.016 0.004 
141   ZFCC50    (0)   :  0.004 0.004 0.974 0.004 0.004 0.003 0.003 0.004 
142   ZFCC51    (0)   :  0.004 0.003 0.974 0.003 0.004 0.006 0.003 0.003 
143   ZFCC52    (0)   :  0.010 0.004 0.955 0.006 0.004 0.007 0.009 0.006 
144   ZFCC53    (0)   :  0.003 0.003 0.977 0.003 0.004 0.004 0.003 0.003 
145  ZFCNS01    (0)   :  0.003 0.009 0.005 0.009 0.003 0.961 0.004 0.006 
146  ZFCNS02    (0)   :  0.006 0.003 0.007 0.003 0.003 0.970 0.005 0.002 
147  ZFCNS05    (0)   :  0.006 0.004 0.009 0.004 0.005 0.963 0.007 0.003 
148  ZFCNS06    (0)   :  0.006 0.003 0.009 0.003 0.004 0.967 0.005 0.003 
149  ZFCNS07    (0)   :  0.015 0.003 0.005 0.004 0.004 0.957 0.009 0.003 
150  ZFCNS10    (0)   :  0.004 0.003 0.004 0.003 0.003 0.975 0.005 0.002 
151  ZFCNS11    (0)   :  0.004 0.005 0.005 0.005 0.003 0.970 0.004 0.004 
152  ZFCNS15    (0)   :  0.006 0.004 0.004 0.003 0.004 0.964 0.013 0.003 
153  ZFCNS17    (0)   :  0.005 0.003 0.010 0.003 0.003 0.967 0.005 0.002 
154  ZFCNS18    (0)   :  0.004 0.003 0.005 0.003 0.003 0.975 0.005 0.002 
155  ZFCNS19    (0)   :  0.005 0.003 0.007 0.003 0.004 0.972 0.003 0.003 
156  ZFCNS20    (0)   :  0.011 0.004 0.007 0.004 0.003 0.959 0.009 0.003 
157  ZFCNS21    (0)   :  0.003 0.003 0.007 0.003 0.003 0.975 0.003 0.003 
158  ZFCNS22    (0)   :  0.006 0.004 0.006 0.004 0.005 0.961 0.012 0.003 
159  ZFCNS23    (0)   :  0.015 0.009 0.022 0.012 0.006 0.920 0.006 0.011 
160  ZFCNS24    (0)   :  0.005 0.004 0.015 0.003 0.003 0.963 0.005 0.003 
161  ZFCNS25    (0)   :  0.008 0.003 0.009 0.004 0.003 0.962 0.008 0.003 
162  ZFCNS26    (0)   :  0.004 0.003 0.004 0.003 0.004 0.974 0.006 0.003 
163  ZFCNS27    (0)   :  0.007 0.004 0.004 0.003 0.003 0.958 0.019 0.003 
164  ZFCNS28    (0)   :  0.005 0.003 0.006 0.003 0.004 0.970 0.004 0.003 
165  ZFCNS29    (0)   :  0.005 0.004 0.008 0.004 0.004 0.966 0.007 0.003 
166  ZFCNS30    (0)   :  0.003 0.003 0.007 0.004 0.004 0.972 0.004 0.002 
167  ZFCNS31    (0)   :  0.004 0.004 0.004 0.003 0.004 0.974 0.004 0.003 
168  ZFCNS32    (0)   :  0.005 0.003 0.006 0.005 0.004 0.970 0.005 0.002 
169  ZFCNS33    (0)   :  0.005 0.003 0.004 0.004 0.004 0.973 0.004 0.003 
170  ZFCNS34    (0)   :  0.004 0.003 0.020 0.005 0.004 0.955 0.005 0.003 
171  ZFCNS35    (0)   :  0.005 0.003 0.006 0.004 0.005 0.971 0.004 0.003 
172  ZFCNS36    (0)   :  0.007 0.003 0.029 0.004 0.003 0.947 0.005 0.003 
173  ZFCNS37    (0)   :  0.003 0.004 0.006 0.003 0.004 0.974 0.004 0.002 
174  ZFCNS39    (0)   :  0.006 0.003 0.007 0.004 0.002 0.972 0.004 0.002 
175  ZFCNS40    (0)   :  0.014 0.003 0.019 0.005 0.002 0.948 0.006 0.003 
176  ZFCNS41    (0)   :  0.005 0.006 0.008 0.008 0.005 0.955 0.010 0.004 
177  ZFCNS42    (0)   :  0.003 0.004 0.005 0.003 0.003 0.974 0.006 0.003 
178  ZFCNS43    (0)   :  0.003 0.003 0.007 0.003 0.003 0.974 0.003 0.002 
179  ZFCNS44    (0)   :  0.003 0.003 0.006 0.003 0.003 0.977 0.004 0.002 
180  ZFCNS46    (0)   :  0.004 0.004 0.006 0.004 0.003 0.972 0.005 0.002 
181  ZFCNS47    (0)   :  0.004 0.004 0.006 0.003 0.003 0.975 0.003 0.003 
182  ZFCNS48    (0)   :  0.004 0.003 0.005 0.004 0.003 0.972 0.005 0.003 
183  ZFCNS49    (0)   :  0.003 0.003 0.003 0.003 0.003 0.975 0.007 0.002 
184   ZFCR01    (0)   :  0.019 0.717 0.019 0.007 0.185 0.003 0.034 0.016 
185   ZFCR02    (0)   :  0.040 0.492 0.047 0.139 0.221 0.011 0.028 0.022 
186   ZFCR03    (0)   :  0.028 0.065 0.060 0.284 0.359 0.006 0.056 0.142 
187   ZFCR04    (0)   :  0.042 0.085 0.019 0.034 0.734 0.025 0.029 0.032 
188   ZFCR05    (0)   :  0.008 0.342 0.055 0.340 0.213 0.005 0.009 0.028 
189   ZFCR06    (0)   :  0.045 0.491 0.031 0.065 0.127 0.114 0.119 0.008 
190   ZFCR07    (0)   :  0.004 0.300 0.016 0.569 0.037 0.050 0.010 0.014 
191   ZFCR08    (0)   :  0.026 0.730 0.106 0.009 0.061 0.007 0.020 0.041 
192   ZFCR09    (0)   :  0.019 0.049 0.046 0.046 0.107 0.054 0.216 0.463 
193   ZFCR11    (0)   :  0.003 0.283 0.014 0.324 0.236 0.069 0.047 0.024 
194   ZFCR12    (0)   :  0.029 0.229 0.016 0.505 0.019 0.172 0.025 0.005 
195   ZFCR13    (0)   :  0.006 0.326 0.006 0.549 0.013 0.010 0.087 0.004 
196   ZFCR14    (0)   :  0.036 0.318 0.021 0.508 0.089 0.007 0.010 0.011 
197   ZFCR15    (0)   :  0.131 0.397 0.023 0.120 0.282 0.009 0.027 0.010 
198   ZFCR16    (0)   :  0.090 0.498 0.010 0.089 0.276 0.005 0.027 0.005 
199   ZFCR18    (0)   :  0.024 0.051 0.068 0.024 0.771 0.019 0.036 0.007 
200   ZFCR19    (0)   :  0.285 0.067 0.021 0.179 0.259 0.008 0.028 0.153 
201   ZFCR20    (0)   :  0.016 0.093 0.017 0.190 0.506 0.009 0.132 0.039 
202   ZFCR21    (0)   :  0.018 0.286 0.026 0.620 0.030 0.006 0.010 0.004 
203   ZFCR22    (0)   :  0.016 0.163 0.004 0.788 0.009 0.004 0.009 0.006 
204   ZFCR23    (0)   :  0.008 0.248 0.004 0.441 0.029 0.016 0.216 0.038 
205   ZFCR24    (9)   :  0.008 0.100 0.010 0.239 0.108 0.006 0.506 0.022 
206   ZFCR25    (0)   :  0.004 0.327 0.010 0.599 0.041 0.004 0.004 0.012 
207   ZFCR26    (0)   :  0.019 0.027 0.022 0.799 0.006 0.008 0.016 0.101 
208   ZFCR27    (9)   :  0.004 0.862 0.006 0.059 0.041 0.003 0.004 0.021 
209   ZFCR28    (0)   :  0.130 0.615 0.011 0.014 0.008 0.028 0.188 0.006 
210   ZFCR29    (0)   :  0.005 0.043 0.008 0.811 0.111 0.004 0.010 0.008 
211   ZFCR30    (0)   :  0.005 0.142 0.005 0.807 0.020 0.006 0.005 0.011 
212   ZFCR31    (0)   :  0.042 0.073 0.024 0.144 0.368 0.100 0.139 0.109 
213   ZFCR33    (0)   :  0.011 0.884 0.029 0.021 0.014 0.009 0.010 0.022 
214   ZFCR34    (0)   :  0.016 0.151 0.018 0.601 0.091 0.034 0.043 0.047 
215   ZFCR35    (0)   :  0.012 0.059 0.028 0.040 0.823 0.014 0.010 0.014 
216   ZFCR36    (0)   :  0.005 0.136 0.011 0.563 0.215 0.011 0.009 0.050 
217   ZFCR37    (0)   :  0.004 0.151 0.067 0.681 0.053 0.004 0.004 0.036 
218   ZFCR38    (0)   :  0.011 0.866 0.035 0.027 0.017 0.008 0.007 0.029 
219   ZFCR39    (0)   :  0.050 0.582 0.101 0.010 0.015 0.007 0.053 0.182 
220   ZFCR40    (0)   :  0.006 0.762 0.031 0.107 0.026 0.008 0.011 0.050 
221   ZFCR41    (0)   :  0.023 0.272 0.075 0.523 0.022 0.070 0.012 0.005 
222   ZFCR42    (0)   :  0.031 0.365 0.067 0.435 0.020 0.018 0.030 0.033 
223   ZFCR43    (0)   :  0.008 0.361 0.007 0.412 0.102 0.007 0.096 0.008 
224  ZFENP25    (0)   :  0.011 0.922 0.016 0.007 0.025 0.004 0.009 0.005 
225  ZFENP26    (0)   :  0.003 0.968 0.004 0.004 0.006 0.004 0.002 0.008 
226  ZFENP27    (0)   :  0.013 0.439 0.323 0.008 0.112 0.058 0.017 0.029 
227  ZFENP28    (0)   :  0.004 0.940 0.010 0.010 0.012 0.006 0.005 0.012 
228  ZFENP29    (0)   :  0.004 0.961 0.009 0.009 0.004 0.004 0.004 0.005 
229  ZFENP30    (0)   :  0.006 0.892 0.054 0.013 0.008 0.007 0.005 0.015 
230  ZFENP31    (0)   :  0.006 0.315 0.071 0.009 0.020 0.009 0.010 0.561 
231  ZFENP32    (0)   :  0.007 0.306 0.035 0.022 0.244 0.046 0.029 0.311 
232  ZFENP33    (0)   :  0.004 0.911 0.007 0.029 0.023 0.006 0.007 0.014 
233  ZFENP34    (0)   :  0.005 0.514 0.031 0.009 0.404 0.012 0.010 0.014 
234  ZFENP35    (0)   :  0.005 0.912 0.005 0.009 0.010 0.019 0.009 0.030 
235  ZFENP36    (0)   :  0.002 0.956 0.004 0.009 0.008 0.006 0.003 0.012 
236  ZFENP37    (0)   :  0.004 0.827 0.013 0.033 0.072 0.011 0.009 0.031 
237  ZFENP38    (0)   :  0.006 0.534 0.022 0.380 0.015 0.014 0.006 0.023 
238  ZFENP39    (0)   :  0.003 0.935 0.010 0.014 0.017 0.004 0.004 0.012 
239  ZFENP40    (0)   :  0.004 0.915 0.009 0.007 0.024 0.006 0.008 0.027 
240  ZFENP41    (0)   :  0.008 0.899 0.045 0.007 0.015 0.008 0.007 0.012 
241  ZFENP42    (0)   :  0.005 0.832 0.006 0.040 0.004 0.004 0.003 0.106 
242  ZFENP43    (0)   :  0.006 0.759 0.043 0.087 0.013 0.060 0.009 0.023 
243  ZFENP44    (0)   :  0.003 0.860 0.019 0.022 0.008 0.015 0.008 0.065 
244  ZFENP45    (0)   :  0.325 0.467 0.022 0.044 0.010 0.012 0.028 0.093 
245  ZFENP46    (0)   :  0.005 0.878 0.004 0.047 0.015 0.014 0.016 0.021 
246  ZFENP47    (0)   :  0.165 0.284 0.093 0.008 0.035 0.004 0.015 0.396 
247  ZFENP48    (0)   :  0.026 0.360 0.104 0.028 0.399 0.013 0.029 0.041 
248  ZFENP49    (0)   :  0.021 0.850 0.032 0.024 0.027 0.009 0.022 0.015 
249  ZFENP50    (0)   :  0.007 0.816 0.004 0.098 0.007 0.009 0.029 0.030 
250  ZFENP51    (0)   :  0.051 0.491 0.011 0.023 0.024 0.006 0.004 0.391 
251  ZFENP52    (0)   :  0.004 0.943 0.011 0.011 0.003 0.016 0.005 0.008 
252  ZFENP53    (0)   :  0.025 0.871 0.009 0.024 0.007 0.014 0.032 0.017 
253  ZFENP54    (0)   :  0.010 0.838 0.026 0.041 0.024 0.008 0.044 0.009 
254  ZFENP55    (0)   :  0.004 0.233 0.005 0.677 0.052 0.004 0.005 0.020 
255  ZFENP56    (0)   :  0.005 0.829 0.009 0.117 0.012 0.012 0.004 0.012 
256  ZFENP57    (0)   :  0.002 0.888 0.005 0.017 0.016 0.011 0.004 0.057 
257  ZFENP58    (0)   :  0.115 0.684 0.065 0.075 0.015 0.018 0.012 0.016 
258  ZFENP59    (0)   :  0.004 0.871 0.064 0.010 0.010 0.005 0.004 0.032 
259  ZFENP60    (0)   :  0.013 0.891 0.009 0.013 0.041 0.008 0.011 0.014 
260  ZFENP61    (0)   :  0.003 0.935 0.012 0.010 0.024 0.004 0.004 0.008 
261 ZFFDSP01    (0)   :  0.016 0.003 0.004 0.007 0.006 0.028 0.933 0.003 
262 ZFFDSP02    (0)   :  0.006 0.003 0.005 0.004 0.004 0.006 0.970 0.002 
263 ZFFDSP04    (0)   :  0.014 0.002 0.004 0.005 0.005 0.005 0.963 0.002 
264 ZFFDSP05    (0)   :  0.009 0.003 0.005 0.006 0.004 0.011 0.959 0.003 
265 ZFFDSP06    (0)   :  0.012 0.003 0.005 0.004 0.003 0.005 0.966 0.002 
266 ZFFDSP07    (0)   :  0.030 0.005 0.018 0.010 0.003 0.006 0.924 0.005 
267 ZFFDSP08    (0)   :  0.075 0.006 0.014 0.009 0.003 0.022 0.867 0.005 
268 ZFFDSP10    (0)   :  0.011 0.004 0.006 0.006 0.004 0.010 0.956 0.003 
269 ZFFDSP11    (0)   :  0.010 0.003 0.004 0.008 0.004 0.006 0.961 0.003 
270 ZFFDSP12    (0)   :  0.009 0.004 0.004 0.004 0.002 0.006 0.968 0.003 
271 ZFFDSP13    (0)   :  0.006 0.007 0.016 0.012 0.004 0.441 0.510 0.004 
272 ZFFDSP14    (0)   :  0.018 0.004 0.007 0.006 0.004 0.005 0.954 0.003 
273 ZFFDSP16    (0)   :  0.005 0.005 0.006 0.007 0.007 0.012 0.955 0.003 
274 ZFFDSP17    (0)   :  0.008 0.004 0.005 0.006 0.004 0.007 0.963 0.003 
275 ZFFDSP18    (0)   :  0.016 0.003 0.006 0.004 0.007 0.005 0.956 0.002 
276 ZFFDSP19    (0)   :  0.025 0.003 0.017 0.004 0.007 0.066 0.876 0.003 
277 ZFFDSP21    (0)   :  0.006 0.004 0.013 0.004 0.003 0.105 0.862 0.002 
278 ZFFDSP22    (0)   :  0.065 0.003 0.006 0.005 0.003 0.005 0.911 0.002 
279 ZFFDSP23    (0)   :  0.105 0.003 0.004 0.005 0.003 0.023 0.855 0.002 
280 ZFFDSP24    (0)   :  0.009 0.003 0.006 0.006 0.006 0.048 0.919 0.003 
281 ZFFDSP26    (9)   :  0.015 0.003 0.005 0.006 0.004 0.018 0.946 0.003 
282 ZFFDSP27    (0)   :  0.007 0.003 0.004 0.004 0.005 0.010 0.965 0.003 
283 ZFFDSP28    (0)   :  0.008 0.010 0.013 0.018 0.050 0.010 0.872 0.019 
284 ZFFDSP30    (0)   :  0.008 0.004 0.007 0.008 0.025 0.217 0.724 0.006 
285 ZFFDSP31    (0)   :  0.006 0.004 0.006 0.005 0.005 0.011 0.962 0.002 
286 ZFFDSP32    (0)   :  0.006 0.003 0.004 0.004 0.003 0.007 0.970 0.003 
287 ZFFDSP33    (0)   :  0.006 0.003 0.003 0.003 0.003 0.007 0.973 0.003 
288 ZFFDSP34    (0)   :  0.011 0.003 0.007 0.005 0.003 0.009 0.960 0.002 
289 ZFFDSP35    (0)   :  0.007 0.003 0.004 0.005 0.004 0.013 0.961 0.003 
290 ZFFDSP37    (0)   :  0.004 0.003 0.004 0.004 0.004 0.008 0.971 0.002 
291 ZFFDSP38    (0)   :  0.005 0.003 0.004 0.004 0.005 0.009 0.967 0.003 
292 ZFFDSP39    (0)   :  0.008 0.003 0.003 0.003 0.004 0.048 0.929 0.002 
293 ZFFDSP40    (0)   :  0.005 0.003 0.004 0.004 0.005 0.030 0.947 0.003 
294 ZFFDSP42    (0)   :  0.057 0.003 0.005 0.005 0.004 0.020 0.903 0.002 
295 ZFFDSP43    (0)   :  0.008 0.003 0.004 0.004 0.004 0.013 0.962 0.002 
296 ZFFDSP44    (0)   :  0.004 0.004 0.004 0.004 0.005 0.022 0.954 0.003 
297 ZFFDSP45    (0)   :  0.005 0.004 0.006 0.004 0.004 0.011 0.964 0.002 
298 ZFFDSP46    (0)   :  0.007 0.003 0.005 0.005 0.005 0.013 0.959 0.002 
299 ZFFDSP47    (0)   :  0.015 0.003 0.004 0.006 0.004 0.135 0.830 0.003 
300 ZFFDSP48    (0)   :  0.007 0.004 0.004 0.004 0.004 0.097 0.877 0.002 
301    ZFI01    (0)   :  0.004 0.009 0.007 0.007 0.939 0.006 0.004 0.023 
302    ZFI02    (0)   :  0.004 0.006 0.004 0.007 0.957 0.006 0.005 0.011 
303    ZFI03    (0)   :  0.003 0.005 0.005 0.006 0.968 0.005 0.004 0.004 
304    ZFI04    (0)   :  0.003 0.007 0.005 0.006 0.954 0.005 0.004 0.016 
305    ZFI05    (0)   :  0.003 0.008 0.004 0.005 0.959 0.012 0.005 0.005 
306    ZFI06    (0)   :  0.003 0.010 0.004 0.006 0.917 0.039 0.011 0.010 
307    ZFI07    (0)   :  0.003 0.006 0.005 0.005 0.969 0.005 0.004 0.005 
308    ZFI08    (0)   :  0.003 0.007 0.005 0.008 0.963 0.003 0.003 0.007 
309    ZFI09    (0)   :  0.003 0.008 0.004 0.005 0.963 0.005 0.004 0.009 
310    ZFI10    (0)   :  0.004 0.007 0.004 0.006 0.935 0.026 0.005 0.012 
311    ZFI11    (0)   :  0.003 0.006 0.004 0.006 0.959 0.006 0.003 0.013 
312    ZFI12    (0)   :  0.003 0.005 0.006 0.008 0.961 0.008 0.004 0.004 
313    ZFI13    (0)   :  0.003 0.007 0.006 0.006 0.964 0.006 0.004 0.006 
314    ZFI14    (0)   :  0.004 0.004 0.005 0.004 0.962 0.008 0.010 0.005 
315    ZFI15    (0)   :  0.002 0.006 0.005 0.004 0.971 0.004 0.004 0.004 
316    ZFI16    (0)   :  0.002 0.004 0.004 0.004 0.975 0.005 0.003 0.003 
317    ZFI17    (0)   :  0.003 0.008 0.004 0.005 0.964 0.006 0.003 0.007 
318    ZFI18    (0)   :  0.002 0.007 0.003 0.004 0.968 0.005 0.003 0.008 
319    ZFI19    (9)   :  0.002 0.005 0.003 0.006 0.971 0.005 0.003 0.005 
320    ZFI20    (0)   :  0.003 0.004 0.003 0.006 0.970 0.005 0.004 0.004 
321    ZFI21    (0)   :  0.003 0.004 0.004 0.004 0.951 0.017 0.013 0.004 
322    ZFI22    (0)   :  0.004 0.005 0.005 0.005 0.965 0.004 0.005 0.008 
323    ZFI23    (0)   :  0.002 0.005 0.004 0.005 0.971 0.006 0.003 0.004 
324    ZFI24    (0)   :  0.003 0.005 0.005 0.008 0.963 0.008 0.004 0.004 
325    ZFI25    (0)   :  0.004 0.006 0.006 0.005 0.967 0.005 0.004 0.004 
326    ZFI26    (0)   :  0.003 0.006 0.007 0.006 0.967 0.004 0.004 0.004 
327    ZFI27    (0)   :  0.003 0.007 0.005 0.007 0.947 0.021 0.005 0.005 
328    ZFK01    (0)   :  0.007 0.011 0.935 0.009 0.005 0.013 0.010 0.011 
329    ZFK02    (0)   :  0.007 0.011 0.937 0.012 0.006 0.011 0.009 0.007 
330    ZFK03    (0)   :  0.007 0.013 0.931 0.010 0.007 0.009 0.009 0.016 
331    ZFK04    (0)   :  0.005 0.023 0.850 0.010 0.012 0.008 0.006 0.086 
332    ZFK05    (0)   :  0.005 0.012 0.805 0.005 0.010 0.007 0.005 0.152 
333    ZFK06    (0)   :  0.004 0.039 0.904 0.010 0.017 0.007 0.006 0.012 
334    ZFK07    (0)   :  0.008 0.009 0.929 0.011 0.004 0.011 0.008 0.021 
335    ZFK08    (0)   :  0.006 0.038 0.715 0.045 0.016 0.007 0.011 0.162 
336    ZFK10    (0)   :  0.005 0.014 0.919 0.011 0.015 0.007 0.007 0.021 
337    ZFK11    (0)   :  0.004 0.023 0.896 0.008 0.007 0.009 0.008 0.045 
338    ZFK12    (0)   :  0.013 0.011 0.905 0.033 0.004 0.010 0.015 0.010 
339    ZFK13    (0)   :  0.013 0.010 0.868 0.013 0.004 0.017 0.041 0.034 
340    ZFK14    (0)   :  0.012 0.006 0.931 0.007 0.004 0.012 0.014 0.014 
341    ZFK15    (0)   :  0.008 0.015 0.749 0.012 0.006 0.019 0.048 0.141 
342    ZFK16    (0)   :  0.011 0.008 0.920 0.014 0.003 0.011 0.020 0.013 
343   ZFLB01    (0)   :  0.003 0.006 0.003 0.004 0.006 0.007 0.010 0.960 
344   ZFLB02    (0)   :  0.005 0.117 0.003 0.008 0.031 0.004 0.004 0.827 
345   ZFLB03    (0)   :  0.006 0.124 0.006 0.009 0.011 0.034 0.006 0.803 
346   ZFLB04    (0)   :  0.006 0.009 0.007 0.005 0.010 0.176 0.029 0.758 
347   ZFLB05    (0)   :  0.003 0.007 0.003 0.004 0.009 0.015 0.007 0.953 
348   ZFLB06    (0)   :  0.004 0.008 0.009 0.004 0.004 0.005 0.007 0.959 
349   ZFLB07    (0)   :  0.013 0.088 0.025 0.022 0.006 0.146 0.029 0.671 
350   ZFLB08    (0)   :  0.005 0.063 0.005 0.011 0.028 0.006 0.005 0.878 
351   ZFLB09    (9)   :  0.003 0.007 0.006 0.004 0.005 0.004 0.005 0.966 
352   ZFLB10    (0)   :  0.003 0.005 0.003 0.004 0.005 0.006 0.004 0.970 
353   ZFLB11    (0)   :  0.008 0.008 0.014 0.008 0.003 0.006 0.007 0.947 
354   ZFLB12    (0)   :  0.002 0.007 0.005 0.003 0.005 0.003 0.003 0.972 
355   ZFLB13    (0)   :  0.004 0.053 0.013 0.014 0.006 0.012 0.010 0.888 
356  ZFLTI01    (0)   :  0.032 0.005 0.067 0.015 0.005 0.703 0.172 0.002 
357  ZFLTI02    (0)   :  0.015 0.004 0.043 0.008 0.005 0.895 0.028 0.002 
358  ZFLTI03    (0)   :  0.014 0.003 0.009 0.007 0.004 0.937 0.024 0.002 
359  ZFLTI04    (0)   :  0.008 0.004 0.010 0.009 0.006 0.928 0.032 0.003 
360  ZFLTI05    (0)   :  0.005 0.003 0.005 0.004 0.004 0.954 0.021 0.002 
361  ZFLTI06    (0)   :  0.024 0.003 0.008 0.006 0.005 0.777 0.173 0.003 
362  ZFLTI07    (0)   :  0.007 0.004 0.008 0.009 0.006 0.835 0.128 0.002 
363  ZFLTI08    (0)   :  0.006 0.004 0.006 0.007 0.007 0.954 0.014 0.002 
364  ZFLTI09    (0)   :  0.007 0.003 0.008 0.007 0.009 0.817 0.146 0.003 
365  ZFLTI10    (0)   :  0.007 0.004 0.016 0.006 0.007 0.599 0.358 0.002 
366  ZFLTI11    (0)   :  0.035 0.003 0.006 0.005 0.007 0.877 0.065 0.003 
367  ZFLTI12    (0)   :  0.030 0.004 0.019 0.006 0.005 0.867 0.066 0.002 
368  ZFLTI13    (0)   :  0.013 0.004 0.015 0.011 0.004 0.937 0.014 0.003 
369  ZFLTI14    (0)   :  0.005 0.004 0.035 0.005 0.006 0.923 0.019 0.002 
370 ZFONF101    (0)   :  0.007 0.002 0.002 0.003 0.003 0.004 0.977 0.003 
371 ZFONF102    (0)   :  0.027 0.008 0.003 0.005 0.005 0.004 0.936 0.012 
372 ZFONF103    (0)   :  0.020 0.006 0.014 0.007 0.004 0.053 0.892 0.003 
373 ZFONF104    (0)   :  0.027 0.002 0.004 0.003 0.002 0.005 0.955 0.002 
374 ZFONF105    (0)   :  0.116 0.004 0.005 0.004 0.003 0.018 0.848 0.003 
375 ZFONF106    (0)   :  0.008 0.002 0.004 0.002 0.004 0.005 0.973 0.002 
376 ZFONF107    (0)   :  0.009 0.050 0.017 0.007 0.019 0.018 0.836 0.044 
377 ZFONF108    (0)   :  0.009 0.009 0.018 0.004 0.006 0.020 0.925 0.008 
378 ZFONF109    (9)   :  0.029 0.005 0.015 0.004 0.005 0.011 0.926 0.005 
379 ZFONF110    (0)   :  0.015 0.002 0.005 0.003 0.002 0.006 0.965 0.002 
380 ZFONF111    (0)   :  0.019 0.021 0.009 0.021 0.012 0.011 0.889 0.017 
381 ZFONF112    (0)   :  0.177 0.003 0.006 0.003 0.007 0.017 0.784 0.003 
382 ZFONF113    (9)   :  0.009 0.004 0.006 0.006 0.003 0.010 0.957 0.004 
383 ZFONF115    (0)   :  0.016 0.004 0.006 0.004 0.004 0.009 0.953 0.003 
384 ZFONF116    (0)   :  0.029 0.004 0.006 0.004 0.006 0.009 0.939 0.003 
385 ZFONF117    (0)   :  0.050 0.005 0.009 0.005 0.005 0.363 0.560 0.003 
386 ZFONF118    (0)   :  0.014 0.003 0.009 0.005 0.006 0.020 0.939 0.002 
387 ZFONF119    (0)   :  0.026 0.004 0.011 0.005 0.003 0.005 0.940 0.006 
388 ZFONF120    (0)   :  0.052 0.004 0.024 0.010 0.003 0.006 0.897 0.004 
389 ZFONF121    (0)   :  0.121 0.004 0.005 0.005 0.004 0.008 0.848 0.005 
390 ZFONF122    (0)   :  0.007 0.006 0.023 0.009 0.007 0.064 0.881 0.003 
391 ZFONF123    (0)   :  0.041 0.014 0.005 0.005 0.006 0.004 0.887 0.038 
392 ZFONF124    (0)   :  0.028 0.004 0.009 0.003 0.003 0.009 0.939 0.005 
393 ZFONF125    (0)   :  0.187 0.030 0.044 0.014 0.006 0.010 0.668 0.040 
394 ZFONF126    (0)   :  0.010 0.004 0.013 0.007 0.005 0.014 0.944 0.003 
395 ZFONF201    (0)   :  0.658 0.017 0.037 0.012 0.120 0.012 0.117 0.026 
396 ZFONF202    (0)   :  0.932 0.003 0.009 0.005 0.003 0.005 0.041 0.002 
397 ZFONF203    (0)   :  0.962 0.004 0.007 0.009 0.003 0.004 0.008 0.003 
398 ZFONF204    (0)   :  0.934 0.008 0.027 0.006 0.008 0.005 0.006 0.007 
399 ZFONF206    (0)   :  0.934 0.019 0.008 0.006 0.011 0.003 0.006 0.013 
400 ZFONF207    (0)   :  0.969 0.004 0.004 0.005 0.003 0.005 0.006 0.003 
401 ZFONF208    (0)   :  0.902 0.004 0.009 0.007 0.005 0.013 0.056 0.004 
402 ZFONF209    (0)   :  0.920 0.008 0.026 0.007 0.012 0.011 0.008 0.008 
403 ZFONF210    (0)   :  0.967 0.002 0.004 0.003 0.003 0.008 0.010 0.002 
404 ZFONF211    (0)   :  0.893 0.009 0.013 0.013 0.004 0.021 0.033 0.014 
405 ZFONF212    (0)   :  0.967 0.003 0.003 0.003 0.003 0.009 0.010 0.002 
406 ZFONF214    (0)   :  0.929 0.005 0.007 0.011 0.002 0.005 0.034 0.006 
407 ZFONF215    (0)   :  0.968 0.002 0.005 0.004 0.003 0.004 0.012 0.002 
408 ZFONF216    (0)   :  0.974 0.003 0.004 0.004 0.002 0.005 0.005 0.003 
409 ZFONF217    (0)   :  0.947 0.002 0.005 0.003 0.003 0.005 0.031 0.003 
410 ZFONF218    (0)   :  0.963 0.008 0.003 0.005 0.003 0.006 0.005 0.006 
411 ZFONF219    (0)   :  0.981 0.002 0.003 0.002 0.002 0.003 0.004 0.002 
412 ZFONF220    (0)   :  0.954 0.003 0.006 0.004 0.003 0.004 0.022 0.003 
413 ZFONF222    (0)   :  0.968 0.005 0.004 0.005 0.003 0.004 0.003 0.007 
414 ZFONF223    (0)   :  0.960 0.007 0.004 0.006 0.004 0.003 0.008 0.008 
415 ZFONF224    (0)   :  0.979 0.003 0.003 0.003 0.002 0.004 0.004 0.002 
416 ZFONF225    (0)   :  0.975 0.003 0.004 0.003 0.002 0.004 0.008 0.002 
417 ZFONF226    (0)   :  0.966 0.003 0.006 0.007 0.003 0.005 0.007 0.003 
418 ZFONF227    (0)   :  0.980 0.002 0.003 0.003 0.002 0.004 0.004 0.002 
419 ZFONF228    (0)   :  0.955 0.005 0.005 0.004 0.005 0.012 0.010 0.004 
420 ZFONF230    (0)   :  0.970 0.003 0.004 0.003 0.002 0.004 0.011 0.002 
421 ZFONF231    (0)   :  0.963 0.004 0.006 0.008 0.002 0.005 0.007 0.004 
422 ZFONF232    (0)   :  0.976 0.003 0.003 0.003 0.002 0.004 0.008 0.002 
423 ZFONF233    (0)   :  0.975 0.003 0.004 0.003 0.002 0.004 0.005 0.003 
424 ZFONF234    (0)   :  0.918 0.025 0.008 0.007 0.005 0.017 0.015 0.004 
425 ZFONF235    (0)   :  0.980 0.003 0.004 0.003 0.002 0.003 0.004 0.002 
426 ZFONF236    (0)   :  0.866 0.025 0.024 0.005 0.025 0.028 0.015 0.013 
427 ZFONF238    (0)   :  0.968 0.003 0.005 0.007 0.003 0.004 0.008 0.002 
428 ZFONF239    (0)   :  0.963 0.005 0.009 0.004 0.006 0.004 0.005 0.004 
429 ZFONF240    (0)   :  0.976 0.002 0.006 0.003 0.002 0.005 0.005 0.002 
430 ZFONF241    (0)   :  0.936 0.008 0.005 0.005 0.010 0.016 0.016 0.003 
431 ZFONF242    (0)   :  0.972 0.003 0.005 0.003 0.002 0.004 0.008 0.002 
432 ZFONF243    (0)   :  0.966 0.003 0.004 0.005 0.003 0.011 0.006 0.003 
433 ZFONF244    (0)   :  0.974 0.002 0.004 0.003 0.002 0.004 0.007 0.003 
434 ZFONF245    (0)   :  0.975 0.003 0.004 0.003 0.002 0.006 0.005 0.002 
435   ZFOS01    (0)   :  0.009 0.004 0.933 0.008 0.004 0.018 0.021 0.003 
436   ZFOS02    (0)   :  0.009 0.011 0.882 0.008 0.023 0.022 0.039 0.006 
437   ZFOS03    (0)   :  0.004 0.009 0.928 0.010 0.008 0.006 0.010 0.024 
438   ZFOS04    (0)   :  0.007 0.007 0.814 0.006 0.021 0.046 0.095 0.004 
439   ZFOS05    (0)   :  0.012 0.006 0.908 0.009 0.007 0.019 0.036 0.003 
440   ZFOS06    (0)   :  0.014 0.007 0.929 0.011 0.005 0.018 0.012 0.005 
441   ZFOS07    (0)   :  0.004 0.005 0.955 0.004 0.015 0.005 0.007 0.004 
442   ZFOS08    (0)   :  0.006 0.005 0.928 0.004 0.024 0.014 0.016 0.003 
443   ZFOS09    (0)   :  0.010 0.016 0.815 0.018 0.017 0.019 0.094 0.011 
444   ZFOS10    (0)   :  0.002 0.021 0.924 0.004 0.024 0.006 0.004 0.014 
445   ZFOS11    (0)   :  0.007 0.092 0.597 0.023 0.020 0.238 0.016 0.007 
446   ZFOS12    (0)   :  0.008 0.077 0.654 0.143 0.032 0.029 0.024 0.032 
447   ZFOS13    (0)   :  0.005 0.007 0.932 0.014 0.011 0.015 0.012 0.005 
448   ZFOS14    (0)   :  0.006 0.018 0.685 0.039 0.124 0.103 0.012 0.013 
449   ZFOS15    (0)   :  0.003 0.005 0.972 0.003 0.005 0.005 0.004 0.004 
450   ZFOS16    (0)   :  0.010 0.010 0.878 0.006 0.013 0.032 0.043 0.008 
451   ZFOS17    (0)   :  0.005 0.005 0.960 0.007 0.007 0.006 0.004 0.006 
452   ZFOS18    (0)   :  0.003 0.010 0.954 0.005 0.008 0.010 0.005 0.006 
453   ZFOS19    (0)   :  0.005 0.005 0.966 0.008 0.004 0.005 0.004 0.004 
454   ZFOS20    (0)   :  0.007 0.006 0.958 0.005 0.009 0.005 0.006 0.005 
455   ZFOS21    (0)   :  0.005 0.005 0.933 0.004 0.007 0.019 0.020 0.007 
456   ZFOS22    (0)   :  0.006 0.005 0.958 0.009 0.003 0.009 0.006 0.005 
457   ZFOS23    (0)   :  0.002 0.025 0.756 0.022 0.173 0.004 0.003 0.015 
458   ZFOS24    (0)   :  0.003 0.005 0.969 0.004 0.004 0.008 0.004 0.003 
459   ZFOS25    (0)   :  0.020 0.014 0.432 0.020 0.020 0.470 0.018 0.005 
460   ZFOS26    (0)   :  0.008 0.012 0.526 0.009 0.015 0.213 0.213 0.004 
461   ZFOS27    (0)   :  0.010 0.005 0.920 0.004 0.007 0.019 0.029 0.006 
462   ZFOS28    (0)   :  0.004 0.010 0.922 0.007 0.018 0.015 0.010 0.014 
463   ZFOS29    (0)   :  0.010 0.007 0.941 0.004 0.009 0.010 0.010 0.009 
464   ZFOS30    (0)   :  0.008 0.003 0.959 0.006 0.005 0.006 0.009 0.004 
465   ZFOS31    (0)   :  0.025 0.007 0.732 0.159 0.027 0.017 0.028 0.005 
466   ZFOS32    (0)   :  0.009 0.007 0.924 0.006 0.013 0.013 0.023 0.004 
467   ZFPB01    (0)   :  0.003 0.007 0.004 0.003 0.004 0.003 0.002 0.973 
468   ZFPB02    (0)   :  0.014 0.007 0.004 0.006 0.003 0.005 0.005 0.955 
469   ZFPB03    (0)   :  0.004 0.005 0.008 0.002 0.003 0.009 0.007 0.962 
470   ZFPB05    (0)   :  0.005 0.004 0.003 0.003 0.003 0.003 0.003 0.976 
471   ZFPB06    (0)   :  0.002 0.007 0.007 0.002 0.004 0.003 0.003 0.971 
472   ZFPB07    (0)   :  0.007 0.004 0.004 0.004 0.002 0.003 0.006 0.969 
473   ZFPB08    (0)   :  0.006 0.007 0.009 0.003 0.003 0.005 0.007 0.960 
474   ZFPB10    (0)   :  0.003 0.007 0.004 0.004 0.003 0.005 0.003 0.971 
475   ZFPB11    (0)   :  0.004 0.007 0.005 0.005 0.003 0.003 0.003 0.970 
476   ZFPB12    (0)   :  0.004 0.007 0.004 0.005 0.003 0.004 0.003 0.971 
477   ZFPB13    (0)   :  0.004 0.005 0.003 0.003 0.003 0.004 0.005 0.974 
478   ZFPB14    (0)   :  0.007 0.004 0.004 0.004 0.003 0.003 0.006 0.969 
479   ZFPB15    (0)   :  0.006 0.005 0.006 0.003 0.003 0.004 0.008 0.965 
480   ZFPB17    (0)   :  0.002 0.005 0.004 0.004 0.003 0.003 0.003 0.976 
481   ZFPB18    (0)   :  0.004 0.004 0.004 0.004 0.002 0.003 0.003 0.975 
482   ZFPB19    (0)   :  0.003 0.006 0.006 0.003 0.004 0.004 0.006 0.967 
483   ZFPB20    (0)   :  0.002 0.004 0.002 0.002 0.003 0.002 0.002 0.982 
484   ZFPB21    (0)   :  0.004 0.004 0.004 0.002 0.003 0.003 0.007 0.973 
485   ZFPB22    (0)   :  0.002 0.005 0.003 0.003 0.003 0.002 0.002 0.979 
486   ZFPB23    (0)   :  0.004 0.006 0.004 0.003 0.003 0.003 0.005 0.971 
487   ZFSF01    (0)   :  0.002 0.058 0.005 0.125 0.800 0.003 0.003 0.003 
488   ZFSF02    (0)   :  0.007 0.038 0.013 0.548 0.341 0.015 0.026 0.012 
489   ZFSF03    (0)   :  0.003 0.112 0.005 0.129 0.726 0.004 0.005 0.015 
490   ZFSF04    (0)   :  0.009 0.007 0.015 0.076 0.868 0.005 0.013 0.007 
491  ZFSW101    (0)   :  0.010 0.009 0.007 0.012 0.796 0.011 0.145 0.010 
492  ZFSW102    (0)   :  0.009 0.007 0.021 0.023 0.909 0.005 0.013 0.015 
493  ZFSW103    (0)   :  0.012 0.009 0.007 0.011 0.900 0.026 0.031 0.004 
494  ZFSW104    (9)   :  0.020 0.011 0.032 0.042 0.855 0.009 0.023 0.008 
495  ZFSW105    (0)   :  0.012 0.004 0.007 0.007 0.910 0.006 0.049 0.004 
496  ZFSW106    (0)   :  0.058 0.095 0.006 0.037 0.744 0.016 0.023 0.021 
497  ZFSW107    (0)   :  0.007 0.007 0.008 0.008 0.894 0.004 0.011 0.061 
498  ZFSW108    (0)   :  0.003 0.008 0.004 0.005 0.965 0.003 0.003 0.009 
499  ZFSW109    (0)   :  0.008 0.004 0.006 0.005 0.960 0.005 0.005 0.008 
500  ZFSW110    (0)   :  0.017 0.010 0.007 0.013 0.884 0.013 0.042 0.013 
501  ZFSW111    (0)   :  0.021 0.010 0.036 0.015 0.601 0.008 0.270 0.040 
502  ZFSW112    (0)   :  0.005 0.007 0.037 0.006 0.914 0.005 0.022 0.005 
503  ZFSW113    (0)   :  0.007 0.026 0.017 0.118 0.700 0.013 0.112 0.008 
