

----------------------------------------------------
STRUCTURE by Pritchard, Stephens and Donnelly (2000)
     and Falush, Stephens and Pritchard (2003)
       Code by Pritchard, Falush and Hubisz
             Version 2.3.4 (Jul 2012)
----------------------------------------------------



Command line arguments:   bin\structure -m C:\Users\eschumacher\Documents\GitHub\GCC_QUAC_ZAIN\Data_Files\Structure_Files\ZAIN\ZAIN_wild_rebinned_nopopinfo\50-50\mainparams -e C:\Users\eschumacher\Documents\GitHub\GCC_QUAC_ZAIN\Data_Files\Structure_Files\ZAIN\ZAIN_wild_rebinned_nopopinfo\50-50\extraparams 
Input File:    C:\Users\eschumacher\Documents\GitHub\GCC_QUAC_ZAIN\Data_Files\Structure_Files\ZAIN\ZAIN_wild_rebinned_nopopinfo\project_data

Run parameters:
   751 individuals
   11 loci
   8 populations assumed
   50000 Burn-in period
   50000 Reps


--------------------------------------------
Overall proportion of membership of the
sample in each of the 8 clusters

Inferred Clusters
  1      2      3      4      5      6      7      8    
0.173  0.115  0.161  0.185  0.122  0.070  0.108  0.066  

--------------------------------------------

Allele-freq. divergence among pops (Net nucleotide distance),
computed using point estimates of P.

      1       2       3       4       5       6       7       8      
 1      -    0.1000  0.1512  0.0940  0.1175  0.1924  0.1275  0.2022  
 2   0.1000     -    0.1698  0.1520  0.1388  0.1731  0.2077  0.1828  
 3   0.1512  0.1698     -    0.2222  0.0462  0.2371  0.2738  0.1094  
 4   0.0940  0.1520  0.2222     -    0.2273  0.2728  0.1562  0.3344  
 5   0.1175  0.1388  0.0462  0.2273     -    0.1364  0.2704  0.1206  
 6   0.1924  0.1731  0.2371  0.2728  0.1364     -    0.3471  0.2865  
 7   0.1275  0.2077  0.2738  0.1562  0.2704  0.3471     -    0.3426  
 8   0.2022  0.1828  0.1094  0.3344  0.1206  0.2865  0.3426     -    

Average distances (expected heterozygosity) between individuals in same cluster:
cluster  1  : 0.5622 
cluster  2  : 0.4333 
cluster  3  : 0.4086 
cluster  4  : 0.4678 
cluster  5  : 0.4323 
cluster  6  : 0.2336 
cluster  7  : 0.4292 
cluster  8  : 0.3677 

--------------------------------------------
Estimated Ln Prob of Data   = -14075.5
Mean value of ln likelihood = -13753.4
Variance of ln likelihood   = 644.2
Mean value of alpha         = 0.0329

Mean value of Fst_1         = 0.1285
Mean value of Fst_2         = 0.4027
Mean value of Fst_3         = 0.3542
Mean value of Fst_4         = 0.3608
Mean value of Fst_5         = 0.3909
Mean value of Fst_6         = 0.6376
Mean value of Fst_7         = 0.4244
Mean value of Fst_8         = 0.4215


Inferred ancestry of individuals:
        Label (%Miss) :  Inferred clusters
  1    ZFB01    (0)   :  0.004 0.004 0.005 0.970 0.004 0.003 0.007 0.003 
  2    ZFB02    (0)   :  0.007 0.008 0.003 0.933 0.003 0.002 0.041 0.003 
  3    ZFB03    (0)   :  0.009 0.005 0.005 0.959 0.006 0.010 0.005 0.003 
  4    ZFB04    (0)   :  0.005 0.005 0.005 0.928 0.003 0.002 0.048 0.003 
  5    ZFB05    (0)   :  0.067 0.012 0.003 0.714 0.005 0.011 0.179 0.011 
  6    ZFB06    (0)   :  0.070 0.008 0.003 0.794 0.006 0.012 0.095 0.013 
  7    ZFB07    (9)   :  0.008 0.004 0.008 0.955 0.008 0.005 0.008 0.004 
  8    ZFB08    (0)   :  0.008 0.007 0.006 0.956 0.006 0.005 0.005 0.006 
  9    ZFB09    (0)   :  0.004 0.003 0.003 0.976 0.003 0.003 0.005 0.003 
 10    ZFB10    (0)   :  0.005 0.007 0.024 0.934 0.011 0.002 0.010 0.006 
 11    ZFB11    (0)   :  0.004 0.007 0.009 0.946 0.005 0.003 0.023 0.003 
 12    ZFB12    (0)   :  0.025 0.005 0.009 0.905 0.010 0.009 0.033 0.004 
 13    ZFB13    (0)   :  0.014 0.005 0.010 0.948 0.007 0.004 0.007 0.006 
 14    ZFB14    (0)   :  0.005 0.005 0.006 0.971 0.004 0.003 0.004 0.003 
 15    ZFB15    (0)   :  0.004 0.003 0.003 0.971 0.003 0.002 0.012 0.002 
 16    ZFB16    (0)   :  0.007 0.004 0.006 0.957 0.006 0.003 0.014 0.004 
 17    ZFB17    (0)   :  0.025 0.023 0.011 0.882 0.012 0.003 0.032 0.012 
 18    ZFB18    (0)   :  0.004 0.004 0.004 0.975 0.003 0.003 0.004 0.003 
 19    ZFB19    (0)   :  0.021 0.004 0.033 0.900 0.020 0.006 0.008 0.008 
 20    ZFB20    (0)   :  0.007 0.004 0.006 0.932 0.005 0.003 0.039 0.004 
 21    ZFB21    (0)   :  0.005 0.003 0.003 0.970 0.003 0.004 0.010 0.002 
 22    ZFB22    (0)   :  0.012 0.009 0.011 0.877 0.013 0.002 0.065 0.011 
 23    ZFB23    (0)   :  0.006 0.007 0.009 0.933 0.005 0.005 0.032 0.003 
 24    ZFB24    (0)   :  0.005 0.006 0.008 0.925 0.005 0.003 0.046 0.003 
 25    ZFB25    (0)   :  0.003 0.004 0.022 0.943 0.012 0.004 0.007 0.005 
 26    ZFB26    (0)   :  0.005 0.007 0.020 0.863 0.010 0.004 0.087 0.005 
 27    ZFB27    (0)   :  0.005 0.005 0.008 0.875 0.006 0.003 0.097 0.003 
 28    ZFB28    (0)   :  0.033 0.013 0.008 0.801 0.008 0.006 0.128 0.003 
 29    ZFB29    (0)   :  0.006 0.009 0.004 0.949 0.003 0.002 0.024 0.002 
 30    ZFB30    (0)   :  0.043 0.004 0.005 0.697 0.010 0.012 0.218 0.012 
 31    ZFB31    (0)   :  0.004 0.004 0.014 0.954 0.009 0.004 0.006 0.004 
 32    ZFB32    (0)   :  0.051 0.037 0.016 0.794 0.014 0.009 0.075 0.005 
 33    ZFB33    (0)   :  0.004 0.003 0.004 0.971 0.003 0.002 0.011 0.002 
 34    ZFB34    (0)   :  0.004 0.005 0.003 0.975 0.003 0.003 0.003 0.003 
 35    ZFB35    (0)   :  0.004 0.005 0.006 0.963 0.006 0.004 0.009 0.003 
 36  ZFBP101    (0)   :  0.009 0.083 0.149 0.010 0.693 0.013 0.008 0.034 
 37  ZFBP102    (0)   :  0.011 0.018 0.290 0.013 0.641 0.004 0.011 0.011 
 38  ZFBP103    (0)   :  0.008 0.103 0.055 0.007 0.795 0.015 0.007 0.009 
 39  ZFBP104    (0)   :  0.032 0.004 0.226 0.039 0.671 0.009 0.011 0.008 
 40  ZFBP105    (0)   :  0.006 0.005 0.688 0.006 0.272 0.013 0.005 0.006 
 41  ZFBP106    (0)   :  0.004 0.008 0.766 0.004 0.184 0.020 0.003 0.010 
 42  ZFBP107    (0)   :  0.010 0.008 0.476 0.005 0.463 0.014 0.018 0.005 
 43  ZFBP108    (0)   :  0.003 0.003 0.967 0.003 0.010 0.007 0.003 0.004 
 44  ZFBP109    (0)   :  0.004 0.004 0.958 0.004 0.017 0.005 0.002 0.005 
 45  ZFBP110    (0)   :  0.029 0.034 0.202 0.032 0.636 0.054 0.008 0.005 
 46  ZFBP111    (0)   :  0.005 0.004 0.271 0.003 0.600 0.010 0.003 0.105 
 47  ZFBP112    (0)   :  0.005 0.015 0.884 0.004 0.028 0.012 0.005 0.047 
 48  ZFBP113    (0)   :  0.005 0.003 0.961 0.003 0.017 0.004 0.004 0.004 
 49  ZFBP114    (0)   :  0.005 0.007 0.780 0.003 0.183 0.005 0.007 0.009 
 50  ZFBP115    (0)   :  0.005 0.009 0.077 0.002 0.876 0.017 0.003 0.011 
 51  ZFBP116    (0)   :  0.006 0.005 0.923 0.003 0.049 0.006 0.004 0.006 
 52  ZFBP117    (0)   :  0.004 0.007 0.953 0.003 0.017 0.006 0.002 0.007 
 53  ZFBP118    (0)   :  0.006 0.006 0.885 0.003 0.076 0.005 0.007 0.013 
 54  ZFBP119    (0)   :  0.007 0.028 0.472 0.004 0.453 0.019 0.003 0.015 
 55  ZFBP120    (0)   :  0.006 0.004 0.689 0.006 0.272 0.013 0.005 0.005 
 56  ZFBP121    (0)   :  0.004 0.008 0.935 0.005 0.032 0.008 0.003 0.005 
 57  ZFBP122    (9)   :  0.005 0.005 0.840 0.004 0.124 0.007 0.003 0.012 
 58  ZFBP123    (0)   :  0.006 0.013 0.934 0.003 0.016 0.006 0.006 0.016 
 59  ZFBP124    (0)   :  0.004 0.005 0.953 0.006 0.019 0.004 0.004 0.005 
 60  ZFBP125    (0)   :  0.004 0.006 0.926 0.002 0.035 0.009 0.003 0.015 
 61  ZFBP126    (0)   :  0.025 0.030 0.676 0.011 0.234 0.004 0.014 0.008 
 62  ZFBP127    (0)   :  0.004 0.020 0.676 0.004 0.197 0.092 0.003 0.005 
 63  ZFBP128    (0)   :  0.003 0.016 0.896 0.004 0.034 0.017 0.002 0.028 
 64  ZFBP129    (0)   :  0.005 0.008 0.848 0.005 0.010 0.006 0.003 0.116 
 65  ZFBP130    (0)   :  0.004 0.023 0.842 0.002 0.047 0.014 0.003 0.065 
 66  ZFBP131    (0)   :  0.004 0.004 0.972 0.003 0.005 0.003 0.004 0.004 
 67  ZFBP132    (0)   :  0.003 0.004 0.955 0.004 0.013 0.015 0.003 0.004 
 68  ZFBP133    (0)   :  0.004 0.007 0.888 0.003 0.008 0.003 0.002 0.085 
 69  ZFBP134    (0)   :  0.004 0.012 0.050 0.004 0.910 0.006 0.003 0.012 
 70  ZFBP135    (0)   :  0.009 0.253 0.415 0.015 0.271 0.018 0.005 0.015 
 71  ZFBP136    (0)   :  0.007 0.133 0.538 0.003 0.246 0.018 0.009 0.046 
 72  ZFBP201    (0)   :  0.006 0.005 0.945 0.006 0.018 0.011 0.006 0.004 
 73  ZFBP202    (0)   :  0.005 0.004 0.929 0.006 0.036 0.009 0.003 0.008 
 74  ZFBP203    (0)   :  0.029 0.005 0.885 0.006 0.016 0.005 0.038 0.016 
 75  ZFBP204    (0)   :  0.007 0.019 0.663 0.004 0.263 0.018 0.005 0.020 
 76  ZFBP205    (0)   :  0.004 0.008 0.960 0.003 0.008 0.003 0.004 0.010 
 77  ZFBP206    (0)   :  0.006 0.013 0.932 0.004 0.008 0.004 0.007 0.026 
 78  ZFBP207    (0)   :  0.005 0.011 0.597 0.004 0.299 0.073 0.003 0.007 
 79  ZFBP208    (0)   :  0.008 0.007 0.947 0.003 0.011 0.004 0.011 0.009 
 80  ZFBP209    (0)   :  0.003 0.006 0.905 0.003 0.009 0.003 0.002 0.069 
 81  ZFBP210    (0)   :  0.007 0.005 0.938 0.004 0.016 0.011 0.008 0.010 
 82  ZFBP211    (0)   :  0.005 0.005 0.955 0.006 0.012 0.010 0.003 0.005 
 83  ZFBP212    (0)   :  0.004 0.003 0.708 0.006 0.235 0.036 0.003 0.005 
 84  ZFBP213    (0)   :  0.007 0.012 0.938 0.008 0.010 0.010 0.005 0.009 
 85  ZFBP214    (0)   :  0.016 0.050 0.746 0.015 0.039 0.039 0.005 0.091 
 86  ZFBP215    (0)   :  0.004 0.005 0.961 0.004 0.011 0.006 0.003 0.007 
 87  ZFBP216    (0)   :  0.014 0.005 0.766 0.005 0.192 0.006 0.007 0.006 
 88  ZFBP217    (0)   :  0.011 0.007 0.619 0.008 0.125 0.043 0.004 0.182 
 89  ZFBP218    (0)   :  0.004 0.003 0.958 0.003 0.016 0.003 0.003 0.011 
 90  ZFBP219    (0)   :  0.004 0.003 0.963 0.003 0.014 0.004 0.004 0.005 
 91  ZFBP220    (0)   :  0.005 0.017 0.622 0.003 0.299 0.014 0.003 0.037 
 92  ZFBP221    (0)   :  0.004 0.003 0.480 0.004 0.491 0.007 0.003 0.008 
 93  ZFBP222    (0)   :  0.005 0.007 0.963 0.004 0.006 0.003 0.005 0.007 
 94  ZFBP223    (0)   :  0.007 0.009 0.623 0.007 0.151 0.192 0.005 0.008 
 95  ZFBP224    (0)   :  0.006 0.006 0.957 0.004 0.012 0.005 0.004 0.005 
 96  ZFBP225    (0)   :  0.011 0.013 0.232 0.003 0.471 0.020 0.009 0.240 
 97  ZFBP226    (0)   :  0.004 0.004 0.945 0.003 0.028 0.005 0.005 0.005 
 98  ZFBP227    (0)   :  0.108 0.007 0.395 0.025 0.432 0.009 0.015 0.009 
 99  ZFBP228    (0)   :  0.004 0.016 0.381 0.005 0.520 0.064 0.003 0.008 
100  ZFBP229    (0)   :  0.005 0.006 0.879 0.003 0.079 0.005 0.003 0.020 
101  ZFBP230    (0)   :  0.006 0.019 0.493 0.003 0.434 0.010 0.003 0.032 
102  ZFBP231    (0)   :  0.005 0.006 0.958 0.005 0.013 0.006 0.004 0.005 
103  ZFBP232    (0)   :  0.003 0.004 0.967 0.003 0.009 0.004 0.003 0.006 
104  ZFBP233    (0)   :  0.006 0.006 0.935 0.006 0.023 0.006 0.004 0.014 
105   ZFCC01    (0)   :  0.004 0.967 0.004 0.008 0.003 0.004 0.005 0.005 
106   ZFCC03    (0)   :  0.003 0.967 0.004 0.005 0.004 0.009 0.003 0.005 
107   ZFCC04    (0)   :  0.004 0.969 0.004 0.005 0.004 0.005 0.003 0.006 
108   ZFCC05    (0)   :  0.005 0.953 0.006 0.007 0.005 0.014 0.004 0.006 
109   ZFCC08    (0)   :  0.004 0.950 0.009 0.005 0.008 0.005 0.002 0.017 
110   ZFCC09    (0)   :  0.003 0.967 0.004 0.007 0.004 0.008 0.003 0.004 
111   ZFCC10    (0)   :  0.004 0.963 0.005 0.013 0.003 0.004 0.004 0.004 
112   ZFCC11    (0)   :  0.004 0.964 0.005 0.007 0.004 0.009 0.004 0.004 
113   ZFCC12    (0)   :  0.010 0.895 0.005 0.019 0.007 0.007 0.051 0.005 
114   ZFCC13    (0)   :  0.007 0.948 0.008 0.004 0.011 0.009 0.007 0.007 
115   ZFCC14    (0)   :  0.005 0.955 0.010 0.010 0.004 0.004 0.005 0.007 
116   ZFCC15    (0)   :  0.006 0.966 0.004 0.004 0.005 0.005 0.005 0.005 
117   ZFCC16    (0)   :  0.004 0.971 0.004 0.005 0.003 0.004 0.004 0.004 
118   ZFCC17    (0)   :  0.004 0.967 0.003 0.005 0.003 0.006 0.007 0.003 
119   ZFCC18    (0)   :  0.004 0.965 0.004 0.005 0.004 0.008 0.004 0.006 
120   ZFCC19    (0)   :  0.007 0.968 0.003 0.005 0.004 0.003 0.007 0.004 
121   ZFCC20    (0)   :  0.005 0.966 0.003 0.004 0.005 0.008 0.003 0.005 
122   ZFCC21    (0)   :  0.014 0.894 0.031 0.007 0.014 0.003 0.006 0.032 
123   ZFCC22    (0)   :  0.004 0.738 0.151 0.007 0.052 0.006 0.004 0.038 
124   ZFCC26    (0)   :  0.004 0.971 0.004 0.005 0.004 0.005 0.003 0.004 
125   ZFCC27    (0)   :  0.004 0.972 0.004 0.004 0.003 0.007 0.003 0.004 
126   ZFCC29    (0)   :  0.007 0.962 0.004 0.008 0.005 0.005 0.004 0.005 
127   ZFCC30    (0)   :  0.003 0.967 0.003 0.003 0.004 0.011 0.003 0.005 
128   ZFCC32    (0)   :  0.007 0.962 0.004 0.005 0.005 0.005 0.007 0.005 
129   ZFCC33    (0)   :  0.005 0.965 0.004 0.006 0.004 0.008 0.004 0.003 
130   ZFCC34    (0)   :  0.005 0.834 0.046 0.019 0.027 0.039 0.015 0.015 
131   ZFCC35    (0)   :  0.003 0.975 0.003 0.003 0.004 0.005 0.003 0.004 
132   ZFCC36    (0)   :  0.008 0.945 0.007 0.004 0.009 0.004 0.011 0.013 
133   ZFCC37    (0)   :  0.012 0.896 0.009 0.022 0.008 0.007 0.042 0.005 
134   ZFCC40    (0)   :  0.004 0.967 0.007 0.006 0.004 0.003 0.006 0.004 
135   ZFCC42    (0)   :  0.009 0.299 0.006 0.012 0.012 0.092 0.560 0.011 
136   ZFCC44    (0)   :  0.003 0.972 0.003 0.003 0.004 0.010 0.004 0.003 
137   ZFCC45    (9)   :  0.009 0.943 0.005 0.013 0.004 0.008 0.014 0.004 
138   ZFCC46    (0)   :  0.005 0.932 0.009 0.003 0.013 0.011 0.004 0.024 
139   ZFCC47    (0)   :  0.005 0.929 0.005 0.014 0.006 0.005 0.029 0.007 
140   ZFCC48    (0)   :  0.006 0.917 0.021 0.006 0.010 0.004 0.003 0.033 
141   ZFCC50    (0)   :  0.004 0.974 0.003 0.004 0.004 0.004 0.004 0.004 
142   ZFCC51    (0)   :  0.004 0.968 0.003 0.004 0.004 0.011 0.003 0.004 
143   ZFCC52    (0)   :  0.004 0.954 0.009 0.004 0.008 0.005 0.006 0.010 
144   ZFCC53    (0)   :  0.003 0.975 0.003 0.004 0.003 0.006 0.003 0.003 
145  ZFCNS01    (0)   :  0.047 0.006 0.006 0.002 0.042 0.868 0.026 0.003 
146  ZFCNS02    (0)   :  0.003 0.005 0.004 0.002 0.005 0.976 0.002 0.004 
147  ZFCNS05    (0)   :  0.004 0.007 0.007 0.005 0.008 0.961 0.003 0.005 
148  ZFCNS06    (0)   :  0.003 0.004 0.004 0.003 0.005 0.974 0.002 0.005 
149  ZFCNS07    (0)   :  0.003 0.003 0.006 0.003 0.007 0.967 0.003 0.009 
150  ZFCNS10    (0)   :  0.003 0.004 0.007 0.003 0.014 0.961 0.003 0.005 
151  ZFCNS11    (0)   :  0.019 0.007 0.006 0.003 0.018 0.932 0.011 0.005 
152  ZFCNS15    (0)   :  0.004 0.003 0.017 0.004 0.035 0.928 0.003 0.007 
153  ZFCNS17    (0)   :  0.003 0.005 0.004 0.003 0.005 0.975 0.002 0.004 
154  ZFCNS18    (0)   :  0.003 0.004 0.008 0.003 0.014 0.961 0.003 0.004 
155  ZFCNS19    (0)   :  0.003 0.004 0.003 0.003 0.004 0.977 0.002 0.004 
156  ZFCNS20    (0)   :  0.004 0.006 0.012 0.003 0.014 0.944 0.003 0.014 
157  ZFCNS21    (0)   :  0.003 0.004 0.003 0.003 0.005 0.978 0.002 0.002 
158  ZFCNS22    (0)   :  0.004 0.006 0.011 0.005 0.012 0.952 0.003 0.006 
159  ZFCNS23    (0)   :  0.011 0.023 0.008 0.005 0.006 0.914 0.016 0.016 
160  ZFCNS24    (0)   :  0.004 0.009 0.006 0.003 0.009 0.962 0.003 0.006 
161  ZFCNS25    (0)   :  0.004 0.006 0.011 0.002 0.013 0.953 0.003 0.009 
162  ZFCNS26    (0)   :  0.003 0.003 0.004 0.003 0.007 0.973 0.002 0.004 
163  ZFCNS27    (0)   :  0.004 0.004 0.019 0.003 0.060 0.897 0.003 0.009 
164  ZFCNS28    (0)   :  0.003 0.004 0.004 0.003 0.005 0.974 0.002 0.004 
165  ZFCNS29    (0)   :  0.004 0.007 0.007 0.004 0.008 0.963 0.003 0.004 
166  ZFCNS30    (0)   :  0.004 0.007 0.005 0.004 0.007 0.968 0.002 0.003 
167  ZFCNS31    (0)   :  0.003 0.003 0.004 0.003 0.006 0.974 0.002 0.004 
168  ZFCNS32    (0)   :  0.004 0.005 0.006 0.003 0.010 0.963 0.003 0.007 
169  ZFCNS33    (0)   :  0.003 0.003 0.003 0.003 0.005 0.976 0.002 0.004 
170  ZFCNS34    (0)   :  0.004 0.011 0.005 0.004 0.006 0.964 0.003 0.004 
171  ZFCNS35    (0)   :  0.004 0.009 0.018 0.024 0.033 0.906 0.002 0.004 
172  ZFCNS36    (0)   :  0.004 0.011 0.006 0.003 0.008 0.958 0.003 0.008 
173  ZFCNS37    (0)   :  0.007 0.005 0.005 0.004 0.077 0.892 0.003 0.008 
174  ZFCNS39    (0)   :  0.008 0.017 0.008 0.002 0.026 0.910 0.004 0.025 
175  ZFCNS40    (0)   :  0.008 0.028 0.010 0.003 0.101 0.730 0.003 0.118 
176  ZFCNS41    (0)   :  0.010 0.018 0.018 0.007 0.643 0.295 0.004 0.005 
177  ZFCNS42    (0)   :  0.003 0.003 0.004 0.003 0.006 0.975 0.002 0.003 
178  ZFCNS43    (0)   :  0.003 0.005 0.003 0.003 0.004 0.977 0.002 0.003 
179  ZFCNS44    (0)   :  0.003 0.005 0.007 0.003 0.015 0.961 0.003 0.003 
180  ZFCNS46    (0)   :  0.004 0.005 0.005 0.004 0.010 0.965 0.003 0.004 
181  ZFCNS47    (0)   :  0.003 0.004 0.003 0.003 0.005 0.977 0.002 0.003 
182  ZFCNS48    (0)   :  0.004 0.007 0.012 0.004 0.027 0.937 0.004 0.006 
183  ZFCNS49    (0)   :  0.003 0.003 0.012 0.004 0.042 0.929 0.003 0.005 
184   ZFCR01    (0)   :  0.354 0.012 0.050 0.508 0.013 0.003 0.029 0.030 
185   ZFCR02    (0)   :  0.843 0.030 0.024 0.059 0.008 0.005 0.013 0.017 
186   ZFCR03    (0)   :  0.372 0.049 0.076 0.328 0.015 0.003 0.125 0.033 
187   ZFCR04    (0)   :  0.063 0.019 0.027 0.762 0.041 0.008 0.036 0.044 
188   ZFCR05    (0)   :  0.881 0.021 0.005 0.070 0.004 0.003 0.010 0.005 
189   ZFCR06    (0)   :  0.550 0.028 0.089 0.136 0.089 0.069 0.008 0.032 
190   ZFCR07    (0)   :  0.866 0.014 0.008 0.031 0.027 0.041 0.009 0.003 
191   ZFCR08    (0)   :  0.455 0.168 0.028 0.151 0.018 0.006 0.113 0.061 
192   ZFCR09    (0)   :  0.063 0.038 0.153 0.125 0.135 0.013 0.454 0.020 
193   ZFCR11    (0)   :  0.729 0.010 0.031 0.139 0.070 0.008 0.010 0.003 
194   ZFCR12    (0)   :  0.738 0.012 0.020 0.011 0.075 0.116 0.004 0.025 
195   ZFCR13    (0)   :  0.852 0.006 0.104 0.010 0.012 0.008 0.003 0.005 
196   ZFCR14    (0)   :  0.923 0.011 0.007 0.028 0.008 0.005 0.005 0.012 
197   ZFCR15    (0)   :  0.745 0.020 0.028 0.115 0.021 0.005 0.012 0.054 
198   ZFCR16    (0)   :  0.815 0.010 0.026 0.093 0.010 0.003 0.006 0.035 
199   ZFCR18    (0)   :  0.086 0.059 0.031 0.760 0.018 0.018 0.007 0.021 
200   ZFCR19    (0)   :  0.472 0.019 0.041 0.167 0.020 0.006 0.104 0.171 
201   ZFCR20    (0)   :  0.202 0.018 0.164 0.525 0.033 0.005 0.035 0.017 
202   ZFCR21    (0)   :  0.922 0.020 0.013 0.017 0.014 0.003 0.003 0.009 
203   ZFCR22    (0)   :  0.944 0.005 0.011 0.007 0.006 0.003 0.005 0.019 
204   ZFCR23    (0)   :  0.696 0.004 0.156 0.018 0.092 0.004 0.023 0.006 
205   ZFCR24    (9)   :  0.309 0.009 0.531 0.107 0.012 0.004 0.022 0.006 
206   ZFCR25    (0)   :  0.961 0.006 0.004 0.013 0.004 0.003 0.006 0.003 
207   ZFCR26    (0)   :  0.863 0.017 0.017 0.010 0.012 0.004 0.056 0.022 
208   ZFCR27    (9)   :  0.901 0.005 0.003 0.042 0.003 0.003 0.040 0.003 
209   ZFCR28    (0)   :  0.627 0.010 0.193 0.010 0.022 0.021 0.007 0.109 
210   ZFCR29    (0)   :  0.835 0.011 0.018 0.110 0.011 0.002 0.006 0.007 
211   ZFCR30    (0)   :  0.959 0.005 0.005 0.008 0.006 0.005 0.006 0.006 
212   ZFCR31    (0)   :  0.256 0.021 0.122 0.357 0.092 0.045 0.072 0.035 
213   ZFCR33    (0)   :  0.837 0.036 0.008 0.018 0.014 0.007 0.072 0.009 
214   ZFCR34    (0)   :  0.802 0.019 0.037 0.040 0.057 0.011 0.019 0.016 
215   ZFCR35    (0)   :  0.071 0.028 0.010 0.840 0.016 0.012 0.012 0.011 
216   ZFCR36    (0)   :  0.844 0.008 0.009 0.096 0.009 0.015 0.012 0.006 
217   ZFCR37    (0)   :  0.918 0.036 0.004 0.017 0.004 0.004 0.013 0.004 
218   ZFCR38    (0)   :  0.858 0.034 0.006 0.024 0.006 0.006 0.058 0.009 
219   ZFCR39    (0)   :  0.264 0.140 0.077 0.021 0.023 0.003 0.390 0.081 
220   ZFCR40    (0)   :  0.857 0.029 0.012 0.025 0.014 0.004 0.055 0.004 
221   ZFCR41    (0)   :  0.883 0.033 0.008 0.010 0.042 0.011 0.003 0.011 
222   ZFCR42    (0)   :  0.866 0.040 0.023 0.009 0.021 0.010 0.012 0.021 
223   ZFCR43    (0)   :  0.794 0.005 0.116 0.060 0.008 0.005 0.006 0.006 
224  ZFENP25    (0)   :  0.881 0.022 0.012 0.057 0.005 0.003 0.007 0.013 
225  ZFENP26    (0)   :  0.945 0.006 0.002 0.014 0.004 0.003 0.023 0.003 
226  ZFENP27    (0)   :  0.198 0.349 0.015 0.241 0.032 0.055 0.098 0.011 
227  ZFENP28    (0)   :  0.908 0.012 0.004 0.027 0.005 0.009 0.030 0.004 
228  ZFENP29    (0)   :  0.962 0.007 0.004 0.006 0.004 0.004 0.009 0.003 
229  ZFENP30    (0)   :  0.876 0.058 0.005 0.009 0.004 0.009 0.033 0.006 
230  ZFENP31    (0)   :  0.051 0.094 0.011 0.021 0.008 0.013 0.795 0.006 
231  ZFENP32    (0)   :  0.199 0.035 0.027 0.257 0.034 0.038 0.404 0.007 
232  ZFENP33    (0)   :  0.928 0.008 0.005 0.028 0.005 0.005 0.017 0.003 
233  ZFENP34    (0)   :  0.189 0.044 0.013 0.688 0.013 0.025 0.020 0.007 
234  ZFENP35    (0)   :  0.817 0.008 0.010 0.018 0.019 0.015 0.108 0.005 
235  ZFENP36    (0)   :  0.937 0.004 0.003 0.014 0.004 0.011 0.025 0.002 
236  ZFENP37    (0)   :  0.832 0.012 0.006 0.086 0.009 0.010 0.042 0.004 
237  ZFENP38    (0)   :  0.941 0.012 0.005 0.007 0.006 0.016 0.009 0.004 
238  ZFENP39    (0)   :  0.907 0.014 0.003 0.031 0.004 0.004 0.033 0.003 
239  ZFENP40    (0)   :  0.787 0.013 0.009 0.075 0.007 0.007 0.099 0.004 
240  ZFENP41    (0)   :  0.770 0.110 0.006 0.028 0.007 0.010 0.056 0.013 
241  ZFENP42    (0)   :  0.723 0.006 0.003 0.003 0.004 0.003 0.253 0.004 
242  ZFENP43    (0)   :  0.837 0.033 0.005 0.012 0.026 0.062 0.022 0.004 
243  ZFENP44    (0)   :  0.775 0.024 0.006 0.011 0.018 0.021 0.142 0.003 
244  ZFENP45    (0)   :  0.514 0.027 0.022 0.011 0.014 0.009 0.107 0.296 
245  ZFENP46    (0)   :  0.925 0.004 0.009 0.015 0.013 0.008 0.024 0.004 
246  ZFENP47    (0)   :  0.108 0.102 0.015 0.040 0.006 0.004 0.530 0.194 
247  ZFENP48    (0)   :  0.211 0.112 0.036 0.540 0.013 0.016 0.045 0.027 
248  ZFENP49    (0)   :  0.835 0.036 0.016 0.056 0.009 0.006 0.029 0.013 
249  ZFENP50    (0)   :  0.889 0.004 0.032 0.008 0.017 0.005 0.038 0.007 
250  ZFENP51    (0)   :  0.188 0.014 0.004 0.032 0.006 0.009 0.672 0.075 
251  ZFENP52    (0)   :  0.928 0.017 0.004 0.004 0.014 0.020 0.010 0.003 
252  ZFENP53    (0)   :  0.904 0.007 0.022 0.006 0.014 0.012 0.021 0.014 
253  ZFENP54    (0)   :  0.862 0.029 0.048 0.020 0.017 0.005 0.011 0.009 
254  ZFENP55    (0)   :  0.944 0.004 0.005 0.023 0.005 0.004 0.012 0.004 
255  ZFENP56    (0)   :  0.950 0.007 0.003 0.010 0.006 0.007 0.013 0.004 
256  ZFENP57    (0)   :  0.830 0.005 0.005 0.018 0.008 0.014 0.117 0.002 
257  ZFENP58    (0)   :  0.814 0.050 0.008 0.014 0.010 0.013 0.013 0.077 
258  ZFENP59    (0)   :  0.620 0.176 0.005 0.020 0.005 0.006 0.163 0.004 
259  ZFENP60    (0)   :  0.875 0.010 0.007 0.067 0.006 0.005 0.020 0.009 
260  ZFENP61    (0)   :  0.922 0.014 0.003 0.034 0.003 0.004 0.018 0.002 
261 ZFFDSP01    (0)   :  0.004 0.006 0.815 0.006 0.129 0.015 0.003 0.022 
262 ZFFDSP02    (0)   :  0.004 0.005 0.961 0.003 0.015 0.004 0.002 0.006 
263 ZFFDSP04    (0)   :  0.003 0.005 0.940 0.006 0.027 0.003 0.003 0.014 
264 ZFFDSP05    (0)   :  0.005 0.004 0.520 0.004 0.448 0.006 0.003 0.010 
265 ZFFDSP06    (0)   :  0.004 0.006 0.948 0.003 0.021 0.003 0.002 0.012 
266 ZFFDSP07    (0)   :  0.006 0.016 0.932 0.003 0.008 0.005 0.005 0.025 
267 ZFFDSP08    (0)   :  0.006 0.015 0.845 0.003 0.044 0.013 0.004 0.070 
268 ZFFDSP10    (0)   :  0.005 0.005 0.922 0.004 0.040 0.006 0.003 0.014 
269 ZFFDSP11    (0)   :  0.005 0.004 0.919 0.004 0.052 0.004 0.004 0.009 
270 ZFFDSP12    (0)   :  0.004 0.003 0.964 0.003 0.011 0.005 0.003 0.008 
271 ZFFDSP13    (0)   :  0.006 0.007 0.032 0.004 0.931 0.011 0.004 0.005 
272 ZFFDSP14    (0)   :  0.004 0.006 0.957 0.004 0.007 0.004 0.003 0.016 
273 ZFFDSP16    (0)   :  0.008 0.006 0.935 0.008 0.021 0.015 0.004 0.004 
274 ZFFDSP17    (0)   :  0.005 0.006 0.948 0.004 0.020 0.004 0.003 0.010 
275 ZFFDSP18    (0)   :  0.003 0.006 0.956 0.006 0.008 0.005 0.002 0.013 
276 ZFFDSP19    (0)   :  0.004 0.022 0.752 0.006 0.052 0.139 0.003 0.022 
277 ZFFDSP21    (0)   :  0.004 0.018 0.537 0.006 0.347 0.075 0.002 0.010 
278 ZFFDSP22    (0)   :  0.004 0.005 0.907 0.003 0.014 0.004 0.002 0.061 
279 ZFFDSP23    (0)   :  0.004 0.005 0.607 0.003 0.188 0.010 0.002 0.180 
280 ZFFDSP24    (0)   :  0.004 0.006 0.599 0.005 0.363 0.013 0.003 0.007 
281 ZFFDSP26    (9)   :  0.004 0.005 0.721 0.004 0.240 0.007 0.003 0.016 
282 ZFFDSP27    (0)   :  0.003 0.004 0.934 0.006 0.034 0.008 0.003 0.007 
283 ZFFDSP28    (0)   :  0.013 0.013 0.810 0.060 0.067 0.006 0.022 0.008 
284 ZFFDSP30    (0)   :  0.006 0.008 0.321 0.019 0.598 0.033 0.007 0.008 
285 ZFFDSP31    (0)   :  0.004 0.006 0.948 0.004 0.022 0.007 0.002 0.006 
286 ZFFDSP32    (0)   :  0.004 0.004 0.962 0.003 0.014 0.005 0.002 0.006 
287 ZFFDSP33    (0)   :  0.003 0.003 0.950 0.003 0.026 0.005 0.003 0.006 
288 ZFFDSP34    (0)   :  0.003 0.006 0.948 0.003 0.021 0.006 0.002 0.011 
289 ZFFDSP35    (0)   :  0.004 0.005 0.630 0.005 0.341 0.005 0.003 0.008 
290 ZFFDSP37    (0)   :  0.003 0.004 0.948 0.005 0.026 0.006 0.003 0.004 
291 ZFFDSP38    (0)   :  0.003 0.004 0.960 0.005 0.013 0.006 0.003 0.005 
292 ZFFDSP39    (0)   :  0.003 0.003 0.215 0.004 0.758 0.007 0.002 0.008 
293 ZFFDSP40    (0)   :  0.004 0.004 0.494 0.005 0.476 0.009 0.003 0.005 
294 ZFFDSP42    (0)   :  0.004 0.005 0.799 0.004 0.104 0.010 0.002 0.072 
295 ZFFDSP43    (0)   :  0.003 0.004 0.921 0.004 0.045 0.011 0.002 0.009 
296 ZFFDSP44    (0)   :  0.004 0.004 0.781 0.006 0.186 0.012 0.003 0.005 
297 ZFFDSP45    (0)   :  0.004 0.006 0.931 0.005 0.040 0.007 0.002 0.005 
298 ZFFDSP46    (0)   :  0.005 0.006 0.888 0.005 0.072 0.010 0.002 0.012 
299 ZFFDSP47    (0)   :  0.004 0.004 0.243 0.004 0.715 0.013 0.003 0.014 
300 ZFFDSP48    (0)   :  0.004 0.004 0.299 0.004 0.666 0.014 0.003 0.006 
301    ZFI01    (0)   :  0.009 0.009 0.004 0.936 0.005 0.009 0.023 0.004 
302    ZFI02    (0)   :  0.007 0.004 0.005 0.956 0.005 0.010 0.009 0.004 
303    ZFI03    (0)   :  0.006 0.006 0.004 0.964 0.004 0.009 0.005 0.003 
304    ZFI04    (0)   :  0.007 0.005 0.004 0.954 0.005 0.006 0.017 0.003 
305    ZFI05    (0)   :  0.006 0.004 0.005 0.946 0.006 0.025 0.005 0.003 
306    ZFI06    (0)   :  0.008 0.004 0.008 0.892 0.018 0.057 0.010 0.003 
307    ZFI07    (0)   :  0.005 0.005 0.004 0.969 0.004 0.005 0.005 0.003 
308    ZFI08    (0)   :  0.011 0.005 0.004 0.962 0.003 0.004 0.008 0.003 
309    ZFI09    (0)   :  0.006 0.004 0.004 0.964 0.004 0.007 0.008 0.003 
310    ZFI10    (0)   :  0.009 0.004 0.005 0.879 0.008 0.077 0.014 0.004 
311    ZFI11    (0)   :  0.006 0.004 0.003 0.958 0.004 0.008 0.013 0.003 
312    ZFI12    (0)   :  0.006 0.006 0.004 0.957 0.005 0.015 0.004 0.003 
313    ZFI13    (0)   :  0.006 0.006 0.004 0.963 0.005 0.007 0.006 0.003 
314    ZFI14    (0)   :  0.005 0.005 0.010 0.955 0.009 0.007 0.005 0.004 
315    ZFI15    (0)   :  0.005 0.004 0.003 0.971 0.004 0.007 0.004 0.002 
316    ZFI16    (0)   :  0.005 0.004 0.003 0.973 0.004 0.006 0.003 0.002 
317    ZFI17    (0)   :  0.006 0.004 0.003 0.959 0.005 0.012 0.008 0.003 
318    ZFI18    (0)   :  0.005 0.003 0.003 0.968 0.004 0.007 0.007 0.002 
319    ZFI19    (9)   :  0.006 0.004 0.003 0.970 0.004 0.006 0.005 0.002 
320    ZFI20    (0)   :  0.006 0.004 0.005 0.968 0.005 0.005 0.005 0.003 
321    ZFI21    (0)   :  0.005 0.004 0.012 0.941 0.017 0.014 0.005 0.003 
322    ZFI22    (0)   :  0.005 0.006 0.005 0.964 0.004 0.004 0.008 0.004 
323    ZFI23    (0)   :  0.005 0.004 0.003 0.969 0.004 0.008 0.004 0.002 
324    ZFI24    (0)   :  0.007 0.006 0.004 0.960 0.005 0.010 0.004 0.003 
325    ZFI25    (0)   :  0.007 0.005 0.005 0.966 0.004 0.005 0.004 0.004 
326    ZFI26    (0)   :  0.006 0.007 0.004 0.969 0.004 0.005 0.004 0.003 
327    ZFI27    (0)   :  0.008 0.005 0.005 0.927 0.008 0.040 0.005 0.003 
328    ZFK01    (0)   :  0.010 0.933 0.009 0.005 0.010 0.013 0.012 0.007 
329    ZFK02    (0)   :  0.014 0.936 0.008 0.006 0.009 0.013 0.006 0.007 
330    ZFK03    (0)   :  0.010 0.930 0.008 0.006 0.008 0.010 0.022 0.006 
331    ZFK04    (0)   :  0.013 0.872 0.008 0.015 0.006 0.008 0.074 0.005 
332    ZFK05    (0)   :  0.008 0.757 0.005 0.011 0.006 0.012 0.196 0.004 
333    ZFK06    (0)   :  0.016 0.930 0.006 0.018 0.006 0.007 0.013 0.004 
334    ZFK07    (0)   :  0.009 0.926 0.008 0.004 0.010 0.010 0.024 0.009 
335    ZFK08    (0)   :  0.053 0.742 0.012 0.018 0.010 0.005 0.154 0.007 
336    ZFK10    (0)   :  0.012 0.923 0.007 0.016 0.007 0.007 0.022 0.006 
337    ZFK11    (0)   :  0.012 0.904 0.007 0.007 0.008 0.009 0.049 0.004 
338    ZFK12    (0)   :  0.019 0.923 0.011 0.004 0.016 0.005 0.008 0.013 
339    ZFK13    (0)   :  0.015 0.847 0.039 0.004 0.037 0.007 0.038 0.014 
340    ZFK14    (0)   :  0.006 0.930 0.012 0.004 0.013 0.009 0.014 0.012 
341    ZFK15    (0)   :  0.013 0.743 0.049 0.006 0.029 0.010 0.140 0.009 
342    ZFK16    (0)   :  0.010 0.909 0.022 0.003 0.019 0.009 0.016 0.011 
343   ZFLB01    (0)   :  0.005 0.004 0.009 0.006 0.009 0.005 0.959 0.004 
344   ZFLB02    (0)   :  0.035 0.003 0.004 0.030 0.005 0.004 0.915 0.005 
345   ZFLB03    (0)   :  0.026 0.005 0.005 0.009 0.009 0.079 0.861 0.006 
346   ZFLB04    (0)   :  0.005 0.006 0.016 0.009 0.039 0.210 0.710 0.005 
347   ZFLB05    (0)   :  0.005 0.003 0.005 0.008 0.009 0.017 0.948 0.003 
348   ZFLB06    (0)   :  0.006 0.010 0.007 0.004 0.006 0.005 0.957 0.004 
349   ZFLB07    (0)   :  0.038 0.017 0.018 0.005 0.047 0.158 0.706 0.010 
350   ZFLB08    (0)   :  0.024 0.004 0.004 0.021 0.006 0.006 0.931 0.004 
351   ZFLB09    (9)   :  0.005 0.006 0.005 0.005 0.004 0.004 0.968 0.003 
352   ZFLB10    (0)   :  0.004 0.004 0.004 0.005 0.005 0.008 0.968 0.002 
353   ZFLB11    (0)   :  0.007 0.011 0.007 0.003 0.007 0.004 0.951 0.009 
354   ZFLB12    (0)   :  0.005 0.005 0.003 0.004 0.003 0.004 0.973 0.002 
355   ZFLB13    (0)   :  0.024 0.012 0.010 0.006 0.015 0.008 0.921 0.004 
356  ZFLTI01    (0)   :  0.005 0.028 0.019 0.004 0.920 0.010 0.002 0.012 
357  ZFLTI02    (0)   :  0.005 0.065 0.016 0.006 0.856 0.037 0.002 0.012 
358  ZFLTI03    (0)   :  0.004 0.011 0.009 0.004 0.949 0.012 0.002 0.010 
359  ZFLTI04    (0)   :  0.006 0.011 0.011 0.005 0.933 0.025 0.003 0.006 
360  ZFLTI05    (0)   :  0.003 0.007 0.008 0.004 0.950 0.021 0.002 0.004 
361  ZFLTI06    (0)   :  0.003 0.006 0.014 0.004 0.954 0.007 0.003 0.010 
362  ZFLTI07    (0)   :  0.004 0.006 0.011 0.005 0.961 0.007 0.002 0.004 
363  ZFLTI08    (0)   :  0.005 0.006 0.009 0.008 0.941 0.023 0.003 0.005 
364  ZFLTI09    (0)   :  0.005 0.006 0.014 0.006 0.954 0.008 0.002 0.005 
365  ZFLTI10    (0)   :  0.004 0.010 0.018 0.005 0.949 0.006 0.002 0.004 
366  ZFLTI11    (0)   :  0.003 0.008 0.014 0.005 0.940 0.011 0.003 0.016 
367  ZFLTI12    (0)   :  0.004 0.019 0.013 0.004 0.933 0.011 0.002 0.013 
368  ZFLTI13    (0)   :  0.006 0.023 0.010 0.004 0.885 0.057 0.003 0.011 
369  ZFLTI14    (0)   :  0.006 0.092 0.056 0.009 0.619 0.210 0.002 0.006 
370 ZFONF101    (0)   :  0.003 0.002 0.975 0.003 0.006 0.003 0.002 0.006 
371 ZFONF102    (0)   :  0.006 0.003 0.944 0.004 0.005 0.003 0.010 0.024 
372 ZFONF103    (0)   :  0.007 0.015 0.767 0.004 0.127 0.055 0.003 0.022 
373 ZFONF104    (0)   :  0.002 0.004 0.937 0.002 0.019 0.004 0.002 0.030 
374 ZFONF105    (0)   :  0.004 0.005 0.850 0.003 0.026 0.011 0.003 0.098 
375 ZFONF106    (0)   :  0.002 0.003 0.972 0.004 0.005 0.004 0.002 0.007 
376 ZFONF107    (0)   :  0.022 0.017 0.833 0.017 0.038 0.017 0.047 0.008 
377 ZFONF108    (0)   :  0.006 0.018 0.887 0.006 0.040 0.025 0.008 0.009 
378 ZFONF109    (9)   :  0.004 0.017 0.900 0.005 0.031 0.010 0.006 0.028 
379 ZFONF110    (0)   :  0.003 0.005 0.956 0.002 0.010 0.006 0.002 0.016 
380 ZFONF111    (0)   :  0.023 0.009 0.829 0.012 0.085 0.007 0.015 0.020 
381 ZFONF112    (0)   :  0.003 0.006 0.793 0.007 0.013 0.012 0.003 0.164 
382 ZFONF113    (9)   :  0.005 0.006 0.945 0.003 0.018 0.007 0.004 0.010 
383 ZFONF115    (0)   :  0.004 0.006 0.946 0.004 0.010 0.010 0.003 0.015 
384 ZFONF116    (0)   :  0.004 0.006 0.945 0.005 0.008 0.011 0.003 0.018 
385 ZFONF117    (0)   :  0.006 0.011 0.345 0.005 0.537 0.045 0.003 0.048 
386 ZFONF118    (0)   :  0.005 0.009 0.929 0.006 0.022 0.012 0.002 0.015 
387 ZFONF119    (0)   :  0.004 0.009 0.943 0.003 0.009 0.004 0.005 0.022 
388 ZFONF120    (0)   :  0.005 0.026 0.901 0.003 0.016 0.004 0.005 0.040 
389 ZFONF121    (0)   :  0.004 0.005 0.862 0.004 0.016 0.007 0.005 0.098 
390 ZFONF122    (0)   :  0.007 0.022 0.652 0.008 0.282 0.018 0.003 0.008 
391 ZFONF123    (0)   :  0.009 0.006 0.911 0.006 0.007 0.004 0.034 0.025 
392 ZFONF124    (0)   :  0.004 0.009 0.933 0.003 0.016 0.007 0.005 0.023 
393 ZFONF125    (0)   :  0.023 0.034 0.712 0.006 0.047 0.006 0.038 0.134 
394 ZFONF126    (0)   :  0.006 0.013 0.932 0.005 0.020 0.011 0.003 0.010 
395 ZFONF201    (0)   :  0.016 0.042 0.093 0.108 0.064 0.004 0.034 0.640 
396 ZFONF202    (0)   :  0.004 0.010 0.058 0.004 0.011 0.003 0.002 0.909 
397 ZFONF203    (0)   :  0.006 0.007 0.007 0.003 0.006 0.003 0.003 0.964 
398 ZFONF204    (0)   :  0.008 0.031 0.006 0.007 0.009 0.003 0.007 0.928 
399 ZFONF206    (0)   :  0.018 0.009 0.006 0.013 0.005 0.003 0.014 0.932 
400 ZFONF207    (0)   :  0.004 0.004 0.006 0.003 0.006 0.004 0.003 0.968 
401 ZFONF208    (0)   :  0.006 0.010 0.049 0.005 0.042 0.005 0.004 0.879 
402 ZFONF209    (0)   :  0.008 0.026 0.008 0.012 0.010 0.010 0.007 0.918 
403 ZFONF210    (0)   :  0.003 0.004 0.009 0.003 0.011 0.008 0.002 0.960 
404 ZFONF211    (0)   :  0.012 0.013 0.032 0.004 0.023 0.016 0.014 0.886 
405 ZFONF212    (0)   :  0.003 0.003 0.010 0.003 0.013 0.006 0.003 0.960 
406 ZFONF214    (0)   :  0.007 0.007 0.037 0.003 0.011 0.003 0.006 0.926 
407 ZFONF215    (0)   :  0.003 0.004 0.019 0.003 0.007 0.004 0.002 0.958 
408 ZFONF216    (0)   :  0.003 0.004 0.005 0.002 0.005 0.006 0.003 0.971 
409 ZFONF217    (0)   :  0.003 0.005 0.059 0.003 0.007 0.004 0.003 0.915 
410 ZFONF218    (0)   :  0.006 0.003 0.005 0.003 0.006 0.004 0.006 0.966 
411 ZFONF219    (0)   :  0.002 0.003 0.005 0.002 0.004 0.003 0.002 0.979 
412 ZFONF220    (0)   :  0.003 0.006 0.039 0.003 0.005 0.004 0.003 0.936 
413 ZFONF222    (0)   :  0.005 0.004 0.004 0.003 0.004 0.004 0.007 0.970 
414 ZFONF223    (0)   :  0.006 0.003 0.008 0.004 0.004 0.003 0.008 0.963 
415 ZFONF224    (0)   :  0.003 0.003 0.004 0.002 0.004 0.004 0.002 0.978 
416 ZFONF225    (0)   :  0.003 0.003 0.008 0.002 0.005 0.004 0.002 0.973 
417 ZFONF226    (0)   :  0.004 0.006 0.008 0.003 0.006 0.004 0.003 0.965 
418 ZFONF227    (0)   :  0.002 0.003 0.004 0.002 0.004 0.003 0.002 0.979 
419 ZFONF228    (0)   :  0.005 0.005 0.012 0.005 0.009 0.012 0.004 0.949 
420 ZFONF230    (0)   :  0.003 0.004 0.012 0.002 0.010 0.003 0.002 0.963 
421 ZFONF231    (0)   :  0.006 0.007 0.007 0.002 0.008 0.004 0.004 0.962 
422 ZFONF232    (0)   :  0.002 0.003 0.007 0.002 0.004 0.003 0.002 0.976 
423 ZFONF233    (0)   :  0.003 0.004 0.006 0.002 0.004 0.004 0.002 0.974 
424 ZFONF234    (0)   :  0.016 0.011 0.015 0.006 0.023 0.012 0.006 0.912 
425 ZFONF235    (0)   :  0.003 0.004 0.004 0.002 0.003 0.003 0.002 0.979 
426 ZFONF236    (0)   :  0.014 0.020 0.016 0.027 0.013 0.034 0.015 0.860 
427 ZFONF238    (0)   :  0.004 0.005 0.009 0.003 0.007 0.003 0.002 0.967 
428 ZFONF239    (0)   :  0.005 0.010 0.005 0.007 0.003 0.004 0.004 0.962 
429 ZFONF240    (0)   :  0.002 0.005 0.005 0.002 0.005 0.004 0.002 0.976 
430 ZFONF241    (0)   :  0.007 0.005 0.016 0.010 0.011 0.019 0.004 0.929 
431 ZFONF242    (0)   :  0.003 0.005 0.010 0.002 0.006 0.004 0.002 0.969 
432 ZFONF243    (0)   :  0.004 0.004 0.005 0.003 0.010 0.009 0.003 0.962 
433 ZFONF244    (0)   :  0.003 0.005 0.009 0.002 0.005 0.003 0.003 0.970 
434 ZFONF245    (0)   :  0.003 0.005 0.005 0.002 0.010 0.004 0.002 0.969 
435   ZFOS01    (0)   :  0.006 0.912 0.020 0.004 0.040 0.007 0.003 0.008 
436   ZFOS02    (0)   :  0.010 0.868 0.037 0.025 0.032 0.011 0.007 0.009 
437   ZFOS03    (0)   :  0.009 0.925 0.010 0.009 0.015 0.003 0.025 0.005 
438   ZFOS04    (0)   :  0.007 0.772 0.084 0.018 0.097 0.012 0.004 0.006 
439   ZFOS05    (0)   :  0.008 0.884 0.036 0.008 0.036 0.015 0.003 0.011 
440   ZFOS06    (0)   :  0.009 0.913 0.013 0.006 0.015 0.025 0.006 0.015 
441   ZFOS07    (0)   :  0.004 0.955 0.007 0.016 0.006 0.005 0.004 0.004 
442   ZFOS08    (0)   :  0.005 0.916 0.018 0.028 0.014 0.010 0.003 0.006 
443   ZFOS09    (0)   :  0.017 0.747 0.074 0.022 0.116 0.005 0.011 0.009 
444   ZFOS10    (0)   :  0.011 0.929 0.003 0.026 0.005 0.010 0.014 0.002 
445   ZFOS11    (0)   :  0.082 0.663 0.017 0.022 0.118 0.083 0.007 0.008 
446   ZFOS12    (0)   :  0.256 0.566 0.023 0.041 0.040 0.034 0.030 0.009 
447   ZFOS13    (0)   :  0.010 0.929 0.012 0.014 0.018 0.008 0.004 0.004 
448   ZFOS14    (0)   :  0.043 0.725 0.011 0.107 0.053 0.041 0.015 0.007 
449   ZFOS15    (0)   :  0.004 0.970 0.003 0.006 0.004 0.007 0.004 0.003 
450   ZFOS16    (0)   :  0.009 0.861 0.040 0.013 0.039 0.021 0.008 0.010 
451   ZFOS17    (0)   :  0.006 0.961 0.004 0.007 0.005 0.005 0.006 0.006 
452   ZFOS18    (0)   :  0.008 0.951 0.005 0.008 0.007 0.013 0.006 0.003 
453   ZFOS19    (0)   :  0.006 0.968 0.003 0.004 0.006 0.004 0.004 0.005 
454   ZFOS20    (0)   :  0.006 0.951 0.007 0.009 0.006 0.009 0.005 0.007 
455   ZFOS21    (0)   :  0.004 0.929 0.017 0.007 0.022 0.010 0.006 0.004 
456   ZFOS22    (0)   :  0.007 0.956 0.005 0.003 0.010 0.008 0.004 0.006 
457   ZFOS23    (0)   :  0.031 0.767 0.003 0.173 0.003 0.007 0.014 0.002 
458   ZFOS24    (0)   :  0.005 0.964 0.004 0.004 0.006 0.011 0.004 0.003 
459   ZFOS25    (0)   :  0.018 0.470 0.017 0.017 0.379 0.073 0.005 0.020 
460   ZFOS26    (0)   :  0.013 0.404 0.101 0.018 0.424 0.027 0.006 0.007 
461   ZFOS27    (0)   :  0.005 0.909 0.030 0.007 0.017 0.017 0.006 0.008 
462   ZFOS28    (0)   :  0.010 0.923 0.009 0.015 0.015 0.010 0.014 0.004 
463   ZFOS29    (0)   :  0.005 0.934 0.010 0.009 0.008 0.012 0.011 0.010 
464   ZFOS30    (0)   :  0.004 0.957 0.008 0.006 0.009 0.003 0.004 0.008 
465   ZFOS31    (0)   :  0.030 0.833 0.022 0.048 0.028 0.005 0.005 0.029 
466   ZFOS32    (0)   :  0.007 0.910 0.022 0.013 0.026 0.009 0.004 0.008 
467   ZFPB01    (0)   :  0.005 0.004 0.002 0.004 0.003 0.004 0.976 0.003 
468   ZFPB02    (0)   :  0.007 0.004 0.005 0.003 0.007 0.004 0.957 0.013 
469   ZFPB03    (0)   :  0.004 0.007 0.007 0.004 0.007 0.014 0.954 0.004 
470   ZFPB05    (0)   :  0.004 0.003 0.003 0.002 0.004 0.003 0.976 0.005 
471   ZFPB06    (0)   :  0.004 0.006 0.003 0.004 0.003 0.004 0.973 0.003 
472   ZFPB07    (0)   :  0.004 0.004 0.007 0.002 0.006 0.002 0.968 0.007 
473   ZFPB08    (0)   :  0.005 0.007 0.007 0.004 0.005 0.004 0.962 0.006 
474   ZFPB10    (0)   :  0.005 0.004 0.003 0.003 0.005 0.007 0.970 0.003 
475   ZFPB11    (0)   :  0.006 0.005 0.003 0.002 0.004 0.002 0.973 0.004 
476   ZFPB12    (0)   :  0.006 0.004 0.003 0.003 0.004 0.004 0.973 0.004 
477   ZFPB13    (0)   :  0.003 0.003 0.004 0.003 0.005 0.004 0.973 0.004 
478   ZFPB14    (0)   :  0.004 0.004 0.007 0.003 0.006 0.002 0.966 0.008 
479   ZFPB15    (0)   :  0.005 0.005 0.008 0.003 0.006 0.003 0.963 0.007 
480   ZFPB17    (0)   :  0.005 0.004 0.003 0.003 0.003 0.002 0.977 0.003 
481   ZFPB18    (0)   :  0.004 0.004 0.004 0.002 0.004 0.002 0.975 0.004 
482   ZFPB19    (0)   :  0.004 0.007 0.005 0.005 0.004 0.005 0.967 0.004 
483   ZFPB20    (0)   :  0.003 0.003 0.003 0.002 0.003 0.002 0.983 0.002 
484   ZFPB21    (0)   :  0.003 0.004 0.007 0.003 0.004 0.004 0.971 0.004 
485   ZFPB22    (0)   :  0.004 0.003 0.002 0.003 0.002 0.003 0.980 0.002 
486   ZFPB23    (0)   :  0.005 0.004 0.005 0.004 0.004 0.003 0.972 0.004 
487   ZFSF01    (0)   :  0.171 0.005 0.003 0.808 0.003 0.003 0.003 0.002 
488   ZFSF02    (0)   :  0.514 0.017 0.022 0.395 0.030 0.007 0.006 0.008 
489   ZFSF03    (0)   :  0.262 0.005 0.005 0.702 0.004 0.003 0.014 0.003 
490   ZFSF04    (0)   :  0.016 0.015 0.013 0.926 0.009 0.003 0.007 0.011 
491  ZFSW101    (0)   :  0.009 0.007 0.150 0.778 0.031 0.005 0.009 0.011 
492  ZFSW102    (0)   :  0.010 0.018 0.015 0.924 0.006 0.003 0.014 0.009 
493  ZFSW103    (0)   :  0.010 0.006 0.031 0.889 0.031 0.016 0.005 0.013 
494  ZFSW104    (9)   :  0.023 0.031 0.022 0.867 0.024 0.002 0.009 0.020 
495  ZFSW105    (0)   :  0.005 0.007 0.064 0.892 0.012 0.005 0.004 0.012 
496  ZFSW106    (0)   :  0.122 0.006 0.025 0.734 0.017 0.013 0.021 0.061 
497  ZFSW107    (0)   :  0.008 0.008 0.013 0.893 0.006 0.003 0.062 0.007 
498  ZFSW108    (0)   :  0.008 0.005 0.003 0.966 0.003 0.003 0.009 0.003 
499  ZFSW109    (0)   :  0.004 0.006 0.005 0.958 0.005 0.006 0.007 0.008 
500  ZFSW110    (0)   :  0.010 0.009 0.040 0.878 0.021 0.008 0.014 0.020 
501  ZFSW111    (0)   :  0.010 0.034 0.318 0.552 0.019 0.004 0.047 0.017 
502  ZFSW112    (0)   :  0.008 0.042 0.027 0.901 0.008 0.005 0.005 0.005 
503  ZFSW113    (0)   :  0.073 0.016 0.098 0.719 0.074 0.005 0.008 0.007 
