

----------------------------------------------------
STRUCTURE by Pritchard, Stephens and Donnelly (2000)
     and Falush, Stephens and Pritchard (2003)
       Code by Pritchard, Falush and Hubisz
             Version 2.3.4 (Jul 2012)
----------------------------------------------------



Command line arguments:   bin\structure -m C:\Users\eschumacher\Documents\GitHub\GCC_QUAC_ZAIN\Data_Files\Structure_Files\ZAIN\ZAIN_wild_rebinned_nopopinfo\50-50\mainparams -e C:\Users\eschumacher\Documents\GitHub\GCC_QUAC_ZAIN\Data_Files\Structure_Files\ZAIN\ZAIN_wild_rebinned_nopopinfo\50-50\extraparams 
Input File:    C:\Users\eschumacher\Documents\GitHub\GCC_QUAC_ZAIN\Data_Files\Structure_Files\ZAIN\ZAIN_wild_rebinned_nopopinfo\project_data

Run parameters:
   751 individuals
   11 loci
   14 populations assumed
   50000 Burn-in period
   50000 Reps


--------------------------------------------
Overall proportion of membership of the
sample in each of the 14 clusters

Inferred Clusters
  1      2      3      4      5      6      7      8      9     10     11     12     13     14    
0.067  0.053  0.059  0.093  0.070  0.099  0.086  0.051  0.100  0.081  0.075  0.071  0.061  0.033  

--------------------------------------------

Allele-freq. divergence among pops (Net nucleotide distance),
computed using point estimates of P.

      1       2       3       4       5       6       7       8       9      10      11      12      13      14      
 1      -    0.2351  0.3761  0.1332  0.2544  0.3045  0.2040  0.4536  0.2067  0.3064  0.2673  0.2767  0.2985  0.2474  
 2   0.2351     -    0.3062  0.1095  0.1958  0.2735  0.2131  0.3971  0.2009  0.2836  0.0731  0.0909  0.1128  0.2025  
 3   0.3761  0.3062     -    0.3085  0.2214  0.1473  0.2707  0.2208  0.1381  0.1667  0.2896  0.3512  0.3612  0.2398  
 4   0.1332  0.1095  0.3085     -    0.1228  0.2672  0.1747  0.3758  0.1606  0.2741  0.0754  0.0766  0.1366  0.1942  
 5   0.2544  0.1958  0.2214  0.1228     -    0.2080  0.1819  0.3605  0.1063  0.1908  0.1445  0.2074  0.1797  0.1866  
 6   0.3045  0.2735  0.1473  0.2672  0.2080     -    0.2190  0.3093  0.1274  0.0944  0.2583  0.2724  0.3735  0.2647  
 7   0.2040  0.2131  0.2707  0.1747  0.1819  0.2190     -    0.3552  0.1471  0.1823  0.2146  0.2732  0.2123  0.2013  
 8   0.4536  0.3971  0.2208  0.3758  0.3605  0.3093  0.3552     -    0.1870  0.3566  0.3634  0.4280  0.4658  0.3244  
 9   0.2067  0.2009  0.1381  0.1606  0.1063  0.1274  0.1471  0.1870     -    0.1131  0.1943  0.2378  0.2721  0.1611  
10   0.3064  0.2836  0.1667  0.2741  0.1908  0.0944  0.1823  0.3566  0.1131     -    0.2596  0.3077  0.3807  0.2747  
11   0.2673  0.0731  0.2896  0.0754  0.1445  0.2583  0.2146  0.3634  0.1943  0.2596     -    0.0409  0.1283  0.2013  
12   0.2767  0.0909  0.3512  0.0766  0.2074  0.2724  0.2732  0.4280  0.2378  0.3077  0.0409     -    0.1675  0.2675  
13   0.2985  0.1128  0.3612  0.1366  0.1797  0.3735  0.2123  0.4658  0.2721  0.3807  0.1283  0.1675     -    0.2861  
14   0.2474  0.2025  0.2398  0.1942  0.1866  0.2647  0.2013  0.3244  0.1611  0.2747  0.2013  0.2675  0.2861     -    

Average distances (expected heterozygosity) between individuals in same cluster:
cluster  1  : 0.2235 
cluster  2  : 0.4010 
cluster  3  : 0.3787 
cluster  4  : 0.4257 
cluster  5  : 0.4339 
cluster  6  : 0.4804 
cluster  7  : 0.3886 
cluster  8  : 0.2506 
cluster  9  : 0.5536 
cluster 10  : 0.3368 
cluster 11  : 0.3884 
cluster 12  : 0.3148 
cluster 13  : 0.3582 
cluster 14  : 0.2398 

--------------------------------------------
Estimated Ln Prob of Data   = -13077.2
Mean value of ln likelihood = -12531.3
Variance of ln likelihood   = 1091.7
Mean value of alpha         = 0.0327

Mean value of Fst_1         = 0.6591
Mean value of Fst_2         = 0.3756
Mean value of Fst_3         = 0.5578
Mean value of Fst_4         = 0.4125
Mean value of Fst_5         = 0.3551
Mean value of Fst_6         = 0.4363
Mean value of Fst_7         = 0.4148
Mean value of Fst_8         = 0.6414
Mean value of Fst_9         = 0.1396
Mean value of Fst_10         = 0.4863
Mean value of Fst_11         = 0.3728
Mean value of Fst_12         = 0.4875
Mean value of Fst_13         = 0.4373
Mean value of Fst_14         = 0.6428


Inferred ancestry of individuals:
        Label (%Miss) :  Inferred clusters
  1    ZFB01    (0)   :  0.003 0.003 0.006 0.003 0.003 0.947 0.004 0.005 0.003 0.009 0.004 0.004 0.003 0.002 
  2    ZFB02    (0)   :  0.002 0.003 0.058 0.002 0.004 0.868 0.010 0.013 0.008 0.013 0.004 0.003 0.003 0.007 
  3    ZFB03    (0)   :  0.021 0.005 0.008 0.014 0.010 0.865 0.006 0.003 0.019 0.019 0.008 0.014 0.003 0.005 
  4    ZFB04    (0)   :  0.002 0.003 0.030 0.003 0.003 0.908 0.006 0.013 0.006 0.007 0.006 0.004 0.003 0.008 
  5    ZFB05    (0)   :  0.010 0.003 0.052 0.005 0.019 0.697 0.008 0.097 0.040 0.010 0.004 0.002 0.010 0.042 
  6    ZFB06    (0)   :  0.010 0.003 0.025 0.005 0.018 0.774 0.008 0.071 0.037 0.009 0.004 0.002 0.010 0.022 
  7    ZFB07    (9)   :  0.005 0.005 0.007 0.006 0.012 0.778 0.004 0.014 0.043 0.096 0.006 0.010 0.006 0.007 
  8    ZFB08    (0)   :  0.005 0.009 0.012 0.007 0.025 0.869 0.006 0.002 0.006 0.026 0.008 0.008 0.007 0.010 
  9    ZFB09    (0)   :  0.003 0.003 0.005 0.003 0.005 0.952 0.004 0.003 0.004 0.008 0.003 0.003 0.002 0.003 
 10    ZFB10    (0)   :  0.002 0.007 0.007 0.006 0.005 0.908 0.004 0.004 0.004 0.004 0.012 0.025 0.005 0.006 
 11    ZFB11    (0)   :  0.002 0.004 0.006 0.003 0.003 0.939 0.004 0.013 0.003 0.005 0.004 0.006 0.003 0.005 
 12    ZFB12    (0)   :  0.005 0.004 0.023 0.005 0.020 0.880 0.004 0.021 0.012 0.005 0.008 0.006 0.003 0.003 
 13    ZFB13    (0)   :  0.005 0.011 0.012 0.008 0.012 0.892 0.004 0.003 0.006 0.007 0.010 0.011 0.006 0.013 
 14    ZFB14    (0)   :  0.003 0.004 0.004 0.003 0.003 0.948 0.005 0.003 0.004 0.006 0.004 0.005 0.003 0.005 
 15    ZFB15    (0)   :  0.002 0.002 0.010 0.002 0.003 0.950 0.003 0.007 0.004 0.006 0.003 0.003 0.002 0.003 
 16    ZFB16    (0)   :  0.003 0.005 0.016 0.005 0.007 0.916 0.003 0.004 0.005 0.005 0.007 0.009 0.004 0.011 
 17    ZFB17    (0)   :  0.002 0.004 0.009 0.008 0.024 0.845 0.013 0.021 0.008 0.007 0.013 0.007 0.009 0.030 
 18    ZFB18    (0)   :  0.002 0.003 0.003 0.002 0.003 0.959 0.004 0.003 0.003 0.005 0.003 0.004 0.002 0.003 
 19    ZFB19    (0)   :  0.006 0.013 0.009 0.020 0.051 0.652 0.004 0.005 0.074 0.051 0.031 0.065 0.012 0.005 
 20    ZFB20    (0)   :  0.003 0.005 0.030 0.005 0.008 0.880 0.003 0.016 0.006 0.006 0.008 0.007 0.004 0.019 
 21    ZFB21    (0)   :  0.004 0.003 0.008 0.003 0.003 0.948 0.003 0.006 0.005 0.006 0.002 0.003 0.002 0.004 
 22    ZFB22    (0)   :  0.002 0.004 0.020 0.009 0.010 0.885 0.007 0.020 0.008 0.005 0.009 0.009 0.008 0.005 
 23    ZFB23    (0)   :  0.003 0.004 0.006 0.003 0.003 0.937 0.004 0.016 0.004 0.003 0.004 0.006 0.002 0.006 
 24    ZFB24    (0)   :  0.003 0.004 0.011 0.003 0.003 0.927 0.003 0.019 0.004 0.005 0.005 0.005 0.003 0.007 
 25    ZFB25    (0)   :  0.003 0.005 0.003 0.004 0.003 0.935 0.004 0.005 0.003 0.004 0.007 0.018 0.003 0.003 
 26    ZFB26    (0)   :  0.003 0.007 0.007 0.004 0.003 0.896 0.004 0.033 0.005 0.004 0.008 0.012 0.003 0.011 
 27    ZFB27    (0)   :  0.002 0.004 0.007 0.003 0.002 0.893 0.003 0.061 0.004 0.005 0.004 0.006 0.002 0.003 
 28    ZFB28    (0)   :  0.005 0.004 0.012 0.005 0.010 0.772 0.007 0.136 0.020 0.005 0.007 0.005 0.003 0.011 
 29    ZFB29    (0)   :  0.002 0.003 0.008 0.002 0.003 0.941 0.005 0.009 0.005 0.005 0.003 0.003 0.002 0.009 
 30    ZFB30    (0)   :  0.007 0.004 0.009 0.005 0.016 0.632 0.003 0.218 0.061 0.022 0.004 0.004 0.012 0.005 
 31    ZFB31    (0)   :  0.003 0.005 0.004 0.005 0.003 0.925 0.004 0.006 0.004 0.007 0.008 0.018 0.003 0.003 
 32    ZFB32    (0)   :  0.007 0.007 0.017 0.009 0.026 0.767 0.018 0.069 0.022 0.007 0.015 0.009 0.004 0.022 
 33    ZFB33    (0)   :  0.003 0.002 0.009 0.002 0.003 0.953 0.003 0.005 0.004 0.005 0.003 0.003 0.002 0.003 
 34    ZFB34    (0)   :  0.003 0.003 0.005 0.003 0.004 0.938 0.006 0.003 0.004 0.017 0.004 0.004 0.003 0.004 
 35    ZFB35    (0)   :  0.004 0.004 0.010 0.004 0.004 0.923 0.005 0.005 0.005 0.015 0.006 0.006 0.003 0.006 
 36  ZFBP101    (0)   :  0.016 0.054 0.010 0.219 0.011 0.009 0.062 0.003 0.008 0.005 0.325 0.140 0.043 0.097 
 37  ZFBP102    (0)   :  0.005 0.133 0.015 0.232 0.008 0.014 0.009 0.003 0.011 0.006 0.351 0.166 0.015 0.033 
 38  ZFBP103    (0)   :  0.031 0.009 0.008 0.489 0.007 0.007 0.115 0.003 0.007 0.004 0.068 0.196 0.011 0.045 
 39  ZFBP104    (0)   :  0.008 0.023 0.010 0.254 0.030 0.017 0.004 0.003 0.014 0.024 0.030 0.570 0.008 0.005 
 40  ZFBP105    (0)   :  0.018 0.372 0.005 0.076 0.009 0.006 0.006 0.005 0.007 0.006 0.171 0.304 0.006 0.008 
 41  ZFBP106    (0)   :  0.019 0.105 0.003 0.042 0.005 0.003 0.007 0.003 0.003 0.003 0.171 0.610 0.011 0.013 
 42  ZFBP107    (0)   :  0.019 0.167 0.008 0.144 0.009 0.008 0.008 0.039 0.015 0.005 0.036 0.487 0.004 0.051 
 43  ZFBP108    (0)   :  0.007 0.055 0.003 0.010 0.003 0.003 0.003 0.003 0.003 0.004 0.130 0.766 0.006 0.005 
 44  ZFBP109    (0)   :  0.006 0.196 0.002 0.048 0.004 0.003 0.005 0.002 0.004 0.012 0.565 0.141 0.007 0.004 
 45  ZFBP110    (0)   :  0.080 0.042 0.009 0.147 0.010 0.043 0.022 0.003 0.029 0.010 0.514 0.051 0.005 0.035 
 46  ZFBP111    (0)   :  0.010 0.048 0.002 0.227 0.012 0.003 0.005 0.004 0.004 0.003 0.368 0.175 0.134 0.004 
 47  ZFBP112    (0)   :  0.008 0.013 0.004 0.010 0.006 0.003 0.007 0.005 0.003 0.004 0.877 0.028 0.025 0.009 
 48  ZFBP113    (0)   :  0.003 0.005 0.003 0.008 0.006 0.003 0.003 0.004 0.004 0.003 0.285 0.665 0.004 0.004 
 49  ZFBP114    (0)   :  0.005 0.758 0.003 0.067 0.003 0.003 0.004 0.007 0.005 0.004 0.054 0.070 0.005 0.010 
 50  ZFBP115    (0)   :  0.016 0.055 0.003 0.812 0.007 0.002 0.009 0.004 0.004 0.002 0.033 0.032 0.013 0.008 
 51  ZFBP116    (0)   :  0.006 0.016 0.003 0.019 0.007 0.002 0.004 0.005 0.004 0.003 0.213 0.704 0.006 0.006 
 52  ZFBP117    (0)   :  0.010 0.254 0.002 0.023 0.005 0.003 0.013 0.002 0.005 0.005 0.099 0.560 0.009 0.008 
 53  ZFBP118    (0)   :  0.004 0.451 0.004 0.046 0.003 0.004 0.004 0.013 0.007 0.003 0.070 0.359 0.011 0.020 
 54  ZFBP119    (0)   :  0.017 0.559 0.003 0.245 0.024 0.003 0.026 0.002 0.005 0.004 0.035 0.044 0.022 0.012 
 55  ZFBP120    (0)   :  0.019 0.192 0.005 0.094 0.011 0.006 0.005 0.006 0.008 0.008 0.155 0.479 0.005 0.007 
 56  ZFBP121    (0)   :  0.008 0.362 0.003 0.018 0.005 0.005 0.009 0.003 0.005 0.007 0.378 0.181 0.005 0.009 
 57  ZFBP122    (9)   :  0.007 0.032 0.004 0.023 0.007 0.003 0.004 0.003 0.004 0.004 0.453 0.442 0.010 0.006 
 58  ZFBP123    (0)   :  0.006 0.008 0.003 0.010 0.006 0.002 0.006 0.005 0.004 0.004 0.898 0.023 0.009 0.017 
 59  ZFBP124    (0)   :  0.005 0.304 0.004 0.025 0.004 0.005 0.006 0.005 0.004 0.022 0.466 0.134 0.006 0.010 
 60  ZFBP125    (0)   :  0.009 0.124 0.002 0.027 0.004 0.002 0.007 0.003 0.003 0.002 0.031 0.761 0.018 0.006 
 61  ZFBP126    (0)   :  0.003 0.009 0.014 0.013 0.014 0.009 0.013 0.003 0.014 0.004 0.295 0.584 0.006 0.018 
 62  ZFBP127    (0)   :  0.096 0.049 0.002 0.113 0.003 0.003 0.019 0.003 0.005 0.004 0.564 0.126 0.005 0.008 
 63  ZFBP128    (0)   :  0.019 0.010 0.002 0.019 0.004 0.003 0.023 0.002 0.002 0.004 0.100 0.768 0.034 0.009 
 64  ZFBP129    (0)   :  0.009 0.267 0.003 0.009 0.006 0.004 0.011 0.003 0.006 0.011 0.196 0.329 0.137 0.010 
 65  ZFBP130    (0)   :  0.015 0.080 0.003 0.045 0.009 0.002 0.032 0.004 0.003 0.002 0.114 0.606 0.074 0.011 
 66  ZFBP131    (0)   :  0.003 0.050 0.003 0.005 0.005 0.003 0.003 0.003 0.004 0.004 0.351 0.558 0.005 0.003 
 67  ZFBP132    (0)   :  0.025 0.246 0.002 0.021 0.003 0.005 0.004 0.004 0.004 0.003 0.345 0.329 0.004 0.004 
 68  ZFBP133    (0)   :  0.003 0.008 0.002 0.007 0.005 0.003 0.007 0.002 0.002 0.003 0.667 0.257 0.030 0.003 
 69  ZFBP134    (0)   :  0.013 0.011 0.003 0.662 0.009 0.003 0.023 0.003 0.003 0.003 0.203 0.050 0.011 0.003 
 70  ZFBP135    (0)   :  0.023 0.051 0.007 0.035 0.006 0.012 0.190 0.002 0.007 0.007 0.166 0.413 0.013 0.069 
 71  ZFBP136    (0)   :  0.018 0.034 0.003 0.068 0.006 0.003 0.029 0.006 0.004 0.003 0.646 0.049 0.027 0.104 
 72  ZFBP201    (0)   :  0.007 0.006 0.004 0.007 0.004 0.004 0.003 0.004 0.004 0.004 0.932 0.014 0.003 0.004 
 73  ZFBP202    (0)   :  0.016 0.114 0.003 0.044 0.007 0.006 0.005 0.003 0.005 0.012 0.336 0.430 0.012 0.007 
 74  ZFBP203    (0)   :  0.005 0.013 0.018 0.010 0.021 0.006 0.004 0.041 0.018 0.005 0.793 0.049 0.011 0.006 
 75  ZFBP204    (0)   :  0.022 0.388 0.004 0.140 0.011 0.003 0.017 0.007 0.006 0.005 0.229 0.095 0.025 0.046 
 76  ZFBP205    (0)   :  0.003 0.137 0.003 0.024 0.005 0.002 0.006 0.004 0.003 0.003 0.786 0.012 0.006 0.007 
 77  ZFBP206    (0)   :  0.005 0.006 0.004 0.006 0.007 0.003 0.005 0.004 0.003 0.004 0.918 0.013 0.010 0.013 
 78  ZFBP207    (0)   :  0.128 0.599 0.003 0.152 0.006 0.004 0.014 0.006 0.005 0.005 0.053 0.009 0.008 0.008 
 79  ZFBP208    (0)   :  0.003 0.006 0.004 0.005 0.007 0.002 0.004 0.006 0.004 0.003 0.936 0.009 0.004 0.006 
 80  ZFBP209    (0)   :  0.003 0.023 0.002 0.007 0.005 0.002 0.007 0.002 0.002 0.003 0.781 0.114 0.046 0.003 
 81  ZFBP210    (0)   :  0.006 0.006 0.004 0.006 0.006 0.003 0.003 0.005 0.004 0.003 0.936 0.008 0.005 0.004 
 82  ZFBP211    (0)   :  0.011 0.618 0.004 0.012 0.005 0.006 0.005 0.003 0.004 0.007 0.108 0.205 0.005 0.008 
 83  ZFBP212    (0)   :  0.068 0.059 0.003 0.085 0.004 0.008 0.003 0.004 0.004 0.005 0.255 0.494 0.006 0.003 
 84  ZFBP213    (0)   :  0.012 0.012 0.005 0.009 0.008 0.004 0.008 0.003 0.005 0.009 0.869 0.028 0.007 0.022 
 85  ZFBP214    (0)   :  0.023 0.010 0.003 0.014 0.021 0.004 0.024 0.003 0.006 0.009 0.838 0.009 0.022 0.014 
 86  ZFBP215    (0)   :  0.007 0.020 0.003 0.007 0.004 0.003 0.006 0.003 0.003 0.004 0.466 0.461 0.007 0.005 
 87  ZFBP216    (0)   :  0.006 0.041 0.005 0.027 0.019 0.004 0.005 0.006 0.007 0.005 0.769 0.095 0.005 0.006 
 88  ZFBP217    (0)   :  0.029 0.015 0.003 0.041 0.016 0.004 0.006 0.005 0.005 0.004 0.769 0.018 0.082 0.004 
 89  ZFBP218    (0)   :  0.004 0.248 0.003 0.040 0.006 0.002 0.004 0.003 0.003 0.007 0.489 0.172 0.015 0.003 
 90  ZFBP219    (0)   :  0.003 0.007 0.003 0.009 0.005 0.002 0.003 0.004 0.004 0.003 0.412 0.538 0.004 0.003 
 91  ZFBP220    (0)   :  0.015 0.025 0.003 0.083 0.006 0.003 0.019 0.003 0.003 0.003 0.561 0.234 0.033 0.008 
 92  ZFBP221    (0)   :  0.010 0.118 0.003 0.493 0.005 0.004 0.003 0.004 0.003 0.005 0.237 0.106 0.008 0.002 
 93  ZFBP222    (0)   :  0.003 0.008 0.004 0.005 0.006 0.003 0.005 0.004 0.004 0.004 0.901 0.045 0.005 0.004 
 94  ZFBP223    (0)   :  0.245 0.105 0.003 0.071 0.005 0.008 0.007 0.005 0.006 0.006 0.474 0.047 0.009 0.008 
 95  ZFBP224    (0)   :  0.005 0.009 0.003 0.009 0.005 0.003 0.004 0.004 0.005 0.006 0.912 0.022 0.004 0.009 
 96  ZFBP225    (0)   :  0.026 0.020 0.004 0.240 0.012 0.003 0.010 0.010 0.006 0.003 0.268 0.126 0.264 0.008 
 97  ZFBP226    (0)   :  0.005 0.100 0.004 0.011 0.005 0.003 0.003 0.004 0.004 0.003 0.596 0.252 0.005 0.004 
 98  ZFBP227    (0)   :  0.011 0.064 0.011 0.170 0.120 0.010 0.007 0.004 0.032 0.021 0.340 0.193 0.007 0.011 
 99  ZFBP228    (0)   :  0.090 0.241 0.003 0.318 0.004 0.005 0.021 0.003 0.005 0.005 0.102 0.191 0.008 0.005 
100  ZFBP229    (0)   :  0.006 0.076 0.003 0.023 0.007 0.002 0.007 0.004 0.004 0.003 0.193 0.643 0.028 0.003 
101  ZFBP230    (0)   :  0.010 0.046 0.002 0.081 0.008 0.003 0.024 0.003 0.004 0.003 0.725 0.058 0.025 0.008 
102  ZFBP231    (0)   :  0.008 0.784 0.005 0.022 0.009 0.006 0.005 0.005 0.007 0.010 0.063 0.050 0.005 0.022 
103  ZFBP232    (0)   :  0.004 0.515 0.003 0.010 0.004 0.003 0.004 0.003 0.003 0.003 0.179 0.257 0.007 0.005 
104  ZFBP233    (0)   :  0.008 0.071 0.004 0.025 0.010 0.006 0.004 0.003 0.005 0.009 0.728 0.096 0.021 0.010 
105   ZFCC01    (0)   :  0.005 0.003 0.007 0.003 0.004 0.005 0.925 0.004 0.004 0.019 0.006 0.004 0.004 0.007 
106   ZFCC03    (0)   :  0.009 0.003 0.003 0.004 0.003 0.003 0.944 0.003 0.003 0.007 0.004 0.004 0.004 0.005 
107   ZFCC04    (0)   :  0.006 0.003 0.004 0.004 0.005 0.004 0.932 0.004 0.004 0.007 0.005 0.003 0.006 0.012 
108   ZFCC05    (0)   :  0.017 0.005 0.005 0.007 0.007 0.005 0.865 0.005 0.006 0.012 0.009 0.005 0.007 0.046 
109   ZFCC08    (0)   :  0.005 0.013 0.003 0.009 0.008 0.002 0.893 0.002 0.003 0.009 0.015 0.007 0.021 0.009 
110   ZFCC09    (0)   :  0.007 0.006 0.004 0.003 0.003 0.003 0.942 0.003 0.004 0.009 0.003 0.003 0.004 0.007 
111   ZFCC10    (0)   :  0.004 0.004 0.005 0.003 0.003 0.004 0.912 0.003 0.004 0.038 0.005 0.003 0.004 0.008 
112   ZFCC11    (0)   :  0.013 0.004 0.004 0.004 0.004 0.004 0.925 0.003 0.005 0.011 0.006 0.005 0.004 0.009 
113   ZFCC12    (0)   :  0.008 0.004 0.142 0.008 0.009 0.007 0.721 0.004 0.015 0.025 0.007 0.007 0.007 0.036 
114   ZFCC13    (0)   :  0.009 0.006 0.005 0.012 0.011 0.004 0.898 0.010 0.005 0.005 0.013 0.008 0.007 0.008 
115   ZFCC14    (0)   :  0.005 0.007 0.005 0.004 0.004 0.008 0.895 0.006 0.006 0.009 0.011 0.009 0.007 0.025 
116   ZFCC15    (0)   :  0.004 0.003 0.005 0.004 0.008 0.004 0.940 0.005 0.005 0.005 0.005 0.003 0.004 0.005 
117   ZFCC16    (0)   :  0.004 0.003 0.005 0.003 0.005 0.005 0.936 0.004 0.004 0.006 0.004 0.003 0.004 0.015 
118   ZFCC17    (0)   :  0.006 0.003 0.011 0.003 0.004 0.006 0.890 0.008 0.005 0.006 0.003 0.003 0.003 0.047 
119   ZFCC18    (0)   :  0.008 0.003 0.005 0.004 0.004 0.003 0.932 0.004 0.003 0.010 0.006 0.004 0.006 0.008 
120   ZFCC19    (0)   :  0.003 0.003 0.006 0.003 0.007 0.005 0.937 0.008 0.006 0.003 0.003 0.003 0.003 0.010 
121   ZFCC20    (0)   :  0.008 0.003 0.005 0.006 0.007 0.004 0.932 0.003 0.005 0.004 0.004 0.003 0.005 0.010 
122   ZFCC21    (0)   :  0.003 0.008 0.004 0.013 0.050 0.006 0.705 0.007 0.007 0.006 0.131 0.021 0.026 0.013 
123   ZFCC22    (0)   :  0.007 0.037 0.004 0.082 0.007 0.003 0.543 0.005 0.004 0.019 0.200 0.041 0.039 0.009 
124   ZFCC26    (0)   :  0.004 0.003 0.005 0.003 0.005 0.004 0.945 0.003 0.004 0.005 0.004 0.003 0.004 0.009 
125   ZFCC27    (0)   :  0.007 0.003 0.003 0.003 0.003 0.003 0.951 0.003 0.004 0.005 0.003 0.003 0.003 0.005 
126   ZFCC29    (0)   :  0.005 0.004 0.006 0.005 0.008 0.008 0.914 0.003 0.005 0.006 0.005 0.003 0.006 0.019 
127   ZFCC30    (0)   :  0.012 0.004 0.003 0.004 0.004 0.003 0.941 0.003 0.004 0.004 0.004 0.003 0.005 0.007 
128   ZFCC32    (0)   :  0.006 0.005 0.010 0.006 0.010 0.004 0.918 0.007 0.006 0.007 0.005 0.003 0.006 0.010 
129   ZFCC33    (0)   :  0.008 0.004 0.004 0.004 0.005 0.009 0.596 0.004 0.008 0.009 0.005 0.004 0.004 0.336 
130   ZFCC34    (0)   :  0.074 0.065 0.029 0.031 0.007 0.022 0.573 0.009 0.006 0.022 0.053 0.048 0.017 0.044 
131   ZFCC35    (0)   :  0.003 0.005 0.003 0.004 0.004 0.002 0.952 0.004 0.003 0.004 0.003 0.003 0.004 0.007 
132   ZFCC36    (0)   :  0.004 0.005 0.007 0.009 0.017 0.004 0.881 0.018 0.005 0.005 0.015 0.007 0.010 0.011 
133   ZFCC37    (0)   :  0.008 0.006 0.095 0.010 0.011 0.008 0.732 0.006 0.019 0.043 0.014 0.008 0.006 0.033 
134   ZFCC40    (0)   :  0.003 0.004 0.004 0.003 0.003 0.005 0.922 0.012 0.004 0.008 0.008 0.006 0.003 0.014 
135   ZFCC42    (0)   :  0.053 0.005 0.198 0.012 0.006 0.035 0.058 0.075 0.027 0.008 0.008 0.003 0.007 0.506 
136   ZFCC44    (0)   :  0.009 0.004 0.003 0.004 0.003 0.003 0.939 0.008 0.004 0.003 0.003 0.003 0.003 0.013 
137   ZFCC45    (9)   :  0.009 0.004 0.012 0.005 0.008 0.008 0.843 0.019 0.015 0.021 0.006 0.005 0.003 0.041 
138   ZFCC46    (0)   :  0.008 0.011 0.003 0.022 0.008 0.004 0.859 0.004 0.004 0.003 0.015 0.010 0.034 0.016 
139   ZFCC47    (0)   :  0.006 0.008 0.060 0.006 0.005 0.005 0.848 0.004 0.005 0.029 0.005 0.003 0.007 0.008 
140   ZFCC48    (0)   :  0.004 0.009 0.004 0.011 0.013 0.006 0.786 0.004 0.005 0.005 0.081 0.020 0.037 0.015 
141   ZFCC50    (0)   :  0.003 0.003 0.005 0.003 0.004 0.004 0.948 0.004 0.004 0.004 0.003 0.003 0.003 0.009 
142   ZFCC51    (0)   :  0.008 0.004 0.003 0.003 0.003 0.004 0.952 0.002 0.003 0.005 0.003 0.003 0.003 0.005 
143   ZFCC52    (0)   :  0.006 0.012 0.007 0.011 0.008 0.004 0.846 0.008 0.004 0.005 0.023 0.011 0.015 0.040 
144   ZFCC53    (0)   :  0.006 0.003 0.003 0.003 0.003 0.003 0.954 0.003 0.003 0.004 0.003 0.003 0.003 0.005 
145  ZFCNS01    (0)   :  0.817 0.004 0.010 0.035 0.045 0.002 0.007 0.028 0.027 0.003 0.008 0.006 0.003 0.003 
146  ZFCNS02    (0)   :  0.957 0.005 0.002 0.004 0.003 0.002 0.005 0.002 0.003 0.003 0.003 0.003 0.004 0.004 
147  ZFCNS05    (0)   :  0.930 0.007 0.003 0.008 0.005 0.005 0.007 0.002 0.003 0.005 0.007 0.006 0.005 0.006 
148  ZFCNS06    (0)   :  0.955 0.004 0.002 0.004 0.003 0.003 0.005 0.002 0.003 0.003 0.004 0.004 0.005 0.003 
149  ZFCNS07    (0)   :  0.941 0.010 0.002 0.006 0.003 0.003 0.003 0.002 0.003 0.003 0.005 0.006 0.010 0.003 
150  ZFCNS10    (0)   :  0.926 0.007 0.002 0.019 0.003 0.003 0.004 0.005 0.003 0.002 0.007 0.009 0.005 0.003 
151  ZFCNS11    (0)   :  0.896 0.004 0.008 0.020 0.019 0.002 0.007 0.012 0.011 0.003 0.007 0.005 0.004 0.003 
152  ZFCNS15    (0)   :  0.868 0.012 0.003 0.044 0.004 0.004 0.003 0.002 0.004 0.003 0.009 0.032 0.007 0.006 
153  ZFCNS17    (0)   :  0.955 0.005 0.002 0.004 0.003 0.002 0.006 0.002 0.003 0.003 0.004 0.004 0.004 0.004 
154  ZFCNS18    (0)   :  0.924 0.006 0.002 0.021 0.003 0.003 0.005 0.005 0.003 0.003 0.008 0.011 0.004 0.003 
155  ZFCNS19    (0)   :  0.961 0.003 0.002 0.004 0.003 0.003 0.004 0.002 0.003 0.003 0.003 0.003 0.003 0.003 
156  ZFCNS20    (0)   :  0.905 0.013 0.003 0.013 0.004 0.003 0.004 0.002 0.003 0.003 0.009 0.013 0.017 0.008 
157  ZFCNS21    (0)   :  0.961 0.003 0.002 0.006 0.002 0.003 0.004 0.002 0.003 0.003 0.003 0.003 0.002 0.004 
158  ZFCNS22    (0)   :  0.916 0.009 0.003 0.012 0.005 0.005 0.006 0.003 0.004 0.005 0.008 0.015 0.005 0.006 
159  ZFCNS23    (0)   :  0.888 0.004 0.008 0.005 0.009 0.004 0.012 0.011 0.007 0.004 0.007 0.003 0.011 0.025 
160  ZFCNS24    (0)   :  0.933 0.009 0.003 0.010 0.004 0.002 0.007 0.002 0.003 0.003 0.005 0.005 0.006 0.009 
161  ZFCNS25    (0)   :  0.914 0.017 0.003 0.013 0.004 0.002 0.005 0.002 0.003 0.003 0.007 0.008 0.009 0.008 
162  ZFCNS26    (0)   :  0.952 0.005 0.002 0.009 0.003 0.003 0.003 0.002 0.003 0.003 0.003 0.006 0.004 0.003 
163  ZFCNS27    (0)   :  0.851 0.023 0.003 0.047 0.004 0.003 0.003 0.003 0.004 0.003 0.009 0.032 0.009 0.007 
164  ZFCNS28    (0)   :  0.957 0.004 0.002 0.004 0.003 0.003 0.004 0.002 0.003 0.003 0.003 0.004 0.004 0.003 
165  ZFCNS29    (0)   :  0.931 0.008 0.003 0.007 0.004 0.004 0.007 0.002 0.003 0.004 0.008 0.006 0.004 0.006 
166  ZFCNS30    (0)   :  0.941 0.004 0.003 0.009 0.004 0.004 0.007 0.002 0.004 0.004 0.005 0.005 0.003 0.005 
167  ZFCNS31    (0)   :  0.956 0.004 0.002 0.006 0.003 0.003 0.004 0.002 0.003 0.003 0.003 0.004 0.004 0.003 
168  ZFCNS32    (0)   :  0.933 0.006 0.003 0.012 0.004 0.003 0.005 0.002 0.003 0.003 0.005 0.007 0.006 0.006 
169  ZFCNS33    (0)   :  0.960 0.004 0.002 0.005 0.003 0.003 0.003 0.002 0.002 0.003 0.003 0.003 0.004 0.003 
170  ZFCNS34    (0)   :  0.938 0.006 0.003 0.006 0.005 0.003 0.010 0.002 0.003 0.005 0.005 0.004 0.004 0.007 
171  ZFCNS35    (0)   :  0.885 0.013 0.002 0.023 0.004 0.019 0.006 0.002 0.003 0.012 0.012 0.013 0.004 0.003 
172  ZFCNS36    (0)   :  0.928 0.008 0.003 0.008 0.004 0.002 0.010 0.002 0.003 0.003 0.005 0.005 0.008 0.009 
173  ZFCNS37    (0)   :  0.802 0.006 0.002 0.137 0.004 0.003 0.005 0.002 0.009 0.005 0.005 0.006 0.008 0.006 
174  ZFCNS39    (0)   :  0.877 0.006 0.002 0.029 0.012 0.002 0.016 0.004 0.005 0.003 0.009 0.006 0.022 0.007 
175  ZFCNS40    (0)   :  0.647 0.017 0.003 0.152 0.007 0.002 0.025 0.003 0.004 0.003 0.009 0.006 0.111 0.012 
176  ZFCNS41    (0)   :  0.229 0.019 0.005 0.655 0.008 0.005 0.014 0.004 0.007 0.006 0.019 0.011 0.005 0.012 
177  ZFCNS42    (0)   :  0.955 0.004 0.002 0.007 0.003 0.003 0.003 0.002 0.003 0.003 0.003 0.005 0.003 0.003 
178  ZFCNS43    (0)   :  0.960 0.003 0.002 0.005 0.003 0.002 0.005 0.002 0.003 0.003 0.003 0.003 0.003 0.004 
179  ZFCNS44    (0)   :  0.926 0.005 0.002 0.021 0.002 0.003 0.005 0.004 0.003 0.003 0.008 0.011 0.003 0.003 
180  ZFCNS46    (0)   :  0.936 0.005 0.003 0.011 0.005 0.003 0.005 0.002 0.004 0.004 0.006 0.007 0.004 0.006 
181  ZFCNS47    (0)   :  0.961 0.003 0.002 0.005 0.003 0.002 0.004 0.002 0.003 0.003 0.003 0.003 0.003 0.003 
182  ZFCNS48    (0)   :  0.880 0.008 0.003 0.042 0.005 0.004 0.007 0.005 0.003 0.004 0.013 0.017 0.006 0.005 
183  ZFCNS49    (0)   :  0.876 0.007 0.002 0.049 0.003 0.004 0.003 0.004 0.003 0.003 0.009 0.032 0.004 0.003 
184   ZFCR01    (0)   :  0.003 0.008 0.029 0.004 0.005 0.023 0.025 0.006 0.700 0.110 0.042 0.027 0.014 0.003 
185   ZFCR02    (0)   :  0.008 0.075 0.011 0.008 0.022 0.501 0.055 0.018 0.159 0.006 0.043 0.010 0.036 0.049 
186   ZFCR03    (0)   :  0.003 0.021 0.084 0.007 0.147 0.291 0.027 0.036 0.059 0.030 0.187 0.034 0.026 0.049 
187   ZFCR04    (0)   :  0.014 0.016 0.018 0.038 0.038 0.382 0.024 0.032 0.249 0.106 0.014 0.027 0.036 0.007 
188   ZFCR05    (0)   :  0.004 0.006 0.019 0.006 0.292 0.090 0.068 0.023 0.286 0.178 0.007 0.006 0.007 0.007 
189   ZFCR06    (0)   :  0.066 0.077 0.015 0.059 0.033 0.116 0.035 0.004 0.445 0.027 0.029 0.064 0.025 0.006 
190   ZFCR07    (0)   :  0.053 0.005 0.019 0.037 0.311 0.058 0.011 0.007 0.412 0.010 0.014 0.011 0.003 0.047 
191   ZFCR08    (0)   :  0.005 0.008 0.035 0.013 0.007 0.016 0.064 0.032 0.585 0.100 0.033 0.027 0.036 0.038 
192   ZFCR09    (0)   :  0.016 0.077 0.290 0.061 0.032 0.142 0.028 0.063 0.046 0.026 0.148 0.036 0.018 0.016 
193   ZFCR11    (0)   :  0.011 0.024 0.026 0.138 0.185 0.216 0.017 0.010 0.238 0.112 0.007 0.007 0.003 0.005 
194   ZFCR12    (0)   :  0.115 0.019 0.004 0.098 0.272 0.043 0.016 0.004 0.356 0.006 0.009 0.020 0.025 0.012 
195   ZFCR13    (0)   :  0.007 0.043 0.004 0.010 0.280 0.021 0.007 0.003 0.478 0.005 0.014 0.114 0.005 0.007 
196   ZFCR14    (0)   :  0.006 0.008 0.007 0.009 0.435 0.085 0.017 0.011 0.333 0.026 0.010 0.011 0.034 0.008 
197   ZFCR15    (0)   :  0.004 0.016 0.006 0.012 0.093 0.201 0.018 0.010 0.429 0.033 0.026 0.020 0.118 0.013 
198   ZFCR16    (0)   :  0.003 0.020 0.006 0.008 0.052 0.269 0.011 0.003 0.517 0.015 0.034 0.016 0.040 0.005 
199   ZFCR18    (0)   :  0.010 0.059 0.005 0.009 0.008 0.767 0.021 0.004 0.013 0.007 0.013 0.008 0.012 0.064 
200   ZFCR19    (0)   :  0.005 0.016 0.162 0.009 0.076 0.304 0.014 0.005 0.035 0.015 0.011 0.023 0.317 0.007 
201   ZFCR20    (0)   :  0.004 0.013 0.085 0.010 0.216 0.110 0.009 0.005 0.119 0.136 0.161 0.089 0.012 0.029 
202   ZFCR21    (0)   :  0.003 0.008 0.004 0.012 0.440 0.026 0.024 0.004 0.405 0.022 0.016 0.012 0.017 0.007 
203   ZFCR22    (0)   :  0.003 0.008 0.012 0.006 0.634 0.051 0.004 0.003 0.233 0.003 0.010 0.009 0.018 0.007 
204   ZFCR23    (0)   :  0.003 0.023 0.015 0.022 0.258 0.040 0.003 0.033 0.347 0.009 0.076 0.163 0.004 0.003 
205   ZFCR24    (9)   :  0.004 0.020 0.062 0.008 0.158 0.068 0.008 0.005 0.090 0.030 0.083 0.448 0.006 0.010 
206   ZFCR25    (0)   :  0.003 0.003 0.043 0.006 0.379 0.040 0.007 0.003 0.478 0.016 0.005 0.005 0.004 0.008 
207   ZFCR26    (0)   :  0.006 0.020 0.121 0.011 0.716 0.004 0.027 0.005 0.024 0.010 0.014 0.012 0.020 0.010 
208   ZFCR27    (9)   :  0.003 0.003 0.069 0.003 0.041 0.018 0.006 0.004 0.805 0.033 0.004 0.004 0.003 0.003 
209   ZFCR28    (0)   :  0.022 0.034 0.004 0.014 0.007 0.004 0.009 0.006 0.552 0.007 0.246 0.026 0.062 0.006 
210   ZFCR29    (0)   :  0.003 0.007 0.015 0.005 0.697 0.150 0.007 0.005 0.046 0.033 0.011 0.012 0.005 0.005 
211   ZFCR30    (0)   :  0.005 0.004 0.014 0.007 0.693 0.040 0.006 0.010 0.191 0.009 0.005 0.006 0.005 0.005 
212   ZFCR31    (0)   :  0.036 0.083 0.083 0.078 0.063 0.389 0.015 0.013 0.034 0.016 0.100 0.047 0.020 0.023 
213   ZFCR33    (0)   :  0.007 0.006 0.015 0.015 0.017 0.007 0.031 0.021 0.775 0.063 0.013 0.009 0.012 0.010 
214   ZFCR34    (0)   :  0.009 0.008 0.013 0.032 0.467 0.235 0.018 0.017 0.119 0.005 0.035 0.027 0.009 0.004 
215   ZFCR35    (0)   :  0.011 0.005 0.009 0.011 0.018 0.838 0.023 0.007 0.031 0.008 0.007 0.013 0.010 0.009 
216   ZFCR36    (0)   :  0.015 0.005 0.018 0.008 0.404 0.361 0.011 0.034 0.106 0.010 0.010 0.010 0.004 0.005 
217   ZFCR37    (0)   :  0.004 0.003 0.047 0.004 0.620 0.043 0.053 0.019 0.119 0.058 0.005 0.004 0.004 0.017 
218   ZFCR38    (0)   :  0.007 0.007 0.049 0.008 0.027 0.007 0.038 0.006 0.753 0.054 0.011 0.006 0.014 0.012 
219   ZFCR39    (0)   :  0.003 0.035 0.054 0.012 0.010 0.029 0.106 0.201 0.353 0.016 0.089 0.021 0.027 0.046 
220   ZFCR40    (0)   :  0.004 0.004 0.016 0.015 0.057 0.021 0.035 0.033 0.751 0.015 0.016 0.022 0.005 0.006 
221   ZFCR41    (0)   :  0.014 0.008 0.004 0.105 0.362 0.046 0.095 0.004 0.300 0.016 0.012 0.008 0.020 0.006 
222   ZFCR42    (0)   :  0.012 0.018 0.022 0.023 0.326 0.019 0.055 0.038 0.367 0.014 0.030 0.035 0.026 0.012 
223   ZFCR43    (0)   :  0.004 0.052 0.006 0.006 0.138 0.169 0.005 0.005 0.421 0.011 0.010 0.160 0.006 0.005 
224  ZFENP25    (0)   :  0.003 0.003 0.005 0.005 0.006 0.005 0.016 0.005 0.871 0.042 0.015 0.008 0.010 0.006 
225  ZFENP26    (0)   :  0.003 0.003 0.006 0.004 0.004 0.007 0.004 0.007 0.945 0.006 0.002 0.002 0.003 0.004 
226  ZFENP27    (0)   :  0.041 0.006 0.034 0.029 0.007 0.020 0.208 0.017 0.493 0.032 0.036 0.024 0.012 0.042 
227  ZFENP28    (0)   :  0.011 0.005 0.018 0.005 0.010 0.008 0.012 0.009 0.884 0.021 0.004 0.003 0.004 0.005 
228  ZFENP29    (0)   :  0.004 0.003 0.005 0.004 0.008 0.005 0.008 0.006 0.934 0.004 0.004 0.004 0.003 0.007 
229  ZFENP30    (0)   :  0.010 0.006 0.010 0.004 0.011 0.008 0.029 0.012 0.780 0.008 0.007 0.004 0.007 0.103 
230  ZFENP31    (0)   :  0.005 0.011 0.059 0.004 0.015 0.034 0.012 0.231 0.201 0.041 0.005 0.004 0.004 0.373 
231  ZFENP32    (0)   :  0.025 0.021 0.033 0.014 0.014 0.307 0.011 0.140 0.203 0.034 0.024 0.009 0.007 0.157 
232  ZFENP33    (0)   :  0.005 0.006 0.015 0.007 0.049 0.014 0.005 0.011 0.787 0.042 0.008 0.007 0.003 0.040 
233  ZFENP34    (0)   :  0.012 0.008 0.021 0.006 0.008 0.031 0.019 0.006 0.197 0.596 0.006 0.005 0.004 0.082 
234  ZFENP35    (0)   :  0.014 0.004 0.006 0.017 0.008 0.015 0.005 0.077 0.813 0.008 0.008 0.014 0.005 0.007 
235  ZFENP36    (0)   :  0.012 0.003 0.011 0.005 0.009 0.009 0.003 0.012 0.916 0.005 0.003 0.002 0.002 0.008 
236  ZFENP37    (0)   :  0.009 0.005 0.008 0.008 0.034 0.012 0.008 0.099 0.397 0.391 0.009 0.007 0.003 0.009 
237  ZFENP38    (0)   :  0.019 0.005 0.021 0.010 0.391 0.010 0.022 0.022 0.441 0.025 0.007 0.006 0.005 0.016 
238  ZFENP39    (0)   :  0.005 0.003 0.009 0.004 0.014 0.014 0.010 0.010 0.889 0.024 0.004 0.005 0.003 0.006 
239  ZFENP40    (0)   :  0.006 0.006 0.014 0.006 0.007 0.016 0.007 0.031 0.854 0.018 0.010 0.009 0.004 0.013 
240  ZFENP41    (0)   :  0.009 0.006 0.006 0.007 0.007 0.018 0.055 0.031 0.789 0.015 0.007 0.008 0.007 0.036 
241  ZFENP42    (0)   :  0.003 0.003 0.006 0.005 0.038 0.004 0.005 0.221 0.690 0.004 0.004 0.004 0.004 0.010 
242  ZFENP43    (0)   :  0.056 0.006 0.036 0.042 0.106 0.009 0.034 0.018 0.629 0.034 0.009 0.007 0.006 0.009 
243  ZFENP44    (0)   :  0.015 0.004 0.011 0.026 0.041 0.006 0.018 0.150 0.648 0.023 0.014 0.012 0.003 0.027 
244  ZFENP45    (0)   :  0.010 0.032 0.013 0.013 0.048 0.008 0.017 0.148 0.321 0.013 0.022 0.018 0.315 0.021 
245  ZFENP46    (0)   :  0.008 0.009 0.015 0.021 0.080 0.009 0.003 0.026 0.742 0.038 0.012 0.024 0.005 0.010 
246  ZFENP47    (0)   :  0.004 0.014 0.028 0.005 0.007 0.106 0.088 0.212 0.318 0.016 0.014 0.015 0.135 0.036 
247  ZFENP48    (0)   :  0.008 0.016 0.026 0.007 0.014 0.011 0.015 0.012 0.050 0.542 0.012 0.007 0.011 0.269 
248  ZFENP49    (0)   :  0.005 0.016 0.026 0.008 0.021 0.062 0.010 0.005 0.605 0.005 0.013 0.022 0.020 0.181 
249  ZFENP50    (0)   :  0.005 0.024 0.023 0.013 0.086 0.007 0.004 0.045 0.703 0.006 0.052 0.020 0.006 0.006 
250  ZFENP51    (0)   :  0.008 0.005 0.512 0.005 0.016 0.022 0.009 0.029 0.283 0.012 0.003 0.004 0.058 0.036 
251  ZFENP52    (0)   :  0.012 0.005 0.005 0.017 0.012 0.003 0.010 0.009 0.904 0.003 0.005 0.005 0.004 0.006 
252  ZFENP53    (0)   :  0.009 0.035 0.009 0.017 0.025 0.006 0.007 0.017 0.787 0.009 0.034 0.019 0.020 0.008 
253  ZFENP54    (0)   :  0.004 0.035 0.009 0.015 0.032 0.033 0.019 0.008 0.709 0.010 0.067 0.022 0.009 0.028 
254  ZFENP55    (0)   :  0.004 0.005 0.031 0.004 0.637 0.037 0.004 0.013 0.217 0.023 0.005 0.004 0.004 0.010 
255  ZFENP56    (0)   :  0.011 0.004 0.024 0.010 0.078 0.013 0.007 0.007 0.813 0.009 0.004 0.004 0.005 0.012 
256  ZFENP57    (0)   :  0.013 0.003 0.017 0.008 0.020 0.013 0.004 0.063 0.806 0.023 0.007 0.004 0.002 0.017 
257  ZFENP58    (0)   :  0.018 0.008 0.018 0.014 0.027 0.024 0.023 0.005 0.427 0.005 0.019 0.004 0.112 0.296 
258  ZFENP59    (0)   :  0.005 0.005 0.007 0.005 0.008 0.019 0.049 0.034 0.814 0.010 0.004 0.005 0.005 0.028 
259  ZFENP60    (0)   :  0.007 0.008 0.012 0.007 0.011 0.032 0.010 0.015 0.827 0.031 0.011 0.012 0.012 0.006 
260  ZFENP61    (0)   :  0.004 0.003 0.008 0.004 0.008 0.024 0.012 0.006 0.896 0.017 0.003 0.004 0.003 0.008 
261 ZFFDSP01    (0)   :  0.016 0.008 0.003 0.047 0.006 0.006 0.004 0.003 0.003 0.004 0.705 0.177 0.014 0.004 
262 ZFFDSP02    (0)   :  0.003 0.004 0.002 0.006 0.003 0.002 0.004 0.002 0.002 0.003 0.017 0.943 0.004 0.003 
263 ZFFDSP04    (0)   :  0.003 0.009 0.002 0.010 0.005 0.004 0.004 0.002 0.002 0.005 0.466 0.474 0.010 0.003 
264 ZFFDSP05    (0)   :  0.005 0.013 0.003 0.055 0.008 0.003 0.004 0.004 0.004 0.003 0.036 0.849 0.008 0.003 
265 ZFFDSP06    (0)   :  0.003 0.123 0.002 0.036 0.005 0.003 0.013 0.002 0.002 0.011 0.422 0.358 0.015 0.004 
266 ZFFDSP07    (0)   :  0.005 0.023 0.004 0.007 0.007 0.002 0.010 0.005 0.004 0.004 0.711 0.154 0.038 0.027 
267 ZFFDSP08    (0)   :  0.014 0.165 0.004 0.044 0.012 0.003 0.012 0.004 0.005 0.004 0.473 0.130 0.094 0.037 
268 ZFFDSP10    (0)   :  0.005 0.015 0.004 0.028 0.008 0.003 0.006 0.006 0.005 0.004 0.303 0.575 0.021 0.014 
269 ZFFDSP11    (0)   :  0.004 0.022 0.003 0.018 0.008 0.005 0.004 0.003 0.003 0.004 0.510 0.406 0.008 0.003 
270 ZFFDSP12    (0)   :  0.005 0.291 0.003 0.013 0.004 0.002 0.003 0.003 0.004 0.003 0.460 0.193 0.011 0.005 
271 ZFFDSP13    (0)   :  0.021 0.018 0.003 0.776 0.008 0.003 0.011 0.004 0.005 0.004 0.073 0.061 0.005 0.008 
272 ZFFDSP14    (0)   :  0.004 0.013 0.003 0.005 0.007 0.003 0.006 0.004 0.004 0.005 0.657 0.255 0.025 0.009 
273 ZFFDSP16    (0)   :  0.011 0.010 0.003 0.011 0.006 0.005 0.006 0.003 0.006 0.006 0.862 0.061 0.004 0.004 
274 ZFFDSP17    (0)   :  0.006 0.019 0.003 0.017 0.007 0.004 0.005 0.002 0.004 0.005 0.777 0.138 0.008 0.005 
275 ZFFDSP18    (0)   :  0.004 0.019 0.003 0.006 0.004 0.005 0.006 0.002 0.003 0.007 0.189 0.733 0.018 0.003 
276 ZFFDSP19    (0)   :  0.107 0.016 0.003 0.037 0.004 0.004 0.023 0.002 0.003 0.006 0.655 0.119 0.018 0.004 
277 ZFFDSP21    (0)   :  0.076 0.010 0.002 0.195 0.004 0.003 0.017 0.003 0.004 0.004 0.442 0.231 0.006 0.004 
278 ZFFDSP22    (0)   :  0.004 0.044 0.002 0.011 0.006 0.002 0.005 0.002 0.003 0.003 0.662 0.172 0.079 0.004 
279 ZFFDSP23    (0)   :  0.008 0.014 0.002 0.041 0.005 0.002 0.004 0.002 0.003 0.003 0.029 0.808 0.076 0.003 
280 ZFFDSP24    (0)   :  0.008 0.006 0.003 0.014 0.005 0.004 0.004 0.002 0.003 0.004 0.013 0.926 0.005 0.004 
281 ZFFDSP26    (9)   :  0.006 0.020 0.003 0.037 0.005 0.003 0.005 0.003 0.003 0.004 0.044 0.851 0.012 0.004 
282 ZFFDSP27    (0)   :  0.006 0.009 0.003 0.008 0.004 0.003 0.003 0.002 0.003 0.005 0.025 0.921 0.006 0.003 
283 ZFFDSP28    (0)   :  0.004 0.016 0.017 0.017 0.011 0.022 0.008 0.006 0.006 0.019 0.104 0.745 0.010 0.015 
284 ZFFDSP30    (0)   :  0.039 0.009 0.004 0.146 0.006 0.037 0.005 0.006 0.004 0.007 0.644 0.081 0.007 0.006 
285 ZFFDSP31    (0)   :  0.009 0.602 0.002 0.041 0.006 0.003 0.006 0.002 0.005 0.013 0.043 0.256 0.007 0.005 
286 ZFFDSP32    (0)   :  0.005 0.006 0.003 0.010 0.004 0.002 0.003 0.003 0.003 0.004 0.555 0.392 0.005 0.004 
287 ZFFDSP33    (0)   :  0.005 0.026 0.002 0.015 0.003 0.003 0.003 0.003 0.003 0.003 0.204 0.722 0.006 0.003 
288 ZFFDSP34    (0)   :  0.005 0.297 0.002 0.037 0.005 0.003 0.013 0.002 0.003 0.009 0.038 0.568 0.013 0.004 
289 ZFFDSP35    (0)   :  0.004 0.006 0.003 0.021 0.005 0.004 0.004 0.002 0.003 0.004 0.047 0.889 0.006 0.003 
290 ZFFDSP37    (0)   :  0.004 0.007 0.002 0.008 0.003 0.003 0.003 0.002 0.003 0.004 0.062 0.890 0.004 0.004 
291 ZFFDSP38    (0)   :  0.005 0.010 0.003 0.006 0.004 0.004 0.003 0.002 0.003 0.004 0.011 0.938 0.004 0.003 
292 ZFFDSP39    (0)   :  0.006 0.008 0.002 0.049 0.003 0.003 0.003 0.002 0.003 0.002 0.007 0.902 0.007 0.003 
293 ZFFDSP40    (0)   :  0.006 0.006 0.002 0.015 0.003 0.004 0.003 0.002 0.003 0.003 0.007 0.940 0.003 0.003 
294 ZFFDSP42    (0)   :  0.006 0.018 0.002 0.018 0.005 0.003 0.004 0.002 0.003 0.003 0.015 0.870 0.048 0.003 
295 ZFFDSP43    (0)   :  0.006 0.009 0.002 0.008 0.003 0.003 0.003 0.002 0.002 0.003 0.006 0.943 0.007 0.002 
296 ZFFDSP44    (0)   :  0.008 0.014 0.003 0.019 0.005 0.004 0.003 0.003 0.003 0.004 0.074 0.850 0.004 0.005 
297 ZFFDSP45    (0)   :  0.004 0.005 0.002 0.007 0.003 0.003 0.004 0.002 0.003 0.003 0.007 0.951 0.004 0.003 
298 ZFFDSP46    (0)   :  0.005 0.009 0.002 0.008 0.003 0.003 0.004 0.002 0.003 0.003 0.020 0.925 0.010 0.003 
299 ZFFDSP47    (0)   :  0.012 0.009 0.003 0.085 0.005 0.003 0.003 0.002 0.003 0.003 0.020 0.834 0.012 0.004 
300 ZFFDSP48    (0)   :  0.008 0.006 0.002 0.020 0.003 0.003 0.003 0.002 0.003 0.003 0.006 0.932 0.005 0.004 
301    ZFI01    (0)   :  0.009 0.005 0.107 0.005 0.008 0.782 0.010 0.008 0.010 0.029 0.007 0.004 0.004 0.013 
302    ZFI02    (0)   :  0.010 0.005 0.046 0.005 0.007 0.873 0.004 0.004 0.006 0.022 0.005 0.006 0.004 0.004 
303    ZFI03    (0)   :  0.010 0.004 0.010 0.004 0.007 0.875 0.006 0.003 0.006 0.057 0.005 0.004 0.003 0.006 
304    ZFI04    (0)   :  0.006 0.003 0.090 0.004 0.006 0.100 0.005 0.006 0.007 0.758 0.004 0.004 0.003 0.005 
305    ZFI05    (0)   :  0.017 0.005 0.006 0.005 0.004 0.921 0.004 0.004 0.007 0.007 0.005 0.004 0.003 0.009 
306    ZFI06    (0)   :  0.087 0.008 0.035 0.031 0.009 0.731 0.004 0.004 0.020 0.025 0.016 0.022 0.003 0.006 
307    ZFI07    (0)   :  0.005 0.003 0.008 0.004 0.005 0.289 0.005 0.003 0.006 0.653 0.004 0.004 0.003 0.007 
308    ZFI08    (0)   :  0.005 0.004 0.046 0.004 0.009 0.773 0.007 0.004 0.009 0.124 0.004 0.004 0.004 0.005 
309    ZFI09    (0)   :  0.006 0.004 0.026 0.004 0.005 0.906 0.004 0.003 0.007 0.016 0.004 0.004 0.003 0.005 
310    ZFI10    (0)   :  0.066 0.005 0.024 0.007 0.007 0.821 0.004 0.006 0.007 0.031 0.006 0.005 0.004 0.005 
311    ZFI11    (0)   :  0.013 0.003 0.145 0.006 0.008 0.702 0.005 0.004 0.008 0.087 0.004 0.004 0.003 0.009 
312    ZFI12    (0)   :  0.016 0.004 0.008 0.005 0.010 0.801 0.007 0.003 0.006 0.119 0.005 0.005 0.003 0.006 
313    ZFI13    (0)   :  0.007 0.004 0.007 0.005 0.006 0.896 0.006 0.007 0.009 0.018 0.006 0.004 0.003 0.021 
314    ZFI14    (0)   :  0.007 0.005 0.005 0.007 0.004 0.926 0.004 0.004 0.004 0.008 0.008 0.008 0.003 0.005 
315    ZFI15    (0)   :  0.005 0.004 0.005 0.003 0.003 0.942 0.004 0.003 0.007 0.009 0.004 0.004 0.002 0.006 
316    ZFI16    (0)   :  0.006 0.003 0.004 0.004 0.005 0.936 0.005 0.002 0.005 0.016 0.004 0.004 0.002 0.003 
317    ZFI17    (0)   :  0.012 0.004 0.010 0.006 0.007 0.857 0.004 0.007 0.009 0.068 0.003 0.004 0.003 0.006 
318    ZFI18    (0)   :  0.007 0.003 0.008 0.004 0.004 0.926 0.003 0.007 0.008 0.017 0.003 0.003 0.002 0.005 
319    ZFI19    (9)   :  0.005 0.002 0.006 0.003 0.005 0.942 0.003 0.003 0.004 0.011 0.003 0.003 0.002 0.006 
320    ZFI20    (0)   :  0.005 0.004 0.004 0.005 0.005 0.938 0.004 0.003 0.004 0.011 0.005 0.006 0.003 0.003 
321    ZFI21    (0)   :  0.008 0.005 0.003 0.008 0.004 0.930 0.003 0.003 0.003 0.005 0.010 0.009 0.003 0.004 
322    ZFI22    (0)   :  0.004 0.005 0.030 0.004 0.006 0.890 0.007 0.003 0.006 0.026 0.005 0.006 0.004 0.004 
323    ZFI23    (0)   :  0.007 0.004 0.006 0.005 0.006 0.910 0.005 0.003 0.006 0.032 0.004 0.004 0.002 0.006 
324    ZFI24    (0)   :  0.012 0.005 0.009 0.006 0.009 0.850 0.008 0.003 0.007 0.070 0.005 0.005 0.003 0.007 
