

----------------------------------------------------
STRUCTURE by Pritchard, Stephens and Donnelly (2000)
     and Falush, Stephens and Pritchard (2003)
       Code by Pritchard, Falush and Hubisz
             Version 2.3.4 (Jul 2012)
----------------------------------------------------



Command line arguments:   bin\structure -m C:\Users\eschumacher\Documents\GitHub\GCC_QUAC_ZAIN\Data_Files\Structure_Files\ZAIN\ZAIN_wild_rebinned_nopopinfo\50-50\mainparams -e C:\Users\eschumacher\Documents\GitHub\GCC_QUAC_ZAIN\Data_Files\Structure_Files\ZAIN\ZAIN_wild_rebinned_nopopinfo\50-50\extraparams 
Input File:    C:\Users\eschumacher\Documents\GitHub\GCC_QUAC_ZAIN\Data_Files\Structure_Files\ZAIN\ZAIN_wild_rebinned_nopopinfo\project_data

Run parameters:
   751 individuals
   11 loci
   6 populations assumed
   50000 Burn-in period
   50000 Reps


--------------------------------------------
Overall proportion of membership of the
sample in each of the 6 clusters

Inferred Clusters
  1      2      3      4      5      6    
0.150  0.206  0.122  0.121  0.197  0.204  

--------------------------------------------

Allele-freq. divergence among pops (Net nucleotide distance),
computed using point estimates of P.

      1       2       3       4       5       6      
 1      -    0.1045  0.1185  0.1214  0.1937  0.2201  
 2   0.1045     -    0.0924  0.1625  0.2092  0.2212  
 3   0.1185  0.0924     -    0.1202  0.1791  0.2166  
 4   0.1214  0.1625  0.1202     -    0.1423  0.1499  
 5   0.1937  0.2092  0.1791  0.1423     -    0.0988  
 6   0.2201  0.2212  0.2166  0.1499  0.0988     -    

Average distances (expected heterozygosity) between individuals in same cluster:
cluster  1  : 0.3986 
cluster  2  : 0.4139 
cluster  3  : 0.4790 
cluster  4  : 0.4352 
cluster  5  : 0.5293 
cluster  6  : 0.4791 

--------------------------------------------
Estimated Ln Prob of Data   = -14752.5
Mean value of ln likelihood = -14422.4
Variance of ln likelihood   = 660.1
Mean value of alpha         = 0.0357

Mean value of Fst_1         = 0.4594
Mean value of Fst_2         = 0.3417
Mean value of Fst_3         = 0.1929
Mean value of Fst_4         = 0.4065
Mean value of Fst_5         = 0.1921
Mean value of Fst_6         = 0.3414


Inferred ancestry of individuals:
        Label (%Miss) :  Inferred clusters
  1    ZFB01    (0)   :  0.004 0.005 0.003 0.004 0.006 0.977 
  2    ZFB02    (0)   :  0.003 0.004 0.004 0.009 0.021 0.960 
  3    ZFB03    (0)   :  0.008 0.005 0.004 0.005 0.006 0.973 
  4    ZFB04    (0)   :  0.003 0.006 0.003 0.007 0.026 0.955 
  5    ZFB05    (0)   :  0.008 0.003 0.022 0.012 0.193 0.762 
  6    ZFB06    (0)   :  0.010 0.003 0.020 0.009 0.124 0.834 
  7    ZFB07    (9)   :  0.008 0.008 0.005 0.005 0.012 0.961 
  8    ZFB08    (0)   :  0.007 0.007 0.008 0.006 0.006 0.966 
  9    ZFB09    (0)   :  0.003 0.004 0.004 0.004 0.004 0.981 
 10    ZFB10    (0)   :  0.005 0.021 0.005 0.008 0.007 0.954 
 11    ZFB11    (0)   :  0.004 0.011 0.004 0.008 0.011 0.963 
 12    ZFB12    (0)   :  0.008 0.009 0.012 0.005 0.020 0.946 
 13    ZFB13    (0)   :  0.006 0.009 0.008 0.006 0.007 0.964 
 14    ZFB14    (0)   :  0.004 0.006 0.004 0.005 0.004 0.977 
 15    ZFB15    (0)   :  0.003 0.003 0.003 0.003 0.007 0.980 
 16    ZFB16    (0)   :  0.005 0.007 0.005 0.004 0.009 0.971 
 17    ZFB17    (0)   :  0.008 0.013 0.020 0.027 0.023 0.910 
 18    ZFB18    (0)   :  0.003 0.004 0.004 0.004 0.004 0.981 
 19    ZFB19    (0)   :  0.012 0.033 0.012 0.005 0.010 0.928 
 20    ZFB20    (0)   :  0.004 0.007 0.005 0.005 0.016 0.963 
 21    ZFB21    (0)   :  0.003 0.003 0.003 0.004 0.009 0.978 
 22    ZFB22    (0)   :  0.008 0.015 0.012 0.011 0.032 0.922 
 23    ZFB23    (0)   :  0.005 0.010 0.004 0.007 0.016 0.959 
 24    ZFB24    (0)   :  0.004 0.009 0.004 0.007 0.015 0.961 
 25    ZFB25    (0)   :  0.007 0.029 0.004 0.005 0.005 0.950 
 26    ZFB26    (0)   :  0.007 0.027 0.004 0.009 0.037 0.916 
 27    ZFB27    (0)   :  0.004 0.010 0.003 0.006 0.031 0.946 
 28    ZFB28    (0)   :  0.007 0.009 0.008 0.015 0.096 0.864 
 29    ZFB29    (0)   :  0.003 0.005 0.003 0.008 0.013 0.969 
 30    ZFB30    (0)   :  0.013 0.006 0.012 0.005 0.247 0.716 
 31    ZFB31    (0)   :  0.005 0.018 0.004 0.005 0.006 0.962 
 32    ZFB32    (0)   :  0.012 0.016 0.015 0.035 0.065 0.857 
 33    ZFB33    (0)   :  0.003 0.004 0.003 0.004 0.008 0.978 
 34    ZFB34    (0)   :  0.003 0.004 0.003 0.005 0.005 0.979 
 35    ZFB35    (0)   :  0.005 0.007 0.004 0.006 0.007 0.970 
 36  ZFBP101    (0)   :  0.092 0.692 0.048 0.147 0.010 0.011 
 37  ZFBP102    (0)   :  0.024 0.905 0.017 0.021 0.015 0.018 
 38  ZFBP103    (0)   :  0.344 0.374 0.015 0.250 0.009 0.009 
 39  ZFBP104    (0)   :  0.085 0.803 0.049 0.004 0.017 0.041 
 40  ZFBP105    (0)   :  0.030 0.945 0.007 0.006 0.006 0.006 
 41  ZFBP106    (0)   :  0.049 0.927 0.008 0.008 0.004 0.004 
 42  ZFBP107    (0)   :  0.069 0.889 0.008 0.009 0.018 0.007 
 43  ZFBP108    (0)   :  0.008 0.978 0.004 0.003 0.003 0.004 
 44  ZFBP109    (0)   :  0.010 0.973 0.006 0.004 0.003 0.004 
 45  ZFBP110    (0)   :  0.248 0.611 0.015 0.051 0.019 0.056 
 46  ZFBP111    (0)   :  0.086 0.796 0.105 0.005 0.005 0.003 
 47  ZFBP112    (0)   :  0.013 0.948 0.020 0.011 0.006 0.004 
 48  ZFBP113    (0)   :  0.006 0.977 0.006 0.003 0.004 0.004 
 49  ZFBP114    (0)   :  0.015 0.964 0.005 0.007 0.006 0.004 
 50  ZFBP115    (0)   :  0.451 0.508 0.020 0.013 0.004 0.003 
 51  ZFBP116    (0)   :  0.012 0.967 0.008 0.005 0.005 0.003 
 52  ZFBP117    (0)   :  0.009 0.971 0.006 0.007 0.003 0.003 
 53  ZFBP118    (0)   :  0.013 0.964 0.007 0.005 0.008 0.004 
 54  ZFBP119    (0)   :  0.129 0.797 0.030 0.035 0.004 0.004 
 55  ZFBP120    (0)   :  0.039 0.936 0.007 0.005 0.006 0.008 
 56  ZFBP121    (0)   :  0.013 0.963 0.006 0.009 0.004 0.006 
 57  ZFBP122    (9)   :  0.012 0.967 0.008 0.005 0.004 0.004 
 58  ZFBP123    (0)   :  0.009 0.954 0.012 0.015 0.006 0.004 
 59  ZFBP124    (0)   :  0.008 0.970 0.005 0.006 0.004 0.007 
 60  ZFBP125    (0)   :  0.014 0.967 0.007 0.007 0.003 0.003 
 61  ZFBP126    (0)   :  0.007 0.919 0.016 0.031 0.015 0.013 
 62  ZFBP127    (0)   :  0.104 0.869 0.004 0.016 0.004 0.003 
 63  ZFBP128    (0)   :  0.013 0.961 0.009 0.010 0.003 0.004 
 64  ZFBP129    (0)   :  0.006 0.892 0.084 0.009 0.004 0.005 
 65  ZFBP130    (0)   :  0.017 0.939 0.022 0.017 0.003 0.002 
 66  ZFBP131    (0)   :  0.005 0.978 0.005 0.004 0.004 0.004 
 67  ZFBP132    (0)   :  0.011 0.973 0.004 0.004 0.004 0.004 
 68  ZFBP133    (0)   :  0.004 0.970 0.012 0.007 0.002 0.004 
 69  ZFBP134    (0)   :  0.222 0.701 0.019 0.051 0.004 0.004 
 70  ZFBP135    (0)   :  0.031 0.686 0.011 0.249 0.006 0.016 
 71  ZFBP136    (0)   :  0.059 0.812 0.019 0.099 0.007 0.004 
 72  ZFBP201    (0)   :  0.012 0.963 0.007 0.006 0.006 0.006 
 73  ZFBP202    (0)   :  0.015 0.964 0.007 0.005 0.003 0.006 
 74  ZFBP203    (0)   :  0.008 0.912 0.029 0.006 0.038 0.008 
 75  ZFBP204    (0)   :  0.069 0.889 0.015 0.017 0.006 0.004 
 76  ZFBP205    (0)   :  0.005 0.971 0.007 0.009 0.004 0.003 
 77  ZFBP206    (0)   :  0.006 0.953 0.017 0.014 0.006 0.004 
 78  ZFBP207    (0)   :  0.233 0.738 0.007 0.014 0.004 0.004 
 79  ZFBP208    (0)   :  0.006 0.964 0.011 0.007 0.009 0.004 
 80  ZFBP209    (0)   :  0.004 0.971 0.011 0.008 0.003 0.003 
 81  ZFBP210    (0)   :  0.012 0.958 0.012 0.006 0.007 0.005 
 82  ZFBP211    (0)   :  0.011 0.967 0.005 0.005 0.005 0.006 
 83  ZFBP212    (0)   :  0.060 0.922 0.004 0.003 0.004 0.007 
 84  ZFBP213    (0)   :  0.011 0.947 0.012 0.015 0.006 0.009 
 85  ZFBP214    (0)   :  0.031 0.737 0.178 0.039 0.006 0.009 
 86  ZFBP215    (0)   :  0.009 0.973 0.005 0.006 0.004 0.004 
 87  ZFBP216    (0)   :  0.012 0.953 0.015 0.005 0.009 0.005 
 88  ZFBP217    (0)   :  0.079 0.781 0.123 0.006 0.005 0.005 
 89  ZFBP218    (0)   :  0.005 0.976 0.008 0.003 0.003 0.003 
 90  ZFBP219    (0)   :  0.006 0.977 0.005 0.004 0.004 0.003 
 91  ZFBP220    (0)   :  0.020 0.944 0.016 0.014 0.004 0.003 
 92  ZFBP221    (0)   :  0.029 0.952 0.008 0.003 0.003 0.005 
 93  ZFBP222    (0)   :  0.004 0.968 0.009 0.008 0.005 0.005 
 94  ZFBP223    (0)   :  0.204 0.763 0.008 0.009 0.006 0.009 
 95  ZFBP224    (0)   :  0.008 0.967 0.008 0.007 0.005 0.005 
 96  ZFBP225    (0)   :  0.172 0.605 0.197 0.015 0.008 0.003 
 97  ZFBP226    (0)   :  0.008 0.974 0.006 0.005 0.005 0.004 
 98  ZFBP227    (0)   :  0.071 0.719 0.132 0.009 0.040 0.029 
 99  ZFBP228    (0)   :  0.181 0.785 0.006 0.020 0.003 0.005 
100  ZFBP229    (0)   :  0.007 0.969 0.012 0.006 0.003 0.003 
101  ZFBP230    (0)   :  0.024 0.916 0.032 0.021 0.004 0.003 
102  ZFBP231    (0)   :  0.010 0.968 0.006 0.006 0.005 0.006 
103  ZFBP232    (0)   :  0.006 0.978 0.005 0.005 0.003 0.003 
104  ZFBP233    (0)   :  0.011 0.959 0.014 0.006 0.004 0.005 
105   ZFCC01    (0)   :  0.004 0.005 0.005 0.973 0.005 0.009 
106   ZFCC03    (0)   :  0.006 0.005 0.004 0.977 0.003 0.005 
107   ZFCC04    (0)   :  0.005 0.004 0.006 0.976 0.004 0.005 
108   ZFCC05    (0)   :  0.009 0.006 0.005 0.968 0.005 0.007 
109   ZFCC08    (0)   :  0.007 0.011 0.010 0.964 0.003 0.005 
110   ZFCC09    (0)   :  0.006 0.004 0.003 0.976 0.004 0.006 
111   ZFCC10    (0)   :  0.004 0.005 0.004 0.970 0.004 0.013 
112   ZFCC11    (0)   :  0.007 0.005 0.005 0.973 0.004 0.007 
113   ZFCC12    (0)   :  0.008 0.006 0.007 0.910 0.047 0.022 
114   ZFCC13    (0)   :  0.014 0.009 0.012 0.955 0.007 0.004 
115   ZFCC14    (0)   :  0.005 0.010 0.006 0.964 0.005 0.010 
116   ZFCC15    (0)   :  0.006 0.005 0.008 0.970 0.006 0.005 
117   ZFCC16    (0)   :  0.004 0.004 0.006 0.976 0.005 0.006 
118   ZFCC17    (0)   :  0.005 0.004 0.004 0.974 0.007 0.006 
119   ZFCC18    (0)   :  0.007 0.005 0.006 0.972 0.004 0.007 
120   ZFCC19    (0)   :  0.004 0.003 0.006 0.976 0.007 0.005 
121   ZFCC20    (0)   :  0.008 0.004 0.007 0.974 0.004 0.004 
122   ZFCC21    (0)   :  0.007 0.029 0.084 0.866 0.005 0.009 
123   ZFCC22    (0)   :  0.019 0.198 0.015 0.756 0.004 0.007 
124   ZFCC26    (0)   :  0.005 0.004 0.005 0.977 0.004 0.006 
125   ZFCC27    (0)   :  0.006 0.004 0.004 0.979 0.003 0.004 
126   ZFCC29    (0)   :  0.005 0.005 0.007 0.969 0.005 0.009 
127   ZFCC30    (0)   :  0.007 0.004 0.005 0.977 0.003 0.003 
128   ZFCC32    (0)   :  0.007 0.005 0.009 0.967 0.007 0.006 
129   ZFCC33    (0)   :  0.006 0.004 0.004 0.973 0.006 0.006 
130   ZFCC34    (0)   :  0.042 0.048 0.009 0.873 0.011 0.017 
131   ZFCC35    (0)   :  0.005 0.004 0.004 0.980 0.003 0.004 
132   ZFCC36    (0)   :  0.007 0.009 0.016 0.955 0.008 0.004 
133   ZFCC37    (0)   :  0.008 0.008 0.007 0.910 0.047 0.021 
134   ZFCC40    (0)   :  0.004 0.007 0.003 0.974 0.005 0.007 
135   ZFCC42    (0)   :  0.048 0.007 0.010 0.345 0.565 0.025 
136   ZFCC44    (0)   :  0.006 0.003 0.003 0.980 0.004 0.003 
137   ZFCC45    (9)   :  0.006 0.005 0.006 0.955 0.015 0.012 
138   ZFCC46    (0)   :  0.015 0.010 0.013 0.954 0.004 0.004 
139   ZFCC47    (0)   :  0.007 0.005 0.006 0.945 0.018 0.018 
140   ZFCC48    (0)   :  0.006 0.024 0.027 0.932 0.004 0.006 
141   ZFCC50    (0)   :  0.004 0.003 0.005 0.979 0.004 0.005 
142   ZFCC51    (0)   :  0.007 0.004 0.004 0.978 0.003 0.005 
143   ZFCC52    (0)   :  0.007 0.012 0.007 0.964 0.006 0.004 
144   ZFCC53    (0)   :  0.005 0.003 0.003 0.981 0.003 0.005 
145  ZFCNS01    (0)   :  0.973 0.005 0.006 0.006 0.007 0.003 
146  ZFCNS02    (0)   :  0.975 0.005 0.005 0.008 0.003 0.003 
147  ZFCNS05    (0)   :  0.967 0.008 0.005 0.012 0.003 0.005 
148  ZFCNS06    (0)   :  0.973 0.005 0.005 0.010 0.003 0.004 
149  ZFCNS07    (0)   :  0.968 0.010 0.009 0.005 0.004 0.004 
150  ZFCNS10    (0)   :  0.979 0.005 0.005 0.005 0.003 0.003 
151  ZFCNS11    (0)   :  0.976 0.004 0.006 0.006 0.004 0.004 
152  ZFCNS15    (0)   :  0.972 0.012 0.005 0.004 0.003 0.004 
153  ZFCNS17    (0)   :  0.971 0.006 0.004 0.013 0.003 0.003 
154  ZFCNS18    (0)   :  0.979 0.005 0.003 0.006 0.003 0.003 
155  ZFCNS19    (0)   :  0.977 0.004 0.005 0.007 0.003 0.004 
156  ZFCNS20    (0)   :  0.967 0.010 0.008 0.008 0.003 0.004 
157  ZFCNS21    (0)   :  0.981 0.004 0.003 0.006 0.003 0.003 
158  ZFCNS22    (0)   :  0.966 0.012 0.005 0.008 0.003 0.006 
159  ZFCNS23    (0)   :  0.932 0.007 0.015 0.028 0.012 0.006 
160  ZFCNS24    (0)   :  0.967 0.005 0.005 0.018 0.003 0.003 
161  ZFCNS25    (0)   :  0.968 0.010 0.006 0.009 0.003 0.003 
162  ZFCNS26    (0)   :  0.979 0.006 0.004 0.004 0.003 0.004 
163  ZFCNS27    (0)   :  0.964 0.019 0.005 0.004 0.004 0.004 
164  ZFCNS28    (0)   :  0.976 0.005 0.005 0.006 0.003 0.005 
165  ZFCNS29    (0)   :  0.967 0.008 0.005 0.012 0.003 0.004 
166  ZFCNS30    (0)   :  0.974 0.005 0.004 0.009 0.004 0.004 
167  ZFCNS31    (0)   :  0.978 0.005 0.005 0.005 0.003 0.004 
168  ZFCNS32    (0)   :  0.976 0.005 0.005 0.007 0.003 0.004 
169  ZFCNS33    (0)   :  0.979 0.004 0.005 0.005 0.003 0.004 
170  ZFCNS34    (0)   :  0.961 0.006 0.006 0.020 0.003 0.004 
171  ZFCNS35    (0)   :  0.977 0.005 0.004 0.005 0.003 0.005 
172  ZFCNS36    (0)   :  0.947 0.006 0.006 0.035 0.003 0.003 
173  ZFCNS37    (0)   :  0.979 0.005 0.004 0.006 0.004 0.004 
174  ZFCNS39    (0)   :  0.978 0.004 0.005 0.007 0.003 0.003 
175  ZFCNS40    (0)   :  0.955 0.006 0.010 0.023 0.003 0.003 
176  ZFCNS41    (0)   :  0.961 0.010 0.008 0.010 0.005 0.005 
177  ZFCNS42    (0)   :  0.979 0.006 0.004 0.005 0.003 0.004 
178  ZFCNS43    (0)   :  0.977 0.004 0.003 0.009 0.003 0.003 
179  ZFCNS44    (0)   :  0.980 0.005 0.003 0.006 0.003 0.003 
180  ZFCNS46    (0)   :  0.977 0.006 0.004 0.006 0.003 0.004 
181  ZFCNS47    (0)   :  0.978 0.005 0.004 0.007 0.003 0.003 
182  ZFCNS48    (0)   :  0.977 0.006 0.005 0.006 0.003 0.004 
183  ZFCNS49    (0)   :  0.979 0.008 0.003 0.003 0.003 0.004 
184   ZFCR01    (0)   :  0.006 0.090 0.041 0.025 0.298 0.540 
185   ZFCR02    (0)   :  0.018 0.087 0.160 0.089 0.091 0.554 
186   ZFCR03    (0)   :  0.007 0.067 0.185 0.076 0.169 0.497 
187   ZFCR04    (0)   :  0.030 0.035 0.048 0.022 0.075 0.790 
188   ZFCR05    (0)   :  0.009 0.021 0.172 0.060 0.098 0.639 
189   ZFCR06    (0)   :  0.110 0.094 0.221 0.038 0.127 0.410 
190   ZFCR07    (0)   :  0.277 0.026 0.067 0.081 0.252 0.298 
191   ZFCR08    (0)   :  0.010 0.030 0.043 0.123 0.719 0.076 
192   ZFCR09    (0)   :  0.049 0.189 0.049 0.056 0.474 0.182 
193   ZFCR11    (0)   :  0.181 0.075 0.028 0.015 0.049 0.653 
194   ZFCR12    (0)   :  0.090 0.014 0.582 0.025 0.041 0.247 
195   ZFCR13    (0)   :  0.015 0.147 0.511 0.015 0.179 0.132 
196   ZFCR14    (0)   :  0.008 0.010 0.554 0.020 0.053 0.355 
197   ZFCR15    (0)   :  0.009 0.032 0.372 0.030 0.106 0.452 
198   ZFCR16    (0)   :  0.005 0.046 0.416 0.013 0.065 0.455 
199   ZFCR18    (0)   :  0.025 0.040 0.026 0.082 0.016 0.811 
200   ZFCR19    (0)   :  0.007 0.019 0.572 0.017 0.246 0.139 
201   ZFCR20    (0)   :  0.013 0.141 0.096 0.025 0.090 0.634 
202   ZFCR21    (0)   :  0.006 0.008 0.811 0.048 0.026 0.101 
203   ZFCR22    (0)   :  0.003 0.004 0.826 0.005 0.080 0.082 
204   ZFCR23    (0)   :  0.018 0.119 0.307 0.005 0.436 0.114 
205   ZFCR24    (9)   :  0.007 0.541 0.053 0.008 0.204 0.186 
206   ZFCR25    (0)   :  0.007 0.007 0.383 0.008 0.260 0.335 
207   ZFCR26    (0)   :  0.005 0.009 0.787 0.010 0.170 0.018 
208   ZFCR27    (9)   :  0.005 0.007 0.039 0.011 0.848 0.091 
209   ZFCR28    (0)   :  0.043 0.197 0.403 0.013 0.313 0.030 
210   ZFCR29    (0)   :  0.004 0.011 0.450 0.008 0.018 0.508 
211   ZFCR30    (0)   :  0.014 0.008 0.576 0.009 0.118 0.275 
212   ZFCR31    (0)   :  0.094 0.161 0.123 0.024 0.112 0.486 
213   ZFCR33    (0)   :  0.030 0.029 0.070 0.092 0.749 0.030 
214   ZFCR34    (0)   :  0.036 0.028 0.412 0.035 0.195 0.293 
215   ZFCR35    (0)   :  0.019 0.015 0.022 0.035 0.026 0.885 
216   ZFCR36    (0)   :  0.020 0.013 0.297 0.014 0.094 0.562 
217   ZFCR37    (0)   :  0.008 0.010 0.187 0.198 0.502 0.095 
218   ZFCR38    (0)   :  0.016 0.013 0.068 0.060 0.816 0.026 
219   ZFCR39    (0)   :  0.010 0.102 0.048 0.146 0.677 0.017 
220   ZFCR40    (0)   :  0.018 0.023 0.052 0.061 0.801 0.046 
221   ZFCR41    (0)   :  0.044 0.010 0.677 0.060 0.021 0.188 
222   ZFCR42    (0)   :  0.035 0.038 0.420 0.120 0.341 0.046 
223   ZFCR43    (0)   :  0.008 0.167 0.179 0.008 0.055 0.583 
224  ZFENP25    (0)   :  0.008 0.026 0.050 0.053 0.771 0.091 
225  ZFENP26    (0)   :  0.007 0.004 0.007 0.006 0.966 0.010 
226  ZFENP27    (0)   :  0.064 0.016 0.008 0.364 0.383 0.165 
227  ZFENP28    (0)   :  0.012 0.006 0.012 0.017 0.928 0.024 
228  ZFENP29    (0)   :  0.011 0.009 0.031 0.043 0.889 0.017 
229  ZFENP30    (0)   :  0.012 0.007 0.020 0.115 0.837 0.009 
230  ZFENP31    (0)   :  0.008 0.009 0.008 0.042 0.922 0.012 
231  ZFENP32    (0)   :  0.059 0.034 0.010 0.035 0.641 0.221 
232  ZFENP33    (0)   :  0.010 0.010 0.011 0.012 0.869 0.088 
233  ZFENP34    (0)   :  0.021 0.015 0.011 0.053 0.247 0.653 
234  ZFENP35    (0)   :  0.026 0.008 0.009 0.006 0.940 0.011 
235  ZFENP36    (0)   :  0.008 0.003 0.005 0.004 0.966 0.014 
236  ZFENP37    (0)   :  0.020 0.011 0.012 0.016 0.779 0.162 
237  ZFENP38    (0)   :  0.061 0.013 0.115 0.046 0.747 0.018 
238  ZFENP39    (0)   :  0.012 0.009 0.015 0.051 0.803 0.111 
239  ZFENP40    (0)   :  0.008 0.010 0.008 0.013 0.894 0.067 
240  ZFENP41    (0)   :  0.019 0.012 0.019 0.218 0.701 0.032 
241  ZFENP42    (0)   :  0.007 0.005 0.020 0.009 0.954 0.004 
242  ZFENP43    (0)   :  0.165 0.012 0.019 0.075 0.703 0.026 
243  ZFENP44    (0)   :  0.020 0.011 0.010 0.029 0.921 0.010 
244  ZFENP45    (0)   :  0.010 0.024 0.574 0.040 0.336 0.016 
245  ZFENP46    (0)   :  0.026 0.022 0.013 0.005 0.903 0.032 
246  ZFENP47    (0)   :  0.005 0.035 0.071 0.155 0.696 0.038 
247  ZFENP48    (0)   :  0.017 0.039 0.045 0.136 0.220 0.543 
248  ZFENP49    (0)   :  0.017 0.039 0.054 0.123 0.599 0.167 
249  ZFENP50    (0)   :  0.018 0.078 0.044 0.005 0.850 0.006 
250  ZFENP51    (0)   :  0.004 0.004 0.065 0.007 0.903 0.017 
251  ZFENP52    (0)   :  0.057 0.008 0.011 0.033 0.884 0.006 
252  ZFENP53    (0)   :  0.019 0.042 0.059 0.013 0.856 0.010 
253  ZFENP54    (0)   :  0.021 0.150 0.159 0.073 0.467 0.130 
254  ZFENP55    (0)   :  0.007 0.010 0.089 0.006 0.599 0.289 
255  ZFENP56    (0)   :  0.035 0.006 0.056 0.018 0.869 0.017 
256  ZFENP57    (0)   :  0.017 0.006 0.006 0.006 0.940 0.025 
257  ZFENP58    (0)   :  0.024 0.012 0.319 0.071 0.552 0.022 
258  ZFENP59    (0)   :  0.009 0.008 0.014 0.211 0.734 0.024 
259  ZFENP60    (0)   :  0.010 0.011 0.032 0.012 0.844 0.092 
260  ZFENP61    (0)   :  0.007 0.007 0.013 0.056 0.790 0.127 
261 ZFFDSP01    (0)   :  0.035 0.938 0.013 0.005 0.003 0.006 
262 ZFFDSP02    (0)   :  0.007 0.976 0.006 0.005 0.003 0.004 
263 ZFFDSP04    (0)   :  0.005 0.975 0.008 0.005 0.003 0.005 
264 ZFFDSP05    (0)   :  0.014 0.962 0.011 0.005 0.004 0.004 
265 ZFFDSP06    (0)   :  0.006 0.975 0.007 0.006 0.002 0.004 
266 ZFFDSP07    (0)   :  0.006 0.952 0.017 0.016 0.005 0.004 
267 ZFFDSP08    (0)   :  0.017 0.929 0.033 0.013 0.005 0.003 
268 ZFFDSP10    (0)   :  0.012 0.965 0.009 0.006 0.004 0.005 
269 ZFFDSP11    (0)   :  0.007 0.972 0.009 0.004 0.004 0.005 
270 ZFFDSP12    (0)   :  0.007 0.977 0.006 0.004 0.003 0.003 
271 ZFFDSP13    (0)   :  0.553 0.403 0.012 0.021 0.006 0.005 
272 ZFFDSP14    (0)   :  0.005 0.970 0.009 0.007 0.004 0.004 
273 ZFFDSP16    (0)   :  0.016 0.954 0.007 0.008 0.005 0.009 
274 ZFFDSP17    (0)   :  0.008 0.969 0.010 0.005 0.003 0.005 
275 ZFFDSP18    (0)   :  0.007 0.969 0.008 0.006 0.003 0.007 
276 ZFFDSP19    (0)   :  0.080 0.882 0.007 0.022 0.003 0.007 
277 ZFFDSP21    (0)   :  0.157 0.812 0.006 0.017 0.003 0.004 
278 ZFFDSP22    (0)   :  0.006 0.970 0.012 0.006 0.003 0.003 
279 ZFFDSP23    (0)   :  0.022 0.954 0.014 0.005 0.003 0.003 
280 ZFFDSP24    (0)   :  0.046 0.932 0.006 0.006 0.003 0.006 
281 ZFFDSP26    (9)   :  0.017 0.961 0.008 0.006 0.003 0.004 
282 ZFFDSP27    (0)   :  0.012 0.970 0.005 0.004 0.003 0.005 
283 ZFFDSP28    (0)   :  0.013 0.872 0.014 0.016 0.022 0.063 
284 ZFFDSP30    (0)   :  0.259 0.696 0.008 0.007 0.006 0.023 
285 ZFFDSP31    (0)   :  0.013 0.965 0.007 0.006 0.003 0.005 
286 ZFFDSP32    (0)   :  0.009 0.976 0.005 0.004 0.003 0.003 
287 ZFFDSP33    (0)   :  0.010 0.976 0.005 0.003 0.003 0.003 
288 ZFFDSP34    (0)   :  0.009 0.970 0.007 0.008 0.003 0.004 
289 ZFFDSP35    (0)   :  0.015 0.966 0.007 0.005 0.003 0.006 
290 ZFFDSP37    (0)   :  0.009 0.974 0.005 0.004 0.003 0.005 
291 ZFFDSP38    (0)   :  0.008 0.975 0.005 0.004 0.003 0.005 
292 ZFFDSP39    (0)   :  0.059 0.925 0.005 0.004 0.003 0.004 
293 ZFFDSP40    (0)   :  0.041 0.942 0.004 0.004 0.003 0.005 
294 ZFFDSP42    (0)   :  0.017 0.955 0.014 0.006 0.003 0.004 
295 ZFFDSP43    (0)   :  0.017 0.966 0.005 0.004 0.003 0.004 
296 ZFFDSP44    (0)   :  0.032 0.950 0.005 0.004 0.004 0.005 
297 ZFFDSP45    (0)   :  0.013 0.968 0.005 0.005 0.003 0.005 
298 ZFFDSP46    (0)   :  0.020 0.959 0.007 0.005 0.003 0.005 
299 ZFFDSP47    (0)   :  0.181 0.798 0.010 0.004 0.003 0.004 
300 ZFFDSP48    (0)   :  0.135 0.848 0.005 0.005 0.003 0.004 
301    ZFI01    (0)   :  0.007 0.005 0.006 0.009 0.016 0.958 
302    ZFI02    (0)   :  0.007 0.006 0.006 0.004 0.009 0.969 
303    ZFI03    (0)   :  0.006 0.004 0.004 0.006 0.005 0.976 
304    ZFI04    (0)   :  0.006 0.005 0.005 0.006 0.014 0.964 
305    ZFI05    (0)   :  0.014 0.006 0.004 0.005 0.007 0.964 
306    ZFI06    (0)   :  0.043 0.010 0.004 0.004 0.014 0.924 
307    ZFI07    (0)   :  0.005 0.004 0.004 0.006 0.006 0.975 
308    ZFI08    (0)   :  0.004 0.003 0.005 0.005 0.010 0.972 
309    ZFI09    (0)   :  0.006 0.004 0.004 0.004 0.009 0.972 
310    ZFI10    (0)   :  0.030 0.007 0.005 0.004 0.014 0.940 
311    ZFI11    (0)   :  0.006 0.004 0.004 0.005 0.013 0.969 
312    ZFI12    (0)   :  0.011 0.005 0.005 0.006 0.005 0.969 
313    ZFI13    (0)   :  0.007 0.004 0.004 0.007 0.007 0.972 
314    ZFI14    (0)   :  0.010 0.011 0.004 0.005 0.005 0.964 
315    ZFI15    (0)   :  0.005 0.004 0.003 0.005 0.005 0.977 
316    ZFI16    (0)   :  0.006 0.004 0.003 0.005 0.004 0.979 
317    ZFI17    (0)   :  0.008 0.004 0.004 0.005 0.009 0.971 
318    ZFI18    (0)   :  0.006 0.003 0.003 0.003 0.008 0.977 
319    ZFI19    (9)   :  0.005 0.003 0.003 0.004 0.005 0.979 
320    ZFI20    (0)   :  0.006 0.006 0.004 0.004 0.005 0.976 
321    ZFI21    (0)   :  0.019 0.016 0.004 0.004 0.005 0.952 
322    ZFI22    (0)   :  0.004 0.006 0.005 0.007 0.007 0.971 
323    ZFI23    (0)   :  0.007 0.004 0.004 0.004 0.005 0.976 
324    ZFI24    (0)   :  0.008 0.005 0.004 0.007 0.005 0.971 
325    ZFI25    (0)   :  0.005 0.006 0.005 0.006 0.006 0.972 
326    ZFI26    (0)   :  0.005 0.004 0.004 0.008 0.006 0.974 
327    ZFI27    (0)   :  0.024 0.005 0.005 0.006 0.006 0.954 
328    ZFK01    (0)   :  0.013 0.011 0.008 0.950 0.012 0.006 
329    ZFK02    (0)   :  0.012 0.010 0.008 0.952 0.010 0.007 
330    ZFK03    (0)   :  0.009 0.010 0.007 0.948 0.020 0.006 
331    ZFK04    (0)   :  0.008 0.007 0.007 0.892 0.071 0.015 
332    ZFK05    (0)   :  0.006 0.006 0.005 0.879 0.093 0.011 
333    ZFK06    (0)   :  0.008 0.007 0.006 0.938 0.024 0.018 
334    ZFK07    (0)   :  0.015 0.010 0.011 0.939 0.021 0.004 
335    ZFK08    (0)   :  0.007 0.011 0.013 0.780 0.172 0.016 
336    ZFK10    (0)   :  0.008 0.007 0.006 0.940 0.023 0.015 
337    ZFK11    (0)   :  0.009 0.008 0.006 0.907 0.062 0.008 
338    ZFK12    (0)   :  0.010 0.014 0.022 0.939 0.011 0.004 
339    ZFK13    (0)   :  0.018 0.048 0.015 0.889 0.025 0.004 
340    ZFK14    (0)   :  0.015 0.013 0.010 0.947 0.010 0.004 
341    ZFK15    (0)   :  0.016 0.037 0.010 0.822 0.108 0.007 
342    ZFK16    (0)   :  0.016 0.019 0.016 0.933 0.012 0.004 
343   ZFLB01    (0)   :  0.008 0.010 0.004 0.004 0.968 0.006 
344   ZFLB02    (0)   :  0.004 0.005 0.003 0.004 0.976 0.008 
345   ZFLB03    (0)   :  0.030 0.006 0.004 0.005 0.949 0.006 
346   ZFLB04    (0)   :  0.176 0.029 0.005 0.009 0.768 0.013 
347   ZFLB05    (0)   :  0.012 0.006 0.003 0.004 0.966 0.008 
348   ZFLB06    (0)   :  0.005 0.007 0.004 0.009 0.969 0.004 
349   ZFLB07    (0)   :  0.060 0.021 0.011 0.013 0.891 0.005 
350   ZFLB08    (0)   :  0.005 0.004 0.003 0.005 0.975 0.008 
351   ZFLB09    (9)   :  0.004 0.006 0.004 0.007 0.972 0.006 
352   ZFLB10    (0)   :  0.007 0.006 0.003 0.004 0.973 0.007 
353   ZFLB11    (0)   :  0.005 0.006 0.008 0.012 0.966 0.003 
354   ZFLB12    (0)   :  0.003 0.003 0.003 0.005 0.980 0.005 
355   ZFLB13    (0)   :  0.006 0.007 0.005 0.010 0.968 0.005 
356  ZFLTI01    (0)   :  0.755 0.142 0.031 0.062 0.004 0.006 
357  ZFLTI02    (0)   :  0.906 0.026 0.016 0.044 0.003 0.006 
358  ZFLTI03    (0)   :  0.948 0.024 0.011 0.009 0.003 0.004 
359  ZFLTI04    (0)   :  0.937 0.032 0.010 0.011 0.004 0.006 
360  ZFLTI05    (0)   :  0.963 0.018 0.005 0.006 0.003 0.005 
361  ZFLTI06    (0)   :  0.819 0.152 0.013 0.008 0.003 0.005 
362  ZFLTI07    (0)   :  0.868 0.103 0.008 0.009 0.003 0.008 
363  ZFLTI08    (0)   :  0.963 0.012 0.008 0.007 0.003 0.007 
364  ZFLTI09    (0)   :  0.871 0.100 0.008 0.008 0.003 0.010 
365  ZFLTI10    (0)   :  0.695 0.266 0.009 0.019 0.003 0.008 
366  ZFLTI11    (0)   :  0.907 0.063 0.014 0.007 0.003 0.005 
367  ZFLTI12    (0)   :  0.890 0.068 0.014 0.020 0.003 0.005 
368  ZFLTI13    (0)   :  0.949 0.013 0.014 0.016 0.003 0.005 
369  ZFLTI14    (0)   :  0.932 0.019 0.006 0.034 0.003 0.007 
370 ZFONF101    (0)   :  0.005 0.983 0.005 0.002 0.003 0.003 
371 ZFONF102    (0)   :  0.005 0.969 0.009 0.003 0.009 0.005 
372 ZFONF103    (0)   :  0.081 0.878 0.016 0.015 0.005 0.005 
373 ZFONF104    (0)   :  0.006 0.979 0.006 0.004 0.002 0.002 
374 ZFONF105    (0)   :  0.012 0.960 0.017 0.005 0.003 0.003 
375 ZFONF106    (0)   :  0.005 0.980 0.004 0.004 0.002 0.004 
376 ZFONF107    (0)   :  0.018 0.872 0.008 0.019 0.062 0.021 
377 ZFONF108    (0)   :  0.022 0.937 0.006 0.019 0.009 0.006 
378 ZFONF109    (9)   :  0.015 0.951 0.009 0.016 0.006 0.004 
379 ZFONF110    (0)   :  0.007 0.977 0.005 0.005 0.002 0.003 
380 ZFONF111    (0)   :  0.012 0.909 0.034 0.012 0.019 0.014 
381 ZFONF112    (0)   :  0.010 0.968 0.011 0.005 0.003 0.003 
382 ZFONF113    (9)   :  0.013 0.960 0.011 0.007 0.005 0.003 
383 ZFONF115    (0)   :  0.011 0.965 0.008 0.007 0.004 0.005 
384 ZFONF116    (0)   :  0.010 0.965 0.009 0.006 0.004 0.006 
385 ZFONF117    (0)   :  0.359 0.603 0.020 0.010 0.004 0.004 
386 ZFONF118    (0)   :  0.021 0.949 0.010 0.010 0.003 0.007 
387 ZFONF119    (0)   :  0.006 0.964 0.011 0.011 0.005 0.003 
388 ZFONF120    (0)   :  0.006 0.941 0.021 0.024 0.004 0.003 
389 ZFONF121    (0)   :  0.007 0.967 0.013 0.005 0.004 0.004 
390 ZFONF122    (0)   :  0.089 0.859 0.011 0.027 0.004 0.008 
391 ZFONF123    (0)   :  0.005 0.947 0.009 0.007 0.027 0.006 
392 ZFONF124    (0)   :  0.008 0.967 0.009 0.008 0.005 0.003 
393 ZFONF125    (0)   :  0.010 0.857 0.059 0.030 0.037 0.007 
394 ZFONF126    (0)   :  0.014 0.949 0.013 0.015 0.004 0.006 
395 ZFONF201    (0)   :  0.016 0.158 0.640 0.043 0.023 0.119 
396 ZFONF202    (0)   :  0.007 0.367 0.604 0.016 0.003 0.004 
397 ZFONF203    (0)   :  0.005 0.009 0.973 0.007 0.003 0.003 
398 ZFONF204    (0)   :  0.016 0.013 0.867 0.086 0.010 0.008 
399 ZFONF206    (0)   :  0.007 0.017 0.927 0.015 0.020 0.015 
400 ZFONF207    (0)   :  0.008 0.014 0.965 0.006 0.004 0.003 
401 ZFONF208    (0)   :  0.036 0.407 0.513 0.027 0.009 0.007 
402 ZFONF209    (0)   :  0.017 0.013 0.900 0.051 0.008 0.011 
403 ZFONF210    (0)   :  0.043 0.099 0.842 0.010 0.003 0.003 
404 ZFONF211    (0)   :  0.034 0.152 0.788 0.017 0.006 0.004 
405 ZFONF212    (0)   :  0.029 0.110 0.851 0.004 0.003 0.004 
406 ZFONF214    (0)   :  0.007 0.086 0.893 0.009 0.003 0.003 
407 ZFONF215    (0)   :  0.008 0.179 0.802 0.006 0.003 0.003 
408 ZFONF216    (0)   :  0.011 0.010 0.968 0.005 0.003 0.002 
409 ZFONF217    (0)   :  0.013 0.860 0.106 0.015 0.003 0.003 
410 ZFONF218    (0)   :  0.009 0.010 0.967 0.005 0.006 0.003 
411 ZFONF219    (0)   :  0.006 0.026 0.960 0.004 0.003 0.002 
412 ZFONF220    (0)   :  0.008 0.640 0.329 0.016 0.003 0.004 
413 ZFONF222    (0)   :  0.006 0.006 0.976 0.005 0.005 0.003 
414 ZFONF223    (0)   :  0.004 0.020 0.962 0.004 0.005 0.004 
415 ZFONF224    (0)   :  0.007 0.014 0.969 0.005 0.003 0.003 
416 ZFONF225    (0)   :  0.009 0.070 0.910 0.006 0.003 0.002 
417 ZFONF226    (0)   :  0.006 0.010 0.972 0.007 0.003 0.003 
418 ZFONF227    (0)   :  0.009 0.014 0.969 0.004 0.002 0.002 
419 ZFONF228    (0)   :  0.016 0.028 0.943 0.004 0.003 0.005 
420 ZFONF230    (0)   :  0.014 0.147 0.825 0.008 0.003 0.003 
421 ZFONF231    (0)   :  0.009 0.021 0.952 0.012 0.003 0.003 
422 ZFONF232    (0)   :  0.007 0.063 0.921 0.004 0.003 0.003 
423 ZFONF233    (0)   :  0.007 0.022 0.955 0.010 0.003 0.003 
424 ZFONF234    (0)   :  0.021 0.015 0.943 0.010 0.007 0.004 
425 ZFONF235    (0)   :  0.007 0.013 0.969 0.006 0.003 0.002 
426 ZFONF236    (0)   :  0.038 0.026 0.878 0.025 0.016 0.017 
427 ZFONF238    (0)   :  0.005 0.014 0.970 0.006 0.003 0.003 
428 ZFONF239    (0)   :  0.006 0.015 0.937 0.024 0.006 0.012 
429 ZFONF240    (0)   :  0.014 0.056 0.912 0.013 0.002 0.002 
430 ZFONF241    (0)   :  0.018 0.044 0.918 0.006 0.005 0.010 
431 ZFONF242    (0)   :  0.015 0.203 0.757 0.017 0.004 0.004 
432 ZFONF243    (0)   :  0.020 0.010 0.958 0.006 0.003 0.003 
433 ZFONF244    (0)   :  0.008 0.045 0.934 0.007 0.003 0.002 
434 ZFONF245    (0)   :  0.052 0.021 0.906 0.015 0.003 0.002 
435   ZFOS01    (0)   :  0.023 0.021 0.009 0.939 0.004 0.004 
436   ZFOS02    (0)   :  0.021 0.039 0.010 0.897 0.008 0.026 
437   ZFOS03    (0)   :  0.006 0.012 0.007 0.947 0.017 0.010 
438   ZFOS04    (0)   :  0.049 0.104 0.007 0.814 0.005 0.021 
439   ZFOS05    (0)   :  0.021 0.037 0.015 0.915 0.005 0.008 
440   ZFOS06    (0)   :  0.020 0.012 0.023 0.932 0.007 0.006 
441   ZFOS07    (0)   :  0.006 0.008 0.004 0.959 0.005 0.018 
442   ZFOS08    (0)   :  0.015 0.018 0.006 0.934 0.005 0.023 
443   ZFOS09    (0)   :  0.023 0.092 0.018 0.834 0.014 0.020 
444   ZFOS10    (0)   :  0.007 0.003 0.003 0.940 0.018 0.029 
445   ZFOS11    (0)   :  0.231 0.016 0.017 0.658 0.031 0.047 
446   ZFOS12    (0)   :  0.029 0.024 0.107 0.753 0.038 0.048 
447   ZFOS13    (0)   :  0.013 0.013 0.009 0.946 0.006 0.014 
448   ZFOS14    (0)   :  0.110 0.012 0.015 0.704 0.021 0.137 
449   ZFOS15    (0)   :  0.006 0.004 0.003 0.976 0.005 0.006 
450   ZFOS16    (0)   :  0.040 0.046 0.008 0.879 0.010 0.017 
451   ZFOS17    (0)   :  0.006 0.004 0.007 0.969 0.006 0.008 
452   ZFOS18    (0)   :  0.011 0.005 0.004 0.964 0.008 0.008 
453   ZFOS19    (0)   :  0.005 0.004 0.008 0.974 0.005 0.004 
454   ZFOS20    (0)   :  0.007 0.008 0.007 0.964 0.006 0.009 
455   ZFOS21    (0)   :  0.020 0.020 0.004 0.942 0.006 0.007 
456   ZFOS22    (0)   :  0.011 0.006 0.010 0.963 0.006 0.003 
457   ZFOS23    (0)   :  0.005 0.003 0.005 0.771 0.021 0.194 
458   ZFOS24    (0)   :  0.011 0.004 0.004 0.973 0.005 0.004 
459   ZFOS25    (0)   :  0.472 0.017 0.029 0.451 0.009 0.021 
460   ZFOS26    (0)   :  0.228 0.197 0.011 0.541 0.007 0.016 
461   ZFOS27    (0)   :  0.021 0.029 0.007 0.929 0.006 0.008 
462   ZFOS28    (0)   :  0.015 0.010 0.006 0.938 0.013 0.018 
463   ZFOS29    (0)   :  0.011 0.011 0.006 0.955 0.008 0.009 
464   ZFOS30    (0)   :  0.006 0.010 0.008 0.967 0.004 0.006 
465   ZFOS31    (0)   :  0.012 0.023 0.142 0.785 0.006 0.031 
466   ZFOS32    (0)   :  0.019 0.021 0.009 0.931 0.006 0.014 
467   ZFPB01    (0)   :  0.004 0.003 0.003 0.004 0.981 0.005 
468   ZFPB02    (0)   :  0.005 0.007 0.009 0.005 0.971 0.003 
469   ZFPB03    (0)   :  0.012 0.009 0.003 0.010 0.962 0.005 
470   ZFPB05    (0)   :  0.004 0.004 0.004 0.004 0.981 0.003 
471   ZFPB06    (0)   :  0.004 0.004 0.003 0.008 0.977 0.005 
472   ZFPB07    (0)   :  0.005 0.011 0.007 0.004 0.970 0.003 
473   ZFPB08    (0)   :  0.005 0.008 0.005 0.008 0.970 0.004 
474   ZFPB10    (0)   :  0.006 0.003 0.004 0.004 0.979 0.004 
475   ZFPB11    (0)   :  0.003 0.004 0.005 0.006 0.979 0.003 
476   ZFPB12    (0)   :  0.004 0.003 0.004 0.005 0.981 0.003 
477   ZFPB13    (0)   :  0.005 0.007 0.004 0.004 0.977 0.004 
478   ZFPB14    (0)   :  0.004 0.011 0.006 0.005 0.970 0.004 
479   ZFPB15    (0)   :  0.005 0.013 0.004 0.007 0.967 0.004 
480   ZFPB17    (0)   :  0.003 0.003 0.003 0.005 0.982 0.003 
481   ZFPB18    (0)   :  0.004 0.006 0.005 0.005 0.978 0.003 
482   ZFPB19    (0)   :  0.005 0.007 0.004 0.007 0.972 0.006 
483   ZFPB20    (0)   :  0.003 0.004 0.002 0.003 0.985 0.003 
484   ZFPB21    (0)   :  0.004 0.012 0.003 0.005 0.971 0.004 
485   ZFPB22    (0)   :  0.003 0.003 0.002 0.004 0.985 0.004 
486   ZFPB23    (0)   :  0.004 0.006 0.004 0.005 0.977 0.004 
487   ZFSF01    (0)   :  0.004 0.004 0.026 0.005 0.021 0.939 
488   ZFSF02    (0)   :  0.023 0.034 0.176 0.022 0.029 0.716 
489   ZFSF03    (0)   :  0.005 0.006 0.028 0.005 0.091 0.865 
490   ZFSF04    (0)   :  0.007 0.013 0.014 0.013 0.007 0.946 
491  ZFSW101    (0)   :  0.012 0.142 0.012 0.008 0.010 0.816 
492  ZFSW102    (0)   :  0.005 0.012 0.014 0.020 0.011 0.937 
493  ZFSW103    (0)   :  0.029 0.030 0.012 0.007 0.006 0.915 
494  ZFSW104    (9)   :  0.009 0.023 0.028 0.038 0.012 0.890 
495  ZFSW105    (0)   :  0.007 0.057 0.012 0.007 0.005 0.912 
496  ZFSW106    (0)   :  0.014 0.023 0.136 0.007 0.044 0.776 
497  ZFSW107    (0)   :  0.005 0.011 0.007 0.009 0.022 0.945 
498  ZFSW108    (0)   :  0.003 0.003 0.004 0.005 0.012 0.973 
499  ZFSW109    (0)   :  0.006 0.007 0.007 0.007 0.006 0.967 
500  ZFSW110    (0)   :  0.016 0.040 0.021 0.009 0.011 0.904 
501  ZFSW111    (0)   :  0.009 0.223 0.020 0.040 0.020 0.688 
502  ZFSW112    (0)   :  0.007 0.025 0.006 0.050 0.007 0.905 
503  ZFSW113    (0)   :  0.016 0.091 0.044 0.017 0.013 0.819 
504  ZFSW114    (0)   :  0.005 0.010 0.010 0.009 0.006 0.959 
505  ZFSW115    (0)   :  0.005 0.010 0.030 0.008 0.009 0.938 
506  ZFSW116    (0)   :  0.010 0.097 0.056 0.020 0.043 0.773 
507  ZFSW117    (0)   :  0.018 0.078 0.110 0.015 0.024 0.755 
508  ZFSW119    (0)   :  0.003 0.004 0.007 0.010 0.004 0.972 
509  ZFSW120    (0)   :  0.002 0.002 0.005 0.005 0.007 0.978 
510  ZFSW121    (0)   :  0.007 0.030 0.115 0.028 0.011 0.810 
511  ZFSW122    (0)   :  0.008 0.008 0.008 0.006 0.007 0.963 
512  ZFSW123    (0)   :  0.003 0.004 0.003 0.005 0.009 0.975 
513  ZFSW124    (0)   :  0.004 0.005 0.004 0.010 0.006 0.972 
514  ZFSW201    (0)   :  0.005 0.004 0.004 0.006 0.021 0.960 
515  ZFSW202    (0)   :  0.004 0.005 0.005 0.008 0.007 0.971 
516  ZFSW203    (0)   :  0.004 0.004 0.004 0.009 0.009 0.971 
517  ZFSW204    (0)   :  0.005 0.006 0.005 0.016 0.014 0.955 
518  ZFSW205    (0)   :  0.007 0.005 0.003 0.005 0.006 0.974 
519  ZFSW206    (0)   :  0.006 0.004 0.005 0.005 0.008 0.971 
520  ZFSW207    (0)   :  0.009 0.007 0.007 0.004 0.005 0.968 
521  ZFSW208    (0)   :  0.005 0.005 0.007 0.006 0.010 0.967 
522  ZFSW209    (0)   :  0.005 0.004 0.010 0.005 0.025 0.951 
523  ZFSW210    (0)   :  0.026 0.017 0.013 0.008 0.009 0.927 
524  ZFSW211    (0)   :  0.013 0.009 0.005 0.006 0.013 0.954 
525  ZFSW212    (0)   :  0.007 0.007 0.005 0.007 0.006 0.969 
526  ZFSW213    (0)   :  0.004 0.005 0.005 0.008 0.005 0.973 
527  ZFSW214    (0)   :  0.005 0.006 0.005 0.010 0.004 0.971 
528  ZFSW215    (0)   :  0.003 0.004 0.004 0.006 0.005 0.977 
529  ZFSW216    (0)   :  0.011 0.008 0.004 0.007 0.007 0.963 
530  ZFSW217    (0)   :  0.004 0.004 0.005 0.008 0.005 0.974 
531  ZFSW218    (0)   :  0.006 0.006 0.004 0.007 0.005 0.973 
532  ZFSW219    (0)   :  0.009 0.009 0.006 0.016 0.023 0.937 
533  ZFSW220    (0)   :  0.005 0.005 0.005 0.010 0.019 0.957 
534  ZFSW221    (0)   :  0.009 0.007 0.006 0.007 0.009 0.963 
535  ZFSW222    (0)   :  0.003 0.003 0.004 0.004 0.005 0.980 
536  ZFSW223    (0)   :  0.004 0.004 0.006 0.009 0.017 0.960 
537  ZFSW224    (0)   :  0.007 0.008 0.006 0.008 0.008 0.964 
538  ZFSW225    (0)   :  0.008 0.005 0.004 0.006 0.009 0.968 
539  ZFSW226    (0)   :  0.005 0.006 0.004 0.006 0.007 0.973 
540  ZFSW227    (0)   :  0.005 0.005 0.004 0.006 0.008 0.972 
541  ZFSW229    (0)   :  0.007 0.004 0.004 0.005 0.007 0.973 
542  ZFSW230    (0)   :  0.006 0.012 0.004 0.008 0.005 0.966 
543  ZFSW231    (0)   :  0.007 0.005 0.005 0.005 0.010 0.968 
544  ZFSW232    (0)   :  0.004 0.005 0.006 0.004 0.006 0.975 
545  ZFSW233    (0)   :  0.006 0.009 0.007 0.007 0.017 0.955 
546  ZFSW234    (0)   :  0.003 0.003 0.003 0.005 0.006 0.979 
547  ZFSW235    (0)   :  0.006 0.006 0.006 0.014 0.010 0.958 
548  ZFSW236    (0)   :  0.004 0.005 0.004 0.007 0.004 0.977 
549  ZFSW237    (0)   :  0.004 0.005 0.007 0.011 0.006 0.967 
550  ZFSW238    (0)   :  0.010 0.016 0.083 0.076 0.021 0.794 
551  ZFSW239    (0)   :  0.005 0.008 0.003 0.005 0.007 0.973 
552  ZFSW240    (0)   :  0.005 0.004 0.003 0.005 0.010 0.974 
553   ZFTS01    (0)   :  0.003 0.004 0.004 0.003 0.978 0.007 
554   ZFTS02    (0)   :  0.006 0.010 0.014 0.010 0.930 0.029 
555   ZFTS03    (0)   :  0.004 0.006 0.009 0.010 0.926 0.045 
556   ZFTS04    (0)   :  0.003 0.005 0.007 0.007 0.964 0.015 
557   ZFTS05    (0)   :  0.004 0.005 0.005 0.008 0.965 0.013 
558   ZFTS07    (0)   :  0.003 0.004 0.004 0.005 0.974 0.010 
559   ZFTS08    (0)   :  0.003 0.004 0.006 0.009 0.933 0.045 
560   ZFTS09    (0)   :  0.002 0.002 0.003 0.004 0.971 0.018 
561   ZFTS10    (0)   :  0.005 0.005 0.005 0.006 0.931 0.048 
562   ZFTS11    (0)   :  0.003 0.003 0.004 0.005 0.967 0.018 
563   ZFTS12    (0)   :  0.004 0.004 0.006 0.010 0.963 0.012 
564   ZFTS14    (0)   :  0.004 0.004 0.008 0.005 0.969 0.009 
565   ZFTS15    (0)   :  0.004 0.005 0.004 0.004 0.975 0.009 
566   ZFTS16    (0)   :  0.007 0.010 0.006 0.010 0.848 0.119 
567   ZFTS17    (9)   :  0.007 0.005 0.005 0.007 0.948 0.028 
568   ZFTS18    (0)   :  0.004 0.004 0.005 0.011 0.910 0.065 
569   ZFTS19    (9)   :  0.004 0.003 0.004 0.008 0.113 0.868 
570   ZFTS20    (0)   :  0.004 0.004 0.007 0.011 0.929 0.044 
571   ZFTS21    (0)   :  0.003 0.004 0.006 0.005 0.966 0.016 
572   ZFTS22    (0)   :  0.003 0.003 0.005 0.008 0.955 0.025 
573   ZFTS23    (0)   :  0.004 0.006 0.009 0.011 0.956 0.014 
574   ZFTS24    (0)   :  0.004 0.004 0.006 0.012 0.946 0.028 
575   ZFTS25    (0)   :  0.006 0.007 0.005 0.003 0.932 0.046 
576   ZFTS26    (0)   :  0.003 0.003 0.003 0.004 0.066 0.921 
577   ZFTS27    (0)   :  0.004 0.008 0.006 0.006 0.953 0.023 
578   ZFTS28    (0)   :  0.008 0.023 0.015 0.018 0.906 0.031 
579   ZFTS29    (0)   :  0.003 0.003 0.003 0.006 0.950 0.036 
580   ZFTS30    (0)   :  0.003 0.004 0.004 0.005 0.942 0.043 
581   ZFTS31    (0)   :  0.004 0.005 0.005 0.012 0.953 0.020 
582   ZFTS32    (0)   :  0.004 0.005 0.004 0.006 0.950 0.032 
583   ZFTS33    (0)   :  0.005 0.006 0.007 0.007 0.947 0.027 
584   ZFTS34    (0)   :  0.004 0.010 0.010 0.006 0.925 0.044 
585   ZFTS35    (0)   :  0.005 0.006 0.008 0.009 0.862 0.111 
586   ZFTS36    (0)   :  0.004 0.005 0.007 0.007 0.963 0.014 
587   ZFTS37    (0)   :  0.005 0.007 0.006 0.010 0.520 0.452 
588   ZFTS38    (0)   :  0.004 0.006 0.008 0.012 0.757 0.212 
589   ZFTS39    (0)   :  0.005 0.006 0.008 0.008 0.937 0.037 
590   ZFTS40    (0)   :  0.008 0.021 0.013 0.009 0.930 0.020 
591 ZFTSP101    (0)   :  0.690 0.284 0.007 0.011 0.004 0.005 
592 ZFTSP102    (0)   :  0.971 0.007 0.006 0.007 0.004 0.005 
593 ZFTSP103    (0)   :  0.970 0.007 0.006 0.011 0.003 0.004 
594 ZFTSP104    (0)   :  0.942 0.033 0.015 0.004 0.003 0.003 
595 ZFTSP105    (0)   :  0.970 0.009 0.007 0.007 0.003 0.004 
596 ZFTSP106    (0)   :  0.039 0.652 0.292 0.006 0.006 0.005 
597 ZFTSP107    (0)   :  0.945 0.011 0.026 0.010 0.004 0.004 
598 ZFTSP108    (0)   :  0.164 0.027 0.795 0.007 0.004 0.003 
599 ZFTSP109    (0)   :  0.173 0.028 0.783 0.007 0.004 0.004 
600 ZFTSP110    (0)   :  0.316 0.645 0.015 0.015 0.005 0.004 
601 ZFTSP111    (0)   :  0.911 0.071 0.005 0.006 0.003 0.003 
602 ZFTSP112    (0)   :  0.901 0.055 0.012 0.018 0.009 0.006 
603 ZFTSP113    (0)   :  0.834 0.033 0.116 0.008 0.005 0.004 
604 ZFTSP114    (0)   :  0.968 0.013 0.007 0.005 0.004 0.003 
605 ZFTSP115    (0)   :  0.774 0.142 0.036 0.036 0.007 0.005 
606 ZFTSP116    (0)   :  0.948 0.028 0.008 0.008 0.004 0.004 
607 ZFTSP117    (0)   :  0.964 0.022 0.004 0.003 0.003 0.004 
