

----------------------------------------------------
STRUCTURE by Pritchard, Stephens and Donnelly (2000)
     and Falush, Stephens and Pritchard (2003)
       Code by Pritchard, Falush and Hubisz
             Version 2.3.4 (Jul 2012)
----------------------------------------------------



Command line arguments:   bin\structure -m C:\Users\eschumacher\Documents\GitHub\GCC_QUAC_ZAIN\Data_Files\Structure_Files\ZAIN\ZAIN_wild_rebinned_nopopinfo\50-50\mainparams -e C:\Users\eschumacher\Documents\GitHub\GCC_QUAC_ZAIN\Data_Files\Structure_Files\ZAIN\ZAIN_wild_rebinned_nopopinfo\50-50\extraparams 
Input File:    C:\Users\eschumacher\Documents\GitHub\GCC_QUAC_ZAIN\Data_Files\Structure_Files\ZAIN\ZAIN_wild_rebinned_nopopinfo\project_data

Run parameters:
   751 individuals
   11 loci
   15 populations assumed
   50000 Burn-in period
   50000 Reps


--------------------------------------------
Overall proportion of membership of the
sample in each of the 15 clusters

Inferred Clusters
  1      2      3      4      5      6      7      8      9     10     11     12     13     14     15    
0.058  0.083  0.089  0.032  0.061  0.065  0.077  0.045  0.083  0.065  0.060  0.101  0.071  0.059  0.051  

--------------------------------------------

Allele-freq. divergence among pops (Net nucleotide distance),
computed using point estimates of P.

      1       2       3       4       5       6       7       8       9      10      11      12      13      14      15      
 1      -    0.1437  0.1543  0.2410  0.3618  0.3797  0.3141  0.3215  0.2718  0.3031  0.1355  0.3168  0.1779  0.2419  0.2242  
 2   0.1437     -    0.1377  0.1607  0.2865  0.2051  0.1776  0.1817  0.1618  0.2061  0.0735  0.2247  0.1249  0.1201  0.1841  
 3   0.1543  0.1377     -    0.2637  0.3803  0.3009  0.2765  0.2599  0.2251  0.2704  0.0992  0.2597  0.1061  0.2307  0.3137  
 4   0.2410  0.1607  0.2637     -    0.2852  0.2494  0.2150  0.1783  0.2018  0.1964  0.1878  0.2361  0.2834  0.1902  0.3258  
 5   0.3618  0.2865  0.3803  0.2852     -    0.3012  0.1340  0.1524  0.2139  0.1074  0.2049  0.1460  0.3963  0.1912  0.4673  
 6   0.3797  0.2051  0.3009  0.2494  0.3012     -    0.1458  0.1730  0.2071  0.2411  0.2631  0.2775  0.3115  0.2570  0.4586  
 7   0.3141  0.1776  0.2765  0.2150  0.1340  0.1458     -    0.0481  0.2037  0.0884  0.1609  0.0672  0.3077  0.1435  0.3645  
 8   0.3215  0.1817  0.2599  0.1783  0.1524  0.1730  0.0481     -    0.1652  0.0975  0.1441  0.0807  0.2646  0.1451  0.4246  
 9   0.2718  0.1618  0.2251  0.2018  0.2139  0.2071  0.2037  0.1652     -    0.2120  0.1294  0.2482  0.1908  0.1941  0.3572  
10   0.3031  0.2061  0.2704  0.1964  0.1074  0.2411  0.0884  0.0975  0.2120     -    0.1512  0.0592  0.2942  0.1983  0.3888  
11   0.1355  0.0735  0.0992  0.1878  0.2049  0.2631  0.1609  0.1441  0.1294  0.1512     -    0.1467  0.1186  0.1241  0.2693  
12   0.3168  0.2247  0.2597  0.2361  0.1460  0.2775  0.0672  0.0807  0.2482  0.0592  0.1467     -    0.2892  0.1871  0.3957  
13   0.1779  0.1249  0.1061  0.2834  0.3963  0.3115  0.3077  0.2646  0.1908  0.2942  0.1186  0.2892     -    0.2096  0.3706  
14   0.2419  0.1201  0.2307  0.1902  0.1912  0.2570  0.1435  0.1451  0.1941  0.1983  0.1241  0.1871  0.2096     -    0.3805  
15   0.2242  0.1841  0.3137  0.3258  0.4673  0.4586  0.3645  0.4246  0.3572  0.3888  0.2693  0.3957  0.3706  0.3805     -    

Average distances (expected heterozygosity) between individuals in same cluster:
cluster  1  : 0.3756 
cluster  2  : 0.5293 
cluster  3  : 0.4657 
cluster  4  : 0.2406 
cluster  5  : 0.3574 
cluster  6  : 0.2197 
cluster  7  : 0.4159 
cluster  8  : 0.3854 
cluster  9  : 0.3855 
cluster 10  : 0.4095 
cluster 11  : 0.6086 
cluster 12  : 0.3580 
cluster 13  : 0.3035 
cluster 14  : 0.3833 
cluster 15  : 0.2477 

--------------------------------------------
Estimated Ln Prob of Data   = -12983.5
Mean value of ln likelihood = -12442.3
Variance of ln likelihood   = 1082.5
Mean value of alpha         = 0.0321

Mean value of Fst_1         = 0.5503
Mean value of Fst_2         = 0.1616
Mean value of Fst_3         = 0.4690
Mean value of Fst_4         = 0.6410
Mean value of Fst_5         = 0.4486
Mean value of Fst_6         = 0.6724
Mean value of Fst_7         = 0.4204
Mean value of Fst_8         = 0.4796
Mean value of Fst_9         = 0.4159
Mean value of Fst_10         = 0.3541
Mean value of Fst_11         = 0.1496
Mean value of Fst_12         = 0.4383
Mean value of Fst_13         = 0.5219
Mean value of Fst_14         = 0.4284
Mean value of Fst_15         = 0.6421


Inferred ancestry of individuals:
        Label (%Miss) :  Inferred clusters
  1    ZFB01    (0)   :  0.006 0.003 0.944 0.002 0.003 0.003 0.003 0.003 0.004 0.003 0.004 0.004 0.010 0.003 0.005 
  2    ZFB02    (0)   :  0.094 0.006 0.807 0.007 0.003 0.002 0.003 0.003 0.011 0.003 0.026 0.004 0.012 0.004 0.015 
  3    ZFB03    (0)   :  0.007 0.017 0.858 0.005 0.002 0.018 0.013 0.011 0.006 0.006 0.016 0.010 0.021 0.009 0.003 
  4    ZFB04    (0)   :  0.039 0.005 0.888 0.009 0.003 0.002 0.003 0.003 0.006 0.003 0.013 0.005 0.006 0.004 0.012 
  5    ZFB05    (0)   :  0.050 0.039 0.692 0.042 0.010 0.010 0.006 0.003 0.008 0.003 0.007 0.003 0.012 0.028 0.089 
  6    ZFB06    (0)   :  0.024 0.038 0.762 0.019 0.011 0.009 0.005 0.003 0.007 0.003 0.007 0.003 0.009 0.021 0.079 
  7    ZFB07    (9)   :  0.007 0.043 0.792 0.006 0.007 0.004 0.005 0.005 0.003 0.004 0.012 0.006 0.081 0.012 0.011 
  8    ZFB08    (0)   :  0.012 0.005 0.853 0.010 0.008 0.004 0.006 0.012 0.006 0.010 0.013 0.009 0.024 0.025 0.003 
  9    ZFB09    (0)   :  0.005 0.003 0.949 0.003 0.003 0.003 0.002 0.003 0.004 0.003 0.005 0.003 0.007 0.004 0.003 
 10    ZFB10    (0)   :  0.007 0.003 0.894 0.006 0.006 0.002 0.007 0.011 0.004 0.010 0.015 0.020 0.004 0.005 0.004 
 11    ZFB11    (0)   :  0.006 0.003 0.939 0.004 0.003 0.002 0.003 0.003 0.004 0.004 0.006 0.005 0.004 0.003 0.012 
 12    ZFB12    (0)   :  0.020 0.012 0.875 0.003 0.003 0.004 0.007 0.003 0.004 0.004 0.013 0.007 0.005 0.020 0.020 
 13    ZFB13    (0)   :  0.018 0.006 0.854 0.012 0.007 0.004 0.007 0.011 0.004 0.011 0.031 0.012 0.007 0.013 0.003 
 14    ZFB14    (0)   :  0.004 0.003 0.942 0.004 0.003 0.003 0.003 0.003 0.005 0.004 0.008 0.005 0.006 0.004 0.003 
 15    ZFB15    (0)   :  0.010 0.004 0.948 0.003 0.002 0.002 0.002 0.002 0.003 0.002 0.005 0.002 0.007 0.004 0.005 
 16    ZFB16    (0)   :  0.016 0.005 0.905 0.012 0.005 0.003 0.006 0.006 0.002 0.005 0.010 0.007 0.005 0.009 0.004 
 17    ZFB17    (0)   :  0.009 0.007 0.838 0.028 0.008 0.002 0.007 0.007 0.011 0.005 0.015 0.009 0.006 0.026 0.022 
 18    ZFB18    (0)   :  0.003 0.003 0.954 0.003 0.002 0.002 0.003 0.003 0.004 0.003 0.007 0.004 0.004 0.003 0.003 
 19    ZFB19    (0)   :  0.009 0.035 0.461 0.005 0.009 0.005 0.022 0.024 0.004 0.016 0.301 0.039 0.032 0.032 0.005 
 20    ZFB20    (0)   :  0.031 0.006 0.871 0.020 0.004 0.003 0.005 0.006 0.003 0.005 0.011 0.009 0.005 0.008 0.014 
 21    ZFB21    (0)   :  0.007 0.005 0.948 0.004 0.002 0.003 0.002 0.003 0.003 0.003 0.004 0.002 0.007 0.003 0.006 
 22    ZFB22    (0)   :  0.023 0.007 0.875 0.005 0.008 0.002 0.010 0.006 0.006 0.005 0.011 0.008 0.005 0.010 0.020 
 23    ZFB23    (0)   :  0.005 0.004 0.938 0.006 0.003 0.003 0.003 0.003 0.004 0.004 0.005 0.004 0.003 0.003 0.013 
 24    ZFB24    (0)   :  0.009 0.003 0.932 0.006 0.002 0.002 0.003 0.003 0.003 0.004 0.004 0.005 0.005 0.003 0.016 
 25    ZFB25    (0)   :  0.003 0.003 0.940 0.003 0.003 0.003 0.006 0.005 0.003 0.005 0.004 0.012 0.003 0.003 0.004 
 26    ZFB26    (0)   :  0.008 0.005 0.911 0.009 0.003 0.003 0.005 0.004 0.003 0.006 0.003 0.009 0.004 0.003 0.025 
 27    ZFB27    (0)   :  0.006 0.004 0.903 0.003 0.002 0.002 0.003 0.003 0.003 0.003 0.004 0.004 0.004 0.002 0.053 
 28    ZFB28    (0)   :  0.010 0.021 0.775 0.010 0.003 0.004 0.005 0.003 0.008 0.004 0.013 0.005 0.004 0.010 0.123 
 29    ZFB29    (0)   :  0.009 0.004 0.939 0.008 0.002 0.002 0.002 0.002 0.004 0.003 0.006 0.003 0.004 0.003 0.009 
 30    ZFB30    (0)   :  0.008 0.081 0.630 0.004 0.012 0.006 0.005 0.003 0.003 0.004 0.008 0.004 0.023 0.015 0.194 
 31    ZFB31    (0)   :  0.004 0.004 0.924 0.003 0.003 0.004 0.005 0.005 0.004 0.005 0.011 0.011 0.006 0.003 0.006 
 32    ZFB32    (0)   :  0.014 0.025 0.763 0.020 0.004 0.006 0.008 0.005 0.022 0.007 0.017 0.011 0.008 0.031 0.061 
 33    ZFB33    (0)   :  0.008 0.003 0.952 0.003 0.002 0.002 0.002 0.002 0.003 0.002 0.004 0.003 0.005 0.002 0.005 
 34    ZFB34    (0)   :  0.005 0.005 0.935 0.003 0.003 0.003 0.003 0.003 0.006 0.003 0.006 0.004 0.016 0.004 0.002 
 35    ZFB35    (0)   :  0.012 0.005 0.926 0.005 0.003 0.004 0.004 0.004 0.004 0.004 0.004 0.006 0.011 0.004 0.004 
 36  ZFBP101    (0)   :  0.008 0.006 0.008 0.061 0.036 0.013 0.172 0.428 0.037 0.090 0.011 0.112 0.004 0.011 0.003 
 37  ZFBP102    (0)   :  0.012 0.008 0.011 0.026 0.012 0.004 0.170 0.344 0.008 0.175 0.011 0.205 0.005 0.006 0.003 
 38  ZFBP103    (0)   :  0.006 0.005 0.007 0.028 0.009 0.012 0.193 0.626 0.037 0.013 0.010 0.040 0.003 0.005 0.003 
 39  ZFBP104    (0)   :  0.009 0.013 0.018 0.005 0.006 0.008 0.574 0.063 0.003 0.069 0.019 0.162 0.021 0.027 0.003 
 40  ZFBP105    (0)   :  0.005 0.008 0.006 0.007 0.006 0.012 0.152 0.026 0.005 0.551 0.008 0.195 0.005 0.008 0.005 
 41  ZFBP106    (0)   :  0.003 0.003 0.003 0.014 0.012 0.022 0.107 0.171 0.007 0.275 0.004 0.366 0.004 0.006 0.003 
 42  ZFBP107    (0)   :  0.006 0.015 0.008 0.039 0.005 0.017 0.332 0.035 0.005 0.293 0.006 0.195 0.005 0.009 0.029 
 43  ZFBP108    (0)   :  0.003 0.003 0.003 0.005 0.006 0.007 0.018 0.007 0.003 0.088 0.003 0.846 0.003 0.003 0.003 
 44  ZFBP109    (0)   :  0.002 0.004 0.003 0.003 0.006 0.006 0.030 0.196 0.003 0.603 0.007 0.124 0.006 0.004 0.002 
 45  ZFBP110    (0)   :  0.008 0.022 0.039 0.034 0.006 0.085 0.330 0.083 0.024 0.080 0.064 0.204 0.009 0.010 0.003 
 46  ZFBP111    (0)   :  0.003 0.004 0.003 0.004 0.095 0.007 0.564 0.034 0.004 0.075 0.003 0.187 0.003 0.010 0.003 
 47  ZFBP112    (0)   :  0.004 0.004 0.003 0.016 0.047 0.011 0.013 0.015 0.013 0.027 0.005 0.828 0.004 0.007 0.005 
 48  ZFBP113    (0)   :  0.003 0.004 0.003 0.004 0.003 0.003 0.012 0.007 0.003 0.009 0.003 0.935 0.003 0.005 0.004 
 49  ZFBP114    (0)   :  0.003 0.006 0.003 0.010 0.006 0.004 0.027 0.129 0.004 0.771 0.003 0.023 0.004 0.003 0.007 
 50  ZFBP115    (0)   :  0.003 0.004 0.002 0.015 0.018 0.027 0.766 0.051 0.012 0.056 0.004 0.029 0.003 0.007 0.003 
 51  ZFBP116    (0)   :  0.003 0.004 0.002 0.006 0.006 0.006 0.053 0.016 0.004 0.049 0.004 0.832 0.003 0.007 0.004 
 52  ZFBP117    (0)   :  0.002 0.004 0.003 0.005 0.010 0.007 0.027 0.021 0.009 0.497 0.006 0.399 0.004 0.004 0.003 
 53  ZFBP118    (0)   :  0.004 0.007 0.004 0.014 0.010 0.004 0.036 0.088 0.004 0.613 0.003 0.195 0.003 0.004 0.011 
 54  ZFBP119    (0)   :  0.003 0.005 0.003 0.013 0.017 0.016 0.140 0.092 0.026 0.631 0.006 0.025 0.004 0.017 0.002 
 55  ZFBP120    (0)   :  0.005 0.006 0.007 0.006 0.005 0.014 0.224 0.019 0.004 0.240 0.006 0.444 0.007 0.008 0.005 
 56  ZFBP121    (0)   :  0.003 0.004 0.005 0.008 0.005 0.008 0.020 0.048 0.008 0.652 0.007 0.220 0.006 0.004 0.003 
 57  ZFBP122    (9)   :  0.004 0.004 0.003 0.006 0.010 0.006 0.051 0.022 0.004 0.053 0.004 0.821 0.003 0.007 0.003 
 58  ZFBP123    (0)   :  0.005 0.004 0.003 0.039 0.014 0.006 0.017 0.012 0.010 0.047 0.005 0.819 0.004 0.008 0.007 
 59  ZFBP124    (0)   :  0.004 0.005 0.005 0.010 0.005 0.005 0.012 0.087 0.005 0.576 0.005 0.262 0.011 0.005 0.004 
 60  ZFBP125    (0)   :  0.002 0.003 0.003 0.006 0.021 0.009 0.070 0.039 0.007 0.554 0.004 0.271 0.003 0.005 0.003 
 61  ZFBP126    (0)   :  0.013 0.009 0.008 0.019 0.006 0.003 0.044 0.032 0.013 0.014 0.024 0.797 0.004 0.011 0.003 
 62  ZFBP127    (0)   :  0.003 0.004 0.003 0.007 0.005 0.060 0.151 0.225 0.011 0.279 0.004 0.239 0.004 0.003 0.003 
 63  ZFBP128    (0)   :  0.002 0.002 0.003 0.008 0.023 0.016 0.012 0.047 0.015 0.026 0.004 0.833 0.003 0.004 0.002 
 64  ZFBP129    (0)   :  0.003 0.005 0.004 0.009 0.134 0.008 0.008 0.012 0.012 0.350 0.008 0.431 0.008 0.005 0.002 
 65  ZFBP130    (0)   :  0.003 0.004 0.002 0.010 0.075 0.013 0.050 0.063 0.026 0.255 0.004 0.481 0.002 0.009 0.004 
 66  ZFBP131    (0)   :  0.003 0.003 0.003 0.003 0.004 0.003 0.005 0.004 0.003 0.030 0.004 0.925 0.003 0.004 0.003 
 67  ZFBP132    (0)   :  0.002 0.003 0.005 0.005 0.004 0.020 0.024 0.010 0.005 0.329 0.004 0.580 0.003 0.003 0.003 
 68  ZFBP133    (0)   :  0.002 0.002 0.002 0.003 0.033 0.003 0.006 0.007 0.006 0.007 0.004 0.915 0.003 0.005 0.002 
 69  ZFBP134    (0)   :  0.004 0.003 0.004 0.003 0.010 0.008 0.560 0.196 0.016 0.018 0.005 0.153 0.004 0.013 0.003 
 70  ZFBP135    (0)   :  0.006 0.005 0.014 0.039 0.015 0.015 0.031 0.415 0.107 0.090 0.026 0.226 0.005 0.005 0.002 
 71  ZFBP136    (0)   :  0.005 0.004 0.003 0.176 0.035 0.014 0.087 0.283 0.038 0.115 0.006 0.210 0.003 0.009 0.012 
 72  ZFBP201    (0)   :  0.004 0.004 0.004 0.005 0.004 0.008 0.011 0.005 0.004 0.009 0.005 0.922 0.004 0.006 0.006 
 73  ZFBP202    (0)   :  0.003 0.005 0.005 0.006 0.008 0.012 0.045 0.013 0.005 0.092 0.005 0.783 0.008 0.007 0.003 
 74  ZFBP203    (0)   :  0.021 0.024 0.005 0.007 0.014 0.004 0.015 0.009 0.004 0.029 0.010 0.775 0.005 0.023 0.053 
 75  ZFBP204    (0)   :  0.004 0.006 0.004 0.031 0.021 0.015 0.135 0.043 0.012 0.607 0.006 0.096 0.004 0.011 0.005 
 76  ZFBP205    (0)   :  0.004 0.004 0.002 0.013 0.015 0.003 0.024 0.008 0.010 0.426 0.007 0.471 0.004 0.006 0.005 
 77  ZFBP206    (0)   :  0.005 0.004 0.003 0.019 0.021 0.004 0.007 0.006 0.007 0.009 0.004 0.891 0.004 0.009 0.006 
 78  ZFBP207    (0)   :  0.002 0.004 0.004 0.006 0.006 0.132 0.127 0.009 0.010 0.663 0.007 0.016 0.004 0.005 0.004 
 79  ZFBP208    (0)   :  0.006 0.006 0.002 0.013 0.006 0.003 0.008 0.005 0.004 0.016 0.005 0.900 0.003 0.011 0.010 
 80  ZFBP209    (0)   :  0.002 0.002 0.002 0.003 0.090 0.003 0.009 0.030 0.011 0.213 0.005 0.617 0.005 0.005 0.002 
 81  ZFBP210    (0)   :  0.005 0.005 0.004 0.005 0.007 0.008 0.017 0.005 0.004 0.021 0.004 0.894 0.004 0.009 0.008 
 82  ZFBP211    (0)   :  0.004 0.004 0.007 0.008 0.004 0.009 0.012 0.015 0.004 0.707 0.004 0.208 0.007 0.005 0.003 
 83  ZFBP212    (0)   :  0.003 0.003 0.006 0.003 0.005 0.036 0.158 0.008 0.002 0.048 0.003 0.714 0.004 0.003 0.003 
 84  ZFBP213    (0)   :  0.005 0.006 0.005 0.027 0.007 0.013 0.009 0.010 0.011 0.038 0.005 0.831 0.017 0.011 0.004 
 85  ZFBP214    (0)   :  0.004 0.008 0.006 0.026 0.063 0.036 0.032 0.018 0.048 0.026 0.015 0.655 0.016 0.043 0.004 
 86  ZFBP215    (0)   :  0.003 0.003 0.003 0.005 0.007 0.006 0.008 0.013 0.005 0.041 0.004 0.892 0.004 0.003 0.003 
 87  ZFBP216    (0)   :  0.005 0.010 0.005 0.006 0.005 0.006 0.121 0.018 0.005 0.098 0.007 0.670 0.005 0.032 0.007 
 88  ZFBP217    (0)   :  0.003 0.007 0.005 0.004 0.106 0.040 0.122 0.010 0.007 0.037 0.006 0.613 0.006 0.028 0.005 
 89  ZFBP218    (0)   :  0.003 0.003 0.002 0.003 0.015 0.003 0.030 0.015 0.004 0.379 0.004 0.518 0.011 0.006 0.003 
 90  ZFBP219    (0)   :  0.003 0.003 0.002 0.003 0.004 0.003 0.010 0.005 0.002 0.008 0.003 0.941 0.003 0.005 0.003 
 91  ZFBP220    (0)   :  0.003 0.003 0.002 0.008 0.043 0.018 0.139 0.067 0.021 0.061 0.004 0.617 0.003 0.006 0.003 
 92  ZFBP221    (0)   :  0.003 0.003 0.004 0.002 0.007 0.008 0.411 0.045 0.005 0.227 0.004 0.260 0.012 0.006 0.004 
 93  ZFBP222    (0)   :  0.004 0.003 0.003 0.004 0.006 0.003 0.005 0.004 0.005 0.015 0.005 0.929 0.005 0.006 0.004 
 94  ZFBP223    (0)   :  0.004 0.006 0.008 0.010 0.008 0.203 0.188 0.011 0.010 0.132 0.007 0.398 0.005 0.005 0.006 
 95  ZFBP224    (0)   :  0.004 0.006 0.003 0.016 0.005 0.006 0.011 0.010 0.006 0.015 0.005 0.895 0.008 0.008 0.005 
 96  ZFBP225    (0)   :  0.004 0.006 0.003 0.011 0.240 0.017 0.394 0.019 0.013 0.031 0.006 0.232 0.003 0.013 0.009 
 97  ZFBP226    (0)   :  0.004 0.004 0.003 0.005 0.005 0.005 0.031 0.012 0.004 0.179 0.004 0.731 0.003 0.006 0.004 
 98  ZFBP227    (0)   :  0.011 0.027 0.009 0.012 0.007 0.009 0.290 0.066 0.006 0.120 0.015 0.279 0.019 0.126 0.004 
 99  ZFBP228    (0)   :  0.003 0.004 0.005 0.005 0.007 0.060 0.307 0.097 0.019 0.265 0.005 0.209 0.006 0.004 0.002 
100  ZFBP229    (0)   :  0.003 0.003 0.002 0.003 0.023 0.006 0.077 0.009 0.007 0.136 0.005 0.714 0.002 0.006 0.003 
101  ZFBP230    (0)   :  0.003 0.005 0.003 0.010 0.041 0.014 0.190 0.106 0.034 0.149 0.006 0.420 0.003 0.011 0.004 
102  ZFBP231    (0)   :  0.004 0.005 0.006 0.013 0.005 0.008 0.012 0.016 0.004 0.861 0.005 0.045 0.006 0.007 0.004 
103  ZFBP232    (0)   :  0.003 0.003 0.003 0.005 0.007 0.004 0.010 0.008 0.004 0.787 0.003 0.153 0.003 0.004 0.003 
104  ZFBP233    (0)   :  0.004 0.005 0.006 0.010 0.027 0.006 0.031 0.076 0.005 0.340 0.005 0.458 0.010 0.012 0.004 
105   ZFCC01    (0)   :  0.007 0.004 0.005 0.009 0.004 0.005 0.003 0.004 0.919 0.004 0.005 0.004 0.020 0.005 0.004 
106   ZFCC03    (0)   :  0.003 0.004 0.003 0.005 0.004 0.010 0.003 0.004 0.941 0.003 0.004 0.004 0.007 0.003 0.003 
107   ZFCC04    (0)   :  0.004 0.004 0.004 0.012 0.006 0.005 0.004 0.004 0.930 0.003 0.004 0.004 0.007 0.005 0.004 
108   ZFCC05    (0)   :  0.005 0.007 0.006 0.046 0.007 0.018 0.007 0.007 0.856 0.004 0.004 0.007 0.012 0.008 0.005 
109   ZFCC08    (0)   :  0.003 0.003 0.002 0.009 0.019 0.005 0.006 0.023 0.881 0.014 0.005 0.010 0.009 0.009 0.002 
110   ZFCC09    (0)   :  0.004 0.003 0.004 0.006 0.003 0.008 0.003 0.005 0.936 0.005 0.003 0.003 0.011 0.003 0.003 
111   ZFCC10    (0)   :  0.004 0.004 0.004 0.008 0.003 0.004 0.002 0.004 0.909 0.005 0.004 0.004 0.038 0.003 0.003 
112   ZFCC11    (0)   :  0.004 0.004 0.004 0.008 0.004 0.011 0.004 0.005 0.924 0.004 0.004 0.005 0.012 0.004 0.004 
113   ZFCC12    (0)   :  0.135 0.011 0.006 0.031 0.005 0.009 0.008 0.009 0.722 0.005 0.020 0.007 0.018 0.008 0.004 
114   ZFCC13    (0)   :  0.006 0.005 0.004 0.007 0.007 0.008 0.013 0.010 0.892 0.006 0.004 0.011 0.004 0.014 0.010 
115   ZFCC14    (0)   :  0.004 0.005 0.009 0.021 0.007 0.004 0.004 0.004 0.897 0.007 0.010 0.010 0.007 0.004 0.006 
116   ZFCC15    (0)   :  0.004 0.005 0.003 0.005 0.004 0.005 0.004 0.004 0.934 0.004 0.005 0.004 0.005 0.008 0.005 
117   ZFCC16    (0)   :  0.006 0.004 0.004 0.015 0.004 0.004 0.003 0.004 0.932 0.003 0.005 0.003 0.006 0.005 0.003 
118   ZFCC17    (0)   :  0.012 0.005 0.005 0.042 0.003 0.006 0.003 0.004 0.890 0.003 0.004 0.003 0.006 0.004 0.008 
119   ZFCC18    (0)   :  0.004 0.004 0.004 0.007 0.005 0.008 0.004 0.005 0.929 0.004 0.004 0.005 0.010 0.005 0.004 
120   ZFCC19    (0)   :  0.006 0.005 0.004 0.008 0.003 0.003 0.003 0.003 0.936 0.002 0.006 0.003 0.003 0.006 0.008 
121   ZFCC20    (0)   :  0.005 0.004 0.004 0.011 0.005 0.008 0.005 0.006 0.924 0.003 0.004 0.004 0.004 0.009 0.003 
122   ZFCC21    (0)   :  0.005 0.006 0.005 0.015 0.029 0.003 0.015 0.013 0.725 0.011 0.042 0.077 0.005 0.041 0.007 
123   ZFCC22    (0)   :  0.004 0.004 0.003 0.011 0.042 0.005 0.041 0.157 0.531 0.059 0.006 0.100 0.021 0.009 0.006 
124   ZFCC26    (0)   :  0.005 0.003 0.004 0.008 0.004 0.004 0.003 0.004 0.940 0.003 0.004 0.003 0.005 0.004 0.003 
125   ZFCC27    (0)   :  0.003 0.003 0.003 0.005 0.003 0.006 0.003 0.004 0.949 0.003 0.003 0.003 0.004 0.003 0.003 
126   ZFCC29    (0)   :  0.007 0.005 0.009 0.017 0.005 0.005 0.005 0.005 0.908 0.004 0.007 0.004 0.006 0.009 0.003 
127   ZFCC30    (0)   :  0.003 0.003 0.003 0.007 0.005 0.010 0.004 0.005 0.938 0.003 0.003 0.003 0.004 0.004 0.003 
128   ZFCC32    (0)   :  0.008 0.006 0.003 0.010 0.005 0.005 0.005 0.006 0.913 0.005 0.004 0.003 0.008 0.012 0.007 
129   ZFCC33    (0)   :  0.004 0.008 0.011 0.309 0.004 0.008 0.004 0.006 0.615 0.004 0.007 0.004 0.007 0.005 0.005 
130   ZFCC34    (0)   :  0.024 0.006 0.024 0.050 0.019 0.060 0.034 0.053 0.560 0.073 0.008 0.047 0.027 0.007 0.008 
131   ZFCC35    (0)   :  0.003 0.003 0.002 0.008 0.003 0.003 0.003 0.005 0.948 0.005 0.003 0.003 0.005 0.003 0.004 
132   ZFCC36    (0)   :  0.007 0.005 0.004 0.012 0.009 0.004 0.010 0.007 0.885 0.006 0.005 0.008 0.005 0.018 0.015 
133   ZFCC37    (0)   :  0.095 0.012 0.007 0.033 0.006 0.008 0.010 0.014 0.718 0.009 0.036 0.010 0.026 0.012 0.005 
134   ZFCC40    (0)   :  0.004 0.004 0.004 0.013 0.004 0.003 0.003 0.004 0.922 0.004 0.005 0.007 0.008 0.003 0.012 
135   ZFCC42    (0)   :  0.174 0.030 0.037 0.513 0.006 0.046 0.010 0.006 0.058 0.005 0.022 0.004 0.007 0.005 0.078 
136   ZFCC44    (0)   :  0.003 0.004 0.003 0.013 0.003 0.009 0.003 0.005 0.937 0.003 0.003 0.003 0.003 0.003 0.007 
137   ZFCC45    (9)   :  0.011 0.019 0.009 0.044 0.004 0.008 0.005 0.004 0.836 0.004 0.007 0.006 0.017 0.009 0.018 
138   ZFCC46    (0)   :  0.003 0.003 0.003 0.015 0.038 0.010 0.018 0.027 0.838 0.012 0.005 0.012 0.003 0.008 0.004 
139   ZFCC47    (0)   :  0.058 0.005 0.006 0.008 0.007 0.005 0.004 0.010 0.847 0.007 0.007 0.004 0.021 0.006 0.003 
140   ZFCC48    (0)   :  0.003 0.003 0.005 0.016 0.036 0.003 0.010 0.018 0.809 0.013 0.015 0.046 0.005 0.013 0.004 
141   ZFCC50    (0)   :  0.005 0.004 0.004 0.009 0.003 0.003 0.003 0.004 0.945 0.003 0.004 0.003 0.004 0.004 0.004 
142   ZFCC51    (0)   :  0.003 0.003 0.003 0.004 0.003 0.012 0.003 0.004 0.945 0.004 0.004 0.003 0.005 0.003 0.002 
143   ZFCC52    (0)   :  0.008 0.004 0.004 0.042 0.013 0.005 0.010 0.017 0.843 0.016 0.005 0.015 0.005 0.009 0.007 
144   ZFCC53    (0)   :  0.003 0.003 0.003 0.005 0.003 0.005 0.003 0.003 0.952 0.003 0.003 0.003 0.005 0.003 0.003 
145  ZFCNS01    (0)   :  0.009 0.029 0.002 0.003 0.003 0.811 0.047 0.005 0.006 0.003 0.006 0.006 0.003 0.044 0.023 
146  ZFCNS02    (0)   :  0.002 0.003 0.002 0.003 0.004 0.956 0.005 0.003 0.005 0.004 0.002 0.003 0.003 0.003 0.002 
147  ZFCNS05    (0)   :  0.003 0.003 0.005 0.006 0.005 0.926 0.006 0.010 0.006 0.006 0.003 0.007 0.006 0.005 0.002 
148  ZFCNS06    (0)   :  0.002 0.003 0.003 0.003 0.004 0.953 0.004 0.005 0.005 0.004 0.002 0.003 0.003 0.003 0.002 
149  ZFCNS07    (0)   :  0.003 0.003 0.003 0.003 0.010 0.938 0.008 0.003 0.003 0.009 0.003 0.005 0.003 0.003 0.003 
150  ZFCNS10    (0)   :  0.003 0.003 0.003 0.003 0.005 0.905 0.035 0.008 0.004 0.008 0.002 0.009 0.003 0.003 0.005 
151  ZFCNS11    (0)   :  0.007 0.012 0.002 0.003 0.004 0.893 0.020 0.004 0.006 0.004 0.005 0.005 0.003 0.019 0.012 
152  ZFCNS15    (0)   :  0.003 0.004 0.003 0.006 0.006 0.870 0.041 0.019 0.003 0.012 0.004 0.018 0.004 0.004 0.002 
153  ZFCNS17    (0)   :  0.002 0.003 0.003 0.003 0.004 0.952 0.005 0.005 0.005 0.004 0.002 0.004 0.003 0.003 0.002 
154  ZFCNS18    (0)   :  0.002 0.003 0.004 0.004 0.004 0.917 0.020 0.012 0.005 0.007 0.002 0.010 0.003 0.003 0.004 
155  ZFCNS19    (0)   :  0.003 0.003 0.003 0.003 0.003 0.958 0.004 0.004 0.004 0.003 0.002 0.003 0.003 0.003 0.002 
156  ZFCNS20    (0)   :  0.003 0.003 0.003 0.007 0.017 0.897 0.015 0.012 0.005 0.013 0.004 0.011 0.003 0.005 0.002 
157  ZFCNS21    (0)   :  0.002 0.003 0.002 0.003 0.002 0.959 0.005 0.005 0.004 0.002 0.002 0.003 0.003 0.003 0.002 
158  ZFCNS22    (0)   :  0.003 0.003 0.006 0.006 0.005 0.915 0.011 0.011 0.005 0.008 0.004 0.011 0.005 0.005 0.002 
159  ZFCNS23    (0)   :  0.008 0.007 0.004 0.023 0.012 0.884 0.006 0.004 0.012 0.005 0.005 0.006 0.004 0.011 0.011 
160  ZFCNS24    (0)   :  0.003 0.003 0.002 0.009 0.006 0.922 0.007 0.014 0.007 0.008 0.003 0.006 0.003 0.004 0.002 
161  ZFCNS25    (0)   :  0.003 0.003 0.003 0.009 0.011 0.909 0.012 0.011 0.004 0.015 0.003 0.008 0.003 0.004 0.002 
162  ZFCNS26    (0)   :  0.003 0.003 0.003 0.003 0.003 0.950 0.009 0.005 0.003 0.004 0.002 0.004 0.004 0.003 0.002 
163  ZFCNS27    (0)   :  0.003 0.003 0.003 0.006 0.009 0.814 0.094 0.013 0.003 0.023 0.004 0.016 0.003 0.004 0.002 
164  ZFCNS28    (0)   :  0.002 0.002 0.004 0.003 0.004 0.953 0.005 0.005 0.004 0.004 0.002 0.004 0.003 0.003 0.002 
165  ZFCNS29    (0)   :  0.003 0.004 0.004 0.007 0.005 0.923 0.008 0.009 0.008 0.008 0.003 0.007 0.005 0.005 0.002 
166  ZFCNS30    (0)   :  0.003 0.004 0.004 0.006 0.003 0.933 0.007 0.010 0.006 0.004 0.003 0.005 0.005 0.005 0.002 
167  ZFCNS31    (0)   :  0.002 0.003 0.003 0.003 0.004 0.955 0.006 0.004 0.003 0.004 0.002 0.004 0.003 0.003 0.002 
168  ZFCNS32    (0)   :  0.004 0.003 0.003 0.006 0.007 0.927 0.008 0.012 0.004 0.006 0.003 0.006 0.004 0.005 0.002 
169  ZFCNS33    (0)   :  0.002 0.003 0.003 0.003 0.004 0.958 0.005 0.003 0.003 0.003 0.002 0.003 0.003 0.004 0.002 
170  ZFCNS34    (0)   :  0.003 0.003 0.004 0.007 0.004 0.930 0.006 0.008 0.011 0.006 0.003 0.004 0.004 0.005 0.002 
171  ZFCNS35    (0)   :  0.003 0.003 0.017 0.003 0.004 0.883 0.017 0.019 0.006 0.012 0.009 0.010 0.009 0.004 0.002 
172  ZFCNS36    (0)   :  0.003 0.003 0.003 0.010 0.008 0.920 0.007 0.012 0.008 0.008 0.003 0.005 0.003 0.004 0.002 
173  ZFCNS37    (0)   :  0.002 0.008 0.003 0.005 0.006 0.761 0.041 0.145 0.005 0.005 0.003 0.004 0.004 0.004 0.002 
174  ZFCNS39    (0)   :  0.002 0.005 0.002 0.006 0.020 0.872 0.028 0.013 0.013 0.007 0.004 0.007 0.002 0.013 0.004 
175  ZFCNS40    (0)   :  0.003 0.004 0.002 0.009 0.084 0.585 0.032 0.230 0.019 0.011 0.003 0.005 0.002 0.007 0.003 
176  ZFCNS41    (0)   :  0.006 0.013 0.006 0.010 0.005 0.297 0.222 0.352 0.017 0.015 0.010 0.015 0.005 0.019 0.007 
177  ZFCNS42    (0)   :  0.002 0.003 0.003 0.003 0.003 0.955 0.005 0.005 0.003 0.004 0.002 0.004 0.003 0.003 0.002 
178  ZFCNS43    (0)   :  0.002 0.003 0.002 0.003 0.003 0.958 0.004 0.004 0.005 0.003 0.002 0.003 0.003 0.003 0.002 
179  ZFCNS44    (0)   :  0.002 0.003 0.003 0.003 0.003 0.915 0.020 0.018 0.005 0.006 0.002 0.009 0.002 0.002 0.005 
180  ZFCNS46    (0)   :  0.003 0.004 0.003 0.006 0.004 0.928 0.013 0.007 0.005 0.006 0.004 0.006 0.005 0.005 0.002 
181  ZFCNS47    (0)   :  0.002 0.003 0.002 0.003 0.003 0.958 0.005 0.004 0.004 0.003 0.002 0.003 0.003 0.003 0.002 
182  ZFCNS48    (0)   :  0.003 0.004 0.004 0.005 0.005 0.863 0.052 0.017 0.006 0.010 0.003 0.015 0.004 0.005 0.005 
183  ZFCNS49    (0)   :  0.002 0.003 0.004 0.003 0.004 0.824 0.108 0.013 0.003 0.010 0.002 0.014 0.003 0.003 0.004 
184   ZFCR01    (0)   :  0.015 0.051 0.006 0.003 0.006 0.003 0.004 0.003 0.006 0.007 0.853 0.013 0.019 0.004 0.007 
185   ZFCR02    (0)   :  0.008 0.009 0.013 0.012 0.009 0.005 0.005 0.005 0.019 0.020 0.871 0.006 0.005 0.004 0.010 
186   ZFCR03    (0)   :  0.042 0.011 0.026 0.059 0.008 0.003 0.005 0.005 0.014 0.013 0.743 0.019 0.010 0.015 0.028 
187   ZFCR04    (0)   :  0.018 0.038 0.165 0.006 0.018 0.009 0.027 0.008 0.012 0.012 0.576 0.012 0.065 0.011 0.022 
188   ZFCR05    (0)   :  0.008 0.015 0.008 0.004 0.003 0.003 0.003 0.003 0.010 0.004 0.904 0.003 0.014 0.011 0.007 
189   ZFCR06    (0)   :  0.007 0.012 0.017 0.005 0.009 0.062 0.035 0.007 0.013 0.021 0.777 0.016 0.011 0.006 0.003 
190   ZFCR07    (0)   :  0.019 0.131 0.046 0.060 0.004 0.076 0.042 0.027 0.013 0.005 0.435 0.014 0.012 0.109 0.008 
191   ZFCR08    (0)   :  0.028 0.392 0.022 0.037 0.045 0.005 0.012 0.018 0.076 0.012 0.172 0.027 0.112 0.006 0.037 
192   ZFCR09    (0)   :  0.199 0.032 0.088 0.022 0.016 0.015 0.058 0.030 0.021 0.057 0.325 0.045 0.011 0.016 0.065 
193   ZFCR11    (0)   :  0.013 0.020 0.023 0.004 0.002 0.010 0.050 0.006 0.006 0.019 0.801 0.004 0.017 0.018 0.006 
194   ZFCR12    (0)   :  0.003 0.007 0.006 0.009 0.012 0.105 0.058 0.017 0.009 0.009 0.735 0.008 0.005 0.014 0.004 
195   ZFCR13    (0)   :  0.004 0.274 0.049 0.007 0.005 0.008 0.012 0.014 0.009 0.052 0.211 0.061 0.006 0.287 0.003 
196   ZFCR14    (0)   :  0.005 0.017 0.014 0.005 0.011 0.006 0.007 0.012 0.009 0.005 0.860 0.008 0.010 0.025 0.005 
197   ZFCR15    (0)   :  0.005 0.048 0.038 0.010 0.027 0.004 0.012 0.020 0.011 0.017 0.747 0.019 0.018 0.014 0.011 
198   ZFCR16    (0)   :  0.005 0.033 0.020 0.004 0.015 0.003 0.007 0.005 0.008 0.015 0.851 0.017 0.006 0.009 0.003 
199   ZFCR18    (0)   :  0.006 0.014 0.331 0.029 0.005 0.006 0.005 0.011 0.010 0.019 0.540 0.005 0.008 0.007 0.003 
200   ZFCR19    (0)   :  0.077 0.006 0.024 0.005 0.037 0.006 0.011 0.015 0.010 0.014 0.763 0.015 0.006 0.007 0.004 
201   ZFCR20    (0)   :  0.034 0.022 0.030 0.034 0.007 0.005 0.009 0.009 0.006 0.010 0.691 0.056 0.028 0.055 0.005 
202   ZFCR21    (0)   :  0.004 0.008 0.004 0.007 0.010 0.004 0.005 0.006 0.013 0.004 0.900 0.005 0.004 0.025 0.003 
203   ZFCR22    (0)   :  0.006 0.009 0.007 0.006 0.014 0.003 0.006 0.005 0.005 0.005 0.864 0.006 0.002 0.058 0.004 
204   ZFCR23    (0)   :  0.011 0.092 0.009 0.004 0.005 0.004 0.049 0.013 0.003 0.016 0.626 0.064 0.004 0.053 0.045 
205   ZFCR24    (9)   :  0.061 0.087 0.078 0.010 0.006 0.003 0.008 0.012 0.006 0.031 0.064 0.511 0.026 0.091 0.005 
206   ZFCR25    (0)   :  0.008 0.009 0.007 0.005 0.003 0.003 0.005 0.005 0.005 0.003 0.918 0.004 0.009 0.012 0.002 
207   ZFCR26    (0)   :  0.089 0.014 0.004 0.008 0.015 0.004 0.009 0.015 0.019 0.014 0.520 0.009 0.011 0.266 0.004 
208   ZFCR27    (9)   :  0.050 0.411 0.012 0.003 0.003 0.003 0.003 0.004 0.005 0.003 0.441 0.004 0.020 0.035 0.004 
209   ZFCR28    (0)   :  0.004 0.114 0.004 0.008 0.040 0.030 0.026 0.010 0.010 0.035 0.642 0.058 0.006 0.006 0.007 
210   ZFCR29    (0)   :  0.008 0.005 0.008 0.004 0.004 0.002 0.004 0.004 0.004 0.004 0.921 0.005 0.006 0.017 0.004 
211   ZFCR30    (0)   :  0.009 0.010 0.007 0.008 0.008 0.008 0.011 0.014 0.006 0.005 0.850 0.007 0.008 0.045 0.005 
212   ZFCR31    (0)   :  0.068 0.017 0.174 0.028 0.017 0.044 0.074 0.025 0.010 0.050 0.400 0.040 0.013 0.025 0.014 
213   ZFCR33    (0)   :  0.018 0.707 0.007 0.010 0.011 0.006 0.016 0.014 0.041 0.007 0.054 0.013 0.053 0.023 0.022 
214   ZFCR34    (0)   :  0.009 0.040 0.160 0.004 0.007 0.009 0.040 0.012 0.014 0.008 0.392 0.024 0.005 0.259 0.015 
215   ZFCR35    (0)   :  0.014 0.011 0.101 0.004 0.004 0.004 0.006 0.006 0.009 0.005 0.805 0.007 0.008 0.005 0.012 
216   ZFCR36    (0)   :  0.012 0.010 0.046 0.006 0.004 0.019 0.010 0.005 0.007 0.005 0.829 0.008 0.007 0.018 0.014 
217   ZFCR37    (0)   :  0.059 0.107 0.049 0.014 0.004 0.004 0.004 0.005 0.061 0.003 0.047 0.005 0.048 0.570 0.021 
218   ZFCR38    (0)   :  0.046 0.518 0.007 0.013 0.013 0.008 0.009 0.010 0.040 0.007 0.241 0.008 0.042 0.030 0.008 
219   ZFCR39    (0)   :  0.032 0.230 0.024 0.053 0.026 0.003 0.017 0.011 0.113 0.038 0.164 0.046 0.011 0.009 0.221 
220   ZFCR40    (0)   :  0.014 0.093 0.011 0.006 0.004 0.005 0.016 0.013 0.020 0.006 0.742 0.013 0.013 0.012 0.034 
221   ZFCR41    (0)   :  0.003 0.010 0.006 0.006 0.016 0.012 0.055 0.106 0.025 0.006 0.726 0.006 0.007 0.013 0.003 
222   ZFCR42    (0)   :  0.015 0.085 0.007 0.020 0.019 0.019 0.028 0.031 0.039 0.013 0.598 0.023 0.008 0.073 0.023 
223   ZFCR43    (0)   :  0.004 0.011 0.024 0.005 0.004 0.006 0.005 0.010 0.004 0.029 0.856 0.021 0.009 0.009 0.004 
224  ZFENP25    (0)   :  0.005 0.812 0.005 0.007 0.011 0.003 0.004 0.007 0.024 0.004 0.049 0.016 0.041 0.007 0.005 
225  ZFENP26    (0)   :  0.006 0.937 0.006 0.004 0.003 0.003 0.003 0.005 0.004 0.002 0.008 0.002 0.005 0.004 0.007 
226  ZFENP27    (0)   :  0.028 0.268 0.020 0.044 0.011 0.060 0.021 0.053 0.154 0.006 0.260 0.025 0.027 0.005 0.019 
227  ZFENP28    (0)   :  0.016 0.867 0.009 0.005 0.005 0.010 0.004 0.005 0.012 0.005 0.017 0.004 0.024 0.009 0.009 
228  ZFENP29    (0)   :  0.005 0.896 0.004 0.006 0.004 0.004 0.005 0.005 0.010 0.003 0.034 0.005 0.005 0.008 0.005 
229  ZFENP30    (0)   :  0.010 0.777 0.007 0.091 0.007 0.009 0.004 0.006 0.036 0.007 0.009 0.005 0.008 0.012 0.011 
230  ZFENP31    (0)   :  0.046 0.238 0.026 0.381 0.003 0.005 0.004 0.005 0.011 0.007 0.017 0.004 0.037 0.012 0.204 
231  ZFENP32    (0)   :  0.035 0.251 0.252 0.127 0.007 0.024 0.013 0.019 0.011 0.024 0.078 0.012 0.017 0.011 0.119 
232  ZFENP33    (0)   :  0.017 0.809 0.011 0.039 0.003 0.004 0.007 0.009 0.005 0.006 0.015 0.008 0.030 0.031 0.007 
233  ZFENP34    (0)   :  0.027 0.234 0.035 0.098 0.004 0.009 0.005 0.007 0.017 0.007 0.024 0.004 0.515 0.007 0.006 
234  ZFENP35    (0)   :  0.005 0.822 0.015 0.007 0.005 0.011 0.018 0.012 0.005 0.005 0.005 0.011 0.007 0.008 0.063 
235  ZFENP36    (0)   :  0.010 0.915 0.009 0.006 0.002 0.011 0.004 0.003 0.003 0.003 0.006 0.003 0.005 0.007 0.012 
236  ZFENP37    (0)   :  0.009 0.363 0.011 0.009 0.004 0.008 0.007 0.007 0.007 0.005 0.007 0.008 0.431 0.029 0.097 
237  ZFENP38    (0)   :  0.020 0.426 0.010 0.014 0.005 0.016 0.007 0.008 0.018 0.004 0.012 0.006 0.029 0.402 0.023 
238  ZFENP39    (0)   :  0.010 0.762 0.013 0.006 0.003 0.005 0.005 0.006 0.013 0.003 0.106 0.005 0.030 0.012 0.021 
239  ZFENP40    (0)   :  0.015 0.741 0.015 0.014 0.004 0.006 0.006 0.006 0.007 0.007 0.091 0.010 0.021 0.007 0.049 
240  ZFENP41    (0)   :  0.006 0.711 0.021 0.052 0.009 0.008 0.006 0.013 0.080 0.006 0.027 0.008 0.017 0.006 0.031 
241  ZFENP42    (0)   :  0.007 0.665 0.004 0.009 0.005 0.003 0.005 0.006 0.006 0.003 0.019 0.004 0.004 0.044 0.216 
242  ZFENP43    (0)   :  0.034 0.629 0.007 0.008 0.006 0.048 0.030 0.036 0.030 0.007 0.022 0.008 0.038 0.080 0.016 
243  ZFENP44    (0)   :  0.010 0.691 0.005 0.029 0.003 0.012 0.017 0.016 0.017 0.005 0.011 0.009 0.023 0.034 0.116 
244  ZFENP45    (0)   :  0.016 0.333 0.008 0.017 0.316 0.010 0.017 0.011 0.016 0.026 0.016 0.024 0.013 0.051 0.125 
245  ZFENP46    (0)   :  0.014 0.767 0.008 0.010 0.005 0.007 0.015 0.030 0.003 0.010 0.013 0.016 0.034 0.050 0.019 
246  ZFENP47    (0)   :  0.026 0.202 0.072 0.024 0.113 0.003 0.004 0.007 0.066 0.013 0.213 0.013 0.011 0.005 0.227 
247  ZFENP48    (0)   :  0.022 0.062 0.011 0.293 0.009 0.006 0.005 0.007 0.015 0.012 0.042 0.008 0.485 0.011 0.009 
248  ZFENP49    (0)   :  0.020 0.186 0.025 0.135 0.010 0.005 0.006 0.008 0.009 0.009 0.558 0.011 0.005 0.008 0.006 
249  ZFENP50    (0)   :  0.026 0.669 0.007 0.006 0.009 0.004 0.029 0.007 0.004 0.030 0.026 0.048 0.008 0.077 0.050 
250  ZFENP51    (0)   :  0.442 0.339 0.020 0.038 0.050 0.007 0.005 0.005 0.009 0.004 0.024 0.004 0.013 0.012 0.029 
251  ZFENP52    (0)   :  0.005 0.896 0.003 0.006 0.004 0.010 0.015 0.015 0.009 0.004 0.006 0.004 0.004 0.012 0.007 
252  ZFENP53    (0)   :  0.009 0.758 0.006 0.008 0.029 0.010 0.022 0.019 0.008 0.043 0.015 0.026 0.009 0.022 0.016 
253  ZFENP54    (0)   :  0.009 0.172 0.016 0.027 0.006 0.005 0.012 0.010 0.018 0.027 0.635 0.024 0.009 0.018 0.011 
254  ZFENP55    (0)   :  0.036 0.252 0.050 0.011 0.004 0.004 0.004 0.005 0.004 0.005 0.057 0.005 0.028 0.523 0.013 
255  ZFENP56    (0)   :  0.021 0.831 0.012 0.010 0.005 0.009 0.007 0.013 0.006 0.004 0.009 0.004 0.009 0.056 0.006 
256  ZFENP57    (0)   :  0.018 0.790 0.015 0.013 0.002 0.012 0.008 0.005 0.004 0.004 0.020 0.005 0.021 0.015 0.067 
257  ZFENP58    (0)   :  0.015 0.345 0.027 0.309 0.125 0.016 0.015 0.010 0.019 0.008 0.075 0.007 0.005 0.019 0.005 
258  ZFENP59    (0)   :  0.007 0.755 0.019 0.027 0.004 0.005 0.004 0.006 0.070 0.006 0.037 0.005 0.009 0.009 0.036 
259  ZFENP60    (0)   :  0.014 0.726 0.034 0.006 0.014 0.006 0.008 0.007 0.009 0.008 0.087 0.012 0.037 0.013 0.018 
260  ZFENP61    (0)   :  0.008 0.839 0.017 0.008 0.003 0.004 0.003 0.004 0.016 0.003 0.058 0.004 0.017 0.009 0.007 
261 ZFFDSP01    (0)   :  0.003 0.003 0.005 0.004 0.014 0.013 0.050 0.016 0.004 0.010 0.004 0.861 0.004 0.007 0.003 
262 ZFFDSP02    (0)   :  0.002 0.003 0.003 0.003 0.005 0.003 0.008 0.012 0.004 0.008 0.004 0.938 0.003 0.004 0.002 
263 ZFFDSP04    (0)   :  0.002 0.002 0.004 0.003 0.010 0.003 0.009 0.012 0.004 0.013 0.004 0.923 0.004 0.005 0.002 
264 ZFFDSP05    (0)   :  0.003 0.003 0.004 0.004 0.011 0.005 0.228 0.025 0.004 0.028 0.005 0.668 0.003 0.007 0.003 
265 ZFFDSP06    (0)   :  0.002 0.002 0.003 0.003 0.017 0.004 0.016 0.132 0.011 0.259 0.007 0.527 0.010 0.005 0.002 
266 ZFFDSP07    (0)   :  0.004 0.004 0.002 0.024 0.033 0.004 0.007 0.008 0.011 0.054 0.006 0.827 0.004 0.007 0.005 
267 ZFFDSP08    (0)   :  0.004 0.005 0.003 0.035 0.108 0.012 0.045 0.062 0.011 0.397 0.005 0.294 0.004 0.012 0.004 
268 ZFFDSP10    (0)   :  0.003 0.004 0.003 0.006 0.011 0.004 0.018 0.018 0.003 0.016 0.003 0.898 0.003 0.006 0.003 
269 ZFFDSP11    (0)   :  0.003 0.003 0.004 0.003 0.007 0.003 0.014 0.009 0.004 0.026 0.004 0.906 0.003 0.007 0.003 
270 ZFFDSP12    (0)   :  0.003 0.004 0.002 0.005 0.010 0.005 0.017 0.013 0.003 0.598 0.003 0.326 0.003 0.004 0.003 
271 ZFFDSP13    (0)   :  0.004 0.006 0.004 0.009 0.005 0.012 0.616 0.237 0.008 0.026 0.005 0.047 0.004 0.011 0.005 
272 ZFFDSP14    (0)   :  0.003 0.003 0.002 0.006 0.015 0.004 0.006 0.006 0.005 0.008 0.004 0.927 0.003 0.005 0.003 
273 ZFFDSP16    (0)   :  0.003 0.007 0.006 0.004 0.004 0.016 0.016 0.007 0.007 0.014 0.009 0.888 0.007 0.007 0.004 
274 ZFFDSP17    (0)   :  0.003 0.004 0.004 0.005 0.009 0.005 0.017 0.015 0.006 0.033 0.005 0.877 0.006 0.009 0.002 
275 ZFFDSP18    (0)   :  0.003 0.002 0.005 0.003 0.014 0.004 0.006 0.010 0.005 0.019 0.005 0.913 0.005 0.004 0.002 
276 ZFFDSP19    (0)   :  0.003 0.003 0.004 0.003 0.013 0.108 0.034 0.018 0.023 0.015 0.004 0.759 0.005 0.004 0.002 
277 ZFFDSP21    (0)   :  0.002 0.003 0.003 0.004 0.008 0.065 0.269 0.052 0.013 0.016 0.007 0.546 0.005 0.004 0.002 
278 ZFFDSP22    (0)   :  0.002 0.003 0.002 0.004 0.093 0.004 0.012 0.012 0.005 0.080 0.004 0.767 0.003 0.006 0.002 
279 ZFFDSP23    (0)   :  0.002 0.002 0.002 0.003 0.134 0.009 0.207 0.018 0.005 0.022 0.004 0.581 0.004 0.005 0.002 
280 ZFFDSP24    (0)   :  0.003 0.003 0.004 0.004 0.005 0.010 0.068 0.150 0.004 0.013 0.004 0.720 0.004 0.006 0.003 
281 ZFFDSP26    (9)   :  0.003 0.003 0.004 0.004 0.017 0.007 0.185 0.032 0.005 0.091 0.005 0.635 0.003 0.005 0.003 
282 ZFFDSP27    (0)   :  0.003 0.003 0.004 0.004 0.007 0.008 0.022 0.014 0.004 0.027 0.004 0.892 0.004 0.003 0.002 
283 ZFFDSP28    (0)   :  0.017 0.006 0.027 0.014 0.008 0.004 0.022 0.032 0.006 0.052 0.011 0.764 0.021 0.010 0.005 
284 ZFFDSP30    (0)   :  0.005 0.004 0.042 0.007 0.007 0.034 0.250 0.037 0.005 0.019 0.006 0.564 0.007 0.008 0.006 
285 ZFFDSP31    (0)   :  0.002 0.005 0.003 0.005 0.007 0.008 0.018 0.116 0.004 0.696 0.004 0.112 0.009 0.007 0.002 
286 ZFFDSP32    (0)   :  0.002 0.003 0.002 0.004 0.005 0.004 0.012 0.009 0.003 0.007 0.003 0.935 0.003 0.004 0.003 
287 ZFFDSP33    (0)   :  0.002 0.003 0.003 0.003 0.006 0.004 0.024 0.006 0.002 0.021 0.003 0.913 0.003 0.003 0.003 
288 ZFFDSP34    (0)   :  0.002 0.003 0.004 0.004 0.014 0.006 0.018 0.131 0.009 0.556 0.004 0.235 0.006 0.006 0.002 
289 ZFFDSP35    (0)   :  0.002 0.003 0.004 0.003 0.006 0.005 0.046 0.114 0.004 0.014 0.003 0.784 0.004 0.005 0.002 
290 ZFFDSP37    (0)   :  0.002 0.003 0.003 0.004 0.003 0.005 0.010 0.011 0.003 0.008 0.003 0.935 0.004 0.003 0.002 
291 ZFFDSP38    (0)   :  0.003 0.003 0.004 0.004 0.004 0.005 0.006 0.012 0.003 0.025 0.003 0.918 0.004 0.004 0.002 
292 ZFFDSP39    (0)   :  0.002 0.002 0.004 0.003 0.008 0.007 0.588 0.026 0.003 0.020 0.004 0.323 0.003 0.003 0.002 
293 ZFFDSP40    (0)   :  0.003 0.003 0.004 0.004 0.005 0.010 0.191 0.040 0.003 0.014 0.004 0.711 0.004 0.003 0.002 
294 ZFFDSP42    (0)   :  0.002 0.003 0.004 0.003 0.085 0.009 0.055 0.067 0.005 0.053 0.005 0.699 0.004 0.005 0.002 
295 ZFFDSP43    (0)   :  0.002 0.003 0.003 0.003 0.011 0.013 0.049 0.017 0.003 0.049 0.004 0.833 0.003 0.003 0.002 
296 ZFFDSP44    (0)   :  0.003 0.003 0.005 0.004 0.005 0.008 0.037 0.033 0.003 0.016 0.003 0.870 0.004 0.004 0.003 
297 ZFFDSP45    (0)   :  0.002 0.003 0.004 0.004 0.005 0.006 0.011 0.039 0.004 0.022 0.004 0.887 0.004 0.004 0.002 
298 ZFFDSP46    (0)   :  0.002 0.003 0.004 0.004 0.010 0.007 0.015 0.071 0.004 0.020 0.005 0.846 0.003 0.004 0.002 
299 ZFFDSP47    (0)   :  0.003 0.003 0.004 0.005 0.013 0.013 0.503 0.051 0.003 0.025 0.003 0.363 0.004 0.005 0.003 
300 ZFFDSP48    (0)   :  0.003 0.003 0.004 0.004 0.006 0.016 0.311 0.060 0.003 0.016 0.004 0.560 0.003 0.004 0.003 
301    ZFI01    (0)   :  0.116 0.008 0.749 0.013 0.004 0.009 0.005 0.005 0.010 0.004 0.028 0.005 0.027 0.008 0.007 
302    ZFI02    (0)   :  0.051 0.005 0.864 0.004 0.004 0.008 0.005 0.004 0.005 0.005 0.011 0.005 0.019 0.006 0.004 
303    ZFI03    (0)   :  0.010 0.006 0.869 0.005 0.003 0.008 0.004 0.004 0.006 0.004 0.009 0.004 0.058 0.007 0.003 
304    ZFI04    (0)   :  0.116 0.007 0.091 0.004 0.003 0.006 0.004 0.005 0.004 0.004 0.005 0.004 0.736 0.006 0.005 
305    ZFI05    (0)   :  0.005 0.007 0.922 0.008 0.003 0.014 0.005 0.004 0.004 0.004 0.006 0.004 0.006 0.004 0.003 
