

----------------------------------------------------
STRUCTURE by Pritchard, Stephens and Donnelly (2000)
     and Falush, Stephens and Pritchard (2003)
       Code by Pritchard, Falush and Hubisz
             Version 2.3.4 (Jul 2012)
----------------------------------------------------



Command line arguments:   bin\structure -m C:\Users\eschumacher\Documents\GitHub\GCC_QUAC_ZAIN\Data_Files\Structure_Files\ZAIN\ZAIN_wild_rebinned_nopopinfo\50-50\mainparams -e C:\Users\eschumacher\Documents\GitHub\GCC_QUAC_ZAIN\Data_Files\Structure_Files\ZAIN\ZAIN_wild_rebinned_nopopinfo\50-50\extraparams 
Input File:    C:\Users\eschumacher\Documents\GitHub\GCC_QUAC_ZAIN\Data_Files\Structure_Files\ZAIN\ZAIN_wild_rebinned_nopopinfo\project_data

Run parameters:
   751 individuals
   11 loci
   5 populations assumed
   50000 Burn-in period
   50000 Reps


--------------------------------------------
Overall proportion of membership of the
sample in each of the 5 clusters

Inferred Clusters
  1      2      3      4      5    
0.185  0.113  0.173  0.190  0.339  

--------------------------------------------

Allele-freq. divergence among pops (Net nucleotide distance),
computed using point estimates of P.

      1       2       3       4       5      
 1      -    0.1208  0.0917  0.0901  0.1182  
 2   0.1208     -    0.2211  0.1498  0.2502  
 3   0.0917  0.2211     -    0.1609  0.1131  
 4   0.0901  0.1498  0.1609     -    0.2133  
 5   0.1182  0.2502  0.1131  0.2133     -    

Average distances (expected heterozygosity) between individuals in same cluster:
cluster  1  : 0.5672 
cluster  2  : 0.4357 
cluster  3  : 0.4349 
cluster  4  : 0.4727 
cluster  5  : 0.4572 

--------------------------------------------
Estimated Ln Prob of Data   = -15038.5
Mean value of ln likelihood = -14814.9
Variance of ln likelihood   = 447.2
Mean value of alpha         = 0.0339

Mean value of Fst_1         = 0.0977
Mean value of Fst_2         = 0.4054
Mean value of Fst_3         = 0.3499
Mean value of Fst_4         = 0.3284
Mean value of Fst_5         = 0.3156


Inferred ancestry of individuals:
        Label (%Miss) :  Inferred clusters
  1    ZFB01    (0)   :  0.004 0.009 0.003 0.980 0.004 
  2    ZFB02    (0)   :  0.008 0.046 0.004 0.939 0.003 
  3    ZFB03    (0)   :  0.009 0.005 0.006 0.975 0.005 
  4    ZFB04    (0)   :  0.006 0.058 0.004 0.928 0.004 
  5    ZFB05    (0)   :  0.077 0.192 0.016 0.710 0.005 
  6    ZFB06    (0)   :  0.072 0.098 0.014 0.810 0.006 
  7    ZFB07    (9)   :  0.009 0.009 0.005 0.971 0.006 
  8    ZFB08    (0)   :  0.009 0.005 0.006 0.974 0.006 
  9    ZFB09    (0)   :  0.005 0.005 0.003 0.984 0.003 
 10    ZFB10    (0)   :  0.005 0.011 0.004 0.966 0.013 
 11    ZFB11    (0)   :  0.005 0.022 0.005 0.962 0.007 
 12    ZFB12    (0)   :  0.024 0.030 0.006 0.931 0.009 
 13    ZFB13    (0)   :  0.011 0.007 0.004 0.971 0.008 
 14    ZFB14    (0)   :  0.005 0.004 0.004 0.984 0.004 
 15    ZFB15    (0)   :  0.005 0.012 0.003 0.978 0.003 
 16    ZFB16    (0)   :  0.007 0.014 0.003 0.971 0.006 
 17    ZFB17    (0)   :  0.029 0.043 0.011 0.905 0.012 
 18    ZFB18    (0)   :  0.004 0.004 0.003 0.985 0.004 
 19    ZFB19    (0)   :  0.025 0.009 0.005 0.938 0.024 
 20    ZFB20    (0)   :  0.008 0.035 0.004 0.948 0.005 
 21    ZFB21    (0)   :  0.006 0.013 0.003 0.975 0.003 
 22    ZFB22    (0)   :  0.013 0.065 0.006 0.902 0.014 
 23    ZFB23    (0)   :  0.006 0.036 0.006 0.946 0.007 
 24    ZFB24    (0)   :  0.005 0.043 0.004 0.941 0.006 
 25    ZFB25    (0)   :  0.004 0.006 0.004 0.972 0.014 
 26    ZFB26    (0)   :  0.006 0.090 0.006 0.885 0.013 
 27    ZFB27    (0)   :  0.005 0.089 0.004 0.895 0.007 
 28    ZFB28    (0)   :  0.034 0.128 0.010 0.820 0.007 
 29    ZFB29    (0)   :  0.006 0.025 0.004 0.962 0.003 
 30    ZFB30    (0)   :  0.041 0.211 0.009 0.729 0.011 
 31    ZFB31    (0)   :  0.004 0.007 0.004 0.975 0.010 
 32    ZFB32    (0)   :  0.043 0.077 0.038 0.829 0.013 
 33    ZFB33    (0)   :  0.005 0.012 0.003 0.977 0.003 
 34    ZFB34    (0)   :  0.005 0.004 0.004 0.984 0.003 
 35    ZFB35    (0)   :  0.005 0.009 0.005 0.975 0.006 
 36  ZFBP101    (0)   :  0.017 0.014 0.103 0.016 0.850 
 37  ZFBP102    (0)   :  0.014 0.018 0.019 0.022 0.927 
 38  ZFBP103    (0)   :  0.010 0.008 0.317 0.008 0.657 
 39  ZFBP104    (0)   :  0.038 0.012 0.006 0.046 0.899 
 40  ZFBP105    (0)   :  0.008 0.005 0.008 0.008 0.970 
 41  ZFBP106    (0)   :  0.005 0.004 0.011 0.004 0.976 
 42  ZFBP107    (0)   :  0.014 0.020 0.017 0.008 0.942 
 43  ZFBP108    (0)   :  0.004 0.003 0.005 0.004 0.984 
 44  ZFBP109    (0)   :  0.006 0.003 0.005 0.006 0.980 
 45  ZFBP110    (0)   :  0.028 0.008 0.248 0.040 0.675 
 46  ZFBP111    (0)   :  0.004 0.003 0.005 0.003 0.985 
 47  ZFBP112    (0)   :  0.006 0.007 0.007 0.004 0.975 
 48  ZFBP113    (0)   :  0.005 0.004 0.004 0.005 0.982 
 49  ZFBP114    (0)   :  0.005 0.009 0.007 0.004 0.975 
 50  ZFBP115    (0)   :  0.007 0.004 0.015 0.003 0.972 
 51  ZFBP116    (0)   :  0.006 0.004 0.005 0.003 0.981 
 52  ZFBP117    (0)   :  0.005 0.003 0.008 0.004 0.981 
 53  ZFBP118    (0)   :  0.005 0.009 0.006 0.003 0.977 
 54  ZFBP119    (0)   :  0.008 0.003 0.035 0.004 0.950 
 55  ZFBP120    (0)   :  0.007 0.005 0.007 0.008 0.973 
 56  ZFBP121    (0)   :  0.005 0.004 0.011 0.007 0.973 
 57  ZFBP122    (9)   :  0.005 0.003 0.005 0.004 0.982 
 58  ZFBP123    (0)   :  0.007 0.009 0.011 0.004 0.969 
 59  ZFBP124    (0)   :  0.004 0.005 0.007 0.010 0.974 
 60  ZFBP125    (0)   :  0.004 0.003 0.007 0.003 0.983 
 61  ZFBP126    (0)   :  0.032 0.018 0.022 0.015 0.914 
 62  ZFBP127    (0)   :  0.004 0.003 0.013 0.004 0.976 
 63  ZFBP128    (0)   :  0.003 0.003 0.007 0.005 0.982 
 64  ZFBP129    (0)   :  0.004 0.003 0.009 0.006 0.978 
 65  ZFBP130    (0)   :  0.004 0.003 0.007 0.002 0.983 
 66  ZFBP131    (0)   :  0.005 0.004 0.004 0.005 0.982 
 67  ZFBP132    (0)   :  0.004 0.003 0.007 0.004 0.982 
 68  ZFBP133    (0)   :  0.003 0.002 0.005 0.004 0.985 
 69  ZFBP134    (0)   :  0.005 0.003 0.015 0.004 0.972 
 70  ZFBP135    (0)   :  0.012 0.009 0.257 0.028 0.694 
 71  ZFBP136    (0)   :  0.006 0.008 0.063 0.004 0.919 
 72  ZFBP201    (0)   :  0.008 0.007 0.008 0.006 0.971 
 73  ZFBP202    (0)   :  0.004 0.003 0.005 0.007 0.980 
 74  ZFBP203    (0)   :  0.026 0.042 0.006 0.007 0.919 
 75  ZFBP204    (0)   :  0.007 0.005 0.023 0.005 0.960 
 76  ZFBP205    (0)   :  0.005 0.006 0.006 0.003 0.980 
 77  ZFBP206    (0)   :  0.007 0.008 0.010 0.006 0.969 
 78  ZFBP207    (0)   :  0.005 0.003 0.028 0.004 0.960 
 79  ZFBP208    (0)   :  0.010 0.014 0.006 0.004 0.966 
 80  ZFBP209    (0)   :  0.003 0.002 0.005 0.003 0.986 
 81  ZFBP210    (0)   :  0.008 0.008 0.007 0.005 0.972 
 82  ZFBP211    (0)   :  0.005 0.004 0.007 0.006 0.978 
 83  ZFBP212    (0)   :  0.004 0.003 0.005 0.006 0.982 
 84  ZFBP213    (0)   :  0.008 0.006 0.013 0.011 0.962 
 85  ZFBP214    (0)   :  0.011 0.004 0.048 0.010 0.926 
 86  ZFBP215    (0)   :  0.004 0.003 0.006 0.005 0.983 
 87  ZFBP216    (0)   :  0.015 0.008 0.006 0.006 0.966 
 88  ZFBP217    (0)   :  0.005 0.003 0.009 0.005 0.978 
 89  ZFBP218    (0)   :  0.004 0.003 0.003 0.003 0.987 
 90  ZFBP219    (0)   :  0.005 0.004 0.004 0.004 0.983 
 91  ZFBP220    (0)   :  0.005 0.004 0.010 0.003 0.979 
 92  ZFBP221    (0)   :  0.004 0.003 0.004 0.004 0.984 
 93  ZFBP222    (0)   :  0.006 0.006 0.007 0.006 0.974 
 94  ZFBP223    (0)   :  0.007 0.005 0.035 0.008 0.946 
 95  ZFBP224    (0)   :  0.005 0.005 0.007 0.006 0.976 
 96  ZFBP225    (0)   :  0.007 0.006 0.012 0.003 0.973 
 97  ZFBP226    (0)   :  0.006 0.005 0.005 0.005 0.979 
 98  ZFBP227    (0)   :  0.135 0.016 0.008 0.032 0.809 
 99  ZFBP228    (0)   :  0.005 0.003 0.018 0.005 0.969 
100  ZFBP229    (0)   :  0.005 0.003 0.006 0.003 0.982 
101  ZFBP230    (0)   :  0.006 0.003 0.011 0.003 0.976 
102  ZFBP231    (0)   :  0.005 0.004 0.006 0.006 0.978 
103  ZFBP232    (0)   :  0.004 0.003 0.005 0.004 0.985 
104  ZFBP233    (0)   :  0.006 0.004 0.006 0.006 0.977 
105   ZFCC01    (0)   :  0.006 0.008 0.960 0.023 0.005 
106   ZFCC03    (0)   :  0.004 0.003 0.982 0.007 0.005 
107   ZFCC04    (0)   :  0.006 0.006 0.973 0.010 0.005 
108   ZFCC05    (0)   :  0.007 0.005 0.972 0.010 0.006 
109   ZFCC08    (0)   :  0.006 0.003 0.962 0.007 0.022 
110   ZFCC09    (0)   :  0.004 0.004 0.978 0.010 0.004 
111   ZFCC10    (0)   :  0.005 0.007 0.946 0.037 0.005 
112   ZFCC11    (0)   :  0.004 0.004 0.978 0.009 0.005 
113   ZFCC12    (0)   :  0.016 0.139 0.804 0.033 0.008 
114   ZFCC13    (0)   :  0.010 0.010 0.963 0.004 0.012 
115   ZFCC14    (0)   :  0.008 0.009 0.946 0.029 0.008 
116   ZFCC15    (0)   :  0.012 0.008 0.967 0.007 0.005 
117   ZFCC16    (0)   :  0.008 0.008 0.970 0.010 0.004 
118   ZFCC17    (0)   :  0.007 0.027 0.953 0.011 0.003 
119   ZFCC18    (0)   :  0.005 0.005 0.975 0.010 0.005 
120   ZFCC19    (0)   :  0.020 0.023 0.943 0.010 0.004 
121   ZFCC20    (0)   :  0.006 0.005 0.979 0.006 0.005 
122   ZFCC21    (0)   :  0.094 0.011 0.743 0.021 0.131 
123   ZFCC22    (0)   :  0.010 0.011 0.462 0.017 0.500 
124   ZFCC26    (0)   :  0.006 0.006 0.975 0.009 0.004 
125   ZFCC27    (0)   :  0.004 0.003 0.984 0.004 0.004 
126   ZFCC29    (0)   :  0.015 0.009 0.953 0.018 0.005 
127   ZFCC30    (0)   :  0.004 0.004 0.985 0.003 0.004 
128   ZFCC32    (0)   :  0.010 0.015 0.959 0.010 0.006 
129   ZFCC33    (0)   :  0.010 0.007 0.967 0.013 0.004 
130   ZFCC34    (0)   :  0.006 0.019 0.923 0.020 0.031 
131   ZFCC35    (0)   :  0.004 0.004 0.982 0.005 0.005 
132   ZFCC36    (0)   :  0.016 0.030 0.932 0.006 0.016 
133   ZFCC37    (0)   :  0.037 0.112 0.802 0.037 0.012 
134   ZFCC40    (0)   :  0.004 0.016 0.956 0.016 0.007 
135   ZFCC42    (0)   :  0.008 0.538 0.438 0.007 0.008 
136   ZFCC44    (0)   :  0.004 0.006 0.984 0.003 0.003 
137   ZFCC45    (9)   :  0.014 0.027 0.925 0.027 0.006 
138   ZFCC46    (0)   :  0.006 0.004 0.971 0.004 0.015 
139   ZFCC47    (0)   :  0.008 0.069 0.882 0.035 0.007 
140   ZFCC48    (0)   :  0.018 0.006 0.877 0.016 0.083 
141   ZFCC50    (0)   :  0.006 0.011 0.969 0.010 0.004 
142   ZFCC51    (0)   :  0.004 0.004 0.983 0.006 0.004 
143   ZFCC52    (0)   :  0.006 0.011 0.965 0.006 0.013 
144   ZFCC53    (0)   :  0.004 0.004 0.983 0.005 0.003 
145  ZFCNS01    (0)   :  0.022 0.009 0.948 0.003 0.018 
146  ZFCNS02    (0)   :  0.004 0.003 0.979 0.003 0.011 
147  ZFCNS05    (0)   :  0.005 0.003 0.966 0.007 0.018 
148  ZFCNS06    (0)   :  0.004 0.003 0.973 0.006 0.014 
149  ZFCNS07    (0)   :  0.006 0.004 0.645 0.006 0.340 
150  ZFCNS10    (0)   :  0.004 0.004 0.923 0.003 0.065 
151  ZFCNS11    (0)   :  0.009 0.005 0.971 0.003 0.011 
152  ZFCNS15    (0)   :  0.008 0.004 0.202 0.009 0.777 
153  ZFCNS17    (0)   :  0.004 0.003 0.980 0.004 0.009 
154  ZFCNS18    (0)   :  0.004 0.004 0.956 0.005 0.032 
155  ZFCNS19    (0)   :  0.004 0.003 0.982 0.004 0.006 
156  ZFCNS20    (0)   :  0.007 0.004 0.861 0.004 0.124 
157  ZFCNS21    (0)   :  0.005 0.003 0.980 0.004 0.008 
158  ZFCNS22    (0)   :  0.007 0.004 0.854 0.010 0.127 
159  ZFCNS23    (0)   :  0.006 0.004 0.973 0.005 0.013 
160  ZFCNS24    (0)   :  0.004 0.003 0.981 0.003 0.008 
161  ZFCNS25    (0)   :  0.005 0.003 0.941 0.004 0.048 
162  ZFCNS26    (0)   :  0.006 0.003 0.735 0.011 0.246 
163  ZFCNS27    (0)   :  0.008 0.004 0.101 0.007 0.880 
164  ZFCNS28    (0)   :  0.004 0.003 0.964 0.010 0.019 
165  ZFCNS29    (0)   :  0.005 0.003 0.974 0.004 0.013 
166  ZFCNS30    (0)   :  0.005 0.003 0.979 0.005 0.007 
167  ZFCNS31    (0)   :  0.006 0.003 0.943 0.006 0.042 
168  ZFCNS32    (0)   :  0.005 0.003 0.951 0.008 0.033 
169  ZFCNS33    (0)   :  0.005 0.003 0.967 0.004 0.021 
170  ZFCNS34    (0)   :  0.004 0.003 0.984 0.004 0.006 
171  ZFCNS35    (0)   :  0.004 0.003 0.964 0.009 0.020 
172  ZFCNS36    (0)   :  0.004 0.003 0.982 0.003 0.007 
173  ZFCNS37    (0)   :  0.008 0.003 0.938 0.005 0.046 
174  ZFCNS39    (0)   :  0.005 0.003 0.980 0.003 0.010 
175  ZFCNS40    (0)   :  0.006 0.003 0.953 0.003 0.035 
176  ZFCNS41    (0)   :  0.018 0.006 0.798 0.007 0.171 
177  ZFCNS42    (0)   :  0.006 0.003 0.947 0.005 0.039 
178  ZFCNS43    (0)   :  0.004 0.003 0.983 0.004 0.006 
179  ZFCNS44    (0)   :  0.004 0.003 0.975 0.005 0.014 
180  ZFCNS46    (0)   :  0.007 0.003 0.967 0.004 0.019 
181  ZFCNS47    (0)   :  0.004 0.003 0.978 0.005 0.010 
182  ZFCNS48    (0)   :  0.005 0.004 0.952 0.004 0.035 
183  ZFCNS49    (0)   :  0.005 0.003 0.223 0.007 0.762 
184   ZFCR01    (0)   :  0.482 0.024 0.007 0.446 0.040 
185   ZFCR02    (0)   :  0.924 0.014 0.015 0.032 0.015 
186   ZFCR03    (0)   :  0.441 0.156 0.014 0.347 0.042 
187   ZFCR04    (0)   :  0.101 0.043 0.029 0.780 0.048 
188   ZFCR05    (0)   :  0.918 0.009 0.010 0.058 0.004 
189   ZFCR06    (0)   :  0.624 0.008 0.124 0.110 0.134 
190   ZFCR07    (0)   :  0.902 0.008 0.051 0.027 0.011 
191   ZFCR08    (0)   :  0.551 0.162 0.054 0.125 0.108 
192   ZFCR09    (0)   :  0.072 0.474 0.099 0.151 0.204 
193   ZFCR11    (0)   :  0.837 0.011 0.016 0.090 0.048 
194   ZFCR12    (0)   :  0.822 0.004 0.102 0.013 0.059 
195   ZFCR13    (0)   :  0.936 0.003 0.007 0.010 0.043 
196   ZFCR14    (0)   :  0.952 0.005 0.009 0.024 0.010 
197   ZFCR15    (0)   :  0.876 0.014 0.015 0.061 0.034 
198   ZFCR16    (0)   :  0.910 0.006 0.007 0.058 0.019 
199   ZFCR18    (0)   :  0.145 0.011 0.073 0.734 0.038 
200   ZFCR19    (0)   :  0.772 0.080 0.020 0.063 0.066 
201   ZFCR20    (0)   :  0.265 0.048 0.014 0.584 0.089 
202   ZFCR21    (0)   :  0.953 0.004 0.011 0.019 0.014 
203   ZFCR22    (0)   :  0.974 0.005 0.004 0.007 0.010 
204   ZFCR23    (0)   :  0.776 0.031 0.005 0.034 0.154 
205   ZFCR24    (9)   :  0.312 0.023 0.009 0.172 0.484 
206   ZFCR25    (0)   :  0.969 0.007 0.005 0.016 0.004 
207   ZFCR26    (0)   :  0.924 0.042 0.011 0.009 0.014 
208   ZFCR27    (9)   :  0.911 0.038 0.004 0.043 0.003 
209   ZFCR28    (0)   :  0.680 0.007 0.026 0.013 0.273 
210   ZFCR29    (0)   :  0.844 0.008 0.006 0.130 0.012 
211   ZFCR30    (0)   :  0.973 0.006 0.006 0.010 0.006 
212   ZFCR31    (0)   :  0.404 0.093 0.066 0.278 0.159 
213   ZFCR33    (0)   :  0.860 0.070 0.036 0.022 0.011 
214   ZFCR34    (0)   :  0.846 0.023 0.034 0.045 0.052 
215   ZFCR35    (0)   :  0.127 0.013 0.030 0.811 0.018 
216   ZFCR36    (0)   :  0.883 0.012 0.014 0.083 0.008 
217   ZFCR37    (0)   :  0.949 0.013 0.013 0.020 0.004 
218   ZFCR38    (0)   :  0.894 0.060 0.016 0.023 0.007 
219   ZFCR39    (0)   :  0.518 0.320 0.029 0.019 0.114 
220   ZFCR40    (0)   :  0.898 0.050 0.015 0.025 0.012 
221   ZFCR41    (0)   :  0.913 0.003 0.058 0.011 0.015 
222   ZFCR42    (0)   :  0.922 0.012 0.032 0.009 0.025 
223   ZFCR43    (0)   :  0.895 0.005 0.006 0.051 0.043 
224  ZFENP25    (0)   :  0.905 0.009 0.014 0.062 0.011 
225  ZFENP26    (0)   :  0.958 0.022 0.005 0.012 0.003 
226  ZFENP27    (0)   :  0.170 0.119 0.399 0.274 0.038 
227  ZFENP28    (0)   :  0.936 0.024 0.012 0.024 0.005 
228  ZFENP29    (0)   :  0.975 0.009 0.006 0.006 0.004 
229  ZFENP30    (0)   :  0.918 0.038 0.030 0.009 0.005 
230  ZFENP31    (0)   :  0.057 0.874 0.041 0.019 0.009 
231  ZFENP32    (0)   :  0.211 0.415 0.077 0.272 0.025 
232  ZFENP33    (0)   :  0.929 0.022 0.009 0.034 0.005 
233  ZFENP34    (0)   :  0.259 0.030 0.053 0.643 0.016 
234  ZFENP35    (0)   :  0.844 0.112 0.011 0.022 0.012 
235  ZFENP36    (0)   :  0.947 0.030 0.007 0.012 0.003 
236  ZFENP37    (0)   :  0.858 0.045 0.015 0.075 0.007 
237  ZFENP38    (0)   :  0.959 0.012 0.016 0.007 0.006 
238  ZFENP39    (0)   :  0.915 0.032 0.011 0.039 0.004 
239  ZFENP40    (0)   :  0.793 0.112 0.009 0.079 0.006 
240  ZFENP41    (0)   :  0.865 0.053 0.052 0.022 0.008 
241  ZFENP42    (0)   :  0.750 0.238 0.005 0.004 0.003 
242  ZFENP43    (0)   :  0.902 0.017 0.058 0.012 0.010 
243  ZFENP44    (0)   :  0.784 0.145 0.047 0.012 0.012 
244  ZFENP45    (0)   :  0.672 0.078 0.016 0.011 0.222 
245  ZFENP46    (0)   :  0.940 0.028 0.006 0.018 0.009 
246  ZFENP47    (0)   :  0.316 0.439 0.038 0.046 0.161 
247  ZFENP48    (0)   :  0.286 0.066 0.084 0.526 0.037 
248  ZFENP49    (0)   :  0.911 0.022 0.015 0.039 0.012 
249  ZFENP50    (0)   :  0.945 0.028 0.004 0.007 0.017 
250  ZFENP51    (0)   :  0.397 0.521 0.014 0.028 0.040 
251  ZFENP52    (0)   :  0.960 0.011 0.018 0.004 0.007 
252  ZFENP53    (0)   :  0.946 0.021 0.009 0.007 0.017 
253  ZFENP54    (0)   :  0.936 0.010 0.016 0.015 0.023 
254  ZFENP55    (0)   :  0.952 0.011 0.004 0.028 0.005 
255  ZFENP56    (0)   :  0.964 0.014 0.008 0.010 0.004 
256  ZFENP57    (0)   :  0.855 0.112 0.010 0.019 0.005 
257  ZFENP58    (0)   :  0.906 0.014 0.051 0.010 0.020 
258  ZFENP59    (0)   :  0.771 0.131 0.071 0.021 0.006 
259  ZFENP60    (0)   :  0.906 0.020 0.009 0.058 0.007 
260  ZFENP61    (0)   :  0.932 0.020 0.008 0.037 0.003 
261 ZFFDSP01    (0)   :  0.004 0.003 0.005 0.006 0.982 
262 ZFFDSP02    (0)   :  0.004 0.002 0.005 0.005 0.984 
263 ZFFDSP04    (0)   :  0.003 0.003 0.004 0.006 0.984 
264 ZFFDSP05    (0)   :  0.005 0.004 0.005 0.004 0.983 
265 ZFFDSP06    (0)   :  0.003 0.002 0.005 0.004 0.985 
266 ZFFDSP07    (0)   :  0.007 0.006 0.012 0.005 0.970 
267 ZFFDSP08    (0)   :  0.006 0.005 0.014 0.003 0.972 
268 ZFFDSP10    (0)   :  0.006 0.004 0.006 0.005 0.980 
269 ZFFDSP11    (0)   :  0.006 0.004 0.004 0.005 0.981 
270 ZFFDSP12    (0)   :  0.004 0.003 0.005 0.003 0.985 
271 ZFFDSP13    (0)   :  0.009 0.005 0.027 0.005 0.954 
272 ZFFDSP14    (0)   :  0.005 0.004 0.006 0.005 0.980 
273 ZFFDSP16    (0)   :  0.008 0.004 0.013 0.009 0.966 
274 ZFFDSP17    (0)   :  0.005 0.003 0.005 0.005 0.982 
275 ZFFDSP18    (0)   :  0.004 0.003 0.007 0.010 0.976 
276 ZFFDSP19    (0)   :  0.004 0.003 0.021 0.007 0.965 
277 ZFFDSP21    (0)   :  0.004 0.003 0.020 0.004 0.970 
278 ZFFDSP22    (0)   :  0.004 0.002 0.005 0.003 0.986 
279 ZFFDSP23    (0)   :  0.003 0.002 0.006 0.003 0.986 
280 ZFFDSP24    (0)   :  0.005 0.003 0.009 0.007 0.976 
281 ZFFDSP26    (9)   :  0.004 0.003 0.006 0.005 0.982 
282 ZFFDSP27    (0)   :  0.004 0.003 0.006 0.008 0.980 
283 ZFFDSP28    (0)   :  0.017 0.023 0.013 0.075 0.872 
284 ZFFDSP30    (0)   :  0.005 0.006 0.015 0.026 0.949 
285 ZFFDSP31    (0)   :  0.005 0.003 0.008 0.006 0.979 
286 ZFFDSP32    (0)   :  0.004 0.003 0.004 0.004 0.984 
287 ZFFDSP33    (0)   :  0.004 0.003 0.004 0.004 0.986 
288 ZFFDSP34    (0)   :  0.004 0.002 0.006 0.004 0.983 
289 ZFFDSP35    (0)   :  0.004 0.003 0.005 0.006 0.981 
290 ZFFDSP37    (0)   :  0.004 0.003 0.005 0.006 0.982 
291 ZFFDSP38    (0)   :  0.004 0.003 0.005 0.006 0.982 
292 ZFFDSP39    (0)   :  0.003 0.003 0.004 0.004 0.985 
293 ZFFDSP40    (0)   :  0.004 0.003 0.006 0.006 0.982 
294 ZFFDSP42    (0)   :  0.004 0.002 0.007 0.004 0.983 
295 ZFFDSP43    (0)   :  0.003 0.003 0.006 0.004 0.984 
296 ZFFDSP44    (0)   :  0.005 0.004 0.005 0.006 0.981 
297 ZFFDSP45    (0)   :  0.004 0.002 0.006 0.005 0.982 
298 ZFFDSP46    (0)   :  0.005 0.002 0.007 0.006 0.980 
299 ZFFDSP47    (0)   :  0.004 0.003 0.006 0.004 0.983 
300 ZFFDSP48    (0)   :  0.004 0.003 0.006 0.005 0.982 
301    ZFI01    (0)   :  0.007 0.022 0.010 0.956 0.005 
302    ZFI02    (0)   :  0.008 0.012 0.006 0.969 0.005 
303    ZFI03    (0)   :  0.006 0.005 0.007 0.979 0.004 
304    ZFI04    (0)   :  0.007 0.019 0.005 0.964 0.004 
305    ZFI05    (0)   :  0.007 0.006 0.009 0.974 0.005 
306    ZFI06    (0)   :  0.008 0.011 0.012 0.959 0.010 
307    ZFI07    (0)   :  0.006 0.005 0.005 0.980 0.003 
308    ZFI08    (0)   :  0.009 0.009 0.004 0.974 0.003 
309    ZFI09    (0)   :  0.007 0.009 0.005 0.975 0.004 
310    ZFI10    (0)   :  0.009 0.010 0.013 0.961 0.007 
311    ZFI11    (0)   :  0.007 0.015 0.005 0.969 0.004 
312    ZFI12    (0)   :  0.006 0.004 0.009 0.976 0.004 
313    ZFI13    (0)   :  0.006 0.006 0.008 0.977 0.004 
314    ZFI14    (0)   :  0.005 0.005 0.006 0.976 0.008 
315    ZFI15    (0)   :  0.005 0.004 0.005 0.983 0.003 
316    ZFI16    (0)   :  0.005 0.003 0.005 0.984 0.003 
317    ZFI17    (0)   :  0.007 0.008 0.006 0.975 0.004 
318    ZFI18    (0)   :  0.006 0.008 0.004 0.979 0.003 
319    ZFI19    (9)   :  0.006 0.005 0.005 0.981 0.003 
320    ZFI20    (0)   :  0.005 0.005 0.005 0.980 0.005 
321    ZFI21    (0)   :  0.004 0.005 0.007 0.972 0.011 
322    ZFI22    (0)   :  0.005 0.008 0.005 0.976 0.005 
323    ZFI23    (0)   :  0.006 0.004 0.006 0.981 0.004 
324    ZFI24    (0)   :  0.006 0.004 0.010 0.975 0.005 
325    ZFI25    (0)   :  0.007 0.005 0.005 0.978 0.005 
326    ZFI26    (0)   :  0.007 0.004 0.006 0.979 0.004 
327    ZFI27    (0)   :  0.007 0.005 0.015 0.966 0.006 
328    ZFK01    (0)   :  0.020 0.030 0.931 0.006 0.012 
329    ZFK02    (0)   :  0.024 0.017 0.938 0.010 0.010 
330    ZFK03    (0)   :  0.022 0.089 0.868 0.011 0.010 
331    ZFK04    (0)   :  0.030 0.448 0.471 0.031 0.020 
332    ZFK05    (0)   :  0.010 0.619 0.343 0.014 0.014 
333    ZFK06    (0)   :  0.196 0.057 0.682 0.056 0.009 
334    ZFK07    (0)   :  0.023 0.106 0.851 0.005 0.016 
335    ZFK08    (0)   :  0.216 0.666 0.068 0.032 0.018 
336    ZFK10    (0)   :  0.046 0.138 0.753 0.049 0.014 
337    ZFK11    (0)   :  0.069 0.259 0.642 0.012 0.018 
338    ZFK12    (0)   :  0.208 0.029 0.725 0.006 0.032 
339    ZFK13    (0)   :  0.042 0.161 0.638 0.005 0.154 
340    ZFK14    (0)   :  0.009 0.040 0.928 0.005 0.018 
341    ZFK15    (0)   :  0.047 0.456 0.351 0.009 0.137 
342    ZFK16    (0)   :  0.033 0.036 0.891 0.004 0.036 
343   ZFLB01    (0)   :  0.005 0.977 0.004 0.006 0.008 
344   ZFLB02    (0)   :  0.029 0.932 0.003 0.031 0.005 
345   ZFLB03    (0)   :  0.026 0.931 0.025 0.010 0.009 
346   ZFLB04    (0)   :  0.009 0.845 0.083 0.018 0.046 
347   ZFLB05    (0)   :  0.006 0.972 0.007 0.009 0.007 
348   ZFLB06    (0)   :  0.006 0.978 0.006 0.004 0.005 
349   ZFLB07    (0)   :  0.056 0.738 0.148 0.006 0.052 
350   ZFLB08    (0)   :  0.020 0.950 0.005 0.019 0.005 
351   ZFLB09    (9)   :  0.005 0.982 0.005 0.005 0.004 
352   ZFLB10    (0)   :  0.004 0.981 0.005 0.005 0.004 
353   ZFLB11    (0)   :  0.008 0.974 0.008 0.003 0.007 
354   ZFLB12    (0)   :  0.005 0.983 0.004 0.005 0.003 
355   ZFLB13    (0)   :  0.020 0.952 0.011 0.006 0.010 
356  ZFLTI01    (0)   :  0.006 0.002 0.097 0.004 0.890 
357  ZFLTI02    (0)   :  0.006 0.002 0.601 0.005 0.385 
358  ZFLTI03    (0)   :  0.005 0.003 0.057 0.004 0.932 
359  ZFLTI04    (0)   :  0.011 0.003 0.160 0.009 0.817 
360  ZFLTI05    (0)   :  0.006 0.003 0.058 0.005 0.928 
361  ZFLTI06    (0)   :  0.004 0.003 0.008 0.005 0.980 
362  ZFLTI07    (0)   :  0.007 0.003 0.021 0.007 0.962 
363  ZFLTI08    (0)   :  0.013 0.003 0.070 0.012 0.902 
364  ZFLTI09    (0)   :  0.006 0.003 0.018 0.009 0.965 
365  ZFLTI10    (0)   :  0.006 0.003 0.028 0.006 0.957 
366  ZFLTI11    (0)   :  0.004 0.003 0.010 0.004 0.979 
367  ZFLTI12    (0)   :  0.005 0.002 0.036 0.005 0.951 
368  ZFLTI13    (0)   :  0.009 0.003 0.447 0.006 0.535 
369  ZFLTI14    (0)   :  0.007 0.003 0.923 0.008 0.060 
370 ZFONF101    (0)   :  0.003 0.003 0.003 0.003 0.989 
371 ZFONF102    (0)   :  0.006 0.008 0.004 0.005 0.977 
372 ZFONF103    (0)   :  0.007 0.004 0.020 0.005 0.964 
373 ZFONF104    (0)   :  0.002 0.002 0.004 0.003 0.989 
374 ZFONF105    (0)   :  0.004 0.003 0.006 0.003 0.984 
375 ZFONF106    (0)   :  0.003 0.003 0.005 0.005 0.984 
376 ZFONF107    (0)   :  0.024 0.059 0.023 0.023 0.872 
377 ZFONF108    (0)   :  0.008 0.010 0.024 0.007 0.952 
378 ZFONF109    (9)   :  0.005 0.007 0.013 0.005 0.971 
379 ZFONF110    (0)   :  0.003 0.002 0.005 0.003 0.987 
380 ZFONF111    (0)   :  0.018 0.013 0.007 0.012 0.949 
381 ZFONF112    (0)   :  0.003 0.003 0.006 0.003 0.984 
382 ZFONF113    (9)   :  0.006 0.004 0.006 0.003 0.981 
383 ZFONF115    (0)   :  0.004 0.003 0.009 0.006 0.978 
384 ZFONF116    (0)   :  0.005 0.003 0.006 0.006 0.980 
385 ZFONF117    (0)   :  0.006 0.004 0.015 0.005 0.971 
386 ZFONF118    (0)   :  0.004 0.003 0.011 0.007 0.976 
387 ZFONF119    (0)   :  0.005 0.007 0.009 0.004 0.976 
388 ZFONF120    (0)   :  0.006 0.007 0.014 0.003 0.970 
389 ZFONF121    (0)   :  0.004 0.004 0.005 0.004 0.982 
390 ZFONF122    (0)   :  0.008 0.003 0.032 0.009 0.949 
391 ZFONF123    (0)   :  0.009 0.036 0.005 0.006 0.943 
392 ZFONF124    (0)   :  0.005 0.006 0.007 0.003 0.979 
393 ZFONF125    (0)   :  0.022 0.039 0.015 0.005 0.919 
394 ZFONF126    (0)   :  0.006 0.003 0.011 0.006 0.975 
395 ZFONF201    (0)   :  0.034 0.072 0.048 0.068 0.778 
396 ZFONF202    (0)   :  0.004 0.002 0.008 0.003 0.983 
397 ZFONF203    (0)   :  0.023 0.004 0.008 0.005 0.961 
398 ZFONF204    (0)   :  0.078 0.016 0.141 0.020 0.746 
399 ZFONF206    (0)   :  0.356 0.012 0.011 0.018 0.603 
400 ZFONF207    (0)   :  0.017 0.006 0.010 0.004 0.963 
401 ZFONF208    (0)   :  0.011 0.005 0.014 0.005 0.965 
402 ZFONF209    (0)   :  0.019 0.017 0.169 0.015 0.781 
403 ZFONF210    (0)   :  0.004 0.002 0.011 0.002 0.981 
404 ZFONF211    (0)   :  0.006 0.005 0.012 0.003 0.974 
405 ZFONF212    (0)   :  0.004 0.003 0.004 0.003 0.987 
406 ZFONF214    (0)   :  0.006 0.004 0.009 0.003 0.978 
407 ZFONF215    (0)   :  0.003 0.002 0.006 0.003 0.986 
408 ZFONF216    (0)   :  0.005 0.004 0.008 0.002 0.981 
409 ZFONF217    (0)   :  0.003 0.004 0.008 0.003 0.982 
410 ZFONF218    (0)   :  0.030 0.012 0.006 0.006 0.947 
411 ZFONF219    (0)   :  0.006 0.002 0.004 0.002 0.986 
412 ZFONF220    (0)   :  0.004 0.003 0.009 0.004 0.980 
413 ZFONF222    (0)   :  0.015 0.014 0.010 0.004 0.958 
414 ZFONF223    (0)   :  0.017 0.015 0.005 0.005 0.958 
415 ZFONF224    (0)   :  0.007 0.003 0.006 0.003 0.981 
416 ZFONF225    (0)   :  0.003 0.002 0.005 0.002 0.987 
417 ZFONF226    (0)   :  0.005 0.004 0.008 0.003 0.981 
418 ZFONF227    (0)   :  0.003 0.002 0.005 0.002 0.987 
419 ZFONF228    (0)   :  0.004 0.003 0.005 0.003 0.985 
420 ZFONF230    (0)   :  0.004 0.002 0.005 0.002 0.986 
421 ZFONF231    (0)   :  0.005 0.003 0.016 0.003 0.973 
422 ZFONF232    (0)   :  0.005 0.002 0.004 0.003 0.986 
423 ZFONF233    (0)   :  0.008 0.003 0.010 0.003 0.976 
424 ZFONF234    (0)   :  0.029 0.004 0.009 0.003 0.956 
425 ZFONF235    (0)   :  0.007 0.002 0.010 0.002 0.978 
426 ZFONF236    (0)   :  0.037 0.013 0.063 0.021 0.866 
427 ZFONF238    (0)   :  0.012 0.002 0.006 0.004 0.975 
428 ZFONF239    (0)   :  0.035 0.011 0.053 0.032 0.868 
429 ZFONF240    (0)   :  0.003 0.002 0.015 0.002 0.977 
430 ZFONF241    (0)   :  0.018 0.003 0.006 0.006 0.967 
431 ZFONF242    (0)   :  0.007 0.002 0.011 0.004 0.977 
432 ZFONF243    (0)   :  0.005 0.004 0.012 0.003 0.977 
433 ZFONF244    (0)   :  0.004 0.003 0.008 0.002 0.982 
434 ZFONF245    (0)   :  0.007 0.002 0.010 0.002 0.979 
435   ZFOS01    (0)   :  0.007 0.004 0.956 0.005 0.028 
436   ZFOS02    (0)   :  0.015 0.011 0.892 0.049 0.033 
437   ZFOS03    (0)   :  0.020 0.080 0.868 0.015 0.016 
438   ZFOS04    (0)   :  0.007 0.005 0.909 0.029 0.051 
439   ZFOS05    (0)   :  0.008 0.004 0.950 0.008 0.029 
440   ZFOS06    (0)   :  0.011 0.006 0.967 0.005 0.011 
441   ZFOS07    (0)   :  0.007 0.007 0.930 0.048 0.008 
442   ZFOS08    (0)   :  0.005 0.004 0.932 0.049 0.011 
443   ZFOS09    (0)   :  0.035 0.021 0.801 0.036 0.107 
444   ZFOS10    (0)   :  0.015 0.030 0.871 0.081 0.003 
445   ZFOS11    (0)   :  0.063 0.006 0.898 0.015 0.019 
446   ZFOS12    (0)   :  0.357 0.040 0.533 0.045 0.025 
447   ZFOS13    (0)   :  0.015 0.006 0.944 0.019 0.015 
448   ZFOS14    (0)   :  0.045 0.021 0.762 0.159 0.014 
449   ZFOS15    (0)   :  0.006 0.006 0.973 0.010 0.004 
450   ZFOS16    (0)   :  0.010 0.013 0.930 0.019 0.028 
451   ZFOS17    (0)   :  0.012 0.013 0.953 0.017 0.006 
452   ZFOS18    (0)   :  0.009 0.012 0.962 0.013 0.004 
453   ZFOS19    (0)   :  0.012 0.007 0.970 0.006 0.005 
454   ZFOS20    (0)   :  0.008 0.008 0.960 0.018 0.006 
455   ZFOS21    (0)   :  0.004 0.013 0.953 0.013 0.017 
456   ZFOS22    (0)   :  0.010 0.007 0.971 0.003 0.008 
457   ZFOS23    (0)   :  0.040 0.018 0.584 0.354 0.003 
458   ZFOS24    (0)   :  0.005 0.005 0.981 0.005 0.004 
459   ZFOS25    (0)   :  0.008 0.003 0.948 0.009 0.032 
460   ZFOS26    (0)   :  0.009 0.003 0.856 0.012 0.119 
461   ZFOS27    (0)   :  0.006 0.008 0.962 0.007 0.017 
462   ZFOS28    (0)   :  0.015 0.027 0.914 0.035 0.009 
463   ZFOS29    (0)   :  0.008 0.019 0.946 0.019 0.009 
464   ZFOS30    (0)   :  0.007 0.011 0.954 0.013 0.015 
465   ZFOS31    (0)   :  0.114 0.010 0.640 0.090 0.147 
466   ZFOS32    (0)   :  0.008 0.006 0.952 0.019 0.014 
467   ZFPB01    (0)   :  0.005 0.984 0.004 0.004 0.003 
468   ZFPB02    (0)   :  0.008 0.977 0.005 0.003 0.007 
469   ZFPB03    (0)   :  0.004 0.974 0.012 0.004 0.006 
470   ZFPB05    (0)   :  0.004 0.987 0.003 0.003 0.004 
471   ZFPB06    (0)   :  0.004 0.984 0.005 0.004 0.003 
472   ZFPB07    (0)   :  0.005 0.983 0.003 0.002 0.007 
473   ZFPB08    (0)   :  0.005 0.978 0.006 0.004 0.006 
474   ZFPB10    (0)   :  0.006 0.982 0.005 0.003 0.004 
475   ZFPB11    (0)   :  0.006 0.984 0.004 0.003 0.004 
476   ZFPB12    (0)   :  0.006 0.983 0.004 0.003 0.004 
477   ZFPB13    (0)   :  0.004 0.985 0.003 0.003 0.005 
478   ZFPB14    (0)   :  0.004 0.983 0.003 0.003 0.007 
479   ZFPB15    (0)   :  0.004 0.982 0.005 0.003 0.007 
480   ZFPB17    (0)   :  0.005 0.985 0.004 0.003 0.003 
481   ZFPB18    (0)   :  0.004 0.986 0.003 0.002 0.004 
482   ZFPB19    (0)   :  0.004 0.980 0.005 0.005 0.006 
483   ZFPB20    (0)   :  0.003 0.989 0.002 0.003 0.003 
484   ZFPB21    (0)   :  0.004 0.984 0.004 0.003 0.006 
485   ZFPB22    (0)   :  0.004 0.988 0.003 0.003 0.002 
486   ZFPB23    (0)   :  0.005 0.983 0.004 0.004 0.004 
487   ZFSF01    (0)   :  0.169 0.003 0.005 0.820 0.003 
488   ZFSF02    (0)   :  0.527 0.006 0.015 0.425 0.027 
489   ZFSF03    (0)   :  0.234 0.013 0.004 0.745 0.004 
490   ZFSF04    (0)   :  0.017 0.007 0.007 0.960 0.010 
491  ZFSW101    (0)   :  0.010 0.008 0.007 0.914 0.061 
492  ZFSW102    (0)   :  0.012 0.016 0.010 0.952 0.009 
493  ZFSW103    (0)   :  0.011 0.005 0.011 0.948 0.025 
494  ZFSW104    (9)   :  0.029 0.011 0.014 0.920 0.025 
495  ZFSW105    (0)   :  0.006 0.004 0.006 0.961 0.023 
496  ZFSW106    (0)   :  0.159 0.018 0.013 0.773 0.036 
497  ZFSW107    (0)   :  0.008 0.064 0.006 0.914 0.008 
498  ZFSW108    (0)   :  0.007 0.010 0.004 0.975 0.003 
499  ZFSW109    (0)   :  0.005 0.007 0.007 0.976 0.005 
500  ZFSW110    (0)   :  0.011 0.015 0.010 0.935 0.029 
501  ZFSW111    (0)   :  0.014 0.019 0.017 0.844 0.105 
502  ZFSW112    (0)   :  0.008 0.005 0.017 0.958 0.012 
503  ZFSW113    (0)   :  0.098 0.010 0.016 0.815 0.061 
504  ZFSW114    (0)   :  0.008 0.006 0.006 0.972 0.008 
505  ZFSW115    (0)   :  0.086 0.003 0.006 0.895 0.010 
506  ZFSW116    (0)   :  0.050 0.087 0.011 0.800 0.051 
507  ZFSW117    (0)   :  0.054 0.043 0.020 0.804 0.079 
508  ZFSW119    (0)   :  0.010 0.004 0.005 0.978 0.003 
509  ZFSW120    (0)   :  0.015 0.011 0.003 0.969 0.002 
510  ZFSW121    (0)   :  0.099 0.012 0.013 0.835 0.041 
511  ZFSW122    (0)   :  0.005 0.007 0.007 0.973 0.008 
512  ZFSW123    (0)   :  0.005 0.010 0.004 0.978 0.003 
513  ZFSW124    (0)   :  0.006 0.006 0.006 0.977 0.004 
514  ZFSW201    (0)   :  0.010 0.018 0.006 0.963 0.003 
515  ZFSW202    (0)   :  0.008 0.008 0.006 0.974 0.004 
516  ZFSW203    (0)   :  0.007 0.009 0.006 0.975 0.003 
517  ZFSW204    (0)   :  0.010 0.014 0.009 0.963 0.005 
518  ZFSW205    (0)   :  0.005 0.004 0.005 0.980 0.005 
519  ZFSW206    (0)   :  0.013 0.004 0.005 0.973 0.005 
520  ZFSW207    (0)   :  0.005 0.003 0.006 0.980 0.006 
521  ZFSW208    (0)   :  0.012 0.006 0.005 0.971 0.005 
522  ZFSW209    (0)   :  0.081 0.005 0.006 0.902 0.006 
523  ZFSW210    (0)   :  0.008 0.005 0.017 0.956 0.014 
524  ZFSW211    (0)   :  0.027 0.005 0.008 0.953 0.007 
525  ZFSW212    (0)   :  0.008 0.004 0.007 0.975 0.006 
526  ZFSW213    (0)   :  0.005 0.004 0.007 0.980 0.004 
527  ZFSW214    (0)   :  0.006 0.003 0.008 0.979 0.005 
528  ZFSW215    (0)   :  0.005 0.005 0.004 0.982 0.004 
529  ZFSW216    (0)   :  0.010 0.004 0.007 0.971 0.006 
530  ZFSW217    (0)   :  0.006 0.005 0.006 0.979 0.004 
531  ZFSW218    (0)   :  0.006 0.004 0.006 0.980 0.004 
532  ZFSW219    (0)   :  0.030 0.008 0.013 0.942 0.007 
533  ZFSW220    (0)   :  0.014 0.012 0.007 0.962 0.005 
534  ZFSW221    (0)   :  0.018 0.005 0.009 0.962 0.005 
535  ZFSW222    (0)   :  0.006 0.005 0.003 0.983 0.003 
536  ZFSW223    (0)   :  0.014 0.011 0.006 0.964 0.004 
537  ZFSW224    (0)   :  0.013 0.005 0.007 0.970 0.006 
538  ZFSW225    (0)   :  0.009 0.007 0.006 0.973 0.005 
539  ZFSW226    (0)   :  0.005 0.008 0.005 0.977 0.004 
540  ZFSW227    (0)   :  0.006 0.005 0.005 0.980 0.004 
541  ZFSW229    (0)   :  0.009 0.004 0.005 0.977 0.004 
542  ZFSW230    (0)   :  0.005 0.004 0.005 0.977 0.008 
543  ZFSW231    (0)   :  0.011 0.006 0.006 0.973 0.005 
544  ZFSW232    (0)   :  0.007 0.004 0.004 0.980 0.004 
545  ZFSW233    (0)   :  0.020 0.011 0.006 0.957 0.007 
546  ZFSW234    (0)   :  0.005 0.005 0.004 0.983 0.003 
547  ZFSW235    (0)   :  0.011 0.007 0.010 0.967 0.005 
548  ZFSW236    (0)   :  0.005 0.004 0.005 0.982 0.004 
549  ZFSW237    (0)   :  0.012 0.005 0.008 0.971 0.004 
550  ZFSW238    (0)   :  0.130 0.014 0.033 0.797 0.027 
551  ZFSW239    (0)   :  0.004 0.007 0.004 0.979 0.006 
552  ZFSW240    (0)   :  0.005 0.008 0.005 0.978 0.003 
553   ZFTS01    (0)   :  0.007 0.978 0.003 0.007 0.005 
554   ZFTS02    (0)   :  0.009 0.964 0.005 0.014 0.008 
555   ZFTS03    (0)   :  0.008 0.962 0.005 0.020 0.005 
556   ZFTS04    (0)   :  0.006 0.980 0.004 0.007 0.004 
557   ZFTS05    (0)   :  0.008 0.969 0.006 0.012 0.005 
558   ZFTS07    (0)   :  0.008 0.977 0.003 0.009 0.003 
559   ZFTS08    (0)   :  0.009 0.956 0.004 0.027 0.004 
560   ZFTS09    (0)   :  0.012 0.957 0.003 0.024 0.003 
561   ZFTS10    (0)   :  0.013 0.892 0.006 0.084 0.005 
562   ZFTS11    (0)   :  0.013 0.962 0.005 0.016 0.004 
563   ZFTS12    (0)   :  0.005 0.975 0.006 0.008 0.005 
564   ZFTS14    (0)   :  0.007 0.978 0.004 0.006 0.004 
565   ZFTS15    (0)   :  0.010 0.973 0.004 0.008 0.005 
566   ZFTS16    (0)   :  0.011 0.833 0.008 0.139 0.010 
567   ZFTS17    (9)   :  0.019 0.931 0.011 0.031 0.008 
568   ZFTS18    (0)   :  0.007 0.958 0.006 0.025 0.004 
569   ZFTS19    (9)   :  0.008 0.374 0.006 0.609 0.004 
570   ZFTS20    (0)   :  0.010 0.947 0.007 0.032 0.004 
571   ZFTS21    (0)   :  0.009 0.974 0.004 0.011 0.003 
572   ZFTS22    (0)   :  0.010 0.962 0.005 0.019 0.003 
573   ZFTS23    (0)   :  0.006 0.976 0.005 0.008 0.005 
574   ZFTS24    (0)   :  0.006 0.970 0.006 0.015 0.004 
575   ZFTS25    (0)   :  0.025 0.908 0.004 0.055 0.008 
576   ZFTS26    (0)   :  0.006 0.310 0.004 0.677 0.003 
577   ZFTS27    (0)   :  0.008 0.964 0.005 0.017 0.006 
578   ZFTS28    (0)   :  0.016 0.934 0.011 0.026 0.014 
579   ZFTS29    (0)   :  0.011 0.921 0.005 0.061 0.002 
580   ZFTS30    (0)   :  0.012 0.940 0.004 0.041 0.003 
581   ZFTS31    (0)   :  0.005 0.976 0.005 0.009 0.005 
582   ZFTS32    (0)   :  0.017 0.941 0.005 0.031 0.006 
583   ZFTS33    (0)   :  0.023 0.932 0.008 0.031 0.007 
584   ZFTS34    (0)   :  0.007 0.964 0.004 0.019 0.006 
585   ZFTS35    (0)   :  0.017 0.901 0.006 0.071 0.005 
586   ZFTS36    (0)   :  0.005 0.978 0.004 0.009 0.004 
587   ZFTS37    (0)   :  0.013 0.813 0.006 0.163 0.005 
588   ZFTS38    (0)   :  0.021 0.850 0.007 0.118 0.005 
589   ZFTS39    (0)   :  0.009 0.955 0.007 0.024 0.005 
590   ZFTS40    (0)   :  0.021 0.928 0.008 0.027 0.016 
591 ZFTSP101    (0)   :  0.006 0.003 0.070 0.004 0.917 
592 ZFTSP102    (0)   :  0.010 0.004 0.943 0.007 0.036 
593 ZFTSP103    (0)   :  0.006 0.003 0.970 0.004 0.018 
594 ZFTSP104    (0)   :  0.006 0.003 0.006 0.003 0.981 
595 ZFTSP105    (0)   :  0.007 0.003 0.810 0.008 0.173 
596 ZFTSP106    (0)   :  0.008 0.005 0.009 0.004 0.975 
597 ZFTSP107    (0)   :  0.014 0.003 0.117 0.004 0.861 
598 ZFTSP108    (0)   :  0.011 0.005 0.031 0.003 0.951 
599 ZFTSP109    (0)   :  0.029 0.004 0.015 0.004 0.948 
600 ZFTSP110    (0)   :  0.008 0.004 0.017 0.004 0.967 
601 ZFTSP111    (0)   :  0.005 0.003 0.022 0.004 0.966 
602 ZFTSP112    (0)   :  0.006 0.004 0.067 0.005 0.917 
603 ZFTSP113    (0)   :  0.015 0.004 0.013 0.005 0.963 
604 ZFTSP114    (0)   :  0.006 0.004 0.040 0.003 0.948 
605 ZFTSP115    (0)   :  0.005 0.004 0.034 0.003 0.954 
606 ZFTSP116    (0)   :  0.011 0.004 0.089 0.004 0.892 
607 ZFTSP117    (0)   :  0.004 0.003 0.010 0.004 0.978 
608 ZFTSP118    (0)   :  0.005 0.003 0.133 0.007 0.852 
609 ZFTSP119    (0)   :  0.047 0.012 0.011 0.032 0.899 
610 ZFTSP120    (0)   :  0.003 0.003 0.044 0.006 0.943 
611 ZFTSP121    (0)   :  0.075 0.024 0.413 0.017 0.471 
612 ZFTSP122    (0)   :  0.005 0.003 0.203 0.003 0.785 
613 ZFTSP123    (0)   :  0.004 0.003 0.007 0.002 0.983 
614 ZFTSP124    (0)   :  0.005 0.003 0.013 0.002 0.976 
615 ZFTSP125    (0)   :  0.005 0.003 0.009 0.002 0.980 
616 ZFTSP126    (0)   :  0.008 0.005 0.016 0.004 0.967 
617 ZFTSP127    (0)   :  0.006 0.004 0.012 0.003 0.975 
618 ZFTSP128    (0)   :  0.006 0.004 0.056 0.003 0.931 
619 ZFTSP129    (0)   :  0.004 0.003 0.030 0.003 0.959 
620 ZFTSP130    (0)   :  0.005 0.004 0.015 0.003 0.973 
621 ZFTSP131    (0)   :  0.004 0.002 0.017 0.003 0.974 
622 ZFTSP132    (0)   :  0.009 0.004 0.045 0.006 0.936 
623 ZFTSP133    (0)   :  0.004 0.002 0.048 0.003 0.943 
624 ZFTSP134    (0)   :  0.006 0.003 0.048 0.003 0.939 
625 ZFTSP135    (0)   :  0.005 0.003 0.057 0.004 0.931 
626 ZFTSP136    (0)   :  0.003 0.003 0.024 0.006 0.964 
627 ZFTSP137    (0)   :  0.023 0.027 0.069 0.009 0.872 
628 ZFTSP138    (0)   :  0.006 0.005 0.026 0.004 0.959 
629 ZFTSP139    (0)   :  0.004 0.003 0.009 0.003 0.982 
630 ZFTSP140    (0)   :  0.010 0.008 0.096 0.004 0.881 
631 ZFTSP141    (0)   :  0.010 0.005 0.196 0.009 0.780 
632 ZFTSP142    (0)   :  0.017 0.003 0.570 0.005 0.405 
633 ZFTSP143    (0)   :  0.006 0.003 0.037 0.005 0.949 
634 ZFTSP144    (0)   :  0.007 0.004 0.213 0.010 0.766 
635 ZFTSP145    (0)   :  0.005 0.003 0.545 0.004 0.444 
636 ZFTSP201    (9)   :  0.007 0.005 0.013 0.004 0.971 
637 ZFTSP202    (0)   :  0.008 0.026 0.158 0.004 0.803 
638 ZFTSP203    (0)   :  0.005 0.003 0.011 0.005 0.975 
639 ZFTSP204    (0)   :  0.004 0.003 0.034 0.007 0.952 
640 ZFTSP205    (0)   :  0.008 0.010 0.075 0.006 0.901 
641 ZFTSP206    (0)   :  0.006 0.004 0.016 0.007 0.967 
642 ZFTSP207    (0)   :  0.005 0.003 0.006 0.008 0.978 
643 ZFTSP208    (0)   :  0.006 0.004 0.014 0.013 0.964 
644 ZFTSP209    (0)   :  0.004 0.004 0.023 0.004 0.965 
645 ZFTSP210    (0)   :  0.005 0.004 0.006 0.005 0.980 
646 ZFTSP211    (0)   :  0.006 0.009 0.050 0.006 0.929 
647 ZFTSP212    (0)   :  0.003 0.003 0.009 0.002 0.983 
648 ZFTSP213    (0)   :  0.008 0.005 0.011 0.003 0.974 
649 ZFTSP214    (0)   :  0.005 0.003 0.914 0.004 0.075 
650 ZFTSP215    (0)   :  0.006 0.004 0.188 0.005 0.797 
651 ZFTSP216    (0)   :  0.027 0.048 0.204 0.016 0.706 
652 ZFTSP217    (0)   :  0.007 0.004 0.006 0.003 0.979 
653 ZFTSP218    (0)   :  0.008 0.004 0.012 0.005 0.972 
654 ZFTSP219    (0)   :  0.010 0.005 0.086 0.009 0.891 
655 ZFTSP220    (0)   :  0.014 0.029 0.049 0.007 0.901 
656 ZFTSP221    (0)   :  0.009 0.005 0.018 0.005 0.964 
657 ZFTSP222    (0)   :  0.058 0.083 0.011 0.005 0.843 
658 ZFTSP223    (0)   :  0.005 0.003 0.019 0.003 0.970 
659 ZFTSP224    (0)   :  0.007 0.003 0.375 0.003 0.612 
660 ZFTSP225    (0)   :  0.007 0.003 0.012 0.005 0.972 
661 ZFTSP226    (0)   :  0.010 0.003 0.217 0.005 0.766 
662 ZFTSP227    (0)   :  0.011 0.014 0.012 0.005 0.958 
663 ZFTSP228    (0)   :  0.017 0.008 0.248 0.007 0.719 
664    ZFW01    (0)   :  0.005 0.004 0.005 0.982 0.005 
665    ZFW02    (0)   :  0.007 0.006 0.004 0.979 0.004 
666    ZFW03    (0)   :  0.005 0.003 0.004 0.983 0.004 
667    ZFW04    (0)   :  0.005 0.009 0.005 0.979 0.003 
668    ZFW05    (0)   :  0.169 0.004 0.035 0.778 0.013 
669    ZFW06    (0)   :  0.012 0.031 0.006 0.948 0.004 
670   ZFWB01    (0)   :  0.939 0.010 0.017 0.009 0.025 
671   ZFWB02    (0)   :  0.790 0.004 0.023 0.171 0.013 
672   ZFWB03    (0)   :  0.962 0.003 0.011 0.013 0.011 
673   ZFWB05    (0)   :  0.882 0.017 0.012 0.037 0.053 
674   ZFWB06    (0)   :  0.928 0.008 0.014 0.027 0.022 
675   ZFWB07    (0)   :  0.970 0.005 0.010 0.007 0.009 
676   ZFWB10    (0)   :  0.871 0.020 0.016 0.040 0.052 
