

----------------------------------------------------
STRUCTURE by Pritchard, Stephens and Donnelly (2000)
     and Falush, Stephens and Pritchard (2003)
       Code by Pritchard, Falush and Hubisz
             Version 2.3.4 (Jul 2012)
----------------------------------------------------



Command line arguments:   bin\structure -m C:\Users\eschumacher\Documents\GitHub\GCC_QUAC_ZAIN\Data_Files\Structure_Files\ZAIN\ZAIN_wild_rebinned_nopopinfo\50-50\mainparams -e C:\Users\eschumacher\Documents\GitHub\GCC_QUAC_ZAIN\Data_Files\Structure_Files\ZAIN\ZAIN_wild_rebinned_nopopinfo\50-50\extraparams 
Input File:    C:\Users\eschumacher\Documents\GitHub\GCC_QUAC_ZAIN\Data_Files\Structure_Files\ZAIN\ZAIN_wild_rebinned_nopopinfo\project_data

Run parameters:
   751 individuals
   11 loci
   11 populations assumed
   50000 Burn-in period
   50000 Reps


--------------------------------------------
Overall proportion of membership of the
sample in each of the 11 clusters

Inferred Clusters
  1      2      3      4      5      6      7      8      9     10     11    
0.105  0.065  0.069  0.104  0.090  0.158  0.074  0.096  0.034  0.119  0.087  

--------------------------------------------

Allele-freq. divergence among pops (Net nucleotide distance),
computed using point estimates of P.

      1       2       3       4       5       6       7       8       9      10      11      
 1      -    0.2630  0.2016  0.1218  0.1403  0.1897  0.0993  0.1075  0.1571  0.1563  0.1084  
 2   0.2630     -    0.2916  0.3612  0.2004  0.1119  0.1723  0.3535  0.2808  0.1231  0.3629  
 3   0.2016  0.2916     -    0.2977  0.1981  0.2427  0.2462  0.3639  0.2450  0.1393  0.2982  
 4   0.1218  0.3612  0.2977     -    0.2097  0.2452  0.1967  0.1752  0.2575  0.2499  0.0861  
 5   0.1403  0.2004  0.1981  0.2097     -    0.2048  0.1690  0.2579  0.1946  0.1686  0.1744  
 6   0.1897  0.1119  0.2427  0.2452  0.2048     -    0.1593  0.2886  0.2050  0.0480  0.2534  
 7   0.0993  0.1723  0.2462  0.1967  0.1690  0.1593     -    0.2336  0.1815  0.1209  0.1782  
 8   0.1075  0.3535  0.3639  0.1752  0.2579  0.2886  0.2336     -    0.2296  0.2840  0.2073  
 9   0.1571  0.2808  0.2450  0.2575  0.1946  0.2050  0.1815  0.2296     -    0.1904  0.2646  
10   0.1563  0.1231  0.1393  0.2499  0.1686  0.0480  0.1209  0.2840  0.1904     -    0.2593  
11   0.1084  0.3629  0.2982  0.0861  0.1744  0.2534  0.1782  0.2073  0.2646  0.2593     -    

Average distances (expected heterozygosity) between individuals in same cluster:
cluster  1  : 0.5551 
cluster  2  : 0.3644 
cluster  3  : 0.2298 
cluster  4  : 0.4840 
cluster  5  : 0.4015 
cluster  6  : 0.4048 
cluster  7  : 0.4493 
cluster  8  : 0.4184 
cluster  9  : 0.2409 
cluster 10  : 0.4305 
cluster 11  : 0.3544 

--------------------------------------------
Estimated Ln Prob of Data   = -13514.0
Mean value of ln likelihood = -13091.2
Variance of ln likelihood   = 845.6
Mean value of alpha         = 0.0325

Mean value of Fst_1         = 0.1159
Mean value of Fst_2         = 0.4464
Mean value of Fst_3         = 0.6565
Mean value of Fst_4         = 0.4107
Mean value of Fst_5         = 0.4039
Mean value of Fst_6         = 0.3804
Mean value of Fst_7         = 0.3179
Mean value of Fst_8         = 0.4204
Mean value of Fst_9         = 0.6365
Mean value of Fst_10         = 0.4208
Mean value of Fst_11         = 0.4597


Inferred ancestry of individuals:
        Label (%Miss) :  Inferred clusters
  1    ZFB01    (0)   :  0.003 0.003 0.003 0.960 0.004 0.004 0.003 0.006 0.002 0.003 0.009 
  2    ZFB02    (0)   :  0.008 0.003 0.002 0.915 0.009 0.004 0.005 0.030 0.007 0.003 0.015 
  3    ZFB03    (0)   :  0.021 0.002 0.022 0.881 0.007 0.009 0.011 0.005 0.005 0.015 0.020 
  4    ZFB04    (0)   :  0.005 0.003 0.002 0.938 0.005 0.004 0.004 0.022 0.007 0.003 0.006 
  5    ZFB05    (0)   :  0.034 0.009 0.009 0.738 0.008 0.003 0.022 0.123 0.038 0.005 0.012 
  6    ZFB06    (0)   :  0.041 0.010 0.010 0.814 0.007 0.003 0.019 0.058 0.023 0.005 0.009 
  7    ZFB07    (9)   :  0.044 0.007 0.005 0.814 0.004 0.007 0.012 0.009 0.006 0.006 0.086 
  8    ZFB08    (0)   :  0.005 0.007 0.005 0.893 0.006 0.008 0.023 0.005 0.009 0.007 0.032 
  9    ZFB09    (0)   :  0.004 0.003 0.003 0.962 0.004 0.003 0.004 0.004 0.003 0.003 0.008 
 10    ZFB10    (0)   :  0.004 0.005 0.002 0.943 0.005 0.012 0.005 0.006 0.006 0.007 0.004 
 11    ZFB11    (0)   :  0.003 0.003 0.002 0.959 0.004 0.005 0.003 0.009 0.004 0.004 0.005 
 12    ZFB12    (0)   :  0.013 0.003 0.005 0.905 0.004 0.006 0.024 0.026 0.003 0.006 0.005 
 13    ZFB13    (0)   :  0.006 0.006 0.005 0.921 0.004 0.010 0.012 0.005 0.012 0.008 0.010 
 14    ZFB14    (0)   :  0.004 0.003 0.003 0.959 0.005 0.004 0.004 0.003 0.005 0.004 0.007 
 15    ZFB15    (0)   :  0.003 0.002 0.002 0.965 0.002 0.003 0.003 0.007 0.003 0.002 0.007 
 16    ZFB16    (0)   :  0.004 0.004 0.003 0.941 0.003 0.006 0.008 0.009 0.010 0.005 0.007 
 17    ZFB17    (0)   :  0.008 0.010 0.002 0.864 0.013 0.008 0.029 0.019 0.032 0.008 0.006 
 18    ZFB18    (0)   :  0.003 0.002 0.002 0.968 0.004 0.003 0.003 0.003 0.003 0.003 0.005 
 19    ZFB19    (0)   :  0.071 0.010 0.008 0.695 0.004 0.041 0.066 0.007 0.006 0.031 0.061 
 20    ZFB20    (0)   :  0.005 0.004 0.003 0.919 0.003 0.006 0.009 0.025 0.016 0.005 0.005 
 21    ZFB21    (0)   :  0.007 0.002 0.004 0.958 0.003 0.003 0.003 0.007 0.004 0.003 0.007 
 22    ZFB22    (0)   :  0.008 0.008 0.002 0.896 0.007 0.008 0.010 0.040 0.005 0.009 0.005 
 23    ZFB23    (0)   :  0.004 0.002 0.003 0.958 0.004 0.004 0.003 0.011 0.005 0.003 0.003 
 24    ZFB24    (0)   :  0.004 0.003 0.003 0.949 0.004 0.005 0.003 0.016 0.006 0.003 0.005 
 25    ZFB25    (0)   :  0.003 0.003 0.003 0.959 0.004 0.010 0.003 0.004 0.003 0.005 0.004 
 26    ZFB26    (0)   :  0.005 0.003 0.003 0.934 0.004 0.008 0.003 0.022 0.009 0.005 0.004 
 27    ZFB27    (0)   :  0.005 0.002 0.002 0.943 0.003 0.004 0.002 0.027 0.003 0.004 0.004 
 28    ZFB28    (0)   :  0.032 0.003 0.004 0.834 0.010 0.006 0.015 0.072 0.013 0.006 0.005 
 29    ZFB29    (0)   :  0.004 0.002 0.002 0.957 0.005 0.003 0.003 0.009 0.007 0.002 0.005 
 30    ZFB30    (0)   :  0.110 0.016 0.008 0.722 0.004 0.004 0.017 0.089 0.005 0.007 0.019 
 31    ZFB31    (0)   :  0.004 0.003 0.004 0.953 0.004 0.008 0.003 0.005 0.003 0.006 0.007 
 32    ZFB32    (0)   :  0.030 0.004 0.008 0.804 0.022 0.012 0.033 0.045 0.025 0.010 0.008 
 33    ZFB33    (0)   :  0.003 0.002 0.002 0.966 0.003 0.003 0.003 0.007 0.003 0.003 0.005 
 34    ZFB34    (0)   :  0.004 0.003 0.004 0.950 0.006 0.004 0.004 0.003 0.004 0.003 0.015 
 35    ZFB35    (0)   :  0.005 0.003 0.004 0.945 0.004 0.006 0.005 0.007 0.006 0.004 0.012 
 36  ZFBP101    (0)   :  0.008 0.034 0.012 0.011 0.046 0.229 0.014 0.006 0.092 0.543 0.006 
 37  ZFBP102    (0)   :  0.011 0.011 0.004 0.016 0.010 0.296 0.009 0.010 0.039 0.589 0.007 
 38  ZFBP103    (0)   :  0.007 0.011 0.022 0.008 0.082 0.065 0.008 0.007 0.043 0.745 0.004 
 39  ZFBP104    (0)   :  0.014 0.008 0.008 0.020 0.004 0.245 0.031 0.008 0.005 0.631 0.027 
 40  ZFBP105    (0)   :  0.006 0.006 0.013 0.006 0.005 0.710 0.007 0.005 0.007 0.231 0.006 
 41  ZFBP106    (0)   :  0.004 0.011 0.019 0.004 0.006 0.750 0.005 0.003 0.012 0.183 0.004 
 42  ZFBP107    (0)   :  0.012 0.004 0.016 0.007 0.006 0.452 0.006 0.017 0.038 0.436 0.005 
 43  ZFBP108    (0)   :  0.003 0.004 0.006 0.003 0.003 0.958 0.003 0.003 0.004 0.010 0.004 
 44  ZFBP109    (0)   :  0.004 0.007 0.005 0.003 0.004 0.944 0.004 0.002 0.004 0.018 0.005 
 45  ZFBP110    (0)   :  0.026 0.005 0.070 0.041 0.024 0.289 0.011 0.007 0.037 0.480 0.010 
 46  ZFBP111    (0)   :  0.004 0.106 0.009 0.003 0.004 0.265 0.009 0.003 0.005 0.589 0.003 
 47  ZFBP112    (0)   :  0.004 0.048 0.011 0.003 0.014 0.860 0.008 0.005 0.018 0.024 0.004 
 48  ZFBP113    (0)   :  0.005 0.004 0.004 0.003 0.003 0.950 0.006 0.004 0.004 0.015 0.004 
 49  ZFBP114    (0)   :  0.008 0.009 0.005 0.003 0.005 0.714 0.003 0.008 0.022 0.217 0.004 
 50  ZFBP115    (0)   :  0.004 0.011 0.016 0.002 0.008 0.082 0.007 0.003 0.008 0.857 0.002 
 51  ZFBP116    (0)   :  0.004 0.006 0.006 0.003 0.004 0.910 0.008 0.004 0.006 0.047 0.003 
 52  ZFBP117    (0)   :  0.004 0.006 0.006 0.003 0.008 0.942 0.004 0.002 0.004 0.017 0.003 
 53  ZFBP118    (0)   :  0.009 0.014 0.004 0.003 0.004 0.850 0.004 0.008 0.018 0.083 0.003 
 54  ZFBP119    (0)   :  0.005 0.015 0.019 0.003 0.030 0.488 0.011 0.002 0.017 0.406 0.004 
 55  ZFBP120    (0)   :  0.006 0.005 0.011 0.006 0.003 0.648 0.007 0.004 0.005 0.299 0.006 
 56  ZFBP121    (0)   :  0.004 0.005 0.008 0.005 0.007 0.918 0.005 0.003 0.008 0.032 0.006 
 57  ZFBP122    (9)   :  0.004 0.011 0.007 0.003 0.004 0.842 0.007 0.003 0.006 0.109 0.004 
 58  ZFBP123    (0)   :  0.005 0.014 0.005 0.003 0.009 0.897 0.009 0.006 0.036 0.012 0.004 
 59  ZFBP124    (0)   :  0.004 0.004 0.005 0.004 0.004 0.940 0.004 0.003 0.007 0.018 0.007 
 60  ZFBP125    (0)   :  0.003 0.016 0.008 0.002 0.006 0.917 0.004 0.002 0.006 0.033 0.003 
 61  ZFBP126    (0)   :  0.016 0.006 0.003 0.010 0.020 0.742 0.024 0.011 0.023 0.140 0.005 
 62  ZFBP127    (0)   :  0.005 0.004 0.088 0.003 0.018 0.673 0.003 0.003 0.007 0.192 0.004 
 63  ZFBP128    (0)   :  0.002 0.034 0.017 0.003 0.018 0.875 0.004 0.002 0.007 0.033 0.004 
 64  ZFBP129    (0)   :  0.006 0.113 0.007 0.004 0.009 0.832 0.005 0.003 0.007 0.008 0.006 
 65  ZFBP130    (0)   :  0.003 0.070 0.011 0.002 0.027 0.817 0.008 0.003 0.010 0.047 0.002 
 66  ZFBP131    (0)   :  0.004 0.004 0.003 0.003 0.003 0.962 0.004 0.004 0.004 0.005 0.004 
 67  ZFBP132    (0)   :  0.004 0.004 0.014 0.004 0.004 0.945 0.003 0.003 0.004 0.013 0.003 
 68  ZFBP133    (0)   :  0.002 0.072 0.003 0.002 0.008 0.890 0.006 0.002 0.003 0.008 0.004 
 69  ZFBP134    (0)   :  0.003 0.010 0.005 0.004 0.014 0.051 0.009 0.003 0.003 0.894 0.004 
 70  ZFBP135    (0)   :  0.007 0.015 0.017 0.014 0.199 0.460 0.007 0.005 0.053 0.217 0.008 
 71  ZFBP136    (0)   :  0.005 0.038 0.015 0.003 0.047 0.430 0.008 0.007 0.160 0.283 0.004 
 72  ZFBP201    (0)   :  0.006 0.004 0.011 0.005 0.004 0.932 0.007 0.006 0.005 0.014 0.005 
 73  ZFBP202    (0)   :  0.004 0.009 0.009 0.005 0.004 0.914 0.005 0.003 0.005 0.034 0.008 
 74  ZFBP203    (0)   :  0.027 0.018 0.005 0.005 0.005 0.836 0.029 0.041 0.008 0.022 0.006 
 75  ZFBP204    (0)   :  0.006 0.019 0.018 0.003 0.014 0.639 0.009 0.005 0.037 0.244 0.005 
 76  ZFBP205    (0)   :  0.004 0.011 0.003 0.003 0.006 0.944 0.005 0.004 0.011 0.007 0.003 
 77  ZFBP206    (0)   :  0.004 0.036 0.005 0.003 0.008 0.890 0.010 0.006 0.022 0.009 0.007 
 78  ZFBP207    (0)   :  0.004 0.008 0.075 0.003 0.013 0.551 0.004 0.004 0.008 0.325 0.005 
 79  ZFBP208    (0)   :  0.007 0.007 0.003 0.003 0.005 0.924 0.011 0.011 0.015 0.010 0.004 
 80  ZFBP209    (0)   :  0.002 0.062 0.003 0.002 0.008 0.899 0.005 0.002 0.003 0.009 0.003 
 81  ZFBP210    (0)   :  0.006 0.010 0.011 0.004 0.005 0.916 0.011 0.008 0.007 0.019 0.004 
 82  ZFBP211    (0)   :  0.005 0.004 0.009 0.005 0.004 0.940 0.005 0.003 0.008 0.011 0.006 
 83  ZFBP212    (0)   :  0.004 0.005 0.039 0.006 0.003 0.701 0.003 0.003 0.003 0.229 0.004 
 84  ZFBP213    (0)   :  0.005 0.010 0.010 0.004 0.011 0.898 0.009 0.005 0.024 0.009 0.014 
 85  ZFBP214    (0)   :  0.009 0.100 0.038 0.006 0.042 0.698 0.036 0.004 0.021 0.029 0.017 
 86  ZFBP215    (0)   :  0.003 0.007 0.006 0.003 0.005 0.949 0.004 0.002 0.005 0.011 0.004 
 87  ZFBP216    (0)   :  0.009 0.006 0.005 0.004 0.005 0.737 0.023 0.007 0.006 0.194 0.005 
 88  ZFBP217    (0)   :  0.007 0.184 0.044 0.006 0.007 0.596 0.022 0.004 0.005 0.118 0.007 
 89  ZFBP218    (0)   :  0.003 0.010 0.003 0.002 0.003 0.945 0.006 0.003 0.003 0.018 0.003 
 90  ZFBP219    (0)   :  0.004 0.004 0.004 0.003 0.003 0.953 0.006 0.003 0.004 0.013 0.003 
 91  ZFBP220    (0)   :  0.004 0.038 0.015 0.003 0.017 0.599 0.006 0.004 0.007 0.304 0.003 
 92  ZFBP221    (0)   :  0.003 0.008 0.007 0.004 0.003 0.444 0.005 0.003 0.002 0.517 0.004 
 93  ZFBP222    (0)   :  0.004 0.007 0.003 0.003 0.007 0.947 0.007 0.005 0.005 0.006 0.005 
 94  ZFBP223    (0)   :  0.007 0.009 0.187 0.009 0.008 0.602 0.005 0.005 0.010 0.154 0.006 
 95  ZFBP224    (0)   :  0.006 0.005 0.005 0.003 0.005 0.937 0.006 0.004 0.013 0.010 0.007 
 96  ZFBP225    (0)   :  0.008 0.211 0.019 0.003 0.013 0.203 0.014 0.008 0.011 0.506 0.003 
 97  ZFBP226    (0)   :  0.004 0.005 0.005 0.003 0.004 0.929 0.005 0.004 0.005 0.033 0.003 
 98  ZFBP227    (0)   :  0.034 0.006 0.009 0.010 0.005 0.439 0.119 0.009 0.011 0.336 0.021 
 99  ZFBP228    (0)   :  0.004 0.008 0.060 0.004 0.015 0.351 0.004 0.003 0.005 0.543 0.005 
100  ZFBP229    (0)   :  0.003 0.016 0.005 0.002 0.007 0.862 0.008 0.003 0.003 0.089 0.003 
101  ZFBP230    (0)   :  0.004 0.032 0.009 0.003 0.028 0.482 0.009 0.003 0.007 0.418 0.003 
102  ZFBP231    (0)   :  0.005 0.005 0.006 0.005 0.005 0.936 0.005 0.003 0.015 0.011 0.005 
103  ZFBP232    (0)   :  0.003 0.007 0.004 0.003 0.004 0.957 0.004 0.003 0.005 0.009 0.003 
104  ZFBP233    (0)   :  0.005 0.018 0.006 0.005 0.005 0.902 0.010 0.004 0.010 0.028 0.007 
105   ZFCC01    (0)   :  0.004 0.004 0.005 0.005 0.940 0.004 0.005 0.005 0.008 0.003 0.017 
106   ZFCC03    (0)   :  0.004 0.004 0.009 0.003 0.954 0.004 0.003 0.003 0.006 0.003 0.007 
107   ZFCC04    (0)   :  0.004 0.006 0.006 0.004 0.945 0.004 0.005 0.004 0.013 0.004 0.007 
108   ZFCC05    (0)   :  0.007 0.007 0.019 0.005 0.875 0.006 0.008 0.005 0.047 0.007 0.014 
109   ZFCC08    (0)   :  0.003 0.017 0.005 0.002 0.926 0.011 0.007 0.003 0.008 0.008 0.008 
110   ZFCC09    (0)   :  0.003 0.003 0.008 0.004 0.954 0.004 0.003 0.003 0.006 0.003 0.009 
111   ZFCC10    (0)   :  0.004 0.003 0.004 0.004 0.925 0.004 0.004 0.004 0.008 0.003 0.037 
112   ZFCC11    (0)   :  0.004 0.004 0.012 0.004 0.941 0.005 0.004 0.003 0.008 0.004 0.010 
113   ZFCC12    (0)   :  0.019 0.005 0.008 0.009 0.808 0.006 0.010 0.057 0.032 0.009 0.037 
114   ZFCC13    (0)   :  0.006 0.007 0.009 0.004 0.926 0.008 0.011 0.007 0.007 0.012 0.004 
115   ZFCC14    (0)   :  0.005 0.006 0.004 0.008 0.921 0.009 0.004 0.006 0.024 0.005 0.009 
116   ZFCC15    (0)   :  0.005 0.004 0.004 0.003 0.951 0.004 0.008 0.005 0.006 0.005 0.005 
117   ZFCC16    (0)   :  0.004 0.004 0.004 0.004 0.946 0.003 0.005 0.004 0.015 0.003 0.005 
118   ZFCC17    (0)   :  0.006 0.004 0.006 0.006 0.903 0.003 0.004 0.013 0.046 0.004 0.006 
119   ZFCC18    (0)   :  0.004 0.006 0.008 0.004 0.945 0.004 0.004 0.004 0.008 0.004 0.009 
120   ZFCC19    (0)   :  0.006 0.003 0.003 0.004 0.949 0.003 0.007 0.009 0.010 0.003 0.003 
121   ZFCC20    (0)   :  0.004 0.005 0.008 0.005 0.944 0.003 0.007 0.004 0.011 0.006 0.004 
122   ZFCC21    (0)   :  0.007 0.040 0.003 0.005 0.816 0.037 0.053 0.007 0.012 0.015 0.006 
123   ZFCC22    (0)   :  0.004 0.050 0.006 0.003 0.646 0.172 0.008 0.005 0.011 0.079 0.015 
124   ZFCC26    (0)   :  0.004 0.004 0.005 0.005 0.954 0.003 0.004 0.004 0.009 0.003 0.006 
125   ZFCC27    (0)   :  0.004 0.003 0.007 0.003 0.961 0.003 0.003 0.003 0.005 0.003 0.005 
126   ZFCC29    (0)   :  0.005 0.005 0.005 0.008 0.929 0.004 0.010 0.005 0.017 0.005 0.006 
127   ZFCC30    (0)   :  0.004 0.005 0.011 0.003 0.951 0.003 0.004 0.003 0.007 0.004 0.004 
128   ZFCC32    (0)   :  0.006 0.005 0.006 0.003 0.935 0.004 0.009 0.008 0.011 0.005 0.008 
129   ZFCC33    (0)   :  0.009 0.004 0.007 0.009 0.614 0.004 0.005 0.005 0.329 0.004 0.010 
130   ZFCC34    (0)   :  0.007 0.021 0.058 0.024 0.684 0.059 0.007 0.020 0.051 0.048 0.021 
131   ZFCC35    (0)   :  0.003 0.004 0.004 0.002 0.962 0.003 0.003 0.003 0.007 0.004 0.004 
132   ZFCC36    (0)   :  0.006 0.009 0.004 0.004 0.916 0.007 0.015 0.012 0.012 0.008 0.005 
133   ZFCC37    (0)   :  0.017 0.005 0.007 0.009 0.807 0.010 0.011 0.050 0.027 0.009 0.046 
134   ZFCC40    (0)   :  0.004 0.004 0.004 0.005 0.940 0.006 0.003 0.009 0.014 0.003 0.009 
135   ZFCC42    (0)   :  0.020 0.007 0.051 0.025 0.068 0.004 0.005 0.382 0.425 0.008 0.006 
136   ZFCC44    (0)   :  0.004 0.003 0.010 0.003 0.947 0.003 0.002 0.005 0.017 0.003 0.003 
137   ZFCC45    (9)   :  0.018 0.004 0.009 0.008 0.848 0.005 0.008 0.018 0.051 0.005 0.024 
138   ZFCC46    (0)   :  0.004 0.033 0.010 0.004 0.895 0.011 0.007 0.004 0.013 0.016 0.003 
139   ZFCC47    (0)   :  0.006 0.007 0.005 0.006 0.890 0.005 0.005 0.030 0.008 0.006 0.032 
140   ZFCC48    (0)   :  0.004 0.034 0.003 0.004 0.877 0.027 0.015 0.004 0.016 0.011 0.006 
141   ZFCC50    (0)   :  0.004 0.003 0.003 0.005 0.958 0.003 0.004 0.005 0.009 0.003 0.005 
142   ZFCC51    (0)   :  0.003 0.003 0.009 0.004 0.959 0.003 0.003 0.003 0.005 0.003 0.005 
143   ZFCC52    (0)   :  0.005 0.014 0.005 0.004 0.883 0.014 0.007 0.008 0.043 0.010 0.005 
144   ZFCC53    (0)   :  0.003 0.003 0.006 0.004 0.963 0.003 0.003 0.003 0.005 0.003 0.005 
145  ZFCNS01    (0)   :  0.034 0.003 0.842 0.002 0.007 0.006 0.051 0.021 0.003 0.028 0.003 
146  ZFCNS02    (0)   :  0.003 0.004 0.967 0.002 0.005 0.003 0.003 0.002 0.004 0.004 0.003 
147  ZFCNS05    (0)   :  0.003 0.005 0.946 0.004 0.007 0.007 0.005 0.002 0.006 0.009 0.005 
148  ZFCNS06    (0)   :  0.003 0.005 0.965 0.003 0.005 0.004 0.003 0.002 0.003 0.004 0.003 
149  ZFCNS07    (0)   :  0.003 0.010 0.957 0.003 0.004 0.006 0.003 0.003 0.003 0.005 0.003 
150  ZFCNS10    (0)   :  0.003 0.005 0.950 0.003 0.004 0.007 0.003 0.003 0.003 0.016 0.003 
151  ZFCNS11    (0)   :  0.015 0.004 0.908 0.002 0.008 0.005 0.021 0.012 0.004 0.018 0.003 
152  ZFCNS15    (0)   :  0.004 0.007 0.908 0.003 0.003 0.014 0.004 0.002 0.006 0.046 0.003 
153  ZFCNS17    (0)   :  0.003 0.004 0.965 0.002 0.005 0.004 0.003 0.002 0.004 0.005 0.003 
154  ZFCNS18    (0)   :  0.003 0.004 0.954 0.003 0.005 0.007 0.003 0.003 0.003 0.012 0.003 
155  ZFCNS19    (0)   :  0.003 0.004 0.969 0.003 0.004 0.003 0.003 0.002 0.003 0.004 0.003 
156  ZFCNS20    (0)   :  0.003 0.015 0.931 0.003 0.005 0.013 0.004 0.003 0.007 0.014 0.003 
157  ZFCNS21    (0)   :  0.003 0.002 0.969 0.002 0.004 0.003 0.003 0.002 0.004 0.005 0.003 
158  ZFCNS22    (0)   :  0.003 0.005 0.943 0.005 0.005 0.010 0.005 0.003 0.006 0.011 0.005 
159  ZFCNS23    (0)   :  0.009 0.013 0.895 0.004 0.015 0.006 0.010 0.012 0.025 0.006 0.005 
160  ZFCNS24    (0)   :  0.003 0.006 0.948 0.002 0.007 0.006 0.004 0.003 0.009 0.009 0.003 
161  ZFCNS25    (0)   :  0.003 0.009 0.940 0.003 0.006 0.010 0.004 0.003 0.008 0.011 0.003 
162  ZFCNS26    (0)   :  0.003 0.004 0.965 0.003 0.003 0.004 0.003 0.002 0.003 0.007 0.003 
163  ZFCNS27    (0)   :  0.004 0.009 0.882 0.003 0.003 0.018 0.004 0.003 0.006 0.066 0.003 
164  ZFCNS28    (0)   :  0.003 0.004 0.967 0.003 0.004 0.003 0.003 0.002 0.003 0.004 0.003 
165  ZFCNS29    (0)   :  0.004 0.004 0.948 0.003 0.007 0.008 0.004 0.002 0.007 0.008 0.004 
166  ZFCNS30    (0)   :  0.003 0.003 0.955 0.004 0.006 0.004 0.004 0.002 0.006 0.008 0.004 
167  ZFCNS31    (0)   :  0.003 0.004 0.966 0.003 0.003 0.004 0.003 0.002 0.003 0.005 0.003 
168  ZFCNS32    (0)   :  0.003 0.007 0.951 0.003 0.004 0.006 0.005 0.003 0.006 0.009 0.003 
169  ZFCNS33    (0)   :  0.003 0.004 0.969 0.003 0.003 0.003 0.003 0.002 0.003 0.005 0.003 
170  ZFCNS34    (0)   :  0.003 0.004 0.951 0.004 0.011 0.005 0.004 0.002 0.006 0.005 0.004 
171  ZFCNS35    (0)   :  0.003 0.004 0.892 0.022 0.010 0.014 0.004 0.002 0.003 0.029 0.016 
172  ZFCNS36    (0)   :  0.003 0.008 0.944 0.002 0.010 0.005 0.004 0.003 0.009 0.008 0.003 
173  ZFCNS37    (0)   :  0.009 0.008 0.848 0.003 0.005 0.005 0.004 0.002 0.006 0.104 0.004 
174  ZFCNS39    (0)   :  0.005 0.024 0.895 0.002 0.017 0.008 0.012 0.003 0.007 0.024 0.002 
175  ZFCNS40    (0)   :  0.005 0.118 0.679 0.002 0.032 0.008 0.008 0.003 0.013 0.129 0.003 
176  ZFCNS41    (0)   :  0.008 0.005 0.251 0.005 0.016 0.015 0.011 0.004 0.012 0.665 0.006 
177  ZFCNS42    (0)   :  0.003 0.003 0.967 0.003 0.003 0.004 0.003 0.002 0.004 0.006 0.003 
178  ZFCNS43    (0)   :  0.003 0.003 0.969 0.002 0.004 0.003 0.003 0.002 0.004 0.004 0.003 
179  ZFCNS44    (0)   :  0.003 0.003 0.953 0.003 0.005 0.007 0.003 0.003 0.004 0.014 0.003 
180  ZFCNS46    (0)   :  0.004 0.004 0.952 0.003 0.005 0.005 0.004 0.002 0.006 0.010 0.004 
181  ZFCNS47    (0)   :  0.003 0.003 0.968 0.003 0.004 0.003 0.003 0.002 0.004 0.005 0.003 
182  ZFCNS48    (0)   :  0.004 0.006 0.922 0.004 0.007 0.011 0.004 0.003 0.005 0.030 0.004 
183  ZFCNS49    (0)   :  0.003 0.004 0.925 0.004 0.003 0.011 0.003 0.003 0.003 0.038 0.003 
184   ZFCR01    (0)   :  0.729 0.018 0.003 0.020 0.025 0.029 0.006 0.015 0.003 0.006 0.146 
185   ZFCR02    (0)   :  0.202 0.063 0.007 0.491 0.061 0.060 0.031 0.015 0.046 0.018 0.006 
186   ZFCR03    (0)   :  0.072 0.040 0.003 0.237 0.041 0.122 0.264 0.104 0.057 0.008 0.052 
187   ZFCR04    (0)   :  0.212 0.040 0.014 0.424 0.027 0.025 0.059 0.037 0.007 0.044 0.111 
188   ZFCR05    (0)   :  0.270 0.007 0.004 0.079 0.076 0.008 0.325 0.022 0.007 0.007 0.194 
189   ZFCR06    (0)   :  0.476 0.036 0.066 0.106 0.032 0.100 0.037 0.008 0.006 0.098 0.034 
190   ZFCR07    (0)   :  0.354 0.003 0.056 0.045 0.011 0.009 0.420 0.012 0.049 0.028 0.013 
191   ZFCR08    (0)   :  0.641 0.033 0.004 0.024 0.084 0.022 0.008 0.045 0.033 0.014 0.091 
192   ZFCR09    (0)   :  0.053 0.023 0.013 0.131 0.043 0.135 0.036 0.409 0.014 0.110 0.033 
193   ZFCR11    (0)   :  0.243 0.003 0.010 0.214 0.016 0.034 0.228 0.022 0.004 0.128 0.099 
194   ZFCR12    (0)   :  0.251 0.023 0.144 0.035 0.017 0.017 0.413 0.005 0.010 0.078 0.007 
195   ZFCR13    (0)   :  0.391 0.006 0.009 0.019 0.008 0.111 0.429 0.004 0.006 0.012 0.006 
196   ZFCR14    (0)   :  0.318 0.036 0.006 0.068 0.021 0.009 0.479 0.010 0.007 0.010 0.036 
197   ZFCR15    (0)   :  0.437 0.114 0.005 0.199 0.018 0.029 0.127 0.010 0.012 0.017 0.034 
198   ZFCR16    (0)   :  0.546 0.048 0.003 0.259 0.013 0.025 0.071 0.005 0.004 0.009 0.015 
199   ZFCR18    (0)   :  0.019 0.016 0.013 0.770 0.029 0.026 0.009 0.005 0.091 0.014 0.007 
200   ZFCR19    (0)   :  0.038 0.332 0.005 0.351 0.013 0.020 0.081 0.122 0.007 0.013 0.020 
201   ZFCR20    (0)   :  0.127 0.016 0.005 0.109 0.011 0.134 0.273 0.025 0.031 0.020 0.248 
202   ZFCR21    (0)   :  0.294 0.017 0.003 0.027 0.030 0.010 0.571 0.004 0.007 0.010 0.027 
203   ZFCR22    (0)   :  0.141 0.016 0.003 0.052 0.004 0.009 0.754 0.006 0.006 0.007 0.003 
204   ZFCR23    (0)   :  0.251 0.006 0.005 0.065 0.004 0.134 0.395 0.039 0.003 0.090 0.009 
205   ZFCR24    (9)   :  0.093 0.007 0.004 0.096 0.008 0.521 0.200 0.020 0.012 0.010 0.029 
206   ZFCR25    (0)   :  0.334 0.003 0.003 0.053 0.009 0.004 0.550 0.012 0.008 0.005 0.020 
207   ZFCR26    (0)   :  0.028 0.020 0.006 0.005 0.024 0.020 0.762 0.103 0.010 0.011 0.011 
208   ZFCR27    (9)   :  0.842 0.003 0.003 0.019 0.007 0.004 0.051 0.023 0.003 0.003 0.042 
209   ZFCR28    (0)   :  0.590 0.127 0.025 0.005 0.010 0.181 0.014 0.006 0.006 0.027 0.010 
210   ZFCR29    (0)   :  0.045 0.006 0.002 0.137 0.007 0.009 0.740 0.009 0.004 0.007 0.033 
211   ZFCR30    (0)   :  0.168 0.005 0.005 0.020 0.005 0.005 0.763 0.011 0.005 0.006 0.009 
212   ZFCR31    (0)   :  0.044 0.026 0.041 0.424 0.017 0.133 0.072 0.061 0.026 0.130 0.025 
213   ZFCR33    (0)   :  0.818 0.012 0.007 0.008 0.031 0.010 0.022 0.025 0.010 0.015 0.044 
214   ZFCR34    (0)   :  0.162 0.012 0.012 0.193 0.022 0.027 0.490 0.028 0.004 0.044 0.006 
215   ZFCR35    (0)   :  0.033 0.010 0.012 0.848 0.026 0.008 0.022 0.009 0.010 0.012 0.010 
216   ZFCR36    (0)   :  0.113 0.005 0.014 0.349 0.010 0.007 0.443 0.031 0.005 0.009 0.013 
217   ZFCR37    (0)   :  0.140 0.004 0.004 0.039 0.059 0.004 0.636 0.032 0.017 0.004 0.061 
218   ZFCR38    (0)   :  0.786 0.013 0.007 0.007 0.048 0.007 0.029 0.028 0.012 0.009 0.054 
219   ZFCR39    (0)   :  0.540 0.041 0.003 0.019 0.100 0.056 0.008 0.168 0.036 0.019 0.009 
220   ZFCR40    (0)   :  0.746 0.005 0.004 0.024 0.035 0.011 0.091 0.050 0.006 0.015 0.012 
221   ZFCR41    (0)   :  0.263 0.020 0.015 0.032 0.106 0.008 0.436 0.004 0.008 0.093 0.015 
222   ZFCR42    (0)   :  0.397 0.030 0.012 0.021 0.059 0.031 0.362 0.032 0.012 0.027 0.016 
223   ZFCR43    (0)   :  0.381 0.008 0.005 0.187 0.006 0.121 0.260 0.006 0.005 0.009 0.012 
224  ZFENP25    (0)   :  0.886 0.011 0.003 0.005 0.016 0.010 0.007 0.005 0.006 0.005 0.047 
225  ZFENP26    (0)   :  0.956 0.003 0.003 0.006 0.004 0.002 0.004 0.008 0.005 0.004 0.005 
226  ZFENP27    (0)   :  0.500 0.016 0.045 0.024 0.230 0.021 0.008 0.053 0.040 0.025 0.038 
227  ZFENP28    (0)   :  0.902 0.005 0.010 0.010 0.011 0.004 0.011 0.013 0.005 0.005 0.024 
228  ZFENP29    (0)   :  0.947 0.003 0.005 0.004 0.007 0.004 0.008 0.005 0.007 0.005 0.004 
229  ZFENP30    (0)   :  0.801 0.007 0.010 0.008 0.034 0.005 0.012 0.016 0.094 0.005 0.008 
230  ZFENP31    (0)   :  0.172 0.004 0.007 0.015 0.015 0.006 0.007 0.396 0.358 0.004 0.018 
231  ZFENP32    (0)   :  0.247 0.006 0.029 0.248 0.014 0.021 0.013 0.236 0.120 0.024 0.042 
232  ZFENP33    (0)   :  0.829 0.003 0.005 0.011 0.005 0.008 0.034 0.016 0.037 0.007 0.045 
233  ZFENP34    (0)   :  0.196 0.005 0.013 0.029 0.022 0.007 0.008 0.012 0.084 0.007 0.617 
234  ZFENP35    (0)   :  0.884 0.005 0.013 0.016 0.005 0.008 0.009 0.027 0.007 0.017 0.008 
235  ZFENP36    (0)   :  0.933 0.002 0.010 0.010 0.003 0.003 0.010 0.012 0.007 0.004 0.006 
236  ZFENP37    (0)   :  0.545 0.004 0.011 0.015 0.009 0.008 0.028 0.068 0.010 0.009 0.292 
237  ZFENP38    (0)   :  0.482 0.006 0.020 0.010 0.019 0.005 0.383 0.026 0.017 0.009 0.023 
238  ZFENP39    (0)   :  0.904 0.003 0.004 0.014 0.011 0.004 0.012 0.013 0.006 0.005 0.025 
239  ZFENP40    (0)   :  0.887 0.004 0.005 0.017 0.007 0.008 0.007 0.026 0.013 0.006 0.020 
240  ZFENP41    (0)   :  0.837 0.008 0.008 0.017 0.040 0.006 0.006 0.013 0.042 0.006 0.016 
241  ZFENP42    (0)   :  0.805 0.004 0.003 0.004 0.006 0.004 0.043 0.114 0.009 0.005 0.004 
242  ZFENP43    (0)   :  0.698 0.006 0.055 0.008 0.036 0.007 0.089 0.024 0.009 0.035 0.033 
243  ZFENP44    (0)   :  0.819 0.003 0.013 0.005 0.014 0.006 0.019 0.068 0.026 0.011 0.016 
244  ZFENP45    (0)   :  0.482 0.300 0.009 0.007 0.019 0.029 0.044 0.067 0.019 0.015 0.008 
245  ZFENP46    (0)   :  0.816 0.004 0.009 0.009 0.003 0.013 0.055 0.026 0.011 0.019 0.034 
246  ZFENP47    (0)   :  0.374 0.137 0.004 0.039 0.076 0.018 0.007 0.305 0.017 0.007 0.015 
247  ZFENP48    (0)   :  0.075 0.014 0.009 0.010 0.018 0.013 0.014 0.021 0.260 0.006 0.560 
248  ZFENP49    (0)   :  0.663 0.016 0.005 0.065 0.012 0.016 0.024 0.010 0.174 0.010 0.005 
249  ZFENP50    (0)   :  0.832 0.008 0.004 0.007 0.004 0.031 0.056 0.028 0.005 0.018 0.006 
250  ZFENP51    (0)   :  0.576 0.042 0.005 0.029 0.006 0.004 0.016 0.271 0.032 0.004 0.016 
251  ZFENP52    (0)   :  0.925 0.004 0.010 0.003 0.009 0.004 0.013 0.008 0.007 0.014 0.003 
252  ZFENP53    (0)   :  0.837 0.026 0.010 0.007 0.009 0.030 0.024 0.019 0.008 0.020 0.009 
253  ZFENP54    (0)   :  0.789 0.011 0.004 0.031 0.019 0.054 0.032 0.008 0.025 0.019 0.008 
254  ZFENP55    (0)   :  0.237 0.004 0.004 0.040 0.004 0.005 0.647 0.015 0.011 0.004 0.029 
255  ZFENP56    (0)   :  0.833 0.006 0.011 0.011 0.007 0.004 0.086 0.012 0.013 0.009 0.010 
256  ZFENP57    (0)   :  0.854 0.002 0.013 0.012 0.004 0.004 0.016 0.054 0.014 0.008 0.018 
257  ZFENP58    (0)   :  0.446 0.102 0.017 0.024 0.020 0.008 0.043 0.010 0.311 0.013 0.005 
258  ZFENP59    (0)   :  0.820 0.004 0.005 0.014 0.061 0.005 0.008 0.038 0.029 0.005 0.010 
259  ZFENP60    (0)   :  0.856 0.013 0.006 0.030 0.011 0.010 0.014 0.014 0.006 0.008 0.031 
260  ZFENP61    (0)   :  0.905 0.003 0.004 0.025 0.012 0.003 0.010 0.009 0.007 0.004 0.019 
261 ZFFDSP01    (0)   :  0.003 0.025 0.015 0.006 0.005 0.788 0.007 0.003 0.004 0.139 0.006 
262 ZFFDSP02    (0)   :  0.003 0.005 0.004 0.003 0.004 0.954 0.005 0.002 0.003 0.013 0.003 
263 ZFFDSP04    (0)   :  0.002 0.014 0.003 0.005 0.005 0.938 0.005 0.002 0.003 0.018 0.005 
264 ZFFDSP05    (0)   :  0.003 0.010 0.005 0.004 0.005 0.524 0.007 0.003 0.004 0.431 0.003 
265 ZFFDSP06    (0)   :  0.003 0.014 0.003 0.002 0.007 0.938 0.004 0.002 0.003 0.019 0.004 
266 ZFFDSP07    (0)   :  0.005 0.024 0.004 0.003 0.012 0.909 0.007 0.004 0.020 0.007 0.004 
267 ZFFDSP08    (0)   :  0.005 0.076 0.010 0.003 0.010 0.801 0.009 0.004 0.031 0.048 0.003 
268 ZFFDSP10    (0)   :  0.004 0.011 0.006 0.004 0.004 0.917 0.006 0.003 0.007 0.034 0.004 
269 ZFFDSP11    (0)   :  0.003 0.009 0.003 0.004 0.004 0.873 0.008 0.004 0.003 0.084 0.004 
270 ZFFDSP12    (0)   :  0.003 0.007 0.005 0.002 0.003 0.955 0.003 0.003 0.005 0.010 0.003 
271 ZFFDSP13    (0)   :  0.005 0.004 0.011 0.004 0.007 0.039 0.008 0.004 0.008 0.907 0.004 
272 ZFFDSP14    (0)   :  0.003 0.015 0.004 0.002 0.006 0.942 0.006 0.003 0.007 0.006 0.005 
273 ZFFDSP16    (0)   :  0.006 0.004 0.016 0.006 0.008 0.918 0.008 0.003 0.004 0.019 0.008 
274 ZFFDSP17    (0)   :  0.004 0.009 0.004 0.003 0.006 0.928 0.006 0.002 0.004 0.028 0.006 
275 ZFFDSP18    (0)   :  0.003 0.012 0.004 0.006 0.006 0.945 0.004 0.002 0.004 0.007 0.007 
276 ZFFDSP19    (0)   :  0.003 0.023 0.134 0.004 0.028 0.748 0.004 0.003 0.004 0.042 0.008 
277 ZFFDSP21    (0)   :  0.004 0.011 0.069 0.003 0.018 0.501 0.005 0.002 0.004 0.375 0.008 
278 ZFFDSP22    (0)   :  0.003 0.063 0.004 0.002 0.006 0.895 0.005 0.002 0.004 0.012 0.003 
279 ZFFDSP23    (0)   :  0.003 0.162 0.009 0.002 0.005 0.632 0.005 0.002 0.003 0.171 0.004 
280 ZFFDSP24    (0)   :  0.003 0.008 0.013 0.005 0.006 0.563 0.006 0.003 0.006 0.382 0.006 
281 ZFFDSP26    (9)   :  0.004 0.015 0.006 0.004 0.005 0.709 0.005 0.003 0.004 0.241 0.004 
282 ZFFDSP27    (0)   :  0.003 0.007 0.007 0.004 0.004 0.927 0.004 0.002 0.004 0.033 0.006 
283 ZFFDSP28    (0)   :  0.008 0.009 0.005 0.036 0.008 0.803 0.014 0.013 0.020 0.058 0.027 
284 ZFFDSP30    (0)   :  0.005 0.011 0.038 0.054 0.008 0.304 0.009 0.008 0.010 0.546 0.009 
285 ZFFDSP31    (0)   :  0.004 0.006 0.007 0.003 0.006 0.935 0.005 0.002 0.005 0.019 0.008 
286 ZFFDSP32    (0)   :  0.003 0.005 0.005 0.002 0.003 0.950 0.004 0.002 0.004 0.016 0.004 
287 ZFFDSP33    (0)   :  0.003 0.006 0.005 0.003 0.003 0.943 0.003 0.003 0.003 0.025 0.004 
288 ZFFDSP34    (0)   :  0.003 0.011 0.005 0.003 0.007 0.936 0.005 0.002 0.005 0.020 0.004 
289 ZFFDSP35    (0)   :  0.003 0.008 0.006 0.005 0.004 0.621 0.006 0.003 0.004 0.336 0.005 
290 ZFFDSP37    (0)   :  0.003 0.004 0.006 0.004 0.004 0.942 0.004 0.002 0.004 0.021 0.006 
291 ZFFDSP38    (0)   :  0.003 0.004 0.007 0.005 0.004 0.949 0.004 0.003 0.004 0.012 0.005 
292 ZFFDSP39    (0)   :  0.003 0.008 0.007 0.003 0.003 0.259 0.003 0.002 0.003 0.706 0.003 
293 ZFFDSP40    (0)   :  0.003 0.005 0.009 0.005 0.003 0.506 0.004 0.003 0.004 0.453 0.005 
294 ZFFDSP42    (0)   :  0.003 0.092 0.011 0.004 0.006 0.757 0.006 0.002 0.003 0.111 0.004 
295 ZFFDSP43    (0)   :  0.003 0.011 0.011 0.004 0.004 0.915 0.003 0.002 0.003 0.040 0.004 
296 ZFFDSP44    (0)   :  0.003 0.006 0.011 0.005 0.003 0.770 0.005 0.003 0.005 0.184 0.005 
297 ZFFDSP45    (0)   :  0.003 0.005 0.007 0.005 0.006 0.920 0.005 0.002 0.004 0.038 0.004 
298 ZFFDSP46    (0)   :  0.004 0.011 0.008 0.005 0.006 0.890 0.005 0.002 0.004 0.060 0.005 
299 ZFFDSP47    (0)   :  0.003 0.012 0.012 0.004 0.004 0.241 0.005 0.003 0.004 0.709 0.003 
300 ZFFDSP48    (0)   :  0.003 0.005 0.013 0.004 0.004 0.311 0.004 0.003 0.004 0.646 0.004 
301    ZFI01    (0)   :  0.010 0.005 0.009 0.860 0.008 0.005 0.010 0.029 0.013 0.004 0.045 
302    ZFI02    (0)   :  0.005 0.004 0.008 0.922 0.004 0.005 0.007 0.012 0.004 0.005 0.023 
303    ZFI03    (0)   :  0.006 0.003 0.008 0.904 0.006 0.004 0.007 0.004 0.005 0.005 0.046 
304    ZFI04    (0)   :  0.006 0.003 0.005 0.122 0.004 0.003 0.006 0.016 0.004 0.004 0.826 
305    ZFI05    (0)   :  0.007 0.003 0.017 0.934 0.004 0.004 0.005 0.005 0.008 0.006 0.007 
306    ZFI06    (0)   :  0.025 0.003 0.098 0.761 0.004 0.015 0.009 0.012 0.006 0.035 0.033 
307    ZFI07    (0)   :  0.006 0.003 0.005 0.291 0.005 0.004 0.005 0.006 0.006 0.004 0.665 
308    ZFI08    (0)   :  0.009 0.004 0.005 0.849 0.006 0.004 0.013 0.010 0.005 0.003 0.091 
309    ZFI09    (0)   :  0.008 0.003 0.007 0.931 0.004 0.004 0.005 0.008 0.005 0.004 0.020 
310    ZFI10    (0)   :  0.008 0.004 0.068 0.819 0.004 0.005 0.007 0.010 0.006 0.009 0.061 
311    ZFI11    (0)   :  0.008 0.003 0.010 0.816 0.004 0.004 0.006 0.016 0.008 0.005 0.121 
312    ZFI12    (0)   :  0.007 0.003 0.017 0.819 0.007 0.005 0.011 0.005 0.006 0.007 0.113 
313    ZFI13    (0)   :  0.008 0.003 0.007 0.921 0.006 0.004 0.006 0.007 0.017 0.004 0.017 
314    ZFI14    (0)   :  0.005 0.004 0.006 0.943 0.005 0.007 0.004 0.005 0.005 0.007 0.010 
315    ZFI15    (0)   :  0.006 0.002 0.005 0.953 0.005 0.004 0.004 0.004 0.006 0.003 0.009 
316    ZFI16    (0)   :  0.005 0.002 0.006 0.946 0.004 0.004 0.005 0.003 0.004 0.004 0.017 
317    ZFI17    (0)   :  0.010 0.003 0.013 0.851 0.004 0.004 0.007 0.007 0.006 0.006 0.090 
318    ZFI18    (0)   :  0.007 0.002 0.006 0.943 0.003 0.003 0.004 0.007 0.004 0.004 0.016 
319    ZFI19    (9)   :  0.005 0.002 0.005 0.950 0.003 0.003 0.005 0.004 0.006 0.003 0.013 
320    ZFI20    (0)   :  0.004 0.003 0.005 0.955 0.004 0.004 0.005 0.004 0.003 0.005 0.008 
321    ZFI21    (0)   :  0.003 0.003 0.007 0.948 0.003 0.008 0.004 0.003 0.004 0.010 0.005 
322    ZFI22    (0)   :  0.005 0.004 0.005 0.927 0.007 0.005 0.005 0.008 0.004 0.004 0.026 
323    ZFI23    (0)   :  0.006 0.003 0.008 0.920 0.005 0.004 0.006 0.004 0.005 0.004 0.035 
324    ZFI24    (0)   :  0.007 0.003 0.014 0.871 0.008 0.005 0.010 0.004 0.007 0.005 0.066 
325    ZFI25    (0)   :  0.007 0.004 0.007 0.900 0.009 0.005 0.006 0.004 0.005 0.005 0.049 
326    ZFI26    (0)   :  0.006 0.003 0.005 0.856 0.007 0.004 0.009 0.004 0.011 0.004 0.090 
327    ZFI27    (0)   :  0.007 0.003 0.036 0.864 0.005 0.005 0.011 0.005 0.014 0.008 0.044 
328    ZFK01    (0)   :  0.003 0.003 0.007 0.003 0.005 0.003 0.003 0.003 0.963 0.004 0.003 
329    ZFK02    (0)   :  0.003 0.004 0.007 0.003 0.005 0.003 0.003 0.003 0.962 0.004 0.003 
330    ZFK03    (0)   :  0.004 0.003 0.005 0.003 0.005 0.004 0.003 0.003 0.963 0.003 0.003 
331    ZFK04    (0)   :  0.003 0.003 0.004 0.004 0.004 0.003 0.003 0.004 0.966 0.003 0.004 
332    ZFK05    (0)   :  0.006 0.003 0.004 0.008 0.010 0.002 0.003 0.012 0.942 0.003 0.009 
333    ZFK06    (0)   :  0.007 0.003 0.004 0.009 0.010 0.003 0.004 0.006 0.942 0.003 0.009 
334    ZFK07    (0)   :  0.003 0.005 0.005 0.002 0.006 0.003 0.005 0.003 0.960 0.005 0.003 
335    ZFK08    (0)   :  0.004 0.003 0.003 0.004 0.004 0.004 0.005 0.004 0.961 0.004 0.004 
336    ZFK10    (0)   :  0.003 0.003 0.004 0.004 0.004 0.003 0.003 0.004 0.964 0.003 0.004 
337    ZFK11    (0)   :  0.006 0.003 0.004 0.006 0.011 0.003 0.003 0.009 0.944 0.003 0.008 
338    ZFK12    (0)   :  0.004 0.010 0.004 0.002 0.007 0.005 0.009 0.003 0.947 0.006 0.002 
339    ZFK13    (0)   :  0.004 0.009 0.005 0.004 0.008 0.018 0.005 0.007 0.917 0.021 0.003 
340    ZFK14    (0)   :  0.006 0.029 0.015 0.008 0.196 0.021 0.009 0.019 0.668 0.022 0.008 
341    ZFK15    (0)   :  0.004 0.005 0.004 0.005 0.006 0.016 0.004 0.011 0.930 0.012 0.003 
342    ZFK16    (0)   :  0.003 0.005 0.005 0.002 0.006 0.005 0.005 0.003 0.958 0.005 0.002 
343   ZFLB01    (0)   :  0.006 0.004 0.006 0.009 0.003 0.011 0.004 0.931 0.007 0.012 0.006 
344   ZFLB02    (0)   :  0.095 0.005 0.004 0.009 0.003 0.004 0.008 0.810 0.003 0.005 0.055 
345   ZFLB03    (0)   :  0.123 0.006 0.080 0.006 0.005 0.005 0.009 0.733 0.014 0.009 0.010 
346   ZFLB04    (0)   :  0.007 0.006 0.229 0.017 0.005 0.018 0.004 0.669 0.010 0.032 0.005 
347   ZFLB05    (0)   :  0.008 0.003 0.021 0.015 0.003 0.006 0.004 0.913 0.008 0.013 0.006 
348   ZFLB06    (0)   :  0.008 0.005 0.006 0.004 0.007 0.007 0.004 0.912 0.038 0.005 0.004 
349   ZFLB07    (0)   :  0.083 0.009 0.119 0.006 0.011 0.016 0.016 0.607 0.091 0.037 0.005 
350   ZFLB08    (0)   :  0.064 0.004 0.007 0.013 0.004 0.005 0.010 0.839 0.007 0.005 0.041 
351   ZFLB09    (9)   :  0.007 0.003 0.004 0.006 0.005 0.005 0.004 0.946 0.010 0.005 0.005 
352   ZFLB10    (0)   :  0.005 0.002 0.009 0.007 0.003 0.004 0.003 0.951 0.006 0.005 0.003 
353   ZFLB11    (0)   :  0.008 0.009 0.004 0.003 0.012 0.006 0.007 0.920 0.021 0.007 0.003 
354   ZFLB12    (0)   :  0.007 0.002 0.004 0.004 0.004 0.003 0.004 0.955 0.008 0.003 0.005 
355   ZFLB13    (0)   :  0.037 0.004 0.008 0.004 0.012 0.011 0.014 0.877 0.011 0.014 0.008 
356  ZFLTI01    (0)   :  0.004 0.011 0.009 0.004 0.030 0.018 0.007 0.002 0.005 0.905 0.005 
357  ZFLTI02    (0)   :  0.004 0.010 0.036 0.003 0.072 0.016 0.006 0.002 0.009 0.832 0.009 
358  ZFLTI03    (0)   :  0.003 0.009 0.012 0.003 0.010 0.007 0.005 0.002 0.005 0.938 0.005 
359  ZFLTI04    (0)   :  0.005 0.006 0.022 0.005 0.010 0.012 0.008 0.003 0.012 0.911 0.007 
360  ZFLTI05    (0)   :  0.004 0.005 0.020 0.003 0.007 0.009 0.004 0.002 0.006 0.935 0.006 
361  ZFLTI06    (0)   :  0.003 0.009 0.006 0.004 0.007 0.013 0.004 0.003 0.005 0.943 0.004 
362  ZFLTI07    (0)   :  0.004 0.004 0.008 0.004 0.006 0.010 0.005 0.002 0.005 0.947 0.005 
363  ZFLTI08    (0)   :  0.005 0.004 0.020 0.005 0.006 0.007 0.007 0.003 0.006 0.925 0.013 
364  ZFLTI09    (0)   :  0.003 0.004 0.008 0.005 0.006 0.015 0.005 0.002 0.005 0.936 0.011 
365  ZFLTI10    (0)   :  0.003 0.004 0.006 0.003 0.010 0.019 0.005 0.002 0.005 0.935 0.007 
366  ZFLTI11    (0)   :  0.003 0.014 0.009 0.003 0.007 0.014 0.005 0.003 0.005 0.931 0.006 
367  ZFLTI12    (0)   :  0.003 0.014 0.010 0.003 0.019 0.014 0.005 0.002 0.006 0.918 0.006 
368  ZFLTI13    (0)   :  0.005 0.010 0.056 0.004 0.022 0.010 0.008 0.002 0.010 0.869 0.005 
369  ZFLTI14    (0)   :  0.005 0.005 0.206 0.003 0.089 0.052 0.006 0.002 0.011 0.606 0.014 
370 ZFONF101    (0)   :  0.002 0.006 0.003 0.003 0.002 0.967 0.003 0.002 0.003 0.006 0.003 
371 ZFONF102    (0)   :  0.008 0.021 0.003 0.005 0.003 0.931 0.005 0.011 0.003 0.006 0.004 
372 ZFONF103    (0)   :  0.006 0.019 0.047 0.004 0.011 0.765 0.007 0.003 0.016 0.118 0.005 
373 ZFONF104    (0)   :  0.002 0.025 0.004 0.002 0.004 0.941 0.003 0.002 0.002 0.013 0.003 
374 ZFONF105    (0)   :  0.004 0.112 0.010 0.003 0.005 0.825 0.004 0.003 0.005 0.026 0.003 
375 ZFONF106    (0)   :  0.002 0.006 0.004 0.003 0.003 0.962 0.002 0.002 0.003 0.007 0.005 
376 ZFONF107    (0)   :  0.041 0.010 0.017 0.014 0.011 0.766 0.006 0.044 0.039 0.037 0.016 
377 ZFONF108    (0)   :  0.009 0.010 0.024 0.004 0.010 0.848 0.004 0.008 0.050 0.027 0.007 
378 ZFONF109    (9)   :  0.006 0.042 0.010 0.003 0.014 0.859 0.003 0.006 0.022 0.026 0.009 
379 ZFONF110    (0)   :  0.002 0.015 0.006 0.002 0.005 0.948 0.003 0.002 0.003 0.011 0.002 
380 ZFONF111    (0)   :  0.025 0.019 0.007 0.008 0.012 0.806 0.022 0.016 0.004 0.071 0.012 
381 ZFONF112    (0)   :  0.003 0.172 0.013 0.003 0.006 0.769 0.003 0.002 0.005 0.014 0.010 
382 ZFONF113    (9)   :  0.005 0.010 0.007 0.002 0.006 0.926 0.007 0.004 0.008 0.021 0.003 
383 ZFONF115    (0)   :  0.004 0.018 0.010 0.003 0.006 0.928 0.004 0.003 0.007 0.010 0.008 
384 ZFONF116    (0)   :  0.004 0.030 0.013 0.004 0.004 0.913 0.005 0.003 0.008 0.009 0.007 
385 ZFONF117    (0)   :  0.005 0.053 0.039 0.004 0.009 0.288 0.006 0.003 0.015 0.573 0.005 
386 ZFONF118    (0)   :  0.003 0.016 0.012 0.004 0.010 0.904 0.007 0.002 0.007 0.025 0.010 
387 ZFONF119    (0)   :  0.004 0.020 0.004 0.003 0.008 0.924 0.005 0.005 0.017 0.008 0.004 
388 ZFONF120    (0)   :  0.003 0.037 0.004 0.003 0.019 0.874 0.010 0.005 0.029 0.012 0.003 
389 ZFONF121    (0)   :  0.003 0.083 0.006 0.003 0.004 0.867 0.005 0.004 0.007 0.013 0.004 
390 ZFONF122    (0)   :  0.006 0.009 0.020 0.004 0.018 0.674 0.009 0.003 0.018 0.229 0.011 
391 ZFONF123    (0)   :  0.015 0.033 0.004 0.006 0.005 0.873 0.005 0.039 0.008 0.008 0.004 
392 ZFONF124    (0)   :  0.005 0.025 0.006 0.002 0.006 0.911 0.003 0.006 0.015 0.017 0.003 
393 ZFONF125    (0)   :  0.029 0.231 0.006 0.007 0.024 0.552 0.011 0.037 0.048 0.051 0.004 
394 ZFONF126    (0)   :  0.005 0.010 0.010 0.004 0.015 0.903 0.007 0.003 0.008 0.027 0.008 
395 ZFONF201    (0)   :  0.016 0.624 0.004 0.075 0.045 0.081 0.010 0.029 0.005 0.055 0.056 
396 ZFONF202    (0)   :  0.003 0.902 0.003 0.003 0.010 0.052 0.006 0.002 0.004 0.011 0.004 
397 ZFONF203    (0)   :  0.004 0.944 0.003 0.003 0.006 0.009 0.009 0.003 0.009 0.006 0.004 
