

----------------------------------------------------
STRUCTURE by Pritchard, Stephens and Donnelly (2000)
     and Falush, Stephens and Pritchard (2003)
       Code by Pritchard, Falush and Hubisz
             Version 2.3.4 (Jul 2012)
----------------------------------------------------



Command line arguments:   bin\structure -m C:\Users\eschumacher\Documents\GitHub\GCC_QUAC_ZAIN\Data_Files\Structure_Files\ZAIN\ZAIN_wild_rebinned_nopopinfo\50-50\mainparams -e C:\Users\eschumacher\Documents\GitHub\GCC_QUAC_ZAIN\Data_Files\Structure_Files\ZAIN\ZAIN_wild_rebinned_nopopinfo\50-50\extraparams 
Input File:    C:\Users\eschumacher\Documents\GitHub\GCC_QUAC_ZAIN\Data_Files\Structure_Files\ZAIN\ZAIN_wild_rebinned_nopopinfo\project_data

Run parameters:
   751 individuals
   11 loci
   9 populations assumed
   50000 Burn-in period
   50000 Reps


--------------------------------------------
Overall proportion of membership of the
sample in each of the 9 clusters

Inferred Clusters
  1      2      3      4      5      6      7      8      9    
0.122  0.116  0.159  0.065  0.114  0.055  0.074  0.227  0.069  

--------------------------------------------

Allele-freq. divergence among pops (Net nucleotide distance),
computed using point estimates of P.

      1       2       3       4       5       6       7       8       9      
 1      -    0.1529  0.0465  0.1228  0.1402  0.3554  0.1202  0.2207  0.1373  
 2   0.1529     -    0.1841  0.2592  0.1064  0.1774  0.0951  0.0738  0.1994  
 3   0.0465  0.1841     -    0.1107  0.1713  0.3659  0.1578  0.2162  0.2391  
 4   0.1228  0.2592  0.1107     -    0.1849  0.4467  0.1734  0.3170  0.2886  
 5   0.1402  0.1064  0.1713  0.1849     -    0.3009  0.1394  0.1459  0.1746  
 6   0.3554  0.1774  0.3659  0.4467  0.3009     -    0.3415  0.2579  0.4378  
 7   0.1202  0.0951  0.1578  0.1734  0.1394  0.3415     -    0.1499  0.2398  
 8   0.2207  0.0738  0.2162  0.3170  0.1459  0.2579  0.1499     -    0.2736  
 9   0.1373  0.1994  0.2391  0.2886  0.1746  0.4378  0.2398  0.2736     -    

Average distances (expected heterozygosity) between individuals in same cluster:
cluster  1  : 0.4321 
cluster  2  : 0.5593 
cluster  3  : 0.4068 
cluster  4  : 0.3656 
cluster  5  : 0.4337 
cluster  6  : 0.2630 
cluster  7  : 0.4473 
cluster  8  : 0.4930 
cluster  9  : 0.2317 

--------------------------------------------
Estimated Ln Prob of Data   = -13876.0
Mean value of ln likelihood = -13523.2
Variance of ln likelihood   = 705.7
Mean value of alpha         = 0.0322

Mean value of Fst_1         = 0.4040
Mean value of Fst_2         = 0.1277
Mean value of Fst_3         = 0.3699
Mean value of Fst_4         = 0.4367
Mean value of Fst_5         = 0.4054
Mean value of Fst_6         = 0.6192
Mean value of Fst_7         = 0.3340
Mean value of Fst_8         = 0.3532
Mean value of Fst_9         = 0.6502


Inferred ancestry of individuals:
        Label (%Miss) :  Inferred clusters
  1    ZFB01    (0)   :  0.005 0.004 0.005 0.003 0.004 0.008 0.003 0.964 0.003 
  2    ZFB02    (0)   :  0.003 0.008 0.004 0.003 0.008 0.011 0.004 0.958 0.002 
  3    ZFB03    (0)   :  0.007 0.009 0.005 0.003 0.005 0.003 0.007 0.948 0.014 
  4    ZFB04    (0)   :  0.005 0.006 0.006 0.002 0.006 0.014 0.003 0.956 0.002 
  5    ZFB05    (0)   :  0.006 0.048 0.003 0.011 0.009 0.059 0.028 0.823 0.013 
  6    ZFB06    (0)   :  0.006 0.049 0.002 0.011 0.007 0.039 0.022 0.850 0.013 
  7    ZFB07    (9)   :  0.009 0.017 0.009 0.004 0.005 0.010 0.005 0.934 0.006 
  8    ZFB08    (0)   :  0.005 0.005 0.005 0.004 0.006 0.003 0.016 0.952 0.004 
  9    ZFB09    (0)   :  0.003 0.004 0.003 0.003 0.004 0.003 0.005 0.970 0.003 
 10    ZFB10    (0)   :  0.012 0.004 0.025 0.005 0.007 0.008 0.004 0.933 0.002 
 11    ZFB11    (0)   :  0.005 0.004 0.011 0.004 0.006 0.019 0.004 0.945 0.003 
 12    ZFB12    (0)   :  0.005 0.006 0.005 0.003 0.003 0.007 0.010 0.955 0.007 
 13    ZFB13    (0)   :  0.006 0.007 0.007 0.004 0.004 0.003 0.009 0.956 0.004 
 14    ZFB14    (0)   :  0.004 0.004 0.006 0.003 0.005 0.003 0.005 0.965 0.003 
 15    ZFB15    (0)   :  0.003 0.004 0.003 0.002 0.003 0.008 0.004 0.971 0.002 
 16    ZFB16    (0)   :  0.005 0.005 0.005 0.003 0.003 0.006 0.007 0.963 0.002 
 17    ZFB17    (0)   :  0.012 0.012 0.011 0.010 0.018 0.025 0.040 0.870 0.002 
 18    ZFB18    (0)   :  0.003 0.004 0.005 0.003 0.005 0.003 0.005 0.969 0.003 
 19    ZFB19    (0)   :  0.022 0.017 0.032 0.007 0.004 0.005 0.015 0.893 0.005 
 20    ZFB20    (0)   :  0.004 0.005 0.005 0.003 0.003 0.015 0.006 0.957 0.002 
 21    ZFB21    (0)   :  0.003 0.006 0.003 0.002 0.003 0.007 0.003 0.969 0.004 
 22    ZFB22    (0)   :  0.016 0.010 0.012 0.012 0.009 0.038 0.013 0.888 0.003 
 23    ZFB23    (0)   :  0.007 0.006 0.010 0.003 0.006 0.031 0.004 0.929 0.005 
 24    ZFB24    (0)   :  0.005 0.004 0.008 0.003 0.004 0.031 0.003 0.937 0.003 
 25    ZFB25    (0)   :  0.018 0.004 0.044 0.005 0.006 0.010 0.003 0.906 0.004 
 26    ZFB26    (0)   :  0.011 0.006 0.024 0.004 0.007 0.079 0.003 0.861 0.004 
 27    ZFB27    (0)   :  0.006 0.004 0.009 0.003 0.004 0.150 0.003 0.818 0.003 
 28    ZFB28    (0)   :  0.006 0.016 0.006 0.003 0.009 0.056 0.008 0.890 0.007 
 29    ZFB29    (0)   :  0.003 0.005 0.004 0.002 0.007 0.010 0.004 0.963 0.002 
 30    ZFB30    (0)   :  0.008 0.033 0.004 0.010 0.004 0.247 0.017 0.668 0.009 
 31    ZFB31    (0)   :  0.012 0.006 0.021 0.005 0.006 0.008 0.004 0.935 0.004 
 32    ZFB32    (0)   :  0.009 0.015 0.010 0.004 0.017 0.028 0.017 0.890 0.011 
 33    ZFB33    (0)   :  0.003 0.006 0.005 0.002 0.003 0.007 0.004 0.967 0.002 
 34    ZFB34    (0)   :  0.003 0.005 0.004 0.003 0.005 0.003 0.004 0.969 0.003 
 35    ZFB35    (0)   :  0.007 0.005 0.007 0.003 0.005 0.006 0.004 0.957 0.005 
 36  ZFBP101    (0)   :  0.680 0.009 0.158 0.032 0.082 0.003 0.013 0.012 0.011 
 37  ZFBP102    (0)   :  0.677 0.012 0.250 0.011 0.018 0.003 0.010 0.016 0.004 
 38  ZFBP103    (0)   :  0.781 0.008 0.066 0.010 0.100 0.002 0.008 0.008 0.018 
 39  ZFBP104    (0)   :  0.673 0.020 0.213 0.007 0.004 0.003 0.044 0.029 0.008 
 40  ZFBP105    (0)   :  0.269 0.006 0.684 0.006 0.006 0.005 0.007 0.006 0.012 
 41  ZFBP106    (0)   :  0.185 0.004 0.767 0.010 0.008 0.003 0.005 0.003 0.016 
 42  ZFBP107    (0)   :  0.445 0.011 0.471 0.004 0.009 0.029 0.008 0.006 0.016 
 43  ZFBP108    (0)   :  0.010 0.003 0.966 0.004 0.003 0.003 0.003 0.003 0.006 
 44  ZFBP109    (0)   :  0.023 0.004 0.949 0.005 0.004 0.002 0.004 0.003 0.005 
 45  ZFBP110    (0)   :  0.626 0.030 0.198 0.006 0.037 0.003 0.013 0.029 0.058 
 46  ZFBP111    (0)   :  0.592 0.004 0.272 0.102 0.005 0.003 0.010 0.003 0.009 
 47  ZFBP112    (0)   :  0.027 0.005 0.879 0.046 0.015 0.006 0.007 0.004 0.012 
 48  ZFBP113    (0)   :  0.019 0.004 0.954 0.004 0.003 0.004 0.005 0.003 0.003 
 49  ZFBP114    (0)   :  0.218 0.008 0.735 0.008 0.008 0.012 0.003 0.004 0.005 
 50  ZFBP115    (0)   :  0.879 0.004 0.072 0.011 0.008 0.003 0.007 0.002 0.014 
 51  ZFBP116    (0)   :  0.052 0.005 0.912 0.005 0.004 0.005 0.008 0.003 0.006 
 52  ZFBP117    (0)   :  0.015 0.004 0.952 0.007 0.007 0.002 0.004 0.003 0.006 
 53  ZFBP118    (0)   :  0.077 0.008 0.873 0.014 0.005 0.011 0.003 0.003 0.004 
 54  ZFBP119    (0)   :  0.413 0.005 0.497 0.017 0.029 0.002 0.012 0.003 0.020 
 55  ZFBP120    (0)   :  0.268 0.005 0.686 0.005 0.004 0.005 0.007 0.006 0.013 
 56  ZFBP121    (0)   :  0.040 0.004 0.923 0.005 0.008 0.003 0.005 0.005 0.008 
 57  ZFBP122    (9)   :  0.124 0.004 0.837 0.011 0.005 0.003 0.007 0.004 0.006 
 58  ZFBP123    (0)   :  0.016 0.005 0.928 0.014 0.013 0.007 0.008 0.004 0.005 
 59  ZFBP124    (0)   :  0.024 0.004 0.947 0.004 0.005 0.004 0.004 0.005 0.004 
 60  ZFBP125    (0)   :  0.045 0.003 0.912 0.016 0.006 0.003 0.004 0.002 0.009 
 61  ZFBP126    (0)   :  0.228 0.021 0.667 0.007 0.030 0.003 0.027 0.014 0.003 
 62  ZFBP127    (0)   :  0.208 0.005 0.661 0.005 0.019 0.003 0.003 0.003 0.093 
 63  ZFBP128    (0)   :  0.031 0.002 0.898 0.026 0.015 0.002 0.004 0.004 0.017 
 64  ZFBP129    (0)   :  0.008 0.005 0.852 0.108 0.008 0.002 0.005 0.005 0.007 
 65  ZFBP130    (0)   :  0.049 0.003 0.839 0.062 0.022 0.004 0.008 0.002 0.012 
 66  ZFBP131    (0)   :  0.007 0.003 0.966 0.004 0.003 0.004 0.005 0.004 0.003 
 67  ZFBP132    (0)   :  0.014 0.003 0.952 0.003 0.004 0.003 0.003 0.003 0.014 
 68  ZFBP133    (0)   :  0.008 0.002 0.895 0.075 0.006 0.002 0.005 0.003 0.003 
 69  ZFBP134    (0)   :  0.908 0.003 0.047 0.010 0.011 0.003 0.009 0.004 0.005 
 70  ZFBP135    (0)   :  0.267 0.009 0.419 0.013 0.256 0.002 0.008 0.013 0.013 
 71  ZFBP136    (0)   :  0.241 0.005 0.538 0.049 0.123 0.012 0.008 0.005 0.019 
 72  ZFBP201    (0)   :  0.018 0.006 0.936 0.005 0.005 0.008 0.008 0.005 0.011 
 73  ZFBP202    (0)   :  0.041 0.004 0.919 0.009 0.005 0.003 0.005 0.005 0.009 
 74  ZFBP203    (0)   :  0.018 0.021 0.844 0.016 0.005 0.060 0.024 0.008 0.005 
 75  ZFBP204    (0)   :  0.222 0.006 0.697 0.021 0.018 0.006 0.009 0.004 0.018 
 76  ZFBP205    (0)   :  0.008 0.004 0.956 0.009 0.008 0.005 0.005 0.003 0.003 
 77  ZFBP206    (0)   :  0.008 0.005 0.921 0.028 0.012 0.007 0.009 0.005 0.005 
 78  ZFBP207    (0)   :  0.333 0.004 0.557 0.007 0.012 0.004 0.004 0.004 0.074 
 79  ZFBP208    (0)   :  0.011 0.006 0.936 0.008 0.006 0.013 0.012 0.004 0.004 
 80  ZFBP209    (0)   :  0.007 0.003 0.912 0.059 0.007 0.002 0.005 0.003 0.003 
 81  ZFBP210    (0)   :  0.017 0.005 0.927 0.010 0.005 0.009 0.011 0.005 0.011 
 82  ZFBP211    (0)   :  0.012 0.004 0.953 0.005 0.005 0.003 0.005 0.005 0.009 
 83  ZFBP212    (0)   :  0.255 0.003 0.683 0.005 0.003 0.004 0.003 0.005 0.040 
 84  ZFBP213    (0)   :  0.011 0.005 0.931 0.009 0.013 0.005 0.009 0.007 0.010 
 85  ZFBP214    (0)   :  0.031 0.008 0.753 0.074 0.048 0.004 0.034 0.009 0.038 
 86  ZFBP215    (0)   :  0.011 0.003 0.959 0.007 0.005 0.003 0.004 0.003 0.005 
 87  ZFBP216    (0)   :  0.171 0.009 0.766 0.006 0.005 0.008 0.025 0.005 0.005 
 88  ZFBP217    (0)   :  0.110 0.006 0.628 0.178 0.007 0.005 0.020 0.006 0.042 
 89  ZFBP218    (0)   :  0.017 0.003 0.952 0.011 0.003 0.003 0.005 0.003 0.003 
 90  ZFBP219    (0)   :  0.014 0.004 0.958 0.005 0.003 0.004 0.006 0.003 0.003 
 91  ZFBP220    (0)   :  0.305 0.004 0.615 0.034 0.015 0.004 0.007 0.003 0.013 
 92  ZFBP221    (0)   :  0.530 0.003 0.437 0.008 0.003 0.003 0.005 0.003 0.007 
 93  ZFBP222    (0)   :  0.007 0.004 0.956 0.007 0.008 0.005 0.007 0.004 0.003 
 94  ZFBP223    (0)   :  0.182 0.006 0.593 0.009 0.009 0.006 0.006 0.006 0.184 
 95  ZFBP224    (0)   :  0.011 0.005 0.953 0.005 0.006 0.005 0.007 0.004 0.005 
 96  ZFBP225    (0)   :  0.510 0.007 0.217 0.206 0.013 0.011 0.014 0.004 0.018 
 97  ZFBP226    (0)   :  0.039 0.004 0.930 0.005 0.004 0.005 0.005 0.003 0.005 
 98  ZFBP227    (0)   :  0.393 0.041 0.386 0.006 0.005 0.004 0.138 0.018 0.009 
 99  ZFBP228    (0)   :  0.566 0.004 0.337 0.008 0.014 0.003 0.004 0.004 0.060 
100  ZFBP229    (0)   :  0.083 0.003 0.876 0.015 0.006 0.003 0.006 0.003 0.004 
101  ZFBP230    (0)   :  0.408 0.004 0.513 0.031 0.019 0.004 0.009 0.003 0.009 
102  ZFBP231    (0)   :  0.012 0.005 0.953 0.004 0.005 0.004 0.005 0.005 0.006 
103  ZFBP232    (0)   :  0.008 0.003 0.965 0.007 0.004 0.003 0.003 0.003 0.004 
104  ZFBP233    (0)   :  0.028 0.005 0.919 0.017 0.006 0.004 0.010 0.006 0.006 
105   ZFCC01    (0)   :  0.003 0.003 0.004 0.005 0.964 0.004 0.004 0.008 0.004 
106   ZFCC03    (0)   :  0.004 0.004 0.004 0.005 0.964 0.003 0.004 0.004 0.009 
107   ZFCC04    (0)   :  0.004 0.004 0.004 0.007 0.965 0.003 0.005 0.004 0.005 
108   ZFCC05    (0)   :  0.005 0.005 0.005 0.006 0.950 0.004 0.006 0.007 0.012 
109   ZFCC08    (0)   :  0.007 0.003 0.010 0.013 0.951 0.002 0.006 0.004 0.005 
110   ZFCC09    (0)   :  0.004 0.003 0.004 0.004 0.966 0.003 0.003 0.006 0.008 
111   ZFCC10    (0)   :  0.003 0.004 0.006 0.004 0.964 0.003 0.003 0.009 0.005 
112   ZFCC11    (0)   :  0.004 0.004 0.005 0.005 0.961 0.003 0.004 0.005 0.009 
113   ZFCC12    (0)   :  0.007 0.015 0.005 0.005 0.918 0.004 0.006 0.034 0.006 
114   ZFCC13    (0)   :  0.011 0.006 0.009 0.007 0.934 0.010 0.011 0.004 0.009 
115   ZFCC14    (0)   :  0.005 0.005 0.010 0.007 0.953 0.005 0.004 0.007 0.004 
116   ZFCC15    (0)   :  0.004 0.005 0.004 0.005 0.958 0.005 0.010 0.004 0.005 
117   ZFCC16    (0)   :  0.004 0.003 0.003 0.005 0.968 0.003 0.005 0.006 0.004 
118   ZFCC17    (0)   :  0.003 0.004 0.003 0.003 0.967 0.005 0.003 0.006 0.006 
119   ZFCC18    (0)   :  0.004 0.003 0.004 0.006 0.961 0.004 0.004 0.005 0.008 
120   ZFCC19    (0)   :  0.003 0.006 0.003 0.003 0.961 0.007 0.009 0.005 0.003 
121   ZFCC20    (0)   :  0.006 0.004 0.003 0.006 0.961 0.002 0.007 0.004 0.008 
122   ZFCC21    (0)   :  0.013 0.007 0.031 0.030 0.858 0.007 0.043 0.008 0.003 
123   ZFCC22    (0)   :  0.053 0.004 0.161 0.038 0.719 0.005 0.007 0.006 0.007 
124   ZFCC26    (0)   :  0.004 0.004 0.003 0.004 0.968 0.003 0.004 0.006 0.005 
125   ZFCC27    (0)   :  0.004 0.003 0.003 0.003 0.969 0.003 0.003 0.003 0.007 
126   ZFCC29    (0)   :  0.005 0.005 0.004 0.005 0.959 0.003 0.008 0.007 0.004 
127   ZFCC30    (0)   :  0.004 0.003 0.003 0.005 0.966 0.003 0.004 0.003 0.009 
128   ZFCC32    (0)   :  0.006 0.006 0.004 0.005 0.950 0.006 0.011 0.006 0.006 
129   ZFCC33    (0)   :  0.004 0.007 0.004 0.003 0.961 0.004 0.005 0.006 0.007 
130   ZFCC34    (0)   :  0.025 0.006 0.041 0.015 0.841 0.008 0.006 0.021 0.036 
131   ZFCC35    (0)   :  0.004 0.003 0.004 0.004 0.971 0.004 0.004 0.003 0.004 
132   ZFCC36    (0)   :  0.009 0.006 0.008 0.010 0.926 0.015 0.017 0.005 0.004 
133   ZFCC37    (0)   :  0.008 0.019 0.006 0.004 0.914 0.004 0.008 0.029 0.007 
134   ZFCC40    (0)   :  0.003 0.004 0.006 0.004 0.962 0.009 0.003 0.006 0.003 
135   ZFCC42    (0)   :  0.008 0.088 0.004 0.007 0.525 0.209 0.007 0.116 0.036 
136   ZFCC44    (0)   :  0.003 0.003 0.003 0.003 0.967 0.005 0.003 0.003 0.011 
137   ZFCC45    (9)   :  0.004 0.013 0.005 0.003 0.933 0.015 0.007 0.011 0.008 
138   ZFCC46    (0)   :  0.013 0.003 0.009 0.022 0.931 0.004 0.006 0.003 0.010 
139   ZFCC47    (0)   :  0.005 0.005 0.005 0.007 0.942 0.003 0.005 0.022 0.005 
140   ZFCC48    (0)   :  0.009 0.004 0.024 0.029 0.911 0.003 0.011 0.006 0.003 
141   ZFCC50    (0)   :  0.003 0.004 0.003 0.004 0.972 0.003 0.004 0.005 0.003 
142   ZFCC51    (0)   :  0.004 0.003 0.003 0.004 0.965 0.003 0.003 0.004 0.012 
143   ZFCC52    (0)   :  0.008 0.003 0.009 0.010 0.951 0.005 0.005 0.004 0.005 
144   ZFCC53    (0)   :  0.003 0.003 0.003 0.003 0.971 0.003 0.003 0.004 0.007 
145  ZFCNS01    (0)   :  0.038 0.027 0.006 0.003 0.005 0.031 0.043 0.003 0.843 
146  ZFCNS02    (0)   :  0.005 0.003 0.003 0.004 0.004 0.002 0.003 0.002 0.974 
147  ZFCNS05    (0)   :  0.007 0.003 0.007 0.005 0.006 0.002 0.005 0.004 0.961 
148  ZFCNS06    (0)   :  0.005 0.003 0.004 0.005 0.005 0.002 0.003 0.003 0.972 
149  ZFCNS07    (0)   :  0.006 0.003 0.006 0.008 0.004 0.002 0.003 0.003 0.966 
150  ZFCNS10    (0)   :  0.015 0.003 0.008 0.005 0.004 0.005 0.003 0.002 0.955 
151  ZFCNS11    (0)   :  0.014 0.012 0.006 0.004 0.006 0.013 0.019 0.004 0.923 
152  ZFCNS15    (0)   :  0.044 0.003 0.015 0.007 0.004 0.002 0.004 0.003 0.917 
153  ZFCNS17    (0)   :  0.005 0.003 0.004 0.004 0.005 0.002 0.003 0.002 0.972 
154  ZFCNS18    (0)   :  0.015 0.003 0.007 0.004 0.005 0.004 0.003 0.003 0.957 
155  ZFCNS19    (0)   :  0.004 0.003 0.003 0.004 0.004 0.002 0.003 0.003 0.975 
156  ZFCNS20    (0)   :  0.013 0.003 0.012 0.014 0.005 0.003 0.004 0.003 0.943 
157  ZFCNS21    (0)   :  0.005 0.003 0.003 0.002 0.004 0.002 0.003 0.002 0.976 
158  ZFCNS22    (0)   :  0.010 0.004 0.010 0.005 0.006 0.002 0.005 0.004 0.954 
159  ZFCNS23    (0)   :  0.008 0.009 0.007 0.016 0.021 0.016 0.011 0.007 0.906 
160  ZFCNS24    (0)   :  0.008 0.003 0.005 0.006 0.009 0.002 0.004 0.003 0.960 
161  ZFCNS25    (0)   :  0.012 0.003 0.009 0.009 0.007 0.002 0.004 0.003 0.951 
162  ZFCNS26    (0)   :  0.007 0.003 0.004 0.004 0.003 0.002 0.003 0.003 0.972 
163  ZFCNS27    (0)   :  0.054 0.004 0.019 0.009 0.003 0.003 0.004 0.003 0.902 
164  ZFCNS28    (0)   :  0.005 0.003 0.004 0.004 0.004 0.002 0.003 0.003 0.973 
165  ZFCNS29    (0)   :  0.008 0.004 0.008 0.004 0.008 0.002 0.004 0.004 0.958 
166  ZFCNS30    (0)   :  0.008 0.004 0.005 0.003 0.006 0.002 0.004 0.004 0.964 
167  ZFCNS31    (0)   :  0.005 0.003 0.003 0.003 0.003 0.002 0.003 0.003 0.974 
168  ZFCNS32    (0)   :  0.011 0.003 0.006 0.006 0.004 0.002 0.005 0.003 0.959 
169  ZFCNS33    (0)   :  0.005 0.002 0.003 0.004 0.003 0.002 0.003 0.003 0.975 
170  ZFCNS34    (0)   :  0.006 0.003 0.005 0.004 0.009 0.002 0.005 0.004 0.962 
171  ZFCNS35    (0)   :  0.035 0.004 0.018 0.004 0.008 0.002 0.005 0.020 0.904 
172  ZFCNS36    (0)   :  0.007 0.003 0.006 0.008 0.010 0.002 0.004 0.003 0.957 
173  ZFCNS37    (0)   :  0.107 0.008 0.005 0.007 0.005 0.002 0.004 0.003 0.858 
174  ZFCNS39    (0)   :  0.025 0.005 0.007 0.022 0.015 0.005 0.012 0.002 0.906 
175  ZFCNS40    (0)   :  0.117 0.005 0.010 0.122 0.033 0.003 0.010 0.003 0.699 
176  ZFCNS41    (0)   :  0.637 0.009 0.021 0.006 0.017 0.005 0.012 0.006 0.289 
177  ZFCNS42    (0)   :  0.006 0.003 0.004 0.003 0.003 0.002 0.003 0.002 0.973 
178  ZFCNS43    (0)   :  0.004 0.003 0.003 0.003 0.004 0.002 0.003 0.003 0.976 
179  ZFCNS44    (0)   :  0.014 0.003 0.007 0.003 0.004 0.005 0.003 0.003 0.959 
180  ZFCNS46    (0)   :  0.009 0.004 0.006 0.004 0.006 0.003 0.004 0.003 0.962 
181  ZFCNS47    (0)   :  0.005 0.003 0.003 0.003 0.004 0.002 0.003 0.003 0.975 
182  ZFCNS48    (0)   :  0.035 0.004 0.012 0.006 0.006 0.004 0.004 0.004 0.925 
183  ZFCNS49    (0)   :  0.061 0.003 0.011 0.004 0.003 0.004 0.003 0.003 0.908 
184   ZFCR01    (0)   :  0.007 0.725 0.034 0.022 0.017 0.006 0.007 0.181 0.002 
185   ZFCR02    (0)   :  0.011 0.611 0.030 0.026 0.035 0.012 0.091 0.179 0.006 
186   ZFCR03    (0)   :  0.016 0.062 0.053 0.032 0.046 0.045 0.170 0.573 0.003 
187   ZFCR04    (0)   :  0.051 0.122 0.025 0.038 0.019 0.029 0.030 0.676 0.010 
188   ZFCR05    (0)   :  0.006 0.480 0.007 0.008 0.051 0.018 0.263 0.163 0.003 
189   ZFCR06    (0)   :  0.091 0.544 0.086 0.041 0.025 0.004 0.047 0.091 0.072 
190   ZFCR07    (0)   :  0.030 0.409 0.010 0.003 0.016 0.007 0.411 0.056 0.058 
191   ZFCR08    (0)   :  0.015 0.739 0.020 0.023 0.104 0.028 0.007 0.060 0.004 
192   ZFCR09    (0)   :  0.072 0.104 0.079 0.037 0.058 0.107 0.034 0.497 0.013 
193   ZFCR11    (0)   :  0.096 0.381 0.032 0.003 0.013 0.008 0.189 0.268 0.010 
194   ZFCR12    (0)   :  0.085 0.354 0.018 0.026 0.015 0.005 0.363 0.013 0.121 
195   ZFCR13    (0)   :  0.012 0.477 0.109 0.005 0.007 0.003 0.367 0.011 0.008 
196   ZFCR14    (0)   :  0.010 0.437 0.010 0.027 0.017 0.010 0.418 0.066 0.006 
197   ZFCR15    (0)   :  0.020 0.506 0.030 0.098 0.021 0.014 0.108 0.197 0.005 
198   ZFCR16    (0)   :  0.013 0.642 0.032 0.060 0.010 0.004 0.082 0.154 0.003 
199   ZFCR18    (0)   :  0.013 0.111 0.025 0.017 0.060 0.005 0.017 0.736 0.016 
200   ZFCR19    (0)   :  0.013 0.026 0.017 0.352 0.012 0.005 0.028 0.544 0.004 
201   ZFCR20    (0)   :  0.021 0.050 0.079 0.014 0.013 0.005 0.080 0.735 0.004 
202   ZFCR21    (0)   :  0.016 0.445 0.013 0.017 0.027 0.004 0.453 0.023 0.003 
203   ZFCR22    (0)   :  0.007 0.297 0.010 0.018 0.005 0.003 0.644 0.013 0.003 
204   ZFCR23    (0)   :  0.084 0.379 0.146 0.007 0.004 0.051 0.297 0.028 0.004 
205   ZFCR24    (9)   :  0.010 0.117 0.517 0.008 0.009 0.007 0.204 0.124 0.004 
206   ZFCR25    (0)   :  0.005 0.520 0.004 0.004 0.010 0.003 0.414 0.037 0.003 
207   ZFCR26    (0)   :  0.020 0.045 0.024 0.030 0.027 0.006 0.727 0.114 0.006 
208   ZFCR27    (9)   :  0.003 0.904 0.004 0.003 0.005 0.003 0.032 0.042 0.003 
209   ZFCR28    (0)   :  0.022 0.610 0.176 0.130 0.011 0.007 0.012 0.008 0.025 
210   ZFCR29    (0)   :  0.008 0.106 0.012 0.006 0.009 0.005 0.725 0.128 0.002 
211   ZFCR30    (0)   :  0.008 0.291 0.005 0.007 0.006 0.008 0.651 0.020 0.005 
212   ZFCR31    (0)   :  0.109 0.076 0.120 0.042 0.024 0.018 0.076 0.490 0.045 
213   ZFCR33    (0)   :  0.012 0.896 0.009 0.009 0.024 0.009 0.019 0.014 0.007 
214   ZFCR34    (0)   :  0.058 0.243 0.038 0.016 0.022 0.036 0.501 0.074 0.013 
215   ZFCR35    (0)   :  0.016 0.116 0.011 0.010 0.032 0.008 0.029 0.769 0.010 
216   ZFCR36    (0)   :  0.010 0.253 0.009 0.005 0.010 0.045 0.416 0.235 0.016 
217   ZFCR37    (0)   :  0.004 0.174 0.004 0.004 0.078 0.022 0.637 0.074 0.004 
218   ZFCR38    (0)   :  0.008 0.879 0.008 0.011 0.033 0.007 0.021 0.027 0.007 
219   ZFCR39    (0)   :  0.018 0.588 0.049 0.030 0.116 0.159 0.011 0.025 0.003 
220   ZFCR40    (0)   :  0.016 0.801 0.012 0.006 0.029 0.037 0.070 0.026 0.004 
221   ZFCR41    (0)   :  0.076 0.423 0.009 0.021 0.069 0.004 0.373 0.013 0.014 
222   ZFCR42    (0)   :  0.038 0.455 0.035 0.031 0.060 0.033 0.316 0.018 0.014 
223   ZFCR43    (0)   :  0.011 0.524 0.129 0.007 0.006 0.006 0.250 0.062 0.005 
224  ZFENP25    (0)   :  0.005 0.918 0.011 0.011 0.019 0.005 0.006 0.023 0.003 
225  ZFENP26    (0)   :  0.004 0.966 0.002 0.003 0.004 0.007 0.004 0.006 0.003 
226  ZFENP27    (0)   :  0.029 0.411 0.018 0.012 0.293 0.017 0.007 0.160 0.053 
227  ZFENP28    (0)   :  0.005 0.931 0.004 0.005 0.009 0.009 0.012 0.017 0.009 
228  ZFENP29    (0)   :  0.004 0.958 0.004 0.003 0.008 0.006 0.008 0.004 0.005 
229  ZFENP30    (0)   :  0.005 0.892 0.006 0.007 0.048 0.011 0.012 0.009 0.010 
230  ZFENP31    (0)   :  0.006 0.643 0.009 0.006 0.053 0.181 0.021 0.073 0.008 
231  ZFENP32    (0)   :  0.023 0.375 0.020 0.007 0.028 0.122 0.017 0.377 0.030 
232  ZFENP33    (0)   :  0.007 0.898 0.006 0.004 0.007 0.007 0.034 0.032 0.005 
233  ZFENP34    (0)   :  0.007 0.650 0.007 0.004 0.028 0.007 0.010 0.278 0.010 
234  ZFENP35    (0)   :  0.018 0.844 0.009 0.005 0.005 0.081 0.010 0.011 0.017 
235  ZFENP36    (0)   :  0.004 0.943 0.003 0.002 0.004 0.013 0.010 0.011 0.011 
236  ZFENP37    (0)   :  0.011 0.796 0.009 0.004 0.011 0.030 0.044 0.079 0.014 
237  ZFENP38    (0)   :  0.010 0.478 0.006 0.005 0.024 0.027 0.413 0.019 0.019 
238  ZFENP39    (0)   :  0.005 0.938 0.004 0.003 0.010 0.009 0.012 0.016 0.004 
239  ZFENP40    (0)   :  0.006 0.912 0.008 0.004 0.009 0.026 0.007 0.022 0.006 
240  ZFENP41    (0)   :  0.007 0.886 0.006 0.006 0.046 0.022 0.006 0.012 0.009 
241  ZFENP42    (0)   :  0.005 0.711 0.003 0.004 0.007 0.220 0.043 0.004 0.003 
242  ZFENP43    (0)   :  0.034 0.734 0.007 0.006 0.035 0.015 0.082 0.025 0.062 
243  ZFENP44    (0)   :  0.020 0.765 0.009 0.003 0.023 0.111 0.045 0.010 0.014 
244  ZFENP45    (0)   :  0.019 0.368 0.030 0.333 0.022 0.158 0.046 0.012 0.012 
245  ZFENP46    (0)   :  0.021 0.842 0.013 0.005 0.004 0.019 0.073 0.016 0.007 
246  ZFENP47    (0)   :  0.006 0.529 0.013 0.094 0.124 0.146 0.008 0.077 0.004 
247  ZFENP48    (0)   :  0.013 0.311 0.031 0.020 0.091 0.012 0.026 0.479 0.016 
248  ZFENP49    (0)   :  0.012 0.833 0.021 0.019 0.032 0.004 0.017 0.055 0.007 
249  ZFENP50    (0)   :  0.017 0.815 0.028 0.007 0.005 0.040 0.076 0.008 0.004 
250  ZFENP51    (0)   :  0.004 0.824 0.003 0.033 0.008 0.040 0.013 0.071 0.004 
251  ZFENP52    (0)   :  0.016 0.924 0.005 0.005 0.012 0.010 0.012 0.004 0.013 
252  ZFENP53    (0)   :  0.022 0.855 0.030 0.026 0.008 0.016 0.025 0.008 0.010 
253  ZFENP54    (0)   :  0.015 0.857 0.040 0.010 0.022 0.007 0.026 0.019 0.005 
254  ZFENP55    (0)   :  0.004 0.250 0.005 0.004 0.004 0.011 0.633 0.084 0.004 
255  ZFENP56    (0)   :  0.008 0.847 0.004 0.006 0.008 0.007 0.095 0.016 0.010 
256  ZFENP57    (0)   :  0.006 0.875 0.004 0.002 0.005 0.063 0.016 0.017 0.012 
257  ZFENP58    (0)   :  0.015 0.683 0.010 0.130 0.076 0.006 0.048 0.017 0.015 
258  ZFENP59    (0)   :  0.004 0.884 0.005 0.004 0.050 0.027 0.009 0.012 0.005 
259  ZFENP60    (0)   :  0.008 0.889 0.011 0.013 0.010 0.014 0.013 0.035 0.007 
260  ZFENP61    (0)   :  0.004 0.944 0.003 0.003 0.010 0.007 0.009 0.017 0.004 
261 ZFFDSP01    (0)   :  0.134 0.003 0.806 0.020 0.004 0.003 0.007 0.006 0.017 
262 ZFFDSP02    (0)   :  0.016 0.003 0.957 0.005 0.005 0.002 0.004 0.003 0.004 
263 ZFFDSP04    (0)   :  0.018 0.002 0.948 0.011 0.004 0.002 0.006 0.004 0.003 
264 ZFFDSP05    (0)   :  0.444 0.003 0.516 0.011 0.004 0.003 0.008 0.004 0.006 
265 ZFFDSP06    (0)   :  0.020 0.002 0.947 0.011 0.006 0.002 0.005 0.003 0.003 
266 ZFFDSP07    (0)   :  0.007 0.004 0.935 0.021 0.013 0.005 0.007 0.003 0.004 
267 ZFFDSP08    (0)   :  0.046 0.005 0.830 0.076 0.013 0.004 0.010 0.003 0.013 
268 ZFFDSP10    (0)   :  0.042 0.004 0.917 0.013 0.005 0.003 0.007 0.004 0.006 
269 ZFFDSP11    (0)   :  0.058 0.003 0.907 0.009 0.004 0.004 0.007 0.004 0.003 
270 ZFFDSP12    (0)   :  0.016 0.003 0.956 0.008 0.004 0.003 0.003 0.003 0.005 
271 ZFFDSP13    (0)   :  0.924 0.005 0.033 0.005 0.008 0.004 0.007 0.004 0.012 
272 ZFFDSP14    (0)   :  0.006 0.003 0.953 0.015 0.006 0.003 0.006 0.004 0.004 
273 ZFFDSP16    (0)   :  0.022 0.007 0.928 0.004 0.006 0.004 0.008 0.007 0.014 
274 ZFFDSP17    (0)   :  0.022 0.004 0.943 0.009 0.006 0.003 0.007 0.004 0.004 
275 ZFFDSP18    (0)   :  0.010 0.003 0.952 0.014 0.006 0.002 0.004 0.005 0.004 
276 ZFFDSP19    (0)   :  0.044 0.003 0.753 0.019 0.020 0.002 0.004 0.005 0.149 
277 ZFFDSP21    (0)   :  0.360 0.003 0.529 0.012 0.017 0.002 0.004 0.004 0.069 
278 ZFFDSP22    (0)   :  0.016 0.003 0.892 0.070 0.005 0.002 0.006 0.003 0.004 
279 ZFFDSP23    (0)   :  0.155 0.003 0.660 0.156 0.005 0.002 0.005 0.003 0.010 
280 ZFFDSP24    (0)   :  0.389 0.003 0.568 0.008 0.006 0.003 0.006 0.005 0.013 
281 ZFFDSP26    (9)   :  0.224 0.003 0.736 0.014 0.005 0.003 0.006 0.003 0.006 
282 ZFFDSP27    (0)   :  0.043 0.003 0.925 0.007 0.004 0.002 0.004 0.004 0.008 
283 ZFFDSP28    (0)   :  0.064 0.012 0.811 0.010 0.014 0.010 0.020 0.053 0.005 
284 ZFFDSP30    (0)   :  0.591 0.005 0.321 0.008 0.008 0.008 0.009 0.013 0.037 
285 ZFFDSP31    (0)   :  0.019 0.004 0.947 0.006 0.005 0.002 0.005 0.004 0.008 
286 ZFFDSP32    (0)   :  0.016 0.003 0.956 0.006 0.004 0.003 0.004 0.003 0.005 
287 ZFFDSP33    (0)   :  0.028 0.003 0.946 0.006 0.003 0.003 0.003 0.003 0.005 
288 ZFFDSP34    (0)   :  0.016 0.003 0.948 0.010 0.007 0.002 0.005 0.003 0.005 
289 ZFFDSP35    (0)   :  0.365 0.003 0.603 0.008 0.005 0.002 0.005 0.004 0.005 
290 ZFFDSP37    (0)   :  0.024 0.003 0.950 0.004 0.004 0.003 0.004 0.004 0.006 
291 ZFFDSP38    (0)   :  0.014 0.003 0.956 0.005 0.004 0.003 0.004 0.004 0.007 
292 ZFFDSP39    (0)   :  0.733 0.003 0.237 0.008 0.003 0.002 0.003 0.003 0.007 
293 ZFFDSP40    (0)   :  0.534 0.003 0.435 0.005 0.003 0.003 0.004 0.004 0.009 
294 ZFFDSP42    (0)   :  0.110 0.003 0.787 0.074 0.005 0.002 0.005 0.003 0.010 
295 ZFFDSP43    (0)   :  0.051 0.003 0.912 0.010 0.004 0.002 0.004 0.003 0.011 
296 ZFFDSP44    (0)   :  0.192 0.003 0.772 0.006 0.004 0.003 0.005 0.005 0.011 
297 ZFFDSP45    (0)   :  0.034 0.003 0.934 0.005 0.005 0.002 0.005 0.004 0.008 
298 ZFFDSP46    (0)   :  0.063 0.003 0.897 0.010 0.005 0.002 0.005 0.004 0.010 
299 ZFFDSP47    (0)   :  0.749 0.003 0.212 0.011 0.004 0.003 0.005 0.003 0.011 
300 ZFFDSP48    (0)   :  0.656 0.003 0.306 0.006 0.004 0.003 0.004 0.004 0.014 
301    ZFI01    (0)   :  0.005 0.007 0.004 0.003 0.007 0.005 0.006 0.953 0.010 
302    ZFI02    (0)   :  0.006 0.005 0.005 0.004 0.004 0.004 0.006 0.956 0.010 
303    ZFI03    (0)   :  0.005 0.005 0.004 0.003 0.005 0.003 0.006 0.961 0.010 
304    ZFI04    (0)   :  0.004 0.006 0.004 0.003 0.005 0.005 0.006 0.961 0.006 
305    ZFI05    (0)   :  0.008 0.010 0.005 0.003 0.005 0.004 0.005 0.921 0.040 
306    ZFI06    (0)   :  0.025 0.009 0.009 0.003 0.003 0.004 0.005 0.859 0.081 
307    ZFI07    (0)   :  0.004 0.005 0.004 0.003 0.005 0.003 0.006 0.965 0.005 
308    ZFI08    (0)   :  0.003 0.009 0.003 0.003 0.005 0.003 0.008 0.961 0.004 
309    ZFI09    (0)   :  0.005 0.008 0.004 0.003 0.004 0.003 0.005 0.961 0.008 
310    ZFI10    (0)   :  0.009 0.007 0.005 0.004 0.004 0.007 0.006 0.851 0.106 
311    ZFI11    (0)   :  0.004 0.005 0.003 0.002 0.004 0.004 0.005 0.963 0.009 
312    ZFI12    (0)   :  0.006 0.005 0.004 0.003 0.006 0.003 0.010 0.945 0.018 
313    ZFI13    (0)   :  0.005 0.007 0.004 0.002 0.005 0.005 0.005 0.958 0.009 
314    ZFI14    (0)   :  0.013 0.005 0.013 0.003 0.006 0.005 0.004 0.941 0.010 
315    ZFI15    (0)   :  0.004 0.007 0.004 0.002 0.004 0.003 0.004 0.964 0.007 
316    ZFI16    (0)   :  0.004 0.005 0.003 0.002 0.004 0.003 0.005 0.966 0.008 
317    ZFI17    (0)   :  0.005 0.008 0.003 0.002 0.004 0.005 0.006 0.953 0.013 
318    ZFI18    (0)   :  0.004 0.007 0.003 0.002 0.003 0.006 0.004 0.962 0.009 
319    ZFI19    (9)   :  0.004 0.005 0.003 0.002 0.004 0.003 0.007 0.965 0.006 
320    ZFI20    (0)   :  0.007 0.004 0.006 0.003 0.004 0.005 0.006 0.959 0.006 
321    ZFI21    (0)   :  0.038 0.004 0.019 0.003 0.004 0.005 0.007 0.902 0.017 
322    ZFI22    (0)   :  0.004 0.004 0.005 0.004 0.006 0.003 0.005 0.965 0.004 
323    ZFI23    (0)   :  0.005 0.005 0.004 0.002 0.005 0.003 0.005 0.960 0.011 
324    ZFI24    (0)   :  0.005 0.008 0.004 0.003 0.006 0.003 0.009 0.948 0.014 
325    ZFI25    (0)   :  0.005 0.009 0.006 0.004 0.006 0.003 0.006 0.957 0.006 
326    ZFI26    (0)   :  0.005 0.006 0.003 0.003 0.007 0.003 0.006 0.963 0.004 
327    ZFI27    (0)   :  0.009 0.008 0.005 0.003 0.006 0.003 0.009 0.894 0.063 
328    ZFK01    (0)   :  0.010 0.011 0.009 0.007 0.931 0.007 0.009 0.005 0.012 
329    ZFK02    (0)   :  0.010 0.013 0.008 0.008 0.924 0.004 0.011 0.009 0.012 
330    ZFK03    (0)   :  0.007 0.011 0.008 0.006 0.934 0.008 0.010 0.007 0.008 
331    ZFK04    (0)   :  0.006 0.018 0.006 0.005 0.915 0.009 0.009 0.025 0.006 
332    ZFK05    (0)   :  0.005 0.014 0.004 0.003 0.919 0.027 0.006 0.017 0.005 
333    ZFK06    (0)   :  0.005 0.034 0.007 0.004 0.906 0.005 0.012 0.021 0.007 
334    ZFK07    (0)   :  0.013 0.007 0.007 0.009 0.931 0.012 0.010 0.005 0.007 
335    ZFK08    (0)   :  0.007 0.038 0.008 0.005 0.856 0.011 0.041 0.027 0.005 
336    ZFK10    (0)   :  0.006 0.013 0.007 0.005 0.922 0.006 0.011 0.024 0.007 
337    ZFK11    (0)   :  0.006 0.018 0.007 0.004 0.918 0.024 0.008 0.009 0.006 
338    ZFK12    (0)   :  0.012 0.009 0.013 0.011 0.905 0.007 0.033 0.005 0.006 
339    ZFK13    (0)   :  0.035 0.011 0.039 0.011 0.844 0.033 0.015 0.004 0.007 
340    ZFK14    (0)   :  0.014 0.005 0.012 0.010 0.925 0.014 0.007 0.004 0.008 
341    ZFK15    (0)   :  0.022 0.014 0.031 0.007 0.846 0.053 0.013 0.008 0.006 
342    ZFK16    (0)   :  0.019 0.009 0.015 0.010 0.904 0.017 0.013 0.004 0.010 
343   ZFLB01    (0)   :  0.021 0.007 0.020 0.008 0.005 0.914 0.008 0.010 0.007 
344   ZFLB02    (0)   :  0.004 0.024 0.003 0.003 0.002 0.942 0.005 0.012 0.004 
345   ZFLB03    (0)   :  0.006 0.014 0.004 0.004 0.005 0.927 0.006 0.005 0.030 
346   ZFLB04    (0)   :  0.030 0.007 0.017 0.009 0.010 0.667 0.006 0.015 0.239 
347   ZFLB05    (0)   :  0.016 0.008 0.011 0.005 0.004 0.918 0.008 0.014 0.016 
348   ZFLB06    (0)   :  0.011 0.012 0.013 0.009 0.014 0.921 0.008 0.007 0.006 
349   ZFLB07    (0)   :  0.029 0.111 0.016 0.011 0.013 0.606 0.132 0.016 0.066 
350   ZFLB08    (0)   :  0.007 0.019 0.004 0.003 0.004 0.926 0.008 0.020 0.008 
351   ZFLB09    (9)   :  0.005 0.007 0.005 0.004 0.007 0.956 0.006 0.008 0.004 
352   ZFLB10    (0)   :  0.004 0.006 0.004 0.002 0.004 0.965 0.004 0.006 0.006 
353   ZFLB11    (0)   :  0.005 0.005 0.004 0.005 0.008 0.960 0.005 0.004 0.004 
354   ZFLB12    (0)   :  0.003 0.006 0.003 0.003 0.005 0.968 0.004 0.005 0.004 
355   ZFLB13    (0)   :  0.029 0.056 0.016 0.004 0.018 0.822 0.024 0.011 0.020 
356  ZFLTI01    (0)   :  0.916 0.004 0.020 0.011 0.025 0.002 0.008 0.004 0.010 
357  ZFLTI02    (0)   :  0.863 0.004 0.014 0.012 0.062 0.002 0.006 0.004 0.034 
358  ZFLTI03    (0)   :  0.946 0.003 0.009 0.010 0.008 0.002 0.006 0.003 0.012 
359  ZFLTI04    (0)   :  0.933 0.005 0.012 0.005 0.010 0.003 0.008 0.005 0.019 
360  ZFLTI05    (0)   :  0.947 0.003 0.008 0.005 0.007 0.002 0.004 0.003 0.020 
361  ZFLTI06    (0)   :  0.954 0.003 0.011 0.008 0.007 0.002 0.004 0.004 0.006 
362  ZFLTI07    (0)   :  0.957 0.003 0.010 0.004 0.006 0.002 0.006 0.004 0.008 
363  ZFLTI08    (0)   :  0.936 0.004 0.008 0.005 0.006 0.002 0.007 0.006 0.025 
364  ZFLTI09    (0)   :  0.948 0.003 0.016 0.005 0.006 0.002 0.005 0.005 0.009 
365  ZFLTI10    (0)   :  0.950 0.003 0.018 0.004 0.009 0.002 0.004 0.004 0.005 
366  ZFLTI11    (0)   :  0.939 0.003 0.014 0.016 0.007 0.002 0.005 0.004 0.009 
367  ZFLTI12    (0)   :  0.931 0.004 0.014 0.013 0.017 0.002 0.005 0.004 0.011 
368  ZFLTI13    (0)   :  0.882 0.004 0.007 0.014 0.023 0.003 0.008 0.004 0.055 
369  ZFLTI14    (0)   :  0.613 0.005 0.062 0.005 0.095 0.002 0.006 0.007 0.206 
370 ZFONF101    (0)   :  0.007 0.003 0.971 0.006 0.002 0.003 0.003 0.003 0.003 
371 ZFONF102    (0)   :  0.006 0.009 0.928 0.026 0.003 0.015 0.005 0.006 0.003 
372 ZFONF103    (0)   :  0.116 0.005 0.775 0.016 0.012 0.003 0.007 0.004 0.061 
373 ZFONF104    (0)   :  0.018 0.002 0.938 0.028 0.004 0.002 0.003 0.002 0.003 
374 ZFONF105    (0)   :  0.027 0.004 0.828 0.115 0.006 0.003 0.004 0.003 0.011 
375 ZFONF106    (0)   :  0.005 0.002 0.970 0.007 0.003 0.002 0.002 0.003 0.004 
376 ZFONF107    (0)   :  0.050 0.039 0.775 0.010 0.015 0.071 0.006 0.018 0.017 
377 ZFONF108    (0)   :  0.040 0.009 0.875 0.010 0.018 0.012 0.004 0.005 0.027 
378 ZFONF109    (9)   :  0.032 0.005 0.881 0.036 0.018 0.008 0.004 0.005 0.012 
379 ZFONF110    (0)   :  0.013 0.002 0.952 0.015 0.005 0.002 0.003 0.002 0.005 
380 ZFONF111    (0)   :  0.073 0.022 0.813 0.020 0.009 0.018 0.024 0.015 0.007 
381 ZFONF112    (0)   :  0.012 0.003 0.804 0.151 0.006 0.002 0.003 0.005 0.013 
382 ZFONF113    (9)   :  0.019 0.004 0.939 0.010 0.006 0.005 0.007 0.003 0.008 
383 ZFONF115    (0)   :  0.009 0.004 0.948 0.013 0.005 0.002 0.004 0.004 0.010 
384 ZFONF116    (0)   :  0.009 0.004 0.940 0.019 0.006 0.003 0.004 0.005 0.011 
385 ZFONF117    (0)   :  0.596 0.006 0.297 0.042 0.010 0.003 0.005 0.004 0.036 
386 ZFONF118    (0)   :  0.028 0.004 0.919 0.014 0.010 0.002 0.006 0.005 0.012 
387 ZFONF119    (0)   :  0.008 0.003 0.940 0.022 0.010 0.006 0.005 0.003 0.004 
388 ZFONF120    (0)   :  0.016 0.004 0.891 0.043 0.024 0.006 0.010 0.003 0.004 
389 ZFONF121    (0)   :  0.014 0.004 0.871 0.088 0.005 0.004 0.005 0.004 0.006 
390 ZFONF122    (0)   :  0.256 0.006 0.678 0.007 0.019 0.003 0.009 0.006 0.017 
391 ZFONF123    (0)   :  0.008 0.012 0.867 0.029 0.005 0.066 0.005 0.006 0.004 
392 ZFONF124    (0)   :  0.018 0.004 0.917 0.031 0.009 0.009 0.003 0.003 0.006 
393 ZFONF125    (0)   :  0.057 0.023 0.607 0.188 0.030 0.072 0.011 0.007 0.006 
394 ZFONF126    (0)   :  0.019 0.004 0.931 0.009 0.012 0.002 0.009 0.004 0.010 
395 ZFONF201    (0)   :  0.060 0.020 0.099 0.614 0.035 0.044 0.011 0.114 0.004 
396 ZFONF202    (0)   :  0.012 0.003 0.057 0.905 0.009 0.002 0.006 0.003 0.003 
397 ZFONF203    (0)   :  0.006 0.004 0.009 0.955 0.008 0.002 0.009 0.003 0.003 
398 ZFONF204    (0)   :  0.008 0.009 0.006 0.924 0.027 0.010 0.006 0.007 0.004 
399 ZFONF206    (0)   :  0.005 0.019 0.006 0.925 0.009 0.017 0.006 0.010 0.003 
400 ZFONF207    (0)   :  0.006 0.004 0.006 0.964 0.004 0.003 0.005 0.003 0.004 
401 ZFONF208    (0)   :  0.040 0.005 0.063 0.859 0.010 0.005 0.008 0.004 0.006 
402 ZFONF209    (0)   :  0.011 0.007 0.008 0.911 0.028 0.008 0.007 0.011 0.009 
403 ZFONF210    (0)   :  0.009 0.002 0.009 0.960 0.004 0.003 0.003 0.003 0.007 
404 ZFONF211    (0)   :  0.022 0.009 0.035 0.864 0.012 0.023 0.016 0.005 0.015 
405 ZFONF212    (0)   :  0.011 0.003 0.011 0.958 0.003 0.003 0.003 0.003 0.006 
406 ZFONF214    (0)   :  0.011 0.005 0.043 0.905 0.008 0.007 0.015 0.003 0.003 
407 ZFONF215    (0)   :  0.006 0.002 0.016 0.959 0.004 0.002 0.003 0.002 0.004 
408 ZFONF216    (0)   :  0.005 0.003 0.004 0.970 0.004 0.003 0.004 0.002 0.005 
409 ZFONF217    (0)   :  0.008 0.002 0.055 0.915 0.005 0.004 0.004 0.003 0.004 
410 ZFONF218    (0)   :  0.007 0.007 0.005 0.957 0.004 0.008 0.005 0.004 0.004 
411 ZFONF219    (0)   :  0.004 0.002 0.005 0.977 0.003 0.002 0.002 0.002 0.003 
412 ZFONF220    (0)   :  0.005 0.003 0.030 0.941 0.005 0.003 0.005 0.003 0.004 
413 ZFONF222    (0)   :  0.004 0.005 0.003 0.963 0.004 0.008 0.005 0.003 0.004 
414 ZFONF223    (0)   :  0.004 0.006 0.008 0.956 0.004 0.007 0.006 0.005 0.003 
415 ZFONF224    (0)   :  0.004 0.003 0.004 0.975 0.003 0.002 0.003 0.002 0.004 
416 ZFONF225    (0)   :  0.005 0.002 0.008 0.971 0.003 0.002 0.003 0.002 0.004 
417 ZFONF226    (0)   :  0.007 0.003 0.008 0.959 0.007 0.002 0.007 0.003 0.004 
418 ZFONF227    (0)   :  0.004 0.002 0.004 0.977 0.003 0.002 0.003 0.002 0.003 
419 ZFONF228    (0)   :  0.011 0.004 0.011 0.944 0.005 0.003 0.005 0.005 0.013 
420 ZFONF230    (0)   :  0.010 0.002 0.013 0.959 0.005 0.002 0.003 0.002 0.003 
421 ZFONF231    (0)   :  0.008 0.004 0.009 0.948 0.006 0.005 0.012 0.003 0.005 
422 ZFONF232    (0)   :  0.005 0.002 0.007 0.972 0.002 0.002 0.003 0.002 0.003 
423 ZFONF233    (0)   :  0.005 0.003 0.005 0.972 0.004 0.002 0.003 0.002 0.004 
424 ZFONF234    (0)   :  0.022 0.025 0.014 0.901 0.010 0.004 0.008 0.005 0.011 
425 ZFONF235    (0)   :  0.004 0.002 0.004 0.977 0.003 0.002 0.003 0.002 0.004 
426 ZFONF236    (0)   :  0.016 0.024 0.015 0.849 0.023 0.014 0.004 0.021 0.034 
427 ZFONF238    (0)   :  0.007 0.004 0.008 0.961 0.006 0.002 0.006 0.003 0.003 
428 ZFONF239    (0)   :  0.003 0.005 0.004 0.960 0.010 0.004 0.004 0.006 0.004 
429 ZFONF240    (0)   :  0.006 0.002 0.005 0.972 0.005 0.002 0.003 0.002 0.003 
430 ZFONF241    (0)   :  0.011 0.007 0.017 0.924 0.005 0.004 0.005 0.008 0.019 
431 ZFONF242    (0)   :  0.006 0.002 0.009 0.966 0.005 0.002 0.003 0.002 0.003 
432 ZFONF243    (0)   :  0.009 0.003 0.006 0.958 0.004 0.003 0.005 0.003 0.009 
433 ZFONF244    (0)   :  0.005 0.002 0.009 0.968 0.005 0.003 0.003 0.002 0.003 
434 ZFONF245    (0)   :  0.010 0.003 0.005 0.967 0.004 0.002 0.003 0.002 0.004 
435   ZFOS01    (0)   :  0.041 0.005 0.018 0.008 0.908 0.003 0.007 0.004 0.007 
436   ZFOS02    (0)   :  0.034 0.011 0.040 0.009 0.860 0.005 0.009 0.022 0.010 
437   ZFOS03    (0)   :  0.014 0.007 0.010 0.004 0.888 0.055 0.009 0.010 0.003 
438   ZFOS04    (0)   :  0.107 0.007 0.084 0.006 0.762 0.004 0.005 0.013 0.011 
439   ZFOS05    (0)   :  0.040 0.006 0.034 0.011 0.876 0.003 0.008 0.008 0.015 
440   ZFOS06    (0)   :  0.015 0.006 0.012 0.013 0.910 0.006 0.013 0.005 0.019 
441   ZFOS07    (0)   :  0.006 0.004 0.007 0.004 0.953 0.003 0.004 0.014 0.004 
442   ZFOS08    (0)   :  0.018 0.005 0.019 0.006 0.917 0.003 0.004 0.018 0.010 
443   ZFOS09    (0)   :  0.138 0.018 0.069 0.011 0.699 0.021 0.015 0.023 0.005 
444   ZFOS10    (0)   :  0.005 0.016 0.003 0.002 0.926 0.011 0.004 0.022 0.009 
445   ZFOS11    (0)   :  0.124 0.074 0.014 0.009 0.676 0.004 0.019 0.013 0.067 
446   ZFOS12    (0)   :  0.030 0.094 0.024 0.007 0.632 0.018 0.133 0.037 0.025 
447   ZFOS13    (0)   :  0.020 0.007 0.014 0.004 0.914 0.003 0.017 0.012 0.008 
448   ZFOS14    (0)   :  0.065 0.025 0.011 0.006 0.680 0.009 0.050 0.115 0.038 
449   ZFOS15    (0)   :  0.004 0.005 0.003 0.003 0.967 0.003 0.004 0.005 0.007 
450   ZFOS16    (0)   :  0.042 0.010 0.038 0.009 0.856 0.007 0.005 0.012 0.020 
451   ZFOS17    (0)   :  0.005 0.006 0.004 0.005 0.955 0.005 0.007 0.007 0.006 
452   ZFOS18    (0)   :  0.007 0.010 0.005 0.003 0.945 0.006 0.005 0.007 0.012 
453   ZFOS19    (0)   :  0.005 0.005 0.003 0.004 0.963 0.004 0.009 0.003 0.004 
454   ZFOS20    (0)   :  0.006 0.006 0.007 0.008 0.949 0.006 0.004 0.007 0.008 
455   ZFOS21    (0)   :  0.024 0.004 0.018 0.004 0.923 0.004 0.004 0.007 0.010 
456   ZFOS22    (0)   :  0.009 0.005 0.006 0.005 0.949 0.005 0.010 0.003 0.007 
457   ZFOS23    (0)   :  0.003 0.040 0.002 0.002 0.733 0.012 0.018 0.182 0.008 
458   ZFOS24    (0)   :  0.007 0.005 0.004 0.003 0.961 0.003 0.004 0.003 0.011 
459   ZFOS25    (0)   :  0.372 0.014 0.016 0.015 0.474 0.005 0.020 0.013 0.071 
460   ZFOS26    (0)   :  0.454 0.016 0.083 0.007 0.391 0.005 0.008 0.013 0.024 
461   ZFOS27    (0)   :  0.019 0.005 0.029 0.009 0.903 0.009 0.004 0.006 0.017 
462   ZFOS28    (0)   :  0.016 0.010 0.009 0.003 0.919 0.009 0.007 0.017 0.010 
463   ZFOS29    (0)   :  0.009 0.006 0.010 0.009 0.932 0.011 0.004 0.009 0.011 
