

----------------------------------------------------
STRUCTURE by Pritchard, Stephens and Donnelly (2000)
     and Falush, Stephens and Pritchard (2003)
       Code by Pritchard, Falush and Hubisz
             Version 2.3.4 (Jul 2012)
----------------------------------------------------



Command line arguments:   bin\structure -m C:\Users\eschumacher\Documents\GitHub\GCC_QUAC_ZAIN\Data_Files\Structure_Files\QUAC\QUAC_wK_nopopinfo_garden_wild\QUAC_wK_nopopinfo_STR\50-50\mainparams -e C:\Users\eschumacher\Documents\GitHub\GCC_QUAC_ZAIN\Data_Files\Structure_Files\QUAC\QUAC_wK_nopopinfo_garden_wild\QUAC_wK_nopopinfo_STR\50-50\extraparams 
Input File:    C:\Users\eschumacher\Documents\GitHub\GCC_QUAC_ZAIN\Data_Files\Structure_Files\QUAC\QUAC_wK_nopopinfo_garden_wild\QUAC_wK_nopopinfo_STR\project_data

Run parameters:
   449 individuals
   15 loci
   5 populations assumed
   50000 Burn-in period
   50000 Reps


--------------------------------------------
Overall proportion of membership of the
sample in each of the 5 clusters

Inferred Clusters
  1      2      3      4      5    
0.177  0.277  0.158  0.192  0.196  

--------------------------------------------

Allele-freq. divergence among pops (Net nucleotide distance),
computed using point estimates of P.

      1       2       3       4       5      
 1      -    0.0390  0.0418  0.0872  0.0934  
 2   0.0390     -    0.0435  0.0906  0.0955  
 3   0.0418  0.0435     -    0.0993  0.0947  
 4   0.0872  0.0906  0.0993     -    0.1202  
 5   0.0934  0.0955  0.0947  0.1202     -    

Average distances (expected heterozygosity) between individuals in same cluster:
cluster  1  : 0.6648 
cluster  2  : 0.5745 
cluster  3  : 0.5724 
cluster  4  : 0.4545 
cluster  5  : 0.4993 

--------------------------------------------
Estimated Ln Prob of Data   = -16723.3
Mean value of ln likelihood = -16430.0
Variance of ln likelihood   = 586.6
Mean value of alpha         = 0.0386

Mean value of Fst_1         = 0.0315
Mean value of Fst_2         = 0.1412
Mean value of Fst_3         = 0.1131
Mean value of Fst_4         = 0.3594
Mean value of Fst_5         = 0.2697


Inferred ancestry of individuals:
        Label (%Miss) :  Inferred clusters
  1 QAc-G-0029    (0)   :  0.005 0.013 0.005 0.012 0.965 
  2 QAc-G-0030    (0)   :  0.003 0.003 0.003 0.004 0.987 
  3 QAc-G-0031    (0)   :  0.003 0.003 0.004 0.006 0.985 
  4 QAc-G-0061    (0)   :  0.003 0.006 0.005 0.004 0.982 
  5 QAc-G-0062    (0)   :  0.040 0.038 0.503 0.412 0.008 
  6 QAc-G-0063    (0)   :  0.027 0.150 0.020 0.796 0.007 
  7 QAc-G-0064    (0)   :  0.005 0.975 0.011 0.006 0.004 
  8 QAc-G-0065    (0)   :  0.029 0.947 0.004 0.004 0.016 
  9 QAc-G-0066    (0)   :  0.003 0.004 0.004 0.984 0.005 
 10 QAc-G-0067    (0)   :  0.069 0.869 0.008 0.006 0.048 
 11 QAc-G-0068    (0)   :  0.361 0.005 0.024 0.605 0.005 
 12 QAc-G-0070    (0)   :  0.012 0.022 0.242 0.717 0.007 
 13 QAc-G-0071   (13)   :  0.004 0.004 0.003 0.983 0.006 
 14 QAc-G-0072    (0)   :  0.003 0.005 0.006 0.981 0.005 
 15 QAc-G-0073    (0)   :  0.005 0.977 0.007 0.004 0.007 
 16 QAc-G-0074    (0)   :  0.020 0.601 0.049 0.324 0.005 
 17 QAc-G-0075    (0)   :  0.012 0.961 0.008 0.011 0.008 
 18 QAc-G-0076    (0)   :  0.006 0.966 0.011 0.008 0.009 
 19 QAc-G-0077    (0)   :  0.004 0.009 0.003 0.009 0.975 
 20 QAc-G-0078    (0)   :  0.003 0.003 0.003 0.004 0.987 
 21 QAc-G-0079    (0)   :  0.004 0.004 0.004 0.005 0.983 
 22 QAc-G-0080    (0)   :  0.147 0.156 0.007 0.013 0.677 
 23 QAc-G-0081    (0)   :  0.049 0.024 0.912 0.009 0.007 
 24 QAc-G-0082    (0)   :  0.852 0.025 0.114 0.003 0.006 
 25 QAc-G-0083    (0)   :  0.029 0.341 0.078 0.499 0.053 
 26 QAc-G-0001   (13)   :  0.004 0.003 0.003 0.006 0.984 
 27 QAc-G-0002    (0)   :  0.003 0.003 0.003 0.003 0.988 
 28 QAc-G-0285    (0)   :  0.031 0.015 0.030 0.912 0.012 
 29 QAc-G-0286    (0)   :  0.003 0.003 0.003 0.987 0.004 
 30 QAc-G-0287    (0)   :  0.003 0.003 0.003 0.987 0.003 
 31 QAc-G-0288    (6)   :  0.005 0.011 0.020 0.942 0.022 
 32 QAc-G-0289    (0)   :  0.003 0.004 0.004 0.985 0.004 
 33 QAc-G-0290    (0)   :  0.003 0.005 0.005 0.983 0.004 
 34 QAc-G-0291    (0)   :  0.003 0.003 0.003 0.985 0.006 
 35 QAc-G-0292    (0)   :  0.025 0.006 0.248 0.718 0.004 
 36 QAc-G-0293    (0)   :  0.003 0.003 0.003 0.983 0.008 
 37 QAc-G-0294    (0)   :  0.018 0.958 0.009 0.004 0.011 
 38 QAc-G-0295    (0)   :  0.006 0.962 0.005 0.014 0.013 
 39 QAc-G-0296    (0)   :  0.004 0.979 0.005 0.007 0.004 
 40 QAc-G-0297    (0)   :  0.759 0.220 0.013 0.004 0.005 
 41 QAc-G-0298    (6)   :  0.005 0.979 0.004 0.005 0.007 
 42 QAc-G-0299    (0)   :  0.011 0.971 0.005 0.008 0.006 
 43 QAc-G-0300    (0)   :  0.006 0.976 0.010 0.004 0.004 
 44 QAc-G-0301    (0)   :  0.005 0.974 0.005 0.011 0.006 
 45 QAc-G-0302    (0)   :  0.977 0.007 0.006 0.005 0.004 
 46 QAc-G-0303    (0)   :  0.967 0.007 0.016 0.006 0.004 
 47 QAc-G-0304    (0)   :  0.003 0.004 0.003 0.986 0.004 
 48 QAc-G-0305    (0)   :  0.096 0.007 0.061 0.766 0.071 
 49 QAc-G-0306    (0)   :  0.003 0.003 0.003 0.987 0.005 
 50 QAc-G-0307    (0)   :  0.024 0.010 0.094 0.012 0.861 
 51 QAc-G-0308    (0)   :  0.010 0.011 0.009 0.017 0.954 
 52 QAc-G-0309    (0)   :  0.006 0.004 0.005 0.005 0.980 
 53 QAc-G-0310    (0)   :  0.003 0.004 0.004 0.004 0.984 
 54 QAc-G-0311    (0)   :  0.003 0.003 0.003 0.003 0.989 
 55 QAc-G-0312    (0)   :  0.216 0.146 0.090 0.006 0.541 
 56 QAc-G-0313    (0)   :  0.090 0.050 0.726 0.043 0.091 
 57 QAc-G-0314    (0)   :  0.218 0.267 0.491 0.005 0.019 
 58 QAc-G-0315    (0)   :  0.706 0.029 0.233 0.024 0.009 
 59 QAc-G-0316    (0)   :  0.076 0.009 0.882 0.009 0.024 
 60 QAc-G-0032    (6)   :  0.955 0.022 0.007 0.007 0.008 
 61 QAc-G-0033    (0)   :  0.005 0.975 0.007 0.006 0.007 
 62 QAc-G-0034    (0)   :  0.011 0.886 0.020 0.006 0.076 
 63 QAc-G-0035    (0)   :  0.006 0.975 0.006 0.007 0.006 
 64 QAc-G-0036    (0)   :  0.010 0.917 0.023 0.042 0.009 
 65 QAc-G-0037    (0)   :  0.005 0.949 0.003 0.020 0.023 
 66 QAc-G-0038    (0)   :  0.005 0.982 0.008 0.004 0.002 
 67 QAc-G-0039    (0)   :  0.016 0.839 0.078 0.008 0.059 
 68 QAc-G-0040    (0)   :  0.011 0.822 0.074 0.085 0.008 
 69 QAc-G-0041    (0)   :  0.003 0.982 0.007 0.004 0.004 
 70 QAc-G-0042    (0)   :  0.008 0.975 0.006 0.008 0.004 
 71 QAc-G-0043    (0)   :  0.005 0.968 0.006 0.007 0.014 
 72 QAc-G-0044    (0)   :  0.007 0.970 0.008 0.011 0.004 
 73 QAc-G-0045    (0)   :  0.005 0.955 0.007 0.008 0.025 
 74 QAc-G-0046    (0)   :  0.006 0.839 0.041 0.003 0.110 
 75 QAc-G-0047    (0)   :  0.013 0.923 0.012 0.007 0.045 
 76 QAc-G-0048    (0)   :  0.005 0.977 0.011 0.004 0.003 
 77 QAc-G-0049    (0)   :  0.003 0.003 0.003 0.005 0.986 
 78 QAc-G-0050    (0)   :  0.761 0.007 0.054 0.046 0.133 
 79 QAc-G-0051    (0)   :  0.003 0.003 0.004 0.004 0.986 
 80 QAc-G-0052    (0)   :  0.009 0.017 0.014 0.004 0.957 
 81 QAc-G-0053    (0)   :  0.004 0.013 0.003 0.008 0.972 
 82 QAc-G-0054    (0)   :  0.524 0.016 0.108 0.006 0.345 
 83 QAc-G-0055    (0)   :  0.432 0.007 0.012 0.005 0.543 
 84 QAc-G-0056    (0)   :  0.463 0.023 0.440 0.018 0.055 
 85 QAc-G-0057    (0)   :  0.004 0.004 0.003 0.004 0.984 
 86 QAc-G-0058    (6)   :  0.004 0.003 0.003 0.004 0.986 
 87 QAc-G-0059    (0)   :  0.338 0.032 0.028 0.003 0.599 
 88 QAc-G-0060    (6)   :  0.012 0.014 0.009 0.015 0.951 
 89 QAc-G-0276    (0)   :  0.009 0.020 0.012 0.928 0.031 
 90 QAc-G-0279    (0)   :  0.003 0.004 0.004 0.983 0.007 
 91 QAc-G-0280    (6)   :  0.004 0.008 0.005 0.978 0.004 
 92 QAc-G-0281    (0)   :  0.004 0.004 0.003 0.007 0.981 
 93 QAc-G-0018    (0)   :  0.037 0.896 0.014 0.010 0.043 
 94 QAc-G-0019    (0)   :  0.004 0.974 0.007 0.010 0.004 
 95 QAc-G-0020    (0)   :  0.020 0.962 0.006 0.004 0.009 
 96 QAc-G-0021    (6)   :  0.005 0.979 0.003 0.004 0.009 
 97 QAc-G-0022    (6)   :  0.022 0.843 0.105 0.008 0.023 
 98 QAc-G-0023    (0)   :  0.004 0.004 0.004 0.004 0.985 
 99 QAc-G-0024    (0)   :  0.004 0.007 0.003 0.003 0.982 
100 QAc-G-0016    (0)   :  0.791 0.014 0.016 0.015 0.164 
101 QAc-G-0017    (0)   :  0.950 0.024 0.014 0.008 0.004 
102 QAc-G-0250    (0)   :  0.381 0.034 0.020 0.556 0.010 
103 QAc-G-0003    (6)   :  0.004 0.005 0.006 0.980 0.006 
104 QAc-G-0004    (0)   :  0.963 0.020 0.007 0.004 0.007 
105 QAc-G-0005    (0)   :  0.048 0.934 0.004 0.008 0.006 
106 QAc-G-0006    (6)   :  0.979 0.005 0.007 0.005 0.003 
107 QAc-G-0283    (0)   :  0.357 0.007 0.623 0.009 0.005 
108 QAc-G-0265    (0)   :  0.264 0.175 0.080 0.059 0.422 
109 QAc-G-0266    (0)   :  0.003 0.003 0.003 0.006 0.986 
110 QAc-G-0267    (0)   :  0.027 0.745 0.047 0.171 0.011 
111 QAc-G-0268   (20)   :  0.365 0.026 0.026 0.570 0.013 
112 QAc-G-0269    (0)   :  0.003 0.004 0.003 0.984 0.006 
113 QAc-G-0270    (6)   :  0.005 0.978 0.006 0.007 0.005 
114 QAc-G-0271    (0)   :  0.022 0.961 0.009 0.004 0.004 
115 QAc-G-0272    (6)   :  0.015 0.936 0.007 0.033 0.009 
116 QAc-G-0273    (0)   :  0.005 0.006 0.006 0.005 0.978 
117 QAc-G-0274    (0)   :  0.005 0.981 0.007 0.004 0.004 
118 QAc-G-0251    (6)   :  0.015 0.963 0.009 0.005 0.008 
119 QAc-G-0252    (0)   :  0.022 0.942 0.020 0.008 0.007 
120 QAc-G-0253    (0)   :  0.004 0.004 0.004 0.005 0.982 
121 QAc-G-0254    (0)   :  0.003 0.003 0.003 0.003 0.988 
122 QAc-G-0255    (0)   :  0.968 0.013 0.008 0.006 0.005 
123 QAc-G-0256    (0)   :  0.971 0.009 0.005 0.010 0.005 
124 QAc-G-0257    (0)   :  0.953 0.014 0.023 0.004 0.007 
125 QAc-G-0258    (0)   :  0.983 0.006 0.005 0.004 0.003 
126 QAc-G-0259    (0)   :  0.787 0.006 0.201 0.003 0.003 
127 QAc-G-0260    (0)   :  0.594 0.071 0.240 0.063 0.032 
128 QAc-G-0261    (0)   :  0.797 0.174 0.014 0.008 0.007 
129 QAc-G-0262    (0)   :  0.951 0.009 0.015 0.017 0.008 
130 QAc-G-0010    (0)   :  0.012 0.041 0.042 0.884 0.021 
131 QAc-G-0011    (0)   :  0.005 0.007 0.980 0.004 0.004 
132 QAc-G-0015    (0)   :  0.089 0.021 0.044 0.006 0.840 
133 QAc-G-0106    (0)   :  0.978 0.011 0.005 0.003 0.003 
134 QAc-G-0107    (0)   :  0.973 0.005 0.007 0.008 0.007 
135 QAc-G-0108    (0)   :  0.977 0.009 0.006 0.005 0.003 
136 QAc-G-0109    (0)   :  0.953 0.013 0.017 0.006 0.011 
137 QAc-G-0110    (0)   :  0.921 0.017 0.011 0.044 0.007 
138 QAc-G-0111    (0)   :  0.969 0.009 0.009 0.007 0.005 
139 QAc-G-0112    (0)   :  0.965 0.005 0.005 0.018 0.007 
140 QAc-G-0113    (0)   :  0.964 0.011 0.006 0.008 0.010 
141 QAc-G-0114    (0)   :  0.934 0.022 0.008 0.021 0.015 
142 QAc-G-0115    (0)   :  0.981 0.005 0.005 0.005 0.003 
143 QAc-G-0116    (0)   :  0.970 0.006 0.008 0.011 0.006 
144 QAc-G-0117    (0)   :  0.728 0.231 0.020 0.009 0.011 
145 QAc-G-0118    (0)   :  0.973 0.012 0.007 0.006 0.002 
146 QAc-G-0119    (0)   :  0.967 0.021 0.004 0.003 0.005 
147 QAc-G-0120    (0)   :  0.958 0.013 0.014 0.008 0.007 
148 QAc-G-0121    (0)   :  0.014 0.975 0.004 0.003 0.004 
149 QAc-G-0122    (0)   :  0.027 0.919 0.008 0.041 0.005 
150 QAc-G-0123    (0)   :  0.007 0.983 0.004 0.003 0.003 
151 QAc-G-0124    (6)   :  0.008 0.973 0.009 0.004 0.006 
152 QAc-G-0125    (0)   :  0.454 0.356 0.108 0.042 0.040 
153 QAc-G-0126    (0)   :  0.921 0.043 0.013 0.006 0.017 
154 QAc-G-0127    (0)   :  0.014 0.962 0.016 0.005 0.004 
155 QAc-G-0128    (0)   :  0.015 0.933 0.004 0.041 0.007 
156 QAc-G-0129    (0)   :  0.010 0.970 0.004 0.011 0.004 
157 QAc-G-0130    (0)   :  0.087 0.866 0.039 0.005 0.003 
158 QAc-G-0131    (0)   :  0.038 0.942 0.006 0.005 0.007 
159 QAc-G-0132    (0)   :  0.160 0.808 0.007 0.013 0.012 
160 QAc-G-0133    (0)   :  0.005 0.972 0.011 0.008 0.004 
161 QAc-G-0134    (0)   :  0.034 0.939 0.005 0.009 0.013 
162 QAc-G-0135    (0)   :  0.966 0.010 0.009 0.007 0.008 
163 QAc-G-0136    (0)   :  0.965 0.007 0.012 0.010 0.006 
164 QAc-G-0137    (0)   :  0.960 0.023 0.008 0.006 0.004 
165 QAc-G-0138    (0)   :  0.950 0.004 0.033 0.004 0.008 
166 QAc-G-0139    (0)   :  0.957 0.031 0.005 0.004 0.002 
167 QAc-G-0140    (6)   :  0.950 0.031 0.008 0.006 0.005 
168 QAc-G-0141    (0)   :  0.908 0.038 0.024 0.016 0.015 
169 QAc-G-0142    (0)   :  0.981 0.007 0.005 0.003 0.003 
170 QAc-G-0143    (0)   :  0.950 0.015 0.011 0.017 0.007 
171 QAc-G-0144    (6)   :  0.979 0.004 0.006 0.005 0.006 
172 QAc-G-0145    (0)   :  0.004 0.004 0.004 0.985 0.004 
173 QAc-G-0146    (0)   :  0.005 0.971 0.008 0.008 0.008 
174 QAc-G-0147    (0)   :  0.174 0.148 0.659 0.012 0.007 
175 QAc-G-0148    (0)   :  0.963 0.015 0.008 0.008 0.006 
176 QAc-G-0149    (0)   :  0.011 0.975 0.006 0.005 0.003 
177 QAc-G-0150    (0)   :  0.003 0.004 0.004 0.983 0.005 
178 QAc-G-0151    (0)   :  0.011 0.963 0.006 0.016 0.004 
179 QAc-G-0152    (0)   :  0.005 0.967 0.012 0.005 0.011 
180 QAc-G-0153    (0)   :  0.017 0.887 0.024 0.069 0.003 
181 QAc-G-0154    (0)   :  0.009 0.969 0.005 0.013 0.004 
182 QAc-G-0155    (0)   :  0.005 0.981 0.006 0.006 0.003 
183 QAc-G-0158    (0)   :  0.039 0.935 0.007 0.012 0.008 
184 QAc-G-0159    (0)   :  0.970 0.010 0.008 0.007 0.005 
185 QAc-G-0160    (0)   :  0.003 0.003 0.003 0.988 0.003 
186 QAc-G-0161    (0)   :  0.003 0.003 0.003 0.988 0.003 
187 QAc-G-0162    (0)   :  0.023 0.218 0.052 0.699 0.008 
188 QAc-G-0163    (0)   :  0.026 0.033 0.007 0.932 0.003 
189 QAc-G-0164    (0)   :  0.005 0.004 0.027 0.949 0.015 
190 QAc-G-0165    (0)   :  0.005 0.006 0.006 0.979 0.003 
191 QAc-G-0166    (0)   :  0.003 0.006 0.004 0.984 0.004 
192 QAc-G-0167    (0)   :  0.003 0.006 0.005 0.981 0.005 
193 QAc-G-0168    (0)   :  0.003 0.003 0.003 0.987 0.004 
194 QAc-G-0169    (6)   :  0.430 0.008 0.039 0.518 0.005 
195 QAc-G-0170    (0)   :  0.003 0.006 0.005 0.981 0.004 
196 QAc-G-0171    (0)   :  0.002 0.004 0.004 0.985 0.004 
197 QAc-G-0172    (0)   :  0.945 0.013 0.011 0.024 0.008 
198 QAc-G-0173    (0)   :  0.003 0.003 0.003 0.985 0.006 
199 QAc-G-0174    (0)   :  0.081 0.028 0.054 0.829 0.009 
200 QAc-G-0175    (0)   :  0.003 0.003 0.004 0.986 0.005 
201 QAc-G-0176    (0)   :  0.009 0.149 0.007 0.824 0.011 
202 QAc-G-0177    (0)   :  0.003 0.004 0.004 0.985 0.004 
203 QAc-G-0178    (0)   :  0.007 0.006 0.082 0.873 0.032 
204 QAc-G-0179    (6)   :  0.003 0.004 0.003 0.987 0.004 
205 QAc-G-0180    (0)   :  0.003 0.003 0.004 0.987 0.003 
206 QAc-G-0181    (0)   :  0.004 0.008 0.006 0.979 0.003 
207 QAc-G-0182    (0)   :  0.033 0.032 0.028 0.904 0.004 
208 QAc-G-0183    (6)   :  0.005 0.003 0.005 0.980 0.007 
209 QAc-G-0184    (0)   :  0.003 0.004 0.003 0.986 0.004 
210 QAc-G-0185    (0)   :  0.010 0.013 0.025 0.945 0.007 
211 QAc-G-0186    (0)   :  0.004 0.007 0.006 0.979 0.003 
212 QAc-G-0187    (0)   :  0.006 0.012 0.046 0.900 0.036 
213 QAc-G-0188    (0)   :  0.709 0.025 0.009 0.253 0.004 
214 QAc-G-0189    (0)   :  0.003 0.003 0.003 0.986 0.005 
215 QAc-G-0190    (0)   :  0.003 0.005 0.005 0.982 0.005 
216 QAc-G-0191    (0)   :  0.003 0.005 0.004 0.983 0.005 
217 QAc-G-0192    (0)   :  0.003 0.003 0.003 0.988 0.003 
218 QAc-G-0193    (0)   :  0.003 0.005 0.005 0.983 0.004 
219 QAc-G-0194    (0)   :  0.004 0.007 0.006 0.978 0.006 
220 QAc-G-0195    (0)   :  0.007 0.011 0.009 0.871 0.102 
221 QAc-G-0196    (0)   :  0.003 0.004 0.004 0.984 0.005 
222 QAc-G-0197    (0)   :  0.003 0.003 0.003 0.988 0.004 
223 QAc-G-0198    (0)   :  0.003 0.005 0.003 0.985 0.003 
224 QAc-G-0199    (0)   :  0.011 0.029 0.060 0.888 0.012 
225 QAc-G-0200    (0)   :  0.004 0.008 0.006 0.979 0.004 
226 QAc-G-0201    (0)   :  0.003 0.004 0.004 0.986 0.004 
227 QAc-G-0202    (6)   :  0.004 0.003 0.004 0.978 0.010 
228 QAc-G-0203    (0)   :  0.010 0.005 0.003 0.969 0.014 
229 QAc-G-0204    (0)   :  0.004 0.006 0.004 0.981 0.005 
230 QAc-G-0205    (0)   :  0.003 0.003 0.003 0.003 0.989 
231 QAc-G-0206    (0)   :  0.140 0.020 0.015 0.004 0.821 
232 QAc-G-0207    (0)   :  0.006 0.007 0.010 0.006 0.972 
233 QAc-G-0208    (0)   :  0.003 0.003 0.004 0.004 0.986 
234 QAc-G-0209    (0)   :  0.003 0.003 0.004 0.007 0.982 
235 QAc-G-0210    (0)   :  0.003 0.003 0.004 0.003 0.987 
236 QAc-G-0211    (0)   :  0.004 0.003 0.004 0.003 0.986 
237 QAc-G-0212    (0)   :  0.003 0.004 0.004 0.004 0.986 
238 QAc-G-0213    (0)   :  0.003 0.005 0.005 0.005 0.982 
239 QAc-G-0214    (0)   :  0.003 0.003 0.003 0.005 0.986 
240 QAc-G-0215    (0)   :  0.004 0.004 0.004 0.004 0.984 
241 QAc-G-0216    (0)   :  0.717 0.011 0.008 0.073 0.192 
242 QAc-G-0217    (0)   :  0.007 0.007 0.009 0.006 0.972 
243 QAc-G-0218    (0)   :  0.003 0.007 0.008 0.005 0.977 
244 QAc-G-0219    (0)   :  0.036 0.029 0.009 0.009 0.917 
245 QAc-G-0220    (0)   :  0.029 0.006 0.011 0.004 0.949 
246 QAc-G-0221    (0)   :  0.008 0.013 0.033 0.009 0.936 
247 QAc-G-0222    (0)   :  0.003 0.004 0.003 0.005 0.985 
248 QAc-G-0223    (0)   :  0.004 0.006 0.007 0.004 0.979 
249 QAc-G-0224    (0)   :  0.004 0.003 0.005 0.005 0.982 
250 QAc-G-0226    (0)   :  0.004 0.004 0.004 0.003 0.985 
251 QAc-G-0227    (0)   :  0.006 0.976 0.005 0.008 0.005 
252 QAc-G-0228    (6)   :  0.008 0.964 0.009 0.007 0.012 
253 QAc-G-0229    (0)   :  0.027 0.925 0.026 0.010 0.012 
254 QAc-G-0230    (0)   :  0.014 0.934 0.010 0.009 0.033 
255 QAc-G-0231    (0)   :  0.004 0.004 0.003 0.007 0.981 
256 QAc-G-0232    (0)   :  0.006 0.977 0.009 0.003 0.004 
257 QAc-G-0233    (0)   :  0.018 0.543 0.396 0.007 0.036 
258 QAc-G-0234    (0)   :  0.007 0.922 0.020 0.043 0.007 
259 QAc-G-0235    (0)   :  0.975 0.006 0.008 0.006 0.005 
260 QAc-G-0236    (0)   :  0.005 0.977 0.005 0.006 0.006 
261 QAc-G-0237    (0)   :  0.009 0.950 0.011 0.011 0.018 
262 QAc-G-0238    (0)   :  0.006 0.967 0.006 0.007 0.014 
263 QAc-G-0239    (0)   :  0.009 0.969 0.009 0.006 0.007 
264 QAc-G-0240    (0)   :  0.007 0.978 0.007 0.004 0.003 
265 QAc-G-0241    (0)   :  0.047 0.888 0.035 0.017 0.013 
266 QAc-G-0242    (0)   :  0.006 0.954 0.021 0.005 0.014 
267 QAc-G-0243    (0)   :  0.014 0.912 0.059 0.004 0.011 
268 QAc-G-0244    (0)   :  0.024 0.953 0.006 0.008 0.009 
269 QAc-G-0245    (0)   :  0.006 0.977 0.006 0.007 0.004 
270 QAc-G-0246    (0)   :  0.008 0.970 0.007 0.009 0.006 
271 QAc-G-0247    (0)   :  0.006 0.974 0.009 0.003 0.007 
272 QAc-G-0248    (0)   :  0.008 0.981 0.004 0.003 0.004 
273 QAc-G-0249    (0)   :  0.010 0.007 0.962 0.012 0.010 
274 QAc-G-0025    (0)   :  0.003 0.004 0.003 0.004 0.986 
275 QAc-G-0028    (0)   :  0.006 0.787 0.116 0.009 0.082 
276 QAc-G-0275    (0)   :  0.005 0.005 0.004 0.012 0.975 
277 QAc-G-0263    (0)   :  0.028 0.006 0.572 0.372 0.023 
278 QAc-W-0001    (0)   :  0.007 0.979 0.006 0.003 0.005 
279 QAc-W-0002    (0)   :  0.054 0.874 0.032 0.034 0.006 
280 QAc-W-0003    (0)   :  0.028 0.889 0.008 0.034 0.041 
281 QAc-W-0004    (0)   :  0.004 0.969 0.008 0.008 0.011 
282 QAc-W-0005    (0)   :  0.006 0.967 0.015 0.007 0.004 
283 QAc-W-0006    (0)   :  0.010 0.967 0.011 0.006 0.006 
284 QAc-W-0007   (13)   :  0.005 0.976 0.010 0.004 0.006 
285 QAc-W-0008    (6)   :  0.019 0.914 0.059 0.005 0.004 
286 QAc-W-0009    (0)   :  0.114 0.830 0.035 0.013 0.007 
287 QAc-W-0010    (0)   :  0.019 0.823 0.138 0.015 0.006 
288 QAc-W-0011    (0)   :  0.007 0.970 0.006 0.011 0.007 
289 QAc-W-0012    (0)   :  0.010 0.956 0.010 0.019 0.005 
290 QAc-W-0013    (0)   :  0.063 0.754 0.008 0.010 0.164 
291 QAc-W-0014    (0)   :  0.006 0.913 0.070 0.005 0.006 
292 QAc-W-0015    (0)   :  0.063 0.744 0.075 0.081 0.036 
293 QAc-W-0016    (0)   :  0.051 0.431 0.494 0.010 0.015 
294 QAc-W-0017    (0)   :  0.209 0.294 0.379 0.083 0.034 
295 QAc-W-0018    (0)   :  0.118 0.773 0.066 0.004 0.039 
296 QAc-W-0019    (0)   :  0.009 0.958 0.018 0.007 0.008 
297 QAc-W-0020    (0)   :  0.008 0.979 0.006 0.004 0.003 
298 QAc-W-0021    (0)   :  0.074 0.594 0.074 0.020 0.239 
299 QAc-W-0022    (0)   :  0.079 0.539 0.321 0.021 0.041 
300 QAc-W-0023    (6)   :  0.061 0.886 0.036 0.004 0.014 
301 QAc-W-0024    (0)   :  0.051 0.660 0.028 0.044 0.217 
302 QAc-W-0025    (0)   :  0.007 0.974 0.008 0.006 0.006 
303 QAc-W-0026    (0)   :  0.008 0.825 0.058 0.071 0.037 
304 QAc-W-0027    (0)   :  0.016 0.952 0.019 0.008 0.005 
305 QAc-W-0028    (0)   :  0.009 0.975 0.006 0.006 0.003 
306 QAc-W-0029    (0)   :  0.010 0.975 0.006 0.003 0.006 
307 QAc-W-0030    (0)   :  0.006 0.975 0.005 0.009 0.005 
308 QAc-W-0031    (0)   :  0.011 0.881 0.008 0.005 0.094 
309 QAc-W-0032    (0)   :  0.004 0.970 0.018 0.003 0.005 
310 QAc-W-0033    (0)   :  0.015 0.906 0.063 0.005 0.011 
311 QAc-W-0034    (0)   :  0.017 0.966 0.008 0.004 0.005 
312 QAc-W-0035    (0)   :  0.017 0.810 0.111 0.034 0.028 
313 QAc-W-0036    (0)   :  0.008 0.977 0.008 0.004 0.003 
314 QAc-W-0037    (0)   :  0.005 0.957 0.007 0.018 0.012 
315 QAc-W-0038    (0)   :  0.014 0.957 0.008 0.016 0.005 
316 QAc-W-0039    (0)   :  0.004 0.944 0.011 0.023 0.017 
317 QAc-W-0040    (0)   :  0.010 0.829 0.144 0.011 0.006 
318 QAc-W-0041    (0)   :  0.072 0.778 0.016 0.020 0.113 
319 QAc-W-0042    (0)   :  0.759 0.197 0.009 0.023 0.012 
320 QAc-W-0043    (0)   :  0.889 0.041 0.008 0.050 0.011 
321 QAc-W-0044    (0)   :  0.148 0.784 0.026 0.036 0.005 
322 QAc-W-0045    (0)   :  0.963 0.013 0.008 0.009 0.007 
323 QAc-W-0046    (0)   :  0.922 0.032 0.008 0.022 0.017 
324 QAc-W-0047    (0)   :  0.906 0.049 0.020 0.021 0.004 
325 QAc-W-0048    (0)   :  0.957 0.026 0.005 0.005 0.007 
326 QAc-W-0049    (0)   :  0.963 0.017 0.005 0.005 0.009 
327 QAc-W-0050    (0)   :  0.963 0.006 0.012 0.006 0.011 
328 QAc-W-0051    (0)   :  0.945 0.020 0.009 0.016 0.010 
329 QAc-W-0052    (0)   :  0.010 0.978 0.005 0.005 0.003 
330 QAc-W-0053    (0)   :  0.968 0.014 0.010 0.004 0.004 
331 QAc-W-0054    (0)   :  0.422 0.027 0.376 0.169 0.006 
332 QAc-W-0055    (0)   :  0.303 0.008 0.090 0.527 0.072 
333 QAc-W-0056    (0)   :  0.853 0.054 0.042 0.011 0.040 
334 QAc-W-0057    (0)   :  0.884 0.010 0.022 0.030 0.054 
335 QAc-W-0058    (0)   :  0.864 0.006 0.004 0.014 0.111 
336 QAc-W-0059    (0)   :  0.981 0.006 0.004 0.005 0.003 
337 QAc-W-0060    (0)   :  0.033 0.150 0.074 0.737 0.006 
338 QAc-W-0061    (0)   :  0.049 0.009 0.127 0.804 0.011 
339 QAc-W-0062    (0)   :  0.011 0.024 0.255 0.689 0.020 
340 QAc-W-0063    (0)   :  0.051 0.141 0.325 0.454 0.029 
341 QAc-W-0064    (0)   :  0.032 0.045 0.243 0.661 0.019 
342 QAc-W-0065    (0)   :  0.112 0.033 0.307 0.534 0.015 
343 QAc-W-0066    (0)   :  0.003 0.003 0.003 0.986 0.005 
344 QAc-W-0067    (0)   :  0.003 0.003 0.003 0.987 0.004 
345 QAc-W-0068    (0)   :  0.003 0.004 0.003 0.987 0.004 
346 QAc-W-0069    (0)   :  0.003 0.004 0.003 0.987 0.004 
347 QAc-W-0070    (0)   :  0.003 0.003 0.003 0.988 0.003 
348 QAc-W-0071    (6)   :  0.007 0.004 0.025 0.958 0.006 
349 QAc-W-0072    (0)   :  0.033 0.011 0.732 0.215 0.008 
350 QAc-W-0073    (0)   :  0.514 0.029 0.072 0.373 0.012 
351 QAc-W-0074    (0)   :  0.010 0.015 0.180 0.783 0.012 
352 QAc-W-0075    (0)   :  0.016 0.008 0.030 0.937 0.008 
353 QAc-W-0076    (0)   :  0.014 0.005 0.320 0.651 0.010 
354 QAc-W-0077    (0)   :  0.089 0.026 0.051 0.830 0.004 
355 QAc-W-0078    (0)   :  0.025 0.053 0.230 0.043 0.649 
356 QAc-W-0079    (6)   :  0.009 0.011 0.012 0.030 0.938 
357 QAc-W-0080   (13)   :  0.012 0.023 0.007 0.005 0.954 
358 QAc-W-0081    (0)   :  0.005 0.007 0.005 0.004 0.979 
359 QAc-W-0082    (0)   :  0.468 0.006 0.006 0.004 0.515 
360 QAc-W-0083    (0)   :  0.012 0.021 0.051 0.036 0.880 
361 QAc-W-0084    (0)   :  0.003 0.005 0.004 0.005 0.982 
362 QAc-W-0085    (0)   :  0.004 0.003 0.004 0.005 0.984 
363 QAc-W-0086    (0)   :  0.005 0.006 0.008 0.006 0.975 
364 QAc-W-0087    (0)   :  0.009 0.007 0.011 0.007 0.966 
365 QAc-W-0088    (0)   :  0.040 0.006 0.009 0.004 0.941 
366 QAc-W-0089    (0)   :  0.004 0.007 0.004 0.006 0.979 
367 QAc-W-0090    (0)   :  0.005 0.006 0.004 0.006 0.979 
368 QAc-W-0091    (0)   :  0.014 0.008 0.019 0.007 0.953 
369 QAc-W-0092    (0)   :  0.013 0.414 0.008 0.007 0.558 
370 QAc-W-0093    (0)   :  0.131 0.067 0.049 0.003 0.750 
371 QAc-W-0094    (0)   :  0.045 0.236 0.025 0.007 0.687 
372 QAc-W-0095    (0)   :  0.010 0.031 0.010 0.006 0.943 
373 QAc-W-0096    (0)   :  0.048 0.124 0.057 0.022 0.750 
374 QAc-W-0097    (0)   :  0.248 0.055 0.008 0.008 0.681 
375 QAc-W-0098    (0)   :  0.008 0.007 0.005 0.003 0.977 
376 QAc-W-0099    (0)   :  0.035 0.039 0.112 0.005 0.810 
377 QAc-W-0100    (0)   :  0.007 0.005 0.012 0.004 0.973 
378 QAc-W-0101    (0)   :  0.005 0.006 0.011 0.038 0.939 
379 QAc-W-0104    (0)   :  0.021 0.009 0.029 0.004 0.938 
380 QAc-W-0105    (0)   :  0.005 0.011 0.005 0.005 0.975 
381 QAc-W-0106    (0)   :  0.012 0.031 0.014 0.006 0.937 
382 QAc-W-0107    (0)   :  0.004 0.004 0.005 0.007 0.980 
383 QAc-W-0108    (0)   :  0.003 0.003 0.004 0.006 0.983 
384 QAc-W-0109    (0)   :  0.013 0.013 0.006 0.023 0.943 
385 QAc-W-0110   (13)   :  0.012 0.547 0.061 0.013 0.368 
386 QAc-W-0111    (6)   :  0.006 0.008 0.005 0.006 0.976 
387 QAc-W-0112   (13)   :  0.013 0.013 0.019 0.004 0.951 
388 QAc-W-0113   (13)   :  0.007 0.009 0.974 0.004 0.006 
389 QAc-W-0114   (13)   :  0.017 0.007 0.954 0.005 0.017 
390 QAc-W-0115    (0)   :  0.004 0.009 0.975 0.006 0.006 
391 QAc-W-0116    (0)   :  0.018 0.019 0.955 0.002 0.005 
392 QAc-W-0117    (0)   :  0.008 0.006 0.979 0.005 0.003 
393 QAc-W-0118    (0)   :  0.006 0.005 0.950 0.023 0.015 
394 QAc-W-0119    (0)   :  0.007 0.008 0.974 0.007 0.004 
395 QAc-W-0120    (0)   :  0.009 0.008 0.963 0.013 0.007 
396 QAc-W-0121    (0)   :  0.012 0.006 0.947 0.032 0.003 
397 QAc-W-0122    (0)   :  0.027 0.010 0.954 0.004 0.005 
398 QAc-W-0123    (6)   :  0.026 0.013 0.933 0.013 0.015 
399 QAc-W-0124    (0)   :  0.007 0.041 0.882 0.031 0.039 
400 QAc-W-0125    (0)   :  0.008 0.008 0.962 0.008 0.014 
401 QAc-W-0126   (13)   :  0.013 0.010 0.951 0.007 0.019 
402 QAc-W-0127    (6)   :  0.005 0.006 0.980 0.005 0.004 
403 QAc-W-0128   (13)   :  0.011 0.009 0.933 0.011 0.035 
404 QAc-W-0129   (13)   :  0.022 0.044 0.922 0.007 0.006 
405 QAc-W-0130   (13)   :  0.007 0.013 0.966 0.006 0.007 
406 QAc-W-0131    (0)   :  0.013 0.013 0.962 0.005 0.006 
407 QAc-W-0132    (6)   :  0.008 0.035 0.893 0.047 0.016 
408 QAc-W-0133    (6)   :  0.017 0.009 0.713 0.190 0.071 
409 QAc-W-0134    (0)   :  0.006 0.006 0.979 0.005 0.004 
410 QAc-W-0135    (0)   :  0.008 0.023 0.948 0.015 0.006 
411 QAc-W-0136    (0)   :  0.004 0.007 0.982 0.003 0.003 
412 QAc-W-0137    (0)   :  0.004 0.005 0.985 0.004 0.003 
413 QAc-W-0138    (0)   :  0.003 0.006 0.984 0.004 0.003 
414 QAc-W-0139    (0)   :  0.009 0.042 0.877 0.019 0.052 
415 QAc-W-0140    (0)   :  0.054 0.021 0.914 0.005 0.006 
416 QAc-W-0141    (6)   :  0.012 0.025 0.942 0.015 0.006 
417 QAc-W-0142    (0)   :  0.005 0.004 0.980 0.007 0.004 
418 QAc-W-0143    (0)   :  0.008 0.005 0.975 0.004 0.008 
419 QAc-W-0144    (0)   :  0.056 0.009 0.926 0.003 0.006 
420 QAc-W-0145    (0)   :  0.008 0.004 0.982 0.003 0.004 
421 QAc-W-0146    (0)   :  0.004 0.014 0.972 0.004 0.006 
422 QAc-W-0147    (0)   :  0.004 0.004 0.983 0.004 0.005 
423 QAc-W-0148    (0)   :  0.005 0.008 0.980 0.005 0.003 
424 QAc-W-0149    (0)   :  0.021 0.012 0.953 0.004 0.010 
425 QAc-W-0150    (0)   :  0.008 0.047 0.919 0.006 0.019 
426 QAc-W-0151    (0)   :  0.006 0.013 0.970 0.005 0.006 
427 QAc-W-0152    (0)   :  0.006 0.006 0.977 0.006 0.004 
428 QAc-W-0153    (0)   :  0.736 0.071 0.112 0.016 0.066 
429 QAc-W-0154    (0)   :  0.009 0.012 0.972 0.004 0.004 
430 QAc-W-0155    (0)   :  0.004 0.005 0.984 0.003 0.003 
431 QAc-W-0156    (0)   :  0.006 0.050 0.847 0.005 0.093 
432 QAc-W-0157    (0)   :  0.036 0.022 0.929 0.009 0.003 
433 QAc-W-0158    (0)   :  0.005 0.032 0.917 0.017 0.030 
434 QAc-W-0159    (0)   :  0.008 0.009 0.971 0.007 0.006 
435 QAc-W-0160    (0)   :  0.005 0.021 0.964 0.005 0.006 
436 QAc-W-0161    (0)   :  0.012 0.137 0.843 0.004 0.004 
437 QAc-W-0162    (0)   :  0.023 0.007 0.930 0.037 0.003 
438 QAc-W-0163    (0)   :  0.031 0.008 0.953 0.004 0.004 
439 QAc-W-0164    (0)   :  0.005 0.006 0.979 0.005 0.004 
440 QAc-W-0165    (0)   :  0.009 0.007 0.956 0.025 0.003 
441 QAc-W-0166    (0)   :  0.005 0.015 0.970 0.006 0.004 
442 QAc-W-0167    (0)   :  0.950 0.008 0.016 0.007 0.019 
443 QAc-W-0168    (0)   :  0.174 0.084 0.569 0.156 0.017 
444 QAc-W-0169    (0)   :  0.876 0.083 0.026 0.010 0.004 
445 QAc-W-0170    (0)   :  0.946 0.015 0.025 0.006 0.007 
446 QAc-W-0171    (0)   :  0.955 0.011 0.016 0.005 0.013 
447 QAc-W-0172    (0)   :  0.884 0.056 0.048 0.003 0.009 
448 QAc-W-0173    (0)   :  0.571 0.230 0.184 0.005 0.010 
449 QAc-W-0174    (0)   :  0.885 0.009 0.086 0.014 0.006 


Estimated Allele Frequencies in each cluster
First column gives estimated ancestral frequencies


Locus 1 : 
21 alleles
0.4% missing data
 210   (0.121) 0.213 0.031 0.159 0.002 0.211 
 212   (0.090) 0.056 0.146 0.093 0.206 0.224 
 202   (0.055) 0.034 0.120 0.013 0.001 0.140 
 226   (0.061) 0.039 0.043 0.006 0.186 0.113 
 216   (0.070) 0.048 0.088 0.092 0.001 0.092 
 200   (0.200) 0.240 0.418 0.212 0.378 0.129 
 224   (0.033) 0.012 0.063 0.004 0.144 0.001 
 218   (0.040) 0.008 0.019 0.141 0.000 0.057 
 222   (0.028) 0.011 0.002 0.163 0.000 0.000 
 228   (0.016) 0.003 0.000 0.002 0.061 0.000 
 214   (0.062) 0.128 0.002 0.064 0.016 0.001 
 208   (0.048) 0.058 0.058 0.003 0.001 0.028 
 220   (0.026) 0.023 0.001 0.012 0.000 0.000 
 206   (0.034) 0.047 0.001 0.022 0.000 0.001 
 196   (0.017) 0.006 0.000 0.003 0.000 0.000 
 238   (0.014) 0.005 0.000 0.005 0.000 0.000 
 121   (0.013) 0.003 0.004 0.001 0.000 0.000 
 204   (0.019) 0.019 0.000 0.001 0.000 0.000 
 190   (0.016) 0.007 0.000 0.002 0.000 0.000 
 198   (0.015) 0.008 0.000 0.001 0.000 0.000 
 232   (0.022) 0.035 0.001 0.001 0.000 0.000 

Locus 2 : 
16 alleles
1.6% missing data
 171   (0.198) 0.394 0.359 0.069 0.002 0.148 
 175   (0.095) 0.075 0.054 0.023 0.126 0.243 
 185   (0.042) 0.012 0.003 0.212 0.001 0.146 
 181   (0.091) 0.081 0.077 0.008 0.344 0.347 
 179   (0.084) 0.040 0.089 0.272 0.104 0.001 
 173   (0.168) 0.126 0.283 0.185 0.327 0.063 
 177   (0.038) 0.011 0.003 0.064 0.092 0.001 
 183   (0.068) 0.096 0.002 0.082 0.001 0.020 
 187   (0.080) 0.106 0.053 0.042 0.001 0.001 
 189   (0.035) 0.010 0.074 0.028 0.000 0.001 
 191   (0.028) 0.016 0.001 0.002 0.000 0.027 
 163   (0.015) 0.007 0.000 0.002 0.000 0.000 
 165   (0.015) 0.007 0.000 0.002 0.000 0.000 
 193   (0.015) 0.008 0.000 0.001 0.000 0.000 
 169   (0.015) 0.003 0.000 0.007 0.000 0.000 
 167   (0.013) 0.007 0.000 0.001 0.000 0.000 

Locus 3 : 
7 alleles
2.4% missing data
 206   (0.823) 0.889 0.945 0.942 0.983 0.983 
 208   (0.058) 0.044 0.051 0.031 0.001 0.001 
 198   (0.015) 0.003 0.000 0.001 0.000 0.006 
 204   (0.050) 0.031 0.002 0.021 0.015 0.009 
 218   (0.019) 0.013 0.001 0.002 0.000 0.000 
 230   (0.015) 0.008 0.000 0.001 0.000 0.000 
 212   (0.019) 0.012 0.001 0.003 0.000 0.000 

Locus 4 : 
15 alleles
3.6% missing data
 165   (0.097) 0.063 0.097 0.022 0.085 0.606 
 173   (0.038) 0.032 0.001 0.002 0.000 0.324 
 163   (0.182) 0.257 0.083 0.313 0.007 0.007 
 167   (0.132) 0.129 0.268 0.151 0.002 0.022 
 161   (0.287) 0.332 0.507 0.425 0.887 0.012 
 153   (0.018) 0.003 0.008 0.001 0.000 0.000 
 171   (0.042) 0.052 0.001 0.017 0.001 0.004 
 179   (0.014) 0.007 0.001 0.001 0.000 0.000 
 157   (0.036) 0.028 0.028 0.003 0.001 0.001 
 149   (0.016) 0.008 0.000 0.001 0.000 0.000 
 177   (0.039) 0.019 0.003 0.020 0.001 0.018 
 155   (0.019) 0.007 0.002 0.007 0.000 0.000 
 175   (0.017) 0.014 0.000 0.001 0.000 0.000 
 169   (0.032) 0.039 0.001 0.002 0.000 0.004 
 159   (0.032) 0.010 0.001 0.034 0.016 0.001 

Locus 5 : 
16 alleles
0.0% missing data
 148   (0.095) 0.049 0.093 0.086 0.374 0.403 
 160   (0.039) 0.024 0.011 0.002 0.000 0.079 
 146   (0.105) 0.116 0.041 0.016 0.338 0.277 
 154   (0.049) 0.028 0.003 0.206 0.026 0.002 
 150   (0.061) 0.099 0.048 0.006 0.009 0.001 
 138   (0.090) 0.055 0.096 0.251 0.003 0.098 
 166   (0.050) 0.104 0.086 0.003 0.001 0.001 
 164   (0.031) 0.016 0.012 0.008 0.000 0.001 
 142   (0.028) 0.030 0.001 0.015 0.001 0.000 
 144   (0.175) 0.249 0.224 0.133 0.206 0.014 
 140   (0.058) 0.030 0.218 0.153 0.001 0.001 
 158   (0.060) 0.044 0.019 0.020 0.001 0.048 
 162   (0.031) 0.033 0.001 0.002 0.000 0.065 
 152   (0.084) 0.065 0.145 0.096 0.039 0.002 
 134   (0.021) 0.035 0.001 0.001 0.000 0.000 
 156   (0.025) 0.023 0.001 0.001 0.000 0.008 

Locus 6 : 
12 alleles
0.0% missing data
 225   (0.040) 0.008 0.002 0.028 0.195 0.108 
 239   (0.117) 0.095 0.101 0.033 0.489 0.033 
 229   (0.017) 0.003 0.002 0.001 0.000 0.334 
 235   (0.239) 0.196 0.232 0.410 0.263 0.403 
 237   (0.178) 0.220 0.222 0.235 0.036 0.007 
 233   (0.097) 0.070 0.277 0.023 0.013 0.046 
 227   (0.082) 0.253 0.074 0.005 0.001 0.001 
 245   (0.059) 0.046 0.024 0.084 0.001 0.001 
 241   (0.074) 0.042 0.037 0.067 0.002 0.065 
 231   (0.042) 0.043 0.001 0.075 0.000 0.001 
 243   (0.040) 0.016 0.028 0.038 0.000 0.001 
 251   (0.014) 0.007 0.000 0.001 0.000 0.000 

Locus 7 : 
7 alleles
0.0% missing data
 118   (0.831) 0.878 0.799 0.990 0.982 0.963 
 124   (0.036) 0.021 0.190 0.002 0.000 0.001 
 116   (0.027) 0.045 0.001 0.002 0.001 0.001 
 114   (0.050) 0.030 0.008 0.003 0.005 0.024 
 122   (0.019) 0.013 0.000 0.001 0.000 0.000 
 112   (0.022) 0.009 0.001 0.001 0.000 0.012 
 120   (0.015) 0.003 0.000 0.001 0.012 0.000 

Locus 8 : 
5 alleles
0.4% missing data
 135   (0.069) 0.031 0.080 0.035 0.006 0.018 
 139   (0.690) 0.745 0.829 0.676 0.963 0.901 
 137   (0.193) 0.207 0.090 0.199 0.031 0.081 
 143   (0.026) 0.011 0.001 0.060 0.000 0.000 
 141   (0.022) 0.007 0.001 0.030 0.000 0.001 

Locus 9 : 
15 alleles
1.6% missing data
 116   (0.176) 0.099 0.378 0.377 0.174 0.373 
 112   (0.099) 0.055 0.033 0.170 0.072 0.076 
 118   (0.113) 0.099 0.042 0.144 0.002 0.515 
 122   (0.116) 0.240 0.100 0.012 0.551 0.002 
 114   (0.183) 0.214 0.201 0.218 0.134 0.023 
 120   (0.060) 0.044 0.111 0.027 0.001 0.001 
 130   (0.038) 0.037 0.095 0.002 0.000 0.001 
 124   (0.056) 0.066 0.001 0.034 0.064 0.001 
 110   (0.015) 0.008 0.000 0.001 0.000 0.000 
 134   (0.014) 0.007 0.000 0.002 0.000 0.000 
 128   (0.037) 0.029 0.030 0.005 0.001 0.001 
 126   (0.046) 0.079 0.007 0.005 0.001 0.001 
 108   (0.017) 0.014 0.000 0.001 0.000 0.000 
 106   (0.013) 0.007 0.000 0.001 0.001 0.000 
 138   (0.015) 0.003 0.000 0.001 0.000 0.005 

Locus 10 : 
8 alleles
0.0% missing data
 232   (0.722) 0.637 0.942 0.868 0.997 0.974 
 238   (0.148) 0.282 0.024 0.124 0.002 0.003 
 220   (0.017) 0.003 0.024 0.001 0.000 0.000 
 226   (0.016) 0.003 0.000 0.001 0.000 0.011 
 234   (0.028) 0.016 0.008 0.002 0.000 0.000 
 240   (0.018) 0.014 0.000 0.001 0.000 0.000 
 236   (0.020) 0.019 0.001 0.001 0.001 0.000 
 244   (0.031) 0.027 0.001 0.002 0.000 0.011 

Locus 11 : 
9 alleles
0.0% missing data
 165   (0.706) 0.715 0.845 0.884 0.765 0.870 
 167   (0.106) 0.093 0.004 0.086 0.232 0.123 
 161   (0.091) 0.154 0.147 0.009 0.001 0.004 
 153   (0.015) 0.005 0.001 0.002 0.000 0.001 
 169   (0.016) 0.007 0.000 0.001 0.001 0.000 
 155   (0.017) 0.007 0.000 0.002 0.000 0.000 
 173   (0.017) 0.008 0.000 0.001 0.000 0.000 
 163   (0.017) 0.003 0.000 0.014 0.000 0.000 
 171   (0.016) 0.008 0.000 0.001 0.000 0.000 

Locus 12 : 
9 alleles
0.0% missing data
 137   (0.468) 0.482 0.449 0.789 0.437 0.297 
 140   (0.130) 0.078 0.349 0.084 0.010 0.355 
 134   (0.292) 0.368 0.197 0.096 0.552 0.345 
 149   (0.015) 0.006 0.000 0.003 0.000 0.000 
 131   (0.016) 0.006 0.000 0.001 0.000 0.001 
 143   (0.021) 0.024 0.001 0.001 0.000 0.000 
 128   (0.015) 0.008 0.000 0.001 0.000 0.000 
 125   (0.022) 0.004 0.003 0.023 0.000 0.000 
 146   (0.021) 0.024 0.001 0.002 0.000 0.000 

Locus 13 : 
20 alleles
0.2% missing data
 206   (0.105) 0.050 0.166 0.190 0.029 0.424 
 210   (0.066) 0.021 0.114 0.043 0.355 0.276 
 190   (0.049) 0.032 0.036 0.135 0.001 0.001 
 202   (0.113) 0.193 0.139 0.049 0.002 0.066 
 214   (0.033) 0.012 0.025 0.002 0.170 0.001 
 212   (0.032) 0.006 0.002 0.209 0.134 0.001 
 192   (0.079) 0.078 0.253 0.028 0.001 0.025 
 204   (0.053) 0.047 0.021 0.037 0.004 0.001 
 184   (0.061) 0.026 0.043 0.093 0.003 0.085 
 216   (0.018) 0.003 0.093 0.001 0.002 0.000 
 208   (0.039) 0.008 0.068 0.058 0.021 0.001 
 200   (0.100) 0.195 0.017 0.045 0.002 0.086 
 198   (0.036) 0.053 0.001 0.042 0.000 0.001 
 194   (0.100) 0.179 0.007 0.032 0.192 0.032 
 186   (0.023) 0.013 0.001 0.001 0.082 0.000 
 188   (0.018) 0.024 0.000 0.001 0.000 0.000 
 196   (0.032) 0.041 0.001 0.029 0.000 0.001 
 220   (0.014) 0.006 0.000 0.002 0.000 0.000 
 180   (0.014) 0.013 0.000 0.001 0.000 0.000 
 182   (0.016) 0.003 0.012 0.001 0.000 0.000 

Locus 14 : 
8 alleles
1.6% missing data
 139   (0.078) 0.043 0.095 0.008 0.139 0.205 
 145   (0.074) 0.028 0.017 0.146 0.009 0.112 
 151   (0.344) 0.332 0.307 0.403 0.447 0.570 
 157   (0.289) 0.276 0.556 0.299 0.136 0.096 
 154   (0.091) 0.073 0.021 0.120 0.267 0.002 
 163   (0.046) 0.083 0.002 0.004 0.001 0.013 
 142   (0.035) 0.037 0.001 0.016 0.000 0.001 
 160   (0.042) 0.128 0.001 0.004 0.000 0.001 

Locus 15 : 
14 alleles
1.1% missing data
 256   (0.133) 0.096 0.170 0.127 0.163 0.133 
 262   (0.029) 0.021 0.001 0.002 0.000 0.417 
 246   (0.098) 0.128 0.084 0.021 0.001 0.099 
 258   (0.136) 0.137 0.336 0.250 0.002 0.027 
 254   (0.087) 0.063 0.107 0.079 0.188 0.003 
 250   (0.033) 0.013 0.001 0.026 0.541 0.001 
 242   (0.109) 0.119 0.007 0.154 0.084 0.188 
 252   (0.093) 0.100 0.055 0.035 0.006 0.122 
 248   (0.159) 0.252 0.157 0.241 0.013 0.004 
 260   (0.052) 0.039 0.082 0.012 0.001 0.005 
 264   (0.019) 0.009 0.000 0.008 0.000 0.000 
 244   (0.024) 0.009 0.001 0.043 0.000 0.001 
 276   (0.013) 0.007 0.000 0.001 0.000 0.000 
 240   (0.015) 0.008 0.000 0.001 0.000 0.000 

Values of parameters used in structure:
DATAFILE=C:\Users\eschumacher\Documents\GitHub\GCC_QUAC_ZAIN\Data_Files\Structure_Files\QUAC\QUAC_wK_nopopinfo_garden_wild\QUAC_wK_nopopinfo_STR\project_data,	OUTFILE=C:\Users\eschumacher\Documents\GitHub\GCC_QUAC_ZAIN\Data_Files\Structure_Files\QUAC\QUAC_wK_nopopinfo_garden_wild\QUAC_wK_nopopinfo_STR\50-50\Results\50-50_run_23,	NUMINDS=449,	NUMLOCI=15,	MISSING=-9,	LABEL=1,	POPDATA=0,	POPFLAG=0,	PHENOTYPE=0,	EXTRACOLS=0,	MAXPOPS=5,	BURNIN=50000,	NUMREPS=50000,	USEPOPINFO=0,	INFERALPHA=1,	INFERLAMBDA=0,	POPSPECIFICLAMBDA=0,	POPALPHAS=0,	COMPUTEPROB=1,	NOADMIX=0,	ADMBURNIN=2500,	UPDATEFREQ=1,	PRINTLIKES=0,	INTERMEDSAVE=0,	PRINTKLD=0,	PRINTNET=0,	PRINTLAMBDA=0,	ANCESTDIST=0,	NUMBOXES=1000,	ANCESTPINT=0.90000,	GENSBACK=2,	MIGRPRIOR=0.05000,	PRINTQHAT=0,	PRINTQSUM=0,	ALPHA=1.0000,	FREQSCORR=1,	FPRIORMEAN=0.0100,	FPRIORSD=0.0500,	ONEFST=0,	LAMBDA=1.0000,	UNIFPRIORALPHA=1,	ALPHAMAX=10.0000,	ALPHAPRIORA=1.0000,	ALPHAPRIORB=2.0000,	ALPHAPROPSD=0.0250,	STARTATPOPINFO=0,	RANDOMIZE=1,	LINKAGE=0,	METROFREQ=10,	REPORTHITRATE=0,	MARKOVPHASE=-1,	PHASED=0,	PLOIDY=2,	PHASEINFO=0	LOCPRIOR=0, 	LOCPRIORINIT=1.000000, 	LOCDATA=0, 	LOCISPOP=0, 	LOCPRIORSTEP=0.100000, 	MAXLOCPRIOR=20.000000, 	SEED=1670280356,	
[STRAT parameters]:    NUMSIMSTATS=1000,	PHENOTYPECOL=-9,	POOLFREQ=10,	LOCUSxONLY=0,	EMERROR=0.00100,	MISSINGPHENO=-9,	