

----------------------------------------------------
STRUCTURE by Pritchard, Stephens and Donnelly (2000)
     and Falush, Stephens and Pritchard (2003)
       Code by Pritchard, Falush and Hubisz
             Version 2.3.4 (Jul 2012)
----------------------------------------------------



Command line arguments:   bin\structure -m C:\Users\eschumacher\Documents\GitHub\GCC_QUAC_ZAIN\Data_Files\Structure_Files\QUAC\QUAC_wK_nopopinfo_garden_wild\QUAC_wK_nopopinfo_STR\50-50\mainparams -e C:\Users\eschumacher\Documents\GitHub\GCC_QUAC_ZAIN\Data_Files\Structure_Files\QUAC\QUAC_wK_nopopinfo_garden_wild\QUAC_wK_nopopinfo_STR\50-50\extraparams 
Input File:    C:\Users\eschumacher\Documents\GitHub\GCC_QUAC_ZAIN\Data_Files\Structure_Files\QUAC\QUAC_wK_nopopinfo_garden_wild\QUAC_wK_nopopinfo_STR\project_data

Run parameters:
   449 individuals
   15 loci
   10 populations assumed
   50000 Burn-in period
   50000 Reps


--------------------------------------------
Overall proportion of membership of the
sample in each of the 10 clusters

Inferred Clusters
  1      2      3      4      5      6      7      8      9     10    
0.061  0.056  0.121  0.062  0.123  0.096  0.141  0.194  0.070  0.075  

--------------------------------------------

Allele-freq. divergence among pops (Net nucleotide distance),
computed using point estimates of P.

      1       2       3       4       5       6       7       8       9      10      
 1      -    0.0095  0.0700  0.0614  0.0311  0.0390  0.0957  0.0334  0.0843  0.1213  
 2   0.0095     -    0.0785  0.0685  0.0417  0.0489  0.1166  0.0379  0.0931  0.1301  
 3   0.0700  0.0785     -    0.1177  0.0974  0.1278  0.1415  0.1015  0.1577  0.0836  
 4   0.0614  0.0685  0.1177     -    0.0851  0.0935  0.0956  0.0965  0.1411  0.1421  
 5   0.0311  0.0417  0.0974  0.0851     -    0.0724  0.1288  0.0577  0.1020  0.1604  
 6   0.0390  0.0489  0.1278  0.0935  0.0724     -    0.1315  0.0743  0.1067  0.1734  
 7   0.0957  0.1166  0.1415  0.0956  0.1288  0.1315     -    0.1116  0.1671  0.1923  
 8   0.0334  0.0379  0.1015  0.0965  0.0577  0.0743  0.1116     -    0.0996  0.1485  
 9   0.0843  0.0931  0.1577  0.1411  0.1020  0.1067  0.1671  0.0996     -    0.2242  
10   0.1213  0.1301  0.0836  0.1421  0.1604  0.1734  0.1923  0.1485  0.2242     -    

Average distances (expected heterozygosity) between individuals in same cluster:
cluster  1  : 0.6985 
cluster  2  : 0.6468 
cluster  3  : 0.5009 
cluster  4  : 0.5090 
cluster  5  : 0.5527 
cluster  6  : 0.6021 
cluster  7  : 0.3995 
cluster  8  : 0.5595 
cluster  9  : 0.4643 
cluster 10  : 0.3915 

--------------------------------------------
Estimated Ln Prob of Data   = -15961.2
Mean value of ln likelihood = -15248.7
Variance of ln likelihood   = 1424.9
Mean value of alpha         = 0.0329

Mean value of Fst_1         = 0.0094
Mean value of Fst_2         = 0.0725
Mean value of Fst_3         = 0.2572
Mean value of Fst_4         = 0.2668
Mean value of Fst_5         = 0.1457
Mean value of Fst_6         = 0.1069
Mean value of Fst_7         = 0.4968
Mean value of Fst_8         = 0.1652
Mean value of Fst_9         = 0.4160
Mean value of Fst_10         = 0.5511


Inferred ancestry of individuals:
        Label (%Miss) :  Inferred clusters
  1 QAc-G-0029    (0)   :  0.039 0.013 0.193 0.009 0.019 0.004 0.023 0.071 0.006 0.622 
  2 QAc-G-0030    (0)   :  0.002 0.002 0.003 0.003 0.002 0.002 0.002 0.002 0.002 0.978 
  3 QAc-G-0031    (0)   :  0.003 0.002 0.005 0.003 0.003 0.002 0.004 0.002 0.002 0.973 
  4 QAc-G-0061    (0)   :  0.003 0.003 0.838 0.003 0.004 0.002 0.003 0.005 0.005 0.134 
  5 QAc-G-0062    (0)   :  0.080 0.050 0.006 0.308 0.092 0.005 0.025 0.006 0.423 0.005 
  6 QAc-G-0063    (0)   :  0.060 0.111 0.004 0.113 0.026 0.006 0.578 0.084 0.012 0.005 
  7 QAc-G-0064    (0)   :  0.003 0.003 0.003 0.006 0.003 0.003 0.005 0.005 0.966 0.002 
  8 QAc-G-0065    (0)   :  0.003 0.002 0.002 0.002 0.003 0.003 0.002 0.003 0.972 0.007 
  9 QAc-G-0066    (0)   :  0.003 0.003 0.004 0.003 0.003 0.002 0.973 0.003 0.002 0.004 
 10 QAc-G-0067    (0)   :  0.003 0.003 0.008 0.003 0.003 0.003 0.003 0.003 0.966 0.005 
 11 QAc-G-0068    (0)   :  0.239 0.120 0.004 0.004 0.014 0.053 0.555 0.003 0.006 0.002 
 12 QAc-G-0070    (0)   :  0.016 0.007 0.006 0.093 0.315 0.006 0.537 0.009 0.008 0.004 
 13 QAc-G-0071   (13)   :  0.006 0.008 0.011 0.046 0.006 0.008 0.892 0.004 0.002 0.017 
 14 QAc-G-0072    (0)   :  0.003 0.003 0.003 0.003 0.004 0.003 0.970 0.004 0.003 0.003 
 15 QAc-G-0073    (0)   :  0.004 0.004 0.005 0.003 0.004 0.003 0.003 0.969 0.003 0.002 
 16 QAc-G-0074    (0)   :  0.029 0.031 0.004 0.070 0.038 0.014 0.163 0.640 0.005 0.005 
 17 QAc-G-0075    (0)   :  0.014 0.050 0.005 0.009 0.006 0.009 0.015 0.872 0.006 0.015 
 18 QAc-G-0076    (0)   :  0.026 0.006 0.008 0.004 0.010 0.005 0.009 0.920 0.006 0.006 
 19 QAc-G-0077    (0)   :  0.004 0.003 0.837 0.006 0.003 0.004 0.008 0.006 0.007 0.121 
 20 QAc-G-0078    (0)   :  0.002 0.002 0.003 0.002 0.002 0.002 0.002 0.002 0.002 0.981 
 21 QAc-G-0079    (0)   :  0.002 0.003 0.004 0.003 0.002 0.003 0.004 0.003 0.002 0.976 
 22 QAc-G-0080    (0)   :  0.042 0.186 0.686 0.015 0.004 0.009 0.005 0.037 0.014 0.003 
 23 QAc-G-0081    (0)   :  0.353 0.385 0.006 0.030 0.190 0.008 0.005 0.013 0.004 0.006 
 24 QAc-G-0082    (0)   :  0.184 0.770 0.004 0.004 0.017 0.006 0.002 0.009 0.002 0.002 
 25 QAc-G-0083    (0)   :  0.007 0.006 0.015 0.893 0.011 0.006 0.011 0.029 0.012 0.009 
 26 QAc-G-0001   (13)   :  0.002 0.003 0.005 0.003 0.002 0.002 0.004 0.003 0.002 0.973 
 27 QAc-G-0002    (0)   :  0.002 0.002 0.005 0.002 0.002 0.002 0.002 0.002 0.002 0.978 
 28 QAc-G-0285    (0)   :  0.006 0.006 0.005 0.940 0.007 0.008 0.014 0.005 0.004 0.005 
 29 QAc-G-0286    (0)   :  0.003 0.002 0.003 0.005 0.002 0.003 0.974 0.003 0.002 0.003 
 30 QAc-G-0287    (0)   :  0.002 0.002 0.003 0.003 0.002 0.002 0.977 0.003 0.002 0.003 
 31 QAc-G-0288    (6)   :  0.016 0.008 0.026 0.006 0.039 0.006 0.855 0.014 0.008 0.021 
 32 QAc-G-0289    (0)   :  0.003 0.002 0.004 0.003 0.003 0.003 0.973 0.003 0.003 0.003 
 33 QAc-G-0290    (0)   :  0.003 0.002 0.003 0.003 0.004 0.002 0.971 0.003 0.006 0.003 
 34 QAc-G-0291    (0)   :  0.004 0.004 0.019 0.020 0.002 0.003 0.905 0.005 0.003 0.036 
 35 QAc-G-0292    (0)   :  0.007 0.009 0.004 0.704 0.010 0.006 0.249 0.004 0.003 0.003 
 36 QAc-G-0293    (0)   :  0.003 0.003 0.004 0.488 0.002 0.003 0.478 0.002 0.002 0.014 
 37 QAc-G-0294    (0)   :  0.019 0.040 0.006 0.003 0.006 0.013 0.003 0.894 0.006 0.008 
 38 QAc-G-0295    (0)   :  0.006 0.009 0.009 0.010 0.004 0.003 0.012 0.934 0.006 0.007 
 39 QAc-G-0296    (0)   :  0.004 0.003 0.004 0.005 0.005 0.004 0.005 0.959 0.009 0.002 
 40 QAc-G-0297    (0)   :  0.322 0.411 0.004 0.003 0.007 0.021 0.003 0.221 0.004 0.003 
 41 QAc-G-0298    (6)   :  0.004 0.006 0.004 0.005 0.004 0.004 0.003 0.960 0.004 0.005 
 42 QAc-G-0299    (0)   :  0.006 0.005 0.005 0.004 0.003 0.006 0.007 0.958 0.003 0.004 
 43 QAc-G-0300    (0)   :  0.005 0.006 0.004 0.003 0.010 0.005 0.003 0.946 0.016 0.002 
 44 QAc-G-0301    (0)   :  0.006 0.006 0.005 0.006 0.004 0.005 0.012 0.869 0.081 0.006 
 45 QAc-G-0302    (0)   :  0.018 0.061 0.004 0.006 0.005 0.885 0.006 0.009 0.003 0.003 
 46 QAc-G-0303    (0)   :  0.035 0.017 0.007 0.008 0.039 0.875 0.003 0.008 0.005 0.003 
 47 QAc-G-0304    (0)   :  0.002 0.002 0.003 0.005 0.002 0.002 0.973 0.003 0.002 0.003 
 48 QAc-G-0305    (0)   :  0.052 0.102 0.032 0.168 0.030 0.040 0.539 0.006 0.003 0.028 
 49 QAc-G-0306    (0)   :  0.002 0.002 0.004 0.005 0.003 0.002 0.973 0.003 0.002 0.003 
 50 QAc-G-0307    (0)   :  0.022 0.025 0.823 0.022 0.032 0.012 0.004 0.008 0.005 0.046 
 51 QAc-G-0308    (0)   :  0.004 0.004 0.950 0.006 0.005 0.007 0.009 0.008 0.003 0.004 
 52 QAc-G-0309    (0)   :  0.014 0.006 0.005 0.004 0.004 0.003 0.003 0.004 0.003 0.955 
 53 QAc-G-0310    (0)   :  0.003 0.003 0.004 0.003 0.003 0.002 0.003 0.003 0.003 0.973 
 54 QAc-G-0311    (0)   :  0.002 0.002 0.977 0.002 0.002 0.002 0.003 0.002 0.002 0.005 
 55 QAc-G-0312    (0)   :  0.147 0.049 0.572 0.006 0.061 0.064 0.006 0.075 0.014 0.006 
 56 QAc-G-0313    (0)   :  0.718 0.110 0.005 0.038 0.070 0.005 0.007 0.016 0.006 0.024 
 57 QAc-G-0314    (0)   :  0.590 0.192 0.010 0.003 0.077 0.014 0.004 0.094 0.008 0.008 
 58 QAc-G-0315    (0)   :  0.924 0.020 0.005 0.005 0.010 0.011 0.007 0.009 0.006 0.004 
 59 QAc-G-0316    (0)   :  0.242 0.605 0.014 0.007 0.064 0.004 0.011 0.006 0.007 0.039 
 60 QAc-G-0032    (6)   :  0.491 0.084 0.005 0.004 0.008 0.289 0.007 0.010 0.095 0.007 
 61 QAc-G-0033    (0)   :  0.004 0.005 0.004 0.004 0.006 0.004 0.004 0.953 0.008 0.007 
 62 QAc-G-0034    (0)   :  0.008 0.005 0.027 0.004 0.015 0.009 0.005 0.900 0.007 0.022 
 63 QAc-G-0035    (0)   :  0.006 0.008 0.004 0.006 0.005 0.006 0.006 0.945 0.010 0.003 
 64 QAc-G-0036    (0)   :  0.011 0.009 0.005 0.013 0.012 0.004 0.014 0.921 0.005 0.006 
 65 QAc-G-0037    (0)   :  0.005 0.006 0.013 0.005 0.002 0.003 0.014 0.941 0.004 0.006 
 66 QAc-G-0038    (0)   :  0.004 0.005 0.002 0.002 0.005 0.003 0.003 0.973 0.003 0.002 
 67 QAc-G-0039    (0)   :  0.019 0.032 0.026 0.004 0.020 0.011 0.005 0.868 0.005 0.011 
 68 QAc-G-0040    (0)   :  0.010 0.006 0.005 0.010 0.064 0.007 0.055 0.834 0.003 0.005 
 69 QAc-G-0041    (0)   :  0.006 0.006 0.003 0.019 0.022 0.003 0.003 0.909 0.027 0.003 
 70 QAc-G-0042    (0)   :  0.004 0.004 0.004 0.004 0.005 0.006 0.007 0.958 0.006 0.002 
 71 QAc-G-0043    (0)   :  0.004 0.004 0.009 0.004 0.004 0.003 0.005 0.961 0.003 0.004 
 72 QAc-G-0044    (0)   :  0.010 0.012 0.003 0.005 0.006 0.013 0.008 0.913 0.026 0.004 
 73 QAc-G-0045    (0)   :  0.005 0.010 0.040 0.004 0.008 0.005 0.007 0.898 0.012 0.011 
 74 QAc-G-0046    (0)   :  0.012 0.012 0.016 0.005 0.015 0.003 0.002 0.885 0.004 0.046 
 75 QAc-G-0047    (0)   :  0.012 0.020 0.017 0.004 0.008 0.014 0.005 0.894 0.006 0.020 
 76 QAc-G-0048    (0)   :  0.005 0.010 0.003 0.005 0.007 0.004 0.004 0.955 0.005 0.002 
 77 QAc-G-0049    (0)   :  0.002 0.002 0.006 0.003 0.003 0.002 0.004 0.003 0.002 0.972 
 78 QAc-G-0050    (0)   :  0.850 0.023 0.055 0.006 0.013 0.018 0.018 0.004 0.004 0.010 
 79 QAc-G-0051    (0)   :  0.002 0.002 0.004 0.003 0.003 0.002 0.003 0.002 0.002 0.976 
 80 QAc-G-0052    (0)   :  0.005 0.007 0.951 0.003 0.006 0.003 0.004 0.006 0.009 0.007 
 81 QAc-G-0053    (0)   :  0.005 0.006 0.938 0.005 0.003 0.002 0.007 0.020 0.003 0.011 
 82 QAc-G-0054    (0)   :  0.274 0.069 0.509 0.003 0.087 0.035 0.004 0.013 0.004 0.003 
 83 QAc-G-0055    (0)   :  0.058 0.273 0.612 0.004 0.006 0.028 0.003 0.008 0.003 0.004 
 84 QAc-G-0056    (0)   :  0.738 0.042 0.077 0.006 0.088 0.016 0.012 0.010 0.008 0.004 
 85 QAc-G-0057    (0)   :  0.002 0.003 0.005 0.003 0.002 0.003 0.003 0.003 0.002 0.974 
 86 QAc-G-0058    (6)   :  0.003 0.003 0.004 0.003 0.002 0.003 0.003 0.002 0.002 0.976 
 87 QAc-G-0059    (0)   :  0.222 0.258 0.488 0.003 0.005 0.005 0.002 0.008 0.003 0.006 
 88 QAc-G-0060    (6)   :  0.026 0.009 0.907 0.006 0.006 0.005 0.013 0.007 0.008 0.013 
 89 QAc-G-0276    (0)   :  0.006 0.005 0.011 0.617 0.005 0.004 0.331 0.014 0.002 0.006 
 90 QAc-G-0279    (0)   :  0.003 0.003 0.005 0.004 0.003 0.002 0.971 0.003 0.002 0.005 
 91 QAc-G-0280    (6)   :  0.004 0.004 0.003 0.005 0.004 0.003 0.963 0.007 0.004 0.003 
 92 QAc-G-0281    (0)   :  0.003 0.003 0.970 0.003 0.003 0.003 0.005 0.003 0.003 0.006 
 93 QAc-G-0018    (0)   :  0.027 0.047 0.038 0.004 0.008 0.025 0.006 0.815 0.006 0.024 
 94 QAc-G-0019    (0)   :  0.006 0.004 0.004 0.016 0.006 0.004 0.013 0.875 0.067 0.003 
 95 QAc-G-0020    (0)   :  0.032 0.009 0.004 0.004 0.004 0.003 0.002 0.935 0.003 0.005 
 96 QAc-G-0021    (6)   :  0.006 0.008 0.008 0.003 0.002 0.003 0.003 0.941 0.016 0.011 
 97 QAc-G-0022    (6)   :  0.044 0.183 0.019 0.011 0.066 0.008 0.004 0.600 0.056 0.010 
 98 QAc-G-0023    (0)   :  0.004 0.005 0.344 0.004 0.003 0.003 0.003 0.003 0.002 0.629 
 99 QAc-G-0024    (0)   :  0.003 0.003 0.007 0.002 0.003 0.003 0.003 0.004 0.003 0.968 
100 QAc-G-0016    (0)   :  0.300 0.038 0.340 0.006 0.016 0.266 0.011 0.015 0.004 0.003 
101 QAc-G-0017    (0)   :  0.027 0.026 0.003 0.008 0.013 0.695 0.005 0.008 0.213 0.003 
102 QAc-G-0250    (0)   :  0.317 0.249 0.006 0.214 0.009 0.026 0.152 0.014 0.007 0.006 
103 QAc-G-0003    (6)   :  0.004 0.003 0.005 0.008 0.006 0.003 0.959 0.005 0.003 0.004 
104 QAc-G-0004    (0)   :  0.043 0.057 0.006 0.007 0.005 0.820 0.003 0.037 0.005 0.017 
105 QAc-G-0005    (0)   :  0.003 0.003 0.003 0.002 0.003 0.003 0.003 0.003 0.975 0.003 
106 QAc-G-0006    (6)   :  0.045 0.176 0.004 0.009 0.011 0.737 0.005 0.009 0.003 0.002 
107 QAc-G-0283    (0)   :  0.188 0.606 0.004 0.074 0.100 0.012 0.003 0.005 0.003 0.003 
108 QAc-G-0265    (0)   :  0.122 0.196 0.004 0.211 0.009 0.005 0.004 0.015 0.004 0.429 
109 QAc-G-0266    (0)   :  0.002 0.002 0.006 0.003 0.002 0.002 0.004 0.002 0.002 0.975 
110 QAc-G-0267    (0)   :  0.010 0.009 0.008 0.635 0.009 0.005 0.004 0.211 0.105 0.004 
111 QAc-G-0268   (20)   :  0.366 0.034 0.008 0.006 0.006 0.011 0.548 0.005 0.011 0.003 
112 QAc-G-0269    (0)   :  0.003 0.002 0.003 0.003 0.002 0.002 0.973 0.004 0.002 0.004 
113 QAc-G-0270    (6)   :  0.005 0.004 0.004 0.005 0.005 0.004 0.006 0.954 0.010 0.004 
114 QAc-G-0271    (0)   :  0.190 0.170 0.005 0.007 0.009 0.008 0.004 0.448 0.155 0.004 
115 QAc-G-0272    (6)   :  0.006 0.010 0.006 0.011 0.006 0.009 0.015 0.928 0.003 0.005 
116 QAc-G-0273    (0)   :  0.004 0.003 0.959 0.004 0.003 0.003 0.004 0.003 0.004 0.012 
117 QAc-G-0274    (0)   :  0.002 0.002 0.002 0.002 0.002 0.002 0.002 0.003 0.979 0.002 
118 QAc-G-0251    (6)   :  0.006 0.006 0.005 0.004 0.008 0.015 0.004 0.933 0.013 0.007 
119 QAc-G-0252    (0)   :  0.006 0.008 0.005 0.003 0.013 0.012 0.004 0.941 0.005 0.004 
120 QAc-G-0253    (0)   :  0.004 0.006 0.955 0.004 0.003 0.003 0.006 0.004 0.003 0.014 
121 QAc-G-0254    (0)   :  0.008 0.011 0.048 0.003 0.003 0.003 0.004 0.003 0.003 0.915 
122 QAc-G-0255    (0)   :  0.034 0.038 0.005 0.009 0.007 0.879 0.005 0.013 0.007 0.004 
123 QAc-G-0256    (0)   :  0.005 0.007 0.006 0.006 0.003 0.945 0.010 0.007 0.008 0.003 
124 QAc-G-0257    (0)   :  0.023 0.009 0.021 0.007 0.054 0.825 0.003 0.011 0.043 0.002 
125 QAc-G-0258    (0)   :  0.011 0.007 0.003 0.004 0.003 0.958 0.003 0.005 0.005 0.002 
126 QAc-G-0259    (0)   :  0.962 0.005 0.002 0.002 0.011 0.009 0.002 0.004 0.002 0.002 
127 QAc-G-0260    (0)   :  0.777 0.011 0.009 0.011 0.040 0.028 0.036 0.014 0.069 0.005 
128 QAc-G-0261    (0)   :  0.215 0.291 0.004 0.004 0.006 0.011 0.004 0.008 0.455 0.003 
129 QAc-G-0262    (0)   :  0.579 0.175 0.008 0.023 0.016 0.135 0.017 0.006 0.038 0.004 
130 QAc-G-0010    (0)   :  0.009 0.013 0.009 0.883 0.007 0.004 0.038 0.016 0.004 0.016 
131 QAc-G-0011    (0)   :  0.021 0.044 0.004 0.003 0.903 0.003 0.004 0.007 0.005 0.004 
132 QAc-G-0015    (0)   :  0.033 0.072 0.304 0.011 0.044 0.096 0.003 0.010 0.008 0.420 
133 QAc-G-0106    (0)   :  0.015 0.009 0.003 0.003 0.007 0.924 0.002 0.011 0.025 0.002 
134 QAc-G-0107    (0)   :  0.013 0.010 0.009 0.008 0.005 0.939 0.005 0.003 0.003 0.005 
135 QAc-G-0108    (0)   :  0.005 0.004 0.002 0.004 0.004 0.964 0.005 0.005 0.004 0.002 
136 QAc-G-0109    (0)   :  0.057 0.107 0.015 0.009 0.025 0.736 0.005 0.007 0.033 0.006 
137 QAc-G-0110    (0)   :  0.033 0.044 0.006 0.020 0.011 0.784 0.063 0.029 0.003 0.008 
138 QAc-G-0111    (0)   :  0.009 0.035 0.004 0.022 0.008 0.895 0.005 0.011 0.005 0.006 
139 QAc-G-0112    (0)   :  0.022 0.007 0.006 0.014 0.003 0.900 0.027 0.004 0.003 0.012 
140 QAc-G-0113    (0)   :  0.046 0.035 0.078 0.014 0.006 0.786 0.009 0.006 0.019 0.002 
141 QAc-G-0114    (0)   :  0.031 0.013 0.013 0.011 0.006 0.859 0.013 0.036 0.003 0.016 
142 QAc-G-0115    (0)   :  0.013 0.006 0.005 0.004 0.005 0.943 0.010 0.005 0.005 0.003 
143 QAc-G-0116    (0)   :  0.010 0.009 0.007 0.015 0.007 0.924 0.012 0.004 0.006 0.007 
144 QAc-G-0117    (0)   :  0.051 0.587 0.010 0.027 0.010 0.138 0.005 0.107 0.062 0.004 
145 QAc-G-0118    (0)   :  0.008 0.010 0.002 0.013 0.010 0.926 0.003 0.005 0.021 0.002 
146 QAc-G-0119    (0)   :  0.017 0.065 0.004 0.003 0.004 0.859 0.002 0.018 0.024 0.006 
147 QAc-G-0120    (0)   :  0.077 0.039 0.009 0.006 0.012 0.831 0.006 0.011 0.005 0.005 
148 QAc-G-0121    (0)   :  0.004 0.004 0.003 0.004 0.003 0.007 0.007 0.008 0.957 0.004 
149 QAc-G-0122    (0)   :  0.005 0.004 0.004 0.009 0.005 0.009 0.032 0.008 0.920 0.005 
150 QAc-G-0123    (0)   :  0.002 0.003 0.002 0.002 0.002 0.002 0.002 0.004 0.978 0.002 
151 QAc-G-0124    (6)   :  0.003 0.003 0.003 0.003 0.004 0.003 0.003 0.004 0.971 0.003 
152 QAc-G-0125    (0)   :  0.213 0.109 0.019 0.035 0.039 0.020 0.012 0.006 0.492 0.056 
153 QAc-G-0126    (0)   :  0.506 0.045 0.036 0.005 0.014 0.148 0.006 0.010 0.227 0.003 
154 QAc-G-0127    (0)   :  0.007 0.004 0.006 0.004 0.009 0.007 0.003 0.006 0.952 0.003 
155 QAc-G-0128    (0)   :  0.003 0.002 0.003 0.003 0.003 0.003 0.004 0.003 0.973 0.003 
156 QAc-G-0129    (0)   :  0.002 0.002 0.002 0.002 0.002 0.003 0.003 0.003 0.978 0.002 
157 QAc-G-0130    (0)   :  0.006 0.005 0.003 0.008 0.014 0.036 0.004 0.009 0.915 0.002 
158 QAc-G-0131    (0)   :  0.004 0.004 0.004 0.003 0.004 0.005 0.005 0.006 0.963 0.003 
159 QAc-G-0132    (0)   :  0.020 0.019 0.008 0.017 0.006 0.142 0.014 0.006 0.746 0.021 
160 QAc-G-0133    (0)   :  0.004 0.004 0.003 0.005 0.004 0.003 0.004 0.007 0.962 0.003 
161 QAc-G-0134    (0)   :  0.004 0.003 0.003 0.003 0.003 0.004 0.003 0.004 0.964 0.009 
162 QAc-G-0135    (0)   :  0.007 0.008 0.007 0.004 0.006 0.942 0.005 0.011 0.003 0.008 
163 QAc-G-0136    (0)   :  0.015 0.019 0.007 0.131 0.012 0.792 0.006 0.005 0.005 0.006 
164 QAc-G-0137    (0)   :  0.022 0.029 0.004 0.005 0.006 0.887 0.004 0.012 0.028 0.003 
165 QAc-G-0138    (0)   :  0.014 0.027 0.008 0.031 0.030 0.875 0.002 0.002 0.006 0.005 
166 QAc-G-0139    (0)   :  0.009 0.004 0.002 0.003 0.006 0.908 0.003 0.033 0.029 0.002 
167 QAc-G-0140    (6)   :  0.036 0.025 0.007 0.009 0.005 0.824 0.006 0.033 0.052 0.003 
168 QAc-G-0141    (0)   :  0.065 0.687 0.019 0.012 0.024 0.109 0.016 0.044 0.019 0.004 
169 QAc-G-0142    (0)   :  0.004 0.004 0.002 0.003 0.004 0.970 0.003 0.005 0.003 0.002 
170 QAc-G-0143    (0)   :  0.884 0.082 0.006 0.004 0.004 0.004 0.005 0.005 0.003 0.002 
171 QAc-G-0144    (6)   :  0.502 0.074 0.005 0.011 0.004 0.390 0.003 0.005 0.003 0.003 
172 QAc-G-0145    (0)   :  0.003 0.003 0.003 0.004 0.003 0.003 0.972 0.004 0.002 0.003 
173 QAc-G-0146    (0)   :  0.003 0.003 0.004 0.003 0.003 0.002 0.003 0.003 0.974 0.002 
174 QAc-G-0147    (0)   :  0.253 0.070 0.009 0.031 0.281 0.061 0.007 0.022 0.264 0.003 
175 QAc-G-0148    (0)   :  0.521 0.369 0.004 0.022 0.006 0.050 0.003 0.014 0.008 0.003 
176 QAc-G-0149    (0)   :  0.003 0.003 0.002 0.003 0.004 0.003 0.003 0.004 0.972 0.002 
177 QAc-G-0150    (0)   :  0.003 0.003 0.004 0.004 0.003 0.002 0.971 0.003 0.003 0.004 
178 QAc-G-0151    (0)   :  0.003 0.002 0.003 0.003 0.003 0.003 0.003 0.004 0.973 0.002 
179 QAc-G-0152    (0)   :  0.003 0.003 0.006 0.003 0.003 0.002 0.002 0.004 0.970 0.003 
180 QAc-G-0153    (0)   :  0.009 0.012 0.002 0.065 0.019 0.007 0.003 0.009 0.874 0.002 
181 QAc-G-0154    (0)   :  0.006 0.008 0.003 0.017 0.004 0.028 0.011 0.022 0.898 0.003 
182 QAc-G-0155    (0)   :  0.003 0.002 0.003 0.003 0.003 0.002 0.003 0.005 0.973 0.002 
183 QAc-G-0158    (0)   :  0.003 0.002 0.003 0.003 0.003 0.003 0.003 0.002 0.976 0.003 
184 QAc-G-0159    (0)   :  0.031 0.035 0.005 0.004 0.011 0.871 0.012 0.008 0.013 0.011 
185 QAc-G-0160    (0)   :  0.002 0.002 0.003 0.003 0.002 0.002 0.978 0.002 0.002 0.003 
186 QAc-G-0161    (0)   :  0.002 0.002 0.002 0.003 0.002 0.002 0.978 0.003 0.002 0.002 
187 QAc-G-0162    (0)   :  0.034 0.015 0.006 0.544 0.008 0.005 0.064 0.314 0.004 0.007 
188 QAc-G-0163    (0)   :  0.031 0.029 0.003 0.021 0.006 0.016 0.818 0.070 0.003 0.002 
189 QAc-G-0164    (0)   :  0.013 0.005 0.017 0.003 0.053 0.004 0.895 0.004 0.002 0.004 
190 QAc-G-0165    (0)   :  0.004 0.003 0.003 0.006 0.005 0.004 0.961 0.005 0.008 0.002 
191 QAc-G-0166    (0)   :  0.003 0.002 0.003 0.003 0.003 0.002 0.973 0.005 0.003 0.003 
192 QAc-G-0167    (0)   :  0.003 0.003 0.003 0.003 0.004 0.003 0.970 0.004 0.003 0.004 
193 QAc-G-0168    (0)   :  0.002 0.002 0.002 0.003 0.002 0.002 0.978 0.003 0.002 0.003 
194 QAc-G-0169    (6)   :  0.609 0.019 0.004 0.089 0.013 0.058 0.192 0.006 0.005 0.005 
195 QAc-G-0170    (0)   :  0.004 0.004 0.004 0.006 0.004 0.003 0.964 0.004 0.005 0.003 
196 QAc-G-0171    (0)   :  0.003 0.002 0.003 0.005 0.003 0.002 0.972 0.004 0.002 0.004 
197 QAc-G-0172    (0)   :  0.062 0.202 0.007 0.015 0.011 0.662 0.013 0.006 0.013 0.009 
198 QAc-G-0173    (0)   :  0.003 0.002 0.004 0.508 0.002 0.003 0.460 0.003 0.002 0.012 
199 QAc-G-0174    (0)   :  0.003 0.003 0.005 0.943 0.004 0.003 0.024 0.006 0.003 0.006 
200 QAc-G-0175    (0)   :  0.003 0.003 0.004 0.005 0.003 0.002 0.973 0.003 0.002 0.003 
201 QAc-G-0176    (0)   :  0.013 0.008 0.011 0.006 0.004 0.005 0.799 0.148 0.003 0.004 
202 QAc-G-0177    (0)   :  0.003 0.003 0.004 0.006 0.003 0.002 0.971 0.003 0.003 0.003 
203 QAc-G-0178    (0)   :  0.012 0.008 0.014 0.009 0.233 0.003 0.697 0.003 0.015 0.006 
204 QAc-G-0179    (6)   :  0.003 0.002 0.003 0.006 0.002 0.002 0.973 0.003 0.002 0.003 
205 QAc-G-0180    (0)   :  0.002 0.002 0.002 0.003 0.003 0.002 0.977 0.003 0.002 0.002 
206 QAc-G-0181    (0)   :  0.004 0.004 0.002 0.003 0.005 0.004 0.966 0.008 0.003 0.002 
207 QAc-G-0182    (0)   :  0.006 0.004 0.003 0.524 0.004 0.005 0.442 0.005 0.005 0.002 
208 QAc-G-0183    (6)   :  0.012 0.007 0.008 0.014 0.004 0.008 0.937 0.003 0.004 0.004 
209 QAc-G-0184    (0)   :  0.003 0.002 0.002 0.004 0.003 0.003 0.974 0.003 0.003 0.003 
210 QAc-G-0185    (0)   :  0.016 0.013 0.006 0.048 0.111 0.008 0.749 0.010 0.035 0.004 
211 QAc-G-0186    (0)   :  0.004 0.003 0.002 0.005 0.005 0.003 0.963 0.010 0.002 0.002 
212 QAc-G-0187    (0)   :  0.029 0.013 0.024 0.005 0.095 0.005 0.784 0.015 0.005 0.027 
213 QAc-G-0188    (0)   :  0.287 0.119 0.004 0.011 0.006 0.349 0.195 0.021 0.005 0.002 
214 QAc-G-0189    (0)   :  0.005 0.008 0.011 0.036 0.005 0.004 0.913 0.003 0.002 0.013 
215 QAc-G-0190    (0)   :  0.003 0.003 0.003 0.004 0.003 0.002 0.968 0.004 0.004 0.004 
216 QAc-G-0191    (0)   :  0.003 0.003 0.004 0.004 0.003 0.002 0.968 0.004 0.004 0.004 
217 QAc-G-0192    (0)   :  0.002 0.002 0.003 0.003 0.002 0.002 0.978 0.002 0.002 0.003 
218 QAc-G-0193    (0)   :  0.003 0.003 0.004 0.003 0.004 0.003 0.971 0.004 0.004 0.003 
219 QAc-G-0194    (0)   :  0.004 0.004 0.006 0.004 0.005 0.003 0.964 0.005 0.003 0.003 
220 QAc-G-0195    (0)   :  0.005 0.005 0.011 0.879 0.004 0.004 0.055 0.008 0.002 0.027 
221 QAc-G-0196    (0)   :  0.003 0.003 0.004 0.322 0.003 0.002 0.645 0.004 0.002 0.010 
222 QAc-G-0197    (0)   :  0.002 0.002 0.003 0.003 0.002 0.002 0.977 0.003 0.002 0.003 
223 QAc-G-0198    (0)   :  0.003 0.003 0.003 0.005 0.003 0.002 0.971 0.004 0.003 0.003 
224 QAc-G-0199    (0)   :  0.018 0.012 0.012 0.110 0.114 0.004 0.695 0.014 0.018 0.002 
225 QAc-G-0200    (0)   :  0.004 0.003 0.003 0.006 0.005 0.003 0.962 0.009 0.002 0.003 
226 QAc-G-0201    (0)   :  0.011 0.004 0.004 0.494 0.003 0.003 0.472 0.003 0.002 0.004 
227 QAc-G-0202    (6)   :  0.003 0.005 0.009 0.426 0.003 0.005 0.532 0.004 0.002 0.011 
228 QAc-G-0203    (0)   :  0.008 0.011 0.011 0.003 0.002 0.004 0.951 0.003 0.002 0.004 
229 QAc-G-0204    (0)   :  0.004 0.004 0.003 0.005 0.003 0.003 0.966 0.005 0.003 0.005 
230 QAc-G-0205    (0)   :  0.002 0.002 0.004 0.002 0.002 0.002 0.003 0.002 0.002 0.979 
231 QAc-G-0206    (0)   :  0.117 0.239 0.021 0.004 0.006 0.027 0.003 0.018 0.004 0.561 
232 QAc-G-0207    (0)   :  0.005 0.004 0.955 0.004 0.006 0.003 0.005 0.005 0.004 0.008 
233 QAc-G-0208    (0)   :  0.003 0.003 0.006 0.003 0.003 0.002 0.003 0.003 0.003 0.973 
234 QAc-G-0209    (0)   :  0.003 0.003 0.006 0.004 0.003 0.003 0.004 0.003 0.002 0.970 
235 QAc-G-0210    (0)   :  0.004 0.003 0.806 0.002 0.004 0.004 0.002 0.003 0.002 0.169 
236 QAc-G-0211    (0)   :  0.003 0.003 0.973 0.003 0.003 0.003 0.002 0.002 0.003 0.005 
237 QAc-G-0212    (0)   :  0.003 0.003 0.683 0.004 0.003 0.002 0.004 0.004 0.003 0.291 
238 QAc-G-0213    (0)   :  0.003 0.003 0.957 0.003 0.004 0.002 0.005 0.005 0.003 0.015 
239 QAc-G-0214    (0)   :  0.002 0.002 0.004 0.003 0.002 0.002 0.003 0.002 0.002 0.977 
240 QAc-G-0215    (0)   :  0.004 0.005 0.961 0.003 0.004 0.003 0.003 0.003 0.002 0.012 
241 QAc-G-0216    (0)   :  0.128 0.424 0.036 0.244 0.004 0.049 0.024 0.012 0.004 0.074 
242 QAc-G-0217    (0)   :  0.005 0.008 0.924 0.007 0.005 0.005 0.002 0.005 0.016 0.023 
243 QAc-G-0218    (0)   :  0.003 0.004 0.965 0.003 0.005 0.002 0.004 0.005 0.004 0.006 
244 QAc-G-0219    (0)   :  0.011 0.017 0.922 0.005 0.005 0.011 0.006 0.011 0.008 0.004 
245 QAc-G-0220    (0)   :  0.027 0.023 0.924 0.002 0.004 0.003 0.003 0.003 0.004 0.006 
246 QAc-G-0221    (0)   :  0.006 0.005 0.911 0.015 0.025 0.004 0.004 0.008 0.006 0.015 
247 QAc-G-0222    (0)   :  0.003 0.003 0.007 0.002 0.003 0.002 0.003 0.003 0.002 0.971 
248 QAc-G-0223    (0)   :  0.004 0.004 0.943 0.003 0.005 0.004 0.003 0.004 0.004 0.026 
249 QAc-G-0224    (0)   :  0.003 0.004 0.964 0.004 0.003 0.002 0.006 0.002 0.003 0.009 
250 QAc-G-0226    (0)   :  0.003 0.003 0.006 0.003 0.003 0.002 0.003 0.003 0.003 0.972 
251 QAc-G-0227    (0)   :  0.006 0.005 0.004 0.005 0.004 0.005 0.005 0.949 0.013 0.004 
252 QAc-G-0228    (6)   :  0.005 0.005 0.006 0.005 0.005 0.004 0.004 0.960 0.003 0.005 
253 QAc-G-0229    (0)   :  0.012 0.015 0.005 0.009 0.016 0.014 0.005 0.910 0.004 0.011 
254 QAc-G-0230    (0)   :  0.007 0.008 0.007 0.005 0.006 0.010 0.005 0.920 0.003 0.029 
255 QAc-G-0231    (0)   :  0.003 0.003 0.961 0.003 0.003 0.003 0.006 0.003 0.003 0.013 
256 QAc-G-0232    (0)   :  0.007 0.010 0.003 0.002 0.010 0.004 0.003 0.949 0.010 0.002 
257 QAc-G-0233    (0)   :  0.181 0.015 0.025 0.004 0.180 0.004 0.005 0.574 0.005 0.007 
258 QAc-G-0234    (0)   :  0.007 0.005 0.003 0.018 0.012 0.004 0.011 0.928 0.004 0.007 
259 QAc-G-0235    (0)   :  0.018 0.055 0.006 0.025 0.009 0.867 0.003 0.006 0.002 0.009 
260 QAc-G-0236    (0)   :  0.004 0.003 0.004 0.006 0.004 0.004 0.005 0.958 0.008 0.004 
261 QAc-G-0237    (0)   :  0.008 0.005 0.015 0.006 0.012 0.009 0.014 0.908 0.014 0.010 
262 QAc-G-0238    (0)   :  0.005 0.004 0.008 0.004 0.004 0.003 0.005 0.959 0.003 0.004 
263 QAc-G-0239    (0)   :  0.008 0.009 0.006 0.003 0.005 0.004 0.005 0.952 0.003 0.003 
264 QAc-G-0240    (0)   :  0.004 0.005 0.003 0.003 0.005 0.006 0.003 0.964 0.006 0.002 
265 QAc-G-0241    (0)   :  0.034 0.067 0.008 0.028 0.022 0.016 0.006 0.806 0.006 0.007 
266 QAc-G-0242    (0)   :  0.011 0.010 0.011 0.003 0.014 0.004 0.003 0.930 0.009 0.004 
267 QAc-G-0243    (0)   :  0.071 0.155 0.024 0.007 0.134 0.008 0.003 0.529 0.063 0.006 
268 QAc-G-0244    (0)   :  0.018 0.031 0.008 0.007 0.005 0.015 0.005 0.901 0.004 0.006 
269 QAc-G-0245    (0)   :  0.004 0.003 0.003 0.006 0.005 0.004 0.006 0.953 0.012 0.003 
270 QAc-G-0246    (0)   :  0.009 0.005 0.005 0.004 0.006 0.005 0.007 0.950 0.005 0.003 
271 QAc-G-0247    (0)   :  0.005 0.005 0.005 0.004 0.006 0.003 0.002 0.965 0.003 0.003 
272 QAc-G-0248    (0)   :  0.005 0.005 0.003 0.003 0.003 0.004 0.003 0.968 0.003 0.003 
273 QAc-G-0249    (0)   :  0.021 0.017 0.005 0.007 0.904 0.009 0.013 0.010 0.002 0.012 
274 QAc-G-0025    (0)   :  0.002 0.002 0.005 0.002 0.002 0.002 0.003 0.003 0.002 0.976 
275 QAc-G-0028    (0)   :  0.013 0.009 0.022 0.004 0.070 0.003 0.006 0.855 0.004 0.014 
276 QAc-G-0275    (0)   :  0.004 0.004 0.952 0.005 0.003 0.003 0.013 0.005 0.002 0.010 
277 QAc-G-0263    (0)   :  0.311 0.085 0.026 0.446 0.094 0.008 0.012 0.004 0.005 0.008 
278 QAc-W-0001    (0)   :  0.014 0.015 0.005 0.003 0.005 0.019 0.003 0.894 0.037 0.004 
279 QAc-W-0002    (0)   :  0.016 0.012 0.004 0.006 0.013 0.022 0.021 0.900 0.003 0.003 
280 QAc-W-0003    (0)   :  0.016 0.051 0.068 0.035 0.005 0.019 0.006 0.783 0.009 0.008 
281 QAc-W-0004    (0)   :  0.004 0.004 0.007 0.004 0.006 0.003 0.007 0.952 0.004 0.010 
282 QAc-W-0005    (0)   :  0.011 0.026 0.003 0.017 0.013 0.006 0.007 0.896 0.015 0.005 
283 QAc-W-0006    (0)   :  0.007 0.006 0.006 0.004 0.008 0.008 0.006 0.944 0.006 0.005 
284 QAc-W-0007   (13)   :  0.005 0.009 0.005 0.004 0.008 0.003 0.004 0.954 0.005 0.004 
285 QAc-W-0008    (6)   :  0.058 0.032 0.003 0.004 0.040 0.007 0.004 0.847 0.003 0.002 
286 QAc-W-0009    (0)   :  0.052 0.012 0.009 0.005 0.022 0.073 0.011 0.806 0.007 0.003 
287 QAc-W-0010    (0)   :  0.093 0.050 0.006 0.044 0.058 0.013 0.007 0.706 0.018 0.005 
288 QAc-W-0011    (0)   :  0.016 0.008 0.006 0.016 0.004 0.015 0.045 0.865 0.018 0.006 
289 QAc-W-0012    (0)   :  0.009 0.005 0.004 0.004 0.006 0.005 0.014 0.943 0.005 0.005 
290 QAc-W-0013    (0)   :  0.014 0.008 0.094 0.004 0.005 0.069 0.007 0.759 0.004 0.036 
291 QAc-W-0014    (0)   :  0.008 0.008 0.004 0.009 0.030 0.004 0.003 0.924 0.004 0.006 
292 QAc-W-0015    (0)   :  0.018 0.026 0.043 0.166 0.034 0.025 0.017 0.654 0.004 0.014 
293 QAc-W-0016    (0)   :  0.300 0.059 0.007 0.014 0.088 0.012 0.006 0.498 0.003 0.012 
294 QAc-W-0017    (0)   :  0.131 0.508 0.042 0.080 0.073 0.026 0.019 0.105 0.011 0.004 
295 QAc-W-0018    (0)   :  0.187 0.357 0.031 0.003 0.021 0.017 0.003 0.350 0.011 0.020 
296 QAc-W-0019    (0)   :  0.007 0.008 0.006 0.005 0.013 0.008 0.007 0.933 0.006 0.007 
297 QAc-W-0020    (0)   :  0.103 0.256 0.003 0.006 0.005 0.005 0.004 0.576 0.037 0.004 
298 QAc-W-0021    (0)   :  0.306 0.129 0.020 0.003 0.042 0.064 0.013 0.244 0.013 0.166 
299 QAc-W-0022    (0)   :  0.196 0.345 0.017 0.059 0.104 0.012 0.014 0.216 0.007 0.030 
300 QAc-W-0023    (6)   :  0.109 0.162 0.011 0.006 0.103 0.188 0.003 0.331 0.061 0.027 
301 QAc-W-0024    (0)   :  0.150 0.512 0.036 0.006 0.015 0.013 0.054 0.166 0.007 0.042 
302 QAc-W-0025    (0)   :  0.006 0.007 0.004 0.003 0.005 0.004 0.004 0.960 0.004 0.003 
303 QAc-W-0026    (0)   :  0.077 0.010 0.032 0.027 0.062 0.015 0.049 0.610 0.100 0.018 
304 QAc-W-0027    (0)   :  0.008 0.006 0.005 0.003 0.010 0.009 0.008 0.946 0.003 0.003 
305 QAc-W-0028    (0)   :  0.009 0.032 0.003 0.005 0.005 0.007 0.005 0.926 0.004 0.003 
306 QAc-W-0029    (0)   :  0.012 0.010 0.007 0.003 0.004 0.010 0.003 0.939 0.008 0.005 
307 QAc-W-0030    (0)   :  0.006 0.005 0.004 0.006 0.004 0.004 0.009 0.951 0.006 0.005 
308 QAc-W-0031    (0)   :  0.008 0.004 0.027 0.003 0.004 0.008 0.004 0.889 0.003 0.051 
309 QAc-W-0032    (0)   :  0.006 0.007 0.004 0.003 0.009 0.003 0.002 0.951 0.011 0.003 
310 QAc-W-0033    (0)   :  0.287 0.045 0.012 0.005 0.042 0.005 0.005 0.576 0.018 0.006 
311 QAc-W-0034    (0)   :  0.007 0.006 0.003 0.003 0.007 0.019 0.004 0.941 0.005 0.005 
312 QAc-W-0035    (0)   :  0.031 0.018 0.013 0.017 0.035 0.005 0.021 0.840 0.004 0.014 
313 QAc-W-0036    (0)   :  0.007 0.010 0.003 0.005 0.010 0.010 0.003 0.898 0.048 0.004 
314 QAc-W-0037    (0)   :  0.007 0.005 0.009 0.004 0.006 0.005 0.019 0.924 0.011 0.010 
315 QAc-W-0038    (0)   :  0.037 0.486 0.004 0.022 0.008 0.008 0.011 0.405 0.016 0.003 
316 QAc-W-0039    (0)   :  0.006 0.003 0.013 0.007 0.008 0.012 0.017 0.897 0.031 0.005 
317 QAc-W-0040    (0)   :  0.173 0.050 0.014 0.013 0.173 0.007 0.011 0.533 0.021 0.004 
318 QAc-W-0041    (0)   :  0.025 0.018 0.122 0.004 0.014 0.029 0.015 0.760 0.004 0.010 
319 QAc-W-0042    (0)   :  0.023 0.023 0.041 0.009 0.007 0.605 0.023 0.021 0.244 0.003 
320 QAc-W-0043    (0)   :  0.008 0.006 0.015 0.009 0.005 0.902 0.027 0.018 0.008 0.003 
321 QAc-W-0044    (0)   :  0.031 0.021 0.007 0.041 0.083 0.411 0.026 0.119 0.257 0.004 
322 QAc-W-0045    (0)   :  0.016 0.030 0.011 0.004 0.007 0.895 0.009 0.010 0.015 0.004 
323 QAc-W-0046    (0)   :  0.007 0.005 0.023 0.004 0.005 0.911 0.013 0.016 0.011 0.005 
324 QAc-W-0047    (0)   :  0.010 0.008 0.003 0.026 0.019 0.856 0.008 0.036 0.029 0.004 
325 QAc-W-0048    (0)   :  0.011 0.009 0.004 0.004 0.004 0.895 0.004 0.014 0.046 0.007 
326 QAc-W-0049    (0)   :  0.008 0.006 0.005 0.003 0.005 0.897 0.004 0.006 0.057 0.009 
327 QAc-W-0050    (0)   :  0.452 0.344 0.005 0.005 0.010 0.156 0.005 0.004 0.008 0.010 
328 QAc-W-0051    (0)   :  0.503 0.360 0.006 0.034 0.005 0.038 0.009 0.009 0.032 0.004 
329 QAc-W-0052    (0)   :  0.003 0.003 0.002 0.003 0.003 0.003 0.003 0.004 0.973 0.002 
330 QAc-W-0053    (0)   :  0.009 0.005 0.004 0.005 0.010 0.935 0.004 0.015 0.010 0.003 
331 QAc-W-0054    (0)   :  0.518 0.254 0.006 0.049 0.037 0.011 0.080 0.008 0.033 0.004 
332 QAc-W-0055    (0)   :  0.279 0.270 0.009 0.046 0.017 0.017 0.321 0.005 0.005 0.032 
333 QAc-W-0056    (0)   :  0.340 0.575 0.013 0.011 0.009 0.006 0.005 0.023 0.006 0.012 
334 QAc-W-0057    (0)   :  0.229 0.458 0.013 0.144 0.009 0.070 0.005 0.007 0.007 0.058 
335 QAc-W-0058    (0)   :  0.195 0.448 0.019 0.010 0.004 0.154 0.010 0.005 0.016 0.140 
336 QAc-W-0059    (0)   :  0.003 0.003 0.002 0.004 0.003 0.972 0.003 0.003 0.004 0.003 
337 QAc-W-0060    (0)   :  0.008 0.005 0.004 0.884 0.008 0.008 0.009 0.022 0.050 0.003 
338 QAc-W-0061    (0)   :  0.031 0.025 0.011 0.755 0.035 0.038 0.067 0.019 0.004 0.016 
339 QAc-W-0062    (0)   :  0.004 0.003 0.011 0.943 0.007 0.003 0.007 0.004 0.015 0.003 
340 QAc-W-0063    (0)   :  0.013 0.007 0.012 0.914 0.013 0.005 0.010 0.009 0.012 0.005 
341 QAc-W-0064    (0)   :  0.010 0.010 0.009 0.926 0.007 0.004 0.015 0.010 0.004 0.004 
342 QAc-W-0065    (0)   :  0.027 0.098 0.005 0.811 0.022 0.008 0.006 0.011 0.005 0.007 
343 QAc-W-0066    (0)   :  0.002 0.003 0.004 0.003 0.002 0.002 0.974 0.003 0.002 0.004 
344 QAc-W-0067    (0)   :  0.002 0.002 0.003 0.003 0.003 0.002 0.976 0.002 0.003 0.003 
345 QAc-W-0068    (0)   :  0.003 0.002 0.003 0.006 0.003 0.002 0.974 0.003 0.002 0.003 
346 QAc-W-0069    (0)   :  0.003 0.002 0.003 0.006 0.002 0.002 0.972 0.003 0.002 0.004 
347 QAc-W-0070    (0)   :  0.003 0.002 0.003 0.396 0.003 0.002 0.583 0.003 0.002 0.003 
348 QAc-W-0071    (6)   :  0.005 0.005 0.005 0.692 0.004 0.005 0.263 0.005 0.004 0.012 
349 QAc-W-0072    (0)   :  0.018 0.013 0.009 0.805 0.128 0.003 0.004 0.012 0.004 0.004 
350 QAc-W-0073    (0)   :  0.013 0.020 0.006 0.881 0.007 0.045 0.004 0.010 0.007 0.006 
351 QAc-W-0074    (0)   :  0.003 0.003 0.004 0.970 0.004 0.003 0.004 0.003 0.003 0.004 
352 QAc-W-0075    (0)   :  0.003 0.003 0.004 0.958 0.003 0.003 0.015 0.003 0.002 0.006 
353 QAc-W-0076    (0)   :  0.005 0.005 0.004 0.939 0.024 0.003 0.004 0.004 0.002 0.010 
354 QAc-W-0077    (0)   :  0.006 0.012 0.005 0.791 0.005 0.007 0.162 0.006 0.004 0.003 
355 QAc-W-0078    (0)   :  0.195 0.022 0.367 0.007 0.112 0.006 0.088 0.045 0.013 0.145 
356 QAc-W-0079    (6)   :  0.005 0.004 0.004 0.008 0.008 0.007 0.020 0.011 0.005 0.927 
357 QAc-W-0080   (13)   :  0.009 0.006 0.004 0.003 0.004 0.009 0.003 0.023 0.002 0.936 
358 QAc-W-0081    (0)   :  0.004 0.003 0.949 0.004 0.003 0.003 0.004 0.004 0.006 0.020 
359 QAc-W-0082    (0)   :  0.217 0.228 0.490 0.005 0.004 0.041 0.003 0.005 0.002 0.004 
360 QAc-W-0083    (0)   :  0.007 0.007 0.882 0.034 0.019 0.007 0.011 0.012 0.012 0.011 
361 QAc-W-0084    (0)   :  0.003 0.002 0.967 0.003 0.003 0.002 0.003 0.004 0.005 0.007 
362 QAc-W-0085    (0)   :  0.003 0.003 0.974 0.003 0.003 0.002 0.004 0.002 0.003 0.004 
363 QAc-W-0086    (0)   :  0.004 0.004 0.961 0.003 0.005 0.003 0.006 0.005 0.003 0.005 
364 QAc-W-0087    (0)   :  0.006 0.006 0.937 0.003 0.008 0.010 0.005 0.005 0.003 0.018 
365 QAc-W-0088    (0)   :  0.017 0.008 0.917 0.003 0.005 0.023 0.004 0.004 0.003 0.016 
366 QAc-W-0089    (0)   :  0.005 0.006 0.859 0.005 0.003 0.003 0.008 0.008 0.003 0.100 
367 QAc-W-0090    (0)   :  0.005 0.004 0.932 0.004 0.003 0.004 0.007 0.006 0.002 0.032 
368 QAc-W-0091    (0)   :  0.018 0.006 0.880 0.006 0.009 0.009 0.004 0.005 0.007 0.056 
369 QAc-W-0092    (0)   :  0.008 0.008 0.707 0.004 0.007 0.007 0.007 0.036 0.208 0.008 
370 QAc-W-0093    (0)   :  0.035 0.344 0.296 0.004 0.024 0.010 0.002 0.029 0.005 0.252 
371 QAc-W-0094    (0)   :  0.019 0.033 0.777 0.018 0.010 0.009 0.003 0.028 0.098 0.006 
372 QAc-W-0095    (0)   :  0.009 0.007 0.806 0.014 0.005 0.007 0.003 0.015 0.029 0.106 
373 QAc-W-0096    (0)   :  0.024 0.026 0.805 0.040 0.012 0.010 0.006 0.015 0.053 0.008 
374 QAc-W-0097    (0)   :  0.062 0.174 0.565 0.006 0.005 0.050 0.007 0.067 0.007 0.056 
375 QAc-W-0098    (0)   :  0.012 0.012 0.690 0.003 0.005 0.012 0.004 0.006 0.005 0.251 
376 QAc-W-0099    (0)   :  0.021 0.010 0.889 0.005 0.033 0.013 0.003 0.016 0.006 0.004 
377 QAc-W-0100    (0)   :  0.006 0.006 0.955 0.003 0.005 0.004 0.003 0.004 0.003 0.013 
378 QAc-W-0101    (0)   :  0.005 0.005 0.937 0.006 0.006 0.003 0.018 0.004 0.002 0.013 
379 QAc-W-0104    (0)   :  0.008 0.012 0.907 0.004 0.014 0.013 0.003 0.005 0.003 0.031 
380 QAc-W-0105    (0)   :  0.004 0.005 0.959 0.004 0.003 0.002 0.004 0.005 0.005 0.009 
381 QAc-W-0106    (0)   :  0.009 0.009 0.937 0.003 0.005 0.003 0.004 0.009 0.017 0.004 
382 QAc-W-0107    (0)   :  0.003 0.004 0.006 0.005 0.003 0.003 0.004 0.003 0.003 0.966 
383 QAc-W-0108    (0)   :  0.003 0.003 0.004 0.004 0.003 0.002 0.003 0.003 0.002 0.975 
384 QAc-W-0109    (0)   :  0.009 0.010 0.804 0.008 0.004 0.019 0.024 0.010 0.007 0.106 
385 QAc-W-0110   (13)   :  0.044 0.012 0.448 0.006 0.026 0.011 0.007 0.437 0.004 0.006 
386 QAc-W-0111    (6)   :  0.012 0.011 0.373 0.004 0.005 0.007 0.008 0.014 0.007 0.560 
387 QAc-W-0112   (13)   :  0.010 0.017 0.891 0.004 0.016 0.008 0.003 0.011 0.007 0.034 
388 QAc-W-0113   (13)   :  0.007 0.006 0.006 0.004 0.951 0.005 0.003 0.010 0.003 0.004 
389 QAc-W-0114   (13)   :  0.009 0.013 0.007 0.004 0.909 0.018 0.004 0.005 0.008 0.023 
390 QAc-W-0115    (0)   :  0.006 0.005 0.006 0.007 0.951 0.003 0.004 0.010 0.004 0.004 
391 QAc-W-0116    (0)   :  0.011 0.021 0.004 0.003 0.914 0.014 0.002 0.013 0.013 0.004 
392 QAc-W-0117    (0)   :  0.005 0.008 0.003 0.004 0.957 0.008 0.004 0.006 0.003 0.003 
393 QAc-W-0118    (0)   :  0.008 0.012 0.013 0.027 0.889 0.006 0.019 0.005 0.004 0.017 
394 QAc-W-0119    (0)   :  0.010 0.011 0.003 0.004 0.944 0.004 0.008 0.007 0.006 0.005 
395 QAc-W-0120    (0)   :  0.017 0.010 0.010 0.011 0.918 0.007 0.012 0.009 0.003 0.003 
396 QAc-W-0121    (0)   :  0.015 0.010 0.003 0.011 0.902 0.007 0.039 0.007 0.002 0.004 
397 QAc-W-0122    (0)   :  0.019 0.077 0.003 0.006 0.859 0.012 0.003 0.011 0.004 0.005 
398 QAc-W-0123    (6)   :  0.028 0.029 0.014 0.010 0.868 0.012 0.009 0.009 0.011 0.009 
399 QAc-W-0124    (0)   :  0.014 0.009 0.093 0.170 0.621 0.003 0.011 0.061 0.010 0.009 
400 QAc-W-0125    (0)   :  0.008 0.009 0.013 0.005 0.926 0.006 0.007 0.006 0.010 0.010 
401 QAc-W-0126   (13)   :  0.025 0.022 0.028 0.008 0.869 0.011 0.006 0.007 0.013 0.010 
402 QAc-W-0127    (6)   :  0.008 0.004 0.004 0.006 0.955 0.005 0.004 0.007 0.005 0.003 
403 QAc-W-0128   (13)   :  0.016 0.008 0.029 0.006 0.881 0.011 0.013 0.010 0.003 0.023 
404 QAc-W-0129   (13)   :  0.024 0.006 0.004 0.013 0.872 0.017 0.005 0.048 0.004 0.005 
405 QAc-W-0130   (13)   :  0.006 0.005 0.008 0.003 0.934 0.009 0.006 0.021 0.003 0.005 
406 QAc-W-0131    (0)   :  0.061 0.064 0.004 0.010 0.807 0.005 0.005 0.005 0.031 0.009 
407 QAc-W-0132    (6)   :  0.013 0.011 0.017 0.022 0.842 0.005 0.039 0.023 0.020 0.008 
408 QAc-W-0133    (6)   :  0.486 0.016 0.047 0.011 0.329 0.005 0.086 0.006 0.005 0.009 
409 QAc-W-0134    (0)   :  0.004 0.003 0.004 0.005 0.963 0.005 0.003 0.004 0.004 0.004 
410 QAc-W-0135    (0)   :  0.008 0.007 0.005 0.019 0.863 0.007 0.014 0.068 0.003 0.006 
411 QAc-W-0136    (0)   :  0.004 0.004 0.004 0.004 0.963 0.003 0.003 0.004 0.010 0.002 
412 QAc-W-0137    (0)   :  0.004 0.003 0.003 0.004 0.970 0.003 0.003 0.004 0.005 0.002 
413 QAc-W-0138    (0)   :  0.004 0.004 0.003 0.003 0.968 0.003 0.003 0.005 0.005 0.002 
414 QAc-W-0139    (0)   :  0.024 0.010 0.020 0.217 0.646 0.005 0.006 0.029 0.007 0.037 
415 QAc-W-0140    (0)   :  0.013 0.032 0.005 0.004 0.855 0.057 0.004 0.022 0.003 0.004 
416 QAc-W-0141    (6)   :  0.034 0.106 0.006 0.009 0.733 0.016 0.019 0.068 0.004 0.006 
417 QAc-W-0142    (0)   :  0.005 0.004 0.003 0.008 0.961 0.004 0.006 0.004 0.003 0.004 
