

----------------------------------------------------
STRUCTURE by Pritchard, Stephens and Donnelly (2000)
     and Falush, Stephens and Pritchard (2003)
       Code by Pritchard, Falush and Hubisz
             Version 2.3.4 (Jul 2012)
----------------------------------------------------



Command line arguments:   bin\structure -m C:\Users\eschumacher\Documents\GitHub\GCC_QUAC_ZAIN\Data_Files\Structure_Files\QUAC\QUAC_wK_nopopinfo_garden_wild\QUAC_wK_nopopinfo_STR\50-50\mainparams -e C:\Users\eschumacher\Documents\GitHub\GCC_QUAC_ZAIN\Data_Files\Structure_Files\QUAC\QUAC_wK_nopopinfo_garden_wild\QUAC_wK_nopopinfo_STR\50-50\extraparams 
Input File:    C:\Users\eschumacher\Documents\GitHub\GCC_QUAC_ZAIN\Data_Files\Structure_Files\QUAC\QUAC_wK_nopopinfo_garden_wild\QUAC_wK_nopopinfo_STR\project_data

Run parameters:
   449 individuals
   15 loci
   7 populations assumed
   50000 Burn-in period
   50000 Reps


--------------------------------------------
Overall proportion of membership of the
sample in each of the 7 clusters

Inferred Clusters
  1      2      3      4      5      6      7    
0.184  0.135  0.186  0.104  0.073  0.106  0.212  

--------------------------------------------

Allele-freq. divergence among pops (Net nucleotide distance),
computed using point estimates of P.

      1       2       3       4       5       6       7      
 1      -    0.1051  0.1240  0.0789  0.1467  0.1052  0.0959  
 2   0.1051     -    0.1022  0.0322  0.0991  0.0648  0.0535  
 3   0.1240  0.1022     -    0.0704  0.1653  0.1215  0.0989  
 4   0.0789  0.0322  0.0704     -    0.0870  0.0339  0.0341  
 5   0.1467  0.0991  0.1653  0.0870     -    0.1006  0.0960  
 6   0.1052  0.0648  0.1215  0.0339  0.1006     -    0.0663  
 7   0.0959  0.0535  0.0989  0.0341  0.0960  0.0663     -    

Average distances (expected heterozygosity) between individuals in same cluster:
cluster  1  : 0.4484 
cluster  2  : 0.5563 
cluster  3  : 0.4926 
cluster  4  : 0.6951 
cluster  5  : 0.4666 
cluster  6  : 0.6098 
cluster  7  : 0.5638 

--------------------------------------------
Estimated Ln Prob of Data   = -16252.3
Mean value of ln likelihood = -15828.6
Variance of ln likelihood   = 847.5
Mean value of alpha         = 0.0342

Mean value of Fst_1         = 0.3694
Mean value of Fst_2         = 0.1367
Mean value of Fst_3         = 0.2746
Mean value of Fst_4         = 0.0049
Mean value of Fst_5         = 0.4170
Mean value of Fst_6         = 0.0925
Mean value of Fst_7         = 0.1601


Inferred ancestry of individuals:
        Label (%Miss) :  Inferred clusters
  1 QAc-G-0029    (0)   :  0.011 0.005 0.949 0.008 0.004 0.003 0.020 
  2 QAc-G-0030    (0)   :  0.003 0.003 0.983 0.003 0.003 0.003 0.002 
  3 QAc-G-0031    (0)   :  0.004 0.004 0.982 0.003 0.002 0.002 0.003 
  4 QAc-G-0061    (0)   :  0.003 0.005 0.972 0.003 0.006 0.003 0.007 
  5 QAc-G-0062    (0)   :  0.084 0.262 0.008 0.148 0.485 0.009 0.005 
  6 QAc-G-0063    (0)   :  0.787 0.018 0.006 0.059 0.006 0.009 0.116 
  7 QAc-G-0064    (0)   :  0.005 0.003 0.003 0.003 0.978 0.003 0.004 
  8 QAc-G-0065    (0)   :  0.002 0.002 0.004 0.002 0.982 0.003 0.003 
  9 QAc-G-0066    (0)   :  0.981 0.003 0.004 0.003 0.003 0.002 0.004 
 10 QAc-G-0067    (0)   :  0.003 0.003 0.007 0.003 0.977 0.004 0.003 
 11 QAc-G-0068    (0)   :  0.578 0.027 0.004 0.327 0.007 0.054 0.004 
 12 QAc-G-0070    (0)   :  0.670 0.273 0.006 0.017 0.008 0.009 0.017 
 13 QAc-G-0071   (13)   :  0.979 0.003 0.006 0.003 0.003 0.003 0.003 
 14 QAc-G-0072    (0)   :  0.976 0.005 0.004 0.004 0.003 0.003 0.005 
 15 QAc-G-0073    (0)   :  0.003 0.005 0.004 0.004 0.003 0.003 0.978 
 16 QAc-G-0074    (0)   :  0.143 0.029 0.004 0.016 0.005 0.009 0.793 
 17 QAc-G-0075    (0)   :  0.009 0.006 0.008 0.008 0.006 0.007 0.956 
 18 QAc-G-0076    (0)   :  0.008 0.009 0.010 0.014 0.007 0.006 0.946 
 19 QAc-G-0077    (0)   :  0.008 0.002 0.967 0.004 0.009 0.003 0.007 
 20 QAc-G-0078    (0)   :  0.003 0.003 0.984 0.003 0.002 0.003 0.002 
 21 QAc-G-0079    (0)   :  0.004 0.004 0.978 0.003 0.002 0.005 0.004 
 22 QAc-G-0080    (0)   :  0.008 0.005 0.292 0.643 0.014 0.007 0.030 
 23 QAc-G-0081    (0)   :  0.009 0.364 0.008 0.575 0.005 0.018 0.021 
 24 QAc-G-0082    (0)   :  0.003 0.018 0.003 0.952 0.003 0.008 0.014 
 25 QAc-G-0083    (0)   :  0.417 0.147 0.070 0.149 0.064 0.033 0.119 
 26 QAc-G-0001   (13)   :  0.005 0.003 0.980 0.003 0.002 0.004 0.003 
 27 QAc-G-0002    (0)   :  0.003 0.002 0.984 0.003 0.003 0.002 0.003 
 28 QAc-G-0285    (0)   :  0.876 0.025 0.013 0.035 0.005 0.030 0.017 
 29 QAc-G-0286    (0)   :  0.983 0.003 0.003 0.003 0.003 0.002 0.003 
 30 QAc-G-0287    (0)   :  0.984 0.003 0.003 0.002 0.003 0.002 0.003 
 31 QAc-G-0288    (6)   :  0.930 0.020 0.020 0.007 0.007 0.005 0.012 
 32 QAc-G-0289    (0)   :  0.981 0.004 0.004 0.002 0.004 0.003 0.003 
 33 QAc-G-0290    (0)   :  0.976 0.004 0.003 0.003 0.007 0.003 0.004 
 34 QAc-G-0291    (0)   :  0.982 0.002 0.005 0.002 0.003 0.002 0.003 
 35 QAc-G-0292    (0)   :  0.693 0.229 0.004 0.047 0.003 0.019 0.005 
 36 QAc-G-0293    (0)   :  0.979 0.002 0.007 0.003 0.002 0.003 0.003 
 37 QAc-G-0294    (0)   :  0.004 0.007 0.007 0.015 0.007 0.012 0.949 
 38 QAc-G-0295    (0)   :  0.014 0.004 0.009 0.006 0.005 0.004 0.958 
 39 QAc-G-0296    (0)   :  0.005 0.005 0.003 0.004 0.010 0.004 0.969 
 40 QAc-G-0297    (0)   :  0.003 0.008 0.003 0.623 0.004 0.030 0.328 
 41 QAc-G-0298    (6)   :  0.004 0.003 0.005 0.005 0.004 0.004 0.975 
 42 QAc-G-0299    (0)   :  0.006 0.004 0.005 0.005 0.003 0.007 0.971 
 43 QAc-G-0300    (0)   :  0.004 0.009 0.003 0.005 0.015 0.005 0.960 
 44 QAc-G-0301    (0)   :  0.012 0.004 0.005 0.006 0.066 0.005 0.903 
 45 QAc-G-0302    (0)   :  0.006 0.005 0.004 0.019 0.003 0.952 0.011 
 46 QAc-G-0303    (0)   :  0.004 0.030 0.005 0.048 0.005 0.900 0.008 
 47 QAc-G-0304    (0)   :  0.983 0.003 0.003 0.002 0.003 0.002 0.004 
 48 QAc-G-0305    (0)   :  0.749 0.052 0.049 0.073 0.003 0.068 0.005 
 49 QAc-G-0306    (0)   :  0.984 0.003 0.004 0.003 0.002 0.002 0.002 
 50 QAc-G-0307    (0)   :  0.009 0.066 0.850 0.045 0.006 0.014 0.010 
 51 QAc-G-0308    (0)   :  0.018 0.010 0.934 0.008 0.003 0.012 0.016 
 52 QAc-G-0309    (0)   :  0.004 0.004 0.964 0.016 0.003 0.004 0.004 
 53 QAc-G-0310    (0)   :  0.004 0.004 0.979 0.003 0.003 0.003 0.004 
 54 QAc-G-0311    (0)   :  0.003 0.003 0.985 0.003 0.002 0.002 0.002 
 55 QAc-G-0312    (0)   :  0.006 0.072 0.265 0.554 0.015 0.045 0.043 
 56 QAc-G-0313    (0)   :  0.010 0.065 0.013 0.884 0.007 0.005 0.017 
 57 QAc-G-0314    (0)   :  0.004 0.148 0.016 0.586 0.008 0.026 0.212 
 58 QAc-G-0315    (0)   :  0.009 0.017 0.005 0.936 0.007 0.015 0.012 
 59 QAc-G-0316    (0)   :  0.011 0.111 0.029 0.826 0.009 0.006 0.007 
 60 QAc-G-0032    (6)   :  0.006 0.011 0.007 0.456 0.126 0.383 0.011 
 61 QAc-G-0033    (0)   :  0.005 0.005 0.006 0.003 0.008 0.005 0.968 
 62 QAc-G-0034    (0)   :  0.004 0.013 0.026 0.008 0.007 0.008 0.933 
 63 QAc-G-0035    (0)   :  0.006 0.005 0.005 0.006 0.009 0.005 0.964 
 64 QAc-G-0036    (0)   :  0.016 0.012 0.006 0.012 0.004 0.004 0.946 
 65 QAc-G-0037    (0)   :  0.013 0.003 0.008 0.006 0.005 0.003 0.962 
 66 QAc-G-0038    (0)   :  0.003 0.005 0.002 0.004 0.003 0.003 0.981 
 67 QAc-G-0039    (0)   :  0.005 0.019 0.020 0.017 0.005 0.012 0.921 
 68 QAc-G-0040    (0)   :  0.063 0.061 0.006 0.012 0.003 0.006 0.849 
 69 QAc-G-0041    (0)   :  0.006 0.024 0.003 0.008 0.030 0.003 0.925 
 70 QAc-G-0042    (0)   :  0.006 0.005 0.003 0.004 0.006 0.007 0.970 
 71 QAc-G-0043    (0)   :  0.005 0.004 0.007 0.005 0.003 0.003 0.973 
 72 QAc-G-0044    (0)   :  0.009 0.007 0.004 0.009 0.024 0.014 0.935 
 73 QAc-G-0045    (0)   :  0.006 0.006 0.025 0.006 0.012 0.005 0.941 
 74 QAc-G-0046    (0)   :  0.003 0.019 0.044 0.014 0.004 0.004 0.912 
 75 QAc-G-0047    (0)   :  0.006 0.008 0.029 0.009 0.006 0.013 0.929 
 76 QAc-G-0048    (0)   :  0.004 0.006 0.002 0.006 0.006 0.004 0.972 
 77 QAc-G-0049    (0)   :  0.005 0.003 0.982 0.003 0.003 0.002 0.003 
 78 QAc-G-0050    (0)   :  0.016 0.014 0.035 0.898 0.005 0.028 0.004 
 79 QAc-G-0051    (0)   :  0.004 0.003 0.982 0.004 0.002 0.003 0.003 
 80 QAc-G-0052    (0)   :  0.004 0.014 0.918 0.018 0.028 0.005 0.013 
 81 QAc-G-0053    (0)   :  0.009 0.003 0.958 0.006 0.005 0.002 0.016 
 82 QAc-G-0054    (0)   :  0.005 0.021 0.082 0.868 0.004 0.011 0.009 
 83 QAc-G-0055    (0)   :  0.005 0.009 0.299 0.647 0.003 0.029 0.008 
 84 QAc-G-0056    (0)   :  0.013 0.050 0.019 0.890 0.011 0.010 0.008 
 85 QAc-G-0057    (0)   :  0.004 0.003 0.980 0.003 0.002 0.004 0.004 
 86 QAc-G-0058    (6)   :  0.003 0.003 0.981 0.003 0.003 0.003 0.003 
 87 QAc-G-0059    (0)   :  0.002 0.007 0.158 0.817 0.004 0.005 0.007 
 88 QAc-G-0060    (6)   :  0.012 0.007 0.885 0.063 0.016 0.007 0.010 
 89 QAc-G-0276    (0)   :  0.909 0.013 0.029 0.013 0.003 0.007 0.027 
 90 QAc-G-0279    (0)   :  0.979 0.003 0.006 0.003 0.003 0.002 0.003 
 91 QAc-G-0280    (6)   :  0.970 0.004 0.004 0.005 0.004 0.004 0.009 
 92 QAc-G-0281    (0)   :  0.006 0.003 0.976 0.005 0.004 0.003 0.004 
 93 QAc-G-0018    (0)   :  0.006 0.010 0.032 0.022 0.006 0.024 0.900 
 94 QAc-G-0019    (0)   :  0.015 0.007 0.004 0.005 0.063 0.004 0.902 
 95 QAc-G-0020    (0)   :  0.003 0.004 0.004 0.028 0.003 0.003 0.955 
 96 QAc-G-0021    (6)   :  0.003 0.003 0.010 0.005 0.015 0.003 0.961 
 97 QAc-G-0022    (6)   :  0.007 0.083 0.019 0.056 0.049 0.010 0.776 
 98 QAc-G-0023    (0)   :  0.003 0.003 0.981 0.004 0.002 0.003 0.003 
 99 QAc-G-0024    (0)   :  0.003 0.003 0.977 0.003 0.004 0.005 0.006 
100 QAc-G-0016    (0)   :  0.011 0.013 0.069 0.781 0.004 0.111 0.011 
101 QAc-G-0017    (0)   :  0.005 0.011 0.004 0.016 0.229 0.728 0.006 
102 QAc-G-0250    (0)   :  0.316 0.012 0.007 0.603 0.006 0.041 0.014 
103 QAc-G-0003    (6)   :  0.975 0.006 0.004 0.004 0.003 0.003 0.005 
104 QAc-G-0004    (0)   :  0.004 0.006 0.010 0.027 0.006 0.905 0.042 
105 QAc-G-0005    (0)   :  0.003 0.003 0.003 0.002 0.982 0.004 0.003 
106 QAc-G-0006    (6)   :  0.006 0.016 0.003 0.105 0.003 0.855 0.012 
107 QAc-G-0283    (0)   :  0.006 0.239 0.004 0.719 0.003 0.022 0.007 
108 QAc-G-0265    (0)   :  0.013 0.007 0.150 0.791 0.004 0.009 0.025 
109 QAc-G-0266    (0)   :  0.005 0.003 0.983 0.003 0.002 0.002 0.002 
110 QAc-G-0267    (0)   :  0.113 0.105 0.011 0.182 0.074 0.015 0.499 
111 QAc-G-0268   (20)   :  0.547 0.006 0.006 0.403 0.013 0.018 0.007 
112 QAc-G-0269    (0)   :  0.980 0.003 0.004 0.003 0.003 0.003 0.004 
113 QAc-G-0270    (6)   :  0.006 0.005 0.004 0.004 0.010 0.004 0.967 
114 QAc-G-0271    (0)   :  0.004 0.008 0.004 0.080 0.085 0.012 0.808 
115 QAc-G-0272    (6)   :  0.017 0.006 0.006 0.007 0.004 0.009 0.952 
116 QAc-G-0273    (0)   :  0.005 0.005 0.970 0.005 0.006 0.005 0.004 
117 QAc-G-0274    (0)   :  0.002 0.002 0.002 0.002 0.985 0.002 0.003 
118 QAc-G-0251    (6)   :  0.004 0.008 0.005 0.006 0.015 0.013 0.949 
119 QAc-G-0252    (0)   :  0.005 0.012 0.004 0.007 0.005 0.013 0.954 
120 QAc-G-0253    (0)   :  0.005 0.004 0.975 0.006 0.003 0.003 0.004 
121 QAc-G-0254    (0)   :  0.003 0.003 0.985 0.003 0.002 0.002 0.002 
122 QAc-G-0255    (0)   :  0.006 0.007 0.005 0.017 0.008 0.945 0.013 
123 QAc-G-0256    (0)   :  0.009 0.003 0.004 0.004 0.008 0.965 0.006 
124 QAc-G-0257    (0)   :  0.003 0.052 0.008 0.016 0.053 0.856 0.011 
125 QAc-G-0258    (0)   :  0.003 0.003 0.003 0.011 0.006 0.970 0.005 
126 QAc-G-0259    (0)   :  0.002 0.009 0.002 0.969 0.002 0.011 0.005 
127 QAc-G-0260    (0)   :  0.041 0.081 0.012 0.669 0.103 0.073 0.022 
128 QAc-G-0261    (0)   :  0.004 0.008 0.003 0.467 0.460 0.048 0.009 
129 QAc-G-0262    (0)   :  0.018 0.017 0.007 0.630 0.050 0.272 0.006 
130 QAc-G-0010    (0)   :  0.867 0.027 0.017 0.041 0.005 0.006 0.037 
131 QAc-G-0011    (0)   :  0.004 0.958 0.005 0.017 0.006 0.004 0.007 
132 QAc-G-0015    (0)   :  0.005 0.030 0.814 0.028 0.007 0.099 0.017 
133 QAc-G-0106    (0)   :  0.003 0.007 0.002 0.015 0.027 0.934 0.012 
134 QAc-G-0107    (0)   :  0.006 0.005 0.008 0.011 0.003 0.962 0.004 
135 QAc-G-0108    (0)   :  0.005 0.004 0.002 0.006 0.005 0.972 0.006 
136 QAc-G-0109    (0)   :  0.005 0.029 0.011 0.083 0.033 0.830 0.008 
137 QAc-G-0110    (0)   :  0.078 0.016 0.009 0.036 0.003 0.817 0.042 
138 QAc-G-0111    (0)   :  0.007 0.008 0.005 0.012 0.005 0.952 0.011 
139 QAc-G-0112    (0)   :  0.032 0.004 0.009 0.020 0.003 0.929 0.004 
140 QAc-G-0113    (0)   :  0.013 0.006 0.027 0.071 0.027 0.852 0.006 
141 QAc-G-0114    (0)   :  0.019 0.006 0.020 0.018 0.003 0.896 0.037 
142 QAc-G-0115    (0)   :  0.007 0.004 0.004 0.009 0.005 0.966 0.004 
143 QAc-G-0116    (0)   :  0.012 0.007 0.006 0.010 0.006 0.956 0.004 
144 QAc-G-0117    (0)   :  0.007 0.016 0.010 0.280 0.061 0.453 0.173 
145 QAc-G-0118    (0)   :  0.006 0.009 0.002 0.009 0.019 0.949 0.006 
146 QAc-G-0119    (0)   :  0.002 0.004 0.006 0.021 0.024 0.922 0.020 
147 QAc-G-0120    (0)   :  0.007 0.011 0.007 0.083 0.006 0.874 0.012 
148 QAc-G-0121    (0)   :  0.006 0.003 0.003 0.004 0.969 0.007 0.007 
149 QAc-G-0122    (0)   :  0.030 0.005 0.005 0.005 0.939 0.007 0.009 
150 QAc-G-0123    (0)   :  0.002 0.002 0.003 0.002 0.985 0.002 0.004 
151 QAc-G-0124    (6)   :  0.003 0.004 0.003 0.003 0.979 0.004 0.004 
152 QAc-G-0125    (0)   :  0.021 0.045 0.065 0.321 0.510 0.031 0.008 
153 QAc-G-0126    (0)   :  0.007 0.016 0.013 0.513 0.259 0.179 0.013 
154 QAc-G-0127    (0)   :  0.003 0.009 0.005 0.005 0.962 0.010 0.006 
155 QAc-G-0128    (0)   :  0.004 0.003 0.003 0.003 0.980 0.003 0.004 
156 QAc-G-0129    (0)   :  0.003 0.002 0.002 0.002 0.984 0.003 0.003 
157 QAc-G-0130    (0)   :  0.004 0.016 0.002 0.005 0.925 0.039 0.009 
158 QAc-G-0131    (0)   :  0.005 0.004 0.004 0.004 0.974 0.004 0.005 
159 QAc-G-0132    (0)   :  0.013 0.007 0.013 0.029 0.741 0.189 0.008 
160 QAc-G-0133    (0)   :  0.004 0.003 0.004 0.003 0.974 0.003 0.008 
161 QAc-G-0134    (0)   :  0.004 0.003 0.005 0.003 0.976 0.005 0.004 
162 QAc-G-0135    (0)   :  0.006 0.006 0.008 0.006 0.003 0.960 0.011 
163 QAc-G-0136    (0)   :  0.010 0.014 0.008 0.024 0.005 0.934 0.005 
164 QAc-G-0137    (0)   :  0.004 0.006 0.003 0.021 0.035 0.918 0.012 
165 QAc-G-0138    (0)   :  0.003 0.034 0.007 0.014 0.006 0.933 0.003 
166 QAc-G-0139    (0)   :  0.003 0.005 0.002 0.007 0.032 0.918 0.031 
167 QAc-G-0140    (6)   :  0.006 0.005 0.005 0.015 0.049 0.894 0.026 
168 QAc-G-0141    (0)   :  0.018 0.039 0.019 0.547 0.024 0.304 0.049 
169 QAc-G-0142    (0)   :  0.003 0.004 0.003 0.004 0.003 0.979 0.005 
170 QAc-G-0143    (0)   :  0.007 0.004 0.004 0.971 0.003 0.005 0.006 
171 QAc-G-0144    (6)   :  0.004 0.005 0.005 0.594 0.003 0.384 0.005 
172 QAc-G-0145    (0)   :  0.981 0.003 0.003 0.003 0.002 0.003 0.004 
173 QAc-G-0146    (0)   :  0.003 0.003 0.003 0.002 0.982 0.002 0.004 
174 QAc-G-0147    (0)   :  0.009 0.393 0.005 0.163 0.315 0.096 0.020 
175 QAc-G-0148    (0)   :  0.005 0.006 0.004 0.863 0.005 0.104 0.013 
176 QAc-G-0149    (0)   :  0.004 0.003 0.002 0.003 0.980 0.003 0.004 
177 QAc-G-0150    (0)   :  0.979 0.004 0.004 0.003 0.004 0.003 0.003 
178 QAc-G-0151    (0)   :  0.003 0.003 0.003 0.003 0.980 0.003 0.005 
179 QAc-G-0152    (0)   :  0.002 0.003 0.005 0.003 0.980 0.002 0.005 
180 QAc-G-0153    (0)   :  0.017 0.039 0.002 0.021 0.901 0.009 0.011 
181 QAc-G-0154    (0)   :  0.015 0.004 0.003 0.006 0.925 0.026 0.020 
182 QAc-G-0155    (0)   :  0.003 0.003 0.003 0.003 0.980 0.003 0.005 
183 QAc-G-0158    (0)   :  0.003 0.003 0.003 0.003 0.983 0.003 0.002 
184 QAc-G-0159    (0)   :  0.010 0.010 0.007 0.028 0.013 0.923 0.008 
185 QAc-G-0160    (0)   :  0.983 0.003 0.003 0.003 0.003 0.003 0.003 
186 QAc-G-0161    (0)   :  0.984 0.002 0.003 0.002 0.002 0.003 0.003 
187 QAc-G-0162    (0)   :  0.591 0.028 0.005 0.132 0.004 0.007 0.233 
188 QAc-G-0163    (0)   :  0.915 0.005 0.002 0.021 0.003 0.013 0.041 
189 QAc-G-0164    (0)   :  0.937 0.031 0.011 0.010 0.002 0.003 0.005 
190 QAc-G-0165    (0)   :  0.970 0.005 0.003 0.003 0.008 0.005 0.006 
191 QAc-G-0166    (0)   :  0.980 0.003 0.003 0.003 0.003 0.003 0.005 
192 QAc-G-0167    (0)   :  0.977 0.004 0.004 0.003 0.004 0.003 0.005 
193 QAc-G-0168    (0)   :  0.984 0.002 0.004 0.002 0.002 0.003 0.003 
194 QAc-G-0169    (6)   :  0.416 0.022 0.005 0.387 0.004 0.159 0.008 
195 QAc-G-0170    (0)   :  0.975 0.004 0.004 0.003 0.005 0.003 0.005 
196 QAc-G-0171    (0)   :  0.981 0.004 0.004 0.003 0.003 0.002 0.004 
197 QAc-G-0172    (0)   :  0.030 0.014 0.008 0.082 0.012 0.841 0.013 
198 QAc-G-0173    (0)   :  0.980 0.003 0.006 0.003 0.002 0.003 0.003 
199 QAc-G-0174    (0)   :  0.778 0.045 0.008 0.062 0.008 0.069 0.030 
200 QAc-G-0175    (0)   :  0.983 0.004 0.004 0.003 0.002 0.002 0.003 
201 QAc-G-0176    (0)   :  0.803 0.005 0.008 0.016 0.004 0.005 0.159 
202 QAc-G-0177    (0)   :  0.982 0.003 0.004 0.002 0.003 0.003 0.004 
203 QAc-G-0178    (0)   :  0.840 0.101 0.023 0.017 0.009 0.005 0.005 
204 QAc-G-0179    (6)   :  0.983 0.003 0.003 0.003 0.003 0.002 0.003 
205 QAc-G-0180    (0)   :  0.983 0.003 0.003 0.003 0.003 0.003 0.003 
206 QAc-G-0181    (0)   :  0.973 0.005 0.002 0.003 0.003 0.004 0.009 
207 QAc-G-0182    (0)   :  0.861 0.023 0.004 0.037 0.015 0.034 0.026 
208 QAc-G-0183    (6)   :  0.971 0.004 0.006 0.007 0.004 0.005 0.003 
209 QAc-G-0184    (0)   :  0.982 0.003 0.003 0.003 0.003 0.003 0.003 
210 QAc-G-0185    (0)   :  0.923 0.030 0.007 0.008 0.012 0.009 0.012 
211 QAc-G-0186    (0)   :  0.972 0.006 0.002 0.004 0.002 0.004 0.010 
212 QAc-G-0187    (0)   :  0.877 0.052 0.033 0.013 0.004 0.004 0.015 
213 QAc-G-0188    (0)   :  0.253 0.008 0.003 0.147 0.005 0.552 0.032 
214 QAc-G-0189    (0)   :  0.982 0.003 0.004 0.003 0.002 0.002 0.003 
215 QAc-G-0190    (0)   :  0.977 0.004 0.004 0.003 0.004 0.003 0.004 
216 QAc-G-0191    (0)   :  0.978 0.004 0.005 0.003 0.004 0.003 0.004 
217 QAc-G-0192    (0)   :  0.985 0.003 0.003 0.002 0.002 0.002 0.003 
218 QAc-G-0193    (0)   :  0.977 0.004 0.004 0.003 0.004 0.003 0.005 
219 QAc-G-0194    (0)   :  0.971 0.006 0.005 0.004 0.004 0.003 0.007 
220 QAc-G-0195    (0)   :  0.858 0.007 0.106 0.010 0.004 0.005 0.011 
221 QAc-G-0196    (0)   :  0.980 0.004 0.005 0.003 0.002 0.002 0.004 
222 QAc-G-0197    (0)   :  0.985 0.002 0.003 0.002 0.003 0.002 0.003 
223 QAc-G-0198    (0)   :  0.981 0.003 0.003 0.003 0.003 0.003 0.004 
224 QAc-G-0199    (0)   :  0.882 0.053 0.009 0.021 0.008 0.005 0.023 
225 QAc-G-0200    (0)   :  0.973 0.005 0.003 0.004 0.002 0.003 0.009 
226 QAc-G-0201    (0)   :  0.979 0.004 0.003 0.007 0.002 0.003 0.003 
227 QAc-G-0202    (6)   :  0.972 0.004 0.010 0.003 0.003 0.004 0.004 
228 QAc-G-0203    (0)   :  0.963 0.003 0.013 0.010 0.003 0.006 0.004 
229 QAc-G-0204    (0)   :  0.976 0.004 0.005 0.004 0.003 0.003 0.006 
230 QAc-G-0205    (0)   :  0.004 0.002 0.985 0.002 0.002 0.002 0.002 
231 QAc-G-0206    (0)   :  0.003 0.007 0.769 0.150 0.004 0.050 0.016 
232 QAc-G-0207    (0)   :  0.006 0.010 0.962 0.007 0.005 0.004 0.006 
233 QAc-G-0208    (0)   :  0.003 0.003 0.982 0.003 0.003 0.002 0.003 
234 QAc-G-0209    (0)   :  0.006 0.004 0.978 0.004 0.002 0.003 0.003 
235 QAc-G-0210    (0)   :  0.002 0.004 0.983 0.003 0.002 0.003 0.003 
236 QAc-G-0211    (0)   :  0.002 0.003 0.980 0.004 0.004 0.003 0.002 
237 QAc-G-0212    (0)   :  0.004 0.003 0.982 0.003 0.003 0.002 0.004 
238 QAc-G-0213    (0)   :  0.004 0.004 0.978 0.003 0.003 0.003 0.005 
239 QAc-G-0214    (0)   :  0.005 0.002 0.983 0.002 0.002 0.002 0.003 
240 QAc-G-0215    (0)   :  0.003 0.004 0.978 0.005 0.003 0.003 0.004 
241 QAc-G-0216    (0)   :  0.066 0.006 0.117 0.650 0.004 0.146 0.010 
242 QAc-G-0217    (0)   :  0.005 0.007 0.960 0.006 0.011 0.006 0.005 
243 QAc-G-0218    (0)   :  0.005 0.008 0.968 0.005 0.005 0.003 0.007 
244 QAc-G-0219    (0)   :  0.009 0.009 0.868 0.038 0.023 0.027 0.026 
245 QAc-G-0220    (0)   :  0.003 0.006 0.906 0.067 0.006 0.007 0.005 
246 QAc-G-0221    (0)   :  0.008 0.033 0.918 0.009 0.014 0.007 0.011 
247 QAc-G-0222    (0)   :  0.004 0.003 0.981 0.003 0.002 0.002 0.004 
248 QAc-G-0223    (0)   :  0.003 0.006 0.974 0.003 0.005 0.003 0.005 
249 QAc-G-0224    (0)   :  0.005 0.005 0.976 0.005 0.003 0.003 0.003 
250 QAc-G-0226    (0)   :  0.003 0.003 0.981 0.003 0.003 0.003 0.004 
251 QAc-G-0227    (0)   :  0.006 0.004 0.004 0.006 0.015 0.004 0.961 
252 QAc-G-0228    (6)   :  0.004 0.006 0.007 0.006 0.003 0.004 0.970 
253 QAc-G-0229    (0)   :  0.007 0.014 0.006 0.012 0.004 0.014 0.943 
254 QAc-G-0230    (0)   :  0.006 0.006 0.018 0.007 0.003 0.011 0.949 
255 QAc-G-0231    (0)   :  0.006 0.003 0.976 0.003 0.005 0.003 0.004 
256 QAc-G-0232    (0)   :  0.003 0.009 0.003 0.009 0.011 0.005 0.961 
257 QAc-G-0233    (0)   :  0.005 0.186 0.024 0.113 0.006 0.004 0.663 
258 QAc-G-0234    (0)   :  0.017 0.012 0.005 0.006 0.004 0.004 0.952 
259 QAc-G-0235    (0)   :  0.006 0.008 0.007 0.022 0.003 0.949 0.006 
260 QAc-G-0236    (0)   :  0.006 0.004 0.005 0.004 0.009 0.004 0.968 
261 QAc-G-0237    (0)   :  0.011 0.011 0.014 0.007 0.013 0.010 0.934 
262 QAc-G-0238    (0)   :  0.005 0.004 0.008 0.005 0.003 0.003 0.971 
263 QAc-G-0239    (0)   :  0.004 0.006 0.004 0.009 0.003 0.004 0.969 
264 QAc-G-0240    (0)   :  0.003 0.005 0.003 0.005 0.006 0.006 0.972 
265 QAc-G-0241    (0)   :  0.014 0.026 0.010 0.033 0.007 0.022 0.887 
266 QAc-G-0242    (0)   :  0.004 0.013 0.008 0.009 0.010 0.004 0.952 
267 QAc-G-0243    (0)   :  0.004 0.142 0.019 0.068 0.056 0.011 0.699 
268 QAc-G-0244    (0)   :  0.006 0.005 0.009 0.015 0.004 0.015 0.947 
269 QAc-G-0245    (0)   :  0.007 0.005 0.003 0.004 0.014 0.005 0.962 
270 QAc-G-0246    (0)   :  0.007 0.005 0.004 0.007 0.005 0.006 0.966 
271 QAc-G-0247    (0)   :  0.003 0.006 0.004 0.004 0.004 0.003 0.976 
272 QAc-G-0248    (0)   :  0.003 0.003 0.003 0.005 0.003 0.005 0.978 
273 QAc-G-0249    (0)   :  0.012 0.946 0.009 0.014 0.002 0.008 0.009 
274 QAc-G-0025    (0)   :  0.004 0.003 0.982 0.003 0.003 0.003 0.004 
275 QAc-G-0028    (0)   :  0.006 0.068 0.032 0.013 0.004 0.003 0.875 
276 QAc-G-0275    (0)   :  0.011 0.003 0.970 0.004 0.003 0.003 0.005 
277 QAc-G-0263    (0)   :  0.274 0.161 0.019 0.529 0.006 0.007 0.004 
278 QAc-W-0001    (0)   :  0.003 0.005 0.004 0.008 0.035 0.021 0.924 
279 QAc-W-0002    (0)   :  0.017 0.013 0.004 0.015 0.003 0.020 0.929 
280 QAc-W-0003    (0)   :  0.024 0.006 0.038 0.027 0.010 0.026 0.869 
281 QAc-W-0004    (0)   :  0.007 0.006 0.009 0.003 0.004 0.003 0.967 
282 QAc-W-0005    (0)   :  0.009 0.012 0.004 0.008 0.014 0.006 0.947 
283 QAc-W-0006    (0)   :  0.005 0.008 0.005 0.005 0.006 0.010 0.961 
284 QAc-W-0007   (13)   :  0.004 0.008 0.005 0.005 0.005 0.004 0.969 
285 QAc-W-0008    (6)   :  0.004 0.042 0.003 0.037 0.003 0.007 0.904 
286 QAc-W-0009    (0)   :  0.009 0.022 0.006 0.022 0.007 0.077 0.856 
287 QAc-W-0010    (0)   :  0.011 0.084 0.005 0.041 0.021 0.013 0.826 
288 QAc-W-0011    (0)   :  0.045 0.005 0.007 0.013 0.026 0.020 0.885 
289 QAc-W-0012    (0)   :  0.010 0.006 0.005 0.007 0.005 0.005 0.962 
290 QAc-W-0013    (0)   :  0.006 0.005 0.123 0.013 0.004 0.059 0.790 
291 QAc-W-0014    (0)   :  0.004 0.023 0.004 0.006 0.004 0.004 0.954 
292 QAc-W-0015    (0)   :  0.030 0.036 0.028 0.017 0.003 0.030 0.856 
293 QAc-W-0016    (0)   :  0.009 0.113 0.010 0.162 0.003 0.020 0.682 
294 QAc-W-0017    (0)   :  0.045 0.157 0.023 0.541 0.011 0.054 0.170 
295 QAc-W-0018    (0)   :  0.003 0.019 0.030 0.182 0.011 0.025 0.729 
296 QAc-W-0019    (0)   :  0.007 0.012 0.005 0.005 0.006 0.008 0.956 
297 QAc-W-0020    (0)   :  0.004 0.005 0.003 0.043 0.047 0.006 0.892 
298 QAc-W-0021    (0)   :  0.012 0.051 0.264 0.135 0.011 0.065 0.463 
299 QAc-W-0022    (0)   :  0.017 0.203 0.030 0.300 0.008 0.021 0.421 
300 QAc-W-0023    (6)   :  0.003 0.094 0.032 0.088 0.075 0.230 0.479 
301 QAc-W-0024    (0)   :  0.030 0.024 0.222 0.102 0.007 0.018 0.597 
302 QAc-W-0025    (0)   :  0.004 0.004 0.004 0.005 0.004 0.005 0.974 
303 QAc-W-0026    (0)   :  0.056 0.058 0.035 0.028 0.092 0.015 0.716 
304 QAc-W-0027    (0)   :  0.007 0.011 0.004 0.008 0.003 0.009 0.958 
305 QAc-W-0028    (0)   :  0.006 0.006 0.003 0.007 0.004 0.006 0.968 
306 QAc-W-0029    (0)   :  0.003 0.005 0.005 0.008 0.009 0.009 0.960 
307 QAc-W-0030    (0)   :  0.008 0.004 0.004 0.005 0.007 0.004 0.967 
308 QAc-W-0031    (0)   :  0.004 0.005 0.067 0.007 0.003 0.008 0.906 
309 QAc-W-0032    (0)   :  0.002 0.008 0.004 0.004 0.010 0.003 0.969 
310 QAc-W-0033    (0)   :  0.005 0.041 0.011 0.131 0.020 0.006 0.785 
311 QAc-W-0034    (0)   :  0.004 0.008 0.004 0.006 0.005 0.019 0.954 
312 QAc-W-0035    (0)   :  0.025 0.038 0.017 0.024 0.005 0.007 0.885 
313 QAc-W-0036    (0)   :  0.004 0.009 0.003 0.005 0.035 0.008 0.936 
314 QAc-W-0037    (0)   :  0.016 0.006 0.010 0.007 0.012 0.005 0.945 
315 QAc-W-0038    (0)   :  0.015 0.008 0.004 0.021 0.011 0.010 0.931 
316 QAc-W-0039    (0)   :  0.015 0.008 0.009 0.005 0.030 0.012 0.921 
317 QAc-W-0040    (0)   :  0.008 0.200 0.008 0.036 0.022 0.007 0.719 
318 QAc-W-0041    (0)   :  0.011 0.014 0.054 0.019 0.005 0.027 0.869 
319 QAc-W-0042    (0)   :  0.023 0.008 0.015 0.026 0.234 0.671 0.022 
320 QAc-W-0043    (0)   :  0.029 0.005 0.009 0.009 0.009 0.918 0.020 
321 QAc-W-0044    (0)   :  0.036 0.070 0.006 0.023 0.275 0.449 0.141 
322 QAc-W-0045    (0)   :  0.008 0.007 0.008 0.014 0.018 0.933 0.011 
323 QAc-W-0046    (0)   :  0.014 0.006 0.013 0.006 0.012 0.932 0.017 
324 QAc-W-0047    (0)   :  0.012 0.018 0.003 0.007 0.030 0.904 0.027 
325 QAc-W-0048    (0)   :  0.004 0.004 0.007 0.013 0.050 0.910 0.012 
326 QAc-W-0049    (0)   :  0.004 0.005 0.007 0.006 0.066 0.904 0.006 
327 QAc-W-0050    (0)   :  0.006 0.013 0.011 0.737 0.008 0.219 0.006 
328 QAc-W-0051    (0)   :  0.016 0.007 0.006 0.782 0.031 0.148 0.011 
329 QAc-W-0052    (0)   :  0.004 0.003 0.003 0.003 0.980 0.003 0.005 
330 QAc-W-0053    (0)   :  0.003 0.009 0.003 0.006 0.009 0.956 0.013 
331 QAc-W-0054    (0)   :  0.100 0.064 0.005 0.739 0.044 0.039 0.009 
332 QAc-W-0055    (0)   :  0.414 0.028 0.029 0.471 0.006 0.046 0.006 
333 QAc-W-0056    (0)   :  0.007 0.010 0.015 0.924 0.007 0.007 0.030 
334 QAc-W-0057    (0)   :  0.018 0.012 0.033 0.827 0.010 0.093 0.007 
335 QAc-W-0058    (0)   :  0.012 0.004 0.120 0.560 0.012 0.286 0.005 
336 QAc-W-0059    (0)   :  0.004 0.004 0.003 0.004 0.004 0.978 0.004 
337 QAc-W-0060    (0)   :  0.735 0.053 0.006 0.036 0.053 0.020 0.097 
338 QAc-W-0061    (0)   :  0.766 0.115 0.007 0.052 0.003 0.044 0.014 
339 QAc-W-0062    (0)   :  0.646 0.205 0.017 0.067 0.048 0.007 0.010 
340 QAc-W-0063    (0)   :  0.404 0.151 0.026 0.279 0.079 0.027 0.035 
341 QAc-W-0064    (0)   :  0.550 0.104 0.016 0.262 0.004 0.012 0.051 
342 QAc-W-0065    (0)   :  0.284 0.130 0.012 0.524 0.006 0.023 0.021 
343 QAc-W-0066    (0)   :  0.982 0.003 0.004 0.003 0.002 0.002 0.003 
344 QAc-W-0067    (0)   :  0.981 0.003 0.004 0.003 0.004 0.003 0.003 
345 QAc-W-0068    (0)   :  0.984 0.003 0.003 0.002 0.002 0.002 0.003 
346 QAc-W-0069    (0)   :  0.983 0.003 0.004 0.002 0.003 0.002 0.004 
347 QAc-W-0070    (0)   :  0.984 0.003 0.003 0.003 0.003 0.003 0.002 
348 QAc-W-0071    (6)   :  0.940 0.025 0.005 0.013 0.003 0.008 0.005 
349 QAc-W-0072    (0)   :  0.113 0.432 0.007 0.404 0.005 0.027 0.013 
350 QAc-W-0073    (0)   :  0.345 0.038 0.011 0.207 0.011 0.375 0.013 
351 QAc-W-0074    (0)   :  0.725 0.179 0.010 0.060 0.007 0.007 0.012 
352 QAc-W-0075    (0)   :  0.928 0.024 0.007 0.016 0.003 0.014 0.008 
353 QAc-W-0076    (0)   :  0.623 0.309 0.011 0.037 0.003 0.012 0.005 
354 QAc-W-0077    (0)   :  0.772 0.044 0.004 0.071 0.011 0.076 0.022 
355 QAc-W-0078    (0)   :  0.032 0.178 0.626 0.088 0.019 0.009 0.047 
356 QAc-W-0079    (6)   :  0.023 0.010 0.935 0.006 0.006 0.008 0.011 
357 QAc-W-0080   (13)   :  0.004 0.004 0.937 0.009 0.002 0.011 0.032 
358 QAc-W-0081    (0)   :  0.003 0.004 0.970 0.005 0.008 0.004 0.006 
359 QAc-W-0082    (0)   :  0.004 0.006 0.309 0.623 0.002 0.049 0.006 
360 QAc-W-0083    (0)   :  0.028 0.045 0.869 0.013 0.016 0.010 0.018 
361 QAc-W-0084    (0)   :  0.004 0.003 0.976 0.004 0.005 0.003 0.005 
362 QAc-W-0085    (0)   :  0.005 0.005 0.977 0.004 0.004 0.003 0.003 
363 QAc-W-0086    (0)   :  0.006 0.007 0.970 0.005 0.004 0.004 0.005 
364 QAc-W-0087    (0)   :  0.006 0.012 0.956 0.007 0.003 0.009 0.007 
365 QAc-W-0088    (0)   :  0.003 0.007 0.921 0.023 0.004 0.037 0.006 
366 QAc-W-0089    (0)   :  0.007 0.003 0.973 0.004 0.003 0.003 0.007 
367 QAc-W-0090    (0)   :  0.005 0.003 0.974 0.005 0.003 0.004 0.006 
368 QAc-W-0091    (0)   :  0.005 0.013 0.937 0.014 0.013 0.013 0.005 
369 QAc-W-0092    (0)   :  0.007 0.007 0.682 0.006 0.250 0.006 0.041 
370 QAc-W-0093    (0)   :  0.003 0.042 0.679 0.150 0.007 0.042 0.077 
371 QAc-W-0094    (0)   :  0.006 0.014 0.596 0.081 0.247 0.018 0.039 
372 QAc-W-0095    (0)   :  0.005 0.007 0.909 0.008 0.044 0.010 0.017 
373 QAc-W-0096    (0)   :  0.014 0.023 0.742 0.047 0.121 0.025 0.027 
374 QAc-W-0097    (0)   :  0.007 0.006 0.629 0.151 0.006 0.131 0.069 
375 QAc-W-0098    (0)   :  0.003 0.004 0.964 0.008 0.005 0.010 0.006 
376 QAc-W-0099    (0)   :  0.004 0.094 0.765 0.082 0.010 0.022 0.022 
377 QAc-W-0100    (0)   :  0.003 0.007 0.967 0.009 0.004 0.005 0.005 
378 QAc-W-0101    (0)   :  0.030 0.011 0.939 0.007 0.003 0.004 0.006 
379 QAc-W-0104    (0)   :  0.003 0.020 0.933 0.014 0.004 0.019 0.008 
380 QAc-W-0105    (0)   :  0.005 0.004 0.958 0.007 0.014 0.003 0.009 
381 QAc-W-0106    (0)   :  0.006 0.010 0.872 0.027 0.062 0.005 0.018 
382 QAc-W-0107    (0)   :  0.005 0.004 0.975 0.005 0.004 0.004 0.003 
383 QAc-W-0108    (0)   :  0.005 0.004 0.979 0.004 0.002 0.003 0.003 
384 QAc-W-0109    (0)   :  0.022 0.005 0.934 0.008 0.006 0.015 0.010 
385 QAc-W-0110   (13)   :  0.009 0.036 0.316 0.024 0.005 0.012 0.599 
386 QAc-W-0111    (6)   :  0.005 0.005 0.961 0.007 0.007 0.005 0.010 
387 QAc-W-0112   (13)   :  0.004 0.018 0.930 0.014 0.008 0.011 0.013 
388 QAc-W-0113   (13)   :  0.004 0.966 0.005 0.007 0.004 0.005 0.010 
389 QAc-W-0114   (13)   :  0.004 0.936 0.018 0.010 0.009 0.018 0.005 
390 QAc-W-0115    (0)   :  0.005 0.969 0.005 0.005 0.005 0.003 0.008 
391 QAc-W-0116    (0)   :  0.002 0.935 0.004 0.013 0.015 0.015 0.015 
392 QAc-W-0117    (0)   :  0.004 0.969 0.002 0.006 0.003 0.009 0.006 
393 QAc-W-0118    (0)   :  0.023 0.939 0.014 0.009 0.004 0.005 0.006 
394 QAc-W-0119    (0)   :  0.007 0.963 0.004 0.009 0.007 0.004 0.006 
395 QAc-W-0120    (0)   :  0.013 0.949 0.005 0.014 0.003 0.007 0.009 
396 QAc-W-0121    (0)   :  0.039 0.929 0.003 0.010 0.003 0.008 0.008 
397 QAc-W-0122    (0)   :  0.003 0.930 0.004 0.029 0.005 0.017 0.012 
398 QAc-W-0123    (6)   :  0.011 0.900 0.011 0.038 0.012 0.015 0.013 
399 QAc-W-0124    (0)   :  0.024 0.848 0.039 0.020 0.009 0.004 0.055 
400 QAc-W-0125    (0)   :  0.007 0.952 0.011 0.008 0.009 0.008 0.005 
401 QAc-W-0126   (13)   :  0.007 0.910 0.021 0.029 0.013 0.013 0.009 
402 QAc-W-0127    (6)   :  0.004 0.970 0.003 0.008 0.005 0.005 0.006 
403 QAc-W-0128   (13)   :  0.012 0.917 0.036 0.010 0.003 0.011 0.011 
404 QAc-W-0129   (13)   :  0.007 0.883 0.005 0.020 0.005 0.026 0.055 
405 QAc-W-0130   (13)   :  0.006 0.952 0.006 0.007 0.002 0.008 0.018 
406 QAc-W-0131    (0)   :  0.005 0.883 0.005 0.057 0.040 0.006 0.005 
407 QAc-W-0132    (6)   :  0.052 0.866 0.015 0.013 0.022 0.005 0.026 
408 QAc-W-0133    (6)   :  0.113 0.424 0.058 0.385 0.006 0.007 0.007 
409 QAc-W-0134    (0)   :  0.004 0.974 0.004 0.004 0.005 0.005 0.005 
410 QAc-W-0135    (0)   :  0.016 0.902 0.006 0.008 0.003 0.008 0.058 
411 QAc-W-0136    (0)   :  0.003 0.973 0.003 0.004 0.009 0.003 0.005 
412 QAc-W-0137    (0)   :  0.003 0.979 0.002 0.004 0.005 0.003 0.004 
413 QAc-W-0138    (0)   :  0.003 0.978 0.002 0.004 0.005 0.003 0.005 
414 QAc-W-0139    (0)   :  0.019 0.826 0.063 0.023 0.009 0.006 0.053 
415 QAc-W-0140    (0)   :  0.004 0.869 0.005 0.018 0.003 0.069 0.032 
416 QAc-W-0141    (6)   :  0.015 0.866 0.006 0.026 0.004 0.018 0.065 
417 QAc-W-0142    (0)   :  0.006 0.976 0.003 0.005 0.003 0.004 0.004 
418 QAc-W-0143    (0)   :  0.003 0.964 0.006 0.010 0.003 0.008 0.006 
419 QAc-W-0144    (0)   :  0.003 0.836 0.005 0.027 0.008 0.114 0.007 
420 QAc-W-0145    (0)   :  0.003 0.964 0.003 0.018 0.004 0.005 0.004 
421 QAc-W-0146    (0)   :  0.004 0.963 0.004 0.004 0.005 0.004 0.015 
422 QAc-W-0147    (0)   :  0.003 0.979 0.004 0.004 0.003 0.003 0.004 
423 QAc-W-0148    (0)   :  0.004 0.974 0.003 0.004 0.005 0.004 0.006 
424 QAc-W-0149    (0)   :  0.004 0.910 0.009 0.018 0.012 0.039 0.009 
425 QAc-W-0150    (0)   :  0.007 0.890 0.014 0.017 0.011 0.006 0.055 
426 QAc-W-0151    (0)   :  0.005 0.959 0.006 0.007 0.006 0.005 0.013 
427 QAc-W-0152    (0)   :  0.005 0.974 0.003 0.004 0.003 0.005 0.005 
428 QAc-W-0153    (0)   :  0.009 0.024 0.022 0.889 0.005 0.012 0.039 
429 QAc-W-0154    (0)   :  0.003 0.907 0.004 0.045 0.003 0.005 0.033 
430 QAc-W-0155    (0)   :  0.003 0.978 0.003 0.004 0.003 0.003 0.005 
431 QAc-W-0156    (0)   :  0.004 0.838 0.077 0.014 0.013 0.004 0.049 
432 QAc-W-0157    (0)   :  0.010 0.863 0.003 0.060 0.036 0.013 0.014 
433 QAc-W-0158    (0)   :  0.016 0.901 0.028 0.006 0.004 0.004 0.040 
434 QAc-W-0159    (0)   :  0.007 0.960 0.005 0.008 0.007 0.006 0.007 
435 QAc-W-0160    (0)   :  0.004 0.944 0.005 0.008 0.005 0.004 0.031 
436 QAc-W-0161    (0)   :  0.004 0.805 0.004 0.009 0.115 0.008 0.055 
437 QAc-W-0162    (0)   :  0.036 0.885 0.003 0.014 0.029 0.028 0.004 
438 QAc-W-0163    (0)   :  0.004 0.946 0.003 0.020 0.005 0.014 0.007 
439 QAc-W-0164    (0)   :  0.006 0.969 0.004 0.008 0.005 0.004 0.004 
440 QAc-W-0165    (0)   :  0.031 0.921 0.002 0.024 0.011 0.005 0.005 
441 QAc-W-0166    (0)   :  0.005 0.955 0.004 0.007 0.005 0.005 0.020 
442 QAc-W-0167    (0)   :  0.004 0.007 0.010 0.958 0.004 0.012 0.005 
443 QAc-W-0168    (0)   :  0.142 0.416 0.015 0.272 0.026 0.094 0.036 
444 QAc-W-0169    (0)   :  0.009 0.009 0.003 0.899 0.004 0.022 0.054 
445 QAc-W-0170    (0)   :  0.004 0.012 0.006 0.918 0.003 0.031 0.027 
446 QAc-W-0171    (0)   :  0.004 0.006 0.008 0.961 0.006 0.008 0.006 
447 QAc-W-0172    (0)   :  0.002 0.009 0.005 0.956 0.008 0.007 0.013 
448 QAc-W-0173    (0)   :  0.004 0.055 0.006 0.823 0.012 0.024 0.076 
449 QAc-W-0174    (0)   :  0.008 0.015 0.005 0.944 0.003 0.015 0.010 


Estimated Allele Frequencies in each cluster
First column gives estimated ancestral frequencies


Locus 1 : 
21 alleles
0.4% missing data
 210   (0.113) 0.002 0.174 0.210 0.112 0.003 0.289 0.043 
 212   (0.106) 0.213 0.083 0.230 0.103 0.003 0.040 0.194 
 202   (0.047) 0.001 0.005 0.144 0.045 0.337 0.009 0.051 
 226   (0.055) 0.181 0.004 0.104 0.059 0.210 0.013 0.002 
 216   (0.063) 0.001 0.095 0.090 0.061 0.327 0.042 0.006 
 200   (0.212) 0.387 0.204 0.131 0.214 0.106 0.269 0.512 
 224   (0.040) 0.141 0.003 0.001 0.042 0.001 0.005 0.077 
 218   (0.036) 0.000 0.148 0.056 0.031 0.001 0.004 0.029 
 222   (0.025) 0.000 0.185 0.000 0.023 0.002 0.003 0.001 
 228   (0.016) 0.058 0.001 0.000 0.015 0.000 0.002 0.000 
 214   (0.097) 0.014 0.061 0.002 0.110 0.004 0.116 0.003 
 208   (0.053) 0.001 0.003 0.030 0.054 0.002 0.052 0.073 
 220   (0.027) 0.000 0.009 0.000 0.032 0.001 0.003 0.001 
 206   (0.037) 0.000 0.019 0.001 0.035 0.001 0.058 0.003 
 196   (0.010) 0.000 0.001 0.000 0.010 0.000 0.001 0.000 
 238   (0.010) 0.000 0.002 0.000 0.010 0.000 0.001 0.000 
 121   (0.009) 0.000 0.001 0.000 0.007 0.001 0.001 0.004 
 204   (0.013) 0.000 0.001 0.000 0.011 0.000 0.025 0.000 
 190   (0.010) 0.000 0.001 0.000 0.010 0.000 0.001 0.000 
 198   (0.010) 0.000 0.001 0.000 0.008 0.000 0.010 0.000 
 232   (0.011) 0.000 0.001 0.000 0.008 0.000 0.058 0.000 

Locus 2 : 
16 alleles
1.6% missing data
 171   (0.205) 0.002 0.063 0.143 0.211 0.403 0.512 0.332 
 175   (0.109) 0.125 0.022 0.246 0.108 0.132 0.037 0.036 
 185   (0.055) 0.001 0.222 0.145 0.054 0.001 0.006 0.009 
 181   (0.085) 0.349 0.005 0.351 0.081 0.003 0.096 0.104 
 179   (0.079) 0.098 0.292 0.001 0.080 0.336 0.020 0.006 
 173   (0.169) 0.328 0.186 0.065 0.164 0.108 0.102 0.340 
 177   (0.033) 0.093 0.067 0.001 0.031 0.007 0.004 0.001 
 183   (0.055) 0.001 0.084 0.019 0.052 0.001 0.133 0.002 
 187   (0.110) 0.001 0.024 0.002 0.128 0.003 0.060 0.070 
 189   (0.028) 0.000 0.023 0.000 0.024 0.001 0.003 0.099 
 191   (0.020) 0.000 0.001 0.027 0.015 0.003 0.021 0.001 
 163   (0.010) 0.000 0.001 0.000 0.010 0.000 0.001 0.000 
 165   (0.011) 0.000 0.001 0.000 0.011 0.000 0.001 0.000 
 193   (0.011) 0.000 0.001 0.000 0.011 0.000 0.001 0.000 
 169   (0.010) 0.000 0.007 0.000 0.008 0.000 0.001 0.000 
 167   (0.010) 0.000 0.001 0.000 0.011 0.000 0.001 0.000 

Locus 3 : 
7 alleles
2.4% missing data
 206   (0.832) 0.985 0.977 0.984 0.836 0.987 0.922 0.931 
 208   (0.066) 0.001 0.009 0.001 0.071 0.002 0.027 0.066 
 198   (0.012) 0.000 0.001 0.005 0.009 0.000 0.001 0.000 
 204   (0.045) 0.013 0.010 0.009 0.041 0.010 0.035 0.001 
 218   (0.018) 0.000 0.001 0.000 0.016 0.000 0.011 0.001 
 230   (0.011) 0.000 0.001 0.000 0.010 0.000 0.003 0.000 
 212   (0.016) 0.000 0.001 0.000 0.018 0.000 0.002 0.001 

Locus 4 : 
15 alleles
3.6% missing data
 165   (0.114) 0.081 0.013 0.623 0.119 0.004 0.034 0.126 
 173   (0.054) 0.001 0.003 0.319 0.063 0.002 0.014 0.002 
 163   (0.194) 0.006 0.312 0.007 0.202 0.006 0.302 0.105 
 167   (0.140) 0.002 0.153 0.015 0.142 0.535 0.076 0.190 
 161   (0.270) 0.893 0.460 0.011 0.258 0.448 0.405 0.522 
 153   (0.013) 0.000 0.001 0.000 0.009 0.000 0.001 0.011 
 171   (0.050) 0.001 0.005 0.002 0.057 0.002 0.039 0.002 
 179   (0.012) 0.000 0.001 0.000 0.011 0.000 0.001 0.001 
 157   (0.025) 0.000 0.002 0.000 0.020 0.001 0.036 0.036 
 149   (0.012) 0.000 0.001 0.000 0.009 0.000 0.009 0.000 
 177   (0.036) 0.000 0.007 0.018 0.038 0.001 0.006 0.002 
 155   (0.017) 0.000 0.003 0.000 0.016 0.000 0.002 0.003 
 175   (0.013) 0.000 0.001 0.000 0.010 0.000 0.019 0.000 
 169   (0.025) 0.000 0.001 0.004 0.021 0.001 0.054 0.001 
 159   (0.026) 0.015 0.037 0.000 0.023 0.001 0.003 0.001 

Locus 5 : 
16 alleles
0.0% missing data
 148   (0.087) 0.379 0.075 0.420 0.078 0.002 0.052 0.129 
 160   (0.030) 0.000 0.002 0.080 0.024 0.039 0.032 0.001 
 146   (0.151) 0.341 0.015 0.266 0.168 0.018 0.082 0.045 
 154   (0.074) 0.021 0.193 0.003 0.082 0.003 0.017 0.005 
 150   (0.086) 0.008 0.005 0.002 0.101 0.002 0.052 0.063 
 138   (0.096) 0.003 0.267 0.099 0.093 0.177 0.027 0.077 
 166   (0.026) 0.000 0.001 0.000 0.019 0.326 0.167 0.010 
 164   (0.022) 0.000 0.006 0.000 0.021 0.058 0.003 0.001 
 142   (0.032) 0.001 0.017 0.001 0.035 0.001 0.010 0.001 
 144   (0.127) 0.206 0.140 0.010 0.118 0.074 0.352 0.267 
 140   (0.060) 0.001 0.167 0.001 0.055 0.293 0.013 0.190 
 158   (0.051) 0.001 0.018 0.045 0.045 0.002 0.060 0.020 
 162   (0.037) 0.000 0.002 0.064 0.045 0.001 0.006 0.001 
 152   (0.077) 0.037 0.090 0.001 0.074 0.002 0.070 0.189 
 134   (0.017) 0.000 0.001 0.000 0.015 0.000 0.049 0.000 
 156   (0.025) 0.000 0.001 0.007 0.028 0.001 0.007 0.001 

Locus 6 : 
12 alleles
0.0% missing data
 225   (0.036) 0.199 0.026 0.114 0.031 0.001 0.004 0.002 
 239   (0.109) 0.498 0.027 0.032 0.105 0.209 0.065 0.078 
 229   (0.016) 0.000 0.001 0.349 0.011 0.000 0.002 0.004 
 235   (0.291) 0.257 0.438 0.392 0.309 0.009 0.115 0.307 
 237   (0.203) 0.033 0.232 0.006 0.216 0.015 0.219 0.280 
 233   (0.089) 0.009 0.018 0.043 0.083 0.295 0.057 0.266 
 227   (0.035) 0.000 0.002 0.001 0.031 0.315 0.401 0.001 
 245   (0.053) 0.001 0.091 0.001 0.049 0.002 0.058 0.024 
 241   (0.070) 0.001 0.059 0.061 0.068 0.150 0.034 0.002 
 231   (0.057) 0.001 0.063 0.001 0.062 0.002 0.034 0.002 
 243   (0.031) 0.000 0.042 0.001 0.026 0.001 0.010 0.035 
 251   (0.011) 0.000 0.001 0.000 0.011 0.000 0.001 0.000 

Locus 7 : 
7 alleles
0.0% missing data
 118   (0.844) 0.982 0.991 0.961 0.856 0.614 0.928 0.862 
 124   (0.028) 0.000 0.001 0.000 0.021 0.382 0.015 0.126 
 116   (0.037) 0.001 0.002 0.001 0.044 0.001 0.018 0.001 
 114   (0.045) 0.005 0.003 0.025 0.042 0.001 0.017 0.009 
 122   (0.018) 0.000 0.001 0.000 0.016 0.000 0.011 0.001 
 112   (0.018) 0.000 0.001 0.012 0.013 0.000 0.010 0.000 
 120   (0.011) 0.012 0.001 0.000 0.008 0.000 0.001 0.000 

Locus 8 : 
5 alleles
0.4% missing data
 135   (0.068) 0.005 0.023 0.012 0.070 0.002 0.007 0.105 
 139   (0.723) 0.966 0.672 0.908 0.732 0.932 0.751 0.795 
