

----------------------------------------------------
STRUCTURE by Pritchard, Stephens and Donnelly (2000)
     and Falush, Stephens and Pritchard (2003)
       Code by Pritchard, Falush and Hubisz
             Version 2.3.4 (Jul 2012)
----------------------------------------------------



Command line arguments:   bin\structure -m C:\Users\eschumacher\Documents\GitHub\GCC_QUAC_ZAIN\Data_Files\Structure_Files\QUAC\QUAC_wK_nopopinfo_garden_wild\QUAC_wK_nopopinfo_STR\50-50\mainparams -e C:\Users\eschumacher\Documents\GitHub\GCC_QUAC_ZAIN\Data_Files\Structure_Files\QUAC\QUAC_wK_nopopinfo_garden_wild\QUAC_wK_nopopinfo_STR\50-50\extraparams 
Input File:    C:\Users\eschumacher\Documents\GitHub\GCC_QUAC_ZAIN\Data_Files\Structure_Files\QUAC\QUAC_wK_nopopinfo_garden_wild\QUAC_wK_nopopinfo_STR\project_data

Run parameters:
   449 individuals
   15 loci
   4 populations assumed
   50000 Burn-in period
   50000 Reps


--------------------------------------------
Overall proportion of membership of the
sample in each of the 4 clusters

Inferred Clusters
  1      2      3      4    
0.225  0.378  0.197  0.200  

--------------------------------------------

Allele-freq. divergence among pops (Net nucleotide distance),
computed using point estimates of P.

      1       2       3       4      
 1      -    0.0321  0.0855  0.0989  
 2   0.0321     -    0.0802  0.0808  
 3   0.0855  0.0802     -    0.1159  
 4   0.0989  0.0808  0.1159     -    

Average distances (expected heterozygosity) between individuals in same cluster:
cluster  1  : 0.6334 
cluster  2  : 0.5987 
cluster  3  : 0.4628 
cluster  4  : 0.5042 

--------------------------------------------
Estimated Ln Prob of Data   = -17110.8
Mean value of ln likelihood = -16884.3
Variance of ln likelihood   = 453.0
Mean value of alpha         = 0.0393

Mean value of Fst_1         = 0.0556
Mean value of Fst_2         = 0.0700
Mean value of Fst_3         = 0.3351
Mean value of Fst_4         = 0.2540


Inferred ancestry of individuals:
        Label (%Miss) :  Inferred clusters
  1 QAc-G-0029    (0)   :  0.004 0.012 0.012 0.972 
  2 QAc-G-0030    (0)   :  0.003 0.003 0.004 0.990 
  3 QAc-G-0031    (0)   :  0.003 0.003 0.006 0.988 
  4 QAc-G-0061    (0)   :  0.004 0.005 0.004 0.986 
  5 QAc-G-0062    (0)   :  0.719 0.089 0.184 0.008 
  6 QAc-G-0063    (0)   :  0.013 0.090 0.889 0.008 
  7 QAc-G-0064    (0)   :  0.976 0.015 0.006 0.004 
  8 QAc-G-0065    (0)   :  0.986 0.006 0.003 0.006 
  9 QAc-G-0066    (0)   :  0.003 0.004 0.988 0.005 
 10 QAc-G-0067    (0)   :  0.971 0.007 0.006 0.016 
 11 QAc-G-0068    (0)   :  0.419 0.006 0.570 0.005 
 12 QAc-G-0070    (0)   :  0.022 0.122 0.847 0.009 
 13 QAc-G-0071   (13)   :  0.004 0.004 0.986 0.006 
 14 QAc-G-0072    (0)   :  0.004 0.006 0.985 0.005 
 15 QAc-G-0073    (0)   :  0.004 0.986 0.004 0.006 
 16 QAc-G-0074    (0)   :  0.016 0.756 0.222 0.006 
 17 QAc-G-0075    (0)   :  0.015 0.959 0.014 0.012 
 18 QAc-G-0076    (0)   :  0.009 0.968 0.012 0.011 
 19 QAc-G-0077    (0)   :  0.005 0.005 0.008 0.982 
 20 QAc-G-0078    (0)   :  0.003 0.003 0.004 0.990 
 21 QAc-G-0079    (0)   :  0.004 0.004 0.005 0.987 
 22 QAc-G-0080    (0)   :  0.100 0.144 0.017 0.740 
 23 QAc-G-0081    (0)   :  0.039 0.943 0.009 0.010 
 24 QAc-G-0082    (0)   :  0.094 0.881 0.006 0.018 
 25 QAc-G-0083    (0)   :  0.082 0.374 0.473 0.071 
 26 QAc-G-0001   (13)   :  0.003 0.003 0.006 0.987 
 27 QAc-G-0002    (0)   :  0.003 0.003 0.003 0.991 
 28 QAc-G-0285    (0)   :  0.013 0.013 0.962 0.012 
 29 QAc-G-0286    (0)   :  0.003 0.003 0.990 0.004 
 30 QAc-G-0287    (0)   :  0.003 0.003 0.990 0.004 
 31 QAc-G-0288    (6)   :  0.005 0.010 0.970 0.015 
 32 QAc-G-0289    (0)   :  0.004 0.004 0.987 0.005 
 33 QAc-G-0290    (0)   :  0.004 0.004 0.987 0.004 
 34 QAc-G-0291    (0)   :  0.003 0.003 0.987 0.006 
 35 QAc-G-0292    (0)   :  0.049 0.038 0.909 0.004 
 36 QAc-G-0293    (0)   :  0.003 0.003 0.986 0.008 
 37 QAc-G-0294    (0)   :  0.022 0.961 0.004 0.013 
 38 QAc-G-0295    (0)   :  0.008 0.955 0.022 0.016 
 39 QAc-G-0296    (0)   :  0.009 0.976 0.010 0.004 
 40 QAc-G-0297    (0)   :  0.285 0.706 0.003 0.005 
 41 QAc-G-0298    (6)   :  0.008 0.976 0.006 0.010 
 42 QAc-G-0299    (0)   :  0.014 0.964 0.015 0.008 
 43 QAc-G-0300    (0)   :  0.010 0.982 0.005 0.004 
 44 QAc-G-0301    (0)   :  0.041 0.933 0.017 0.009 
 45 QAc-G-0302    (0)   :  0.965 0.021 0.007 0.006 
 46 QAc-G-0303    (0)   :  0.958 0.029 0.006 0.007 
 47 QAc-G-0304    (0)   :  0.003 0.003 0.989 0.004 
 48 QAc-G-0305    (0)   :  0.068 0.019 0.808 0.105 
 49 QAc-G-0306    (0)   :  0.003 0.003 0.990 0.004 
 50 QAc-G-0307    (0)   :  0.021 0.065 0.018 0.895 
 51 QAc-G-0308    (0)   :  0.008 0.012 0.017 0.962 
 52 QAc-G-0309    (0)   :  0.004 0.005 0.005 0.985 
 53 QAc-G-0310    (0)   :  0.004 0.005 0.004 0.987 
 54 QAc-G-0311    (0)   :  0.002 0.003 0.003 0.992 
 55 QAc-G-0312    (0)   :  0.172 0.239 0.007 0.581 
 56 QAc-G-0313    (0)   :  0.064 0.860 0.053 0.023 
 57 QAc-G-0314    (0)   :  0.025 0.960 0.004 0.011 
 58 QAc-G-0315    (0)   :  0.678 0.263 0.051 0.008 
 59 QAc-G-0316    (0)   :  0.212 0.689 0.018 0.080 
 60 QAc-G-0032    (6)   :  0.976 0.010 0.008 0.007 
 61 QAc-G-0033    (0)   :  0.011 0.977 0.005 0.007 
 62 QAc-G-0034    (0)   :  0.022 0.942 0.007 0.029 
 63 QAc-G-0035    (0)   :  0.010 0.972 0.010 0.007 
 64 QAc-G-0036    (0)   :  0.007 0.971 0.014 0.008 
 65 QAc-G-0037    (0)   :  0.008 0.941 0.027 0.024 
 66 QAc-G-0038    (0)   :  0.005 0.989 0.004 0.002 
 67 QAc-G-0039    (0)   :  0.008 0.948 0.007 0.037 
 68 QAc-G-0040    (0)   :  0.007 0.969 0.016 0.008 
 69 QAc-G-0041    (0)   :  0.005 0.987 0.004 0.004 
 70 QAc-G-0042    (0)   :  0.013 0.974 0.009 0.004 
 71 QAc-G-0043    (0)   :  0.004 0.974 0.008 0.014 
 72 QAc-G-0044    (0)   :  0.021 0.961 0.013 0.004 
 73 QAc-G-0045    (0)   :  0.011 0.955 0.010 0.024 
 74 QAc-G-0046    (0)   :  0.006 0.969 0.003 0.021 
 75 QAc-G-0047    (0)   :  0.013 0.939 0.007 0.041 
 76 QAc-G-0048    (0)   :  0.006 0.986 0.005 0.003 
 77 QAc-G-0049    (0)   :  0.003 0.003 0.005 0.989 
 78 QAc-G-0050    (0)   :  0.660 0.047 0.066 0.226 
 79 QAc-G-0051    (0)   :  0.003 0.003 0.004 0.990 
 80 QAc-G-0052    (0)   :  0.012 0.013 0.004 0.971 
 81 QAc-G-0053    (0)   :  0.003 0.008 0.010 0.978 
 82 QAc-G-0054    (0)   :  0.148 0.345 0.004 0.503 
 83 QAc-G-0055    (0)   :  0.141 0.212 0.005 0.642 
 84 QAc-G-0056    (0)   :  0.529 0.373 0.020 0.079 
 85 QAc-G-0057    (0)   :  0.004 0.004 0.005 0.988 
 86 QAc-G-0058    (6)   :  0.004 0.003 0.004 0.989 
 87 QAc-G-0059    (0)   :  0.079 0.190 0.003 0.728 
 88 QAc-G-0060    (6)   :  0.013 0.011 0.013 0.964 
 89 QAc-G-0276    (0)   :  0.006 0.020 0.949 0.025 
 90 QAc-G-0279    (0)   :  0.003 0.004 0.986 0.007 
 91 QAc-G-0280    (6)   :  0.005 0.007 0.984 0.004 
 92 QAc-G-0281    (0)   :  0.004 0.004 0.007 0.985 
 93 QAc-G-0018    (0)   :  0.035 0.925 0.010 0.031 
 94 QAc-G-0019    (0)   :  0.019 0.960 0.017 0.005 
 95 QAc-G-0020    (0)   :  0.011 0.978 0.004 0.007 
 96 QAc-G-0021    (6)   :  0.012 0.968 0.004 0.016 
 97 QAc-G-0022    (6)   :  0.017 0.969 0.006 0.008 
 98 QAc-G-0023    (0)   :  0.004 0.004 0.004 0.988 
 99 QAc-G-0024    (0)   :  0.004 0.005 0.003 0.987 
100 QAc-G-0016    (0)   :  0.567 0.065 0.017 0.351 
101 QAc-G-0017    (0)   :  0.983 0.008 0.005 0.003 
102 QAc-G-0250    (0)   :  0.269 0.094 0.607 0.030 
103 QAc-G-0003    (6)   :  0.004 0.006 0.985 0.005 
104 QAc-G-0004    (0)   :  0.942 0.042 0.005 0.011 
105 QAc-G-0005    (0)   :  0.983 0.007 0.005 0.006 
106 QAc-G-0006    (6)   :  0.952 0.036 0.007 0.004 
107 QAc-G-0283    (0)   :  0.233 0.746 0.015 0.007 
108 QAc-G-0265    (0)   :  0.034 0.485 0.031 0.450 
109 QAc-G-0266    (0)   :  0.003 0.003 0.006 0.988 
110 QAc-G-0267    (0)   :  0.036 0.889 0.066 0.009 
111 QAc-G-0268   (20)   :  0.345 0.018 0.626 0.011 
112 QAc-G-0269    (0)   :  0.003 0.004 0.987 0.006 
113 QAc-G-0270    (6)   :  0.009 0.978 0.008 0.005 
114 QAc-G-0271    (0)   :  0.161 0.827 0.006 0.005 
115 QAc-G-0272    (6)   :  0.009 0.939 0.044 0.009 
116 QAc-G-0273    (0)   :  0.005 0.004 0.005 0.985 
117 QAc-G-0274    (0)   :  0.980 0.012 0.004 0.004 
118 QAc-G-0251    (6)   :  0.053 0.936 0.006 0.006 
119 QAc-G-0252    (0)   :  0.013 0.974 0.009 0.005 
120 QAc-G-0253    (0)   :  0.004 0.005 0.005 0.987 
121 QAc-G-0254    (0)   :  0.003 0.003 0.003 0.991 
122 QAc-G-0255    (0)   :  0.977 0.013 0.005 0.005 
123 QAc-G-0256    (0)   :  0.975 0.006 0.013 0.006 
124 QAc-G-0257    (0)   :  0.983 0.008 0.004 0.006 
125 QAc-G-0258    (0)   :  0.988 0.006 0.003 0.003 
126 QAc-G-0259    (0)   :  0.368 0.625 0.004 0.004 
127 QAc-G-0260    (0)   :  0.798 0.109 0.066 0.027 
128 QAc-G-0261    (0)   :  0.978 0.011 0.005 0.006 
129 QAc-G-0262    (0)   :  0.972 0.011 0.010 0.007 
130 QAc-G-0010    (0)   :  0.006 0.035 0.938 0.022 
131 QAc-G-0011    (0)   :  0.014 0.978 0.004 0.005 
132 QAc-G-0015    (0)   :  0.074 0.038 0.008 0.880 
133 QAc-G-0106    (0)   :  0.989 0.005 0.003 0.003 
134 QAc-G-0107    (0)   :  0.969 0.009 0.010 0.012 
135 QAc-G-0108    (0)   :  0.982 0.009 0.006 0.003 
136 QAc-G-0109    (0)   :  0.974 0.012 0.005 0.008 
137 QAc-G-0110    (0)   :  0.740 0.145 0.106 0.009 
138 QAc-G-0111    (0)   :  0.967 0.015 0.011 0.007 
139 QAc-G-0112    (0)   :  0.956 0.006 0.028 0.010 
140 QAc-G-0113    (0)   :  0.975 0.006 0.008 0.011 
141 QAc-G-0114    (0)   :  0.880 0.063 0.032 0.025 
142 QAc-G-0115    (0)   :  0.983 0.006 0.006 0.005 
143 QAc-G-0116    (0)   :  0.974 0.008 0.011 0.008 
144 QAc-G-0117    (0)   :  0.878 0.097 0.010 0.015 
145 QAc-G-0118    (0)   :  0.986 0.007 0.004 0.003 
146 QAc-G-0119    (0)   :  0.979 0.012 0.002 0.007 
147 QAc-G-0120    (0)   :  0.950 0.034 0.009 0.008 
148 QAc-G-0121    (0)   :  0.985 0.007 0.005 0.004 
149 QAc-G-0122    (0)   :  0.955 0.011 0.029 0.005 
150 QAc-G-0123    (0)   :  0.981 0.013 0.002 0.004 
151 QAc-G-0124    (6)   :  0.964 0.024 0.005 0.007 
152 QAc-G-0125    (0)   :  0.838 0.092 0.034 0.036 
153 QAc-G-0126    (0)   :  0.963 0.011 0.006 0.020 
154 QAc-G-0127    (0)   :  0.977 0.012 0.005 0.006 
155 QAc-G-0128    (0)   :  0.974 0.007 0.013 0.007 
156 QAc-G-0129    (0)   :  0.984 0.007 0.005 0.004 
157 QAc-G-0130    (0)   :  0.986 0.007 0.004 0.003 
158 QAc-G-0131    (0)   :  0.980 0.009 0.005 0.006 
159 QAc-G-0132    (0)   :  0.982 0.005 0.007 0.005 
160 QAc-G-0133    (0)   :  0.952 0.035 0.008 0.005 
161 QAc-G-0134    (0)   :  0.979 0.010 0.005 0.006 
162 QAc-G-0135    (0)   :  0.955 0.021 0.009 0.015 
163 QAc-G-0136    (0)   :  0.965 0.011 0.016 0.008 
164 QAc-G-0137    (0)   :  0.980 0.011 0.005 0.004 
165 QAc-G-0138    (0)   :  0.974 0.010 0.006 0.010 
166 QAc-G-0139    (0)   :  0.982 0.010 0.004 0.003 
167 QAc-G-0140    (6)   :  0.978 0.010 0.007 0.005 
168 QAc-G-0141    (0)   :  0.758 0.191 0.024 0.027 
169 QAc-G-0142    (0)   :  0.981 0.011 0.004 0.003 
170 QAc-G-0143    (0)   :  0.793 0.163 0.027 0.017 
171 QAc-G-0144    (6)   :  0.962 0.017 0.009 0.013 
172 QAc-G-0145    (0)   :  0.004 0.005 0.988 0.003 
173 QAc-G-0146    (0)   :  0.968 0.020 0.007 0.005 
174 QAc-G-0147    (0)   :  0.908 0.074 0.010 0.008 
175 QAc-G-0148    (0)   :  0.968 0.014 0.009 0.009 
176 QAc-G-0149    (0)   :  0.982 0.009 0.005 0.004 
177 QAc-G-0150    (0)   :  0.004 0.004 0.987 0.005 
178 QAc-G-0151    (0)   :  0.976 0.013 0.007 0.004 
179 QAc-G-0152    (0)   :  0.926 0.057 0.005 0.012 
180 QAc-G-0153    (0)   :  0.970 0.017 0.011 0.003 
181 QAc-G-0154    (0)   :  0.978 0.010 0.008 0.004 
182 QAc-G-0155    (0)   :  0.956 0.035 0.005 0.004 
183 QAc-G-0158    (0)   :  0.983 0.006 0.006 0.006 
184 QAc-G-0159    (0)   :  0.974 0.011 0.009 0.006 
185 QAc-G-0160    (0)   :  0.003 0.003 0.991 0.004 
186 QAc-G-0161    (0)   :  0.003 0.003 0.990 0.004 
187 QAc-G-0162    (0)   :  0.011 0.317 0.664 0.007 
188 QAc-G-0163    (0)   :  0.011 0.017 0.968 0.003 
189 QAc-G-0164    (0)   :  0.003 0.008 0.978 0.011 
190 QAc-G-0165    (0)   :  0.006 0.006 0.984 0.004 
191 QAc-G-0166    (0)   :  0.003 0.005 0.988 0.004 
192 QAc-G-0167    (0)   :  0.004 0.005 0.986 0.005 
193 QAc-G-0168    (0)   :  0.003 0.003 0.990 0.004 
194 QAc-G-0169    (6)   :  0.386 0.056 0.552 0.007 
195 QAc-G-0170    (0)   :  0.005 0.005 0.986 0.005 
196 QAc-G-0171    (0)   :  0.003 0.004 0.989 0.004 
197 QAc-G-0172    (0)   :  0.929 0.028 0.033 0.009 
198 QAc-G-0173    (0)   :  0.003 0.003 0.986 0.007 
199 QAc-G-0174    (0)   :  0.069 0.048 0.875 0.008 
200 QAc-G-0175    (0)   :  0.003 0.004 0.989 0.005 
201 QAc-G-0176    (0)   :  0.007 0.130 0.849 0.013 
202 QAc-G-0177    (0)   :  0.003 0.004 0.988 0.005 
203 QAc-G-0178    (0)   :  0.008 0.016 0.947 0.029 
204 QAc-G-0179    (6)   :  0.003 0.004 0.989 0.004 
205 QAc-G-0180    (0)   :  0.003 0.003 0.990 0.003 
206 QAc-G-0181    (0)   :  0.004 0.007 0.986 0.003 
207 QAc-G-0182    (0)   :  0.047 0.027 0.922 0.004 
208 QAc-G-0183    (6)   :  0.005 0.004 0.985 0.006 
209 QAc-G-0184    (0)   :  0.004 0.004 0.989 0.004 
210 QAc-G-0185    (0)   :  0.010 0.011 0.973 0.006 
211 QAc-G-0186    (0)   :  0.004 0.008 0.985 0.003 
212 QAc-G-0187    (0)   :  0.005 0.018 0.948 0.028 
213 QAc-G-0188    (0)   :  0.662 0.045 0.289 0.004 
214 QAc-G-0189    (0)   :  0.003 0.003 0.989 0.005 
215 QAc-G-0190    (0)   :  0.004 0.005 0.986 0.005 
216 QAc-G-0191    (0)   :  0.004 0.005 0.986 0.005 
217 QAc-G-0192    (0)   :  0.003 0.003 0.990 0.004 
218 QAc-G-0193    (0)   :  0.004 0.005 0.987 0.004 
219 QAc-G-0194    (0)   :  0.004 0.006 0.984 0.005 
220 QAc-G-0195    (0)   :  0.005 0.013 0.894 0.088 
221 QAc-G-0196    (0)   :  0.003 0.004 0.988 0.005 
222 QAc-G-0197    (0)   :  0.003 0.003 0.990 0.004 
223 QAc-G-0198    (0)   :  0.004 0.004 0.989 0.004 
224 QAc-G-0199    (0)   :  0.009 0.057 0.915 0.019 
225 QAc-G-0200    (0)   :  0.003 0.008 0.984 0.004 
226 QAc-G-0201    (0)   :  0.003 0.004 0.990 0.003 
227 QAc-G-0202    (6)   :  0.004 0.004 0.981 0.011 
228 QAc-G-0203    (0)   :  0.007 0.005 0.975 0.013 
229 QAc-G-0204    (0)   :  0.004 0.005 0.986 0.005 
230 QAc-G-0205    (0)   :  0.003 0.003 0.004 0.991 
231 QAc-G-0206    (0)   :  0.060 0.052 0.003 0.885 
232 QAc-G-0207    (0)   :  0.005 0.008 0.007 0.979 
233 QAc-G-0208    (0)   :  0.004 0.004 0.004 0.988 
234 QAc-G-0209    (0)   :  0.003 0.004 0.007 0.986 
235 QAc-G-0210    (0)   :  0.003 0.004 0.003 0.990 
236 QAc-G-0211    (0)   :  0.004 0.003 0.003 0.990 
237 QAc-G-0212    (0)   :  0.003 0.004 0.005 0.989 
238 QAc-G-0213    (0)   :  0.003 0.006 0.005 0.986 
239 QAc-G-0214    (0)   :  0.003 0.003 0.005 0.989 
240 QAc-G-0215    (0)   :  0.004 0.005 0.004 0.988 
241 QAc-G-0216    (0)   :  0.481 0.066 0.123 0.330 
242 QAc-G-0217    (0)   :  0.010 0.007 0.006 0.977 
243 QAc-G-0218    (0)   :  0.004 0.009 0.006 0.982 
244 QAc-G-0219    (0)   :  0.038 0.018 0.010 0.934 
245 QAc-G-0220    (0)   :  0.015 0.008 0.004 0.973 
246 QAc-G-0221    (0)   :  0.011 0.021 0.010 0.957 
247 QAc-G-0222    (0)   :  0.003 0.004 0.005 0.988 
248 QAc-G-0223    (0)   :  0.004 0.006 0.003 0.987 
249 QAc-G-0224    (0)   :  0.004 0.004 0.005 0.986 
250 QAc-G-0226    (0)   :  0.003 0.004 0.004 0.988 
251 QAc-G-0227    (0)   :  0.028 0.956 0.010 0.006 
252 QAc-G-0228    (6)   :  0.006 0.975 0.008 0.011 
253 QAc-G-0229    (0)   :  0.009 0.975 0.009 0.007 
254 QAc-G-0230    (0)   :  0.007 0.964 0.009 0.020 
255 QAc-G-0231    (0)   :  0.004 0.004 0.007 0.985 
256 QAc-G-0232    (0)   :  0.009 0.985 0.003 0.004 
257 QAc-G-0233    (0)   :  0.005 0.978 0.006 0.011 
258 QAc-G-0234    (0)   :  0.007 0.970 0.016 0.007 
259 QAc-G-0235    (0)   :  0.951 0.023 0.013 0.013 
260 QAc-G-0236    (0)   :  0.013 0.974 0.008 0.006 
261 QAc-G-0237    (0)   :  0.015 0.956 0.015 0.015 
262 QAc-G-0238    (0)   :  0.006 0.971 0.008 0.015 
263 QAc-G-0239    (0)   :  0.007 0.981 0.006 0.006 
264 QAc-G-0240    (0)   :  0.011 0.981 0.004 0.003 
265 QAc-G-0241    (0)   :  0.015 0.969 0.011 0.005 
266 QAc-G-0242    (0)   :  0.011 0.976 0.005 0.009 
267 QAc-G-0243    (0)   :  0.019 0.966 0.004 0.011 
268 QAc-G-0244    (0)   :  0.018 0.962 0.009 0.010 
269 QAc-G-0245    (0)   :  0.014 0.973 0.009 0.004 
270 QAc-G-0246    (0)   :  0.010 0.972 0.011 0.007 
271 QAc-G-0247    (0)   :  0.005 0.986 0.003 0.006 
272 QAc-G-0248    (0)   :  0.009 0.983 0.004 0.004 
273 QAc-G-0249    (0)   :  0.007 0.956 0.024 0.012 
274 QAc-G-0025    (0)   :  0.003 0.004 0.004 0.988 
275 QAc-G-0028    (0)   :  0.004 0.971 0.010 0.015 
276 QAc-G-0275    (0)   :  0.004 0.005 0.012 0.980 
277 QAc-G-0263    (0)   :  0.119 0.262 0.514 0.105 
278 QAc-W-0001    (0)   :  0.039 0.951 0.004 0.006 
279 QAc-W-0002    (0)   :  0.011 0.966 0.017 0.005 
280 QAc-W-0003    (0)   :  0.022 0.932 0.021 0.025 
281 QAc-W-0004    (0)   :  0.005 0.975 0.008 0.012 
282 QAc-W-0005    (0)   :  0.008 0.976 0.011 0.005 
283 QAc-W-0006    (0)   :  0.008 0.978 0.006 0.008 
284 QAc-W-0007   (13)   :  0.006 0.983 0.004 0.006 
285 QAc-W-0008    (6)   :  0.006 0.986 0.005 0.003 
286 QAc-W-0009    (0)   :  0.048 0.929 0.015 0.007 
287 QAc-W-0010    (0)   :  0.018 0.968 0.009 0.005 
288 QAc-W-0011    (0)   :  0.029 0.893 0.069 0.009 
289 QAc-W-0012    (0)   :  0.008 0.977 0.009 0.006 
290 QAc-W-0013    (0)   :  0.092 0.711 0.014 0.183 
291 QAc-W-0014    (0)   :  0.004 0.988 0.004 0.004 
292 QAc-W-0015    (0)   :  0.008 0.927 0.044 0.021 
293 QAc-W-0016    (0)   :  0.009 0.972 0.008 0.011 
294 QAc-W-0017    (0)   :  0.055 0.877 0.039 0.029 
295 QAc-W-0018    (0)   :  0.062 0.906 0.004 0.029 
296 QAc-W-0019    (0)   :  0.006 0.979 0.008 0.007 
297 QAc-W-0020    (0)   :  0.027 0.964 0.005 0.004 
298 QAc-W-0021    (0)   :  0.048 0.756 0.014 0.182 
299 QAc-W-0022    (0)   :  0.011 0.962 0.010 0.016 
300 QAc-W-0023    (6)   :  0.230 0.737 0.003 0.030 
301 QAc-W-0024    (0)   :  0.021 0.827 0.043 0.108 
302 QAc-W-0025    (0)   :  0.006 0.983 0.005 0.006 
303 QAc-W-0026    (0)   :  0.040 0.886 0.044 0.030 
304 QAc-W-0027    (0)   :  0.008 0.979 0.009 0.005 
305 QAc-W-0028    (0)   :  0.007 0.981 0.007 0.004 
306 QAc-W-0029    (0)   :  0.020 0.967 0.004 0.009 
307 QAc-W-0030    (0)   :  0.014 0.962 0.017 0.006 
308 QAc-W-0031    (0)   :  0.007 0.906 0.006 0.082 
309 QAc-W-0032    (0)   :  0.007 0.985 0.003 0.005 
310 QAc-W-0033    (0)   :  0.022 0.958 0.007 0.014 
311 QAc-W-0034    (0)   :  0.017 0.973 0.005 0.005 
312 QAc-W-0035    (0)   :  0.008 0.965 0.017 0.010 
313 QAc-W-0036    (0)   :  0.040 0.951 0.005 0.004 
314 QAc-W-0037    (0)   :  0.013 0.945 0.025 0.018 
315 QAc-W-0038    (0)   :  0.028 0.946 0.021 0.005 
316 QAc-W-0039    (0)   :  0.019 0.926 0.039 0.015 
317 QAc-W-0040    (0)   :  0.008 0.974 0.010 0.007 
318 QAc-W-0041    (0)   :  0.037 0.847 0.025 0.091 
319 QAc-W-0042    (0)   :  0.955 0.010 0.020 0.016 
320 QAc-W-0043    (0)   :  0.911 0.029 0.048 0.012 
321 QAc-W-0044    (0)   :  0.890 0.070 0.035 0.006 
322 QAc-W-0045    (0)   :  0.977 0.007 0.010 0.006 
323 QAc-W-0046    (0)   :  0.944 0.013 0.026 0.017 
324 QAc-W-0047    (0)   :  0.950 0.024 0.022 0.004 
325 QAc-W-0048    (0)   :  0.979 0.010 0.004 0.007 
326 QAc-W-0049    (0)   :  0.981 0.007 0.005 0.008 
327 QAc-W-0050    (0)   :  0.959 0.011 0.008 0.022 
328 QAc-W-0051    (0)   :  0.958 0.011 0.016 0.015 
329 QAc-W-0052    (0)   :  0.983 0.009 0.004 0.004 
330 QAc-W-0053    (0)   :  0.982 0.010 0.004 0.004 
331 QAc-W-0054    (0)   :  0.607 0.051 0.335 0.006 
332 QAc-W-0055    (0)   :  0.306 0.040 0.589 0.066 
333 QAc-W-0056    (0)   :  0.496 0.417 0.021 0.066 
334 QAc-W-0057    (0)   :  0.868 0.017 0.034 0.082 
335 QAc-W-0058    (0)   :  0.749 0.007 0.015 0.229 
336 QAc-W-0059    (0)   :  0.985 0.006 0.006 0.004 
337 QAc-W-0060    (0)   :  0.100 0.140 0.754 0.006 
338 QAc-W-0061    (0)   :  0.038 0.058 0.885 0.019 
339 QAc-W-0062    (0)   :  0.060 0.126 0.775 0.039 
340 QAc-W-0063    (0)   :  0.252 0.217 0.491 0.040 
341 QAc-W-0064    (0)   :  0.021 0.265 0.693 0.021 
342 QAc-W-0065    (0)   :  0.092 0.277 0.618 0.014 
343 QAc-W-0066    (0)   :  0.003 0.003 0.988 0.006 
344 QAc-W-0067    (0)   :  0.003 0.003 0.989 0.005 
345 QAc-W-0068    (0)   :  0.003 0.004 0.990 0.003 
346 QAc-W-0069    (0)   :  0.003 0.004 0.989 0.004 
347 QAc-W-0070    (0)   :  0.003 0.003 0.991 0.004 
348 QAc-W-0071    (6)   :  0.005 0.007 0.982 0.006 
349 QAc-W-0072    (0)   :  0.034 0.617 0.343 0.007 
350 QAc-W-0073    (0)   :  0.474 0.100 0.409 0.018 
351 QAc-W-0074    (0)   :  0.011 0.045 0.929 0.014 
352 QAc-W-0075    (0)   :  0.010 0.014 0.969 0.007 
353 QAc-W-0076    (0)   :  0.016 0.125 0.830 0.029 
354 QAc-W-0077    (0)   :  0.089 0.041 0.866 0.004 
355 QAc-W-0078    (0)   :  0.026 0.320 0.043 0.612 
356 QAc-W-0079    (6)   :  0.009 0.015 0.028 0.948 
357 QAc-W-0080   (13)   :  0.008 0.029 0.005 0.958 
358 QAc-W-0081    (0)   :  0.006 0.006 0.004 0.984 
359 QAc-W-0082    (0)   :  0.390 0.010 0.005 0.595 
360 QAc-W-0083    (0)   :  0.021 0.033 0.043 0.903 
361 QAc-W-0084    (0)   :  0.004 0.006 0.005 0.986 
362 QAc-W-0085    (0)   :  0.003 0.004 0.004 0.989 
363 QAc-W-0086    (0)   :  0.005 0.007 0.007 0.982 
364 QAc-W-0087    (0)   :  0.007 0.008 0.008 0.977 
365 QAc-W-0088    (0)   :  0.030 0.009 0.004 0.956 
366 QAc-W-0089    (0)   :  0.004 0.005 0.007 0.983 
367 QAc-W-0090    (0)   :  0.004 0.006 0.006 0.984 
368 QAc-W-0091    (0)   :  0.016 0.009 0.006 0.969 
369 QAc-W-0092    (0)   :  0.189 0.121 0.008 0.682 
370 QAc-W-0093    (0)   :  0.075 0.132 0.004 0.789 
371 QAc-W-0094    (0)   :  0.280 0.088 0.007 0.625 
372 QAc-W-0095    (0)   :  0.026 0.017 0.006 0.951 
373 QAc-W-0096    (0)   :  0.156 0.064 0.026 0.754 
374 QAc-W-0097    (0)   :  0.152 0.059 0.012 0.778 
375 QAc-W-0098    (0)   :  0.008 0.007 0.004 0.982 
376 QAc-W-0099    (0)   :  0.058 0.076 0.005 0.861 
377 QAc-W-0100    (0)   :  0.005 0.007 0.004 0.984 
378 QAc-W-0101    (0)   :  0.005 0.008 0.033 0.954 
379 QAc-W-0104    (0)   :  0.023 0.025 0.005 0.947 
380 QAc-W-0105    (0)   :  0.006 0.007 0.006 0.982 
381 QAc-W-0106    (0)   :  0.018 0.021 0.006 0.955 
382 QAc-W-0107    (0)   :  0.004 0.005 0.007 0.984 
383 QAc-W-0108    (0)   :  0.003 0.004 0.007 0.986 
384 QAc-W-0109    (0)   :  0.013 0.010 0.020 0.958 
385 QAc-W-0110   (13)   :  0.007 0.742 0.013 0.238 
386 QAc-W-0111    (6)   :  0.006 0.007 0.006 0.981 
387 QAc-W-0112   (13)   :  0.013 0.020 0.004 0.963 
388 QAc-W-0113   (13)   :  0.010 0.977 0.005 0.007 
389 QAc-W-0114   (13)   :  0.054 0.883 0.008 0.055 
390 QAc-W-0115    (0)   :  0.005 0.981 0.008 0.006 
391 QAc-W-0116    (0)   :  0.015 0.976 0.003 0.007 
392 QAc-W-0117    (0)   :  0.008 0.984 0.005 0.003 
393 QAc-W-0118    (0)   :  0.011 0.895 0.057 0.038 
394 QAc-W-0119    (0)   :  0.012 0.956 0.024 0.008 
395 QAc-W-0120    (0)   :  0.011 0.942 0.041 0.005 
396 QAc-W-0121    (0)   :  0.026 0.898 0.072 0.004 
397 QAc-W-0122    (0)   :  0.022 0.960 0.005 0.012 
398 QAc-W-0123    (6)   :  0.021 0.952 0.007 0.020 
399 QAc-W-0124    (0)   :  0.007 0.935 0.036 0.023 
400 QAc-W-0125    (0)   :  0.017 0.934 0.018 0.032 
401 QAc-W-0126   (13)   :  0.042 0.897 0.009 0.052 
402 QAc-W-0127    (6)   :  0.025 0.959 0.007 0.009 
403 QAc-W-0128   (13)   :  0.018 0.943 0.009 0.031 
404 QAc-W-0129   (13)   :  0.012 0.976 0.006 0.006 
405 QAc-W-0130   (13)   :  0.010 0.977 0.005 0.008 
406 QAc-W-0131    (0)   :  0.238 0.729 0.011 0.022 
407 QAc-W-0132    (6)   :  0.010 0.940 0.029 0.022 
408 QAc-W-0133    (6)   :  0.098 0.572 0.219 0.112 
409 QAc-W-0134    (0)   :  0.017 0.968 0.006 0.009 
410 QAc-W-0135    (0)   :  0.005 0.974 0.015 0.006 
411 QAc-W-0136    (0)   :  0.018 0.972 0.005 0.006 
412 QAc-W-0137    (0)   :  0.009 0.981 0.006 0.003 
413 QAc-W-0138    (0)   :  0.007 0.984 0.006 0.003 
414 QAc-W-0139    (0)   :  0.009 0.945 0.027 0.019 
415 QAc-W-0140    (0)   :  0.012 0.979 0.005 0.004 
416 QAc-W-0141    (6)   :  0.013 0.971 0.010 0.006 
417 QAc-W-0142    (0)   :  0.009 0.960 0.024 0.007 
418 QAc-W-0143    (0)   :  0.013 0.967 0.006 0.014 
419 QAc-W-0144    (0)   :  0.140 0.847 0.003 0.010 
420 QAc-W-0145    (0)   :  0.011 0.980 0.004 0.005 
421 QAc-W-0146    (0)   :  0.005 0.982 0.004 0.008 
422 QAc-W-0147    (0)   :  0.005 0.976 0.006 0.012 
423 QAc-W-0148    (0)   :  0.008 0.979 0.009 0.004 
424 QAc-W-0149    (0)   :  0.128 0.842 0.005 0.025 
425 QAc-W-0150    (0)   :  0.007 0.971 0.006 0.015 
426 QAc-W-0151    (0)   :  0.007 0.977 0.009 0.007 
427 QAc-W-0152    (0)   :  0.011 0.974 0.009 0.006 
428 QAc-W-0153    (0)   :  0.083 0.861 0.012 0.043 
429 QAc-W-0154    (0)   :  0.007 0.984 0.005 0.004 
430 QAc-W-0155    (0)   :  0.008 0.982 0.005 0.005 
431 QAc-W-0156    (0)   :  0.008 0.922 0.004 0.066 
432 QAc-W-0157    (0)   :  0.063 0.916 0.018 0.004 
433 QAc-W-0158    (0)   :  0.006 0.967 0.012 0.015 
434 QAc-W-0159    (0)   :  0.010 0.979 0.006 0.005 
435 QAc-W-0160    (0)   :  0.007 0.981 0.006 0.006 
436 QAc-W-0161    (0)   :  0.029 0.964 0.004 0.003 
437 QAc-W-0162    (0)   :  0.115 0.821 0.057 0.007 
438 QAc-W-0163    (0)   :  0.134 0.851 0.009 0.005 
439 QAc-W-0164    (0)   :  0.037 0.941 0.013 0.008 
440 QAc-W-0165    (0)   :  0.023 0.922 0.052 0.003 
441 QAc-W-0166    (0)   :  0.014 0.973 0.007 0.005 
442 QAc-W-0167    (0)   :  0.634 0.285 0.007 0.073 
443 QAc-W-0168    (0)   :  0.140 0.758 0.085 0.017 
444 QAc-W-0169    (0)   :  0.433 0.551 0.013 0.004 
445 QAc-W-0170    (0)   :  0.458 0.518 0.005 0.018 
446 QAc-W-0171    (0)   :  0.675 0.277 0.006 0.042 
447 QAc-W-0172    (0)   :  0.491 0.495 0.003 0.012 
448 QAc-W-0173    (0)   :  0.113 0.877 0.004 0.007 
449 QAc-W-0174    (0)   :  0.375 0.599 0.019 0.007 


Estimated Allele Frequencies in each cluster
First column gives estimated ancestral frequencies


Locus 1 : 
21 alleles
0.4% missing data
 210   (0.104) 0.161 0.091 0.003 0.217 
 212   (0.098) 0.036 0.147 0.207 0.221 
 202   (0.075) 0.113 0.041 0.001 0.135 
 226   (0.054) 0.084 0.003 0.176 0.112 
 216   (0.082) 0.131 0.043 0.001 0.094 
 200   (0.182) 0.201 0.381 0.381 0.129 
 224   (0.040) 0.005 0.051 0.139 0.002 
 218   (0.035) 0.003 0.072 0.000 0.056 
 222   (0.028) 0.006 0.070 0.000 0.001 
 228   (0.015) 0.001 0.001 0.061 0.000 
 214   (0.058) 0.109 0.021 0.026 0.001 
 208   (0.059) 0.042 0.048 0.001 0.028 
 220   (0.023) 0.008 0.011 0.000 0.000 
 206   (0.035) 0.038 0.011 0.001 0.001 
 196   (0.014) 0.004 0.001 0.000 0.000 
 238   (0.015) 0.002 0.003 0.000 0.000 
 121   (0.015) 0.002 0.003 0.000 0.000 
 204   (0.016) 0.015 0.001 0.000 0.000 
 190   (0.014) 0.003 0.002 0.000 0.000 
 198   (0.015) 0.006 0.001 0.000 0.000 
 232   (0.020) 0.029 0.001 0.000 0.000 

Locus 2 : 
16 alleles
1.6% missing data
 171   (0.182) 0.414 0.227 0.002 0.153 
 175   (0.093) 0.086 0.033 0.119 0.241 
 185   (0.058) 0.011 0.091 0.005 0.144 
 181   (0.106) 0.057 0.063 0.335 0.346 
 179   (0.098) 0.125 0.113 0.119 0.002 
 173   (0.163) 0.124 0.264 0.322 0.064 
 177   (0.045) 0.013 0.024 0.095 0.001 
 183   (0.065) 0.070 0.040 0.001 0.021 
 187   (0.061) 0.066 0.066 0.001 0.001 
 189   (0.025) 0.003 0.066 0.000 0.000 
 191   (0.027) 0.015 0.001 0.000 0.024 
 163   (0.016) 0.003 0.002 0.000 0.000 
 165   (0.016) 0.003 0.002 0.000 0.000 
 193   (0.015) 0.005 0.001 0.000 0.000 
 169   (0.015) 0.001 0.003 0.000 0.000 
 167   (0.016) 0.004 0.002 0.000 0.000 

Locus 3 : 
7 alleles
2.4% missing data
 206   (0.820) 0.928 0.928 0.982 0.982 
 208   (0.052) 0.022 0.057 0.002 0.001 
 198   (0.016) 0.001 0.001 0.000 0.006 
 204   (0.054) 0.030 0.006 0.015 0.010 
 218   (0.021) 0.010 0.001 0.000 0.000 
 230   (0.018) 0.006 0.001 0.000 0.000 
 212   (0.019) 0.002 0.006 0.000 0.001 

Locus 4 : 
15 alleles
3.6% missing data
 165   (0.108) 0.035 0.092 0.082 0.593 
 173   (0.033) 0.018 0.002 0.000 0.327 
 163   (0.137) 0.194 0.191 0.014 0.006 
 167   (0.146) 0.232 0.176 0.002 0.025 
 161   (0.292) 0.389 0.466 0.878 0.014 
 153   (0.019) 0.002 0.007 0.000 0.000 
 171   (0.045) 0.039 0.008 0.001 0.008 
 179   (0.016) 0.003 0.003 0.000 0.000 
 157   (0.041) 0.021 0.023 0.001 0.001 
 149   (0.016) 0.006 0.001 0.000 0.000 
 177   (0.040) 0.012 0.010 0.001 0.019 
 155   (0.019) 0.003 0.006 0.000 0.000 
 175   (0.019) 0.010 0.001 0.000 0.000 
 169   (0.032) 0.031 0.002 0.000 0.005 
 159   (0.038) 0.005 0.014 0.019 0.001 

Locus 5 : 
16 alleles
0.0% missing data
 148   (0.098) 0.032 0.109 0.360 0.388 
 160   (0.035) 0.027 0.003 0.000 0.078 
 146   (0.095) 0.074 0.041 0.324 0.282 
 154   (0.068) 0.028 0.076 0.048 0.004 
 150   (0.067) 0.075 0.040 0.013 0.001 
 138   (0.106) 0.094 0.144 0.008 0.098 
 166   (0.049) 0.174 0.010 0.001 0.001 
 164   (0.024) 0.026 0.003 0.000 0.000 
 142   (0.029) 0.026 0.006 0.001 0.001 
 144   (0.148) 0.214 0.208 0.202 0.016 
 140   (0.074) 0.094 0.180 0.001 0.002 
 158   (0.050) 0.036 0.019 0.001 0.050 
 162   (0.035) 0.015 0.007 0.000 0.068 
 152   (0.074) 0.042 0.150 0.040 0.002 
 134   (0.022) 0.028 0.002 0.000 0.000 
 156   (0.027) 0.016 0.002 0.000 0.010 

Locus 6 : 
12 alleles
0.0% missing data
 225   (0.045) 0.004 0.013 0.190 0.105 
 239   (0.132) 0.121 0.062 0.470 0.034 
 229   (0.025) 0.002 0.003 0.000 0.326 
 235   (0.217) 0.122 0.346 0.268 0.407 
 237   (0.164) 0.156 0.264 0.052 0.010 
 233   (0.151) 0.138 0.161 0.013 0.046 
 227   (0.040) 0.297 0.002 0.000 0.001 
 245   (0.050) 0.038 0.051 0.001 0.001 
 241   (0.078) 0.078 0.025 0.003 0.068 
 231   (0.047) 0.032 0.035 0.001 0.001 
 243   (0.035) 0.008 0.037 0.000 0.001 
 251   (0.016) 0.003 0.002 0.000 0.000 

Locus 7 : 
7 alleles
0.0% missing data
 118   (0.773) 0.798 0.913 0.981 0.961 
 124   (0.083) 0.127 0.073 0.001 0.001 
 116   (0.027) 0.038 0.001 0.001 0.001 
 114   (0.054) 0.020 0.009 0.005 0.024 
 122   (0.021) 0.009 0.002 0.000 0.000 
 112   (0.025) 0.006 0.001 0.000 0.012 
 120   (0.017) 0.001 0.001 0.011 0.000 

Locus 8 : 
5 alleles
0.4% missing data
 135   (0.056) 0.006 0.079 0.008 0.018 
 139   (0.716) 0.810 0.742 0.953 0.898 
 137   (0.176) 0.177 0.136 0.038 0.082 
 143   (0.027) 0.005 0.028 0.000 0.001 
 141   (0.024) 0.003 0.014 0.000 0.001 

Locus 9 : 
15 alleles
1.6% missing data
 116   (0.180) 0.067 0.421 0.187 0.373 
 112   (0.096) 0.033 0.098 0.074 0.075 
 118   (0.100) 0.091 0.080 0.002 0.512 
 122   (0.078) 0.328 0.005 0.527 0.001 
 114   (0.179) 0.143 0.247 0.137 0.027 
 120   (0.070) 0.087 0.059 0.001 0.001 
 130   (0.062) 0.069 0.047 0.001 0.001 
 124   (0.061) 0.049 0.017 0.067 0.001 
 110   (0.019) 0.002 0.003 0.000 0.000 
 134   (0.017) 0.005 0.001 0.000 0.000 
 128   (0.042) 0.044 0.011 0.001 0.001 
 126   (0.041) 0.065 0.007 0.001 0.001 
 108   (0.019) 0.010 0.002 0.000 0.000 
 106   (0.017) 0.005 0.001 0.001 0.000 
 138   (0.019) 0.002 0.001 0.000 0.005 

Locus 10 : 
8 alleles
0.0% missing data
 232   (0.753) 0.718 0.898 0.996 0.974 
 238   (0.102) 0.224 0.071 0.001 0.002 
 220   (0.022) 0.002 0.018 0.000 0.000 
 226   (0.017) 0.002 0.001 0.000 0.011 
 234   (0.028) 0.010 0.008 0.000 0.000 
 240   (0.020) 0.011 0.001 0.000 0.000 
 236   (0.022) 0.014 0.001 0.001 0.001 
 244   (0.035) 0.020 0.002 0.000 0.011 

Locus 11 : 
9 alleles
0.0% missing data
 165   (0.694) 0.798 0.833 0.759 0.861 
 167   (0.104) 0.068 0.033 0.237 0.127 
 161   (0.099) 0.113 0.119 0.001 0.009 
 153   (0.017) 0.002 0.002 0.000 0.002 
 169   (0.017) 0.005 0.001 0.002 0.000 
 155   (0.017) 0.003 0.002 0.000 0.000 
 173   (0.016) 0.005 0.001 0.000 0.000 
 163   (0.018) 0.002 0.006 0.000 0.000 
 171   (0.018) 0.004 0.002 0.000 0.000 

Locus 12 : 
9 alleles
0.0% missing data
 137   (0.471) 0.615 0.504 0.448 0.296 
 140   (0.153) 0.070 0.282 0.013 0.347 
 134   (0.258) 0.271 0.190 0.537 0.352 
 149   (0.017) 0.004 0.002 0.000 0.000 
 131   (0.016) 0.002 0.001 0.000 0.003 
 143   (0.023) 0.020 0.001 0.000 0.000 
 128   (0.016) 0.006 0.001 0.000 0.000 
 125   (0.020) 0.002 0.012 0.000 0.000 
 146   (0.026) 0.011 0.007 0.000 0.001 

Locus 13 : 
20 alleles
0.2% missing data
 206   (0.131) 0.115 0.150 0.037 0.419 
 210   (0.064) 0.008 0.104 0.347 0.272 
 190   (0.039) 0.017 0.086 0.001 0.001 
 202   (0.102) 0.276 0.045 0.002 0.068 
 214   (0.039) 0.008 0.019 0.168 0.001 
 212   (0.037) 0.003 0.088 0.133 0.001 
 192   (0.098) 0.115 0.162 0.001 0.026 
 204   (0.046) 0.041 0.027 0.006 0.001 
 184   (0.044) 0.006 0.073 0.003 0.088 
 216   (0.027) 0.002 0.068 0.003 0.001 
 208   (0.036) 0.004 0.072 0.022 0.001 
 200   (0.080) 0.159 0.030 0.002 0.087 
 198   (0.039) 0.038 0.021 0.001 0.001 
 194   (0.088) 0.143 0.020 0.192 0.030 
 186   (0.025) 0.009 0.001 0.082 0.001 
 188   (0.021) 0.017 0.002 0.000 0.000 
 196   (0.037) 0.023 0.020 0.000 0.001 
 220   (0.014) 0.005 0.001 0.000 0.000 
 180   (0.016) 0.009 0.001 0.000 0.000 
 182   (0.017) 0.001 0.009 0.000 0.000 

Locus 14 : 
8 alleles
1.6% missing data
 139   (0.105) 0.048 0.066 0.132 0.200 
 145   (0.073) 0.015 0.074 0.014 0.113 
 151   (0.327) 0.361 0.319 0.454 0.566 
 157   (0.304) 0.346 0.447 0.135 0.098 
 154   (0.079) 0.042 0.074 0.264 0.002 
 163   (0.043) 0.063 0.004 0.001 0.019 
 142   (0.037) 0.019 0.014 0.000 0.002 
 160   (0.033) 0.106 0.002 0.000 0.001 

Locus 15 : 
14 alleles
1.1% missing data
 256   (0.150) 0.140 0.138 0.159 0.131 
 262   (0.029) 0.011 0.002 0.000 0.409 
 246   (0.088) 0.086 0.081 0.001 0.099 
 258   (0.152) 0.244 0.270 0.002 0.028 
 254   (0.096) 0.125 0.064 0.184 0.003 
 250   (0.032) 0.008 0.007 0.536 0.001 
 242   (0.112) 0.078 0.071 0.091 0.187 
 252   (0.082) 0.056 0.062 0.008 0.129 
 248   (0.128) 0.208 0.210 0.016 0.005 
 260   (0.053) 0.024 0.070 0.001 0.005 
 264   (0.018) 0.004 0.004 0.000 0.000 
 244   (0.029) 0.006 0.018 0.001 0.002 
 276   (0.016) 0.003 0.002 0.000 0.000 
 240   (0.016) 0.006 0.001 0.000 0.000 

Values of parameters used in structure:
DATAFILE=C:\Users\eschumacher\Documents\GitHub\GCC_QUAC_ZAIN\Data_Files\Structure_Files\QUAC\QUAC_wK_nopopinfo_garden_wild\QUAC_wK_nopopinfo_STR\project_data,	OUTFILE=C:\Users\eschumacher\Documents\GitHub\GCC_QUAC_ZAIN\Data_Files\Structure_Files\QUAC\QUAC_wK_nopopinfo_garden_wild\QUAC_wK_nopopinfo_STR\50-50\Results\50-50_run_19,	NUMINDS=449,	NUMLOCI=15,	MISSING=-9,	LABEL=1,	POPDATA=0,	POPFLAG=0,	PHENOTYPE=0,	EXTRACOLS=0,	MAXPOPS=4,	BURNIN=50000,	NUMREPS=50000,	USEPOPINFO=0,	INFERALPHA=1,	INFERLAMBDA=0,	POPSPECIFICLAMBDA=0,	POPALPHAS=0,	COMPUTEPROB=1,	NOADMIX=0,	ADMBURNIN=2500,	UPDATEFREQ=1,	PRINTLIKES=0,	INTERMEDSAVE=0,	PRINTKLD=0,	PRINTNET=0,	PRINTLAMBDA=0,	ANCESTDIST=0,	NUMBOXES=1000,	ANCESTPINT=0.90000,	GENSBACK=2,	MIGRPRIOR=0.05000,	PRINTQHAT=0,	PRINTQSUM=0,	ALPHA=1.0000,	FREQSCORR=1,	FPRIORMEAN=0.0100,	FPRIORSD=0.0500,	ONEFST=0,	LAMBDA=1.0000,	UNIFPRIORALPHA=1,	ALPHAMAX=10.0000,	ALPHAPRIORA=1.0000,	ALPHAPRIORB=2.0000,	ALPHAPROPSD=0.0250,	STARTATPOPINFO=0,	RANDOMIZE=1,	LINKAGE=0,	METROFREQ=10,	REPORTHITRATE=0,	MARKOVPHASE=-1,	PHASED=0,	PLOIDY=2,	PHASEINFO=0	LOCPRIOR=0, 	LOCPRIORINIT=1.000000, 	LOCDATA=0, 	LOCISPOP=0, 	LOCPRIORSTEP=0.100000, 	MAXLOCPRIOR=20.000000, 	SEED=1670279955,	
[STRAT parameters]:    NUMSIMSTATS=1000,	PHENOTYPECOL=-9,	POOLFREQ=10,	LOCUSxONLY=0,	EMERROR=0.00100,	MISSINGPHENO=-9,	