

----------------------------------------------------
STRUCTURE by Pritchard, Stephens and Donnelly (2000)
     and Falush, Stephens and Pritchard (2003)
       Code by Pritchard, Falush and Hubisz
             Version 2.3.4 (Jul 2012)
----------------------------------------------------



Command line arguments:   bin\structure -m C:\Users\eschumacher\Documents\GitHub\GCC_QUAC_ZAIN\Data_Files\Structure_Files\QUAC\QUAC_wK_nopopinfo_garden_wild\QUAC_wK_nopopinfo_STR\50-50\mainparams -e C:\Users\eschumacher\Documents\GitHub\GCC_QUAC_ZAIN\Data_Files\Structure_Files\QUAC\QUAC_wK_nopopinfo_garden_wild\QUAC_wK_nopopinfo_STR\50-50\extraparams 
Input File:    C:\Users\eschumacher\Documents\GitHub\GCC_QUAC_ZAIN\Data_Files\Structure_Files\QUAC\QUAC_wK_nopopinfo_garden_wild\QUAC_wK_nopopinfo_STR\project_data

Run parameters:
   449 individuals
   15 loci
   3 populations assumed
   50000 Burn-in period
   50000 Reps


--------------------------------------------
Overall proportion of membership of the
sample in each of the 3 clusters

Inferred Clusters
  1      2      3    
0.596  0.202  0.203  

--------------------------------------------

Allele-freq. divergence among pops (Net nucleotide distance),
computed using point estimates of P.

      1       2       3      
 1      -    0.0732  0.0791  
 2   0.0732     -    0.1140  
 3   0.0791  0.1140     -    

Average distances (expected heterozygosity) between individuals in same cluster:
cluster  1  : 0.6269 
cluster  2  : 0.4676 
cluster  3  : 0.5054 

--------------------------------------------
Estimated Ln Prob of Data   = -17692.0
Mean value of ln likelihood = -17529.7
Variance of ln likelihood   = 324.6
Mean value of alpha         = 0.0426

Mean value of Fst_1         = 0.0312
Mean value of Fst_2         = 0.3007
Mean value of Fst_3         = 0.2407


Inferred ancestry of individuals:
        Label (%Miss) :  Inferred clusters
  1 QAc-G-0029    (0)   :  0.008 0.014 0.978 
  2 QAc-G-0030    (0)   :  0.004 0.004 0.992 
  3 QAc-G-0031    (0)   :  0.004 0.005 0.991 
  4 QAc-G-0061    (0)   :  0.005 0.004 0.991 
  5 QAc-G-0062    (0)   :  0.711 0.280 0.009 
  6 QAc-G-0063    (0)   :  0.045 0.947 0.008 
  7 QAc-G-0064    (0)   :  0.987 0.009 0.004 
  8 QAc-G-0065    (0)   :  0.978 0.005 0.017 
  9 QAc-G-0066    (0)   :  0.004 0.990 0.006 
 10 QAc-G-0067    (0)   :  0.959 0.008 0.033 
 11 QAc-G-0068    (0)   :  0.216 0.774 0.009 
 12 QAc-G-0070    (0)   :  0.102 0.889 0.009 
 13 QAc-G-0071   (13)   :  0.004 0.989 0.007 
 14 QAc-G-0072    (0)   :  0.005 0.989 0.005 
 15 QAc-G-0073    (0)   :  0.980 0.006 0.014 
 16 QAc-G-0074    (0)   :  0.640 0.353 0.007 
 17 QAc-G-0075    (0)   :  0.971 0.018 0.011 
 18 QAc-G-0076    (0)   :  0.971 0.014 0.015 
 19 QAc-G-0077    (0)   :  0.006 0.009 0.985 
 20 QAc-G-0078    (0)   :  0.004 0.004 0.992 
 21 QAc-G-0079    (0)   :  0.005 0.006 0.990 
 22 QAc-G-0080    (0)   :  0.275 0.015 0.710 
 23 QAc-G-0081    (0)   :  0.979 0.012 0.009 
 24 QAc-G-0082    (0)   :  0.986 0.004 0.010 
 25 QAc-G-0083    (0)   :  0.485 0.437 0.078 
 26 QAc-G-0001   (13)   :  0.004 0.006 0.990 
 27 QAc-G-0002    (0)   :  0.004 0.004 0.993 
 28 QAc-G-0285    (0)   :  0.014 0.973 0.013 
 29 QAc-G-0286    (0)   :  0.004 0.993 0.004 
 30 QAc-G-0287    (0)   :  0.003 0.993 0.004 
 31 QAc-G-0288    (6)   :  0.008 0.978 0.014 
 32 QAc-G-0289    (0)   :  0.004 0.991 0.005 
 33 QAc-G-0290    (0)   :  0.005 0.991 0.004 
 34 QAc-G-0291    (0)   :  0.003 0.990 0.007 
 35 QAc-G-0292    (0)   :  0.051 0.945 0.004 
 36 QAc-G-0293    (0)   :  0.003 0.988 0.009 
 37 QAc-G-0294    (0)   :  0.976 0.006 0.018 
 38 QAc-G-0295    (0)   :  0.952 0.020 0.028 
 39 QAc-G-0296    (0)   :  0.979 0.015 0.005 
 40 QAc-G-0297    (0)   :  0.991 0.003 0.005 
 41 QAc-G-0298    (6)   :  0.978 0.007 0.016 
 42 QAc-G-0299    (0)   :  0.971 0.018 0.011 
 43 QAc-G-0300    (0)   :  0.989 0.006 0.005 
 44 QAc-G-0301    (0)   :  0.965 0.022 0.013 
 45 QAc-G-0302    (0)   :  0.989 0.006 0.005 
 46 QAc-G-0303    (0)   :  0.983 0.012 0.005 
 47 QAc-G-0304    (0)   :  0.004 0.992 0.005 
 48 QAc-G-0305    (0)   :  0.047 0.813 0.140 
 49 QAc-G-0306    (0)   :  0.003 0.992 0.005 
 50 QAc-G-0307    (0)   :  0.064 0.024 0.912 
 51 QAc-G-0308    (0)   :  0.011 0.015 0.974 
 52 QAc-G-0309    (0)   :  0.006 0.005 0.989 
 53 QAc-G-0310    (0)   :  0.005 0.005 0.990 
 54 QAc-G-0311    (0)   :  0.003 0.004 0.993 
 55 QAc-G-0312    (0)   :  0.496 0.008 0.496 
 56 QAc-G-0313    (0)   :  0.947 0.037 0.016 
 57 QAc-G-0314    (0)   :  0.985 0.005 0.011 
 58 QAc-G-0315    (0)   :  0.961 0.033 0.006 
 59 QAc-G-0316    (0)   :  0.917 0.016 0.066 
 60 QAc-G-0032    (6)   :  0.982 0.010 0.008 
 61 QAc-G-0033    (0)   :  0.982 0.008 0.010 
 62 QAc-G-0034    (0)   :  0.927 0.009 0.064 
 63 QAc-G-0035    (0)   :  0.978 0.013 0.009 
 64 QAc-G-0036    (0)   :  0.956 0.031 0.014 
 65 QAc-G-0037    (0)   :  0.927 0.033 0.040 
 66 QAc-G-0038    (0)   :  0.992 0.005 0.003 
 67 QAc-G-0039    (0)   :  0.931 0.012 0.058 
 68 QAc-G-0040    (0)   :  0.958 0.032 0.010 
 69 QAc-G-0041    (0)   :  0.988 0.005 0.006 
 70 QAc-G-0042    (0)   :  0.981 0.014 0.005 
 71 QAc-G-0043    (0)   :  0.950 0.018 0.032 
 72 QAc-G-0044    (0)   :  0.972 0.022 0.005 
 73 QAc-G-0045    (0)   :  0.943 0.014 0.044 
 74 QAc-G-0046    (0)   :  0.932 0.004 0.063 
 75 QAc-G-0047    (0)   :  0.929 0.011 0.060 
 76 QAc-G-0048    (0)   :  0.990 0.007 0.004 
 77 QAc-G-0049    (0)   :  0.004 0.006 0.991 
 78 QAc-G-0050    (0)   :  0.699 0.091 0.209 
 79 QAc-G-0051    (0)   :  0.004 0.005 0.991 
 80 QAc-G-0052    (0)   :  0.013 0.004 0.983 
 81 QAc-G-0053    (0)   :  0.006 0.011 0.984 
 82 QAc-G-0054    (0)   :  0.564 0.006 0.430 
 83 QAc-G-0055    (0)   :  0.369 0.006 0.625 
 84 QAc-G-0056    (0)   :  0.952 0.013 0.035 
 85 QAc-G-0057    (0)   :  0.004 0.005 0.991 
 86 QAc-G-0058    (6)   :  0.004 0.004 0.992 
 87 QAc-G-0059    (0)   :  0.276 0.004 0.721 
 88 QAc-G-0060    (6)   :  0.012 0.013 0.975 
 89 QAc-G-0276    (0)   :  0.014 0.961 0.025 
 90 QAc-G-0279    (0)   :  0.004 0.988 0.008 
 91 QAc-G-0280    (6)   :  0.006 0.989 0.005 
 92 QAc-G-0281    (0)   :  0.004 0.007 0.989 
 93 QAc-G-0018    (0)   :  0.925 0.015 0.060 
 94 QAc-G-0019    (0)   :  0.966 0.028 0.006 
 95 QAc-G-0020    (0)   :  0.982 0.005 0.013 
 96 QAc-G-0021    (6)   :  0.978 0.005 0.017 
 97 QAc-G-0022    (6)   :  0.985 0.006 0.009 
 98 QAc-G-0023    (0)   :  0.004 0.005 0.991 
 99 QAc-G-0024    (0)   :  0.005 0.003 0.991 
100 QAc-G-0016    (0)   :  0.686 0.020 0.295 
101 QAc-G-0017    (0)   :  0.983 0.012 0.004 
102 QAc-G-0250    (0)   :  0.378 0.581 0.041 
103 QAc-G-0003    (6)   :  0.005 0.989 0.006 
104 QAc-G-0004    (0)   :  0.989 0.004 0.006 
105 QAc-G-0005    (0)   :  0.983 0.009 0.008 
106 QAc-G-0006    (6)   :  0.988 0.007 0.005 
107 QAc-G-0283    (0)   :  0.982 0.012 0.006 
108 QAc-G-0265    (0)   :  0.550 0.039 0.412 
109 QAc-G-0266    (0)   :  0.003 0.006 0.991 
110 QAc-G-0267    (0)   :  0.935 0.055 0.010 
111 QAc-G-0268   (20)   :  0.292 0.682 0.026 
112 QAc-G-0269    (0)   :  0.004 0.990 0.006 
113 QAc-G-0270    (6)   :  0.976 0.017 0.008 
114 QAc-G-0271    (0)   :  0.989 0.006 0.005 
115 QAc-G-0272    (6)   :  0.895 0.092 0.013 
116 QAc-G-0273    (0)   :  0.006 0.006 0.989 
117 QAc-G-0274    (0)   :  0.990 0.005 0.005 
118 QAc-G-0251    (6)   :  0.987 0.007 0.006 
119 QAc-G-0252    (0)   :  0.983 0.010 0.007 
120 QAc-G-0253    (0)   :  0.004 0.005 0.990 
121 QAc-G-0254    (0)   :  0.003 0.004 0.993 
122 QAc-G-0255    (0)   :  0.992 0.004 0.004 
123 QAc-G-0256    (0)   :  0.975 0.017 0.007 
124 QAc-G-0257    (0)   :  0.988 0.004 0.008 
125 QAc-G-0258    (0)   :  0.992 0.005 0.003 
126 QAc-G-0259    (0)   :  0.993 0.003 0.004 
127 QAc-G-0260    (0)   :  0.927 0.065 0.008 
128 QAc-G-0261    (0)   :  0.984 0.008 0.008 
129 QAc-G-0262    (0)   :  0.970 0.019 0.011 
130 QAc-G-0010    (0)   :  0.017 0.966 0.016 
131 QAc-G-0011    (0)   :  0.989 0.005 0.006 
132 QAc-G-0015    (0)   :  0.070 0.010 0.920 
133 QAc-G-0106    (0)   :  0.991 0.004 0.005 
134 QAc-G-0107    (0)   :  0.978 0.011 0.011 
135 QAc-G-0108    (0)   :  0.990 0.006 0.004 
136 QAc-G-0109    (0)   :  0.984 0.006 0.010 
137 QAc-G-0110    (0)   :  0.973 0.021 0.006 
138 QAc-G-0111    (0)   :  0.974 0.020 0.006 
139 QAc-G-0112    (0)   :  0.922 0.068 0.010 
140 QAc-G-0113    (0)   :  0.948 0.021 0.030 
141 QAc-G-0114    (0)   :  0.975 0.017 0.008 
142 QAc-G-0115    (0)   :  0.988 0.007 0.005 
143 QAc-G-0116    (0)   :  0.969 0.019 0.013 
144 QAc-G-0117    (0)   :  0.979 0.009 0.011 
145 QAc-G-0118    (0)   :  0.991 0.005 0.003 
146 QAc-G-0119    (0)   :  0.991 0.003 0.007 
147 QAc-G-0120    (0)   :  0.986 0.006 0.008 
148 QAc-G-0121    (0)   :  0.991 0.004 0.005 
149 QAc-G-0122    (0)   :  0.936 0.058 0.006 
150 QAc-G-0123    (0)   :  0.993 0.003 0.004 
151 QAc-G-0124    (6)   :  0.986 0.005 0.009 
152 QAc-G-0125    (0)   :  0.928 0.047 0.026 
153 QAc-G-0126    (0)   :  0.956 0.007 0.037 
154 QAc-G-0127    (0)   :  0.988 0.005 0.006 
155 QAc-G-0128    (0)   :  0.938 0.051 0.011 
156 QAc-G-0129    (0)   :  0.982 0.013 0.005 
157 QAc-G-0130    (0)   :  0.991 0.006 0.003 
158 QAc-G-0131    (0)   :  0.987 0.006 0.007 
159 QAc-G-0132    (0)   :  0.978 0.012 0.010 
160 QAc-G-0133    (0)   :  0.982 0.011 0.006 
161 QAc-G-0134    (0)   :  0.977 0.010 0.013 
162 QAc-G-0135    (0)   :  0.985 0.005 0.010 
163 QAc-G-0136    (0)   :  0.971 0.021 0.008 
164 QAc-G-0137    (0)   :  0.988 0.008 0.004 
165 QAc-G-0138    (0)   :  0.977 0.006 0.017 
166 QAc-G-0139    (0)   :  0.992 0.005 0.003 
167 QAc-G-0140    (6)   :  0.983 0.010 0.007 
168 QAc-G-0141    (0)   :  0.951 0.024 0.025 
169 QAc-G-0142    (0)   :  0.992 0.005 0.004 
170 QAc-G-0143    (0)   :  0.969 0.012 0.018 
171 QAc-G-0144    (6)   :  0.977 0.012 0.011 
172 QAc-G-0145    (0)   :  0.004 0.992 0.004 
173 QAc-G-0146    (0)   :  0.981 0.011 0.008 
174 QAc-G-0147    (0)   :  0.985 0.008 0.007 
175 QAc-G-0148    (0)   :  0.984 0.011 0.006 
176 QAc-G-0149    (0)   :  0.990 0.006 0.004 
177 QAc-G-0150    (0)   :  0.004 0.990 0.006 
178 QAc-G-0151    (0)   :  0.975 0.019 0.005 
179 QAc-G-0152    (0)   :  0.982 0.007 0.011 
180 QAc-G-0153    (0)   :  0.979 0.017 0.003 
181 QAc-G-0154    (0)   :  0.982 0.013 0.005 
182 QAc-G-0155    (0)   :  0.989 0.008 0.004 
183 QAc-G-0158    (0)   :  0.977 0.013 0.010 
184 QAc-G-0159    (0)   :  0.979 0.015 0.005 
185 QAc-G-0160    (0)   :  0.003 0.993 0.003 
186 QAc-G-0161    (0)   :  0.003 0.993 0.004 
187 QAc-G-0162    (0)   :  0.252 0.738 0.010 
188 QAc-G-0163    (0)   :  0.013 0.984 0.003 
189 QAc-G-0164    (0)   :  0.005 0.985 0.010 
190 QAc-G-0165    (0)   :  0.007 0.989 0.004 
191 QAc-G-0166    (0)   :  0.005 0.991 0.004 
192 QAc-G-0167    (0)   :  0.006 0.989 0.005 
193 QAc-G-0168    (0)   :  0.003 0.991 0.005 
194 QAc-G-0169    (6)   :  0.473 0.521 0.006 
195 QAc-G-0170    (0)   :  0.006 0.989 0.005 
196 QAc-G-0171    (0)   :  0.004 0.991 0.005 
197 QAc-G-0172    (0)   :  0.974 0.013 0.013 
198 QAc-G-0173    (0)   :  0.003 0.990 0.007 
199 QAc-G-0174    (0)   :  0.057 0.935 0.008 
200 QAc-G-0175    (0)   :  0.004 0.992 0.005 
201 QAc-G-0176    (0)   :  0.077 0.907 0.016 
202 QAc-G-0177    (0)   :  0.004 0.991 0.005 
203 QAc-G-0178    (0)   :  0.012 0.965 0.023 
204 QAc-G-0179    (6)   :  0.004 0.992 0.004 
205 QAc-G-0180    (0)   :  0.004 0.993 0.004 
206 QAc-G-0181    (0)   :  0.007 0.990 0.003 
207 QAc-G-0182    (0)   :  0.033 0.963 0.004 
208 QAc-G-0183    (6)   :  0.005 0.989 0.006 
209 QAc-G-0184    (0)   :  0.004 0.992 0.004 
210 QAc-G-0185    (0)   :  0.010 0.984 0.006 
211 QAc-G-0186    (0)   :  0.006 0.991 0.003 
212 QAc-G-0187    (0)   :  0.010 0.961 0.029 
213 QAc-G-0188    (0)   :  0.792 0.203 0.005 
214 QAc-G-0189    (0)   :  0.003 0.991 0.005 
215 QAc-G-0190    (0)   :  0.005 0.990 0.006 
216 QAc-G-0191    (0)   :  0.005 0.990 0.005 
217 QAc-G-0192    (0)   :  0.003 0.992 0.004 
218 QAc-G-0193    (0)   :  0.005 0.990 0.004 
219 QAc-G-0194    (0)   :  0.007 0.987 0.007 
220 QAc-G-0195    (0)   :  0.009 0.905 0.087 
221 QAc-G-0196    (0)   :  0.004 0.990 0.006 
222 QAc-G-0197    (0)   :  0.003 0.993 0.004 
223 QAc-G-0198    (0)   :  0.004 0.992 0.004 
224 QAc-G-0199    (0)   :  0.043 0.939 0.018 
225 QAc-G-0200    (0)   :  0.007 0.989 0.004 
226 QAc-G-0201    (0)   :  0.004 0.992 0.004 
227 QAc-G-0202    (6)   :  0.004 0.984 0.012 
228 QAc-G-0203    (0)   :  0.007 0.977 0.016 
229 QAc-G-0204    (0)   :  0.005 0.989 0.006 
230 QAc-G-0205    (0)   :  0.003 0.004 0.993 
231 QAc-G-0206    (0)   :  0.101 0.004 0.894 
232 QAc-G-0207    (0)   :  0.008 0.008 0.984 
233 QAc-G-0208    (0)   :  0.004 0.005 0.991 
234 QAc-G-0209    (0)   :  0.004 0.007 0.989 
235 QAc-G-0210    (0)   :  0.004 0.003 0.993 
236 QAc-G-0211    (0)   :  0.004 0.003 0.993 
237 QAc-G-0212    (0)   :  0.004 0.005 0.992 
238 QAc-G-0213    (0)   :  0.004 0.006 0.990 
239 QAc-G-0214    (0)   :  0.003 0.005 0.991 
240 QAc-G-0215    (0)   :  0.005 0.004 0.992 
241 QAc-G-0216    (0)   :  0.559 0.174 0.267 
242 QAc-G-0217    (0)   :  0.009 0.006 0.985 
243 QAc-G-0218    (0)   :  0.007 0.006 0.988 
244 QAc-G-0219    (0)   :  0.025 0.011 0.964 
245 QAc-G-0220    (0)   :  0.013 0.004 0.983 
246 QAc-G-0221    (0)   :  0.018 0.011 0.971 
247 QAc-G-0222    (0)   :  0.004 0.005 0.991 
248 QAc-G-0223    (0)   :  0.006 0.004 0.991 
249 QAc-G-0224    (0)   :  0.004 0.006 0.990 
250 QAc-G-0226    (0)   :  0.004 0.004 0.992 
251 QAc-G-0227    (0)   :  0.976 0.017 0.008 
252 QAc-G-0228    (6)   :  0.972 0.011 0.017 
253 QAc-G-0229    (0)   :  0.975 0.015 0.010 
254 QAc-G-0230    (0)   :  0.952 0.013 0.035 
255 QAc-G-0231    (0)   :  0.004 0.008 0.988 
256 QAc-G-0232    (0)   :  0.991 0.004 0.005 
257 QAc-G-0233    (0)   :  0.970 0.006 0.023 
258 QAc-G-0234    (0)   :  0.962 0.029 0.009 
259 QAc-G-0235    (0)   :  0.977 0.010 0.013 
260 QAc-G-0236    (0)   :  0.982 0.010 0.008 
261 QAc-G-0237    (0)   :  0.958 0.021 0.021 
262 QAc-G-0238    (0)   :  0.959 0.012 0.029 
263 QAc-G-0239    (0)   :  0.986 0.006 0.007 
264 QAc-G-0240    (0)   :  0.991 0.005 0.004 
265 QAc-G-0241    (0)   :  0.977 0.016 0.007 
266 QAc-G-0242    (0)   :  0.978 0.007 0.015 
267 QAc-G-0243    (0)   :  0.985 0.004 0.011 
268 QAc-G-0244    (0)   :  0.973 0.015 0.011 
269 QAc-G-0245    (0)   :  0.981 0.014 0.005 
270 QAc-G-0246    (0)   :  0.980 0.012 0.008 
271 QAc-G-0247    (0)   :  0.986 0.004 0.010 
272 QAc-G-0248    (0)   :  0.991 0.005 0.004 
273 QAc-G-0249    (0)   :  0.929 0.053 0.019 
274 QAc-G-0025    (0)   :  0.004 0.005 0.991 
275 QAc-G-0028    (0)   :  0.950 0.015 0.035 
276 QAc-G-0275    (0)   :  0.004 0.013 0.982 
277 QAc-G-0263    (0)   :  0.401 0.504 0.095 
278 QAc-W-0001    (0)   :  0.988 0.004 0.008 
279 QAc-W-0002    (0)   :  0.964 0.029 0.006 
280 QAc-W-0003    (0)   :  0.956 0.015 0.029 
281 QAc-W-0004    (0)   :  0.961 0.015 0.025 
282 QAc-W-0005    (0)   :  0.980 0.012 0.007 
283 QAc-W-0006    (0)   :  0.979 0.009 0.011 
284 QAc-W-0007   (13)   :  0.987 0.006 0.008 
285 QAc-W-0008    (6)   :  0.989 0.007 0.004 
286 QAc-W-0009    (0)   :  0.975 0.018 0.007 
287 QAc-W-0010    (0)   :  0.979 0.013 0.007 
288 QAc-W-0011    (0)   :  0.964 0.021 0.015 
289 QAc-W-0012    (0)   :  0.977 0.015 0.007 
290 QAc-W-0013    (0)   :  0.800 0.014 0.186 
291 QAc-W-0014    (0)   :  0.989 0.005 0.005 
292 QAc-W-0015    (0)   :  0.855 0.115 0.030 
293 QAc-W-0016    (0)   :  0.979 0.009 0.012 
294 QAc-W-0017    (0)   :  0.938 0.033 0.029 
295 QAc-W-0018    (0)   :  0.964 0.004 0.032 
296 QAc-W-0019    (0)   :  0.975 0.013 0.012 
297 QAc-W-0020    (0)   :  0.990 0.006 0.004 
298 QAc-W-0021    (0)   :  0.834 0.019 0.147 
299 QAc-W-0022    (0)   :  0.955 0.017 0.028 
300 QAc-W-0023    (6)   :  0.983 0.004 0.013 
301 QAc-W-0024    (0)   :  0.800 0.061 0.139 
302 QAc-W-0025    (0)   :  0.984 0.007 0.008 
303 QAc-W-0026    (0)   :  0.889 0.066 0.045 
304 QAc-W-0027    (0)   :  0.978 0.015 0.007 
305 QAc-W-0028    (0)   :  0.986 0.009 0.005 
306 QAc-W-0029    (0)   :  0.987 0.005 0.008 
307 QAc-W-0030    (0)   :  0.972 0.019 0.009 
308 QAc-W-0031    (0)   :  0.874 0.009 0.117 
309 QAc-W-0032    (0)   :  0.991 0.003 0.006 
310 QAc-W-0033    (0)   :  0.980 0.009 0.011 
311 QAc-W-0034    (0)   :  0.989 0.006 0.005 
312 QAc-W-0035    (0)   :  0.967 0.018 0.015 
313 QAc-W-0036    (0)   :  0.991 0.005 0.004 
314 QAc-W-0037    (0)   :  0.931 0.042 0.027 
315 QAc-W-0038    (0)   :  0.969 0.024 0.006 
316 QAc-W-0039    (0)   :  0.859 0.106 0.035 
317 QAc-W-0040    (0)   :  0.973 0.017 0.009 
318 QAc-W-0041    (0)   :  0.804 0.049 0.147 
319 QAc-W-0042    (0)   :  0.958 0.026 0.015 
320 QAc-W-0043    (0)   :  0.927 0.059 0.014 
321 QAc-W-0044    (0)   :  0.960 0.034 0.006 
322 QAc-W-0045    (0)   :  0.982 0.012 0.007 
323 QAc-W-0046    (0)   :  0.947 0.031 0.021 
324 QAc-W-0047    (0)   :  0.976 0.021 0.004 
325 QAc-W-0048    (0)   :  0.985 0.004 0.011 
326 QAc-W-0049    (0)   :  0.980 0.004 0.015 
327 QAc-W-0050    (0)   :  0.959 0.011 0.030 
328 QAc-W-0051    (0)   :  0.959 0.031 0.010 
329 QAc-W-0052    (0)   :  0.990 0.006 0.004 
330 QAc-W-0053    (0)   :  0.991 0.005 0.004 
331 QAc-W-0054    (0)   :  0.779 0.214 0.007 
332 QAc-W-0055    (0)   :  0.336 0.597 0.067 
333 QAc-W-0056    (0)   :  0.935 0.016 0.049 
334 QAc-W-0057    (0)   :  0.852 0.053 0.095 
335 QAc-W-0058    (0)   :  0.714 0.027 0.259 
336 QAc-W-0059    (0)   :  0.989 0.007 0.004 
337 QAc-W-0060    (0)   :  0.208 0.785 0.007 
338 QAc-W-0061    (0)   :  0.068 0.905 0.027 
339 QAc-W-0062    (0)   :  0.135 0.812 0.053 
340 QAc-W-0063    (0)   :  0.574 0.391 0.035 
341 QAc-W-0064    (0)   :  0.217 0.754 0.029 
342 QAc-W-0065    (0)   :  0.349 0.635 0.016 
343 QAc-W-0066    (0)   :  0.003 0.991 0.006 
344 QAc-W-0067    (0)   :  0.003 0.992 0.005 
345 QAc-W-0068    (0)   :  0.003 0.993 0.004 
346 QAc-W-0069    (0)   :  0.004 0.992 0.004 
347 QAc-W-0070    (0)   :  0.003 0.993 0.004 
348 QAc-W-0071    (6)   :  0.008 0.986 0.006 
349 QAc-W-0072    (0)   :  0.801 0.189 0.010 
350 QAc-W-0073    (0)   :  0.599 0.383 0.018 
351 QAc-W-0074    (0)   :  0.033 0.953 0.014 
352 QAc-W-0075    (0)   :  0.012 0.980 0.008 
353 QAc-W-0076    (0)   :  0.109 0.848 0.042 
354 QAc-W-0077    (0)   :  0.058 0.938 0.004 
355 QAc-W-0078    (0)   :  0.299 0.054 0.646 
356 QAc-W-0079    (6)   :  0.013 0.030 0.957 
357 QAc-W-0080   (13)   :  0.020 0.005 0.975 
358 QAc-W-0081    (0)   :  0.006 0.004 0.990 
359 QAc-W-0082    (0)   :  0.408 0.013 0.580 
360 QAc-W-0083    (0)   :  0.032 0.048 0.920 
361 QAc-W-0084    (0)   :  0.005 0.004 0.991 
362 QAc-W-0085    (0)   :  0.004 0.005 0.991 
363 QAc-W-0086    (0)   :  0.006 0.008 0.986 
364 QAc-W-0087    (0)   :  0.009 0.008 0.983 
365 QAc-W-0088    (0)   :  0.024 0.005 0.972 
366 QAc-W-0089    (0)   :  0.006 0.008 0.986 
367 QAc-W-0090    (0)   :  0.005 0.008 0.986 
368 QAc-W-0091    (0)   :  0.018 0.009 0.973 
369 QAc-W-0092    (0)   :  0.340 0.009 0.651 
370 QAc-W-0093    (0)   :  0.234 0.004 0.762 
371 QAc-W-0094    (0)   :  0.295 0.007 0.698 
372 QAc-W-0095    (0)   :  0.022 0.007 0.972 
373 QAc-W-0096    (0)   :  0.180 0.034 0.786 
374 QAc-W-0097    (0)   :  0.220 0.011 0.769 
375 QAc-W-0098    (0)   :  0.007 0.004 0.989 
376 QAc-W-0099    (0)   :  0.109 0.006 0.885 
377 QAc-W-0100    (0)   :  0.007 0.004 0.989 
378 QAc-W-0101    (0)   :  0.008 0.036 0.957 
379 QAc-W-0104    (0)   :  0.029 0.006 0.966 
380 QAc-W-0105    (0)   :  0.007 0.006 0.987 
381 QAc-W-0106    (0)   :  0.021 0.006 0.973 
382 QAc-W-0107    (0)   :  0.005 0.008 0.988 
383 QAc-W-0108    (0)   :  0.004 0.007 0.989 
384 QAc-W-0109    (0)   :  0.011 0.023 0.965 
385 QAc-W-0110   (13)   :  0.606 0.017 0.377 
386 QAc-W-0111    (6)   :  0.008 0.006 0.986 
387 QAc-W-0112   (13)   :  0.016 0.004 0.980 
388 QAc-W-0113   (13)   :  0.982 0.005 0.013 
389 QAc-W-0114   (13)   :  0.942 0.009 0.049 
390 QAc-W-0115    (0)   :  0.979 0.011 0.010 
391 QAc-W-0116    (0)   :  0.988 0.003 0.008 
392 QAc-W-0117    (0)   :  0.990 0.007 0.004 
393 QAc-W-0118    (0)   :  0.873 0.063 0.063 
394 QAc-W-0119    (0)   :  0.960 0.030 0.010 
395 QAc-W-0120    (0)   :  0.951 0.041 0.008 
396 QAc-W-0121    (0)   :  0.915 0.080 0.005 
397 QAc-W-0122    (0)   :  0.982 0.007 0.011 
398 QAc-W-0123    (6)   :  0.968 0.009 0.024 
399 QAc-W-0124    (0)   :  0.805 0.117 0.077 
400 QAc-W-0125    (0)   :  0.927 0.037 0.036 
401 QAc-W-0126   (13)   :  0.933 0.012 0.055 
402 QAc-W-0127    (6)   :  0.986 0.007 0.007 
403 QAc-W-0128   (13)   :  0.942 0.016 0.042 
404 QAc-W-0129   (13)   :  0.984 0.007 0.010 
405 QAc-W-0130   (13)   :  0.980 0.006 0.014 
406 QAc-W-0131    (0)   :  0.974 0.010 0.016 
407 QAc-W-0132    (6)   :  0.922 0.040 0.038 
408 QAc-W-0133    (6)   :  0.771 0.170 0.059 
409 QAc-W-0134    (0)   :  0.979 0.010 0.011 
410 QAc-W-0135    (0)   :  0.970 0.022 0.008 
411 QAc-W-0136    (0)   :  0.986 0.008 0.006 
412 QAc-W-0137    (0)   :  0.987 0.009 0.004 
413 QAc-W-0138    (0)   :  0.988 0.008 0.004 
414 QAc-W-0139    (0)   :  0.927 0.036 0.037 
415 QAc-W-0140    (0)   :  0.987 0.008 0.004 
416 QAc-W-0141    (6)   :  0.970 0.020 0.010 
417 QAc-W-0142    (0)   :  0.957 0.035 0.007 
418 QAc-W-0143    (0)   :  0.963 0.009 0.029 
419 QAc-W-0144    (0)   :  0.986 0.004 0.010 
420 QAc-W-0145    (0)   :  0.989 0.005 0.006 
421 QAc-W-0146    (0)   :  0.977 0.005 0.017 
422 QAc-W-0147    (0)   :  0.971 0.008 0.021 
423 QAc-W-0148    (0)   :  0.983 0.013 0.004 
424 QAc-W-0149    (0)   :  0.978 0.006 0.016 
425 QAc-W-0150    (0)   :  0.959 0.008 0.032 
426 QAc-W-0151    (0)   :  0.974 0.017 0.009 
427 QAc-W-0152    (0)   :  0.978 0.013 0.008 
428 QAc-W-0153    (0)   :  0.931 0.012 0.057 
429 QAc-W-0154    (0)   :  0.988 0.007 0.006 
430 QAc-W-0155    (0)   :  0.988 0.006 0.006 
431 QAc-W-0156    (0)   :  0.898 0.004 0.098 
432 QAc-W-0157    (0)   :  0.976 0.020 0.004 
433 QAc-W-0158    (0)   :  0.926 0.031 0.043 
434 QAc-W-0159    (0)   :  0.989 0.006 0.005 
435 QAc-W-0160    (0)   :  0.984 0.007 0.008 
436 QAc-W-0161    (0)   :  0.992 0.005 0.003 
437 QAc-W-0162    (0)   :  0.980 0.013 0.007 
438 QAc-W-0163    (0)   :  0.986 0.008 0.005 
439 QAc-W-0164    (0)   :  0.978 0.014 0.008 
440 QAc-W-0165    (0)   :  0.956 0.040 0.004 
441 QAc-W-0166    (0)   :  0.984 0.010 0.006 
442 QAc-W-0167    (0)   :  0.918 0.008 0.074 
443 QAc-W-0168    (0)   :  0.923 0.063 0.014 
444 QAc-W-0169    (0)   :  0.985 0.011 0.004 
445 QAc-W-0170    (0)   :  0.985 0.005 0.010 
446 QAc-W-0171    (0)   :  0.942 0.007 0.051 
447 QAc-W-0172    (0)   :  0.990 0.003 0.007 
448 QAc-W-0173    (0)   :  0.988 0.004 0.008 
449 QAc-W-0174    (0)   :  0.972 0.020 0.008 


Estimated Allele Frequencies in each cluster
First column gives estimated ancestral frequencies


Locus 1 : 
21 alleles
0.4% missing data
 210   (0.091) 0.117 0.003 0.216 
 212   (0.110) 0.105 0.204 0.221 
 202   (0.064) 0.068 0.001 0.134 
 226   (0.066) 0.033 0.177 0.112 
 216   (0.064) 0.076 0.001 0.093 
 200   (0.196) 0.313 0.379 0.130 
 224   (0.047) 0.033 0.140 0.002 
 218   (0.053) 0.047 0.001 0.057 
 222   (0.032) 0.046 0.000 0.001 
 228   (0.016) 0.001 0.060 0.000 
 214   (0.055) 0.054 0.030 0.001 
 208   (0.052) 0.045 0.001 0.030 
 220   (0.021) 0.010 0.000 0.000 
 206   (0.026) 0.021 0.001 0.000 
 196   (0.013) 0.002 0.000 0.000 
 238   (0.013) 0.003 0.000 0.000 
 121   (0.014) 0.003 0.000 0.000 
 204   (0.018) 0.006 0.000 0.000 
 190   (0.014) 0.003 0.000 0.000 
 198   (0.015) 0.003 0.000 0.000 
 232   (0.021) 0.012 0.000 0.000 

Locus 2 : 
16 alleles
1.6% missing data
 171   (0.174) 0.301 0.003 0.153 
 175   (0.090) 0.052 0.120 0.238 
 185   (0.077) 0.061 0.004 0.145 
 181   (0.101) 0.058 0.334 0.345 
 179   (0.090) 0.117 0.121 0.002 
 173   (0.176) 0.211 0.319 0.065 
 177   (0.043) 0.020 0.094 0.001 
 183   (0.058) 0.052 0.001 0.022 
 187   (0.049) 0.067 0.002 0.001 
 189   (0.037) 0.043 0.001 0.001 
 191   (0.030) 0.006 0.000 0.025 
 163   (0.015) 0.003 0.000 0.000 
 165   (0.015) 0.003 0.000 0.000 
 193   (0.016) 0.003 0.000 0.000 
 169   (0.015) 0.003 0.000 0.000 
 167   (0.015) 0.003 0.000 0.000 

Locus 3 : 
7 alleles
2.4% missing data
 206   (0.825) 0.928 0.981 0.983 
 208   (0.051) 0.044 0.003 0.002 
 198   (0.017) 0.001 0.000 0.006 
 204   (0.051) 0.016 0.015 0.009 
 218   (0.020) 0.005 0.000 0.000 
 230   (0.017) 0.003 0.000 0.000 
 212   (0.020) 0.005 0.000 0.001 

Locus 4 : 
15 alleles
3.6% missing data
 165   (0.119) 0.069 0.082 0.589 
 173   (0.035) 0.008 0.001 0.324 
 163   (0.133) 0.193 0.017 0.008 
 167   (0.141) 0.199 0.002 0.028 
 161   (0.300) 0.435 0.875 0.015 
 153   (0.019) 0.005 0.000 0.000 
 171   (0.041) 0.020 0.001 0.008 
 179   (0.016) 0.003 0.000 0.000 
 157   (0.034) 0.022 0.001 0.001 
 149   (0.016) 0.003 0.000 0.000 
 177   (0.037) 0.011 0.001 0.019 
 155   (0.019) 0.005 0.000 0.000 
 175   (0.020) 0.005 0.000 0.000 
 169   (0.034) 0.013 0.000 0.006 
 159   (0.036) 0.011 0.019 0.001 

Locus 5 : 
16 alleles
0.0% missing data
 148   (0.111) 0.078 0.356 0.390 
 160   (0.037) 0.013 0.001 0.076 
 146   (0.094) 0.054 0.320 0.278 
 154   (0.068) 0.059 0.044 0.005 
 150   (0.056) 0.052 0.017 0.002 
 138   (0.104) 0.124 0.011 0.100 
 166   (0.046) 0.073 0.001 0.001 
 164   (0.024) 0.012 0.000 0.000 
 142   (0.028) 0.012 0.007 0.001 
 144   (0.154) 0.210 0.203 0.019 
 140   (0.067) 0.148 0.001 0.001 
 158   (0.043) 0.026 0.001 0.048 
 162   (0.034) 0.010 0.000 0.067 
 152   (0.085) 0.111 0.038 0.002 
 134   (0.021) 0.012 0.000 0.000 
 156   (0.029) 0.007 0.000 0.010 

Locus 6 : 
12 alleles
0.0% missing data
 225   (0.049) 0.010 0.188 0.105 
 239   (0.115) 0.083 0.463 0.035 
 229   (0.022) 0.002 0.000 0.324 
 235   (0.251) 0.264 0.267 0.406 
 237   (0.158) 0.222 0.056 0.011 
 233   (0.138) 0.150 0.018 0.050 
 227   (0.067) 0.116 0.001 0.001 
 245   (0.044) 0.046 0.001 0.001 
 241   (0.068) 0.045 0.005 0.066 
 231   (0.038) 0.034 0.001 0.001 
 243   (0.034) 0.026 0.000 0.001 
 251   (0.015) 0.003 0.000 0.000 

Locus 7 : 
7 alleles
0.0% missing data
 118   (0.788) 0.871 0.976 0.959 
 124   (0.065) 0.094 0.001 0.001 
 116   (0.037) 0.013 0.007 0.003 
 114   (0.048) 0.013 0.005 0.024 
 122   (0.019) 0.005 0.000 0.000 
 112   (0.025) 0.003 0.000 0.012 
 120   (0.017) 0.001 0.011 0.000 

Locus 8 : 
5 alleles
0.4% missing data
 135   (0.082) 0.052 0.011 0.019 
 139   (0.699) 0.768 0.945 0.897 
 137   (0.162) 0.150 0.043 0.083 
 143   (0.031) 0.019 0.000 0.001 
 141   (0.025) 0.010 0.000 0.001 

Locus 9 : 
15 alleles
1.6% missing data
 116   (0.255) 0.297 0.181 0.372 
 112   (0.099) 0.073 0.077 0.076 
 118   (0.091) 0.083 0.002 0.511 
 122   (0.102) 0.122 0.530 0.002 
 114   (0.163) 0.209 0.137 0.027 
 120   (0.051) 0.069 0.002 0.001 
 130   (0.043) 0.054 0.001 0.001 
 124   (0.050) 0.028 0.066 0.001 
 110   (0.015) 0.003 0.000 0.000 
 134   (0.016) 0.003 0.000 0.000 
 128   (0.030) 0.023 0.000 0.001 
 126   (0.037) 0.028 0.001 0.002 
 108   (0.018) 0.005 0.000 0.000 
 106   (0.015) 0.002 0.002 0.000 
 138   (0.016) 0.001 0.000 0.006 

Locus 10 : 
8 alleles
0.0% missing data
 232   (0.768) 0.829 0.994 0.974 
 238   (0.087) 0.130 0.001 0.002 
 220   (0.027) 0.012 0.000 0.000 
 226   (0.017) 0.001 0.000 0.011 
 234   (0.023) 0.008 0.000 0.000 
 240   (0.019) 0.005 0.000 0.000 
 236   (0.023) 0.005 0.003 0.001 
 244   (0.035) 0.009 0.000 0.011 

Locus 11 : 
9 alleles
0.0% missing data
 165   (0.713) 0.819 0.762 0.864 
 167   (0.097) 0.047 0.233 0.124 
 161   (0.090) 0.117 0.001 0.009 
 153   (0.016) 0.002 0.000 0.001 
 169   (0.017) 0.002 0.003 0.000 
 155   (0.016) 0.003 0.000 0.000 
 173   (0.016) 0.003 0.000 0.000 
 163   (0.019) 0.005 0.000 0.000 
 171   (0.016) 0.003 0.000 0.000 

Locus 12 : 
9 alleles
0.0% missing data
 137   (0.445) 0.544 0.452 0.300 
 140   (0.190) 0.203 0.016 0.348 
 134   (0.248) 0.222 0.530 0.347 
 149   (0.016) 0.003 0.000 0.000 
 131   (0.017) 0.002 0.000 0.003 
 143   (0.023) 0.008 0.000 0.000 
 128   (0.016) 0.003 0.000 0.000 
 125   (0.022) 0.008 0.000 0.000 
 146   (0.024) 0.008 0.000 0.001 

Locus 13 : 
20 alleles
0.2% missing data
 206   (0.120) 0.134 0.040 0.416 
 210   (0.089) 0.066 0.347 0.273 
 190   (0.042) 0.060 0.001 0.001 
 202   (0.085) 0.133 0.002 0.070 
 214   (0.037) 0.015 0.164 0.001 
 212   (0.053) 0.055 0.135 0.001 
 192   (0.086) 0.144 0.001 0.027 
 204   (0.039) 0.031 0.008 0.001 
 184   (0.059) 0.049 0.004 0.086 
 216   (0.041) 0.043 0.006 0.001 
 208   (0.050) 0.047 0.021 0.001 
 200   (0.068) 0.079 0.002 0.087 
 198   (0.031) 0.028 0.001 0.001 
 194   (0.083) 0.069 0.184 0.033 
 186   (0.023) 0.003 0.083 0.001 
 188   (0.020) 0.008 0.000 0.000 
 196   (0.027) 0.021 0.000 0.001 
 220   (0.014) 0.002 0.000 0.000 
 180   (0.016) 0.004 0.000 0.000 
 182   (0.018) 0.006 0.000 0.000 

Locus 14 : 
8 alleles
1.6% missing data
 139   (0.101) 0.057 0.132 0.204 
 145   (0.086) 0.052 0.016 0.111 
 151   (0.320) 0.334 0.452 0.565 
 157   (0.303) 0.407 0.140 0.104 
 154   (0.075) 0.062 0.258 0.002 
 163   (0.045) 0.029 0.001 0.012 
 142   (0.029) 0.016 0.000 0.001 
 160   (0.041) 0.044 0.001 0.001 

Locus 15 : 
14 alleles
1.1% missing data
 256   (0.152) 0.138 0.161 0.130 
 262   (0.029) 0.005 0.000 0.405 
 246   (0.081) 0.083 0.001 0.099 
 258   (0.153) 0.261 0.003 0.031 
 254   (0.088) 0.088 0.182 0.003 
 250   (0.035) 0.009 0.524 0.001 
 242   (0.109) 0.074 0.090 0.187 
 252   (0.081) 0.059 0.012 0.128 
 248   (0.138) 0.208 0.024 0.006 
 260   (0.057) 0.053 0.001 0.007 
 264   (0.018) 0.004 0.000 0.000 
 244   (0.029) 0.013 0.001 0.002 
 276   (0.015) 0.003 0.000 0.000 
 240   (0.016) 0.003 0.000 0.000 

Values of parameters used in structure:
DATAFILE=C:\Users\eschumacher\Documents\GitHub\GCC_QUAC_ZAIN\Data_Files\Structure_Files\QUAC\QUAC_wK_nopopinfo_garden_wild\QUAC_wK_nopopinfo_STR\project_data,	OUTFILE=C:\Users\eschumacher\Documents\GitHub\GCC_QUAC_ZAIN\Data_Files\Structure_Files\QUAC\QUAC_wK_nopopinfo_garden_wild\QUAC_wK_nopopinfo_STR\50-50\Results\50-50_run_14,	NUMINDS=449,	NUMLOCI=15,	MISSING=-9,	LABEL=1,	POPDATA=0,	POPFLAG=0,	PHENOTYPE=0,	EXTRACOLS=0,	MAXPOPS=3,	BURNIN=50000,	NUMREPS=50000,	USEPOPINFO=0,	INFERALPHA=1,	INFERLAMBDA=0,	POPSPECIFICLAMBDA=0,	POPALPHAS=0,	COMPUTEPROB=1,	NOADMIX=0,	ADMBURNIN=2500,	UPDATEFREQ=1,	PRINTLIKES=0,	INTERMEDSAVE=0,	PRINTKLD=0,	PRINTNET=0,	PRINTLAMBDA=0,	ANCESTDIST=0,	NUMBOXES=1000,	ANCESTPINT=0.90000,	GENSBACK=2,	MIGRPRIOR=0.05000,	PRINTQHAT=0,	PRINTQSUM=0,	ALPHA=1.0000,	FREQSCORR=1,	FPRIORMEAN=0.0100,	FPRIORSD=0.0500,	ONEFST=0,	LAMBDA=1.0000,	UNIFPRIORALPHA=1,	ALPHAMAX=10.0000,	ALPHAPRIORA=1.0000,	ALPHAPRIORB=2.0000,	ALPHAPROPSD=0.0250,	STARTATPOPINFO=0,	RANDOMIZE=1,	LINKAGE=0,	METROFREQ=10,	REPORTHITRATE=0,	MARKOVPHASE=-1,	PHASED=0,	PLOIDY=2,	PHASEINFO=0	LOCPRIOR=0, 	LOCPRIORINIT=1.000000, 	LOCDATA=0, 	LOCISPOP=0, 	LOCPRIORSTEP=0.100000, 	MAXLOCPRIOR=20.000000, 	SEED=1670279509,	
[STRAT parameters]:    NUMSIMSTATS=1000,	PHENOTYPECOL=-9,	POOLFREQ=10,	LOCUSxONLY=0,	EMERROR=0.00100,	MISSINGPHENO=-9,	