

----------------------------------------------------
STRUCTURE by Pritchard, Stephens and Donnelly (2000)
     and Falush, Stephens and Pritchard (2003)
       Code by Pritchard, Falush and Hubisz
             Version 2.3.4 (Jul 2012)
----------------------------------------------------



Command line arguments:   bin\structure -m C:\Users\eschumacher\Documents\GitHub\GCC_QUAC_ZAIN\Data_Files\Structure_Files\QUAC\QUAC_wK_nopopinfo_garden_wild\QUAC_wK_nopopinfo_STR\50-50\mainparams -e C:\Users\eschumacher\Documents\GitHub\GCC_QUAC_ZAIN\Data_Files\Structure_Files\QUAC\QUAC_wK_nopopinfo_garden_wild\QUAC_wK_nopopinfo_STR\50-50\extraparams 
Input File:    C:\Users\eschumacher\Documents\GitHub\GCC_QUAC_ZAIN\Data_Files\Structure_Files\QUAC\QUAC_wK_nopopinfo_garden_wild\QUAC_wK_nopopinfo_STR\project_data

Run parameters:
   449 individuals
   15 loci
   5 populations assumed
   50000 Burn-in period
   50000 Reps


--------------------------------------------
Overall proportion of membership of the
sample in each of the 5 clusters

Inferred Clusters
  1      2      3      4      5    
0.206  0.182  0.198  0.191  0.222  

--------------------------------------------

Allele-freq. divergence among pops (Net nucleotide distance),
computed using point estimates of P.

      1       2       3       4       5      
 1      -    0.0388  0.1046  0.0915  0.0490  
 2   0.0388     -    0.0853  0.0921  0.0414  
 3   0.1046  0.0853     -    0.1187  0.0946  
 4   0.0915  0.0921  0.1187     -    0.0930  
 5   0.0490  0.0414  0.0946  0.0930     -    

Average distances (expected heterozygosity) between individuals in same cluster:
cluster  1  : 0.6212 
cluster  2  : 0.6078 
cluster  3  : 0.5025 
cluster  4  : 0.4556 
cluster  5  : 0.5678 

--------------------------------------------
Estimated Ln Prob of Data   = -16661.6
Mean value of ln likelihood = -16370.3
Variance of ln likelihood   = 582.4
Mean value of alpha         = 0.0375

Mean value of Fst_1         = 0.0763
Mean value of Fst_2         = 0.0554
Mean value of Fst_3         = 0.2507
Mean value of Fst_4         = 0.3527
Mean value of Fst_5         = 0.1458


Inferred ancestry of individuals:
        Label (%Miss) :  Inferred clusters
  1 QAc-G-0029    (0)   :  0.004 0.005 0.959 0.012 0.019 
  2 QAc-G-0030    (0)   :  0.003 0.003 0.988 0.004 0.003 
  3 QAc-G-0031    (0)   :  0.003 0.003 0.986 0.005 0.003 
  4 QAc-G-0061    (0)   :  0.004 0.004 0.981 0.004 0.007 
  5 QAc-G-0062    (0)   :  0.381 0.363 0.009 0.239 0.007 
  6 QAc-G-0063    (0)   :  0.012 0.029 0.006 0.808 0.146 
  7 QAc-G-0064    (0)   :  0.974 0.008 0.003 0.005 0.009 
  8 QAc-G-0065    (0)   :  0.982 0.003 0.006 0.003 0.006 
  9 QAc-G-0066    (0)   :  0.003 0.003 0.005 0.984 0.004 
 10 QAc-G-0067    (0)   :  0.966 0.006 0.017 0.004 0.007 
 11 QAc-G-0068    (0)   :  0.408 0.019 0.005 0.564 0.004 
 12 QAc-G-0070    (0)   :  0.018 0.161 0.007 0.781 0.034 
 13 QAc-G-0071   (13)   :  0.003 0.003 0.006 0.984 0.004 
 14 QAc-G-0072    (0)   :  0.003 0.005 0.004 0.982 0.005 
 15 QAc-G-0073    (0)   :  0.004 0.005 0.005 0.004 0.983 
 16 QAc-G-0074    (0)   :  0.011 0.027 0.005 0.173 0.784 
 17 QAc-G-0075    (0)   :  0.008 0.006 0.009 0.008 0.969 
 18 QAc-G-0076    (0)   :  0.008 0.009 0.012 0.008 0.964 
 19 QAc-G-0077    (0)   :  0.005 0.003 0.977 0.009 0.007 
 20 QAc-G-0078    (0)   :  0.003 0.003 0.988 0.004 0.003 
 21 QAc-G-0079    (0)   :  0.004 0.004 0.984 0.005 0.004 
 22 QAc-G-0080    (0)   :  0.062 0.022 0.750 0.017 0.150 
 23 QAc-G-0081    (0)   :  0.010 0.955 0.007 0.008 0.020 
 24 QAc-G-0082    (0)   :  0.053 0.837 0.012 0.005 0.093 
 25 QAc-G-0083    (0)   :  0.157 0.138 0.080 0.475 0.150 
 26 QAc-G-0001   (13)   :  0.003 0.003 0.984 0.006 0.003 
 27 QAc-G-0002    (0)   :  0.003 0.003 0.988 0.004 0.003 
 28 QAc-G-0285    (0)   :  0.021 0.027 0.012 0.923 0.017 
 29 QAc-G-0286    (0)   :  0.003 0.003 0.004 0.987 0.003 
 30 QAc-G-0287    (0)   :  0.003 0.003 0.003 0.988 0.003 
 31 QAc-G-0288    (6)   :  0.006 0.013 0.019 0.952 0.011 
 32 QAc-G-0289    (0)   :  0.003 0.004 0.004 0.986 0.003 
 33 QAc-G-0290    (0)   :  0.004 0.004 0.004 0.983 0.005 
 34 QAc-G-0291    (0)   :  0.003 0.002 0.006 0.986 0.003 
 35 QAc-G-0292    (0)   :  0.027 0.222 0.004 0.740 0.007 
 36 QAc-G-0293    (0)   :  0.003 0.003 0.007 0.984 0.003 
 37 QAc-G-0294    (0)   :  0.014 0.008 0.007 0.003 0.967 
 38 QAc-G-0295    (0)   :  0.005 0.005 0.010 0.015 0.964 
 39 QAc-G-0296    (0)   :  0.007 0.004 0.004 0.006 0.979 
 40 QAc-G-0297    (0)   :  0.127 0.199 0.007 0.003 0.664 
 41 QAc-G-0298    (6)   :  0.005 0.004 0.006 0.004 0.982 
 42 QAc-G-0299    (0)   :  0.006 0.004 0.005 0.008 0.978 
 43 QAc-G-0300    (0)   :  0.008 0.009 0.003 0.004 0.975 
 44 QAc-G-0301    (0)   :  0.011 0.006 0.005 0.010 0.967 
 45 QAc-G-0302    (0)   :  0.930 0.026 0.007 0.007 0.030 
 46 QAc-G-0303    (0)   :  0.910 0.067 0.008 0.005 0.010 
 47 QAc-G-0304    (0)   :  0.003 0.003 0.004 0.987 0.004 
 48 QAc-G-0305    (0)   :  0.067 0.075 0.081 0.771 0.006 
 49 QAc-G-0306    (0)   :  0.003 0.003 0.004 0.987 0.003 
 50 QAc-G-0307    (0)   :  0.012 0.086 0.877 0.014 0.011 
 51 QAc-G-0308    (0)   :  0.008 0.008 0.955 0.016 0.013 
 52 QAc-G-0309    (0)   :  0.004 0.006 0.980 0.005 0.005 
 53 QAc-G-0310    (0)   :  0.004 0.004 0.984 0.004 0.005 
 54 QAc-G-0311    (0)   :  0.002 0.003 0.989 0.003 0.003 
 55 QAc-G-0312    (0)   :  0.137 0.138 0.587 0.007 0.130 
 56 QAc-G-0313    (0)   :  0.028 0.862 0.052 0.030 0.028 
 57 QAc-G-0314    (0)   :  0.028 0.811 0.013 0.005 0.142 
 58 QAc-G-0315    (0)   :  0.233 0.703 0.007 0.021 0.037 
 59 QAc-G-0316    (0)   :  0.007 0.954 0.025 0.008 0.006 
 60 QAc-G-0032    (6)   :  0.963 0.009 0.009 0.008 0.012 
 61 QAc-G-0033    (0)   :  0.006 0.005 0.006 0.005 0.977 
 62 QAc-G-0034    (0)   :  0.009 0.013 0.029 0.005 0.944 
 63 QAc-G-0035    (0)   :  0.007 0.006 0.005 0.006 0.976 
 64 QAc-G-0036    (0)   :  0.005 0.012 0.006 0.017 0.960 
 65 QAc-G-0037    (0)   :  0.005 0.003 0.012 0.014 0.967 
 66 QAc-G-0038    (0)   :  0.004 0.005 0.002 0.003 0.986 
 67 QAc-G-0039    (0)   :  0.009 0.028 0.025 0.006 0.931 
 68 QAc-G-0040    (0)   :  0.006 0.051 0.007 0.060 0.876 
 69 QAc-G-0041    (0)   :  0.011 0.023 0.003 0.007 0.955 
 70 QAc-G-0042    (0)   :  0.006 0.005 0.003 0.006 0.980 
 71 QAc-G-0043    (0)   :  0.003 0.005 0.008 0.005 0.978 
 72 QAc-G-0044    (0)   :  0.017 0.008 0.004 0.009 0.963 
 73 QAc-G-0045    (0)   :  0.007 0.007 0.028 0.007 0.952 
 74 QAc-G-0046    (0)   :  0.004 0.026 0.047 0.003 0.920 
 75 QAc-G-0047    (0)   :  0.015 0.011 0.030 0.006 0.936 
 76 QAc-G-0048    (0)   :  0.005 0.008 0.003 0.004 0.980 
 77 QAc-G-0049    (0)   :  0.003 0.003 0.987 0.005 0.003 
 78 QAc-G-0050    (0)   :  0.453 0.253 0.213 0.074 0.007 
 79 QAc-G-0051    (0)   :  0.003 0.003 0.987 0.004 0.003 
 80 QAc-G-0052    (0)   :  0.012 0.012 0.960 0.004 0.013 
 81 QAc-G-0053    (0)   :  0.004 0.004 0.967 0.009 0.017 
 82 QAc-G-0054    (0)   :  0.077 0.410 0.485 0.006 0.023 
 83 QAc-G-0055    (0)   :  0.090 0.239 0.642 0.005 0.024 
 84 QAc-G-0056    (0)   :  0.059 0.881 0.034 0.015 0.011 
 85 QAc-G-0057    (0)   :  0.003 0.003 0.985 0.004 0.004 
 86 QAc-G-0058    (6)   :  0.003 0.003 0.987 0.004 0.003 
 87 QAc-G-0059    (0)   :  0.039 0.221 0.658 0.003 0.079 
 88 QAc-G-0060    (6)   :  0.010 0.008 0.955 0.013 0.013 
 89 QAc-G-0276    (0)   :  0.005 0.011 0.027 0.930 0.027 
 90 QAc-G-0279    (0)   :  0.003 0.003 0.006 0.985 0.003 
 91 QAc-G-0280    (6)   :  0.004 0.005 0.004 0.978 0.009 
 92 QAc-G-0281    (0)   :  0.004 0.004 0.983 0.006 0.004 
 93 QAc-G-0018    (0)   :  0.026 0.012 0.039 0.006 0.917 
 94 QAc-G-0019    (0)   :  0.010 0.007 0.005 0.011 0.968 
 95 QAc-G-0020    (0)   :  0.004 0.012 0.006 0.003 0.975 
 96 QAc-G-0021    (6)   :  0.006 0.003 0.009 0.004 0.978 
 97 QAc-G-0022    (6)   :  0.028 0.121 0.024 0.008 0.818 
 98 QAc-G-0023    (0)   :  0.003 0.004 0.986 0.004 0.004 
 99 QAc-G-0024    (0)   :  0.004 0.003 0.983 0.003 0.007 
100 QAc-G-0016    (0)   :  0.516 0.095 0.344 0.020 0.025 
101 QAc-G-0017    (0)   :  0.977 0.009 0.003 0.005 0.006 
102 QAc-G-0250    (0)   :  0.258 0.060 0.024 0.591 0.067 
103 QAc-G-0003    (6)   :  0.004 0.005 0.005 0.980 0.006 
104 QAc-G-0004    (0)   :  0.914 0.015 0.010 0.004 0.058 
105 QAc-G-0005    (0)   :  0.979 0.004 0.006 0.004 0.007 
106 QAc-G-0006    (6)   :  0.870 0.088 0.005 0.007 0.029 
107 QAc-G-0283    (0)   :  0.012 0.971 0.003 0.007 0.006 
108 QAc-G-0265    (0)   :  0.019 0.198 0.488 0.043 0.251 
109 QAc-G-0266    (0)   :  0.002 0.003 0.986 0.006 0.003 
110 QAc-G-0267    (0)   :  0.137 0.137 0.013 0.132 0.580 
111 QAc-G-0268   (20)   :  0.306 0.063 0.013 0.606 0.013 
112 QAc-G-0269    (0)   :  0.003 0.003 0.005 0.984 0.005 
113 QAc-G-0270    (6)   :  0.005 0.006 0.005 0.007 0.978 
114 QAc-G-0271    (0)   :  0.062 0.015 0.004 0.004 0.915 
115 QAc-G-0272    (6)   :  0.007 0.007 0.007 0.018 0.962 
116 QAc-G-0273    (0)   :  0.006 0.005 0.980 0.005 0.005 
117 QAc-G-0274    (0)   :  0.977 0.006 0.004 0.003 0.009 
118 QAc-G-0251    (6)   :  0.022 0.008 0.006 0.005 0.959 
119 QAc-G-0252    (0)   :  0.012 0.012 0.005 0.005 0.965 
120 QAc-G-0253    (0)   :  0.003 0.004 0.983 0.006 0.004 
121 QAc-G-0254    (0)   :  0.003 0.003 0.988 0.003 0.003 
122 QAc-G-0255    (0)   :  0.968 0.010 0.005 0.004 0.013 
123 QAc-G-0256    (0)   :  0.970 0.005 0.006 0.012 0.007 
124 QAc-G-0257    (0)   :  0.975 0.011 0.005 0.003 0.005 
125 QAc-G-0258    (0)   :  0.984 0.006 0.003 0.003 0.005 
126 QAc-G-0259    (0)   :  0.032 0.951 0.003 0.003 0.012 
127 QAc-G-0260    (0)   :  0.685 0.230 0.020 0.050 0.014 
128 QAc-G-0261    (0)   :  0.966 0.013 0.005 0.005 0.010 
129 QAc-G-0262    (0)   :  0.951 0.026 0.008 0.009 0.006 
130 QAc-G-0010    (0)   :  0.006 0.045 0.019 0.891 0.040 
131 QAc-G-0011    (0)   :  0.006 0.979 0.005 0.004 0.007 
132 QAc-G-0015    (0)   :  0.067 0.041 0.865 0.006 0.021 
133 QAc-G-0106    (0)   :  0.985 0.004 0.003 0.003 0.005 
134 QAc-G-0107    (0)   :  0.953 0.016 0.014 0.010 0.007 
135 QAc-G-0108    (0)   :  0.975 0.007 0.003 0.006 0.009 
136 QAc-G-0109    (0)   :  0.958 0.021 0.008 0.006 0.007 
137 QAc-G-0110    (0)   :  0.658 0.095 0.009 0.106 0.132 
138 QAc-G-0111    (0)   :  0.946 0.022 0.007 0.011 0.013 
139 QAc-G-0112    (0)   :  0.938 0.010 0.010 0.036 0.006 
140 QAc-G-0113    (0)   :  0.963 0.007 0.016 0.008 0.007 
141 QAc-G-0114    (0)   :  0.824 0.012 0.027 0.027 0.109 
142 QAc-G-0115    (0)   :  0.975 0.009 0.005 0.006 0.005 
143 QAc-G-0116    (0)   :  0.964 0.011 0.008 0.012 0.005 
144 QAc-G-0117    (0)   :  0.867 0.018 0.014 0.009 0.092 
145 QAc-G-0118    (0)   :  0.980 0.005 0.003 0.004 0.008 
146 QAc-G-0119    (0)   :  0.970 0.011 0.006 0.002 0.011 
147 QAc-G-0120    (0)   :  0.891 0.064 0.008 0.009 0.028 
148 QAc-G-0121    (0)   :  0.980 0.004 0.003 0.004 0.008 
149 QAc-G-0122    (0)   :  0.959 0.007 0.005 0.020 0.008 
150 QAc-G-0123    (0)   :  0.968 0.005 0.003 0.002 0.021 
151 QAc-G-0124    (6)   :  0.957 0.011 0.007 0.004 0.021 
152 QAc-G-0125    (0)   :  0.821 0.098 0.039 0.031 0.011 
153 QAc-G-0126    (0)   :  0.936 0.023 0.027 0.006 0.008 
154 QAc-G-0127    (0)   :  0.973 0.009 0.005 0.004 0.008 
155 QAc-G-0128    (0)   :  0.969 0.004 0.006 0.011 0.010 
156 QAc-G-0129    (0)   :  0.978 0.004 0.003 0.005 0.009 
157 QAc-G-0130    (0)   :  0.981 0.008 0.003 0.004 0.005 
158 QAc-G-0131    (0)   :  0.974 0.006 0.005 0.005 0.010 
159 QAc-G-0132    (0)   :  0.975 0.004 0.006 0.008 0.007 
160 QAc-G-0133    (0)   :  0.960 0.010 0.005 0.006 0.019 
161 QAc-G-0134    (0)   :  0.973 0.006 0.005 0.005 0.011 
162 QAc-G-0135    (0)   :  0.931 0.019 0.017 0.009 0.023 
163 QAc-G-0136    (0)   :  0.939 0.028 0.011 0.014 0.008 
164 QAc-G-0137    (0)   :  0.973 0.007 0.004 0.005 0.011 
165 QAc-G-0138    (0)   :  0.874 0.106 0.010 0.006 0.004 
166 QAc-G-0139    (0)   :  0.975 0.007 0.003 0.004 0.011 
167 QAc-G-0140    (6)   :  0.972 0.005 0.005 0.007 0.010 
168 QAc-G-0141    (0)   :  0.689 0.202 0.044 0.025 0.040 
169 QAc-G-0142    (0)   :  0.972 0.007 0.003 0.004 0.015 
170 QAc-G-0143    (0)   :  0.172 0.716 0.021 0.013 0.078 
171 QAc-G-0144    (6)   :  0.870 0.096 0.015 0.009 0.010 
172 QAc-G-0145    (0)   :  0.003 0.004 0.004 0.985 0.004 
173 QAc-G-0146    (0)   :  0.962 0.007 0.005 0.006 0.019 
174 QAc-G-0147    (0)   :  0.807 0.157 0.007 0.008 0.021 
175 QAc-G-0148    (0)   :  0.947 0.021 0.008 0.009 0.015 
176 QAc-G-0149    (0)   :  0.978 0.006 0.004 0.004 0.009 
177 QAc-G-0150    (0)   :  0.003 0.004 0.005 0.984 0.003 
178 QAc-G-0151    (0)   :  0.969 0.007 0.004 0.006 0.015 
179 QAc-G-0152    (0)   :  0.935 0.016 0.009 0.004 0.035 
180 QAc-G-0153    (0)   :  0.964 0.013 0.003 0.011 0.009 
181 QAc-G-0154    (0)   :  0.973 0.005 0.004 0.007 0.012 
182 QAc-G-0155    (0)   :  0.947 0.007 0.004 0.004 0.037 
183 QAc-G-0158    (0)   :  0.981 0.005 0.005 0.005 0.004 
184 QAc-G-0159    (0)   :  0.959 0.015 0.007 0.010 0.009 
185 QAc-G-0160    (0)   :  0.003 0.003 0.003 0.988 0.003 
186 QAc-G-0161    (0)   :  0.003 0.003 0.003 0.988 0.003 
187 QAc-G-0162    (0)   :  0.007 0.043 0.006 0.670 0.274 
188 QAc-G-0163    (0)   :  0.016 0.007 0.003 0.927 0.047 
189 QAc-G-0164    (0)   :  0.003 0.017 0.012 0.964 0.005 
190 QAc-G-0165    (0)   :  0.007 0.005 0.003 0.979 0.006 
191 QAc-G-0166    (0)   :  0.003 0.003 0.004 0.985 0.005 
192 QAc-G-0167    (0)   :  0.004 0.004 0.004 0.982 0.006 
193 QAc-G-0168    (0)   :  0.003 0.003 0.004 0.987 0.003 
194 QAc-G-0169    (6)   :  0.309 0.137 0.006 0.535 0.014 
195 QAc-G-0170    (0)   :  0.005 0.004 0.004 0.981 0.006 
196 QAc-G-0171    (0)   :  0.003 0.004 0.004 0.986 0.004 
197 QAc-G-0172    (0)   :  0.884 0.049 0.009 0.040 0.018 
198 QAc-G-0173    (0)   :  0.003 0.003 0.007 0.984 0.003 
199 QAc-G-0174    (0)   :  0.116 0.036 0.007 0.811 0.030 
200 QAc-G-0175    (0)   :  0.003 0.003 0.004 0.986 0.004 
201 QAc-G-0176    (0)   :  0.006 0.007 0.010 0.809 0.169 
202 QAc-G-0177    (0)   :  0.003 0.004 0.004 0.985 0.004 
203 QAc-G-0178    (0)   :  0.007 0.058 0.027 0.903 0.006 
204 QAc-G-0179    (6)   :  0.003 0.003 0.004 0.987 0.004 
205 QAc-G-0180    (0)   :  0.003 0.003 0.003 0.988 0.003 
206 QAc-G-0181    (0)   :  0.004 0.005 0.003 0.979 0.009 
207 QAc-G-0182    (0)   :  0.063 0.021 0.004 0.879 0.033 
208 QAc-G-0183    (6)   :  0.006 0.005 0.006 0.980 0.004 
209 QAc-G-0184    (0)   :  0.003 0.003 0.003 0.986 0.004 
210 QAc-G-0185    (0)   :  0.013 0.015 0.007 0.953 0.012 
211 QAc-G-0186    (0)   :  0.003 0.006 0.002 0.978 0.010 
212 QAc-G-0187    (0)   :  0.006 0.023 0.033 0.923 0.015 
213 QAc-G-0188    (0)   :  0.622 0.021 0.004 0.287 0.066 
214 QAc-G-0189    (0)   :  0.003 0.003 0.004 0.987 0.003 
215 QAc-G-0190    (0)   :  0.003 0.004 0.004 0.983 0.005 
216 QAc-G-0191    (0)   :  0.004 0.004 0.005 0.983 0.005 
217 QAc-G-0192    (0)   :  0.003 0.003 0.004 0.988 0.003 
218 QAc-G-0193    (0)   :  0.004 0.005 0.004 0.982 0.006 
219 QAc-G-0194    (0)   :  0.004 0.005 0.005 0.978 0.007 
220 QAc-G-0195    (0)   :  0.005 0.008 0.095 0.880 0.012 
221 QAc-G-0196    (0)   :  0.003 0.004 0.005 0.984 0.004 
222 QAc-G-0197    (0)   :  0.003 0.003 0.004 0.988 0.003 
223 QAc-G-0198    (0)   :  0.004 0.003 0.003 0.985 0.005 
224 QAc-G-0199    (0)   :  0.007 0.050 0.013 0.902 0.028 
225 QAc-G-0200    (0)   :  0.004 0.005 0.004 0.978 0.009 
226 QAc-G-0201    (0)   :  0.003 0.004 0.004 0.986 0.004 
227 QAc-G-0202    (6)   :  0.004 0.004 0.009 0.980 0.004 
228 QAc-G-0203    (0)   :  0.006 0.005 0.013 0.971 0.004 
229 QAc-G-0204    (0)   :  0.004 0.004 0.006 0.981 0.006 
230 QAc-G-0205    (0)   :  0.002 0.002 0.989 0.004 0.003 
231 QAc-G-0206    (0)   :  0.046 0.048 0.870 0.003 0.033 
232 QAc-G-0207    (0)   :  0.005 0.009 0.973 0.006 0.007 
233 QAc-G-0208    (0)   :  0.003 0.003 0.987 0.004 0.003 
234 QAc-G-0209    (0)   :  0.003 0.004 0.983 0.007 0.003 
235 QAc-G-0210    (0)   :  0.003 0.003 0.988 0.003 0.003 
236 QAc-G-0211    (0)   :  0.004 0.004 0.986 0.003 0.003 
237 QAc-G-0212    (0)   :  0.003 0.003 0.986 0.004 0.004 
238 QAc-G-0213    (0)   :  0.003 0.004 0.981 0.005 0.006 
239 QAc-G-0214    (0)   :  0.003 0.003 0.987 0.004 0.003 
240 QAc-G-0215    (0)   :  0.003 0.004 0.985 0.003 0.004 
241 QAc-G-0216    (0)   :  0.410 0.085 0.341 0.121 0.043 
242 QAc-G-0217    (0)   :  0.011 0.010 0.969 0.006 0.005 
243 QAc-G-0218    (0)   :  0.004 0.008 0.975 0.005 0.008 
244 QAc-G-0219    (0)   :  0.031 0.012 0.924 0.010 0.022 
245 QAc-G-0220    (0)   :  0.011 0.012 0.967 0.003 0.006 
246 QAc-G-0221    (0)   :  0.011 0.026 0.940 0.010 0.013 
247 QAc-G-0222    (0)   :  0.003 0.003 0.985 0.004 0.004 
248 QAc-G-0223    (0)   :  0.004 0.006 0.982 0.003 0.005 
249 QAc-G-0224    (0)   :  0.004 0.005 0.983 0.006 0.003 
250 QAc-G-0226    (0)   :  0.004 0.003 0.985 0.003 0.004 
251 QAc-G-0227    (0)   :  0.008 0.004 0.004 0.006 0.977 
252 QAc-G-0228    (6)   :  0.004 0.005 0.007 0.005 0.978 
253 QAc-G-0229    (0)   :  0.011 0.015 0.007 0.007 0.960 
254 QAc-G-0230    (0)   :  0.008 0.007 0.019 0.007 0.959 
255 QAc-G-0231    (0)   :  0.004 0.004 0.982 0.006 0.004 
256 QAc-G-0232    (0)   :  0.007 0.009 0.003 0.003 0.978 
257 QAc-G-0233    (0)   :  0.005 0.385 0.017 0.005 0.587 
258 QAc-G-0234    (0)   :  0.006 0.013 0.006 0.018 0.958 
259 QAc-G-0235    (0)   :  0.915 0.048 0.013 0.012 0.012 
260 QAc-G-0236    (0)   :  0.006 0.005 0.004 0.006 0.979 
261 QAc-G-0237    (0)   :  0.013 0.011 0.018 0.012 0.947 
262 QAc-G-0238    (0)   :  0.004 0.005 0.008 0.006 0.977 
263 QAc-G-0239    (0)   :  0.004 0.008 0.006 0.005 0.977 
264 QAc-G-0240    (0)   :  0.007 0.006 0.003 0.003 0.982 
265 QAc-G-0241    (0)   :  0.024 0.028 0.012 0.016 0.919 
266 QAc-G-0242    (0)   :  0.007 0.011 0.008 0.004 0.971 
267 QAc-G-0243    (0)   :  0.038 0.225 0.017 0.003 0.716 
268 QAc-G-0244    (0)   :  0.012 0.008 0.009 0.007 0.965 
269 QAc-G-0245    (0)   :  0.009 0.005 0.004 0.006 0.977 
270 QAc-G-0246    (0)   :  0.007 0.006 0.005 0.008 0.974 
271 QAc-G-0247    (0)   :  0.004 0.006 0.005 0.003 0.982 
272 QAc-G-0248    (0)   :  0.005 0.004 0.003 0.003 0.985 
273 QAc-G-0249    (0)   :  0.005 0.965 0.010 0.012 0.007 
274 QAc-G-0025    (0)   :  0.003 0.003 0.986 0.004 0.005 
275 QAc-G-0028    (0)   :  0.004 0.051 0.039 0.006 0.900 
276 QAc-G-0275    (0)   :  0.003 0.003 0.977 0.011 0.005 
277 QAc-G-0263    (0)   :  0.010 0.602 0.013 0.370 0.005 
278 QAc-W-0001    (0)   :  0.018 0.006 0.005 0.003 0.968 
279 QAc-W-0002    (0)   :  0.013 0.016 0.005 0.019 0.948 
280 QAc-W-0003    (0)   :  0.035 0.013 0.046 0.030 0.876 
281 QAc-W-0004    (0)   :  0.005 0.006 0.008 0.007 0.974 
282 QAc-W-0005    (0)   :  0.009 0.012 0.005 0.008 0.966 
283 QAc-W-0006    (0)   :  0.009 0.008 0.006 0.006 0.971 
284 QAc-W-0007   (13)   :  0.005 0.008 0.005 0.004 0.978 
285 QAc-W-0008    (6)   :  0.007 0.038 0.003 0.004 0.948 
286 QAc-W-0009    (0)   :  0.047 0.027 0.006 0.009 0.911 
287 QAc-W-0010    (0)   :  0.026 0.109 0.005 0.016 0.844 
288 QAc-W-0011    (0)   :  0.032 0.006 0.006 0.066 0.890 
289 QAc-W-0012    (0)   :  0.006 0.006 0.005 0.011 0.972 
290 QAc-W-0013    (0)   :  0.020 0.006 0.107 0.008 0.859 
291 QAc-W-0014    (0)   :  0.005 0.021 0.005 0.004 0.965 
292 QAc-W-0015    (0)   :  0.011 0.027 0.032 0.027 0.903 
293 QAc-W-0016    (0)   :  0.027 0.282 0.014 0.012 0.665 
294 QAc-W-0017    (0)   :  0.059 0.595 0.031 0.095 0.220 
295 QAc-W-0018    (0)   :  0.052 0.099 0.032 0.003 0.814 
296 QAc-W-0019    (0)   :  0.007 0.010 0.007 0.006 0.970 
297 QAc-W-0020    (0)   :  0.020 0.010 0.004 0.005 0.962 
298 QAc-W-0021    (0)   :  0.069 0.101 0.307 0.013 0.510 
299 QAc-W-0022    (0)   :  0.017 0.523 0.029 0.019 0.412 
300 QAc-W-0023    (6)   :  0.348 0.097 0.041 0.003 0.510 
301 QAc-W-0024    (0)   :  0.013 0.053 0.238 0.034 0.662 
302 QAc-W-0025    (0)   :  0.004 0.006 0.004 0.005 0.981 
303 QAc-W-0026    (0)   :  0.037 0.038 0.035 0.060 0.831 
304 QAc-W-0027    (0)   :  0.008 0.011 0.004 0.007 0.970 
305 QAc-W-0028    (0)   :  0.006 0.007 0.003 0.006 0.978 
306 QAc-W-0029    (0)   :  0.013 0.005 0.007 0.004 0.971 
307 QAc-W-0030    (0)   :  0.007 0.005 0.004 0.010 0.974 
308 QAc-W-0031    (0)   :  0.006 0.005 0.056 0.004 0.928 
309 QAc-W-0032    (0)   :  0.005 0.009 0.005 0.003 0.979 
310 QAc-W-0033    (0)   :  0.019 0.049 0.013 0.006 0.914 
311 QAc-W-0034    (0)   :  0.014 0.007 0.005 0.004 0.970 
312 QAc-W-0035    (0)   :  0.011 0.068 0.024 0.033 0.863 
313 QAc-W-0036    (0)   :  0.024 0.007 0.003 0.004 0.961 
314 QAc-W-0037    (0)   :  0.008 0.006 0.012 0.015 0.959 
315 QAc-W-0038    (0)   :  0.015 0.014 0.005 0.016 0.950 
316 QAc-W-0039    (0)   :  0.013 0.007 0.009 0.015 0.956 
317 QAc-W-0040    (0)   :  0.015 0.215 0.010 0.009 0.751 
318 QAc-W-0041    (0)   :  0.024 0.014 0.058 0.012 0.892 
319 QAc-W-0042    (0)   :  0.941 0.006 0.015 0.021 0.017 
320 QAc-W-0043    (0)   :  0.903 0.007 0.012 0.046 0.031 
321 QAc-W-0044    (0)   :  0.902 0.019 0.006 0.027 0.045 
322 QAc-W-0045    (0)   :  0.971 0.005 0.005 0.010 0.008 
323 QAc-W-0046    (0)   :  0.939 0.006 0.016 0.022 0.016 
324 QAc-W-0047    (0)   :  0.946 0.013 0.003 0.018 0.019 
325 QAc-W-0048    (0)   :  0.972 0.006 0.006 0.004 0.011 
326 QAc-W-0049    (0)   :  0.977 0.005 0.007 0.005 0.006 
327 QAc-W-0050    (0)   :  0.915 0.044 0.024 0.010 0.007 
328 QAc-W-0051    (0)   :  0.947 0.009 0.015 0.017 0.012 
329 QAc-W-0052    (0)   :  0.976 0.006 0.004 0.004 0.010 
330 QAc-W-0053    (0)   :  0.975 0.008 0.004 0.004 0.009 
331 QAc-W-0054    (0)   :  0.395 0.357 0.007 0.230 0.011 
332 QAc-W-0055    (0)   :  0.247 0.135 0.066 0.543 0.008 
333 QAc-W-0056    (0)   :  0.414 0.368 0.066 0.022 0.131 
334 QAc-W-0057    (0)   :  0.828 0.039 0.089 0.035 0.009 
335 QAc-W-0058    (0)   :  0.730 0.011 0.239 0.016 0.005 
336 QAc-W-0059    (0)   :  0.982 0.005 0.003 0.005 0.005 
337 QAc-W-0060    (0)   :  0.104 0.054 0.006 0.738 0.098 
338 QAc-W-0061    (0)   :  0.026 0.123 0.013 0.817 0.021 
339 QAc-W-0062    (0)   :  0.048 0.215 0.023 0.702 0.012 
340 QAc-W-0063    (0)   :  0.283 0.193 0.030 0.445 0.048 
341 QAc-W-0064    (0)   :  0.017 0.250 0.017 0.657 0.058 
342 QAc-W-0065    (0)   :  0.023 0.447 0.012 0.485 0.033 
343 QAc-W-0066    (0)   :  0.003 0.003 0.005 0.986 0.004 
344 QAc-W-0067    (0)   :  0.003 0.003 0.004 0.987 0.003 
345 QAc-W-0068    (0)   :  0.003 0.003 0.003 0.988 0.003 
346 QAc-W-0069    (0)   :  0.003 0.003 0.004 0.986 0.004 
347 QAc-W-0070    (0)   :  0.003 0.003 0.003 0.988 0.003 
348 QAc-W-0071    (6)   :  0.006 0.017 0.006 0.967 0.005 
349 QAc-W-0072    (0)   :  0.017 0.794 0.008 0.170 0.010 
350 QAc-W-0073    (0)   :  0.510 0.075 0.016 0.367 0.033 
351 QAc-W-0074    (0)   :  0.011 0.133 0.012 0.826 0.018 
352 QAc-W-0075    (0)   :  0.014 0.027 0.008 0.941 0.010 
353 QAc-W-0076    (0)   :  0.007 0.294 0.012 0.680 0.006 
354 QAc-W-0077    (0)   :  0.150 0.036 0.004 0.787 0.022 
355 QAc-W-0078    (0)   :  0.023 0.215 0.652 0.041 0.069 
356 QAc-W-0079    (6)   :  0.007 0.010 0.942 0.026 0.014 
357 QAc-W-0080   (13)   :  0.007 0.007 0.947 0.005 0.033 
358 QAc-W-0081    (0)   :  0.006 0.005 0.979 0.004 0.007 
359 QAc-W-0082    (0)   :  0.375 0.009 0.604 0.004 0.008 
360 QAc-W-0083    (0)   :  0.018 0.038 0.886 0.038 0.020 
361 QAc-W-0084    (0)   :  0.004 0.004 0.982 0.004 0.006 
362 QAc-W-0085    (0)   :  0.003 0.004 0.984 0.005 0.003 
363 QAc-W-0086    (0)   :  0.005 0.007 0.977 0.006 0.005 
364 QAc-W-0087    (0)   :  0.007 0.010 0.970 0.007 0.007 
365 QAc-W-0088    (0)   :  0.027 0.016 0.947 0.004 0.006 
366 QAc-W-0089    (0)   :  0.004 0.004 0.979 0.007 0.007 
367 QAc-W-0090    (0)   :  0.004 0.004 0.978 0.007 0.007 
368 QAc-W-0091    (0)   :  0.018 0.011 0.960 0.006 0.006 
369 QAc-W-0092    (0)   :  0.153 0.014 0.668 0.008 0.157 
370 QAc-W-0093    (0)   :  0.044 0.091 0.762 0.003 0.100 
371 QAc-W-0094    (0)   :  0.277 0.027 0.610 0.006 0.079 
372 QAc-W-0095    (0)   :  0.030 0.009 0.934 0.006 0.020 
373 QAc-W-0096    (0)   :  0.154 0.044 0.743 0.020 0.039 
374 QAc-W-0097    (0)   :  0.120 0.015 0.746 0.009 0.110 
375 QAc-W-0098    (0)   :  0.007 0.005 0.978 0.003 0.006 
376 QAc-W-0099    (0)   :  0.040 0.104 0.826 0.004 0.025 
377 QAc-W-0100    (0)   :  0.005 0.012 0.975 0.003 0.006 
378 QAc-W-0101    (0)   :  0.004 0.011 0.941 0.036 0.007 
379 QAc-W-0104    (0)   :  0.016 0.027 0.943 0.004 0.010 
380 QAc-W-0105    (0)   :  0.005 0.005 0.977 0.005 0.008 
381 QAc-W-0106    (0)   :  0.015 0.016 0.945 0.005 0.019 
382 QAc-W-0107    (0)   :  0.004 0.005 0.981 0.006 0.004 
383 QAc-W-0108    (0)   :  0.003 0.004 0.983 0.007 0.003 
384 QAc-W-0109    (0)   :  0.012 0.006 0.950 0.021 0.011 
385 QAc-W-0110   (13)   :  0.008 0.031 0.332 0.009 0.620 
386 QAc-W-0111    (6)   :  0.005 0.005 0.976 0.006 0.008 
387 QAc-W-0112   (13)   :  0.013 0.017 0.952 0.004 0.014 
388 QAc-W-0113   (13)   :  0.006 0.971 0.007 0.004 0.012 
389 QAc-W-0114   (13)   :  0.018 0.952 0.019 0.005 0.006 
390 QAc-W-0115    (0)   :  0.004 0.974 0.006 0.006 0.011 
391 QAc-W-0116    (0)   :  0.018 0.961 0.005 0.002 0.013 
392 QAc-W-0117    (0)   :  0.005 0.982 0.003 0.004 0.006 
393 QAc-W-0118    (0)   :  0.005 0.956 0.016 0.017 0.005 
394 QAc-W-0119    (0)   :  0.006 0.977 0.004 0.007 0.006 
395 QAc-W-0120    (0)   :  0.007 0.966 0.006 0.011 0.011 
396 QAc-W-0121    (0)   :  0.008 0.950 0.003 0.031 0.008 
397 QAc-W-0122    (0)   :  0.009 0.974 0.005 0.004 0.009 
398 QAc-W-0123    (6)   :  0.011 0.967 0.008 0.006 0.007 
399 QAc-W-0124    (0)   :  0.007 0.878 0.033 0.036 0.045 
400 QAc-W-0125    (0)   :  0.008 0.962 0.015 0.009 0.006 
401 QAc-W-0126   (13)   :  0.013 0.948 0.021 0.009 0.010 
402 QAc-W-0127    (6)   :  0.007 0.975 0.004 0.005 0.008 
403 QAc-W-0128   (13)   :  0.007 0.939 0.030 0.012 0.012 
404 QAc-W-0129   (13)   :  0.011 0.943 0.006 0.006 0.035 
405 QAc-W-0130   (13)   :  0.006 0.955 0.008 0.006 0.026 
406 QAc-W-0131    (0)   :  0.015 0.969 0.006 0.004 0.006 
407 QAc-W-0132    (6)   :  0.009 0.898 0.018 0.043 0.033 
408 QAc-W-0133    (6)   :  0.014 0.747 0.085 0.147 0.006 
409 QAc-W-0134    (0)   :  0.009 0.976 0.005 0.005 0.005 
410 QAc-W-0135    (0)   :  0.006 0.903 0.006 0.014 0.071 
411 QAc-W-0136    (0)   :  0.006 0.979 0.004 0.004 0.007 
412 QAc-W-0137    (0)   :  0.005 0.983 0.003 0.004 0.005 
413 QAc-W-0138    (0)   :  0.005 0.982 0.003 0.004 0.007 
414 QAc-W-0139    (0)   :  0.010 0.897 0.034 0.017 0.041 
415 QAc-W-0140    (0)   :  0.014 0.958 0.004 0.006 0.018 
416 QAc-W-0141    (6)   :  0.013 0.883 0.007 0.020 0.078 
417 QAc-W-0142    (0)   :  0.005 0.977 0.004 0.009 0.005 
418 QAc-W-0143    (0)   :  0.007 0.974 0.008 0.004 0.006 
419 QAc-W-0144    (0)   :  0.046 0.937 0.006 0.003 0.008 
420 QAc-W-0145    (0)   :  0.005 0.983 0.004 0.004 0.005 
421 QAc-W-0146    (0)   :  0.006 0.951 0.007 0.005 0.031 
422 QAc-W-0147    (0)   :  0.004 0.982 0.005 0.004 0.005 
423 QAc-W-0148    (0)   :  0.006 0.974 0.004 0.006 0.011 
424 QAc-W-0149    (0)   :  0.030 0.946 0.010 0.004 0.009 
425 QAc-W-0150    (0)   :  0.009 0.892 0.020 0.007 0.072 
426 QAc-W-0151    (0)   :  0.007 0.967 0.006 0.006 0.014 
427 QAc-W-0152    (0)   :  0.006 0.975 0.004 0.007 0.007 
428 QAc-W-0153    (0)   :  0.029 0.759 0.082 0.017 0.114 
429 QAc-W-0154    (0)   :  0.004 0.972 0.004 0.004 0.016 
430 QAc-W-0155    (0)   :  0.004 0.981 0.003 0.004 0.007 
431 QAc-W-0156    (0)   :  0.008 0.850 0.076 0.004 0.061 
432 QAc-W-0157    (0)   :  0.023 0.951 0.003 0.010 0.012 
433 QAc-W-0158    (0)   :  0.005 0.885 0.028 0.020 0.062 
434 QAc-W-0159    (0)   :  0.007 0.975 0.005 0.005 0.008 
435 QAc-W-0160    (0)   :  0.005 0.956 0.006 0.005 0.029 
436 QAc-W-0161    (0)   :  0.039 0.902 0.003 0.004 0.052 
437 QAc-W-0162    (0)   :  0.038 0.920 0.004 0.034 0.004 
438 QAc-W-0163    (0)   :  0.022 0.961 0.004 0.005 0.008 
439 QAc-W-0164    (0)   :  0.007 0.978 0.005 0.006 0.005 
440 QAc-W-0165    (0)   :  0.007 0.964 0.003 0.020 0.006 
441 QAc-W-0166    (0)   :  0.007 0.961 0.005 0.006 0.021 
442 QAc-W-0167    (0)   :  0.212 0.710 0.057 0.007 0.014 
443 QAc-W-0168    (0)   :  0.112 0.688 0.016 0.148 0.036 
444 QAc-W-0169    (0)   :  0.419 0.293 0.004 0.013 0.272 
445 QAc-W-0170    (0)   :  0.350 0.538 0.018 0.006 0.089 
446 QAc-W-0171    (0)   :  0.250 0.685 0.038 0.006 0.020 
447 QAc-W-0172    (0)   :  0.284 0.625 0.015 0.002 0.073 
448 QAc-W-0173    (0)   :  0.132 0.700 0.009 0.004 0.155 
449 QAc-W-0174    (0)   :  0.026 0.907 0.014 0.031 0.022 


Estimated Allele Frequencies in each cluster
First column gives estimated ancestral frequencies


Locus 1 : 
21 alleles
0.4% missing data
 210   (0.107) 0.165 0.150 0.216 0.002 0.044 
 212   (0.102) 0.028 0.095 0.221 0.208 0.188 
 202   (0.068) 0.120 0.023 0.137 0.001 0.054 
 226   (0.053) 0.089 0.009 0.112 0.180 0.002 
 216   (0.081) 0.138 0.084 0.094 0.002 0.010 
 200   (0.202) 0.197 0.222 0.128 0.382 0.501 
 224   (0.032) 0.003 0.008 0.002 0.144 0.081 
 218   (0.053) 0.004 0.115 0.057 0.001 0.028 
 222   (0.029) 0.005 0.140 0.001 0.000 0.002 
 228   (0.015) 0.001 0.003 0.000 0.062 0.000 
 214   (0.052) 0.114 0.058 0.001 0.015 0.002 
 208   (0.053) 0.034 0.022 0.029 0.001 0.074 
 220   (0.023) 0.005 0.022 0.000 0.000 0.004 
 206   (0.034) 0.038 0.023 0.001 0.001 0.003 
 196   (0.012) 0.001 0.007 0.000 0.000 0.000 
 238   (0.011) 0.001 0.007 0.000 0.000 0.000 
 121   (0.012) 0.001 0.001 0.000 0.000 0.005 
 204   (0.017) 0.016 0.002 0.000 0.000 0.001 
 190   (0.016) 0.001 0.007 0.000 0.000 0.000 
 198   (0.013) 0.006 0.001 0.000 0.000 0.000 
 232   (0.015) 0.031 0.002 0.000 0.000 0.000 

Locus 2 : 
16 alleles
1.6% missing data
 171   (0.160) 0.442 0.084 0.155 0.002 0.335 
 175   (0.095) 0.086 0.033 0.242 0.124 0.037 
 185   (0.065) 0.007 0.180 0.142 0.002 0.009 
 181   (0.087) 0.055 0.018 0.347 0.343 0.103 
 179   (0.103) 0.129 0.239 0.002 0.107 0.009 
 173   (0.181) 0.127 0.169 0.064 0.327 0.329 
 177   (0.042) 0.011 0.054 0.001 0.092 0.001 
 183   (0.065) 0.071 0.086 0.021 0.001 0.002 
 187   (0.069) 0.046 0.081 0.001 0.001 0.073 
 189   (0.034) 0.003 0.023 0.001 0.000 0.097 
 191   (0.025) 0.015 0.003 0.024 0.000 0.001 
 163   (0.015) 0.001 0.007 0.000 0.000 0.000 
 165   (0.014) 0.001 0.007 0.000 0.000 0.000 
 193   (0.015) 0.002 0.006 0.000 0.000 0.001 
 169   (0.015) 0.001 0.007 0.000 0.000 0.000 
 167   (0.015) 0.002 0.005 0.000 0.000 0.001 

Locus 3 : 
7 alleles
2.4% missing data
 206   (0.821) 0.934 0.920 0.982 0.984 0.927 
 208   (0.057) 0.019 0.042 0.002 0.001 0.068 
 198   (0.017) 0.001 0.002 0.006 0.000 0.001 
 204   (0.049) 0.031 0.015 0.009 0.013 0.002 
 218   (0.021) 0.008 0.006 0.000 0.000 0.001 
 230   (0.017) 0.005 0.002 0.000 0.000 0.001 
 212   (0.018) 0.001 0.012 0.000 0.000 0.001 

Locus 4 : 
15 alleles
3.6% missing data
 165   (0.096) 0.035 0.038 0.596 0.085 0.125 
 173   (0.036) 0.014 0.009 0.328 0.000 0.001 
 163   (0.155) 0.187 0.308 0.007 0.007 0.104 
 167   (0.150) 0.238 0.154 0.024 0.002 0.192 
 161   (0.308) 0.410 0.372 0.013 0.885 0.519 
 153   (0.015) 0.001 0.002 0.000 0.000 0.010 
 171   (0.042) 0.037 0.023 0.007 0.001 0.002 
 179   (0.016) 0.002 0.004 0.000 0.000 0.003 
 157   (0.033) 0.021 0.006 0.001 0.001 0.036 
 149   (0.015) 0.005 0.002 0.000 0.000 0.000 
 177   (0.039) 0.007 0.027 0.017 0.001 0.002 
 155   (0.016) 0.001 0.012 0.000 0.000 0.002 
 175   (0.016) 0.010 0.002 0.000 0.000 0.001 
 169   (0.032) 0.030 0.008 0.005 0.000 0.001 
 159   (0.030) 0.003 0.033 0.001 0.017 0.001 

Locus 5 : 
16 alleles
0.0% missing data
 148   (0.101) 0.026 0.084 0.391 0.370 0.127 
 160   (0.029) 0.030 0.004 0.078 0.000 0.002 
 146   (0.099) 0.069 0.050 0.284 0.336 0.043 
 154   (0.059) 0.013 0.180 0.003 0.031 0.005 
 150   (0.050) 0.077 0.014 0.001 0.010 0.065 
 138   (0.124) 0.091 0.219 0.096 0.005 0.078 
 166   (0.034) 0.190 0.004 0.001 0.000 0.015 
 164   (0.027) 0.024 0.011 0.000 0.000 0.001 
 142   (0.029) 0.025 0.015 0.001 0.001 0.001 
 144   (0.141) 0.229 0.128 0.014 0.204 0.261 
 140   (0.086) 0.095 0.146 0.002 0.001 0.192 
 158   (0.056) 0.035 0.024 0.048 0.001 0.020 
 162   (0.035) 0.009 0.019 0.068 0.000 0.003 
 152   (0.084) 0.040 0.094 0.002 0.039 0.186 
 134   (0.019) 0.031 0.003 0.000 0.000 0.001 
 156   (0.028) 0.016 0.005 0.010 0.000 0.001 

Locus 6 : 
12 alleles
0.0% missing data
 225   (0.045) 0.003 0.026 0.108 0.195 0.002 
 239   (0.121) 0.124 0.043 0.034 0.487 0.079 
 229   (0.023) 0.002 0.002 0.328 0.000 0.005 
 235   (0.270) 0.106 0.390 0.406 0.266 0.307 
 237   (0.175) 0.146 0.245 0.008 0.038 0.281 
 233   (0.106) 0.146 0.028 0.044 0.009 0.262 
 227   (0.024) 0.328 0.003 0.000 0.000 0.001 
 245   (0.066) 0.039 0.080 0.001 0.001 0.024 
 241   (0.070) 0.075 0.060 0.068 0.002 0.003 
 231   (0.040) 0.024 0.079 0.001 0.000 0.001 
 243   (0.044) 0.007 0.038 0.001 0.001 0.035 
 251   (0.015) 0.001 0.007 0.000 0.000 0.000 

Locus 7 : 
7 alleles
0.0% missing data
 118   (0.817) 0.792 0.970 0.961 0.982 0.864 
 124   (0.046) 0.135 0.005 0.001 0.001 0.124 
 116   (0.022) 0.041 0.002 0.001 0.001 0.001 
 114   (0.055) 0.016 0.015 0.025 0.005 0.009 
 122   (0.020) 0.010 0.003 0.000 0.000 0.001 
 112   (0.024) 0.006 0.003 0.012 0.000 0.001 
 120   (0.015) 0.001 0.002 0.000 0.012 0.000 

Locus 8 : 
5 alleles
0.4% missing data
 135   (0.061) 0.005 0.047 0.016 0.006 0.104 
 139   (0.703) 0.811 0.686 0.901 0.960 0.793 
 137   (0.190) 0.181 0.180 0.082 0.034 0.102 
 143   (0.024) 0.002 0.058 0.000 0.000 0.001 
 141   (0.022) 0.002 0.029 0.001 0.000 0.001 

Locus 9 : 
15 alleles
1.6% missing data
 116   (0.214) 0.061 0.326 0.371 0.182 0.476 
 112   (0.116) 0.033 0.157 0.076 0.070 0.045 
 118   (0.124) 0.084 0.147 0.516 0.002 0.029 
 122   (0.053) 0.358 0.009 0.001 0.542 0.003 
 114   (0.179) 0.133 0.233 0.025 0.134 0.258 
 120   (0.065) 0.091 0.029 0.001 0.001 0.083 
 130   (0.037) 0.071 0.004 0.001 0.000 0.080 
 124   (0.055) 0.041 0.048 0.001 0.066 0.002 
 110   (0.015) 0.001 0.006 0.000 0.000 0.001 
 134   (0.015) 0.002 0.006 0.000 0.000 0.001 
 128   (0.038) 0.048 0.011 0.001 0.000 0.011 
 126   (0.039) 0.068 0.008 0.001 0.001 0.010 
 108   (0.017) 0.003 0.010 0.000 0.000 0.001 
 106   (0.015) 0.004 0.003 0.000 0.001 0.001 
 138   (0.017) 0.001 0.002 0.005 0.000 0.001 

Locus 10 : 
8 alleles
0.0% missing data
 232   (0.765) 0.718 0.847 0.974 0.996 0.925 
 238   (0.101) 0.231 0.126 0.002 0.001 0.031 
 220   (0.018) 0.001 0.002 0.000 0.000 0.030 
 226   (0.017) 0.001 0.002 0.011 0.000 0.001 
 234   (0.026) 0.003 0.011 0.000 0.000 0.011 
 240   (0.018) 0.011 0.002 0.000 0.000 0.001 
 236   (0.021) 0.013 0.004 0.001 0.001 0.001 
 244   (0.033) 0.020 0.006 0.011 0.000 0.001 

Locus 11 : 
9 alleles
0.0% missing data
 165   (0.713) 0.824 0.821 0.862 0.762 0.812 
 167   (0.101) 0.056 0.091 0.127 0.235 0.007 
 161   (0.088) 0.108 0.052 0.008 0.001 0.176 
 153   (0.016) 0.001 0.004 0.002 0.000 0.002 
 169   (0.016) 0.004 0.002 0.000 0.002 0.001 
 155   (0.016) 0.001 0.007 0.000 0.000 0.000 
 173   (0.016) 0.002 0.006 0.000 0.000 0.001 
 163   (0.018) 0.001 0.013 0.000 0.000 0.001 
 171   (0.015) 0.002 0.005 0.000 0.000 0.001 

Locus 12 : 
9 alleles
0.0% missing data
 137   (0.504) 0.628 0.715 0.296 0.439 0.330 
 140   (0.144) 0.067 0.092 0.348 0.011 0.418 
 134   (0.238) 0.271 0.137 0.351 0.549 0.244 
 149   (0.016) 0.001 0.007 0.000 0.000 0.000 
 131   (0.015) 0.001 0.004 0.003 0.000 0.001 
 143   (0.019) 0.021 0.002 0.000 0.000 0.001 
 128   (0.015) 0.006 0.002 0.000 0.000 0.001 
 125   (0.026) 0.002 0.020 0.000 0.000 0.005 
 146   (0.022) 0.004 0.021 0.000 0.000 0.001 

Locus 13 : 
20 alleles
0.2% missing data
 206   (0.144) 0.114 0.167 0.422 0.030 0.136 
 210   (0.066) 0.006 0.042 0.272 0.356 0.150 
 190   (0.050) 0.008 0.132 0.001 0.001 0.046 
 202   (0.090) 0.290 0.044 0.068 0.001 0.055 
 214   (0.031) 0.006 0.004 0.001 0.170 0.033 
 212   (0.043) 0.003 0.173 0.001 0.135 0.003 
 192   (0.084) 0.116 0.050 0.027 0.001 0.246 
 204   (0.049) 0.044 0.032 0.001 0.005 0.022 
 184   (0.061) 0.005 0.090 0.086 0.003 0.056 
 216   (0.018) 0.001 0.002 0.000 0.001 0.118 
 208   (0.045) 0.003 0.046 0.001 0.022 0.088 
 200   (0.081) 0.166 0.052 0.088 0.002 0.017 
 198   (0.036) 0.032 0.053 0.001 0.000 0.001 
 194   (0.080) 0.153 0.047 0.030 0.188 0.007 
 186   (0.021) 0.008 0.003 0.001 0.084 0.001 
 188   (0.022) 0.017 0.004 0.000 0.000 0.003 
 196   (0.033) 0.019 0.044 0.001 0.000 0.001 
 220   (0.014) 0.004 0.003 0.000 0.000 0.000 
 180   (0.015) 0.003 0.010 0.000 0.000 0.001 
 182   (0.015) 0.001 0.002 0.000 0.000 0.015 

Locus 14 : 
8 alleles
1.6% missing data
 139   (0.080) 0.046 0.014 0.201 0.134 0.111 
 145   (0.083) 0.010 0.128 0.111 0.012 0.027 
 151   (0.341) 0.372 0.366 0.568 0.451 0.277 
 157   (0.297) 0.352 0.307 0.096 0.134 0.546 
 154   (0.087) 0.030 0.128 0.002 0.267 0.034 
 163   (0.042) 0.063 0.013 0.020 0.000 0.002 
 142   (0.034) 0.017 0.029 0.002 0.000 0.001 
 160   (0.035) 0.110 0.015 0.001 0.000 0.001 

Locus 15 : 
14 alleles
1.1% missing data
 256   (0.147) 0.142 0.120 0.131 0.162 0.150 
 262   (0.027) 0.011 0.004 0.412 0.000 0.001 
 246   (0.084) 0.084 0.047 0.100 0.001 0.106 
 258   (0.163) 0.255 0.221 0.026 0.002 0.291 
 254   (0.098) 0.130 0.077 0.003 0.183 0.061 
 250   (0.031) 0.004 0.026 0.001 0.547 0.001 
 242   (0.109) 0.067 0.166 0.188 0.087 0.010 
 252   (0.083) 0.055 0.052 0.127 0.006 0.074 
 248   (0.135) 0.219 0.208 0.004 0.010 0.199 
 260   (0.051) 0.022 0.019 0.005 0.001 0.107 
 264   (0.015) 0.001 0.013 0.000 0.000 0.000 
 244   (0.025) 0.003 0.038 0.002 0.000 0.001 
 276   (0.016) 0.001 0.007 0.000 0.000 0.000 
 240   (0.015) 0.006 0.002 0.000 0.000 0.000 

Values of parameters used in structure:
DATAFILE=C:\Users\eschumacher\Documents\GitHub\GCC_QUAC_ZAIN\Data_Files\Structure_Files\QUAC\QUAC_wK_nopopinfo_garden_wild\QUAC_wK_nopopinfo_STR\project_data,	OUTFILE=C:\Users\eschumacher\Documents\GitHub\GCC_QUAC_ZAIN\Data_Files\Structure_Files\QUAC\QUAC_wK_nopopinfo_garden_wild\QUAC_wK_nopopinfo_STR\50-50\Results\50-50_run_24,	NUMINDS=449,	NUMLOCI=15,	MISSING=-9,	LABEL=1,	POPDATA=0,	POPFLAG=0,	PHENOTYPE=0,	EXTRACOLS=0,	MAXPOPS=5,	BURNIN=50000,	NUMREPS=50000,	USEPOPINFO=0,	INFERALPHA=1,	INFERLAMBDA=0,	POPSPECIFICLAMBDA=0,	POPALPHAS=0,	COMPUTEPROB=1,	NOADMIX=0,	ADMBURNIN=2500,	UPDATEFREQ=1,	PRINTLIKES=0,	INTERMEDSAVE=0,	PRINTKLD=0,	PRINTNET=0,	PRINTLAMBDA=0,	ANCESTDIST=0,	NUMBOXES=1000,	ANCESTPINT=0.90000,	GENSBACK=2,	MIGRPRIOR=0.05000,	PRINTQHAT=0,	PRINTQSUM=0,	ALPHA=1.0000,	FREQSCORR=1,	FPRIORMEAN=0.0100,	FPRIORSD=0.0500,	ONEFST=0,	LAMBDA=1.0000,	UNIFPRIORALPHA=1,	ALPHAMAX=10.0000,	ALPHAPRIORA=1.0000,	ALPHAPRIORB=2.0000,	ALPHAPROPSD=0.0250,	STARTATPOPINFO=0,	RANDOMIZE=1,	LINKAGE=0,	METROFREQ=10,	REPORTHITRATE=0,	MARKOVPHASE=-1,	PHASED=0,	PLOIDY=2,	PHASEINFO=0	LOCPRIOR=0, 	LOCPRIORINIT=1.000000, 	LOCDATA=0, 	LOCISPOP=0, 	LOCPRIORSTEP=0.100000, 	MAXLOCPRIOR=20.000000, 	SEED=1670280461,	
[STRAT parameters]:    NUMSIMSTATS=1000,	PHENOTYPECOL=-9,	POOLFREQ=10,	LOCUSxONLY=0,	EMERROR=0.00100,	MISSINGPHENO=-9,	