

----------------------------------------------------
STRUCTURE by Pritchard, Stephens and Donnelly (2000)
     and Falush, Stephens and Pritchard (2003)
       Code by Pritchard, Falush and Hubisz
             Version 2.3.4 (Jul 2012)
----------------------------------------------------



Command line arguments:   bin\structure -m C:\Users\eschumacher\Documents\GitHub\GCC_QUAC_ZAIN\Data_Files\Structure_Files\QUAC\QUAC_wK_nopopinfo_garden_wild\QUAC_wK_nopopinfo_STR\50-50\mainparams -e C:\Users\eschumacher\Documents\GitHub\GCC_QUAC_ZAIN\Data_Files\Structure_Files\QUAC\QUAC_wK_nopopinfo_garden_wild\QUAC_wK_nopopinfo_STR\50-50\extraparams 
Input File:    C:\Users\eschumacher\Documents\GitHub\GCC_QUAC_ZAIN\Data_Files\Structure_Files\QUAC\QUAC_wK_nopopinfo_garden_wild\QUAC_wK_nopopinfo_STR\project_data

Run parameters:
   449 individuals
   15 loci
   10 populations assumed
   50000 Burn-in period
   50000 Reps


--------------------------------------------
Overall proportion of membership of the
sample in each of the 10 clusters

Inferred Clusters
  1      2      3      4      5      6      7      8      9     10    
0.063  0.194  0.123  0.075  0.059  0.121  0.057  0.141  0.098  0.070  

--------------------------------------------

Allele-freq. divergence among pops (Net nucleotide distance),
computed using point estimates of P.

      1       2       3       4       5       6       7       8       9      10      
 1      -    0.0959  0.0846  0.1417  0.0594  0.1173  0.0684  0.0944  0.0925  0.1407  
 2   0.0959     -    0.0581  0.1487  0.0315  0.1019  0.0385  0.1119  0.0737  0.1001  
 3   0.0846  0.0581     -    0.1604  0.0298  0.0978  0.0421  0.1293  0.0714  0.1023  
 4   0.1417  0.1487  0.1604     -    0.1175  0.0837  0.1315  0.1925  0.1730  0.2242  
 5   0.0594  0.0315  0.0298  0.1175     -    0.0667  0.0095  0.0946  0.0377  0.0823  
 6   0.1173  0.1019  0.0978  0.0837  0.0667     -    0.0799  0.1418  0.1275  0.1581  
 7   0.0684  0.0385  0.0421  0.1315  0.0095  0.0799     -    0.1171  0.0478  0.0925  
 8   0.0944  0.1119  0.1293  0.1925  0.0946  0.1418  0.1171     -    0.1311  0.1673  
 9   0.0925  0.0737  0.0714  0.1730  0.0377  0.1275  0.0478  0.1311     -    0.1060  
10   0.1407  0.1001  0.1023  0.2242  0.0823  0.1581  0.0925  0.1673  0.1060     -    

Average distances (expected heterozygosity) between individuals in same cluster:
cluster  1  : 0.5100 
cluster  2  : 0.5589 
cluster  3  : 0.5530 
cluster  4  : 0.3915 
cluster  5  : 0.6963 
cluster  6  : 0.5001 
cluster  7  : 0.6446 
cluster  8  : 0.3993 
cluster  9  : 0.6069 
cluster 10  : 0.4641 

--------------------------------------------
Estimated Ln Prob of Data   = -15772.7
Mean value of ln likelihood = -15272.1
Variance of ln likelihood   = 1001.2
Mean value of alpha         = 0.0330

Mean value of Fst_1         = 0.2681
Mean value of Fst_2         = 0.1648
Mean value of Fst_3         = 0.1455
Mean value of Fst_4         = 0.5491
Mean value of Fst_5         = 0.0001
Mean value of Fst_6         = 0.2595
Mean value of Fst_7         = 0.0751
Mean value of Fst_8         = 0.4979
Mean value of Fst_9         = 0.1043
Mean value of Fst_10         = 0.4168


Inferred ancestry of individuals:
        Label (%Miss) :  Inferred clusters
  1 QAc-G-0029    (0)   :  0.009 0.066 0.019 0.626 0.041 0.191 0.012 0.025 0.004 0.006 
  2 QAc-G-0030    (0)   :  0.002 0.002 0.002 0.979 0.002 0.003 0.002 0.002 0.002 0.002 
  3 QAc-G-0031    (0)   :  0.004 0.002 0.003 0.972 0.002 0.006 0.003 0.004 0.002 0.002 
  4 QAc-G-0061    (0)   :  0.003 0.005 0.005 0.134 0.003 0.838 0.003 0.003 0.002 0.004 
  5 QAc-G-0062    (0)   :  0.299 0.005 0.100 0.005 0.059 0.005 0.061 0.029 0.006 0.429 
  6 QAc-G-0063    (0)   :  0.120 0.083 0.028 0.005 0.061 0.004 0.113 0.566 0.008 0.011 
  7 QAc-G-0064    (0)   :  0.005 0.005 0.004 0.002 0.003 0.003 0.003 0.005 0.003 0.966 
  8 QAc-G-0065    (0)   :  0.002 0.003 0.002 0.007 0.003 0.002 0.003 0.002 0.004 0.972 
  9 QAc-G-0066    (0)   :  0.005 0.004 0.003 0.004 0.003 0.004 0.003 0.971 0.002 0.002 
 10 QAc-G-0067    (0)   :  0.003 0.003 0.003 0.005 0.003 0.009 0.003 0.003 0.004 0.964 
 11 QAc-G-0068    (0)   :  0.004 0.003 0.011 0.003 0.106 0.004 0.146 0.576 0.143 0.005 
 12 QAc-G-0070    (0)   :  0.103 0.010 0.320 0.004 0.017 0.005 0.009 0.518 0.006 0.008 
 13 QAc-G-0071   (13)   :  0.045 0.004 0.006 0.018 0.006 0.011 0.008 0.893 0.007 0.003 
 14 QAc-G-0072    (0)   :  0.003 0.004 0.004 0.003 0.003 0.003 0.004 0.970 0.002 0.003 
 15 QAc-G-0073    (0)   :  0.003 0.968 0.004 0.003 0.004 0.005 0.005 0.003 0.003 0.003 
 16 QAc-G-0074    (0)   :  0.089 0.654 0.036 0.004 0.029 0.004 0.023 0.146 0.009 0.005 
 17 QAc-G-0075    (0)   :  0.009 0.876 0.005 0.014 0.018 0.005 0.043 0.014 0.008 0.006 
 18 QAc-G-0076    (0)   :  0.004 0.913 0.010 0.006 0.030 0.009 0.006 0.009 0.005 0.006 
 19 QAc-G-0077    (0)   :  0.006 0.006 0.003 0.129 0.004 0.830 0.003 0.008 0.004 0.007 
 20 QAc-G-0078    (0)   :  0.003 0.002 0.002 0.980 0.002 0.003 0.002 0.002 0.002 0.002 
 21 QAc-G-0079    (0)   :  0.003 0.003 0.002 0.977 0.002 0.003 0.002 0.003 0.003 0.002 
 22 QAc-G-0080    (0)   :  0.014 0.038 0.004 0.003 0.050 0.673 0.194 0.005 0.007 0.013 
 23 QAc-G-0081    (0)   :  0.033 0.017 0.175 0.007 0.370 0.006 0.374 0.005 0.009 0.004 
 24 QAc-G-0082    (0)   :  0.006 0.009 0.021 0.002 0.180 0.004 0.768 0.002 0.006 0.002 
 25 QAc-G-0083    (0)   :  0.894 0.029 0.011 0.009 0.009 0.013 0.006 0.011 0.005 0.011 
 26 QAc-G-0001   (13)   :  0.003 0.003 0.002 0.973 0.003 0.005 0.002 0.004 0.003 0.002 
 27 QAc-G-0002    (0)   :  0.002 0.002 0.002 0.977 0.002 0.005 0.002 0.003 0.002 0.002 
 28 QAc-G-0285    (0)   :  0.938 0.005 0.007 0.006 0.005 0.006 0.005 0.015 0.008 0.004 
 29 QAc-G-0286    (0)   :  0.005 0.003 0.003 0.003 0.002 0.003 0.002 0.973 0.003 0.003 
 30 QAc-G-0287    (0)   :  0.004 0.003 0.002 0.003 0.002 0.003 0.002 0.977 0.002 0.002 
 31 QAc-G-0288    (6)   :  0.007 0.015 0.039 0.023 0.013 0.024 0.009 0.853 0.007 0.008 
 32 QAc-G-0289    (0)   :  0.003 0.003 0.003 0.002 0.003 0.004 0.002 0.973 0.003 0.003 
 33 QAc-G-0290    (0)   :  0.004 0.004 0.003 0.003 0.003 0.003 0.003 0.969 0.003 0.006 
 34 QAc-G-0291    (0)   :  0.020 0.006 0.002 0.035 0.004 0.020 0.004 0.904 0.003 0.003 
 35 QAc-G-0292    (0)   :  0.718 0.004 0.009 0.003 0.007 0.004 0.006 0.240 0.005 0.003 
 36 QAc-G-0293    (0)   :  0.485 0.003 0.002 0.013 0.003 0.005 0.003 0.481 0.003 0.002 
 37 QAc-G-0294    (0)   :  0.004 0.890 0.006 0.008 0.018 0.006 0.046 0.003 0.014 0.006 
 38 QAc-G-0295    (0)   :  0.010 0.933 0.004 0.007 0.006 0.009 0.009 0.012 0.004 0.005 
 39 QAc-G-0296    (0)   :  0.005 0.958 0.004 0.002 0.003 0.004 0.004 0.006 0.004 0.009 
 40 QAc-G-0297    (0)   :  0.003 0.233 0.008 0.003 0.370 0.003 0.349 0.002 0.025 0.004 
 41 QAc-G-0298    (6)   :  0.005 0.962 0.003 0.005 0.005 0.004 0.005 0.003 0.003 0.004 
 42 QAc-G-0299    (0)   :  0.005 0.956 0.004 0.004 0.005 0.004 0.006 0.008 0.006 0.003 
 43 QAc-G-0300    (0)   :  0.003 0.942 0.010 0.002 0.005 0.003 0.006 0.003 0.004 0.019 
 44 QAc-G-0301    (0)   :  0.006 0.873 0.004 0.006 0.007 0.005 0.005 0.011 0.004 0.079 
 45 QAc-G-0302    (0)   :  0.005 0.009 0.005 0.003 0.015 0.004 0.066 0.005 0.884 0.003 
 46 QAc-G-0303    (0)   :  0.009 0.009 0.036 0.003 0.043 0.007 0.015 0.003 0.869 0.006 
 47 QAc-G-0304    (0)   :  0.006 0.003 0.003 0.003 0.003 0.003 0.002 0.972 0.002 0.002 
 48 QAc-G-0305    (0)   :  0.175 0.005 0.033 0.031 0.033 0.031 0.109 0.543 0.037 0.003 
 49 QAc-G-0306    (0)   :  0.005 0.002 0.003 0.003 0.003 0.004 0.003 0.974 0.002 0.002 
 50 QAc-G-0307    (0)   :  0.020 0.008 0.036 0.060 0.020 0.809 0.026 0.004 0.011 0.005 
 51 QAc-G-0308    (0)   :  0.007 0.009 0.006 0.004 0.005 0.947 0.004 0.008 0.007 0.003 
 52 QAc-G-0309    (0)   :  0.004 0.003 0.003 0.953 0.014 0.006 0.007 0.003 0.003 0.002 
 53 QAc-G-0310    (0)   :  0.003 0.003 0.003 0.973 0.003 0.005 0.003 0.003 0.002 0.003 
 54 QAc-G-0311    (0)   :  0.002 0.002 0.002 0.005 0.002 0.977 0.002 0.003 0.002 0.002 
 55 QAc-G-0312    (0)   :  0.006 0.079 0.059 0.006 0.139 0.568 0.054 0.006 0.071 0.012 
 56 QAc-G-0313    (0)   :  0.031 0.014 0.057 0.020 0.802 0.005 0.055 0.007 0.005 0.005 
 57 QAc-G-0314    (0)   :  0.003 0.120 0.082 0.008 0.605 0.011 0.142 0.004 0.018 0.007 
 58 QAc-G-0315    (0)   :  0.005 0.009 0.011 0.004 0.923 0.004 0.021 0.007 0.011 0.005 
 59 QAc-G-0316    (0)   :  0.007 0.006 0.081 0.038 0.252 0.014 0.582 0.011 0.004 0.006 
 60 QAc-G-0032    (6)   :  0.003 0.009 0.008 0.009 0.257 0.005 0.166 0.007 0.405 0.130 
 61 QAc-G-0033    (0)   :  0.003 0.955 0.006 0.006 0.004 0.004 0.005 0.004 0.005 0.008 
 62 QAc-G-0034    (0)   :  0.004 0.903 0.015 0.023 0.009 0.022 0.005 0.004 0.008 0.007 
 63 QAc-G-0035    (0)   :  0.007 0.947 0.005 0.003 0.007 0.005 0.007 0.006 0.005 0.009 
 64 QAc-G-0036    (0)   :  0.014 0.922 0.014 0.005 0.010 0.005 0.008 0.013 0.004 0.005 
 65 QAc-G-0037    (0)   :  0.005 0.943 0.003 0.006 0.005 0.013 0.006 0.013 0.002 0.005 
 66 QAc-G-0038    (0)   :  0.002 0.973 0.005 0.002 0.003 0.002 0.005 0.003 0.003 0.003 
 67 QAc-G-0039    (0)   :  0.004 0.870 0.019 0.011 0.021 0.029 0.024 0.005 0.012 0.005 
 68 QAc-G-0040    (0)   :  0.009 0.839 0.059 0.005 0.013 0.006 0.005 0.054 0.006 0.003 
 69 QAc-G-0041    (0)   :  0.017 0.912 0.022 0.003 0.005 0.003 0.005 0.003 0.003 0.026 
 70 QAc-G-0042    (0)   :  0.004 0.959 0.005 0.002 0.004 0.004 0.004 0.007 0.006 0.005 
 71 QAc-G-0043    (0)   :  0.003 0.963 0.004 0.004 0.004 0.008 0.004 0.005 0.003 0.002 
 72 QAc-G-0044    (0)   :  0.005 0.909 0.006 0.004 0.011 0.003 0.011 0.008 0.016 0.028 
 73 QAc-G-0045    (0)   :  0.005 0.902 0.008 0.012 0.006 0.035 0.009 0.006 0.006 0.012 
 74 QAc-G-0046    (0)   :  0.005 0.887 0.013 0.041 0.014 0.016 0.014 0.002 0.003 0.004 
 75 QAc-G-0047    (0)   :  0.004 0.893 0.008 0.019 0.013 0.019 0.019 0.005 0.014 0.007 
 76 QAc-G-0048    (0)   :  0.005 0.954 0.007 0.002 0.006 0.003 0.010 0.004 0.003 0.006 
 77 QAc-G-0049    (0)   :  0.003 0.002 0.003 0.971 0.003 0.007 0.002 0.004 0.002 0.002 
 78 QAc-G-0050    (0)   :  0.006 0.004 0.009 0.009 0.861 0.043 0.031 0.014 0.018 0.004 
 79 QAc-G-0051    (0)   :  0.004 0.002 0.002 0.975 0.002 0.005 0.002 0.003 0.002 0.002 
 80 QAc-G-0052    (0)   :  0.003 0.006 0.006 0.007 0.006 0.950 0.006 0.004 0.003 0.009 
 81 QAc-G-0053    (0)   :  0.005 0.016 0.003 0.013 0.007 0.937 0.006 0.006 0.002 0.004 
 82 QAc-G-0054    (0)   :  0.003 0.012 0.073 0.003 0.331 0.488 0.059 0.004 0.024 0.004 
 83 QAc-G-0055    (0)   :  0.004 0.007 0.007 0.004 0.056 0.609 0.283 0.004 0.023 0.002 
 84 QAc-G-0056    (0)   :  0.005 0.008 0.048 0.004 0.847 0.043 0.017 0.011 0.009 0.008 
 85 QAc-G-0057    (0)   :  0.003 0.003 0.003 0.974 0.003 0.005 0.003 0.003 0.003 0.002 
 86 QAc-G-0058    (6)   :  0.003 0.002 0.002 0.976 0.002 0.004 0.003 0.003 0.002 0.002 
 87 QAc-G-0059    (0)   :  0.003 0.008 0.006 0.005 0.255 0.468 0.244 0.002 0.005 0.003 
 88 QAc-G-0060    (6)   :  0.005 0.006 0.005 0.013 0.037 0.900 0.010 0.011 0.004 0.008 
 89 QAc-G-0276    (0)   :  0.632 0.018 0.005 0.005 0.007 0.012 0.005 0.309 0.004 0.003 
 90 QAc-G-0279    (0)   :  0.004 0.003 0.003 0.005 0.003 0.004 0.003 0.971 0.002 0.002 
 91 QAc-G-0280    (6)   :  0.004 0.007 0.004 0.003 0.004 0.003 0.005 0.963 0.003 0.003 
 92 QAc-G-0281    (0)   :  0.003 0.003 0.003 0.006 0.003 0.969 0.003 0.005 0.003 0.003 
 93 QAc-G-0018    (0)   :  0.005 0.815 0.010 0.021 0.026 0.040 0.049 0.005 0.023 0.006 
 94 QAc-G-0019    (0)   :  0.017 0.874 0.007 0.003 0.006 0.004 0.005 0.010 0.004 0.069 
 95 QAc-G-0020    (0)   :  0.004 0.941 0.004 0.004 0.029 0.005 0.006 0.002 0.003 0.003 
 96 QAc-G-0021    (6)   :  0.003 0.940 0.003 0.011 0.006 0.008 0.008 0.004 0.003 0.015 
 97 QAc-G-0022    (6)   :  0.012 0.625 0.062 0.010 0.048 0.021 0.155 0.004 0.007 0.057 
 98 QAc-G-0023    (0)   :  0.005 0.003 0.003 0.626 0.004 0.347 0.005 0.003 0.003 0.002 
 99 QAc-G-0024    (0)   :  0.002 0.004 0.003 0.969 0.003 0.007 0.004 0.003 0.004 0.003 
100 QAc-G-0016    (0)   :  0.006 0.013 0.015 0.003 0.225 0.351 0.038 0.013 0.330 0.005 
101 QAc-G-0017    (0)   :  0.009 0.007 0.015 0.003 0.035 0.003 0.020 0.006 0.685 0.218 
102 QAc-G-0250    (0)   :  0.215 0.014 0.012 0.006 0.225 0.007 0.305 0.177 0.032 0.007 
103 QAc-G-0003    (6)   :  0.010 0.004 0.005 0.004 0.004 0.005 0.004 0.957 0.003 0.003 
104 QAc-G-0004    (0)   :  0.007 0.038 0.006 0.017 0.037 0.006 0.041 0.003 0.840 0.006 
105 QAc-G-0005    (0)   :  0.002 0.003 0.003 0.003 0.003 0.002 0.002 0.003 0.003 0.975 
106 QAc-G-0006    (6)   :  0.010 0.009 0.010 0.002 0.039 0.004 0.164 0.004 0.755 0.003 
107 QAc-G-0283    (0)   :  0.084 0.006 0.116 0.003 0.211 0.004 0.554 0.004 0.014 0.003 
108 QAc-G-0265    (0)   :  0.206 0.011 0.008 0.426 0.197 0.004 0.133 0.004 0.006 0.004 
109 QAc-G-0266    (0)   :  0.003 0.002 0.002 0.974 0.002 0.007 0.002 0.003 0.002 0.002 
110 QAc-G-0267    (0)   :  0.636 0.200 0.011 0.004 0.010 0.008 0.008 0.004 0.004 0.116 
111 QAc-G-0268   (20)   :  0.007 0.006 0.006 0.003 0.386 0.007 0.020 0.545 0.010 0.010 
112 QAc-G-0269    (0)   :  0.004 0.004 0.002 0.005 0.003 0.003 0.002 0.972 0.002 0.003 
113 QAc-G-0270    (6)   :  0.005 0.954 0.005 0.004 0.004 0.004 0.004 0.006 0.003 0.010 
114 QAc-G-0271    (0)   :  0.006 0.400 0.009 0.004 0.228 0.004 0.179 0.004 0.008 0.158 
115 QAc-G-0272    (6)   :  0.010 0.928 0.007 0.005 0.007 0.007 0.012 0.015 0.007 0.003 
116 QAc-G-0273    (0)   :  0.004 0.003 0.004 0.012 0.003 0.958 0.003 0.004 0.004 0.004 
117 QAc-G-0274    (0)   :  0.002 0.003 0.003 0.002 0.002 0.002 0.002 0.002 0.002 0.978 
118 QAc-G-0251    (6)   :  0.004 0.933 0.007 0.006 0.006 0.005 0.005 0.004 0.014 0.016 
119 QAc-G-0252    (0)   :  0.004 0.940 0.012 0.004 0.007 0.005 0.006 0.005 0.013 0.005 
120 QAc-G-0253    (0)   :  0.005 0.004 0.003 0.014 0.004 0.953 0.005 0.005 0.003 0.003 
121 QAc-G-0254    (0)   :  0.003 0.003 0.003 0.919 0.009 0.041 0.011 0.004 0.004 0.003 
122 QAc-G-0255    (0)   :  0.009 0.012 0.007 0.004 0.024 0.005 0.041 0.004 0.887 0.007 
123 QAc-G-0256    (0)   :  0.007 0.006 0.003 0.003 0.005 0.006 0.007 0.010 0.944 0.007 
124 QAc-G-0257    (0)   :  0.005 0.010 0.046 0.002 0.027 0.021 0.009 0.004 0.829 0.046 
125 QAc-G-0258    (0)   :  0.004 0.005 0.003 0.002 0.012 0.002 0.007 0.003 0.955 0.006 
126 QAc-G-0259    (0)   :  0.002 0.004 0.009 0.002 0.967 0.002 0.004 0.002 0.007 0.002 
127 QAc-G-0260    (0)   :  0.010 0.013 0.029 0.004 0.803 0.010 0.007 0.040 0.031 0.052 
128 QAc-G-0261    (0)   :  0.004 0.008 0.007 0.003 0.154 0.004 0.347 0.004 0.016 0.453 
129 QAc-G-0262    (0)   :  0.021 0.006 0.017 0.004 0.495 0.008 0.230 0.018 0.152 0.049 
130 QAc-G-0010    (0)   :  0.886 0.016 0.008 0.016 0.011 0.008 0.012 0.034 0.004 0.005 
131 QAc-G-0011    (0)   :  0.003 0.007 0.894 0.004 0.026 0.004 0.049 0.004 0.004 0.005 
132 QAc-G-0015    (0)   :  0.010 0.010 0.040 0.431 0.042 0.278 0.071 0.003 0.107 0.008 
133 QAc-G-0106    (0)   :  0.003 0.010 0.006 0.002 0.016 0.003 0.007 0.003 0.928 0.022 
134 QAc-G-0107    (0)   :  0.009 0.003 0.004 0.005 0.012 0.009 0.010 0.005 0.939 0.003 
135 QAc-G-0108    (0)   :  0.004 0.006 0.004 0.002 0.005 0.002 0.004 0.006 0.961 0.005 
136 QAc-G-0109    (0)   :  0.010 0.007 0.025 0.007 0.085 0.016 0.094 0.005 0.720 0.031 
137 QAc-G-0110    (0)   :  0.021 0.031 0.012 0.007 0.027 0.007 0.041 0.057 0.794 0.003 
138 QAc-G-0111    (0)   :  0.024 0.010 0.008 0.006 0.008 0.004 0.039 0.005 0.890 0.005 
139 QAc-G-0112    (0)   :  0.015 0.005 0.003 0.012 0.022 0.006 0.005 0.024 0.904 0.003 
140 QAc-G-0113    (0)   :  0.017 0.006 0.005 0.002 0.029 0.078 0.039 0.009 0.791 0.023 
141 QAc-G-0114    (0)   :  0.011 0.037 0.006 0.014 0.025 0.016 0.013 0.013 0.862 0.003 
142 QAc-G-0115    (0)   :  0.004 0.004 0.004 0.003 0.011 0.005 0.006 0.009 0.949 0.005 
143 QAc-G-0116    (0)   :  0.014 0.004 0.007 0.007 0.009 0.007 0.010 0.012 0.924 0.007 
144 QAc-G-0117    (0)   :  0.028 0.088 0.010 0.005 0.029 0.009 0.647 0.005 0.125 0.053 
145 QAc-G-0118    (0)   :  0.014 0.006 0.011 0.002 0.009 0.002 0.009 0.003 0.922 0.021 
146 QAc-G-0119    (0)   :  0.003 0.017 0.004 0.006 0.027 0.004 0.053 0.002 0.862 0.023 
147 QAc-G-0120    (0)   :  0.007 0.011 0.011 0.005 0.115 0.008 0.028 0.005 0.805 0.005 
148 QAc-G-0121    (0)   :  0.004 0.008 0.002 0.004 0.004 0.003 0.004 0.007 0.007 0.956 
149 QAc-G-0122    (0)   :  0.009 0.009 0.005 0.005 0.005 0.004 0.004 0.036 0.008 0.916 
150 QAc-G-0123    (0)   :  0.002 0.004 0.002 0.002 0.003 0.003 0.002 0.002 0.002 0.978 
151 QAc-G-0124    (6)   :  0.003 0.004 0.004 0.003 0.003 0.003 0.003 0.003 0.004 0.970 
152 QAc-G-0125    (0)   :  0.035 0.006 0.039 0.055 0.225 0.025 0.088 0.010 0.026 0.490 
153 QAc-G-0126    (0)   :  0.005 0.010 0.014 0.003 0.541 0.034 0.047 0.006 0.128 0.211 
154 QAc-G-0127    (0)   :  0.004 0.006 0.009 0.003 0.007 0.006 0.004 0.003 0.009 0.950 
155 QAc-G-0128    (0)   :  0.003 0.003 0.003 0.003 0.003 0.003 0.003 0.005 0.003 0.972 
156 QAc-G-0129    (0)   :  0.002 0.003 0.002 0.002 0.002 0.002 0.002 0.003 0.003 0.978 
157 QAc-G-0130    (0)   :  0.007 0.008 0.016 0.002 0.006 0.003 0.005 0.003 0.042 0.907 
158 QAc-G-0131    (0)   :  0.003 0.006 0.004 0.003 0.003 0.005 0.004 0.004 0.004 0.962 
159 QAc-G-0132    (0)   :  0.017 0.007 0.006 0.020 0.022 0.009 0.021 0.014 0.141 0.743 
160 QAc-G-0133    (0)   :  0.005 0.008 0.003 0.003 0.005 0.004 0.004 0.004 0.004 0.960 
161 QAc-G-0134    (0)   :  0.003 0.004 0.003 0.009 0.003 0.003 0.004 0.004 0.005 0.962 
162 QAc-G-0135    (0)   :  0.004 0.011 0.006 0.007 0.008 0.007 0.007 0.007 0.940 0.003 
163 QAc-G-0136    (0)   :  0.116 0.005 0.013 0.007 0.013 0.006 0.016 0.005 0.812 0.006 
164 QAc-G-0137    (0)   :  0.006 0.010 0.006 0.003 0.014 0.004 0.029 0.004 0.894 0.030 
165 QAc-G-0138    (0)   :  0.032 0.002 0.032 0.005 0.011 0.009 0.021 0.002 0.879 0.007 
166 QAc-G-0139    (0)   :  0.004 0.034 0.006 0.002 0.009 0.003 0.005 0.003 0.909 0.026 
167 QAc-G-0140    (6)   :  0.011 0.032 0.005 0.003 0.012 0.008 0.034 0.006 0.844 0.044 
168 QAc-G-0141    (0)   :  0.013 0.042 0.022 0.004 0.042 0.016 0.747 0.017 0.079 0.019 
169 QAc-G-0142    (0)   :  0.003 0.005 0.004 0.002 0.005 0.002 0.004 0.003 0.970 0.003 
170 QAc-G-0143    (0)   :  0.004 0.005 0.004 0.002 0.963 0.005 0.007 0.005 0.004 0.003 
171 QAc-G-0144    (6)   :  0.015 0.005 0.004 0.004 0.448 0.006 0.050 0.004 0.462 0.002 
172 QAc-G-0145    (0)   :  0.005 0.004 0.003 0.003 0.003 0.002 0.003 0.972 0.003 0.002 
173 QAc-G-0146    (0)   :  0.003 0.003 0.003 0.002 0.003 0.004 0.003 0.003 0.003 0.974 
174 QAc-G-0147    (0)   :  0.033 0.021 0.281 0.003 0.225 0.008 0.066 0.007 0.074 0.282 
175 QAc-G-0148    (0)   :  0.032 0.019 0.007 0.003 0.325 0.004 0.463 0.004 0.135 0.008 
176 QAc-G-0149    (0)   :  0.003 0.005 0.003 0.002 0.003 0.002 0.003 0.003 0.003 0.972 
177 QAc-G-0150    (0)   :  0.004 0.003 0.003 0.004 0.003 0.004 0.003 0.970 0.002 0.003 
178 QAc-G-0151    (0)   :  0.003 0.004 0.003 0.003 0.003 0.003 0.002 0.003 0.003 0.973 
179 QAc-G-0152    (0)   :  0.003 0.005 0.003 0.003 0.003 0.006 0.003 0.002 0.002 0.970 
180 QAc-G-0153    (0)   :  0.062 0.010 0.017 0.002 0.010 0.002 0.016 0.002 0.007 0.873 
181 QAc-G-0154    (0)   :  0.017 0.030 0.004 0.003 0.008 0.003 0.009 0.010 0.024 0.893 
182 QAc-G-0155    (0)   :  0.003 0.005 0.003 0.003 0.003 0.003 0.003 0.003 0.003 0.973 
183 QAc-G-0158    (0)   :  0.003 0.002 0.003 0.003 0.002 0.003 0.002 0.003 0.003 0.976 
184 QAc-G-0159    (0)   :  0.004 0.008 0.010 0.009 0.025 0.006 0.037 0.012 0.879 0.011 
185 QAc-G-0160    (0)   :  0.003 0.002 0.002 0.003 0.002 0.003 0.002 0.978 0.002 0.002 
186 QAc-G-0161    (0)   :  0.003 0.003 0.002 0.003 0.002 0.003 0.002 0.978 0.002 0.002 
187 QAc-G-0162    (0)   :  0.542 0.316 0.008 0.006 0.029 0.006 0.018 0.065 0.005 0.005 
188 QAc-G-0163    (0)   :  0.021 0.065 0.006 0.002 0.026 0.002 0.034 0.824 0.016 0.003 
189 QAc-G-0164    (0)   :  0.003 0.004 0.055 0.004 0.013 0.016 0.005 0.894 0.004 0.002 
190 QAc-G-0165    (0)   :  0.005 0.005 0.004 0.002 0.004 0.003 0.003 0.961 0.004 0.007 
191 QAc-G-0166    (0)   :  0.003 0.005 0.003 0.003 0.003 0.003 0.002 0.973 0.002 0.003 
192 QAc-G-0167    (0)   :  0.003 0.004 0.003 0.004 0.004 0.003 0.004 0.969 0.003 0.003 
193 QAc-G-0168    (0)   :  0.003 0.003 0.002 0.003 0.002 0.003 0.002 0.977 0.002 0.002 
194 QAc-G-0169    (6)   :  0.062 0.005 0.011 0.004 0.662 0.005 0.020 0.181 0.045 0.005 
195 QAc-G-0170    (0)   :  0.006 0.004 0.004 0.004 0.004 0.004 0.004 0.963 0.003 0.005 
196 QAc-G-0171    (0)   :  0.005 0.004 0.003 0.004 0.003 0.003 0.002 0.971 0.002 0.003 
197 QAc-G-0172    (0)   :  0.016 0.007 0.011 0.008 0.049 0.007 0.201 0.014 0.674 0.013 
198 QAc-G-0173    (0)   :  0.518 0.003 0.002 0.010 0.003 0.004 0.003 0.451 0.003 0.002 
199 QAc-G-0174    (0)   :  0.947 0.005 0.003 0.005 0.003 0.004 0.003 0.023 0.004 0.003 
200 QAc-G-0175    (0)   :  0.005 0.003 0.003 0.003 0.002 0.004 0.003 0.972 0.002 0.002 
201 QAc-G-0176    (0)   :  0.006 0.151 0.004 0.003 0.013 0.011 0.008 0.797 0.004 0.004 
202 QAc-G-0177    (0)   :  0.006 0.003 0.003 0.003 0.003 0.004 0.003 0.970 0.003 0.003 
203 QAc-G-0178    (0)   :  0.010 0.003 0.237 0.006 0.013 0.016 0.005 0.692 0.003 0.015 
204 QAc-G-0179    (6)   :  0.006 0.003 0.002 0.003 0.003 0.003 0.002 0.972 0.002 0.002 
205 QAc-G-0180    (0)   :  0.003 0.003 0.003 0.002 0.002 0.003 0.002 0.977 0.002 0.002 
206 QAc-G-0181    (0)   :  0.004 0.008 0.005 0.002 0.004 0.003 0.003 0.964 0.004 0.003 
207 QAc-G-0182    (0)   :  0.536 0.005 0.004 0.002 0.006 0.002 0.004 0.432 0.005 0.004 
208 QAc-G-0183    (6)   :  0.014 0.004 0.004 0.004 0.011 0.007 0.006 0.939 0.008 0.004 
209 QAc-G-0184    (0)   :  0.004 0.003 0.003 0.003 0.003 0.003 0.003 0.974 0.003 0.003 
210 QAc-G-0185    (0)   :  0.060 0.010 0.109 0.004 0.016 0.006 0.011 0.738 0.010 0.037 
211 QAc-G-0186    (0)   :  0.005 0.010 0.005 0.002 0.005 0.002 0.003 0.964 0.003 0.002 
212 QAc-G-0187    (0)   :  0.005 0.015 0.106 0.028 0.032 0.022 0.011 0.771 0.005 0.005 
213 QAc-G-0188    (0)   :  0.011 0.019 0.007 0.002 0.260 0.004 0.153 0.202 0.338 0.005 
214 QAc-G-0189    (0)   :  0.040 0.003 0.006 0.011 0.006 0.011 0.008 0.910 0.004 0.002 
215 QAc-G-0190    (0)   :  0.004 0.003 0.003 0.004 0.003 0.004 0.003 0.969 0.003 0.004 
216 QAc-G-0191    (0)   :  0.004 0.004 0.003 0.004 0.003 0.003 0.003 0.969 0.002 0.004 
217 QAc-G-0192    (0)   :  0.003 0.003 0.002 0.003 0.002 0.003 0.002 0.977 0.002 0.002 
218 QAc-G-0193    (0)   :  0.003 0.004 0.004 0.003 0.003 0.003 0.003 0.971 0.003 0.004 
219 QAc-G-0194    (0)   :  0.004 0.005 0.005 0.003 0.004 0.005 0.004 0.964 0.003 0.003 
220 QAc-G-0195    (0)   :  0.885 0.009 0.004 0.027 0.005 0.011 0.005 0.048 0.004 0.002 
221 QAc-G-0196    (0)   :  0.342 0.004 0.004 0.011 0.004 0.004 0.003 0.624 0.002 0.002 
222 QAc-G-0197    (0)   :  0.003 0.003 0.002 0.003 0.002 0.003 0.002 0.977 0.002 0.002 
223 QAc-G-0198    (0)   :  0.007 0.004 0.003 0.003 0.003 0.003 0.003 0.969 0.003 0.003 
224 QAc-G-0199    (0)   :  0.108 0.013 0.119 0.002 0.018 0.010 0.009 0.701 0.004 0.016 
225 QAc-G-0200    (0)   :  0.005 0.008 0.005 0.003 0.004 0.004 0.003 0.962 0.003 0.002 
226 QAc-G-0201    (0)   :  0.518 0.003 0.003 0.003 0.008 0.004 0.005 0.451 0.002 0.002 
227 QAc-G-0202    (6)   :  0.428 0.004 0.003 0.013 0.004 0.007 0.005 0.530 0.006 0.002 
228 QAc-G-0203    (0)   :  0.004 0.004 0.002 0.005 0.009 0.012 0.011 0.947 0.005 0.002 
229 QAc-G-0204    (0)   :  0.005 0.004 0.003 0.005 0.004 0.003 0.004 0.966 0.003 0.003 
230 QAc-G-0205    (0)   :  0.002 0.002 0.002 0.979 0.002 0.004 0.002 0.003 0.002 0.002 
231 QAc-G-0206    (0)   :  0.004 0.014 0.005 0.558 0.094 0.024 0.265 0.003 0.029 0.004 
232 QAc-G-0207    (0)   :  0.004 0.005 0.006 0.007 0.005 0.955 0.005 0.006 0.004 0.004 
233 QAc-G-0208    (0)   :  0.003 0.003 0.003 0.972 0.003 0.005 0.003 0.003 0.002 0.003 
234 QAc-G-0209    (0)   :  0.004 0.003 0.003 0.971 0.003 0.006 0.003 0.004 0.002 0.002 
235 QAc-G-0210    (0)   :  0.002 0.003 0.004 0.182 0.004 0.794 0.003 0.003 0.004 0.002 
236 QAc-G-0211    (0)   :  0.002 0.002 0.003 0.005 0.003 0.973 0.003 0.002 0.003 0.003 
237 QAc-G-0212    (0)   :  0.003 0.004 0.003 0.279 0.003 0.695 0.002 0.005 0.002 0.003 
238 QAc-G-0213    (0)   :  0.003 0.005 0.004 0.016 0.003 0.956 0.004 0.005 0.002 0.002 
239 QAc-G-0214    (0)   :  0.003 0.003 0.002 0.977 0.002 0.005 0.002 0.003 0.002 0.002 
240 QAc-G-0215    (0)   :  0.003 0.003 0.004 0.011 0.004 0.962 0.005 0.003 0.003 0.002 
241 QAc-G-0216    (0)   :  0.255 0.009 0.005 0.072 0.114 0.033 0.418 0.026 0.065 0.004 
242 QAc-G-0217    (0)   :  0.007 0.005 0.005 0.024 0.005 0.924 0.008 0.003 0.005 0.016 
243 QAc-G-0218    (0)   :  0.003 0.005 0.005 0.007 0.004 0.963 0.004 0.004 0.002 0.004 
244 QAc-G-0219    (0)   :  0.005 0.011 0.005 0.004 0.013 0.917 0.018 0.006 0.012 0.008 
245 QAc-G-0220    (0)   :  0.003 0.004 0.005 0.006 0.033 0.919 0.021 0.003 0.003 0.004 
246 QAc-G-0221    (0)   :  0.013 0.008 0.022 0.013 0.006 0.917 0.005 0.005 0.004 0.007 
247 QAc-G-0222    (0)   :  0.003 0.003 0.003 0.972 0.003 0.006 0.003 0.003 0.002 0.002 
248 QAc-G-0223    (0)   :  0.003 0.005 0.005 0.026 0.004 0.943 0.004 0.003 0.004 0.004 
249 QAc-G-0224    (0)   :  0.003 0.002 0.003 0.008 0.004 0.965 0.003 0.006 0.003 0.003 
250 QAc-G-0226    (0)   :  0.003 0.003 0.003 0.972 0.002 0.006 0.003 0.003 0.002 0.003 
251 QAc-G-0227    (0)   :  0.006 0.950 0.004 0.004 0.006 0.003 0.006 0.005 0.004 0.013 
252 QAc-G-0228    (6)   :  0.005 0.960 0.005 0.004 0.004 0.006 0.005 0.004 0.004 0.003 
253 QAc-G-0229    (0)   :  0.008 0.915 0.015 0.010 0.010 0.004 0.015 0.006 0.012 0.004 
254 QAc-G-0230    (0)   :  0.005 0.917 0.005 0.031 0.006 0.007 0.010 0.005 0.011 0.003 
255 QAc-G-0231    (0)   :  0.003 0.003 0.003 0.012 0.003 0.964 0.003 0.005 0.003 0.003 
256 QAc-G-0232    (0)   :  0.002 0.940 0.011 0.002 0.007 0.003 0.017 0.002 0.004 0.010 
257 QAc-G-0233    (0)   :  0.004 0.504 0.163 0.008 0.264 0.029 0.014 0.005 0.004 0.005 
258 QAc-G-0234    (0)   :  0.022 0.921 0.013 0.008 0.007 0.003 0.005 0.011 0.004 0.005 
259 QAc-G-0235    (0)   :  0.030 0.006 0.008 0.010 0.018 0.006 0.054 0.003 0.861 0.003 
260 QAc-G-0236    (0)   :  0.006 0.959 0.004 0.004 0.004 0.004 0.003 0.005 0.004 0.008 
261 QAc-G-0237    (0)   :  0.006 0.908 0.012 0.011 0.008 0.016 0.005 0.013 0.008 0.013 
262 QAc-G-0238    (0)   :  0.005 0.957 0.004 0.004 0.004 0.009 0.005 0.005 0.003 0.004 
263 QAc-G-0239    (0)   :  0.004 0.955 0.005 0.003 0.007 0.006 0.009 0.004 0.004 0.003 
264 QAc-G-0240    (0)   :  0.003 0.961 0.005 0.003 0.004 0.002 0.006 0.003 0.006 0.007 
265 QAc-G-0241    (0)   :  0.030 0.770 0.019 0.007 0.047 0.008 0.090 0.006 0.017 0.006 
266 QAc-G-0242    (0)   :  0.003 0.926 0.013 0.004 0.012 0.011 0.012 0.003 0.004 0.010 
267 QAc-G-0243    (0)   :  0.008 0.571 0.108 0.006 0.097 0.025 0.116 0.003 0.008 0.059 
268 QAc-G-0244    (0)   :  0.008 0.901 0.004 0.006 0.018 0.008 0.029 0.005 0.016 0.004 
269 QAc-G-0245    (0)   :  0.006 0.950 0.005 0.003 0.004 0.004 0.004 0.005 0.005 0.014 
270 QAc-G-0246    (0)   :  0.004 0.952 0.005 0.003 0.007 0.006 0.006 0.007 0.005 0.006 
271 QAc-G-0247    (0)   :  0.003 0.966 0.005 0.003 0.004 0.005 0.005 0.002 0.003 0.003 
272 QAc-G-0248    (0)   :  0.003 0.968 0.003 0.003 0.004 0.003 0.007 0.003 0.004 0.003 
273 QAc-G-0249    (0)   :  0.007 0.011 0.902 0.013 0.024 0.005 0.014 0.012 0.010 0.002 
274 QAc-G-0025    (0)   :  0.002 0.003 0.002 0.976 0.002 0.005 0.002 0.003 0.002 0.002 
275 QAc-G-0028    (0)   :  0.004 0.850 0.063 0.015 0.016 0.025 0.014 0.006 0.003 0.004 
276 QAc-G-0275    (0)   :  0.005 0.004 0.003 0.009 0.004 0.953 0.004 0.012 0.003 0.002 
277 QAc-G-0263    (0)   :  0.437 0.005 0.104 0.008 0.315 0.027 0.078 0.011 0.009 0.005 
278 QAc-W-0001    (0)   :  0.004 0.875 0.005 0.005 0.013 0.005 0.029 0.003 0.018 0.042 
279 QAc-W-0002    (0)   :  0.007 0.900 0.014 0.004 0.013 0.004 0.016 0.019 0.022 0.003 
280 QAc-W-0003    (0)   :  0.035 0.768 0.005 0.008 0.017 0.075 0.061 0.006 0.016 0.009 
281 QAc-W-0004    (0)   :  0.004 0.951 0.006 0.011 0.004 0.007 0.004 0.006 0.003 0.005 
282 QAc-W-0005    (0)   :  0.018 0.883 0.012 0.006 0.015 0.004 0.035 0.008 0.005 0.015 
283 QAc-W-0006    (0)   :  0.004 0.947 0.008 0.005 0.007 0.005 0.004 0.005 0.009 0.006 
284 QAc-W-0007   (13)   :  0.004 0.957 0.007 0.004 0.005 0.005 0.006 0.004 0.004 0.005 
285 QAc-W-0008    (6)   :  0.005 0.849 0.038 0.002 0.068 0.003 0.020 0.004 0.008 0.003 
286 QAc-W-0009    (0)   :  0.004 0.820 0.022 0.003 0.042 0.008 0.010 0.010 0.074 0.006 
287 QAc-W-0010    (0)   :  0.044 0.671 0.057 0.005 0.111 0.006 0.067 0.008 0.013 0.019 
288 QAc-W-0011    (0)   :  0.016 0.865 0.005 0.005 0.015 0.007 0.009 0.044 0.015 0.021 
289 QAc-W-0012    (0)   :  0.004 0.940 0.006 0.005 0.012 0.004 0.005 0.013 0.005 0.006 
290 QAc-W-0013    (0)   :  0.004 0.779 0.005 0.037 0.014 0.090 0.010 0.007 0.051 0.004 
291 QAc-W-0014    (0)   :  0.009 0.923 0.031 0.005 0.008 0.004 0.008 0.003 0.004 0.004 
292 QAc-W-0015    (0)   :  0.168 0.656 0.034 0.014 0.017 0.042 0.027 0.014 0.025 0.004 
293 QAc-W-0016    (0)   :  0.017 0.563 0.079 0.014 0.236 0.008 0.062 0.006 0.013 0.003 
294 QAc-W-0017    (0)   :  0.076 0.097 0.067 0.005 0.189 0.042 0.471 0.016 0.029 0.009 
295 QAc-W-0018    (0)   :  0.003 0.380 0.020 0.022 0.129 0.034 0.381 0.003 0.017 0.011 
296 QAc-W-0019    (0)   :  0.005 0.935 0.011 0.007 0.008 0.005 0.007 0.007 0.008 0.005 
297 QAc-W-0020    (0)   :  0.006 0.531 0.005 0.004 0.129 0.003 0.277 0.004 0.005 0.037 
298 QAc-W-0021    (0)   :  0.004 0.267 0.046 0.168 0.288 0.020 0.116 0.012 0.067 0.012 
299 QAc-W-0022    (0)   :  0.074 0.254 0.095 0.026 0.215 0.014 0.287 0.012 0.015 0.007 
300 QAc-W-0023    (6)   :  0.005 0.352 0.088 0.024 0.142 0.009 0.153 0.003 0.162 0.060 
301 QAc-W-0024    (0)   :  0.006 0.164 0.013 0.039 0.216 0.041 0.449 0.052 0.014 0.007 
302 QAc-W-0025    (0)   :  0.003 0.962 0.004 0.003 0.005 0.004 0.007 0.004 0.004 0.004 
303 QAc-W-0026    (0)   :  0.029 0.585 0.055 0.017 0.127 0.030 0.008 0.043 0.014 0.091 
304 QAc-W-0027    (0)   :  0.004 0.943 0.010 0.003 0.008 0.005 0.007 0.009 0.009 0.003 
305 QAc-W-0028    (0)   :  0.005 0.932 0.006 0.003 0.008 0.003 0.028 0.006 0.006 0.004 
306 QAc-W-0029    (0)   :  0.003 0.940 0.004 0.006 0.010 0.006 0.012 0.003 0.009 0.008 
307 QAc-W-0030    (0)   :  0.007 0.950 0.004 0.004 0.006 0.003 0.006 0.008 0.004 0.007 
308 QAc-W-0031    (0)   :  0.003 0.888 0.005 0.048 0.009 0.027 0.005 0.004 0.008 0.003 
309 QAc-W-0032    (0)   :  0.002 0.950 0.009 0.004 0.006 0.004 0.008 0.002 0.003 0.012 
310 QAc-W-0033    (0)   :  0.005 0.517 0.038 0.006 0.353 0.010 0.045 0.004 0.005 0.016 
311 QAc-W-0034    (0)   :  0.003 0.937 0.008 0.005 0.008 0.003 0.006 0.004 0.022 0.004 
312 QAc-W-0035    (0)   :  0.018 0.841 0.038 0.013 0.027 0.013 0.018 0.020 0.005 0.004 
313 QAc-W-0036    (0)   :  0.006 0.896 0.010 0.004 0.009 0.003 0.007 0.004 0.012 0.049 
314 QAc-W-0037    (0)   :  0.005 0.924 0.006 0.010 0.007 0.009 0.005 0.018 0.004 0.011 
315 QAc-W-0038    (0)   :  0.019 0.408 0.008 0.003 0.030 0.004 0.496 0.010 0.008 0.014 
316 QAc-W-0039    (0)   :  0.008 0.891 0.008 0.004 0.009 0.015 0.003 0.015 0.013 0.034 
317 QAc-W-0040    (0)   :  0.014 0.463 0.146 0.004 0.275 0.017 0.042 0.012 0.007 0.020 
318 QAc-W-0041    (0)   :  0.004 0.728 0.015 0.010 0.038 0.128 0.019 0.017 0.037 0.005 
319 QAc-W-0042    (0)   :  0.009 0.022 0.007 0.003 0.030 0.042 0.026 0.022 0.587 0.252 
320 QAc-W-0043    (0)   :  0.009 0.022 0.005 0.003 0.009 0.016 0.007 0.030 0.891 0.008 
321 QAc-W-0044    (0)   :  0.047 0.119 0.072 0.004 0.048 0.007 0.026 0.023 0.402 0.251 
322 QAc-W-0045    (0)   :  0.005 0.011 0.007 0.004 0.012 0.010 0.035 0.010 0.891 0.015 
323 QAc-W-0046    (0)   :  0.004 0.016 0.006 0.005 0.008 0.027 0.005 0.016 0.903 0.010 
324 QAc-W-0047    (0)   :  0.032 0.038 0.018 0.004 0.009 0.003 0.009 0.008 0.849 0.029 
325 QAc-W-0048    (0)   :  0.004 0.013 0.005 0.007 0.014 0.004 0.010 0.004 0.886 0.052 
326 QAc-W-0049    (0)   :  0.003 0.007 0.005 0.009 0.008 0.005 0.007 0.004 0.894 0.058 
327 QAc-W-0050    (0)   :  0.005 0.006 0.011 0.020 0.166 0.007 0.415 0.007 0.356 0.006 
328 QAc-W-0051    (0)   :  0.050 0.012 0.006 0.005 0.303 0.008 0.446 0.011 0.127 0.033 
329 QAc-W-0052    (0)   :  0.003 0.004 0.003 0.003 0.003 0.002 0.003 0.004 0.003 0.973 
330 QAc-W-0053    (0)   :  0.005 0.013 0.008 0.003 0.007 0.004 0.005 0.004 0.941 0.009 
331 QAc-W-0054    (0)   :  0.064 0.010 0.059 0.004 0.403 0.007 0.297 0.094 0.023 0.039 
332 QAc-W-0055    (0)   :  0.059 0.005 0.020 0.031 0.160 0.011 0.327 0.353 0.028 0.007 
333 QAc-W-0056    (0)   :  0.011 0.028 0.009 0.015 0.155 0.015 0.748 0.006 0.007 0.006 
334 QAc-W-0057    (0)   :  0.141 0.007 0.008 0.059 0.084 0.014 0.603 0.006 0.071 0.006 
335 QAc-W-0058    (0)   :  0.013 0.004 0.004 0.148 0.055 0.020 0.540 0.010 0.190 0.016 
336 QAc-W-0059    (0)   :  0.004 0.003 0.003 0.003 0.003 0.002 0.003 0.003 0.971 0.004 
337 QAc-W-0060    (0)   :  0.887 0.016 0.007 0.002 0.010 0.003 0.005 0.010 0.009 0.050 
338 QAc-W-0061    (0)   :  0.756 0.017 0.037 0.017 0.029 0.010 0.023 0.066 0.042 0.004 
339 QAc-W-0062    (0)   :  0.942 0.004 0.007 0.003 0.004 0.010 0.004 0.008 0.003 0.015 
340 QAc-W-0063    (0)   :  0.918 0.007 0.014 0.006 0.012 0.010 0.007 0.009 0.005 0.011 
341 QAc-W-0064    (0)   :  0.930 0.010 0.007 0.005 0.008 0.008 0.009 0.014 0.003 0.005 
342 QAc-W-0065    (0)   :  0.803 0.011 0.024 0.009 0.019 0.005 0.109 0.005 0.008 0.006 
343 QAc-W-0066    (0)   :  0.004 0.003 0.003 0.004 0.002 0.003 0.002 0.975 0.002 0.002 
344 QAc-W-0067    (0)   :  0.003 0.002 0.002 0.003 0.002 0.003 0.002 0.977 0.002 0.003 
345 QAc-W-0068    (0)   :  0.006 0.003 0.002 0.003 0.003 0.003 0.002 0.974 0.002 0.002 
346 QAc-W-0069    (0)   :  0.005 0.004 0.003 0.004 0.002 0.003 0.002 0.972 0.002 0.002 
347 QAc-W-0070    (0)   :  0.393 0.003 0.003 0.003 0.003 0.003 0.002 0.587 0.002 0.002 
348 QAc-W-0071    (6)   :  0.694 0.005 0.004 0.013 0.005 0.005 0.005 0.259 0.005 0.004 
349 QAc-W-0072    (0)   :  0.802 0.011 0.133 0.004 0.016 0.009 0.014 0.005 0.004 0.004 
350 QAc-W-0073    (0)   :  0.882 0.010 0.008 0.005 0.011 0.006 0.021 0.004 0.045 0.007 
351 QAc-W-0074    (0)   :  0.970 0.003 0.004 0.004 0.003 0.003 0.003 0.004 0.003 0.003 
352 QAc-W-0075    (0)   :  0.958 0.003 0.004 0.006 0.003 0.004 0.003 0.014 0.003 0.003 
353 QAc-W-0076    (0)   :  0.942 0.003 0.021 0.010 0.005 0.004 0.006 0.004 0.004 0.003 
354 QAc-W-0077    (0)   :  0.797 0.006 0.005 0.002 0.006 0.005 0.013 0.153 0.008 0.004 
355 QAc-W-0078    (0)   :  0.007 0.048 0.107 0.163 0.244 0.307 0.023 0.081 0.006 0.012 
356 QAc-W-0079    (6)   :  0.008 0.011 0.008 0.925 0.005 0.005 0.004 0.021 0.007 0.005 
357 QAc-W-0080   (13)   :  0.003 0.024 0.004 0.936 0.010 0.004 0.006 0.004 0.009 0.002 
358 QAc-W-0081    (0)   :  0.004 0.005 0.003 0.019 0.004 0.948 0.003 0.003 0.003 0.006 
359 QAc-W-0082    (0)   :  0.005 0.004 0.004 0.005 0.072 0.509 0.270 0.003 0.126 0.002 
360 QAc-W-0083    (0)   :  0.037 0.013 0.016 0.012 0.008 0.878 0.009 0.011 0.006 0.011 
361 QAc-W-0084    (0)   :  0.003 0.004 0.003 0.006 0.003 0.969 0.003 0.004 0.002 0.004 
362 QAc-W-0085    (0)   :  0.003 0.003 0.003 0.003 0.003 0.973 0.003 0.005 0.002 0.003 
363 QAc-W-0086    (0)   :  0.003 0.005 0.005 0.005 0.004 0.962 0.005 0.005 0.003 0.003 
364 QAc-W-0087    (0)   :  0.003 0.004 0.008 0.018 0.006 0.937 0.006 0.005 0.010 0.003 
365 QAc-W-0088    (0)   :  0.004 0.004 0.006 0.016 0.019 0.912 0.009 0.003 0.025 0.003 
366 QAc-W-0089    (0)   :  0.005 0.007 0.004 0.089 0.005 0.870 0.005 0.008 0.003 0.003 
367 QAc-W-0090    (0)   :  0.003 0.007 0.003 0.028 0.004 0.937 0.004 0.007 0.004 0.002 
368 QAc-W-0091    (0)   :  0.007 0.005 0.009 0.059 0.020 0.872 0.006 0.004 0.010 0.009 
369 QAc-W-0092    (0)   :  0.004 0.039 0.006 0.008 0.008 0.704 0.007 0.007 0.007 0.210 
370 QAc-W-0093    (0)   :  0.005 0.031 0.026 0.256 0.039 0.274 0.353 0.003 0.009 0.005 
371 QAc-W-0094    (0)   :  0.016 0.029 0.010 0.004 0.024 0.786 0.030 0.003 0.007 0.090 
372 QAc-W-0095    (0)   :  0.016 0.016 0.006 0.108 0.008 0.800 0.006 0.003 0.008 0.028 
373 QAc-W-0096    (0)   :  0.038 0.016 0.013 0.009 0.023 0.804 0.030 0.006 0.011 0.050 
374 QAc-W-0097    (0)   :  0.006 0.061 0.005 0.050 0.062 0.575 0.172 0.007 0.057 0.006 
375 QAc-W-0098    (0)   :  0.003 0.007 0.005 0.249 0.014 0.695 0.010 0.004 0.009 0.006 
376 QAc-W-0099    (0)   :  0.006 0.018 0.033 0.004 0.020 0.887 0.009 0.003 0.013 0.007 
377 QAc-W-0100    (0)   :  0.003 0.003 0.004 0.013 0.006 0.955 0.006 0.003 0.003 0.002 
378 QAc-W-0101    (0)   :  0.007 0.004 0.006 0.014 0.005 0.933 0.005 0.019 0.003 0.003 
379 QAc-W-0104    (0)   :  0.005 0.005 0.013 0.033 0.008 0.905 0.011 0.003 0.013 0.003 
380 QAc-W-0105    (0)   :  0.003 0.005 0.003 0.009 0.004 0.958 0.005 0.004 0.003 0.006 
381 QAc-W-0106    (0)   :  0.003 0.009 0.005 0.004 0.007 0.936 0.009 0.005 0.003 0.019 
382 QAc-W-0107    (0)   :  0.005 0.003 0.003 0.968 0.003 0.005 0.004 0.004 0.003 0.003 
383 QAc-W-0108    (0)   :  0.004 0.003 0.003 0.976 0.002 0.004 0.002 0.003 0.002 0.002 
384 QAc-W-0109    (0)   :  0.008 0.010 0.004 0.095 0.009 0.819 0.010 0.022 0.018 0.006 
385 QAc-W-0110   (13)   :  0.006 0.400 0.026 0.005 0.082 0.451 0.008 0.007 0.010 0.004 
386 QAc-W-0111    (6)   :  0.004 0.015 0.005 0.562 0.015 0.366 0.012 0.007 0.007 0.007 
387 QAc-W-0112   (13)   :  0.004 0.009 0.014 0.029 0.011 0.898 0.016 0.003 0.010 0.007 
388 QAc-W-0113   (13)   :  0.005 0.009 0.950 0.004 0.008 0.006 0.007 0.003 0.005 0.003 
389 QAc-W-0114   (13)   :  0.004 0.005 0.916 0.022 0.009 0.007 0.008 0.004 0.018 0.007 
390 QAc-W-0115    (0)   :  0.006 0.009 0.954 0.004 0.006 0.005 0.005 0.005 0.003 0.005 
391 QAc-W-0116    (0)   :  0.003 0.015 0.914 0.005 0.010 0.004 0.021 0.002 0.012 0.014 
392 QAc-W-0117    (0)   :  0.004 0.006 0.956 0.002 0.006 0.003 0.009 0.004 0.008 0.002 
393 QAc-W-0118    (0)   :  0.029 0.005 0.888 0.015 0.007 0.014 0.011 0.021 0.005 0.004 
394 QAc-W-0119    (0)   :  0.003 0.007 0.943 0.005 0.009 0.003 0.012 0.008 0.004 0.006 
395 QAc-W-0120    (0)   :  0.014 0.010 0.915 0.003 0.018 0.008 0.010 0.012 0.007 0.003 
396 QAc-W-0121    (0)   :  0.011 0.006 0.899 0.004 0.011 0.003 0.010 0.045 0.009 0.002 
397 QAc-W-0122    (0)   :  0.007 0.010 0.858 0.006 0.022 0.004 0.075 0.003 0.012 0.004 
398 QAc-W-0123    (6)   :  0.010 0.009 0.860 0.009 0.035 0.013 0.031 0.010 0.012 0.012 
399 QAc-W-0124    (0)   :  0.176 0.054 0.610 0.008 0.024 0.092 0.010 0.012 0.004 0.010 
400 QAc-W-0125    (0)   :  0.006 0.005 0.927 0.010 0.007 0.012 0.009 0.007 0.006 0.010 
401 QAc-W-0126   (13)   :  0.009 0.007 0.848 0.010 0.040 0.029 0.026 0.007 0.012 0.013 
402 QAc-W-0127    (6)   :  0.005 0.006 0.957 0.003 0.008 0.004 0.004 0.004 0.004 0.004 
403 QAc-W-0128   (13)   :  0.006 0.010 0.877 0.024 0.016 0.033 0.007 0.014 0.010 0.003 
404 QAc-W-0129   (13)   :  0.014 0.043 0.872 0.005 0.025 0.004 0.006 0.006 0.022 0.005 
405 QAc-W-0130   (13)   :  0.004 0.019 0.936 0.005 0.008 0.007 0.005 0.006 0.008 0.003 
406 QAc-W-0131    (0)   :  0.008 0.004 0.820 0.007 0.063 0.004 0.048 0.005 0.004 0.036 
407 QAc-W-0132    (6)   :  0.024 0.024 0.833 0.009 0.012 0.017 0.009 0.051 0.005 0.017 
408 QAc-W-0133    (6)   :  0.013 0.006 0.401 0.008 0.386 0.056 0.012 0.107 0.006 0.005 
409 QAc-W-0134    (0)   :  0.005 0.004 0.963 0.004 0.004 0.004 0.003 0.003 0.005 0.005 
410 QAc-W-0135    (0)   :  0.018 0.061 0.872 0.006 0.008 0.005 0.008 0.012 0.007 0.003 
411 QAc-W-0136    (0)   :  0.004 0.005 0.962 0.002 0.005 0.004 0.004 0.003 0.003 0.009 
412 QAc-W-0137    (0)   :  0.004 0.003 0.971 0.002 0.003 0.002 0.003 0.003 0.003 0.005 
413 QAc-W-0138    (0)   :  0.004 0.005 0.968 0.002 0.004 0.003 0.004 0.003 0.003 0.005 
414 QAc-W-0139    (0)   :  0.236 0.034 0.628 0.033 0.029 0.016 0.008 0.005 0.004 0.007 
415 QAc-W-0140    (0)   :  0.004 0.023 0.854 0.004 0.017 0.005 0.028 0.005 0.057 0.003 
416 QAc-W-0141    (6)   :  0.008 0.088 0.703 0.005 0.042 0.006 0.105 0.022 0.017 0.004 
417 QAc-W-0142    (0)   :  0.009 0.004 0.961 0.004 0.005 0.003 0.004 0.005 0.004 0.003 
