

----------------------------------------------------
STRUCTURE by Pritchard, Stephens and Donnelly (2000)
     and Falush, Stephens and Pritchard (2003)
       Code by Pritchard, Falush and Hubisz
             Version 2.3.4 (Jul 2012)
----------------------------------------------------



Command line arguments:   bin\structure -m C:\Users\eschumacher\Documents\GitHub\GCC_QUAC_ZAIN\Data_Files\Structure_Files\QUAC\QUAC_wK_nopopinfo_garden_wild\QUAC_wK_nopopinfo_STR\50-50\mainparams -e C:\Users\eschumacher\Documents\GitHub\GCC_QUAC_ZAIN\Data_Files\Structure_Files\QUAC\QUAC_wK_nopopinfo_garden_wild\QUAC_wK_nopopinfo_STR\50-50\extraparams 
Input File:    C:\Users\eschumacher\Documents\GitHub\GCC_QUAC_ZAIN\Data_Files\Structure_Files\QUAC\QUAC_wK_nopopinfo_garden_wild\QUAC_wK_nopopinfo_STR\project_data

Run parameters:
   449 individuals
   15 loci
   10 populations assumed
   50000 Burn-in period
   50000 Reps


--------------------------------------------
Overall proportion of membership of the
sample in each of the 10 clusters

Inferred Clusters
  1      2      3      4      5      6      7      8      9     10    
0.076  0.118  0.181  0.064  0.141  0.096  0.125  0.054  0.071  0.075  

--------------------------------------------

Allele-freq. divergence among pops (Net nucleotide distance),
computed using point estimates of P.

      1       2       3       4       5       6       7       8       9      10      
 1      -    0.0846  0.1309  0.0974  0.1430  0.0842  0.0767  0.0446  0.1183  0.0386  
 2   0.0846     -    0.1196  0.1077  0.1216  0.0398  0.0716  0.0713  0.1112  0.0402  
 3   0.1309  0.1196     -    0.1093  0.1449  0.0976  0.1061  0.1148  0.1690  0.0713  
 4   0.0974  0.1077  0.1093     -    0.0958  0.1000  0.0851  0.0801  0.1430  0.0612  
 5   0.1430  0.1216  0.1449  0.0958     -    0.1198  0.1295  0.1079  0.1688  0.0988  
 6   0.0842  0.0398  0.0976  0.1000  0.1198     -    0.0553  0.0660  0.1011  0.0372  
 7   0.0767  0.0716  0.1061  0.0851  0.1295  0.0553     -    0.0566  0.1021  0.0332  
 8   0.0446  0.0713  0.1148  0.0801  0.1079  0.0660  0.0566     -    0.0845  0.0325  
 9   0.1183  0.1112  0.1690  0.1430  0.1688  0.1011  0.1021  0.0845     -    0.0879  
10   0.0386  0.0402  0.0713  0.0612  0.0988  0.0372  0.0332  0.0325  0.0879     -    

Average distances (expected heterozygosity) between individuals in same cluster:
cluster  1  : 0.6077 
cluster  2  : 0.5477 
cluster  3  : 0.4899 
cluster  4  : 0.5119 
cluster  5  : 0.3994 
cluster  6  : 0.5460 
cluster  7  : 0.5530 
cluster  8  : 0.6034 
cluster  9  : 0.4631 
cluster 10  : 0.6933 

--------------------------------------------
Estimated Ln Prob of Data   = -15863.4
Mean value of ln likelihood = -15305.3
Variance of ln likelihood   = 1116.2
Mean value of alpha         = 0.0336

Mean value of Fst_1         = 0.1139
Mean value of Fst_2         = 0.2167
Mean value of Fst_3         = 0.2867
Mean value of Fst_4         = 0.2671
Mean value of Fst_5         = 0.5022
Mean value of Fst_6         = 0.1632
Mean value of Fst_7         = 0.1468
Mean value of Fst_8         = 0.1450
Mean value of Fst_9         = 0.4196
Mean value of Fst_10         = 0.0024


Inferred ancestry of individuals:
        Label (%Miss) :  Inferred clusters
  1 QAc-G-0029    (0)   :  0.004 0.026 0.918 0.006 0.013 0.009 0.005 0.003 0.005 0.010 
  2 QAc-G-0030    (0)   :  0.003 0.003 0.974 0.004 0.003 0.003 0.003 0.002 0.002 0.003 
  3 QAc-G-0031    (0)   :  0.002 0.003 0.972 0.006 0.004 0.003 0.003 0.002 0.002 0.003 
  4 QAc-G-0061    (0)   :  0.002 0.007 0.957 0.003 0.004 0.006 0.006 0.005 0.007 0.004 
  5 QAc-G-0062    (0)   :  0.007 0.005 0.005 0.363 0.024 0.011 0.103 0.014 0.420 0.048 
  6 QAc-G-0063    (0)   :  0.007 0.057 0.005 0.162 0.534 0.090 0.029 0.021 0.012 0.081 
  7 QAc-G-0064    (0)   :  0.003 0.005 0.003 0.006 0.005 0.003 0.003 0.004 0.964 0.003 
  8 QAc-G-0065    (0)   :  0.003 0.003 0.004 0.002 0.002 0.003 0.002 0.004 0.973 0.003 
  9 QAc-G-0066    (0)   :  0.002 0.003 0.004 0.004 0.973 0.003 0.003 0.003 0.002 0.002 
 10 QAc-G-0067    (0)   :  0.004 0.003 0.007 0.002 0.003 0.004 0.003 0.003 0.968 0.003 
 11 QAc-G-0068    (0)   :  0.004 0.003 0.003 0.004 0.531 0.004 0.008 0.420 0.006 0.017 
 12 QAc-G-0070    (0)   :  0.011 0.007 0.005 0.098 0.538 0.015 0.295 0.005 0.009 0.019 
 13 QAc-G-0071   (13)   :  0.008 0.005 0.015 0.047 0.902 0.003 0.007 0.005 0.002 0.006 
 14 QAc-G-0072    (0)   :  0.002 0.004 0.004 0.003 0.970 0.004 0.004 0.003 0.003 0.003 
 15 QAc-G-0073    (0)   :  0.003 0.968 0.003 0.003 0.003 0.007 0.004 0.003 0.003 0.003 
 16 QAc-G-0074    (0)   :  0.011 0.262 0.005 0.097 0.150 0.366 0.046 0.013 0.005 0.046 
 17 QAc-G-0075    (0)   :  0.018 0.570 0.012 0.012 0.028 0.302 0.007 0.008 0.009 0.033 
 18 QAc-G-0076    (0)   :  0.003 0.556 0.012 0.004 0.011 0.240 0.015 0.076 0.011 0.071 
 19 QAc-G-0077    (0)   :  0.003 0.005 0.950 0.007 0.009 0.008 0.002 0.003 0.009 0.004 
 20 QAc-G-0078    (0)   :  0.003 0.002 0.976 0.004 0.003 0.003 0.003 0.002 0.002 0.003 
 21 QAc-G-0079    (0)   :  0.005 0.004 0.967 0.005 0.004 0.004 0.003 0.003 0.002 0.003 
 22 QAc-G-0080    (0)   :  0.007 0.042 0.308 0.009 0.005 0.007 0.005 0.015 0.016 0.586 
 23 QAc-G-0081    (0)   :  0.015 0.011 0.006 0.027 0.004 0.033 0.202 0.006 0.004 0.691 
 24 QAc-G-0082    (0)   :  0.014 0.013 0.003 0.007 0.002 0.008 0.014 0.004 0.003 0.931 
 25 QAc-G-0083    (0)   :  0.006 0.014 0.015 0.848 0.011 0.074 0.010 0.004 0.011 0.008 
 26 QAc-G-0001   (13)   :  0.003 0.003 0.971 0.004 0.005 0.003 0.003 0.003 0.002 0.003 
 27 QAc-G-0002    (0)   :  0.003 0.003 0.977 0.002 0.003 0.003 0.002 0.002 0.002 0.002 
 28 QAc-G-0285    (0)   :  0.011 0.005 0.006 0.933 0.016 0.005 0.007 0.007 0.004 0.006 
 29 QAc-G-0286    (0)   :  0.003 0.003 0.003 0.005 0.973 0.003 0.003 0.003 0.003 0.003 
 30 QAc-G-0287    (0)   :  0.002 0.003 0.003 0.003 0.977 0.002 0.002 0.003 0.003 0.002 
 31 QAc-G-0288    (6)   :  0.007 0.016 0.034 0.008 0.845 0.020 0.037 0.011 0.010 0.011 
 32 QAc-G-0289    (0)   :  0.002 0.002 0.004 0.003 0.973 0.003 0.003 0.003 0.003 0.003 
 33 QAc-G-0290    (0)   :  0.003 0.003 0.003 0.004 0.969 0.004 0.003 0.003 0.006 0.003 
 34 QAc-G-0291    (0)   :  0.003 0.007 0.036 0.028 0.905 0.005 0.002 0.005 0.003 0.005 
 35 QAc-G-0292    (0)   :  0.005 0.004 0.004 0.711 0.242 0.005 0.010 0.010 0.003 0.006 
 36 QAc-G-0293    (0)   :  0.003 0.003 0.007 0.482 0.492 0.002 0.003 0.003 0.002 0.003 
 37 QAc-G-0294    (0)   :  0.010 0.396 0.010 0.004 0.004 0.464 0.009 0.071 0.007 0.025 
 38 QAc-G-0295    (0)   :  0.004 0.934 0.008 0.007 0.008 0.021 0.004 0.004 0.004 0.007 
 39 QAc-G-0296    (0)   :  0.003 0.943 0.004 0.005 0.006 0.015 0.005 0.006 0.009 0.005 
 40 QAc-G-0297    (0)   :  0.019 0.091 0.003 0.003 0.003 0.148 0.007 0.012 0.005 0.709 
 41 QAc-G-0298    (6)   :  0.004 0.960 0.005 0.004 0.003 0.008 0.003 0.003 0.004 0.005 
 42 QAc-G-0299    (0)   :  0.015 0.493 0.005 0.006 0.010 0.435 0.004 0.018 0.004 0.010 
 43 QAc-G-0300    (0)   :  0.005 0.894 0.003 0.003 0.004 0.040 0.013 0.007 0.025 0.006 
 44 QAc-G-0301    (0)   :  0.007 0.727 0.007 0.010 0.017 0.060 0.005 0.004 0.152 0.010 
 45 QAc-G-0302    (0)   :  0.891 0.005 0.004 0.007 0.007 0.027 0.005 0.024 0.004 0.026 
 46 QAc-G-0303    (0)   :  0.879 0.008 0.004 0.008 0.003 0.005 0.028 0.024 0.005 0.034 
 47 QAc-G-0304    (0)   :  0.002 0.004 0.003 0.006 0.972 0.003 0.003 0.003 0.002 0.002 
 48 QAc-G-0305    (0)   :  0.031 0.004 0.061 0.232 0.509 0.009 0.047 0.057 0.003 0.047 
 49 QAc-G-0306    (0)   :  0.002 0.003 0.004 0.005 0.974 0.003 0.003 0.002 0.002 0.002 
 50 QAc-G-0307    (0)   :  0.015 0.010 0.827 0.023 0.005 0.012 0.060 0.008 0.006 0.033 
 51 QAc-G-0308    (0)   :  0.009 0.018 0.910 0.009 0.016 0.007 0.008 0.012 0.003 0.008 
 52 QAc-G-0309    (0)   :  0.004 0.004 0.948 0.007 0.004 0.006 0.004 0.005 0.002 0.016 
 53 QAc-G-0310    (0)   :  0.003 0.004 0.969 0.004 0.003 0.005 0.003 0.003 0.003 0.003 
 54 QAc-G-0311    (0)   :  0.002 0.002 0.979 0.002 0.003 0.002 0.002 0.002 0.002 0.003 
 55 QAc-G-0312    (0)   :  0.039 0.042 0.280 0.005 0.006 0.023 0.060 0.037 0.015 0.492 
 56 QAc-G-0313    (0)   :  0.005 0.019 0.008 0.053 0.008 0.011 0.060 0.005 0.007 0.825 
 57 QAc-G-0314    (0)   :  0.029 0.073 0.011 0.003 0.004 0.103 0.098 0.006 0.009 0.663 
 58 QAc-G-0315    (0)   :  0.009 0.007 0.005 0.006 0.009 0.023 0.016 0.025 0.008 0.893 
 59 QAc-G-0316    (0)   :  0.006 0.005 0.021 0.008 0.009 0.014 0.100 0.006 0.009 0.823 
 60 QAc-G-0032    (6)   :  0.107 0.014 0.008 0.003 0.007 0.007 0.008 0.627 0.109 0.109 
 61 QAc-G-0033    (0)   :  0.005 0.515 0.006 0.004 0.005 0.440 0.006 0.006 0.009 0.004 
 62 QAc-G-0034    (0)   :  0.008 0.859 0.051 0.004 0.005 0.028 0.020 0.008 0.008 0.010 
 63 QAc-G-0035    (0)   :  0.005 0.085 0.006 0.009 0.008 0.857 0.004 0.008 0.009 0.009 
 64 QAc-G-0036    (0)   :  0.004 0.909 0.007 0.018 0.016 0.011 0.014 0.007 0.004 0.010 
 65 QAc-G-0037    (0)   :  0.002 0.954 0.008 0.004 0.010 0.007 0.002 0.003 0.004 0.005 
 66 QAc-G-0038    (0)   :  0.003 0.941 0.002 0.003 0.003 0.026 0.010 0.003 0.002 0.007 
 67 QAc-G-0039    (0)   :  0.013 0.559 0.033 0.004 0.006 0.299 0.029 0.024 0.007 0.026 
 68 QAc-G-0040    (0)   :  0.005 0.779 0.007 0.009 0.049 0.036 0.079 0.016 0.004 0.017 
 69 QAc-G-0041    (0)   :  0.002 0.930 0.003 0.014 0.002 0.004 0.016 0.003 0.020 0.005 
 70 QAc-G-0042    (0)   :  0.004 0.949 0.004 0.004 0.009 0.010 0.006 0.007 0.004 0.004 
 71 QAc-G-0043    (0)   :  0.006 0.912 0.008 0.004 0.006 0.044 0.004 0.004 0.003 0.009 
 72 QAc-G-0044    (0)   :  0.016 0.867 0.004 0.005 0.009 0.034 0.008 0.010 0.033 0.014 
 73 QAc-G-0045    (0)   :  0.004 0.709 0.029 0.004 0.007 0.214 0.007 0.007 0.012 0.007 
 74 QAc-G-0046    (0)   :  0.005 0.784 0.043 0.006 0.002 0.097 0.020 0.013 0.007 0.024 
 75 QAc-G-0047    (0)   :  0.008 0.073 0.019 0.005 0.005 0.856 0.005 0.011 0.005 0.012 
 76 QAc-G-0048    (0)   :  0.004 0.955 0.003 0.004 0.003 0.011 0.006 0.003 0.005 0.005 
 77 QAc-G-0049    (0)   :  0.003 0.002 0.974 0.004 0.005 0.003 0.003 0.003 0.002 0.003 
 78 QAc-G-0050    (0)   :  0.047 0.004 0.046 0.005 0.016 0.005 0.017 0.013 0.004 0.842 
 79 QAc-G-0051    (0)   :  0.003 0.002 0.973 0.006 0.004 0.002 0.003 0.003 0.002 0.003 
 80 QAc-G-0052    (0)   :  0.005 0.016 0.885 0.004 0.003 0.010 0.013 0.009 0.033 0.021 
 81 QAc-G-0053    (0)   :  0.002 0.020 0.930 0.006 0.009 0.012 0.003 0.004 0.006 0.007 
 82 QAc-G-0054    (0)   :  0.007 0.008 0.052 0.003 0.005 0.004 0.012 0.009 0.003 0.896 
 83 QAc-G-0055    (0)   :  0.022 0.012 0.266 0.005 0.005 0.004 0.007 0.019 0.003 0.657 
 84 QAc-G-0056    (0)   :  0.007 0.006 0.013 0.005 0.013 0.008 0.048 0.013 0.009 0.877 
 85 QAc-G-0057    (0)   :  0.005 0.003 0.969 0.004 0.004 0.004 0.003 0.003 0.002 0.003 
 86 QAc-G-0058    (6)   :  0.004 0.003 0.972 0.004 0.003 0.003 0.003 0.003 0.003 0.003 
 87 QAc-G-0059    (0)   :  0.004 0.009 0.140 0.003 0.003 0.003 0.007 0.004 0.003 0.824 
 88 QAc-G-0060    (6)   :  0.009 0.011 0.816 0.008 0.015 0.017 0.007 0.009 0.016 0.092 
 89 QAc-G-0276    (0)   :  0.005 0.014 0.008 0.626 0.308 0.020 0.005 0.004 0.002 0.007 
 90 QAc-G-0279    (0)   :  0.002 0.003 0.005 0.004 0.971 0.003 0.003 0.003 0.002 0.003 
 91 QAc-G-0280    (6)   :  0.003 0.006 0.003 0.005 0.962 0.006 0.004 0.004 0.003 0.004 
 92 QAc-G-0281    (0)   :  0.003 0.004 0.965 0.003 0.008 0.004 0.003 0.004 0.003 0.004 
 93 QAc-G-0018    (0)   :  0.013 0.797 0.040 0.004 0.006 0.034 0.009 0.070 0.006 0.020 
 94 QAc-G-0019    (0)   :  0.004 0.632 0.004 0.024 0.015 0.079 0.009 0.009 0.217 0.007 
 95 QAc-G-0020    (0)   :  0.003 0.953 0.004 0.003 0.003 0.009 0.004 0.003 0.003 0.017 
 96 QAc-G-0021    (6)   :  0.003 0.907 0.015 0.002 0.003 0.023 0.003 0.003 0.034 0.007 
 97 QAc-G-0022    (6)   :  0.012 0.503 0.025 0.012 0.004 0.182 0.084 0.006 0.069 0.103 
 98 QAc-G-0023    (0)   :  0.004 0.003 0.969 0.006 0.003 0.003 0.003 0.003 0.002 0.004 
 99 QAc-G-0024    (0)   :  0.005 0.005 0.965 0.003 0.003 0.007 0.003 0.004 0.003 0.003 
100 QAc-G-0016    (0)   :  0.028 0.018 0.085 0.006 0.011 0.004 0.009 0.140 0.004 0.696 
101 QAc-G-0017    (0)   :  0.682 0.010 0.003 0.005 0.005 0.005 0.008 0.011 0.253 0.016 
102 QAc-G-0250    (0)   :  0.036 0.013 0.008 0.236 0.141 0.022 0.014 0.067 0.007 0.456 
103 QAc-G-0003    (6)   :  0.003 0.004 0.004 0.010 0.955 0.006 0.005 0.005 0.003 0.004 
104 QAc-G-0004    (0)   :  0.865 0.032 0.009 0.007 0.003 0.039 0.005 0.012 0.007 0.022 
105 QAc-G-0005    (0)   :  0.003 0.003 0.003 0.002 0.003 0.003 0.003 0.004 0.974 0.002 
106 QAc-G-0006    (6)   :  0.911 0.006 0.003 0.010 0.005 0.013 0.010 0.007 0.002 0.034 
107 QAc-G-0283    (0)   :  0.041 0.007 0.004 0.098 0.003 0.005 0.176 0.007 0.004 0.655 
108 QAc-G-0265    (0)   :  0.021 0.008 0.128 0.434 0.004 0.069 0.008 0.016 0.006 0.307 
109 QAc-G-0266    (0)   :  0.002 0.003 0.975 0.004 0.005 0.003 0.002 0.002 0.002 0.002 
110 QAc-G-0267    (0)   :  0.004 0.251 0.005 0.584 0.004 0.036 0.010 0.007 0.089 0.010 
111 QAc-G-0268   (20)   :  0.017 0.005 0.005 0.008 0.538 0.008 0.007 0.045 0.013 0.353 
112 QAc-G-0269    (0)   :  0.002 0.004 0.004 0.003 0.973 0.003 0.002 0.002 0.002 0.003 
113 QAc-G-0270    (6)   :  0.003 0.951 0.005 0.004 0.006 0.010 0.005 0.004 0.009 0.004 
114 QAc-G-0271    (0)   :  0.011 0.028 0.004 0.005 0.003 0.806 0.007 0.010 0.075 0.053 
115 QAc-G-0272    (6)   :  0.005 0.920 0.007 0.008 0.016 0.019 0.007 0.008 0.003 0.006 
116 QAc-G-0273    (0)   :  0.003 0.004 0.957 0.004 0.004 0.004 0.005 0.008 0.006 0.005 
117 QAc-G-0274    (0)   :  0.002 0.003 0.002 0.002 0.002 0.003 0.003 0.003 0.978 0.002 
118 QAc-G-0251    (6)   :  0.009 0.942 0.005 0.003 0.004 0.005 0.007 0.008 0.011 0.005 
119 QAc-G-0252    (0)   :  0.008 0.952 0.004 0.003 0.004 0.004 0.010 0.005 0.004 0.006 
120 QAc-G-0253    (0)   :  0.003 0.005 0.965 0.004 0.005 0.003 0.004 0.003 0.002 0.007 
121 QAc-G-0254    (0)   :  0.002 0.002 0.978 0.003 0.003 0.003 0.003 0.002 0.002 0.003 
122 QAc-G-0255    (0)   :  0.927 0.005 0.004 0.007 0.004 0.022 0.006 0.010 0.005 0.009 
123 QAc-G-0256    (0)   :  0.320 0.005 0.004 0.006 0.009 0.007 0.004 0.634 0.006 0.005 
124 QAc-G-0257    (0)   :  0.720 0.034 0.006 0.005 0.003 0.004 0.032 0.040 0.143 0.014 
125 QAc-G-0258    (0)   :  0.959 0.005 0.002 0.004 0.003 0.004 0.003 0.006 0.006 0.008 
126 QAc-G-0259    (0)   :  0.008 0.003 0.002 0.002 0.002 0.006 0.007 0.005 0.002 0.963 
127 QAc-G-0260    (0)   :  0.011 0.014 0.011 0.013 0.047 0.011 0.055 0.244 0.060 0.534 
128 QAc-G-0261    (0)   :  0.039 0.012 0.004 0.004 0.004 0.006 0.007 0.091 0.443 0.391 
129 QAc-G-0262    (0)   :  0.096 0.006 0.006 0.020 0.014 0.005 0.014 0.322 0.037 0.480 
130 QAc-G-0010    (0)   :  0.003 0.017 0.011 0.894 0.039 0.009 0.008 0.004 0.005 0.009 
131 QAc-G-0011    (0)   :  0.004 0.008 0.004 0.003 0.004 0.006 0.937 0.004 0.005 0.025 
132 QAc-G-0015    (0)   :  0.096 0.014 0.796 0.016 0.003 0.007 0.027 0.014 0.006 0.022 
133 QAc-G-0106    (0)   :  0.873 0.014 0.002 0.003 0.003 0.005 0.006 0.033 0.042 0.020 
134 QAc-G-0107    (0)   :  0.121 0.004 0.013 0.012 0.008 0.005 0.006 0.815 0.003 0.012 
135 QAc-G-0108    (0)   :  0.553 0.008 0.002 0.004 0.006 0.005 0.006 0.404 0.006 0.007 
136 QAc-G-0109    (0)   :  0.748 0.018 0.013 0.007 0.006 0.007 0.036 0.033 0.044 0.088 
137 QAc-G-0110    (0)   :  0.808 0.025 0.005 0.018 0.059 0.023 0.012 0.022 0.003 0.025 
138 QAc-G-0111    (0)   :  0.896 0.014 0.006 0.022 0.006 0.009 0.008 0.023 0.005 0.011 
139 QAc-G-0112    (0)   :  0.898 0.005 0.008 0.014 0.027 0.004 0.004 0.015 0.004 0.022 
140 QAc-G-0113    (0)   :  0.529 0.007 0.027 0.017 0.008 0.005 0.008 0.325 0.027 0.048 
141 QAc-G-0114    (0)   :  0.873 0.011 0.014 0.010 0.016 0.049 0.005 0.011 0.003 0.009 
142 QAc-G-0115    (0)   :  0.929 0.006 0.005 0.004 0.007 0.004 0.005 0.022 0.005 0.012 
143 QAc-G-0116    (0)   :  0.928 0.004 0.005 0.012 0.012 0.005 0.006 0.013 0.009 0.007 
144 QAc-G-0117    (0)   :  0.034 0.116 0.017 0.027 0.004 0.082 0.012 0.612 0.036 0.061 
145 QAc-G-0118    (0)   :  0.928 0.005 0.002 0.012 0.004 0.006 0.009 0.006 0.021 0.008 
146 QAc-G-0119    (0)   :  0.918 0.011 0.006 0.003 0.002 0.013 0.003 0.005 0.022 0.017 
147 QAc-G-0120    (0)   :  0.910 0.009 0.005 0.006 0.005 0.010 0.008 0.007 0.005 0.034 
148 QAc-G-0121    (0)   :  0.006 0.010 0.004 0.004 0.006 0.005 0.003 0.007 0.951 0.004 
149 QAc-G-0122    (0)   :  0.006 0.011 0.004 0.009 0.037 0.005 0.005 0.010 0.907 0.005 
150 QAc-G-0123    (0)   :  0.002 0.004 0.002 0.002 0.002 0.004 0.002 0.002 0.977 0.002 
151 QAc-G-0124    (6)   :  0.003 0.004 0.003 0.003 0.003 0.004 0.004 0.003 0.969 0.003 
152 QAc-G-0125    (0)   :  0.030 0.007 0.049 0.057 0.011 0.007 0.048 0.025 0.494 0.272 
153 QAc-G-0126    (0)   :  0.086 0.015 0.010 0.005 0.008 0.008 0.013 0.050 0.232 0.573 
154 QAc-G-0127    (0)   :  0.008 0.009 0.006 0.005 0.003 0.007 0.012 0.019 0.925 0.006 
155 QAc-G-0128    (0)   :  0.003 0.003 0.003 0.003 0.005 0.004 0.002 0.004 0.971 0.003 
156 QAc-G-0129    (0)   :  0.003 0.003 0.002 0.002 0.003 0.003 0.003 0.003 0.976 0.002 
157 QAc-G-0130    (0)   :  0.040 0.012 0.002 0.008 0.003 0.005 0.019 0.038 0.867 0.005 
158 QAc-G-0131    (0)   :  0.004 0.005 0.004 0.003 0.005 0.008 0.004 0.005 0.958 0.004 
159 QAc-G-0132    (0)   :  0.113 0.004 0.012 0.020 0.017 0.012 0.006 0.025 0.762 0.028 
160 QAc-G-0133    (0)   :  0.003 0.012 0.004 0.006 0.005 0.005 0.003 0.007 0.950 0.004 
161 QAc-G-0134    (0)   :  0.005 0.004 0.004 0.003 0.004 0.004 0.003 0.004 0.964 0.004 
162 QAc-G-0135    (0)   :  0.945 0.009 0.007 0.004 0.006 0.010 0.006 0.003 0.003 0.006 
163 QAc-G-0136    (0)   :  0.806 0.005 0.007 0.122 0.006 0.004 0.014 0.019 0.006 0.012 
164 QAc-G-0137    (0)   :  0.780 0.007 0.003 0.006 0.004 0.012 0.006 0.117 0.048 0.015 
165 QAc-G-0138    (0)   :  0.910 0.002 0.006 0.026 0.003 0.003 0.027 0.006 0.006 0.012 
166 QAc-G-0139    (0)   :  0.857 0.068 0.002 0.003 0.004 0.010 0.006 0.009 0.034 0.007 
167 QAc-G-0140    (6)   :  0.034 0.005 0.003 0.004 0.003 0.007 0.004 0.924 0.009 0.006 
168 QAc-G-0141    (0)   :  0.014 0.015 0.025 0.013 0.008 0.014 0.017 0.845 0.008 0.041 
169 QAc-G-0142    (0)   :  0.965 0.003 0.002 0.003 0.003 0.008 0.004 0.004 0.003 0.004 
170 QAc-G-0143    (0)   :  0.005 0.005 0.003 0.004 0.006 0.004 0.004 0.002 0.003 0.963 
171 QAc-G-0144    (6)   :  0.530 0.006 0.004 0.011 0.004 0.004 0.004 0.023 0.002 0.411 
172 QAc-G-0145    (0)   :  0.003 0.004 0.003 0.006 0.969 0.003 0.003 0.003 0.002 0.003 
173 QAc-G-0146    (0)   :  0.002 0.003 0.003 0.003 0.003 0.003 0.003 0.003 0.974 0.003 
174 QAc-G-0147    (0)   :  0.025 0.029 0.005 0.042 0.007 0.011 0.287 0.168 0.316 0.111 
175 QAc-G-0148    (0)   :  0.008 0.020 0.005 0.014 0.003 0.006 0.004 0.907 0.008 0.024 
176 QAc-G-0149    (0)   :  0.003 0.005 0.002 0.003 0.004 0.004 0.003 0.004 0.969 0.003 
177 QAc-G-0150    (0)   :  0.002 0.003 0.004 0.004 0.971 0.003 0.003 0.003 0.003 0.003 
178 QAc-G-0151    (0)   :  0.003 0.004 0.003 0.003 0.003 0.004 0.003 0.003 0.971 0.003 
179 QAc-G-0152    (0)   :  0.002 0.005 0.005 0.003 0.002 0.004 0.003 0.002 0.970 0.003 
180 QAc-G-0153    (0)   :  0.006 0.011 0.002 0.063 0.003 0.005 0.017 0.008 0.873 0.012 
181 QAc-G-0154    (0)   :  0.020 0.056 0.003 0.016 0.011 0.006 0.004 0.020 0.857 0.007 
182 QAc-G-0155    (0)   :  0.002 0.005 0.003 0.003 0.003 0.005 0.003 0.003 0.970 0.003 
183 QAc-G-0158    (0)   :  0.003 0.002 0.003 0.003 0.003 0.003 0.003 0.003 0.976 0.003 
184 QAc-G-0159    (0)   :  0.797 0.016 0.008 0.005 0.014 0.009 0.012 0.076 0.020 0.045 
185 QAc-G-0160    (0)   :  0.002 0.002 0.003 0.003 0.978 0.002 0.003 0.002 0.003 0.002 
186 QAc-G-0161    (0)   :  0.002 0.003 0.003 0.003 0.978 0.003 0.002 0.003 0.002 0.002 
187 QAc-G-0162    (0)   :  0.004 0.315 0.007 0.536 0.070 0.027 0.008 0.007 0.005 0.022 
188 QAc-G-0163    (0)   :  0.018 0.028 0.003 0.017 0.817 0.064 0.006 0.026 0.003 0.019 
189 QAc-G-0164    (0)   :  0.003 0.004 0.010 0.003 0.893 0.006 0.062 0.004 0.002 0.014 
190 QAc-G-0165    (0)   :  0.005 0.005 0.003 0.005 0.957 0.005 0.005 0.004 0.007 0.004 
191 QAc-G-0166    (0)   :  0.002 0.004 0.003 0.003 0.972 0.005 0.003 0.003 0.003 0.003 
192 QAc-G-0167    (0)   :  0.003 0.004 0.004 0.004 0.968 0.004 0.004 0.004 0.003 0.003 
193 QAc-G-0168    (0)   :  0.002 0.002 0.003 0.003 0.977 0.002 0.002 0.003 0.002 0.002 
194 QAc-G-0169    (6)   :  0.279 0.004 0.005 0.154 0.299 0.035 0.016 0.009 0.004 0.195 
195 QAc-G-0170    (0)   :  0.003 0.004 0.004 0.006 0.962 0.005 0.004 0.004 0.006 0.004 
196 QAc-G-0171    (0)   :  0.002 0.004 0.003 0.006 0.971 0.003 0.004 0.003 0.003 0.003 
197 QAc-G-0172    (0)   :  0.800 0.004 0.008 0.016 0.018 0.032 0.010 0.031 0.014 0.067 
198 QAc-G-0173    (0)   :  0.003 0.003 0.006 0.500 0.475 0.003 0.002 0.003 0.002 0.003 
199 QAc-G-0174    (0)   :  0.003 0.005 0.005 0.944 0.021 0.005 0.003 0.007 0.003 0.003 
200 QAc-G-0175    (0)   :  0.002 0.003 0.003 0.005 0.973 0.003 0.003 0.003 0.002 0.003 
201 QAc-G-0176    (0)   :  0.005 0.151 0.006 0.006 0.794 0.016 0.004 0.004 0.003 0.011 
202 QAc-G-0177    (0)   :  0.002 0.003 0.003 0.005 0.971 0.003 0.003 0.003 0.002 0.003 
203 QAc-G-0178    (0)   :  0.004 0.003 0.013 0.011 0.689 0.005 0.239 0.004 0.015 0.018 
204 QAc-G-0179    (6)   :  0.002 0.004 0.003 0.006 0.972 0.003 0.002 0.003 0.002 0.003 
205 QAc-G-0180    (0)   :  0.002 0.003 0.003 0.003 0.976 0.003 0.003 0.002 0.002 0.002 
206 QAc-G-0181    (0)   :  0.004 0.004 0.002 0.004 0.942 0.028 0.006 0.003 0.003 0.004 
207 QAc-G-0182    (0)   :  0.005 0.004 0.002 0.536 0.423 0.004 0.004 0.008 0.006 0.006 
208 QAc-G-0183    (6)   :  0.009 0.003 0.008 0.015 0.936 0.004 0.005 0.006 0.004 0.010 
209 QAc-G-0184    (0)   :  0.003 0.003 0.003 0.004 0.972 0.003 0.003 0.003 0.003 0.003 
210 QAc-G-0185    (0)   :  0.011 0.011 0.005 0.062 0.731 0.009 0.119 0.009 0.028 0.014 
211 QAc-G-0186    (0)   :  0.005 0.006 0.002 0.004 0.948 0.020 0.006 0.002 0.002 0.004 
212 QAc-G-0187    (0)   :  0.005 0.013 0.033 0.005 0.774 0.019 0.119 0.007 0.005 0.021 
213 QAc-G-0188    (0)   :  0.545 0.014 0.003 0.011 0.252 0.028 0.005 0.020 0.004 0.117 
214 QAc-G-0189    (0)   :  0.005 0.003 0.013 0.041 0.919 0.003 0.006 0.004 0.002 0.006 
215 QAc-G-0190    (0)   :  0.003 0.003 0.004 0.004 0.969 0.004 0.003 0.003 0.004 0.003 
216 QAc-G-0191    (0)   :  0.003 0.004 0.003 0.005 0.968 0.004 0.003 0.003 0.004 0.003 
217 QAc-G-0192    (0)   :  0.002 0.003 0.003 0.003 0.977 0.003 0.003 0.002 0.002 0.002 
218 QAc-G-0193    (0)   :  0.003 0.004 0.003 0.003 0.970 0.004 0.004 0.003 0.004 0.003 
219 QAc-G-0194    (0)   :  0.003 0.005 0.005 0.004 0.963 0.005 0.005 0.004 0.003 0.003 
220 QAc-G-0195    (0)   :  0.005 0.006 0.015 0.895 0.055 0.009 0.004 0.003 0.003 0.005 
221 QAc-G-0196    (0)   :  0.002 0.004 0.006 0.326 0.646 0.004 0.004 0.003 0.002 0.003 
222 QAc-G-0197    (0)   :  0.002 0.003 0.003 0.004 0.976 0.002 0.002 0.003 0.002 0.002 
223 QAc-G-0198    (0)   :  0.002 0.004 0.003 0.006 0.970 0.004 0.003 0.002 0.003 0.003 
224 QAc-G-0199    (0)   :  0.005 0.019 0.006 0.134 0.680 0.007 0.105 0.005 0.018 0.021 
225 QAc-G-0200    (0)   :  0.003 0.008 0.003 0.005 0.959 0.007 0.005 0.004 0.002 0.004 
226 QAc-G-0201    (0)   :  0.002 0.004 0.004 0.522 0.449 0.004 0.003 0.004 0.002 0.007 
227 QAc-G-0202    (6)   :  0.005 0.005 0.011 0.439 0.521 0.003 0.003 0.006 0.002 0.003 
228 QAc-G-0203    (0)   :  0.006 0.004 0.011 0.004 0.951 0.003 0.002 0.005 0.002 0.010 
229 QAc-G-0204    (0)   :  0.003 0.005 0.004 0.005 0.965 0.004 0.003 0.003 0.002 0.004 
230 QAc-G-0205    (0)   :  0.002 0.002 0.978 0.003 0.003 0.002 0.002 0.002 0.002 0.002 
231 QAc-G-0206    (0)   :  0.052 0.018 0.750 0.004 0.003 0.013 0.006 0.017 0.004 0.133 
232 QAc-G-0207    (0)   :  0.004 0.006 0.946 0.004 0.006 0.005 0.009 0.008 0.005 0.007 
233 QAc-G-0208    (0)   :  0.003 0.003 0.973 0.003 0.003 0.003 0.003 0.003 0.004 0.003 
234 QAc-G-0209    (0)   :  0.003 0.003 0.968 0.005 0.006 0.003 0.004 0.003 0.002 0.003 
235 QAc-G-0210    (0)   :  0.003 0.003 0.976 0.002 0.002 0.003 0.003 0.003 0.002 0.003 
236 QAc-G-0211    (0)   :  0.003 0.002 0.972 0.002 0.002 0.002 0.003 0.004 0.004 0.004 
237 QAc-G-0212    (0)   :  0.002 0.003 0.973 0.003 0.004 0.003 0.003 0.002 0.003 0.003 
238 QAc-G-0213    (0)   :  0.002 0.005 0.966 0.003 0.005 0.006 0.004 0.003 0.003 0.003 
239 QAc-G-0214    (0)   :  0.002 0.003 0.975 0.004 0.004 0.002 0.002 0.002 0.002 0.003 
240 QAc-G-0215    (0)   :  0.004 0.003 0.967 0.003 0.003 0.005 0.004 0.003 0.003 0.006 
241 QAc-G-0216    (0)   :  0.170 0.009 0.094 0.387 0.017 0.028 0.006 0.030 0.004 0.256 
242 QAc-G-0217    (0)   :  0.008 0.005 0.934 0.014 0.003 0.005 0.007 0.007 0.011 0.006 
243 QAc-G-0218    (0)   :  0.003 0.006 0.955 0.004 0.005 0.008 0.008 0.003 0.005 0.005 
244 QAc-G-0219    (0)   :  0.024 0.041 0.829 0.006 0.008 0.008 0.008 0.013 0.017 0.048 
245 QAc-G-0220    (0)   :  0.006 0.005 0.877 0.003 0.004 0.006 0.007 0.011 0.005 0.077 
246 QAc-G-0221    (0)   :  0.005 0.014 0.873 0.029 0.005 0.009 0.034 0.011 0.012 0.009 
247 QAc-G-0222    (0)   :  0.002 0.004 0.972 0.003 0.004 0.004 0.003 0.003 0.002 0.003 
248 QAc-G-0223    (0)   :  0.004 0.004 0.963 0.003 0.003 0.005 0.007 0.003 0.005 0.003 
249 QAc-G-0224    (0)   :  0.003 0.003 0.966 0.003 0.005 0.003 0.005 0.004 0.003 0.004 
250 QAc-G-0226    (0)   :  0.003 0.004 0.971 0.003 0.003 0.004 0.003 0.003 0.003 0.003 
251 QAc-G-0227    (0)   :  0.004 0.947 0.004 0.005 0.005 0.009 0.004 0.005 0.012 0.005 
252 QAc-G-0228    (6)   :  0.003 0.966 0.004 0.004 0.004 0.005 0.004 0.003 0.003 0.004 
253 QAc-G-0229    (0)   :  0.011 0.899 0.007 0.012 0.006 0.020 0.017 0.009 0.004 0.015 
254 QAc-G-0230    (0)   :  0.012 0.126 0.017 0.008 0.009 0.807 0.006 0.006 0.003 0.007 
255 QAc-G-0231    (0)   :  0.003 0.003 0.966 0.003 0.007 0.003 0.003 0.005 0.004 0.003 
256 QAc-G-0232    (0)   :  0.005 0.934 0.003 0.002 0.003 0.024 0.010 0.005 0.008 0.007 
257 QAc-G-0233    (0)   :  0.003 0.025 0.031 0.004 0.005 0.639 0.156 0.005 0.006 0.126 
258 QAc-G-0234    (0)   :  0.004 0.842 0.006 0.022 0.013 0.077 0.017 0.006 0.005 0.008 
259 QAc-G-0235    (0)   :  0.904 0.005 0.007 0.025 0.004 0.007 0.008 0.018 0.003 0.019 
260 QAc-G-0236    (0)   :  0.003 0.960 0.005 0.005 0.005 0.005 0.004 0.004 0.006 0.003 
261 QAc-G-0237    (0)   :  0.009 0.857 0.022 0.006 0.015 0.040 0.013 0.013 0.018 0.008 
262 QAc-G-0238    (0)   :  0.003 0.954 0.006 0.003 0.005 0.013 0.004 0.003 0.003 0.004 
263 QAc-G-0239    (0)   :  0.004 0.961 0.004 0.003 0.004 0.008 0.005 0.004 0.003 0.006 
264 QAc-G-0240    (0)   :  0.006 0.959 0.002 0.003 0.003 0.007 0.005 0.004 0.006 0.005 
265 QAc-G-0241    (0)   :  0.027 0.627 0.008 0.032 0.006 0.170 0.028 0.021 0.007 0.074 
266 QAc-G-0242    (0)   :  0.003 0.034 0.010 0.004 0.004 0.913 0.010 0.006 0.010 0.007 
267 QAc-G-0243    (0)   :  0.009 0.185 0.017 0.008 0.003 0.482 0.135 0.013 0.064 0.083 
268 QAc-G-0244    (0)   :  0.011 0.928 0.009 0.005 0.005 0.007 0.005 0.008 0.004 0.018 
269 QAc-G-0245    (0)   :  0.004 0.930 0.003 0.007 0.006 0.017 0.006 0.006 0.017 0.004 
270 QAc-G-0246    (0)   :  0.004 0.963 0.004 0.003 0.005 0.004 0.004 0.004 0.004 0.005 
271 QAc-G-0247    (0)   :  0.003 0.971 0.003 0.002 0.002 0.004 0.004 0.003 0.003 0.004 
272 QAc-G-0248    (0)   :  0.007 0.402 0.003 0.003 0.003 0.562 0.004 0.005 0.003 0.006 
273 QAc-G-0249    (0)   :  0.013 0.006 0.009 0.007 0.012 0.020 0.903 0.004 0.003 0.022 
274 QAc-G-0025    (0)   :  0.003 0.004 0.973 0.003 0.004 0.004 0.002 0.003 0.003 0.003 
275 QAc-G-0028    (0)   :  0.003 0.413 0.029 0.005 0.007 0.414 0.086 0.006 0.004 0.032 
276 QAc-G-0275    (0)   :  0.003 0.005 0.958 0.004 0.012 0.004 0.003 0.004 0.002 0.004 
277 QAc-G-0263    (0)   :  0.015 0.004 0.026 0.502 0.011 0.007 0.142 0.017 0.006 0.271 
278 QAc-W-0001    (0)   :  0.007 0.008 0.004 0.003 0.003 0.947 0.004 0.005 0.016 0.004 
279 QAc-W-0002    (0)   :  0.023 0.823 0.003 0.007 0.023 0.053 0.019 0.026 0.003 0.019 
280 QAc-W-0003    (0)   :  0.014 0.008 0.023 0.035 0.006 0.868 0.004 0.018 0.008 0.015 
281 QAc-W-0004    (0)   :  0.003 0.007 0.006 0.003 0.005 0.961 0.005 0.003 0.004 0.003 
282 QAc-W-0005    (0)   :  0.005 0.005 0.003 0.005 0.005 0.962 0.004 0.003 0.005 0.004 
283 QAc-W-0006    (0)   :  0.005 0.005 0.004 0.003 0.004 0.957 0.007 0.006 0.005 0.004 
284 QAc-W-0007   (13)   :  0.003 0.009 0.004 0.004 0.003 0.958 0.007 0.004 0.005 0.004 
285 QAc-W-0008    (6)   :  0.005 0.007 0.002 0.003 0.004 0.941 0.016 0.006 0.003 0.013 
286 QAc-W-0009    (0)   :  0.121 0.696 0.006 0.004 0.012 0.034 0.019 0.050 0.008 0.051 
287 QAc-W-0010    (0)   :  0.007 0.006 0.004 0.021 0.005 0.887 0.040 0.013 0.008 0.009 
288 QAc-W-0011    (0)   :  0.023 0.117 0.007 0.017 0.052 0.714 0.006 0.025 0.014 0.025 
289 QAc-W-0012    (0)   :  0.008 0.051 0.005 0.006 0.025 0.869 0.011 0.008 0.006 0.013 
290 QAc-W-0013    (0)   :  0.014 0.664 0.153 0.005 0.008 0.034 0.006 0.094 0.004 0.018 
291 QAc-W-0014    (0)   :  0.003 0.011 0.004 0.009 0.003 0.938 0.016 0.005 0.004 0.005 
292 QAc-W-0015    (0)   :  0.014 0.665 0.044 0.135 0.017 0.037 0.041 0.023 0.004 0.021 
293 QAc-W-0016    (0)   :  0.015 0.004 0.012 0.019 0.006 0.880 0.028 0.010 0.003 0.022 
294 QAc-W-0017    (0)   :  0.026 0.101 0.024 0.107 0.012 0.113 0.121 0.042 0.010 0.444 
295 QAc-W-0018    (0)   :  0.024 0.023 0.029 0.003 0.003 0.731 0.017 0.076 0.009 0.085 
296 QAc-W-0019    (0)   :  0.013 0.008 0.007 0.004 0.004 0.936 0.013 0.005 0.004 0.006 
297 QAc-W-0020    (0)   :  0.007 0.005 0.002 0.003 0.003 0.929 0.003 0.005 0.032 0.012 
298 QAc-W-0021    (0)   :  0.032 0.010 0.163 0.004 0.012 0.664 0.027 0.008 0.014 0.067 
299 QAc-W-0022    (0)   :  0.017 0.128 0.020 0.078 0.010 0.295 0.134 0.017 0.007 0.293 
300 QAc-W-0023    (6)   :  0.070 0.104 0.027 0.006 0.003 0.477 0.085 0.044 0.079 0.105 
301 QAc-W-0024    (0)   :  0.008 0.006 0.121 0.005 0.026 0.776 0.013 0.006 0.005 0.035 
302 QAc-W-0025    (0)   :  0.006 0.300 0.006 0.004 0.005 0.654 0.008 0.005 0.004 0.009 
303 QAc-W-0026    (0)   :  0.007 0.009 0.026 0.021 0.048 0.801 0.037 0.011 0.027 0.014 
304 QAc-W-0027    (0)   :  0.010 0.294 0.003 0.004 0.008 0.636 0.017 0.011 0.004 0.014 
305 QAc-W-0028    (0)   :  0.008 0.041 0.003 0.006 0.007 0.906 0.005 0.010 0.004 0.009 
306 QAc-W-0029    (0)   :  0.006 0.137 0.006 0.002 0.003 0.793 0.005 0.030 0.006 0.012 
307 QAc-W-0030    (0)   :  0.006 0.757 0.004 0.007 0.010 0.178 0.004 0.015 0.009 0.011 
308 QAc-W-0031    (0)   :  0.006 0.020 0.061 0.003 0.004 0.882 0.004 0.007 0.004 0.008 
309 QAc-W-0032    (0)   :  0.003 0.009 0.003 0.002 0.002 0.959 0.004 0.003 0.011 0.003 
310 QAc-W-0033    (0)   :  0.003 0.013 0.007 0.006 0.005 0.877 0.022 0.023 0.012 0.031 
311 QAc-W-0034    (0)   :  0.016 0.073 0.004 0.003 0.005 0.870 0.010 0.010 0.004 0.006 
312 QAc-W-0035    (0)   :  0.006 0.485 0.032 0.021 0.026 0.285 0.094 0.016 0.005 0.030 
313 QAc-W-0036    (0)   :  0.009 0.039 0.003 0.005 0.004 0.879 0.008 0.010 0.032 0.011 
314 QAc-W-0037    (0)   :  0.005 0.805 0.022 0.006 0.041 0.071 0.007 0.011 0.021 0.011 
315 QAc-W-0038    (0)   :  0.012 0.099 0.005 0.029 0.015 0.755 0.008 0.007 0.014 0.056 
316 QAc-W-0039    (0)   :  0.005 0.023 0.006 0.012 0.028 0.895 0.006 0.010 0.009 0.005 
317 QAc-W-0040    (0)   :  0.004 0.006 0.007 0.006 0.006 0.747 0.184 0.004 0.022 0.013 
318 QAc-W-0041    (0)   :  0.021 0.169 0.084 0.005 0.017 0.564 0.013 0.099 0.004 0.024 
319 QAc-W-0042    (0)   :  0.008 0.008 0.004 0.004 0.007 0.006 0.004 0.879 0.077 0.005 
320 QAc-W-0043    (0)   :  0.010 0.010 0.004 0.007 0.008 0.005 0.004 0.944 0.004 0.005 
321 QAc-W-0044    (0)   :  0.009 0.018 0.004 0.037 0.014 0.014 0.026 0.776 0.093 0.008 
322 QAc-W-0045    (0)   :  0.019 0.008 0.003 0.003 0.004 0.004 0.004 0.935 0.014 0.005 
323 QAc-W-0046    (0)   :  0.006 0.008 0.005 0.004 0.009 0.004 0.004 0.949 0.007 0.004 
324 QAc-W-0047    (0)   :  0.028 0.017 0.003 0.033 0.007 0.007 0.009 0.877 0.013 0.006 
325 QAc-W-0048    (0)   :  0.331 0.009 0.007 0.005 0.003 0.014 0.004 0.553 0.056 0.017 
326 QAc-W-0049    (0)   :  0.412 0.006 0.008 0.003 0.005 0.007 0.005 0.469 0.073 0.012 
327 QAc-W-0050    (0)   :  0.024 0.007 0.009 0.004 0.007 0.005 0.024 0.878 0.004 0.038 
328 QAc-W-0051    (0)   :  0.005 0.007 0.009 0.013 0.006 0.008 0.004 0.933 0.007 0.007 
329 QAc-W-0052    (0)   :  0.003 0.005 0.002 0.003 0.004 0.004 0.003 0.004 0.969 0.003 
330 QAc-W-0053    (0)   :  0.532 0.009 0.003 0.006 0.004 0.013 0.011 0.402 0.013 0.007 
331 QAc-W-0054    (0)   :  0.005 0.011 0.006 0.121 0.114 0.008 0.091 0.542 0.023 0.079 
332 QAc-W-0055    (0)   :  0.004 0.004 0.030 0.045 0.316 0.005 0.023 0.556 0.004 0.013 
333 QAc-W-0056    (0)   :  0.007 0.039 0.022 0.021 0.007 0.068 0.017 0.461 0.007 0.350 
334 QAc-W-0057    (0)   :  0.019 0.008 0.027 0.116 0.004 0.009 0.014 0.744 0.006 0.051 
335 QAc-W-0058    (0)   :  0.026 0.008 0.124 0.017 0.009 0.005 0.004 0.758 0.006 0.043 
336 QAc-W-0059    (0)   :  0.967 0.004 0.002 0.004 0.004 0.003 0.003 0.006 0.004 0.003 
337 QAc-W-0060    (0)   :  0.007 0.045 0.003 0.854 0.012 0.004 0.007 0.007 0.053 0.007 
338 QAc-W-0061    (0)   :  0.052 0.012 0.013 0.741 0.071 0.023 0.030 0.020 0.004 0.032 
339 QAc-W-0062    (0)   :  0.003 0.004 0.006 0.943 0.008 0.003 0.008 0.004 0.016 0.004 
340 QAc-W-0063    (0)   :  0.004 0.007 0.009 0.907 0.011 0.014 0.018 0.007 0.015 0.008 
341 QAc-W-0064    (0)   :  0.004 0.011 0.006 0.925 0.016 0.010 0.008 0.005 0.005 0.009 
342 QAc-W-0065    (0)   :  0.009 0.015 0.006 0.833 0.005 0.012 0.025 0.060 0.006 0.031 
343 QAc-W-0066    (0)   :  0.002 0.003 0.004 0.003 0.975 0.003 0.002 0.002 0.002 0.002 
344 QAc-W-0067    (0)   :  0.002 0.002 0.003 0.003 0.976 0.002 0.003 0.003 0.003 0.002 
345 QAc-W-0068    (0)   :  0.002 0.004 0.003 0.005 0.974 0.003 0.002 0.002 0.002 0.002 
346 QAc-W-0069    (0)   :  0.002 0.003 0.003 0.005 0.972 0.003 0.003 0.003 0.002 0.003 
347 QAc-W-0070    (0)   :  0.002 0.003 0.003 0.393 0.587 0.002 0.003 0.003 0.002 0.002 
348 QAc-W-0071    (6)   :  0.005 0.006 0.016 0.693 0.257 0.004 0.004 0.005 0.004 0.005 
349 QAc-W-0072    (0)   :  0.003 0.005 0.009 0.798 0.004 0.029 0.129 0.007 0.004 0.012 
350 QAc-W-0073    (0)   :  0.058 0.009 0.006 0.877 0.004 0.009 0.008 0.014 0.006 0.009 
351 QAc-W-0074    (0)   :  0.003 0.003 0.004 0.970 0.004 0.004 0.004 0.003 0.003 0.003 
352 QAc-W-0075    (0)   :  0.003 0.003 0.004 0.960 0.015 0.003 0.004 0.003 0.002 0.003 
353 QAc-W-0076    (0)   :  0.004 0.003 0.006 0.940 0.003 0.003 0.028 0.004 0.003 0.005 
354 QAc-W-0077    (0)   :  0.004 0.005 0.003 0.768 0.135 0.007 0.006 0.061 0.004 0.006 
355 QAc-W-0078    (0)   :  0.006 0.027 0.573 0.008 0.038 0.083 0.123 0.014 0.018 0.110 
356 QAc-W-0079    (6)   :  0.007 0.010 0.917 0.007 0.024 0.010 0.009 0.007 0.005 0.005 
357 QAc-W-0080   (13)   :  0.012 0.004 0.912 0.003 0.004 0.048 0.004 0.003 0.002 0.008 
358 QAc-W-0081    (0)   :  0.003 0.005 0.955 0.005 0.003 0.007 0.004 0.006 0.007 0.005 
359 QAc-W-0082    (0)   :  0.009 0.005 0.504 0.005 0.003 0.005 0.007 0.433 0.002 0.027 
360 QAc-W-0083    (0)   :  0.008 0.012 0.836 0.053 0.012 0.013 0.030 0.015 0.013 0.008 
361 QAc-W-0084    (0)   :  0.003 0.004 0.962 0.003 0.004 0.006 0.003 0.004 0.007 0.003 
362 QAc-W-0085    (0)   :  0.003 0.003 0.968 0.003 0.005 0.003 0.004 0.003 0.004 0.005 
363 QAc-W-0086    (0)   :  0.003 0.004 0.958 0.003 0.006 0.005 0.008 0.005 0.004 0.005 
364 QAc-W-0087    (0)   :  0.009 0.004 0.938 0.003 0.007 0.010 0.013 0.005 0.003 0.007 
365 QAc-W-0088    (0)   :  0.057 0.006 0.888 0.004 0.004 0.005 0.008 0.004 0.004 0.021 
366 QAc-W-0089    (0)   :  0.003 0.006 0.958 0.004 0.007 0.006 0.003 0.006 0.003 0.004 
367 QAc-W-0090    (0)   :  0.004 0.006 0.960 0.003 0.007 0.006 0.004 0.005 0.003 0.003 
368 QAc-W-0091    (0)   :  0.012 0.004 0.918 0.007 0.005 0.010 0.009 0.007 0.013 0.017 
369 QAc-W-0092    (0)   :  0.006 0.025 0.661 0.004 0.008 0.053 0.007 0.010 0.215 0.012 
370 QAc-W-0093    (0)   :  0.060 0.062 0.637 0.005 0.002 0.042 0.036 0.019 0.007 0.130 
371 QAc-W-0094    (0)   :  0.017 0.012 0.498 0.049 0.003 0.091 0.009 0.020 0.234 0.067 
372 QAc-W-0095    (0)   :  0.007 0.011 0.844 0.023 0.003 0.023 0.007 0.017 0.057 0.007 
373 QAc-W-0096    (0)   :  0.021 0.010 0.695 0.047 0.006 0.047 0.017 0.020 0.112 0.025 
374 QAc-W-0097    (0)   :  0.094 0.038 0.587 0.006 0.006 0.050 0.005 0.089 0.006 0.119 
375 QAc-W-0098    (0)   :  0.013 0.006 0.950 0.003 0.003 0.005 0.005 0.004 0.005 0.008 
376 QAc-W-0099    (0)   :  0.011 0.020 0.748 0.006 0.004 0.012 0.062 0.043 0.011 0.084 
377 QAc-W-0100    (0)   :  0.008 0.006 0.946 0.003 0.004 0.004 0.010 0.004 0.004 0.011 
378 QAc-W-0101    (0)   :  0.004 0.005 0.907 0.008 0.039 0.012 0.010 0.005 0.003 0.007 
379 QAc-W-0104    (0)   :  0.014 0.006 0.915 0.005 0.003 0.009 0.018 0.014 0.004 0.012 
380 QAc-W-0105    (0)   :  0.003 0.012 0.938 0.004 0.005 0.007 0.004 0.007 0.013 0.007 
381 QAc-W-0106    (0)   :  0.004 0.019 0.837 0.004 0.006 0.015 0.008 0.012 0.055 0.040 
382 QAc-W-0107    (0)   :  0.003 0.003 0.958 0.012 0.004 0.004 0.004 0.004 0.004 0.004 
383 QAc-W-0108    (0)   :  0.004 0.003 0.967 0.007 0.005 0.003 0.003 0.003 0.002 0.003 
384 QAc-W-0109    (0)   :  0.015 0.009 0.899 0.007 0.025 0.012 0.005 0.011 0.007 0.010 
385 QAc-W-0110   (13)   :  0.005 0.004 0.177 0.004 0.008 0.773 0.012 0.005 0.004 0.008 
386 QAc-W-0111    (6)   :  0.005 0.013 0.943 0.003 0.006 0.007 0.004 0.006 0.006 0.007 
387 QAc-W-0112   (13)   :  0.015 0.015 0.904 0.004 0.004 0.009 0.020 0.005 0.009 0.014 
388 QAc-W-0113   (13)   :  0.005 0.010 0.006 0.005 0.003 0.009 0.943 0.007 0.003 0.009 
389 QAc-W-0114   (13)   :  0.019 0.004 0.016 0.004 0.005 0.007 0.919 0.008 0.009 0.011 
390 QAc-W-0115    (0)   :  0.003 0.007 0.006 0.006 0.005 0.010 0.951 0.002 0.005 0.005 
391 QAc-W-0116    (0)   :  0.013 0.021 0.004 0.003 0.002 0.011 0.907 0.011 0.014 0.013 
392 QAc-W-0117    (0)   :  0.009 0.006 0.003 0.004 0.004 0.005 0.955 0.004 0.003 0.007 
393 QAc-W-0118    (0)   :  0.005 0.005 0.014 0.031 0.020 0.005 0.902 0.005 0.004 0.009 
394 QAc-W-0119    (0)   :  0.003 0.007 0.004 0.003 0.008 0.005 0.945 0.008 0.007 0.010 
395 QAc-W-0120    (0)   :  0.007 0.010 0.006 0.013 0.011 0.009 0.919 0.005 0.003 0.018 
396 QAc-W-0121    (0)   :  0.007 0.007 0.003 0.011 0.041 0.005 0.870 0.043 0.003 0.011 
397 QAc-W-0122    (0)   :  0.015 0.008 0.004 0.006 0.003 0.020 0.910 0.008 0.004 0.022 
398 QAc-W-0123    (6)   :  0.016 0.014 0.010 0.010 0.010 0.004 0.862 0.011 0.013 0.051 
399 QAc-W-0124    (0)   :  0.004 0.056 0.043 0.152 0.013 0.031 0.662 0.006 0.009 0.024 
400 QAc-W-0125    (0)   :  0.008 0.005 0.012 0.006 0.008 0.007 0.933 0.005 0.010 0.008 
401 QAc-W-0126   (13)   :  0.011 0.007 0.022 0.007 0.006 0.012 0.875 0.017 0.013 0.028 
402 QAc-W-0127    (6)   :  0.004 0.005 0.003 0.005 0.004 0.008 0.952 0.007 0.004 0.007 
403 QAc-W-0128   (13)   :  0.013 0.008 0.038 0.006 0.013 0.018 0.881 0.005 0.003 0.015 
404 QAc-W-0129   (13)   :  0.035 0.012 0.005 0.012 0.006 0.048 0.847 0.005 0.005 0.026 
405 QAc-W-0130   (13)   :  0.011 0.010 0.007 0.004 0.006 0.025 0.923 0.004 0.003 0.007 
406 QAc-W-0131    (0)   :  0.005 0.004 0.005 0.010 0.004 0.006 0.855 0.009 0.037 0.064 
407 QAc-W-0132    (6)   :  0.005 0.038 0.015 0.022 0.042 0.013 0.828 0.005 0.017 0.014 
408 QAc-W-0133    (6)   :  0.005 0.005 0.052 0.017 0.128 0.008 0.480 0.019 0.006 0.280 
409 QAc-W-0134    (0)   :  0.005 0.004 0.004 0.006 0.003 0.003 0.961 0.005 0.005 0.003 
410 QAc-W-0135    (0)   :  0.007 0.023 0.005 0.016 0.013 0.041 0.878 0.006 0.003 0.008 
411 QAc-W-0136    (0)   :  0.003 0.005 0.003 0.003 0.003 0.004 0.960 0.003 0.011 0.004 
412 QAc-W-0137    (0)   :  0.003 0.004 0.002 0.004 0.003 0.003 0.969 0.003 0.005 0.004 
413 QAc-W-0138    (0)   :  0.003 0.005 0.002 0.003 0.003 0.005 0.967 0.003 0.005 0.004 
414 QAc-W-0139    (0)   :  0.004 0.015 0.028 0.236 0.005 0.065 0.620 0.008 0.006 0.012 
415 QAc-W-0140    (0)   :  0.044 0.019 0.005 0.004 0.004 0.021 0.853 0.034 0.003 0.014 
416 QAc-W-0141    (6)   :  0.029 0.056 0.005 0.008 0.014 0.043 0.799 0.011 0.004 0.031 
417 QAc-W-0142    (0)   :  0.004 0.004 0.003 0.009 0.005 0.003 0.958 0.006 0.003 0.004 
