

----------------------------------------------------
STRUCTURE by Pritchard, Stephens and Donnelly (2000)
     and Falush, Stephens and Pritchard (2003)
       Code by Pritchard, Falush and Hubisz
             Version 2.3.4 (Jul 2012)
----------------------------------------------------



Command line arguments:   bin\structure -m C:\Users\eschumacher\Documents\GitHub\GCC_QUAC_ZAIN\Data_Files\Structure_Files\QUAC\QUAC_wK_nopopinfo_garden_wild\QUAC_wK_nopopinfo_STR\50-50\mainparams -e C:\Users\eschumacher\Documents\GitHub\GCC_QUAC_ZAIN\Data_Files\Structure_Files\QUAC\QUAC_wK_nopopinfo_garden_wild\QUAC_wK_nopopinfo_STR\50-50\extraparams 
Input File:    C:\Users\eschumacher\Documents\GitHub\GCC_QUAC_ZAIN\Data_Files\Structure_Files\QUAC\QUAC_wK_nopopinfo_garden_wild\QUAC_wK_nopopinfo_STR\project_data

Run parameters:
   449 individuals
   15 loci
   9 populations assumed
   50000 Burn-in period
   50000 Reps


--------------------------------------------
Overall proportion of membership of the
sample in each of the 9 clusters

Inferred Clusters
  1      2      3      4      5      6      7      8      9    
0.091  0.081  0.104  0.182  0.071  0.065  0.127  0.137  0.142  

--------------------------------------------

Allele-freq. divergence among pops (Net nucleotide distance),
computed using point estimates of P.

      1       2       3       4       5       6       7       8       9      
 1      -    0.0557  0.0343  0.0724  0.0864  0.0591  0.0334  0.0342  0.0990  
 2   0.0557     -    0.1020  0.1267  0.1329  0.1297  0.0857  0.0516  0.1511  
 3   0.0343  0.1020     -    0.1247  0.1019  0.0880  0.0671  0.0656  0.1281  
 4   0.0724  0.1267  0.1247     -    0.1682  0.1075  0.1053  0.1013  0.1444  
 5   0.0864  0.1329  0.1019  0.1682     -    0.1398  0.1011  0.0942  0.1672  
 6   0.0591  0.1297  0.0880  0.1075  0.1398     -    0.0828  0.0884  0.0960  
 7   0.0334  0.0857  0.0671  0.1053  0.1011  0.0828     -    0.0541  0.1283  
 8   0.0342  0.0516  0.0656  0.1013  0.0942  0.0884  0.0541     -    0.1040  
 9   0.0990  0.1511  0.1281  0.1444  0.1672  0.0960  0.1283  0.1040     -    

Average distances (expected heterozygosity) between individuals in same cluster:
cluster  1  : 0.6938 
cluster  2  : 0.5379 
cluster  3  : 0.6113 
cluster  4  : 0.4905 
cluster  5  : 0.4646 
cluster  6  : 0.5159 
cluster  7  : 0.5541 
cluster  8  : 0.5448 
cluster  9  : 0.4006 

--------------------------------------------
Estimated Ln Prob of Data   = -15870.8
Mean value of ln likelihood = -15409.9
Variance of ln likelihood   = 921.6
Mean value of alpha         = 0.0338

Mean value of Fst_1         = 0.0049
Mean value of Fst_2         = 0.2032
Mean value of Fst_3         = 0.0956
Mean value of Fst_4         = 0.2838
Mean value of Fst_5         = 0.4134
Mean value of Fst_6         = 0.2556
Mean value of Fst_7         = 0.1453
Mean value of Fst_8         = 0.1935
Mean value of Fst_9         = 0.4965


Inferred ancestry of individuals:
        Label (%Miss) :  Inferred clusters
  1 QAc-G-0029    (0)   :  0.009 0.040 0.003 0.915 0.004 0.006 0.004 0.005 0.013 
  2 QAc-G-0030    (0)   :  0.003 0.002 0.002 0.977 0.003 0.004 0.003 0.003 0.003 
  3 QAc-G-0031    (0)   :  0.003 0.003 0.002 0.974 0.003 0.006 0.003 0.003 0.005 
  4 QAc-G-0061    (0)   :  0.004 0.008 0.003 0.961 0.007 0.003 0.005 0.005 0.004 
  5 QAc-G-0062    (0)   :  0.066 0.009 0.007 0.006 0.432 0.371 0.085 0.004 0.021 
  6 QAc-G-0063    (0)   :  0.092 0.065 0.009 0.007 0.017 0.175 0.037 0.031 0.568 
  7 QAc-G-0064    (0)   :  0.003 0.004 0.004 0.003 0.969 0.005 0.004 0.003 0.005 
  8 QAc-G-0065    (0)   :  0.003 0.003 0.004 0.005 0.977 0.002 0.002 0.003 0.002 
  9 QAc-G-0066    (0)   :  0.003 0.004 0.002 0.004 0.003 0.004 0.003 0.003 0.974 
 10 QAc-G-0067    (0)   :  0.003 0.002 0.003 0.006 0.972 0.003 0.004 0.004 0.003 
 11 QAc-G-0068    (0)   :  0.266 0.003 0.124 0.004 0.006 0.004 0.018 0.003 0.572 
 12 QAc-G-0070    (0)   :  0.019 0.009 0.007 0.005 0.010 0.088 0.302 0.010 0.549 
 13 QAc-G-0071   (13)   :  0.006 0.004 0.007 0.014 0.002 0.043 0.006 0.004 0.913 
 14 QAc-G-0072    (0)   :  0.003 0.005 0.003 0.003 0.003 0.003 0.004 0.004 0.973 
 15 QAc-G-0073    (0)   :  0.005 0.932 0.004 0.007 0.003 0.004 0.004 0.035 0.006 
 16 QAc-G-0074    (0)   :  0.012 0.013 0.007 0.005 0.004 0.025 0.012 0.864 0.058 
 17 QAc-G-0075    (0)   :  0.008 0.010 0.006 0.009 0.006 0.005 0.005 0.945 0.007 
 18 QAc-G-0076    (0)   :  0.039 0.835 0.008 0.011 0.009 0.004 0.012 0.066 0.016 
 19 QAc-G-0077    (0)   :  0.004 0.008 0.003 0.952 0.009 0.006 0.003 0.006 0.010 
 20 QAc-G-0078    (0)   :  0.003 0.002 0.002 0.979 0.002 0.004 0.003 0.003 0.003 
 21 QAc-G-0079    (0)   :  0.003 0.004 0.005 0.971 0.002 0.005 0.003 0.004 0.004 
 22 QAc-G-0080    (0)   :  0.609 0.017 0.007 0.306 0.016 0.010 0.006 0.022 0.007 
 23 QAc-G-0081    (0)   :  0.497 0.096 0.017 0.007 0.004 0.036 0.332 0.007 0.005 
 24 QAc-G-0082    (0)   :  0.905 0.050 0.010 0.003 0.003 0.006 0.016 0.005 0.002 
 25 QAc-G-0083    (0)   :  0.007 0.024 0.005 0.013 0.013 0.884 0.011 0.033 0.010 
 26 QAc-G-0001   (13)   :  0.003 0.003 0.004 0.973 0.002 0.004 0.003 0.003 0.006 
 27 QAc-G-0002    (0)   :  0.002 0.002 0.003 0.979 0.002 0.002 0.002 0.003 0.003 
 28 QAc-G-0285    (0)   :  0.005 0.006 0.008 0.006 0.004 0.946 0.007 0.004 0.013 
 29 QAc-G-0286    (0)   :  0.003 0.003 0.003 0.003 0.002 0.005 0.003 0.003 0.976 
 30 QAc-G-0287    (0)   :  0.002 0.002 0.002 0.003 0.002 0.003 0.002 0.003 0.979 
 31 QAc-G-0288    (6)   :  0.011 0.008 0.006 0.038 0.009 0.008 0.044 0.017 0.857 
 32 QAc-G-0289    (0)   :  0.003 0.002 0.002 0.003 0.003 0.003 0.003 0.004 0.975 
 33 QAc-G-0290    (0)   :  0.003 0.003 0.003 0.003 0.006 0.004 0.004 0.004 0.971 
 34 QAc-G-0291    (0)   :  0.005 0.011 0.004 0.037 0.003 0.026 0.002 0.003 0.909 
 35 QAc-G-0292    (0)   :  0.007 0.004 0.007 0.004 0.003 0.703 0.010 0.005 0.258 
 36 QAc-G-0293    (0)   :  0.003 0.003 0.003 0.008 0.002 0.465 0.002 0.002 0.511 
 37 QAc-G-0294    (0)   :  0.018 0.903 0.021 0.008 0.006 0.004 0.009 0.027 0.004 
 38 QAc-G-0295    (0)   :  0.006 0.954 0.004 0.006 0.004 0.004 0.003 0.013 0.007 
 39 QAc-G-0296    (0)   :  0.004 0.042 0.004 0.003 0.011 0.004 0.004 0.925 0.005 
 40 QAc-G-0297    (0)   :  0.575 0.032 0.016 0.003 0.004 0.003 0.006 0.358 0.002 
 41 QAc-G-0298    (6)   :  0.011 0.263 0.005 0.019 0.007 0.014 0.006 0.671 0.004 
 42 QAc-G-0299    (0)   :  0.007 0.022 0.009 0.004 0.004 0.006 0.004 0.932 0.013 
 43 QAc-G-0300    (0)   :  0.006 0.069 0.004 0.003 0.023 0.003 0.011 0.878 0.004 
 44 QAc-G-0301    (0)   :  0.009 0.026 0.005 0.005 0.086 0.007 0.004 0.842 0.016 
 45 QAc-G-0302    (0)   :  0.017 0.004 0.936 0.004 0.003 0.007 0.004 0.020 0.006 
 46 QAc-G-0303    (0)   :  0.040 0.016 0.885 0.005 0.006 0.009 0.033 0.004 0.003 
 47 QAc-G-0304    (0)   :  0.003 0.003 0.002 0.003 0.002 0.006 0.003 0.004 0.974 
 48 QAc-G-0305    (0)   :  0.075 0.006 0.075 0.050 0.003 0.182 0.048 0.006 0.557 
 49 QAc-G-0306    (0)   :  0.002 0.002 0.002 0.004 0.002 0.005 0.003 0.003 0.977 
 50 QAc-G-0307    (0)   :  0.036 0.008 0.012 0.834 0.005 0.026 0.065 0.010 0.005 
 51 QAc-G-0308    (0)   :  0.009 0.016 0.011 0.916 0.004 0.009 0.009 0.012 0.015 
 52 QAc-G-0309    (0)   :  0.015 0.005 0.003 0.955 0.003 0.007 0.004 0.004 0.004 
 53 QAc-G-0310    (0)   :  0.003 0.004 0.003 0.972 0.003 0.005 0.003 0.004 0.004 
 54 QAc-G-0311    (0)   :  0.003 0.003 0.002 0.981 0.002 0.002 0.002 0.002 0.003 
 55 QAc-G-0312    (0)   :  0.557 0.030 0.032 0.256 0.015 0.004 0.063 0.037 0.006 
 56 QAc-G-0313    (0)   :  0.806 0.017 0.006 0.012 0.007 0.057 0.077 0.011 0.007 
 57 QAc-G-0314    (0)   :  0.611 0.027 0.020 0.012 0.009 0.003 0.133 0.182 0.004 
 58 QAc-G-0315    (0)   :  0.925 0.008 0.013 0.004 0.007 0.007 0.016 0.010 0.009 
 59 QAc-G-0316    (0)   :  0.791 0.004 0.006 0.028 0.009 0.009 0.131 0.012 0.010 
 60 QAc-G-0032    (6)   :  0.434 0.008 0.394 0.006 0.126 0.003 0.009 0.013 0.008 
 61 QAc-G-0033    (0)   :  0.003 0.009 0.004 0.004 0.006 0.003 0.004 0.963 0.004 
 62 QAc-G-0034    (0)   :  0.013 0.035 0.009 0.041 0.008 0.004 0.026 0.861 0.004 
 63 QAc-G-0035    (0)   :  0.011 0.677 0.006 0.004 0.014 0.009 0.011 0.258 0.011 
 64 QAc-G-0036    (0)   :  0.005 0.006 0.003 0.005 0.005 0.006 0.006 0.955 0.008 
 65 QAc-G-0037    (0)   :  0.003 0.970 0.002 0.005 0.004 0.003 0.002 0.004 0.007 
 66 QAc-G-0038    (0)   :  0.004 0.909 0.004 0.002 0.003 0.003 0.007 0.065 0.004 
 67 QAc-G-0039    (0)   :  0.024 0.760 0.024 0.044 0.005 0.004 0.056 0.074 0.009 
 68 QAc-G-0040    (0)   :  0.011 0.803 0.006 0.004 0.003 0.016 0.053 0.023 0.082 
 69 QAc-G-0041    (0)   :  0.005 0.903 0.003 0.002 0.048 0.011 0.014 0.011 0.003 
 70 QAc-G-0042    (0)   :  0.004 0.015 0.006 0.003 0.004 0.003 0.004 0.955 0.006 
 71 QAc-G-0043    (0)   :  0.004 0.962 0.003 0.006 0.003 0.003 0.003 0.008 0.008 
 72 QAc-G-0044    (0)   :  0.007 0.014 0.009 0.003 0.016 0.004 0.005 0.932 0.009 
 73 QAc-G-0045    (0)   :  0.005 0.029 0.005 0.012 0.009 0.004 0.006 0.924 0.006 
 74 QAc-G-0046    (0)   :  0.006 0.961 0.003 0.008 0.003 0.004 0.008 0.005 0.002 
 75 QAc-G-0047    (0)   :  0.008 0.904 0.014 0.035 0.005 0.005 0.008 0.014 0.008 
 76 QAc-G-0048    (0)   :  0.007 0.934 0.004 0.003 0.004 0.010 0.007 0.027 0.004 
 77 QAc-G-0049    (0)   :  0.003 0.002 0.002 0.977 0.003 0.003 0.003 0.003 0.005 
 78 QAc-G-0050    (0)   :  0.884 0.006 0.027 0.032 0.005 0.006 0.018 0.004 0.018 
 79 QAc-G-0051    (0)   :  0.004 0.002 0.003 0.974 0.002 0.007 0.003 0.002 0.004 
 80 QAc-G-0052    (0)   :  0.018 0.026 0.006 0.894 0.028 0.003 0.013 0.008 0.003 
 81 QAc-G-0053    (0)   :  0.007 0.033 0.003 0.927 0.006 0.006 0.003 0.005 0.010 
 82 QAc-G-0054    (0)   :  0.863 0.017 0.013 0.073 0.004 0.003 0.018 0.004 0.006 
 83 QAc-G-0055    (0)   :  0.631 0.010 0.019 0.314 0.003 0.005 0.008 0.006 0.004 
 84 QAc-G-0056    (0)   :  0.884 0.005 0.012 0.016 0.009 0.005 0.043 0.010 0.015 
 85 QAc-G-0057    (0)   :  0.003 0.004 0.004 0.972 0.002 0.004 0.003 0.003 0.004 
 86 QAc-G-0058    (6)   :  0.003 0.003 0.003 0.974 0.003 0.005 0.003 0.003 0.003 
 87 QAc-G-0059    (0)   :  0.735 0.052 0.005 0.188 0.004 0.003 0.008 0.003 0.003 
 88 QAc-G-0060    (6)   :  0.064 0.019 0.005 0.857 0.018 0.006 0.006 0.010 0.016 
 89 QAc-G-0276    (0)   :  0.006 0.013 0.004 0.010 0.003 0.590 0.005 0.017 0.353 
 90 QAc-G-0279    (0)   :  0.003 0.003 0.002 0.005 0.002 0.004 0.003 0.003 0.975 
 91 QAc-G-0280    (6)   :  0.005 0.005 0.003 0.003 0.003 0.005 0.004 0.008 0.964 
 92 QAc-G-0281    (0)   :  0.004 0.004 0.003 0.969 0.003 0.003 0.004 0.003 0.006 
 93 QAc-G-0018    (0)   :  0.013 0.019 0.017 0.015 0.005 0.004 0.007 0.914 0.006 
 94 QAc-G-0019    (0)   :  0.004 0.009 0.004 0.004 0.030 0.008 0.005 0.928 0.008 
 95 QAc-G-0020    (0)   :  0.005 0.976 0.003 0.003 0.003 0.003 0.003 0.003 0.002 
 96 QAc-G-0021    (6)   :  0.005 0.919 0.003 0.013 0.038 0.002 0.003 0.014 0.003 
 97 QAc-G-0022    (6)   :  0.080 0.610 0.010 0.017 0.065 0.013 0.079 0.121 0.004 
 98 QAc-G-0023    (0)   :  0.004 0.003 0.004 0.970 0.002 0.008 0.003 0.003 0.003 
 99 QAc-G-0024    (0)   :  0.003 0.005 0.004 0.969 0.004 0.003 0.003 0.007 0.003 
100 QAc-G-0016    (0)   :  0.798 0.009 0.092 0.060 0.004 0.004 0.011 0.009 0.013 
101 QAc-G-0017    (0)   :  0.024 0.010 0.726 0.004 0.209 0.007 0.009 0.007 0.005 
102 QAc-G-0250    (0)   :  0.574 0.035 0.033 0.008 0.007 0.193 0.014 0.008 0.127 
103 QAc-G-0003    (6)   :  0.004 0.004 0.003 0.004 0.003 0.009 0.006 0.005 0.962 
104 QAc-G-0004    (0)   :  0.028 0.080 0.848 0.009 0.006 0.006 0.005 0.014 0.003 
105 QAc-G-0005    (0)   :  0.003 0.003 0.004 0.003 0.977 0.003 0.003 0.003 0.003 
106 QAc-G-0006    (6)   :  0.093 0.019 0.845 0.003 0.003 0.012 0.012 0.008 0.005 
107 QAc-G-0283    (0)   :  0.665 0.006 0.027 0.004 0.004 0.114 0.170 0.007 0.003 
108 QAc-G-0265    (0)   :  0.261 0.009 0.025 0.160 0.006 0.498 0.007 0.030 0.003 
109 QAc-G-0266    (0)   :  0.003 0.002 0.002 0.977 0.002 0.004 0.002 0.003 0.005 
110 QAc-G-0267    (0)   :  0.011 0.141 0.005 0.005 0.101 0.625 0.011 0.097 0.005 
111 QAc-G-0268   (20)   :  0.388 0.005 0.018 0.006 0.013 0.013 0.008 0.006 0.544 
112 QAc-G-0269    (0)   :  0.003 0.004 0.002 0.004 0.003 0.004 0.002 0.004 0.974 
113 QAc-G-0270    (6)   :  0.004 0.005 0.003 0.003 0.007 0.004 0.004 0.965 0.004 
114 QAc-G-0271    (0)   :  0.145 0.140 0.016 0.004 0.149 0.008 0.010 0.522 0.004 
115 QAc-G-0272    (6)   :  0.005 0.017 0.006 0.005 0.003 0.006 0.005 0.939 0.013 
116 QAc-G-0273    (0)   :  0.005 0.005 0.004 0.964 0.007 0.004 0.005 0.003 0.004 
117 QAc-G-0274    (0)   :  0.002 0.002 0.003 0.002 0.980 0.003 0.003 0.003 0.002 
118 QAc-G-0251    (6)   :  0.005 0.006 0.010 0.004 0.011 0.003 0.006 0.952 0.003 
119 QAc-G-0252    (0)   :  0.014 0.361 0.020 0.006 0.009 0.004 0.030 0.550 0.006 
120 QAc-G-0253    (0)   :  0.007 0.007 0.003 0.965 0.003 0.004 0.004 0.003 0.005 
121 QAc-G-0254    (0)   :  0.003 0.002 0.002 0.980 0.002 0.003 0.003 0.003 0.003 
122 QAc-G-0255    (0)   :  0.018 0.009 0.924 0.004 0.007 0.009 0.007 0.018 0.005 
123 QAc-G-0256    (0)   :  0.005 0.005 0.950 0.005 0.008 0.007 0.003 0.008 0.009 
124 QAc-G-0257    (0)   :  0.016 0.013 0.846 0.008 0.051 0.006 0.052 0.005 0.003 
125 QAc-G-0258    (0)   :  0.011 0.004 0.961 0.003 0.006 0.004 0.003 0.005 0.003 
126 QAc-G-0259    (0)   :  0.964 0.006 0.009 0.002 0.002 0.002 0.009 0.004 0.002 
127 QAc-G-0260    (0)   :  0.686 0.011 0.059 0.010 0.076 0.014 0.080 0.014 0.049 
128 QAc-G-0261    (0)   :  0.484 0.012 0.042 0.004 0.437 0.004 0.007 0.006 0.004 
129 QAc-G-0262    (0)   :  0.646 0.007 0.241 0.007 0.041 0.020 0.018 0.005 0.015 
130 QAc-G-0010    (0)   :  0.009 0.016 0.004 0.011 0.004 0.911 0.008 0.006 0.032 
131 QAc-G-0011    (0)   :  0.020 0.008 0.004 0.004 0.005 0.002 0.946 0.007 0.004 
132 QAc-G-0015    (0)   :  0.025 0.013 0.086 0.809 0.007 0.018 0.027 0.013 0.003 
133 QAc-G-0106    (0)   :  0.018 0.004 0.923 0.002 0.027 0.003 0.006 0.015 0.003 
134 QAc-G-0107    (0)   :  0.010 0.003 0.953 0.008 0.003 0.008 0.005 0.005 0.006 
135 QAc-G-0108    (0)   :  0.005 0.006 0.964 0.002 0.004 0.004 0.005 0.005 0.005 
136 QAc-G-0109    (0)   :  0.113 0.006 0.789 0.013 0.029 0.008 0.027 0.009 0.005 
137 QAc-G-0110    (0)   :  0.042 0.012 0.780 0.007 0.003 0.018 0.011 0.062 0.064 
138 QAc-G-0111    (0)   :  0.011 0.015 0.922 0.005 0.005 0.023 0.007 0.008 0.005 
139 QAc-G-0112    (0)   :  0.022 0.005 0.914 0.009 0.004 0.014 0.003 0.004 0.026 
140 QAc-G-0113    (0)   :  0.071 0.006 0.832 0.028 0.024 0.019 0.005 0.006 0.009 
141 QAc-G-0114    (0)   :  0.017 0.019 0.861 0.018 0.003 0.010 0.006 0.051 0.014 
142 QAc-G-0115    (0)   :  0.009 0.005 0.954 0.004 0.006 0.004 0.004 0.004 0.009 
143 QAc-G-0116    (0)   :  0.009 0.003 0.939 0.007 0.006 0.013 0.007 0.004 0.012 
144 QAc-G-0117    (0)   :  0.213 0.115 0.379 0.011 0.087 0.065 0.011 0.114 0.005 
145 QAc-G-0118    (0)   :  0.009 0.004 0.934 0.002 0.019 0.013 0.009 0.007 0.003 
146 QAc-G-0119    (0)   :  0.019 0.019 0.909 0.006 0.022 0.003 0.003 0.016 0.002 
147 QAc-G-0120    (0)   :  0.089 0.006 0.847 0.006 0.006 0.006 0.012 0.022 0.006 
148 QAc-G-0121    (0)   :  0.005 0.009 0.006 0.004 0.957 0.004 0.002 0.006 0.007 
149 QAc-G-0122    (0)   :  0.005 0.011 0.007 0.004 0.917 0.009 0.005 0.008 0.035 
150 QAc-G-0123    (0)   :  0.002 0.004 0.002 0.002 0.979 0.002 0.002 0.004 0.002 
151 QAc-G-0124    (6)   :  0.003 0.003 0.004 0.003 0.972 0.003 0.004 0.006 0.003 
152 QAc-G-0125    (0)   :  0.284 0.025 0.035 0.051 0.495 0.051 0.044 0.003 0.012 
153 QAc-G-0126    (0)   :  0.574 0.014 0.121 0.011 0.244 0.005 0.014 0.009 0.007 
154 QAc-G-0127    (0)   :  0.005 0.005 0.008 0.005 0.951 0.004 0.011 0.007 0.004 
155 QAc-G-0128    (0)   :  0.003 0.003 0.003 0.003 0.974 0.003 0.003 0.003 0.005 
156 QAc-G-0129    (0)   :  0.002 0.002 0.003 0.002 0.980 0.002 0.002 0.004 0.003 
157 QAc-G-0130    (0)   :  0.006 0.010 0.038 0.003 0.907 0.006 0.018 0.008 0.003 
158 QAc-G-0131    (0)   :  0.004 0.006 0.004 0.004 0.963 0.003 0.004 0.006 0.005 
159 QAc-G-0132    (0)   :  0.023 0.006 0.160 0.013 0.751 0.020 0.007 0.006 0.014 
160 QAc-G-0133    (0)   :  0.004 0.005 0.003 0.003 0.961 0.005 0.004 0.010 0.004 
161 QAc-G-0134    (0)   :  0.004 0.005 0.004 0.004 0.968 0.003 0.003 0.005 0.004 
162 QAc-G-0135    (0)   :  0.009 0.009 0.943 0.008 0.003 0.004 0.006 0.012 0.006 
163 QAc-G-0136    (0)   :  0.014 0.004 0.812 0.008 0.005 0.135 0.011 0.006 0.006 
164 QAc-G-0137    (0)   :  0.016 0.007 0.911 0.003 0.034 0.006 0.006 0.012 0.004 
165 QAc-G-0138    (0)   :  0.013 0.002 0.900 0.006 0.006 0.033 0.035 0.003 0.003 
166 QAc-G-0139    (0)   :  0.009 0.043 0.894 0.002 0.025 0.004 0.006 0.015 0.003 
167 QAc-G-0140    (6)   :  0.016 0.016 0.859 0.004 0.045 0.010 0.005 0.040 0.006 
168 QAc-G-0141    (0)   :  0.560 0.036 0.269 0.018 0.022 0.018 0.034 0.027 0.016 
169 QAc-G-0142    (0)   :  0.004 0.004 0.970 0.002 0.003 0.003 0.004 0.007 0.003 
170 QAc-G-0143    (0)   :  0.963 0.004 0.005 0.004 0.003 0.004 0.004 0.006 0.007 
171 QAc-G-0144    (6)   :  0.560 0.006 0.398 0.004 0.003 0.016 0.004 0.005 0.004 
172 QAc-G-0145    (0)   :  0.003 0.003 0.003 0.003 0.002 0.005 0.003 0.004 0.974 
173 QAc-G-0146    (0)   :  0.003 0.003 0.002 0.003 0.977 0.003 0.003 0.004 0.003 
174 QAc-G-0147    (0)   :  0.184 0.010 0.097 0.005 0.303 0.043 0.331 0.019 0.007 
175 QAc-G-0148    (0)   :  0.673 0.011 0.241 0.005 0.006 0.042 0.006 0.012 0.004 
176 QAc-G-0149    (0)   :  0.003 0.005 0.003 0.003 0.972 0.003 0.003 0.004 0.004 
177 QAc-G-0150    (0)   :  0.003 0.003 0.002 0.004 0.003 0.004 0.003 0.003 0.974 
178 QAc-G-0151    (0)   :  0.003 0.004 0.003 0.003 0.973 0.004 0.003 0.005 0.003 
179 QAc-G-0152    (0)   :  0.003 0.004 0.002 0.004 0.973 0.003 0.003 0.005 0.002 
180 QAc-G-0153    (0)   :  0.011 0.007 0.007 0.002 0.876 0.067 0.017 0.011 0.003 
181 QAc-G-0154    (0)   :  0.007 0.016 0.024 0.003 0.894 0.015 0.004 0.027 0.010 
182 QAc-G-0155    (0)   :  0.003 0.004 0.002 0.003 0.974 0.003 0.003 0.005 0.003 
183 QAc-G-0158    (0)   :  0.003 0.002 0.003 0.003 0.978 0.003 0.003 0.003 0.003 
184 QAc-G-0159    (0)   :  0.034 0.009 0.902 0.007 0.012 0.004 0.011 0.009 0.013 
185 QAc-G-0160    (0)   :  0.002 0.002 0.002 0.003 0.002 0.003 0.003 0.002 0.980 
186 QAc-G-0161    (0)   :  0.002 0.003 0.002 0.003 0.002 0.003 0.002 0.003 0.979 
187 QAc-G-0162    (0)   :  0.039 0.172 0.005 0.006 0.005 0.562 0.010 0.127 0.074 
188 QAc-G-0163    (0)   :  0.028 0.041 0.017 0.002 0.003 0.020 0.006 0.067 0.817 
189 QAc-G-0164    (0)   :  0.014 0.005 0.003 0.011 0.002 0.003 0.056 0.003 0.902 
190 QAc-G-0165    (0)   :  0.004 0.004 0.005 0.003 0.007 0.005 0.005 0.006 0.961 
191 QAc-G-0166    (0)   :  0.003 0.003 0.003 0.003 0.002 0.004 0.003 0.005 0.974 
192 QAc-G-0167    (0)   :  0.003 0.005 0.002 0.003 0.004 0.003 0.004 0.004 0.971 
193 QAc-G-0168    (0)   :  0.003 0.003 0.002 0.004 0.002 0.003 0.002 0.003 0.979 
194 QAc-G-0169    (6)   :  0.358 0.005 0.166 0.004 0.005 0.130 0.020 0.011 0.300 
195 QAc-G-0170    (0)   :  0.003 0.004 0.003 0.004 0.006 0.005 0.004 0.005 0.967 
196 QAc-G-0171    (0)   :  0.003 0.003 0.002 0.003 0.003 0.005 0.004 0.003 0.975 
197 QAc-G-0172    (0)   :  0.080 0.005 0.825 0.008 0.011 0.020 0.013 0.018 0.020 
198 QAc-G-0173    (0)   :  0.003 0.004 0.003 0.006 0.002 0.488 0.002 0.003 0.489 
199 QAc-G-0174    (0)   :  0.004 0.004 0.004 0.005 0.003 0.949 0.004 0.007 0.020 
200 QAc-G-0175    (0)   :  0.003 0.004 0.003 0.003 0.002 0.005 0.003 0.003 0.974 
201 QAc-G-0176    (0)   :  0.016 0.071 0.005 0.008 0.004 0.007 0.004 0.077 0.809 
202 QAc-G-0177    (0)   :  0.003 0.003 0.003 0.003 0.003 0.006 0.003 0.004 0.973 
203 QAc-G-0178    (0)   :  0.017 0.003 0.004 0.011 0.016 0.011 0.232 0.004 0.702 
204 QAc-G-0179    (6)   :  0.003 0.003 0.002 0.003 0.002 0.006 0.003 0.003 0.975 
205 QAc-G-0180    (0)   :  0.002 0.002 0.002 0.003 0.002 0.003 0.003 0.003 0.979 
206 QAc-G-0181    (0)   :  0.004 0.007 0.004 0.002 0.003 0.003 0.006 0.009 0.962 
207 QAc-G-0182    (0)   :  0.006 0.004 0.005 0.002 0.005 0.525 0.005 0.005 0.443 
208 QAc-G-0183    (6)   :  0.012 0.003 0.009 0.007 0.004 0.015 0.004 0.003 0.942 
209 QAc-G-0184    (0)   :  0.003 0.003 0.004 0.003 0.003 0.004 0.003 0.004 0.975 
210 QAc-G-0185    (0)   :  0.014 0.005 0.010 0.005 0.034 0.053 0.117 0.013 0.750 
211 QAc-G-0186    (0)   :  0.004 0.008 0.003 0.002 0.002 0.005 0.005 0.010 0.962 
212 QAc-G-0187    (0)   :  0.020 0.012 0.005 0.044 0.006 0.006 0.109 0.014 0.785 
213 QAc-G-0188    (0)   :  0.146 0.036 0.531 0.003 0.005 0.012 0.006 0.017 0.245 
214 QAc-G-0189    (0)   :  0.006 0.003 0.005 0.013 0.002 0.035 0.007 0.003 0.927 
215 QAc-G-0190    (0)   :  0.003 0.003 0.002 0.004 0.004 0.004 0.004 0.004 0.972 
216 QAc-G-0191    (0)   :  0.003 0.003 0.003 0.004 0.004 0.005 0.003 0.004 0.972 
217 QAc-G-0192    (0)   :  0.002 0.002 0.002 0.003 0.002 0.003 0.002 0.003 0.980 
218 QAc-G-0193    (0)   :  0.003 0.003 0.003 0.003 0.004 0.003 0.004 0.005 0.972 
219 QAc-G-0194    (0)   :  0.004 0.004 0.003 0.004 0.003 0.005 0.005 0.006 0.967 
220 QAc-G-0195    (0)   :  0.005 0.010 0.004 0.016 0.002 0.894 0.004 0.009 0.056 
221 QAc-G-0196    (0)   :  0.003 0.004 0.002 0.006 0.002 0.318 0.004 0.004 0.657 
222 QAc-G-0197    (0)   :  0.002 0.003 0.003 0.003 0.002 0.003 0.002 0.003 0.979 
223 QAc-G-0198    (0)   :  0.003 0.004 0.003 0.003 0.003 0.005 0.003 0.005 0.973 
224 QAc-G-0199    (0)   :  0.022 0.020 0.005 0.006 0.018 0.100 0.107 0.007 0.716 
225 QAc-G-0200    (0)   :  0.004 0.006 0.003 0.003 0.002 0.006 0.005 0.009 0.961 
226 QAc-G-0201    (0)   :  0.008 0.004 0.002 0.004 0.002 0.526 0.003 0.004 0.446 
227 QAc-G-0202    (6)   :  0.004 0.004 0.006 0.012 0.002 0.414 0.003 0.003 0.552 
228 QAc-G-0203    (0)   :  0.010 0.004 0.006 0.011 0.003 0.004 0.003 0.004 0.956 
229 QAc-G-0204    (0)   :  0.004 0.005 0.003 0.004 0.003 0.006 0.003 0.004 0.968 
230 QAc-G-0205    (0)   :  0.003 0.002 0.002 0.980 0.002 0.003 0.002 0.003 0.003 
231 QAc-G-0206    (0)   :  0.135 0.033 0.040 0.761 0.004 0.005 0.008 0.011 0.003 
232 QAc-G-0207    (0)   :  0.006 0.008 0.004 0.950 0.005 0.004 0.011 0.005 0.007 
233 QAc-G-0208    (0)   :  0.003 0.003 0.002 0.975 0.004 0.003 0.003 0.003 0.003 
234 QAc-G-0209    (0)   :  0.004 0.003 0.003 0.971 0.002 0.005 0.003 0.003 0.006 
235 QAc-G-0210    (0)   :  0.004 0.003 0.003 0.977 0.002 0.002 0.003 0.002 0.003 
236 QAc-G-0211    (0)   :  0.005 0.002 0.003 0.975 0.004 0.002 0.004 0.002 0.002 
237 QAc-G-0212    (0)   :  0.003 0.003 0.002 0.976 0.003 0.003 0.003 0.003 0.004 
238 QAc-G-0213    (0)   :  0.003 0.005 0.003 0.969 0.003 0.003 0.004 0.005 0.005 
239 QAc-G-0214    (0)   :  0.003 0.003 0.002 0.977 0.002 0.004 0.002 0.003 0.004 
240 QAc-G-0215    (0)   :  0.006 0.004 0.003 0.971 0.003 0.003 0.004 0.004 0.003 
241 QAc-G-0216    (0)   :  0.303 0.012 0.084 0.097 0.005 0.455 0.006 0.023 0.016 
242 QAc-G-0217    (0)   :  0.006 0.005 0.006 0.945 0.010 0.013 0.007 0.004 0.003 
243 QAc-G-0218    (0)   :  0.005 0.006 0.003 0.961 0.004 0.003 0.007 0.006 0.005 
244 QAc-G-0219    (0)   :  0.046 0.032 0.022 0.839 0.021 0.005 0.008 0.018 0.008 
245 QAc-G-0220    (0)   :  0.071 0.006 0.005 0.894 0.006 0.003 0.007 0.005 0.003 
246 QAc-G-0221    (0)   :  0.009 0.023 0.007 0.881 0.013 0.024 0.030 0.007 0.005 
247 QAc-G-0222    (0)   :  0.003 0.004 0.002 0.975 0.002 0.003 0.003 0.004 0.005 
248 QAc-G-0223    (0)   :  0.004 0.004 0.003 0.967 0.004 0.003 0.006 0.005 0.003 
249 QAc-G-0224    (0)   :  0.004 0.003 0.003 0.970 0.003 0.004 0.005 0.003 0.005 
250 QAc-G-0226    (0)   :  0.003 0.004 0.003 0.974 0.003 0.003 0.003 0.004 0.003 
251 QAc-G-0227    (0)   :  0.004 0.010 0.004 0.003 0.015 0.004 0.003 0.952 0.005 
252 QAc-G-0228    (6)   :  0.005 0.929 0.004 0.004 0.004 0.004 0.005 0.040 0.004 
253 QAc-G-0229    (0)   :  0.007 0.006 0.008 0.005 0.003 0.006 0.008 0.952 0.004 
254 QAc-G-0230    (0)   :  0.011 0.851 0.014 0.023 0.003 0.007 0.007 0.076 0.009 
255 QAc-G-0231    (0)   :  0.003 0.003 0.003 0.970 0.004 0.003 0.003 0.003 0.008 
256 QAc-G-0232    (0)   :  0.008 0.924 0.005 0.003 0.008 0.002 0.008 0.039 0.003 
257 QAc-G-0233    (0)   :  0.088 0.682 0.004 0.024 0.004 0.004 0.154 0.036 0.004 
258 QAc-G-0234    (0)   :  0.004 0.009 0.004 0.004 0.004 0.010 0.008 0.949 0.009 
259 QAc-G-0235    (0)   :  0.022 0.005 0.914 0.008 0.003 0.028 0.010 0.007 0.004 
260 QAc-G-0236    (0)   :  0.004 0.957 0.005 0.004 0.006 0.006 0.004 0.010 0.005 
261 QAc-G-0237    (0)   :  0.016 0.030 0.011 0.019 0.034 0.011 0.022 0.842 0.016 
262 QAc-G-0238    (0)   :  0.006 0.878 0.004 0.006 0.008 0.004 0.006 0.082 0.006 
263 QAc-G-0239    (0)   :  0.004 0.972 0.003 0.003 0.002 0.003 0.004 0.006 0.003 
264 QAc-G-0240    (0)   :  0.004 0.010 0.005 0.002 0.006 0.003 0.004 0.962 0.003 
265 QAc-G-0241    (0)   :  0.051 0.745 0.025 0.007 0.006 0.045 0.024 0.088 0.008 
266 QAc-G-0242    (0)   :  0.009 0.937 0.004 0.007 0.008 0.004 0.012 0.015 0.004 
267 QAc-G-0243    (0)   :  0.099 0.620 0.016 0.018 0.065 0.011 0.111 0.054 0.004 
268 QAc-G-0244    (0)   :  0.020 0.010 0.015 0.008 0.004 0.006 0.004 0.930 0.005 
269 QAc-G-0245    (0)   :  0.004 0.008 0.004 0.003 0.011 0.005 0.004 0.958 0.004 
270 QAc-G-0246    (0)   :  0.003 0.973 0.004 0.003 0.004 0.003 0.003 0.003 0.004 
271 QAc-G-0247    (0)   :  0.003 0.977 0.003 0.003 0.003 0.003 0.003 0.004 0.002 
272 QAc-G-0248    (0)   :  0.006 0.060 0.005 0.003 0.003 0.004 0.004 0.912 0.003 
273 QAc-G-0249    (0)   :  0.017 0.005 0.009 0.009 0.002 0.006 0.920 0.019 0.013 
274 QAc-G-0025    (0)   :  0.003 0.004 0.003 0.974 0.003 0.003 0.002 0.004 0.004 
275 QAc-G-0028    (0)   :  0.012 0.833 0.004 0.036 0.006 0.006 0.038 0.051 0.014 
276 QAc-G-0275    (0)   :  0.004 0.007 0.003 0.959 0.002 0.005 0.004 0.003 0.013 
277 QAc-G-0263    (0)   :  0.255 0.004 0.012 0.025 0.006 0.519 0.161 0.006 0.012 
278 QAc-W-0001    (0)   :  0.005 0.005 0.009 0.003 0.016 0.003 0.004 0.953 0.003 
279 QAc-W-0002    (0)   :  0.029 0.450 0.033 0.004 0.003 0.009 0.031 0.411 0.028 
280 QAc-W-0003    (0)   :  0.019 0.017 0.020 0.026 0.008 0.052 0.004 0.845 0.007 
281 QAc-W-0004    (0)   :  0.003 0.009 0.003 0.007 0.004 0.003 0.005 0.960 0.005 
282 QAc-W-0005    (0)   :  0.004 0.004 0.004 0.004 0.006 0.008 0.006 0.958 0.006 
283 QAc-W-0006    (0)   :  0.004 0.005 0.006 0.004 0.004 0.003 0.007 0.962 0.004 
284 QAc-W-0007   (13)   :  0.004 0.007 0.003 0.004 0.004 0.003 0.006 0.965 0.004 
285 QAc-W-0008    (6)   :  0.022 0.008 0.005 0.002 0.003 0.003 0.027 0.926 0.004 
286 QAc-W-0009    (0)   :  0.042 0.641 0.190 0.007 0.006 0.004 0.033 0.058 0.018 
287 QAc-W-0010    (0)   :  0.052 0.044 0.019 0.006 0.028 0.037 0.078 0.730 0.006 
288 QAc-W-0011    (0)   :  0.034 0.114 0.021 0.007 0.017 0.017 0.007 0.739 0.044 
289 QAc-W-0012    (0)   :  0.007 0.023 0.005 0.005 0.006 0.003 0.006 0.935 0.011 
290 QAc-W-0013    (0)   :  0.020 0.510 0.063 0.126 0.004 0.005 0.006 0.257 0.008 
291 QAc-W-0014    (0)   :  0.005 0.016 0.003 0.004 0.004 0.005 0.013 0.947 0.003 
292 QAc-W-0015    (0)   :  0.010 0.021 0.014 0.016 0.003 0.056 0.013 0.854 0.012 
293 QAc-W-0016    (0)   :  0.154 0.033 0.020 0.029 0.003 0.047 0.065 0.643 0.005 
294 QAc-W-0017    (0)   :  0.287 0.017 0.048 0.020 0.010 0.124 0.126 0.358 0.011 
295 QAc-W-0018    (0)   :  0.119 0.019 0.024 0.026 0.008 0.004 0.017 0.780 0.003 
296 QAc-W-0019    (0)   :  0.005 0.010 0.006 0.006 0.004 0.004 0.009 0.951 0.005 
297 QAc-W-0020    (0)   :  0.041 0.014 0.005 0.003 0.030 0.005 0.006 0.893 0.003 
298 QAc-W-0021    (0)   :  0.172 0.064 0.078 0.259 0.010 0.004 0.046 0.355 0.013 
299 QAc-W-0022    (0)   :  0.204 0.062 0.012 0.018 0.008 0.088 0.151 0.448 0.009 
300 QAc-W-0023    (6)   :  0.116 0.195 0.202 0.034 0.064 0.007 0.103 0.277 0.004 
301 QAc-W-0024    (0)   :  0.027 0.004 0.007 0.120 0.005 0.005 0.014 0.779 0.040 
302 QAc-W-0025    (0)   :  0.013 0.124 0.005 0.008 0.003 0.004 0.013 0.826 0.004 
303 QAc-W-0026    (0)   :  0.010 0.005 0.009 0.019 0.031 0.010 0.017 0.874 0.025 
304 QAc-W-0027    (0)   :  0.007 0.006 0.008 0.003 0.003 0.003 0.008 0.956 0.006 
305 QAc-W-0028    (0)   :  0.012 0.018 0.010 0.003 0.003 0.004 0.008 0.937 0.005 
306 QAc-W-0029    (0)   :  0.013 0.800 0.013 0.007 0.010 0.003 0.005 0.145 0.004 
307 QAc-W-0030    (0)   :  0.009 0.880 0.007 0.005 0.022 0.008 0.006 0.046 0.016 
308 QAc-W-0031    (0)   :  0.008 0.019 0.007 0.063 0.003 0.003 0.005 0.889 0.004 
309 QAc-W-0032    (0)   :  0.007 0.059 0.003 0.004 0.012 0.003 0.012 0.899 0.002 
310 QAc-W-0033    (0)   :  0.361 0.189 0.009 0.012 0.025 0.007 0.071 0.319 0.006 
311 QAc-W-0034    (0)   :  0.010 0.036 0.034 0.005 0.005 0.003 0.010 0.892 0.004 
312 QAc-W-0035    (0)   :  0.023 0.056 0.006 0.013 0.005 0.028 0.040 0.792 0.035 
313 QAc-W-0036    (0)   :  0.005 0.005 0.006 0.003 0.023 0.003 0.006 0.948 0.003 
314 QAc-W-0037    (0)   :  0.005 0.008 0.004 0.009 0.010 0.004 0.004 0.944 0.013 
315 QAc-W-0038    (0)   :  0.034 0.025 0.010 0.006 0.013 0.027 0.008 0.862 0.016 
316 QAc-W-0039    (0)   :  0.004 0.007 0.007 0.007 0.012 0.005 0.005 0.940 0.013 
317 QAc-W-0040    (0)   :  0.017 0.006 0.005 0.007 0.017 0.007 0.220 0.716 0.006 
318 QAc-W-0041    (0)   :  0.025 0.046 0.030 0.043 0.004 0.004 0.012 0.823 0.012 
319 QAc-W-0042    (0)   :  0.024 0.014 0.681 0.014 0.208 0.006 0.007 0.021 0.024 
320 QAc-W-0043    (0)   :  0.009 0.007 0.897 0.008 0.008 0.009 0.005 0.029 0.029 
321 QAc-W-0044    (0)   :  0.033 0.072 0.424 0.006 0.258 0.047 0.076 0.060 0.025 
322 QAc-W-0045    (0)   :  0.014 0.006 0.920 0.008 0.017 0.004 0.007 0.015 0.010 
323 QAc-W-0046    (0)   :  0.007 0.009 0.917 0.016 0.010 0.004 0.006 0.014 0.016 
324 QAc-W-0047    (0)   :  0.009 0.024 0.855 0.003 0.025 0.027 0.019 0.030 0.008 
325 QAc-W-0048    (0)   :  0.012 0.005 0.901 0.006 0.042 0.004 0.004 0.022 0.004 
326 QAc-W-0049    (0)   :  0.008 0.004 0.906 0.007 0.055 0.003 0.005 0.007 0.005 
327 QAc-W-0050    (0)   :  0.599 0.006 0.344 0.014 0.007 0.005 0.013 0.005 0.007 
328 QAc-W-0051    (0)   :  0.557 0.018 0.296 0.008 0.027 0.070 0.006 0.009 0.009 
329 QAc-W-0052    (0)   :  0.003 0.005 0.003 0.002 0.972 0.003 0.003 0.005 0.004 
330 QAc-W-0053    (0)   :  0.006 0.013 0.937 0.003 0.010 0.005 0.008 0.013 0.004 
331 QAc-W-0054    (0)   :  0.605 0.015 0.056 0.006 0.054 0.104 0.073 0.009 0.079 
332 QAc-W-0055    (0)   :  0.322 0.006 0.089 0.035 0.008 0.156 0.027 0.007 0.350 
333 QAc-W-0056    (0)   :  0.892 0.015 0.012 0.015 0.006 0.016 0.008 0.029 0.006 
334 QAc-W-0057    (0)   :  0.546 0.006 0.193 0.051 0.008 0.166 0.010 0.015 0.005 
335 QAc-W-0058    (0)   :  0.411 0.005 0.382 0.149 0.009 0.024 0.004 0.005 0.011 
336 QAc-W-0059    (0)   :  0.003 0.003 0.974 0.003 0.004 0.004 0.003 0.004 0.003 
337 QAc-W-0060    (0)   :  0.009 0.008 0.008 0.003 0.052 0.877 0.008 0.022 0.013 
338 QAc-W-0061    (0)   :  0.033 0.005 0.046 0.016 0.004 0.736 0.041 0.053 0.066 
339 QAc-W-0062    (0)   :  0.005 0.003 0.003 0.006 0.017 0.946 0.007 0.004 0.009 
340 QAc-W-0063    (0)   :  0.009 0.009 0.005 0.011 0.013 0.922 0.012 0.008 0.011 
341 QAc-W-0064    (0)   :  0.009 0.013 0.003 0.006 0.005 0.931 0.007 0.008 0.018 
342 QAc-W-0065    (0)   :  0.033 0.006 0.011 0.006 0.006 0.885 0.029 0.020 0.005 
343 QAc-W-0066    (0)   :  0.002 0.003 0.002 0.004 0.002 0.003 0.002 0.003 0.978 
344 QAc-W-0067    (0)   :  0.002 0.002 0.002 0.004 0.003 0.003 0.003 0.003 0.978 
345 QAc-W-0068    (0)   :  0.003 0.003 0.002 0.003 0.002 0.006 0.002 0.003 0.976 
346 QAc-W-0069    (0)   :  0.003 0.003 0.002 0.003 0.002 0.005 0.003 0.004 0.975 
347 QAc-W-0070    (0)   :  0.003 0.002 0.002 0.003 0.002 0.390 0.003 0.003 0.592 
348 QAc-W-0071    (6)   :  0.005 0.005 0.005 0.020 0.004 0.683 0.004 0.005 0.268 
349 QAc-W-0072    (0)   :  0.012 0.005 0.004 0.008 0.004 0.814 0.128 0.020 0.005 
350 QAc-W-0073    (0)   :  0.010 0.007 0.039 0.005 0.007 0.910 0.007 0.010 0.004 
351 QAc-W-0074    (0)   :  0.003 0.003 0.003 0.004 0.003 0.972 0.004 0.004 0.004 
352 QAc-W-0075    (0)   :  0.003 0.003 0.003 0.005 0.003 0.963 0.003 0.003 0.015 
353 QAc-W-0076    (0)   :  0.005 0.003 0.003 0.006 0.003 0.949 0.024 0.003 0.004 
354 QAc-W-0077    (0)   :  0.006 0.005 0.009 0.004 0.004 0.811 0.005 0.008 0.147 
355 QAc-W-0078    (0)   :  0.114 0.032 0.006 0.589 0.017 0.009 0.144 0.048 0.040 
356 QAc-W-0079    (6)   :  0.006 0.007 0.008 0.919 0.005 0.008 0.009 0.012 0.025 
357 QAc-W-0080   (13)   :  0.009 0.019 0.009 0.920 0.002 0.003 0.005 0.028 0.005 
358 QAc-W-0081    (0)   :  0.006 0.007 0.003 0.959 0.008 0.005 0.005 0.005 0.003 
359 QAc-W-0082    (0)   :  0.478 0.005 0.147 0.346 0.002 0.006 0.006 0.006 0.004 
360 QAc-W-0083    (0)   :  0.010 0.015 0.009 0.845 0.014 0.051 0.031 0.013 0.013 
361 QAc-W-0084    (0)   :  0.003 0.004 0.003 0.968 0.007 0.003 0.003 0.005 0.004 
362 QAc-W-0085    (0)   :  0.004 0.003 0.003 0.972 0.004 0.003 0.004 0.003 0.005 
363 QAc-W-0086    (0)   :  0.005 0.004 0.004 0.962 0.003 0.003 0.008 0.004 0.006 
364 QAc-W-0087    (0)   :  0.007 0.005 0.009 0.945 0.003 0.003 0.013 0.008 0.007 
365 QAc-W-0088    (0)   :  0.023 0.005 0.041 0.907 0.004 0.003 0.007 0.005 0.004 
366 QAc-W-0089    (0)   :  0.004 0.007 0.004 0.964 0.003 0.004 0.003 0.005 0.007 
367 QAc-W-0090    (0)   :  0.005 0.009 0.004 0.963 0.003 0.003 0.003 0.004 0.006 
368 QAc-W-0091    (0)   :  0.015 0.004 0.012 0.929 0.012 0.008 0.009 0.007 0.005 
369 QAc-W-0092    (0)   :  0.010 0.011 0.008 0.664 0.220 0.004 0.007 0.070 0.007 
370 QAc-W-0093    (0)   :  0.142 0.122 0.033 0.633 0.006 0.005 0.028 0.029 0.002 
371 QAc-W-0094    (0)   :  0.068 0.029 0.021 0.558 0.225 0.038 0.010 0.047 0.003 
372 QAc-W-0095    (0)   :  0.010 0.016 0.009 0.872 0.047 0.020 0.006 0.016 0.003 
373 QAc-W-0096    (0)   :  0.031 0.022 0.024 0.722 0.108 0.051 0.016 0.020 0.006 
374 QAc-W-0097    (0)   :  0.169 0.020 0.095 0.590 0.006 0.007 0.006 0.102 0.006 
375 QAc-W-0098    (0)   :  0.008 0.006 0.009 0.956 0.005 0.003 0.005 0.005 0.003 
376 QAc-W-0099    (0)   :  0.108 0.037 0.020 0.731 0.012 0.005 0.072 0.010 0.003 
377 QAc-W-0100    (0)   :  0.011 0.004 0.006 0.955 0.003 0.003 0.009 0.005 0.004 
378 QAc-W-0101    (0)   :  0.006 0.004 0.004 0.919 0.003 0.008 0.011 0.010 0.035 
379 QAc-W-0104    (0)   :  0.011 0.007 0.017 0.923 0.004 0.006 0.022 0.007 0.003 
380 QAc-W-0105    (0)   :  0.008 0.010 0.003 0.943 0.013 0.004 0.004 0.009 0.005 
381 QAc-W-0106    (0)   :  0.041 0.021 0.004 0.843 0.055 0.004 0.011 0.016 0.006 
382 QAc-W-0107    (0)   :  0.004 0.003 0.003 0.965 0.003 0.010 0.004 0.003 0.004 
383 QAc-W-0108    (0)   :  0.003 0.003 0.003 0.971 0.002 0.007 0.003 0.003 0.005 
384 QAc-W-0109    (0)   :  0.009 0.013 0.016 0.911 0.006 0.007 0.005 0.008 0.026 
385 QAc-W-0110   (13)   :  0.012 0.004 0.006 0.127 0.004 0.005 0.020 0.815 0.007 
386 QAc-W-0111    (6)   :  0.007 0.012 0.005 0.947 0.007 0.003 0.005 0.009 0.006 
387 QAc-W-0112   (13)   :  0.014 0.012 0.010 0.913 0.010 0.004 0.021 0.013 0.004 
388 QAc-W-0113   (13)   :  0.008 0.009 0.005 0.005 0.004 0.004 0.952 0.010 0.003 
389 QAc-W-0114   (13)   :  0.009 0.004 0.016 0.015 0.008 0.004 0.934 0.007 0.004 
390 QAc-W-0115    (0)   :  0.005 0.007 0.003 0.005 0.004 0.005 0.956 0.009 0.005 
391 QAc-W-0116    (0)   :  0.010 0.020 0.014 0.004 0.015 0.003 0.919 0.013 0.002 
392 QAc-W-0117    (0)   :  0.007 0.006 0.007 0.003 0.003 0.004 0.961 0.005 0.004 
393 QAc-W-0118    (0)   :  0.009 0.004 0.005 0.015 0.004 0.034 0.905 0.006 0.018 
394 QAc-W-0119    (0)   :  0.010 0.008 0.004 0.004 0.006 0.003 0.952 0.005 0.007 
395 QAc-W-0120    (0)   :  0.022 0.019 0.007 0.006 0.003 0.012 0.912 0.006 0.013 
396 QAc-W-0121    (0)   :  0.010 0.010 0.009 0.004 0.002 0.010 0.906 0.005 0.045 
397 QAc-W-0122    (0)   :  0.030 0.009 0.014 0.004 0.005 0.006 0.919 0.010 0.003 
398 QAc-W-0123    (6)   :  0.036 0.009 0.013 0.012 0.012 0.011 0.884 0.011 0.011 
399 QAc-W-0124    (0)   :  0.017 0.020 0.004 0.046 0.011 0.151 0.673 0.065 0.013 
400 QAc-W-0125    (0)   :  0.007 0.003 0.006 0.010 0.009 0.006 0.944 0.007 0.007 
401 QAc-W-0126   (13)   :  0.022 0.007 0.012 0.022 0.012 0.008 0.903 0.008 0.006 
402 QAc-W-0127    (6)   :  0.006 0.005 0.005 0.004 0.004 0.006 0.959 0.006 0.004 
403 QAc-W-0128   (13)   :  0.011 0.007 0.012 0.036 0.003 0.006 0.899 0.014 0.013 
404 QAc-W-0129   (13)   :  0.020 0.041 0.019 0.005 0.005 0.013 0.858 0.034 0.006 
405 QAc-W-0130   (13)   :  0.007 0.029 0.008 0.007 0.002 0.004 0.925 0.013 0.006 
406 QAc-W-0131    (0)   :  0.072 0.007 0.005 0.006 0.043 0.011 0.846 0.004 0.005 
407 QAc-W-0132    (6)   :  0.011 0.021 0.005 0.014 0.022 0.024 0.837 0.020 0.045 
408 QAc-W-0133    (6)   :  0.270 0.006 0.007 0.056 0.006 0.014 0.499 0.006 0.136 
409 QAc-W-0134    (0)   :  0.004 0.003 0.005 0.004 0.005 0.005 0.967 0.005 0.003 
410 QAc-W-0135    (0)   :  0.008 0.012 0.007 0.005 0.003 0.015 0.850 0.089 0.011 
411 QAc-W-0136    (0)   :  0.004 0.005 0.003 0.003 0.009 0.004 0.965 0.005 0.003 
412 QAc-W-0137    (0)   :  0.003 0.004 0.003 0.002 0.005 0.005 0.971 0.003 0.003 
413 QAc-W-0138    (0)   :  0.004 0.005 0.003 0.002 0.005 0.003 0.970 0.005 0.003 
414 QAc-W-0139    (0)   :  0.012 0.018 0.004 0.028 0.007 0.278 0.623 0.024 0.006 
415 QAc-W-0140    (0)   :  0.016 0.018 0.060 0.005 0.003 0.004 0.863 0.027 0.004 
416 QAc-W-0141    (6)   :  0.030 0.058 0.021 0.006 0.004 0.009 0.820 0.037 0.016 
417 QAc-W-0142    (0)   :  0.004 0.004 0.004 0.004 0.003 0.009 0.962 0.004 0.006 
418 QAc-W-0143    (0)   :  0.012 0.006 0.009 0.007 0.003 0.006 0.951 0.005 0.003 
419 QAc-W-0144    (0)   :  0.019 0.006 0.128 0.005 0.007 0.005 0.821 0.006 0.003 
420 QAc-W-0145    (0)   :  0.016 0.003 0.005 0.002 0.003 0.005 0.959 0.004 0.003 
421 QAc-W-0146    (0)   :  0.004 0.015 0.003 0.005 0.005 0.003 0.947 0.012 0.004 
422 QAc-W-0147    (0)   :  0.004 0.004 0.003 0.004 0.002 0.007 0.967 0.004 0.003 
423 QAc-W-0148    (0)   :  0.004 0.005 0.004 0.003 0.005 0.007 0.962 0.007 0.003 
424 QAc-W-0149    (0)   :  0.016 0.013 0.043 0.008 0.011 0.006 0.893 0.007 0.003 
425 QAc-W-0150    (0)   :  0.015 0.035 0.006 0.015 0.011 0.005 0.856 0.050 0.007 
426 QAc-W-0151    (0)   :  0.006 0.005 0.005 0.005 0.006 0.005 0.939 0.024 0.004 
427 QAc-W-0152    (0)   :  0.005 0.004 0.005 0.003 0.003 0.009 0.960 0.006 0.004 
428 QAc-W-0153    (0)   :  0.799 0.068 0.012 0.028 0.004 0.036 0.030 0.016 0.006 
429 QAc-W-0154    (0)   :  0.054 0.025 0.006 0.004 0.002 0.005 0.879 0.021 0.003 
430 QAc-W-0155    (0)   :  0.004 0.005 0.004 0.003 0.003 0.006 0.968 0.005 0.003 
431 QAc-W-0156    (0)   :  0.012 0.023 0.004 0.068 0.011 0.003 0.827 0.047 0.004 
432 QAc-W-0157    (0)   :  0.080 0.009 0.012 0.003 0.031 0.015 0.828 0.014 0.009 
433 QAc-W-0158    (0)   :  0.007 0.036 0.004 0.025 0.004 0.006 0.862 0.035 0.022 
434 QAc-W-0159    (0)   :  0.007 0.005 0.005 0.005 0.007 0.003 0.954 0.006 0.006 
435 QAc-W-0160    (0)   :  0.008 0.029 0.003 0.005 0.005 0.006 0.926 0.014 0.003 
436 QAc-W-0161    (0)   :  0.010 0.022 0.009 0.004 0.106 0.002 0.807 0.035 0.004 
437 QAc-W-0162    (0)   :  0.007 0.004 0.017 0.003 0.014 0.167 0.780 0.003 0.005 
438 QAc-W-0163    (0)   :  0.017 0.006 0.018 0.004 0.005 0.005 0.935 0.006 0.004 
439 QAc-W-0164    (0)   :  0.007 0.003 0.004 0.004 0.006 0.014 0.952 0.005 0.005 
440 QAc-W-0165    (0)   :  0.029 0.012 0.006 0.003 0.010 0.012 0.893 0.003 0.032 
441 QAc-W-0166    (0)   :  0.008 0.004 0.004 0.004 0.005 0.005 0.920 0.046 0.004 
442 QAc-W-0167    (0)   :  0.946 0.006 0.008 0.010 0.004 0.009 0.008 0.006 0.003 
443 QAc-W-0168    (0)   :  0.295 0.020 0.088 0.012 0.022 0.032 0.358 0.029 0.144 
444 QAc-W-0169    (0)   :  0.900 0.019 0.017 0.003 0.004 0.008 0.008 0.033 0.008 
445 QAc-W-0170    (0)   :  0.905 0.011 0.028 0.005 0.003 0.005 0.010 0.027 0.004 
446 QAc-W-0171    (0)   :  0.949 0.006 0.008 0.009 0.006 0.007 0.006 0.005 0.003 
447 QAc-W-0172    (0)   :  0.941 0.020 0.006 0.005 0.008 0.002 0.008 0.008 0.002 
448 QAc-W-0173    (0)   :  0.792 0.048 0.019 0.006 0.013 0.020 0.047 0.052 0.003 
449 QAc-W-0174    (0)   :  0.938 0.010 0.009 0.005 0.003 0.007 0.015 0.008 0.007 


Estimated Allele Frequencies in each cluster
First column gives estimated ancestral frequencies


Locus 1 : 
21 alleles
0.4% missing data
