

----------------------------------------------------
STRUCTURE by Pritchard, Stephens and Donnelly (2000)
     and Falush, Stephens and Pritchard (2003)
       Code by Pritchard, Falush and Hubisz
             Version 2.3.4 (Jul 2012)
----------------------------------------------------



Command line arguments:   bin\structure -m C:\Users\eschumacher\Documents\GitHub\GCC_QUAC_ZAIN\Data_Files\Structure_Files\QUAC\QUAC_wK_nopopinfo_garden_wild\QUAC_wK_nopopinfo_STR\50-50\mainparams -e C:\Users\eschumacher\Documents\GitHub\GCC_QUAC_ZAIN\Data_Files\Structure_Files\QUAC\QUAC_wK_nopopinfo_garden_wild\QUAC_wK_nopopinfo_STR\50-50\extraparams 
Input File:    C:\Users\eschumacher\Documents\GitHub\GCC_QUAC_ZAIN\Data_Files\Structure_Files\QUAC\QUAC_wK_nopopinfo_garden_wild\QUAC_wK_nopopinfo_STR\project_data

Run parameters:
   449 individuals
   15 loci
   8 populations assumed
   50000 Burn-in period
   50000 Reps


--------------------------------------------
Overall proportion of membership of the
sample in each of the 8 clusters

Inferred Clusters
  1      2      3      4      5      6      7      8    
0.082  0.138  0.072  0.095  0.184  0.110  0.185  0.134  

--------------------------------------------

Allele-freq. divergence among pops (Net nucleotide distance),
computed using point estimates of P.

      1       2       3       4       5       6       7       8      
 1      -    0.0511  0.1323  0.0550  0.1349  0.0990  0.1246  0.0850  
 2   0.0511     -    0.0940  0.0335  0.0899  0.0636  0.1010  0.0534  
 3   0.1323  0.0940     -    0.0857  0.1473  0.0997  0.1667  0.0997  
 4   0.0550  0.0335  0.0857     -    0.0790  0.0325  0.0700  0.0317  
 5   0.1349  0.0899  0.1473  0.0790     -    0.1045  0.1243  0.1056  
 6   0.0990  0.0636  0.0997  0.0325  0.1045     -    0.1212  0.0639  
 7   0.1246  0.1010  0.1667  0.0700  0.1243  0.1212     -    0.1031  
 8   0.0850  0.0534  0.0997  0.0317  0.1056  0.0639  0.1031     -    

Average distances (expected heterozygosity) between individuals in same cluster:
cluster  1  : 0.5396 
cluster  2  : 0.5445 
cluster  3  : 0.4660 
cluster  4  : 0.6923 
cluster  5  : 0.4489 
cluster  6  : 0.6164 
cluster  7  : 0.4918 
cluster  8  : 0.5556 

--------------------------------------------
Estimated Ln Prob of Data   = -16096.9
Mean value of ln likelihood = -15659.6
Variance of ln likelihood   = 874.6
Mean value of alpha         = 0.0343

Mean value of Fst_1         = 0.1976
Mean value of Fst_2         = 0.1918
Mean value of Fst_3         = 0.4113
Mean value of Fst_4         = 0.0037
Mean value of Fst_5         = 0.3732
Mean value of Fst_6         = 0.0909
Mean value of Fst_7         = 0.2796
Mean value of Fst_8         = 0.1373


Inferred ancestry of individuals:
        Label (%Miss) :  Inferred clusters
  1 QAc-G-0029    (0)   :  0.042 0.005 0.004 0.008 0.012 0.003 0.921 0.005 
  2 QAc-G-0030    (0)   :  0.002 0.003 0.002 0.003 0.003 0.003 0.980 0.003 
  3 QAc-G-0031    (0)   :  0.002 0.003 0.003 0.003 0.005 0.002 0.979 0.004 
  4 QAc-G-0061    (0)   :  0.008 0.006 0.007 0.004 0.003 0.003 0.963 0.005 
  5 QAc-G-0062    (0)   :  0.005 0.004 0.482 0.138 0.093 0.008 0.008 0.261 
  6 QAc-G-0063    (0)   :  0.082 0.034 0.008 0.050 0.796 0.008 0.006 0.016 
  7 QAc-G-0064    (0)   :  0.004 0.004 0.974 0.003 0.005 0.004 0.003 0.003 
  8 QAc-G-0065    (0)   :  0.003 0.003 0.978 0.003 0.003 0.004 0.004 0.002 
  9 QAc-G-0066    (0)   :  0.004 0.004 0.003 0.003 0.976 0.002 0.004 0.003 
 10 QAc-G-0067    (0)   :  0.002 0.004 0.974 0.003 0.003 0.003 0.008 0.004 
 11 QAc-G-0068    (0)   :  0.004 0.003 0.007 0.135 0.588 0.243 0.004 0.017 
 12 QAc-G-0070    (0)   :  0.011 0.016 0.008 0.017 0.658 0.009 0.005 0.276 
 13 QAc-G-0071   (13)   :  0.003 0.004 0.003 0.003 0.976 0.003 0.005 0.003 
 14 QAc-G-0072    (0)   :  0.006 0.004 0.004 0.003 0.971 0.003 0.004 0.005 
 15 QAc-G-0073    (0)   :  0.933 0.038 0.003 0.005 0.006 0.004 0.007 0.004 
 16 QAc-G-0074    (0)   :  0.010 0.893 0.004 0.008 0.063 0.006 0.004 0.012 
 17 QAc-G-0075    (0)   :  0.012 0.946 0.006 0.010 0.007 0.007 0.008 0.005 
 18 QAc-G-0076    (0)   :  0.852 0.057 0.009 0.039 0.012 0.007 0.012 0.012 
 19 QAc-G-0077    (0)   :  0.008 0.006 0.008 0.004 0.009 0.003 0.960 0.003 
 20 QAc-G-0078    (0)   :  0.002 0.002 0.002 0.003 0.003 0.003 0.981 0.003 
 21 QAc-G-0079    (0)   :  0.004 0.004 0.002 0.003 0.004 0.004 0.975 0.004 
 22 QAc-G-0080    (0)   :  0.025 0.027 0.018 0.497 0.008 0.009 0.410 0.005 
 23 QAc-G-0081    (0)   :  0.097 0.007 0.004 0.474 0.008 0.016 0.007 0.387 
 24 QAc-G-0082    (0)   :  0.071 0.005 0.002 0.888 0.003 0.010 0.003 0.018 
 25 QAc-G-0083    (0)   :  0.031 0.144 0.051 0.110 0.439 0.030 0.068 0.128 
 26 QAc-G-0001   (13)   :  0.003 0.003 0.003 0.003 0.005 0.003 0.978 0.003 
 27 QAc-G-0002    (0)   :  0.003 0.003 0.003 0.003 0.003 0.003 0.981 0.002 
 28 QAc-G-0285    (0)   :  0.024 0.009 0.005 0.025 0.875 0.028 0.011 0.024 
 29 QAc-G-0286    (0)   :  0.003 0.003 0.002 0.002 0.980 0.003 0.003 0.003 
 30 QAc-G-0287    (0)   :  0.002 0.003 0.003 0.002 0.981 0.002 0.003 0.003 
 31 QAc-G-0288    (6)   :  0.007 0.009 0.006 0.007 0.929 0.004 0.018 0.019 
 32 QAc-G-0289    (0)   :  0.003 0.004 0.004 0.003 0.978 0.003 0.003 0.004 
 33 QAc-G-0290    (0)   :  0.004 0.004 0.006 0.003 0.972 0.003 0.004 0.004 
 34 QAc-G-0291    (0)   :  0.003 0.003 0.003 0.003 0.978 0.003 0.006 0.002 
 35 QAc-G-0292    (0)   :  0.004 0.006 0.004 0.038 0.694 0.023 0.003 0.227 
 36 QAc-G-0293    (0)   :  0.003 0.002 0.002 0.003 0.977 0.003 0.007 0.003 
 37 QAc-G-0294    (0)   :  0.906 0.026 0.006 0.021 0.004 0.020 0.007 0.009 
 38 QAc-G-0295    (0)   :  0.960 0.014 0.004 0.005 0.005 0.004 0.005 0.003 
 39 QAc-G-0296    (0)   :  0.025 0.945 0.010 0.004 0.005 0.003 0.003 0.004 
 40 QAc-G-0297    (0)   :  0.031 0.346 0.005 0.584 0.003 0.022 0.004 0.007 
 41 QAc-G-0298    (6)   :  0.276 0.673 0.006 0.012 0.005 0.005 0.018 0.006 
 42 QAc-G-0299    (0)   :  0.021 0.943 0.005 0.006 0.011 0.007 0.004 0.003 
 43 QAc-G-0300    (0)   :  0.063 0.889 0.022 0.005 0.003 0.004 0.003 0.010 
 44 QAc-G-0301    (0)   :  0.013 0.876 0.076 0.007 0.015 0.004 0.005 0.004 
 45 QAc-G-0302    (0)   :  0.004 0.022 0.003 0.017 0.005 0.941 0.004 0.004 
 46 QAc-G-0303    (0)   :  0.017 0.003 0.006 0.038 0.004 0.890 0.005 0.036 
 47 QAc-G-0304    (0)   :  0.003 0.003 0.003 0.003 0.979 0.002 0.004 0.003 
 48 QAc-G-0305    (0)   :  0.006 0.006 0.003 0.055 0.751 0.080 0.053 0.046 
 49 QAc-G-0306    (0)   :  0.002 0.003 0.002 0.002 0.981 0.002 0.004 0.003 
 50 QAc-G-0307    (0)   :  0.010 0.010 0.005 0.036 0.010 0.013 0.845 0.071 
 51 QAc-G-0308    (0)   :  0.017 0.013 0.004 0.008 0.015 0.011 0.923 0.009 
 52 QAc-G-0309    (0)   :  0.004 0.005 0.003 0.018 0.004 0.004 0.957 0.004 
 53 QAc-G-0310    (0)   :  0.004 0.005 0.003 0.003 0.004 0.003 0.975 0.003 
 54 QAc-G-0311    (0)   :  0.003 0.002 0.002 0.003 0.003 0.002 0.983 0.002 
 55 QAc-G-0312    (0)   :  0.038 0.046 0.016 0.452 0.006 0.043 0.328 0.070 
 56 QAc-G-0313    (0)   :  0.013 0.010 0.007 0.886 0.011 0.006 0.011 0.057 
 57 QAc-G-0314    (0)   :  0.031 0.174 0.007 0.622 0.004 0.023 0.011 0.127 
 58 QAc-G-0315    (0)   :  0.007 0.011 0.006 0.934 0.009 0.013 0.004 0.015 
 59 QAc-G-0316    (0)   :  0.005 0.011 0.008 0.798 0.010 0.005 0.027 0.135 
 60 QAc-G-0032    (6)   :  0.010 0.014 0.155 0.211 0.006 0.586 0.009 0.008 
 61 QAc-G-0033    (0)   :  0.011 0.964 0.006 0.004 0.004 0.004 0.004 0.004 
 62 QAc-G-0034    (0)   :  0.030 0.871 0.007 0.012 0.005 0.009 0.042 0.024 
 63 QAc-G-0035    (0)   :  0.696 0.248 0.013 0.013 0.009 0.006 0.003 0.012 
 64 QAc-G-0036    (0)   :  0.007 0.959 0.004 0.006 0.009 0.004 0.004 0.007 
 65 QAc-G-0037    (0)   :  0.973 0.004 0.004 0.003 0.007 0.002 0.005 0.002 
 66 QAc-G-0038    (0)   :  0.888 0.088 0.004 0.005 0.003 0.004 0.002 0.006 
 67 QAc-G-0039    (0)   :  0.759 0.076 0.005 0.033 0.007 0.022 0.046 0.052 
 68 QAc-G-0040    (0)   :  0.820 0.017 0.004 0.009 0.092 0.007 0.004 0.047 
 69 QAc-G-0041    (0)   :  0.904 0.014 0.050 0.005 0.005 0.003 0.002 0.016 
 70 QAc-G-0042    (0)   :  0.016 0.957 0.005 0.004 0.005 0.005 0.003 0.004 
 71 QAc-G-0043    (0)   :  0.967 0.009 0.003 0.004 0.006 0.003 0.005 0.003 
 72 QAc-G-0044    (0)   :  0.016 0.934 0.016 0.008 0.007 0.011 0.003 0.006 
 73 QAc-G-0045    (0)   :  0.030 0.928 0.008 0.005 0.005 0.005 0.013 0.006 
 74 QAc-G-0046    (0)   :  0.961 0.006 0.003 0.005 0.002 0.003 0.010 0.009 
 75 QAc-G-0047    (0)   :  0.910 0.016 0.005 0.009 0.008 0.015 0.029 0.007 
 76 QAc-G-0048    (0)   :  0.939 0.029 0.005 0.007 0.005 0.005 0.003 0.008 
 77 QAc-G-0049    (0)   :  0.003 0.003 0.003 0.003 0.004 0.002 0.980 0.003 
 78 QAc-G-0050    (0)   :  0.006 0.004 0.005 0.854 0.018 0.047 0.047 0.019 
 79 QAc-G-0051    (0)   :  0.003 0.002 0.002 0.003 0.003 0.003 0.981 0.003 
 80 QAc-G-0052    (0)   :  0.027 0.007 0.026 0.013 0.003 0.006 0.905 0.012 
 81 QAc-G-0053    (0)   :  0.035 0.006 0.005 0.006 0.009 0.002 0.933 0.003 
 82 QAc-G-0054    (0)   :  0.024 0.004 0.004 0.796 0.005 0.016 0.123 0.027 
 83 QAc-G-0055    (0)   :  0.013 0.006 0.003 0.571 0.005 0.026 0.367 0.008 
 84 QAc-G-0056    (0)   :  0.006 0.010 0.011 0.860 0.013 0.012 0.016 0.073 
 85 QAc-G-0057    (0)   :  0.004 0.003 0.002 0.003 0.004 0.004 0.976 0.003 
 86 QAc-G-0058    (6)   :  0.003 0.003 0.003 0.003 0.003 0.004 0.978 0.003 
 87 QAc-G-0059    (0)   :  0.083 0.003 0.003 0.627 0.003 0.006 0.268 0.007 
 88 QAc-G-0060    (6)   :  0.018 0.009 0.014 0.073 0.014 0.006 0.859 0.006 
 89 QAc-G-0276    (0)   :  0.021 0.025 0.003 0.012 0.903 0.006 0.022 0.009 
 90 QAc-G-0279    (0)   :  0.003 0.003 0.002 0.003 0.977 0.002 0.006 0.003 
 91 QAc-G-0280    (6)   :  0.006 0.012 0.004 0.006 0.961 0.003 0.004 0.005 
 92 QAc-G-0281    (0)   :  0.004 0.004 0.004 0.004 0.006 0.003 0.972 0.003 
 93 QAc-G-0018    (0)   :  0.018 0.916 0.005 0.016 0.006 0.018 0.014 0.007 
 94 QAc-G-0019    (0)   :  0.012 0.931 0.031 0.005 0.009 0.004 0.003 0.005 
 95 QAc-G-0020    (0)   :  0.978 0.004 0.003 0.005 0.002 0.002 0.003 0.003 
 96 QAc-G-0021    (6)   :  0.924 0.013 0.037 0.005 0.003 0.003 0.012 0.002 
 97 QAc-G-0022    (6)   :  0.603 0.131 0.066 0.084 0.006 0.008 0.016 0.087 
 98 QAc-G-0023    (0)   :  0.003 0.004 0.003 0.004 0.003 0.003 0.977 0.003 
 99 QAc-G-0024    (0)   :  0.005 0.007 0.004 0.003 0.003 0.004 0.971 0.003 
100 QAc-G-0016    (0)   :  0.011 0.010 0.005 0.544 0.015 0.250 0.152 0.012 
101 QAc-G-0017    (0)   :  0.010 0.007 0.217 0.016 0.005 0.729 0.004 0.012 
102 QAc-G-0250    (0)   :  0.067 0.008 0.007 0.432 0.396 0.070 0.009 0.012 
103 QAc-G-0003    (6)   :  0.004 0.006 0.003 0.004 0.969 0.003 0.005 0.006 
104 QAc-G-0004    (0)   :  0.069 0.015 0.006 0.028 0.004 0.865 0.007 0.006 
105 QAc-G-0005    (0)   :  0.003 0.003 0.979 0.003 0.003 0.003 0.003 0.003 
106 QAc-G-0006    (6)   :  0.016 0.007 0.003 0.085 0.005 0.866 0.003 0.014 
107 QAc-G-0283    (0)   :  0.006 0.007 0.004 0.724 0.006 0.021 0.004 0.229 
108 QAc-G-0265    (0)   :  0.008 0.025 0.005 0.779 0.014 0.008 0.153 0.009 
109 QAc-G-0266    (0)   :  0.003 0.003 0.002 0.003 0.005 0.002 0.981 0.002 
110 QAc-G-0267    (0)   :  0.171 0.237 0.071 0.251 0.131 0.013 0.015 0.110 
111 QAc-G-0268   (20)   :  0.006 0.007 0.015 0.412 0.524 0.022 0.007 0.007 
112 QAc-G-0269    (0)   :  0.005 0.004 0.003 0.003 0.976 0.003 0.005 0.003 
113 QAc-G-0270    (6)   :  0.006 0.968 0.007 0.004 0.005 0.003 0.004 0.004 
114 QAc-G-0271    (0)   :  0.116 0.552 0.144 0.155 0.004 0.014 0.004 0.010 
115 QAc-G-0272    (6)   :  0.017 0.945 0.003 0.005 0.013 0.006 0.005 0.005 
116 QAc-G-0273    (0)   :  0.005 0.003 0.006 0.006 0.004 0.004 0.966 0.005 
117 QAc-G-0274    (0)   :  0.003 0.003 0.982 0.002 0.002 0.002 0.002 0.003 
118 QAc-G-0251    (6)   :  0.006 0.958 0.009 0.005 0.004 0.008 0.004 0.005 
119 QAc-G-0252    (0)   :  0.315 0.605 0.009 0.015 0.005 0.018 0.006 0.026 
120 QAc-G-0253    (0)   :  0.007 0.003 0.003 0.005 0.004 0.003 0.971 0.004 
121 QAc-G-0254    (0)   :  0.002 0.002 0.003 0.003 0.003 0.002 0.982 0.003 
122 QAc-G-0255    (0)   :  0.009 0.018 0.007 0.020 0.006 0.929 0.005 0.006 
123 QAc-G-0256    (0)   :  0.005 0.008 0.008 0.005 0.008 0.958 0.005 0.004 
124 QAc-G-0257    (0)   :  0.012 0.006 0.054 0.015 0.003 0.858 0.008 0.045 
125 QAc-G-0258    (0)   :  0.004 0.006 0.005 0.010 0.003 0.966 0.003 0.004 
126 QAc-G-0259    (0)   :  0.006 0.004 0.002 0.967 0.002 0.008 0.002 0.009 
127 QAc-G-0260    (0)   :  0.013 0.015 0.090 0.702 0.043 0.050 0.009 0.079 
128 QAc-G-0261    (0)   :  0.013 0.007 0.446 0.479 0.004 0.037 0.003 0.009 
129 QAc-G-0262    (0)   :  0.007 0.005 0.050 0.605 0.016 0.290 0.009 0.019 
130 QAc-G-0010    (0)   :  0.041 0.008 0.006 0.030 0.869 0.005 0.017 0.023 
131 QAc-G-0011    (0)   :  0.008 0.007 0.005 0.019 0.004 0.004 0.004 0.948 
132 QAc-G-0015    (0)   :  0.015 0.015 0.007 0.028 0.005 0.088 0.811 0.032 
133 QAc-G-0106    (0)   :  0.004 0.016 0.025 0.016 0.003 0.928 0.002 0.006 
134 QAc-G-0107    (0)   :  0.003 0.005 0.003 0.012 0.006 0.954 0.010 0.006 
135 QAc-G-0108    (0)   :  0.006 0.005 0.005 0.005 0.006 0.967 0.002 0.004 
136 QAc-G-0109    (0)   :  0.006 0.009 0.033 0.076 0.005 0.831 0.013 0.027 
137 QAc-G-0110    (0)   :  0.015 0.064 0.002 0.033 0.061 0.804 0.008 0.013 
138 QAc-G-0111    (0)   :  0.014 0.009 0.005 0.011 0.006 0.941 0.005 0.009 
139 QAc-G-0112    (0)   :  0.004 0.004 0.003 0.021 0.033 0.924 0.007 0.004 
140 QAc-G-0113    (0)   :  0.006 0.006 0.027 0.049 0.011 0.864 0.032 0.006 
141 QAc-G-0114    (0)   :  0.022 0.065 0.003 0.015 0.015 0.859 0.017 0.005 
142 QAc-G-0115    (0)   :  0.004 0.004 0.005 0.008 0.006 0.965 0.004 0.004 
143 QAc-G-0116    (0)   :  0.005 0.005 0.007 0.008 0.011 0.953 0.006 0.006 
144 QAc-G-0117    (0)   :  0.117 0.089 0.056 0.213 0.007 0.492 0.012 0.014 
145 QAc-G-0118    (0)   :  0.004 0.008 0.019 0.011 0.006 0.940 0.002 0.010 
146 QAc-G-0119    (0)   :  0.019 0.018 0.022 0.036 0.002 0.894 0.005 0.004 
147 QAc-G-0120    (0)   :  0.006 0.024 0.006 0.082 0.007 0.857 0.007 0.011 
148 QAc-G-0121    (0)   :  0.009 0.005 0.963 0.004 0.006 0.006 0.003 0.003 
149 QAc-G-0122    (0)   :  0.013 0.007 0.935 0.005 0.025 0.007 0.004 0.005 
150 QAc-G-0123    (0)   :  0.004 0.005 0.980 0.002 0.002 0.002 0.002 0.002 
151 QAc-G-0124    (6)   :  0.003 0.006 0.973 0.003 0.003 0.004 0.004 0.004 
152 QAc-G-0125    (0)   :  0.026 0.004 0.503 0.317 0.021 0.037 0.050 0.042 
153 QAc-G-0126    (0)   :  0.016 0.008 0.236 0.559 0.007 0.147 0.012 0.014 
154 QAc-G-0127    (0)   :  0.004 0.006 0.958 0.005 0.003 0.008 0.004 0.011 
155 QAc-G-0128    (0)   :  0.003 0.004 0.977 0.003 0.005 0.003 0.003 0.003 
156 QAc-G-0129    (0)   :  0.003 0.004 0.981 0.002 0.003 0.003 0.002 0.002 
157 QAc-G-0130    (0)   :  0.010 0.007 0.917 0.005 0.005 0.039 0.002 0.014 
158 QAc-G-0131    (0)   :  0.006 0.006 0.967 0.004 0.004 0.004 0.004 0.004 
159 QAc-G-0132    (0)   :  0.007 0.007 0.746 0.022 0.015 0.182 0.015 0.007 
160 QAc-G-0133    (0)   :  0.005 0.008 0.968 0.004 0.005 0.003 0.003 0.004 
161 QAc-G-0134    (0)   :  0.005 0.004 0.971 0.004 0.004 0.005 0.004 0.003 
162 QAc-G-0135    (0)   :  0.010 0.012 0.003 0.007 0.006 0.947 0.008 0.006 
163 QAc-G-0136    (0)   :  0.003 0.007 0.006 0.016 0.010 0.935 0.008 0.015 
164 QAc-G-0137    (0)   :  0.007 0.013 0.034 0.018 0.004 0.914 0.004 0.006 
165 QAc-G-0138    (0)   :  0.002 0.003 0.006 0.014 0.004 0.925 0.007 0.039 
166 QAc-G-0139    (0)   :  0.046 0.014 0.026 0.007 0.003 0.896 0.002 0.005 
167 QAc-G-0140    (6)   :  0.013 0.031 0.043 0.017 0.006 0.881 0.004 0.005 
168 QAc-G-0141    (0)   :  0.036 0.032 0.022 0.523 0.018 0.306 0.020 0.041 
169 QAc-G-0142    (0)   :  0.004 0.008 0.003 0.005 0.003 0.971 0.002 0.004 
170 QAc-G-0143    (0)   :  0.004 0.007 0.003 0.969 0.006 0.004 0.003 0.004 
171 QAc-G-0144    (6)   :  0.006 0.006 0.002 0.479 0.004 0.493 0.005 0.005 
172 QAc-G-0145    (0)   :  0.003 0.004 0.003 0.003 0.978 0.003 0.003 0.003 
173 QAc-G-0146    (0)   :  0.003 0.004 0.979 0.003 0.003 0.002 0.003 0.003 
174 QAc-G-0147    (0)   :  0.011 0.021 0.305 0.154 0.009 0.116 0.005 0.378 
175 QAc-G-0148    (0)   :  0.010 0.012 0.007 0.580 0.006 0.374 0.005 0.006 
176 QAc-G-0149    (0)   :  0.005 0.004 0.975 0.003 0.004 0.003 0.003 0.003 
177 QAc-G-0150    (0)   :  0.003 0.003 0.004 0.003 0.976 0.003 0.004 0.004 
178 QAc-G-0151    (0)   :  0.004 0.005 0.976 0.003 0.004 0.003 0.003 0.003 
179 QAc-G-0152    (0)   :  0.004 0.005 0.975 0.003 0.002 0.002 0.005 0.003 
180 QAc-G-0153    (0)   :  0.008 0.015 0.896 0.018 0.017 0.008 0.002 0.036 
181 QAc-G-0154    (0)   :  0.015 0.026 0.906 0.006 0.015 0.025 0.003 0.005 
182 QAc-G-0155    (0)   :  0.005 0.006 0.975 0.003 0.003 0.003 0.003 0.003 
183 QAc-G-0158    (0)   :  0.002 0.003 0.980 0.003 0.003 0.003 0.003 0.003 
184 QAc-G-0159    (0)   :  0.009 0.008 0.012 0.027 0.009 0.920 0.006 0.010 
185 QAc-G-0160    (0)   :  0.002 0.003 0.002 0.002 0.982 0.002 0.003 0.003 
186 QAc-G-0161    (0)   :  0.003 0.003 0.002 0.003 0.982 0.002 0.003 0.003 
187 QAc-G-0162    (0)   :  0.138 0.092 0.004 0.105 0.623 0.007 0.006 0.024 
188 QAc-G-0163    (0)   :  0.028 0.036 0.003 0.020 0.892 0.013 0.002 0.006 
189 QAc-G-0164    (0)   :  0.006 0.003 0.002 0.011 0.932 0.003 0.013 0.029 
190 QAc-G-0165    (0)   :  0.004 0.007 0.008 0.004 0.963 0.005 0.003 0.006 
191 QAc-G-0166    (0)   :  0.004 0.006 0.003 0.004 0.974 0.003 0.003 0.003 
192 QAc-G-0167    (0)   :  0.006 0.004 0.004 0.004 0.972 0.003 0.004 0.004 
193 QAc-G-0168    (0)   :  0.003 0.003 0.002 0.002 0.981 0.003 0.004 0.002 
194 QAc-G-0169    (6)   :  0.005 0.010 0.004 0.343 0.444 0.173 0.005 0.015 
195 QAc-G-0170    (0)   :  0.004 0.006 0.006 0.004 0.969 0.003 0.004 0.004 
196 QAc-G-0171    (0)   :  0.003 0.004 0.003 0.003 0.977 0.003 0.004 0.004 
197 QAc-G-0172    (0)   :  0.005 0.025 0.010 0.076 0.029 0.835 0.008 0.013 
198 QAc-G-0173    (0)   :  0.003 0.002 0.002 0.003 0.976 0.003 0.007 0.003 
199 QAc-G-0174    (0)   :  0.014 0.039 0.008 0.042 0.777 0.071 0.007 0.043 
200 QAc-G-0175    (0)   :  0.003 0.003 0.002 0.003 0.978 0.002 0.004 0.004 
201 QAc-G-0176    (0)   :  0.075 0.083 0.004 0.012 0.807 0.006 0.009 0.005 
202 QAc-G-0177    (0)   :  0.003 0.004 0.003 0.003 0.977 0.003 0.004 0.003 
203 QAc-G-0178    (0)   :  0.004 0.005 0.009 0.020 0.843 0.005 0.026 0.088 
204 QAc-G-0179    (6)   :  0.003 0.004 0.002 0.003 0.980 0.002 0.003 0.003 
205 QAc-G-0180    (0)   :  0.003 0.004 0.002 0.002 0.980 0.003 0.003 0.003 
206 QAc-G-0181    (0)   :  0.010 0.011 0.003 0.004 0.960 0.004 0.002 0.006 
207 QAc-G-0182    (0)   :  0.015 0.035 0.014 0.025 0.856 0.033 0.003 0.018 
208 QAc-G-0183    (6)   :  0.003 0.003 0.004 0.006 0.969 0.005 0.006 0.004 
209 QAc-G-0184    (0)   :  0.003 0.004 0.003 0.003 0.978 0.003 0.003 0.003 
210 QAc-G-0185    (0)   :  0.005 0.015 0.009 0.008 0.924 0.009 0.007 0.024 
211 QAc-G-0186    (0)   :  0.010 0.010 0.002 0.004 0.962 0.003 0.002 0.006 
212 QAc-G-0187    (0)   :  0.014 0.011 0.004 0.012 0.875 0.004 0.035 0.046 
213 QAc-G-0188    (0)   :  0.043 0.020 0.004 0.183 0.245 0.495 0.003 0.007 
214 QAc-G-0189    (0)   :  0.003 0.003 0.002 0.003 0.981 0.002 0.004 0.003 
215 QAc-G-0190    (0)   :  0.003 0.004 0.004 0.003 0.974 0.002 0.004 0.004 
216 QAc-G-0191    (0)   :  0.004 0.005 0.004 0.004 0.973 0.003 0.004 0.004 
217 QAc-G-0192    (0)   :  0.003 0.003 0.003 0.002 0.981 0.002 0.003 0.003 
218 QAc-G-0193    (0)   :  0.004 0.005 0.004 0.004 0.971 0.004 0.004 0.005 
219 QAc-G-0194    (0)   :  0.005 0.008 0.004 0.004 0.966 0.003 0.005 0.005 
220 QAc-G-0195    (0)   :  0.019 0.007 0.004 0.009 0.859 0.005 0.091 0.007 
221 QAc-G-0196    (0)   :  0.004 0.004 0.002 0.003 0.977 0.002 0.005 0.004 
222 QAc-G-0197    (0)   :  0.003 0.003 0.003 0.002 0.981 0.003 0.003 0.003 
223 QAc-G-0198    (0)   :  0.003 0.005 0.003 0.003 0.977 0.003 0.003 0.003 
224 QAc-G-0199    (0)   :  0.028 0.006 0.007 0.016 0.881 0.005 0.010 0.047 
225 QAc-G-0200    (0)   :  0.007 0.011 0.002 0.004 0.962 0.003 0.003 0.006 
226 QAc-G-0201    (0)   :  0.005 0.004 0.002 0.010 0.971 0.002 0.003 0.003 
227 QAc-G-0202    (6)   :  0.004 0.004 0.003 0.004 0.970 0.004 0.009 0.003 
228 QAc-G-0203    (0)   :  0.004 0.004 0.003 0.010 0.959 0.006 0.013 0.003 
229 QAc-G-0204    (0)   :  0.006 0.005 0.003 0.004 0.972 0.003 0.004 0.004 
230 QAc-G-0205    (0)   :  0.002 0.002 0.002 0.002 0.003 0.002 0.983 0.002 
231 QAc-G-0206    (0)   :  0.033 0.012 0.004 0.141 0.003 0.040 0.760 0.008 
232 QAc-G-0207    (0)   :  0.008 0.005 0.005 0.006 0.005 0.004 0.957 0.009 
233 QAc-G-0208    (0)   :  0.003 0.003 0.003 0.003 0.003 0.003 0.978 0.003 
234 QAc-G-0209    (0)   :  0.003 0.003 0.002 0.003 0.006 0.003 0.976 0.004 
235 QAc-G-0210    (0)   :  0.003 0.003 0.002 0.003 0.002 0.003 0.980 0.003 
236 QAc-G-0211    (0)   :  0.003 0.002 0.004 0.004 0.003 0.003 0.977 0.004 
237 QAc-G-0212    (0)   :  0.003 0.003 0.003 0.003 0.004 0.002 0.979 0.003 
238 QAc-G-0213    (0)   :  0.005 0.005 0.003 0.003 0.005 0.002 0.973 0.004 
239 QAc-G-0214    (0)   :  0.003 0.003 0.002 0.002 0.005 0.002 0.980 0.003 
240 QAc-G-0215    (0)   :  0.004 0.004 0.003 0.004 0.003 0.003 0.975 0.004 
241 QAc-G-0216    (0)   :  0.010 0.011 0.004 0.629 0.087 0.150 0.103 0.006 
242 QAc-G-0217    (0)   :  0.005 0.004 0.011 0.007 0.005 0.006 0.955 0.007 
243 QAc-G-0218    (0)   :  0.007 0.007 0.004 0.005 0.005 0.003 0.962 0.008 
244 QAc-G-0219    (0)   :  0.032 0.018 0.019 0.040 0.009 0.024 0.850 0.007 
245 QAc-G-0220    (0)   :  0.006 0.005 0.006 0.077 0.003 0.005 0.891 0.007 
246 QAc-G-0221    (0)   :  0.023 0.007 0.013 0.009 0.009 0.006 0.898 0.035 
247 QAc-G-0222    (0)   :  0.004 0.004 0.003 0.003 0.004 0.002 0.977 0.003 
248 QAc-G-0223    (0)   :  0.005 0.005 0.005 0.004 0.003 0.003 0.968 0.007 
249 QAc-G-0224    (0)   :  0.003 0.003 0.003 0.004 0.005 0.003 0.975 0.005 
250 QAc-G-0226    (0)   :  0.004 0.004 0.003 0.003 0.003 0.003 0.977 0.003 
251 QAc-G-0227    (0)   :  0.011 0.955 0.014 0.004 0.004 0.004 0.003 0.004 
252 QAc-G-0228    (6)   :  0.926 0.045 0.004 0.005 0.005 0.005 0.004 0.006 
253 QAc-G-0229    (0)   :  0.006 0.956 0.004 0.007 0.005 0.008 0.005 0.009 
254 QAc-G-0230    (0)   :  0.867 0.070 0.003 0.010 0.009 0.014 0.020 0.007 
255 QAc-G-0231    (0)   :  0.003 0.003 0.004 0.003 0.006 0.003 0.973 0.003 
256 QAc-G-0232    (0)   :  0.930 0.039 0.008 0.007 0.003 0.005 0.003 0.006 
257 QAc-G-0233    (0)   :  0.692 0.036 0.005 0.063 0.004 0.004 0.023 0.173 
258 QAc-G-0234    (0)   :  0.009 0.955 0.004 0.005 0.011 0.004 0.004 0.008 
259 QAc-G-0235    (0)   :  0.006 0.007 0.003 0.024 0.006 0.938 0.007 0.009 
260 QAc-G-0236    (0)   :  0.961 0.010 0.008 0.004 0.005 0.004 0.003 0.004 
261 QAc-G-0237    (0)   :  0.029 0.862 0.034 0.013 0.014 0.010 0.018 0.019 
262 QAc-G-0238    (0)   :  0.873 0.091 0.010 0.006 0.005 0.005 0.006 0.005 
263 QAc-G-0239    (0)   :  0.976 0.005 0.003 0.004 0.003 0.003 0.003 0.004 
264 QAc-G-0240    (0)   :  0.009 0.966 0.006 0.004 0.003 0.005 0.002 0.004 
265 QAc-G-0241    (0)   :  0.767 0.085 0.007 0.059 0.019 0.029 0.008 0.026 
266 QAc-G-0242    (0)   :  0.939 0.018 0.008 0.007 0.005 0.004 0.008 0.011 
267 QAc-G-0243    (0)   :  0.598 0.054 0.064 0.102 0.004 0.017 0.020 0.141 
268 QAc-G-0244    (0)   :  0.013 0.933 0.004 0.019 0.006 0.014 0.007 0.005 
269 QAc-G-0245    (0)   :  0.007 0.964 0.010 0.004 0.005 0.004 0.003 0.004 
270 QAc-G-0246    (0)   :  0.977 0.003 0.003 0.003 0.004 0.003 0.003 0.003 
271 QAc-G-0247    (0)   :  0.978 0.004 0.003 0.003 0.002 0.003 0.003 0.003 
272 QAc-G-0248    (0)   :  0.061 0.913 0.003 0.006 0.003 0.006 0.003 0.003 
273 QAc-G-0249    (0)   :  0.004 0.018 0.002 0.017 0.011 0.008 0.010 0.930 
274 QAc-G-0025    (0)   :  0.003 0.004 0.003 0.003 0.004 0.003 0.978 0.002 
275 QAc-G-0028    (0)   :  0.840 0.058 0.005 0.008 0.011 0.004 0.040 0.034 
276 QAc-G-0275    (0)   :  0.008 0.004 0.002 0.004 0.010 0.003 0.965 0.004 
277 QAc-G-0263    (0)   :  0.004 0.005 0.006 0.475 0.278 0.008 0.019 0.205 
278 QAc-W-0001    (0)   :  0.006 0.956 0.014 0.005 0.003 0.009 0.003 0.004 
279 QAc-W-0002    (0)   :  0.430 0.454 0.003 0.024 0.023 0.035 0.004 0.025 
280 QAc-W-0003    (0)   :  0.022 0.851 0.008 0.024 0.032 0.025 0.030 0.006 
281 QAc-W-0004    (0)   :  0.011 0.962 0.004 0.004 0.005 0.003 0.006 0.005 
282 QAc-W-0005    (0)   :  0.004 0.966 0.006 0.004 0.006 0.004 0.003 0.006 
283 QAc-W-0006    (0)   :  0.005 0.966 0.004 0.005 0.004 0.006 0.005 0.006 
284 QAc-W-0007   (13)   :  0.007 0.969 0.004 0.004 0.003 0.004 0.004 0.005 
285 QAc-W-0008    (6)   :  0.008 0.932 0.003 0.020 0.003 0.006 0.002 0.026 
286 QAc-W-0009    (0)   :  0.664 0.060 0.007 0.039 0.014 0.173 0.007 0.037 
287 QAc-W-0010    (0)   :  0.053 0.711 0.031 0.080 0.009 0.022 0.006 0.087 
288 QAc-W-0011    (0)   :  0.111 0.746 0.022 0.040 0.044 0.024 0.007 0.006 
289 QAc-W-0012    (0)   :  0.024 0.935 0.007 0.008 0.009 0.006 0.005 0.006 
290 QAc-W-0013    (0)   :  0.580 0.202 0.004 0.014 0.007 0.055 0.132 0.005 
291 QAc-W-0014    (0)   :  0.022 0.942 0.004 0.005 0.003 0.003 0.004 0.016 
292 QAc-W-0015    (0)   :  0.024 0.902 0.003 0.010 0.018 0.013 0.014 0.017 
293 QAc-W-0016    (0)   :  0.028 0.569 0.003 0.260 0.010 0.022 0.025 0.084 
294 QAc-W-0017    (0)   :  0.019 0.261 0.009 0.402 0.039 0.060 0.020 0.190 
295 QAc-W-0018    (0)   :  0.024 0.696 0.009 0.195 0.003 0.024 0.027 0.022 
296 QAc-W-0019    (0)   :  0.010 0.956 0.004 0.005 0.005 0.006 0.005 0.009 
297 QAc-W-0020    (0)   :  0.015 0.857 0.032 0.077 0.003 0.005 0.003 0.007 
298 QAc-W-0021    (0)   :  0.060 0.355 0.010 0.201 0.009 0.060 0.265 0.040 
299 QAc-W-0022    (0)   :  0.042 0.401 0.007 0.285 0.016 0.017 0.021 0.211 
300 QAc-W-0023    (6)   :  0.184 0.289 0.079 0.151 0.003 0.169 0.027 0.099 
301 QAc-W-0024    (0)   :  0.004 0.778 0.005 0.035 0.032 0.007 0.124 0.015 
302 QAc-W-0025    (0)   :  0.147 0.806 0.004 0.012 0.004 0.005 0.009 0.013 
303 QAc-W-0026    (0)   :  0.005 0.875 0.038 0.012 0.024 0.009 0.018 0.019 
304 QAc-W-0027    (0)   :  0.007 0.963 0.003 0.006 0.005 0.006 0.003 0.007 
305 QAc-W-0028    (0)   :  0.018 0.942 0.003 0.012 0.005 0.009 0.003 0.009 
306 QAc-W-0029    (0)   :  0.852 0.099 0.011 0.011 0.004 0.011 0.007 0.005 
307 QAc-W-0030    (0)   :  0.887 0.043 0.027 0.009 0.016 0.006 0.005 0.007 
308 QAc-W-0031    (0)   :  0.018 0.894 0.003 0.007 0.004 0.007 0.064 0.005 
309 QAc-W-0032    (0)   :  0.064 0.893 0.014 0.009 0.002 0.003 0.004 0.013 
310 QAc-W-0033    (0)   :  0.189 0.264 0.026 0.433 0.007 0.010 0.011 0.061 
311 QAc-W-0034    (0)   :  0.039 0.895 0.005 0.009 0.003 0.032 0.006 0.011 
312 QAc-W-0035    (0)   :  0.054 0.803 0.006 0.029 0.040 0.008 0.018 0.042 
313 QAc-W-0036    (0)   :  0.005 0.951 0.023 0.004 0.003 0.005 0.003 0.005 
314 QAc-W-0037    (0)   :  0.009 0.949 0.010 0.005 0.009 0.004 0.008 0.005 
315 QAc-W-0038    (0)   :  0.021 0.878 0.014 0.043 0.018 0.010 0.007 0.009 
316 QAc-W-0039    (0)   :  0.007 0.949 0.011 0.004 0.009 0.007 0.007 0.006 
317 QAc-W-0040    (0)   :  0.005 0.724 0.017 0.023 0.005 0.005 0.007 0.212 
318 QAc-W-0041    (0)   :  0.064 0.795 0.004 0.022 0.010 0.038 0.052 0.014 
319 QAc-W-0042    (0)   :  0.021 0.019 0.214 0.020 0.021 0.686 0.012 0.007 
320 QAc-W-0043    (0)   :  0.007 0.031 0.009 0.011 0.028 0.901 0.008 0.006 
321 QAc-W-0044    (0)   :  0.106 0.052 0.290 0.029 0.045 0.404 0.007 0.068 
322 QAc-W-0045    (0)   :  0.007 0.013 0.015 0.011 0.009 0.930 0.007 0.008 
323 QAc-W-0046    (0)   :  0.011 0.015 0.010 0.007 0.015 0.922 0.014 0.006 
324 QAc-W-0047    (0)   :  0.026 0.032 0.029 0.009 0.013 0.871 0.003 0.017 
325 QAc-W-0048    (0)   :  0.005 0.017 0.054 0.014 0.004 0.893 0.007 0.005 
326 QAc-W-0049    (0)   :  0.004 0.008 0.069 0.009 0.005 0.893 0.007 0.005 
327 QAc-W-0050    (0)   :  0.006 0.006 0.006 0.311 0.008 0.629 0.021 0.013 
328 QAc-W-0051    (0)   :  0.019 0.009 0.024 0.486 0.017 0.429 0.008 0.007 
329 QAc-W-0052    (0)   :  0.005 0.004 0.976 0.003 0.004 0.003 0.002 0.003 
330 QAc-W-0053    (0)   :  0.011 0.010 0.008 0.005 0.003 0.949 0.004 0.009 
331 QAc-W-0054    (0)   :  0.012 0.009 0.043 0.667 0.111 0.060 0.005 0.093 
332 QAc-W-0055    (0)   :  0.005 0.007 0.007 0.338 0.457 0.099 0.042 0.043 
333 QAc-W-0056    (0)   :  0.015 0.026 0.006 0.908 0.008 0.013 0.015 0.008 
334 QAc-W-0057    (0)   :  0.005 0.009 0.009 0.654 0.022 0.243 0.041 0.016 
335 QAc-W-0058    (0)   :  0.006 0.004 0.009 0.344 0.015 0.476 0.142 0.004 
336 QAc-W-0059    (0)   :  0.003 0.004 0.004 0.003 0.004 0.976 0.003 0.003 
337 QAc-W-0060    (0)   :  0.050 0.041 0.052 0.034 0.733 0.026 0.006 0.059 
338 QAc-W-0061    (0)   :  0.005 0.029 0.003 0.037 0.760 0.045 0.008 0.114 
339 QAc-W-0062    (0)   :  0.014 0.006 0.044 0.039 0.663 0.006 0.018 0.210 
340 QAc-W-0063    (0)   :  0.026 0.020 0.082 0.266 0.416 0.031 0.024 0.135 
341 QAc-W-0064    (0)   :  0.037 0.027 0.005 0.210 0.579 0.013 0.021 0.109 
342 QAc-W-0065    (0)   :  0.009 0.031 0.005 0.427 0.349 0.028 0.011 0.140 
343 QAc-W-0066    (0)   :  0.003 0.003 0.002 0.003 0.980 0.003 0.004 0.002 
344 QAc-W-0067    (0)   :  0.002 0.003 0.003 0.002 0.979 0.002 0.004 0.003 
345 QAc-W-0068    (0)   :  0.003 0.003 0.002 0.002 0.981 0.002 0.003 0.003 
346 QAc-W-0069    (0)   :  0.003 0.004 0.002 0.003 0.979 0.002 0.003 0.003 
347 QAc-W-0070    (0)   :  0.002 0.003 0.003 0.003 0.981 0.003 0.003 0.003 
348 QAc-W-0071    (6)   :  0.004 0.005 0.004 0.012 0.941 0.007 0.005 0.023 
349 QAc-W-0072    (0)   :  0.004 0.034 0.005 0.246 0.152 0.030 0.007 0.522 
350 QAc-W-0073    (0)   :  0.011 0.012 0.009 0.169 0.351 0.401 0.011 0.036 
351 QAc-W-0074    (0)   :  0.008 0.018 0.006 0.026 0.753 0.007 0.009 0.173 
352 QAc-W-0075    (0)   :  0.008 0.007 0.003 0.016 0.924 0.011 0.007 0.023 
353 QAc-W-0076    (0)   :  0.005 0.006 0.003 0.040 0.621 0.010 0.009 0.306 
354 QAc-W-0077    (0)   :  0.010 0.039 0.010 0.037 0.772 0.088 0.003 0.041 
355 QAc-W-0078    (0)   :  0.032 0.053 0.020 0.098 0.033 0.010 0.605 0.149 
356 QAc-W-0079    (6)   :  0.008 0.013 0.005 0.005 0.024 0.008 0.926 0.010 
357 QAc-W-0080   (13)   :  0.021 0.027 0.002 0.009 0.004 0.009 0.924 0.005 
358 QAc-W-0081    (0)   :  0.007 0.005 0.008 0.005 0.004 0.004 0.963 0.005 
359 QAc-W-0082    (0)   :  0.005 0.007 0.002 0.306 0.004 0.231 0.439 0.006 
360 QAc-W-0083    (0)   :  0.015 0.015 0.018 0.009 0.029 0.011 0.858 0.044 
361 QAc-W-0084    (0)   :  0.004 0.006 0.006 0.004 0.004 0.003 0.970 0.004 
362 QAc-W-0085    (0)   :  0.003 0.003 0.004 0.004 0.004 0.003 0.976 0.004 
363 QAc-W-0086    (0)   :  0.004 0.005 0.003 0.005 0.006 0.004 0.964 0.008 
364 QAc-W-0087    (0)   :  0.005 0.007 0.003 0.007 0.006 0.009 0.952 0.012 
365 QAc-W-0088    (0)   :  0.005 0.006 0.003 0.026 0.003 0.038 0.910 0.008 
366 QAc-W-0089    (0)   :  0.009 0.005 0.003 0.005 0.006 0.003 0.966 0.003 
367 QAc-W-0090    (0)   :  0.009 0.004 0.003 0.004 0.006 0.004 0.966 0.003 
368 QAc-W-0091    (0)   :  0.004 0.007 0.013 0.016 0.005 0.013 0.929 0.012 
369 QAc-W-0092    (0)   :  0.010 0.063 0.231 0.008 0.007 0.006 0.670 0.006 
370 QAc-W-0093    (0)   :  0.136 0.026 0.007 0.134 0.003 0.032 0.631 0.031 
371 QAc-W-0094    (0)   :  0.029 0.037 0.224 0.111 0.006 0.017 0.563 0.013 
372 QAc-W-0095    (0)   :  0.020 0.015 0.041 0.009 0.006 0.008 0.893 0.008 
373 QAc-W-0096    (0)   :  0.021 0.021 0.121 0.049 0.015 0.028 0.724 0.022 
374 QAc-W-0097    (0)   :  0.023 0.101 0.006 0.165 0.006 0.097 0.597 0.006 
375 QAc-W-0098    (0)   :  0.006 0.006 0.005 0.008 0.003 0.008 0.959 0.005 
376 QAc-W-0099    (0)   :  0.047 0.013 0.012 0.078 0.004 0.019 0.752 0.075 
377 QAc-W-0100    (0)   :  0.005 0.005 0.004 0.011 0.003 0.006 0.958 0.008 
378 QAc-W-0101    (0)   :  0.004 0.009 0.003 0.006 0.029 0.004 0.933 0.011 
379 QAc-W-0104    (0)   :  0.007 0.007 0.004 0.013 0.003 0.018 0.926 0.022 
380 QAc-W-0105    (0)   :  0.009 0.009 0.012 0.007 0.005 0.003 0.950 0.004 
381 QAc-W-0106    (0)   :  0.020 0.018 0.058 0.028 0.005 0.004 0.858 0.008 
382 QAc-W-0107    (0)   :  0.003 0.004 0.003 0.004 0.006 0.003 0.973 0.004 
383 QAc-W-0108    (0)   :  0.003 0.003 0.002 0.003 0.005 0.003 0.976 0.003 
384 QAc-W-0109    (0)   :  0.014 0.008 0.007 0.008 0.024 0.015 0.919 0.005 
385 QAc-W-0110   (13)   :  0.006 0.822 0.004 0.010 0.006 0.006 0.125 0.021 
386 QAc-W-0111    (6)   :  0.012 0.010 0.006 0.007 0.005 0.005 0.951 0.005 
387 QAc-W-0112   (13)   :  0.011 0.013 0.009 0.015 0.004 0.010 0.918 0.020 
388 QAc-W-0113   (13)   :  0.009 0.009 0.004 0.010 0.004 0.005 0.006 0.953 
389 QAc-W-0114   (13)   :  0.004 0.007 0.009 0.009 0.005 0.017 0.016 0.934 
390 QAc-W-0115    (0)   :  0.006 0.010 0.005 0.005 0.005 0.003 0.005 0.960 
391 QAc-W-0116    (0)   :  0.019 0.013 0.015 0.014 0.002 0.014 0.005 0.918 
392 QAc-W-0117    (0)   :  0.006 0.007 0.003 0.006 0.004 0.007 0.003 0.964 
393 QAc-W-0118    (0)   :  0.004 0.005 0.004 0.009 0.024 0.005 0.016 0.932 
394 QAc-W-0119    (0)   :  0.008 0.006 0.007 0.009 0.007 0.004 0.004 0.954 
395 QAc-W-0120    (0)   :  0.017 0.006 0.003 0.017 0.014 0.006 0.006 0.933 
396 QAc-W-0121    (0)   :  0.010 0.006 0.003 0.009 0.035 0.011 0.003 0.924 
397 QAc-W-0122    (0)   :  0.012 0.010 0.004 0.020 0.003 0.015 0.004 0.933 
398 QAc-W-0123    (6)   :  0.009 0.012 0.011 0.033 0.011 0.015 0.013 0.896 
399 QAc-W-0124    (0)   :  0.018 0.064 0.010 0.019 0.024 0.004 0.036 0.825 
400 QAc-W-0125    (0)   :  0.003 0.007 0.010 0.007 0.007 0.007 0.012 0.947 
401 QAc-W-0126   (13)   :  0.006 0.009 0.011 0.029 0.007 0.012 0.022 0.904 
402 QAc-W-0127    (6)   :  0.005 0.006 0.005 0.007 0.004 0.005 0.004 0.964 
403 QAc-W-0128   (13)   :  0.007 0.013 0.003 0.010 0.012 0.010 0.037 0.908 
404 QAc-W-0129   (13)   :  0.047 0.033 0.004 0.017 0.006 0.019 0.005 0.867 
405 QAc-W-0130   (13)   :  0.027 0.014 0.003 0.007 0.006 0.008 0.006 0.928 
406 QAc-W-0131    (0)   :  0.005 0.005 0.040 0.062 0.005 0.005 0.006 0.872 
407 QAc-W-0132    (6)   :  0.021 0.023 0.018 0.010 0.048 0.006 0.015 0.860 
408 QAc-W-0133    (6)   :  0.007 0.006 0.007 0.361 0.109 0.007 0.063 0.441 
409 QAc-W-0134    (0)   :  0.003 0.005 0.005 0.004 0.004 0.006 0.004 0.970 
410 QAc-W-0135    (0)   :  0.012 0.085 0.003 0.007 0.010 0.007 0.005 0.871 
411 QAc-W-0136    (0)   :  0.005 0.005 0.009 0.006 0.003 0.004 0.003 0.966 
412 QAc-W-0137    (0)   :  0.004 0.004 0.005 0.004 0.003 0.003 0.002 0.974 
413 QAc-W-0138    (0)   :  0.005 0.005 0.005 0.005 0.003 0.003 0.002 0.972 
414 QAc-W-0139    (0)   :  0.037 0.028 0.009 0.031 0.017 0.008 0.056 0.814 
415 QAc-W-0140    (0)   :  0.020 0.026 0.003 0.019 0.004 0.053 0.005 0.870 
416 QAc-W-0141    (6)   :  0.050 0.034 0.005 0.030 0.016 0.018 0.005 0.843 
417 QAc-W-0142    (0)   :  0.004 0.004 0.003 0.004 0.006 0.004 0.003 0.972 
418 QAc-W-0143    (0)   :  0.006 0.005 0.004 0.009 0.003 0.009 0.007 0.956 
419 QAc-W-0144    (0)   :  0.008 0.007 0.007 0.017 0.003 0.111 0.005 0.843 
420 QAc-W-0145    (0)   :  0.003 0.004 0.003 0.013 0.003 0.004 0.003 0.966 
421 QAc-W-0146    (0)   :  0.018 0.013 0.005 0.004 0.004 0.003 0.005 0.948 
422 QAc-W-0147    (0)   :  0.005 0.004 0.003 0.005 0.003 0.003 0.004 0.974 
423 QAc-W-0148    (0)   :  0.005 0.007 0.006 0.004 0.004 0.004 0.003 0.968 
424 QAc-W-0149    (0)   :  0.015 0.007 0.010 0.017 0.003 0.036 0.009 0.904 
425 QAc-W-0150    (0)   :  0.035 0.043 0.011 0.016 0.006 0.007 0.016 0.866 
426 QAc-W-0151    (0)   :  0.006 0.021 0.007 0.007 0.004 0.005 0.006 0.944 
427 QAc-W-0152    (0)   :  0.004 0.005 0.004 0.004 0.004 0.005 0.004 0.970 
428 QAc-W-0153    (0)   :  0.046 0.015 0.004 0.873 0.008 0.011 0.022 0.021 
429 QAc-W-0154    (0)   :  0.025 0.017 0.003 0.054 0.003 0.006 0.004 0.889 
430 QAc-W-0155    (0)   :  0.005 0.006 0.003 0.004 0.003 0.003 0.003 0.973 
431 QAc-W-0156    (0)   :  0.024 0.049 0.012 0.016 0.004 0.004 0.068 0.823 
432 QAc-W-0157    (0)   :  0.008 0.014 0.031 0.068 0.010 0.013 0.003 0.853 
433 QAc-W-0158    (0)   :  0.040 0.037 0.004 0.005 0.016 0.003 0.027 0.867 
434 QAc-W-0159    (0)   :  0.006 0.007 0.008 0.008 0.006 0.005 0.006 0.955 
435 QAc-W-0160    (0)   :  0.029 0.015 0.005 0.008 0.004 0.003 0.005 0.930 
436 QAc-W-0161    (0)   :  0.025 0.045 0.097 0.012 0.003 0.008 0.004 0.806 
437 QAc-W-0162    (0)   :  0.004 0.003 0.029 0.010 0.038 0.030 0.003 0.883 
438 QAc-W-0163    (0)   :  0.006 0.006 0.005 0.014 0.004 0.025 0.004 0.936 
439 QAc-W-0164    (0)   :  0.003 0.005 0.006 0.007 0.005 0.004 0.004 0.965 
440 QAc-W-0165    (0)   :  0.011 0.003 0.010 0.028 0.028 0.005 0.002 0.911 
441 QAc-W-0166    (0)   :  0.005 0.044 0.006 0.008 0.004 0.005 0.004 0.926 
442 QAc-W-0167    (0)   :  0.006 0.005 0.004 0.956 0.004 0.008 0.010 0.007 
443 QAc-W-0168    (0)   :  0.023 0.034 0.030 0.251 0.140 0.086 0.014 0.422 
444 QAc-W-0169    (0)   :  0.032 0.039 0.004 0.871 0.009 0.035 0.003 0.008 
445 QAc-W-0170    (0)   :  0.013 0.027 0.003 0.907 0.004 0.028 0.005 0.011 
446 QAc-W-0171    (0)   :  0.007 0.006 0.005 0.954 0.004 0.008 0.008 0.007 
447 QAc-W-0172    (0)   :  0.019 0.008 0.006 0.947 0.002 0.006 0.005 0.007 
448 QAc-W-0173    (0)   :  0.037 0.042 0.013 0.836 0.004 0.021 0.006 0.042 
449 QAc-W-0174    (0)   :  0.009 0.007 0.003 0.944 0.008 0.011 0.004 0.014 


Estimated Allele Frequencies in each cluster
First column gives estimated ancestral frequencies


Locus 1 : 
21 alleles
0.4% missing data
 210   (0.098) 0.021 0.051 0.002 0.098 0.002 0.285 0.214 0.176 
 212   (0.107) 0.111 0.244 0.003 0.105 0.212 0.041 0.229 0.080 
 202   (0.057) 0.036 0.051 0.342 0.056 0.001 0.010 0.143 0.006 
 226   (0.054) 0.003 0.002 0.209 0.056 0.183 0.013 0.108 0.004 
 216   (0.063) 0.009 0.006 0.326 0.062 0.001 0.041 0.091 0.095 
 200   (0.230) 0.708 0.404 0.104 0.230 0.383 0.253 0.127 0.201 
 224   (0.047) 0.043 0.092 0.001 0.047 0.143 0.006 0.001 0.004 
 218   (0.032) 0.006 0.046 0.001 0.028 0.000 0.003 0.056 0.150 
 222   (0.021) 0.002 0.001 0.002 0.020 0.000 0.002 0.000 0.186 
 228   (0.016) 0.001 0.001 0.000 0.015 0.059 0.002 0.000 0.001 
 214   (0.074) 0.005 0.003 0.003 0.083 0.014 0.139 0.001 0.061 
 208   (0.061) 0.045 0.089 0.002 0.061 0.001 0.050 0.027 0.003 
 220   (0.028) 0.002 0.002 0.001 0.032 0.000 0.003 0.000 0.009 
 206   (0.033) 0.002 0.003 0.001 0.033 0.000 0.056 0.001 0.018 
 196   (0.011) 0.001 0.000 0.000 0.011 0.000 0.001 0.000 0.001 
 238   (0.013) 0.001 0.000 0.000 0.012 0.000 0.001 0.000 0.002 
 121   (0.010) 0.002 0.004 0.001 0.009 0.000 0.001 0.000 0.001 
 204   (0.015) 0.001 0.001 0.000 0.013 0.000 0.025 0.000 0.001 
 190   (0.011) 0.001 0.000 0.000 0.011 0.000 0.001 0.000 0.001 
 198   (0.011) 0.001 0.000 0.000 0.009 0.000 0.009 0.000 0.001 
 232   (0.010) 0.001 0.000 0.000 0.008 0.000 0.056 0.000 0.001 

Locus 2 : 
16 alleles
1.6% missing data
 171   (0.215) 0.243 0.378 0.404 0.218 0.002 0.502 0.142 0.062 
 175   (0.100) 0.031 0.037 0.134 0.100 0.125 0.047 0.248 0.021 
 185   (0.048) 0.034 0.002 0.001 0.047 0.001 0.006 0.145 0.225 
 181   (0.084) 0.102 0.112 0.003 0.080 0.346 0.094 0.351 0.005 
 179   (0.073) 0.014 0.004 0.337 0.075 0.103 0.019 0.001 0.294 
 173   (0.175) 0.513 0.230 0.104 0.169 0.326 0.110 0.064 0.184 
 177   (0.033) 0.002 0.001 0.007 0.031 0.094 0.005 0.001 0.068 
 183   (0.057) 0.004 0.002 0.001 0.056 0.001 0.128 0.019 0.085 
 187   (0.112) 0.047 0.082 0.003 0.128 0.001 0.060 0.002 0.024 
 189   (0.028) 0.006 0.149 0.001 0.025 0.000 0.003 0.000 0.021 
 191   (0.020) 0.001 0.001 0.003 0.017 0.000 0.020 0.026 0.001 
 163   (0.011) 0.001 0.000 0.000 0.011 0.000 0.001 0.000 0.001 
 165   (0.011) 0.001 0.000 0.000 0.011 0.000 0.001 0.000 0.001 
 193   (0.011) 0.001 0.000 0.000 0.011 0.000 0.001 0.000 0.001 
 169   (0.011) 0.001 0.000 0.000 0.009 0.000 0.001 0.000 0.007 
 167   (0.011) 0.001 0.000 0.000 0.011 0.000 0.001 0.000 0.001 

Locus 3 : 
7 alleles
2.4% missing data
 206   (0.837) 0.986 0.898 0.986 0.836 0.984 0.924 0.985 0.977 
 208   (0.065) 0.007 0.098 0.002 0.071 0.002 0.026 0.001 0.011 
 198   (0.011) 0.001 0.000 0.000 0.009 0.000 0.001 0.005 0.001 
 204   (0.042) 0.003 0.002 0.011 0.040 0.013 0.034 0.008 0.009 
 218   (0.017) 0.001 0.001 0.000 0.016 0.000 0.010 0.000 0.001 
 230   (0.012) 0.001 0.000 0.000 0.011 0.000 0.004 0.000 0.001 
 212   (0.016) 0.001 0.001 0.000 0.018 0.000 0.002 0.000 0.001 

Locus 4 : 
15 alleles
3.6% missing data
