

----------------------------------------------------
STRUCTURE by Pritchard, Stephens and Donnelly (2000)
     and Falush, Stephens and Pritchard (2003)
       Code by Pritchard, Falush and Hubisz
             Version 2.3.4 (Jul 2012)
----------------------------------------------------



Command line arguments:   bin\structure -m C:\Users\eschumacher\Documents\GitHub\GCC_QUAC_ZAIN\Data_Files\Structure_Files\QUAC\QUAC_wK_nopopinfo_garden_wild\QUAC_wK_nopopinfo_STR\50-50\mainparams -e C:\Users\eschumacher\Documents\GitHub\GCC_QUAC_ZAIN\Data_Files\Structure_Files\QUAC\QUAC_wK_nopopinfo_garden_wild\QUAC_wK_nopopinfo_STR\50-50\extraparams 
Input File:    C:\Users\eschumacher\Documents\GitHub\GCC_QUAC_ZAIN\Data_Files\Structure_Files\QUAC\QUAC_wK_nopopinfo_garden_wild\QUAC_wK_nopopinfo_STR\project_data

Run parameters:
   449 individuals
   15 loci
   5 populations assumed
   50000 Burn-in period
   50000 Reps


--------------------------------------------
Overall proportion of membership of the
sample in each of the 5 clusters

Inferred Clusters
  1      2      3      4      5    
0.199  0.191  0.182  0.206  0.223  

--------------------------------------------

Allele-freq. divergence among pops (Net nucleotide distance),
computed using point estimates of P.

      1       2       3       4       5      
 1      -    0.1190  0.0856  0.1048  0.0947  
 2   0.1190     -    0.0926  0.0919  0.0934  
 3   0.0856  0.0926     -    0.0389  0.0418  
 4   0.1048  0.0919  0.0389     -    0.0490  
 5   0.0947  0.0934  0.0418  0.0490     -    

Average distances (expected heterozygosity) between individuals in same cluster:
cluster  1  : 0.5024 
cluster  2  : 0.4549 
cluster  3  : 0.6072 
cluster  4  : 0.6214 
cluster  5  : 0.5677 

--------------------------------------------
Estimated Ln Prob of Data   = -16663.3
Mean value of ln likelihood = -16369.9
Variance of ln likelihood   = 586.7
Mean value of alpha         = 0.0381

Mean value of Fst_1         = 0.2533
Mean value of Fst_2         = 0.3567
Mean value of Fst_3         = 0.0572
Mean value of Fst_4         = 0.0753
Mean value of Fst_5         = 0.1482


Inferred ancestry of individuals:
        Label (%Miss) :  Inferred clusters
  1 QAc-G-0029    (0)   :  0.958 0.014 0.006 0.004 0.017 
  2 QAc-G-0030    (0)   :  0.987 0.003 0.003 0.003 0.003 
  3 QAc-G-0031    (0)   :  0.985 0.005 0.004 0.002 0.003 
  4 QAc-G-0061    (0)   :  0.981 0.004 0.005 0.004 0.007 
  5 QAc-G-0062    (0)   :  0.008 0.263 0.398 0.323 0.007 
  6 QAc-G-0063    (0)   :  0.007 0.803 0.028 0.014 0.147 
  7 QAc-G-0064    (0)   :  0.003 0.005 0.008 0.974 0.009 
  8 QAc-G-0065    (0)   :  0.006 0.003 0.003 0.981 0.007 
  9 QAc-G-0066    (0)   :  0.005 0.985 0.003 0.003 0.004 
 10 QAc-G-0067    (0)   :  0.018 0.005 0.006 0.963 0.007 
 11 QAc-G-0068    (0)   :  0.005 0.562 0.039 0.391 0.004 
 12 QAc-G-0070    (0)   :  0.009 0.769 0.174 0.020 0.028 
 13 QAc-G-0071   (13)   :  0.006 0.983 0.003 0.003 0.004 
 14 QAc-G-0072    (0)   :  0.005 0.981 0.005 0.003 0.006 
 15 QAc-G-0073    (0)   :  0.005 0.003 0.005 0.003 0.983 
 16 QAc-G-0074    (0)   :  0.005 0.155 0.031 0.011 0.799 
 17 QAc-G-0075    (0)   :  0.008 0.008 0.007 0.008 0.970 
 18 QAc-G-0076    (0)   :  0.010 0.008 0.012 0.008 0.962 
 19 QAc-G-0077    (0)   :  0.977 0.008 0.003 0.005 0.007 
 20 QAc-G-0078    (0)   :  0.988 0.004 0.003 0.003 0.003 
 21 QAc-G-0079    (0)   :  0.983 0.005 0.004 0.004 0.004 
 22 QAc-G-0080    (0)   :  0.749 0.015 0.026 0.051 0.160 
 23 QAc-G-0081    (0)   :  0.006 0.008 0.955 0.011 0.020 
 24 QAc-G-0082    (0)   :  0.014 0.005 0.815 0.059 0.107 
 25 QAc-G-0083    (0)   :  0.091 0.455 0.139 0.166 0.148 
 26 QAc-G-0001   (13)   :  0.985 0.005 0.003 0.003 0.003 
 27 QAc-G-0002    (0)   :  0.988 0.004 0.003 0.003 0.003 
 28 QAc-G-0285    (0)   :  0.013 0.921 0.028 0.018 0.019 
 29 QAc-G-0286    (0)   :  0.004 0.987 0.003 0.003 0.003 
 30 QAc-G-0287    (0)   :  0.003 0.988 0.003 0.003 0.003 
 31 QAc-G-0288    (6)   :  0.018 0.952 0.014 0.005 0.011 
 32 QAc-G-0289    (0)   :  0.004 0.985 0.004 0.003 0.004 
 33 QAc-G-0290    (0)   :  0.004 0.984 0.004 0.004 0.004 
 34 QAc-G-0291    (0)   :  0.006 0.985 0.003 0.003 0.003 
 35 QAc-G-0292    (0)   :  0.003 0.730 0.234 0.026 0.006 
 36 QAc-G-0293    (0)   :  0.008 0.984 0.003 0.003 0.003 
 37 QAc-G-0294    (0)   :  0.008 0.004 0.008 0.015 0.965 
 38 QAc-G-0295    (0)   :  0.011 0.014 0.005 0.006 0.963 
 39 QAc-G-0296    (0)   :  0.004 0.007 0.004 0.006 0.979 
 40 QAc-G-0297    (0)   :  0.008 0.003 0.185 0.156 0.647 
 41 QAc-G-0298    (6)   :  0.006 0.004 0.005 0.004 0.980 
 42 QAc-G-0299    (0)   :  0.005 0.008 0.004 0.007 0.977 
 43 QAc-G-0300    (0)   :  0.003 0.004 0.009 0.007 0.976 
 44 QAc-G-0301    (0)   :  0.006 0.010 0.005 0.011 0.968 
 45 QAc-G-0302    (0)   :  0.007 0.008 0.027 0.932 0.026 
 46 QAc-G-0303    (0)   :  0.007 0.006 0.070 0.906 0.011 
 47 QAc-G-0304    (0)   :  0.004 0.986 0.003 0.003 0.004 
 48 QAc-G-0305    (0)   :  0.075 0.769 0.083 0.066 0.007 
 49 QAc-G-0306    (0)   :  0.004 0.987 0.003 0.003 0.003 
 50 QAc-G-0307    (0)   :  0.877 0.014 0.085 0.014 0.011 
 51 QAc-G-0308    (0)   :  0.953 0.016 0.009 0.008 0.014 
 52 QAc-G-0309    (0)   :  0.979 0.006 0.006 0.004 0.005 
 53 QAc-G-0310    (0)   :  0.983 0.004 0.004 0.003 0.005 
 54 QAc-G-0311    (0)   :  0.989 0.003 0.003 0.002 0.003 
 55 QAc-G-0312    (0)   :  0.594 0.007 0.143 0.124 0.131 
 56 QAc-G-0313    (0)   :  0.049 0.031 0.853 0.036 0.031 
 57 QAc-G-0314    (0)   :  0.016 0.004 0.803 0.030 0.147 
 58 QAc-G-0315    (0)   :  0.006 0.020 0.708 0.224 0.041 
 59 QAc-G-0316    (0)   :  0.022 0.009 0.955 0.007 0.007 
 60 QAc-G-0032    (6)   :  0.008 0.008 0.011 0.961 0.012 
 61 QAc-G-0033    (0)   :  0.006 0.005 0.005 0.006 0.978 
 62 QAc-G-0034    (0)   :  0.034 0.005 0.011 0.012 0.938 
 63 QAc-G-0035    (0)   :  0.006 0.007 0.006 0.008 0.974 
 64 QAc-G-0036    (0)   :  0.007 0.020 0.013 0.006 0.953 
 65 QAc-G-0037    (0)   :  0.013 0.013 0.004 0.004 0.966 
 66 QAc-G-0038    (0)   :  0.002 0.003 0.004 0.003 0.987 
 67 QAc-G-0039    (0)   :  0.030 0.005 0.026 0.011 0.928 
 68 QAc-G-0040    (0)   :  0.007 0.059 0.051 0.006 0.877 
 69 QAc-G-0041    (0)   :  0.003 0.007 0.022 0.009 0.958 
 70 QAc-G-0042    (0)   :  0.003 0.006 0.005 0.006 0.980 
 71 QAc-G-0043    (0)   :  0.008 0.005 0.005 0.003 0.979 
 72 QAc-G-0044    (0)   :  0.004 0.008 0.007 0.016 0.964 
 73 QAc-G-0045    (0)   :  0.029 0.007 0.007 0.008 0.950 
 74 QAc-G-0046    (0)   :  0.048 0.003 0.023 0.005 0.921 
 75 QAc-G-0047    (0)   :  0.030 0.005 0.009 0.012 0.944 
 76 QAc-G-0048    (0)   :  0.003 0.004 0.007 0.005 0.981 
 77 QAc-G-0049    (0)   :  0.986 0.005 0.003 0.003 0.003 
 78 QAc-G-0050    (0)   :  0.215 0.080 0.280 0.419 0.007 
 79 QAc-G-0051    (0)   :  0.987 0.005 0.003 0.003 0.003 
 80 QAc-G-0052    (0)   :  0.959 0.004 0.013 0.013 0.012 
 81 QAc-G-0053    (0)   :  0.967 0.009 0.004 0.003 0.016 
 82 QAc-G-0054    (0)   :  0.498 0.006 0.405 0.061 0.030 
 83 QAc-G-0055    (0)   :  0.645 0.005 0.226 0.100 0.023 
 84 QAc-G-0056    (0)   :  0.036 0.017 0.871 0.063 0.013 
 85 QAc-G-0057    (0)   :  0.985 0.005 0.003 0.003 0.004 
 86 QAc-G-0058    (6)   :  0.986 0.004 0.003 0.003 0.003 
 87 QAc-G-0059    (0)   :  0.625 0.003 0.274 0.037 0.061 
 88 QAc-G-0060    (6)   :  0.956 0.013 0.009 0.011 0.012 
 89 QAc-G-0276    (0)   :  0.029 0.927 0.011 0.005 0.029 
 90 QAc-G-0279    (0)   :  0.007 0.983 0.003 0.003 0.004 
 91 QAc-G-0280    (6)   :  0.004 0.978 0.006 0.004 0.008 
 92 QAc-G-0281    (0)   :  0.982 0.007 0.004 0.004 0.004 
 93 QAc-G-0018    (0)   :  0.043 0.007 0.013 0.027 0.910 
 94 QAc-G-0019    (0)   :  0.005 0.011 0.007 0.009 0.968 
 95 QAc-G-0020    (0)   :  0.006 0.003 0.013 0.006 0.972 
 96 QAc-G-0021    (6)   :  0.009 0.004 0.003 0.006 0.978 
 97 QAc-G-0022    (6)   :  0.022 0.008 0.108 0.027 0.835 
 98 QAc-G-0023    (0)   :  0.985 0.004 0.004 0.003 0.004 
 99 QAc-G-0024    (0)   :  0.983 0.003 0.003 0.004 0.007 
100 QAc-G-0016    (0)   :  0.354 0.021 0.112 0.491 0.022 
101 QAc-G-0017    (0)   :  0.003 0.005 0.009 0.977 0.006 
102 QAc-G-0250    (0)   :  0.023 0.580 0.079 0.250 0.069 
103 QAc-G-0003    (6)   :  0.005 0.980 0.006 0.004 0.005 
104 QAc-G-0004    (0)   :  0.010 0.005 0.014 0.912 0.059 
105 QAc-G-0005    (0)   :  0.005 0.004 0.004 0.979 0.007 
106 QAc-G-0006    (6)   :  0.005 0.008 0.099 0.859 0.030 
107 QAc-G-0283    (0)   :  0.004 0.008 0.968 0.013 0.007 
108 QAc-G-0265    (0)   :  0.495 0.039 0.175 0.020 0.270 
109 QAc-G-0266    (0)   :  0.987 0.005 0.003 0.002 0.003 
110 QAc-G-0267    (0)   :  0.012 0.125 0.142 0.132 0.588 
111 QAc-G-0268   (20)   :  0.011 0.598 0.053 0.326 0.012 
112 QAc-G-0269    (0)   :  0.005 0.984 0.003 0.003 0.005 
113 QAc-G-0270    (6)   :  0.005 0.007 0.005 0.006 0.978 
114 QAc-G-0271    (0)   :  0.004 0.004 0.012 0.055 0.924 
115 QAc-G-0272    (6)   :  0.007 0.018 0.006 0.006 0.963 
116 QAc-G-0273    (0)   :  0.980 0.005 0.005 0.005 0.005 
117 QAc-G-0274    (0)   :  0.004 0.003 0.005 0.977 0.010 
118 QAc-G-0251    (6)   :  0.006 0.004 0.008 0.025 0.956 
119 QAc-G-0252    (0)   :  0.005 0.005 0.015 0.011 0.963 
120 QAc-G-0253    (0)   :  0.982 0.005 0.005 0.003 0.005 
121 QAc-G-0254    (0)   :  0.988 0.003 0.003 0.003 0.003 
122 QAc-G-0255    (0)   :  0.005 0.004 0.010 0.966 0.014 
123 QAc-G-0256    (0)   :  0.006 0.013 0.005 0.969 0.007 
124 QAc-G-0257    (0)   :  0.006 0.003 0.012 0.974 0.006 
125 QAc-G-0258    (0)   :  0.003 0.003 0.007 0.982 0.005 
126 QAc-G-0259    (0)   :  0.003 0.003 0.939 0.044 0.012 
127 QAc-G-0260    (0)   :  0.018 0.058 0.235 0.671 0.019 
128 QAc-G-0261    (0)   :  0.006 0.005 0.012 0.968 0.009 
129 QAc-G-0262    (0)   :  0.008 0.010 0.024 0.952 0.006 
130 QAc-G-0010    (0)   :  0.023 0.886 0.043 0.007 0.041 
131 QAc-G-0011    (0)   :  0.005 0.004 0.978 0.005 0.008 
132 QAc-G-0015    (0)   :  0.866 0.006 0.042 0.065 0.022 
133 QAc-G-0106    (0)   :  0.003 0.003 0.004 0.985 0.005 
134 QAc-G-0107    (0)   :  0.014 0.010 0.013 0.956 0.008 
135 QAc-G-0108    (0)   :  0.003 0.005 0.007 0.976 0.010 
136 QAc-G-0109    (0)   :  0.008 0.006 0.025 0.955 0.006 
137 QAc-G-0110    (0)   :  0.008 0.116 0.087 0.664 0.124 
138 QAc-G-0111    (0)   :  0.007 0.009 0.021 0.947 0.015 
139 QAc-G-0112    (0)   :  0.010 0.035 0.010 0.939 0.006 
140 QAc-G-0113    (0)   :  0.017 0.007 0.008 0.962 0.006 
141 QAc-G-0114    (0)   :  0.027 0.028 0.012 0.820 0.113 
142 QAc-G-0115    (0)   :  0.006 0.007 0.009 0.974 0.005 
143 QAc-G-0116    (0)   :  0.008 0.011 0.013 0.963 0.006 
144 QAc-G-0117    (0)   :  0.016 0.009 0.025 0.863 0.088 
145 QAc-G-0118    (0)   :  0.003 0.004 0.005 0.979 0.009 
146 QAc-G-0119    (0)   :  0.006 0.002 0.011 0.970 0.011 
147 QAc-G-0120    (0)   :  0.009 0.008 0.063 0.897 0.023 
148 QAc-G-0121    (0)   :  0.003 0.004 0.004 0.979 0.010 
149 QAc-G-0122    (0)   :  0.005 0.023 0.007 0.955 0.011 
150 QAc-G-0123    (0)   :  0.004 0.003 0.005 0.965 0.024 
151 QAc-G-0124    (6)   :  0.006 0.005 0.011 0.955 0.023 
152 QAc-G-0125    (0)   :  0.043 0.031 0.095 0.818 0.013 
153 QAc-G-0126    (0)   :  0.030 0.006 0.023 0.932 0.010 
154 QAc-G-0127    (0)   :  0.005 0.004 0.009 0.972 0.009 
155 QAc-G-0128    (0)   :  0.007 0.012 0.004 0.969 0.009 
156 QAc-G-0129    (0)   :  0.003 0.005 0.004 0.978 0.010 
157 QAc-G-0130    (0)   :  0.003 0.004 0.008 0.980 0.005 
158 QAc-G-0131    (0)   :  0.006 0.006 0.006 0.970 0.012 
159 QAc-G-0132    (0)   :  0.005 0.007 0.004 0.978 0.006 
160 QAc-G-0133    (0)   :  0.005 0.006 0.010 0.960 0.019 
161 QAc-G-0134    (0)   :  0.006 0.005 0.006 0.972 0.011 
162 QAc-G-0135    (0)   :  0.019 0.010 0.020 0.928 0.024 
163 QAc-G-0136    (0)   :  0.010 0.013 0.028 0.940 0.008 
164 QAc-G-0137    (0)   :  0.004 0.005 0.007 0.973 0.011 
165 QAc-G-0138    (0)   :  0.009 0.006 0.125 0.857 0.003 
166 QAc-G-0139    (0)   :  0.003 0.004 0.008 0.975 0.010 
167 QAc-G-0140    (6)   :  0.006 0.007 0.005 0.972 0.010 
168 QAc-G-0141    (0)   :  0.045 0.026 0.197 0.692 0.040 
169 QAc-G-0142    (0)   :  0.003 0.004 0.007 0.972 0.014 
170 QAc-G-0143    (0)   :  0.019 0.013 0.656 0.266 0.045 
171 QAc-G-0144    (6)   :  0.014 0.009 0.111 0.856 0.010 
172 QAc-G-0145    (0)   :  0.003 0.986 0.003 0.003 0.004 
173 QAc-G-0146    (0)   :  0.005 0.007 0.008 0.959 0.022 
174 QAc-G-0147    (0)   :  0.007 0.008 0.167 0.797 0.020 
175 QAc-G-0148    (0)   :  0.009 0.008 0.021 0.946 0.016 
176 QAc-G-0149    (0)   :  0.004 0.005 0.006 0.974 0.011 
177 QAc-G-0150    (0)   :  0.005 0.985 0.004 0.003 0.004 
178 QAc-G-0151    (0)   :  0.005 0.006 0.008 0.967 0.015 
179 QAc-G-0152    (0)   :  0.010 0.004 0.012 0.936 0.037 
180 QAc-G-0153    (0)   :  0.003 0.010 0.012 0.966 0.010 
181 QAc-G-0154    (0)   :  0.004 0.007 0.005 0.972 0.012 
182 QAc-G-0155    (0)   :  0.004 0.005 0.007 0.949 0.035 
183 QAc-G-0158    (0)   :  0.006 0.005 0.005 0.980 0.004 
184 QAc-G-0159    (0)   :  0.007 0.011 0.015 0.958 0.010 
185 QAc-G-0160    (0)   :  0.003 0.988 0.003 0.003 0.003 
186 QAc-G-0161    (0)   :  0.003 0.988 0.003 0.003 0.003 
187 QAc-G-0162    (0)   :  0.007 0.669 0.044 0.008 0.272 
188 QAc-G-0163    (0)   :  0.003 0.921 0.008 0.016 0.052 
189 QAc-G-0164    (0)   :  0.012 0.962 0.018 0.003 0.005 
190 QAc-G-0165    (0)   :  0.003 0.980 0.005 0.006 0.006 
191 QAc-G-0166    (0)   :  0.004 0.984 0.003 0.003 0.006 
192 QAc-G-0167    (0)   :  0.005 0.982 0.004 0.004 0.005 
193 QAc-G-0168    (0)   :  0.004 0.987 0.003 0.003 0.003 
194 QAc-G-0169    (6)   :  0.006 0.529 0.148 0.302 0.016 
195 QAc-G-0170    (0)   :  0.005 0.980 0.004 0.004 0.006 
196 QAc-G-0171    (0)   :  0.004 0.985 0.004 0.003 0.004 
197 QAc-G-0172    (0)   :  0.010 0.043 0.050 0.877 0.019 
198 QAc-G-0173    (0)   :  0.007 0.984 0.003 0.003 0.003 
199 QAc-G-0174    (0)   :  0.008 0.800 0.035 0.130 0.028 
200 QAc-G-0175    (0)   :  0.004 0.986 0.004 0.003 0.004 
201 QAc-G-0176    (0)   :  0.010 0.815 0.007 0.006 0.161 
202 QAc-G-0177    (0)   :  0.005 0.985 0.003 0.003 0.004 
203 QAc-G-0178    (0)   :  0.032 0.901 0.054 0.007 0.007 
204 QAc-G-0179    (6)   :  0.004 0.987 0.003 0.003 0.004 
205 QAc-G-0180    (0)   :  0.003 0.987 0.004 0.003 0.003 
206 QAc-G-0181    (0)   :  0.003 0.980 0.005 0.004 0.009 
207 QAc-G-0182    (0)   :  0.004 0.874 0.021 0.071 0.031 
208 QAc-G-0183    (6)   :  0.007 0.979 0.005 0.006 0.004 
209 QAc-G-0184    (0)   :  0.004 0.986 0.003 0.003 0.004 
210 QAc-G-0185    (0)   :  0.008 0.953 0.017 0.011 0.011 
211 QAc-G-0186    (0)   :  0.002 0.981 0.005 0.003 0.009 
212 QAc-G-0187    (0)   :  0.031 0.920 0.027 0.006 0.016 
213 QAc-G-0188    (0)   :  0.005 0.292 0.019 0.629 0.055 
214 QAc-G-0189    (0)   :  0.005 0.987 0.003 0.003 0.003 
215 QAc-G-0190    (0)   :  0.005 0.982 0.004 0.004 0.005 
216 QAc-G-0191    (0)   :  0.005 0.983 0.004 0.004 0.005 
217 QAc-G-0192    (0)   :  0.003 0.988 0.003 0.003 0.003 
218 QAc-G-0193    (0)   :  0.004 0.981 0.005 0.004 0.006 
219 QAc-G-0194    (0)   :  0.006 0.978 0.006 0.004 0.007 
220 QAc-G-0195    (0)   :  0.098 0.877 0.008 0.005 0.013 
221 QAc-G-0196    (0)   :  0.006 0.984 0.003 0.002 0.005 
222 QAc-G-0197    (0)   :  0.004 0.988 0.003 0.003 0.003 
223 QAc-G-0198    (0)   :  0.004 0.985 0.003 0.003 0.005 
224 QAc-G-0199    (0)   :  0.013 0.898 0.054 0.007 0.028 
225 QAc-G-0200    (0)   :  0.004 0.977 0.006 0.003 0.010 
226 QAc-G-0201    (0)   :  0.004 0.986 0.004 0.002 0.004 
227 QAc-G-0202    (6)   :  0.009 0.979 0.004 0.004 0.004 
228 QAc-G-0203    (0)   :  0.013 0.971 0.005 0.006 0.005 
229 QAc-G-0204    (0)   :  0.006 0.980 0.004 0.003 0.007 
230 QAc-G-0205    (0)   :  0.988 0.003 0.003 0.003 0.003 
231 QAc-G-0206    (0)   :  0.860 0.003 0.052 0.054 0.031 
232 QAc-G-0207    (0)   :  0.973 0.006 0.009 0.005 0.006 
233 QAc-G-0208    (0)   :  0.986 0.004 0.003 0.003 0.003 
234 QAc-G-0209    (0)   :  0.982 0.008 0.004 0.003 0.003 
235 QAc-G-0210    (0)   :  0.988 0.003 0.003 0.003 0.003 
236 QAc-G-0211    (0)   :  0.987 0.003 0.003 0.004 0.003 
237 QAc-G-0212    (0)   :  0.986 0.005 0.003 0.003 0.004 
238 QAc-G-0213    (0)   :  0.982 0.005 0.004 0.003 0.006 
239 QAc-G-0214    (0)   :  0.987 0.004 0.003 0.003 0.003 
240 QAc-G-0215    (0)   :  0.984 0.004 0.005 0.003 0.004 
241 QAc-G-0216    (0)   :  0.355 0.108 0.073 0.425 0.039 
242 QAc-G-0217    (0)   :  0.970 0.006 0.008 0.011 0.005 
243 QAc-G-0218    (0)   :  0.977 0.005 0.007 0.004 0.007 
244 QAc-G-0219    (0)   :  0.920 0.010 0.011 0.037 0.022 
245 QAc-G-0220    (0)   :  0.968 0.003 0.011 0.011 0.006 
246 QAc-G-0221    (0)   :  0.939 0.010 0.026 0.013 0.012 
247 QAc-G-0222    (0)   :  0.985 0.005 0.004 0.003 0.004 
248 QAc-G-0223    (0)   :  0.981 0.003 0.006 0.004 0.005 
249 QAc-G-0224    (0)   :  0.983 0.005 0.005 0.004 0.003 
250 QAc-G-0226    (0)   :  0.985 0.004 0.003 0.003 0.005 
251 QAc-G-0227    (0)   :  0.005 0.006 0.005 0.007 0.977 
252 QAc-G-0228    (6)   :  0.008 0.005 0.006 0.004 0.977 
253 QAc-G-0229    (0)   :  0.008 0.007 0.016 0.009 0.959 
254 QAc-G-0230    (0)   :  0.018 0.006 0.008 0.008 0.959 
255 QAc-G-0231    (0)   :  0.983 0.006 0.003 0.004 0.003 
256 QAc-G-0232    (0)   :  0.003 0.003 0.009 0.007 0.978 
257 QAc-G-0233    (0)   :  0.019 0.005 0.375 0.006 0.595 
258 QAc-G-0234    (0)   :  0.006 0.017 0.011 0.005 0.961 
259 QAc-G-0235    (0)   :  0.014 0.015 0.043 0.914 0.014 
260 QAc-G-0236    (0)   :  0.004 0.006 0.004 0.006 0.979 
261 QAc-G-0237    (0)   :  0.016 0.011 0.011 0.013 0.948 
262 QAc-G-0238    (0)   :  0.009 0.006 0.004 0.004 0.977 
263 QAc-G-0239    (0)   :  0.006 0.005 0.007 0.005 0.977 
264 QAc-G-0240    (0)   :  0.003 0.003 0.005 0.007 0.982 
265 QAc-G-0241    (0)   :  0.011 0.016 0.027 0.021 0.924 
266 QAc-G-0242    (0)   :  0.010 0.004 0.011 0.007 0.968 
267 QAc-G-0243    (0)   :  0.019 0.004 0.211 0.040 0.726 
268 QAc-G-0244    (0)   :  0.009 0.007 0.009 0.012 0.963 
269 QAc-G-0245    (0)   :  0.004 0.007 0.005 0.008 0.977 
270 QAc-G-0246    (0)   :  0.005 0.008 0.006 0.007 0.974 
271 QAc-G-0247    (0)   :  0.005 0.003 0.006 0.006 0.980 
272 QAc-G-0248    (0)   :  0.003 0.003 0.004 0.005 0.984 
273 QAc-G-0249    (0)   :  0.011 0.013 0.963 0.005 0.008 
274 QAc-G-0025    (0)   :  0.985 0.005 0.003 0.003 0.005 
275 QAc-G-0028    (0)   :  0.038 0.006 0.055 0.004 0.897 
276 QAc-G-0275    (0)   :  0.977 0.011 0.004 0.003 0.005 
277 QAc-G-0263    (0)   :  0.014 0.367 0.605 0.010 0.004 
278 QAc-W-0001    (0)   :  0.006 0.003 0.006 0.019 0.966 
279 QAc-W-0002    (0)   :  0.004 0.019 0.016 0.012 0.949 
280 QAc-W-0003    (0)   :  0.045 0.029 0.015 0.036 0.875 
281 QAc-W-0004    (0)   :  0.009 0.007 0.006 0.004 0.974 
282 QAc-W-0005    (0)   :  0.004 0.009 0.013 0.009 0.964 
283 QAc-W-0006    (0)   :  0.006 0.005 0.008 0.009 0.973 
284 QAc-W-0007   (13)   :  0.006 0.004 0.007 0.005 0.978 
285 QAc-W-0008    (6)   :  0.003 0.005 0.034 0.007 0.951 
286 QAc-W-0009    (0)   :  0.006 0.009 0.033 0.048 0.904 
287 QAc-W-0010    (0)   :  0.006 0.016 0.117 0.026 0.835 
288 QAc-W-0011    (0)   :  0.009 0.066 0.006 0.031 0.888 
289 QAc-W-0012    (0)   :  0.005 0.011 0.007 0.006 0.971 
290 QAc-W-0013    (0)   :  0.117 0.007 0.006 0.020 0.849 
291 QAc-W-0014    (0)   :  0.006 0.004 0.024 0.004 0.962 
292 QAc-W-0015    (0)   :  0.036 0.027 0.038 0.009 0.892 
293 QAc-W-0016    (0)   :  0.013 0.012 0.290 0.026 0.659 
294 QAc-W-0017    (0)   :  0.029 0.100 0.579 0.065 0.227 
295 QAc-W-0018    (0)   :  0.033 0.003 0.092 0.057 0.814 
296 QAc-W-0019    (0)   :  0.007 0.007 0.011 0.007 0.968 
297 QAc-W-0020    (0)   :  0.003 0.005 0.009 0.019 0.964 
298 QAc-W-0021    (0)   :  0.298 0.014 0.102 0.072 0.513 
299 QAc-W-0022    (0)   :  0.030 0.021 0.529 0.019 0.402 
300 QAc-W-0023    (6)   :  0.039 0.004 0.081 0.362 0.514 
301 QAc-W-0024    (0)   :  0.239 0.031 0.058 0.013 0.659 
302 QAc-W-0025    (0)   :  0.005 0.004 0.006 0.005 0.980 
303 QAc-W-0026    (0)   :  0.035 0.057 0.041 0.039 0.827 
304 QAc-W-0027    (0)   :  0.005 0.008 0.012 0.008 0.968 
305 QAc-W-0028    (0)   :  0.003 0.006 0.007 0.005 0.979 
306 QAc-W-0029    (0)   :  0.006 0.003 0.006 0.012 0.972 
307 QAc-W-0030    (0)   :  0.005 0.009 0.005 0.006 0.975 
308 QAc-W-0031    (0)   :  0.060 0.005 0.006 0.006 0.924 
309 QAc-W-0032    (0)   :  0.005 0.003 0.009 0.004 0.980 
310 QAc-W-0033    (0)   :  0.013 0.005 0.049 0.020 0.913 
311 QAc-W-0034    (0)   :  0.004 0.004 0.007 0.014 0.970 
312 QAc-W-0035    (0)   :  0.021 0.035 0.066 0.009 0.868 
313 QAc-W-0036    (0)   :  0.004 0.004 0.008 0.022 0.962 
314 QAc-W-0037    (0)   :  0.011 0.017 0.007 0.008 0.958 
315 QAc-W-0038    (0)   :  0.005 0.015 0.011 0.014 0.955 
316 QAc-W-0039    (0)   :  0.011 0.017 0.006 0.012 0.953 
317 QAc-W-0040    (0)   :  0.011 0.008 0.211 0.015 0.755 
318 QAc-W-0041    (0)   :  0.068 0.012 0.013 0.025 0.882 
319 QAc-W-0042    (0)   :  0.015 0.022 0.005 0.941 0.015 
320 QAc-W-0043    (0)   :  0.013 0.048 0.009 0.898 0.033 
321 QAc-W-0044    (0)   :  0.006 0.029 0.020 0.898 0.047 
322 QAc-W-0045    (0)   :  0.007 0.009 0.005 0.970 0.008 
323 QAc-W-0046    (0)   :  0.018 0.024 0.007 0.936 0.016 
324 QAc-W-0047    (0)   :  0.004 0.016 0.013 0.950 0.018 
325 QAc-W-0048    (0)   :  0.007 0.004 0.006 0.970 0.013 
326 QAc-W-0049    (0)   :  0.008 0.005 0.005 0.976 0.007 
327 QAc-W-0050    (0)   :  0.024 0.009 0.066 0.894 0.007 
328 QAc-W-0051    (0)   :  0.016 0.018 0.008 0.946 0.012 
329 QAc-W-0052    (0)   :  0.004 0.004 0.005 0.978 0.010 
330 QAc-W-0053    (0)   :  0.004 0.004 0.008 0.976 0.009 
331 QAc-W-0054    (0)   :  0.007 0.216 0.405 0.361 0.012 
332 QAc-W-0055    (0)   :  0.064 0.538 0.138 0.249 0.010 
333 QAc-W-0056    (0)   :  0.061 0.021 0.374 0.400 0.144 
334 QAc-W-0057    (0)   :  0.089 0.033 0.040 0.828 0.010 
335 QAc-W-0058    (0)   :  0.242 0.015 0.011 0.727 0.005 
336 QAc-W-0059    (0)   :  0.003 0.005 0.005 0.981 0.006 
337 QAc-W-0060    (0)   :  0.006 0.729 0.048 0.110 0.107 
338 QAc-W-0061    (0)   :  0.014 0.819 0.122 0.025 0.020 
339 QAc-W-0062    (0)   :  0.024 0.702 0.212 0.045 0.016 
340 QAc-W-0063    (0)   :  0.034 0.441 0.180 0.296 0.049 
341 QAc-W-0064    (0)   :  0.022 0.648 0.258 0.016 0.057 
342 QAc-W-0065    (0)   :  0.012 0.493 0.418 0.036 0.039 
343 QAc-W-0066    (0)   :  0.006 0.985 0.003 0.003 0.004 
344 QAc-W-0067    (0)   :  0.004 0.987 0.003 0.003 0.003 
345 QAc-W-0068    (0)   :  0.003 0.988 0.003 0.003 0.004 
346 QAc-W-0069    (0)   :  0.004 0.986 0.003 0.003 0.004 
347 QAc-W-0070    (0)   :  0.003 0.988 0.003 0.003 0.003 
348 QAc-W-0071    (6)   :  0.006 0.964 0.019 0.005 0.005 
349 QAc-W-0072    (0)   :  0.009 0.163 0.801 0.018 0.009 
350 QAc-W-0073    (0)   :  0.016 0.358 0.064 0.524 0.038 
351 QAc-W-0074    (0)   :  0.012 0.812 0.149 0.010 0.016 
352 QAc-W-0075    (0)   :  0.008 0.940 0.027 0.015 0.010 
353 QAc-W-0076    (0)   :  0.012 0.667 0.307 0.008 0.007 
354 QAc-W-0077    (0)   :  0.004 0.787 0.039 0.147 0.023 
355 QAc-W-0078    (0)   :  0.654 0.044 0.204 0.026 0.072 
356 QAc-W-0079    (6)   :  0.941 0.027 0.010 0.009 0.014 
357 QAc-W-0080   (13)   :  0.947 0.004 0.008 0.007 0.034 
358 QAc-W-0081    (0)   :  0.978 0.004 0.004 0.006 0.007 
359 QAc-W-0082    (0)   :  0.604 0.005 0.012 0.372 0.007 
360 QAc-W-0083    (0)   :  0.883 0.038 0.040 0.018 0.020 
361 QAc-W-0084    (0)   :  0.982 0.004 0.004 0.004 0.006 
362 QAc-W-0085    (0)   :  0.984 0.005 0.004 0.003 0.003 
363 QAc-W-0086    (0)   :  0.977 0.006 0.007 0.004 0.006 
364 QAc-W-0087    (0)   :  0.970 0.006 0.011 0.006 0.007 
365 QAc-W-0088    (0)   :  0.948 0.004 0.017 0.026 0.006 
366 QAc-W-0089    (0)   :  0.979 0.006 0.004 0.004 0.007 
367 QAc-W-0090    (0)   :  0.979 0.007 0.004 0.004 0.007 
368 QAc-W-0091    (0)   :  0.956 0.007 0.013 0.017 0.006 
369 QAc-W-0092    (0)   :  0.674 0.007 0.014 0.149 0.156 
370 QAc-W-0093    (0)   :  0.769 0.003 0.077 0.046 0.106 
371 QAc-W-0094    (0)   :  0.618 0.006 0.024 0.274 0.078 
372 QAc-W-0095    (0)   :  0.932 0.006 0.009 0.031 0.021 
373 QAc-W-0096    (0)   :  0.741 0.022 0.047 0.147 0.044 
374 QAc-W-0097    (0)   :  0.754 0.011 0.013 0.125 0.098 
375 QAc-W-0098    (0)   :  0.978 0.004 0.005 0.007 0.006 
376 QAc-W-0099    (0)   :  0.818 0.004 0.117 0.034 0.026 
377 QAc-W-0100    (0)   :  0.976 0.004 0.010 0.005 0.005 
378 QAc-W-0101    (0)   :  0.948 0.030 0.010 0.004 0.007 
379 QAc-W-0104    (0)   :  0.942 0.004 0.027 0.018 0.010 
380 QAc-W-0105    (0)   :  0.977 0.006 0.005 0.005 0.007 
381 QAc-W-0106    (0)   :  0.942 0.006 0.016 0.016 0.020 
382 QAc-W-0107    (0)   :  0.981 0.007 0.005 0.004 0.004 
383 QAc-W-0108    (0)   :  0.984 0.006 0.004 0.003 0.003 
384 QAc-W-0109    (0)   :  0.949 0.022 0.006 0.011 0.012 
385 QAc-W-0110   (13)   :  0.344 0.009 0.034 0.008 0.605 
386 QAc-W-0111    (6)   :  0.975 0.006 0.005 0.006 0.009 
387 QAc-W-0112   (13)   :  0.951 0.004 0.020 0.012 0.013 
388 QAc-W-0113   (13)   :  0.007 0.004 0.971 0.006 0.013 
389 QAc-W-0114   (13)   :  0.018 0.005 0.955 0.016 0.006 
390 QAc-W-0115    (0)   :  0.007 0.006 0.972 0.004 0.011 
391 QAc-W-0116    (0)   :  0.006 0.003 0.958 0.018 0.015 
392 QAc-W-0117    (0)   :  0.003 0.004 0.982 0.006 0.006 
393 QAc-W-0118    (0)   :  0.017 0.020 0.954 0.005 0.005 
394 QAc-W-0119    (0)   :  0.004 0.007 0.976 0.006 0.006 
395 QAc-W-0120    (0)   :  0.006 0.011 0.968 0.006 0.009 
396 QAc-W-0121    (0)   :  0.004 0.031 0.949 0.007 0.009 
397 QAc-W-0122    (0)   :  0.005 0.004 0.972 0.009 0.011 
398 QAc-W-0123    (6)   :  0.010 0.007 0.963 0.013 0.007 
399 QAc-W-0124    (0)   :  0.036 0.034 0.876 0.006 0.048 
400 QAc-W-0125    (0)   :  0.015 0.008 0.962 0.009 0.006 
401 QAc-W-0126   (13)   :  0.023 0.008 0.944 0.014 0.010 
402 QAc-W-0127    (6)   :  0.004 0.005 0.976 0.007 0.009 
403 QAc-W-0128   (13)   :  0.039 0.011 0.933 0.007 0.010 
404 QAc-W-0129   (13)   :  0.007 0.006 0.941 0.012 0.034 
405 QAc-W-0130   (13)   :  0.009 0.006 0.948 0.007 0.031 
406 QAc-W-0131    (0)   :  0.006 0.005 0.971 0.012 0.006 
407 QAc-W-0132    (6)   :  0.016 0.044 0.897 0.008 0.034 
408 QAc-W-0133    (6)   :  0.084 0.149 0.748 0.012 0.007 
409 QAc-W-0134    (0)   :  0.005 0.005 0.975 0.009 0.006 
410 QAc-W-0135    (0)   :  0.006 0.014 0.899 0.006 0.075 
411 QAc-W-0136    (0)   :  0.004 0.004 0.979 0.007 0.006 
412 QAc-W-0137    (0)   :  0.003 0.004 0.983 0.005 0.005 
413 QAc-W-0138    (0)   :  0.003 0.004 0.982 0.004 0.007 
414 QAc-W-0139    (0)   :  0.040 0.016 0.890 0.011 0.043 
415 QAc-W-0140    (0)   :  0.004 0.006 0.957 0.014 0.020 
416 QAc-W-0141    (6)   :  0.008 0.019 0.886 0.012 0.075 
417 QAc-W-0142    (0)   :  0.005 0.009 0.977 0.005 0.005 
418 QAc-W-0143    (0)   :  0.009 0.005 0.973 0.007 0.007 
419 QAc-W-0144    (0)   :  0.006 0.003 0.946 0.037 0.008 
420 QAc-W-0145    (0)   :  0.003 0.004 0.984 0.004 0.004 
421 QAc-W-0146    (0)   :  0.007 0.005 0.949 0.005 0.033 
422 QAc-W-0147    (0)   :  0.006 0.004 0.981 0.004 0.005 
423 QAc-W-0148    (0)   :  0.004 0.005 0.975 0.006 0.010 
424 QAc-W-0149    (0)   :  0.009 0.004 0.946 0.031 0.009 
425 QAc-W-0150    (0)   :  0.020 0.006 0.888 0.010 0.077 
426 QAc-W-0151    (0)   :  0.006 0.006 0.967 0.007 0.015 
427 QAc-W-0152    (0)   :  0.005 0.007 0.975 0.006 0.008 
428 QAc-W-0153    (0)   :  0.091 0.018 0.731 0.035 0.125 
429 QAc-W-0154    (0)   :  0.004 0.004 0.971 0.004 0.017 
430 QAc-W-0155    (0)   :  0.004 0.004 0.981 0.005 0.007 
431 QAc-W-0156    (0)   :  0.078 0.004 0.848 0.008 0.062 
432 QAc-W-0157    (0)   :  0.004 0.010 0.947 0.025 0.014 
433 QAc-W-0158    (0)   :  0.033 0.021 0.881 0.005 0.059 
434 QAc-W-0159    (0)   :  0.005 0.005 0.975 0.007 0.009 
435 QAc-W-0160    (0)   :  0.006 0.005 0.955 0.005 0.029 
436 QAc-W-0161    (0)   :  0.004 0.005 0.878 0.045 0.068 
437 QAc-W-0162    (0)   :  0.003 0.033 0.923 0.037 0.004 
438 QAc-W-0163    (0)   :  0.004 0.005 0.962 0.021 0.008 
439 QAc-W-0164    (0)   :  0.005 0.007 0.975 0.007 0.005 
440 QAc-W-0165    (0)   :  0.003 0.020 0.962 0.008 0.007 
441 QAc-W-0166    (0)   :  0.005 0.006 0.955 0.007 0.027 
442 QAc-W-0167    (0)   :  0.063 0.006 0.702 0.212 0.017 
443 QAc-W-0168    (0)   :  0.017 0.155 0.685 0.104 0.039 
444 QAc-W-0169    (0)   :  0.004 0.011 0.308 0.395 0.281 
445 QAc-W-0170    (0)   :  0.023 0.006 0.546 0.332 0.093 
446 QAc-W-0171    (0)   :  0.040 0.006 0.678 0.254 0.022 
447 QAc-W-0172    (0)   :  0.015 0.003 0.573 0.320 0.089 
448 QAc-W-0173    (0)   :  0.011 0.004 0.683 0.136 0.165 
449 QAc-W-0174    (0)   :  0.015 0.032 0.885 0.046 0.022 


Estimated Allele Frequencies in each cluster
First column gives estimated ancestral frequencies


Locus 1 : 
21 alleles
0.4% missing data
 210   (0.109) 0.216 0.002 0.151 0.165 0.044 
 212   (0.105) 0.221 0.208 0.095 0.029 0.188 
 202   (0.064) 0.137 0.001 0.022 0.121 0.055 
 226   (0.051) 0.113 0.181 0.009 0.088 0.002 
 216   (0.075) 0.094 0.001 0.084 0.137 0.010 
 200   (0.199) 0.129 0.383 0.221 0.197 0.500 
 224   (0.031) 0.002 0.144 0.007 0.003 0.082 
 218   (0.052) 0.057 0.001 0.115 0.004 0.028 
 222   (0.033) 0.001 0.000 0.141 0.005 0.002 
 228   (0.016) 0.000 0.062 0.003 0.001 0.000 
 214   (0.048) 0.001 0.014 0.058 0.114 0.002 
 208   (0.056) 0.029 0.001 0.022 0.035 0.073 
 220   (0.025) 0.000 0.000 0.022 0.006 0.004 
 206   (0.033) 0.001 0.001 0.023 0.038 0.003 
 196   (0.013) 0.000 0.000 0.007 0.001 0.000 
 238   (0.015) 0.000 0.000 0.007 0.001 0.000 
 121   (0.015) 0.000 0.000 0.002 0.001 0.005 
 204   (0.016) 0.000 0.000 0.002 0.016 0.000 
 190   (0.014) 0.000 0.000 0.007 0.001 0.000 
 198   (0.014) 0.000 0.000 0.001 0.006 0.000 
 232   (0.017) 0.000 0.000 0.002 0.032 0.000 

Locus 2 : 
16 alleles
1.6% missing data
 171   (0.157) 0.155 0.002 0.082 0.441 0.336 
 175   (0.098) 0.242 0.124 0.034 0.086 0.037 
 185   (0.066) 0.141 0.002 0.181 0.008 0.009 
 181   (0.081) 0.348 0.344 0.016 0.054 0.101 
 179   (0.106) 0.002 0.106 0.241 0.130 0.009 
 173   (0.178) 0.064 0.326 0.169 0.126 0.330 
 177   (0.044) 0.001 0.092 0.055 0.012 0.001 
 183   (0.067) 0.021 0.001 0.087 0.071 0.002 
 187   (0.068) 0.001 0.001 0.080 0.046 0.073 
 189   (0.033) 0.001 0.000 0.023 0.003 0.097 
 191   (0.025) 0.024 0.000 0.003 0.016 0.001 
 163   (0.016) 0.000 0.000 0.007 0.001 0.000 
 165   (0.016) 0.000 0.000 0.007 0.001 0.000 
 193   (0.013) 0.000 0.000 0.005 0.002 0.001 
 169   (0.016) 0.000 0.000 0.007 0.001 0.000 
 167   (0.016) 0.000 0.000 0.005 0.003 0.001 

Locus 3 : 
7 alleles
2.4% missing data
 206   (0.824) 0.982 0.984 0.921 0.934 0.927 
 208   (0.056) 0.002 0.001 0.042 0.019 0.069 
 198   (0.015) 0.006 0.000 0.002 0.001 0.000 
 204   (0.049) 0.009 0.014 0.015 0.032 0.002 
 218   (0.021) 0.000 0.000 0.006 0.008 0.001 
 230   (0.016) 0.000 0.000 0.002 0.005 0.000 
 212   (0.018) 0.001 0.000 0.012 0.001 0.001 

Locus 4 : 
15 alleles
3.6% missing data
 165   (0.098) 0.598 0.084 0.036 0.035 0.125 
 173   (0.034) 0.328 0.000 0.009 0.014 0.001 
 163   (0.158) 0.007 0.007 0.308 0.187 0.104 
 167   (0.151) 0.024 0.002 0.155 0.238 0.193 
 161   (0.291) 0.013 0.886 0.371 0.408 0.519 
 153   (0.015) 0.000 0.000 0.002 0.001 0.010 
 171   (0.044) 0.007 0.001 0.024 0.037 0.002 
 179   (0.016) 0.000 0.000 0.003 0.002 0.003 
 157   (0.034) 0.001 0.001 0.006 0.021 0.036 
 149   (0.016) 0.000 0.000 0.002 0.006 0.001 
 177   (0.038) 0.017 0.001 0.028 0.007 0.002 
 155   (0.019) 0.000 0.000 0.012 0.001 0.002 
 175   (0.019) 0.000 0.000 0.003 0.011 0.001 
 169   (0.034) 0.005 0.000 0.008 0.030 0.001 
 159   (0.032) 0.001 0.017 0.033 0.003 0.001 

Locus 5 : 
16 alleles
0.0% missing data
 148   (0.103) 0.391 0.371 0.083 0.027 0.126 
 160   (0.032) 0.078 0.000 0.004 0.030 0.002 
 146   (0.093) 0.285 0.336 0.049 0.069 0.043 
 154   (0.057) 0.003 0.029 0.183 0.012 0.005 
 150   (0.048) 0.001 0.010 0.014 0.076 0.065 
 138   (0.122) 0.096 0.005 0.218 0.091 0.078 
 166   (0.035) 0.001 0.000 0.004 0.190 0.015 
 164   (0.025) 0.000 0.000 0.011 0.025 0.001 
 142   (0.029) 0.001 0.001 0.016 0.024 0.001 
 144   (0.150) 0.014 0.204 0.129 0.231 0.261 
 140   (0.088) 0.002 0.001 0.145 0.096 0.193 
 158   (0.055) 0.049 0.001 0.024 0.035 0.020 
 162   (0.034) 0.068 0.000 0.019 0.009 0.003 
 152   (0.084) 0.002 0.040 0.093 0.040 0.186 
 134   (0.020) 0.000 0.000 0.003 0.031 0.001 
 156   (0.027) 0.010 0.000 0.005 0.015 0.001 

Locus 6 : 
12 alleles
0.0% missing data
 225   (0.047) 0.108 0.196 0.027 0.003 0.002 
 239   (0.117) 0.034 0.488 0.043 0.124 0.079 
 229   (0.022) 0.327 0.000 0.002 0.001 0.005 
 235   (0.261) 0.406 0.266 0.390 0.104 0.307 
 237   (0.186) 0.009 0.038 0.245 0.148 0.281 
 233   (0.103) 0.045 0.008 0.027 0.145 0.262 
 227   (0.030) 0.001 0.000 0.003 0.328 0.001 
 245   (0.062) 0.001 0.001 0.080 0.039 0.024 
 241   (0.072) 0.068 0.002 0.060 0.075 0.003 
 231   (0.043) 0.001 0.000 0.079 0.024 0.001 
 243   (0.043) 0.001 0.000 0.038 0.007 0.035 
 251   (0.014) 0.000 0.000 0.006 0.001 0.000 

Locus 7 : 
7 alleles
0.0% missing data
 118   (0.818) 0.961 0.982 0.970 0.793 0.864 
 124   (0.046) 0.001 0.000 0.005 0.135 0.124 
 116   (0.022) 0.001 0.001 0.003 0.040 0.001 
 114   (0.055) 0.025 0.005 0.015 0.016 0.010 
 122   (0.019) 0.000 0.000 0.003 0.009 0.001 
 112   (0.024) 0.012 0.000 0.002 0.006 0.001 
 120   (0.016) 0.000 0.012 0.002 0.001 0.000 

Locus 8 : 
5 alleles
0.4% missing data
 135   (0.060) 0.016 0.005 0.047 0.005 0.104 
 139   (0.707) 0.901 0.961 0.685 0.812 0.793 
 137   (0.188) 0.082 0.033 0.181 0.180 0.102 
 143   (0.024) 0.000 0.000 0.058 0.002 0.001 
 141   (0.021) 0.001 0.000 0.029 0.002 0.001 

Locus 9 : 
15 alleles
1.6% missing data
 116   (0.209) 0.370 0.181 0.327 0.060 0.476 
 112   (0.116) 0.076 0.068 0.157 0.034 0.045 
 118   (0.122) 0.516 0.002 0.148 0.084 0.028 
 122   (0.057) 0.001 0.544 0.010 0.357 0.003 
 114   (0.184) 0.026 0.134 0.233 0.134 0.258 
 120   (0.063) 0.001 0.001 0.028 0.091 0.084 
 130   (0.039) 0.001 0.000 0.004 0.071 0.080 
 124   (0.056) 0.001 0.065 0.048 0.041 0.002 
 110   (0.017) 0.000 0.000 0.006 0.001 0.001 
 134   (0.015) 0.000 0.000 0.006 0.002 0.001 
 128   (0.040) 0.001 0.001 0.011 0.048 0.011 
 126   (0.037) 0.001 0.001 0.009 0.067 0.010 
 108   (0.015) 0.000 0.000 0.009 0.004 0.001 
 106   (0.016) 0.000 0.001 0.003 0.004 0.001 
 138   (0.014) 0.005 0.000 0.002 0.001 0.000 

Locus 10 : 
8 alleles
0.0% missing data
 232   (0.759) 0.974 0.997 0.847 0.717 0.926 
 238   (0.107) 0.002 0.001 0.128 0.231 0.031 
 220   (0.018) 0.000 0.000 0.002 0.001 0.030 
 226   (0.017) 0.011 0.000 0.002 0.001 0.001 
 234   (0.028) 0.001 0.000 0.010 0.004 0.011 
 240   (0.018) 0.000 0.000 0.002 0.011 0.001 
 236   (0.020) 0.001 0.001 0.004 0.014 0.001 
 244   (0.033) 0.011 0.000 0.006 0.020 0.001 

Locus 11 : 
9 alleles
0.0% missing data
 165   (0.712) 0.862 0.762 0.821 0.823 0.812 
 167   (0.101) 0.127 0.234 0.092 0.055 0.007 
 161   (0.091) 0.008 0.001 0.051 0.109 0.175 
 153   (0.016) 0.002 0.000 0.003 0.001 0.002 
 169   (0.016) 0.000 0.001 0.002 0.004 0.001 
 155   (0.016) 0.000 0.000 0.007 0.001 0.000 
 173   (0.016) 0.000 0.000 0.005 0.002 0.001 
 163   (0.016) 0.000 0.000 0.013 0.001 0.000 
 171   (0.016) 0.000 0.000 0.005 0.003 0.001 

Locus 12 : 
9 alleles
0.0% missing data
 137   (0.506) 0.296 0.438 0.717 0.628 0.330 
 140   (0.140) 0.348 0.010 0.091 0.066 0.418 
 134   (0.242) 0.352 0.550 0.136 0.270 0.244 
 149   (0.016) 0.000 0.000 0.007 0.001 0.000 
 131   (0.015) 0.002 0.000 0.004 0.001 0.001 
 143   (0.018) 0.000 0.000 0.002 0.021 0.001 
 128   (0.015) 0.000 0.000 0.002 0.006 0.001 
 125   (0.026) 0.000 0.000 0.020 0.002 0.005 
 146   (0.021) 0.000 0.000 0.021 0.004 0.001 

Locus 13 : 
20 alleles
0.2% missing data
 206   (0.137) 0.421 0.030 0.166 0.114 0.136 
 210   (0.066) 0.272 0.356 0.041 0.006 0.149 
 190   (0.049) 0.001 0.001 0.132 0.007 0.046 
 202   (0.091) 0.068 0.001 0.046 0.290 0.055 
 214   (0.030) 0.001 0.170 0.004 0.006 0.033 
 212   (0.043) 0.001 0.135 0.174 0.003 0.003 
 192   (0.094) 0.027 0.001 0.050 0.117 0.247 
 204   (0.051) 0.001 0.004 0.032 0.045 0.022 
 184   (0.053) 0.086 0.002 0.089 0.004 0.056 
 216   (0.019) 0.000 0.002 0.002 0.001 0.117 
 208   (0.045) 0.001 0.022 0.046 0.003 0.088 
 200   (0.083) 0.088 0.002 0.053 0.166 0.018 
 198   (0.034) 0.001 0.000 0.053 0.032 0.001 
 194   (0.080) 0.030 0.187 0.047 0.154 0.007 
 186   (0.022) 0.001 0.085 0.003 0.007 0.001 
 188   (0.021) 0.000 0.000 0.004 0.017 0.003 
 196   (0.037) 0.001 0.000 0.044 0.019 0.001 
 220   (0.015) 0.000 0.000 0.003 0.004 0.000 
 180   (0.015) 0.000 0.000 0.009 0.004 0.001 
 182   (0.015) 0.000 0.000 0.002 0.001 0.015 

Locus 14 : 
8 alleles
1.6% missing data
 139   (0.079) 0.201 0.135 0.014 0.046 0.110 
 145   (0.083) 0.111 0.012 0.129 0.010 0.027 
 151   (0.341) 0.568 0.451 0.367 0.372 0.278 
 157   (0.297) 0.096 0.135 0.306 0.352 0.547 
 154   (0.089) 0.002 0.267 0.129 0.031 0.034 
 163   (0.041) 0.020 0.000 0.012 0.063 0.002 
 142   (0.034) 0.001 0.000 0.029 0.017 0.001 
 160   (0.036) 0.001 0.000 0.014 0.110 0.001 

Locus 15 : 
14 alleles
1.1% missing data
 256   (0.148) 0.131 0.163 0.120 0.142 0.150 
 262   (0.027) 0.411 0.000 0.004 0.011 0.001 
 246   (0.086) 0.101 0.001 0.046 0.085 0.106 
 258   (0.153) 0.026 0.002 0.220 0.253 0.291 
 254   (0.098) 0.003 0.183 0.076 0.130 0.061 
 250   (0.031) 0.001 0.547 0.027 0.004 0.001 
 242   (0.113) 0.188 0.086 0.166 0.068 0.010 
 252   (0.086) 0.127 0.006 0.053 0.054 0.073 
 248   (0.141) 0.004 0.009 0.209 0.220 0.199 
 260   (0.049) 0.005 0.001 0.019 0.022 0.107 
 264   (0.017) 0.000 0.000 0.013 0.001 0.000 
 244   (0.025) 0.002 0.000 0.038 0.003 0.001 
 276   (0.013) 0.000 0.000 0.007 0.001 0.000 
 240   (0.014) 0.000 0.000 0.002 0.006 0.000 

Values of parameters used in structure:
DATAFILE=C:\Users\eschumacher\Documents\GitHub\GCC_QUAC_ZAIN\Data_Files\Structure_Files\QUAC\QUAC_wK_nopopinfo_garden_wild\QUAC_wK_nopopinfo_STR\project_data,	OUTFILE=C:\Users\eschumacher\Documents\GitHub\GCC_QUAC_ZAIN\Data_Files\Structure_Files\QUAC\QUAC_wK_nopopinfo_garden_wild\QUAC_wK_nopopinfo_STR\50-50\Results\50-50_run_21,	NUMINDS=449,	NUMLOCI=15,	MISSING=-9,	LABEL=1,	POPDATA=0,	POPFLAG=0,	PHENOTYPE=0,	EXTRACOLS=0,	MAXPOPS=5,	BURNIN=50000,	NUMREPS=50000,	USEPOPINFO=0,	INFERALPHA=1,	INFERLAMBDA=0,	POPSPECIFICLAMBDA=0,	POPALPHAS=0,	COMPUTEPROB=1,	NOADMIX=0,	ADMBURNIN=2500,	UPDATEFREQ=1,	PRINTLIKES=0,	INTERMEDSAVE=0,	PRINTKLD=0,	PRINTNET=0,	PRINTLAMBDA=0,	ANCESTDIST=0,	NUMBOXES=1000,	ANCESTPINT=0.90000,	GENSBACK=2,	MIGRPRIOR=0.05000,	PRINTQHAT=0,	PRINTQSUM=0,	ALPHA=1.0000,	FREQSCORR=1,	FPRIORMEAN=0.0100,	FPRIORSD=0.0500,	ONEFST=0,	LAMBDA=1.0000,	UNIFPRIORALPHA=1,	ALPHAMAX=10.0000,	ALPHAPRIORA=1.0000,	ALPHAPRIORB=2.0000,	ALPHAPROPSD=0.0250,	STARTATPOPINFO=0,	RANDOMIZE=1,	LINKAGE=0,	METROFREQ=10,	REPORTHITRATE=0,	MARKOVPHASE=-1,	PHASED=0,	PLOIDY=2,	PHASEINFO=0	LOCPRIOR=0, 	LOCPRIORINIT=1.000000, 	LOCDATA=0, 	LOCISPOP=0, 	LOCPRIORSTEP=0.100000, 	MAXLOCPRIOR=20.000000, 	SEED=1670280146,	
[STRAT parameters]:    NUMSIMSTATS=1000,	PHENOTYPECOL=-9,	POOLFREQ=10,	LOCUSxONLY=0,	EMERROR=0.00100,	MISSINGPHENO=-9,	