

----------------------------------------------------
STRUCTURE by Pritchard, Stephens and Donnelly (2000)
     and Falush, Stephens and Pritchard (2003)
       Code by Pritchard, Falush and Hubisz
             Version 2.3.4 (Jul 2012)
----------------------------------------------------



Command line arguments:   bin\structure -m C:\Users\eschumacher\Documents\GitHub\GCC_QUAC_ZAIN\Data_Files\Structure_Files\QUAC\QUAC_wK_nopopinfo_garden_wild\QUAC_wK_nopopinfo_STR\50-50\mainparams -e C:\Users\eschumacher\Documents\GitHub\GCC_QUAC_ZAIN\Data_Files\Structure_Files\QUAC\QUAC_wK_nopopinfo_garden_wild\QUAC_wK_nopopinfo_STR\50-50\extraparams 
Input File:    C:\Users\eschumacher\Documents\GitHub\GCC_QUAC_ZAIN\Data_Files\Structure_Files\QUAC\QUAC_wK_nopopinfo_garden_wild\QUAC_wK_nopopinfo_STR\project_data

Run parameters:
   449 individuals
   15 loci
   6 populations assumed
   50000 Burn-in period
   50000 Reps


--------------------------------------------
Overall proportion of membership of the
sample in each of the 6 clusters

Inferred Clusters
  1      2      3      4      5      6    
0.220  0.195  0.167  0.190  0.075  0.154  

--------------------------------------------

Allele-freq. divergence among pops (Net nucleotide distance),
computed using point estimates of P.

      1       2       3       4       5       6      
 1      -    0.0958  0.0466  0.0934  0.0937  0.0497  
 2   0.0958     -    0.0944  0.1196  0.1608  0.0955  
 3   0.0466  0.0944     -    0.0881  0.0882  0.0434  
 4   0.0934  0.1196  0.0881     -    0.1425  0.0989  
 5   0.0937  0.1608  0.0882  0.1425     -    0.0945  
 6   0.0497  0.0955  0.0434  0.0989  0.0945     -    

Average distances (expected heterozygosity) between individuals in same cluster:
cluster  1  : 0.5667 
cluster  2  : 0.4997 
cluster  3  : 0.6644 
cluster  4  : 0.4553 
cluster  5  : 0.4708 
cluster  6  : 0.5717 

--------------------------------------------
Estimated Ln Prob of Data   = -16296.2
Mean value of ln likelihood = -15964.8
Variance of ln likelihood   = 662.6
Mean value of alpha         = 0.0357

Mean value of Fst_1         = 0.1547
Mean value of Fst_2         = 0.2656
Mean value of Fst_3         = 0.0338
Mean value of Fst_4         = 0.3572
Mean value of Fst_5         = 0.3926
Mean value of Fst_6         = 0.1165


Inferred ancestry of individuals:
        Label (%Miss) :  Inferred clusters
  1 QAc-G-0029    (0)   :  0.015 0.959 0.004 0.012 0.005 0.005 
  2 QAc-G-0030    (0)   :  0.003 0.985 0.003 0.004 0.003 0.003 
  3 QAc-G-0031    (0)   :  0.003 0.984 0.002 0.005 0.002 0.004 
  4 QAc-G-0061    (0)   :  0.007 0.975 0.003 0.004 0.006 0.005 
  5 QAc-G-0062    (0)   :  0.005 0.008 0.020 0.088 0.506 0.374 
  6 QAc-G-0063    (0)   :  0.140 0.006 0.022 0.807 0.005 0.019 
  7 QAc-G-0064    (0)   :  0.005 0.003 0.003 0.005 0.980 0.004 
  8 QAc-G-0065    (0)   :  0.003 0.004 0.003 0.003 0.985 0.003 
  9 QAc-G-0066    (0)   :  0.004 0.004 0.003 0.983 0.003 0.003 
 10 QAc-G-0067    (0)   :  0.003 0.008 0.004 0.003 0.979 0.004 
 11 QAc-G-0068    (0)   :  0.004 0.004 0.358 0.610 0.010 0.015 
 12 QAc-G-0070    (0)   :  0.021 0.006 0.010 0.719 0.008 0.236 
 13 QAc-G-0071   (13)   :  0.004 0.006 0.004 0.981 0.002 0.003 
 14 QAc-G-0072    (0)   :  0.005 0.004 0.003 0.979 0.003 0.005 
 15 QAc-G-0073    (0)   :  0.981 0.004 0.004 0.003 0.003 0.005 
 16 QAc-G-0074    (0)   :  0.790 0.004 0.009 0.164 0.005 0.027 
 17 QAc-G-0075    (0)   :  0.964 0.008 0.009 0.007 0.006 0.005 
 18 QAc-G-0076    (0)   :  0.961 0.009 0.006 0.008 0.008 0.008 
 19 QAc-G-0077    (0)   :  0.007 0.971 0.003 0.008 0.008 0.003 
 20 QAc-G-0078    (0)   :  0.003 0.986 0.003 0.004 0.002 0.003 
 21 QAc-G-0079    (0)   :  0.004 0.982 0.004 0.004 0.002 0.003 
 22 QAc-G-0080    (0)   :  0.148 0.711 0.078 0.014 0.042 0.006 
 23 QAc-G-0081    (0)   :  0.028 0.006 0.046 0.007 0.005 0.907 
 24 QAc-G-0082    (0)   :  0.076 0.006 0.792 0.003 0.003 0.121 
 25 QAc-G-0083    (0)   :  0.143 0.092 0.040 0.517 0.082 0.126 
 26 QAc-G-0001   (13)   :  0.003 0.982 0.004 0.005 0.003 0.003 
 27 QAc-G-0002    (0)   :  0.003 0.986 0.003 0.003 0.003 0.003 
 28 QAc-G-0285    (0)   :  0.017 0.013 0.022 0.918 0.005 0.025 
 29 QAc-G-0286    (0)   :  0.003 0.004 0.003 0.984 0.003 0.003 
 30 QAc-G-0287    (0)   :  0.003 0.003 0.002 0.986 0.003 0.003 
 31 QAc-G-0288    (6)   :  0.010 0.018 0.005 0.947 0.006 0.015 
 32 QAc-G-0289    (0)   :  0.004 0.004 0.003 0.982 0.004 0.004 
 33 QAc-G-0290    (0)   :  0.004 0.004 0.003 0.978 0.007 0.004 
 34 QAc-G-0291    (0)   :  0.003 0.005 0.003 0.984 0.003 0.002 
 35 QAc-G-0292    (0)   :  0.006 0.003 0.029 0.719 0.004 0.239 
 36 QAc-G-0293    (0)   :  0.002 0.007 0.003 0.983 0.002 0.003 
 37 QAc-G-0294    (0)   :  0.963 0.007 0.013 0.003 0.007 0.007 
 38 QAc-G-0295    (0)   :  0.961 0.009 0.005 0.014 0.007 0.004 
 39 QAc-G-0296    (0)   :  0.972 0.004 0.004 0.006 0.010 0.004 
 40 QAc-G-0297    (0)   :  0.357 0.004 0.620 0.003 0.006 0.010 
 41 QAc-G-0298    (6)   :  0.978 0.005 0.004 0.004 0.005 0.004 
 42 QAc-G-0299    (0)   :  0.975 0.005 0.006 0.007 0.004 0.004 
 43 QAc-G-0300    (0)   :  0.960 0.003 0.005 0.003 0.019 0.009 
 44 QAc-G-0301    (0)   :  0.916 0.006 0.004 0.011 0.058 0.004 
 45 QAc-G-0302    (0)   :  0.008 0.005 0.972 0.005 0.004 0.006 
 46 QAc-G-0303    (0)   :  0.006 0.004 0.961 0.006 0.007 0.015 
 47 QAc-G-0304    (0)   :  0.004 0.004 0.002 0.984 0.003 0.003 
 48 QAc-G-0305    (0)   :  0.006 0.067 0.097 0.768 0.004 0.059 
 49 QAc-G-0306    (0)   :  0.003 0.004 0.003 0.986 0.003 0.003 
 50 QAc-G-0307    (0)   :  0.011 0.858 0.021 0.010 0.006 0.095 
 51 QAc-G-0308    (0)   :  0.015 0.952 0.008 0.015 0.004 0.007 
 52 QAc-G-0309    (0)   :  0.005 0.977 0.006 0.004 0.003 0.005 
 53 QAc-G-0310    (0)   :  0.005 0.981 0.003 0.004 0.003 0.004 
 54 QAc-G-0311    (0)   :  0.002 0.987 0.002 0.003 0.002 0.003 
 55 QAc-G-0312    (0)   :  0.119 0.591 0.147 0.007 0.020 0.116 
 56 QAc-G-0313    (0)   :  0.049 0.101 0.071 0.047 0.016 0.716 
 57 QAc-G-0314    (0)   :  0.325 0.016 0.145 0.004 0.011 0.499 
 58 QAc-G-0315    (0)   :  0.031 0.008 0.695 0.025 0.009 0.232 
 59 QAc-G-0316    (0)   :  0.010 0.023 0.069 0.009 0.005 0.884 
 60 QAc-G-0032    (6)   :  0.010 0.009 0.893 0.006 0.076 0.007 
 61 QAc-G-0033    (0)   :  0.971 0.006 0.004 0.004 0.009 0.006 
 62 QAc-G-0034    (0)   :  0.933 0.032 0.008 0.005 0.009 0.013 
 63 QAc-G-0035    (0)   :  0.970 0.005 0.005 0.006 0.010 0.005 
 64 QAc-G-0036    (0)   :  0.952 0.006 0.006 0.018 0.005 0.013 
 65 QAc-G-0037    (0)   :  0.965 0.012 0.004 0.012 0.005 0.003 
 66 QAc-G-0038    (0)   :  0.984 0.002 0.003 0.003 0.003 0.005 
 67 QAc-G-0039    (0)   :  0.935 0.022 0.011 0.005 0.005 0.023 
 68 QAc-G-0040    (0)   :  0.863 0.005 0.006 0.065 0.003 0.057 
 69 QAc-G-0041    (0)   :  0.928 0.003 0.004 0.008 0.033 0.024 
 70 QAc-G-0042    (0)   :  0.973 0.003 0.005 0.007 0.006 0.005 
 71 QAc-G-0043    (0)   :  0.976 0.008 0.004 0.005 0.003 0.005 
 72 QAc-G-0044    (0)   :  0.949 0.004 0.010 0.009 0.021 0.007 
 73 QAc-G-0045    (0)   :  0.942 0.026 0.005 0.006 0.014 0.007 
 74 QAc-G-0046    (0)   :  0.913 0.051 0.005 0.003 0.004 0.025 
 75 QAc-G-0047    (0)   :  0.944 0.025 0.012 0.005 0.007 0.008 
 76 QAc-G-0048    (0)   :  0.976 0.003 0.004 0.004 0.006 0.007 
 77 QAc-G-0049    (0)   :  0.003 0.985 0.003 0.004 0.003 0.003 
 78 QAc-G-0050    (0)   :  0.006 0.139 0.752 0.042 0.006 0.055 
 79 QAc-G-0051    (0)   :  0.003 0.985 0.003 0.004 0.002 0.003 
 80 QAc-G-0052    (0)   :  0.013 0.940 0.007 0.004 0.025 0.012 
 81 QAc-G-0053    (0)   :  0.016 0.964 0.003 0.008 0.006 0.003 
 82 QAc-G-0054    (0)   :  0.025 0.384 0.444 0.005 0.006 0.136 
 83 QAc-G-0055    (0)   :  0.012 0.556 0.408 0.005 0.003 0.016 
 84 QAc-G-0056    (0)   :  0.015 0.053 0.400 0.019 0.012 0.501 
 85 QAc-G-0057    (0)   :  0.004 0.983 0.004 0.004 0.002 0.003 
 86 QAc-G-0058    (6)   :  0.003 0.984 0.004 0.004 0.003 0.003 
 87 QAc-G-0059    (0)   :  0.044 0.609 0.311 0.003 0.004 0.030 
 88 QAc-G-0060    (6)   :  0.011 0.938 0.012 0.012 0.021 0.006 
 89 QAc-G-0276    (0)   :  0.029 0.025 0.007 0.925 0.003 0.011 
 90 QAc-G-0279    (0)   :  0.004 0.006 0.002 0.982 0.003 0.003 
 91 QAc-G-0280    (6)   :  0.008 0.004 0.004 0.975 0.004 0.005 
 92 QAc-G-0281    (0)   :  0.004 0.980 0.003 0.006 0.004 0.003 
 93 QAc-G-0018    (0)   :  0.914 0.034 0.029 0.006 0.006 0.011 
 94 QAc-G-0019    (0)   :  0.887 0.004 0.004 0.020 0.078 0.007 
 95 QAc-G-0020    (0)   :  0.974 0.005 0.010 0.003 0.004 0.004 
 96 QAc-G-0021    (6)   :  0.969 0.008 0.004 0.003 0.013 0.003 
 97 QAc-G-0022    (6)   :  0.813 0.022 0.016 0.008 0.040 0.101 
 98 QAc-G-0023    (0)   :  0.004 0.983 0.004 0.004 0.002 0.003 
 99 QAc-G-0024    (0)   :  0.007 0.979 0.004 0.003 0.004 0.003 
100 QAc-G-0016    (0)   :  0.016 0.183 0.767 0.016 0.006 0.013 
101 QAc-G-0017    (0)   :  0.009 0.004 0.759 0.006 0.196 0.026 
102 QAc-G-0250    (0)   :  0.033 0.014 0.366 0.562 0.007 0.018 
103 QAc-G-0003    (6)   :  0.005 0.005 0.004 0.976 0.004 0.006 
104 QAc-G-0004    (0)   :  0.023 0.007 0.955 0.004 0.006 0.006 
105 QAc-G-0005    (0)   :  0.003 0.003 0.003 0.003 0.985 0.002 
106 QAc-G-0006    (6)   :  0.006 0.003 0.976 0.004 0.003 0.007 
107 QAc-G-0283    (0)   :  0.008 0.004 0.350 0.008 0.004 0.627 
108 QAc-G-0265    (0)   :  0.274 0.444 0.171 0.046 0.006 0.059 
109 QAc-G-0266    (0)   :  0.003 0.985 0.002 0.005 0.002 0.002 
110 QAc-G-0267    (0)   :  0.573 0.013 0.034 0.176 0.090 0.114 
111 QAc-G-0268   (20)   :  0.009 0.012 0.328 0.593 0.037 0.021 
112 QAc-G-0269    (0)   :  0.004 0.004 0.003 0.982 0.003 0.003 
113 QAc-G-0270    (6)   :  0.970 0.004 0.004 0.006 0.011 0.005 
114 QAc-G-0271    (0)   :  0.882 0.004 0.021 0.004 0.078 0.012 
115 QAc-G-0272    (6)   :  0.958 0.006 0.007 0.019 0.004 0.006 
116 QAc-G-0273    (0)   :  0.005 0.973 0.005 0.005 0.007 0.005 
117 QAc-G-0274    (0)   :  0.003 0.002 0.002 0.003 0.987 0.003 
118 QAc-G-0251    (6)   :  0.954 0.006 0.011 0.004 0.017 0.008 
119 QAc-G-0252    (0)   :  0.962 0.005 0.010 0.005 0.006 0.013 
120 QAc-G-0253    (0)   :  0.004 0.980 0.003 0.005 0.003 0.004 
121 QAc-G-0254    (0)   :  0.003 0.986 0.003 0.003 0.003 0.003 
122 QAc-G-0255    (0)   :  0.010 0.004 0.965 0.005 0.009 0.008 
123 QAc-G-0256    (0)   :  0.007 0.004 0.963 0.010 0.011 0.004 
124 QAc-G-0257    (0)   :  0.008 0.006 0.906 0.004 0.057 0.020 
125 QAc-G-0258    (0)   :  0.005 0.003 0.977 0.003 0.008 0.004 
126 QAc-G-0259    (0)   :  0.009 0.003 0.806 0.002 0.002 0.178 
127 QAc-G-0260    (0)   :  0.020 0.018 0.417 0.051 0.178 0.316 
128 QAc-G-0261    (0)   :  0.010 0.005 0.471 0.004 0.491 0.018 
129 QAc-G-0262    (0)   :  0.006 0.008 0.892 0.019 0.058 0.017 
130 QAc-G-0010    (0)   :  0.036 0.020 0.011 0.892 0.005 0.036 
131 QAc-G-0011    (0)   :  0.008 0.004 0.004 0.003 0.006 0.975 
132 QAc-G-0015    (0)   :  0.019 0.843 0.080 0.005 0.008 0.045 
133 QAc-G-0106    (0)   :  0.006 0.003 0.963 0.003 0.020 0.005 
134 QAc-G-0107    (0)   :  0.004 0.007 0.968 0.009 0.005 0.007 
135 QAc-G-0108    (0)   :  0.008 0.003 0.974 0.005 0.005 0.006 
136 QAc-G-0109    (0)   :  0.007 0.011 0.935 0.005 0.025 0.017 
137 QAc-G-0110    (0)   :  0.031 0.007 0.905 0.042 0.003 0.011 
138 QAc-G-0111    (0)   :  0.009 0.005 0.966 0.007 0.005 0.008 
139 QAc-G-0112    (0)   :  0.005 0.006 0.959 0.020 0.005 0.004 
140 QAc-G-0113    (0)   :  0.006 0.010 0.946 0.009 0.023 0.005 
141 QAc-G-0114    (0)   :  0.034 0.013 0.926 0.017 0.004 0.006 
142 QAc-G-0115    (0)   :  0.004 0.003 0.977 0.005 0.007 0.005 
143 QAc-G-0116    (0)   :  0.005 0.006 0.967 0.009 0.007 0.006 
144 QAc-G-0117    (0)   :  0.149 0.010 0.763 0.007 0.056 0.015 
145 QAc-G-0118    (0)   :  0.007 0.002 0.965 0.005 0.015 0.006 
146 QAc-G-0119    (0)   :  0.013 0.005 0.948 0.002 0.027 0.004 
147 QAc-G-0120    (0)   :  0.012 0.005 0.957 0.007 0.007 0.012 
148 QAc-G-0121    (0)   :  0.008 0.004 0.005 0.006 0.974 0.003 
149 QAc-G-0122    (0)   :  0.009 0.004 0.006 0.026 0.949 0.005 
150 QAc-G-0123    (0)   :  0.004 0.002 0.002 0.002 0.987 0.003 
151 QAc-G-0124    (6)   :  0.004 0.003 0.003 0.003 0.982 0.004 
152 QAc-G-0125    (0)   :  0.009 0.147 0.181 0.037 0.535 0.091 
153 QAc-G-0126    (0)   :  0.013 0.018 0.723 0.006 0.221 0.018 
154 QAc-G-0127    (0)   :  0.005 0.004 0.005 0.003 0.975 0.007 
155 QAc-G-0128    (0)   :  0.004 0.003 0.003 0.005 0.983 0.003 
156 QAc-G-0129    (0)   :  0.004 0.002 0.003 0.003 0.986 0.003 
157 QAc-G-0130    (0)   :  0.009 0.002 0.017 0.004 0.956 0.012 
158 QAc-G-0131    (0)   :  0.006 0.004 0.004 0.004 0.977 0.004 
159 QAc-G-0132    (0)   :  0.011 0.022 0.148 0.019 0.792 0.008 
160 QAc-G-0133    (0)   :  0.007 0.003 0.003 0.004 0.980 0.004 
161 QAc-G-0134    (0)   :  0.005 0.004 0.004 0.003 0.982 0.003 
162 QAc-G-0135    (0)   :  0.011 0.009 0.965 0.005 0.004 0.007 
163 QAc-G-0136    (0)   :  0.005 0.006 0.961 0.009 0.006 0.012 
164 QAc-G-0137    (0)   :  0.011 0.004 0.929 0.006 0.044 0.006 
165 QAc-G-0138    (0)   :  0.003 0.007 0.944 0.004 0.008 0.034 
166 QAc-G-0139    (0)   :  0.023 0.002 0.936 0.004 0.029 0.006 
167 QAc-G-0140    (6)   :  0.024 0.005 0.921 0.005 0.038 0.006 
168 QAc-G-0141    (0)   :  0.030 0.013 0.895 0.016 0.020 0.025 
169 QAc-G-0142    (0)   :  0.007 0.003 0.978 0.004 0.004 0.005 
170 QAc-G-0143    (0)   :  0.018 0.007 0.946 0.015 0.006 0.008 
171 QAc-G-0144    (6)   :  0.005 0.005 0.977 0.004 0.002 0.006 
172 QAc-G-0145    (0)   :  0.004 0.003 0.003 0.984 0.003 0.004 
173 QAc-G-0146    (0)   :  0.004 0.003 0.003 0.003 0.984 0.003 
174 QAc-G-0147    (0)   :  0.023 0.005 0.109 0.010 0.315 0.537 
175 QAc-G-0148    (0)   :  0.017 0.006 0.955 0.006 0.007 0.008 
176 QAc-G-0149    (0)   :  0.005 0.003 0.003 0.004 0.982 0.004 
177 QAc-G-0150    (0)   :  0.004 0.005 0.003 0.981 0.004 0.004 
178 QAc-G-0151    (0)   :  0.005 0.003 0.003 0.004 0.983 0.003 
179 QAc-G-0152    (0)   :  0.006 0.005 0.003 0.002 0.980 0.004 
180 QAc-G-0153    (0)   :  0.012 0.002 0.013 0.019 0.918 0.036 
181 QAc-G-0154    (0)   :  0.025 0.003 0.014 0.012 0.942 0.004 
182 QAc-G-0155    (0)   :  0.006 0.003 0.003 0.003 0.982 0.003 
183 QAc-G-0158    (0)   :  0.003 0.003 0.003 0.003 0.985 0.003 
184 QAc-G-0159    (0)   :  0.007 0.004 0.963 0.007 0.013 0.006 
185 QAc-G-0160    (0)   :  0.003 0.004 0.002 0.986 0.003 0.003 
186 QAc-G-0161    (0)   :  0.003 0.003 0.003 0.986 0.002 0.003 
187 QAc-G-0162    (0)   :  0.281 0.006 0.011 0.663 0.004 0.035 
188 QAc-G-0163    (0)   :  0.048 0.003 0.021 0.921 0.003 0.005 
189 QAc-G-0164    (0)   :  0.005 0.013 0.004 0.950 0.002 0.024 
190 QAc-G-0165    (0)   :  0.006 0.003 0.004 0.972 0.009 0.005 
191 QAc-G-0166    (0)   :  0.005 0.004 0.003 0.982 0.003 0.003 
192 QAc-G-0167    (0)   :  0.005 0.004 0.003 0.979 0.004 0.004 
193 QAc-G-0168    (0)   :  0.004 0.004 0.003 0.985 0.002 0.003 
194 QAc-G-0169    (6)   :  0.011 0.005 0.432 0.509 0.005 0.038 
195 QAc-G-0170    (0)   :  0.005 0.004 0.004 0.977 0.005 0.004 
196 QAc-G-0171    (0)   :  0.004 0.004 0.002 0.983 0.003 0.004 
197 QAc-G-0172    (0)   :  0.009 0.007 0.942 0.020 0.010 0.012 
198 QAc-G-0173    (0)   :  0.003 0.006 0.003 0.982 0.002 0.003 
199 QAc-G-0174    (0)   :  0.026 0.007 0.062 0.849 0.009 0.045 
200 QAc-G-0175    (0)   :  0.004 0.004 0.003 0.984 0.002 0.003 
201 QAc-G-0176    (0)   :  0.171 0.009 0.007 0.803 0.004 0.006 
202 QAc-G-0177    (0)   :  0.004 0.004 0.003 0.984 0.003 0.003 
203 QAc-G-0178    (0)   :  0.006 0.027 0.006 0.877 0.008 0.076 
204 QAc-G-0179    (6)   :  0.003 0.004 0.003 0.985 0.003 0.003 
205 QAc-G-0180    (0)   :  0.003 0.003 0.003 0.986 0.002 0.003 
206 QAc-G-0181    (0)   :  0.010 0.003 0.004 0.975 0.003 0.006 
207 QAc-G-0182    (0)   :  0.023 0.003 0.026 0.909 0.015 0.023 
208 QAc-G-0183    (6)   :  0.004 0.006 0.004 0.978 0.004 0.005 
209 QAc-G-0184    (0)   :  0.004 0.003 0.003 0.984 0.003 0.003 
210 QAc-G-0185    (0)   :  0.010 0.007 0.008 0.944 0.010 0.021 
211 QAc-G-0186    (0)   :  0.010 0.003 0.004 0.976 0.003 0.005 
212 QAc-G-0187    (0)   :  0.013 0.032 0.005 0.910 0.005 0.035 
213 QAc-G-0188    (0)   :  0.032 0.003 0.693 0.257 0.006 0.008 
214 QAc-G-0189    (0)   :  0.003 0.004 0.003 0.985 0.002 0.003 
215 QAc-G-0190    (0)   :  0.004 0.005 0.003 0.980 0.004 0.004 
216 QAc-G-0191    (0)   :  0.004 0.005 0.003 0.980 0.004 0.003 
217 QAc-G-0192    (0)   :  0.003 0.004 0.002 0.986 0.003 0.003 
218 QAc-G-0193    (0)   :  0.005 0.004 0.003 0.979 0.005 0.005 
219 QAc-G-0194    (0)   :  0.007 0.006 0.004 0.974 0.004 0.005 
220 QAc-G-0195    (0)   :  0.011 0.093 0.006 0.880 0.004 0.007 
221 QAc-G-0196    (0)   :  0.004 0.005 0.002 0.982 0.002 0.004 
222 QAc-G-0197    (0)   :  0.003 0.003 0.003 0.986 0.003 0.003 
223 QAc-G-0198    (0)   :  0.005 0.003 0.003 0.982 0.004 0.003 
224 QAc-G-0199    (0)   :  0.027 0.012 0.009 0.888 0.008 0.057 
225 QAc-G-0200    (0)   :  0.009 0.004 0.003 0.976 0.002 0.006 
226 QAc-G-0201    (0)   :  0.004 0.003 0.003 0.984 0.002 0.004 
227 QAc-G-0202    (6)   :  0.004 0.008 0.004 0.977 0.003 0.004 
228 QAc-G-0203    (0)   :  0.004 0.013 0.009 0.968 0.003 0.003 
229 QAc-G-0204    (0)   :  0.006 0.005 0.003 0.979 0.003 0.003 
230 QAc-G-0205    (0)   :  0.002 0.987 0.002 0.003 0.002 0.003 
231 QAc-G-0206    (0)   :  0.026 0.828 0.122 0.003 0.005 0.015 
232 QAc-G-0207    (0)   :  0.006 0.968 0.005 0.006 0.006 0.009 
233 QAc-G-0208    (0)   :  0.003 0.983 0.003 0.004 0.004 0.003 
234 QAc-G-0209    (0)   :  0.003 0.981 0.003 0.006 0.002 0.004 
235 QAc-G-0210    (0)   :  0.003 0.985 0.003 0.003 0.002 0.003 
236 QAc-G-0211    (0)   :  0.003 0.984 0.003 0.003 0.004 0.004 
237 QAc-G-0212    (0)   :  0.004 0.983 0.003 0.004 0.003 0.003 
238 QAc-G-0213    (0)   :  0.006 0.979 0.003 0.005 0.003 0.005 
239 QAc-G-0214    (0)   :  0.003 0.984 0.002 0.005 0.002 0.002 
240 QAc-G-0215    (0)   :  0.004 0.983 0.003 0.003 0.003 0.004 
241 QAc-G-0216    (0)   :  0.013 0.181 0.726 0.070 0.003 0.007 
242 QAc-G-0217    (0)   :  0.006 0.966 0.006 0.005 0.010 0.008 
243 QAc-G-0218    (0)   :  0.007 0.973 0.003 0.005 0.005 0.008 
244 QAc-G-0219    (0)   :  0.025 0.907 0.027 0.009 0.023 0.009 
245 QAc-G-0220    (0)   :  0.006 0.952 0.024 0.003 0.007 0.009 
246 QAc-G-0221    (0)   :  0.014 0.927 0.007 0.009 0.012 0.032 
247 QAc-G-0222    (0)   :  0.004 0.983 0.003 0.004 0.002 0.004 
248 QAc-G-0223    (0)   :  0.005 0.978 0.003 0.003 0.005 0.006 
249 QAc-G-0224    (0)   :  0.003 0.980 0.003 0.005 0.003 0.005 
250 QAc-G-0226    (0)   :  0.005 0.982 0.003 0.003 0.003 0.003 
251 QAc-G-0227    (0)   :  0.964 0.004 0.005 0.006 0.016 0.005 
252 QAc-G-0228    (6)   :  0.975 0.006 0.005 0.005 0.004 0.005 
253 QAc-G-0229    (0)   :  0.954 0.007 0.014 0.006 0.004 0.015 
254 QAc-G-0230    (0)   :  0.960 0.016 0.009 0.006 0.003 0.006 
255 QAc-G-0231    (0)   :  0.004 0.979 0.003 0.006 0.004 0.003 
256 QAc-G-0232    (0)   :  0.968 0.003 0.006 0.003 0.011 0.009 
257 QAc-G-0233    (0)   :  0.706 0.029 0.010 0.005 0.005 0.244 
258 QAc-G-0234    (0)   :  0.957 0.005 0.005 0.017 0.005 0.011 
259 QAc-G-0235    (0)   :  0.006 0.005 0.972 0.005 0.003 0.008 
260 QAc-G-0236    (0)   :  0.972 0.004 0.004 0.005 0.010 0.004 
261 QAc-G-0237    (0)   :  0.938 0.018 0.007 0.013 0.014 0.010 
262 QAc-G-0238    (0)   :  0.975 0.008 0.004 0.005 0.004 0.004 
263 QAc-G-0239    (0)   :  0.975 0.005 0.006 0.004 0.004 0.006 
264 QAc-G-0240    (0)   :  0.977 0.003 0.005 0.003 0.006 0.005 
265 QAc-G-0241    (0)   :  0.913 0.010 0.031 0.015 0.007 0.024 
266 QAc-G-0242    (0)   :  0.964 0.008 0.005 0.003 0.009 0.011 
267 QAc-G-0243    (0)   :  0.785 0.017 0.019 0.003 0.058 0.117 
268 QAc-G-0244    (0)   :  0.965 0.007 0.014 0.006 0.004 0.005 
269 QAc-G-0245    (0)   :  0.966 0.003 0.004 0.006 0.015 0.005 
270 QAc-G-0246    (0)   :  0.971 0.005 0.006 0.007 0.007 0.005 
271 QAc-G-0247    (0)   :  0.979 0.005 0.004 0.002 0.004 0.006 
272 QAc-G-0248    (0)   :  0.982 0.003 0.005 0.003 0.004 0.003 
273 QAc-G-0249    (0)   :  0.009 0.008 0.008 0.011 0.002 0.962 
274 QAc-G-0025    (0)   :  0.004 0.984 0.003 0.004 0.003 0.003 
275 QAc-G-0028    (0)   :  0.886 0.039 0.004 0.006 0.004 0.062 
276 QAc-G-0275    (0)   :  0.005 0.973 0.004 0.012 0.002 0.004 
277 QAc-G-0263    (0)   :  0.005 0.020 0.026 0.371 0.005 0.574 
278 QAc-W-0001    (0)   :  0.945 0.005 0.012 0.003 0.030 0.006 
279 QAc-W-0002    (0)   :  0.937 0.004 0.026 0.018 0.003 0.012 
280 QAc-W-0003    (0)   :  0.880 0.043 0.031 0.027 0.011 0.008 
281 QAc-W-0004    (0)   :  0.967 0.011 0.003 0.007 0.005 0.007 
282 QAc-W-0005    (0)   :  0.954 0.005 0.006 0.009 0.013 0.014 
283 QAc-W-0006    (0)   :  0.967 0.006 0.008 0.005 0.007 0.008 
284 QAc-W-0007   (13)   :  0.974 0.005 0.004 0.004 0.005 0.008 
285 QAc-W-0008    (6)   :  0.945 0.003 0.011 0.004 0.003 0.034 
286 QAc-W-0009    (0)   :  0.896 0.006 0.059 0.009 0.007 0.023 
287 QAc-W-0010    (0)   :  0.808 0.006 0.019 0.014 0.020 0.133 
288 QAc-W-0011    (0)   :  0.900 0.007 0.016 0.048 0.024 0.006 
289 QAc-W-0012    (0)   :  0.967 0.005 0.006 0.010 0.006 0.007 
290 QAc-W-0013    (0)   :  0.859 0.102 0.022 0.007 0.004 0.006 
291 QAc-W-0014    (0)   :  0.953 0.005 0.005 0.004 0.005 0.028 
292 QAc-W-0015    (0)   :  0.890 0.026 0.020 0.030 0.004 0.030 
293 QAc-W-0016    (0)   :  0.705 0.012 0.055 0.011 0.003 0.214 
294 QAc-W-0017    (0)   :  0.330 0.033 0.170 0.073 0.010 0.384 
295 QAc-W-0018    (0)   :  0.861 0.031 0.061 0.003 0.009 0.035 
296 QAc-W-0019    (0)   :  0.963 0.006 0.006 0.007 0.006 0.012 
297 QAc-W-0020    (0)   :  0.936 0.003 0.012 0.004 0.038 0.007 
298 QAc-W-0021    (0)   :  0.516 0.295 0.074 0.012 0.012 0.091 
299 QAc-W-0022    (0)   :  0.559 0.023 0.045 0.016 0.008 0.350 
300 QAc-W-0023    (6)   :  0.641 0.036 0.150 0.003 0.095 0.074 
301 QAc-W-0024    (0)   :  0.666 0.241 0.028 0.032 0.007 0.026 
302 QAc-W-0025    (0)   :  0.978 0.005 0.005 0.004 0.004 0.005 
303 QAc-W-0026    (0)   :  0.742 0.039 0.015 0.062 0.089 0.053 
304 QAc-W-0027    (0)   :  0.965 0.004 0.009 0.008 0.004 0.010 
305 QAc-W-0028    (0)   :  0.975 0.003 0.007 0.006 0.004 0.005 
306 QAc-W-0029    (0)   :  0.967 0.006 0.011 0.003 0.008 0.005 
307 QAc-W-0030    (0)   :  0.970 0.004 0.005 0.010 0.007 0.004 
308 QAc-W-0031    (0)   :  0.925 0.056 0.007 0.004 0.003 0.005 
309 QAc-W-0032    (0)   :  0.970 0.004 0.003 0.003 0.010 0.009 
310 QAc-W-0033    (0)   :  0.907 0.011 0.011 0.005 0.020 0.045 
311 QAc-W-0034    (0)   :  0.967 0.004 0.013 0.004 0.005 0.007 
312 QAc-W-0035    (0)   :  0.864 0.019 0.013 0.032 0.005 0.067 
313 QAc-W-0036    (0)   :  0.940 0.004 0.006 0.004 0.039 0.008 
314 QAc-W-0037    (0)   :  0.952 0.011 0.005 0.014 0.012 0.006 
315 QAc-W-0038    (0)   :  0.947 0.004 0.013 0.014 0.012 0.009 
316 QAc-W-0039    (0)   :  0.937 0.009 0.007 0.015 0.025 0.007 
317 QAc-W-0040    (0)   :  0.731 0.009 0.010 0.008 0.023 0.219 
318 QAc-W-0041    (0)   :  0.882 0.056 0.033 0.012 0.005 0.012 
319 QAc-W-0042    (0)   :  0.039 0.027 0.492 0.039 0.391 0.012 
320 QAc-W-0043    (0)   :  0.038 0.009 0.879 0.050 0.015 0.008 
321 QAc-W-0044    (0)   :  0.200 0.006 0.300 0.044 0.354 0.096 
322 QAc-W-0045    (0)   :  0.012 0.007 0.944 0.009 0.022 0.007 
323 QAc-W-0046    (0)   :  0.026 0.017 0.913 0.020 0.017 0.008 
324 QAc-W-0047    (0)   :  0.038 0.003 0.884 0.019 0.036 0.020 
325 QAc-W-0048    (0)   :  0.011 0.008 0.893 0.004 0.079 0.005 
326 QAc-W-0049    (0)   :  0.007 0.009 0.877 0.005 0.098 0.005 
327 QAc-W-0050    (0)   :  0.005 0.010 0.963 0.006 0.005 0.010 
328 QAc-W-0051    (0)   :  0.015 0.011 0.925 0.016 0.025 0.008 
329 QAc-W-0052    (0)   :  0.004 0.003 0.003 0.004 0.983 0.003 
330 QAc-W-0053    (0)   :  0.010 0.004 0.962 0.004 0.011 0.009 
331 QAc-W-0054    (0)   :  0.015 0.006 0.376 0.187 0.053 0.362 
332 QAc-W-0055    (0)   :  0.009 0.070 0.311 0.522 0.008 0.079 
333 QAc-W-0056    (0)   :  0.092 0.037 0.817 0.012 0.009 0.032 
334 QAc-W-0057    (0)   :  0.009 0.055 0.877 0.026 0.010 0.024 
335 QAc-W-0058    (0)   :  0.005 0.111 0.861 0.013 0.005 0.004 
336 QAc-W-0059    (0)   :  0.005 0.003 0.976 0.005 0.007 0.004 
337 QAc-W-0060    (0)   :  0.097 0.005 0.029 0.750 0.061 0.057 
338 QAc-W-0061    (0)   :  0.018 0.009 0.052 0.795 0.003 0.123 
339 QAc-W-0062    (0)   :  0.011 0.019 0.008 0.692 0.057 0.212 
340 QAc-W-0063    (0)   :  0.041 0.031 0.047 0.516 0.099 0.266 
341 QAc-W-0064    (0)   :  0.063 0.022 0.030 0.667 0.005 0.213 
342 QAc-W-0065    (0)   :  0.042 0.014 0.117 0.556 0.005 0.266 
343 QAc-W-0066    (0)   :  0.004 0.004 0.002 0.985 0.002 0.003 
344 QAc-W-0067    (0)   :  0.003 0.004 0.003 0.984 0.004 0.003 
345 QAc-W-0068    (0)   :  0.004 0.003 0.002 0.986 0.003 0.003 
346 QAc-W-0069    (0)   :  0.004 0.004 0.002 0.984 0.003 0.003 
347 QAc-W-0070    (0)   :  0.003 0.003 0.003 0.987 0.003 0.003 
348 QAc-W-0071    (6)   :  0.005 0.005 0.007 0.959 0.004 0.021 
349 QAc-W-0072    (0)   :  0.013 0.009 0.036 0.205 0.005 0.732 
350 QAc-W-0073    (0)   :  0.018 0.010 0.508 0.399 0.011 0.054 
351 QAc-W-0074    (0)   :  0.014 0.011 0.011 0.799 0.006 0.158 
352 QAc-W-0075    (0)   :  0.010 0.007 0.016 0.937 0.003 0.027 
353 QAc-W-0076    (0)   :  0.006 0.010 0.012 0.647 0.003 0.323 
354 QAc-W-0077    (0)   :  0.021 0.004 0.075 0.844 0.012 0.044 
355 QAc-W-0078    (0)   :  0.058 0.649 0.018 0.033 0.024 0.218 
356 QAc-W-0079    (6)   :  0.012 0.940 0.008 0.023 0.006 0.011 
357 QAc-W-0080   (13)   :  0.030 0.948 0.009 0.004 0.002 0.006 
358 QAc-W-0081    (0)   :  0.006 0.974 0.004 0.004 0.007 0.004 
359 QAc-W-0082    (0)   :  0.006 0.513 0.468 0.004 0.002 0.007 
360 QAc-W-0083    (0)   :  0.018 0.880 0.010 0.031 0.019 0.043 
361 QAc-W-0084    (0)   :  0.007 0.976 0.003 0.004 0.007 0.003 
362 QAc-W-0085    (0)   :  0.003 0.981 0.003 0.005 0.004 0.004 
363 QAc-W-0086    (0)   :  0.005 0.972 0.004 0.006 0.004 0.009 
364 QAc-W-0087    (0)   :  0.007 0.965 0.007 0.006 0.003 0.011 
365 QAc-W-0088    (0)   :  0.006 0.940 0.039 0.003 0.004 0.008 
366 QAc-W-0089    (0)   :  0.007 0.975 0.004 0.006 0.003 0.004 
367 QAc-W-0090    (0)   :  0.007 0.977 0.004 0.006 0.003 0.004 
368 QAc-W-0091    (0)   :  0.006 0.952 0.009 0.006 0.014 0.014 
369 QAc-W-0092    (0)   :  0.043 0.689 0.009 0.007 0.242 0.009 
370 QAc-W-0093    (0)   :  0.094 0.759 0.080 0.003 0.010 0.054 
371 QAc-W-0094    (0)   :  0.054 0.652 0.023 0.006 0.251 0.014 
372 QAc-W-0095    (0)   :  0.018 0.916 0.007 0.006 0.045 0.007 
373 QAc-W-0096    (0)   :  0.032 0.761 0.027 0.018 0.133 0.029 
374 QAc-W-0097    (0)   :  0.094 0.692 0.194 0.008 0.007 0.006 
375 QAc-W-0098    (0)   :  0.006 0.974 0.007 0.003 0.005 0.004 
376 QAc-W-0099    (0)   :  0.025 0.813 0.028 0.004 0.014 0.116 
377 QAc-W-0100    (0)   :  0.005 0.973 0.006 0.004 0.003 0.009 
378 QAc-W-0101    (0)   :  0.006 0.948 0.005 0.027 0.003 0.011 
379 QAc-W-0104    (0)   :  0.010 0.935 0.020 0.003 0.004 0.027 
380 QAc-W-0105    (0)   :  0.007 0.969 0.004 0.005 0.011 0.004 
381 QAc-W-0106    (0)   :  0.018 0.909 0.007 0.005 0.050 0.011 
382 QAc-W-0107    (0)   :  0.004 0.979 0.004 0.006 0.003 0.004 
383 QAc-W-0108    (0)   :  0.003 0.982 0.003 0.005 0.002 0.004 
384 QAc-W-0109    (0)   :  0.012 0.941 0.014 0.021 0.007 0.005 
385 QAc-W-0110   (13)   :  0.614 0.321 0.011 0.008 0.006 0.041 
386 QAc-W-0111    (6)   :  0.009 0.970 0.005 0.005 0.005 0.005 
387 QAc-W-0112   (13)   :  0.014 0.944 0.012 0.004 0.009 0.018 
388 QAc-W-0113   (13)   :  0.011 0.006 0.006 0.004 0.004 0.969 
389 QAc-W-0114   (13)   :  0.005 0.016 0.013 0.004 0.009 0.953 
390 QAc-W-0115    (0)   :  0.010 0.006 0.003 0.005 0.004 0.972 
391 QAc-W-0116    (0)   :  0.018 0.005 0.014 0.002 0.016 0.945 
392 QAc-W-0117    (0)   :  0.008 0.003 0.007 0.004 0.003 0.975 
393 QAc-W-0118    (0)   :  0.005 0.015 0.006 0.019 0.004 0.950 
394 QAc-W-0119    (0)   :  0.007 0.004 0.006 0.007 0.008 0.969 
395 QAc-W-0120    (0)   :  0.010 0.007 0.008 0.010 0.003 0.962 
396 QAc-W-0121    (0)   :  0.009 0.003 0.011 0.033 0.003 0.942 
397 QAc-W-0122    (0)   :  0.013 0.005 0.025 0.003 0.005 0.949 
398 QAc-W-0123    (6)   :  0.011 0.017 0.025 0.013 0.011 0.923 
399 QAc-W-0124    (0)   :  0.048 0.038 0.005 0.027 0.012 0.870 
400 QAc-W-0125    (0)   :  0.005 0.011 0.006 0.007 0.010 0.960 
401 QAc-W-0126   (13)   :  0.007 0.019 0.013 0.007 0.010 0.944 
402 QAc-W-0127    (6)   :  0.007 0.004 0.005 0.004 0.005 0.976 
403 QAc-W-0128   (13)   :  0.011 0.034 0.010 0.010 0.003 0.931 
404 QAc-W-0129   (13)   :  0.060 0.006 0.021 0.007 0.005 0.901 
405 QAc-W-0130   (13)   :  0.020 0.007 0.008 0.006 0.003 0.956 
406 QAc-W-0131    (0)   :  0.005 0.006 0.008 0.004 0.034 0.942 
407 QAc-W-0132    (6)   :  0.028 0.016 0.006 0.046 0.023 0.880 
408 QAc-W-0133    (6)   :  0.007 0.081 0.013 0.184 0.008 0.708 
409 QAc-W-0134    (0)   :  0.005 0.004 0.005 0.004 0.005 0.977 
410 QAc-W-0135    (0)   :  0.057 0.006 0.007 0.014 0.003 0.914 
411 QAc-W-0136    (0)   :  0.005 0.003 0.004 0.003 0.010 0.974 
412 QAc-W-0137    (0)   :  0.004 0.002 0.003 0.004 0.005 0.981 
413 QAc-W-0138    (0)   :  0.006 0.003 0.003 0.004 0.005 0.980 
414 QAc-W-0139    (0)   :  0.053 0.052 0.009 0.021 0.010 0.856 
415 QAc-W-0140    (0)   :  0.046 0.006 0.062 0.005 0.003 0.878 
416 QAc-W-0141    (6)   :  0.051 0.006 0.013 0.015 0.004 0.911 
417 QAc-W-0142    (0)   :  0.005 0.004 0.004 0.007 0.003 0.978 
418 QAc-W-0143    (0)   :  0.006 0.009 0.007 0.004 0.003 0.972 
419 QAc-W-0144    (0)   :  0.009 0.005 0.060 0.003 0.008 0.915 
420 QAc-W-0145    (0)   :  0.004 0.003 0.006 0.003 0.004 0.981 
421 QAc-W-0146    (0)   :  0.018 0.005 0.004 0.004 0.006 0.963 
422 QAc-W-0147    (0)   :  0.005 0.004 0.003 0.004 0.003 0.982 
423 QAc-W-0148    (0)   :  0.008 0.003 0.004 0.004 0.007 0.974 
424 QAc-W-0149    (0)   :  0.008 0.008 0.021 0.004 0.011 0.948 
425 QAc-W-0150    (0)   :  0.058 0.016 0.006 0.006 0.012 0.902 
426 QAc-W-0151    (0)   :  0.012 0.006 0.005 0.005 0.006 0.966 
427 QAc-W-0152    (0)   :  0.006 0.004 0.006 0.006 0.004 0.976 
428 QAc-W-0153    (0)   :  0.167 0.056 0.670 0.014 0.006 0.087 
429 QAc-W-0154    (0)   :  0.023 0.004 0.008 0.003 0.003 0.958 
430 QAc-W-0155    (0)   :  0.006 0.003 0.004 0.003 0.003 0.981 
431 QAc-W-0156    (0)   :  0.051 0.077 0.006 0.004 0.013 0.849 
432 QAc-W-0157    (0)   :  0.013 0.003 0.035 0.010 0.029 0.910 
433 QAc-W-0158    (0)   :  0.042 0.026 0.004 0.017 0.004 0.906 
434 QAc-W-0159    (0)   :  0.008 0.005 0.006 0.005 0.008 0.967 
435 QAc-W-0160    (0)   :  0.024 0.005 0.004 0.004 0.005 0.958 
436 QAc-W-0161    (0)   :  0.050 0.004 0.010 0.004 0.082 0.851 
437 QAc-W-0162    (0)   :  0.004 0.004 0.019 0.032 0.029 0.914 
438 QAc-W-0163    (0)   :  0.007 0.004 0.028 0.005 0.005 0.951 
439 QAc-W-0164    (0)   :  0.005 0.004 0.005 0.005 0.007 0.974 
440 QAc-W-0165    (0)   :  0.007 0.003 0.008 0.023 0.009 0.950 
441 QAc-W-0166    (0)   :  0.018 0.004 0.005 0.005 0.006 0.962 
442 QAc-W-0167    (0)   :  0.007 0.016 0.948 0.006 0.006 0.016 
443 QAc-W-0168    (0)   :  0.040 0.016 0.148 0.178 0.032 0.585 
444 QAc-W-0169    (0)   :  0.152 0.004 0.813 0.010 0.004 0.017 
445 QAc-W-0170    (0)   :  0.028 0.007 0.930 0.005 0.004 0.026 
446 QAc-W-0171    (0)   :  0.008 0.012 0.951 0.005 0.010 0.014 
447 QAc-W-0172    (0)   :  0.069 0.011 0.838 0.003 0.017 0.063 
448 QAc-W-0173    (0)   :  0.211 0.007 0.549 0.005 0.017 0.210 
449 QAc-W-0174    (0)   :  0.012 0.006 0.902 0.010 0.004 0.066 


Estimated Allele Frequencies in each cluster
First column gives estimated ancestral frequencies


Locus 1 : 
21 alleles
0.4% missing data
 210   (0.120) 0.044 0.211 0.219 0.002 0.003 0.161 
 212   (0.095) 0.189 0.224 0.057 0.207 0.003 0.092 
 202   (0.053) 0.054 0.139 0.023 0.001 0.323 0.012 
 226   (0.047) 0.001 0.110 0.027 0.181 0.214 0.004 
 216   (0.067) 0.008 0.094 0.042 0.001 0.328 0.092 
 200   (0.226) 0.506 0.127 0.251 0.379 0.112 0.212 
 224   (0.032) 0.082 0.001 0.009 0.145 0.001 0.003 
 218   (0.037) 0.028 0.057 0.007 0.000 0.001 0.140 
 222   (0.026) 0.002 0.001 0.009 0.000 0.003 0.169 
 228   (0.016) 0.000 0.000 0.003 0.062 0.000 0.002 
 214   (0.061) 0.002 0.001 0.134 0.019 0.004 0.063 
 208   (0.047) 0.072 0.031 0.059 0.001 0.002 0.003 
 220   (0.027) 0.001 0.000 0.023 0.000 0.001 0.012 
 206   (0.037) 0.003 0.001 0.051 0.000 0.001 0.021 
 196   (0.013) 0.000 0.000 0.005 0.000 0.000 0.004 
 238   (0.015) 0.000 0.000 0.005 0.000 0.000 0.005 
 121   (0.014) 0.005 0.000 0.003 0.000 0.001 0.001 
 204   (0.019) 0.001 0.000 0.020 0.000 0.000 0.001 
 190   (0.012) 0.000 0.000 0.007 0.000 0.000 0.001 
 198   (0.013) 0.000 0.000 0.008 0.000 0.000 0.001 
 232   (0.023) 0.001 0.000 0.037 0.000 0.001 0.001 

Locus 2 : 
16 alleles
1.6% missing data
 171   (0.224) 0.336 0.148 0.403 0.003 0.404 0.068 
 175   (0.106) 0.036 0.244 0.073 0.123 0.130 0.025 
 185   (0.045) 0.008 0.145 0.012 0.001 0.001 0.215 
 181   (0.089) 0.105 0.348 0.080 0.343 0.004 0.007 
 179   (0.071) 0.006 0.001 0.036 0.108 0.333 0.273 
 173   (0.169) 0.334 0.064 0.123 0.328 0.109 0.185 
 177   (0.037) 0.001 0.001 0.011 0.092 0.009 0.066 
 183   (0.063) 0.002 0.020 0.099 0.001 0.002 0.084 
 187   (0.066) 0.070 0.001 0.105 0.001 0.002 0.041 
 189   (0.033) 0.098 0.001 0.009 0.000 0.001 0.023 
 191   (0.025) 0.001 0.027 0.016 0.000 0.004 0.001 
 163   (0.013) 0.000 0.000 0.007 0.000 0.000 0.001 
 165   (0.014) 0.000 0.000 0.007 0.000 0.000 0.001 
 193   (0.015) 0.000 0.000 0.008 0.000 0.000 0.001 
 169   (0.015) 0.000 0.000 0.003 0.000 0.000 0.007 
 167   (0.015) 0.001 0.000 0.008 0.000 0.000 0.001 

Locus 3 : 
7 alleles
2.4% missing data
 206   (0.827) 0.926 0.982 0.891 0.983 0.983 0.949 
 208   (0.055) 0.069 0.001 0.043 0.001 0.001 0.026 
 198   (0.015) 0.000 0.006 0.003 0.000 0.000 0.001 
 204   (0.051) 0.002 0.010 0.029 0.015 0.013 0.020 
 218   (0.019) 0.001 0.000 0.014 0.000 0.000 0.002 
 230   (0.015) 0.000 0.000 0.008 0.000 0.000 0.001 
 212   (0.018) 0.001 0.000 0.012 0.000 0.000 0.002 

Locus 4 : 
15 alleles
3.6% missing data
 165   (0.094) 0.128 0.607 0.062 0.088 0.004 0.017 
 173   (0.034) 0.001 0.327 0.032 0.000 0.001 0.002 
 163   (0.165) 0.108 0.006 0.266 0.007 0.005 0.318 
 167   (0.136) 0.190 0.019 0.113 0.002 0.527 0.144 
 161   (0.300) 0.515 0.012 0.336 0.884 0.455 0.428 
 153   (0.016) 0.010 0.000 0.003 0.000 0.000 0.001 
 171   (0.043) 0.001 0.004 0.052 0.001 0.002 0.019 
 179   (0.014) 0.001 0.000 0.007 0.000 0.000 0.001 
 157   (0.038) 0.035 0.001 0.029 0.001 0.001 0.003 
 149   (0.016) 0.000 0.000 0.008 0.000 0.000 0.001 
 177   (0.038) 0.003 0.017 0.018 0.001 0.001 0.022 
 155   (0.022) 0.003 0.000 0.008 0.000 0.001 0.006 
 175   (0.018) 0.001 0.000 0.014 0.000 0.000 0.001 
 169   (0.031) 0.001 0.004 0.041 0.000 0.001 0.002 
 159   (0.033) 0.001 0.001 0.010 0.016 0.001 0.035 

Locus 5 : 
16 alleles
0.0% missing data
 148   (0.095) 0.128 0.399 0.049 0.372 0.003 0.085 
 160   (0.038) 0.002 0.079 0.023 0.000 0.042 0.002 
 146   (0.101) 0.045 0.283 0.118 0.340 0.018 0.015 
 154   (0.050) 0.004 0.002 0.028 0.026 0.002 0.211 
 150   (0.055) 0.064 0.001 0.101 0.009 0.002 0.004 
 138   (0.093) 0.077 0.096 0.048 0.003 0.181 0.252 
 166   (0.052) 0.012 0.001 0.101 0.001 0.325 0.003 
 164   (0.028) 0.001 0.000 0.014 0.000 0.054 0.007 
 142   (0.031) 0.001 0.001 0.032 0.001 0.001 0.015 
 144   (0.178) 0.266 0.014 0.255 0.207 0.079 0.133 
 140   (0.063) 0.188 0.001 0.028 0.001 0.283 0.154 
 158   (0.057) 0.022 0.047 0.046 0.001 0.005 0.021 
 162   (0.032) 0.001 0.065 0.034 0.000 0.001 0.002 
 152   (0.080) 0.189 0.002 0.065 0.038 0.002 0.093 
 134   (0.022) 0.001 0.000 0.037 0.000 0.001 0.001 
 156   (0.024) 0.001 0.008 0.023 0.000 0.002 0.001 

Locus 6 : 
12 alleles
0.0% missing data
 225   (0.041) 0.002 0.110 0.008 0.196 0.001 0.029 
 239   (0.118) 0.078 0.033 0.088 0.487 0.206 0.030 
 229   (0.023) 0.005 0.334 0.004 0.000 0.001 0.001 
 235   (0.241) 0.307 0.403 0.201 0.260 0.008 0.408 
 237   (0.184) 0.280 0.007 0.227 0.039 0.018 0.235 
 233   (0.105) 0.260 0.043 0.068 0.013 0.294 0.021 
 227   (0.066) 0.002 0.001 0.251 0.001 0.315 0.003 
 245   (0.058) 0.027 0.001 0.049 0.001 0.002 0.088 
 241   (0.067) 0.002 0.067 0.036 0.002 0.152 0.067 
 231   (0.043) 0.001 0.001 0.045 0.000 0.001 0.077 
 243   (0.040) 0.035 0.001 0.016 0.000 0.001 0.038 
 251   (0.015) 0.000 0.000 0.007 0.000 0.000 0.001 

Locus 7 : 
7 alleles
0.0% missing data
 118   (0.824) 0.865 0.962 0.879 0.982 0.620 0.990 
 124   (0.041) 0.122 0.001 0.016 0.000 0.375 0.002 
 116   (0.028) 0.001 0.001 0.048 0.001 0.001 0.002 
 114   (0.051) 0.010 0.024 0.032 0.005 0.002 0.003 
 122   (0.018) 0.001 0.000 0.014 0.000 0.000 0.001 
 112   (0.023) 0.001 0.012 0.009 0.000 0.001 0.001 
 120   (0.015) 0.000 0.000 0.003 0.012 0.000 0.001 

Locus 8 : 
5 alleles
0.4% missing data
 135   (0.065) 0.104 0.017 0.028 0.006 0.002 0.034 
 139   (0.688) 0.794 0.902 0.742 0.962 0.926 0.674 
 137   (0.200) 0.100 0.080 0.212 0.032 0.071 0.199 
 143   (0.025) 0.001 0.000 0.011 0.000 0.001 0.062 
 141   (0.022) 0.001 0.001 0.007 0.000 0.001 0.031 

Locus 9 : 
15 alleles
1.6% missing data
 116   (0.173) 0.477 0.374 0.099 0.180 0.008 0.372 
 112   (0.099) 0.046 0.076 0.055 0.071 0.003 0.173 
 118   (0.117) 0.029 0.514 0.099 0.002 0.092 0.148 
 122   (0.096) 0.005 0.002 0.228 0.545 0.474 0.009 
 114   (0.188) 0.257 0.023 0.221 0.133 0.006 0.220 
 120   (0.066) 0.082 0.001 0.045 0.001 0.187 0.023 
 130   (0.048) 0.080 0.001 0.033 0.001 0.135 0.003 
 124   (0.055) 0.002 0.001 0.070 0.065 0.001 0.035 
 110   (0.017) 0.001 0.000 0.008 0.000 0.000 0.001 
 134   (0.013) 0.000 0.000 0.007 0.000 0.000 0.002 
 128   (0.041) 0.011 0.001 0.029 0.001 0.090 0.006 
 126   (0.041) 0.009 0.001 0.082 0.001 0.001 0.004 
 108   (0.018) 0.001 0.000 0.015 0.000 0.000 0.001 
 106   (0.015) 0.000 0.000 0.007 0.001 0.000 0.001 
 138   (0.014) 0.000 0.005 0.003 0.000 0.001 0.001 

Locus 10 : 
8 alleles
0.0% missing data
 232   (0.733) 0.925 0.974 0.625 0.996 0.992 0.864 
 238   (0.132) 0.031 0.002 0.291 0.001 0.004 0.128 
 220   (0.017) 0.030 0.000 0.003 0.000 0.000 0.001 
 226   (0.017) 0.000 0.011 0.003 0.000 0.001 0.001 
 234   (0.027) 0.010 0.000 0.016 0.000 0.001 0.002 
 240   (0.018) 0.001 0.000 0.014 0.000 0.000 0.001 
 236   (0.023) 0.001 0.000 0.020 0.001 0.001 0.001 
 244   (0.033) 0.001 0.011 0.029 0.000 0.001 0.002 

Locus 11 : 
9 alleles
0.0% missing data
 165   (0.706) 0.813 0.868 0.709 0.765 0.942 0.883 
 167   (0.106) 0.007 0.124 0.098 0.231 0.003 0.087 
 161   (0.097) 0.176 0.005 0.157 0.001 0.051 0.009 
 153   (0.015) 0.002 0.002 0.004 0.000 0.000 0.001 
 169   (0.016) 0.000 0.000 0.007 0.001 0.001 0.001 
 155   (0.016) 0.000 0.000 0.008 0.000 0.000 0.001 
 173   (0.014) 0.000 0.000 0.008 0.000 0.000 0.001 
 163   (0.015) 0.000 0.000 0.003 0.000 0.000 0.015 
 171   (0.015) 0.001 0.000 0.008 0.000 0.000 0.001 

Locus 12 : 
9 alleles
0.0% missing data
 137   (0.458) 0.328 0.295 0.468 0.438 0.852 0.788 
 140   (0.141) 0.422 0.355 0.079 0.011 0.074 0.085 
 134   (0.290) 0.243 0.346 0.378 0.550 0.071 0.096 
 149   (0.015) 0.000 0.000 0.006 0.000 0.000 0.004 
 131   (0.016) 0.001 0.002 0.006 0.000 0.000 0.001 
 143   (0.020) 0.001 0.000 0.025 0.000 0.001 0.001 
 128   (0.014) 0.000 0.000 0.008 0.000 0.000 0.001 
 125   (0.024) 0.004 0.000 0.004 0.000 0.001 0.023 
 146   (0.020) 0.001 0.000 0.025 0.000 0.000 0.002 

Locus 13 : 
20 alleles
0.2% missing data
 206   (0.112) 0.135 0.423 0.047 0.030 0.258 0.190 
 210   (0.063) 0.152 0.273 0.019 0.355 0.002 0.042 
 190   (0.045) 0.049 0.001 0.029 0.001 0.002 0.137 
 202   (0.121) 0.055 0.065 0.183 0.002 0.444 0.041 
 214   (0.032) 0.033 0.001 0.012 0.169 0.001 0.002 
 212   (0.029) 0.002 0.000 0.005 0.134 0.001 0.214 
 192   (0.084) 0.242 0.024 0.074 0.001 0.260 0.028 
 204   (0.053) 0.022 0.001 0.050 0.004 0.010 0.038 
 184   (0.057) 0.057 0.085 0.024 0.002 0.002 0.092 
 216   (0.017) 0.119 0.000 0.003 0.001 0.000 0.001 
 208   (0.040) 0.089 0.001 0.008 0.022 0.001 0.053 
 200   (0.096) 0.018 0.088 0.202 0.002 0.009 0.046 
 198   (0.035) 0.001 0.001 0.054 0.000 0.001 0.044 
 194   (0.097) 0.008 0.034 0.187 0.193 0.005 0.033 
 186   (0.024) 0.001 0.000 0.013 0.083 0.001 0.001 
 188   (0.019) 0.001 0.000 0.025 0.000 0.000 0.001 
 196   (0.035) 0.001 0.001 0.043 0.000 0.001 0.031 
 220   (0.013) 0.000 0.000 0.005 0.000 0.001 0.003 
