

----------------------------------------------------
STRUCTURE by Pritchard, Stephens and Donnelly (2000)
     and Falush, Stephens and Pritchard (2003)
       Code by Pritchard, Falush and Hubisz
             Version 2.3.4 (Jul 2012)
----------------------------------------------------



Command line arguments:   bin\structure -m C:\Users\eschumacher\Documents\GitHub\GCC_QUAC_ZAIN\Data_Files\Structure_Files\QUAC\QUAC_wK_nopopinfo_garden_wild\QUAC_wK_nopopinfo_STR\50-50\mainparams -e C:\Users\eschumacher\Documents\GitHub\GCC_QUAC_ZAIN\Data_Files\Structure_Files\QUAC\QUAC_wK_nopopinfo_garden_wild\QUAC_wK_nopopinfo_STR\50-50\extraparams 
Input File:    C:\Users\eschumacher\Documents\GitHub\GCC_QUAC_ZAIN\Data_Files\Structure_Files\QUAC\QUAC_wK_nopopinfo_garden_wild\QUAC_wK_nopopinfo_STR\project_data

Run parameters:
   449 individuals
   15 loci
   6 populations assumed
   50000 Burn-in period
   50000 Reps


--------------------------------------------
Overall proportion of membership of the
sample in each of the 6 clusters

Inferred Clusters
  1      2      3      4      5      6    
0.075  0.195  0.167  0.154  0.189  0.219  

--------------------------------------------

Allele-freq. divergence among pops (Net nucleotide distance),
computed using point estimates of P.

      1       2       3       4       5       6      
 1      -    0.1608  0.0883  0.0943  0.1425  0.0937  
 2   0.1608     -    0.0949  0.0957  0.1200  0.0962  
 3   0.0883  0.0949     -    0.0436  0.0886  0.0471  
 4   0.0943  0.0957  0.0436     -    0.0994  0.0499  
 5   0.1425  0.1200  0.0886  0.0994     -    0.0938  
 6   0.0937  0.0962  0.0471  0.0499  0.0938     -    

Average distances (expected heterozygosity) between individuals in same cluster:
cluster  1  : 0.4712 
cluster  2  : 0.4993 
cluster  3  : 0.6648 
cluster  4  : 0.5718 
cluster  5  : 0.4547 
cluster  6  : 0.5666 

--------------------------------------------
Estimated Ln Prob of Data   = -16289.4
Mean value of ln likelihood = -15963.8
Variance of ln likelihood   = 651.2
Mean value of alpha         = 0.0361

Mean value of Fst_1         = 0.3930
Mean value of Fst_2         = 0.2695
Mean value of Fst_3         = 0.0347
Mean value of Fst_4         = 0.1176
Mean value of Fst_5         = 0.3616
Mean value of Fst_6         = 0.1587


Inferred ancestry of individuals:
        Label (%Miss) :  Inferred clusters
  1 QAc-G-0029    (0)   :  0.005 0.956 0.004 0.005 0.013 0.018 
  2 QAc-G-0030    (0)   :  0.003 0.985 0.003 0.003 0.003 0.003 
  3 QAc-G-0031    (0)   :  0.003 0.983 0.003 0.004 0.006 0.003 
  4 QAc-G-0061    (0)   :  0.006 0.975 0.003 0.006 0.003 0.007 
  5 QAc-G-0062    (0)   :  0.497 0.008 0.014 0.370 0.106 0.005 
  6 QAc-G-0063    (0)   :  0.007 0.005 0.022 0.018 0.792 0.156 
  7 QAc-G-0064    (0)   :  0.981 0.003 0.003 0.004 0.005 0.004 
  8 QAc-G-0065    (0)   :  0.984 0.004 0.003 0.003 0.003 0.003 
  9 QAc-G-0066    (0)   :  0.003 0.005 0.003 0.003 0.982 0.004 
 10 QAc-G-0067    (0)   :  0.979 0.008 0.004 0.004 0.003 0.003 
 11 QAc-G-0068    (0)   :  0.008 0.004 0.356 0.022 0.607 0.004 
 12 QAc-G-0070    (0)   :  0.011 0.007 0.011 0.228 0.723 0.020 
 13 QAc-G-0071   (13)   :  0.003 0.006 0.004 0.003 0.981 0.004 
 14 QAc-G-0072    (0)   :  0.003 0.004 0.003 0.005 0.979 0.005 
 15 QAc-G-0073    (0)   :  0.003 0.004 0.003 0.004 0.003 0.982 
 16 QAc-G-0074    (0)   :  0.006 0.004 0.009 0.019 0.154 0.807 
 17 QAc-G-0075    (0)   :  0.005 0.008 0.010 0.006 0.008 0.963 
 18 QAc-G-0076    (0)   :  0.009 0.009 0.006 0.009 0.008 0.959 
 19 QAc-G-0077    (0)   :  0.009 0.970 0.003 0.003 0.009 0.007 
 20 QAc-G-0078    (0)   :  0.002 0.986 0.003 0.003 0.003 0.003 
 21 QAc-G-0079    (0)   :  0.002 0.981 0.004 0.004 0.005 0.004 
 22 QAc-G-0080    (0)   :  0.041 0.697 0.097 0.008 0.013 0.144 
 23 QAc-G-0081    (0)   :  0.005 0.007 0.054 0.889 0.009 0.036 
 24 QAc-G-0082    (0)   :  0.003 0.005 0.798 0.119 0.004 0.071 
 25 QAc-G-0083    (0)   :  0.089 0.091 0.038 0.146 0.506 0.130 
 26 QAc-G-0001   (13)   :  0.003 0.983 0.003 0.003 0.006 0.003 
 27 QAc-G-0002    (0)   :  0.003 0.985 0.003 0.003 0.003 0.003 
 28 QAc-G-0285    (0)   :  0.005 0.011 0.027 0.026 0.913 0.018 
 29 QAc-G-0286    (0)   :  0.003 0.004 0.003 0.003 0.985 0.003 
 30 QAc-G-0287    (0)   :  0.003 0.003 0.002 0.003 0.985 0.003 
 31 QAc-G-0288    (6)   :  0.007 0.018 0.005 0.016 0.944 0.010 
 32 QAc-G-0289    (0)   :  0.004 0.004 0.003 0.003 0.982 0.003 
 33 QAc-G-0290    (0)   :  0.007 0.004 0.003 0.004 0.978 0.004 
 34 QAc-G-0291    (0)   :  0.003 0.005 0.003 0.002 0.983 0.003 
 35 QAc-G-0292    (0)   :  0.004 0.004 0.024 0.249 0.713 0.006 
 36 QAc-G-0293    (0)   :  0.003 0.008 0.003 0.003 0.981 0.003 
 37 QAc-G-0294    (0)   :  0.008 0.008 0.013 0.006 0.004 0.962 
 38 QAc-G-0295    (0)   :  0.006 0.010 0.004 0.004 0.014 0.962 
 39 QAc-G-0296    (0)   :  0.009 0.003 0.004 0.004 0.006 0.973 
 40 QAc-G-0297    (0)   :  0.007 0.004 0.616 0.009 0.003 0.362 
 41 QAc-G-0298    (6)   :  0.005 0.005 0.004 0.004 0.004 0.978 
 42 QAc-G-0299    (0)   :  0.004 0.005 0.006 0.004 0.007 0.975 
 43 QAc-G-0300    (0)   :  0.020 0.004 0.005 0.012 0.004 0.956 
 44 QAc-G-0301    (0)   :  0.063 0.005 0.005 0.005 0.011 0.911 
 45 QAc-G-0302    (0)   :  0.004 0.004 0.973 0.005 0.006 0.008 
 46 QAc-G-0303    (0)   :  0.007 0.004 0.963 0.015 0.006 0.005 
 47 QAc-G-0304    (0)   :  0.003 0.003 0.002 0.003 0.985 0.004 
 48 QAc-G-0305    (0)   :  0.004 0.072 0.097 0.055 0.766 0.006 
 49 QAc-G-0306    (0)   :  0.002 0.004 0.003 0.003 0.985 0.003 
 50 QAc-G-0307    (0)   :  0.006 0.858 0.021 0.095 0.011 0.010 
 51 QAc-G-0308    (0)   :  0.004 0.950 0.009 0.009 0.014 0.014 
 52 QAc-G-0309    (0)   :  0.003 0.975 0.007 0.005 0.005 0.005 
 53 QAc-G-0310    (0)   :  0.003 0.981 0.003 0.004 0.004 0.005 
 54 QAc-G-0311    (0)   :  0.002 0.988 0.002 0.002 0.003 0.003 
 55 QAc-G-0312    (0)   :  0.020 0.579 0.165 0.109 0.006 0.121 
 56 QAc-G-0313    (0)   :  0.018 0.101 0.072 0.710 0.049 0.050 
 57 QAc-G-0314    (0)   :  0.014 0.016 0.155 0.495 0.004 0.316 
 58 QAc-G-0315    (0)   :  0.010 0.008 0.687 0.241 0.026 0.029 
 59 QAc-G-0316    (0)   :  0.005 0.025 0.078 0.873 0.010 0.009 
 60 QAc-G-0032    (6)   :  0.071 0.008 0.898 0.006 0.006 0.011 
 61 QAc-G-0033    (0)   :  0.008 0.006 0.005 0.006 0.005 0.971 
 62 QAc-G-0034    (0)   :  0.009 0.032 0.007 0.013 0.004 0.934 
 63 QAc-G-0035    (0)   :  0.010 0.004 0.005 0.005 0.007 0.969 
 64 QAc-G-0036    (0)   :  0.005 0.006 0.005 0.012 0.018 0.954 
 65 QAc-G-0037    (0)   :  0.005 0.011 0.004 0.003 0.014 0.964 
 66 QAc-G-0038    (0)   :  0.003 0.002 0.004 0.004 0.003 0.984 
 67 QAc-G-0039    (0)   :  0.005 0.021 0.011 0.021 0.005 0.937 
 68 QAc-G-0040    (0)   :  0.003 0.005 0.006 0.060 0.068 0.857 
 69 QAc-G-0041    (0)   :  0.035 0.003 0.004 0.023 0.008 0.927 
 70 QAc-G-0042    (0)   :  0.006 0.003 0.005 0.005 0.007 0.973 
 71 QAc-G-0043    (0)   :  0.003 0.008 0.003 0.005 0.005 0.975 
 72 QAc-G-0044    (0)   :  0.022 0.004 0.009 0.007 0.008 0.950 
 73 QAc-G-0045    (0)   :  0.013 0.026 0.005 0.007 0.006 0.944 
 74 QAc-G-0046    (0)   :  0.005 0.052 0.005 0.025 0.003 0.910 
 75 QAc-G-0047    (0)   :  0.007 0.032 0.011 0.009 0.005 0.935 
 76 QAc-G-0048    (0)   :  0.007 0.003 0.004 0.007 0.004 0.975 
 77 QAc-G-0049    (0)   :  0.003 0.984 0.003 0.003 0.005 0.003 
 78 QAc-G-0050    (0)   :  0.006 0.131 0.760 0.055 0.041 0.007 
 79 QAc-G-0051    (0)   :  0.002 0.985 0.003 0.003 0.004 0.003 
 80 QAc-G-0052    (0)   :  0.027 0.938 0.007 0.011 0.004 0.013 
 81 QAc-G-0053    (0)   :  0.005 0.964 0.003 0.004 0.008 0.015 
 82 QAc-G-0054    (0)   :  0.006 0.403 0.411 0.156 0.005 0.019 
 83 QAc-G-0055    (0)   :  0.003 0.547 0.420 0.016 0.005 0.009 
 84 QAc-G-0056    (0)   :  0.013 0.056 0.410 0.490 0.017 0.013 
 85 QAc-G-0057    (0)   :  0.002 0.982 0.004 0.003 0.004 0.004 
 86 QAc-G-0058    (6)   :  0.003 0.984 0.003 0.003 0.003 0.003 
 87 QAc-G-0059    (0)   :  0.005 0.610 0.299 0.035 0.003 0.049 
 88 QAc-G-0060    (6)   :  0.018 0.941 0.009 0.008 0.013 0.012 
 89 QAc-G-0276    (0)   :  0.004 0.028 0.008 0.010 0.922 0.028 
 90 QAc-G-0279    (0)   :  0.003 0.006 0.003 0.004 0.981 0.003 
 91 QAc-G-0280    (6)   :  0.004 0.004 0.004 0.005 0.974 0.009 
 92 QAc-G-0281    (0)   :  0.004 0.978 0.003 0.004 0.006 0.004 
 93 QAc-G-0018    (0)   :  0.007 0.034 0.025 0.012 0.006 0.916 
 94 QAc-G-0019    (0)   :  0.076 0.004 0.004 0.008 0.016 0.892 
 95 QAc-G-0020    (0)   :  0.004 0.005 0.012 0.004 0.003 0.972 
 96 QAc-G-0021    (6)   :  0.013 0.009 0.004 0.003 0.003 0.968 
 97 QAc-G-0022    (6)   :  0.049 0.022 0.018 0.098 0.008 0.805 
 98 QAc-G-0023    (0)   :  0.003 0.983 0.004 0.003 0.004 0.004 
 99 QAc-G-0024    (0)   :  0.004 0.980 0.004 0.003 0.003 0.006 
100 QAc-G-0016    (0)   :  0.006 0.174 0.775 0.015 0.015 0.015 
101 QAc-G-0017    (0)   :  0.195 0.004 0.761 0.025 0.006 0.008 
102 QAc-G-0250    (0)   :  0.007 0.013 0.381 0.014 0.562 0.023 
103 QAc-G-0003    (6)   :  0.004 0.005 0.004 0.006 0.977 0.005 
104 QAc-G-0004    (0)   :  0.007 0.007 0.955 0.006 0.004 0.021 
105 QAc-G-0005    (0)   :  0.984 0.003 0.003 0.003 0.003 0.003 
106 QAc-G-0006    (6)   :  0.003 0.003 0.976 0.007 0.004 0.006 
107 QAc-G-0283    (0)   :  0.004 0.005 0.340 0.636 0.007 0.008 
108 QAc-G-0265    (0)   :  0.006 0.441 0.184 0.055 0.042 0.271 
109 QAc-G-0266    (0)   :  0.002 0.985 0.002 0.002 0.005 0.003 
110 QAc-G-0267    (0)   :  0.093 0.012 0.032 0.128 0.164 0.570 
111 QAc-G-0268   (20)   :  0.037 0.012 0.334 0.023 0.584 0.010 
112 QAc-G-0269    (0)   :  0.003 0.005 0.003 0.003 0.982 0.004 
113 QAc-G-0270    (6)   :  0.010 0.004 0.004 0.005 0.006 0.970 
114 QAc-G-0271    (0)   :  0.086 0.004 0.015 0.010 0.004 0.880 
115 QAc-G-0272    (6)   :  0.004 0.006 0.006 0.006 0.019 0.959 
116 QAc-G-0273    (0)   :  0.008 0.974 0.004 0.005 0.005 0.004 
117 QAc-G-0274    (0)   :  0.987 0.003 0.002 0.003 0.003 0.003 
118 QAc-G-0251    (6)   :  0.018 0.006 0.010 0.008 0.004 0.953 
119 QAc-G-0252    (0)   :  0.006 0.005 0.013 0.012 0.005 0.960 
120 QAc-G-0253    (0)   :  0.003 0.981 0.004 0.004 0.005 0.004 
121 QAc-G-0254    (0)   :  0.003 0.987 0.003 0.003 0.003 0.002 
122 QAc-G-0255    (0)   :  0.009 0.004 0.965 0.007 0.005 0.010 
123 QAc-G-0256    (0)   :  0.013 0.005 0.961 0.005 0.010 0.007 
124 QAc-G-0257    (0)   :  0.060 0.006 0.900 0.022 0.004 0.008 
125 QAc-G-0258    (0)   :  0.008 0.003 0.977 0.004 0.003 0.005 
126 QAc-G-0259    (0)   :  0.003 0.003 0.798 0.186 0.003 0.009 
127 QAc-G-0260    (0)   :  0.177 0.020 0.439 0.293 0.048 0.023 
128 QAc-G-0261    (0)   :  0.489 0.005 0.476 0.015 0.004 0.012 
129 QAc-G-0262    (0)   :  0.052 0.009 0.897 0.017 0.019 0.005 
130 QAc-G-0010    (0)   :  0.006 0.020 0.010 0.041 0.883 0.040 
131 QAc-G-0011    (0)   :  0.005 0.004 0.004 0.976 0.003 0.007 
132 QAc-G-0015    (0)   :  0.008 0.839 0.089 0.039 0.005 0.019 
133 QAc-G-0106    (0)   :  0.022 0.003 0.961 0.005 0.003 0.006 
134 QAc-G-0107    (0)   :  0.005 0.007 0.969 0.007 0.008 0.005 
135 QAc-G-0108    (0)   :  0.005 0.003 0.972 0.006 0.005 0.008 
136 QAc-G-0109    (0)   :  0.026 0.012 0.931 0.019 0.005 0.007 
137 QAc-G-0110    (0)   :  0.003 0.007 0.908 0.011 0.041 0.030 
138 QAc-G-0111    (0)   :  0.005 0.005 0.967 0.008 0.007 0.008 
139 QAc-G-0112    (0)   :  0.004 0.006 0.965 0.004 0.017 0.004 
140 QAc-G-0113    (0)   :  0.026 0.010 0.944 0.006 0.009 0.006 
141 QAc-G-0114    (0)   :  0.004 0.014 0.920 0.006 0.021 0.035 
142 QAc-G-0115    (0)   :  0.008 0.003 0.975 0.005 0.005 0.004 
143 QAc-G-0116    (0)   :  0.008 0.005 0.962 0.008 0.011 0.006 
144 QAc-G-0117    (0)   :  0.063 0.012 0.764 0.017 0.009 0.137 
145 QAc-G-0118    (0)   :  0.014 0.002 0.965 0.007 0.005 0.007 
146 QAc-G-0119    (0)   :  0.026 0.005 0.947 0.005 0.002 0.014 
147 QAc-G-0120    (0)   :  0.006 0.007 0.955 0.013 0.007 0.012 
148 QAc-G-0121    (0)   :  0.974 0.004 0.006 0.003 0.006 0.007 
149 QAc-G-0122    (0)   :  0.948 0.004 0.006 0.006 0.027 0.010 
150 QAc-G-0123    (0)   :  0.986 0.003 0.002 0.002 0.002 0.004 
151 QAc-G-0124    (6)   :  0.981 0.004 0.003 0.004 0.003 0.005 
152 QAc-G-0125    (0)   :  0.545 0.168 0.144 0.101 0.032 0.009 
153 QAc-G-0126    (0)   :  0.225 0.017 0.725 0.016 0.006 0.012 
154 QAc-G-0127    (0)   :  0.976 0.004 0.005 0.007 0.003 0.005 
155 QAc-G-0128    (0)   :  0.983 0.004 0.003 0.003 0.005 0.003 
156 QAc-G-0129    (0)   :  0.987 0.002 0.003 0.002 0.003 0.003 
157 QAc-G-0130    (0)   :  0.962 0.003 0.012 0.011 0.005 0.007 
158 QAc-G-0131    (0)   :  0.975 0.004 0.005 0.005 0.004 0.007 
159 QAc-G-0132    (0)   :  0.804 0.024 0.138 0.008 0.018 0.008 
160 QAc-G-0133    (0)   :  0.979 0.003 0.004 0.004 0.004 0.007 
161 QAc-G-0134    (0)   :  0.980 0.004 0.004 0.003 0.004 0.005 
162 QAc-G-0135    (0)   :  0.004 0.008 0.965 0.007 0.006 0.010 
163 QAc-G-0136    (0)   :  0.007 0.007 0.961 0.011 0.008 0.005 
164 QAc-G-0137    (0)   :  0.046 0.004 0.925 0.007 0.005 0.012 
165 QAc-G-0138    (0)   :  0.008 0.007 0.938 0.040 0.004 0.003 
166 QAc-G-0139    (0)   :  0.027 0.002 0.937 0.005 0.004 0.025 
167 QAc-G-0140    (6)   :  0.036 0.004 0.923 0.007 0.006 0.023 
168 QAc-G-0141    (0)   :  0.021 0.012 0.893 0.025 0.015 0.035 
169 QAc-G-0142    (0)   :  0.004 0.002 0.978 0.005 0.004 0.007 
170 QAc-G-0143    (0)   :  0.006 0.007 0.944 0.010 0.015 0.018 
171 QAc-G-0144    (6)   :  0.002 0.005 0.977 0.006 0.005 0.005 
172 QAc-G-0145    (0)   :  0.003 0.003 0.003 0.003 0.984 0.004 
173 QAc-G-0146    (0)   :  0.984 0.003 0.003 0.003 0.003 0.003 
174 QAc-G-0147    (0)   :  0.326 0.005 0.110 0.528 0.009 0.022 
175 QAc-G-0148    (0)   :  0.008 0.006 0.957 0.007 0.007 0.015 
176 QAc-G-0149    (0)   :  0.982 0.003 0.003 0.003 0.004 0.005 
177 QAc-G-0150    (0)   :  0.004 0.005 0.003 0.004 0.981 0.004 
178 QAc-G-0151    (0)   :  0.983 0.003 0.003 0.003 0.004 0.004 
179 QAc-G-0152    (0)   :  0.981 0.005 0.003 0.003 0.002 0.005 
180 QAc-G-0153    (0)   :  0.918 0.002 0.015 0.035 0.019 0.012 
181 QAc-G-0154    (0)   :  0.944 0.003 0.016 0.005 0.011 0.022 
182 QAc-G-0155    (0)   :  0.982 0.003 0.003 0.003 0.003 0.006 
183 QAc-G-0158    (0)   :  0.985 0.003 0.003 0.003 0.003 0.003 
184 QAc-G-0159    (0)   :  0.015 0.004 0.958 0.008 0.007 0.007 
185 QAc-G-0160    (0)   :  0.003 0.003 0.003 0.003 0.985 0.003 
186 QAc-G-0161    (0)   :  0.002 0.003 0.003 0.003 0.986 0.003 
187 QAc-G-0162    (0)   :  0.004 0.006 0.013 0.045 0.654 0.278 
188 QAc-G-0163    (0)   :  0.003 0.003 0.021 0.005 0.916 0.053 
189 QAc-G-0164    (0)   :  0.003 0.013 0.005 0.023 0.951 0.006 
190 QAc-G-0165    (0)   :  0.008 0.003 0.004 0.006 0.974 0.006 
191 QAc-G-0166    (0)   :  0.003 0.004 0.003 0.004 0.981 0.005 
192 QAc-G-0167    (0)   :  0.004 0.004 0.003 0.004 0.980 0.005 
193 QAc-G-0168    (0)   :  0.002 0.004 0.003 0.003 0.985 0.004 
194 QAc-G-0169    (6)   :  0.005 0.005 0.439 0.033 0.508 0.009 
195 QAc-G-0170    (0)   :  0.006 0.005 0.004 0.004 0.976 0.006 
196 QAc-G-0171    (0)   :  0.003 0.004 0.003 0.005 0.983 0.003 
197 QAc-G-0172    (0)   :  0.009 0.007 0.941 0.013 0.020 0.010 
198 QAc-G-0173    (0)   :  0.002 0.007 0.003 0.003 0.981 0.003 
199 QAc-G-0174    (0)   :  0.008 0.007 0.068 0.046 0.846 0.025 
200 QAc-G-0175    (0)   :  0.002 0.004 0.003 0.004 0.984 0.003 
201 QAc-G-0176    (0)   :  0.005 0.010 0.007 0.006 0.811 0.162 
202 QAc-G-0177    (0)   :  0.003 0.004 0.003 0.003 0.983 0.004 
203 QAc-G-0178    (0)   :  0.010 0.031 0.006 0.074 0.874 0.005 
204 QAc-G-0179    (6)   :  0.003 0.003 0.003 0.003 0.985 0.004 
205 QAc-G-0180    (0)   :  0.003 0.003 0.003 0.003 0.985 0.003 
206 QAc-G-0181    (0)   :  0.003 0.003 0.004 0.006 0.974 0.010 
207 QAc-G-0182    (0)   :  0.017 0.004 0.027 0.025 0.904 0.024 
208 QAc-G-0183    (6)   :  0.004 0.006 0.004 0.004 0.979 0.003 
209 QAc-G-0184    (0)   :  0.003 0.003 0.003 0.003 0.983 0.004 
210 QAc-G-0185    (0)   :  0.011 0.007 0.008 0.023 0.941 0.010 
211 QAc-G-0186    (0)   :  0.003 0.002 0.004 0.005 0.977 0.010 
212 QAc-G-0187    (0)   :  0.005 0.033 0.005 0.037 0.907 0.013 
213 QAc-G-0188    (0)   :  0.005 0.004 0.693 0.008 0.261 0.030 
214 QAc-G-0189    (0)   :  0.002 0.004 0.002 0.003 0.985 0.003 
215 QAc-G-0190    (0)   :  0.005 0.005 0.003 0.004 0.979 0.004 
216 QAc-G-0191    (0)   :  0.005 0.005 0.003 0.004 0.979 0.004 
217 QAc-G-0192    (0)   :  0.003 0.004 0.002 0.003 0.986 0.003 
218 QAc-G-0193    (0)   :  0.004 0.004 0.003 0.005 0.979 0.005 
219 QAc-G-0194    (0)   :  0.004 0.005 0.003 0.006 0.974 0.008 
220 QAc-G-0195    (0)   :  0.004 0.096 0.006 0.007 0.874 0.012 
221 QAc-G-0196    (0)   :  0.002 0.005 0.003 0.004 0.982 0.004 
222 QAc-G-0197    (0)   :  0.003 0.003 0.003 0.003 0.986 0.003 
223 QAc-G-0198    (0)   :  0.004 0.003 0.003 0.003 0.983 0.005 
224 QAc-G-0199    (0)   :  0.009 0.012 0.009 0.055 0.889 0.025 
225 QAc-G-0200    (0)   :  0.003 0.003 0.003 0.006 0.974 0.011 
226 QAc-G-0201    (0)   :  0.002 0.004 0.004 0.004 0.983 0.004 
227 QAc-G-0202    (6)   :  0.003 0.009 0.004 0.004 0.976 0.004 
228 QAc-G-0203    (0)   :  0.003 0.014 0.009 0.003 0.967 0.005 
229 QAc-G-0204    (0)   :  0.003 0.005 0.004 0.004 0.979 0.006 
230 QAc-G-0205    (0)   :  0.003 0.986 0.002 0.003 0.003 0.003 
231 QAc-G-0206    (0)   :  0.005 0.823 0.133 0.014 0.003 0.022 
232 QAc-G-0207    (0)   :  0.005 0.967 0.005 0.010 0.007 0.006 
233 QAc-G-0208    (0)   :  0.004 0.983 0.003 0.003 0.004 0.003 
234 QAc-G-0209    (0)   :  0.002 0.981 0.003 0.004 0.007 0.003 
235 QAc-G-0210    (0)   :  0.002 0.986 0.003 0.003 0.002 0.003 
236 QAc-G-0211    (0)   :  0.004 0.984 0.003 0.003 0.003 0.003 
237 QAc-G-0212    (0)   :  0.003 0.983 0.003 0.003 0.004 0.004 
238 QAc-G-0213    (0)   :  0.003 0.980 0.003 0.004 0.005 0.006 
239 QAc-G-0214    (0)   :  0.003 0.985 0.003 0.002 0.004 0.003 
240 QAc-G-0215    (0)   :  0.003 0.983 0.003 0.004 0.004 0.004 
241 QAc-G-0216    (0)   :  0.003 0.203 0.715 0.007 0.061 0.011 
242 QAc-G-0217    (0)   :  0.012 0.964 0.006 0.007 0.005 0.005 
243 QAc-G-0218    (0)   :  0.005 0.972 0.003 0.008 0.004 0.007 
244 QAc-G-0219    (0)   :  0.026 0.902 0.029 0.008 0.009 0.026 
245 QAc-G-0220    (0)   :  0.007 0.948 0.026 0.009 0.003 0.006 
246 QAc-G-0221    (0)   :  0.014 0.925 0.008 0.033 0.008 0.012 
247 QAc-G-0222    (0)   :  0.003 0.982 0.003 0.003 0.004 0.004 
248 QAc-G-0223    (0)   :  0.005 0.976 0.004 0.007 0.003 0.006 
249 QAc-G-0224    (0)   :  0.003 0.980 0.004 0.005 0.005 0.003 
250 QAc-G-0226    (0)   :  0.004 0.982 0.003 0.004 0.003 0.004 
251 QAc-G-0227    (0)   :  0.017 0.004 0.005 0.004 0.006 0.964 
252 QAc-G-0228    (6)   :  0.003 0.007 0.005 0.005 0.005 0.975 
253 QAc-G-0229    (0)   :  0.005 0.007 0.013 0.014 0.006 0.956 
254 QAc-G-0230    (0)   :  0.003 0.016 0.011 0.007 0.006 0.958 
255 QAc-G-0231    (0)   :  0.005 0.978 0.003 0.003 0.007 0.003 
256 QAc-G-0232    (0)   :  0.010 0.003 0.004 0.009 0.002 0.971 
257 QAc-G-0233    (0)   :  0.005 0.034 0.012 0.236 0.005 0.709 
258 QAc-G-0234    (0)   :  0.005 0.005 0.005 0.012 0.015 0.957 
259 QAc-G-0235    (0)   :  0.003 0.006 0.972 0.007 0.005 0.007 
260 QAc-G-0236    (0)   :  0.010 0.005 0.004 0.005 0.006 0.972 
261 QAc-G-0237    (0)   :  0.016 0.017 0.008 0.011 0.011 0.938 
262 QAc-G-0238    (0)   :  0.004 0.008 0.004 0.004 0.006 0.974 
263 QAc-G-0239    (0)   :  0.003 0.005 0.007 0.006 0.005 0.974 
264 QAc-G-0240    (0)   :  0.007 0.003 0.006 0.005 0.004 0.975 
265 QAc-G-0241    (0)   :  0.007 0.011 0.035 0.027 0.017 0.904 
266 QAc-G-0242    (0)   :  0.009 0.009 0.005 0.011 0.004 0.962 
267 QAc-G-0243    (0)   :  0.060 0.018 0.021 0.143 0.004 0.754 
268 QAc-G-0244    (0)   :  0.005 0.007 0.015 0.005 0.006 0.961 
269 QAc-G-0245    (0)   :  0.016 0.003 0.004 0.005 0.006 0.966 
270 QAc-G-0246    (0)   :  0.006 0.004 0.007 0.005 0.007 0.970 
271 QAc-G-0247    (0)   :  0.004 0.005 0.005 0.006 0.003 0.978 
272 QAc-G-0248    (0)   :  0.004 0.003 0.005 0.003 0.003 0.981 
273 QAc-G-0249    (0)   :  0.003 0.008 0.007 0.963 0.011 0.008 
274 QAc-G-0025    (0)   :  0.003 0.984 0.003 0.003 0.004 0.004 
275 QAc-G-0028    (0)   :  0.004 0.038 0.004 0.068 0.006 0.879 
276 QAc-G-0275    (0)   :  0.003 0.973 0.004 0.003 0.012 0.005 
277 QAc-G-0263    (0)   :  0.005 0.019 0.032 0.577 0.362 0.004 
278 QAc-W-0001    (0)   :  0.029 0.004 0.014 0.005 0.003 0.945 
279 QAc-W-0002    (0)   :  0.003 0.004 0.026 0.012 0.017 0.938 
280 QAc-W-0003    (0)   :  0.011 0.046 0.028 0.008 0.026 0.880 
281 QAc-W-0004    (0)   :  0.005 0.010 0.003 0.008 0.007 0.968 
282 QAc-W-0005    (0)   :  0.012 0.005 0.006 0.018 0.008 0.952 
283 QAc-W-0006    (0)   :  0.007 0.006 0.008 0.010 0.005 0.965 
284 QAc-W-0007   (13)   :  0.005 0.006 0.004 0.007 0.004 0.974 
285 QAc-W-0008    (6)   :  0.004 0.003 0.013 0.034 0.004 0.942 
286 QAc-W-0009    (0)   :  0.007 0.006 0.064 0.022 0.010 0.891 
287 QAc-W-0010    (0)   :  0.021 0.005 0.018 0.140 0.014 0.802 
288 QAc-W-0011    (0)   :  0.025 0.006 0.016 0.007 0.047 0.899 
289 QAc-W-0012    (0)   :  0.006 0.005 0.006 0.007 0.011 0.966 
290 QAc-W-0013    (0)   :  0.004 0.108 0.026 0.006 0.008 0.849 
291 QAc-W-0014    (0)   :  0.004 0.004 0.004 0.023 0.004 0.960 
292 QAc-W-0015    (0)   :  0.004 0.031 0.019 0.032 0.024 0.891 
293 QAc-W-0016    (0)   :  0.003 0.014 0.057 0.216 0.011 0.699 
294 QAc-W-0017    (0)   :  0.015 0.031 0.177 0.396 0.070 0.311 
295 QAc-W-0018    (0)   :  0.010 0.027 0.063 0.038 0.003 0.859 
296 QAc-W-0019    (0)   :  0.006 0.006 0.006 0.012 0.006 0.963 
297 QAc-W-0020    (0)   :  0.040 0.003 0.009 0.006 0.004 0.938 
298 QAc-W-0021    (0)   :  0.011 0.304 0.073 0.074 0.012 0.526 
299 QAc-W-0022    (0)   :  0.009 0.019 0.047 0.361 0.016 0.547 
300 QAc-W-0023    (6)   :  0.091 0.039 0.161 0.098 0.003 0.608 
301 QAc-W-0024    (0)   :  0.007 0.247 0.032 0.028 0.029 0.657 
302 QAc-W-0025    (0)   :  0.004 0.005 0.005 0.006 0.004 0.977 
303 QAc-W-0026    (0)   :  0.088 0.040 0.014 0.056 0.059 0.742 
304 QAc-W-0027    (0)   :  0.003 0.004 0.009 0.010 0.006 0.967 
305 QAc-W-0028    (0)   :  0.004 0.003 0.006 0.006 0.005 0.976 
306 QAc-W-0029    (0)   :  0.009 0.006 0.009 0.005 0.003 0.967 
307 QAc-W-0030    (0)   :  0.008 0.004 0.005 0.004 0.009 0.970 
308 QAc-W-0031    (0)   :  0.003 0.059 0.007 0.005 0.005 0.920 
309 QAc-W-0032    (0)   :  0.010 0.004 0.003 0.008 0.003 0.972 
310 QAc-W-0033    (0)   :  0.020 0.013 0.012 0.041 0.005 0.908 
311 QAc-W-0034    (0)   :  0.005 0.005 0.012 0.007 0.004 0.966 
312 QAc-W-0035    (0)   :  0.005 0.020 0.013 0.061 0.034 0.868 
313 QAc-W-0036    (0)   :  0.047 0.003 0.007 0.007 0.004 0.931 
314 QAc-W-0037    (0)   :  0.012 0.010 0.005 0.006 0.015 0.950 
315 QAc-W-0038    (0)   :  0.013 0.005 0.012 0.008 0.014 0.950 
316 QAc-W-0039    (0)   :  0.026 0.009 0.007 0.008 0.015 0.937 
317 QAc-W-0040    (0)   :  0.026 0.009 0.008 0.225 0.009 0.723 
318 QAc-W-0041    (0)   :  0.005 0.058 0.032 0.012 0.012 0.882 
319 QAc-W-0042    (0)   :  0.416 0.029 0.466 0.013 0.044 0.031 
320 QAc-W-0043    (0)   :  0.015 0.011 0.881 0.008 0.048 0.038 
321 QAc-W-0044    (0)   :  0.357 0.006 0.262 0.097 0.041 0.237 
322 QAc-W-0045    (0)   :  0.023 0.007 0.942 0.008 0.009 0.011 
323 QAc-W-0046    (0)   :  0.019 0.017 0.911 0.008 0.020 0.025 
324 QAc-W-0047    (0)   :  0.037 0.004 0.878 0.023 0.018 0.041 
325 QAc-W-0048    (0)   :  0.078 0.008 0.892 0.005 0.005 0.012 
326 QAc-W-0049    (0)   :  0.093 0.009 0.881 0.006 0.005 0.007 
327 QAc-W-0050    (0)   :  0.005 0.011 0.960 0.011 0.006 0.006 
328 QAc-W-0051    (0)   :  0.025 0.011 0.927 0.008 0.014 0.015 
329 QAc-W-0052    (0)   :  0.982 0.003 0.003 0.003 0.004 0.005 
330 QAc-W-0053    (0)   :  0.012 0.004 0.959 0.010 0.004 0.011 
331 QAc-W-0054    (0)   :  0.062 0.007 0.359 0.379 0.180 0.013 
332 QAc-W-0055    (0)   :  0.008 0.070 0.296 0.087 0.530 0.008 
333 QAc-W-0056    (0)   :  0.009 0.037 0.812 0.034 0.011 0.098 
334 QAc-W-0057    (0)   :  0.010 0.059 0.874 0.022 0.026 0.010 
335 QAc-W-0058    (0)   :  0.006 0.121 0.850 0.005 0.013 0.006 
336 QAc-W-0059    (0)   :  0.007 0.003 0.976 0.004 0.005 0.004 
337 QAc-W-0060    (0)   :  0.061 0.006 0.029 0.053 0.749 0.102 
338 QAc-W-0061    (0)   :  0.003 0.009 0.050 0.137 0.785 0.015 
339 QAc-W-0062    (0)   :  0.062 0.019 0.009 0.210 0.688 0.012 
340 QAc-W-0063    (0)   :  0.097 0.026 0.038 0.295 0.507 0.038 
341 QAc-W-0064    (0)   :  0.005 0.020 0.028 0.206 0.672 0.068 
342 QAc-W-0065    (0)   :  0.005 0.013 0.097 0.303 0.542 0.040 
343 QAc-W-0066    (0)   :  0.003 0.005 0.002 0.003 0.984 0.004 
344 QAc-W-0067    (0)   :  0.003 0.004 0.003 0.003 0.984 0.003 
345 QAc-W-0068    (0)   :  0.003 0.003 0.002 0.003 0.985 0.004 
346 QAc-W-0069    (0)   :  0.003 0.004 0.002 0.003 0.984 0.004 
347 QAc-W-0070    (0)   :  0.003 0.003 0.003 0.003 0.986 0.003 
348 QAc-W-0071    (6)   :  0.004 0.005 0.007 0.028 0.952 0.005 
349 QAc-W-0072    (0)   :  0.005 0.008 0.032 0.729 0.211 0.016 
350 QAc-W-0073    (0)   :  0.011 0.012 0.523 0.054 0.384 0.017 
351 QAc-W-0074    (0)   :  0.006 0.010 0.008 0.192 0.770 0.014 
352 QAc-W-0075    (0)   :  0.003 0.007 0.016 0.025 0.939 0.009 
353 QAc-W-0076    (0)   :  0.003 0.010 0.012 0.322 0.648 0.006 
354 QAc-W-0077    (0)   :  0.011 0.004 0.075 0.049 0.839 0.022 
355 QAc-W-0078    (0)   :  0.023 0.647 0.018 0.210 0.037 0.065 
356 QAc-W-0079    (6)   :  0.006 0.937 0.008 0.011 0.025 0.012 
357 QAc-W-0080   (13)   :  0.003 0.946 0.010 0.006 0.004 0.031 
358 QAc-W-0081    (0)   :  0.009 0.971 0.004 0.004 0.004 0.008 
359 QAc-W-0082    (0)   :  0.003 0.509 0.472 0.007 0.004 0.006 
360 QAc-W-0083    (0)   :  0.019 0.878 0.011 0.043 0.029 0.020 
361 QAc-W-0084    (0)   :  0.006 0.978 0.003 0.003 0.004 0.006 
362 QAc-W-0085    (0)   :  0.004 0.982 0.003 0.004 0.004 0.003 
363 QAc-W-0086    (0)   :  0.004 0.974 0.004 0.007 0.006 0.005 
364 QAc-W-0087    (0)   :  0.003 0.965 0.008 0.011 0.006 0.007 
365 QAc-W-0088    (0)   :  0.004 0.936 0.041 0.009 0.004 0.006 
366 QAc-W-0089    (0)   :  0.003 0.977 0.004 0.003 0.006 0.007 
367 QAc-W-0090    (0)   :  0.003 0.977 0.004 0.003 0.007 0.006 
368 QAc-W-0091    (0)   :  0.015 0.950 0.009 0.015 0.006 0.005 
369 QAc-W-0092    (0)   :  0.246 0.690 0.009 0.006 0.006 0.043 
370 QAc-W-0093    (0)   :  0.009 0.751 0.087 0.044 0.003 0.105 
371 QAc-W-0094    (0)   :  0.272 0.648 0.020 0.013 0.007 0.041 
372 QAc-W-0095    (0)   :  0.045 0.914 0.008 0.008 0.006 0.019 
373 QAc-W-0096    (0)   :  0.134 0.758 0.026 0.033 0.018 0.032 
374 QAc-W-0097    (0)   :  0.008 0.693 0.208 0.007 0.008 0.076 
375 QAc-W-0098    (0)   :  0.005 0.975 0.006 0.005 0.003 0.006 
376 QAc-W-0099    (0)   :  0.014 0.808 0.028 0.120 0.004 0.026 
377 QAc-W-0100    (0)   :  0.003 0.971 0.006 0.010 0.004 0.005 
378 QAc-W-0101    (0)   :  0.003 0.949 0.005 0.010 0.027 0.006 
379 QAc-W-0104    (0)   :  0.004 0.938 0.019 0.027 0.004 0.009 
380 QAc-W-0105    (0)   :  0.012 0.967 0.004 0.004 0.005 0.008 
381 QAc-W-0106    (0)   :  0.053 0.901 0.008 0.014 0.005 0.019 
382 QAc-W-0107    (0)   :  0.004 0.979 0.004 0.004 0.006 0.004 
383 QAc-W-0108    (0)   :  0.002 0.981 0.003 0.004 0.007 0.003 
384 QAc-W-0109    (0)   :  0.007 0.944 0.013 0.006 0.021 0.010 
385 QAc-W-0110   (13)   :  0.006 0.322 0.009 0.039 0.008 0.616 
386 QAc-W-0111    (6)   :  0.006 0.969 0.005 0.005 0.005 0.009 
387 QAc-W-0112   (13)   :  0.009 0.944 0.011 0.019 0.004 0.013 
388 QAc-W-0113   (13)   :  0.004 0.006 0.005 0.970 0.004 0.010 
389 QAc-W-0114   (13)   :  0.008 0.016 0.013 0.954 0.004 0.006 
390 QAc-W-0115    (0)   :  0.004 0.006 0.003 0.973 0.006 0.009 
391 QAc-W-0116    (0)   :  0.018 0.005 0.015 0.944 0.002 0.016 
392 QAc-W-0117    (0)   :  0.003 0.003 0.008 0.976 0.004 0.007 
393 QAc-W-0118    (0)   :  0.005 0.013 0.005 0.951 0.021 0.006 
394 QAc-W-0119    (0)   :  0.008 0.004 0.006 0.969 0.007 0.007 
395 QAc-W-0120    (0)   :  0.003 0.006 0.008 0.963 0.010 0.010 
396 QAc-W-0121    (0)   :  0.003 0.004 0.010 0.946 0.029 0.008 
397 QAc-W-0122    (0)   :  0.004 0.005 0.025 0.949 0.004 0.012 
398 QAc-W-0123    (6)   :  0.011 0.016 0.028 0.921 0.013 0.010 
399 QAc-W-0124    (0)   :  0.010 0.040 0.006 0.871 0.028 0.045 
400 QAc-W-0125    (0)   :  0.010 0.011 0.007 0.959 0.007 0.005 
401 QAc-W-0126   (13)   :  0.011 0.018 0.013 0.944 0.007 0.007 
402 QAc-W-0127    (6)   :  0.005 0.003 0.005 0.976 0.004 0.007 
403 QAc-W-0128   (13)   :  0.003 0.033 0.010 0.932 0.011 0.011 
404 QAc-W-0129   (13)   :  0.005 0.006 0.022 0.896 0.007 0.065 
405 QAc-W-0130   (13)   :  0.003 0.006 0.007 0.962 0.005 0.017 
406 QAc-W-0131    (0)   :  0.031 0.006 0.011 0.944 0.005 0.005 
407 QAc-W-0132    (6)   :  0.024 0.017 0.007 0.879 0.046 0.027 
408 QAc-W-0133    (6)   :  0.007 0.082 0.015 0.706 0.183 0.006 
409 QAc-W-0134    (0)   :  0.006 0.005 0.005 0.976 0.004 0.005 
410 QAc-W-0135    (0)   :  0.003 0.006 0.006 0.909 0.014 0.062 
411 QAc-W-0136    (0)   :  0.010 0.003 0.004 0.975 0.003 0.005 
412 QAc-W-0137    (0)   :  0.005 0.003 0.003 0.981 0.004 0.004 
413 QAc-W-0138    (0)   :  0.005 0.003 0.003 0.979 0.004 0.006 
414 QAc-W-0139    (0)   :  0.010 0.055 0.008 0.856 0.019 0.052 
415 QAc-W-0140    (0)   :  0.003 0.006 0.060 0.881 0.005 0.045 
416 QAc-W-0141    (6)   :  0.005 0.006 0.015 0.915 0.014 0.044 
417 QAc-W-0142    (0)   :  0.003 0.004 0.004 0.978 0.007 0.004 
418 QAc-W-0143    (0)   :  0.004 0.008 0.007 0.971 0.004 0.006 
419 QAc-W-0144    (0)   :  0.009 0.006 0.059 0.915 0.003 0.008 
420 QAc-W-0145    (0)   :  0.004 0.003 0.007 0.980 0.003 0.004 
421 QAc-W-0146    (0)   :  0.006 0.006 0.004 0.958 0.004 0.022 
422 QAc-W-0147    (0)   :  0.003 0.004 0.003 0.982 0.003 0.004 
423 QAc-W-0148    (0)   :  0.007 0.003 0.003 0.974 0.004 0.008 
424 QAc-W-0149    (0)   :  0.013 0.008 0.016 0.951 0.003 0.009 
425 QAc-W-0150    (0)   :  0.012 0.016 0.007 0.904 0.006 0.054 
426 QAc-W-0151    (0)   :  0.007 0.006 0.005 0.963 0.004 0.015 
427 QAc-W-0152    (0)   :  0.004 0.004 0.006 0.975 0.006 0.006 
428 QAc-W-0153    (0)   :  0.007 0.052 0.661 0.083 0.014 0.183 
429 QAc-W-0154    (0)   :  0.003 0.004 0.009 0.954 0.004 0.026 
430 QAc-W-0155    (0)   :  0.003 0.003 0.004 0.981 0.003 0.005 
431 QAc-W-0156    (0)   :  0.015 0.078 0.005 0.851 0.004 0.047 
432 QAc-W-0157    (0)   :  0.031 0.003 0.037 0.905 0.011 0.012 
433 QAc-W-0158    (0)   :  0.005 0.028 0.004 0.902 0.016 0.045 
434 QAc-W-0159    (0)   :  0.009 0.005 0.007 0.966 0.005 0.008 
435 QAc-W-0160    (0)   :  0.006 0.005 0.004 0.956 0.004 0.025 
436 QAc-W-0161    (0)   :  0.090 0.004 0.009 0.845 0.004 0.049 
437 QAc-W-0162    (0)   :  0.027 0.003 0.020 0.916 0.031 0.003 
438 QAc-W-0163    (0)   :  0.005 0.004 0.026 0.954 0.004 0.007 
439 QAc-W-0164    (0)   :  0.008 0.004 0.005 0.974 0.005 0.004 
440 QAc-W-0165    (0)   :  0.010 0.003 0.007 0.949 0.024 0.007 
441 QAc-W-0166    (0)   :  0.006 0.004 0.005 0.960 0.005 0.019 
442 QAc-W-0167    (0)   :  0.007 0.017 0.945 0.018 0.007 0.008 
443 QAc-W-0168    (0)   :  0.034 0.020 0.154 0.582 0.166 0.043 
444 QAc-W-0169    (0)   :  0.004 0.003 0.793 0.016 0.011 0.173 
445 QAc-W-0170    (0)   :  0.003 0.007 0.938 0.022 0.006 0.024 
446 QAc-W-0171    (0)   :  0.012 0.011 0.950 0.014 0.005 0.008 
447 QAc-W-0172    (0)   :  0.017 0.011 0.854 0.053 0.003 0.062 
448 QAc-W-0173    (0)   :  0.017 0.009 0.583 0.194 0.005 0.193 
449 QAc-W-0174    (0)   :  0.004 0.006 0.880 0.088 0.010 0.012 


Estimated Allele Frequencies in each cluster
First column gives estimated ancestral frequencies


Locus 1 : 
21 alleles
0.4% missing data
 210   (0.127) 0.004 0.211 0.221 0.162 0.002 0.044 
 212   (0.090) 0.003 0.225 0.056 0.091 0.208 0.189 
 202   (0.052) 0.324 0.139 0.023 0.011 0.001 0.053 
 226   (0.051) 0.214 0.110 0.028 0.005 0.181 0.001 
 216   (0.066) 0.328 0.093 0.042 0.093 0.001 0.007 
 200   (0.215) 0.111 0.128 0.249 0.211 0.379 0.506 
 224   (0.034) 0.001 0.001 0.010 0.004 0.144 0.083 
 218   (0.041) 0.001 0.057 0.008 0.139 0.000 0.028 
 222   (0.024) 0.003 0.001 0.008 0.169 0.000 0.001 
 228   (0.015) 0.000 0.000 0.003 0.002 0.063 0.000 
 214   (0.063) 0.004 0.001 0.134 0.064 0.019 0.002 
 208   (0.049) 0.002 0.031 0.059 0.003 0.001 0.072 
 220   (0.027) 0.001 0.000 0.024 0.012 0.000 0.001 
 206   (0.036) 0.001 0.001 0.051 0.020 0.000 0.003 
 196   (0.014) 0.000 0.000 0.006 0.003 0.000 0.000 
 238   (0.014) 0.000 0.000 0.005 0.005 0.000 0.000 
 121   (0.013) 0.001 0.000 0.002 0.001 0.000 0.005 
 204   (0.018) 0.000 0.000 0.020 0.001 0.000 0.000 
 190   (0.014) 0.000 0.000 0.007 0.002 0.000 0.000 
 198   (0.015) 0.000 0.000 0.008 0.001 0.000 0.000 
 232   (0.022) 0.001 0.000 0.037 0.001 0.000 0.001 

Locus 2 : 
16 alleles
1.6% missing data
 171   (0.218) 0.403 0.148 0.403 0.067 0.003 0.336 
 175   (0.102) 0.128 0.244 0.072 0.024 0.123 0.036 
 185   (0.045) 0.001 0.145 0.012 0.214 0.001 0.008 
 181   (0.092) 0.004 0.348 0.081 0.007 0.344 0.105 
 179   (0.071) 0.332 0.001 0.036 0.274 0.106 0.006 
 173   (0.166) 0.110 0.064 0.122 0.185 0.328 0.334 
 177   (0.041) 0.009 0.001 0.012 0.066 0.092 0.001 
 183   (0.069) 0.002 0.020 0.101 0.084 0.001 0.002 
 187   (0.068) 0.002 0.001 0.105 0.043 0.001 0.070 
 189   (0.031) 0.001 0.001 0.008 0.023 0.000 0.099 
 191   (0.028) 0.005 0.027 0.016 0.002 0.000 0.001 
 163   (0.014) 0.000 0.000 0.007 0.002 0.000 0.000 
 165   (0.012) 0.000 0.000 0.007 0.001 0.000 0.000 
 193   (0.017) 0.000 0.000 0.008 0.001 0.000 0.000 
 169   (0.013) 0.000 0.000 0.002 0.007 0.000 0.000 
 167   (0.014) 0.000 0.000 0.008 0.001 0.000 0.000 

Locus 3 : 
7 alleles
2.4% missing data
 206   (0.821) 0.983 0.982 0.891 0.948 0.983 0.926 
 208   (0.058) 0.002 0.001 0.044 0.026 0.002 0.069 
 198   (0.015) 0.000 0.006 0.003 0.001 0.000 0.000 
 204   (0.050) 0.014 0.010 0.028 0.020 0.015 0.002 
 218   (0.019) 0.000 0.000 0.014 0.002 0.000 0.001 
 230   (0.018) 0.000 0.000 0.008 0.001 0.000 0.000 
 212   (0.019) 0.001 0.000 0.012 0.002 0.000 0.001 

Locus 4 : 
15 alleles
3.6% missing data
 165   (0.098) 0.004 0.608 0.062 0.018 0.087 0.128 
 173   (0.035) 0.001 0.327 0.032 0.002 0.000 0.001 
 163   (0.173) 0.006 0.007 0.267 0.318 0.007 0.108 
 167   (0.127) 0.526 0.018 0.112 0.144 0.001 0.189 
 161   (0.295) 0.455 0.012 0.334 0.428 0.884 0.516 
 153   (0.016) 0.000 0.000 0.003 0.001 0.000 0.010 
 171   (0.042) 0.002 0.004 0.053 0.019 0.001 0.001 
 179   (0.015) 0.000 0.000 0.007 0.001 0.000 0.001 
 157   (0.035) 0.001 0.001 0.029 0.003 0.001 0.036 
 149   (0.017) 0.000 0.000 0.008 0.001 0.000 0.000 
 177   (0.040) 0.001 0.017 0.019 0.022 0.001 0.003 
 155   (0.025) 0.001 0.001 0.009 0.006 0.000 0.003 
 175   (0.018) 0.000 0.000 0.014 0.001 0.000 0.001 
 169   (0.029) 0.001 0.004 0.041 0.002 0.000 0.001 
 159   (0.035) 0.001 0.001 0.010 0.035 0.017 0.001 

Locus 5 : 
16 alleles
0.0% missing data
 148   (0.096) 0.003 0.399 0.049 0.085 0.373 0.128 
 160   (0.039) 0.041 0.079 0.023 0.002 0.000 0.002 
 146   (0.098) 0.019 0.284 0.116 0.015 0.341 0.044 
 154   (0.049) 0.002 0.002 0.027 0.214 0.024 0.004 
 150   (0.053) 0.002 0.001 0.101 0.004 0.009 0.064 
 138   (0.097) 0.181 0.095 0.049 0.252 0.004 0.077 
 166   (0.054) 0.323 0.001 0.101 0.003 0.001 0.012 
 164   (0.030) 0.053 0.000 0.014 0.007 0.000 0.001 
 142   (0.031) 0.001 0.001 0.032 0.015 0.001 0.001 
 144   (0.177) 0.080 0.013 0.256 0.133 0.206 0.266 
 140   (0.062) 0.284 0.001 0.028 0.152 0.001 0.188 
 158   (0.058) 0.005 0.048 0.045 0.022 0.001 0.022 
 162   (0.030) 0.001 0.065 0.034 0.002 0.000 0.001 
 152   (0.079) 0.002 0.002 0.065 0.092 0.038 0.189 
 134   (0.021) 0.001 0.000 0.037 0.001 0.000 0.001 
 156   (0.025) 0.002 0.008 0.023 0.001 0.000 0.001 

Locus 6 : 
12 alleles
0.0% missing data
 225   (0.044) 0.001 0.110 0.008 0.029 0.196 0.002 
 239   (0.123) 0.207 0.033 0.089 0.030 0.489 0.078 
 229   (0.022) 0.001 0.334 0.004 0.001 0.000 0.005 
 235   (0.230) 0.008 0.403 0.199 0.407 0.260 0.308 
 237   (0.182) 0.019 0.007 0.227 0.236 0.037 0.281 
 233   (0.110) 0.295 0.043 0.069 0.022 0.013 0.259 
 227   (0.068) 0.314 0.001 0.252 0.004 0.001 0.002 
 245   (0.061) 0.003 0.001 0.049 0.088 0.001 0.027 
 241   (0.066) 0.151 0.067 0.037 0.066 0.002 0.002 
 231   (0.040) 0.001 0.001 0.045 0.077 0.000 0.001 
 243   (0.040) 0.001 0.001 0.015 0.038 0.000 0.035 
 251   (0.015) 0.000 0.000 0.008 0.001 0.000 0.000 

Locus 7 : 
7 alleles
0.0% missing data
 118   (0.822) 0.623 0.962 0.879 0.989 0.982 0.865 
 124   (0.043) 0.373 0.001 0.016 0.002 0.000 0.122 
 116   (0.027) 0.001 0.001 0.048 0.002 0.001 0.001 
 114   (0.052) 0.002 0.024 0.032 0.004 0.005 0.010 
 122   (0.018) 0.000 0.000 0.014 0.001 0.000 0.001 
 112   (0.023) 0.001 0.012 0.009 0.001 0.000 0.001 
 120   (0.016) 0.000 0.000 0.003 0.001 0.012 0.000 

Locus 8 : 
5 alleles
0.4% missing data
 135   (0.066) 0.002 0.017 0.029 0.033 0.005 0.105 
 139   (0.683) 0.925 0.902 0.741 0.675 0.963 0.794 
 137   (0.202) 0.072 0.080 0.213 0.199 0.031 0.100 
 143   (0.027) 0.001 0.000 0.011 0.062 0.000 0.001 
 141   (0.022) 0.001 0.001 0.006 0.032 0.000 0.001 

Locus 9 : 
15 alleles
1.6% missing data
 116   (0.163) 0.007 0.374 0.096 0.371 0.180 0.478 
 112   (0.101) 0.003 0.076 0.055 0.174 0.069 0.046 
 118   (0.118) 0.092 0.515 0.100 0.148 0.002 0.028 
 122   (0.104) 0.474 0.002 0.230 0.010 0.546 0.005 
 114   (0.181) 0.006 0.023 0.220 0.221 0.133 0.257 
 120   (0.065) 0.188 0.001 0.044 0.022 0.001 0.082 
 130   (0.049) 0.135 0.001 0.033 0.003 0.001 0.080 
 124   (0.055) 0.001 0.001 0.070 0.035 0.065 0.002 
 110   (0.015) 0.000 0.000 0.008 0.001 0.000 0.001 
 134   (0.013) 0.000 0.000 0.007 0.002 0.000 0.000 
 128   (0.043) 0.090 0.001 0.029 0.006 0.001 0.010 
 126   (0.047) 0.002 0.001 0.082 0.005 0.001 0.010 
 108   (0.017) 0.000 0.000 0.014 0.001 0.000 0.000 
 106   (0.013) 0.000 0.000 0.007 0.001 0.001 0.000 
 138   (0.016) 0.001 0.005 0.003 0.001 0.000 0.000 

Locus 10 : 
8 alleles
0.0% missing data
 232   (0.730) 0.992 0.974 0.624 0.864 0.997 0.925 
 238   (0.133) 0.004 0.002 0.291 0.128 0.001 0.031 
 220   (0.017) 0.000 0.000 0.003 0.001 0.000 0.030 
 226   (0.018) 0.001 0.011 0.003 0.001 0.000 0.001 
 234   (0.028) 0.001 0.000 0.016 0.002 0.000 0.010 
 240   (0.021) 0.001 0.000 0.015 0.001 0.000 0.001 
 236   (0.021) 0.001 0.000 0.019 0.001 0.001 0.001 
 244   (0.033) 0.001 0.011 0.029 0.002 0.000 0.001 

Locus 11 : 
9 alleles
0.0% missing data
 165   (0.698) 0.942 0.868 0.707 0.883 0.765 0.813 
 167   (0.106) 0.003 0.124 0.098 0.087 0.232 0.007 
 161   (0.099) 0.051 0.005 0.158 0.009 0.001 0.176 
 153   (0.015) 0.000 0.002 0.004 0.001 0.000 0.002 
 169   (0.015) 0.001 0.000 0.007 0.001 0.001 0.000 
 155   (0.018) 0.000 0.000 0.008 0.002 0.000 0.000 
 173   (0.015) 0.000 0.000 0.008 0.001 0.000 0.000 
 163   (0.017) 0.000 0.000 0.003 0.015 0.000 0.000 
 171   (0.016) 0.000 0.000 0.008 0.001 0.000 0.001 

Locus 12 : 
9 alleles
0.0% missing data
 137   (0.461) 0.852 0.295 0.469 0.788 0.437 0.327 
 140   (0.139) 0.074 0.355 0.079 0.085 0.010 0.422 
 134   (0.289) 0.071 0.346 0.378 0.095 0.551 0.244 
 149   (0.015) 0.000 0.000 0.006 0.004 0.000 0.000 
 131   (0.016) 0.000 0.002 0.006 0.001 0.000 0.001 
 143   (0.019) 0.000 0.000 0.026 0.001 0.000 0.001 
 128   (0.016) 0.000 0.000 0.008 0.001 0.000 0.000 
 125   (0.023) 0.001 0.000 0.004 0.023 0.000 0.004 
 146   (0.022) 0.001 0.000 0.025 0.002 0.000 0.001 

Locus 13 : 
20 alleles
0.2% missing data
 206   (0.109) 0.257 0.424 0.046 0.191 0.029 0.135 
 210   (0.068) 0.002 0.274 0.020 0.043 0.355 0.152 
 190   (0.051) 0.002 0.001 0.030 0.137 0.001 0.049 
 202   (0.108) 0.444 0.065 0.181 0.040 0.001 0.054 
 214   (0.033) 0.001 0.001 0.012 0.003 0.170 0.034 
 212   (0.028) 0.001 0.000 0.005 0.214 0.135 0.002 
 192   (0.087) 0.258 0.023 0.074 0.029 0.001 0.244 
 204   (0.056) 0.012 0.001 0.050 0.038 0.004 0.021 
 184   (0.057) 0.002 0.084 0.024 0.092 0.003 0.057 
 216   (0.015) 0.000 0.000 0.003 0.001 0.001 0.119 
 208   (0.041) 0.001 0.001 0.008 0.053 0.022 0.090 
 200   (0.095) 0.009 0.089 0.203 0.046 0.002 0.017 
 198   (0.038) 0.001 0.001 0.055 0.044 0.000 0.001 
 194   (0.096) 0.005 0.034 0.187 0.034 0.192 0.008 
 186   (0.024) 0.001 0.000 0.013 0.001 0.083 0.001 
 188   (0.017) 0.000 0.000 0.025 0.001 0.000 0.001 
 196   (0.030) 0.001 0.001 0.042 0.030 0.000 0.001 
 220   (0.014) 0.001 0.000 0.006 0.003 0.000 0.000 
