

----------------------------------------------------
STRUCTURE by Pritchard, Stephens and Donnelly (2000)
     and Falush, Stephens and Pritchard (2003)
       Code by Pritchard, Falush and Hubisz
             Version 2.3.4 (Jul 2012)
----------------------------------------------------



Command line arguments:   bin\structure -m C:\Users\eschumacher\Documents\GitHub\GCC_QUAC_ZAIN\Data_Files\Structure_Files\QUAC\QUAC_wK_nopopinfo_garden_wild\QUAC_wK_nopopinfo_STR\50-50\mainparams -e C:\Users\eschumacher\Documents\GitHub\GCC_QUAC_ZAIN\Data_Files\Structure_Files\QUAC\QUAC_wK_nopopinfo_garden_wild\QUAC_wK_nopopinfo_STR\50-50\extraparams 
Input File:    C:\Users\eschumacher\Documents\GitHub\GCC_QUAC_ZAIN\Data_Files\Structure_Files\QUAC\QUAC_wK_nopopinfo_garden_wild\QUAC_wK_nopopinfo_STR\project_data

Run parameters:
   449 individuals
   15 loci
   8 populations assumed
   50000 Burn-in period
   50000 Reps


--------------------------------------------
Overall proportion of membership of the
sample in each of the 8 clusters

Inferred Clusters
  1      2      3      4      5      6      7      8    
0.072  0.213  0.145  0.127  0.140  0.154  0.076  0.072  

--------------------------------------------

Allele-freq. divergence among pops (Net nucleotide distance),
computed using point estimates of P.

      1       2       3       4       5       6       7       8      
 1      -    0.0953  0.1618  0.1519  0.0971  0.0903  0.2200  0.1271  
 2   0.0953     -    0.1092  0.0952  0.0515  0.0498  0.1452  0.0810  
 3   0.1618  0.1092     -    0.1373  0.1227  0.1120  0.1885  0.0846  
 4   0.1519  0.0952  0.1373     -    0.0902  0.0965  0.0817  0.1028  
 5   0.0971  0.0515  0.1227  0.0902     -    0.0474  0.1541  0.0693  
 6   0.0903  0.0498  0.1120  0.0965  0.0474     -    0.1477  0.0610  
 7   0.2200  0.1452  0.1885  0.0817  0.1541  0.1477     -    0.1318  
 8   0.1271  0.0810  0.0846  0.1028  0.0693  0.0610  0.1318     -    

Average distances (expected heterozygosity) between individuals in same cluster:
cluster  1  : 0.4687 
cluster  2  : 0.5649 
cluster  3  : 0.4066 
cluster  4  : 0.5093 
cluster  5  : 0.5683 
cluster  6  : 0.6599 
cluster  7  : 0.3952 
cluster  8  : 0.5441 

--------------------------------------------
Estimated Ln Prob of Data   = -16197.0
Mean value of ln likelihood = -15476.3
Variance of ln likelihood   = 1441.3
Mean value of alpha         = 0.0344

Mean value of Fst_1         = 0.3997
Mean value of Fst_2         = 0.1586
Mean value of Fst_3         = 0.4772
Mean value of Fst_4         = 0.2401
Mean value of Fst_5         = 0.1251
Mean value of Fst_6         = 0.0443
Mean value of Fst_7         = 0.5431
Mean value of Fst_8         = 0.2155


Inferred ancestry of individuals:
        Label (%Miss) :  Inferred clusters
  1 QAc-G-0029    (0)   :  0.006 0.064 0.025 0.270 0.029 0.006 0.589 0.011 
  2 QAc-G-0030    (0)   :  0.002 0.002 0.002 0.004 0.002 0.002 0.983 0.002 
  3 QAc-G-0031    (0)   :  0.002 0.003 0.004 0.005 0.003 0.002 0.978 0.004 
  4 QAc-G-0061    (0)   :  0.004 0.005 0.004 0.839 0.005 0.003 0.138 0.003 
  5 QAc-G-0062    (0)   :  0.435 0.006 0.028 0.006 0.129 0.010 0.006 0.380 
  6 QAc-G-0063    (0)   :  0.012 0.144 0.541 0.006 0.049 0.022 0.005 0.221 
  7 QAc-G-0064    (0)   :  0.974 0.004 0.005 0.003 0.003 0.003 0.003 0.005 
  8 QAc-G-0065    (0)   :  0.978 0.003 0.002 0.003 0.002 0.003 0.007 0.002 
  9 QAc-G-0066    (0)   :  0.002 0.004 0.977 0.004 0.003 0.002 0.004 0.004 
 10 QAc-G-0067    (0)   :  0.970 0.003 0.003 0.008 0.004 0.003 0.006 0.003 
 11 QAc-G-0068    (0)   :  0.006 0.003 0.611 0.004 0.022 0.345 0.003 0.006 
 12 QAc-G-0070    (0)   :  0.010 0.014 0.562 0.007 0.305 0.007 0.004 0.090 
 13 QAc-G-0071   (13)   :  0.003 0.004 0.912 0.010 0.006 0.006 0.017 0.042 
 14 QAc-G-0072    (0)   :  0.003 0.004 0.975 0.004 0.004 0.003 0.004 0.004 
 15 QAc-G-0073    (0)   :  0.003 0.973 0.003 0.006 0.005 0.003 0.003 0.003 
 16 QAc-G-0074    (0)   :  0.005 0.764 0.112 0.004 0.026 0.014 0.004 0.071 
 17 QAc-G-0075    (0)   :  0.006 0.949 0.009 0.005 0.005 0.007 0.013 0.006 
 18 QAc-G-0076    (0)   :  0.007 0.948 0.011 0.008 0.009 0.006 0.007 0.004 
 19 QAc-G-0077    (0)   :  0.008 0.006 0.009 0.846 0.003 0.004 0.120 0.005 
 20 QAc-G-0078    (0)   :  0.002 0.002 0.003 0.003 0.002 0.002 0.983 0.002 
 21 QAc-G-0079    (0)   :  0.002 0.003 0.003 0.004 0.002 0.003 0.981 0.003 
 22 QAc-G-0080    (0)   :  0.023 0.091 0.007 0.809 0.004 0.029 0.003 0.034 
 23 QAc-G-0081    (0)   :  0.005 0.029 0.005 0.006 0.794 0.061 0.005 0.094 
 24 QAc-G-0082    (0)   :  0.003 0.089 0.003 0.009 0.101 0.691 0.003 0.101 
 25 QAc-G-0083    (0)   :  0.019 0.037 0.031 0.020 0.014 0.007 0.012 0.861 
 26 QAc-G-0001   (13)   :  0.002 0.003 0.004 0.006 0.003 0.003 0.977 0.003 
 27 QAc-G-0002    (0)   :  0.002 0.002 0.003 0.006 0.002 0.002 0.980 0.002 
 28 QAc-G-0285    (0)   :  0.005 0.005 0.064 0.006 0.009 0.009 0.006 0.896 
 29 QAc-G-0286    (0)   :  0.003 0.003 0.978 0.003 0.003 0.002 0.003 0.005 
 30 QAc-G-0287    (0)   :  0.003 0.003 0.981 0.003 0.003 0.002 0.003 0.003 
 31 QAc-G-0288    (6)   :  0.010 0.015 0.874 0.026 0.035 0.007 0.025 0.008 
 32 QAc-G-0289    (0)   :  0.004 0.003 0.978 0.004 0.003 0.003 0.003 0.003 
 33 QAc-G-0290    (0)   :  0.006 0.003 0.975 0.003 0.004 0.002 0.003 0.004 
 34 QAc-G-0291    (0)   :  0.003 0.005 0.914 0.017 0.003 0.003 0.037 0.019 
 35 QAc-G-0292    (0)   :  0.003 0.004 0.267 0.004 0.018 0.008 0.003 0.693 
 36 QAc-G-0293    (0)   :  0.002 0.003 0.523 0.004 0.002 0.003 0.016 0.447 
 37 QAc-G-0294    (0)   :  0.006 0.953 0.003 0.005 0.007 0.012 0.008 0.005 
 38 QAc-G-0295    (0)   :  0.005 0.945 0.013 0.010 0.004 0.005 0.008 0.010 
 39 QAc-G-0296    (0)   :  0.012 0.964 0.006 0.004 0.004 0.004 0.002 0.005 
 40 QAc-G-0297    (0)   :  0.006 0.343 0.003 0.005 0.008 0.590 0.003 0.043 
 41 QAc-G-0298    (6)   :  0.005 0.968 0.003 0.005 0.004 0.004 0.005 0.005 
 42 QAc-G-0299    (0)   :  0.004 0.965 0.008 0.005 0.003 0.007 0.004 0.004 
 43 QAc-G-0300    (0)   :  0.022 0.951 0.004 0.003 0.010 0.004 0.002 0.003 
 44 QAc-G-0301    (0)   :  0.059 0.904 0.010 0.005 0.004 0.005 0.006 0.007 
 45 QAc-G-0302    (0)   :  0.004 0.008 0.005 0.004 0.005 0.963 0.003 0.008 
 46 QAc-G-0303    (0)   :  0.007 0.006 0.004 0.006 0.022 0.940 0.003 0.012 
 47 QAc-G-0304    (0)   :  0.002 0.003 0.977 0.003 0.003 0.002 0.004 0.006 
 48 QAc-G-0305    (0)   :  0.004 0.005 0.524 0.036 0.043 0.101 0.036 0.252 
 49 QAc-G-0306    (0)   :  0.002 0.003 0.979 0.004 0.003 0.002 0.003 0.005 
 50 QAc-G-0307    (0)   :  0.005 0.008 0.005 0.840 0.045 0.016 0.050 0.031 
 51 QAc-G-0308    (0)   :  0.003 0.008 0.009 0.960 0.005 0.005 0.004 0.006 
 52 QAc-G-0309    (0)   :  0.003 0.004 0.003 0.005 0.004 0.004 0.972 0.005 
 53 QAc-G-0310    (0)   :  0.003 0.003 0.003 0.004 0.003 0.002 0.978 0.003 
 54 QAc-G-0311    (0)   :  0.002 0.002 0.003 0.980 0.002 0.002 0.006 0.002 
 55 QAc-G-0312    (0)   :  0.013 0.137 0.009 0.675 0.075 0.075 0.006 0.010 
 56 QAc-G-0313    (0)   :  0.013 0.029 0.011 0.012 0.594 0.031 0.123 0.187 
 57 QAc-G-0314    (0)   :  0.012 0.295 0.004 0.019 0.431 0.181 0.011 0.046 
 58 QAc-G-0315    (0)   :  0.010 0.027 0.022 0.010 0.108 0.711 0.007 0.106 
 59 QAc-G-0316    (0)   :  0.006 0.014 0.009 0.013 0.717 0.123 0.030 0.089 
 60 QAc-G-0032    (6)   :  0.080 0.010 0.007 0.006 0.007 0.876 0.010 0.004 
 61 QAc-G-0033    (0)   :  0.007 0.965 0.005 0.004 0.005 0.004 0.006 0.004 
 62 QAc-G-0034    (0)   :  0.007 0.923 0.004 0.024 0.011 0.008 0.019 0.004 
 63 QAc-G-0035    (0)   :  0.011 0.958 0.005 0.005 0.005 0.005 0.003 0.007 
 64 QAc-G-0036    (0)   :  0.005 0.935 0.015 0.005 0.014 0.006 0.005 0.015 
 65 QAc-G-0037    (0)   :  0.005 0.949 0.016 0.012 0.003 0.004 0.006 0.006 
 66 QAc-G-0038    (0)   :  0.003 0.979 0.003 0.002 0.004 0.004 0.002 0.003 
 67 QAc-G-0039    (0)   :  0.005 0.918 0.005 0.027 0.018 0.010 0.011 0.005 
 68 QAc-G-0040    (0)   :  0.003 0.845 0.062 0.006 0.064 0.006 0.005 0.010 
 69 QAc-G-0041    (0)   :  0.027 0.921 0.003 0.003 0.023 0.003 0.003 0.016 
 70 QAc-G-0042    (0)   :  0.007 0.967 0.007 0.003 0.004 0.005 0.002 0.004 
 71 QAc-G-0043    (0)   :  0.003 0.966 0.006 0.010 0.005 0.003 0.004 0.004 
 72 QAc-G-0044    (0)   :  0.019 0.944 0.008 0.003 0.007 0.009 0.004 0.005 
 73 QAc-G-0045    (0)   :  0.012 0.921 0.006 0.032 0.007 0.005 0.013 0.004 
 74 QAc-G-0046    (0)   :  0.004 0.897 0.002 0.019 0.017 0.005 0.050 0.006 
 75 QAc-G-0047    (0)   :  0.007 0.921 0.006 0.020 0.008 0.011 0.022 0.005 
 76 QAc-G-0048    (0)   :  0.006 0.969 0.003 0.003 0.008 0.004 0.002 0.005 
 77 QAc-G-0049    (0)   :  0.003 0.003 0.004 0.007 0.003 0.002 0.976 0.003 
 78 QAc-G-0050    (0)   :  0.006 0.005 0.050 0.160 0.055 0.651 0.013 0.060 
 79 QAc-G-0051    (0)   :  0.002 0.002 0.003 0.004 0.002 0.002 0.981 0.004 
 80 QAc-G-0052    (0)   :  0.009 0.006 0.004 0.961 0.006 0.004 0.008 0.003 
 81 QAc-G-0053    (0)   :  0.004 0.012 0.007 0.955 0.003 0.003 0.012 0.005 
 82 QAc-G-0054    (0)   :  0.004 0.026 0.004 0.610 0.177 0.159 0.003 0.017 
 83 QAc-G-0055    (0)   :  0.003 0.010 0.004 0.633 0.012 0.309 0.004 0.025 
 84 QAc-G-0056    (0)   :  0.009 0.013 0.018 0.187 0.330 0.372 0.005 0.066 
 85 QAc-G-0057    (0)   :  0.002 0.003 0.003 0.006 0.003 0.003 0.978 0.003 
 86 QAc-G-0058    (6)   :  0.003 0.003 0.003 0.004 0.003 0.003 0.980 0.003 
 87 QAc-G-0059    (0)   :  0.004 0.032 0.002 0.694 0.024 0.199 0.005 0.039 
 88 QAc-G-0060    (6)   :  0.008 0.006 0.011 0.946 0.006 0.005 0.011 0.008 
 89 QAc-G-0276    (0)   :  0.003 0.017 0.353 0.012 0.005 0.005 0.010 0.595 
 90 QAc-G-0279    (0)   :  0.003 0.003 0.974 0.005 0.003 0.003 0.006 0.004 
 91 QAc-G-0280    (6)   :  0.003 0.006 0.971 0.003 0.004 0.004 0.004 0.005 
 92 QAc-G-0281    (0)   :  0.003 0.004 0.005 0.974 0.003 0.003 0.006 0.003 
 93 QAc-G-0018    (0)   :  0.006 0.880 0.006 0.038 0.010 0.024 0.029 0.007 
 94 QAc-G-0019    (0)   :  0.078 0.879 0.014 0.005 0.006 0.004 0.003 0.010 
 95 QAc-G-0020    (0)   :  0.003 0.966 0.002 0.005 0.004 0.008 0.005 0.006 
 96 QAc-G-0021    (6)   :  0.012 0.960 0.003 0.007 0.003 0.003 0.009 0.003 
 97 QAc-G-0022    (6)   :  0.036 0.812 0.005 0.026 0.075 0.017 0.012 0.016 
 98 QAc-G-0023    (0)   :  0.002 0.003 0.003 0.348 0.003 0.003 0.634 0.005 
 99 QAc-G-0024    (0)   :  0.003 0.005 0.003 0.006 0.003 0.003 0.974 0.003 
100 QAc-G-0016    (0)   :  0.005 0.012 0.012 0.378 0.009 0.574 0.003 0.007 
101 QAc-G-0017    (0)   :  0.166 0.008 0.007 0.003 0.014 0.790 0.004 0.007 
102 QAc-G-0250    (0)   :  0.008 0.030 0.185 0.007 0.016 0.274 0.007 0.472 
103 QAc-G-0003    (6)   :  0.003 0.004 0.964 0.004 0.005 0.003 0.004 0.012 
104 QAc-G-0004    (0)   :  0.005 0.023 0.003 0.005 0.006 0.938 0.013 0.007 
105 QAc-G-0005    (0)   :  0.979 0.003 0.003 0.003 0.003 0.003 0.003 0.003 
106 QAc-G-0006    (6)   :  0.003 0.007 0.004 0.004 0.007 0.958 0.003 0.016 
107 QAc-G-0283    (0)   :  0.004 0.008 0.003 0.004 0.399 0.363 0.004 0.214 
108 QAc-G-0265    (0)   :  0.005 0.043 0.005 0.005 0.015 0.029 0.450 0.448 
109 QAc-G-0266    (0)   :  0.002 0.002 0.004 0.006 0.002 0.002 0.979 0.003 
110 QAc-G-0267    (0)   :  0.124 0.226 0.007 0.008 0.015 0.007 0.004 0.608 
111 QAc-G-0268   (20)   :  0.027 0.010 0.563 0.019 0.016 0.266 0.004 0.095 
112 QAc-G-0269    (0)   :  0.003 0.004 0.977 0.004 0.003 0.003 0.004 0.003 
113 QAc-G-0270    (6)   :  0.009 0.964 0.006 0.004 0.005 0.003 0.004 0.005 
114 QAc-G-0271    (0)   :  0.080 0.865 0.003 0.004 0.010 0.025 0.003 0.010 
115 QAc-G-0272    (6)   :  0.004 0.947 0.016 0.007 0.006 0.006 0.005 0.009 
116 QAc-G-0273    (0)   :  0.005 0.003 0.005 0.962 0.004 0.003 0.013 0.004 
117 QAc-G-0274    (0)   :  0.983 0.003 0.003 0.002 0.003 0.002 0.002 0.002 
118 QAc-G-0251    (6)   :  0.017 0.947 0.004 0.005 0.007 0.010 0.007 0.004 
119 QAc-G-0252    (0)   :  0.006 0.950 0.006 0.005 0.013 0.012 0.004 0.004 
120 QAc-G-0253    (0)   :  0.003 0.004 0.006 0.958 0.003 0.003 0.019 0.004 
121 QAc-G-0254    (0)   :  0.003 0.004 0.004 0.038 0.004 0.007 0.937 0.004 
122 QAc-G-0255    (0)   :  0.009 0.010 0.004 0.004 0.006 0.956 0.003 0.008 
123 QAc-G-0256    (0)   :  0.010 0.007 0.011 0.006 0.004 0.952 0.004 0.007 
124 QAc-G-0257    (0)   :  0.044 0.007 0.004 0.012 0.025 0.901 0.002 0.004 
125 QAc-G-0258    (0)   :  0.006 0.004 0.003 0.002 0.004 0.974 0.002 0.005 
126 QAc-G-0259    (0)   :  0.002 0.010 0.002 0.004 0.282 0.623 0.002 0.074 
127 QAc-G-0260    (0)   :  0.165 0.021 0.061 0.031 0.255 0.393 0.008 0.065 
128 QAc-G-0261    (0)   :  0.482 0.011 0.004 0.007 0.014 0.443 0.004 0.036 
129 QAc-G-0262    (0)   :  0.046 0.006 0.021 0.011 0.016 0.828 0.004 0.068 
130 QAc-G-0010    (0)   :  0.004 0.016 0.093 0.010 0.010 0.004 0.014 0.850 
131 QAc-G-0011    (0)   :  0.005 0.006 0.003 0.004 0.970 0.004 0.004 0.004 
132 QAc-G-0015    (0)   :  0.010 0.011 0.003 0.343 0.059 0.142 0.414 0.018 
133 QAc-G-0106    (0)   :  0.021 0.007 0.003 0.003 0.005 0.956 0.002 0.003 
134 QAc-G-0107    (0)   :  0.004 0.004 0.006 0.006 0.006 0.958 0.004 0.011 
135 QAc-G-0108    (0)   :  0.005 0.006 0.006 0.003 0.005 0.969 0.003 0.004 
136 QAc-G-0109    (0)   :  0.025 0.007 0.004 0.014 0.017 0.909 0.007 0.015 
137 QAc-G-0110    (0)   :  0.003 0.027 0.039 0.006 0.010 0.891 0.008 0.016 
138 QAc-G-0111    (0)   :  0.005 0.009 0.005 0.004 0.007 0.943 0.005 0.021 
139 QAc-G-0112    (0)   :  0.005 0.004 0.019 0.005 0.004 0.942 0.011 0.011 
140 QAc-G-0113    (0)   :  0.024 0.005 0.007 0.031 0.005 0.907 0.002 0.019 
141 QAc-G-0114    (0)   :  0.004 0.030 0.014 0.011 0.005 0.912 0.012 0.011 
142 QAc-G-0115    (0)   :  0.007 0.004 0.005 0.004 0.004 0.970 0.003 0.004 
143 QAc-G-0116    (0)   :  0.007 0.005 0.009 0.005 0.006 0.952 0.006 0.010 
144 QAc-G-0117    (0)   :  0.088 0.170 0.005 0.017 0.011 0.611 0.007 0.091 
145 QAc-G-0118    (0)   :  0.016 0.006 0.004 0.003 0.006 0.954 0.002 0.009 
146 QAc-G-0119    (0)   :  0.027 0.013 0.002 0.004 0.004 0.941 0.006 0.004 
147 QAc-G-0120    (0)   :  0.006 0.012 0.005 0.006 0.011 0.947 0.004 0.008 
148 QAc-G-0121    (0)   :  0.969 0.006 0.006 0.003 0.003 0.005 0.004 0.004 
149 QAc-G-0122    (0)   :  0.933 0.008 0.030 0.004 0.005 0.006 0.005 0.009 
150 QAc-G-0123    (0)   :  0.983 0.004 0.002 0.003 0.002 0.002 0.002 0.002 
151 QAc-G-0124    (6)   :  0.977 0.004 0.003 0.003 0.004 0.003 0.003 0.003 
152 QAc-G-0125    (0)   :  0.533 0.007 0.014 0.074 0.088 0.110 0.091 0.083 
153 QAc-G-0126    (0)   :  0.226 0.013 0.006 0.045 0.026 0.648 0.004 0.032 
154 QAc-G-0127    (0)   :  0.965 0.005 0.003 0.005 0.008 0.006 0.003 0.004 
155 QAc-G-0128    (0)   :  0.976 0.003 0.005 0.003 0.003 0.003 0.003 0.003 
156 QAc-G-0129    (0)   :  0.982 0.003 0.003 0.002 0.003 0.003 0.002 0.002 
157 QAc-G-0130    (0)   :  0.944 0.008 0.003 0.003 0.015 0.017 0.002 0.008 
158 QAc-G-0131    (0)   :  0.970 0.006 0.004 0.005 0.004 0.004 0.003 0.004 
159 QAc-G-0132    (0)   :  0.795 0.007 0.016 0.011 0.007 0.104 0.034 0.026 
160 QAc-G-0133    (0)   :  0.971 0.007 0.004 0.003 0.003 0.003 0.004 0.005 
161 QAc-G-0134    (0)   :  0.972 0.005 0.004 0.003 0.003 0.004 0.007 0.003 
162 QAc-G-0135    (0)   :  0.003 0.011 0.006 0.007 0.007 0.954 0.007 0.005 
163 QAc-G-0136    (0)   :  0.006 0.005 0.006 0.005 0.011 0.873 0.006 0.088 
164 QAc-G-0137    (0)   :  0.040 0.011 0.005 0.004 0.006 0.924 0.004 0.007 
165 QAc-G-0138    (0)   :  0.008 0.003 0.003 0.008 0.024 0.929 0.005 0.020 
166 QAc-G-0139    (0)   :  0.027 0.024 0.003 0.003 0.005 0.932 0.002 0.004 
167 QAc-G-0140    (6)   :  0.039 0.028 0.007 0.007 0.006 0.901 0.003 0.009 
168 QAc-G-0141    (0)   :  0.023 0.034 0.014 0.025 0.029 0.818 0.004 0.052 
169 QAc-G-0142    (0)   :  0.004 0.007 0.003 0.002 0.004 0.974 0.003 0.003 
170 QAc-G-0143    (0)   :  0.006 0.016 0.013 0.011 0.009 0.841 0.003 0.102 
171 QAc-G-0144    (6)   :  0.002 0.005 0.004 0.006 0.005 0.920 0.004 0.055 
172 QAc-G-0145    (0)   :  0.002 0.004 0.976 0.003 0.003 0.003 0.003 0.005 
173 QAc-G-0146    (0)   :  0.979 0.003 0.004 0.004 0.003 0.002 0.002 0.003 
174 QAc-G-0147    (0)   :  0.298 0.020 0.007 0.009 0.497 0.110 0.003 0.054 
175 QAc-G-0148    (0)   :  0.007 0.016 0.004 0.006 0.006 0.842 0.005 0.114 
176 QAc-G-0149    (0)   :  0.978 0.004 0.004 0.002 0.003 0.003 0.002 0.003 
177 QAc-G-0150    (0)   :  0.003 0.003 0.975 0.004 0.003 0.003 0.004 0.004 
178 QAc-G-0151    (0)   :  0.978 0.005 0.003 0.003 0.003 0.003 0.003 0.003 
179 QAc-G-0152    (0)   :  0.975 0.005 0.002 0.007 0.003 0.003 0.003 0.003 
180 QAc-G-0153    (0)   :  0.891 0.009 0.003 0.002 0.021 0.008 0.002 0.063 
181 QAc-G-0154    (0)   :  0.928 0.021 0.012 0.003 0.004 0.014 0.003 0.016 
182 QAc-G-0155    (0)   :  0.978 0.005 0.003 0.003 0.003 0.003 0.003 0.003 
183 QAc-G-0158    (0)   :  0.980 0.002 0.003 0.003 0.003 0.003 0.003 0.003 
184 QAc-G-0159    (0)   :  0.013 0.007 0.008 0.004 0.006 0.951 0.005 0.005 
185 QAc-G-0160    (0)   :  0.002 0.002 0.982 0.003 0.002 0.002 0.003 0.003 
186 QAc-G-0161    (0)   :  0.002 0.003 0.982 0.003 0.002 0.003 0.002 0.003 
187 QAc-G-0162    (0)   :  0.005 0.288 0.095 0.006 0.008 0.010 0.006 0.582 
188 QAc-G-0163    (0)   :  0.003 0.089 0.825 0.003 0.006 0.039 0.002 0.033 
189 QAc-G-0164    (0)   :  0.002 0.005 0.913 0.018 0.050 0.004 0.003 0.004 
190 QAc-G-0165    (0)   :  0.008 0.005 0.966 0.003 0.005 0.004 0.002 0.006 
191 QAc-G-0166    (0)   :  0.003 0.004 0.978 0.003 0.003 0.002 0.003 0.003 
192 QAc-G-0167    (0)   :  0.004 0.004 0.974 0.003 0.004 0.003 0.004 0.004 
193 QAc-G-0168    (0)   :  0.002 0.003 0.981 0.003 0.002 0.002 0.003 0.003 
194 QAc-G-0169    (6)   :  0.005 0.010 0.340 0.005 0.029 0.405 0.005 0.202 
195 QAc-G-0170    (0)   :  0.005 0.004 0.971 0.003 0.004 0.003 0.003 0.006 
196 QAc-G-0171    (0)   :  0.003 0.003 0.976 0.003 0.003 0.002 0.004 0.005 
197 QAc-G-0172    (0)   :  0.008 0.008 0.013 0.006 0.011 0.928 0.007 0.020 
198 QAc-G-0173    (0)   :  0.002 0.003 0.497 0.004 0.003 0.003 0.013 0.474 
199 QAc-G-0174    (0)   :  0.003 0.006 0.065 0.005 0.005 0.007 0.006 0.904 
200 QAc-G-0175    (0)   :  0.002 0.003 0.977 0.004 0.003 0.002 0.003 0.005 
201 QAc-G-0176    (0)   :  0.004 0.159 0.803 0.013 0.005 0.006 0.003 0.007 
202 QAc-G-0177    (0)   :  0.003 0.003 0.975 0.004 0.003 0.003 0.003 0.006 
203 QAc-G-0178    (0)   :  0.017 0.004 0.724 0.018 0.211 0.004 0.007 0.015 
204 QAc-G-0179    (6)   :  0.003 0.003 0.978 0.003 0.002 0.003 0.003 0.006 
205 QAc-G-0180    (0)   :  0.002 0.003 0.981 0.003 0.003 0.002 0.003 0.003 
206 QAc-G-0181    (0)   :  0.003 0.009 0.971 0.002 0.006 0.004 0.002 0.004 
207 QAc-G-0182    (0)   :  0.006 0.006 0.455 0.003 0.006 0.008 0.003 0.513 
208 QAc-G-0183    (6)   :  0.004 0.003 0.949 0.009 0.007 0.008 0.004 0.015 
209 QAc-G-0184    (0)   :  0.003 0.003 0.978 0.003 0.003 0.003 0.003 0.004 
210 QAc-G-0185    (0)   :  0.033 0.009 0.765 0.008 0.101 0.010 0.005 0.070 
211 QAc-G-0186    (0)   :  0.002 0.009 0.971 0.002 0.005 0.003 0.002 0.004 
212 QAc-G-0187    (0)   :  0.006 0.018 0.817 0.026 0.089 0.007 0.032 0.006 
213 QAc-G-0188    (0)   :  0.005 0.029 0.253 0.004 0.009 0.680 0.002 0.018 
214 QAc-G-0189    (0)   :  0.002 0.003 0.930 0.011 0.006 0.004 0.010 0.033 
215 QAc-G-0190    (0)   :  0.004 0.003 0.975 0.003 0.004 0.003 0.004 0.004 
216 QAc-G-0191    (0)   :  0.004 0.004 0.973 0.004 0.003 0.003 0.004 0.004 
217 QAc-G-0192    (0)   :  0.003 0.002 0.981 0.003 0.003 0.002 0.004 0.003 
218 QAc-G-0193    (0)   :  0.004 0.004 0.975 0.004 0.004 0.003 0.003 0.003 
219 QAc-G-0194    (0)   :  0.003 0.005 0.971 0.006 0.004 0.003 0.003 0.005 
220 QAc-G-0195    (0)   :  0.003 0.007 0.105 0.012 0.004 0.004 0.038 0.827 
221 QAc-G-0196    (0)   :  0.002 0.004 0.671 0.004 0.004 0.003 0.009 0.303 
222 QAc-G-0197    (0)   :  0.003 0.003 0.981 0.003 0.002 0.002 0.003 0.003 
223 QAc-G-0198    (0)   :  0.003 0.005 0.975 0.003 0.003 0.003 0.003 0.005 
224 QAc-G-0199    (0)   :  0.015 0.016 0.689 0.014 0.107 0.007 0.002 0.149 
225 QAc-G-0200    (0)   :  0.002 0.006 0.971 0.004 0.005 0.003 0.003 0.006 
226 QAc-G-0201    (0)   :  0.002 0.004 0.490 0.004 0.004 0.003 0.004 0.490 
227 QAc-G-0202    (6)   :  0.003 0.004 0.551 0.010 0.003 0.005 0.011 0.413 
228 QAc-G-0203    (0)   :  0.003 0.004 0.960 0.013 0.002 0.007 0.006 0.004 
229 QAc-G-0204    (0)   :  0.003 0.005 0.971 0.004 0.003 0.003 0.005 0.006 
230 QAc-G-0205    (0)   :  0.002 0.002 0.003 0.004 0.002 0.002 0.982 0.002 
231 QAc-G-0206    (0)   :  0.004 0.034 0.003 0.059 0.010 0.287 0.578 0.026 
232 QAc-G-0207    (0)   :  0.004 0.005 0.006 0.963 0.005 0.004 0.008 0.004 
233 QAc-G-0208    (0)   :  0.003 0.003 0.003 0.005 0.003 0.002 0.977 0.003 
234 QAc-G-0209    (0)   :  0.002 0.003 0.004 0.007 0.003 0.002 0.975 0.004 
235 QAc-G-0210    (0)   :  0.003 0.003 0.003 0.818 0.004 0.003 0.164 0.003 
236 QAc-G-0211    (0)   :  0.003 0.002 0.002 0.977 0.003 0.003 0.007 0.003 
237 QAc-G-0212    (0)   :  0.003 0.004 0.005 0.711 0.004 0.002 0.267 0.004 
238 QAc-G-0213    (0)   :  0.003 0.006 0.005 0.958 0.004 0.003 0.019 0.003 
239 QAc-G-0214    (0)   :  0.002 0.003 0.003 0.005 0.002 0.002 0.981 0.003 
240 QAc-G-0215    (0)   :  0.003 0.003 0.003 0.969 0.004 0.003 0.012 0.003 
241 QAc-G-0216    (0)   :  0.005 0.014 0.016 0.054 0.006 0.348 0.126 0.431 
242 QAc-G-0217    (0)   :  0.014 0.005 0.003 0.937 0.005 0.005 0.024 0.007 
243 QAc-G-0218    (0)   :  0.004 0.005 0.004 0.970 0.005 0.003 0.006 0.003 
244 QAc-G-0219    (0)   :  0.008 0.010 0.006 0.951 0.005 0.011 0.004 0.005 
245 QAc-G-0220    (0)   :  0.004 0.004 0.003 0.966 0.004 0.007 0.008 0.004 
246 QAc-G-0221    (0)   :  0.007 0.008 0.005 0.930 0.020 0.005 0.014 0.012 
247 QAc-G-0222    (0)   :  0.002 0.003 0.004 0.007 0.003 0.003 0.976 0.002 
248 QAc-G-0223    (0)   :  0.004 0.005 0.003 0.952 0.005 0.004 0.025 0.003 
249 QAc-G-0224    (0)   :  0.003 0.002 0.006 0.969 0.004 0.003 0.009 0.004 
250 QAc-G-0226    (0)   :  0.003 0.003 0.003 0.006 0.003 0.003 0.977 0.003 
251 QAc-G-0227    (0)   :  0.015 0.957 0.006 0.004 0.004 0.004 0.004 0.005 
252 QAc-G-0228    (6)   :  0.003 0.965 0.004 0.007 0.005 0.005 0.005 0.005 
253 QAc-G-0229    (0)   :  0.005 0.936 0.006 0.005 0.014 0.014 0.009 0.010 
254 QAc-G-0230    (0)   :  0.003 0.931 0.006 0.008 0.006 0.009 0.031 0.006 
255 QAc-G-0231    (0)   :  0.003 0.003 0.007 0.964 0.003 0.003 0.014 0.003 
256 QAc-G-0232    (0)   :  0.011 0.962 0.003 0.004 0.010 0.005 0.002 0.003 
257 QAc-G-0233    (0)   :  0.006 0.638 0.005 0.038 0.284 0.009 0.009 0.010 
258 QAc-G-0234    (0)   :  0.004 0.933 0.015 0.004 0.012 0.005 0.008 0.020 
259 QAc-G-0235    (0)   :  0.003 0.006 0.004 0.004 0.007 0.947 0.007 0.022 
260 QAc-G-0236    (0)   :  0.010 0.962 0.005 0.004 0.004 0.005 0.005 0.006 
261 QAc-G-0237    (0)   :  0.016 0.917 0.015 0.017 0.012 0.008 0.010 0.005 
262 QAc-G-0238    (0)   :  0.004 0.966 0.005 0.009 0.004 0.004 0.004 0.005 
263 QAc-G-0239    (0)   :  0.003 0.967 0.004 0.006 0.006 0.006 0.003 0.004 
264 QAc-G-0240    (0)   :  0.006 0.970 0.003 0.003 0.006 0.006 0.003 0.003 
265 QAc-G-0241    (0)   :  0.006 0.888 0.007 0.009 0.022 0.027 0.007 0.033 
266 QAc-G-0242    (0)   :  0.010 0.952 0.004 0.011 0.010 0.005 0.005 0.004 
267 QAc-G-0243    (0)   :  0.061 0.729 0.003 0.031 0.139 0.019 0.006 0.012 
268 QAc-G-0244    (0)   :  0.004 0.947 0.005 0.006 0.005 0.017 0.007 0.008 
269 QAc-G-0245    (0)   :  0.015 0.957 0.006 0.003 0.005 0.005 0.003 0.006 
270 QAc-G-0246    (0)   :  0.006 0.960 0.008 0.006 0.007 0.005 0.004 0.004 
271 QAc-G-0247    (0)   :  0.004 0.972 0.002 0.006 0.006 0.004 0.003 0.004 
272 QAc-G-0248    (0)   :  0.004 0.977 0.003 0.003 0.003 0.005 0.003 0.003 
273 QAc-G-0249    (0)   :  0.002 0.008 0.011 0.005 0.948 0.008 0.010 0.008 
274 QAc-G-0025    (0)   :  0.002 0.003 0.003 0.005 0.002 0.002 0.980 0.003 
275 QAc-G-0028    (0)   :  0.004 0.872 0.006 0.027 0.064 0.004 0.018 0.006 
276 QAc-G-0275    (0)   :  0.002 0.005 0.013 0.957 0.003 0.004 0.009 0.006 
277 QAc-G-0263    (0)   :  0.005 0.005 0.020 0.028 0.310 0.044 0.007 0.582 
278 QAc-W-0001    (0)   :  0.032 0.934 0.003 0.004 0.005 0.013 0.005 0.004 
279 QAc-W-0002    (0)   :  0.003 0.918 0.022 0.004 0.013 0.027 0.003 0.009 
280 QAc-W-0003    (0)   :  0.009 0.826 0.007 0.079 0.006 0.024 0.009 0.041 
281 QAc-W-0004    (0)   :  0.005 0.960 0.006 0.007 0.006 0.003 0.010 0.004 
282 QAc-W-0005    (0)   :  0.014 0.938 0.008 0.004 0.012 0.006 0.005 0.014 
283 QAc-W-0006    (0)   :  0.006 0.958 0.005 0.006 0.008 0.007 0.005 0.004 
284 QAc-W-0007   (13)   :  0.005 0.967 0.003 0.005 0.008 0.003 0.004 0.004 
285 QAc-W-0008    (6)   :  0.004 0.934 0.005 0.003 0.037 0.010 0.002 0.006 
286 QAc-W-0009    (0)   :  0.007 0.875 0.012 0.008 0.029 0.060 0.003 0.005 
287 QAc-W-0010    (0)   :  0.018 0.801 0.006 0.005 0.087 0.016 0.005 0.061 
288 QAc-W-0011    (0)   :  0.019 0.883 0.050 0.007 0.005 0.015 0.005 0.016 
289 QAc-W-0012    (0)   :  0.006 0.954 0.012 0.004 0.006 0.007 0.005 0.005 
290 QAc-W-0013    (0)   :  0.004 0.826 0.008 0.091 0.005 0.025 0.035 0.005 
291 QAc-W-0014    (0)   :  0.005 0.947 0.003 0.004 0.024 0.004 0.005 0.008 
292 QAc-W-0015    (0)   :  0.004 0.735 0.019 0.036 0.033 0.022 0.015 0.137 
293 QAc-W-0016    (0)   :  0.003 0.733 0.009 0.008 0.141 0.045 0.018 0.043 
294 QAc-W-0017    (0)   :  0.016 0.318 0.015 0.088 0.193 0.133 0.006 0.230 
295 QAc-W-0018    (0)   :  0.009 0.857 0.003 0.030 0.022 0.053 0.015 0.010 
296 QAc-W-0019    (0)   :  0.005 0.952 0.007 0.005 0.011 0.006 0.007 0.006 
297 QAc-W-0020    (0)   :  0.040 0.922 0.004 0.003 0.005 0.011 0.003 0.011 
298 QAc-W-0021    (0)   :  0.019 0.487 0.012 0.029 0.101 0.113 0.223 0.015 
299 QAc-W-0022    (0)   :  0.008 0.523 0.008 0.015 0.223 0.050 0.022 0.151 
300 QAc-W-0023    (6)   :  0.093 0.582 0.003 0.011 0.098 0.170 0.033 0.012 
301 QAc-W-0024    (0)   :  0.008 0.660 0.055 0.085 0.032 0.030 0.104 0.026 
302 QAc-W-0025    (0)   :  0.004 0.972 0.004 0.004 0.005 0.004 0.003 0.003 
303 QAc-W-0026    (0)   :  0.087 0.705 0.046 0.033 0.063 0.018 0.017 0.031 
304 QAc-W-0027    (0)   :  0.004 0.958 0.007 0.005 0.010 0.010 0.003 0.004 
305 QAc-W-0028    (0)   :  0.004 0.967 0.006 0.003 0.005 0.007 0.003 0.005 
306 QAc-W-0029    (0)   :  0.009 0.959 0.003 0.006 0.004 0.010 0.005 0.004 
307 QAc-W-0030    (0)   :  0.007 0.960 0.009 0.004 0.004 0.005 0.004 0.007 
308 QAc-W-0031    (0)   :  0.003 0.902 0.005 0.028 0.006 0.007 0.047 0.003 
309 QAc-W-0032    (0)   :  0.009 0.965 0.002 0.004 0.009 0.003 0.004 0.003 
310 QAc-W-0033    (0)   :  0.021 0.887 0.005 0.014 0.043 0.009 0.005 0.017 
311 QAc-W-0034    (0)   :  0.005 0.956 0.003 0.004 0.008 0.015 0.005 0.003 
312 QAc-W-0035    (0)   :  0.005 0.859 0.025 0.014 0.044 0.011 0.017 0.024 
313 QAc-W-0036    (0)   :  0.038 0.933 0.004 0.004 0.007 0.007 0.003 0.005 
314 QAc-W-0037    (0)   :  0.011 0.932 0.020 0.009 0.008 0.005 0.010 0.004 
315 QAc-W-0038    (0)   :  0.013 0.921 0.013 0.006 0.007 0.013 0.004 0.023 
316 QAc-W-0039    (0)   :  0.026 0.913 0.019 0.014 0.008 0.008 0.004 0.007 
317 QAc-W-0040    (0)   :  0.025 0.712 0.009 0.016 0.214 0.008 0.004 0.012 
318 QAc-W-0041    (0)   :  0.005 0.817 0.014 0.101 0.015 0.035 0.009 0.005 
319 QAc-W-0042    (0)   :  0.382 0.030 0.034 0.069 0.013 0.450 0.003 0.018 
320 QAc-W-0043    (0)   :  0.014 0.037 0.052 0.020 0.006 0.855 0.003 0.012 
321 QAc-W-0044    (0)   :  0.332 0.205 0.026 0.007 0.089 0.295 0.004 0.041 
322 QAc-W-0045    (0)   :  0.021 0.010 0.011 0.008 0.007 0.934 0.004 0.005 
323 QAc-W-0046    (0)   :  0.017 0.027 0.027 0.032 0.007 0.880 0.005 0.005 
324 QAc-W-0047    (0)   :  0.031 0.034 0.011 0.003 0.022 0.861 0.004 0.033 
325 QAc-W-0048    (0)   :  0.074 0.011 0.004 0.005 0.005 0.885 0.012 0.005 
326 QAc-W-0049    (0)   :  0.090 0.007 0.005 0.005 0.005 0.872 0.012 0.004 
327 QAc-W-0050    (0)   :  0.005 0.005 0.006 0.008 0.011 0.932 0.022 0.010 
328 QAc-W-0051    (0)   :  0.030 0.017 0.008 0.012 0.006 0.790 0.008 0.129 
329 QAc-W-0052    (0)   :  0.977 0.005 0.004 0.002 0.004 0.003 0.003 0.003 
330 QAc-W-0053    (0)   :  0.012 0.011 0.004 0.003 0.009 0.954 0.003 0.004 
331 QAc-W-0054    (0)   :  0.084 0.019 0.109 0.008 0.203 0.333 0.005 0.238 
332 QAc-W-0055    (0)   :  0.008 0.007 0.363 0.021 0.037 0.255 0.069 0.238 
333 QAc-W-0056    (0)   :  0.008 0.077 0.009 0.034 0.023 0.711 0.027 0.111 
334 QAc-W-0057    (0)   :  0.008 0.013 0.005 0.024 0.013 0.610 0.073 0.254 
335 QAc-W-0058    (0)   :  0.007 0.004 0.009 0.022 0.004 0.713 0.195 0.045 
336 QAc-W-0059    (0)   :  0.006 0.004 0.004 0.003 0.004 0.972 0.003 0.005 
337 QAc-W-0060    (0)   :  0.048 0.027 0.064 0.004 0.013 0.011 0.003 0.831 
338 QAc-W-0061    (0)   :  0.004 0.019 0.111 0.011 0.045 0.045 0.017 0.748 
339 QAc-W-0062    (0)   :  0.016 0.004 0.041 0.012 0.020 0.004 0.004 0.900 
340 QAc-W-0063    (0)   :  0.019 0.011 0.026 0.013 0.024 0.005 0.007 0.896 
341 QAc-W-0064    (0)   :  0.004 0.011 0.041 0.009 0.011 0.005 0.005 0.913 
342 QAc-W-0065    (0)   :  0.006 0.016 0.018 0.006 0.044 0.027 0.009 0.874 
343 QAc-W-0066    (0)   :  0.002 0.003 0.979 0.004 0.003 0.002 0.004 0.004 
344 QAc-W-0067    (0)   :  0.003 0.002 0.980 0.003 0.003 0.002 0.003 0.003 
345 QAc-W-0068    (0)   :  0.002 0.003 0.979 0.003 0.002 0.002 0.003 0.006 
346 QAc-W-0069    (0)   :  0.003 0.004 0.976 0.004 0.003 0.002 0.004 0.005 
347 QAc-W-0070    (0)   :  0.003 0.003 0.613 0.003 0.003 0.003 0.003 0.369 
348 QAc-W-0071    (6)   :  0.004 0.005 0.273 0.005 0.006 0.005 0.012 0.690 
349 QAc-W-0072    (0)   :  0.004 0.011 0.006 0.010 0.130 0.005 0.005 0.828 
350 QAc-W-0073    (0)   :  0.009 0.010 0.018 0.005 0.008 0.038 0.007 0.906 
351 QAc-W-0074    (0)   :  0.004 0.004 0.041 0.004 0.012 0.003 0.005 0.927 
352 QAc-W-0075    (0)   :  0.003 0.003 0.077 0.004 0.005 0.003 0.007 0.897 
353 QAc-W-0076    (0)   :  0.003 0.004 0.037 0.004 0.033 0.004 0.011 0.904 
354 QAc-W-0077    (0)   :  0.004 0.007 0.168 0.006 0.008 0.013 0.002 0.792 
355 QAc-W-0078    (0)   :  0.015 0.069 0.094 0.424 0.201 0.015 0.165 0.019 
356 QAc-W-0079    (6)   :  0.006 0.011 0.022 0.004 0.009 0.006 0.933 0.008 
357 QAc-W-0080   (13)   :  0.002 0.030 0.003 0.005 0.005 0.009 0.942 0.003 
358 QAc-W-0081    (0)   :  0.006 0.005 0.004 0.955 0.003 0.003 0.020 0.005 
359 QAc-W-0082    (0)   :  0.002 0.005 0.003 0.560 0.004 0.409 0.005 0.011 
360 QAc-W-0083    (0)   :  0.012 0.014 0.013 0.897 0.016 0.007 0.013 0.028 
361 QAc-W-0084    (0)   :  0.005 0.004 0.004 0.971 0.003 0.002 0.007 0.003 
362 QAc-W-0085    (0)   :  0.003 0.003 0.004 0.978 0.003 0.002 0.004 0.003 
363 QAc-W-0086    (0)   :  0.003 0.004 0.005 0.968 0.006 0.003 0.006 0.003 
364 QAc-W-0087    (0)   :  0.003 0.005 0.005 0.952 0.008 0.008 0.016 0.003 
365 QAc-W-0088    (0)   :  0.003 0.004 0.004 0.936 0.006 0.023 0.018 0.005 
366 QAc-W-0089    (0)   :  0.003 0.008 0.009 0.846 0.003 0.004 0.121 0.006 
367 QAc-W-0090    (0)   :  0.003 0.006 0.009 0.935 0.004 0.004 0.036 0.004 
368 QAc-W-0091    (0)   :  0.008 0.005 0.004 0.901 0.013 0.007 0.056 0.007 
369 QAc-W-0092    (0)   :  0.211 0.039 0.007 0.717 0.007 0.007 0.008 0.004 
370 QAc-W-0093    (0)   :  0.006 0.073 0.002 0.737 0.038 0.053 0.072 0.018 
371 QAc-W-0094    (0)   :  0.098 0.029 0.003 0.829 0.009 0.010 0.005 0.016 
372 QAc-W-0095    (0)   :  0.026 0.015 0.003 0.833 0.005 0.006 0.100 0.013 
373 QAc-W-0096    (0)   :  0.065 0.020 0.008 0.830 0.017 0.013 0.008 0.039 
374 QAc-W-0097    (0)   :  0.007 0.096 0.008 0.726 0.006 0.106 0.036 0.015 
375 QAc-W-0098    (0)   :  0.005 0.007 0.003 0.735 0.005 0.010 0.231 0.004 
376 QAc-W-0099    (0)   :  0.008 0.018 0.004 0.904 0.040 0.015 0.004 0.007 
377 QAc-W-0100    (0)   :  0.003 0.005 0.004 0.960 0.005 0.004 0.016 0.004 
378 QAc-W-0101    (0)   :  0.003 0.004 0.020 0.941 0.006 0.004 0.014 0.009 
379 QAc-W-0104    (0)   :  0.003 0.007 0.003 0.912 0.021 0.014 0.034 0.006 
380 QAc-W-0105    (0)   :  0.006 0.005 0.005 0.963 0.003 0.003 0.010 0.004 
381 QAc-W-0106    (0)   :  0.014 0.008 0.004 0.956 0.006 0.004 0.005 0.003 
382 QAc-W-0107    (0)   :  0.003 0.003 0.004 0.005 0.003 0.003 0.973 0.006 
383 QAc-W-0108    (0)   :  0.002 0.003 0.003 0.003 0.003 0.002 0.980 0.003 
384 QAc-W-0109    (0)   :  0.006 0.011 0.023 0.825 0.005 0.016 0.106 0.007 
385 QAc-W-0110   (13)   :  0.004 0.493 0.007 0.452 0.023 0.007 0.007 0.006 
386 QAc-W-0111    (6)   :  0.007 0.014 0.008 0.404 0.005 0.011 0.547 0.004 
387 QAc-W-0112   (13)   :  0.007 0.010 0.003 0.928 0.012 0.009 0.027 0.005 
388 QAc-W-0113   (13)   :  0.004 0.010 0.003 0.006 0.962 0.005 0.004 0.005 
389 QAc-W-0114   (13)   :  0.009 0.005 0.004 0.007 0.935 0.014 0.021 0.004 
390 QAc-W-0115    (0)   :  0.004 0.009 0.005 0.007 0.962 0.003 0.004 0.006 
391 QAc-W-0116    (0)   :  0.015 0.016 0.002 0.004 0.939 0.014 0.005 0.004 
392 QAc-W-0117    (0)   :  0.003 0.007 0.004 0.003 0.970 0.006 0.002 0.004 
393 QAc-W-0118    (0)   :  0.004 0.006 0.015 0.011 0.922 0.006 0.013 0.024 
394 QAc-W-0119    (0)   :  0.007 0.007 0.008 0.003 0.961 0.006 0.004 0.004 
395 QAc-W-0120    (0)   :  0.003 0.009 0.010 0.009 0.944 0.009 0.004 0.011 
396 QAc-W-0121    (0)   :  0.002 0.006 0.035 0.003 0.930 0.010 0.004 0.009 
397 QAc-W-0122    (0)   :  0.004 0.010 0.003 0.004 0.930 0.027 0.006 0.014 
398 QAc-W-0123    (6)   :  0.010 0.008 0.010 0.017 0.915 0.016 0.011 0.012 
399 QAc-W-0124    (0)   :  0.011 0.060 0.014 0.096 0.627 0.004 0.008 0.179 
400 QAc-W-0125    (0)   :  0.011 0.005 0.006 0.012 0.945 0.006 0.009 0.006 
401 QAc-W-0126   (13)   :  0.012 0.008 0.006 0.025 0.919 0.012 0.008 0.010 
402 QAc-W-0127    (6)   :  0.005 0.005 0.004 0.003 0.968 0.005 0.003 0.006 
403 QAc-W-0128   (13)   :  0.003 0.011 0.011 0.030 0.908 0.009 0.020 0.006 
404 QAc-W-0129   (13)   :  0.004 0.050 0.006 0.005 0.897 0.020 0.005 0.012 
405 QAc-W-0130   (13)   :  0.003 0.017 0.006 0.008 0.949 0.007 0.006 0.004 
406 QAc-W-0131    (0)   :  0.034 0.005 0.004 0.005 0.923 0.009 0.008 0.012 
407 QAc-W-0132    (6)   :  0.018 0.025 0.048 0.018 0.856 0.005 0.009 0.021 
408 QAc-W-0133    (6)   :  0.006 0.006 0.173 0.077 0.674 0.009 0.008 0.046 
409 QAc-W-0134    (0)   :  0.005 0.004 0.004 0.004 0.968 0.005 0.004 0.006 
410 QAc-W-0135    (0)   :  0.003 0.055 0.010 0.005 0.899 0.008 0.007 0.014 
411 QAc-W-0136    (0)   :  0.010 0.005 0.003 0.004 0.968 0.004 0.002 0.004 
412 QAc-W-0137    (0)   :  0.005 0.004 0.003 0.003 0.975 0.003 0.002 0.005 
413 QAc-W-0138    (0)   :  0.005 0.006 0.004 0.003 0.974 0.003 0.002 0.004 
414 QAc-W-0139    (0)   :  0.009 0.033 0.008 0.020 0.685 0.006 0.038 0.202 
415 QAc-W-0140    (0)   :  0.003 0.037 0.004 0.006 0.892 0.047 0.005 0.006 
416 QAc-W-0141    (6)   :  0.004 0.046 0.017 0.005 0.896 0.015 0.006 0.012 
417 QAc-W-0142    (0)   :  0.003 0.004 0.006 0.003 0.969 0.004 0.004 0.007 
418 QAc-W-0143    (0)   :  0.004 0.006 0.003 0.013 0.960 0.006 0.003 0.005 
419 QAc-W-0144    (0)   :  0.008 0.008 0.003 0.007 0.896 0.068 0.004 0.006 
420 QAc-W-0145    (0)   :  0.004 0.004 0.003 0.003 0.971 0.006 0.002 0.007 
421 QAc-W-0146    (0)   :  0.005 0.016 0.004 0.006 0.958 0.004 0.005 0.003 
422 QAc-W-0147    (0)   :  0.003 0.004 0.003 0.004 0.971 0.003 0.004 0.008 
423 QAc-W-0148    (0)   :  0.006 0.008 0.003 0.003 0.967 0.003 0.003 0.006 
424 QAc-W-0149    (0)   :  0.012 0.008 0.003 0.017 0.931 0.020 0.004 0.006 
425 QAc-W-0150    (0)   :  0.011 0.052 0.007 0.013 0.886 0.006 0.019 0.005 
426 QAc-W-0151    (0)   :  0.006 0.012 0.005 0.005 0.955 0.006 0.007 0.005 
427 QAc-W-0152    (0)   :  0.003 0.005 0.005 0.005 0.964 0.005 0.003 0.010 
428 QAc-W-0153    (0)   :  0.006 0.142 0.006 0.017 0.086 0.514 0.071 0.157 
429 QAc-W-0154    (0)   :  0.003 0.026 0.003 0.005 0.945 0.009 0.003 0.006 
430 QAc-W-0155    (0)   :  0.003 0.005 0.003 0.003 0.974 0.004 0.003 0.005 
431 QAc-W-0156    (0)   :  0.012 0.042 0.003 0.037 0.831 0.005 0.067 0.004 
432 QAc-W-0157    (0)   :  0.029 0.011 0.010 0.004 0.886 0.038 0.003 0.019 
433 QAc-W-0158    (0)   :  0.004 0.033 0.022 0.034 0.881 0.004 0.014 0.008 
434 QAc-W-0159    (0)   :  0.007 0.007 0.007 0.005 0.960 0.005 0.005 0.004 
435 QAc-W-0160    (0)   :  0.005 0.020 0.003 0.005 0.952 0.004 0.004 0.006 
436 QAc-W-0161    (0)   :  0.083 0.038 0.004 0.004 0.857 0.008 0.004 0.003 
437 QAc-W-0162    (0)   :  0.017 0.003 0.008 0.004 0.794 0.014 0.002 0.157 
438 QAc-W-0163    (0)   :  0.006 0.007 0.004 0.003 0.947 0.024 0.004 0.006 
439 QAc-W-0164    (0)   :  0.006 0.005 0.005 0.004 0.959 0.005 0.004 0.013 
440 QAc-W-0165    (0)   :  0.009 0.005 0.026 0.003 0.936 0.007 0.002 0.011 
441 QAc-W-0166    (0)   :  0.007 0.021 0.004 0.004 0.949 0.006 0.003 0.005 
442 QAc-W-0167    (0)   :  0.007 0.006 0.004 0.029 0.014 0.828 0.007 0.105 
443 QAc-W-0168    (0)   :  0.033 0.037 0.148 0.007 0.509 0.145 0.047 0.074 
444 QAc-W-0169    (0)   :  0.004 0.167 0.009 0.003 0.015 0.721 0.003 0.077 
445 QAc-W-0170    (0)   :  0.003 0.021 0.004 0.007 0.020 0.853 0.006 0.085 
446 QAc-W-0171    (0)   :  0.010 0.008 0.004 0.016 0.013 0.839 0.006 0.103 
447 QAc-W-0172    (0)   :  0.016 0.057 0.002 0.011 0.089 0.729 0.008 0.088 
448 QAc-W-0173    (0)   :  0.019 0.171 0.003 0.008 0.162 0.522 0.008 0.108 
449 QAc-W-0174    (0)   :  0.004 0.012 0.013 0.009 0.077 0.782 0.003 0.100 


Estimated Allele Frequencies in each cluster
First column gives estimated ancestral frequencies


Locus 1 : 
21 alleles
0.4% missing data
 210   (0.119) 0.003 0.044 0.001 0.158 0.169 0.231 0.298 0.022 
 212   (0.100) 0.003 0.192 0.269 0.215 0.090 0.057 0.233 0.021 
 202   (0.064) 0.331 0.054 0.001 0.077 0.012 0.024 0.241 0.008 
 226   (0.050) 0.209 0.001 0.211 0.180 0.004 0.020 0.001 0.062 
 216   (0.068) 0.325 0.006 0.001 0.149 0.087 0.039 0.001 0.047 
 200   (0.220) 0.112 0.513 0.435 0.077 0.215 0.251 0.219 0.207 
 224   (0.038) 0.001 0.074 0.074 0.003 0.002 0.006 0.001 0.290 
 218   (0.041) 0.001 0.027 0.000 0.090 0.144 0.007 0.001 0.013 
 222   (0.025) 0.003 0.002 0.000 0.001 0.182 0.008 0.001 0.004 
 228   (0.012) 0.000 0.000 0.004 0.000 0.001 0.002 0.000 0.165 
 214   (0.060) 0.003 0.002 0.002 0.002 0.049 0.127 0.001 0.130 
 208   (0.049) 0.001 0.073 0.000 0.043 0.003 0.064 0.001 0.008 
 220   (0.022) 0.001 0.001 0.000 0.001 0.011 0.023 0.000 0.005 
 206   (0.031) 0.001 0.003 0.000 0.001 0.020 0.053 0.001 0.005 
 196   (0.013) 0.000 0.000 0.000 0.001 0.003 0.005 0.000 0.001 
 238   (0.015) 0.000 0.000 0.000 0.000 0.003 0.005 0.000 0.004 
 121   (0.016) 0.001 0.005 0.000 0.000 0.001 0.003 0.000 0.002 
 204   (0.016) 0.000 0.000 0.000 0.000 0.001 0.021 0.000 0.001 
 190   (0.015) 0.000 0.000 0.000 0.000 0.002 0.007 0.000 0.002 
 198   (0.011) 0.000 0.000 0.000 0.000 0.001 0.008 0.000 0.001 
 232   (0.015) 0.000 0.000 0.000 0.000 0.001 0.040 0.000 0.001 

Locus 2 : 
16 alleles
1.6% missing data
 171   (0.212) 0.413 0.337 0.002 0.088 0.069 0.415 0.274 0.054 
 175   (0.113) 0.130 0.036 0.150 0.134 0.023 0.072 0.431 0.034 
 185   (0.059) 0.002 0.008 0.001 0.063 0.217 0.013 0.284 0.039 
 181   (0.083) 0.004 0.102 0.436 0.536 0.006 0.073 0.002 0.052 
 179   (0.076) 0.328 0.006 0.010 0.002 0.267 0.031 0.001 0.360 
 173   (0.172) 0.112 0.334 0.391 0.100 0.195 0.123 0.003 0.136 
 177   (0.031) 0.005 0.001 0.007 0.001 0.057 0.006 0.000 0.273 
 183   (0.058) 0.002 0.002 0.001 0.029 0.089 0.108 0.001 0.008 
 187   (0.071) 0.002 0.071 0.001 0.003 0.036 0.106 0.001 0.031 
 189   (0.031) 0.001 0.101 0.000 0.001 0.024 0.007 0.000 0.004 
 191   (0.028) 0.001 0.001 0.000 0.042 0.002 0.016 0.000 0.003 
 163   (0.014) 0.000 0.000 0.000 0.000 0.002 0.007 0.000 0.002 
 165   (0.012) 0.000 0.000 0.000 0.000 0.002 0.006 0.000 0.001 
 193   (0.012) 0.000 0.000 0.000 0.000 0.001 0.007 0.000 0.002 
 169   (0.016) 0.000 0.000 0.000 0.000 0.008 0.002 0.000 0.001 
 167   (0.013) 0.000 0.000 0.000 0.000 0.001 0.007 0.000 0.002 

Locus 3 : 
7 alleles
2.4% missing data
 206   (0.827) 0.987 0.927 0.991 0.982 0.966 0.897 0.979 0.892 
 208   (0.056) 0.002 0.068 0.001 0.002 0.012 0.039 0.001 0.058 
 198   (0.015) 0.000 0.000 0.000 0.000 0.001 0.002 0.014 0.001 
 204   (0.053) 0.010 0.002 0.008 0.014 0.017 0.029 0.004 0.040 
 218   (0.017) 0.000 0.000 0.000 0.000 0.001 0.014 0.000 0.002 
 230   (0.015) 0.000 0.000 0.000 0.000 0.001 0.008 0.000 0.002 
 212   (0.017) 0.000 0.001 0.000 0.001 0.002 0.010 0.001 0.005 

Locus 4 : 
15 alleles
3.6% missing data
