

----------------------------------------------------
STRUCTURE by Pritchard, Stephens and Donnelly (2000)
     and Falush, Stephens and Pritchard (2003)
       Code by Pritchard, Falush and Hubisz
             Version 2.3.4 (Jul 2012)
----------------------------------------------------



Command line arguments:   bin\structure -m C:\Users\eschumacher\Documents\GitHub\GCC_QUAC_ZAIN\Data_Files\Structure_Files\QUAC\QUAC_wK_nopopinfo_garden_wild\QUAC_wK_nopopinfo_STR\50-50\mainparams -e C:\Users\eschumacher\Documents\GitHub\GCC_QUAC_ZAIN\Data_Files\Structure_Files\QUAC\QUAC_wK_nopopinfo_garden_wild\QUAC_wK_nopopinfo_STR\50-50\extraparams 
Input File:    C:\Users\eschumacher\Documents\GitHub\GCC_QUAC_ZAIN\Data_Files\Structure_Files\QUAC\QUAC_wK_nopopinfo_garden_wild\QUAC_wK_nopopinfo_STR\project_data

Run parameters:
   449 individuals
   15 loci
   8 populations assumed
   50000 Burn-in period
   50000 Reps


--------------------------------------------
Overall proportion of membership of the
sample in each of the 8 clusters

Inferred Clusters
  1      2      3      4      5      6      7      8    
0.074  0.157  0.102  0.125  0.140  0.143  0.069  0.190  

--------------------------------------------

Allele-freq. divergence among pops (Net nucleotide distance),
computed using point estimates of P.

      1       2       3       4       5       6       7       8      
 1      -    0.0901  0.0957  0.1081  0.0966  0.1637  0.1362  0.1631  
 2   0.0901     -    0.0545  0.0563  0.0462  0.1125  0.0691  0.0978  
 3   0.0957  0.0545     -    0.0373  0.0491  0.1174  0.0937  0.0932  
 4   0.1081  0.0563  0.0373     -    0.0664  0.1188  0.1014  0.1147  
 5   0.0966  0.0462  0.0491  0.0664     -    0.1243  0.0784  0.0987  
 6   0.1637  0.1125  0.1174  0.1188  0.1243     -    0.0917  0.1415  
 7   0.1362  0.0691  0.0937  0.1014  0.0784  0.0917     -    0.1037  
 8   0.1631  0.0978  0.0932  0.1147  0.0987  0.1415  0.1037     -    

Average distances (expected heterozygosity) between individuals in same cluster:
cluster  1  : 0.4676 
cluster  2  : 0.6632 
cluster  3  : 0.5535 
cluster  4  : 0.5519 
cluster  5  : 0.5677 
cluster  6  : 0.4030 
cluster  7  : 0.5219 
cluster  8  : 0.4981 

--------------------------------------------
Estimated Ln Prob of Data   = -15964.0
Mean value of ln likelihood = -15555.9
Variance of ln likelihood   = 816.4
Mean value of alpha         = 0.0355

Mean value of Fst_1         = 0.3995
Mean value of Fst_2         = 0.0385
Mean value of Fst_3         = 0.1451
Mean value of Fst_4         = 0.2050
Mean value of Fst_5         = 0.1230
Mean value of Fst_6         = 0.4848
Mean value of Fst_7         = 0.2406
Mean value of Fst_8         = 0.2635


Inferred ancestry of individuals:
        Label (%Miss) :  Inferred clusters
  1 QAc-G-0029    (0)   :  0.005 0.004 0.008 0.026 0.005 0.014 0.006 0.932 
  2 QAc-G-0030    (0)   :  0.002 0.002 0.003 0.003 0.003 0.003 0.005 0.978 
  3 QAc-G-0031    (0)   :  0.003 0.002 0.003 0.003 0.004 0.004 0.006 0.975 
  4 QAc-G-0061    (0)   :  0.007 0.003 0.006 0.007 0.005 0.003 0.003 0.965 
  5 QAc-G-0062    (0)   :  0.443 0.012 0.011 0.004 0.128 0.025 0.371 0.006 
  6 QAc-G-0063    (0)   :  0.015 0.026 0.112 0.074 0.038 0.542 0.187 0.005 
  7 QAc-G-0064    (0)   :  0.971 0.003 0.003 0.005 0.003 0.005 0.005 0.003 
  8 QAc-G-0065    (0)   :  0.980 0.003 0.003 0.003 0.002 0.002 0.002 0.004 
  9 QAc-G-0066    (0)   :  0.003 0.002 0.003 0.003 0.003 0.976 0.004 0.005 
 10 QAc-G-0067    (0)   :  0.973 0.003 0.004 0.003 0.004 0.003 0.003 0.008 
 11 QAc-G-0068    (0)   :  0.007 0.355 0.004 0.003 0.020 0.603 0.005 0.004 
 12 QAc-G-0070    (0)   :  0.011 0.007 0.020 0.007 0.292 0.559 0.097 0.007 
 13 QAc-G-0071   (13)   :  0.003 0.008 0.004 0.005 0.007 0.907 0.050 0.016 
 14 QAc-G-0072    (0)   :  0.003 0.003 0.004 0.004 0.005 0.974 0.003 0.004 
 15 QAc-G-0073    (0)   :  0.003 0.003 0.008 0.972 0.004 0.003 0.003 0.004 
 16 QAc-G-0074    (0)   :  0.005 0.015 0.356 0.311 0.044 0.155 0.109 0.005 
 17 QAc-G-0075    (0)   :  0.008 0.016 0.305 0.609 0.007 0.029 0.014 0.012 
 18 QAc-G-0076    (0)   :  0.017 0.012 0.311 0.611 0.019 0.014 0.005 0.011 
 19 QAc-G-0077    (0)   :  0.009 0.003 0.008 0.005 0.003 0.010 0.007 0.955 
 20 QAc-G-0078    (0)   :  0.002 0.003 0.003 0.002 0.003 0.003 0.003 0.981 
 21 QAc-G-0079    (0)   :  0.002 0.004 0.004 0.004 0.003 0.004 0.006 0.973 
 22 QAc-G-0080    (0)   :  0.038 0.054 0.020 0.154 0.007 0.007 0.016 0.706 
 23 QAc-G-0081    (0)   :  0.005 0.051 0.042 0.026 0.833 0.006 0.029 0.007 
 24 QAc-G-0082    (0)   :  0.003 0.752 0.047 0.088 0.091 0.003 0.011 0.005 
 25 QAc-G-0083    (0)   :  0.013 0.005 0.062 0.015 0.008 0.011 0.870 0.016 
 26 QAc-G-0001   (13)   :  0.003 0.003 0.003 0.003 0.003 0.006 0.004 0.975 
 27 QAc-G-0002    (0)   :  0.003 0.002 0.003 0.003 0.003 0.003 0.003 0.981 
 28 QAc-G-0285    (0)   :  0.004 0.007 0.005 0.005 0.008 0.017 0.947 0.007 
 29 QAc-G-0286    (0)   :  0.003 0.003 0.003 0.003 0.002 0.978 0.005 0.003 
 30 QAc-G-0287    (0)   :  0.003 0.002 0.003 0.003 0.003 0.981 0.003 0.003 
 31 QAc-G-0288    (6)   :  0.010 0.006 0.024 0.015 0.038 0.866 0.008 0.034 
 32 QAc-G-0289    (0)   :  0.004 0.003 0.003 0.003 0.003 0.977 0.003 0.004 
 33 QAc-G-0290    (0)   :  0.006 0.003 0.004 0.004 0.004 0.973 0.004 0.003 
 34 QAc-G-0291    (0)   :  0.003 0.004 0.005 0.008 0.003 0.909 0.029 0.039 
 35 QAc-G-0292    (0)   :  0.003 0.006 0.005 0.004 0.011 0.242 0.725 0.004 
 36 QAc-G-0293    (0)   :  0.002 0.003 0.002 0.003 0.003 0.503 0.477 0.007 
 37 QAc-G-0294    (0)   :  0.008 0.022 0.562 0.381 0.009 0.004 0.004 0.009 
 38 QAc-G-0295    (0)   :  0.004 0.005 0.016 0.945 0.004 0.009 0.007 0.010 
 39 QAc-G-0296    (0)   :  0.010 0.003 0.013 0.954 0.005 0.007 0.005 0.004 
 40 QAc-G-0297    (0)   :  0.005 0.577 0.244 0.154 0.009 0.003 0.003 0.004 
 41 QAc-G-0298    (6)   :  0.004 0.004 0.009 0.967 0.003 0.003 0.004 0.006 
 42 QAc-G-0299    (0)   :  0.004 0.016 0.403 0.551 0.004 0.011 0.006 0.005 
 43 QAc-G-0300    (0)   :  0.025 0.004 0.064 0.882 0.013 0.004 0.004 0.003 
 44 QAc-G-0301    (0)   :  0.156 0.006 0.052 0.745 0.007 0.018 0.009 0.007 
 45 QAc-G-0302    (0)   :  0.004 0.957 0.014 0.005 0.005 0.005 0.005 0.004 
 46 QAc-G-0303    (0)   :  0.008 0.939 0.005 0.007 0.020 0.004 0.014 0.005 
 47 QAc-G-0304    (0)   :  0.002 0.002 0.003 0.004 0.003 0.977 0.006 0.004 
 48 QAc-G-0305    (0)   :  0.004 0.105 0.009 0.006 0.050 0.499 0.267 0.059 
 49 QAc-G-0306    (0)   :  0.002 0.002 0.003 0.003 0.003 0.977 0.006 0.004 
 50 QAc-G-0307    (0)   :  0.006 0.017 0.012 0.009 0.075 0.005 0.031 0.846 
 51 QAc-G-0308    (0)   :  0.004 0.007 0.007 0.017 0.007 0.016 0.008 0.934 
 52 QAc-G-0309    (0)   :  0.003 0.005 0.006 0.004 0.004 0.004 0.007 0.966 
 53 QAc-G-0310    (0)   :  0.003 0.003 0.005 0.004 0.004 0.004 0.004 0.972 
 54 QAc-G-0311    (0)   :  0.002 0.002 0.002 0.003 0.003 0.003 0.003 0.983 
 55 QAc-G-0312    (0)   :  0.017 0.133 0.060 0.086 0.104 0.007 0.006 0.587 
 56 QAc-G-0313    (0)   :  0.019 0.054 0.022 0.043 0.594 0.014 0.195 0.059 
 57 QAc-G-0314    (0)   :  0.014 0.190 0.200 0.138 0.437 0.004 0.003 0.014 
 58 QAc-G-0315    (0)   :  0.008 0.665 0.085 0.015 0.172 0.025 0.023 0.008 
 59 QAc-G-0316    (0)   :  0.005 0.095 0.051 0.005 0.801 0.009 0.008 0.026 
 60 QAc-G-0032    (6)   :  0.081 0.875 0.007 0.013 0.006 0.007 0.003 0.007 
 61 QAc-G-0033    (0)   :  0.010 0.005 0.372 0.591 0.007 0.005 0.004 0.006 
 62 QAc-G-0034    (0)   :  0.008 0.009 0.036 0.849 0.023 0.005 0.004 0.067 
 63 QAc-G-0035    (0)   :  0.009 0.007 0.875 0.078 0.005 0.009 0.010 0.006 
 64 QAc-G-0036    (0)   :  0.005 0.006 0.010 0.920 0.016 0.016 0.020 0.007 
 65 QAc-G-0037    (0)   :  0.004 0.003 0.007 0.959 0.003 0.011 0.004 0.008 
 66 QAc-G-0038    (0)   :  0.003 0.005 0.029 0.943 0.013 0.003 0.003 0.002 
 67 QAc-G-0039    (0)   :  0.007 0.015 0.361 0.539 0.031 0.006 0.004 0.036 
 68 QAc-G-0040    (0)   :  0.004 0.006 0.025 0.828 0.064 0.058 0.008 0.006 
 69 QAc-G-0041    (0)   :  0.024 0.003 0.004 0.932 0.017 0.003 0.015 0.003 
 70 QAc-G-0042    (0)   :  0.005 0.005 0.010 0.956 0.005 0.009 0.005 0.003 
 71 QAc-G-0043    (0)   :  0.003 0.005 0.046 0.926 0.004 0.005 0.004 0.007 
 72 QAc-G-0044    (0)   :  0.033 0.012 0.026 0.898 0.009 0.011 0.006 0.005 
 73 QAc-G-0045    (0)   :  0.015 0.005 0.197 0.738 0.008 0.007 0.004 0.025 
 74 QAc-G-0046    (0)   :  0.007 0.007 0.121 0.766 0.027 0.003 0.007 0.062 
 75 QAc-G-0047    (0)   :  0.005 0.009 0.871 0.077 0.007 0.006 0.005 0.020 
 76 QAc-G-0048    (0)   :  0.005 0.005 0.013 0.961 0.007 0.003 0.004 0.003 
 77 QAc-G-0049    (0)   :  0.003 0.003 0.003 0.002 0.003 0.005 0.003 0.977 
 78 QAc-G-0050    (0)   :  0.006 0.730 0.009 0.005 0.057 0.056 0.010 0.127 
 79 QAc-G-0051    (0)   :  0.002 0.003 0.003 0.003 0.003 0.003 0.007 0.977 
 80 QAc-G-0052    (0)   :  0.026 0.007 0.010 0.013 0.012 0.004 0.003 0.925 
 81 QAc-G-0053    (0)   :  0.005 0.004 0.011 0.018 0.003 0.009 0.006 0.944 
 82 QAc-G-0054    (0)   :  0.006 0.334 0.007 0.044 0.180 0.005 0.004 0.420 
 83 QAc-G-0055    (0)   :  0.003 0.382 0.006 0.015 0.021 0.005 0.004 0.564 
 84 QAc-G-0056    (0)   :  0.014 0.381 0.041 0.010 0.475 0.020 0.007 0.052 
 85 QAc-G-0057    (0)   :  0.002 0.004 0.005 0.004 0.003 0.004 0.004 0.974 
 86 QAc-G-0058    (6)   :  0.003 0.003 0.003 0.003 0.003 0.003 0.005 0.977 
 87 QAc-G-0059    (0)   :  0.004 0.194 0.010 0.135 0.022 0.002 0.005 0.628 
 88 QAc-G-0060    (6)   :  0.019 0.008 0.017 0.012 0.007 0.014 0.006 0.916 
 89 QAc-G-0276    (0)   :  0.003 0.005 0.019 0.017 0.006 0.293 0.648 0.010 
 90 QAc-G-0279    (0)   :  0.003 0.003 0.003 0.003 0.003 0.977 0.004 0.005 
 91 QAc-G-0280    (6)   :  0.004 0.004 0.007 0.007 0.004 0.966 0.006 0.004 
 92 QAc-G-0281    (0)   :  0.004 0.003 0.004 0.004 0.003 0.007 0.003 0.971 
 93 QAc-G-0018    (0)   :  0.007 0.039 0.058 0.830 0.010 0.006 0.007 0.042 
 94 QAc-G-0019    (0)   :  0.222 0.005 0.087 0.625 0.010 0.020 0.026 0.004 
 95 QAc-G-0020    (0)   :  0.003 0.005 0.007 0.970 0.004 0.003 0.003 0.004 
 96 QAc-G-0021    (6)   :  0.033 0.004 0.023 0.915 0.003 0.004 0.003 0.016 
 97 QAc-G-0022    (6)   :  0.078 0.018 0.263 0.455 0.139 0.005 0.015 0.028 
 98 QAc-G-0023    (0)   :  0.002 0.004 0.004 0.004 0.003 0.003 0.007 0.974 
 99 QAc-G-0024    (0)   :  0.004 0.004 0.008 0.006 0.003 0.003 0.003 0.969 
100 QAc-G-0016    (0)   :  0.006 0.707 0.005 0.029 0.017 0.017 0.007 0.212 
101 QAc-G-0017    (0)   :  0.178 0.767 0.006 0.011 0.021 0.006 0.008 0.003 
102 QAc-G-0250    (0)   :  0.009 0.279 0.055 0.017 0.019 0.170 0.436 0.015 
103 QAc-G-0003    (6)   :  0.003 0.003 0.005 0.005 0.006 0.960 0.014 0.005 
104 QAc-G-0004    (0)   :  0.006 0.934 0.026 0.012 0.006 0.003 0.006 0.007 
105 QAc-G-0005    (0)   :  0.978 0.003 0.003 0.003 0.003 0.003 0.003 0.003 
106 QAc-G-0006    (6)   :  0.003 0.961 0.009 0.005 0.007 0.004 0.008 0.003 
107 QAc-G-0283    (0)   :  0.004 0.350 0.007 0.007 0.486 0.004 0.138 0.004 
108 QAc-G-0265    (0)   :  0.008 0.051 0.167 0.010 0.011 0.003 0.577 0.172 
109 QAc-G-0266    (0)   :  0.002 0.002 0.003 0.003 0.003 0.005 0.004 0.978 
110 QAc-G-0267    (0)   :  0.101 0.006 0.036 0.250 0.011 0.004 0.587 0.006 
111 QAc-G-0268   (20)   :  0.033 0.302 0.025 0.008 0.020 0.564 0.036 0.011 
112 QAc-G-0269    (0)   :  0.003 0.003 0.004 0.004 0.003 0.977 0.003 0.004 
113 QAc-G-0270    (6)   :  0.009 0.003 0.007 0.959 0.005 0.006 0.005 0.005 
114 QAc-G-0271    (0)   :  0.054 0.012 0.885 0.031 0.007 0.003 0.005 0.003 
115 QAc-G-0272    (6)   :  0.004 0.006 0.018 0.933 0.006 0.018 0.008 0.006 
116 QAc-G-0273    (0)   :  0.006 0.004 0.004 0.004 0.005 0.005 0.004 0.967 
117 QAc-G-0274    (0)   :  0.982 0.002 0.003 0.003 0.003 0.003 0.003 0.002 
118 QAc-G-0251    (6)   :  0.011 0.009 0.006 0.955 0.007 0.004 0.003 0.005 
119 QAc-G-0252    (0)   :  0.004 0.007 0.005 0.963 0.007 0.005 0.003 0.004 
120 QAc-G-0253    (0)   :  0.003 0.004 0.004 0.005 0.004 0.005 0.004 0.972 
121 QAc-G-0254    (0)   :  0.003 0.002 0.003 0.002 0.003 0.003 0.003 0.981 
122 QAc-G-0255    (0)   :  0.008 0.939 0.024 0.005 0.008 0.005 0.007 0.004 
123 QAc-G-0256    (0)   :  0.010 0.950 0.009 0.005 0.004 0.011 0.006 0.004 
124 QAc-G-0257    (0)   :  0.050 0.896 0.005 0.013 0.021 0.004 0.005 0.006 
125 QAc-G-0258    (0)   :  0.007 0.970 0.004 0.004 0.004 0.003 0.005 0.002 
126 QAc-G-0259    (0)   :  0.002 0.744 0.030 0.005 0.210 0.003 0.003 0.002 
127 QAc-G-0260    (0)   :  0.163 0.419 0.018 0.021 0.277 0.063 0.020 0.020 
128 QAc-G-0261    (0)   :  0.472 0.480 0.006 0.016 0.012 0.004 0.004 0.005 
129 QAc-G-0262    (0)   :  0.047 0.878 0.005 0.007 0.018 0.018 0.020 0.008 
130 QAc-G-0010    (0)   :  0.005 0.005 0.009 0.015 0.009 0.038 0.908 0.011 
131 QAc-G-0011    (0)   :  0.005 0.004 0.005 0.007 0.969 0.003 0.003 0.004 
132 QAc-G-0015    (0)   :  0.007 0.067 0.009 0.021 0.036 0.003 0.019 0.836 
133 QAc-G-0106    (0)   :  0.019 0.955 0.005 0.009 0.005 0.003 0.003 0.003 
134 QAc-G-0107    (0)   :  0.004 0.955 0.005 0.004 0.007 0.007 0.011 0.007 
135 QAc-G-0108    (0)   :  0.005 0.963 0.006 0.009 0.005 0.006 0.004 0.002 
136 QAc-G-0109    (0)   :  0.022 0.924 0.006 0.010 0.014 0.005 0.009 0.011 
137 QAc-G-0110    (0)   :  0.003 0.882 0.020 0.026 0.010 0.038 0.014 0.006 
138 QAc-G-0111    (0)   :  0.005 0.942 0.007 0.010 0.007 0.005 0.019 0.005 
139 QAc-G-0112    (0)   :  0.005 0.946 0.004 0.005 0.004 0.020 0.010 0.007 
140 QAc-G-0113    (0)   :  0.022 0.929 0.004 0.007 0.005 0.007 0.015 0.012 
141 QAc-G-0114    (0)   :  0.004 0.876 0.065 0.011 0.005 0.015 0.011 0.014 
142 QAc-G-0115    (0)   :  0.006 0.969 0.003 0.005 0.004 0.006 0.004 0.003 
143 QAc-G-0116    (0)   :  0.007 0.950 0.005 0.005 0.007 0.010 0.010 0.005 
144 QAc-G-0117    (0)   :  0.073 0.608 0.111 0.120 0.013 0.005 0.059 0.011 
145 QAc-G-0118    (0)   :  0.015 0.948 0.009 0.006 0.007 0.004 0.009 0.003 
146 QAc-G-0119    (0)   :  0.023 0.938 0.016 0.010 0.004 0.002 0.003 0.005 
147 QAc-G-0120    (0)   :  0.007 0.936 0.016 0.011 0.012 0.006 0.007 0.006 
148 QAc-G-0121    (0)   :  0.961 0.006 0.005 0.009 0.004 0.008 0.004 0.003 
149 QAc-G-0122    (0)   :  0.928 0.006 0.006 0.011 0.005 0.030 0.010 0.004 
150 QAc-G-0123    (0)   :  0.980 0.002 0.004 0.005 0.002 0.002 0.002 0.003 
151 QAc-G-0124    (6)   :  0.974 0.003 0.005 0.004 0.004 0.003 0.003 0.003 
152 QAc-G-0125    (0)   :  0.524 0.149 0.012 0.010 0.076 0.013 0.071 0.145 
153 QAc-G-0126    (0)   :  0.211 0.717 0.010 0.016 0.018 0.005 0.005 0.017 
154 QAc-G-0127    (0)   :  0.964 0.006 0.005 0.006 0.008 0.003 0.003 0.005 
155 QAc-G-0128    (0)   :  0.976 0.003 0.004 0.003 0.003 0.006 0.003 0.003 
156 QAc-G-0129    (0)   :  0.980 0.003 0.003 0.003 0.003 0.003 0.002 0.002 
157 QAc-G-0130    (0)   :  0.942 0.015 0.005 0.011 0.013 0.004 0.008 0.002 
158 QAc-G-0131    (0)   :  0.968 0.004 0.007 0.005 0.004 0.004 0.003 0.004 
159 QAc-G-0132    (0)   :  0.780 0.121 0.016 0.005 0.008 0.016 0.035 0.020 
160 QAc-G-0133    (0)   :  0.967 0.004 0.005 0.009 0.004 0.004 0.005 0.003 
161 QAc-G-0134    (0)   :  0.973 0.004 0.005 0.004 0.003 0.004 0.003 0.004 
162 QAc-G-0135    (0)   :  0.004 0.952 0.011 0.010 0.007 0.006 0.004 0.007 
163 QAc-G-0136    (0)   :  0.007 0.869 0.004 0.005 0.009 0.006 0.093 0.006 
164 QAc-G-0137    (0)   :  0.050 0.909 0.011 0.008 0.007 0.005 0.007 0.004 
165 QAc-G-0138    (0)   :  0.008 0.924 0.004 0.003 0.031 0.003 0.021 0.008 
166 QAc-G-0139    (0)   :  0.025 0.917 0.009 0.034 0.005 0.003 0.004 0.002 
167 QAc-G-0140    (6)   :  0.036 0.901 0.025 0.013 0.007 0.006 0.008 0.004 
168 QAc-G-0141    (0)   :  0.020 0.846 0.039 0.026 0.029 0.012 0.013 0.014 
169 QAc-G-0142    (0)   :  0.003 0.965 0.013 0.004 0.004 0.003 0.004 0.003 
170 QAc-G-0143    (0)   :  0.006 0.913 0.011 0.028 0.009 0.016 0.010 0.007 
171 QAc-G-0144    (6)   :  0.003 0.956 0.005 0.007 0.005 0.004 0.015 0.006 
172 QAc-G-0145    (0)   :  0.002 0.003 0.004 0.004 0.004 0.976 0.005 0.003 
173 QAc-G-0146    (0)   :  0.978 0.003 0.004 0.003 0.003 0.003 0.003 0.003 
174 QAc-G-0147    (0)   :  0.340 0.144 0.012 0.021 0.419 0.007 0.052 0.005 
175 QAc-G-0148    (0)   :  0.008 0.910 0.015 0.014 0.007 0.005 0.035 0.006 
176 QAc-G-0149    (0)   :  0.975 0.003 0.005 0.005 0.003 0.004 0.003 0.002 
177 QAc-G-0150    (0)   :  0.003 0.003 0.003 0.003 0.004 0.976 0.004 0.004 
178 QAc-G-0151    (0)   :  0.975 0.003 0.005 0.004 0.003 0.003 0.003 0.003 
179 QAc-G-0152    (0)   :  0.973 0.002 0.005 0.006 0.003 0.002 0.003 0.005 
180 QAc-G-0153    (0)   :  0.883 0.009 0.006 0.014 0.020 0.003 0.063 0.002 
181 QAc-G-0154    (0)   :  0.907 0.014 0.005 0.043 0.004 0.011 0.013 0.003 
182 QAc-G-0155    (0)   :  0.975 0.002 0.005 0.006 0.003 0.003 0.004 0.003 
183 QAc-G-0158    (0)   :  0.980 0.003 0.003 0.002 0.003 0.003 0.003 0.003 
184 QAc-G-0159    (0)   :  0.014 0.950 0.006 0.007 0.006 0.009 0.004 0.004 
185 QAc-G-0160    (0)   :  0.003 0.002 0.003 0.002 0.002 0.982 0.003 0.003 
186 QAc-G-0161    (0)   :  0.002 0.002 0.002 0.003 0.002 0.982 0.003 0.003 
187 QAc-G-0162    (0)   :  0.005 0.007 0.028 0.312 0.009 0.070 0.561 0.008 
188 QAc-G-0163    (0)   :  0.003 0.032 0.071 0.038 0.007 0.820 0.026 0.002 
189 QAc-G-0164    (0)   :  0.003 0.005 0.007 0.004 0.053 0.910 0.003 0.015 
190 QAc-G-0165    (0)   :  0.007 0.004 0.005 0.005 0.005 0.964 0.006 0.003 
191 QAc-G-0166    (0)   :  0.003 0.003 0.005 0.004 0.003 0.976 0.003 0.003 
192 QAc-G-0167    (0)   :  0.004 0.003 0.004 0.004 0.004 0.972 0.005 0.004 
193 QAc-G-0168    (0)   :  0.002 0.002 0.003 0.003 0.002 0.980 0.003 0.003 
194 QAc-G-0169    (6)   :  0.005 0.361 0.082 0.004 0.028 0.353 0.161 0.005 
195 QAc-G-0170    (0)   :  0.005 0.003 0.005 0.005 0.004 0.968 0.005 0.004 
196 QAc-G-0171    (0)   :  0.003 0.002 0.003 0.004 0.003 0.975 0.005 0.003 
197 QAc-G-0172    (0)   :  0.011 0.913 0.023 0.004 0.013 0.014 0.015 0.007 
198 QAc-G-0173    (0)   :  0.003 0.003 0.003 0.003 0.003 0.475 0.505 0.007 
199 QAc-G-0174    (0)   :  0.004 0.004 0.005 0.006 0.004 0.022 0.951 0.005 
200 QAc-G-0175    (0)   :  0.002 0.003 0.003 0.003 0.003 0.976 0.005 0.004 
201 QAc-G-0176    (0)   :  0.004 0.005 0.014 0.166 0.004 0.794 0.007 0.007 
202 QAc-G-0177    (0)   :  0.003 0.003 0.003 0.003 0.003 0.974 0.006 0.004 
203 QAc-G-0178    (0)   :  0.019 0.005 0.006 0.004 0.216 0.719 0.015 0.016 
204 QAc-G-0179    (6)   :  0.002 0.003 0.003 0.004 0.003 0.976 0.007 0.003 
205 QAc-G-0180    (0)   :  0.002 0.002 0.003 0.003 0.003 0.980 0.003 0.003 
206 QAc-G-0181    (0)   :  0.003 0.003 0.026 0.005 0.005 0.952 0.003 0.003 
207 QAc-G-0182    (0)   :  0.006 0.006 0.005 0.005 0.005 0.426 0.544 0.003 
208 QAc-G-0183    (6)   :  0.004 0.008 0.005 0.004 0.006 0.945 0.020 0.008 
209 QAc-G-0184    (0)   :  0.003 0.003 0.003 0.004 0.003 0.977 0.004 0.003 
210 QAc-G-0185    (0)   :  0.042 0.010 0.011 0.012 0.093 0.759 0.066 0.006 
211 QAc-G-0186    (0)   :  0.003 0.004 0.018 0.006 0.006 0.956 0.005 0.002 
212 QAc-G-0187    (0)   :  0.006 0.006 0.020 0.014 0.101 0.811 0.005 0.037 
213 QAc-G-0188    (0)   :  0.005 0.659 0.043 0.015 0.008 0.251 0.016 0.003 
214 QAc-G-0189    (0)   :  0.002 0.005 0.003 0.003 0.007 0.923 0.043 0.013 
215 QAc-G-0190    (0)   :  0.004 0.003 0.004 0.004 0.003 0.973 0.004 0.004 
216 QAc-G-0191    (0)   :  0.004 0.003 0.004 0.004 0.003 0.973 0.005 0.004 
217 QAc-G-0192    (0)   :  0.003 0.002 0.003 0.003 0.003 0.981 0.003 0.003 
218 QAc-G-0193    (0)   :  0.004 0.003 0.004 0.004 0.004 0.974 0.003 0.004 
219 QAc-G-0194    (0)   :  0.004 0.003 0.006 0.005 0.005 0.967 0.005 0.005 
220 QAc-G-0195    (0)   :  0.003 0.004 0.010 0.007 0.005 0.054 0.900 0.016 
221 QAc-G-0196    (0)   :  0.002 0.003 0.004 0.004 0.003 0.651 0.326 0.006 
222 QAc-G-0197    (0)   :  0.003 0.002 0.002 0.003 0.002 0.981 0.003 0.003 
223 QAc-G-0198    (0)   :  0.003 0.003 0.004 0.005 0.003 0.975 0.005 0.003 
224 QAc-G-0199    (0)   :  0.018 0.008 0.008 0.024 0.111 0.706 0.115 0.009 
225 QAc-G-0200    (0)   :  0.003 0.003 0.006 0.010 0.006 0.963 0.006 0.004 
226 QAc-G-0201    (0)   :  0.002 0.002 0.004 0.003 0.003 0.450 0.530 0.004 
227 QAc-G-0202    (6)   :  0.003 0.005 0.003 0.004 0.003 0.524 0.446 0.011 
228 QAc-G-0203    (0)   :  0.003 0.009 0.004 0.005 0.002 0.960 0.004 0.012 
229 QAc-G-0204    (0)   :  0.003 0.003 0.004 0.006 0.004 0.971 0.006 0.004 
230 QAc-G-0205    (0)   :  0.002 0.002 0.002 0.002 0.002 0.003 0.003 0.982 
231 QAc-G-0206    (0)   :  0.005 0.100 0.020 0.028 0.013 0.003 0.005 0.826 
232 QAc-G-0207    (0)   :  0.005 0.005 0.006 0.006 0.009 0.007 0.004 0.958 
233 QAc-G-0208    (0)   :  0.004 0.003 0.004 0.003 0.003 0.004 0.004 0.976 
234 QAc-G-0209    (0)   :  0.002 0.003 0.003 0.003 0.004 0.007 0.006 0.972 
235 QAc-G-0210    (0)   :  0.002 0.003 0.003 0.003 0.003 0.003 0.003 0.981 
236 QAc-G-0211    (0)   :  0.004 0.003 0.003 0.002 0.003 0.003 0.003 0.979 
237 QAc-G-0212    (0)   :  0.003 0.002 0.003 0.004 0.003 0.005 0.003 0.976 
238 QAc-G-0213    (0)   :  0.003 0.003 0.006 0.005 0.004 0.005 0.003 0.971 
239 QAc-G-0214    (0)   :  0.002 0.002 0.003 0.003 0.002 0.004 0.004 0.978 
240 QAc-G-0215    (0)   :  0.003 0.004 0.004 0.003 0.004 0.004 0.003 0.975 
241 QAc-G-0216    (0)   :  0.004 0.383 0.042 0.011 0.007 0.019 0.420 0.115 
242 QAc-G-0217    (0)   :  0.011 0.007 0.006 0.005 0.007 0.003 0.012 0.949 
243 QAc-G-0218    (0)   :  0.005 0.003 0.009 0.007 0.007 0.006 0.003 0.960 
244 QAc-G-0219    (0)   :  0.021 0.027 0.010 0.039 0.007 0.009 0.006 0.881 
245 QAc-G-0220    (0)   :  0.006 0.021 0.008 0.006 0.008 0.004 0.004 0.943 
246 QAc-G-0221    (0)   :  0.012 0.007 0.011 0.012 0.027 0.005 0.025 0.901 
247 QAc-G-0222    (0)   :  0.003 0.003 0.005 0.004 0.003 0.004 0.003 0.976 
248 QAc-G-0223    (0)   :  0.005 0.003 0.005 0.005 0.007 0.003 0.004 0.968 
249 QAc-G-0224    (0)   :  0.003 0.003 0.003 0.003 0.005 0.005 0.004 0.974 
250 QAc-G-0226    (0)   :  0.004 0.003 0.006 0.004 0.003 0.003 0.004 0.974 
251 QAc-G-0227    (0)   :  0.013 0.005 0.009 0.955 0.004 0.005 0.005 0.004 
252 QAc-G-0228    (6)   :  0.003 0.004 0.006 0.971 0.004 0.004 0.004 0.005 
253 QAc-G-0229    (0)   :  0.005 0.012 0.017 0.929 0.015 0.006 0.010 0.007 
254 QAc-G-0230    (0)   :  0.004 0.010 0.811 0.134 0.006 0.009 0.009 0.017 
255 QAc-G-0231    (0)   :  0.004 0.003 0.003 0.003 0.003 0.007 0.003 0.972 
256 QAc-G-0232    (0)   :  0.009 0.006 0.032 0.934 0.012 0.003 0.002 0.003 
257 QAc-G-0233    (0)   :  0.006 0.010 0.704 0.023 0.193 0.007 0.006 0.052 
258 QAc-G-0234    (0)   :  0.006 0.005 0.064 0.864 0.016 0.014 0.025 0.006 
259 QAc-G-0235    (0)   :  0.003 0.949 0.006 0.005 0.007 0.004 0.020 0.005 
260 QAc-G-0236    (0)   :  0.007 0.003 0.006 0.966 0.004 0.005 0.005 0.004 
261 QAc-G-0237    (0)   :  0.019 0.008 0.033 0.884 0.013 0.017 0.007 0.019 
262 QAc-G-0238    (0)   :  0.003 0.004 0.012 0.961 0.004 0.005 0.004 0.006 
263 QAc-G-0239    (0)   :  0.003 0.004 0.008 0.969 0.005 0.004 0.003 0.004 
264 QAc-G-0240    (0)   :  0.006 0.005 0.007 0.968 0.006 0.003 0.003 0.003 
265 QAc-G-0241    (0)   :  0.008 0.045 0.236 0.623 0.029 0.007 0.043 0.008 
266 QAc-G-0242    (0)   :  0.011 0.005 0.933 0.024 0.010 0.004 0.004 0.009 
267 QAc-G-0243    (0)   :  0.067 0.021 0.594 0.167 0.119 0.004 0.008 0.021 
268 QAc-G-0244    (0)   :  0.004 0.017 0.008 0.944 0.005 0.005 0.007 0.010 
269 QAc-G-0245    (0)   :  0.018 0.004 0.018 0.938 0.006 0.006 0.007 0.004 
270 QAc-G-0246    (0)   :  0.005 0.004 0.005 0.968 0.005 0.006 0.003 0.004 
271 QAc-G-0247    (0)   :  0.003 0.003 0.005 0.977 0.004 0.002 0.003 0.004 
272 QAc-G-0248    (0)   :  0.005 0.007 0.483 0.491 0.004 0.003 0.004 0.003 
273 QAc-G-0249    (0)   :  0.003 0.009 0.018 0.006 0.939 0.011 0.006 0.009 
274 QAc-G-0025    (0)   :  0.003 0.003 0.004 0.004 0.003 0.004 0.003 0.976 
275 QAc-G-0028    (0)   :  0.004 0.004 0.493 0.361 0.090 0.009 0.005 0.033 
276 QAc-G-0275    (0)   :  0.002 0.004 0.004 0.006 0.004 0.013 0.005 0.962 
277 QAc-G-0263    (0)   :  0.006 0.047 0.008 0.005 0.356 0.012 0.537 0.029 
278 QAc-W-0001    (0)   :  0.015 0.005 0.957 0.009 0.004 0.003 0.003 0.004 
279 QAc-W-0002    (0)   :  0.003 0.037 0.034 0.872 0.021 0.022 0.007 0.004 
280 QAc-W-0003    (0)   :  0.008 0.016 0.889 0.010 0.005 0.007 0.039 0.025 
281 QAc-W-0004    (0)   :  0.004 0.003 0.963 0.010 0.005 0.005 0.004 0.007 
282 QAc-W-0005    (0)   :  0.006 0.003 0.966 0.004 0.006 0.005 0.006 0.003 
283 QAc-W-0006    (0)   :  0.005 0.006 0.962 0.007 0.007 0.005 0.003 0.005 
284 QAc-W-0007   (13)   :  0.005 0.004 0.965 0.009 0.006 0.004 0.004 0.004 
285 QAc-W-0008    (6)   :  0.003 0.006 0.959 0.008 0.014 0.004 0.003 0.003 
286 QAc-W-0009    (0)   :  0.010 0.128 0.052 0.760 0.028 0.011 0.004 0.007 
287 QAc-W-0010    (0)   :  0.008 0.008 0.892 0.007 0.051 0.005 0.025 0.004 
288 QAc-W-0011    (0)   :  0.017 0.016 0.661 0.222 0.007 0.052 0.018 0.007 
289 QAc-W-0012    (0)   :  0.006 0.011 0.836 0.095 0.010 0.030 0.007 0.005 
290 QAc-W-0013    (0)   :  0.004 0.020 0.033 0.788 0.007 0.008 0.004 0.135 
291 QAc-W-0014    (0)   :  0.005 0.004 0.947 0.012 0.016 0.004 0.009 0.004 
292 QAc-W-0015    (0)   :  0.004 0.016 0.045 0.729 0.035 0.014 0.110 0.047 
293 QAc-W-0016    (0)   :  0.003 0.018 0.909 0.005 0.029 0.007 0.019 0.012 
294 QAc-W-0017    (0)   :  0.014 0.118 0.252 0.189 0.208 0.011 0.176 0.032 
295 QAc-W-0018    (0)   :  0.007 0.073 0.820 0.036 0.023 0.003 0.004 0.032 
296 QAc-W-0019    (0)   :  0.004 0.007 0.948 0.011 0.012 0.005 0.005 0.008 
297 QAc-W-0020    (0)   :  0.028 0.007 0.948 0.005 0.004 0.003 0.003 0.002 
298 QAc-W-0021    (0)   :  0.014 0.024 0.722 0.009 0.035 0.013 0.004 0.179 
299 QAc-W-0022    (0)   :  0.008 0.037 0.390 0.203 0.235 0.008 0.101 0.018 
300 QAc-W-0023    (6)   :  0.078 0.110 0.583 0.128 0.064 0.003 0.006 0.029 
301 QAc-W-0024    (0)   :  0.005 0.011 0.815 0.007 0.014 0.029 0.005 0.115 
302 QAc-W-0025    (0)   :  0.004 0.007 0.608 0.358 0.008 0.006 0.004 0.006 
303 QAc-W-0026    (0)   :  0.028 0.010 0.804 0.010 0.041 0.058 0.024 0.025 
304 QAc-W-0027    (0)   :  0.004 0.012 0.579 0.372 0.016 0.010 0.004 0.004 
305 QAc-W-0028    (0)   :  0.005 0.010 0.907 0.054 0.006 0.008 0.007 0.003 
306 QAc-W-0029    (0)   :  0.008 0.011 0.757 0.206 0.006 0.003 0.003 0.006 
307 QAc-W-0030    (0)   :  0.010 0.007 0.229 0.727 0.004 0.012 0.008 0.004 
308 QAc-W-0031    (0)   :  0.004 0.007 0.899 0.023 0.005 0.004 0.003 0.054 
309 QAc-W-0032    (0)   :  0.013 0.003 0.959 0.012 0.005 0.003 0.002 0.003 
310 QAc-W-0033    (0)   :  0.013 0.007 0.923 0.014 0.022 0.006 0.007 0.008 
311 QAc-W-0034    (0)   :  0.005 0.012 0.850 0.111 0.009 0.005 0.003 0.004 
312 QAc-W-0035    (0)   :  0.005 0.013 0.288 0.506 0.108 0.025 0.026 0.030 
313 QAc-W-0036    (0)   :  0.033 0.007 0.899 0.041 0.009 0.004 0.005 0.003 
314 QAc-W-0037    (0)   :  0.021 0.007 0.063 0.830 0.008 0.045 0.006 0.021 
315 QAc-W-0038    (0)   :  0.014 0.014 0.774 0.136 0.008 0.015 0.033 0.005 
316 QAc-W-0039    (0)   :  0.010 0.006 0.905 0.028 0.007 0.025 0.012 0.007 
317 QAc-W-0040    (0)   :  0.022 0.005 0.779 0.007 0.165 0.006 0.007 0.009 
318 QAc-W-0041    (0)   :  0.004 0.034 0.616 0.249 0.015 0.020 0.005 0.057 
319 QAc-W-0042    (0)   :  0.382 0.469 0.023 0.036 0.015 0.033 0.020 0.023 
320 QAc-W-0043    (0)   :  0.013 0.856 0.014 0.044 0.007 0.041 0.013 0.010 
321 QAc-W-0044    (0)   :  0.351 0.233 0.110 0.134 0.099 0.029 0.038 0.006 
322 QAc-W-0045    (0)   :  0.019 0.934 0.008 0.013 0.006 0.010 0.004 0.006 
323 QAc-W-0046    (0)   :  0.017 0.874 0.009 0.045 0.009 0.025 0.005 0.015 
324 QAc-W-0047    (0)   :  0.040 0.829 0.017 0.042 0.018 0.012 0.039 0.003 
325 QAc-W-0048    (0)   :  0.074 0.886 0.011 0.009 0.005 0.004 0.004 0.008 
326 QAc-W-0049    (0)   :  0.086 0.878 0.007 0.006 0.005 0.005 0.004 0.009 
327 QAc-W-0050    (0)   :  0.005 0.950 0.005 0.006 0.011 0.006 0.006 0.011 
328 QAc-W-0051    (0)   :  0.027 0.855 0.027 0.011 0.007 0.008 0.055 0.010 
329 QAc-W-0052    (0)   :  0.976 0.003 0.005 0.004 0.003 0.004 0.003 0.003 
330 QAc-W-0053    (0)   :  0.013 0.949 0.010 0.008 0.008 0.004 0.005 0.003 
331 QAc-W-0054    (0)   :  0.085 0.360 0.020 0.016 0.221 0.109 0.181 0.007 
332 QAc-W-0055    (0)   :  0.009 0.270 0.015 0.007 0.051 0.359 0.235 0.054 
333 QAc-W-0056    (0)   :  0.009 0.751 0.095 0.043 0.031 0.009 0.027 0.036 
334 QAc-W-0057    (0)   :  0.009 0.708 0.015 0.009 0.012 0.004 0.192 0.051 
335 QAc-W-0058    (0)   :  0.006 0.827 0.005 0.005 0.004 0.011 0.025 0.118 
336 QAc-W-0059    (0)   :  0.007 0.969 0.004 0.004 0.004 0.004 0.005 0.003 
337 QAc-W-0060    (0)   :  0.054 0.008 0.004 0.043 0.008 0.013 0.867 0.003 
338 QAc-W-0061    (0)   :  0.004 0.051 0.021 0.017 0.042 0.084 0.764 0.016 
339 QAc-W-0062    (0)   :  0.022 0.003 0.004 0.005 0.009 0.009 0.942 0.007 
340 QAc-W-0063    (0)   :  0.016 0.005 0.014 0.007 0.015 0.010 0.922 0.011 
341 QAc-W-0064    (0)   :  0.005 0.005 0.009 0.010 0.008 0.015 0.939 0.008 
342 QAc-W-0065    (0)   :  0.006 0.025 0.014 0.018 0.036 0.006 0.890 0.006 
343 QAc-W-0066    (0)   :  0.002 0.002 0.003 0.003 0.003 0.977 0.004 0.004 
344 QAc-W-0067    (0)   :  0.003 0.002 0.003 0.002 0.003 0.980 0.003 0.003 
345 QAc-W-0068    (0)   :  0.002 0.002 0.003 0.003 0.003 0.978 0.005 0.003 
346 QAc-W-0069    (0)   :  0.003 0.002 0.004 0.004 0.003 0.976 0.006 0.004 
347 QAc-W-0070    (0)   :  0.003 0.002 0.002 0.003 0.003 0.589 0.394 0.003 
348 QAc-W-0071    (6)   :  0.004 0.004 0.005 0.005 0.004 0.245 0.720 0.013 
349 QAc-W-0072    (0)   :  0.004 0.004 0.028 0.005 0.138 0.005 0.807 0.009 
350 QAc-W-0073    (0)   :  0.008 0.026 0.009 0.009 0.007 0.004 0.932 0.006 
351 QAc-W-0074    (0)   :  0.004 0.003 0.004 0.004 0.004 0.004 0.973 0.004 
352 QAc-W-0075    (0)   :  0.003 0.003 0.003 0.003 0.004 0.016 0.963 0.005 
353 QAc-W-0076    (0)   :  0.003 0.004 0.004 0.004 0.022 0.004 0.952 0.007 
354 QAc-W-0077    (0)   :  0.004 0.007 0.007 0.006 0.005 0.120 0.846 0.004 
355 QAc-W-0078    (0)   :  0.020 0.019 0.096 0.042 0.155 0.043 0.010 0.615 
356 QAc-W-0079    (6)   :  0.005 0.007 0.010 0.010 0.010 0.023 0.008 0.927 
357 QAc-W-0080   (13)   :  0.002 0.008 0.055 0.005 0.005 0.005 0.003 0.916 
358 QAc-W-0081    (0)   :  0.008 0.004 0.007 0.005 0.004 0.004 0.004 0.963 
359 QAc-W-0082    (0)   :  0.003 0.462 0.006 0.005 0.006 0.003 0.006 0.509 
360 QAc-W-0083    (0)   :  0.014 0.010 0.017 0.013 0.029 0.014 0.050 0.854 
361 QAc-W-0084    (0)   :  0.007 0.003 0.007 0.004 0.004 0.005 0.004 0.967 
362 QAc-W-0085    (0)   :  0.004 0.003 0.003 0.003 0.004 0.005 0.003 0.975 
363 QAc-W-0086    (0)   :  0.004 0.004 0.006 0.005 0.008 0.007 0.004 0.963 
364 QAc-W-0087    (0)   :  0.003 0.009 0.010 0.005 0.012 0.007 0.003 0.950 
365 QAc-W-0088    (0)   :  0.004 0.042 0.005 0.007 0.008 0.004 0.004 0.925 
366 QAc-W-0089    (0)   :  0.004 0.004 0.007 0.006 0.003 0.007 0.004 0.965 
367 QAc-W-0090    (0)   :  0.003 0.004 0.007 0.006 0.004 0.007 0.004 0.966 
368 QAc-W-0091    (0)   :  0.014 0.009 0.011 0.005 0.011 0.005 0.007 0.939 
369 QAc-W-0092    (0)   :  0.220 0.008 0.059 0.030 0.007 0.008 0.004 0.664 
370 QAc-W-0093    (0)   :  0.009 0.069 0.055 0.085 0.042 0.003 0.005 0.732 
371 QAc-W-0094    (0)   :  0.221 0.018 0.107 0.013 0.010 0.003 0.035 0.592 
372 QAc-W-0095    (0)   :  0.042 0.009 0.028 0.012 0.007 0.003 0.019 0.879 
373 QAc-W-0096    (0)   :  0.104 0.021 0.060 0.011 0.019 0.007 0.051 0.728 
374 QAc-W-0097    (0)   :  0.007 0.172 0.066 0.051 0.008 0.008 0.009 0.680 
375 QAc-W-0098    (0)   :  0.005 0.008 0.006 0.006 0.005 0.003 0.003 0.964 
376 QAc-W-0099    (0)   :  0.012 0.025 0.014 0.030 0.099 0.004 0.006 0.810 
377 QAc-W-0100    (0)   :  0.004 0.006 0.005 0.006 0.010 0.004 0.004 0.962 
378 QAc-W-0101    (0)   :  0.003 0.005 0.011 0.004 0.011 0.036 0.007 0.923 
379 QAc-W-0104    (0)   :  0.004 0.016 0.010 0.007 0.026 0.003 0.007 0.927 
380 QAc-W-0105    (0)   :  0.011 0.004 0.007 0.010 0.004 0.006 0.004 0.954 
381 QAc-W-0106    (0)   :  0.056 0.008 0.016 0.018 0.010 0.006 0.004 0.881 
382 QAc-W-0107    (0)   :  0.004 0.004 0.004 0.003 0.004 0.005 0.013 0.963 
383 QAc-W-0108    (0)   :  0.002 0.003 0.004 0.003 0.004 0.005 0.007 0.971 
384 QAc-W-0109    (0)   :  0.007 0.012 0.012 0.009 0.006 0.026 0.008 0.920 
385 QAc-W-0110   (13)   :  0.004 0.005 0.808 0.004 0.012 0.008 0.005 0.154 
386 QAc-W-0111    (6)   :  0.005 0.006 0.006 0.012 0.005 0.007 0.004 0.956 
387 QAc-W-0112   (13)   :  0.008 0.011 0.008 0.018 0.019 0.004 0.004 0.927 
388 QAc-W-0113   (13)   :  0.004 0.005 0.009 0.011 0.957 0.004 0.005 0.006 
389 QAc-W-0114   (13)   :  0.010 0.012 0.008 0.005 0.941 0.005 0.004 0.016 
390 QAc-W-0115    (0)   :  0.004 0.003 0.009 0.008 0.960 0.005 0.006 0.005 
391 QAc-W-0116    (0)   :  0.014 0.014 0.011 0.019 0.931 0.002 0.004 0.005 
392 QAc-W-0117    (0)   :  0.003 0.007 0.005 0.007 0.967 0.004 0.004 0.003 
393 QAc-W-0118    (0)   :  0.003 0.006 0.005 0.005 0.924 0.015 0.027 0.014 
394 QAc-W-0119    (0)   :  0.007 0.006 0.006 0.007 0.957 0.007 0.004 0.004 
395 QAc-W-0120    (0)   :  0.003 0.009 0.010 0.009 0.939 0.010 0.013 0.007 
396 QAc-W-0121    (0)   :  0.003 0.009 0.007 0.006 0.926 0.036 0.010 0.003 
397 QAc-W-0122    (0)   :  0.005 0.021 0.019 0.008 0.933 0.003 0.007 0.005 
398 QAc-W-0123    (6)   :  0.012 0.024 0.005 0.016 0.904 0.013 0.012 0.014 
399 QAc-W-0124    (0)   :  0.011 0.005 0.028 0.059 0.667 0.012 0.168 0.052 
400 QAc-W-0125    (0)   :  0.010 0.007 0.006 0.005 0.948 0.007 0.006 0.012 
401 QAc-W-0126   (13)   :  0.012 0.016 0.013 0.006 0.920 0.006 0.008 0.019 
402 QAc-W-0127    (6)   :  0.005 0.005 0.008 0.005 0.964 0.004 0.006 0.004 
403 QAc-W-0128   (13)   :  0.003 0.009 0.016 0.007 0.915 0.013 0.006 0.031 
404 QAc-W-0129   (13)   :  0.006 0.017 0.054 0.014 0.883 0.006 0.014 0.005 
405 QAc-W-0130   (13)   :  0.003 0.007 0.027 0.012 0.935 0.006 0.004 0.006 
406 QAc-W-0131    (0)   :  0.040 0.010 0.007 0.004 0.917 0.005 0.010 0.006 
407 QAc-W-0132    (6)   :  0.021 0.006 0.016 0.033 0.841 0.042 0.023 0.019 
408 QAc-W-0133    (6)   :  0.007 0.011 0.007 0.005 0.693 0.199 0.019 0.059 
409 QAc-W-0134    (0)   :  0.006 0.005 0.004 0.004 0.966 0.004 0.006 0.005 
410 QAc-W-0135    (0)   :  0.003 0.006 0.042 0.026 0.888 0.012 0.017 0.006 
411 QAc-W-0136    (0)   :  0.011 0.004 0.004 0.006 0.965 0.003 0.004 0.003 
412 QAc-W-0137    (0)   :  0.005 0.004 0.004 0.004 0.973 0.003 0.004 0.002 
413 QAc-W-0138    (0)   :  0.005 0.003 0.005 0.006 0.972 0.004 0.004 0.003 
414 QAc-W-0139    (0)   :  0.008 0.005 0.076 0.014 0.608 0.006 0.258 0.025 
415 QAc-W-0140    (0)   :  0.003 0.047 0.032 0.036 0.867 0.005 0.004 0.005 
416 QAc-W-0141    (6)   :  0.005 0.017 0.030 0.052 0.867 0.016 0.008 0.005 
417 QAc-W-0142    (0)   :  0.003 0.004 0.004 0.004 0.966 0.007 0.008 0.004 
418 QAc-W-0143    (0)   :  0.004 0.007 0.008 0.005 0.963 0.003 0.005 0.006 
419 QAc-W-0144    (0)   :  0.008 0.071 0.008 0.007 0.892 0.003 0.005 0.006 
420 QAc-W-0145    (0)   :  0.004 0.006 0.003 0.003 0.972 0.003 0.005 0.003 
421 QAc-W-0146    (0)   :  0.006 0.004 0.008 0.024 0.945 0.005 0.004 0.005 
422 QAc-W-0147    (0)   :  0.003 0.003 0.004 0.004 0.971 0.003 0.007 0.004 
423 QAc-W-0148    (0)   :  0.006 0.004 0.006 0.008 0.963 0.004 0.007 0.003 
424 QAc-W-0149    (0)   :  0.011 0.019 0.020 0.005 0.927 0.003 0.006 0.009 
425 QAc-W-0150    (0)   :  0.011 0.007 0.043 0.031 0.881 0.007 0.005 0.015 
426 QAc-W-0151    (0)   :  0.006 0.005 0.009 0.014 0.951 0.004 0.005 0.005 
427 QAc-W-0152    (0)   :  0.004 0.005 0.005 0.006 0.963 0.005 0.009 0.004 
428 QAc-W-0153    (0)   :  0.006 0.488 0.033 0.213 0.116 0.007 0.088 0.049 
429 QAc-W-0154    (0)   :  0.003 0.010 0.068 0.009 0.898 0.003 0.004 0.004 
430 QAc-W-0155    (0)   :  0.003 0.004 0.006 0.004 0.972 0.003 0.005 0.003 
431 QAc-W-0156    (0)   :  0.013 0.005 0.060 0.027 0.822 0.004 0.003 0.066 
432 QAc-W-0157    (0)   :  0.036 0.034 0.005 0.021 0.877 0.010 0.015 0.003 
433 QAc-W-0158    (0)   :  0.005 0.004 0.039 0.029 0.872 0.019 0.007 0.023 
434 QAc-W-0159    (0)   :  0.008 0.006 0.009 0.005 0.957 0.007 0.003 0.005 
435 QAc-W-0160    (0)   :  0.005 0.004 0.022 0.023 0.932 0.003 0.007 0.005 
436 QAc-W-0161    (0)   :  0.084 0.009 0.019 0.036 0.841 0.005 0.003 0.004 
437 QAc-W-0162    (0)   :  0.016 0.012 0.005 0.003 0.788 0.005 0.168 0.004 
438 QAc-W-0163    (0)   :  0.005 0.025 0.006 0.008 0.943 0.005 0.005 0.004 
439 QAc-W-0164    (0)   :  0.006 0.005 0.005 0.004 0.956 0.005 0.013 0.005 
440 QAc-W-0165    (0)   :  0.010 0.007 0.006 0.007 0.930 0.027 0.010 0.003 
441 QAc-W-0166    (0)   :  0.007 0.006 0.030 0.007 0.935 0.005 0.006 0.004 
442 QAc-W-0167    (0)   :  0.007 0.920 0.008 0.008 0.019 0.004 0.016 0.017 
443 QAc-W-0168    (0)   :  0.031 0.146 0.031 0.031 0.530 0.163 0.050 0.018 
444 QAc-W-0169    (0)   :  0.004 0.808 0.102 0.044 0.018 0.011 0.010 0.003 
445 QAc-W-0170    (0)   :  0.003 0.908 0.023 0.022 0.022 0.005 0.009 0.007 
446 QAc-W-0171    (0)   :  0.012 0.927 0.009 0.008 0.015 0.004 0.013 0.012 
447 QAc-W-0172    (0)   :  0.018 0.768 0.074 0.040 0.085 0.002 0.003 0.010 
448 QAc-W-0173    (0)   :  0.021 0.546 0.108 0.115 0.172 0.003 0.027 0.008 
449 QAc-W-0174    (0)   :  0.004 0.863 0.009 0.016 0.082 0.010 0.010 0.006 


Estimated Allele Frequencies in each cluster
First column gives estimated ancestral frequencies


Locus 1 : 
21 alleles
0.4% missing data
 210   (0.113) 0.003 0.229 0.028 0.057 0.171 0.001 0.015 0.216 
 212   (0.097) 0.003 0.058 0.077 0.274 0.095 0.275 0.013 0.226 
 202   (0.059) 0.336 0.024 0.077 0.029 0.013 0.001 0.005 0.140 
 226   (0.052) 0.213 0.027 0.004 0.002 0.005 0.214 0.065 0.112 
 216   (0.071) 0.321 0.042 0.018 0.004 0.087 0.001 0.049 0.094 
 200   (0.234) 0.109 0.246 0.521 0.493 0.211 0.436 0.200 0.122 
 224   (0.041) 0.001 0.007 0.034 0.101 0.003 0.069 0.312 0.001 
 218   (0.036) 0.001 0.007 0.068 0.002 0.141 0.000 0.010 0.056 
 222   (0.027) 0.003 0.009 0.006 0.001 0.180 0.000 0.002 0.001 
 228   (0.013) 0.000 0.002 0.001 0.000 0.001 0.000 0.181 0.000 
 214   (0.051) 0.003 0.127 0.004 0.002 0.048 0.001 0.131 0.001 
 208   (0.058) 0.002 0.063 0.129 0.029 0.004 0.001 0.004 0.029 
 220   (0.025) 0.001 0.024 0.003 0.001 0.012 0.000 0.002 0.000 
 206   (0.035) 0.001 0.051 0.014 0.001 0.018 0.000 0.003 0.001 
 196   (0.011) 0.000 0.005 0.001 0.000 0.004 0.000 0.001 0.000 
 238   (0.011) 0.000 0.004 0.001 0.000 0.004 0.000 0.003 0.000 
 121   (0.010) 0.001 0.002 0.010 0.001 0.001 0.000 0.001 0.000 
 204   (0.015) 0.000 0.020 0.001 0.000 0.001 0.000 0.001 0.000 
 190   (0.014) 0.000 0.007 0.001 0.000 0.002 0.000 0.001 0.000 
 198   (0.011) 0.000 0.008 0.001 0.000 0.001 0.000 0.001 0.000 
 232   (0.015) 0.000 0.038 0.001 0.001 0.001 0.000 0.001 0.000 

Locus 2 : 
16 alleles
1.6% missing data
 171   (0.213) 0.413 0.403 0.316 0.350 0.068 0.002 0.048 0.145 
 175   (0.103) 0.130 0.073 0.061 0.021 0.024 0.154 0.028 0.245 
 185   (0.050) 0.002 0.012 0.012 0.007 0.220 0.001 0.038 0.147 
 181   (0.099) 0.004 0.081 0.098 0.112 0.007 0.442 0.051 0.348 
 179   (0.065) 0.326 0.030 0.007 0.008 0.265 0.006 0.382 0.001 
 173   (0.187) 0.112 0.126 0.197 0.435 0.193 0.393 0.127 0.063 
 177   (0.028) 0.004 0.007 0.002 0.001 0.057 0.000 0.294 0.000 
 183   (0.057) 0.002 0.104 0.005 0.002 0.092 0.001 0.004 0.020 
 187   (0.075) 0.002 0.109 0.089 0.056 0.038 0.001 0.021 0.001 
 189   (0.031) 0.001 0.008 0.205 0.005 0.021 0.000 0.002 0.001 
 191   (0.021) 0.003 0.015 0.002 0.001 0.001 0.000 0.002 0.027 
 163   (0.013) 0.000 0.007 0.001 0.000 0.002 0.000 0.001 0.000 
 165   (0.015) 0.000 0.007 0.001 0.001 0.002 0.000 0.001 0.000 
 193   (0.011) 0.000 0.008 0.001 0.000 0.001 0.000 0.001 0.000 
 169   (0.016) 0.000 0.002 0.001 0.001 0.008 0.000 0.001 0.000 
 167   (0.015) 0.000 0.008 0.001 0.001 0.001 0.000 0.001 0.000 

Locus 3 : 
7 alleles
2.4% missing data
 206   (0.836) 0.986 0.898 0.835 0.991 0.971 0.992 0.900 0.982 
 208   (0.052) 0.001 0.039 0.155 0.002 0.009 0.000 0.049 0.001 
 198   (0.013) 0.000 0.002 0.001 0.000 0.001 0.000 0.001 0.006 
 204   (0.050) 0.011 0.029 0.005 0.002 0.013 0.007 0.045 0.011 
 218   (0.018) 0.000 0.014 0.002 0.001 0.002 0.000 0.001 0.000 
 230   (0.014) 0.000 0.008 0.001 0.000 0.001 0.000 0.001 0.000 
 212   (0.018) 0.000 0.010 0.002 0.003 0.003 0.000 0.003 0.000 

Locus 4 : 
15 alleles
3.6% missing data
