

----------------------------------------------------
STRUCTURE by Pritchard, Stephens and Donnelly (2000)
     and Falush, Stephens and Pritchard (2003)
       Code by Pritchard, Falush and Hubisz
             Version 2.3.4 (Jul 2012)
----------------------------------------------------



Command line arguments:   bin\structure -m C:\Users\eschumacher\Documents\GitHub\GCC_QUAC_ZAIN\Data_Files\Structure_Files\QUAC\QUAC_wK_nopopinfo_garden_wild\QUAC_wK_nopopinfo_STR\50-50\mainparams -e C:\Users\eschumacher\Documents\GitHub\GCC_QUAC_ZAIN\Data_Files\Structure_Files\QUAC\QUAC_wK_nopopinfo_garden_wild\QUAC_wK_nopopinfo_STR\50-50\extraparams 
Input File:    C:\Users\eschumacher\Documents\GitHub\GCC_QUAC_ZAIN\Data_Files\Structure_Files\QUAC\QUAC_wK_nopopinfo_garden_wild\QUAC_wK_nopopinfo_STR\project_data

Run parameters:
   449 individuals
   15 loci
   8 populations assumed
   50000 Burn-in period
   50000 Reps


--------------------------------------------
Overall proportion of membership of the
sample in each of the 8 clusters

Inferred Clusters
  1      2      3      4      5      6      7      8    
0.093  0.066  0.143  0.184  0.129  0.106  0.208  0.072  

--------------------------------------------

Allele-freq. divergence among pops (Net nucleotide distance),
computed using point estimates of P.

      1       2       3       4       5       6       7       8      
 1      -    0.0578  0.0986  0.0708  0.0331  0.0324  0.0330  0.0866  
 2   0.0578     -    0.0947  0.1063  0.0813  0.0852  0.0921  0.1384  
 3   0.0986  0.0947     -    0.1439  0.1274  0.1265  0.1108  0.1664  
 4   0.0708  0.1063  0.1439     -    0.1041  0.1222  0.1003  0.1669  
 5   0.0331  0.0813  0.1274  0.1041     -    0.0653  0.0544  0.1004  
 6   0.0324  0.0852  0.1265  0.1222  0.0653     -    0.0665  0.0999  
 7   0.0330  0.0921  0.1108  0.1003  0.0544  0.0665     -    0.0967  
 8   0.0866  0.1384  0.1664  0.1669  0.1004  0.0999  0.0967     -    

Average distances (expected heterozygosity) between individuals in same cluster:
cluster  1  : 0.6977 
cluster  2  : 0.5164 
cluster  3  : 0.4008 
cluster  4  : 0.4915 
cluster  5  : 0.5546 
cluster  6  : 0.6133 
cluster  7  : 0.5630 
cluster  8  : 0.4652 

--------------------------------------------
Estimated Ln Prob of Data   = -16041.1
Mean value of ln likelihood = -15592.4
Variance of ln likelihood   = 897.4
Mean value of alpha         = 0.0334

Mean value of Fst_1         = 0.0025
Mean value of Fst_2         = 0.2546
Mean value of Fst_3         = 0.4982
Mean value of Fst_4         = 0.2805
Mean value of Fst_5         = 0.1452
Mean value of Fst_6         = 0.0926
Mean value of Fst_7         = 0.1618
Mean value of Fst_8         = 0.4201


Inferred ancestry of individuals:
        Label (%Miss) :  Inferred clusters
  1 QAc-G-0029    (0)   :  0.010 0.006 0.012 0.941 0.005 0.003 0.017 0.005 
  2 QAc-G-0030    (0)   :  0.003 0.004 0.003 0.980 0.003 0.003 0.003 0.002 
  3 QAc-G-0031    (0)   :  0.003 0.006 0.004 0.976 0.004 0.002 0.003 0.002 
  4 QAc-G-0061    (0)   :  0.003 0.002 0.003 0.970 0.005 0.003 0.006 0.007 
  5 QAc-G-0062    (0)   :  0.057 0.347 0.025 0.005 0.117 0.007 0.007 0.435 
  6 QAc-G-0063    (0)   :  0.097 0.150 0.569 0.005 0.041 0.009 0.115 0.014 
  7 QAc-G-0064    (0)   :  0.003 0.005 0.005 0.003 0.003 0.003 0.004 0.973 
  8 QAc-G-0065    (0)   :  0.003 0.002 0.002 0.004 0.002 0.004 0.003 0.979 
  9 QAc-G-0066    (0)   :  0.003 0.003 0.979 0.004 0.003 0.002 0.004 0.002 
 10 QAc-G-0067    (0)   :  0.003 0.003 0.003 0.007 0.004 0.004 0.003 0.974 
 11 QAc-G-0068    (0)   :  0.263 0.004 0.571 0.003 0.014 0.135 0.003 0.006 
 12 QAc-G-0070    (0)   :  0.020 0.097 0.537 0.005 0.315 0.006 0.011 0.009 
 13 QAc-G-0071   (13)   :  0.006 0.042 0.918 0.014 0.006 0.007 0.004 0.002 
 14 QAc-G-0072    (0)   :  0.003 0.003 0.977 0.003 0.004 0.003 0.004 0.003 
 15 QAc-G-0073    (0)   :  0.004 0.003 0.003 0.004 0.004 0.003 0.976 0.003 
 16 QAc-G-0074    (0)   :  0.026 0.061 0.122 0.005 0.034 0.010 0.739 0.004 
 17 QAc-G-0075    (0)   :  0.011 0.006 0.009 0.008 0.005 0.009 0.947 0.006 
 18 QAc-G-0076    (0)   :  0.018 0.004 0.010 0.008 0.009 0.006 0.938 0.007 
 19 QAc-G-0077    (0)   :  0.004 0.006 0.009 0.961 0.003 0.003 0.006 0.008 
 20 QAc-G-0078    (0)   :  0.003 0.004 0.003 0.981 0.003 0.003 0.002 0.002 
 21 QAc-G-0079    (0)   :  0.004 0.005 0.004 0.973 0.003 0.005 0.004 0.002 
 22 QAc-G-0080    (0)   :  0.638 0.011 0.007 0.285 0.005 0.007 0.030 0.017 
 23 QAc-G-0081    (0)   :  0.645 0.030 0.005 0.007 0.271 0.016 0.022 0.004 
 24 QAc-G-0082    (0)   :  0.946 0.006 0.002 0.003 0.018 0.009 0.013 0.002 
 25 QAc-G-0083    (0)   :  0.008 0.909 0.011 0.014 0.011 0.005 0.029 0.013 
 26 QAc-G-0001   (13)   :  0.003 0.004 0.004 0.978 0.003 0.003 0.003 0.002 
 27 QAc-G-0002    (0)   :  0.002 0.003 0.003 0.982 0.002 0.002 0.003 0.002 
 28 QAc-G-0285    (0)   :  0.006 0.948 0.014 0.007 0.008 0.009 0.005 0.004 
 29 QAc-G-0286    (0)   :  0.003 0.005 0.979 0.003 0.003 0.003 0.003 0.003 
 30 QAc-G-0287    (0)   :  0.002 0.003 0.982 0.003 0.002 0.002 0.003 0.002 
 31 QAc-G-0288    (6)   :  0.012 0.007 0.862 0.040 0.044 0.007 0.019 0.009 
 32 QAc-G-0289    (0)   :  0.003 0.003 0.979 0.003 0.003 0.003 0.003 0.003 
 33 QAc-G-0290    (0)   :  0.003 0.004 0.975 0.003 0.004 0.003 0.003 0.006 
 34 QAc-G-0291    (0)   :  0.005 0.025 0.913 0.042 0.002 0.003 0.007 0.003 
 35 QAc-G-0292    (0)   :  0.008 0.713 0.251 0.004 0.010 0.007 0.005 0.003 
 36 QAc-G-0293    (0)   :  0.003 0.477 0.503 0.007 0.002 0.003 0.003 0.002 
 37 QAc-G-0294    (0)   :  0.010 0.004 0.003 0.006 0.007 0.010 0.954 0.006 
 38 QAc-G-0295    (0)   :  0.007 0.011 0.012 0.009 0.004 0.004 0.948 0.006 
 39 QAc-G-0296    (0)   :  0.004 0.005 0.006 0.003 0.005 0.004 0.963 0.010 
 40 QAc-G-0297    (0)   :  0.641 0.003 0.003 0.003 0.007 0.024 0.313 0.005 
 41 QAc-G-0298    (6)   :  0.004 0.005 0.003 0.005 0.004 0.003 0.971 0.004 
 42 QAc-G-0299    (0)   :  0.005 0.005 0.007 0.005 0.003 0.007 0.965 0.004 
 43 QAc-G-0300    (0)   :  0.005 0.003 0.004 0.003 0.009 0.004 0.951 0.022 
 44 QAc-G-0301    (0)   :  0.007 0.006 0.012 0.005 0.005 0.005 0.891 0.071 
 45 QAc-G-0302    (0)   :  0.019 0.006 0.005 0.004 0.005 0.949 0.011 0.003 
 46 QAc-G-0303    (0)   :  0.037 0.010 0.003 0.005 0.032 0.899 0.009 0.005 
 47 QAc-G-0304    (0)   :  0.003 0.006 0.978 0.003 0.002 0.002 0.004 0.002 
 48 QAc-G-0305    (0)   :  0.071 0.217 0.531 0.052 0.044 0.075 0.006 0.003 
 49 QAc-G-0306    (0)   :  0.002 0.005 0.980 0.004 0.003 0.002 0.003 0.002 
 50 QAc-G-0307    (0)   :  0.039 0.024 0.005 0.838 0.066 0.012 0.009 0.006 
 51 QAc-G-0308    (0)   :  0.009 0.009 0.016 0.927 0.010 0.011 0.015 0.003 
 52 QAc-G-0309    (0)   :  0.014 0.006 0.004 0.961 0.003 0.004 0.004 0.003 
 53 QAc-G-0310    (0)   :  0.003 0.004 0.004 0.975 0.003 0.003 0.005 0.003 
 54 QAc-G-0311    (0)   :  0.003 0.002 0.003 0.982 0.003 0.002 0.002 0.002 
 55 QAc-G-0312    (0)   :  0.564 0.005 0.006 0.244 0.079 0.041 0.046 0.015 
 56 QAc-G-0313    (0)   :  0.831 0.049 0.008 0.012 0.071 0.006 0.016 0.007 
 57 QAc-G-0314    (0)   :  0.648 0.003 0.004 0.015 0.140 0.021 0.161 0.009 
 58 QAc-G-0315    (0)   :  0.932 0.007 0.009 0.005 0.013 0.015 0.012 0.007 
 59 QAc-G-0316    (0)   :  0.830 0.008 0.009 0.025 0.106 0.005 0.007 0.009 
 60 QAc-G-0032    (6)   :  0.403 0.004 0.008 0.008 0.008 0.431 0.012 0.127 
 61 QAc-G-0033    (0)   :  0.004 0.004 0.005 0.005 0.005 0.005 0.966 0.007 
 62 QAc-G-0034    (0)   :  0.008 0.004 0.004 0.027 0.014 0.008 0.926 0.008 
 63 QAc-G-0035    (0)   :  0.006 0.006 0.006 0.004 0.005 0.005 0.959 0.008 
 64 QAc-G-0036    (0)   :  0.010 0.015 0.016 0.006 0.012 0.004 0.933 0.005 
 65 QAc-G-0037    (0)   :  0.006 0.005 0.015 0.010 0.003 0.003 0.954 0.005 
 66 QAc-G-0038    (0)   :  0.004 0.003 0.003 0.002 0.004 0.003 0.978 0.003 
 67 QAc-G-0039    (0)   :  0.017 0.004 0.005 0.026 0.021 0.012 0.909 0.005 
 68 QAc-G-0040    (0)   :  0.012 0.010 0.058 0.005 0.068 0.006 0.838 0.003 
 69 QAc-G-0041    (0)   :  0.007 0.016 0.003 0.003 0.023 0.003 0.917 0.029 
 70 QAc-G-0042    (0)   :  0.004 0.004 0.006 0.003 0.004 0.006 0.968 0.005 
 71 QAc-G-0043    (0)   :  0.005 0.004 0.005 0.007 0.005 0.003 0.968 0.003 
 72 QAc-G-0044    (0)   :  0.012 0.005 0.008 0.004 0.006 0.013 0.929 0.023 
 73 QAc-G-0045    (0)   :  0.006 0.004 0.006 0.022 0.008 0.005 0.938 0.011 
 74 QAc-G-0046    (0)   :  0.015 0.006 0.003 0.046 0.017 0.004 0.906 0.004 
 75 QAc-G-0047    (0)   :  0.009 0.004 0.005 0.027 0.008 0.015 0.925 0.006 
 76 QAc-G-0048    (0)   :  0.006 0.005 0.003 0.003 0.007 0.004 0.966 0.006 
 77 QAc-G-0049    (0)   :  0.003 0.003 0.005 0.978 0.003 0.002 0.003 0.003 
 78 QAc-G-0050    (0)   :  0.894 0.006 0.017 0.031 0.015 0.027 0.004 0.004 
 79 QAc-G-0051    (0)   :  0.003 0.006 0.003 0.977 0.003 0.003 0.002 0.002 
 80 QAc-G-0052    (0)   :  0.017 0.004 0.004 0.911 0.013 0.006 0.014 0.031 
 81 QAc-G-0053    (0)   :  0.007 0.007 0.009 0.948 0.003 0.002 0.018 0.006 
 82 QAc-G-0054    (0)   :  0.901 0.003 0.005 0.052 0.019 0.009 0.007 0.004 
 83 QAc-G-0055    (0)   :  0.686 0.004 0.006 0.265 0.007 0.022 0.008 0.003 
 84 QAc-G-0056    (0)   :  0.891 0.005 0.016 0.014 0.047 0.010 0.008 0.009 
 85 QAc-G-0057    (0)   :  0.004 0.004 0.004 0.976 0.003 0.004 0.004 0.002 
 86 QAc-G-0058    (6)   :  0.003 0.004 0.003 0.978 0.003 0.003 0.003 0.003 
 87 QAc-G-0059    (0)   :  0.834 0.003 0.003 0.137 0.007 0.007 0.006 0.003 
 88 QAc-G-0060    (6)   :  0.087 0.009 0.017 0.851 0.005 0.007 0.011 0.013 
 89 QAc-G-0276    (0)   :  0.006 0.604 0.352 0.008 0.005 0.004 0.018 0.003 
 90 QAc-G-0279    (0)   :  0.003 0.004 0.977 0.005 0.003 0.002 0.003 0.002 
 91 QAc-G-0280    (6)   :  0.004 0.005 0.971 0.003 0.004 0.003 0.006 0.004 
 92 QAc-G-0281    (0)   :  0.004 0.003 0.007 0.972 0.003 0.003 0.004 0.004 
 93 QAc-G-0018    (0)   :  0.025 0.005 0.007 0.029 0.008 0.022 0.899 0.006 
 94 QAc-G-0019    (0)   :  0.006 0.014 0.013 0.004 0.007 0.004 0.882 0.070 
 95 QAc-G-0020    (0)   :  0.026 0.005 0.002 0.005 0.004 0.003 0.952 0.004 
 96 QAc-G-0021    (6)   :  0.006 0.003 0.004 0.008 0.002 0.003 0.962 0.013 
 97 QAc-G-0022    (6)   :  0.056 0.015 0.005 0.020 0.073 0.009 0.773 0.050 
 98 QAc-G-0023    (0)   :  0.004 0.007 0.003 0.975 0.003 0.003 0.003 0.002 
 99 QAc-G-0024    (0)   :  0.003 0.003 0.003 0.975 0.003 0.004 0.006 0.004 
100 QAc-G-0016    (0)   :  0.824 0.005 0.012 0.050 0.010 0.086 0.008 0.004 
101 QAc-G-0017    (0)   :  0.022 0.006 0.005 0.004 0.011 0.741 0.008 0.202 
102 QAc-G-0250    (0)   :  0.542 0.223 0.137 0.009 0.012 0.052 0.019 0.006 
103 QAc-G-0003    (6)   :  0.004 0.008 0.968 0.004 0.005 0.003 0.005 0.003 
104 QAc-G-0004    (0)   :  0.026 0.007 0.003 0.009 0.006 0.902 0.041 0.006 
105 QAc-G-0005    (0)   :  0.003 0.002 0.003 0.003 0.003 0.004 0.003 0.980 
106 QAc-G-0006    (6)   :  0.091 0.014 0.005 0.003 0.014 0.859 0.011 0.003 
107 QAc-G-0283    (0)   :  0.659 0.105 0.004 0.004 0.194 0.025 0.006 0.004 
108 QAc-G-0265    (0)   :  0.329 0.475 0.004 0.127 0.008 0.030 0.020 0.006 
109 QAc-G-0266    (0)   :  0.003 0.004 0.005 0.980 0.002 0.002 0.003 0.002 
110 QAc-G-0267    (0)   :  0.010 0.633 0.004 0.005 0.011 0.005 0.227 0.104 
111 QAc-G-0268   (20)   :  0.394 0.008 0.555 0.005 0.008 0.014 0.005 0.012 
112 QAc-G-0269    (0)   :  0.003 0.003 0.979 0.004 0.002 0.002 0.004 0.003 
113 QAc-G-0270    (6)   :  0.004 0.005 0.006 0.004 0.005 0.004 0.962 0.011 
114 QAc-G-0271    (0)   :  0.115 0.006 0.004 0.004 0.009 0.010 0.761 0.091 
115 QAc-G-0272    (6)   :  0.005 0.009 0.015 0.005 0.006 0.007 0.950 0.003 
116 QAc-G-0273    (0)   :  0.005 0.004 0.004 0.967 0.006 0.004 0.004 0.006 
117 QAc-G-0274    (0)   :  0.002 0.002 0.002 0.002 0.003 0.002 0.003 0.983 
118 QAc-G-0251    (6)   :  0.007 0.004 0.004 0.005 0.008 0.014 0.943 0.014 
119 QAc-G-0252    (0)   :  0.007 0.004 0.005 0.004 0.011 0.011 0.952 0.005 
120 QAc-G-0253    (0)   :  0.006 0.004 0.005 0.971 0.004 0.003 0.004 0.003 
121 QAc-G-0254    (0)   :  0.003 0.003 0.003 0.982 0.003 0.002 0.002 0.003 
122 QAc-G-0255    (0)   :  0.018 0.008 0.004 0.005 0.007 0.938 0.012 0.008 
123 QAc-G-0256    (0)   :  0.005 0.007 0.009 0.004 0.003 0.959 0.006 0.007 
124 QAc-G-0257    (0)   :  0.017 0.006 0.003 0.008 0.051 0.861 0.008 0.046 
125 QAc-G-0258    (0)   :  0.010 0.004 0.003 0.002 0.003 0.968 0.005 0.005 
126 QAc-G-0259    (0)   :  0.971 0.002 0.002 0.002 0.008 0.009 0.005 0.002 
127 QAc-G-0260    (0)   :  0.713 0.014 0.043 0.009 0.062 0.064 0.016 0.079 
128 QAc-G-0261    (0)   :  0.499 0.005 0.004 0.004 0.008 0.034 0.008 0.439 
129 QAc-G-0262    (0)   :  0.638 0.019 0.014 0.008 0.017 0.261 0.006 0.037 
130 QAc-G-0010    (0)   :  0.009 0.915 0.035 0.012 0.008 0.003 0.013 0.005 
131 QAc-G-0011    (0)   :  0.014 0.003 0.004 0.004 0.959 0.004 0.007 0.005 
132 QAc-G-0015    (0)   :  0.031 0.018 0.003 0.807 0.030 0.093 0.013 0.005 
133 QAc-G-0106    (0)   :  0.018 0.003 0.003 0.002 0.007 0.926 0.010 0.031 
134 QAc-G-0107    (0)   :  0.012 0.008 0.005 0.008 0.005 0.955 0.004 0.003 
135 QAc-G-0108    (0)   :  0.005 0.004 0.005 0.002 0.005 0.969 0.006 0.005 
136 QAc-G-0109    (0)   :  0.103 0.008 0.004 0.010 0.022 0.816 0.008 0.028 
137 QAc-G-0110    (0)   :  0.050 0.019 0.072 0.008 0.011 0.806 0.031 0.003 
138 QAc-G-0111    (0)   :  0.011 0.022 0.005 0.004 0.007 0.935 0.011 0.005 
139 QAc-G-0112    (0)   :  0.022 0.013 0.026 0.008 0.003 0.920 0.004 0.003 
140 QAc-G-0113    (0)   :  0.051 0.016 0.008 0.027 0.005 0.864 0.005 0.024 
141 QAc-G-0114    (0)   :  0.017 0.011 0.016 0.017 0.006 0.888 0.043 0.003 
142 QAc-G-0115    (0)   :  0.009 0.005 0.008 0.004 0.005 0.960 0.004 0.005 
143 QAc-G-0116    (0)   :  0.008 0.013 0.011 0.006 0.005 0.947 0.004 0.006 
144 QAc-G-0117    (0)   :  0.155 0.065 0.005 0.011 0.014 0.452 0.216 0.081 
145 QAc-G-0118    (0)   :  0.010 0.012 0.003 0.002 0.009 0.939 0.005 0.020 
146 QAc-G-0119    (0)   :  0.031 0.003 0.002 0.005 0.004 0.912 0.017 0.026 
147 QAc-G-0120    (0)   :  0.083 0.007 0.006 0.006 0.011 0.870 0.011 0.005 
148 QAc-G-0121    (0)   :  0.004 0.004 0.007 0.004 0.003 0.007 0.007 0.965 
149 QAc-G-0122    (0)   :  0.005 0.009 0.030 0.004 0.005 0.007 0.009 0.931 
150 QAc-G-0123    (0)   :  0.002 0.002 0.002 0.003 0.002 0.002 0.004 0.983 
151 QAc-G-0124    (6)   :  0.003 0.003 0.003 0.003 0.004 0.003 0.004 0.976 
152 QAc-G-0125    (0)   :  0.306 0.054 0.011 0.053 0.044 0.032 0.008 0.493 
153 QAc-G-0126    (0)   :  0.577 0.005 0.007 0.011 0.013 0.126 0.010 0.250 
154 QAc-G-0127    (0)   :  0.005 0.004 0.004 0.005 0.008 0.008 0.006 0.960 
155 QAc-G-0128    (0)   :  0.003 0.003 0.005 0.003 0.003 0.003 0.003 0.977 
156 QAc-G-0129    (0)   :  0.002 0.002 0.003 0.002 0.002 0.003 0.003 0.982 
157 QAc-G-0130    (0)   :  0.005 0.008 0.004 0.002 0.017 0.031 0.009 0.923 
158 QAc-G-0131    (0)   :  0.004 0.003 0.005 0.004 0.004 0.004 0.006 0.970 
159 QAc-G-0132    (0)   :  0.028 0.018 0.015 0.013 0.007 0.167 0.006 0.746 
160 QAc-G-0133    (0)   :  0.004 0.005 0.004 0.004 0.004 0.003 0.007 0.968 
161 QAc-G-0134    (0)   :  0.004 0.003 0.004 0.004 0.003 0.005 0.004 0.974 
162 QAc-G-0135    (0)   :  0.008 0.004 0.006 0.008 0.007 0.953 0.011 0.003 
163 QAc-G-0136    (0)   :  0.017 0.124 0.006 0.007 0.012 0.823 0.005 0.005 
164 QAc-G-0137    (0)   :  0.012 0.005 0.004 0.003 0.006 0.924 0.010 0.035 
165 QAc-G-0138    (0)   :  0.013 0.032 0.002 0.007 0.034 0.904 0.002 0.006 
166 QAc-G-0139    (0)   :  0.008 0.003 0.003 0.002 0.005 0.917 0.031 0.030 
167 QAc-G-0140    (6)   :  0.012 0.010 0.005 0.005 0.005 0.884 0.029 0.050 
168 QAc-G-0141    (0)   :  0.470 0.015 0.015 0.017 0.035 0.379 0.043 0.025 
169 QAc-G-0142    (0)   :  0.005 0.003 0.003 0.002 0.004 0.976 0.005 0.003 
170 QAc-G-0143    (0)   :  0.969 0.004 0.006 0.003 0.004 0.005 0.005 0.003 
171 QAc-G-0144    (6)   :  0.560 0.014 0.004 0.005 0.004 0.406 0.005 0.002 
172 QAc-G-0145    (0)   :  0.003 0.004 0.976 0.003 0.003 0.003 0.004 0.002 
173 QAc-G-0146    (0)   :  0.003 0.003 0.003 0.003 0.003 0.002 0.003 0.980 
174 QAc-G-0147    (0)   :  0.184 0.047 0.007 0.006 0.330 0.110 0.024 0.293 
175 QAc-G-0148    (0)   :  0.609 0.045 0.004 0.005 0.006 0.306 0.017 0.007 
176 QAc-G-0149    (0)   :  0.003 0.003 0.004 0.002 0.003 0.003 0.005 0.977 
177 QAc-G-0150    (0)   :  0.003 0.004 0.976 0.004 0.004 0.003 0.003 0.003 
178 QAc-G-0151    (0)   :  0.003 0.003 0.003 0.003 0.003 0.003 0.004 0.978 
179 QAc-G-0152    (0)   :  0.003 0.002 0.002 0.005 0.003 0.002 0.005 0.977 
180 QAc-G-0153    (0)   :  0.014 0.065 0.003 0.002 0.018 0.007 0.009 0.883 
181 QAc-G-0154    (0)   :  0.008 0.016 0.012 0.003 0.004 0.022 0.024 0.912 
182 QAc-G-0155    (0)   :  0.002 0.003 0.003 0.003 0.003 0.003 0.006 0.978 
183 QAc-G-0158    (0)   :  0.003 0.003 0.003 0.003 0.003 0.003 0.003 0.981 
184 QAc-G-0159    (0)   :  0.033 0.004 0.013 0.007 0.010 0.915 0.009 0.011 
185 QAc-G-0160    (0)   :  0.002 0.003 0.983 0.003 0.002 0.002 0.002 0.002 
186 QAc-G-0161    (0)   :  0.002 0.003 0.982 0.003 0.003 0.002 0.003 0.002 
187 QAc-G-0162    (0)   :  0.034 0.562 0.070 0.007 0.008 0.007 0.308 0.006 
188 QAc-G-0163    (0)   :  0.032 0.026 0.833 0.003 0.007 0.023 0.074 0.003 
189 QAc-G-0164    (0)   :  0.016 0.004 0.900 0.011 0.060 0.003 0.004 0.002 
190 QAc-G-0165    (0)   :  0.004 0.005 0.968 0.003 0.005 0.004 0.005 0.006 
191 QAc-G-0166    (0)   :  0.003 0.003 0.979 0.003 0.003 0.003 0.004 0.003 
192 QAc-G-0167    (0)   :  0.003 0.003 0.976 0.004 0.003 0.002 0.004 0.003 
193 QAc-G-0168    (0)   :  0.002 0.003 0.983 0.003 0.002 0.002 0.003 0.002 
194 QAc-G-0169    (6)   :  0.422 0.098 0.301 0.005 0.014 0.148 0.007 0.005 
195 QAc-G-0170    (0)   :  0.003 0.006 0.970 0.004 0.004 0.003 0.005 0.005 
196 QAc-G-0171    (0)   :  0.003 0.005 0.977 0.004 0.004 0.002 0.003 0.002 
197 QAc-G-0172    (0)   :  0.074 0.018 0.019 0.009 0.013 0.845 0.012 0.011 
198 QAc-G-0173    (0)   :  0.003 0.509 0.471 0.007 0.002 0.003 0.003 0.002 
199 QAc-G-0174    (0)   :  0.003 0.951 0.025 0.005 0.004 0.004 0.005 0.003 
200 QAc-G-0175    (0)   :  0.003 0.005 0.977 0.003 0.003 0.002 0.003 0.002 
201 QAc-G-0176    (0)   :  0.017 0.006 0.808 0.007 0.004 0.004 0.150 0.004 
202 QAc-G-0177    (0)   :  0.003 0.006 0.977 0.004 0.003 0.002 0.003 0.003 
203 QAc-G-0178    (0)   :  0.021 0.011 0.701 0.013 0.233 0.003 0.004 0.015 
204 QAc-G-0179    (6)   :  0.003 0.006 0.977 0.003 0.003 0.003 0.003 0.002 
205 QAc-G-0180    (0)   :  0.003 0.003 0.982 0.003 0.003 0.002 0.003 0.002 
206 QAc-G-0181    (0)   :  0.004 0.003 0.973 0.002 0.005 0.003 0.008 0.003 
207 QAc-G-0182    (0)   :  0.006 0.531 0.440 0.002 0.005 0.005 0.005 0.005 
208 QAc-G-0183    (6)   :  0.012 0.017 0.943 0.007 0.004 0.009 0.003 0.004 
209 QAc-G-0184    (0)   :  0.003 0.004 0.979 0.002 0.003 0.003 0.003 0.003 
210 QAc-G-0185    (0)   :  0.017 0.054 0.752 0.006 0.115 0.011 0.010 0.036 
211 QAc-G-0186    (0)   :  0.003 0.004 0.972 0.002 0.005 0.003 0.009 0.002 
212 QAc-G-0187    (0)   :  0.024 0.005 0.785 0.041 0.123 0.005 0.013 0.005 
213 QAc-G-0188    (0)   :  0.223 0.012 0.227 0.003 0.008 0.493 0.029 0.005 
214 QAc-G-0189    (0)   :  0.006 0.033 0.933 0.012 0.007 0.004 0.003 0.002 
215 QAc-G-0190    (0)   :  0.003 0.005 0.974 0.004 0.004 0.003 0.004 0.004 
216 QAc-G-0191    (0)   :  0.003 0.005 0.975 0.004 0.003 0.002 0.004 0.004 
217 QAc-G-0192    (0)   :  0.002 0.003 0.981 0.003 0.003 0.002 0.003 0.003 
218 QAc-G-0193    (0)   :  0.003 0.003 0.977 0.003 0.004 0.003 0.004 0.004 
219 QAc-G-0194    (0)   :  0.004 0.004 0.973 0.004 0.004 0.003 0.006 0.003 
220 QAc-G-0195    (0)   :  0.006 0.900 0.061 0.015 0.004 0.004 0.008 0.003 
221 QAc-G-0196    (0)   :  0.004 0.310 0.668 0.006 0.004 0.003 0.004 0.002 
222 QAc-G-0197    (0)   :  0.002 0.004 0.981 0.003 0.002 0.002 0.003 0.003 
223 QAc-G-0198    (0)   :  0.003 0.005 0.977 0.002 0.003 0.002 0.004 0.003 
224 QAc-G-0199    (0)   :  0.027 0.113 0.706 0.006 0.114 0.005 0.014 0.015 
225 QAc-G-0200    (0)   :  0.004 0.005 0.970 0.003 0.006 0.003 0.008 0.002 
226 QAc-G-0201    (0)   :  0.011 0.501 0.473 0.004 0.004 0.002 0.004 0.002 
227 QAc-G-0202    (6)   :  0.004 0.423 0.544 0.013 0.003 0.006 0.004 0.003 
228 QAc-G-0203    (0)   :  0.011 0.004 0.958 0.012 0.002 0.006 0.004 0.003 
229 QAc-G-0204    (0)   :  0.004 0.005 0.973 0.005 0.003 0.003 0.005 0.003 
230 QAc-G-0205    (0)   :  0.003 0.003 0.003 0.983 0.002 0.002 0.002 0.002 
231 QAc-G-0206    (0)   :  0.153 0.005 0.003 0.769 0.007 0.043 0.016 0.004 
232 QAc-G-0207    (0)   :  0.008 0.003 0.005 0.956 0.011 0.005 0.006 0.005 
233 QAc-G-0208    (0)   :  0.003 0.003 0.003 0.979 0.003 0.003 0.003 0.003 
234 QAc-G-0209    (0)   :  0.003 0.005 0.006 0.974 0.004 0.003 0.003 0.002 
235 QAc-G-0210    (0)   :  0.004 0.002 0.003 0.980 0.003 0.003 0.003 0.002 
236 QAc-G-0211    (0)   :  0.005 0.002 0.002 0.977 0.003 0.003 0.003 0.004 
237 QAc-G-0212    (0)   :  0.003 0.003 0.004 0.978 0.003 0.002 0.004 0.003 
238 QAc-G-0213    (0)   :  0.003 0.003 0.005 0.974 0.004 0.003 0.005 0.002 
239 QAc-G-0214    (0)   :  0.003 0.004 0.004 0.979 0.003 0.002 0.003 0.002 
240 QAc-G-0215    (0)   :  0.005 0.003 0.004 0.975 0.004 0.003 0.004 0.003 
241 QAc-G-0216    (0)   :  0.364 0.417 0.016 0.079 0.005 0.100 0.015 0.004 
242 QAc-G-0217    (0)   :  0.005 0.012 0.003 0.953 0.006 0.006 0.005 0.010 
243 QAc-G-0218    (0)   :  0.005 0.003 0.005 0.965 0.007 0.003 0.007 0.005 
244 QAc-G-0219    (0)   :  0.047 0.006 0.010 0.855 0.008 0.022 0.027 0.024 
245 QAc-G-0220    (0)   :  0.082 0.003 0.003 0.891 0.006 0.006 0.004 0.005 
246 QAc-G-0221    (0)   :  0.008 0.026 0.004 0.907 0.026 0.006 0.012 0.012 
247 QAc-G-0222    (0)   :  0.003 0.003 0.004 0.979 0.003 0.002 0.004 0.002 
248 QAc-G-0223    (0)   :  0.004 0.003 0.003 0.972 0.006 0.003 0.005 0.004 
249 QAc-G-0224    (0)   :  0.005 0.003 0.005 0.974 0.005 0.003 0.003 0.003 
250 QAc-G-0226    (0)   :  0.003 0.003 0.003 0.978 0.003 0.003 0.004 0.003 
251 QAc-G-0227    (0)   :  0.005 0.005 0.006 0.004 0.004 0.005 0.957 0.015 
252 QAc-G-0228    (6)   :  0.006 0.005 0.005 0.006 0.005 0.004 0.967 0.003 
253 QAc-G-0229    (0)   :  0.012 0.009 0.005 0.007 0.015 0.013 0.935 0.004 
254 QAc-G-0230    (0)   :  0.008 0.005 0.005 0.020 0.005 0.010 0.944 0.003 
255 QAc-G-0231    (0)   :  0.003 0.003 0.008 0.972 0.003 0.003 0.003 0.005 
256 QAc-G-0232    (0)   :  0.006 0.002 0.003 0.003 0.010 0.004 0.964 0.009 
257 QAc-G-0233    (0)   :  0.147 0.004 0.004 0.023 0.193 0.004 0.621 0.005 
258 QAc-G-0234    (0)   :  0.007 0.018 0.013 0.005 0.011 0.005 0.938 0.005 
259 QAc-G-0235    (0)   :  0.022 0.027 0.003 0.007 0.009 0.924 0.006 0.002 
260 QAc-G-0236    (0)   :  0.004 0.006 0.005 0.005 0.004 0.004 0.964 0.008 
261 QAc-G-0237    (0)   :  0.007 0.005 0.012 0.017 0.014 0.008 0.921 0.015 
262 QAc-G-0238    (0)   :  0.004 0.005 0.005 0.007 0.004 0.003 0.969 0.003 
263 QAc-G-0239    (0)   :  0.008 0.003 0.004 0.004 0.007 0.004 0.966 0.003 
264 QAc-G-0240    (0)   :  0.004 0.003 0.003 0.002 0.005 0.006 0.970 0.006 
265 QAc-G-0241    (0)   :  0.039 0.035 0.006 0.009 0.026 0.017 0.863 0.006 
266 QAc-G-0242    (0)   :  0.009 0.003 0.004 0.007 0.011 0.004 0.954 0.008 
267 QAc-G-0243    (0)   :  0.081 0.009 0.003 0.017 0.135 0.011 0.688 0.057 
268 QAc-G-0244    (0)   :  0.018 0.007 0.006 0.007 0.004 0.013 0.942 0.004 
269 QAc-G-0245    (0)   :  0.004 0.006 0.006 0.003 0.005 0.004 0.960 0.012 
270 QAc-G-0246    (0)   :  0.007 0.004 0.007 0.004 0.006 0.005 0.961 0.005 
271 QAc-G-0247    (0)   :  0.006 0.004 0.002 0.004 0.005 0.003 0.973 0.003 
272 QAc-G-0248    (0)   :  0.004 0.003 0.003 0.002 0.003 0.004 0.977 0.003 
273 QAc-G-0249    (0)   :  0.022 0.008 0.013 0.010 0.926 0.008 0.010 0.002 
274 QAc-G-0025    (0)   :  0.003 0.003 0.004 0.979 0.002 0.003 0.004 0.003 
275 QAc-G-0028    (0)   :  0.011 0.004 0.006 0.029 0.063 0.003 0.880 0.003 
276 QAc-G-0275    (0)   :  0.005 0.004 0.013 0.965 0.003 0.003 0.005 0.002 
277 QAc-G-0263    (0)   :  0.309 0.501 0.012 0.022 0.134 0.012 0.005 0.006 
278 QAc-W-0001    (0)   :  0.008 0.003 0.003 0.004 0.005 0.021 0.918 0.038 
279 QAc-W-0002    (0)   :  0.014 0.007 0.021 0.004 0.013 0.018 0.921 0.003 
280 QAc-W-0003    (0)   :  0.026 0.045 0.006 0.034 0.005 0.026 0.849 0.009 
281 QAc-W-0004    (0)   :  0.003 0.004 0.007 0.009 0.007 0.003 0.962 0.005 
282 QAc-W-0005    (0)   :  0.007 0.016 0.008 0.004 0.009 0.005 0.938 0.012 
283 QAc-W-0006    (0)   :  0.005 0.003 0.005 0.006 0.009 0.008 0.956 0.006 
284 QAc-W-0007   (13)   :  0.005 0.004 0.004 0.004 0.007 0.004 0.967 0.005 
285 QAc-W-0008    (6)   :  0.041 0.004 0.004 0.003 0.042 0.009 0.895 0.003 
286 QAc-W-0009    (0)   :  0.029 0.004 0.013 0.005 0.023 0.074 0.844 0.007 
287 QAc-W-0010    (0)   :  0.030 0.050 0.006 0.005 0.073 0.014 0.804 0.018 
288 QAc-W-0011    (0)   :  0.015 0.017 0.048 0.007 0.005 0.019 0.869 0.020 
289 QAc-W-0012    (0)   :  0.008 0.004 0.013 0.005 0.007 0.005 0.954 0.005 
290 QAc-W-0013    (0)   :  0.013 0.005 0.007 0.118 0.006 0.050 0.798 0.004 
291 QAc-W-0014    (0)   :  0.007 0.008 0.003 0.004 0.030 0.004 0.939 0.004 
292 QAc-W-0015    (0)   :  0.015 0.150 0.016 0.029 0.030 0.019 0.736 0.004 
293 QAc-W-0016    (0)   :  0.154 0.020 0.008 0.012 0.093 0.024 0.687 0.003 
294 QAc-W-0017    (0)   :  0.385 0.131 0.015 0.025 0.148 0.063 0.222 0.012 
295 QAc-W-0018    (0)   :  0.195 0.004 0.003 0.025 0.019 0.026 0.720 0.008 
296 QAc-W-0019    (0)   :  0.005 0.005 0.007 0.006 0.012 0.007 0.953 0.005 
297 QAc-W-0020    (0)   :  0.071 0.006 0.004 0.003 0.005 0.006 0.859 0.046 
298 QAc-W-0021    (0)   :  0.210 0.005 0.014 0.237 0.055 0.079 0.386 0.014 
299 QAc-W-0022    (0)   :  0.236 0.101 0.011 0.025 0.144 0.019 0.457 0.008 
300 QAc-W-0023    (6)   :  0.113 0.006 0.003 0.030 0.081 0.232 0.468 0.067 
301 QAc-W-0024    (0)   :  0.221 0.007 0.041 0.170 0.022 0.018 0.514 0.007 
302 QAc-W-0025    (0)   :  0.005 0.003 0.004 0.004 0.004 0.004 0.973 0.003 
303 QAc-W-0026    (0)   :  0.030 0.025 0.043 0.042 0.056 0.016 0.694 0.093 
304 QAc-W-0027    (0)   :  0.008 0.003 0.008 0.004 0.012 0.009 0.953 0.003 
305 QAc-W-0028    (0)   :  0.007 0.005 0.005 0.003 0.005 0.007 0.966 0.004 
306 QAc-W-0029    (0)   :  0.009 0.003 0.003 0.005 0.005 0.010 0.958 0.008 
307 QAc-W-0030    (0)   :  0.005 0.006 0.009 0.004 0.004 0.004 0.961 0.008 
308 QAc-W-0031    (0)   :  0.008 0.003 0.005 0.066 0.005 0.008 0.902 0.003 
309 QAc-W-0032    (0)   :  0.005 0.003 0.002 0.004 0.009 0.003 0.964 0.011 
310 QAc-W-0033    (0)   :  0.105 0.005 0.004 0.009 0.040 0.007 0.809 0.020 
311 QAc-W-0034    (0)   :  0.006 0.003 0.004 0.004 0.008 0.018 0.953 0.004 
312 QAc-W-0035    (0)   :  0.025 0.023 0.024 0.018 0.039 0.007 0.859 0.004 
313 QAc-W-0036    (0)   :  0.006 0.005 0.004 0.003 0.008 0.010 0.925 0.039 
314 QAc-W-0037    (0)   :  0.005 0.004 0.021 0.010 0.006 0.004 0.939 0.010 
315 QAc-W-0038    (0)   :  0.037 0.023 0.010 0.004 0.008 0.010 0.896 0.012 
316 QAc-W-0039    (0)   :  0.006 0.008 0.016 0.011 0.008 0.013 0.910 0.029 
317 QAc-W-0040    (0)   :  0.093 0.010 0.010 0.008 0.201 0.006 0.655 0.017 
318 QAc-W-0041    (0)   :  0.024 0.005 0.015 0.055 0.015 0.030 0.852 0.005 
319 QAc-W-0042    (0)   :  0.027 0.007 0.024 0.014 0.008 0.687 0.019 0.212 
320 QAc-W-0043    (0)   :  0.008 0.009 0.031 0.007 0.005 0.912 0.020 0.008 
321 QAc-W-0044    (0)   :  0.026 0.044 0.026 0.006 0.084 0.422 0.136 0.255 
322 QAc-W-0045    (0)   :  0.016 0.004 0.009 0.007 0.007 0.932 0.010 0.015 
323 QAc-W-0046    (0)   :  0.008 0.004 0.016 0.013 0.006 0.925 0.014 0.012 
324 QAc-W-0047    (0)   :  0.007 0.025 0.008 0.003 0.018 0.877 0.035 0.026 
325 QAc-W-0048    (0)   :  0.013 0.004 0.004 0.006 0.005 0.909 0.013 0.046 
326 QAc-W-0049    (0)   :  0.007 0.004 0.005 0.007 0.005 0.906 0.006 0.060 
327 QAc-W-0050    (0)   :  0.555 0.005 0.007 0.014 0.013 0.393 0.006 0.007 
328 QAc-W-0051    (0)   :  0.534 0.064 0.008 0.008 0.007 0.333 0.015 0.030 
329 QAc-W-0052    (0)   :  0.003 0.003 0.004 0.002 0.003 0.003 0.005 0.977 
330 QAc-W-0053    (0)   :  0.006 0.005 0.004 0.004 0.008 0.951 0.013 0.010 
331 QAc-W-0054    (0)   :  0.584 0.114 0.078 0.006 0.078 0.067 0.015 0.058 
332 QAc-W-0055    (0)   :  0.333 0.141 0.353 0.033 0.036 0.088 0.007 0.008 
333 QAc-W-0056    (0)   :  0.896 0.015 0.005 0.016 0.010 0.018 0.034 0.006 
334 QAc-W-0057    (0)   :  0.551 0.151 0.005 0.047 0.010 0.216 0.012 0.009 
335 QAc-W-0058    (0)   :  0.394 0.023 0.011 0.148 0.004 0.408 0.005 0.008 
336 QAc-W-0059    (0)   :  0.003 0.004 0.004 0.002 0.003 0.976 0.003 0.004 
337 QAc-W-0060    (0)   :  0.009 0.889 0.014 0.003 0.007 0.008 0.020 0.050 
338 QAc-W-0061    (0)   :  0.038 0.748 0.084 0.014 0.045 0.048 0.019 0.004 
339 QAc-W-0062    (0)   :  0.004 0.952 0.008 0.006 0.007 0.003 0.004 0.016 
340 QAc-W-0063    (0)   :  0.010 0.930 0.011 0.008 0.015 0.005 0.009 0.012 
341 QAc-W-0064    (0)   :  0.008 0.945 0.017 0.006 0.006 0.004 0.009 0.005 
342 QAc-W-0065    (0)   :  0.031 0.901 0.005 0.006 0.027 0.012 0.013 0.005 
343 QAc-W-0066    (0)   :  0.002 0.003 0.980 0.004 0.002 0.002 0.003 0.002 
344 QAc-W-0067    (0)   :  0.002 0.004 0.980 0.003 0.003 0.002 0.002 0.003 
345 QAc-W-0068    (0)   :  0.002 0.005 0.980 0.003 0.002 0.002 0.003 0.002 
346 QAc-W-0069    (0)   :  0.002 0.005 0.979 0.004 0.002 0.002 0.004 0.002 
347 QAc-W-0070    (0)   :  0.003 0.390 0.595 0.003 0.003 0.002 0.002 0.002 
348 QAc-W-0071    (6)   :  0.005 0.707 0.254 0.017 0.005 0.005 0.005 0.004 
349 QAc-W-0072    (0)   :  0.015 0.823 0.004 0.009 0.131 0.004 0.011 0.003 
350 QAc-W-0073    (0)   :  0.010 0.918 0.004 0.006 0.007 0.041 0.009 0.007 
351 QAc-W-0074    (0)   :  0.003 0.976 0.004 0.004 0.004 0.002 0.004 0.003 
352 QAc-W-0075    (0)   :  0.003 0.965 0.016 0.005 0.003 0.003 0.003 0.002 
353 QAc-W-0076    (0)   :  0.005 0.955 0.004 0.006 0.020 0.004 0.004 0.003 
354 QAc-W-0077    (0)   :  0.007 0.825 0.139 0.004 0.005 0.009 0.006 0.004 
355 QAc-W-0078    (0)   :  0.123 0.009 0.041 0.604 0.148 0.008 0.050 0.017 
356 QAc-W-0079    (6)   :  0.006 0.008 0.027 0.925 0.009 0.008 0.011 0.005 
357 QAc-W-0080   (13)   :  0.010 0.003 0.005 0.933 0.005 0.011 0.031 0.002 
358 QAc-W-0081    (0)   :  0.005 0.005 0.003 0.965 0.004 0.003 0.006 0.008 
359 QAc-W-0082    (0)   :  0.471 0.006 0.003 0.350 0.007 0.155 0.006 0.002 
360 QAc-W-0083    (0)   :  0.010 0.056 0.013 0.849 0.032 0.010 0.015 0.015 
361 QAc-W-0084    (0)   :  0.004 0.004 0.004 0.970 0.003 0.003 0.006 0.006 
362 QAc-W-0085    (0)   :  0.005 0.003 0.005 0.973 0.004 0.003 0.003 0.003 
363 QAc-W-0086    (0)   :  0.005 0.003 0.005 0.966 0.008 0.004 0.005 0.004 
364 QAc-W-0087    (0)   :  0.007 0.003 0.008 0.951 0.014 0.009 0.006 0.003 
365 QAc-W-0088    (0)   :  0.029 0.003 0.004 0.909 0.007 0.039 0.005 0.004 
366 QAc-W-0089    (0)   :  0.004 0.004 0.007 0.969 0.003 0.003 0.007 0.003 
367 QAc-W-0090    (0)   :  0.004 0.003 0.006 0.972 0.003 0.004 0.005 0.003 
368 QAc-W-0091    (0)   :  0.015 0.008 0.005 0.936 0.009 0.011 0.006 0.011 
369 QAc-W-0092    (0)   :  0.009 0.004 0.008 0.679 0.006 0.006 0.033 0.254 
370 QAc-W-0093    (0)   :  0.172 0.006 0.003 0.659 0.041 0.041 0.071 0.007 
371 QAc-W-0094    (0)   :  0.054 0.034 0.003 0.585 0.008 0.017 0.043 0.257 
372 QAc-W-0095    (0)   :  0.008 0.017 0.003 0.895 0.007 0.010 0.017 0.043 
373 QAc-W-0096    (0)   :  0.028 0.049 0.006 0.733 0.018 0.026 0.030 0.110 
374 QAc-W-0097    (0)   :  0.166 0.008 0.007 0.615 0.006 0.123 0.068 0.006 
375 QAc-W-0098    (0)   :  0.008 0.003 0.003 0.962 0.005 0.008 0.006 0.004 
376 QAc-W-0099    (0)   :  0.111 0.007 0.004 0.738 0.086 0.020 0.023 0.011 
377 QAc-W-0100    (0)   :  0.012 0.004 0.003 0.959 0.009 0.006 0.005 0.003 
378 QAc-W-0101    (0)   :  0.007 0.008 0.037 0.925 0.011 0.005 0.006 0.003 
379 QAc-W-0104    (0)   :  0.013 0.006 0.003 0.931 0.020 0.016 0.007 0.003 
380 QAc-W-0105    (0)   :  0.007 0.003 0.005 0.954 0.005 0.003 0.009 0.014 
381 QAc-W-0106    (0)   :  0.042 0.004 0.007 0.852 0.011 0.004 0.019 0.061 
382 QAc-W-0107    (0)   :  0.004 0.010 0.004 0.968 0.004 0.004 0.003 0.003 
383 QAc-W-0108    (0)   :  0.003 0.006 0.005 0.974 0.004 0.003 0.003 0.002 
384 QAc-W-0109    (0)   :  0.009 0.007 0.025 0.920 0.005 0.016 0.010 0.007 
385 QAc-W-0110   (13)   :  0.040 0.007 0.009 0.320 0.036 0.009 0.574 0.005 
386 QAc-W-0111    (6)   :  0.007 0.004 0.005 0.958 0.004 0.005 0.011 0.006 
387 QAc-W-0112   (13)   :  0.015 0.004 0.004 0.920 0.023 0.011 0.014 0.009 
388 QAc-W-0113   (13)   :  0.008 0.005 0.003 0.005 0.959 0.005 0.010 0.004 
389 QAc-W-0114   (13)   :  0.008 0.004 0.004 0.018 0.935 0.018 0.005 0.008 
390 QAc-W-0115    (0)   :  0.005 0.006 0.005 0.005 0.963 0.003 0.009 0.004 
391 QAc-W-0116    (0)   :  0.010 0.004 0.002 0.005 0.938 0.013 0.015 0.015 
392 QAc-W-0117    (0)   :  0.007 0.004 0.004 0.003 0.965 0.008 0.006 0.003 
393 QAc-W-0118    (0)   :  0.010 0.030 0.019 0.014 0.912 0.005 0.005 0.004 
394 QAc-W-0119    (0)   :  0.010 0.003 0.008 0.004 0.957 0.004 0.007 0.006 
395 QAc-W-0120    (0)   :  0.016 0.013 0.012 0.006 0.935 0.006 0.009 0.003 
396 QAc-W-0121    (0)   :  0.009 0.010 0.044 0.003 0.916 0.009 0.006 0.002 
397 QAc-W-0122    (0)   :  0.024 0.006 0.003 0.004 0.935 0.014 0.010 0.004 
398 QAc-W-0123    (6)   :  0.040 0.012 0.011 0.011 0.891 0.013 0.009 0.013 
399 QAc-W-0124    (0)   :  0.021 0.170 0.013 0.049 0.667 0.004 0.065 0.012 
400 QAc-W-0125    (0)   :  0.008 0.006 0.007 0.011 0.946 0.007 0.005 0.009 
401 QAc-W-0126   (13)   :  0.027 0.008 0.006 0.020 0.905 0.012 0.008 0.012 
402 QAc-W-0127    (6)   :  0.007 0.006 0.004 0.004 0.965 0.004 0.006 0.005 
403 QAc-W-0128   (13)   :  0.011 0.005 0.014 0.036 0.912 0.010 0.010 0.003 
404 QAc-W-0129   (13)   :  0.022 0.012 0.006 0.006 0.875 0.021 0.052 0.005 
405 QAc-W-0130   (13)   :  0.006 0.003 0.006 0.006 0.951 0.008 0.018 0.003 
406 QAc-W-0131    (0)   :  0.052 0.011 0.005 0.006 0.878 0.005 0.005 0.038 
407 QAc-W-0132    (6)   :  0.012 0.024 0.044 0.012 0.858 0.005 0.027 0.019 
408 QAc-W-0133    (6)   :  0.305 0.014 0.138 0.044 0.482 0.005 0.006 0.006 
409 QAc-W-0134    (0)   :  0.004 0.005 0.004 0.004 0.969 0.005 0.004 0.005 
410 QAc-W-0135    (0)   :  0.008 0.016 0.011 0.006 0.893 0.007 0.056 0.003 
411 QAc-W-0136    (0)   :  0.004 0.004 0.003 0.003 0.969 0.003 0.005 0.010 
412 QAc-W-0137    (0)   :  0.003 0.004 0.003 0.002 0.976 0.003 0.004 0.005 
413 QAc-W-0138    (0)   :  0.004 0.003 0.003 0.002 0.975 0.003 0.005 0.005 
414 QAc-W-0139    (0)   :  0.018 0.276 0.006 0.031 0.623 0.005 0.033 0.008 
415 QAc-W-0140    (0)   :  0.015 0.005 0.005 0.005 0.875 0.067 0.025 0.003 
416 QAc-W-0141    (6)   :  0.026 0.008 0.016 0.005 0.849 0.019 0.073 0.004 
417 QAc-W-0142    (0)   :  0.004 0.009 0.006 0.004 0.966 0.004 0.004 0.003 
418 QAc-W-0143    (0)   :  0.009 0.005 0.002 0.007 0.959 0.008 0.006 0.004 
419 QAc-W-0144    (0)   :  0.020 0.004 0.003 0.005 0.827 0.127 0.007 0.006 
420 QAc-W-0145    (0)   :  0.015 0.005 0.003 0.003 0.963 0.005 0.004 0.003 
421 QAc-W-0146    (0)   :  0.005 0.004 0.004 0.005 0.961 0.004 0.014 0.005 
422 QAc-W-0147    (0)   :  0.004 0.007 0.003 0.004 0.973 0.003 0.004 0.002 
423 QAc-W-0148    (0)   :  0.004 0.006 0.003 0.003 0.968 0.003 0.007 0.006 
424 QAc-W-0149    (0)   :  0.015 0.006 0.003 0.010 0.905 0.040 0.009 0.012 
425 QAc-W-0150    (0)   :  0.008 0.005 0.006 0.013 0.904 0.006 0.046 0.011 
426 QAc-W-0151    (0)   :  0.006 0.004 0.005 0.005 0.953 0.005 0.015 0.006 
427 QAc-W-0152    (0)   :  0.005 0.008 0.004 0.003 0.966 0.005 0.005 0.003 
428 QAc-W-0153    (0)   :  0.855 0.034 0.006 0.028 0.022 0.009 0.042 0.005 
429 QAc-W-0154    (0)   :  0.041 0.004 0.003 0.004 0.905 0.006 0.034 0.003 
430 QAc-W-0155    (0)   :  0.004 0.005 0.003 0.003 0.974 0.003 0.005 0.003 
431 QAc-W-0156    (0)   :  0.009 0.003 0.004 0.075 0.852 0.004 0.040 0.012 
432 QAc-W-0157    (0)   :  0.068 0.016 0.009 0.003 0.846 0.011 0.013 0.034 
433 QAc-W-0158    (0)   :  0.005 0.008 0.021 0.030 0.892 0.004 0.036 0.004 
434 QAc-W-0159    (0)   :  0.006 0.003 0.007 0.005 0.961 0.005 0.006 0.008 
435 QAc-W-0160    (0)   :  0.008 0.007 0.003 0.005 0.935 0.004 0.033 0.005 
436 QAc-W-0161    (0)   :  0.010 0.003 0.004 0.004 0.812 0.009 0.047 0.111 
437 QAc-W-0162    (0)   :  0.007 0.164 0.005 0.003 0.785 0.018 0.003 0.014 
438 QAc-W-0163    (0)   :  0.019 0.005 0.004 0.004 0.939 0.020 0.006 0.004 
439 QAc-W-0164    (0)   :  0.007 0.011 0.005 0.004 0.958 0.004 0.004 0.006 
440 QAc-W-0165    (0)   :  0.036 0.011 0.031 0.003 0.900 0.006 0.006 0.009 
441 QAc-W-0166    (0)   :  0.006 0.006 0.005 0.004 0.951 0.004 0.020 0.005 
442 QAc-W-0167    (0)   :  0.952 0.008 0.003 0.011 0.008 0.009 0.005 0.004 
443 QAc-W-0168    (0)   :  0.239 0.034 0.159 0.011 0.410 0.086 0.035 0.026 
444 QAc-W-0169    (0)   :  0.892 0.008 0.008 0.003 0.008 0.025 0.051 0.004 
445 QAc-W-0170    (0)   :  0.914 0.005 0.004 0.005 0.012 0.036 0.020 0.003 
446 QAc-W-0171    (0)   :  0.955 0.007 0.003 0.007 0.006 0.009 0.006 0.006 
447 QAc-W-0172    (0)   :  0.957 0.002 0.002 0.005 0.008 0.007 0.013 0.006 
448 QAc-W-0173    (0)   :  0.796 0.021 0.003 0.006 0.050 0.026 0.085 0.014 
449 QAc-W-0174    (0)   :  0.948 0.008 0.007 0.004 0.011 0.010 0.009 0.003 


Estimated Allele Frequencies in each cluster
First column gives estimated ancestral frequencies


Locus 1 : 
21 alleles
0.4% missing data
 210   (0.117) 0.116 0.014 0.001 0.211 0.179 0.291 0.043 0.003 
 212   (0.097) 0.099 0.012 0.273 0.232 0.084 0.040 0.196 0.003 
 202   (0.051) 0.051 0.003 0.000 0.144 0.006 0.010 0.051 0.341 
 226   (0.065) 0.067 0.059 0.212 0.103 0.004 0.014 0.002 0.211 
 216   (0.071) 0.069 0.053 0.001 0.088 0.090 0.040 0.005 0.324 
 200   (0.219) 0.219 0.201 0.440 0.130 0.207 0.267 0.516 0.106 
 224   (0.033) 0.031 0.314 0.069 0.001 0.002 0.003 0.072 0.001 
 218   (0.038) 0.035 0.011 0.000 0.057 0.151 0.004 0.029 0.001 
 222   (0.022) 0.022 0.002 0.000 0.000 0.192 0.002 0.001 0.001 
 228   (0.010) 0.009 0.187 0.000 0.000 0.001 0.001 0.000 0.000 
 214   (0.073) 0.081 0.131 0.001 0.001 0.048 0.120 0.002 0.002 
 208   (0.059) 0.060 0.004 0.000 0.029 0.003 0.052 0.073 0.002 
 220   (0.028) 0.031 0.002 0.000 0.000 0.009 0.003 0.001 0.001 
 206   (0.037) 0.036 0.003 0.000 0.001 0.019 0.057 0.003 0.001 
 196   (0.011) 0.011 0.001 0.000 0.000 0.001 0.001 0.000 0.000 
 238   (0.010) 0.010 0.001 0.000 0.000 0.001 0.001 0.000 0.000 
 121   (0.012) 0.010 0.001 0.000 0.000 0.001 0.001 0.003 0.001 
 204   (0.013) 0.012 0.001 0.000 0.000 0.001 0.025 0.000 0.000 
 190   (0.010) 0.010 0.001 0.000 0.000 0.001 0.001 0.000 0.000 
 198   (0.009) 0.008 0.001 0.000 0.000 0.000 0.010 0.000 0.000 
 232   (0.013) 0.011 0.001 0.000 0.000 0.001 0.058 0.000 0.000 

Locus 2 : 
16 alleles
1.6% missing data
 171   (0.209) 0.211 0.043 0.002 0.144 0.066 0.510 0.334 0.411 
 175   (0.108) 0.110 0.027 0.152 0.247 0.023 0.043 0.037 0.134 
 185   (0.055) 0.054 0.038 0.001 0.146 0.226 0.006 0.009 0.001 
 181   (0.092) 0.091 0.044 0.443 0.349 0.006 0.096 0.103 0.003 
 179   (0.070) 0.068 0.389 0.004 0.001 0.281 0.015 0.005 0.329 
 173   (0.167) 0.165 0.121 0.396 0.064 0.194 0.106 0.339 0.108 
 177   (0.030) 0.028 0.305 0.000 0.000 0.056 0.004 0.001 0.004 
 183   (0.056) 0.055 0.003 0.000 0.019 0.089 0.131 0.002 0.001 
 187   (0.112) 0.123 0.024 0.001 0.002 0.023 0.061 0.070 0.003 
 189   (0.027) 0.025 0.002 0.000 0.000 0.025 0.003 0.100 0.001 
 191   (0.019) 0.016 0.001 0.000 0.027 0.001 0.020 0.001 0.004 
 163   (0.012) 0.012 0.001 0.000 0.000 0.001 0.001 0.000 0.000 
 165   (0.010) 0.010 0.001 0.000 0.000 0.001 0.001 0.000 0.000 
 193   (0.010) 0.010 0.001 0.000 0.000 0.001 0.001 0.000 0.000 
 169   (0.011) 0.010 0.001 0.000 0.000 0.007 0.001 0.000 0.000 
 167   (0.012) 0.011 0.001 0.000 0.000 0.001 0.001 0.000 0.000 

Locus 3 : 
7 alleles
2.4% missing data
 206   (0.837) 0.840 0.905 0.992 0.984 0.985 0.924 0.932 0.990 
 208   (0.062) 0.063 0.052 0.001 0.001 0.005 0.025 0.064 0.002 
 198   (0.011) 0.009 0.001 0.000 0.005 0.001 0.001 0.000 0.000 
 204   (0.046) 0.043 0.039 0.007 0.008 0.007 0.035 0.001 0.007 
 218   (0.017) 0.016 0.001 0.000 0.000 0.001 0.010 0.000 0.000 
 230   (0.012) 0.012 0.001 0.000 0.000 0.001 0.003 0.000 0.000 
 212   (0.016) 0.017 0.001 0.000 0.000 0.001 0.002 0.000 0.000 

Locus 4 : 
15 alleles
3.6% missing data
