

----------------------------------------------------
STRUCTURE by Pritchard, Stephens and Donnelly (2000)
     and Falush, Stephens and Pritchard (2003)
       Code by Pritchard, Falush and Hubisz
             Version 2.3.4 (Jul 2012)
----------------------------------------------------



Command line arguments:   bin\structure -m C:\Users\eschumacher\Documents\GitHub\GCC_QUAC_ZAIN\Data_Files\Structure_Files\QUAC\QUAC_wK_nopopinfo_garden_wild\QUAC_wK_nopopinfo_STR\50-50\mainparams -e C:\Users\eschumacher\Documents\GitHub\GCC_QUAC_ZAIN\Data_Files\Structure_Files\QUAC\QUAC_wK_nopopinfo_garden_wild\QUAC_wK_nopopinfo_STR\50-50\extraparams 
Input File:    C:\Users\eschumacher\Documents\GitHub\GCC_QUAC_ZAIN\Data_Files\Structure_Files\QUAC\QUAC_wK_nopopinfo_garden_wild\QUAC_wK_nopopinfo_STR\project_data

Run parameters:
   449 individuals
   15 loci
   10 populations assumed
   50000 Burn-in period
   50000 Reps


--------------------------------------------
Overall proportion of membership of the
sample in each of the 10 clusters

Inferred Clusters
  1      2      3      4      5      6      7      8      9     10    
0.076  0.200  0.062  0.125  0.073  0.070  0.054  0.075  0.142  0.123  

--------------------------------------------

Allele-freq. divergence among pops (Net nucleotide distance),
computed using point estimates of P.

      1       2       3       4       5       6       7       8       9      10      
 1      -    0.0745  0.0957  0.0751  0.0362  0.1160  0.0430  0.1693  0.1411  0.1260  
 2   0.0745     -    0.0959  0.0564  0.0309  0.0985  0.0628  0.1473  0.1122  0.0989  
 3   0.0957  0.0959     -    0.0845  0.0600  0.1422  0.0828  0.1411  0.0967  0.1166  
 4   0.0751  0.0564  0.0845     -    0.0317  0.1024  0.0584  0.1593  0.1291  0.0958  
 5   0.0362  0.0309  0.0600  0.0317     -    0.0863  0.0343  0.1174  0.0983  0.0664  
 6   0.1160  0.0985  0.1422  0.1024  0.0863     -    0.0867  0.2233  0.1679  0.1565  
 7   0.0430  0.0628  0.0828  0.0584  0.0343  0.0867     -    0.1693  0.1090  0.1115  
 8   0.1693  0.1473  0.1411  0.1593  0.1174  0.2233  0.1693     -    0.1919  0.0822  
 9   0.1411  0.1122  0.0967  0.1291  0.0983  0.1679  0.1090  0.1919     -    0.1412  
10   0.1260  0.0989  0.1166  0.0958  0.0664  0.1565  0.1115  0.0822  0.1412     -    

Average distances (expected heterozygosity) between individuals in same cluster:
cluster  1  : 0.6107 
cluster  2  : 0.5614 
cluster  3  : 0.5110 
cluster  4  : 0.5540 
cluster  5  : 0.6945 
cluster  6  : 0.4646 
cluster  7  : 0.6017 
cluster  8  : 0.3928 
cluster  9  : 0.3999 
cluster 10  : 0.5034 

--------------------------------------------
Estimated Ln Prob of Data   = -15673.4
Mean value of ln likelihood = -15233.2
Variance of ln likelihood   = 880.5
Mean value of alpha         = 0.0330

Mean value of Fst_1         = 0.1085
Mean value of Fst_2         = 0.1615
Mean value of Fst_3         = 0.2673
Mean value of Fst_4         = 0.1457
Mean value of Fst_5         = 0.0002
Mean value of Fst_6         = 0.4202
Mean value of Fst_7         = 0.1519
Mean value of Fst_8         = 0.5502
Mean value of Fst_9         = 0.5002
Mean value of Fst_10         = 0.2564


Inferred ancestry of individuals:
        Label (%Miss) :  Inferred clusters
  1 QAc-G-0029    (0)   :  0.004 0.062 0.009 0.021 0.041 0.006 0.004 0.612 0.026 0.214 
  2 QAc-G-0030    (0)   :  0.002 0.002 0.003 0.002 0.002 0.002 0.002 0.978 0.002 0.003 
  3 QAc-G-0031    (0)   :  0.002 0.002 0.004 0.003 0.002 0.002 0.002 0.973 0.004 0.005 
  4 QAc-G-0061    (0)   :  0.002 0.005 0.003 0.005 0.003 0.004 0.003 0.117 0.004 0.855 
  5 QAc-G-0062    (0)   :  0.007 0.006 0.336 0.104 0.062 0.435 0.015 0.006 0.024 0.005 
  6 QAc-G-0063    (0)   :  0.008 0.107 0.139 0.031 0.102 0.015 0.023 0.005 0.564 0.005 
  7 QAc-G-0064    (0)   :  0.003 0.004 0.006 0.004 0.003 0.966 0.004 0.003 0.005 0.003 
  8 QAc-G-0065    (0)   :  0.003 0.003 0.002 0.002 0.003 0.970 0.005 0.007 0.002 0.002 
  9 QAc-G-0066    (0)   :  0.002 0.003 0.004 0.003 0.002 0.002 0.002 0.004 0.973 0.004 
 10 QAc-G-0067    (0)   :  0.004 0.003 0.002 0.003 0.003 0.965 0.003 0.006 0.003 0.008 
 11 QAc-G-0068    (0)   :  0.005 0.003 0.004 0.008 0.006 0.006 0.422 0.003 0.540 0.004 
 12 QAc-G-0070    (0)   :  0.007 0.009 0.086 0.332 0.012 0.008 0.004 0.004 0.529 0.007 
 13 QAc-G-0071   (13)   :  0.007 0.004 0.038 0.006 0.006 0.002 0.005 0.017 0.905 0.010 
 14 QAc-G-0072    (0)   :  0.002 0.004 0.003 0.004 0.003 0.003 0.003 0.004 0.971 0.003 
 15 QAc-G-0073    (0)   :  0.003 0.968 0.003 0.004 0.005 0.003 0.003 0.003 0.003 0.005 
 16 QAc-G-0074    (0)   :  0.008 0.699 0.065 0.035 0.043 0.005 0.011 0.005 0.125 0.004 
 17 QAc-G-0075    (0)   :  0.011 0.927 0.006 0.006 0.011 0.005 0.006 0.013 0.011 0.005 
 18 QAc-G-0076    (0)   :  0.003 0.896 0.004 0.009 0.026 0.007 0.029 0.007 0.010 0.009 
 19 QAc-G-0077    (0)   :  0.003 0.006 0.006 0.003 0.004 0.007 0.003 0.126 0.008 0.833 
 20 QAc-G-0078    (0)   :  0.002 0.002 0.002 0.002 0.002 0.002 0.002 0.980 0.002 0.003 
 21 QAc-G-0079    (0)   :  0.003 0.003 0.003 0.002 0.002 0.002 0.002 0.976 0.003 0.003 
 22 QAc-G-0080    (0)   :  0.011 0.070 0.021 0.004 0.081 0.021 0.018 0.003 0.007 0.765 
 23 QAc-G-0081    (0)   :  0.017 0.018 0.019 0.163 0.756 0.004 0.007 0.006 0.005 0.005 
 24 QAc-G-0082    (0)   :  0.015 0.012 0.007 0.014 0.937 0.003 0.004 0.002 0.002 0.004 
 25 QAc-G-0083    (0)   :  0.006 0.036 0.880 0.012 0.010 0.013 0.004 0.010 0.012 0.017 
 26 QAc-G-0001   (13)   :  0.003 0.003 0.003 0.002 0.003 0.002 0.003 0.973 0.004 0.005 
 27 QAc-G-0002    (0)   :  0.002 0.002 0.002 0.002 0.002 0.002 0.002 0.978 0.003 0.005 
 28 QAc-G-0285    (0)   :  0.011 0.005 0.935 0.007 0.006 0.004 0.007 0.005 0.014 0.005 
 29 QAc-G-0286    (0)   :  0.002 0.003 0.005 0.003 0.002 0.003 0.003 0.003 0.974 0.003 
 30 QAc-G-0287    (0)   :  0.002 0.002 0.003 0.002 0.002 0.002 0.003 0.003 0.977 0.003 
 31 QAc-G-0288    (6)   :  0.007 0.017 0.008 0.039 0.011 0.010 0.010 0.022 0.849 0.027 
 32 QAc-G-0289    (0)   :  0.002 0.003 0.003 0.003 0.003 0.003 0.003 0.003 0.973 0.004 
 33 QAc-G-0290    (0)   :  0.003 0.004 0.003 0.003 0.003 0.006 0.003 0.003 0.970 0.004 
 34 QAc-G-0291    (0)   :  0.003 0.005 0.018 0.002 0.004 0.003 0.004 0.039 0.905 0.017 
 35 QAc-G-0292    (0)   :  0.005 0.004 0.684 0.010 0.007 0.003 0.008 0.003 0.272 0.004 
 36 QAc-G-0293    (0)   :  0.003 0.003 0.459 0.002 0.003 0.002 0.003 0.013 0.509 0.004 
 37 QAc-G-0294    (0)   :  0.007 0.920 0.003 0.006 0.014 0.006 0.028 0.007 0.003 0.006 
 38 QAc-G-0295    (0)   :  0.003 0.936 0.010 0.004 0.007 0.006 0.004 0.008 0.013 0.009 
 39 QAc-G-0296    (0)   :  0.003 0.956 0.005 0.004 0.004 0.011 0.006 0.002 0.006 0.004 
 40 QAc-G-0297    (0)   :  0.022 0.231 0.003 0.007 0.710 0.005 0.014 0.002 0.003 0.003 
 41 QAc-G-0298    (6)   :  0.003 0.962 0.004 0.003 0.006 0.005 0.004 0.005 0.003 0.005 
 42 QAc-G-0299    (0)   :  0.006 0.954 0.005 0.004 0.005 0.003 0.009 0.004 0.007 0.004 
 43 QAc-G-0300    (0)   :  0.004 0.945 0.003 0.010 0.005 0.018 0.005 0.003 0.003 0.003 
 44 QAc-G-0301    (0)   :  0.005 0.891 0.006 0.004 0.006 0.063 0.004 0.006 0.011 0.004 
 45 QAc-G-0302    (0)   :  0.916 0.009 0.006 0.005 0.021 0.004 0.025 0.003 0.007 0.004 
 46 QAc-G-0303    (0)   :  0.884 0.008 0.008 0.029 0.033 0.006 0.020 0.003 0.003 0.006 
 47 QAc-G-0304    (0)   :  0.002 0.003 0.006 0.003 0.002 0.002 0.002 0.003 0.973 0.003 
 48 QAc-G-0305    (0)   :  0.027 0.005 0.192 0.042 0.042 0.003 0.065 0.042 0.544 0.037 
 49 QAc-G-0306    (0)   :  0.002 0.002 0.005 0.003 0.002 0.002 0.002 0.003 0.974 0.004 
 50 QAc-G-0307    (0)   :  0.014 0.008 0.022 0.035 0.025 0.006 0.007 0.049 0.004 0.829 
 51 QAc-G-0308    (0)   :  0.006 0.006 0.007 0.005 0.004 0.003 0.007 0.004 0.009 0.949 
 52 QAc-G-0309    (0)   :  0.003 0.003 0.004 0.004 0.017 0.002 0.004 0.954 0.004 0.005 
 53 QAc-G-0310    (0)   :  0.003 0.003 0.003 0.003 0.003 0.003 0.003 0.973 0.003 0.005 
 54 QAc-G-0311    (0)   :  0.002 0.002 0.002 0.002 0.002 0.002 0.002 0.005 0.003 0.977 
 55 QAc-G-0312    (0)   :  0.059 0.105 0.006 0.067 0.079 0.011 0.043 0.006 0.007 0.618 
 56 QAc-G-0313    (0)   :  0.006 0.014 0.037 0.062 0.836 0.006 0.005 0.022 0.007 0.005 
 57 QAc-G-0314    (0)   :  0.031 0.115 0.003 0.078 0.737 0.008 0.005 0.009 0.004 0.010 
 58 QAc-G-0315    (0)   :  0.009 0.010 0.005 0.012 0.918 0.006 0.022 0.004 0.008 0.005 
 59 QAc-G-0316    (0)   :  0.005 0.005 0.007 0.073 0.856 0.008 0.005 0.022 0.008 0.011 
 60 QAc-G-0032    (6)   :  0.084 0.012 0.003 0.008 0.112 0.108 0.646 0.012 0.008 0.006 
 61 QAc-G-0033    (0)   :  0.005 0.955 0.003 0.005 0.004 0.008 0.005 0.007 0.005 0.004 
 62 QAc-G-0034    (0)   :  0.010 0.902 0.004 0.016 0.007 0.007 0.007 0.021 0.004 0.022 
 63 QAc-G-0035    (0)   :  0.004 0.950 0.005 0.004 0.006 0.009 0.007 0.003 0.006 0.005 
 64 QAc-G-0036    (0)   :  0.004 0.924 0.014 0.012 0.010 0.004 0.007 0.006 0.013 0.006 
 65 QAc-G-0037    (0)   :  0.003 0.943 0.005 0.002 0.005 0.005 0.004 0.006 0.015 0.011 
 66 QAc-G-0038    (0)   :  0.003 0.973 0.003 0.004 0.004 0.003 0.003 0.002 0.003 0.002 
 67 QAc-G-0039    (0)   :  0.010 0.884 0.004 0.016 0.020 0.005 0.014 0.011 0.005 0.030 
 68 QAc-G-0040    (0)   :  0.005 0.824 0.009 0.065 0.016 0.003 0.013 0.005 0.054 0.006 
 69 QAc-G-0041    (0)   :  0.003 0.916 0.017 0.020 0.006 0.026 0.003 0.003 0.003 0.003 
 70 QAc-G-0042    (0)   :  0.004 0.956 0.004 0.005 0.005 0.005 0.009 0.002 0.007 0.003 
 71 QAc-G-0043    (0)   :  0.003 0.964 0.003 0.004 0.004 0.002 0.003 0.004 0.005 0.008 
 72 QAc-G-0044    (0)   :  0.013 0.918 0.005 0.006 0.012 0.022 0.009 0.004 0.008 0.003 
 73 QAc-G-0045    (0)   :  0.004 0.909 0.004 0.007 0.006 0.011 0.008 0.012 0.006 0.032 
 74 QAc-G-0046    (0)   :  0.003 0.893 0.005 0.014 0.011 0.004 0.005 0.044 0.002 0.017 
 75 QAc-G-0047    (0)   :  0.013 0.900 0.004 0.007 0.011 0.006 0.015 0.021 0.005 0.018 
 76 QAc-G-0048    (0)   :  0.004 0.962 0.005 0.007 0.005 0.006 0.003 0.002 0.003 0.003 
 77 QAc-G-0049    (0)   :  0.002 0.002 0.003 0.003 0.003 0.002 0.002 0.972 0.004 0.007 
 78 QAc-G-0050    (0)   :  0.068 0.004 0.006 0.016 0.797 0.004 0.010 0.010 0.020 0.066 
 79 QAc-G-0051    (0)   :  0.002 0.002 0.004 0.002 0.002 0.002 0.002 0.977 0.003 0.004 
 80 QAc-G-0052    (0)   :  0.003 0.006 0.003 0.005 0.005 0.010 0.004 0.007 0.004 0.952 
 81 QAc-G-0053    (0)   :  0.002 0.015 0.005 0.003 0.006 0.004 0.003 0.014 0.007 0.942 
 82 QAc-G-0054    (0)   :  0.025 0.012 0.002 0.071 0.357 0.004 0.024 0.002 0.003 0.499 
 83 QAc-G-0055    (0)   :  0.079 0.008 0.004 0.010 0.261 0.002 0.022 0.005 0.004 0.605 
 84 QAc-G-0056    (0)   :  0.009 0.007 0.006 0.057 0.829 0.008 0.022 0.004 0.013 0.046 
 85 QAc-G-0057    (0)   :  0.003 0.003 0.003 0.002 0.002 0.002 0.002 0.974 0.003 0.005 
 86 QAc-G-0058    (6)   :  0.002 0.002 0.004 0.002 0.003 0.002 0.002 0.976 0.003 0.004 
 87 QAc-G-0059    (0)   :  0.009 0.009 0.003 0.006 0.501 0.003 0.006 0.005 0.002 0.456 
 88 QAc-G-0060    (6)   :  0.004 0.007 0.005 0.006 0.028 0.010 0.006 0.013 0.012 0.909 
 89 QAc-G-0276    (0)   :  0.005 0.016 0.592 0.005 0.006 0.002 0.003 0.006 0.354 0.010 
 90 QAc-G-0279    (0)   :  0.002 0.003 0.004 0.003 0.003 0.002 0.003 0.005 0.970 0.004 
 91 QAc-G-0280    (6)   :  0.003 0.007 0.004 0.004 0.004 0.003 0.003 0.003 0.965 0.003 
 92 QAc-G-0281    (0)   :  0.002 0.003 0.003 0.003 0.003 0.003 0.003 0.006 0.005 0.970 
 93 QAc-G-0018    (0)   :  0.015 0.808 0.005 0.008 0.021 0.006 0.067 0.023 0.006 0.040 
 94 QAc-G-0019    (0)   :  0.003 0.882 0.013 0.006 0.005 0.062 0.007 0.003 0.012 0.005 
 95 QAc-G-0020    (0)   :  0.003 0.947 0.004 0.004 0.023 0.003 0.004 0.004 0.002 0.005 
 96 QAc-G-0021    (6)   :  0.003 0.953 0.003 0.002 0.005 0.012 0.003 0.008 0.003 0.007 
 97 QAc-G-0022    (6)   :  0.010 0.744 0.012 0.076 0.072 0.046 0.005 0.010 0.004 0.019 
 98 QAc-G-0023    (0)   :  0.003 0.003 0.005 0.003 0.003 0.002 0.003 0.626 0.003 0.349 
 99 QAc-G-0024    (0)   :  0.003 0.004 0.002 0.003 0.003 0.003 0.003 0.970 0.003 0.006 
100 QAc-G-0016    (0)   :  0.110 0.012 0.006 0.010 0.072 0.005 0.380 0.003 0.010 0.391 
101 QAc-G-0017    (0)   :  0.677 0.008 0.005 0.008 0.019 0.258 0.015 0.003 0.005 0.003 
102 QAc-G-0250    (0)   :  0.073 0.022 0.268 0.015 0.346 0.007 0.074 0.007 0.180 0.008 
103 QAc-G-0003    (6)   :  0.003 0.004 0.008 0.005 0.004 0.003 0.004 0.004 0.960 0.005 
104 QAc-G-0004    (0)   :  0.876 0.043 0.007 0.005 0.026 0.007 0.012 0.016 0.003 0.006 
105 QAc-G-0005    (0)   :  0.003 0.003 0.002 0.003 0.002 0.974 0.004 0.003 0.003 0.003 
106 QAc-G-0006    (6)   :  0.932 0.008 0.009 0.010 0.024 0.003 0.006 0.002 0.004 0.003 
107 QAc-G-0283    (0)   :  0.032 0.007 0.095 0.121 0.726 0.003 0.006 0.003 0.003 0.004 
108 QAc-G-0265    (0)   :  0.012 0.018 0.275 0.009 0.241 0.004 0.007 0.425 0.004 0.005 
109 QAc-G-0266    (0)   :  0.002 0.002 0.003 0.002 0.003 0.002 0.002 0.974 0.004 0.006 
110 QAc-G-0267    (0)   :  0.004 0.204 0.632 0.012 0.010 0.113 0.009 0.004 0.004 0.008 
111 QAc-G-0268   (20)   :  0.029 0.005 0.007 0.006 0.353 0.012 0.030 0.003 0.546 0.009 
112 QAc-G-0269    (0)   :  0.002 0.003 0.004 0.003 0.003 0.002 0.003 0.004 0.973 0.003 
113 QAc-G-0270    (6)   :  0.004 0.957 0.005 0.005 0.004 0.009 0.004 0.004 0.006 0.004 
114 QAc-G-0271    (0)   :  0.012 0.669 0.006 0.007 0.189 0.097 0.010 0.004 0.004 0.004 
115 QAc-G-0272    (6)   :  0.006 0.928 0.009 0.006 0.009 0.003 0.010 0.005 0.016 0.006 
116 QAc-G-0273    (0)   :  0.003 0.003 0.004 0.004 0.004 0.004 0.005 0.011 0.004 0.958 
117 QAc-G-0274    (0)   :  0.002 0.003 0.002 0.003 0.002 0.979 0.003 0.002 0.002 0.002 
118 QAc-G-0251    (6)   :  0.014 0.931 0.004 0.008 0.005 0.014 0.010 0.006 0.004 0.004 
119 QAc-G-0252    (0)   :  0.012 0.939 0.003 0.011 0.007 0.005 0.009 0.004 0.005 0.005 
120 QAc-G-0253    (0)   :  0.003 0.004 0.004 0.003 0.005 0.002 0.003 0.017 0.005 0.953 
121 QAc-G-0254    (0)   :  0.004 0.004 0.003 0.003 0.010 0.003 0.004 0.923 0.003 0.043 
122 QAc-G-0255    (0)   :  0.946 0.009 0.006 0.005 0.009 0.006 0.008 0.003 0.004 0.004 
123 QAc-G-0256    (0)   :  0.261 0.005 0.006 0.003 0.005 0.006 0.697 0.003 0.009 0.004 
124 QAc-G-0257    (0)   :  0.744 0.015 0.006 0.029 0.023 0.117 0.046 0.002 0.003 0.016 
125 QAc-G-0258    (0)   :  0.962 0.004 0.004 0.003 0.007 0.006 0.006 0.002 0.003 0.002 
126 QAc-G-0259    (0)   :  0.008 0.004 0.002 0.010 0.963 0.002 0.005 0.002 0.002 0.002 
127 QAc-G-0260    (0)   :  0.009 0.014 0.015 0.048 0.501 0.061 0.281 0.006 0.043 0.021 
128 QAc-G-0261    (0)   :  0.056 0.010 0.004 0.007 0.350 0.451 0.109 0.003 0.004 0.005 
129 QAc-G-0262    (0)   :  0.098 0.006 0.018 0.014 0.454 0.034 0.343 0.004 0.016 0.012 
130 QAc-G-0010    (0)   :  0.004 0.014 0.897 0.008 0.012 0.005 0.004 0.015 0.034 0.008 
131 QAc-G-0011    (0)   :  0.004 0.007 0.003 0.931 0.034 0.006 0.004 0.004 0.004 0.004 
132 QAc-G-0015    (0)   :  0.151 0.009 0.010 0.046 0.045 0.009 0.018 0.432 0.003 0.278 
133 QAc-G-0106    (0)   :  0.894 0.009 0.003 0.007 0.017 0.030 0.032 0.002 0.003 0.003 
134 QAc-G-0107    (0)   :  0.098 0.005 0.010 0.005 0.014 0.003 0.837 0.008 0.007 0.013 
135 QAc-G-0108    (0)   :  0.482 0.007 0.004 0.005 0.009 0.005 0.477 0.002 0.006 0.002 
136 QAc-G-0109    (0)   :  0.754 0.011 0.007 0.029 0.097 0.043 0.030 0.007 0.005 0.017 
137 QAc-G-0110    (0)   :  0.809 0.031 0.017 0.011 0.027 0.003 0.032 0.006 0.058 0.006 
138 QAc-G-0111    (0)   :  0.896 0.013 0.021 0.008 0.011 0.006 0.027 0.006 0.006 0.005 
139 QAc-G-0112    (0)   :  0.884 0.004 0.012 0.004 0.021 0.004 0.023 0.011 0.029 0.006 
140 QAc-G-0113    (0)   :  0.563 0.007 0.014 0.007 0.024 0.024 0.275 0.002 0.008 0.076 
141 QAc-G-0114    (0)   :  0.900 0.024 0.009 0.005 0.014 0.003 0.011 0.010 0.013 0.011 
142 QAc-G-0115    (0)   :  0.923 0.004 0.004 0.006 0.014 0.005 0.028 0.003 0.007 0.006 
143 QAc-G-0116    (0)   :  0.931 0.004 0.012 0.006 0.006 0.007 0.011 0.006 0.011 0.005 
144 QAc-G-0117    (0)   :  0.044 0.156 0.029 0.013 0.069 0.037 0.612 0.008 0.004 0.027 
145 QAc-G-0118    (0)   :  0.932 0.005 0.012 0.008 0.008 0.020 0.005 0.002 0.004 0.002 
146 QAc-G-0119    (0)   :  0.928 0.011 0.002 0.003 0.018 0.020 0.004 0.008 0.002 0.003 
147 QAc-G-0120    (0)   :  0.903 0.009 0.005 0.009 0.044 0.005 0.007 0.004 0.006 0.007 
148 QAc-G-0121    (0)   :  0.005 0.008 0.004 0.003 0.004 0.956 0.006 0.004 0.006 0.003 
149 QAc-G-0122    (0)   :  0.006 0.008 0.009 0.005 0.005 0.915 0.010 0.005 0.036 0.003 
150 QAc-G-0123    (0)   :  0.002 0.004 0.002 0.002 0.002 0.979 0.002 0.002 0.002 0.002 
151 QAc-G-0124    (6)   :  0.003 0.004 0.003 0.004 0.003 0.970 0.003 0.003 0.003 0.003 
152 QAc-G-0125    (0)   :  0.032 0.006 0.044 0.051 0.244 0.500 0.022 0.061 0.011 0.029 
153 QAc-G-0126    (0)   :  0.113 0.010 0.005 0.014 0.554 0.216 0.047 0.003 0.007 0.031 
154 QAc-G-0127    (0)   :  0.007 0.007 0.004 0.012 0.005 0.936 0.015 0.003 0.004 0.007 
155 QAc-G-0128    (0)   :  0.003 0.003 0.003 0.003 0.003 0.971 0.004 0.004 0.005 0.003 
156 QAc-G-0129    (0)   :  0.003 0.003 0.002 0.002 0.002 0.978 0.003 0.002 0.003 0.002 
157 QAc-G-0130    (0)   :  0.031 0.008 0.008 0.017 0.006 0.881 0.040 0.002 0.004 0.003 
158 QAc-G-0131    (0)   :  0.004 0.006 0.003 0.004 0.004 0.960 0.006 0.003 0.004 0.005 
159 QAc-G-0132    (0)   :  0.102 0.006 0.018 0.007 0.024 0.764 0.033 0.023 0.015 0.009 
160 QAc-G-0133    (0)   :  0.002 0.009 0.006 0.004 0.005 0.954 0.007 0.004 0.005 0.004 
161 QAc-G-0134    (0)   :  0.005 0.004 0.003 0.003 0.004 0.964 0.004 0.008 0.004 0.003 
162 QAc-G-0135    (0)   :  0.951 0.008 0.004 0.005 0.008 0.003 0.003 0.007 0.005 0.006 
163 QAc-G-0136    (0)   :  0.814 0.005 0.114 0.013 0.013 0.006 0.018 0.006 0.006 0.005 
164 QAc-G-0137    (0)   :  0.811 0.011 0.006 0.007 0.015 0.041 0.099 0.003 0.004 0.004 
165 QAc-G-0138    (0)   :  0.912 0.002 0.024 0.026 0.010 0.006 0.006 0.004 0.002 0.006 
166 QAc-G-0139    (0)   :  0.894 0.038 0.003 0.007 0.007 0.034 0.009 0.002 0.003 0.003 
167 QAc-G-0140    (6)   :  0.025 0.006 0.004 0.003 0.006 0.007 0.940 0.002 0.004 0.003 
168 QAc-G-0141    (0)   :  0.011 0.019 0.011 0.016 0.053 0.010 0.823 0.006 0.008 0.043 
169 QAc-G-0142    (0)   :  0.970 0.005 0.003 0.003 0.004 0.003 0.005 0.002 0.003 0.002 
170 QAc-G-0143    (0)   :  0.004 0.004 0.004 0.004 0.965 0.003 0.003 0.002 0.005 0.005 
171 QAc-G-0144    (6)   :  0.576 0.005 0.014 0.004 0.362 0.002 0.023 0.004 0.004 0.006 
172 QAc-G-0145    (0)   :  0.003 0.004 0.004 0.003 0.003 0.002 0.003 0.003 0.972 0.002 
173 QAc-G-0146    (0)   :  0.002 0.003 0.003 0.003 0.003 0.975 0.003 0.002 0.003 0.004 
174 QAc-G-0147    (0)   :  0.025 0.018 0.043 0.273 0.102 0.308 0.213 0.003 0.007 0.009 
175 QAc-G-0148    (0)   :  0.008 0.013 0.016 0.005 0.026 0.007 0.912 0.006 0.003 0.006 
176 QAc-G-0149    (0)   :  0.003 0.004 0.003 0.003 0.003 0.972 0.004 0.003 0.004 0.002 
177 QAc-G-0150    (0)   :  0.003 0.003 0.004 0.003 0.003 0.003 0.003 0.003 0.971 0.004 
178 QAc-G-0151    (0)   :  0.003 0.004 0.003 0.003 0.003 0.972 0.003 0.003 0.003 0.003 
179 QAc-G-0152    (0)   :  0.002 0.005 0.002 0.003 0.003 0.970 0.002 0.003 0.002 0.006 
180 QAc-G-0153    (0)   :  0.006 0.009 0.065 0.018 0.011 0.878 0.008 0.002 0.003 0.002 
181 QAc-G-0154    (0)   :  0.017 0.028 0.017 0.004 0.007 0.882 0.028 0.003 0.011 0.003 
182 QAc-G-0155    (0)   :  0.003 0.005 0.003 0.003 0.003 0.973 0.003 0.003 0.003 0.003 
183 QAc-G-0158    (0)   :  0.003 0.002 0.003 0.003 0.003 0.976 0.003 0.003 0.003 0.003 
184 QAc-G-0159    (0)   :  0.791 0.012 0.004 0.013 0.041 0.022 0.089 0.010 0.013 0.006 
185 QAc-G-0160    (0)   :  0.002 0.002 0.003 0.002 0.002 0.002 0.002 0.002 0.979 0.003 
186 QAc-G-0161    (0)   :  0.002 0.003 0.003 0.002 0.002 0.002 0.002 0.003 0.977 0.003 
187 QAc-G-0162    (0)   :  0.006 0.313 0.549 0.008 0.033 0.005 0.008 0.008 0.066 0.005 
188 QAc-G-0163    (0)   :  0.022 0.070 0.019 0.006 0.022 0.003 0.027 0.002 0.826 0.003 
189 QAc-G-0164    (0)   :  0.004 0.004 0.003 0.066 0.012 0.002 0.004 0.004 0.885 0.016 
190 QAc-G-0165    (0)   :  0.004 0.006 0.006 0.005 0.004 0.007 0.004 0.002 0.959 0.003 
191 QAc-G-0166    (0)   :  0.002 0.005 0.003 0.003 0.003 0.002 0.002 0.003 0.973 0.003 
192 QAc-G-0167    (0)   :  0.003 0.004 0.004 0.004 0.003 0.003 0.003 0.004 0.969 0.003 
193 QAc-G-0168    (0)   :  0.002 0.003 0.003 0.002 0.002 0.002 0.002 0.004 0.977 0.003 
194 QAc-G-0169    (6)   :  0.213 0.007 0.109 0.012 0.388 0.005 0.006 0.005 0.252 0.005 
195 QAc-G-0170    (0)   :  0.003 0.004 0.005 0.004 0.003 0.005 0.004 0.004 0.963 0.004 
196 QAc-G-0171    (0)   :  0.002 0.003 0.005 0.004 0.003 0.003 0.003 0.004 0.971 0.003 
197 QAc-G-0172    (0)   :  0.804 0.010 0.017 0.012 0.077 0.015 0.033 0.009 0.017 0.007 
198 QAc-G-0173    (0)   :  0.003 0.003 0.496 0.002 0.003 0.002 0.003 0.010 0.475 0.004 
199 QAc-G-0174    (0)   :  0.003 0.005 0.941 0.004 0.003 0.003 0.007 0.006 0.022 0.005 
200 QAc-G-0175    (0)   :  0.002 0.003 0.005 0.003 0.003 0.002 0.003 0.003 0.972 0.004 
201 QAc-G-0176    (0)   :  0.006 0.147 0.007 0.004 0.016 0.003 0.004 0.003 0.798 0.012 
202 QAc-G-0177    (0)   :  0.002 0.003 0.007 0.003 0.003 0.003 0.003 0.003 0.969 0.004 
203 QAc-G-0178    (0)   :  0.004 0.003 0.009 0.244 0.014 0.013 0.004 0.006 0.689 0.014 
204 QAc-G-0179    (6)   :  0.002 0.003 0.007 0.002 0.003 0.002 0.002 0.003 0.972 0.003 
205 QAc-G-0180    (0)   :  0.002 0.003 0.003 0.003 0.002 0.002 0.002 0.003 0.977 0.002 
206 QAc-G-0181    (0)   :  0.004 0.009 0.003 0.005 0.003 0.003 0.003 0.002 0.965 0.002 
207 QAc-G-0182    (0)   :  0.004 0.005 0.507 0.004 0.006 0.005 0.007 0.002 0.458 0.003 
208 QAc-G-0183    (6)   :  0.009 0.003 0.013 0.004 0.012 0.004 0.005 0.004 0.938 0.007 
209 QAc-G-0184    (0)   :  0.003 0.003 0.004 0.003 0.003 0.003 0.003 0.002 0.973 0.003 
210 QAc-G-0185    (0)   :  0.009 0.011 0.048 0.110 0.018 0.036 0.010 0.004 0.749 0.007 
211 QAc-G-0186    (0)   :  0.004 0.010 0.004 0.005 0.004 0.002 0.003 0.002 0.964 0.002 
212 QAc-G-0187    (0)   :  0.005 0.014 0.004 0.127 0.019 0.005 0.008 0.028 0.764 0.027 
213 QAc-G-0188    (0)   :  0.565 0.018 0.010 0.005 0.104 0.005 0.019 0.002 0.269 0.004 
214 QAc-G-0189    (0)   :  0.004 0.003 0.033 0.005 0.006 0.002 0.004 0.011 0.923 0.010 
215 QAc-G-0190    (0)   :  0.003 0.004 0.004 0.003 0.003 0.004 0.003 0.004 0.969 0.004 
216 QAc-G-0191    (0)   :  0.003 0.004 0.005 0.003 0.003 0.004 0.003 0.004 0.969 0.004 
217 QAc-G-0192    (0)   :  0.002 0.002 0.003 0.002 0.002 0.002 0.003 0.003 0.978 0.003 
218 QAc-G-0193    (0)   :  0.003 0.004 0.003 0.004 0.003 0.004 0.003 0.002 0.971 0.003 
219 QAc-G-0194    (0)   :  0.003 0.005 0.004 0.005 0.004 0.003 0.004 0.003 0.964 0.006 
220 QAc-G-0195    (0)   :  0.005 0.007 0.882 0.004 0.005 0.002 0.003 0.025 0.054 0.011 
221 QAc-G-0196    (0)   :  0.002 0.004 0.326 0.004 0.003 0.002 0.003 0.009 0.643 0.004 
222 QAc-G-0197    (0)   :  0.002 0.003 0.004 0.002 0.002 0.002 0.003 0.003 0.977 0.003 
223 QAc-G-0198    (0)   :  0.003 0.004 0.005 0.003 0.003 0.003 0.003 0.003 0.972 0.002 
224 QAc-G-0199    (0)   :  0.006 0.018 0.106 0.108 0.021 0.016 0.005 0.002 0.708 0.011 
225 QAc-G-0200    (0)   :  0.003 0.008 0.005 0.006 0.004 0.002 0.004 0.003 0.963 0.003 
226 QAc-G-0201    (0)   :  0.002 0.004 0.498 0.004 0.009 0.002 0.004 0.004 0.470 0.004 
227 QAc-G-0202    (6)   :  0.005 0.004 0.403 0.004 0.004 0.003 0.007 0.014 0.549 0.008 
228 QAc-G-0203    (0)   :  0.006 0.004 0.004 0.002 0.010 0.002 0.004 0.005 0.951 0.011 
229 QAc-G-0204    (0)   :  0.003 0.005 0.006 0.003 0.004 0.003 0.003 0.005 0.964 0.003 
230 QAc-G-0205    (0)   :  0.002 0.002 0.002 0.002 0.002 0.002 0.002 0.980 0.003 0.004 
231 QAc-G-0206    (0)   :  0.136 0.023 0.004 0.005 0.203 0.005 0.013 0.564 0.003 0.045 
232 QAc-G-0207    (0)   :  0.003 0.005 0.004 0.006 0.005 0.004 0.005 0.008 0.006 0.955 
233 QAc-G-0208    (0)   :  0.002 0.003 0.003 0.003 0.003 0.003 0.002 0.974 0.003 0.005 
234 QAc-G-0209    (0)   :  0.003 0.003 0.004 0.003 0.003 0.002 0.003 0.970 0.004 0.006 
235 QAc-G-0210    (0)   :  0.004 0.003 0.003 0.004 0.004 0.002 0.004 0.169 0.003 0.805 
236 QAc-G-0211    (0)   :  0.003 0.002 0.003 0.003 0.003 0.003 0.004 0.005 0.003 0.973 
237 QAc-G-0212    (0)   :  0.002 0.004 0.003 0.003 0.003 0.003 0.002 0.273 0.004 0.701 
238 QAc-G-0213    (0)   :  0.002 0.005 0.003 0.004 0.003 0.002 0.003 0.015 0.004 0.958 
239 QAc-G-0214    (0)   :  0.002 0.003 0.003 0.002 0.002 0.002 0.002 0.976 0.003 0.005 
240 QAc-G-0215    (0)   :  0.003 0.003 0.003 0.004 0.004 0.002 0.002 0.012 0.003 0.964 
241 QAc-G-0216    (0)   :  0.229 0.011 0.286 0.005 0.248 0.004 0.021 0.125 0.019 0.053 
242 QAc-G-0217    (0)   :  0.005 0.005 0.007 0.005 0.005 0.015 0.004 0.022 0.003 0.931 
243 QAc-G-0218    (0)   :  0.002 0.005 0.003 0.006 0.004 0.004 0.003 0.007 0.004 0.962 
244 QAc-G-0219    (0)   :  0.013 0.010 0.005 0.004 0.012 0.008 0.007 0.004 0.007 0.930 
245 QAc-G-0220    (0)   :  0.004 0.004 0.003 0.004 0.027 0.004 0.006 0.006 0.003 0.940 
246 QAc-G-0221    (0)   :  0.004 0.008 0.013 0.019 0.005 0.007 0.006 0.013 0.005 0.921 
247 QAc-G-0222    (0)   :  0.002 0.003 0.002 0.003 0.003 0.002 0.003 0.971 0.003 0.006 
248 QAc-G-0223    (0)   :  0.004 0.004 0.003 0.004 0.003 0.004 0.003 0.026 0.003 0.945 
249 QAc-G-0224    (0)   :  0.002 0.002 0.003 0.004 0.003 0.002 0.003 0.008 0.005 0.966 
250 QAc-G-0226    (0)   :  0.002 0.003 0.003 0.003 0.003 0.003 0.002 0.973 0.002 0.005 
251 QAc-G-0227    (0)   :  0.004 0.951 0.005 0.004 0.004 0.014 0.006 0.004 0.005 0.004 
252 QAc-G-0228    (6)   :  0.005 0.959 0.004 0.005 0.005 0.003 0.004 0.005 0.004 0.006 
253 QAc-G-0229    (0)   :  0.013 0.916 0.010 0.015 0.014 0.004 0.009 0.010 0.005 0.005 
254 QAc-G-0230    (0)   :  0.014 0.913 0.005 0.005 0.009 0.003 0.005 0.032 0.005 0.009 
255 QAc-G-0231    (0)   :  0.003 0.003 0.003 0.002 0.003 0.003 0.004 0.013 0.005 0.961 
256 QAc-G-0232    (0)   :  0.004 0.956 0.002 0.009 0.006 0.009 0.005 0.002 0.002 0.004 
257 QAc-G-0233    (0)   :  0.004 0.588 0.004 0.187 0.162 0.006 0.004 0.008 0.005 0.031 
258 QAc-G-0234    (0)   :  0.004 0.922 0.020 0.013 0.007 0.004 0.006 0.009 0.012 0.003 
259 QAc-G-0235    (0)   :  0.903 0.005 0.025 0.008 0.020 0.003 0.019 0.008 0.003 0.005 
260 QAc-G-0236    (0)   :  0.003 0.957 0.005 0.004 0.004 0.008 0.005 0.004 0.004 0.004 
261 QAc-G-0237    (0)   :  0.008 0.904 0.005 0.011 0.008 0.015 0.010 0.011 0.013 0.015 
262 QAc-G-0238    (0)   :  0.003 0.961 0.004 0.004 0.004 0.003 0.004 0.004 0.005 0.008 
263 QAc-G-0239    (0)   :  0.004 0.959 0.003 0.005 0.008 0.003 0.004 0.003 0.004 0.006 
264 QAc-G-0240    (0)   :  0.006 0.962 0.003 0.005 0.005 0.006 0.005 0.002 0.004 0.003 
265 QAc-G-0241    (0)   :  0.023 0.842 0.030 0.022 0.044 0.005 0.012 0.007 0.006 0.008 
266 QAc-G-0242    (0)   :  0.004 0.936 0.003 0.013 0.009 0.009 0.007 0.004 0.003 0.011 
267 QAc-G-0243    (0)   :  0.009 0.641 0.008 0.128 0.118 0.051 0.010 0.006 0.003 0.026 
268 QAc-G-0244    (0)   :  0.012 0.925 0.006 0.005 0.021 0.004 0.009 0.006 0.005 0.007 
269 QAc-G-0245    (0)   :  0.004 0.952 0.006 0.005 0.004 0.013 0.005 0.003 0.005 0.003 
270 QAc-G-0246    (0)   :  0.005 0.952 0.003 0.006 0.007 0.005 0.005 0.003 0.007 0.005 
271 QAc-G-0247    (0)   :  0.004 0.967 0.003 0.005 0.004 0.003 0.003 0.003 0.002 0.005 
272 QAc-G-0248    (0)   :  0.006 0.968 0.003 0.003 0.004 0.003 0.004 0.003 0.003 0.003 
273 QAc-G-0249    (0)   :  0.014 0.009 0.007 0.908 0.025 0.002 0.004 0.013 0.012 0.006 
274 QAc-G-0025    (0)   :  0.002 0.003 0.002 0.002 0.002 0.002 0.002 0.977 0.003 0.004 
275 QAc-G-0028    (0)   :  0.003 0.861 0.004 0.062 0.013 0.004 0.004 0.017 0.006 0.026 
276 QAc-G-0275    (0)   :  0.003 0.004 0.005 0.003 0.004 0.002 0.004 0.011 0.011 0.953 
277 QAc-G-0263    (0)   :  0.014 0.004 0.472 0.116 0.322 0.006 0.013 0.008 0.010 0.035 
278 QAc-W-0001    (0)   :  0.023 0.908 0.004 0.005 0.010 0.032 0.007 0.004 0.003 0.005 
279 QAc-W-0002    (0)   :  0.017 0.898 0.007 0.012 0.013 0.003 0.025 0.004 0.019 0.004 
280 QAc-W-0003    (0)   :  0.024 0.809 0.037 0.005 0.016 0.009 0.017 0.009 0.006 0.069 
281 QAc-W-0004    (0)   :  0.003 0.953 0.004 0.006 0.003 0.005 0.004 0.010 0.006 0.007 
282 QAc-W-0005    (0)   :  0.007 0.929 0.012 0.009 0.008 0.014 0.005 0.005 0.008 0.004 
283 QAc-W-0006    (0)   :  0.007 0.943 0.004 0.008 0.006 0.006 0.010 0.005 0.005 0.005 
284 QAc-W-0007   (13)   :  0.004 0.960 0.003 0.007 0.004 0.005 0.004 0.004 0.004 0.005 
285 QAc-W-0008    (6)   :  0.008 0.866 0.004 0.045 0.058 0.003 0.006 0.002 0.004 0.003 
286 QAc-W-0009    (0)   :  0.064 0.793 0.004 0.021 0.047 0.006 0.040 0.003 0.013 0.009 
287 QAc-W-0010    (0)   :  0.011 0.763 0.051 0.064 0.050 0.019 0.024 0.005 0.007 0.005 
288 QAc-W-0011    (0)   :  0.016 0.859 0.015 0.005 0.017 0.018 0.016 0.005 0.042 0.007 
289 QAc-W-0012    (0)   :  0.005 0.944 0.004 0.006 0.008 0.005 0.005 0.005 0.014 0.004 
290 QAc-W-0013    (0)   :  0.015 0.706 0.004 0.005 0.014 0.004 0.109 0.042 0.009 0.093 
291 QAc-W-0014    (0)   :  0.004 0.933 0.009 0.028 0.007 0.004 0.004 0.005 0.003 0.004 
292 QAc-W-0015    (0)   :  0.016 0.668 0.153 0.032 0.028 0.003 0.029 0.014 0.016 0.040 
293 QAc-W-0016    (0)   :  0.023 0.614 0.022 0.103 0.191 0.003 0.017 0.014 0.007 0.007 
294 QAc-W-0017    (0)   :  0.027 0.176 0.105 0.121 0.435 0.013 0.045 0.005 0.014 0.058 
295 QAc-W-0018    (0)   :  0.020 0.647 0.004 0.020 0.196 0.009 0.058 0.014 0.003 0.028 
296 QAc-W-0019    (0)   :  0.010 0.939 0.005 0.010 0.007 0.005 0.004 0.008 0.007 0.005 
297 QAc-W-0020    (0)   :  0.008 0.791 0.006 0.005 0.135 0.039 0.005 0.003 0.004 0.003 
298 QAc-W-0021    (0)   :  0.138 0.259 0.004 0.050 0.305 0.014 0.009 0.186 0.012 0.022 
299 QAc-W-0022    (0)   :  0.021 0.274 0.068 0.104 0.470 0.006 0.011 0.019 0.011 0.015 
300 QAc-W-0023    (6)   :  0.092 0.427 0.005 0.112 0.231 0.055 0.036 0.028 0.003 0.010 
301 QAc-W-0024    (0)   :  0.027 0.375 0.007 0.023 0.382 0.009 0.008 0.062 0.049 0.058 
302 QAc-W-0025    (0)   :  0.004 0.964 0.003 0.005 0.006 0.003 0.004 0.003 0.004 0.004 
303 QAc-W-0026    (0)   :  0.011 0.658 0.023 0.067 0.036 0.087 0.017 0.018 0.053 0.031 
304 QAc-W-0027    (0)   :  0.009 0.939 0.004 0.012 0.008 0.003 0.012 0.003 0.007 0.004 
305 QAc-W-0028    (0)   :  0.005 0.955 0.005 0.006 0.008 0.004 0.006 0.003 0.005 0.003 
306 QAc-W-0029    (0)   :  0.007 0.925 0.003 0.004 0.009 0.007 0.032 0.005 0.003 0.006 
307 QAc-W-0030    (0)   :  0.004 0.950 0.006 0.003 0.006 0.008 0.006 0.005 0.008 0.004 
308 QAc-W-0031    (0)   :  0.008 0.882 0.003 0.005 0.008 0.003 0.008 0.053 0.005 0.026 
309 QAc-W-0032    (0)   :  0.003 0.956 0.003 0.010 0.005 0.011 0.003 0.003 0.002 0.004 
310 QAc-W-0033    (0)   :  0.004 0.725 0.005 0.040 0.145 0.017 0.041 0.006 0.004 0.012 
311 QAc-W-0034    (0)   :  0.020 0.935 0.003 0.007 0.007 0.005 0.011 0.005 0.004 0.003 
312 QAc-W-0035    (0)   :  0.006 0.845 0.019 0.037 0.027 0.004 0.013 0.014 0.021 0.013 
313 QAc-W-0036    (0)   :  0.009 0.908 0.005 0.010 0.007 0.042 0.008 0.003 0.003 0.003 
314 QAc-W-0037    (0)   :  0.004 0.924 0.004 0.005 0.007 0.011 0.006 0.009 0.020 0.009 
315 QAc-W-0038    (0)   :  0.014 0.834 0.023 0.008 0.077 0.016 0.006 0.004 0.013 0.004 
316 QAc-W-0039    (0)   :  0.009 0.897 0.007 0.008 0.007 0.028 0.011 0.005 0.016 0.013 
317 QAc-W-0040    (0)   :  0.007 0.619 0.011 0.180 0.131 0.020 0.004 0.004 0.009 0.014 
318 QAc-W-0041    (0)   :  0.018 0.625 0.004 0.012 0.017 0.004 0.130 0.010 0.017 0.163 
319 QAc-W-0042    (0)   :  0.007 0.007 0.004 0.005 0.005 0.090 0.868 0.002 0.006 0.006 
320 QAc-W-0043    (0)   :  0.010 0.007 0.006 0.004 0.005 0.004 0.948 0.003 0.008 0.005 
321 QAc-W-0044    (0)   :  0.008 0.021 0.030 0.023 0.008 0.095 0.792 0.003 0.016 0.004 
322 QAc-W-0045    (0)   :  0.014 0.005 0.003 0.004 0.007 0.016 0.940 0.003 0.004 0.004 
323 QAc-W-0046    (0)   :  0.007 0.006 0.004 0.004 0.004 0.007 0.949 0.003 0.008 0.007 
324 QAc-W-0047    (0)   :  0.025 0.012 0.036 0.011 0.006 0.012 0.885 0.005 0.007 0.002 
325 QAc-W-0048    (0)   :  0.321 0.013 0.004 0.004 0.021 0.060 0.559 0.010 0.003 0.004 
326 QAc-W-0049    (0)   :  0.382 0.006 0.003 0.004 0.015 0.090 0.479 0.010 0.004 0.005 
327 QAc-W-0050    (0)   :  0.020 0.006 0.005 0.019 0.031 0.004 0.880 0.022 0.006 0.007 
328 QAc-W-0051    (0)   :  0.005 0.008 0.019 0.004 0.008 0.008 0.923 0.010 0.005 0.009 
329 QAc-W-0052    (0)   :  0.003 0.004 0.003 0.003 0.003 0.971 0.004 0.002 0.004 0.002 
330 QAc-W-0053    (0)   :  0.453 0.012 0.006 0.010 0.007 0.009 0.494 0.003 0.004 0.004 
331 QAc-W-0054    (0)   :  0.005 0.010 0.097 0.102 0.120 0.022 0.520 0.006 0.113 0.006 
332 QAc-W-0055    (0)   :  0.004 0.004 0.046 0.019 0.019 0.004 0.511 0.061 0.320 0.012 
333 QAc-W-0056    (0)   :  0.008 0.056 0.018 0.014 0.539 0.006 0.316 0.016 0.006 0.021 
334 QAc-W-0057    (0)   :  0.028 0.008 0.115 0.015 0.136 0.006 0.625 0.046 0.004 0.016 
335 QAc-W-0058    (0)   :  0.029 0.005 0.011 0.004 0.047 0.006 0.658 0.204 0.010 0.026 
336 QAc-W-0059    (0)   :  0.962 0.003 0.004 0.004 0.003 0.004 0.011 0.003 0.004 0.002 
337 QAc-W-0060    (0)   :  0.008 0.019 0.878 0.009 0.009 0.052 0.011 0.002 0.010 0.003 
338 QAc-W-0061    (0)   :  0.045 0.021 0.757 0.031 0.031 0.004 0.022 0.015 0.066 0.009 
339 QAc-W-0062    (0)   :  0.003 0.004 0.935 0.007 0.004 0.019 0.004 0.003 0.010 0.011 
340 QAc-W-0063    (0)   :  0.004 0.009 0.917 0.016 0.009 0.013 0.006 0.006 0.010 0.012 
341 QAc-W-0064    (0)   :  0.004 0.009 0.929 0.008 0.008 0.005 0.005 0.004 0.019 0.008 
342 QAc-W-0065    (0)   :  0.009 0.011 0.840 0.034 0.031 0.005 0.052 0.008 0.005 0.005 
343 QAc-W-0066    (0)   :  0.002 0.003 0.003 0.002 0.003 0.002 0.003 0.005 0.973 0.004 
344 QAc-W-0067    (0)   :  0.002 0.002 0.003 0.003 0.002 0.003 0.003 0.003 0.975 0.003 
345 QAc-W-0068    (0)   :  0.002 0.003 0.005 0.002 0.002 0.002 0.002 0.003 0.975 0.003 
346 QAc-W-0069    (0)   :  0.002 0.004 0.006 0.003 0.002 0.002 0.002 0.003 0.973 0.003 
347 QAc-W-0070    (0)   :  0.002 0.003 0.381 0.003 0.002 0.002 0.003 0.003 0.598 0.003 
348 QAc-W-0071    (6)   :  0.005 0.004 0.680 0.004 0.005 0.004 0.005 0.013 0.274 0.006 
349 QAc-W-0072    (0)   :  0.003 0.011 0.815 0.129 0.012 0.003 0.006 0.005 0.004 0.011 
350 QAc-W-0073    (0)   :  0.057 0.008 0.880 0.007 0.013 0.007 0.013 0.005 0.004 0.006 
351 QAc-W-0074    (0)   :  0.003 0.003 0.969 0.004 0.003 0.003 0.003 0.004 0.004 0.003 
352 QAc-W-0075    (0)   :  0.003 0.003 0.957 0.004 0.004 0.002 0.003 0.006 0.015 0.003 
353 QAc-W-0076    (0)   :  0.004 0.003 0.940 0.023 0.005 0.002 0.004 0.010 0.004 0.004 
354 QAc-W-0077    (0)   :  0.004 0.007 0.770 0.005 0.007 0.004 0.068 0.003 0.127 0.005 
355 QAc-W-0078    (0)   :  0.005 0.049 0.009 0.143 0.171 0.012 0.012 0.167 0.085 0.347 
356 QAc-W-0079    (6)   :  0.006 0.011 0.008 0.008 0.005 0.006 0.007 0.924 0.021 0.004 
357 QAc-W-0080   (13)   :  0.013 0.024 0.003 0.004 0.008 0.002 0.003 0.935 0.003 0.005 
358 QAc-W-0081    (0)   :  0.003 0.005 0.004 0.003 0.004 0.006 0.004 0.020 0.003 0.948 
359 QAc-W-0082    (0)   :  0.005 0.005 0.005 0.005 0.008 0.002 0.399 0.005 0.003 0.564 
360 QAc-W-0083    (0)   :  0.007 0.013 0.032 0.018 0.007 0.012 0.009 0.012 0.012 0.878 
361 QAc-W-0084    (0)   :  0.002 0.004 0.003 0.003 0.003 0.004 0.003 0.007 0.003 0.969 
362 QAc-W-0085    (0)   :  0.002 0.002 0.003 0.003 0.003 0.003 0.003 0.003 0.004 0.974 
363 QAc-W-0086    (0)   :  0.003 0.004 0.003 0.005 0.004 0.003 0.004 0.006 0.005 0.962 
364 QAc-W-0087    (0)   :  0.012 0.004 0.003 0.007 0.006 0.003 0.005 0.016 0.005 0.939 
365 QAc-W-0088    (0)   :  0.030 0.004 0.004 0.005 0.017 0.003 0.004 0.019 0.004 0.911 
366 QAc-W-0089    (0)   :  0.003 0.007 0.005 0.003 0.005 0.003 0.008 0.106 0.008 0.851 
367 QAc-W-0090    (0)   :  0.003 0.006 0.004 0.003 0.004 0.003 0.005 0.029 0.007 0.935 
368 QAc-W-0091    (0)   :  0.011 0.005 0.006 0.009 0.014 0.008 0.005 0.048 0.005 0.889 
369 QAc-W-0092    (0)   :  0.006 0.040 0.004 0.008 0.011 0.200 0.008 0.007 0.007 0.710 
370 QAc-W-0093    (0)   :  0.033 0.053 0.005 0.038 0.132 0.006 0.011 0.109 0.003 0.611 
371 QAc-W-0094    (0)   :  0.008 0.029 0.017 0.009 0.025 0.099 0.013 0.006 0.003 0.792 
372 QAc-W-0095    (0)   :  0.006 0.013 0.013 0.006 0.008 0.028 0.009 0.092 0.003 0.822 
373 QAc-W-0096    (0)   :  0.012 0.019 0.047 0.012 0.018 0.055 0.010 0.009 0.007 0.812 
374 QAc-W-0097    (0)   :  0.077 0.068 0.006 0.006 0.061 0.006 0.058 0.034 0.007 0.676 
375 QAc-W-0098    (0)   :  0.009 0.007 0.003 0.004 0.010 0.005 0.006 0.228 0.004 0.723 
376 QAc-W-0099    (0)   :  0.009 0.018 0.006 0.032 0.017 0.006 0.026 0.004 0.003 0.879 
377 QAc-W-0100    (0)   :  0.005 0.004 0.003 0.006 0.007 0.002 0.003 0.014 0.003 0.952 
378 QAc-W-0101    (0)   :  0.004 0.004 0.007 0.006 0.005 0.003 0.004 0.012 0.018 0.938 
379 QAc-W-0104    (0)   :  0.011 0.005 0.005 0.013 0.010 0.003 0.009 0.029 0.003 0.913 
380 QAc-W-0105    (0)   :  0.002 0.005 0.004 0.004 0.004 0.005 0.003 0.008 0.005 0.960 
381 QAc-W-0106    (0)   :  0.003 0.008 0.003 0.005 0.007 0.016 0.005 0.004 0.005 0.944 
382 QAc-W-0107    (0)   :  0.003 0.003 0.005 0.003 0.003 0.003 0.003 0.967 0.004 0.006 
383 QAc-W-0108    (0)   :  0.002 0.003 0.004 0.002 0.002 0.002 0.002 0.977 0.003 0.003 
384 QAc-W-0109    (0)   :  0.016 0.009 0.008 0.004 0.011 0.006 0.011 0.110 0.022 0.804 
385 QAc-W-0110   (13)   :  0.011 0.445 0.006 0.026 0.043 0.004 0.005 0.006 0.007 0.448 
386 QAc-W-0111    (6)   :  0.005 0.014 0.004 0.005 0.014 0.007 0.012 0.550 0.009 0.381 
387 QAc-W-0112   (13)   :  0.013 0.010 0.004 0.011 0.011 0.007 0.005 0.026 0.003 0.912 
388 QAc-W-0113   (13)   :  0.005 0.009 0.005 0.947 0.009 0.004 0.007 0.004 0.003 0.006 
389 QAc-W-0114   (13)   :  0.019 0.005 0.003 0.912 0.008 0.008 0.008 0.025 0.004 0.007 
390 QAc-W-0115    (0)   :  0.003 0.009 0.006 0.955 0.005 0.004 0.003 0.004 0.005 0.006 
391 QAc-W-0116    (0)   :  0.015 0.014 0.003 0.925 0.010 0.015 0.009 0.005 0.002 0.004 
392 QAc-W-0117    (0)   :  0.010 0.005 0.004 0.958 0.006 0.003 0.004 0.002 0.004 0.003 
393 QAc-W-0118    (0)   :  0.006 0.005 0.030 0.899 0.010 0.004 0.006 0.013 0.018 0.011 
394 QAc-W-0119    (0)   :  0.003 0.007 0.003 0.947 0.009 0.006 0.008 0.005 0.008 0.003 
395 QAc-W-0120    (0)   :  0.008 0.009 0.012 0.928 0.013 0.003 0.005 0.003 0.011 0.007 
396 QAc-W-0121    (0)   :  0.006 0.006 0.011 0.868 0.010 0.002 0.052 0.004 0.038 0.003 
397 QAc-W-0122    (0)   :  0.016 0.010 0.005 0.911 0.033 0.004 0.009 0.006 0.003 0.004 
398 QAc-W-0123    (6)   :  0.014 0.011 0.011 0.871 0.035 0.013 0.011 0.010 0.010 0.014 
399 QAc-W-0124    (0)   :  0.003 0.062 0.186 0.600 0.014 0.010 0.006 0.008 0.014 0.096 
400 QAc-W-0125    (0)   :  0.008 0.006 0.006 0.925 0.008 0.010 0.006 0.010 0.007 0.013 
401 QAc-W-0126   (13)   :  0.010 0.008 0.007 0.869 0.030 0.014 0.017 0.008 0.006 0.033 
402 QAc-W-0127    (6)   :  0.004 0.006 0.005 0.957 0.006 0.004 0.006 0.003 0.004 0.004 
403 QAc-W-0128   (13)   :  0.013 0.009 0.006 0.878 0.015 0.003 0.006 0.022 0.013 0.034 
404 QAc-W-0129   (13)   :  0.032 0.043 0.013 0.863 0.024 0.005 0.005 0.005 0.006 0.005 
405 QAc-W-0130   (13)   :  0.009 0.020 0.003 0.933 0.008 0.002 0.005 0.005 0.007 0.008 
406 QAc-W-0131    (0)   :  0.005 0.005 0.009 0.876 0.050 0.032 0.007 0.007 0.004 0.004 
407 QAc-W-0132    (6)   :  0.005 0.024 0.024 0.837 0.012 0.019 0.006 0.008 0.048 0.017 
408 QAc-W-0133    (6)   :  0.005 0.006 0.012 0.523 0.224 0.006 0.017 0.009 0.140 0.057 
409 QAc-W-0134    (0)   :  0.004 0.004 0.005 0.962 0.004 0.005 0.005 0.004 0.003 0.004 
410 QAc-W-0135    (0)   :  0.008 0.050 0.017 0.887 0.007 0.003 0.005 0.006 0.011 0.005 
411 QAc-W-0136    (0)   :  0.003 0.005 0.003 0.964 0.004 0.009 0.003 0.002 0.003 0.004 
412 QAc-W-0137    (0)   :  0.002 0.004 0.004 0.972 0.003 0.004 0.003 0.002 0.003 0.002 
413 QAc-W-0138    (0)   :  0.003 0.005 0.003 0.970 0.004 0.005 0.002 0.002 0.003 0.003 
414 QAc-W-0139    (0)   :  0.004 0.026 0.237 0.642 0.021 0.008 0.009 0.030 0.005 0.018 
415 QAc-W-0140    (0)   :  0.046 0.022 0.004 0.867 0.013 0.003 0.032 0.004 0.004 0.005 
416 QAc-W-0141    (6)   :  0.027 0.081 0.007 0.799 0.044 0.004 0.011 0.005 0.016 0.006 
417 QAc-W-0142    (0)   :  0.004 0.003 0.008 0.959 0.004 0.003 0.005 0.004 0.006 0.003 
