

----------------------------------------------------
STRUCTURE by Pritchard, Stephens and Donnelly (2000)
     and Falush, Stephens and Pritchard (2003)
       Code by Pritchard, Falush and Hubisz
             Version 2.3.4 (Jul 2012)
----------------------------------------------------



Command line arguments:   bin\structure -m C:\Users\eschumacher\Documents\GitHub\GCC_QUAC_ZAIN\Data_Files\Structure_Files\QUAC\QUAC_wK_nopopinfo_garden_wild\QUAC_wK_nopopinfo_STR\50-50\mainparams -e C:\Users\eschumacher\Documents\GitHub\GCC_QUAC_ZAIN\Data_Files\Structure_Files\QUAC\QUAC_wK_nopopinfo_garden_wild\QUAC_wK_nopopinfo_STR\50-50\extraparams 
Input File:    C:\Users\eschumacher\Documents\GitHub\GCC_QUAC_ZAIN\Data_Files\Structure_Files\QUAC\QUAC_wK_nopopinfo_garden_wild\QUAC_wK_nopopinfo_STR\project_data

Run parameters:
   449 individuals
   15 loci
   5 populations assumed
   50000 Burn-in period
   50000 Reps


--------------------------------------------
Overall proportion of membership of the
sample in each of the 5 clusters

Inferred Clusters
  1      2      3      4      5    
0.194  0.209  0.178  0.197  0.223  

--------------------------------------------

Allele-freq. divergence among pops (Net nucleotide distance),
computed using point estimates of P.

      1       2       3       4       5      
 1      -    0.0921  0.0854  0.1180  0.0917  
 2   0.0921     -    0.0353  0.0969  0.0435  
 3   0.0854  0.0353     -    0.0920  0.0447  
 4   0.1180  0.0969  0.0920     -    0.0952  
 5   0.0917  0.0435  0.0447  0.0952     -    

Average distances (expected heterozygosity) between individuals in same cluster:
cluster  1  : 0.4585 
cluster  2  : 0.5771 
cluster  3  : 0.6664 
cluster  4  : 0.4997 
cluster  5  : 0.5668 

--------------------------------------------
Estimated Ln Prob of Data   = -16747.8
Mean value of ln likelihood = -16449.0
Variance of ln likelihood   = 597.5
Mean value of alpha         = 0.0384

Mean value of Fst_1         = 0.3511
Mean value of Fst_2         = 0.1002
Mean value of Fst_3         = 0.0264
Mean value of Fst_4         = 0.2681
Mean value of Fst_5         = 0.1562


Inferred ancestry of individuals:
        Label (%Miss) :  Inferred clusters
  1 QAc-G-0029    (0)   :  0.012 0.005 0.004 0.962 0.017 
  2 QAc-G-0030    (0)   :  0.004 0.003 0.003 0.987 0.003 
  3 QAc-G-0031    (0)   :  0.006 0.004 0.003 0.985 0.003 
  4 QAc-G-0061    (0)   :  0.004 0.006 0.003 0.981 0.007 
  5 QAc-G-0062    (0)   :  0.158 0.814 0.012 0.011 0.005 
  6 QAc-G-0063    (0)   :  0.821 0.011 0.025 0.006 0.137 
  7 QAc-G-0064    (0)   :  0.007 0.972 0.005 0.004 0.012 
  8 QAc-G-0065    (0)   :  0.003 0.955 0.023 0.010 0.009 
  9 QAc-G-0066    (0)   :  0.985 0.004 0.003 0.005 0.004 
 10 QAc-G-0067    (0)   :  0.004 0.970 0.011 0.010 0.006 
 11 QAc-G-0068    (0)   :  0.607 0.020 0.365 0.005 0.004 
 12 QAc-G-0070    (0)   :  0.721 0.233 0.012 0.007 0.026 
 13 QAc-G-0071   (13)   :  0.983 0.003 0.004 0.006 0.004 
 14 QAc-G-0072    (0)   :  0.982 0.005 0.003 0.004 0.005 
 15 QAc-G-0073    (0)   :  0.003 0.004 0.004 0.005 0.984 
 16 QAc-G-0074    (0)   :  0.198 0.022 0.013 0.005 0.762 
 17 QAc-G-0075    (0)   :  0.010 0.006 0.009 0.009 0.965 
 18 QAc-G-0076    (0)   :  0.010 0.013 0.008 0.011 0.958 
 19 QAc-G-0077    (0)   :  0.009 0.005 0.003 0.976 0.007 
 20 QAc-G-0078    (0)   :  0.004 0.003 0.003 0.987 0.003 
 21 QAc-G-0079    (0)   :  0.005 0.003 0.004 0.983 0.004 
 22 QAc-G-0080    (0)   :  0.012 0.020 0.102 0.710 0.156 
 23 QAc-G-0081    (0)   :  0.014 0.593 0.278 0.013 0.101 
 24 QAc-G-0082    (0)   :  0.003 0.033 0.885 0.005 0.074 
 25 QAc-G-0083    (0)   :  0.467 0.330 0.030 0.081 0.092 
 26 QAc-G-0001   (13)   :  0.006 0.003 0.003 0.985 0.003 
 27 QAc-G-0002    (0)   :  0.003 0.003 0.003 0.988 0.003 
 28 QAc-G-0285    (0)   :  0.942 0.014 0.018 0.011 0.014 
 29 QAc-G-0286    (0)   :  0.987 0.003 0.003 0.003 0.004 
 30 QAc-G-0287    (0)   :  0.988 0.003 0.003 0.003 0.003 
 31 QAc-G-0288    (6)   :  0.956 0.012 0.005 0.017 0.010 
 32 QAc-G-0289    (0)   :  0.984 0.004 0.003 0.005 0.004 
 33 QAc-G-0290    (0)   :  0.983 0.005 0.003 0.004 0.005 
 34 QAc-G-0291    (0)   :  0.985 0.003 0.003 0.006 0.003 
 35 QAc-G-0292    (0)   :  0.828 0.119 0.042 0.004 0.008 
 36 QAc-G-0293    (0)   :  0.983 0.003 0.003 0.008 0.003 
 37 QAc-G-0294    (0)   :  0.004 0.009 0.015 0.008 0.964 
 38 QAc-G-0295    (0)   :  0.015 0.006 0.005 0.010 0.964 
 39 QAc-G-0296    (0)   :  0.007 0.006 0.004 0.004 0.979 
 40 QAc-G-0297    (0)   :  0.003 0.008 0.650 0.004 0.334 
 41 QAc-G-0298    (6)   :  0.004 0.005 0.005 0.006 0.980 
 42 QAc-G-0299    (0)   :  0.008 0.004 0.006 0.005 0.977 
 43 QAc-G-0300    (0)   :  0.004 0.024 0.004 0.003 0.964 
 44 QAc-G-0301    (0)   :  0.012 0.015 0.005 0.006 0.963 
 45 QAc-G-0302    (0)   :  0.005 0.005 0.977 0.004 0.008 
 46 QAc-G-0303    (0)   :  0.006 0.016 0.968 0.005 0.006 
 47 QAc-G-0304    (0)   :  0.986 0.003 0.003 0.004 0.004 
 48 QAc-G-0305    (0)   :  0.786 0.023 0.100 0.086 0.006 
 49 QAc-G-0306    (0)   :  0.987 0.003 0.003 0.004 0.003 
 50 QAc-G-0307    (0)   :  0.015 0.085 0.028 0.861 0.011 
 51 QAc-G-0308    (0)   :  0.015 0.007 0.010 0.954 0.014 
 52 QAc-G-0309    (0)   :  0.006 0.004 0.007 0.977 0.005 
 53 QAc-G-0310    (0)   :  0.005 0.004 0.003 0.983 0.005 
 54 QAc-G-0311    (0)   :  0.003 0.003 0.003 0.989 0.003 
 55 QAc-G-0312    (0)   :  0.007 0.204 0.155 0.539 0.095 
 56 QAc-G-0313    (0)   :  0.084 0.720 0.113 0.047 0.036 
 57 QAc-G-0314    (0)   :  0.005 0.293 0.348 0.020 0.333 
 58 QAc-G-0315    (0)   :  0.035 0.086 0.839 0.010 0.030 
 59 QAc-G-0316    (0)   :  0.025 0.414 0.463 0.082 0.017 
 60 QAc-G-0032    (6)   :  0.007 0.034 0.941 0.008 0.010 
 61 QAc-G-0033    (0)   :  0.005 0.008 0.004 0.006 0.977 
 62 QAc-G-0034    (0)   :  0.005 0.018 0.009 0.033 0.934 
 63 QAc-G-0035    (0)   :  0.007 0.008 0.005 0.005 0.974 
 64 QAc-G-0036    (0)   :  0.021 0.013 0.008 0.006 0.952 
 65 QAc-G-0037    (0)   :  0.014 0.004 0.004 0.012 0.967 
 66 QAc-G-0038    (0)   :  0.004 0.004 0.004 0.002 0.986 
 67 QAc-G-0039    (0)   :  0.006 0.014 0.014 0.024 0.942 
 68 QAc-G-0040    (0)   :  0.074 0.049 0.008 0.007 0.863 
 69 QAc-G-0041    (0)   :  0.008 0.037 0.006 0.004 0.946 
 70 QAc-G-0042    (0)   :  0.007 0.006 0.006 0.004 0.978 
 71 QAc-G-0043    (0)   :  0.006 0.004 0.004 0.008 0.979 
 72 QAc-G-0044    (0)   :  0.008 0.012 0.009 0.004 0.966 
 73 QAc-G-0045    (0)   :  0.006 0.010 0.006 0.032 0.946 
 74 QAc-G-0046    (0)   :  0.003 0.017 0.005 0.048 0.926 
 75 QAc-G-0047    (0)   :  0.006 0.009 0.013 0.030 0.942 
 76 QAc-G-0048    (0)   :  0.004 0.007 0.004 0.003 0.981 
 77 QAc-G-0049    (0)   :  0.005 0.003 0.003 0.985 0.003 
 78 QAc-G-0050    (0)   :  0.046 0.043 0.761 0.143 0.007 
 79 QAc-G-0051    (0)   :  0.005 0.003 0.003 0.986 0.003 
 80 QAc-G-0052    (0)   :  0.004 0.020 0.007 0.956 0.013 
 81 QAc-G-0053    (0)   :  0.009 0.004 0.004 0.969 0.015 
 82 QAc-G-0054    (0)   :  0.006 0.100 0.523 0.349 0.022 
 83 QAc-G-0055    (0)   :  0.006 0.009 0.431 0.544 0.010 
 84 QAc-G-0056    (0)   :  0.024 0.236 0.645 0.075 0.020 
 85 QAc-G-0057    (0)   :  0.005 0.003 0.004 0.984 0.004 
 86 QAc-G-0058    (6)   :  0.004 0.003 0.004 0.986 0.003 
 87 QAc-G-0059    (0)   :  0.003 0.016 0.347 0.592 0.043 
 88 QAc-G-0060    (6)   :  0.013 0.010 0.012 0.953 0.013 
 89 QAc-G-0276    (0)   :  0.934 0.007 0.008 0.025 0.026 
 90 QAc-G-0279    (0)   :  0.983 0.004 0.003 0.007 0.003 
 91 QAc-G-0280    (6)   :  0.977 0.004 0.004 0.004 0.009 
 92 QAc-G-0281    (0)   :  0.007 0.004 0.004 0.981 0.004 
 93 QAc-G-0018    (0)   :  0.007 0.011 0.025 0.039 0.917 
 94 QAc-G-0019    (0)   :  0.011 0.023 0.005 0.005 0.957 
 95 QAc-G-0020    (0)   :  0.003 0.004 0.011 0.005 0.977 
 96 QAc-G-0021    (6)   :  0.004 0.005 0.004 0.009 0.977 
 97 QAc-G-0022    (6)   :  0.008 0.247 0.019 0.019 0.707 
 98 QAc-G-0023    (0)   :  0.004 0.003 0.004 0.985 0.004 
 99 QAc-G-0024    (0)   :  0.003 0.004 0.004 0.982 0.007 
100 QAc-G-0016    (0)   :  0.018 0.014 0.796 0.160 0.013 
101 QAc-G-0017    (0)   :  0.010 0.370 0.606 0.004 0.010 
102 QAc-G-0250    (0)   :  0.558 0.014 0.384 0.010 0.035 
103 QAc-G-0003    (6)   :  0.980 0.006 0.004 0.005 0.005 
104 QAc-G-0004    (0)   :  0.004 0.009 0.958 0.006 0.022 
105 QAc-G-0005    (0)   :  0.005 0.965 0.019 0.005 0.007 
106 QAc-G-0006    (6)   :  0.005 0.005 0.980 0.004 0.007 
107 QAc-G-0283    (0)   :  0.007 0.063 0.915 0.005 0.009 
108 QAc-G-0265    (0)   :  0.050 0.028 0.264 0.416 0.242 
109 QAc-G-0266    (0)   :  0.006 0.003 0.002 0.986 0.003 
110 QAc-G-0267    (0)   :  0.169 0.289 0.038 0.014 0.490 
111 QAc-G-0268   (20)   :  0.571 0.031 0.373 0.016 0.010 
112 QAc-G-0269    (0)   :  0.984 0.003 0.003 0.005 0.005 
113 QAc-G-0270    (6)   :  0.007 0.007 0.005 0.005 0.977 
114 QAc-G-0271    (0)   :  0.004 0.048 0.027 0.004 0.917 
115 QAc-G-0272    (6)   :  0.018 0.005 0.008 0.007 0.962 
116 QAc-G-0273    (0)   :  0.004 0.006 0.005 0.980 0.005 
117 QAc-G-0274    (0)   :  0.004 0.976 0.005 0.003 0.012 
118 QAc-G-0251    (6)   :  0.005 0.012 0.012 0.006 0.965 
119 QAc-G-0252    (0)   :  0.005 0.013 0.012 0.005 0.964 
120 QAc-G-0253    (0)   :  0.006 0.004 0.004 0.982 0.005 
121 QAc-G-0254    (0)   :  0.003 0.003 0.003 0.988 0.003 
122 QAc-G-0255    (0)   :  0.006 0.010 0.969 0.004 0.011 
123 QAc-G-0256    (0)   :  0.011 0.008 0.968 0.005 0.009 
124 QAc-G-0257    (0)   :  0.004 0.049 0.933 0.006 0.008 
125 QAc-G-0258    (0)   :  0.004 0.006 0.983 0.003 0.005 
126 QAc-G-0259    (0)   :  0.003 0.031 0.954 0.003 0.010 
127 QAc-G-0260    (0)   :  0.036 0.687 0.252 0.012 0.013 
128 QAc-G-0261    (0)   :  0.007 0.489 0.483 0.007 0.014 
129 QAc-G-0262    (0)   :  0.019 0.106 0.860 0.008 0.006 
130 QAc-G-0010    (0)   :  0.911 0.016 0.011 0.020 0.042 
131 QAc-G-0011    (0)   :  0.006 0.962 0.014 0.007 0.011 
132 QAc-G-0015    (0)   :  0.006 0.037 0.083 0.852 0.022 
133 QAc-G-0106    (0)   :  0.003 0.009 0.977 0.003 0.008 
134 QAc-G-0107    (0)   :  0.008 0.007 0.973 0.007 0.005 
135 QAc-G-0108    (0)   :  0.006 0.007 0.977 0.003 0.007 
136 QAc-G-0109    (0)   :  0.006 0.033 0.941 0.011 0.008 
137 QAc-G-0110    (0)   :  0.043 0.006 0.914 0.007 0.030 
138 QAc-G-0111    (0)   :  0.008 0.008 0.969 0.005 0.009 
139 QAc-G-0112    (0)   :  0.022 0.005 0.962 0.007 0.004 
140 QAc-G-0113    (0)   :  0.009 0.014 0.959 0.011 0.007 
141 QAc-G-0114    (0)   :  0.018 0.005 0.929 0.014 0.035 
142 QAc-G-0115    (0)   :  0.005 0.006 0.981 0.003 0.004 
143 QAc-G-0116    (0)   :  0.011 0.009 0.968 0.006 0.005 
144 QAc-G-0117    (0)   :  0.009 0.049 0.771 0.011 0.160 
145 QAc-G-0118    (0)   :  0.006 0.010 0.974 0.003 0.007 
146 QAc-G-0119    (0)   :  0.002 0.011 0.968 0.005 0.013 
147 QAc-G-0120    (0)   :  0.008 0.011 0.962 0.006 0.013 
148 QAc-G-0121    (0)   :  0.005 0.955 0.022 0.004 0.014 
149 QAc-G-0122    (0)   :  0.049 0.924 0.013 0.005 0.010 
150 QAc-G-0123    (0)   :  0.002 0.974 0.006 0.003 0.015 
151 QAc-G-0124    (6)   :  0.004 0.973 0.007 0.005 0.011 
152 QAc-G-0125    (0)   :  0.057 0.766 0.074 0.094 0.009 
153 QAc-G-0126    (0)   :  0.007 0.163 0.792 0.022 0.016 
154 QAc-G-0127    (0)   :  0.005 0.972 0.007 0.006 0.010 
155 QAc-G-0128    (0)   :  0.019 0.957 0.010 0.006 0.008 
156 QAc-G-0129    (0)   :  0.007 0.972 0.009 0.003 0.009 
157 QAc-G-0130    (0)   :  0.004 0.976 0.011 0.003 0.006 
158 QAc-G-0131    (0)   :  0.005 0.959 0.018 0.005 0.013 
159 QAc-G-0132    (0)   :  0.020 0.844 0.105 0.016 0.015 
160 QAc-G-0133    (0)   :  0.008 0.936 0.008 0.005 0.043 
161 QAc-G-0134    (0)   :  0.006 0.958 0.016 0.009 0.010 
162 QAc-G-0135    (0)   :  0.006 0.006 0.968 0.009 0.011 
163 QAc-G-0136    (0)   :  0.009 0.012 0.967 0.006 0.005 
164 QAc-G-0137    (0)   :  0.006 0.015 0.964 0.004 0.012 
165 QAc-G-0138    (0)   :  0.004 0.023 0.962 0.007 0.003 
166 QAc-G-0139    (0)   :  0.004 0.014 0.958 0.002 0.022 
167 QAc-G-0140    (6)   :  0.007 0.018 0.943 0.005 0.027 
168 QAc-G-0141    (0)   :  0.018 0.048 0.884 0.015 0.035 
169 QAc-G-0142    (0)   :  0.004 0.005 0.979 0.003 0.009 
170 QAc-G-0143    (0)   :  0.015 0.008 0.955 0.007 0.015 
171 QAc-G-0144    (6)   :  0.005 0.004 0.980 0.005 0.006 
172 QAc-G-0145    (0)   :  0.986 0.003 0.003 0.003 0.004 
173 QAc-G-0146    (0)   :  0.005 0.974 0.005 0.005 0.011 
174 QAc-G-0147    (0)   :  0.007 0.964 0.016 0.004 0.009 
175 QAc-G-0148    (0)   :  0.007 0.009 0.959 0.006 0.017 
176 QAc-G-0149    (0)   :  0.004 0.979 0.006 0.003 0.008 
177 QAc-G-0150    (0)   :  0.984 0.005 0.003 0.005 0.004 
178 QAc-G-0151    (0)   :  0.007 0.974 0.006 0.004 0.009 
179 QAc-G-0152    (0)   :  0.004 0.972 0.004 0.006 0.014 
180 QAc-G-0153    (0)   :  0.006 0.969 0.012 0.002 0.011 
181 QAc-G-0154    (0)   :  0.015 0.869 0.036 0.004 0.076 
182 QAc-G-0155    (0)   :  0.005 0.966 0.004 0.003 0.021 
183 QAc-G-0158    (0)   :  0.006 0.978 0.007 0.005 0.004 
184 QAc-G-0159    (0)   :  0.008 0.012 0.968 0.005 0.008 
185 QAc-G-0160    (0)   :  0.988 0.003 0.003 0.003 0.003 
186 QAc-G-0161    (0)   :  0.988 0.003 0.003 0.003 0.004 
187 QAc-G-0162    (0)   :  0.680 0.013 0.013 0.007 0.287 
188 QAc-G-0163    (0)   :  0.926 0.004 0.021 0.003 0.046 
189 QAc-G-0164    (0)   :  0.965 0.010 0.005 0.014 0.005 
190 QAc-G-0165    (0)   :  0.978 0.007 0.004 0.003 0.007 
191 QAc-G-0166    (0)   :  0.984 0.004 0.003 0.004 0.006 
192 QAc-G-0167    (0)   :  0.981 0.005 0.004 0.005 0.005 
193 QAc-G-0168    (0)   :  0.987 0.003 0.003 0.004 0.003 
194 QAc-G-0169    (6)   :  0.517 0.013 0.455 0.005 0.010 
195 QAc-G-0170    (0)   :  0.979 0.006 0.004 0.004 0.006 
196 QAc-G-0171    (0)   :  0.985 0.004 0.003 0.004 0.004 
197 QAc-G-0172    (0)   :  0.024 0.012 0.947 0.007 0.010 
198 QAc-G-0173    (0)   :  0.984 0.003 0.003 0.007 0.003 
199 QAc-G-0174    (0)   :  0.854 0.051 0.055 0.007 0.033 
200 QAc-G-0175    (0)   :  0.986 0.003 0.003 0.005 0.003 
201 QAc-G-0176    (0)   :  0.806 0.005 0.007 0.010 0.172 
202 QAc-G-0177    (0)   :  0.985 0.004 0.003 0.005 0.004 
203 QAc-G-0178    (0)   :  0.904 0.053 0.007 0.030 0.006 
204 QAc-G-0179    (6)   :  0.986 0.003 0.003 0.004 0.004 
205 QAc-G-0180    (0)   :  0.988 0.003 0.003 0.003 0.003 
206 QAc-G-0181    (0)   :  0.978 0.005 0.005 0.003 0.010 
207 QAc-G-0182    (0)   :  0.894 0.057 0.022 0.004 0.024 
208 QAc-G-0183    (6)   :  0.979 0.007 0.005 0.006 0.004 
209 QAc-G-0184    (0)   :  0.987 0.003 0.003 0.003 0.004 
210 QAc-G-0185    (0)   :  0.959 0.017 0.008 0.006 0.010 
211 QAc-G-0186    (0)   :  0.978 0.005 0.004 0.003 0.011 
212 QAc-G-0187    (0)   :  0.932 0.017 0.006 0.030 0.015 
213 QAc-G-0188    (0)   :  0.262 0.009 0.685 0.004 0.039 
214 QAc-G-0189    (0)   :  0.986 0.003 0.003 0.005 0.003 
215 QAc-G-0190    (0)   :  0.981 0.005 0.003 0.005 0.005 
216 QAc-G-0191    (0)   :  0.981 0.004 0.004 0.006 0.006 
217 QAc-G-0192    (0)   :  0.988 0.003 0.003 0.003 0.003 
218 QAc-G-0193    (0)   :  0.981 0.006 0.004 0.005 0.005 
219 QAc-G-0194    (0)   :  0.978 0.005 0.004 0.006 0.007 
220 QAc-G-0195    (0)   :  0.887 0.006 0.006 0.089 0.011 
221 QAc-G-0196    (0)   :  0.985 0.003 0.003 0.005 0.004 
222 QAc-G-0197    (0)   :  0.987 0.003 0.003 0.004 0.003 
223 QAc-G-0198    (0)   :  0.984 0.004 0.003 0.003 0.005 
224 QAc-G-0199    (0)   :  0.897 0.050 0.012 0.012 0.030 
225 QAc-G-0200    (0)   :  0.979 0.004 0.004 0.004 0.009 
226 QAc-G-0201    (0)   :  0.986 0.003 0.003 0.004 0.004 
227 QAc-G-0202    (6)   :  0.978 0.003 0.005 0.010 0.004 
228 QAc-G-0203    (0)   :  0.969 0.003 0.010 0.014 0.005 
229 QAc-G-0204    (0)   :  0.981 0.004 0.003 0.005 0.007 
230 QAc-G-0205    (0)   :  0.004 0.003 0.002 0.988 0.002 
231 QAc-G-0206    (0)   :  0.004 0.014 0.130 0.827 0.026 
232 QAc-G-0207    (0)   :  0.007 0.009 0.006 0.972 0.006 
233 QAc-G-0208    (0)   :  0.004 0.004 0.003 0.986 0.003 
234 QAc-G-0209    (0)   :  0.007 0.003 0.003 0.983 0.003 
235 QAc-G-0210    (0)   :  0.003 0.004 0.003 0.987 0.003 
236 QAc-G-0211    (0)   :  0.003 0.004 0.004 0.986 0.003 
237 QAc-G-0212    (0)   :  0.005 0.004 0.003 0.985 0.004 
238 QAc-G-0213    (0)   :  0.005 0.004 0.003 0.982 0.006 
239 QAc-G-0214    (0)   :  0.005 0.003 0.003 0.986 0.003 
240 QAc-G-0215    (0)   :  0.004 0.004 0.003 0.985 0.004 
241 QAc-G-0216    (0)   :  0.079 0.005 0.717 0.187 0.012 
242 QAc-G-0217    (0)   :  0.006 0.010 0.007 0.971 0.006 
243 QAc-G-0218    (0)   :  0.005 0.007 0.003 0.977 0.007 
244 QAc-G-0219    (0)   :  0.010 0.013 0.030 0.921 0.027 
245 QAc-G-0220    (0)   :  0.004 0.010 0.029 0.952 0.005 
246 QAc-G-0221    (0)   :  0.010 0.027 0.007 0.945 0.012 
247 QAc-G-0222    (0)   :  0.004 0.003 0.003 0.985 0.004 
248 QAc-G-0223    (0)   :  0.003 0.006 0.004 0.981 0.006 
249 QAc-G-0224    (0)   :  0.006 0.005 0.004 0.982 0.004 
250 QAc-G-0226    (0)   :  0.003 0.004 0.003 0.985 0.004 
251 QAc-G-0227    (0)   :  0.006 0.007 0.005 0.004 0.978 
252 QAc-G-0228    (6)   :  0.006 0.005 0.006 0.007 0.976 
253 QAc-G-0229    (0)   :  0.007 0.009 0.015 0.008 0.960 
254 QAc-G-0230    (0)   :  0.006 0.006 0.010 0.016 0.961 
255 QAc-G-0231    (0)   :  0.008 0.004 0.004 0.981 0.004 
256 QAc-G-0232    (0)   :  0.003 0.010 0.005 0.004 0.978 
257 QAc-G-0233    (0)   :  0.006 0.169 0.019 0.049 0.757 
258 QAc-G-0234    (0)   :  0.021 0.013 0.006 0.005 0.955 
259 QAc-G-0235    (0)   :  0.006 0.007 0.975 0.006 0.006 
260 QAc-G-0236    (0)   :  0.006 0.006 0.005 0.005 0.978 
261 QAc-G-0237    (0)   :  0.012 0.018 0.008 0.015 0.946 
262 QAc-G-0238    (0)   :  0.007 0.004 0.004 0.009 0.976 
263 QAc-G-0239    (0)   :  0.005 0.005 0.006 0.005 0.978 
264 QAc-G-0240    (0)   :  0.004 0.008 0.007 0.003 0.979 
265 QAc-G-0241    (0)   :  0.017 0.025 0.031 0.012 0.915 
266 QAc-G-0242    (0)   :  0.004 0.017 0.005 0.009 0.965 
267 QAc-G-0243    (0)   :  0.005 0.322 0.024 0.023 0.627 
268 QAc-G-0244    (0)   :  0.007 0.006 0.017 0.009 0.961 
269 QAc-G-0245    (0)   :  0.007 0.008 0.005 0.003 0.976 
270 QAc-G-0246    (0)   :  0.007 0.008 0.005 0.005 0.974 
271 QAc-G-0247    (0)   :  0.003 0.006 0.005 0.005 0.982 
272 QAc-G-0248    (0)   :  0.004 0.004 0.005 0.003 0.984 
273 QAc-G-0249    (0)   :  0.032 0.867 0.055 0.019 0.027 
274 QAc-G-0025    (0)   :  0.004 0.003 0.003 0.985 0.004 
275 QAc-G-0028    (0)   :  0.007 0.035 0.004 0.042 0.911 
276 QAc-G-0275    (0)   :  0.012 0.003 0.004 0.975 0.005 
277 QAc-G-0263    (0)   :  0.426 0.348 0.142 0.077 0.007 
278 QAc-W-0001    (0)   :  0.004 0.013 0.013 0.005 0.965 
279 QAc-W-0002    (0)   :  0.021 0.009 0.024 0.004 0.942 
280 QAc-W-0003    (0)   :  0.029 0.009 0.035 0.047 0.879 
281 QAc-W-0004    (0)   :  0.007 0.006 0.004 0.010 0.974 
282 QAc-W-0005    (0)   :  0.009 0.017 0.006 0.005 0.963 
283 QAc-W-0006    (0)   :  0.005 0.010 0.008 0.006 0.971 
284 QAc-W-0007   (13)   :  0.004 0.007 0.004 0.006 0.979 
285 QAc-W-0008    (6)   :  0.004 0.026 0.014 0.003 0.953 
286 QAc-W-0009    (0)   :  0.010 0.020 0.056 0.006 0.908 
287 QAc-W-0010    (0)   :  0.015 0.177 0.022 0.006 0.781 
288 QAc-W-0011    (0)   :  0.050 0.015 0.017 0.008 0.910 
289 QAc-W-0012    (0)   :  0.012 0.008 0.007 0.005 0.968 
290 QAc-W-0013    (0)   :  0.009 0.006 0.027 0.125 0.833 
291 QAc-W-0014    (0)   :  0.005 0.018 0.005 0.006 0.967 
292 QAc-W-0015    (0)   :  0.028 0.015 0.022 0.036 0.899 
293 QAc-W-0016    (0)   :  0.015 0.036 0.080 0.015 0.855 
294 QAc-W-0017    (0)   :  0.112 0.319 0.296 0.035 0.238 
295 QAc-W-0018    (0)   :  0.004 0.022 0.061 0.030 0.883 
296 QAc-W-0019    (0)   :  0.008 0.011 0.007 0.006 0.968 
297 QAc-W-0020    (0)   :  0.005 0.015 0.011 0.003 0.965 
298 QAc-W-0021    (0)   :  0.012 0.049 0.093 0.325 0.520 
299 QAc-W-0022    (0)   :  0.030 0.157 0.136 0.032 0.645 
300 QAc-W-0023    (6)   :  0.004 0.272 0.201 0.038 0.486 
301 QAc-W-0024    (0)   :  0.035 0.017 0.038 0.241 0.668 
302 QAc-W-0025    (0)   :  0.004 0.005 0.006 0.004 0.980 
303 QAc-W-0026    (0)   :  0.063 0.244 0.013 0.042 0.637 
304 QAc-W-0027    (0)   :  0.007 0.008 0.010 0.004 0.971 
305 QAc-W-0028    (0)   :  0.006 0.006 0.007 0.003 0.978 
306 QAc-W-0029    (0)   :  0.003 0.008 0.011 0.007 0.970 
307 QAc-W-0030    (0)   :  0.009 0.006 0.005 0.004 0.976 
308 QAc-W-0031    (0)   :  0.005 0.005 0.008 0.069 0.913 
309 QAc-W-0032    (0)   :  0.003 0.015 0.003 0.005 0.975 
310 QAc-W-0033    (0)   :  0.006 0.100 0.015 0.012 0.867 
311 QAc-W-0034    (0)   :  0.004 0.008 0.013 0.005 0.970 
312 QAc-W-0035    (0)   :  0.035 0.026 0.012 0.022 0.905 
313 QAc-W-0036    (0)   :  0.004 0.024 0.008 0.004 0.960 
314 QAc-W-0037    (0)   :  0.016 0.009 0.005 0.011 0.960 
315 QAc-W-0038    (0)   :  0.016 0.013 0.013 0.005 0.953 
316 QAc-W-0039    (0)   :  0.017 0.019 0.007 0.011 0.946 
317 QAc-W-0040    (0)   :  0.011 0.255 0.009 0.008 0.717 
318 QAc-W-0041    (0)   :  0.014 0.011 0.034 0.063 0.878 
319 QAc-W-0042    (0)   :  0.037 0.144 0.771 0.021 0.028 
320 QAc-W-0043    (0)   :  0.054 0.015 0.882 0.009 0.040 
321 QAc-W-0044    (0)   :  0.051 0.675 0.191 0.007 0.075 
322 QAc-W-0045    (0)   :  0.010 0.012 0.958 0.007 0.011 
323 QAc-W-0046    (0)   :  0.023 0.014 0.923 0.017 0.022 
324 QAc-W-0047    (0)   :  0.024 0.053 0.886 0.004 0.034 
325 QAc-W-0048    (0)   :  0.005 0.013 0.962 0.008 0.012 
326 QAc-W-0049    (0)   :  0.005 0.016 0.962 0.009 0.008 
327 QAc-W-0050    (0)   :  0.007 0.010 0.965 0.012 0.006 
328 QAc-W-0051    (0)   :  0.016 0.016 0.939 0.011 0.018 
329 QAc-W-0052    (0)   :  0.004 0.980 0.006 0.003 0.007 
330 QAc-W-0053    (0)   :  0.005 0.017 0.962 0.004 0.012 
331 QAc-W-0054    (0)   :  0.202 0.464 0.312 0.006 0.015 
332 QAc-W-0055    (0)   :  0.553 0.064 0.306 0.068 0.009 
333 QAc-W-0056    (0)   :  0.011 0.018 0.846 0.036 0.089 
334 QAc-W-0057    (0)   :  0.028 0.021 0.887 0.055 0.009 
335 QAc-W-0058    (0)   :  0.015 0.005 0.856 0.118 0.006 
336 QAc-W-0059    (0)   :  0.006 0.005 0.981 0.003 0.005 
337 QAc-W-0060    (0)   :  0.740 0.126 0.032 0.006 0.096 
338 QAc-W-0061    (0)   :  0.858 0.044 0.063 0.014 0.021 
339 QAc-W-0062    (0)   :  0.695 0.248 0.014 0.028 0.015 
340 QAc-W-0063    (0)   :  0.484 0.449 0.022 0.021 0.025 
341 QAc-W-0064    (0)   :  0.718 0.070 0.062 0.024 0.127 
342 QAc-W-0065    (0)   :  0.614 0.084 0.211 0.013 0.078 
343 QAc-W-0066    (0)   :  0.986 0.003 0.003 0.005 0.004 
344 QAc-W-0067    (0)   :  0.987 0.004 0.003 0.004 0.003 
345 QAc-W-0068    (0)   :  0.988 0.003 0.003 0.003 0.004 
346 QAc-W-0069    (0)   :  0.986 0.003 0.003 0.004 0.004 
347 QAc-W-0070    (0)   :  0.988 0.003 0.003 0.003 0.003 
348 QAc-W-0071    (6)   :  0.976 0.008 0.007 0.005 0.004 
349 QAc-W-0072    (0)   :  0.248 0.605 0.116 0.009 0.023 
350 QAc-W-0073    (0)   :  0.410 0.049 0.506 0.012 0.023 
351 QAc-W-0074    (0)   :  0.886 0.068 0.013 0.015 0.018 
352 QAc-W-0075    (0)   :  0.957 0.014 0.013 0.008 0.009 
353 QAc-W-0076    (0)   :  0.779 0.152 0.034 0.026 0.009 
354 QAc-W-0077    (0)   :  0.846 0.059 0.064 0.004 0.028 
355 QAc-W-0078    (0)   :  0.027 0.301 0.015 0.618 0.040 
356 QAc-W-0079    (6)   :  0.028 0.009 0.007 0.942 0.014 
357 QAc-W-0080   (13)   :  0.005 0.004 0.011 0.945 0.035 
358 QAc-W-0081    (0)   :  0.004 0.007 0.004 0.978 0.007 
359 QAc-W-0082    (0)   :  0.004 0.004 0.471 0.514 0.006 
360 QAc-W-0083    (0)   :  0.035 0.039 0.012 0.893 0.021 
361 QAc-W-0084    (0)   :  0.004 0.005 0.003 0.981 0.007 
362 QAc-W-0085    (0)   :  0.005 0.005 0.004 0.983 0.003 
363 QAc-W-0086    (0)   :  0.006 0.006 0.005 0.977 0.006 
364 QAc-W-0087    (0)   :  0.007 0.008 0.009 0.969 0.007 
365 QAc-W-0088    (0)   :  0.004 0.006 0.041 0.942 0.007 
366 QAc-W-0089    (0)   :  0.007 0.004 0.004 0.977 0.007 
367 QAc-W-0090    (0)   :  0.006 0.004 0.004 0.979 0.007 
368 QAc-W-0091    (0)   :  0.007 0.029 0.012 0.945 0.006 
369 QAc-W-0092    (0)   :  0.007 0.187 0.019 0.671 0.117 
370 QAc-W-0093    (0)   :  0.004 0.045 0.096 0.759 0.097 
371 QAc-W-0094    (0)   :  0.007 0.145 0.047 0.700 0.100 
372 QAc-W-0095    (0)   :  0.006 0.018 0.009 0.948 0.019 
373 QAc-W-0096    (0)   :  0.029 0.112 0.043 0.767 0.049 
374 QAc-W-0097    (0)   :  0.009 0.012 0.197 0.696 0.086 
375 QAc-W-0098    (0)   :  0.004 0.005 0.007 0.979 0.006 
376 QAc-W-0099    (0)   :  0.005 0.100 0.036 0.831 0.028 
377 QAc-W-0100    (0)   :  0.004 0.006 0.007 0.977 0.005 
378 QAc-W-0101    (0)   :  0.038 0.008 0.006 0.942 0.007 
379 QAc-W-0104    (0)   :  0.004 0.022 0.023 0.941 0.010 
380 QAc-W-0105    (0)   :  0.005 0.007 0.005 0.974 0.008 
381 QAc-W-0106    (0)   :  0.005 0.028 0.010 0.934 0.023 
382 QAc-W-0107    (0)   :  0.007 0.005 0.004 0.981 0.004 
383 QAc-W-0108    (0)   :  0.006 0.004 0.004 0.982 0.004 
384 QAc-W-0109    (0)   :  0.024 0.008 0.014 0.943 0.011 
385 QAc-W-0110   (13)   :  0.009 0.021 0.010 0.339 0.621 
386 QAc-W-0111    (6)   :  0.006 0.006 0.006 0.973 0.009 
387 QAc-W-0112   (13)   :  0.004 0.018 0.013 0.952 0.014 
388 QAc-W-0113   (13)   :  0.005 0.953 0.012 0.009 0.021 
389 QAc-W-0114   (13)   :  0.006 0.950 0.015 0.024 0.006 
390 QAc-W-0115    (0)   :  0.007 0.961 0.005 0.010 0.017 
391 QAc-W-0116    (0)   :  0.003 0.972 0.011 0.006 0.009 
392 QAc-W-0117    (0)   :  0.005 0.956 0.026 0.003 0.009 
393 QAc-W-0118    (0)   :  0.042 0.908 0.009 0.033 0.007 
394 QAc-W-0119    (0)   :  0.016 0.965 0.008 0.006 0.005 
395 QAc-W-0120    (0)   :  0.021 0.916 0.024 0.013 0.026 
396 QAc-W-0121    (0)   :  0.059 0.897 0.027 0.004 0.012 
397 QAc-W-0122    (0)   :  0.006 0.823 0.150 0.008 0.014 
398 QAc-W-0123    (6)   :  0.011 0.938 0.026 0.016 0.008 
399 QAc-W-0124    (0)   :  0.072 0.735 0.008 0.132 0.053 
400 QAc-W-0125    (0)   :  0.014 0.955 0.007 0.018 0.005 
401 QAc-W-0126   (13)   :  0.012 0.918 0.027 0.034 0.010 
402 QAc-W-0127    (6)   :  0.007 0.966 0.010 0.004 0.014 
403 QAc-W-0128   (13)   :  0.026 0.824 0.033 0.092 0.025 
404 QAc-W-0129   (13)   :  0.005 0.875 0.033 0.007 0.081 
405 QAc-W-0130   (13)   :  0.010 0.750 0.061 0.017 0.162 
406 QAc-W-0131    (0)   :  0.009 0.965 0.010 0.010 0.006 
407 QAc-W-0132    (6)   :  0.030 0.924 0.006 0.017 0.023 
408 QAc-W-0133    (6)   :  0.215 0.694 0.030 0.049 0.012 
409 QAc-W-0134    (0)   :  0.006 0.976 0.008 0.005 0.006 
410 QAc-W-0135    (0)   :  0.024 0.637 0.012 0.008 0.320 
411 QAc-W-0136    (0)   :  0.004 0.982 0.005 0.003 0.006 
412 QAc-W-0137    (0)   :  0.005 0.984 0.004 0.002 0.005 
413 QAc-W-0138    (0)   :  0.004 0.980 0.004 0.003 0.009 
414 QAc-W-0139    (0)   :  0.042 0.833 0.010 0.078 0.037 
415 QAc-W-0140    (0)   :  0.007 0.752 0.168 0.006 0.067 
416 QAc-W-0141    (6)   :  0.025 0.566 0.139 0.011 0.259 
417 QAc-W-0142    (0)   :  0.011 0.971 0.007 0.005 0.006 
418 QAc-W-0143    (0)   :  0.005 0.955 0.018 0.013 0.009 
419 QAc-W-0144    (0)   :  0.004 0.887 0.095 0.007 0.008 
420 QAc-W-0145    (0)   :  0.003 0.964 0.023 0.004 0.005 
421 QAc-W-0146    (0)   :  0.006 0.941 0.006 0.010 0.037 
422 QAc-W-0147    (0)   :  0.005 0.975 0.006 0.008 0.007 
423 QAc-W-0148    (0)   :  0.005 0.978 0.005 0.003 0.009 
424 QAc-W-0149    (0)   :  0.004 0.934 0.039 0.012 0.011 
425 QAc-W-0150    (0)   :  0.011 0.819 0.009 0.041 0.119 
426 QAc-W-0151    (0)   :  0.010 0.956 0.007 0.010 0.017 
427 QAc-W-0152    (0)   :  0.007 0.966 0.010 0.005 0.010 
428 QAc-W-0153    (0)   :  0.015 0.026 0.752 0.051 0.155 
429 QAc-W-0154    (0)   :  0.005 0.748 0.035 0.005 0.207 
430 QAc-W-0155    (0)   :  0.004 0.974 0.006 0.004 0.012 
431 QAc-W-0156    (0)   :  0.004 0.871 0.007 0.066 0.052 
432 QAc-W-0157    (0)   :  0.015 0.926 0.046 0.004 0.009 
433 QAc-W-0158    (0)   :  0.038 0.768 0.006 0.072 0.117 
434 QAc-W-0159    (0)   :  0.005 0.977 0.007 0.004 0.008 
435 QAc-W-0160    (0)   :  0.006 0.909 0.007 0.007 0.072 
436 QAc-W-0161    (0)   :  0.004 0.967 0.007 0.003 0.018 
437 QAc-W-0162    (0)   :  0.015 0.963 0.014 0.005 0.003 
438 QAc-W-0163    (0)   :  0.006 0.923 0.060 0.004 0.007 
439 QAc-W-0164    (0)   :  0.008 0.973 0.008 0.005 0.005 
440 QAc-W-0165    (0)   :  0.019 0.959 0.012 0.003 0.006 
441 QAc-W-0166    (0)   :  0.007 0.870 0.010 0.005 0.108 
442 QAc-W-0167    (0)   :  0.006 0.010 0.957 0.018 0.008 
443 QAc-W-0168    (0)   :  0.157 0.704 0.083 0.024 0.032 
444 QAc-W-0169    (0)   :  0.011 0.009 0.794 0.004 0.181 
445 QAc-W-0170    (0)   :  0.006 0.013 0.948 0.009 0.025 
446 QAc-W-0171    (0)   :  0.006 0.011 0.961 0.013 0.009 
447 QAc-W-0172    (0)   :  0.003 0.064 0.880 0.009 0.045 
448 QAc-W-0173    (0)   :  0.005 0.122 0.692 0.009 0.171 
449 QAc-W-0174    (0)   :  0.010 0.015 0.959 0.005 0.011 


Estimated Allele Frequencies in each cluster
First column gives estimated ancestral frequencies


Locus 1 : 
21 alleles
0.4% missing data
 210   (0.132) 0.003 0.110 0.212 0.211 0.046 
 212   (0.095) 0.208 0.052 0.061 0.226 0.193 
 202   (0.058) 0.001 0.118 0.029 0.137 0.054 
 226   (0.056) 0.176 0.076 0.031 0.111 0.002 
 216   (0.060) 0.001 0.177 0.044 0.094 0.006 
 200   (0.211) 0.381 0.172 0.246 0.128 0.502 
 224   (0.030) 0.144 0.002 0.011 0.001 0.080 
 218   (0.039) 0.000 0.097 0.010 0.058 0.029 
 222   (0.024) 0.000 0.123 0.009 0.000 0.001 
 228   (0.014) 0.061 0.001 0.003 0.000 0.000 
 214   (0.068) 0.022 0.045 0.125 0.001 0.002 
 208   (0.054) 0.001 0.003 0.058 0.029 0.072 
 220   (0.025) 0.000 0.005 0.026 0.000 0.001 
 206   (0.036) 0.001 0.012 0.049 0.001 0.004 
 196   (0.013) 0.000 0.001 0.007 0.000 0.000 
 238   (0.014) 0.000 0.001 0.008 0.000 0.000 
 121   (0.013) 0.000 0.001 0.003 0.000 0.005 
 204   (0.015) 0.000 0.001 0.018 0.000 0.000 
 190   (0.015) 0.000 0.001 0.008 0.000 0.000 
 198   (0.014) 0.000 0.001 0.008 0.000 0.000 
 232   (0.018) 0.000 0.001 0.034 0.000 0.001 

Locus 2 : 
16 alleles
1.6% missing data
 171   (0.250) 0.003 0.183 0.388 0.148 0.331 
 175   (0.098) 0.121 0.059 0.072 0.243 0.035 
 185   (0.048) 0.002 0.150 0.016 0.148 0.011 
 181   (0.081) 0.339 0.005 0.078 0.346 0.100 
 179   (0.068) 0.114 0.298 0.041 0.001 0.008 
 173   (0.162) 0.325 0.166 0.121 0.064 0.331 
 177   (0.034) 0.093 0.048 0.013 0.001 0.001 
 183   (0.073) 0.001 0.054 0.103 0.021 0.003 
 187   (0.069) 0.001 0.016 0.111 0.001 0.072 
 189   (0.025) 0.000 0.008 0.008 0.000 0.105 
 191   (0.023) 0.000 0.001 0.015 0.027 0.001 
 163   (0.015) 0.000 0.001 0.008 0.000 0.000 
 165   (0.013) 0.000 0.001 0.008 0.000 0.000 
 193   (0.013) 0.000 0.001 0.007 0.000 0.000 
 169   (0.012) 0.000 0.005 0.003 0.000 0.000 
 167   (0.016) 0.000 0.001 0.008 0.000 0.000 

Locus 3 : 
7 alleles
2.4% missing data
 206   (0.833) 0.983 0.961 0.890 0.985 0.926 
 208   (0.054) 0.002 0.009 0.048 0.001 0.071 
 198   (0.015) 0.000 0.001 0.003 0.006 0.000 
 204   (0.048) 0.014 0.027 0.024 0.008 0.001 
 218   (0.017) 0.000 0.001 0.013 0.000 0.000 
 230   (0.015) 0.000 0.001 0.008 0.000 0.000 
 212   (0.018) 0.000 0.001 0.013 0.000 0.001 

Locus 4 : 
15 alleles
3.6% missing data
 165   (0.090) 0.087 0.014 0.060 0.602 0.125 
 173   (0.034) 0.000 0.002 0.031 0.325 0.001 
 163   (0.180) 0.011 0.210 0.266 0.007 0.108 
 167   (0.135) 0.002 0.275 0.122 0.023 0.191 
 161   (0.305) 0.878 0.446 0.330 0.013 0.517 
 153   (0.016) 0.000 0.001 0.003 0.000 0.010 
 171   (0.040) 0.000 0.012 0.051 0.004 0.001 
 179   (0.015) 0.000 0.001 0.007 0.000 0.001 
 157   (0.036) 0.001 0.002 0.028 0.001 0.035 
 149   (0.014) 0.000 0.001 0.008 0.000 0.000 
 177   (0.038) 0.001 0.008 0.023 0.019 0.004 
 155   (0.020) 0.000 0.002 0.009 0.000 0.004 
 175   (0.016) 0.000 0.001 0.013 0.000 0.000 
 169   (0.029) 0.000 0.002 0.038 0.004 0.001 
 159   (0.031) 0.018 0.023 0.011 0.001 0.001 

Locus 5 : 
16 alleles
0.0% missing data
 148   (0.092) 0.368 0.045 0.054 0.402 0.129 
 160   (0.039) 0.000 0.013 0.025 0.079 0.002 
 146   (0.106) 0.334 0.024 0.110 0.277 0.043 
 154   (0.053) 0.037 0.145 0.034 0.003 0.004 
 150   (0.056) 0.009 0.003 0.096 0.001 0.063 
 138   (0.086) 0.004 0.237 0.054 0.099 0.077 
 166   (0.073) 0.001 0.101 0.106 0.002 0.014 
 164   (0.024) 0.000 0.022 0.014 0.000 0.001 
 142   (0.030) 0.001 0.011 0.031 0.001 0.001 
 144   (0.175) 0.205 0.115 0.244 0.014 0.265 
 140   (0.056) 0.001 0.203 0.030 0.001 0.188 
 158   (0.058) 0.001 0.018 0.046 0.047 0.020 
 162   (0.030) 0.000 0.001 0.033 0.065 0.001 
 152   (0.078) 0.038 0.057 0.069 0.002 0.191 
 134   (0.021) 0.000 0.001 0.034 0.000 0.001 
 156   (0.025) 0.000 0.003 0.021 0.008 0.001 

Locus 6 : 
12 alleles
0.0% missing data
 225   (0.038) 0.194 0.017 0.010 0.111 0.002 
 239   (0.115) 0.480 0.091 0.084 0.033 0.077 
 229   (0.018) 0.000 0.001 0.004 0.331 0.004 
 235   (0.237) 0.266 0.274 0.205 0.401 0.312 
 237   (0.185) 0.045 0.155 0.228 0.007 0.284 
 233   (0.104) 0.011 0.113 0.067 0.045 0.257 
 227   (0.094) 0.001 0.105 0.243 0.001 0.003 
 245   (0.057) 0.001 0.070 0.048 0.001 0.023 
 241   (0.056) 0.002 0.094 0.039 0.068 0.002 
 231   (0.044) 0.001 0.052 0.049 0.001 0.001 
 243   (0.038) 0.000 0.028 0.016 0.001 0.035 
 251   (0.014) 0.000 0.001 0.008 0.000 0.000 

Locus 7 : 
7 alleles
0.0% missing data
 118   (0.818) 0.982 0.869 0.878 0.962 0.865 
 124   (0.052) 0.001 0.123 0.021 0.001 0.124 
 116   (0.027) 0.001 0.001 0.045 0.001 0.001 
 114   (0.049) 0.005 0.004 0.030 0.024 0.009 
 122   (0.017) 0.000 0.001 0.013 0.000 0.001 
 112   (0.022) 0.000 0.001 0.009 0.011 0.001 
 120   (0.015) 0.011 0.001 0.003 0.000 0.000 

Locus 8 : 
5 alleles
0.4% missing data
 135   (0.063) 0.006 0.014 0.034 0.016 0.108 
 139   (0.697) 0.959 0.758 0.739 0.902 0.792 
 137   (0.190) 0.034 0.163 0.204 0.081 0.099 
 143   (0.028) 0.000 0.042 0.016 0.000 0.001 
 141   (0.022) 0.000 0.023 0.008 0.001 0.001 

Locus 9 : 
15 alleles
1.6% missing data
 116   (0.154) 0.183 0.260 0.095 0.371 0.483 
 112   (0.100) 0.076 0.119 0.063 0.077 0.044 
 118   (0.106) 0.002 0.127 0.103 0.516 0.028 
 122   (0.130) 0.536 0.160 0.223 0.002 0.006 
 114   (0.191) 0.135 0.149 0.224 0.024 0.253 
 120   (0.058) 0.001 0.078 0.043 0.001 0.082 
 130   (0.053) 0.001 0.043 0.037 0.001 0.081 
 124   (0.054) 0.065 0.023 0.068 0.001 0.002 
 110   (0.012) 0.000 0.001 0.008 0.000 0.000 
 134   (0.013) 0.000 0.001 0.008 0.000 0.000 
 128   (0.042) 0.000 0.033 0.029 0.001 0.011 
 126   (0.044) 0.001 0.004 0.076 0.001 0.010 
 108   (0.016) 0.000 0.001 0.014 0.000 0.000 
 106   (0.013) 0.001 0.001 0.007 0.000 0.000 
 138   (0.012) 0.000 0.001 0.003 0.005 0.000 

Locus 10 : 
8 alleles
0.0% missing data
 232   (0.725) 0.996 0.901 0.642 0.974 0.926 
 238   (0.147) 0.002 0.093 0.276 0.003 0.032 
 220   (0.016) 0.000 0.001 0.003 0.000 0.030 
 226   (0.015) 0.000 0.001 0.003 0.011 0.000 
 234   (0.026) 0.000 0.001 0.016 0.000 0.010 
 240   (0.018) 0.000 0.001 0.014 0.000 0.000 
 236   (0.021) 0.001 0.001 0.019 0.000 0.001 
 244   (0.032) 0.000 0.002 0.027 0.011 0.001 

Locus 11 : 
9 alleles
0.0% missing data
 165   (0.705) 0.762 0.911 0.712 0.870 0.815 
 167   (0.108) 0.235 0.052 0.099 0.123 0.009 
 161   (0.102) 0.001 0.022 0.152 0.005 0.172 
 153   (0.013) 0.000 0.001 0.005 0.001 0.002 
 169   (0.013) 0.001 0.001 0.007 0.000 0.000 
 155   (0.014) 0.000 0.001 0.008 0.000 0.000 
 173   (0.015) 0.000 0.001 0.008 0.000 0.000 
 163   (0.015) 0.000 0.011 0.003 0.000 0.000 
 171   (0.015) 0.000 0.001 0.008 0.000 0.000 

Locus 12 : 
9 alleles
0.0% missing data
 137   (0.474) 0.443 0.810 0.486 0.302 0.337 
 140   (0.128) 0.011 0.085 0.078 0.354 0.413 
 134   (0.290) 0.544 0.082 0.362 0.341 0.243 
 149   (0.015) 0.000 0.001 0.007 0.000 0.000 
 131   (0.015) 0.000 0.001 0.007 0.001 0.001 
 143   (0.021) 0.000 0.001 0.024 0.000 0.001 
 128   (0.015) 0.000 0.001 0.008 0.000 0.000 
 125   (0.021) 0.000 0.017 0.004 0.000 0.004 
 146   (0.021) 0.000 0.001 0.024 0.000 0.001 

Locus 13 : 
20 alleles
0.2% missing data
 206   (0.096) 0.034 0.214 0.049 0.423 0.136 
 210   (0.059) 0.352 0.019 0.022 0.276 0.151 
 190   (0.052) 0.001 0.089 0.040 0.001 0.051 
 202   (0.133) 0.002 0.173 0.184 0.066 0.055 
 214   (0.028) 0.168 0.002 0.012 0.000 0.032 
 212   (0.030) 0.134 0.156 0.006 0.000 0.002 
 192   (0.087) 0.001 0.108 0.075 0.023 0.239 
 204   (0.050) 0.004 0.035 0.044 0.001 0.021 
 184   (0.059) 0.003 0.059 0.030 0.085 0.060 
 216   (0.016) 0.001 0.001 0.003 0.000 0.118 
 208   (0.039) 0.021 0.036 0.009 0.001 0.091 
 200   (0.099) 0.002 0.039 0.187 0.088 0.017 
 198   (0.041) 0.001 0.025 0.059 0.001 0.002 
 194   (0.092) 0.194 0.017 0.179 0.033 0.007 
 186   (0.022) 0.082 0.001 0.013 0.000 0.001 
 188   (0.017) 0.000 0.001 0.023 0.000 0.001 
 196   (0.035) 0.000 0.020 0.043 0.001 0.001 
 220   (0.013) 0.000 0.004 0.004 0.000 0.000 
 180   (0.016) 0.000 0.001 0.013 0.000 0.000 
 182   (0.013) 0.000 0.001 0.002 0.000 0.015 

Locus 14 : 
8 alleles
1.6% missing data
 139   (0.085) 0.133 0.022 0.045 0.203 0.109 
 145   (0.074) 0.012 0.100 0.032 0.112 0.027 
 151   (0.338) 0.453 0.394 0.332 0.572 0.283 
 157   (0.287) 0.134 0.376 0.276 0.095 0.548 
 154   (0.091) 0.267 0.083 0.078 0.002 0.029 
 163   (0.053) 0.001 0.012 0.073 0.016 0.002 
 142   (0.034) 0.000 0.010 0.039 0.001 0.001 
 160   (0.040) 0.000 0.002 0.125 0.001 0.001 

Locus 15 : 
14 alleles
1.1% missing data
 256   (0.134) 0.161 0.163 0.097 0.132 0.150 
 262   (0.030) 0.000 0.001 0.021 0.414 0.001 
 246   (0.091) 0.001 0.011 0.128 0.098 0.106 
 258   (0.138) 0.002 0.327 0.131 0.027 0.295 
 254   (0.087) 0.183 0.146 0.062 0.003 0.058 
 250   (0.031) 0.540 0.019 0.012 0.000 0.001 
 242   (0.121) 0.091 0.092 0.134 0.189 0.010 
 252   (0.086) 0.006 0.016 0.099 0.124 0.074 
 248   (0.166) 0.014 0.182 0.241 0.005 0.199 
 260   (0.046) 0.001 0.007 0.038 0.004 0.105 
 264   (0.018) 0.000 0.002 0.012 0.000 0.000 
 244   (0.023) 0.000 0.032 0.009 0.001 0.001 
 276   (0.014) 0.000 0.001 0.008 0.000 0.000 
 240   (0.014) 0.000 0.001 0.007 0.000 0.000 

Values of parameters used in structure:
DATAFILE=C:\Users\eschumacher\Documents\GitHub\GCC_QUAC_ZAIN\Data_Files\Structure_Files\QUAC\QUAC_wK_nopopinfo_garden_wild\QUAC_wK_nopopinfo_STR\project_data,	OUTFILE=C:\Users\eschumacher\Documents\GitHub\GCC_QUAC_ZAIN\Data_Files\Structure_Files\QUAC\QUAC_wK_nopopinfo_garden_wild\QUAC_wK_nopopinfo_STR\50-50\Results\50-50_run_25,	NUMINDS=449,	NUMLOCI=15,	MISSING=-9,	LABEL=1,	POPDATA=0,	POPFLAG=0,	PHENOTYPE=0,	EXTRACOLS=0,	MAXPOPS=5,	BURNIN=50000,	NUMREPS=50000,	USEPOPINFO=0,	INFERALPHA=1,	INFERLAMBDA=0,	POPSPECIFICLAMBDA=0,	POPALPHAS=0,	COMPUTEPROB=1,	NOADMIX=0,	ADMBURNIN=2500,	UPDATEFREQ=1,	PRINTLIKES=0,	INTERMEDSAVE=0,	PRINTKLD=0,	PRINTNET=0,	PRINTLAMBDA=0,	ANCESTDIST=0,	NUMBOXES=1000,	ANCESTPINT=0.90000,	GENSBACK=2,	MIGRPRIOR=0.05000,	PRINTQHAT=0,	PRINTQSUM=0,	ALPHA=1.0000,	FREQSCORR=1,	FPRIORMEAN=0.0100,	FPRIORSD=0.0500,	ONEFST=0,	LAMBDA=1.0000,	UNIFPRIORALPHA=1,	ALPHAMAX=10.0000,	ALPHAPRIORA=1.0000,	ALPHAPRIORB=2.0000,	ALPHAPROPSD=0.0250,	STARTATPOPINFO=0,	RANDOMIZE=1,	LINKAGE=0,	METROFREQ=10,	REPORTHITRATE=0,	MARKOVPHASE=-1,	PHASED=0,	PLOIDY=2,	PHASEINFO=0	LOCPRIOR=0, 	LOCPRIORINIT=1.000000, 	LOCDATA=0, 	LOCISPOP=0, 	LOCPRIORSTEP=0.100000, 	MAXLOCPRIOR=20.000000, 	SEED=1670280566,	
[STRAT parameters]:    NUMSIMSTATS=1000,	PHENOTYPECOL=-9,	POOLFREQ=10,	LOCUSxONLY=0,	EMERROR=0.00100,	MISSINGPHENO=-9,	