

----------------------------------------------------
STRUCTURE by Pritchard, Stephens and Donnelly (2000)
     and Falush, Stephens and Pritchard (2003)
       Code by Pritchard, Falush and Hubisz
             Version 2.3.4 (Jul 2012)
----------------------------------------------------



Command line arguments:   bin\structure -m C:\Users\eschumacher\Documents\GitHub\GCC_QUAC_ZAIN\Data_Files\Structure_Files\QUAC\QUAC_wK_nopopinfo_garden_wild\QUAC_wK_nopopinfo_STR\50-50\mainparams -e C:\Users\eschumacher\Documents\GitHub\GCC_QUAC_ZAIN\Data_Files\Structure_Files\QUAC\QUAC_wK_nopopinfo_garden_wild\QUAC_wK_nopopinfo_STR\50-50\extraparams 
Input File:    C:\Users\eschumacher\Documents\GitHub\GCC_QUAC_ZAIN\Data_Files\Structure_Files\QUAC\QUAC_wK_nopopinfo_garden_wild\QUAC_wK_nopopinfo_STR\project_data

Run parameters:
   449 individuals
   15 loci
   3 populations assumed
   50000 Burn-in period
   50000 Reps


--------------------------------------------
Overall proportion of membership of the
sample in each of the 3 clusters

Inferred Clusters
  1      2      3    
0.202  0.203  0.595  

--------------------------------------------

Allele-freq. divergence among pops (Net nucleotide distance),
computed using point estimates of P.

      1       2       3      
 1      -    0.1138  0.0731  
 2   0.1138     -    0.0791  
 3   0.0731  0.0791     -    

Average distances (expected heterozygosity) between individuals in same cluster:
cluster  1  : 0.4677 
cluster  2  : 0.5055 
cluster  3  : 0.6271 

--------------------------------------------
Estimated Ln Prob of Data   = -17691.4
Mean value of ln likelihood = -17530.2
Variance of ln likelihood   = 322.4
Mean value of alpha         = 0.0424

Mean value of Fst_1         = 0.3010
Mean value of Fst_2         = 0.2408
Mean value of Fst_3         = 0.0299


Inferred ancestry of individuals:
        Label (%Miss) :  Inferred clusters
  1 QAc-G-0029    (0)   :  0.015 0.978 0.007 
  2 QAc-G-0030    (0)   :  0.005 0.992 0.004 
  3 QAc-G-0031    (0)   :  0.006 0.990 0.003 
  4 QAc-G-0061    (0)   :  0.004 0.991 0.005 
  5 QAc-G-0062    (0)   :  0.272 0.009 0.719 
  6 QAc-G-0063    (0)   :  0.947 0.007 0.046 
  7 QAc-G-0064    (0)   :  0.008 0.005 0.987 
  8 QAc-G-0065    (0)   :  0.004 0.017 0.978 
  9 QAc-G-0066    (0)   :  0.990 0.006 0.004 
 10 QAc-G-0067    (0)   :  0.008 0.034 0.958 
 11 QAc-G-0068    (0)   :  0.765 0.008 0.226 
 12 QAc-G-0070    (0)   :  0.887 0.008 0.104 
 13 QAc-G-0071   (13)   :  0.989 0.007 0.004 
 14 QAc-G-0072    (0)   :  0.990 0.005 0.005 
 15 QAc-G-0073    (0)   :  0.007 0.014 0.980 
 16 QAc-G-0074    (0)   :  0.369 0.006 0.625 
 17 QAc-G-0075    (0)   :  0.016 0.011 0.972 
 18 QAc-G-0076    (0)   :  0.014 0.014 0.972 
 19 QAc-G-0077    (0)   :  0.010 0.985 0.005 
 20 QAc-G-0078    (0)   :  0.004 0.992 0.003 
 21 QAc-G-0079    (0)   :  0.006 0.990 0.005 
 22 QAc-G-0080    (0)   :  0.016 0.721 0.263 
 23 QAc-G-0081    (0)   :  0.012 0.009 0.979 
 24 QAc-G-0082    (0)   :  0.005 0.010 0.985 
 25 QAc-G-0083    (0)   :  0.445 0.083 0.472 
 26 QAc-G-0001   (13)   :  0.007 0.990 0.004 
 27 QAc-G-0002    (0)   :  0.004 0.993 0.003 
 28 QAc-G-0285    (0)   :  0.972 0.013 0.014 
 29 QAc-G-0286    (0)   :  0.992 0.004 0.004 
 30 QAc-G-0287    (0)   :  0.993 0.004 0.003 
 31 QAc-G-0288    (6)   :  0.978 0.014 0.007 
 32 QAc-G-0289    (0)   :  0.991 0.005 0.004 
 33 QAc-G-0290    (0)   :  0.990 0.005 0.005 
 34 QAc-G-0291    (0)   :  0.990 0.007 0.003 
 35 QAc-G-0292    (0)   :  0.946 0.004 0.050 
 36 QAc-G-0293    (0)   :  0.989 0.008 0.003 
 37 QAc-G-0294    (0)   :  0.007 0.019 0.974 
 38 QAc-G-0295    (0)   :  0.023 0.025 0.952 
 39 QAc-G-0296    (0)   :  0.015 0.005 0.979 
 40 QAc-G-0297    (0)   :  0.004 0.005 0.991 
 41 QAc-G-0298    (6)   :  0.006 0.014 0.979 
 42 QAc-G-0299    (0)   :  0.019 0.012 0.969 
 43 QAc-G-0300    (0)   :  0.005 0.004 0.991 
 44 QAc-G-0301    (0)   :  0.021 0.013 0.967 
 45 QAc-G-0302    (0)   :  0.007 0.005 0.989 
 46 QAc-G-0303    (0)   :  0.011 0.004 0.984 
 47 QAc-G-0304    (0)   :  0.992 0.004 0.004 
 48 QAc-G-0305    (0)   :  0.813 0.141 0.045 
 49 QAc-G-0306    (0)   :  0.992 0.005 0.003 
 50 QAc-G-0307    (0)   :  0.023 0.916 0.062 
 51 QAc-G-0308    (0)   :  0.016 0.974 0.010 
 52 QAc-G-0309    (0)   :  0.006 0.989 0.005 
 53 QAc-G-0310    (0)   :  0.005 0.990 0.005 
 54 QAc-G-0311    (0)   :  0.004 0.994 0.003 
 55 QAc-G-0312    (0)   :  0.008 0.501 0.490 
 56 QAc-G-0313    (0)   :  0.039 0.014 0.947 
 57 QAc-G-0314    (0)   :  0.005 0.012 0.983 
 58 QAc-G-0315    (0)   :  0.033 0.006 0.961 
 59 QAc-G-0316    (0)   :  0.016 0.068 0.916 
 60 QAc-G-0032    (6)   :  0.011 0.008 0.981 
 61 QAc-G-0033    (0)   :  0.008 0.011 0.981 
 62 QAc-G-0034    (0)   :  0.009 0.055 0.935 
 63 QAc-G-0035    (0)   :  0.012 0.008 0.980 
 64 QAc-G-0036    (0)   :  0.035 0.012 0.953 
 65 QAc-G-0037    (0)   :  0.038 0.043 0.919 
 66 QAc-G-0038    (0)   :  0.006 0.003 0.992 
 67 QAc-G-0039    (0)   :  0.011 0.058 0.932 
 68 QAc-G-0040    (0)   :  0.033 0.010 0.958 
 69 QAc-G-0041    (0)   :  0.006 0.006 0.988 
 70 QAc-G-0042    (0)   :  0.015 0.005 0.980 
 71 QAc-G-0043    (0)   :  0.016 0.032 0.952 
 72 QAc-G-0044    (0)   :  0.024 0.006 0.970 
 73 QAc-G-0045    (0)   :  0.016 0.044 0.941 
 74 QAc-G-0046    (0)   :  0.005 0.058 0.937 
 75 QAc-G-0047    (0)   :  0.013 0.055 0.932 
 76 QAc-G-0048    (0)   :  0.007 0.004 0.989 
 77 QAc-G-0049    (0)   :  0.006 0.991 0.003 
 78 QAc-G-0050    (0)   :  0.098 0.202 0.700 
 79 QAc-G-0051    (0)   :  0.005 0.991 0.003 
 80 QAc-G-0052    (0)   :  0.004 0.983 0.012 
 81 QAc-G-0053    (0)   :  0.010 0.984 0.006 
 82 QAc-G-0054    (0)   :  0.006 0.438 0.556 
 83 QAc-G-0055    (0)   :  0.006 0.627 0.367 
 84 QAc-G-0056    (0)   :  0.012 0.037 0.951 
 85 QAc-G-0057    (0)   :  0.005 0.991 0.004 
 86 QAc-G-0058    (6)   :  0.004 0.992 0.003 
 87 QAc-G-0059    (0)   :  0.004 0.698 0.298 
 88 QAc-G-0060    (6)   :  0.013 0.975 0.011 
 89 QAc-G-0276    (0)   :  0.960 0.026 0.015 
 90 QAc-G-0279    (0)   :  0.988 0.008 0.004 
 91 QAc-G-0280    (6)   :  0.989 0.005 0.006 
 92 QAc-G-0281    (0)   :  0.007 0.989 0.004 
 93 QAc-G-0018    (0)   :  0.016 0.064 0.920 
 94 QAc-G-0019    (0)   :  0.029 0.006 0.965 
 95 QAc-G-0020    (0)   :  0.005 0.013 0.982 
 96 QAc-G-0021    (6)   :  0.005 0.018 0.976 
 97 QAc-G-0022    (6)   :  0.006 0.008 0.986 
 98 QAc-G-0023    (0)   :  0.004 0.992 0.004 
 99 QAc-G-0024    (0)   :  0.004 0.991 0.005 
100 QAc-G-0016    (0)   :  0.022 0.296 0.682 
101 QAc-G-0017    (0)   :  0.012 0.004 0.984 
102 QAc-G-0250    (0)   :  0.585 0.047 0.368 
103 QAc-G-0003    (6)   :  0.989 0.006 0.005 
104 QAc-G-0004    (0)   :  0.005 0.007 0.989 
105 QAc-G-0005    (0)   :  0.009 0.009 0.982 
106 QAc-G-0006    (6)   :  0.008 0.005 0.987 
107 QAc-G-0283    (0)   :  0.011 0.007 0.983 
108 QAc-G-0265    (0)   :  0.043 0.406 0.551 
109 QAc-G-0266    (0)   :  0.006 0.991 0.003 
110 QAc-G-0267    (0)   :  0.053 0.009 0.938 
111 QAc-G-0268   (20)   :  0.672 0.025 0.304 
112 QAc-G-0269    (0)   :  0.991 0.005 0.004 
113 QAc-G-0270    (6)   :  0.018 0.007 0.974 
114 QAc-G-0271    (0)   :  0.006 0.005 0.989 
115 QAc-G-0272    (6)   :  0.101 0.012 0.888 
116 QAc-G-0273    (0)   :  0.005 0.988 0.007 
117 QAc-G-0274    (0)   :  0.005 0.005 0.990 
118 QAc-G-0251    (6)   :  0.006 0.006 0.988 
119 QAc-G-0252    (0)   :  0.011 0.006 0.983 
120 QAc-G-0253    (0)   :  0.006 0.990 0.005 
121 QAc-G-0254    (0)   :  0.003 0.994 0.003 
122 QAc-G-0255    (0)   :  0.004 0.004 0.991 
123 QAc-G-0256    (0)   :  0.020 0.007 0.973 
124 QAc-G-0257    (0)   :  0.004 0.007 0.988 
125 QAc-G-0258    (0)   :  0.005 0.003 0.992 
126 QAc-G-0259    (0)   :  0.004 0.003 0.993 
127 QAc-G-0260    (0)   :  0.065 0.008 0.927 
128 QAc-G-0261    (0)   :  0.008 0.008 0.984 
129 QAc-G-0262    (0)   :  0.019 0.010 0.970 
130 QAc-G-0010    (0)   :  0.967 0.018 0.015 
131 QAc-G-0011    (0)   :  0.005 0.006 0.989 
132 QAc-G-0015    (0)   :  0.009 0.919 0.072 
133 QAc-G-0106    (0)   :  0.004 0.005 0.991 
134 QAc-G-0107    (0)   :  0.011 0.011 0.978 
135 QAc-G-0108    (0)   :  0.007 0.004 0.989 
136 QAc-G-0109    (0)   :  0.007 0.012 0.982 
137 QAc-G-0110    (0)   :  0.022 0.005 0.972 
138 QAc-G-0111    (0)   :  0.018 0.007 0.976 
139 QAc-G-0112    (0)   :  0.070 0.010 0.920 
140 QAc-G-0113    (0)   :  0.018 0.032 0.950 
141 QAc-G-0114    (0)   :  0.017 0.007 0.976 
142 QAc-G-0115    (0)   :  0.007 0.004 0.988 
143 QAc-G-0116    (0)   :  0.019 0.012 0.969 
144 QAc-G-0117    (0)   :  0.009 0.013 0.978 
145 QAc-G-0118    (0)   :  0.005 0.003 0.992 
146 QAc-G-0119    (0)   :  0.003 0.007 0.990 
147 QAc-G-0120    (0)   :  0.007 0.007 0.987 
148 QAc-G-0121    (0)   :  0.004 0.005 0.991 
149 QAc-G-0122    (0)   :  0.054 0.006 0.940 
150 QAc-G-0123    (0)   :  0.003 0.004 0.993 
151 QAc-G-0124    (6)   :  0.005 0.009 0.986 
152 QAc-G-0125    (0)   :  0.043 0.026 0.931 
153 QAc-G-0126    (0)   :  0.008 0.034 0.958 
154 QAc-G-0127    (0)   :  0.006 0.006 0.988 
155 QAc-G-0128    (0)   :  0.053 0.012 0.935 
156 QAc-G-0129    (0)   :  0.013 0.005 0.982 
157 QAc-G-0130    (0)   :  0.006 0.003 0.991 
158 QAc-G-0131    (0)   :  0.006 0.007 0.987 
159 QAc-G-0132    (0)   :  0.013 0.010 0.977 
160 QAc-G-0133    (0)   :  0.011 0.006 0.983 
161 QAc-G-0134    (0)   :  0.010 0.013 0.977 
162 QAc-G-0135    (0)   :  0.005 0.009 0.986 
163 QAc-G-0136    (0)   :  0.020 0.010 0.971 
164 QAc-G-0137    (0)   :  0.008 0.005 0.988 
165 QAc-G-0138    (0)   :  0.006 0.016 0.979 
166 QAc-G-0139    (0)   :  0.005 0.003 0.992 
167 QAc-G-0140    (6)   :  0.010 0.007 0.983 
168 QAc-G-0141    (0)   :  0.024 0.024 0.952 
169 QAc-G-0142    (0)   :  0.005 0.004 0.991 
170 QAc-G-0143    (0)   :  0.014 0.017 0.969 
171 QAc-G-0144    (6)   :  0.012 0.010 0.977 
172 QAc-G-0145    (0)   :  0.992 0.004 0.004 
173 QAc-G-0146    (0)   :  0.013 0.008 0.979 
174 QAc-G-0147    (0)   :  0.009 0.007 0.983 
175 QAc-G-0148    (0)   :  0.009 0.005 0.986 
176 QAc-G-0149    (0)   :  0.006 0.004 0.990 
177 QAc-G-0150    (0)   :  0.990 0.006 0.004 
178 QAc-G-0151    (0)   :  0.018 0.005 0.978 
179 QAc-G-0152    (0)   :  0.007 0.012 0.981 
180 QAc-G-0153    (0)   :  0.017 0.003 0.979 
181 QAc-G-0154    (0)   :  0.014 0.005 0.982 
182 QAc-G-0155    (0)   :  0.008 0.004 0.989 
183 QAc-G-0158    (0)   :  0.014 0.010 0.976 
184 QAc-G-0159    (0)   :  0.014 0.006 0.980 
185 QAc-G-0160    (0)   :  0.993 0.004 0.003 
186 QAc-G-0161    (0)   :  0.993 0.004 0.003 
187 QAc-G-0162    (0)   :  0.744 0.010 0.246 
188 QAc-G-0163    (0)   :  0.983 0.003 0.014 
189 QAc-G-0164    (0)   :  0.985 0.010 0.005 
190 QAc-G-0165    (0)   :  0.989 0.003 0.007 
191 QAc-G-0166    (0)   :  0.991 0.004 0.005 
192 QAc-G-0167    (0)   :  0.990 0.006 0.005 
193 QAc-G-0168    (0)   :  0.992 0.004 0.003 
194 QAc-G-0169    (6)   :  0.522 0.007 0.471 
195 QAc-G-0170    (0)   :  0.990 0.005 0.005 
196 QAc-G-0171    (0)   :  0.991 0.005 0.004 
197 QAc-G-0172    (0)   :  0.015 0.013 0.971 
198 QAc-G-0173    (0)   :  0.989 0.007 0.004 
199 QAc-G-0174    (0)   :  0.944 0.009 0.048 
200 QAc-G-0175    (0)   :  0.992 0.005 0.004 
201 QAc-G-0176    (0)   :  0.914 0.016 0.071 
202 QAc-G-0177    (0)   :  0.991 0.005 0.004 
203 QAc-G-0178    (0)   :  0.965 0.024 0.010 
204 QAc-G-0179    (6)   :  0.992 0.004 0.004 
205 QAc-G-0180    (0)   :  0.993 0.003 0.004 
206 QAc-G-0181    (0)   :  0.990 0.003 0.007 
207 QAc-G-0182    (0)   :  0.969 0.004 0.027 
208 QAc-G-0183    (6)   :  0.989 0.007 0.005 
209 QAc-G-0184    (0)   :  0.992 0.004 0.004 
210 QAc-G-0185    (0)   :  0.984 0.005 0.011 
211 QAc-G-0186    (0)   :  0.990 0.003 0.007 
212 QAc-G-0187    (0)   :  0.962 0.028 0.011 
213 QAc-G-0188    (0)   :  0.205 0.004 0.791 
214 QAc-G-0189    (0)   :  0.992 0.005 0.003 
215 QAc-G-0190    (0)   :  0.989 0.006 0.005 
216 QAc-G-0191    (0)   :  0.989 0.006 0.005 
217 QAc-G-0192    (0)   :  0.993 0.004 0.003 
218 QAc-G-0193    (0)   :  0.990 0.005 0.005 
219 QAc-G-0194    (0)   :  0.988 0.006 0.006 
220 QAc-G-0195    (0)   :  0.905 0.086 0.009 
221 QAc-G-0196    (0)   :  0.990 0.006 0.004 
222 QAc-G-0197    (0)   :  0.992 0.004 0.003 
223 QAc-G-0198    (0)   :  0.992 0.004 0.005 
224 QAc-G-0199    (0)   :  0.944 0.018 0.038 
225 QAc-G-0200    (0)   :  0.990 0.004 0.006 
226 QAc-G-0201    (0)   :  0.993 0.004 0.003 
227 QAc-G-0202    (6)   :  0.984 0.012 0.005 
228 QAc-G-0203    (0)   :  0.978 0.016 0.006 
229 QAc-G-0204    (0)   :  0.989 0.006 0.005 
230 QAc-G-0205    (0)   :  0.004 0.993 0.003 
231 QAc-G-0206    (0)   :  0.004 0.877 0.119 
232 QAc-G-0207    (0)   :  0.008 0.984 0.008 
233 QAc-G-0208    (0)   :  0.004 0.992 0.004 
234 QAc-G-0209    (0)   :  0.007 0.989 0.004 
235 QAc-G-0210    (0)   :  0.003 0.993 0.004 
236 QAc-G-0211    (0)   :  0.003 0.993 0.004 
237 QAc-G-0212    (0)   :  0.005 0.992 0.003 
238 QAc-G-0213    (0)   :  0.006 0.989 0.005 
239 QAc-G-0214    (0)   :  0.005 0.992 0.003 
240 QAc-G-0215    (0)   :  0.004 0.991 0.005 
241 QAc-G-0216    (0)   :  0.172 0.286 0.542 
242 QAc-G-0217    (0)   :  0.006 0.985 0.009 
243 QAc-G-0218    (0)   :  0.006 0.988 0.007 
244 QAc-G-0219    (0)   :  0.010 0.964 0.025 
245 QAc-G-0220    (0)   :  0.004 0.983 0.013 
246 QAc-G-0221    (0)   :  0.010 0.972 0.018 
247 QAc-G-0222    (0)   :  0.005 0.992 0.004 
248 QAc-G-0223    (0)   :  0.004 0.991 0.005 
249 QAc-G-0224    (0)   :  0.006 0.990 0.004 
250 QAc-G-0226    (0)   :  0.004 0.991 0.004 
251 QAc-G-0227    (0)   :  0.018 0.008 0.974 
252 QAc-G-0228    (6)   :  0.012 0.019 0.969 
253 QAc-G-0229    (0)   :  0.013 0.010 0.977 
254 QAc-G-0230    (0)   :  0.017 0.035 0.948 
255 QAc-G-0231    (0)   :  0.007 0.989 0.004 
256 QAc-G-0232    (0)   :  0.004 0.005 0.991 
257 QAc-G-0233    (0)   :  0.006 0.024 0.970 
258 QAc-G-0234    (0)   :  0.032 0.009 0.959 
259 QAc-G-0235    (0)   :  0.008 0.012 0.980 
260 QAc-G-0236    (0)   :  0.010 0.008 0.982 
261 QAc-G-0237    (0)   :  0.021 0.022 0.957 
262 QAc-G-0238    (0)   :  0.013 0.027 0.960 
263 QAc-G-0239    (0)   :  0.007 0.009 0.985 
264 QAc-G-0240    (0)   :  0.005 0.004 0.991 
265 QAc-G-0241    (0)   :  0.019 0.007 0.974 
266 QAc-G-0242    (0)   :  0.007 0.017 0.977 
267 QAc-G-0243    (0)   :  0.004 0.011 0.984 
268 QAc-G-0244    (0)   :  0.015 0.010 0.975 
269 QAc-G-0245    (0)   :  0.015 0.005 0.981 
270 QAc-G-0246    (0)   :  0.013 0.008 0.979 
271 QAc-G-0247    (0)   :  0.004 0.010 0.986 
272 QAc-G-0248    (0)   :  0.005 0.005 0.990 
273 QAc-G-0249    (0)   :  0.049 0.018 0.933 
274 QAc-G-0025    (0)   :  0.005 0.991 0.004 
275 QAc-G-0028    (0)   :  0.016 0.034 0.950 
276 QAc-G-0275    (0)   :  0.014 0.982 0.004 
277 QAc-G-0263    (0)   :  0.503 0.091 0.406 
278 QAc-W-0001    (0)   :  0.004 0.008 0.988 
279 QAc-W-0002    (0)   :  0.031 0.006 0.962 
280 QAc-W-0003    (0)   :  0.015 0.029 0.956 
281 QAc-W-0004    (0)   :  0.014 0.026 0.961 
282 QAc-W-0005    (0)   :  0.014 0.007 0.979 
283 QAc-W-0006    (0)   :  0.009 0.012 0.979 
284 QAc-W-0007   (13)   :  0.006 0.009 0.985 
285 QAc-W-0008    (6)   :  0.006 0.004 0.990 
286 QAc-W-0009    (0)   :  0.019 0.008 0.973 
287 QAc-W-0010    (0)   :  0.013 0.008 0.979 
288 QAc-W-0011    (0)   :  0.021 0.015 0.964 
289 QAc-W-0012    (0)   :  0.014 0.008 0.978 
290 QAc-W-0013    (0)   :  0.015 0.183 0.802 
291 QAc-W-0014    (0)   :  0.006 0.005 0.989 
292 QAc-W-0015    (0)   :  0.115 0.030 0.855 
293 QAc-W-0016    (0)   :  0.009 0.013 0.978 
294 QAc-W-0017    (0)   :  0.032 0.029 0.939 
295 QAc-W-0018    (0)   :  0.005 0.034 0.962 
296 QAc-W-0019    (0)   :  0.014 0.013 0.973 
297 QAc-W-0020    (0)   :  0.006 0.004 0.990 
298 QAc-W-0021    (0)   :  0.020 0.143 0.837 
299 QAc-W-0022    (0)   :  0.020 0.027 0.953 
300 QAc-W-0023    (6)   :  0.004 0.014 0.982 
301 QAc-W-0024    (0)   :  0.059 0.137 0.804 
302 QAc-W-0025    (0)   :  0.008 0.007 0.985 
303 QAc-W-0026    (0)   :  0.067 0.044 0.888 
304 QAc-W-0027    (0)   :  0.017 0.007 0.976 
305 QAc-W-0028    (0)   :  0.009 0.005 0.986 
306 QAc-W-0029    (0)   :  0.005 0.009 0.986 
307 QAc-W-0030    (0)   :  0.022 0.009 0.969 
308 QAc-W-0031    (0)   :  0.008 0.125 0.867 
309 QAc-W-0032    (0)   :  0.004 0.006 0.991 
310 QAc-W-0033    (0)   :  0.008 0.011 0.981 
311 QAc-W-0034    (0)   :  0.007 0.005 0.989 
312 QAc-W-0035    (0)   :  0.018 0.015 0.967 
313 QAc-W-0036    (0)   :  0.006 0.005 0.989 
314 QAc-W-0037    (0)   :  0.047 0.023 0.930 
315 QAc-W-0038    (0)   :  0.025 0.006 0.970 
316 QAc-W-0039    (0)   :  0.099 0.035 0.866 
317 QAc-W-0040    (0)   :  0.018 0.010 0.972 
318 QAc-W-0041    (0)   :  0.046 0.162 0.791 
319 QAc-W-0042    (0)   :  0.029 0.014 0.957 
320 QAc-W-0043    (0)   :  0.066 0.014 0.920 
321 QAc-W-0044    (0)   :  0.037 0.005 0.958 
322 QAc-W-0045    (0)   :  0.012 0.007 0.981 
323 QAc-W-0046    (0)   :  0.031 0.020 0.949 
324 QAc-W-0047    (0)   :  0.025 0.004 0.971 
325 QAc-W-0048    (0)   :  0.004 0.011 0.985 
326 QAc-W-0049    (0)   :  0.005 0.013 0.982 
327 QAc-W-0050    (0)   :  0.011 0.030 0.959 
328 QAc-W-0051    (0)   :  0.030 0.010 0.960 
329 QAc-W-0052    (0)   :  0.006 0.004 0.990 
330 QAc-W-0053    (0)   :  0.005 0.004 0.992 
331 QAc-W-0054    (0)   :  0.212 0.006 0.782 
332 QAc-W-0055    (0)   :  0.599 0.070 0.331 
333 QAc-W-0056    (0)   :  0.015 0.051 0.935 
334 QAc-W-0057    (0)   :  0.053 0.100 0.847 
335 QAc-W-0058    (0)   :  0.024 0.252 0.724 
336 QAc-W-0059    (0)   :  0.008 0.004 0.988 
337 QAc-W-0060    (0)   :  0.784 0.007 0.209 
338 QAc-W-0061    (0)   :  0.899 0.026 0.075 
339 QAc-W-0062    (0)   :  0.810 0.052 0.138 
340 QAc-W-0063    (0)   :  0.421 0.039 0.540 
341 QAc-W-0064    (0)   :  0.744 0.027 0.229 
342 QAc-W-0065    (0)   :  0.626 0.016 0.358 
343 QAc-W-0066    (0)   :  0.991 0.006 0.003 
344 QAc-W-0067    (0)   :  0.992 0.005 0.004 
345 QAc-W-0068    (0)   :  0.993 0.004 0.003 
346 QAc-W-0069    (0)   :  0.992 0.005 0.004 
347 QAc-W-0070    (0)   :  0.994 0.003 0.003 
348 QAc-W-0071    (6)   :  0.987 0.006 0.007 
349 QAc-W-0072    (0)   :  0.176 0.010 0.814 
350 QAc-W-0073    (0)   :  0.386 0.017 0.596 
351 QAc-W-0074    (0)   :  0.955 0.016 0.029 
352 QAc-W-0075    (0)   :  0.980 0.008 0.012 
353 QAc-W-0076    (0)   :  0.860 0.039 0.101 
354 QAc-W-0077    (0)   :  0.949 0.004 0.047 
355 QAc-W-0078    (0)   :  0.058 0.644 0.298 
356 QAc-W-0079    (6)   :  0.030 0.959 0.012 
357 QAc-W-0080   (13)   :  0.005 0.976 0.019 
358 QAc-W-0081    (0)   :  0.004 0.990 0.006 
359 QAc-W-0082    (0)   :  0.014 0.583 0.403 
360 QAc-W-0083    (0)   :  0.043 0.922 0.035 
361 QAc-W-0084    (0)   :  0.005 0.990 0.005 
362 QAc-W-0085    (0)   :  0.005 0.991 0.004 
363 QAc-W-0086    (0)   :  0.007 0.987 0.006 
364 QAc-W-0087    (0)   :  0.008 0.983 0.009 
365 QAc-W-0088    (0)   :  0.004 0.971 0.024 
366 QAc-W-0089    (0)   :  0.008 0.987 0.005 
367 QAc-W-0090    (0)   :  0.007 0.987 0.005 
368 QAc-W-0091    (0)   :  0.009 0.974 0.017 
369 QAc-W-0092    (0)   :  0.008 0.646 0.346 
370 QAc-W-0093    (0)   :  0.004 0.784 0.212 
371 QAc-W-0094    (0)   :  0.007 0.705 0.288 
372 QAc-W-0095    (0)   :  0.006 0.975 0.018 
373 QAc-W-0096    (0)   :  0.040 0.789 0.172 
374 QAc-W-0097    (0)   :  0.013 0.793 0.194 
375 QAc-W-0098    (0)   :  0.004 0.990 0.006 
376 QAc-W-0099    (0)   :  0.007 0.889 0.104 
377 QAc-W-0100    (0)   :  0.004 0.989 0.006 
378 QAc-W-0101    (0)   :  0.037 0.956 0.007 
379 QAc-W-0104    (0)   :  0.006 0.966 0.028 
380 QAc-W-0105    (0)   :  0.006 0.987 0.007 
381 QAc-W-0106    (0)   :  0.006 0.973 0.020 
382 QAc-W-0107    (0)   :  0.007 0.988 0.005 
383 QAc-W-0108    (0)   :  0.007 0.989 0.004 
384 QAc-W-0109    (0)   :  0.021 0.968 0.011 
385 QAc-W-0110   (13)   :  0.018 0.382 0.601 
386 QAc-W-0111    (6)   :  0.006 0.986 0.008 
387 QAc-W-0112   (13)   :  0.005 0.977 0.018 
388 QAc-W-0113   (13)   :  0.005 0.014 0.981 
389 QAc-W-0114   (13)   :  0.009 0.051 0.940 
390 QAc-W-0115    (0)   :  0.013 0.010 0.978 
391 QAc-W-0116    (0)   :  0.003 0.007 0.990 
392 QAc-W-0117    (0)   :  0.006 0.003 0.990 
393 QAc-W-0118    (0)   :  0.068 0.074 0.858 
394 QAc-W-0119    (0)   :  0.028 0.010 0.962 
395 QAc-W-0120    (0)   :  0.040 0.008 0.952 
396 QAc-W-0121    (0)   :  0.081 0.005 0.914 
397 QAc-W-0122    (0)   :  0.006 0.010 0.984 
398 QAc-W-0123    (6)   :  0.009 0.027 0.964 
399 QAc-W-0124    (0)   :  0.114 0.072 0.814 
400 QAc-W-0125    (0)   :  0.035 0.038 0.927 
401 QAc-W-0126   (13)   :  0.012 0.051 0.938 
402 QAc-W-0127    (6)   :  0.008 0.007 0.985 
403 QAc-W-0128   (13)   :  0.013 0.040 0.946 
404 QAc-W-0129   (13)   :  0.007 0.009 0.984 
405 QAc-W-0130   (13)   :  0.007 0.012 0.981 
406 QAc-W-0131    (0)   :  0.010 0.016 0.974 
407 QAc-W-0132    (6)   :  0.032 0.038 0.930 
408 QAc-W-0133    (6)   :  0.175 0.055 0.770 
409 QAc-W-0134    (0)   :  0.008 0.011 0.981 
410 QAc-W-0135    (0)   :  0.024 0.008 0.968 
411 QAc-W-0136    (0)   :  0.006 0.006 0.988 
412 QAc-W-0137    (0)   :  0.009 0.004 0.987 
413 QAc-W-0138    (0)   :  0.007 0.004 0.989 
414 QAc-W-0139    (0)   :  0.036 0.037 0.928 
415 QAc-W-0140    (0)   :  0.008 0.004 0.988 
416 QAc-W-0141    (6)   :  0.018 0.009 0.973 
417 QAc-W-0142    (0)   :  0.034 0.006 0.960 
418 QAc-W-0143    (0)   :  0.008 0.027 0.965 
419 QAc-W-0144    (0)   :  0.004 0.011 0.986 
420 QAc-W-0145    (0)   :  0.005 0.007 0.988 
421 QAc-W-0146    (0)   :  0.005 0.019 0.976 
422 QAc-W-0147    (0)   :  0.009 0.019 0.972 
423 QAc-W-0148    (0)   :  0.015 0.004 0.981 
424 QAc-W-0149    (0)   :  0.006 0.018 0.977 
425 QAc-W-0150    (0)   :  0.008 0.032 0.960 
426 QAc-W-0151    (0)   :  0.017 0.008 0.974 
427 QAc-W-0152    (0)   :  0.014 0.009 0.977 
428 QAc-W-0153    (0)   :  0.012 0.053 0.935 
429 QAc-W-0154    (0)   :  0.007 0.005 0.988 
430 QAc-W-0155    (0)   :  0.006 0.007 0.987 
431 QAc-W-0156    (0)   :  0.005 0.110 0.886 
432 QAc-W-0157    (0)   :  0.020 0.004 0.976 
433 QAc-W-0158    (0)   :  0.030 0.046 0.924 
434 QAc-W-0159    (0)   :  0.007 0.004 0.988 
435 QAc-W-0160    (0)   :  0.008 0.008 0.984 
436 QAc-W-0161    (0)   :  0.006 0.003 0.991 
437 QAc-W-0162    (0)   :  0.013 0.007 0.980 
438 QAc-W-0163    (0)   :  0.009 0.006 0.985 
439 QAc-W-0164    (0)   :  0.014 0.009 0.976 
440 QAc-W-0165    (0)   :  0.040 0.004 0.956 
441 QAc-W-0166    (0)   :  0.011 0.006 0.983 
442 QAc-W-0167    (0)   :  0.008 0.074 0.917 
443 QAc-W-0168    (0)   :  0.069 0.013 0.918 
444 QAc-W-0169    (0)   :  0.011 0.004 0.985 
445 QAc-W-0170    (0)   :  0.005 0.010 0.985 
446 QAc-W-0171    (0)   :  0.007 0.050 0.943 
447 QAc-W-0172    (0)   :  0.003 0.008 0.989 
448 QAc-W-0173    (0)   :  0.004 0.008 0.988 
449 QAc-W-0174    (0)   :  0.018 0.008 0.974 


Estimated Allele Frequencies in each cluster
First column gives estimated ancestral frequencies


Locus 1 : 
21 alleles
0.4% missing data
 210   (0.086) 0.003 0.216 0.117 
 212   (0.111) 0.204 0.221 0.105 
 202   (0.065) 0.001 0.134 0.068 
 226   (0.064) 0.177 0.112 0.033 
 216   (0.069) 0.002 0.093 0.077 
 200   (0.195) 0.380 0.130 0.312 
 224   (0.051) 0.139 0.002 0.034 
 218   (0.052) 0.001 0.057 0.047 
 222   (0.033) 0.000 0.001 0.046 
 228   (0.015) 0.060 0.000 0.001 
 214   (0.052) 0.030 0.001 0.053 
 208   (0.053) 0.001 0.030 0.045 
 220   (0.019) 0.000 0.000 0.010 
 206   (0.026) 0.001 0.000 0.021 
 196   (0.014) 0.000 0.000 0.003 
 238   (0.015) 0.000 0.000 0.003 
 121   (0.014) 0.000 0.000 0.003 
 204   (0.020) 0.000 0.000 0.006 
 190   (0.013) 0.000 0.000 0.003 
 198   (0.014) 0.000 0.000 0.003 
 232   (0.021) 0.000 0.000 0.012 

Locus 2 : 
16 alleles
1.6% missing data
 171   (0.176) 0.003 0.154 0.300 
 175   (0.086) 0.120 0.237 0.052 
 185   (0.079) 0.005 0.145 0.061 
 181   (0.096) 0.333 0.345 0.058 
 179   (0.089) 0.121 0.002 0.117 
 173   (0.177) 0.320 0.065 0.211 
 177   (0.041) 0.094 0.001 0.020 
 183   (0.061) 0.001 0.022 0.052 
 187   (0.052) 0.002 0.001 0.067 
 189   (0.039) 0.001 0.001 0.043 
 191   (0.028) 0.000 0.025 0.006 
 163   (0.014) 0.000 0.000 0.003 
 165   (0.016) 0.000 0.000 0.003 
 193   (0.015) 0.000 0.000 0.003 
 169   (0.014) 0.000 0.000 0.003 
 167   (0.015) 0.000 0.000 0.003 

Locus 3 : 
7 alleles
2.4% missing data
 206   (0.832) 0.981 0.983 0.928 
 208   (0.048) 0.003 0.001 0.044 
 198   (0.017) 0.000 0.006 0.001 
 204   (0.049) 0.015 0.009 0.016 
 218   (0.019) 0.000 0.000 0.005 
 230   (0.016) 0.000 0.000 0.003 
 212   (0.020) 0.000 0.001 0.005 

Locus 4 : 
15 alleles
3.6% missing data
 165   (0.114) 0.082 0.589 0.069 
 173   (0.033) 0.001 0.324 0.008 
 163   (0.147) 0.018 0.008 0.193 
 167   (0.137) 0.002 0.029 0.199 
 161   (0.307) 0.875 0.016 0.435 
 153   (0.018) 0.000 0.000 0.005 
 171   (0.037) 0.001 0.007 0.020 
 179   (0.015) 0.000 0.000 0.003 
 157   (0.030) 0.001 0.001 0.022 
 149   (0.017) 0.000 0.000 0.003 
 177   (0.036) 0.001 0.019 0.011 
 155   (0.020) 0.000 0.000 0.005 
 175   (0.019) 0.000 0.000 0.005 
 169   (0.035) 0.000 0.006 0.013 
 159   (0.034) 0.019 0.001 0.011 

Locus 5 : 
16 alleles
0.0% missing data
 148   (0.112) 0.356 0.390 0.078 
 160   (0.035) 0.000 0.076 0.013 
 146   (0.092) 0.320 0.278 0.054 
 154   (0.067) 0.043 0.005 0.059 
 150   (0.057) 0.017 0.002 0.052 
 138   (0.103) 0.011 0.100 0.124 
 166   (0.046) 0.001 0.001 0.073 
 164   (0.023) 0.000 0.000 0.012 
 142   (0.027) 0.006 0.001 0.012 
 144   (0.154) 0.204 0.019 0.210 
 140   (0.071) 0.001 0.002 0.148 
 158   (0.046) 0.001 0.048 0.026 
 162   (0.034) 0.000 0.067 0.010 
 152   (0.084) 0.038 0.002 0.111 
 134   (0.023) 0.000 0.000 0.012 
 156   (0.027) 0.000 0.010 0.007 

Locus 6 : 
12 alleles
0.0% missing data
 225   (0.050) 0.187 0.105 0.010 
 239   (0.112) 0.462 0.034 0.083 
 229   (0.022) 0.000 0.324 0.002 
 235   (0.254) 0.266 0.406 0.264 
 237   (0.160) 0.056 0.011 0.222 
 233   (0.136) 0.019 0.051 0.150 
 227   (0.070) 0.001 0.001 0.116 
 245   (0.042) 0.001 0.001 0.046 
 241   (0.068) 0.005 0.066 0.045 
 231   (0.037) 0.001 0.001 0.034 
 243   (0.033) 0.001 0.001 0.026 
 251   (0.016) 0.000 0.000 0.003 

Locus 7 : 
7 alleles
0.0% missing data
 118   (0.791) 0.976 0.959 0.871 
 124   (0.067) 0.001 0.001 0.094 
 116   (0.035) 0.006 0.003 0.013 
 114   (0.047) 0.005 0.024 0.013 
 122   (0.019) 0.000 0.000 0.005 
 112   (0.025) 0.000 0.012 0.003 
 120   (0.016) 0.011 0.000 0.001 

Locus 8 : 
5 alleles
0.4% missing data
 135   (0.081) 0.011 0.019 0.052 
 139   (0.702) 0.945 0.897 0.768 
 137   (0.161) 0.043 0.083 0.150 
 143   (0.031) 0.000 0.001 0.019 
 141   (0.024) 0.000 0.001 0.010 

Locus 9 : 
15 alleles
1.6% missing data
 116   (0.257) 0.182 0.371 0.297 
 112   (0.099) 0.077 0.075 0.073 
 118   (0.087) 0.002 0.511 0.082 
 122   (0.101) 0.530 0.002 0.122 
 114   (0.169) 0.137 0.028 0.209 
 120   (0.051) 0.002 0.001 0.069 
 130   (0.044) 0.001 0.001 0.055 
 124   (0.048) 0.066 0.001 0.028 
 110   (0.016) 0.000 0.000 0.003 
 134   (0.016) 0.000 0.000 0.003 
 128   (0.030) 0.000 0.001 0.023 
 126   (0.036) 0.001 0.002 0.028 
 108   (0.017) 0.000 0.000 0.005 
 106   (0.014) 0.002 0.000 0.002 
 138   (0.015) 0.000 0.006 0.001 

Locus 10 : 
8 alleles
0.0% missing data
 232   (0.773) 0.994 0.974 0.829 
 238   (0.085) 0.001 0.002 0.130 
 220   (0.025) 0.000 0.000 0.012 
 226   (0.016) 0.000 0.011 0.001 
 234   (0.022) 0.000 0.000 0.008 
 240   (0.020) 0.000 0.000 0.005 
 236   (0.024) 0.003 0.001 0.006 
 244   (0.035) 0.000 0.011 0.009 

Locus 11 : 
9 alleles
0.0% missing data
 165   (0.712) 0.763 0.864 0.818 
 167   (0.094) 0.232 0.124 0.047 
 161   (0.092) 0.001 0.009 0.118 
 153   (0.016) 0.000 0.001 0.002 
 169   (0.016) 0.003 0.000 0.002 
 155   (0.017) 0.000 0.000 0.003 
 173   (0.016) 0.000 0.000 0.003 
 163   (0.020) 0.000 0.000 0.005 
 171   (0.017) 0.000 0.000 0.003 

Locus 12 : 
9 alleles
0.0% missing data
 137   (0.457) 0.453 0.300 0.544 
 140   (0.190) 0.016 0.348 0.203 
 134   (0.241) 0.530 0.347 0.221 
 149   (0.016) 0.000 0.000 0.003 
 131   (0.016) 0.000 0.003 0.002 
 143   (0.022) 0.000 0.000 0.008 
 128   (0.016) 0.000 0.000 0.003 
 125   (0.022) 0.000 0.000 0.008 
 146   (0.021) 0.000 0.000 0.008 

Locus 13 : 
20 alleles
0.2% missing data
 206   (0.123) 0.040 0.416 0.135 
 210   (0.087) 0.347 0.273 0.066 
 190   (0.039) 0.001 0.001 0.060 
 202   (0.090) 0.002 0.070 0.133 
 214   (0.036) 0.164 0.001 0.015 
 212   (0.055) 0.135 0.001 0.056 
 192   (0.086) 0.001 0.026 0.144 
 204   (0.038) 0.008 0.001 0.031 
 184   (0.061) 0.004 0.085 0.049 
 216   (0.040) 0.006 0.001 0.043 
 208   (0.050) 0.021 0.001 0.047 
 200   (0.072) 0.003 0.087 0.079 
 198   (0.030) 0.001 0.001 0.028 
 194   (0.080) 0.184 0.033 0.068 
 186   (0.021) 0.083 0.001 0.003 
 188   (0.019) 0.000 0.000 0.008 
 196   (0.026) 0.000 0.001 0.021 
 220   (0.013) 0.000 0.000 0.003 
 180   (0.016) 0.000 0.000 0.004 
 182   (0.016) 0.000 0.000 0.006 

Locus 14 : 
8 alleles
1.6% missing data
 139   (0.099) 0.132 0.204 0.057 
 145   (0.085) 0.016 0.110 0.052 
 151   (0.318) 0.452 0.565 0.333 
 157   (0.307) 0.139 0.104 0.408 
 154   (0.074) 0.258 0.001 0.062 
 163   (0.046) 0.001 0.014 0.029 
 142   (0.028) 0.000 0.001 0.016 
 160   (0.042) 0.001 0.001 0.044 

Locus 15 : 
14 alleles
1.1% missing data
 256   (0.147) 0.160 0.130 0.139 
 262   (0.027) 0.000 0.405 0.005 
 246   (0.084) 0.001 0.099 0.083 
 258   (0.161) 0.004 0.031 0.261 
 254   (0.087) 0.183 0.003 0.087 
 250   (0.033) 0.523 0.001 0.009 
 242   (0.110) 0.090 0.187 0.074 
 252   (0.080) 0.012 0.128 0.059 
 248   (0.134) 0.024 0.006 0.208 
 260   (0.059) 0.001 0.007 0.053 
 264   (0.018) 0.000 0.000 0.005 
 244   (0.028) 0.001 0.002 0.013 
 276   (0.015) 0.000 0.000 0.003 
 240   (0.015) 0.000 0.000 0.003 

Values of parameters used in structure:
DATAFILE=C:\Users\eschumacher\Documents\GitHub\GCC_QUAC_ZAIN\Data_Files\Structure_Files\QUAC\QUAC_wK_nopopinfo_garden_wild\QUAC_wK_nopopinfo_STR\project_data,	OUTFILE=C:\Users\eschumacher\Documents\GitHub\GCC_QUAC_ZAIN\Data_Files\Structure_Files\QUAC\QUAC_wK_nopopinfo_garden_wild\QUAC_wK_nopopinfo_STR\50-50\Results\50-50_run_11,	NUMINDS=449,	NUMLOCI=15,	MISSING=-9,	LABEL=1,	POPDATA=0,	POPFLAG=0,	PHENOTYPE=0,	EXTRACOLS=0,	MAXPOPS=3,	BURNIN=50000,	NUMREPS=50000,	USEPOPINFO=0,	INFERALPHA=1,	INFERLAMBDA=0,	POPSPECIFICLAMBDA=0,	POPALPHAS=0,	COMPUTEPROB=1,	NOADMIX=0,	ADMBURNIN=2500,	UPDATEFREQ=1,	PRINTLIKES=0,	INTERMEDSAVE=0,	PRINTKLD=0,	PRINTNET=0,	PRINTLAMBDA=0,	ANCESTDIST=0,	NUMBOXES=1000,	ANCESTPINT=0.90000,	GENSBACK=2,	MIGRPRIOR=0.05000,	PRINTQHAT=0,	PRINTQSUM=0,	ALPHA=1.0000,	FREQSCORR=1,	FPRIORMEAN=0.0100,	FPRIORSD=0.0500,	ONEFST=0,	LAMBDA=1.0000,	UNIFPRIORALPHA=1,	ALPHAMAX=10.0000,	ALPHAPRIORA=1.0000,	ALPHAPRIORB=2.0000,	ALPHAPROPSD=0.0250,	STARTATPOPINFO=0,	RANDOMIZE=1,	LINKAGE=0,	METROFREQ=10,	REPORTHITRATE=0,	MARKOVPHASE=-1,	PHASED=0,	PLOIDY=2,	PHASEINFO=0	LOCPRIOR=0, 	LOCPRIORINIT=1.000000, 	LOCDATA=0, 	LOCISPOP=0, 	LOCPRIORSTEP=0.100000, 	MAXLOCPRIOR=20.000000, 	SEED=1670279269,	
[STRAT parameters]:    NUMSIMSTATS=1000,	PHENOTYPECOL=-9,	POOLFREQ=10,	LOCUSxONLY=0,	EMERROR=0.00100,	MISSINGPHENO=-9,	