

----------------------------------------------------
STRUCTURE by Pritchard, Stephens and Donnelly (2000)
     and Falush, Stephens and Pritchard (2003)
       Code by Pritchard, Falush and Hubisz
             Version 2.3.4 (Jul 2012)
----------------------------------------------------



Command line arguments:   bin\structure -m C:\Users\eschumacher\Documents\GitHub\GCC_QUAC_ZAIN\Data_Files\Structure_Files\QUAC\QUAC_wK_nopopinfo_garden_wild\QUAC_wK_nopopinfo_STR\50-50\mainparams -e C:\Users\eschumacher\Documents\GitHub\GCC_QUAC_ZAIN\Data_Files\Structure_Files\QUAC\QUAC_wK_nopopinfo_garden_wild\QUAC_wK_nopopinfo_STR\50-50\extraparams 
Input File:    C:\Users\eschumacher\Documents\GitHub\GCC_QUAC_ZAIN\Data_Files\Structure_Files\QUAC\QUAC_wK_nopopinfo_garden_wild\QUAC_wK_nopopinfo_STR\project_data

Run parameters:
   449 individuals
   15 loci
   6 populations assumed
   50000 Burn-in period
   50000 Reps


--------------------------------------------
Overall proportion of membership of the
sample in each of the 6 clusters

Inferred Clusters
  1      2      3      4      5      6    
0.220  0.195  0.167  0.190  0.075  0.154  

--------------------------------------------

Allele-freq. divergence among pops (Net nucleotide distance),
computed using point estimates of P.

      1       2       3       4       5       6      
 1      -    0.0960  0.0466  0.0935  0.0939  0.0498  
 2   0.0960     -    0.0947  0.1197  0.1610  0.0957  
 3   0.0466  0.0947     -    0.0880  0.0882  0.0434  
 4   0.0935  0.1197  0.0880     -    0.1426  0.0989  
 5   0.0939  0.1610  0.0882  0.1426     -    0.0946  
 6   0.0498  0.0957  0.0434  0.0989  0.0946     -    

Average distances (expected heterozygosity) between individuals in same cluster:
cluster  1  : 0.5668 
cluster  2  : 0.4996 
cluster  3  : 0.6647 
cluster  4  : 0.4553 
cluster  5  : 0.4704 
cluster  6  : 0.5714 

--------------------------------------------
Estimated Ln Prob of Data   = -16288.6
Mean value of ln likelihood = -15964.9
Variance of ln likelihood   = 647.4
Mean value of alpha         = 0.0361

Mean value of Fst_1         = 0.1547
Mean value of Fst_2         = 0.2681
Mean value of Fst_3         = 0.0335
Mean value of Fst_4         = 0.3564
Mean value of Fst_5         = 0.3947
Mean value of Fst_6         = 0.1175


Inferred ancestry of individuals:
        Label (%Miss) :  Inferred clusters
  1 QAc-G-0029    (0)   :  0.016 0.959 0.005 0.011 0.004 0.005 
  2 QAc-G-0030    (0)   :  0.003 0.985 0.003 0.004 0.002 0.004 
  3 QAc-G-0031    (0)   :  0.003 0.983 0.003 0.005 0.003 0.004 
  4 QAc-G-0061    (0)   :  0.007 0.974 0.003 0.004 0.007 0.005 
  5 QAc-G-0062    (0)   :  0.006 0.009 0.016 0.106 0.487 0.376 
  6 QAc-G-0063    (0)   :  0.147 0.006 0.024 0.801 0.006 0.016 
  7 QAc-G-0064    (0)   :  0.004 0.003 0.003 0.005 0.981 0.004 
  8 QAc-G-0065    (0)   :  0.003 0.004 0.003 0.002 0.985 0.003 
  9 QAc-G-0066    (0)   :  0.004 0.004 0.003 0.983 0.003 0.003 
 10 QAc-G-0067    (0)   :  0.003 0.010 0.004 0.003 0.977 0.004 
 11 QAc-G-0068    (0)   :  0.004 0.004 0.350 0.607 0.007 0.028 
 12 QAc-G-0070    (0)   :  0.019 0.007 0.012 0.731 0.010 0.223 
 13 QAc-G-0071   (13)   :  0.004 0.005 0.003 0.982 0.003 0.003 
 14 QAc-G-0072    (0)   :  0.006 0.004 0.003 0.979 0.004 0.005 
 15 QAc-G-0073    (0)   :  0.981 0.005 0.004 0.003 0.003 0.004 
 16 QAc-G-0074    (0)   :  0.793 0.005 0.012 0.161 0.006 0.023 
 17 QAc-G-0075    (0)   :  0.963 0.007 0.010 0.009 0.006 0.005 
 18 QAc-G-0076    (0)   :  0.959 0.009 0.006 0.009 0.009 0.009 
 19 QAc-G-0077    (0)   :  0.007 0.971 0.003 0.008 0.008 0.003 
 20 QAc-G-0078    (0)   :  0.003 0.986 0.003 0.003 0.002 0.003 
 21 QAc-G-0079    (0)   :  0.004 0.981 0.004 0.005 0.002 0.004 
 22 QAc-G-0080    (0)   :  0.147 0.703 0.089 0.016 0.039 0.006 
 23 QAc-G-0081    (0)   :  0.033 0.007 0.051 0.009 0.006 0.895 
 24 QAc-G-0082    (0)   :  0.073 0.005 0.788 0.003 0.003 0.127 
 25 QAc-G-0083    (0)   :  0.129 0.090 0.044 0.516 0.095 0.126 
 26 QAc-G-0001   (13)   :  0.003 0.983 0.003 0.005 0.003 0.003 
 27 QAc-G-0002    (0)   :  0.003 0.985 0.003 0.004 0.003 0.003 
 28 QAc-G-0285    (0)   :  0.018 0.011 0.023 0.917 0.005 0.027 
 29 QAc-G-0286    (0)   :  0.003 0.004 0.003 0.985 0.003 0.003 
 30 QAc-G-0287    (0)   :  0.003 0.003 0.002 0.986 0.003 0.003 
 31 QAc-G-0288    (6)   :  0.011 0.017 0.005 0.945 0.006 0.015 
 32 QAc-G-0289    (0)   :  0.003 0.004 0.003 0.982 0.004 0.004 
 33 QAc-G-0290    (0)   :  0.004 0.004 0.003 0.978 0.007 0.004 
 34 QAc-G-0291    (0)   :  0.003 0.006 0.003 0.983 0.003 0.002 
 35 QAc-G-0292    (0)   :  0.006 0.003 0.024 0.722 0.004 0.241 
 36 QAc-G-0293    (0)   :  0.003 0.007 0.003 0.982 0.002 0.003 
 37 QAc-G-0294    (0)   :  0.962 0.006 0.014 0.003 0.007 0.007 
 38 QAc-G-0295    (0)   :  0.960 0.010 0.005 0.014 0.007 0.004 
 39 QAc-G-0296    (0)   :  0.972 0.004 0.003 0.006 0.011 0.004 
 40 QAc-G-0297    (0)   :  0.378 0.004 0.601 0.003 0.005 0.008 
 41 QAc-G-0298    (6)   :  0.977 0.005 0.005 0.003 0.005 0.004 
 42 QAc-G-0299    (0)   :  0.974 0.005 0.006 0.007 0.004 0.004 
 43 QAc-G-0300    (0)   :  0.959 0.003 0.004 0.003 0.021 0.009 
 44 QAc-G-0301    (0)   :  0.907 0.006 0.005 0.011 0.067 0.005 
 45 QAc-G-0302    (0)   :  0.007 0.004 0.974 0.005 0.004 0.005 
 46 QAc-G-0303    (0)   :  0.006 0.005 0.961 0.005 0.009 0.015 
 47 QAc-G-0304    (0)   :  0.004 0.004 0.003 0.985 0.003 0.003 
 48 QAc-G-0305    (0)   :  0.006 0.077 0.087 0.777 0.004 0.049 
 49 QAc-G-0306    (0)   :  0.003 0.005 0.003 0.985 0.002 0.003 
 50 QAc-G-0307    (0)   :  0.010 0.858 0.023 0.011 0.006 0.092 
 51 QAc-G-0308    (0)   :  0.014 0.950 0.009 0.015 0.003 0.008 
 52 QAc-G-0309    (0)   :  0.005 0.975 0.008 0.005 0.003 0.005 
 53 QAc-G-0310    (0)   :  0.005 0.981 0.003 0.004 0.004 0.004 
 54 QAc-G-0311    (0)   :  0.003 0.988 0.002 0.003 0.002 0.002 
 55 QAc-G-0312    (0)   :  0.128 0.589 0.149 0.007 0.020 0.106 
 56 QAc-G-0313    (0)   :  0.051 0.099 0.079 0.048 0.016 0.707 
 57 QAc-G-0314    (0)   :  0.313 0.016 0.164 0.004 0.013 0.490 
 58 QAc-G-0315    (0)   :  0.030 0.008 0.716 0.024 0.009 0.214 
 59 QAc-G-0316    (0)   :  0.010 0.025 0.075 0.009 0.005 0.876 
 60 QAc-G-0032    (6)   :  0.010 0.009 0.896 0.006 0.073 0.006 
 61 QAc-G-0033    (0)   :  0.972 0.005 0.005 0.005 0.008 0.005 
 62 QAc-G-0034    (0)   :  0.937 0.030 0.008 0.005 0.008 0.013 
 63 QAc-G-0035    (0)   :  0.968 0.004 0.006 0.007 0.010 0.005 
 64 QAc-G-0036    (0)   :  0.952 0.006 0.006 0.018 0.005 0.013 
 65 QAc-G-0037    (0)   :  0.963 0.011 0.004 0.013 0.005 0.003 
 66 QAc-G-0038    (0)   :  0.983 0.002 0.004 0.003 0.003 0.005 
 67 QAc-G-0039    (0)   :  0.932 0.025 0.012 0.005 0.005 0.020 
 68 QAc-G-0040    (0)   :  0.859 0.006 0.007 0.068 0.004 0.056 
 69 QAc-G-0041    (0)   :  0.929 0.003 0.004 0.008 0.034 0.023 
 70 QAc-G-0042    (0)   :  0.975 0.003 0.005 0.007 0.005 0.005 
 71 QAc-G-0043    (0)   :  0.976 0.007 0.004 0.005 0.003 0.005 
 72 QAc-G-0044    (0)   :  0.949 0.004 0.010 0.009 0.020 0.007 
 73 QAc-G-0045    (0)   :  0.941 0.025 0.005 0.006 0.013 0.008 
 74 QAc-G-0046    (0)   :  0.915 0.048 0.006 0.003 0.004 0.024 
 75 QAc-G-0047    (0)   :  0.940 0.027 0.012 0.006 0.007 0.009 
 76 QAc-G-0048    (0)   :  0.976 0.003 0.005 0.004 0.006 0.007 
 77 QAc-G-0049    (0)   :  0.003 0.984 0.003 0.005 0.003 0.003 
 78 QAc-G-0050    (0)   :  0.007 0.131 0.760 0.043 0.006 0.054 
 79 QAc-G-0051    (0)   :  0.003 0.985 0.003 0.004 0.002 0.003 
 80 QAc-G-0052    (0)   :  0.013 0.937 0.007 0.004 0.027 0.012 
 81 QAc-G-0053    (0)   :  0.015 0.965 0.003 0.009 0.005 0.003 
 82 QAc-G-0054    (0)   :  0.023 0.388 0.445 0.005 0.007 0.132 
 83 QAc-G-0055    (0)   :  0.012 0.545 0.418 0.005 0.003 0.017 
 84 QAc-G-0056    (0)   :  0.015 0.051 0.406 0.018 0.013 0.496 
 85 QAc-G-0057    (0)   :  0.004 0.982 0.005 0.004 0.002 0.003 
 86 QAc-G-0058    (6)   :  0.003 0.984 0.003 0.004 0.003 0.003 
 87 QAc-G-0059    (0)   :  0.046 0.616 0.310 0.002 0.004 0.021 
 88 QAc-G-0060    (6)   :  0.013 0.940 0.010 0.012 0.017 0.007 
 89 QAc-G-0276    (0)   :  0.026 0.025 0.009 0.926 0.004 0.010 
 90 QAc-G-0279    (0)   :  0.003 0.007 0.003 0.980 0.003 0.003 
 91 QAc-G-0280    (6)   :  0.009 0.004 0.004 0.974 0.004 0.005 
 92 QAc-G-0281    (0)   :  0.004 0.979 0.003 0.006 0.004 0.004 
 93 QAc-G-0018    (0)   :  0.915 0.035 0.027 0.005 0.006 0.011 
 94 QAc-G-0019    (0)   :  0.887 0.005 0.005 0.016 0.081 0.007 
 95 QAc-G-0020    (0)   :  0.974 0.005 0.011 0.003 0.004 0.004 
 96 QAc-G-0021    (6)   :  0.969 0.008 0.004 0.004 0.013 0.003 
 97 QAc-G-0022    (6)   :  0.799 0.021 0.019 0.007 0.053 0.101 
 98 QAc-G-0023    (0)   :  0.004 0.982 0.004 0.004 0.002 0.004 
 99 QAc-G-0024    (0)   :  0.007 0.978 0.004 0.003 0.004 0.003 
100 QAc-G-0016    (0)   :  0.015 0.178 0.769 0.017 0.007 0.014 
101 QAc-G-0017    (0)   :  0.009 0.003 0.763 0.006 0.192 0.026 
102 QAc-G-0250    (0)   :  0.029 0.014 0.368 0.569 0.006 0.014 
103 QAc-G-0003    (6)   :  0.005 0.005 0.003 0.978 0.004 0.006 
104 QAc-G-0004    (0)   :  0.024 0.007 0.955 0.004 0.005 0.006 
105 QAc-G-0005    (0)   :  0.003 0.003 0.003 0.003 0.985 0.003 
106 QAc-G-0006    (6)   :  0.007 0.003 0.974 0.004 0.003 0.008 
107 QAc-G-0283    (0)   :  0.008 0.004 0.312 0.008 0.004 0.664 
108 QAc-G-0265    (0)   :  0.271 0.449 0.169 0.048 0.007 0.056 
109 QAc-G-0266    (0)   :  0.003 0.985 0.002 0.005 0.002 0.002 
110 QAc-G-0267    (0)   :  0.570 0.012 0.029 0.160 0.093 0.136 
111 QAc-G-0268   (20)   :  0.009 0.012 0.343 0.583 0.033 0.020 
112 QAc-G-0269    (0)   :  0.004 0.005 0.003 0.982 0.003 0.003 
113 QAc-G-0270    (6)   :  0.971 0.004 0.004 0.006 0.010 0.005 
114 QAc-G-0271    (0)   :  0.888 0.004 0.019 0.004 0.076 0.009 
115 QAc-G-0272    (6)   :  0.962 0.007 0.007 0.015 0.003 0.006 
116 QAc-G-0273    (0)   :  0.004 0.973 0.005 0.005 0.007 0.006 
117 QAc-G-0274    (0)   :  0.003 0.002 0.002 0.002 0.987 0.003 
118 QAc-G-0251    (6)   :  0.957 0.006 0.012 0.004 0.015 0.007 
119 QAc-G-0252    (0)   :  0.958 0.005 0.013 0.005 0.006 0.014 
120 QAc-G-0253    (0)   :  0.005 0.980 0.004 0.005 0.003 0.004 
121 QAc-G-0254    (0)   :  0.003 0.986 0.003 0.003 0.003 0.003 
122 QAc-G-0255    (0)   :  0.011 0.004 0.963 0.006 0.009 0.007 
123 QAc-G-0256    (0)   :  0.007 0.004 0.962 0.010 0.012 0.004 
124 QAc-G-0257    (0)   :  0.008 0.005 0.901 0.004 0.061 0.022 
125 QAc-G-0258    (0)   :  0.004 0.002 0.979 0.003 0.008 0.004 
126 QAc-G-0259    (0)   :  0.010 0.003 0.818 0.002 0.002 0.165 
127 QAc-G-0260    (0)   :  0.024 0.023 0.450 0.046 0.175 0.282 
128 QAc-G-0261    (0)   :  0.010 0.005 0.472 0.004 0.493 0.015 
129 QAc-G-0262    (0)   :  0.007 0.008 0.899 0.020 0.049 0.017 
130 QAc-G-0010    (0)   :  0.042 0.020 0.011 0.885 0.005 0.036 
131 QAc-G-0011    (0)   :  0.007 0.004 0.004 0.003 0.005 0.976 
132 QAc-G-0015    (0)   :  0.019 0.849 0.079 0.005 0.009 0.039 
133 QAc-G-0106    (0)   :  0.007 0.003 0.959 0.003 0.024 0.005 
134 QAc-G-0107    (0)   :  0.004 0.006 0.971 0.007 0.004 0.007 
135 QAc-G-0108    (0)   :  0.007 0.003 0.973 0.006 0.006 0.006 
136 QAc-G-0109    (0)   :  0.007 0.012 0.934 0.006 0.022 0.019 
137 QAc-G-0110    (0)   :  0.031 0.007 0.910 0.040 0.003 0.009 
138 QAc-G-0111    (0)   :  0.009 0.005 0.967 0.008 0.005 0.007 
139 QAc-G-0112    (0)   :  0.004 0.007 0.962 0.019 0.004 0.004 
140 QAc-G-0113    (0)   :  0.007 0.011 0.945 0.009 0.022 0.006 
141 QAc-G-0114    (0)   :  0.038 0.013 0.920 0.020 0.004 0.006 
142 QAc-G-0115    (0)   :  0.004 0.003 0.976 0.005 0.007 0.005 
143 QAc-G-0116    (0)   :  0.005 0.006 0.964 0.010 0.007 0.007 
144 QAc-G-0117    (0)   :  0.138 0.011 0.771 0.008 0.055 0.017 
145 QAc-G-0118    (0)   :  0.007 0.002 0.965 0.006 0.014 0.007 
146 QAc-G-0119    (0)   :  0.014 0.005 0.947 0.002 0.027 0.005 
147 QAc-G-0120    (0)   :  0.013 0.006 0.957 0.007 0.007 0.011 
148 QAc-G-0121    (0)   :  0.007 0.004 0.005 0.006 0.976 0.003 
149 QAc-G-0122    (0)   :  0.008 0.004 0.006 0.029 0.947 0.006 
150 QAc-G-0123    (0)   :  0.004 0.003 0.003 0.002 0.986 0.002 
151 QAc-G-0124    (6)   :  0.004 0.004 0.003 0.003 0.982 0.004 
152 QAc-G-0125    (0)   :  0.008 0.159 0.148 0.036 0.538 0.109 
153 QAc-G-0126    (0)   :  0.011 0.016 0.737 0.006 0.217 0.013 
154 QAc-G-0127    (0)   :  0.005 0.004 0.005 0.003 0.976 0.006 
155 QAc-G-0128    (0)   :  0.003 0.003 0.003 0.005 0.982 0.003 
156 QAc-G-0129    (0)   :  0.003 0.002 0.003 0.003 0.986 0.003 
157 QAc-G-0130    (0)   :  0.008 0.002 0.013 0.005 0.960 0.012 
158 QAc-G-0131    (0)   :  0.007 0.004 0.004 0.004 0.976 0.004 
159 QAc-G-0132    (0)   :  0.010 0.027 0.135 0.019 0.801 0.008 
160 QAc-G-0133    (0)   :  0.007 0.003 0.003 0.004 0.978 0.004 
161 QAc-G-0134    (0)   :  0.005 0.005 0.004 0.004 0.979 0.003 
162 QAc-G-0135    (0)   :  0.011 0.007 0.967 0.005 0.003 0.007 
163 QAc-G-0136    (0)   :  0.005 0.006 0.962 0.008 0.007 0.012 
164 QAc-G-0137    (0)   :  0.012 0.004 0.929 0.005 0.043 0.008 
165 QAc-G-0138    (0)   :  0.003 0.007 0.945 0.004 0.008 0.033 
166 QAc-G-0139    (0)   :  0.025 0.002 0.939 0.003 0.025 0.005 
167 QAc-G-0140    (6)   :  0.023 0.005 0.922 0.006 0.038 0.006 
168 QAc-G-0141    (0)   :  0.033 0.013 0.892 0.015 0.023 0.023 
169 QAc-G-0142    (0)   :  0.007 0.003 0.978 0.003 0.004 0.005 
170 QAc-G-0143    (0)   :  0.018 0.007 0.943 0.016 0.006 0.010 
171 QAc-G-0144    (6)   :  0.005 0.005 0.977 0.005 0.002 0.005 
172 QAc-G-0145    (0)   :  0.004 0.003 0.003 0.983 0.003 0.003 
173 QAc-G-0146    (0)   :  0.004 0.003 0.003 0.003 0.984 0.003 
174 QAc-G-0147    (0)   :  0.019 0.005 0.129 0.008 0.327 0.512 
175 QAc-G-0148    (0)   :  0.018 0.006 0.954 0.007 0.008 0.007 
176 QAc-G-0149    (0)   :  0.005 0.003 0.003 0.003 0.983 0.003 
177 QAc-G-0150    (0)   :  0.004 0.005 0.003 0.981 0.003 0.004 
178 QAc-G-0151    (0)   :  0.005 0.003 0.003 0.003 0.983 0.003 
179 QAc-G-0152    (0)   :  0.005 0.006 0.003 0.002 0.981 0.003 
180 QAc-G-0153    (0)   :  0.013 0.002 0.015 0.020 0.914 0.036 
181 QAc-G-0154    (0)   :  0.023 0.003 0.014 0.013 0.943 0.004 
182 QAc-G-0155    (0)   :  0.006 0.003 0.003 0.003 0.982 0.003 
183 QAc-G-0158    (0)   :  0.003 0.003 0.003 0.003 0.986 0.003 
184 QAc-G-0159    (0)   :  0.008 0.004 0.957 0.008 0.017 0.006 
185 QAc-G-0160    (0)   :  0.003 0.003 0.002 0.986 0.003 0.003 
186 QAc-G-0161    (0)   :  0.003 0.003 0.002 0.987 0.002 0.003 
187 QAc-G-0162    (0)   :  0.281 0.006 0.013 0.659 0.004 0.037 
188 QAc-G-0163    (0)   :  0.053 0.003 0.021 0.916 0.003 0.005 
189 QAc-G-0164    (0)   :  0.006 0.014 0.005 0.953 0.002 0.021 
190 QAc-G-0165    (0)   :  0.006 0.003 0.005 0.972 0.009 0.005 
191 QAc-G-0166    (0)   :  0.005 0.003 0.003 0.982 0.003 0.004 
192 QAc-G-0167    (0)   :  0.006 0.004 0.003 0.978 0.004 0.004 
193 QAc-G-0168    (0)   :  0.003 0.004 0.003 0.985 0.002 0.003 
194 QAc-G-0169    (6)   :  0.010 0.005 0.426 0.515 0.005 0.039 
195 QAc-G-0170    (0)   :  0.005 0.005 0.004 0.976 0.006 0.004 
196 QAc-G-0171    (0)   :  0.004 0.003 0.002 0.984 0.003 0.004 
197 QAc-G-0172    (0)   :  0.009 0.008 0.942 0.019 0.010 0.012 
198 QAc-G-0173    (0)   :  0.003 0.006 0.003 0.983 0.002 0.003 
199 QAc-G-0174    (0)   :  0.028 0.007 0.067 0.849 0.009 0.041 
200 QAc-G-0175    (0)   :  0.004 0.004 0.003 0.984 0.002 0.003 
201 QAc-G-0176    (0)   :  0.171 0.009 0.007 0.804 0.004 0.005 
202 QAc-G-0177    (0)   :  0.004 0.004 0.003 0.983 0.003 0.003 
203 QAc-G-0178    (0)   :  0.006 0.030 0.006 0.875 0.009 0.074 
204 QAc-G-0179    (6)   :  0.004 0.003 0.003 0.985 0.003 0.003 
205 QAc-G-0180    (0)   :  0.003 0.003 0.003 0.985 0.003 0.003 
206 QAc-G-0181    (0)   :  0.009 0.002 0.004 0.976 0.003 0.006 
207 QAc-G-0182    (0)   :  0.022 0.004 0.025 0.910 0.015 0.024 
208 QAc-G-0183    (6)   :  0.004 0.006 0.004 0.979 0.003 0.005 
209 QAc-G-0184    (0)   :  0.004 0.003 0.003 0.984 0.003 0.003 
210 QAc-G-0185    (0)   :  0.011 0.007 0.008 0.942 0.011 0.023 
211 QAc-G-0186    (0)   :  0.010 0.002 0.003 0.976 0.003 0.006 
212 QAc-G-0187    (0)   :  0.014 0.035 0.006 0.905 0.005 0.035 
213 QAc-G-0188    (0)   :  0.035 0.003 0.694 0.253 0.005 0.008 
214 QAc-G-0189    (0)   :  0.003 0.004 0.003 0.985 0.002 0.003 
215 QAc-G-0190    (0)   :  0.005 0.005 0.003 0.979 0.005 0.004 
216 QAc-G-0191    (0)   :  0.005 0.005 0.003 0.980 0.004 0.003 
217 QAc-G-0192    (0)   :  0.003 0.003 0.003 0.986 0.003 0.003 
218 QAc-G-0193    (0)   :  0.005 0.004 0.003 0.978 0.004 0.005 
219 QAc-G-0194    (0)   :  0.008 0.005 0.003 0.974 0.004 0.006 
220 QAc-G-0195    (0)   :  0.012 0.097 0.006 0.875 0.004 0.007 
221 QAc-G-0196    (0)   :  0.004 0.005 0.002 0.982 0.002 0.004 
222 QAc-G-0197    (0)   :  0.003 0.003 0.003 0.985 0.003 0.002 
223 QAc-G-0198    (0)   :  0.005 0.003 0.003 0.982 0.004 0.003 
224 QAc-G-0199    (0)   :  0.027 0.012 0.009 0.889 0.008 0.055 
225 QAc-G-0200    (0)   :  0.009 0.003 0.003 0.976 0.002 0.006 
226 QAc-G-0201    (0)   :  0.004 0.003 0.003 0.984 0.002 0.004 
227 QAc-G-0202    (6)   :  0.004 0.009 0.004 0.977 0.003 0.003 
228 QAc-G-0203    (0)   :  0.005 0.014 0.009 0.967 0.003 0.003 
229 QAc-G-0204    (0)   :  0.006 0.005 0.004 0.978 0.003 0.004 
230 QAc-G-0205    (0)   :  0.003 0.987 0.002 0.003 0.002 0.003 
231 QAc-G-0206    (0)   :  0.025 0.827 0.124 0.003 0.005 0.016 
232 QAc-G-0207    (0)   :  0.006 0.969 0.005 0.006 0.006 0.009 
233 QAc-G-0208    (0)   :  0.003 0.984 0.003 0.004 0.003 0.003 
234 QAc-G-0209    (0)   :  0.003 0.981 0.003 0.007 0.002 0.004 
235 QAc-G-0210    (0)   :  0.003 0.986 0.003 0.003 0.002 0.003 
236 QAc-G-0211    (0)   :  0.002 0.984 0.003 0.003 0.004 0.003 
237 QAc-G-0212    (0)   :  0.003 0.984 0.002 0.004 0.003 0.003 
238 QAc-G-0213    (0)   :  0.006 0.979 0.003 0.005 0.003 0.004 
239 QAc-G-0214    (0)   :  0.003 0.984 0.003 0.005 0.002 0.003 
240 QAc-G-0215    (0)   :  0.004 0.983 0.004 0.003 0.003 0.004 
241 QAc-G-0216    (0)   :  0.012 0.207 0.706 0.065 0.004 0.006 
242 QAc-G-0217    (0)   :  0.005 0.963 0.007 0.005 0.011 0.009 
243 QAc-G-0218    (0)   :  0.007 0.972 0.003 0.005 0.005 0.008 
244 QAc-G-0219    (0)   :  0.027 0.906 0.027 0.008 0.023 0.009 
245 QAc-G-0220    (0)   :  0.006 0.951 0.027 0.004 0.006 0.007 
246 QAc-G-0221    (0)   :  0.013 0.924 0.007 0.009 0.012 0.035 
247 QAc-G-0222    (0)   :  0.004 0.983 0.003 0.005 0.003 0.004 
248 QAc-G-0223    (0)   :  0.005 0.976 0.004 0.003 0.005 0.007 
249 QAc-G-0224    (0)   :  0.003 0.982 0.003 0.005 0.003 0.004 
250 QAc-G-0226    (0)   :  0.004 0.982 0.003 0.003 0.004 0.003 
251 QAc-G-0227    (0)   :  0.965 0.004 0.005 0.006 0.017 0.004 
252 QAc-G-0228    (6)   :  0.975 0.007 0.005 0.005 0.003 0.005 
253 QAc-G-0229    (0)   :  0.956 0.008 0.013 0.006 0.005 0.013 
254 QAc-G-0230    (0)   :  0.957 0.017 0.010 0.006 0.003 0.006 
255 QAc-G-0231    (0)   :  0.004 0.979 0.004 0.006 0.005 0.003 
256 QAc-G-0232    (0)   :  0.969 0.003 0.005 0.003 0.011 0.009 
257 QAc-G-0233    (0)   :  0.712 0.032 0.012 0.005 0.005 0.234 
258 QAc-G-0234    (0)   :  0.955 0.005 0.005 0.017 0.005 0.012 
259 QAc-G-0235    (0)   :  0.006 0.005 0.972 0.005 0.003 0.008 
260 QAc-G-0236    (0)   :  0.973 0.004 0.004 0.006 0.009 0.004 
261 QAc-G-0237    (0)   :  0.936 0.016 0.008 0.012 0.016 0.013 
262 QAc-G-0238    (0)   :  0.975 0.007 0.004 0.006 0.004 0.004 
263 QAc-G-0239    (0)   :  0.975 0.005 0.006 0.004 0.004 0.006 
264 QAc-G-0240    (0)   :  0.976 0.003 0.005 0.003 0.007 0.006 
265 QAc-G-0241    (0)   :  0.910 0.011 0.032 0.014 0.006 0.027 
266 QAc-G-0242    (0)   :  0.960 0.009 0.005 0.004 0.010 0.011 
267 QAc-G-0243    (0)   :  0.782 0.020 0.020 0.003 0.057 0.119 
268 QAc-G-0244    (0)   :  0.963 0.008 0.014 0.006 0.004 0.005 
269 QAc-G-0245    (0)   :  0.966 0.003 0.005 0.006 0.015 0.005 
270 QAc-G-0246    (0)   :  0.969 0.005 0.006 0.007 0.007 0.006 
271 QAc-G-0247    (0)   :  0.980 0.005 0.004 0.003 0.004 0.005 
272 QAc-G-0248    (0)   :  0.982 0.003 0.005 0.003 0.004 0.004 
273 QAc-G-0249    (0)   :  0.009 0.009 0.007 0.011 0.003 0.962 
274 QAc-G-0025    (0)   :  0.004 0.983 0.003 0.004 0.003 0.003 
275 QAc-G-0028    (0)   :  0.887 0.038 0.003 0.006 0.004 0.062 
276 QAc-G-0275    (0)   :  0.005 0.973 0.004 0.011 0.002 0.004 
277 QAc-G-0263    (0)   :  0.004 0.020 0.030 0.371 0.005 0.570 
278 QAc-W-0001    (0)   :  0.941 0.005 0.014 0.003 0.031 0.005 
279 QAc-W-0002    (0)   :  0.936 0.004 0.026 0.018 0.003 0.013 
280 QAc-W-0003    (0)   :  0.882 0.038 0.029 0.029 0.012 0.010 
281 QAc-W-0004    (0)   :  0.968 0.010 0.003 0.007 0.006 0.007 
282 QAc-W-0005    (0)   :  0.953 0.005 0.006 0.009 0.013 0.015 
283 QAc-W-0006    (0)   :  0.966 0.006 0.007 0.005 0.006 0.009 
284 QAc-W-0007   (13)   :  0.972 0.005 0.004 0.004 0.006 0.008 
285 QAc-W-0008    (6)   :  0.943 0.003 0.013 0.004 0.004 0.034 
286 QAc-W-0009    (0)   :  0.889 0.007 0.064 0.010 0.009 0.022 
287 QAc-W-0010    (0)   :  0.803 0.005 0.022 0.014 0.022 0.134 
288 QAc-W-0011    (0)   :  0.899 0.007 0.015 0.049 0.024 0.005 
289 QAc-W-0012    (0)   :  0.966 0.005 0.006 0.012 0.006 0.006 
290 QAc-W-0013    (0)   :  0.844 0.110 0.030 0.007 0.004 0.006 
291 QAc-W-0014    (0)   :  0.957 0.005 0.004 0.004 0.005 0.024 
292 QAc-W-0015    (0)   :  0.891 0.029 0.019 0.025 0.004 0.033 
293 QAc-W-0016    (0)   :  0.721 0.012 0.050 0.012 0.003 0.202 
294 QAc-W-0017    (0)   :  0.329 0.031 0.148 0.066 0.012 0.414 
295 QAc-W-0018    (0)   :  0.871 0.027 0.057 0.003 0.010 0.031 
296 QAc-W-0019    (0)   :  0.963 0.006 0.006 0.007 0.006 0.012 
297 QAc-W-0020    (0)   :  0.936 0.003 0.009 0.005 0.042 0.005 
298 QAc-W-0021    (0)   :  0.521 0.305 0.075 0.011 0.012 0.077 
299 QAc-W-0022    (0)   :  0.545 0.025 0.049 0.017 0.008 0.356 
300 QAc-W-0023    (6)   :  0.619 0.037 0.177 0.004 0.086 0.078 
301 QAc-W-0024    (0)   :  0.667 0.243 0.026 0.031 0.007 0.028 
302 QAc-W-0025    (0)   :  0.978 0.004 0.005 0.004 0.004 0.005 
303 QAc-W-0026    (0)   :  0.733 0.041 0.013 0.062 0.093 0.058 
304 QAc-W-0027    (0)   :  0.962 0.004 0.010 0.007 0.004 0.014 
305 QAc-W-0028    (0)   :  0.976 0.003 0.007 0.005 0.004 0.005 
306 QAc-W-0029    (0)   :  0.965 0.006 0.011 0.003 0.009 0.005 
307 QAc-W-0030    (0)   :  0.969 0.005 0.006 0.008 0.008 0.004 
308 QAc-W-0031    (0)   :  0.921 0.059 0.008 0.005 0.003 0.005 
309 QAc-W-0032    (0)   :  0.972 0.004 0.003 0.003 0.009 0.008 
310 QAc-W-0033    (0)   :  0.905 0.012 0.014 0.005 0.022 0.042 
311 QAc-W-0034    (0)   :  0.965 0.004 0.014 0.004 0.005 0.007 
312 QAc-W-0035    (0)   :  0.868 0.021 0.012 0.031 0.005 0.064 
313 QAc-W-0036    (0)   :  0.933 0.003 0.007 0.004 0.045 0.007 
314 QAc-W-0037    (0)   :  0.951 0.010 0.006 0.015 0.011 0.007 
315 QAc-W-0038    (0)   :  0.944 0.005 0.013 0.014 0.014 0.010 
316 QAc-W-0039    (0)   :  0.933 0.011 0.006 0.014 0.028 0.008 
317 QAc-W-0040    (0)   :  0.726 0.008 0.008 0.009 0.020 0.229 
318 QAc-W-0041    (0)   :  0.882 0.059 0.028 0.011 0.005 0.015 
319 QAc-W-0042    (0)   :  0.037 0.021 0.497 0.039 0.394 0.012 
320 QAc-W-0043    (0)   :  0.036 0.010 0.881 0.052 0.013 0.008 
321 QAc-W-0044    (0)   :  0.216 0.006 0.290 0.046 0.344 0.097 
322 QAc-W-0045    (0)   :  0.010 0.006 0.948 0.008 0.021 0.007 
323 QAc-W-0046    (0)   :  0.028 0.018 0.909 0.022 0.017 0.007 
324 QAc-W-0047    (0)   :  0.036 0.004 0.888 0.018 0.034 0.021 
325 QAc-W-0048    (0)   :  0.012 0.007 0.904 0.004 0.068 0.005 
326 QAc-W-0049    (0)   :  0.007 0.009 0.887 0.005 0.087 0.006 
327 QAc-W-0050    (0)   :  0.006 0.011 0.960 0.006 0.005 0.011 
328 QAc-W-0051    (0)   :  0.017 0.011 0.924 0.016 0.026 0.007 
329 QAc-W-0052    (0)   :  0.005 0.002 0.003 0.004 0.983 0.003 
330 QAc-W-0053    (0)   :  0.011 0.003 0.962 0.004 0.011 0.008 
331 QAc-W-0054    (0)   :  0.015 0.007 0.375 0.194 0.061 0.348 
332 QAc-W-0055    (0)   :  0.009 0.065 0.300 0.533 0.008 0.085 
333 QAc-W-0056    (0)   :  0.095 0.035 0.812 0.010 0.009 0.039 
334 QAc-W-0057    (0)   :  0.010 0.053 0.877 0.026 0.010 0.024 
335 QAc-W-0058    (0)   :  0.005 0.110 0.860 0.014 0.006 0.005 
336 QAc-W-0059    (0)   :  0.005 0.003 0.976 0.005 0.006 0.004 
337 QAc-W-0060    (0)   :  0.092 0.006 0.031 0.753 0.059 0.059 
338 QAc-W-0061    (0)   :  0.017 0.011 0.049 0.798 0.003 0.122 
339 QAc-W-0062    (0)   :  0.012 0.017 0.009 0.693 0.052 0.217 
340 QAc-W-0063    (0)   :  0.036 0.028 0.046 0.527 0.095 0.269 
341 QAc-W-0064    (0)   :  0.073 0.017 0.032 0.677 0.004 0.197 
342 QAc-W-0065    (0)   :  0.050 0.014 0.088 0.550 0.005 0.292 
343 QAc-W-0066    (0)   :  0.004 0.005 0.003 0.983 0.003 0.002 
344 QAc-W-0067    (0)   :  0.003 0.004 0.003 0.984 0.003 0.003 
345 QAc-W-0068    (0)   :  0.004 0.003 0.002 0.986 0.003 0.003 
346 QAc-W-0069    (0)   :  0.004 0.004 0.003 0.984 0.003 0.003 
347 QAc-W-0070    (0)   :  0.003 0.003 0.003 0.986 0.003 0.003 
348 QAc-W-0071    (6)   :  0.005 0.005 0.007 0.954 0.003 0.026 
349 QAc-W-0072    (0)   :  0.014 0.007 0.037 0.208 0.005 0.729 
350 QAc-W-0073    (0)   :  0.015 0.011 0.513 0.406 0.011 0.045 
351 QAc-W-0074    (0)   :  0.014 0.012 0.009 0.793 0.007 0.165 
352 QAc-W-0075    (0)   :  0.009 0.007 0.015 0.938 0.003 0.027 
353 QAc-W-0076    (0)   :  0.006 0.010 0.012 0.649 0.003 0.321 
354 QAc-W-0077    (0)   :  0.022 0.003 0.070 0.849 0.011 0.045 
355 QAc-W-0078    (0)   :  0.062 0.652 0.020 0.036 0.023 0.207 
356 QAc-W-0079    (6)   :  0.013 0.939 0.008 0.024 0.005 0.011 
357 QAc-W-0080   (13)   :  0.037 0.941 0.010 0.004 0.002 0.006 
358 QAc-W-0081    (0)   :  0.006 0.975 0.004 0.004 0.007 0.004 
359 QAc-W-0082    (0)   :  0.006 0.510 0.470 0.004 0.002 0.007 
360 QAc-W-0083    (0)   :  0.017 0.877 0.011 0.033 0.017 0.044 
361 QAc-W-0084    (0)   :  0.006 0.977 0.003 0.004 0.007 0.003 
362 QAc-W-0085    (0)   :  0.003 0.981 0.003 0.004 0.004 0.005 
363 QAc-W-0086    (0)   :  0.005 0.974 0.004 0.006 0.004 0.007 
364 QAc-W-0087    (0)   :  0.008 0.964 0.008 0.007 0.003 0.010 
365 QAc-W-0088    (0)   :  0.007 0.940 0.038 0.003 0.004 0.008 
366 QAc-W-0089    (0)   :  0.007 0.976 0.003 0.007 0.003 0.004 
367 QAc-W-0090    (0)   :  0.007 0.976 0.004 0.006 0.003 0.004 
368 QAc-W-0091    (0)   :  0.006 0.951 0.010 0.006 0.012 0.015 
369 QAc-W-0092    (0)   :  0.040 0.689 0.007 0.008 0.249 0.007 
370 QAc-W-0093    (0)   :  0.090 0.751 0.094 0.003 0.009 0.053 
371 QAc-W-0094    (0)   :  0.046 0.650 0.023 0.006 0.261 0.013 
372 QAc-W-0095    (0)   :  0.018 0.912 0.008 0.005 0.048 0.008 
373 QAc-W-0096    (0)   :  0.025 0.759 0.029 0.017 0.134 0.035 
374 QAc-W-0097    (0)   :  0.079 0.689 0.208 0.009 0.007 0.007 
375 QAc-W-0098    (0)   :  0.006 0.976 0.006 0.003 0.005 0.005 
376 QAc-W-0099    (0)   :  0.028 0.810 0.030 0.004 0.013 0.114 
377 QAc-W-0100    (0)   :  0.005 0.972 0.006 0.004 0.004 0.010 
378 QAc-W-0101    (0)   :  0.007 0.941 0.005 0.033 0.003 0.012 
379 QAc-W-0104    (0)   :  0.010 0.936 0.020 0.004 0.004 0.026 
380 QAc-W-0105    (0)   :  0.008 0.967 0.004 0.006 0.011 0.005 
381 QAc-W-0106    (0)   :  0.019 0.903 0.008 0.005 0.054 0.011 
382 QAc-W-0107    (0)   :  0.004 0.978 0.004 0.006 0.004 0.005 
383 QAc-W-0108    (0)   :  0.004 0.981 0.003 0.006 0.002 0.004 
384 QAc-W-0109    (0)   :  0.011 0.942 0.012 0.023 0.006 0.005 
385 QAc-W-0110   (13)   :  0.619 0.318 0.009 0.009 0.005 0.040 
386 QAc-W-0111    (6)   :  0.010 0.970 0.005 0.005 0.006 0.004 
387 QAc-W-0112   (13)   :  0.014 0.943 0.012 0.004 0.009 0.019 
388 QAc-W-0113   (13)   :  0.010 0.006 0.007 0.004 0.004 0.969 
389 QAc-W-0114   (13)   :  0.005 0.017 0.013 0.004 0.009 0.952 
390 QAc-W-0115    (0)   :  0.009 0.005 0.003 0.005 0.005 0.972 
391 QAc-W-0116    (0)   :  0.019 0.005 0.015 0.002 0.016 0.943 
392 QAc-W-0117    (0)   :  0.007 0.003 0.006 0.004 0.003 0.977 
393 QAc-W-0118    (0)   :  0.005 0.014 0.005 0.018 0.004 0.953 
394 QAc-W-0119    (0)   :  0.008 0.004 0.006 0.007 0.007 0.968 
395 QAc-W-0120    (0)   :  0.009 0.006 0.008 0.011 0.003 0.962 
396 QAc-W-0121    (0)   :  0.008 0.003 0.011 0.030 0.003 0.945 
397 QAc-W-0122    (0)   :  0.014 0.005 0.027 0.004 0.005 0.946 
398 QAc-W-0123    (6)   :  0.012 0.016 0.027 0.012 0.012 0.921 
399 QAc-W-0124    (0)   :  0.049 0.041 0.006 0.023 0.010 0.870 
400 QAc-W-0125    (0)   :  0.006 0.011 0.006 0.007 0.009 0.961 
401 QAc-W-0126   (13)   :  0.008 0.019 0.014 0.007 0.010 0.941 
402 QAc-W-0127    (6)   :  0.007 0.003 0.005 0.005 0.005 0.975 
403 QAc-W-0128   (13)   :  0.012 0.032 0.011 0.011 0.003 0.931 
404 QAc-W-0129   (13)   :  0.062 0.005 0.023 0.006 0.005 0.898 
405 QAc-W-0130   (13)   :  0.019 0.007 0.007 0.006 0.003 0.958 
406 QAc-W-0131    (0)   :  0.005 0.006 0.009 0.005 0.040 0.935 
407 QAc-W-0132    (6)   :  0.028 0.018 0.005 0.044 0.020 0.884 
408 QAc-W-0133    (6)   :  0.007 0.084 0.015 0.184 0.007 0.703 
409 QAc-W-0134    (0)   :  0.005 0.004 0.005 0.004 0.005 0.977 
410 QAc-W-0135    (0)   :  0.052 0.006 0.006 0.012 0.003 0.921 
411 QAc-W-0136    (0)   :  0.006 0.003 0.003 0.003 0.011 0.974 
412 QAc-W-0137    (0)   :  0.004 0.002 0.003 0.003 0.005 0.982 
413 QAc-W-0138    (0)   :  0.006 0.003 0.003 0.003 0.005 0.980 
414 QAc-W-0139    (0)   :  0.056 0.057 0.009 0.020 0.011 0.847 
415 QAc-W-0140    (0)   :  0.044 0.006 0.054 0.005 0.003 0.888 
416 QAc-W-0141    (6)   :  0.050 0.006 0.012 0.015 0.005 0.913 
417 QAc-W-0142    (0)   :  0.005 0.004 0.005 0.006 0.003 0.978 
418 QAc-W-0143    (0)   :  0.006 0.008 0.007 0.003 0.004 0.972 
419 QAc-W-0144    (0)   :  0.008 0.005 0.063 0.003 0.008 0.912 
420 QAc-W-0145    (0)   :  0.004 0.003 0.007 0.003 0.004 0.980 
421 QAc-W-0146    (0)   :  0.018 0.005 0.004 0.005 0.005 0.963 
422 QAc-W-0147    (0)   :  0.005 0.005 0.003 0.004 0.003 0.981 
423 QAc-W-0148    (0)   :  0.008 0.003 0.004 0.004 0.006 0.974 
424 QAc-W-0149    (0)   :  0.009 0.008 0.021 0.004 0.011 0.948 
425 QAc-W-0150    (0)   :  0.053 0.016 0.006 0.006 0.012 0.906 
426 QAc-W-0151    (0)   :  0.013 0.005 0.006 0.005 0.006 0.965 
427 QAc-W-0152    (0)   :  0.006 0.004 0.006 0.006 0.004 0.974 
428 QAc-W-0153    (0)   :  0.165 0.055 0.656 0.014 0.006 0.103 
429 QAc-W-0154    (0)   :  0.023 0.004 0.008 0.004 0.003 0.958 
430 QAc-W-0155    (0)   :  0.005 0.003 0.004 0.003 0.003 0.981 
431 QAc-W-0156    (0)   :  0.043 0.076 0.006 0.004 0.013 0.858 
432 QAc-W-0157    (0)   :  0.013 0.003 0.033 0.010 0.033 0.908 
433 QAc-W-0158    (0)   :  0.043 0.024 0.004 0.016 0.004 0.908 
434 QAc-W-0159    (0)   :  0.008 0.006 0.007 0.006 0.008 0.965 
435 QAc-W-0160    (0)   :  0.025 0.005 0.004 0.004 0.006 0.956 
436 QAc-W-0161    (0)   :  0.055 0.004 0.010 0.004 0.079 0.848 
437 QAc-W-0162    (0)   :  0.004 0.003 0.019 0.031 0.029 0.913 
438 QAc-W-0163    (0)   :  0.007 0.004 0.026 0.005 0.005 0.953 
439 QAc-W-0164    (0)   :  0.005 0.004 0.005 0.005 0.007 0.974 
440 QAc-W-0165    (0)   :  0.006 0.003 0.009 0.024 0.009 0.949 
441 QAc-W-0166    (0)   :  0.020 0.004 0.005 0.005 0.006 0.960 
442 QAc-W-0167    (0)   :  0.007 0.018 0.945 0.006 0.007 0.016 
443 QAc-W-0168    (0)   :  0.044 0.020 0.148 0.169 0.033 0.586 
444 QAc-W-0169    (0)   :  0.161 0.004 0.801 0.010 0.004 0.019 
445 QAc-W-0170    (0)   :  0.022 0.008 0.935 0.005 0.003 0.026 
446 QAc-W-0171    (0)   :  0.008 0.013 0.948 0.006 0.012 0.013 
447 QAc-W-0172    (0)   :  0.062 0.009 0.849 0.003 0.017 0.059 
448 QAc-W-0173    (0)   :  0.214 0.008 0.543 0.006 0.019 0.211 
449 QAc-W-0174    (0)   :  0.014 0.006 0.889 0.011 0.004 0.076 


Estimated Allele Frequencies in each cluster
First column gives estimated ancestral frequencies


Locus 1 : 
21 alleles
0.4% missing data
 210   (0.114) 0.044 0.211 0.219 0.002 0.003 0.161 
 212   (0.097) 0.189 0.225 0.058 0.207 0.003 0.092 
 202   (0.060) 0.053 0.139 0.025 0.001 0.325 0.012 
 226   (0.049) 0.001 0.111 0.028 0.181 0.213 0.004 
 216   (0.069) 0.008 0.093 0.043 0.001 0.329 0.092 
 200   (0.225) 0.506 0.128 0.250 0.378 0.111 0.212 
 224   (0.030) 0.083 0.001 0.009 0.145 0.001 0.003 
 218   (0.041) 0.028 0.057 0.008 0.000 0.001 0.140 
 222   (0.022) 0.001 0.001 0.008 0.000 0.003 0.170 
 228   (0.015) 0.000 0.000 0.003 0.062 0.000 0.002 
 214   (0.062) 0.002 0.001 0.133 0.020 0.004 0.062 
 208   (0.052) 0.072 0.031 0.060 0.001 0.002 0.003 
 220   (0.025) 0.001 0.000 0.023 0.000 0.001 0.012 
 206   (0.041) 0.003 0.001 0.051 0.001 0.001 0.021 
 196   (0.012) 0.000 0.000 0.005 0.000 0.000 0.003 
 238   (0.014) 0.000 0.000 0.004 0.000 0.000 0.005 
 121   (0.013) 0.005 0.000 0.002 0.000 0.001 0.001 
 204   (0.016) 0.000 0.000 0.019 0.000 0.000 0.001 
 190   (0.012) 0.000 0.000 0.007 0.000 0.000 0.001 
 198   (0.013) 0.000 0.000 0.008 0.000 0.000 0.001 
 232   (0.020) 0.001 0.000 0.037 0.000 0.001 0.001 

Locus 2 : 
16 alleles
1.6% missing data
 171   (0.219) 0.336 0.148 0.402 0.003 0.403 0.067 
 175   (0.093) 0.036 0.244 0.070 0.123 0.129 0.023 
 185   (0.045) 0.009 0.145 0.013 0.001 0.001 0.214 
 181   (0.086) 0.105 0.348 0.080 0.342 0.004 0.007 
 179   (0.071) 0.006 0.001 0.036 0.108 0.333 0.273 
 173   (0.181) 0.334 0.064 0.126 0.328 0.110 0.185 
 177   (0.037) 0.001 0.001 0.011 0.092 0.009 0.066 
 183   (0.066) 0.002 0.020 0.100 0.001 0.002 0.085 
 187   (0.073) 0.071 0.001 0.105 0.001 0.002 0.042 
 189   (0.031) 0.098 0.001 0.008 0.000 0.001 0.023 
 191   (0.027) 0.001 0.026 0.016 0.000 0.005 0.002 
 163   (0.014) 0.000 0.000 0.007 0.000 0.000 0.001 
 165   (0.015) 0.000 0.000 0.008 0.000 0.000 0.001 
 193   (0.016) 0.000 0.000 0.008 0.000 0.000 0.001 
 169   (0.012) 0.000 0.000 0.002 0.000 0.000 0.007 
 167   (0.014) 0.000 0.000 0.008 0.000 0.000 0.001 

Locus 3 : 
7 alleles
2.4% missing data
 206   (0.824) 0.926 0.982 0.891 0.982 0.984 0.949 
 208   (0.058) 0.070 0.001 0.044 0.002 0.002 0.025 
 198   (0.015) 0.000 0.006 0.003 0.000 0.000 0.001 
 204   (0.051) 0.002 0.010 0.029 0.015 0.012 0.020 
 218   (0.018) 0.001 0.000 0.014 0.000 0.000 0.002 
 230   (0.017) 0.000 0.000 0.008 0.000 0.000 0.001 
 212   (0.018) 0.001 0.000 0.012 0.000 0.000 0.003 

Locus 4 : 
15 alleles
3.6% missing data
 165   (0.091) 0.128 0.607 0.061 0.088 0.003 0.017 
 173   (0.036) 0.001 0.326 0.033 0.000 0.001 0.002 
 163   (0.166) 0.108 0.006 0.265 0.007 0.005 0.318 
 167   (0.136) 0.189 0.018 0.113 0.002 0.527 0.145 
 161   (0.306) 0.515 0.012 0.336 0.884 0.455 0.429 
 153   (0.016) 0.011 0.000 0.003 0.000 0.000 0.001 
 171   (0.042) 0.002 0.004 0.053 0.000 0.002 0.019 
 179   (0.014) 0.001 0.000 0.007 0.000 0.000 0.001 
 157   (0.035) 0.036 0.001 0.028 0.001 0.001 0.003 
 149   (0.015) 0.000 0.000 0.008 0.000 0.000 0.001 
 177   (0.039) 0.003 0.017 0.019 0.001 0.001 0.022 
 155   (0.022) 0.004 0.000 0.008 0.000 0.001 0.005 
 175   (0.018) 0.001 0.000 0.014 0.000 0.000 0.001 
 169   (0.032) 0.001 0.004 0.041 0.000 0.001 0.002 
 159   (0.032) 0.001 0.001 0.010 0.017 0.001 0.034 

Locus 5 : 
16 alleles
0.0% missing data
 148   (0.093) 0.128 0.398 0.049 0.372 0.003 0.085 
 160   (0.039) 0.002 0.079 0.023 0.000 0.040 0.002 
 146   (0.098) 0.045 0.284 0.116 0.340 0.019 0.015 
 154   (0.049) 0.004 0.002 0.028 0.026 0.002 0.211 
 150   (0.054) 0.064 0.001 0.100 0.009 0.002 0.004 
 138   (0.097) 0.077 0.095 0.050 0.004 0.180 0.253 
 166   (0.053) 0.011 0.001 0.101 0.001 0.325 0.003 
 164   (0.029) 0.001 0.000 0.014 0.000 0.054 0.007 
 142   (0.030) 0.001 0.000 0.031 0.001 0.001 0.015 
 144   (0.181) 0.266 0.014 0.255 0.207 0.080 0.134 
 140   (0.063) 0.188 0.001 0.028 0.001 0.284 0.153 
 158   (0.058) 0.022 0.047 0.046 0.001 0.004 0.021 
 162   (0.032) 0.001 0.066 0.034 0.000 0.001 0.002 
 152   (0.081) 0.189 0.002 0.065 0.039 0.002 0.092 
 134   (0.019) 0.001 0.000 0.036 0.000 0.000 0.001 
 156   (0.025) 0.001 0.008 0.023 0.000 0.002 0.001 

Locus 6 : 
12 alleles
0.0% missing data
 225   (0.040) 0.002 0.110 0.008 0.196 0.001 0.029 
 239   (0.126) 0.078 0.033 0.089 0.487 0.206 0.031 
 229   (0.022) 0.004 0.334 0.004 0.000 0.001 0.001 
 235   (0.229) 0.307 0.402 0.198 0.261 0.008 0.408 
 237   (0.183) 0.281 0.007 0.226 0.038 0.017 0.236 
 233   (0.107) 0.259 0.043 0.069 0.013 0.295 0.021 
 227   (0.069) 0.002 0.001 0.251 0.001 0.316 0.004 
 245   (0.060) 0.027 0.001 0.050 0.001 0.003 0.088 
 241   (0.065) 0.002 0.067 0.037 0.002 0.151 0.066 
 231   (0.042) 0.001 0.001 0.045 0.000 0.001 0.077 
 243   (0.040) 0.035 0.001 0.016 0.000 0.001 0.038 
 251   (0.017) 0.000 0.000 0.008 0.000 0.000 0.001 

Locus 7 : 
7 alleles
0.0% missing data
 118   (0.829) 0.865 0.962 0.880 0.982 0.622 0.990 
 124   (0.040) 0.123 0.001 0.015 0.000 0.374 0.002 
 116   (0.027) 0.001 0.001 0.047 0.001 0.001 0.002 
 114   (0.050) 0.010 0.024 0.031 0.005 0.002 0.003 
 122   (0.017) 0.001 0.000 0.014 0.000 0.000 0.001 
 112   (0.023) 0.001 0.012 0.009 0.000 0.001 0.001 
 120   (0.014) 0.000 0.000 0.002 0.012 0.000 0.001 

Locus 8 : 
5 alleles
0.4% missing data
 135   (0.065) 0.105 0.017 0.029 0.005 0.002 0.033 
 139   (0.688) 0.794 0.902 0.741 0.963 0.925 0.675 
 137   (0.199) 0.100 0.080 0.212 0.031 0.072 0.200 
 143   (0.025) 0.001 0.000 0.011 0.000 0.001 0.061 
 141   (0.022) 0.001 0.001 0.007 0.000 0.001 0.031 

Locus 9 : 
15 alleles
1.6% missing data
 116   (0.168) 0.477 0.374 0.098 0.180 0.007 0.370 
 112   (0.096) 0.045 0.076 0.054 0.071 0.003 0.174 
 118   (0.120) 0.029 0.515 0.099 0.002 0.092 0.149 
 122   (0.105) 0.005 0.002 0.230 0.544 0.474 0.010 
 114   (0.186) 0.257 0.023 0.222 0.133 0.006 0.221 
 120   (0.062) 0.082 0.001 0.044 0.001 0.188 0.023 
 130   (0.048) 0.080 0.001 0.034 0.001 0.135 0.003 
 124   (0.054) 0.002 0.001 0.069 0.065 0.001 0.035 
 110   (0.014) 0.000 0.000 0.008 0.000 0.000 0.001 
 134   (0.017) 0.001 0.000 0.008 0.000 0.000 0.002 
 128   (0.043) 0.011 0.001 0.029 0.001 0.090 0.006 
 126   (0.042) 0.010 0.001 0.081 0.001 0.001 0.004 
 108   (0.017) 0.001 0.000 0.014 0.000 0.000 0.001 
 106   (0.012) 0.000 0.000 0.007 0.001 0.000 0.001 
 138   (0.015) 0.000 0.005 0.003 0.000 0.000 0.001 

Locus 10 : 
8 alleles
0.0% missing data
 232   (0.735) 0.925 0.974 0.625 0.996 0.992 0.865 
 238   (0.136) 0.031 0.002 0.292 0.002 0.004 0.128 
 220   (0.016) 0.030 0.000 0.003 0.000 0.000 0.001 
 226   (0.017) 0.001 0.011 0.003 0.000 0.001 0.001 
 234   (0.027) 0.010 0.000 0.016 0.000 0.001 0.001 
 240   (0.017) 0.000 0.000 0.014 0.000 0.000 0.001 
 236   (0.020) 0.001 0.000 0.019 0.001 0.001 0.001 
 244   (0.032) 0.001 0.011 0.028 0.000 0.001 0.002 

Locus 11 : 
9 alleles
0.0% missing data
 165   (0.706) 0.812 0.868 0.709 0.765 0.943 0.884 
 167   (0.103) 0.007 0.124 0.097 0.232 0.003 0.086 
 161   (0.100) 0.176 0.005 0.157 0.001 0.051 0.009 
 153   (0.015) 0.002 0.002 0.004 0.000 0.000 0.001 
 169   (0.016) 0.000 0.000 0.007 0.001 0.001 0.001 
 155   (0.015) 0.000 0.000 0.008 0.000 0.000 0.001 
 173   (0.014) 0.000 0.000 0.008 0.000 0.000 0.001 
 163   (0.016) 0.000 0.000 0.003 0.000 0.000 0.015 
 171   (0.015) 0.000 0.000 0.008 0.000 0.000 0.001 

Locus 12 : 
9 alleles
0.0% missing data
 137   (0.457) 0.327 0.296 0.468 0.438 0.852 0.788 
 140   (0.141) 0.422 0.356 0.080 0.010 0.074 0.085 
 134   (0.289) 0.244 0.345 0.377 0.550 0.071 0.096 
 149   (0.016) 0.000 0.000 0.006 0.000 0.000 0.004 
 131   (0.016) 0.001 0.002 0.006 0.000 0.000 0.001 
 143   (0.021) 0.001 0.000 0.026 0.000 0.001 0.001 
 128   (0.016) 0.000 0.000 0.008 0.000 0.000 0.001 
 125   (0.023) 0.004 0.000 0.004 0.000 0.001 0.023 
 146   (0.021) 0.001 0.000 0.025 0.000 0.001 0.002 

Locus 13 : 
20 alleles
0.2% missing data
 206   (0.103) 0.135 0.424 0.045 0.029 0.257 0.190 
 210   (0.065) 0.151 0.274 0.020 0.354 0.002 0.043 
 190   (0.045) 0.049 0.001 0.029 0.001 0.002 0.137 
 202   (0.115) 0.054 0.065 0.183 0.002 0.443 0.040 
 214   (0.034) 0.034 0.001 0.013 0.169 0.001 0.002 
 212   (0.029) 0.002 0.000 0.005 0.134 0.001 0.214 
 192   (0.087) 0.242 0.024 0.075 0.001 0.260 0.028 
 204   (0.055) 0.022 0.001 0.050 0.005 0.012 0.037 
 184   (0.058) 0.057 0.085 0.025 0.002 0.002 0.092 
 216   (0.016) 0.119 0.000 0.003 0.001 0.000 0.001 
 208   (0.040) 0.090 0.001 0.008 0.022 0.001 0.053 
 200   (0.099) 0.018 0.089 0.202 0.002 0.009 0.047 
 198   (0.038) 0.001 0.001 0.055 0.000 0.001 0.044 
 194   (0.096) 0.008 0.033 0.185 0.193 0.005 0.034 
 186   (0.024) 0.001 0.000 0.014 0.083 0.001 0.001 
 188   (0.017) 0.001 0.000 0.024 0.000 0.000 0.001 
 196   (0.033) 0.001 0.001 0.042 0.000 0.001 0.030 
 220   (0.013) 0.000 0.000 0.006 0.000 0.001 0.002 
