

----------------------------------------------------
STRUCTURE by Pritchard, Stephens and Donnelly (2000)
     and Falush, Stephens and Pritchard (2003)
       Code by Pritchard, Falush and Hubisz
             Version 2.3.4 (Jul 2012)
----------------------------------------------------



Command line arguments:   bin\structure -m C:\Users\eschumacher\Documents\GitHub\GCC_QUAC_ZAIN\Data_Files\Structure_Files\QUAC\QUAC_wK_nopopinfo_garden_wild\QUAC_wK_nopopinfo_STR\50-50\mainparams -e C:\Users\eschumacher\Documents\GitHub\GCC_QUAC_ZAIN\Data_Files\Structure_Files\QUAC\QUAC_wK_nopopinfo_garden_wild\QUAC_wK_nopopinfo_STR\50-50\extraparams 
Input File:    C:\Users\eschumacher\Documents\GitHub\GCC_QUAC_ZAIN\Data_Files\Structure_Files\QUAC\QUAC_wK_nopopinfo_garden_wild\QUAC_wK_nopopinfo_STR\project_data

Run parameters:
   449 individuals
   15 loci
   7 populations assumed
   50000 Burn-in period
   50000 Reps


--------------------------------------------
Overall proportion of membership of the
sample in each of the 7 clusters

Inferred Clusters
  1      2      3      4      5      6      7    
0.101  0.211  0.073  0.109  0.136  0.185  0.184  

--------------------------------------------

Allele-freq. divergence among pops (Net nucleotide distance),
computed using point estimates of P.

      1       2       3       4       5       6       7      
 1      -    0.0332  0.0857  0.0323  0.0315  0.0695  0.0791  
 2   0.0332     -    0.0960  0.0652  0.0536  0.0993  0.0962  
 3   0.0857  0.0960     -    0.0986  0.0987  0.1656  0.1467  
 4   0.0323  0.0652  0.0986     -    0.0633  0.1205  0.1040  
 5   0.0315  0.0536  0.0987  0.0633     -    0.1022  0.1050  
 6   0.0695  0.0993  0.1656  0.1205  0.1022     -    0.1243  
 7   0.0791  0.0962  0.1467  0.1040  0.1050  0.1243     -    

Average distances (expected heterozygosity) between individuals in same cluster:
cluster  1  : 0.6944 
cluster  2  : 0.5634 
cluster  3  : 0.4673 
cluster  4  : 0.6138 
cluster  5  : 0.5565 
cluster  6  : 0.4919 
cluster  7  : 0.4484 

--------------------------------------------
Estimated Ln Prob of Data   = -16212.5
Mean value of ln likelihood = -15833.2
Variance of ln likelihood   = 758.7
Mean value of alpha         = 0.0343

Mean value of Fst_1         = 0.0030
Mean value of Fst_2         = 0.1600
Mean value of Fst_3         = 0.4114
Mean value of Fst_4         = 0.0909
Mean value of Fst_5         = 0.1348
Mean value of Fst_6         = 0.2759
Mean value of Fst_7         = 0.3726


Inferred ancestry of individuals:
        Label (%Miss) :  Inferred clusters
  1 QAc-G-0029    (0)   :  0.009 0.020 0.004 0.003 0.005 0.947 0.012 
  2 QAc-G-0030    (0)   :  0.003 0.003 0.003 0.003 0.003 0.983 0.003 
  3 QAc-G-0031    (0)   :  0.003 0.002 0.002 0.002 0.004 0.981 0.004 
  4 QAc-G-0061    (0)   :  0.004 0.006 0.007 0.003 0.005 0.971 0.004 
  5 QAc-G-0062    (0)   :  0.145 0.005 0.472 0.009 0.267 0.008 0.093 
  6 QAc-G-0063    (0)   :  0.053 0.129 0.007 0.009 0.015 0.006 0.781 
  7 QAc-G-0064    (0)   :  0.003 0.004 0.977 0.003 0.004 0.003 0.005 
  8 QAc-G-0065    (0)   :  0.003 0.003 0.981 0.004 0.003 0.004 0.002 
  9 QAc-G-0066    (0)   :  0.003 0.004 0.002 0.003 0.003 0.005 0.981 
 10 QAc-G-0067    (0)   :  0.003 0.003 0.977 0.003 0.004 0.007 0.003 
 11 QAc-G-0068    (0)   :  0.232 0.003 0.009 0.150 0.027 0.004 0.576 
 12 QAc-G-0070    (0)   :  0.016 0.018 0.007 0.011 0.279 0.006 0.664 
 13 QAc-G-0071   (13)   :  0.003 0.003 0.002 0.004 0.003 0.006 0.979 
 14 QAc-G-0072    (0)   :  0.003 0.005 0.003 0.003 0.006 0.004 0.976 
 15 QAc-G-0073    (0)   :  0.004 0.979 0.003 0.003 0.004 0.004 0.003 
 16 QAc-G-0074    (0)   :  0.027 0.770 0.005 0.011 0.030 0.005 0.152 
 17 QAc-G-0075    (0)   :  0.010 0.953 0.006 0.008 0.006 0.008 0.009 
 18 QAc-G-0076    (0)   :  0.016 0.947 0.007 0.006 0.009 0.008 0.007 
 19 QAc-G-0077    (0)   :  0.004 0.006 0.008 0.003 0.003 0.969 0.007 
 20 QAc-G-0078    (0)   :  0.003 0.002 0.002 0.003 0.003 0.984 0.003 
 21 QAc-G-0079    (0)   :  0.004 0.003 0.002 0.005 0.004 0.979 0.004 
 22 QAc-G-0080    (0)   :  0.670 0.026 0.018 0.007 0.006 0.264 0.010 
 23 QAc-G-0081    (0)   :  0.589 0.024 0.004 0.015 0.353 0.007 0.009 
 24 QAc-G-0082    (0)   :  0.956 0.012 0.003 0.007 0.017 0.003 0.003 
 25 QAc-G-0083    (0)   :  0.157 0.119 0.050 0.027 0.160 0.073 0.414 
 26 QAc-G-0001   (13)   :  0.003 0.003 0.002 0.004 0.003 0.980 0.006 
 27 QAc-G-0002    (0)   :  0.003 0.003 0.003 0.002 0.002 0.984 0.003 
 28 QAc-G-0285    (0)   :  0.028 0.015 0.004 0.036 0.028 0.012 0.878 
 29 QAc-G-0286    (0)   :  0.003 0.003 0.002 0.003 0.003 0.003 0.983 
 30 QAc-G-0287    (0)   :  0.002 0.003 0.003 0.003 0.003 0.003 0.984 
 31 QAc-G-0288    (6)   :  0.008 0.012 0.007 0.005 0.022 0.023 0.923 
 32 QAc-G-0289    (0)   :  0.003 0.003 0.004 0.003 0.004 0.004 0.981 
 33 QAc-G-0290    (0)   :  0.003 0.004 0.007 0.003 0.004 0.004 0.975 
 34 QAc-G-0291    (0)   :  0.002 0.003 0.003 0.002 0.002 0.005 0.982 
 35 QAc-G-0292    (0)   :  0.032 0.005 0.004 0.020 0.251 0.003 0.685 
 36 QAc-G-0293    (0)   :  0.003 0.003 0.002 0.003 0.003 0.007 0.979 
 37 QAc-G-0294    (0)   :  0.017 0.947 0.007 0.012 0.007 0.007 0.003 
 38 QAc-G-0295    (0)   :  0.007 0.957 0.006 0.003 0.004 0.009 0.014 
 39 QAc-G-0296    (0)   :  0.004 0.968 0.010 0.004 0.005 0.003 0.006 
 40 QAc-G-0297    (0)   :  0.624 0.335 0.005 0.023 0.007 0.003 0.003 
 41 QAc-G-0298    (6)   :  0.005 0.974 0.005 0.004 0.004 0.006 0.004 
 42 QAc-G-0299    (0)   :  0.005 0.969 0.003 0.006 0.003 0.005 0.007 
 43 QAc-G-0300    (0)   :  0.005 0.956 0.018 0.005 0.009 0.003 0.004 
 44 QAc-G-0301    (0)   :  0.006 0.904 0.065 0.005 0.004 0.005 0.011 
 45 QAc-G-0302    (0)   :  0.016 0.010 0.003 0.956 0.005 0.004 0.006 
 46 QAc-G-0303    (0)   :  0.048 0.008 0.006 0.898 0.031 0.005 0.005 
 47 QAc-G-0304    (0)   :  0.003 0.004 0.002 0.002 0.003 0.004 0.982 
 48 QAc-G-0305    (0)   :  0.061 0.005 0.003 0.079 0.045 0.056 0.750 
 49 QAc-G-0306    (0)   :  0.003 0.003 0.002 0.002 0.003 0.004 0.983 
 50 QAc-G-0307    (0)   :  0.047 0.010 0.006 0.012 0.072 0.842 0.010 
 51 QAc-G-0308    (0)   :  0.009 0.016 0.004 0.012 0.010 0.933 0.017 
 52 QAc-G-0309    (0)   :  0.018 0.005 0.003 0.004 0.004 0.962 0.005 
 53 QAc-G-0310    (0)   :  0.003 0.004 0.003 0.003 0.004 0.980 0.004 
 54 QAc-G-0311    (0)   :  0.003 0.002 0.002 0.002 0.002 0.985 0.003 
 55 QAc-G-0312    (0)   :  0.617 0.041 0.015 0.037 0.063 0.222 0.006 
 56 QAc-G-0313    (0)   :  0.882 0.016 0.007 0.006 0.070 0.011 0.009 
 57 QAc-G-0314    (0)   :  0.619 0.175 0.010 0.023 0.155 0.014 0.004 
 58 QAc-G-0315    (0)   :  0.935 0.013 0.007 0.013 0.017 0.005 0.010 
 59 QAc-G-0316    (0)   :  0.791 0.007 0.008 0.005 0.153 0.026 0.010 
 60 QAc-G-0032    (6)   :  0.341 0.012 0.139 0.486 0.006 0.008 0.007 
 61 QAc-G-0033    (0)   :  0.004 0.968 0.009 0.005 0.005 0.005 0.004 
 62 QAc-G-0034    (0)   :  0.009 0.928 0.008 0.008 0.014 0.029 0.004 
 63 QAc-G-0035    (0)   :  0.006 0.962 0.011 0.005 0.005 0.005 0.006 
 64 QAc-G-0036    (0)   :  0.010 0.946 0.005 0.004 0.011 0.006 0.018 
 65 QAc-G-0037    (0)   :  0.005 0.961 0.005 0.003 0.002 0.011 0.012 
 66 QAc-G-0038    (0)   :  0.004 0.981 0.003 0.003 0.005 0.002 0.003 
 67 QAc-G-0039    (0)   :  0.018 0.918 0.005 0.012 0.018 0.025 0.005 
 68 QAc-G-0040    (0)   :  0.012 0.845 0.003 0.008 0.063 0.006 0.063 
 69 QAc-G-0041    (0)   :  0.007 0.927 0.030 0.003 0.023 0.003 0.006 
 70 QAc-G-0042    (0)   :  0.004 0.970 0.006 0.006 0.005 0.003 0.006 
 71 QAc-G-0043    (0)   :  0.005 0.974 0.003 0.003 0.004 0.007 0.005 
 72 QAc-G-0044    (0)   :  0.011 0.932 0.024 0.015 0.006 0.004 0.008 
 73 QAc-G-0045    (0)   :  0.005 0.940 0.011 0.005 0.008 0.024 0.007 
 74 QAc-G-0046    (0)   :  0.015 0.916 0.004 0.004 0.018 0.041 0.003 
 75 QAc-G-0047    (0)   :  0.010 0.927 0.006 0.014 0.007 0.030 0.006 
 76 QAc-G-0048    (0)   :  0.005 0.972 0.006 0.004 0.007 0.003 0.004 
 77 QAc-G-0049    (0)   :  0.003 0.003 0.002 0.002 0.003 0.982 0.005 
 78 QAc-G-0050    (0)   :  0.893 0.004 0.005 0.029 0.016 0.036 0.017 
 79 QAc-G-0051    (0)   :  0.003 0.002 0.002 0.003 0.003 0.983 0.004 
 80 QAc-G-0052    (0)   :  0.020 0.012 0.031 0.005 0.013 0.914 0.004 
 81 QAc-G-0053    (0)   :  0.007 0.017 0.006 0.002 0.003 0.956 0.009 
 82 QAc-G-0054    (0)   :  0.899 0.008 0.004 0.009 0.014 0.061 0.005 
 83 QAc-G-0055    (0)   :  0.690 0.008 0.003 0.023 0.008 0.262 0.006 
 84 QAc-G-0056    (0)   :  0.888 0.009 0.010 0.011 0.051 0.018 0.014 
 85 QAc-G-0057    (0)   :  0.004 0.004 0.002 0.004 0.003 0.980 0.004 
 86 QAc-G-0058    (6)   :  0.004 0.003 0.003 0.003 0.003 0.981 0.004 
 87 QAc-G-0059    (0)   :  0.838 0.006 0.004 0.004 0.007 0.139 0.003 
 88 QAc-G-0060    (6)   :  0.068 0.010 0.018 0.006 0.007 0.880 0.011 
 89 QAc-G-0276    (0)   :  0.014 0.027 0.003 0.006 0.010 0.029 0.910 
 90 QAc-G-0279    (0)   :  0.003 0.003 0.003 0.002 0.003 0.006 0.979 
 91 QAc-G-0280    (6)   :  0.005 0.008 0.004 0.003 0.005 0.004 0.971 
 92 QAc-G-0281    (0)   :  0.004 0.004 0.004 0.003 0.003 0.976 0.006 
 93 QAc-G-0018    (0)   :  0.024 0.902 0.006 0.023 0.009 0.029 0.006 
 94 QAc-G-0019    (0)   :  0.005 0.891 0.067 0.004 0.007 0.004 0.021 
 95 QAc-G-0020    (0)   :  0.033 0.949 0.003 0.003 0.004 0.005 0.003 
 96 QAc-G-0021    (6)   :  0.005 0.962 0.015 0.003 0.003 0.008 0.003 
 97 QAc-G-0022    (6)   :  0.070 0.768 0.047 0.009 0.080 0.020 0.007 
 98 QAc-G-0023    (0)   :  0.004 0.003 0.002 0.004 0.003 0.980 0.003 
 99 QAc-G-0024    (0)   :  0.003 0.006 0.004 0.004 0.003 0.977 0.003 
100 QAc-G-0016    (0)   :  0.775 0.010 0.005 0.123 0.013 0.063 0.011 
101 QAc-G-0017    (0)   :  0.019 0.009 0.214 0.739 0.010 0.004 0.005 
102 QAc-G-0250    (0)   :  0.521 0.015 0.006 0.073 0.011 0.008 0.365 
103 QAc-G-0003    (6)   :  0.004 0.005 0.004 0.003 0.005 0.005 0.974 
104 QAc-G-0004    (0)   :  0.034 0.041 0.006 0.900 0.007 0.009 0.004 
105 QAc-G-0005    (0)   :  0.003 0.003 0.981 0.004 0.002 0.003 0.003 
106 QAc-G-0006    (6)   :  0.090 0.010 0.003 0.874 0.014 0.004 0.006 
107 QAc-G-0283    (0)   :  0.709 0.007 0.004 0.024 0.247 0.004 0.006 
108 QAc-G-0265    (0)   :  0.797 0.018 0.004 0.008 0.008 0.150 0.016 
109 QAc-G-0266    (0)   :  0.003 0.003 0.002 0.002 0.002 0.983 0.005 
110 QAc-G-0267    (0)   :  0.238 0.453 0.064 0.016 0.101 0.011 0.116 
111 QAc-G-0268   (20)   :  0.401 0.007 0.012 0.019 0.007 0.006 0.548 
112 QAc-G-0269    (0)   :  0.003 0.004 0.003 0.003 0.003 0.004 0.980 
113 QAc-G-0270    (6)   :  0.005 0.966 0.011 0.004 0.005 0.004 0.006 
114 QAc-G-0271    (0)   :  0.096 0.792 0.086 0.010 0.007 0.004 0.004 
115 QAc-G-0272    (6)   :  0.007 0.953 0.003 0.007 0.006 0.006 0.017 
116 QAc-G-0273    (0)   :  0.005 0.004 0.007 0.005 0.005 0.969 0.004 
117 QAc-G-0274    (0)   :  0.002 0.003 0.985 0.002 0.003 0.002 0.002 
118 QAc-G-0251    (6)   :  0.006 0.950 0.015 0.013 0.007 0.005 0.004 
119 QAc-G-0252    (0)   :  0.008 0.951 0.005 0.012 0.014 0.005 0.005 
120 QAc-G-0253    (0)   :  0.007 0.004 0.003 0.003 0.004 0.974 0.005 
121 QAc-G-0254    (0)   :  0.003 0.002 0.002 0.002 0.003 0.985 0.003 
122 QAc-G-0255    (0)   :  0.017 0.014 0.008 0.943 0.007 0.005 0.006 
123 QAc-G-0256    (0)   :  0.005 0.006 0.008 0.967 0.004 0.004 0.007 
124 QAc-G-0257    (0)   :  0.014 0.010 0.062 0.852 0.052 0.007 0.003 
125 QAc-G-0258    (0)   :  0.010 0.005 0.005 0.971 0.004 0.003 0.003 
126 QAc-G-0259    (0)   :  0.972 0.004 0.002 0.010 0.008 0.002 0.002 
127 QAc-G-0260    (0)   :  0.709 0.016 0.091 0.060 0.070 0.011 0.042 
128 QAc-G-0261    (0)   :  0.474 0.009 0.449 0.051 0.009 0.003 0.004 
129 QAc-G-0262    (0)   :  0.630 0.006 0.044 0.279 0.017 0.007 0.017 
130 QAc-G-0010    (0)   :  0.039 0.043 0.006 0.006 0.028 0.017 0.861 
131 QAc-G-0011    (0)   :  0.022 0.007 0.006 0.004 0.953 0.004 0.004 
132 QAc-G-0015    (0)   :  0.032 0.015 0.008 0.102 0.029 0.809 0.004 
133 QAc-G-0106    (0)   :  0.020 0.011 0.032 0.925 0.007 0.002 0.003 
134 QAc-G-0107    (0)   :  0.011 0.004 0.003 0.962 0.005 0.008 0.006 
135 QAc-G-0108    (0)   :  0.005 0.006 0.005 0.971 0.005 0.002 0.005 
136 QAc-G-0109    (0)   :  0.102 0.008 0.030 0.816 0.027 0.011 0.005 
137 QAc-G-0110    (0)   :  0.045 0.041 0.002 0.808 0.013 0.008 0.082 
138 QAc-G-0111    (0)   :  0.011 0.011 0.005 0.952 0.009 0.005 0.007 
139 QAc-G-0112    (0)   :  0.021 0.004 0.003 0.927 0.004 0.007 0.034 
140 QAc-G-0113    (0)   :  0.065 0.005 0.024 0.864 0.006 0.024 0.011 
141 QAc-G-0114    (0)   :  0.014 0.038 0.003 0.901 0.007 0.021 0.016 
142 QAc-G-0115    (0)   :  0.009 0.004 0.005 0.967 0.004 0.004 0.007 
143 QAc-G-0116    (0)   :  0.009 0.004 0.006 0.957 0.007 0.006 0.011 
144 QAc-G-0117    (0)   :  0.245 0.162 0.055 0.505 0.016 0.011 0.006 
145 QAc-G-0118    (0)   :  0.009 0.006 0.018 0.950 0.009 0.002 0.005 
146 QAc-G-0119    (0)   :  0.023 0.021 0.024 0.921 0.004 0.005 0.002 
147 QAc-G-0120    (0)   :  0.081 0.012 0.006 0.877 0.011 0.006 0.007 
148 QAc-G-0121    (0)   :  0.005 0.008 0.969 0.007 0.003 0.003 0.006 
149 QAc-G-0122    (0)   :  0.005 0.008 0.942 0.007 0.004 0.003 0.030 
150 QAc-G-0123    (0)   :  0.002 0.004 0.984 0.003 0.002 0.002 0.002 
151 QAc-G-0124    (6)   :  0.003 0.004 0.979 0.003 0.004 0.003 0.003 
152 QAc-G-0125    (0)   :  0.330 0.009 0.504 0.036 0.045 0.053 0.022 
153 QAc-G-0126    (0)   :  0.560 0.012 0.246 0.151 0.015 0.010 0.007 
154 QAc-G-0127    (0)   :  0.005 0.005 0.964 0.009 0.010 0.004 0.003 
155 QAc-G-0128    (0)   :  0.003 0.003 0.980 0.003 0.003 0.003 0.005 
156 QAc-G-0129    (0)   :  0.002 0.003 0.985 0.003 0.002 0.002 0.003 
157 QAc-G-0130    (0)   :  0.005 0.008 0.932 0.034 0.014 0.002 0.005 
158 QAc-G-0131    (0)   :  0.004 0.006 0.973 0.004 0.004 0.004 0.004 
159 QAc-G-0132    (0)   :  0.027 0.008 0.749 0.180 0.007 0.015 0.014 
160 QAc-G-0133    (0)   :  0.004 0.007 0.975 0.003 0.003 0.004 0.004 
161 QAc-G-0134    (0)   :  0.004 0.005 0.976 0.004 0.003 0.005 0.003 
162 QAc-G-0135    (0)   :  0.008 0.011 0.003 0.958 0.007 0.009 0.006 
163 QAc-G-0136    (0)   :  0.017 0.005 0.006 0.937 0.018 0.009 0.010 
164 QAc-G-0137    (0)   :  0.014 0.011 0.034 0.927 0.006 0.003 0.005 
165 QAc-G-0138    (0)   :  0.017 0.003 0.006 0.930 0.034 0.007 0.004 
166 QAc-G-0139    (0)   :  0.008 0.032 0.030 0.920 0.005 0.002 0.003 
167 QAc-G-0140    (6)   :  0.013 0.026 0.047 0.898 0.006 0.004 0.005 
168 QAc-G-0141    (0)   :  0.528 0.045 0.026 0.329 0.036 0.019 0.017 
169 QAc-G-0142    (0)   :  0.004 0.005 0.003 0.979 0.004 0.002 0.003 
170 QAc-G-0143    (0)   :  0.973 0.006 0.003 0.004 0.004 0.004 0.006 
171 QAc-G-0144    (6)   :  0.552 0.005 0.003 0.427 0.005 0.005 0.004 
172 QAc-G-0145    (0)   :  0.003 0.004 0.002 0.003 0.003 0.003 0.981 
173 QAc-G-0146    (0)   :  0.003 0.003 0.982 0.002 0.003 0.003 0.003 
174 QAc-G-0147    (0)   :  0.123 0.025 0.300 0.109 0.427 0.006 0.009 
175 QAc-G-0148    (0)   :  0.634 0.015 0.007 0.327 0.007 0.004 0.006 
176 QAc-G-0149    (0)   :  0.003 0.005 0.980 0.003 0.003 0.002 0.004 
177 QAc-G-0150    (0)   :  0.004 0.003 0.003 0.003 0.004 0.005 0.979 
178 QAc-G-0151    (0)   :  0.003 0.005 0.980 0.003 0.003 0.003 0.003 
179 QAc-G-0152    (0)   :  0.003 0.005 0.978 0.002 0.004 0.005 0.002 
180 QAc-G-0153    (0)   :  0.018 0.011 0.904 0.010 0.034 0.002 0.020 
181 QAc-G-0154    (0)   :  0.007 0.025 0.924 0.024 0.004 0.003 0.014 
182 QAc-G-0155    (0)   :  0.003 0.006 0.981 0.002 0.003 0.003 0.003 
183 QAc-G-0158    (0)   :  0.002 0.002 0.984 0.003 0.003 0.003 0.003 
184 QAc-G-0159    (0)   :  0.027 0.010 0.013 0.924 0.010 0.006 0.010 
185 QAc-G-0160    (0)   :  0.002 0.003 0.003 0.003 0.003 0.003 0.984 
186 QAc-G-0161    (0)   :  0.002 0.003 0.002 0.003 0.002 0.003 0.984 
187 QAc-G-0162    (0)   :  0.100 0.248 0.004 0.006 0.026 0.005 0.611 
188 QAc-G-0163    (0)   :  0.019 0.046 0.003 0.015 0.006 0.003 0.908 
189 QAc-G-0164    (0)   :  0.012 0.004 0.002 0.003 0.030 0.012 0.936 
190 QAc-G-0165    (0)   :  0.004 0.005 0.008 0.004 0.005 0.003 0.970 
191 QAc-G-0166    (0)   :  0.003 0.005 0.003 0.002 0.003 0.003 0.980 
192 QAc-G-0167    (0)   :  0.003 0.006 0.004 0.003 0.004 0.004 0.976 
193 QAc-G-0168    (0)   :  0.003 0.003 0.002 0.003 0.002 0.004 0.984 
194 QAc-G-0169    (6)   :  0.412 0.008 0.004 0.141 0.017 0.006 0.412 
195 QAc-G-0170    (0)   :  0.004 0.005 0.005 0.003 0.004 0.004 0.975 
196 QAc-G-0171    (0)   :  0.003 0.004 0.003 0.003 0.004 0.004 0.980 
197 QAc-G-0172    (0)   :  0.120 0.011 0.014 0.809 0.012 0.008 0.026 
198 QAc-G-0173    (0)   :  0.003 0.003 0.002 0.003 0.003 0.006 0.979 
199 QAc-G-0174    (0)   :  0.045 0.030 0.008 0.085 0.048 0.007 0.776 
200 QAc-G-0175    (0)   :  0.003 0.003 0.002 0.002 0.003 0.003 0.983 
201 QAc-G-0176    (0)   :  0.017 0.161 0.004 0.005 0.005 0.008 0.800 
202 QAc-G-0177    (0)   :  0.003 0.003 0.003 0.003 0.003 0.004 0.981 
203 QAc-G-0178    (0)   :  0.018 0.005 0.010 0.005 0.100 0.028 0.835 
204 QAc-G-0179    (6)   :  0.003 0.004 0.002 0.002 0.003 0.003 0.982 
205 QAc-G-0180    (0)   :  0.003 0.003 0.002 0.003 0.003 0.003 0.983 
206 QAc-G-0181    (0)   :  0.004 0.009 0.003 0.004 0.005 0.002 0.973 
207 QAc-G-0182    (0)   :  0.035 0.026 0.015 0.037 0.021 0.003 0.862 
208 QAc-G-0183    (6)   :  0.007 0.003 0.004 0.005 0.004 0.006 0.971 
209 QAc-G-0184    (0)   :  0.003 0.004 0.003 0.003 0.003 0.003 0.982 
210 QAc-G-0185    (0)   :  0.010 0.011 0.013 0.009 0.031 0.008 0.919 
211 QAc-G-0186    (0)   :  0.004 0.009 0.002 0.004 0.006 0.002 0.974 
212 QAc-G-0187    (0)   :  0.015 0.015 0.005 0.005 0.056 0.039 0.865 
213 QAc-G-0188    (0)   :  0.153 0.034 0.005 0.543 0.006 0.003 0.255 
214 QAc-G-0189    (0)   :  0.003 0.002 0.002 0.002 0.003 0.004 0.983 
215 QAc-G-0190    (0)   :  0.003 0.004 0.004 0.003 0.004 0.005 0.977 
216 QAc-G-0191    (0)   :  0.003 0.005 0.004 0.003 0.004 0.004 0.977 
217 QAc-G-0192    (0)   :  0.002 0.002 0.003 0.002 0.003 0.003 0.984 
218 QAc-G-0193    (0)   :  0.004 0.004 0.004 0.003 0.005 0.003 0.977 
219 QAc-G-0194    (0)   :  0.004 0.006 0.003 0.003 0.006 0.005 0.972 
220 QAc-G-0195    (0)   :  0.010 0.011 0.004 0.004 0.007 0.107 0.857 
221 QAc-G-0196    (0)   :  0.003 0.004 0.002 0.002 0.004 0.005 0.980 
222 QAc-G-0197    (0)   :  0.002 0.003 0.003 0.003 0.002 0.003 0.984 
223 QAc-G-0198    (0)   :  0.003 0.004 0.003 0.003 0.003 0.003 0.981 
224 QAc-G-0199    (0)   :  0.018 0.022 0.007 0.005 0.051 0.008 0.888 
225 QAc-G-0200    (0)   :  0.005 0.008 0.002 0.003 0.006 0.004 0.971 
226 QAc-G-0201    (0)   :  0.013 0.003 0.002 0.003 0.004 0.003 0.972 
227 QAc-G-0202    (6)   :  0.004 0.003 0.003 0.005 0.004 0.009 0.973 
228 QAc-G-0203    (0)   :  0.012 0.004 0.003 0.006 0.002 0.013 0.961 
229 QAc-G-0204    (0)   :  0.004 0.006 0.003 0.003 0.004 0.005 0.977 
230 QAc-G-0205    (0)   :  0.003 0.002 0.002 0.002 0.002 0.985 0.004 
231 QAc-G-0206    (0)   :  0.155 0.020 0.004 0.045 0.007 0.766 0.003 
232 QAc-G-0207    (0)   :  0.007 0.006 0.005 0.004 0.011 0.960 0.006 
233 QAc-G-0208    (0)   :  0.003 0.003 0.003 0.003 0.003 0.982 0.003 
234 QAc-G-0209    (0)   :  0.004 0.003 0.002 0.003 0.004 0.978 0.006 
235 QAc-G-0210    (0)   :  0.003 0.003 0.003 0.003 0.003 0.983 0.002 
236 QAc-G-0211    (0)   :  0.004 0.002 0.004 0.003 0.003 0.981 0.002 
237 QAc-G-0212    (0)   :  0.003 0.004 0.003 0.002 0.003 0.982 0.003 
238 QAc-G-0213    (0)   :  0.004 0.006 0.003 0.002 0.004 0.977 0.005 
239 QAc-G-0214    (0)   :  0.003 0.003 0.002 0.002 0.002 0.984 0.004 
240 QAc-G-0215    (0)   :  0.006 0.004 0.003 0.003 0.004 0.977 0.003 
241 QAc-G-0216    (0)   :  0.641 0.011 0.005 0.149 0.005 0.111 0.078 
242 QAc-G-0217    (0)   :  0.007 0.005 0.010 0.006 0.008 0.958 0.005 
243 QAc-G-0218    (0)   :  0.005 0.007 0.005 0.003 0.008 0.969 0.005 
244 QAc-G-0219    (0)   :  0.047 0.024 0.023 0.025 0.008 0.864 0.009 
245 QAc-G-0220    (0)   :  0.083 0.005 0.005 0.006 0.006 0.893 0.003 
246 QAc-G-0221    (0)   :  0.009 0.012 0.012 0.006 0.035 0.918 0.008 
247 QAc-G-0222    (0)   :  0.003 0.003 0.003 0.002 0.003 0.981 0.004 
248 QAc-G-0223    (0)   :  0.004 0.005 0.004 0.004 0.007 0.974 0.003 
249 QAc-G-0224    (0)   :  0.005 0.003 0.003 0.003 0.005 0.976 0.005 
250 QAc-G-0226    (0)   :  0.003 0.004 0.003 0.003 0.003 0.981 0.003 
251 QAc-G-0227    (0)   :  0.005 0.963 0.013 0.005 0.004 0.004 0.006 
252 QAc-G-0228    (6)   :  0.005 0.971 0.003 0.004 0.005 0.006 0.005 
253 QAc-G-0229    (0)   :  0.014 0.941 0.005 0.013 0.015 0.007 0.006 
254 QAc-G-0230    (0)   :  0.008 0.950 0.003 0.011 0.006 0.017 0.005 
255 QAc-G-0231    (0)   :  0.003 0.003 0.005 0.003 0.003 0.977 0.006 
256 QAc-G-0232    (0)   :  0.007 0.964 0.010 0.004 0.010 0.003 0.002 
257 QAc-G-0233    (0)   :  0.151 0.626 0.006 0.004 0.187 0.021 0.005 
258 QAc-G-0234    (0)   :  0.007 0.951 0.005 0.004 0.011 0.005 0.017 
259 QAc-G-0235    (0)   :  0.024 0.006 0.003 0.947 0.008 0.007 0.005 
260 QAc-G-0236    (0)   :  0.004 0.969 0.009 0.004 0.005 0.004 0.005 
261 QAc-G-0237    (0)   :  0.007 0.934 0.014 0.008 0.012 0.015 0.010 
262 QAc-G-0238    (0)   :  0.005 0.971 0.004 0.004 0.004 0.007 0.005 
263 QAc-G-0239    (0)   :  0.009 0.969 0.003 0.004 0.006 0.004 0.004 
264 QAc-G-0240    (0)   :  0.005 0.972 0.007 0.006 0.005 0.003 0.003 
265 QAc-G-0241    (0)   :  0.040 0.880 0.006 0.022 0.028 0.010 0.013 
266 QAc-G-0242    (0)   :  0.009 0.952 0.010 0.004 0.013 0.008 0.003 
267 QAc-G-0243    (0)   :  0.089 0.699 0.059 0.010 0.123 0.018 0.003 
268 QAc-G-0244    (0)   :  0.015 0.951 0.004 0.012 0.005 0.007 0.006 
269 QAc-G-0245    (0)   :  0.004 0.962 0.015 0.005 0.005 0.003 0.006 
270 QAc-G-0246    (0)   :  0.007 0.964 0.006 0.005 0.006 0.004 0.007 
271 QAc-G-0247    (0)   :  0.005 0.976 0.003 0.003 0.005 0.004 0.002 
272 QAc-G-0248    (0)   :  0.006 0.978 0.003 0.005 0.003 0.003 0.003 
273 QAc-G-0249    (0)   :  0.014 0.010 0.002 0.009 0.943 0.009 0.013 
274 QAc-G-0025    (0)   :  0.003 0.004 0.003 0.003 0.003 0.982 0.004 
275 QAc-G-0028    (0)   :  0.017 0.876 0.004 0.003 0.062 0.032 0.006 
276 QAc-G-0275    (0)   :  0.005 0.005 0.003 0.003 0.003 0.971 0.011 
277 QAc-G-0263    (0)   :  0.453 0.005 0.006 0.009 0.218 0.016 0.294 
278 QAc-W-0001    (0)   :  0.008 0.927 0.034 0.018 0.005 0.005 0.003 
279 QAc-W-0002    (0)   :  0.016 0.933 0.003 0.017 0.011 0.003 0.016 
280 QAc-W-0003    (0)   :  0.028 0.867 0.009 0.025 0.007 0.037 0.027 
281 QAc-W-0004    (0)   :  0.004 0.967 0.005 0.003 0.007 0.009 0.006 
282 QAc-W-0005    (0)   :  0.007 0.951 0.013 0.006 0.010 0.004 0.009 
283 QAc-W-0006    (0)   :  0.006 0.961 0.006 0.008 0.009 0.006 0.005 
284 QAc-W-0007   (13)   :  0.005 0.970 0.005 0.004 0.007 0.005 0.004 
285 QAc-W-0008    (6)   :  0.040 0.897 0.003 0.007 0.045 0.003 0.004 
286 QAc-W-0009    (0)   :  0.023 0.865 0.007 0.070 0.021 0.006 0.009 
287 QAc-W-0010    (0)   :  0.038 0.821 0.020 0.016 0.089 0.004 0.012 
288 QAc-W-0011    (0)   :  0.014 0.882 0.025 0.021 0.006 0.006 0.047 
289 QAc-W-0012    (0)   :  0.008 0.962 0.006 0.004 0.006 0.004 0.010 
290 QAc-W-0013    (0)   :  0.012 0.815 0.004 0.039 0.005 0.119 0.006 
291 QAc-W-0014    (0)   :  0.007 0.948 0.004 0.004 0.028 0.004 0.004 
292 QAc-W-0015    (0)   :  0.015 0.870 0.003 0.028 0.034 0.027 0.023 
293 QAc-W-0016    (0)   :  0.179 0.657 0.003 0.020 0.122 0.012 0.008 
294 QAc-W-0017    (0)   :  0.557 0.155 0.011 0.042 0.167 0.023 0.045 
295 QAc-W-0018    (0)   :  0.192 0.716 0.011 0.027 0.024 0.027 0.003 
296 QAc-W-0019    (0)   :  0.006 0.956 0.006 0.008 0.012 0.006 0.006 
297 QAc-W-0020    (0)   :  0.061 0.876 0.045 0.006 0.005 0.003 0.004 
298 QAc-W-0021    (0)   :  0.172 0.421 0.010 0.066 0.054 0.263 0.013 
299 QAc-W-0022    (0)   :  0.290 0.434 0.008 0.015 0.208 0.027 0.017 
300 QAc-W-0023    (6)   :  0.102 0.528 0.067 0.186 0.081 0.033 0.003 
301 QAc-W-0024    (0)   :  0.163 0.557 0.007 0.015 0.027 0.202 0.028 
302 QAc-W-0025    (0)   :  0.006 0.974 0.003 0.004 0.005 0.004 0.004 
303 QAc-W-0026    (0)   :  0.035 0.709 0.093 0.014 0.052 0.042 0.055 
304 QAc-W-0027    (0)   :  0.008 0.956 0.004 0.010 0.011 0.004 0.008 
305 QAc-W-0028    (0)   :  0.008 0.969 0.004 0.006 0.006 0.003 0.005 
306 QAc-W-0029    (0)   :  0.010 0.957 0.008 0.011 0.005 0.006 0.003 
307 QAc-W-0030    (0)   :  0.006 0.966 0.007 0.005 0.004 0.004 0.009 
308 QAc-W-0031    (0)   :  0.008 0.900 0.003 0.008 0.006 0.071 0.004 
309 QAc-W-0032    (0)   :  0.005 0.967 0.010 0.003 0.008 0.004 0.002 
310 QAc-W-0033    (0)   :  0.147 0.772 0.022 0.007 0.036 0.011 0.005 
311 QAc-W-0034    (0)   :  0.007 0.955 0.004 0.018 0.007 0.004 0.003 
312 QAc-W-0035    (0)   :  0.025 0.872 0.004 0.006 0.048 0.018 0.026 
313 QAc-W-0036    (0)   :  0.005 0.927 0.041 0.010 0.009 0.003 0.004 
314 QAc-W-0037    (0)   :  0.006 0.946 0.012 0.005 0.006 0.010 0.015 
315 QAc-W-0038    (0)   :  0.039 0.909 0.014 0.011 0.009 0.004 0.013 
316 QAc-W-0039    (0)   :  0.005 0.919 0.032 0.011 0.008 0.010 0.015 
317 QAc-W-0040    (0)   :  0.037 0.707 0.017 0.005 0.217 0.008 0.009 
318 QAc-W-0041    (0)   :  0.017 0.861 0.005 0.032 0.014 0.060 0.011 
319 QAc-W-0042    (0)   :  0.025 0.028 0.236 0.670 0.007 0.015 0.019 
320 QAc-W-0043    (0)   :  0.012 0.022 0.009 0.916 0.006 0.008 0.027 
321 QAc-W-0044    (0)   :  0.030 0.118 0.270 0.463 0.080 0.005 0.034 
322 QAc-W-0045    (0)   :  0.013 0.011 0.017 0.937 0.007 0.008 0.008 
323 QAc-W-0046    (0)   :  0.008 0.014 0.009 0.934 0.007 0.015 0.013 
324 QAc-W-0047    (0)   :  0.010 0.031 0.025 0.900 0.017 0.003 0.012 
325 QAc-W-0048    (0)   :  0.012 0.013 0.052 0.907 0.005 0.007 0.004 
326 QAc-W-0049    (0)   :  0.009 0.006 0.064 0.904 0.005 0.008 0.004 
327 QAc-W-0050    (0)   :  0.509 0.006 0.007 0.441 0.014 0.016 0.007 
328 QAc-W-0051    (0)   :  0.565 0.013 0.027 0.364 0.008 0.008 0.015 
329 QAc-W-0052    (0)   :  0.003 0.004 0.980 0.003 0.004 0.002 0.003 
330 QAc-W-0053    (0)   :  0.005 0.011 0.010 0.957 0.009 0.003 0.004 
331 QAc-W-0054    (0)   :  0.663 0.012 0.044 0.061 0.099 0.006 0.115 
332 QAc-W-0055    (0)   :  0.369 0.006 0.008 0.091 0.039 0.036 0.451 
333 QAc-W-0056    (0)   :  0.922 0.029 0.007 0.011 0.010 0.013 0.008 
334 QAc-W-0057    (0)   :  0.707 0.007 0.008 0.204 0.013 0.042 0.019 
335 QAc-W-0058    (0)   :  0.349 0.005 0.008 0.460 0.004 0.160 0.015 
336 QAc-W-0059    (0)   :  0.003 0.004 0.004 0.979 0.003 0.003 0.004 
337 QAc-W-0060    (0)   :  0.036 0.092 0.051 0.025 0.057 0.006 0.734 
338 QAc-W-0061    (0)   :  0.041 0.012 0.003 0.043 0.119 0.008 0.773 
339 QAc-W-0062    (0)   :  0.036 0.011 0.045 0.007 0.225 0.018 0.658 
340 QAc-W-0063    (0)   :  0.268 0.034 0.078 0.030 0.164 0.024 0.403 
341 QAc-W-0064    (0)   :  0.214 0.054 0.005 0.012 0.121 0.018 0.575 
342 QAc-W-0065    (0)   :  0.418 0.027 0.006 0.028 0.167 0.012 0.343 
343 QAc-W-0066    (0)   :  0.002 0.004 0.002 0.003 0.003 0.004 0.983 
344 QAc-W-0067    (0)   :  0.002 0.003 0.003 0.003 0.003 0.004 0.982 
345 QAc-W-0068    (0)   :  0.002 0.003 0.002 0.002 0.002 0.003 0.984 
346 QAc-W-0069    (0)   :  0.003 0.004 0.002 0.002 0.003 0.004 0.982 
347 QAc-W-0070    (0)   :  0.003 0.002 0.003 0.003 0.003 0.003 0.983 
348 QAc-W-0071    (6)   :  0.011 0.004 0.003 0.007 0.025 0.005 0.945 
349 QAc-W-0072    (0)   :  0.246 0.015 0.004 0.033 0.528 0.007 0.167 
350 QAc-W-0073    (0)   :  0.184 0.015 0.011 0.382 0.042 0.010 0.357 
351 QAc-W-0074    (0)   :  0.027 0.013 0.006 0.007 0.193 0.010 0.744 
352 QAc-W-0075    (0)   :  0.016 0.008 0.003 0.013 0.023 0.008 0.930 
353 QAc-W-0076    (0)   :  0.032 0.006 0.002 0.011 0.310 0.010 0.629 
354 QAc-W-0077    (0)   :  0.043 0.024 0.012 0.098 0.046 0.003 0.774 
355 QAc-W-0078    (0)   :  0.103 0.051 0.024 0.009 0.162 0.621 0.030 
356 QAc-W-0079    (6)   :  0.005 0.011 0.006 0.008 0.012 0.932 0.026 
357 QAc-W-0080   (13)   :  0.010 0.030 0.002 0.011 0.005 0.938 0.004 
358 QAc-W-0081    (0)   :  0.006 0.006 0.008 0.004 0.004 0.968 0.004 
359 QAc-W-0082    (0)   :  0.441 0.005 0.003 0.163 0.006 0.378 0.004 
360 QAc-W-0083    (0)   :  0.011 0.019 0.017 0.011 0.044 0.869 0.029 
361 QAc-W-0084    (0)   :  0.004 0.005 0.006 0.003 0.003 0.975 0.004 
362 QAc-W-0085    (0)   :  0.004 0.003 0.004 0.003 0.004 0.977 0.004 
363 QAc-W-0086    (0)   :  0.005 0.005 0.004 0.004 0.008 0.970 0.005 
364 QAc-W-0087    (0)   :  0.008 0.006 0.003 0.009 0.011 0.957 0.006 
365 QAc-W-0088    (0)   :  0.029 0.005 0.004 0.039 0.007 0.912 0.003 
366 QAc-W-0089    (0)   :  0.004 0.006 0.003 0.003 0.003 0.975 0.006 
367 QAc-W-0090    (0)   :  0.004 0.007 0.003 0.004 0.003 0.973 0.005 
368 QAc-W-0091    (0)   :  0.015 0.006 0.013 0.012 0.012 0.937 0.006 
369 QAc-W-0092    (0)   :  0.008 0.037 0.254 0.006 0.006 0.681 0.007 
370 QAc-W-0093    (0)   :  0.176 0.067 0.007 0.042 0.043 0.661 0.003 
371 QAc-W-0094    (0)   :  0.079 0.045 0.251 0.020 0.013 0.586 0.006 
372 QAc-W-0095    (0)   :  0.008 0.019 0.048 0.010 0.008 0.903 0.005 
373 QAc-W-0096    (0)   :  0.038 0.026 0.128 0.027 0.022 0.742 0.016 
374 QAc-W-0097    (0)   :  0.188 0.073 0.006 0.117 0.005 0.604 0.007 
375 QAc-W-0098    (0)   :  0.008 0.006 0.005 0.010 0.004 0.965 0.003 
376 QAc-W-0099    (0)   :  0.086 0.021 0.013 0.023 0.090 0.762 0.004 
377 QAc-W-0100    (0)   :  0.009 0.005 0.003 0.006 0.007 0.966 0.003 
378 QAc-W-0101    (0)   :  0.007 0.006 0.003 0.004 0.011 0.936 0.032 
379 QAc-W-0104    (0)   :  0.014 0.008 0.004 0.017 0.023 0.931 0.003 
380 QAc-W-0105    (0)   :  0.007 0.009 0.012 0.003 0.004 0.959 0.005 
381 QAc-W-0106    (0)   :  0.033 0.019 0.057 0.005 0.012 0.869 0.006 
382 QAc-W-0107    (0)   :  0.004 0.003 0.003 0.004 0.005 0.975 0.006 
383 QAc-W-0108    (0)   :  0.004 0.003 0.002 0.003 0.004 0.980 0.005 
384 QAc-W-0109    (0)   :  0.010 0.011 0.006 0.015 0.005 0.931 0.022 
385 QAc-W-0110   (13)   :  0.026 0.583 0.005 0.009 0.043 0.325 0.009 
386 QAc-W-0111    (6)   :  0.007 0.011 0.007 0.005 0.004 0.962 0.005 
387 QAc-W-0112   (13)   :  0.016 0.013 0.009 0.010 0.019 0.929 0.004 
388 QAc-W-0113   (13)   :  0.009 0.011 0.004 0.005 0.963 0.005 0.003 
389 QAc-W-0114   (13)   :  0.009 0.005 0.009 0.018 0.939 0.016 0.005 
390 QAc-W-0115    (0)   :  0.005 0.010 0.004 0.003 0.967 0.006 0.005 
391 QAc-W-0116    (0)   :  0.011 0.018 0.015 0.014 0.936 0.004 0.002 
392 QAc-W-0117    (0)   :  0.005 0.006 0.003 0.008 0.971 0.003 0.004 
393 QAc-W-0118    (0)   :  0.012 0.005 0.004 0.005 0.937 0.015 0.023 
394 QAc-W-0119    (0)   :  0.011 0.006 0.006 0.004 0.961 0.004 0.008 
395 QAc-W-0120    (0)   :  0.016 0.009 0.003 0.006 0.947 0.006 0.013 
396 QAc-W-0121    (0)   :  0.010 0.007 0.003 0.008 0.932 0.003 0.036 
397 QAc-W-0122    (0)   :  0.025 0.011 0.004 0.016 0.937 0.004 0.003 
398 QAc-W-0123    (6)   :  0.040 0.011 0.012 0.014 0.900 0.012 0.010 
399 QAc-W-0124    (0)   :  0.018 0.051 0.010 0.005 0.855 0.037 0.024 
400 QAc-W-0125    (0)   :  0.008 0.005 0.010 0.006 0.953 0.012 0.006 
401 QAc-W-0126   (13)   :  0.030 0.008 0.014 0.011 0.908 0.022 0.007 
402 QAc-W-0127    (6)   :  0.008 0.007 0.005 0.005 0.969 0.003 0.004 
403 QAc-W-0128   (13)   :  0.010 0.011 0.003 0.010 0.920 0.035 0.011 
404 QAc-W-0129   (13)   :  0.020 0.057 0.005 0.024 0.881 0.006 0.006 
405 QAc-W-0130   (13)   :  0.007 0.019 0.003 0.007 0.951 0.007 0.005 
406 QAc-W-0131    (0)   :  0.058 0.005 0.040 0.005 0.882 0.006 0.005 
407 QAc-W-0132    (6)   :  0.011 0.030 0.021 0.005 0.875 0.015 0.042 
408 QAc-W-0133    (6)   :  0.389 0.007 0.006 0.007 0.423 0.056 0.113 
409 QAc-W-0134    (0)   :  0.004 0.004 0.005 0.005 0.973 0.004 0.004 
410 QAc-W-0135    (0)   :  0.007 0.063 0.003 0.006 0.903 0.005 0.012 
411 QAc-W-0136    (0)   :  0.004 0.005 0.009 0.003 0.972 0.003 0.003 
412 QAc-W-0137    (0)   :  0.004 0.004 0.005 0.003 0.979 0.002 0.003 
413 QAc-W-0138    (0)   :  0.004 0.005 0.005 0.003 0.978 0.002 0.003 
414 QAc-W-0139    (0)   :  0.026 0.047 0.009 0.007 0.833 0.061 0.017 
415 QAc-W-0140    (0)   :  0.017 0.028 0.003 0.071 0.870 0.005 0.004 
416 QAc-W-0141    (6)   :  0.024 0.066 0.004 0.021 0.866 0.006 0.014 
417 QAc-W-0142    (0)   :  0.004 0.004 0.003 0.004 0.976 0.003 0.006 
418 QAc-W-0143    (0)   :  0.009 0.005 0.003 0.009 0.964 0.007 0.003 
419 QAc-W-0144    (0)   :  0.025 0.007 0.007 0.104 0.849 0.005 0.003 
420 QAc-W-0145    (0)   :  0.014 0.003 0.003 0.005 0.968 0.003 0.003 
421 QAc-W-0146    (0)   :  0.004 0.014 0.005 0.004 0.964 0.005 0.004 
422 QAc-W-0147    (0)   :  0.005 0.004 0.003 0.003 0.978 0.004 0.003 
423 QAc-W-0148    (0)   :  0.004 0.007 0.006 0.004 0.972 0.003 0.004 
424 QAc-W-0149    (0)   :  0.016 0.010 0.012 0.037 0.915 0.008 0.003 
425 QAc-W-0150    (0)   :  0.009 0.056 0.011 0.006 0.896 0.016 0.006 
426 QAc-W-0151    (0)   :  0.007 0.013 0.006 0.005 0.958 0.006 0.004 
427 QAc-W-0152    (0)   :  0.005 0.005 0.003 0.005 0.974 0.003 0.005 
428 QAc-W-0153    (0)   :  0.904 0.033 0.005 0.009 0.018 0.023 0.009 
429 QAc-W-0154    (0)   :  0.039 0.035 0.003 0.005 0.911 0.004 0.003 
430 QAc-W-0155    (0)   :  0.004 0.005 0.003 0.003 0.979 0.003 0.003 
431 QAc-W-0156    (0)   :  0.010 0.049 0.013 0.004 0.846 0.074 0.004 
432 QAc-W-0157    (0)   :  0.066 0.011 0.032 0.013 0.863 0.003 0.011 
433 QAc-W-0158    (0)   :  0.006 0.037 0.004 0.004 0.904 0.028 0.017 
434 QAc-W-0159    (0)   :  0.007 0.007 0.007 0.006 0.962 0.006 0.005 
435 QAc-W-0160    (0)   :  0.008 0.036 0.005 0.004 0.938 0.005 0.004 
436 QAc-W-0161    (0)   :  0.011 0.053 0.110 0.008 0.811 0.004 0.003 
437 QAc-W-0162    (0)   :  0.012 0.003 0.029 0.029 0.889 0.003 0.035 
438 QAc-W-0163    (0)   :  0.016 0.006 0.005 0.019 0.946 0.003 0.004 
439 QAc-W-0164    (0)   :  0.007 0.004 0.006 0.004 0.970 0.004 0.005 
440 QAc-W-0165    (0)   :  0.032 0.005 0.009 0.005 0.919 0.003 0.027 
441 QAc-W-0166    (0)   :  0.008 0.021 0.006 0.005 0.952 0.004 0.005 
442 QAc-W-0167    (0)   :  0.961 0.005 0.004 0.010 0.007 0.009 0.004 
443 QAc-W-0168    (0)   :  0.307 0.037 0.027 0.089 0.397 0.013 0.130 
444 QAc-W-0169    (0)   :  0.891 0.055 0.004 0.028 0.009 0.003 0.009 
445 QAc-W-0170    (0)   :  0.918 0.024 0.003 0.033 0.011 0.005 0.005 
446 QAc-W-0171    (0)   :  0.963 0.006 0.005 0.009 0.006 0.007 0.004 
447 QAc-W-0172    (0)   :  0.958 0.014 0.006 0.007 0.007 0.006 0.002 
448 QAc-W-0173    (0)   :  0.835 0.070 0.013 0.023 0.049 0.005 0.004 
449 QAc-W-0174    (0)   :  0.952 0.009 0.003 0.011 0.014 0.004 0.007 


Estimated Allele Frequencies in each cluster
First column gives estimated ancestral frequencies


Locus 1 : 
21 alleles
0.4% missing data
 210   (0.107) 0.108 0.043 0.003 0.283 0.172 0.210 0.002 
 212   (0.101) 0.100 0.194 0.003 0.040 0.083 0.232 0.213 
 202   (0.053) 0.051 0.051 0.338 0.010 0.006 0.143 0.001 
 226   (0.059) 0.062 0.002 0.210 0.013 0.004 0.103 0.182 
 216   (0.070) 0.068 0.006 0.325 0.042 0.094 0.089 0.001 
 200   (0.222) 0.224 0.513 0.107 0.264 0.205 0.131 0.385 
 224   (0.041) 0.041 0.077 0.001 0.005 0.003 0.001 0.142 
 218   (0.035) 0.032 0.029 0.001 0.004 0.148 0.057 0.000 
 222   (0.022) 0.022 0.001 0.002 0.002 0.184 0.000 0.000 
 228   (0.014) 0.013 0.000 0.000 0.001 0.001 0.000 0.060 
 214   (0.083) 0.090 0.003 0.004 0.133 0.063 0.001 0.013 
 208   (0.057) 0.058 0.073 0.002 0.051 0.003 0.029 0.001 
 220   (0.027) 0.030 0.001 0.001 0.003 0.009 0.000 0.000 
 206   (0.036) 0.035 0.003 0.001 0.055 0.019 0.001 0.000 
 196   (0.008) 0.009 0.000 0.000 0.001 0.000 0.000 0.000 
 238   (0.010) 0.010 0.000 0.000 0.001 0.002 0.000 0.000 
 121   (0.011) 0.010 0.004 0.001 0.001 0.001 0.000 0.000 
 204   (0.013) 0.011 0.000 0.000 0.025 0.001 0.000 0.000 
 190   (0.009) 0.009 0.000 0.000 0.001 0.000 0.000 0.000 
 198   (0.010) 0.009 0.000 0.000 0.009 0.001 0.000 0.000 
 232   (0.012) 0.010 0.000 0.000 0.057 0.001 0.000 0.000 

Locus 2 : 
16 alleles
1.6% missing data
 171   (0.211) 0.214 0.333 0.403 0.505 0.063 0.143 0.002 
 175   (0.106) 0.106 0.035 0.133 0.042 0.021 0.246 0.124 
 185   (0.055) 0.055 0.009 0.001 0.007 0.222 0.145 0.001 
 181   (0.087) 0.086 0.103 0.003 0.095 0.006 0.351 0.348 
 179   (0.079) 0.079 0.006 0.334 0.020 0.293 0.001 0.099 
 173   (0.164) 0.161 0.340 0.107 0.107 0.185 0.065 0.328 
 177   (0.034) 0.032 0.001 0.007 0.005 0.066 0.001 0.094 
 183   (0.052) 0.051 0.002 0.001 0.130 0.084 0.019 0.001 
 187   (0.109) 0.122 0.070 0.003 0.061 0.025 0.002 0.001 
 189   (0.028) 0.025 0.099 0.001 0.003 0.023 0.000 0.000 
 191   (0.021) 0.017 0.001 0.006 0.020 0.001 0.026 0.000 
 163   (0.011) 0.011 0.000 0.000 0.001 0.001 0.000 0.000 
 165   (0.011) 0.011 0.000 0.000 0.001 0.001 0.000 0.000 
 193   (0.010) 0.011 0.000 0.000 0.001 0.001 0.000 0.000 
 169   (0.011) 0.010 0.000 0.000 0.001 0.007 0.000 0.000 
 167   (0.011) 0.011 0.000 0.000 0.001 0.001 0.000 0.000 

Locus 3 : 
7 alleles
2.4% missing data
 206   (0.833) 0.835 0.932 0.986 0.923 0.975 0.984 0.985 
 208   (0.067) 0.070 0.065 0.002 0.027 0.012 0.001 0.002 
 198   (0.011) 0.009 0.000 0.000 0.001 0.001 0.005 0.000 
 204   (0.044) 0.042 0.001 0.011 0.034 0.010 0.008 0.013 
 218   (0.016) 0.016 0.000 0.000 0.010 0.001 0.000 0.000 
 230   (0.011) 0.010 0.000 0.000 0.003 0.001 0.000 0.000 
 212   (0.017) 0.018 0.000 0.000 0.002 0.001 0.000 0.000 

Locus 4 : 
15 alleles
3.6% missing data
 165   (0.115) 0.118 0.126 0.004 0.040 0.014 0.624 0.082 
 173   (0.060) 0.066 0.002 0.002 0.014 0.004 0.319 0.001 
 163   (0.198) 0.204 0.104 0.006 0.298 0.311 0.007 0.007 
 167   (0.148) 0.149 0.189 0.533 0.077 0.152 0.014 0.002 
 161   (0.251) 0.244 0.523 0.449 0.406 0.459 0.010 0.893 
 153   (0.012) 0.010 0.010 0.000 0.001 0.001 0.000 0.000 
 171   (0.051) 0.056 0.002 0.002 0.037 0.006 0.002 0.001 
 179   (0.012) 0.011 0.001 0.000 0.001 0.001 0.000 0.000 
 157   (0.026) 0.023 0.035 0.001 0.035 0.002 0.000 0.000 
 149   (0.010) 0.009 0.000 0.000 0.009 0.001 0.000 0.000 
 177   (0.037) 0.038 0.002 0.001 0.006 0.009 0.018 0.001 
 155   (0.018) 0.017 0.003 0.000 0.002 0.003 0.000 0.000 
 175   (0.013) 0.010 0.000 0.000 0.018 0.001 0.000 0.000 
 169   (0.023) 0.021 0.001 0.001 0.052 0.001 0.003 0.000 
 159   (0.026) 0.024 0.001 0.001 0.003 0.036 0.001 0.014 

Locus 5 : 
16 alleles
0.0% missing data
 148   (0.085) 0.080 0.129 0.002 0.050 0.076 0.422 0.378 
 160   (0.029) 0.025 0.002 0.038 0.031 0.002 0.080 0.000 
 146   (0.153) 0.164 0.045 0.019 0.084 0.015 0.266 0.343 
 154   (0.072) 0.077 0.005 0.003 0.017 0.196 0.003 0.022 
 150   (0.082) 0.091 0.063 0.002 0.066 0.005 0.001 0.008 
 138   (0.097) 0.095 0.077 0.175 0.026 0.267 0.098 0.003 
 166   (0.027) 0.022 0.010 0.326 0.161 0.001 0.000 0.000 
 164   (0.022) 0.021 0.001 0.058 0.004 0.006 0.000 0.000 
 142   (0.029) 0.031 0.001 0.001 0.017 0.017 0.000 0.001 
 144   (0.128) 0.122 0.268 0.074 0.346 0.140 0.010 0.205 
 140   (0.062) 0.059 0.189 0.294 0.012 0.165 0.001 0.001 
 158   (0.050) 0.047 0.020 0.002 0.058 0.018 0.045 0.001 
 162   (0.039) 0.044 0.001 0.001 0.006 0.002 0.065 0.000 
 152   (0.081) 0.079 0.188 0.002 0.068 0.089 0.001 0.038 
 134   (0.018) 0.016 0.001 0.000 0.048 0.001 0.000 0.000 
 156   (0.026) 0.028 0.001 0.001 0.007 0.001 0.006 0.000 

Locus 6 : 
12 alleles
0.0% missing data
 225   (0.036) 0.033 0.002 0.001 0.004 0.026 0.114 0.200 
 239   (0.113) 0.110 0.078 0.207 0.067 0.028 0.032 0.498 
 229   (0.014) 0.011 0.003 0.000 0.002 0.001 0.350 0.000 
 235   (0.292) 0.304 0.307 0.010 0.122 0.438 0.393 0.258 
 237   (0.208) 0.216 0.280 0.016 0.216 0.233 0.005 0.032 
 233   (0.089) 0.084 0.266 0.295 0.062 0.019 0.042 0.008 
 227   (0.030) 0.027 0.001 0.315 0.394 0.002 0.000 0.000 
 245   (0.052) 0.050 0.024 0.002 0.055 0.090 0.001 0.001 
 241   (0.069) 0.068 0.002 0.151 0.033 0.059 0.060 0.001 
 231   (0.057) 0.061 0.002 0.002 0.035 0.063 0.001 0.001 
 243   (0.029) 0.026 0.035 0.001 0.010 0.041 0.000 0.000 
 251   (0.010) 0.010 0.000 0.000 0.001 0.001 0.000 0.000 

Locus 7 : 
7 alleles
0.0% missing data
 118   (0.853) 0.862 0.862 0.614 0.913 0.991 0.962 0.983 
 124   (0.028) 0.023 0.127 0.383 0.015 0.001 0.000 0.000 
 116   (0.030) 0.034 0.001 0.001 0.034 0.002 0.001 0.001 
 114   (0.045) 0.043 0.009 0.001 0.016 0.003 0.025 0.004 
 122   (0.016) 0.015 0.000 0.000 0.011 0.001 0.000 0.000 
 112   (0.017) 0.014 0.000 0.000 0.010 0.001 0.012 0.000 
 120   (0.011) 0.009 0.000 0.000 0.001 0.001 0.000 0.011 

Locus 8 : 
5 alleles
0.4% missing data
 135   (0.069) 0.070 0.106 0.002 0.007 0.023 0.012 0.005 
 139   (0.728) 0.734 0.795 0.931 0.748 0.674 0.907 0.968 
