

----------------------------------------------------
STRUCTURE by Pritchard, Stephens and Donnelly (2000)
     and Falush, Stephens and Pritchard (2003)
       Code by Pritchard, Falush and Hubisz
             Version 2.3.4 (Jul 2012)
----------------------------------------------------



Command line arguments:   bin\structure -m C:\Users\eschumacher\Documents\GitHub\GCC_QUAC_ZAIN\Data_Files\Structure_Files\ZAIN\ZAIN_rebinned_wild\50-50\mainparams -e C:\Users\eschumacher\Documents\GitHub\GCC_QUAC_ZAIN\Data_Files\Structure_Files\ZAIN\ZAIN_rebinned_wild\50-50\extraparams 
Input File:    C:\Users\eschumacher\Documents\GitHub\GCC_QUAC_ZAIN\Data_Files\Structure_Files\ZAIN\ZAIN_rebinned_wild\project_data

Run parameters:
   751 individuals
   11 loci
   16 populations assumed
   50000 Burn-in period
   50000 Reps


--------------------------------------------
Proportion of membership of each pre-defined
 population in each of the 16 clusters

Given    Inferred Clusters                                                                                                  Number of
 Pop       1      2      3      4      5      6      7      8      9     10     11     12     13     14     15     16      Individuals

  1:     0.005  0.009  0.860  0.008  0.012  0.004  0.006  0.005  0.004  0.023  0.004  0.018  0.011  0.008  0.005  0.015       35
  2:     0.016  0.008  0.006  0.018  0.006  0.020  0.292  0.103  0.133  0.005  0.014  0.008  0.005  0.289  0.073  0.004       36
  3:     0.008  0.012  0.004  0.009  0.006  0.021  0.535  0.077  0.135  0.005  0.022  0.005  0.006  0.134  0.019  0.004       33
  4:     0.836  0.007  0.006  0.036  0.006  0.009  0.017  0.007  0.007  0.007  0.009  0.008  0.010  0.007  0.011  0.017       40
  5:     0.006  0.006  0.004  0.006  0.005  0.007  0.006  0.027  0.007  0.004  0.877  0.003  0.003  0.009  0.028  0.003       39
  6:     0.018  0.054  0.043  0.013  0.093  0.012  0.023  0.019  0.013  0.017  0.013  0.598  0.018  0.027  0.013  0.026       40
  7:     0.021  0.045  0.023  0.050  0.579  0.022  0.012  0.010  0.009  0.048  0.010  0.071  0.055  0.008  0.011  0.027       37
  8:     0.006  0.006  0.005  0.006  0.003  0.016  0.260  0.046  0.040  0.003  0.011  0.004  0.005  0.560  0.027  0.003       40
  9:     0.005  0.006  0.787  0.040  0.007  0.003  0.005  0.005  0.004  0.004  0.012  0.010  0.075  0.005  0.005  0.025       28
 10:     0.019  0.005  0.004  0.906  0.004  0.006  0.008  0.006  0.005  0.006  0.005  0.004  0.005  0.006  0.007  0.005       14
 11:     0.006  0.013  0.009  0.020  0.020  0.005  0.008  0.012  0.007  0.818  0.028  0.007  0.015  0.010  0.011  0.010       13
 12:     0.008  0.005  0.003  0.005  0.003  0.005  0.007  0.016  0.005  0.002  0.013  0.003  0.004  0.009  0.908  0.002       14
 13:     0.007  0.006  0.003  0.008  0.005  0.020  0.092  0.013  0.773  0.007  0.007  0.005  0.005  0.023  0.024  0.004       25
 14:     0.008  0.006  0.005  0.005  0.005  0.883  0.023  0.009  0.010  0.006  0.005  0.005  0.005  0.013  0.008  0.004       40
 15:     0.692  0.017  0.026  0.027  0.009  0.007  0.019  0.031  0.013  0.009  0.016  0.023  0.010  0.024  0.069  0.008       32
 16:     0.003  0.003  0.003  0.003  0.004  0.003  0.003  0.003  0.003  0.956  0.003  0.003  0.003  0.003  0.002  0.004       20
 17:     0.007  0.148  0.459  0.012  0.041  0.005  0.009  0.006  0.007  0.003  0.004  0.213  0.018  0.016  0.014  0.039        4
 18:     0.009  0.010  0.139  0.009  0.008  0.007  0.037  0.007  0.011  0.004  0.005  0.400  0.260  0.027  0.008  0.060       23
 19:     0.006  0.007  0.015  0.006  0.008  0.004  0.005  0.004  0.004  0.004  0.004  0.009  0.904  0.005  0.004  0.011       39
 20:     0.004  0.005  0.013  0.010  0.007  0.003  0.004  0.004  0.004  0.007  0.004  0.005  0.011  0.005  0.004  0.910       38
 21:     0.008  0.011  0.004  0.007  0.006  0.046  0.031  0.632  0.020  0.005  0.107  0.005  0.004  0.034  0.075  0.004       45
 22:     0.011  0.007  0.005  0.021  0.010  0.018  0.178  0.348  0.088  0.013  0.104  0.005  0.005  0.095  0.087  0.004       28
 23:     0.008  0.006  0.332  0.005  0.023  0.005  0.006  0.004  0.006  0.012  0.007  0.046  0.520  0.007  0.007  0.006        6
 24:     0.006  0.845  0.014  0.010  0.018  0.013  0.006  0.011  0.006  0.004  0.011  0.014  0.019  0.006  0.008  0.009       40
 25:     0.009  0.020  0.016  0.020  0.759  0.010  0.008  0.016  0.008  0.039  0.009  0.034  0.010  0.007  0.014  0.022       42
--------------------------------------------

Allele-freq. divergence among pops (Net nucleotide distance),
computed using point estimates of P.

      1       2       3       4       5       6       7       8       9      10      11      12      13      14      15      16      
 1      -    0.1979  0.2275  0.2052  0.1651  0.2185  0.2292  0.2039  0.2259  0.3610  0.2093  0.1323  0.1920  0.2860  0.1696  0.2753  
 2   0.1979     -    0.2311  0.1913  0.1216  0.1933  0.1620  0.1408  0.2172  0.3818  0.2600  0.1245  0.2095  0.2286  0.1483  0.2429  
 3   0.2275  0.2311     -    0.2641  0.1386  0.3837  0.2673  0.2819  0.2827  0.3149  0.3034  0.0997  0.1052  0.2752  0.2680  0.1552  
 4   0.2052  0.1913  0.2641     -    0.1628  0.2885  0.2076  0.2154  0.2107  0.3281  0.2517  0.1907  0.2830  0.2725  0.1821  0.2424  
 5   0.1651  0.1216  0.1386  0.1628     -    0.2902  0.2123  0.1770  0.2175  0.1850  0.2087  0.0745  0.1255  0.2565  0.1869  0.1453  
 6   0.2185  0.1933  0.3837  0.2885  0.2902     -    0.1334  0.1391  0.1155  0.4710  0.3041  0.2083  0.3978  0.1720  0.1644  0.3651  
 7   0.2292  0.1620  0.2673  0.2076  0.2123  0.1334     -    0.0803  0.0802  0.3715  0.2804  0.1449  0.2789  0.0437  0.1014  0.2972  
 8   0.2039  0.1408  0.2819  0.2154  0.1770  0.1391  0.0803     -    0.1192  0.3657  0.1406  0.1665  0.3083  0.0827  0.0571  0.3169  
 9   0.2259  0.2172  0.2827  0.2107  0.2175  0.1155  0.0802  0.1192     -    0.4050  0.2460  0.1691  0.3017  0.1014  0.1349  0.3137  
10   0.3610  0.3818  0.3149  0.3281  0.1850  0.4710  0.3715  0.3657  0.4050     -    0.4623  0.2693  0.3709  0.4370  0.4372  0.2246  
11   0.2093  0.2600  0.3034  0.2517  0.2087  0.3041  0.2804  0.1406  0.2460  0.4623     -    0.2685  0.3139  0.2852  0.1747  0.3836  
12   0.1323  0.1245  0.0997  0.1907  0.0745  0.2083  0.1449  0.1665  0.1691  0.2693  0.2685     -    0.1183  0.1743  0.1536  0.1359  
13   0.1920  0.2095  0.1052  0.2830  0.1255  0.3978  0.2789  0.3083  0.3017  0.3709  0.3139  0.1183     -    0.3249  0.2650  0.1779  
14   0.2860  0.2286  0.2752  0.2725  0.2565  0.1720  0.0437  0.0827  0.1014  0.4370  0.2852  0.1743  0.3249     -    0.0953  0.3582  
15   0.1696  0.1483  0.2680  0.1821  0.1869  0.1644  0.1014  0.0571  0.1349  0.4372  0.1747  0.1536  0.2650  0.0953     -    0.3310  
16   0.2753  0.2429  0.1552  0.2424  0.1453  0.3651  0.2972  0.3169  0.3137  0.2246  0.3836  0.1359  0.1779  0.3582  0.3310     -    

Average distances (expected heterozygosity) between individuals in same cluster:
cluster  1  : 0.3803 
cluster  2  : 0.3832 
cluster  3  : 0.4651 
cluster  4  : 0.2391 
cluster  5  : 0.5278 
cluster  6  : 0.3557 
cluster  7  : 0.3788 
cluster  8  : 0.4179 
cluster  9  : 0.3950 
cluster 10  : 0.2458 
cluster 11  : 0.2159 
cluster 12  : 0.6093 
cluster 13  : 0.3057 
cluster 14  : 0.3083 
cluster 15  : 0.3739 
cluster 16  : 0.3740 

--------------------------------------------
Estimated Ln Prob of Data   = -12933.0
Mean value of ln likelihood = -12355.5
Variance of ln likelihood   = 1155.0
Mean value of alpha         = 0.0324

Mean value of Fst_1         = 0.4205
Mean value of Fst_2         = 0.4311
Mean value of Fst_3         = 0.4749
Mean value of Fst_4         = 0.6468
Mean value of Fst_5         = 0.1709
Mean value of Fst_6         = 0.4451
Mean value of Fst_7         = 0.3872
Mean value of Fst_8         = 0.4132
Mean value of Fst_9         = 0.3902
Mean value of Fst_10         = 0.6473
Mean value of Fst_11         = 0.6826
Mean value of Fst_12         = 0.1584
Mean value of Fst_13         = 0.5230
Mean value of Fst_14         = 0.5130
Mean value of Fst_15         = 0.5070
Mean value of Fst_16         = 0.5598


Inferred ancestry of individuals:
        Label (%Miss) Pop:  Inferred clusters
  1    ZFB01    (0)    1 :  0.004 0.003 0.943 0.002 0.003 0.002 0.003 0.003 0.003 0.005 0.003 0.004 0.009 0.004 0.003 0.006 
  2    ZFB02    (0)    1 :  0.012 0.005 0.805 0.007 0.006 0.003 0.005 0.003 0.003 0.013 0.002 0.030 0.013 0.003 0.003 0.088 
  3    ZFB03    (0)    1 :  0.006 0.008 0.852 0.005 0.015 0.002 0.008 0.013 0.004 0.003 0.017 0.016 0.020 0.013 0.010 0.007 
  4    ZFB04    (0)    1 :  0.006 0.003 0.880 0.008 0.005 0.002 0.005 0.003 0.003 0.012 0.002 0.016 0.007 0.004 0.003 0.041 
  5    ZFB05    (0)    1 :  0.008 0.025 0.688 0.040 0.040 0.010 0.004 0.006 0.003 0.086 0.009 0.008 0.011 0.002 0.003 0.057 
  6    ZFB06    (0)    1 :  0.007 0.021 0.769 0.020 0.038 0.011 0.004 0.006 0.003 0.067 0.009 0.008 0.009 0.002 0.003 0.025 
  7    ZFB07    (9)    1 :  0.004 0.015 0.784 0.006 0.046 0.007 0.006 0.006 0.004 0.010 0.005 0.014 0.075 0.008 0.004 0.006 
  8    ZFB08    (0)    1 :  0.006 0.025 0.838 0.010 0.005 0.007 0.008 0.006 0.009 0.002 0.005 0.013 0.030 0.011 0.011 0.012 
  9    ZFB09    (0)    1 :  0.004 0.004 0.947 0.003 0.004 0.002 0.003 0.002 0.003 0.003 0.003 0.006 0.007 0.003 0.003 0.004 
 10    ZFB10    (0)    1 :  0.004 0.004 0.879 0.006 0.003 0.005 0.014 0.007 0.007 0.004 0.002 0.014 0.004 0.031 0.008 0.007 
 11    ZFB11    (0)    1 :  0.004 0.003 0.933 0.005 0.003 0.003 0.004 0.003 0.004 0.012 0.002 0.006 0.005 0.006 0.003 0.005 
 12    ZFB12    (0)    1 :  0.004 0.019 0.869 0.003 0.010 0.003 0.007 0.008 0.004 0.020 0.005 0.013 0.005 0.005 0.002 0.022 
 13    ZFB13    (0)    1 :  0.004 0.010 0.854 0.013 0.006 0.007 0.011 0.007 0.011 0.003 0.004 0.025 0.007 0.013 0.010 0.015 
 14    ZFB14    (0)    1 :  0.005 0.003 0.937 0.005 0.004 0.003 0.004 0.003 0.004 0.003 0.003 0.008 0.006 0.006 0.003 0.005 
 15    ZFB15    (0)    1 :  0.003 0.004 0.944 0.003 0.003 0.002 0.003 0.002 0.002 0.005 0.002 0.005 0.007 0.003 0.002 0.010 
 16    ZFB16    (0)    1 :  0.003 0.008 0.896 0.011 0.005 0.004 0.007 0.005 0.006 0.005 0.002 0.010 0.005 0.009 0.007 0.018 
 17    ZFB17    (0)    1 :  0.012 0.026 0.834 0.027 0.007 0.008 0.012 0.007 0.004 0.019 0.002 0.016 0.006 0.006 0.006 0.009 
 18    ZFB18    (0)    1 :  0.004 0.003 0.950 0.003 0.003 0.002 0.003 0.002 0.003 0.003 0.002 0.007 0.005 0.004 0.003 0.003 
 19    ZFB19    (0)    1 :  0.004 0.031 0.435 0.005 0.036 0.009 0.027 0.016 0.010 0.006 0.006 0.297 0.033 0.060 0.017 0.009 
 20    ZFB20    (0)    1 :  0.003 0.009 0.859 0.019 0.006 0.005 0.009 0.005 0.005 0.015 0.002 0.013 0.005 0.007 0.006 0.033 
 21    ZFB21    (0)    1 :  0.003 0.003 0.946 0.003 0.006 0.002 0.002 0.002 0.003 0.006 0.003 0.003 0.006 0.003 0.003 0.007 
 22    ZFB22    (0)    1 :  0.007 0.008 0.870 0.005 0.006 0.008 0.008 0.009 0.004 0.020 0.002 0.010 0.005 0.008 0.006 0.025 
 23    ZFB23    (0)    1 :  0.004 0.003 0.933 0.006 0.004 0.002 0.004 0.003 0.004 0.014 0.003 0.005 0.003 0.005 0.003 0.005 
 24    ZFB24    (0)    1 :  0.003 0.003 0.925 0.006 0.003 0.002 0.004 0.003 0.004 0.017 0.002 0.005 0.005 0.004 0.002 0.010 
 25    ZFB25    (0)    1 :  0.004 0.002 0.931 0.003 0.003 0.003 0.008 0.005 0.004 0.005 0.003 0.003 0.003 0.015 0.005 0.003 
 26    ZFB26    (0)    1 :  0.004 0.003 0.902 0.010 0.005 0.003 0.006 0.005 0.006 0.026 0.003 0.004 0.004 0.009 0.004 0.007 
 27    ZFB27    (0)    1 :  0.004 0.002 0.897 0.003 0.004 0.002 0.004 0.003 0.004 0.052 0.002 0.004 0.005 0.005 0.003 0.007 
 28    ZFB28    (0)    1 :  0.008 0.010 0.768 0.010 0.023 0.002 0.007 0.005 0.004 0.121 0.004 0.013 0.004 0.005 0.003 0.012 
 29    ZFB29    (0)    1 :  0.005 0.003 0.934 0.007 0.004 0.002 0.003 0.002 0.003 0.008 0.002 0.009 0.004 0.003 0.002 0.009 
 30    ZFB30    (0)    1 :  0.003 0.017 0.639 0.004 0.081 0.014 0.004 0.006 0.004 0.176 0.006 0.007 0.025 0.004 0.003 0.007 
 31    ZFB31    (0)    1 :  0.004 0.003 0.915 0.003 0.004 0.003 0.007 0.004 0.006 0.006 0.003 0.010 0.006 0.016 0.005 0.004 
 32    ZFB32    (0)    1 :  0.021 0.033 0.757 0.021 0.022 0.004 0.015 0.008 0.007 0.058 0.006 0.014 0.008 0.007 0.005 0.017 
 33    ZFB33    (0)    1 :  0.003 0.003 0.950 0.003 0.004 0.002 0.003 0.002 0.002 0.004 0.002 0.004 0.005 0.003 0.002 0.008 
 34    ZFB34    (0)    1 :  0.006 0.004 0.928 0.003 0.004 0.003 0.003 0.003 0.003 0.003 0.003 0.006 0.018 0.004 0.004 0.005 
 35    ZFB35    (0)    1 :  0.005 0.004 0.922 0.006 0.004 0.003 0.006 0.004 0.004 0.005 0.004 0.004 0.012 0.005 0.004 0.009 
 36  ZFBP101    (0)    2 :  0.043 0.010 0.010 0.086 0.006 0.043 0.238 0.137 0.042 0.003 0.016 0.011 0.004 0.105 0.238 0.008 
 37  ZFBP102    (0)    2 :  0.008 0.007 0.011 0.026 0.009 0.015 0.360 0.107 0.099 0.003 0.004 0.013 0.005 0.118 0.202 0.013 
 38  ZFBP103    (0)    2 :  0.072 0.005 0.007 0.037 0.005 0.011 0.064 0.185 0.010 0.003 0.021 0.011 0.003 0.129 0.430 0.008 
 39  ZFBP104    (0)    2 :  0.004 0.027 0.016 0.005 0.012 0.009 0.031 0.225 0.022 0.003 0.009 0.016 0.020 0.560 0.032 0.009 
 40  ZFBP105    (0)    2 :  0.006 0.011 0.007 0.008 0.008 0.006 0.135 0.102 0.375 0.005 0.018 0.008 0.006 0.284 0.017 0.005 
 41  ZFBP106    (0)    2 :  0.007 0.004 0.003 0.014 0.004 0.012 0.228 0.045 0.074 0.003 0.019 0.003 0.003 0.522 0.055 0.003 
 42  ZFBP107    (0)    2 :  0.007 0.010 0.008 0.053 0.022 0.004 0.030 0.185 0.133 0.036 0.017 0.006 0.005 0.453 0.025 0.007 
 43  ZFBP108    (0)    2 :  0.003 0.003 0.003 0.004 0.003 0.006 0.236 0.014 0.044 0.003 0.007 0.003 0.003 0.660 0.005 0.003 
 44  ZFBP109    (0)    2 :  0.004 0.004 0.003 0.003 0.003 0.005 0.466 0.017 0.211 0.002 0.005 0.005 0.010 0.083 0.175 0.002 
 45  ZFBP110    (0)    2 :  0.021 0.009 0.048 0.035 0.018 0.005 0.384 0.211 0.045 0.003 0.074 0.047 0.010 0.045 0.038 0.008 
 46  ZFBP111    (0)    2 :  0.004 0.013 0.002 0.005 0.004 0.109 0.313 0.342 0.040 0.004 0.011 0.003 0.003 0.129 0.017 0.003 
 47  ZFBP112    (0)    2 :  0.009 0.006 0.003 0.011 0.004 0.034 0.835 0.011 0.020 0.004 0.009 0.004 0.004 0.032 0.011 0.004 
 48  ZFBP113    (0)    2 :  0.003 0.006 0.003 0.004 0.004 0.004 0.370 0.011 0.006 0.004 0.003 0.004 0.003 0.567 0.006 0.003 
 49  ZFBP114    (0)    2 :  0.004 0.003 0.003 0.013 0.006 0.005 0.060 0.034 0.648 0.006 0.004 0.003 0.004 0.051 0.150 0.003 
 50  ZFBP115    (0)    2 :  0.011 0.007 0.002 0.012 0.003 0.016 0.035 0.769 0.042 0.003 0.023 0.003 0.002 0.022 0.045 0.003 
 51  ZFBP116    (0)    2 :  0.004 0.009 0.003 0.005 0.005 0.006 0.310 0.030 0.012 0.005 0.006 0.004 0.002 0.585 0.012 0.003 
 52  ZFBP117    (0)    2 :  0.013 0.005 0.003 0.007 0.005 0.010 0.165 0.026 0.238 0.003 0.009 0.007 0.004 0.483 0.020 0.002 
 53  ZFBP118    (0)    2 :  0.004 0.004 0.004 0.020 0.008 0.011 0.067 0.033 0.351 0.016 0.004 0.003 0.003 0.372 0.097 0.004 
 54  ZFBP119    (0)    2 :  0.023 0.023 0.003 0.014 0.005 0.020 0.035 0.196 0.487 0.002 0.015 0.007 0.005 0.048 0.114 0.003 
 55  ZFBP120    (0)    2 :  0.005 0.013 0.007 0.007 0.008 0.005 0.145 0.136 0.203 0.005 0.018 0.006 0.007 0.408 0.022 0.005 
 56  ZFBP121    (0)    2 :  0.009 0.005 0.005 0.010 0.004 0.005 0.364 0.013 0.326 0.003 0.009 0.007 0.007 0.199 0.030 0.003 
 57  ZFBP122    (9)    2 :  0.004 0.007 0.003 0.006 0.004 0.011 0.571 0.028 0.023 0.003 0.007 0.004 0.003 0.308 0.016 0.003 
 58  ZFBP123    (0)    2 :  0.006 0.007 0.003 0.020 0.003 0.009 0.881 0.010 0.009 0.004 0.005 0.004 0.004 0.021 0.010 0.003 
 59  ZFBP124    (0)    2 :  0.006 0.005 0.006 0.011 0.004 0.005 0.394 0.012 0.294 0.005 0.005 0.005 0.018 0.137 0.087 0.004 
 60  ZFBP125    (0)    2 :  0.008 0.004 0.002 0.007 0.003 0.018 0.045 0.039 0.142 0.003 0.009 0.003 0.002 0.691 0.023 0.002 
 61  ZFBP126    (0)    2 :  0.013 0.011 0.007 0.018 0.012 0.006 0.405 0.020 0.008 0.003 0.003 0.023 0.004 0.439 0.015 0.012 
 62  ZFBP127    (0)    2 :  0.013 0.003 0.003 0.007 0.004 0.005 0.467 0.114 0.096 0.003 0.064 0.003 0.004 0.084 0.126 0.003 
 63  ZFBP128    (0)    2 :  0.021 0.004 0.003 0.008 0.002 0.037 0.088 0.011 0.011 0.002 0.018 0.004 0.004 0.755 0.030 0.003 
 64  ZFBP129    (0)    2 :  0.012 0.006 0.004 0.010 0.005 0.138 0.217 0.008 0.274 0.003 0.008 0.009 0.009 0.282 0.012 0.003 
 65  ZFBP130    (0)    2 :  0.035 0.010 0.002 0.011 0.003 0.068 0.140 0.043 0.094 0.004 0.012 0.004 0.002 0.535 0.033 0.002 
 66  ZFBP131    (0)    2 :  0.003 0.004 0.003 0.003 0.004 0.004 0.448 0.005 0.073 0.003 0.003 0.005 0.004 0.431 0.004 0.003 
 67  ZFBP132    (0)    2 :  0.004 0.003 0.005 0.004 0.004 0.004 0.410 0.035 0.229 0.004 0.021 0.004 0.003 0.259 0.009 0.002 
 68  ZFBP133    (0)    2 :  0.006 0.005 0.002 0.003 0.002 0.028 0.742 0.007 0.007 0.002 0.003 0.004 0.003 0.177 0.007 0.002 
 69  ZFBP134    (0)    2 :  0.016 0.010 0.004 0.003 0.003 0.011 0.182 0.493 0.016 0.004 0.010 0.005 0.004 0.063 0.174 0.003 
 70  ZFBP135    (0)    2 :  0.139 0.006 0.012 0.057 0.005 0.012 0.124 0.018 0.037 0.002 0.019 0.029 0.005 0.334 0.195 0.007 
 71  ZFBP136    (0)    2 :  0.033 0.007 0.003 0.103 0.004 0.030 0.519 0.044 0.031 0.008 0.017 0.005 0.003 0.049 0.140 0.004 
 72  ZFBP201    (0)    3 :  0.004 0.004 0.004 0.004 0.004 0.003 0.920 0.008 0.006 0.005 0.006 0.004 0.004 0.016 0.004 0.003 
 73  ZFBP202    (0)    3 :  0.005 0.007 0.005 0.006 0.006 0.012 0.354 0.046 0.121 0.003 0.015 0.005 0.009 0.386 0.016 0.003 
 74  ZFBP203    (0)    3 :  0.004 0.018 0.006 0.007 0.021 0.011 0.779 0.014 0.010 0.039 0.005 0.010 0.004 0.046 0.007 0.019 
 75  ZFBP204    (0)    3 :  0.013 0.012 0.004 0.047 0.005 0.030 0.199 0.179 0.319 0.006 0.024 0.007 0.005 0.092 0.054 0.004 
 76  ZFBP205    (0)    3 :  0.006 0.004 0.002 0.007 0.003 0.007 0.785 0.030 0.123 0.004 0.002 0.004 0.003 0.011 0.006 0.003 
 77  ZFBP206    (0)    3 :  0.005 0.007 0.003 0.012 0.003 0.011 0.906 0.006 0.007 0.004 0.004 0.004 0.005 0.013 0.006 0.004 
 78  ZFBP207    (0)    3 :  0.014 0.005 0.004 0.009 0.004 0.008 0.045 0.192 0.576 0.005 0.102 0.008 0.005 0.008 0.010 0.003 
 79  ZFBP208    (0)    3 :  0.003 0.008 0.002 0.007 0.004 0.004 0.926 0.006 0.006 0.006 0.003 0.003 0.003 0.008 0.004 0.005 
 80  ZFBP209    (0)    3 :  0.009 0.005 0.002 0.003 0.002 0.062 0.756 0.008 0.057 0.002 0.003 0.004 0.003 0.068 0.014 0.002 
 81  ZFBP210    (0)    3 :  0.003 0.006 0.003 0.004 0.003 0.005 0.927 0.008 0.006 0.005 0.006 0.003 0.003 0.008 0.004 0.004 
 82  ZFBP211    (0)    3 :  0.005 0.005 0.008 0.008 0.004 0.004 0.111 0.011 0.606 0.003 0.010 0.004 0.007 0.197 0.015 0.004 
 83  ZFBP212    (0)    3 :  0.003 0.004 0.009 0.003 0.004 0.005 0.242 0.208 0.062 0.003 0.055 0.003 0.004 0.383 0.009 0.003 
 84  ZFBP213    (0)    3 :  0.008 0.011 0.004 0.021 0.005 0.006 0.854 0.008 0.014 0.003 0.012 0.005 0.011 0.023 0.012 0.004 
 85  ZFBP214    (0)    3 :  0.029 0.025 0.005 0.013 0.006 0.022 0.805 0.016 0.010 0.003 0.024 0.008 0.010 0.010 0.012 0.003 
 86  ZFBP215    (0)    3 :  0.005 0.004 0.003 0.005 0.003 0.007 0.572 0.008 0.017 0.002 0.006 0.004 0.004 0.345 0.012 0.003 
 87  ZFBP216    (0)    3 :  0.005 0.022 0.005 0.006 0.008 0.005 0.726 0.050 0.039 0.006 0.006 0.006 0.005 0.093 0.013 0.005 
 88  ZFBP217    (0)    3 :  0.006 0.020 0.004 0.004 0.007 0.067 0.739 0.069 0.016 0.004 0.030 0.005 0.005 0.015 0.007 0.002 
 89  ZFBP218    (0)    3 :  0.004 0.007 0.002 0.002 0.003 0.016 0.492 0.024 0.254 0.003 0.004 0.004 0.009 0.162 0.013 0.003 
 90  ZFBP219    (0)    3 :  0.003 0.005 0.002 0.003 0.004 0.004 0.517 0.009 0.007 0.004 0.003 0.003 0.003 0.425 0.005 0.003 
 91  ZFBP220    (0)    3 :  0.019 0.006 0.002 0.007 0.003 0.039 0.576 0.065 0.026 0.003 0.017 0.004 0.002 0.196 0.030 0.003 
 92  ZFBP221    (0)    3 :  0.004 0.006 0.004 0.003 0.003 0.009 0.197 0.398 0.204 0.004 0.009 0.004 0.009 0.107 0.037 0.003 
 93  ZFBP222    (0)    3 :  0.005 0.005 0.003 0.004 0.004 0.005 0.911 0.004 0.008 0.003 0.003 0.005 0.004 0.028 0.005 0.004 
 94  ZFBP223    (0)    3 :  0.009 0.005 0.007 0.008 0.007 0.009 0.393 0.171 0.094 0.005 0.218 0.006 0.006 0.049 0.010 0.004 
 95  ZFBP224    (0)    3 :  0.005 0.006 0.003 0.010 0.005 0.004 0.902 0.011 0.009 0.004 0.006 0.004 0.006 0.018 0.007 0.003 
 96  ZFBP225    (0)    3 :  0.012 0.013 0.003 0.011 0.006 0.220 0.220 0.336 0.021 0.009 0.022 0.005 0.003 0.102 0.013 0.004 
 97  ZFBP226    (0)    3 :  0.003 0.005 0.003 0.004 0.004 0.004 0.611 0.013 0.067 0.004 0.004 0.003 0.003 0.260 0.006 0.004 
 98  ZFBP227    (0)    3 :  0.006 0.128 0.009 0.012 0.025 0.006 0.306 0.206 0.048 0.004 0.009 0.016 0.018 0.164 0.034 0.010 
 99  ZFBP228    (0)    3 :  0.019 0.004 0.005 0.005 0.004 0.008 0.108 0.223 0.229 0.002 0.074 0.005 0.005 0.204 0.101 0.003 
100  ZFBP229    (0)    3 :  0.007 0.007 0.002 0.003 0.004 0.031 0.254 0.059 0.082 0.003 0.006 0.005 0.003 0.520 0.010 0.003 
101  ZFBP230    (0)    3 :  0.025 0.009 0.003 0.009 0.004 0.028 0.642 0.096 0.049 0.004 0.012 0.006 0.003 0.059 0.047 0.003 
102  ZFBP231    (0)    3 :  0.005 0.010 0.007 0.022 0.007 0.005 0.069 0.019 0.742 0.005 0.008 0.006 0.009 0.053 0.028 0.006 
103  ZFBP232    (0)    3 :  0.004 0.004 0.003 0.006 0.003 0.008 0.182 0.012 0.461 0.003 0.004 0.004 0.003 0.290 0.011 0.003 
104  ZFBP233    (0)    3 :  0.004 0.012 0.007 0.008 0.004 0.022 0.616 0.031 0.157 0.003 0.007 0.005 0.009 0.058 0.052 0.003 
105   ZFCC01    (0)    4 :  0.917 0.005 0.005 0.008 0.004 0.004 0.005 0.003 0.003 0.004 0.005 0.004 0.018 0.003 0.004 0.007 
106   ZFCC03    (0)    4 :  0.939 0.003 0.003 0.005 0.003 0.004 0.004 0.003 0.003 0.003 0.008 0.004 0.007 0.004 0.004 0.003 
107   ZFCC04    (0)    4 :  0.925 0.005 0.004 0.014 0.004 0.006 0.005 0.003 0.003 0.004 0.006 0.004 0.006 0.003 0.004 0.004 
108   ZFCC05    (0)    4 :  0.845 0.010 0.006 0.045 0.008 0.007 0.010 0.007 0.004 0.005 0.019 0.005 0.011 0.005 0.007 0.006 
109   ZFCC08    (0)    4 :  0.857 0.009 0.002 0.010 0.003 0.021 0.014 0.007 0.014 0.002 0.006 0.005 0.010 0.008 0.029 0.003 
110   ZFCC09    (0)    4 :  0.931 0.003 0.003 0.006 0.003 0.003 0.003 0.003 0.006 0.003 0.009 0.003 0.012 0.003 0.006 0.004 
111   ZFCC10    (0)    4 :  0.904 0.003 0.004 0.009 0.004 0.003 0.005 0.002 0.005 0.003 0.004 0.004 0.038 0.003 0.005 0.004 
112   ZFCC11    (0)    4 :  0.919 0.005 0.004 0.008 0.004 0.004 0.007 0.004 0.004 0.004 0.010 0.004 0.011 0.004 0.004 0.004 
113   ZFCC12    (0)    4 :  0.717 0.009 0.007 0.034 0.013 0.005 0.008 0.007 0.004 0.005 0.008 0.022 0.019 0.006 0.011 0.126 
114   ZFCC13    (0)    4 :  0.881 0.011 0.004 0.008 0.006 0.007 0.013 0.013 0.005 0.012 0.009 0.004 0.004 0.009 0.010 0.005 
115   ZFCC14    (0)    4 :  0.882 0.004 0.009 0.023 0.005 0.007 0.011 0.004 0.008 0.006 0.005 0.011 0.008 0.009 0.004 0.004 
116   ZFCC15    (0)    4 :  0.931 0.008 0.003 0.005 0.005 0.004 0.004 0.004 0.003 0.004 0.004 0.005 0.005 0.003 0.004 0.005 
117   ZFCC16    (0)    4 :  0.928 0.006 0.004 0.014 0.003 0.004 0.004 0.003 0.003 0.003 0.004 0.005 0.005 0.003 0.004 0.006 
118   ZFCC17    (0)    4 :  0.888 0.004 0.005 0.042 0.006 0.003 0.003 0.003 0.004 0.008 0.006 0.004 0.006 0.002 0.004 0.011 
119   ZFCC18    (0)    4 :  0.924 0.005 0.004 0.007 0.003 0.005 0.005 0.004 0.004 0.004 0.008 0.004 0.010 0.003 0.004 0.005 
120   ZFCC19    (0)    4 :  0.931 0.007 0.005 0.008 0.005 0.003 0.003 0.003 0.003 0.008 0.003 0.006 0.003 0.002 0.003 0.006 
121   ZFCC20    (0)    4 :  0.923 0.008 0.004 0.011 0.004 0.005 0.004 0.006 0.003 0.003 0.008 0.004 0.004 0.003 0.006 0.005 
122   ZFCC21    (0)    4 :  0.672 0.039 0.006 0.013 0.005 0.025 0.118 0.019 0.008 0.007 0.003 0.038 0.006 0.022 0.014 0.005 
123   ZFCC22    (0)    4 :  0.456 0.011 0.003 0.010 0.004 0.045 0.195 0.036 0.027 0.007 0.006 0.006 0.022 0.042 0.126 0.004 
124   ZFCC26    (0)    4 :  0.939 0.004 0.004 0.008 0.003 0.003 0.003 0.003 0.003 0.003 0.004 0.004 0.005 0.003 0.004 0.005 
125   ZFCC27    (0)    4 :  0.944 0.003 0.003 0.005 0.003 0.004 0.003 0.003 0.003 0.003 0.007 0.003 0.004 0.003 0.004 0.003 
126   ZFCC29    (0)    4 :  0.903 0.010 0.008 0.018 0.005 0.005 0.005 0.005 0.004 0.003 0.005 0.006 0.006 0.003 0.005 0.007 
127   ZFCC30    (0)    4 :  0.934 0.004 0.003 0.007 0.004 0.005 0.003 0.004 0.004 0.003 0.012 0.003 0.003 0.003 0.005 0.003 
128   ZFCC32    (0)    4 :  0.906 0.012 0.004 0.010 0.006 0.006 0.004 0.005 0.005 0.006 0.005 0.004 0.008 0.003 0.007 0.009 
129   ZFCC33    (0)    4 :  0.594 0.005 0.009 0.328 0.007 0.004 0.004 0.004 0.004 0.004 0.008 0.007 0.007 0.004 0.005 0.004 
130   ZFCC34    (0)    4 :  0.541 0.007 0.022 0.046 0.006 0.019 0.057 0.027 0.065 0.008 0.057 0.008 0.024 0.045 0.040 0.028 
131   ZFCC35    (0)    4 :  0.945 0.003 0.002 0.006 0.003 0.004 0.003 0.003 0.005 0.004 0.003 0.003 0.004 0.002 0.005 0.002 
132   ZFCC36    (0)    4 :  0.870 0.019 0.004 0.011 0.006 0.009 0.016 0.010 0.005 0.017 0.004 0.005 0.005 0.007 0.007 0.007 
133   ZFCC37    (0)    4 :  0.707 0.012 0.007 0.034 0.014 0.007 0.015 0.010 0.006 0.004 0.007 0.032 0.027 0.008 0.014 0.096 
134   ZFCC40    (0)    4 :  0.916 0.003 0.004 0.014 0.004 0.003 0.008 0.003 0.004 0.012 0.003 0.004 0.008 0.005 0.004 0.004 
135   ZFCC42    (0)    4 :  0.061 0.005 0.041 0.509 0.023 0.006 0.007 0.012 0.005 0.067 0.047 0.021 0.007 0.003 0.005 0.181 
136   ZFCC44    (0)    4 :  0.931 0.002 0.003 0.016 0.004 0.003 0.002 0.003 0.003 0.007 0.010 0.003 0.003 0.003 0.004 0.003 
137   ZFCC45    (9)    4 :  0.818 0.009 0.008 0.051 0.019 0.004 0.007 0.005 0.004 0.017 0.010 0.009 0.019 0.005 0.005 0.013 
138   ZFCC46    (0)    4 :  0.819 0.007 0.004 0.017 0.003 0.042 0.016 0.020 0.011 0.005 0.010 0.005 0.003 0.011 0.026 0.004 
139   ZFCC47    (0)    4 :  0.843 0.006 0.005 0.007 0.005 0.007 0.005 0.005 0.007 0.003 0.006 0.008 0.024 0.003 0.011 0.055 
140   ZFCC48    (0)    4 :  0.756 0.012 0.004 0.016 0.003 0.038 0.077 0.011 0.010 0.004 0.003 0.019 0.005 0.020 0.016 0.004 
141   ZFCC50    (0)    4 :  0.941 0.004 0.004 0.009 0.004 0.003 0.003 0.003 0.003 0.004 0.003 0.004 0.005 0.002 0.003 0.005 
142   ZFCC51    (0)    4 :  0.944 0.003 0.003 0.004 0.003 0.003 0.003 0.003 0.003 0.002 0.009 0.003 0.005 0.003 0.004 0.003 
143   ZFCC52    (0)    4 :  0.819 0.008 0.004 0.044 0.004 0.015 0.024 0.009 0.013 0.008 0.006 0.005 0.005 0.014 0.015 0.008 
144   ZFCC53    (0)    4 :  0.948 0.003 0.004 0.005 0.003 0.003 0.003 0.003 0.003 0.003 0.006 0.003 0.004 0.003 0.004 0.003 
145  ZFCNS01    (0)    5 :  0.006 0.042 0.002 0.003 0.031 0.003 0.006 0.067 0.003 0.024 0.786 0.006 0.003 0.005 0.005 0.009 
146  ZFCNS02    (0)    5 :  0.005 0.003 0.002 0.004 0.003 0.004 0.003 0.005 0.005 0.002 0.950 0.002 0.003 0.003 0.004 0.002 
147  ZFCNS05    (0)    5 :  0.006 0.006 0.005 0.006 0.003 0.005 0.007 0.007 0.006 0.002 0.917 0.003 0.006 0.007 0.009 0.003 
148  ZFCNS06    (0)    5 :  0.005 0.003 0.003 0.003 0.003 0.004 0.004 0.004 0.004 0.002 0.949 0.002 0.003 0.004 0.004 0.002 
149  ZFCNS07    (0)    5 :  0.003 0.003 0.003 0.003 0.003 0.009 0.005 0.007 0.012 0.002 0.934 0.003 0.003 0.005 0.003 0.003 
150  ZFCNS10    (0)    5 :  0.005 0.003 0.003 0.003 0.003 0.005 0.008 0.040 0.007 0.005 0.891 0.003 0.003 0.010 0.009 0.002 
151  ZFCNS11    (0)    5 :  0.007 0.019 0.002 0.003 0.012 0.004 0.006 0.021 0.004 0.011 0.887 0.005 0.003 0.004 0.004 0.006 
152  ZFCNS15    (0)    5 :  0.003 0.004 0.004 0.006 0.003 0.007 0.010 0.031 0.014 0.002 0.851 0.004 0.003 0.037 0.018 0.003 
153  ZFCNS17    (0)    5 :  0.005 0.003 0.002 0.004 0.003 0.004 0.004 0.004 0.005 0.002 0.949 0.002 0.003 0.004 0.004 0.002 
154  ZFCNS18    (0)    5 :  0.005 0.002 0.003 0.003 0.003 0.004 0.008 0.026 0.006 0.005 0.901 0.002 0.003 0.012 0.013 0.002 
155  ZFCNS19    (0)    5 :  0.004 0.003 0.003 0.003 0.003 0.003 0.003 0.004 0.002 0.002 0.955 0.002 0.003 0.003 0.004 0.002 
156  ZFCNS20    (0)    5 :  0.005 0.004 0.003 0.008 0.003 0.015 0.010 0.015 0.014 0.003 0.887 0.003 0.003 0.014 0.011 0.003 
157  ZFCNS21    (0)    5 :  0.004 0.003 0.002 0.004 0.003 0.003 0.003 0.005 0.003 0.002 0.953 0.002 0.003 0.003 0.006 0.002 
158  ZFCNS22    (0)    5 :  0.005 0.005 0.006 0.005 0.004 0.005 0.009 0.012 0.009 0.002 0.904 0.004 0.005 0.013 0.009 0.003 
159  ZFCNS23    (0)    5 :  0.013 0.010 0.004 0.023 0.007 0.010 0.007 0.006 0.004 0.011 0.880 0.005 0.005 0.003 0.004 0.008 
160  ZFCNS24    (0)    5 :  0.007 0.004 0.002 0.010 0.003 0.007 0.006 0.008 0.008 0.002 0.912 0.003 0.003 0.006 0.015 0.003 
161  ZFCNS25    (0)    5 :  0.006 0.004 0.002 0.009 0.003 0.009 0.008 0.013 0.018 0.002 0.896 0.003 0.003 0.009 0.011 0.003 
162  ZFCNS26    (0)    5 :  0.003 0.003 0.003 0.003 0.003 0.004 0.003 0.007 0.004 0.002 0.946 0.003 0.003 0.006 0.005 0.002 
163  ZFCNS27    (0)    5 :  0.003 0.004 0.003 0.007 0.004 0.009 0.010 0.081 0.024 0.002 0.800 0.004 0.003 0.033 0.011 0.003 
164  ZFCNS28    (0)    5 :  0.004 0.003 0.004 0.003 0.003 0.004 0.004 0.004 0.004 0.002 0.948 0.002 0.003 0.004 0.005 0.002 
165  ZFCNS29    (0)    5 :  0.007 0.005 0.004 0.007 0.004 0.004 0.008 0.008 0.008 0.002 0.917 0.003 0.004 0.007 0.009 0.003 
166  ZFCNS30    (0)    5 :  0.006 0.005 0.004 0.007 0.003 0.003 0.005 0.006 0.004 0.002 0.929 0.003 0.005 0.005 0.010 0.003 
167  ZFCNS31    (0)    5 :  0.003 0.003 0.003 0.003 0.003 0.004 0.003 0.006 0.004 0.002 0.949 0.002 0.003 0.004 0.004 0.002 
168  ZFCNS32    (0)    5 :  0.004 0.005 0.003 0.006 0.003 0.007 0.005 0.011 0.007 0.002 0.913 0.003 0.003 0.008 0.016 0.003 
169  ZFCNS33    (0)    5 :  0.003 0.003 0.003 0.003 0.002 0.004 0.003 0.006 0.004 0.002 0.953 0.002 0.003 0.003 0.004 0.002 
170  ZFCNS34    (0)    5 :  0.011 0.005 0.004 0.006 0.003 0.004 0.005 0.006 0.006 0.002 0.924 0.003 0.005 0.004 0.008 0.003 
171  ZFCNS35    (0)    5 :  0.006 0.003 0.015 0.003 0.003 0.004 0.009 0.016 0.011 0.002 0.877 0.008 0.008 0.012 0.019 0.002 
172  ZFCNS36    (0)    5 :  0.010 0.005 0.002 0.011 0.003 0.010 0.007 0.007 0.008 0.002 0.909 0.003 0.003 0.005 0.013 0.003 
173  ZFCNS37    (0)    5 :  0.005 0.004 0.003 0.006 0.008 0.006 0.004 0.050 0.004 0.002 0.731 0.003 0.004 0.005 0.162 0.003 
174  ZFCNS39    (0)    5 :  0.014 0.012 0.002 0.006 0.005 0.020 0.008 0.031 0.006 0.004 0.863 0.005 0.003 0.006 0.013 0.002 
175  ZFCNS40    (0)    5 :  0.019 0.007 0.002 0.011 0.004 0.067 0.007 0.043 0.010 0.003 0.561 0.003 0.003 0.004 0.254 0.003 
176  ZFCNS41    (0)    5 :  0.016 0.020 0.005 0.010 0.013 0.006 0.017 0.245 0.011 0.007 0.280 0.008 0.005 0.010 0.342 0.006 
177  ZFCNS42    (0)    5 :  0.003 0.003 0.003 0.004 0.003 0.003 0.003 0.010 0.004 0.002 0.946 0.002 0.003 0.005 0.005 0.002 
178  ZFCNS43    (0)    5 :  0.004 0.003 0.002 0.003 0.003 0.003 0.003 0.005 0.003 0.002 0.953 0.002 0.003 0.003 0.005 0.002 
179  ZFCNS44    (0)    5 :  0.005 0.003 0.003 0.004 0.003 0.003 0.008 0.019 0.005 0.005 0.903 0.002 0.002 0.013 0.020 0.002 
180  ZFCNS46    (0)    5 :  0.005 0.005 0.003 0.007 0.004 0.004 0.006 0.011 0.005 0.002 0.922 0.004 0.004 0.007 0.009 0.003 
181  ZFCNS47    (0)    5 :  0.004 0.003 0.003 0.003 0.003 0.003 0.003 0.005 0.003 0.002 0.954 0.002 0.003 0.003 0.005 0.002 
182  ZFCNS48    (0)    5 :  0.006 0.005 0.005 0.005 0.004 0.006 0.015 0.073 0.008 0.005 0.826 0.003 0.004 0.017 0.016 0.003 
183  ZFCNS49    (0)    5 :  0.003 0.003 0.005 0.003 0.003 0.004 0.009 0.111 0.007 0.004 0.801 0.003 0.003 0.030 0.010 0.002 
184   ZFCR01    (0)    6 :  0.007 0.004 0.008 0.003 0.080 0.007 0.016 0.004 0.007 0.006 0.003 0.804 0.026 0.008 0.003 0.015 
185   ZFCR02    (0)    6 :  0.020 0.005 0.016 0.010 0.009 0.010 0.014 0.004 0.021 0.009 0.005 0.857 0.005 0.005 0.004 0.007 
186   ZFCR03    (0)    6 :  0.015 0.015 0.026 0.058 0.012 0.009 0.024 0.005 0.012 0.028 0.003 0.736 0.011 0.009 0.005 0.033 
187   ZFCR04    (0)    6 :  0.016 0.011 0.160 0.005 0.051 0.017 0.009 0.028 0.011 0.021 0.009 0.556 0.063 0.019 0.009 0.015 
188   ZFCR05    (0)    6 :  0.010 0.012 0.008 0.004 0.017 0.004 0.004 0.004 0.003 0.007 0.003 0.893 0.018 0.003 0.003 0.008 
189   ZFCR06    (0)    6 :  0.014 0.005 0.018 0.006 0.018 0.009 0.013 0.034 0.028 0.003 0.067 0.742 0.011 0.018 0.005 0.007 
190   ZFCR07    (0)    6 :  0.015 0.105 0.050 0.056 0.143 0.004 0.014 0.048 0.005 0.008 0.070 0.414 0.012 0.011 0.028 0.019 
191   ZFCR08    (0)    6 :  0.073 0.006 0.021 0.036 0.385 0.046 0.035 0.013 0.007 0.031 0.004 0.154 0.107 0.026 0.016 0.039 
192   ZFCR09    (0)    6 :  0.018 0.017 0.076 0.022 0.028 0.013 0.078 0.053 0.047 0.061 0.017 0.298 0.014 0.024 0.022 0.213 
193   ZFCR11    (0)    6 :  0.008 0.016 0.036 0.004 0.019 0.002 0.005 0.063 0.019 0.005 0.009 0.771 0.019 0.004 0.005 0.013 
194   ZFCR12    (0)    6 :  0.008 0.014 0.006 0.008 0.007 0.014 0.006 0.065 0.009 0.004 0.102 0.721 0.005 0.012 0.017 0.003 
195   ZFCR13    (0)    6 :  0.010 0.217 0.038 0.007 0.353 0.005 0.017 0.009 0.035 0.003 0.006 0.171 0.005 0.110 0.010 0.004 
196   ZFCR14    (0)    6 :  0.009 0.025 0.014 0.005 0.013 0.013 0.006 0.006 0.006 0.005 0.006 0.855 0.010 0.009 0.014 0.004 
197   ZFCR15    (0)    6 :  0.010 0.015 0.036 0.009 0.056 0.026 0.020 0.012 0.011 0.010 0.005 0.732 0.016 0.019 0.018 0.005 
198   ZFCR16    (0)    6 :  0.007 0.009 0.023 0.004 0.030 0.015 0.023 0.006 0.015 0.003 0.003 0.836 0.007 0.009 0.004 0.005 
199   ZFCR18    (0)    6 :  0.010 0.007 0.337 0.024 0.012 0.005 0.006 0.005 0.018 0.003 0.006 0.537 0.008 0.005 0.010 0.006 
200   ZFCR19    (0)    6 :  0.011 0.008 0.019 0.006 0.006 0.032 0.010 0.008 0.014 0.004 0.006 0.758 0.006 0.025 0.014 0.073 
201   ZFCR20    (0)    6 :  0.006 0.053 0.038 0.030 0.027 0.007 0.061 0.008 0.008 0.005 0.005 0.645 0.032 0.030 0.008 0.034 
202   ZFCR21    (0)    6 :  0.012 0.022 0.004 0.007 0.009 0.010 0.006 0.006 0.004 0.003 0.004 0.895 0.004 0.004 0.006 0.003 
203   ZFCR22    (0)    6 :  0.005 0.049 0.006 0.007 0.007 0.013 0.007 0.006 0.005 0.003 0.003 0.870 0.002 0.006 0.005 0.006 
204   ZFCR23    (0)    6 :  0.003 0.057 0.009 0.004 0.090 0.005 0.049 0.035 0.013 0.043 0.004 0.599 0.004 0.065 0.009 0.011 
205   ZFCR24    (9)    6 :  0.008 0.106 0.062 0.009 0.083 0.007 0.087 0.010 0.018 0.004 0.004 0.075 0.029 0.429 0.010 0.060 
206   ZFCR25    (0)    6 :  0.005 0.011 0.007 0.006 0.009 0.004 0.005 0.005 0.003 0.002 0.003 0.913 0.010 0.004 0.005 0.008 
207   ZFCR26    (0)    6 :  0.015 0.259 0.004 0.007 0.012 0.016 0.012 0.008 0.012 0.004 0.004 0.520 0.010 0.010 0.016 0.089 
208   ZFCR27    (9)    6 :  0.005 0.039 0.012 0.003 0.362 0.003 0.003 0.003 0.003 0.004 0.003 0.487 0.019 0.004 0.004 0.046 
209   ZFCR28    (0)    6 :  0.010 0.005 0.004 0.007 0.149 0.041 0.107 0.024 0.030 0.007 0.026 0.555 0.007 0.013 0.009 0.005 
210   ZFCR29    (0)    6 :  0.004 0.013 0.008 0.004 0.005 0.005 0.005 0.003 0.004 0.004 0.002 0.920 0.006 0.005 0.004 0.009 
211   ZFCR30    (0)    6 :  0.005 0.045 0.007 0.008 0.009 0.008 0.006 0.010 0.005 0.005 0.009 0.844 0.007 0.008 0.014 0.010 
212   ZFCR31    (0)    6 :  0.009 0.026 0.214 0.022 0.015 0.016 0.067 0.062 0.043 0.012 0.041 0.347 0.012 0.029 0.025 0.060 
213   ZFCR33    (0)    6 :  0.037 0.025 0.006 0.010 0.650 0.013 0.015 0.017 0.006 0.028 0.007 0.071 0.072 0.009 0.015 0.019 
214   ZFCR34    (0)    6 :  0.013 0.230 0.145 0.004 0.048 0.009 0.023 0.044 0.007 0.013 0.009 0.409 0.005 0.019 0.011 0.010 
215   ZFCR35    (0)    6 :  0.009 0.005 0.112 0.004 0.010 0.003 0.005 0.005 0.004 0.011 0.004 0.793 0.009 0.008 0.006 0.012 
216   ZFCR36    (0)    6 :  0.007 0.021 0.043 0.006 0.010 0.004 0.009 0.012 0.004 0.016 0.019 0.817 0.007 0.007 0.004 0.012 
217   ZFCR37    (0)    6 :  0.058 0.569 0.050 0.015 0.100 0.003 0.004 0.004 0.003 0.023 0.004 0.052 0.054 0.004 0.004 0.054 
218   ZFCR38    (0)    6 :  0.044 0.032 0.007 0.013 0.493 0.012 0.009 0.009 0.006 0.008 0.007 0.246 0.046 0.005 0.010 0.051 
219   ZFCR39    (0)    6 :  0.102 0.009 0.030 0.051 0.204 0.019 0.070 0.017 0.031 0.222 0.003 0.168 0.011 0.019 0.011 0.034 
220   ZFCR40    (0)    6 :  0.023 0.010 0.009 0.006 0.099 0.005 0.012 0.015 0.004 0.032 0.004 0.734 0.010 0.011 0.012 0.012 
221   ZFCR41    (0)    6 :  0.021 0.014 0.006 0.006 0.010 0.014 0.008 0.059 0.005 0.003 0.011 0.715 0.008 0.005 0.112 0.003 
222   ZFCR42    (0)    6 :  0.037 0.066 0.007 0.020 0.072 0.016 0.024 0.031 0.010 0.021 0.017 0.612 0.009 0.023 0.023 0.013 
223   ZFCR43    (0)    6 :  0.004 0.008 0.022 0.004 0.011 0.004 0.006 0.004 0.029 0.004 0.005 0.819 0.011 0.057 0.009 0.004 
224  ZFENP25    (0)    7 :  0.021 0.007 0.005 0.007 0.811 0.011 0.018 0.005 0.003 0.005 0.003 0.044 0.040 0.009 0.007 0.005 
225  ZFENP26    (0)    7 :  0.004 0.004 0.006 0.004 0.933 0.003 0.003 0.003 0.002 0.007 0.003 0.008 0.006 0.002 0.005 0.006 
226  ZFENP27    (0)    7 :  0.152 0.005 0.016 0.044 0.294 0.010 0.030 0.022 0.005 0.017 0.048 0.231 0.024 0.016 0.056 0.031 
227  ZFENP28    (0)    7 :  0.012 0.010 0.008 0.004 0.860 0.005 0.004 0.004 0.005 0.007 0.010 0.022 0.026 0.003 0.005 0.015 
228  ZFENP29    (0)    7 :  0.011 0.007 0.005 0.007 0.887 0.004 0.005 0.004 0.003 0.005 0.005 0.038 0.005 0.006 0.005 0.005 
229  ZFENP30    (0)    7 :  0.033 0.012 0.008 0.108 0.758 0.007 0.006 0.004 0.007 0.010 0.010 0.010 0.007 0.004 0.006 0.010 
230  ZFENP31    (0)    7 :  0.012 0.013 0.032 0.351 0.245 0.004 0.004 0.003 0.010 0.211 0.006 0.023 0.035 0.004 0.006 0.041 
231  ZFENP32    (0)    7 :  0.010 0.012 0.267 0.138 0.197 0.007 0.017 0.013 0.020 0.135 0.024 0.085 0.019 0.008 0.016 0.034 
232  ZFENP33    (0)    7 :  0.005 0.036 0.012 0.039 0.802 0.004 0.008 0.006 0.005 0.007 0.005 0.013 0.029 0.008 0.008 0.014 
233  ZFENP34    (0)    7 :  0.020 0.007 0.036 0.086 0.193 0.003 0.006 0.006 0.008 0.006 0.009 0.030 0.553 0.004 0.007 0.025 
234  ZFENP35    (0)    7 :  0.005 0.008 0.014 0.007 0.813 0.005 0.008 0.017 0.004 0.064 0.011 0.005 0.007 0.015 0.012 0.005 
235  ZFENP36    (0)    7 :  0.003 0.007 0.010 0.007 0.909 0.002 0.003 0.005 0.002 0.011 0.011 0.008 0.006 0.002 0.003 0.010 
236  ZFENP37    (0)    7 :  0.007 0.032 0.013 0.009 0.376 0.003 0.007 0.007 0.004 0.093 0.008 0.007 0.409 0.006 0.008 0.009 
237  ZFENP38    (0)    7 :  0.016 0.380 0.009 0.015 0.446 0.004 0.006 0.009 0.004 0.020 0.019 0.011 0.026 0.005 0.009 0.021 
238  ZFENP39    (0)    7 :  0.014 0.010 0.012 0.007 0.762 0.003 0.004 0.004 0.003 0.018 0.005 0.109 0.027 0.005 0.006 0.010 
239  ZFENP40    (0)    7 :  0.008 0.008 0.015 0.014 0.745 0.004 0.010 0.006 0.007 0.047 0.006 0.078 0.021 0.009 0.005 0.017 
240  ZFENP41    (0)    7 :  0.081 0.007 0.022 0.061 0.679 0.007 0.007 0.006 0.005 0.037 0.009 0.033 0.018 0.009 0.014 0.006 
241  ZFENP42    (0)    7 :  0.006 0.049 0.003 0.010 0.639 0.004 0.004 0.006 0.003 0.231 0.003 0.021 0.004 0.003 0.006 0.006 
242  ZFENP43    (0)    7 :  0.029 0.077 0.007 0.008 0.635 0.006 0.008 0.032 0.006 0.017 0.046 0.025 0.033 0.008 0.037 0.028 
243  ZFENP44    (0)    7 :  0.014 0.035 0.005 0.026 0.642 0.003 0.012 0.019 0.004 0.143 0.014 0.012 0.024 0.011 0.023 0.012 
244  ZFENP45    (0)    7 :  0.016 0.053 0.009 0.020 0.329 0.307 0.020 0.014 0.032 0.119 0.008 0.019 0.013 0.016 0.009 0.015 
245  ZFENP46    (0)    7 :  0.003 0.060 0.008 0.010 0.728 0.005 0.014 0.014 0.008 0.023 0.006 0.016 0.039 0.022 0.031 0.013 
246  ZFENP47    (0)    7 :  0.072 0.005 0.076 0.030 0.171 0.126 0.011 0.004 0.012 0.240 0.004 0.193 0.011 0.012 0.006 0.025 
247  ZFENP48    (0)    7 :  0.018 0.014 0.011 0.253 0.080 0.010 0.015 0.005 0.015 0.010 0.006 0.033 0.491 0.006 0.008 0.024 
248  ZFENP49    (0)    7 :  0.008 0.010 0.026 0.135 0.190 0.012 0.009 0.006 0.009 0.006 0.006 0.540 0.006 0.012 0.007 0.020 
249  ZFENP50    (0)    7 :  0.004 0.070 0.007 0.005 0.658 0.007 0.061 0.024 0.024 0.053 0.004 0.028 0.006 0.020 0.005 0.025 
250  ZFENP51    (0)    7 :  0.008 0.014 0.029 0.035 0.370 0.051 0.003 0.005 0.004 0.029 0.007 0.023 0.013 0.003 0.005 0.401 
251  ZFENP52    (0)    7 :  0.010 0.011 0.003 0.006 0.890 0.005 0.005 0.015 0.005 0.007 0.010 0.006 0.003 0.004 0.016 0.005 
252  ZFENP53    (0)    7 :  0.007 0.024 0.006 0.007 0.737 0.026 0.035 0.020 0.043 0.018 0.008 0.015 0.009 0.021 0.014 0.009 
253  ZFENP54    (0)    7 :  0.017 0.017 0.016 0.025 0.171 0.006 0.040 0.012 0.024 0.010 0.006 0.615 0.009 0.012 0.010 0.009 
254  ZFENP55    (0)    7 :  0.003 0.522 0.050 0.011 0.253 0.004 0.006 0.004 0.006 0.013 0.004 0.052 0.026 0.005 0.005 0.037 
