

----------------------------------------------------
STRUCTURE by Pritchard, Stephens and Donnelly (2000)
     and Falush, Stephens and Pritchard (2003)
       Code by Pritchard, Falush and Hubisz
             Version 2.3.4 (Jul 2012)
----------------------------------------------------



Command line arguments:   bin\structure -m C:\Users\eschumacher\Documents\GitHub\GCC_QUAC_ZAIN\Data_Files\Structure_Files\ZAIN\ZAIN_rebinned_wild\50-50\mainparams -e C:\Users\eschumacher\Documents\GitHub\GCC_QUAC_ZAIN\Data_Files\Structure_Files\ZAIN\ZAIN_rebinned_wild\50-50\extraparams 
Input File:    C:\Users\eschumacher\Documents\GitHub\GCC_QUAC_ZAIN\Data_Files\Structure_Files\ZAIN\ZAIN_rebinned_wild\project_data

Run parameters:
   751 individuals
   11 loci
   14 populations assumed
   50000 Burn-in period
   50000 Reps


--------------------------------------------
Proportion of membership of each pre-defined
 population in each of the 14 clusters

Given    Inferred Clusters                                                                                    Number of
 Pop       1      2      3      4      5      6      7      8      9     10     11     12     13     14      Individuals

  1:     0.010  0.004  0.007  0.015  0.012  0.006  0.005  0.023  0.020  0.860  0.005  0.008  0.015  0.010       35
  2:     0.007  0.021  0.651  0.004  0.004  0.230  0.017  0.009  0.009  0.005  0.013  0.019  0.005  0.006       36
  3:     0.013  0.026  0.758  0.004  0.005  0.129  0.008  0.006  0.006  0.004  0.019  0.009  0.006  0.006       33
  4:     0.007  0.008  0.013  0.016  0.009  0.008  0.860  0.008  0.007  0.005  0.009  0.037  0.007  0.006       40
  5:     0.006  0.009  0.007  0.003  0.003  0.034  0.006  0.005  0.003  0.003  0.907  0.005  0.004  0.005       39
  6:     0.056  0.013  0.032  0.023  0.016  0.019  0.018  0.039  0.623  0.030  0.013  0.013  0.018  0.088       40
  7:     0.049  0.022  0.010  0.026  0.053  0.010  0.021  0.029  0.081  0.017  0.011  0.052  0.048  0.572       37
  8:     0.006  0.018  0.747  0.003  0.005  0.172  0.006  0.010  0.005  0.005  0.013  0.005  0.003  0.003       40
  9:     0.005  0.003  0.004  0.024  0.043  0.005  0.004  0.554  0.008  0.292  0.008  0.039  0.004  0.006       28
 10:     0.005  0.006  0.006  0.005  0.005  0.007  0.019  0.004  0.004  0.004  0.005  0.919  0.006  0.004       14
 11:     0.014  0.005  0.009  0.010  0.016  0.013  0.006  0.011  0.008  0.009  0.028  0.021  0.829  0.021       13
 12:     0.006  0.008  0.015  0.002  0.008  0.885  0.021  0.005  0.004  0.003  0.030  0.007  0.002  0.003       14
 13:     0.006  0.041  0.819  0.004  0.006  0.056  0.009  0.004  0.005  0.004  0.011  0.014  0.012  0.008       25
 14:     0.006  0.917  0.015  0.004  0.005  0.009  0.008  0.005  0.005  0.005  0.005  0.005  0.005  0.005       40
 15:     0.017  0.008  0.021  0.007  0.008  0.055  0.762  0.015  0.019  0.024  0.019  0.026  0.008  0.010       32
 16:     0.003  0.003  0.003  0.003  0.003  0.003  0.003  0.003  0.003  0.003  0.003  0.003  0.962  0.004       20
 17:     0.162  0.004  0.008  0.040  0.023  0.008  0.008  0.095  0.241  0.357  0.004  0.009  0.003  0.039        4
 18:     0.009  0.007  0.020  0.048  0.168  0.008  0.009  0.335  0.328  0.043  0.005  0.008  0.004  0.008       23
 19:     0.007  0.004  0.005  0.012  0.896  0.005  0.006  0.022  0.009  0.011  0.005  0.006  0.004  0.008       39
 20:     0.005  0.003  0.004  0.916  0.010  0.004  0.004  0.010  0.005  0.011  0.004  0.010  0.007  0.007       38
 21:     0.011  0.050  0.038  0.004  0.004  0.738  0.009  0.006  0.005  0.004  0.115  0.007  0.005  0.006       45
 22:     0.008  0.025  0.285  0.004  0.005  0.483  0.012  0.006  0.006  0.004  0.114  0.023  0.016  0.010       28
 23:     0.007  0.004  0.006  0.005  0.488  0.005  0.007  0.096  0.053  0.288  0.007  0.004  0.008  0.021        6
 24:     0.853  0.014  0.006  0.009  0.019  0.012  0.005  0.016  0.014  0.011  0.011  0.010  0.004  0.015       40
 25:     0.019  0.010  0.008  0.021  0.010  0.021  0.009  0.011  0.038  0.016  0.009  0.020  0.038  0.768       42
--------------------------------------------

Allele-freq. divergence among pops (Net nucleotide distance),
computed using point estimates of P.

      1       2       3       4       5       6       7       8       9      10      11      12      13      14      
 1      -    0.1900  0.1789  0.2419  0.2113  0.1343  0.1880  0.1712  0.1161  0.2816  0.2509  0.1889  0.3780  0.1176  
 2   0.1900     -    0.1142  0.3596  0.3994  0.1255  0.2060  0.3162  0.1949  0.4138  0.2943  0.2820  0.4626  0.2811  
 3   0.1789  0.1142     -    0.3017  0.2840  0.0496  0.2114  0.2001  0.1321  0.2886  0.2461  0.2082  0.3814  0.2041  
 4   0.2419  0.3596  0.3017     -    0.1856  0.3042  0.2706  0.1447  0.1370  0.1796  0.3755  0.2430  0.2246  0.1445  
 5   0.2113  0.3994  0.2840  0.1856     -    0.2840  0.1937  0.0728  0.1273  0.1596  0.3098  0.2885  0.3757  0.1284  
 6   0.1343  0.1255  0.0496  0.3042  0.2840     -    0.1740  0.2031  0.1346  0.2992  0.1409  0.1922  0.3699  0.1656  
 7   0.1880  0.2060  0.2114  0.2706  0.1937  0.1740     -    0.1842  0.1195  0.2589  0.1997  0.1978  0.3543  0.1578  
 8   0.1712  0.3162  0.2001  0.1447  0.0728  0.2031  0.1842     -    0.0728  0.1074  0.2409  0.2135  0.3381  0.1065  
 9   0.1161  0.1949  0.1321  0.1370  0.1273  0.1346  0.1195  0.0728     -    0.1345  0.2469  0.1819  0.2585  0.0658  
10   0.2816  0.4138  0.2886  0.1796  0.1596  0.2992  0.2589  0.1074  0.1345     -    0.3583  0.3063  0.3133  0.1784  
11   0.2509  0.2943  0.2461  0.3755  0.3098  0.1409  0.1997  0.2409  0.2469  0.3583     -    0.2443  0.4524  0.2000  
12   0.1889  0.2820  0.2082  0.2430  0.2885  0.1922  0.1978  0.2135  0.1819  0.3063  0.2443     -    0.3226  0.1603  
13   0.3780  0.4626  0.3814  0.2246  0.3757  0.3699  0.3543  0.3381  0.2585  0.3133  0.4524  0.3226     -    0.1831  
14   0.1176  0.2811  0.2041  0.1445  0.1284  0.1656  0.1578  0.1065  0.0658  0.1784  0.2000  0.1603  0.1831     -    

Average distances (expected heterozygosity) between individuals in same cluster:
cluster  1  : 0.3827 
cluster  2  : 0.3586 
cluster  3  : 0.4024 
cluster  4  : 0.3753 
cluster  5  : 0.2938 
cluster  6  : 0.4274 
cluster  7  : 0.3935 
cluster  8  : 0.4392 
cluster  9  : 0.6177 
cluster 10  : 0.4415 
cluster 11  : 0.2279 
cluster 12  : 0.2411 
cluster 13  : 0.2496 
cluster 14  : 0.5318 

--------------------------------------------
Estimated Ln Prob of Data   = -13246.2
Mean value of ln likelihood = -12512.4
Variance of ln likelihood   = 1467.6
Mean value of alpha         = 0.0315

Mean value of Fst_1         = 0.4313
Mean value of Fst_2         = 0.4712
Mean value of Fst_3         = 0.4033
Mean value of Fst_4         = 0.5418
Mean value of Fst_5         = 0.5266
Mean value of Fst_6         = 0.4465
Mean value of Fst_7         = 0.4133
Mean value of Fst_8         = 0.4551
Mean value of Fst_9         = 0.1257
Mean value of Fst_10         = 0.4625
Mean value of Fst_11         = 0.6765
Mean value of Fst_12         = 0.6453
Mean value of Fst_13         = 0.6328
Mean value of Fst_14         = 0.1457


Inferred ancestry of individuals:
        Label (%Miss) Pop:  Inferred clusters
  1    ZFB01    (0)    1 :  0.003 0.003 0.003 0.006 0.009 0.003 0.004 0.006 0.004 0.947 0.003 0.002 0.004 0.003 
  2    ZFB02    (0)    1 :  0.005 0.004 0.004 0.094 0.019 0.003 0.012 0.018 0.021 0.791 0.003 0.008 0.011 0.008 
  3    ZFB03    (0)    1 :  0.010 0.002 0.009 0.008 0.023 0.016 0.007 0.023 0.016 0.824 0.037 0.006 0.003 0.016 
  4    ZFB04    (0)    1 :  0.004 0.003 0.004 0.065 0.008 0.003 0.006 0.019 0.012 0.850 0.002 0.008 0.010 0.006 
  5    ZFB05    (0)    1 :  0.019 0.007 0.003 0.034 0.009 0.004 0.008 0.008 0.008 0.784 0.009 0.039 0.045 0.025 
  6    ZFB06    (0)    1 :  0.013 0.007 0.003 0.019 0.008 0.004 0.007 0.006 0.008 0.836 0.007 0.019 0.041 0.022 
  7    ZFB07    (9)    1 :  0.014 0.005 0.005 0.006 0.069 0.005 0.004 0.032 0.013 0.797 0.005 0.005 0.007 0.035 
  8    ZFB08    (0)    1 :  0.031 0.008 0.009 0.013 0.035 0.009 0.007 0.025 0.011 0.829 0.005 0.010 0.002 0.007 
  9    ZFB09    (0)    1 :  0.004 0.002 0.003 0.004 0.008 0.003 0.003 0.009 0.005 0.947 0.003 0.003 0.003 0.003 
 10    ZFB10    (0)    1 :  0.005 0.005 0.011 0.007 0.003 0.006 0.004 0.010 0.010 0.924 0.002 0.006 0.003 0.003 
 11    ZFB11    (0)    1 :  0.003 0.002 0.004 0.004 0.004 0.003 0.003 0.007 0.004 0.951 0.002 0.003 0.007 0.002 
 12    ZFB12    (0)    1 :  0.019 0.003 0.005 0.014 0.005 0.007 0.004 0.013 0.012 0.878 0.008 0.003 0.019 0.010 
 13    ZFB13    (0)    1 :  0.017 0.008 0.013 0.021 0.010 0.010 0.005 0.120 0.054 0.708 0.005 0.017 0.003 0.007 
 14    ZFB14    (0)    1 :  0.005 0.003 0.006 0.006 0.009 0.005 0.006 0.032 0.012 0.896 0.004 0.007 0.003 0.005 
 15    ZFB15    (0)    1 :  0.004 0.002 0.002 0.010 0.007 0.002 0.002 0.007 0.004 0.947 0.002 0.003 0.004 0.003 
 16    ZFB16    (0)    1 :  0.008 0.004 0.006 0.016 0.005 0.005 0.003 0.009 0.007 0.916 0.003 0.010 0.003 0.004 
 17    ZFB17    (0)    1 :  0.024 0.008 0.007 0.008 0.005 0.008 0.012 0.007 0.015 0.859 0.002 0.023 0.015 0.007 
 18    ZFB18    (0)    1 :  0.003 0.002 0.003 0.003 0.004 0.002 0.004 0.005 0.005 0.959 0.002 0.003 0.002 0.003 
 19    ZFB19    (0)    1 :  0.032 0.008 0.037 0.010 0.034 0.024 0.004 0.040 0.334 0.423 0.007 0.005 0.005 0.036 
 20    ZFB20    (0)    1 :  0.007 0.004 0.006 0.020 0.004 0.005 0.003 0.007 0.008 0.905 0.003 0.017 0.009 0.004 
 21    ZFB21    (0)    1 :  0.003 0.002 0.002 0.005 0.007 0.002 0.002 0.007 0.003 0.947 0.003 0.004 0.005 0.005 
 22    ZFB22    (0)    1 :  0.010 0.007 0.006 0.059 0.006 0.008 0.007 0.014 0.017 0.837 0.002 0.005 0.016 0.007 
 23    ZFB23    (0)    1 :  0.003 0.002 0.004 0.004 0.003 0.004 0.003 0.009 0.004 0.943 0.005 0.004 0.010 0.003 
 24    ZFB24    (0)    1 :  0.003 0.002 0.004 0.006 0.004 0.003 0.003 0.004 0.003 0.948 0.002 0.004 0.009 0.003 
 25    ZFB25    (0)    1 :  0.003 0.003 0.007 0.003 0.003 0.005 0.003 0.007 0.004 0.951 0.003 0.003 0.003 0.003 
 26    ZFB26    (0)    1 :  0.003 0.003 0.006 0.006 0.003 0.004 0.003 0.004 0.003 0.937 0.003 0.008 0.013 0.004 
 27    ZFB27    (0)    1 :  0.002 0.002 0.004 0.005 0.004 0.003 0.003 0.005 0.004 0.939 0.002 0.003 0.021 0.003 
 28    ZFB28    (0)    1 :  0.012 0.002 0.006 0.010 0.004 0.007 0.006 0.040 0.015 0.772 0.007 0.009 0.091 0.019 
 29    ZFB29    (0)    1 :  0.003 0.002 0.003 0.006 0.004 0.002 0.004 0.006 0.004 0.949 0.002 0.006 0.005 0.003 
 30    ZFB30    (0)    1 :  0.019 0.010 0.003 0.006 0.028 0.004 0.003 0.006 0.007 0.752 0.005 0.004 0.095 0.057 
 31    ZFB31    (0)    1 :  0.004 0.005 0.016 0.006 0.008 0.010 0.006 0.142 0.026 0.753 0.004 0.004 0.009 0.006 
 32    ZFB32    (0)    1 :  0.033 0.004 0.014 0.012 0.008 0.013 0.018 0.038 0.018 0.751 0.011 0.017 0.044 0.021 
 33    ZFB33    (0)    1 :  0.003 0.002 0.003 0.007 0.006 0.002 0.003 0.006 0.004 0.952 0.002 0.003 0.004 0.003 
 34    ZFB34    (0)    1 :  0.006 0.003 0.005 0.007 0.036 0.004 0.009 0.057 0.010 0.845 0.004 0.005 0.003 0.006 
 35    ZFB35    (0)    1 :  0.008 0.003 0.006 0.015 0.025 0.005 0.007 0.040 0.006 0.858 0.006 0.009 0.005 0.007 
 36  ZFBP101    (0)    2 :  0.011 0.042 0.201 0.010 0.004 0.554 0.042 0.013 0.014 0.007 0.012 0.082 0.003 0.006 
 37  ZFBP102    (0)    2 :  0.006 0.013 0.278 0.015 0.005 0.588 0.009 0.018 0.012 0.010 0.004 0.032 0.003 0.008 
 38  ZFBP103    (0)    2 :  0.005 0.011 0.056 0.009 0.003 0.751 0.073 0.008 0.013 0.007 0.016 0.040 0.003 0.006 
 39  ZFBP104    (0)    2 :  0.025 0.007 0.225 0.009 0.018 0.642 0.004 0.023 0.014 0.011 0.007 0.005 0.002 0.010 
 40  ZFBP105    (0)    2 :  0.008 0.005 0.689 0.004 0.005 0.233 0.005 0.010 0.007 0.004 0.013 0.007 0.004 0.006 
 41  ZFBP106    (0)    2 :  0.005 0.010 0.761 0.003 0.003 0.168 0.007 0.004 0.003 0.003 0.017 0.011 0.003 0.003 
 42  ZFBP107    (0)    2 :  0.008 0.005 0.415 0.006 0.004 0.446 0.006 0.007 0.006 0.007 0.014 0.037 0.026 0.013 
 43  ZFBP108    (0)    2 :  0.003 0.003 0.951 0.002 0.004 0.010 0.003 0.003 0.003 0.003 0.006 0.004 0.003 0.003 
 44  ZFBP109    (0)    2 :  0.004 0.006 0.922 0.002 0.005 0.026 0.004 0.004 0.008 0.003 0.005 0.004 0.002 0.004 
 45  ZFBP110    (0)    2 :  0.008 0.006 0.273 0.007 0.006 0.423 0.018 0.084 0.051 0.018 0.059 0.027 0.003 0.017 
 46  ZFBP111    (0)    2 :  0.012 0.100 0.250 0.003 0.003 0.598 0.004 0.003 0.003 0.003 0.009 0.005 0.004 0.004 
 47  ZFBP112    (0)    2 :  0.008 0.052 0.836 0.004 0.004 0.026 0.014 0.005 0.005 0.003 0.013 0.019 0.006 0.004 
 48  ZFBP113    (0)    2 :  0.006 0.004 0.942 0.003 0.003 0.013 0.003 0.004 0.004 0.003 0.003 0.004 0.004 0.004 
 49  ZFBP114    (0)    2 :  0.003 0.010 0.703 0.004 0.004 0.209 0.005 0.003 0.004 0.003 0.005 0.024 0.011 0.011 
 50  ZFBP115    (0)    2 :  0.006 0.012 0.081 0.003 0.002 0.849 0.007 0.002 0.004 0.002 0.015 0.009 0.003 0.004 
 51  ZFBP116    (0)    2 :  0.009 0.005 0.910 0.003 0.003 0.038 0.004 0.003 0.004 0.002 0.005 0.005 0.004 0.004 
 52  ZFBP117    (0)    2 :  0.004 0.006 0.933 0.002 0.004 0.016 0.008 0.003 0.005 0.003 0.006 0.004 0.002 0.004 
 53  ZFBP118    (0)    2 :  0.003 0.015 0.822 0.004 0.003 0.091 0.004 0.003 0.003 0.004 0.004 0.018 0.013 0.012 
 54  ZFBP119    (0)    2 :  0.014 0.019 0.448 0.002 0.004 0.428 0.026 0.004 0.006 0.003 0.019 0.019 0.002 0.005 
 55  ZFBP120    (0)    2 :  0.007 0.005 0.684 0.004 0.006 0.246 0.004 0.008 0.004 0.005 0.012 0.006 0.004 0.006 
 56  ZFBP121    (0)    2 :  0.004 0.005 0.904 0.003 0.005 0.033 0.008 0.007 0.005 0.004 0.008 0.007 0.003 0.004 
 57  ZFBP122    (9)    2 :  0.007 0.011 0.826 0.003 0.003 0.117 0.004 0.003 0.004 0.003 0.006 0.006 0.003 0.004 
 58  ZFBP123    (0)    2 :  0.010 0.013 0.881 0.005 0.004 0.016 0.010 0.003 0.005 0.002 0.005 0.035 0.007 0.004 
 59  ZFBP124    (0)    2 :  0.004 0.004 0.926 0.003 0.007 0.020 0.004 0.006 0.004 0.004 0.004 0.007 0.003 0.003 
 60  ZFBP125    (0)    2 :  0.004 0.014 0.914 0.002 0.002 0.030 0.006 0.002 0.004 0.002 0.007 0.006 0.002 0.003 
 61  ZFBP126    (0)    2 :  0.015 0.006 0.736 0.012 0.004 0.122 0.016 0.011 0.034 0.009 0.003 0.017 0.003 0.012 
 62  ZFBP127    (0)    2 :  0.003 0.004 0.667 0.002 0.004 0.189 0.020 0.003 0.004 0.002 0.087 0.006 0.003 0.005 
 63  ZFBP128    (0)    2 :  0.004 0.033 0.869 0.002 0.004 0.027 0.019 0.005 0.004 0.003 0.018 0.008 0.002 0.002 
 64  ZFBP129    (0)    2 :  0.005 0.119 0.814 0.003 0.007 0.008 0.008 0.006 0.006 0.004 0.007 0.008 0.002 0.004 
 65  ZFBP130    (0)    2 :  0.009 0.074 0.804 0.002 0.002 0.043 0.025 0.002 0.004 0.002 0.014 0.010 0.004 0.003 
 66  ZFBP131    (0)    2 :  0.005 0.004 0.952 0.003 0.004 0.005 0.003 0.004 0.004 0.003 0.003 0.003 0.004 0.003 
 67  ZFBP132    (0)    2 :  0.003 0.004 0.936 0.002 0.003 0.014 0.004 0.005 0.004 0.003 0.013 0.004 0.003 0.003 
 68  ZFBP133    (0)    2 :  0.005 0.073 0.879 0.002 0.004 0.008 0.008 0.004 0.004 0.002 0.003 0.003 0.002 0.002 
 69  ZFBP134    (0)    2 :  0.011 0.011 0.062 0.003 0.003 0.867 0.018 0.005 0.004 0.003 0.005 0.003 0.003 0.003 
 70  ZFBP135    (0)    2 :  0.006 0.019 0.476 0.007 0.005 0.159 0.165 0.035 0.037 0.011 0.022 0.050 0.002 0.005 
 71  ZFBP136    (0)    2 :  0.008 0.041 0.413 0.005 0.003 0.276 0.043 0.005 0.006 0.003 0.016 0.167 0.009 0.004 
 72  ZFBP201    (0)    3 :  0.007 0.004 0.911 0.004 0.004 0.017 0.004 0.006 0.007 0.004 0.010 0.006 0.008 0.005 
 73  ZFBP202    (0)    3 :  0.006 0.007 0.905 0.003 0.007 0.033 0.004 0.007 0.004 0.004 0.010 0.005 0.003 0.004 
 74  ZFBP203    (0)    3 :  0.029 0.018 0.794 0.018 0.005 0.024 0.005 0.005 0.012 0.005 0.005 0.008 0.052 0.021 
 75  ZFBP204    (0)    3 :  0.009 0.019 0.629 0.004 0.004 0.238 0.012 0.005 0.006 0.003 0.016 0.042 0.006 0.005 
 76  ZFBP205    (0)    3 :  0.005 0.009 0.934 0.003 0.003 0.007 0.007 0.003 0.005 0.002 0.003 0.010 0.005 0.003 
 77  ZFBP206    (0)    3 :  0.012 0.032 0.878 0.005 0.006 0.008 0.008 0.005 0.005 0.003 0.004 0.024 0.006 0.004 
 78  ZFBP207    (0)    3 :  0.005 0.008 0.557 0.003 0.005 0.311 0.014 0.006 0.006 0.003 0.067 0.008 0.004 0.004 
 79  ZFBP208    (0)    3 :  0.014 0.008 0.906 0.007 0.004 0.010 0.004 0.004 0.005 0.002 0.003 0.014 0.013 0.006 
 80  ZFBP209    (0)    3 :  0.005 0.053 0.904 0.002 0.003 0.007 0.008 0.003 0.004 0.002 0.003 0.003 0.002 0.002 
 81  ZFBP210    (0)    3 :  0.013 0.008 0.904 0.005 0.004 0.015 0.004 0.007 0.005 0.003 0.011 0.006 0.010 0.005 
 82  ZFBP211    (0)    3 :  0.005 0.004 0.931 0.003 0.006 0.011 0.004 0.006 0.004 0.004 0.008 0.008 0.003 0.004 
 83  ZFBP212    (0)    3 :  0.003 0.005 0.672 0.003 0.004 0.243 0.003 0.010 0.004 0.006 0.039 0.003 0.003 0.003 
 84  ZFBP213    (0)    3 :  0.009 0.008 0.890 0.005 0.013 0.009 0.009 0.007 0.005 0.004 0.010 0.022 0.004 0.005 
 85  ZFBP214    (0)    3 :  0.035 0.105 0.649 0.003 0.015 0.043 0.042 0.019 0.018 0.005 0.034 0.020 0.004 0.009 
 86  ZFBP215    (0)    3 :  0.004 0.007 0.938 0.003 0.004 0.012 0.005 0.004 0.004 0.003 0.005 0.004 0.002 0.003 
 87  ZFBP216    (0)    3 :  0.031 0.007 0.758 0.005 0.004 0.146 0.005 0.006 0.007 0.004 0.005 0.006 0.007 0.010 
 88  ZFBP217    (0)    3 :  0.026 0.172 0.600 0.002 0.006 0.109 0.007 0.009 0.006 0.005 0.042 0.005 0.004 0.007 
 89  ZFBP218    (0)    3 :  0.006 0.010 0.939 0.002 0.003 0.018 0.003 0.002 0.003 0.002 0.003 0.003 0.003 0.003 
 90  ZFBP219    (0)    3 :  0.006 0.004 0.943 0.003 0.003 0.014 0.003 0.003 0.004 0.002 0.003 0.003 0.004 0.004 
 91  ZFBP220    (0)    3 :  0.007 0.039 0.546 0.003 0.003 0.347 0.018 0.003 0.004 0.003 0.012 0.008 0.004 0.003 
 92  ZFBP221    (0)    3 :  0.005 0.008 0.396 0.003 0.004 0.555 0.003 0.004 0.004 0.003 0.007 0.002 0.003 0.003 
 93  ZFBP222    (0)    3 :  0.007 0.007 0.931 0.004 0.005 0.007 0.007 0.006 0.007 0.003 0.003 0.005 0.004 0.004 
 94  ZFBP223    (0)    3 :  0.005 0.008 0.616 0.004 0.005 0.117 0.008 0.012 0.007 0.007 0.192 0.008 0.006 0.006 
 95  ZFBP224    (0)    3 :  0.008 0.004 0.923 0.003 0.007 0.011 0.004 0.004 0.005 0.003 0.005 0.013 0.004 0.005 
 96  ZFBP225    (0)    3 :  0.015 0.223 0.208 0.005 0.003 0.467 0.014 0.003 0.009 0.003 0.019 0.011 0.012 0.007 
 97  ZFBP226    (0)    3 :  0.006 0.004 0.930 0.004 0.004 0.021 0.003 0.003 0.004 0.003 0.005 0.005 0.005 0.004 
 98  ZFBP227    (0)    3 :  0.115 0.006 0.372 0.011 0.016 0.393 0.005 0.013 0.018 0.006 0.007 0.009 0.004 0.025 
 99  ZFBP228    (0)    3 :  0.004 0.008 0.341 0.003 0.005 0.543 0.014 0.005 0.004 0.004 0.058 0.004 0.002 0.004 
100  ZFBP229    (0)    3 :  0.007 0.017 0.861 0.003 0.003 0.079 0.007 0.003 0.005 0.002 0.004 0.003 0.003 0.003 
101  ZFBP230    (0)    3 :  0.010 0.034 0.487 0.003 0.003 0.400 0.025 0.004 0.006 0.003 0.010 0.008 0.003 0.004 
102  ZFBP231    (0)    3 :  0.005 0.005 0.923 0.003 0.005 0.010 0.005 0.006 0.004 0.004 0.007 0.014 0.004 0.004 
103  ZFBP232    (0)    3 :  0.004 0.007 0.948 0.003 0.003 0.009 0.004 0.004 0.003 0.003 0.004 0.005 0.003 0.002 
104  ZFBP233    (0)    3 :  0.012 0.015 0.892 0.003 0.008 0.025 0.005 0.009 0.005 0.004 0.006 0.009 0.003 0.005 
105   ZFCC01    (0)    4 :  0.005 0.004 0.004 0.006 0.018 0.003 0.925 0.006 0.004 0.005 0.005 0.009 0.004 0.004 
106   ZFCC03    (0)    4 :  0.003 0.004 0.004 0.003 0.008 0.003 0.946 0.004 0.004 0.003 0.008 0.005 0.003 0.003 
107   ZFCC04    (0)    4 :  0.006 0.006 0.004 0.004 0.006 0.004 0.930 0.005 0.005 0.004 0.005 0.013 0.003 0.004 
108   ZFCC05    (0)    4 :  0.010 0.006 0.006 0.006 0.011 0.006 0.865 0.008 0.004 0.005 0.016 0.045 0.004 0.007 
109   ZFCC08    (0)    4 :  0.008 0.016 0.011 0.003 0.008 0.007 0.918 0.003 0.005 0.002 0.004 0.009 0.002 0.003 
110   ZFCC09    (0)    4 :  0.003 0.004 0.003 0.003 0.013 0.003 0.940 0.004 0.003 0.003 0.008 0.007 0.003 0.003 
111   ZFCC10    (0)    4 :  0.004 0.003 0.004 0.005 0.042 0.003 0.909 0.005 0.004 0.004 0.004 0.008 0.004 0.003 
112   ZFCC11    (0)    4 :  0.004 0.004 0.005 0.004 0.011 0.004 0.931 0.005 0.004 0.003 0.010 0.008 0.003 0.004 
113   ZFCC12    (0)    4 :  0.008 0.006 0.006 0.131 0.012 0.007 0.739 0.019 0.016 0.005 0.009 0.028 0.004 0.010 
114   ZFCC13    (0)    4 :  0.014 0.007 0.008 0.005 0.005 0.011 0.907 0.004 0.005 0.003 0.009 0.007 0.009 0.006 
115   ZFCC14    (0)    4 :  0.003 0.006 0.009 0.004 0.007 0.004 0.897 0.010 0.009 0.009 0.005 0.025 0.006 0.005 
116   ZFCC15    (0)    4 :  0.008 0.004 0.003 0.005 0.005 0.004 0.941 0.004 0.004 0.003 0.004 0.005 0.005 0.005 
117   ZFCC16    (0)    4 :  0.005 0.004 0.003 0.006 0.006 0.003 0.934 0.005 0.004 0.005 0.004 0.015 0.003 0.004 
118   ZFCC17    (0)    4 :  0.004 0.004 0.003 0.011 0.006 0.003 0.884 0.005 0.004 0.007 0.006 0.050 0.008 0.005 
119   ZFCC18    (0)    4 :  0.005 0.005 0.004 0.004 0.009 0.004 0.934 0.004 0.004 0.003 0.009 0.008 0.003 0.004 
120   ZFCC19    (0)    4 :  0.007 0.003 0.003 0.006 0.003 0.003 0.934 0.005 0.007 0.004 0.003 0.010 0.008 0.005 
121   ZFCC20    (0)    4 :  0.008 0.005 0.003 0.005 0.004 0.006 0.933 0.005 0.004 0.003 0.006 0.011 0.003 0.004 
122   ZFCC21    (0)    4 :  0.045 0.030 0.034 0.005 0.006 0.015 0.785 0.007 0.043 0.003 0.003 0.012 0.007 0.005 
123   ZFCC22    (0)    4 :  0.010 0.046 0.195 0.004 0.016 0.069 0.620 0.004 0.005 0.003 0.007 0.012 0.005 0.004 
124   ZFCC26    (0)    4 :  0.004 0.004 0.003 0.005 0.006 0.003 0.944 0.004 0.004 0.004 0.005 0.008 0.003 0.004 
125   ZFCC27    (0)    4 :  0.003 0.003 0.003 0.003 0.005 0.003 0.951 0.004 0.003 0.003 0.007 0.006 0.003 0.003 
126   ZFCC29    (0)    4 :  0.011 0.005 0.004 0.008 0.006 0.005 0.906 0.012 0.008 0.005 0.005 0.019 0.004 0.005 
127   ZFCC30    (0)    4 :  0.004 0.005 0.003 0.003 0.004 0.004 0.945 0.003 0.003 0.002 0.011 0.007 0.004 0.003 
128   ZFCC32    (0)    4 :  0.012 0.005 0.004 0.009 0.009 0.005 0.918 0.004 0.005 0.003 0.005 0.009 0.006 0.006 
129   ZFCC33    (0)    4 :  0.005 0.004 0.004 0.004 0.007 0.004 0.602 0.009 0.008 0.010 0.007 0.324 0.004 0.007 
130   ZFCC34    (0)    4 :  0.007 0.021 0.063 0.030 0.020 0.041 0.608 0.014 0.009 0.028 0.089 0.055 0.009 0.006 
131   ZFCC35    (0)    4 :  0.004 0.004 0.003 0.002 0.004 0.003 0.954 0.002 0.003 0.002 0.003 0.007 0.004 0.003 
132   ZFCC36    (0)    4 :  0.018 0.008 0.008 0.007 0.005 0.008 0.896 0.003 0.005 0.004 0.004 0.012 0.016 0.006 
133   ZFCC37    (0)    4 :  0.011 0.007 0.011 0.093 0.020 0.010 0.726 0.022 0.024 0.005 0.007 0.045 0.005 0.013 
134   ZFCC40    (0)    4 :  0.003 0.003 0.006 0.005 0.008 0.004 0.926 0.005 0.005 0.005 0.004 0.014 0.011 0.004 
135   ZFCC42    (0)    4 :  0.004 0.006 0.004 0.157 0.006 0.009 0.047 0.052 0.018 0.020 0.042 0.545 0.065 0.025 
136   ZFCC44    (0)    4 :  0.003 0.003 0.003 0.002 0.003 0.003 0.938 0.003 0.003 0.003 0.010 0.016 0.007 0.004 
137   ZFCC45    (9)    4 :  0.008 0.003 0.005 0.010 0.018 0.005 0.822 0.016 0.009 0.010 0.009 0.050 0.017 0.018 
138   ZFCC46    (0)    4 :  0.007 0.029 0.011 0.003 0.003 0.018 0.886 0.004 0.005 0.003 0.010 0.015 0.004 0.003 
139   ZFCC47    (0)    4 :  0.006 0.007 0.005 0.057 0.018 0.006 0.857 0.012 0.006 0.003 0.006 0.009 0.003 0.005 
140   ZFCC48    (0)    4 :  0.012 0.032 0.027 0.003 0.005 0.011 0.858 0.006 0.017 0.003 0.003 0.015 0.004 0.003 
141   ZFCC50    (0)    4 :  0.004 0.003 0.003 0.005 0.005 0.003 0.946 0.004 0.004 0.004 0.003 0.010 0.004 0.003 
142   ZFCC51    (0)    4 :  0.003 0.003 0.003 0.003 0.005 0.003 0.952 0.004 0.003 0.003 0.009 0.005 0.002 0.003 
143   ZFCC52    (0)    4 :  0.008 0.014 0.014 0.006 0.004 0.010 0.875 0.004 0.005 0.004 0.006 0.039 0.007 0.004 
144   ZFCC53    (0)    4 :  0.003 0.003 0.003 0.003 0.005 0.003 0.954 0.003 0.003 0.003 0.006 0.005 0.003 0.003 
145  ZFCNS01    (0)    5 :  0.050 0.003 0.005 0.009 0.003 0.023 0.006 0.003 0.007 0.002 0.824 0.003 0.029 0.033 
146  ZFCNS02    (0)    5 :  0.003 0.004 0.003 0.002 0.003 0.004 0.005 0.003 0.002 0.002 0.961 0.004 0.002 0.003 
147  ZFCNS05    (0)    5 :  0.005 0.005 0.007 0.003 0.005 0.009 0.007 0.006 0.003 0.004 0.935 0.006 0.002 0.003 
148  ZFCNS06    (0)    5 :  0.003 0.004 0.004 0.002 0.003 0.004 0.005 0.003 0.002 0.003 0.959 0.003 0.002 0.003 
149  ZFCNS07    (0)    5 :  0.003 0.010 0.006 0.003 0.003 0.006 0.003 0.003 0.003 0.003 0.949 0.003 0.002 0.003 
150  ZFCNS10    (0)    5 :  0.003 0.005 0.007 0.002 0.002 0.014 0.004 0.002 0.003 0.003 0.945 0.003 0.004 0.003 
151  ZFCNS11    (0)    5 :  0.022 0.004 0.005 0.007 0.003 0.014 0.007 0.003 0.006 0.002 0.899 0.003 0.012 0.013 
152  ZFCNS15    (0)    5 :  0.004 0.007 0.014 0.003 0.003 0.031 0.003 0.004 0.004 0.003 0.913 0.006 0.002 0.003 
153  ZFCNS17    (0)    5 :  0.003 0.004 0.004 0.002 0.003 0.005 0.005 0.003 0.002 0.002 0.959 0.004 0.002 0.003 
154  ZFCNS18    (0)    5 :  0.003 0.004 0.007 0.002 0.003 0.013 0.005 0.003 0.002 0.003 0.945 0.004 0.004 0.003 
155  ZFCNS19    (0)    5 :  0.003 0.003 0.003 0.002 0.003 0.004 0.005 0.003 0.002 0.002 0.961 0.003 0.002 0.003 
156  ZFCNS20    (0)    5 :  0.004 0.014 0.011 0.003 0.003 0.018 0.004 0.003 0.004 0.003 0.921 0.007 0.002 0.003 
157  ZFCNS21    (0)    5 :  0.003 0.003 0.003 0.002 0.003 0.005 0.004 0.003 0.002 0.002 0.963 0.003 0.002 0.003 
158  ZFCNS22    (0)    5 :  0.005 0.005 0.011 0.003 0.005 0.010 0.005 0.006 0.004 0.004 0.931 0.005 0.002 0.003 
159  ZFCNS23    (0)    5 :  0.011 0.011 0.005 0.008 0.005 0.005 0.013 0.004 0.005 0.004 0.887 0.023 0.011 0.007 
160  ZFCNS24    (0)    5 :  0.004 0.006 0.005 0.003 0.003 0.008 0.008 0.003 0.003 0.002 0.943 0.009 0.002 0.003 
161  ZFCNS25    (0)    5 :  0.004 0.009 0.010 0.003 0.003 0.011 0.005 0.003 0.004 0.002 0.932 0.009 0.002 0.003 
162  ZFCNS26    (0)    5 :  0.003 0.003 0.004 0.002 0.004 0.006 0.003 0.004 0.002 0.003 0.958 0.003 0.002 0.003 
163  ZFCNS27    (0)    5 :  0.004 0.009 0.019 0.003 0.003 0.051 0.003 0.003 0.004 0.003 0.887 0.006 0.002 0.003 
164  ZFCNS28    (0)    5 :  0.003 0.004 0.004 0.002 0.003 0.004 0.004 0.004 0.002 0.003 0.959 0.003 0.002 0.002 
165  ZFCNS29    (0)    5 :  0.004 0.004 0.007 0.003 0.004 0.008 0.008 0.004 0.003 0.003 0.939 0.007 0.002 0.004 
166  ZFCNS30    (0)    5 :  0.004 0.003 0.004 0.003 0.005 0.008 0.006 0.005 0.003 0.003 0.946 0.005 0.002 0.003 
167  ZFCNS31    (0)    5 :  0.003 0.004 0.003 0.002 0.003 0.006 0.003 0.003 0.002 0.002 0.960 0.003 0.002 0.003 
168  ZFCNS32    (0)    5 :  0.004 0.006 0.006 0.003 0.003 0.009 0.004 0.004 0.003 0.003 0.943 0.006 0.002 0.003 
169  ZFCNS33    (0)    5 :  0.003 0.004 0.003 0.002 0.003 0.005 0.003 0.003 0.002 0.002 0.962 0.003 0.002 0.003 
170  ZFCNS34    (0)    5 :  0.005 0.004 0.004 0.003 0.005 0.007 0.010 0.005 0.003 0.003 0.939 0.006 0.002 0.003 
171  ZFCNS35    (0)    5 :  0.003 0.004 0.010 0.002 0.007 0.020 0.006 0.040 0.007 0.012 0.880 0.003 0.002 0.003 
172  ZFCNS36    (0)    5 :  0.004 0.008 0.005 0.003 0.003 0.007 0.009 0.003 0.003 0.002 0.939 0.010 0.002 0.003 
173  ZFCNS37    (0)    5 :  0.004 0.008 0.005 0.002 0.004 0.094 0.005 0.004 0.004 0.003 0.848 0.005 0.002 0.011 
174  ZFCNS39    (0)    5 :  0.013 0.021 0.007 0.002 0.002 0.023 0.016 0.002 0.006 0.002 0.889 0.007 0.004 0.005 
175  ZFCNS40    (0)    5 :  0.010 0.126 0.009 0.003 0.003 0.108 0.021 0.003 0.004 0.002 0.689 0.013 0.003 0.006 
176  ZFCNS41    (0)    5 :  0.011 0.005 0.015 0.004 0.005 0.660 0.015 0.012 0.008 0.004 0.239 0.010 0.004 0.008 
177  ZFCNS42    (0)    5 :  0.002 0.003 0.004 0.002 0.003 0.006 0.003 0.003 0.003 0.003 0.961 0.003 0.002 0.003 
178  ZFCNS43    (0)    5 :  0.003 0.003 0.003 0.002 0.003 0.005 0.004 0.003 0.002 0.002 0.962 0.004 0.002 0.003 
179  ZFCNS44    (0)    5 :  0.003 0.003 0.007 0.002 0.002 0.016 0.005 0.002 0.002 0.003 0.943 0.003 0.004 0.003 
180  ZFCNS46    (0)    5 :  0.005 0.004 0.006 0.002 0.004 0.009 0.005 0.004 0.004 0.003 0.943 0.006 0.002 0.004 
181  ZFCNS47    (0)    5 :  0.003 0.003 0.003 0.002 0.003 0.005 0.004 0.003 0.002 0.002 0.962 0.003 0.002 0.003 
182  ZFCNS48    (0)    5 :  0.004 0.005 0.012 0.003 0.004 0.028 0.007 0.004 0.004 0.004 0.913 0.005 0.004 0.003 
183  ZFCNS49    (0)    5 :  0.002 0.004 0.011 0.002 0.003 0.048 0.003 0.003 0.003 0.004 0.907 0.003 0.004 0.003 
184   ZFCR01    (0)    6 :  0.004 0.007 0.010 0.017 0.016 0.004 0.007 0.111 0.690 0.007 0.003 0.003 0.007 0.115 
185   ZFCR02    (0)    6 :  0.005 0.008 0.010 0.007 0.005 0.005 0.018 0.004 0.886 0.020 0.005 0.011 0.009 0.009 
186   ZFCR03    (0)    6 :  0.018 0.010 0.021 0.034 0.015 0.006 0.014 0.045 0.718 0.018 0.003 0.056 0.028 0.013 
187   ZFCR04    (0)    6 :  0.010 0.018 0.016 0.016 0.061 0.025 0.014 0.139 0.574 0.041 0.009 0.005 0.029 0.043 
188   ZFCR05    (0)    6 :  0.012 0.003 0.003 0.009 0.016 0.003 0.010 0.020 0.882 0.012 0.003 0.004 0.006 0.018 
189   ZFCR06    (0)    6 :  0.005 0.010 0.018 0.007 0.009 0.028 0.012 0.030 0.792 0.010 0.058 0.005 0.003 0.012 
190   ZFCR07    (0)    6 :  0.149 0.004 0.009 0.016 0.011 0.038 0.012 0.105 0.420 0.010 0.059 0.052 0.007 0.109 
191   ZFCR08    (0)    6 :  0.007 0.046 0.026 0.028 0.100 0.015 0.081 0.016 0.212 0.031 0.005 0.040 0.034 0.360 
192   ZFCR09    (0)    6 :  0.016 0.019 0.059 0.149 0.008 0.061 0.029 0.162 0.298 0.028 0.014 0.023 0.101 0.034 
193   ZFCR11    (0)    6 :  0.019 0.002 0.014 0.012 0.015 0.035 0.007 0.019 0.821 0.016 0.009 0.004 0.005 0.021 
194   ZFCR12    (0)    6 :  0.017 0.013 0.010 0.003 0.004 0.043 0.007 0.012 0.767 0.004 0.099 0.010 0.003 0.007 
195   ZFCR13    (0)    6 :  0.266 0.005 0.086 0.003 0.007 0.011 0.007 0.055 0.309 0.011 0.007 0.006 0.003 0.224 
196   ZFCR14    (0)    6 :  0.023 0.011 0.007 0.004 0.010 0.009 0.008 0.006 0.874 0.018 0.006 0.006 0.005 0.013 
197   ZFCR15    (0)    6 :  0.016 0.028 0.017 0.005 0.018 0.015 0.011 0.032 0.770 0.018 0.005 0.009 0.010 0.045 
198   ZFCR16    (0)    6 :  0.008 0.015 0.017 0.005 0.007 0.007 0.006 0.007 0.877 0.020 0.003 0.004 0.003 0.022 
199   ZFCR18    (0)    6 :  0.006 0.006 0.010 0.007 0.008 0.008 0.012 0.042 0.503 0.341 0.007 0.031 0.004 0.016 
200   ZFCR19    (0)    6 :  0.008 0.044 0.015 0.065 0.005 0.011 0.010 0.011 0.771 0.038 0.006 0.006 0.004 0.006 
201   ZFCR20    (0)    6 :  0.086 0.008 0.033 0.028 0.027 0.009 0.006 0.206 0.507 0.030 0.005 0.025 0.005 0.026 
202   ZFCR21    (0)    6 :  0.022 0.009 0.005 0.004 0.004 0.006 0.011 0.011 0.900 0.004 0.003 0.007 0.003 0.011 
203   ZFCR22    (0)    6 :  0.042 0.012 0.006 0.005 0.002 0.006 0.005 0.004 0.890 0.009 0.003 0.007 0.004 0.007 
204   ZFCR23    (0)    6 :  0.048 0.006 0.047 0.010 0.004 0.040 0.003 0.010 0.686 0.014 0.005 0.004 0.047 0.075 
205   ZFCR24    (9)    6 :  0.104 0.007 0.507 0.047 0.029 0.013 0.007 0.044 0.080 0.073 0.004 0.010 0.005 0.071 
206   ZFCR25    (0)    6 :  0.012 0.003 0.004 0.009 0.010 0.005 0.005 0.008 0.918 0.006 0.003 0.006 0.002 0.010 
207   ZFCR26    (0)    6 :  0.251 0.016 0.012 0.081 0.009 0.011 0.018 0.009 0.560 0.004 0.005 0.007 0.004 0.012 
208   ZFCR27    (9)    6 :  0.036 0.003 0.003 0.058 0.015 0.003 0.005 0.042 0.433 0.008 0.003 0.003 0.003 0.384 
209   ZFCR28    (0)    6 :  0.006 0.049 0.057 0.004 0.008 0.024 0.010 0.007 0.714 0.003 0.024 0.007 0.006 0.081 
210   ZFCR29    (0)    6 :  0.018 0.004 0.005 0.009 0.005 0.004 0.004 0.088 0.838 0.009 0.002 0.004 0.004 0.006 
211   ZFCR30    (0)    6 :  0.044 0.007 0.006 0.009 0.007 0.009 0.005 0.009 0.866 0.005 0.009 0.009 0.005 0.009 
212   ZFCR31    (0)    6 :  0.023 0.018 0.066 0.064 0.013 0.067 0.010 0.056 0.477 0.098 0.050 0.029 0.014 0.015 
213   ZFCR33    (0)    6 :  0.024 0.011 0.010 0.018 0.037 0.014 0.045 0.025 0.058 0.006 0.007 0.010 0.021 0.714 
214   ZFCR34    (0)    6 :  0.164 0.010 0.019 0.008 0.005 0.035 0.016 0.065 0.582 0.029 0.008 0.004 0.015 0.039 
215   ZFCR35    (0)    6 :  0.005 0.004 0.005 0.013 0.009 0.006 0.010 0.057 0.794 0.069 0.003 0.004 0.012 0.009 
216   ZFCR36    (0)    6 :  0.018 0.004 0.007 0.014 0.006 0.007 0.006 0.010 0.831 0.050 0.016 0.006 0.015 0.009 
217   ZFCR37    (0)    6 :  0.590 0.004 0.003 0.042 0.040 0.004 0.046 0.046 0.042 0.053 0.004 0.014 0.019 0.093 
218   ZFCR38    (0)    6 :  0.036 0.012 0.008 0.061 0.036 0.009 0.047 0.016 0.219 0.005 0.008 0.012 0.008 0.524 
219   ZFCR39    (0)    6 :  0.010 0.032 0.051 0.027 0.009 0.018 0.086 0.018 0.286 0.030 0.003 0.051 0.210 0.169 
220   ZFCR40    (0)    6 :  0.011 0.004 0.008 0.012 0.010 0.011 0.020 0.006 0.772 0.011 0.004 0.005 0.029 0.096 
221   ZFCR41    (0)    6 :  0.014 0.019 0.006 0.003 0.007 0.092 0.025 0.007 0.787 0.004 0.014 0.007 0.003 0.012 
222   ZFCR42    (0)    6 :  0.074 0.017 0.019 0.012 0.010 0.028 0.040 0.007 0.655 0.007 0.017 0.019 0.016 0.080 
223   ZFCR43    (0)    6 :  0.008 0.004 0.035 0.004 0.009 0.005 0.004 0.009 0.868 0.031 0.005 0.004 0.003 0.009 
224  ZFENP25    (0)    7 :  0.006 0.010 0.011 0.004 0.038 0.005 0.022 0.022 0.038 0.005 0.002 0.007 0.004 0.825 
225  ZFENP26    (0)    7 :  0.004 0.003 0.002 0.007 0.006 0.003 0.004 0.006 0.007 0.006 0.003 0.004 0.007 0.938 
226  ZFENP27    (0)    7 :  0.006 0.011 0.017 0.031 0.026 0.030 0.203 0.025 0.249 0.023 0.067 0.040 0.021 0.250 
227  ZFENP28    (0)    7 :  0.009 0.005 0.004 0.014 0.029 0.005 0.012 0.009 0.031 0.007 0.010 0.005 0.008 0.853 
228  ZFENP29    (0)    7 :  0.008 0.004 0.004 0.005 0.004 0.004 0.010 0.006 0.043 0.004 0.004 0.006 0.005 0.892 
229  ZFENP30    (0)    7 :  0.014 0.006 0.005 0.010 0.007 0.004 0.033 0.009 0.014 0.007 0.009 0.103 0.011 0.766 
230  ZFENP31    (0)    7 :  0.012 0.004 0.005 0.041 0.030 0.005 0.012 0.033 0.019 0.022 0.005 0.370 0.231 0.210 
231  ZFENP32    (0)    7 :  0.010 0.007 0.013 0.025 0.009 0.013 0.009 0.354 0.042 0.068 0.019 0.127 0.155 0.149 
232  ZFENP33    (0)    7 :  0.043 0.003 0.007 0.016 0.027 0.007 0.005 0.028 0.016 0.008 0.004 0.033 0.008 0.794 
233  ZFENP34    (0)    7 :  0.007 0.004 0.005 0.023 0.510 0.006 0.019 0.048 0.028 0.020 0.008 0.123 0.006 0.193 
234  ZFENP35    (0)    7 :  0.009 0.005 0.009 0.005 0.007 0.016 0.005 0.008 0.006 0.019 0.012 0.007 0.063 0.830 
235  ZFENP36    (0)    7 :  0.009 0.002 0.003 0.010 0.005 0.004 0.003 0.014 0.008 0.006 0.011 0.007 0.012 0.907 
236  ZFENP37    (0)    7 :  0.027 0.003 0.006 0.009 0.445 0.006 0.007 0.020 0.007 0.007 0.008 0.009 0.101 0.345 
237  ZFENP38    (0)    7 :  0.462 0.004 0.005 0.021 0.030 0.007 0.016 0.011 0.011 0.009 0.016 0.016 0.021 0.370 
238  ZFENP39    (0)    7 :  0.012 0.003 0.004 0.010 0.025 0.005 0.012 0.023 0.128 0.011 0.005 0.006 0.024 0.731 
239  ZFENP40    (0)    7 :  0.008 0.004 0.009 0.015 0.019 0.006 0.006 0.026 0.103 0.015 0.006 0.012 0.054 0.715 
240  ZFENP41    (0)    7 :  0.008 0.008 0.007 0.006 0.016 0.006 0.067 0.020 0.064 0.022 0.009 0.050 0.028 0.689 
241  ZFENP42    (0)    7 :  0.046 0.004 0.003 0.006 0.004 0.005 0.006 0.004 0.040 0.003 0.003 0.010 0.213 0.651 
242  ZFENP43    (0)    7 :  0.083 0.005 0.007 0.028 0.034 0.033 0.031 0.010 0.024 0.006 0.053 0.008 0.011 0.668 
243  ZFENP44    (0)    7 :  0.047 0.003 0.009 0.011 0.029 0.021 0.016 0.007 0.020 0.005 0.015 0.024 0.126 0.668 
244  ZFENP45    (0)    7 :  0.058 0.333 0.022 0.014 0.013 0.014 0.014 0.007 0.026 0.009 0.009 0.018 0.113 0.351 
245  ZFENP46    (0)    7 :  0.055 0.005 0.015 0.014 0.032 0.020 0.003 0.013 0.020 0.006 0.007 0.011 0.017 0.781 
246  ZFENP47    (0)    7 :  0.005 0.121 0.012 0.019 0.007 0.005 0.065 0.101 0.156 0.082 0.003 0.021 0.245 0.157 
247  ZFENP48    (0)    7 :  0.015 0.008 0.012 0.026 0.451 0.006 0.018 0.025 0.038 0.012 0.008 0.294 0.009 0.079 
248  ZFENP49    (0)    7 :  0.010 0.011 0.010 0.018 0.005 0.006 0.008 0.027 0.528 0.030 0.005 0.150 0.005 0.188 
249  ZFENP50    (0)    7 :  0.097 0.009 0.056 0.024 0.008 0.028 0.005 0.006 0.073 0.009 0.004 0.005 0.050 0.625 
250  ZFENP51    (0)    7 :  0.013 0.050 0.004 0.411 0.011 0.005 0.008 0.014 0.036 0.025 0.007 0.033 0.031 0.352 
251  ZFENP52    (0)    7 :  0.012 0.004 0.004 0.004 0.004 0.013 0.008 0.003 0.006 0.003 0.009 0.006 0.007 0.917 
252  ZFENP53    (0)    7 :  0.025 0.032 0.040 0.009 0.009 0.026 0.008 0.008 0.020 0.006 0.010 0.008 0.019 0.780 
253  ZFENP54    (0)    7 :  0.012 0.006 0.025 0.008 0.008 0.013 0.017 0.005 0.735 0.017 0.006 0.024 0.009 0.116 
254  ZFENP55    (0)    7 :  0.541 0.004 0.005 0.033 0.024 0.004 0.003 0.019 0.056 0.052 0.004 0.010 0.012 0.233 
255  ZFENP56    (0)    7 :  0.067 0.006 0.003 0.022 0.008 0.009 0.007 0.013 0.010 0.012 0.010 0.011 0.006 0.815 
256  ZFENP57    (0)    7 :  0.016 0.002 0.005 0.017 0.027 0.007 0.004 0.026 0.036 0.009 0.011 0.016 0.064 0.761 
257  ZFENP58    (0)    7 :  0.022 0.106 0.007 0.014 0.004 0.013 0.019 0.045 0.144 0.012 0.015 0.286 0.005 0.309 
258  ZFENP59    (0)    7 :  0.010 0.004 0.005 0.008 0.010 0.005 0.067 0.020 0.049 0.011 0.005 0.031 0.044 0.731 
259  ZFENP60    (0)    7 :  0.015 0.014 0.011 0.013 0.037 0.008 0.011 0.023 0.102 0.037 0.007 0.006 0.017 0.700 
260  ZFENP61    (0)    7 :  0.010 0.003 0.003 0.007 0.015 0.004 0.015 0.030 0.065 0.014 0.004 0.008 0.007 0.816 
261 ZFFDSP01    (0)    8 :  0.007 0.023 0.750 0.003 0.006 0.160 0.005 0.011 0.005 0.004 0.016 0.004 0.003 0.003 
262 ZFFDSP02    (0)    8 :  0.004 0.006 0.943 0.002 0.004 0.016 0.004 0.003 0.004 0.003 0.004 0.003 0.002 0.003 
263 ZFFDSP04    (0)    8 :  0.005 0.014 0.910 0.003 0.005 0.032 0.004 0.010 0.004 0.004 0.003 0.003 0.002 0.002 
264 ZFFDSP05    (0)    8 :  0.007 0.010 0.574 0.003 0.003 0.369 0.004 0.005 0.005 0.004 0.005 0.003 0.003 0.004 
265 ZFFDSP06    (0)    8 :  0.005 0.010 0.937 0.002 0.004 0.016 0.006 0.003 0.004 0.002 0.003 0.003 0.002 0.002 
266 ZFFDSP07    (0)    8 :  0.008 0.022 0.902 0.003 0.004 0.007 0.011 0.004 0.005 0.002 0.004 0.019 0.005 0.004 
267 ZFFDSP08    (0)    8 :  0.010 0.064 0.817 0.004 0.003 0.033 0.010 0.003 0.005 0.003 0.012 0.029 0.004 0.004 
268 ZFFDSP10    (0)    8 :  0.007 0.011 0.902 0.003 0.004 0.038 0.004 0.004 0.005 0.004 0.005 0.007 0.003 0.004 
269 ZFFDSP11    (0)    8 :  0.008 0.008 0.910 0.003 0.004 0.036 0.005 0.005 0.004 0.004 0.003 0.003 0.003 0.003 
270 ZFFDSP12    (0)    8 :  0.004 0.008 0.945 0.002 0.003 0.012 0.003 0.002 0.003 0.002 0.004 0.005 0.003 0.003 
271 ZFFDSP13    (0)    8 :  0.007 0.004 0.040 0.003 0.003 0.895 0.008 0.005 0.004 0.003 0.011 0.007 0.004 0.004 
272 ZFFDSP14    (0)    8 :  0.006 0.014 0.934 0.003 0.005 0.006 0.006 0.004 0.004 0.003 0.004 0.006 0.003 0.003 
273 ZFFDSP16    (0)    8 :  0.007 0.004 0.901 0.003 0.007 0.018 0.007 0.010 0.009 0.005 0.017 0.004 0.004 0.006 
274 ZFFDSP17    (0)    8 :  0.008 0.010 0.918 0.003 0.005 0.025 0.005 0.005 0.004 0.003 0.004 0.004 0.002 0.003 
275 ZFFDSP18    (0)    8 :  0.004 0.015 0.924 0.003 0.006 0.009 0.006 0.012 0.005 0.004 0.005 0.003 0.002 0.002 
276 ZFFDSP19    (0)    8 :  0.004 0.026 0.722 0.003 0.007 0.047 0.025 0.007 0.006 0.003 0.141 0.004 0.002 0.003 
277 ZFFDSP21    (0)    8 :  0.004 0.010 0.475 0.002 0.008 0.398 0.017 0.005 0.007 0.003 0.062 0.004 0.002 0.003 
278 ZFFDSP22    (0)    8 :  0.006 0.071 0.877 0.002 0.003 0.014 0.006 0.003 0.004 0.002 0.004 0.004 0.002 0.003 
279 ZFFDSP23    (0)    8 :  0.005 0.162 0.607 0.002 0.004 0.187 0.005 0.004 0.004 0.002 0.009 0.003 0.002 0.003 
280 ZFFDSP24    (0)    8 :  0.006 0.007 0.571 0.003 0.005 0.364 0.005 0.006 0.005 0.005 0.012 0.005 0.002 0.003 
281 ZFFDSP26    (9)    8 :  0.005 0.014 0.716 0.003 0.003 0.225 0.005 0.005 0.005 0.003 0.006 0.004 0.003 0.003 
282 ZFFDSP27    (0)    8 :  0.004 0.007 0.925 0.003 0.005 0.023 0.004 0.005 0.004 0.004 0.008 0.003 0.002 0.003 
283 ZFFDSP28    (0)    8 :  0.010 0.009 0.778 0.014 0.023 0.067 0.005 0.028 0.010 0.027 0.005 0.012 0.005 0.006 
284 ZFFDSP30    (0)    8 :  0.011 0.015 0.310 0.005 0.006 0.375 0.008 0.174 0.007 0.030 0.030 0.009 0.015 0.004 
285 ZFFDSP31    (0)    8 :  0.005 0.006 0.923 0.002 0.011 0.018 0.006 0.003 0.004 0.002 0.007 0.005 0.002 0.004 
286 ZFFDSP32    (0)    8 :  0.005 0.006 0.936 0.002 0.004 0.021 0.003 0.003 0.003 0.002 0.005 0.004 0.002 0.003 
287 ZFFDSP33    (0)    8 :  0.004 0.006 0.935 0.002 0.004 0.025 0.002 0.003 0.003 0.003 0.005 0.003 0.003 0.003 
288 ZFFDSP34    (0)    8 :  0.005 0.009 0.930 0.002 0.004 0.018 0.007 0.003 0.004 0.003 0.005 0.005 0.002 0.002 
289 ZFFDSP35    (0)    8 :  0.005 0.007 0.616 0.002 0.004 0.331 0.005 0.006 0.004 0.005 0.005 0.004 0.002 0.003 
290 ZFFDSP37    (0)    8 :  0.004 0.004 0.928 0.002 0.005 0.027 0.003 0.004 0.004 0.003 0.006 0.004 0.002 0.003 
