

----------------------------------------------------
STRUCTURE by Pritchard, Stephens and Donnelly (2000)
     and Falush, Stephens and Pritchard (2003)
       Code by Pritchard, Falush and Hubisz
             Version 2.3.4 (Jul 2012)
----------------------------------------------------



Command line arguments:   bin\structure -m C:\Users\eschumacher\Documents\GitHub\GCC_QUAC_ZAIN\Data_Files\Structure_Files\ZAIN\ZAIN_rebinned_wild\50-50\mainparams -e C:\Users\eschumacher\Documents\GitHub\GCC_QUAC_ZAIN\Data_Files\Structure_Files\ZAIN\ZAIN_rebinned_wild\50-50\extraparams 
Input File:    C:\Users\eschumacher\Documents\GitHub\GCC_QUAC_ZAIN\Data_Files\Structure_Files\ZAIN\ZAIN_rebinned_wild\project_data

Run parameters:
   751 individuals
   11 loci
   6 populations assumed
   50000 Burn-in period
   50000 Reps


--------------------------------------------
Proportion of membership of each pre-defined
 population in each of the 6 clusters

Given    Inferred Clusters                            Number of
 Pop       1      2      3      4      5      6      Individuals

  1:     0.011  0.008  0.939  0.006  0.030  0.006       35
  2:     0.010  0.795  0.009  0.032  0.006  0.149       36
  3:     0.012  0.868  0.006  0.009  0.007  0.098       33
  4:     0.006  0.012  0.011  0.953  0.011  0.007       40
  5:     0.004  0.005  0.003  0.010  0.003  0.974       39
  6:     0.686  0.060  0.173  0.031  0.024  0.026       40
  7:     0.763  0.021  0.088  0.043  0.072  0.013       37
  8:     0.005  0.852  0.007  0.007  0.003  0.125       40
  9:     0.007  0.005  0.932  0.039  0.004  0.013       28
 10:     0.016  0.011  0.013  0.936  0.015  0.010       14
 11:     0.029  0.010  0.012  0.009  0.910  0.031       13
 12:     0.005  0.056  0.005  0.016  0.002  0.917       14
 13:     0.007  0.907  0.006  0.012  0.014  0.054       25
 14:     0.014  0.946  0.006  0.017  0.008  0.010       40
 15:     0.020  0.018  0.021  0.883  0.008  0.050       32
 16:     0.003  0.003  0.003  0.003  0.985  0.003       20
 17:     0.289  0.010  0.680  0.010  0.003  0.009        4
 18:     0.024  0.025  0.924  0.015  0.004  0.009       23
 19:     0.017  0.006  0.957  0.010  0.004  0.006       39
 20:     0.015  0.005  0.925  0.007  0.044  0.004       38
 21:     0.009  0.112  0.005  0.009  0.006  0.859       45
 22:     0.010  0.369  0.006  0.017  0.023  0.576       28
 23:     0.053  0.005  0.919  0.007  0.007  0.008        6
 24:     0.924  0.023  0.017  0.011  0.004  0.020       40
 25:     0.846  0.018  0.027  0.018  0.071  0.020       42
--------------------------------------------

Allele-freq. divergence among pops (Net nucleotide distance),
computed using point estimates of P.

      1       2       3       4       5       6      
 1      -    0.1417  0.0791  0.0954  0.2206  0.1136  
 2   0.1417     -    0.2197  0.1496  0.3607  0.0890  
 3   0.0791  0.2197     -    0.1424  0.2519  0.2060  
 4   0.0954  0.1496  0.1424     -    0.2932  0.1181  
 5   0.2206  0.3607  0.2519  0.2932     -    0.3511  
 6   0.1136  0.0890  0.2060  0.1181  0.3511     -    

Average distances (expected heterozygosity) between individuals in same cluster:
cluster  1  : 0.5642 
cluster  2  : 0.4364 
cluster  3  : 0.4954 
cluster  4  : 0.4376 
cluster  5  : 0.2709 
cluster  6  : 0.4145 

--------------------------------------------
Estimated Ln Prob of Data   = -14567.9
Mean value of ln likelihood = -14294.2
Variance of ln likelihood   = 547.4
Mean value of alpha         = 0.0332

Mean value of Fst_1         = 0.1155
Mean value of Fst_2         = 0.3001
Mean value of Fst_3         = 0.3362
Mean value of Fst_4         = 0.4057
Mean value of Fst_5         = 0.6013
Mean value of Fst_6         = 0.4577


Inferred ancestry of individuals:
        Label (%Miss) Pop:  Inferred clusters
  1    ZFB01    (0)    1 :  0.004 0.005 0.976 0.004 0.007 0.004 
  2    ZFB02    (0)    1 :  0.006 0.004 0.967 0.008 0.012 0.003 
  3    ZFB03    (0)    1 :  0.010 0.004 0.968 0.006 0.003 0.009 
  4    ZFB04    (0)    1 :  0.004 0.005 0.968 0.006 0.014 0.003 
  5    ZFB05    (0)    1 :  0.066 0.006 0.839 0.009 0.070 0.010 
  6    ZFB06    (0)    1 :  0.049 0.006 0.875 0.007 0.051 0.011 
  7    ZFB07    (9)    1 :  0.009 0.008 0.958 0.005 0.011 0.009 
  8    ZFB08    (0)    1 :  0.009 0.005 0.972 0.006 0.003 0.005 
  9    ZFB09    (0)    1 :  0.006 0.003 0.981 0.004 0.004 0.003 
 10    ZFB10    (0)    1 :  0.006 0.018 0.955 0.007 0.009 0.006 
 11    ZFB11    (0)    1 :  0.004 0.008 0.957 0.006 0.021 0.004 
 12    ZFB12    (0)    1 :  0.008 0.004 0.971 0.003 0.008 0.006 
 13    ZFB13    (0)    1 :  0.008 0.007 0.973 0.004 0.003 0.005 
 14    ZFB14    (0)    1 :  0.005 0.005 0.976 0.006 0.003 0.004 
 15    ZFB15    (0)    1 :  0.004 0.003 0.979 0.003 0.008 0.003 
 16    ZFB16    (0)    1 :  0.006 0.005 0.975 0.004 0.006 0.004 
 17    ZFB17    (0)    1 :  0.030 0.017 0.896 0.020 0.028 0.009 
 18    ZFB18    (0)    1 :  0.005 0.004 0.979 0.005 0.003 0.003 
 19    ZFB19    (0)    1 :  0.021 0.023 0.935 0.004 0.005 0.012 
 20    ZFB20    (0)    1 :  0.006 0.004 0.969 0.004 0.014 0.004 
 21    ZFB21    (0)    1 :  0.005 0.003 0.979 0.003 0.007 0.003 
 22    ZFB22    (0)    1 :  0.013 0.017 0.905 0.010 0.044 0.010 
 23    ZFB23    (0)    1 :  0.006 0.007 0.945 0.005 0.030 0.006 
 24    ZFB24    (0)    1 :  0.004 0.007 0.950 0.005 0.029 0.004 
 25    ZFB25    (0)    1 :  0.005 0.029 0.939 0.006 0.011 0.011 
 26    ZFB26    (0)    1 :  0.005 0.018 0.876 0.007 0.087 0.007 
 27    ZFB27    (0)    1 :  0.004 0.008 0.836 0.005 0.143 0.004 
 28    ZFB28    (0)    1 :  0.011 0.005 0.903 0.008 0.066 0.007 
 29    ZFB29    (0)    1 :  0.006 0.004 0.972 0.006 0.010 0.003 
 30    ZFB30    (0)    1 :  0.032 0.008 0.677 0.004 0.270 0.008 
 31    ZFB31    (0)    1 :  0.005 0.015 0.959 0.005 0.009 0.008 
 32    ZFB32    (0)    1 :  0.018 0.008 0.920 0.017 0.026 0.010 
 33    ZFB33    (0)    1 :  0.004 0.004 0.978 0.003 0.008 0.003 
 34    ZFB34    (0)    1 :  0.005 0.004 0.979 0.005 0.003 0.004 
 35    ZFB35    (0)    1 :  0.005 0.006 0.971 0.006 0.006 0.006 
 36  ZFBP101    (0)    2 :  0.017 0.675 0.017 0.125 0.003 0.162 
 37  ZFBP102    (0)    2 :  0.018 0.887 0.026 0.025 0.003 0.042 
 38  ZFBP103    (0)    2 :  0.015 0.213 0.012 0.239 0.003 0.518 
 39  ZFBP104    (0)    2 :  0.048 0.534 0.046 0.004 0.003 0.365 
 40  ZFBP105    (0)    2 :  0.009 0.673 0.009 0.006 0.007 0.296 
 41  ZFBP106    (0)    2 :  0.005 0.814 0.004 0.007 0.004 0.167 
 42  ZFBP107    (0)    2 :  0.014 0.422 0.009 0.012 0.046 0.497 
 43  ZFBP108    (0)    2 :  0.004 0.973 0.004 0.003 0.004 0.012 
 44  ZFBP109    (0)    2 :  0.005 0.971 0.005 0.005 0.002 0.012 
 45  ZFBP110    (0)    2 :  0.049 0.142 0.045 0.073 0.003 0.688 
 46  ZFBP111    (0)    2 :  0.004 0.966 0.003 0.004 0.003 0.020 
 47  ZFBP112    (0)    2 :  0.005 0.967 0.004 0.007 0.006 0.010 
 48  ZFBP113    (0)    2 :  0.007 0.971 0.004 0.004 0.005 0.010 
 49  ZFBP114    (0)    2 :  0.005 0.945 0.004 0.010 0.016 0.019 
 50  ZFBP115    (0)    2 :  0.007 0.317 0.003 0.009 0.004 0.661 
 51  ZFBP116    (0)    2 :  0.007 0.957 0.003 0.005 0.005 0.023 
 52  ZFBP117    (0)    2 :  0.005 0.967 0.003 0.008 0.002 0.014 
 53  ZFBP118    (0)    2 :  0.005 0.956 0.004 0.006 0.018 0.011 
 54  ZFBP119    (0)    2 :  0.009 0.652 0.004 0.036 0.003 0.296 
 55  ZFBP120    (0)    2 :  0.008 0.706 0.008 0.005 0.005 0.267 
 56  ZFBP121    (0)    2 :  0.006 0.926 0.007 0.012 0.003 0.046 
 57  ZFBP122    (9)    2 :  0.005 0.957 0.004 0.005 0.004 0.026 
 58  ZFBP123    (0)    2 :  0.005 0.958 0.004 0.015 0.007 0.010 
 59  ZFBP124    (0)    2 :  0.004 0.959 0.008 0.006 0.005 0.018 
 60  ZFBP125    (0)    2 :  0.004 0.968 0.003 0.006 0.003 0.017 
 61  ZFBP126    (0)    2 :  0.032 0.898 0.019 0.034 0.004 0.014 
 62  ZFBP127    (0)    2 :  0.005 0.592 0.004 0.024 0.003 0.372 
 63  ZFBP128    (0)    2 :  0.003 0.973 0.004 0.006 0.003 0.011 
 64  ZFBP129    (0)    2 :  0.005 0.969 0.005 0.010 0.003 0.009 
 65  ZFBP130    (0)    2 :  0.004 0.972 0.002 0.009 0.004 0.009 
 66  ZFBP131    (0)    2 :  0.005 0.978 0.004 0.005 0.004 0.005 
 67  ZFBP132    (0)    2 :  0.005 0.960 0.004 0.004 0.004 0.023 
 68  ZFBP133    (0)    2 :  0.003 0.983 0.003 0.005 0.002 0.004 
 69  ZFBP134    (0)    2 :  0.006 0.368 0.004 0.048 0.004 0.571 
 70  ZFBP135    (0)    2 :  0.013 0.612 0.021 0.279 0.003 0.072 
 71  ZFBP136    (0)    2 :  0.006 0.839 0.004 0.077 0.010 0.064 
 72  ZFBP201    (0)    3 :  0.009 0.944 0.007 0.006 0.010 0.024 
 73  ZFBP202    (0)    3 :  0.006 0.953 0.007 0.005 0.003 0.026 
 74  ZFBP203    (0)    3 :  0.023 0.895 0.008 0.005 0.060 0.009 
 75  ZFBP204    (0)    3 :  0.007 0.806 0.005 0.020 0.006 0.154 
 76  ZFBP205    (0)    3 :  0.004 0.974 0.003 0.008 0.005 0.005 
 77  ZFBP206    (0)    3 :  0.006 0.964 0.005 0.012 0.007 0.006 
 78  ZFBP207    (0)    3 :  0.005 0.451 0.005 0.017 0.005 0.517 
 79  ZFBP208    (0)    3 :  0.009 0.959 0.004 0.007 0.014 0.007 
 80  ZFBP209    (0)    3 :  0.003 0.982 0.003 0.006 0.002 0.004 
 81  ZFBP210    (0)    3 :  0.008 0.948 0.006 0.005 0.014 0.018 
 82  ZFBP211    (0)    3 :  0.006 0.958 0.007 0.006 0.004 0.019 
 83  ZFBP212    (0)    3 :  0.004 0.536 0.006 0.003 0.004 0.447 
 84  ZFBP213    (0)    3 :  0.008 0.947 0.011 0.015 0.005 0.014 
 85  ZFBP214    (0)    3 :  0.015 0.876 0.010 0.046 0.005 0.049 
 86  ZFBP215    (0)    3 :  0.004 0.973 0.004 0.006 0.003 0.010 
 87  ZFBP216    (0)    3 :  0.022 0.898 0.006 0.007 0.009 0.057 
 88  ZFBP217    (0)    3 :  0.006 0.951 0.005 0.006 0.004 0.028 
 89  ZFBP218    (0)    3 :  0.004 0.980 0.003 0.003 0.003 0.007 
 90  ZFBP219    (0)    3 :  0.006 0.974 0.004 0.003 0.005 0.009 
 91  ZFBP220    (0)    3 :  0.005 0.952 0.003 0.008 0.004 0.027 
 92  ZFBP221    (0)    3 :  0.004 0.873 0.005 0.003 0.005 0.110 
 93  ZFBP222    (0)    3 :  0.006 0.970 0.006 0.008 0.006 0.005 
 94  ZFBP223    (0)    3 :  0.009 0.316 0.008 0.013 0.008 0.645 
 95  ZFBP224    (0)    3 :  0.007 0.963 0.006 0.007 0.005 0.012 
 96  ZFBP225    (0)    3 :  0.006 0.930 0.003 0.009 0.008 0.045 
 97  ZFBP226    (0)    3 :  0.005 0.960 0.004 0.004 0.005 0.021 
 98  ZFBP227    (0)    3 :  0.169 0.602 0.035 0.007 0.005 0.182 
 99  ZFBP228    (0)    3 :  0.004 0.286 0.004 0.015 0.003 0.687 
100  ZFBP229    (0)    3 :  0.005 0.973 0.003 0.006 0.003 0.010 
101  ZFBP230    (0)    3 :  0.007 0.948 0.004 0.013 0.004 0.024 
102  ZFBP231    (0)    3 :  0.006 0.958 0.006 0.007 0.004 0.018 
103  ZFBP232    (0)    3 :  0.003 0.978 0.003 0.005 0.004 0.007 
104  ZFBP233    (0)    3 :  0.007 0.958 0.006 0.006 0.004 0.020 
105   ZFCC01    (0)    4 :  0.004 0.004 0.010 0.974 0.004 0.004 
106   ZFCC03    (0)    4 :  0.003 0.005 0.004 0.980 0.003 0.005 
107   ZFCC04    (0)    4 :  0.004 0.004 0.004 0.979 0.003 0.004 
108   ZFCC05    (0)    4 :  0.006 0.006 0.006 0.971 0.004 0.008 
109   ZFCC08    (0)    4 :  0.004 0.013 0.004 0.970 0.002 0.007 
110   ZFCC09    (0)    4 :  0.004 0.004 0.006 0.978 0.003 0.005 
111   ZFCC10    (0)    4 :  0.004 0.005 0.010 0.973 0.003 0.004 
112   ZFCC11    (0)    4 :  0.004 0.005 0.006 0.976 0.003 0.006 
113   ZFCC12    (0)    4 :  0.009 0.005 0.032 0.942 0.004 0.008 
114   ZFCC13    (0)    4 :  0.008 0.010 0.004 0.957 0.010 0.011 
115   ZFCC14    (0)    4 :  0.005 0.008 0.008 0.971 0.005 0.004 
116   ZFCC15    (0)    4 :  0.007 0.005 0.005 0.973 0.005 0.005 
117   ZFCC16    (0)    4 :  0.005 0.004 0.005 0.978 0.003 0.004 
118   ZFCC17    (0)    4 :  0.004 0.003 0.006 0.977 0.006 0.004 
119   ZFCC18    (0)    4 :  0.004 0.005 0.005 0.977 0.003 0.005 
120   ZFCC19    (0)    4 :  0.007 0.003 0.005 0.975 0.007 0.004 
121   ZFCC20    (0)    4 :  0.005 0.004 0.004 0.979 0.002 0.006 
122   ZFCC21    (0)    4 :  0.013 0.041 0.007 0.923 0.008 0.008 
123   ZFCC22    (0)    4 :  0.005 0.195 0.005 0.770 0.005 0.020 
124   ZFCC26    (0)    4 :  0.004 0.004 0.005 0.980 0.003 0.004 
125   ZFCC27    (0)    4 :  0.003 0.003 0.004 0.982 0.003 0.005 
126   ZFCC29    (0)    4 :  0.007 0.004 0.007 0.974 0.003 0.005 
127   ZFCC30    (0)    4 :  0.003 0.004 0.003 0.980 0.003 0.006 
128   ZFCC32    (0)    4 :  0.007 0.005 0.006 0.970 0.007 0.006 
129   ZFCC33    (0)    4 :  0.005 0.004 0.006 0.976 0.004 0.005 
130   ZFCC34    (0)    4 :  0.006 0.036 0.018 0.892 0.008 0.040 
131   ZFCC35    (0)    4 :  0.004 0.004 0.003 0.981 0.003 0.005 
132   ZFCC36    (0)    4 :  0.009 0.009 0.005 0.956 0.014 0.006 
133   ZFCC37    (0)    4 :  0.012 0.007 0.030 0.938 0.004 0.008 
134   ZFCC40    (0)    4 :  0.003 0.006 0.006 0.974 0.008 0.004 
135   ZFCC42    (0)    4 :  0.027 0.005 0.152 0.565 0.233 0.018 
136   ZFCC44    (0)    4 :  0.003 0.003 0.003 0.981 0.005 0.005 
137   ZFCC45    (9)    4 :  0.010 0.005 0.014 0.951 0.015 0.006 
138   ZFCC46    (0)    4 :  0.005 0.011 0.003 0.964 0.004 0.013 
139   ZFCC47    (0)    4 :  0.005 0.006 0.022 0.959 0.003 0.006 
140   ZFCC48    (0)    4 :  0.005 0.026 0.005 0.954 0.004 0.006 
141   ZFCC50    (0)    4 :  0.004 0.003 0.004 0.981 0.004 0.004 
142   ZFCC51    (0)    4 :  0.004 0.003 0.004 0.980 0.003 0.006 
143   ZFCC52    (0)    4 :  0.004 0.011 0.005 0.969 0.006 0.006 
144   ZFCC53    (0)    4 :  0.003 0.003 0.004 0.982 0.003 0.004 
145  ZFCNS01    (0)    5 :  0.009 0.003 0.003 0.005 0.006 0.973 
146  ZFCNS02    (0)    5 :  0.004 0.005 0.003 0.009 0.003 0.976 
147  ZFCNS05    (0)    5 :  0.004 0.006 0.005 0.010 0.003 0.972 
148  ZFCNS06    (0)    5 :  0.004 0.006 0.004 0.011 0.003 0.973 
149  ZFCNS07    (0)    5 :  0.004 0.010 0.004 0.005 0.003 0.975 
150  ZFCNS10    (0)    5 :  0.003 0.005 0.003 0.005 0.003 0.982 
151  ZFCNS11    (0)    5 :  0.006 0.004 0.003 0.006 0.004 0.977 
152  ZFCNS15    (0)    5 :  0.004 0.008 0.004 0.004 0.003 0.978 
153  ZFCNS17    (0)    5 :  0.004 0.005 0.003 0.013 0.003 0.973 
154  ZFCNS18    (0)    5 :  0.003 0.004 0.003 0.005 0.003 0.982 
155  ZFCNS19    (0)    5 :  0.004 0.004 0.003 0.008 0.003 0.979 
156  ZFCNS20    (0)    5 :  0.004 0.013 0.003 0.008 0.003 0.969 
157  ZFCNS21    (0)    5 :  0.003 0.004 0.003 0.008 0.003 0.980 
158  ZFCNS22    (0)    5 :  0.005 0.008 0.004 0.006 0.003 0.975 
159  ZFCNS23    (0)    5 :  0.008 0.008 0.007 0.023 0.011 0.943 
160  ZFCNS24    (0)    5 :  0.004 0.005 0.003 0.022 0.003 0.964 
161  ZFCNS25    (0)    5 :  0.004 0.008 0.003 0.010 0.003 0.972 
162  ZFCNS26    (0)    5 :  0.003 0.005 0.003 0.004 0.003 0.982 
163  ZFCNS27    (0)    5 :  0.004 0.008 0.003 0.004 0.003 0.977 
164  ZFCNS28    (0)    5 :  0.004 0.005 0.004 0.007 0.002 0.978 
165  ZFCNS29    (0)    5 :  0.004 0.006 0.004 0.011 0.003 0.972 
166  ZFCNS30    (0)    5 :  0.004 0.004 0.004 0.008 0.003 0.977 
167  ZFCNS31    (0)    5 :  0.004 0.005 0.004 0.005 0.003 0.980 
168  ZFCNS32    (0)    5 :  0.004 0.005 0.004 0.007 0.002 0.979 
169  ZFCNS33    (0)    5 :  0.004 0.004 0.003 0.005 0.003 0.981 
170  ZFCNS34    (0)    5 :  0.004 0.006 0.004 0.024 0.003 0.959 
171  ZFCNS35    (0)    5 :  0.004 0.004 0.004 0.006 0.003 0.979 
172  ZFCNS36    (0)    5 :  0.004 0.006 0.003 0.047 0.003 0.937 
173  ZFCNS37    (0)    5 :  0.004 0.004 0.003 0.006 0.003 0.980 
174  ZFCNS39    (0)    5 :  0.004 0.004 0.003 0.008 0.003 0.979 
175  ZFCNS40    (0)    5 :  0.004 0.007 0.003 0.026 0.003 0.958 
176  ZFCNS41    (0)    5 :  0.007 0.007 0.005 0.010 0.004 0.966 
177  ZFCNS42    (0)    5 :  0.004 0.005 0.003 0.005 0.002 0.980 
178  ZFCNS43    (0)    5 :  0.004 0.004 0.003 0.009 0.003 0.977 
179  ZFCNS44    (0)    5 :  0.003 0.003 0.003 0.007 0.003 0.981 
180  ZFCNS46    (0)    5 :  0.004 0.005 0.003 0.007 0.003 0.978 
181  ZFCNS47    (0)    5 :  0.003 0.003 0.003 0.007 0.003 0.980 
182  ZFCNS48    (0)    5 :  0.004 0.005 0.003 0.006 0.003 0.979 
183  ZFCNS49    (0)    5 :  0.003 0.005 0.003 0.003 0.003 0.983 
184   ZFCR01    (0)    6 :  0.473 0.055 0.441 0.016 0.008 0.007 
185   ZFCR02    (0)    6 :  0.898 0.019 0.036 0.026 0.014 0.008 
186   ZFCR03    (0)    6 :  0.269 0.070 0.549 0.060 0.044 0.008 
187   ZFCR04    (0)    6 :  0.096 0.045 0.760 0.022 0.034 0.043 
188   ZFCR05    (0)    6 :  0.915 0.005 0.046 0.023 0.007 0.003 
189   ZFCR06    (0)    6 :  0.607 0.093 0.113 0.029 0.004 0.154 
190   ZFCR07    (0)    6 :  0.891 0.006 0.036 0.015 0.006 0.046 
191   ZFCR08    (0)    6 :  0.419 0.131 0.210 0.172 0.057 0.010 
192   ZFCR09    (0)    6 :  0.153 0.087 0.511 0.066 0.127 0.056 
193   ZFCR11    (0)    6 :  0.775 0.020 0.129 0.010 0.006 0.062 
194   ZFCR12    (0)    6 :  0.784 0.028 0.009 0.014 0.005 0.161 
195   ZFCR13    (0)    6 :  0.917 0.054 0.009 0.006 0.003 0.011 
196   ZFCR14    (0)    6 :  0.951 0.008 0.019 0.011 0.005 0.006 
197   ZFCR15    (0)    6 :  0.846 0.041 0.051 0.027 0.020 0.015 
198   ZFCR16    (0)    6 :  0.906 0.026 0.049 0.009 0.004 0.006 
199   ZFCR18    (0)    6 :  0.212 0.026 0.664 0.074 0.006 0.018 
200   ZFCR19    (0)    6 :  0.300 0.199 0.445 0.034 0.005 0.017 
201   ZFCR20    (0)    6 :  0.097 0.058 0.809 0.017 0.006 0.012 
202   ZFCR21    (0)    6 :  0.947 0.012 0.013 0.017 0.003 0.007 
203   ZFCR22    (0)    6 :  0.966 0.013 0.008 0.006 0.003 0.005 
204   ZFCR23    (0)    6 :  0.738 0.142 0.029 0.005 0.049 0.038 
205   ZFCR24    (9)    6 :  0.335 0.510 0.130 0.011 0.007 0.008 
206   ZFCR25    (0)    6 :  0.969 0.004 0.015 0.006 0.003 0.004 
207   ZFCR26    (0)    6 :  0.821 0.029 0.117 0.021 0.003 0.009 
208   ZFCR27    (9)    6 :  0.928 0.003 0.057 0.005 0.004 0.003 
209   ZFCR28    (0)    6 :  0.660 0.283 0.011 0.012 0.009 0.024 
210   ZFCR29    (0)    6 :  0.851 0.015 0.113 0.011 0.004 0.005 
211   ZFCR30    (0)    6 :  0.969 0.006 0.009 0.006 0.004 0.006 
212   ZFCR31    (0)    6 :  0.272 0.139 0.424 0.023 0.018 0.124 
213   ZFCR33    (0)    6 :  0.905 0.009 0.026 0.032 0.018 0.009 
214   ZFCR34    (0)    6 :  0.821 0.047 0.041 0.024 0.020 0.045 
215   ZFCR35    (0)    6 :  0.125 0.015 0.794 0.039 0.009 0.018 
216   ZFCR36    (0)    6 :  0.883 0.008 0.078 0.008 0.012 0.011 
217   ZFCR37    (0)    6 :  0.933 0.005 0.019 0.031 0.008 0.004 
218   ZFCR38    (0)    6 :  0.907 0.008 0.039 0.030 0.009 0.006 
219   ZFCR39    (0)    6 :  0.351 0.086 0.036 0.202 0.313 0.012 
220   ZFCR40    (0)    6 :  0.861 0.011 0.026 0.029 0.063 0.010 
221   ZFCR41    (0)    6 :  0.918 0.010 0.007 0.034 0.003 0.028 
222   ZFCR42    (0)    6 :  0.904 0.024 0.009 0.033 0.013 0.017 
223   ZFCR43    (0)    6 :  0.886 0.059 0.037 0.006 0.005 0.007 
224  ZFENP25    (0)    7 :  0.894 0.014 0.057 0.025 0.007 0.004 
225  ZFENP26    (0)    7 :  0.959 0.003 0.011 0.006 0.017 0.004 
226  ZFENP27    (0)    7 :  0.187 0.013 0.343 0.355 0.020 0.082 
227  ZFENP28    (0)    7 :  0.938 0.004 0.025 0.011 0.017 0.006 
228  ZFENP29    (0)    7 :  0.971 0.003 0.007 0.007 0.008 0.004 
229  ZFENP30    (0)    7 :  0.880 0.005 0.009 0.070 0.030 0.006 
230  ZFENP31    (0)    7 :  0.305 0.009 0.172 0.095 0.410 0.010 
231  ZFENP32    (0)    7 :  0.239 0.014 0.488 0.031 0.202 0.026 
232  ZFENP33    (0)    7 :  0.938 0.005 0.033 0.009 0.010 0.005 
233  ZFENP34    (0)    7 :  0.346 0.012 0.562 0.053 0.011 0.016 
234  ZFENP35    (0)    7 :  0.739 0.009 0.016 0.006 0.212 0.019 
235  ZFENP36    (0)    7 :  0.949 0.003 0.017 0.004 0.021 0.006 
236  ZFENP37    (0)    7 :  0.836 0.005 0.097 0.012 0.039 0.010 
237  ZFENP38    (0)    7 :  0.954 0.004 0.009 0.013 0.010 0.010 
238  ZFENP39    (0)    7 :  0.926 0.003 0.033 0.011 0.023 0.005 
239  ZFENP40    (0)    7 :  0.797 0.007 0.089 0.015 0.086 0.007 
240  ZFENP41    (0)    7 :  0.754 0.008 0.020 0.117 0.093 0.008 
241  ZFENP42    (0)    7 :  0.677 0.003 0.005 0.006 0.305 0.004 
242  ZFENP43    (0)    7 :  0.889 0.005 0.012 0.036 0.012 0.046 
243  ZFENP44    (0)    7 :  0.676 0.008 0.013 0.044 0.203 0.056 
244  ZFENP45    (0)    7 :  0.490 0.318 0.010 0.020 0.148 0.014 
245  ZFENP46    (0)    7 :  0.936 0.008 0.021 0.004 0.019 0.012 
246  ZFENP47    (0)    7 :  0.245 0.112 0.108 0.236 0.293 0.005 
247  ZFENP48    (0)    7 :  0.229 0.032 0.581 0.119 0.020 0.018 
248  ZFENP49    (0)    7 :  0.839 0.017 0.093 0.036 0.005 0.009 
249  ZFENP50    (0)    7 :  0.917 0.020 0.009 0.005 0.039 0.011 
250  ZFENP51    (0)    7 :  0.714 0.026 0.146 0.012 0.097 0.005 
251  ZFENP52    (0)    7 :  0.940 0.004 0.004 0.017 0.016 0.019 
252  ZFENP53    (0)    7 :  0.922 0.020 0.007 0.007 0.031 0.012 
253  ZFENP54    (0)    7 :  0.904 0.031 0.017 0.029 0.010 0.011 
254  ZFENP55    (0)    7 :  0.921 0.005 0.060 0.004 0.007 0.005 
255  ZFENP56    (0)    7 :  0.962 0.003 0.013 0.006 0.008 0.008 
256  ZFENP57    (0)    7 :  0.867 0.003 0.023 0.005 0.092 0.010 
257  ZFENP58    (0)    7 :  0.894 0.026 0.010 0.050 0.007 0.013 
258  ZFENP59    (0)    7 :  0.767 0.005 0.029 0.097 0.098 0.005 
259  ZFENP60    (0)    7 :  0.884 0.009 0.069 0.009 0.022 0.006 
260  ZFENP61    (0)    7 :  0.939 0.003 0.028 0.013 0.013 0.003 
261 ZFFDSP01    (0)    8 :  0.004 0.932 0.006 0.004 0.004 0.050 
262 ZFFDSP02    (0)    8 :  0.004 0.976 0.004 0.004 0.002 0.010 
263 ZFFDSP04    (0)    8 :  0.003 0.979 0.005 0.004 0.002 0.006 
264 ZFFDSP05    (0)    8 :  0.005 0.920 0.004 0.004 0.004 0.062 
265 ZFFDSP06    (0)    8 :  0.003 0.980 0.003 0.005 0.002 0.006 
266 ZFFDSP07    (0)    8 :  0.006 0.964 0.004 0.014 0.005 0.007 
267 ZFFDSP08    (0)    8 :  0.006 0.960 0.003 0.013 0.004 0.014 
268 ZFFDSP10    (0)    8 :  0.006 0.962 0.004 0.005 0.004 0.019 
269 ZFFDSP11    (0)    8 :  0.005 0.970 0.005 0.004 0.004 0.012 
270 ZFFDSP12    (0)    8 :  0.004 0.976 0.003 0.004 0.003 0.010 
271 ZFFDSP13    (0)    8 :  0.009 0.065 0.004 0.011 0.005 0.906 
272 ZFFDSP14    (0)    8 :  0.005 0.975 0.004 0.007 0.003 0.006 
273 ZFFDSP16    (0)    8 :  0.012 0.932 0.008 0.009 0.005 0.034 
274 ZFFDSP17    (0)    8 :  0.005 0.970 0.004 0.006 0.003 0.011 
275 ZFFDSP18    (0)    8 :  0.004 0.974 0.007 0.006 0.002 0.008 
276 ZFFDSP19    (0)    8 :  0.004 0.775 0.007 0.034 0.003 0.177 
277 ZFFDSP21    (0)    8 :  0.004 0.561 0.006 0.019 0.003 0.407 
278 ZFFDSP22    (0)    8 :  0.004 0.980 0.003 0.005 0.002 0.006 
279 ZFFDSP23    (0)    8 :  0.003 0.969 0.003 0.005 0.002 0.018 
280 ZFFDSP24    (0)    8 :  0.005 0.726 0.006 0.006 0.003 0.255 
281 ZFFDSP26    (9)    8 :  0.004 0.944 0.004 0.006 0.003 0.040 
282 ZFFDSP27    (0)    8 :  0.004 0.964 0.006 0.005 0.003 0.019 
283 ZFFDSP28    (0)    8 :  0.018 0.846 0.088 0.015 0.011 0.023 
284 ZFFDSP30    (0)    8 :  0.006 0.273 0.024 0.011 0.011 0.674 
285 ZFFDSP31    (0)    8 :  0.005 0.958 0.006 0.007 0.002 0.022 
286 ZFFDSP32    (0)    8 :  0.004 0.974 0.004 0.004 0.003 0.012 
287 ZFFDSP33    (0)    8 :  0.004 0.971 0.004 0.003 0.003 0.016 
288 ZFFDSP34    (0)    8 :  0.003 0.973 0.004 0.007 0.002 0.010 
289 ZFFDSP35    (0)    8 :  0.004 0.907 0.005 0.004 0.003 0.077 
290 ZFFDSP37    (0)    8 :  0.004 0.964 0.005 0.006 0.003 0.019 
291 ZFFDSP38    (0)    8 :  0.004 0.971 0.006 0.004 0.003 0.012 
292 ZFFDSP39    (0)    8 :  0.003 0.670 0.004 0.004 0.003 0.316 
293 ZFFDSP40    (0)    8 :  0.004 0.585 0.006 0.004 0.003 0.398 
294 ZFFDSP42    (0)    8 :  0.004 0.967 0.004 0.005 0.002 0.018 
295 ZFFDSP43    (0)    8 :  0.003 0.960 0.005 0.004 0.002 0.026 
296 ZFFDSP44    (0)    8 :  0.005 0.793 0.006 0.004 0.003 0.189 
297 ZFFDSP45    (0)    8 :  0.005 0.948 0.005 0.006 0.003 0.034 
298 ZFFDSP46    (0)    8 :  0.005 0.948 0.005 0.005 0.002 0.034 
299 ZFFDSP47    (0)    8 :  0.004 0.544 0.004 0.004 0.003 0.441 
300 ZFFDSP48    (0)    8 :  0.004 0.393 0.004 0.005 0.003 0.591 
301    ZFI01    (0)    9 :  0.006 0.004 0.970 0.007 0.005 0.007 
302    ZFI02    (0)    9 :  0.007 0.005 0.972 0.003 0.004 0.009 
303    ZFI03    (0)    9 :  0.006 0.003 0.975 0.005 0.003 0.007 
304    ZFI04    (0)    9 :  0.006 0.004 0.976 0.005 0.004 0.005 
305    ZFI05    (0)    9 :  0.008 0.004 0.959 0.005 0.004 0.020 
306    ZFI06    (0)    9 :  0.009 0.007 0.909 0.004 0.005 0.066 
307    ZFI07    (0)    9 :  0.006 0.003 0.976 0.006 0.004 0.005 
308    ZFI08    (0)    9 :  0.012 0.003 0.973 0.005 0.004 0.004 
309    ZFI09    (0)    9 :  0.006 0.003 0.977 0.004 0.003 0.006 
310    ZFI10    (0)    9 :  0.007 0.006 0.941 0.004 0.008 0.034 
311    ZFI11    (0)    9 :  0.006 0.003 0.977 0.005 0.004 0.005 
312    ZFI12    (0)    9 :  0.008 0.004 0.967 0.006 0.003 0.012 
313    ZFI13    (0)    9 :  0.006 0.003 0.972 0.006 0.005 0.007 
314    ZFI14    (0)    9 :  0.005 0.009 0.962 0.005 0.005 0.014 
315    ZFI15    (0)    9 :  0.006 0.003 0.978 0.005 0.003 0.006 
316    ZFI16    (0)    9 :  0.006 0.003 0.978 0.004 0.003 0.006 
317    ZFI17    (0)    9 :  0.007 0.003 0.972 0.004 0.006 0.008 
318    ZFI18    (0)    9 :  0.006 0.003 0.976 0.003 0.006 0.006 
319    ZFI19    (9)    9 :  0.008 0.003 0.976 0.004 0.003 0.005 
320    ZFI20    (0)    9 :  0.006 0.005 0.972 0.004 0.005 0.008 
321    ZFI21    (0)    9 :  0.004 0.011 0.928 0.004 0.007 0.045 
322    ZFI22    (0)    9 :  0.006 0.005 0.975 0.006 0.003 0.004 
323    ZFI23    (0)    9 :  0.006 0.003 0.976 0.004 0.003 0.007 
324    ZFI24    (0)    9 :  0.007 0.004 0.970 0.007 0.003 0.009 
325    ZFI25    (0)    9 :  0.008 0.005 0.972 0.006 0.003 0.005 
326    ZFI26    (0)    9 :  0.006 0.003 0.976 0.007 0.003 0.005 
327    ZFI27    (0)    9 :  0.013 0.004 0.945 0.006 0.004 0.028 
328    ZFK01    (0)    9 :  0.009 0.009 0.006 0.956 0.008 0.013 
329    ZFK02    (0)   10 :  0.012 0.008 0.007 0.956 0.004 0.012 
330    ZFK03    (0)   10 :  0.010 0.007 0.009 0.956 0.008 0.009 
331    ZFK04    (0)   10 :  0.010 0.006 0.025 0.942 0.010 0.006 
332    ZFK05    (0)   10 :  0.008 0.004 0.017 0.941 0.025 0.005 
333    ZFK06    (0)   10 :  0.031 0.006 0.025 0.925 0.006 0.007 
334    ZFK07    (0)   10 :  0.009 0.008 0.005 0.954 0.014 0.010 
335    ZFK08    (0)   10 :  0.049 0.008 0.028 0.899 0.010 0.006 
336    ZFK10    (0)   10 :  0.013 0.006 0.023 0.946 0.005 0.007 
337    ZFK11    (0)   10 :  0.011 0.005 0.010 0.944 0.022 0.007 
338    ZFK12    (0)   10 :  0.020 0.013 0.004 0.947 0.006 0.010 
339    ZFK13    (0)   10 :  0.012 0.028 0.005 0.912 0.027 0.017 
340    ZFK14    (0)   10 :  0.007 0.013 0.004 0.952 0.013 0.012 
341    ZFK15    (0)   10 :  0.014 0.021 0.009 0.901 0.042 0.013 
342    ZFK16    (0)   10 :  0.012 0.017 0.004 0.926 0.020 0.021 
343   ZFLB01    (0)   11 :  0.007 0.015 0.009 0.005 0.949 0.014 
344   ZFLB02    (0)   11 :  0.009 0.003 0.010 0.002 0.972 0.004 
345   ZFLB03    (0)   11 :  0.009 0.004 0.005 0.005 0.966 0.012 
346   ZFLB04    (0)   11 :  0.012 0.028 0.032 0.015 0.715 0.198 
347   ZFLB05    (0)   11 :  0.008 0.009 0.013 0.004 0.947 0.018 
348   ZFLB06    (0)   11 :  0.008 0.012 0.007 0.014 0.949 0.009 
349   ZFLB07    (0)   11 :  0.237 0.019 0.020 0.020 0.623 0.080 
350   ZFLB08    (0)   11 :  0.011 0.004 0.016 0.004 0.958 0.006 
351   ZFLB09    (9)   11 :  0.006 0.005 0.009 0.008 0.968 0.005 
352   ZFLB10    (0)   11 :  0.004 0.003 0.006 0.004 0.979 0.004 
353   ZFLB11    (0)   11 :  0.005 0.004 0.004 0.008 0.975 0.004 
354   ZFLB12    (0)   11 :  0.005 0.003 0.005 0.005 0.979 0.003 
355   ZFLB13    (0)   11 :  0.055 0.019 0.016 0.021 0.851 0.038 
356  ZFLTI01    (0)   12 :  0.008 0.081 0.004 0.047 0.002 0.857 
357  ZFLTI02    (0)   12 :  0.005 0.022 0.005 0.037 0.002 0.929 
358  ZFLTI03    (0)   12 :  0.004 0.020 0.004 0.009 0.002 0.961 
359  ZFLTI04    (0)   12 :  0.006 0.016 0.005 0.011 0.003 0.960 
360  ZFLTI05    (0)   12 :  0.004 0.011 0.004 0.005 0.002 0.973 
361  ZFLTI06    (0)   12 :  0.004 0.196 0.004 0.007 0.003 0.787 
362  ZFLTI07    (0)   12 :  0.006 0.021 0.005 0.008 0.002 0.958 
363  ZFLTI08    (0)   12 :  0.005 0.011 0.006 0.007 0.002 0.970 
364  ZFLTI09    (0)   12 :  0.005 0.035 0.007 0.007 0.002 0.945 
365  ZFLTI10    (0)   12 :  0.005 0.073 0.005 0.015 0.002 0.900 
366  ZFLTI11    (0)   12 :  0.004 0.162 0.004 0.006 0.003 0.822 
367  ZFLTI12    (0)   12 :  0.004 0.109 0.004 0.016 0.002 0.864 
368  ZFLTI13    (0)   12 :  0.005 0.010 0.004 0.013 0.002 0.965 
369  ZFLTI14    (0)   12 :  0.004 0.011 0.005 0.034 0.002 0.944 
370 ZFONF101    (0)   13 :  0.003 0.983 0.003 0.002 0.003 0.005 
371 ZFONF102    (0)   13 :  0.005 0.972 0.005 0.003 0.010 0.005 
372 ZFONF103    (0)   13 :  0.007 0.711 0.004 0.015 0.004 0.258 
373 ZFONF104    (0)   13 :  0.002 0.984 0.002 0.004 0.002 0.005 
374 ZFONF105    (0)   13 :  0.004 0.974 0.003 0.005 0.003 0.012 
375 ZFONF106    (0)   13 :  0.003 0.980 0.004 0.005 0.002 0.006 
376 ZFONF107    (0)   13 :  0.025 0.767 0.030 0.024 0.090 0.065 
377 ZFONF108    (0)   13 :  0.011 0.861 0.007 0.028 0.019 0.075 
378 ZFONF109    (9)   13 :  0.005 0.944 0.005 0.019 0.010 0.016 
379 ZFONF110    (0)   13 :  0.003 0.981 0.002 0.004 0.002 0.008 
380 ZFONF111    (0)   13 :  0.025 0.912 0.014 0.009 0.018 0.022 
381 ZFONF112    (0)   13 :  0.003 0.978 0.004 0.004 0.002 0.009 
382 ZFONF113    (9)   13 :  0.006 0.963 0.004 0.006 0.006 0.015 
383 ZFONF115    (0)   13 :  0.005 0.967 0.006 0.007 0.003 0.012 
384 ZFONF116    (0)   13 :  0.006 0.966 0.005 0.007 0.003 0.012 
385 ZFONF117    (0)   13 :  0.005 0.567 0.004 0.009 0.003 0.412 
386 ZFONF118    (0)   13 :  0.005 0.949 0.007 0.011 0.002 0.026 
387 ZFONF119    (0)   13 :  0.004 0.971 0.003 0.009 0.007 0.006 
388 ZFONF120    (0)   13 :  0.004 0.964 0.003 0.017 0.005 0.007 
389 ZFONF121    (0)   13 :  0.004 0.975 0.004 0.005 0.004 0.008 
390 ZFONF122    (0)   13 :  0.008 0.619 0.008 0.035 0.003 0.327 
391 ZFONF123    (0)   13 :  0.008 0.910 0.006 0.006 0.065 0.006 
392 ZFONF124    (0)   13 :  0.005 0.962 0.003 0.010 0.010 0.010 
393 ZFONF125    (0)   13 :  0.020 0.870 0.006 0.026 0.065 0.013 
394 ZFONF126    (0)   13 :  0.007 0.944 0.006 0.017 0.002 0.024 
395 ZFONF201    (0)   14 :  0.021 0.783 0.051 0.062 0.079 0.005 
396 ZFONF202    (0)   14 :  0.004 0.977 0.003 0.008 0.002 0.006 
397 ZFONF203    (0)   14 :  0.013 0.966 0.004 0.008 0.004 0.005 
398 ZFONF204    (0)   14 :  0.053 0.769 0.013 0.125 0.021 0.019 
399 ZFONF206    (0)   14 :  0.200 0.727 0.018 0.012 0.036 0.007 
400 ZFONF207    (0)   14 :  0.009 0.968 0.004 0.007 0.006 0.007 
401 ZFONF208    (0)   14 :  0.008 0.957 0.004 0.015 0.005 0.011 
402 ZFONF209    (0)   14 :  0.017 0.802 0.014 0.141 0.015 0.012 
403 ZFONF210    (0)   14 :  0.003 0.972 0.002 0.008 0.002 0.012 
404 ZFONF211    (0)   14 :  0.006 0.960 0.003 0.012 0.006 0.014 
405 ZFONF212    (0)   14 :  0.003 0.981 0.002 0.003 0.002 0.007 
406 ZFONF214    (0)   14 :  0.004 0.974 0.003 0.009 0.004 0.006 
407 ZFONF215    (0)   14 :  0.003 0.981 0.002 0.005 0.002 0.006 
408 ZFONF216    (0)   14 :  0.005 0.972 0.002 0.005 0.004 0.012 
409 ZFONF217    (0)   14 :  0.003 0.977 0.003 0.007 0.003 0.007 
410 ZFONF218    (0)   14 :  0.023 0.943 0.006 0.004 0.014 0.009 
411 ZFONF219    (0)   14 :  0.004 0.984 0.002 0.004 0.002 0.005 
412 ZFONF220    (0)   14 :  0.003 0.976 0.003 0.008 0.003 0.006 
413 ZFONF222    (0)   14 :  0.014 0.946 0.005 0.007 0.018 0.010 
414 ZFONF223    (0)   14 :  0.013 0.958 0.006 0.004 0.015 0.004 
415 ZFONF224    (0)   14 :  0.005 0.977 0.003 0.005 0.003 0.008 
416 ZFONF225    (0)   14 :  0.003 0.982 0.002 0.005 0.002 0.006 
417 ZFONF226    (0)   14 :  0.005 0.975 0.003 0.007 0.003 0.007 
418 ZFONF227    (0)   14 :  0.003 0.982 0.002 0.004 0.002 0.007 
419 ZFONF228    (0)   14 :  0.004 0.976 0.003 0.004 0.002 0.012 
420 ZFONF230    (0)   14 :  0.003 0.981 0.002 0.005 0.002 0.007 
421 ZFONF231    (0)   14 :  0.004 0.967 0.002 0.013 0.003 0.011 
422 ZFONF232    (0)   14 :  0.004 0.983 0.002 0.003 0.002 0.005 
423 ZFONF233    (0)   14 :  0.005 0.973 0.003 0.009 0.003 0.007 
424 ZFONF234    (0)   14 :  0.018 0.945 0.003 0.009 0.004 0.020 
425 ZFONF235    (0)   14 :  0.005 0.974 0.002 0.007 0.002 0.010 
426 ZFONF236    (0)   14 :  0.031 0.877 0.017 0.034 0.016 0.025 
427 ZFONF238    (0)   14 :  0.009 0.973 0.003 0.006 0.002 0.007 
428 ZFONF239    (0)   14 :  0.022 0.894 0.018 0.046 0.013 0.007 
429 ZFONF240    (0)   14 :  0.003 0.967 0.002 0.013 0.002 0.013 
430 ZFONF241    (0)   14 :  0.010 0.970 0.005 0.004 0.003 0.008 
431 ZFONF242    (0)   14 :  0.005 0.973 0.003 0.011 0.002 0.006 
432 ZFONF243    (0)   14 :  0.005 0.958 0.003 0.007 0.003 0.024 
433 ZFONF244    (0)   14 :  0.004 0.979 0.002 0.006 0.003 0.006 
434 ZFONF245    (0)   14 :  0.006 0.955 0.002 0.010 0.002 0.025 
435   ZFOS01    (0)   15 :  0.006 0.018 0.004 0.948 0.003 0.021 
436   ZFOS02    (0)   15 :  0.010 0.029 0.021 0.912 0.006 0.023 
437   ZFOS03    (0)   15 :  0.009 0.009 0.010 0.914 0.052 0.007 
438   ZFOS04    (0)   15 :  0.008 0.051 0.012 0.868 0.005 0.057 
439   ZFOS05    (0)   15 :  0.008 0.028 0.007 0.929 0.003 0.025 
440   ZFOS06    (0)   15 :  0.011 0.014 0.006 0.943 0.006 0.020 
441   ZFOS07    (0)   15 :  0.005 0.006 0.015 0.966 0.003 0.006 
442   ZFOS08    (0)   15 :  0.005 0.013 0.015 0.950 0.003 0.013 
443   ZFOS09    (0)   15 :  0.020 0.064 0.018 0.850 0.015 0.034 
444   ZFOS10    (0)   15 :  0.011 0.003 0.020 0.949 0.011 0.006 
445   ZFOS11    (0)   15 :  0.087 0.013 0.022 0.694 0.004 0.180 
446   ZFOS12    (0)   15 :  0.224 0.016 0.054 0.646 0.019 0.040 
447   ZFOS13    (0)   15 :  0.010 0.009 0.013 0.949 0.004 0.017 
448   ZFOS14    (0)   15 :  0.035 0.010 0.117 0.734 0.008 0.096 
449   ZFOS15    (0)   15 :  0.004 0.003 0.005 0.979 0.003 0.005 
450   ZFOS16    (0)   15 :  0.009 0.029 0.011 0.909 0.007 0.035 
451   ZFOS17    (0)   15 :  0.007 0.004 0.008 0.970 0.006 0.006 
452   ZFOS18    (0)   15 :  0.008 0.004 0.007 0.965 0.007 0.010 
453   ZFOS19    (0)   15 :  0.007 0.004 0.004 0.976 0.004 0.005 
454   ZFOS20    (0)   15 :  0.006 0.007 0.007 0.967 0.005 0.007 
455   ZFOS21    (0)   15 :  0.004 0.013 0.007 0.949 0.004 0.022 
456   ZFOS22    (0)   15 :  0.008 0.006 0.003 0.969 0.005 0.010 
457   ZFOS23    (0)   15 :  0.031 0.002 0.169 0.778 0.014 0.005 
458   ZFOS24    (0)   15 :  0.005 0.004 0.004 0.976 0.003 0.008 
459   ZFOS25    (0)   15 :  0.018 0.033 0.016 0.427 0.006 0.499 
460   ZFOS26    (0)   15 :  0.016 0.074 0.015 0.517 0.005 0.373 
461   ZFOS27    (0)   15 :  0.005 0.018 0.006 0.943 0.008 0.020 
462   ZFOS28    (0)   15 :  0.009 0.007 0.015 0.945 0.010 0.014 
463   ZFOS29    (0)   15 :  0.006 0.010 0.009 0.954 0.010 0.011 
464   ZFOS30    (0)   15 :  0.004 0.009 0.005 0.972 0.003 0.006 
465   ZFOS31    (0)   15 :  0.031 0.031 0.040 0.880 0.004 0.014 
466   ZFOS32    (0)   15 :  0.007 0.019 0.011 0.940 0.005 0.017 
467   ZFPB01    (0)   16 :  0.004 0.002 0.004 0.003 0.984 0.003 
468   ZFPB02    (0)   16 :  0.004 0.004 0.003 0.003 0.984 0.003 
469   ZFPB03    (0)   16 :  0.003 0.003 0.003 0.004 0.982 0.004 
470   ZFPB05    (0)   16 :  0.003 0.003 0.002 0.002 0.987 0.002 
471   ZFPB06    (0)   16 :  0.004 0.003 0.004 0.005 0.982 0.003 
472   ZFPB07    (0)   16 :  0.003 0.004 0.002 0.003 0.986 0.003 
473   ZFPB08    (0)   16 :  0.003 0.004 0.003 0.004 0.982 0.003 
474   ZFPB10    (0)   16 :  0.003 0.002 0.003 0.003 0.986 0.004 
475   ZFPB11    (0)   16 :  0.003 0.003 0.003 0.003 0.986 0.002 
476   ZFPB12    (0)   16 :  0.003 0.002 0.003 0.003 0.985 0.003 
477   ZFPB13    (0)   16 :  0.003 0.003 0.003 0.002 0.985 0.003 
478   ZFPB14    (0)   16 :  0.003 0.004 0.003 0.003 0.985 0.003 
479   ZFPB15    (0)   16 :  0.003 0.004 0.003 0.003 0.984 0.003 
480   ZFPB17    (0)   16 :  0.004 0.002 0.003 0.003 0.986 0.003 
481   ZFPB18    (0)   16 :  0.003 0.003 0.002 0.003 0.987 0.002 
482   ZFPB19    (0)   16 :  0.003 0.004 0.005 0.004 0.980 0.003 
483   ZFPB20    (0)   16 :  0.003 0.002 0.002 0.002 0.988 0.002 
484   ZFPB21    (0)   16 :  0.003 0.004 0.003 0.003 0.985 0.003 
485   ZFPB22    (0)   16 :  0.003 0.002 0.003 0.003 0.987 0.002 
486   ZFPB23    (0)   16 :  0.004 0.003 0.003 0.003 0.984 0.003 
487   ZFSF01    (0)   17 :  0.293 0.003 0.691 0.006 0.002 0.004 
488   ZFSF02    (0)   17 :  0.623 0.026 0.307 0.017 0.005 0.022 
489   ZFSF03    (0)   17 :  0.226 0.004 0.759 0.005 0.003 0.004 
490   ZFSF04    (0)   17 :  0.014 0.007 0.962 0.010 0.002 0.004 
491  ZFSW101    (0)   18 :  0.008 0.051 0.917 0.007 0.003 0.013 
492  ZFSW102    (0)   18 :  0.009 0.010 0.959 0.014 0.003 0.005 
493  ZFSW103    (0)   18 :  0.013 0.021 0.928 0.007 0.003 0.028 
494  ZFSW104    (9)   18 :  0.032 0.025 0.879 0.048 0.005 0.011 
495  ZFSW105    (0)   18 :  0.006 0.038 0.938 0.008 0.003 0.006 
496  ZFSW106    (0)   18 :  0.095 0.041 0.838 0.006 0.007 0.014 
497  ZFSW107    (0)   18 :  0.005 0.007 0.972 0.007 0.005 0.004 
498  ZFSW108    (0)   18 :  0.008 0.003 0.977 0.005 0.004 0.003 
499  ZFSW109    (0)   18 :  0.005 0.007 0.972 0.007 0.003 0.007 
500  ZFSW110    (0)   18 :  0.009 0.028 0.940 0.006 0.004 0.013 
501  ZFSW111    (0)   18 :  0.010 0.126 0.821 0.031 0.003 0.009 
502  ZFSW112    (0)   18 :  0.008 0.018 0.895 0.067 0.004 0.008 
503  ZFSW113    (0)   18 :  0.039 0.032 0.896 0.013 0.004 0.017 
504  ZFSW114    (0)   18 :  0.009 0.010 0.966 0.008 0.003 0.004 
505  ZFSW115    (0)   18 :  0.124 0.014 0.846 0.009 0.002 0.005 
506  ZFSW116    (0)   18 :  0.017 0.025 0.933 0.009 0.008 0.008 
507  ZFSW117    (0)   18 :  0.014 0.049 0.904 0.010 0.006 0.017 
508  ZFSW119    (0)   18 :  0.016 0.003 0.962 0.013 0.003 0.003 
509  ZFSW120    (0)   18 :  0.025 0.002 0.962 0.006 0.003 0.002 
510  ZFSW121    (0)   18 :  0.088 0.039 0.824 0.036 0.005 0.007 
511  ZFSW122    (0)   18 :  0.005 0.010 0.968 0.006 0.003 0.007 
512  ZFSW123    (0)   18 :  0.004 0.004 0.981 0.004 0.004 0.003 
513  ZFSW124    (0)   18 :  0.007 0.004 0.974 0.009 0.003 0.003 
514  ZFSW201    (0)   19 :  0.008 0.003 0.973 0.006 0.006 0.004 
515  ZFSW202    (0)   19 :  0.006 0.004 0.975 0.007 0.005 0.004 
516  ZFSW203    (0)   19 :  0.008 0.003 0.973 0.008 0.004 0.003 
517  ZFSW204    (0)   19 :  0.009 0.004 0.967 0.011 0.005 0.005 
518  ZFSW205    (0)   19 :  0.007 0.004 0.974 0.005 0.003 0.008 
519  ZFSW206    (0)   19 :  0.020 0.004 0.962 0.005 0.003 0.005 
520  ZFSW207    (0)   19 :  0.006 0.007 0.972 0.004 0.003 0.008 
521  ZFSW208    (0)   19 :  0.015 0.005 0.966 0.005 0.003 0.005 
522  ZFSW209    (0)   19 :  0.120 0.006 0.859 0.006 0.003 0.005 
523  ZFSW210    (0)   19 :  0.009 0.015 0.941 0.007 0.003 0.025 
524  ZFSW211    (0)   19 :  0.044 0.007 0.925 0.007 0.004 0.014 
525  ZFSW212    (0)   19 :  0.009 0.005 0.968 0.007 0.003 0.007 
526  ZFSW213    (0)   19 :  0.006 0.005 0.974 0.009 0.003 0.004 
527  ZFSW214    (0)   19 :  0.007 0.006 0.968 0.011 0.003 0.005 
528  ZFSW215    (0)   19 :  0.005 0.004 0.976 0.008 0.004 0.003 
529  ZFSW216    (0)   19 :  0.013 0.006 0.961 0.006 0.003 0.011 
530  ZFSW217    (0)   19 :  0.007 0.004 0.973 0.009 0.003 0.004 
531  ZFSW218    (0)   19 :  0.006 0.005 0.974 0.007 0.002 0.005 
532  ZFSW219    (0)   19 :  0.032 0.007 0.933 0.016 0.004 0.008 
533  ZFSW220    (0)   19 :  0.013 0.005 0.962 0.008 0.008 0.004 
534  ZFSW221    (0)   19 :  0.020 0.005 0.954 0.007 0.004 0.009 
535  ZFSW222    (0)   19 :  0.007 0.003 0.980 0.004 0.003 0.003 
536  ZFSW223    (0)   19 :  0.015 0.004 0.962 0.008 0.008 0.003 
537  ZFSW224    (0)   19 :  0.017 0.006 0.960 0.008 0.004 0.007 
538  ZFSW225    (0)   19 :  0.011 0.004 0.967 0.006 0.004 0.007 
539  ZFSW226    (0)   19 :  0.005 0.004 0.975 0.005 0.005 0.005 
540  ZFSW227    (0)   19 :  0.007 0.004 0.975 0.006 0.003 0.005 
541  ZFSW229    (0)   19 :  0.012 0.004 0.969 0.005 0.004 0.007 
542  ZFSW230    (0)   19 :  0.006 0.010 0.965 0.008 0.004 0.007 
543  ZFSW231    (0)   19 :  0.016 0.004 0.963 0.006 0.004 0.006 
544  ZFSW232    (0)   19 :  0.010 0.004 0.973 0.004 0.004 0.004 
545  ZFSW233    (0)   19 :  0.017 0.007 0.960 0.007 0.005 0.005 
546  ZFSW234    (0)   19 :  0.005 0.003 0.979 0.005 0.004 0.003 
547  ZFSW235    (0)   19 :  0.011 0.005 0.962 0.010 0.004 0.007 
548  ZFSW236    (0)   19 :  0.004 0.004 0.977 0.008 0.002 0.004 
549  ZFSW237    (0)   19 :  0.013 0.005 0.960 0.014 0.003 0.004 
550  ZFSW238    (0)   19 :  0.124 0.028 0.726 0.100 0.010 0.012 
551  ZFSW239    (0)   19 :  0.004 0.007 0.975 0.005 0.004 0.005 
552  ZFSW240    (0)   19 :  0.008 0.003 0.977 0.005 0.003 0.004 
553   ZFTS01    (0)   20 :  0.012 0.005 0.953 0.004 0.023 0.004 
554   ZFTS02    (0)   20 :  0.007 0.007 0.969 0.006 0.006 0.004 
555   ZFTS03    (0)   20 :  0.007 0.004 0.972 0.006 0.007 0.004 
556   ZFTS04    (0)   20 :  0.013 0.004 0.945 0.006 0.030 0.003 
