

----------------------------------------------------
STRUCTURE by Pritchard, Stephens and Donnelly (2000)
     and Falush, Stephens and Pritchard (2003)
       Code by Pritchard, Falush and Hubisz
             Version 2.3.4 (Jul 2012)
----------------------------------------------------



Command line arguments:   bin\structure -m C:\Users\eschumacher\Documents\GitHub\GCC_QUAC_ZAIN\Data_Files\Structure_Files\ZAIN\ZAIN_rebinned_wild\50-50\mainparams -e C:\Users\eschumacher\Documents\GitHub\GCC_QUAC_ZAIN\Data_Files\Structure_Files\ZAIN\ZAIN_rebinned_wild\50-50\extraparams 
Input File:    C:\Users\eschumacher\Documents\GitHub\GCC_QUAC_ZAIN\Data_Files\Structure_Files\ZAIN\ZAIN_rebinned_wild\project_data

Run parameters:
   751 individuals
   11 loci
   15 populations assumed
   50000 Burn-in period
   50000 Reps


--------------------------------------------
Proportion of membership of each pre-defined
 population in each of the 15 clusters

Given    Inferred Clusters                                                                                           Number of
 Pop       1      2      3      4      5      6      7      8      9     10     11     12     13     14     15      Individuals

  1:     0.004  0.864  0.024  0.005  0.015  0.005  0.018  0.005  0.009  0.007  0.012  0.008  0.011  0.008  0.004       35
  2:     0.021  0.006  0.005  0.019  0.004  0.117  0.008  0.151  0.008  0.296  0.006  0.019  0.005  0.319  0.016       36
  3:     0.021  0.004  0.005  0.008  0.004  0.068  0.005  0.136  0.012  0.555  0.006  0.008  0.005  0.140  0.023       33
  4:     0.009  0.006  0.007  0.846  0.017  0.008  0.008  0.007  0.007  0.018  0.006  0.036  0.010  0.007  0.009       40
  5:     0.009  0.004  0.004  0.006  0.003  0.038  0.003  0.007  0.006  0.006  0.005  0.005  0.004  0.008  0.892       39
  6:     0.012  0.040  0.017  0.017  0.026  0.017  0.618  0.014  0.055  0.023  0.090  0.013  0.018  0.027  0.013       40
  7:     0.022  0.024  0.047  0.021  0.028  0.010  0.078  0.009  0.048  0.012  0.578  0.049  0.055  0.009  0.010       37
  8:     0.016  0.005  0.003  0.006  0.003  0.046  0.004  0.045  0.005  0.253  0.003  0.006  0.005  0.589  0.011       40
  9:     0.003  0.798  0.004  0.005  0.025  0.005  0.009  0.004  0.006  0.005  0.007  0.040  0.072  0.005  0.012       28
 10:     0.006  0.004  0.006  0.018  0.005  0.007  0.004  0.005  0.005  0.008  0.004  0.912  0.004  0.006  0.005       14
 11:     0.005  0.009  0.823  0.006  0.010  0.012  0.008  0.008  0.014  0.009  0.021  0.020  0.014  0.011  0.030       13
 12:     0.008  0.004  0.002  0.018  0.003  0.873  0.004  0.013  0.006  0.010  0.003  0.006  0.007  0.018  0.025       14
 13:     0.021  0.003  0.006  0.006  0.004  0.015  0.004  0.780  0.006  0.110  0.005  0.007  0.005  0.021  0.007       25
 14:     0.892  0.005  0.006  0.007  0.004  0.008  0.005  0.010  0.006  0.022  0.005  0.005  0.006  0.013  0.005       40
 15:     0.008  0.024  0.008  0.735  0.008  0.053  0.022  0.015  0.018  0.021  0.009  0.026  0.009  0.026  0.018       32
 16:     0.003  0.003  0.959  0.003  0.004  0.003  0.003  0.003  0.003  0.003  0.004  0.003  0.003  0.003  0.003       20
 17:     0.005  0.460  0.003  0.007  0.038  0.008  0.229  0.007  0.142  0.009  0.038  0.012  0.021  0.016  0.004        4
 18:     0.008  0.153  0.004  0.009  0.063  0.008  0.350  0.011  0.011  0.040  0.008  0.010  0.291  0.031  0.005       23
 19:     0.004  0.014  0.004  0.006  0.012  0.004  0.008  0.004  0.007  0.005  0.008  0.006  0.909  0.005  0.004       39
 20:     0.003  0.013  0.007  0.004  0.915  0.004  0.005  0.004  0.005  0.004  0.007  0.010  0.010  0.004  0.004       38
 21:     0.049  0.004  0.005  0.008  0.004  0.690  0.005  0.020  0.011  0.038  0.006  0.007  0.004  0.040  0.110       45
 22:     0.022  0.005  0.013  0.012  0.004  0.358  0.005  0.107  0.008  0.200  0.011  0.021  0.005  0.107  0.122       28
 23:     0.006  0.330  0.011  0.008  0.006  0.005  0.046  0.006  0.006  0.008  0.021  0.005  0.528  0.006  0.007        6
 24:     0.013  0.014  0.004  0.005  0.009  0.012  0.015  0.007  0.851  0.007  0.019  0.010  0.019  0.006  0.010       40
 25:     0.010  0.016  0.039  0.009  0.022  0.020  0.037  0.008  0.019  0.009  0.764  0.020  0.010  0.007  0.009       42
--------------------------------------------

Allele-freq. divergence among pops (Net nucleotide distance),
computed using point estimates of P.

      1       2       3       4       5       6       7       8       9      10      11      12      13      14      15      
 1      -    0.3808  0.4683  0.2144  0.3633  0.1361  0.2036  0.1162  0.1919  0.1284  0.2866  0.2864  0.3949  0.1676  0.2991  
 2   0.3808     -    0.3146  0.2253  0.1544  0.2670  0.1012  0.2751  0.2293  0.2604  0.1378  0.2638  0.1034  0.2751  0.2998  
 3   0.4683  0.3146     -    0.3593  0.2240  0.3785  0.2653  0.4005  0.3799  0.3647  0.1844  0.3265  0.3689  0.4328  0.4581  
 4   0.2144  0.2253  0.3593     -    0.2733  0.1766  0.1283  0.2171  0.1942  0.2177  0.1621  0.2028  0.1902  0.2773  0.2048  
 5   0.3633  0.1544  0.2240  0.2733     -    0.3110  0.1363  0.3093  0.2411  0.2916  0.1441  0.2411  0.1758  0.3554  0.3793  
 6   0.1361  0.2670  0.3785  0.1766  0.3110     -    0.1488  0.1111  0.1306  0.0750  0.1670  0.1951  0.2835  0.0777  0.1333  
 7   0.2036  0.1012  0.2653  0.1283  0.1363  0.1488     -    0.1611  0.1203  0.1394  0.0712  0.1877  0.1190  0.1705  0.2596  
 8   0.1162  0.2751  0.4005  0.2171  0.3093  0.1111  0.1611     -    0.2100  0.0716  0.2089  0.2041  0.2940  0.0923  0.2360  
 9   0.1919  0.2293  0.3799  0.1942  0.2411  0.1306  0.1203  0.2100     -    0.1570  0.1195  0.1893  0.2083  0.2241  0.2552  
10   0.1284  0.2604  0.3647  0.2177  0.2916  0.0750  0.1394  0.0716  0.1570     -    0.2038  0.2015  0.2735  0.0408  0.2659  
11   0.2866  0.1378  0.1844  0.1621  0.1441  0.1670  0.0712  0.2089  0.1195  0.2038     -    0.1611  0.1247  0.2516  0.2034  
12   0.2864  0.2638  0.3265  0.2028  0.2411  0.1951  0.1877  0.2041  0.1893  0.2015  0.1611     -    0.2830  0.2702  0.2482  
13   0.3949  0.1034  0.3689  0.1902  0.1758  0.2835  0.1190  0.2940  0.2083  0.2735  0.1247  0.2830     -    0.3229  0.3112  
14   0.1676  0.2751  0.4328  0.2773  0.3554  0.0777  0.1705  0.0923  0.2241  0.0408  0.2516  0.2702  0.3229     -    0.2789  
15   0.2991  0.2998  0.4581  0.2048  0.3793  0.1333  0.2596  0.2360  0.2552  0.2659  0.2034  0.2482  0.3112  0.2789     -    

Average distances (expected heterozygosity) between individuals in same cluster:
cluster  1  : 0.3569 
cluster  2  : 0.4652 
cluster  3  : 0.2474 
cluster  4  : 0.3855 
cluster  5  : 0.3749 
cluster  6  : 0.4250 
cluster  7  : 0.6133 
cluster  8  : 0.3988 
cluster  9  : 0.3838 
cluster 10  : 0.3890 
cluster 11  : 0.5290 
cluster 12  : 0.2398 
cluster 13  : 0.3099 
cluster 14  : 0.3118 
cluster 15  : 0.2219 

--------------------------------------------
Estimated Ln Prob of Data   = -12958.5
Mean value of ln likelihood = -12422.7
Variance of ln likelihood   = 1071.5
Mean value of alpha         = 0.0322

Mean value of Fst_1         = 0.4468
Mean value of Fst_2         = 0.4756
Mean value of Fst_3         = 0.6407
Mean value of Fst_4         = 0.4224
Mean value of Fst_5         = 0.5574
Mean value of Fst_6         = 0.4208
Mean value of Fst_7         = 0.1479
Mean value of Fst_8         = 0.3864
Mean value of Fst_9         = 0.4288
Mean value of Fst_10         = 0.3687
Mean value of Fst_11         = 0.1651
Mean value of Fst_12         = 0.6456
Mean value of Fst_13         = 0.5172
Mean value of Fst_14         = 0.5055
Mean value of Fst_15         = 0.6707


Inferred ancestry of individuals:
        Label (%Miss) Pop:  Inferred clusters
  1    ZFB01    (0)    1 :  0.003 0.945 0.005 0.004 0.006 0.003 0.004 0.003 0.003 0.003 0.003 0.002 0.010 0.004 0.002 
  2    ZFB02    (0)    1 :  0.003 0.818 0.014 0.012 0.079 0.002 0.028 0.003 0.004 0.005 0.006 0.007 0.014 0.003 0.002 
  3    ZFB03    (0)    1 :  0.002 0.854 0.003 0.006 0.007 0.013 0.018 0.005 0.009 0.009 0.016 0.005 0.020 0.013 0.019 
  4    ZFB04    (0)    1 :  0.003 0.882 0.013 0.006 0.045 0.003 0.010 0.003 0.003 0.006 0.006 0.008 0.007 0.004 0.002 
  5    ZFB05    (0)    1 :  0.010 0.691 0.090 0.007 0.054 0.005 0.007 0.002 0.027 0.004 0.043 0.038 0.011 0.002 0.009 
  6    ZFB06    (0)    1 :  0.011 0.760 0.071 0.008 0.027 0.005 0.009 0.003 0.022 0.004 0.040 0.021 0.008 0.002 0.009 
  7    ZFB07    (9)    1 :  0.006 0.791 0.010 0.004 0.006 0.005 0.014 0.004 0.013 0.005 0.046 0.006 0.078 0.008 0.004 
  8    ZFB08    (0)    1 :  0.008 0.854 0.003 0.006 0.014 0.008 0.011 0.009 0.022 0.009 0.006 0.010 0.026 0.010 0.005 
  9    ZFB09    (0)    1 :  0.002 0.949 0.003 0.004 0.005 0.002 0.006 0.003 0.004 0.003 0.003 0.003 0.008 0.003 0.003 
 10    ZFB10    (0)    1 :  0.006 0.890 0.004 0.005 0.009 0.006 0.011 0.008 0.004 0.014 0.003 0.006 0.004 0.028 0.002 
 11    ZFB11    (0)    1 :  0.002 0.939 0.011 0.004 0.005 0.003 0.006 0.004 0.003 0.004 0.003 0.005 0.004 0.005 0.002 
 12    ZFB12    (0)    1 :  0.003 0.872 0.022 0.004 0.020 0.005 0.013 0.004 0.021 0.007 0.011 0.003 0.005 0.005 0.005 
 13    ZFB13    (0)    1 :  0.007 0.859 0.003 0.004 0.016 0.007 0.027 0.012 0.012 0.010 0.006 0.013 0.007 0.012 0.004 
 14    ZFB14    (0)    1 :  0.003 0.941 0.003 0.005 0.004 0.003 0.008 0.004 0.004 0.004 0.004 0.004 0.007 0.005 0.003 
 15    ZFB15    (0)    1 :  0.002 0.947 0.005 0.002 0.011 0.002 0.004 0.002 0.003 0.003 0.003 0.003 0.007 0.003 0.002 
 16    ZFB16    (0)    1 :  0.004 0.900 0.004 0.003 0.019 0.005 0.010 0.006 0.009 0.007 0.004 0.012 0.005 0.008 0.003 
 17    ZFB17    (0)    1 :  0.008 0.831 0.023 0.011 0.010 0.008 0.018 0.004 0.026 0.013 0.007 0.027 0.006 0.006 0.002 
 18    ZFB18    (0)    1 :  0.002 0.953 0.003 0.004 0.003 0.002 0.007 0.003 0.003 0.003 0.003 0.002 0.004 0.004 0.002 
 19    ZFB19    (0)    1 :  0.009 0.450 0.005 0.003 0.008 0.018 0.306 0.012 0.032 0.028 0.034 0.005 0.031 0.053 0.006 
 20    ZFB20    (0)    1 :  0.005 0.865 0.013 0.003 0.033 0.005 0.011 0.005 0.008 0.009 0.006 0.024 0.005 0.007 0.002 
 21    ZFB21    (0)    1 :  0.002 0.948 0.006 0.003 0.007 0.002 0.004 0.003 0.003 0.002 0.005 0.004 0.006 0.002 0.003 
 22    ZFB22    (0)    1 :  0.008 0.873 0.021 0.007 0.023 0.008 0.011 0.004 0.009 0.009 0.007 0.005 0.005 0.008 0.002 
 23    ZFB23    (0)    1 :  0.003 0.934 0.014 0.003 0.005 0.003 0.006 0.004 0.003 0.004 0.004 0.006 0.003 0.005 0.003 
 24    ZFB24    (0)    1 :  0.002 0.928 0.017 0.003 0.010 0.003 0.004 0.004 0.003 0.004 0.004 0.006 0.005 0.005 0.002 
 25    ZFB25    (0)    1 :  0.003 0.935 0.005 0.004 0.003 0.004 0.004 0.005 0.002 0.007 0.003 0.003 0.004 0.016 0.003 
 26    ZFB26    (0)    1 :  0.003 0.907 0.025 0.004 0.008 0.004 0.003 0.007 0.003 0.007 0.005 0.010 0.004 0.009 0.003 
 27    ZFB27    (0)    1 :  0.002 0.897 0.055 0.004 0.006 0.003 0.004 0.004 0.002 0.004 0.004 0.003 0.004 0.006 0.002 
 28    ZFB28    (0)    1 :  0.003 0.771 0.120 0.007 0.013 0.005 0.014 0.004 0.010 0.007 0.023 0.010 0.004 0.005 0.004 
 29    ZFB29    (0)    1 :  0.002 0.938 0.008 0.004 0.009 0.002 0.007 0.003 0.003 0.003 0.004 0.008 0.005 0.003 0.002 
 30    ZFB30    (0)    1 :  0.013 0.635 0.184 0.003 0.007 0.005 0.008 0.004 0.017 0.004 0.085 0.004 0.021 0.004 0.007 
 31    ZFB31    (0)    1 :  0.003 0.920 0.006 0.004 0.004 0.005 0.011 0.006 0.003 0.007 0.004 0.003 0.005 0.015 0.003 
 32    ZFB32    (0)    1 :  0.004 0.765 0.061 0.020 0.015 0.007 0.015 0.007 0.030 0.014 0.021 0.020 0.007 0.007 0.007 
 33    ZFB33    (0)    1 :  0.002 0.950 0.005 0.003 0.008 0.002 0.004 0.002 0.003 0.003 0.003 0.003 0.005 0.003 0.002 
 34    ZFB34    (0)    1 :  0.003 0.934 0.003 0.006 0.005 0.003 0.006 0.003 0.004 0.003 0.005 0.004 0.015 0.004 0.003 
 35    ZFB35    (0)    1 :  0.003 0.924 0.005 0.004 0.009 0.004 0.004 0.004 0.004 0.005 0.004 0.005 0.014 0.006 0.004 
 36  ZFBP101    (0)    2 :  0.037 0.009 0.003 0.055 0.009 0.232 0.011 0.064 0.012 0.289 0.007 0.103 0.004 0.146 0.018 
 37  ZFBP102    (0)    2 :  0.016 0.011 0.003 0.009 0.015 0.211 0.013 0.140 0.009 0.358 0.012 0.032 0.005 0.163 0.004 
 38  ZFBP103    (0)    2 :  0.011 0.006 0.003 0.130 0.008 0.430 0.011 0.010 0.007 0.075 0.006 0.042 0.003 0.223 0.035 
 39  ZFBP104    (0)    2 :  0.007 0.014 0.003 0.004 0.009 0.207 0.015 0.021 0.026 0.035 0.012 0.005 0.021 0.612 0.008 
 40  ZFBP105    (0)    2 :  0.006 0.006 0.006 0.005 0.005 0.068 0.008 0.436 0.010 0.140 0.008 0.007 0.006 0.272 0.015 
 41  ZFBP106    (0)    2 :  0.013 0.003 0.003 0.007 0.003 0.053 0.004 0.102 0.005 0.225 0.003 0.013 0.003 0.541 0.020 
 42  ZFBP107    (0)    2 :  0.004 0.007 0.035 0.007 0.007 0.112 0.006 0.180 0.009 0.033 0.023 0.055 0.005 0.498 0.017 
 43  ZFBP108    (0)    2 :  0.005 0.002 0.003 0.003 0.002 0.009 0.003 0.045 0.003 0.172 0.003 0.004 0.004 0.734 0.007 
 44  ZFBP109    (0)    2 :  0.005 0.003 0.002 0.006 0.002 0.053 0.006 0.095 0.004 0.713 0.004 0.004 0.015 0.082 0.006 
 45  ZFBP110    (0)    2 :  0.005 0.038 0.003 0.023 0.008 0.121 0.060 0.043 0.010 0.481 0.017 0.035 0.008 0.056 0.091 
 46  ZFBP111    (0)    2 :  0.119 0.003 0.003 0.004 0.003 0.247 0.003 0.043 0.013 0.366 0.004 0.005 0.003 0.172 0.012 
 47  ZFBP112    (0)    2 :  0.035 0.003 0.005 0.009 0.003 0.012 0.004 0.016 0.006 0.843 0.003 0.009 0.003 0.040 0.008 
 48  ZFBP113    (0)    2 :  0.003 0.003 0.004 0.003 0.003 0.009 0.004 0.006 0.006 0.300 0.004 0.004 0.003 0.645 0.003 
 49  ZFBP114    (0)    2 :  0.005 0.003 0.006 0.004 0.003 0.056 0.004 0.797 0.003 0.049 0.006 0.010 0.004 0.047 0.004 
 50  ZFBP115    (0)    2 :  0.013 0.002 0.003 0.007 0.003 0.804 0.004 0.063 0.007 0.027 0.004 0.008 0.002 0.033 0.019 
 51  ZFBP116    (0)    2 :  0.006 0.002 0.004 0.004 0.003 0.021 0.004 0.023 0.008 0.182 0.005 0.006 0.003 0.724 0.005 
 52  ZFBP117    (0)    2 :  0.010 0.003 0.003 0.013 0.002 0.021 0.007 0.252 0.005 0.125 0.005 0.008 0.004 0.533 0.009 
 53  ZFBP118    (0)    2 :  0.012 0.004 0.013 0.004 0.004 0.054 0.003 0.446 0.004 0.061 0.011 0.020 0.003 0.357 0.004 
 54  ZFBP119    (0)    2 :  0.021 0.003 0.002 0.029 0.003 0.232 0.007 0.550 0.025 0.047 0.005 0.012 0.004 0.044 0.016 
 55  ZFBP120    (0)    2 :  0.006 0.008 0.005 0.005 0.006 0.110 0.006 0.201 0.012 0.162 0.007 0.007 0.008 0.441 0.018 
 56  ZFBP121    (0)    2 :  0.005 0.005 0.003 0.009 0.003 0.015 0.006 0.423 0.005 0.338 0.005 0.009 0.006 0.160 0.009 
 57  ZFBP122    (9)    2 :  0.011 0.003 0.003 0.004 0.003 0.025 0.004 0.026 0.007 0.581 0.004 0.005 0.003 0.313 0.006 
 58  ZFBP123    (0)    2 :  0.009 0.002 0.005 0.005 0.003 0.010 0.004 0.010 0.007 0.893 0.003 0.018 0.003 0.022 0.006 
 59  ZFBP124    (0)    2 :  0.005 0.006 0.005 0.006 0.004 0.027 0.005 0.314 0.004 0.466 0.004 0.010 0.018 0.121 0.005 
 60  ZFBP125    (0)    2 :  0.016 0.002 0.003 0.007 0.002 0.025 0.004 0.167 0.003 0.028 0.003 0.007 0.002 0.722 0.008 
 61  ZFBP126    (0)    2 :  0.006 0.008 0.003 0.013 0.011 0.015 0.022 0.013 0.013 0.359 0.011 0.017 0.004 0.502 0.003 
 62  ZFBP127    (0)    2 :  0.005 0.003 0.003 0.017 0.003 0.111 0.003 0.028 0.004 0.674 0.004 0.006 0.004 0.045 0.090 
 63  ZFBP128    (0)    2 :  0.038 0.003 0.002 0.021 0.002 0.019 0.004 0.012 0.004 0.077 0.002 0.010 0.004 0.782 0.019 
 64  ZFBP129    (0)    2 :  0.140 0.004 0.003 0.013 0.003 0.008 0.008 0.300 0.006 0.173 0.005 0.010 0.009 0.308 0.008 
 65  ZFBP130    (0)    2 :  0.078 0.002 0.004 0.035 0.003 0.044 0.004 0.106 0.009 0.098 0.003 0.012 0.002 0.587 0.014 
 66  ZFBP131    (0)    2 :  0.005 0.003 0.003 0.004 0.004 0.005 0.005 0.103 0.005 0.376 0.004 0.003 0.004 0.474 0.003 
 67  ZFBP132    (0)    2 :  0.004 0.005 0.003 0.004 0.002 0.019 0.006 0.312 0.003 0.380 0.004 0.005 0.003 0.228 0.021 
 68  ZFBP133    (0)    2 :  0.037 0.002 0.002 0.006 0.002 0.006 0.004 0.007 0.005 0.612 0.002 0.003 0.003 0.305 0.003 
 69  ZFBP134    (0)    2 :  0.010 0.004 0.003 0.021 0.003 0.696 0.005 0.013 0.012 0.152 0.003 0.003 0.003 0.062 0.010 
 70  ZFBP135    (0)    2 :  0.015 0.011 0.002 0.175 0.006 0.041 0.023 0.052 0.006 0.121 0.006 0.073 0.005 0.439 0.025 
 71  ZFBP136    (0)    2 :  0.029 0.003 0.006 0.029 0.004 0.080 0.004 0.016 0.006 0.655 0.004 0.095 0.003 0.049 0.019 
 72  ZFBP201    (0)    3 :  0.004 0.004 0.005 0.004 0.004 0.006 0.005 0.006 0.005 0.922 0.004 0.004 0.004 0.018 0.006 
 73  ZFBP202    (0)    3 :  0.011 0.006 0.003 0.005 0.004 0.036 0.005 0.100 0.008 0.386 0.005 0.006 0.010 0.401 0.015 
 74  ZFBP203    (0)    3 :  0.012 0.005 0.043 0.004 0.017 0.012 0.009 0.012 0.021 0.764 0.020 0.006 0.004 0.067 0.005 
 75  ZFBP204    (0)    3 :  0.025 0.003 0.006 0.015 0.004 0.151 0.006 0.331 0.012 0.272 0.006 0.041 0.005 0.095 0.028 
 76  ZFBP205    (0)    3 :  0.007 0.002 0.004 0.005 0.003 0.021 0.005 0.128 0.004 0.795 0.003 0.007 0.003 0.012 0.002 
 77  ZFBP206    (0)    3 :  0.010 0.003 0.004 0.006 0.004 0.006 0.003 0.005 0.006 0.919 0.003 0.011 0.004 0.011 0.005 
 78  ZFBP207    (0)    3 :  0.008 0.005 0.006 0.014 0.003 0.153 0.008 0.594 0.006 0.063 0.005 0.008 0.004 0.008 0.115 
 79  ZFBP208    (0)    3 :  0.005 0.002 0.006 0.003 0.004 0.005 0.004 0.005 0.007 0.932 0.004 0.007 0.003 0.008 0.003 
 80  ZFBP209    (0)    3 :  0.040 0.002 0.002 0.010 0.002 0.007 0.004 0.013 0.005 0.876 0.002 0.003 0.003 0.028 0.003 
 81  ZFBP210    (0)    3 :  0.005 0.003 0.005 0.003 0.004 0.007 0.003 0.006 0.006 0.935 0.004 0.004 0.003 0.007 0.005 
 82  ZFBP211    (0)    3 :  0.004 0.007 0.003 0.004 0.003 0.014 0.004 0.693 0.005 0.080 0.004 0.007 0.007 0.155 0.010 
 83  ZFBP212    (0)    3 :  0.006 0.008 0.004 0.003 0.003 0.089 0.004 0.074 0.003 0.320 0.004 0.003 0.004 0.417 0.058 
 84  ZFBP213    (0)    3 :  0.007 0.005 0.004 0.008 0.004 0.007 0.005 0.017 0.009 0.862 0.005 0.020 0.011 0.023 0.013 
 85  ZFBP214    (0)    3 :  0.018 0.005 0.003 0.028 0.003 0.016 0.007 0.011 0.024 0.825 0.006 0.014 0.010 0.009 0.022 
 86  ZFBP215    (0)    3 :  0.008 0.003 0.003 0.006 0.003 0.008 0.004 0.027 0.004 0.582 0.003 0.006 0.004 0.334 0.006 
 87  ZFBP216    (0)    3 :  0.005 0.004 0.005 0.004 0.005 0.033 0.006 0.040 0.023 0.766 0.008 0.006 0.004 0.085 0.006 
 88  ZFBP217    (0)    3 :  0.079 0.004 0.004 0.006 0.002 0.035 0.004 0.014 0.023 0.774 0.006 0.004 0.005 0.015 0.026 
 89  ZFBP218    (0)    3 :  0.016 0.002 0.003 0.004 0.003 0.042 0.004 0.226 0.006 0.502 0.003 0.003 0.007 0.177 0.003 
 90  ZFBP219    (0)    3 :  0.004 0.002 0.004 0.003 0.003 0.008 0.003 0.007 0.006 0.405 0.004 0.004 0.003 0.541 0.003 
 91  ZFBP220    (0)    3 :  0.036 0.002 0.004 0.019 0.003 0.078 0.004 0.032 0.006 0.552 0.004 0.009 0.003 0.235 0.014 
 92  ZFBP221    (0)    3 :  0.010 0.004 0.004 0.003 0.003 0.483 0.004 0.114 0.006 0.229 0.003 0.002 0.006 0.121 0.008 
 93  ZFBP222    (0)    3 :  0.006 0.003 0.004 0.006 0.004 0.004 0.005 0.012 0.006 0.883 0.003 0.004 0.004 0.054 0.003 
 94  ZFBP223    (0)    3 :  0.009 0.008 0.005 0.007 0.003 0.071 0.007 0.090 0.005 0.497 0.005 0.007 0.006 0.043 0.236 
 95  ZFBP224    (0)    3 :  0.004 0.003 0.004 0.004 0.003 0.009 0.004 0.009 0.005 0.912 0.004 0.009 0.006 0.018 0.005 
 96  ZFBP225    (0)    3 :  0.258 0.003 0.009 0.010 0.004 0.273 0.007 0.021 0.013 0.236 0.007 0.009 0.003 0.128 0.020 
 97  ZFBP226    (0)    3 :  0.005 0.003 0.004 0.003 0.004 0.012 0.004 0.094 0.005 0.590 0.004 0.005 0.003 0.259 0.005 
 98  ZFBP227    (0)    3 :  0.007 0.010 0.004 0.005 0.009 0.160 0.018 0.057 0.122 0.356 0.030 0.011 0.019 0.182 0.010 
 99  ZFBP228    (0)    3 :  0.007 0.004 0.003 0.020 0.003 0.289 0.005 0.235 0.004 0.133 0.004 0.005 0.005 0.196 0.088 
100  ZFBP229    (0)    3 :  0.026 0.003 0.003 0.008 0.003 0.032 0.006 0.092 0.006 0.243 0.004 0.003 0.003 0.565 0.005 
101  ZFBP230    (0)    3 :  0.028 0.003 0.003 0.025 0.003 0.112 0.006 0.041 0.010 0.654 0.005 0.008 0.003 0.088 0.012 
102  ZFBP231    (0)    3 :  0.005 0.007 0.005 0.004 0.005 0.018 0.006 0.781 0.008 0.068 0.007 0.021 0.010 0.047 0.008 
103  ZFBP232    (0)    3 :  0.008 0.003 0.003 0.004 0.003 0.008 0.003 0.551 0.004 0.170 0.003 0.005 0.003 0.227 0.004 
104  ZFBP233    (0)    3 :  0.019 0.008 0.003 0.004 0.003 0.031 0.004 0.035 0.009 0.801 0.005 0.008 0.009 0.054 0.008 
105   ZFCC01    (0)    4 :  0.004 0.005 0.004 0.922 0.007 0.003 0.004 0.003 0.005 0.005 0.004 0.008 0.017 0.004 0.005 
106   ZFCC03    (0)    4 :  0.005 0.003 0.003 0.940 0.003 0.003 0.004 0.003 0.003 0.005 0.003 0.005 0.007 0.003 0.010 
107   ZFCC04    (0)    4 :  0.006 0.004 0.003 0.930 0.004 0.004 0.004 0.003 0.005 0.005 0.004 0.011 0.008 0.003 0.006 
108   ZFCC05    (0)    4 :  0.007 0.006 0.005 0.857 0.005 0.008 0.005 0.005 0.009 0.009 0.007 0.045 0.011 0.005 0.017 
109   ZFCC08    (0)    4 :  0.020 0.002 0.002 0.892 0.003 0.010 0.005 0.012 0.008 0.013 0.003 0.009 0.009 0.007 0.005 
110   ZFCC09    (0)    4 :  0.004 0.004 0.003 0.938 0.004 0.003 0.003 0.005 0.003 0.003 0.003 0.006 0.011 0.003 0.007 
111   ZFCC10    (0)    4 :  0.003 0.004 0.003 0.905 0.005 0.003 0.004 0.005 0.004 0.005 0.004 0.009 0.040 0.003 0.004 
112   ZFCC11    (0)    4 :  0.004 0.004 0.003 0.922 0.004 0.004 0.004 0.004 0.004 0.006 0.004 0.009 0.011 0.004 0.012 
113   ZFCC12    (0)    4 :  0.005 0.007 0.004 0.726 0.131 0.008 0.020 0.004 0.008 0.008 0.012 0.032 0.020 0.006 0.009 
114   ZFCC13    (0)    4 :  0.007 0.004 0.012 0.893 0.005 0.012 0.005 0.006 0.013 0.012 0.006 0.007 0.004 0.007 0.009 
115   ZFCC14    (0)    4 :  0.008 0.008 0.006 0.886 0.004 0.004 0.010 0.008 0.004 0.011 0.005 0.024 0.008 0.010 0.004 
116   ZFCC15    (0)    4 :  0.004 0.003 0.005 0.937 0.005 0.004 0.005 0.003 0.008 0.005 0.005 0.005 0.005 0.003 0.004 
117   ZFCC16    (0)    4 :  0.004 0.004 0.003 0.933 0.006 0.003 0.005 0.003 0.005 0.003 0.004 0.014 0.006 0.003 0.004 
118   ZFCC17    (0)    4 :  0.004 0.006 0.008 0.887 0.011 0.003 0.004 0.003 0.004 0.003 0.005 0.047 0.006 0.003 0.006 
119   ZFCC18    (0)    4 :  0.006 0.003 0.004 0.928 0.005 0.004 0.003 0.004 0.004 0.006 0.004 0.008 0.009 0.003 0.008 
120   ZFCC19    (0)    4 :  0.003 0.004 0.008 0.932 0.006 0.003 0.006 0.002 0.007 0.003 0.005 0.009 0.004 0.002 0.003 
121   ZFCC20    (0)    4 :  0.005 0.004 0.003 0.927 0.005 0.007 0.004 0.003 0.007 0.004 0.004 0.012 0.004 0.003 0.007 
122   ZFCC21    (0)    4 :  0.029 0.006 0.007 0.667 0.005 0.014 0.049 0.007 0.040 0.126 0.005 0.012 0.006 0.025 0.003 
123   ZFCC22    (0)    4 :  0.037 0.003 0.005 0.547 0.004 0.067 0.006 0.030 0.009 0.207 0.003 0.010 0.018 0.049 0.006 
124   ZFCC26    (0)    4 :  0.004 0.004 0.003 0.941 0.005 0.004 0.004 0.003 0.004 0.003 0.003 0.009 0.005 0.003 0.004 
125   ZFCC27    (0)    4 :  0.003 0.003 0.003 0.949 0.003 0.003 0.003 0.003 0.003 0.004 0.003 0.005 0.005 0.003 0.006 
126   ZFCC29    (0)    4 :  0.005 0.009 0.004 0.904 0.007 0.005 0.007 0.004 0.011 0.005 0.005 0.019 0.006 0.004 0.005 
127   ZFCC30    (0)    4 :  0.005 0.003 0.003 0.941 0.003 0.004 0.003 0.003 0.004 0.003 0.003 0.007 0.004 0.003 0.011 
128   ZFCC32    (0)    4 :  0.005 0.003 0.006 0.911 0.009 0.006 0.004 0.005 0.013 0.004 0.006 0.010 0.009 0.003 0.006 
129   ZFCC33    (0)    4 :  0.004 0.009 0.004 0.619 0.004 0.004 0.007 0.004 0.005 0.005 0.009 0.307 0.008 0.004 0.007 
130   ZFCC34    (0)    4 :  0.017 0.022 0.009 0.573 0.027 0.033 0.008 0.062 0.008 0.053 0.005 0.044 0.024 0.045 0.069 
131   ZFCC35    (0)    4 :  0.004 0.002 0.004 0.949 0.002 0.004 0.003 0.005 0.004 0.003 0.003 0.007 0.004 0.002 0.004 
132   ZFCC36    (0)    4 :  0.009 0.004 0.017 0.879 0.007 0.008 0.005 0.005 0.019 0.015 0.006 0.011 0.004 0.007 0.004 
133   ZFCC37    (0)    4 :  0.007 0.007 0.005 0.710 0.097 0.011 0.032 0.007 0.012 0.016 0.015 0.036 0.029 0.008 0.008 
134   ZFCC40    (0)    4 :  0.003 0.004 0.013 0.916 0.005 0.003 0.004 0.004 0.003 0.008 0.004 0.014 0.009 0.006 0.003 
135   ZFCC42    (0)    4 :  0.006 0.041 0.064 0.059 0.185 0.011 0.020 0.005 0.004 0.007 0.025 0.513 0.007 0.003 0.050 
136   ZFCC44    (0)    4 :  0.003 0.003 0.007 0.936 0.002 0.003 0.003 0.003 0.003 0.002 0.004 0.015 0.003 0.003 0.009 
137   ZFCC45    (9)    4 :  0.004 0.008 0.018 0.821 0.011 0.005 0.009 0.004 0.009 0.007 0.021 0.052 0.018 0.005 0.009 
138   ZFCC46    (0)    4 :  0.036 0.004 0.005 0.849 0.003 0.022 0.005 0.010 0.008 0.017 0.003 0.015 0.003 0.011 0.010 
139   ZFCC47    (0)    4 :  0.007 0.006 0.004 0.851 0.054 0.006 0.007 0.007 0.006 0.004 0.005 0.009 0.025 0.003 0.005 
140   ZFCC48    (0)    4 :  0.038 0.005 0.004 0.765 0.003 0.012 0.024 0.009 0.012 0.082 0.003 0.016 0.005 0.020 0.004 
141   ZFCC50    (0)    4 :  0.003 0.004 0.004 0.944 0.005 0.003 0.004 0.003 0.004 0.003 0.003 0.009 0.004 0.003 0.003 
142   ZFCC51    (0)    4 :  0.003 0.003 0.002 0.947 0.003 0.003 0.003 0.004 0.003 0.003 0.003 0.005 0.005 0.003 0.009 
143   ZFCC52    (0)    4 :  0.014 0.004 0.007 0.844 0.006 0.010 0.006 0.012 0.009 0.021 0.004 0.040 0.005 0.013 0.005 
144   ZFCC53    (0)    4 :  0.003 0.004 0.003 0.952 0.003 0.003 0.003 0.003 0.003 0.003 0.003 0.005 0.004 0.002 0.006 
145  ZFCNS01    (0)    5 :  0.003 0.002 0.025 0.006 0.009 0.044 0.006 0.004 0.046 0.007 0.030 0.003 0.003 0.006 0.807 
146  ZFCNS02    (0)    5 :  0.004 0.002 0.002 0.005 0.002 0.004 0.002 0.005 0.003 0.003 0.003 0.003 0.003 0.003 0.955 
147  ZFCNS05    (0)    5 :  0.005 0.005 0.002 0.007 0.003 0.007 0.003 0.007 0.005 0.006 0.003 0.006 0.005 0.007 0.928 
148  ZFCNS06    (0)    5 :  0.005 0.003 0.002 0.005 0.002 0.004 0.002 0.004 0.003 0.003 0.003 0.003 0.003 0.003 0.953 
149  ZFCNS07    (0)    5 :  0.011 0.003 0.002 0.003 0.002 0.005 0.002 0.010 0.003 0.005 0.003 0.003 0.003 0.006 0.938 
150  ZFCNS10    (0)    5 :  0.006 0.003 0.005 0.005 0.002 0.020 0.003 0.008 0.003 0.008 0.003 0.003 0.002 0.009 0.920 
151  ZFCNS11    (0)    5 :  0.004 0.002 0.011 0.006 0.007 0.017 0.006 0.004 0.021 0.006 0.013 0.003 0.003 0.005 0.892 
152  ZFCNS15    (0)    5 :  0.007 0.004 0.002 0.003 0.003 0.034 0.004 0.011 0.004 0.008 0.003 0.006 0.003 0.032 0.875 
153  ZFCNS17    (0)    5 :  0.004 0.002 0.002 0.005 0.002 0.006 0.002 0.005 0.003 0.004 0.003 0.004 0.003 0.003 0.952 
154  ZFCNS18    (0)    5 :  0.005 0.004 0.004 0.005 0.002 0.016 0.002 0.006 0.003 0.008 0.003 0.003 0.003 0.011 0.926 
155  ZFCNS19    (0)    5 :  0.003 0.003 0.002 0.005 0.003 0.004 0.002 0.003 0.003 0.003 0.003 0.003 0.003 0.003 0.958 
156  ZFCNS20    (0)    5 :  0.015 0.003 0.002 0.004 0.003 0.012 0.004 0.014 0.005 0.011 0.003 0.007 0.003 0.011 0.903 
157  ZFCNS21    (0)    5 :  0.002 0.002 0.002 0.004 0.002 0.006 0.002 0.003 0.003 0.003 0.003 0.003 0.003 0.003 0.960 
158  ZFCNS22    (0)    5 :  0.005 0.006 0.003 0.005 0.003 0.011 0.004 0.008 0.005 0.010 0.004 0.006 0.005 0.013 0.914 
159  ZFCNS23    (0)    5 :  0.012 0.004 0.011 0.013 0.007 0.005 0.005 0.004 0.011 0.007 0.007 0.023 0.005 0.003 0.882 
160  ZFCNS24    (0)    5 :  0.006 0.002 0.002 0.007 0.003 0.009 0.003 0.008 0.004 0.005 0.003 0.009 0.003 0.005 0.929 
161  ZFCNS25    (0)    5 :  0.010 0.002 0.002 0.005 0.003 0.012 0.003 0.017 0.004 0.007 0.003 0.008 0.003 0.010 0.912 
162  ZFCNS26    (0)    5 :  0.004 0.003 0.002 0.003 0.002 0.006 0.002 0.004 0.003 0.003 0.003 0.003 0.003 0.005 0.952 
163  ZFCNS27    (0)    5 :  0.009 0.003 0.002 0.003 0.003 0.033 0.004 0.021 0.004 0.009 0.004 0.006 0.003 0.031 0.866 
164  ZFCNS28    (0)    5 :  0.004 0.004 0.002 0.004 0.002 0.004 0.003 0.003 0.003 0.004 0.003 0.003 0.003 0.004 0.953 
165  ZFCNS29    (0)    5 :  0.004 0.004 0.002 0.007 0.003 0.008 0.003 0.008 0.005 0.007 0.004 0.006 0.004 0.006 0.927 
166  ZFCNS30    (0)    5 :  0.003 0.004 0.002 0.006 0.003 0.007 0.003 0.004 0.005 0.005 0.004 0.006 0.005 0.005 0.939 
167  ZFCNS31    (0)    5 :  0.004 0.003 0.002 0.003 0.002 0.006 0.002 0.003 0.003 0.003 0.003 0.003 0.003 0.004 0.954 
168  ZFCNS32    (0)    5 :  0.007 0.003 0.002 0.004 0.003 0.014 0.003 0.007 0.005 0.005 0.003 0.006 0.004 0.007 0.928 
169  ZFCNS33    (0)    5 :  0.005 0.003 0.002 0.004 0.002 0.005 0.002 0.004 0.004 0.003 0.003 0.003 0.003 0.003 0.956 
170  ZFCNS34    (0)    5 :  0.004 0.004 0.002 0.011 0.003 0.006 0.003 0.005 0.005 0.005 0.003 0.007 0.005 0.004 0.933 
171  ZFCNS35    (0)    5 :  0.004 0.016 0.002 0.007 0.002 0.025 0.009 0.012 0.003 0.012 0.003 0.003 0.009 0.013 0.879 
172  ZFCNS36    (0)    5 :  0.008 0.003 0.002 0.011 0.003 0.007 0.003 0.009 0.004 0.006 0.003 0.010 0.003 0.005 0.924 
173  ZFCNS37    (0)    5 :  0.008 0.004 0.002 0.005 0.002 0.155 0.004 0.008 0.005 0.005 0.010 0.007 0.004 0.006 0.775 
174  ZFCNS39    (0)    5 :  0.021 0.002 0.004 0.015 0.002 0.028 0.005 0.006 0.014 0.008 0.005 0.006 0.003 0.007 0.875 
175  ZFCNS40    (0)    5 :  0.111 0.002 0.003 0.028 0.003 0.163 0.004 0.015 0.008 0.008 0.005 0.011 0.003 0.006 0.632 
176  ZFCNS41    (0)    5 :  0.005 0.005 0.004 0.014 0.004 0.667 0.006 0.014 0.010 0.017 0.009 0.012 0.006 0.010 0.217 
177  ZFCNS42    (0)    5 :  0.003 0.003 0.002 0.003 0.002 0.006 0.003 0.004 0.003 0.003 0.003 0.003 0.003 0.005 0.955 
178  ZFCNS43    (0)    5 :  0.003 0.002 0.002 0.005 0.002 0.004 0.002 0.003 0.003 0.003 0.003 0.004 0.003 0.003 0.959 
179  ZFCNS44    (0)    5 :  0.004 0.003 0.005 0.005 0.002 0.019 0.002 0.005 0.003 0.008 0.003 0.003 0.003 0.010 0.925 
180  ZFCNS46    (0)    5 :  0.004 0.003 0.002 0.005 0.003 0.010 0.004 0.005 0.005 0.007 0.004 0.005 0.004 0.006 0.933 
181  ZFCNS47    (0)    5 :  0.003 0.003 0.002 0.004 0.002 0.005 0.002 0.003 0.003 0.003 0.003 0.003 0.003 0.003 0.958 
182  ZFCNS48    (0)    5 :  0.006 0.004 0.004 0.006 0.002 0.050 0.003 0.008 0.005 0.014 0.003 0.005 0.004 0.015 0.869 
183  ZFCNS49    (0)    5 :  0.004 0.004 0.004 0.003 0.002 0.051 0.003 0.006 0.003 0.010 0.003 0.003 0.003 0.031 0.870 
184   ZFCR01    (0)    6 :  0.007 0.007 0.006 0.008 0.019 0.003 0.830 0.007 0.004 0.014 0.056 0.003 0.026 0.007 0.003 
185   ZFCR02    (0)    6 :  0.008 0.012 0.009 0.020 0.007 0.004 0.874 0.016 0.005 0.012 0.008 0.011 0.005 0.005 0.005 
186   ZFCR03    (0)    6 :  0.009 0.026 0.029 0.012 0.037 0.004 0.735 0.013 0.014 0.029 0.012 0.057 0.012 0.010 0.003 
187   ZFCR04    (0)    6 :  0.016 0.149 0.022 0.015 0.013 0.020 0.598 0.010 0.011 0.009 0.040 0.005 0.062 0.018 0.010 
188   ZFCR05    (0)    6 :  0.004 0.010 0.007 0.010 0.008 0.003 0.890 0.003 0.012 0.004 0.018 0.004 0.021 0.003 0.003 
189   ZFCR06    (0)    6 :  0.009 0.018 0.003 0.012 0.006 0.024 0.773 0.026 0.005 0.014 0.017 0.006 0.013 0.016 0.056 
190   ZFCR07    (0)    6 :  0.004 0.047 0.007 0.012 0.018 0.050 0.448 0.005 0.112 0.014 0.125 0.059 0.013 0.010 0.076 
191   ZFCR08    (0)    6 :  0.043 0.021 0.031 0.082 0.037 0.013 0.175 0.007 0.006 0.036 0.395 0.036 0.090 0.024 0.004 
192   ZFCR09    (0)    6 :  0.016 0.092 0.062 0.023 0.210 0.039 0.285 0.060 0.017 0.095 0.033 0.020 0.012 0.023 0.014 
193   ZFCR11    (0)    6 :  0.003 0.022 0.005 0.006 0.012 0.040 0.812 0.022 0.017 0.005 0.021 0.004 0.017 0.004 0.009 
194   ZFCR12    (0)    6 :  0.014 0.006 0.004 0.009 0.003 0.056 0.746 0.010 0.014 0.006 0.006 0.008 0.004 0.013 0.101 
195   ZFCR13    (0)    6 :  0.005 0.041 0.003 0.009 0.004 0.010 0.220 0.039 0.280 0.013 0.263 0.007 0.006 0.093 0.006 
196   ZFCR14    (0)    6 :  0.010 0.013 0.004 0.008 0.004 0.008 0.874 0.005 0.021 0.006 0.012 0.005 0.011 0.009 0.006 
197   ZFCR15    (0)    6 :  0.028 0.045 0.009 0.010 0.005 0.012 0.744 0.012 0.015 0.017 0.052 0.009 0.017 0.019 0.005 
198   ZFCR16    (0)    6 :  0.014 0.016 0.003 0.007 0.005 0.004 0.863 0.015 0.008 0.020 0.021 0.004 0.007 0.010 0.003 
199   ZFCR18    (0)    6 :  0.005 0.323 0.004 0.011 0.007 0.005 0.552 0.020 0.007 0.007 0.012 0.029 0.009 0.005 0.006 
200   ZFCR19    (0)    6 :  0.033 0.017 0.004 0.010 0.074 0.010 0.772 0.014 0.007 0.011 0.006 0.005 0.006 0.024 0.006 
201   ZFCR20    (0)    6 :  0.007 0.039 0.005 0.006 0.041 0.007 0.619 0.011 0.060 0.057 0.033 0.032 0.039 0.039 0.005 
202   ZFCR21    (0)    6 :  0.009 0.004 0.003 0.012 0.004 0.006 0.905 0.004 0.021 0.005 0.008 0.007 0.004 0.005 0.003 
203   ZFCR22    (0)    6 :  0.014 0.006 0.004 0.005 0.006 0.005 0.881 0.004 0.044 0.008 0.006 0.006 0.002 0.006 0.003 
204   ZFCR23    (0)    6 :  0.005 0.010 0.042 0.003 0.012 0.023 0.626 0.014 0.051 0.044 0.083 0.004 0.004 0.075 0.005 
205   ZFCR24    (9)    6 :  0.007 0.069 0.004 0.007 0.066 0.009 0.070 0.024 0.105 0.086 0.077 0.008 0.031 0.431 0.003 
206   ZFCR25    (0)    6 :  0.004 0.007 0.002 0.005 0.008 0.005 0.919 0.003 0.011 0.004 0.010 0.005 0.009 0.004 0.003 
207   ZFCR26    (0)    6 :  0.016 0.004 0.004 0.017 0.082 0.009 0.579 0.013 0.219 0.012 0.013 0.007 0.012 0.010 0.004 
208   ZFCR27    (9)    6 :  0.003 0.012 0.004 0.005 0.049 0.003 0.472 0.003 0.037 0.004 0.376 0.003 0.020 0.004 0.003 
209   ZFCR28    (0)    6 :  0.034 0.004 0.006 0.009 0.004 0.019 0.605 0.029 0.006 0.104 0.129 0.007 0.006 0.014 0.024 
210   ZFCR29    (0)    6 :  0.005 0.010 0.004 0.004 0.009 0.004 0.918 0.004 0.015 0.006 0.005 0.004 0.006 0.005 0.002 
211   ZFCR30    (0)    6 :  0.008 0.006 0.005 0.006 0.010 0.012 0.862 0.005 0.037 0.007 0.008 0.009 0.008 0.009 0.009 
212   ZFCR31    (0)    6 :  0.017 0.158 0.013 0.011 0.067 0.043 0.413 0.045 0.023 0.076 0.017 0.028 0.013 0.030 0.045 
213   ZFCR33    (0)    6 :  0.013 0.007 0.019 0.042 0.017 0.016 0.054 0.006 0.026 0.015 0.702 0.009 0.057 0.010 0.006 
214   ZFCR34    (0)    6 :  0.009 0.135 0.013 0.014 0.009 0.027 0.464 0.008 0.221 0.024 0.038 0.004 0.005 0.020 0.009 
215   ZFCR35    (0)    6 :  0.004 0.099 0.012 0.010 0.013 0.005 0.811 0.004 0.005 0.005 0.008 0.004 0.010 0.007 0.004 
216   ZFCR36    (0)    6 :  0.004 0.036 0.014 0.006 0.014 0.008 0.839 0.005 0.017 0.009 0.009 0.006 0.007 0.007 0.018 
217   ZFCR37    (0)    6 :  0.004 0.053 0.021 0.055 0.049 0.004 0.052 0.003 0.599 0.004 0.068 0.015 0.063 0.004 0.004 
218   ZFCR38    (0)    6 :  0.012 0.007 0.009 0.040 0.048 0.010 0.217 0.006 0.035 0.011 0.534 0.012 0.046 0.006 0.007 
219   ZFCR39    (0)    6 :  0.020 0.024 0.219 0.092 0.029 0.011 0.199 0.030 0.008 0.073 0.218 0.043 0.013 0.019 0.003 
220   ZFCR40    (0)    6 :  0.004 0.009 0.031 0.017 0.013 0.014 0.779 0.004 0.012 0.012 0.070 0.006 0.012 0.013 0.004 
221   ZFCR41    (0)    6 :  0.020 0.005 0.003 0.024 0.003 0.116 0.763 0.007 0.011 0.009 0.011 0.006 0.007 0.005 0.011 
222   ZFCR42    (0)    6 :  0.018 0.006 0.019 0.040 0.012 0.025 0.630 0.011 0.069 0.020 0.076 0.020 0.010 0.021 0.022 
223   ZFCR43    (0)    6 :  0.004 0.023 0.004 0.004 0.004 0.005 0.833 0.029 0.008 0.005 0.009 0.005 0.011 0.051 0.005 
224  ZFENP25    (0)    7 :  0.011 0.005 0.005 0.023 0.005 0.005 0.041 0.003 0.006 0.015 0.818 0.006 0.044 0.010 0.003 
225  ZFENP26    (0)    7 :  0.003 0.006 0.008 0.004 0.007 0.004 0.008 0.002 0.004 0.003 0.936 0.005 0.006 0.002 0.003 
226  ZFENP27    (0)    7 :  0.011 0.015 0.019 0.189 0.027 0.031 0.247 0.005 0.005 0.031 0.285 0.038 0.021 0.018 0.058 
227  ZFENP28    (0)    7 :  0.005 0.009 0.009 0.011 0.015 0.005 0.025 0.005 0.008 0.004 0.863 0.004 0.024 0.003 0.010 
228  ZFENP29    (0)    7 :  0.004 0.004 0.005 0.011 0.005 0.004 0.055 0.003 0.008 0.005 0.875 0.007 0.005 0.006 0.004 
229  ZFENP30    (0)    7 :  0.007 0.007 0.010 0.033 0.010 0.005 0.011 0.006 0.013 0.006 0.779 0.090 0.008 0.004 0.009 
230  ZFENP31    (0)    7 :  0.004 0.028 0.204 0.010 0.044 0.004 0.020 0.009 0.013 0.005 0.263 0.352 0.035 0.004 0.005 
231  ZFENP32    (0)    7 :  0.007 0.299 0.140 0.011 0.027 0.013 0.061 0.023 0.014 0.024 0.189 0.140 0.023 0.008 0.021 
232  ZFENP33    (0)    7 :  0.004 0.013 0.008 0.005 0.015 0.007 0.015 0.005 0.042 0.007 0.800 0.036 0.030 0.007 0.004 
233  ZFENP34    (0)    7 :  0.004 0.037 0.006 0.021 0.022 0.006 0.027 0.009 0.008 0.006 0.180 0.094 0.568 0.004 0.010 
234  ZFENP35    (0)    7 :  0.005 0.016 0.061 0.005 0.005 0.017 0.006 0.004 0.008 0.009 0.826 0.007 0.007 0.013 0.012 
235  ZFENP36    (0)    7 :  0.002 0.010 0.013 0.003 0.009 0.004 0.008 0.002 0.006 0.004 0.914 0.007 0.006 0.002 0.011 
236  ZFENP37    (0)    7 :  0.003 0.013 0.090 0.007 0.009 0.007 0.008 0.005 0.030 0.009 0.397 0.010 0.399 0.007 0.008 
237  ZFENP38    (0)    7 :  0.004 0.010 0.023 0.019 0.021 0.008 0.013 0.004 0.424 0.006 0.402 0.015 0.029 0.005 0.016 
238  ZFENP39    (0)    7 :  0.003 0.012 0.027 0.013 0.011 0.005 0.161 0.003 0.011 0.004 0.705 0.007 0.027 0.005 0.005 
239  ZFENP40    (0)    7 :  0.004 0.016 0.048 0.007 0.013 0.005 0.098 0.008 0.007 0.010 0.731 0.013 0.022 0.010 0.006 
240  ZFENP41    (0)    7 :  0.009 0.021 0.031 0.073 0.005 0.007 0.039 0.006 0.006 0.007 0.719 0.043 0.017 0.009 0.007 
241  ZFENP42    (0)    7 :  0.005 0.004 0.228 0.006 0.007 0.005 0.028 0.003 0.049 0.004 0.640 0.010 0.004 0.004 0.003 
242  ZFENP43    (0)    7 :  0.006 0.007 0.015 0.030 0.035 0.034 0.020 0.007 0.088 0.009 0.643 0.008 0.037 0.008 0.055 
243  ZFENP44    (0)    7 :  0.003 0.005 0.130 0.017 0.012 0.023 0.011 0.004 0.039 0.012 0.670 0.023 0.025 0.012 0.014 
244  ZFENP45    (0)    7 :  0.316 0.007 0.126 0.013 0.013 0.012 0.019 0.030 0.054 0.019 0.332 0.018 0.013 0.018 0.008 
245  ZFENP46    (0)    7 :  0.005 0.007 0.015 0.003 0.013 0.019 0.015 0.009 0.047 0.014 0.785 0.011 0.025 0.023 0.008 
246  ZFENP47    (0)    7 :  0.119 0.068 0.233 0.074 0.028 0.004 0.214 0.012 0.005 0.012 0.176 0.029 0.011 0.012 0.004 
247  ZFENP48    (0)    7 :  0.010 0.012 0.012 0.014 0.027 0.006 0.037 0.017 0.015 0.016 0.078 0.261 0.481 0.006 0.008 
248  ZFENP49    (0)    7 :  0.010 0.027 0.006 0.009 0.018 0.005 0.561 0.011 0.009 0.008 0.176 0.139 0.005 0.012 0.006 
249  ZFENP50    (0)    7 :  0.008 0.008 0.055 0.004 0.024 0.015 0.029 0.029 0.079 0.053 0.652 0.006 0.007 0.025 0.004 
250  ZFENP51    (0)    7 :  0.058 0.026 0.033 0.008 0.460 0.005 0.032 0.004 0.013 0.004 0.305 0.031 0.011 0.004 0.007 
251  ZFENP52    (0)    7 :  0.005 0.003 0.007 0.009 0.005 0.016 0.006 0.005 0.012 0.004 0.904 0.006 0.003 0.004 0.010 
252  ZFENP53    (0)    7 :  0.025 0.006 0.017 0.007 0.009 0.019 0.015 0.044 0.027 0.036 0.743 0.008 0.009 0.027 0.009 
253  ZFENP54    (0)    7 :  0.005 0.014 0.011 0.018 0.008 0.010 0.684 0.021 0.015 0.034 0.132 0.023 0.009 0.010 0.006 
254  ZFENP55    (0)    7 :  0.004 0.052 0.015 0.003 0.035 0.004 0.050 0.005 0.573 0.005 0.210 0.010 0.025 0.004 0.004 
255  ZFENP56    (0)    7 :  0.006 0.012 0.006 0.008 0.022 0.009 0.010 0.004 0.055 0.004 0.830 0.012 0.009 0.004 0.009 
256  ZFENP57    (0)    7 :  0.002 0.015 0.073 0.004 0.017 0.008 0.025 0.003 0.015 0.007 0.775 0.015 0.024 0.004 0.012 
257  ZFENP58    (0)    7 :  0.118 0.027 0.005 0.020 0.016 0.015 0.098 0.008 0.019 0.020 0.323 0.304 0.005 0.004 0.016 
258  ZFENP59    (0)    7 :  0.005 0.015 0.035 0.070 0.007 0.005 0.036 0.005 0.009 0.006 0.761 0.025 0.010 0.005 0.005 
259  ZFENP60    (0)    7 :  0.015 0.040 0.016 0.010 0.011 0.008 0.076 0.008 0.014 0.012 0.736 0.006 0.030 0.011 0.006 
260  ZFENP61    (0)    7 :  0.003 0.019 0.007 0.018 0.008 0.004 0.073 0.003 0.009 0.003 0.816 0.009 0.019 0.004 0.004 
261 ZFFDSP01    (0)    8 :  0.017 0.005 0.003 0.004 0.003 0.053 0.004 0.009 0.007 0.650 0.003 0.003 0.004 0.219 0.017 
262 ZFFDSP02    (0)    8 :  0.004 0.003 0.002 0.003 0.002 0.006 0.003 0.004 0.004 0.028 0.003 0.003 0.003 0.929 0.003 
263 ZFFDSP04    (0)    8 :  0.011 0.004 0.002 0.004 0.002 0.008 0.004 0.010 0.005 0.406 0.002 0.003 0.004 0.532 0.003 
264 ZFFDSP05    (0)    8 :  0.009 0.003 0.004 0.004 0.004 0.046 0.005 0.013 0.008 0.035 0.004 0.003 0.003 0.856 0.004 
265 ZFFDSP06    (0)    8 :  0.015 0.003 0.002 0.014 0.002 0.035 0.005 0.117 0.005 0.422 0.002 0.004 0.011 0.361 0.003 
266 ZFFDSP07    (0)    8 :  0.043 0.003 0.005 0.013 0.004 0.006 0.005 0.017 0.008 0.627 0.004 0.029 0.004 0.227 0.005 
267 ZFFDSP08    (0)    8 :  0.091 0.003 0.004 0.011 0.004 0.034 0.005 0.143 0.013 0.505 0.005 0.036 0.004 0.130 0.013 
268 ZFFDSP10    (0)    8 :  0.022 0.003 0.006 0.005 0.004 0.020 0.006 0.018 0.009 0.284 0.005 0.015 0.004 0.594 0.005 
269 ZFFDSP11    (0)    8 :  0.008 0.004 0.003 0.004 0.004 0.014 0.005 0.023 0.008 0.445 0.003 0.003 0.004 0.468 0.003 
270 ZFFDSP12    (0)    8 :  0.011 0.002 0.002 0.003 0.003 0.012 0.003 0.245 0.004 0.558 0.004 0.005 0.003 0.140 0.005 
271 ZFFDSP13    (0)    8 :  0.005 0.004 0.004 0.011 0.003 0.750 0.005 0.019 0.009 0.076 0.005 0.008 0.004 0.075 0.022 
