

----------------------------------------------------
STRUCTURE by Pritchard, Stephens and Donnelly (2000)
     and Falush, Stephens and Pritchard (2003)
       Code by Pritchard, Falush and Hubisz
             Version 2.3.4 (Jul 2012)
----------------------------------------------------



Command line arguments:   bin\structure -m C:\Users\eschumacher\Documents\GitHub\GCC_QUAC_ZAIN\Data_Files\Structure_Files\ZAIN\ZAIN_rebinned_wild\50-50\mainparams -e C:\Users\eschumacher\Documents\GitHub\GCC_QUAC_ZAIN\Data_Files\Structure_Files\ZAIN\ZAIN_rebinned_wild\50-50\extraparams 
Input File:    C:\Users\eschumacher\Documents\GitHub\GCC_QUAC_ZAIN\Data_Files\Structure_Files\ZAIN\ZAIN_rebinned_wild\project_data

Run parameters:
   751 individuals
   11 loci
   8 populations assumed
   50000 Burn-in period
   50000 Reps


--------------------------------------------
Proportion of membership of each pre-defined
 population in each of the 8 clusters

Given    Inferred Clusters                                          Number of
 Pop       1      2      3      4      5      6      7      8      Individuals

  1:     0.007  0.039  0.009  0.013  0.005  0.916  0.007  0.004       35
  2:     0.259  0.005  0.661  0.007  0.021  0.007  0.026  0.013       36
  3:     0.140  0.006  0.784  0.010  0.027  0.005  0.009  0.020       33
  4:     0.008  0.022  0.011  0.005  0.009  0.007  0.929  0.010       40
  5:     0.035  0.004  0.007  0.005  0.009  0.004  0.007  0.928       39
  6:     0.028  0.048  0.056  0.655  0.025  0.147  0.028  0.013       40
  7:     0.011  0.114  0.011  0.718  0.024  0.070  0.041  0.013       37
  8:     0.195  0.003  0.753  0.004  0.019  0.006  0.006  0.013       40
  9:     0.006  0.007  0.005  0.006  0.003  0.921  0.038  0.014       28
 10:     0.014  0.055  0.014  0.016  0.007  0.008  0.877  0.008       14
 11:     0.013  0.905  0.007  0.013  0.005  0.009  0.007  0.041       13
 12:     0.911  0.002  0.017  0.004  0.008  0.005  0.021  0.031       14
 13:     0.059  0.009  0.863  0.007  0.035  0.005  0.010  0.011       25
 14:     0.011  0.005  0.016  0.005  0.943  0.007  0.008  0.006       40
 15:     0.051  0.008  0.021  0.019  0.008  0.023  0.855  0.016       32
 16:     0.004  0.971  0.005  0.004  0.005  0.003  0.004  0.004       20
 17:     0.013  0.007  0.012  0.240  0.006  0.708  0.011  0.004        4
 18:     0.016  0.017  0.048  0.024  0.015  0.860  0.014  0.005       23
 19:     0.006  0.006  0.006  0.013  0.004  0.951  0.008  0.006       39
 20:     0.006  0.895  0.006  0.011  0.004  0.067  0.007  0.004       38
 21:     0.751  0.005  0.042  0.008  0.053  0.005  0.009  0.126       45
 22:     0.507  0.013  0.302  0.010  0.025  0.005  0.018  0.120       28
 23:     0.005  0.009  0.005  0.026  0.005  0.934  0.007  0.009        6
 24:     0.019  0.006  0.011  0.890  0.031  0.020  0.011  0.012       40
 25:     0.025  0.089  0.009  0.818  0.012  0.021  0.014  0.013       42
--------------------------------------------

Allele-freq. divergence among pops (Net nucleotide distance),
computed using point estimates of P.

      1       2       3       4       5       6       7       8      
 1      -    0.2697  0.0450  0.1179  0.1206  0.2268  0.1396  0.1376  
 2   0.2697     -    0.2736  0.1275  0.3424  0.1559  0.2070  0.3468  
 3   0.0450  0.2736     -    0.1511  0.1089  0.2221  0.1693  0.2372  
 4   0.1179  0.1275  0.1511     -    0.2022  0.0944  0.1001  0.1923  
 5   0.1206  0.3424  0.1089  0.2022     -    0.3343  0.1825  0.2861  
 6   0.2268  0.1559  0.2221  0.0944  0.3343     -    0.1519  0.2729  
 7   0.1396  0.2070  0.1693  0.1001  0.1825  0.1519     -    0.1729  
 8   0.1376  0.3468  0.2372  0.1923  0.2861  0.2729  0.1729     -    

Average distances (expected heterozygosity) between individuals in same cluster:
cluster  1  : 0.4318 
cluster  2  : 0.4296 
cluster  3  : 0.4093 
cluster  4  : 0.5618 
cluster  5  : 0.3677 
cluster  6  : 0.4680 
cluster  7  : 0.4337 
cluster  8  : 0.2338 

--------------------------------------------
Estimated Ln Prob of Data   = -14072.7
Mean value of ln likelihood = -13752.8
Variance of ln likelihood   = 639.7
Mean value of alpha         = 0.0328

Mean value of Fst_1         = 0.3861
Mean value of Fst_2         = 0.4220
Mean value of Fst_3         = 0.3528
Mean value of Fst_4         = 0.1295
Mean value of Fst_5         = 0.4196
Mean value of Fst_6         = 0.3606
Mean value of Fst_7         = 0.3963
Mean value of Fst_8         = 0.6346


Inferred ancestry of individuals:
        Label (%Miss) Pop:  Inferred clusters
  1    ZFB01    (0)    1 :  0.004 0.007 0.005 0.004 0.003 0.970 0.004 0.003 
  2    ZFB02    (0)    1 :  0.003 0.041 0.003 0.007 0.003 0.932 0.008 0.002 
  3    ZFB03    (0)    1 :  0.006 0.005 0.005 0.008 0.003 0.961 0.005 0.009 
  4    ZFB04    (0)    1 :  0.004 0.054 0.005 0.005 0.002 0.922 0.006 0.002 
  5    ZFB05    (0)    1 :  0.005 0.176 0.003 0.061 0.011 0.722 0.012 0.011 
  6    ZFB06    (0)    1 :  0.006 0.091 0.003 0.062 0.013 0.807 0.008 0.010 
  7    ZFB07    (9)    1 :  0.007 0.009 0.007 0.007 0.004 0.956 0.005 0.005 
  8    ZFB08    (0)    1 :  0.007 0.005 0.006 0.008 0.006 0.957 0.006 0.004 
  9    ZFB09    (0)    1 :  0.003 0.004 0.003 0.004 0.003 0.977 0.003 0.003 
 10    ZFB10    (0)    1 :  0.011 0.009 0.020 0.005 0.006 0.940 0.007 0.002 
 11    ZFB11    (0)    1 :  0.005 0.020 0.009 0.005 0.003 0.948 0.007 0.003 
 12    ZFB12    (0)    1 :  0.011 0.032 0.009 0.025 0.004 0.908 0.004 0.008 
 13    ZFB13    (0)    1 :  0.007 0.007 0.009 0.010 0.006 0.952 0.005 0.004 
 14    ZFB14    (0)    1 :  0.004 0.004 0.006 0.004 0.003 0.970 0.005 0.003 
 15    ZFB15    (0)    1 :  0.003 0.012 0.003 0.004 0.002 0.971 0.003 0.002 
 16    ZFB16    (0)    1 :  0.006 0.012 0.006 0.007 0.004 0.958 0.004 0.003 
 17    ZFB17    (0)    1 :  0.013 0.032 0.011 0.025 0.013 0.879 0.024 0.003 
 18    ZFB18    (0)    1 :  0.003 0.004 0.004 0.004 0.003 0.976 0.004 0.003 
 19    ZFB19    (0)    1 :  0.024 0.008 0.033 0.025 0.008 0.893 0.004 0.005 
 20    ZFB20    (0)    1 :  0.006 0.037 0.006 0.009 0.004 0.932 0.004 0.003 
 21    ZFB21    (0)    1 :  0.003 0.010 0.003 0.005 0.002 0.970 0.003 0.004 
 22    ZFB22    (0)    1 :  0.013 0.061 0.011 0.011 0.011 0.882 0.008 0.003 
 23    ZFB23    (0)    1 :  0.006 0.030 0.008 0.006 0.004 0.936 0.006 0.005 
 24    ZFB24    (0)    1 :  0.005 0.042 0.007 0.005 0.003 0.929 0.006 0.003 
 25    ZFB25    (0)    1 :  0.012 0.006 0.025 0.003 0.004 0.941 0.004 0.004 
 26    ZFB26    (0)    1 :  0.011 0.092 0.022 0.005 0.005 0.855 0.008 0.004 
 27    ZFB27    (0)    1 :  0.005 0.090 0.008 0.004 0.003 0.883 0.005 0.003 
 28    ZFB28    (0)    1 :  0.009 0.125 0.008 0.036 0.003 0.799 0.014 0.006 
 29    ZFB29    (0)    1 :  0.003 0.022 0.004 0.005 0.003 0.954 0.008 0.002 
 30    ZFB30    (0)    1 :  0.010 0.204 0.005 0.036 0.012 0.718 0.004 0.011 
 31    ZFB31    (0)    1 :  0.009 0.007 0.015 0.004 0.005 0.954 0.004 0.003 
 32    ZFB32    (0)    1 :  0.015 0.078 0.014 0.045 0.004 0.800 0.034 0.009 
 33    ZFB33    (0)    1 :  0.003 0.012 0.004 0.004 0.002 0.969 0.003 0.002 
 34    ZFB34    (0)    1 :  0.003 0.003 0.004 0.004 0.003 0.976 0.005 0.003 
 35    ZFB35    (0)    1 :  0.006 0.009 0.007 0.005 0.003 0.961 0.005 0.004 
 36  ZFBP101    (0)    2 :  0.641 0.007 0.195 0.010 0.029 0.010 0.095 0.012 
 37  ZFBP102    (0)    2 :  0.679 0.012 0.250 0.011 0.011 0.014 0.018 0.004 
 38  ZFBP103    (0)    2 :  0.768 0.007 0.066 0.008 0.010 0.006 0.117 0.017 
 39  ZFBP104    (0)    2 :  0.682 0.011 0.220 0.032 0.006 0.037 0.004 0.007 
 40  ZFBP105    (0)    2 :  0.262 0.004 0.697 0.007 0.006 0.006 0.006 0.013 
 41  ZFBP106    (0)    2 :  0.182 0.003 0.769 0.005 0.010 0.004 0.008 0.019 
 42  ZFBP107    (0)    2 :  0.539 0.017 0.398 0.010 0.005 0.006 0.009 0.016 
 43  ZFBP108    (0)    2 :  0.010 0.003 0.967 0.003 0.005 0.003 0.003 0.006 
 44  ZFBP109    (0)    2 :  0.029 0.003 0.945 0.004 0.006 0.004 0.004 0.005 
 45  ZFBP110    (0)    2 :  0.605 0.009 0.229 0.025 0.005 0.034 0.034 0.059 
 46  ZFBP111    (0)    2 :  0.591 0.003 0.279 0.006 0.104 0.003 0.005 0.009 
 47  ZFBP112    (0)    2 :  0.025 0.006 0.890 0.005 0.042 0.004 0.016 0.012 
 48  ZFBP113    (0)    2 :  0.015 0.004 0.963 0.005 0.004 0.004 0.003 0.003 
 49  ZFBP114    (0)    2 :  0.287 0.006 0.677 0.006 0.009 0.004 0.007 0.005 
 50  ZFBP115    (0)    2 :  0.881 0.003 0.076 0.005 0.010 0.002 0.008 0.014 
 51  ZFBP116    (0)    2 :  0.058 0.004 0.914 0.006 0.005 0.003 0.004 0.006 
 52  ZFBP117    (0)    2 :  0.016 0.002 0.955 0.004 0.008 0.003 0.007 0.005 
 53  ZFBP118    (0)    2 :  0.103 0.007 0.855 0.006 0.016 0.003 0.006 0.005 
 54  ZFBP119    (0)    2 :  0.459 0.003 0.461 0.007 0.018 0.004 0.031 0.016 
 55  ZFBP120    (0)    2 :  0.301 0.005 0.660 0.006 0.005 0.006 0.004 0.012 
 56  ZFBP121    (0)    2 :  0.036 0.003 0.929 0.005 0.005 0.006 0.008 0.008 
 57  ZFBP122    (9)    2 :  0.113 0.003 0.853 0.005 0.010 0.004 0.005 0.007 
 58  ZFBP123    (0)    2 :  0.019 0.006 0.929 0.006 0.016 0.004 0.015 0.005 
 59  ZFBP124    (0)    2 :  0.015 0.004 0.958 0.004 0.004 0.006 0.005 0.005 
 60  ZFBP125    (0)    2 :  0.042 0.002 0.917 0.003 0.017 0.002 0.006 0.010 
 61  ZFBP126    (0)    2 :  0.225 0.013 0.680 0.024 0.007 0.013 0.034 0.003 
 62  ZFBP127    (0)    2 :  0.215 0.003 0.656 0.004 0.005 0.003 0.020 0.095 
 63  ZFBP128    (0)    2 :  0.032 0.002 0.895 0.003 0.031 0.004 0.016 0.017 
 64  ZFBP129    (0)    2 :  0.008 0.003 0.858 0.005 0.106 0.005 0.009 0.007 
 65  ZFBP130    (0)    2 :  0.061 0.003 0.823 0.005 0.072 0.002 0.023 0.012 
 66  ZFBP131    (0)    2 :  0.006 0.004 0.972 0.004 0.004 0.003 0.004 0.003 
 67  ZFBP132    (0)    2 :  0.015 0.003 0.954 0.003 0.004 0.004 0.004 0.014 
 68  ZFBP133    (0)    2 :  0.009 0.002 0.880 0.003 0.093 0.003 0.006 0.003 
 69  ZFBP134    (0)    2 :  0.899 0.003 0.059 0.004 0.011 0.004 0.012 0.007 
 70  ZFBP135    (0)    2 :  0.262 0.006 0.423 0.007 0.014 0.014 0.260 0.015 
 71  ZFBP136    (0)    2 :  0.246 0.008 0.528 0.007 0.057 0.004 0.132 0.018 
 72  ZFBP201    (0)    3 :  0.017 0.006 0.944 0.007 0.005 0.005 0.005 0.011 
 73  ZFBP202    (0)    3 :  0.043 0.003 0.923 0.004 0.008 0.006 0.004 0.009 
 74  ZFBP203    (0)    3 :  0.019 0.038 0.881 0.028 0.017 0.006 0.006 0.005 
 75  ZFBP204    (0)    3 :  0.260 0.005 0.663 0.007 0.023 0.004 0.020 0.017 
 76  ZFBP205    (0)    3 :  0.009 0.004 0.959 0.004 0.011 0.003 0.008 0.003 
 77  ZFBP206    (0)    3 :  0.009 0.006 0.929 0.006 0.031 0.004 0.010 0.005 
 78  ZFBP207    (0)    3 :  0.255 0.004 0.631 0.005 0.008 0.004 0.012 0.082 
 79  ZFBP208    (0)    3 :  0.012 0.010 0.948 0.008 0.007 0.004 0.008 0.004 
 80  ZFBP209    (0)    3 :  0.009 0.002 0.916 0.003 0.057 0.003 0.006 0.003 
 81  ZFBP210    (0)    3 :  0.020 0.007 0.935 0.008 0.010 0.005 0.006 0.010 
 82  ZFBP211    (0)    3 :  0.011 0.003 0.957 0.004 0.004 0.006 0.005 0.010 
 83  ZFBP212    (0)    3 :  0.286 0.003 0.657 0.003 0.006 0.006 0.003 0.036 
 84  ZFBP213    (0)    3 :  0.011 0.005 0.936 0.006 0.010 0.007 0.013 0.012 
 85  ZFBP214    (0)    3 :  0.033 0.004 0.781 0.017 0.072 0.011 0.046 0.037 
 86  ZFBP215    (0)    3 :  0.013 0.003 0.959 0.004 0.007 0.004 0.005 0.006 
 87  ZFBP216    (0)    3 :  0.219 0.007 0.740 0.013 0.006 0.005 0.005 0.006 
 88  ZFBP217    (0)    3 :  0.121 0.004 0.617 0.010 0.194 0.007 0.007 0.040 
 89  ZFBP218    (0)    3 :  0.017 0.003 0.956 0.004 0.011 0.003 0.003 0.003 
 90  ZFBP219    (0)    3 :  0.015 0.004 0.962 0.005 0.005 0.003 0.003 0.003 
 91  ZFBP220    (0)    3 :  0.352 0.004 0.565 0.005 0.040 0.003 0.016 0.014 
 92  ZFBP221    (0)    3 :  0.523 0.003 0.449 0.004 0.007 0.004 0.003 0.007 
 93  ZFBP222    (0)    3 :  0.006 0.005 0.964 0.005 0.006 0.004 0.007 0.003 
 94  ZFBP223    (0)    3 :  0.159 0.005 0.603 0.007 0.011 0.008 0.008 0.199 
 95  ZFBP224    (0)    3 :  0.011 0.004 0.958 0.006 0.005 0.005 0.006 0.006 
 96  ZFBP225    (0)    3 :  0.509 0.008 0.212 0.010 0.230 0.003 0.013 0.016 
 97  ZFBP226    (0)    3 :  0.040 0.005 0.933 0.005 0.005 0.003 0.004 0.005 
 98  ZFBP227    (0)    3 :  0.474 0.014 0.359 0.101 0.008 0.029 0.006 0.008 
 99  ZFBP228    (0)    3 :  0.578 0.003 0.334 0.004 0.007 0.005 0.016 0.053 
100  ZFBP229    (0)    3 :  0.079 0.003 0.881 0.005 0.018 0.003 0.006 0.005 
101  ZFBP230    (0)    3 :  0.447 0.003 0.476 0.005 0.033 0.003 0.022 0.010 
102  ZFBP231    (0)    3 :  0.011 0.004 0.958 0.005 0.005 0.005 0.006 0.007 
103  ZFBP232    (0)    3 :  0.012 0.003 0.963 0.003 0.007 0.003 0.005 0.004 
104  ZFBP233    (0)    3 :  0.031 0.004 0.927 0.006 0.014 0.006 0.006 0.006 
105   ZFCC01    (0)    4 :  0.003 0.004 0.005 0.004 0.004 0.009 0.966 0.005 
106   ZFCC03    (0)    4 :  0.004 0.003 0.005 0.004 0.006 0.006 0.963 0.011 
107   ZFCC04    (0)    4 :  0.004 0.003 0.004 0.004 0.007 0.005 0.969 0.005 
108   ZFCC05    (0)    4 :  0.006 0.004 0.005 0.005 0.006 0.006 0.954 0.014 
109   ZFCC08    (0)    4 :  0.008 0.002 0.010 0.004 0.015 0.005 0.950 0.005 
110   ZFCC09    (0)    4 :  0.004 0.003 0.004 0.003 0.004 0.007 0.967 0.008 
111   ZFCC10    (0)    4 :  0.003 0.004 0.006 0.004 0.004 0.012 0.963 0.004 
112   ZFCC11    (0)    4 :  0.004 0.004 0.005 0.004 0.005 0.007 0.962 0.010 
113   ZFCC12    (0)    4 :  0.007 0.047 0.005 0.010 0.005 0.018 0.901 0.007 
114   ZFCC13    (0)    4 :  0.013 0.007 0.008 0.007 0.008 0.004 0.944 0.008 
115   ZFCC14    (0)    4 :  0.005 0.005 0.011 0.004 0.008 0.010 0.953 0.004 
116   ZFCC15    (0)    4 :  0.004 0.005 0.004 0.007 0.005 0.005 0.964 0.005 
117   ZFCC16    (0)    4 :  0.003 0.004 0.004 0.004 0.005 0.005 0.971 0.004 
118   ZFCC17    (0)    4 :  0.003 0.008 0.003 0.004 0.004 0.005 0.968 0.005 
119   ZFCC18    (0)    4 :  0.004 0.004 0.004 0.004 0.006 0.006 0.964 0.009 
120   ZFCC19    (0)    4 :  0.004 0.007 0.003 0.007 0.003 0.005 0.968 0.003 
121   ZFCC20    (0)    4 :  0.005 0.003 0.004 0.005 0.005 0.004 0.966 0.008 
122   ZFCC21    (0)    4 :  0.014 0.006 0.031 0.015 0.031 0.007 0.893 0.003 
123   ZFCC22    (0)    4 :  0.058 0.004 0.158 0.005 0.046 0.007 0.716 0.007 
124   ZFCC26    (0)    4 :  0.004 0.003 0.004 0.004 0.004 0.005 0.971 0.005 
125   ZFCC27    (0)    4 :  0.004 0.003 0.003 0.004 0.004 0.004 0.972 0.007 
126   ZFCC29    (0)    4 :  0.005 0.004 0.004 0.006 0.005 0.008 0.964 0.005 
127   ZFCC30    (0)    4 :  0.004 0.003 0.003 0.004 0.005 0.003 0.967 0.010 
128   ZFCC32    (0)    4 :  0.006 0.007 0.004 0.007 0.006 0.005 0.960 0.006 
129   ZFCC33    (0)    4 :  0.004 0.004 0.004 0.005 0.003 0.006 0.965 0.008 
130   ZFCC34    (0)    4 :  0.031 0.016 0.048 0.006 0.013 0.019 0.822 0.045 
131   ZFCC35    (0)    4 :  0.004 0.003 0.003 0.003 0.004 0.003 0.974 0.004 
132   ZFCC36    (0)    4 :  0.009 0.011 0.008 0.008 0.012 0.004 0.944 0.004 
133   ZFCC37    (0)    4 :  0.008 0.042 0.009 0.012 0.004 0.017 0.899 0.007 
134   ZFCC40    (0)    4 :  0.004 0.006 0.006 0.003 0.004 0.006 0.967 0.004 
135   ZFCC42    (0)    4 :  0.011 0.564 0.005 0.009 0.012 0.011 0.288 0.099 
136   ZFCC44    (0)    4 :  0.004 0.004 0.003 0.003 0.003 0.003 0.971 0.010 
137   ZFCC45    (9)    4 :  0.005 0.014 0.005 0.009 0.003 0.012 0.944 0.008 
138   ZFCC46    (0)    4 :  0.013 0.004 0.008 0.004 0.024 0.003 0.935 0.010 
139   ZFCC47    (0)    4 :  0.005 0.027 0.005 0.005 0.007 0.015 0.931 0.005 
140   ZFCC48    (0)    4 :  0.010 0.003 0.023 0.005 0.032 0.007 0.917 0.003 
141   ZFCC50    (0)    4 :  0.003 0.004 0.003 0.004 0.004 0.004 0.974 0.004 
142   ZFCC51    (0)    4 :  0.004 0.003 0.003 0.003 0.004 0.004 0.965 0.014 
143   ZFCC52    (0)    4 :  0.008 0.006 0.009 0.004 0.009 0.004 0.955 0.005 
144   ZFCC53    (0)    4 :  0.003 0.003 0.003 0.003 0.004 0.004 0.973 0.007 
145  ZFCNS01    (0)    5 :  0.036 0.026 0.006 0.048 0.003 0.003 0.007 0.870 
146  ZFCNS02    (0)    5 :  0.004 0.002 0.003 0.003 0.004 0.003 0.005 0.976 
147  ZFCNS05    (0)    5 :  0.007 0.003 0.007 0.004 0.005 0.005 0.007 0.963 
148  ZFCNS06    (0)    5 :  0.005 0.002 0.004 0.003 0.004 0.003 0.004 0.975 
149  ZFCNS07    (0)    5 :  0.006 0.002 0.006 0.003 0.011 0.003 0.003 0.966 
150  ZFCNS10    (0)    5 :  0.016 0.003 0.007 0.003 0.005 0.003 0.004 0.959 
151  ZFCNS11    (0)    5 :  0.019 0.012 0.006 0.016 0.005 0.002 0.008 0.932 
152  ZFCNS15    (0)    5 :  0.051 0.003 0.015 0.004 0.007 0.004 0.004 0.914 
153  ZFCNS17    (0)    5 :  0.005 0.002 0.004 0.003 0.004 0.002 0.005 0.976 
154  ZFCNS18    (0)    5 :  0.012 0.003 0.007 0.003 0.004 0.003 0.005 0.963 
155  ZFCNS19    (0)    5 :  0.004 0.002 0.003 0.003 0.004 0.003 0.004 0.977 
156  ZFCNS20    (0)    5 :  0.015 0.003 0.012 0.004 0.013 0.003 0.005 0.945 
157  ZFCNS21    (0)    5 :  0.005 0.002 0.003 0.003 0.002 0.002 0.004 0.978 
158  ZFCNS22    (0)    5 :  0.012 0.003 0.012 0.004 0.006 0.005 0.005 0.954 
159  ZFCNS23    (0)    5 :  0.007 0.015 0.007 0.011 0.017 0.006 0.026 0.911 
160  ZFCNS24    (0)    5 :  0.009 0.003 0.005 0.003 0.006 0.002 0.007 0.964 
161  ZFCNS25    (0)    5 :  0.012 0.003 0.010 0.004 0.009 0.003 0.006 0.955 
162  ZFCNS26    (0)    5 :  0.008 0.002 0.005 0.003 0.004 0.004 0.003 0.971 
163  ZFCNS27    (0)    5 :  0.074 0.003 0.023 0.004 0.009 0.003 0.004 0.880 
164  ZFCNS28    (0)    5 :  0.005 0.003 0.003 0.003 0.004 0.004 0.004 0.974 
165  ZFCNS29    (0)    5 :  0.008 0.002 0.007 0.004 0.004 0.004 0.007 0.963 
166  ZFCNS30    (0)    5 :  0.007 0.002 0.004 0.004 0.003 0.004 0.006 0.969 
167  ZFCNS31    (0)    5 :  0.006 0.002 0.003 0.003 0.004 0.003 0.003 0.975 
168  ZFCNS32    (0)    5 :  0.010 0.003 0.006 0.003 0.006 0.004 0.005 0.963 
169  ZFCNS33    (0)    5 :  0.005 0.002 0.003 0.003 0.004 0.003 0.003 0.977 
170  ZFCNS34    (0)    5 :  0.006 0.003 0.005 0.004 0.004 0.004 0.010 0.965 
171  ZFCNS35    (0)    5 :  0.033 0.002 0.016 0.004 0.004 0.026 0.008 0.907 
172  ZFCNS36    (0)    5 :  0.007 0.003 0.006 0.003 0.008 0.003 0.012 0.959 
173  ZFCNS37    (0)    5 :  0.093 0.003 0.005 0.008 0.007 0.004 0.005 0.876 
174  ZFCNS39    (0)    5 :  0.021 0.003 0.008 0.008 0.025 0.003 0.016 0.916 
175  ZFCNS40    (0)    5 :  0.108 0.003 0.010 0.007 0.116 0.003 0.026 0.726 
176  ZFCNS41    (0)    5 :  0.642 0.005 0.017 0.010 0.006 0.006 0.017 0.296 
177  ZFCNS42    (0)    5 :  0.006 0.002 0.004 0.003 0.003 0.003 0.003 0.975 
178  ZFCNS43    (0)    5 :  0.005 0.002 0.003 0.003 0.003 0.003 0.005 0.977 
179  ZFCNS44    (0)    5 :  0.016 0.003 0.007 0.003 0.003 0.003 0.004 0.960 
180  ZFCNS46    (0)    5 :  0.009 0.003 0.006 0.005 0.004 0.004 0.005 0.966 
181  ZFCNS47    (0)    5 :  0.005 0.002 0.003 0.003 0.003 0.003 0.004 0.977 
182  ZFCNS48    (0)    5 :  0.030 0.003 0.012 0.004 0.006 0.004 0.006 0.934 
183  ZFCNS49    (0)    5 :  0.051 0.003 0.012 0.003 0.004 0.004 0.003 0.920 
184   ZFCR01    (0)    6 :  0.013 0.027 0.048 0.370 0.027 0.499 0.014 0.003 
185   ZFCR02    (0)    6 :  0.007 0.014 0.028 0.815 0.019 0.079 0.033 0.005 
186   ZFCR03    (0)    6 :  0.014 0.126 0.071 0.375 0.032 0.327 0.052 0.003 
187   ZFCR04    (0)    6 :  0.040 0.036 0.025 0.079 0.040 0.753 0.018 0.008 
188   ZFCR05    (0)    6 :  0.004 0.009 0.005 0.885 0.005 0.066 0.022 0.003 
189   ZFCR06    (0)    6 :  0.101 0.010 0.084 0.552 0.031 0.131 0.026 0.064 
190   ZFCR07    (0)    6 :  0.022 0.010 0.009 0.876 0.003 0.025 0.015 0.040 
191   ZFCR08    (0)    6 :  0.019 0.123 0.028 0.440 0.063 0.140 0.180 0.007 
192   ZFCR09    (0)    6 :  0.140 0.459 0.157 0.060 0.017 0.117 0.037 0.013 
193   ZFCR11    (0)    6 :  0.067 0.010 0.030 0.738 0.003 0.132 0.011 0.009 
194   ZFCR12    (0)    6 :  0.069 0.004 0.019 0.727 0.027 0.013 0.012 0.130 
195   ZFCR13    (0)    6 :  0.012 0.003 0.094 0.863 0.005 0.009 0.006 0.007 
196   ZFCR14    (0)    6 :  0.008 0.005 0.008 0.915 0.014 0.032 0.013 0.006 
197   ZFCR15    (0)    6 :  0.020 0.013 0.029 0.765 0.047 0.099 0.022 0.005 
198   ZFCR16    (0)    6 :  0.012 0.007 0.027 0.781 0.042 0.117 0.010 0.003 
199   ZFCR18    (0)    6 :  0.016 0.008 0.035 0.076 0.023 0.768 0.056 0.018 
200   ZFCR19    (0)    6 :  0.017 0.109 0.042 0.444 0.192 0.175 0.016 0.006 
201   ZFCR20    (0)    6 :  0.037 0.037 0.158 0.204 0.016 0.522 0.020 0.005 
202   ZFCR21    (0)    6 :  0.016 0.003 0.013 0.916 0.009 0.018 0.021 0.003 
203   ZFCR22    (0)    6 :  0.007 0.005 0.010 0.942 0.020 0.007 0.005 0.003 
204   ZFCR23    (0)    6 :  0.100 0.026 0.152 0.686 0.008 0.020 0.004 0.004 
205   ZFCR24    (9)    6 :  0.013 0.025 0.528 0.306 0.008 0.106 0.010 0.004 
206   ZFCR25    (0)    6 :  0.004 0.006 0.004 0.962 0.003 0.012 0.006 0.003 
207   ZFCR26    (0)    6 :  0.011 0.060 0.019 0.858 0.022 0.009 0.018 0.004 
208   ZFCR27    (9)    6 :  0.003 0.040 0.003 0.897 0.003 0.047 0.005 0.003 
209   ZFCR28    (0)    6 :  0.018 0.007 0.201 0.627 0.101 0.010 0.010 0.026 
210   ZFCR29    (0)    6 :  0.011 0.007 0.017 0.816 0.007 0.129 0.011 0.002 
211   ZFCR30    (0)    6 :  0.007 0.006 0.005 0.957 0.006 0.009 0.005 0.005 
212   ZFCR31    (0)    6 :  0.092 0.073 0.098 0.289 0.042 0.337 0.022 0.046 
213   ZFCR33    (0)    6 :  0.013 0.069 0.009 0.832 0.008 0.023 0.037 0.008 
214   ZFCR34    (0)    6 :  0.059 0.020 0.034 0.796 0.017 0.042 0.019 0.013 
215   ZFCR35    (0)    6 :  0.014 0.012 0.010 0.071 0.011 0.839 0.029 0.013 
216   ZFCR36    (0)    6 :  0.008 0.014 0.009 0.849 0.005 0.092 0.008 0.015 
217   ZFCR37    (0)    6 :  0.004 0.013 0.004 0.920 0.005 0.018 0.033 0.004 
218   ZFCR38    (0)    6 :  0.006 0.058 0.006 0.856 0.008 0.025 0.034 0.007 
219   ZFCR39    (0)    6 :  0.028 0.381 0.073 0.246 0.076 0.023 0.170 0.003 
220   ZFCR40    (0)    6 :  0.015 0.051 0.013 0.856 0.005 0.028 0.028 0.004 
221   ZFCR41    (0)    6 :  0.043 0.003 0.008 0.872 0.013 0.013 0.035 0.012 
222   ZFCR42    (0)    6 :  0.020 0.012 0.023 0.876 0.020 0.008 0.030 0.011 
223   ZFCR43    (0)    6 :  0.010 0.005 0.109 0.796 0.006 0.063 0.006 0.005 
224  ZFENP25    (0)    7 :  0.005 0.008 0.011 0.873 0.013 0.062 0.025 0.003 
225  ZFENP26    (0)    7 :  0.005 0.021 0.002 0.948 0.003 0.012 0.006 0.003 
226  ZFENP27    (0)    7 :  0.033 0.091 0.013 0.193 0.011 0.251 0.357 0.051 
227  ZFENP28    (0)    7 :  0.004 0.029 0.004 0.916 0.004 0.022 0.011 0.010 
228  ZFENP29    (0)    7 :  0.004 0.010 0.003 0.962 0.003 0.006 0.008 0.004 
229  ZFENP30    (0)    7 :  0.005 0.036 0.005 0.874 0.005 0.008 0.058 0.008 
230  ZFENP31    (0)    7 :  0.008 0.804 0.011 0.045 0.006 0.021 0.093 0.013 
231  ZFENP32    (0)    7 :  0.032 0.433 0.029 0.147 0.006 0.276 0.039 0.038 
232  ZFENP33    (0)    7 :  0.006 0.024 0.005 0.916 0.003 0.033 0.008 0.005 
233  ZFENP34    (0)    7 :  0.014 0.019 0.013 0.185 0.007 0.694 0.043 0.024 
234  ZFENP35    (0)    7 :  0.018 0.112 0.009 0.813 0.005 0.023 0.007 0.013 
235  ZFENP36    (0)    7 :  0.004 0.026 0.003 0.936 0.002 0.013 0.004 0.010 
236  ZFENP37    (0)    7 :  0.008 0.034 0.006 0.852 0.003 0.075 0.011 0.011 
237  ZFENP38    (0)    7 :  0.008 0.011 0.005 0.939 0.004 0.007 0.013 0.015 
238  ZFENP39    (0)    7 :  0.005 0.036 0.004 0.901 0.003 0.035 0.013 0.005 
239  ZFENP40    (0)    7 :  0.007 0.106 0.008 0.783 0.004 0.071 0.015 0.006 
240  ZFENP41    (0)    7 :  0.007 0.059 0.006 0.748 0.011 0.029 0.131 0.009 
241  ZFENP42    (0)    7 :  0.004 0.259 0.003 0.717 0.004 0.004 0.006 0.003 
242  ZFENP43    (0)    7 :  0.024 0.021 0.005 0.844 0.004 0.012 0.033 0.057 
243  ZFENP44    (0)    7 :  0.023 0.176 0.008 0.724 0.003 0.011 0.031 0.024 
244  ZFENP45    (0)    7 :  0.016 0.113 0.025 0.506 0.293 0.012 0.024 0.010 
245  ZFENP46    (0)    7 :  0.014 0.023 0.007 0.926 0.004 0.014 0.004 0.009 
246  ZFENP47    (0)    7 :  0.006 0.566 0.017 0.049 0.213 0.040 0.106 0.004 
247  ZFENP48    (0)    7 :  0.012 0.048 0.035 0.190 0.034 0.552 0.115 0.015 
248  ZFENP49    (0)    7 :  0.010 0.025 0.016 0.850 0.013 0.048 0.033 0.006 
249  ZFENP50    (0)    7 :  0.017 0.034 0.032 0.894 0.007 0.007 0.004 0.005 
250  ZFENP51    (0)    7 :  0.007 0.690 0.005 0.171 0.072 0.030 0.016 0.010 
251  ZFENP52    (0)    7 :  0.015 0.012 0.004 0.928 0.003 0.004 0.015 0.020 
252  ZFENP53    (0)    7 :  0.014 0.024 0.020 0.904 0.014 0.006 0.007 0.011 
253  ZFENP54    (0)    7 :  0.016 0.010 0.045 0.874 0.010 0.017 0.023 0.005 
254  ZFENP55    (0)    7 :  0.005 0.010 0.005 0.947 0.004 0.021 0.004 0.004 
255  ZFENP56    (0)    7 :  0.007 0.012 0.003 0.950 0.004 0.010 0.006 0.007 
256  ZFENP57    (0)    7 :  0.007 0.130 0.004 0.821 0.002 0.016 0.005 0.014 
257  ZFENP58    (0)    7 :  0.010 0.017 0.007 0.809 0.077 0.011 0.056 0.014 
258  ZFENP59    (0)    7 :  0.006 0.158 0.005 0.644 0.004 0.019 0.157 0.006 
259  ZFENP60    (0)    7 :  0.006 0.022 0.008 0.869 0.009 0.070 0.010 0.006 
260  ZFENP61    (0)    7 :  0.004 0.018 0.003 0.914 0.003 0.041 0.014 0.004 
261 ZFFDSP01    (0)    8 :  0.134 0.003 0.809 0.004 0.022 0.007 0.005 0.016 
262 ZFFDSP02    (0)    8 :  0.015 0.002 0.961 0.003 0.006 0.004 0.004 0.004 
263 ZFFDSP04    (0)    8 :  0.021 0.003 0.950 0.003 0.011 0.005 0.004 0.003 
264 ZFFDSP05    (0)    8 :  0.491 0.003 0.477 0.005 0.011 0.004 0.004 0.006 
265 ZFFDSP06    (0)    8 :  0.016 0.002 0.954 0.003 0.012 0.003 0.006 0.003 
266 ZFFDSP07    (0)    8 :  0.007 0.005 0.938 0.006 0.023 0.003 0.014 0.004 
267 ZFFDSP08    (0)    8 :  0.045 0.004 0.835 0.006 0.080 0.003 0.014 0.013 
268 ZFFDSP10    (0)    8 :  0.042 0.003 0.923 0.005 0.012 0.004 0.004 0.007 
269 ZFFDSP11    (0)    8 :  0.061 0.003 0.910 0.005 0.009 0.004 0.004 0.004 
270 ZFFDSP12    (0)    8 :  0.014 0.003 0.960 0.003 0.009 0.003 0.004 0.005 
271 ZFFDSP13    (0)    8 :  0.936 0.004 0.028 0.006 0.005 0.003 0.008 0.010 
272 ZFFDSP14    (0)    8 :  0.007 0.003 0.957 0.004 0.016 0.003 0.006 0.003 
273 ZFFDSP16    (0)    8 :  0.022 0.004 0.933 0.007 0.005 0.008 0.007 0.015 
274 ZFFDSP17    (0)    8 :  0.021 0.003 0.949 0.004 0.009 0.004 0.005 0.004 
275 ZFFDSP18    (0)    8 :  0.010 0.002 0.953 0.003 0.014 0.007 0.005 0.005 
276 ZFFDSP19    (0)    8 :  0.043 0.003 0.759 0.004 0.020 0.006 0.024 0.141 
277 ZFFDSP21    (0)    8 :  0.379 0.002 0.513 0.004 0.009 0.006 0.014 0.073 
278 ZFFDSP22    (0)    8 :  0.015 0.002 0.908 0.003 0.059 0.003 0.006 0.004 
279 ZFFDSP23    (0)    8 :  0.191 0.002 0.600 0.004 0.183 0.004 0.005 0.010 
280 ZFFDSP24    (0)    8 :  0.431 0.003 0.530 0.004 0.008 0.006 0.006 0.013 
281 ZFFDSP26    (9)    8 :  0.283 0.003 0.680 0.004 0.015 0.004 0.005 0.006 
282 ZFFDSP27    (0)    8 :  0.033 0.002 0.937 0.003 0.007 0.005 0.004 0.007 
283 ZFFDSP28    (0)    8 :  0.067 0.020 0.809 0.015 0.010 0.058 0.014 0.005 
284 ZFFDSP30    (0)    8 :  0.534 0.007 0.377 0.005 0.008 0.020 0.008 0.042 
285 ZFFDSP31    (0)    8 :  0.021 0.002 0.949 0.005 0.006 0.005 0.006 0.008 
286 ZFFDSP32    (0)    8 :  0.017 0.002 0.959 0.004 0.006 0.003 0.004 0.005 
287 ZFFDSP33    (0)    8 :  0.022 0.003 0.956 0.003 0.006 0.003 0.003 0.005 
288 ZFFDSP34    (0)    8 :  0.020 0.002 0.948 0.004 0.010 0.004 0.007 0.006 
289 ZFFDSP35    (0)    8 :  0.389 0.003 0.583 0.004 0.007 0.005 0.004 0.005 
290 ZFFDSP37    (0)    8 :  0.031 0.003 0.945 0.004 0.004 0.004 0.004 0.006 
291 ZFFDSP38    (0)    8 :  0.012 0.003 0.961 0.003 0.005 0.005 0.004 0.007 
292 ZFFDSP39    (0)    8 :  0.789 0.002 0.184 0.003 0.008 0.004 0.003 0.006 
293 ZFFDSP40    (0)    8 :  0.583 0.003 0.388 0.003 0.005 0.005 0.004 0.009 
294 ZFFDSP42    (0)    8 :  0.136 0.002 0.755 0.004 0.082 0.004 0.006 0.012 
295 ZFFDSP43    (0)    8 :  0.048 0.002 0.916 0.003 0.011 0.004 0.004 0.011 
296 ZFFDSP44    (0)    8 :  0.273 0.003 0.694 0.004 0.006 0.006 0.004 0.011 
297 ZFFDSP45    (0)    8 :  0.052 0.002 0.920 0.004 0.005 0.004 0.005 0.008 
298 ZFFDSP46    (0)    8 :  0.092 0.002 0.868 0.004 0.013 0.005 0.006 0.009 
299 ZFFDSP47    (0)    8 :  0.751 0.003 0.209 0.003 0.013 0.004 0.003 0.013 
300 ZFFDSP48    (0)    8 :  0.728 0.003 0.238 0.003 0.006 0.004 0.004 0.013 
301    ZFI01    (0)    9 :  0.004 0.022 0.005 0.008 0.004 0.940 0.009 0.009 
302    ZFI02    (0)    9 :  0.005 0.011 0.005 0.006 0.004 0.954 0.004 0.010 
303    ZFI03    (0)    9 :  0.004 0.004 0.004 0.006 0.003 0.966 0.005 0.009 
304    ZFI04    (0)    9 :  0.004 0.017 0.004 0.006 0.003 0.954 0.005 0.006 
305    ZFI05    (0)    9 :  0.007 0.005 0.005 0.007 0.003 0.946 0.004 0.023 
306    ZFI06    (0)    9 :  0.018 0.009 0.008 0.007 0.003 0.893 0.004 0.058 
307    ZFI07    (0)    9 :  0.004 0.005 0.004 0.005 0.003 0.970 0.005 0.005 
308    ZFI08    (0)    9 :  0.003 0.009 0.003 0.011 0.003 0.961 0.005 0.004 
309    ZFI09    (0)    9 :  0.004 0.008 0.004 0.005 0.003 0.965 0.004 0.007 
310    ZFI10    (0)    9 :  0.007 0.016 0.005 0.009 0.004 0.876 0.004 0.079 
311    ZFI11    (0)    9 :  0.004 0.013 0.003 0.006 0.002 0.961 0.004 0.007 
312    ZFI12    (0)    9 :  0.005 0.004 0.004 0.006 0.003 0.957 0.005 0.015 
313    ZFI13    (0)    9 :  0.004 0.006 0.004 0.006 0.003 0.964 0.006 0.007 
314    ZFI14    (0)    9 :  0.009 0.005 0.009 0.004 0.003 0.957 0.005 0.007 
315    ZFI15    (0)    9 :  0.003 0.004 0.003 0.005 0.002 0.972 0.004 0.006 
316    ZFI16    (0)    9 :  0.004 0.003 0.003 0.004 0.002 0.974 0.004 0.006 
317    ZFI17    (0)    9 :  0.005 0.008 0.003 0.007 0.003 0.959 0.004 0.012 
318    ZFI18    (0)    9 :  0.004 0.007 0.003 0.006 0.002 0.968 0.003 0.007 
319    ZFI19    (9)    9 :  0.004 0.004 0.003 0.006 0.002 0.972 0.004 0.006 
320    ZFI20    (0)    9 :  0.006 0.004 0.005 0.005 0.003 0.968 0.003 0.006 
321    ZFI21    (0)    9 :  0.020 0.004 0.012 0.004 0.003 0.940 0.004 0.013 
322    ZFI22    (0)    9 :  0.004 0.007 0.005 0.005 0.004 0.965 0.005 0.004 
323    ZFI23    (0)    9 :  0.005 0.004 0.003 0.005 0.002 0.969 0.004 0.008 
324    ZFI24    (0)    9 :  0.005 0.004 0.004 0.007 0.003 0.959 0.006 0.011 
325    ZFI25    (0)    9 :  0.004 0.004 0.005 0.006 0.003 0.966 0.005 0.006 
326    ZFI26    (0)    9 :  0.004 0.004 0.003 0.006 0.003 0.970 0.006 0.004 
327    ZFI27    (0)    9 :  0.009 0.005 0.005 0.007 0.003 0.925 0.005 0.041 
328    ZFK01    (0)    9 :  0.010 0.013 0.009 0.009 0.008 0.006 0.933 0.013 
329    ZFK02    (0)   10 :  0.009 0.008 0.008 0.011 0.006 0.006 0.939 0.013 
330    ZFK03    (0)   10 :  0.009 0.023 0.009 0.011 0.006 0.007 0.925 0.010 
331    ZFK04    (0)   10 :  0.008 0.102 0.008 0.011 0.005 0.012 0.846 0.008 
332    ZFK05    (0)   10 :  0.006 0.178 0.005 0.008 0.004 0.010 0.777 0.012 
333    ZFK06    (0)   10 :  0.006 0.014 0.007 0.024 0.004 0.016 0.923 0.007 
334    ZFK07    (0)   10 :  0.011 0.020 0.009 0.011 0.008 0.004 0.931 0.007 
335    ZFK08    (0)   10 :  0.011 0.157 0.011 0.058 0.006 0.016 0.738 0.004 
336    ZFK10    (0)   10 :  0.008 0.022 0.008 0.013 0.005 0.017 0.920 0.007 
337    ZFK11    (0)   10 :  0.007 0.045 0.007 0.015 0.004 0.007 0.907 0.007 
338    ZFK12    (0)   10 :  0.014 0.009 0.012 0.021 0.013 0.004 0.922 0.005 
339    ZFK13    (0)   10 :  0.037 0.038 0.041 0.011 0.014 0.004 0.848 0.007 
340    ZFK14    (0)   10 :  0.014 0.012 0.013 0.005 0.010 0.004 0.932 0.008 
341    ZFK15    (0)   10 :  0.036 0.133 0.038 0.012 0.009 0.008 0.754 0.011 
342    ZFK16    (0)   10 :  0.022 0.014 0.022 0.010 0.010 0.003 0.910 0.009 
343   ZFLB01    (0)   11 :  0.009 0.959 0.009 0.004 0.003 0.006 0.004 0.005 
344   ZFLB02    (0)   11 :  0.004 0.912 0.004 0.038 0.006 0.029 0.003 0.004 
345   ZFLB03    (0)   11 :  0.010 0.859 0.005 0.025 0.006 0.010 0.006 0.079 
346   ZFLB04    (0)   11 :  0.039 0.703 0.017 0.006 0.005 0.008 0.006 0.216 
347   ZFLB05    (0)   11 :  0.010 0.949 0.005 0.005 0.003 0.008 0.003 0.017 
348   ZFLB06    (0)   11 :  0.006 0.960 0.006 0.005 0.004 0.004 0.009 0.006 
349   ZFLB07    (0)   11 :  0.045 0.710 0.017 0.027 0.010 0.005 0.018 0.167 
350   ZFLB08    (0)   11 :  0.006 0.931 0.004 0.020 0.005 0.023 0.005 0.006 
351   ZFLB09    (9)   11 :  0.004 0.968 0.005 0.005 0.003 0.005 0.006 0.004 
352   ZFLB10    (0)   11 :  0.005 0.966 0.004 0.004 0.002 0.005 0.003 0.009 
353   ZFLB11    (0)   11 :  0.007 0.950 0.006 0.007 0.010 0.003 0.014 0.004 
354   ZFLB12    (0)   11 :  0.003 0.974 0.003 0.004 0.002 0.005 0.005 0.003 
355   ZFLB13    (0)   11 :  0.015 0.923 0.010 0.022 0.004 0.005 0.013 0.008 
356  ZFLTI01    (0)   12 :  0.928 0.003 0.016 0.005 0.011 0.004 0.024 0.008 
357  ZFLTI02    (0)   12 :  0.858 0.002 0.017 0.005 0.010 0.005 0.065 0.037 
358  ZFLTI03    (0)   12 :  0.952 0.002 0.008 0.003 0.009 0.004 0.010 0.013 
359  ZFLTI04    (0)   12 :  0.926 0.003 0.016 0.006 0.006 0.006 0.013 0.024 
360  ZFLTI05    (0)   12 :  0.948 0.002 0.009 0.003 0.005 0.004 0.007 0.022 
361  ZFLTI06    (0)   12 :  0.957 0.002 0.013 0.003 0.009 0.004 0.006 0.006 
362  ZFLTI07    (0)   12 :  0.962 0.002 0.009 0.004 0.003 0.005 0.005 0.009 
363  ZFLTI08    (0)   12 :  0.940 0.003 0.008 0.006 0.005 0.007 0.006 0.025 
364  ZFLTI09    (0)   12 :  0.953 0.003 0.015 0.004 0.004 0.008 0.005 0.008 
365  ZFLTI10    (0)   12 :  0.945 0.002 0.024 0.004 0.004 0.005 0.009 0.007 
366  ZFLTI11    (0)   12 :  0.942 0.002 0.015 0.003 0.016 0.005 0.008 0.009 
367  ZFLTI12    (0)   12 :  0.933 0.002 0.015 0.004 0.013 0.004 0.017 0.011 
368  ZFLTI13    (0)   12 :  0.890 0.003 0.008 0.006 0.010 0.005 0.022 0.057 
369  ZFLTI14    (0)   12 :  0.618 0.002 0.060 0.005 0.005 0.007 0.102 0.199 
370 ZFONF101    (0)   13 :  0.007 0.003 0.975 0.003 0.006 0.003 0.002 0.003 
371 ZFONF102    (0)   13 :  0.006 0.010 0.944 0.006 0.023 0.004 0.003 0.003 
372 ZFONF103    (0)   13 :  0.134 0.003 0.766 0.006 0.017 0.004 0.013 0.056 
373 ZFONF104    (0)   13 :  0.015 0.002 0.943 0.002 0.029 0.002 0.004 0.003 
374 ZFONF105    (0)   13 :  0.024 0.003 0.861 0.004 0.092 0.003 0.005 0.009 
375 ZFONF106    (0)   13 :  0.005 0.002 0.973 0.002 0.006 0.003 0.004 0.004 
376 ZFONF107    (0)   13 :  0.043 0.053 0.827 0.018 0.009 0.017 0.015 0.018 
377 ZFONF108    (0)   13 :  0.043 0.009 0.883 0.006 0.011 0.006 0.017 0.025 
378 ZFONF109    (9)   13 :  0.037 0.006 0.884 0.005 0.036 0.007 0.017 0.009 
379 ZFONF110    (0)   13 :  0.013 0.002 0.955 0.003 0.015 0.002 0.004 0.005 
380 ZFONF111    (0)   13 :  0.074 0.015 0.842 0.023 0.018 0.012 0.009 0.007 
381 ZFONF112    (0)   13 :  0.013 0.003 0.797 0.003 0.159 0.006 0.007 0.012 
382 ZFONF113    (9)   13 :  0.019 0.004 0.945 0.006 0.011 0.003 0.006 0.007 
383 ZFONF115    (0)   13 :  0.009 0.003 0.949 0.004 0.014 0.005 0.006 0.011 
384 ZFONF116    (0)   13 :  0.008 0.003 0.942 0.004 0.019 0.005 0.005 0.012 
385 ZFONF117    (0)   13 :  0.616 0.004 0.275 0.005 0.047 0.005 0.010 0.037 
386 ZFONF118    (0)   13 :  0.029 0.002 0.922 0.004 0.013 0.006 0.010 0.013 
387 ZFONF119    (0)   13 :  0.009 0.005 0.941 0.004 0.025 0.003 0.009 0.004 
388 ZFONF120    (0)   13 :  0.017 0.005 0.899 0.005 0.044 0.003 0.023 0.004 
389 ZFONF121    (0)   13 :  0.015 0.004 0.878 0.004 0.085 0.004 0.005 0.006 
390 ZFONF122    (0)   13 :  0.242 0.003 0.698 0.006 0.008 0.007 0.020 0.016 
391 ZFONF123    (0)   13 :  0.008 0.035 0.908 0.008 0.026 0.006 0.006 0.003 
392 ZFONF124    (0)   13 :  0.013 0.006 0.936 0.004 0.023 0.003 0.009 0.006 
393 ZFONF125    (0)   13 :  0.062 0.042 0.690 0.022 0.136 0.006 0.035 0.007 
394 ZFONF126    (0)   13 :  0.019 0.003 0.937 0.005 0.009 0.005 0.013 0.010 
395 ZFONF201    (0)   14 :  0.070 0.032 0.094 0.018 0.641 0.101 0.040 0.004 
396 ZFONF202    (0)   14 :  0.013 0.002 0.055 0.003 0.909 0.004 0.010 0.003 
397 ZFONF203    (0)   14 :  0.006 0.003 0.009 0.005 0.962 0.004 0.007 0.003 
398 ZFONF204    (0)   14 :  0.008 0.007 0.006 0.008 0.932 0.007 0.027 0.004 
399 ZFONF206    (0)   14 :  0.005 0.013 0.006 0.015 0.937 0.012 0.010 0.003 
400 ZFONF207    (0)   14 :  0.006 0.003 0.006 0.004 0.968 0.003 0.004 0.004 
401 ZFONF208    (0)   14 :  0.046 0.004 0.051 0.005 0.874 0.005 0.009 0.006 
402 ZFONF209    (0)   14 :  0.011 0.008 0.008 0.007 0.919 0.012 0.026 0.009 
403 ZFONF210    (0)   14 :  0.011 0.003 0.009 0.003 0.961 0.003 0.004 0.007 
404 ZFONF211    (0)   14 :  0.029 0.013 0.032 0.010 0.882 0.004 0.014 0.016 
405 ZFONF212    (0)   14 :  0.012 0.003 0.011 0.003 0.960 0.003 0.003 0.006 
406 ZFONF214    (0)   14 :  0.011 0.006 0.042 0.008 0.921 0.003 0.007 0.003 
407 ZFONF215    (0)   14 :  0.007 0.002 0.016 0.003 0.960 0.003 0.005 0.004 
408 ZFONF216    (0)   14 :  0.006 0.003 0.005 0.003 0.972 0.002 0.004 0.005 
409 ZFONF217    (0)   14 :  0.007 0.003 0.043 0.003 0.932 0.003 0.005 0.005 
410 ZFONF218    (0)   14 :  0.006 0.006 0.006 0.006 0.965 0.003 0.003 0.005 
411 ZFONF219    (0)   14 :  0.004 0.002 0.005 0.003 0.979 0.002 0.003 0.003 
412 ZFONF220    (0)   14 :  0.006 0.003 0.040 0.004 0.933 0.004 0.006 0.004 
413 ZFONF222    (0)   14 :  0.004 0.007 0.004 0.005 0.970 0.003 0.004 0.004 
414 ZFONF223    (0)   14 :  0.005 0.008 0.008 0.006 0.963 0.004 0.004 0.003 
415 ZFONF224    (0)   14 :  0.004 0.002 0.004 0.003 0.978 0.002 0.003 0.004 
416 ZFONF225    (0)   14 :  0.005 0.002 0.008 0.003 0.973 0.002 0.003 0.004 
417 ZFONF226    (0)   14 :  0.006 0.003 0.009 0.004 0.965 0.003 0.006 0.004 
418 ZFONF227    (0)   14 :  0.004 0.002 0.005 0.002 0.978 0.002 0.003 0.003 
419 ZFONF228    (0)   14 :  0.011 0.004 0.011 0.005 0.947 0.005 0.005 0.012 
420 ZFONF230    (0)   14 :  0.010 0.002 0.014 0.003 0.961 0.002 0.004 0.003 
421 ZFONF231    (0)   14 :  0.007 0.005 0.009 0.005 0.961 0.002 0.006 0.005 
422 ZFONF232    (0)   14 :  0.005 0.002 0.008 0.003 0.973 0.002 0.003 0.003 
423 ZFONF233    (0)   14 :  0.004 0.002 0.006 0.003 0.973 0.002 0.005 0.004 
424 ZFONF234    (0)   14 :  0.020 0.005 0.014 0.016 0.914 0.005 0.013 0.012 
425 ZFONF235    (0)   14 :  0.004 0.002 0.004 0.002 0.979 0.002 0.003 0.003 
426 ZFONF236    (0)   14 :  0.015 0.015 0.015 0.015 0.862 0.026 0.021 0.032 
427 ZFONF238    (0)   14 :  0.007 0.002 0.009 0.004 0.967 0.003 0.005 0.003 
428 ZFONF239    (0)   14 :  0.004 0.004 0.005 0.005 0.962 0.006 0.010 0.004 
429 ZFONF240    (0)   14 :  0.005 0.002 0.004 0.002 0.975 0.002 0.005 0.004 
430 ZFONF241    (0)   14 :  0.012 0.004 0.016 0.007 0.927 0.011 0.005 0.019 
431 ZFONF242    (0)   14 :  0.006 0.002 0.009 0.003 0.969 0.002 0.005 0.003 
432 ZFONF243    (0)   14 :  0.010 0.003 0.006 0.003 0.962 0.003 0.004 0.009 
433 ZFONF244    (0)   14 :  0.005 0.003 0.007 0.003 0.972 0.002 0.005 0.004 
434 ZFONF245    (0)   14 :  0.011 0.002 0.005 0.003 0.969 0.002 0.005 0.004 
435   ZFOS01    (0)   15 :  0.038 0.003 0.018 0.006 0.008 0.004 0.916 0.007 
436   ZFOS02    (0)   15 :  0.036 0.007 0.038 0.011 0.008 0.027 0.863 0.011 
437   ZFOS03    (0)   15 :  0.014 0.024 0.010 0.008 0.005 0.009 0.927 0.003 
438   ZFOS04    (0)   15 :  0.103 0.005 0.084 0.007 0.007 0.021 0.760 0.013 
439   ZFOS05    (0)   15 :  0.038 0.003 0.038 0.008 0.013 0.008 0.878 0.014 
440   ZFOS06    (0)   15 :  0.017 0.005 0.012 0.008 0.016 0.005 0.916 0.020 
441   ZFOS07    (0)   15 :  0.007 0.004 0.007 0.005 0.004 0.018 0.950 0.005 
442   ZFOS08    (0)   15 :  0.016 0.003 0.018 0.005 0.006 0.030 0.911 0.011 
443   ZFOS09    (0)   15 :  0.126 0.014 0.066 0.017 0.009 0.025 0.737 0.005 
444   ZFOS10    (0)   15 :  0.005 0.013 0.003 0.010 0.002 0.024 0.933 0.009 
445   ZFOS11    (0)   15 :  0.105 0.005 0.016 0.077 0.007 0.018 0.702 0.071 
446   ZFOS12    (0)   15 :  0.047 0.029 0.023 0.221 0.008 0.044 0.595 0.033 
447   ZFOS13    (0)   15 :  0.020 0.005 0.013 0.009 0.005 0.012 0.928 0.007 
448   ZFOS14    (0)   15 :  0.048 0.014 0.011 0.037 0.007 0.112 0.735 0.037 
449   ZFOS15    (0)   15 :  0.004 0.004 0.003 0.005 0.003 0.006 0.970 0.006 
450   ZFOS16    (0)   15 :  0.038 0.009 0.036 0.009 0.010 0.013 0.864 0.022 
451   ZFOS17    (0)   15 :  0.005 0.006 0.004 0.006 0.005 0.008 0.962 0.005 
452   ZFOS18    (0)   15 :  0.007 0.007 0.005 0.007 0.003 0.009 0.951 0.012 
453   ZFOS19    (0)   15 :  0.004 0.004 0.003 0.006 0.004 0.004 0.969 0.004 
454   ZFOS20    (0)   15 :  0.006 0.005 0.007 0.005 0.008 0.008 0.953 0.008 
455   ZFOS21    (0)   15 :  0.023 0.006 0.018 0.004 0.004 0.006 0.928 0.009 
456   ZFOS22    (0)   15 :  0.009 0.004 0.005 0.007 0.006 0.003 0.958 0.007 
457   ZFOS23    (0)   15 :  0.004 0.016 0.003 0.030 0.002 0.175 0.765 0.006 
458   ZFOS24    (0)   15 :  0.006 0.004 0.003 0.005 0.003 0.004 0.964 0.011 
459   ZFOS25    (0)   15 :  0.387 0.007 0.016 0.018 0.020 0.016 0.463 0.073 
460   ZFOS26    (0)   15 :  0.409 0.005 0.114 0.013 0.007 0.018 0.406 0.028 
