

----------------------------------------------------
STRUCTURE by Pritchard, Stephens and Donnelly (2000)
     and Falush, Stephens and Pritchard (2003)
       Code by Pritchard, Falush and Hubisz
             Version 2.3.4 (Jul 2012)
----------------------------------------------------



Command line arguments:   bin\structure -m C:\Users\eschumacher\Documents\GitHub\GCC_QUAC_ZAIN\Data_Files\Structure_Files\ZAIN\ZAIN_rebinned_wild\50-50\mainparams -e C:\Users\eschumacher\Documents\GitHub\GCC_QUAC_ZAIN\Data_Files\Structure_Files\ZAIN\ZAIN_rebinned_wild\50-50\extraparams 
Input File:    C:\Users\eschumacher\Documents\GitHub\GCC_QUAC_ZAIN\Data_Files\Structure_Files\ZAIN\ZAIN_rebinned_wild\project_data

Run parameters:
   751 individuals
   11 loci
   13 populations assumed
   50000 Burn-in period
   50000 Reps


--------------------------------------------
Proportion of membership of each pre-defined
 population in each of the 13 clusters

Given    Inferred Clusters                                                                             Number of
 Pop       1      2      3      4      5      6      7      8      9     10     11     12     13      Individuals

  1:     0.006  0.008  0.012  0.006  0.010  0.024  0.010  0.877  0.004  0.005  0.014  0.019  0.004       35
  2:     0.239  0.020  0.006  0.648  0.008  0.005  0.005  0.006  0.013  0.017  0.005  0.009  0.021       36
  3:     0.128  0.009  0.006  0.765  0.014  0.006  0.006  0.004  0.019  0.008  0.004  0.006  0.025       33
  4:     0.009  0.036  0.006  0.012  0.007  0.007  0.009  0.006  0.009  0.866  0.016  0.008  0.009       40
  5:     0.035  0.006  0.005  0.007  0.006  0.004  0.003  0.004  0.910  0.007  0.003  0.004  0.009       39
  6:     0.019  0.013  0.094  0.032  0.055  0.018  0.017  0.040  0.014  0.018  0.023  0.644  0.013       40
  7:     0.011  0.051  0.599  0.011  0.049  0.045  0.054  0.023  0.011  0.021  0.028  0.077  0.022       37
  8:     0.176  0.005  0.003  0.751  0.006  0.003  0.005  0.006  0.013  0.006  0.003  0.005  0.018       40
  9:     0.006  0.040  0.007  0.005  0.006  0.004  0.073  0.804  0.012  0.005  0.025  0.010  0.003       28
 10:     0.007  0.922  0.004  0.006  0.005  0.006  0.005  0.005  0.005  0.020  0.006  0.004  0.006       14
 11:     0.013  0.021  0.020  0.010  0.014  0.839  0.014  0.009  0.031  0.006  0.010  0.008  0.005       13
 12:     0.891  0.006  0.004  0.015  0.006  0.002  0.008  0.004  0.028  0.022  0.003  0.004  0.008       14
 13:     0.058  0.014  0.008  0.820  0.006  0.012  0.006  0.004  0.011  0.009  0.004  0.005  0.042       25
 14:     0.009  0.005  0.005  0.016  0.006  0.005  0.006  0.005  0.005  0.008  0.004  0.005  0.920       40
 15:     0.056  0.026  0.009  0.019  0.018  0.008  0.009  0.023  0.017  0.778  0.007  0.022  0.008       32
 16:     0.003  0.003  0.004  0.003  0.003  0.965  0.003  0.003  0.003  0.003  0.003  0.003  0.003       20
 17:     0.009  0.013  0.041  0.010  0.156  0.003  0.019  0.480  0.005  0.008  0.038  0.214  0.005        4
 18:     0.009  0.009  0.007  0.026  0.010  0.004  0.251  0.133  0.005  0.009  0.058  0.470  0.007       23
 19:     0.005  0.006  0.008  0.005  0.007  0.004  0.916  0.014  0.004  0.006  0.012  0.009  0.004       39
 20:     0.004  0.010  0.007  0.004  0.005  0.007  0.010  0.012  0.004  0.004  0.925  0.005  0.003       38
 21:     0.739  0.007  0.006  0.039  0.012  0.005  0.004  0.004  0.117  0.009  0.004  0.005  0.049       45
 22:     0.492  0.022  0.010  0.280  0.007  0.016  0.005  0.005  0.114  0.012  0.004  0.006  0.026       28
 23:     0.006  0.005  0.023  0.007  0.007  0.012  0.530  0.340  0.007  0.008  0.006  0.044  0.006        6
 24:     0.012  0.010  0.018  0.006  0.862  0.004  0.019  0.014  0.011  0.005  0.009  0.016  0.014       40
 25:     0.022  0.020  0.783  0.008  0.020  0.038  0.010  0.015  0.010  0.009  0.021  0.035  0.010       42
--------------------------------------------

Allele-freq. divergence among pops (Net nucleotide distance),
computed using point estimates of P.

      1       2       3       4       5       6       7       8       9      10      11      12      13      
 1      -    0.1907  0.1642  0.0484  0.1333  0.3673  0.2788  0.2526  0.1407  0.1724  0.3006  0.1368  0.1252  
 2   0.1907     -    0.1583  0.2077  0.1874  0.3205  0.2841  0.2630  0.2443  0.1960  0.2396  0.1825  0.2813  
 3   0.1642  0.1583     -    0.2029  0.1161  0.1816  0.1235  0.1350  0.1991  0.1547  0.1413  0.0705  0.2797  
 4   0.0484  0.2077  0.2029     -    0.1778  0.3796  0.2787  0.2508  0.2451  0.2090  0.2991  0.1288  0.1134  
 5   0.1333  0.1874  0.1161  0.1778     -    0.3758  0.2073  0.2269  0.2494  0.1866  0.2383  0.1197  0.1894  
 6   0.3673  0.3205  0.1816  0.3796  0.3758     -    0.3671  0.3098  0.4508  0.3510  0.2225  0.2652  0.4601  
 7   0.2788  0.2841  0.1235  0.2787  0.2073  0.3671     -    0.1043  0.3072  0.1880  0.1765  0.1186  0.3921  
 8   0.2526  0.2630  0.1350  0.2508  0.2269  0.3098  0.1043     -    0.2953  0.2197  0.1523  0.0987  0.3736  
 9   0.1407  0.2443  0.1991  0.2451  0.2494  0.4508  0.3072  0.2953     -    0.1993  0.3731  0.2523  0.2937  
10   0.1724  0.1960  0.1547  0.2090  0.1866  0.3510  0.1880  0.2197  0.1993     -    0.2671  0.1231  0.2049  
11   0.3006  0.2396  0.1413  0.2991  0.2383  0.2225  0.1765  0.1523  0.3731  0.2671     -    0.1347  0.3573  
12   0.1368  0.1825  0.0705  0.1288  0.1197  0.2652  0.1186  0.0987  0.2523  0.1231  0.1347     -    0.1975  
13   0.1252  0.2813  0.2797  0.1134  0.1894  0.4601  0.3921  0.3736  0.2937  0.2049  0.3573  0.1975     -    

Average distances (expected heterozygosity) between individuals in same cluster:
cluster  1  : 0.4281 
cluster  2  : 0.2422 
cluster  3  : 0.5331 
cluster  4  : 0.4035 
cluster  5  : 0.3852 
cluster  6  : 0.2521 
cluster  7  : 0.3063 
cluster  8  : 0.4672 
cluster  9  : 0.2279 
cluster 10  : 0.3962 
cluster 11  : 0.3772 
cluster 12  : 0.6103 
cluster 13  : 0.3603 

--------------------------------------------
Estimated Ln Prob of Data   = -13076.8
Mean value of ln likelihood = -12636.3
Variance of ln likelihood   = 881.0
Mean value of alpha         = 0.0317

Mean value of Fst_1         = 0.4374
Mean value of Fst_2         = 0.6399
Mean value of Fst_3         = 0.1453
Mean value of Fst_4         = 0.3990
Mean value of Fst_5         = 0.4320
Mean value of Fst_6         = 0.6319
Mean value of Fst_7         = 0.5049
Mean value of Fst_8         = 0.4526
Mean value of Fst_9         = 0.6727
Mean value of Fst_10         = 0.4147
Mean value of Fst_11         = 0.5419
Mean value of Fst_12         = 0.1298
Mean value of Fst_13         = 0.4620


Inferred ancestry of individuals:
        Label (%Miss) Pop:  Inferred clusters
  1    ZFB01    (0)    1 :  0.003 0.002 0.003 0.003 0.003 0.005 0.010 0.951 0.003 0.004 0.006 0.004 0.003 
  2    ZFB02    (0)    1 :  0.003 0.007 0.006 0.003 0.005 0.013 0.012 0.835 0.002 0.009 0.076 0.025 0.003 
  3    ZFB03    (0)    1 :  0.014 0.004 0.017 0.009 0.011 0.003 0.024 0.865 0.018 0.007 0.007 0.019 0.002 
  4    ZFB04    (0)    1 :  0.003 0.008 0.005 0.004 0.003 0.014 0.007 0.892 0.002 0.006 0.042 0.012 0.003 
  5    ZFB05    (0)    1 :  0.004 0.037 0.038 0.003 0.027 0.090 0.011 0.707 0.010 0.007 0.050 0.007 0.009 
  6    ZFB06    (0)    1 :  0.004 0.018 0.037 0.003 0.024 0.074 0.009 0.773 0.008 0.007 0.025 0.007 0.010 
  7    ZFB07    (9)    1 :  0.005 0.005 0.045 0.006 0.013 0.011 0.078 0.804 0.005 0.004 0.006 0.013 0.007 
  8    ZFB08    (0)    1 :  0.008 0.010 0.006 0.009 0.024 0.003 0.021 0.875 0.005 0.007 0.012 0.012 0.008 
  9    ZFB09    (0)    1 :  0.002 0.003 0.003 0.003 0.004 0.003 0.007 0.956 0.003 0.004 0.005 0.005 0.002 
 10    ZFB10    (0)    1 :  0.009 0.007 0.004 0.017 0.004 0.004 0.004 0.917 0.002 0.005 0.008 0.014 0.006 
 11    ZFB11    (0)    1 :  0.003 0.004 0.003 0.004 0.003 0.010 0.004 0.948 0.002 0.004 0.005 0.006 0.002 
 12    ZFB12    (0)    1 :  0.006 0.003 0.011 0.006 0.019 0.021 0.005 0.883 0.005 0.004 0.024 0.010 0.003 
 13    ZFB13    (0)    1 :  0.009 0.013 0.006 0.012 0.012 0.003 0.007 0.881 0.004 0.004 0.018 0.025 0.008 
 14    ZFB14    (0)    1 :  0.003 0.004 0.004 0.004 0.004 0.003 0.006 0.950 0.003 0.004 0.005 0.008 0.003 
 15    ZFB15    (0)    1 :  0.002 0.003 0.004 0.003 0.004 0.005 0.006 0.954 0.002 0.003 0.010 0.004 0.002 
 16    ZFB16    (0)    1 :  0.006 0.013 0.005 0.007 0.009 0.004 0.005 0.915 0.003 0.003 0.016 0.012 0.004 
 17    ZFB17    (0)    1 :  0.008 0.029 0.008 0.008 0.027 0.021 0.006 0.842 0.002 0.013 0.010 0.018 0.009 
 18    ZFB18    (0)    1 :  0.002 0.002 0.003 0.003 0.003 0.003 0.004 0.960 0.002 0.004 0.003 0.007 0.002 
 19    ZFB19    (0)    1 :  0.025 0.006 0.036 0.029 0.034 0.006 0.030 0.459 0.007 0.004 0.010 0.344 0.010 
 20    ZFB20    (0)    1 :  0.006 0.021 0.006 0.007 0.009 0.014 0.004 0.882 0.003 0.004 0.029 0.012 0.005 
 21    ZFB21    (0)    1 :  0.002 0.003 0.006 0.002 0.003 0.005 0.007 0.952 0.003 0.003 0.007 0.003 0.002 
 22    ZFB22    (0)    1 :  0.009 0.005 0.007 0.007 0.010 0.024 0.005 0.879 0.002 0.008 0.023 0.012 0.009 
 23    ZFB23    (0)    1 :  0.003 0.006 0.004 0.004 0.003 0.013 0.003 0.947 0.003 0.003 0.005 0.005 0.002 
 24    ZFB24    (0)    1 :  0.003 0.005 0.003 0.004 0.003 0.015 0.004 0.940 0.002 0.003 0.009 0.004 0.002 
 25    ZFB25    (0)    1 :  0.005 0.003 0.003 0.008 0.002 0.005 0.004 0.954 0.003 0.004 0.003 0.004 0.003 
 26    ZFB26    (0)    1 :  0.005 0.009 0.005 0.008 0.003 0.025 0.004 0.922 0.003 0.004 0.007 0.003 0.003 
 27    ZFB27    (0)    1 :  0.003 0.003 0.004 0.004 0.002 0.052 0.004 0.910 0.002 0.003 0.006 0.004 0.003 
 28    ZFB28    (0)    1 :  0.005 0.009 0.021 0.005 0.011 0.122 0.004 0.782 0.004 0.007 0.012 0.016 0.002 
 29    ZFB29    (0)    1 :  0.002 0.008 0.004 0.003 0.003 0.008 0.004 0.945 0.002 0.004 0.009 0.006 0.002 
 30    ZFB30    (0)    1 :  0.005 0.004 0.074 0.003 0.016 0.194 0.021 0.645 0.007 0.003 0.008 0.007 0.013 
 31    ZFB31    (0)    1 :  0.005 0.003 0.003 0.008 0.003 0.006 0.005 0.940 0.003 0.004 0.004 0.011 0.003 
 32    ZFB32    (0)    1 :  0.009 0.020 0.023 0.011 0.031 0.058 0.007 0.781 0.006 0.018 0.016 0.016 0.004 
 33    ZFB33    (0)    1 :  0.002 0.003 0.004 0.003 0.003 0.005 0.005 0.957 0.002 0.003 0.009 0.004 0.002 
 34    ZFB34    (0)    1 :  0.003 0.004 0.004 0.003 0.004 0.002 0.015 0.941 0.003 0.007 0.005 0.006 0.003 
 35    ZFB35    (0)    1 :  0.004 0.006 0.004 0.005 0.004 0.004 0.013 0.936 0.004 0.005 0.009 0.004 0.003 
 36  ZFBP101    (0)    2 :  0.561 0.079 0.007 0.206 0.011 0.003 0.005 0.010 0.014 0.043 0.010 0.014 0.037 
 37  ZFBP102    (0)    2 :  0.581 0.033 0.011 0.293 0.008 0.003 0.005 0.014 0.004 0.009 0.014 0.015 0.012 
 38  ZFBP103    (0)    2 :  0.765 0.041 0.006 0.054 0.006 0.003 0.003 0.007 0.015 0.069 0.009 0.013 0.009 
 39  ZFBP104    (0)    2 :  0.621 0.005 0.012 0.249 0.029 0.003 0.020 0.017 0.008 0.003 0.010 0.017 0.007 
 40  ZFBP105    (0)    2 :  0.279 0.006 0.005 0.653 0.008 0.005 0.005 0.006 0.010 0.005 0.004 0.007 0.006 
 41  ZFBP106    (0)    2 :  0.218 0.011 0.003 0.715 0.005 0.003 0.004 0.003 0.016 0.006 0.003 0.004 0.010 
 42  ZFBP107    (0)    2 :  0.482 0.034 0.013 0.389 0.008 0.028 0.004 0.007 0.013 0.006 0.006 0.006 0.005 
 43  ZFBP108    (0)    2 :  0.009 0.004 0.003 0.954 0.003 0.003 0.004 0.002 0.006 0.003 0.003 0.003 0.004 
 44  ZFBP109    (0)    2 :  0.027 0.003 0.004 0.924 0.004 0.002 0.005 0.003 0.004 0.004 0.002 0.007 0.009 
 45  ZFBP110    (0)    2 :  0.440 0.031 0.020 0.270 0.010 0.003 0.008 0.037 0.075 0.021 0.008 0.072 0.006 
 46  ZFBP111    (0)    2 :  0.553 0.005 0.004 0.296 0.013 0.003 0.003 0.003 0.010 0.004 0.002 0.003 0.102 
 47  ZFBP112    (0)    2 :  0.026 0.017 0.004 0.842 0.008 0.006 0.004 0.003 0.011 0.013 0.004 0.006 0.056 
 48  ZFBP113    (0)    2 :  0.016 0.004 0.004 0.942 0.006 0.004 0.004 0.003 0.003 0.003 0.003 0.004 0.004 
 49  ZFBP114    (0)    2 :  0.247 0.023 0.011 0.670 0.003 0.013 0.004 0.003 0.005 0.006 0.003 0.003 0.009 
 50  ZFBP115    (0)    2 :  0.854 0.008 0.004 0.080 0.007 0.003 0.003 0.002 0.013 0.008 0.003 0.003 0.011 
 51  ZFBP116    (0)    2 :  0.046 0.005 0.005 0.902 0.009 0.004 0.003 0.002 0.006 0.004 0.003 0.004 0.005 
 52  ZFBP117    (0)    2 :  0.019 0.005 0.004 0.935 0.004 0.002 0.003 0.003 0.006 0.007 0.002 0.005 0.006 
 53  ZFBP118    (0)    2 :  0.089 0.017 0.013 0.826 0.003 0.013 0.003 0.003 0.005 0.004 0.004 0.004 0.016 
 54  ZFBP119    (0)    2 :  0.417 0.016 0.005 0.467 0.016 0.002 0.004 0.003 0.019 0.026 0.003 0.006 0.016 
 55  ZFBP120    (0)    2 :  0.273 0.005 0.006 0.662 0.007 0.004 0.006 0.006 0.011 0.004 0.005 0.005 0.005 
 56  ZFBP121    (0)    2 :  0.037 0.009 0.004 0.903 0.005 0.003 0.005 0.005 0.008 0.008 0.003 0.006 0.005 
 57  ZFBP122    (9)    2 :  0.109 0.006 0.004 0.838 0.007 0.003 0.003 0.003 0.006 0.004 0.003 0.004 0.011 
 58  ZFBP123    (0)    2 :  0.015 0.040 0.004 0.883 0.010 0.007 0.004 0.002 0.005 0.008 0.004 0.005 0.013 
 59  ZFBP124    (0)    2 :  0.019 0.008 0.004 0.930 0.004 0.004 0.008 0.005 0.004 0.004 0.004 0.004 0.004 
 60  ZFBP125    (0)    2 :  0.036 0.006 0.003 0.910 0.004 0.003 0.002 0.002 0.008 0.006 0.002 0.004 0.015 
 61  ZFBP126    (0)    2 :  0.186 0.018 0.011 0.679 0.018 0.003 0.004 0.010 0.003 0.017 0.014 0.030 0.006 
 62  ZFBP127    (0)    2 :  0.215 0.006 0.005 0.646 0.003 0.003 0.005 0.003 0.086 0.017 0.003 0.003 0.005 
 63  ZFBP128    (0)    2 :  0.031 0.008 0.002 0.876 0.004 0.002 0.004 0.004 0.017 0.016 0.002 0.004 0.029 
 64  ZFBP129    (0)    2 :  0.008 0.007 0.005 0.816 0.005 0.002 0.006 0.004 0.006 0.009 0.003 0.006 0.124 
 65  ZFBP130    (0)    2 :  0.039 0.010 0.003 0.815 0.008 0.003 0.002 0.002 0.012 0.027 0.002 0.004 0.071 
 66  ZFBP131    (0)    2 :  0.007 0.003 0.003 0.954 0.004 0.004 0.003 0.003 0.003 0.003 0.003 0.004 0.004 
 67  ZFBP132    (0)    2 :  0.013 0.004 0.003 0.940 0.003 0.003 0.003 0.004 0.013 0.003 0.002 0.004 0.004 
 68  ZFBP133    (0)    2 :  0.008 0.003 0.002 0.886 0.005 0.002 0.003 0.002 0.003 0.008 0.002 0.004 0.070 
 69  ZFBP134    (0)    2 :  0.884 0.003 0.003 0.052 0.010 0.003 0.004 0.004 0.005 0.014 0.003 0.005 0.011 
 70  ZFBP135    (0)    2 :  0.212 0.051 0.005 0.437 0.006 0.002 0.006 0.013 0.019 0.180 0.008 0.043 0.016 
 71  ZFBP136    (0)    2 :  0.272 0.170 0.004 0.424 0.008 0.009 0.004 0.003 0.013 0.046 0.005 0.006 0.035 
 72  ZFBP201    (0)    3 :  0.014 0.005 0.006 0.922 0.007 0.008 0.004 0.005 0.011 0.005 0.005 0.006 0.004 
 73  ZFBP202    (0)    3 :  0.037 0.005 0.004 0.908 0.006 0.003 0.007 0.005 0.008 0.004 0.003 0.005 0.008 
 74  ZFBP203    (0)    3 :  0.017 0.008 0.021 0.808 0.028 0.055 0.005 0.005 0.004 0.004 0.017 0.012 0.015 
 75  ZFBP204    (0)    3 :  0.256 0.034 0.005 0.617 0.010 0.005 0.005 0.004 0.017 0.013 0.004 0.007 0.022 
 76  ZFBP205    (0)    3 :  0.007 0.010 0.003 0.939 0.005 0.005 0.003 0.002 0.002 0.006 0.003 0.005 0.009 
 77  ZFBP206    (0)    3 :  0.008 0.023 0.004 0.887 0.011 0.006 0.006 0.003 0.004 0.008 0.005 0.005 0.031 
 78  ZFBP207    (0)    3 :  0.217 0.008 0.003 0.646 0.004 0.004 0.004 0.004 0.082 0.012 0.003 0.006 0.008 
 79  ZFBP208    (0)    3 :  0.010 0.014 0.006 0.909 0.015 0.013 0.004 0.003 0.003 0.005 0.006 0.005 0.006 
 80  ZFBP209    (0)    3 :  0.008 0.003 0.002 0.886 0.005 0.002 0.003 0.002 0.003 0.008 0.002 0.004 0.071 
 81  ZFBP210    (0)    3 :  0.016 0.006 0.006 0.907 0.011 0.010 0.004 0.005 0.010 0.005 0.005 0.005 0.009 
 82  ZFBP211    (0)    3 :  0.013 0.008 0.004 0.932 0.005 0.003 0.005 0.005 0.009 0.004 0.003 0.004 0.004 
 83  ZFBP212    (0)    3 :  0.193 0.004 0.003 0.731 0.003 0.003 0.004 0.007 0.038 0.002 0.003 0.003 0.005 
 84  ZFBP213    (0)    3 :  0.009 0.024 0.005 0.887 0.011 0.004 0.016 0.004 0.010 0.009 0.005 0.006 0.009 
 85  ZFBP214    (0)    3 :  0.029 0.019 0.008 0.679 0.042 0.004 0.016 0.007 0.038 0.041 0.003 0.015 0.098 
 86  ZFBP215    (0)    3 :  0.012 0.005 0.003 0.943 0.004 0.002 0.004 0.003 0.005 0.005 0.003 0.004 0.006 
 87  ZFBP216    (0)    3 :  0.203 0.006 0.009 0.709 0.031 0.007 0.005 0.004 0.005 0.004 0.005 0.007 0.005 
 88  ZFBP217    (0)    3 :  0.111 0.005 0.007 0.623 0.026 0.005 0.006 0.006 0.039 0.007 0.002 0.007 0.156 
 89  ZFBP218    (0)    3 :  0.021 0.002 0.003 0.938 0.005 0.003 0.004 0.002 0.003 0.003 0.003 0.003 0.010 
 90  ZFBP219    (0)    3 :  0.012 0.003 0.004 0.948 0.006 0.004 0.003 0.002 0.003 0.003 0.003 0.004 0.004 
 91  ZFBP220    (0)    3 :  0.288 0.007 0.003 0.617 0.007 0.003 0.003 0.002 0.013 0.018 0.003 0.004 0.030 
 92  ZFBP221    (0)    3 :  0.542 0.002 0.003 0.414 0.005 0.003 0.004 0.004 0.006 0.003 0.003 0.004 0.007 
 93  ZFBP222    (0)    3 :  0.006 0.005 0.004 0.939 0.007 0.005 0.004 0.003 0.003 0.006 0.004 0.007 0.007 
 94  ZFBP223    (0)    3 :  0.163 0.009 0.006 0.589 0.004 0.006 0.005 0.008 0.183 0.008 0.003 0.007 0.008 
 95  ZFBP224    (0)    3 :  0.014 0.012 0.005 0.924 0.007 0.004 0.008 0.003 0.005 0.004 0.003 0.005 0.005 
 96  ZFBP225    (0)    3 :  0.488 0.011 0.007 0.214 0.015 0.011 0.003 0.003 0.019 0.013 0.005 0.007 0.205 
 97  ZFBP226    (0)    3 :  0.039 0.004 0.004 0.916 0.006 0.004 0.004 0.003 0.005 0.003 0.004 0.004 0.005 
 98  ZFBP227    (0)    3 :  0.427 0.009 0.023 0.341 0.124 0.004 0.019 0.009 0.007 0.005 0.010 0.018 0.006 
 99  ZFBP228    (0)    3 :  0.563 0.005 0.004 0.324 0.004 0.002 0.005 0.004 0.059 0.014 0.003 0.005 0.008 
100  ZFBP229    (0)    3 :  0.067 0.003 0.003 0.876 0.006 0.003 0.002 0.002 0.004 0.006 0.003 0.005 0.018 
101  ZFBP230    (0)    3 :  0.377 0.009 0.004 0.518 0.009 0.003 0.003 0.003 0.010 0.026 0.003 0.006 0.028 
102  ZFBP231    (0)    3 :  0.012 0.014 0.004 0.927 0.005 0.003 0.005 0.004 0.007 0.005 0.004 0.005 0.005 
103  ZFBP232    (0)    3 :  0.009 0.005 0.002 0.950 0.003 0.003 0.003 0.003 0.004 0.004 0.003 0.003 0.007 
104  ZFBP233    (0)    3 :  0.034 0.008 0.005 0.890 0.011 0.004 0.007 0.005 0.006 0.005 0.004 0.004 0.018 
105   ZFCC01    (0)    4 :  0.003 0.007 0.004 0.004 0.005 0.004 0.020 0.005 0.005 0.928 0.007 0.004 0.003 
106   ZFCC03    (0)    4 :  0.003 0.005 0.003 0.003 0.003 0.002 0.008 0.003 0.009 0.949 0.003 0.004 0.005 
107   ZFCC04    (0)    4 :  0.004 0.012 0.004 0.004 0.005 0.003 0.006 0.004 0.005 0.939 0.004 0.004 0.005 
108   ZFCC05    (0)    4 :  0.007 0.045 0.007 0.006 0.010 0.005 0.011 0.005 0.014 0.873 0.005 0.005 0.006 
109   ZFCC08    (0)    4 :  0.008 0.009 0.003 0.011 0.008 0.002 0.009 0.002 0.004 0.918 0.003 0.005 0.017 
110   ZFCC09    (0)    4 :  0.003 0.006 0.004 0.003 0.003 0.003 0.011 0.004 0.008 0.946 0.004 0.003 0.003 
111   ZFCC10    (0)    4 :  0.003 0.008 0.003 0.005 0.003 0.003 0.043 0.004 0.004 0.912 0.004 0.005 0.004 
112   ZFCC11    (0)    4 :  0.004 0.008 0.004 0.005 0.004 0.004 0.012 0.003 0.011 0.933 0.004 0.004 0.005 
113   ZFCC12    (0)    4 :  0.008 0.034 0.010 0.006 0.008 0.004 0.015 0.007 0.008 0.744 0.130 0.022 0.006 
114   ZFCC13    (0)    4 :  0.011 0.008 0.005 0.008 0.012 0.009 0.004 0.003 0.008 0.916 0.005 0.004 0.007 
115   ZFCC14    (0)    4 :  0.004 0.023 0.005 0.009 0.004 0.006 0.008 0.008 0.004 0.910 0.004 0.009 0.006 
116   ZFCC15    (0)    4 :  0.004 0.005 0.005 0.004 0.009 0.004 0.005 0.003 0.004 0.943 0.005 0.004 0.004 
117   ZFCC16    (0)    4 :  0.003 0.015 0.004 0.003 0.005 0.003 0.006 0.004 0.004 0.938 0.006 0.005 0.004 
118   ZFCC17    (0)    4 :  0.004 0.047 0.005 0.003 0.004 0.008 0.007 0.006 0.006 0.892 0.011 0.004 0.003 
119   ZFCC18    (0)    4 :  0.004 0.008 0.004 0.005 0.005 0.004 0.010 0.004 0.009 0.935 0.004 0.004 0.006 
120   ZFCC19    (0)    4 :  0.003 0.010 0.006 0.002 0.008 0.008 0.003 0.005 0.003 0.937 0.007 0.006 0.003 
121   ZFCC20    (0)    4 :  0.005 0.011 0.004 0.003 0.008 0.002 0.004 0.004 0.008 0.936 0.005 0.004 0.005 
122   ZFCC21    (0)    4 :  0.015 0.012 0.005 0.037 0.039 0.007 0.006 0.005 0.003 0.792 0.005 0.041 0.034 
123   ZFCC22    (0)    4 :  0.080 0.012 0.004 0.175 0.009 0.006 0.015 0.003 0.007 0.638 0.004 0.005 0.043 
124   ZFCC26    (0)    4 :  0.003 0.008 0.003 0.004 0.004 0.003 0.006 0.004 0.004 0.949 0.005 0.004 0.003 
125   ZFCC27    (0)    4 :  0.003 0.005 0.003 0.003 0.003 0.003 0.004 0.003 0.006 0.957 0.003 0.003 0.003 
126   ZFCC29    (0)    4 :  0.005 0.017 0.004 0.004 0.010 0.003 0.007 0.008 0.005 0.920 0.006 0.006 0.005 
127   ZFCC30    (0)    4 :  0.004 0.007 0.003 0.003 0.004 0.003 0.004 0.003 0.011 0.948 0.003 0.003 0.005 
128   ZFCC32    (0)    4 :  0.005 0.009 0.006 0.004 0.013 0.006 0.008 0.003 0.006 0.922 0.009 0.004 0.005 
129   ZFCC33    (0)    4 :  0.005 0.319 0.009 0.004 0.005 0.004 0.008 0.010 0.007 0.610 0.005 0.009 0.005 
130   ZFCC34    (0)    4 :  0.047 0.053 0.007 0.070 0.007 0.009 0.020 0.025 0.069 0.640 0.026 0.008 0.020 
131   ZFCC35    (0)    4 :  0.003 0.007 0.003 0.003 0.003 0.004 0.004 0.002 0.003 0.957 0.002 0.003 0.004 
132   ZFCC36    (0)    4 :  0.008 0.011 0.006 0.007 0.017 0.017 0.004 0.004 0.004 0.899 0.008 0.005 0.010 
133   ZFCC37    (0)    4 :  0.010 0.030 0.012 0.010 0.012 0.005 0.028 0.007 0.007 0.746 0.093 0.035 0.006 
134   ZFCC40    (0)    4 :  0.003 0.015 0.004 0.006 0.003 0.012 0.008 0.004 0.003 0.927 0.004 0.005 0.003 
135   ZFCC42    (0)    4 :  0.010 0.527 0.030 0.005 0.005 0.064 0.007 0.040 0.047 0.059 0.178 0.022 0.007 
136   ZFCC44    (0)    4 :  0.003 0.014 0.004 0.003 0.002 0.008 0.003 0.003 0.009 0.942 0.003 0.003 0.003 
137   ZFCC45    (9)    4 :  0.005 0.051 0.021 0.005 0.008 0.017 0.019 0.008 0.009 0.831 0.012 0.011 0.004 
138   ZFCC46    (0)    4 :  0.017 0.013 0.003 0.009 0.006 0.004 0.003 0.003 0.009 0.892 0.003 0.005 0.032 
139   ZFCC47    (0)    4 :  0.005 0.008 0.005 0.004 0.006 0.003 0.021 0.005 0.005 0.867 0.057 0.008 0.006 
140   ZFCC48    (0)    4 :  0.012 0.015 0.003 0.028 0.012 0.004 0.005 0.004 0.003 0.856 0.003 0.018 0.037 
141   ZFCC50    (0)    4 :  0.003 0.009 0.004 0.003 0.004 0.004 0.004 0.005 0.003 0.950 0.005 0.003 0.003 
142   ZFCC51    (0)    4 :  0.003 0.005 0.003 0.003 0.003 0.002 0.005 0.003 0.009 0.954 0.003 0.003 0.003 
143   ZFCC52    (0)    4 :  0.010 0.034 0.004 0.015 0.008 0.007 0.004 0.004 0.005 0.885 0.007 0.005 0.013 
144   ZFCC53    (0)    4 :  0.003 0.005 0.003 0.003 0.003 0.003 0.005 0.004 0.005 0.957 0.004 0.003 0.003 
145  ZFCNS01    (0)    5 :  0.023 0.003 0.031 0.004 0.052 0.027 0.003 0.002 0.828 0.006 0.010 0.008 0.003 
146  ZFCNS02    (0)    5 :  0.004 0.003 0.002 0.003 0.003 0.002 0.003 0.002 0.963 0.005 0.002 0.002 0.004 
147  ZFCNS05    (0)    5 :  0.007 0.006 0.003 0.007 0.005 0.002 0.005 0.005 0.942 0.006 0.003 0.003 0.005 
148  ZFCNS06    (0)    5 :  0.004 0.004 0.003 0.004 0.003 0.002 0.003 0.003 0.961 0.005 0.002 0.002 0.004 
149  ZFCNS07    (0)    5 :  0.005 0.003 0.003 0.005 0.003 0.002 0.003 0.003 0.954 0.003 0.002 0.003 0.009 
150  ZFCNS10    (0)    5 :  0.018 0.003 0.003 0.008 0.003 0.005 0.002 0.003 0.941 0.004 0.002 0.003 0.005 
151  ZFCNS11    (0)    5 :  0.015 0.003 0.015 0.005 0.022 0.011 0.003 0.002 0.901 0.007 0.007 0.005 0.004 
152  ZFCNS15    (0)    5 :  0.038 0.005 0.003 0.013 0.004 0.002 0.003 0.004 0.910 0.003 0.002 0.004 0.007 
153  ZFCNS17    (0)    5 :  0.005 0.004 0.003 0.004 0.003 0.002 0.003 0.003 0.961 0.005 0.002 0.002 0.004 
154  ZFCNS18    (0)    5 :  0.015 0.003 0.003 0.007 0.003 0.004 0.003 0.003 0.945 0.005 0.002 0.002 0.004 
155  ZFCNS19    (0)    5 :  0.004 0.003 0.003 0.002 0.003 0.002 0.003 0.003 0.966 0.004 0.002 0.002 0.003 
156  ZFCNS20    (0)    5 :  0.011 0.007 0.003 0.012 0.004 0.002 0.003 0.003 0.929 0.005 0.003 0.004 0.014 
157  ZFCNS21    (0)    5 :  0.005 0.004 0.003 0.003 0.003 0.002 0.003 0.002 0.966 0.004 0.002 0.002 0.002 
158  ZFCNS22    (0)    5 :  0.012 0.006 0.004 0.010 0.005 0.002 0.004 0.005 0.934 0.005 0.003 0.004 0.006 
159  ZFCNS23    (0)    5 :  0.005 0.024 0.008 0.005 0.011 0.011 0.005 0.004 0.890 0.013 0.008 0.006 0.010 
160  ZFCNS24    (0)    5 :  0.009 0.009 0.003 0.005 0.004 0.002 0.003 0.002 0.945 0.007 0.003 0.003 0.006 
161  ZFCNS25    (0)    5 :  0.012 0.008 0.003 0.010 0.004 0.002 0.003 0.002 0.934 0.006 0.003 0.004 0.008 
162  ZFCNS26    (0)    5 :  0.006 0.003 0.003 0.004 0.003 0.002 0.003 0.003 0.962 0.003 0.002 0.003 0.004 
163  ZFCNS27    (0)    5 :  0.059 0.006 0.004 0.020 0.004 0.002 0.003 0.003 0.880 0.003 0.003 0.004 0.010 
164  ZFCNS28    (0)    5 :  0.005 0.003 0.003 0.003 0.003 0.002 0.004 0.004 0.961 0.004 0.002 0.002 0.004 
165  ZFCNS29    (0)    5 :  0.007 0.007 0.003 0.007 0.005 0.002 0.004 0.004 0.943 0.007 0.003 0.003 0.004 
166  ZFCNS30    (0)    5 :  0.008 0.005 0.003 0.005 0.005 0.002 0.005 0.004 0.949 0.006 0.003 0.003 0.003 
167  ZFCNS31    (0)    5 :  0.005 0.003 0.003 0.004 0.003 0.002 0.003 0.003 0.963 0.003 0.002 0.002 0.004 
168  ZFCNS32    (0)    5 :  0.009 0.006 0.003 0.005 0.005 0.002 0.003 0.003 0.946 0.004 0.003 0.003 0.007 
169  ZFCNS33    (0)    5 :  0.005 0.003 0.003 0.003 0.003 0.002 0.003 0.003 0.965 0.003 0.002 0.002 0.004 
170  ZFCNS34    (0)    5 :  0.008 0.007 0.003 0.004 0.004 0.002 0.005 0.003 0.943 0.011 0.003 0.003 0.004 
171  ZFCNS35    (0)    5 :  0.026 0.003 0.003 0.013 0.004 0.002 0.010 0.021 0.890 0.009 0.002 0.012 0.004 
172  ZFCNS36    (0)    5 :  0.007 0.009 0.003 0.006 0.004 0.002 0.003 0.003 0.940 0.009 0.003 0.003 0.007 
173  ZFCNS37    (0)    5 :  0.104 0.005 0.011 0.005 0.004 0.002 0.004 0.003 0.841 0.005 0.002 0.004 0.008 
174  ZFCNS39    (0)    5 :  0.024 0.007 0.006 0.007 0.014 0.004 0.003 0.002 0.888 0.016 0.002 0.005 0.023 
175  ZFCNS40    (0)    5 :  0.118 0.013 0.005 0.007 0.009 0.002 0.003 0.002 0.682 0.030 0.002 0.004 0.122 
176  ZFCNS41    (0)    5 :  0.652 0.011 0.009 0.016 0.013 0.004 0.006 0.005 0.247 0.018 0.004 0.009 0.006 
177  ZFCNS42    (0)    5 :  0.007 0.003 0.003 0.004 0.003 0.002 0.003 0.003 0.962 0.003 0.002 0.002 0.003 
178  ZFCNS43    (0)    5 :  0.005 0.003 0.003 0.003 0.003 0.002 0.003 0.002 0.965 0.005 0.002 0.002 0.003 
179  ZFCNS44    (0)    5 :  0.016 0.003 0.003 0.007 0.002 0.004 0.002 0.003 0.946 0.005 0.002 0.002 0.003 
180  ZFCNS46    (0)    5 :  0.011 0.005 0.004 0.006 0.005 0.002 0.004 0.003 0.946 0.005 0.003 0.003 0.004 
181  ZFCNS47    (0)    5 :  0.004 0.003 0.003 0.003 0.003 0.002 0.003 0.002 0.965 0.004 0.002 0.002 0.003 
182  ZFCNS48    (0)    5 :  0.028 0.005 0.004 0.012 0.005 0.004 0.004 0.004 0.918 0.006 0.002 0.003 0.005 
183  ZFCNS49    (0)    5 :  0.054 0.003 0.003 0.012 0.003 0.004 0.003 0.004 0.903 0.003 0.002 0.003 0.004 
184   ZFCR01    (0)    6 :  0.004 0.003 0.062 0.010 0.004 0.006 0.020 0.006 0.003 0.006 0.015 0.856 0.006 
185   ZFCR02    (0)    6 :  0.005 0.011 0.011 0.011 0.005 0.009 0.004 0.016 0.005 0.021 0.007 0.888 0.008 
186   ZFCR03    (0)    6 :  0.005 0.053 0.010 0.016 0.012 0.028 0.009 0.020 0.003 0.013 0.038 0.784 0.009 
187   ZFCR04    (0)    6 :  0.023 0.006 0.047 0.014 0.013 0.025 0.071 0.163 0.009 0.016 0.014 0.581 0.019 
188   ZFCR05    (0)    6 :  0.004 0.004 0.014 0.003 0.011 0.007 0.019 0.009 0.003 0.010 0.008 0.906 0.003 
189   ZFCR06    (0)    6 :  0.027 0.006 0.014 0.021 0.005 0.003 0.011 0.015 0.055 0.013 0.006 0.815 0.009 
190   ZFCR07    (0)    6 :  0.034 0.050 0.138 0.009 0.124 0.006 0.011 0.042 0.081 0.014 0.020 0.467 0.004 
191   ZFCR08    (0)    6 :  0.014 0.036 0.397 0.022 0.006 0.039 0.107 0.021 0.005 0.091 0.025 0.193 0.044 
192   ZFCR09    (0)    6 :  0.062 0.026 0.028 0.061 0.016 0.066 0.010 0.066 0.015 0.024 0.158 0.452 0.014 
193   ZFCR11    (0)    6 :  0.033 0.004 0.020 0.016 0.018 0.005 0.014 0.024 0.010 0.007 0.013 0.834 0.002 
194   ZFCR12    (0)    6 :  0.048 0.008 0.007 0.011 0.016 0.004 0.005 0.006 0.109 0.009 0.003 0.762 0.013 
195   ZFCR13    (0)    6 :  0.011 0.007 0.310 0.102 0.267 0.003 0.005 0.044 0.007 0.009 0.003 0.226 0.005 
196   ZFCR14    (0)    6 :  0.009 0.005 0.013 0.007 0.021 0.005 0.010 0.014 0.006 0.009 0.004 0.886 0.011 
197   ZFCR15    (0)    6 :  0.015 0.009 0.052 0.021 0.014 0.012 0.017 0.040 0.004 0.012 0.005 0.768 0.031 
198   ZFCR16    (0)    6 :  0.007 0.004 0.028 0.017 0.009 0.003 0.007 0.018 0.003 0.008 0.005 0.875 0.017 
199   ZFCR18    (0)    6 :  0.006 0.032 0.013 0.009 0.006 0.004 0.008 0.301 0.006 0.012 0.005 0.593 0.005 
200   ZFCR19    (0)    6 :  0.011 0.006 0.006 0.016 0.008 0.004 0.006 0.026 0.006 0.010 0.065 0.795 0.041 
201   ZFCR20    (0)    6 :  0.009 0.030 0.019 0.028 0.041 0.005 0.023 0.024 0.005 0.006 0.027 0.777 0.007 
202   ZFCR21    (0)    6 :  0.005 0.007 0.010 0.004 0.021 0.003 0.004 0.003 0.003 0.012 0.004 0.912 0.011 
203   ZFCR22    (0)    6 :  0.005 0.006 0.008 0.006 0.052 0.004 0.002 0.006 0.003 0.004 0.006 0.885 0.012 
204   ZFCR23    (0)    6 :  0.037 0.004 0.069 0.040 0.050 0.053 0.004 0.009 0.005 0.003 0.010 0.710 0.005 
205   ZFCR24    (9)    6 :  0.012 0.009 0.079 0.518 0.106 0.005 0.029 0.092 0.004 0.008 0.055 0.077 0.006 
206   ZFCR25    (0)    6 :  0.005 0.006 0.011 0.004 0.012 0.002 0.010 0.007 0.003 0.005 0.007 0.923 0.004 
207   ZFCR26    (0)    6 :  0.011 0.007 0.011 0.013 0.202 0.004 0.010 0.004 0.005 0.015 0.080 0.623 0.015 
208   ZFCR27    (9)    6 :  0.003 0.003 0.403 0.004 0.037 0.004 0.019 0.012 0.003 0.005 0.045 0.459 0.003 
209   ZFCR28    (0)    6 :  0.020 0.008 0.087 0.058 0.006 0.007 0.006 0.004 0.029 0.010 0.004 0.719 0.044 
210   ZFCR29    (0)    6 :  0.004 0.004 0.004 0.004 0.015 0.004 0.006 0.008 0.002 0.004 0.009 0.931 0.004 
211   ZFCR30    (0)    6 :  0.011 0.008 0.011 0.006 0.046 0.005 0.007 0.006 0.009 0.006 0.009 0.868 0.007 
212   ZFCR31    (0)    6 :  0.064 0.029 0.018 0.063 0.026 0.015 0.013 0.149 0.052 0.011 0.070 0.470 0.020 
213   ZFCR33    (0)    6 :  0.016 0.009 0.704 0.012 0.025 0.027 0.065 0.007 0.006 0.037 0.016 0.061 0.014 
214   ZFCR34    (0)    6 :  0.035 0.004 0.043 0.017 0.247 0.015 0.005 0.160 0.009 0.017 0.009 0.430 0.009 
215   ZFCR35    (0)    6 :  0.006 0.004 0.011 0.005 0.005 0.013 0.010 0.118 0.004 0.011 0.016 0.794 0.004 
216   ZFCR36    (0)    6 :  0.008 0.006 0.010 0.007 0.019 0.014 0.007 0.038 0.018 0.006 0.013 0.851 0.004 
217   ZFCR37    (0)    6 :  0.004 0.016 0.123 0.004 0.573 0.023 0.048 0.051 0.004 0.055 0.043 0.052 0.004 
218   ZFCR38    (0)    6 :  0.009 0.013 0.552 0.008 0.033 0.008 0.040 0.006 0.008 0.042 0.046 0.223 0.013 
219   ZFCR39    (0)    6 :  0.019 0.038 0.213 0.052 0.008 0.229 0.010 0.022 0.003 0.091 0.033 0.247 0.034 
220   ZFCR40    (0)    6 :  0.015 0.006 0.121 0.009 0.012 0.033 0.011 0.010 0.004 0.025 0.012 0.736 0.004 
221   ZFCR41    (0)    6 :  0.099 0.007 0.014 0.006 0.015 0.003 0.007 0.005 0.014 0.028 0.003 0.777 0.021 
222   ZFCR42    (0)    6 :  0.029 0.018 0.072 0.019 0.076 0.017 0.008 0.007 0.016 0.049 0.013 0.658 0.017 
223   ZFCR43    (0)    6 :  0.006 0.004 0.012 0.037 0.010 0.004 0.009 0.024 0.006 0.004 0.004 0.876 0.004 
224  ZFENP25    (0)    7 :  0.005 0.006 0.831 0.011 0.007 0.005 0.043 0.005 0.003 0.023 0.005 0.046 0.011 
225  ZFENP26    (0)    7 :  0.003 0.005 0.944 0.002 0.004 0.007 0.006 0.006 0.003 0.004 0.006 0.007 0.003 
226  ZFENP27    (0)    7 :  0.030 0.039 0.295 0.019 0.005 0.018 0.023 0.015 0.070 0.193 0.027 0.254 0.011 
227  ZFENP28    (0)    7 :  0.004 0.004 0.872 0.004 0.010 0.008 0.028 0.009 0.010 0.011 0.016 0.020 0.005 
228  ZFENP29    (0)    7 :  0.004 0.007 0.910 0.004 0.008 0.005 0.005 0.004 0.004 0.009 0.005 0.031 0.004 
229  ZFENP30    (0)    7 :  0.005 0.102 0.782 0.006 0.012 0.011 0.007 0.007 0.010 0.030 0.011 0.011 0.007 
230  ZFENP31    (0)    7 :  0.004 0.375 0.251 0.005 0.012 0.209 0.035 0.031 0.005 0.012 0.038 0.019 0.003 
231  ZFENP32    (0)    7 :  0.018 0.133 0.233 0.017 0.014 0.124 0.020 0.255 0.025 0.014 0.032 0.107 0.006 
232  ZFENP33    (0)    7 :  0.007 0.035 0.826 0.006 0.036 0.007 0.030 0.011 0.004 0.005 0.014 0.015 0.003 
233  ZFENP34    (0)    7 :  0.007 0.094 0.235 0.006 0.007 0.006 0.526 0.030 0.010 0.020 0.024 0.030 0.004 
234  ZFENP35    (0)    7 :  0.016 0.007 0.838 0.008 0.007 0.066 0.008 0.017 0.013 0.005 0.005 0.006 0.005 
235  ZFENP36    (0)    7 :  0.004 0.007 0.923 0.003 0.007 0.011 0.006 0.009 0.010 0.003 0.009 0.007 0.002 
236  ZFENP37    (0)    7 :  0.008 0.008 0.419 0.006 0.030 0.091 0.389 0.012 0.008 0.008 0.010 0.008 0.003 
237  ZFENP38    (0)    7 :  0.007 0.014 0.404 0.005 0.438 0.024 0.030 0.009 0.016 0.018 0.021 0.011 0.004 
238  ZFENP39    (0)    7 :  0.005 0.006 0.791 0.004 0.012 0.018 0.025 0.012 0.004 0.015 0.010 0.096 0.003 
239  ZFENP40    (0)    7 :  0.007 0.013 0.794 0.010 0.007 0.038 0.020 0.013 0.005 0.008 0.016 0.066 0.004 
240  ZFENP41    (0)    7 :  0.007 0.040 0.745 0.007 0.006 0.027 0.017 0.022 0.008 0.074 0.006 0.034 0.008 
241  ZFENP42    (0)    7 :  0.005 0.010 0.679 0.003 0.051 0.209 0.004 0.003 0.003 0.005 0.006 0.018 0.004 
242  ZFENP43    (0)    7 :  0.033 0.009 0.661 0.007 0.094 0.015 0.040 0.006 0.049 0.035 0.029 0.016 0.006 
243  ZFENP44    (0)    7 :  0.018 0.025 0.709 0.008 0.043 0.110 0.027 0.005 0.014 0.015 0.012 0.012 0.003 
244  ZFENP45    (0)    7 :  0.016 0.021 0.345 0.025 0.057 0.122 0.012 0.008 0.008 0.016 0.016 0.023 0.331 
245  ZFENP46    (0)    7 :  0.023 0.010 0.791 0.015 0.062 0.018 0.029 0.008 0.007 0.003 0.014 0.016 0.005 
246  ZFENP47    (0)    7 :  0.005 0.026 0.200 0.014 0.005 0.221 0.009 0.071 0.004 0.067 0.024 0.236 0.117 
247  ZFENP48    (0)    7 :  0.007 0.288 0.074 0.011 0.013 0.010 0.487 0.011 0.006 0.014 0.027 0.040 0.010 
248  ZFENP49    (0)    7 :  0.007 0.133 0.191 0.011 0.010 0.006 0.005 0.031 0.006 0.010 0.021 0.561 0.010 
249  ZFENP50    (0)    7 :  0.029 0.005 0.670 0.054 0.087 0.056 0.007 0.008 0.004 0.004 0.025 0.040 0.010 
250  ZFENP51    (0)    7 :  0.005 0.038 0.320 0.004 0.014 0.027 0.012 0.027 0.008 0.009 0.456 0.027 0.054 
251  ZFENP52    (0)    7 :  0.013 0.006 0.918 0.004 0.012 0.007 0.003 0.003 0.010 0.008 0.005 0.006 0.004 
252  ZFENP53    (0)    7 :  0.027 0.008 0.788 0.043 0.022 0.017 0.009 0.007 0.010 0.009 0.009 0.019 0.031 
253  ZFENP54    (0)    7 :  0.013 0.025 0.150 0.027 0.015 0.010 0.008 0.012 0.005 0.017 0.008 0.704 0.006 
254  ZFENP55    (0)    7 :  0.004 0.010 0.231 0.005 0.565 0.015 0.027 0.047 0.004 0.004 0.032 0.052 0.004 
255  ZFENP56    (0)    7 :  0.008 0.009 0.846 0.004 0.058 0.005 0.008 0.011 0.010 0.007 0.021 0.009 0.005 
256  ZFENP57    (0)    7 :  0.007 0.013 0.795 0.004 0.021 0.060 0.024 0.014 0.013 0.004 0.017 0.025 0.002 
257  ZFENP58    (0)    7 :  0.013 0.315 0.352 0.008 0.021 0.005 0.005 0.025 0.016 0.021 0.016 0.092 0.112 
258  ZFENP59    (0)    7 :  0.005 0.026 0.759 0.005 0.009 0.040 0.009 0.020 0.005 0.066 0.008 0.043 0.005 
259  ZFENP60    (0)    7 :  0.010 0.006 0.758 0.010 0.013 0.018 0.033 0.037 0.006 0.011 0.012 0.073 0.013 
260  ZFENP61    (0)    7 :  0.004 0.007 0.841 0.003 0.011 0.007 0.021 0.018 0.004 0.017 0.008 0.056 0.003 
261 ZFFDSP01    (0)    8 :  0.104 0.003 0.003 0.821 0.008 0.003 0.005 0.006 0.015 0.005 0.002 0.005 0.019 
262 ZFFDSP02    (0)    8 :  0.016 0.003 0.003 0.945 0.004 0.002 0.003 0.003 0.004 0.005 0.002 0.004 0.005 
263 ZFFDSP04    (0)    8 :  0.021 0.003 0.002 0.932 0.005 0.002 0.004 0.004 0.003 0.005 0.002 0.005 0.011 
264 ZFFDSP05    (0)    8 :  0.431 0.003 0.003 0.517 0.008 0.003 0.003 0.004 0.005 0.004 0.003 0.005 0.010 
265 ZFFDSP06    (0)    8 :  0.022 0.003 0.002 0.932 0.005 0.002 0.004 0.003 0.003 0.006 0.002 0.004 0.012 
266 ZFFDSP07    (0)    8 :  0.007 0.019 0.004 0.904 0.008 0.004 0.004 0.002 0.004 0.011 0.004 0.005 0.022 
267 ZFFDSP08    (0)    8 :  0.047 0.031 0.005 0.785 0.011 0.004 0.004 0.003 0.011 0.010 0.003 0.005 0.082 
268 ZFFDSP10    (0)    8 :  0.034 0.006 0.004 0.909 0.006 0.003 0.004 0.004 0.006 0.004 0.003 0.005 0.012 
269 ZFFDSP11    (0)    8 :  0.049 0.003 0.003 0.901 0.008 0.003 0.004 0.005 0.003 0.004 0.003 0.005 0.008 
270 ZFFDSP12    (0)    8 :  0.012 0.005 0.003 0.947 0.004 0.002 0.003 0.002 0.004 0.003 0.002 0.003 0.008 
271 ZFFDSP13    (0)    8 :  0.897 0.008 0.005 0.039 0.008 0.004 0.004 0.003 0.011 0.007 0.003 0.005 0.004 
272 ZFFDSP14    (0)    8 :  0.007 0.007 0.003 0.934 0.006 0.003 0.004 0.003 0.004 0.006 0.003 0.005 0.015 
273 ZFFDSP16    (0)    8 :  0.018 0.004 0.007 0.909 0.007 0.004 0.006 0.006 0.014 0.007 0.003 0.012 0.004 
274 ZFFDSP17    (0)    8 :  0.025 0.004 0.003 0.923 0.008 0.002 0.005 0.004 0.004 0.006 0.002 0.005 0.009 
275 ZFFDSP18    (0)    8 :  0.009 0.003 0.003 0.933 0.004 0.002 0.006 0.006 0.005 0.007 0.002 0.006 0.015 
276 ZFFDSP19    (0)    8 :  0.045 0.003 0.003 0.744 0.004 0.002 0.007 0.004 0.137 0.024 0.003 0.005 0.018 
277 ZFFDSP21    (0)    8 :  0.369 0.004 0.003 0.504 0.004 0.003 0.007 0.003 0.064 0.019 0.002 0.007 0.011 
278 ZFFDSP22    (0)    8 :  0.014 0.004 0.003 0.889 0.006 0.002 0.003 0.002 0.004 0.006 0.002 0.004 0.062 
279 ZFFDSP23    (0)    8 :  0.165 0.003 0.003 0.632 0.005 0.002 0.004 0.002 0.009 0.005 0.002 0.004 0.161 
280 ZFFDSP24    (0)    8 :  0.373 0.005 0.003 0.570 0.006 0.003 0.005 0.006 0.011 0.005 0.003 0.005 0.007 
281 ZFFDSP26    (9)    8 :  0.278 0.004 0.003 0.667 0.005 0.003 0.004 0.004 0.006 0.005 0.003 0.006 0.013 
282 ZFFDSP27    (0)    8 :  0.039 0.004 0.003 0.915 0.004 0.002 0.005 0.004 0.007 0.004 0.002 0.005 0.006 
283 ZFFDSP28    (0)    8 :  0.057 0.015 0.007 0.799 0.012 0.006 0.023 0.034 0.005 0.007 0.016 0.012 0.008 
284 ZFFDSP30    (0)    8 :  0.494 0.011 0.004 0.336 0.010 0.008 0.007 0.065 0.032 0.007 0.007 0.009 0.010 
285 ZFFDSP31    (0)    8 :  0.021 0.006 0.004 0.925 0.005 0.002 0.010 0.003 0.007 0.006 0.002 0.004 0.006 
286 ZFFDSP32    (0)    8 :  0.013 0.004 0.003 0.946 0.005 0.003 0.004 0.002 0.005 0.003 0.002 0.004 0.005 
287 ZFFDSP33    (0)    8 :  0.023 0.003 0.003 0.941 0.003 0.003 0.003 0.003 0.005 0.002 0.002 0.003 0.005 
288 ZFFDSP34    (0)    8 :  0.019 0.004 0.003 0.932 0.005 0.002 0.004 0.003 0.006 0.008 0.002 0.004 0.010 
289 ZFFDSP35    (0)    8 :  0.335 0.004 0.003 0.615 0.006 0.002 0.004 0.006 0.005 0.004 0.003 0.005 0.008 
290 ZFFDSP37    (0)    8 :  0.030 0.004 0.003 0.928 0.004 0.002 0.005 0.004 0.006 0.004 0.003 0.004 0.004 
291 ZFFDSP38    (0)    8 :  0.012 0.004 0.003 0.944 0.004 0.002 0.004 0.006 0.006 0.004 0.003 0.003 0.005 
292 ZFFDSP39    (0)    8 :  0.703 0.003 0.002 0.258 0.003 0.002 0.003 0.004 0.007 0.003 0.002 0.004 0.007 
293 ZFFDSP40    (0)    8 :  0.518 0.004 0.003 0.437 0.003 0.002 0.004 0.006 0.008 0.003 0.003 0.005 0.005 
294 ZFFDSP42    (0)    8 :  0.119 0.003 0.003 0.742 0.006 0.002 0.004 0.004 0.009 0.006 0.002 0.005 0.095 
295 ZFFDSP43    (0)    8 :  0.042 0.003 0.003 0.909 0.003 0.002 0.004 0.004 0.011 0.004 0.002 0.004 0.009 
296 ZFFDSP44    (0)    8 :  0.220 0.005 0.003 0.729 0.005 0.003 0.005 0.006 0.010 0.004 0.003 0.003 0.005 
297 ZFFDSP45    (0)    8 :  0.037 0.004 0.003 0.916 0.004 0.002 0.004 0.005 0.008 0.005 0.002 0.005 0.005 
298 ZFFDSP46    (0)    8 :  0.069 0.004 0.003 0.876 0.005 0.002 0.004 0.004 0.010 0.005 0.002 0.005 0.009 
299 ZFFDSP47    (0)    8 :  0.720 0.005 0.003 0.221 0.005 0.003 0.004 0.004 0.015 0.003 0.003 0.003 0.012 
300 ZFFDSP48    (0)    8 :  0.634 0.004 0.003 0.316 0.004 0.003 0.003 0.004 0.013 0.004 0.002 0.004 0.006 
301    ZFI01    (0)    9 :  0.005 0.011 0.010 0.005 0.009 0.007 0.030 0.768 0.009 0.008 0.112 0.021 0.005 
302    ZFI02    (0)    9 :  0.005 0.003 0.005 0.005 0.006 0.004 0.019 0.870 0.008 0.004 0.048 0.019 0.004 
303    ZFI03    (0)    9 :  0.004 0.005 0.006 0.004 0.007 0.003 0.051 0.885 0.008 0.006 0.010 0.008 0.003 
304    ZFI04    (0)    9 :  0.004 0.004 0.007 0.004 0.006 0.004 0.751 0.098 0.006 0.004 0.106 0.004 0.003 
305    ZFI05    (0)    9 :  0.005 0.008 0.006 0.004 0.004 0.004 0.007 0.930 0.013 0.004 0.005 0.007 0.003 
306    ZFI06    (0)    9 :  0.035 0.006 0.021 0.015 0.009 0.004 0.020 0.724 0.079 0.004 0.035 0.045 0.003 
307    ZFI07    (0)    9 :  0.004 0.007 0.006 0.004 0.006 0.004 0.397 0.544 0.005 0.004 0.010 0.006 0.002 
308    ZFI08    (0)    9 :  0.004 0.005 0.010 0.003 0.011 0.004 0.111 0.774 0.005 0.006 0.047 0.017 0.003 
309    ZFI09    (0)    9 :  0.004 0.004 0.008 0.004 0.005 0.003 0.014 0.897 0.006 0.004 0.030 0.016 0.003 
310    ZFI10    (0)    9 :  0.007 0.006 0.006 0.005 0.007 0.006 0.039 0.824 0.062 0.004 0.025 0.006 0.004 
311    ZFI11    (0)    9 :  0.005 0.008 0.007 0.003 0.006 0.004 0.062 0.732 0.012 0.004 0.146 0.008 0.003 
