

----------------------------------------------------
STRUCTURE by Pritchard, Stephens and Donnelly (2000)
     and Falush, Stephens and Pritchard (2003)
       Code by Pritchard, Falush and Hubisz
             Version 2.3.4 (Jul 2012)
----------------------------------------------------



Command line arguments:   bin\structure -m C:\Users\eschumacher\Documents\GitHub\GCC_QUAC_ZAIN\Data_Files\Structure_Files\ZAIN\ZAIN_rebinned_wild\50-50\mainparams -e C:\Users\eschumacher\Documents\GitHub\GCC_QUAC_ZAIN\Data_Files\Structure_Files\ZAIN\ZAIN_rebinned_wild\50-50\extraparams 
Input File:    C:\Users\eschumacher\Documents\GitHub\GCC_QUAC_ZAIN\Data_Files\Structure_Files\ZAIN\ZAIN_rebinned_wild\project_data

Run parameters:
   751 individuals
   11 loci
   11 populations assumed
   50000 Burn-in period
   50000 Reps


--------------------------------------------
Proportion of membership of each pre-defined
 population in each of the 11 clusters

Given    Inferred Clusters                                                               Number of
 Pop       1      2      3      4      5      6      7      8      9     10     11      Individuals

  1:     0.010  0.004  0.901  0.013  0.004  0.014  0.007  0.027  0.009  0.005  0.006       35
  2:     0.008  0.022  0.007  0.006  0.013  0.005  0.666  0.005  0.021  0.019  0.229       36
  3:     0.013  0.028  0.004  0.006  0.019  0.005  0.770  0.007  0.010  0.008  0.130       33
  4:     0.008  0.009  0.007  0.007  0.009  0.016  0.013  0.008  0.038  0.879  0.008       40
  5:     0.006  0.009  0.004  0.005  0.916  0.003  0.007  0.004  0.006  0.007  0.034       39
  6:     0.294  0.032  0.158  0.284  0.014  0.069  0.053  0.021  0.016  0.029  0.029       40
  7:     0.053  0.022  0.028  0.691  0.011  0.061  0.011  0.042  0.047  0.022  0.011       37
  8:     0.006  0.019  0.006  0.003  0.013  0.004  0.765  0.003  0.006  0.006  0.169       40
  9:     0.007  0.003  0.816  0.007  0.015  0.092  0.005  0.004  0.041  0.005  0.006       28
 10:     0.005  0.006  0.004  0.004  0.005  0.005  0.007  0.006  0.929  0.021  0.008       14
 11:     0.015  0.005  0.009  0.020  0.031  0.011  0.010  0.857  0.021  0.006  0.014       13
 12:     0.006  0.008  0.004  0.004  0.028  0.005  0.015  0.002  0.006  0.022  0.901       14
 13:     0.006  0.043  0.004  0.008  0.011  0.006  0.829  0.013  0.014  0.009  0.057       25
 14:     0.005  0.928  0.006  0.006  0.006  0.005  0.016  0.006  0.005  0.008  0.010       40
 15:     0.020  0.008  0.025  0.012  0.017  0.009  0.020  0.008  0.027  0.802  0.053       32
 16:     0.003  0.003  0.003  0.004  0.003  0.003  0.003  0.970  0.003  0.003  0.003       20
 17:     0.211  0.006  0.611  0.058  0.005  0.065  0.010  0.003  0.014  0.007  0.010        4
 18:     0.034  0.015  0.247  0.014  0.005  0.591  0.054  0.004  0.008  0.015  0.014       23
 19:     0.008  0.004  0.018  0.012  0.006  0.923  0.006  0.004  0.005  0.008  0.006       39
 20:     0.006  0.004  0.011  0.012  0.003  0.898  0.005  0.026  0.027  0.004  0.004       38
 21:     0.011  0.052  0.005  0.006  0.119  0.004  0.038  0.005  0.007  0.009  0.745       45
 22:     0.007  0.026  0.005  0.010  0.117  0.005  0.291  0.017  0.023  0.013  0.487       28
 23:     0.010  0.006  0.473  0.038  0.009  0.423  0.010  0.009  0.005  0.011  0.007        6
 24:     0.883  0.014  0.013  0.028  0.011  0.011  0.007  0.004  0.011  0.006  0.013       40
 25:     0.024  0.011  0.015  0.824  0.010  0.015  0.008  0.041  0.020  0.010  0.023       42
--------------------------------------------

Allele-freq. divergence among pops (Net nucleotide distance),
computed using point estimates of P.

      1       2       3       4       5       6       7       8       9      10      11      
 1      -    0.1723  0.1936  0.0986  0.2438  0.1541  0.1588  0.3455  0.1820  0.1673  0.1196  
 2   0.1723     -    0.3613  0.2675  0.2917  0.3202  0.1121  0.4543  0.2826  0.2009  0.1240  
 3   0.1936  0.3613     -    0.1213  0.2962  0.0744  0.2440  0.3024  0.2603  0.2081  0.2480  
 4   0.0986  0.2675  0.1213     -    0.2018  0.0816  0.1933  0.1805  0.1573  0.1407  0.1588  
 5   0.2438  0.2917  0.2962  0.2018     -    0.2915  0.2432  0.4452  0.2458  0.1979  0.1386  
 6   0.1541  0.3202  0.0744  0.0816  0.2915     -    0.2336  0.2611  0.2191  0.1729  0.2385  
 7   0.1588  0.1121  0.2440  0.1933  0.2432  0.2336     -    0.3754  0.2076  0.2048  0.0486  
 8   0.3455  0.4543  0.3024  0.1805  0.4452  0.2611  0.3754     -    0.3142  0.3449  0.3632  
 9   0.1820  0.2826  0.2603  0.1573  0.2458  0.2191  0.2076  0.3142     -    0.1951  0.1919  
10   0.1673  0.2009  0.2081  0.1407  0.1979  0.1729  0.2048  0.3449  0.1951     -    0.1686  
11   0.1196  0.1240  0.2480  0.1588  0.1386  0.2385  0.0486  0.3632  0.1919  0.1686     -    

Average distances (expected heterozygosity) between individuals in same cluster:
cluster  1  : 0.4547 
cluster  2  : 0.3644 
cluster  3  : 0.4826 
cluster  4  : 0.5499 
cluster  5  : 0.2296 
cluster  6  : 0.4374 
cluster  7  : 0.4039 
cluster  8  : 0.2567 
cluster  9  : 0.2414 
cluster 10  : 0.4016 
cluster 11  : 0.4302 

--------------------------------------------
Estimated Ln Prob of Data   = -13462.0
Mean value of ln likelihood = -13043.8
Variance of ln likelihood   = 836.4
Mean value of alpha         = 0.0324

Mean value of Fst_1         = 0.3096
Mean value of Fst_2         = 0.4457
Mean value of Fst_3         = 0.4072
Mean value of Fst_4         = 0.1260
Mean value of Fst_5         = 0.6692
Mean value of Fst_6         = 0.4166
Mean value of Fst_7         = 0.3849
Mean value of Fst_8         = 0.6226
Mean value of Fst_9         = 0.6380
Mean value of Fst_10         = 0.4035
Mean value of Fst_11         = 0.4255


Inferred ancestry of individuals:
        Label (%Miss) Pop:  Inferred clusters
  1    ZFB01    (0)    1 :  0.003 0.003 0.961 0.003 0.003 0.008 0.004 0.006 0.002 0.004 0.003 
  2    ZFB02    (0)    1 :  0.005 0.003 0.901 0.008 0.002 0.042 0.003 0.014 0.007 0.011 0.003 
  3    ZFB03    (0)    1 :  0.010 0.003 0.892 0.020 0.020 0.016 0.009 0.003 0.005 0.006 0.015 
  4    ZFB04    (0)    1 :  0.003 0.003 0.940 0.005 0.002 0.015 0.004 0.012 0.008 0.005 0.003 
  5    ZFB05    (0)    1 :  0.022 0.010 0.735 0.036 0.010 0.031 0.003 0.095 0.044 0.008 0.005 
  6    ZFB06    (0)    1 :  0.021 0.010 0.795 0.038 0.008 0.019 0.003 0.072 0.023 0.008 0.005 
  7    ZFB07    (9)    1 :  0.011 0.006 0.854 0.040 0.005 0.047 0.007 0.013 0.006 0.004 0.006 
  8    ZFB08    (0)    1 :  0.018 0.006 0.906 0.006 0.005 0.026 0.008 0.003 0.009 0.006 0.007 
  9    ZFB09    (0)    1 :  0.004 0.003 0.964 0.004 0.003 0.007 0.003 0.003 0.003 0.004 0.003 
 10    ZFB10    (0)    1 :  0.005 0.006 0.940 0.004 0.002 0.006 0.014 0.005 0.005 0.005 0.008 
 11    ZFB11    (0)    1 :  0.003 0.003 0.955 0.004 0.002 0.005 0.005 0.012 0.005 0.004 0.003 
 12    ZFB12    (0)    1 :  0.021 0.003 0.899 0.012 0.005 0.014 0.006 0.026 0.003 0.004 0.007 
 13    ZFB13    (0)    1 :  0.012 0.007 0.917 0.007 0.004 0.015 0.011 0.003 0.013 0.004 0.008 
 14    ZFB14    (0)    1 :  0.004 0.003 0.961 0.004 0.003 0.006 0.004 0.003 0.005 0.005 0.003 
 15    ZFB15    (0)    1 :  0.003 0.002 0.964 0.003 0.002 0.009 0.003 0.006 0.003 0.003 0.003 
 16    ZFB16    (0)    1 :  0.008 0.004 0.942 0.005 0.003 0.009 0.007 0.004 0.010 0.003 0.005 
 17    ZFB17    (0)    1 :  0.026 0.009 0.862 0.009 0.002 0.008 0.008 0.023 0.031 0.014 0.009 
 18    ZFB18    (0)    1 :  0.003 0.002 0.969 0.004 0.002 0.004 0.003 0.003 0.003 0.004 0.003 
 19    ZFB19    (0)    1 :  0.066 0.011 0.710 0.064 0.008 0.055 0.039 0.006 0.006 0.004 0.032 
 20    ZFB20    (0)    1 :  0.008 0.004 0.916 0.006 0.003 0.012 0.007 0.016 0.020 0.003 0.005 
 21    ZFB21    (0)    1 :  0.003 0.002 0.959 0.005 0.004 0.009 0.002 0.007 0.004 0.003 0.003 
 22    ZFB22    (0)    1 :  0.011 0.008 0.903 0.008 0.002 0.012 0.007 0.024 0.006 0.008 0.010 
 23    ZFB23    (0)    1 :  0.003 0.002 0.950 0.004 0.003 0.003 0.005 0.015 0.007 0.003 0.003 
 24    ZFB24    (0)    1 :  0.003 0.003 0.946 0.004 0.003 0.006 0.004 0.018 0.007 0.003 0.003 
 25    ZFB25    (0)    1 :  0.003 0.003 0.959 0.003 0.003 0.004 0.009 0.005 0.003 0.004 0.006 
 26    ZFB26    (0)    1 :  0.003 0.003 0.913 0.005 0.003 0.005 0.009 0.037 0.012 0.004 0.005 
 27    ZFB27    (0)    1 :  0.003 0.002 0.899 0.004 0.002 0.005 0.004 0.071 0.003 0.003 0.003 
 28    ZFB28    (0)    1 :  0.011 0.003 0.785 0.023 0.004 0.007 0.005 0.138 0.010 0.007 0.005 
 29    ZFB29    (0)    1 :  0.003 0.002 0.954 0.005 0.002 0.006 0.003 0.010 0.008 0.005 0.002 
 30    ZFB30    (0)    1 :  0.017 0.011 0.662 0.059 0.008 0.015 0.004 0.212 0.004 0.003 0.006 
 31    ZFB31    (0)    1 :  0.004 0.004 0.950 0.004 0.003 0.006 0.009 0.006 0.003 0.005 0.006 
 32    ZFB32    (0)    1 :  0.030 0.004 0.789 0.024 0.007 0.015 0.010 0.069 0.023 0.021 0.008 
 33    ZFB33    (0)    1 :  0.003 0.002 0.965 0.004 0.002 0.007 0.003 0.006 0.003 0.003 0.002 
 34    ZFB34    (0)    1 :  0.004 0.003 0.956 0.004 0.003 0.010 0.004 0.003 0.004 0.006 0.003 
 35    ZFB35    (0)    1 :  0.005 0.003 0.946 0.005 0.004 0.012 0.005 0.005 0.006 0.005 0.004 
 36  ZFBP101    (0)    2 :  0.013 0.035 0.011 0.008 0.014 0.008 0.249 0.003 0.092 0.050 0.517 
 37  ZFBP102    (0)    2 :  0.008 0.013 0.015 0.011 0.004 0.013 0.335 0.003 0.043 0.010 0.545 
 38  ZFBP103    (0)    2 :  0.007 0.011 0.008 0.007 0.018 0.007 0.071 0.003 0.047 0.085 0.737 
 39  ZFBP104    (0)    2 :  0.035 0.007 0.022 0.018 0.007 0.023 0.245 0.003 0.005 0.003 0.631 
 40  ZFBP105    (0)    2 :  0.006 0.005 0.006 0.005 0.012 0.006 0.682 0.005 0.007 0.005 0.260 
 41  ZFBP106    (0)    2 :  0.005 0.009 0.004 0.004 0.019 0.003 0.774 0.003 0.011 0.007 0.161 
 42  ZFBP107    (0)    2 :  0.008 0.004 0.007 0.012 0.015 0.005 0.440 0.029 0.042 0.006 0.432 
 43  ZFBP108    (0)    2 :  0.003 0.004 0.003 0.003 0.006 0.003 0.957 0.003 0.004 0.003 0.011 
 44  ZFBP109    (0)    2 :  0.006 0.006 0.003 0.004 0.004 0.003 0.942 0.002 0.004 0.005 0.020 
 45  ZFBP110    (0)    2 :  0.011 0.005 0.050 0.026 0.067 0.013 0.264 0.003 0.037 0.026 0.497 
 46  ZFBP111    (0)    2 :  0.011 0.109 0.003 0.004 0.011 0.003 0.298 0.003 0.004 0.004 0.549 
 47  ZFBP112    (0)    2 :  0.008 0.046 0.003 0.005 0.012 0.004 0.859 0.006 0.016 0.015 0.027 
 48  ZFBP113    (0)    2 :  0.006 0.004 0.003 0.004 0.003 0.004 0.951 0.004 0.004 0.003 0.015 
 49  ZFBP114    (0)    2 :  0.003 0.009 0.003 0.009 0.005 0.004 0.732 0.012 0.025 0.006 0.193 
 50  ZFBP115    (0)    2 :  0.006 0.011 0.002 0.004 0.017 0.003 0.086 0.003 0.008 0.009 0.851 
 51  ZFBP116    (0)    2 :  0.008 0.005 0.003 0.005 0.005 0.003 0.916 0.005 0.005 0.005 0.041 
 52  ZFBP117    (0)    2 :  0.004 0.007 0.003 0.004 0.006 0.003 0.945 0.002 0.005 0.008 0.015 
 53  ZFBP118    (0)    2 :  0.004 0.015 0.003 0.010 0.004 0.003 0.841 0.014 0.020 0.004 0.082 
 54  ZFBP119    (0)    2 :  0.011 0.017 0.003 0.005 0.019 0.004 0.430 0.002 0.014 0.025 0.470 
 55  ZFBP120    (0)    2 :  0.007 0.005 0.006 0.005 0.012 0.006 0.684 0.004 0.006 0.004 0.261 
 56  ZFBP121    (0)    2 :  0.004 0.005 0.005 0.004 0.008 0.005 0.918 0.003 0.008 0.008 0.032 
 57  ZFBP122    (9)    2 :  0.007 0.011 0.003 0.004 0.006 0.003 0.859 0.003 0.006 0.004 0.093 
 58  ZFBP123    (0)    2 :  0.008 0.014 0.003 0.005 0.005 0.005 0.898 0.006 0.034 0.009 0.013 
 59  ZFBP124    (0)    2 :  0.004 0.004 0.005 0.004 0.005 0.005 0.940 0.004 0.007 0.004 0.019 
 60  ZFBP125    (0)    2 :  0.004 0.014 0.002 0.003 0.009 0.002 0.923 0.003 0.006 0.006 0.028 
 61  ZFBP126    (0)    2 :  0.023 0.006 0.011 0.017 0.004 0.011 0.737 0.003 0.023 0.021 0.144 
 62  ZFBP127    (0)    2 :  0.003 0.005 0.003 0.004 0.084 0.003 0.677 0.003 0.006 0.019 0.192 
 63  ZFBP128    (0)    2 :  0.004 0.028 0.004 0.003 0.018 0.003 0.888 0.002 0.007 0.019 0.024 
 64  ZFBP129    (0)    2 :  0.005 0.122 0.004 0.006 0.007 0.005 0.825 0.003 0.008 0.009 0.008 
 65  ZFBP130    (0)    2 :  0.008 0.069 0.002 0.003 0.013 0.002 0.816 0.004 0.011 0.026 0.046 
 66  ZFBP131    (0)    2 :  0.005 0.004 0.003 0.004 0.003 0.004 0.961 0.004 0.003 0.003 0.005 
 67  ZFBP132    (0)    2 :  0.003 0.004 0.004 0.003 0.013 0.003 0.946 0.003 0.004 0.004 0.013 
 68  ZFBP133    (0)    2 :  0.005 0.099 0.002 0.002 0.003 0.003 0.865 0.002 0.003 0.007 0.008 
 69  ZFBP134    (0)    2 :  0.010 0.012 0.004 0.003 0.006 0.003 0.056 0.003 0.003 0.016 0.884 
 70  ZFBP135    (0)    2 :  0.008 0.014 0.017 0.007 0.017 0.009 0.507 0.002 0.062 0.188 0.170 
 71  ZFBP136    (0)    2 :  0.006 0.037 0.004 0.005 0.018 0.004 0.464 0.009 0.160 0.044 0.249 
 72  ZFBP201    (0)    3 :  0.007 0.004 0.005 0.006 0.011 0.005 0.928 0.009 0.005 0.005 0.015 
 73  ZFBP202    (0)    3 :  0.005 0.009 0.005 0.004 0.008 0.005 0.916 0.003 0.004 0.004 0.037 
 74  ZFBP203    (0)    3 :  0.025 0.016 0.005 0.022 0.005 0.012 0.821 0.063 0.008 0.005 0.018 
 75  ZFBP204    (0)    3 :  0.009 0.021 0.004 0.006 0.017 0.005 0.604 0.005 0.040 0.013 0.277 
 76  ZFBP205    (0)    3 :  0.005 0.009 0.002 0.003 0.003 0.004 0.944 0.005 0.011 0.006 0.007 
 77  ZFBP206    (0)    3 :  0.010 0.032 0.003 0.004 0.004 0.006 0.896 0.007 0.023 0.007 0.008 
 78  ZFBP207    (0)    3 :  0.005 0.008 0.004 0.004 0.079 0.004 0.604 0.004 0.007 0.012 0.269 
 79  ZFBP208    (0)    3 :  0.012 0.008 0.003 0.006 0.003 0.006 0.915 0.014 0.015 0.006 0.012 
 80  ZFBP209    (0)    3 :  0.005 0.062 0.002 0.003 0.003 0.003 0.901 0.002 0.003 0.008 0.007 
 81  ZFBP210    (0)    3 :  0.010 0.009 0.004 0.005 0.009 0.004 0.922 0.010 0.006 0.004 0.015 
 82  ZFBP211    (0)    3 :  0.004 0.005 0.005 0.004 0.009 0.005 0.941 0.003 0.008 0.005 0.011 
 83  ZFBP212    (0)    3 :  0.004 0.006 0.006 0.003 0.040 0.004 0.660 0.003 0.003 0.003 0.268 
 84  ZFBP213    (0)    3 :  0.009 0.010 0.005 0.005 0.009 0.010 0.905 0.005 0.026 0.008 0.009 
 85  ZFBP214    (0)    3 :  0.034 0.100 0.007 0.009 0.037 0.010 0.700 0.005 0.022 0.041 0.034 
 86  ZFBP215    (0)    3 :  0.004 0.007 0.003 0.003 0.006 0.003 0.951 0.002 0.005 0.005 0.011 
 87  ZFBP216    (0)    3 :  0.024 0.006 0.004 0.009 0.005 0.005 0.739 0.007 0.006 0.005 0.189 
 88  ZFBP217    (0)    3 :  0.021 0.203 0.007 0.006 0.040 0.005 0.592 0.005 0.005 0.007 0.110 
 89  ZFBP218    (0)    3 :  0.005 0.010 0.002 0.003 0.003 0.003 0.948 0.004 0.003 0.003 0.015 
 90  ZFBP219    (0)    3 :  0.006 0.004 0.002 0.004 0.003 0.003 0.953 0.004 0.004 0.003 0.013 
 91  ZFBP220    (0)    3 :  0.007 0.038 0.003 0.004 0.013 0.003 0.587 0.004 0.007 0.018 0.316 
 92  ZFBP221    (0)    3 :  0.005 0.008 0.004 0.003 0.007 0.003 0.441 0.004 0.002 0.003 0.519 
 93  ZFBP222    (0)    3 :  0.007 0.007 0.003 0.004 0.003 0.004 0.949 0.005 0.005 0.007 0.006 
 94  ZFBP223    (0)    3 :  0.005 0.010 0.009 0.007 0.181 0.004 0.586 0.006 0.010 0.008 0.175 
 95  ZFBP224    (0)    3 :  0.006 0.005 0.003 0.005 0.005 0.006 0.935 0.004 0.014 0.005 0.013 
 96  ZFBP225    (0)    3 :  0.013 0.221 0.003 0.007 0.017 0.004 0.221 0.010 0.010 0.014 0.479 
 97  ZFBP226    (0)    3 :  0.005 0.005 0.003 0.004 0.004 0.004 0.936 0.004 0.005 0.004 0.025 
 98  ZFBP227    (0)    3 :  0.132 0.006 0.012 0.032 0.009 0.020 0.390 0.004 0.011 0.005 0.379 
 99  ZFBP228    (0)    3 :  0.004 0.007 0.004 0.004 0.061 0.004 0.341 0.003 0.005 0.017 0.550 
100  ZFBP229    (0)    3 :  0.007 0.019 0.003 0.003 0.005 0.003 0.887 0.003 0.003 0.006 0.060 
101  ZFBP230    (0)    3 :  0.009 0.035 0.003 0.005 0.010 0.003 0.491 0.003 0.008 0.027 0.407 
102  ZFBP231    (0)    3 :  0.005 0.005 0.004 0.004 0.007 0.004 0.939 0.004 0.014 0.004 0.010 
103  ZFBP232    (0)    3 :  0.003 0.006 0.003 0.003 0.003 0.003 0.956 0.003 0.005 0.004 0.010 
104  ZFBP233    (0)    3 :  0.008 0.013 0.005 0.005 0.006 0.005 0.917 0.004 0.009 0.005 0.023 
105   ZFCC01    (0)    4 :  0.004 0.004 0.005 0.004 0.005 0.014 0.004 0.004 0.009 0.943 0.003 
106   ZFCC03    (0)    4 :  0.003 0.004 0.003 0.003 0.009 0.005 0.004 0.003 0.005 0.957 0.003 
107   ZFCC04    (0)    4 :  0.004 0.006 0.004 0.004 0.006 0.006 0.004 0.003 0.012 0.947 0.004 
108   ZFCC05    (0)    4 :  0.007 0.007 0.006 0.006 0.017 0.010 0.006 0.004 0.049 0.881 0.006 
109   ZFCC08    (0)    4 :  0.007 0.016 0.002 0.003 0.005 0.006 0.012 0.002 0.008 0.929 0.009 
110   ZFCC09    (0)    4 :  0.003 0.003 0.004 0.004 0.008 0.006 0.004 0.003 0.007 0.955 0.004 
111   ZFCC10    (0)    4 :  0.004 0.004 0.004 0.004 0.004 0.016 0.004 0.004 0.008 0.945 0.003 
112   ZFCC11    (0)    4 :  0.004 0.004 0.004 0.004 0.012 0.007 0.005 0.004 0.009 0.944 0.004 
113   ZFCC12    (0)    4 :  0.008 0.007 0.008 0.019 0.007 0.111 0.005 0.005 0.037 0.786 0.007 
114   ZFCC13    (0)    4 :  0.010 0.007 0.003 0.005 0.009 0.005 0.009 0.009 0.008 0.925 0.010 
115   ZFCC14    (0)    4 :  0.004 0.007 0.008 0.005 0.005 0.008 0.008 0.006 0.020 0.924 0.004 
116   ZFCC15    (0)    4 :  0.008 0.004 0.004 0.005 0.005 0.005 0.004 0.004 0.005 0.952 0.004 
117   ZFCC16    (0)    4 :  0.005 0.004 0.004 0.004 0.004 0.006 0.003 0.003 0.016 0.947 0.003 
118   ZFCC17    (0)    4 :  0.004 0.004 0.006 0.006 0.006 0.008 0.003 0.009 0.054 0.898 0.003 
119   ZFCC18    (0)    4 :  0.004 0.006 0.004 0.004 0.009 0.008 0.004 0.004 0.008 0.945 0.004 
120   ZFCC19    (0)    4 :  0.007 0.003 0.005 0.006 0.003 0.005 0.003 0.009 0.010 0.947 0.003 
121   ZFCC20    (0)    4 :  0.007 0.005 0.004 0.004 0.007 0.005 0.003 0.002 0.011 0.946 0.006 
122   ZFCC21    (0)    4 :  0.065 0.030 0.005 0.005 0.003 0.007 0.037 0.007 0.012 0.815 0.012 
123   ZFCC22    (0)    4 :  0.009 0.052 0.003 0.003 0.006 0.010 0.185 0.006 0.011 0.646 0.069 
124   ZFCC26    (0)    4 :  0.004 0.004 0.005 0.004 0.004 0.006 0.003 0.003 0.008 0.956 0.003 
125   ZFCC27    (0)    4 :  0.003 0.003 0.003 0.004 0.007 0.004 0.003 0.003 0.005 0.961 0.003 
126   ZFCC29    (0)    4 :  0.010 0.005 0.009 0.005 0.005 0.006 0.004 0.004 0.019 0.928 0.005 
127   ZFCC30    (0)    4 :  0.004 0.005 0.003 0.003 0.011 0.003 0.003 0.003 0.007 0.953 0.004 
128   ZFCC32    (0)    4 :  0.010 0.005 0.004 0.006 0.006 0.010 0.004 0.007 0.010 0.933 0.005 
129   ZFCC33    (0)    4 :  0.005 0.004 0.010 0.009 0.007 0.007 0.004 0.004 0.320 0.625 0.004 
130   ZFCC34    (0)    4 :  0.008 0.018 0.021 0.006 0.059 0.024 0.069 0.009 0.058 0.688 0.042 
131   ZFCC35    (0)    4 :  0.003 0.004 0.002 0.003 0.003 0.003 0.004 0.005 0.007 0.961 0.004 
132   ZFCC36    (0)    4 :  0.013 0.009 0.004 0.006 0.004 0.005 0.007 0.016 0.012 0.915 0.008 
133   ZFCC37    (0)    4 :  0.011 0.007 0.008 0.021 0.008 0.106 0.009 0.005 0.031 0.786 0.009 
134   ZFCC40    (0)    4 :  0.003 0.004 0.004 0.004 0.003 0.007 0.006 0.014 0.015 0.937 0.004 
135   ZFCC42    (0)    4 :  0.006 0.005 0.067 0.067 0.035 0.101 0.005 0.089 0.562 0.055 0.008 
136   ZFCC44    (0)    4 :  0.003 0.003 0.003 0.004 0.010 0.003 0.003 0.008 0.015 0.946 0.003 
137   ZFCC45    (9)    4 :  0.008 0.004 0.007 0.016 0.010 0.023 0.005 0.019 0.048 0.854 0.005 
138   ZFCC46    (0)    4 :  0.008 0.030 0.003 0.003 0.009 0.003 0.011 0.004 0.014 0.898 0.015 
139   ZFCC47    (0)    4 :  0.005 0.006 0.006 0.006 0.006 0.069 0.005 0.003 0.008 0.881 0.005 
140   ZFCC48    (0)    4 :  0.014 0.035 0.004 0.004 0.004 0.005 0.027 0.004 0.016 0.877 0.012 
141   ZFCC50    (0)    4 :  0.004 0.003 0.004 0.004 0.003 0.005 0.003 0.004 0.010 0.957 0.003 
142   ZFCC51    (0)    4 :  0.003 0.003 0.004 0.003 0.010 0.004 0.003 0.002 0.004 0.960 0.003 
143   ZFCC52    (0)    4 :  0.007 0.014 0.004 0.004 0.006 0.006 0.014 0.006 0.041 0.887 0.011 
144   ZFCC53    (0)    4 :  0.003 0.003 0.004 0.003 0.006 0.004 0.003 0.003 0.005 0.964 0.003 
145  ZFCNS01    (0)    5 :  0.044 0.003 0.002 0.031 0.838 0.005 0.006 0.030 0.003 0.006 0.031 
146  ZFCNS02    (0)    5 :  0.003 0.005 0.002 0.003 0.967 0.003 0.003 0.002 0.003 0.005 0.004 
147  ZFCNS05    (0)    5 :  0.005 0.005 0.005 0.003 0.949 0.004 0.007 0.002 0.006 0.007 0.008 
148  ZFCNS06    (0)    5 :  0.003 0.004 0.003 0.003 0.964 0.003 0.004 0.002 0.004 0.006 0.005 
149  ZFCNS07    (0)    5 :  0.003 0.009 0.003 0.003 0.958 0.003 0.006 0.002 0.003 0.004 0.006 
150  ZFCNS10    (0)    5 :  0.003 0.005 0.003 0.003 0.948 0.002 0.008 0.005 0.003 0.004 0.016 
151  ZFCNS11    (0)    5 :  0.020 0.004 0.002 0.013 0.914 0.005 0.005 0.013 0.003 0.006 0.013 
152  ZFCNS15    (0)    5 :  0.004 0.007 0.004 0.004 0.913 0.003 0.015 0.002 0.005 0.003 0.041 
153  ZFCNS17    (0)    5 :  0.003 0.004 0.002 0.003 0.966 0.002 0.004 0.002 0.004 0.005 0.005 
154  ZFCNS18    (0)    5 :  0.003 0.004 0.003 0.003 0.949 0.003 0.008 0.004 0.003 0.005 0.014 
155  ZFCNS19    (0)    5 :  0.003 0.003 0.003 0.003 0.969 0.003 0.003 0.002 0.003 0.005 0.004 
156  ZFCNS20    (0)    5 :  0.004 0.013 0.003 0.003 0.937 0.003 0.010 0.003 0.007 0.005 0.012 
157  ZFCNS21    (0)    5 :  0.003 0.002 0.002 0.003 0.970 0.002 0.003 0.002 0.004 0.004 0.005 
158  ZFCNS22    (0)    5 :  0.005 0.005 0.005 0.004 0.940 0.004 0.011 0.002 0.005 0.006 0.013 
159  ZFCNS23    (0)    5 :  0.010 0.012 0.004 0.007 0.897 0.007 0.006 0.013 0.025 0.014 0.005 
160  ZFCNS24    (0)    5 :  0.004 0.006 0.002 0.003 0.950 0.003 0.006 0.002 0.008 0.008 0.007 
161  ZFCNS25    (0)    5 :  0.004 0.010 0.003 0.003 0.937 0.003 0.009 0.002 0.008 0.006 0.014 
162  ZFCNS26    (0)    5 :  0.003 0.004 0.003 0.003 0.967 0.003 0.004 0.002 0.003 0.003 0.006 
163  ZFCNS27    (0)    5 :  0.004 0.008 0.003 0.004 0.895 0.003 0.022 0.002 0.006 0.003 0.049 
164  ZFCNS28    (0)    5 :  0.003 0.004 0.004 0.003 0.966 0.003 0.004 0.002 0.003 0.004 0.005 
165  ZFCNS29    (0)    5 :  0.004 0.004 0.004 0.004 0.949 0.003 0.007 0.002 0.007 0.008 0.008 
166  ZFCNS30    (0)    5 :  0.004 0.003 0.004 0.004 0.955 0.004 0.005 0.002 0.005 0.006 0.008 
167  ZFCNS31    (0)    5 :  0.003 0.004 0.003 0.003 0.968 0.003 0.004 0.002 0.003 0.003 0.005 
168  ZFCNS32    (0)    5 :  0.004 0.006 0.003 0.003 0.952 0.003 0.006 0.002 0.006 0.004 0.010 
169  ZFCNS33    (0)    5 :  0.003 0.004 0.003 0.003 0.968 0.003 0.003 0.002 0.003 0.004 0.004 
170  ZFCNS34    (0)    5 :  0.004 0.004 0.004 0.003 0.950 0.004 0.004 0.002 0.007 0.011 0.006 
171  ZFCNS35    (0)    5 :  0.004 0.004 0.027 0.003 0.894 0.009 0.016 0.002 0.003 0.010 0.028 
172  ZFCNS36    (0)    5 :  0.004 0.008 0.002 0.003 0.947 0.003 0.006 0.002 0.008 0.009 0.007 
173  ZFCNS37    (0)    5 :  0.005 0.008 0.003 0.008 0.858 0.003 0.006 0.002 0.006 0.005 0.095 
174  ZFCNS39    (0)    5 :  0.013 0.021 0.002 0.005 0.893 0.002 0.008 0.005 0.007 0.017 0.027 
175  ZFCNS40    (0)    5 :  0.009 0.119 0.002 0.006 0.693 0.003 0.008 0.003 0.012 0.028 0.118 
176  ZFCNS41    (0)    5 :  0.011 0.006 0.006 0.008 0.281 0.007 0.017 0.004 0.012 0.015 0.633 
177  ZFCNS42    (0)    5 :  0.003 0.003 0.003 0.003 0.967 0.002 0.004 0.002 0.003 0.003 0.006 
178  ZFCNS43    (0)    5 :  0.003 0.003 0.002 0.003 0.970 0.003 0.003 0.002 0.003 0.004 0.005 
179  ZFCNS44    (0)    5 :  0.003 0.003 0.003 0.003 0.947 0.002 0.007 0.004 0.003 0.005 0.018 
180  ZFCNS46    (0)    5 :  0.004 0.004 0.003 0.004 0.954 0.004 0.006 0.002 0.006 0.005 0.008 
181  ZFCNS47    (0)    5 :  0.003 0.003 0.002 0.003 0.970 0.003 0.003 0.002 0.003 0.004 0.005 
182  ZFCNS48    (0)    5 :  0.005 0.006 0.004 0.004 0.919 0.003 0.011 0.004 0.005 0.007 0.032 
183  ZFCNS49    (0)    5 :  0.003 0.004 0.004 0.003 0.912 0.002 0.013 0.004 0.003 0.003 0.048 
184   ZFCR01    (0)    6 :  0.008 0.018 0.020 0.704 0.003 0.172 0.033 0.005 0.003 0.027 0.007 
185   ZFCR02    (0)    6 :  0.043 0.060 0.491 0.183 0.007 0.009 0.058 0.017 0.048 0.067 0.017 
186   ZFCR03    (0)    6 :  0.265 0.033 0.209 0.052 0.003 0.191 0.097 0.040 0.065 0.037 0.009 
187   ZFCR04    (0)    6 :  0.052 0.045 0.446 0.223 0.015 0.088 0.027 0.030 0.006 0.021 0.046 
188   ZFCR05    (0)    6 :  0.339 0.008 0.131 0.297 0.004 0.113 0.007 0.017 0.006 0.072 0.006 
189   ZFCR06    (0)    6 :  0.043 0.036 0.118 0.458 0.072 0.032 0.089 0.004 0.006 0.034 0.108 
190   ZFCR07    (0)    6 :  0.474 0.004 0.046 0.302 0.055 0.017 0.008 0.007 0.043 0.012 0.031 
191   ZFCR08    (0)    6 :  0.009 0.035 0.021 0.623 0.005 0.112 0.027 0.031 0.032 0.092 0.014 
192   ZFCR09    (0)    6 :  0.042 0.030 0.225 0.080 0.014 0.239 0.091 0.119 0.026 0.042 0.093 
193   ZFCR11    (0)    6 :  0.243 0.003 0.219 0.190 0.011 0.144 0.038 0.009 0.004 0.013 0.126 
194   ZFCR12    (0)    6 :  0.465 0.023 0.042 0.196 0.144 0.005 0.017 0.005 0.010 0.017 0.076 
195   ZFCR13    (0)    6 :  0.512 0.006 0.020 0.305 0.008 0.005 0.115 0.004 0.007 0.007 0.012 
196   ZFCR14    (0)    6 :  0.501 0.037 0.083 0.292 0.006 0.019 0.009 0.012 0.008 0.023 0.008 
197   ZFCR15    (0)    6 :  0.125 0.126 0.239 0.406 0.005 0.016 0.022 0.012 0.014 0.019 0.016 
198   ZFCR16    (0)    6 :  0.068 0.046 0.277 0.535 0.003 0.013 0.025 0.004 0.004 0.014 0.011 
199   ZFCR18    (0)    6 :  0.009 0.017 0.774 0.019 0.013 0.006 0.028 0.004 0.088 0.027 0.014 
200   ZFCR19    (0)    6 :  0.062 0.349 0.208 0.026 0.005 0.292 0.021 0.005 0.007 0.015 0.010 
201   ZFCR20    (0)    6 :  0.219 0.011 0.100 0.082 0.005 0.434 0.087 0.005 0.030 0.010 0.018 
202   ZFCR21    (0)    6 :  0.643 0.017 0.038 0.227 0.003 0.013 0.010 0.004 0.006 0.028 0.010 
203   ZFCR22    (0)    6 :  0.815 0.013 0.046 0.090 0.003 0.005 0.009 0.003 0.006 0.004 0.006 
204   ZFCR23    (0)    6 :  0.438 0.006 0.067 0.191 0.004 0.013 0.149 0.053 0.003 0.004 0.072 
205   ZFCR24    (9)    6 :  0.229 0.006 0.072 0.070 0.004 0.073 0.513 0.005 0.011 0.008 0.010 
206   ZFCR25    (0)    6 :  0.611 0.003 0.042 0.256 0.003 0.058 0.003 0.003 0.007 0.009 0.005 
207   ZFCR26    (0)    6 :  0.689 0.029 0.005 0.024 0.007 0.163 0.021 0.005 0.012 0.029 0.016 
208   ZFCR27    (9)    6 :  0.039 0.003 0.016 0.840 0.003 0.079 0.004 0.003 0.003 0.006 0.003 
209   ZFCR28    (0)    6 :  0.011 0.113 0.005 0.585 0.025 0.008 0.198 0.007 0.007 0.012 0.028 
210   ZFCR29    (0)    6 :  0.761 0.005 0.145 0.024 0.002 0.031 0.009 0.005 0.004 0.008 0.006 
211   ZFCR30    (0)    6 :  0.844 0.005 0.025 0.082 0.005 0.011 0.004 0.011 0.005 0.005 0.005 
212   ZFCR31    (0)    6 :  0.073 0.029 0.413 0.038 0.043 0.082 0.124 0.015 0.028 0.017 0.139 
213   ZFCR33    (0)    6 :  0.018 0.010 0.007 0.847 0.006 0.038 0.010 0.012 0.010 0.029 0.012 
214   ZFCR34    (0)    6 :  0.553 0.012 0.207 0.093 0.011 0.009 0.025 0.025 0.005 0.019 0.042 
215   ZFCR35    (0)    6 :  0.023 0.010 0.854 0.028 0.012 0.011 0.008 0.007 0.010 0.024 0.012 
216   ZFCR36    (0)    6 :  0.493 0.005 0.340 0.066 0.013 0.020 0.008 0.033 0.005 0.009 0.008 
217   ZFCR37    (0)    6 :  0.643 0.004 0.043 0.138 0.004 0.066 0.004 0.018 0.017 0.058 0.004 
218   ZFCR38    (0)    6 :  0.025 0.015 0.007 0.794 0.008 0.071 0.007 0.006 0.010 0.047 0.009 
219   ZFCR39    (0)    6 :  0.012 0.038 0.031 0.455 0.003 0.028 0.056 0.203 0.041 0.111 0.023 
220   ZFCR40    (0)    6 :  0.103 0.005 0.027 0.726 0.004 0.019 0.012 0.043 0.006 0.038 0.016 
221   ZFCR41    (0)    6 :  0.492 0.022 0.036 0.219 0.017 0.009 0.007 0.004 0.007 0.100 0.086 
222   ZFCR42    (0)    6 :  0.451 0.026 0.021 0.290 0.012 0.021 0.028 0.052 0.012 0.058 0.030 
223   ZFCR43    (0)    6 :  0.307 0.007 0.221 0.300 0.005 0.011 0.123 0.006 0.005 0.006 0.009 
224  ZFENP25    (0)    7 :  0.007 0.011 0.005 0.894 0.003 0.036 0.011 0.005 0.006 0.017 0.005 
225  ZFENP26    (0)    7 :  0.004 0.003 0.006 0.957 0.003 0.006 0.003 0.006 0.004 0.004 0.004 
226  ZFENP27    (0)    7 :  0.009 0.013 0.017 0.383 0.060 0.191 0.020 0.017 0.039 0.214 0.038 
227  ZFENP28    (0)    7 :  0.012 0.004 0.008 0.898 0.009 0.033 0.004 0.008 0.005 0.012 0.005 
228  ZFENP29    (0)    7 :  0.008 0.003 0.005 0.946 0.004 0.005 0.004 0.006 0.006 0.008 0.004 
229  ZFENP30    (0)    7 :  0.012 0.007 0.008 0.819 0.010 0.011 0.005 0.011 0.084 0.027 0.005 
230  ZFENP31    (0)    7 :  0.015 0.004 0.037 0.310 0.006 0.053 0.005 0.195 0.357 0.013 0.005 
231  ZFENP32    (0)    7 :  0.013 0.008 0.329 0.247 0.024 0.063 0.016 0.135 0.134 0.013 0.018 
232  ZFENP33    (0)    7 :  0.032 0.003 0.013 0.829 0.005 0.056 0.007 0.009 0.034 0.006 0.006 
233  ZFENP34    (0)    7 :  0.009 0.005 0.045 0.394 0.013 0.442 0.008 0.006 0.051 0.021 0.007 
234  ZFENP35    (0)    7 :  0.008 0.005 0.015 0.840 0.013 0.008 0.009 0.075 0.007 0.005 0.016 
235  ZFENP36    (0)    7 :  0.008 0.002 0.009 0.934 0.010 0.008 0.003 0.012 0.007 0.003 0.004 
236  ZFENP37    (0)    7 :  0.032 0.004 0.018 0.695 0.011 0.170 0.008 0.034 0.009 0.009 0.010 
237  ZFENP38    (0)    7 :  0.399 0.005 0.009 0.464 0.020 0.028 0.006 0.023 0.017 0.021 0.009 
238  ZFENP39    (0)    7 :  0.015 0.003 0.015 0.912 0.005 0.015 0.004 0.009 0.005 0.012 0.005 
239  ZFENP40    (0)    7 :  0.007 0.004 0.016 0.889 0.006 0.020 0.008 0.025 0.011 0.009 0.006 
240  ZFENP41    (0)    7 :  0.006 0.008 0.017 0.826 0.009 0.011 0.006 0.024 0.037 0.049 0.007 
241  ZFENP42    (0)    7 :  0.048 0.004 0.003 0.702 0.003 0.005 0.003 0.211 0.009 0.006 0.005 
242  ZFENP43    (0)    7 :  0.087 0.005 0.007 0.657 0.060 0.081 0.007 0.015 0.008 0.038 0.034 
243  ZFENP44    (0)    7 :  0.031 0.003 0.005 0.759 0.014 0.017 0.011 0.102 0.021 0.017 0.020 
244  ZFENP45    (0)    7 :  0.043 0.326 0.008 0.361 0.012 0.017 0.028 0.146 0.022 0.019 0.019 
245  ZFENP46    (0)    7 :  0.067 0.005 0.009 0.813 0.008 0.035 0.013 0.017 0.012 0.003 0.020 
246  ZFENP47    (0)    7 :  0.009 0.132 0.120 0.364 0.004 0.028 0.015 0.203 0.030 0.088 0.006 
247  ZFENP48    (0)    7 :  0.011 0.012 0.011 0.076 0.014 0.630 0.015 0.009 0.186 0.028 0.008 
248  ZFENP49    (0)    7 :  0.025 0.017 0.067 0.632 0.006 0.019 0.020 0.005 0.187 0.011 0.010 
249  ZFENP50    (0)    7 :  0.094 0.008 0.006 0.763 0.004 0.010 0.040 0.047 0.005 0.005 0.018 
250  ZFENP51    (0)    7 :  0.018 0.034 0.036 0.730 0.004 0.089 0.003 0.047 0.029 0.005 0.004 
251  ZFENP52    (0)    7 :  0.011 0.004 0.003 0.922 0.011 0.004 0.004 0.009 0.007 0.010 0.013 
252  ZFENP53    (0)    7 :  0.024 0.028 0.007 0.832 0.010 0.011 0.033 0.017 0.008 0.008 0.022 
253  ZFENP54    (0)    7 :  0.035 0.012 0.029 0.779 0.004 0.009 0.058 0.008 0.026 0.018 0.021 
254  ZFENP55    (0)    7 :  0.666 0.004 0.034 0.214 0.004 0.044 0.005 0.011 0.010 0.003 0.005 
255  ZFENP56    (0)    7 :  0.086 0.006 0.014 0.830 0.011 0.015 0.004 0.006 0.012 0.007 0.009 
256  ZFENP57    (0)    7 :  0.023 0.002 0.014 0.838 0.012 0.020 0.005 0.061 0.015 0.004 0.007 
257  ZFENP58    (0)    7 :  0.042 0.117 0.026 0.443 0.016 0.008 0.008 0.005 0.301 0.021 0.013 
258  ZFENP59    (0)    7 :  0.009 0.004 0.014 0.851 0.005 0.011 0.005 0.024 0.024 0.051 0.004 
259  ZFENP60    (0)    7 :  0.013 0.014 0.033 0.850 0.007 0.032 0.010 0.016 0.006 0.011 0.008 
260  ZFENP61    (0)    7 :  0.009 0.003 0.021 0.916 0.004 0.014 0.003 0.006 0.007 0.012 0.003 
261 ZFFDSP01    (0)    8 :  0.006 0.022 0.006 0.003 0.015 0.005 0.791 0.003 0.004 0.005 0.139 
262 ZFFDSP02    (0)    8 :  0.004 0.005 0.003 0.003 0.004 0.003 0.954 0.002 0.003 0.005 0.013 
263 ZFFDSP04    (0)    8 :  0.005 0.013 0.005 0.002 0.003 0.003 0.937 0.002 0.003 0.005 0.021 
264 ZFFDSP05    (0)    8 :  0.007 0.010 0.004 0.004 0.006 0.003 0.551 0.003 0.003 0.004 0.404 
265 ZFFDSP06    (0)    8 :  0.005 0.012 0.003 0.002 0.003 0.003 0.942 0.002 0.003 0.007 0.017 
266 ZFFDSP07    (0)    8 :  0.009 0.024 0.003 0.004 0.004 0.004 0.910 0.005 0.020 0.011 0.007 
267 ZFFDSP08    (0)    8 :  0.009 0.075 0.003 0.005 0.012 0.003 0.801 0.004 0.029 0.011 0.047 
268 ZFFDSP10    (0)    8 :  0.007 0.012 0.004 0.004 0.006 0.003 0.913 0.003 0.007 0.005 0.034 
269 ZFFDSP11    (0)    8 :  0.008 0.009 0.005 0.003 0.004 0.004 0.918 0.004 0.003 0.004 0.039 
270 ZFFDSP12    (0)    8 :  0.004 0.008 0.002 0.003 0.005 0.003 0.955 0.002 0.005 0.003 0.010 
271 ZFFDSP13    (0)    8 :  0.007 0.005 0.003 0.005 0.012 0.003 0.037 0.004 0.009 0.008 0.907 
272 ZFFDSP14    (0)    8 :  0.006 0.015 0.003 0.003 0.004 0.004 0.943 0.003 0.006 0.006 0.007 
273 ZFFDSP16    (0)    8 :  0.008 0.004 0.006 0.007 0.014 0.005 0.913 0.004 0.004 0.008 0.026 
274 ZFFDSP17    (0)    8 :  0.008 0.010 0.004 0.004 0.004 0.004 0.931 0.002 0.005 0.006 0.023 
275 ZFFDSP18    (0)    8 :  0.004 0.014 0.006 0.003 0.005 0.004 0.942 0.002 0.003 0.007 0.010 
276 ZFFDSP19    (0)    8 :  0.004 0.024 0.004 0.003 0.131 0.005 0.742 0.002 0.004 0.027 0.053 
277 ZFFDSP21    (0)    8 :  0.004 0.009 0.003 0.003 0.071 0.005 0.536 0.003 0.004 0.018 0.343 
278 ZFFDSP22    (0)    8 :  0.005 0.065 0.002 0.003 0.004 0.003 0.893 0.002 0.004 0.006 0.013 
279 ZFFDSP23    (0)    8 :  0.006 0.169 0.002 0.003 0.011 0.004 0.640 0.002 0.003 0.005 0.154 
280 ZFFDSP24    (0)    8 :  0.005 0.008 0.006 0.003 0.011 0.004 0.598 0.003 0.005 0.005 0.353 
281 ZFFDSP26    (9)    8 :  0.006 0.014 0.004 0.003 0.006 0.003 0.769 0.003 0.004 0.005 0.183 
282 ZFFDSP27    (0)    8 :  0.004 0.006 0.005 0.003 0.007 0.004 0.926 0.002 0.004 0.004 0.035 
283 ZFFDSP28    (0)    8 :  0.016 0.009 0.039 0.008 0.006 0.027 0.815 0.007 0.020 0.008 0.046 
284 ZFFDSP30    (0)    8 :  0.010 0.009 0.054 0.004 0.036 0.008 0.358 0.010 0.010 0.007 0.494 
285 ZFFDSP31    (0)    8 :  0.005 0.006 0.003 0.004 0.007 0.005 0.941 0.002 0.005 0.005 0.016 
286 ZFFDSP32    (0)    8 :  0.004 0.006 0.003 0.003 0.004 0.003 0.952 0.003 0.005 0.003 0.014 
287 ZFFDSP33    (0)    8 :  0.004 0.006 0.003 0.003 0.004 0.003 0.945 0.003 0.003 0.002 0.023 
288 ZFFDSP34    (0)    8 :  0.005 0.011 0.003 0.003 0.006 0.003 0.938 0.002 0.004 0.007 0.018 
289 ZFFDSP35    (0)    8 :  0.006 0.008 0.006 0.003 0.006 0.004 0.625 0.003 0.004 0.005 0.332 
290 ZFFDSP37    (0)    8 :  0.004 0.005 0.004 0.003 0.006 0.004 0.937 0.002 0.004 0.004 0.027 
291 ZFFDSP38    (0)    8 :  0.004 0.005 0.005 0.003 0.007 0.004 0.948 0.003 0.004 0.004 0.014 
292 ZFFDSP39    (0)    8 :  0.004 0.008 0.004 0.003 0.007 0.002 0.236 0.002 0.003 0.003 0.729 
293 ZFFDSP40    (0)    8 :  0.004 0.005 0.006 0.003 0.010 0.003 0.524 0.003 0.003 0.004 0.435 
294 ZFFDSP42    (0)    8 :  0.006 0.082 0.004 0.003 0.010 0.003 0.781 0.002 0.004 0.006 0.099 
295 ZFFDSP43    (0)    8 :  0.003 0.009 0.004 0.003 0.010 0.003 0.922 0.002 0.003 0.004 0.036 
296 ZFFDSP44    (0)    8 :  0.005 0.006 0.005 0.003 0.010 0.004 0.724 0.003 0.005 0.004 0.232 
297 ZFFDSP45    (0)    8 :  0.005 0.005 0.005 0.003 0.008 0.003 0.926 0.002 0.004 0.005 0.034 
298 ZFFDSP46    (0)    8 :  0.005 0.009 0.005 0.004 0.010 0.004 0.902 0.002 0.004 0.005 0.051 
299 ZFFDSP47    (0)    8 :  0.005 0.013 0.004 0.003 0.012 0.003 0.225 0.003 0.004 0.004 0.723 
300 ZFFDSP48    (0)    8 :  0.004 0.006 0.004 0.003 0.014 0.003 0.340 0.003 0.004 0.004 0.615 
301    ZFI01    (0)    9 :  0.010 0.004 0.805 0.011 0.008 0.119 0.005 0.008 0.014 0.009 0.005 
302    ZFI02    (0)    9 :  0.007 0.005 0.880 0.006 0.010 0.070 0.006 0.004 0.004 0.004 0.005 
303    ZFI03    (0)    9 :  0.008 0.003 0.927 0.006 0.009 0.024 0.004 0.003 0.006 0.006 0.004 
304    ZFI04    (0)    9 :  0.006 0.003 0.059 0.006 0.007 0.899 0.004 0.004 0.004 0.005 0.004 
305    ZFI05    (0)    9 :  0.005 0.003 0.936 0.007 0.016 0.007 0.004 0.004 0.009 0.004 0.005 
306    ZFI06    (0)    9 :  0.009 0.003 0.758 0.020 0.091 0.059 0.016 0.004 0.007 0.004 0.029 
307    ZFI07    (0)    9 :  0.008 0.003 0.803 0.008 0.006 0.148 0.004 0.004 0.007 0.005 0.005 
308    ZFI08    (0)    9 :  0.010 0.003 0.513 0.008 0.005 0.440 0.003 0.003 0.005 0.006 0.003 
309    ZFI09    (0)    9 :  0.006 0.003 0.907 0.008 0.007 0.048 0.004 0.003 0.005 0.004 0.005 
310    ZFI10    (0)    9 :  0.008 0.004 0.804 0.007 0.078 0.069 0.005 0.007 0.006 0.005 0.009 
311    ZFI11    (0)    9 :  0.007 0.002 0.633 0.008 0.018 0.305 0.003 0.004 0.009 0.004 0.006 
312    ZFI12    (0)    9 :  0.010 0.004 0.902 0.007 0.018 0.033 0.004 0.003 0.007 0.007 0.006 
313    ZFI13    (0)    9 :  0.007 0.003 0.922 0.008 0.006 0.012 0.004 0.008 0.019 0.006 0.005 
314    ZFI14    (0)    9 :  0.004 0.003 0.947 0.005 0.006 0.008 0.007 0.004 0.005 0.004 0.006 
315    ZFI15    (0)    9 :  0.004 0.002 0.954 0.006 0.005 0.008 0.003 0.003 0.006 0.005 0.004 
316    ZFI16    (0)    9 :  0.005 0.002 0.956 0.005 0.005 0.007 0.003 0.003 0.004 0.004 0.004 
317    ZFI17    (0)    9 :  0.007 0.003 0.901 0.010 0.011 0.044 0.004 0.006 0.006 0.004 0.005 
318    ZFI18    (0)    9 :  0.004 0.002 0.945 0.009 0.007 0.012 0.003 0.007 0.005 0.003 0.003 
319    ZFI19    (9)    9 :  0.005 0.002 0.954 0.004 0.005 0.010 0.003 0.003 0.007 0.003 0.003 
320    ZFI20    (0)    9 :  0.005 0.003 0.957 0.004 0.005 0.006 0.004 0.004 0.003 0.004 0.005 
321    ZFI21    (0)    9 :  0.004 0.003 0.951 0.003 0.007 0.005 0.008 0.003 0.004 0.003 0.008 
322    ZFI22    (0)    9 :  0.006 0.004 0.902 0.006 0.004 0.055 0.004 0.003 0.004 0.007 0.004 
323    ZFI23    (0)    9 :  0.006 0.003 0.941 0.006 0.009 0.015 0.004 0.004 0.005 0.004 0.005 
324    ZFI24    (0)    9 :  0.011 0.003 0.916 0.006 0.012 0.025 0.005 0.003 0.007 0.007 0.005 
325    ZFI25    (0)    9 :  0.006 0.004 0.845 0.007 0.007 0.103 0.006 0.003 0.005 0.008 0.005 
326    ZFI26    (0)    9 :  0.007 0.003 0.920 0.007 0.006 0.029 0.004 0.003 0.009 0.008 0.004 
327    ZFI27    (0)    9 :  0.011 0.003 0.892 0.007 0.035 0.019 0.005 0.003 0.013 0.005 0.007 
328    ZFK01    (0)    9 :  0.004 0.004 0.003 0.003 0.007 0.003 0.004 0.003 0.962 0.005 0.004 
329    ZFK02    (0)   10 :  0.004 0.004 0.003 0.003 0.006 0.003 0.003 0.002 0.963 0.005 0.004 
330    ZFK03    (0)   10 :  0.003 0.003 0.003 0.003 0.005 0.003 0.003 0.003 0.965 0.005 0.003 
331    ZFK04    (0)   10 :  0.003 0.003 0.004 0.004 0.004 0.004 0.003 0.003 0.967 0.004 0.003 
332    ZFK05    (0)   10 :  0.003 0.002 0.007 0.006 0.004 0.011 0.003 0.008 0.945 0.010 0.002 
333    ZFK06    (0)   10 :  0.003 0.003 0.008 0.006 0.004 0.009 0.003 0.005 0.945 0.010 0.003 
334    ZFK07    (0)   10 :  0.005 0.005 0.002 0.003 0.005 0.003 0.003 0.004 0.961 0.006 0.004 
335    ZFK08    (0)   10 :  0.005 0.003 0.004 0.004 0.003 0.004 0.003 0.003 0.963 0.004 0.004 
336    ZFK10    (0)   10 :  0.003 0.003 0.004 0.004 0.004 0.004 0.003 0.003 0.965 0.004 0.003 
337    ZFK11    (0)   10 :  0.003 0.003 0.006 0.007 0.004 0.008 0.003 0.008 0.945 0.009 0.003 
338    ZFK12    (0)   10 :  0.009 0.008 0.003 0.004 0.004 0.003 0.005 0.003 0.947 0.007 0.007 
339    ZFK13    (0)   10 :  0.005 0.010 0.004 0.004 0.005 0.003 0.019 0.012 0.905 0.010 0.024 
340    ZFK14    (0)   10 :  0.008 0.034 0.008 0.006 0.014 0.008 0.022 0.014 0.657 0.202 0.027 
341    ZFK15    (0)   10 :  0.003 0.005 0.005 0.004 0.004 0.003 0.017 0.014 0.923 0.006 0.014 
342    ZFK16    (0)   10 :  0.005 0.005 0.002 0.004 0.004 0.003 0.005 0.003 0.956 0.006 0.006 
343   ZFLB01    (0)   11 :  0.009 0.009 0.009 0.007 0.008 0.009 0.025 0.881 0.015 0.003 0.026 
344   ZFLB02    (0)   11 :  0.005 0.003 0.008 0.025 0.004 0.016 0.004 0.924 0.003 0.002 0.004 
345   ZFLB03    (0)   11 :  0.006 0.004 0.005 0.016 0.030 0.005 0.004 0.912 0.009 0.004 0.006 
346   ZFLB04    (0)   11 :  0.007 0.009 0.022 0.006 0.236 0.010 0.017 0.647 0.010 0.010 0.028 
347   ZFLB05    (0)   11 :  0.009 0.006 0.015 0.008 0.017 0.013 0.011 0.880 0.018 0.003 0.020 
348   ZFLB06    (0)   11 :  0.008 0.009 0.005 0.009 0.005 0.008 0.012 0.853 0.074 0.007 0.010 
349   ZFLB07    (0)   11 :  0.102 0.010 0.014 0.083 0.059 0.017 0.015 0.571 0.090 0.008 0.030 
350   ZFLB08    (0)   11 :  0.008 0.003 0.016 0.022 0.009 0.022 0.006 0.896 0.007 0.004 0.007 
351   ZFLB09    (9)   11 :  0.006 0.003 0.008 0.008 0.005 0.010 0.005 0.929 0.015 0.007 0.005 
352   ZFLB10    (0)   11 :  0.004 0.003 0.006 0.005 0.006 0.006 0.003 0.954 0.007 0.004 0.004 
353   ZFLB11    (0)   11 :  0.006 0.005 0.003 0.006 0.004 0.004 0.004 0.943 0.013 0.007 0.004 
354   ZFLB12    (0)   11 :  0.004 0.002 0.005 0.006 0.004 0.006 0.003 0.953 0.009 0.005 0.003 
355   ZFLB13    (0)   11 :  0.026 0.004 0.005 0.059 0.020 0.016 0.016 0.799 0.010 0.016 0.029 
356  ZFLTI01    (0)   12 :  0.007 0.011 0.004 0.004 0.009 0.003 0.016 0.002 0.005 0.029 0.909 
357  ZFLTI02    (0)   12 :  0.006 0.012 0.003 0.004 0.031 0.005 0.010 0.002 0.009 0.083 0.835 
358  ZFLTI03    (0)   12 :  0.006 0.008 0.003 0.003 0.012 0.003 0.007 0.002 0.005 0.010 0.942 
359  ZFLTI04    (0)   12 :  0.008 0.006 0.005 0.005 0.019 0.005 0.010 0.003 0.011 0.010 0.919 
360  ZFLTI05    (0)   12 :  0.004 0.005 0.003 0.003 0.018 0.004 0.007 0.002 0.006 0.007 0.940 
