

----------------------------------------------------
STRUCTURE by Pritchard, Stephens and Donnelly (2000)
     and Falush, Stephens and Pritchard (2003)
       Code by Pritchard, Falush and Hubisz
             Version 2.3.4 (Jul 2012)
----------------------------------------------------



Command line arguments:   bin\structure -m C:\Users\eschumacher\Documents\GitHub\GCC_QUAC_ZAIN\Data_Files\Structure_Files\ZAIN\ZAIN_rebinned_wild\50-50\mainparams -e C:\Users\eschumacher\Documents\GitHub\GCC_QUAC_ZAIN\Data_Files\Structure_Files\ZAIN\ZAIN_rebinned_wild\50-50\extraparams 
Input File:    C:\Users\eschumacher\Documents\GitHub\GCC_QUAC_ZAIN\Data_Files\Structure_Files\ZAIN\ZAIN_rebinned_wild\project_data

Run parameters:
   751 individuals
   11 loci
   6 populations assumed
   50000 Burn-in period
   50000 Reps


--------------------------------------------
Proportion of membership of each pre-defined
 population in each of the 6 clusters

Given    Inferred Clusters                            Number of
 Pop       1      2      3      4      5      6      Individuals

  1:     0.006  0.008  0.006  0.012  0.939  0.029       35
  2:     0.032  0.791  0.153  0.010  0.009  0.006       36
  3:     0.009  0.864  0.101  0.013  0.006  0.007       33
  4:     0.953  0.012  0.007  0.006  0.011  0.011       40
  5:     0.010  0.006  0.974  0.004  0.003  0.003       39
  6:     0.030  0.059  0.027  0.683  0.176  0.024       40
  7:     0.043  0.020  0.014  0.763  0.088  0.072       37
  8:     0.007  0.850  0.128  0.005  0.007  0.003       40
  9:     0.039  0.005  0.012  0.007  0.933  0.004       28
 10:     0.936  0.011  0.010  0.015  0.012  0.016       14
 11:     0.009  0.010  0.030  0.029  0.011  0.911       13
 12:     0.017  0.055  0.917  0.005  0.005  0.002       14
 13:     0.012  0.906  0.055  0.007  0.006  0.014       25
 14:     0.017  0.945  0.010  0.014  0.006  0.008       40
 15:     0.885  0.017  0.050  0.019  0.020  0.008       32
 16:     0.003  0.003  0.003  0.003  0.003  0.985       20
 17:     0.010  0.010  0.009  0.286  0.682  0.003        4
 18:     0.015  0.024  0.009  0.022  0.926  0.004       23
 19:     0.009  0.006  0.006  0.017  0.957  0.004       39
 20:     0.007  0.005  0.004  0.015  0.926  0.043       38
 21:     0.009  0.108  0.864  0.009  0.005  0.006       45
 22:     0.018  0.365  0.580  0.009  0.005  0.023       28
 23:     0.007  0.005  0.007  0.056  0.916  0.008        6
 24:     0.012  0.023  0.021  0.924  0.017  0.004       40
 25:     0.018  0.018  0.020  0.845  0.028  0.072       42
--------------------------------------------

Allele-freq. divergence among pops (Net nucleotide distance),
computed using point estimates of P.

      1       2       3       4       5       6      
 1      -    0.1494  0.1181  0.0953  0.1423  0.2926  
 2   0.1494     -    0.0885  0.1419  0.2197  0.3605  
 3   0.1181  0.0885     -    0.1136  0.2059  0.3504  
 4   0.0953  0.1419  0.1136     -    0.0792  0.2204  
 5   0.1423  0.2197  0.2059  0.0792     -    0.2516  
 6   0.2926  0.3605  0.3504  0.2204  0.2516     -    

Average distances (expected heterozygosity) between individuals in same cluster:
cluster  1  : 0.4379 
cluster  2  : 0.4364 
cluster  3  : 0.4149 
cluster  4  : 0.5640 
cluster  5  : 0.4957 
cluster  6  : 0.2715 

--------------------------------------------
Estimated Ln Prob of Data   = -14556.1
Mean value of ln likelihood = -14293.4
Variance of ln likelihood   = 525.4
Mean value of alpha         = 0.0328

Mean value of Fst_1         = 0.4054
Mean value of Fst_2         = 0.3041
Mean value of Fst_3         = 0.4624
Mean value of Fst_4         = 0.1181
Mean value of Fst_5         = 0.3375
Mean value of Fst_6         = 0.6030


Inferred ancestry of individuals:
        Label (%Miss) Pop:  Inferred clusters
  1    ZFB01    (0)    1 :  0.005 0.005 0.004 0.004 0.974 0.009 
  2    ZFB02    (0)    1 :  0.008 0.004 0.003 0.006 0.970 0.010 
  3    ZFB03    (0)    1 :  0.005 0.004 0.009 0.010 0.968 0.003 
  4    ZFB04    (0)    1 :  0.005 0.005 0.003 0.005 0.967 0.015 
  5    ZFB05    (0)    1 :  0.008 0.007 0.010 0.066 0.833 0.076 
  6    ZFB06    (0)    1 :  0.007 0.007 0.011 0.059 0.865 0.052 
  7    ZFB07    (9)    1 :  0.005 0.008 0.008 0.014 0.954 0.011 
  8    ZFB08    (0)    1 :  0.006 0.005 0.005 0.009 0.973 0.003 
  9    ZFB09    (0)    1 :  0.004 0.003 0.003 0.005 0.981 0.003 
 10    ZFB10    (0)    1 :  0.008 0.018 0.006 0.004 0.956 0.008 
 11    ZFB11    (0)    1 :  0.006 0.008 0.004 0.004 0.959 0.019 
 12    ZFB12    (0)    1 :  0.003 0.004 0.005 0.008 0.972 0.007 
 13    ZFB13    (0)    1 :  0.005 0.006 0.005 0.009 0.972 0.003 
 14    ZFB14    (0)    1 :  0.006 0.005 0.004 0.005 0.977 0.003 
 15    ZFB15    (0)    1 :  0.003 0.003 0.003 0.004 0.979 0.008 
 16    ZFB16    (0)    1 :  0.003 0.004 0.004 0.007 0.976 0.006 
 17    ZFB17    (0)    1 :  0.022 0.016 0.010 0.024 0.900 0.028 
 18    ZFB18    (0)    1 :  0.005 0.005 0.003 0.005 0.978 0.003 
 19    ZFB19    (0)    1 :  0.004 0.021 0.013 0.020 0.936 0.005 
 20    ZFB20    (0)    1 :  0.004 0.004 0.004 0.005 0.970 0.014 
 21    ZFB21    (0)    1 :  0.003 0.003 0.003 0.005 0.979 0.007 
 22    ZFB22    (0)    1 :  0.011 0.016 0.009 0.013 0.910 0.041 
 23    ZFB23    (0)    1 :  0.005 0.008 0.007 0.005 0.944 0.031 
 24    ZFB24    (0)    1 :  0.005 0.007 0.004 0.005 0.950 0.030 
 25    ZFB25    (0)    1 :  0.006 0.025 0.010 0.004 0.945 0.010 
 26    ZFB26    (0)    1 :  0.007 0.017 0.007 0.004 0.880 0.085 
 27    ZFB27    (0)    1 :  0.005 0.007 0.005 0.004 0.841 0.139 
 28    ZFB28    (0)    1 :  0.009 0.004 0.006 0.014 0.905 0.062 
 29    ZFB29    (0)    1 :  0.007 0.003 0.002 0.005 0.971 0.011 
 30    ZFB30    (0)    1 :  0.004 0.008 0.009 0.035 0.676 0.269 
 31    ZFB31    (0)    1 :  0.005 0.014 0.008 0.006 0.959 0.009 
 32    ZFB32    (0)    1 :  0.017 0.006 0.011 0.018 0.920 0.027 
 33    ZFB33    (0)    1 :  0.004 0.004 0.003 0.007 0.975 0.008 
 34    ZFB34    (0)    1 :  0.006 0.004 0.004 0.006 0.978 0.003 
 35    ZFB35    (0)    1 :  0.006 0.007 0.006 0.005 0.970 0.007 
 36  ZFBP101    (0)    2 :  0.119 0.692 0.149 0.018 0.019 0.003 
 37  ZFBP102    (0)    2 :  0.028 0.886 0.042 0.015 0.026 0.003 
 38  ZFBP103    (0)    2 :  0.246 0.196 0.530 0.014 0.011 0.003 
 39  ZFBP104    (0)    2 :  0.004 0.480 0.418 0.048 0.047 0.003 
 40  ZFBP105    (0)    2 :  0.008 0.664 0.305 0.008 0.009 0.006 
 41  ZFBP106    (0)    2 :  0.009 0.800 0.179 0.005 0.004 0.004 
 42  ZFBP107    (0)    2 :  0.013 0.387 0.529 0.014 0.009 0.048 
 43  ZFBP108    (0)    2 :  0.003 0.974 0.013 0.004 0.003 0.003 
 44  ZFBP109    (0)    2 :  0.004 0.971 0.013 0.006 0.004 0.002 
 45  ZFBP110    (0)    2 :  0.070 0.139 0.699 0.046 0.044 0.003 
 46  ZFBP111    (0)    2 :  0.004 0.967 0.020 0.003 0.003 0.003 
 47  ZFBP112    (0)    2 :  0.007 0.968 0.009 0.006 0.004 0.006 
 48  ZFBP113    (0)    2 :  0.004 0.971 0.010 0.006 0.004 0.005 
 49  ZFBP114    (0)    2 :  0.010 0.942 0.023 0.005 0.004 0.015 
 50  ZFBP115    (0)    2 :  0.009 0.314 0.663 0.008 0.003 0.004 
 51  ZFBP116    (0)    2 :  0.004 0.960 0.020 0.007 0.003 0.005 
 52  ZFBP117    (0)    2 :  0.009 0.964 0.016 0.005 0.003 0.003 
 53  ZFBP118    (0)    2 :  0.006 0.957 0.011 0.005 0.004 0.017 
 54  ZFBP119    (0)    2 :  0.037 0.673 0.276 0.009 0.004 0.002 
 55  ZFBP120    (0)    2 :  0.005 0.656 0.316 0.008 0.008 0.006 
 56  ZFBP121    (0)    2 :  0.012 0.932 0.041 0.006 0.006 0.003 
 57  ZFBP122    (9)    2 :  0.005 0.947 0.036 0.004 0.004 0.003 
 58  ZFBP123    (0)    2 :  0.012 0.960 0.010 0.006 0.004 0.007 
 59  ZFBP124    (0)    2 :  0.006 0.959 0.017 0.005 0.008 0.005 
 60  ZFBP125    (0)    2 :  0.006 0.967 0.018 0.003 0.003 0.003 
 61  ZFBP126    (0)    2 :  0.039 0.896 0.013 0.032 0.016 0.003 
 62  ZFBP127    (0)    2 :  0.026 0.605 0.357 0.005 0.004 0.004 
 63  ZFBP128    (0)    2 :  0.006 0.974 0.010 0.003 0.004 0.003 
 64  ZFBP129    (0)    2 :  0.009 0.970 0.008 0.005 0.005 0.003 
 65  ZFBP130    (0)    2 :  0.008 0.972 0.010 0.004 0.002 0.003 
 66  ZFBP131    (0)    2 :  0.004 0.979 0.005 0.004 0.004 0.004 
 67  ZFBP132    (0)    2 :  0.005 0.957 0.026 0.004 0.004 0.004 
 68  ZFBP133    (0)    2 :  0.006 0.982 0.004 0.003 0.003 0.002 
 69  ZFBP134    (0)    2 :  0.049 0.369 0.568 0.006 0.005 0.004 
 70  ZFBP135    (0)    2 :  0.267 0.615 0.081 0.012 0.022 0.003 
 71  ZFBP136    (0)    2 :  0.085 0.837 0.060 0.005 0.004 0.009 
 72  ZFBP201    (0)    3 :  0.006 0.942 0.026 0.009 0.007 0.011 
 73  ZFBP202    (0)    3 :  0.005 0.949 0.029 0.005 0.008 0.004 
 74  ZFBP203    (0)    3 :  0.005 0.894 0.009 0.025 0.008 0.059 
 75  ZFBP204    (0)    3 :  0.021 0.790 0.171 0.007 0.005 0.006 
 76  ZFBP205    (0)    3 :  0.008 0.975 0.005 0.004 0.003 0.005 
 77  ZFBP206    (0)    3 :  0.011 0.963 0.007 0.006 0.005 0.007 
 78  ZFBP207    (0)    3 :  0.015 0.442 0.527 0.005 0.005 0.005 
 79  ZFBP208    (0)    3 :  0.008 0.958 0.006 0.010 0.004 0.014 
 80  ZFBP209    (0)    3 :  0.005 0.982 0.005 0.003 0.003 0.002 
 81  ZFBP210    (0)    3 :  0.005 0.950 0.019 0.008 0.006 0.012 
 82  ZFBP211    (0)    3 :  0.007 0.957 0.021 0.006 0.006 0.004 
 83  ZFBP212    (0)    3 :  0.003 0.522 0.462 0.004 0.005 0.004 
 84  ZFBP213    (0)    3 :  0.016 0.950 0.013 0.008 0.009 0.005 
 85  ZFBP214    (0)    3 :  0.040 0.883 0.048 0.015 0.009 0.005 
 86  ZFBP215    (0)    3 :  0.006 0.973 0.010 0.004 0.004 0.003 
 87  ZFBP216    (0)    3 :  0.007 0.910 0.047 0.020 0.006 0.010 
 88  ZFBP217    (0)    3 :  0.006 0.953 0.027 0.006 0.005 0.003 
 89  ZFBP218    (0)    3 :  0.003 0.980 0.007 0.004 0.003 0.004 
 90  ZFBP219    (0)    3 :  0.004 0.973 0.009 0.005 0.004 0.005 
 91  ZFBP220    (0)    3 :  0.009 0.951 0.029 0.004 0.003 0.004 
 92  ZFBP221    (0)    3 :  0.003 0.838 0.145 0.005 0.004 0.005 
 93  ZFBP222    (0)    3 :  0.008 0.971 0.005 0.006 0.005 0.005 
 94  ZFBP223    (0)    3 :  0.013 0.312 0.650 0.009 0.007 0.008 
 95  ZFBP224    (0)    3 :  0.008 0.961 0.014 0.007 0.006 0.005 
 96  ZFBP225    (0)    3 :  0.009 0.933 0.042 0.006 0.003 0.007 
 97  ZFBP226    (0)    3 :  0.004 0.962 0.018 0.006 0.004 0.006 
 98  ZFBP227    (0)    3 :  0.007 0.558 0.213 0.189 0.027 0.005 
 99  ZFBP228    (0)    3 :  0.015 0.287 0.687 0.004 0.004 0.003 
100  ZFBP229    (0)    3 :  0.006 0.970 0.013 0.005 0.003 0.003 
101  ZFBP230    (0)    3 :  0.011 0.943 0.031 0.007 0.004 0.004 
102  ZFBP231    (0)    3 :  0.007 0.957 0.019 0.006 0.007 0.005 
103  ZFBP232    (0)    3 :  0.004 0.979 0.007 0.003 0.003 0.003 
104  ZFBP233    (0)    3 :  0.006 0.960 0.017 0.006 0.006 0.004 
105   ZFCC01    (0)    4 :  0.976 0.005 0.004 0.004 0.008 0.004 
106   ZFCC03    (0)    4 :  0.980 0.004 0.006 0.003 0.004 0.003 
107   ZFCC04    (0)    4 :  0.979 0.004 0.004 0.004 0.005 0.003 
108   ZFCC05    (0)    4 :  0.971 0.006 0.008 0.005 0.006 0.004 
109   ZFCC08    (0)    4 :  0.968 0.014 0.007 0.004 0.004 0.002 
110   ZFCC09    (0)    4 :  0.978 0.004 0.005 0.004 0.005 0.003 
111   ZFCC10    (0)    4 :  0.975 0.005 0.004 0.004 0.009 0.004 
112   ZFCC11    (0)    4 :  0.977 0.004 0.006 0.004 0.006 0.003 
113   ZFCC12    (0)    4 :  0.942 0.005 0.006 0.010 0.032 0.004 
114   ZFCC13    (0)    4 :  0.959 0.009 0.011 0.008 0.004 0.009 
115   ZFCC14    (0)    4 :  0.969 0.008 0.005 0.004 0.009 0.005 
116   ZFCC15    (0)    4 :  0.973 0.004 0.005 0.007 0.005 0.005 
117   ZFCC16    (0)    4 :  0.980 0.004 0.004 0.005 0.005 0.003 
118   ZFCC17    (0)    4 :  0.976 0.003 0.004 0.004 0.006 0.007 
119   ZFCC18    (0)    4 :  0.979 0.005 0.005 0.003 0.005 0.003 
120   ZFCC19    (0)    4 :  0.974 0.003 0.003 0.007 0.005 0.007 
121   ZFCC20    (0)    4 :  0.978 0.004 0.006 0.005 0.005 0.002 
122   ZFCC21    (0)    4 :  0.920 0.044 0.007 0.016 0.006 0.006 
123   ZFCC22    (0)    4 :  0.777 0.186 0.020 0.005 0.006 0.005 
124   ZFCC26    (0)    4 :  0.980 0.004 0.004 0.004 0.005 0.003 
125   ZFCC27    (0)    4 :  0.981 0.004 0.005 0.004 0.004 0.003 
126   ZFCC29    (0)    4 :  0.973 0.005 0.005 0.007 0.007 0.003 
127   ZFCC30    (0)    4 :  0.981 0.004 0.006 0.004 0.003 0.003 
128   ZFCC32    (0)    4 :  0.971 0.004 0.005 0.007 0.007 0.006 
129   ZFCC33    (0)    4 :  0.978 0.003 0.005 0.005 0.005 0.004 
130   ZFCC34    (0)    4 :  0.889 0.037 0.041 0.006 0.020 0.008 
131   ZFCC35    (0)    4 :  0.982 0.004 0.004 0.003 0.003 0.003 
132   ZFCC36    (0)    4 :  0.957 0.009 0.007 0.008 0.005 0.014 
133   ZFCC37    (0)    4 :  0.936 0.006 0.008 0.013 0.031 0.004 
134   ZFCC40    (0)    4 :  0.973 0.005 0.004 0.003 0.007 0.008 
135   ZFCC42    (0)    4 :  0.570 0.005 0.018 0.024 0.145 0.239 
136   ZFCC44    (0)    4 :  0.981 0.003 0.005 0.003 0.003 0.005 
137   ZFCC45    (9)    4 :  0.956 0.004 0.005 0.010 0.012 0.012 
138   ZFCC46    (0)    4 :  0.964 0.012 0.013 0.004 0.003 0.004 
139   ZFCC47    (0)    4 :  0.958 0.006 0.006 0.005 0.022 0.003 
140   ZFCC48    (0)    4 :  0.952 0.027 0.006 0.005 0.006 0.003 
141   ZFCC50    (0)    4 :  0.982 0.003 0.004 0.004 0.004 0.004 
142   ZFCC51    (0)    4 :  0.981 0.003 0.005 0.003 0.004 0.002 
143   ZFCC52    (0)    4 :  0.968 0.011 0.007 0.004 0.004 0.006 
144   ZFCC53    (0)    4 :  0.983 0.003 0.004 0.003 0.004 0.003 
145  ZFCNS01    (0)    5 :  0.005 0.004 0.973 0.008 0.003 0.006 
146  ZFCNS02    (0)    5 :  0.009 0.005 0.977 0.004 0.003 0.003 
147  ZFCNS05    (0)    5 :  0.011 0.006 0.971 0.004 0.005 0.003 
148  ZFCNS06    (0)    5 :  0.012 0.005 0.973 0.003 0.004 0.003 
149  ZFCNS07    (0)    5 :  0.005 0.010 0.974 0.004 0.004 0.003 
150  ZFCNS10    (0)    5 :  0.005 0.004 0.982 0.004 0.003 0.003 
151  ZFCNS11    (0)    5 :  0.006 0.004 0.978 0.006 0.003 0.004 
152  ZFCNS15    (0)    5 :  0.004 0.008 0.978 0.004 0.003 0.003 
153  ZFCNS17    (0)    5 :  0.014 0.005 0.971 0.003 0.003 0.003 
154  ZFCNS18    (0)    5 :  0.005 0.005 0.982 0.003 0.003 0.003 
155  ZFCNS19    (0)    5 :  0.009 0.004 0.978 0.004 0.003 0.003 
156  ZFCNS20    (0)    5 :  0.009 0.011 0.970 0.004 0.003 0.003 
157  ZFCNS21    (0)    5 :  0.007 0.003 0.981 0.003 0.003 0.003 
158  ZFCNS22    (0)    5 :  0.007 0.009 0.974 0.004 0.004 0.003 
159  ZFCNS23    (0)    5 :  0.025 0.008 0.942 0.008 0.006 0.011 
160  ZFCNS24    (0)    5 :  0.026 0.005 0.960 0.004 0.003 0.003 
161  ZFCNS25    (0)    5 :  0.010 0.007 0.973 0.004 0.003 0.003 
162  ZFCNS26    (0)    5 :  0.004 0.005 0.982 0.004 0.004 0.002 
163  ZFCNS27    (0)    5 :  0.004 0.009 0.976 0.004 0.003 0.003 
164  ZFCNS28    (0)    5 :  0.007 0.005 0.978 0.004 0.004 0.002 
165  ZFCNS29    (0)    5 :  0.011 0.006 0.972 0.004 0.004 0.003 
166  ZFCNS30    (0)    5 :  0.010 0.004 0.977 0.004 0.003 0.002 
167  ZFCNS31    (0)    5 :  0.005 0.005 0.981 0.003 0.003 0.003 
168  ZFCNS32    (0)    5 :  0.007 0.005 0.978 0.004 0.004 0.002 
169  ZFCNS33    (0)    5 :  0.005 0.004 0.980 0.004 0.004 0.003 
170  ZFCNS34    (0)    5 :  0.023 0.005 0.962 0.004 0.004 0.003 
171  ZFCNS35    (0)    5 :  0.006 0.004 0.979 0.003 0.004 0.003 
172  ZFCNS36    (0)    5 :  0.051 0.006 0.933 0.004 0.003 0.003 
173  ZFCNS37    (0)    5 :  0.007 0.004 0.980 0.004 0.003 0.002 
174  ZFCNS39    (0)    5 :  0.007 0.004 0.979 0.004 0.003 0.003 
175  ZFCNS40    (0)    5 :  0.028 0.008 0.955 0.004 0.003 0.003 
176  ZFCNS41    (0)    5 :  0.009 0.007 0.968 0.007 0.005 0.004 
177  ZFCNS42    (0)    5 :  0.005 0.005 0.981 0.004 0.003 0.003 
178  ZFCNS43    (0)    5 :  0.009 0.004 0.978 0.003 0.003 0.003 
179  ZFCNS44    (0)    5 :  0.007 0.004 0.981 0.003 0.002 0.003 
180  ZFCNS46    (0)    5 :  0.006 0.005 0.979 0.004 0.003 0.003 
181  ZFCNS47    (0)    5 :  0.007 0.004 0.980 0.003 0.003 0.002 
182  ZFCNS48    (0)    5 :  0.005 0.005 0.980 0.003 0.003 0.003 
183  ZFCNS49    (0)    5 :  0.003 0.005 0.984 0.003 0.003 0.003 
184   ZFCR01    (0)    6 :  0.015 0.056 0.007 0.458 0.458 0.007 
185   ZFCR02    (0)    6 :  0.026 0.016 0.007 0.905 0.033 0.014 
186   ZFCR03    (0)    6 :  0.060 0.068 0.009 0.263 0.557 0.044 
187   ZFCR04    (0)    6 :  0.022 0.043 0.041 0.105 0.754 0.034 
188   ZFCR05    (0)    6 :  0.019 0.005 0.003 0.917 0.048 0.007 
189   ZFCR06    (0)    6 :  0.028 0.078 0.164 0.633 0.093 0.004 
190   ZFCR07    (0)    6 :  0.014 0.006 0.046 0.894 0.034 0.006 
191   ZFCR08    (0)    6 :  0.161 0.126 0.010 0.430 0.211 0.061 
192   ZFCR09    (0)    6 :  0.067 0.088 0.052 0.118 0.536 0.139 
193   ZFCR11    (0)    6 :  0.009 0.019 0.068 0.763 0.136 0.006 
194   ZFCR12    (0)    6 :  0.012 0.025 0.171 0.779 0.010 0.004 
195   ZFCR13    (0)    6 :  0.006 0.050 0.010 0.921 0.009 0.004 
196   ZFCR14    (0)    6 :  0.011 0.008 0.007 0.951 0.018 0.005 
197   ZFCR15    (0)    6 :  0.024 0.038 0.017 0.851 0.050 0.020 
198   ZFCR16    (0)    6 :  0.011 0.027 0.006 0.906 0.047 0.004 
199   ZFCR18    (0)    6 :  0.080 0.028 0.020 0.167 0.698 0.007 
200   ZFCR19    (0)    6 :  0.033 0.182 0.021 0.312 0.447 0.005 
201   ZFCR20    (0)    6 :  0.015 0.065 0.013 0.093 0.808 0.006 
202   ZFCR21    (0)    6 :  0.019 0.014 0.007 0.943 0.014 0.003 
203   ZFCR22    (0)    6 :  0.006 0.013 0.005 0.966 0.007 0.003 
204   ZFCR23    (0)    6 :  0.005 0.148 0.039 0.735 0.026 0.047 
205   ZFCR24    (9)    6 :  0.012 0.517 0.009 0.315 0.140 0.007 
206   ZFCR25    (0)    6 :  0.006 0.004 0.004 0.970 0.014 0.003 
207   ZFCR26    (0)    6 :  0.019 0.028 0.008 0.825 0.116 0.004 
208   ZFCR27    (9)    6 :  0.005 0.003 0.003 0.927 0.058 0.005 
209   ZFCR28    (0)    6 :  0.011 0.286 0.027 0.654 0.011 0.010 
210   ZFCR29    (0)    6 :  0.011 0.014 0.006 0.840 0.126 0.004 
211   ZFCR30    (0)    6 :  0.005 0.005 0.006 0.969 0.010 0.005 
212   ZFCR31    (0)    6 :  0.024 0.132 0.138 0.235 0.452 0.019 
213   ZFCR33    (0)    6 :  0.031 0.010 0.008 0.905 0.028 0.019 
214   ZFCR34    (0)    6 :  0.024 0.043 0.044 0.831 0.036 0.021 
215   ZFCR35    (0)    6 :  0.046 0.016 0.019 0.112 0.797 0.010 
216   ZFCR36    (0)    6 :  0.008 0.008 0.011 0.887 0.074 0.013 
217   ZFCR37    (0)    6 :  0.036 0.004 0.005 0.929 0.018 0.008 
218   ZFCR38    (0)    6 :  0.033 0.008 0.007 0.906 0.038 0.009 
219   ZFCR39    (0)    6 :  0.201 0.093 0.012 0.323 0.041 0.331 
220   ZFCR40    (0)    6 :  0.029 0.011 0.010 0.863 0.029 0.058 
221   ZFCR41    (0)    6 :  0.030 0.010 0.029 0.920 0.007 0.003 
222   ZFCR42    (0)    6 :  0.029 0.024 0.017 0.909 0.010 0.012 
223   ZFCR43    (0)    6 :  0.006 0.059 0.007 0.879 0.044 0.005 
224  ZFENP25    (0)    7 :  0.029 0.014 0.004 0.893 0.053 0.006 
225  ZFENP26    (0)    7 :  0.006 0.003 0.004 0.958 0.013 0.017 
226  ZFENP27    (0)    7 :  0.353 0.012 0.086 0.167 0.358 0.023 
227  ZFENP28    (0)    7 :  0.011 0.004 0.005 0.938 0.024 0.017 
228  ZFENP29    (0)    7 :  0.008 0.003 0.004 0.970 0.006 0.009 
229  ZFENP30    (0)    7 :  0.064 0.005 0.006 0.884 0.010 0.031 
230  ZFENP31    (0)    7 :  0.086 0.010 0.011 0.265 0.201 0.428 
231  ZFENP32    (0)    7 :  0.028 0.012 0.032 0.265 0.470 0.193 
232  ZFENP33    (0)    7 :  0.008 0.004 0.006 0.934 0.038 0.011 
233  ZFENP34    (0)    7 :  0.053 0.011 0.017 0.364 0.546 0.010 
234  ZFENP35    (0)    7 :  0.007 0.008 0.017 0.747 0.016 0.206 
235  ZFENP36    (0)    7 :  0.004 0.003 0.006 0.948 0.017 0.022 
236  ZFENP37    (0)    7 :  0.013 0.006 0.010 0.841 0.091 0.039 
237  ZFENP38    (0)    7 :  0.012 0.005 0.011 0.953 0.009 0.010 
238  ZFENP39    (0)    7 :  0.013 0.003 0.005 0.924 0.033 0.023 
239  ZFENP40    (0)    7 :  0.014 0.006 0.007 0.799 0.092 0.082 
240  ZFENP41    (0)    7 :  0.129 0.009 0.008 0.716 0.021 0.117 
241  ZFENP42    (0)    7 :  0.006 0.003 0.004 0.669 0.005 0.313 
242  ZFENP43    (0)    7 :  0.033 0.004 0.048 0.888 0.016 0.011 
243  ZFENP44    (0)    7 :  0.033 0.009 0.053 0.701 0.014 0.190 
244  ZFENP45    (0)    7 :  0.019 0.293 0.015 0.533 0.011 0.129 
245  ZFENP46    (0)    7 :  0.004 0.007 0.013 0.940 0.019 0.018 
246  ZFENP47    (0)    7 :  0.222 0.116 0.004 0.246 0.113 0.299 
247  ZFENP48    (0)    7 :  0.124 0.031 0.018 0.223 0.583 0.021 
248  ZFENP49    (0)    7 :  0.032 0.015 0.008 0.859 0.080 0.006 
249  ZFENP50    (0)    7 :  0.004 0.019 0.010 0.920 0.009 0.037 
250  ZFENP51    (0)    7 :  0.013 0.025 0.004 0.705 0.160 0.093 
251  ZFENP52    (0)    7 :  0.014 0.003 0.019 0.944 0.004 0.015 
252  ZFENP53    (0)    7 :  0.007 0.020 0.014 0.917 0.008 0.033 
253  ZFENP54    (0)    7 :  0.030 0.030 0.012 0.900 0.019 0.009 
254  ZFENP55    (0)    7 :  0.004 0.005 0.004 0.924 0.057 0.006 
255  ZFENP56    (0)    7 :  0.006 0.004 0.007 0.964 0.012 0.007 
256  ZFENP57    (0)    7 :  0.006 0.003 0.009 0.873 0.020 0.089 
257  ZFENP58    (0)    7 :  0.058 0.025 0.012 0.887 0.012 0.007 
258  ZFENP59    (0)    7 :  0.101 0.004 0.006 0.744 0.038 0.108 
259  ZFENP60    (0)    7 :  0.009 0.008 0.006 0.890 0.063 0.024 
260  ZFENP61    (0)    7 :  0.013 0.003 0.004 0.942 0.024 0.014 
261 ZFFDSP01    (0)    8 :  0.005 0.932 0.050 0.004 0.006 0.003 
262 ZFFDSP02    (0)    8 :  0.005 0.975 0.011 0.004 0.003 0.002 
263 ZFFDSP04    (0)    8 :  0.004 0.980 0.006 0.003 0.005 0.002 
264 ZFFDSP05    (0)    8 :  0.005 0.911 0.070 0.005 0.005 0.004 
265 ZFFDSP06    (0)    8 :  0.006 0.979 0.007 0.003 0.003 0.002 
266 ZFFDSP07    (0)    8 :  0.014 0.966 0.006 0.006 0.004 0.005 
267 ZFFDSP08    (0)    8 :  0.014 0.956 0.017 0.005 0.003 0.004 
268 ZFFDSP10    (0)    8 :  0.005 0.964 0.017 0.006 0.004 0.003 
269 ZFFDSP11    (0)    8 :  0.004 0.973 0.009 0.005 0.005 0.004 
270 ZFFDSP12    (0)    8 :  0.004 0.976 0.010 0.004 0.003 0.003 
271 ZFFDSP13    (0)    8 :  0.012 0.059 0.913 0.008 0.004 0.005 
272 ZFFDSP14    (0)    8 :  0.007 0.977 0.005 0.004 0.004 0.003 
273 ZFFDSP16    (0)    8 :  0.008 0.929 0.038 0.011 0.009 0.005 
274 ZFFDSP17    (0)    8 :  0.005 0.973 0.009 0.005 0.004 0.002 
275 ZFFDSP18    (0)    8 :  0.006 0.973 0.008 0.004 0.006 0.002 
276 ZFFDSP19    (0)    8 :  0.036 0.777 0.174 0.004 0.006 0.003 
277 ZFFDSP21    (0)    8 :  0.021 0.553 0.413 0.005 0.005 0.003 
278 ZFFDSP22    (0)    8 :  0.005 0.980 0.006 0.003 0.003 0.002 
279 ZFFDSP23    (0)    8 :  0.004 0.964 0.024 0.003 0.003 0.002 
280 ZFFDSP24    (0)    8 :  0.006 0.742 0.238 0.005 0.006 0.003 
281 ZFFDSP26    (9)    8 :  0.005 0.941 0.044 0.004 0.004 0.003 
282 ZFFDSP27    (0)    8 :  0.005 0.963 0.020 0.004 0.006 0.003 
283 ZFFDSP28    (0)    8 :  0.016 0.841 0.029 0.018 0.085 0.011 
284 ZFFDSP30    (0)    8 :  0.011 0.250 0.698 0.006 0.023 0.011 
285 ZFFDSP31    (0)    8 :  0.007 0.955 0.024 0.006 0.006 0.002 
286 ZFFDSP32    (0)    8 :  0.004 0.975 0.011 0.004 0.004 0.003 
287 ZFFDSP33    (0)    8 :  0.003 0.971 0.016 0.003 0.004 0.003 
288 ZFFDSP34    (0)    8 :  0.007 0.972 0.012 0.003 0.004 0.002 
289 ZFFDSP35    (0)    8 :  0.005 0.913 0.070 0.004 0.006 0.003 
290 ZFFDSP37    (0)    8 :  0.005 0.958 0.024 0.004 0.006 0.003 
291 ZFFDSP38    (0)    8 :  0.004 0.972 0.012 0.004 0.005 0.003 
292 ZFFDSP39    (0)    8 :  0.004 0.634 0.353 0.003 0.004 0.003 
293 ZFFDSP40    (0)    8 :  0.004 0.594 0.390 0.004 0.005 0.003 
294 ZFFDSP42    (0)    8 :  0.005 0.963 0.022 0.004 0.004 0.002 
295 ZFFDSP43    (0)    8 :  0.004 0.958 0.028 0.003 0.004 0.002 
296 ZFFDSP44    (0)    8 :  0.004 0.763 0.219 0.004 0.006 0.003 
297 ZFFDSP45    (0)    8 :  0.006 0.956 0.027 0.004 0.004 0.003 
298 ZFFDSP46    (0)    8 :  0.006 0.943 0.038 0.005 0.005 0.003 
299 ZFFDSP47    (0)    8 :  0.004 0.523 0.462 0.004 0.004 0.003 
300 ZFFDSP48    (0)    8 :  0.005 0.398 0.586 0.004 0.004 0.003 
301    ZFI01    (0)    9 :  0.006 0.004 0.008 0.007 0.970 0.006 
302    ZFI02    (0)    9 :  0.003 0.005 0.008 0.006 0.974 0.004 
303    ZFI03    (0)    9 :  0.005 0.003 0.007 0.006 0.975 0.003 
304    ZFI04    (0)    9 :  0.005 0.004 0.005 0.007 0.975 0.004 
305    ZFI05    (0)    9 :  0.005 0.004 0.016 0.007 0.963 0.004 
306    ZFI06    (0)    9 :  0.004 0.006 0.062 0.009 0.915 0.004 
307    ZFI07    (0)    9 :  0.006 0.003 0.005 0.006 0.977 0.003 
308    ZFI08    (0)    9 :  0.005 0.003 0.004 0.013 0.972 0.004 
309    ZFI09    (0)    9 :  0.004 0.003 0.006 0.006 0.977 0.003 
310    ZFI10    (0)    9 :  0.004 0.005 0.031 0.008 0.944 0.008 
311    ZFI11    (0)    9 :  0.004 0.003 0.006 0.006 0.977 0.004 
312    ZFI12    (0)    9 :  0.006 0.004 0.012 0.012 0.963 0.003 
313    ZFI13    (0)    9 :  0.006 0.003 0.008 0.007 0.971 0.005 
314    ZFI14    (0)    9 :  0.006 0.009 0.016 0.005 0.959 0.005 
315    ZFI15    (0)    9 :  0.005 0.003 0.006 0.006 0.977 0.003 
316    ZFI16    (0)    9 :  0.004 0.003 0.006 0.005 0.980 0.003 
317    ZFI17    (0)    9 :  0.004 0.003 0.009 0.006 0.972 0.005 
318    ZFI18    (0)    9 :  0.004 0.003 0.006 0.005 0.976 0.007 
319    ZFI19    (9)    9 :  0.004 0.003 0.005 0.007 0.978 0.004 
320    ZFI20    (0)    9 :  0.004 0.005 0.008 0.006 0.972 0.005 
321    ZFI21    (0)    9 :  0.005 0.011 0.044 0.005 0.930 0.006 
322    ZFI22    (0)    9 :  0.006 0.005 0.004 0.005 0.976 0.003 
323    ZFI23    (0)    9 :  0.004 0.003 0.008 0.005 0.976 0.003 
324    ZFI24    (0)    9 :  0.006 0.004 0.010 0.008 0.969 0.003 
325    ZFI25    (0)    9 :  0.006 0.005 0.006 0.008 0.973 0.002 
326    ZFI26    (0)    9 :  0.008 0.003 0.004 0.010 0.972 0.003 
327    ZFI27    (0)    9 :  0.005 0.004 0.026 0.009 0.952 0.003 
328    ZFK01    (0)    9 :  0.955 0.009 0.011 0.011 0.006 0.008 
329    ZFK02    (0)   10 :  0.957 0.009 0.012 0.011 0.008 0.004 
330    ZFK03    (0)   10 :  0.954 0.008 0.009 0.010 0.009 0.009 
331    ZFK04    (0)   10 :  0.940 0.006 0.006 0.011 0.026 0.010 
332    ZFK05    (0)   10 :  0.938 0.004 0.004 0.009 0.016 0.029 
333    ZFK06    (0)   10 :  0.941 0.006 0.006 0.022 0.020 0.006 
334    ZFK07    (0)   10 :  0.954 0.008 0.009 0.011 0.005 0.013 
335    ZFK08    (0)   10 :  0.902 0.008 0.006 0.052 0.022 0.011 
336    ZFK10    (0)   10 :  0.945 0.007 0.007 0.011 0.025 0.006 
337    ZFK11    (0)   10 :  0.943 0.005 0.006 0.013 0.010 0.023 
338    ZFK12    (0)   10 :  0.950 0.012 0.010 0.017 0.005 0.006 
339    ZFK13    (0)   10 :  0.907 0.031 0.017 0.011 0.005 0.028 
340    ZFK14    (0)   10 :  0.953 0.011 0.013 0.006 0.005 0.012 
341    ZFK15    (0)   10 :  0.904 0.020 0.013 0.012 0.008 0.043 
342    ZFK16    (0)   10 :  0.922 0.023 0.019 0.012 0.004 0.020 
343   ZFLB01    (0)   11 :  0.005 0.014 0.015 0.007 0.009 0.951 
344   ZFLB02    (0)   11 :  0.003 0.003 0.004 0.010 0.010 0.970 
345   ZFLB03    (0)   11 :  0.005 0.004 0.012 0.008 0.005 0.967 
346   ZFLB04    (0)   11 :  0.018 0.027 0.194 0.011 0.032 0.718 
347   ZFLB05    (0)   11 :  0.004 0.009 0.018 0.007 0.013 0.949 
348   ZFLB06    (0)   11 :  0.013 0.011 0.009 0.009 0.007 0.951 
349   ZFLB07    (0)   11 :  0.021 0.018 0.074 0.240 0.022 0.625 
350   ZFLB08    (0)   11 :  0.004 0.004 0.007 0.011 0.015 0.959 
351   ZFLB09    (9)   11 :  0.007 0.005 0.005 0.006 0.008 0.970 
352   ZFLB10    (0)   11 :  0.004 0.003 0.004 0.004 0.006 0.978 
353   ZFLB11    (0)   11 :  0.009 0.004 0.004 0.005 0.004 0.974 
354   ZFLB12    (0)   11 :  0.005 0.003 0.003 0.004 0.005 0.979 
355   ZFLB13    (0)   11 :  0.021 0.020 0.038 0.059 0.015 0.848 
356  ZFLTI01    (0)   12 :  0.054 0.086 0.847 0.006 0.004 0.002 
357  ZFLTI02    (0)   12 :  0.039 0.025 0.924 0.006 0.005 0.002 
358  ZFLTI03    (0)   12 :  0.008 0.018 0.964 0.004 0.004 0.002 
359  ZFLTI04    (0)   12 :  0.010 0.017 0.960 0.006 0.005 0.003 
360  ZFLTI05    (0)   12 :  0.006 0.010 0.974 0.004 0.004 0.002 
361  ZFLTI06    (0)   12 :  0.007 0.195 0.788 0.003 0.004 0.003 
362  ZFLTI07    (0)   12 :  0.008 0.022 0.957 0.005 0.005 0.002 
363  ZFLTI08    (0)   12 :  0.007 0.008 0.972 0.006 0.006 0.002 
364  ZFLTI09    (0)   12 :  0.007 0.033 0.947 0.004 0.007 0.002 
365  ZFLTI10    (0)   12 :  0.017 0.058 0.912 0.005 0.006 0.002 
366  ZFLTI11    (0)   12 :  0.006 0.152 0.831 0.004 0.004 0.002 
367  ZFLTI12    (0)   12 :  0.019 0.121 0.849 0.005 0.004 0.002 
368  ZFLTI13    (0)   12 :  0.014 0.012 0.962 0.006 0.004 0.002 
369  ZFLTI14    (0)   12 :  0.031 0.009 0.948 0.005 0.005 0.002 
370 ZFONF101    (0)   13 :  0.002 0.983 0.005 0.003 0.003 0.003 
371 ZFONF102    (0)   13 :  0.003 0.972 0.004 0.006 0.005 0.010 
372 ZFONF103    (0)   13 :  0.016 0.714 0.253 0.008 0.005 0.003 
373 ZFONF104    (0)   13 :  0.004 0.984 0.005 0.002 0.002 0.002 
374 ZFONF105    (0)   13 :  0.005 0.972 0.013 0.004 0.003 0.003 
375 ZFONF106    (0)   13 :  0.004 0.981 0.006 0.002 0.004 0.002 
376 ZFONF107    (0)   13 :  0.025 0.764 0.066 0.025 0.026 0.094 
377 ZFONF108    (0)   13 :  0.030 0.850 0.083 0.010 0.008 0.018 
378 ZFONF109    (9)   13 :  0.022 0.944 0.015 0.005 0.006 0.010 
379 ZFONF110    (0)   13 :  0.004 0.982 0.006 0.003 0.002 0.002 
380 ZFONF111    (0)   13 :  0.011 0.904 0.025 0.027 0.016 0.017 
381 ZFONF112    (0)   13 :  0.005 0.976 0.010 0.003 0.004 0.003 
382 ZFONF113    (9)   13 :  0.006 0.965 0.015 0.005 0.003 0.006 
383 ZFONF115    (0)   13 :  0.007 0.967 0.012 0.005 0.006 0.003 
384 ZFONF116    (0)   13 :  0.007 0.967 0.012 0.005 0.006 0.003 
385 ZFONF117    (0)   13 :  0.009 0.537 0.441 0.005 0.005 0.003 
386 ZFONF118    (0)   13 :  0.010 0.952 0.025 0.004 0.007 0.002 
387 ZFONF119    (0)   13 :  0.009 0.971 0.006 0.004 0.004 0.006 
388 ZFONF120    (0)   13 :  0.018 0.962 0.006 0.005 0.003 0.006 
389 ZFONF121    (0)   13 :  0.004 0.976 0.007 0.004 0.004 0.004 
390 ZFONF122    (0)   13 :  0.032 0.637 0.311 0.009 0.008 0.003 
391 ZFONF123    (0)   13 :  0.006 0.907 0.005 0.007 0.006 0.069 
392 ZFONF124    (0)   13 :  0.011 0.960 0.010 0.005 0.003 0.011 
393 ZFONF125    (0)   13 :  0.024 0.867 0.013 0.022 0.006 0.068 
394 ZFONF126    (0)   13 :  0.017 0.945 0.023 0.006 0.006 0.002 
395 ZFONF201    (0)   14 :  0.064 0.779 0.006 0.022 0.055 0.074 
396 ZFONF202    (0)   14 :  0.010 0.977 0.005 0.003 0.003 0.002 
397 ZFONF203    (0)   14 :  0.008 0.968 0.006 0.011 0.003 0.004 
398 ZFONF204    (0)   14 :  0.115 0.778 0.020 0.054 0.013 0.020 
399 ZFONF206    (0)   14 :  0.012 0.722 0.007 0.208 0.018 0.033 
400 ZFONF207    (0)   14 :  0.008 0.966 0.007 0.010 0.004 0.006 
401 ZFONF208    (0)   14 :  0.012 0.955 0.016 0.009 0.004 0.004 
402 ZFONF209    (0)   14 :  0.143 0.801 0.014 0.015 0.013 0.015 
403 ZFONF210    (0)   14 :  0.010 0.972 0.011 0.003 0.002 0.002 
404 ZFONF211    (0)   14 :  0.012 0.962 0.013 0.005 0.003 0.006 
405 ZFONF212    (0)   14 :  0.003 0.980 0.008 0.003 0.002 0.002 
406 ZFONF214    (0)   14 :  0.009 0.974 0.005 0.005 0.003 0.004 
407 ZFONF215    (0)   14 :  0.006 0.981 0.005 0.003 0.002 0.002 
408 ZFONF216    (0)   14 :  0.006 0.970 0.013 0.005 0.003 0.004 
409 ZFONF217    (0)   14 :  0.007 0.976 0.008 0.003 0.003 0.003 
410 ZFONF218    (0)   14 :  0.004 0.942 0.009 0.024 0.007 0.015 
411 ZFONF219    (0)   14 :  0.004 0.984 0.005 0.004 0.002 0.002 
412 ZFONF220    (0)   14 :  0.007 0.977 0.006 0.004 0.003 0.003 
413 ZFONF222    (0)   14 :  0.008 0.945 0.011 0.013 0.005 0.018 
414 ZFONF223    (0)   14 :  0.004 0.956 0.005 0.013 0.006 0.015 
415 ZFONF224    (0)   14 :  0.005 0.978 0.007 0.005 0.003 0.002 
416 ZFONF225    (0)   14 :  0.005 0.980 0.008 0.003 0.002 0.002 
417 ZFONF226    (0)   14 :  0.007 0.976 0.007 0.004 0.003 0.003 
418 ZFONF227    (0)   14 :  0.004 0.982 0.007 0.003 0.002 0.002 
419 ZFONF228    (0)   14 :  0.004 0.973 0.015 0.003 0.002 0.002 
420 ZFONF230    (0)   14 :  0.005 0.982 0.007 0.003 0.002 0.002 
421 ZFONF231    (0)   14 :  0.016 0.965 0.010 0.004 0.003 0.003 
422 ZFONF232    (0)   14 :  0.003 0.983 0.005 0.004 0.002 0.002 
423 ZFONF233    (0)   14 :  0.010 0.973 0.006 0.005 0.002 0.003 
424 ZFONF234    (0)   14 :  0.009 0.943 0.022 0.018 0.003 0.005 
425 ZFONF235    (0)   14 :  0.007 0.976 0.008 0.005 0.002 0.002 
426 ZFONF236    (0)   14 :  0.034 0.876 0.027 0.030 0.018 0.015 
427 ZFONF238    (0)   14 :  0.005 0.975 0.006 0.008 0.003 0.002 
428 ZFONF239    (0)   14 :  0.046 0.891 0.007 0.024 0.018 0.014 
429 ZFONF240    (0)   14 :  0.013 0.968 0.012 0.003 0.002 0.002 
430 ZFONF241    (0)   14 :  0.005 0.970 0.008 0.010 0.005 0.003 
431 ZFONF242    (0)   14 :  0.010 0.973 0.006 0.005 0.003 0.002 
432 ZFONF243    (0)   14 :  0.008 0.959 0.023 0.004 0.003 0.004 
433 ZFONF244    (0)   14 :  0.007 0.978 0.006 0.003 0.002 0.003 
434 ZFONF245    (0)   14 :  0.009 0.953 0.029 0.005 0.002 0.002 
435   ZFOS01    (0)   15 :  0.947 0.020 0.020 0.006 0.004 0.003 
436   ZFOS02    (0)   15 :  0.914 0.026 0.024 0.011 0.020 0.005 
437   ZFOS03    (0)   15 :  0.917 0.008 0.007 0.008 0.009 0.051 
438   ZFOS04    (0)   15 :  0.864 0.052 0.059 0.008 0.013 0.005 
439   ZFOS05    (0)   15 :  0.927 0.027 0.028 0.008 0.006 0.003 
440   ZFOS06    (0)   15 :  0.945 0.015 0.020 0.009 0.006 0.006 
441   ZFOS07    (0)   15 :  0.966 0.005 0.006 0.005 0.015 0.003 
442   ZFOS08    (0)   15 :  0.947 0.013 0.016 0.005 0.017 0.003 
443   ZFOS09    (0)   15 :  0.850 0.061 0.036 0.020 0.018 0.015 
444   ZFOS10    (0)   15 :  0.948 0.003 0.007 0.011 0.020 0.011 
445   ZFOS11    (0)   15 :  0.712 0.012 0.177 0.073 0.021 0.004 
446   ZFOS12    (0)   15 :  0.652 0.017 0.040 0.226 0.048 0.018 
447   ZFOS13    (0)   15 :  0.950 0.010 0.014 0.009 0.013 0.004 
448   ZFOS14    (0)   15 :  0.762 0.008 0.082 0.036 0.103 0.009 
449   ZFOS15    (0)   15 :  0.980 0.003 0.005 0.005 0.004 0.003 
450   ZFOS16    (0)   15 :  0.906 0.030 0.037 0.009 0.011 0.007 
451   ZFOS17    (0)   15 :  0.971 0.004 0.006 0.006 0.007 0.006 
452   ZFOS18    (0)   15 :  0.964 0.004 0.010 0.009 0.006 0.007 
453   ZFOS19    (0)   15 :  0.977 0.004 0.005 0.007 0.004 0.004 
454   ZFOS20    (0)   15 :  0.969 0.007 0.006 0.005 0.008 0.005 
455   ZFOS21    (0)   15 :  0.950 0.015 0.020 0.004 0.007 0.005 
456   ZFOS22    (0)   15 :  0.970 0.006 0.009 0.007 0.003 0.006 
457   ZFOS23    (0)   15 :  0.781 0.002 0.004 0.031 0.169 0.013 
458   ZFOS24    (0)   15 :  0.976 0.003 0.008 0.006 0.004 0.003 
459   ZFOS25    (0)   15 :  0.417 0.027 0.512 0.023 0.016 0.006 
460   ZFOS26    (0)   15 :  0.521 0.074 0.369 0.015 0.016 0.005 
461   ZFOS27    (0)   15 :  0.940 0.021 0.020 0.005 0.006 0.008 
462   ZFOS28    (0)   15 :  0.945 0.007 0.015 0.009 0.015 0.009 
463   ZFOS29    (0)   15 :  0.956 0.009 0.011 0.005 0.009 0.010 
464   ZFOS30    (0)   15 :  0.973 0.008 0.007 0.004 0.005 0.003 
465   ZFOS31    (0)   15 :  0.884 0.028 0.014 0.030 0.039 0.004 
466   ZFOS32    (0)   15 :  0.940 0.020 0.019 0.007 0.009 0.005 
467   ZFPB01    (0)   16 :  0.003 0.002 0.003 0.003 0.004 0.985 
468   ZFPB02    (0)   16 :  0.003 0.004 0.003 0.004 0.003 0.983 
469   ZFPB03    (0)   16 :  0.004 0.003 0.004 0.003 0.003 0.982 
470   ZFPB05    (0)   16 :  0.003 0.002 0.003 0.003 0.002 0.987 
471   ZFPB06    (0)   16 :  0.005 0.002 0.003 0.003 0.004 0.983 
472   ZFPB07    (0)   16 :  0.003 0.004 0.003 0.003 0.002 0.986 
473   ZFPB08    (0)   16 :  0.004 0.004 0.003 0.004 0.003 0.982 
474   ZFPB10    (0)   16 :  0.003 0.002 0.004 0.003 0.003 0.985 
475   ZFPB11    (0)   16 :  0.004 0.003 0.002 0.004 0.003 0.985 
476   ZFPB12    (0)   16 :  0.003 0.002 0.003 0.004 0.003 0.985 
477   ZFPB13    (0)   16 :  0.003 0.004 0.003 0.003 0.003 0.985 
478   ZFPB14    (0)   16 :  0.003 0.004 0.003 0.003 0.003 0.985 
479   ZFPB15    (0)   16 :  0.004 0.004 0.003 0.003 0.003 0.984 
480   ZFPB17    (0)   16 :  0.003 0.002 0.002 0.003 0.003 0.986 
481   ZFPB18    (0)   16 :  0.003 0.003 0.002 0.003 0.002 0.987 
482   ZFPB19    (0)   16 :  0.005 0.003 0.003 0.003 0.005 0.981 
483   ZFPB20    (0)   16 :  0.002 0.002 0.002 0.002 0.003 0.988 
484   ZFPB21    (0)   16 :  0.003 0.004 0.003 0.003 0.003 0.985 
485   ZFPB22    (0)   16 :  0.003 0.002 0.002 0.003 0.003 0.987 
486   ZFPB23    (0)   16 :  0.003 0.003 0.003 0.003 0.003 0.985 
487   ZFSF01    (0)   17 :  0.006 0.003 0.004 0.280 0.705 0.002 
488   ZFSF02    (0)   17 :  0.019 0.024 0.022 0.634 0.296 0.005 
489   ZFSF03    (0)   17 :  0.005 0.004 0.004 0.218 0.766 0.003 
490   ZFSF04    (0)   17 :  0.011 0.008 0.005 0.012 0.963 0.002 
491  ZFSW101    (0)   18 :  0.008 0.051 0.013 0.008 0.918 0.003 
492  ZFSW102    (0)   18 :  0.013 0.009 0.004 0.008 0.962 0.003 
493  ZFSW103    (0)   18 :  0.006 0.019 0.028 0.011 0.933 0.003 
494  ZFSW104    (9)   18 :  0.049 0.027 0.011 0.029 0.879 0.005 
495  ZFSW105    (0)   18 :  0.009 0.036 0.006 0.006 0.940 0.003 
496  ZFSW106    (0)   18 :  0.006 0.043 0.013 0.086 0.845 0.007 
497  ZFSW107    (0)   18 :  0.006 0.007 0.004 0.005 0.974 0.004 
498  ZFSW108    (0)   18 :  0.005 0.003 0.003 0.008 0.977 0.004 
499  ZFSW109    (0)   18 :  0.007 0.007 0.006 0.005 0.972 0.003 
500  ZFSW110    (0)   18 :  0.007 0.024 0.013 0.009 0.944 0.004 
501  ZFSW111    (0)   18 :  0.026 0.121 0.011 0.009 0.828 0.004 
502  ZFSW112    (0)   18 :  0.077 0.020 0.009 0.008 0.883 0.004 
503  ZFSW113    (0)   18 :  0.013 0.030 0.018 0.044 0.892 0.004 
504  ZFSW114    (0)   18 :  0.008 0.009 0.004 0.008 0.967 0.003 
505  ZFSW115    (0)   18 :  0.011 0.014 0.004 0.111 0.858 0.002 
506  ZFSW116    (0)   18 :  0.009 0.029 0.009 0.015 0.930 0.008 
507  ZFSW117    (0)   18 :  0.010 0.045 0.015 0.017 0.907 0.006 
508  ZFSW119    (0)   18 :  0.016 0.003 0.003 0.014 0.962 0.003 
509  ZFSW120    (0)   18 :  0.006 0.002 0.002 0.018 0.969 0.003 
510  ZFSW121    (0)   18 :  0.037 0.037 0.008 0.075 0.837 0.005 
511  ZFSW122    (0)   18 :  0.006 0.009 0.008 0.005 0.969 0.003 
512  ZFSW123    (0)   18 :  0.005 0.004 0.003 0.005 0.980 0.003 
513  ZFSW124    (0)   18 :  0.009 0.004 0.004 0.007 0.973 0.003 
514  ZFSW201    (0)   19 :  0.006 0.003 0.004 0.008 0.973 0.005 
515  ZFSW202    (0)   19 :  0.006 0.004 0.003 0.006 0.976 0.005 
516  ZFSW203    (0)   19 :  0.009 0.003 0.003 0.007 0.973 0.004 
517  ZFSW204    (0)   19 :  0.011 0.004 0.005 0.008 0.966 0.005 
518  ZFSW205    (0)   19 :  0.005 0.004 0.007 0.006 0.975 0.003 
519  ZFSW206    (0)   19 :  0.005 0.005 0.006 0.016 0.965 0.003 
520  ZFSW207    (0)   19 :  0.005 0.007 0.008 0.006 0.971 0.003 
521  ZFSW208    (0)   19 :  0.005 0.005 0.005 0.015 0.966 0.004 
522  ZFSW209    (0)   19 :  0.006 0.006 0.005 0.121 0.859 0.004 
523  ZFSW210    (0)   19 :  0.008 0.014 0.023 0.009 0.943 0.003 
524  ZFSW211    (0)   19 :  0.006 0.006 0.014 0.049 0.922 0.003 
525  ZFSW212    (0)   19 :  0.008 0.005 0.007 0.008 0.970 0.003 
526  ZFSW213    (0)   19 :  0.009 0.005 0.004 0.005 0.974 0.003 
527  ZFSW214    (0)   19 :  0.013 0.006 0.005 0.008 0.965 0.002 
528  ZFSW215    (0)   19 :  0.008 0.004 0.003 0.005 0.977 0.004 
529  ZFSW216    (0)   19 :  0.007 0.006 0.011 0.013 0.961 0.003 
530  ZFSW217    (0)   19 :  0.009 0.004 0.004 0.006 0.974 0.003 
531  ZFSW218    (0)   19 :  0.007 0.004 0.006 0.007 0.973 0.003 
532  ZFSW219    (0)   19 :  0.014 0.007 0.008 0.033 0.933 0.005 
533  ZFSW220    (0)   19 :  0.008 0.005 0.004 0.014 0.962 0.008 
534  ZFSW221    (0)   19 :  0.007 0.005 0.009 0.022 0.954 0.004 
535  ZFSW222    (0)   19 :  0.004 0.003 0.003 0.007 0.979 0.004 
536  ZFSW223    (0)   19 :  0.007 0.004 0.003 0.015 0.963 0.008 
537  ZFSW224    (0)   19 :  0.007 0.006 0.007 0.019 0.957 0.003 
538  ZFSW225    (0)   19 :  0.006 0.004 0.007 0.008 0.971 0.004 
539  ZFSW226    (0)   19 :  0.005 0.005 0.004 0.005 0.975 0.005 
540  ZFSW227    (0)   19 :  0.006 0.004 0.005 0.007 0.975 0.003 
541  ZFSW229    (0)   19 :  0.005 0.004 0.006 0.012 0.969 0.003 
542  ZFSW230    (0)   19 :  0.008 0.011 0.007 0.006 0.965 0.004 
543  ZFSW231    (0)   19 :  0.006 0.005 0.006 0.015 0.964 0.004 
544  ZFSW232    (0)   19 :  0.004 0.004 0.004 0.010 0.973 0.004 
545  ZFSW233    (0)   19 :  0.007 0.006 0.005 0.018 0.960 0.005 
546  ZFSW234    (0)   19 :  0.005 0.003 0.003 0.004 0.980 0.004 
547  ZFSW235    (0)   19 :  0.011 0.005 0.006 0.012 0.962 0.004 
548  ZFSW236    (0)   19 :  0.008 0.004 0.004 0.005 0.976 0.003 
549  ZFSW237    (0)   19 :  0.015 0.005 0.004 0.019 0.954 0.003 
550  ZFSW238    (0)   19 :  0.091 0.031 0.010 0.122 0.735 0.010 
551  ZFSW239    (0)   19 :  0.004 0.007 0.006 0.004 0.975 0.004 
552  ZFSW240    (0)   19 :  0.005 0.003 0.005 0.008 0.976 0.004 
553   ZFTS01    (0)   20 :  0.004 0.005 0.004 0.011 0.950 0.026 
554   ZFTS02    (0)   20 :  0.006 0.007 0.005 0.009 0.968 0.006 
555   ZFTS03    (0)   20 :  0.006 0.004 0.003 0.006 0.974 0.006 
556   ZFTS04    (0)   20 :  0.006 0.004 0.003 0.013 0.948 0.026 
