

----------------------------------------------------
STRUCTURE by Pritchard, Stephens and Donnelly (2000)
     and Falush, Stephens and Pritchard (2003)
       Code by Pritchard, Falush and Hubisz
             Version 2.3.4 (Jul 2012)
----------------------------------------------------



Command line arguments:   bin\structure -m C:\Users\eschumacher\Documents\GitHub\GCC_QUAC_ZAIN\Data_Files\Structure_Files\ZAIN\ZAIN_rebinned_wild\50-50\mainparams -e C:\Users\eschumacher\Documents\GitHub\GCC_QUAC_ZAIN\Data_Files\Structure_Files\ZAIN\ZAIN_rebinned_wild\50-50\extraparams 
Input File:    C:\Users\eschumacher\Documents\GitHub\GCC_QUAC_ZAIN\Data_Files\Structure_Files\ZAIN\ZAIN_rebinned_wild\project_data

Run parameters:
   751 individuals
   11 loci
   8 populations assumed
   50000 Burn-in period
   50000 Reps


--------------------------------------------
Proportion of membership of each pre-defined
 population in each of the 8 clusters

Given    Inferred Clusters                                          Number of
 Pop       1      2      3      4      5      6      7      8      Individuals

  1:     0.009  0.007  0.914  0.005  0.013  0.038  0.005  0.010       35
  2:     0.861  0.031  0.007  0.025  0.007  0.005  0.056  0.009       36
  3:     0.897  0.009  0.005  0.032  0.007  0.006  0.031  0.014       33
  4:     0.011  0.933  0.007  0.009  0.006  0.021  0.008  0.007       40
  5:     0.006  0.008  0.004  0.005  0.004  0.003  0.966  0.004       39
  6:     0.057  0.029  0.163  0.031  0.386  0.045  0.024  0.266       40
  7:     0.012  0.033  0.048  0.023  0.753  0.067  0.012  0.053       37
  8:     0.921  0.006  0.006  0.018  0.004  0.003  0.037  0.006       40
  9:     0.005  0.038  0.926  0.003  0.006  0.007  0.009  0.006       28
 10:     0.015  0.875  0.008  0.008  0.016  0.053  0.010  0.015       14
 11:     0.009  0.008  0.010  0.005  0.038  0.890  0.033  0.008       13
 12:     0.092  0.018  0.006  0.014  0.004  0.002  0.856  0.008       14
 13:     0.894  0.010  0.005  0.041  0.008  0.009  0.027  0.006       25
 14:     0.015  0.008  0.007  0.947  0.006  0.005  0.007  0.005       40
 15:     0.027  0.862  0.021  0.007  0.013  0.008  0.043  0.019       32
 16:     0.004  0.004  0.003  0.004  0.005  0.971  0.004  0.003       20
 17:     0.011  0.011  0.695  0.006  0.059  0.009  0.007  0.203        4
 18:     0.042  0.013  0.858  0.013  0.016  0.015  0.008  0.035       23
 19:     0.006  0.008  0.947  0.004  0.014  0.006  0.006  0.009       39
 20:     0.006  0.007  0.066  0.004  0.011  0.891  0.005  0.011       38
 21:     0.129  0.009  0.005  0.065  0.007  0.005  0.765  0.016       45
 22:     0.514  0.018  0.005  0.026  0.014  0.013  0.402  0.008       28
 23:     0.005  0.007  0.933  0.005  0.026  0.009  0.006  0.009        6
 24:     0.008  0.007  0.015  0.015  0.026  0.006  0.013  0.910       40
 25:     0.011  0.011  0.014  0.011  0.864  0.050  0.018  0.021       42
--------------------------------------------

Allele-freq. divergence among pops (Net nucleotide distance),
computed using point estimates of P.

      1       2       3       4       5       6       7       8      
 1      -    0.1653  0.2209  0.1071  0.1748  0.2709  0.1076  0.1492  
 2   0.1653     -    0.1527  0.1813  0.1065  0.2094  0.1235  0.1369  
 3   0.2209  0.1527     -    0.3327  0.0883  0.1587  0.2233  0.1605  
 4   0.1071  0.1813  0.3327     -    0.2533  0.3405  0.1739  0.1681  
 5   0.1748  0.1065  0.0883  0.2533     -    0.0993  0.1422  0.0932  
 6   0.2709  0.2094  0.1587  0.3405  0.0993     -    0.2826  0.2202  
 7   0.1076  0.1235  0.2233  0.1739  0.1422  0.2826     -    0.1433  
 8   0.1492  0.1369  0.1605  0.1681  0.0932  0.2202  0.1433     -    

Average distances (expected heterozygosity) between individuals in same cluster:
cluster  1  : 0.4124 
cluster  2  : 0.4339 
cluster  3  : 0.4684 
cluster  4  : 0.3689 
cluster  5  : 0.5604 
cluster  6  : 0.4292 
cluster  7  : 0.3946 
cluster  8  : 0.4506 

--------------------------------------------
Estimated Ln Prob of Data   = -14046.8
Mean value of ln likelihood = -13707.2
Variance of ln likelihood   = 679.1
Mean value of alpha         = 0.0322

Mean value of Fst_1         = 0.3607
Mean value of Fst_2         = 0.4113
Mean value of Fst_3         = 0.3555
Mean value of Fst_4         = 0.4401
Mean value of Fst_5         = 0.1147
Mean value of Fst_6         = 0.4213
Mean value of Fst_7         = 0.4780
Mean value of Fst_8         = 0.3203


Inferred ancestry of individuals:
        Label (%Miss) Pop:  Inferred clusters
  1    ZFB01    (0)    1 :  0.005 0.004 0.970 0.003 0.004 0.008 0.003 0.003 
  2    ZFB02    (0)    1 :  0.003 0.008 0.920 0.003 0.008 0.051 0.002 0.004 
  3    ZFB03    (0)    1 :  0.005 0.004 0.963 0.002 0.007 0.005 0.007 0.006 
  4    ZFB04    (0)    1 :  0.004 0.007 0.921 0.003 0.007 0.052 0.003 0.004 
  5    ZFB05    (0)    1 :  0.003 0.010 0.708 0.010 0.054 0.174 0.007 0.034 
  6    ZFB06    (0)    1 :  0.003 0.008 0.800 0.012 0.059 0.085 0.008 0.025 
  7    ZFB07    (9)    1 :  0.008 0.004 0.952 0.004 0.013 0.008 0.006 0.005 
  8    ZFB08    (0)    1 :  0.006 0.006 0.947 0.005 0.006 0.005 0.006 0.019 
  9    ZFB09    (0)    1 :  0.003 0.003 0.975 0.002 0.004 0.004 0.003 0.004 
 10    ZFB10    (0)    1 :  0.023 0.007 0.940 0.006 0.005 0.010 0.004 0.005 
 11    ZFB11    (0)    1 :  0.009 0.007 0.949 0.003 0.005 0.019 0.003 0.003 
 12    ZFB12    (0)    1 :  0.010 0.005 0.899 0.004 0.014 0.034 0.008 0.028 
 13    ZFB13    (0)    1 :  0.010 0.004 0.950 0.006 0.008 0.007 0.005 0.010 
 14    ZFB14    (0)    1 :  0.005 0.005 0.971 0.003 0.004 0.004 0.003 0.004 
 15    ZFB15    (0)    1 :  0.003 0.003 0.969 0.002 0.005 0.012 0.002 0.004 
 16    ZFB16    (0)    1 :  0.006 0.004 0.954 0.004 0.006 0.013 0.004 0.009 
 17    ZFB17    (0)    1 :  0.010 0.021 0.868 0.012 0.014 0.031 0.007 0.039 
 18    ZFB18    (0)    1 :  0.004 0.004 0.976 0.003 0.004 0.004 0.003 0.004 
 19    ZFB19    (0)    1 :  0.034 0.004 0.904 0.008 0.015 0.009 0.010 0.016 
 20    ZFB20    (0)    1 :  0.006 0.004 0.929 0.004 0.006 0.038 0.004 0.009 
 21    ZFB21    (0)    1 :  0.003 0.003 0.968 0.002 0.007 0.011 0.003 0.004 
 22    ZFB22    (0)    1 :  0.012 0.009 0.873 0.011 0.012 0.065 0.007 0.012 
 23    ZFB23    (0)    1 :  0.008 0.006 0.937 0.003 0.007 0.030 0.004 0.004 
 24    ZFB24    (0)    1 :  0.008 0.006 0.923 0.003 0.005 0.048 0.003 0.004 
 25    ZFB25    (0)    1 :  0.023 0.004 0.950 0.004 0.004 0.006 0.005 0.003 
 26    ZFB26    (0)    1 :  0.022 0.007 0.862 0.004 0.009 0.088 0.005 0.003 
 27    ZFB27    (0)    1 :  0.008 0.004 0.885 0.003 0.005 0.087 0.004 0.003 
 28    ZFB28    (0)    1 :  0.010 0.011 0.799 0.003 0.046 0.112 0.007 0.013 
 29    ZFB29    (0)    1 :  0.004 0.008 0.953 0.002 0.007 0.020 0.002 0.003 
 30    ZFB30    (0)    1 :  0.005 0.004 0.702 0.012 0.064 0.192 0.011 0.010 
 31    ZFB31    (0)    1 :  0.015 0.004 0.958 0.004 0.004 0.007 0.005 0.004 
 32    ZFB32    (0)    1 :  0.018 0.031 0.799 0.004 0.033 0.074 0.011 0.031 
 33    ZFB33    (0)    1 :  0.003 0.003 0.970 0.002 0.005 0.011 0.003 0.003 
 34    ZFB34    (0)    1 :  0.004 0.005 0.974 0.003 0.005 0.004 0.003 0.004 
 35    ZFB35    (0)    1 :  0.006 0.005 0.964 0.003 0.004 0.009 0.004 0.004 
 36  ZFBP101    (0)    2 :  0.657 0.142 0.011 0.045 0.010 0.008 0.110 0.017 
 37  ZFBP102    (0)    2 :  0.896 0.017 0.015 0.014 0.015 0.013 0.020 0.010 
 38  ZFBP103    (0)    2 :  0.376 0.241 0.008 0.016 0.010 0.008 0.329 0.011 
 39  ZFBP104    (0)    2 :  0.802 0.004 0.032 0.008 0.018 0.009 0.082 0.046 
 40  ZFBP105    (0)    2 :  0.941 0.006 0.006 0.005 0.006 0.005 0.025 0.007 
 41  ZFBP106    (0)    2 :  0.924 0.007 0.003 0.010 0.004 0.003 0.043 0.006 
 42  ZFBP107    (0)    2 :  0.883 0.009 0.005 0.005 0.012 0.014 0.066 0.007 
 43  ZFBP108    (0)    2 :  0.973 0.003 0.003 0.005 0.003 0.003 0.008 0.003 
 44  ZFBP109    (0)    2 :  0.969 0.004 0.004 0.005 0.005 0.002 0.007 0.004 
 45  ZFBP110    (0)    2 :  0.659 0.040 0.047 0.006 0.047 0.008 0.176 0.016 
 46  ZFBP111    (0)    2 :  0.690 0.005 0.003 0.213 0.006 0.004 0.064 0.017 
 47  ZFBP112    (0)    2 :  0.918 0.012 0.004 0.038 0.004 0.005 0.012 0.007 
 48  ZFBP113    (0)    2 :  0.972 0.003 0.003 0.004 0.004 0.003 0.005 0.006 
 49  ZFBP114    (0)    2 :  0.957 0.007 0.004 0.006 0.006 0.006 0.012 0.003 
 50  ZFBP115    (0)    2 :  0.487 0.015 0.003 0.016 0.005 0.004 0.461 0.010 
 51  ZFBP116    (0)    2 :  0.964 0.005 0.003 0.006 0.005 0.003 0.009 0.007 
 52  ZFBP117    (0)    2 :  0.966 0.006 0.003 0.007 0.004 0.002 0.008 0.004 
 53  ZFBP118    (0)    2 :  0.957 0.005 0.003 0.008 0.006 0.007 0.011 0.003 
 54  ZFBP119    (0)    2 :  0.791 0.033 0.004 0.018 0.006 0.002 0.131 0.015 
 55  ZFBP120    (0)    2 :  0.938 0.004 0.006 0.004 0.005 0.004 0.030 0.007 
 56  ZFBP121    (0)    2 :  0.961 0.008 0.005 0.005 0.005 0.003 0.009 0.004 
 57  ZFBP122    (9)    2 :  0.956 0.005 0.004 0.011 0.004 0.003 0.011 0.006 
 58  ZFBP123    (0)    2 :  0.940 0.013 0.003 0.016 0.005 0.006 0.007 0.010 
 59  ZFBP124    (0)    2 :  0.966 0.005 0.006 0.005 0.004 0.004 0.006 0.004 
 60  ZFBP125    (0)    2 :  0.957 0.006 0.002 0.015 0.003 0.002 0.010 0.004 
 61  ZFBP126    (0)    2 :  0.907 0.026 0.009 0.006 0.014 0.011 0.005 0.021 
 62  ZFBP127    (0)    2 :  0.910 0.013 0.003 0.004 0.004 0.003 0.060 0.003 
 63  ZFBP128    (0)    2 :  0.942 0.011 0.004 0.021 0.003 0.002 0.013 0.004 
 64  ZFBP129    (0)    2 :  0.844 0.008 0.005 0.123 0.005 0.003 0.006 0.005 
 65  ZFBP130    (0)    2 :  0.903 0.017 0.002 0.048 0.004 0.003 0.016 0.007 
 66  ZFBP131    (0)    2 :  0.972 0.003 0.004 0.005 0.004 0.003 0.004 0.005 
 67  ZFBP132    (0)    2 :  0.971 0.003 0.003 0.004 0.003 0.003 0.010 0.003 
 68  ZFBP133    (0)    2 :  0.845 0.007 0.003 0.130 0.003 0.002 0.005 0.006 
 69  ZFBP134    (0)    2 :  0.778 0.041 0.004 0.013 0.004 0.003 0.144 0.013 
 70  ZFBP135    (0)    2 :  0.660 0.258 0.013 0.016 0.009 0.005 0.031 0.009 
 71  ZFBP136    (0)    2 :  0.763 0.117 0.004 0.043 0.005 0.007 0.055 0.006 
 72  ZFBP201    (0)    3 :  0.960 0.005 0.005 0.005 0.005 0.006 0.009 0.006 
 73  ZFBP202    (0)    3 :  0.960 0.004 0.005 0.008 0.004 0.003 0.012 0.005 
 74  ZFBP203    (0)    3 :  0.876 0.006 0.006 0.018 0.023 0.039 0.007 0.025 
 75  ZFBP204    (0)    3 :  0.877 0.016 0.004 0.018 0.005 0.005 0.066 0.008 
 76  ZFBP205    (0)    3 :  0.958 0.009 0.003 0.012 0.004 0.005 0.004 0.005 
 77  ZFBP206    (0)    3 :  0.897 0.014 0.004 0.057 0.005 0.007 0.006 0.011 
 78  ZFBP207    (0)    3 :  0.774 0.012 0.004 0.008 0.005 0.003 0.189 0.005 
 79  ZFBP208    (0)    3 :  0.946 0.007 0.003 0.009 0.006 0.011 0.004 0.013 
 80  ZFBP209    (0)    3 :  0.891 0.008 0.003 0.084 0.003 0.002 0.004 0.005 
 81  ZFBP210    (0)    3 :  0.946 0.005 0.004 0.013 0.006 0.007 0.010 0.009 
 82  ZFBP211    (0)    3 :  0.965 0.005 0.005 0.004 0.004 0.004 0.009 0.004 
 83  ZFBP212    (0)    3 :  0.936 0.003 0.006 0.005 0.003 0.003 0.041 0.003 
 84  ZFBP213    (0)    3 :  0.942 0.011 0.008 0.010 0.005 0.005 0.010 0.009 
 85  ZFBP214    (0)    3 :  0.761 0.042 0.013 0.094 0.010 0.004 0.038 0.038 
 86  ZFBP215    (0)    3 :  0.967 0.006 0.004 0.007 0.003 0.003 0.007 0.004 
 87  ZFBP216    (0)    3 :  0.938 0.005 0.005 0.006 0.008 0.006 0.010 0.022 
 88  ZFBP217    (0)    3 :  0.691 0.007 0.008 0.199 0.007 0.004 0.061 0.023 
 89  ZFBP218    (0)    3 :  0.969 0.003 0.003 0.010 0.003 0.003 0.005 0.005 
 90  ZFBP219    (0)    3 :  0.973 0.003 0.003 0.004 0.004 0.003 0.005 0.005 
 91  ZFBP220    (0)    3 :  0.916 0.016 0.003 0.031 0.004 0.004 0.020 0.007 
 92  ZFBP221    (0)    3 :  0.953 0.003 0.004 0.007 0.003 0.003 0.021 0.006 
 93  ZFBP222    (0)    3 :  0.960 0.009 0.004 0.009 0.004 0.005 0.004 0.006 
 94  ZFBP223    (0)    3 :  0.824 0.008 0.008 0.007 0.007 0.004 0.137 0.005 
 95  ZFBP224    (0)    3 :  0.962 0.006 0.005 0.005 0.005 0.004 0.007 0.006 
 96  ZFBP225    (0)    3 :  0.488 0.011 0.003 0.354 0.009 0.008 0.109 0.017 
 97  ZFBP226    (0)    3 :  0.969 0.004 0.003 0.005 0.004 0.004 0.006 0.005 
 98  ZFBP227    (0)    3 :  0.717 0.006 0.016 0.008 0.042 0.009 0.049 0.153 
 99  ZFBP228    (0)    3 :  0.833 0.017 0.005 0.007 0.005 0.003 0.127 0.004 
100  ZFBP229    (0)    3 :  0.955 0.006 0.003 0.016 0.004 0.003 0.007 0.006 
101  ZFBP230    (0)    3 :  0.909 0.023 0.003 0.026 0.004 0.003 0.021 0.009 
102  ZFBP231    (0)    3 :  0.963 0.005 0.004 0.005 0.004 0.004 0.008 0.005 
103  ZFBP232    (0)    3 :  0.972 0.004 0.003 0.006 0.003 0.003 0.005 0.004 
104  ZFBP233    (0)    3 :  0.947 0.006 0.006 0.014 0.005 0.004 0.010 0.008 
105   ZFCC01    (0)    4 :  0.004 0.966 0.010 0.004 0.004 0.005 0.004 0.004 
106   ZFCC03    (0)    4 :  0.004 0.971 0.005 0.005 0.003 0.003 0.005 0.003 
107   ZFCC04    (0)    4 :  0.004 0.969 0.005 0.006 0.004 0.004 0.004 0.004 
108   ZFCC05    (0)    4 :  0.005 0.958 0.007 0.006 0.005 0.004 0.009 0.005 
109   ZFCC08    (0)    4 :  0.012 0.952 0.004 0.014 0.003 0.002 0.007 0.006 
110   ZFCC09    (0)    4 :  0.004 0.972 0.006 0.003 0.003 0.003 0.006 0.003 
111   ZFCC10    (0)    4 :  0.005 0.966 0.011 0.004 0.004 0.004 0.004 0.003 
112   ZFCC11    (0)    4 :  0.004 0.968 0.006 0.005 0.004 0.003 0.006 0.004 
113   ZFCC12    (0)    4 :  0.006 0.893 0.016 0.004 0.015 0.050 0.007 0.008 
114   ZFCC13    (0)    4 :  0.009 0.946 0.004 0.008 0.006 0.007 0.010 0.010 
115   ZFCC14    (0)    4 :  0.010 0.957 0.009 0.007 0.005 0.005 0.004 0.003 
116   ZFCC15    (0)    4 :  0.004 0.962 0.004 0.005 0.006 0.006 0.005 0.008 
117   ZFCC16    (0)    4 :  0.003 0.970 0.005 0.005 0.004 0.004 0.004 0.005 
118   ZFCC17    (0)    4 :  0.003 0.968 0.006 0.003 0.004 0.008 0.004 0.004 
119   ZFCC18    (0)    4 :  0.004 0.968 0.006 0.006 0.004 0.004 0.005 0.004 
120   ZFCC19    (0)    4 :  0.003 0.965 0.004 0.003 0.006 0.007 0.004 0.008 
121   ZFCC20    (0)    4 :  0.004 0.968 0.004 0.006 0.004 0.003 0.006 0.006 
122   ZFCC21    (0)    4 :  0.027 0.865 0.009 0.032 0.006 0.006 0.005 0.051 
123   ZFCC22    (0)    4 :  0.172 0.746 0.007 0.044 0.003 0.005 0.016 0.007 
124   ZFCC26    (0)    4 :  0.003 0.972 0.005 0.004 0.004 0.004 0.004 0.005 
125   ZFCC27    (0)    4 :  0.003 0.975 0.004 0.004 0.003 0.003 0.005 0.003 
126   ZFCC29    (0)    4 :  0.004 0.960 0.007 0.005 0.005 0.004 0.005 0.009 
127   ZFCC30    (0)    4 :  0.003 0.973 0.003 0.005 0.003 0.003 0.006 0.003 
128   ZFCC32    (0)    4 :  0.004 0.957 0.005 0.006 0.006 0.007 0.006 0.010 
129   ZFCC33    (0)    4 :  0.004 0.967 0.006 0.003 0.007 0.004 0.005 0.004 
130   ZFCC34    (0)    4 :  0.045 0.866 0.017 0.015 0.005 0.012 0.034 0.005 
131   ZFCC35    (0)    4 :  0.004 0.975 0.003 0.004 0.003 0.003 0.004 0.004 
132   ZFCC36    (0)    4 :  0.008 0.940 0.004 0.010 0.006 0.011 0.007 0.014 
133   ZFCC37    (0)    4 :  0.008 0.889 0.020 0.005 0.017 0.042 0.009 0.010 
134   ZFCC40    (0)    4 :  0.006 0.968 0.006 0.004 0.004 0.006 0.003 0.003 
135   ZFCC42    (0)    4 :  0.006 0.355 0.013 0.012 0.026 0.530 0.053 0.005 
136   ZFCC44    (0)    4 :  0.003 0.976 0.003 0.003 0.004 0.003 0.006 0.002 
137   ZFCC45    (9)    4 :  0.005 0.940 0.012 0.004 0.012 0.013 0.006 0.007 
138   ZFCC46    (0)    4 :  0.008 0.938 0.003 0.025 0.003 0.004 0.013 0.006 
139   ZFCC47    (0)    4 :  0.005 0.926 0.015 0.007 0.006 0.029 0.006 0.005 
140   ZFCC48    (0)    4 :  0.020 0.914 0.007 0.037 0.004 0.003 0.005 0.010 
141   ZFCC50    (0)    4 :  0.003 0.974 0.005 0.004 0.003 0.004 0.004 0.004 
142   ZFCC51    (0)    4 :  0.003 0.974 0.004 0.004 0.003 0.003 0.005 0.003 
143   ZFCC52    (0)    4 :  0.010 0.955 0.004 0.010 0.004 0.006 0.006 0.005 
144   ZFCC53    (0)    4 :  0.003 0.976 0.004 0.003 0.003 0.003 0.004 0.003 
145  ZFCNS01    (0)    5 :  0.004 0.005 0.003 0.003 0.008 0.005 0.963 0.009 
146  ZFCNS02    (0)    5 :  0.005 0.007 0.003 0.006 0.003 0.003 0.970 0.003 
147  ZFCNS05    (0)    5 :  0.007 0.009 0.005 0.006 0.003 0.003 0.962 0.005 
148  ZFCNS06    (0)    5 :  0.006 0.010 0.004 0.006 0.003 0.003 0.966 0.004 
149  ZFCNS07    (0)    5 :  0.009 0.005 0.004 0.015 0.004 0.003 0.957 0.004 
150  ZFCNS10    (0)    5 :  0.005 0.004 0.003 0.005 0.003 0.003 0.976 0.003 
151  ZFCNS11    (0)    5 :  0.004 0.005 0.003 0.004 0.005 0.004 0.970 0.006 
152  ZFCNS15    (0)    5 :  0.012 0.004 0.004 0.005 0.003 0.003 0.966 0.004 
153  ZFCNS17    (0)    5 :  0.005 0.010 0.003 0.005 0.004 0.002 0.967 0.003 
154  ZFCNS18    (0)    5 :  0.005 0.005 0.003 0.004 0.003 0.003 0.975 0.003 
155  ZFCNS19    (0)    5 :  0.003 0.007 0.004 0.005 0.003 0.002 0.973 0.004 
156  ZFCNS20    (0)    5 :  0.010 0.007 0.003 0.012 0.004 0.003 0.957 0.004 
157  ZFCNS21    (0)    5 :  0.003 0.006 0.003 0.003 0.003 0.002 0.976 0.003 
158  ZFCNS22    (0)    5 :  0.012 0.006 0.005 0.006 0.004 0.003 0.960 0.004 
159  ZFCNS23    (0)    5 :  0.006 0.025 0.006 0.013 0.008 0.012 0.917 0.013 
160  ZFCNS24    (0)    5 :  0.005 0.017 0.003 0.005 0.003 0.003 0.962 0.003 
161  ZFCNS25    (0)    5 :  0.008 0.008 0.003 0.006 0.004 0.003 0.965 0.004 
162  ZFCNS26    (0)    5 :  0.005 0.003 0.004 0.004 0.003 0.003 0.974 0.004 
163  ZFCNS27    (0)    5 :  0.019 0.004 0.003 0.007 0.004 0.003 0.957 0.003 
164  ZFCNS28    (0)    5 :  0.005 0.006 0.005 0.005 0.003 0.003 0.969 0.004 
165  ZFCNS29    (0)    5 :  0.007 0.010 0.004 0.005 0.004 0.003 0.964 0.004 
166  ZFCNS30    (0)    5 :  0.004 0.008 0.004 0.004 0.003 0.003 0.970 0.004 
167  ZFCNS31    (0)    5 :  0.005 0.004 0.003 0.005 0.003 0.003 0.974 0.003 
168  ZFCNS32    (0)    5 :  0.005 0.006 0.004 0.005 0.003 0.003 0.970 0.004 
169  ZFCNS33    (0)    5 :  0.004 0.004 0.003 0.005 0.003 0.003 0.974 0.004 
170  ZFCNS34    (0)    5 :  0.005 0.017 0.004 0.005 0.003 0.003 0.959 0.004 
171  ZFCNS35    (0)    5 :  0.004 0.005 0.005 0.004 0.003 0.003 0.971 0.004 
172  ZFCNS36    (0)    5 :  0.005 0.033 0.003 0.007 0.003 0.003 0.943 0.004 
173  ZFCNS37    (0)    5 :  0.004 0.006 0.004 0.003 0.004 0.002 0.974 0.003 
174  ZFCNS39    (0)    5 :  0.003 0.006 0.002 0.005 0.003 0.002 0.973 0.004 
175  ZFCNS40    (0)    5 :  0.005 0.021 0.003 0.013 0.003 0.003 0.947 0.005 
176  ZFCNS41    (0)    5 :  0.009 0.010 0.005 0.004 0.006 0.004 0.954 0.008 
177  ZFCNS42    (0)    5 :  0.005 0.004 0.003 0.003 0.004 0.003 0.975 0.003 
178  ZFCNS43    (0)    5 :  0.004 0.008 0.003 0.003 0.003 0.003 0.973 0.003 
179  ZFCNS44    (0)    5 :  0.004 0.006 0.003 0.003 0.003 0.003 0.976 0.003 
180  ZFCNS46    (0)    5 :  0.006 0.005 0.003 0.004 0.004 0.003 0.971 0.003 
181  ZFCNS47    (0)    5 :  0.004 0.005 0.003 0.003 0.003 0.002 0.976 0.003 
182  ZFCNS48    (0)    5 :  0.005 0.005 0.003 0.004 0.003 0.003 0.972 0.004 
183  ZFCNS49    (0)    5 :  0.008 0.003 0.003 0.003 0.003 0.002 0.974 0.003 
184   ZFCR01    (0)    6 :  0.026 0.017 0.187 0.018 0.729 0.014 0.003 0.006 
185   ZFCR02    (0)    6 :  0.028 0.038 0.190 0.033 0.583 0.018 0.009 0.102 
186   ZFCR03    (0)    6 :  0.053 0.055 0.371 0.030 0.098 0.149 0.005 0.238 
187   ZFCR04    (0)    6 :  0.028 0.018 0.706 0.043 0.119 0.032 0.024 0.030 
188   ZFCR05    (0)    6 :  0.008 0.047 0.198 0.007 0.439 0.025 0.005 0.270 
189   ZFCR06    (0)    6 :  0.113 0.028 0.124 0.043 0.517 0.007 0.121 0.046 
190   ZFCR07    (0)    6 :  0.010 0.018 0.043 0.004 0.396 0.013 0.054 0.462 
191   ZFCR08    (0)    6 :  0.020 0.099 0.046 0.020 0.755 0.046 0.007 0.007 
192   ZFCR09    (0)    6 :  0.210 0.047 0.111 0.019 0.045 0.464 0.055 0.049 
193   ZFCR11    (0)    6 :  0.039 0.014 0.236 0.003 0.358 0.020 0.075 0.255 
194   ZFCR12    (0)    6 :  0.025 0.015 0.020 0.030 0.334 0.004 0.168 0.404 
195   ZFCR13    (0)    6 :  0.093 0.007 0.014 0.006 0.455 0.004 0.011 0.412 
196   ZFCR14    (0)    6 :  0.011 0.021 0.094 0.038 0.374 0.010 0.008 0.446 
197   ZFCR15    (0)    6 :  0.025 0.023 0.230 0.111 0.470 0.011 0.011 0.119 
198   ZFCR16    (0)    6 :  0.033 0.011 0.230 0.068 0.569 0.006 0.005 0.079 
199   ZFCR18    (0)    6 :  0.038 0.064 0.769 0.023 0.064 0.007 0.019 0.016 
200   ZFCR19    (0)    6 :  0.025 0.017 0.258 0.293 0.097 0.150 0.008 0.152 
201   ZFCR20    (0)    6 :  0.119 0.020 0.517 0.017 0.105 0.030 0.010 0.182 
202   ZFCR21    (0)    6 :  0.014 0.028 0.029 0.018 0.420 0.004 0.006 0.481 
203   ZFCR22    (0)    6 :  0.009 0.005 0.010 0.017 0.276 0.006 0.004 0.673 
204   ZFCR23    (0)    6 :  0.209 0.004 0.032 0.007 0.392 0.033 0.014 0.311 
205   ZFCR24    (9)    6 :  0.515 0.010 0.126 0.008 0.112 0.029 0.006 0.194 
206   ZFCR25    (0)    6 :  0.004 0.009 0.031 0.004 0.495 0.010 0.004 0.444 
207   ZFCR26    (0)    6 :  0.018 0.024 0.007 0.021 0.038 0.103 0.008 0.781 
208   ZFCR27    (9)    6 :  0.004 0.006 0.033 0.004 0.894 0.019 0.003 0.038 
209   ZFCR28    (0)    6 :  0.170 0.009 0.008 0.130 0.631 0.006 0.030 0.015 
210   ZFCR29    (0)    6 :  0.013 0.009 0.134 0.005 0.094 0.008 0.004 0.733 
211   ZFCR30    (0)    6 :  0.006 0.006 0.018 0.006 0.272 0.010 0.006 0.677 
212   ZFCR31    (0)    6 :  0.130 0.023 0.359 0.044 0.102 0.109 0.103 0.131 
213   ZFCR33    (0)    6 :  0.010 0.026 0.014 0.011 0.888 0.021 0.009 0.021 
214   ZFCR34    (0)    6 :  0.043 0.020 0.091 0.018 0.241 0.040 0.033 0.515 
215   ZFCR35    (0)    6 :  0.011 0.029 0.812 0.011 0.081 0.012 0.013 0.030 
216   ZFCR36    (0)    6 :  0.009 0.010 0.215 0.005 0.247 0.038 0.011 0.464 
217   ZFCR37    (0)    6 :  0.004 0.077 0.056 0.004 0.152 0.041 0.004 0.663 
218   ZFCR38    (0)    6 :  0.007 0.038 0.018 0.009 0.864 0.026 0.008 0.030 
219   ZFCR39    (0)    6 :  0.053 0.091 0.015 0.044 0.605 0.178 0.006 0.009 
220   ZFCR40    (0)    6 :  0.013 0.028 0.021 0.006 0.814 0.039 0.009 0.070 
221   ZFCR41    (0)    6 :  0.011 0.064 0.026 0.023 0.389 0.004 0.065 0.418 
222   ZFCR42    (0)    6 :  0.035 0.064 0.018 0.027 0.433 0.031 0.022 0.369 
223   ZFCR43    (0)    6 :  0.103 0.006 0.104 0.008 0.487 0.006 0.006 0.280 
224  ZFENP25    (0)    7 :  0.009 0.017 0.024 0.012 0.924 0.005 0.004 0.007 
225  ZFENP26    (0)    7 :  0.003 0.004 0.006 0.003 0.969 0.007 0.004 0.004 
226  ZFENP27    (0)    7 :  0.020 0.328 0.093 0.014 0.450 0.038 0.050 0.007 
227  ZFENP28    (0)    7 :  0.004 0.010 0.016 0.004 0.937 0.012 0.006 0.011 
228  ZFENP29    (0)    7 :  0.004 0.008 0.004 0.003 0.963 0.005 0.004 0.009 
229  ZFENP30    (0)    7 :  0.006 0.049 0.008 0.006 0.898 0.013 0.007 0.013 
230  ZFENP31    (0)    7 :  0.010 0.069 0.018 0.005 0.285 0.595 0.009 0.009 
231  ZFENP32    (0)    7 :  0.033 0.033 0.229 0.006 0.319 0.309 0.051 0.019 
232  ZFENP33    (0)    7 :  0.007 0.008 0.032 0.004 0.891 0.017 0.006 0.036 
233  ZFENP34    (0)    7 :  0.009 0.033 0.424 0.006 0.487 0.016 0.015 0.010 
234  ZFENP35    (0)    7 :  0.010 0.005 0.011 0.005 0.912 0.030 0.019 0.009 
235  ZFENP36    (0)    7 :  0.003 0.003 0.009 0.002 0.952 0.014 0.006 0.010 
236  ZFENP37    (0)    7 :  0.009 0.013 0.077 0.004 0.815 0.031 0.012 0.037 
237  ZFENP38    (0)    7 :  0.007 0.022 0.018 0.005 0.490 0.025 0.014 0.419 
238  ZFENP39    (0)    7 :  0.004 0.011 0.019 0.003 0.936 0.012 0.005 0.011 
239  ZFENP40    (0)    7 :  0.008 0.009 0.024 0.004 0.916 0.027 0.005 0.007 
240  ZFENP41    (0)    7 :  0.006 0.052 0.015 0.007 0.893 0.014 0.007 0.006 
241  ZFENP42    (0)    7 :  0.004 0.007 0.003 0.005 0.819 0.122 0.004 0.037 
242  ZFENP43    (0)    7 :  0.009 0.041 0.013 0.005 0.771 0.024 0.057 0.081 
243  ZFENP44    (0)    7 :  0.008 0.018 0.008 0.003 0.866 0.062 0.013 0.023 
244  ZFENP45    (0)    7 :  0.034 0.021 0.009 0.312 0.483 0.090 0.010 0.040 
245  ZFENP46    (0)    7 :  0.014 0.004 0.016 0.005 0.863 0.023 0.015 0.061 
246  ZFENP47    (0)    7 :  0.014 0.074 0.033 0.146 0.381 0.339 0.005 0.009 
247  ZFENP48    (0)    7 :  0.027 0.103 0.418 0.028 0.348 0.034 0.012 0.029 
248  ZFENP49    (0)    7 :  0.019 0.030 0.024 0.020 0.867 0.012 0.008 0.019 
249  ZFENP50    (0)    7 :  0.028 0.004 0.007 0.007 0.843 0.031 0.008 0.070 
250  ZFENP51    (0)    7 :  0.004 0.010 0.021 0.045 0.509 0.382 0.006 0.022 
251  ZFENP52    (0)    7 :  0.005 0.010 0.003 0.005 0.941 0.009 0.015 0.012 
252  ZFENP53    (0)    7 :  0.032 0.009 0.007 0.023 0.872 0.018 0.014 0.024 
253  ZFENP54    (0)    7 :  0.039 0.027 0.021 0.011 0.858 0.008 0.008 0.028 
254  ZFENP55    (0)    7 :  0.005 0.004 0.048 0.004 0.259 0.018 0.004 0.658 
255  ZFENP56    (0)    7 :  0.004 0.009 0.012 0.005 0.848 0.013 0.011 0.097 
256  ZFENP57    (0)    7 :  0.005 0.005 0.015 0.002 0.877 0.065 0.011 0.021 
257  ZFENP58    (0)    7 :  0.010 0.077 0.012 0.110 0.695 0.018 0.017 0.061 
258  ZFENP59    (0)    7 :  0.005 0.057 0.010 0.004 0.880 0.031 0.005 0.009 
259  ZFENP60    (0)    7 :  0.010 0.010 0.042 0.013 0.891 0.013 0.007 0.014 
260  ZFENP61    (0)    7 :  0.003 0.012 0.021 0.003 0.937 0.009 0.004 0.011 
261 ZFFDSP01    (0)    8 :  0.935 0.004 0.006 0.016 0.003 0.003 0.026 0.008 
262 ZFFDSP02    (0)    8 :  0.971 0.004 0.004 0.006 0.003 0.002 0.005 0.004 
263 ZFFDSP04    (0)    8 :  0.965 0.004 0.005 0.012 0.002 0.002 0.005 0.005 
264 ZFFDSP05    (0)    8 :  0.951 0.004 0.003 0.011 0.004 0.003 0.016 0.008 
265 ZFFDSP06    (0)    8 :  0.965 0.006 0.003 0.012 0.003 0.002 0.005 0.004 
266 ZFFDSP07    (0)    8 :  0.923 0.018 0.003 0.033 0.005 0.005 0.005 0.007 
267 ZFFDSP08    (0)    8 :  0.869 0.015 0.003 0.072 0.005 0.004 0.023 0.009 
268 ZFFDSP10    (0)    8 :  0.956 0.005 0.004 0.011 0.004 0.003 0.010 0.007 
269 ZFFDSP11    (0)    8 :  0.964 0.004 0.005 0.008 0.003 0.003 0.006 0.006 
270 ZFFDSP12    (0)    8 :  0.969 0.004 0.002 0.009 0.003 0.003 0.006 0.003 
271 ZFFDSP13    (0)    8 :  0.548 0.016 0.004 0.005 0.007 0.004 0.403 0.012 
272 ZFFDSP14    (0)    8 :  0.953 0.007 0.004 0.020 0.004 0.003 0.005 0.006 
273 ZFFDSP16    (0)    8 :  0.952 0.006 0.006 0.004 0.007 0.003 0.014 0.007 
274 ZFFDSP17    (0)    8 :  0.963 0.005 0.004 0.009 0.004 0.002 0.007 0.006 
275 ZFFDSP18    (0)    8 :  0.956 0.006 0.007 0.016 0.003 0.002 0.006 0.004 
276 ZFFDSP19    (0)    8 :  0.887 0.015 0.006 0.019 0.003 0.003 0.062 0.004 
277 ZFFDSP21    (0)    8 :  0.861 0.012 0.004 0.007 0.003 0.002 0.106 0.004 
278 ZFFDSP22    (0)    8 :  0.893 0.005 0.003 0.081 0.003 0.002 0.007 0.006 
279 ZFFDSP23    (0)    8 :  0.810 0.004 0.003 0.140 0.003 0.002 0.031 0.006 
280 ZFFDSP24    (0)    8 :  0.931 0.005 0.005 0.008 0.003 0.003 0.039 0.006 
281 ZFFDSP26    (9)    8 :  0.953 0.005 0.004 0.014 0.003 0.003 0.013 0.006 
282 ZFFDSP27    (0)    8 :  0.965 0.004 0.005 0.007 0.003 0.003 0.009 0.004 
283 ZFFDSP28    (0)    8 :  0.874 0.011 0.049 0.007 0.011 0.020 0.008 0.020 
284 ZFFDSP30    (0)    8 :  0.765 0.006 0.024 0.008 0.004 0.005 0.181 0.007 
285 ZFFDSP31    (0)    8 :  0.960 0.006 0.005 0.006 0.004 0.002 0.012 0.005 
286 ZFFDSP32    (0)    8 :  0.970 0.004 0.003 0.006 0.003 0.003 0.007 0.004 
287 ZFFDSP33    (0)    8 :  0.974 0.003 0.003 0.005 0.003 0.003 0.006 0.003 
288 ZFFDSP34    (0)    8 :  0.962 0.007 0.003 0.010 0.003 0.002 0.008 0.005 
289 ZFFDSP35    (0)    8 :  0.964 0.004 0.005 0.007 0.003 0.003 0.010 0.005 
290 ZFFDSP37    (0)    8 :  0.971 0.004 0.004 0.004 0.004 0.002 0.007 0.003 
291 ZFFDSP38    (0)    8 :  0.971 0.004 0.005 0.005 0.003 0.003 0.007 0.004 
292 ZFFDSP39    (0)    8 :  0.925 0.003 0.004 0.008 0.003 0.002 0.052 0.003 
293 ZFFDSP40    (0)    8 :  0.945 0.004 0.005 0.005 0.003 0.003 0.032 0.003 
294 ZFFDSP42    (0)    8 :  0.902 0.005 0.004 0.057 0.003 0.002 0.021 0.006 
295 ZFFDSP43    (0)    8 :  0.964 0.004 0.004 0.009 0.003 0.002 0.011 0.003 
296 ZFFDSP44    (0)    8 :  0.951 0.003 0.005 0.006 0.003 0.003 0.023 0.005 
297 ZFFDSP45    (0)    8 :  0.964 0.005 0.004 0.006 0.003 0.002 0.012 0.004 
298 ZFFDSP46    (0)    8 :  0.957 0.005 0.005 0.009 0.004 0.002 0.013 0.005 
299 ZFFDSP47    (0)    8 :  0.813 0.004 0.004 0.017 0.003 0.003 0.150 0.006 
300 ZFFDSP48    (0)    8 :  0.862 0.004 0.004 0.007 0.003 0.003 0.112 0.005 
301    ZFI01    (0)    9 :  0.005 0.008 0.940 0.004 0.009 0.023 0.006 0.007 
302    ZFI02    (0)    9 :  0.005 0.003 0.959 0.004 0.006 0.010 0.006 0.006 
303    ZFI03    (0)    9 :  0.003 0.004 0.969 0.003 0.005 0.005 0.005 0.006 
304    ZFI04    (0)    9 :  0.004 0.005 0.952 0.003 0.007 0.018 0.005 0.006 
305    ZFI05    (0)    9 :  0.005 0.004 0.955 0.003 0.009 0.006 0.013 0.005 
306    ZFI06    (0)    9 :  0.013 0.004 0.918 0.003 0.010 0.009 0.038 0.005 
307    ZFI07    (0)    9 :  0.003 0.005 0.970 0.003 0.005 0.005 0.004 0.005 
308    ZFI08    (0)    9 :  0.003 0.005 0.961 0.003 0.007 0.008 0.003 0.009 
309    ZFI09    (0)    9 :  0.004 0.004 0.963 0.003 0.009 0.008 0.005 0.005 
310    ZFI10    (0)    9 :  0.006 0.004 0.937 0.004 0.007 0.011 0.024 0.007 
311    ZFI11    (0)    9 :  0.003 0.004 0.960 0.002 0.006 0.013 0.005 0.005 
312    ZFI12    (0)    9 :  0.004 0.005 0.964 0.003 0.005 0.003 0.008 0.007 
313    ZFI13    (0)    9 :  0.004 0.006 0.963 0.002 0.007 0.006 0.006 0.005 
314    ZFI14    (0)    9 :  0.010 0.005 0.961 0.003 0.004 0.005 0.008 0.004 
315    ZFI15    (0)    9 :  0.004 0.004 0.972 0.002 0.005 0.004 0.005 0.004 
316    ZFI16    (0)    9 :  0.003 0.004 0.975 0.002 0.004 0.003 0.005 0.004 
317    ZFI17    (0)    9 :  0.003 0.004 0.962 0.002 0.007 0.007 0.007 0.006 
318    ZFI18    (0)    9 :  0.003 0.003 0.969 0.002 0.007 0.008 0.005 0.004 
319    ZFI19    (9)    9 :  0.003 0.003 0.972 0.002 0.005 0.004 0.005 0.006 
320    ZFI20    (0)    9 :  0.005 0.004 0.970 0.003 0.004 0.005 0.005 0.005 
321    ZFI21    (0)    9 :  0.014 0.004 0.950 0.003 0.004 0.004 0.017 0.004 
322    ZFI22    (0)    9 :  0.005 0.006 0.963 0.004 0.005 0.008 0.004 0.005 
323    ZFI23    (0)    9 :  0.003 0.004 0.969 0.002 0.005 0.004 0.006 0.006 
324    ZFI24    (0)    9 :  0.004 0.006 0.963 0.003 0.005 0.004 0.008 0.007 
325    ZFI25    (0)    9 :  0.005 0.006 0.965 0.004 0.007 0.004 0.004 0.005 
326    ZFI26    (0)    9 :  0.003 0.007 0.968 0.003 0.006 0.004 0.004 0.005 
327    ZFI27    (0)    9 :  0.005 0.005 0.949 0.003 0.006 0.005 0.020 0.008 
328    ZFK01    (0)    9 :  0.010 0.934 0.004 0.007 0.010 0.011 0.014 0.010 
329    ZFK02    (0)   10 :  0.009 0.936 0.006 0.007 0.010 0.008 0.013 0.010 
330    ZFK03    (0)   10 :  0.008 0.928 0.007 0.006 0.012 0.019 0.010 0.010 
331    ZFK04    (0)   10 :  0.007 0.859 0.011 0.005 0.017 0.082 0.008 0.011 
332    ZFK05    (0)   10 :  0.006 0.784 0.011 0.005 0.014 0.165 0.010 0.006 
333    ZFK06    (0)   10 :  0.006 0.906 0.017 0.004 0.035 0.014 0.006 0.011 
334    ZFK07    (0)   10 :  0.009 0.931 0.004 0.007 0.009 0.019 0.010 0.011 
335    ZFK08    (0)   10 :  0.010 0.713 0.015 0.006 0.039 0.157 0.006 0.053 
336    ZFK10    (0)   10 :  0.007 0.924 0.014 0.005 0.011 0.020 0.006 0.012 
337    ZFK11    (0)   10 :  0.008 0.898 0.008 0.004 0.025 0.043 0.007 0.008 
338    ZFK12    (0)   10 :  0.013 0.909 0.004 0.014 0.010 0.009 0.010 0.032 
339    ZFK13    (0)   10 :  0.043 0.865 0.004 0.014 0.010 0.036 0.016 0.012 
340    ZFK14    (0)   10 :  0.013 0.933 0.004 0.011 0.006 0.014 0.012 0.008 
341    ZFK15    (0)   10 :  0.050 0.751 0.006 0.009 0.016 0.136 0.020 0.012 
342    ZFK16    (0)   10 :  0.019 0.918 0.004 0.011 0.010 0.013 0.013 0.013 
343   ZFLB01    (0)   11 :  0.009 0.003 0.006 0.004 0.007 0.960 0.007 0.004 
344   ZFLB02    (0)   11 :  0.004 0.003 0.031 0.006 0.101 0.842 0.004 0.009 
345   ZFLB03    (0)   11 :  0.006 0.006 0.010 0.005 0.126 0.806 0.032 0.010 
346   ZFLB04    (0)   11 :  0.022 0.007 0.012 0.006 0.008 0.753 0.187 0.004 
347   ZFLB05    (0)   11 :  0.006 0.003 0.009 0.003 0.007 0.953 0.015 0.004 
348   ZFLB06    (0)   11 :  0.007 0.009 0.004 0.004 0.010 0.956 0.006 0.004 
349   ZFLB07    (0)   11 :  0.028 0.027 0.005 0.014 0.102 0.662 0.139 0.024 
350   ZFLB08    (0)   11 :  0.005 0.004 0.025 0.005 0.057 0.887 0.007 0.010 
351   ZFLB09    (9)   11 :  0.005 0.006 0.005 0.003 0.006 0.967 0.004 0.004 
352   ZFLB10    (0)   11 :  0.005 0.003 0.005 0.002 0.005 0.971 0.006 0.003 
353   ZFLB11    (0)   11 :  0.007 0.011 0.003 0.009 0.007 0.950 0.006 0.007 
354   ZFLB12    (0)   11 :  0.003 0.005 0.005 0.002 0.007 0.971 0.003 0.004 
355   ZFLB13    (0)   11 :  0.011 0.012 0.005 0.004 0.054 0.888 0.013 0.014 
356  ZFLTI01    (0)   12 :  0.176 0.055 0.006 0.031 0.004 0.003 0.708 0.017 
357  ZFLTI02    (0)   12 :  0.024 0.041 0.005 0.014 0.004 0.002 0.901 0.009 
358  ZFLTI03    (0)   12 :  0.023 0.008 0.004 0.013 0.003 0.003 0.938 0.008 
359  ZFLTI04    (0)   12 :  0.032 0.011 0.006 0.009 0.004 0.003 0.926 0.009 
360  ZFLTI05    (0)   12 :  0.016 0.006 0.004 0.006 0.003 0.002 0.958 0.005 
361  ZFLTI06    (0)   12 :  0.189 0.008 0.006 0.027 0.004 0.003 0.759 0.006 
362  ZFLTI07    (0)   12 :  0.149 0.009 0.006 0.006 0.004 0.003 0.813 0.009 
363  ZFLTI08    (0)   12 :  0.011 0.006 0.007 0.006 0.004 0.002 0.956 0.007 
364  ZFLTI09    (0)   12 :  0.139 0.007 0.010 0.006 0.003 0.003 0.825 0.007 
365  ZFLTI10    (0)   12 :  0.360 0.015 0.007 0.007 0.004 0.002 0.598 0.007 
366  ZFLTI11    (0)   12 :  0.069 0.007 0.005 0.031 0.003 0.003 0.877 0.005 
367  ZFLTI12    (0)   12 :  0.066 0.019 0.005 0.024 0.004 0.002 0.874 0.006 
368  ZFLTI13    (0)   12 :  0.012 0.014 0.005 0.012 0.004 0.002 0.939 0.011 
369  ZFLTI14    (0)   12 :  0.023 0.038 0.006 0.005 0.004 0.002 0.916 0.005 
370 ZFONF101    (0)   13 :  0.976 0.002 0.003 0.007 0.002 0.002 0.004 0.003 
371 ZFONF102    (0)   13 :  0.938 0.003 0.005 0.025 0.008 0.012 0.004 0.005 
372 ZFONF103    (0)   13 :  0.882 0.013 0.005 0.018 0.006 0.003 0.065 0.008 
373 ZFONF104    (0)   13 :  0.951 0.004 0.003 0.031 0.002 0.002 0.005 0.003 
374 ZFONF105    (0)   13 :  0.827 0.005 0.003 0.134 0.004 0.003 0.020 0.004 
375 ZFONF106    (0)   13 :  0.974 0.003 0.004 0.007 0.003 0.002 0.004 0.002 
376 ZFONF107    (0)   13 :  0.845 0.018 0.019 0.008 0.043 0.046 0.014 0.007 
377 ZFONF108    (0)   13 :  0.930 0.018 0.006 0.008 0.010 0.007 0.018 0.004 
378 ZFONF109    (9)   13 :  0.924 0.015 0.005 0.028 0.004 0.005 0.015 0.003 
379 ZFONF110    (0)   13 :  0.964 0.004 0.002 0.015 0.002 0.002 0.007 0.003 
380 ZFONF111    (0)   13 :  0.891 0.009 0.012 0.017 0.023 0.015 0.013 0.020 
381 ZFONF112    (0)   13 :  0.763 0.007 0.007 0.200 0.003 0.003 0.014 0.003 
382 ZFONF113    (9)   13 :  0.956 0.006 0.003 0.009 0.004 0.005 0.011 0.007 
383 ZFONF115    (0)   13 :  0.950 0.007 0.005 0.017 0.004 0.003 0.011 0.004 
384 ZFONF116    (0)   13 :  0.944 0.006 0.006 0.023 0.004 0.003 0.009 0.004 
385 ZFONF117    (0)   13 :  0.600 0.008 0.004 0.053 0.006 0.004 0.320 0.006 
386 ZFONF118    (0)   13 :  0.942 0.009 0.007 0.013 0.004 0.003 0.019 0.005 
387 ZFONF119    (0)   13 :  0.945 0.009 0.003 0.024 0.004 0.005 0.005 0.005 
388 ZFONF120    (0)   13 :  0.899 0.025 0.003 0.046 0.004 0.005 0.007 0.010 
389 ZFONF121    (0)   13 :  0.857 0.005 0.004 0.113 0.004 0.005 0.008 0.005 
390 ZFONF122    (0)   13 :  0.874 0.021 0.007 0.009 0.006 0.003 0.071 0.009 
391 ZFONF123    (0)   13 :  0.896 0.006 0.006 0.034 0.014 0.036 0.004 0.005 
392 ZFONF124    (0)   13 :  0.944 0.007 0.003 0.026 0.004 0.005 0.007 0.003 
393 ZFONF125    (0)   13 :  0.731 0.027 0.006 0.144 0.031 0.039 0.009 0.013 
394 ZFONF126    (0)   13 :  0.943 0.015 0.005 0.008 0.004 0.003 0.014 0.008 
395 ZFONF201    (0)   14 :  0.121 0.042 0.118 0.650 0.019 0.026 0.012 0.012 
396 ZFONF202    (0)   14 :  0.048 0.008 0.003 0.926 0.003 0.002 0.005 0.005 
397 ZFONF203    (0)   14 :  0.008 0.007 0.003 0.961 0.004 0.003 0.004 0.011 
398 ZFONF204    (0)   14 :  0.006 0.028 0.007 0.933 0.008 0.007 0.006 0.006 
399 ZFONF206    (0)   14 :  0.006 0.009 0.011 0.930 0.021 0.013 0.004 0.006 
400 ZFONF207    (0)   14 :  0.006 0.004 0.003 0.969 0.004 0.003 0.005 0.005 
401 ZFONF208    (0)   14 :  0.060 0.010 0.005 0.896 0.005 0.004 0.013 0.008 
402 ZFONF209    (0)   14 :  0.009 0.026 0.012 0.921 0.007 0.008 0.011 0.006 
403 ZFONF210    (0)   14 :  0.010 0.004 0.003 0.965 0.002 0.002 0.010 0.003 
404 ZFONF211    (0)   14 :  0.034 0.013 0.004 0.891 0.009 0.012 0.022 0.014 
405 ZFONF212    (0)   14 :  0.011 0.003 0.003 0.968 0.003 0.002 0.008 0.003 
406 ZFONF214    (0)   14 :  0.032 0.008 0.003 0.930 0.005 0.006 0.005 0.012 
407 ZFONF215    (0)   14 :  0.014 0.004 0.003 0.966 0.003 0.002 0.005 0.004 
408 ZFONF216    (0)   14 :  0.005 0.004 0.002 0.974 0.003 0.003 0.006 0.004 
409 ZFONF217    (0)   14 :  0.037 0.005 0.003 0.940 0.003 0.003 0.005 0.004 
410 ZFONF218    (0)   14 :  0.005 0.003 0.003 0.965 0.007 0.007 0.005 0.005 
411 ZFONF219    (0)   14 :  0.005 0.003 0.002 0.980 0.002 0.002 0.003 0.002 
412 ZFONF220    (0)   14 :  0.024 0.006 0.004 0.952 0.003 0.003 0.004 0.005 
413 ZFONF222    (0)   14 :  0.004 0.004 0.003 0.968 0.005 0.007 0.004 0.006 
414 ZFONF223    (0)   14 :  0.007 0.004 0.004 0.961 0.007 0.007 0.003 0.006 
415 ZFONF224    (0)   14 :  0.005 0.003 0.002 0.978 0.003 0.002 0.004 0.003 
416 ZFONF225    (0)   14 :  0.008 0.004 0.002 0.975 0.002 0.002 0.004 0.003 
417 ZFONF226    (0)   14 :  0.008 0.006 0.003 0.967 0.003 0.003 0.005 0.006 
418 ZFONF227    (0)   14 :  0.005 0.003 0.002 0.980 0.002 0.002 0.003 0.003 
419 ZFONF228    (0)   14 :  0.011 0.005 0.005 0.953 0.005 0.003 0.013 0.005 
420 ZFONF230    (0)   14 :  0.012 0.004 0.002 0.969 0.002 0.002 0.005 0.003 
421 ZFONF231    (0)   14 :  0.007 0.007 0.002 0.961 0.004 0.004 0.006 0.009 
422 ZFONF232    (0)   14 :  0.007 0.003 0.002 0.977 0.003 0.002 0.004 0.003 
423 ZFONF233    (0)   14 :  0.005 0.004 0.002 0.977 0.003 0.002 0.004 0.003 
424 ZFONF234    (0)   14 :  0.014 0.009 0.005 0.915 0.027 0.004 0.017 0.008 
425 ZFONF235    (0)   14 :  0.004 0.003 0.002 0.980 0.002 0.002 0.003 0.003 
426 ZFONF236    (0)   14 :  0.013 0.022 0.026 0.871 0.024 0.014 0.025 0.005 
427 ZFONF238    (0)   14 :  0.007 0.005 0.003 0.968 0.003 0.002 0.004 0.007 
428 ZFONF239    (0)   14 :  0.004 0.009 0.007 0.963 0.005 0.004 0.003 0.004 
429 ZFONF240    (0)   14 :  0.005 0.005 0.002 0.976 0.002 0.002 0.005 0.003 
430 ZFONF241    (0)   14 :  0.016 0.005 0.010 0.940 0.007 0.004 0.014 0.005 
431 ZFONF242    (0)   14 :  0.009 0.005 0.002 0.972 0.003 0.002 0.004 0.003 
432 ZFONF243    (0)   14 :  0.006 0.004 0.003 0.964 0.003 0.003 0.011 0.005 
433 ZFONF244    (0)   14 :  0.007 0.004 0.002 0.974 0.003 0.002 0.004 0.003 
434 ZFONF245    (0)   14 :  0.005 0.005 0.002 0.974 0.002 0.002 0.007 0.003 
435   ZFOS01    (0)   15 :  0.023 0.934 0.004 0.009 0.004 0.003 0.016 0.008 
436   ZFOS02    (0)   15 :  0.040 0.879 0.027 0.009 0.010 0.007 0.020 0.009 
437   ZFOS03    (0)   15 :  0.011 0.927 0.009 0.005 0.009 0.023 0.007 0.011 
438   ZFOS04    (0)   15 :  0.107 0.815 0.017 0.007 0.009 0.004 0.037 0.005 
439   ZFOS05    (0)   15 :  0.037 0.905 0.008 0.011 0.006 0.004 0.022 0.009 
440   ZFOS06    (0)   15 :  0.012 0.926 0.005 0.014 0.007 0.006 0.019 0.012 
441   ZFOS07    (0)   15 :  0.007 0.956 0.015 0.003 0.005 0.004 0.005 0.005 
442   ZFOS08    (0)   15 :  0.016 0.927 0.025 0.006 0.005 0.003 0.013 0.004 
443   ZFOS09    (0)   15 :  0.101 0.808 0.021 0.010 0.014 0.011 0.019 0.016 
444   ZFOS10    (0)   15 :  0.003 0.930 0.025 0.002 0.018 0.012 0.006 0.004 
445   ZFOS11    (0)   15 :  0.016 0.619 0.022 0.008 0.089 0.006 0.219 0.021 
446   ZFOS12    (0)   15 :  0.025 0.652 0.037 0.007 0.063 0.032 0.034 0.149 
447   ZFOS13    (0)   15 :  0.013 0.932 0.013 0.005 0.006 0.004 0.012 0.015 
448   ZFOS14    (0)   15 :  0.012 0.698 0.113 0.006 0.021 0.015 0.094 0.040 
449   ZFOS15    (0)   15 :  0.003 0.971 0.006 0.003 0.005 0.003 0.005 0.004 
450   ZFOS16    (0)   15 :  0.042 0.877 0.012 0.010 0.010 0.009 0.034 0.006 
451   ZFOS17    (0)   15 :  0.004 0.961 0.007 0.005 0.005 0.007 0.005 0.006 
452   ZFOS18    (0)   15 :  0.005 0.956 0.007 0.003 0.010 0.006 0.009 0.004 
453   ZFOS19    (0)   15 :  0.004 0.965 0.004 0.004 0.006 0.004 0.005 0.009 
454   ZFOS20    (0)   15 :  0.006 0.956 0.008 0.008 0.006 0.005 0.007 0.004 
455   ZFOS21    (0)   15 :  0.018 0.938 0.007 0.005 0.005 0.006 0.017 0.004 
456   ZFOS22    (0)   15 :  0.005 0.958 0.003 0.006 0.005 0.004 0.009 0.010 
457   ZFOS23    (0)   15 :  0.003 0.752 0.175 0.002 0.029 0.016 0.005 0.018 
458   ZFOS24    (0)   15 :  0.004 0.969 0.003 0.003 0.006 0.003 0.008 0.004 
459   ZFOS25    (0)   15 :  0.019 0.434 0.022 0.019 0.015 0.006 0.464 0.022 
460   ZFOS26    (0)   15 :  0.216 0.529 0.014 0.008 0.012 0.004 0.208 0.009 
