

----------------------------------------------------
STRUCTURE by Pritchard, Stephens and Donnelly (2000)
     and Falush, Stephens and Pritchard (2003)
       Code by Pritchard, Falush and Hubisz
             Version 2.3.4 (Jul 2012)
----------------------------------------------------



Command line arguments:   bin\structure -m C:\Users\eschumacher\Documents\GitHub\GCC_QUAC_ZAIN\Data_Files\Structure_Files\ZAIN\ZAIN_rebinned_wild\50-50\mainparams -e C:\Users\eschumacher\Documents\GitHub\GCC_QUAC_ZAIN\Data_Files\Structure_Files\ZAIN\ZAIN_rebinned_wild\50-50\extraparams 
Input File:    C:\Users\eschumacher\Documents\GitHub\GCC_QUAC_ZAIN\Data_Files\Structure_Files\ZAIN\ZAIN_rebinned_wild\project_data

Run parameters:
   751 individuals
   11 loci
   13 populations assumed
   50000 Burn-in period
   50000 Reps


--------------------------------------------
Proportion of membership of each pre-defined
 population in each of the 13 clusters

Given    Inferred Clusters                                                                             Number of
 Pop       1      2      3      4      5      6      7      8      9     10     11     12     13      Individuals

  1:     0.005  0.006  0.880  0.021  0.010  0.008  0.015  0.006  0.009  0.017  0.012  0.004  0.005       35
  2:     0.022  0.227  0.006  0.005  0.005  0.020  0.006  0.659  0.007  0.008  0.006  0.013  0.017       36
  3:     0.027  0.124  0.004  0.006  0.006  0.009  0.005  0.768  0.013  0.006  0.006  0.019  0.008       33
  4:     0.009  0.008  0.006  0.011  0.010  0.036  0.013  0.012  0.007  0.007  0.006  0.009  0.867       40
  5:     0.009  0.035  0.004  0.004  0.004  0.005  0.003  0.007  0.006  0.004  0.004  0.910  0.006       39
  6:     0.014  0.019  0.040  0.020  0.017  0.013  0.206  0.033  0.053  0.476  0.076  0.014  0.018       40
  7:     0.022  0.010  0.020  0.045  0.050  0.048  0.032  0.010  0.045  0.232  0.454  0.011  0.021       37
  8:     0.019  0.185  0.007  0.003  0.005  0.006  0.004  0.740  0.006  0.005  0.003  0.012  0.006       40
  9:     0.003  0.005  0.805  0.005  0.076  0.040  0.022  0.005  0.006  0.010  0.007  0.012  0.005       28
 10:     0.006  0.007  0.004  0.006  0.005  0.923  0.005  0.007  0.005  0.004  0.004  0.005  0.019       14
 11:     0.005  0.013  0.009  0.828  0.014  0.020  0.009  0.009  0.011  0.015  0.028  0.033  0.006       13
 12:     0.008  0.889  0.004  0.002  0.007  0.007  0.003  0.015  0.006  0.004  0.004  0.029  0.023       14
 13:     0.039  0.054  0.004  0.010  0.006  0.013  0.005  0.829  0.006  0.005  0.009  0.011  0.008       25
 14:     0.921  0.009  0.005  0.005  0.005  0.005  0.004  0.015  0.006  0.006  0.005  0.006  0.008       40
 15:     0.008  0.055  0.022  0.008  0.008  0.026  0.012  0.020  0.018  0.020  0.009  0.018  0.776       32
 16:     0.003  0.003  0.003  0.959  0.003  0.004  0.003  0.003  0.003  0.004  0.004  0.003  0.003       20
 17:     0.005  0.009  0.446  0.004  0.020  0.012  0.125  0.010  0.148  0.174  0.034  0.005  0.007        4
 18:     0.007  0.009  0.124  0.006  0.241  0.009  0.246  0.024  0.010  0.302  0.007  0.005  0.009       23
 19:     0.004  0.005  0.014  0.005  0.916  0.006  0.011  0.005  0.007  0.009  0.008  0.004  0.006       39
 20:     0.003  0.004  0.026  0.296  0.022  0.014  0.597  0.005  0.007  0.008  0.008  0.004  0.004       38
 21:     0.053  0.734  0.004  0.004  0.004  0.007  0.004  0.039  0.011  0.006  0.006  0.119  0.008       45
 22:     0.026  0.475  0.005  0.013  0.005  0.023  0.005  0.293  0.008  0.006  0.013  0.117  0.012       28
 23:     0.005  0.005  0.343  0.009  0.521  0.005  0.020  0.007  0.006  0.041  0.022  0.008  0.008        6
 24:     0.014  0.012  0.014  0.005  0.018  0.010  0.012  0.007  0.860  0.017  0.016  0.011  0.006       40
 25:     0.010  0.021  0.015  0.039  0.010  0.019  0.020  0.008  0.018  0.086  0.737  0.009  0.009       42
--------------------------------------------

Allele-freq. divergence among pops (Net nucleotide distance),
computed using point estimates of P.

      1       2       3       4       5       6       7       8       9      10      11      12      13      
 1      -    0.1245  0.3723  0.4106  0.3911  0.2818  0.2735  0.1128  0.1873  0.2157  0.2719  0.2929  0.2039  
 2   0.1245     -    0.2531  0.3281  0.2802  0.1932  0.2177  0.0492  0.1339  0.1349  0.1625  0.1410  0.1734  
 3   0.3723  0.2531     -    0.2522  0.1034  0.2621  0.1002  0.2507  0.2274  0.0949  0.1358  0.2948  0.2197  
 4   0.4106  0.3281  0.2522     -    0.3059  0.2776  0.1478  0.3365  0.3240  0.1779  0.1439  0.4098  0.3078  
 5   0.3911  0.2802  0.1034  0.3059     -    0.2843  0.1221  0.2795  0.2081  0.1032  0.1283  0.3076  0.1885  
 6   0.2818  0.1932  0.2621  0.2776  0.2843     -    0.1928  0.2079  0.1884  0.1598  0.1587  0.2454  0.1975  
 7   0.2735  0.2177  0.1002  0.1478  0.1221  0.1928     -    0.2104  0.1694  0.0540  0.0909  0.3053  0.1892  
 8   0.1128  0.0492  0.2507  0.3365  0.2795  0.2079  0.2104     -    0.1779  0.1404  0.1996  0.2446  0.2092  
 9   0.1873  0.1339  0.2274  0.3240  0.2081  0.1884  0.1694  0.1779     -    0.1077  0.1171  0.2505  0.1865  
10   0.2157  0.1349  0.0949  0.1779  0.1032  0.1598  0.0540  0.1404  0.1077     -    0.0390  0.2253  0.1172  
11   0.2719  0.1625  0.1358  0.1439  0.1283  0.1587  0.0909  0.1996  0.1171  0.0390     -    0.1967  0.1557  
12   0.2929  0.1410  0.2948  0.4098  0.3076  0.2454  0.3053  0.2446  0.2505  0.2253  0.1967     -    0.1993  
13   0.2039  0.1734  0.2197  0.3078  0.1885  0.1975  0.1892  0.2092  0.1865  0.1172  0.1557  0.1993     -    

Average distances (expected heterozygosity) between individuals in same cluster:
cluster  1  : 0.3612 
cluster  2  : 0.4275 
cluster  3  : 0.4674 
cluster  4  : 0.3349 
cluster  5  : 0.3060 
cluster  6  : 0.2404 
cluster  7  : 0.5133 
cluster  8  : 0.4035 
cluster  9  : 0.3845 
cluster 10  : 0.6032 
cluster 11  : 0.5404 
cluster 12  : 0.2281 
cluster 13  : 0.3964 

--------------------------------------------
Estimated Ln Prob of Data   = -21950.6
Mean value of ln likelihood = -12736.7
Variance of ln likelihood   = 18427.8
Mean value of alpha         = 0.0317

Mean value of Fst_1         = 0.4592
Mean value of Fst_2         = 0.4421
Mean value of Fst_3         = 0.4541
Mean value of Fst_4         = 0.5547
Mean value of Fst_5         = 0.5060
Mean value of Fst_6         = 0.6538
Mean value of Fst_7         = 0.4084
Mean value of Fst_8         = 0.3954
Mean value of Fst_9         = 0.4269
Mean value of Fst_10         = 0.1422
Mean value of Fst_11         = 0.1438
Mean value of Fst_12         = 0.6730
Mean value of Fst_13         = 0.4136


Inferred ancestry of individuals:
        Label (%Miss) Pop:  Inferred clusters
  1    ZFB01    (0)    1 :  0.003 0.003 0.952 0.005 0.010 0.002 0.006 0.003 0.003 0.004 0.003 0.003 0.004 
  2    ZFB02    (0)    1 :  0.003 0.002 0.855 0.020 0.012 0.007 0.053 0.003 0.004 0.022 0.006 0.002 0.010 
  3    ZFB03    (0)    1 :  0.002 0.014 0.865 0.003 0.020 0.004 0.010 0.009 0.009 0.019 0.018 0.019 0.006 
  4    ZFB04    (0)    1 :  0.002 0.003 0.905 0.016 0.007 0.007 0.032 0.004 0.004 0.007 0.005 0.002 0.005 
  5    ZFB05    (0)    1 :  0.010 0.005 0.723 0.083 0.010 0.038 0.034 0.002 0.028 0.017 0.034 0.009 0.008 
  6    ZFB06    (0)    1 :  0.011 0.005 0.785 0.066 0.010 0.018 0.017 0.003 0.021 0.016 0.035 0.008 0.007 
  7    ZFB07    (9)    1 :  0.006 0.006 0.806 0.009 0.071 0.005 0.007 0.006 0.013 0.025 0.037 0.005 0.004 
  8    ZFB08    (0)    1 :  0.008 0.008 0.869 0.003 0.024 0.011 0.014 0.010 0.022 0.011 0.006 0.005 0.008 
  9    ZFB09    (0)    1 :  0.002 0.002 0.955 0.004 0.007 0.003 0.005 0.003 0.004 0.006 0.003 0.003 0.004 
 10    ZFB10    (0)    1 :  0.006 0.009 0.916 0.005 0.004 0.007 0.012 0.016 0.005 0.009 0.004 0.002 0.005 
 11    ZFB11    (0)    1 :  0.003 0.003 0.949 0.010 0.004 0.004 0.006 0.004 0.003 0.005 0.003 0.002 0.004 
 12    ZFB12    (0)    1 :  0.003 0.006 0.887 0.021 0.005 0.003 0.017 0.006 0.019 0.014 0.010 0.004 0.004 
 13    ZFB13    (0)    1 :  0.008 0.009 0.875 0.004 0.008 0.015 0.022 0.012 0.011 0.022 0.007 0.004 0.004 
 14    ZFB14    (0)    1 :  0.003 0.003 0.948 0.003 0.006 0.004 0.007 0.004 0.004 0.007 0.003 0.003 0.005 
 15    ZFB15    (0)    1 :  0.002 0.002 0.955 0.005 0.007 0.003 0.008 0.002 0.004 0.004 0.003 0.002 0.002 
 16    ZFB16    (0)    1 :  0.005 0.006 0.915 0.007 0.005 0.013 0.015 0.007 0.009 0.009 0.004 0.003 0.003 
 17    ZFB17    (0)    1 :  0.009 0.008 0.844 0.021 0.005 0.029 0.012 0.007 0.026 0.014 0.008 0.002 0.014 
 18    ZFB18    (0)    1 :  0.002 0.002 0.960 0.003 0.004 0.002 0.005 0.003 0.003 0.006 0.003 0.002 0.004 
 19    ZFB19    (0)    1 :  0.009 0.027 0.481 0.006 0.032 0.005 0.102 0.031 0.032 0.227 0.036 0.007 0.004 
 20    ZFB20    (0)    1 :  0.004 0.005 0.884 0.020 0.005 0.020 0.026 0.007 0.008 0.011 0.005 0.002 0.003 
 21    ZFB21    (0)    1 :  0.002 0.002 0.955 0.006 0.007 0.004 0.005 0.002 0.003 0.004 0.005 0.003 0.003 
 22    ZFB22    (0)    1 :  0.008 0.010 0.882 0.026 0.005 0.005 0.019 0.008 0.010 0.010 0.007 0.002 0.007 
 23    ZFB23    (0)    1 :  0.003 0.003 0.949 0.011 0.003 0.005 0.005 0.004 0.003 0.005 0.004 0.003 0.004 
 24    ZFB24    (0)    1 :  0.003 0.003 0.942 0.015 0.005 0.005 0.008 0.004 0.003 0.004 0.003 0.002 0.003 
 25    ZFB25    (0)    1 :  0.003 0.005 0.954 0.004 0.004 0.003 0.004 0.008 0.003 0.004 0.003 0.003 0.003 
 26    ZFB26    (0)    1 :  0.003 0.005 0.926 0.022 0.004 0.010 0.005 0.006 0.003 0.004 0.005 0.003 0.004 
 27    ZFB27    (0)    1 :  0.002 0.003 0.922 0.041 0.004 0.003 0.005 0.004 0.002 0.004 0.004 0.002 0.003 
 28    ZFB28    (0)    1 :  0.003 0.005 0.792 0.100 0.004 0.010 0.014 0.005 0.011 0.022 0.023 0.004 0.008 
 29    ZFB29    (0)    1 :  0.002 0.002 0.945 0.009 0.004 0.007 0.008 0.003 0.003 0.006 0.004 0.002 0.004 
 30    ZFB30    (0)    1 :  0.013 0.005 0.669 0.136 0.023 0.004 0.007 0.004 0.015 0.019 0.096 0.006 0.003 
 31    ZFB31    (0)    1 :  0.004 0.006 0.931 0.006 0.005 0.003 0.011 0.008 0.003 0.011 0.004 0.003 0.004 
 32    ZFB32    (0)    1 :  0.004 0.008 0.785 0.048 0.007 0.021 0.016 0.009 0.033 0.019 0.024 0.007 0.019 
 33    ZFB33    (0)    1 :  0.002 0.002 0.958 0.005 0.005 0.003 0.007 0.002 0.002 0.004 0.003 0.002 0.003 
 34    ZFB34    (0)    1 :  0.003 0.003 0.941 0.003 0.015 0.004 0.006 0.003 0.004 0.006 0.004 0.003 0.006 
 35    ZFB35    (0)    1 :  0.003 0.004 0.937 0.006 0.011 0.005 0.009 0.005 0.004 0.005 0.004 0.003 0.004 
 36  ZFBP101    (0)    2 :  0.036 0.522 0.009 0.004 0.004 0.087 0.012 0.239 0.012 0.012 0.007 0.014 0.041 
 37  ZFBP102    (0)    2 :  0.013 0.540 0.013 0.005 0.005 0.034 0.015 0.332 0.008 0.013 0.008 0.004 0.010 
 38  ZFBP103    (0)    2 :  0.011 0.771 0.007 0.004 0.003 0.042 0.010 0.049 0.006 0.011 0.006 0.015 0.064 
 39  ZFBP104    (0)    2 :  0.007 0.641 0.016 0.004 0.022 0.005 0.012 0.229 0.025 0.016 0.011 0.008 0.003 
 40  ZFBP105    (0)    2 :  0.005 0.215 0.005 0.005 0.005 0.006 0.006 0.715 0.008 0.008 0.006 0.012 0.004 
 41  ZFBP106    (0)    2 :  0.010 0.161 0.003 0.003 0.004 0.011 0.003 0.767 0.006 0.004 0.003 0.019 0.006 
 42  ZFBP107    (0)    2 :  0.005 0.423 0.008 0.024 0.004 0.037 0.007 0.442 0.008 0.007 0.014 0.014 0.006 
 43  ZFBP108    (0)    2 :  0.004 0.010 0.003 0.003 0.003 0.004 0.003 0.953 0.003 0.003 0.003 0.006 0.003 
 44  ZFBP109    (0)    2 :  0.005 0.016 0.003 0.002 0.005 0.004 0.004 0.938 0.004 0.007 0.005 0.004 0.004 
 45  ZFBP110    (0)    2 :  0.006 0.445 0.035 0.004 0.008 0.033 0.024 0.271 0.009 0.053 0.017 0.074 0.022 
 46  ZFBP111    (0)    2 :  0.104 0.580 0.002 0.003 0.003 0.004 0.003 0.269 0.012 0.003 0.004 0.008 0.004 
 47  ZFBP112    (0)    2 :  0.047 0.025 0.003 0.006 0.004 0.017 0.004 0.849 0.009 0.006 0.004 0.011 0.015 
 48  ZFBP113    (0)    2 :  0.004 0.015 0.003 0.004 0.004 0.003 0.004 0.943 0.006 0.004 0.004 0.003 0.003 
 49  ZFBP114    (0)    2 :  0.009 0.220 0.003 0.010 0.004 0.025 0.003 0.699 0.003 0.004 0.010 0.005 0.005 
 50  ZFBP115    (0)    2 :  0.012 0.844 0.002 0.003 0.002 0.010 0.003 0.084 0.007 0.004 0.004 0.017 0.008 
 51  ZFBP116    (0)    2 :  0.005 0.042 0.002 0.004 0.003 0.005 0.003 0.908 0.008 0.004 0.005 0.006 0.004 
 52  ZFBP117    (0)    2 :  0.006 0.014 0.003 0.002 0.003 0.005 0.003 0.938 0.004 0.005 0.004 0.006 0.007 
 53  ZFBP118    (0)    2 :  0.014 0.082 0.004 0.011 0.003 0.018 0.004 0.835 0.004 0.004 0.013 0.005 0.004 
 54  ZFBP119    (0)    2 :  0.019 0.375 0.003 0.002 0.004 0.017 0.003 0.506 0.014 0.006 0.005 0.017 0.029 
 55  ZFBP120    (0)    2 :  0.005 0.249 0.007 0.005 0.005 0.005 0.005 0.685 0.008 0.006 0.006 0.012 0.004 
 56  ZFBP121    (0)    2 :  0.004 0.038 0.005 0.003 0.006 0.008 0.004 0.904 0.004 0.005 0.004 0.007 0.008 
 57  ZFBP122    (9)    2 :  0.011 0.127 0.003 0.003 0.004 0.006 0.003 0.818 0.007 0.004 0.004 0.007 0.004 
 58  ZFBP123    (0)    2 :  0.015 0.015 0.003 0.006 0.004 0.034 0.004 0.886 0.010 0.006 0.004 0.005 0.009 
 59  ZFBP124    (0)    2 :  0.006 0.011 0.004 0.004 0.008 0.008 0.003 0.936 0.004 0.004 0.004 0.004 0.004 
 60  ZFBP125    (0)    2 :  0.015 0.034 0.002 0.002 0.002 0.005 0.003 0.912 0.004 0.003 0.003 0.008 0.006 
 61  ZFBP126    (0)    2 :  0.007 0.120 0.008 0.005 0.004 0.020 0.020 0.740 0.018 0.026 0.010 0.004 0.018 
 62  ZFBP127    (0)    2 :  0.005 0.179 0.003 0.003 0.004 0.006 0.003 0.674 0.004 0.004 0.005 0.092 0.020 
 63  ZFBP128    (0)    2 :  0.031 0.029 0.004 0.002 0.004 0.007 0.003 0.875 0.004 0.003 0.002 0.018 0.017 
 64  ZFBP129    (0)    2 :  0.117 0.007 0.004 0.002 0.006 0.007 0.004 0.821 0.005 0.007 0.005 0.007 0.009 
 65  ZFBP130    (0)    2 :  0.071 0.043 0.002 0.004 0.002 0.009 0.003 0.812 0.009 0.004 0.003 0.013 0.026 
 66  ZFBP131    (0)    2 :  0.004 0.006 0.003 0.003 0.004 0.003 0.004 0.955 0.005 0.004 0.003 0.003 0.003 
 67  ZFBP132    (0)    2 :  0.004 0.011 0.004 0.003 0.003 0.004 0.003 0.942 0.003 0.003 0.003 0.013 0.004 
 68  ZFBP133    (0)    2 :  0.101 0.008 0.002 0.002 0.004 0.003 0.003 0.853 0.006 0.004 0.002 0.003 0.008 
 69  ZFBP134    (0)    2 :  0.010 0.891 0.003 0.003 0.003 0.003 0.004 0.047 0.011 0.004 0.003 0.005 0.013 
 70  ZFBP135    (0)    2 :  0.018 0.190 0.014 0.003 0.006 0.054 0.020 0.463 0.006 0.033 0.006 0.018 0.169 
 71  ZFBP136    (0)    2 :  0.047 0.262 0.003 0.008 0.003 0.163 0.005 0.433 0.008 0.006 0.004 0.013 0.043 
 72  ZFBP201    (0)    3 :  0.004 0.015 0.005 0.008 0.004 0.005 0.005 0.920 0.007 0.007 0.006 0.010 0.005 
 73  ZFBP202    (0)    3 :  0.008 0.041 0.005 0.003 0.006 0.005 0.004 0.903 0.005 0.005 0.004 0.008 0.004 
 74  ZFBP203    (0)    3 :  0.018 0.018 0.006 0.047 0.005 0.008 0.016 0.808 0.026 0.015 0.022 0.005 0.005 
 75  ZFBP204    (0)    3 :  0.023 0.243 0.004 0.005 0.004 0.033 0.005 0.630 0.009 0.006 0.005 0.018 0.015 
 76  ZFBP205    (0)    3 :  0.010 0.006 0.002 0.004 0.003 0.010 0.004 0.939 0.005 0.005 0.003 0.002 0.006 
 77  ZFBP206    (0)    3 :  0.040 0.010 0.003 0.007 0.006 0.026 0.005 0.870 0.013 0.005 0.004 0.005 0.008 
 78  ZFBP207    (0)    3 :  0.008 0.265 0.004 0.004 0.004 0.008 0.003 0.599 0.004 0.005 0.004 0.078 0.014 
 79  ZFBP208    (0)    3 :  0.008 0.010 0.003 0.012 0.004 0.014 0.005 0.910 0.014 0.006 0.005 0.003 0.005 
 80  ZFBP209    (0)    3 :  0.053 0.008 0.002 0.002 0.003 0.003 0.004 0.903 0.005 0.003 0.002 0.003 0.008 
 81  ZFBP210    (0)    3 :  0.009 0.013 0.004 0.009 0.004 0.006 0.004 0.911 0.013 0.006 0.005 0.010 0.004 
 82  ZFBP211    (0)    3 :  0.004 0.010 0.005 0.003 0.006 0.008 0.003 0.936 0.005 0.004 0.004 0.008 0.004 
 83  ZFBP212    (0)    3 :  0.005 0.227 0.007 0.003 0.004 0.003 0.003 0.704 0.003 0.003 0.003 0.031 0.003 
 84  ZFBP213    (0)    3 :  0.010 0.009 0.004 0.004 0.017 0.024 0.005 0.886 0.011 0.006 0.005 0.010 0.010 
 85  ZFBP214    (0)    3 :  0.090 0.030 0.006 0.004 0.017 0.018 0.008 0.679 0.046 0.015 0.007 0.035 0.044 
 86  ZFBP215    (0)    3 :  0.006 0.011 0.003 0.002 0.004 0.004 0.003 0.944 0.004 0.004 0.003 0.005 0.005 
 87  ZFBP216    (0)    3 :  0.005 0.158 0.004 0.007 0.005 0.005 0.006 0.752 0.030 0.008 0.010 0.006 0.005 
 88  ZFBP217    (0)    3 :  0.188 0.128 0.006 0.004 0.006 0.004 0.004 0.577 0.022 0.007 0.007 0.039 0.007 
 89  ZFBP218    (0)    3 :  0.011 0.015 0.002 0.003 0.004 0.003 0.003 0.943 0.006 0.003 0.003 0.003 0.003 
 90  ZFBP219    (0)    3 :  0.004 0.013 0.002 0.004 0.003 0.004 0.003 0.946 0.006 0.004 0.004 0.003 0.003 
 91  ZFBP220    (0)    3 :  0.043 0.241 0.003 0.004 0.003 0.008 0.004 0.647 0.007 0.004 0.004 0.014 0.020 
 92  ZFBP221    (0)    3 :  0.008 0.513 0.004 0.003 0.004 0.002 0.003 0.441 0.005 0.004 0.003 0.007 0.003 
 93  ZFBP222    (0)    3 :  0.007 0.006 0.003 0.005 0.005 0.005 0.006 0.938 0.007 0.006 0.003 0.003 0.007 
 94  ZFBP223    (0)    3 :  0.011 0.146 0.010 0.005 0.005 0.009 0.005 0.600 0.005 0.007 0.006 0.184 0.008 
 95  ZFBP224    (0)    3 :  0.005 0.011 0.003 0.004 0.008 0.011 0.005 0.927 0.007 0.005 0.005 0.005 0.004 
 96  ZFBP225    (0)    3 :  0.219 0.485 0.003 0.010 0.003 0.011 0.005 0.203 0.015 0.009 0.008 0.017 0.012 
 97  ZFBP226    (0)    3 :  0.005 0.022 0.003 0.004 0.003 0.004 0.004 0.932 0.006 0.004 0.004 0.004 0.003 
 98  ZFBP227    (0)    3 :  0.006 0.391 0.009 0.004 0.018 0.009 0.013 0.372 0.116 0.023 0.024 0.008 0.005 
 99  ZFBP228    (0)    3 :  0.008 0.530 0.004 0.002 0.005 0.005 0.003 0.352 0.004 0.005 0.004 0.060 0.017 
100  ZFBP229    (0)    3 :  0.020 0.062 0.002 0.003 0.003 0.003 0.003 0.878 0.006 0.005 0.004 0.004 0.007 
101  ZFBP230    (0)    3 :  0.030 0.406 0.003 0.003 0.003 0.008 0.004 0.494 0.008 0.005 0.004 0.010 0.022 
102  ZFBP231    (0)    3 :  0.005 0.010 0.004 0.004 0.005 0.013 0.004 0.932 0.005 0.004 0.004 0.006 0.004 
103  ZFBP232    (0)    3 :  0.006 0.009 0.003 0.003 0.003 0.005 0.003 0.951 0.003 0.003 0.003 0.004 0.004 
104  ZFBP233    (0)    3 :  0.015 0.023 0.005 0.004 0.007 0.009 0.004 0.902 0.011 0.005 0.005 0.006 0.005 
105   ZFCC01    (0)    4 :  0.004 0.004 0.005 0.004 0.019 0.008 0.007 0.004 0.005 0.004 0.004 0.005 0.928 
106   ZFCC03    (0)    4 :  0.005 0.003 0.003 0.003 0.007 0.005 0.003 0.004 0.003 0.004 0.003 0.008 0.949 
107   ZFCC04    (0)    4 :  0.006 0.004 0.004 0.004 0.006 0.013 0.004 0.004 0.005 0.004 0.004 0.005 0.937 
108   ZFCC05    (0)    4 :  0.007 0.006 0.005 0.005 0.012 0.044 0.006 0.006 0.009 0.006 0.006 0.018 0.870 
109   ZFCC08    (0)    4 :  0.019 0.009 0.002 0.002 0.009 0.008 0.003 0.011 0.008 0.005 0.003 0.005 0.917 
110   ZFCC09    (0)    4 :  0.003 0.003 0.003 0.003 0.012 0.006 0.003 0.004 0.003 0.004 0.003 0.007 0.945 
111   ZFCC10    (0)    4 :  0.004 0.003 0.003 0.004 0.040 0.009 0.004 0.004 0.004 0.005 0.004 0.004 0.914 
112   ZFCC11    (0)    4 :  0.005 0.004 0.004 0.004 0.011 0.008 0.004 0.005 0.004 0.004 0.004 0.012 0.932 
113   ZFCC12    (0)    4 :  0.005 0.008 0.008 0.021 0.019 0.029 0.094 0.006 0.009 0.020 0.012 0.007 0.762 
114   ZFCC13    (0)    4 :  0.006 0.012 0.004 0.010 0.005 0.008 0.005 0.008 0.013 0.005 0.006 0.009 0.911 
115   ZFCC14    (0)    4 :  0.007 0.004 0.009 0.006 0.007 0.022 0.006 0.008 0.004 0.008 0.005 0.004 0.909 
116   ZFCC15    (0)    4 :  0.004 0.004 0.003 0.004 0.005 0.005 0.005 0.004 0.008 0.005 0.005 0.004 0.943 
117   ZFCC16    (0)    4 :  0.005 0.003 0.004 0.004 0.006 0.016 0.005 0.003 0.005 0.005 0.004 0.004 0.938 
118   ZFCC17    (0)    4 :  0.003 0.003 0.005 0.010 0.006 0.044 0.009 0.003 0.004 0.004 0.006 0.005 0.898 
119   ZFCC18    (0)    4 :  0.006 0.004 0.003 0.004 0.010 0.009 0.004 0.004 0.005 0.004 0.004 0.008 0.935 
120   ZFCC19    (0)    4 :  0.003 0.003 0.004 0.008 0.003 0.009 0.005 0.003 0.006 0.006 0.006 0.003 0.941 
121   ZFCC20    (0)    4 :  0.005 0.005 0.004 0.003 0.004 0.011 0.005 0.004 0.007 0.005 0.004 0.007 0.938 
122   ZFCC21    (0)    4 :  0.037 0.016 0.005 0.007 0.005 0.011 0.012 0.028 0.042 0.026 0.004 0.003 0.803 
123   ZFCC22    (0)    4 :  0.049 0.074 0.003 0.005 0.016 0.012 0.004 0.165 0.009 0.005 0.003 0.006 0.649 
124   ZFCC26    (0)    4 :  0.004 0.003 0.004 0.003 0.006 0.008 0.005 0.003 0.004 0.004 0.003 0.005 0.947 
125   ZFCC27    (0)    4 :  0.003 0.003 0.003 0.003 0.004 0.006 0.003 0.003 0.003 0.003 0.003 0.007 0.955 
126   ZFCC29    (0)    4 :  0.005 0.005 0.009 0.004 0.006 0.017 0.007 0.004 0.011 0.006 0.005 0.005 0.916 
127   ZFCC30    (0)    4 :  0.005 0.004 0.003 0.003 0.003 0.007 0.003 0.003 0.004 0.003 0.003 0.011 0.948 
128   ZFCC32    (0)    4 :  0.005 0.005 0.003 0.007 0.008 0.009 0.007 0.004 0.012 0.005 0.006 0.005 0.924 
129   ZFCC33    (0)    4 :  0.005 0.005 0.010 0.004 0.007 0.332 0.006 0.004 0.005 0.012 0.006 0.007 0.597 
130   ZFCC34    (0)    4 :  0.021 0.048 0.028 0.015 0.024 0.054 0.022 0.069 0.007 0.008 0.006 0.077 0.620 
131   ZFCC35    (0)    4 :  0.004 0.004 0.002 0.004 0.004 0.007 0.003 0.003 0.003 0.003 0.003 0.004 0.957 
132   ZFCC36    (0)    4 :  0.010 0.008 0.004 0.015 0.005 0.012 0.006 0.008 0.016 0.005 0.005 0.004 0.901 
133   ZFCC37    (0)    4 :  0.006 0.009 0.007 0.017 0.030 0.031 0.073 0.009 0.011 0.025 0.013 0.008 0.763 
134   ZFCC40    (0)    4 :  0.003 0.003 0.004 0.010 0.009 0.015 0.005 0.006 0.003 0.004 0.003 0.003 0.930 
135   ZFCC42    (0)    4 :  0.007 0.009 0.033 0.167 0.006 0.502 0.122 0.004 0.004 0.016 0.030 0.052 0.048 
136   ZFCC44    (0)    4 :  0.003 0.003 0.003 0.007 0.003 0.015 0.003 0.003 0.002 0.003 0.005 0.010 0.940 
137   ZFCC45    (9)    4 :  0.004 0.005 0.008 0.018 0.018 0.056 0.011 0.005 0.007 0.012 0.018 0.009 0.828 
138   ZFCC46    (0)    4 :  0.032 0.016 0.003 0.004 0.003 0.013 0.003 0.013 0.008 0.004 0.003 0.009 0.888 
139   ZFCC47    (0)    4 :  0.007 0.005 0.005 0.013 0.022 0.007 0.041 0.005 0.006 0.007 0.005 0.005 0.871 
140   ZFCC48    (0)    4 :  0.033 0.010 0.004 0.004 0.005 0.015 0.006 0.025 0.012 0.009 0.003 0.004 0.871 
141   ZFCC50    (0)    4 :  0.003 0.003 0.004 0.004 0.005 0.009 0.005 0.003 0.004 0.004 0.004 0.003 0.950 
142   ZFCC51    (0)    4 :  0.003 0.003 0.004 0.002 0.005 0.004 0.003 0.003 0.003 0.003 0.003 0.008 0.955 
143   ZFCC52    (0)    4 :  0.013 0.010 0.004 0.007 0.005 0.039 0.007 0.015 0.007 0.005 0.004 0.005 0.880 
144   ZFCC53    (0)    4 :  0.003 0.003 0.003 0.003 0.005 0.006 0.003 0.003 0.002 0.003 0.003 0.006 0.957 
145  ZFCNS01    (0)    5 :  0.003 0.032 0.002 0.023 0.003 0.003 0.008 0.005 0.051 0.015 0.029 0.819 0.006 
146  ZFCNS02    (0)    5 :  0.004 0.004 0.002 0.002 0.003 0.003 0.002 0.003 0.003 0.002 0.002 0.963 0.005 
147  ZFCNS05    (0)    5 :  0.005 0.007 0.005 0.002 0.005 0.005 0.003 0.006 0.006 0.003 0.003 0.941 0.007 
148  ZFCNS06    (0)    5 :  0.004 0.004 0.003 0.002 0.003 0.003 0.003 0.004 0.003 0.003 0.002 0.960 0.005 
149  ZFCNS07    (0)    5 :  0.009 0.006 0.003 0.002 0.003 0.003 0.002 0.006 0.004 0.003 0.003 0.954 0.003 
150  ZFCNS10    (0)    5 :  0.005 0.013 0.003 0.004 0.002 0.003 0.002 0.007 0.003 0.003 0.003 0.948 0.004 
151  ZFCNS11    (0)    5 :  0.004 0.015 0.002 0.011 0.003 0.003 0.007 0.005 0.025 0.008 0.013 0.899 0.007 
152  ZFCNS15    (0)    5 :  0.008 0.038 0.003 0.002 0.003 0.006 0.003 0.014 0.004 0.004 0.003 0.910 0.003 
153  ZFCNS17    (0)    5 :  0.004 0.005 0.003 0.002 0.003 0.004 0.002 0.004 0.003 0.003 0.003 0.961 0.005 
154  ZFCNS18    (0)    5 :  0.004 0.015 0.003 0.004 0.003 0.003 0.002 0.008 0.003 0.003 0.003 0.945 0.005 
155  ZFCNS19    (0)    5 :  0.004 0.004 0.003 0.002 0.003 0.003 0.002 0.002 0.003 0.002 0.002 0.965 0.004 
156  ZFCNS20    (0)    5 :  0.016 0.013 0.003 0.003 0.003 0.007 0.003 0.011 0.004 0.004 0.003 0.926 0.004 
157  ZFCNS21    (0)    5 :  0.002 0.005 0.002 0.002 0.003 0.003 0.002 0.003 0.003 0.003 0.003 0.965 0.004 
158  ZFCNS22    (0)    5 :  0.005 0.012 0.005 0.002 0.005 0.005 0.003 0.011 0.005 0.004 0.004 0.934 0.005 
159  ZFCNS23    (0)    5 :  0.012 0.006 0.004 0.010 0.005 0.024 0.007 0.006 0.011 0.007 0.007 0.891 0.012 
160  ZFCNS24    (0)    5 :  0.005 0.008 0.002 0.002 0.003 0.008 0.003 0.005 0.004 0.003 0.003 0.945 0.007 
161  ZFCNS25    (0)    5 :  0.009 0.012 0.003 0.002 0.003 0.007 0.003 0.009 0.004 0.003 0.003 0.937 0.005 
162  ZFCNS26    (0)    5 :  0.003 0.007 0.003 0.002 0.003 0.003 0.002 0.004 0.003 0.003 0.003 0.961 0.003 
163  ZFCNS27    (0)    5 :  0.009 0.056 0.003 0.002 0.003 0.005 0.003 0.019 0.004 0.004 0.004 0.885 0.003 
164  ZFCNS28    (0)    5 :  0.004 0.005 0.004 0.002 0.004 0.003 0.002 0.003 0.003 0.003 0.003 0.961 0.004 
165  ZFCNS29    (0)    5 :  0.004 0.007 0.004 0.002 0.004 0.007 0.003 0.007 0.005 0.004 0.003 0.943 0.007 
166  ZFCNS30    (0)    5 :  0.003 0.008 0.004 0.002 0.005 0.005 0.003 0.004 0.005 0.003 0.003 0.948 0.006 
167  ZFCNS31    (0)    5 :  0.004 0.005 0.003 0.002 0.003 0.003 0.002 0.003 0.003 0.003 0.003 0.963 0.003 
168  ZFCNS32    (0)    5 :  0.007 0.009 0.003 0.002 0.003 0.006 0.003 0.006 0.005 0.003 0.003 0.944 0.005 
169  ZFCNS33    (0)    5 :  0.004 0.005 0.003 0.002 0.003 0.003 0.002 0.003 0.003 0.002 0.003 0.963 0.004 
170  ZFCNS34    (0)    5 :  0.004 0.006 0.003 0.002 0.005 0.007 0.003 0.005 0.005 0.003 0.003 0.943 0.011 
171  ZFCNS35    (0)    5 :  0.004 0.032 0.022 0.002 0.010 0.003 0.007 0.013 0.003 0.008 0.003 0.885 0.009 
172  ZFCNS36    (0)    5 :  0.008 0.007 0.002 0.002 0.003 0.009 0.003 0.006 0.005 0.003 0.003 0.939 0.010 
173  ZFCNS37    (0)    5 :  0.008 0.102 0.003 0.002 0.004 0.005 0.003 0.005 0.005 0.006 0.009 0.844 0.004 
174  ZFCNS39    (0)    5 :  0.023 0.024 0.002 0.004 0.003 0.006 0.003 0.008 0.013 0.004 0.005 0.891 0.014 
175  ZFCNS40    (0)    5 :  0.118 0.120 0.002 0.003 0.003 0.012 0.003 0.008 0.011 0.004 0.006 0.685 0.026 
176  ZFCNS41    (0)    5 :  0.006 0.641 0.005 0.004 0.006 0.011 0.007 0.013 0.011 0.008 0.009 0.261 0.018 
177  ZFCNS42    (0)    5 :  0.003 0.006 0.002 0.002 0.003 0.003 0.002 0.004 0.003 0.003 0.003 0.963 0.003 
178  ZFCNS43    (0)    5 :  0.003 0.004 0.002 0.002 0.003 0.003 0.002 0.003 0.003 0.002 0.003 0.965 0.004 
179  ZFCNS44    (0)    5 :  0.003 0.015 0.003 0.004 0.003 0.003 0.002 0.007 0.002 0.003 0.003 0.947 0.004 
180  ZFCNS46    (0)    5 :  0.004 0.010 0.003 0.002 0.004 0.005 0.003 0.006 0.005 0.004 0.004 0.946 0.004 
181  ZFCNS47    (0)    5 :  0.003 0.005 0.002 0.002 0.003 0.003 0.002 0.003 0.003 0.002 0.003 0.965 0.004 
182  ZFCNS48    (0)    5 :  0.005 0.028 0.005 0.004 0.004 0.005 0.003 0.012 0.005 0.003 0.003 0.917 0.007 
183  ZFCNS49    (0)    5 :  0.004 0.062 0.004 0.004 0.003 0.003 0.002 0.011 0.003 0.003 0.003 0.897 0.003 
184   ZFCR01    (0)    6 :  0.006 0.004 0.007 0.008 0.021 0.003 0.284 0.010 0.003 0.580 0.063 0.003 0.007 
185   ZFCR02    (0)    6 :  0.011 0.005 0.015 0.009 0.005 0.012 0.281 0.012 0.005 0.609 0.010 0.005 0.021 
186   ZFCR03    (0)    6 :  0.008 0.005 0.016 0.035 0.010 0.057 0.285 0.014 0.013 0.526 0.012 0.003 0.015 
187   ZFCR04    (0)    6 :  0.023 0.026 0.191 0.024 0.068 0.006 0.123 0.016 0.013 0.440 0.046 0.010 0.014 
188   ZFCR05    (0)    6 :  0.004 0.003 0.007 0.007 0.017 0.004 0.298 0.004 0.011 0.615 0.016 0.003 0.011 
189   ZFCR06    (0)    6 :  0.011 0.031 0.019 0.004 0.011 0.006 0.250 0.025 0.005 0.544 0.015 0.067 0.012 
190   ZFCR07    (0)    6 :  0.004 0.040 0.042 0.007 0.010 0.050 0.050 0.009 0.096 0.510 0.097 0.072 0.012 
191   ZFCR08    (0)    6 :  0.045 0.014 0.022 0.034 0.092 0.041 0.041 0.023 0.006 0.309 0.289 0.004 0.079 
192   ZFCR09    (0)    6 :  0.013 0.056 0.070 0.134 0.010 0.023 0.244 0.052 0.019 0.303 0.037 0.015 0.024 
193   ZFCR11    (0)    6 :  0.003 0.041 0.028 0.007 0.019 0.004 0.237 0.018 0.023 0.584 0.019 0.010 0.007 
194   ZFCR12    (0)    6 :  0.015 0.054 0.006 0.004 0.005 0.009 0.231 0.011 0.017 0.517 0.008 0.112 0.010 
195   ZFCR13    (0)    6 :  0.006 0.011 0.044 0.003 0.006 0.007 0.035 0.095 0.239 0.304 0.235 0.009 0.008 
196   ZFCR14    (0)    6 :  0.012 0.008 0.015 0.005 0.011 0.005 0.273 0.006 0.031 0.604 0.014 0.007 0.008 
197   ZFCR15    (0)    6 :  0.037 0.016 0.047 0.010 0.018 0.008 0.190 0.022 0.021 0.565 0.050 0.005 0.011 
198   ZFCR16    (0)    6 :  0.019 0.006 0.019 0.003 0.007 0.004 0.275 0.018 0.009 0.600 0.029 0.003 0.007 
199   ZFCR18    (0)    6 :  0.005 0.005 0.255 0.004 0.008 0.028 0.225 0.008 0.007 0.426 0.011 0.006 0.011 
200   ZFCR19    (0)    6 :  0.040 0.012 0.023 0.016 0.006 0.006 0.315 0.018 0.008 0.534 0.006 0.006 0.010 
201   ZFCR20    (0)    6 :  0.007 0.009 0.026 0.006 0.028 0.030 0.291 0.030 0.049 0.492 0.019 0.005 0.006 
202   ZFCR21    (0)    6 :  0.012 0.006 0.004 0.004 0.004 0.008 0.298 0.005 0.025 0.609 0.010 0.003 0.012 
203   ZFCR22    (0)    6 :  0.014 0.006 0.006 0.004 0.002 0.007 0.292 0.006 0.059 0.589 0.007 0.003 0.005 
204   ZFCR23    (0)    6 :  0.006 0.040 0.009 0.044 0.005 0.004 0.228 0.049 0.047 0.479 0.081 0.005 0.003 
205   ZFCR24    (9)    6 :  0.007 0.012 0.087 0.011 0.031 0.011 0.072 0.517 0.092 0.053 0.097 0.004 0.008 
206   ZFCR25    (0)    6 :  0.004 0.005 0.006 0.003 0.010 0.006 0.311 0.004 0.011 0.619 0.013 0.003 0.005 
207   ZFCR26    (0)    6 :  0.015 0.010 0.004 0.019 0.009 0.008 0.236 0.012 0.221 0.433 0.014 0.004 0.015 
208   ZFCR27    (9)    6 :  0.003 0.003 0.011 0.008 0.022 0.003 0.200 0.003 0.031 0.374 0.333 0.003 0.005 
209   ZFCR28    (0)    6 :  0.051 0.025 0.004 0.005 0.007 0.009 0.167 0.064 0.006 0.516 0.108 0.027 0.011 
210   ZFCR29    (0)    6 :  0.004 0.003 0.008 0.005 0.006 0.004 0.330 0.005 0.015 0.609 0.005 0.002 0.004 
211   ZFCR30    (0)    6 :  0.008 0.010 0.006 0.005 0.007 0.008 0.283 0.006 0.044 0.595 0.011 0.010 0.007 
212   ZFCR31    (0)    6 :  0.019 0.061 0.184 0.026 0.013 0.029 0.193 0.079 0.021 0.296 0.019 0.048 0.013 
213   ZFCR33    (0)    6 :  0.015 0.015 0.007 0.030 0.055 0.010 0.025 0.011 0.026 0.263 0.495 0.007 0.041 
214   ZFCR34    (0)    6 :  0.012 0.033 0.133 0.016 0.006 0.004 0.093 0.017 0.224 0.385 0.044 0.010 0.020 
215   ZFCR35    (0)    6 :  0.004 0.005 0.107 0.017 0.009 0.004 0.266 0.006 0.005 0.553 0.009 0.004 0.010 
216   ZFCR36    (0)    6 :  0.005 0.008 0.039 0.016 0.006 0.006 0.279 0.006 0.019 0.581 0.010 0.018 0.007 
217   ZFCR37    (0)    6 :  0.004 0.004 0.052 0.025 0.053 0.016 0.049 0.004 0.557 0.100 0.081 0.004 0.052 
218   ZFCR38    (0)    6 :  0.015 0.008 0.006 0.016 0.048 0.012 0.066 0.007 0.032 0.349 0.392 0.008 0.040 
219   ZFCR39    (0)    6 :  0.027 0.018 0.022 0.179 0.009 0.040 0.041 0.055 0.007 0.360 0.152 0.003 0.087 
220   ZFCR40    (0)    6 :  0.004 0.014 0.011 0.033 0.012 0.006 0.198 0.010 0.011 0.583 0.091 0.004 0.023 
221   ZFCR41    (0)    6 :  0.022 0.107 0.005 0.003 0.007 0.007 0.243 0.007 0.015 0.529 0.012 0.015 0.027 
222   ZFCR42    (0)    6 :  0.018 0.030 0.007 0.018 0.009 0.018 0.167 0.020 0.079 0.502 0.063 0.020 0.048 
223   ZFCR43    (0)    6 :  0.004 0.006 0.023 0.003 0.011 0.004 0.271 0.039 0.010 0.609 0.009 0.006 0.004 
224  ZFENP25    (0)    7 :  0.011 0.005 0.004 0.005 0.041 0.005 0.016 0.010 0.007 0.286 0.583 0.003 0.022 
225  ZFENP26    (0)    7 :  0.003 0.004 0.006 0.008 0.006 0.004 0.006 0.002 0.003 0.245 0.707 0.002 0.004 
226  ZFENP27    (0)    7 :  0.012 0.032 0.016 0.026 0.026 0.045 0.068 0.017 0.005 0.280 0.212 0.060 0.200 
227  ZFENP28    (0)    7 :  0.005 0.005 0.008 0.011 0.023 0.004 0.015 0.004 0.009 0.176 0.718 0.009 0.012 
228  ZFENP29    (0)    7 :  0.004 0.004 0.004 0.005 0.005 0.007 0.014 0.004 0.010 0.225 0.705 0.005 0.009 
229  ZFENP30    (0)    7 :  0.007 0.005 0.007 0.011 0.008 0.093 0.010 0.005 0.013 0.209 0.590 0.010 0.033 
230  ZFENP31    (0)    7 :  0.004 0.004 0.022 0.253 0.028 0.348 0.032 0.006 0.009 0.070 0.203 0.006 0.014 
231  ZFENP32    (0)    7 :  0.007 0.018 0.220 0.128 0.021 0.115 0.056 0.016 0.012 0.195 0.171 0.028 0.013 
232  ZFENP33    (0)    7 :  0.003 0.006 0.011 0.009 0.029 0.034 0.014 0.007 0.033 0.295 0.549 0.005 0.004 
233  ZFENP34    (0)    7 :  0.004 0.006 0.033 0.008 0.487 0.085 0.025 0.006 0.006 0.155 0.156 0.009 0.019 
234  ZFENP35    (0)    7 :  0.005 0.017 0.016 0.053 0.007 0.007 0.005 0.009 0.009 0.173 0.681 0.013 0.005 
235  ZFENP36    (0)    7 :  0.002 0.004 0.009 0.011 0.005 0.007 0.007 0.003 0.007 0.241 0.692 0.010 0.003 
236  ZFENP37    (0)    7 :  0.004 0.008 0.013 0.076 0.366 0.008 0.008 0.006 0.030 0.213 0.253 0.009 0.007 
237  ZFENP38    (0)    7 :  0.004 0.007 0.010 0.023 0.026 0.013 0.017 0.005 0.427 0.140 0.294 0.016 0.017 
238  ZFENP39    (0)    7 :  0.003 0.004 0.011 0.014 0.023 0.006 0.014 0.004 0.010 0.390 0.506 0.004 0.012 
239  ZFENP40    (0)    7 :  0.004 0.006 0.011 0.034 0.015 0.012 0.016 0.008 0.007 0.378 0.498 0.006 0.007 
240  ZFENP41    (0)    7 :  0.008 0.007 0.019 0.024 0.015 0.034 0.006 0.006 0.006 0.321 0.494 0.009 0.050 
241  ZFENP42    (0)    7 :  0.004 0.005 0.003 0.195 0.004 0.010 0.007 0.003 0.048 0.201 0.512 0.003 0.006 
242  ZFENP43    (0)    7 :  0.006 0.030 0.007 0.014 0.031 0.008 0.020 0.007 0.065 0.192 0.533 0.055 0.032 
243  ZFENP44    (0)    7 :  0.003 0.017 0.005 0.089 0.018 0.020 0.009 0.006 0.036 0.310 0.462 0.013 0.014 
244  ZFENP45    (0)    7 :  0.322 0.016 0.008 0.100 0.013 0.020 0.015 0.027 0.041 0.106 0.307 0.009 0.017 
245  ZFENP46    (0)    7 :  0.005 0.021 0.008 0.016 0.028 0.010 0.013 0.014 0.051 0.255 0.568 0.006 0.003 
246  ZFENP47    (0)    7 :  0.111 0.005 0.040 0.194 0.007 0.018 0.047 0.013 0.005 0.368 0.123 0.004 0.064 
247  ZFENP48    (0)    7 :  0.011 0.005 0.013 0.013 0.460 0.288 0.034 0.012 0.019 0.061 0.064 0.007 0.016 
248  ZFENP49    (0)    7 :  0.012 0.008 0.029 0.007 0.005 0.136 0.122 0.010 0.009 0.492 0.155 0.006 0.010 
249  ZFENP50    (0)    7 :  0.010 0.024 0.008 0.045 0.006 0.005 0.021 0.050 0.071 0.226 0.524 0.004 0.005 
250  ZFENP51    (0)    7 :  0.045 0.004 0.023 0.117 0.013 0.034 0.274 0.003 0.013 0.136 0.326 0.006 0.007 
251  ZFENP52    (0)    7 :  0.005 0.012 0.002 0.006 0.004 0.006 0.005 0.004 0.012 0.013 0.915 0.009 0.007 
252  ZFENP53    (0)    7 :  0.031 0.023 0.007 0.019 0.009 0.008 0.014 0.040 0.024 0.092 0.712 0.011 0.009 
253  ZFENP54    (0)    7 :  0.006 0.013 0.016 0.009 0.008 0.026 0.130 0.033 0.016 0.575 0.143 0.006 0.018 
254  ZFENP55    (0)    7 :  0.004 0.005 0.049 0.014 0.022 0.010 0.035 0.004 0.511 0.153 0.185 0.004 0.003 
255  ZFENP56    (0)    7 :  0.005 0.008 0.012 0.008 0.008 0.009 0.019 0.003 0.069 0.211 0.632 0.009 0.006 
256  ZFENP57    (0)    7 :  0.002 0.007 0.013 0.068 0.024 0.016 0.015 0.004 0.018 0.188 0.629 0.011 0.004 
257  ZFENP58    (0)    7 :  0.116 0.010 0.025 0.007 0.005 0.299 0.030 0.008 0.018 0.127 0.319 0.016 0.021 
258  ZFENP59    (0)    7 :  0.004 0.005 0.012 0.029 0.009 0.027 0.013 0.006 0.008 0.217 0.602 0.005 0.064 
259  ZFENP60    (0)    7 :  0.014 0.009 0.036 0.015 0.029 0.006 0.018 0.010 0.015 0.299 0.531 0.006 0.011 
260  ZFENP61    (0)    7 :  0.003 0.003 0.016 0.007 0.014 0.007 0.012 0.003 0.009 0.355 0.554 0.004 0.013 
261 ZFFDSP01    (0)    8 :  0.026 0.126 0.007 0.003 0.006 0.004 0.004 0.789 0.008 0.004 0.003 0.015 0.005 
262 ZFFDSP02    (0)    8 :  0.005 0.014 0.003 0.002 0.004 0.003 0.003 0.947 0.004 0.004 0.003 0.004 0.005 
263 ZFFDSP04    (0)    8 :  0.014 0.024 0.005 0.002 0.004 0.003 0.003 0.926 0.005 0.004 0.002 0.003 0.004 
264 ZFFDSP05    (0)    8 :  0.011 0.432 0.004 0.003 0.003 0.003 0.004 0.516 0.007 0.005 0.003 0.006 0.004 
265 ZFFDSP06    (0)    8 :  0.012 0.020 0.002 0.002 0.004 0.003 0.003 0.933 0.005 0.004 0.002 0.003 0.007 
266 ZFFDSP07    (0)    8 :  0.022 0.007 0.003 0.005 0.004 0.020 0.004 0.905 0.008 0.005 0.004 0.004 0.010 
267 ZFFDSP08    (0)    8 :  0.091 0.044 0.003 0.004 0.004 0.033 0.004 0.772 0.012 0.005 0.004 0.014 0.010 
268 ZFFDSP10    (0)    8 :  0.016 0.052 0.004 0.003 0.004 0.007 0.003 0.885 0.007 0.005 0.004 0.006 0.004 
269 ZFFDSP11    (0)    8 :  0.008 0.064 0.004 0.003 0.003 0.003 0.004 0.886 0.009 0.004 0.003 0.003 0.004 
270 ZFFDSP12    (0)    8 :  0.007 0.010 0.002 0.003 0.003 0.005 0.003 0.949 0.003 0.003 0.003 0.004 0.004 
271 ZFFDSP13    (0)    8 :  0.005 0.906 0.003 0.003 0.004 0.008 0.004 0.032 0.007 0.006 0.005 0.011 0.007 
272 ZFFDSP14    (0)    8 :  0.016 0.006 0.002 0.003 0.004 0.007 0.004 0.934 0.006 0.004 0.003 0.004 0.006 
273 ZFFDSP16    (0)    8 :  0.004 0.022 0.006 0.004 0.007 0.004 0.006 0.902 0.008 0.010 0.006 0.015 0.006 
274 ZFFDSP17    (0)    8 :  0.009 0.018 0.003 0.002 0.005 0.004 0.003 0.931 0.007 0.004 0.003 0.005 0.006 
275 ZFFDSP18    (0)    8 :  0.016 0.008 0.007 0.002 0.006 0.003 0.004 0.931 0.004 0.005 0.003 0.005 0.006 
276 ZFFDSP19    (0)    8 :  0.018 0.044 0.004 0.002 0.007 0.004 0.004 0.742 0.004 0.004 0.003 0.137 0.026 
277 ZFFDSP21    (0)    8 :  0.011 0.436 0.003 0.002 0.009 0.004 0.005 0.439 0.004 0.007 0.004 0.056 0.020 
278 ZFFDSP22    (0)    8 :  0.061 0.012 0.002 0.002 0.003 0.003 0.003 0.893 0.006 0.004 0.003 0.004 0.005 
279 ZFFDSP23    (0)    8 :  0.183 0.174 0.002 0.002 0.004 0.003 0.003 0.602 0.005 0.005 0.003 0.009 0.005 
280 ZFFDSP24    (0)    8 :  0.006 0.417 0.006 0.002 0.006 0.005 0.004 0.524 0.006 0.005 0.003 0.012 0.006 
281 ZFFDSP26    (9)    8 :  0.013 0.270 0.004 0.003 0.003 0.004 0.003 0.676 0.005 0.004 0.003 0.006 0.005 
282 ZFFDSP27    (0)    8 :  0.007 0.030 0.004 0.002 0.005 0.003 0.004 0.921 0.004 0.004 0.003 0.008 0.004 
283 ZFFDSP28    (0)    8 :  0.008 0.046 0.034 0.008 0.028 0.015 0.015 0.807 0.012 0.008 0.007 0.005 0.006 
284 ZFFDSP30    (0)    8 :  0.010 0.508 0.077 0.009 0.007 0.010 0.007 0.307 0.011 0.008 0.005 0.035 0.007 
285 ZFFDSP31    (0)    8 :  0.006 0.018 0.003 0.002 0.010 0.005 0.003 0.928 0.005 0.004 0.004 0.007 0.005 
286 ZFFDSP32    (0)    8 :  0.006 0.013 0.002 0.003 0.004 0.004 0.003 0.947 0.005 0.003 0.003 0.004 0.003 
287 ZFFDSP33    (0)    8 :  0.006 0.027 0.003 0.003 0.004 0.003 0.003 0.935 0.003 0.003 0.003 0.005 0.002 
288 ZFFDSP34    (0)    8 :  0.011 0.020 0.003 0.002 0.004 0.004 0.003 0.931 0.005 0.003 0.003 0.005 0.007 
289 ZFFDSP35    (0)    8 :  0.008 0.366 0.006 0.003 0.004 0.003 0.004 0.585 0.006 0.004 0.003 0.006 0.004 
290 ZFFDSP37    (0)    8 :  0.004 0.028 0.003 0.002 0.005 0.004 0.003 0.931 0.004 0.004 0.003 0.005 0.004 
291 ZFFDSP38    (0)    8 :  0.005 0.013 0.005 0.003 0.005 0.004 0.003 0.943 0.004 0.003 0.003 0.006 0.003 
292 ZFFDSP39    (0)    8 :  0.008 0.775 0.003 0.002 0.003 0.003 0.003 0.184 0.003 0.004 0.003 0.006 0.003 
293 ZFFDSP40    (0)    8 :  0.004 0.496 0.006 0.002 0.004 0.004 0.003 0.459 0.003 0.005 0.003 0.008 0.003 
294 ZFFDSP42    (0)    8 :  0.090 0.128 0.004 0.002 0.004 0.003 0.003 0.738 0.006 0.005 0.003 0.010 0.005 
295 ZFFDSP43    (0)    8 :  0.008 0.041 0.004 0.002 0.004 0.003 0.003 0.912 0.003 0.003 0.003 0.009 0.004 
296 ZFFDSP44    (0)    8 :  0.005 0.266 0.005 0.003 0.005 0.005 0.003 0.684 0.005 0.004 0.003 0.008 0.003 
297 ZFFDSP45    (0)    8 :  0.006 0.034 0.004 0.002 0.004 0.004 0.003 0.919 0.004 0.004 0.003 0.007 0.005 
298 ZFFDSP46    (0)    8 :  0.012 0.063 0.004 0.002 0.005 0.004 0.003 0.880 0.005 0.005 0.003 0.009 0.005 
299 ZFFDSP47    (0)    8 :  0.011 0.737 0.004 0.003 0.003 0.004 0.003 0.209 0.005 0.003 0.003 0.011 0.003 
300 ZFFDSP48    (0)    8 :  0.006 0.677 0.004 0.003 0.004 0.004 0.003 0.274 0.004 0.004 0.003 0.011 0.004 
301    ZFI01    (0)    9 :  0.004 0.004 0.784 0.017 0.035 0.013 0.082 0.005 0.009 0.021 0.010 0.008 0.008 
302    ZFI02    (0)    9 :  0.005 0.004 0.876 0.006 0.021 0.004 0.045 0.005 0.006 0.011 0.005 0.007 0.004 
303    ZFI03    (0)    9 :  0.003 0.004 0.890 0.004 0.050 0.005 0.010 0.004 0.007 0.007 0.005 0.007 0.006 
304    ZFI04    (0)    9 :  0.003 0.004 0.095 0.010 0.787 0.004 0.067 0.004 0.006 0.005 0.006 0.006 0.004 
305    ZFI05    (0)    9 :  0.003 0.005 0.931 0.004 0.007 0.008 0.006 0.005 0.004 0.006 0.006 0.012 0.004 
306    ZFI06    (0)    9 :  0.003 0.030 0.714 0.006 0.018 0.007 0.045 0.014 0.008 0.041 0.023 0.088 0.004 
307    ZFI07    (0)    9 :  0.003 0.004 0.569 0.004 0.371 0.007 0.009 0.004 0.006 0.007 0.007 0.005 0.005 
308    ZFI08    (0)    9 :  0.003 0.003 0.732 0.006 0.148 0.005 0.045 0.004 0.011 0.021 0.012 0.005 0.005 
309    ZFI09    (0)    9 :  0.003 0.004 0.893 0.005 0.017 0.005 0.031 0.004 0.005 0.014 0.008 0.007 0.004 
310    ZFI10    (0)    9 :  0.004 0.006 0.849 0.007 0.038 0.004 0.015 0.005 0.007 0.006 0.007 0.047 0.004 
311    ZFI11    (0)    9 :  0.003 0.005 0.755 0.009 0.072 0.007 0.111 0.004 0.006 0.008 0.006 0.010 0.004 
