

----------------------------------------------------
STRUCTURE by Pritchard, Stephens and Donnelly (2000)
     and Falush, Stephens and Pritchard (2003)
       Code by Pritchard, Falush and Hubisz
             Version 2.3.4 (Jul 2012)
----------------------------------------------------



Command line arguments:   bin\structure -m C:\Users\eschumacher\Documents\GitHub\GCC_QUAC_ZAIN\Data_Files\Structure_Files\ZAIN\ZAIN_rebinned_wild\50-50\mainparams -e C:\Users\eschumacher\Documents\GitHub\GCC_QUAC_ZAIN\Data_Files\Structure_Files\ZAIN\ZAIN_rebinned_wild\50-50\extraparams 
Input File:    C:\Users\eschumacher\Documents\GitHub\GCC_QUAC_ZAIN\Data_Files\Structure_Files\ZAIN\ZAIN_rebinned_wild\project_data

Run parameters:
   751 individuals
   11 loci
   15 populations assumed
   50000 Burn-in period
   50000 Reps


--------------------------------------------
Proportion of membership of each pre-defined
 population in each of the 15 clusters

Given    Inferred Clusters                                                                                           Number of
 Pop       1      2      3      4      5      6      7      8      9     10     11     12     13     14     15      Individuals

  1:     0.010  0.004  0.005  0.019  0.005  0.006  0.014  0.011  0.004  0.005  0.877  0.017  0.006  0.007  0.009       35
  2:     0.008  0.014  0.085  0.005  0.019  0.021  0.006  0.005  0.053  0.055  0.005  0.008  0.192  0.419  0.107       36
  3:     0.012  0.022  0.061  0.005  0.020  0.008  0.005  0.005  0.076  0.016  0.004  0.005  0.425  0.299  0.036       33
  4:     0.007  0.009  0.006  0.020  0.008  0.871  0.005  0.011  0.006  0.010  0.005  0.007  0.020  0.008  0.006       40
  5:     0.006  0.876  0.027  0.003  0.007  0.006  0.005  0.003  0.007  0.028  0.003  0.003  0.006  0.009  0.009       39
  6:     0.054  0.013  0.019  0.031  0.012  0.018  0.093  0.019  0.012  0.012  0.042  0.608  0.021  0.021  0.024       40
  7:     0.044  0.010  0.009  0.063  0.022  0.030  0.625  0.051  0.009  0.011  0.021  0.072  0.012  0.012  0.008       37
  8:     0.006  0.010  0.037  0.003  0.015  0.006  0.003  0.005  0.027  0.024  0.005  0.004  0.206  0.138  0.510       40
  9:     0.007  0.012  0.006  0.008  0.003  0.036  0.007  0.081  0.004  0.005  0.805  0.010  0.005  0.005  0.005       28
 10:     0.019  0.008  0.010  0.057  0.008  0.781  0.016  0.006  0.011  0.020  0.010  0.008  0.018  0.018  0.009       14
 11:     0.007  0.037  0.014  0.813  0.004  0.007  0.050  0.016  0.005  0.008  0.008  0.006  0.009  0.008  0.008       13
 12:     0.005  0.013  0.014  0.002  0.005  0.007  0.003  0.004  0.005  0.909  0.003  0.003  0.007  0.007  0.012       14
 13:     0.007  0.007  0.013  0.005  0.019  0.007  0.005  0.005  0.722  0.025  0.004  0.004  0.082  0.078  0.019       25
 14:     0.006  0.005  0.008  0.005  0.876  0.007  0.005  0.006  0.010  0.008  0.005  0.005  0.028  0.012  0.013       40
 15:     0.016  0.016  0.030  0.008  0.008  0.710  0.010  0.012  0.011  0.065  0.025  0.026  0.016  0.026  0.022       32
 16:     0.004  0.004  0.005  0.943  0.004  0.004  0.006  0.003  0.004  0.003  0.003  0.003  0.005  0.005  0.004       20
 17:     0.142  0.004  0.006  0.006  0.005  0.008  0.036  0.021  0.006  0.013  0.441  0.274  0.008  0.009  0.020        4
 18:     0.010  0.005  0.007  0.015  0.007  0.009  0.008  0.303  0.010  0.008  0.156  0.385  0.030  0.019  0.028       23
 19:     0.007  0.004  0.004  0.006  0.004  0.006  0.008  0.915  0.004  0.005  0.014  0.008  0.005  0.005  0.005       39
 20:     0.011  0.004  0.005  0.819  0.004  0.006  0.011  0.045  0.005  0.006  0.051  0.015  0.006  0.007  0.006       38
 21:     0.012  0.108  0.616  0.004  0.046  0.008  0.006  0.004  0.016  0.070  0.004  0.005  0.030  0.038  0.032       45
 22:     0.008  0.109  0.312  0.009  0.016  0.015  0.011  0.005  0.065  0.073  0.005  0.005  0.113  0.206  0.049       28
 23:     0.007  0.008  0.004  0.008  0.005  0.007  0.024  0.522  0.005  0.007  0.337  0.044  0.006  0.005  0.009        6
 24:     0.854  0.010  0.011  0.006  0.012  0.006  0.019  0.018  0.006  0.008  0.014  0.015  0.006  0.007  0.006       40
 25:     0.019  0.009  0.014  0.049  0.010  0.011  0.775  0.010  0.008  0.014  0.017  0.036  0.008  0.013  0.006       42
--------------------------------------------

Allele-freq. divergence among pops (Net nucleotide distance),
computed using point estimates of P.

      1       2       3       4       5       6       7       8       9      10      11      12      13      14      15      
 1      -    0.2588  0.1403  0.2615  0.1917  0.1645  0.1211  0.2062  0.2308  0.1469  0.2263  0.1214  0.1540  0.1883  0.2450  
 2   0.2588     -    0.1379  0.3775  0.3045  0.1856  0.2101  0.3141  0.2553  0.1747  0.3034  0.2707  0.2867  0.2619  0.2983  
 3   0.1403  0.1379     -    0.2968  0.1413  0.1764  0.1791  0.3104  0.1458  0.0622  0.2860  0.1716  0.0920  0.0806  0.1032  
 4   0.2615  0.3775  0.2968     -    0.3670  0.2290  0.1093  0.2221  0.3233  0.3411  0.1819  0.1506  0.2851  0.2946  0.3804  
 5   0.1917  0.3045  0.1413  0.3670     -    0.2016  0.2896  0.3940  0.1179  0.1678  0.3818  0.2102  0.1281  0.1633  0.1849  
 6   0.1645  0.1856  0.1764  0.2290  0.2016     -    0.1313  0.1774  0.2033  0.1415  0.2001  0.1143  0.1900  0.2174  0.2706  
 7   0.1211  0.2101  0.1791  0.1093  0.2896  0.1313     -    0.1231  0.2306  0.1893  0.1337  0.0732  0.2151  0.2056  0.2815  
 8   0.2062  0.3141  0.3104  0.2221  0.3940  0.1774  0.1231     -    0.3164  0.2655  0.0969  0.1137  0.2763  0.2924  0.3374  
 9   0.2308  0.2553  0.1458  0.3233  0.1179  0.2033  0.2306  0.3164     -    0.1634  0.3017  0.1870  0.1162  0.0890  0.1600  
10   0.1469  0.1747  0.0622  0.3411  0.1678  0.1415  0.1893  0.2655  0.1634     -    0.2710  0.1570  0.1126  0.1019  0.1063  
11   0.2263  0.3034  0.2860  0.1819  0.3818  0.2001  0.1337  0.0969  0.3017  0.2710     -    0.0970  0.2727  0.2623  0.2845  
12   0.1214  0.2707  0.1716  0.1506  0.2102  0.1143  0.0732  0.1137  0.1870  0.1570  0.0970     -    0.1486  0.1585  0.1909  
13   0.1540  0.2867  0.0920  0.2851  0.1281  0.1900  0.2151  0.2763  0.1162  0.1126  0.2727  0.1486     -    0.0284  0.0812  
14   0.1883  0.2619  0.0806  0.2946  0.1633  0.2174  0.2056  0.2924  0.0890  0.1019  0.2623  0.1585  0.0284     -    0.0570  
15   0.2450  0.2983  0.1032  0.3804  0.1849  0.2706  0.2815  0.3374  0.1600  0.1063  0.2845  0.1909  0.0812  0.0570     -    

Average distances (expected heterozygosity) between individuals in same cluster:
cluster  1  : 0.3859 
cluster  2  : 0.2145 
cluster  3  : 0.4153 
cluster  4  : 0.4112 
cluster  5  : 0.3566 
cluster  6  : 0.4141 
cluster  7  : 0.5261 
cluster  8  : 0.3150 
cluster  9  : 0.3782 
cluster 10  : 0.3691 
cluster 11  : 0.4669 
cluster 12  : 0.6083 
cluster 13  : 0.3790 
cluster 14  : 0.3581 
cluster 15  : 0.2765 

--------------------------------------------
Estimated Ln Prob of Data   = -13329.1
Mean value of ln likelihood = -12775.2
Variance of ln likelihood   = 1107.8
Mean value of alpha         = 0.0325

Mean value of Fst_1         = 0.4233
Mean value of Fst_2         = 0.6747
Mean value of Fst_3         = 0.3944
Mean value of Fst_4         = 0.4489
Mean value of Fst_5         = 0.4316
Mean value of Fst_6         = 0.4214
Mean value of Fst_7         = 0.1813
Mean value of Fst_8         = 0.5286
Mean value of Fst_9         = 0.4100
Mean value of Fst_10         = 0.5054
Mean value of Fst_11         = 0.4788
Mean value of Fst_12         = 0.1666
Mean value of Fst_13         = 0.3873
Mean value of Fst_14         = 0.3547
Mean value of Fst_15         = 0.5560


Inferred ancestry of individuals:
        Label (%Miss) Pop:  Inferred clusters
  1    ZFB01    (0)    1 :  0.003 0.003 0.003 0.005 0.003 0.003 0.003 0.008 0.003 0.003 0.946 0.004 0.003 0.003 0.005 
  2    ZFB02    (0)    1 :  0.005 0.002 0.002 0.034 0.003 0.011 0.006 0.015 0.003 0.003 0.877 0.028 0.005 0.003 0.003 
  3    ZFB03    (0)    1 :  0.009 0.016 0.013 0.004 0.002 0.005 0.014 0.019 0.003 0.010 0.857 0.014 0.008 0.012 0.013 
  4    ZFB04    (0)    1 :  0.003 0.002 0.003 0.025 0.003 0.006 0.005 0.006 0.002 0.003 0.918 0.011 0.006 0.004 0.004 
  5    ZFB05    (0)    1 :  0.024 0.009 0.007 0.112 0.011 0.012 0.046 0.010 0.003 0.003 0.746 0.009 0.004 0.003 0.002 
  6    ZFB06    (0)    1 :  0.020 0.009 0.006 0.059 0.011 0.010 0.047 0.010 0.003 0.003 0.806 0.008 0.004 0.003 0.002 
  7    ZFB07    (9)    1 :  0.012 0.005 0.005 0.007 0.007 0.004 0.044 0.097 0.004 0.004 0.775 0.014 0.006 0.007 0.009 
  8    ZFB08    (0)    1 :  0.023 0.005 0.006 0.005 0.007 0.008 0.005 0.024 0.009 0.014 0.855 0.012 0.008 0.008 0.011 
  9    ZFB09    (0)    1 :  0.004 0.003 0.002 0.004 0.002 0.004 0.004 0.007 0.003 0.003 0.948 0.006 0.003 0.003 0.004 
 10    ZFB10    (0)    1 :  0.004 0.002 0.005 0.006 0.006 0.005 0.003 0.004 0.006 0.008 0.875 0.013 0.013 0.014 0.036 
 11    ZFB11    (0)    1 :  0.003 0.002 0.003 0.008 0.003 0.004 0.003 0.004 0.004 0.003 0.940 0.006 0.004 0.005 0.007 
 12    ZFB12    (0)    1 :  0.022 0.004 0.008 0.023 0.003 0.004 0.011 0.005 0.004 0.003 0.882 0.013 0.007 0.008 0.004 
 13    ZFB13    (0)    1 :  0.013 0.004 0.006 0.007 0.007 0.005 0.006 0.007 0.011 0.009 0.862 0.029 0.010 0.011 0.013 
 14    ZFB14    (0)    1 :  0.004 0.003 0.003 0.003 0.003 0.004 0.004 0.006 0.003 0.003 0.939 0.009 0.004 0.004 0.006 
 15    ZFB15    (0)    1 :  0.004 0.002 0.002 0.007 0.002 0.003 0.004 0.007 0.002 0.002 0.952 0.005 0.003 0.003 0.002 
 16    ZFB16    (0)    1 :  0.008 0.003 0.005 0.009 0.004 0.004 0.005 0.005 0.006 0.007 0.911 0.010 0.007 0.008 0.008 
 17    ZFB17    (0)    1 :  0.026 0.002 0.008 0.018 0.008 0.015 0.008 0.007 0.003 0.006 0.855 0.017 0.014 0.008 0.006 
 18    ZFB18    (0)    1 :  0.003 0.002 0.002 0.003 0.002 0.004 0.003 0.005 0.003 0.003 0.950 0.008 0.003 0.003 0.005 
 19    ZFB19    (0)    1 :  0.032 0.005 0.014 0.007 0.009 0.004 0.033 0.033 0.008 0.018 0.466 0.264 0.019 0.034 0.055 
 20    ZFB20    (0)    1 :  0.008 0.002 0.004 0.027 0.005 0.005 0.006 0.005 0.004 0.006 0.891 0.013 0.008 0.008 0.008 
 21    ZFB21    (0)    1 :  0.003 0.003 0.002 0.007 0.002 0.003 0.006 0.006 0.002 0.003 0.952 0.004 0.002 0.003 0.003 
 22    ZFB22    (0)    1 :  0.009 0.002 0.009 0.031 0.008 0.006 0.006 0.005 0.004 0.007 0.881 0.009 0.008 0.007 0.008 
 23    ZFB23    (0)    1 :  0.003 0.003 0.003 0.009 0.003 0.004 0.004 0.003 0.004 0.003 0.943 0.005 0.004 0.004 0.006 
 24    ZFB24    (0)    1 :  0.003 0.002 0.003 0.014 0.002 0.004 0.003 0.005 0.004 0.002 0.938 0.004 0.004 0.005 0.005 
 25    ZFB25    (0)    1 :  0.003 0.003 0.004 0.004 0.003 0.003 0.003 0.003 0.004 0.004 0.926 0.004 0.007 0.009 0.020 
 26    ZFB26    (0)    1 :  0.003 0.003 0.005 0.016 0.003 0.004 0.005 0.004 0.005 0.004 0.919 0.003 0.006 0.010 0.010 
 27    ZFB27    (0)    1 :  0.002 0.002 0.003 0.026 0.002 0.004 0.004 0.004 0.003 0.003 0.926 0.004 0.004 0.004 0.007 
 28    ZFB28    (0)    1 :  0.015 0.004 0.006 0.063 0.003 0.011 0.032 0.004 0.005 0.003 0.813 0.020 0.007 0.008 0.005 
 29    ZFB29    (0)    1 :  0.003 0.002 0.002 0.009 0.002 0.006 0.004 0.004 0.003 0.002 0.947 0.007 0.003 0.003 0.003 
 30    ZFB30    (0)    1 :  0.021 0.007 0.007 0.054 0.017 0.003 0.129 0.023 0.004 0.003 0.712 0.009 0.004 0.004 0.004 
 31    ZFB31    (0)    1 :  0.003 0.003 0.005 0.004 0.004 0.004 0.004 0.006 0.005 0.005 0.908 0.011 0.007 0.010 0.022 
 32    ZFB32    (0)    1 :  0.035 0.006 0.008 0.044 0.004 0.028 0.025 0.007 0.007 0.005 0.782 0.016 0.015 0.011 0.006 
 33    ZFB33    (0)    1 :  0.002 0.002 0.002 0.007 0.002 0.003 0.004 0.006 0.002 0.002 0.953 0.005 0.003 0.003 0.003 
 34    ZFB34    (0)    1 :  0.004 0.003 0.003 0.003 0.003 0.006 0.005 0.015 0.003 0.004 0.933 0.007 0.003 0.003 0.004 
 35    ZFB35    (0)    1 :  0.004 0.004 0.004 0.006 0.003 0.004 0.004 0.013 0.004 0.004 0.928 0.005 0.005 0.006 0.005 
 36  ZFBP101    (0)    2 :  0.015 0.016 0.089 0.007 0.036 0.072 0.006 0.005 0.021 0.171 0.009 0.013 0.132 0.353 0.055 
 37  ZFBP102    (0)    2 :  0.006 0.003 0.030 0.007 0.009 0.011 0.007 0.005 0.018 0.068 0.010 0.011 0.075 0.720 0.020 
 38  ZFBP103    (0)    2 :  0.006 0.024 0.164 0.006 0.012 0.114 0.006 0.004 0.008 0.362 0.008 0.012 0.038 0.127 0.109 
 39  ZFBP104    (0)    2 :  0.029 0.010 0.223 0.007 0.010 0.005 0.014 0.019 0.016 0.030 0.015 0.019 0.024 0.230 0.349 
 40  ZFBP105    (0)    2 :  0.007 0.012 0.060 0.004 0.006 0.005 0.006 0.005 0.103 0.012 0.005 0.006 0.049 0.669 0.051 
 41  ZFBP106    (0)    2 :  0.006 0.019 0.030 0.003 0.011 0.008 0.003 0.003 0.028 0.042 0.003 0.004 0.135 0.585 0.119 
 42  ZFBP107    (0)    2 :  0.011 0.017 0.133 0.026 0.004 0.012 0.024 0.005 0.081 0.023 0.008 0.006 0.018 0.407 0.226 
 43  ZFBP108    (0)    2 :  0.003 0.007 0.013 0.002 0.005 0.003 0.003 0.003 0.022 0.005 0.002 0.003 0.091 0.768 0.070 
 44  ZFBP109    (0)    2 :  0.004 0.005 0.012 0.002 0.005 0.004 0.003 0.008 0.035 0.137 0.003 0.004 0.334 0.376 0.066 
 45  ZFBP110    (0)    2 :  0.011 0.089 0.157 0.006 0.004 0.026 0.017 0.009 0.021 0.026 0.036 0.046 0.161 0.374 0.015 
 46  ZFBP111    (0)    2 :  0.015 0.011 0.282 0.003 0.090 0.004 0.003 0.003 0.017 0.016 0.003 0.003 0.254 0.267 0.030 
 47  ZFBP112    (0)    2 :  0.006 0.009 0.012 0.004 0.046 0.010 0.004 0.004 0.013 0.014 0.003 0.005 0.634 0.220 0.017 
 48  ZFBP113    (0)    2 :  0.006 0.003 0.010 0.003 0.004 0.003 0.003 0.003 0.005 0.006 0.003 0.004 0.143 0.654 0.149 
 49  ZFBP114    (0)    2 :  0.003 0.004 0.016 0.005 0.004 0.005 0.005 0.007 0.229 0.086 0.003 0.003 0.029 0.588 0.013 
 50  ZFBP115    (0)    2 :  0.007 0.022 0.758 0.003 0.018 0.011 0.004 0.002 0.034 0.042 0.002 0.004 0.020 0.060 0.013 
 51  ZFBP116    (0)    2 :  0.008 0.005 0.026 0.003 0.006 0.004 0.004 0.003 0.008 0.011 0.002 0.003 0.119 0.720 0.077 
 52  ZFBP117    (0)    2 :  0.004 0.007 0.021 0.002 0.010 0.009 0.004 0.003 0.089 0.015 0.003 0.006 0.066 0.649 0.113 
 53  ZFBP118    (0)    2 :  0.004 0.003 0.016 0.008 0.007 0.005 0.006 0.003 0.086 0.036 0.004 0.003 0.019 0.740 0.061 
 54  ZFBP119    (0)    2 :  0.025 0.016 0.219 0.002 0.021 0.024 0.005 0.004 0.402 0.124 0.003 0.008 0.047 0.058 0.043 
 55  ZFBP120    (0)    2 :  0.009 0.014 0.077 0.004 0.005 0.004 0.006 0.006 0.056 0.013 0.007 0.005 0.059 0.642 0.093 
 56  ZFBP121    (0)    2 :  0.005 0.007 0.009 0.003 0.005 0.008 0.004 0.005 0.066 0.019 0.005 0.006 0.086 0.747 0.026 
 57  ZFBP122    (9)    2 :  0.008 0.006 0.021 0.003 0.010 0.004 0.004 0.004 0.011 0.013 0.003 0.004 0.393 0.438 0.079 
 58  ZFBP123    (0)    2 :  0.006 0.006 0.010 0.004 0.008 0.008 0.004 0.003 0.008 0.010 0.003 0.004 0.838 0.080 0.009 
 59  ZFBP124    (0)    2 :  0.005 0.005 0.009 0.004 0.005 0.007 0.005 0.017 0.103 0.066 0.005 0.005 0.293 0.408 0.064 
 60  ZFBP125    (0)    2 :  0.005 0.012 0.049 0.002 0.025 0.010 0.003 0.002 0.111 0.022 0.002 0.003 0.030 0.326 0.396 
 61  ZFBP126    (0)    2 :  0.013 0.003 0.019 0.008 0.006 0.014 0.012 0.004 0.007 0.012 0.007 0.025 0.265 0.461 0.144 
 62  ZFBP127    (0)    2 :  0.003 0.057 0.071 0.003 0.005 0.013 0.004 0.003 0.013 0.092 0.003 0.003 0.302 0.415 0.013 
 63  ZFBP128    (0)    2 :  0.004 0.020 0.010 0.002 0.038 0.020 0.003 0.004 0.009 0.034 0.003 0.004 0.049 0.115 0.685 
 64  ZFBP129    (0)    2 :  0.005 0.007 0.007 0.003 0.126 0.011 0.004 0.008 0.123 0.011 0.004 0.007 0.162 0.439 0.085 
 65  ZFBP130    (0)    2 :  0.011 0.012 0.038 0.004 0.073 0.028 0.004 0.002 0.046 0.033 0.002 0.004 0.067 0.451 0.226 
 66  ZFBP131    (0)    2 :  0.004 0.003 0.005 0.003 0.005 0.004 0.003 0.004 0.026 0.004 0.003 0.004 0.293 0.592 0.047 
 67  ZFBP132    (0)    2 :  0.003 0.015 0.014 0.003 0.004 0.004 0.003 0.003 0.031 0.005 0.004 0.004 0.176 0.710 0.022 
 68  ZFBP133    (0)    2 :  0.005 0.003 0.006 0.002 0.020 0.005 0.002 0.003 0.006 0.006 0.002 0.004 0.811 0.054 0.071 
 69  ZFBP134    (0)    2 :  0.011 0.008 0.417 0.003 0.011 0.016 0.003 0.004 0.010 0.185 0.004 0.005 0.189 0.098 0.037 
 70  ZFBP135    (0)    2 :  0.005 0.019 0.013 0.004 0.014 0.195 0.005 0.006 0.022 0.119 0.012 0.022 0.056 0.263 0.244 
 71  ZFBP136    (0)    2 :  0.008 0.017 0.026 0.006 0.032 0.056 0.004 0.003 0.012 0.098 0.003 0.005 0.448 0.265 0.019 
 72  ZFBP201    (0)    3 :  0.005 0.007 0.010 0.004 0.003 0.004 0.005 0.004 0.005 0.005 0.003 0.005 0.818 0.111 0.009 
 73  ZFBP202    (0)    3 :  0.006 0.012 0.039 0.003 0.011 0.004 0.004 0.009 0.054 0.015 0.006 0.005 0.183 0.500 0.148 
 74  ZFBP203    (0)    3 :  0.022 0.005 0.015 0.032 0.011 0.004 0.021 0.005 0.010 0.007 0.007 0.010 0.749 0.091 0.013 
 75  ZFBP204    (0)    3 :  0.014 0.024 0.114 0.005 0.036 0.021 0.006 0.004 0.167 0.044 0.004 0.007 0.171 0.345 0.038 
 76  ZFBP205    (0)    3 :  0.005 0.003 0.030 0.003 0.007 0.006 0.003 0.003 0.097 0.005 0.002 0.005 0.772 0.055 0.007 
 77  ZFBP206    (0)    3 :  0.007 0.004 0.006 0.004 0.008 0.005 0.003 0.004 0.005 0.006 0.003 0.004 0.912 0.022 0.008 
 78  ZFBP207    (0)    3 :  0.006 0.098 0.211 0.004 0.007 0.013 0.005 0.005 0.531 0.010 0.004 0.007 0.071 0.018 0.009 
 79  ZFBP208    (0)    3 :  0.007 0.003 0.007 0.005 0.005 0.004 0.005 0.003 0.004 0.005 0.003 0.004 0.890 0.051 0.005 
 80  ZFBP209    (0)    3 :  0.005 0.003 0.007 0.002 0.057 0.007 0.002 0.004 0.016 0.011 0.002 0.004 0.691 0.161 0.028 
 81  ZFBP210    (0)    3 :  0.007 0.006 0.008 0.004 0.005 0.003 0.004 0.003 0.006 0.003 0.004 0.003 0.920 0.018 0.005 
 82  ZFBP211    (0)    3 :  0.005 0.009 0.007 0.003 0.004 0.005 0.004 0.006 0.211 0.012 0.006 0.004 0.053 0.631 0.039 
 83  ZFBP212    (0)    3 :  0.003 0.051 0.146 0.003 0.006 0.003 0.003 0.005 0.033 0.009 0.008 0.003 0.151 0.442 0.134 
 84  ZFBP213    (0)    3 :  0.010 0.013 0.008 0.004 0.006 0.010 0.005 0.012 0.013 0.011 0.005 0.005 0.810 0.077 0.011 
 85  ZFBP214    (0)    3 :  0.026 0.027 0.019 0.003 0.014 0.026 0.007 0.008 0.011 0.014 0.005 0.007 0.812 0.015 0.006 
 86  ZFBP215    (0)    3 :  0.004 0.005 0.008 0.002 0.009 0.006 0.003 0.004 0.016 0.010 0.003 0.004 0.481 0.382 0.062 
 87  ZFBP216    (0)    3 :  0.021 0.005 0.026 0.005 0.004 0.004 0.006 0.004 0.014 0.008 0.004 0.005 0.219 0.661 0.012 
 88  ZFBP217    (0)    3 :  0.021 0.031 0.056 0.003 0.064 0.006 0.006 0.004 0.016 0.006 0.004 0.004 0.709 0.060 0.009 
 89  ZFBP218    (0)    3 :  0.005 0.003 0.027 0.003 0.012 0.003 0.003 0.007 0.142 0.010 0.002 0.004 0.355 0.397 0.027 
 90  ZFBP219    (0)    3 :  0.005 0.003 0.009 0.003 0.004 0.002 0.003 0.003 0.005 0.004 0.002 0.003 0.233 0.665 0.053 
 91  ZFBP220    (0)    3 :  0.006 0.014 0.046 0.003 0.040 0.017 0.004 0.003 0.011 0.022 0.002 0.004 0.276 0.517 0.035 
 92  ZFBP221    (0)    3 :  0.005 0.009 0.296 0.003 0.008 0.003 0.003 0.008 0.106 0.027 0.004 0.004 0.176 0.300 0.048 
 93  ZFBP222    (0)    3 :  0.006 0.003 0.004 0.004 0.005 0.005 0.003 0.004 0.008 0.005 0.003 0.005 0.831 0.098 0.014 
 94  ZFBP223    (0)    3 :  0.006 0.226 0.136 0.004 0.009 0.009 0.006 0.006 0.048 0.008 0.007 0.006 0.345 0.165 0.019 
 95  ZFBP224    (0)    3 :  0.007 0.006 0.010 0.004 0.004 0.005 0.005 0.007 0.007 0.009 0.003 0.004 0.753 0.167 0.009 
 96  ZFBP225    (0)    3 :  0.011 0.024 0.319 0.006 0.220 0.014 0.005 0.003 0.013 0.013 0.003 0.005 0.208 0.123 0.032 
 97  ZFBP226    (0)    3 :  0.005 0.005 0.009 0.003 0.005 0.003 0.003 0.003 0.015 0.005 0.003 0.003 0.176 0.750 0.012 
 98  ZFBP227    (0)    3 :  0.121 0.008 0.073 0.006 0.005 0.005 0.023 0.015 0.015 0.021 0.008 0.015 0.102 0.569 0.014 
 99  ZFBP228    (0)    3 :  0.004 0.080 0.188 0.003 0.007 0.014 0.004 0.005 0.130 0.077 0.005 0.005 0.064 0.371 0.043 
100  ZFBP229    (0)    3 :  0.007 0.006 0.055 0.003 0.032 0.006 0.004 0.003 0.059 0.012 0.002 0.006 0.222 0.418 0.165 
101  ZFBP230    (0)    3 :  0.011 0.010 0.068 0.003 0.026 0.021 0.004 0.003 0.021 0.039 0.003 0.006 0.266 0.504 0.015 
102  ZFBP231    (0)    3 :  0.011 0.009 0.024 0.005 0.006 0.006 0.008 0.009 0.574 0.036 0.008 0.007 0.074 0.168 0.055 
103  ZFBP232    (0)    3 :  0.004 0.003 0.007 0.003 0.007 0.004 0.003 0.003 0.115 0.007 0.003 0.003 0.052 0.753 0.032 
104  ZFBP233    (0)    3 :  0.011 0.008 0.025 0.003 0.024 0.005 0.005 0.010 0.044 0.049 0.007 0.004 0.469 0.274 0.061 
105   ZFCC01    (0)    4 :  0.005 0.004 0.003 0.004 0.004 0.929 0.003 0.019 0.003 0.004 0.005 0.004 0.006 0.004 0.003 
106   ZFCC03    (0)    4 :  0.003 0.009 0.003 0.003 0.005 0.938 0.003 0.009 0.004 0.004 0.003 0.004 0.005 0.003 0.004 
107   ZFCC04    (0)    4 :  0.005 0.005 0.004 0.003 0.006 0.940 0.004 0.006 0.003 0.004 0.003 0.004 0.006 0.003 0.003 
108   ZFCC05    (0)    4 :  0.007 0.012 0.005 0.004 0.005 0.915 0.005 0.009 0.004 0.006 0.004 0.004 0.009 0.005 0.004 
109   ZFCC08    (0)    4 :  0.006 0.005 0.005 0.002 0.016 0.886 0.003 0.012 0.012 0.021 0.002 0.004 0.014 0.006 0.005 
110   ZFCC09    (0)    4 :  0.003 0.007 0.003 0.003 0.003 0.934 0.003 0.012 0.008 0.007 0.003 0.004 0.003 0.003 0.003 
111   ZFCC10    (0)    4 :  0.003 0.004 0.003 0.003 0.004 0.894 0.003 0.054 0.006 0.005 0.004 0.004 0.006 0.003 0.003 
112   ZFCC11    (0)    4 :  0.004 0.009 0.003 0.003 0.004 0.932 0.004 0.011 0.004 0.004 0.003 0.004 0.007 0.004 0.004 
113   ZFCC12    (0)    4 :  0.008 0.009 0.008 0.051 0.005 0.804 0.012 0.030 0.003 0.010 0.008 0.030 0.008 0.007 0.006 
114   ZFCC13    (0)    4 :  0.012 0.008 0.014 0.008 0.007 0.887 0.006 0.005 0.005 0.010 0.003 0.005 0.014 0.010 0.007 
115   ZFCC14    (0)    4 :  0.003 0.005 0.004 0.004 0.010 0.892 0.005 0.009 0.009 0.004 0.009 0.009 0.014 0.011 0.012 
116   ZFCC15    (0)    4 :  0.009 0.005 0.004 0.005 0.005 0.932 0.005 0.005 0.004 0.004 0.003 0.006 0.005 0.004 0.003 
117   ZFCC16    (0)    4 :  0.005 0.004 0.003 0.004 0.004 0.943 0.004 0.006 0.003 0.004 0.004 0.005 0.004 0.003 0.003 
118   ZFCC17    (0)    4 :  0.004 0.005 0.003 0.007 0.003 0.945 0.004 0.005 0.003 0.004 0.005 0.004 0.003 0.003 0.002 
119   ZFCC18    (0)    4 :  0.004 0.007 0.004 0.003 0.006 0.934 0.003 0.010 0.004 0.004 0.003 0.004 0.006 0.003 0.003 
120   ZFCC19    (0)    4 :  0.008 0.003 0.003 0.006 0.003 0.943 0.005 0.003 0.003 0.004 0.004 0.007 0.004 0.003 0.002 
121   ZFCC20    (0)    4 :  0.006 0.007 0.005 0.003 0.005 0.937 0.004 0.004 0.003 0.007 0.004 0.004 0.004 0.003 0.003 
122   ZFCC21    (0)    4 :  0.034 0.004 0.011 0.006 0.025 0.636 0.005 0.007 0.005 0.011 0.008 0.039 0.176 0.018 0.014 
123   ZFCC22    (0)    4 :  0.008 0.007 0.029 0.006 0.036 0.417 0.004 0.027 0.017 0.133 0.004 0.006 0.241 0.037 0.028 
124   ZFCC26    (0)    4 :  0.005 0.004 0.003 0.003 0.004 0.944 0.004 0.006 0.003 0.005 0.004 0.005 0.004 0.003 0.003 
125   ZFCC27    (0)    4 :  0.004 0.007 0.003 0.003 0.004 0.947 0.003 0.005 0.004 0.005 0.003 0.003 0.003 0.003 0.003 
126   ZFCC29    (0)    4 :  0.009 0.004 0.004 0.004 0.005 0.929 0.004 0.006 0.004 0.005 0.008 0.006 0.005 0.004 0.003 
127   ZFCC30    (0)    4 :  0.004 0.011 0.004 0.003 0.005 0.945 0.003 0.004 0.003 0.004 0.003 0.003 0.003 0.003 0.003 
128   ZFCC32    (0)    4 :  0.013 0.005 0.005 0.007 0.005 0.917 0.006 0.009 0.006 0.008 0.003 0.004 0.004 0.004 0.002 
129   ZFCC33    (0)    4 :  0.005 0.007 0.003 0.004 0.003 0.938 0.007 0.005 0.003 0.005 0.006 0.005 0.004 0.004 0.003 
130   ZFCC34    (0)    4 :  0.006 0.048 0.018 0.015 0.016 0.659 0.005 0.020 0.038 0.021 0.025 0.007 0.038 0.062 0.024 
131   ZFCC35    (0)    4 :  0.004 0.004 0.003 0.003 0.004 0.946 0.003 0.005 0.007 0.007 0.002 0.003 0.003 0.003 0.003 
132   ZFCC36    (0)    4 :  0.016 0.004 0.011 0.012 0.010 0.886 0.005 0.005 0.005 0.006 0.004 0.005 0.017 0.009 0.006 
133   ZFCC37    (0)    4 :  0.011 0.008 0.010 0.041 0.005 0.768 0.016 0.046 0.005 0.015 0.008 0.034 0.014 0.012 0.007 
134   ZFCC40    (0)    4 :  0.003 0.004 0.004 0.006 0.004 0.927 0.004 0.008 0.003 0.004 0.004 0.005 0.012 0.006 0.007 
135   ZFCC42    (0)    4 :  0.005 0.084 0.012 0.487 0.010 0.322 0.021 0.005 0.006 0.007 0.017 0.008 0.007 0.005 0.003 
136   ZFCC44    (0)    4 :  0.003 0.009 0.003 0.003 0.003 0.949 0.004 0.003 0.003 0.005 0.003 0.003 0.002 0.003 0.003 
137   ZFCC45    (9)    4 :  0.007 0.007 0.004 0.012 0.004 0.898 0.014 0.016 0.004 0.004 0.007 0.007 0.006 0.006 0.004 
138   ZFCC46    (0)    4 :  0.005 0.009 0.014 0.004 0.024 0.874 0.003 0.003 0.007 0.020 0.004 0.005 0.013 0.009 0.007 
139   ZFCC47    (0)    4 :  0.006 0.005 0.005 0.027 0.007 0.862 0.005 0.039 0.009 0.009 0.006 0.009 0.005 0.004 0.003 
140   ZFCC48    (0)    4 :  0.009 0.003 0.009 0.004 0.030 0.750 0.003 0.006 0.006 0.013 0.006 0.019 0.115 0.013 0.016 
141   ZFCC50    (0)    4 :  0.004 0.003 0.003 0.004 0.003 0.952 0.003 0.004 0.003 0.004 0.004 0.004 0.003 0.003 0.002 
142   ZFCC51    (0)    4 :  0.003 0.013 0.003 0.003 0.003 0.942 0.003 0.005 0.003 0.005 0.003 0.003 0.003 0.003 0.003 
143   ZFCC52    (0)    4 :  0.006 0.005 0.007 0.006 0.010 0.902 0.003 0.004 0.006 0.009 0.004 0.004 0.015 0.011 0.009 
144   ZFCC53    (0)    4 :  0.003 0.007 0.003 0.003 0.003 0.952 0.003 0.005 0.003 0.004 0.003 0.003 0.003 0.003 0.003 
145  ZFCNS01    (0)    5 :  0.047 0.793 0.063 0.017 0.003 0.006 0.029 0.003 0.004 0.005 0.002 0.007 0.007 0.011 0.004 
146  ZFCNS02    (0)    5 :  0.003 0.953 0.005 0.002 0.005 0.004 0.003 0.003 0.005 0.004 0.002 0.002 0.003 0.003 0.003 
147  ZFCNS05    (0)    5 :  0.005 0.918 0.008 0.003 0.005 0.007 0.004 0.005 0.006 0.009 0.005 0.003 0.007 0.007 0.008 
148  ZFCNS06    (0)    5 :  0.003 0.950 0.004 0.002 0.004 0.005 0.003 0.003 0.005 0.005 0.003 0.002 0.003 0.004 0.004 
149  ZFCNS07    (0)    5 :  0.003 0.932 0.008 0.002 0.009 0.003 0.003 0.003 0.012 0.003 0.003 0.002 0.004 0.006 0.006 
150  ZFCNS10    (0)    5 :  0.003 0.879 0.051 0.004 0.006 0.004 0.003 0.002 0.007 0.008 0.003 0.003 0.008 0.009 0.011 
151  ZFCNS11    (0)    5 :  0.021 0.888 0.023 0.009 0.004 0.006 0.013 0.003 0.004 0.004 0.002 0.006 0.006 0.007 0.003 
152  ZFCNS15    (0)    5 :  0.004 0.837 0.028 0.003 0.007 0.004 0.003 0.003 0.012 0.015 0.004 0.004 0.008 0.019 0.050 
153  ZFCNS17    (0)    5 :  0.003 0.951 0.004 0.002 0.004 0.005 0.003 0.003 0.005 0.004 0.002 0.002 0.004 0.004 0.003 
154  ZFCNS18    (0)    5 :  0.003 0.900 0.026 0.004 0.005 0.004 0.003 0.003 0.005 0.011 0.004 0.003 0.008 0.010 0.012 
155  ZFCNS19    (0)    5 :  0.003 0.957 0.004 0.002 0.004 0.004 0.003 0.003 0.003 0.004 0.003 0.002 0.003 0.003 0.003 
156  ZFCNS20    (0)    5 :  0.005 0.883 0.011 0.003 0.015 0.005 0.004 0.003 0.016 0.010 0.003 0.004 0.009 0.015 0.015 
157  ZFCNS21    (0)    5 :  0.003 0.955 0.005 0.002 0.002 0.004 0.003 0.003 0.002 0.007 0.002 0.003 0.003 0.003 0.003 
158  ZFCNS22    (0)    5 :  0.005 0.903 0.009 0.003 0.005 0.005 0.004 0.005 0.008 0.008 0.005 0.004 0.008 0.014 0.013 
159  ZFCNS23    (0)    5 :  0.012 0.884 0.007 0.012 0.013 0.020 0.009 0.006 0.005 0.005 0.004 0.005 0.011 0.004 0.003 
160  ZFCNS24    (0)    5 :  0.004 0.911 0.009 0.003 0.007 0.011 0.003 0.003 0.008 0.016 0.002 0.004 0.006 0.008 0.006 
161  ZFCNS25    (0)    5 :  0.005 0.892 0.012 0.003 0.011 0.006 0.003 0.003 0.020 0.011 0.002 0.004 0.007 0.012 0.009 
162  ZFCNS26    (0)    5 :  0.003 0.940 0.012 0.002 0.004 0.003 0.003 0.003 0.004 0.005 0.003 0.002 0.003 0.004 0.007 
163  ZFCNS27    (0)    5 :  0.004 0.775 0.094 0.003 0.009 0.004 0.004 0.003 0.026 0.012 0.003 0.004 0.008 0.022 0.031 
164  ZFCNS28    (0)    5 :  0.003 0.950 0.004 0.002 0.004 0.004 0.003 0.004 0.003 0.005 0.003 0.002 0.003 0.004 0.005 
165  ZFCNS29    (0)    5 :  0.005 0.920 0.009 0.002 0.004 0.006 0.004 0.004 0.007 0.009 0.004 0.004 0.007 0.009 0.006 
166  ZFCNS30    (0)    5 :  0.005 0.930 0.008 0.002 0.003 0.006 0.003 0.005 0.004 0.010 0.004 0.003 0.005 0.005 0.006 
167  ZFCNS31    (0)    5 :  0.003 0.950 0.007 0.002 0.004 0.003 0.003 0.003 0.004 0.004 0.003 0.002 0.003 0.003 0.005 
168  ZFCNS32    (0)    5 :  0.006 0.911 0.011 0.003 0.007 0.005 0.003 0.003 0.008 0.017 0.003 0.003 0.006 0.006 0.009 
169  ZFCNS33    (0)    5 :  0.003 0.954 0.006 0.002 0.004 0.003 0.003 0.003 0.004 0.004 0.003 0.002 0.003 0.003 0.003 
170  ZFCNS34    (0)    5 :  0.006 0.928 0.006 0.003 0.004 0.011 0.004 0.005 0.005 0.008 0.003 0.003 0.005 0.006 0.004 
171  ZFCNS35    (0)    5 :  0.003 0.879 0.014 0.002 0.004 0.005 0.003 0.007 0.012 0.019 0.014 0.007 0.007 0.010 0.013 
172  ZFCNS36    (0)    5 :  0.005 0.910 0.007 0.003 0.009 0.012 0.003 0.003 0.011 0.015 0.002 0.003 0.006 0.007 0.005 
173  ZFCNS37    (0)    5 :  0.004 0.736 0.044 0.002 0.006 0.005 0.006 0.004 0.003 0.164 0.004 0.003 0.004 0.009 0.004 
174  ZFCNS39    (0)    5 :  0.012 0.863 0.035 0.003 0.020 0.013 0.005 0.003 0.005 0.015 0.002 0.004 0.008 0.007 0.006 
175  ZFCNS40    (0)    5 :  0.007 0.570 0.047 0.003 0.068 0.021 0.004 0.003 0.009 0.242 0.002 0.003 0.007 0.010 0.004 
176  ZFCNS41    (0)    5 :  0.019 0.292 0.181 0.007 0.006 0.014 0.013 0.005 0.010 0.364 0.005 0.008 0.017 0.053 0.007 
177  ZFCNS42    (0)    5 :  0.003 0.948 0.007 0.002 0.003 0.003 0.003 0.003 0.004 0.005 0.003 0.003 0.003 0.005 0.006 
178  ZFCNS43    (0)    5 :  0.003 0.956 0.004 0.002 0.003 0.004 0.003 0.003 0.003 0.005 0.003 0.002 0.003 0.003 0.003 
179  ZFCNS44    (0)    5 :  0.003 0.898 0.024 0.003 0.003 0.005 0.003 0.003 0.004 0.018 0.003 0.002 0.009 0.010 0.013 
180  ZFCNS46    (0)    5 :  0.005 0.924 0.011 0.002 0.004 0.005 0.004 0.004 0.005 0.008 0.003 0.003 0.006 0.008 0.006 
181  ZFCNS47    (0)    5 :  0.003 0.955 0.005 0.002 0.003 0.004 0.003 0.003 0.004 0.004 0.003 0.002 0.003 0.003 0.003 
182  ZFCNS48    (0)    5 :  0.005 0.805 0.090 0.004 0.006 0.007 0.003 0.004 0.006 0.016 0.004 0.003 0.015 0.016 0.016 
183  ZFCNS49    (0)    5 :  0.003 0.767 0.135 0.003 0.004 0.003 0.003 0.003 0.006 0.010 0.004 0.003 0.008 0.013 0.036 
184   ZFCR01    (0)    6 :  0.004 0.003 0.003 0.012 0.006 0.005 0.042 0.026 0.008 0.003 0.007 0.849 0.016 0.010 0.005 
185   ZFCR02    (0)    6 :  0.005 0.006 0.005 0.008 0.008 0.021 0.010 0.005 0.019 0.004 0.014 0.866 0.014 0.012 0.003 
186   ZFCR03    (0)    6 :  0.015 0.003 0.005 0.064 0.010 0.028 0.015 0.010 0.017 0.005 0.035 0.736 0.028 0.019 0.009 
187   ZFCR04    (0)    6 :  0.012 0.008 0.032 0.022 0.016 0.011 0.044 0.061 0.009 0.008 0.165 0.572 0.009 0.010 0.021 
188   ZFCR05    (0)    6 :  0.009 0.003 0.003 0.007 0.004 0.009 0.016 0.016 0.003 0.004 0.008 0.907 0.004 0.004 0.003 
189   ZFCR06    (0)    6 :  0.006 0.060 0.037 0.004 0.010 0.013 0.017 0.013 0.033 0.005 0.018 0.740 0.014 0.017 0.013 
190   ZFCR07    (0)    6 :  0.127 0.075 0.055 0.012 0.004 0.020 0.129 0.012 0.004 0.022 0.055 0.443 0.017 0.015 0.010 
191   ZFCR08    (0)    6 :  0.007 0.005 0.011 0.048 0.045 0.077 0.432 0.110 0.005 0.015 0.021 0.141 0.033 0.030 0.021 
192   ZFCR09    (0)    6 :  0.020 0.015 0.036 0.331 0.012 0.020 0.025 0.013 0.050 0.025 0.082 0.234 0.053 0.060 0.021 
193   ZFCR11    (0)    6 :  0.019 0.010 0.066 0.008 0.002 0.007 0.017 0.019 0.020 0.004 0.028 0.786 0.004 0.004 0.004 
194   ZFCR12    (0)    6 :  0.016 0.112 0.068 0.003 0.013 0.008 0.007 0.005 0.009 0.018 0.006 0.703 0.006 0.007 0.018 
195   ZFCR13    (0)    6 :  0.249 0.007 0.009 0.003 0.005 0.010 0.296 0.005 0.025 0.009 0.042 0.194 0.010 0.039 0.097 
196   ZFCR14    (0)    6 :  0.024 0.007 0.008 0.004 0.012 0.008 0.013 0.011 0.005 0.014 0.014 0.857 0.007 0.006 0.010 
197   ZFCR15    (0)    6 :  0.016 0.004 0.010 0.007 0.029 0.011 0.051 0.017 0.009 0.019 0.038 0.733 0.020 0.017 0.020 
198   ZFCR16    (0)    6 :  0.009 0.003 0.007 0.004 0.016 0.006 0.024 0.007 0.014 0.004 0.017 0.844 0.023 0.017 0.006 
199   ZFCR18    (0)    6 :  0.007 0.006 0.005 0.004 0.006 0.013 0.014 0.008 0.018 0.010 0.318 0.569 0.006 0.012 0.004 
200   ZFCR19    (0)    6 :  0.008 0.006 0.009 0.037 0.034 0.009 0.006 0.006 0.014 0.012 0.025 0.783 0.010 0.013 0.029 
201   ZFCR20    (0)    6 :  0.064 0.005 0.008 0.016 0.006 0.008 0.027 0.047 0.008 0.009 0.038 0.651 0.057 0.033 0.023 
202   ZFCR21    (0)    6 :  0.025 0.003 0.006 0.004 0.011 0.011 0.010 0.004 0.004 0.006 0.004 0.896 0.006 0.004 0.005 
203   ZFCR22    (0)    6 :  0.045 0.003 0.007 0.005 0.013 0.006 0.006 0.002 0.005 0.005 0.006 0.877 0.009 0.006 0.006 
204   ZFCR23    (0)    6 :  0.053 0.004 0.031 0.024 0.005 0.003 0.076 0.004 0.009 0.007 0.010 0.611 0.027 0.093 0.043 
205   ZFCR24    (9)    6 :  0.096 0.004 0.008 0.021 0.006 0.009 0.094 0.038 0.012 0.009 0.079 0.097 0.064 0.117 0.347 
206   ZFCR25    (0)    6 :  0.010 0.003 0.005 0.004 0.004 0.006 0.009 0.008 0.003 0.006 0.007 0.924 0.004 0.004 0.004 
207   ZFCR26    (0)    6 :  0.200 0.004 0.007 0.044 0.013 0.012 0.011 0.009 0.011 0.012 0.004 0.648 0.009 0.010 0.007 
208   ZFCR27    (9)    6 :  0.036 0.003 0.003 0.015 0.003 0.005 0.306 0.021 0.003 0.004 0.014 0.579 0.003 0.003 0.003 
209   ZFCR28    (0)    6 :  0.005 0.026 0.023 0.006 0.031 0.009 0.164 0.006 0.026 0.007 0.004 0.525 0.129 0.031 0.007 
210   ZFCR29    (0)    6 :  0.015 0.002 0.003 0.005 0.004 0.004 0.005 0.006 0.004 0.005 0.008 0.924 0.006 0.005 0.005 
211   ZFCR30    (0)    6 :  0.043 0.008 0.011 0.007 0.008 0.006 0.010 0.007 0.005 0.014 0.006 0.853 0.007 0.006 0.008 
212   ZFCR31    (0)    6 :  0.028 0.042 0.059 0.050 0.016 0.013 0.016 0.015 0.032 0.018 0.205 0.373 0.039 0.080 0.016 
213   ZFCR33    (0)    6 :  0.032 0.006 0.017 0.037 0.012 0.038 0.684 0.060 0.005 0.017 0.008 0.045 0.015 0.013 0.009 
214   ZFCR34    (0)    6 :  0.223 0.009 0.039 0.013 0.008 0.011 0.037 0.006 0.005 0.008 0.131 0.448 0.026 0.017 0.018 
215   ZFCR35    (0)    6 :  0.005 0.004 0.005 0.019 0.004 0.008 0.010 0.010 0.004 0.006 0.089 0.817 0.005 0.006 0.009 
216   ZFCR36    (0)    6 :  0.019 0.020 0.012 0.017 0.005 0.008 0.011 0.007 0.004 0.005 0.047 0.823 0.010 0.007 0.007 
217   ZFCR37    (0)    6 :  0.579 0.004 0.004 0.040 0.004 0.067 0.104 0.071 0.003 0.005 0.055 0.052 0.005 0.004 0.004 
218   ZFCR38    (0)    6 :  0.032 0.007 0.008 0.030 0.012 0.039 0.517 0.049 0.006 0.009 0.008 0.259 0.011 0.008 0.005 
219   ZFCR39    (0)    6 :  0.008 0.003 0.015 0.239 0.029 0.117 0.262 0.013 0.023 0.007 0.027 0.108 0.090 0.052 0.007 
220   ZFCR40    (0)    6 :  0.011 0.004 0.015 0.027 0.004 0.015 0.102 0.011 0.003 0.011 0.011 0.749 0.013 0.010 0.014 
221   ZFCR41    (0)    6 :  0.014 0.012 0.066 0.003 0.015 0.016 0.010 0.007 0.004 0.108 0.006 0.716 0.007 0.010 0.005 
222   ZFCR42    (0)    6 :  0.066 0.017 0.032 0.018 0.018 0.046 0.099 0.010 0.012 0.023 0.007 0.585 0.026 0.018 0.024 
223   ZFCR43    (0)    6 :  0.009 0.006 0.004 0.004 0.004 0.004 0.012 0.011 0.022 0.010 0.025 0.796 0.005 0.015 0.072 
224  ZFENP25    (0)    7 :  0.007 0.003 0.005 0.005 0.011 0.024 0.816 0.040 0.003 0.007 0.005 0.039 0.019 0.007 0.010 
225  ZFENP26    (0)    7 :  0.004 0.002 0.004 0.007 0.003 0.004 0.941 0.005 0.002 0.005 0.006 0.007 0.003 0.003 0.003 
226  ZFENP27    (0)    7 :  0.005 0.052 0.017 0.043 0.011 0.208 0.302 0.025 0.004 0.051 0.016 0.207 0.029 0.014 0.015 
227  ZFENP28    (0)    7 :  0.010 0.011 0.004 0.014 0.004 0.011 0.856 0.029 0.006 0.005 0.009 0.029 0.004 0.004 0.003 
228  ZFENP29    (0)    7 :  0.010 0.004 0.004 0.005 0.004 0.012 0.881 0.005 0.003 0.005 0.004 0.046 0.005 0.004 0.006 
229  ZFENP30    (0)    7 :  0.015 0.010 0.004 0.014 0.007 0.063 0.829 0.009 0.007 0.007 0.009 0.011 0.006 0.005 0.004 
230  ZFENP31    (0)    7 :  0.009 0.011 0.006 0.433 0.005 0.062 0.369 0.018 0.022 0.010 0.018 0.015 0.008 0.012 0.004 
231  ZFENP32    (0)    7 :  0.012 0.031 0.013 0.288 0.006 0.022 0.219 0.021 0.026 0.020 0.214 0.072 0.024 0.025 0.008 
232  ZFENP33    (0)    7 :  0.037 0.004 0.006 0.014 0.004 0.008 0.823 0.032 0.005 0.008 0.014 0.019 0.009 0.009 0.007 
233  ZFENP34    (0)    7 :  0.007 0.011 0.006 0.013 0.005 0.033 0.266 0.543 0.008 0.008 0.041 0.037 0.007 0.011 0.003 
234  ZFENP35    (0)    7 :  0.008 0.012 0.018 0.021 0.005 0.005 0.856 0.007 0.003 0.012 0.015 0.006 0.008 0.008 0.016 
235  ZFENP36    (0)    7 :  0.007 0.010 0.005 0.010 0.002 0.003 0.928 0.006 0.002 0.003 0.009 0.007 0.003 0.003 0.002 
236  ZFENP37    (0)    7 :  0.029 0.008 0.007 0.048 0.003 0.008 0.547 0.290 0.005 0.010 0.016 0.007 0.007 0.008 0.007 
237  ZFENP38    (0)    7 :  0.376 0.015 0.009 0.023 0.005 0.019 0.467 0.032 0.004 0.008 0.011 0.012 0.007 0.006 0.005 
238  ZFENP39    (0)    7 :  0.013 0.005 0.005 0.037 0.003 0.014 0.713 0.027 0.003 0.006 0.012 0.150 0.004 0.004 0.006 
239  ZFENP40    (0)    7 :  0.007 0.006 0.006 0.038 0.004 0.009 0.785 0.020 0.006 0.005 0.015 0.068 0.009 0.014 0.009 
240  ZFENP41    (0)    7 :  0.007 0.007 0.006 0.015 0.010 0.093 0.759 0.014 0.005 0.013 0.022 0.025 0.009 0.006 0.010 
241  ZFENP42    (0)    7 :  0.037 0.003 0.006 0.120 0.005 0.007 0.783 0.004 0.003 0.005 0.003 0.014 0.004 0.003 0.003 
242  ZFENP43    (0)    7 :  0.063 0.043 0.032 0.020 0.005 0.031 0.669 0.034 0.006 0.046 0.007 0.020 0.009 0.009 0.007 
243  ZFENP44    (0)    7 :  0.023 0.009 0.012 0.064 0.003 0.016 0.810 0.014 0.003 0.012 0.006 0.008 0.008 0.007 0.006 
244  ZFENP45    (0)    7 :  0.042 0.007 0.012 0.055 0.282 0.019 0.445 0.010 0.029 0.008 0.008 0.015 0.022 0.030 0.018 
245  ZFENP46    (0)    7 :  0.035 0.006 0.015 0.018 0.005 0.004 0.778 0.028 0.006 0.033 0.008 0.013 0.010 0.019 0.023 
246  ZFENP47    (0)    7 :  0.006 0.004 0.004 0.343 0.130 0.071 0.216 0.011 0.013 0.008 0.039 0.114 0.014 0.012 0.015 
247  ZFENP48    (0)    7 :  0.025 0.010 0.008 0.032 0.017 0.068 0.177 0.483 0.028 0.014 0.021 0.056 0.032 0.022 0.007 
248  ZFENP49    (0)    7 :  0.010 0.005 0.006 0.010 0.012 0.019 0.235 0.005 0.012 0.009 0.026 0.616 0.008 0.010 0.018 
249  ZFENP50    (0)    7 :  0.062 0.004 0.018 0.039 0.006 0.004 0.691 0.007 0.019 0.004 0.008 0.026 0.045 0.058 0.009 
250  ZFENP51    (0)    7 :  0.017 0.006 0.005 0.373 0.055 0.010 0.426 0.016 0.004 0.005 0.026 0.047 0.004 0.004 0.004 
251  ZFENP52    (0)    7 :  0.012 0.010 0.017 0.006 0.004 0.010 0.893 0.004 0.004 0.017 0.003 0.006 0.005 0.005 0.004 
252  ZFENP53    (0)    7 :  0.023 0.009 0.016 0.015 0.027 0.007 0.739 0.009 0.035 0.013 0.007 0.013 0.028 0.042 0.016 
253  ZFENP54    (0)    7 :  0.019 0.005 0.010 0.009 0.006 0.023 0.174 0.008 0.021 0.009 0.017 0.624 0.035 0.035 0.005 
254  ZFENP55    (0)    7 :  0.538 0.004 0.004 0.021 0.004 0.005 0.249 0.032 0.005 0.005 0.054 0.064 0.005 0.006 0.004 
255  ZFENP56    (0)    7 :  0.069 0.009 0.007 0.016 0.006 0.009 0.818 0.009 0.003 0.015 0.013 0.013 0.004 0.004 0.004 
256  ZFENP57    (0)    7 :  0.017 0.011 0.010 0.066 0.002 0.005 0.821 0.018 0.002 0.005 0.014 0.013 0.007 0.006 0.003 
257  ZFENP58    (0)    7 :  0.038 0.015 0.018 0.016 0.142 0.080 0.512 0.006 0.010 0.012 0.031 0.080 0.027 0.010 0.004 
258  ZFENP59    (0)    7 :  0.009 0.005 0.004 0.037 0.004 0.095 0.773 0.010 0.005 0.006 0.012 0.024 0.005 0.005 0.006 
259  ZFENP60    (0)    7 :  0.013 0.007 0.008 0.014 0.014 0.010 0.752 0.031 0.009 0.007 0.037 0.064 0.011 0.009 0.013 
260  ZFENP61    (0)    7 :  0.010 0.004 0.004 0.009 0.003 0.017 0.824 0.019 0.003 0.005 0.017 0.073 0.004 0.004 0.005 
261 ZFFDSP01    (0)    8 :  0.008 0.018 0.070 0.003 0.013 0.004 0.003 0.005 0.006 0.018 0.007 0.005 0.506 0.108 0.226 
262 ZFFDSP02    (0)    8 :  0.003 0.003 0.006 0.002 0.004 0.003 0.003 0.003 0.003 0.006 0.003 0.004 0.020 0.035 0.904 
263 ZFFDSP04    (0)    8 :  0.006 0.003 0.009 0.002 0.013 0.004 0.002 0.005 0.008 0.012 0.004 0.004 0.238 0.102 0.588 
264 ZFFDSP05    (0)    8 :  0.018 0.005 0.073 0.007 0.011 0.004 0.006 0.003 0.011 0.010 0.003 0.006 0.033 0.119 0.691 
265 ZFFDSP06    (0)    8 :  0.005 0.003 0.010 0.002 0.019 0.009 0.002 0.009 0.068 0.081 0.003 0.005 0.326 0.255 0.202 
266 ZFFDSP07    (0)    8 :  0.007 0.005 0.006 0.004 0.042 0.016 0.005 0.004 0.014 0.009 0.002 0.005 0.647 0.122 0.112 
267 ZFFDSP08    (0)    8 :  0.009 0.012 0.027 0.004 0.104 0.015 0.005 0.003 0.066 0.037 0.003 0.004 0.488 0.166 0.057 
268 ZFFDSP10    (0)    8 :  0.008 0.005 0.020 0.005 0.022 0.007 0.004 0.004 0.017 0.028 0.004 0.006 0.273 0.096 0.502 
269 ZFFDSP11    (0)    8 :  0.009 0.004 0.015 0.004 0.009 0.004 0.004 0.004 0.016 0.010 0.005 0.005 0.324 0.425 0.163 
270 ZFFDSP12    (0)    8 :  0.004 0.005 0.013 0.002 0.021 0.003 0.003 0.003 0.094 0.008 0.002 0.003 0.326 0.489 0.024 
271 ZFFDSP13    (0)    8 :  0.012 0.020 0.459 0.004 0.005 0.010 0.006 0.004 0.012 0.172 0.004 0.006 0.046 0.221 0.022 
