

----------------------------------------------------
STRUCTURE by Pritchard, Stephens and Donnelly (2000)
     and Falush, Stephens and Pritchard (2003)
       Code by Pritchard, Falush and Hubisz
             Version 2.3.4 (Jul 2012)
----------------------------------------------------



Command line arguments:   bin\structure -m C:\Users\eschumacher\Documents\GitHub\GCC_QUAC_ZAIN\Data_Files\Structure_Files\ZAIN\ZAIN_rebinned_wild\50-50\mainparams -e C:\Users\eschumacher\Documents\GitHub\GCC_QUAC_ZAIN\Data_Files\Structure_Files\ZAIN\ZAIN_rebinned_wild\50-50\extraparams 
Input File:    C:\Users\eschumacher\Documents\GitHub\GCC_QUAC_ZAIN\Data_Files\Structure_Files\ZAIN\ZAIN_rebinned_wild\project_data

Run parameters:
   751 individuals
   11 loci
   3 populations assumed
   50000 Burn-in period
   50000 Reps


--------------------------------------------
Proportion of membership of each pre-defined
 population in each of the 3 clusters

Given    Inferred Clusters       Number of
 Pop       1      2      3      Individuals

  1:     0.012  0.981  0.008       35
  2:     0.010  0.009  0.980       36
  3:     0.010  0.007  0.983       33
  4:     0.895  0.024  0.081       40
  5:     0.010  0.005  0.986       39
  6:     0.719  0.212  0.069       40
  7:     0.898  0.085  0.017       37
  8:     0.005  0.008  0.987       40
  9:     0.040  0.951  0.008       28
 10:     0.948  0.027  0.025       14
 11:     0.967  0.019  0.014       13
 12:     0.006  0.005  0.989       14
 13:     0.012  0.006  0.983       25
 14:     0.033  0.009  0.958       40
 15:     0.778  0.043  0.179       32
 16:     0.987  0.007  0.005       20
 17:     0.122  0.862  0.015        4
 18:     0.013  0.971  0.016       23
 19:     0.013  0.980  0.007       39
 20:     0.023  0.972  0.005       38
 21:     0.008  0.005  0.987       45
 22:     0.016  0.005  0.979       28
 23:     0.027  0.964  0.010        6
 24:     0.857  0.084  0.059       40
 25:     0.905  0.057  0.038       42
--------------------------------------------

Allele-freq. divergence among pops (Net nucleotide distance),
computed using point estimates of P.

      1       2       3      
 1      -    0.0750  0.0974  
 2   0.0750     -    0.1863  
 3   0.0974  0.1863     -    

Average distances (expected heterozygosity) between individuals in same cluster:
cluster  1  : 0.5734 
cluster  2  : 0.5028 
cluster  3  : 0.4718 

--------------------------------------------
Estimated Ln Prob of Data   = -16132.3
Mean value of ln likelihood = -15992.5
Variance of ln likelihood   = 279.4
Mean value of alpha         = 0.0352

Mean value of Fst_1         = 0.0993
Mean value of Fst_2         = 0.3127
Mean value of Fst_3         = 0.3204


Inferred ancestry of individuals:
        Label (%Miss) Pop:  Inferred clusters
  1    ZFB01    (0)    1 :  0.005 0.990 0.005 
  2    ZFB02    (0)    1 :  0.009 0.987 0.004 
  3    ZFB03    (0)    1 :  0.007 0.986 0.007 
  4    ZFB04    (0)    1 :  0.009 0.987 0.004 
  5    ZFB05    (0)    1 :  0.054 0.939 0.007 
  6    ZFB06    (0)    1 :  0.028 0.965 0.007 
  7    ZFB07    (9)    1 :  0.010 0.980 0.010 
  8    ZFB08    (0)    1 :  0.006 0.988 0.006 
  9    ZFB09    (0)    1 :  0.005 0.992 0.003 
 10    ZFB10    (0)    1 :  0.007 0.981 0.012 
 11    ZFB11    (0)    1 :  0.008 0.986 0.007 
 12    ZFB12    (0)    1 :  0.005 0.989 0.005 
 13    ZFB13    (0)    1 :  0.005 0.989 0.006 
 14    ZFB14    (0)    1 :  0.005 0.990 0.005 
 15    ZFB15    (0)    1 :  0.005 0.992 0.003 
 16    ZFB16    (0)    1 :  0.006 0.990 0.005 
 17    ZFB17    (0)    1 :  0.028 0.960 0.012 
 18    ZFB18    (0)    1 :  0.005 0.991 0.004 
 19    ZFB19    (0)    1 :  0.009 0.972 0.018 
 20    ZFB20    (0)    1 :  0.006 0.989 0.005 
 21    ZFB21    (0)    1 :  0.006 0.991 0.003 
 22    ZFB22    (0)    1 :  0.015 0.971 0.013 
 23    ZFB23    (0)    1 :  0.009 0.984 0.008 
 24    ZFB24    (0)    1 :  0.007 0.987 0.006 
 25    ZFB25    (0)    1 :  0.006 0.974 0.020 
 26    ZFB26    (0)    1 :  0.013 0.971 0.016 
 27    ZFB27    (0)    1 :  0.009 0.984 0.008 
 28    ZFB28    (0)    1 :  0.019 0.975 0.006 
 29    ZFB29    (0)    1 :  0.008 0.989 0.003 
 30    ZFB30    (0)    1 :  0.049 0.937 0.013 
 31    ZFB31    (0)    1 :  0.006 0.982 0.012 
 32    ZFB32    (0)    1 :  0.025 0.964 0.011 
 33    ZFB33    (0)    1 :  0.005 0.991 0.004 
 34    ZFB34    (0)    1 :  0.006 0.990 0.004 
 35    ZFB35    (0)    1 :  0.007 0.986 0.007 
 36  ZFBP101    (0)    2 :  0.025 0.017 0.958 
 37  ZFBP102    (0)    2 :  0.015 0.022 0.963 
 38  ZFBP103    (0)    2 :  0.025 0.012 0.962 
 39  ZFBP104    (0)    2 :  0.028 0.058 0.914 
 40  ZFBP105    (0)    2 :  0.007 0.008 0.986 
 41  ZFBP106    (0)    2 :  0.005 0.004 0.991 
 42  ZFBP107    (0)    2 :  0.017 0.009 0.974 
 43  ZFBP108    (0)    2 :  0.004 0.004 0.992 
 44  ZFBP109    (0)    2 :  0.005 0.005 0.990 
 45  ZFBP110    (0)    2 :  0.028 0.035 0.937 
 46  ZFBP111    (0)    2 :  0.004 0.003 0.993 
 47  ZFBP112    (0)    2 :  0.007 0.005 0.988 
 48  ZFBP113    (0)    2 :  0.005 0.005 0.990 
 49  ZFBP114    (0)    2 :  0.009 0.005 0.986 
 50  ZFBP115    (0)    2 :  0.008 0.003 0.989 
 51  ZFBP116    (0)    2 :  0.006 0.004 0.990 
 52  ZFBP117    (0)    2 :  0.005 0.003 0.992 
 53  ZFBP118    (0)    2 :  0.008 0.004 0.987 
 54  ZFBP119    (0)    2 :  0.007 0.004 0.989 
 55  ZFBP120    (0)    2 :  0.006 0.008 0.986 
 56  ZFBP121    (0)    2 :  0.005 0.006 0.988 
 57  ZFBP122    (9)    2 :  0.005 0.004 0.990 
 58  ZFBP123    (0)    2 :  0.012 0.005 0.983 
 59  ZFBP124    (0)    2 :  0.006 0.008 0.986 
 60  ZFBP125    (0)    2 :  0.004 0.003 0.993 
 61  ZFBP126    (0)    2 :  0.030 0.018 0.952 
 62  ZFBP127    (0)    2 :  0.004 0.004 0.992 
 63  ZFBP128    (0)    2 :  0.004 0.004 0.991 
 64  ZFBP129    (0)    2 :  0.005 0.005 0.990 
 65  ZFBP130    (0)    2 :  0.006 0.003 0.991 
 66  ZFBP131    (0)    2 :  0.005 0.005 0.989 
 67  ZFBP132    (0)    2 :  0.004 0.003 0.992 
 68  ZFBP133    (0)    2 :  0.004 0.004 0.991 
 69  ZFBP134    (0)    2 :  0.007 0.004 0.989 
 70  ZFBP135    (0)    2 :  0.027 0.032 0.940 
 71  ZFBP136    (0)    2 :  0.015 0.005 0.980 
 72  ZFBP201    (0)    3 :  0.010 0.006 0.983 
 73  ZFBP202    (0)    3 :  0.004 0.006 0.990 
 74  ZFBP203    (0)    3 :  0.040 0.014 0.946 
 75  ZFBP204    (0)    3 :  0.008 0.005 0.987 
 76  ZFBP205    (0)    3 :  0.009 0.004 0.987 
 77  ZFBP206    (0)    3 :  0.012 0.007 0.981 
 78  ZFBP207    (0)    3 :  0.005 0.004 0.991 
 79  ZFBP208    (0)    3 :  0.017 0.006 0.977 
 80  ZFBP209    (0)    3 :  0.005 0.004 0.992 
 81  ZFBP210    (0)    3 :  0.009 0.006 0.985 
 82  ZFBP211    (0)    3 :  0.004 0.006 0.990 
 83  ZFBP212    (0)    3 :  0.004 0.005 0.991 
 84  ZFBP213    (0)    3 :  0.009 0.011 0.980 
 85  ZFBP214    (0)    3 :  0.012 0.007 0.981 
 86  ZFBP215    (0)    3 :  0.004 0.005 0.990 
 87  ZFBP216    (0)    3 :  0.012 0.007 0.981 
 88  ZFBP217    (0)    3 :  0.005 0.004 0.991 
 89  ZFBP218    (0)    3 :  0.004 0.004 0.992 
 90  ZFBP219    (0)    3 :  0.005 0.004 0.991 
 91  ZFBP220    (0)    3 :  0.006 0.003 0.991 
 92  ZFBP221    (0)    3 :  0.004 0.004 0.992 
 93  ZFBP222    (0)    3 :  0.010 0.008 0.982 
 94  ZFBP223    (0)    3 :  0.007 0.006 0.987 
 95  ZFBP224    (0)    3 :  0.007 0.006 0.987 
 96  ZFBP225    (0)    3 :  0.009 0.003 0.988 
 97  ZFBP226    (0)    3 :  0.006 0.005 0.989 
 98  ZFBP227    (0)    3 :  0.078 0.053 0.870 
 99  ZFBP228    (0)    3 :  0.005 0.004 0.991 
100  ZFBP229    (0)    3 :  0.006 0.003 0.991 
101  ZFBP230    (0)    3 :  0.007 0.003 0.989 
102  ZFBP231    (0)    3 :  0.006 0.005 0.989 
103  ZFBP232    (0)    3 :  0.004 0.004 0.992 
104  ZFBP233    (0)    3 :  0.006 0.006 0.988 
105   ZFCC01    (0)    4 :  0.954 0.033 0.013 
106   ZFCC03    (0)    4 :  0.918 0.014 0.068 
107   ZFCC04    (0)    4 :  0.966 0.011 0.023 
108   ZFCC05    (0)    4 :  0.943 0.017 0.039 
109   ZFCC08    (0)    4 :  0.311 0.029 0.660 
110   ZFCC09    (0)    4 :  0.917 0.029 0.054 
111   ZFCC10    (0)    4 :  0.883 0.097 0.020 
112   ZFCC11    (0)    4 :  0.960 0.012 0.027 
113   ZFCC12    (0)    4 :  0.952 0.037 0.011 
114   ZFCC13    (0)    4 :  0.943 0.007 0.050 
115   ZFCC14    (0)    4 :  0.951 0.025 0.023 
116   ZFCC15    (0)    4 :  0.977 0.009 0.014 
117   ZFCC16    (0)    4 :  0.975 0.015 0.010 
118   ZFCC17    (0)    4 :  0.981 0.011 0.008 
119   ZFCC18    (0)    4 :  0.947 0.017 0.036 
120   ZFCC19    (0)    4 :  0.988 0.007 0.005 
121   ZFCC20    (0)    4 :  0.971 0.008 0.021 
122   ZFCC21    (0)    4 :  0.877 0.021 0.102 
123   ZFCC22    (0)    4 :  0.084 0.034 0.882 
124   ZFCC26    (0)    4 :  0.973 0.013 0.014 
125   ZFCC27    (0)    4 :  0.978 0.006 0.016 
126   ZFCC29    (0)    4 :  0.965 0.021 0.014 
127   ZFCC30    (0)    4 :  0.978 0.004 0.018 
128   ZFCC32    (0)    4 :  0.954 0.021 0.025 
129   ZFCC33    (0)    4 :  0.983 0.008 0.009 
130   ZFCC34    (0)    4 :  0.433 0.165 0.402 
131   ZFCC35    (0)    4 :  0.967 0.007 0.027 
132   ZFCC36    (0)    4 :  0.974 0.007 0.019 
133   ZFCC37    (0)    4 :  0.942 0.038 0.020 
134   ZFCC40    (0)    4 :  0.970 0.016 0.014 
135   ZFCC42    (0)    4 :  0.949 0.042 0.009 
136   ZFCC44    (0)    4 :  0.980 0.003 0.017 
137   ZFCC45    (9)    4 :  0.959 0.030 0.011 
138   ZFCC46    (0)    4 :  0.762 0.011 0.227 
139   ZFCC47    (0)    4 :  0.841 0.072 0.087 
140   ZFCC48    (0)    4 :  0.799 0.028 0.172 
141   ZFCC50    (0)    4 :  0.983 0.009 0.008 
142   ZFCC51    (0)    4 :  0.958 0.010 0.032 
143   ZFCC52    (0)    4 :  0.961 0.007 0.032 
144   ZFCC53    (0)    4 :  0.981 0.007 0.012 
145  ZFCNS01    (0)    5 :  0.028 0.005 0.967 
146  ZFCNS02    (0)    5 :  0.008 0.004 0.988 
147  ZFCNS05    (0)    5 :  0.009 0.006 0.985 
148  ZFCNS06    (0)    5 :  0.010 0.005 0.985 
149  ZFCNS07    (0)    5 :  0.007 0.005 0.989 
150  ZFCNS10    (0)    5 :  0.006 0.003 0.991 
151  ZFCNS11    (0)    5 :  0.014 0.004 0.982 
152  ZFCNS15    (0)    5 :  0.006 0.005 0.989 
153  ZFCNS17    (0)    5 :  0.011 0.004 0.985 
154  ZFCNS18    (0)    5 :  0.006 0.004 0.990 
155  ZFCNS19    (0)    5 :  0.009 0.005 0.987 
156  ZFCNS20    (0)    5 :  0.009 0.004 0.986 
157  ZFCNS21    (0)    5 :  0.010 0.004 0.986 
158  ZFCNS22    (0)    5 :  0.008 0.006 0.986 
159  ZFCNS23    (0)    5 :  0.013 0.006 0.981 
160  ZFCNS24    (0)    5 :  0.018 0.004 0.978 
161  ZFCNS25    (0)    5 :  0.009 0.004 0.987 
162  ZFCNS26    (0)    5 :  0.006 0.006 0.988 
163  ZFCNS27    (0)    5 :  0.006 0.004 0.990 
164  ZFCNS28    (0)    5 :  0.008 0.006 0.986 
165  ZFCNS29    (0)    5 :  0.011 0.005 0.984 
166  ZFCNS30    (0)    5 :  0.011 0.005 0.984 
167  ZFCNS31    (0)    5 :  0.007 0.005 0.989 
168  ZFCNS32    (0)    5 :  0.007 0.006 0.987 
169  ZFCNS33    (0)    5 :  0.006 0.005 0.989 
170  ZFCNS34    (0)    5 :  0.017 0.005 0.979 
171  ZFCNS35    (0)    5 :  0.007 0.006 0.986 
172  ZFCNS36    (0)    5 :  0.016 0.004 0.980 
173  ZFCNS37    (0)    5 :  0.011 0.005 0.984 
174  ZFCNS39    (0)    5 :  0.008 0.003 0.988 
175  ZFCNS40    (0)    5 :  0.010 0.003 0.986 
176  ZFCNS41    (0)    5 :  0.014 0.007 0.979 
177  ZFCNS42    (0)    5 :  0.008 0.004 0.988 
178  ZFCNS43    (0)    5 :  0.011 0.005 0.984 
179  ZFCNS44    (0)    5 :  0.007 0.004 0.989 
180  ZFCNS46    (0)    5 :  0.010 0.004 0.986 
181  ZFCNS47    (0)    5 :  0.008 0.004 0.988 
182  ZFCNS48    (0)    5 :  0.007 0.004 0.989 
183  ZFCNS49    (0)    5 :  0.004 0.005 0.991 
184   ZFCR01    (0)    6 :  0.559 0.397 0.044 
185   ZFCR02    (0)    6 :  0.904 0.076 0.020 
186   ZFCR03    (0)    6 :  0.410 0.559 0.032 
187   ZFCR04    (0)    6 :  0.134 0.815 0.051 
188   ZFCR05    (0)    6 :  0.879 0.115 0.006 
189   ZFCR06    (0)    6 :  0.606 0.110 0.284 
190   ZFCR07    (0)    6 :  0.906 0.053 0.041 
191   ZFCR08    (0)    6 :  0.947 0.035 0.019 
192   ZFCR09    (0)    6 :  0.442 0.437 0.121 
193   ZFCR11    (0)    6 :  0.450 0.392 0.157 
194   ZFCR12    (0)    6 :  0.818 0.021 0.161 
195   ZFCR13    (0)    6 :  0.888 0.016 0.095 
196   ZFCR14    (0)    6 :  0.888 0.097 0.015 
197   ZFCR15    (0)    6 :  0.912 0.073 0.015 
198   ZFCR16    (0)    6 :  0.855 0.108 0.037 
199   ZFCR18    (0)    6 :  0.198 0.750 0.052 
200   ZFCR19    (0)    6 :  0.314 0.520 0.167 
201   ZFCR20    (0)    6 :  0.036 0.931 0.033 
202   ZFCR21    (0)    6 :  0.973 0.015 0.011 
203   ZFCR22    (0)    6 :  0.965 0.024 0.011 
204   ZFCR23    (0)    6 :  0.880 0.036 0.084 
205   ZFCR24    (9)    6 :  0.299 0.293 0.408 
206   ZFCR25    (0)    6 :  0.939 0.055 0.006 
207   ZFCR26    (0)    6 :  0.609 0.319 0.072 
208   ZFCR27    (9)    6 :  0.863 0.133 0.004 
209   ZFCR28    (0)    6 :  0.711 0.009 0.280 
210   ZFCR29    (0)    6 :  0.643 0.344 0.013 
211   ZFCR30    (0)    6 :  0.971 0.021 0.008 
212   ZFCR31    (0)    6 :  0.271 0.453 0.276 
213   ZFCR33    (0)    6 :  0.958 0.031 0.011 
214   ZFCR34    (0)    6 :  0.938 0.034 0.028 
215   ZFCR35    (0)    6 :  0.220 0.755 0.025 
216   ZFCR36    (0)    6 :  0.798 0.189 0.013 
217   ZFCR37    (0)    6 :  0.974 0.022 0.005 
218   ZFCR38    (0)    6 :  0.951 0.041 0.007 
219   ZFCR39    (0)    6 :  0.970 0.011 0.019 
220   ZFCR40    (0)    6 :  0.977 0.017 0.006 
221   ZFCR41    (0)    6 :  0.965 0.010 0.025 
222   ZFCR42    (0)    6 :  0.964 0.008 0.028 
223   ZFCR43    (0)    6 :  0.769 0.157 0.074 
224  ZFENP25    (0)    7 :  0.976 0.016 0.008 
225  ZFENP26    (0)    7 :  0.979 0.017 0.005 
226  ZFENP27    (0)    7 :  0.933 0.045 0.021 
227  ZFENP28    (0)    7 :  0.948 0.047 0.005 
228  ZFENP29    (0)    7 :  0.989 0.007 0.004 
229  ZFENP30    (0)    7 :  0.986 0.009 0.005 
230  ZFENP31    (0)    7 :  0.973 0.022 0.005 
231  ZFENP32    (0)    7 :  0.765 0.216 0.019 
232  ZFENP33    (0)    7 :  0.893 0.100 0.007 
233  ZFENP34    (0)    7 :  0.396 0.582 0.022 
234  ZFENP35    (0)    7 :  0.972 0.018 0.010 
235  ZFENP36    (0)    7 :  0.926 0.069 0.005 
236  ZFENP37    (0)    7 :  0.888 0.102 0.010 
237  ZFENP38    (0)    7 :  0.982 0.011 0.007 
238  ZFENP39    (0)    7 :  0.958 0.038 0.004 
239  ZFENP40    (0)    7 :  0.943 0.050 0.007 
240  ZFENP41    (0)    7 :  0.977 0.017 0.007 
241  ZFENP42    (0)    7 :  0.991 0.005 0.004 
242  ZFENP43    (0)    7 :  0.973 0.017 0.010 
243  ZFENP44    (0)    7 :  0.982 0.011 0.007 
244  ZFENP45    (0)    7 :  0.792 0.013 0.195 
245  ZFENP46    (0)    7 :  0.878 0.104 0.018 
246  ZFENP47    (0)    7 :  0.970 0.019 0.011 
247  ZFENP48    (0)    7 :  0.597 0.372 0.031 
248  ZFENP49    (0)    7 :  0.862 0.120 0.017 
249  ZFENP50    (0)    7 :  0.961 0.010 0.029 
250  ZFENP51    (0)    7 :  0.836 0.144 0.020 
251  ZFENP52    (0)    7 :  0.987 0.007 0.006 
252  ZFENP53    (0)    7 :  0.969 0.011 0.020 
253  ZFENP54    (0)    7 :  0.942 0.024 0.035 
254  ZFENP55    (0)    7 :  0.289 0.703 0.008 
255  ZFENP56    (0)    7 :  0.978 0.016 0.006 
256  ZFENP57    (0)    7 :  0.960 0.033 0.007 
257  ZFENP58    (0)    7 :  0.957 0.014 0.029 
258  ZFENP59    (0)    7 :  0.983 0.013 0.004 
259  ZFENP60    (0)    7 :  0.863 0.127 0.009 
260  ZFENP61    (0)    7 :  0.965 0.031 0.003 
261 ZFFDSP01    (0)    8 :  0.004 0.005 0.990 
262 ZFFDSP02    (0)    8 :  0.004 0.004 0.992 
263 ZFFDSP04    (0)    8 :  0.004 0.006 0.990 
264 ZFFDSP05    (0)    8 :  0.006 0.005 0.990 
265 ZFFDSP06    (0)    8 :  0.004 0.004 0.992 
266 ZFFDSP07    (0)    8 :  0.011 0.005 0.983 
267 ZFFDSP08    (0)    8 :  0.007 0.004 0.989 
268 ZFFDSP10    (0)    8 :  0.006 0.005 0.990 
269 ZFFDSP11    (0)    8 :  0.006 0.006 0.988 
270 ZFFDSP12    (0)    8 :  0.004 0.003 0.993 
271 ZFFDSP13    (0)    8 :  0.009 0.005 0.986 
272 ZFFDSP14    (0)    8 :  0.005 0.006 0.989 
273 ZFFDSP16    (0)    8 :  0.007 0.007 0.986 
274 ZFFDSP17    (0)    8 :  0.005 0.004 0.991 
275 ZFFDSP18    (0)    8 :  0.004 0.008 0.988 
276 ZFFDSP19    (0)    8 :  0.004 0.007 0.989 
277 ZFFDSP21    (0)    8 :  0.004 0.004 0.992 
278 ZFFDSP22    (0)    8 :  0.004 0.003 0.992 
279 ZFFDSP23    (0)    8 :  0.004 0.003 0.993 
280 ZFFDSP24    (0)    8 :  0.005 0.006 0.989 
281 ZFFDSP26    (9)    8 :  0.004 0.004 0.992 
282 ZFFDSP27    (0)    8 :  0.004 0.006 0.990 
283 ZFFDSP28    (0)    8 :  0.023 0.105 0.872 
284 ZFFDSP30    (0)    8 :  0.006 0.014 0.980 
285 ZFFDSP31    (0)    8 :  0.004 0.005 0.991 
286 ZFFDSP32    (0)    8 :  0.004 0.005 0.991 
287 ZFFDSP33    (0)    8 :  0.003 0.004 0.993 
288 ZFFDSP34    (0)    8 :  0.004 0.004 0.992 
289 ZFFDSP35    (0)    8 :  0.005 0.005 0.990 
290 ZFFDSP37    (0)    8 :  0.004 0.005 0.990 
291 ZFFDSP38    (0)    8 :  0.004 0.005 0.990 
292 ZFFDSP39    (0)    8 :  0.003 0.004 0.993 
293 ZFFDSP40    (0)    8 :  0.004 0.005 0.991 
294 ZFFDSP42    (0)    8 :  0.004 0.004 0.992 
295 ZFFDSP43    (0)    8 :  0.003 0.004 0.992 
296 ZFFDSP44    (0)    8 :  0.004 0.006 0.990 
297 ZFFDSP45    (0)    8 :  0.005 0.005 0.990 
298 ZFFDSP46    (0)    8 :  0.005 0.005 0.990 
299 ZFFDSP47    (0)    8 :  0.004 0.004 0.992 
300 ZFFDSP48    (0)    8 :  0.004 0.004 0.991 
301    ZFI01    (0)    9 :  0.007 0.987 0.006 
302    ZFI02    (0)    9 :  0.005 0.988 0.007 
303    ZFI03    (0)    9 :  0.008 0.987 0.005 
304    ZFI04    (0)    9 :  0.007 0.988 0.005 
305    ZFI05    (0)    9 :  0.007 0.984 0.009 
306    ZFI06    (0)    9 :  0.007 0.970 0.023 
307    ZFI07    (0)    9 :  0.005 0.990 0.004 
308    ZFI08    (0)    9 :  0.007 0.990 0.003 
309    ZFI09    (0)    9 :  0.005 0.989 0.005 
310    ZFI10    (0)    9 :  0.008 0.979 0.014 
311    ZFI11    (0)    9 :  0.005 0.991 0.004 
312    ZFI12    (0)    9 :  0.007 0.986 0.007 
313    ZFI13    (0)    9 :  0.006 0.988 0.005 
314    ZFI14    (0)    9 :  0.006 0.982 0.012 
315    ZFI15    (0)    9 :  0.005 0.990 0.004 
316    ZFI16    (0)    9 :  0.005 0.991 0.004 
317    ZFI17    (0)    9 :  0.006 0.989 0.005 
318    ZFI18    (0)    9 :  0.006 0.990 0.004 
319    ZFI19    (9)    9 :  0.005 0.991 0.004 
320    ZFI20    (0)    9 :  0.005 0.987 0.007 
321    ZFI21    (0)    9 :  0.006 0.968 0.025 
322    ZFI22    (0)    9 :  0.006 0.988 0.006 
323    ZFI23    (0)    9 :  0.006 0.990 0.005 
324    ZFI24    (0)    9 :  0.006 0.987 0.007 
325    ZFI25    (0)    9 :  0.006 0.988 0.006 
326    ZFI26    (0)    9 :  0.007 0.989 0.004 
327    ZFI27    (0)    9 :  0.007 0.983 0.010 
328    ZFK01    (0)    9 :  0.965 0.008 0.027 
329    ZFK02    (0)   10 :  0.963 0.011 0.026 
330    ZFK03    (0)   10 :  0.972 0.012 0.016 
331    ZFK04    (0)   10 :  0.929 0.061 0.010 
332    ZFK05    (0)   10 :  0.956 0.038 0.006 
333    ZFK06    (0)   10 :  0.942 0.047 0.011 
334    ZFK07    (0)   10 :  0.976 0.006 0.018 
335    ZFK08    (0)   10 :  0.900 0.089 0.011 
336    ZFK10    (0)   10 :  0.919 0.061 0.019 
337    ZFK11    (0)   10 :  0.979 0.013 0.008 
338    ZFK12    (0)   10 :  0.967 0.005 0.028 
339    ZFK13    (0)   10 :  0.930 0.006 0.064 
340    ZFK14    (0)   10 :  0.954 0.006 0.040 
341    ZFK15    (0)   10 :  0.958 0.013 0.029 
342    ZFK16    (0)   10 :  0.930 0.004 0.066 
343   ZFLB01    (0)   11 :  0.978 0.012 0.010 
344   ZFLB02    (0)   11 :  0.948 0.046 0.006 
345   ZFLB03    (0)   11 :  0.981 0.008 0.012 
346   ZFLB04    (0)   11 :  0.874 0.033 0.093 
347   ZFLB05    (0)   11 :  0.958 0.032 0.010 
348   ZFLB06    (0)   11 :  0.987 0.008 0.005 
349   ZFLB07    (0)   11 :  0.975 0.007 0.018 
350   ZFLB08    (0)   11 :  0.971 0.024 0.005 
351   ZFLB09    (9)   11 :  0.972 0.023 0.005 
352   ZFLB10    (0)   11 :  0.964 0.029 0.007 
353   ZFLB11    (0)   11 :  0.990 0.006 0.004 
354   ZFLB12    (0)   11 :  0.986 0.011 0.003 
355   ZFLB13    (0)   11 :  0.988 0.007 0.005 
356  ZFLTI01    (0)   12 :  0.007 0.004 0.989 
357  ZFLTI02    (0)   12 :  0.008 0.004 0.987 
358  ZFLTI03    (0)   12 :  0.005 0.004 0.991 
359  ZFLTI04    (0)   12 :  0.008 0.006 0.986 
360  ZFLTI05    (0)   12 :  0.005 0.004 0.990 
361  ZFLTI06    (0)   12 :  0.005 0.004 0.991 
362  ZFLTI07    (0)   12 :  0.006 0.005 0.989 
363  ZFLTI08    (0)   12 :  0.006 0.006 0.987 
364  ZFLTI09    (0)   12 :  0.005 0.007 0.988 
365  ZFLTI10    (0)   12 :  0.006 0.005 0.989 
366  ZFLTI11    (0)   12 :  0.004 0.004 0.991 
367  ZFLTI12    (0)   12 :  0.005 0.004 0.991 
368  ZFLTI13    (0)   12 :  0.008 0.005 0.987 
369  ZFLTI14    (0)   12 :  0.010 0.005 0.984 
370 ZFONF101    (0)   13 :  0.003 0.004 0.993 
371 ZFONF102    (0)   13 :  0.007 0.005 0.988 
372 ZFONF103    (0)   13 :  0.005 0.004 0.991 
373 ZFONF104    (0)   13 :  0.003 0.003 0.994 
374 ZFONF105    (0)   13 :  0.004 0.003 0.994 
375 ZFONF106    (0)   13 :  0.003 0.005 0.992 
376 ZFONF107    (0)   13 :  0.051 0.028 0.922 
377 ZFONF108    (0)   13 :  0.011 0.006 0.983 
378 ZFONF109    (9)   13 :  0.007 0.005 0.988 
379 ZFONF110    (0)   13 :  0.003 0.003 0.994 
380 ZFONF111    (0)   13 :  0.020 0.013 0.968 
381 ZFONF112    (0)   13 :  0.003 0.003 0.993 
382 ZFONF113    (9)   13 :  0.006 0.004 0.990 
383 ZFONF115    (0)   13 :  0.004 0.005 0.992 
384 ZFONF116    (0)   13 :  0.005 0.005 0.990 
385 ZFONF117    (0)   13 :  0.005 0.004 0.991 
386 ZFONF118    (0)   13 :  0.004 0.006 0.990 
387 ZFONF119    (0)   13 :  0.009 0.004 0.987 
388 ZFONF120    (0)   13 :  0.010 0.004 0.986 
389 ZFONF121    (0)   13 :  0.005 0.004 0.991 
390 ZFONF122    (0)   13 :  0.006 0.006 0.988 
391 ZFONF123    (0)   13 :  0.027 0.010 0.963 
392 ZFONF124    (0)   13 :  0.006 0.003 0.990 
393 ZFONF125    (0)   13 :  0.077 0.008 0.915 
394 ZFONF126    (0)   13 :  0.005 0.005 0.991 
395 ZFONF201    (0)   14 :  0.127 0.099 0.774 
396 ZFONF202    (0)   14 :  0.005 0.004 0.991 
397 ZFONF203    (0)   14 :  0.021 0.006 0.973 
398 ZFONF204    (0)   14 :  0.308 0.018 0.674 
399 ZFONF206    (0)   14 :  0.366 0.024 0.610 
400 ZFONF207    (0)   14 :  0.022 0.006 0.972 
401 ZFONF208    (0)   14 :  0.021 0.006 0.974 
402 ZFONF209    (0)   14 :  0.081 0.024 0.895 
403 ZFONF210    (0)   14 :  0.004 0.003 0.993 
404 ZFONF211    (0)   14 :  0.008 0.003 0.988 
405 ZFONF212    (0)   14 :  0.004 0.003 0.994 
406 ZFONF214    (0)   14 :  0.008 0.003 0.988 
407 ZFONF215    (0)   14 :  0.004 0.003 0.993 
408 ZFONF216    (0)   14 :  0.006 0.003 0.991 
409 ZFONF217    (0)   14 :  0.005 0.004 0.991 
410 ZFONF218    (0)   14 :  0.029 0.009 0.962 
411 ZFONF219    (0)   14 :  0.005 0.002 0.992 
412 ZFONF220    (0)   14 :  0.005 0.004 0.990 
413 ZFONF222    (0)   14 :  0.019 0.006 0.975 
414 ZFONF223    (0)   14 :  0.019 0.008 0.974 
415 ZFONF224    (0)   14 :  0.007 0.003 0.990 
416 ZFONF225    (0)   14 :  0.004 0.003 0.994 
417 ZFONF226    (0)   14 :  0.007 0.003 0.990 
418 ZFONF227    (0)   14 :  0.003 0.002 0.994 
419 ZFONF228    (0)   14 :  0.003 0.003 0.994 
420 ZFONF230    (0)   14 :  0.004 0.002 0.994 
421 ZFONF231    (0)   14 :  0.006 0.003 0.991 
422 ZFONF232    (0)   14 :  0.005 0.003 0.992 
423 ZFONF233    (0)   14 :  0.010 0.003 0.987 
424 ZFONF234    (0)   14 :  0.029 0.004 0.967 
425 ZFONF235    (0)   14 :  0.006 0.003 0.991 
426 ZFONF236    (0)   14 :  0.047 0.026 0.927 
427 ZFONF238    (0)   14 :  0.010 0.005 0.986 
428 ZFONF239    (0)   14 :  0.059 0.034 0.907 
429 ZFONF240    (0)   14 :  0.004 0.002 0.993 
430 ZFONF241    (0)   14 :  0.013 0.006 0.981 
431 ZFONF242    (0)   14 :  0.009 0.004 0.987 
432 ZFONF243    (0)   14 :  0.007 0.003 0.990 
433 ZFONF244    (0)   14 :  0.006 0.003 0.992 
434 ZFONF245    (0)   14 :  0.008 0.003 0.989 
435   ZFOS01    (0)   15 :  0.597 0.036 0.367 
436   ZFOS02    (0)   15 :  0.474 0.144 0.383 
437   ZFOS03    (0)   15 :  0.964 0.013 0.023 
438   ZFOS04    (0)   15 :  0.520 0.100 0.379 
439   ZFOS05    (0)   15 :  0.611 0.052 0.337 
440   ZFOS06    (0)   15 :  0.871 0.014 0.116 
441   ZFOS07    (0)   15 :  0.822 0.120 0.058 
442   ZFOS08    (0)   15 :  0.608 0.142 0.250 
443   ZFOS09    (0)   15 :  0.695 0.047 0.258 
444   ZFOS10    (0)   15 :  0.981 0.010 0.008 
445   ZFOS11    (0)   15 :  0.858 0.009 0.133 
446   ZFOS12    (0)   15 :  0.950 0.021 0.029 
447   ZFOS13    (0)   15 :  0.723 0.092 0.185 
448   ZFOS14    (0)   15 :  0.853 0.056 0.091 
449   ZFOS15    (0)   15 :  0.979 0.010 0.011 
450   ZFOS16    (0)   15 :  0.648 0.057 0.295 
451   ZFOS17    (0)   15 :  0.969 0.010 0.022 
452   ZFOS18    (0)   15 :  0.977 0.007 0.016 
453   ZFOS19    (0)   15 :  0.983 0.006 0.011 
454   ZFOS20    (0)   15 :  0.948 0.012 0.040 
455   ZFOS21    (0)   15 :  0.695 0.080 0.225 
456   ZFOS22    (0)   15 :  0.924 0.005 0.071 
457   ZFOS23    (0)   15 :  0.958 0.037 0.005 
458   ZFOS24    (0)   15 :  0.984 0.005 0.011 
459   ZFOS25    (0)   15 :  0.197 0.038 0.765 
460   ZFOS26    (0)   15 :  0.111 0.039 0.850 
461   ZFOS27    (0)   15 :  0.817 0.018 0.165 
462   ZFOS28    (0)   15 :  0.950 0.023 0.027 
463   ZFOS29    (0)   15 :  0.933 0.014 0.054 
464   ZFOS30    (0)   15 :  0.867 0.044 0.090 
465   ZFOS31    (0)   15 :  0.671 0.083 0.246 
466   ZFOS32    (0)   15 :  0.753 0.031 0.216 
467   ZFPB01    (0)   16 :  0.984 0.013 0.004 
468   ZFPB02    (0)   16 :  0.989 0.005 0.006 
469   ZFPB03    (0)   16 :  0.983 0.010 0.008 
470   ZFPB05    (0)   16 :  0.990 0.005 0.005 
471   ZFPB06    (0)   16 :  0.984 0.013 0.004 
472   ZFPB07    (0)   16 :  0.988 0.005 0.007 
473   ZFPB08    (0)   16 :  0.987 0.007 0.006 
474   ZFPB10    (0)   16 :  0.989 0.006 0.005 
475   ZFPB11    (0)   16 :  0.992 0.004 0.003 
476   ZFPB12    (0)   16 :  0.990 0.006 0.004 
477   ZFPB13    (0)   16 :  0.982 0.010 0.008 
478   ZFPB14    (0)   16 :  0.988 0.005 0.007 
479   ZFPB15    (0)   16 :  0.986 0.007 0.008 
480   ZFPB17    (0)   16 :  0.992 0.005 0.003 
481   ZFPB18    (0)   16 :  0.991 0.005 0.004 
482   ZFPB19    (0)   16 :  0.977 0.017 0.006 
483   ZFPB20    (0)   16 :  0.990 0.006 0.004 
484   ZFPB21    (0)   16 :  0.985 0.007 0.008 
485   ZFPB22    (0)   16 :  0.991 0.006 0.003 
486   ZFPB23    (0)   16 :  0.987 0.008 0.005 
487   ZFSF01    (0)   17 :  0.043 0.953 0.004 
488   ZFSF02    (0)   17 :  0.394 0.559 0.047 
489   ZFSF03    (0)   17 :  0.043 0.952 0.005 
490   ZFSF04    (0)   17 :  0.009 0.986 0.006 
491  ZFSW101    (0)   18 :  0.007 0.961 0.032 
492  ZFSW102    (0)   18 :  0.009 0.985 0.006 
493  ZFSW103    (0)   18 :  0.008 0.965 0.027 
494  ZFSW104    (9)   18 :  0.024 0.958 0.018 
495  ZFSW105    (0)   18 :  0.006 0.973 0.021 
496  ZFSW106    (0)   18 :  0.025 0.950 0.025 
497  ZFSW107    (0)   18 :  0.005 0.989 0.006 
498  ZFSW108    (0)   18 :  0.007 0.990 0.004 
499  ZFSW109    (0)   18 :  0.005 0.988 0.007 
500  ZFSW110    (0)   18 :  0.008 0.971 0.021 
501  ZFSW111    (0)   18 :  0.011 0.926 0.063 
502  ZFSW112    (0)   18 :  0.011 0.974 0.015 
503  ZFSW113    (0)   18 :  0.019 0.953 0.028 
504  ZFSW114    (0)   18 :  0.008 0.985 0.007 
505  ZFSW115    (0)   18 :  0.028 0.964 0.008 
506  ZFSW116    (0)   18 :  0.014 0.970 0.016 
507  ZFSW117    (0)   18 :  0.012 0.956 0.032 
508  ZFSW119    (0)   18 :  0.014 0.982 0.004 
509  ZFSW120    (0)   18 :  0.013 0.984 0.002 
510  ZFSW121    (0)   18 :  0.039 0.940 0.020 
511  ZFSW122    (0)   18 :  0.006 0.985 0.009 
512  ZFSW123    (0)   18 :  0.004 0.992 0.004 
513  ZFSW124    (0)   18 :  0.007 0.989 0.004 
514  ZFSW201    (0)   19 :  0.008 0.989 0.004 
515  ZFSW202    (0)   19 :  0.007 0.989 0.004 
516  ZFSW203    (0)   19 :  0.009 0.987 0.004 
517  ZFSW204    (0)   19 :  0.010 0.985 0.005 
518  ZFSW205    (0)   19 :  0.006 0.989 0.005 
519  ZFSW206    (0)   19 :  0.010 0.985 0.005 
520  ZFSW207    (0)   19 :  0.005 0.987 0.008 
521  ZFSW208    (0)   19 :  0.009 0.986 0.005 
522  ZFSW209    (0)   19 :  0.025 0.971 0.005 
523  ZFSW210    (0)   19 :  0.009 0.971 0.020 
524  ZFSW211    (0)   19 :  0.019 0.971 0.010 
525  ZFSW212    (0)   19 :  0.007 0.987 0.006 
526  ZFSW213    (0)   19 :  0.006 0.988 0.005 
527  ZFSW214    (0)   19 :  0.007 0.986 0.007 
528  ZFSW215    (0)   19 :  0.006 0.990 0.004 
529  ZFSW216    (0)   19 :  0.009 0.983 0.008 
530  ZFSW217    (0)   19 :  0.008 0.987 0.004 
531  ZFSW218    (0)   19 :  0.006 0.988 0.006 
532  ZFSW219    (0)   19 :  0.028 0.964 0.008 
533  ZFSW220    (0)   19 :  0.012 0.983 0.005 
534  ZFSW221    (0)   19 :  0.011 0.982 0.007 
535  ZFSW222    (0)   19 :  0.005 0.991 0.003 
536  ZFSW223    (0)   19 :  0.014 0.982 0.004 
537  ZFSW224    (0)   19 :  0.013 0.980 0.007 
538  ZFSW225    (0)   19 :  0.007 0.987 0.006 
539  ZFSW226    (0)   19 :  0.006 0.989 0.006 
540  ZFSW227    (0)   19 :  0.006 0.989 0.005 
541  ZFSW229    (0)   19 :  0.008 0.987 0.005 
542  ZFSW230    (0)   19 :  0.006 0.984 0.009 
543  ZFSW231    (0)   19 :  0.012 0.982 0.005 
544  ZFSW232    (0)   19 :  0.006 0.989 0.004 
545  ZFSW233    (0)   19 :  0.012 0.981 0.007 
546  ZFSW234    (0)   19 :  0.005 0.992 0.004 
547  ZFSW235    (0)   19 :  0.011 0.983 0.006 
548  ZFSW236    (0)   19 :  0.005 0.990 0.004 
549  ZFSW237    (0)   19 :  0.013 0.982 0.005 
550  ZFSW238    (0)   19 :  0.147 0.823 0.031 
551  ZFSW239    (0)   19 :  0.005 0.989 0.006 
552  ZFSW240    (0)   19 :  0.006 0.990 0.004 
553   ZFTS01    (0)   20 :  0.010 0.985 0.004 
554   ZFTS02    (0)   20 :  0.008 0.985 0.007 
555   ZFTS03    (0)   20 :  0.007 0.989 0.004 
556   ZFTS04    (0)   20 :  0.013 0.983 0.004 
557   ZFTS05    (0)   20 :  0.141 0.854 0.005 
558   ZFTS07    (0)   20 :  0.029 0.967 0.004 
559   ZFTS08    (0)   20 :  0.009 0.988 0.003 
560   ZFTS09    (0)   20 :  0.011 0.986 0.003 
561   ZFTS10    (0)   20 :  0.007 0.989 0.004 
562   ZFTS11    (0)   20 :  0.009 0.987 0.004 
563   ZFTS12    (0)   20 :  0.021 0.975 0.004 
564   ZFTS14    (0)   20 :  0.023 0.972 0.005 
565   ZFTS15    (0)   20 :  0.022 0.971 0.007 
566   ZFTS16    (0)   20 :  0.009 0.986 0.005 
567   ZFTS17    (9)   20 :  0.022 0.972 0.005 
568   ZFTS18    (0)   20 :  0.007 0.990 0.003 
569   ZFTS19    (9)   20 :  0.008 0.989 0.003 
570   ZFTS20    (0)   20 :  0.013 0.983 0.004 
571   ZFTS21    (0)   20 :  0.013 0.983 0.003 
572   ZFTS22    (0)   20 :  0.013 0.984 0.003 
573   ZFTS23    (0)   20 :  0.020 0.975 0.006 
574   ZFTS24    (0)   20 :  0.009 0.987 0.003 
575   ZFTS25    (0)   20 :  0.010 0.984 0.006 
576   ZFTS26    (0)   20 :  0.005 0.992 0.003 
577   ZFTS27    (0)   20 :  0.033 0.961 0.005 
578   ZFTS28    (0)   20 :  0.208 0.781 0.011 
579   ZFTS29    (0)   20 :  0.020 0.977 0.003 
580   ZFTS30    (0)   20 :  0.024 0.972 0.004 
581   ZFTS31    (0)   20 :  0.033 0.963 0.005 
582   ZFTS32    (0)   20 :  0.017 0.979 0.004 
583   ZFTS33    (0)   20 :  0.019 0.974 0.006 
584   ZFTS34    (0)   20 :  0.007 0.988 0.005 
585   ZFTS35    (0)   20 :  0.006 0.990 0.005 
586   ZFTS36    (0)   20 :  0.012 0.983 0.005 
587   ZFTS37    (0)   20 :  0.009 0.987 0.004 
588   ZFTS38    (0)   20 :  0.015 0.980 0.005 
589   ZFTS39    (0)   20 :  0.010 0.985 0.004 
590   ZFTS40    (0)   20 :  0.032 0.954 0.014 
591 ZFTSP101    (0)   21 :  0.006 0.004 0.990 
592 ZFTSP102    (0)   21 :  0.012 0.006 0.983 
593 ZFTSP103    (0)   21 :  0.008 0.004 0.988 
594 ZFTSP104    (0)   21 :  0.004 0.003 0.993 
595 ZFTSP105    (0)   21 :  0.006 0.004 0.990 
596 ZFTSP106    (0)   21 :  0.008 0.004 0.988 
597 ZFTSP107    (0)   21 :  0.009 0.004 0.987 
598 ZFTSP108    (0)   21 :  0.010 0.003 0.987 
599 ZFTSP109    (0)   21 :  0.011 0.004 0.985 
600 ZFTSP110    (0)   21 :  0.008 0.004 0.989 
601 ZFTSP111    (0)   21 :  0.005 0.003 0.992 
602 ZFTSP112    (0)   21 :  0.007 0.005 0.988 
603 ZFTSP113    (0)   21 :  0.010 0.004 0.986 
604 ZFTSP114    (0)   21 :  0.006 0.003 0.991 
605 ZFTSP115    (0)   21 :  0.007 0.004 0.990 
606 ZFTSP116    (0)   21 :  0.007 0.004 0.989 
607 ZFTSP117    (0)   21 :  0.004 0.004 0.993 
608 ZFTSP118    (0)   21 :  0.005 0.004 0.991 
609 ZFTSP119    (0)   21 :  0.034 0.040 0.926 
610 ZFTSP120    (0)   21 :  0.004 0.005 0.991 
611 ZFTSP121    (0)   21 :  0.026 0.013 0.961 
612 ZFTSP122    (0)   21 :  0.006 0.003 0.991 
613 ZFTSP123    (0)   21 :  0.005 0.003 0.993 
614 ZFTSP124    (0)   21 :  0.006 0.003 0.991 
615 ZFTSP125    (0)   21 :  0.005 0.003 0.993 
616 ZFTSP126    (0)   21 :  0.007 0.004 0.989 
617 ZFTSP127    (0)   21 :  0.006 0.003 0.991 
618 ZFTSP128    (0)   21 :  0.007 0.003 0.990 
619 ZFTSP129    (0)   21 :  0.005 0.003 0.992 
620 ZFTSP130    (0)   21 :  0.005 0.003 0.992 
621 ZFTSP131    (0)   21 :  0.004 0.003 0.993 
622 ZFTSP132    (0)   21 :  0.006 0.005 0.989 
623 ZFTSP133    (0)   21 :  0.005 0.003 0.993 
624 ZFTSP134    (0)   21 :  0.006 0.003 0.992 
625 ZFTSP135    (0)   21 :  0.005 0.004 0.991 
626 ZFTSP136    (0)   21 :  0.004 0.004 0.992 
627 ZFTSP137    (0)   21 :  0.031 0.010 0.959 
628 ZFTSP138    (0)   21 :  0.008 0.004 0.988 
629 ZFTSP139    (0)   21 :  0.004 0.003 0.994 
630 ZFTSP140    (0)   21 :  0.015 0.005 0.980 
631 ZFTSP141    (0)   21 :  0.008 0.006 0.986 
632 ZFTSP142    (0)   21 :  0.008 0.005 0.988 
633 ZFTSP143    (0)   21 :  0.005 0.005 0.990 
634 ZFTSP144    (0)   21 :  0.007 0.006 0.987 
635 ZFTSP145    (0)   21 :  0.005 0.003 0.992 
636 ZFTSP201    (9)   22 :  0.010 0.004 0.986 
637 ZFTSP202    (0)   22 :  0.035 0.005 0.961 
638 ZFTSP203    (0)   22 :  0.005 0.004 0.991 
639 ZFTSP204    (0)   22 :  0.004 0.005 0.991 
640 ZFTSP205    (0)   22 :  0.014 0.006 0.979 
641 ZFTSP206    (0)   22 :  0.007 0.008 0.985 
642 ZFTSP207    (0)   22 :  0.005 0.007 0.988 
643 ZFTSP208    (0)   22 :  0.005 0.008 0.987 
644 ZFTSP209    (0)   22 :  0.005 0.004 0.991 
645 ZFTSP210    (0)   22 :  0.005 0.005 0.991 
646 ZFTSP211    (0)   22 :  0.010 0.006 0.984 
647 ZFTSP212    (0)   22 :  0.004 0.003 0.994 
648 ZFTSP213    (0)   22 :  0.007 0.003 0.990 
649 ZFTSP214    (0)   22 :  0.007 0.004 0.989 
650 ZFTSP215    (0)   22 :  0.007 0.004 0.989 
651 ZFTSP216    (0)   22 :  0.072 0.015 0.913 
652 ZFTSP217    (0)   22 :  0.006 0.003 0.991 
653 ZFTSP218    (0)   22 :  0.007 0.005 0.989 
654 ZFTSP219    (0)   22 :  0.009 0.007 0.984 
655 ZFTSP220    (0)   22 :  0.027 0.009 0.964 
656 ZFTSP221    (0)   22 :  0.007 0.005 0.989 
657 ZFTSP222    (0)   22 :  0.133 0.009 0.858 
658 ZFTSP223    (0)   22 :  0.004 0.003 0.993 
659 ZFTSP224    (0)   22 :  0.006 0.003 0.991 
660 ZFTSP225    (0)   22 :  0.005 0.004 0.991 
661 ZFTSP226    (0)   22 :  0.005 0.004 0.991 
662 ZFTSP227    (0)   22 :  0.021 0.005 0.974 
663 ZFTSP228    (0)   22 :  0.020 0.006 0.974 
664    ZFW01    (0)   23 :  0.005 0.989 0.006 
665    ZFW02    (0)   23 :  0.007 0.989 0.004 
666    ZFW03    (0)   23 :  0.004 0.990 0.006 
667    ZFW04    (0)   23 :  0.006 0.990 0.003 
668    ZFW05    (0)   23 :  0.124 0.841 0.034 
669    ZFW06    (0)   23 :  0.013 0.983 0.004 
670   ZFWB01    (0)   24 :  0.876 0.048 0.076 
671   ZFWB02    (0)   24 :  0.550 0.428 0.022 
672   ZFWB03    (0)   24 :  0.958 0.029 0.014 
673   ZFWB05    (0)   24 :  0.643 0.260 0.098 
674   ZFWB06    (0)   24 :  0.628 0.243 0.129 
675   ZFWB07    (0)   24 :  0.977 0.011 0.012 
676   ZFWB10    (0)   24 :  0.464 0.315 0.221 
677   ZFWB11    (0)   24 :  0.982 0.008 0.009 
678   ZFWB12    (0)   24 :  0.897 0.057 0.045 
679   ZFWB13    (9)   24 :  0.846 0.020 0.134 
680   ZFWB14    (0)   24 :  0.854 0.051 0.095 
681   ZFWB15    (9)   24 :  0.752 0.202 0.046 
682   ZFWB18    (0)   24 :  0.973 0.006 0.021 
683   ZFWB19    (0)   24 :  0.957 0.038 0.006 
684   ZFWB20    (0)   24 :  0.958 0.027 0.015 
685   ZFWB21    (0)   24 :  0.978 0.010 0.012 
686   ZFWB22    (0)   24 :  0.565 0.261 0.174 
687   ZFWB23    (0)   24 :  0.458 0.033 0.508 
688   ZFWB24    (0)   24 :  0.796 0.084 0.119 
689   ZFWB25    (0)   24 :  0.662 0.260 0.078 
690   ZFWB26    (0)   24 :  0.944 0.042 0.013 
691   ZFWB27    (0)   24 :  0.968 0.019 0.013 
692   ZFWB29    (0)   24 :  0.799 0.186 0.015 
693   ZFWB30    (0)   24 :  0.985 0.007 0.008 
694   ZFWB31    (0)   24 :  0.969 0.008 0.023 
695   ZFWB32    (9)   24 :  0.954 0.035 0.010 
696   ZFWB35    (0)   24 :  0.981 0.007 0.013 
697   ZFWB36    (0)   24 :  0.964 0.022 0.014 
698   ZFWB37    (0)   24 :  0.964 0.018 0.018 
699   ZFWB38    (0)   24 :  0.915 0.066 0.019 
700   ZFWB39    (9)   24 :  0.968 0.009 0.023 
701   ZFWB40    (0)   24 :  0.979 0.009 0.012 
702   ZFWB41    (9)   24 :  0.945 0.027 0.028 
703   ZFWB42    (0)   24 :  0.973 0.011 0.017 
704   ZFWB43    (0)   24 :  0.984 0.007 0.008 
705   ZFWB44    (0)   24 :  0.639 0.353 0.009 
706   ZFWB46    (0)   24 :  0.974 0.017 0.010 
707   ZFWB47    (9)   24 :  0.889 0.093 0.019 
708   ZFWB48    (0)   24 :  0.965 0.008 0.027 
709   ZFWB49    (0)   24 :  0.752 0.013 0.235 
710    ZCF01    (0)   25 :  0.955 0.037 0.008 
711    ZCF02    (0)   25 :  0.630 0.364 0.006 
712    ZCF03    (0)   25 :  0.978 0.016 0.006 
713    ZCF04    (0)   25 :  0.989 0.006 0.005 
714    ZCF05    (0)   25 :  0.554 0.440 0.006 
715    ZCF06    (0)   25 :  0.988 0.005 0.006 
716    ZCF07    (0)   25 :  0.900 0.092 0.008 
717    ZCF08    (0)   25 :  0.987 0.007 0.007 
718    ZCF09    (0)   25 :  0.826 0.007 0.167 
719    ZCF10    (0)   25 :  0.959 0.018 0.023 
720    ZCF11    (0)   25 :  0.960 0.029 0.011 
721    ZCF12    (0)   25 :  0.986 0.010 0.004 
722    ZCF13    (0)   25 :  0.982 0.010 0.008 
723    ZCF14    (0)   25 :  0.909 0.069 0.022 
724    ZCF15    (0)   25 :  0.987 0.008 0.004 
725    ZCF16    (0)   25 :  0.988 0.006 0.005 
726    ZCF17    (0)   25 :  0.987 0.009 0.004 
727    ZCF18    (0)   25 :  0.981 0.011 0.007 
728    ZCF19    (0)   25 :  0.966 0.030 0.004 
729    ZCF20    (0)   25 :  0.953 0.028 0.018 
730    ZCF21    (0)   25 :  0.980 0.015 0.005 
731    ZCF22    (0)   25 :  0.934 0.054 0.011 
732    ZCF23    (0)   25 :  0.959 0.031 0.011 
733    ZCF24    (0)   25 :  0.979 0.004 0.017 
734    ZCF25    (0)   25 :  0.985 0.007 0.008 
735    ZCF26    (0)   25 :  0.987 0.007 0.007 
736    ZCF27    (0)   25 :  0.983 0.012 0.004 
737    ZCF28    (0)   25 :  0.972 0.024 0.004 
738    ZCF29    (0)   25 :  0.960 0.013 0.028 
739    ZCF30    (0)   25 :  0.989 0.007 0.004 
740    ZCF31    (0)   25 :  0.974 0.021 0.006 
741    ZCF32    (0)   25 :  0.885 0.109 0.006 
742    ZCF33    (0)   25 :  0.859 0.136 0.005 
743    ZCF34    (0)   25 :  0.768 0.028 0.204 
744    ZCF35    (0)   25 :  0.986 0.006 0.009 
745    ZCF36    (0)   25 :  0.348 0.619 0.033 
746    ZCF37    (0)   25 :  0.964 0.025 0.011 
747    ZCF38    (0)   25 :  0.988 0.006 0.006 
748    ZCF39    (0)   25 :  0.114 0.020 0.866 
749    ZCF40    (0)   25 :  0.979 0.007 0.014 
750    ZCF41    (0)   25 :  0.971 0.024 0.005 
751    ZCF42    (0)   25 :  0.989 0.006 0.005 


Estimated Allele Frequencies in each cluster
First column gives estimated ancestral frequencies


Locus 1 : 
11 alleles
0.0% missing data
 206   (0.198) 0.256 0.183 0.231 
 204   (0.321) 0.588 0.555 0.663 
 222   (0.074) 0.046 0.083 0.000 
 218   (0.089) 0.012 0.111 0.063 
 216   (0.027) 0.001 0.000 0.005 
 208   (0.045) 0.004 0.000 0.025 
 224   (0.066) 0.025 0.052 0.000 
 220   (0.099) 0.060 0.013 0.012 
 230   (0.025) 0.002 0.000 0.000 
 210   (0.029) 0.004 0.000 0.000 
 202   (0.026) 0.002 0.000 0.000 

Locus 2 : 
5 alleles
0.7% missing data
 179   (0.572) 0.585 0.901 0.496 
 173   (0.309) 0.405 0.019 0.456 
 182   (0.041) 0.001 0.000 0.047 
 170   (0.041) 0.001 0.079 0.000 
 176   (0.037) 0.007 0.000 0.000 

Locus 3 : 
7 alleles
0.0% missing data
 198   (0.405) 0.450 0.663 0.515 
 207   (0.247) 0.345 0.307 0.021 
 216   (0.121) 0.140 0.001 0.172 
 195   (0.089) 0.007 0.023 0.285 
 213   (0.048) 0.001 0.005 0.007 
 210   (0.048) 0.034 0.000 0.000 
 219   (0.043) 0.023 0.000 0.000 

Locus 4 : 
7 alleles
0.0% missing data
 166   (0.308) 0.327 0.513 0.509 
 182   (0.115) 0.151 0.274 0.000 
 178   (0.234) 0.220 0.143 0.426 
 184   (0.188) 0.272 0.059 0.025 
 180   (0.049) 0.004 0.000 0.037 
 186   (0.063) 0.021 0.011 0.000 
 168   (0.044) 0.005 0.000 0.001 

Locus 5 : 
9 alleles
0.0% missing data
 215   (0.418) 0.705 0.553 0.355 
 207   (0.202) 0.159 0.089 0.487 
 225   (0.093) 0.078 0.121 0.000 
 217   (0.074) 0.023 0.230 0.000 
 211   (0.028) 0.001 0.000 0.002 
 205   (0.033) 0.001 0.000 0.088 
 189   (0.070) 0.021 0.000 0.067 
 227   (0.054) 0.011 0.005 0.000 
 223   (0.028) 0.002 0.000 0.000 

Locus 6 : 
2 alleles
1.1% missing data
 205   (0.103) 0.044 0.215 0.000 
 203   (0.897) 0.956 0.785 1.000 

Locus 7 : 
9 alleles
0.3% missing data
 187   (0.168) 0.254 0.694 0.001 
 199   (0.174) 0.138 0.099 0.016 
 189   (0.116) 0.017 0.201 0.119 
