

----------------------------------------------------
STRUCTURE by Pritchard, Stephens and Donnelly (2000)
     and Falush, Stephens and Pritchard (2003)
       Code by Pritchard, Falush and Hubisz
             Version 2.3.4 (Jul 2012)
----------------------------------------------------



Command line arguments:   bin\structure -m C:\Users\eschumacher\Documents\GitHub\GCC_QUAC_ZAIN\Data_Files\Structure_Files\ZAIN\ZAIN_rebinned_wild\50-50\mainparams -e C:\Users\eschumacher\Documents\GitHub\GCC_QUAC_ZAIN\Data_Files\Structure_Files\ZAIN\ZAIN_rebinned_wild\50-50\extraparams 
Input File:    C:\Users\eschumacher\Documents\GitHub\GCC_QUAC_ZAIN\Data_Files\Structure_Files\ZAIN\ZAIN_rebinned_wild\project_data

Run parameters:
   751 individuals
   11 loci
   9 populations assumed
   50000 Burn-in period
   50000 Reps


--------------------------------------------
Proportion of membership of each pre-defined
 population in each of the 9 clusters

Given    Inferred Clusters                                                 Number of
 Pop       1      2      3      4      5      6      7      8      9      Individuals

  1:     0.005  0.010  0.005  0.006  0.037  0.009  0.014  0.010  0.905       35
  2:     0.057  0.009  0.026  0.023  0.005  0.846  0.007  0.020  0.006       36
  3:     0.033  0.013  0.035  0.009  0.006  0.884  0.007  0.009  0.005       33
  4:     0.008  0.007  0.009  0.895  0.019  0.012  0.006  0.035  0.007       40
  5:     0.961  0.004  0.005  0.008  0.003  0.006  0.004  0.006  0.003       39
  6:     0.024  0.298  0.031  0.029  0.043  0.056  0.338  0.016  0.165       40
  7:     0.013  0.051  0.022  0.023  0.060  0.011  0.722  0.048  0.051       37
  8:     0.039  0.006  0.017  0.006  0.003  0.914  0.004  0.006  0.006       40
  9:     0.009  0.006  0.003  0.004  0.007  0.005  0.006  0.040  0.920       28
 10:     0.006  0.004  0.007  0.021  0.006  0.007  0.004  0.940  0.005       14
 11:     0.030  0.007  0.005  0.006  0.876  0.009  0.037  0.020  0.010       13
 12:     0.854  0.008  0.014  0.019  0.002  0.087  0.004  0.007  0.006       14
 13:     0.029  0.006  0.045  0.009  0.009  0.875  0.008  0.014  0.005       25
 14:     0.007  0.005  0.942  0.008  0.005  0.014  0.006  0.006  0.007       40
 15:     0.047  0.021  0.008  0.830  0.008  0.026  0.014  0.026  0.022       32
 16:     0.004  0.003  0.004  0.004  0.966  0.004  0.006  0.005  0.003       20
 17:     0.007  0.221  0.005  0.007  0.009  0.011  0.052  0.013  0.674        4
 18:     0.008  0.036  0.014  0.013  0.015  0.045  0.015  0.012  0.842       23
 19:     0.006  0.009  0.004  0.008  0.006  0.006  0.015  0.006  0.940       39
 20:     0.005  0.011  0.004  0.006  0.872  0.006  0.011  0.020  0.066       38
 21:     0.764  0.015  0.065  0.009  0.005  0.123  0.007  0.007  0.005       45
 22:     0.405  0.008  0.026  0.012  0.011  0.493  0.014  0.025  0.005       28
 23:     0.006  0.009  0.005  0.007  0.010  0.004  0.026  0.006  0.928        6
 24:     0.013  0.900  0.015  0.006  0.006  0.008  0.027  0.011  0.015       40
 25:     0.017  0.022  0.011  0.009  0.049  0.011  0.849  0.018  0.014       42
--------------------------------------------

Allele-freq. divergence among pops (Net nucleotide distance),
computed using point estimates of P.

      1       2       3       4       5       6       7       8       9      
 1      -    0.1433  0.1743  0.1472  0.2882  0.1089  0.1447  0.1855  0.2247  
 2   0.1433     -    0.1677  0.1617  0.2225  0.1501  0.0938  0.1779  0.1588  
 3   0.1743  0.1677     -    0.1966  0.3461  0.1078  0.2587  0.2786  0.3348  
 4   0.1472  0.1617  0.1966     -    0.2496  0.1959  0.1351  0.1911  0.1685  
 5   0.2882  0.2225  0.3461  0.2496     -    0.2792  0.1032  0.2233  0.1625  
 6   0.1089  0.1501  0.1078  0.1959  0.2792     -    0.1809  0.2019  0.2238  
 7   0.1447  0.0938  0.2587  0.1351  0.1032  0.1809     -    0.1548  0.0903  
 8   0.1855  0.1779  0.2786  0.1911  0.2233  0.2019  0.1548     -    0.2385  
 9   0.2247  0.1588  0.3348  0.1685  0.1625  0.2238  0.0903  0.2385     -    

Average distances (expected heterozygosity) between individuals in same cluster:
cluster  1  : 0.3951 
cluster  2  : 0.4598 
cluster  3  : 0.3684 
cluster  4  : 0.4069 
cluster  5  : 0.4253 
cluster  6  : 0.4100 
cluster  7  : 0.5568 
cluster  8  : 0.2426 
cluster  9  : 0.4679 

--------------------------------------------
Estimated Ln Prob of Data   = -13920.4
Mean value of ln likelihood = -13552.5
Variance of ln likelihood   = 735.8
Mean value of alpha         = 0.0324

Mean value of Fst_1         = 0.4768
Mean value of Fst_2         = 0.3034
Mean value of Fst_3         = 0.4399
Mean value of Fst_4         = 0.4028
Mean value of Fst_5         = 0.4181
Mean value of Fst_6         = 0.3648
Mean value of Fst_7         = 0.1166
Mean value of Fst_8         = 0.6358
Mean value of Fst_9         = 0.3568


Inferred ancestry of individuals:
        Label (%Miss) Pop:  Inferred clusters
  1    ZFB01    (0)    1 :  0.003 0.004 0.003 0.004 0.007 0.004 0.004 0.002 0.968 
  2    ZFB02    (0)    1 :  0.003 0.005 0.003 0.008 0.041 0.003 0.008 0.007 0.922 
  3    ZFB03    (0)    1 :  0.008 0.006 0.003 0.004 0.004 0.005 0.007 0.005 0.960 
  4    ZFB04    (0)    1 :  0.003 0.004 0.003 0.005 0.047 0.004 0.008 0.008 0.918 
  5    ZFB05    (0)    1 :  0.008 0.033 0.010 0.006 0.174 0.003 0.055 0.038 0.675 
  6    ZFB06    (0)    1 :  0.008 0.023 0.012 0.006 0.083 0.003 0.070 0.016 0.779 
  7    ZFB07    (9)    1 :  0.006 0.005 0.004 0.004 0.008 0.008 0.012 0.007 0.945 
  8    ZFB08    (0)    1 :  0.006 0.017 0.006 0.005 0.005 0.007 0.005 0.007 0.941 
  9    ZFB09    (0)    1 :  0.003 0.005 0.003 0.003 0.004 0.003 0.004 0.003 0.972 
 10    ZFB10    (0)    1 :  0.005 0.005 0.006 0.006 0.010 0.023 0.005 0.006 0.935 
 11    ZFB11    (0)    1 :  0.003 0.003 0.003 0.007 0.022 0.008 0.005 0.008 0.941 
 12    ZFB12    (0)    1 :  0.008 0.029 0.004 0.004 0.032 0.008 0.015 0.004 0.896 
 13    ZFB13    (0)    1 :  0.005 0.010 0.006 0.004 0.006 0.009 0.006 0.011 0.941 
 14    ZFB14    (0)    1 :  0.003 0.004 0.003 0.004 0.004 0.005 0.004 0.005 0.968 
 15    ZFB15    (0)    1 :  0.003 0.004 0.002 0.003 0.013 0.003 0.004 0.003 0.965 
 16    ZFB16    (0)    1 :  0.004 0.008 0.004 0.003 0.013 0.006 0.006 0.011 0.944 
 17    ZFB17    (0)    1 :  0.006 0.033 0.011 0.015 0.027 0.010 0.011 0.039 0.848 
 18    ZFB18    (0)    1 :  0.003 0.004 0.003 0.004 0.004 0.004 0.004 0.003 0.972 
 19    ZFB19    (0)    1 :  0.011 0.018 0.009 0.004 0.008 0.034 0.017 0.007 0.893 
 20    ZFB20    (0)    1 :  0.004 0.008 0.004 0.003 0.038 0.006 0.007 0.017 0.913 
 21    ZFB21    (0)    1 :  0.003 0.003 0.002 0.003 0.010 0.003 0.007 0.004 0.965 
 22    ZFB22    (0)    1 :  0.007 0.013 0.010 0.009 0.066 0.011 0.010 0.006 0.867 
 23    ZFB23    (0)    1 :  0.005 0.004 0.003 0.005 0.032 0.009 0.007 0.011 0.925 
 24    ZFB24    (0)    1 :  0.004 0.003 0.003 0.004 0.046 0.008 0.005 0.010 0.917 
 25    ZFB25    (0)    1 :  0.006 0.003 0.004 0.005 0.006 0.025 0.004 0.003 0.944 
 26    ZFB26    (0)    1 :  0.005 0.003 0.004 0.005 0.078 0.020 0.007 0.023 0.854 
 27    ZFB27    (0)    1 :  0.004 0.003 0.003 0.004 0.101 0.008 0.006 0.004 0.867 
 28    ZFB28    (0)    1 :  0.007 0.018 0.003 0.010 0.106 0.008 0.045 0.018 0.785 
 29    ZFB29    (0)    1 :  0.002 0.004 0.003 0.006 0.021 0.004 0.006 0.016 0.939 
 30    ZFB30    (0)    1 :  0.010 0.011 0.013 0.004 0.183 0.005 0.076 0.005 0.692 
 31    ZFB31    (0)    1 :  0.005 0.004 0.004 0.004 0.006 0.015 0.004 0.003 0.953 
 32    ZFB32    (0)    1 :  0.012 0.038 0.004 0.022 0.069 0.015 0.035 0.025 0.779 
 33    ZFB33    (0)    1 :  0.003 0.003 0.002 0.003 0.012 0.004 0.005 0.003 0.964 
 34    ZFB34    (0)    1 :  0.003 0.004 0.003 0.005 0.003 0.003 0.005 0.003 0.970 
 35    ZFB35    (0)    1 :  0.005 0.004 0.003 0.005 0.009 0.007 0.005 0.007 0.956 
 36  ZFBP101    (0)    2 :  0.109 0.013 0.047 0.074 0.006 0.618 0.009 0.113 0.011 
 37  ZFBP102    (0)    2 :  0.024 0.010 0.014 0.011 0.011 0.863 0.013 0.041 0.013 
 38  ZFBP103    (0)    2 :  0.406 0.010 0.017 0.164 0.007 0.326 0.008 0.055 0.007 
 39  ZFBP104    (0)    2 :  0.075 0.046 0.008 0.004 0.010 0.804 0.019 0.005 0.029 
 40  ZFBP105    (0)    2 :  0.018 0.006 0.005 0.005 0.004 0.943 0.006 0.007 0.006 
 41  ZFBP106    (0)    2 :  0.039 0.005 0.010 0.006 0.003 0.919 0.004 0.010 0.003 
 42  ZFBP107    (0)    2 :  0.051 0.007 0.005 0.006 0.013 0.867 0.011 0.034 0.006 
 43  ZFBP108    (0)    2 :  0.007 0.003 0.004 0.003 0.003 0.970 0.003 0.004 0.003 
 44  ZFBP109    (0)    2 :  0.007 0.004 0.006 0.004 0.002 0.964 0.005 0.004 0.004 
 45  ZFBP110    (0)    2 :  0.184 0.016 0.007 0.029 0.008 0.634 0.040 0.044 0.039 
 46  ZFBP111    (0)    2 :  0.049 0.018 0.216 0.005 0.004 0.695 0.005 0.005 0.003 
 47  ZFBP112    (0)    2 :  0.012 0.008 0.038 0.011 0.005 0.905 0.004 0.014 0.004 
 48  ZFBP113    (0)    2 :  0.006 0.006 0.004 0.003 0.003 0.967 0.004 0.004 0.003 
 49  ZFBP114    (0)    2 :  0.012 0.003 0.006 0.005 0.007 0.942 0.006 0.016 0.004 
 50  ZFBP115    (0)    2 :  0.469 0.011 0.018 0.011 0.004 0.466 0.005 0.014 0.003 
 51  ZFBP116    (0)    2 :  0.010 0.007 0.005 0.004 0.003 0.959 0.004 0.005 0.003 
 52  ZFBP117    (0)    2 :  0.008 0.004 0.007 0.007 0.002 0.960 0.004 0.004 0.003 
 53  ZFBP118    (0)    2 :  0.011 0.003 0.008 0.004 0.007 0.940 0.006 0.016 0.003 
 54  ZFBP119    (0)    2 :  0.110 0.015 0.024 0.037 0.002 0.786 0.005 0.017 0.004 
 55  ZFBP120    (0)    2 :  0.037 0.007 0.005 0.004 0.005 0.925 0.005 0.006 0.006 
 56  ZFBP121    (0)    2 :  0.008 0.004 0.004 0.008 0.003 0.955 0.005 0.008 0.006 
 57  ZFBP122    (9)    2 :  0.011 0.006 0.011 0.005 0.003 0.951 0.004 0.006 0.003 
 58  ZFBP123    (0)    2 :  0.008 0.009 0.017 0.008 0.006 0.904 0.005 0.040 0.003 
 59  ZFBP124    (0)    2 :  0.006 0.004 0.004 0.004 0.004 0.959 0.004 0.009 0.006 
 60  ZFBP125    (0)    2 :  0.020 0.004 0.015 0.006 0.003 0.942 0.003 0.006 0.002 
 61  ZFBP126    (0)    2 :  0.006 0.019 0.006 0.022 0.011 0.890 0.015 0.022 0.009 
 62  ZFBP127    (0)    2 :  0.065 0.003 0.004 0.012 0.003 0.899 0.005 0.006 0.003 
 63  ZFBP128    (0)    2 :  0.015 0.004 0.021 0.014 0.002 0.930 0.003 0.006 0.004 
 64  ZFBP129    (0)    2 :  0.006 0.005 0.126 0.009 0.003 0.833 0.006 0.008 0.005 
 65  ZFBP130    (0)    2 :  0.016 0.008 0.045 0.019 0.003 0.895 0.003 0.008 0.002 
 66  ZFBP131    (0)    2 :  0.004 0.005 0.005 0.004 0.004 0.970 0.003 0.003 0.003 
 67  ZFBP132    (0)    2 :  0.011 0.003 0.004 0.004 0.003 0.965 0.004 0.004 0.003 
 68  ZFBP133    (0)    2 :  0.004 0.006 0.169 0.007 0.002 0.803 0.002 0.003 0.003 
 69  ZFBP134    (0)    2 :  0.140 0.012 0.013 0.064 0.003 0.758 0.003 0.003 0.004 
 70  ZFBP135    (0)    2 :  0.035 0.007 0.013 0.201 0.005 0.656 0.007 0.062 0.014 
 71  ZFBP136    (0)    2 :  0.057 0.007 0.039 0.045 0.006 0.711 0.005 0.126 0.004 
 72  ZFBP201    (0)    3 :  0.011 0.007 0.004 0.005 0.006 0.951 0.006 0.006 0.005 
 73  ZFBP202    (0)    3 :  0.013 0.005 0.007 0.004 0.003 0.952 0.004 0.005 0.006 
 74  ZFBP203    (0)    3 :  0.007 0.023 0.017 0.005 0.043 0.866 0.026 0.008 0.006 
 75  ZFBP204    (0)    3 :  0.060 0.008 0.020 0.013 0.005 0.855 0.005 0.031 0.004 
 76  ZFBP205    (0)    3 :  0.004 0.006 0.012 0.007 0.005 0.949 0.004 0.011 0.003 
 77  ZFBP206    (0)    3 :  0.006 0.009 0.049 0.011 0.007 0.883 0.005 0.026 0.005 
 78  ZFBP207    (0)    3 :  0.184 0.005 0.009 0.014 0.003 0.770 0.004 0.007 0.004 
 79  ZFBP208    (0)    3 :  0.005 0.013 0.008 0.005 0.010 0.929 0.006 0.020 0.003 
 80  ZFBP209    (0)    3 :  0.004 0.005 0.088 0.008 0.002 0.884 0.003 0.003 0.003 
 81  ZFBP210    (0)    3 :  0.010 0.010 0.010 0.005 0.007 0.942 0.005 0.006 0.004 
 82  ZFBP211    (0)    3 :  0.010 0.005 0.005 0.005 0.003 0.956 0.004 0.008 0.005 
 83  ZFBP212    (0)    3 :  0.049 0.003 0.005 0.003 0.003 0.925 0.003 0.003 0.005 
 84  ZFBP213    (0)    3 :  0.009 0.009 0.013 0.010 0.005 0.915 0.006 0.026 0.008 
 85  ZFBP214    (0)    3 :  0.041 0.036 0.107 0.045 0.004 0.723 0.009 0.021 0.013 
 86  ZFBP215    (0)    3 :  0.007 0.004 0.007 0.006 0.003 0.962 0.003 0.005 0.004 
 87  ZFBP216    (0)    3 :  0.011 0.023 0.005 0.005 0.006 0.933 0.008 0.006 0.004 
 88  ZFBP217    (0)    3 :  0.073 0.024 0.245 0.008 0.004 0.626 0.008 0.005 0.008 
 89  ZFBP218    (0)    3 :  0.005 0.005 0.011 0.003 0.003 0.964 0.003 0.003 0.003 
 90  ZFBP219    (0)    3 :  0.006 0.005 0.004 0.003 0.003 0.969 0.004 0.004 0.003 
 91  ZFBP220    (0)    3 :  0.024 0.007 0.034 0.019 0.003 0.900 0.004 0.007 0.003 
 92  ZFBP221    (0)    3 :  0.021 0.006 0.008 0.003 0.003 0.950 0.003 0.003 0.003 
 93  ZFBP222    (0)    3 :  0.004 0.007 0.009 0.008 0.005 0.954 0.004 0.005 0.005 
 94  ZFBP223    (0)    3 :  0.163 0.006 0.009 0.008 0.005 0.785 0.008 0.009 0.008 
 95  ZFBP224    (0)    3 :  0.006 0.007 0.005 0.005 0.004 0.949 0.005 0.014 0.004 
 96  ZFBP225    (0)    3 :  0.106 0.015 0.356 0.012 0.008 0.479 0.011 0.009 0.003 
 97  ZFBP226    (0)    3 :  0.007 0.005 0.005 0.003 0.004 0.964 0.004 0.004 0.003 
 98  ZFBP227    (0)    3 :  0.041 0.147 0.008 0.006 0.009 0.721 0.043 0.010 0.016 
 99  ZFBP228    (0)    3 :  0.139 0.004 0.007 0.016 0.003 0.817 0.004 0.004 0.004 
100  ZFBP229    (0)    3 :  0.007 0.007 0.016 0.008 0.003 0.951 0.003 0.003 0.003 
101  ZFBP230    (0)    3 :  0.024 0.008 0.032 0.027 0.003 0.888 0.005 0.009 0.003 
102  ZFBP231    (0)    3 :  0.009 0.005 0.005 0.004 0.004 0.948 0.005 0.015 0.005 
103  ZFBP232    (0)    3 :  0.006 0.004 0.007 0.004 0.003 0.966 0.003 0.005 0.003 
104  ZFBP233    (0)    3 :  0.011 0.008 0.014 0.005 0.004 0.938 0.005 0.009 0.006 
105   ZFCC01    (0)    4 :  0.004 0.004 0.004 0.957 0.006 0.004 0.004 0.008 0.008 
106   ZFCC03    (0)    4 :  0.005 0.003 0.004 0.968 0.003 0.004 0.004 0.005 0.005 
107   ZFCC04    (0)    4 :  0.005 0.004 0.006 0.954 0.004 0.004 0.004 0.013 0.006 
108   ZFCC05    (0)    4 :  0.010 0.007 0.006 0.904 0.005 0.006 0.007 0.046 0.008 
109   ZFCC08    (0)    4 :  0.008 0.007 0.017 0.939 0.003 0.010 0.003 0.008 0.004 
110   ZFCC09    (0)    4 :  0.006 0.003 0.003 0.966 0.003 0.003 0.004 0.007 0.005 
111   ZFCC10    (0)    4 :  0.003 0.003 0.004 0.959 0.004 0.004 0.004 0.009 0.009 
112   ZFCC11    (0)    4 :  0.006 0.005 0.004 0.957 0.004 0.005 0.004 0.009 0.006 
113   ZFCC12    (0)    4 :  0.007 0.008 0.005 0.838 0.068 0.006 0.017 0.031 0.020 
114   ZFCC13    (0)    4 :  0.011 0.009 0.008 0.938 0.007 0.009 0.006 0.008 0.004 
115   ZFCC14    (0)    4 :  0.004 0.004 0.007 0.931 0.006 0.008 0.005 0.026 0.010 
116   ZFCC15    (0)    4 :  0.005 0.008 0.004 0.959 0.005 0.004 0.005 0.006 0.004 
117   ZFCC16    (0)    4 :  0.003 0.005 0.004 0.954 0.005 0.003 0.004 0.016 0.005 
118   ZFCC17    (0)    4 :  0.005 0.004 0.003 0.916 0.013 0.003 0.006 0.044 0.006 
119   ZFCC18    (0)    4 :  0.006 0.004 0.005 0.959 0.004 0.004 0.004 0.008 0.006 
120   ZFCC19    (0)    4 :  0.003 0.007 0.003 0.955 0.009 0.003 0.006 0.010 0.004 
121   ZFCC20    (0)    4 :  0.007 0.007 0.005 0.954 0.004 0.004 0.004 0.011 0.005 
122   ZFCC21    (0)    4 :  0.007 0.054 0.034 0.845 0.007 0.029 0.006 0.012 0.007 
123   ZFCC22    (0)    4 :  0.019 0.008 0.055 0.690 0.005 0.200 0.004 0.012 0.006 
124   ZFCC26    (0)    4 :  0.004 0.004 0.004 0.963 0.004 0.003 0.004 0.009 0.005 
125   ZFCC27    (0)    4 :  0.005 0.004 0.004 0.970 0.003 0.003 0.003 0.005 0.003 
126   ZFCC29    (0)    4 :  0.006 0.009 0.005 0.939 0.006 0.004 0.004 0.019 0.008 
127   ZFCC30    (0)    4 :  0.006 0.004 0.005 0.964 0.003 0.004 0.004 0.007 0.003 
128   ZFCC32    (0)    4 :  0.006 0.011 0.006 0.943 0.009 0.004 0.005 0.010 0.005 
129   ZFCC33    (0)    4 :  0.006 0.005 0.005 0.599 0.005 0.004 0.009 0.358 0.010 
130   ZFCC34    (0)    4 :  0.061 0.007 0.019 0.748 0.018 0.061 0.006 0.055 0.025 
131   ZFCC35    (0)    4 :  0.004 0.003 0.004 0.968 0.003 0.003 0.003 0.008 0.003 
132   ZFCC36    (0)    4 :  0.006 0.016 0.009 0.928 0.012 0.008 0.006 0.011 0.004 
133   ZFCC37    (0)    4 :  0.008 0.010 0.005 0.846 0.054 0.009 0.019 0.027 0.021 
134   ZFCC40    (0)    4 :  0.003 0.003 0.004 0.952 0.008 0.006 0.004 0.014 0.006 
135   ZFCC42    (0)    4 :  0.028 0.005 0.008 0.073 0.404 0.005 0.017 0.446 0.015 
136   ZFCC44    (0)    4 :  0.006 0.003 0.003 0.958 0.005 0.003 0.004 0.016 0.003 
137   ZFCC45    (9)    4 :  0.006 0.007 0.004 0.882 0.018 0.005 0.018 0.046 0.014 
138   ZFCC46    (0)    4 :  0.020 0.007 0.031 0.907 0.004 0.011 0.004 0.014 0.003 
139   ZFCC47    (0)    4 :  0.008 0.005 0.007 0.913 0.034 0.005 0.006 0.009 0.015 
140   ZFCC48    (0)    4 :  0.007 0.012 0.035 0.894 0.004 0.023 0.004 0.015 0.005 
141   ZFCC50    (0)    4 :  0.003 0.004 0.003 0.965 0.005 0.003 0.004 0.009 0.004 
142   ZFCC51    (0)    4 :  0.005 0.003 0.003 0.971 0.003 0.003 0.003 0.004 0.004 
143   ZFCC52    (0)    4 :  0.009 0.007 0.015 0.901 0.007 0.013 0.005 0.038 0.004 
144   ZFCC53    (0)    4 :  0.004 0.003 0.003 0.971 0.003 0.003 0.003 0.005 0.004 
145  ZFCNS01    (0)    5 :  0.957 0.010 0.003 0.006 0.006 0.005 0.008 0.004 0.003 
146  ZFCNS02    (0)    5 :  0.966 0.003 0.005 0.008 0.003 0.004 0.003 0.005 0.003 
147  ZFCNS05    (0)    5 :  0.957 0.004 0.005 0.010 0.003 0.006 0.003 0.006 0.005 
148  ZFCNS06    (0)    5 :  0.962 0.003 0.006 0.010 0.003 0.005 0.003 0.005 0.004 
149  ZFCNS07    (0)    5 :  0.954 0.004 0.013 0.005 0.003 0.010 0.003 0.004 0.004 
150  ZFCNS10    (0)    5 :  0.971 0.003 0.005 0.004 0.002 0.004 0.003 0.003 0.003 
151  ZFCNS11    (0)    5 :  0.966 0.006 0.004 0.005 0.004 0.004 0.005 0.004 0.003 
152  ZFCNS15    (0)    5 :  0.963 0.003 0.005 0.003 0.003 0.011 0.003 0.005 0.004 
153  ZFCNS17    (0)    5 :  0.961 0.003 0.005 0.012 0.002 0.005 0.003 0.006 0.003 
154  ZFCNS18    (0)    5 :  0.971 0.003 0.004 0.006 0.003 0.005 0.003 0.004 0.003 
155  ZFCNS19    (0)    5 :  0.968 0.004 0.004 0.007 0.003 0.003 0.003 0.004 0.004 
156  ZFCNS20    (0)    5 :  0.950 0.004 0.012 0.007 0.003 0.010 0.004 0.007 0.003 
157  ZFCNS21    (0)    5 :  0.971 0.003 0.003 0.007 0.002 0.003 0.003 0.005 0.003 
158  ZFCNS22    (0)    5 :  0.956 0.004 0.006 0.006 0.003 0.011 0.003 0.007 0.005 
159  ZFCNS23    (0)    5 :  0.902 0.010 0.012 0.019 0.010 0.006 0.008 0.027 0.005 
160  ZFCNS24    (0)    5 :  0.953 0.003 0.005 0.016 0.002 0.004 0.003 0.010 0.003 
161  ZFCNS25    (0)    5 :  0.956 0.004 0.007 0.008 0.003 0.008 0.003 0.008 0.003 
162  ZFCNS26    (0)    5 :  0.971 0.003 0.004 0.003 0.002 0.005 0.003 0.003 0.004 
163  ZFCNS27    (0)    5 :  0.952 0.003 0.007 0.004 0.003 0.019 0.004 0.006 0.003 
164  ZFCNS28    (0)    5 :  0.967 0.003 0.005 0.006 0.002 0.005 0.003 0.004 0.004 
165  ZFCNS29    (0)    5 :  0.956 0.004 0.005 0.010 0.003 0.007 0.004 0.008 0.004 
166  ZFCNS30    (0)    5 :  0.965 0.004 0.003 0.008 0.003 0.004 0.004 0.005 0.004 
167  ZFCNS31    (0)    5 :  0.970 0.004 0.005 0.004 0.003 0.004 0.003 0.004 0.003 
168  ZFCNS32    (0)    5 :  0.966 0.004 0.005 0.006 0.003 0.005 0.003 0.005 0.004 
169  ZFCNS33    (0)    5 :  0.971 0.004 0.004 0.005 0.002 0.003 0.003 0.004 0.004 
170  ZFCNS34    (0)    5 :  0.947 0.004 0.005 0.021 0.003 0.005 0.004 0.008 0.004 
171  ZFCNS35    (0)    5 :  0.969 0.004 0.004 0.006 0.003 0.004 0.003 0.003 0.005 
172  ZFCNS36    (0)    5 :  0.937 0.004 0.007 0.029 0.003 0.005 0.003 0.010 0.003 
173  ZFCNS37    (0)    5 :  0.968 0.004 0.003 0.005 0.002 0.004 0.004 0.006 0.004 
174  ZFCNS39    (0)    5 :  0.968 0.004 0.006 0.007 0.002 0.004 0.003 0.004 0.002 
175  ZFCNS40    (0)    5 :  0.937 0.005 0.014 0.023 0.003 0.005 0.003 0.008 0.003 
176  ZFCNS41    (0)    5 :  0.946 0.008 0.004 0.009 0.004 0.010 0.006 0.007 0.005 
177  ZFCNS42    (0)    5 :  0.971 0.003 0.004 0.004 0.002 0.005 0.004 0.004 0.003 
178  ZFCNS43    (0)    5 :  0.968 0.003 0.003 0.008 0.002 0.003 0.003 0.005 0.003 
179  ZFCNS44    (0)    5 :  0.973 0.003 0.003 0.005 0.003 0.004 0.003 0.004 0.003 
180  ZFCNS46    (0)    5 :  0.964 0.004 0.004 0.005 0.003 0.006 0.004 0.007 0.003 
181  ZFCNS47    (0)    5 :  0.970 0.003 0.003 0.006 0.003 0.004 0.003 0.004 0.003 
182  ZFCNS48    (0)    5 :  0.968 0.004 0.004 0.005 0.003 0.005 0.003 0.005 0.003 
183  ZFCNS49    (0)    5 :  0.972 0.003 0.003 0.003 0.002 0.007 0.003 0.003 0.003 
184   ZFCR01    (0)    6 :  0.004 0.008 0.018 0.030 0.018 0.029 0.698 0.003 0.192 
185   ZFCR02    (0)    6 :  0.011 0.126 0.036 0.043 0.018 0.033 0.470 0.024 0.240 
186   ZFCR03    (0)    6 :  0.006 0.280 0.025 0.032 0.110 0.047 0.065 0.075 0.359 
187   ZFCR04    (0)    6 :  0.025 0.034 0.041 0.022 0.032 0.026 0.094 0.009 0.717 
188   ZFCR05    (0)    6 :  0.005 0.325 0.007 0.074 0.024 0.007 0.352 0.006 0.200 
189   ZFCR06    (0)    6 :  0.113 0.065 0.043 0.034 0.008 0.114 0.474 0.007 0.141 
190   ZFCR07    (0)    6 :  0.053 0.494 0.003 0.012 0.012 0.011 0.327 0.048 0.039 
191   ZFCR08    (0)    6 :  0.008 0.007 0.023 0.078 0.042 0.023 0.725 0.035 0.059 
192   ZFCR09    (0)    6 :  0.059 0.044 0.019 0.052 0.461 0.208 0.039 0.012 0.107 
193   ZFCR11    (0)    6 :  0.077 0.289 0.003 0.018 0.022 0.042 0.300 0.005 0.245 
194   ZFCR12    (0)    6 :  0.176 0.467 0.026 0.015 0.005 0.024 0.259 0.009 0.019 
195   ZFCR13    (0)    6 :  0.010 0.510 0.006 0.007 0.004 0.089 0.353 0.007 0.013 
196   ZFCR14    (0)    6 :  0.008 0.492 0.036 0.019 0.009 0.011 0.319 0.009 0.097 
197   ZFCR15    (0)    6 :  0.008 0.115 0.121 0.019 0.012 0.029 0.398 0.018 0.279 
198   ZFCR16    (0)    6 :  0.005 0.090 0.078 0.012 0.006 0.028 0.537 0.005 0.239 
199   ZFCR18    (0)    6 :  0.014 0.015 0.017 0.038 0.005 0.025 0.036 0.086 0.764 
200   ZFCR19    (0)    6 :  0.007 0.184 0.283 0.021 0.143 0.028 0.067 0.007 0.261 
201   ZFCR20    (0)    6 :  0.009 0.186 0.016 0.012 0.031 0.112 0.103 0.039 0.492 
202   ZFCR21    (0)    6 :  0.005 0.577 0.016 0.030 0.005 0.011 0.321 0.007 0.029 
203   ZFCR22    (0)    6 :  0.004 0.755 0.016 0.004 0.006 0.009 0.190 0.006 0.010 
204   ZFCR23    (0)    6 :  0.017 0.404 0.007 0.004 0.035 0.204 0.295 0.004 0.030 
205   ZFCR24    (9)    6 :  0.007 0.229 0.008 0.009 0.026 0.505 0.095 0.011 0.110 
206   ZFCR25    (0)    6 :  0.003 0.555 0.003 0.010 0.011 0.004 0.372 0.008 0.034 
207   ZFCR26    (0)    6 :  0.007 0.792 0.019 0.025 0.094 0.016 0.031 0.010 0.006 
208   ZFCR27    (9)    6 :  0.003 0.049 0.003 0.006 0.020 0.004 0.876 0.003 0.036 
209   ZFCR28    (0)    6 :  0.028 0.010 0.135 0.011 0.005 0.183 0.613 0.006 0.008 
210   ZFCR29    (0)    6 :  0.004 0.778 0.005 0.009 0.009 0.011 0.068 0.005 0.112 
211   ZFCR30    (0)    6 :  0.005 0.754 0.005 0.005 0.011 0.005 0.194 0.006 0.016 
212   ZFCR31    (0)    6 :  0.099 0.137 0.041 0.018 0.099 0.127 0.076 0.033 0.371 
213   ZFCR33    (0)    6 :  0.009 0.022 0.009 0.031 0.024 0.009 0.874 0.009 0.014 
214   ZFCR34    (0)    6 :  0.029 0.545 0.018 0.028 0.041 0.043 0.218 0.005 0.073 
215   ZFCR35    (0)    6 :  0.012 0.030 0.009 0.031 0.013 0.010 0.065 0.011 0.818 
216   ZFCR36    (0)    6 :  0.011 0.519 0.005 0.011 0.043 0.008 0.185 0.005 0.212 
217   ZFCR37    (0)    6 :  0.004 0.669 0.004 0.061 0.030 0.004 0.152 0.019 0.056 
218   ZFCR38    (0)    6 :  0.009 0.027 0.011 0.039 0.027 0.007 0.851 0.009 0.018 
219   ZFCR39    (0)    6 :  0.007 0.012 0.042 0.096 0.153 0.049 0.588 0.037 0.016 
220   ZFCR40    (0)    6 :  0.008 0.089 0.005 0.034 0.046 0.012 0.780 0.006 0.019 
221   ZFCR41    (0)    6 :  0.063 0.483 0.022 0.092 0.004 0.012 0.295 0.007 0.022 
222   ZFCR42    (0)    6 :  0.019 0.415 0.031 0.059 0.031 0.033 0.382 0.012 0.019 
223   ZFCR43    (0)    6 :  0.006 0.356 0.007 0.006 0.007 0.105 0.398 0.005 0.110 
224  ZFENP25    (0)    7 :  0.004 0.007 0.011 0.019 0.005 0.009 0.916 0.006 0.023 
225  ZFENP26    (0)    7 :  0.004 0.005 0.003 0.004 0.008 0.003 0.963 0.005 0.006 
226  ZFENP27    (0)    7 :  0.066 0.008 0.014 0.235 0.035 0.020 0.462 0.046 0.113 
227  ZFENP28    (0)    7 :  0.007 0.010 0.005 0.011 0.013 0.004 0.931 0.004 0.014 
228  ZFENP29    (0)    7 :  0.005 0.010 0.003 0.008 0.005 0.004 0.954 0.006 0.005 
229  ZFENP30    (0)    7 :  0.007 0.011 0.008 0.031 0.015 0.006 0.813 0.103 0.008 
230  ZFENP31    (0)    7 :  0.006 0.007 0.004 0.017 0.431 0.005 0.152 0.362 0.017 
231  ZFENP32    (0)    7 :  0.046 0.016 0.006 0.017 0.268 0.026 0.267 0.113 0.242 
232  ZFENP33    (0)    7 :  0.005 0.040 0.003 0.005 0.014 0.007 0.863 0.035 0.028 
233  ZFENP34    (0)    7 :  0.011 0.009 0.005 0.022 0.014 0.008 0.466 0.051 0.415 
234  ZFENP35    (0)    7 :  0.019 0.007 0.005 0.005 0.029 0.009 0.908 0.008 0.010 
235  ZFENP36    (0)    7 :  0.006 0.009 0.002 0.003 0.013 0.003 0.949 0.008 0.007 
236  ZFENP37    (0)    7 :  0.011 0.030 0.004 0.010 0.027 0.009 0.819 0.009 0.081 
237  ZFENP38    (0)    7 :  0.014 0.390 0.005 0.020 0.025 0.007 0.506 0.017 0.017 
238  ZFENP39    (0)    7 :  0.004 0.013 0.003 0.010 0.013 0.004 0.930 0.005 0.018 
239  ZFENP40    (0)    7 :  0.006 0.007 0.004 0.008 0.027 0.009 0.901 0.014 0.025 
240  ZFENP41    (0)    7 :  0.008 0.006 0.007 0.041 0.012 0.005 0.867 0.038 0.015 
241  ZFENP42    (0)    7 :  0.004 0.037 0.005 0.006 0.121 0.003 0.810 0.010 0.003 
242  ZFENP43    (0)    7 :  0.053 0.084 0.006 0.037 0.021 0.009 0.768 0.009 0.014 
243  ZFENP44    (0)    7 :  0.017 0.020 0.003 0.015 0.071 0.007 0.833 0.024 0.008 
244  ZFENP45    (0)    7 :  0.012 0.045 0.322 0.019 0.092 0.025 0.455 0.020 0.009 
245  ZFENP46    (0)    7 :  0.016 0.060 0.004 0.003 0.023 0.016 0.853 0.011 0.014 
246  ZFENP47    (0)    7 :  0.005 0.007 0.131 0.082 0.297 0.016 0.408 0.016 0.037 
247  ZFENP48    (0)    7 :  0.009 0.021 0.018 0.030 0.019 0.019 0.177 0.234 0.475 
248  ZFENP49    (0)    7 :  0.007 0.015 0.018 0.012 0.013 0.018 0.689 0.185 0.042 
249  ZFENP50    (0)    7 :  0.008 0.077 0.008 0.004 0.031 0.028 0.833 0.005 0.006 
250  ZFENP51    (0)    7 :  0.006 0.024 0.046 0.008 0.388 0.004 0.462 0.038 0.025 
251  ZFENP52    (0)    7 :  0.014 0.011 0.004 0.009 0.008 0.005 0.939 0.006 0.003 
252  ZFENP53    (0)    7 :  0.015 0.023 0.025 0.010 0.016 0.031 0.863 0.009 0.008 
253  ZFENP54    (0)    7 :  0.009 0.032 0.010 0.022 0.008 0.044 0.822 0.028 0.025 
254  ZFENP55    (0)    7 :  0.005 0.631 0.004 0.003 0.019 0.005 0.269 0.010 0.055 
255  ZFENP56    (0)    7 :  0.012 0.110 0.005 0.007 0.016 0.004 0.822 0.013 0.012 
256  ZFENP57    (0)    7 :  0.010 0.021 0.002 0.004 0.064 0.005 0.863 0.014 0.017 
257  ZFENP58    (0)    7 :  0.018 0.053 0.107 0.022 0.011 0.008 0.498 0.270 0.012 
258  ZFENP59    (0)    7 :  0.005 0.010 0.004 0.047 0.026 0.005 0.864 0.028 0.010 
259  ZFENP60    (0)    7 :  0.008 0.012 0.012 0.012 0.013 0.010 0.883 0.006 0.043 
260  ZFENP61    (0)    7 :  0.004 0.010 0.003 0.012 0.008 0.003 0.933 0.007 0.020 
261 ZFFDSP01    (0)    8 :  0.027 0.007 0.019 0.005 0.003 0.928 0.003 0.004 0.005 
262 ZFFDSP02    (0)    8 :  0.006 0.004 0.006 0.005 0.002 0.967 0.003 0.003 0.003 
263 ZFFDSP04    (0)    8 :  0.005 0.005 0.012 0.004 0.002 0.961 0.002 0.003 0.005 
264 ZFFDSP05    (0)    8 :  0.016 0.007 0.009 0.005 0.003 0.949 0.004 0.003 0.003 
265 ZFFDSP06    (0)    8 :  0.005 0.005 0.012 0.006 0.002 0.961 0.002 0.003 0.003 
266 ZFFDSP07    (0)    8 :  0.006 0.009 0.027 0.011 0.004 0.909 0.005 0.024 0.003 
267 ZFFDSP08    (0)    8 :  0.022 0.010 0.073 0.011 0.004 0.843 0.004 0.029 0.003 
268 ZFFDSP10    (0)    8 :  0.010 0.007 0.010 0.004 0.003 0.950 0.004 0.007 0.004 
269 ZFFDSP11    (0)    8 :  0.005 0.007 0.009 0.005 0.003 0.961 0.003 0.003 0.004 
270 ZFFDSP12    (0)    8 :  0.006 0.004 0.009 0.003 0.002 0.965 0.003 0.005 0.003 
271 ZFFDSP13    (0)    8 :  0.416 0.011 0.006 0.016 0.004 0.527 0.007 0.008 0.004 
272 ZFFDSP14    (0)    8 :  0.005 0.005 0.020 0.007 0.003 0.945 0.004 0.007 0.004 
273 ZFFDSP16    (0)    8 :  0.012 0.008 0.004 0.007 0.003 0.948 0.007 0.004 0.006 
274 ZFFDSP17    (0)    8 :  0.008 0.006 0.010 0.005 0.003 0.956 0.004 0.004 0.004 
275 ZFFDSP18    (0)    8 :  0.006 0.004 0.016 0.007 0.002 0.952 0.003 0.003 0.007 
276 ZFFDSP19    (0)    8 :  0.063 0.004 0.023 0.020 0.003 0.874 0.003 0.004 0.006 
277 ZFFDSP21    (0)    8 :  0.102 0.004 0.006 0.016 0.002 0.859 0.003 0.004 0.003 
278 ZFFDSP22    (0)    8 :  0.006 0.006 0.077 0.006 0.002 0.893 0.003 0.004 0.003 
279 ZFFDSP23    (0)    8 :  0.025 0.005 0.132 0.005 0.002 0.821 0.003 0.003 0.003 
280 ZFFDSP24    (0)    8 :  0.044 0.006 0.007 0.005 0.002 0.922 0.003 0.005 0.006 
281 ZFFDSP26    (9)    8 :  0.015 0.005 0.015 0.005 0.003 0.946 0.003 0.004 0.004 
282 ZFFDSP27    (0)    8 :  0.013 0.004 0.007 0.004 0.003 0.958 0.003 0.003 0.005 
283 ZFFDSP28    (0)    8 :  0.011 0.017 0.007 0.010 0.016 0.867 0.010 0.023 0.041 
284 ZFFDSP30    (0)    8 :  0.229 0.009 0.009 0.007 0.006 0.703 0.004 0.008 0.024 
285 ZFFDSP31    (0)    8 :  0.011 0.005 0.005 0.006 0.002 0.958 0.004 0.005 0.005 
286 ZFFDSP32    (0)    8 :  0.007 0.004 0.006 0.003 0.003 0.966 0.003 0.004 0.003 
287 ZFFDSP33    (0)    8 :  0.007 0.003 0.006 0.003 0.003 0.969 0.003 0.003 0.003 
288 ZFFDSP34    (0)    8 :  0.008 0.005 0.011 0.007 0.002 0.956 0.003 0.004 0.004 
289 ZFFDSP35    (0)    8 :  0.012 0.005 0.008 0.004 0.002 0.956 0.003 0.004 0.005 
290 ZFFDSP37    (0)    8 :  0.009 0.004 0.004 0.004 0.002 0.965 0.003 0.004 0.004 
291 ZFFDSP38    (0)    8 :  0.008 0.004 0.005 0.004 0.003 0.965 0.003 0.004 0.004 
292 ZFFDSP39    (0)    8 :  0.048 0.003 0.009 0.003 0.002 0.925 0.003 0.003 0.003 
293 ZFFDSP40    (0)    8 :  0.028 0.004 0.005 0.003 0.002 0.946 0.003 0.004 0.005 
294 ZFFDSP42    (0)    8 :  0.027 0.005 0.060 0.006 0.002 0.889 0.003 0.003 0.004 
295 ZFFDSP43    (0)    8 :  0.017 0.004 0.009 0.004 0.002 0.955 0.003 0.003 0.004 
296 ZFFDSP44    (0)    8 :  0.025 0.005 0.006 0.003 0.003 0.944 0.003 0.005 0.005 
297 ZFFDSP45    (0)    8 :  0.012 0.005 0.005 0.005 0.002 0.959 0.003 0.004 0.005 
298 ZFFDSP46    (0)    8 :  0.017 0.005 0.008 0.005 0.002 0.951 0.003 0.004 0.004 
299 ZFFDSP47    (0)    8 :  0.163 0.006 0.014 0.004 0.003 0.799 0.003 0.005 0.004 
300 ZFFDSP48    (0)    8 :  0.094 0.005 0.006 0.004 0.002 0.877 0.003 0.004 0.004 
301    ZFI01    (0)    9 :  0.007 0.007 0.003 0.007 0.023 0.004 0.007 0.010 0.931 
302    ZFI02    (0)    9 :  0.006 0.006 0.004 0.004 0.011 0.005 0.005 0.004 0.955 
303    ZFI03    (0)    9 :  0.006 0.006 0.003 0.005 0.005 0.003 0.004 0.005 0.962 
304    ZFI04    (0)    9 :  0.005 0.006 0.004 0.005 0.016 0.004 0.006 0.005 0.950 
305    ZFI05    (0)    9 :  0.013 0.005 0.003 0.004 0.006 0.004 0.007 0.008 0.950 
306    ZFI06    (0)    9 :  0.040 0.005 0.003 0.003 0.011 0.010 0.011 0.007 0.911 
307    ZFI07    (0)    9 :  0.005 0.005 0.002 0.004 0.005 0.004 0.005 0.006 0.963 
308    ZFI08    (0)    9 :  0.004 0.010 0.003 0.005 0.009 0.003 0.008 0.005 0.954 
309    ZFI09    (0)    9 :  0.006 0.004 0.003 0.004 0.009 0.004 0.008 0.005 0.959 
310    ZFI10    (0)    9 :  0.023 0.007 0.004 0.004 0.011 0.005 0.008 0.005 0.932 
311    ZFI11    (0)    9 :  0.005 0.005 0.003 0.004 0.013 0.003 0.006 0.007 0.953 
312    ZFI12    (0)    9 :  0.009 0.008 0.003 0.006 0.004 0.004 0.005 0.005 0.956 
313    ZFI13    (0)    9 :  0.005 0.006 0.002 0.005 0.006 0.004 0.007 0.014 0.951 
314    ZFI14    (0)    9 :  0.008 0.004 0.003 0.004 0.005 0.010 0.004 0.005 0.956 
315    ZFI15    (0)    9 :  0.004 0.004 0.002 0.004 0.004 0.004 0.005 0.005 0.968 
316    ZFI16    (0)    9 :  0.005 0.004 0.002 0.004 0.003 0.003 0.004 0.003 0.972 
317    ZFI17    (0)    9 :  0.007 0.006 0.003 0.004 0.007 0.004 0.007 0.005 0.957 
318    ZFI18    (0)    9 :  0.006 0.004 0.002 0.003 0.007 0.003 0.007 0.004 0.964 
319    ZFI19    (9)    9 :  0.005 0.006 0.002 0.003 0.004 0.003 0.005 0.007 0.964 
320    ZFI20    (0)    9 :  0.006 0.006 0.003 0.003 0.004 0.005 0.004 0.003 0.965 
321    ZFI21    (0)    9 :  0.017 0.004 0.003 0.004 0.005 0.014 0.003 0.004 0.945 
322    ZFI22    (0)    9 :  0.004 0.005 0.004 0.006 0.008 0.005 0.005 0.004 0.960 
323    ZFI23    (0)    9 :  0.005 0.005 0.002 0.004 0.004 0.003 0.005 0.004 0.967 
324    ZFI24    (0)    9 :  0.008 0.008 0.003 0.006 0.004 0.004 0.005 0.006 0.956 
325    ZFI25    (0)    9 :  0.004 0.005 0.004 0.006 0.004 0.005 0.006 0.004 0.961 
326    ZFI26    (0)    9 :  0.004 0.005 0.003 0.006 0.004 0.004 0.006 0.007 0.961 
327    ZFI27    (0)    9 :  0.021 0.008 0.003 0.005 0.004 0.005 0.006 0.011 0.937 
328    ZFK01    (0)    9 :  0.005 0.003 0.003 0.006 0.003 0.003 0.003 0.971 0.003 
329    ZFK02    (0)   10 :  0.006 0.004 0.004 0.005 0.003 0.004 0.003 0.970 0.003 
330    ZFK03    (0)   10 :  0.004 0.003 0.003 0.005 0.003 0.003 0.003 0.972 0.003 
331    ZFK04    (0)   10 :  0.003 0.003 0.003 0.004 0.004 0.003 0.003 0.973 0.004 
332    ZFK05    (0)   10 :  0.003 0.003 0.003 0.008 0.011 0.003 0.005 0.956 0.008 
333    ZFK06    (0)   10 :  0.004 0.004 0.003 0.011 0.006 0.003 0.006 0.955 0.009 
334    ZFK07    (0)   10 :  0.005 0.005 0.005 0.005 0.003 0.004 0.003 0.967 0.002 
335    ZFK08    (0)   10 :  0.003 0.005 0.003 0.005 0.005 0.003 0.004 0.969 0.004 
336    ZFK10    (0)   10 :  0.003 0.003 0.003 0.004 0.004 0.003 0.004 0.972 0.004 
337    ZFK11    (0)   10 :  0.004 0.003 0.003 0.010 0.009 0.003 0.007 0.956 0.006 
338    ZFK12    (0)   10 :  0.006 0.008 0.008 0.007 0.003 0.005 0.003 0.956 0.003 
339    ZFK13    (0)   10 :  0.011 0.005 0.010 0.008 0.007 0.022 0.004 0.931 0.003 
340    ZFK14    (0)   10 :  0.026 0.009 0.037 0.204 0.018 0.021 0.007 0.670 0.008 
341    ZFK15    (0)   10 :  0.008 0.003 0.004 0.006 0.011 0.015 0.004 0.944 0.004 
342    ZFK16    (0)   10 :  0.005 0.005 0.006 0.006 0.003 0.005 0.003 0.964 0.002 
343   ZFLB01    (0)   11 :  0.007 0.004 0.004 0.003 0.954 0.009 0.006 0.006 0.007 
344   ZFLB02    (0)   11 :  0.004 0.010 0.005 0.003 0.833 0.004 0.107 0.004 0.029 
345   ZFLB03    (0)   11 :  0.033 0.009 0.006 0.005 0.801 0.006 0.113 0.015 0.011 
346   ZFLB04    (0)   11 :  0.185 0.005 0.006 0.007 0.739 0.024 0.009 0.012 0.013 
347   ZFLB05    (0)   11 :  0.013 0.005 0.003 0.003 0.947 0.006 0.007 0.008 0.010 
348   ZFLB06    (0)   11 :  0.006 0.004 0.004 0.007 0.923 0.007 0.009 0.037 0.004 
349   ZFLB07    (0)   11 :  0.108 0.016 0.011 0.013 0.617 0.023 0.088 0.120 0.005 
350   ZFLB08    (0)   11 :  0.007 0.012 0.005 0.004 0.874 0.005 0.064 0.008 0.023 
351   ZFLB09    (9)   11 :  0.004 0.004 0.003 0.005 0.957 0.005 0.007 0.010 0.005 
352   ZFLB10    (0)   11 :  0.006 0.003 0.002 0.003 0.966 0.004 0.005 0.005 0.004 
353   ZFLB11    (0)   11 :  0.006 0.006 0.009 0.011 0.929 0.006 0.007 0.023 0.003 
354   ZFLB12    (0)   11 :  0.003 0.003 0.002 0.004 0.964 0.003 0.007 0.007 0.005 
355   ZFLB13    (0)   11 :  0.013 0.013 0.005 0.011 0.879 0.010 0.053 0.011 0.005 
356  ZFLTI01    (0)   12 :  0.698 0.016 0.031 0.067 0.002 0.169 0.005 0.008 0.005 
357  ZFLTI02    (0)   12 :  0.887 0.008 0.016 0.044 0.002 0.026 0.004 0.007 0.006 
358  ZFLTI03    (0)   12 :  0.934 0.006 0.015 0.008 0.002 0.022 0.003 0.005 0.004 
359  ZFLTI04    (0)   12 :  0.923 0.010 0.008 0.008 0.003 0.025 0.004 0.013 0.006 
360  ZFLTI05    (0)   12 :  0.948 0.005 0.006 0.005 0.002 0.021 0.003 0.006 0.004 
361  ZFLTI06    (0)   12 :  0.780 0.006 0.027 0.008 0.002 0.165 0.003 0.004 0.005 
362  ZFLTI07    (0)   12 :  0.820 0.008 0.007 0.009 0.003 0.135 0.005 0.006 0.007 
363  ZFLTI08    (0)   12 :  0.948 0.007 0.005 0.006 0.002 0.013 0.004 0.005 0.008 
364  ZFLTI09    (0)   12 :  0.832 0.006 0.006 0.007 0.003 0.126 0.003 0.006 0.010 
365  ZFLTI10    (0)   12 :  0.588 0.006 0.007 0.020 0.002 0.359 0.004 0.006 0.006 
366  ZFLTI11    (0)   12 :  0.891 0.005 0.025 0.006 0.003 0.058 0.003 0.005 0.005 
367  ZFLTI12    (0)   12 :  0.854 0.007 0.026 0.023 0.002 0.072 0.004 0.006 0.005 
368  ZFLTI13    (0)   12 :  0.932 0.010 0.013 0.015 0.002 0.011 0.004 0.007 0.004 
369  ZFLTI14    (0)   12 :  0.916 0.005 0.005 0.037 0.002 0.018 0.004 0.008 0.006 
370 ZFONF101    (0)   13 :  0.004 0.003 0.007 0.002 0.002 0.974 0.002 0.002 0.003 
371 ZFONF102    (0)   13 :  0.004 0.005 0.029 0.003 0.012 0.931 0.008 0.003 0.005 
372 ZFONF103    (0)   13 :  0.064 0.008 0.020 0.013 0.003 0.862 0.006 0.019 0.004 
373 ZFONF104    (0)   13 :  0.005 0.002 0.026 0.005 0.002 0.953 0.002 0.003 0.002 
374 ZFONF105    (0)   13 :  0.023 0.004 0.148 0.005 0.003 0.804 0.004 0.006 0.003 
375 ZFONF106    (0)   13 :  0.005 0.002 0.007 0.004 0.002 0.970 0.003 0.003 0.004 
376 ZFONF107    (0)   13 :  0.014 0.006 0.009 0.011 0.047 0.811 0.046 0.037 0.019 
377 ZFONF108    (0)   13 :  0.020 0.004 0.011 0.012 0.008 0.885 0.008 0.047 0.006 
378 ZFONF109    (9)   13 :  0.013 0.004 0.036 0.015 0.006 0.896 0.004 0.019 0.007 
379 ZFONF110    (0)   13 :  0.007 0.003 0.015 0.005 0.002 0.961 0.002 0.003 0.002 
380 ZFONF111    (0)   13 :  0.013 0.021 0.017 0.011 0.016 0.881 0.024 0.005 0.013 
381 ZFONF112    (0)   13 :  0.014 0.003 0.182 0.007 0.003 0.775 0.003 0.005 0.007 
382 ZFONF113    (9)   13 :  0.010 0.006 0.009 0.005 0.004 0.950 0.005 0.008 0.003 
383 ZFONF115    (0)   13 :  0.010 0.004 0.018 0.007 0.003 0.942 0.004 0.007 0.005 
384 ZFONF116    (0)   13 :  0.011 0.004 0.031 0.005 0.003 0.929 0.005 0.007 0.005 
385 ZFONF117    (0)   13 :  0.355 0.005 0.050 0.007 0.003 0.555 0.006 0.015 0.004 
386 ZFONF118    (0)   13 :  0.017 0.006 0.014 0.010 0.002 0.935 0.004 0.006 0.007 
387 ZFONF119    (0)   13 :  0.005 0.005 0.024 0.009 0.005 0.925 0.004 0.019 0.003 
388 ZFONF120    (0)   13 :  0.006 0.009 0.049 0.018 0.005 0.876 0.004 0.029 0.003 
389 ZFONF121    (0)   13 :  0.010 0.005 0.126 0.004 0.004 0.835 0.004 0.008 0.004 
390 ZFONF122    (0)   13 :  0.069 0.009 0.008 0.021 0.003 0.861 0.005 0.017 0.007 
391 ZFONF123    (0)   13 :  0.005 0.005 0.042 0.005 0.041 0.876 0.012 0.008 0.006 
392 ZFONF124    (0)   13 :  0.008 0.003 0.035 0.007 0.005 0.921 0.004 0.014 0.003 
393 ZFONF125    (0)   13 :  0.008 0.011 0.204 0.023 0.039 0.635 0.029 0.045 0.006 
394 ZFONF126    (0)   13 :  0.016 0.008 0.009 0.014 0.003 0.931 0.004 0.010 0.005 
395 ZFONF201    (0)   14 :  0.014 0.013 0.650 0.052 0.029 0.103 0.016 0.005 0.118 
396 ZFONF202    (0)   14 :  0.005 0.005 0.916 0.011 0.002 0.050 0.003 0.004 0.004 
397 ZFONF203    (0)   14 :  0.005 0.009 0.954 0.006 0.003 0.008 0.004 0.008 0.004 
398 ZFONF204    (0)   14 :  0.006 0.006 0.923 0.031 0.008 0.006 0.008 0.008 0.007 
399 ZFONF206    (0)   14 :  0.004 0.006 0.926 0.010 0.013 0.005 0.021 0.003 0.011 
400 ZFONF207    (0)   14 :  0.005 0.004 0.964 0.004 0.003 0.006 0.004 0.005 0.003 
401 ZFONF208    (0)   14 :  0.015 0.008 0.901 0.008 0.003 0.049 0.004 0.007 0.005 
402 ZFONF209    (0)   14 :  0.011 0.007 0.906 0.024 0.008 0.009 0.007 0.015 0.013 
403 ZFONF210    (0)   14 :  0.009 0.003 0.963 0.004 0.002 0.010 0.002 0.003 0.003 
404 ZFONF211    (0)   14 :  0.022 0.013 0.880 0.012 0.014 0.031 0.010 0.014 0.004 
405 ZFONF212    (0)   14 :  0.009 0.003 0.964 0.003 0.003 0.011 0.002 0.003 0.003 
406 ZFONF214    (0)   14 :  0.006 0.012 0.926 0.007 0.006 0.029 0.005 0.005 0.002 
407 ZFONF215    (0)   14 :  0.005 0.004 0.962 0.004 0.002 0.014 0.003 0.004 0.002 
408 ZFONF216    (0)   14 :  0.006 0.004 0.967 0.003 0.003 0.005 0.003 0.006 0.002 
409 ZFONF217    (0)   14 :  0.006 0.004 0.941 0.004 0.003 0.032 0.003 0.005 0.003 
410 ZFONF218    (0)   14 :  0.005 0.005 0.961 0.003 0.006 0.005 0.007 0.004 0.003 
411 ZFONF219    (0)   14 :  0.003 0.002 0.978 0.003 0.002 0.005 0.002 0.003 0.002 
412 ZFONF220    (0)   14 :  0.004 0.005 0.949 0.005 0.003 0.021 0.003 0.007 0.003 
413 ZFONF222    (0)   14 :  0.004 0.006 0.963 0.003 0.007 0.004 0.005 0.005 0.003 
414 ZFONF223    (0)   14 :  0.003 0.006 0.957 0.003 0.007 0.007 0.006 0.005 0.004 
415 ZFONF224    (0)   14 :  0.004 0.003 0.977 0.003 0.002 0.004 0.002 0.003 0.002 
416 ZFONF225    (0)   14 :  0.004 0.003 0.973 0.004 0.002 0.007 0.002 0.003 0.002 
417 ZFONF226    (0)   14 :  0.005 0.007 0.956 0.005 0.003 0.009 0.003 0.010 0.003 
418 ZFONF227    (0)   14 :  0.004 0.003 0.977 0.003 0.002 0.004 0.002 0.002 0.002 
419 ZFONF228    (0)   14 :  0.014 0.004 0.946 0.005 0.004 0.011 0.005 0.006 0.005 
420 ZFONF230    (0)   14 :  0.005 0.003 0.965 0.005 0.002 0.012 0.002 0.003 0.002 
421 ZFONF231    (0)   14 :  0.007 0.009 0.955 0.008 0.004 0.008 0.004 0.003 0.002 
422 ZFONF232    (0)   14 :  0.004 0.003 0.975 0.003 0.002 0.007 0.002 0.003 0.002 
