

----------------------------------------------------
STRUCTURE by Pritchard, Stephens and Donnelly (2000)
     and Falush, Stephens and Pritchard (2003)
       Code by Pritchard, Falush and Hubisz
             Version 2.3.4 (Jul 2012)
----------------------------------------------------



Command line arguments:   bin\structure -m C:\Users\eschumacher\Documents\GitHub\GCC_QUAC_ZAIN\Data_Files\Structure_Files\ZAIN\ZAIN_rebinned_wild\50-50\mainparams -e C:\Users\eschumacher\Documents\GitHub\GCC_QUAC_ZAIN\Data_Files\Structure_Files\ZAIN\ZAIN_rebinned_wild\50-50\extraparams 
Input File:    C:\Users\eschumacher\Documents\GitHub\GCC_QUAC_ZAIN\Data_Files\Structure_Files\ZAIN\ZAIN_rebinned_wild\project_data

Run parameters:
   751 individuals
   11 loci
   5 populations assumed
   50000 Burn-in period
   50000 Reps


--------------------------------------------
Proportion of membership of each pre-defined
 population in each of the 5 clusters

Given    Inferred Clusters                     Number of
 Pop       1      2      3      4      5      Individuals

  1:     0.957  0.008  0.006  0.022  0.006       35
  2:     0.009  0.797  0.032  0.008  0.153       36
  3:     0.007  0.872  0.009  0.011  0.101       33
  4:     0.014  0.012  0.958  0.009  0.007       40
  5:     0.004  0.006  0.010  0.004  0.977       39
  6:     0.216  0.067  0.031  0.650  0.036       40
  7:     0.083  0.018  0.037  0.847  0.015       37
  8:     0.008  0.853  0.007  0.005  0.128       40
  9:     0.937  0.005  0.039  0.007  0.012       28
 10:     0.014  0.010  0.942  0.024  0.010       14
 11:     0.011  0.006  0.008  0.958  0.017       13
 12:     0.005  0.056  0.015  0.004  0.921       14
 13:     0.006  0.921  0.011  0.010  0.052       25
 14:     0.007  0.952  0.018  0.014  0.010       40
 15:     0.022  0.018  0.891  0.020  0.049       32
 16:     0.006  0.005  0.006  0.979  0.004       20
 17:     0.823  0.010  0.012  0.144  0.010        4
 18:     0.942  0.024  0.015  0.011  0.009       23
 19:     0.967  0.006  0.010  0.011  0.006       39
 20:     0.953  0.005  0.007  0.031  0.004       38
 21:     0.005  0.111  0.009  0.008  0.867       45
 22:     0.006  0.381  0.018  0.021  0.574       28
 23:     0.952  0.006  0.009  0.024  0.010        6
 24:     0.053  0.044  0.021  0.842  0.040       40
 25:     0.028  0.015  0.013  0.923  0.022       42
--------------------------------------------

Allele-freq. divergence among pops (Net nucleotide distance),
computed using point estimates of P.

      1       2       3       4       5      
 1      -    0.2168  0.1415  0.0790  0.2039  
 2   0.2168     -    0.1477  0.1551  0.0877  
 3   0.1415  0.1477     -    0.1037  0.1165  
 4   0.0790  0.1551  0.1037     -    0.1306  
 5   0.2039  0.0877  0.1165  0.1306     -    

Average distances (expected heterozygosity) between individuals in same cluster:
cluster  1  : 0.5005 
cluster  2  : 0.4379 
cluster  3  : 0.4378 
cluster  4  : 0.5720 
cluster  5  : 0.4161 

--------------------------------------------
Estimated Ln Prob of Data   = -15008.9
Mean value of ln likelihood = -14797.6
Variance of ln likelihood   = 422.6
Mean value of alpha         = 0.0333

Mean value of Fst_1         = 0.3282
Mean value of Fst_2         = 0.2930
Mean value of Fst_3         = 0.4093
Mean value of Fst_4         = 0.1254
Mean value of Fst_5         = 0.4448


Inferred ancestry of individuals:
        Label (%Miss) Pop:  Inferred clusters
  1    ZFB01    (0)    1 :  0.982 0.005 0.004 0.005 0.005 
  2    ZFB02    (0)    1 :  0.978 0.004 0.008 0.008 0.003 
  3    ZFB03    (0)    1 :  0.972 0.004 0.006 0.008 0.010 
  4    ZFB04    (0)    1 :  0.980 0.005 0.005 0.007 0.003 
  5    ZFB05    (0)    1 :  0.880 0.007 0.010 0.092 0.011 
  6    ZFB06    (0)    1 :  0.898 0.007 0.007 0.078 0.010 
  7    ZFB07    (9)    1 :  0.960 0.008 0.005 0.018 0.008 
  8    ZFB08    (0)    1 :  0.978 0.005 0.006 0.006 0.005 
  9    ZFB09    (0)    1 :  0.985 0.003 0.004 0.005 0.003 
 10    ZFB10    (0)    1 :  0.963 0.017 0.008 0.006 0.006 
 11    ZFB11    (0)    1 :  0.976 0.008 0.006 0.006 0.004 
 12    ZFB12    (0)    1 :  0.978 0.005 0.003 0.008 0.006 
 13    ZFB13    (0)    1 :  0.977 0.007 0.005 0.006 0.005 
 14    ZFB14    (0)    1 :  0.981 0.006 0.005 0.004 0.004 
 15    ZFB15    (0)    1 :  0.985 0.003 0.003 0.006 0.003 
 16    ZFB16    (0)    1 :  0.982 0.004 0.003 0.007 0.004 
 17    ZFB17    (0)    1 :  0.916 0.016 0.025 0.034 0.010 
 18    ZFB18    (0)    1 :  0.983 0.005 0.005 0.004 0.003 
 19    ZFB19    (0)    1 :  0.943 0.023 0.004 0.016 0.014 
 20    ZFB20    (0)    1 :  0.981 0.004 0.003 0.008 0.004 
 21    ZFB21    (0)    1 :  0.984 0.003 0.003 0.007 0.003 
 22    ZFB22    (0)    1 :  0.938 0.019 0.011 0.022 0.010 
 23    ZFB23    (0)    1 :  0.969 0.008 0.005 0.010 0.007 
 24    ZFB24    (0)    1 :  0.975 0.007 0.004 0.008 0.005 
 25    ZFB25    (0)    1 :  0.952 0.026 0.006 0.005 0.011 
 26    ZFB26    (0)    1 :  0.953 0.018 0.008 0.012 0.009 
 27    ZFB27    (0)    1 :  0.970 0.009 0.005 0.012 0.005 
 28    ZFB28    (0)    1 :  0.959 0.004 0.008 0.022 0.007 
 29    ZFB29    (0)    1 :  0.981 0.004 0.006 0.007 0.002 
 30    ZFB30    (0)    1 :  0.687 0.012 0.004 0.285 0.013 
 31    ZFB31    (0)    1 :  0.967 0.013 0.006 0.006 0.008 
 32    ZFB32    (0)    1 :  0.948 0.007 0.014 0.021 0.010 
 33    ZFB33    (0)    1 :  0.984 0.004 0.003 0.006 0.003 
 34    ZFB34    (0)    1 :  0.982 0.004 0.006 0.005 0.003 
 35    ZFB35    (0)    1 :  0.975 0.006 0.006 0.006 0.006 
 36  ZFBP101    (0)    2 :  0.017 0.684 0.137 0.012 0.150 
 37  ZFBP102    (0)    2 :  0.027 0.874 0.029 0.013 0.056 
 38  ZFBP103    (0)    2 :  0.013 0.173 0.237 0.011 0.565 
 39  ZFBP104    (0)    2 :  0.052 0.560 0.004 0.037 0.346 
 40  ZFBP105    (0)    2 :  0.008 0.689 0.006 0.008 0.288 
 41  ZFBP106    (0)    2 :  0.004 0.814 0.008 0.005 0.169 
 42  ZFBP107    (0)    2 :  0.010 0.444 0.013 0.028 0.506 
 43  ZFBP108    (0)    2 :  0.004 0.978 0.003 0.004 0.011 
 44  ZFBP109    (0)    2 :  0.004 0.975 0.004 0.004 0.013 
 45  ZFBP110    (0)    2 :  0.044 0.126 0.077 0.025 0.728 
 46  ZFBP111    (0)    2 :  0.003 0.957 0.004 0.004 0.032 
 47  ZFBP112    (0)    2 :  0.004 0.973 0.007 0.006 0.010 
 48  ZFBP113    (0)    2 :  0.004 0.976 0.004 0.006 0.010 
 49  ZFBP114    (0)    2 :  0.005 0.956 0.009 0.009 0.022 
 50  ZFBP115    (0)    2 :  0.003 0.332 0.008 0.006 0.651 
 51  ZFBP116    (0)    2 :  0.003 0.963 0.005 0.007 0.021 
 52  ZFBP117    (0)    2 :  0.004 0.970 0.008 0.004 0.013 
 53  ZFBP118    (0)    2 :  0.004 0.971 0.006 0.008 0.010 
 54  ZFBP119    (0)    2 :  0.004 0.675 0.040 0.006 0.275 
 55  ZFBP120    (0)    2 :  0.008 0.680 0.005 0.009 0.297 
 56  ZFBP121    (0)    2 :  0.007 0.929 0.012 0.005 0.047 
 57  ZFBP122    (9)    2 :  0.004 0.952 0.005 0.005 0.034 
 58  ZFBP123    (0)    2 :  0.004 0.968 0.011 0.006 0.010 
 59  ZFBP124    (0)    2 :  0.008 0.965 0.006 0.005 0.016 
 60  ZFBP125    (0)    2 :  0.003 0.969 0.006 0.003 0.019 
 61  ZFBP126    (0)    2 :  0.018 0.908 0.041 0.020 0.012 
 62  ZFBP127    (0)    2 :  0.004 0.584 0.019 0.005 0.389 
 63  ZFBP128    (0)    2 :  0.004 0.975 0.007 0.003 0.011 
 64  ZFBP129    (0)    2 :  0.005 0.975 0.009 0.004 0.007 
 65  ZFBP130    (0)    2 :  0.002 0.974 0.009 0.004 0.010 
 66  ZFBP131    (0)    2 :  0.004 0.981 0.004 0.005 0.006 
 67  ZFBP132    (0)    2 :  0.005 0.955 0.005 0.004 0.031 
 68  ZFBP133    (0)    2 :  0.003 0.984 0.006 0.003 0.004 
 69  ZFBP134    (0)    2 :  0.004 0.385 0.049 0.005 0.556 
 70  ZFBP135    (0)    2 :  0.022 0.584 0.280 0.009 0.106 
 71  ZFBP136    (0)    2 :  0.004 0.845 0.078 0.007 0.065 
 72  ZFBP201    (0)    3 :  0.008 0.951 0.006 0.010 0.025 
 73  ZFBP202    (0)    3 :  0.007 0.956 0.005 0.005 0.027 
 74  ZFBP203    (0)    3 :  0.009 0.939 0.005 0.036 0.010 
 75  ZFBP204    (0)    3 :  0.005 0.802 0.019 0.008 0.166 
 76  ZFBP205    (0)    3 :  0.003 0.980 0.008 0.004 0.005 
 77  ZFBP206    (0)    3 :  0.005 0.972 0.011 0.006 0.006 
 78  ZFBP207    (0)    3 :  0.005 0.408 0.016 0.005 0.565 
 79  ZFBP208    (0)    3 :  0.004 0.971 0.008 0.011 0.007 
 80  ZFBP209    (0)    3 :  0.003 0.985 0.006 0.003 0.004 
 81  ZFBP210    (0)    3 :  0.006 0.960 0.006 0.009 0.020 
 82  ZFBP211    (0)    3 :  0.007 0.964 0.006 0.005 0.017 
 83  ZFBP212    (0)    3 :  0.006 0.563 0.003 0.004 0.424 
 84  ZFBP213    (0)    3 :  0.011 0.951 0.016 0.008 0.015 
 85  ZFBP214    (0)    3 :  0.010 0.888 0.042 0.012 0.048 
 86  ZFBP215    (0)    3 :  0.004 0.974 0.006 0.004 0.011 
 87  ZFBP216    (0)    3 :  0.007 0.917 0.007 0.017 0.051 
 88  ZFBP217    (0)    3 :  0.005 0.956 0.007 0.005 0.027 
 89  ZFBP218    (0)    3 :  0.003 0.984 0.003 0.004 0.006 
 90  ZFBP219    (0)    3 :  0.004 0.979 0.003 0.005 0.009 
 91  ZFBP220    (0)    3 :  0.003 0.955 0.009 0.005 0.027 
 92  ZFBP221    (0)    3 :  0.005 0.873 0.003 0.005 0.115 
 93  ZFBP222    (0)    3 :  0.005 0.977 0.008 0.005 0.005 
 94  ZFBP223    (0)    3 :  0.008 0.318 0.013 0.009 0.653 
 95  ZFBP224    (0)    3 :  0.006 0.966 0.008 0.007 0.012 
 96  ZFBP225    (0)    3 :  0.003 0.929 0.009 0.006 0.053 
 97  ZFBP226    (0)    3 :  0.004 0.965 0.004 0.006 0.020 
 98  ZFBP227    (0)    3 :  0.041 0.578 0.009 0.129 0.243 
 99  ZFBP228    (0)    3 :  0.004 0.291 0.015 0.004 0.686 
100  ZFBP229    (0)    3 :  0.003 0.978 0.005 0.004 0.009 
101  ZFBP230    (0)    3 :  0.004 0.946 0.015 0.006 0.030 
102  ZFBP231    (0)    3 :  0.007 0.960 0.007 0.007 0.019 
103  ZFBP232    (0)    3 :  0.004 0.982 0.004 0.003 0.007 
104  ZFBP233    (0)    3 :  0.007 0.963 0.006 0.006 0.018 
105   ZFCC01    (0)    4 :  0.009 0.004 0.980 0.004 0.004 
106   ZFCC03    (0)    4 :  0.005 0.005 0.981 0.003 0.006 
107   ZFCC04    (0)    4 :  0.005 0.004 0.983 0.004 0.004 
108   ZFCC05    (0)    4 :  0.006 0.006 0.974 0.005 0.009 
109   ZFCC08    (0)    4 :  0.004 0.013 0.973 0.004 0.006 
110   ZFCC09    (0)    4 :  0.006 0.004 0.982 0.003 0.005 
111   ZFCC10    (0)    4 :  0.011 0.005 0.977 0.004 0.003 
112   ZFCC11    (0)    4 :  0.006 0.005 0.981 0.004 0.005 
113   ZFCC12    (0)    4 :  0.038 0.005 0.940 0.010 0.007 
114   ZFCC13    (0)    4 :  0.004 0.009 0.966 0.009 0.012 
115   ZFCC14    (0)    4 :  0.009 0.009 0.973 0.005 0.005 
116   ZFCC15    (0)    4 :  0.005 0.005 0.978 0.007 0.006 
117   ZFCC16    (0)    4 :  0.005 0.004 0.983 0.004 0.004 
118   ZFCC17    (0)    4 :  0.006 0.003 0.982 0.005 0.004 
119   ZFCC18    (0)    4 :  0.005 0.005 0.982 0.004 0.005 
120   ZFCC19    (0)    4 :  0.005 0.003 0.981 0.008 0.003 
121   ZFCC20    (0)    4 :  0.004 0.004 0.981 0.004 0.007 
122   ZFCC21    (0)    4 :  0.007 0.037 0.936 0.012 0.007 
123   ZFCC22    (0)    4 :  0.005 0.195 0.775 0.005 0.020 
124   ZFCC26    (0)    4 :  0.005 0.004 0.984 0.004 0.004 
125   ZFCC27    (0)    4 :  0.004 0.004 0.984 0.003 0.005 
126   ZFCC29    (0)    4 :  0.007 0.004 0.978 0.005 0.005 
127   ZFCC30    (0)    4 :  0.003 0.004 0.984 0.003 0.006 
128   ZFCC32    (0)    4 :  0.006 0.005 0.976 0.007 0.006 
129   ZFCC33    (0)    4 :  0.006 0.004 0.979 0.006 0.006 
130   ZFCC34    (0)    4 :  0.018 0.035 0.907 0.007 0.033 
131   ZFCC35    (0)    4 :  0.003 0.004 0.985 0.004 0.004 
132   ZFCC36    (0)    4 :  0.005 0.010 0.969 0.009 0.006 
133   ZFCC37    (0)    4 :  0.033 0.006 0.941 0.013 0.007 
134   ZFCC40    (0)    4 :  0.006 0.006 0.980 0.004 0.004 
135   ZFCC42    (0)    4 :  0.247 0.006 0.579 0.148 0.019 
136   ZFCC44    (0)    4 :  0.003 0.003 0.985 0.004 0.006 
137   ZFCC45    (9)    4 :  0.014 0.004 0.964 0.012 0.006 
138   ZFCC46    (0)    4 :  0.003 0.012 0.967 0.004 0.014 
139   ZFCC47    (0)    4 :  0.023 0.005 0.961 0.005 0.005 
140   ZFCC48    (0)    4 :  0.005 0.027 0.957 0.005 0.007 
141   ZFCC50    (0)    4 :  0.005 0.003 0.985 0.004 0.004 
142   ZFCC51    (0)    4 :  0.004 0.003 0.984 0.003 0.006 
143   ZFCC52    (0)    4 :  0.004 0.010 0.974 0.005 0.006 
144   ZFCC53    (0)    4 :  0.004 0.003 0.985 0.003 0.004 
145  ZFCNS01    (0)    5 :  0.003 0.004 0.005 0.008 0.981 
146  ZFCNS02    (0)    5 :  0.003 0.005 0.008 0.003 0.980 
147  ZFCNS05    (0)    5 :  0.004 0.007 0.011 0.004 0.975 
148  ZFCNS06    (0)    5 :  0.004 0.005 0.010 0.003 0.977 
149  ZFCNS07    (0)    5 :  0.004 0.011 0.005 0.003 0.977 
150  ZFCNS10    (0)    5 :  0.003 0.005 0.005 0.004 0.984 
151  ZFCNS11    (0)    5 :  0.003 0.004 0.006 0.005 0.981 
152  ZFCNS15    (0)    5 :  0.004 0.008 0.004 0.004 0.981 
153  ZFCNS17    (0)    5 :  0.003 0.005 0.011 0.004 0.977 
154  ZFCNS18    (0)    5 :  0.003 0.004 0.006 0.003 0.983 
155  ZFCNS19    (0)    5 :  0.004 0.004 0.008 0.003 0.981 
156  ZFCNS20    (0)    5 :  0.004 0.011 0.009 0.004 0.973 
157  ZFCNS21    (0)    5 :  0.003 0.003 0.006 0.003 0.985 
158  ZFCNS22    (0)    5 :  0.004 0.009 0.007 0.004 0.976 
159  ZFCNS23    (0)    5 :  0.007 0.008 0.022 0.009 0.954 
160  ZFCNS24    (0)    5 :  0.003 0.005 0.022 0.003 0.966 
161  ZFCNS25    (0)    5 :  0.003 0.008 0.010 0.004 0.975 
162  ZFCNS26    (0)    5 :  0.004 0.005 0.003 0.003 0.985 
163  ZFCNS27    (0)    5 :  0.003 0.011 0.004 0.004 0.978 
164  ZFCNS28    (0)    5 :  0.004 0.005 0.007 0.003 0.981 
165  ZFCNS29    (0)    5 :  0.004 0.006 0.011 0.004 0.975 
166  ZFCNS30    (0)    5 :  0.004 0.003 0.010 0.004 0.979 
167  ZFCNS31    (0)    5 :  0.003 0.005 0.005 0.004 0.983 
168  ZFCNS32    (0)    5 :  0.004 0.005 0.007 0.003 0.981 
169  ZFCNS33    (0)    5 :  0.004 0.004 0.005 0.004 0.984 
170  ZFCNS34    (0)    5 :  0.004 0.005 0.024 0.003 0.963 
171  ZFCNS35    (0)    5 :  0.004 0.005 0.006 0.003 0.982 
172  ZFCNS36    (0)    5 :  0.003 0.007 0.046 0.003 0.941 
173  ZFCNS37    (0)    5 :  0.004 0.004 0.006 0.004 0.983 
174  ZFCNS39    (0)    5 :  0.003 0.004 0.007 0.003 0.983 
175  ZFCNS40    (0)    5 :  0.003 0.007 0.030 0.004 0.956 
176  ZFCNS41    (0)    5 :  0.005 0.008 0.009 0.006 0.972 
177  ZFCNS42    (0)    5 :  0.003 0.005 0.005 0.003 0.984 
178  ZFCNS43    (0)    5 :  0.003 0.003 0.011 0.003 0.980 
179  ZFCNS44    (0)    5 :  0.003 0.004 0.006 0.003 0.985 
180  ZFCNS46    (0)    5 :  0.003 0.005 0.007 0.004 0.982 
181  ZFCNS47    (0)    5 :  0.003 0.004 0.007 0.003 0.983 
182  ZFCNS48    (0)    5 :  0.003 0.005 0.005 0.004 0.983 
183  ZFCNS49    (0)    5 :  0.003 0.006 0.003 0.003 0.985 
184   ZFCR01    (0)    6 :  0.554 0.085 0.017 0.336 0.009 
185   ZFCR02    (0)    6 :  0.066 0.029 0.022 0.874 0.009 
186   ZFCR03    (0)    6 :  0.615 0.076 0.062 0.238 0.010 
187   ZFCR04    (0)    6 :  0.721 0.045 0.022 0.171 0.041 
188   ZFCR05    (0)    6 :  0.121 0.008 0.031 0.836 0.005 
189   ZFCR06    (0)    6 :  0.177 0.110 0.044 0.461 0.209 
190   ZFCR07    (0)    6 :  0.086 0.008 0.025 0.770 0.111 
191   ZFCR08    (0)    6 :  0.087 0.051 0.093 0.761 0.008 
192   ZFCR09    (0)    6 :  0.481 0.103 0.070 0.284 0.061 
193   ZFCR11    (0)    6 :  0.416 0.033 0.014 0.383 0.154 
194   ZFCR12    (0)    6 :  0.012 0.033 0.016 0.687 0.252 
195   ZFCR13    (0)    6 :  0.011 0.096 0.008 0.868 0.017 
196   ZFCR14    (0)    6 :  0.049 0.017 0.016 0.908 0.010 
197   ZFCR15    (0)    6 :  0.049 0.020 0.013 0.909 0.008 
198   ZFCR16    (0)    6 :  0.130 0.068 0.014 0.782 0.006 
199   ZFCR18    (0)    6 :  0.788 0.033 0.094 0.063 0.022 
200   ZFCR19    (0)    6 :  0.555 0.252 0.051 0.122 0.021 
201   ZFCR20    (0)    6 :  0.879 0.058 0.015 0.036 0.013 
202   ZFCR21    (0)    6 :  0.023 0.028 0.038 0.901 0.011 
203   ZFCR22    (0)    6 :  0.013 0.016 0.007 0.958 0.006 
204   ZFCR23    (0)    6 :  0.029 0.089 0.005 0.849 0.028 
205   ZFCR24    (9)    6 :  0.218 0.498 0.012 0.264 0.009 
206   ZFCR25    (0)    6 :  0.036 0.005 0.008 0.946 0.005 
207   ZFCR26    (0)    6 :  0.399 0.127 0.060 0.393 0.020 
208   ZFCR27    (9)    6 :  0.103 0.003 0.006 0.884 0.003 
209   ZFCR28    (0)    6 :  0.011 0.344 0.013 0.601 0.031 
210   ZFCR29    (0)    6 :  0.348 0.024 0.018 0.603 0.007 
211   ZFCR30    (0)    6 :  0.013 0.008 0.008 0.961 0.010 
212   ZFCR31    (0)    6 :  0.475 0.131 0.027 0.215 0.152 
213   ZFCR33    (0)    6 :  0.034 0.010 0.036 0.910 0.011 
214   ZFCR34    (0)    6 :  0.034 0.023 0.022 0.897 0.023 
215   ZFCR35    (0)    6 :  0.807 0.015 0.042 0.115 0.020 
216   ZFCR36    (0)    6 :  0.109 0.009 0.010 0.859 0.014 
217   ZFCR37    (0)    6 :  0.028 0.006 0.045 0.915 0.005 
218   ZFCR38    (0)    6 :  0.045 0.009 0.034 0.905 0.008 
219   ZFCR39    (0)    6 :  0.019 0.037 0.063 0.873 0.008 
220   ZFCR40    (0)    6 :  0.015 0.006 0.015 0.958 0.006 
221   ZFCR41    (0)    6 :  0.013 0.019 0.066 0.851 0.051 
222   ZFCR42    (0)    6 :  0.008 0.038 0.056 0.868 0.030 
223   ZFCR43    (0)    6 :  0.077 0.118 0.008 0.786 0.011 
224  ZFENP25    (0)    7 :  0.067 0.021 0.036 0.870 0.005 
225  ZFENP26    (0)    7 :  0.014 0.003 0.006 0.973 0.005 
226  ZFENP27    (0)    7 :  0.309 0.011 0.341 0.256 0.083 
227  ZFENP28    (0)    7 :  0.025 0.004 0.012 0.952 0.007 
228  ZFENP29    (0)    7 :  0.006 0.004 0.010 0.975 0.005 
229  ZFENP30    (0)    7 :  0.012 0.005 0.067 0.909 0.007 
230  ZFENP31    (0)    7 :  0.018 0.006 0.046 0.924 0.006 
231  ZFENP32    (0)    7 :  0.226 0.017 0.031 0.688 0.037 
232  ZFENP33    (0)    7 :  0.064 0.006 0.010 0.913 0.007 
233  ZFENP34    (0)    7 :  0.669 0.013 0.059 0.238 0.021 
234  ZFENP35    (0)    7 :  0.011 0.005 0.005 0.967 0.012 
235  ZFENP36    (0)    7 :  0.018 0.003 0.004 0.969 0.007 
236  ZFENP37    (0)    7 :  0.073 0.006 0.012 0.896 0.013 
237  ZFENP38    (0)    7 :  0.009 0.006 0.019 0.950 0.016 
238  ZFENP39    (0)    7 :  0.039 0.003 0.014 0.939 0.005 
239  ZFENP40    (0)    7 :  0.038 0.006 0.011 0.938 0.006 
240  ZFENP41    (0)    7 :  0.016 0.007 0.064 0.905 0.008 
241  ZFENP42    (0)    7 :  0.004 0.003 0.005 0.984 0.003 
242  ZFENP43    (0)    7 :  0.020 0.006 0.047 0.851 0.075 
243  ZFENP44    (0)    7 :  0.009 0.004 0.015 0.963 0.008 
244  ZFENP45    (0)    7 :  0.011 0.240 0.017 0.718 0.014 
245  ZFENP46    (0)    7 :  0.024 0.009 0.004 0.942 0.021 
246  ZFENP47    (0)    7 :  0.035 0.036 0.071 0.853 0.005 
247  ZFENP48    (0)    7 :  0.640 0.038 0.135 0.167 0.020 
248  ZFENP49    (0)    7 :  0.231 0.024 0.067 0.663 0.014 
249  ZFENP50    (0)    7 :  0.008 0.023 0.004 0.953 0.012 
250  ZFENP51    (0)    7 :  0.074 0.017 0.009 0.896 0.004 
251  ZFENP52    (0)    7 :  0.004 0.004 0.016 0.951 0.025 
252  ZFENP53    (0)    7 :  0.008 0.023 0.008 0.946 0.015 
253  ZFENP54    (0)    7 :  0.032 0.055 0.030 0.865 0.017 
254  ZFENP55    (0)    7 :  0.187 0.006 0.005 0.796 0.005 
255  ZFENP56    (0)    7 :  0.012 0.004 0.008 0.964 0.012 
256  ZFENP57    (0)    7 :  0.021 0.004 0.005 0.959 0.010 
257  ZFENP58    (0)    7 :  0.017 0.035 0.084 0.850 0.014 
258  ZFENP59    (0)    7 :  0.015 0.004 0.058 0.917 0.005 
259  ZFENP60    (0)    7 :  0.054 0.008 0.010 0.922 0.006 
260  ZFENP61    (0)    7 :  0.040 0.003 0.017 0.936 0.004 
261 ZFFDSP01    (0)    8 :  0.005 0.943 0.004 0.004 0.044 
262 ZFFDSP02    (0)    8 :  0.004 0.979 0.004 0.004 0.009 
263 ZFFDSP04    (0)    8 :  0.005 0.982 0.004 0.003 0.006 
264 ZFFDSP05    (0)    8 :  0.004 0.902 0.004 0.005 0.084 
265 ZFFDSP06    (0)    8 :  0.004 0.981 0.005 0.003 0.007 
266 ZFFDSP07    (0)    8 :  0.004 0.968 0.016 0.006 0.007 
267 ZFFDSP08    (0)    8 :  0.003 0.964 0.015 0.005 0.013 
268 ZFFDSP10    (0)    8 :  0.005 0.965 0.005 0.005 0.020 
269 ZFFDSP11    (0)    8 :  0.005 0.977 0.004 0.004 0.009 
270 ZFFDSP12    (0)    8 :  0.003 0.980 0.004 0.004 0.010 
271 ZFFDSP13    (0)    8 :  0.004 0.058 0.010 0.008 0.920 
272 ZFFDSP14    (0)    8 :  0.004 0.980 0.007 0.004 0.005 
273 ZFFDSP16    (0)    8 :  0.010 0.935 0.008 0.010 0.037 
274 ZFFDSP17    (0)    8 :  0.005 0.974 0.005 0.004 0.012 
275 ZFFDSP18    (0)    8 :  0.007 0.977 0.006 0.003 0.007 
276 ZFFDSP19    (0)    8 :  0.006 0.776 0.032 0.004 0.182 
277 ZFFDSP21    (0)    8 :  0.006 0.560 0.020 0.004 0.411 
278 ZFFDSP22    (0)    8 :  0.003 0.983 0.005 0.003 0.006 
279 ZFFDSP23    (0)    8 :  0.003 0.969 0.004 0.003 0.022 
280 ZFFDSP24    (0)    8 :  0.005 0.712 0.006 0.004 0.273 
281 ZFFDSP26    (9)    8 :  0.004 0.948 0.005 0.004 0.039 
282 ZFFDSP27    (0)    8 :  0.006 0.964 0.004 0.003 0.023 
283 ZFFDSP28    (0)    8 :  0.097 0.844 0.017 0.018 0.024 
284 ZFFDSP30    (0)    8 :  0.025 0.257 0.011 0.008 0.700 
285 ZFFDSP31    (0)    8 :  0.006 0.962 0.007 0.004 0.021 
286 ZFFDSP32    (0)    8 :  0.004 0.977 0.004 0.004 0.011 
287 ZFFDSP33    (0)    8 :  0.004 0.976 0.003 0.003 0.014 
288 ZFFDSP34    (0)    8 :  0.004 0.978 0.006 0.003 0.010 
289 ZFFDSP35    (0)    8 :  0.006 0.915 0.004 0.004 0.071 
290 ZFFDSP37    (0)    8 :  0.005 0.964 0.005 0.004 0.023 
291 ZFFDSP38    (0)    8 :  0.005 0.975 0.004 0.004 0.012 
292 ZFFDSP39    (0)    8 :  0.004 0.642 0.003 0.003 0.347 
293 ZFFDSP40    (0)    8 :  0.005 0.562 0.004 0.003 0.425 
294 ZFFDSP42    (0)    8 :  0.004 0.966 0.006 0.003 0.021 
295 ZFFDSP43    (0)    8 :  0.004 0.963 0.004 0.003 0.025 
296 ZFFDSP44    (0)    8 :  0.006 0.801 0.004 0.004 0.184 
297 ZFFDSP45    (0)    8 :  0.005 0.956 0.005 0.004 0.029 
298 ZFFDSP46    (0)    8 :  0.005 0.946 0.006 0.004 0.039 
299 ZFFDSP47    (0)    8 :  0.004 0.552 0.004 0.004 0.436 
300 ZFFDSP48    (0)    8 :  0.004 0.406 0.005 0.004 0.581 
301    ZFI01    (0)    9 :  0.974 0.004 0.007 0.007 0.007 
302    ZFI02    (0)    9 :  0.977 0.005 0.004 0.006 0.008 
303    ZFI03    (0)    9 :  0.979 0.003 0.005 0.006 0.007 
304    ZFI04    (0)    9 :  0.980 0.004 0.005 0.006 0.005 
305    ZFI05    (0)    9 :  0.965 0.004 0.005 0.008 0.018 
306    ZFI06    (0)    9 :  0.922 0.007 0.004 0.008 0.060 
307    ZFI07    (0)    9 :  0.981 0.003 0.005 0.006 0.005 
308    ZFI08    (0)    9 :  0.979 0.003 0.005 0.009 0.004 
309    ZFI09    (0)    9 :  0.979 0.004 0.004 0.006 0.007 
310    ZFI10    (0)    9 :  0.945 0.005 0.004 0.011 0.035 
311    ZFI11    (0)    9 :  0.981 0.003 0.005 0.005 0.006 
312    ZFI12    (0)    9 :  0.972 0.004 0.006 0.006 0.011 
313    ZFI13    (0)    9 :  0.977 0.003 0.006 0.006 0.007 
314    ZFI14    (0)    9 :  0.964 0.009 0.006 0.006 0.014 
315    ZFI15    (0)    9 :  0.981 0.004 0.005 0.005 0.005 
316    ZFI16    (0)    9 :  0.982 0.003 0.004 0.005 0.006 
317    ZFI17    (0)    9 :  0.976 0.004 0.004 0.007 0.009 
318    ZFI18    (0)    9 :  0.981 0.003 0.003 0.006 0.006 
319    ZFI19    (9)    9 :  0.983 0.003 0.004 0.006 0.005 
320    ZFI20    (0)    9 :  0.978 0.005 0.004 0.006 0.007 
321    ZFI21    (0)    9 :  0.937 0.012 0.005 0.006 0.041 
322    ZFI22    (0)    9 :  0.979 0.005 0.006 0.005 0.005 
323    ZFI23    (0)    9 :  0.979 0.003 0.005 0.005 0.008 
324    ZFI24    (0)    9 :  0.974 0.005 0.007 0.006 0.009 
325    ZFI25    (0)    9 :  0.977 0.005 0.007 0.006 0.005 
326    ZFI26    (0)    9 :  0.977 0.003 0.009 0.006 0.004 
327    ZFI27    (0)    9 :  0.954 0.004 0.005 0.008 0.028 
328    ZFK01    (0)    9 :  0.007 0.009 0.961 0.011 0.013 
329    ZFK02    (0)   10 :  0.008 0.008 0.963 0.010 0.011 
330    ZFK03    (0)   10 :  0.009 0.007 0.964 0.011 0.009 
331    ZFK04    (0)   10 :  0.028 0.005 0.947 0.014 0.006 
332    ZFK05    (0)   10 :  0.023 0.004 0.953 0.015 0.005 
333    ZFK06    (0)   10 :  0.024 0.005 0.939 0.026 0.006 
334    ZFK07    (0)   10 :  0.005 0.008 0.965 0.012 0.009 
335    ZFK08    (0)   10 :  0.033 0.008 0.895 0.058 0.006 
336    ZFK10    (0)   10 :  0.023 0.007 0.953 0.010 0.007 
337    ZFK11    (0)   10 :  0.011 0.005 0.938 0.039 0.007 
338    ZFK12    (0)   10 :  0.005 0.013 0.954 0.020 0.009 
339    ZFK13    (0)   10 :  0.005 0.028 0.912 0.040 0.015 
340    ZFK14    (0)   10 :  0.004 0.013 0.960 0.010 0.013 
341    ZFK15    (0)   10 :  0.009 0.018 0.903 0.055 0.014 
342    ZFK16    (0)   10 :  0.005 0.015 0.942 0.021 0.017 
343   ZFLB01    (0)   11 :  0.007 0.008 0.005 0.972 0.007 
344   ZFLB02    (0)   11 :  0.015 0.004 0.004 0.972 0.004 
345   ZFLB03    (0)   11 :  0.005 0.005 0.005 0.966 0.018 
346   ZFLB04    (0)   11 :  0.019 0.015 0.010 0.830 0.125 
347   ZFLB05    (0)   11 :  0.014 0.004 0.004 0.967 0.010 
348   ZFLB06    (0)   11 :  0.008 0.006 0.012 0.969 0.005 
349   ZFLB07    (0)   11 :  0.005 0.010 0.009 0.947 0.029 
350   ZFLB08    (0)   11 :  0.013 0.003 0.006 0.973 0.005 
351   ZFLB09    (9)   11 :  0.016 0.005 0.012 0.962 0.004 
352   ZFLB10    (0)   11 :  0.018 0.004 0.006 0.965 0.006 
353   ZFLB11    (0)   11 :  0.004 0.005 0.010 0.977 0.004 
354   ZFLB12    (0)   11 :  0.009 0.003 0.007 0.979 0.003 
355   ZFLB13    (0)   11 :  0.007 0.005 0.009 0.973 0.005 
356  ZFLTI01    (0)   12 :  0.004 0.076 0.038 0.004 0.877 
357  ZFLTI02    (0)   12 :  0.005 0.020 0.035 0.004 0.937 
358  ZFLTI03    (0)   12 :  0.004 0.019 0.009 0.004 0.965 
359  ZFLTI04    (0)   12 :  0.005 0.014 0.009 0.004 0.968 
360  ZFLTI05    (0)   12 :  0.004 0.014 0.007 0.003 0.972 
361  ZFLTI06    (0)   12 :  0.004 0.203 0.006 0.004 0.782 
362  ZFLTI07    (0)   12 :  0.005 0.026 0.008 0.004 0.958 
363  ZFLTI08    (0)   12 :  0.005 0.010 0.006 0.004 0.974 
364  ZFLTI09    (0)   12 :  0.008 0.033 0.007 0.004 0.949 
365  ZFLTI10    (0)   12 :  0.006 0.059 0.015 0.004 0.915 
366  ZFLTI11    (0)   12 :  0.004 0.162 0.007 0.003 0.824 
367  ZFLTI12    (0)   12 :  0.004 0.123 0.018 0.004 0.851 
368  ZFLTI13    (0)   12 :  0.004 0.012 0.013 0.004 0.966 
369  ZFLTI14    (0)   12 :  0.005 0.011 0.029 0.004 0.952 
370 ZFONF101    (0)   13 :  0.003 0.986 0.003 0.003 0.005 
371 ZFONF102    (0)   13 :  0.004 0.982 0.003 0.006 0.004 
372 ZFONF103    (0)   13 :  0.005 0.738 0.015 0.006 0.235 
373 ZFONF104    (0)   13 :  0.002 0.986 0.004 0.002 0.006 
374 ZFONF105    (0)   13 :  0.003 0.977 0.005 0.004 0.012 
375 ZFONF106    (0)   13 :  0.004 0.984 0.004 0.003 0.006 
376 ZFONF107    (0)   13 :  0.034 0.820 0.030 0.062 0.055 
377 ZFONF108    (0)   13 :  0.008 0.870 0.026 0.014 0.082 
378 ZFONF109    (9)   13 :  0.006 0.954 0.017 0.007 0.016 
379 ZFONF110    (0)   13 :  0.003 0.983 0.004 0.003 0.008 
380 ZFONF111    (0)   13 :  0.015 0.934 0.011 0.021 0.019 
381 ZFONF112    (0)   13 :  0.003 0.981 0.005 0.003 0.008 
382 ZFONF113    (9)   13 :  0.004 0.965 0.006 0.006 0.019 
383 ZFONF115    (0)   13 :  0.005 0.969 0.008 0.004 0.014 
384 ZFONF116    (0)   13 :  0.006 0.972 0.006 0.004 0.012 
385 ZFONF117    (0)   13 :  0.005 0.587 0.009 0.005 0.394 
386 ZFONF118    (0)   13 :  0.006 0.953 0.010 0.004 0.027 
387 ZFONF119    (0)   13 :  0.004 0.977 0.010 0.005 0.006 
388 ZFONF120    (0)   13 :  0.004 0.967 0.017 0.005 0.007 
389 ZFONF121    (0)   13 :  0.004 0.979 0.005 0.004 0.009 
390 ZFONF122    (0)   13 :  0.009 0.658 0.030 0.006 0.297 
391 ZFONF123    (0)   13 :  0.007 0.963 0.006 0.018 0.005 
392 ZFONF124    (0)   13 :  0.004 0.972 0.008 0.006 0.010 
393 ZFONF125    (0)   13 :  0.007 0.911 0.027 0.045 0.011 
394 ZFONF126    (0)   13 :  0.005 0.950 0.016 0.005 0.024 
395 ZFONF201    (0)   14 :  0.074 0.788 0.084 0.048 0.007 
396 ZFONF202    (0)   14 :  0.003 0.979 0.010 0.003 0.005 
397 ZFONF203    (0)   14 :  0.004 0.976 0.007 0.008 0.005 
398 ZFONF204    (0)   14 :  0.016 0.797 0.125 0.047 0.016 
399 ZFONF206    (0)   14 :  0.025 0.761 0.013 0.194 0.006 
400 ZFONF207    (0)   14 :  0.004 0.973 0.009 0.008 0.007 
401 ZFONF208    (0)   14 :  0.004 0.962 0.013 0.007 0.013 
402 ZFONF209    (0)   14 :  0.013 0.802 0.153 0.017 0.015 
403 ZFONF210    (0)   14 :  0.003 0.974 0.010 0.003 0.011 
404 ZFONF211    (0)   14 :  0.003 0.966 0.012 0.006 0.014 
405 ZFONF212    (0)   14 :  0.003 0.983 0.003 0.003 0.008 
406 ZFONF214    (0)   14 :  0.003 0.979 0.010 0.004 0.005 
407 ZFONF215    (0)   14 :  0.003 0.984 0.005 0.003 0.006 
408 ZFONF216    (0)   14 :  0.003 0.975 0.006 0.004 0.012 
409 ZFONF217    (0)   14 :  0.003 0.979 0.007 0.003 0.007 
410 ZFONF218    (0)   14 :  0.006 0.958 0.004 0.021 0.010 
411 ZFONF219    (0)   14 :  0.002 0.987 0.004 0.003 0.004 
412 ZFONF220    (0)   14 :  0.003 0.979 0.009 0.004 0.005 
413 ZFONF222    (0)   14 :  0.004 0.964 0.007 0.015 0.010 
414 ZFONF223    (0)   14 :  0.005 0.975 0.004 0.011 0.005 
415 ZFONF224    (0)   14 :  0.003 0.981 0.005 0.005 0.007 
416 ZFONF225    (0)   14 :  0.002 0.984 0.005 0.002 0.006 
417 ZFONF226    (0)   14 :  0.003 0.980 0.007 0.004 0.007 
418 ZFONF227    (0)   14 :  0.002 0.985 0.004 0.002 0.007 
419 ZFONF228    (0)   14 :  0.003 0.976 0.004 0.003 0.014 
420 ZFONF230    (0)   14 :  0.002 0.983 0.005 0.003 0.007 
421 ZFONF231    (0)   14 :  0.003 0.968 0.015 0.004 0.010 
422 ZFONF232    (0)   14 :  0.002 0.986 0.004 0.003 0.004 
423 ZFONF233    (0)   14 :  0.003 0.976 0.010 0.005 0.007 
424 ZFONF234    (0)   14 :  0.003 0.954 0.006 0.016 0.022 
425 ZFONF235    (0)   14 :  0.002 0.977 0.007 0.004 0.010 
426 ZFONF236    (0)   14 :  0.020 0.891 0.034 0.031 0.024 
427 ZFONF238    (0)   14 :  0.004 0.979 0.006 0.005 0.007 
428 ZFONF239    (0)   14 :  0.020 0.901 0.050 0.022 0.007 
429 ZFONF240    (0)   14 :  0.002 0.967 0.013 0.003 0.015 
430 ZFONF241    (0)   14 :  0.004 0.976 0.004 0.007 0.008 
431 ZFONF242    (0)   14 :  0.003 0.977 0.009 0.004 0.007 
432 ZFONF243    (0)   14 :  0.003 0.963 0.008 0.004 0.022 
433 ZFONF244    (0)   14 :  0.002 0.981 0.007 0.004 0.007 
434 ZFONF245    (0)   14 :  0.002 0.958 0.009 0.004 0.027 
435   ZFOS01    (0)   15 :  0.004 0.020 0.951 0.005 0.020 
436   ZFOS02    (0)   15 :  0.022 0.028 0.919 0.009 0.022 
437   ZFOS03    (0)   15 :  0.011 0.009 0.955 0.018 0.007 
438   ZFOS04    (0)   15 :  0.014 0.051 0.866 0.007 0.061 
439   ZFOS05    (0)   15 :  0.006 0.029 0.935 0.006 0.024 
440   ZFOS06    (0)   15 :  0.006 0.014 0.949 0.009 0.022 
441   ZFOS07    (0)   15 :  0.015 0.006 0.969 0.004 0.006 
442   ZFOS08    (0)   15 :  0.016 0.012 0.954 0.005 0.013 
443   ZFOS09    (0)   15 :  0.019 0.058 0.867 0.022 0.035 
444   ZFOS10    (0)   15 :  0.024 0.003 0.954 0.012 0.007 
445   ZFOS11    (0)   15 :  0.028 0.015 0.735 0.055 0.167 
446   ZFOS12    (0)   15 :  0.056 0.018 0.609 0.264 0.053 
447   ZFOS13    (0)   15 :  0.014 0.009 0.954 0.007 0.016 
448   ZFOS14    (0)   15 :  0.115 0.010 0.748 0.035 0.092 
449   ZFOS15    (0)   15 :  0.006 0.003 0.981 0.005 0.005 
450   ZFOS16    (0)   15 :  0.014 0.030 0.910 0.008 0.038 
451   ZFOS17    (0)   15 :  0.007 0.004 0.977 0.006 0.006 
452   ZFOS18    (0)   15 :  0.007 0.004 0.970 0.009 0.010 
453   ZFOS19    (0)   15 :  0.004 0.004 0.982 0.006 0.005 
454   ZFOS20    (0)   15 :  0.009 0.007 0.972 0.005 0.007 
455   ZFOS21    (0)   15 :  0.007 0.014 0.955 0.005 0.020 
456   ZFOS22    (0)   15 :  0.003 0.006 0.976 0.006 0.009 
457   ZFOS23    (0)   15 :  0.182 0.002 0.775 0.036 0.005 
458   ZFOS24    (0)   15 :  0.004 0.004 0.981 0.005 0.008 
459   ZFOS25    (0)   15 :  0.019 0.040 0.436 0.017 0.488 
460   ZFOS26    (0)   15 :  0.015 0.073 0.555 0.011 0.346 
461   ZFOS27    (0)   15 :  0.006 0.021 0.947 0.006 0.020 
462   ZFOS28    (0)   15 :  0.015 0.007 0.953 0.011 0.014 
463   ZFOS29    (0)   15 :  0.009 0.009 0.965 0.007 0.010 
464   ZFOS30    (0)   15 :  0.006 0.008 0.976 0.004 0.006 
465   ZFOS31    (0)   15 :  0.040 0.029 0.898 0.020 0.013 
466   ZFOS32    (0)   15 :  0.010 0.018 0.948 0.006 0.018 
467   ZFPB01    (0)   16 :  0.012 0.003 0.006 0.977 0.003 
468   ZFPB02    (0)   16 :  0.004 0.006 0.004 0.982 0.005 
469   ZFPB03    (0)   16 :  0.008 0.007 0.012 0.963 0.010 
470   ZFPB05    (0)   16 :  0.004 0.004 0.004 0.985 0.004 
471   ZFPB06    (0)   16 :  0.009 0.004 0.010 0.974 0.003 
472   ZFPB07    (0)   16 :  0.004 0.007 0.004 0.981 0.004 
473   ZFPB08    (0)   16 :  0.006 0.006 0.009 0.975 0.005 
474   ZFPB10    (0)   16 :  0.005 0.003 0.004 0.983 0.005 
475   ZFPB11    (0)   16 :  0.004 0.003 0.005 0.985 0.003 
476   ZFPB12    (0)   16 :  0.005 0.003 0.005 0.984 0.003 
477   ZFPB13    (0)   16 :  0.007 0.007 0.004 0.977 0.005 
478   ZFPB14    (0)   16 :  0.005 0.008 0.005 0.978 0.004 
479   ZFPB15    (0)   16 :  0.005 0.010 0.007 0.973 0.005 
480   ZFPB17    (0)   16 :  0.005 0.003 0.005 0.984 0.003 
481   ZFPB18    (0)   16 :  0.004 0.004 0.005 0.985 0.003 
482   ZFPB19    (0)   16 :  0.012 0.006 0.010 0.967 0.005 
483   ZFPB20    (0)   16 :  0.004 0.004 0.004 0.986 0.003 
484   ZFPB21    (0)   16 :  0.005 0.009 0.005 0.975 0.005 
485   ZFPB22    (0)   16 :  0.004 0.003 0.004 0.986 0.003 
486   ZFPB23    (0)   16 :  0.006 0.005 0.005 0.981 0.004 
487   ZFSF01    (0)   17 :  0.906 0.003 0.006 0.080 0.004 
488   ZFSF02    (0)   17 :  0.519 0.027 0.025 0.399 0.029 
489   ZFSF03    (0)   17 :  0.897 0.004 0.005 0.091 0.004 
490   ZFSF04    (0)   17 :  0.970 0.007 0.013 0.006 0.004 
491  ZFSW101    (0)   18 :  0.924 0.050 0.008 0.006 0.012 
492  ZFSW102    (0)   18 :  0.969 0.008 0.012 0.006 0.004 
493  ZFSW103    (0)   18 :  0.939 0.022 0.007 0.007 0.026 
494  ZFSW104    (9)   18 :  0.901 0.026 0.044 0.018 0.011 
495  ZFSW105    (0)   18 :  0.941 0.039 0.009 0.004 0.006 
496  ZFSW106    (0)   18 :  0.906 0.035 0.005 0.040 0.015 
497  ZFSW107    (0)   18 :  0.977 0.007 0.007 0.005 0.004 
498  ZFSW108    (0)   18 :  0.982 0.003 0.005 0.007 0.003 
499  ZFSW109    (0)   18 :  0.976 0.007 0.007 0.004 0.006 
500  ZFSW110    (0)   18 :  0.944 0.028 0.007 0.007 0.014 
501  ZFSW111    (0)   18 :  0.840 0.118 0.026 0.008 0.009 
502  ZFSW112    (0)   18 :  0.884 0.021 0.081 0.007 0.007 
503  ZFSW113    (0)   18 :  0.928 0.030 0.013 0.012 0.018 
504  ZFSW114    (0)   18 :  0.971 0.009 0.009 0.007 0.004 
505  ZFSW115    (0)   18 :  0.950 0.013 0.008 0.024 0.005 
506  ZFSW116    (0)   18 :  0.946 0.026 0.009 0.012 0.007 
507  ZFSW117    (0)   18 :  0.916 0.046 0.010 0.011 0.016 
508  ZFSW119    (0)   18 :  0.970 0.003 0.016 0.007 0.003 
509  ZFSW120    (0)   18 :  0.978 0.002 0.005 0.012 0.002 
510  ZFSW121    (0)   18 :  0.894 0.039 0.032 0.026 0.008 
511  ZFSW122    (0)   18 :  0.973 0.009 0.006 0.004 0.008 
512  ZFSW123    (0)   18 :  0.985 0.004 0.004 0.004 0.003 
513  ZFSW124    (0)   18 :  0.977 0.004 0.010 0.005 0.003 
514  ZFSW201    (0)   19 :  0.978 0.003 0.006 0.009 0.005 
515  ZFSW202    (0)   19 :  0.979 0.004 0.007 0.006 0.004 
516  ZFSW203    (0)   19 :  0.977 0.004 0.009 0.007 0.003 
517  ZFSW204    (0)   19 :  0.972 0.005 0.011 0.007 0.005 
518  ZFSW205    (0)   19 :  0.977 0.004 0.005 0.006 0.007 
519  ZFSW206    (0)   19 :  0.973 0.005 0.005 0.013 0.005 
520  ZFSW207    (0)   19 :  0.975 0.007 0.004 0.005 0.009 
521  ZFSW208    (0)   19 :  0.975 0.005 0.006 0.009 0.005 
522  ZFSW209    (0)   19 :  0.950 0.006 0.005 0.034 0.005 
523  ZFSW210    (0)   19 :  0.943 0.017 0.007 0.008 0.025 
524  ZFSW211    (0)   19 :  0.950 0.007 0.007 0.022 0.015 
525  ZFSW212    (0)   19 :  0.973 0.005 0.008 0.006 0.007 
526  ZFSW213    (0)   19 :  0.976 0.005 0.011 0.005 0.004 
527  ZFSW214    (0)   19 :  0.971 0.006 0.012 0.005 0.006 
528  ZFSW215    (0)   19 :  0.981 0.004 0.007 0.005 0.003 
529  ZFSW216    (0)   19 :  0.966 0.006 0.007 0.008 0.013 
530  ZFSW217    (0)   19 :  0.977 0.004 0.009 0.005 0.004 
531  ZFSW218    (0)   19 :  0.976 0.005 0.008 0.006 0.006 
532  ZFSW219    (0)   19 :  0.950 0.006 0.014 0.020 0.010 
533  ZFSW220    (0)   19 :  0.970 0.005 0.008 0.013 0.004 
534  ZFSW221    (0)   19 :  0.968 0.006 0.007 0.010 0.009 
535  ZFSW222    (0)   19 :  0.985 0.003 0.004 0.005 0.003 
536  ZFSW223    (0)   19 :  0.972 0.005 0.007 0.013 0.003 
537  ZFSW224    (0)   19 :  0.968 0.006 0.008 0.012 0.007 
538  ZFSW225    (0)   19 :  0.975 0.004 0.005 0.008 0.008 
539  ZFSW226    (0)   19 :  0.979 0.005 0.007 0.005 0.004 
540  ZFSW227    (0)   19 :  0.978 0.004 0.006 0.006 0.006 
541  ZFSW229    (0)   19 :  0.976 0.004 0.005 0.009 0.006 
542  ZFSW230    (0)   19 :  0.968 0.011 0.008 0.005 0.008 
543  ZFSW231    (0)   19 :  0.972 0.005 0.006 0.011 0.006 
544  ZFSW232    (0)   19 :  0.980 0.004 0.005 0.007 0.004 
545  ZFSW233    (0)   19 :  0.970 0.006 0.006 0.012 0.005 
546  ZFSW234    (0)   19 :  0.984 0.003 0.005 0.004 0.003 
547  ZFSW235    (0)   19 :  0.968 0.005 0.011 0.009 0.006 
548  ZFSW236    (0)   19 :  0.979 0.004 0.008 0.004 0.004 
549  ZFSW237    (0)   19 :  0.968 0.005 0.014 0.008 0.005 
550  ZFSW238    (0)   19 :  0.776 0.033 0.104 0.075 0.012 
551  ZFSW239    (0)   19 :  0.979 0.007 0.005 0.004 0.005 
552  ZFSW240    (0)   19 :  0.981 0.003 0.005 0.006 0.005 
553   ZFTS01    (0)   20 :  0.972 0.005 0.004 0.016 0.003 
554   ZFTS02    (0)   20 :  0.974 0.008 0.007 0.007 0.004 
555   ZFTS03    (0)   20 :  0.978 0.005 0.007 0.007 0.003 
556   ZFTS04    (0)   20 :  0.971 0.004 0.007 0.015 0.003 
557   ZFTS05    (0)   20 :  0.790 0.005 0.016 0.184 0.004 
558   ZFTS07    (0)   20 :  0.928 0.004 0.005 0.060 0.003 
559   ZFTS08    (0)   20 :  0.981 0.003 0.005 0.008 0.003 
560   ZFTS09    (0)   20 :  0.969 0.003 0.004 0.022 0.003 
561   ZFTS10    (0)   20 :  0.980 0.004 0.005 0.007 0.003 
562   ZFTS11    (0)   20 :  0.977 0.004 0.005 0.011 0.004 
563   ZFTS12    (0)   20 :  0.961 0.004 0.009 0.023 0.004 
564   ZFTS14    (0)   20 :  0.948 0.005 0.005 0.038 0.004 
565   ZFTS15    (0)   20 :  0.921 0.006 0.004 0.063 0.005 
566   ZFTS16    (0)   20 :  0.976 0.006 0.006 0.008 0.004 
567   ZFTS17    (9)   20 :  0.953 0.004 0.009 0.029 0.005 
568   ZFTS18    (0)   20 :  0.983 0.003 0.005 0.006 0.003 
569   ZFTS19    (9)   20 :  0.983 0.003 0.005 0.006 0.003 
570   ZFTS20    (0)   20 :  0.971 0.003 0.008 0.014 0.003 
571   ZFTS21    (0)   20 :  0.969 0.004 0.005 0.019 0.003 
572   ZFTS22    (0)   20 :  0.973 0.003 0.005 0.015 0.003 
573   ZFTS23    (0)   20 :  0.963 0.006 0.008 0.019 0.004 
574   ZFTS24    (0)   20 :  0.979 0.003 0.008 0.007 0.003 
575   ZFTS25    (0)   20 :  0.960 0.006 0.003 0.025 0.006 
576   ZFTS26    (0)   20 :  0.986 0.003 0.003 0.005 0.003 
577   ZFTS27    (0)   20 :  0.936 0.006 0.011 0.043 0.004 
578   ZFTS28    (0)   20 :  0.689 0.013 0.027 0.264 0.007 
579   ZFTS29    (0)   20 :  0.958 0.002 0.006 0.031 0.003 
580   ZFTS30    (0)   20 :  0.941 0.003 0.006 0.047 0.003 
581   ZFTS31    (0)   20 :  0.944 0.005 0.019 0.028 0.004 
582   ZFTS32    (0)   20 :  0.962 0.004 0.008 0.023 0.004 
583   ZFTS33    (0)   20 :  0.952 0.006 0.007 0.030 0.006 
584   ZFTS34    (0)   20 :  0.979 0.006 0.004 0.008 0.004 
585   ZFTS35    (0)   20 :  0.982 0.004 0.005 0.005 0.004 
586   ZFTS36    (0)   20 :  0.970 0.005 0.005 0.016 0.003 
587   ZFTS37    (0)   20 :  0.975 0.004 0.007 0.009 0.004 
588   ZFTS38    (0)   20 :  0.968 0.005 0.007 0.016 0.004 
589   ZFTS39    (0)   20 :  0.975 0.004 0.004 0.013 0.004 
590   ZFTS40    (0)   20 :  0.930 0.014 0.009 0.038 0.008 
591 ZFTSP101    (0)   21 :  0.004 0.068 0.009 0.004 0.916 
592 ZFTSP102    (0)   21 :  0.005 0.006 0.007 0.005 0.978 
593 ZFTSP103    (0)   21 :  0.003 0.005 0.009 0.004 0.979 
594 ZFTSP104    (0)   21 :  0.003 0.028 0.003 0.004 0.962 
595 ZFTSP105    (0)   21 :  0.004 0.007 0.006 0.004 0.980 
596 ZFTSP106    (0)   21 :  0.005 0.936 0.007 0.010 0.042 
597 ZFTSP107    (0)   21 :  0.003 0.011 0.008 0.006 0.972 
598 ZFTSP108    (0)   21 :  0.004 0.699 0.013 0.011 0.274 
599 ZFTSP109    (0)   21 :  0.004 0.296 0.013 0.012 0.676 
600 ZFTSP110    (0)   21 :  0.004 0.159 0.010 0.007 0.821 
601 ZFTSP111    (0)   21 :  0.003 0.021 0.004 0.003 0.968 
602 ZFTSP112    (0)   21 :  0.005 0.019 0.014 0.007 0.954 
603 ZFTSP113    (0)   21 :  0.004 0.040 0.008 0.007 0.941 
604 ZFTSP114    (0)   21 :  0.003 0.010 0.004 0.004 0.979 
605 ZFTSP115    (0)   21 :  0.005 0.103 0.026 0.009 0.856 
606 ZFTSP116    (0)   21 :  0.003 0.018 0.006 0.004 0.968 
607 ZFTSP117    (0)   21 :  0.003 0.012 0.003 0.003 0.979 
608 ZFTSP118    (0)   21 :  0.004 0.007 0.005 0.003 0.981 
609 ZFTSP119    (0)   21 :  0.035 0.630 0.005 0.058 0.272 
610 ZFTSP120    (0)   21 :  0.005 0.017 0.004 0.003 0.971 
611 ZFTSP121    (0)   21 :  0.020 0.006 0.004 0.034 0.936 
612 ZFTSP122    (0)   21 :  0.003 0.031 0.011 0.003 0.952 
613 ZFTSP123    (0)   21 :  0.003 0.083 0.004 0.005 0.905 
614 ZFTSP124    (0)   21 :  0.003 0.220 0.018 0.006 0.754 
615 ZFTSP125    (0)   21 :  0.003 0.167 0.005 0.005 0.821 
616 ZFTSP126    (0)   21 :  0.003 0.092 0.006 0.007 0.892 
617 ZFTSP127    (0)   21 :  0.003 0.069 0.008 0.006 0.914 
618 ZFTSP128    (0)   21 :  0.003 0.014 0.005 0.005 0.973 
619 ZFTSP129    (0)   21 :  0.003 0.157 0.022 0.004 0.814 
