

----------------------------------------------------
STRUCTURE by Pritchard, Stephens and Donnelly (2000)
     and Falush, Stephens and Pritchard (2003)
       Code by Pritchard, Falush and Hubisz
             Version 2.3.4 (Jul 2012)
----------------------------------------------------



Command line arguments:   bin\structure -m C:\Users\eschumacher\Documents\GitHub\GCC_QUAC_ZAIN\Data_Files\Structure_Files\ZAIN\ZAIN_rebinned_wild\50-50\mainparams -e C:\Users\eschumacher\Documents\GitHub\GCC_QUAC_ZAIN\Data_Files\Structure_Files\ZAIN\ZAIN_rebinned_wild\50-50\extraparams 
Input File:    C:\Users\eschumacher\Documents\GitHub\GCC_QUAC_ZAIN\Data_Files\Structure_Files\ZAIN\ZAIN_rebinned_wild\project_data

Run parameters:
   751 individuals
   11 loci
   7 populations assumed
   50000 Burn-in period
   50000 Reps


--------------------------------------------
Proportion of membership of each pre-defined
 population in each of the 7 clusters

Given    Inferred Clusters                                   Number of
 Pop       1      2      3      4      5      6      7      Individuals

  1:     0.006  0.010  0.005  0.005  0.028  0.011  0.935       35
  2:     0.033  0.868  0.025  0.055  0.005  0.008  0.007       36
  3:     0.009  0.902  0.032  0.034  0.007  0.011  0.005       33
  4:     0.946  0.011  0.009  0.007  0.010  0.006  0.011       40
  5:     0.008  0.006  0.006  0.970  0.003  0.004  0.003       39
  6:     0.031  0.056  0.029  0.022  0.023  0.661  0.178       40
  7:     0.043  0.010  0.022  0.013  0.073  0.748  0.091       37
  8:     0.006  0.925  0.017  0.038  0.003  0.004  0.005       40
  9:     0.039  0.006  0.003  0.013  0.004  0.007  0.929       28
 10:     0.929  0.013  0.007  0.009  0.015  0.014  0.013       14
 11:     0.009  0.011  0.006  0.028  0.905  0.029  0.011       13
 12:     0.017  0.087  0.014  0.870  0.002  0.005  0.005       14
 13:     0.011  0.889  0.044  0.030  0.014  0.007  0.005       25
 14:     0.008  0.015  0.952  0.007  0.006  0.005  0.007       40
 15:     0.878  0.027  0.008  0.041  0.008  0.019  0.020       32
 16:     0.003  0.003  0.003  0.003  0.982  0.003  0.003       20
 17:     0.010  0.012  0.005  0.007  0.003  0.287  0.676        4
 18:     0.015  0.033  0.013  0.007  0.004  0.024  0.904       23
 19:     0.009  0.006  0.005  0.006  0.004  0.018  0.952       39
 20:     0.007  0.005  0.004  0.004  0.042  0.015  0.923       38
 21:     0.009  0.127  0.064  0.779  0.006  0.009  0.005       45
 22:     0.017  0.506  0.025  0.416  0.021  0.010  0.005       28
 23:     0.007  0.005  0.005  0.008  0.007  0.051  0.916        6
 24:     0.011  0.012  0.036  0.018  0.004  0.898  0.021       40
 25:     0.017  0.012  0.011  0.018  0.071  0.843  0.027       42
--------------------------------------------

Allele-freq. divergence among pops (Net nucleotide distance),
computed using point estimates of P.

      1       2       3       4       5       6       7      
 1      -    0.1630  0.1804  0.1217  0.2938  0.0973  0.1430  
 2   0.1630     -    0.1067  0.1058  0.3566  0.1466  0.2121  
 3   0.1804  0.1067     -    0.1715  0.4380  0.2028  0.3108  
 4   0.1217  0.1058  0.1715     -    0.3621  0.1212  0.2162  
 5   0.2938  0.3566  0.4380  0.3621     -    0.2213  0.2520  
 6   0.0973  0.1466  0.2028  0.1212  0.2213     -    0.0797  
 7   0.1430  0.2121  0.3108  0.2162  0.2520  0.0797     -    

Average distances (expected heterozygosity) between individuals in same cluster:
cluster  1  : 0.4376 
cluster  2  : 0.4118 
cluster  3  : 0.3689 
cluster  4  : 0.3967 
cluster  5  : 0.2694 
cluster  6  : 0.5613 
cluster  7  : 0.4944 

--------------------------------------------
Estimated Ln Prob of Data   = -14254.9
Mean value of ln likelihood = -13935.4
Variance of ln likelihood   = 639.1
Mean value of alpha         = 0.0325

Mean value of Fst_1         = 0.3951
Mean value of Fst_2         = 0.3491
Mean value of Fst_3         = 0.4221
Mean value of Fst_4         = 0.4687
Mean value of Fst_5         = 0.6068
Mean value of Fst_6         = 0.1302
Mean value of Fst_7         = 0.3503


Inferred ancestry of individuals:
        Label (%Miss) Pop:  Inferred clusters
  1    ZFB01    (0)    1 :  0.005 0.006 0.003 0.004 0.008 0.004 0.971 
  2    ZFB02    (0)    1 :  0.009 0.004 0.003 0.003 0.011 0.005 0.965 
  3    ZFB03    (0)    1 :  0.005 0.006 0.003 0.009 0.003 0.011 0.963 
  4    ZFB04    (0)    1 :  0.006 0.005 0.003 0.003 0.014 0.004 0.965 
  5    ZFB05    (0)    1 :  0.010 0.003 0.014 0.011 0.068 0.057 0.838 
  6    ZFB06    (0)    1 :  0.006 0.003 0.014 0.012 0.047 0.051 0.867 
  7    ZFB07    (9)    1 :  0.006 0.011 0.004 0.007 0.010 0.008 0.955 
  8    ZFB08    (0)    1 :  0.006 0.005 0.004 0.005 0.003 0.010 0.967 
  9    ZFB09    (0)    1 :  0.004 0.003 0.003 0.003 0.003 0.005 0.978 
 10    ZFB10    (0)    1 :  0.008 0.024 0.006 0.005 0.008 0.005 0.945 
 11    ZFB11    (0)    1 :  0.007 0.012 0.004 0.003 0.018 0.004 0.952 
 12    ZFB12    (0)    1 :  0.003 0.005 0.003 0.005 0.008 0.007 0.970 
 13    ZFB13    (0)    1 :  0.004 0.007 0.005 0.004 0.003 0.009 0.967 
 14    ZFB14    (0)    1 :  0.006 0.007 0.003 0.004 0.003 0.005 0.973 
 15    ZFB15    (0)    1 :  0.003 0.003 0.002 0.003 0.008 0.005 0.976 
 16    ZFB16    (0)    1 :  0.003 0.005 0.003 0.003 0.006 0.006 0.973 
 17    ZFB17    (0)    1 :  0.021 0.014 0.011 0.008 0.026 0.024 0.896 
 18    ZFB18    (0)    1 :  0.005 0.005 0.003 0.003 0.003 0.005 0.976 
 19    ZFB19    (0)    1 :  0.004 0.034 0.007 0.011 0.005 0.024 0.915 
 20    ZFB20    (0)    1 :  0.003 0.005 0.003 0.003 0.014 0.005 0.967 
 21    ZFB21    (0)    1 :  0.004 0.003 0.002 0.003 0.007 0.006 0.976 
 22    ZFB22    (0)    1 :  0.010 0.015 0.013 0.008 0.038 0.012 0.904 
 23    ZFB23    (0)    1 :  0.005 0.010 0.004 0.006 0.027 0.005 0.943 
 24    ZFB24    (0)    1 :  0.005 0.008 0.003 0.004 0.029 0.004 0.946 
 25    ZFB25    (0)    1 :  0.006 0.045 0.006 0.007 0.010 0.004 0.923 
 26    ZFB26    (0)    1 :  0.008 0.028 0.005 0.006 0.075 0.005 0.874 
 27    ZFB27    (0)    1 :  0.004 0.010 0.003 0.004 0.136 0.004 0.839 
 28    ZFB28    (0)    1 :  0.009 0.006 0.003 0.006 0.058 0.013 0.906 
 29    ZFB29    (0)    1 :  0.007 0.004 0.003 0.002 0.010 0.005 0.970 
 30    ZFB30    (0)    1 :  0.004 0.005 0.012 0.009 0.262 0.025 0.684 
 31    ZFB31    (0)    1 :  0.005 0.025 0.005 0.005 0.008 0.005 0.946 
 32    ZFB32    (0)    1 :  0.018 0.011 0.004 0.009 0.026 0.016 0.916 
 33    ZFB33    (0)    1 :  0.004 0.004 0.003 0.003 0.007 0.004 0.975 
 34    ZFB34    (0)    1 :  0.006 0.004 0.003 0.003 0.002 0.005 0.977 
 35    ZFB35    (0)    1 :  0.007 0.008 0.003 0.005 0.006 0.004 0.967 
 36  ZFBP101    (0)    2 :  0.157 0.686 0.042 0.085 0.003 0.014 0.013 
 37  ZFBP102    (0)    2 :  0.020 0.913 0.012 0.019 0.003 0.015 0.017 
 38  ZFBP103    (0)    2 :  0.274 0.405 0.013 0.288 0.003 0.010 0.008 
 39  ZFBP104    (0)    2 :  0.004 0.821 0.008 0.075 0.003 0.045 0.044 
 40  ZFBP105    (0)    2 :  0.006 0.944 0.005 0.030 0.004 0.006 0.006 
 41  ZFBP106    (0)    2 :  0.007 0.934 0.010 0.038 0.003 0.004 0.003 
 42  ZFBP107    (0)    2 :  0.010 0.881 0.005 0.065 0.024 0.010 0.007 
 43  ZFBP108    (0)    2 :  0.003 0.977 0.004 0.007 0.003 0.003 0.003 
 44  ZFBP109    (0)    2 :  0.004 0.975 0.005 0.007 0.002 0.004 0.003 
 45  ZFBP110    (0)    2 :  0.048 0.680 0.005 0.185 0.003 0.043 0.035 
 46  ZFBP111    (0)    2 :  0.005 0.690 0.223 0.068 0.004 0.007 0.003 
 47  ZFBP112    (0)    2 :  0.012 0.927 0.036 0.011 0.006 0.005 0.004 
 48  ZFBP113    (0)    2 :  0.003 0.976 0.004 0.005 0.004 0.004 0.003 
 49  ZFBP114    (0)    2 :  0.007 0.957 0.006 0.012 0.010 0.004 0.004 
 50  ZFBP115    (0)    2 :  0.013 0.510 0.017 0.447 0.004 0.006 0.003 
 51  ZFBP116    (0)    2 :  0.005 0.968 0.005 0.009 0.004 0.005 0.003 
 52  ZFBP117    (0)    2 :  0.007 0.970 0.007 0.008 0.002 0.004 0.003 
 53  ZFBP118    (0)    2 :  0.005 0.956 0.008 0.012 0.011 0.005 0.003 
 54  ZFBP119    (0)    2 :  0.033 0.818 0.019 0.116 0.003 0.009 0.004 
 55  ZFBP120    (0)    2 :  0.004 0.945 0.005 0.028 0.004 0.006 0.006 
 56  ZFBP121    (0)    2 :  0.010 0.964 0.005 0.008 0.003 0.005 0.005 
 57  ZFBP122    (9)    2 :  0.005 0.963 0.011 0.010 0.003 0.004 0.003 
 58  ZFBP123    (0)    2 :  0.015 0.944 0.016 0.008 0.008 0.006 0.004 
 59  ZFBP124    (0)    2 :  0.005 0.970 0.004 0.007 0.004 0.004 0.005 
 60  ZFBP125    (0)    2 :  0.006 0.959 0.015 0.012 0.002 0.003 0.002 
 61  ZFBP126    (0)    2 :  0.027 0.924 0.006 0.006 0.003 0.022 0.013 
 62  ZFBP127    (0)    2 :  0.012 0.918 0.004 0.056 0.003 0.004 0.003 
 63  ZFBP128    (0)    2 :  0.012 0.942 0.022 0.016 0.002 0.003 0.003 
 64  ZFBP129    (0)    2 :  0.009 0.846 0.125 0.007 0.003 0.005 0.005 
 65  ZFBP130    (0)    2 :  0.016 0.913 0.045 0.016 0.003 0.004 0.002 
 66  ZFBP131    (0)    2 :  0.004 0.977 0.005 0.004 0.004 0.004 0.004 
 67  ZFBP132    (0)    2 :  0.004 0.974 0.004 0.009 0.003 0.003 0.003 
 68  ZFBP133    (0)    2 :  0.006 0.859 0.122 0.004 0.002 0.003 0.003 
 69  ZFBP134    (0)    2 :  0.037 0.744 0.013 0.193 0.003 0.005 0.004 
 70  ZFBP135    (0)    2 :  0.260 0.668 0.015 0.033 0.003 0.009 0.014 
 71  ZFBP136    (0)    2 :  0.127 0.750 0.044 0.061 0.009 0.006 0.004 
 72  ZFBP201    (0)    3 :  0.005 0.962 0.005 0.010 0.007 0.006 0.005 
 73  ZFBP202    (0)    3 :  0.004 0.964 0.008 0.012 0.003 0.004 0.005 
 74  ZFBP203    (0)    3 :  0.006 0.863 0.023 0.008 0.065 0.026 0.008 
 75  ZFBP204    (0)    3 :  0.016 0.884 0.018 0.065 0.005 0.007 0.004 
 76  ZFBP205    (0)    3 :  0.009 0.961 0.013 0.004 0.005 0.004 0.003 
 77  ZFBP206    (0)    3 :  0.013 0.916 0.046 0.006 0.007 0.005 0.006 
 78  ZFBP207    (0)    3 :  0.011 0.777 0.008 0.191 0.004 0.004 0.004 
 79  ZFBP208    (0)    3 :  0.008 0.950 0.011 0.006 0.013 0.008 0.004 
 80  ZFBP209    (0)    3 :  0.006 0.886 0.094 0.005 0.002 0.003 0.003 
 81  ZFBP210    (0)    3 :  0.005 0.955 0.010 0.011 0.009 0.006 0.004 
 82  ZFBP211    (0)    3 :  0.005 0.969 0.005 0.009 0.003 0.004 0.005 
 83  ZFBP212    (0)    3 :  0.003 0.944 0.005 0.037 0.003 0.003 0.005 
 84  ZFBP213    (0)    3 :  0.013 0.948 0.011 0.009 0.005 0.007 0.008 
 85  ZFBP214    (0)    3 :  0.040 0.826 0.064 0.039 0.005 0.017 0.010 
 86  ZFBP215    (0)    3 :  0.005 0.972 0.006 0.006 0.003 0.004 0.004 
 87  ZFBP216    (0)    3 :  0.005 0.954 0.006 0.010 0.008 0.013 0.005 
 88  ZFBP217    (0)    3 :  0.007 0.678 0.225 0.066 0.006 0.012 0.006 
 89  ZFBP218    (0)    3 :  0.003 0.972 0.010 0.005 0.003 0.004 0.003 
 90  ZFBP219    (0)    3 :  0.003 0.975 0.004 0.006 0.004 0.005 0.003 
 91  ZFBP220    (0)    3 :  0.016 0.918 0.028 0.028 0.004 0.004 0.003 
 92  ZFBP221    (0)    3 :  0.003 0.952 0.008 0.026 0.004 0.004 0.003 
 93  ZFBP222    (0)    3 :  0.008 0.964 0.009 0.004 0.005 0.005 0.004 
 94  ZFBP223    (0)    3 :  0.008 0.788 0.011 0.175 0.006 0.007 0.006 
 95  ZFBP224    (0)    3 :  0.006 0.967 0.005 0.007 0.004 0.006 0.004 
 96  ZFBP225    (0)    3 :  0.012 0.486 0.346 0.129 0.013 0.011 0.004 
 97  ZFBP226    (0)    3 :  0.004 0.973 0.005 0.007 0.004 0.005 0.003 
 98  ZFBP227    (0)    3 :  0.006 0.757 0.007 0.046 0.004 0.149 0.031 
 99  ZFBP228    (0)    3 :  0.016 0.821 0.006 0.146 0.003 0.004 0.004 
100  ZFBP229    (0)    3 :  0.005 0.959 0.017 0.008 0.003 0.004 0.003 
101  ZFBP230    (0)    3 :  0.021 0.911 0.027 0.028 0.003 0.006 0.003 
102  ZFBP231    (0)    3 :  0.006 0.969 0.005 0.007 0.004 0.005 0.005 
103  ZFBP232    (0)    3 :  0.004 0.974 0.007 0.005 0.003 0.003 0.003 
104  ZFBP233    (0)    3 :  0.006 0.954 0.014 0.011 0.004 0.006 0.005 
105   ZFCC01    (0)    4 :  0.972 0.004 0.005 0.003 0.003 0.004 0.008 
106   ZFCC03    (0)    4 :  0.976 0.004 0.005 0.006 0.003 0.003 0.004 
107   ZFCC04    (0)    4 :  0.972 0.004 0.007 0.005 0.003 0.004 0.005 
108   ZFCC05    (0)    4 :  0.964 0.006 0.006 0.009 0.004 0.006 0.006 
109   ZFCC08    (0)    4 :  0.956 0.009 0.017 0.007 0.002 0.004 0.004 
110   ZFCC09    (0)    4 :  0.974 0.004 0.004 0.006 0.003 0.004 0.006 
111   ZFCC10    (0)    4 :  0.971 0.005 0.004 0.004 0.003 0.004 0.010 
112   ZFCC11    (0)    4 :  0.973 0.005 0.004 0.006 0.003 0.004 0.005 
113   ZFCC12    (0)    4 :  0.939 0.005 0.004 0.008 0.004 0.011 0.029 
114   ZFCC13    (0)    4 :  0.945 0.009 0.009 0.015 0.010 0.008 0.004 
115   ZFCC14    (0)    4 :  0.962 0.009 0.007 0.004 0.005 0.005 0.008 
116   ZFCC15    (0)    4 :  0.970 0.004 0.005 0.005 0.005 0.007 0.005 
117   ZFCC16    (0)    4 :  0.975 0.004 0.005 0.004 0.003 0.004 0.005 
118   ZFCC17    (0)    4 :  0.974 0.003 0.003 0.004 0.006 0.004 0.006 
119   ZFCC18    (0)    4 :  0.971 0.004 0.006 0.006 0.004 0.004 0.005 
120   ZFCC19    (0)    4 :  0.972 0.003 0.004 0.003 0.007 0.007 0.005 
121   ZFCC20    (0)    4 :  0.973 0.004 0.006 0.007 0.002 0.004 0.004 
122   ZFCC21    (0)    4 :  0.907 0.025 0.035 0.006 0.007 0.012 0.008 
123   ZFCC22    (0)    4 :  0.750 0.171 0.045 0.018 0.005 0.005 0.006 
124   ZFCC26    (0)    4 :  0.975 0.003 0.005 0.004 0.003 0.004 0.005 
125   ZFCC27    (0)    4 :  0.978 0.004 0.004 0.005 0.003 0.004 0.004 
126   ZFCC29    (0)    4 :  0.968 0.004 0.005 0.005 0.003 0.006 0.007 
127   ZFCC30    (0)    4 :  0.976 0.003 0.005 0.006 0.003 0.004 0.003 
128   ZFCC32    (0)    4 :  0.963 0.004 0.006 0.006 0.006 0.008 0.006 
129   ZFCC33    (0)    4 :  0.972 0.004 0.003 0.005 0.004 0.005 0.006 
130   ZFCC34    (0)    4 :  0.867 0.047 0.016 0.038 0.007 0.005 0.020 
131   ZFCC35    (0)    4 :  0.978 0.004 0.004 0.005 0.003 0.003 0.003 
132   ZFCC36    (0)    4 :  0.949 0.008 0.011 0.006 0.014 0.008 0.004 
133   ZFCC37    (0)    4 :  0.930 0.007 0.005 0.008 0.004 0.014 0.032 
134   ZFCC40    (0)    4 :  0.969 0.006 0.004 0.004 0.008 0.003 0.006 
135   ZFCC42    (0)    4 :  0.561 0.005 0.007 0.018 0.232 0.025 0.153 
136   ZFCC44    (0)    4 :  0.977 0.003 0.003 0.006 0.005 0.003 0.003 
137   ZFCC45    (9)    4 :  0.950 0.005 0.004 0.006 0.013 0.010 0.012 
138   ZFCC46    (0)    4 :  0.941 0.008 0.024 0.015 0.004 0.004 0.003 
139   ZFCC47    (0)    4 :  0.953 0.005 0.007 0.006 0.003 0.005 0.021 
140   ZFCC48    (0)    4 :  0.927 0.020 0.033 0.006 0.004 0.005 0.006 
141   ZFCC50    (0)    4 :  0.979 0.003 0.003 0.004 0.003 0.004 0.005 
142   ZFCC51    (0)    4 :  0.977 0.003 0.004 0.006 0.003 0.003 0.004 
143   ZFCC52    (0)    4 :  0.961 0.008 0.010 0.007 0.005 0.004 0.004 
144   ZFCC53    (0)    4 :  0.980 0.003 0.003 0.004 0.003 0.003 0.004 
145  ZFCNS01    (0)    5 :  0.005 0.004 0.003 0.970 0.007 0.008 0.003 
146  ZFCNS02    (0)    5 :  0.008 0.004 0.005 0.974 0.003 0.003 0.003 
147  ZFCNS05    (0)    5 :  0.010 0.007 0.006 0.966 0.003 0.005 0.004 
148  ZFCNS06    (0)    5 :  0.010 0.006 0.006 0.970 0.003 0.003 0.003 
149  ZFCNS07    (0)    5 :  0.005 0.009 0.015 0.960 0.003 0.004 0.004 
150  ZFCNS10    (0)    5 :  0.005 0.005 0.005 0.977 0.003 0.003 0.003 
151  ZFCNS11    (0)    5 :  0.006 0.004 0.004 0.975 0.004 0.005 0.003 
152  ZFCNS15    (0)    5 :  0.004 0.014 0.005 0.968 0.002 0.003 0.004 
153  ZFCNS17    (0)    5 :  0.010 0.005 0.005 0.970 0.003 0.003 0.003 
154  ZFCNS18    (0)    5 :  0.005 0.005 0.004 0.978 0.003 0.003 0.003 
155  ZFCNS19    (0)    5 :  0.007 0.003 0.004 0.976 0.002 0.003 0.004 
156  ZFCNS20    (0)    5 :  0.007 0.010 0.014 0.959 0.003 0.004 0.003 
157  ZFCNS21    (0)    5 :  0.007 0.003 0.003 0.979 0.003 0.003 0.003 
158  ZFCNS22    (0)    5 :  0.007 0.011 0.006 0.965 0.003 0.004 0.004 
159  ZFCNS23    (0)    5 :  0.024 0.007 0.013 0.927 0.013 0.009 0.007 
160  ZFCNS24    (0)    5 :  0.018 0.004 0.005 0.963 0.003 0.004 0.003 
161  ZFCNS25    (0)    5 :  0.008 0.010 0.007 0.966 0.003 0.004 0.003 
162  ZFCNS26    (0)    5 :  0.004 0.006 0.004 0.977 0.003 0.003 0.003 
163  ZFCNS27    (0)    5 :  0.004 0.024 0.007 0.955 0.003 0.004 0.003 
164  ZFCNS28    (0)    5 :  0.006 0.005 0.005 0.974 0.003 0.004 0.004 
165  ZFCNS29    (0)    5 :  0.011 0.007 0.005 0.967 0.003 0.004 0.003 
166  ZFCNS30    (0)    5 :  0.008 0.004 0.003 0.975 0.003 0.004 0.003 
167  ZFCNS31    (0)    5 :  0.004 0.004 0.005 0.977 0.003 0.003 0.003 
168  ZFCNS32    (0)    5 :  0.006 0.005 0.005 0.975 0.002 0.004 0.004 
169  ZFCNS33    (0)    5 :  0.004 0.004 0.005 0.978 0.002 0.004 0.003 
170  ZFCNS34    (0)    5 :  0.018 0.005 0.005 0.962 0.003 0.004 0.003 
171  ZFCNS35    (0)    5 :  0.005 0.004 0.004 0.976 0.002 0.003 0.005 
172  ZFCNS36    (0)    5 :  0.032 0.005 0.007 0.947 0.003 0.003 0.003 
173  ZFCNS37    (0)    5 :  0.005 0.004 0.003 0.978 0.002 0.004 0.003 
174  ZFCNS39    (0)    5 :  0.006 0.003 0.005 0.976 0.003 0.003 0.003 
175  ZFCNS40    (0)    5 :  0.021 0.005 0.015 0.951 0.002 0.004 0.003 
176  ZFCNS41    (0)    5 :  0.010 0.009 0.004 0.961 0.004 0.007 0.005 
177  ZFCNS42    (0)    5 :  0.005 0.006 0.004 0.977 0.003 0.003 0.003 
178  ZFCNS43    (0)    5 :  0.007 0.004 0.003 0.978 0.002 0.003 0.003 
179  ZFCNS44    (0)    5 :  0.006 0.004 0.003 0.979 0.003 0.003 0.003 
180  ZFCNS46    (0)    5 :  0.005 0.006 0.004 0.975 0.003 0.004 0.003 
181  ZFCNS47    (0)    5 :  0.006 0.004 0.004 0.978 0.002 0.003 0.003 
182  ZFCNS48    (0)    5 :  0.006 0.006 0.004 0.975 0.003 0.003 0.003 
183  ZFCNS49    (0)    5 :  0.003 0.007 0.004 0.978 0.003 0.003 0.003 
184   ZFCR01    (0)    6 :  0.017 0.047 0.030 0.004 0.008 0.434 0.460 
185   ZFCR02    (0)    6 :  0.029 0.019 0.017 0.007 0.013 0.853 0.060 
186   ZFCR03    (0)    6 :  0.048 0.059 0.042 0.007 0.042 0.236 0.568 
187   ZFCR04    (0)    6 :  0.018 0.034 0.045 0.034 0.028 0.082 0.758 
188   ZFCR05    (0)    6 :  0.024 0.005 0.005 0.004 0.007 0.902 0.053 
189   ZFCR06    (0)    6 :  0.029 0.122 0.034 0.113 0.004 0.604 0.095 
190   ZFCR07    (0)    6 :  0.012 0.009 0.003 0.043 0.006 0.896 0.029 
191   ZFCR08    (0)    6 :  0.195 0.024 0.062 0.010 0.061 0.457 0.191 
192   ZFCR09    (0)    6 :  0.068 0.105 0.035 0.034 0.115 0.108 0.534 
193   ZFCR11    (0)    6 :  0.011 0.035 0.003 0.059 0.005 0.739 0.147 
194   ZFCR12    (0)    6 :  0.012 0.026 0.030 0.175 0.004 0.743 0.010 
195   ZFCR13    (0)    6 :  0.007 0.091 0.006 0.009 0.003 0.876 0.008 
196   ZFCR14    (0)    6 :  0.011 0.008 0.011 0.006 0.006 0.939 0.019 
197   ZFCR15    (0)    6 :  0.024 0.031 0.044 0.013 0.019 0.804 0.065 
198   ZFCR16    (0)    6 :  0.011 0.027 0.034 0.005 0.004 0.864 0.055 
199   ZFCR18    (0)    6 :  0.065 0.028 0.016 0.015 0.005 0.199 0.672 
200   ZFCR19    (0)    6 :  0.016 0.021 0.326 0.007 0.005 0.114 0.512 
201   ZFCR20    (0)    6 :  0.013 0.074 0.014 0.010 0.006 0.097 0.786 
202   ZFCR21    (0)    6 :  0.022 0.013 0.009 0.006 0.003 0.934 0.013 
203   ZFCR22    (0)    6 :  0.006 0.011 0.020 0.005 0.003 0.948 0.008 
204   ZFCR23    (0)    6 :  0.004 0.217 0.008 0.015 0.036 0.699 0.022 
205   ZFCR24    (9)    6 :  0.011 0.534 0.007 0.006 0.006 0.328 0.107 
206   ZFCR25    (0)    6 :  0.006 0.004 0.003 0.003 0.003 0.967 0.015 
207   ZFCR26    (0)    6 :  0.026 0.030 0.033 0.007 0.004 0.731 0.168 
208   ZFCR27    (9)    6 :  0.005 0.003 0.003 0.003 0.005 0.922 0.059 
209   ZFCR28    (0)    6 :  0.011 0.193 0.110 0.025 0.010 0.641 0.009 
210   ZFCR29    (0)    6 :  0.011 0.017 0.007 0.005 0.003 0.840 0.117 
211   ZFCR30    (0)    6 :  0.006 0.005 0.005 0.006 0.004 0.964 0.009 
212   ZFCR31    (0)    6 :  0.022 0.147 0.044 0.084 0.018 0.242 0.443 
213   ZFCR33    (0)    6 :  0.036 0.007 0.007 0.010 0.018 0.894 0.028 
214   ZFCR34    (0)    6 :  0.024 0.049 0.020 0.035 0.020 0.815 0.037 
215   ZFCR35    (0)    6 :  0.040 0.015 0.013 0.016 0.008 0.115 0.794 
216   ZFCR36    (0)    6 :  0.008 0.009 0.006 0.011 0.013 0.865 0.088 
217   ZFCR37    (0)    6 :  0.035 0.005 0.004 0.004 0.007 0.925 0.020 
218   ZFCR38    (0)    6 :  0.031 0.006 0.008 0.006 0.009 0.906 0.035 
219   ZFCR39    (0)    6 :  0.233 0.056 0.049 0.008 0.328 0.284 0.042 
220   ZFCR40    (0)    6 :  0.027 0.013 0.005 0.009 0.060 0.858 0.028 
221   ZFCR41    (0)    6 :  0.034 0.009 0.013 0.030 0.003 0.904 0.007 
222   ZFCR42    (0)    6 :  0.037 0.024 0.020 0.018 0.014 0.877 0.009 
223   ZFCR43    (0)    6 :  0.006 0.099 0.007 0.006 0.005 0.830 0.047 
224  ZFENP25    (0)    7 :  0.024 0.011 0.013 0.004 0.007 0.892 0.049 
225  ZFENP26    (0)    7 :  0.006 0.003 0.003 0.004 0.017 0.956 0.012 
226  ZFENP27    (0)    7 :  0.351 0.013 0.008 0.079 0.019 0.205 0.325 
227  ZFENP28    (0)    7 :  0.012 0.004 0.004 0.006 0.020 0.926 0.029 
228  ZFENP29    (0)    7 :  0.007 0.004 0.003 0.004 0.008 0.967 0.006 
229  ZFENP30    (0)    7 :  0.055 0.005 0.005 0.006 0.027 0.892 0.010 
230  ZFENP31    (0)    7 :  0.089 0.012 0.007 0.010 0.415 0.277 0.190 
231  ZFENP32    (0)    7 :  0.028 0.017 0.008 0.029 0.181 0.279 0.458 
232  ZFENP33    (0)    7 :  0.008 0.005 0.003 0.006 0.010 0.935 0.034 
233  ZFENP34    (0)    7 :  0.050 0.013 0.007 0.017 0.012 0.317 0.584 
234  ZFENP35    (0)    7 :  0.006 0.008 0.005 0.017 0.202 0.747 0.014 
235  ZFENP36    (0)    7 :  0.004 0.003 0.002 0.006 0.019 0.947 0.017 
236  ZFENP37    (0)    7 :  0.010 0.007 0.004 0.009 0.036 0.849 0.085 
237  ZFENP38    (0)    7 :  0.012 0.005 0.004 0.010 0.009 0.953 0.007 
238  ZFENP39    (0)    7 :  0.012 0.004 0.003 0.004 0.025 0.926 0.027 
239  ZFENP40    (0)    7 :  0.016 0.008 0.004 0.006 0.085 0.791 0.090 
240  ZFENP41    (0)    7 :  0.130 0.006 0.009 0.009 0.110 0.715 0.022 
241  ZFENP42    (0)    7 :  0.006 0.003 0.003 0.004 0.310 0.669 0.005 
242  ZFENP43    (0)    7 :  0.035 0.006 0.004 0.054 0.013 0.868 0.019 
243  ZFENP44    (0)    7 :  0.036 0.016 0.003 0.043 0.183 0.706 0.013 
244  ZFENP45    (0)    7 :  0.027 0.027 0.331 0.014 0.183 0.403 0.014 
245  ZFENP46    (0)    7 :  0.004 0.009 0.003 0.013 0.017 0.939 0.015 
246  ZFENP47    (0)    7 :  0.239 0.011 0.144 0.004 0.327 0.132 0.144 
247  ZFENP48    (0)    7 :  0.110 0.030 0.025 0.014 0.018 0.220 0.584 
248  ZFENP49    (0)    7 :  0.038 0.016 0.016 0.008 0.006 0.799 0.118 
249  ZFENP50    (0)    7 :  0.004 0.030 0.008 0.009 0.038 0.902 0.010 
250  ZFENP51    (0)    7 :  0.011 0.004 0.051 0.005 0.105 0.589 0.236 
251  ZFENP52    (0)    7 :  0.016 0.005 0.004 0.018 0.016 0.938 0.004 
252  ZFENP53    (0)    7 :  0.007 0.023 0.014 0.012 0.033 0.903 0.008 
253  ZFENP54    (0)    7 :  0.034 0.035 0.009 0.009 0.010 0.889 0.014 
254  ZFENP55    (0)    7 :  0.004 0.005 0.004 0.004 0.006 0.939 0.037 
255  ZFENP56    (0)    7 :  0.006 0.003 0.004 0.008 0.006 0.961 0.012 
256  ZFENP57    (0)    7 :  0.006 0.005 0.002 0.011 0.102 0.855 0.020 
257  ZFENP58    (0)    7 :  0.052 0.008 0.068 0.013 0.006 0.838 0.015 
258  ZFENP59    (0)    7 :  0.103 0.005 0.004 0.005 0.097 0.760 0.027 
259  ZFENP60    (0)    7 :  0.010 0.008 0.010 0.006 0.027 0.863 0.076 
260  ZFENP61    (0)    7 :  0.014 0.003 0.002 0.003 0.013 0.938 0.026 
261 ZFFDSP01    (0)    8 :  0.004 0.939 0.017 0.029 0.003 0.004 0.005 
262 ZFFDSP02    (0)    8 :  0.005 0.975 0.005 0.006 0.002 0.003 0.003 
263 ZFFDSP04    (0)    8 :  0.005 0.967 0.013 0.006 0.002 0.003 0.004 
264 ZFFDSP05    (0)    8 :  0.004 0.962 0.010 0.011 0.004 0.005 0.003 
265 ZFFDSP06    (0)    8 :  0.006 0.968 0.012 0.006 0.002 0.003 0.003 
266 ZFFDSP07    (0)    8 :  0.018 0.932 0.030 0.005 0.006 0.006 0.003 
267 ZFFDSP08    (0)    8 :  0.014 0.868 0.078 0.026 0.004 0.006 0.003 
268 ZFFDSP10    (0)    8 :  0.005 0.964 0.010 0.009 0.004 0.005 0.004 
269 ZFFDSP11    (0)    8 :  0.005 0.969 0.009 0.006 0.003 0.004 0.004 
270 ZFFDSP12    (0)    8 :  0.004 0.972 0.009 0.007 0.003 0.003 0.002 
271 ZFFDSP13    (0)    8 :  0.015 0.524 0.007 0.438 0.004 0.008 0.004 
272 ZFFDSP14    (0)    8 :  0.008 0.957 0.019 0.005 0.003 0.004 0.004 
273 ZFFDSP16    (0)    8 :  0.006 0.961 0.005 0.012 0.004 0.007 0.006 
274 ZFFDSP17    (0)    8 :  0.005 0.968 0.009 0.007 0.002 0.004 0.004 
275 ZFFDSP18    (0)    8 :  0.006 0.962 0.017 0.005 0.002 0.003 0.005 
276 ZFFDSP19    (0)    8 :  0.017 0.893 0.019 0.060 0.002 0.003 0.005 
277 ZFFDSP21    (0)    8 :  0.013 0.868 0.005 0.104 0.003 0.003 0.003 
278 ZFFDSP22    (0)    8 :  0.006 0.908 0.072 0.006 0.002 0.004 0.003 
279 ZFFDSP23    (0)    8 :  0.005 0.826 0.131 0.029 0.002 0.004 0.003 
280 ZFFDSP24    (0)    8 :  0.006 0.931 0.008 0.044 0.002 0.004 0.005 
281 ZFFDSP26    (9)    8 :  0.005 0.959 0.015 0.011 0.003 0.004 0.003 
282 ZFFDSP27    (0)    8 :  0.004 0.968 0.008 0.011 0.002 0.003 0.004 
283 ZFFDSP28    (0)    8 :  0.017 0.878 0.006 0.011 0.012 0.016 0.059 
284 ZFFDSP30    (0)    8 :  0.008 0.747 0.008 0.210 0.008 0.005 0.015 
285 ZFFDSP31    (0)    8 :  0.006 0.967 0.007 0.010 0.002 0.004 0.004 
286 ZFFDSP32    (0)    8 :  0.004 0.974 0.006 0.007 0.003 0.003 0.003 
287 ZFFDSP33    (0)    8 :  0.003 0.974 0.005 0.009 0.003 0.003 0.003 
288 ZFFDSP34    (0)    8 :  0.006 0.966 0.010 0.009 0.002 0.003 0.003 
289 ZFFDSP35    (0)    8 :  0.004 0.967 0.007 0.011 0.003 0.004 0.004 
290 ZFFDSP37    (0)    8 :  0.004 0.974 0.004 0.008 0.003 0.004 0.003 
291 ZFFDSP38    (0)    8 :  0.004 0.973 0.005 0.008 0.003 0.003 0.004 
292 ZFFDSP39    (0)    8 :  0.003 0.940 0.008 0.040 0.002 0.003 0.003 
293 ZFFDSP40    (0)    8 :  0.004 0.949 0.004 0.032 0.002 0.004 0.004 
294 ZFFDSP42    (0)    8 :  0.005 0.909 0.057 0.020 0.002 0.004 0.003 
295 ZFFDSP43    (0)    8 :  0.004 0.961 0.010 0.015 0.002 0.003 0.004 
296 ZFFDSP44    (0)    8 :  0.004 0.953 0.005 0.026 0.003 0.004 0.004 
297 ZFFDSP45    (0)    8 :  0.006 0.969 0.005 0.011 0.002 0.004 0.004 
298 ZFFDSP46    (0)    8 :  0.005 0.961 0.009 0.015 0.002 0.004 0.004 
299 ZFFDSP47    (0)    8 :  0.004 0.804 0.018 0.164 0.003 0.004 0.003 
300 ZFFDSP48    (0)    8 :  0.004 0.898 0.007 0.080 0.003 0.003 0.004 
301    ZFI01    (0)    9 :  0.007 0.004 0.004 0.007 0.005 0.007 0.965 
302    ZFI02    (0)    9 :  0.004 0.005 0.004 0.009 0.004 0.006 0.969 
303    ZFI03    (0)    9 :  0.006 0.004 0.003 0.007 0.003 0.007 0.972 
304    ZFI04    (0)    9 :  0.004 0.004 0.003 0.005 0.004 0.005 0.974 
305    ZFI05    (0)    9 :  0.005 0.006 0.003 0.020 0.004 0.007 0.955 
306    ZFI06    (0)    9 :  0.004 0.013 0.003 0.066 0.004 0.008 0.903 
307    ZFI07    (0)    9 :  0.005 0.004 0.003 0.005 0.004 0.007 0.973 
308    ZFI08    (0)    9 :  0.005 0.003 0.003 0.004 0.004 0.013 0.969 
309    ZFI09    (0)    9 :  0.004 0.004 0.003 0.006 0.003 0.006 0.974 
310    ZFI10    (0)    9 :  0.004 0.006 0.004 0.037 0.008 0.009 0.932 
311    ZFI11    (0)    9 :  0.005 0.003 0.003 0.006 0.004 0.005 0.974 
312    ZFI12    (0)    9 :  0.006 0.005 0.003 0.012 0.003 0.010 0.962 
313    ZFI13    (0)    9 :  0.006 0.004 0.002 0.007 0.005 0.007 0.969 
314    ZFI14    (0)    9 :  0.005 0.014 0.003 0.012 0.005 0.005 0.955 
315    ZFI15    (0)    9 :  0.005 0.004 0.002 0.005 0.003 0.006 0.975 
316    ZFI16    (0)    9 :  0.004 0.003 0.002 0.007 0.003 0.005 0.976 
317    ZFI17    (0)    9 :  0.004 0.003 0.003 0.008 0.006 0.007 0.969 
318    ZFI18    (0)    9 :  0.003 0.003 0.002 0.006 0.007 0.006 0.973 
319    ZFI19    (9)    9 :  0.004 0.003 0.002 0.005 0.004 0.007 0.975 
320    ZFI20    (0)    9 :  0.004 0.006 0.003 0.008 0.005 0.005 0.968 
321    ZFI21    (0)    9 :  0.005 0.020 0.003 0.037 0.006 0.005 0.924 
322    ZFI22    (0)    9 :  0.007 0.006 0.004 0.004 0.003 0.005 0.970 
323    ZFI23    (0)    9 :  0.004 0.004 0.002 0.008 0.003 0.006 0.973 
324    ZFI24    (0)    9 :  0.007 0.005 0.003 0.009 0.003 0.010 0.963 
325    ZFI25    (0)    9 :  0.006 0.006 0.004 0.005 0.003 0.008 0.968 
326    ZFI26    (0)    9 :  0.007 0.004 0.003 0.005 0.003 0.006 0.972 
327    ZFI27    (0)    9 :  0.006 0.005 0.003 0.031 0.003 0.010 0.942 
328    ZFK01    (0)    9 :  0.951 0.010 0.006 0.012 0.006 0.009 0.006 
329    ZFK02    (0)   10 :  0.951 0.009 0.007 0.012 0.004 0.010 0.007 
330    ZFK03    (0)   10 :  0.952 0.008 0.005 0.008 0.008 0.010 0.008 
331    ZFK04    (0)   10 :  0.931 0.007 0.005 0.006 0.010 0.013 0.028 
332    ZFK05    (0)   10 :  0.933 0.005 0.003 0.005 0.026 0.009 0.020 
333    ZFK06    (0)   10 :  0.929 0.006 0.004 0.006 0.006 0.024 0.025 
334    ZFK07    (0)   10 :  0.947 0.008 0.008 0.009 0.013 0.010 0.004 
335    ZFK08    (0)   10 :  0.898 0.009 0.005 0.005 0.008 0.047 0.027 
336    ZFK10    (0)   10 :  0.942 0.007 0.005 0.007 0.006 0.011 0.023 
337    ZFK11    (0)   10 :  0.939 0.007 0.004 0.006 0.024 0.011 0.009 
338    ZFK12    (0)   10 :  0.941 0.011 0.013 0.009 0.006 0.016 0.004 
339    ZFK13    (0)   10 :  0.889 0.038 0.012 0.014 0.031 0.012 0.005 
340    ZFK14    (0)   10 :  0.941 0.012 0.011 0.011 0.013 0.007 0.005 
341    ZFK15    (0)   10 :  0.889 0.031 0.007 0.011 0.042 0.012 0.009 
342    ZFK16    (0)   10 :  0.920 0.022 0.011 0.016 0.018 0.009 0.004 
343   ZFLB01    (0)   11 :  0.005 0.020 0.009 0.012 0.939 0.007 0.009 
344   ZFLB02    (0)   11 :  0.003 0.004 0.003 0.003 0.965 0.011 0.010 
345   ZFLB03    (0)   11 :  0.005 0.004 0.004 0.012 0.962 0.008 0.004 
346   ZFLB04    (0)   11 :  0.015 0.029 0.015 0.186 0.717 0.011 0.027 
347   ZFLB05    (0)   11 :  0.005 0.012 0.005 0.017 0.941 0.007 0.012 
348   ZFLB06    (0)   11 :  0.015 0.013 0.008 0.009 0.939 0.008 0.007 
349   ZFLB07    (0)   11 :  0.019 0.020 0.014 0.067 0.618 0.243 0.020 
350   ZFLB08    (0)   11 :  0.004 0.005 0.004 0.008 0.955 0.010 0.014 
351   ZFLB09    (9)   11 :  0.007 0.005 0.004 0.004 0.965 0.006 0.009 
352   ZFLB10    (0)   11 :  0.004 0.003 0.003 0.004 0.976 0.004 0.006 
353   ZFLB11    (0)   11 :  0.008 0.004 0.005 0.004 0.970 0.005 0.004 
354   ZFLB12    (0)   11 :  0.005 0.003 0.003 0.004 0.976 0.004 0.005 
355   ZFLB13    (0)   11 :  0.022 0.027 0.004 0.037 0.843 0.052 0.014 
356  ZFLTI01    (0)   12 :  0.054 0.168 0.029 0.735 0.002 0.007 0.004 
357  ZFLTI02    (0)   12 :  0.040 0.023 0.012 0.913 0.002 0.006 0.004 
358  ZFLTI03    (0)   12 :  0.008 0.021 0.012 0.949 0.002 0.004 0.003 
359  ZFLTI04    (0)   12 :  0.011 0.033 0.007 0.934 0.002 0.006 0.006 
360  ZFLTI05    (0)   12 :  0.006 0.020 0.006 0.959 0.002 0.004 0.004 
361  ZFLTI06    (0)   12 :  0.007 0.159 0.024 0.798 0.002 0.004 0.004 
362  ZFLTI07    (0)   12 :  0.010 0.127 0.007 0.843 0.002 0.005 0.005 
363  ZFLTI08    (0)   12 :  0.006 0.010 0.005 0.965 0.002 0.006 0.005 
364  ZFLTI09    (0)   12 :  0.008 0.129 0.006 0.842 0.002 0.005 0.007 
365  ZFLTI10    (0)   12 :  0.017 0.346 0.007 0.617 0.002 0.005 0.005 
366  ZFLTI11    (0)   12 :  0.006 0.068 0.031 0.883 0.003 0.004 0.005 
367  ZFLTI12    (0)   12 :  0.020 0.077 0.029 0.863 0.002 0.005 0.004 
368  ZFLTI13    (0)   12 :  0.014 0.012 0.011 0.951 0.002 0.006 0.004 
369  ZFLTI14    (0)   12 :  0.037 0.021 0.005 0.927 0.002 0.005 0.005 
370 ZFONF101    (0)   13 :  0.002 0.979 0.007 0.004 0.002 0.003 0.003 
371 ZFONF102    (0)   13 :  0.003 0.933 0.031 0.004 0.015 0.008 0.006 
372 ZFONF103    (0)   13 :  0.012 0.880 0.018 0.075 0.003 0.007 0.005 
373 ZFONF104    (0)   13 :  0.004 0.956 0.029 0.005 0.002 0.002 0.002 
374 ZFONF105    (0)   13 :  0.005 0.825 0.139 0.021 0.003 0.004 0.003 
375 ZFONF106    (0)   13 :  0.004 0.976 0.007 0.005 0.002 0.002 0.004 
376 ZFONF107    (0)   13 :  0.018 0.835 0.010 0.015 0.082 0.019 0.020 
377 ZFONF108    (0)   13 :  0.018 0.930 0.009 0.019 0.012 0.006 0.005 
378 ZFONF109    (9)   13 :  0.018 0.917 0.034 0.014 0.008 0.004 0.005 
379 ZFONF110    (0)   13 :  0.005 0.963 0.018 0.007 0.002 0.003 0.002 
380 ZFONF111    (0)   13 :  0.009 0.896 0.018 0.012 0.022 0.026 0.016 
381 ZFONF112    (0)   13 :  0.007 0.766 0.201 0.014 0.003 0.003 0.006 
382 ZFONF113    (9)   13 :  0.006 0.959 0.010 0.011 0.005 0.006 0.003 
383 ZFONF115    (0)   13 :  0.006 0.956 0.016 0.011 0.003 0.004 0.005 
384 ZFONF116    (0)   13 :  0.006 0.948 0.024 0.010 0.003 0.005 0.005 
385 ZFONF117    (0)   13 :  0.010 0.555 0.049 0.374 0.003 0.005 0.004 
386 ZFONF118    (0)   13 :  0.010 0.949 0.013 0.016 0.002 0.005 0.005 
387 ZFONF119    (0)   13 :  0.011 0.947 0.024 0.005 0.006 0.004 0.003 
388 ZFONF120    (0)   13 :  0.029 0.902 0.049 0.006 0.006 0.004 0.003 
389 ZFONF121    (0)   13 :  0.005 0.856 0.117 0.009 0.004 0.004 0.004 
390 ZFONF122    (0)   13 :  0.026 0.884 0.009 0.066 0.003 0.007 0.006 
391 ZFONF123    (0)   13 :  0.006 0.860 0.043 0.004 0.072 0.009 0.006 
392 ZFONF124    (0)   13 :  0.009 0.938 0.030 0.008 0.008 0.004 0.003 
393 ZFONF125    (0)   13 :  0.029 0.671 0.182 0.010 0.079 0.023 0.006 
394 ZFONF126    (0)   13 :  0.014 0.951 0.009 0.014 0.002 0.005 0.005 
395 ZFONF201    (0)   14 :  0.040 0.118 0.651 0.013 0.038 0.016 0.124 
396 ZFONF202    (0)   14 :  0.008 0.040 0.938 0.005 0.002 0.004 0.003 
397 ZFONF203    (0)   14 :  0.006 0.008 0.970 0.005 0.003 0.005 0.003 
398 ZFONF204    (0)   14 :  0.029 0.006 0.935 0.005 0.009 0.009 0.007 
399 ZFONF206    (0)   14 :  0.008 0.006 0.937 0.004 0.019 0.015 0.011 
400 ZFONF207    (0)   14 :  0.005 0.006 0.973 0.005 0.003 0.004 0.003 
401 ZFONF208    (0)   14 :  0.009 0.053 0.910 0.014 0.005 0.005 0.005 
402 ZFONF209    (0)   14 :  0.026 0.008 0.925 0.012 0.009 0.008 0.012 
403 ZFONF210    (0)   14 :  0.004 0.010 0.970 0.008 0.003 0.003 0.003 
404 ZFONF211    (0)   14 :  0.014 0.032 0.899 0.022 0.018 0.010 0.005 
405 ZFONF212    (0)   14 :  0.003 0.012 0.969 0.008 0.003 0.003 0.003 
406 ZFONF214    (0)   14 :  0.007 0.028 0.944 0.005 0.006 0.007 0.003 
407 ZFONF215    (0)   14 :  0.005 0.014 0.969 0.005 0.002 0.003 0.003 
408 ZFONF216    (0)   14 :  0.004 0.005 0.977 0.006 0.003 0.003 0.002 
409 ZFONF217    (0)   14 :  0.005 0.036 0.944 0.005 0.004 0.003 0.003 
410 ZFONF218    (0)   14 :  0.004 0.005 0.967 0.006 0.008 0.007 0.004 
411 ZFONF219    (0)   14 :  0.003 0.005 0.983 0.003 0.002 0.003 0.002 
412 ZFONF220    (0)   14 :  0.006 0.020 0.960 0.004 0.003 0.003 0.004 
413 ZFONF222    (0)   14 :  0.004 0.004 0.972 0.003 0.008 0.005 0.003 
414 ZFONF223    (0)   14 :  0.004 0.007 0.966 0.003 0.008 0.007 0.005 
415 ZFONF224    (0)   14 :  0.003 0.004 0.982 0.004 0.002 0.003 0.002 
416 ZFONF225    (0)   14 :  0.004 0.008 0.978 0.004 0.002 0.003 0.002 
417 ZFONF226    (0)   14 :  0.007 0.008 0.971 0.005 0.003 0.004 0.003 
418 ZFONF227    (0)   14 :  0.003 0.004 0.983 0.004 0.002 0.002 0.002 
419 ZFONF228    (0)   14 :  0.005 0.010 0.959 0.012 0.003 0.005 0.005 
420 ZFONF230    (0)   14 :  0.005 0.012 0.970 0.005 0.002 0.003 0.002 
421 ZFONF231    (0)   14 :  0.006 0.008 0.966 0.007 0.004 0.005 0.003 
422 ZFONF232    (0)   14 :  0.003 0.007 0.980 0.004 0.002 0.003 0.002 
423 ZFONF233    (0)   14 :  0.004 0.005 0.978 0.004 0.003 0.003 0.002 
424 ZFONF234    (0)   14 :  0.013 0.015 0.927 0.018 0.007 0.015 0.005 
425 ZFONF235    (0)   14 :  0.004 0.004 0.983 0.003 0.002 0.003 0.002 
426 ZFONF236    (0)   14 :  0.024 0.015 0.883 0.025 0.016 0.014 0.024 
427 ZFONF238    (0)   14 :  0.005 0.009 0.972 0.004 0.002 0.004 0.003 
428 ZFONF239    (0)   14 :  0.009 0.004 0.967 0.004 0.005 0.004 0.007 
429 ZFONF240    (0)   14 :  0.005 0.005 0.978 0.005 0.002 0.002 0.002 
430 ZFONF241    (0)   14 :  0.005 0.017 0.944 0.015 0.004 0.007 0.009 
431 ZFONF242    (0)   14 :  0.006 0.008 0.975 0.004 0.002 0.003 0.002 
432 ZFONF243    (0)   14 :  0.004 0.006 0.970 0.010 0.003 0.003 0.003 
433 ZFONF244    (0)   14 :  0.004 0.007 0.977 0.004 0.003 0.003 0.002 
434 ZFONF245    (0)   14 :  0.005 0.005 0.976 0.007 0.002 0.003 0.002 
435   ZFOS01    (0)   15 :  0.939 0.021 0.009 0.019 0.003 0.006 0.004 
436   ZFOS02    (0)   15 :  0.899 0.037 0.008 0.019 0.006 0.011 0.021 
437   ZFOS03    (0)   15 :  0.915 0.010 0.004 0.006 0.049 0.008 0.009 
438   ZFOS04    (0)   15 :  0.823 0.112 0.007 0.035 0.004 0.007 0.011 
439   ZFOS05    (0)   15 :  0.909 0.039 0.011 0.024 0.003 0.008 0.007 
440   ZFOS06    (0)   15 :  0.930 0.014 0.013 0.022 0.006 0.010 0.005 
441   ZFOS07    (0)   15 :  0.961 0.006 0.004 0.005 0.003 0.005 0.016 
442   ZFOS08    (0)   15 :  0.938 0.017 0.006 0.015 0.003 0.005 0.016 
443   ZFOS09    (0)   15 :  0.823 0.096 0.010 0.020 0.016 0.018 0.017 
444   ZFOS10    (0)   15 :  0.944 0.004 0.002 0.007 0.011 0.010 0.022 
445   ZFOS11    (0)   15 :  0.703 0.017 0.007 0.169 0.004 0.078 0.021 
446   ZFOS12    (0)   15 :  0.665 0.028 0.009 0.034 0.018 0.201 0.046 
447   ZFOS13    (0)   15 :  0.944 0.013 0.004 0.014 0.004 0.009 0.012 
448   ZFOS14    (0)   15 :  0.748 0.011 0.006 0.086 0.008 0.034 0.107 
449   ZFOS15    (0)   15 :  0.975 0.003 0.003 0.006 0.003 0.005 0.005 
450   ZFOS16    (0)   15 :  0.892 0.044 0.009 0.028 0.007 0.009 0.011 
451   ZFOS17    (0)   15 :  0.967 0.004 0.006 0.006 0.005 0.005 0.007 
452   ZFOS18    (0)   15 :  0.960 0.006 0.003 0.009 0.007 0.008 0.007 
453   ZFOS19    (0)   15 :  0.973 0.003 0.004 0.005 0.004 0.006 0.004 
454   ZFOS20    (0)   15 :  0.960 0.007 0.008 0.006 0.005 0.005 0.008 
455   ZFOS21    (0)   15 :  0.944 0.018 0.005 0.018 0.005 0.004 0.006 
456   ZFOS22    (0)   15 :  0.966 0.006 0.006 0.008 0.005 0.006 0.003 
457   ZFOS23    (0)   15 :  0.787 0.003 0.002 0.005 0.013 0.032 0.158 
458   ZFOS24    (0)   15 :  0.974 0.004 0.003 0.008 0.003 0.005 0.003 
459   ZFOS25    (0)   15 :  0.456 0.018 0.020 0.464 0.005 0.022 0.015 
460   ZFOS26    (0)   15 :  0.520 0.225 0.008 0.211 0.004 0.018 0.014 
461   ZFOS27    (0)   15 :  0.927 0.029 0.008 0.018 0.008 0.004 0.006 
462   ZFOS28    (0)   15 :  0.944 0.008 0.004 0.014 0.008 0.010 0.013 
463   ZFOS29    (0)   15 :  0.947 0.009 0.010 0.011 0.010 0.005 0.008 
464   ZFOS30    (0)   15 :  0.966 0.008 0.008 0.005 0.003 0.004 0.005 
465   ZFOS31    (0)   15 :  0.864 0.024 0.030 0.011 0.004 0.031 0.037 
466   ZFOS32    (0)   15 :  0.929 0.022 0.010 0.017 0.005 0.006 0.011 
467   ZFPB01    (0)   16 :  0.003 0.002 0.002 0.003 0.983 0.003 0.004 
468   ZFPB02    (0)   16 :  0.003 0.003 0.005 0.003 0.979 0.003 0.002 
469   ZFPB03    (0)   16 :  0.004 0.003 0.003 0.004 0.980 0.003 0.003 
470   ZFPB05    (0)   16 :  0.002 0.002 0.003 0.002 0.985 0.003 0.002 
471   ZFPB06    (0)   16 :  0.005 0.002 0.002 0.003 0.980 0.003 0.004 
472   ZFPB07    (0)   16 :  0.002 0.004 0.004 0.003 0.983 0.003 0.002 
473   ZFPB08    (0)   16 :  0.004 0.004 0.003 0.003 0.979 0.003 0.003 
474   ZFPB10    (0)   16 :  0.003 0.002 0.002 0.003 0.984 0.003 0.003 
475   ZFPB11    (0)   16 :  0.003 0.002 0.003 0.003 0.983 0.004 0.003 
476   ZFPB12    (0)   16 :  0.003 0.002 0.003 0.003 0.983 0.003 0.003 
477   ZFPB13    (0)   16 :  0.002 0.003 0.003 0.003 0.983 0.003 0.003 
478   ZFPB14    (0)   16 :  0.003 0.004 0.004 0.002 0.982 0.003 0.002 
479   ZFPB15    (0)   16 :  0.003 0.004 0.004 0.003 0.981 0.003 0.002 
480   ZFPB17    (0)   16 :  0.003 0.002 0.002 0.002 0.984 0.004 0.003 
481   ZFPB18    (0)   16 :  0.003 0.002 0.003 0.002 0.985 0.003 0.002 
482   ZFPB19    (0)   16 :  0.004 0.004 0.003 0.003 0.977 0.003 0.005 
483   ZFPB20    (0)   16 :  0.002 0.002 0.002 0.002 0.986 0.003 0.003 
484   ZFPB21    (0)   16 :  0.003 0.004 0.003 0.003 0.982 0.002 0.003 
485   ZFPB22    (0)   16 :  0.003 0.002 0.002 0.002 0.985 0.003 0.003 
486   ZFPB23    (0)   16 :  0.003 0.003 0.003 0.003 0.981 0.003 0.003 
487   ZFSF01    (0)   17 :  0.006 0.004 0.002 0.004 0.002 0.287 0.695 
488   ZFSF02    (0)   17 :  0.019 0.033 0.009 0.017 0.005 0.630 0.288 
489   ZFSF03    (0)   17 :  0.005 0.005 0.003 0.004 0.003 0.220 0.761 
490   ZFSF04    (0)   17 :  0.011 0.007 0.006 0.005 0.002 0.011 0.958 
491  ZFSW101    (0)   18 :  0.008 0.117 0.008 0.009 0.003 0.008 0.848 
492  ZFSW102    (0)   18 :  0.014 0.008 0.006 0.004 0.003 0.007 0.958 
493  ZFSW103    (0)   18 :  0.007 0.027 0.011 0.028 0.003 0.011 0.913 
494  ZFSW104    (9)   18 :  0.041 0.024 0.021 0.009 0.004 0.025 0.876 
495  ZFSW105    (0)   18 :  0.008 0.048 0.010 0.006 0.003 0.006 0.919 
496  ZFSW106    (0)   18 :  0.005 0.020 0.070 0.012 0.007 0.081 0.806 
497  ZFSW107    (0)   18 :  0.006 0.008 0.005 0.004 0.004 0.005 0.968 
498  ZFSW108    (0)   18 :  0.005 0.003 0.003 0.003 0.005 0.007 0.974 
499  ZFSW109    (0)   18 :  0.007 0.007 0.009 0.006 0.003 0.004 0.964 
500  ZFSW110    (0)   18 :  0.007 0.037 0.014 0.013 0.004 0.008 0.918 
501  ZFSW111    (0)   18 :  0.029 0.179 0.014 0.007 0.004 0.010 0.758 
502  ZFSW112    (0)   18 :  0.083 0.039 0.005 0.007 0.004 0.008 0.853 
503  ZFSW113    (0)   18 :  0.012 0.079 0.007 0.011 0.004 0.044 0.843 
504  ZFSW114    (0)   18 :  0.009 0.010 0.007 0.004 0.002 0.010 0.958 
