

----------------------------------------------------
STRUCTURE by Pritchard, Stephens and Donnelly (2000)
     and Falush, Stephens and Pritchard (2003)
       Code by Pritchard, Falush and Hubisz
             Version 2.3.4 (Jul 2012)
----------------------------------------------------



Command line arguments:   bin\structure -m C:\Users\eschumacher\Documents\GitHub\GCC_QUAC_ZAIN\Data_Files\Structure_Files\ZAIN\ZAIN_rebinned_wild\50-50\mainparams -e C:\Users\eschumacher\Documents\GitHub\GCC_QUAC_ZAIN\Data_Files\Structure_Files\ZAIN\ZAIN_rebinned_wild\50-50\extraparams 
Input File:    C:\Users\eschumacher\Documents\GitHub\GCC_QUAC_ZAIN\Data_Files\Structure_Files\ZAIN\ZAIN_rebinned_wild\project_data

Run parameters:
   751 individuals
   11 loci
   11 populations assumed
   50000 Burn-in period
   50000 Reps


--------------------------------------------
Proportion of membership of each pre-defined
 population in each of the 11 clusters

Given    Inferred Clusters                                                               Number of
 Pop       1      2      3      4      5      6      7      8      9     10     11      Individuals

  1:     0.014  0.010  0.011  0.020  0.006  0.004  0.006  0.020  0.005  0.897  0.006       35
  2:     0.006  0.008  0.005  0.010  0.231  0.013  0.672  0.005  0.021  0.006  0.024       36
  3:     0.006  0.014  0.006  0.006  0.122  0.020  0.783  0.005  0.026  0.004  0.009       33
  4:     0.005  0.007  0.010  0.007  0.008  0.010  0.011  0.020  0.008  0.005  0.909       40
  5:     0.005  0.006  0.004  0.004  0.036  0.916  0.007  0.003  0.009  0.004  0.007       39
  6:     0.099  0.056  0.017  0.663  0.019  0.014  0.032  0.027  0.013  0.040  0.020       40
  7:     0.648  0.048  0.052  0.079  0.010  0.011  0.011  0.063  0.023  0.021  0.033       37
  8:     0.003  0.006  0.005  0.005  0.168  0.013  0.767  0.003  0.018  0.006  0.006       40
  9:     0.007  0.007  0.084  0.011  0.006  0.012  0.005  0.008  0.003  0.818  0.038       28
 10:     0.016  0.018  0.006  0.009  0.013  0.008  0.014  0.053  0.008  0.010  0.845       14
 11:     0.048  0.007  0.015  0.006  0.012  0.041  0.007  0.843  0.005  0.008  0.007       13
 12:     0.004  0.006  0.007  0.004  0.902  0.028  0.015  0.002  0.008  0.004  0.019       14
 13:     0.009  0.006  0.006  0.006  0.055  0.012  0.847  0.009  0.038  0.004  0.010       25
 14:     0.006  0.006  0.006  0.006  0.009  0.006  0.015  0.005  0.930  0.005  0.008       40
 15:     0.010  0.016  0.010  0.024  0.054  0.016  0.021  0.008  0.007  0.022  0.812       32
 16:     0.006  0.003  0.003  0.003  0.004  0.004  0.004  0.960  0.004  0.003  0.004       20
 17:     0.037  0.158  0.020  0.257  0.010  0.005  0.010  0.007  0.006  0.480  0.010        4
 18:     0.008  0.010  0.281  0.487  0.009  0.005  0.024  0.014  0.008  0.144  0.010       23
 19:     0.008  0.007  0.932  0.009  0.005  0.004  0.005  0.006  0.004  0.014  0.006       39
 20:     0.011  0.011  0.044  0.015  0.005  0.004  0.006  0.845  0.004  0.049  0.006       38
 21:     0.006  0.011  0.004  0.005  0.749  0.115  0.039  0.005  0.052  0.004  0.009       45
 22:     0.013  0.008  0.005  0.006  0.496  0.112  0.302  0.012  0.024  0.005  0.017       28
 23:     0.024  0.007  0.541  0.046  0.006  0.008  0.007  0.008  0.006  0.342  0.007        6
 24:     0.019  0.876  0.018  0.017  0.013  0.011  0.007  0.006  0.014  0.013  0.006       40
 25:     0.810  0.019  0.010  0.036  0.022  0.010  0.008  0.047  0.011  0.016  0.011       42
--------------------------------------------

Allele-freq. divergence among pops (Net nucleotide distance),
computed using point estimates of P.

      1       2       3       4       5       6       7       8       9      10      11      
 1      -    0.1143  0.1212  0.0675  0.1612  0.1987  0.1976  0.1046  0.2752  0.1298  0.1221  
 2   0.1143     -    0.2029  0.1156  0.1305  0.2471  0.1739  0.2524  0.1866  0.2213  0.1538  
 3   0.1212  0.2029     -    0.1134  0.2754  0.3055  0.2753  0.2183  0.3856  0.0967  0.1747  
 4   0.0675  0.1156  0.1134     -    0.1349  0.2499  0.1268  0.1447  0.1958  0.0946  0.1033  
 5   0.1612  0.1305  0.2754  0.1349     -    0.1382  0.0485  0.2806  0.1241  0.2502  0.1424  
 6   0.1987  0.2471  0.3055  0.2499  0.1382     -    0.2415  0.3614  0.2914  0.2936  0.1752  
 7   0.1976  0.1739  0.2753  0.1268  0.0485  0.2415     -    0.2832  0.1120  0.2478  0.1752  
 8   0.1046  0.2524  0.2183  0.1447  0.2806  0.3614  0.2832     -    0.3512  0.1762  0.2187  
 9   0.2752  0.1866  0.3856  0.1958  0.1241  0.2914  0.1120  0.3512     -    0.3684  0.1865  
10   0.1298  0.2213  0.0967  0.0946  0.2502  0.2936  0.2478  0.1762  0.3684     -    0.1936  
11   0.1221  0.1538  0.1747  0.1033  0.1424  0.1752  0.1752  0.2187  0.1865  0.1936     -    

Average distances (expected heterozygosity) between individuals in same cluster:
cluster  1  : 0.5334 
cluster  2  : 0.3880 
cluster  3  : 0.3148 
cluster  4  : 0.6094 
cluster  5  : 0.4301 
cluster  6  : 0.2287 
cluster  7  : 0.4057 
cluster  8  : 0.4196 
cluster  9  : 0.3629 
cluster 10  : 0.4703 
cluster 11  : 0.4281 

--------------------------------------------
Estimated Ln Prob of Data   = -13528.9
Mean value of ln likelihood = -13123.7
Variance of ln likelihood   = 810.4
Mean value of alpha         = 0.0318

Mean value of Fst_1         = 0.1412
Mean value of Fst_2         = 0.4234
Mean value of Fst_3         = 0.4956
Mean value of Fst_4         = 0.1272
Mean value of Fst_5         = 0.4273
Mean value of Fst_6         = 0.6662
Mean value of Fst_7         = 0.3852
Mean value of Fst_8         = 0.4207
Mean value of Fst_9         = 0.4556
Mean value of Fst_10         = 0.4443
Mean value of Fst_11         = 0.4097


Inferred ancestry of individuals:
        Label (%Miss) Pop:  Inferred clusters
  1    ZFB01    (0)    1 :  0.003 0.003 0.010 0.004 0.003 0.003 0.003 0.006 0.003 0.959 0.003 
  2    ZFB02    (0)    1 :  0.007 0.004 0.014 0.020 0.003 0.002 0.003 0.036 0.003 0.897 0.009 
  3    ZFB03    (0)    1 :  0.017 0.010 0.023 0.021 0.015 0.018 0.011 0.004 0.002 0.872 0.007 
  4    ZFB04    (0)    1 :  0.005 0.003 0.006 0.011 0.003 0.002 0.003 0.023 0.002 0.936 0.006 
  5    ZFB05    (0)    1 :  0.043 0.029 0.012 0.007 0.004 0.009 0.003 0.125 0.009 0.748 0.010 
  6    ZFB06    (0)    1 :  0.044 0.018 0.009 0.009 0.005 0.008 0.003 0.064 0.011 0.820 0.009 
  7    ZFB07    (9)    1 :  0.044 0.014 0.070 0.014 0.006 0.005 0.006 0.007 0.006 0.824 0.004 
  8    ZFB08    (0)    1 :  0.005 0.025 0.025 0.012 0.008 0.004 0.009 0.006 0.008 0.890 0.009 
  9    ZFB09    (0)    1 :  0.003 0.004 0.008 0.005 0.002 0.003 0.003 0.004 0.002 0.962 0.004 
 10    ZFB10    (0)    1 :  0.003 0.005 0.004 0.014 0.008 0.002 0.016 0.007 0.006 0.929 0.006 
 11    ZFB11    (0)    1 :  0.003 0.003 0.004 0.006 0.003 0.002 0.005 0.008 0.003 0.958 0.004 
 12    ZFB12    (0)    1 :  0.012 0.022 0.005 0.016 0.007 0.004 0.006 0.024 0.003 0.899 0.004 
 13    ZFB13    (0)    1 :  0.007 0.013 0.007 0.032 0.009 0.005 0.011 0.006 0.007 0.898 0.006 
 14    ZFB14    (0)    1 :  0.003 0.004 0.006 0.009 0.003 0.003 0.004 0.003 0.003 0.956 0.005 
 15    ZFB15    (0)    1 :  0.004 0.004 0.006 0.004 0.002 0.002 0.002 0.007 0.002 0.964 0.003 
 16    ZFB16    (0)    1 :  0.004 0.009 0.005 0.010 0.007 0.003 0.007 0.010 0.004 0.939 0.003 
 17    ZFB17    (0)    1 :  0.009 0.028 0.006 0.021 0.008 0.002 0.008 0.022 0.010 0.868 0.018 
 18    ZFB18    (0)    1 :  0.003 0.003 0.005 0.007 0.002 0.002 0.003 0.003 0.002 0.965 0.004 
 19    ZFB19    (0)    1 :  0.034 0.039 0.030 0.353 0.027 0.006 0.031 0.007 0.009 0.459 0.005 
 20    ZFB20    (0)    1 :  0.006 0.009 0.005 0.013 0.005 0.002 0.007 0.028 0.004 0.915 0.005 
 21    ZFB21    (0)    1 :  0.006 0.003 0.007 0.003 0.002 0.003 0.002 0.007 0.002 0.962 0.003 
 22    ZFB22    (0)    1 :  0.008 0.011 0.005 0.010 0.009 0.002 0.008 0.041 0.009 0.892 0.007 
 23    ZFB23    (0)    1 :  0.004 0.003 0.003 0.005 0.003 0.003 0.004 0.009 0.003 0.960 0.004 
 24    ZFB24    (0)    1 :  0.003 0.003 0.005 0.005 0.003 0.003 0.004 0.013 0.002 0.956 0.004 
 25    ZFB25    (0)    1 :  0.003 0.003 0.003 0.004 0.005 0.003 0.008 0.004 0.003 0.959 0.004 
 26    ZFB26    (0)    1 :  0.005 0.003 0.004 0.004 0.005 0.003 0.008 0.018 0.003 0.944 0.005 
 27    ZFB27    (0)    1 :  0.004 0.002 0.004 0.004 0.003 0.002 0.004 0.023 0.002 0.948 0.003 
 28    ZFB28    (0)    1 :  0.034 0.016 0.004 0.020 0.006 0.004 0.006 0.065 0.003 0.832 0.011 
 29    ZFB29    (0)    1 :  0.004 0.003 0.004 0.007 0.002 0.002 0.003 0.009 0.002 0.959 0.005 
 30    ZFB30    (0)    1 :  0.128 0.019 0.020 0.008 0.005 0.007 0.004 0.065 0.016 0.724 0.003 
 31    ZFB31    (0)    1 :  0.004 0.003 0.006 0.011 0.006 0.003 0.007 0.005 0.003 0.947 0.004 
 32    ZFB32    (0)    1 :  0.028 0.040 0.007 0.019 0.009 0.006 0.011 0.040 0.004 0.808 0.029 
 33    ZFB33    (0)    1 :  0.004 0.003 0.005 0.004 0.002 0.002 0.003 0.007 0.002 0.965 0.003 
 34    ZFB34    (0)    1 :  0.005 0.004 0.020 0.007 0.003 0.003 0.003 0.003 0.003 0.942 0.005 
 35    ZFB35    (0)    1 :  0.004 0.005 0.013 0.005 0.004 0.004 0.005 0.007 0.003 0.946 0.005 
 36  ZFBP101    (0)    2 :  0.008 0.013 0.004 0.017 0.599 0.014 0.204 0.008 0.037 0.011 0.084 
 37  ZFBP102    (0)    2 :  0.011 0.009 0.006 0.017 0.620 0.005 0.279 0.011 0.012 0.015 0.016 
 38  ZFBP103    (0)    2 :  0.007 0.008 0.004 0.014 0.765 0.015 0.057 0.007 0.010 0.007 0.107 
 39  ZFBP104    (0)    2 :  0.013 0.028 0.023 0.017 0.642 0.008 0.237 0.007 0.006 0.016 0.004 
 40  ZFBP105    (0)    2 :  0.006 0.007 0.005 0.007 0.217 0.012 0.726 0.004 0.005 0.006 0.005 
 41  ZFBP106    (0)    2 :  0.004 0.005 0.003 0.004 0.134 0.019 0.807 0.003 0.009 0.003 0.008 
 42  ZFBP107    (0)    2 :  0.016 0.007 0.004 0.007 0.477 0.015 0.436 0.017 0.004 0.007 0.009 
 43  ZFBP108    (0)    2 :  0.003 0.003 0.003 0.003 0.009 0.006 0.959 0.003 0.004 0.003 0.003 
 44  ZFBP109    (0)    2 :  0.004 0.004 0.005 0.008 0.020 0.005 0.940 0.002 0.005 0.003 0.004 
 45  ZFBP110    (0)    2 :  0.020 0.010 0.010 0.071 0.467 0.075 0.262 0.007 0.006 0.045 0.028 
 46  ZFBP111    (0)    2 :  0.004 0.012 0.003 0.003 0.582 0.008 0.285 0.003 0.093 0.003 0.004 
 47  ZFBP112    (0)    2 :  0.005 0.008 0.004 0.006 0.025 0.010 0.877 0.005 0.042 0.003 0.016 
 48  ZFBP113    (0)    2 :  0.004 0.006 0.004 0.004 0.014 0.003 0.951 0.004 0.004 0.003 0.003 
 49  ZFBP114    (0)    2 :  0.009 0.003 0.004 0.004 0.216 0.005 0.733 0.007 0.009 0.003 0.007 
 50  ZFBP115    (0)    2 :  0.004 0.008 0.002 0.003 0.828 0.017 0.113 0.003 0.010 0.002 0.008 
 51  ZFBP116    (0)    2 :  0.005 0.009 0.003 0.004 0.043 0.005 0.916 0.004 0.005 0.002 0.005 
 52  ZFBP117    (0)    2 :  0.004 0.004 0.003 0.005 0.016 0.006 0.943 0.002 0.007 0.003 0.007 
 53  ZFBP118    (0)    2 :  0.010 0.004 0.003 0.003 0.086 0.004 0.859 0.007 0.015 0.004 0.005 
 54  ZFBP119    (0)    2 :  0.005 0.013 0.004 0.006 0.426 0.018 0.476 0.003 0.019 0.003 0.027 
 55  ZFBP120    (0)    2 :  0.006 0.008 0.006 0.006 0.245 0.011 0.698 0.005 0.005 0.006 0.004 
 56  ZFBP121    (0)    2 :  0.004 0.005 0.005 0.005 0.034 0.008 0.918 0.003 0.005 0.004 0.008 
 57  ZFBP122    (9)    2 :  0.004 0.007 0.003 0.004 0.069 0.007 0.886 0.003 0.010 0.003 0.005 
 58  ZFBP123    (0)    2 :  0.005 0.010 0.004 0.005 0.013 0.005 0.926 0.007 0.013 0.003 0.011 
 59  ZFBP124    (0)    2 :  0.004 0.004 0.006 0.004 0.017 0.004 0.942 0.004 0.005 0.005 0.005 
 60  ZFBP125    (0)    2 :  0.003 0.005 0.002 0.004 0.041 0.009 0.910 0.002 0.015 0.002 0.006 
 61  ZFBP126    (0)    2 :  0.013 0.018 0.005 0.040 0.138 0.003 0.729 0.011 0.006 0.010 0.025 
 62  ZFBP127    (0)    2 :  0.005 0.003 0.004 0.004 0.172 0.091 0.690 0.003 0.005 0.003 0.020 
 63  ZFBP128    (0)    2 :  0.003 0.004 0.004 0.004 0.026 0.016 0.898 0.002 0.025 0.004 0.015 
 64  ZFBP129    (0)    2 :  0.005 0.005 0.006 0.008 0.007 0.007 0.825 0.002 0.123 0.004 0.008 
 65  ZFBP130    (0)    2 :  0.003 0.008 0.002 0.004 0.041 0.011 0.847 0.003 0.056 0.002 0.021 
 66  ZFBP131    (0)    2 :  0.003 0.005 0.004 0.004 0.006 0.003 0.961 0.003 0.004 0.003 0.003 
 67  ZFBP132    (0)    2 :  0.003 0.003 0.003 0.004 0.012 0.013 0.948 0.003 0.004 0.004 0.004 
 68  ZFBP133    (0)    2 :  0.002 0.006 0.004 0.005 0.008 0.003 0.876 0.002 0.086 0.003 0.006 
 69  ZFBP134    (0)    2 :  0.003 0.010 0.004 0.005 0.905 0.005 0.043 0.003 0.010 0.004 0.010 
 70  ZFBP135    (0)    2 :  0.007 0.007 0.007 0.045 0.184 0.019 0.468 0.005 0.016 0.014 0.229 
 71  ZFBP136    (0)    2 :  0.005 0.009 0.004 0.007 0.227 0.017 0.549 0.008 0.047 0.003 0.122 
 72  ZFBP201    (0)    3 :  0.006 0.007 0.004 0.007 0.015 0.011 0.930 0.006 0.004 0.005 0.004 
 73  ZFBP202    (0)    3 :  0.004 0.005 0.007 0.005 0.041 0.009 0.909 0.003 0.007 0.004 0.004 
 74  ZFBP203    (0)    3 :  0.024 0.027 0.005 0.013 0.018 0.005 0.839 0.040 0.018 0.005 0.006 
 75  ZFBP204    (0)    3 :  0.006 0.009 0.005 0.007 0.197 0.017 0.712 0.005 0.022 0.004 0.018 
 76  ZFBP205    (0)    3 :  0.003 0.006 0.003 0.004 0.007 0.003 0.948 0.004 0.011 0.002 0.007 
 77  ZFBP206    (0)    3 :  0.004 0.012 0.006 0.005 0.007 0.005 0.907 0.006 0.032 0.003 0.012 
 78  ZFBP207    (0)    3 :  0.004 0.005 0.005 0.005 0.270 0.080 0.605 0.003 0.007 0.004 0.011 
 79  ZFBP208    (0)    3 :  0.006 0.014 0.004 0.005 0.010 0.003 0.930 0.011 0.007 0.003 0.007 
 80  ZFBP209    (0)    3 :  0.002 0.005 0.003 0.004 0.008 0.003 0.898 0.002 0.066 0.002 0.007 
 81  ZFBP210    (0)    3 :  0.005 0.012 0.004 0.005 0.014 0.011 0.923 0.007 0.010 0.004 0.005 
 82  ZFBP211    (0)    3 :  0.004 0.004 0.006 0.004 0.010 0.009 0.946 0.003 0.004 0.005 0.005 
 83  ZFBP212    (0)    3 :  0.004 0.003 0.004 0.003 0.251 0.036 0.680 0.003 0.006 0.007 0.003 
 84  ZFBP213    (0)    3 :  0.005 0.012 0.015 0.007 0.010 0.011 0.910 0.005 0.009 0.005 0.012 
 85  ZFBP214    (0)    3 :  0.008 0.044 0.017 0.021 0.036 0.036 0.697 0.004 0.091 0.006 0.040 
 86  ZFBP215    (0)    3 :  0.003 0.004 0.004 0.004 0.010 0.005 0.954 0.003 0.006 0.003 0.005 
 87  ZFBP216    (0)    3 :  0.011 0.029 0.004 0.007 0.151 0.005 0.772 0.007 0.006 0.004 0.005 
 88  ZFBP217    (0)    3 :  0.007 0.025 0.006 0.008 0.115 0.042 0.617 0.003 0.165 0.006 0.007 
 89  ZFBP218    (0)    3 :  0.003 0.006 0.003 0.004 0.017 0.003 0.947 0.003 0.010 0.002 0.003 
 90  ZFBP219    (0)    3 :  0.004 0.006 0.003 0.004 0.012 0.003 0.954 0.004 0.004 0.002 0.003 
 91  ZFBP220    (0)    3 :  0.004 0.007 0.003 0.004 0.282 0.013 0.631 0.003 0.033 0.003 0.017 
 92  ZFBP221    (0)    3 :  0.003 0.006 0.004 0.003 0.493 0.007 0.467 0.003 0.007 0.004 0.003 
 93  ZFBP222    (0)    3 :  0.004 0.007 0.004 0.007 0.006 0.003 0.948 0.004 0.007 0.003 0.007 
 94  ZFBP223    (0)    3 :  0.006 0.005 0.006 0.007 0.148 0.191 0.607 0.005 0.009 0.009 0.008 
 95  ZFBP224    (0)    3 :  0.005 0.008 0.007 0.006 0.012 0.005 0.939 0.004 0.005 0.003 0.007 
 96  ZFBP225    (0)    3 :  0.007 0.015 0.003 0.007 0.481 0.021 0.234 0.009 0.207 0.003 0.014 
 97  ZFBP226    (0)    3 :  0.004 0.006 0.004 0.004 0.035 0.005 0.928 0.004 0.004 0.003 0.003 
 98  ZFBP227    (0)    3 :  0.029 0.125 0.019 0.019 0.399 0.009 0.373 0.006 0.007 0.008 0.006 
 99  ZFBP228    (0)    3 :  0.004 0.004 0.005 0.005 0.521 0.064 0.368 0.003 0.006 0.004 0.016 
100  ZFBP229    (0)    3 :  0.004 0.006 0.003 0.005 0.072 0.005 0.879 0.003 0.017 0.002 0.006 
101  ZFBP230    (0)    3 :  0.004 0.009 0.003 0.006 0.347 0.010 0.563 0.003 0.031 0.003 0.020 
102  ZFBP231    (0)    3 :  0.005 0.005 0.005 0.004 0.010 0.006 0.946 0.004 0.005 0.005 0.005 
103  ZFBP232    (0)    3 :  0.003 0.004 0.003 0.003 0.010 0.003 0.958 0.003 0.007 0.003 0.004 
104  ZFBP233    (0)    3 :  0.005 0.010 0.007 0.005 0.021 0.006 0.921 0.003 0.012 0.005 0.005 
105   ZFCC01    (0)    4 :  0.004 0.004 0.019 0.005 0.003 0.004 0.004 0.004 0.004 0.005 0.943 
106   ZFCC03    (0)    4 :  0.003 0.003 0.008 0.004 0.003 0.010 0.004 0.003 0.005 0.003 0.952 
107   ZFCC04    (0)    4 :  0.004 0.004 0.006 0.004 0.004 0.005 0.004 0.003 0.006 0.003 0.957 
108   ZFCC05    (0)    4 :  0.005 0.006 0.010 0.004 0.005 0.012 0.005 0.004 0.006 0.004 0.939 
109   ZFCC08    (0)    4 :  0.003 0.006 0.011 0.004 0.007 0.005 0.011 0.002 0.016 0.002 0.932 
110   ZFCC09    (0)    4 :  0.004 0.003 0.013 0.003 0.003 0.009 0.004 0.003 0.004 0.003 0.951 
111   ZFCC10    (0)    4 :  0.004 0.004 0.054 0.004 0.003 0.004 0.005 0.004 0.004 0.004 0.911 
112   ZFCC11    (0)    4 :  0.004 0.004 0.012 0.004 0.004 0.010 0.005 0.003 0.004 0.004 0.946 
113   ZFCC12    (0)    4 :  0.013 0.007 0.025 0.025 0.007 0.008 0.005 0.041 0.005 0.009 0.856 
114   ZFCC13    (0)    4 :  0.005 0.012 0.004 0.004 0.011 0.008 0.008 0.007 0.007 0.004 0.930 
115   ZFCC14    (0)    4 :  0.005 0.004 0.008 0.008 0.005 0.004 0.010 0.005 0.008 0.007 0.937 
116   ZFCC15    (0)    4 :  0.005 0.009 0.005 0.005 0.004 0.005 0.004 0.005 0.005 0.004 0.949 
117   ZFCC16    (0)    4 :  0.004 0.005 0.006 0.004 0.003 0.004 0.003 0.004 0.005 0.004 0.958 
118   ZFCC17    (0)    4 :  0.005 0.004 0.006 0.004 0.003 0.005 0.003 0.007 0.003 0.005 0.957 
119   ZFCC18    (0)    4 :  0.004 0.004 0.010 0.004 0.004 0.007 0.004 0.004 0.006 0.003 0.950 
120   ZFCC19    (0)    4 :  0.006 0.007 0.004 0.006 0.003 0.003 0.003 0.007 0.003 0.005 0.953 
121   ZFCC20    (0)    4 :  0.004 0.007 0.004 0.004 0.006 0.007 0.003 0.003 0.005 0.003 0.953 
122   ZFCC21    (0)    4 :  0.005 0.039 0.006 0.041 0.014 0.003 0.031 0.006 0.030 0.005 0.819 
123   ZFCC22    (0)    4 :  0.004 0.008 0.016 0.005 0.071 0.006 0.153 0.005 0.044 0.003 0.685 
124   ZFCC26    (0)    4 :  0.004 0.004 0.006 0.004 0.003 0.005 0.003 0.003 0.004 0.005 0.958 
125   ZFCC27    (0)    4 :  0.003 0.003 0.005 0.003 0.004 0.007 0.003 0.002 0.004 0.003 0.963 
126   ZFCC29    (0)    4 :  0.004 0.009 0.006 0.006 0.005 0.004 0.004 0.005 0.005 0.007 0.945 
127   ZFCC30    (0)    4 :  0.003 0.003 0.003 0.003 0.004 0.009 0.003 0.003 0.005 0.003 0.961 
128   ZFCC32    (0)    4 :  0.006 0.012 0.008 0.004 0.005 0.005 0.004 0.007 0.005 0.003 0.940 
129   ZFCC33    (0)    4 :  0.007 0.005 0.005 0.004 0.004 0.006 0.003 0.004 0.003 0.006 0.953 
130   ZFCC34    (0)    4 :  0.005 0.005 0.014 0.008 0.029 0.051 0.047 0.015 0.015 0.021 0.790 
131   ZFCC35    (0)    4 :  0.003 0.004 0.005 0.003 0.004 0.004 0.004 0.003 0.005 0.002 0.964 
132   ZFCC36    (0)    4 :  0.005 0.016 0.005 0.005 0.008 0.004 0.007 0.012 0.012 0.004 0.923 
133   ZFCC37    (0)    4 :  0.016 0.009 0.033 0.039 0.009 0.007 0.009 0.036 0.006 0.008 0.830 
134   ZFCC40    (0)    4 :  0.004 0.002 0.009 0.005 0.003 0.003 0.006 0.006 0.004 0.004 0.953 
135   ZFCC42    (0)    4 :  0.019 0.006 0.005 0.009 0.011 0.104 0.005 0.519 0.009 0.018 0.296 
136   ZFCC44    (0)    4 :  0.004 0.002 0.003 0.003 0.003 0.010 0.003 0.004 0.003 0.003 0.963 
137   ZFCC45    (9)    4 :  0.015 0.007 0.016 0.008 0.005 0.007 0.005 0.012 0.004 0.006 0.916 
138   ZFCC46    (0)    4 :  0.003 0.005 0.003 0.005 0.010 0.010 0.008 0.003 0.024 0.003 0.926 
139   ZFCC47    (0)    4 :  0.006 0.005 0.033 0.009 0.006 0.006 0.005 0.025 0.008 0.005 0.893 
140   ZFCC48    (0)    4 :  0.003 0.010 0.006 0.014 0.009 0.003 0.024 0.003 0.030 0.004 0.893 
141   ZFCC50    (0)    4 :  0.004 0.004 0.005 0.004 0.003 0.003 0.003 0.004 0.003 0.004 0.963 
142   ZFCC51    (0)    4 :  0.003 0.003 0.005 0.003 0.003 0.011 0.003 0.003 0.004 0.003 0.958 
143   ZFCC52    (0)    4 :  0.003 0.006 0.004 0.005 0.007 0.005 0.008 0.006 0.010 0.004 0.943 
144   ZFCC53    (0)    4 :  0.003 0.003 0.005 0.003 0.003 0.006 0.003 0.003 0.003 0.004 0.964 
145  ZFCNS01    (0)    5 :  0.035 0.058 0.003 0.008 0.034 0.828 0.005 0.019 0.003 0.002 0.006 
146  ZFCNS02    (0)    5 :  0.003 0.003 0.003 0.002 0.004 0.968 0.004 0.002 0.004 0.002 0.005 
147  ZFCNS05    (0)    5 :  0.003 0.005 0.005 0.004 0.007 0.950 0.007 0.003 0.004 0.005 0.007 
148  ZFCNS06    (0)    5 :  0.003 0.003 0.003 0.002 0.004 0.966 0.004 0.002 0.004 0.003 0.005 
149  ZFCNS07    (0)    5 :  0.003 0.003 0.003 0.002 0.007 0.959 0.006 0.002 0.009 0.003 0.003 
150  ZFCNS10    (0)    5 :  0.003 0.003 0.002 0.002 0.016 0.950 0.007 0.003 0.005 0.003 0.005 
151  ZFCNS11    (0)    5 :  0.016 0.022 0.003 0.006 0.017 0.906 0.005 0.010 0.004 0.002 0.007 
152  ZFCNS15    (0)    5 :  0.004 0.004 0.003 0.004 0.049 0.904 0.016 0.003 0.007 0.004 0.004 
153  ZFCNS17    (0)    5 :  0.003 0.002 0.003 0.003 0.005 0.968 0.004 0.002 0.004 0.002 0.005 
154  ZFCNS18    (0)    5 :  0.003 0.003 0.003 0.002 0.013 0.953 0.008 0.003 0.004 0.003 0.005 
155  ZFCNS19    (0)    5 :  0.003 0.003 0.003 0.002 0.004 0.970 0.003 0.002 0.003 0.003 0.004 
156  ZFCNS20    (0)    5 :  0.003 0.005 0.003 0.004 0.014 0.934 0.012 0.003 0.015 0.003 0.005 
157  ZFCNS21    (0)    5 :  0.003 0.003 0.003 0.002 0.005 0.971 0.003 0.002 0.002 0.002 0.004 
158  ZFCNS22    (0)    5 :  0.004 0.005 0.005 0.004 0.011 0.943 0.012 0.002 0.005 0.005 0.005 
159  ZFCNS23    (0)    5 :  0.009 0.014 0.006 0.007 0.006 0.899 0.006 0.012 0.014 0.004 0.021 
160  ZFCNS24    (0)    5 :  0.003 0.004 0.003 0.003 0.008 0.954 0.006 0.003 0.006 0.002 0.008 
161  ZFCNS25    (0)    5 :  0.003 0.004 0.003 0.004 0.012 0.943 0.010 0.003 0.010 0.002 0.006 
162  ZFCNS26    (0)    5 :  0.003 0.003 0.003 0.003 0.006 0.967 0.004 0.002 0.004 0.003 0.003 
163  ZFCNS27    (0)    5 :  0.004 0.004 0.003 0.004 0.058 0.886 0.023 0.002 0.009 0.003 0.003 
164  ZFCNS28    (0)    5 :  0.003 0.003 0.004 0.003 0.005 0.966 0.004 0.002 0.004 0.003 0.004 
165  ZFCNS29    (0)    5 :  0.004 0.005 0.004 0.004 0.008 0.952 0.006 0.002 0.004 0.003 0.007 
166  ZFCNS30    (0)    5 :  0.003 0.004 0.005 0.003 0.008 0.957 0.005 0.002 0.003 0.004 0.006 
167  ZFCNS31    (0)    5 :  0.003 0.003 0.003 0.002 0.005 0.968 0.003 0.002 0.004 0.003 0.003 
168  ZFCNS32    (0)    5 :  0.003 0.005 0.004 0.004 0.010 0.953 0.005 0.003 0.006 0.003 0.005 
169  ZFCNS33    (0)    5 :  0.003 0.004 0.003 0.002 0.005 0.969 0.003 0.002 0.004 0.003 0.003 
170  ZFCNS34    (0)    5 :  0.004 0.005 0.005 0.003 0.006 0.954 0.005 0.003 0.004 0.003 0.009 
171  ZFCNS35    (0)    5 :  0.003 0.003 0.010 0.013 0.025 0.898 0.014 0.002 0.004 0.021 0.007 
172  ZFCNS36    (0)    5 :  0.003 0.005 0.003 0.003 0.008 0.949 0.006 0.003 0.008 0.002 0.012 
173  ZFCNS37    (0)    5 :  0.010 0.004 0.004 0.004 0.108 0.846 0.005 0.002 0.008 0.003 0.005 
174  ZFCNS39    (0)    5 :  0.005 0.016 0.002 0.005 0.025 0.894 0.008 0.003 0.024 0.002 0.014 
175  ZFCNS40    (0)    5 :  0.005 0.009 0.003 0.004 0.126 0.678 0.009 0.003 0.133 0.002 0.028 
176  ZFCNS41    (0)    5 :  0.010 0.012 0.006 0.009 0.655 0.263 0.015 0.004 0.006 0.005 0.016 
177  ZFCNS42    (0)    5 :  0.003 0.002 0.003 0.003 0.007 0.967 0.004 0.002 0.003 0.003 0.003 
178  ZFCNS43    (0)    5 :  0.003 0.003 0.003 0.002 0.004 0.971 0.003 0.002 0.003 0.003 0.004 
179  ZFCNS44    (0)    5 :  0.003 0.002 0.003 0.003 0.014 0.954 0.007 0.003 0.003 0.003 0.005 
180  ZFCNS46    (0)    5 :  0.004 0.005 0.004 0.004 0.008 0.955 0.006 0.002 0.004 0.003 0.005 
181  ZFCNS47    (0)    5 :  0.003 0.003 0.003 0.002 0.005 0.970 0.003 0.002 0.003 0.002 0.004 
182  ZFCNS48    (0)    5 :  0.004 0.004 0.004 0.004 0.029 0.925 0.012 0.004 0.005 0.004 0.006 
183  ZFCNS49    (0)    5 :  0.003 0.002 0.003 0.003 0.057 0.907 0.010 0.003 0.004 0.004 0.003 
184   ZFCR01    (0)    6 :  0.054 0.004 0.021 0.872 0.004 0.003 0.011 0.011 0.007 0.007 0.005 
185   ZFCR02    (0)    6 :  0.009 0.005 0.004 0.917 0.005 0.005 0.010 0.008 0.008 0.011 0.018 
186   ZFCR03    (0)    6 :  0.014 0.016 0.009 0.815 0.006 0.003 0.017 0.064 0.008 0.023 0.026 
187   ZFCR04    (0)    6 :  0.056 0.013 0.079 0.581 0.023 0.009 0.016 0.025 0.019 0.163 0.015 
188   ZFCR05    (0)    6 :  0.017 0.009 0.012 0.925 0.003 0.002 0.004 0.007 0.003 0.009 0.007 
189   ZFCR06    (0)    6 :  0.011 0.006 0.013 0.817 0.025 0.066 0.020 0.005 0.009 0.016 0.010 
190   ZFCR07    (0)    6 :  0.154 0.138 0.011 0.495 0.040 0.078 0.009 0.009 0.004 0.041 0.021 
191   ZFCR08    (0)    6 :  0.459 0.007 0.088 0.191 0.013 0.004 0.023 0.044 0.043 0.021 0.108 
192   ZFCR09    (0)    6 :  0.032 0.018 0.011 0.400 0.054 0.013 0.067 0.279 0.015 0.079 0.029 
193   ZFCR11    (0)    6 :  0.025 0.018 0.017 0.848 0.032 0.010 0.017 0.007 0.002 0.019 0.007 
194   ZFCR12    (0)    6 :  0.008 0.018 0.005 0.761 0.052 0.113 0.010 0.003 0.013 0.006 0.010 
195   ZFCR13    (0)    6 :  0.300 0.271 0.006 0.250 0.015 0.008 0.095 0.003 0.005 0.039 0.008 
196   ZFCR14    (0)    6 :  0.014 0.024 0.012 0.889 0.009 0.006 0.007 0.005 0.012 0.014 0.008 
197   ZFCR15    (0)    6 :  0.057 0.014 0.019 0.760 0.015 0.005 0.021 0.009 0.038 0.051 0.012 
198   ZFCR16    (0)    6 :  0.026 0.010 0.007 0.889 0.007 0.002 0.018 0.004 0.015 0.016 0.007 
199   ZFCR18    (0)    6 :  0.016 0.007 0.008 0.653 0.006 0.006 0.009 0.005 0.005 0.268 0.017 
200   ZFCR19    (0)    6 :  0.006 0.007 0.006 0.865 0.012 0.006 0.015 0.031 0.027 0.015 0.009 
201   ZFCR20    (0)    6 :  0.018 0.039 0.026 0.821 0.009 0.005 0.029 0.013 0.007 0.024 0.010 
202   ZFCR21    (0)    6 :  0.009 0.023 0.004 0.920 0.006 0.003 0.005 0.003 0.011 0.004 0.012 
203   ZFCR22    (0)    6 :  0.006 0.046 0.002 0.899 0.006 0.003 0.006 0.005 0.014 0.007 0.006 
204   ZFCR23    (0)    6 :  0.071 0.047 0.004 0.736 0.037 0.005 0.050 0.031 0.006 0.010 0.003 
205   ZFCR24    (9)    6 :  0.089 0.106 0.033 0.105 0.015 0.004 0.502 0.025 0.006 0.105 0.009 
206   ZFCR25    (0)    6 :  0.009 0.010 0.009 0.940 0.005 0.003 0.004 0.004 0.004 0.007 0.005 
207   ZFCR26    (0)    6 :  0.010 0.180 0.008 0.712 0.009 0.004 0.009 0.039 0.012 0.004 0.012 
208   ZFCR27    (9)    6 :  0.351 0.043 0.020 0.547 0.003 0.003 0.003 0.011 0.003 0.011 0.005 
209   ZFCR28    (0)    6 :  0.089 0.006 0.005 0.731 0.022 0.029 0.054 0.005 0.045 0.004 0.010 
210   ZFCR29    (0)    6 :  0.005 0.016 0.006 0.941 0.004 0.002 0.004 0.005 0.004 0.007 0.004 
211   ZFCR30    (0)    6 :  0.011 0.042 0.006 0.890 0.010 0.009 0.006 0.006 0.007 0.006 0.007 
212   ZFCR31    (0)    6 :  0.019 0.023 0.013 0.532 0.064 0.048 0.061 0.046 0.018 0.162 0.015 
213   ZFCR33    (0)    6 :  0.736 0.032 0.043 0.061 0.015 0.006 0.012 0.034 0.013 0.007 0.040 
214   ZFCR34    (0)    6 :  0.048 0.261 0.005 0.423 0.033 0.010 0.019 0.014 0.010 0.162 0.015 
215   ZFCR35    (0)    6 :  0.011 0.005 0.011 0.829 0.005 0.004 0.005 0.018 0.004 0.098 0.009 
216   ZFCR36    (0)    6 :  0.012 0.022 0.006 0.866 0.009 0.018 0.006 0.013 0.004 0.037 0.007 
217   ZFCR37    (0)    6 :  0.104 0.598 0.058 0.054 0.004 0.004 0.004 0.039 0.004 0.062 0.069 
218   ZFCR38    (0)    6 :  0.567 0.034 0.046 0.246 0.009 0.008 0.007 0.025 0.012 0.007 0.038 
219   ZFCR39    (0)    6 :  0.297 0.008 0.010 0.260 0.023 0.003 0.055 0.185 0.040 0.020 0.100 
220   ZFCR40    (0)    6 :  0.137 0.012 0.011 0.745 0.013 0.004 0.010 0.032 0.004 0.010 0.021 
221   ZFCR41    (0)    6 :  0.011 0.017 0.007 0.778 0.115 0.013 0.007 0.003 0.022 0.005 0.021 
222   ZFCR42    (0)    6 :  0.083 0.065 0.008 0.680 0.033 0.019 0.020 0.017 0.017 0.006 0.053 
223   ZFCR43    (0)    6 :  0.011 0.009 0.011 0.892 0.006 0.006 0.032 0.004 0.004 0.022 0.004 
224  ZFENP25    (0)    7 :  0.841 0.007 0.044 0.048 0.005 0.003 0.011 0.005 0.011 0.004 0.020 
225  ZFENP26    (0)    7 :  0.954 0.004 0.005 0.008 0.004 0.003 0.002 0.007 0.003 0.006 0.005 
226  ZFENP27    (0)    7 :  0.322 0.005 0.022 0.198 0.023 0.049 0.017 0.031 0.011 0.018 0.302 
227  ZFENP28    (0)    7 :  0.881 0.011 0.027 0.029 0.005 0.009 0.004 0.011 0.005 0.008 0.010 
228  ZFENP29    (0)    7 :  0.923 0.009 0.005 0.027 0.004 0.004 0.004 0.005 0.004 0.004 0.010 
229  ZFENP30    (0)    7 :  0.865 0.013 0.008 0.011 0.005 0.010 0.006 0.015 0.007 0.008 0.052 
230  ZFENP31    (0)    7 :  0.351 0.009 0.017 0.018 0.007 0.012 0.009 0.483 0.005 0.016 0.072 
231  ZFENP32    (0)    7 :  0.255 0.012 0.021 0.115 0.020 0.029 0.023 0.260 0.007 0.229 0.028 
232  ZFENP33    (0)    7 :  0.850 0.045 0.034 0.016 0.007 0.005 0.007 0.014 0.003 0.013 0.007 
233  ZFENP34    (0)    7 :  0.255 0.009 0.563 0.041 0.008 0.015 0.008 0.016 0.005 0.040 0.041 
234  ZFENP35    (0)    7 :  0.896 0.007 0.007 0.005 0.017 0.012 0.008 0.022 0.004 0.017 0.005 
235  ZFENP36    (0)    7 :  0.940 0.007 0.006 0.006 0.004 0.010 0.003 0.011 0.002 0.009 0.003 
236  ZFENP37    (0)    7 :  0.510 0.035 0.332 0.008 0.008 0.008 0.006 0.067 0.004 0.014 0.008 
237  ZFENP38    (0)    7 :  0.423 0.439 0.032 0.014 0.008 0.016 0.005 0.024 0.004 0.011 0.023 
238  ZFENP39    (0)    7 :  0.797 0.014 0.029 0.095 0.005 0.005 0.004 0.023 0.003 0.012 0.014 
239  ZFENP40    (0)    7 :  0.820 0.007 0.018 0.062 0.007 0.006 0.010 0.042 0.004 0.016 0.008 
240  ZFENP41    (0)    7 :  0.800 0.006 0.016 0.036 0.007 0.009 0.007 0.014 0.009 0.020 0.077 
241  ZFENP42    (0)    7 :  0.799 0.036 0.004 0.014 0.005 0.003 0.003 0.122 0.005 0.003 0.006 
242  ZFENP43    (0)    7 :  0.694 0.087 0.033 0.024 0.030 0.053 0.007 0.022 0.006 0.008 0.038 
243  ZFENP44    (0)    7 :  0.827 0.026 0.020 0.011 0.010 0.011 0.006 0.061 0.003 0.006 0.020 
244  ZFENP45    (0)    7 :  0.478 0.041 0.011 0.017 0.016 0.008 0.030 0.060 0.312 0.008 0.019 
245  ZFENP46    (0)    7 :  0.814 0.053 0.035 0.019 0.018 0.007 0.015 0.024 0.004 0.007 0.004 
246  ZFENP47    (0)    7 :  0.191 0.005 0.009 0.125 0.005 0.004 0.017 0.378 0.145 0.039 0.081 
247  ZFENP48    (0)    7 :  0.205 0.025 0.438 0.113 0.011 0.011 0.026 0.039 0.023 0.020 0.090 
248  ZFENP49    (0)    7 :  0.220 0.010 0.005 0.673 0.007 0.006 0.012 0.011 0.011 0.026 0.019 
249  ZFENP50    (0)    7 :  0.731 0.070 0.006 0.045 0.025 0.004 0.058 0.039 0.010 0.008 0.005 
250  ZFENP51    (0)    7 :  0.535 0.018 0.014 0.040 0.004 0.005 0.004 0.300 0.044 0.028 0.009 
251  ZFENP52    (0)    7 :  0.925 0.013 0.004 0.006 0.013 0.011 0.004 0.007 0.005 0.003 0.010 
252  ZFENP53    (0)    7 :  0.815 0.023 0.008 0.017 0.024 0.012 0.039 0.014 0.030 0.007 0.010 
253  ZFENP54    (0)    7 :  0.140 0.014 0.008 0.746 0.012 0.006 0.025 0.011 0.006 0.012 0.021 
254  ZFENP55    (0)    7 :  0.236 0.580 0.030 0.061 0.005 0.004 0.005 0.023 0.004 0.048 0.004 
255  ZFENP56    (0)    7 :  0.853 0.068 0.008 0.009 0.008 0.010 0.004 0.012 0.005 0.014 0.009 
256  ZFENP57    (0)    7 :  0.840 0.017 0.019 0.015 0.008 0.011 0.004 0.066 0.002 0.012 0.005 
257  ZFENP58    (0)    7 :  0.524 0.033 0.006 0.134 0.014 0.015 0.010 0.017 0.141 0.029 0.078 
258  ZFENP59    (0)    7 :  0.820 0.009 0.010 0.020 0.005 0.005 0.006 0.033 0.004 0.012 0.075 
259  ZFENP60    (0)    7 :  0.786 0.013 0.036 0.061 0.010 0.007 0.012 0.014 0.014 0.036 0.011 
260  ZFENP61    (0)    7 :  0.863 0.008 0.019 0.052 0.004 0.004 0.004 0.009 0.003 0.017 0.017 
261 ZFFDSP01    (0)    8 :  0.003 0.008 0.005 0.005 0.126 0.015 0.803 0.003 0.020 0.007 0.004 
262 ZFFDSP02    (0)    8 :  0.003 0.004 0.004 0.005 0.013 0.004 0.953 0.002 0.005 0.003 0.004 
263 ZFFDSP04    (0)    8 :  0.002 0.005 0.004 0.005 0.023 0.003 0.932 0.002 0.014 0.005 0.004 
264 ZFFDSP05    (0)    8 :  0.003 0.008 0.003 0.005 0.395 0.005 0.557 0.003 0.012 0.004 0.004 
265 ZFFDSP06    (0)    8 :  0.002 0.005 0.004 0.004 0.021 0.003 0.938 0.002 0.012 0.002 0.006 
266 ZFFDSP07    (0)    8 :  0.005 0.008 0.004 0.006 0.008 0.004 0.921 0.004 0.023 0.003 0.015 
267 ZFFDSP08    (0)    8 :  0.005 0.013 0.003 0.004 0.034 0.011 0.839 0.004 0.071 0.003 0.013 
268 ZFFDSP10    (0)    8 :  0.004 0.007 0.004 0.005 0.034 0.006 0.918 0.003 0.011 0.004 0.005 
269 ZFFDSP11    (0)    8 :  0.003 0.008 0.004 0.005 0.051 0.003 0.907 0.003 0.008 0.005 0.004 
270 ZFFDSP12    (0)    8 :  0.003 0.004 0.003 0.003 0.010 0.004 0.957 0.002 0.008 0.002 0.004 
271 ZFFDSP13    (0)    8 :  0.005 0.008 0.004 0.005 0.913 0.009 0.036 0.004 0.004 0.003 0.009 
272 ZFFDSP14    (0)    8 :  0.003 0.006 0.005 0.005 0.006 0.004 0.944 0.003 0.015 0.003 0.007 
273 ZFFDSP16    (0)    8 :  0.006 0.007 0.006 0.011 0.019 0.016 0.916 0.004 0.004 0.006 0.006 
274 ZFFDSP17    (0)    8 :  0.004 0.008 0.005 0.005 0.023 0.005 0.932 0.003 0.009 0.003 0.005 
275 ZFFDSP18    (0)    8 :  0.003 0.004 0.005 0.006 0.008 0.004 0.941 0.002 0.015 0.005 0.006 
276 ZFFDSP19    (0)    8 :  0.003 0.004 0.007 0.005 0.046 0.145 0.738 0.003 0.022 0.004 0.022 
277 ZFFDSP21    (0)    8 :  0.003 0.004 0.008 0.007 0.404 0.064 0.477 0.002 0.010 0.003 0.017 
278 ZFFDSP22    (0)    8 :  0.003 0.006 0.003 0.004 0.013 0.004 0.902 0.002 0.056 0.002 0.005 
279 ZFFDSP23    (0)    8 :  0.003 0.005 0.004 0.005 0.144 0.010 0.664 0.002 0.155 0.002 0.005 
280 ZFFDSP24    (0)    8 :  0.003 0.006 0.005 0.005 0.353 0.013 0.595 0.003 0.007 0.005 0.005 
281 ZFFDSP26    (9)    8 :  0.003 0.006 0.003 0.005 0.209 0.006 0.740 0.003 0.016 0.004 0.005 
282 ZFFDSP27    (0)    8 :  0.003 0.004 0.005 0.005 0.030 0.007 0.928 0.003 0.007 0.004 0.004 
283 ZFFDSP28    (0)    8 :  0.008 0.013 0.031 0.014 0.048 0.005 0.811 0.013 0.009 0.040 0.010 
284 ZFFDSP30    (0)    8 :  0.004 0.009 0.006 0.009 0.493 0.037 0.353 0.008 0.010 0.063 0.007 
285 ZFFDSP31    (0)    8 :  0.004 0.005 0.009 0.004 0.016 0.007 0.938 0.002 0.005 0.003 0.006 
286 ZFFDSP32    (0)    8 :  0.003 0.005 0.004 0.004 0.014 0.005 0.952 0.002 0.005 0.003 0.003 
287 ZFFDSP33    (0)    8 :  0.003 0.003 0.004 0.003 0.034 0.005 0.933 0.003 0.006 0.003 0.003 
288 ZFFDSP34    (0)    8 :  0.003 0.005 0.004 0.004 0.018 0.006 0.941 0.002 0.009 0.003 0.007 
289 ZFFDSP35    (0)    8 :  0.003 0.005 0.004 0.004 0.310 0.005 0.648 0.002 0.008 0.005 0.004 
290 ZFFDSP37    (0)    8 :  0.003 0.004 0.005 0.005 0.022 0.006 0.942 0.002 0.004 0.003 0.004 
291 ZFFDSP38    (0)    8 :  0.003 0.004 0.004 0.003 0.010 0.007 0.951 0.003 0.005 0.005 0.004 
292 ZFFDSP39    (0)    8 :  0.003 0.003 0.003 0.004 0.713 0.007 0.252 0.002 0.006 0.004 0.003 
293 ZFFDSP40    (0)    8 :  0.003 0.003 0.004 0.005 0.472 0.008 0.489 0.002 0.005 0.006 0.004 
294 ZFFDSP42    (0)    8 :  0.003 0.006 0.003 0.005 0.106 0.009 0.776 0.002 0.080 0.004 0.006 
295 ZFFDSP43    (0)    8 :  0.003 0.003 0.004 0.004 0.036 0.011 0.919 0.002 0.010 0.004 0.004 
296 ZFFDSP44    (0)    8 :  0.003 0.005 0.005 0.003 0.125 0.010 0.831 0.003 0.005 0.006 0.004 
297 ZFFDSP45    (0)    8 :  0.003 0.004 0.004 0.005 0.031 0.008 0.928 0.002 0.005 0.005 0.005 
298 ZFFDSP46    (0)    8 :  0.003 0.005 0.005 0.006 0.053 0.009 0.896 0.002 0.011 0.004 0.005 
299 ZFFDSP47    (0)    8 :  0.003 0.006 0.003 0.003 0.677 0.013 0.273 0.003 0.011 0.004 0.004 
300 ZFFDSP48    (0)    8 :  0.003 0.004 0.004 0.005 0.659 0.013 0.296 0.003 0.006 0.004 0.004 
301    ZFI01    (0)    9 :  0.010 0.010 0.037 0.030 0.005 0.009 0.005 0.034 0.005 0.845 0.011 
302    ZFI02    (0)    9 :  0.005 0.007 0.021 0.015 0.004 0.007 0.005 0.011 0.004 0.916 0.004 
303    ZFI03    (0)    9 :  0.005 0.007 0.053 0.009 0.005 0.008 0.003 0.005 0.003 0.895 0.006 
304    ZFI04    (0)    9 :  0.007 0.005 0.862 0.005 0.004 0.005 0.004 0.016 0.003 0.085 0.004 
305    ZFI05    (0)    9 :  0.007 0.005 0.006 0.006 0.005 0.014 0.004 0.004 0.003 0.941 0.005 
306    ZFI06    (0)    9 :  0.025 0.010 0.021 0.053 0.032 0.080 0.017 0.012 0.003 0.743 0.004 
307    ZFI07    (0)    9 :  0.006 0.007 0.492 0.006 0.003 0.005 0.004 0.005 0.002 0.465 0.005 
308    ZFI08    (0)    9 :  0.010 0.009 0.110 0.019 0.003 0.005 0.003 0.008 0.004 0.823 0.006 
309    ZFI09    (0)    9 :  0.008 0.005 0.016 0.015 0.004 0.007 0.004 0.009 0.003 0.925 0.004 
310    ZFI10    (0)    9 :  0.007 0.006 0.052 0.007 0.006 0.061 0.005 0.012 0.004 0.836 0.005 
311    ZFI11    (0)    9 :  0.007 0.007 0.081 0.009 0.004 0.007 0.004 0.019 0.003 0.855 0.005 
312    ZFI12    (0)    9 :  0.006 0.012 0.147 0.008 0.006 0.013 0.005 0.004 0.003 0.787 0.007 
313    ZFI13    (0)    9 :  0.007 0.006 0.014 0.010 0.004 0.006 0.004 0.007 0.003 0.933 0.007 
314    ZFI14    (0)    9 :  0.004 0.004 0.009 0.006 0.007 0.006 0.008 0.004 0.003 0.944 0.005 
315    ZFI15    (0)    9 :  0.005 0.004 0.008 0.009 0.004 0.005 0.003 0.004 0.002 0.953 0.004 
316    ZFI16    (0)    9 :  0.005 0.004 0.016 0.007 0.004 0.005 0.003 0.003 0.002 0.947 0.005 
317    ZFI17    (0)    9 :  0.010 0.007 0.064 0.005 0.005 0.011 0.004 0.007 0.003 0.881 0.004 
318    ZFI18    (0)    9 :  0.008 0.004 0.013 0.005 0.004 0.005 0.003 0.006 0.002 0.946 0.003 
319    ZFI19    (9)    9 :  0.005 0.005 0.009 0.007 0.003 0.004 0.003 0.004 0.002 0.955 0.004 
320    ZFI20    (0)    9 :  0.004 0.005 0.008 0.008 0.005 0.004 0.004 0.004 0.003 0.952 0.003 
321    ZFI21    (0)    9 :  0.003 0.005 0.005 0.005 0.008 0.006 0.007 0.004 0.003 0.951 0.003 
322    ZFI22    (0)    9 :  0.005 0.005 0.023 0.011 0.004 0.004 0.005 0.009 0.004 0.924 0.007 
323    ZFI23    (0)    9 :  0.005 0.006 0.033 0.007 0.004 0.007 0.004 0.004 0.003 0.923 0.005 
324    ZFI24    (0)    9 :  0.006 0.010 0.061 0.010 0.005 0.012 0.005 0.004 0.004 0.875 0.007 
325    ZFI25    (0)    9 :  0.007 0.006 0.099 0.015 0.004 0.006 0.006 0.004 0.004 0.840 0.007 
326    ZFI26    (0)    9 :  0.007 0.008 0.069 0.012 0.004 0.005 0.004 0.004 0.003 0.876 0.009 
327    ZFI27    (0)    9 :  0.008 0.012 0.031 0.006 0.007 0.028 0.005 0.004 0.003 0.889 0.005 
328    ZFK01    (0)    9 :  0.012 0.010 0.004 0.006 0.009 0.011 0.010 0.011 0.006 0.005 0.917 
329    ZFK02    (0)   10 :  0.015 0.016 0.004 0.009 0.011 0.016 0.008 0.007 0.007 0.008 0.899 
330    ZFK03    (0)   10 :  0.013 0.009 0.005 0.008 0.008 0.010 0.008 0.020 0.007 0.007 0.904 
331    ZFK04    (0)   10 :  0.017 0.010 0.009 0.011 0.007 0.009 0.007 0.090 0.006 0.016 0.818 
332    ZFK05    (0)   10 :  0.014 0.007 0.010 0.006 0.005 0.011 0.005 0.170 0.004 0.010 0.758 
333    ZFK06    (0)   10 :  0.028 0.012 0.011 0.015 0.006 0.007 0.006 0.013 0.004 0.020 0.879 
334    ZFK07    (0)   10 :  0.009 0.013 0.003 0.005 0.009 0.007 0.008 0.022 0.008 0.003 0.913 
335    ZFK08    (0)   10 :  0.031 0.057 0.009 0.026 0.010 0.004 0.012 0.142 0.006 0.021 0.684 
336    ZFK10    (0)   10 :  0.018 0.010 0.007 0.015 0.006 0.007 0.008 0.018 0.005 0.018 0.889 
337    ZFK11    (0)   10 :  0.024 0.009 0.008 0.006 0.007 0.007 0.007 0.045 0.004 0.007 0.876 
338    ZFK12    (0)   10 :  0.012 0.043 0.003 0.007 0.016 0.005 0.011 0.009 0.013 0.004 0.876 
339    ZFK13    (0)   10 :  0.013 0.019 0.003 0.006 0.038 0.006 0.044 0.040 0.015 0.004 0.811 
340    ZFK14    (0)   10 :  0.005 0.009 0.004 0.004 0.012 0.008 0.012 0.013 0.010 0.005 0.918 
341    ZFK15    (0)   10 :  0.018 0.015 0.005 0.009 0.028 0.009 0.050 0.138 0.009 0.008 0.710 
342    ZFK16    (0)   10 :  0.009 0.016 0.004 0.005 0.018 0.008 0.018 0.011 0.011 0.003 0.896 
343   ZFLB01    (0)   11 :  0.007 0.004 0.007 0.004 0.012 0.006 0.012 0.930 0.004 0.010 0.003 
344   ZFLB02    (0)   11 :  0.112 0.007 0.078 0.011 0.005 0.003 0.004 0.764 0.005 0.008 0.003 
345   ZFLB03    (0)   11 :  0.162 0.008 0.010 0.010 0.010 0.082 0.005 0.696 0.006 0.007 0.005 
346   ZFLB04    (0)   11 :  0.009 0.004 0.005 0.005 0.034 0.233 0.017 0.666 0.005 0.016 0.006 
347   ZFLB05    (0)   11 :  0.009 0.004 0.007 0.004 0.013 0.023 0.006 0.910 0.003 0.019 0.003 
348   ZFLB06    (0)   11 :  0.011 0.004 0.004 0.004 0.006 0.005 0.007 0.943 0.004 0.004 0.009 
349   ZFLB07    (0)   11 :  0.138 0.019 0.005 0.009 0.043 0.140 0.016 0.599 0.009 0.006 0.016 
350   ZFLB08    (0)   11 :  0.084 0.012 0.053 0.008 0.006 0.007 0.005 0.807 0.004 0.012 0.004 
351   ZFLB09    (9)   11 :  0.006 0.004 0.005 0.004 0.005 0.004 0.005 0.953 0.003 0.007 0.006 
352   ZFLB10    (0)   11 :  0.006 0.004 0.004 0.004 0.006 0.010 0.004 0.950 0.002 0.008 0.003 
353   ZFLB11    (0)   11 :  0.007 0.007 0.003 0.004 0.006 0.004 0.006 0.939 0.009 0.003 0.013 
354   ZFLB12    (0)   11 :  0.010 0.003 0.005 0.003 0.003 0.003 0.003 0.957 0.002 0.004 0.005 
355   ZFLB13    (0)   11 :  0.070 0.016 0.008 0.007 0.013 0.008 0.009 0.847 0.004 0.004 0.012 
356  ZFLTI01    (0)   12 :  0.004 0.007 0.004 0.006 0.916 0.008 0.014 0.002 0.010 0.004 0.026 
357  ZFLTI02    (0)   12 :  0.004 0.006 0.008 0.004 0.850 0.034 0.014 0.002 0.011 0.003 0.064 
358  ZFLTI03    (0)   12 :  0.003 0.006 0.006 0.003 0.941 0.012 0.008 0.002 0.009 0.003 0.008 
359  ZFLTI04    (0)   12 :  0.005 0.009 0.006 0.005 0.913 0.024 0.014 0.003 0.006 0.005 0.011 
360  ZFLTI05    (0)   12 :  0.003 0.005 0.006 0.003 0.942 0.017 0.007 0.002 0.004 0.003 0.007 
