

----------------------------------------------------
STRUCTURE by Pritchard, Stephens and Donnelly (2000)
     and Falush, Stephens and Pritchard (2003)
       Code by Pritchard, Falush and Hubisz
             Version 2.3.4 (Jul 2012)
----------------------------------------------------



Command line arguments:   bin\structure -m C:\Users\eschumacher\Documents\GitHub\GCC_QUAC_ZAIN\Data_Files\Structure_Files\ZAIN\ZAIN_rebinned_wild\50-50\mainparams -e C:\Users\eschumacher\Documents\GitHub\GCC_QUAC_ZAIN\Data_Files\Structure_Files\ZAIN\ZAIN_rebinned_wild\50-50\extraparams 
Input File:    C:\Users\eschumacher\Documents\GitHub\GCC_QUAC_ZAIN\Data_Files\Structure_Files\ZAIN\ZAIN_rebinned_wild\project_data

Run parameters:
   751 individuals
   11 loci
   13 populations assumed
   50000 Burn-in period
   50000 Reps


--------------------------------------------
Proportion of membership of each pre-defined
 population in each of the 13 clusters

Given    Inferred Clusters                                                                             Number of
 Pop       1      2      3      4      5      6      7      8      9     10     11     12     13      Individuals

  1:     0.006  0.014  0.006  0.004  0.019  0.008  0.876  0.011  0.012  0.010  0.005  0.024  0.004       35
  2:     0.223  0.005  0.664  0.021  0.010  0.019  0.006  0.005  0.006  0.007  0.017  0.005  0.013       36
  3:     0.128  0.004  0.764  0.026  0.006  0.009  0.004  0.005  0.006  0.013  0.008  0.006  0.019       33
  4:     0.008  0.016  0.012  0.009  0.008  0.037  0.006  0.010  0.006  0.007  0.865  0.007  0.009       40
  5:     0.036  0.003  0.007  0.009  0.004  0.006  0.004  0.003  0.005  0.006  0.006  0.004  0.909       39
  6:     0.019  0.024  0.032  0.013  0.644  0.013  0.039  0.017  0.094  0.055  0.018  0.018  0.013       40
  7:     0.011  0.026  0.011  0.022  0.077  0.050  0.023  0.056  0.599  0.049  0.022  0.046  0.010       37
  8:     0.173  0.003  0.754  0.018  0.005  0.005  0.006  0.005  0.003  0.006  0.006  0.003  0.013       40
  9:     0.006  0.027  0.005  0.003  0.011  0.040  0.799  0.075  0.007  0.006  0.005  0.004  0.012       28
 10:     0.007  0.005  0.007  0.006  0.004  0.922  0.004  0.004  0.004  0.005  0.020  0.006  0.005       14
 11:     0.013  0.010  0.010  0.005  0.008  0.021  0.010  0.014  0.023  0.013  0.006  0.835  0.031       13
 12:     0.893  0.003  0.015  0.008  0.004  0.006  0.004  0.007  0.004  0.006  0.020  0.002  0.027       14
 13:     0.057  0.005  0.822  0.041  0.005  0.013  0.004  0.006  0.008  0.006  0.009  0.012  0.011       25
 14:     0.010  0.004  0.015  0.921  0.006  0.005  0.005  0.006  0.005  0.005  0.008  0.005  0.006       40
 15:     0.054  0.007  0.021  0.007  0.022  0.026  0.023  0.009  0.010  0.018  0.777  0.008  0.018       32
 16:     0.003  0.003  0.003  0.003  0.003  0.003  0.003  0.003  0.004  0.003  0.003  0.965  0.003       20
 17:     0.010  0.040  0.010  0.005  0.215  0.014  0.478  0.019  0.037  0.157  0.008  0.003  0.004        4
 18:     0.009  0.058  0.027  0.008  0.466  0.010  0.133  0.253  0.008  0.010  0.009  0.004  0.005       23
 19:     0.004  0.012  0.005  0.004  0.009  0.006  0.014  0.917  0.008  0.007  0.006  0.005  0.004       39
 20:     0.004  0.924  0.004  0.003  0.005  0.010  0.012  0.011  0.007  0.005  0.004  0.007  0.004       38
 21:     0.737  0.004  0.041  0.051  0.005  0.007  0.004  0.004  0.006  0.011  0.009  0.005  0.116       45
 22:     0.483  0.004  0.287  0.026  0.006  0.023  0.005  0.005  0.011  0.007  0.013  0.016  0.115       28
 23:     0.005  0.006  0.006  0.005  0.045  0.005  0.346  0.523  0.024  0.007  0.008  0.011  0.007        6
 24:     0.013  0.009  0.007  0.014  0.015  0.010  0.014  0.019  0.016  0.863  0.006  0.004  0.011       40
 25:     0.022  0.021  0.008  0.010  0.032  0.020  0.015  0.010  0.786  0.020  0.009  0.037  0.009       42
--------------------------------------------

Allele-freq. divergence among pops (Net nucleotide distance),
computed using point estimates of P.

      1       2       3       4       5       6       7       8       9      10      11      12      13      
 1      -    0.3012  0.0495  0.1250  0.1372  0.1915  0.2532  0.2786  0.1639  0.1330  0.1720  0.3678  0.1396  
 2   0.3012     -    0.2993  0.3573  0.1348  0.2403  0.1533  0.1767  0.1417  0.2384  0.2674  0.2232  0.3736  
 3   0.0495  0.2993     -    0.1135  0.1293  0.2083  0.2507  0.2786  0.2026  0.1779  0.2094  0.3799  0.2449  
 4   0.1250  0.3573  0.1135     -    0.1976  0.2821  0.3734  0.3913  0.2791  0.1888  0.2047  0.4602  0.2938  
 5   0.1372  0.1348  0.1293  0.1976     -    0.1830  0.0985  0.1178  0.0698  0.1189  0.1226  0.2650  0.2519  
 6   0.1915  0.2403  0.2083  0.2821  0.1830     -    0.2634  0.2839  0.1582  0.1878  0.1966  0.3212  0.2449  
 7   0.2532  0.1533  0.2507  0.3734  0.0985  0.2634     -    0.1045  0.1353  0.2270  0.2197  0.3102  0.2953  
 8   0.2786  0.1767  0.2786  0.3913  0.1178  0.2839  0.1045     -    0.1238  0.2069  0.1879  0.3671  0.3069  
 9   0.1639  0.1417  0.2026  0.2791  0.0698  0.1582  0.1353  0.1238     -    0.1165  0.1547  0.1812  0.1989  
10   0.1330  0.2384  0.1779  0.1888  0.1189  0.1878  0.2270  0.2069  0.1165     -    0.1864  0.3756  0.2496  
11   0.1720  0.2674  0.2094  0.2047  0.1226  0.1966  0.2197  0.1879  0.1547  0.1864     -    0.3509  0.1994  
12   0.3678  0.2232  0.3799  0.4602  0.2650  0.3212  0.3102  0.3671  0.1812  0.3756  0.3509     -    0.4509  
13   0.1396  0.3736  0.2449  0.2938  0.2519  0.2449  0.2953  0.3069  0.1989  0.2496  0.1994  0.4509     -    

Average distances (expected heterozygosity) between individuals in same cluster:
cluster  1  : 0.4286 
cluster  2  : 0.3766 
cluster  3  : 0.4028 
cluster  4  : 0.3606 
cluster  5  : 0.6105 
cluster  6  : 0.2408 
cluster  7  : 0.4670 
cluster  8  : 0.3064 
cluster  9  : 0.5334 
cluster 10  : 0.3857 
cluster 11  : 0.3963 
cluster 12  : 0.2517 
cluster 13  : 0.2278 

--------------------------------------------
Estimated Ln Prob of Data   = -13080.9
Mean value of ln likelihood = -12636.6
Variance of ln likelihood   = 888.5
Mean value of alpha         = 0.0317

Mean value of Fst_1         = 0.4367
Mean value of Fst_2         = 0.5454
Mean value of Fst_3         = 0.3963
Mean value of Fst_4         = 0.4618
Mean value of Fst_5         = 0.1302
Mean value of Fst_6         = 0.6451
Mean value of Fst_7         = 0.4530
Mean value of Fst_8         = 0.5015
Mean value of Fst_9         = 0.1394
Mean value of Fst_10         = 0.4244
Mean value of Fst_11         = 0.4103
Mean value of Fst_12         = 0.6262
Mean value of Fst_13         = 0.6742


Inferred ancestry of individuals:
        Label (%Miss) Pop:  Inferred clusters
  1    ZFB01    (0)    1 :  0.003 0.006 0.004 0.003 0.004 0.002 0.952 0.009 0.003 0.003 0.004 0.005 0.003 
  2    ZFB02    (0)    1 :  0.003 0.076 0.004 0.003 0.018 0.007 0.836 0.014 0.007 0.004 0.011 0.014 0.002 
  3    ZFB03    (0)    1 :  0.015 0.008 0.009 0.002 0.016 0.005 0.866 0.020 0.017 0.011 0.007 0.003 0.022 
  4    ZFB04    (0)    1 :  0.003 0.038 0.004 0.003 0.013 0.008 0.896 0.007 0.005 0.004 0.005 0.012 0.002 
  5    ZFB05    (0)    1 :  0.005 0.054 0.003 0.011 0.007 0.039 0.704 0.010 0.035 0.030 0.007 0.088 0.009 
  6    ZFB06    (0)    1 :  0.005 0.020 0.003 0.011 0.008 0.019 0.775 0.010 0.040 0.023 0.007 0.073 0.008 
  7    ZFB07    (9)    1 :  0.005 0.005 0.006 0.006 0.013 0.006 0.802 0.078 0.047 0.013 0.004 0.011 0.004 
  8    ZFB08    (0)    1 :  0.009 0.012 0.010 0.008 0.011 0.010 0.872 0.026 0.006 0.022 0.007 0.002 0.005 
  9    ZFB09    (0)    1 :  0.003 0.005 0.003 0.002 0.008 0.003 0.954 0.007 0.003 0.004 0.004 0.003 0.003 
 10    ZFB10    (0)    1 :  0.009 0.007 0.015 0.006 0.014 0.007 0.917 0.004 0.004 0.005 0.005 0.004 0.003 
 11    ZFB11    (0)    1 :  0.003 0.006 0.005 0.003 0.007 0.004 0.946 0.004 0.003 0.003 0.004 0.010 0.002 
 12    ZFB12    (0)    1 :  0.006 0.019 0.006 0.003 0.013 0.003 0.884 0.005 0.011 0.020 0.004 0.021 0.004 
 13    ZFB13    (0)    1 :  0.008 0.015 0.011 0.007 0.030 0.013 0.879 0.007 0.007 0.011 0.004 0.003 0.005 
 14    ZFB14    (0)    1 :  0.003 0.005 0.005 0.003 0.009 0.004 0.947 0.006 0.004 0.004 0.004 0.003 0.003 
 15    ZFB15    (0)    1 :  0.002 0.009 0.002 0.002 0.005 0.003 0.953 0.007 0.003 0.003 0.002 0.006 0.002 
 16    ZFB16    (0)    1 :  0.006 0.018 0.007 0.004 0.010 0.012 0.916 0.005 0.004 0.009 0.003 0.004 0.003 
 17    ZFB17    (0)    1 :  0.009 0.009 0.007 0.008 0.019 0.029 0.839 0.006 0.007 0.029 0.014 0.021 0.002 
 18    ZFB18    (0)    1 :  0.002 0.003 0.003 0.002 0.007 0.002 0.961 0.004 0.003 0.003 0.004 0.003 0.002 
 19    ZFB19    (0)    1 :  0.026 0.010 0.034 0.008 0.324 0.006 0.470 0.032 0.038 0.037 0.004 0.005 0.007 
 20    ZFB20    (0)    1 :  0.005 0.033 0.007 0.005 0.011 0.020 0.880 0.005 0.005 0.008 0.003 0.015 0.002 
 21    ZFB21    (0)    1 :  0.003 0.007 0.002 0.002 0.003 0.004 0.953 0.007 0.005 0.003 0.003 0.005 0.003 
 22    ZFB22    (0)    1 :  0.009 0.024 0.006 0.009 0.012 0.005 0.880 0.005 0.008 0.010 0.007 0.021 0.002 
 23    ZFB23    (0)    1 :  0.003 0.005 0.004 0.002 0.006 0.005 0.944 0.003 0.004 0.003 0.003 0.014 0.003 
 24    ZFB24    (0)    1 :  0.003 0.010 0.004 0.002 0.005 0.006 0.938 0.005 0.004 0.003 0.003 0.016 0.002 
 25    ZFB25    (0)    1 :  0.005 0.003 0.007 0.003 0.004 0.003 0.956 0.003 0.003 0.002 0.004 0.004 0.003 
 26    ZFB26    (0)    1 :  0.005 0.007 0.007 0.003 0.003 0.009 0.922 0.004 0.005 0.003 0.004 0.025 0.003 
 27    ZFB27    (0)    1 :  0.003 0.007 0.004 0.002 0.004 0.003 0.908 0.005 0.004 0.002 0.003 0.053 0.002 
 28    ZFB28    (0)    1 :  0.005 0.011 0.005 0.003 0.016 0.010 0.782 0.004 0.023 0.011 0.007 0.119 0.004 
 29    ZFB29    (0)    1 :  0.002 0.009 0.003 0.002 0.007 0.007 0.943 0.004 0.004 0.003 0.005 0.009 0.002 
 30    ZFB30    (0)    1 :  0.005 0.007 0.003 0.012 0.007 0.004 0.639 0.024 0.075 0.015 0.003 0.199 0.006 
 31    ZFB31    (0)    1 :  0.006 0.004 0.007 0.003 0.010 0.003 0.940 0.006 0.004 0.003 0.004 0.006 0.003 
 32    ZFB32    (0)    1 :  0.008 0.014 0.009 0.004 0.016 0.018 0.783 0.007 0.023 0.032 0.018 0.061 0.007 
 33    ZFB33    (0)    1 :  0.002 0.007 0.003 0.002 0.004 0.003 0.957 0.006 0.003 0.003 0.003 0.005 0.002 
 34    ZFB34    (0)    1 :  0.003 0.005 0.003 0.003 0.006 0.004 0.941 0.016 0.004 0.004 0.005 0.003 0.003 
 35    ZFB35    (0)    1 :  0.004 0.008 0.005 0.003 0.005 0.005 0.935 0.012 0.005 0.004 0.005 0.004 0.004 
 36  ZFBP101    (0)    2 :  0.546 0.010 0.219 0.037 0.015 0.082 0.009 0.004 0.006 0.011 0.044 0.003 0.014 
 37  ZFBP102    (0)    2 :  0.556 0.016 0.316 0.012 0.015 0.033 0.013 0.005 0.010 0.007 0.009 0.003 0.004 
 38  ZFBP103    (0)    2 :  0.757 0.009 0.054 0.012 0.012 0.040 0.007 0.003 0.006 0.007 0.075 0.002 0.014 
 39  ZFBP104    (0)    2 :  0.661 0.010 0.212 0.007 0.017 0.005 0.017 0.021 0.012 0.027 0.004 0.003 0.006 
 40  ZFBP105    (0)    2 :  0.194 0.004 0.735 0.005 0.007 0.007 0.006 0.005 0.006 0.008 0.005 0.005 0.013 
 41  ZFBP106    (0)    2 :  0.141 0.003 0.790 0.010 0.003 0.012 0.003 0.004 0.004 0.005 0.006 0.003 0.016 
 42  ZFBP107    (0)    2 :  0.472 0.007 0.396 0.005 0.006 0.034 0.007 0.004 0.014 0.007 0.005 0.027 0.015 
 43  ZFBP108    (0)    2 :  0.010 0.003 0.953 0.004 0.003 0.004 0.002 0.003 0.004 0.003 0.003 0.003 0.006 
 44  ZFBP109    (0)    2 :  0.017 0.002 0.938 0.005 0.009 0.003 0.004 0.004 0.004 0.004 0.004 0.002 0.004 
 45  ZFBP110    (0)    2 :  0.412 0.008 0.281 0.006 0.081 0.030 0.040 0.008 0.019 0.009 0.021 0.003 0.082 
 46  ZFBP111    (0)    2 :  0.562 0.003 0.284 0.106 0.003 0.004 0.003 0.003 0.004 0.014 0.004 0.003 0.008 
 47  ZFBP112    (0)    2 :  0.021 0.004 0.864 0.040 0.005 0.016 0.003 0.004 0.004 0.008 0.015 0.006 0.011 
 48  ZFBP113    (0)    2 :  0.015 0.003 0.942 0.004 0.005 0.004 0.003 0.004 0.004 0.007 0.003 0.004 0.003 
 49  ZFBP114    (0)    2 :  0.208 0.004 0.709 0.010 0.004 0.024 0.003 0.004 0.009 0.003 0.006 0.012 0.005 
 50  ZFBP115    (0)    2 :  0.831 0.003 0.102 0.011 0.004 0.009 0.002 0.003 0.004 0.007 0.008 0.003 0.014 
 51  ZFBP116    (0)    2 :  0.042 0.003 0.908 0.006 0.004 0.005 0.003 0.003 0.005 0.008 0.004 0.004 0.006 
 52  ZFBP117    (0)    2 :  0.014 0.002 0.940 0.007 0.005 0.005 0.003 0.003 0.004 0.004 0.007 0.002 0.006 
 53  ZFBP118    (0)    2 :  0.083 0.004 0.832 0.014 0.003 0.021 0.003 0.003 0.012 0.004 0.004 0.014 0.004 
 54  ZFBP119    (0)    2 :  0.408 0.003 0.474 0.019 0.006 0.016 0.003 0.004 0.005 0.015 0.026 0.002 0.019 
 55  ZFBP120    (0)    2 :  0.250 0.004 0.685 0.005 0.006 0.005 0.006 0.006 0.006 0.008 0.004 0.004 0.011 
 56  ZFBP121    (0)    2 :  0.036 0.003 0.907 0.005 0.005 0.007 0.005 0.005 0.004 0.004 0.008 0.003 0.008 
 57  ZFBP122    (9)    2 :  0.059 0.003 0.885 0.011 0.004 0.006 0.003 0.004 0.004 0.007 0.004 0.003 0.007 
 58  ZFBP123    (0)    2 :  0.015 0.005 0.887 0.014 0.005 0.037 0.003 0.004 0.004 0.009 0.007 0.006 0.005 
 59  ZFBP124    (0)    2 :  0.015 0.003 0.937 0.004 0.004 0.007 0.004 0.006 0.003 0.004 0.004 0.004 0.004 
 60  ZFBP125    (0)    2 :  0.029 0.002 0.916 0.015 0.004 0.006 0.002 0.002 0.003 0.004 0.006 0.002 0.008 
 61  ZFBP126    (0)    2 :  0.119 0.015 0.749 0.007 0.028 0.021 0.009 0.004 0.011 0.016 0.015 0.003 0.003 
 62  ZFBP127    (0)    2 :  0.178 0.003 0.681 0.005 0.004 0.006 0.003 0.004 0.005 0.004 0.020 0.002 0.085 
 63  ZFBP128    (0)    2 :  0.026 0.002 0.881 0.029 0.004 0.008 0.003 0.003 0.003 0.004 0.017 0.002 0.017 
 64  ZFBP129    (0)    2 :  0.008 0.003 0.810 0.128 0.007 0.007 0.004 0.006 0.005 0.005 0.009 0.002 0.006 
 65  ZFBP130    (0)    2 :  0.041 0.002 0.823 0.059 0.004 0.010 0.002 0.002 0.003 0.010 0.027 0.004 0.012 
 66  ZFBP131    (0)    2 :  0.005 0.003 0.955 0.004 0.004 0.003 0.003 0.004 0.003 0.005 0.003 0.004 0.003 
 67  ZFBP132    (0)    2 :  0.014 0.003 0.941 0.003 0.004 0.004 0.004 0.003 0.003 0.003 0.004 0.003 0.013 
 68  ZFBP133    (0)    2 :  0.008 0.002 0.878 0.079 0.005 0.003 0.002 0.004 0.002 0.005 0.007 0.002 0.003 
 69  ZFBP134    (0)    2 :  0.888 0.003 0.049 0.011 0.005 0.003 0.004 0.003 0.003 0.011 0.011 0.003 0.006 
 70  ZFBP135    (0)    2 :  0.164 0.006 0.490 0.018 0.038 0.054 0.013 0.006 0.006 0.006 0.179 0.002 0.017 
 71  ZFBP136    (0)    2 :  0.224 0.005 0.487 0.033 0.006 0.153 0.003 0.003 0.004 0.008 0.047 0.009 0.016 
 72  ZFBP201    (0)    3 :  0.018 0.004 0.916 0.005 0.007 0.005 0.005 0.005 0.005 0.007 0.005 0.008 0.011 
 73  ZFBP202    (0)    3 :  0.033 0.003 0.909 0.007 0.005 0.005 0.005 0.007 0.004 0.006 0.004 0.003 0.009 
 74  ZFBP203    (0)    3 :  0.026 0.018 0.790 0.020 0.012 0.008 0.005 0.006 0.023 0.028 0.004 0.054 0.005 
 75  ZFBP204    (0)    3 :  0.231 0.004 0.646 0.019 0.006 0.036 0.004 0.004 0.006 0.009 0.012 0.005 0.017 
 76  ZFBP205    (0)    3 :  0.008 0.004 0.937 0.009 0.004 0.010 0.002 0.003 0.003 0.005 0.007 0.005 0.003 
 77  ZFBP206    (0)    3 :  0.008 0.005 0.878 0.036 0.004 0.025 0.003 0.006 0.004 0.011 0.009 0.007 0.004 
 78  ZFBP207    (0)    3 :  0.295 0.003 0.575 0.008 0.006 0.008 0.004 0.004 0.004 0.004 0.013 0.004 0.072 
 79  ZFBP208    (0)    3 :  0.009 0.006 0.909 0.008 0.005 0.013 0.003 0.004 0.006 0.015 0.005 0.014 0.003 
 80  ZFBP209    (0)    3 :  0.009 0.002 0.910 0.046 0.004 0.003 0.002 0.003 0.002 0.005 0.009 0.002 0.003 
 81  ZFBP210    (0)    3 :  0.020 0.006 0.903 0.010 0.005 0.006 0.004 0.004 0.005 0.011 0.004 0.010 0.011 
 82  ZFBP211    (0)    3 :  0.010 0.003 0.935 0.004 0.004 0.008 0.005 0.006 0.004 0.006 0.004 0.003 0.009 
 83  ZFBP212    (0)    3 :  0.222 0.003 0.702 0.005 0.003 0.003 0.007 0.004 0.004 0.003 0.002 0.003 0.039 
 84  ZFBP213    (0)    3 :  0.010 0.005 0.891 0.011 0.006 0.024 0.004 0.013 0.005 0.008 0.008 0.004 0.011 
 85  ZFBP214    (0)    3 :  0.034 0.004 0.678 0.092 0.025 0.018 0.006 0.016 0.007 0.042 0.037 0.004 0.036 
 86  ZFBP215    (0)    3 :  0.010 0.003 0.946 0.007 0.004 0.005 0.003 0.004 0.003 0.004 0.005 0.002 0.005 
 87  ZFBP216    (0)    3 :  0.116 0.006 0.793 0.006 0.007 0.006 0.004 0.004 0.010 0.030 0.005 0.007 0.006 
 88  ZFBP217    (0)    3 :  0.119 0.003 0.591 0.183 0.007 0.004 0.006 0.007 0.006 0.022 0.007 0.004 0.041 
 89  ZFBP218    (0)    3 :  0.018 0.002 0.941 0.009 0.003 0.003 0.002 0.003 0.003 0.006 0.003 0.003 0.003 
 90  ZFBP219    (0)    3 :  0.011 0.003 0.948 0.004 0.004 0.004 0.003 0.003 0.004 0.006 0.003 0.004 0.003 
 91  ZFBP220    (0)    3 :  0.333 0.003 0.563 0.039 0.005 0.007 0.003 0.003 0.004 0.007 0.017 0.004 0.015 
 92  ZFBP221    (0)    3 :  0.503 0.003 0.451 0.007 0.004 0.002 0.003 0.004 0.003 0.005 0.003 0.003 0.007 
 93  ZFBP222    (0)    3 :  0.007 0.004 0.933 0.009 0.007 0.005 0.003 0.005 0.004 0.008 0.007 0.005 0.003 
 94  ZFBP223    (0)    3 :  0.166 0.004 0.583 0.009 0.007 0.009 0.008 0.006 0.006 0.005 0.008 0.006 0.184 
 95  ZFBP224    (0)    3 :  0.011 0.004 0.924 0.005 0.006 0.013 0.003 0.007 0.005 0.008 0.005 0.004 0.005 
 96  ZFBP225    (0)    3 :  0.490 0.005 0.212 0.206 0.007 0.010 0.003 0.003 0.006 0.015 0.013 0.012 0.018 
 97  ZFBP226    (0)    3 :  0.028 0.004 0.928 0.004 0.004 0.004 0.003 0.003 0.004 0.005 0.003 0.004 0.005 
 98  ZFBP227    (0)    3 :  0.405 0.010 0.364 0.006 0.017 0.009 0.009 0.018 0.026 0.117 0.005 0.004 0.008 
 99  ZFBP228    (0)    3 :  0.566 0.003 0.327 0.007 0.005 0.005 0.004 0.005 0.004 0.004 0.016 0.003 0.052 
100  ZFBP229    (0)    3 :  0.068 0.002 0.873 0.019 0.005 0.003 0.002 0.002 0.003 0.007 0.006 0.003 0.004 
101  ZFBP230    (0)    3 :  0.403 0.003 0.490 0.031 0.006 0.007 0.003 0.003 0.004 0.010 0.026 0.003 0.009 
102  ZFBP231    (0)    3 :  0.011 0.004 0.928 0.004 0.005 0.015 0.005 0.005 0.004 0.005 0.005 0.004 0.007 
103  ZFBP232    (0)    3 :  0.009 0.003 0.951 0.006 0.003 0.005 0.003 0.003 0.002 0.004 0.004 0.003 0.004 
104  ZFBP233    (0)    3 :  0.024 0.004 0.901 0.016 0.005 0.008 0.006 0.007 0.005 0.012 0.005 0.004 0.005 
105   ZFCC01    (0)    4 :  0.003 0.007 0.004 0.004 0.005 0.009 0.005 0.019 0.004 0.005 0.928 0.004 0.004 
106   ZFCC03    (0)    4 :  0.003 0.003 0.004 0.004 0.004 0.005 0.003 0.006 0.003 0.003 0.952 0.002 0.008 
107   ZFCC04    (0)    4 :  0.004 0.004 0.003 0.005 0.004 0.012 0.004 0.006 0.004 0.005 0.939 0.004 0.005 
108   ZFCC05    (0)    4 :  0.006 0.006 0.007 0.006 0.005 0.049 0.005 0.012 0.008 0.010 0.865 0.005 0.016 
109   ZFCC08    (0)    4 :  0.009 0.003 0.011 0.017 0.005 0.009 0.002 0.008 0.003 0.008 0.918 0.002 0.004 
110   ZFCC09    (0)    4 :  0.004 0.004 0.003 0.003 0.003 0.006 0.004 0.012 0.004 0.003 0.944 0.003 0.007 
111   ZFCC10    (0)    4 :  0.003 0.004 0.004 0.003 0.004 0.010 0.004 0.042 0.004 0.003 0.912 0.004 0.004 
112   ZFCC11    (0)    4 :  0.004 0.004 0.005 0.004 0.004 0.008 0.004 0.011 0.004 0.005 0.934 0.004 0.010 
113   ZFCC12    (0)    4 :  0.008 0.130 0.006 0.005 0.022 0.033 0.006 0.018 0.012 0.009 0.739 0.004 0.008 
114   ZFCC13    (0)    4 :  0.010 0.005 0.008 0.007 0.004 0.007 0.004 0.005 0.006 0.013 0.912 0.009 0.009 
115   ZFCC14    (0)    4 :  0.004 0.004 0.008 0.006 0.012 0.026 0.008 0.008 0.005 0.004 0.903 0.006 0.004 
116   ZFCC15    (0)    4 :  0.004 0.005 0.003 0.004 0.004 0.006 0.003 0.005 0.005 0.009 0.943 0.005 0.004 
117   ZFCC16    (0)    4 :  0.003 0.006 0.003 0.004 0.005 0.017 0.004 0.006 0.004 0.005 0.936 0.003 0.004 
118   ZFCC17    (0)    4 :  0.003 0.010 0.003 0.003 0.004 0.049 0.005 0.006 0.006 0.004 0.891 0.008 0.006 
119   ZFCC18    (0)    4 :  0.004 0.004 0.005 0.005 0.004 0.007 0.003 0.009 0.004 0.005 0.938 0.004 0.009 
120   ZFCC19    (0)    4 :  0.003 0.006 0.003 0.003 0.006 0.010 0.004 0.004 0.006 0.007 0.939 0.008 0.003 
121   ZFCC20    (0)    4 :  0.005 0.005 0.003 0.005 0.004 0.012 0.004 0.005 0.004 0.007 0.937 0.003 0.007 
122   ZFCC21    (0)    4 :  0.015 0.004 0.037 0.033 0.041 0.013 0.005 0.005 0.005 0.035 0.796 0.007 0.003 
123   ZFCC22    (0)    4 :  0.072 0.003 0.179 0.047 0.005 0.012 0.003 0.015 0.003 0.009 0.639 0.006 0.007 
124   ZFCC26    (0)    4 :  0.003 0.005 0.003 0.004 0.005 0.008 0.004 0.005 0.003 0.004 0.949 0.003 0.004 
125   ZFCC27    (0)    4 :  0.003 0.003 0.003 0.003 0.003 0.005 0.003 0.004 0.003 0.003 0.957 0.003 0.006 
126   ZFCC29    (0)    4 :  0.005 0.007 0.004 0.005 0.006 0.017 0.008 0.006 0.005 0.011 0.918 0.003 0.005 
127   ZFCC30    (0)    4 :  0.004 0.003 0.003 0.005 0.003 0.007 0.003 0.003 0.003 0.004 0.949 0.003 0.010 
128   ZFCC32    (0)    4 :  0.005 0.008 0.004 0.005 0.004 0.010 0.003 0.008 0.005 0.013 0.923 0.006 0.005 
129   ZFCC33    (0)    4 :  0.004 0.005 0.004 0.004 0.008 0.328 0.010 0.007 0.008 0.005 0.604 0.005 0.008 
130   ZFCC34    (0)    4 :  0.051 0.031 0.062 0.019 0.010 0.051 0.027 0.023 0.007 0.008 0.619 0.009 0.085 
131   ZFCC35    (0)    4 :  0.004 0.002 0.003 0.004 0.003 0.007 0.002 0.004 0.003 0.003 0.956 0.004 0.004 
132   ZFCC36    (0)    4 :  0.008 0.007 0.007 0.010 0.005 0.012 0.004 0.005 0.006 0.016 0.899 0.017 0.004 
133   ZFCC37    (0)    4 :  0.008 0.091 0.009 0.006 0.035 0.038 0.008 0.028 0.013 0.011 0.741 0.004 0.008 
134   ZFCC40    (0)    4 :  0.004 0.004 0.006 0.003 0.005 0.012 0.004 0.008 0.004 0.003 0.929 0.014 0.003 
135   ZFCC42    (0)    4 :  0.011 0.176 0.004 0.006 0.022 0.526 0.038 0.007 0.029 0.005 0.057 0.075 0.044 
136   ZFCC44    (0)    4 :  0.003 0.003 0.003 0.003 0.003 0.015 0.003 0.003 0.004 0.002 0.940 0.008 0.010 
137   ZFCC45    (9)    4 :  0.005 0.012 0.005 0.003 0.009 0.044 0.008 0.020 0.019 0.007 0.839 0.018 0.009 
138   ZFCC46    (0)    4 :  0.016 0.003 0.011 0.034 0.005 0.015 0.003 0.003 0.003 0.007 0.884 0.004 0.010 
139   ZFCC47    (0)    4 :  0.007 0.056 0.005 0.007 0.008 0.008 0.006 0.023 0.005 0.006 0.861 0.003 0.006 
140   ZFCC48    (0)    4 :  0.010 0.003 0.027 0.041 0.020 0.014 0.004 0.005 0.003 0.010 0.855 0.004 0.003 
141   ZFCC50    (0)    4 :  0.003 0.005 0.003 0.004 0.004 0.010 0.004 0.005 0.004 0.003 0.949 0.004 0.003 
142   ZFCC51    (0)    4 :  0.003 0.003 0.003 0.003 0.004 0.004 0.004 0.006 0.003 0.003 0.954 0.002 0.008 
143   ZFCC52    (0)    4 :  0.011 0.006 0.015 0.014 0.005 0.038 0.004 0.005 0.004 0.009 0.876 0.007 0.006 
144   ZFCC53    (0)    4 :  0.003 0.003 0.003 0.003 0.003 0.004 0.003 0.005 0.003 0.003 0.958 0.003 0.006 
145  ZFCNS01    (0)    5 :  0.026 0.009 0.005 0.003 0.007 0.003 0.002 0.002 0.030 0.050 0.007 0.026 0.829 
146  ZFCNS02    (0)    5 :  0.005 0.002 0.003 0.004 0.002 0.004 0.002 0.003 0.003 0.003 0.004 0.002 0.963 
147  ZFCNS05    (0)    5 :  0.008 0.003 0.006 0.005 0.003 0.005 0.005 0.005 0.003 0.005 0.007 0.002 0.942 
148  ZFCNS06    (0)    5 :  0.005 0.002 0.004 0.004 0.002 0.003 0.003 0.003 0.003 0.003 0.005 0.002 0.961 
149  ZFCNS07    (0)    5 :  0.006 0.002 0.006 0.009 0.003 0.003 0.003 0.003 0.003 0.004 0.003 0.002 0.954 
150  ZFCNS10    (0)    5 :  0.018 0.002 0.008 0.005 0.003 0.003 0.003 0.003 0.003 0.003 0.004 0.004 0.940 
151  ZFCNS11    (0)    5 :  0.014 0.007 0.005 0.004 0.005 0.003 0.002 0.003 0.014 0.022 0.007 0.012 0.902 
152  ZFCNS15    (0)    5 :  0.041 0.003 0.014 0.007 0.004 0.006 0.003 0.003 0.004 0.004 0.003 0.002 0.907 
153  ZFCNS17    (0)    5 :  0.004 0.002 0.004 0.004 0.002 0.004 0.002 0.003 0.003 0.003 0.005 0.002 0.962 
154  ZFCNS18    (0)    5 :  0.015 0.002 0.009 0.004 0.002 0.003 0.004 0.003 0.003 0.003 0.005 0.004 0.944 
155  ZFCNS19    (0)    5 :  0.004 0.002 0.003 0.004 0.002 0.003 0.003 0.003 0.003 0.003 0.004 0.002 0.964 
156  ZFCNS20    (0)    5 :  0.012 0.003 0.013 0.014 0.004 0.007 0.003 0.003 0.003 0.005 0.004 0.002 0.927 
157  ZFCNS21    (0)    5 :  0.005 0.002 0.003 0.003 0.002 0.003 0.002 0.003 0.003 0.003 0.004 0.002 0.965 
158  ZFCNS22    (0)    5 :  0.010 0.003 0.010 0.005 0.004 0.006 0.005 0.005 0.003 0.005 0.005 0.002 0.936 
159  ZFCNS23    (0)    5 :  0.005 0.008 0.005 0.011 0.005 0.025 0.004 0.005 0.009 0.011 0.012 0.012 0.890 
160  ZFCNS24    (0)    5 :  0.009 0.003 0.006 0.006 0.003 0.010 0.002 0.003 0.003 0.004 0.007 0.002 0.942 
161  ZFCNS25    (0)    5 :  0.014 0.003 0.010 0.009 0.004 0.008 0.002 0.003 0.003 0.004 0.005 0.002 0.933 
162  ZFCNS26    (0)    5 :  0.008 0.002 0.004 0.003 0.002 0.003 0.003 0.003 0.003 0.003 0.003 0.002 0.960 
163  ZFCNS27    (0)    5 :  0.062 0.003 0.018 0.008 0.004 0.006 0.003 0.003 0.003 0.004 0.004 0.002 0.880 
164  ZFCNS28    (0)    5 :  0.005 0.002 0.004 0.004 0.002 0.003 0.003 0.003 0.003 0.003 0.004 0.002 0.961 
165  ZFCNS29    (0)    5 :  0.008 0.003 0.007 0.004 0.004 0.006 0.003 0.004 0.003 0.004 0.007 0.002 0.943 
166  ZFCNS30    (0)    5 :  0.008 0.003 0.005 0.003 0.003 0.006 0.004 0.005 0.004 0.005 0.006 0.002 0.948 
167  ZFCNS31    (0)    5 :  0.005 0.002 0.003 0.004 0.003 0.003 0.003 0.003 0.003 0.003 0.003 0.002 0.963 
168  ZFCNS32    (0)    5 :  0.009 0.003 0.005 0.006 0.003 0.006 0.003 0.004 0.003 0.004 0.004 0.002 0.948 
169  ZFCNS33    (0)    5 :  0.005 0.002 0.003 0.004 0.002 0.003 0.003 0.003 0.002 0.003 0.004 0.002 0.964 
170  ZFCNS34    (0)    5 :  0.006 0.003 0.005 0.004 0.003 0.007 0.003 0.004 0.003 0.005 0.011 0.002 0.945 
171  ZFCNS35    (0)    5 :  0.029 0.003 0.013 0.004 0.011 0.003 0.023 0.009 0.003 0.003 0.009 0.002 0.886 
172  ZFCNS36    (0)    5 :  0.008 0.003 0.005 0.008 0.003 0.009 0.003 0.003 0.003 0.004 0.009 0.002 0.941 
173  ZFCNS37    (0)    5 :  0.107 0.002 0.006 0.009 0.004 0.006 0.003 0.004 0.010 0.005 0.004 0.002 0.838 
174  ZFCNS39    (0)    5 :  0.024 0.002 0.007 0.023 0.005 0.007 0.002 0.002 0.005 0.013 0.016 0.004 0.888 
175  ZFCNS40    (0)    5 :  0.130 0.003 0.009 0.122 0.004 0.011 0.002 0.003 0.006 0.008 0.022 0.003 0.677 
176  ZFCNS41    (0)    5 :  0.678 0.004 0.013 0.005 0.008 0.010 0.005 0.006 0.008 0.010 0.018 0.004 0.231 
177  ZFCNS42    (0)    5 :  0.007 0.002 0.004 0.003 0.003 0.003 0.003 0.003 0.003 0.003 0.003 0.002 0.962 
178  ZFCNS43    (0)    5 :  0.005 0.002 0.003 0.003 0.002 0.003 0.002 0.003 0.003 0.003 0.004 0.002 0.965 
179  ZFCNS44    (0)    5 :  0.018 0.002 0.007 0.003 0.002 0.003 0.003 0.002 0.003 0.002 0.005 0.004 0.945 
180  ZFCNS46    (0)    5 :  0.008 0.003 0.006 0.004 0.003 0.006 0.003 0.004 0.004 0.005 0.005 0.002 0.948 
181  ZFCNS47    (0)    5 :  0.005 0.002 0.003 0.003 0.002 0.003 0.003 0.003 0.003 0.003 0.004 0.002 0.965 
182  ZFCNS48    (0)    5 :  0.036 0.002 0.012 0.005 0.003 0.005 0.004 0.004 0.003 0.004 0.007 0.004 0.909 
183  ZFCNS49    (0)    5 :  0.050 0.002 0.011 0.004 0.003 0.003 0.004 0.003 0.003 0.003 0.003 0.004 0.909 
184   ZFCR01    (0)    6 :  0.004 0.016 0.010 0.006 0.859 0.003 0.007 0.022 0.054 0.004 0.007 0.007 0.002 
185   ZFCR02    (0)    6 :  0.005 0.007 0.009 0.008 0.896 0.011 0.014 0.005 0.009 0.004 0.019 0.009 0.005 
186   ZFCR03    (0)    6 :  0.005 0.033 0.014 0.008 0.785 0.057 0.018 0.010 0.011 0.013 0.013 0.028 0.003 
187   ZFCR04    (0)    6 :  0.023 0.014 0.014 0.019 0.580 0.006 0.163 0.068 0.051 0.013 0.016 0.024 0.009 
188   ZFCR05    (0)    6 :  0.004 0.008 0.004 0.003 0.903 0.004 0.008 0.019 0.015 0.012 0.011 0.007 0.003 
189   ZFCR06    (0)    6 :  0.025 0.006 0.021 0.010 0.810 0.006 0.017 0.011 0.015 0.005 0.012 0.003 0.059 
190   ZFCR07    (0)    6 :  0.041 0.018 0.009 0.004 0.452 0.060 0.042 0.010 0.167 0.101 0.014 0.007 0.075 
191   ZFCR08    (0)    6 :  0.015 0.027 0.024 0.040 0.198 0.042 0.021 0.089 0.410 0.007 0.090 0.034 0.005 
192   ZFCR09    (0)    6 :  0.063 0.157 0.053 0.015 0.458 0.023 0.068 0.012 0.032 0.016 0.025 0.066 0.012 
193   ZFCR11    (0)    6 :  0.036 0.014 0.015 0.003 0.831 0.005 0.026 0.014 0.020 0.015 0.006 0.005 0.009 
194   ZFCR12    (0)    6 :  0.047 0.003 0.010 0.015 0.765 0.007 0.006 0.004 0.008 0.015 0.008 0.003 0.108 
195   ZFCR13    (0)    6 :  0.012 0.004 0.090 0.005 0.261 0.006 0.035 0.006 0.290 0.271 0.009 0.003 0.008 
196   ZFCR14    (0)    6 :  0.009 0.005 0.008 0.011 0.875 0.005 0.016 0.010 0.013 0.028 0.009 0.005 0.006 
197   ZFCR15    (0)    6 :  0.017 0.005 0.022 0.031 0.756 0.008 0.040 0.018 0.060 0.017 0.011 0.011 0.005 
198   ZFCR16    (0)    6 :  0.006 0.004 0.016 0.014 0.887 0.004 0.015 0.007 0.024 0.009 0.008 0.003 0.003 
199   ZFCR18    (0)    6 :  0.006 0.006 0.008 0.005 0.610 0.028 0.288 0.008 0.012 0.007 0.011 0.004 0.006 
200   ZFCR19    (0)    6 :  0.013 0.072 0.017 0.049 0.773 0.005 0.032 0.006 0.005 0.008 0.010 0.004 0.006 
201   ZFCR20    (0)    6 :  0.008 0.027 0.024 0.007 0.782 0.033 0.025 0.027 0.016 0.034 0.006 0.005 0.005 
202   ZFCR21    (0)    6 :  0.006 0.004 0.005 0.011 0.914 0.007 0.004 0.004 0.009 0.020 0.011 0.003 0.004 
203   ZFCR22    (0)    6 :  0.006 0.005 0.005 0.013 0.886 0.007 0.007 0.002 0.007 0.050 0.005 0.004 0.003 
204   ZFCR23    (0)    6 :  0.042 0.011 0.040 0.006 0.700 0.004 0.010 0.004 0.074 0.047 0.003 0.054 0.005 
205   ZFCR24    (9)    6 :  0.012 0.062 0.518 0.007 0.085 0.010 0.081 0.031 0.082 0.098 0.007 0.005 0.004 
206   ZFCR25    (0)    6 :  0.005 0.009 0.004 0.004 0.918 0.006 0.007 0.010 0.014 0.014 0.005 0.002 0.003 
207   ZFCR26    (0)    6 :  0.010 0.085 0.016 0.016 0.587 0.007 0.004 0.009 0.014 0.228 0.015 0.004 0.005 
208   ZFCR27    (9)    6 :  0.003 0.046 0.003 0.003 0.472 0.003 0.011 0.017 0.396 0.033 0.005 0.004 0.003 
209   ZFCR28    (0)    6 :  0.021 0.004 0.058 0.045 0.705 0.008 0.004 0.005 0.100 0.006 0.010 0.006 0.028 
210   ZFCR29    (0)    6 :  0.004 0.009 0.004 0.004 0.933 0.003 0.007 0.005 0.004 0.015 0.004 0.003 0.002 
211   ZFCR30    (0)    6 :  0.011 0.009 0.006 0.008 0.873 0.008 0.006 0.007 0.011 0.041 0.006 0.005 0.008 
212   ZFCR31    (0)    6 :  0.064 0.067 0.070 0.018 0.476 0.026 0.152 0.012 0.019 0.025 0.011 0.016 0.044 
213   ZFCR33    (0)    6 :  0.014 0.016 0.012 0.014 0.061 0.009 0.006 0.069 0.699 0.027 0.041 0.025 0.007 
214   ZFCR34    (0)    6 :  0.033 0.008 0.018 0.010 0.444 0.004 0.151 0.005 0.048 0.234 0.021 0.015 0.010 
215   ZFCR35    (0)    6 :  0.006 0.015 0.005 0.004 0.798 0.004 0.115 0.008 0.011 0.005 0.011 0.013 0.004 
216   ZFCR36    (0)    6 :  0.009 0.012 0.006 0.004 0.856 0.006 0.036 0.006 0.010 0.018 0.007 0.014 0.015 
217   ZFCR37    (0)    6 :  0.004 0.049 0.004 0.004 0.046 0.014 0.054 0.054 0.102 0.591 0.055 0.021 0.003 
218   ZFCR38    (0)    6 :  0.009 0.048 0.008 0.013 0.253 0.012 0.007 0.041 0.517 0.035 0.042 0.008 0.007 
219   ZFCR39    (0)    6 :  0.020 0.033 0.049 0.037 0.244 0.042 0.025 0.010 0.199 0.009 0.098 0.232 0.003 
220   ZFCR40    (0)    6 :  0.015 0.014 0.009 0.004 0.731 0.006 0.011 0.012 0.126 0.011 0.022 0.033 0.004 
221   ZFCR41    (0)    6 :  0.101 0.003 0.007 0.023 0.776 0.007 0.006 0.006 0.015 0.015 0.027 0.003 0.012 
222   ZFCR42    (0)    6 :  0.034 0.014 0.020 0.018 0.657 0.022 0.006 0.008 0.075 0.069 0.043 0.017 0.018 
223   ZFCR43    (0)    6 :  0.007 0.004 0.032 0.004 0.880 0.004 0.024 0.011 0.011 0.009 0.004 0.004 0.006 
224  ZFENP25    (0)    7 :  0.005 0.005 0.011 0.011 0.047 0.006 0.005 0.045 0.831 0.007 0.021 0.006 0.003 
225  ZFENP26    (0)    7 :  0.004 0.007 0.002 0.003 0.007 0.004 0.006 0.006 0.944 0.004 0.004 0.007 0.003 
226  ZFENP27    (0)    7 :  0.032 0.030 0.017 0.011 0.227 0.041 0.016 0.025 0.307 0.005 0.208 0.020 0.060 
227  ZFENP28    (0)    7 :  0.005 0.017 0.004 0.005 0.027 0.005 0.009 0.028 0.862 0.010 0.012 0.008 0.009 
228  ZFENP29    (0)    7 :  0.005 0.005 0.004 0.004 0.027 0.007 0.004 0.005 0.913 0.008 0.011 0.005 0.004 
229  ZFENP30    (0)    7 :  0.005 0.010 0.005 0.007 0.012 0.102 0.007 0.008 0.781 0.012 0.027 0.013 0.010 
230  ZFENP31    (0)    7 :  0.004 0.046 0.006 0.004 0.021 0.357 0.033 0.031 0.258 0.012 0.014 0.210 0.005 
231  ZFENP32    (0)    7 :  0.017 0.028 0.017 0.008 0.120 0.126 0.250 0.025 0.227 0.014 0.011 0.131 0.024 
232  ZFENP33    (0)    7 :  0.007 0.015 0.007 0.003 0.015 0.033 0.011 0.030 0.822 0.040 0.005 0.007 0.004 
233  ZFENP34    (0)    7 :  0.006 0.023 0.006 0.004 0.036 0.090 0.034 0.521 0.234 0.008 0.022 0.006 0.010 
234  ZFENP35    (0)    7 :  0.017 0.005 0.009 0.004 0.005 0.007 0.015 0.007 0.837 0.009 0.005 0.067 0.013 
235  ZFENP36    (0)    7 :  0.004 0.009 0.002 0.002 0.008 0.007 0.009 0.006 0.924 0.006 0.003 0.010 0.009 
236  ZFENP37    (0)    7 :  0.007 0.008 0.006 0.003 0.007 0.008 0.012 0.443 0.360 0.033 0.007 0.099 0.007 
237  ZFENP38    (0)    7 :  0.007 0.023 0.005 0.004 0.012 0.014 0.010 0.029 0.389 0.450 0.017 0.025 0.016 
238  ZFENP39    (0)    7 :  0.005 0.010 0.004 0.003 0.098 0.006 0.011 0.023 0.792 0.012 0.014 0.018 0.005 
239  ZFENP40    (0)    7 :  0.006 0.014 0.009 0.004 0.072 0.013 0.015 0.021 0.785 0.006 0.008 0.041 0.005 
240  ZFENP41    (0)    7 :  0.007 0.006 0.007 0.009 0.036 0.040 0.023 0.018 0.734 0.007 0.068 0.036 0.008 
241  ZFENP42    (0)    7 :  0.005 0.006 0.003 0.004 0.020 0.009 0.004 0.004 0.681 0.054 0.006 0.202 0.003 
242  ZFENP43    (0)    7 :  0.029 0.026 0.007 0.005 0.015 0.009 0.008 0.030 0.686 0.089 0.035 0.015 0.046 
243  ZFENP44    (0)    7 :  0.022 0.013 0.008 0.003 0.014 0.028 0.006 0.022 0.698 0.041 0.017 0.116 0.013 
244  ZFENP45    (0)    7 :  0.018 0.014 0.027 0.325 0.026 0.019 0.010 0.013 0.340 0.063 0.018 0.119 0.009 
245  ZFENP46    (0)    7 :  0.022 0.015 0.014 0.005 0.016 0.011 0.009 0.036 0.782 0.062 0.003 0.019 0.008 
246  ZFENP47    (0)    7 :  0.005 0.023 0.012 0.116 0.231 0.026 0.068 0.011 0.190 0.005 0.072 0.236 0.004 
247  ZFENP48    (0)    7 :  0.006 0.023 0.011 0.009 0.046 0.296 0.011 0.493 0.065 0.012 0.013 0.010 0.006 
248  ZFENP49    (0)    7 :  0.007 0.021 0.012 0.013 0.504 0.137 0.038 0.005 0.231 0.012 0.010 0.005 0.006 
249  ZFENP50    (0)    7 :  0.027 0.020 0.056 0.010 0.046 0.006 0.008 0.007 0.662 0.097 0.004 0.053 0.004 
250  ZFENP51    (0)    7 :  0.004 0.402 0.004 0.052 0.026 0.033 0.026 0.012 0.386 0.013 0.008 0.027 0.007 
251  ZFENP52    (0)    7 :  0.013 0.005 0.005 0.004 0.006 0.005 0.003 0.004 0.919 0.011 0.008 0.008 0.009 
252  ZFENP53    (0)    7 :  0.024 0.009 0.044 0.031 0.015 0.008 0.007 0.009 0.794 0.025 0.008 0.013 0.011 
253  ZFENP54    (0)    7 :  0.012 0.009 0.025 0.006 0.745 0.026 0.012 0.008 0.107 0.017 0.018 0.011 0.005 
254  ZFENP55    (0)    7 :  0.005 0.034 0.005 0.004 0.055 0.009 0.042 0.028 0.251 0.546 0.004 0.014 0.004 
255  ZFENP56    (0)    7 :  0.009 0.026 0.004 0.005 0.010 0.010 0.013 0.009 0.829 0.063 0.007 0.007 0.010 
256  ZFENP57    (0)    7 :  0.008 0.017 0.004 0.002 0.027 0.014 0.013 0.024 0.794 0.020 0.005 0.059 0.012 
257  ZFENP58    (0)    7 :  0.015 0.014 0.008 0.117 0.080 0.286 0.022 0.005 0.385 0.024 0.024 0.005 0.016 
258  ZFENP59    (0)    7 :  0.005 0.009 0.006 0.004 0.039 0.026 0.016 0.011 0.771 0.009 0.063 0.036 0.005 
259  ZFENP60    (0)    7 :  0.008 0.013 0.011 0.013 0.090 0.006 0.038 0.036 0.733 0.014 0.013 0.017 0.007 
260  ZFENP61    (0)    7 :  0.004 0.008 0.004 0.003 0.048 0.008 0.019 0.017 0.855 0.009 0.014 0.006 0.004 
261 ZFFDSP01    (0)    8 :  0.137 0.003 0.780 0.025 0.005 0.003 0.006 0.006 0.003 0.009 0.005 0.003 0.016 
262 ZFFDSP02    (0)    8 :  0.014 0.002 0.947 0.006 0.005 0.003 0.003 0.004 0.003 0.004 0.005 0.002 0.004 
263 ZFFDSP04    (0)    8 :  0.022 0.002 0.929 0.013 0.004 0.003 0.005 0.004 0.002 0.006 0.005 0.002 0.003 
264 ZFFDSP05    (0)    8 :  0.381 0.003 0.566 0.010 0.005 0.003 0.003 0.003 0.003 0.008 0.005 0.003 0.005 
265 ZFFDSP06    (0)    8 :  0.021 0.002 0.935 0.010 0.005 0.003 0.002 0.004 0.002 0.005 0.006 0.002 0.003 
266 ZFFDSP07    (0)    8 :  0.007 0.004 0.901 0.022 0.006 0.021 0.003 0.004 0.004 0.008 0.012 0.005 0.004 
267 ZFFDSP08    (0)    8 :  0.034 0.004 0.810 0.070 0.004 0.031 0.003 0.003 0.004 0.012 0.010 0.004 0.010 
268 ZFFDSP10    (0)    8 :  0.033 0.003 0.909 0.011 0.005 0.007 0.004 0.004 0.004 0.007 0.005 0.003 0.005 
269 ZFFDSP11    (0)    8 :  0.039 0.003 0.913 0.007 0.004 0.003 0.004 0.004 0.003 0.008 0.004 0.004 0.003 
270 ZFFDSP12    (0)    8 :  0.012 0.003 0.949 0.007 0.003 0.005 0.002 0.003 0.003 0.003 0.003 0.002 0.005 
271 ZFFDSP13    (0)    8 :  0.898 0.003 0.039 0.005 0.005 0.008 0.003 0.004 0.005 0.009 0.007 0.004 0.010 
272 ZFFDSP14    (0)    8 :  0.006 0.003 0.936 0.015 0.005 0.007 0.002 0.004 0.003 0.006 0.006 0.003 0.004 
273 ZFFDSP16    (0)    8 :  0.019 0.003 0.909 0.004 0.011 0.003 0.006 0.006 0.006 0.007 0.007 0.004 0.015 
274 ZFFDSP17    (0)    8 :  0.022 0.003 0.926 0.009 0.005 0.004 0.003 0.005 0.003 0.007 0.006 0.003 0.004 
275 ZFFDSP18    (0)    8 :  0.008 0.003 0.935 0.014 0.006 0.004 0.006 0.006 0.002 0.004 0.007 0.002 0.005 
276 ZFFDSP19    (0)    8 :  0.049 0.003 0.726 0.028 0.005 0.004 0.004 0.008 0.003 0.004 0.026 0.002 0.138 
277 ZFFDSP21    (0)    8 :  0.403 0.002 0.463 0.010 0.009 0.004 0.003 0.009 0.003 0.004 0.017 0.003 0.070 
278 ZFFDSP22    (0)    8 :  0.014 0.002 0.891 0.059 0.004 0.004 0.002 0.003 0.003 0.006 0.005 0.002 0.004 
279 ZFFDSP23    (0)    8 :  0.179 0.002 0.616 0.163 0.005 0.003 0.002 0.005 0.003 0.006 0.005 0.002 0.009 
280 ZFFDSP24    (0)    8 :  0.379 0.003 0.565 0.007 0.004 0.005 0.006 0.005 0.003 0.006 0.005 0.002 0.010 
281 ZFFDSP26    (9)    8 :  0.201 0.003 0.742 0.014 0.006 0.004 0.004 0.003 0.003 0.005 0.005 0.003 0.007 
282 ZFFDSP27    (0)    8 :  0.027 0.003 0.926 0.007 0.005 0.004 0.004 0.005 0.003 0.003 0.004 0.002 0.007 
283 ZFFDSP28    (0)    8 :  0.046 0.017 0.809 0.008 0.013 0.015 0.033 0.024 0.007 0.013 0.007 0.005 0.005 
284 ZFFDSP30    (0)    8 :  0.482 0.005 0.339 0.010 0.009 0.009 0.070 0.008 0.004 0.011 0.007 0.011 0.036 
285 ZFFDSP31    (0)    8 :  0.018 0.002 0.928 0.006 0.004 0.005 0.003 0.009 0.004 0.005 0.006 0.002 0.007 
286 ZFFDSP32    (0)    8 :  0.016 0.003 0.942 0.006 0.004 0.005 0.002 0.004 0.003 0.004 0.003 0.002 0.005 
287 ZFFDSP33    (0)    8 :  0.026 0.002 0.938 0.005 0.003 0.003 0.003 0.003 0.003 0.003 0.002 0.003 0.005 
288 ZFFDSP34    (0)    8 :  0.020 0.002 0.931 0.010 0.004 0.004 0.003 0.004 0.003 0.005 0.007 0.002 0.005 
289 ZFFDSP35    (0)    8 :  0.338 0.003 0.614 0.008 0.004 0.004 0.006 0.004 0.003 0.005 0.004 0.002 0.005 
290 ZFFDSP37    (0)    8 :  0.026 0.002 0.933 0.004 0.005 0.004 0.003 0.005 0.003 0.004 0.003 0.002 0.006 
291 ZFFDSP38    (0)    8 :  0.012 0.003 0.944 0.005 0.003 0.004 0.005 0.004 0.003 0.004 0.004 0.002 0.007 
292 ZFFDSP39    (0)    8 :  0.702 0.002 0.258 0.007 0.004 0.003 0.004 0.003 0.003 0.003 0.003 0.002 0.007 
293 ZFFDSP40    (0)    8 :  0.497 0.003 0.458 0.004 0.005 0.004 0.005 0.004 0.003 0.003 0.003 0.003 0.008 
294 ZFFDSP42    (0)    8 :  0.112 0.002 0.763 0.081 0.005 0.003 0.004 0.004 0.003 0.005 0.006 0.002 0.010 
295 ZFFDSP43    (0)    8 :  0.049 0.002 0.903 0.009 0.004 0.003 0.004 0.003 0.003 0.003 0.004 0.002 0.010 
296 ZFFDSP44    (0)    8 :  0.216 0.003 0.731 0.005 0.003 0.005 0.005 0.005 0.003 0.005 0.003 0.003 0.011 
297 ZFFDSP45    (0)    8 :  0.036 0.002 0.918 0.005 0.005 0.004 0.004 0.004 0.003 0.004 0.005 0.002 0.007 
298 ZFFDSP46    (0)    8 :  0.058 0.002 0.888 0.010 0.005 0.004 0.005 0.004 0.003 0.005 0.005 0.002 0.009 
299 ZFFDSP47    (0)    8 :  0.721 0.003 0.222 0.012 0.003 0.004 0.004 0.004 0.003 0.006 0.003 0.003 0.012 
300 ZFFDSP48    (0)    8 :  0.630 0.002 0.318 0.006 0.004 0.004 0.004 0.004 0.003 0.004 0.004 0.003 0.014 
301    ZFI01    (0)    9 :  0.005 0.128 0.005 0.005 0.027 0.013 0.747 0.030 0.009 0.008 0.008 0.007 0.008 
302    ZFI02    (0)    9 :  0.005 0.057 0.005 0.004 0.014 0.004 0.864 0.020 0.006 0.006 0.004 0.003 0.008 
303    ZFI03    (0)    9 :  0.004 0.011 0.003 0.003 0.008 0.005 0.882 0.054 0.005 0.008 0.006 0.003 0.007 
304    ZFI04    (0)    9 :  0.004 0.098 0.003 0.003 0.005 0.004 0.119 0.736 0.007 0.006 0.004 0.004 0.006 
305    ZFI05    (0)    9 :  0.005 0.005 0.004 0.003 0.008 0.007 0.928 0.007 0.007 0.004 0.004 0.003 0.014 
306    ZFI06    (0)    9 :  0.035 0.038 0.017 0.003 0.047 0.006 0.717 0.021 0.022 0.009 0.004 0.004 0.078 
307    ZFI07    (0)    9 :  0.004 0.010 0.003 0.002 0.006 0.007 0.522 0.418 0.007 0.006 0.005 0.003 0.005 
308    ZFI08    (0)    9 :  0.003 0.058 0.003 0.003 0.021 0.005 0.727 0.144 0.010 0.010 0.006 0.004 0.005 
309    ZFI09    (0)    9 :  0.004 0.034 0.004 0.003 0.013 0.005 0.896 0.014 0.008 0.005 0.004 0.003 0.006 
310    ZFI10    (0)    9 :  0.008 0.023 0.005 0.004 0.007 0.005 0.819 0.048 0.007 0.007 0.005 0.006 0.057 
311    ZFI11    (0)    9 :  0.005 0.164 0.004 0.003 0.009 0.007 0.707 0.065 0.008 0.007 0.005 0.004 0.013 
