

----------------------------------------------------
STRUCTURE by Pritchard, Stephens and Donnelly (2000)
     and Falush, Stephens and Pritchard (2003)
       Code by Pritchard, Falush and Hubisz
             Version 2.3.4 (Jul 2012)
----------------------------------------------------



Command line arguments:   bin\structure -m C:\Users\eschumacher\Documents\GitHub\GCC_QUAC_ZAIN\Data_Files\Structure_Files\ZAIN\ZAIN_rebinned_wild\50-50\mainparams -e C:\Users\eschumacher\Documents\GitHub\GCC_QUAC_ZAIN\Data_Files\Structure_Files\ZAIN\ZAIN_rebinned_wild\50-50\extraparams 
Input File:    C:\Users\eschumacher\Documents\GitHub\GCC_QUAC_ZAIN\Data_Files\Structure_Files\ZAIN\ZAIN_rebinned_wild\project_data

Run parameters:
   751 individuals
   11 loci
   9 populations assumed
   50000 Burn-in period
   50000 Reps


--------------------------------------------
Proportion of membership of each pre-defined
 population in each of the 9 clusters

Given    Inferred Clusters                                                 Number of
 Pop       1      2      3      4      5      6      7      8      9      Individuals

  1:     0.014  0.010  0.909  0.006  0.006  0.019  0.011  0.005  0.020       35
  2:     0.007  0.009  0.007  0.785  0.025  0.014  0.006  0.142  0.006       36
  3:     0.007  0.015  0.005  0.850  0.009  0.007  0.007  0.095  0.006       33
  4:     0.005  0.006  0.005  0.011  0.927  0.007  0.010  0.008  0.019       40
  5:     0.004  0.005  0.003  0.005  0.009  0.003  0.004  0.964  0.003       39
  6:     0.103  0.057  0.040  0.032  0.020  0.683  0.017  0.021  0.028       40
  7:     0.673  0.047  0.020  0.022  0.034  0.086  0.049  0.012  0.057       37
  8:     0.004  0.006  0.009  0.843  0.007  0.006  0.006  0.116  0.003       40
  9:     0.007  0.007  0.833  0.004  0.038  0.011  0.083  0.009  0.008       28
 10:     0.016  0.017  0.010  0.012  0.871  0.009  0.006  0.012  0.048       14
 11:     0.046  0.008  0.009  0.007  0.008  0.006  0.013  0.033  0.870       13
 12:     0.004  0.007  0.004  0.056  0.015  0.005  0.008  0.899  0.002       14
 13:     0.010  0.006  0.005  0.901  0.011  0.006  0.007  0.046  0.008       25
 14:     0.012  0.009  0.004  0.933  0.014  0.007  0.006  0.010  0.005       40
 15:     0.010  0.016  0.023  0.017  0.837  0.023  0.010  0.058  0.007       32
 16:     0.006  0.004  0.003  0.004  0.004  0.003  0.003  0.004  0.969       20
 17:     0.038  0.156  0.503  0.009  0.010  0.247  0.022  0.008  0.007        4
 18:     0.008  0.010  0.138  0.015  0.010  0.517  0.279  0.008  0.014       23
 19:     0.008  0.007  0.014  0.005  0.006  0.009  0.939  0.005  0.007       39
 20:     0.012  0.011  0.050  0.005  0.006  0.014  0.042  0.005  0.854       38
 21:     0.006  0.015  0.004  0.110  0.008  0.005  0.004  0.844  0.005       45
 22:     0.016  0.008  0.006  0.370  0.017  0.007  0.005  0.559  0.012       28
 23:     0.027  0.008  0.350  0.006  0.007  0.052  0.536  0.007  0.007        6
 24:     0.020  0.892  0.014  0.012  0.006  0.017  0.019  0.015  0.006       40
 25:     0.829  0.018  0.017  0.014  0.011  0.036  0.010  0.019  0.046       42
--------------------------------------------

Allele-freq. divergence among pops (Net nucleotide distance),
computed using point estimates of P.

      1       2       3       4       5       6       7       8       9      
 1      -    0.1107  0.1271  0.1931  0.1183  0.0642  0.1196  0.1403  0.1029  
 2   0.1107     -    0.2183  0.1523  0.1498  0.1128  0.2017  0.1432  0.2481  
 3   0.1271  0.2183     -    0.2579  0.1914  0.0940  0.0964  0.2336  0.1730  
 4   0.1931  0.1523  0.2579     -    0.1543  0.1215  0.2868  0.0917  0.2773  
 5   0.1183  0.1498  0.1914  0.1543     -    0.1005  0.1740  0.1207  0.2156  
 6   0.0642  0.1128  0.0940  0.1215  0.1005     -    0.1135  0.1467  0.1430  
 7   0.1196  0.2017  0.0964  0.2868  0.1740  0.1135     -    0.2542  0.2167  
 8   0.1403  0.1432  0.2336  0.0917  0.1207  0.1467  0.2542     -    0.2785  
 9   0.1029  0.2481  0.1730  0.2773  0.2156  0.1430  0.2167  0.2785     -    

Average distances (expected heterozygosity) between individuals in same cluster:
cluster  1  : 0.5376 
cluster  2  : 0.3913 
cluster  3  : 0.4722 
cluster  4  : 0.4348 
cluster  5  : 0.4305 
cluster  6  : 0.6099 
cluster  7  : 0.3153 
cluster  8  : 0.4124 
cluster  9  : 0.4240 

--------------------------------------------
Estimated Ln Prob of Data   = -14000.9
Mean value of ln likelihood = -13657.7
Variance of ln likelihood   = 686.4
Mean value of alpha         = 0.0314

Mean value of Fst_1         = 0.1229
Mean value of Fst_2         = 0.4057
Mean value of Fst_3         = 0.4235
Mean value of Fst_4         = 0.3328
Mean value of Fst_5         = 0.4193
Mean value of Fst_6         = 0.1149
Mean value of Fst_7         = 0.4791
Mean value of Fst_8         = 0.4818
Mean value of Fst_9         = 0.4072


Inferred ancestry of individuals:
        Label (%Miss) Pop:  Inferred clusters
  1    ZFB01    (0)    1 :  0.003 0.003 0.967 0.003 0.003 0.004 0.008 0.003 0.005 
  2    ZFB02    (0)    1 :  0.006 0.004 0.910 0.003 0.009 0.016 0.015 0.003 0.033 
  3    ZFB03    (0)    1 :  0.017 0.012 0.892 0.007 0.006 0.019 0.024 0.018 0.005 
  4    ZFB04    (0)    1 :  0.005 0.003 0.943 0.003 0.005 0.008 0.007 0.002 0.023 
  5    ZFB05    (0)    1 :  0.047 0.026 0.788 0.005 0.012 0.008 0.009 0.006 0.100 
  6    ZFB06    (0)    1 :  0.042 0.022 0.839 0.005 0.008 0.009 0.008 0.006 0.061 
  7    ZFB07    (9)    1 :  0.044 0.013 0.835 0.007 0.004 0.013 0.073 0.005 0.007 
  8    ZFB08    (0)    1 :  0.006 0.020 0.907 0.008 0.009 0.011 0.027 0.006 0.005 
  9    ZFB09    (0)    1 :  0.003 0.004 0.967 0.003 0.004 0.005 0.008 0.003 0.003 
 10    ZFB10    (0)    1 :  0.004 0.004 0.947 0.012 0.006 0.013 0.004 0.005 0.006 
 11    ZFB11    (0)    1 :  0.003 0.003 0.966 0.004 0.004 0.006 0.004 0.002 0.008 
 12    ZFB12    (0)    1 :  0.012 0.023 0.909 0.005 0.004 0.015 0.005 0.006 0.022 
 13    ZFB13    (0)    1 :  0.007 0.012 0.922 0.010 0.006 0.024 0.006 0.007 0.006 
 14    ZFB14    (0)    1 :  0.004 0.004 0.964 0.003 0.005 0.009 0.006 0.003 0.003 
 15    ZFB15    (0)    1 :  0.003 0.003 0.968 0.002 0.002 0.004 0.007 0.002 0.007 
 16    ZFB16    (0)    1 :  0.005 0.008 0.948 0.006 0.004 0.010 0.005 0.004 0.010 
 17    ZFB17    (0)    1 :  0.010 0.032 0.877 0.011 0.019 0.020 0.005 0.006 0.019 
 18    ZFB18    (0)    1 :  0.003 0.003 0.971 0.003 0.004 0.007 0.004 0.002 0.003 
 19    ZFB19    (0)    1 :  0.038 0.033 0.491 0.032 0.005 0.348 0.031 0.016 0.007 
 20    ZFB20    (0)    1 :  0.006 0.008 0.932 0.006 0.004 0.011 0.005 0.004 0.024 
 21    ZFB21    (0)    1 :  0.006 0.003 0.967 0.002 0.003 0.004 0.006 0.003 0.007 
 22    ZFB22    (0)    1 :  0.008 0.011 0.894 0.010 0.008 0.012 0.005 0.006 0.046 
 23    ZFB23    (0)    1 :  0.004 0.003 0.966 0.003 0.004 0.005 0.003 0.003 0.009 
 24    ZFB24    (0)    1 :  0.004 0.003 0.962 0.003 0.004 0.004 0.004 0.003 0.013 
 25    ZFB25    (0)    1 :  0.003 0.003 0.969 0.006 0.003 0.004 0.003 0.004 0.004 
 26    ZFB26    (0)    1 :  0.004 0.003 0.955 0.006 0.004 0.003 0.004 0.004 0.017 
 27    ZFB27    (0)    1 :  0.004 0.002 0.954 0.003 0.003 0.004 0.005 0.003 0.022 
 28    ZFB28    (0)    1 :  0.031 0.013 0.842 0.005 0.010 0.019 0.004 0.005 0.069 
 29    ZFB29    (0)    1 :  0.004 0.003 0.963 0.002 0.006 0.006 0.004 0.002 0.009 
 30    ZFB30    (0)    1 :  0.124 0.019 0.746 0.007 0.004 0.009 0.021 0.006 0.065 
 31    ZFB31    (0)    1 :  0.004 0.003 0.955 0.007 0.004 0.012 0.006 0.004 0.005 
 32    ZFB32    (0)    1 :  0.025 0.036 0.823 0.009 0.024 0.020 0.007 0.009 0.047 
 33    ZFB33    (0)    1 :  0.004 0.002 0.972 0.002 0.003 0.004 0.006 0.002 0.006 
 34    ZFB34    (0)    1 :  0.005 0.004 0.953 0.003 0.005 0.006 0.017 0.003 0.003 
 35    ZFB35    (0)    1 :  0.005 0.005 0.955 0.004 0.005 0.004 0.014 0.004 0.006 
 36  ZFBP101    (0)    2 :  0.011 0.020 0.014 0.672 0.095 0.021 0.006 0.152 0.009 
 37  ZFBP102    (0)    2 :  0.013 0.011 0.020 0.852 0.015 0.022 0.008 0.047 0.013 
 38  ZFBP103    (0)    2 :  0.008 0.010 0.011 0.133 0.165 0.023 0.004 0.637 0.009 
 39  ZFBP104    (0)    2 :  0.015 0.033 0.021 0.502 0.004 0.024 0.024 0.370 0.007 
 40  ZFBP105    (0)    2 :  0.008 0.009 0.008 0.713 0.006 0.013 0.006 0.231 0.005 
 41  ZFBP106    (0)    2 :  0.004 0.006 0.004 0.815 0.008 0.004 0.004 0.152 0.003 
 42  ZFBP107    (0)    2 :  0.023 0.010 0.011 0.451 0.011 0.008 0.006 0.453 0.028 
 43  ZFBP108    (0)    2 :  0.004 0.003 0.003 0.964 0.003 0.004 0.004 0.012 0.003 
 44  ZFBP109    (0)    2 :  0.005 0.004 0.003 0.949 0.004 0.011 0.007 0.015 0.002 
 45  ZFBP110    (0)    2 :  0.026 0.011 0.045 0.105 0.033 0.143 0.010 0.622 0.006 
 46  ZFBP111    (0)    2 :  0.003 0.008 0.003 0.956 0.004 0.003 0.002 0.018 0.003 
 47  ZFBP112    (0)    2 :  0.005 0.007 0.003 0.955 0.006 0.006 0.004 0.009 0.005 
 48  ZFBP113    (0)    2 :  0.005 0.007 0.003 0.956 0.004 0.006 0.004 0.010 0.005 
 49  ZFBP114    (0)    2 :  0.007 0.003 0.004 0.942 0.008 0.004 0.005 0.018 0.009 
 50  ZFBP115    (0)    2 :  0.005 0.012 0.002 0.345 0.008 0.004 0.003 0.617 0.004 
 51  ZFBP116    (0)    2 :  0.006 0.009 0.003 0.949 0.004 0.005 0.003 0.018 0.004 
 52  ZFBP117    (0)    2 :  0.005 0.004 0.003 0.954 0.008 0.006 0.004 0.014 0.002 
 53  ZFBP118    (0)    2 :  0.007 0.004 0.005 0.954 0.006 0.003 0.003 0.011 0.008 
 54  ZFBP119    (0)    2 :  0.006 0.016 0.003 0.657 0.029 0.007 0.005 0.273 0.003 
 55  ZFBP120    (0)    2 :  0.009 0.011 0.009 0.722 0.004 0.007 0.007 0.226 0.005 
 56  ZFBP121    (0)    2 :  0.005 0.005 0.007 0.923 0.010 0.009 0.007 0.030 0.003 
 57  ZFBP122    (9)    2 :  0.004 0.007 0.003 0.942 0.004 0.004 0.004 0.029 0.003 
 58  ZFBP123    (0)    2 :  0.005 0.008 0.003 0.947 0.011 0.006 0.004 0.009 0.007 
 59  ZFBP124    (0)    2 :  0.004 0.004 0.006 0.948 0.006 0.005 0.010 0.014 0.004 
 60  ZFBP125    (0)    2 :  0.003 0.004 0.002 0.961 0.006 0.004 0.002 0.015 0.002 
 61  ZFBP126    (0)    2 :  0.016 0.020 0.011 0.850 0.027 0.046 0.005 0.015 0.012 
 62  ZFBP127    (0)    2 :  0.007 0.003 0.003 0.571 0.021 0.005 0.006 0.380 0.003 
 63  ZFBP128    (0)    2 :  0.003 0.003 0.004 0.964 0.006 0.004 0.004 0.010 0.003 
 64  ZFBP129    (0)    2 :  0.004 0.005 0.004 0.954 0.008 0.007 0.008 0.007 0.003 
 65  ZFBP130    (0)    2 :  0.003 0.007 0.002 0.964 0.008 0.003 0.002 0.008 0.003 
 66  ZFBP131    (0)    2 :  0.004 0.005 0.003 0.965 0.004 0.005 0.005 0.005 0.004 
 67  ZFBP132    (0)    2 :  0.004 0.003 0.005 0.948 0.004 0.005 0.003 0.024 0.003 
 68  ZFBP133    (0)    2 :  0.002 0.004 0.002 0.971 0.005 0.004 0.004 0.004 0.002 
 69  ZFBP134    (0)    2 :  0.003 0.018 0.004 0.383 0.048 0.007 0.003 0.529 0.004 
 70  ZFBP135    (0)    2 :  0.008 0.008 0.022 0.580 0.231 0.050 0.009 0.086 0.006 
 71  ZFBP136    (0)    2 :  0.005 0.007 0.003 0.852 0.062 0.006 0.004 0.055 0.007 
 72  ZFBP201    (0)    3 :  0.007 0.008 0.006 0.928 0.006 0.009 0.005 0.024 0.007 
 73  ZFBP202    (0)    3 :  0.005 0.006 0.006 0.933 0.005 0.005 0.009 0.029 0.003 
 74  ZFBP203    (0)    3 :  0.024 0.024 0.005 0.878 0.005 0.012 0.005 0.008 0.038 
 75  ZFBP204    (0)    3 :  0.006 0.010 0.004 0.785 0.019 0.007 0.005 0.159 0.005 
 76  ZFBP205    (0)    3 :  0.003 0.005 0.002 0.966 0.007 0.005 0.003 0.004 0.004 
 77  ZFBP206    (0)    3 :  0.004 0.010 0.003 0.947 0.010 0.005 0.007 0.006 0.007 
 78  ZFBP207    (0)    3 :  0.004 0.005 0.004 0.434 0.016 0.007 0.006 0.520 0.004 
 79  ZFBP208    (0)    3 :  0.007 0.016 0.003 0.940 0.007 0.006 0.004 0.006 0.011 
 80  ZFBP209    (0)    3 :  0.002 0.004 0.002 0.973 0.006 0.004 0.003 0.004 0.002 
 81  ZFBP210    (0)    3 :  0.006 0.011 0.005 0.939 0.005 0.005 0.004 0.016 0.008 
 82  ZFBP211    (0)    3 :  0.005 0.005 0.008 0.942 0.006 0.004 0.008 0.019 0.004 
 83  ZFBP212    (0)    3 :  0.004 0.004 0.008 0.536 0.003 0.004 0.005 0.433 0.003 
 84  ZFBP213    (0)    3 :  0.007 0.013 0.005 0.910 0.016 0.008 0.022 0.013 0.005 
 85  ZFBP214    (0)    3 :  0.008 0.039 0.007 0.815 0.036 0.028 0.017 0.045 0.004 
 86  ZFBP215    (0)    3 :  0.004 0.004 0.004 0.960 0.006 0.005 0.005 0.010 0.003 
 87  ZFBP216    (0)    3 :  0.014 0.043 0.005 0.863 0.006 0.009 0.005 0.047 0.008 
 88  ZFBP217    (0)    3 :  0.004 0.009 0.005 0.938 0.006 0.006 0.006 0.024 0.003 
 89  ZFBP218    (0)    3 :  0.003 0.005 0.002 0.971 0.003 0.003 0.004 0.006 0.003 
 90  ZFBP219    (0)    3 :  0.005 0.007 0.003 0.963 0.003 0.005 0.004 0.007 0.004 
 91  ZFBP220    (0)    3 :  0.004 0.007 0.003 0.938 0.008 0.004 0.003 0.029 0.003 
 92  ZFBP221    (0)    3 :  0.004 0.006 0.005 0.860 0.003 0.005 0.004 0.110 0.004 
 93  ZFBP222    (0)    3 :  0.004 0.008 0.003 0.951 0.008 0.009 0.005 0.005 0.005 
 94  ZFBP223    (0)    3 :  0.008 0.007 0.008 0.305 0.013 0.010 0.007 0.636 0.006 
 95  ZFBP224    (0)    3 :  0.006 0.009 0.004 0.937 0.007 0.007 0.014 0.012 0.004 
 96  ZFBP225    (0)    3 :  0.005 0.010 0.002 0.933 0.008 0.005 0.002 0.030 0.005 
 97  ZFBP226    (0)    3 :  0.005 0.007 0.003 0.951 0.004 0.005 0.004 0.016 0.005 
 98  ZFBP227    (0)    3 :  0.033 0.175 0.008 0.545 0.007 0.026 0.020 0.178 0.007 
 99  ZFBP228    (0)    3 :  0.004 0.004 0.005 0.292 0.018 0.006 0.005 0.665 0.002 
100  ZFBP229    (0)    3 :  0.004 0.006 0.003 0.959 0.006 0.006 0.003 0.011 0.003 
101  ZFBP230    (0)    3 :  0.005 0.011 0.003 0.921 0.013 0.008 0.004 0.033 0.003 
102  ZFBP231    (0)    3 :  0.006 0.007 0.006 0.941 0.007 0.006 0.007 0.015 0.004 
103  ZFBP232    (0)    3 :  0.003 0.003 0.004 0.968 0.005 0.003 0.003 0.007 0.003 
104  ZFBP233    (0)    3 :  0.005 0.012 0.006 0.938 0.006 0.005 0.009 0.016 0.004 
105   ZFCC01    (0)    4 :  0.003 0.004 0.004 0.004 0.952 0.004 0.020 0.004 0.004 
106   ZFCC03    (0)    4 :  0.003 0.003 0.003 0.004 0.967 0.004 0.009 0.005 0.003 
107   ZFCC04    (0)    4 :  0.004 0.004 0.003 0.004 0.965 0.004 0.008 0.004 0.003 
108   ZFCC05    (0)    4 :  0.005 0.006 0.005 0.006 0.953 0.005 0.009 0.008 0.004 
109   ZFCC08    (0)    4 :  0.003 0.006 0.002 0.011 0.953 0.005 0.010 0.007 0.002 
110   ZFCC09    (0)    4 :  0.004 0.003 0.003 0.004 0.963 0.003 0.012 0.005 0.003 
111   ZFCC10    (0)    4 :  0.003 0.003 0.004 0.004 0.923 0.005 0.051 0.004 0.004 
112   ZFCC11    (0)    4 :  0.004 0.004 0.003 0.005 0.960 0.004 0.012 0.005 0.003 
113   ZFCC12    (0)    4 :  0.013 0.007 0.008 0.006 0.862 0.026 0.023 0.008 0.048 
114   ZFCC13    (0)    4 :  0.006 0.011 0.003 0.009 0.941 0.004 0.005 0.013 0.007 
115   ZFCC14    (0)    4 :  0.004 0.004 0.007 0.009 0.950 0.010 0.009 0.004 0.004 
116   ZFCC15    (0)    4 :  0.005 0.010 0.003 0.004 0.958 0.005 0.005 0.004 0.005 
117   ZFCC16    (0)    4 :  0.004 0.005 0.004 0.004 0.964 0.006 0.006 0.003 0.004 
118   ZFCC17    (0)    4 :  0.004 0.004 0.005 0.003 0.962 0.004 0.006 0.004 0.008 
119   ZFCC18    (0)    4 :  0.004 0.004 0.003 0.005 0.962 0.004 0.010 0.005 0.003 
120   ZFCC19    (0)    4 :  0.005 0.007 0.004 0.003 0.962 0.006 0.004 0.003 0.007 
121   ZFCC20    (0)    4 :  0.003 0.006 0.003 0.003 0.967 0.004 0.004 0.006 0.003 
122   ZFCC21    (0)    4 :  0.005 0.036 0.005 0.035 0.859 0.040 0.006 0.008 0.006 
123   ZFCC22    (0)    4 :  0.003 0.008 0.003 0.173 0.765 0.005 0.012 0.027 0.004 
124   ZFCC26    (0)    4 :  0.004 0.004 0.004 0.004 0.968 0.005 0.005 0.004 0.003 
125   ZFCC27    (0)    4 :  0.003 0.003 0.003 0.003 0.972 0.004 0.004 0.005 0.003 
126   ZFCC29    (0)    4 :  0.004 0.008 0.008 0.004 0.955 0.007 0.006 0.004 0.004 
127   ZFCC30    (0)    4 :  0.003 0.004 0.002 0.004 0.973 0.003 0.004 0.005 0.003 
128   ZFCC32    (0)    4 :  0.006 0.011 0.004 0.004 0.950 0.004 0.009 0.006 0.007 
129   ZFCC33    (0)    4 :  0.006 0.004 0.006 0.003 0.961 0.005 0.005 0.005 0.004 
130   ZFCC34    (0)    4 :  0.005 0.005 0.020 0.034 0.853 0.008 0.013 0.047 0.013 
131   ZFCC35    (0)    4 :  0.003 0.003 0.002 0.004 0.974 0.003 0.005 0.004 0.003 
132   ZFCC36    (0)    4 :  0.006 0.015 0.004 0.009 0.941 0.004 0.004 0.007 0.011 
133   ZFCC37    (0)    4 :  0.015 0.009 0.010 0.009 0.842 0.036 0.034 0.008 0.037 
134   ZFCC40    (0)    4 :  0.004 0.003 0.004 0.005 0.960 0.005 0.009 0.004 0.006 
135   ZFCC42    (0)    4 :  0.020 0.005 0.022 0.007 0.391 0.010 0.005 0.045 0.495 
136   ZFCC44    (0)    4 :  0.003 0.003 0.003 0.003 0.974 0.003 0.003 0.005 0.004 
137   ZFCC45    (9)    4 :  0.013 0.008 0.006 0.005 0.929 0.008 0.015 0.005 0.012 
138   ZFCC46    (0)    4 :  0.003 0.005 0.003 0.009 0.955 0.004 0.003 0.014 0.003 
139   ZFCC47    (0)    4 :  0.005 0.005 0.006 0.005 0.912 0.010 0.028 0.005 0.024 
140   ZFCC48    (0)    4 :  0.003 0.010 0.005 0.028 0.927 0.012 0.006 0.006 0.003 
141   ZFCC50    (0)    4 :  0.004 0.004 0.004 0.003 0.969 0.004 0.005 0.003 0.004 
142   ZFCC51    (0)    4 :  0.003 0.003 0.004 0.003 0.970 0.003 0.005 0.005 0.003 
143   ZFCC52    (0)    4 :  0.003 0.006 0.004 0.011 0.956 0.004 0.004 0.007 0.005 
144   ZFCC53    (0)    4 :  0.003 0.003 0.003 0.003 0.973 0.003 0.005 0.004 0.003 
145  ZFCNS01    (0)    5 :  0.008 0.011 0.003 0.003 0.005 0.004 0.003 0.958 0.005 
146  ZFCNS02    (0)    5 :  0.003 0.004 0.003 0.004 0.009 0.003 0.004 0.968 0.002 
147  ZFCNS05    (0)    5 :  0.004 0.005 0.005 0.006 0.010 0.003 0.005 0.960 0.003 
148  ZFCNS06    (0)    5 :  0.003 0.004 0.004 0.005 0.009 0.003 0.004 0.966 0.003 
149  ZFCNS07    (0)    5 :  0.003 0.005 0.004 0.011 0.005 0.003 0.004 0.962 0.003 
150  ZFCNS10    (0)    5 :  0.003 0.003 0.003 0.004 0.004 0.002 0.003 0.975 0.003 
151  ZFCNS11    (0)    5 :  0.005 0.008 0.003 0.004 0.006 0.003 0.003 0.966 0.004 
152  ZFCNS15    (0)    5 :  0.003 0.003 0.004 0.007 0.004 0.003 0.004 0.969 0.002 
153  ZFCNS17    (0)    5 :  0.003 0.003 0.003 0.005 0.013 0.003 0.003 0.965 0.002 
154  ZFCNS18    (0)    5 :  0.003 0.003 0.003 0.004 0.006 0.003 0.003 0.973 0.003 
155  ZFCNS19    (0)    5 :  0.004 0.005 0.004 0.004 0.008 0.003 0.004 0.967 0.003 
156  ZFCNS20    (0)    5 :  0.004 0.004 0.003 0.012 0.008 0.004 0.003 0.959 0.003 
157  ZFCNS21    (0)    5 :  0.004 0.003 0.003 0.003 0.007 0.003 0.003 0.973 0.002 
158  ZFCNS22    (0)    5 :  0.004 0.004 0.005 0.008 0.007 0.004 0.005 0.962 0.003 
159  ZFCNS23    (0)    5 :  0.009 0.013 0.005 0.007 0.024 0.005 0.007 0.921 0.009 
160  ZFCNS24    (0)    5 :  0.004 0.003 0.003 0.005 0.021 0.003 0.003 0.957 0.002 
161  ZFCNS25    (0)    5 :  0.004 0.004 0.003 0.008 0.009 0.003 0.003 0.964 0.003 
162  ZFCNS26    (0)    5 :  0.003 0.003 0.004 0.004 0.004 0.003 0.004 0.972 0.002 
163  ZFCNS27    (0)    5 :  0.004 0.003 0.004 0.009 0.004 0.003 0.003 0.968 0.002 
164  ZFCNS28    (0)    5 :  0.003 0.004 0.004 0.005 0.008 0.003 0.005 0.965 0.002 
165  ZFCNS29    (0)    5 :  0.004 0.004 0.003 0.006 0.011 0.003 0.004 0.962 0.003 
166  ZFCNS30    (0)    5 :  0.004 0.004 0.003 0.004 0.008 0.003 0.004 0.967 0.003 
167  ZFCNS31    (0)    5 :  0.004 0.004 0.004 0.005 0.005 0.003 0.003 0.970 0.003 
168  ZFCNS32    (0)    5 :  0.003 0.005 0.004 0.005 0.007 0.003 0.005 0.967 0.003 
169  ZFCNS33    (0)    5 :  0.003 0.004 0.003 0.004 0.005 0.003 0.004 0.971 0.002 
170  ZFCNS34    (0)    5 :  0.004 0.005 0.004 0.005 0.021 0.003 0.005 0.951 0.003 
171  ZFCNS35    (0)    5 :  0.003 0.004 0.005 0.004 0.006 0.003 0.005 0.968 0.003 
172  ZFCNS36    (0)    5 :  0.004 0.004 0.003 0.005 0.040 0.003 0.003 0.935 0.003 
173  ZFCNS37    (0)    5 :  0.004 0.004 0.003 0.003 0.006 0.003 0.004 0.971 0.002 
174  ZFCNS39    (0)    5 :  0.003 0.004 0.002 0.004 0.007 0.003 0.003 0.971 0.002 
175  ZFCNS40    (0)    5 :  0.003 0.005 0.003 0.006 0.027 0.003 0.003 0.946 0.003 
176  ZFCNS41    (0)    5 :  0.006 0.010 0.004 0.007 0.010 0.005 0.004 0.951 0.004 
177  ZFCNS42    (0)    5 :  0.004 0.003 0.003 0.005 0.005 0.003 0.003 0.972 0.002 
178  ZFCNS43    (0)    5 :  0.003 0.003 0.003 0.004 0.009 0.003 0.003 0.970 0.002 
179  ZFCNS44    (0)    5 :  0.003 0.003 0.003 0.004 0.006 0.003 0.003 0.974 0.002 
180  ZFCNS46    (0)    5 :  0.004 0.004 0.003 0.004 0.006 0.003 0.003 0.969 0.003 
181  ZFCNS47    (0)    5 :  0.003 0.003 0.003 0.004 0.007 0.003 0.004 0.972 0.002 
182  ZFCNS48    (0)    5 :  0.003 0.004 0.003 0.005 0.005 0.003 0.003 0.970 0.003 
183  ZFCNS49    (0)    5 :  0.003 0.003 0.003 0.004 0.003 0.003 0.003 0.976 0.002 
184   ZFCR01    (0)    6 :  0.048 0.003 0.007 0.008 0.006 0.891 0.023 0.003 0.011 
185   ZFCR02    (0)    6 :  0.012 0.005 0.014 0.009 0.018 0.923 0.005 0.005 0.009 
186   ZFCR03    (0)    6 :  0.014 0.013 0.021 0.015 0.026 0.831 0.010 0.004 0.065 
187   ZFCR04    (0)    6 :  0.055 0.015 0.167 0.021 0.013 0.605 0.074 0.022 0.026 
188   ZFCR05    (0)    6 :  0.018 0.010 0.009 0.003 0.008 0.922 0.018 0.003 0.008 
189   ZFCR06    (0)    6 :  0.014 0.006 0.015 0.016 0.011 0.872 0.011 0.052 0.004 
190   ZFCR07    (0)    6 :  0.175 0.167 0.051 0.008 0.024 0.473 0.012 0.079 0.012 
191   ZFCR08    (0)    6 :  0.483 0.007 0.023 0.068 0.109 0.175 0.082 0.008 0.045 
192   ZFCR09    (0)    6 :  0.029 0.017 0.074 0.061 0.032 0.445 0.013 0.041 0.288 
193   ZFCR11    (0)    6 :  0.019 0.015 0.020 0.009 0.007 0.875 0.014 0.033 0.008 
194   ZFCR12    (0)    6 :  0.009 0.023 0.006 0.014 0.010 0.799 0.005 0.131 0.003 
195   ZFCR13    (0)    6 :  0.305 0.270 0.033 0.065 0.008 0.298 0.006 0.011 0.003 
196   ZFCR14    (0)    6 :  0.012 0.025 0.014 0.009 0.008 0.910 0.010 0.007 0.005 
197   ZFCR15    (0)    6 :  0.062 0.017 0.036 0.024 0.013 0.813 0.017 0.010 0.009 
198   ZFCR16    (0)    6 :  0.025 0.008 0.013 0.016 0.006 0.916 0.007 0.005 0.004 
199   ZFCR18    (0)    6 :  0.017 0.007 0.281 0.009 0.017 0.650 0.009 0.006 0.005 
200   ZFCR19    (0)    6 :  0.006 0.007 0.017 0.016 0.010 0.901 0.006 0.009 0.028 
201   ZFCR20    (0)    6 :  0.020 0.033 0.020 0.017 0.009 0.864 0.018 0.006 0.013 
202   ZFCR21    (0)    6 :  0.009 0.025 0.004 0.006 0.012 0.932 0.004 0.005 0.003 
203   ZFCR22    (0)    6 :  0.009 0.052 0.006 0.008 0.006 0.908 0.002 0.004 0.004 
204   ZFCR23    (0)    6 :  0.070 0.051 0.013 0.030 0.004 0.780 0.004 0.017 0.034 
205   ZFCR24    (9)    6 :  0.090 0.094 0.115 0.477 0.010 0.142 0.038 0.010 0.025 
206   ZFCR25    (0)    6 :  0.012 0.013 0.007 0.004 0.005 0.943 0.008 0.004 0.004 
207   ZFCR26    (0)    6 :  0.013 0.169 0.004 0.013 0.014 0.729 0.010 0.006 0.043 
208   ZFCR27    (9)    6 :  0.380 0.037 0.012 0.003 0.004 0.528 0.021 0.003 0.012 
209   ZFCR28    (0)    6 :  0.080 0.007 0.004 0.071 0.010 0.786 0.005 0.031 0.005 
210   ZFCR29    (0)    6 :  0.005 0.015 0.009 0.005 0.004 0.948 0.005 0.003 0.006 
211   ZFCR30    (0)    6 :  0.011 0.046 0.006 0.007 0.007 0.900 0.007 0.010 0.007 
212   ZFCR31    (0)    6 :  0.022 0.026 0.153 0.058 0.017 0.577 0.011 0.085 0.050 
213   ZFCR33    (0)    6 :  0.763 0.034 0.007 0.014 0.037 0.052 0.045 0.012 0.036 
214   ZFCR34    (0)    6 :  0.038 0.259 0.163 0.017 0.013 0.469 0.005 0.022 0.014 
215   ZFCR35    (0)    6 :  0.011 0.005 0.107 0.005 0.009 0.829 0.010 0.004 0.020 
216   ZFCR36    (0)    6 :  0.012 0.017 0.046 0.005 0.007 0.879 0.007 0.012 0.016 
217   ZFCR37    (0)    6 :  0.110 0.611 0.057 0.004 0.054 0.060 0.068 0.004 0.033 
218   ZFCR38    (0)    6 :  0.593 0.034 0.007 0.009 0.035 0.245 0.041 0.008 0.029 
219   ZFCR39    (0)    6 :  0.301 0.010 0.020 0.085 0.102 0.272 0.009 0.011 0.191 
220   ZFCR40    (0)    6 :  0.147 0.011 0.012 0.008 0.021 0.751 0.012 0.010 0.028 
221   ZFCR41    (0)    6 :  0.018 0.018 0.005 0.017 0.019 0.821 0.006 0.093 0.003 
222   ZFCR42    (0)    6 :  0.082 0.082 0.007 0.023 0.056 0.699 0.009 0.027 0.015 
223   ZFCR43    (0)    6 :  0.011 0.008 0.023 0.020 0.004 0.914 0.010 0.006 0.003 
224  ZFENP25    (0)    7 :  0.844 0.007 0.005 0.013 0.023 0.052 0.048 0.004 0.005 
225  ZFENP26    (0)    7 :  0.959 0.004 0.006 0.002 0.004 0.008 0.006 0.003 0.008 
226  ZFENP27    (0)    7 :  0.281 0.005 0.018 0.017 0.333 0.225 0.026 0.060 0.036 
227  ZFENP28    (0)    7 :  0.902 0.010 0.009 0.004 0.011 0.019 0.027 0.006 0.013 
228  ZFENP29    (0)    7 :  0.925 0.009 0.004 0.004 0.010 0.033 0.005 0.005 0.005 
229  ZFENP30    (0)    7 :  0.878 0.013 0.007 0.005 0.056 0.010 0.008 0.006 0.016 
230  ZFENP31    (0)    7 :  0.356 0.009 0.017 0.007 0.073 0.015 0.016 0.009 0.497 
231  ZFENP32    (0)    7 :  0.270 0.014 0.214 0.015 0.030 0.112 0.020 0.041 0.285 
232  ZFENP33    (0)    7 :  0.862 0.040 0.012 0.005 0.008 0.016 0.036 0.006 0.016 
233  ZFENP34    (0)    7 :  0.342 0.008 0.033 0.007 0.045 0.038 0.502 0.011 0.016 
234  ZFENP35    (0)    7 :  0.908 0.007 0.016 0.009 0.006 0.005 0.007 0.018 0.026 
235  ZFENP36    (0)    7 :  0.946 0.008 0.010 0.002 0.003 0.006 0.006 0.006 0.012 
236  ZFENP37    (0)    7 :  0.522 0.032 0.017 0.006 0.008 0.007 0.331 0.009 0.069 
237  ZFENP38    (0)    7 :  0.452 0.437 0.011 0.005 0.020 0.012 0.033 0.010 0.020 
238  ZFENP39    (0)    7 :  0.815 0.012 0.012 0.003 0.013 0.096 0.026 0.005 0.018 
239  ZFENP40    (0)    7 :  0.837 0.007 0.014 0.007 0.009 0.066 0.020 0.006 0.035 
240  ZFENP41    (0)    7 :  0.822 0.007 0.016 0.007 0.071 0.040 0.014 0.007 0.014 
241  ZFENP42    (0)    7 :  0.836 0.029 0.003 0.004 0.006 0.009 0.004 0.005 0.105 
242  ZFENP43    (0)    7 :  0.785 0.061 0.007 0.008 0.033 0.015 0.024 0.049 0.017 
243  ZFENP44    (0)    7 :  0.852 0.023 0.005 0.005 0.017 0.011 0.014 0.016 0.057 
244  ZFENP45    (0)    7 :  0.523 0.040 0.008 0.310 0.020 0.029 0.009 0.018 0.042 
245  ZFENP46    (0)    7 :  0.847 0.041 0.008 0.011 0.004 0.016 0.034 0.016 0.023 
246  ZFENP47    (0)    7 :  0.280 0.006 0.030 0.116 0.068 0.198 0.009 0.005 0.289 
247  ZFENP48    (0)    7 :  0.235 0.023 0.015 0.022 0.104 0.129 0.415 0.013 0.043 
248  ZFENP49    (0)    7 :  0.184 0.011 0.020 0.010 0.019 0.734 0.005 0.006 0.011 
249  ZFENP50    (0)    7 :  0.752 0.070 0.007 0.045 0.005 0.053 0.007 0.016 0.046 
250  ZFENP51    (0)    7 :  0.690 0.016 0.023 0.017 0.008 0.035 0.010 0.005 0.195 
251  ZFENP52    (0)    7 :  0.942 0.012 0.003 0.005 0.009 0.005 0.004 0.014 0.006 
252  ZFENP53    (0)    7 :  0.854 0.023 0.007 0.042 0.009 0.020 0.008 0.020 0.016 
253  ZFENP54    (0)    7 :  0.182 0.016 0.013 0.022 0.021 0.719 0.009 0.008 0.010 
254  ZFENP55    (0)    7 :  0.248 0.571 0.051 0.005 0.004 0.064 0.032 0.004 0.021 
255  ZFENP56    (0)    7 :  0.867 0.068 0.012 0.004 0.008 0.010 0.009 0.009 0.014 
256  ZFENP57    (0)    7 :  0.847 0.018 0.013 0.003 0.005 0.020 0.020 0.011 0.062 
257  ZFENP58    (0)    7 :  0.584 0.049 0.018 0.042 0.092 0.178 0.005 0.017 0.015 
258  ZFENP59    (0)    7 :  0.847 0.008 0.010 0.005 0.069 0.025 0.009 0.005 0.023 
259  ZFENP60    (0)    7 :  0.774 0.015 0.036 0.012 0.010 0.096 0.035 0.008 0.016 
260  ZFENP61    (0)    7 :  0.871 0.009 0.015 0.004 0.016 0.055 0.018 0.004 0.009 
261 ZFFDSP01    (0)    8 :  0.003 0.007 0.008 0.923 0.004 0.005 0.005 0.044 0.003 
262 ZFFDSP02    (0)    8 :  0.003 0.004 0.003 0.963 0.004 0.006 0.005 0.009 0.002 
263 ZFFDSP04    (0)    8 :  0.002 0.005 0.005 0.966 0.004 0.005 0.004 0.006 0.002 
264 ZFFDSP05    (0)    8 :  0.004 0.008 0.004 0.918 0.004 0.006 0.004 0.050 0.003 
265 ZFFDSP06    (0)    8 :  0.002 0.004 0.003 0.967 0.006 0.004 0.005 0.008 0.002 
266 ZFFDSP07    (0)    8 :  0.005 0.007 0.003 0.953 0.013 0.006 0.004 0.005 0.004 
267 ZFFDSP08    (0)    8 :  0.004 0.008 0.003 0.946 0.012 0.004 0.003 0.015 0.004 
268 ZFFDSP10    (0)    8 :  0.005 0.006 0.005 0.948 0.005 0.005 0.005 0.019 0.003 
269 ZFFDSP11    (0)    8 :  0.004 0.008 0.005 0.960 0.004 0.005 0.004 0.007 0.003 
270 ZFFDSP12    (0)    8 :  0.004 0.004 0.003 0.968 0.004 0.003 0.003 0.010 0.003 
271 ZFFDSP13    (0)    8 :  0.007 0.015 0.004 0.067 0.013 0.008 0.004 0.879 0.004 
272 ZFFDSP14    (0)    8 :  0.003 0.006 0.003 0.963 0.006 0.005 0.006 0.005 0.003 
273 ZFFDSP16    (0)    8 :  0.009 0.010 0.009 0.893 0.008 0.022 0.009 0.037 0.004 
274 ZFFDSP17    (0)    8 :  0.004 0.008 0.004 0.955 0.005 0.005 0.007 0.010 0.003 
275 ZFFDSP18    (0)    8 :  0.003 0.004 0.007 0.958 0.006 0.007 0.007 0.007 0.002 
276 ZFFDSP19    (0)    8 :  0.004 0.004 0.005 0.744 0.032 0.005 0.009 0.194 0.003 
277 ZFFDSP21    (0)    8 :  0.004 0.005 0.003 0.516 0.022 0.011 0.009 0.429 0.002 
278 ZFFDSP22    (0)    8 :  0.003 0.005 0.002 0.971 0.004 0.004 0.003 0.006 0.002 
279 ZFFDSP23    (0)    8 :  0.003 0.005 0.003 0.959 0.004 0.003 0.003 0.020 0.002 
280 ZFFDSP24    (0)    8 :  0.004 0.007 0.007 0.755 0.006 0.005 0.006 0.207 0.003 
281 ZFFDSP26    (9)    8 :  0.003 0.005 0.004 0.939 0.005 0.006 0.003 0.031 0.003 
282 ZFFDSP27    (0)    8 :  0.003 0.004 0.006 0.944 0.004 0.007 0.006 0.023 0.003 
283 ZFFDSP28    (0)    8 :  0.009 0.014 0.054 0.819 0.008 0.018 0.038 0.026 0.013 
284 ZFFDSP30    (0)    8 :  0.005 0.013 0.123 0.253 0.012 0.014 0.008 0.565 0.008 
285 ZFFDSP31    (0)    8 :  0.005 0.006 0.004 0.934 0.007 0.004 0.019 0.020 0.002 
286 ZFFDSP32    (0)    8 :  0.003 0.005 0.003 0.964 0.004 0.004 0.005 0.010 0.003 
287 ZFFDSP33    (0)    8 :  0.003 0.003 0.003 0.965 0.003 0.004 0.005 0.012 0.003 
288 ZFFDSP34    (0)    8 :  0.003 0.004 0.003 0.964 0.005 0.003 0.004 0.010 0.002 
289 ZFFDSP35    (0)    8 :  0.003 0.005 0.007 0.893 0.004 0.005 0.005 0.074 0.003 
290 ZFFDSP37    (0)    8 :  0.004 0.004 0.005 0.948 0.004 0.006 0.007 0.021 0.003 
291 ZFFDSP38    (0)    8 :  0.003 0.005 0.007 0.958 0.004 0.004 0.006 0.010 0.003 
292 ZFFDSP39    (0)    8 :  0.003 0.004 0.004 0.670 0.004 0.005 0.003 0.305 0.002 
293 ZFFDSP40    (0)    8 :  0.003 0.004 0.007 0.601 0.004 0.006 0.005 0.366 0.002 
294 ZFFDSP42    (0)    8 :  0.003 0.005 0.004 0.952 0.005 0.004 0.004 0.021 0.002 
295 ZFFDSP43    (0)    8 :  0.003 0.003 0.005 0.951 0.004 0.005 0.004 0.023 0.002 
296 ZFFDSP44    (0)    8 :  0.004 0.005 0.008 0.794 0.004 0.004 0.006 0.171 0.003 
297 ZFFDSP45    (0)    8 :  0.003 0.005 0.006 0.946 0.005 0.006 0.005 0.021 0.002 
298 ZFFDSP46    (0)    8 :  0.004 0.006 0.006 0.933 0.006 0.007 0.006 0.031 0.002 
299 ZFFDSP47    (0)    8 :  0.003 0.006 0.004 0.554 0.004 0.003 0.004 0.419 0.003 
300 ZFFDSP48    (0)    8 :  0.003 0.004 0.005 0.441 0.004 0.005 0.004 0.530 0.003 
301    ZFI01    (0)    9 :  0.010 0.009 0.871 0.005 0.009 0.022 0.035 0.006 0.033 
302    ZFI02    (0)    9 :  0.005 0.007 0.924 0.004 0.004 0.016 0.022 0.006 0.012 
303    ZFI03    (0)    9 :  0.006 0.006 0.911 0.003 0.006 0.008 0.050 0.005 0.005 
304    ZFI04    (0)    9 :  0.007 0.006 0.097 0.003 0.004 0.006 0.857 0.004 0.016 
305    ZFI05    (0)    9 :  0.006 0.004 0.956 0.004 0.004 0.007 0.007 0.007 0.005 
306    ZFI06    (0)    9 :  0.025 0.010 0.793 0.011 0.005 0.049 0.023 0.070 0.014 
307    ZFI07    (0)    9 :  0.007 0.006 0.471 0.003 0.006 0.007 0.491 0.004 0.005 
308    ZFI08    (0)    9 :  0.012 0.010 0.796 0.003 0.006 0.024 0.138 0.003 0.008 
309    ZFI09    (0)    9 :  0.008 0.005 0.935 0.004 0.004 0.015 0.015 0.005 0.010 
310    ZFI10    (0)    9 :  0.007 0.006 0.917 0.005 0.005 0.006 0.032 0.015 0.008 
311    ZFI11    (0)    9 :  0.008 0.006 0.855 0.003 0.005 0.008 0.092 0.005 0.018 
312    ZFI12    (0)    9 :  0.006 0.011 0.814 0.004 0.007 0.009 0.137 0.009 0.004 
313    ZFI13    (0)    9 :  0.009 0.006 0.942 0.003 0.008 0.009 0.011 0.006 0.006 
314    ZFI14    (0)    9 :  0.004 0.004 0.954 0.005 0.005 0.007 0.009 0.007 0.004 
315    ZFI15    (0)    9 :  0.005 0.004 0.961 0.003 0.004 0.007 0.008 0.004 0.004 
316    ZFI16    (0)    9 :  0.004 0.004 0.952 0.003 0.004 0.009 0.016 0.005 0.003 
317    ZFI17    (0)    9 :  0.008 0.007 0.912 0.003 0.004 0.006 0.045 0.007 0.008 
318    ZFI18    (0)    9 :  0.008 0.004 0.951 0.003 0.003 0.005 0.015 0.004 0.006 
319    ZFI19    (9)    9 :  0.005 0.005 0.961 0.002 0.003 0.006 0.009 0.003 0.004 
320    ZFI20    (0)    9 :  0.004 0.005 0.959 0.004 0.004 0.009 0.007 0.005 0.004 
321    ZFI21    (0)    9 :  0.003 0.004 0.963 0.005 0.003 0.005 0.005 0.008 0.003 
322    ZFI22    (0)    9 :  0.005 0.006 0.929 0.005 0.007 0.010 0.026 0.004 0.009 
323    ZFI23    (0)    9 :  0.005 0.005 0.935 0.003 0.004 0.006 0.032 0.005 0.004 
324    ZFI24    (0)    9 :  0.007 0.011 0.870 0.004 0.006 0.013 0.078 0.007 0.004 
325    ZFI25    (0)    9 :  0.008 0.006 0.891 0.005 0.008 0.008 0.065 0.005 0.005 
326    ZFI26    (0)    9 :  0.007 0.008 0.885 0.003 0.007 0.009 0.072 0.004 0.004 
327    ZFI27    (0)    9 :  0.008 0.013 0.914 0.004 0.006 0.006 0.029 0.015 0.005 
328    ZFK01    (0)    9 :  0.011 0.010 0.005 0.009 0.933 0.006 0.004 0.012 0.010 
329    ZFK02    (0)   10 :  0.011 0.012 0.008 0.008 0.929 0.008 0.004 0.012 0.007 
330    ZFK03    (0)   10 :  0.011 0.010 0.006 0.008 0.928 0.007 0.005 0.009 0.016 
331    ZFK04    (0)   10 :  0.017 0.011 0.017 0.006 0.849 0.010 0.008 0.009 0.073 
332    ZFK05    (0)   10 :  0.014 0.006 0.011 0.005 0.798 0.007 0.009 0.007 0.144 
333    ZFK06    (0)   10 :  0.032 0.014 0.019 0.005 0.892 0.012 0.009 0.006 0.012 
334    ZFK07    (0)   10 :  0.008 0.015 0.004 0.008 0.931 0.005 0.003 0.010 0.017 
335    ZFK08    (0)   10 :  0.033 0.053 0.021 0.008 0.704 0.030 0.009 0.007 0.136 
336    ZFK10    (0)   10 :  0.012 0.011 0.018 0.007 0.906 0.012 0.008 0.007 0.019 
337    ZFK11    (0)   10 :  0.024 0.008 0.008 0.005 0.888 0.006 0.008 0.007 0.045 
338    ZFK12    (0)   10 :  0.009 0.042 0.004 0.013 0.906 0.006 0.003 0.010 0.008 
339    ZFK13    (0)   10 :  0.015 0.018 0.004 0.042 0.850 0.006 0.003 0.023 0.039 
340    ZFK14    (0)   10 :  0.005 0.008 0.004 0.012 0.939 0.004 0.004 0.012 0.013 
341    ZFK15    (0)   10 :  0.018 0.015 0.007 0.030 0.755 0.008 0.005 0.026 0.135 
342    ZFK16    (0)   10 :  0.012 0.015 0.003 0.016 0.916 0.005 0.004 0.018 0.011 
343   ZFLB01    (0)   11 :  0.006 0.005 0.008 0.008 0.003 0.004 0.006 0.009 0.950 
344   ZFLB02    (0)   11 :  0.104 0.007 0.008 0.004 0.003 0.009 0.063 0.004 0.798 
345   ZFLB03    (0)   11 :  0.151 0.008 0.008 0.006 0.006 0.012 0.010 0.031 0.768 
346   ZFLB04    (0)   11 :  0.011 0.005 0.029 0.015 0.007 0.005 0.006 0.188 0.733 
347   ZFLB05    (0)   11 :  0.008 0.004 0.016 0.004 0.003 0.005 0.006 0.016 0.937 
348   ZFLB06    (0)   11 :  0.008 0.004 0.004 0.006 0.010 0.005 0.004 0.005 0.954 
349   ZFLB07    (0)   11 :  0.173 0.025 0.006 0.023 0.028 0.011 0.004 0.132 0.598 
350   ZFLB08    (0)   11 :  0.061 0.012 0.011 0.005 0.004 0.008 0.046 0.007 0.846 
351   ZFLB09    (9)   11 :  0.007 0.004 0.006 0.004 0.005 0.004 0.005 0.004 0.960 
352   ZFLB10    (0)   11 :  0.005 0.003 0.006 0.003 0.003 0.003 0.004 0.006 0.965 
353   ZFLB11    (0)   11 :  0.007 0.008 0.003 0.007 0.012 0.004 0.003 0.006 0.951 
354   ZFLB12    (0)   11 :  0.007 0.004 0.004 0.003 0.004 0.003 0.005 0.003 0.967 
355   ZFLB13    (0)   11 :  0.053 0.016 0.004 0.007 0.012 0.007 0.009 0.012 0.879 
356  ZFLTI01    (0)   12 :  0.004 0.011 0.004 0.062 0.038 0.009 0.005 0.865 0.002 
357  ZFLTI02    (0)   12 :  0.004 0.007 0.003 0.024 0.037 0.005 0.009 0.909 0.002 
358  ZFLTI03    (0)   12 :  0.003 0.007 0.003 0.020 0.008 0.003 0.006 0.948 0.002 
359  ZFLTI04    (0)   12 :  0.005 0.009 0.004 0.017 0.010 0.006 0.006 0.941 0.003 
360  ZFLTI05    (0)   12 :  0.003 0.005 0.003 0.010 0.006 0.003 0.007 0.961 0.002 
361  ZFLTI06    (0)   12 :  0.003 0.005 0.005 0.208 0.007 0.005 0.004 0.760 0.002 
362  ZFLTI07    (0)   12 :  0.004 0.007 0.005 0.024 0.008 0.008 0.005 0.936 0.002 
363  ZFLTI08    (0)   12 :  0.003 0.008 0.004 0.009 0.006 0.004 0.014 0.950 0.002 
364  ZFLTI09    (0)   12 :  0.003 0.007 0.005 0.030 0.006 0.005 0.013 0.927 0.002 
365  ZFLTI10    (0)   12 :  0.003 0.006 0.004 0.056 0.015 0.008 0.009 0.897 0.003 
366  ZFLTI11    (0)   12 :  0.003 0.006 0.003 0.194 0.005 0.003 0.007 0.777 0.003 
367  ZFLTI12    (0)   12 :  0.004 0.006 0.003 0.116 0.014 0.005 0.007 0.843 0.002 
368  ZFLTI13    (0)   12 :  0.004 0.009 0.004 0.011 0.014 0.005 0.005 0.947 0.002 
369  ZFLTI14    (0)   12 :  0.004 0.005 0.003 0.010 0.034 0.005 0.010 0.928 0.002 
370 ZFONF101    (0)   13 :  0.003 0.003 0.003 0.975 0.002 0.003 0.003 0.005 0.002 
371 ZFONF102    (0)   13 :  0.006 0.004 0.004 0.962 0.003 0.005 0.004 0.004 0.008 
372 ZFONF103    (0)   13 :  0.007 0.009 0.004 0.722 0.017 0.005 0.007 0.225 0.003 
373 ZFONF104    (0)   13 :  0.002 0.002 0.002 0.977 0.003 0.003 0.003 0.005 0.002 
374 ZFONF105    (0)   13 :  0.003 0.005 0.003 0.964 0.005 0.003 0.003 0.012 0.002 
375 ZFONF106    (0)   13 :  0.002 0.002 0.003 0.969 0.004 0.004 0.008 0.005 0.002 
376 ZFONF107    (0)   13 :  0.072 0.006 0.020 0.741 0.025 0.015 0.021 0.057 0.043 
377 ZFONF108    (0)   13 :  0.016 0.005 0.006 0.854 0.029 0.005 0.012 0.063 0.010 
378 ZFONF109    (9)   13 :  0.006 0.004 0.004 0.936 0.018 0.004 0.009 0.014 0.006 
379 ZFONF110    (0)   13 :  0.002 0.003 0.002 0.975 0.004 0.003 0.002 0.007 0.002 
380 ZFONF111    (0)   13 :  0.023 0.017 0.009 0.873 0.011 0.021 0.014 0.021 0.012 
381 ZFONF112    (0)   13 :  0.003 0.003 0.003 0.968 0.004 0.003 0.004 0.009 0.002 
382 ZFONF113    (9)   13 :  0.005 0.007 0.003 0.953 0.006 0.004 0.004 0.013 0.004 
383 ZFONF115    (0)   13 :  0.005 0.004 0.004 0.949 0.008 0.005 0.009 0.013 0.003 
384 ZFONF116    (0)   13 :  0.005 0.005 0.004 0.952 0.007 0.005 0.008 0.011 0.003 
385 ZFONF117    (0)   13 :  0.005 0.006 0.004 0.599 0.010 0.004 0.005 0.364 0.004 
386 ZFONF118    (0)   13 :  0.003 0.006 0.004 0.928 0.009 0.004 0.022 0.020 0.002 
387 ZFONF119    (0)   13 :  0.004 0.004 0.003 0.963 0.008 0.004 0.003 0.006 0.005 
388 ZFONF120    (0)   13 :  0.003 0.008 0.003 0.951 0.016 0.005 0.003 0.005 0.004 
389 ZFONF121    (0)   13 :  0.003 0.005 0.003 0.966 0.005 0.003 0.004 0.007 0.004 
390 ZFONF122    (0)   13 :  0.007 0.012 0.005 0.672 0.025 0.010 0.017 0.248 0.003 
391 ZFONF123    (0)   13 :  0.013 0.003 0.006 0.920 0.006 0.007 0.004 0.005 0.036 
392 ZFONF124    (0)   13 :  0.005 0.004 0.003 0.957 0.009 0.003 0.004 0.009 0.006 
393 ZFONF125    (0)   13 :  0.033 0.010 0.006 0.868 0.025 0.011 0.004 0.012 0.032 
394 ZFONF126    (0)   13 :  0.005 0.010 0.004 0.927 0.017 0.006 0.008 0.020 0.003 
395 ZFONF201    (0)   14 :  0.021 0.008 0.032 0.774 0.048 0.020 0.049 0.006 0.042 
396 ZFONF202    (0)   14 :  0.003 0.006 0.002 0.967 0.008 0.004 0.003 0.005 0.002 
397 ZFONF203    (0)   14 :  0.008 0.031 0.002 0.933 0.006 0.006 0.005 0.005 0.003 
398 ZFONF204    (0)   14 :  0.041 0.019 0.007 0.767 0.101 0.014 0.022 0.019 0.010 
399 ZFONF206    (0)   14 :  0.142 0.018 0.008 0.730 0.009 0.055 0.016 0.007 0.014 
400 ZFONF207    (0)   14 :  0.008 0.017 0.003 0.946 0.007 0.005 0.005 0.006 0.004 
401 ZFONF208    (0)   14 :  0.006 0.015 0.003 0.936 0.013 0.006 0.006 0.013 0.003 
402 ZFONF209    (0)   14 :  0.011 0.009 0.010 0.796 0.129 0.008 0.014 0.012 0.010 
403 ZFONF210    (0)   14 :  0.003 0.004 0.002 0.966 0.008 0.003 0.002 0.011 0.002 
404 ZFONF211    (0)   14 :  0.004 0.009 0.002 0.951 0.011 0.004 0.003 0.012 0.005 
405 ZFONF212    (0)   14 :  0.003 0.004 0.002 0.973 0.003 0.003 0.002 0.007 0.002 
406 ZFONF214    (0)   14 :  0.004 0.008 0.002 0.963 0.009 0.004 0.002 0.005 0.004 
407 ZFONF215    (0)   14 :  0.002 0.004 0.002 0.973 0.005 0.003 0.002 0.005 0.002 
408 ZFONF216    (0)   14 :  0.004 0.009 0.002 0.959 0.005 0.003 0.002 0.013 0.003 
409 ZFONF217    (0)   14 :  0.003 0.004 0.002 0.969 0.006 0.003 0.003 0.006 0.003 
410 ZFONF218    (0)   14 :  0.028 0.014 0.004 0.916 0.004 0.009 0.005 0.011 0.009 
411 ZFONF219    (0)   14 :  0.004 0.003 0.002 0.975 0.003 0.004 0.002 0.005 0.002 
412 ZFONF220    (0)   14 :  0.003 0.006 0.002 0.966 0.007 0.003 0.004 0.005 0.003 
413 ZFONF222    (0)   14 :  0.012 0.022 0.004 0.924 0.006 0.006 0.003 0.010 0.013 
414 ZFONF223    (0)   14 :  0.012 0.012 0.004 0.941 0.004 0.007 0.004 0.004 0.013 
415 ZFONF224    (0)   14 :  0.005 0.008 0.002 0.964 0.004 0.004 0.004 0.007 0.002 
416 ZFONF225    (0)   14 :  0.003 0.003 0.002 0.975 0.004 0.003 0.002 0.006 0.002 
417 ZFONF226    (0)   14 :  0.003 0.011 0.002 0.962 0.006 0.003 0.003 0.006 0.003 
418 ZFONF227    (0)   14 :  0.003 0.005 0.002 0.973 0.004 0.003 0.002 0.007 0.002 
419 ZFONF228    (0)   14 :  0.003 0.004 0.002 0.964 0.003 0.003 0.003 0.015 0.002 
420 ZFONF230    (0)   14 :  0.003 0.004 0.002 0.973 0.004 0.003 0.002 0.007 0.002 
421 ZFONF231    (0)   14 :  0.003 0.009 0.002 0.953 0.015 0.004 0.002 0.009 0.003 
422 ZFONF232    (0)   14 :  0.004 0.003 0.002 0.974 0.003 0.005 0.002 0.005 0.002 
