

----------------------------------------------------
STRUCTURE by Pritchard, Stephens and Donnelly (2000)
     and Falush, Stephens and Pritchard (2003)
       Code by Pritchard, Falush and Hubisz
             Version 2.3.4 (Jul 2012)
----------------------------------------------------



Command line arguments:   bin\structure -m C:\Users\eschumacher\Documents\GitHub\GCC_QUAC_ZAIN\Data_Files\Structure_Files\ZAIN\ZAIN_rebinned_wild\50-50\mainparams -e C:\Users\eschumacher\Documents\GitHub\GCC_QUAC_ZAIN\Data_Files\Structure_Files\ZAIN\ZAIN_rebinned_wild\50-50\extraparams 
Input File:    C:\Users\eschumacher\Documents\GitHub\GCC_QUAC_ZAIN\Data_Files\Structure_Files\ZAIN\ZAIN_rebinned_wild\project_data

Run parameters:
   751 individuals
   11 loci
   8 populations assumed
   50000 Burn-in period
   50000 Reps


--------------------------------------------
Proportion of membership of each pre-defined
 population in each of the 8 clusters

Given    Inferred Clusters                                          Number of
 Pop       1      2      3      4      5      6      7      8      Individuals

  1:     0.007  0.014  0.010  0.005  0.005  0.037  0.009  0.914       35
  2:     0.032  0.007  0.009  0.027  0.054  0.005  0.860  0.007       36
  3:     0.009  0.007  0.014  0.033  0.034  0.006  0.893  0.005       33
  4:     0.933  0.006  0.007  0.008  0.008  0.021  0.010  0.007       40
  5:     0.009  0.004  0.004  0.005  0.966  0.003  0.006  0.003       39
  6:     0.029  0.367  0.287  0.030  0.023  0.044  0.058  0.162       40
  7:     0.033  0.750  0.054  0.023  0.013  0.067  0.011  0.048       37
  8:     0.006  0.004  0.006  0.017  0.038  0.003  0.919  0.006       40
  9:     0.038  0.006  0.006  0.003  0.009  0.007  0.005  0.926       28
 10:     0.877  0.016  0.014  0.008  0.011  0.051  0.015  0.008       14
 11:     0.008  0.036  0.008  0.005  0.031  0.893  0.009  0.009       13
 12:     0.019  0.004  0.008  0.014  0.860  0.003  0.088  0.006       14
 13:     0.011  0.008  0.006  0.043  0.028  0.009  0.890  0.006       25
 14:     0.008  0.006  0.005  0.948  0.007  0.005  0.014  0.007       40
 15:     0.864  0.013  0.018  0.007  0.042  0.007  0.026  0.021       32
 16:     0.005  0.006  0.003  0.004  0.004  0.971  0.004  0.003       20
 17:     0.010  0.054  0.218  0.005  0.007  0.009  0.011  0.686        4
 18:     0.013  0.016  0.038  0.013  0.008  0.016  0.041  0.856       23
 19:     0.008  0.015  0.009  0.004  0.006  0.006  0.006  0.947       39
 20:     0.007  0.011  0.011  0.004  0.005  0.890  0.006  0.066       38
 21:     0.009  0.007  0.015  0.066  0.767  0.005  0.125  0.005       45
 22:     0.019  0.014  0.008  0.026  0.404  0.013  0.511  0.005       28
 23:     0.007  0.027  0.009  0.005  0.007  0.009  0.005  0.932        6
 24:     0.007  0.026  0.911  0.015  0.013  0.006  0.008  0.015       40
 25:     0.011  0.864  0.021  0.011  0.018  0.050  0.011  0.013       42
--------------------------------------------

Allele-freq. divergence among pops (Net nucleotide distance),
computed using point estimates of P.

      1       2       3       4       5       6       7       8      
 1      -    0.1067  0.1352  0.1813  0.1231  0.2092  0.1652  0.1526  
 2   0.1067     -    0.0921  0.2543  0.1426  0.0991  0.1758  0.0886  
 3   0.1352  0.0921     -    0.1674  0.1424  0.2179  0.1483  0.1581  
 4   0.1813  0.2543  0.1674     -    0.1734  0.3403  0.1070  0.3325  
 5   0.1231  0.1426  0.1424  0.1734     -    0.2821  0.1074  0.2230  
 6   0.2092  0.0991  0.2179  0.3403  0.2821     -    0.2711  0.1583  
 7   0.1652  0.1758  0.1483  0.1070  0.1074  0.2711     -    0.2210  
 8   0.1526  0.0886  0.1581  0.3325  0.2230  0.1583  0.2210     -    

Average distances (expected heterozygosity) between individuals in same cluster:
cluster  1  : 0.4340 
cluster  2  : 0.5587 
cluster  3  : 0.4562 
cluster  4  : 0.3690 
cluster  5  : 0.3951 
cluster  6  : 0.4294 
cluster  7  : 0.4120 
cluster  8  : 0.4684 

--------------------------------------------
Estimated Ln Prob of Data   = -14053.9
Mean value of ln likelihood = -13707.4
Variance of ln likelihood   = 693.0
Mean value of alpha         = 0.0322

Mean value of Fst_1         = 0.4078
Mean value of Fst_2         = 0.1138
Mean value of Fst_3         = 0.3085
Mean value of Fst_4         = 0.4429
Mean value of Fst_5         = 0.4812
Mean value of Fst_6         = 0.4172
Mean value of Fst_7         = 0.3649
Mean value of Fst_8         = 0.3546


Inferred ancestry of individuals:
        Label (%Miss) Pop:  Inferred clusters
  1    ZFB01    (0)    1 :  0.004 0.004 0.004 0.003 0.003 0.009 0.005 0.968 
  2    ZFB02    (0)    1 :  0.009 0.008 0.004 0.003 0.003 0.039 0.004 0.930 
  3    ZFB03    (0)    1 :  0.004 0.007 0.006 0.002 0.007 0.004 0.005 0.964 
  4    ZFB04    (0)    1 :  0.007 0.007 0.004 0.003 0.002 0.053 0.005 0.920 
  5    ZFB05    (0)    1 :  0.011 0.072 0.034 0.009 0.008 0.165 0.003 0.698 
  6    ZFB06    (0)    1 :  0.008 0.076 0.025 0.012 0.008 0.075 0.003 0.793 
  7    ZFB07    (9)    1 :  0.005 0.011 0.005 0.004 0.006 0.009 0.007 0.954 
  8    ZFB08    (0)    1 :  0.006 0.005 0.017 0.006 0.006 0.005 0.006 0.948 
  9    ZFB09    (0)    1 :  0.003 0.004 0.005 0.003 0.003 0.004 0.003 0.975 
 10    ZFB10    (0)    1 :  0.006 0.005 0.005 0.006 0.004 0.010 0.021 0.943 
 11    ZFB11    (0)    1 :  0.007 0.004 0.003 0.003 0.003 0.020 0.008 0.951 
 12    ZFB12    (0)    1 :  0.005 0.016 0.029 0.004 0.008 0.032 0.010 0.896 
 13    ZFB13    (0)    1 :  0.005 0.008 0.011 0.006 0.005 0.007 0.009 0.950 
 14    ZFB14    (0)    1 :  0.005 0.004 0.004 0.003 0.003 0.004 0.006 0.971 
 15    ZFB15    (0)    1 :  0.003 0.005 0.004 0.002 0.002 0.013 0.003 0.968 
 16    ZFB16    (0)    1 :  0.004 0.005 0.008 0.004 0.004 0.012 0.006 0.957 
 17    ZFB17    (0)    1 :  0.021 0.012 0.042 0.010 0.007 0.031 0.011 0.866 
 18    ZFB18    (0)    1 :  0.004 0.004 0.004 0.003 0.003 0.004 0.004 0.975 
 19    ZFB19    (0)    1 :  0.005 0.019 0.015 0.008 0.010 0.008 0.030 0.905 
 20    ZFB20    (0)    1 :  0.004 0.007 0.009 0.004 0.003 0.033 0.006 0.933 
 21    ZFB21    (0)    1 :  0.003 0.007 0.003 0.002 0.003 0.009 0.003 0.969 
 22    ZFB22    (0)    1 :  0.009 0.010 0.013 0.011 0.007 0.065 0.012 0.874 
 23    ZFB23    (0)    1 :  0.007 0.007 0.004 0.003 0.004 0.034 0.008 0.934 
 24    ZFB24    (0)    1 :  0.006 0.005 0.004 0.003 0.003 0.042 0.007 0.929 
 25    ZFB25    (0)    1 :  0.005 0.004 0.003 0.005 0.005 0.006 0.021 0.951 
 26    ZFB26    (0)    1 :  0.008 0.007 0.003 0.004 0.005 0.078 0.021 0.874 
 27    ZFB27    (0)    1 :  0.004 0.006 0.003 0.003 0.003 0.089 0.008 0.883 
 28    ZFB28    (0)    1 :  0.012 0.045 0.014 0.003 0.006 0.117 0.009 0.794 
 29    ZFB29    (0)    1 :  0.008 0.006 0.004 0.002 0.002 0.022 0.004 0.951 
 30    ZFB30    (0)    1 :  0.004 0.057 0.013 0.014 0.011 0.186 0.004 0.710 
 31    ZFB31    (0)    1 :  0.004 0.005 0.003 0.004 0.005 0.007 0.014 0.957 
 32    ZFB32    (0)    1 :  0.028 0.042 0.032 0.004 0.011 0.073 0.018 0.791 
 33    ZFB33    (0)    1 :  0.003 0.005 0.003 0.002 0.003 0.010 0.004 0.970 
 34    ZFB34    (0)    1 :  0.005 0.004 0.004 0.003 0.003 0.003 0.003 0.975 
 35    ZFB35    (0)    1 :  0.005 0.005 0.004 0.003 0.004 0.008 0.006 0.964 
 36  ZFBP101    (0)    2 :  0.148 0.010 0.019 0.049 0.097 0.008 0.657 0.010 
 37  ZFBP102    (0)    2 :  0.017 0.013 0.011 0.013 0.020 0.013 0.899 0.014 
 38  ZFBP103    (0)    2 :  0.257 0.009 0.011 0.017 0.304 0.007 0.387 0.008 
 39  ZFBP104    (0)    2 :  0.004 0.019 0.046 0.008 0.092 0.009 0.792 0.031 
 40  ZFBP105    (0)    2 :  0.005 0.005 0.007 0.005 0.044 0.004 0.924 0.006 
 41  ZFBP106    (0)    2 :  0.008 0.004 0.005 0.009 0.047 0.003 0.920 0.003 
 42  ZFBP107    (0)    2 :  0.009 0.010 0.007 0.004 0.054 0.013 0.897 0.005 
 43  ZFBP108    (0)    2 :  0.003 0.003 0.003 0.004 0.007 0.003 0.974 0.003 
 44  ZFBP109    (0)    2 :  0.004 0.005 0.004 0.006 0.008 0.002 0.967 0.004 
 45  ZFBP110    (0)    2 :  0.042 0.044 0.017 0.007 0.173 0.008 0.666 0.044 
 46  ZFBP111    (0)    2 :  0.005 0.005 0.015 0.233 0.061 0.004 0.676 0.003 
 47  ZFBP112    (0)    2 :  0.012 0.004 0.007 0.034 0.011 0.005 0.923 0.003 
 48  ZFBP113    (0)    2 :  0.003 0.004 0.005 0.004 0.005 0.004 0.971 0.004 
 49  ZFBP114    (0)    2 :  0.006 0.006 0.003 0.006 0.011 0.006 0.959 0.003 
 50  ZFBP115    (0)    2 :  0.014 0.005 0.011 0.017 0.415 0.003 0.533 0.002 
 51  ZFBP116    (0)    2 :  0.004 0.005 0.007 0.005 0.010 0.004 0.962 0.002 
 52  ZFBP117    (0)    2 :  0.008 0.004 0.004 0.007 0.008 0.002 0.965 0.003 
 53  ZFBP118    (0)    2 :  0.005 0.006 0.003 0.008 0.010 0.006 0.959 0.003 
 54  ZFBP119    (0)    2 :  0.031 0.006 0.013 0.019 0.124 0.002 0.802 0.004 
 55  ZFBP120    (0)    2 :  0.004 0.005 0.007 0.005 0.023 0.004 0.945 0.006 
 56  ZFBP121    (0)    2 :  0.009 0.005 0.005 0.005 0.010 0.003 0.959 0.005 
 57  ZFBP122    (9)    2 :  0.005 0.004 0.007 0.011 0.010 0.003 0.957 0.003 
 58  ZFBP123    (0)    2 :  0.014 0.005 0.009 0.014 0.008 0.006 0.940 0.003 
 59  ZFBP124    (0)    2 :  0.006 0.004 0.004 0.004 0.006 0.004 0.967 0.006 
 60  ZFBP125    (0)    2 :  0.006 0.003 0.004 0.014 0.012 0.002 0.956 0.002 
 61  ZFBP126    (0)    2 :  0.023 0.015 0.022 0.007 0.005 0.011 0.905 0.010 
 62  ZFBP127    (0)    2 :  0.015 0.004 0.003 0.005 0.060 0.003 0.908 0.003 
 63  ZFBP128    (0)    2 :  0.011 0.002 0.004 0.024 0.014 0.002 0.938 0.004 
 64  ZFBP129    (0)    2 :  0.009 0.005 0.004 0.126 0.007 0.003 0.840 0.005 
 65  ZFBP130    (0)    2 :  0.017 0.003 0.007 0.050 0.017 0.003 0.901 0.002 
 66  ZFBP131    (0)    2 :  0.004 0.004 0.005 0.005 0.003 0.003 0.973 0.003 
 67  ZFBP132    (0)    2 :  0.004 0.003 0.003 0.004 0.009 0.003 0.971 0.004 
 68  ZFBP133    (0)    2 :  0.007 0.003 0.005 0.163 0.004 0.002 0.812 0.003 
 69  ZFBP134    (0)    2 :  0.043 0.003 0.013 0.016 0.182 0.003 0.737 0.003 
 70  ZFBP135    (0)    2 :  0.257 0.009 0.008 0.016 0.031 0.005 0.660 0.015 
 71  ZFBP136    (0)    2 :  0.118 0.005 0.007 0.042 0.053 0.007 0.765 0.003 
 72  ZFBP201    (0)    3 :  0.005 0.006 0.007 0.005 0.009 0.006 0.956 0.005 
 73  ZFBP202    (0)    3 :  0.004 0.004 0.005 0.007 0.010 0.003 0.961 0.006 
 74  ZFBP203    (0)    3 :  0.005 0.024 0.024 0.019 0.007 0.044 0.871 0.006 
 75  ZFBP204    (0)    3 :  0.016 0.006 0.008 0.017 0.055 0.004 0.889 0.004 
 76  ZFBP205    (0)    3 :  0.008 0.004 0.006 0.011 0.004 0.004 0.960 0.003 
 77  ZFBP206    (0)    3 :  0.013 0.004 0.011 0.048 0.006 0.007 0.907 0.005 
 78  ZFBP207    (0)    3 :  0.013 0.005 0.005 0.009 0.201 0.004 0.760 0.004 
 79  ZFBP208    (0)    3 :  0.008 0.007 0.011 0.008 0.005 0.011 0.947 0.004 
 80  ZFBP209    (0)    3 :  0.007 0.002 0.005 0.078 0.004 0.002 0.898 0.003 
 81  ZFBP210    (0)    3 :  0.005 0.006 0.010 0.010 0.011 0.007 0.947 0.004 
 82  ZFBP211    (0)    3 :  0.005 0.004 0.005 0.005 0.010 0.003 0.962 0.006 
 83  ZFBP212    (0)    3 :  0.003 0.003 0.004 0.006 0.043 0.003 0.933 0.005 
 84  ZFBP213    (0)    3 :  0.013 0.005 0.010 0.010 0.009 0.005 0.937 0.009 
 85  ZFBP214    (0)    3 :  0.047 0.009 0.039 0.088 0.034 0.004 0.764 0.015 
 86  ZFBP215    (0)    3 :  0.006 0.003 0.004 0.007 0.006 0.003 0.967 0.004 
 87  ZFBP216    (0)    3 :  0.005 0.009 0.024 0.005 0.010 0.006 0.937 0.004 
 88  ZFBP217    (0)    3 :  0.007 0.007 0.025 0.234 0.068 0.004 0.647 0.007 
 89  ZFBP218    (0)    3 :  0.003 0.003 0.005 0.013 0.005 0.003 0.965 0.003 
 90  ZFBP219    (0)    3 :  0.003 0.004 0.005 0.004 0.005 0.003 0.972 0.003 
 91  ZFBP220    (0)    3 :  0.016 0.004 0.006 0.032 0.029 0.003 0.907 0.003 
 92  ZFBP221    (0)    3 :  0.003 0.003 0.006 0.008 0.024 0.003 0.948 0.004 
 93  ZFBP222    (0)    3 :  0.007 0.004 0.008 0.009 0.004 0.005 0.958 0.005 
 94  ZFBP223    (0)    3 :  0.009 0.007 0.005 0.008 0.158 0.005 0.798 0.009 
 95  ZFBP224    (0)    3 :  0.006 0.005 0.007 0.005 0.007 0.004 0.961 0.004 
 96  ZFBP225    (0)    3 :  0.012 0.010 0.018 0.364 0.110 0.007 0.475 0.003 
 97  ZFBP226    (0)    3 :  0.004 0.004 0.005 0.004 0.007 0.004 0.968 0.003 
 98  ZFBP227    (0)    3 :  0.006 0.038 0.150 0.008 0.058 0.010 0.713 0.017 
 99  ZFBP228    (0)    3 :  0.015 0.004 0.004 0.006 0.158 0.003 0.805 0.005 
100  ZFBP229    (0)    3 :  0.005 0.004 0.006 0.018 0.007 0.003 0.955 0.003 
101  ZFBP230    (0)    3 :  0.022 0.005 0.008 0.029 0.024 0.003 0.905 0.003 
102  ZFBP231    (0)    3 :  0.005 0.005 0.005 0.005 0.008 0.004 0.963 0.005 
103  ZFBP232    (0)    3 :  0.004 0.003 0.004 0.006 0.005 0.003 0.973 0.003 
104  ZFBP233    (0)    3 :  0.006 0.004 0.009 0.015 0.009 0.004 0.947 0.006 
105   ZFCC01    (0)    4 :  0.967 0.004 0.004 0.005 0.004 0.005 0.004 0.008 
106   ZFCC03    (0)    4 :  0.971 0.003 0.003 0.005 0.006 0.003 0.004 0.005 
107   ZFCC04    (0)    4 :  0.970 0.004 0.004 0.005 0.005 0.004 0.004 0.005 
108   ZFCC05    (0)    4 :  0.959 0.005 0.006 0.006 0.008 0.004 0.005 0.007 
109   ZFCC08    (0)    4 :  0.952 0.003 0.006 0.014 0.008 0.003 0.011 0.004 
110   ZFCC09    (0)    4 :  0.972 0.004 0.003 0.004 0.005 0.003 0.003 0.005 
111   ZFCC10    (0)    4 :  0.966 0.004 0.003 0.004 0.003 0.003 0.005 0.012 
112   ZFCC11    (0)    4 :  0.969 0.004 0.004 0.004 0.006 0.003 0.004 0.006 
113   ZFCC12    (0)    4 :  0.887 0.015 0.008 0.005 0.008 0.053 0.006 0.018 
114   ZFCC13    (0)    4 :  0.950 0.005 0.010 0.007 0.010 0.006 0.008 0.004 
115   ZFCC14    (0)    4 :  0.955 0.005 0.003 0.007 0.004 0.005 0.008 0.011 
116   ZFCC15    (0)    4 :  0.963 0.006 0.009 0.004 0.005 0.005 0.004 0.004 
117   ZFCC16    (0)    4 :  0.972 0.004 0.005 0.004 0.004 0.004 0.004 0.004 
118   ZFCC17    (0)    4 :  0.969 0.004 0.004 0.003 0.004 0.008 0.003 0.005 
119   ZFCC18    (0)    4 :  0.966 0.004 0.004 0.007 0.006 0.004 0.004 0.005 
120   ZFCC19    (0)    4 :  0.966 0.005 0.008 0.003 0.004 0.007 0.003 0.004 
121   ZFCC20    (0)    4 :  0.968 0.004 0.006 0.006 0.007 0.003 0.004 0.004 
122   ZFCC21    (0)    4 :  0.857 0.008 0.052 0.037 0.006 0.006 0.024 0.009 
123   ZFCC22    (0)    4 :  0.756 0.004 0.008 0.043 0.016 0.005 0.161 0.006 
124   ZFCC26    (0)    4 :  0.971 0.004 0.005 0.005 0.004 0.003 0.003 0.005 
125   ZFCC27    (0)    4 :  0.975 0.003 0.003 0.004 0.005 0.003 0.003 0.004 
126   ZFCC29    (0)    4 :  0.961 0.005 0.009 0.005 0.004 0.004 0.004 0.007 
127   ZFCC30    (0)    4 :  0.973 0.003 0.004 0.005 0.006 0.003 0.003 0.003 
128   ZFCC32    (0)    4 :  0.956 0.006 0.010 0.006 0.007 0.007 0.004 0.005 
129   ZFCC33    (0)    4 :  0.968 0.006 0.004 0.003 0.005 0.004 0.003 0.006 
130   ZFCC34    (0)    4 :  0.867 0.005 0.006 0.016 0.032 0.013 0.043 0.018 
131   ZFCC35    (0)    4 :  0.976 0.003 0.003 0.005 0.004 0.003 0.004 0.003 
132   ZFCC36    (0)    4 :  0.942 0.006 0.012 0.010 0.007 0.011 0.008 0.004 
133   ZFCC37    (0)    4 :  0.887 0.020 0.009 0.004 0.008 0.045 0.008 0.019 
134   ZFCC40    (0)    4 :  0.968 0.003 0.003 0.004 0.003 0.006 0.006 0.007 
135   ZFCC42    (0)    4 :  0.368 0.019 0.006 0.012 0.047 0.531 0.006 0.011 
136   ZFCC44    (0)    4 :  0.976 0.004 0.003 0.003 0.006 0.003 0.003 0.003 
137   ZFCC45    (9)    4 :  0.943 0.013 0.007 0.004 0.006 0.011 0.005 0.013 
138   ZFCC46    (0)    4 :  0.943 0.003 0.007 0.021 0.012 0.003 0.008 0.003 
139   ZFCC47    (0)    4 :  0.926 0.006 0.005 0.007 0.005 0.029 0.005 0.017 
140   ZFCC48    (0)    4 :  0.922 0.004 0.011 0.032 0.005 0.003 0.017 0.005 
141   ZFCC50    (0)    4 :  0.974 0.003 0.004 0.003 0.004 0.004 0.003 0.004 
142   ZFCC51    (0)    4 :  0.973 0.004 0.003 0.004 0.006 0.003 0.003 0.004 
143   ZFCC52    (0)    4 :  0.955 0.004 0.005 0.011 0.006 0.007 0.008 0.004 
144   ZFCC53    (0)    4 :  0.977 0.003 0.003 0.003 0.004 0.003 0.003 0.004 
145  ZFCNS01    (0)    5 :  0.005 0.008 0.009 0.003 0.962 0.006 0.004 0.003 
146  ZFCNS02    (0)    5 :  0.007 0.003 0.003 0.005 0.970 0.003 0.005 0.003 
147  ZFCNS05    (0)    5 :  0.009 0.003 0.004 0.006 0.963 0.003 0.007 0.005 
148  ZFCNS06    (0)    5 :  0.008 0.003 0.003 0.006 0.968 0.003 0.005 0.003 
149  ZFCNS07    (0)    5 :  0.005 0.004 0.004 0.014 0.957 0.003 0.010 0.004 
150  ZFCNS10    (0)    5 :  0.004 0.003 0.003 0.004 0.976 0.003 0.004 0.003 
151  ZFCNS11    (0)    5 :  0.005 0.005 0.006 0.004 0.970 0.004 0.003 0.003 
152  ZFCNS15    (0)    5 :  0.004 0.003 0.003 0.005 0.963 0.003 0.015 0.004 
153  ZFCNS17    (0)    5 :  0.011 0.003 0.003 0.005 0.967 0.003 0.005 0.003 
154  ZFCNS18    (0)    5 :  0.005 0.003 0.003 0.004 0.975 0.002 0.005 0.003 
155  ZFCNS19    (0)    5 :  0.007 0.003 0.003 0.004 0.973 0.003 0.003 0.003 
156  ZFCNS20    (0)    5 :  0.009 0.004 0.004 0.013 0.954 0.003 0.011 0.003 
157  ZFCNS21    (0)    5 :  0.006 0.003 0.003 0.003 0.977 0.002 0.003 0.003 
158  ZFCNS22    (0)    5 :  0.006 0.004 0.004 0.006 0.961 0.003 0.012 0.005 
159  ZFCNS23    (0)    5 :  0.027 0.009 0.011 0.012 0.919 0.011 0.006 0.006 
160  ZFCNS24    (0)    5 :  0.018 0.003 0.003 0.005 0.960 0.003 0.005 0.003 
161  ZFCNS25    (0)    5 :  0.009 0.004 0.003 0.008 0.963 0.003 0.008 0.003 
162  ZFCNS26    (0)    5 :  0.003 0.003 0.003 0.004 0.974 0.002 0.005 0.004 
163  ZFCNS27    (0)    5 :  0.004 0.004 0.003 0.007 0.957 0.003 0.019 0.004 
164  ZFCNS28    (0)    5 :  0.005 0.003 0.003 0.005 0.972 0.003 0.005 0.004 
165  ZFCNS29    (0)    5 :  0.012 0.004 0.004 0.005 0.962 0.003 0.008 0.004 
166  ZFCNS30    (0)    5 :  0.008 0.004 0.004 0.003 0.970 0.003 0.004 0.004 
167  ZFCNS31    (0)    5 :  0.004 0.003 0.003 0.005 0.974 0.003 0.004 0.003 
168  ZFCNS32    (0)    5 :  0.008 0.003 0.004 0.005 0.968 0.002 0.004 0.005 
169  ZFCNS33    (0)    5 :  0.004 0.003 0.004 0.005 0.974 0.002 0.004 0.003 
170  ZFCNS34    (0)    5 :  0.023 0.004 0.004 0.005 0.953 0.003 0.005 0.004 
171  ZFCNS35    (0)    5 :  0.005 0.003 0.003 0.004 0.973 0.003 0.004 0.004 
172  ZFCNS36    (0)    5 :  0.034 0.003 0.004 0.007 0.942 0.003 0.004 0.003 
173  ZFCNS37    (0)    5 :  0.005 0.004 0.004 0.003 0.974 0.002 0.005 0.003 
174  ZFCNS39    (0)    5 :  0.006 0.003 0.004 0.005 0.973 0.002 0.004 0.002 
175  ZFCNS40    (0)    5 :  0.019 0.003 0.005 0.014 0.949 0.003 0.006 0.003 
176  ZFCNS41    (0)    5 :  0.009 0.006 0.008 0.005 0.954 0.004 0.010 0.005 
177  ZFCNS42    (0)    5 :  0.005 0.003 0.003 0.004 0.975 0.002 0.005 0.003 
178  ZFCNS43    (0)    5 :  0.009 0.003 0.003 0.003 0.974 0.002 0.003 0.003 
179  ZFCNS44    (0)    5 :  0.006 0.003 0.003 0.003 0.976 0.003 0.004 0.003 
180  ZFCNS46    (0)    5 :  0.006 0.004 0.004 0.004 0.971 0.002 0.005 0.004 
181  ZFCNS47    (0)    5 :  0.006 0.003 0.003 0.003 0.975 0.002 0.004 0.003 
182  ZFCNS48    (0)    5 :  0.005 0.003 0.004 0.004 0.972 0.003 0.006 0.003 
183  ZFCNS49    (0)    5 :  0.003 0.003 0.003 0.003 0.975 0.003 0.007 0.003 
184   ZFCR01    (0)    6 :  0.018 0.724 0.007 0.019 0.003 0.013 0.027 0.189 
185   ZFCR02    (0)    6 :  0.044 0.550 0.112 0.031 0.009 0.018 0.031 0.205 
186   ZFCR03    (0)    6 :  0.059 0.093 0.278 0.027 0.006 0.141 0.054 0.342 
187   ZFCR04    (0)    6 :  0.019 0.120 0.030 0.042 0.023 0.032 0.028 0.705 
188   ZFCR05    (0)    6 :  0.052 0.409 0.330 0.006 0.005 0.021 0.007 0.170 
189   ZFCR06    (0)    6 :  0.028 0.512 0.056 0.045 0.109 0.008 0.117 0.124 
190   ZFCR07    (0)    6 :  0.018 0.387 0.479 0.004 0.052 0.011 0.011 0.039 
191   ZFCR08    (0)    6 :  0.097 0.750 0.008 0.024 0.008 0.041 0.019 0.054 
192   ZFCR09    (0)    6 :  0.046 0.057 0.040 0.022 0.050 0.453 0.213 0.117 
193   ZFCR11    (0)    6 :  0.014 0.346 0.309 0.003 0.063 0.024 0.038 0.203 
194   ZFCR12    (0)    6 :  0.018 0.303 0.430 0.028 0.169 0.004 0.029 0.018 
195   ZFCR13    (0)    6 :  0.007 0.403 0.463 0.006 0.010 0.003 0.094 0.014 
196   ZFCR14    (0)    6 :  0.017 0.365 0.473 0.037 0.009 0.010 0.010 0.079 
197   ZFCR15    (0)    6 :  0.023 0.443 0.122 0.111 0.009 0.012 0.028 0.251 
198   ZFCR16    (0)    6 :  0.013 0.582 0.085 0.061 0.005 0.005 0.030 0.219 
199   ZFCR18    (0)    6 :  0.067 0.057 0.017 0.024 0.015 0.007 0.040 0.773 
200   ZFCR19    (0)    6 :  0.018 0.101 0.196 0.260 0.009 0.154 0.034 0.227 
201   ZFCR20    (0)    6 :  0.020 0.086 0.196 0.016 0.010 0.033 0.117 0.521 
202   ZFCR21    (0)    6 :  0.029 0.365 0.532 0.019 0.006 0.004 0.013 0.031 
203   ZFCR22    (0)    6 :  0.005 0.227 0.721 0.017 0.004 0.006 0.009 0.011 
204   ZFCR23    (0)    6 :  0.004 0.350 0.344 0.007 0.014 0.037 0.213 0.030 
205   ZFCR24    (9)    6 :  0.009 0.109 0.207 0.007 0.006 0.021 0.510 0.130 
206   ZFCR25    (0)    6 :  0.009 0.435 0.499 0.004 0.004 0.011 0.004 0.034 
207   ZFCR26    (0)    6 :  0.023 0.034 0.794 0.021 0.008 0.099 0.016 0.007 
208   ZFCR27    (9)    6 :  0.006 0.876 0.050 0.003 0.003 0.021 0.004 0.037 
209   ZFCR28    (0)    6 :  0.010 0.632 0.012 0.135 0.028 0.005 0.169 0.010 
210   ZFCR29    (0)    6 :  0.008 0.070 0.777 0.005 0.004 0.009 0.011 0.115 
211   ZFCR30    (0)    6 :  0.006 0.220 0.726 0.005 0.006 0.011 0.006 0.021 
212   ZFCR31    (0)    6 :  0.023 0.075 0.120 0.042 0.096 0.100 0.152 0.393 
213   ZFCR33    (0)    6 :  0.030 0.863 0.032 0.010 0.009 0.032 0.010 0.014 
214   ZFCR34    (0)    6 :  0.023 0.222 0.528 0.016 0.029 0.046 0.046 0.089 
215   ZFCR35    (0)    6 :  0.032 0.088 0.030 0.011 0.013 0.012 0.012 0.803 
216   ZFCR36    (0)    6 :  0.011 0.183 0.506 0.005 0.011 0.041 0.009 0.234 
217   ZFCR37    (0)    6 :  0.065 0.168 0.663 0.004 0.004 0.034 0.004 0.058 
218   ZFCR38    (0)    6 :  0.032 0.860 0.031 0.012 0.008 0.030 0.008 0.018 
219   ZFCR39    (0)    6 :  0.102 0.600 0.011 0.045 0.008 0.171 0.048 0.017 
220   ZFCR40    (0)    6 :  0.027 0.787 0.093 0.005 0.008 0.042 0.012 0.026 
221   ZFCR41    (0)    6 :  0.064 0.370 0.448 0.022 0.056 0.004 0.012 0.023 
222   ZFCR42    (0)    6 :  0.066 0.415 0.392 0.029 0.021 0.030 0.028 0.019 
223   ZFCR43    (0)    6 :  0.006 0.451 0.312 0.007 0.006 0.007 0.109 0.102 
224  ZFENP25    (0)    7 :  0.016 0.924 0.006 0.011 0.004 0.005 0.009 0.024 
225  ZFENP26    (0)    7 :  0.004 0.970 0.004 0.003 0.004 0.007 0.003 0.006 
226  ZFENP27    (0)    7 :  0.330 0.441 0.008 0.011 0.057 0.035 0.018 0.100 
227  ZFENP28    (0)    7 :  0.010 0.939 0.012 0.004 0.006 0.012 0.004 0.014 
228  ZFENP29    (0)    7 :  0.009 0.960 0.010 0.004 0.004 0.006 0.004 0.004 
229  ZFENP30    (0)    7 :  0.051 0.898 0.010 0.007 0.007 0.014 0.005 0.009 
230  ZFENP31    (0)    7 :  0.076 0.303 0.008 0.005 0.010 0.572 0.009 0.017 
231  ZFENP32    (0)    7 :  0.035 0.304 0.022 0.007 0.047 0.318 0.029 0.239 
232  ZFENP33    (0)    7 :  0.007 0.890 0.043 0.003 0.006 0.019 0.007 0.025 
233  ZFENP34    (0)    7 :  0.034 0.499 0.010 0.005 0.012 0.014 0.010 0.415 
234  ZFENP35    (0)    7 :  0.006 0.909 0.009 0.005 0.020 0.031 0.010 0.011 
235  ZFENP36    (0)    7 :  0.004 0.953 0.010 0.002 0.006 0.013 0.003 0.009 
236  ZFENP37    (0)    7 :  0.012 0.817 0.030 0.005 0.012 0.031 0.009 0.084 
237  ZFENP38    (0)    7 :  0.023 0.499 0.411 0.005 0.015 0.025 0.006 0.016 
238  ZFENP39    (0)    7 :  0.011 0.928 0.016 0.003 0.004 0.014 0.004 0.020 
239  ZFENP40    (0)    7 :  0.009 0.917 0.007 0.004 0.005 0.028 0.009 0.021 
240  ZFENP41    (0)    7 :  0.049 0.896 0.007 0.007 0.008 0.013 0.006 0.015 
241  ZFENP42    (0)    7 :  0.007 0.823 0.034 0.005 0.004 0.120 0.003 0.004 
242  ZFENP43    (0)    7 :  0.038 0.770 0.074 0.006 0.066 0.020 0.010 0.015 
243  ZFENP44    (0)    7 :  0.019 0.865 0.022 0.003 0.014 0.063 0.007 0.007 
244  ZFENP45    (0)    7 :  0.022 0.470 0.049 0.321 0.012 0.091 0.026 0.009 
245  ZFENP46    (0)    7 :  0.004 0.861 0.062 0.005 0.017 0.023 0.013 0.016 
246  ZFENP47    (0)    7 :  0.079 0.382 0.007 0.144 0.004 0.336 0.015 0.032 
247  ZFENP48    (0)    7 :  0.116 0.352 0.030 0.025 0.013 0.035 0.029 0.400 
248  ZFENP49    (0)    7 :  0.027 0.861 0.022 0.019 0.008 0.011 0.021 0.032 
249  ZFENP50    (0)    7 :  0.004 0.848 0.073 0.007 0.008 0.027 0.027 0.006 
250  ZFENP51    (0)    7 :  0.011 0.501 0.019 0.051 0.006 0.380 0.004 0.028 
251  ZFENP52    (0)    7 :  0.011 0.942 0.012 0.004 0.015 0.008 0.005 0.003 
252  ZFENP53    (0)    7 :  0.009 0.876 0.023 0.023 0.015 0.017 0.030 0.008 
253  ZFENP54    (0)    7 :  0.023 0.855 0.034 0.010 0.008 0.008 0.043 0.020 
254  ZFENP55    (0)    7 :  0.004 0.232 0.675 0.004 0.004 0.020 0.005 0.055 
255  ZFENP56    (0)    7 :  0.009 0.828 0.116 0.005 0.013 0.013 0.004 0.012 
256  ZFENP57    (0)    7 :  0.005 0.874 0.025 0.002 0.010 0.063 0.005 0.016 
257  ZFENP58    (0)    7 :  0.075 0.683 0.066 0.112 0.018 0.019 0.011 0.015 
258  ZFENP59    (0)    7 :  0.062 0.874 0.009 0.004 0.005 0.030 0.005 0.011 
259  ZFENP60    (0)    7 :  0.011 0.887 0.015 0.012 0.007 0.015 0.010 0.044 
260  ZFENP61    (0)    7 :  0.013 0.936 0.011 0.003 0.004 0.008 0.003 0.021 
261 ZFFDSP01    (0)    8 :  0.005 0.003 0.007 0.018 0.025 0.003 0.932 0.006 
262 ZFFDSP02    (0)    8 :  0.005 0.003 0.004 0.006 0.006 0.002 0.971 0.003 
263 ZFFDSP04    (0)    8 :  0.004 0.002 0.005 0.014 0.005 0.003 0.962 0.005 
264 ZFFDSP05    (0)    8 :  0.004 0.003 0.007 0.010 0.014 0.003 0.954 0.003 
265 ZFFDSP06    (0)    8 :  0.006 0.003 0.004 0.013 0.005 0.002 0.964 0.003 
266 ZFFDSP07    (0)    8 :  0.019 0.005 0.009 0.034 0.005 0.005 0.921 0.003 
267 ZFFDSP08    (0)    8 :  0.014 0.004 0.010 0.075 0.022 0.004 0.867 0.003 
268 ZFFDSP10    (0)    8 :  0.005 0.005 0.006 0.009 0.009 0.003 0.960 0.004 
269 ZFFDSP11    (0)    8 :  0.004 0.003 0.007 0.008 0.006 0.004 0.964 0.004 
270 ZFFDSP12    (0)    8 :  0.004 0.003 0.003 0.009 0.006 0.002 0.970 0.002 
271 ZFFDSP13    (0)    8 :  0.017 0.007 0.012 0.007 0.433 0.004 0.516 0.004 
272 ZFFDSP14    (0)    8 :  0.007 0.003 0.006 0.020 0.005 0.003 0.952 0.004 
273 ZFFDSP16    (0)    8 :  0.006 0.006 0.007 0.005 0.013 0.004 0.952 0.007 
274 ZFFDSP17    (0)    8 :  0.004 0.004 0.006 0.011 0.007 0.003 0.961 0.004 
275 ZFFDSP18    (0)    8 :  0.005 0.003 0.004 0.018 0.006 0.002 0.954 0.008 
276 ZFFDSP19    (0)    8 :  0.020 0.004 0.004 0.018 0.060 0.003 0.886 0.005 
277 ZFFDSP21    (0)    8 :  0.013 0.003 0.004 0.006 0.114 0.002 0.853 0.004 
278 ZFFDSP22    (0)    8 :  0.005 0.003 0.006 0.080 0.006 0.002 0.894 0.003 
279 ZFFDSP23    (0)    8 :  0.004 0.003 0.005 0.143 0.031 0.002 0.808 0.003 
280 ZFFDSP24    (0)    8 :  0.006 0.004 0.006 0.008 0.039 0.003 0.930 0.005 
281 ZFFDSP26    (9)    8 :  0.005 0.003 0.005 0.014 0.015 0.003 0.952 0.004 
282 ZFFDSP27    (0)    8 :  0.004 0.003 0.004 0.007 0.010 0.002 0.965 0.005 
283 ZFFDSP28    (0)    8 :  0.012 0.010 0.019 0.007 0.008 0.019 0.875 0.049 
284 ZFFDSP30    (0)    8 :  0.007 0.004 0.008 0.008 0.216 0.007 0.729 0.022 
285 ZFFDSP31    (0)    8 :  0.006 0.004 0.005 0.006 0.010 0.002 0.962 0.005 
286 ZFFDSP32    (0)    8 :  0.003 0.003 0.004 0.005 0.007 0.002 0.972 0.003 
287 ZFFDSP33    (0)    8 :  0.003 0.003 0.003 0.006 0.007 0.003 0.972 0.003 
288 ZFFDSP34    (0)    8 :  0.008 0.003 0.005 0.010 0.008 0.002 0.961 0.004 
289 ZFFDSP35    (0)    8 :  0.004 0.003 0.005 0.008 0.012 0.003 0.961 0.005 
290 ZFFDSP37    (0)    8 :  0.004 0.003 0.004 0.004 0.008 0.003 0.971 0.004 
291 ZFFDSP38    (0)    8 :  0.004 0.003 0.004 0.005 0.007 0.003 0.969 0.005 
292 ZFFDSP39    (0)    8 :  0.003 0.003 0.003 0.009 0.053 0.002 0.923 0.004 
293 ZFFDSP40    (0)    8 :  0.004 0.003 0.004 0.005 0.031 0.003 0.946 0.005 
294 ZFFDSP42    (0)    8 :  0.005 0.003 0.005 0.049 0.020 0.002 0.912 0.004 
295 ZFFDSP43    (0)    8 :  0.004 0.003 0.004 0.008 0.012 0.002 0.963 0.004 
296 ZFFDSP44    (0)    8 :  0.004 0.003 0.005 0.006 0.022 0.003 0.952 0.005 
297 ZFFDSP45    (0)    8 :  0.005 0.003 0.005 0.005 0.010 0.002 0.965 0.004 
298 ZFFDSP46    (0)    8 :  0.005 0.003 0.005 0.008 0.014 0.002 0.957 0.004 
299 ZFFDSP47    (0)    8 :  0.004 0.003 0.006 0.016 0.154 0.003 0.811 0.004 
300 ZFFDSP48    (0)    8 :  0.004 0.003 0.005 0.006 0.091 0.003 0.884 0.004 
301    ZFI01    (0)    9 :  0.008 0.009 0.008 0.004 0.006 0.021 0.004 0.940 
302    ZFI02    (0)    9 :  0.003 0.005 0.006 0.004 0.006 0.010 0.006 0.960 
303    ZFI03    (0)    9 :  0.005 0.005 0.006 0.003 0.006 0.004 0.004 0.968 
304    ZFI04    (0)    9 :  0.004 0.007 0.006 0.003 0.005 0.016 0.004 0.955 
305    ZFI05    (0)    9 :  0.005 0.008 0.005 0.003 0.012 0.005 0.005 0.958 
306    ZFI06    (0)    9 :  0.004 0.011 0.006 0.003 0.037 0.010 0.011 0.918 
307    ZFI07    (0)    9 :  0.005 0.006 0.005 0.002 0.005 0.005 0.004 0.967 
308    ZFI08    (0)    9 :  0.005 0.008 0.009 0.003 0.003 0.008 0.003 0.961 
309    ZFI09    (0)    9 :  0.004 0.007 0.005 0.003 0.005 0.008 0.004 0.965 
310    ZFI10    (0)    9 :  0.004 0.007 0.006 0.004 0.028 0.011 0.005 0.935 
311    ZFI11    (0)    9 :  0.005 0.006 0.005 0.002 0.005 0.012 0.003 0.962 
312    ZFI12    (0)    9 :  0.006 0.005 0.008 0.003 0.009 0.004 0.005 0.960 
313    ZFI13    (0)    9 :  0.006 0.007 0.005 0.002 0.006 0.006 0.004 0.964 
314    ZFI14    (0)    9 :  0.005 0.005 0.004 0.003 0.009 0.005 0.009 0.961 
315    ZFI15    (0)    9 :  0.004 0.006 0.004 0.002 0.004 0.004 0.004 0.972 
316    ZFI16    (0)    9 :  0.004 0.004 0.005 0.002 0.005 0.003 0.003 0.975 
317    ZFI17    (0)    9 :  0.004 0.008 0.005 0.003 0.007 0.007 0.003 0.964 
318    ZFI18    (0)    9 :  0.003 0.007 0.004 0.002 0.006 0.007 0.003 0.969 
319    ZFI19    (9)    9 :  0.003 0.005 0.005 0.002 0.004 0.005 0.003 0.972 
320    ZFI20    (0)    9 :  0.003 0.004 0.005 0.003 0.005 0.005 0.005 0.970 
321    ZFI21    (0)    9 :  0.004 0.004 0.004 0.003 0.019 0.004 0.014 0.949 
322    ZFI22    (0)    9 :  0.006 0.005 0.005 0.004 0.004 0.007 0.005 0.965 
323    ZFI23    (0)    9 :  0.004 0.005 0.005 0.002 0.006 0.004 0.003 0.971 
324    ZFI24    (0)    9 :  0.006 0.006 0.007 0.003 0.008 0.004 0.004 0.963 
325    ZFI25    (0)    9 :  0.005 0.007 0.005 0.004 0.004 0.004 0.004 0.966 
326    ZFI26    (0)    9 :  0.007 0.005 0.006 0.003 0.004 0.004 0.003 0.968 
327    ZFI27    (0)    9 :  0.005 0.006 0.009 0.003 0.021 0.004 0.005 0.947 
328    ZFK01    (0)    9 :  0.938 0.010 0.009 0.007 0.013 0.010 0.009 0.004 
329    ZFK02    (0)   10 :  0.932 0.014 0.013 0.007 0.013 0.007 0.009 0.006 
330    ZFK03    (0)   10 :  0.932 0.010 0.009 0.006 0.008 0.018 0.009 0.007 
331    ZFK04    (0)   10 :  0.865 0.016 0.009 0.005 0.008 0.076 0.007 0.013 
332    ZFK05    (0)   10 :  0.795 0.012 0.006 0.004 0.010 0.158 0.005 0.010 
333    ZFK06    (0)   10 :  0.908 0.035 0.011 0.004 0.007 0.013 0.006 0.016 
334    ZFK07    (0)   10 :  0.931 0.008 0.012 0.009 0.010 0.018 0.008 0.004 
335    ZFK08    (0)   10 :  0.724 0.043 0.042 0.006 0.007 0.152 0.011 0.014 
336    ZFK10    (0)   10 :  0.922 0.013 0.012 0.005 0.006 0.020 0.008 0.014 
337    ZFK11    (0)   10 :  0.901 0.019 0.008 0.004 0.008 0.045 0.008 0.007 
338    ZFK12    (0)   10 :  0.909 0.012 0.031 0.013 0.010 0.009 0.012 0.003 
339    ZFK13    (0)   10 :  0.860 0.010 0.015 0.014 0.020 0.037 0.042 0.004 
340    ZFK14    (0)   10 :  0.937 0.006 0.006 0.011 0.012 0.011 0.013 0.004 
341    ZFK15    (0)   10 :  0.749 0.016 0.014 0.008 0.020 0.133 0.053 0.007 
342    ZFK16    (0)   10 :  0.916 0.009 0.013 0.010 0.016 0.013 0.020 0.003 
343   ZFLB01    (0)   11 :  0.004 0.007 0.004 0.004 0.007 0.960 0.008 0.006 
344   ZFLB02    (0)   11 :  0.003 0.097 0.009 0.005 0.003 0.848 0.004 0.030 
345   ZFLB03    (0)   11 :  0.006 0.116 0.009 0.006 0.033 0.814 0.006 0.010 
346   ZFLB04    (0)   11 :  0.007 0.008 0.005 0.006 0.171 0.768 0.024 0.010 
347   ZFLB05    (0)   11 :  0.003 0.007 0.005 0.003 0.014 0.953 0.006 0.009 
348   ZFLB06    (0)   11 :  0.010 0.008 0.004 0.004 0.006 0.956 0.007 0.004 
349   ZFLB07    (0)   11 :  0.027 0.098 0.027 0.014 0.134 0.668 0.027 0.005 
350   ZFLB08    (0)   11 :  0.004 0.057 0.011 0.004 0.005 0.891 0.005 0.023 
351   ZFLB09    (9)   11 :  0.005 0.006 0.004 0.003 0.004 0.967 0.005 0.005 
352   ZFLB10    (0)   11 :  0.003 0.005 0.004 0.002 0.006 0.971 0.004 0.005 
353   ZFLB11    (0)   11 :  0.012 0.008 0.007 0.008 0.005 0.951 0.006 0.003 
354   ZFLB12    (0)   11 :  0.005 0.007 0.004 0.002 0.004 0.971 0.003 0.004 
355   ZFLB13    (0)   11 :  0.011 0.049 0.014 0.004 0.012 0.894 0.010 0.006 
356  ZFLTI01    (0)   12 :  0.071 0.005 0.015 0.032 0.709 0.002 0.162 0.005 
357  ZFLTI02    (0)   12 :  0.038 0.004 0.008 0.015 0.903 0.002 0.024 0.005 
358  ZFLTI03    (0)   12 :  0.008 0.003 0.007 0.014 0.938 0.002 0.024 0.004 
359  ZFLTI04    (0)   12 :  0.010 0.004 0.009 0.008 0.930 0.003 0.030 0.006 
360  ZFLTI05    (0)   12 :  0.007 0.003 0.005 0.006 0.953 0.003 0.020 0.004 
361  ZFLTI06    (0)   12 :  0.008 0.004 0.006 0.024 0.782 0.003 0.168 0.004 
362  ZFLTI07    (0)   12 :  0.009 0.004 0.010 0.006 0.836 0.002 0.125 0.007 
363  ZFLTI08    (0)   12 :  0.007 0.004 0.008 0.006 0.952 0.002 0.015 0.007 
364  ZFLTI09    (0)   12 :  0.008 0.004 0.007 0.007 0.821 0.003 0.141 0.009 
365  ZFLTI10    (0)   12 :  0.018 0.004 0.005 0.007 0.607 0.002 0.350 0.006 
366  ZFLTI11    (0)   12 :  0.007 0.003 0.006 0.029 0.882 0.003 0.065 0.005 
367  ZFLTI12    (0)   12 :  0.020 0.004 0.007 0.028 0.862 0.002 0.072 0.005 
368  ZFLTI13    (0)   12 :  0.014 0.004 0.011 0.012 0.942 0.002 0.011 0.005 
369  ZFLTI14    (0)   12 :  0.036 0.004 0.006 0.005 0.920 0.002 0.021 0.006 
370 ZFONF101    (0)   13 :  0.002 0.003 0.003 0.007 0.004 0.002 0.977 0.002 
371 ZFONF102    (0)   13 :  0.003 0.008 0.005 0.031 0.004 0.012 0.932 0.004 
372 ZFONF103    (0)   13 :  0.015 0.006 0.008 0.020 0.063 0.003 0.881 0.004 
373 ZFONF104    (0)   13 :  0.004 0.002 0.003 0.033 0.005 0.002 0.949 0.003 
374 ZFONF105    (0)   13 :  0.005 0.003 0.004 0.147 0.023 0.003 0.812 0.003 
375 ZFONF106    (0)   13 :  0.004 0.003 0.002 0.007 0.004 0.002 0.974 0.004 
376 ZFONF107    (0)   13 :  0.017 0.043 0.007 0.011 0.020 0.047 0.834 0.021 
377 ZFONF108    (0)   13 :  0.017 0.009 0.004 0.009 0.024 0.008 0.923 0.006 
378 ZFONF109    (9)   13 :  0.019 0.004 0.003 0.031 0.014 0.005 0.918 0.006 
379 ZFONF110    (0)   13 :  0.004 0.002 0.003 0.014 0.007 0.002 0.965 0.002 
380 ZFONF111    (0)   13 :  0.008 0.022 0.021 0.017 0.011 0.017 0.891 0.013 
381 ZFONF112    (0)   13 :  0.007 0.003 0.003 0.202 0.017 0.003 0.756 0.009 
382 ZFONF113    (9)   13 :  0.005 0.004 0.007 0.010 0.011 0.004 0.955 0.003 
383 ZFONF115    (0)   13 :  0.007 0.004 0.004 0.016 0.009 0.003 0.953 0.005 
384 ZFONF116    (0)   13 :  0.006 0.004 0.004 0.025 0.008 0.004 0.943 0.006 
385 ZFONF117    (0)   13 :  0.009 0.006 0.005 0.045 0.347 0.004 0.580 0.004 
386 ZFONF118    (0)   13 :  0.010 0.003 0.006 0.013 0.015 0.002 0.944 0.006 
387 ZFONF119    (0)   13 :  0.010 0.004 0.005 0.022 0.005 0.006 0.945 0.004 
388 ZFONF120    (0)   13 :  0.026 0.004 0.009 0.049 0.006 0.005 0.898 0.003 
389 ZFONF121    (0)   13 :  0.005 0.003 0.005 0.123 0.009 0.004 0.846 0.004 
390 ZFONF122    (0)   13 :  0.020 0.006 0.010 0.007 0.054 0.003 0.894 0.007 
391 ZFONF123    (0)   13 :  0.006 0.012 0.005 0.039 0.005 0.038 0.889 0.006 
392 ZFONF124    (0)   13 :  0.008 0.004 0.003 0.026 0.008 0.005 0.943 0.003 
393 ZFONF125    (0)   13 :  0.036 0.032 0.013 0.166 0.008 0.041 0.698 0.006 
394 ZFONF126    (0)   13 :  0.014 0.004 0.009 0.010 0.012 0.003 0.944 0.005 
395 ZFONF201    (0)   14 :  0.042 0.017 0.011 0.662 0.013 0.029 0.109 0.117 
396 ZFONF202    (0)   14 :  0.010 0.003 0.005 0.924 0.005 0.002 0.047 0.004 
397 ZFONF203    (0)   14 :  0.007 0.004 0.009 0.961 0.004 0.003 0.009 0.004 
398 ZFONF204    (0)   14 :  0.028 0.009 0.006 0.931 0.006 0.007 0.006 0.007 
399 ZFONF206    (0)   14 :  0.008 0.019 0.006 0.933 0.004 0.012 0.006 0.012 
400 ZFONF207    (0)   14 :  0.004 0.004 0.005 0.969 0.005 0.003 0.007 0.003 
401 ZFONF208    (0)   14 :  0.009 0.004 0.008 0.906 0.012 0.004 0.052 0.004 
402 ZFONF209    (0)   14 :  0.028 0.008 0.007 0.918 0.011 0.008 0.009 0.011 
403 ZFONF210    (0)   14 :  0.004 0.003 0.003 0.966 0.009 0.002 0.010 0.003 
404 ZFONF211    (0)   14 :  0.014 0.009 0.013 0.891 0.023 0.014 0.033 0.004 
405 ZFONF212    (0)   14 :  0.003 0.002 0.003 0.969 0.008 0.003 0.009 0.003 
406 ZFONF214    (0)   14 :  0.007 0.005 0.011 0.935 0.005 0.006 0.029 0.003 
407 ZFONF215    (0)   14 :  0.004 0.002 0.004 0.966 0.004 0.002 0.014 0.002 
408 ZFONF216    (0)   14 :  0.004 0.003 0.004 0.974 0.006 0.003 0.005 0.002 
409 ZFONF217    (0)   14 :  0.005 0.003 0.004 0.942 0.005 0.003 0.035 0.003 
410 ZFONF218    (0)   14 :  0.003 0.007 0.005 0.964 0.005 0.007 0.005 0.003 
411 ZFONF219    (0)   14 :  0.003 0.003 0.002 0.981 0.003 0.002 0.005 0.002 
412 ZFONF220    (0)   14 :  0.005 0.003 0.005 0.957 0.004 0.003 0.018 0.004 
413 ZFONF222    (0)   14 :  0.003 0.005 0.005 0.969 0.004 0.007 0.003 0.003 
414 ZFONF223    (0)   14 :  0.004 0.006 0.006 0.961 0.003 0.008 0.007 0.004 
415 ZFONF224    (0)   14 :  0.003 0.003 0.003 0.979 0.004 0.002 0.004 0.002 
416 ZFONF225    (0)   14 :  0.004 0.002 0.003 0.976 0.004 0.002 0.007 0.002 
417 ZFONF226    (0)   14 :  0.006 0.003 0.006 0.966 0.005 0.003 0.009 0.003 
418 ZFONF227    (0)   14 :  0.003 0.002 0.003 0.980 0.004 0.002 0.005 0.002 
419 ZFONF228    (0)   14 :  0.005 0.005 0.005 0.954 0.013 0.004 0.009 0.005 
420 ZFONF230    (0)   14 :  0.004 0.003 0.003 0.969 0.004 0.002 0.012 0.002 
421 ZFONF231    (0)   14 :  0.006 0.004 0.009 0.960 0.005 0.004 0.009 0.002 
422 ZFONF232    (0)   14 :  0.003 0.003 0.003 0.975 0.004 0.002 0.008 0.002 
423 ZFONF233    (0)   14 :  0.004 0.003 0.003 0.975 0.004 0.003 0.005 0.002 
424 ZFONF234    (0)   14 :  0.009 0.026 0.008 0.916 0.017 0.005 0.013 0.005 
425 ZFONF235    (0)   14 :  0.004 0.002 0.003 0.980 0.003 0.002 0.005 0.002 
426 ZFONF236    (0)   14 :  0.024 0.026 0.005 0.868 0.023 0.015 0.015 0.024 
427 ZFONF238    (0)   14 :  0.006 0.003 0.006 0.968 0.004 0.002 0.008 0.003 
428 ZFONF239    (0)   14 :  0.010 0.005 0.004 0.963 0.004 0.004 0.004 0.007 
429 ZFONF240    (0)   14 :  0.005 0.002 0.003 0.977 0.004 0.002 0.005 0.002 
430 ZFONF241    (0)   14 :  0.005 0.008 0.005 0.939 0.013 0.004 0.016 0.010 
431 ZFONF242    (0)   14 :  0.006 0.003 0.003 0.972 0.004 0.002 0.009 0.002 
432 ZFONF243    (0)   14 :  0.004 0.003 0.005 0.965 0.011 0.003 0.006 0.003 
433 ZFONF244    (0)   14 :  0.004 0.002 0.004 0.974 0.004 0.002 0.008 0.002 
434 ZFONF245    (0)   14 :  0.004 0.003 0.003 0.975 0.007 0.002 0.005 0.002 
435   ZFOS01    (0)   15 :  0.937 0.004 0.008 0.008 0.016 0.003 0.020 0.004 
436   ZFOS02    (0)   15 :  0.880 0.010 0.009 0.008 0.021 0.006 0.040 0.025 
437   ZFOS03    (0)   15 :  0.932 0.008 0.009 0.004 0.005 0.023 0.010 0.009 
438   ZFOS04    (0)   15 :  0.817 0.009 0.005 0.006 0.039 0.004 0.102 0.018 
439   ZFOS05    (0)   15 :  0.904 0.006 0.008 0.011 0.020 0.003 0.040 0.007 
440   ZFOS06    (0)   15 :  0.925 0.007 0.012 0.015 0.017 0.006 0.013 0.005 
441   ZFOS07    (0)   15 :  0.954 0.004 0.005 0.003 0.006 0.004 0.007 0.018 
442   ZFOS08    (0)   15 :  0.927 0.005 0.004 0.005 0.013 0.003 0.018 0.024 
443   ZFOS09    (0)   15 :  0.810 0.014 0.017 0.010 0.023 0.010 0.097 0.018 
444   ZFOS10    (0)   15 :  0.929 0.018 0.005 0.002 0.007 0.012 0.003 0.023 
445   ZFOS11    (0)   15 :  0.653 0.082 0.019 0.007 0.196 0.006 0.016 0.022 
446   ZFOS12    (0)   15 :  0.673 0.075 0.139 0.008 0.028 0.026 0.021 0.032 
447   ZFOS13    (0)   15 :  0.933 0.006 0.015 0.005 0.012 0.004 0.014 0.012 
448   ZFOS14    (0)   15 :  0.671 0.017 0.039 0.006 0.116 0.014 0.011 0.126 
449   ZFOS15    (0)   15 :  0.971 0.005 0.004 0.002 0.005 0.004 0.003 0.006 
450   ZFOS16    (0)   15 :  0.883 0.010 0.006 0.009 0.029 0.008 0.042 0.014 
451   ZFOS17    (0)   15 :  0.961 0.005 0.007 0.005 0.006 0.006 0.004 0.007 
452   ZFOS18    (0)   15 :  0.956 0.010 0.005 0.003 0.009 0.006 0.005 0.007 
453   ZFOS19    (0)   15 :  0.965 0.005 0.009 0.005 0.005 0.004 0.003 0.004 
454   ZFOS20    (0)   15 :  0.957 0.005 0.004 0.008 0.006 0.005 0.006 0.009 
455   ZFOS21    (0)   15 :  0.938 0.005 0.004 0.004 0.019 0.006 0.017 0.007 
456   ZFOS22    (0)   15 :  0.958 0.006 0.008 0.006 0.009 0.004 0.005 0.003 
457   ZFOS23    (0)   15 :  0.757 0.031 0.020 0.002 0.004 0.015 0.003 0.168 
458   ZFOS24    (0)   15 :  0.968 0.005 0.004 0.003 0.009 0.003 0.004 0.004 
459   ZFOS25    (0)   15 :  0.474 0.014 0.025 0.020 0.424 0.005 0.017 0.019 
460   ZFOS26    (0)   15 :  0.501 0.015 0.010 0.009 0.231 0.005 0.214 0.016 
