

----------------------------------------------------
STRUCTURE by Pritchard, Stephens and Donnelly (2000)
     and Falush, Stephens and Pritchard (2003)
       Code by Pritchard, Falush and Hubisz
             Version 2.3.4 (Jul 2012)
----------------------------------------------------



Command line arguments:   bin\structure -m C:\Users\eschumacher\Documents\GitHub\GCC_QUAC_ZAIN\Data_Files\Structure_Files\ZAIN\ZAIN_rebinned_wild\50-50\mainparams -e C:\Users\eschumacher\Documents\GitHub\GCC_QUAC_ZAIN\Data_Files\Structure_Files\ZAIN\ZAIN_rebinned_wild\50-50\extraparams 
Input File:    C:\Users\eschumacher\Documents\GitHub\GCC_QUAC_ZAIN\Data_Files\Structure_Files\ZAIN\ZAIN_rebinned_wild\project_data

Run parameters:
   751 individuals
   11 loci
   9 populations assumed
   50000 Burn-in period
   50000 Reps


--------------------------------------------
Proportion of membership of each pre-defined
 population in each of the 9 clusters

Given    Inferred Clusters                                                 Number of
 Pop       1      2      3      4      5      6      7      8      9      Individuals

  1:     0.022  0.917  0.005  0.011  0.014  0.005  0.013  0.006  0.007       35
  2:     0.005  0.007  0.026  0.009  0.007  0.057  0.005  0.031  0.854       36
  3:     0.006  0.004  0.033  0.014  0.006  0.032  0.006  0.009  0.889       33
  4:     0.021  0.005  0.009  0.007  0.006  0.008  0.011  0.925  0.010       40
  5:     0.003  0.003  0.006  0.004  0.004  0.962  0.004  0.008  0.006       39
  6:     0.039  0.146  0.032  0.171  0.459  0.024  0.041  0.029  0.058       40
  7:     0.071  0.023  0.022  0.054  0.714  0.012  0.059  0.033  0.011       37
  8:     0.003  0.006  0.017  0.006  0.004  0.040  0.005  0.006  0.912       40
  9:     0.008  0.837  0.003  0.007  0.007  0.010  0.084  0.039  0.005       28
 10:     0.051  0.010  0.007  0.016  0.015  0.010  0.007  0.869  0.015       14
 11:     0.886  0.008  0.005  0.008  0.030  0.035  0.011  0.008  0.009       13
 12:     0.003  0.004  0.014  0.008  0.004  0.859  0.008  0.018  0.083       14
 13:     0.009  0.004  0.045  0.006  0.008  0.029  0.006  0.011  0.881       25
 14:     0.005  0.006  0.943  0.006  0.006  0.007  0.007  0.008  0.014       40
 15:     0.008  0.025  0.007  0.017  0.013  0.047  0.011  0.845  0.027       32
 16:     0.968  0.003  0.004  0.003  0.005  0.004  0.003  0.004  0.004       20
 17:     0.008  0.667  0.006  0.195  0.072  0.008  0.023  0.010  0.011        4
 18:     0.015  0.243  0.015  0.036  0.021  0.007  0.602  0.012  0.049       23
 19:     0.007  0.016  0.004  0.007  0.008  0.004  0.943  0.006  0.005       39
 20:     0.859  0.050  0.004  0.011  0.011  0.005  0.048  0.007  0.006       38
 21:     0.005  0.005  0.066  0.017  0.007  0.765  0.004  0.009  0.123       45
 22:     0.013  0.005  0.026  0.008  0.013  0.408  0.005  0.019  0.503       28
 23:     0.009  0.324  0.007  0.008  0.037  0.008  0.594  0.007  0.006        6
 24:     0.006  0.013  0.015  0.900  0.019  0.014  0.018  0.007  0.008       40
 25:     0.051  0.015  0.011  0.021  0.852  0.017  0.010  0.011  0.011       42
--------------------------------------------

Allele-freq. divergence among pops (Net nucleotide distance),
computed using point estimates of P.

      1       2       3       4       5       6       7       8       9      
 1      -    0.1682  0.3438  0.2354  0.1026  0.2856  0.1993  0.2134  0.2746  
 2   0.1682     -    0.3548  0.2028  0.1161  0.2433  0.0836  0.1870  0.2385  
 3   0.3438  0.3548     -    0.1742  0.2479  0.1744  0.3555  0.1819  0.1078  
 4   0.2354  0.2028  0.1742     -    0.0994  0.1485  0.1812  0.1447  0.1568  
 5   0.1026  0.1161  0.2479  0.0994     -    0.1406  0.1050  0.1061  0.1717  
 6   0.2856  0.2433  0.1744  0.1485  0.1406     -    0.2451  0.1234  0.1081  
 7   0.1993  0.0836  0.3555  0.1812  0.1050  0.2451     -    0.1602  0.2479  
 8   0.2134  0.1870  0.1819  0.1447  0.1061  0.1234  0.1602     -    0.1666  
 9   0.2746  0.2385  0.1078  0.1568  0.1717  0.1081  0.2479  0.1666     -    

Average distances (expected heterozygosity) between individuals in same cluster:
cluster  1  : 0.4260 
cluster  2  : 0.4848 
cluster  3  : 0.3671 
cluster  4  : 0.4216 
cluster  5  : 0.5691 
cluster  6  : 0.3948 
cluster  7  : 0.3599 
cluster  8  : 0.4317 
cluster  9  : 0.4109 

--------------------------------------------
Estimated Ln Prob of Data   = -13807.6
Mean value of ln likelihood = -13435.2
Variance of ln likelihood   = 744.8
Mean value of alpha         = 0.0325

Mean value of Fst_1         = 0.4088
Mean value of Fst_2         = 0.4025
Mean value of Fst_3         = 0.4489
Mean value of Fst_4         = 0.3714
Mean value of Fst_5         = 0.1023
Mean value of Fst_6         = 0.4858
Mean value of Fst_7         = 0.4496
Mean value of Fst_8         = 0.4136
Mean value of Fst_9         = 0.3748


Inferred ancestry of individuals:
        Label (%Miss) Pop:  Inferred clusters
  1    ZFB01    (0)    1 :  0.006 0.966 0.003 0.003 0.003 0.003 0.009 0.004 0.003 
  2    ZFB02    (0)    1 :  0.030 0.926 0.003 0.004 0.008 0.002 0.013 0.010 0.003 
  3    ZFB03    (0)    1 :  0.005 0.898 0.002 0.012 0.020 0.020 0.025 0.007 0.011 
  4    ZFB04    (0)    1 :  0.024 0.946 0.003 0.004 0.006 0.002 0.007 0.006 0.004 
  5    ZFB05    (0)    1 :  0.131 0.767 0.010 0.026 0.032 0.007 0.011 0.013 0.003 
  6    ZFB06    (0)    1 :  0.071 0.828 0.010 0.020 0.042 0.007 0.010 0.009 0.003 
  7    ZFB07    (9)    1 :  0.010 0.821 0.007 0.013 0.041 0.005 0.091 0.004 0.008 
  8    ZFB08    (0)    1 :  0.005 0.909 0.007 0.021 0.006 0.006 0.030 0.008 0.007 
  9    ZFB09    (0)    1 :  0.004 0.970 0.003 0.004 0.003 0.003 0.007 0.004 0.003 
 10    ZFB10    (0)    1 :  0.005 0.953 0.005 0.005 0.004 0.004 0.005 0.005 0.014 
 11    ZFB11    (0)    1 :  0.009 0.966 0.003 0.003 0.003 0.002 0.005 0.005 0.005 
 12    ZFB12    (0)    1 :  0.025 0.918 0.003 0.021 0.012 0.006 0.005 0.004 0.006 
 13    ZFB13    (0)    1 :  0.006 0.939 0.007 0.011 0.007 0.007 0.009 0.006 0.010 
 14    ZFB14    (0)    1 :  0.003 0.966 0.003 0.004 0.004 0.003 0.008 0.005 0.004 
 15    ZFB15    (0)    1 :  0.008 0.968 0.002 0.004 0.004 0.002 0.007 0.003 0.002 
 16    ZFB16    (0)    1 :  0.009 0.957 0.004 0.007 0.005 0.004 0.006 0.004 0.006 
 17    ZFB17    (0)    1 :  0.022 0.888 0.010 0.029 0.011 0.006 0.007 0.018 0.009 
 18    ZFB18    (0)    1 :  0.003 0.972 0.003 0.003 0.004 0.002 0.006 0.004 0.003 
 19    ZFB19    (0)    1 :  0.008 0.711 0.012 0.061 0.080 0.016 0.065 0.005 0.042 
 20    ZFB20    (0)    1 :  0.023 0.940 0.004 0.008 0.006 0.004 0.006 0.004 0.006 
 21    ZFB21    (0)    1 :  0.007 0.967 0.002 0.003 0.005 0.003 0.007 0.003 0.003 
 22    ZFB22    (0)    1 :  0.040 0.905 0.009 0.011 0.008 0.006 0.005 0.007 0.008 
 23    ZFB23    (0)    1 :  0.010 0.965 0.003 0.003 0.004 0.003 0.003 0.004 0.004 
 24    ZFB24    (0)    1 :  0.016 0.959 0.002 0.003 0.004 0.003 0.005 0.004 0.004 
 25    ZFB25    (0)    1 :  0.004 0.965 0.003 0.003 0.003 0.004 0.004 0.004 0.010 
 26    ZFB26    (0)    1 :  0.021 0.947 0.003 0.003 0.005 0.004 0.004 0.005 0.008 
 27    ZFB27    (0)    1 :  0.027 0.949 0.002 0.002 0.004 0.002 0.004 0.004 0.005 
 28    ZFB28    (0)    1 :  0.075 0.850 0.003 0.015 0.029 0.005 0.005 0.012 0.006 
 29    ZFB29    (0)    1 :  0.009 0.967 0.002 0.003 0.004 0.002 0.005 0.005 0.003 
 30    ZFB30    (0)    1 :  0.097 0.739 0.018 0.021 0.092 0.007 0.019 0.004 0.004 
 31    ZFB31    (0)    1 :  0.006 0.957 0.004 0.004 0.005 0.004 0.009 0.004 0.008 
 32    ZFB32    (0)    1 :  0.047 0.829 0.004 0.037 0.028 0.008 0.008 0.027 0.012 
 33    ZFB33    (0)    1 :  0.007 0.971 0.002 0.003 0.004 0.002 0.005 0.003 0.003 
 34    ZFB34    (0)    1 :  0.003 0.956 0.003 0.004 0.005 0.003 0.017 0.006 0.003 
 35    ZFB35    (0)    1 :  0.008 0.952 0.003 0.005 0.004 0.004 0.013 0.006 0.005 
 36  ZFBP101    (0)    2 :  0.008 0.015 0.049 0.017 0.011 0.133 0.006 0.142 0.618 
 37  ZFBP102    (0)    2 :  0.012 0.019 0.014 0.010 0.014 0.022 0.008 0.017 0.884 
 38  ZFBP103    (0)    2 :  0.007 0.010 0.014 0.010 0.009 0.346 0.005 0.234 0.365 
 39  ZFBP104    (0)    2 :  0.008 0.019 0.008 0.038 0.014 0.061 0.030 0.004 0.818 
 40  ZFBP105    (0)    2 :  0.004 0.005 0.005 0.007 0.006 0.020 0.006 0.005 0.941 
 41  ZFBP106    (0)    2 :  0.003 0.003 0.009 0.006 0.004 0.032 0.004 0.007 0.932 
 42  ZFBP107    (0)    2 :  0.013 0.006 0.004 0.008 0.011 0.061 0.005 0.008 0.883 
 43  ZFBP108    (0)    2 :  0.003 0.003 0.005 0.003 0.003 0.007 0.004 0.003 0.970 
 44  ZFBP109    (0)    2 :  0.003 0.003 0.006 0.004 0.005 0.007 0.005 0.004 0.964 
 45  ZFBP110    (0)    2 :  0.007 0.058 0.006 0.016 0.043 0.190 0.013 0.036 0.631 
 46  ZFBP111    (0)    2 :  0.004 0.003 0.221 0.020 0.006 0.059 0.003 0.004 0.681 
 47  ZFBP112    (0)    2 :  0.005 0.003 0.036 0.007 0.004 0.011 0.004 0.013 0.916 
 48  ZFBP113    (0)    2 :  0.004 0.003 0.004 0.006 0.004 0.006 0.004 0.003 0.968 
 49  ZFBP114    (0)    2 :  0.007 0.003 0.006 0.002 0.006 0.010 0.004 0.006 0.955 
 50  ZFBP115    (0)    2 :  0.003 0.002 0.016 0.012 0.005 0.447 0.003 0.013 0.499 
 51  ZFBP116    (0)    2 :  0.004 0.003 0.005 0.008 0.005 0.009 0.003 0.004 0.960 
 52  ZFBP117    (0)    2 :  0.003 0.003 0.007 0.004 0.004 0.008 0.003 0.007 0.962 
 53  ZFBP118    (0)    2 :  0.007 0.003 0.009 0.003 0.006 0.011 0.003 0.005 0.953 
 54  ZFBP119    (0)    2 :  0.003 0.003 0.017 0.016 0.006 0.125 0.004 0.032 0.794 
 55  ZFBP120    (0)    2 :  0.004 0.006 0.005 0.007 0.005 0.031 0.006 0.004 0.930 
 56  ZFBP121    (0)    2 :  0.003 0.005 0.005 0.005 0.004 0.011 0.006 0.008 0.954 
 57  ZFBP122    (9)    2 :  0.003 0.003 0.012 0.007 0.004 0.012 0.004 0.005 0.951 
 58  ZFBP123    (0)    2 :  0.007 0.003 0.017 0.010 0.005 0.008 0.005 0.014 0.931 
 59  ZFBP124    (0)    2 :  0.004 0.004 0.004 0.004 0.004 0.006 0.007 0.005 0.962 
 60  ZFBP125    (0)    2 :  0.002 0.002 0.014 0.004 0.003 0.012 0.002 0.006 0.953 
 61  ZFBP126    (0)    2 :  0.011 0.012 0.006 0.020 0.017 0.006 0.005 0.025 0.898 
 62  ZFBP127    (0)    2 :  0.003 0.002 0.005 0.003 0.004 0.063 0.003 0.015 0.901 
 63  ZFBP128    (0)    2 :  0.003 0.003 0.021 0.004 0.003 0.012 0.004 0.012 0.940 
 64  ZFBP129    (0)    2 :  0.003 0.004 0.130 0.005 0.006 0.007 0.006 0.008 0.831 
 65  ZFBP130    (0)    2 :  0.003 0.002 0.048 0.007 0.003 0.015 0.002 0.016 0.904 
 66  ZFBP131    (0)    2 :  0.004 0.003 0.005 0.005 0.003 0.004 0.004 0.003 0.969 
 67  ZFBP132    (0)    2 :  0.003 0.004 0.004 0.003 0.003 0.010 0.003 0.004 0.967 
 68  ZFBP133    (0)    2 :  0.002 0.003 0.145 0.005 0.003 0.004 0.004 0.006 0.827 
 69  ZFBP134    (0)    2 :  0.003 0.004 0.020 0.013 0.004 0.182 0.004 0.043 0.727 
 70  ZFBP135    (0)    2 :  0.005 0.015 0.013 0.008 0.007 0.037 0.008 0.263 0.645 
 71  ZFBP136    (0)    2 :  0.008 0.004 0.045 0.008 0.005 0.056 0.004 0.123 0.746 
 72  ZFBP201    (0)    3 :  0.006 0.005 0.005 0.007 0.005 0.010 0.006 0.005 0.953 
 73  ZFBP202    (0)    3 :  0.003 0.004 0.008 0.005 0.004 0.011 0.007 0.004 0.954 
 74  ZFBP203    (0)    3 :  0.040 0.006 0.017 0.030 0.023 0.007 0.006 0.005 0.866 
 75  ZFBP204    (0)    3 :  0.005 0.004 0.016 0.009 0.006 0.047 0.005 0.017 0.891 
 76  ZFBP205    (0)    3 :  0.005 0.002 0.011 0.006 0.004 0.004 0.004 0.009 0.957 
 77  ZFBP206    (0)    3 :  0.007 0.003 0.048 0.011 0.004 0.006 0.008 0.015 0.897 
 78  ZFBP207    (0)    3 :  0.003 0.004 0.008 0.005 0.005 0.176 0.005 0.012 0.783 
 79  ZFBP208    (0)    3 :  0.011 0.003 0.010 0.015 0.006 0.004 0.004 0.007 0.940 
 80  ZFBP209    (0)    3 :  0.002 0.002 0.081 0.005 0.002 0.004 0.004 0.006 0.893 
 81  ZFBP210    (0)    3 :  0.008 0.004 0.012 0.010 0.005 0.011 0.004 0.005 0.941 
 82  ZFBP211    (0)    3 :  0.003 0.006 0.005 0.004 0.004 0.009 0.005 0.005 0.959 
 83  ZFBP212    (0)    3 :  0.003 0.007 0.005 0.003 0.004 0.041 0.004 0.003 0.931 
 84  ZFBP213    (0)    3 :  0.005 0.004 0.012 0.009 0.006 0.010 0.018 0.013 0.923 
 85  ZFBP214    (0)    3 :  0.004 0.006 0.096 0.037 0.009 0.036 0.020 0.041 0.751 
 86  ZFBP215    (0)    3 :  0.003 0.003 0.007 0.004 0.003 0.007 0.005 0.005 0.963 
 87  ZFBP216    (0)    3 :  0.007 0.004 0.006 0.024 0.007 0.011 0.005 0.005 0.931 
 88  ZFBP217    (0)    3 :  0.004 0.008 0.215 0.027 0.008 0.067 0.007 0.007 0.657 
 89  ZFBP218    (0)    3 :  0.003 0.002 0.011 0.005 0.003 0.005 0.004 0.003 0.964 
 90  ZFBP219    (0)    3 :  0.003 0.003 0.004 0.006 0.004 0.005 0.004 0.003 0.968 
 91  ZFBP220    (0)    3 :  0.003 0.002 0.029 0.007 0.004 0.025 0.003 0.017 0.909 
 92  ZFBP221    (0)    3 :  0.003 0.004 0.007 0.006 0.003 0.024 0.003 0.003 0.948 
 93  ZFBP222    (0)    3 :  0.005 0.004 0.009 0.007 0.004 0.004 0.006 0.007 0.955 
 94  ZFBP223    (0)    3 :  0.005 0.008 0.010 0.005 0.008 0.160 0.005 0.007 0.791 
 95  ZFBP224    (0)    3 :  0.004 0.003 0.006 0.006 0.005 0.007 0.008 0.007 0.953 
 96  ZFBP225    (0)    3 :  0.009 0.003 0.376 0.019 0.012 0.114 0.004 0.011 0.451 
 97  ZFBP226    (0)    3 :  0.005 0.003 0.004 0.005 0.004 0.007 0.004 0.004 0.965 
 98  ZFBP227    (0)    3 :  0.009 0.010 0.006 0.142 0.033 0.050 0.022 0.006 0.721 
 99  ZFBP228    (0)    3 :  0.003 0.004 0.007 0.004 0.005 0.148 0.005 0.015 0.809 
100  ZFBP229    (0)    3 :  0.003 0.002 0.016 0.006 0.003 0.007 0.003 0.006 0.953 
101  ZFBP230    (0)    3 :  0.004 0.003 0.029 0.009 0.005 0.024 0.003 0.023 0.900 
102  ZFBP231    (0)    3 :  0.004 0.004 0.005 0.005 0.004 0.008 0.005 0.006 0.958 
103  ZFBP232    (0)    3 :  0.003 0.003 0.007 0.004 0.003 0.005 0.003 0.004 0.968 
104  ZFBP233    (0)    3 :  0.004 0.004 0.017 0.010 0.005 0.011 0.007 0.006 0.937 
105   ZFCC01    (0)    4 :  0.005 0.005 0.004 0.004 0.004 0.004 0.017 0.954 0.004 
106   ZFCC03    (0)    4 :  0.003 0.003 0.005 0.003 0.003 0.005 0.010 0.963 0.004 
107   ZFCC04    (0)    4 :  0.004 0.004 0.006 0.005 0.004 0.004 0.007 0.963 0.004 
108   ZFCC05    (0)    4 :  0.004 0.004 0.006 0.005 0.005 0.009 0.010 0.951 0.006 
109   ZFCC08    (0)    4 :  0.003 0.002 0.016 0.006 0.003 0.006 0.011 0.943 0.010 
110   ZFCC09    (0)    4 :  0.003 0.004 0.004 0.003 0.003 0.006 0.010 0.963 0.004 
111   ZFCC10    (0)    4 :  0.004 0.004 0.004 0.003 0.004 0.004 0.044 0.929 0.005 
112   ZFCC11    (0)    4 :  0.003 0.004 0.004 0.004 0.004 0.006 0.011 0.960 0.004 
113   ZFCC12    (0)    4 :  0.053 0.009 0.004 0.007 0.015 0.008 0.030 0.870 0.005 
114   ZFCC13    (0)    4 :  0.007 0.003 0.007 0.012 0.006 0.010 0.004 0.943 0.008 
115   ZFCC14    (0)    4 :  0.004 0.007 0.007 0.004 0.005 0.004 0.009 0.952 0.009 
116   ZFCC15    (0)    4 :  0.005 0.004 0.005 0.010 0.006 0.005 0.006 0.956 0.004 
117   ZFCC16    (0)    4 :  0.004 0.004 0.005 0.005 0.005 0.004 0.006 0.964 0.004 
118   ZFCC17    (0)    4 :  0.008 0.004 0.003 0.004 0.004 0.004 0.005 0.964 0.003 
119   ZFCC18    (0)    4 :  0.004 0.003 0.006 0.004 0.003 0.005 0.011 0.959 0.004 
120   ZFCC19    (0)    4 :  0.007 0.005 0.003 0.008 0.006 0.003 0.003 0.961 0.003 
121   ZFCC20    (0)    4 :  0.003 0.004 0.005 0.006 0.004 0.006 0.004 0.965 0.003 
122   ZFCC21    (0)    4 :  0.006 0.007 0.036 0.046 0.007 0.006 0.008 0.857 0.028 
123   ZFCC22    (0)    4 :  0.004 0.004 0.044 0.007 0.004 0.019 0.014 0.751 0.153 
124   ZFCC26    (0)    4 :  0.003 0.005 0.004 0.005 0.004 0.004 0.006 0.967 0.003 
125   ZFCC27    (0)    4 :  0.003 0.003 0.004 0.004 0.004 0.005 0.005 0.970 0.003 
126   ZFCC29    (0)    4 :  0.004 0.008 0.005 0.008 0.005 0.005 0.006 0.955 0.004 
127   ZFCC30    (0)    4 :  0.003 0.003 0.005 0.004 0.003 0.007 0.004 0.968 0.003 
128   ZFCC32    (0)    4 :  0.007 0.003 0.005 0.011 0.005 0.007 0.008 0.949 0.004 
129   ZFCC33    (0)    4 :  0.004 0.006 0.003 0.005 0.006 0.005 0.005 0.961 0.004 
130   ZFCC34    (0)    4 :  0.013 0.020 0.017 0.006 0.005 0.040 0.017 0.841 0.042 
131   ZFCC35    (0)    4 :  0.003 0.002 0.004 0.003 0.003 0.004 0.005 0.972 0.004 
132   ZFCC36    (0)    4 :  0.011 0.004 0.010 0.014 0.006 0.005 0.004 0.937 0.008 
133   ZFCC37    (0)    4 :  0.039 0.010 0.006 0.010 0.015 0.010 0.045 0.857 0.008 
134   ZFCC40    (0)    4 :  0.007 0.004 0.003 0.003 0.004 0.003 0.010 0.960 0.006 
135   ZFCC42    (0)    4 :  0.520 0.019 0.011 0.005 0.022 0.051 0.005 0.361 0.006 
136   ZFCC44    (0)    4 :  0.004 0.003 0.003 0.003 0.004 0.006 0.003 0.972 0.003 
137   ZFCC45    (9)    4 :  0.013 0.006 0.004 0.007 0.011 0.006 0.020 0.928 0.005 
138   ZFCC46    (0)    4 :  0.004 0.004 0.024 0.006 0.004 0.012 0.003 0.936 0.008 
139   ZFCC47    (0)    4 :  0.027 0.006 0.007 0.005 0.005 0.006 0.036 0.903 0.005 
140   ZFCC48    (0)    4 :  0.003 0.005 0.030 0.008 0.004 0.006 0.006 0.917 0.021 
141   ZFCC50    (0)    4 :  0.004 0.004 0.004 0.004 0.004 0.003 0.005 0.970 0.003 
142   ZFCC51    (0)    4 :  0.003 0.004 0.004 0.003 0.003 0.006 0.005 0.969 0.003 
143   ZFCC52    (0)    4 :  0.006 0.004 0.009 0.005 0.004 0.006 0.004 0.952 0.009 
144   ZFCC53    (0)    4 :  0.003 0.004 0.004 0.003 0.003 0.004 0.005 0.972 0.003 
145  ZFCNS01    (0)    5 :  0.006 0.003 0.003 0.010 0.007 0.959 0.003 0.005 0.004 
146  ZFCNS02    (0)    5 :  0.003 0.003 0.005 0.003 0.003 0.967 0.003 0.008 0.005 
147  ZFCNS05    (0)    5 :  0.003 0.005 0.005 0.005 0.003 0.958 0.005 0.009 0.007 
148  ZFCNS06    (0)    5 :  0.003 0.004 0.006 0.004 0.003 0.963 0.004 0.009 0.005 
149  ZFCNS07    (0)    5 :  0.003 0.004 0.015 0.004 0.003 0.953 0.004 0.005 0.009 
150  ZFCNS10    (0)    5 :  0.003 0.003 0.005 0.003 0.003 0.972 0.003 0.004 0.004 
151  ZFCNS11    (0)    5 :  0.004 0.003 0.004 0.007 0.005 0.966 0.003 0.005 0.004 
152  ZFCNS15    (0)    5 :  0.003 0.004 0.005 0.003 0.004 0.965 0.004 0.004 0.010 
153  ZFCNS17    (0)    5 :  0.003 0.003 0.005 0.003 0.003 0.966 0.003 0.009 0.005 
154  ZFCNS18    (0)    5 :  0.003 0.003 0.004 0.003 0.003 0.972 0.003 0.005 0.004 
155  ZFCNS19    (0)    5 :  0.003 0.003 0.005 0.004 0.003 0.968 0.004 0.007 0.003 
156  ZFCNS20    (0)    5 :  0.003 0.003 0.012 0.004 0.004 0.952 0.003 0.009 0.010 
157  ZFCNS21    (0)    5 :  0.003 0.003 0.003 0.003 0.003 0.973 0.003 0.007 0.004 
158  ZFCNS22    (0)    5 :  0.003 0.005 0.005 0.005 0.003 0.955 0.004 0.007 0.013 
159  ZFCNS23    (0)    5 :  0.011 0.005 0.015 0.012 0.010 0.908 0.007 0.025 0.006 
160  ZFCNS24    (0)    5 :  0.003 0.003 0.005 0.004 0.004 0.957 0.003 0.018 0.005 
161  ZFCNS25    (0)    5 :  0.003 0.003 0.007 0.004 0.004 0.960 0.003 0.008 0.009 
162  ZFCNS26    (0)    5 :  0.002 0.004 0.004 0.003 0.003 0.970 0.004 0.003 0.005 
163  ZFCNS27    (0)    5 :  0.003 0.003 0.007 0.003 0.003 0.958 0.003 0.003 0.015 
164  ZFCNS28    (0)    5 :  0.003 0.005 0.005 0.004 0.003 0.966 0.004 0.006 0.004 
165  ZFCNS29    (0)    5 :  0.003 0.004 0.005 0.003 0.004 0.959 0.004 0.010 0.008 
166  ZFCNS30    (0)    5 :  0.003 0.003 0.003 0.004 0.003 0.966 0.004 0.008 0.004 
167  ZFCNS31    (0)    5 :  0.003 0.003 0.005 0.004 0.003 0.970 0.004 0.004 0.004 
168  ZFCNS32    (0)    5 :  0.003 0.003 0.005 0.004 0.003 0.968 0.004 0.006 0.004 
169  ZFCNS33    (0)    5 :  0.003 0.003 0.005 0.004 0.003 0.971 0.004 0.004 0.004 
170  ZFCNS34    (0)    5 :  0.003 0.003 0.004 0.004 0.003 0.955 0.004 0.018 0.005 
171  ZFCNS35    (0)    5 :  0.003 0.005 0.004 0.004 0.003 0.968 0.005 0.005 0.004 
172  ZFCNS36    (0)    5 :  0.003 0.003 0.007 0.004 0.003 0.934 0.003 0.038 0.006 
173  ZFCNS37    (0)    5 :  0.002 0.003 0.003 0.003 0.004 0.970 0.004 0.006 0.004 
174  ZFCNS39    (0)    5 :  0.003 0.002 0.006 0.004 0.003 0.969 0.003 0.007 0.003 
175  ZFCNS40    (0)    5 :  0.003 0.003 0.014 0.004 0.003 0.946 0.003 0.018 0.005 
176  ZFCNS41    (0)    5 :  0.004 0.004 0.004 0.010 0.006 0.947 0.005 0.010 0.011 
177  ZFCNS42    (0)    5 :  0.002 0.003 0.003 0.003 0.003 0.972 0.003 0.004 0.005 
178  ZFCNS43    (0)    5 :  0.003 0.003 0.003 0.003 0.003 0.970 0.003 0.007 0.004 
179  ZFCNS44    (0)    5 :  0.003 0.003 0.003 0.003 0.003 0.973 0.003 0.006 0.004 
180  ZFCNS46    (0)    5 :  0.003 0.003 0.004 0.004 0.004 0.967 0.003 0.006 0.006 
181  ZFCNS47    (0)    5 :  0.003 0.003 0.003 0.003 0.003 0.972 0.003 0.006 0.004 
182  ZFCNS48    (0)    5 :  0.003 0.003 0.004 0.003 0.003 0.969 0.003 0.005 0.005 
183  ZFCNS49    (0)    5 :  0.003 0.003 0.004 0.003 0.003 0.972 0.003 0.003 0.007 
184   ZFCR01    (0)    6 :  0.016 0.017 0.016 0.005 0.761 0.003 0.142 0.016 0.024 
185   ZFCR02    (0)    6 :  0.011 0.335 0.052 0.024 0.458 0.011 0.007 0.056 0.045 
186   ZFCR03    (0)    6 :  0.116 0.266 0.050 0.127 0.184 0.005 0.059 0.079 0.114 
187   ZFCR04    (0)    6 :  0.032 0.375 0.048 0.036 0.319 0.031 0.112 0.016 0.031 
188   ZFCR05    (0)    6 :  0.021 0.074 0.008 0.183 0.506 0.004 0.157 0.038 0.007 
189   ZFCR06    (0)    6 :  0.007 0.087 0.044 0.020 0.563 0.117 0.032 0.022 0.107 
190   ZFCR07    (0)    6 :  0.011 0.046 0.004 0.247 0.597 0.053 0.011 0.019 0.013 
191   ZFCR08    (0)    6 :  0.042 0.022 0.034 0.008 0.667 0.007 0.097 0.101 0.021 
192   ZFCR09    (0)    6 :  0.417 0.167 0.028 0.035 0.052 0.042 0.034 0.050 0.175 
193   ZFCR11    (0)    6 :  0.019 0.134 0.003 0.168 0.471 0.066 0.083 0.014 0.043 
194   ZFCR12    (0)    6 :  0.004 0.028 0.034 0.150 0.542 0.191 0.007 0.014 0.030 
195   ZFCR13    (0)    6 :  0.003 0.018 0.006 0.135 0.716 0.011 0.005 0.006 0.099 
196   ZFCR14    (0)    6 :  0.008 0.069 0.032 0.358 0.469 0.008 0.028 0.018 0.010 
197   ZFCR15    (0)    6 :  0.009 0.138 0.079 0.053 0.642 0.010 0.024 0.019 0.024 
198   ZFCR16    (0)    6 :  0.005 0.203 0.037 0.037 0.666 0.005 0.013 0.011 0.023 
199   ZFCR18    (0)    6 :  0.006 0.788 0.025 0.008 0.043 0.021 0.007 0.067 0.035 
200   ZFCR19    (0)    6 :  0.124 0.355 0.350 0.053 0.058 0.007 0.022 0.013 0.018 
201   ZFCR20    (0)    6 :  0.030 0.110 0.018 0.266 0.151 0.008 0.281 0.020 0.116 
202   ZFCR21    (0)    6 :  0.004 0.025 0.020 0.249 0.630 0.007 0.021 0.027 0.018 
203   ZFCR22    (0)    6 :  0.006 0.043 0.023 0.483 0.422 0.004 0.003 0.005 0.010 
204   ZFCR23    (0)    6 :  0.025 0.050 0.007 0.114 0.592 0.013 0.009 0.004 0.186 
205   ZFCR24    (9)    6 :  0.026 0.114 0.008 0.126 0.136 0.006 0.042 0.009 0.533 
206   ZFCR25    (0)    6 :  0.007 0.028 0.004 0.180 0.748 0.004 0.016 0.008 0.004 
207   ZFCR26    (0)    6 :  0.118 0.005 0.023 0.758 0.034 0.009 0.009 0.025 0.019 
208   ZFCR27    (9)    6 :  0.018 0.020 0.003 0.025 0.870 0.003 0.051 0.005 0.004 
209   ZFCR28    (0)    6 :  0.006 0.004 0.123 0.006 0.648 0.027 0.009 0.011 0.166 
210   ZFCR29    (0)    6 :  0.008 0.180 0.007 0.589 0.143 0.004 0.050 0.008 0.011 
211   ZFCR30    (0)    6 :  0.010 0.029 0.008 0.449 0.476 0.006 0.009 0.007 0.007 
212   ZFCR31    (0)    6 :  0.068 0.420 0.031 0.053 0.089 0.123 0.028 0.028 0.162 
213   ZFCR33    (0)    6 :  0.034 0.007 0.012 0.029 0.826 0.011 0.045 0.028 0.009 
214   ZFCR34    (0)    6 :  0.019 0.240 0.015 0.388 0.261 0.024 0.006 0.018 0.029 
215   ZFCR35    (0)    6 :  0.010 0.836 0.012 0.024 0.054 0.014 0.010 0.030 0.011 
216   ZFCR36    (0)    6 :  0.024 0.349 0.006 0.265 0.313 0.012 0.011 0.011 0.009 
217   ZFCR37    (0)    6 :  0.033 0.048 0.004 0.613 0.153 0.004 0.077 0.063 0.004 
218   ZFCR38    (0)    6 :  0.030 0.007 0.013 0.030 0.803 0.008 0.061 0.038 0.008 
219   ZFCR39    (0)    6 :  0.157 0.019 0.040 0.009 0.614 0.008 0.012 0.092 0.050 
220   ZFCR40    (0)    6 :  0.028 0.016 0.005 0.025 0.872 0.007 0.013 0.023 0.012 
221   ZFCR41    (0)    6 :  0.004 0.029 0.020 0.234 0.581 0.052 0.014 0.054 0.012 
222   ZFCR42    (0)    6 :  0.024 0.015 0.035 0.184 0.609 0.020 0.013 0.065 0.034 
223   ZFCR43    (0)    6 :  0.005 0.145 0.008 0.096 0.616 0.007 0.012 0.006 0.104 
224  ZFENP25    (0)    7 :  0.005 0.005 0.010 0.007 0.902 0.004 0.044 0.015 0.009 
225  ZFENP26    (0)    7 :  0.009 0.006 0.003 0.004 0.961 0.004 0.006 0.004 0.003 
226  ZFENP27    (0)    7 :  0.037 0.020 0.011 0.005 0.487 0.051 0.038 0.333 0.018 
227  ZFENP28    (0)    7 :  0.012 0.011 0.005 0.011 0.919 0.006 0.021 0.010 0.004 
228  ZFENP29    (0)    7 :  0.006 0.004 0.003 0.008 0.959 0.004 0.004 0.007 0.003 
229  ZFENP30    (0)    7 :  0.018 0.008 0.007 0.012 0.882 0.007 0.009 0.051 0.006 
230  ZFENP31    (0)    7 :  0.617 0.017 0.006 0.009 0.238 0.010 0.020 0.073 0.010 
231  ZFENP32    (0)    7 :  0.316 0.270 0.008 0.014 0.263 0.038 0.038 0.029 0.025 
232  ZFENP33    (0)    7 :  0.026 0.014 0.003 0.053 0.825 0.007 0.056 0.009 0.007 
233  ZFENP34    (0)    7 :  0.015 0.035 0.006 0.007 0.254 0.013 0.615 0.044 0.011 
234  ZFENP35    (0)    7 :  0.032 0.016 0.005 0.010 0.894 0.020 0.008 0.006 0.009 
235  ZFENP36    (0)    7 :  0.014 0.010 0.002 0.010 0.944 0.007 0.006 0.003 0.003 
236  ZFENP37    (0)    7 :  0.091 0.016 0.004 0.033 0.471 0.010 0.359 0.009 0.008 
237  ZFENP38    (0)    7 :  0.031 0.013 0.005 0.492 0.382 0.013 0.031 0.028 0.006 
238  ZFENP39    (0)    7 :  0.013 0.013 0.003 0.011 0.920 0.005 0.023 0.008 0.004 
239  ZFENP40    (0)    7 :  0.030 0.017 0.004 0.006 0.903 0.005 0.019 0.008 0.008 
240  ZFENP41    (0)    7 :  0.016 0.016 0.006 0.006 0.874 0.007 0.016 0.052 0.006 
241  ZFENP42    (0)    7 :  0.132 0.003 0.005 0.031 0.811 0.004 0.004 0.006 0.003 
242  ZFENP43    (0)    7 :  0.027 0.008 0.005 0.091 0.727 0.062 0.032 0.039 0.009 
243  ZFENP44    (0)    7 :  0.082 0.005 0.003 0.027 0.820 0.015 0.016 0.025 0.007 
244  ZFENP45    (0)    7 :  0.084 0.009 0.300 0.048 0.482 0.011 0.010 0.026 0.031 
245  ZFENP46    (0)    7 :  0.032 0.009 0.004 0.070 0.814 0.014 0.040 0.004 0.013 
246  ZFENP47    (0)    7 :  0.337 0.047 0.142 0.007 0.360 0.004 0.017 0.073 0.013 
247  ZFENP48    (0)    7 :  0.047 0.014 0.022 0.025 0.167 0.015 0.591 0.097 0.023 
248  ZFENP49    (0)    7 :  0.012 0.042 0.017 0.016 0.853 0.007 0.005 0.030 0.017 
249  ZFENP50    (0)    7 :  0.028 0.006 0.007 0.047 0.865 0.007 0.006 0.005 0.028 
250  ZFENP51    (0)    7 :  0.344 0.031 0.046 0.020 0.523 0.005 0.016 0.010 0.004 
251  ZFENP52    (0)    7 :  0.008 0.003 0.004 0.011 0.941 0.015 0.004 0.010 0.004 
252  ZFENP53    (0)    7 :  0.016 0.006 0.023 0.026 0.869 0.015 0.009 0.008 0.028 
253  ZFENP54    (0)    7 :  0.009 0.022 0.011 0.025 0.855 0.009 0.009 0.025 0.036 
254  ZFENP55    (0)    7 :  0.022 0.042 0.003 0.664 0.228 0.004 0.028 0.004 0.005 
255  ZFENP56    (0)    7 :  0.015 0.016 0.006 0.115 0.813 0.013 0.010 0.009 0.004 
256  ZFENP57    (0)    7 :  0.071 0.011 0.002 0.017 0.861 0.010 0.019 0.005 0.004 
257  ZFENP58    (0)    7 :  0.016 0.023 0.110 0.033 0.702 0.017 0.006 0.083 0.010 
258  ZFENP59    (0)    7 :  0.038 0.011 0.004 0.009 0.858 0.005 0.010 0.062 0.005 
259  ZFENP60    (0)    7 :  0.013 0.030 0.010 0.012 0.877 0.006 0.032 0.010 0.009 
260  ZFENP61    (0)    7 :  0.009 0.018 0.003 0.010 0.921 0.004 0.020 0.012 0.003 
261 ZFFDSP01    (0)    8 :  0.003 0.007 0.019 0.007 0.003 0.028 0.005 0.005 0.924 
262 ZFFDSP02    (0)    8 :  0.002 0.003 0.006 0.004 0.003 0.006 0.004 0.004 0.968 
263 ZFFDSP04    (0)    8 :  0.002 0.004 0.013 0.005 0.002 0.005 0.005 0.004 0.959 
264 ZFFDSP05    (0)    8 :  0.003 0.004 0.009 0.007 0.004 0.014 0.003 0.004 0.952 
265 ZFFDSP06    (0)    8 :  0.002 0.002 0.013 0.005 0.002 0.005 0.004 0.006 0.960 
266 ZFFDSP07    (0)    8 :  0.005 0.003 0.034 0.008 0.005 0.005 0.004 0.018 0.917 
267 ZFFDSP08    (0)    8 :  0.004 0.003 0.073 0.011 0.005 0.019 0.004 0.015 0.867 
268 ZFFDSP10    (0)    8 :  0.004 0.004 0.010 0.006 0.004 0.011 0.004 0.004 0.953 
269 ZFFDSP11    (0)    8 :  0.003 0.004 0.009 0.007 0.003 0.005 0.004 0.005 0.959 
270 ZFFDSP12    (0)    8 :  0.003 0.002 0.010 0.004 0.003 0.006 0.003 0.004 0.967 
271 ZFFDSP13    (0)    8 :  0.004 0.004 0.006 0.013 0.006 0.447 0.004 0.017 0.499 
272 ZFFDSP14    (0)    8 :  0.003 0.003 0.018 0.007 0.003 0.005 0.006 0.006 0.949 
273 ZFFDSP16    (0)    8 :  0.004 0.006 0.004 0.007 0.006 0.012 0.007 0.007 0.948 
274 ZFFDSP17    (0)    8 :  0.002 0.003 0.010 0.007 0.003 0.007 0.005 0.005 0.957 
275 ZFFDSP18    (0)    8 :  0.003 0.005 0.015 0.005 0.003 0.006 0.008 0.006 0.949 
276 ZFFDSP19    (0)    8 :  0.003 0.004 0.027 0.005 0.004 0.072 0.009 0.019 0.857 
277 ZFFDSP21    (0)    8 :  0.002 0.003 0.007 0.004 0.003 0.119 0.004 0.013 0.845 
278 ZFFDSP22    (0)    8 :  0.002 0.002 0.079 0.006 0.003 0.006 0.003 0.005 0.892 
279 ZFFDSP23    (0)    8 :  0.002 0.002 0.115 0.006 0.003 0.022 0.003 0.004 0.841 
280 ZFFDSP24    (0)    8 :  0.003 0.006 0.006 0.006 0.003 0.041 0.004 0.006 0.924 
281 ZFFDSP26    (9)    8 :  0.003 0.003 0.012 0.006 0.003 0.013 0.004 0.005 0.952 
282 ZFFDSP27    (0)    8 :  0.003 0.004 0.006 0.004 0.003 0.011 0.006 0.004 0.958 
283 ZFFDSP28    (0)    8 :  0.016 0.041 0.007 0.014 0.009 0.010 0.033 0.008 0.860 
284 ZFFDSP30    (0)    8 :  0.007 0.061 0.011 0.009 0.005 0.219 0.008 0.007 0.673 
285 ZFFDSP31    (0)    8 :  0.002 0.003 0.007 0.005 0.004 0.011 0.009 0.006 0.952 
286 ZFFDSP32    (0)    8 :  0.003 0.003 0.006 0.004 0.003 0.007 0.005 0.004 0.966 
287 ZFFDSP33    (0)    8 :  0.003 0.003 0.006 0.003 0.003 0.007 0.003 0.002 0.969 
288 ZFFDSP34    (0)    8 :  0.002 0.003 0.011 0.005 0.003 0.008 0.004 0.006 0.957 
289 ZFFDSP35    (0)    8 :  0.002 0.005 0.007 0.005 0.003 0.013 0.004 0.004 0.956 
290 ZFFDSP37    (0)    8 :  0.003 0.004 0.004 0.004 0.003 0.008 0.005 0.003 0.966 
291 ZFFDSP38    (0)    8 :  0.003 0.005 0.005 0.004 0.003 0.008 0.004 0.004 0.963 
292 ZFFDSP39    (0)    8 :  0.002 0.004 0.008 0.003 0.003 0.044 0.003 0.003 0.930 
293 ZFFDSP40    (0)    8 :  0.003 0.005 0.005 0.004 0.003 0.032 0.004 0.003 0.941 
294 ZFFDSP42    (0)    8 :  0.002 0.004 0.059 0.006 0.003 0.022 0.004 0.005 0.895 
295 ZFFDSP43    (0)    8 :  0.002 0.004 0.009 0.003 0.003 0.014 0.004 0.004 0.957 
296 ZFFDSP44    (0)    8 :  0.003 0.006 0.005 0.005 0.003 0.023 0.005 0.004 0.946 
297 ZFFDSP45    (0)    8 :  0.002 0.004 0.006 0.005 0.003 0.011 0.004 0.005 0.960 
298 ZFFDSP46    (0)    8 :  0.002 0.004 0.010 0.005 0.003 0.016 0.004 0.005 0.950 
299 ZFFDSP47    (0)    8 :  0.003 0.004 0.017 0.006 0.003 0.194 0.003 0.004 0.765 
300 ZFFDSP48    (0)    8 :  0.003 0.004 0.007 0.005 0.003 0.095 0.004 0.004 0.875 
301    ZFI01    (0)    9 :  0.030 0.885 0.004 0.010 0.010 0.006 0.040 0.011 0.005 
302    ZFI02    (0)    9 :  0.012 0.937 0.005 0.006 0.005 0.006 0.020 0.004 0.005 
303    ZFI03    (0)    9 :  0.005 0.919 0.003 0.007 0.006 0.006 0.042 0.006 0.004 
304    ZFI04    (0)    9 :  0.016 0.159 0.003 0.006 0.006 0.005 0.797 0.004 0.004 
305    ZFI05    (0)    9 :  0.005 0.956 0.003 0.005 0.006 0.010 0.007 0.005 0.004 
306    ZFI06    (0)    9 :  0.013 0.817 0.003 0.011 0.024 0.080 0.028 0.005 0.020 
307    ZFI07    (0)    9 :  0.005 0.332 0.003 0.006 0.005 0.005 0.636 0.005 0.003 
308    ZFI08    (0)    9 :  0.010 0.858 0.003 0.010 0.010 0.004 0.094 0.007 0.004 
309    ZFI09    (0)    9 :  0.009 0.943 0.003 0.006 0.007 0.006 0.018 0.005 0.004 
310    ZFI10    (0)    9 :  0.011 0.914 0.004 0.007 0.007 0.022 0.024 0.005 0.006 
311    ZFI11    (0)    9 :  0.018 0.829 0.003 0.007 0.006 0.007 0.120 0.006 0.004 
312    ZFI12    (0)    9 :  0.005 0.860 0.004 0.012 0.007 0.009 0.093 0.007 0.005 
313    ZFI13    (0)    9 :  0.008 0.940 0.003 0.006 0.008 0.006 0.019 0.008 0.004 
314    ZFI14    (0)    9 :  0.005 0.955 0.003 0.004 0.004 0.007 0.010 0.005 0.008 
315    ZFI15    (0)    9 :  0.004 0.964 0.002 0.004 0.006 0.004 0.009 0.004 0.004 
316    ZFI16    (0)    9 :  0.003 0.955 0.003 0.005 0.005 0.004 0.018 0.004 0.004 
317    ZFI17    (0)    9 :  0.008 0.907 0.003 0.006 0.008 0.008 0.051 0.005 0.004 
318    ZFI18    (0)    9 :  0.007 0.953 0.002 0.004 0.007 0.005 0.016 0.003 0.003 
319    ZFI19    (9)    9 :  0.004 0.962 0.002 0.006 0.005 0.004 0.011 0.003 0.003 
320    ZFI20    (0)    9 :  0.004 0.963 0.003 0.005 0.004 0.005 0.009 0.004 0.005 
321    ZFI21    (0)    9 :  0.003 0.959 0.003 0.004 0.003 0.009 0.006 0.003 0.009 
322    ZFI22    (0)    9 :  0.009 0.933 0.004 0.005 0.004 0.004 0.029 0.008 0.005 
323    ZFI23    (0)    9 :  0.004 0.932 0.003 0.006 0.005 0.006 0.036 0.005 0.004 
324    ZFI24    (0)    9 :  0.005 0.901 0.004 0.010 0.006 0.009 0.053 0.008 0.005 
325    ZFI25    (0)    9 :  0.004 0.910 0.004 0.006 0.007 0.005 0.050 0.008 0.005 
326    ZFI26    (0)    9 :  0.004 0.872 0.003 0.008 0.007 0.005 0.088 0.009 0.004 
327    ZFI27    (0)    9 :  0.005 0.905 0.003 0.012 0.007 0.020 0.038 0.006 0.005 
328    ZFK01    (0)    9 :  0.011 0.005 0.007 0.010 0.010 0.012 0.005 0.932 0.008 
329    ZFK02    (0)   10 :  0.007 0.008 0.006 0.014 0.011 0.012 0.005 0.929 0.009 
330    ZFK03    (0)   10 :  0.018 0.007 0.006 0.009 0.009 0.008 0.006 0.929 0.009 
331    ZFK04    (0)   10 :  0.081 0.017 0.006 0.012 0.011 0.009 0.009 0.849 0.007 
332    ZFK05    (0)   10 :  0.173 0.011 0.005 0.006 0.012 0.009 0.010 0.769 0.005 
333    ZFK06    (0)   10 :  0.014 0.018 0.004 0.010 0.025 0.006 0.012 0.905 0.007 
334    ZFK07    (0)   10 :  0.023 0.004 0.008 0.013 0.009 0.012 0.004 0.918 0.009 
335    ZFK08    (0)   10 :  0.131 0.022 0.006 0.056 0.043 0.006 0.010 0.716 0.010 
336    ZFK10    (0)   10 :  0.019 0.018 0.005 0.012 0.012 0.007 0.010 0.908 0.008 
337    ZFK11    (0)   10 :  0.043 0.007 0.004 0.011 0.025 0.008 0.007 0.887 0.007 
338    ZFK12    (0)   10 :  0.011 0.004 0.013 0.031 0.011 0.010 0.004 0.905 0.012 
339    ZFK13    (0)   10 :  0.040 0.004 0.014 0.017 0.012 0.016 0.004 0.849 0.043 
340    ZFK14    (0)   10 :  0.012 0.004 0.008 0.008 0.006 0.012 0.004 0.933 0.013 
341    ZFK15    (0)   10 :  0.129 0.008 0.009 0.013 0.017 0.019 0.006 0.753 0.047 
342    ZFK16    (0)   10 :  0.014 0.003 0.011 0.014 0.007 0.012 0.004 0.916 0.019 
343   ZFLB01    (0)   11 :  0.951 0.008 0.003 0.004 0.006 0.009 0.006 0.003 0.010 
344   ZFLB02    (0)   11 :  0.840 0.008 0.004 0.009 0.074 0.004 0.052 0.003 0.004 
345   ZFLB03    (0)   11 :  0.819 0.007 0.006 0.009 0.101 0.038 0.009 0.005 0.006 
346   ZFLB04    (0)   11 :  0.730 0.024 0.006 0.005 0.006 0.195 0.006 0.007 0.021 
347   ZFLB05    (0)   11 :  0.938 0.014 0.003 0.004 0.008 0.017 0.006 0.003 0.006 
348   ZFLB06    (0)   11 :  0.955 0.004 0.004 0.004 0.008 0.005 0.004 0.009 0.006 
349   ZFLB07    (0)   11 :  0.680 0.007 0.012 0.023 0.069 0.152 0.005 0.026 0.027 
350   ZFLB08    (0)   11 :  0.872 0.012 0.004 0.012 0.046 0.007 0.038 0.004 0.005 
351   ZFLB09    (9)   11 :  0.962 0.006 0.003 0.004 0.006 0.004 0.005 0.006 0.005 
352   ZFLB10    (0)   11 :  0.965 0.006 0.002 0.003 0.005 0.006 0.003 0.004 0.004 
353   ZFLB11    (0)   11 :  0.948 0.003 0.008 0.007 0.007 0.006 0.003 0.012 0.006 
354   ZFLB12    (0)   11 :  0.967 0.004 0.002 0.003 0.007 0.003 0.005 0.005 0.003 
355   ZFLB13    (0)   11 :  0.890 0.004 0.004 0.014 0.043 0.013 0.008 0.012 0.012 
356  ZFLTI01    (0)   12 :  0.003 0.004 0.026 0.015 0.005 0.711 0.005 0.052 0.179 
357  ZFLTI02    (0)   12 :  0.002 0.003 0.015 0.008 0.005 0.890 0.010 0.039 0.027 
358  ZFLTI03    (0)   12 :  0.002 0.003 0.013 0.007 0.003 0.935 0.006 0.008 0.022 
359  ZFLTI04    (0)   12 :  0.003 0.005 0.008 0.011 0.004 0.920 0.006 0.009 0.034 
360  ZFLTI05    (0)   12 :  0.002 0.003 0.006 0.004 0.003 0.949 0.006 0.006 0.021 
361  ZFLTI06    (0)   12 :  0.003 0.006 0.023 0.006 0.003 0.799 0.005 0.008 0.148 
362  ZFLTI07    (0)   12 :  0.002 0.006 0.007 0.008 0.005 0.830 0.006 0.010 0.125 
363  ZFLTI08    (0)   12 :  0.002 0.004 0.006 0.009 0.004 0.945 0.012 0.006 0.012 
364  ZFLTI09    (0)   12 :  0.003 0.005 0.006 0.007 0.003 0.828 0.016 0.007 0.124 
365  ZFLTI10    (0)   12 :  0.002 0.004 0.007 0.007 0.004 0.635 0.011 0.018 0.311 
366  ZFLTI11    (0)   12 :  0.003 0.003 0.032 0.005 0.003 0.874 0.007 0.007 0.065 
367  ZFLTI12    (0)   12 :  0.002 0.003 0.028 0.007 0.004 0.868 0.008 0.021 0.059 
368  ZFLTI13    (0)   12 :  0.003 0.004 0.012 0.011 0.004 0.933 0.005 0.016 0.012 
369  ZFLTI14    (0)   12 :  0.002 0.003 0.005 0.005 0.004 0.909 0.011 0.038 0.021 
370 ZFONF101    (0)   13 :  0.002 0.002 0.008 0.003 0.002 0.004 0.003 0.002 0.973 
371 ZFONF102    (0)   13 :  0.011 0.005 0.024 0.005 0.008 0.004 0.004 0.003 0.935 
372 ZFONF103    (0)   13 :  0.003 0.004 0.018 0.008 0.006 0.075 0.006 0.015 0.865 
373 ZFONF104    (0)   13 :  0.002 0.002 0.030 0.003 0.002 0.005 0.003 0.004 0.950 
374 ZFONF105    (0)   13 :  0.003 0.003 0.145 0.004 0.004 0.025 0.003 0.005 0.808 
375 ZFONF106    (0)   13 :  0.002 0.003 0.008 0.002 0.002 0.004 0.006 0.004 0.969 
376 ZFONF107    (0)   13 :  0.049 0.015 0.011 0.007 0.041 0.013 0.018 0.015 0.830 
377 ZFONF108    (0)   13 :  0.008 0.004 0.010 0.004 0.008 0.022 0.008 0.019 0.917 
378 ZFONF109    (9)   13 :  0.006 0.003 0.030 0.004 0.005 0.014 0.007 0.015 0.916 
379 ZFONF110    (0)   13 :  0.002 0.002 0.015 0.003 0.002 0.007 0.003 0.005 0.962 
380 ZFONF111    (0)   13 :  0.017 0.008 0.020 0.021 0.024 0.012 0.011 0.008 0.879 
381 ZFONF112    (0)   13 :  0.003 0.003 0.215 0.003 0.003 0.015 0.014 0.008 0.736 
382 ZFONF113    (9)   13 :  0.004 0.002 0.010 0.007 0.005 0.012 0.004 0.006 0.951 
383 ZFONF115    (0)   13 :  0.003 0.003 0.022 0.004 0.003 0.011 0.008 0.006 0.941 
384 ZFONF116    (0)   13 :  0.003 0.004 0.026 0.005 0.004 0.010 0.007 0.006 0.935 
385 ZFONF117    (0)   13 :  0.004 0.004 0.051 0.005 0.006 0.376 0.006 0.010 0.538 
386 ZFONF118    (0)   13 :  0.002 0.004 0.013 0.006 0.003 0.015 0.011 0.009 0.936 
387 ZFONF119    (0)   13 :  0.006 0.003 0.022 0.005 0.004 0.005 0.003 0.011 0.941 
388 ZFONF120    (0)   13 :  0.006 0.003 0.044 0.011 0.004 0.005 0.003 0.024 0.899 
389 ZFONF121    (0)   13 :  0.005 0.004 0.135 0.005 0.003 0.008 0.004 0.005 0.830 
390 ZFONF122    (0)   13 :  0.003 0.005 0.008 0.010 0.006 0.057 0.010 0.023 0.878 
391 ZFONF123    (0)   13 :  0.036 0.007 0.041 0.005 0.015 0.004 0.005 0.006 0.882 
392 ZFONF124    (0)   13 :  0.006 0.002 0.030 0.003 0.004 0.008 0.004 0.008 0.934 
393 ZFONF125    (0)   13 :  0.040 0.008 0.175 0.012 0.031 0.009 0.005 0.039 0.681 
394 ZFONF126    (0)   13 :  0.003 0.004 0.008 0.008 0.004 0.014 0.007 0.013 0.939 
395 ZFONF201    (0)   14 :  0.025 0.091 0.657 0.011 0.013 0.012 0.071 0.035 0.085 
396 ZFONF202    (0)   14 :  0.002 0.003 0.926 0.006 0.003 0.005 0.004 0.009 0.041 
397 ZFONF203    (0)   14 :  0.003 0.003 0.958 0.011 0.004 0.004 0.004 0.006 0.007 
398 ZFONF204    (0)   14 :  0.008 0.006 0.919 0.006 0.009 0.006 0.009 0.031 0.006 
399 ZFONF206    (0)   14 :  0.013 0.011 0.916 0.007 0.023 0.004 0.011 0.010 0.006 
400 ZFONF207    (0)   14 :  0.003 0.003 0.964 0.006 0.004 0.005 0.004 0.004 0.007 
401 ZFONF208    (0)   14 :  0.004 0.005 0.895 0.008 0.004 0.013 0.005 0.009 0.057 
402 ZFONF209    (0)   14 :  0.008 0.011 0.904 0.007 0.007 0.011 0.013 0.030 0.009 
403 ZFONF210    (0)   14 :  0.002 0.003 0.964 0.003 0.002 0.009 0.003 0.004 0.010 
404 ZFONF211    (0)   14 :  0.015 0.004 0.887 0.014 0.009 0.020 0.004 0.014 0.032 
405 ZFONF212    (0)   14 :  0.003 0.003 0.964 0.003 0.002 0.008 0.003 0.003 0.011 
406 ZFONF214    (0)   14 :  0.006 0.002 0.928 0.013 0.005 0.005 0.003 0.007 0.031 
407 ZFONF215    (0)   14 :  0.002 0.002 0.964 0.004 0.003 0.005 0.003 0.005 0.013 
408 ZFONF216    (0)   14 :  0.003 0.002 0.970 0.005 0.003 0.006 0.002 0.004 0.005 
409 ZFONF217    (0)   14 :  0.003 0.002 0.932 0.004 0.003 0.005 0.004 0.005 0.041 
410 ZFONF218    (0)   14 :  0.007 0.003 0.959 0.005 0.008 0.006 0.003 0.004 0.005 
411 ZFONF219    (0)   14 :  0.002 0.002 0.979 0.002 0.002 0.003 0.002 0.003 0.004 
412 ZFONF220    (0)   14 :  0.003 0.002 0.950 0.005 0.003 0.004 0.006 0.005 0.021 
413 ZFONF222    (0)   14 :  0.007 0.003 0.965 0.006 0.005 0.004 0.003 0.003 0.004 
414 ZFONF223    (0)   14 :  0.009 0.004 0.956 0.007 0.007 0.003 0.004 0.004 0.007 
415 ZFONF224    (0)   14 :  0.002 0.002 0.977 0.003 0.003 0.004 0.002 0.003 0.004 
416 ZFONF225    (0)   14 :  0.002 0.002 0.972 0.003 0.002 0.004 0.002 0.004 0.008 
417 ZFONF226    (0)   14 :  0.003 0.003 0.962 0.008 0.003 0.005 0.003 0.006 0.008 
418 ZFONF227    (0)   14 :  0.002 0.002 0.979 0.003 0.002 0.003 0.002 0.003 0.005 
419 ZFONF228    (0)   14 :  0.004 0.004 0.950 0.005 0.005 0.011 0.006 0.005 0.011 
420 ZFONF230    (0)   14 :  0.002 0.002 0.965 0.003 0.002 0.005 0.002 0.004 0.014 
421 ZFONF231    (0)   14 :  0.004 0.002 0.957 0.010 0.004 0.006 0.003 0.007 0.008 
422 ZFONF232    (0)   14 :  0.002 0.002 0.975 0.003 0.002 0.004 0.003 0.003 0.007 
