

----------------------------------------------------
STRUCTURE by Pritchard, Stephens and Donnelly (2000)
     and Falush, Stephens and Pritchard (2003)
       Code by Pritchard, Falush and Hubisz
             Version 2.3.4 (Jul 2012)
----------------------------------------------------



Command line arguments:   bin\structure -m C:\Users\eschumacher\Documents\GitHub\GCC_QUAC_ZAIN\Data_Files\Structure_Files\ZAIN\ZAIN_rebinned_wild\50-50\mainparams -e C:\Users\eschumacher\Documents\GitHub\GCC_QUAC_ZAIN\Data_Files\Structure_Files\ZAIN\ZAIN_rebinned_wild\50-50\extraparams 
Input File:    C:\Users\eschumacher\Documents\GitHub\GCC_QUAC_ZAIN\Data_Files\Structure_Files\ZAIN\ZAIN_rebinned_wild\project_data

Run parameters:
   751 individuals
   11 loci
   11 populations assumed
   50000 Burn-in period
   50000 Reps


--------------------------------------------
Proportion of membership of each pre-defined
 population in each of the 11 clusters

Given    Inferred Clusters                                                               Number of
 Pop       1      2      3      4      5      6      7      8      9     10     11      Individuals

  1:     0.010  0.005  0.013  0.006  0.864  0.007  0.007  0.011  0.038  0.035  0.004       35
  2:     0.008  0.021  0.006  0.161  0.006  0.283  0.026  0.459  0.010  0.005  0.015       36
  3:     0.015  0.026  0.006  0.078  0.005  0.226  0.009  0.601  0.006  0.006  0.023       33
  4:     0.007  0.008  0.005  0.007  0.007  0.008  0.913  0.010  0.007  0.020  0.009       40
  5:     0.006  0.009  0.005  0.038  0.004  0.007  0.006  0.007  0.003  0.003  0.911       39
  6:     0.057  0.014  0.113  0.021  0.040  0.018  0.020  0.033  0.638  0.031  0.015       40
  7:     0.045  0.024  0.669  0.010  0.043  0.011  0.031  0.011  0.077  0.067  0.011       37
  8:     0.006  0.017  0.003  0.086  0.005  0.103  0.006  0.755  0.004  0.003  0.012       40
  9:     0.005  0.003  0.006  0.005  0.902  0.004  0.037  0.005  0.013  0.007  0.012       28
 10:     0.019  0.008  0.018  0.012  0.008  0.022  0.827  0.012  0.009  0.057  0.008       14
 11:     0.007  0.005  0.051  0.012  0.011  0.007  0.007  0.008  0.006  0.849  0.038       13
 12:     0.006  0.008  0.004  0.899  0.005  0.015  0.019  0.012  0.004  0.002  0.026       14
 13:     0.006  0.018  0.005  0.014  0.004  0.885  0.007  0.046  0.004  0.005  0.007       25
 14:     0.006  0.922  0.006  0.009  0.006  0.010  0.008  0.018  0.005  0.005  0.006       40
 15:     0.017  0.007  0.010  0.053  0.019  0.018  0.804  0.021  0.026  0.008  0.016       32
 16:     0.004  0.004  0.006  0.004  0.003  0.005  0.004  0.004  0.003  0.959  0.004       20
 17:     0.137  0.005  0.026  0.008  0.349  0.007  0.009  0.012  0.437  0.007  0.004        4
 18:     0.010  0.007  0.007  0.008  0.335  0.010  0.009  0.026  0.568  0.014  0.005       23
 19:     0.009  0.004  0.015  0.005  0.912  0.005  0.008  0.006  0.023  0.006  0.006       39
 20:     0.011  0.004  0.011  0.005  0.062  0.005  0.006  0.006  0.018  0.868  0.004       38
 21:     0.012  0.049  0.006  0.726  0.005  0.026  0.009  0.045  0.005  0.005  0.112       45
 22:     0.008  0.020  0.011  0.382  0.005  0.172  0.018  0.244  0.005  0.009  0.125       28
 23:     0.006  0.006  0.020  0.004  0.898  0.005  0.006  0.005  0.036  0.008  0.006        6
 24:     0.880  0.013  0.026  0.012  0.016  0.007  0.006  0.007  0.017  0.006  0.011       40
 25:     0.018  0.011  0.819  0.021  0.014  0.010  0.011  0.008  0.031  0.048  0.010       42
--------------------------------------------

Allele-freq. divergence among pops (Net nucleotide distance),
computed using point estimates of P.

      1       2       3       4       5       6       7       8       9      10      11      
 1      -    0.1851  0.1144  0.1294  0.1904  0.1840  0.1549  0.1784  0.1206  0.2491  0.2487  
 2   0.1851     -    0.2778  0.1303  0.3564  0.1048  0.1886  0.1379  0.2108  0.3515  0.2933  
 3   0.1144  0.2778     -    0.1637  0.1010  0.1922  0.1220  0.2131  0.0714  0.1040  0.2001  
 4   0.1294  0.1303  0.1637     -    0.2479  0.0793  0.1448  0.0632  0.1548  0.2856  0.1340  
 5   0.1904  0.3564  0.1010  0.2479     -    0.2497  0.1632  0.2459  0.0715  0.1689  0.2773  
 6   0.1840  0.1048  0.1922  0.0793  0.2497     -    0.1661  0.0490  0.1495  0.2787  0.2285  
 7   0.1549  0.1886  0.1220  0.1448  0.1632  0.1661     -    0.2008  0.1094  0.2168  0.1777  
 8   0.1784  0.1379  0.2131  0.0632  0.2459  0.0490  0.2008     -    0.1472  0.2957  0.2607  
 9   0.1206  0.2108  0.0714  0.1548  0.0715  0.1495  0.1094  0.1472     -    0.1437  0.2612  
10   0.2491  0.3515  0.1040  0.2856  0.1689  0.2787  0.2168  0.2957  0.1437     -    0.3601  
11   0.2487  0.2933  0.2001  0.1340  0.2773  0.2285  0.1777  0.2607  0.2612  0.3601     -    

Average distances (expected heterozygosity) between individuals in same cluster:
cluster  1  : 0.3912 
cluster  2  : 0.3635 
cluster  3  : 0.5304 
cluster  4  : 0.4262 
cluster  5  : 0.4439 
cluster  6  : 0.4161 
cluster  7  : 0.4270 
cluster  8  : 0.3664 
cluster  9  : 0.6017 
cluster 10  : 0.4220 
cluster 11  : 0.2266 

--------------------------------------------
Estimated Ln Prob of Data   = -13657.4
Mean value of ln likelihood = -13253.9
Variance of ln likelihood   = 807.1
Mean value of alpha         = 0.0318

Mean value of Fst_1         = 0.4190
Mean value of Fst_2         = 0.4354
Mean value of Fst_3         = 0.1568
Mean value of Fst_4         = 0.4127
Mean value of Fst_5         = 0.4127
Mean value of Fst_6         = 0.3439
Mean value of Fst_7         = 0.4106
Mean value of Fst_8         = 0.4229
Mean value of Fst_9         = 0.1592
Mean value of Fst_10         = 0.4320
Mean value of Fst_11         = 0.6634


Inferred ancestry of individuals:
        Label (%Miss) Pop:  Inferred clusters
  1    ZFB01    (0)    1 :  0.003 0.003 0.004 0.003 0.959 0.004 0.004 0.005 0.005 0.007 0.003 
  2    ZFB02    (0)    1 :  0.005 0.003 0.007 0.003 0.829 0.003 0.009 0.004 0.085 0.049 0.002 
  3    ZFB03    (0)    1 :  0.006 0.003 0.006 0.005 0.941 0.004 0.005 0.006 0.013 0.004 0.008 
  4    ZFB04    (0)    1 :  0.003 0.002 0.006 0.003 0.842 0.003 0.006 0.005 0.067 0.059 0.002 
  5    ZFB05    (0)    1 :  0.034 0.009 0.056 0.005 0.689 0.003 0.009 0.003 0.013 0.171 0.008 
  6    ZFB06    (0)    1 :  0.024 0.012 0.057 0.005 0.786 0.003 0.007 0.002 0.015 0.080 0.009 
  7    ZFB07    (9)    1 :  0.004 0.003 0.011 0.005 0.941 0.005 0.004 0.009 0.005 0.007 0.005 
  8    ZFB08    (0)    1 :  0.030 0.010 0.006 0.009 0.884 0.011 0.008 0.012 0.019 0.006 0.005 
  9    ZFB09    (0)    1 :  0.004 0.002 0.004 0.003 0.963 0.003 0.003 0.003 0.008 0.004 0.003 
 10    ZFB10    (0)    1 :  0.006 0.008 0.004 0.013 0.806 0.017 0.008 0.045 0.079 0.013 0.002 
 11    ZFB11    (0)    1 :  0.003 0.003 0.004 0.004 0.924 0.008 0.007 0.010 0.018 0.017 0.002 
 12    ZFB12    (0)    1 :  0.028 0.003 0.014 0.007 0.848 0.005 0.004 0.011 0.041 0.031 0.006 
 13    ZFB13    (0)    1 :  0.015 0.007 0.009 0.008 0.743 0.014 0.006 0.014 0.172 0.008 0.005 
 14    ZFB14    (0)    1 :  0.004 0.003 0.003 0.004 0.926 0.005 0.005 0.007 0.036 0.004 0.003 
 15    ZFB15    (0)    1 :  0.004 0.002 0.004 0.003 0.959 0.002 0.003 0.003 0.007 0.012 0.002 
 16    ZFB16    (0)    1 :  0.013 0.005 0.007 0.009 0.887 0.009 0.005 0.011 0.033 0.018 0.003 
 17    ZFB17    (0)    1 :  0.036 0.010 0.010 0.010 0.828 0.007 0.019 0.011 0.039 0.028 0.002 
 18    ZFB18    (0)    1 :  0.003 0.003 0.003 0.003 0.938 0.003 0.004 0.005 0.031 0.004 0.003 
 19    ZFB19    (0)    1 :  0.014 0.008 0.014 0.023 0.519 0.024 0.004 0.047 0.333 0.008 0.006 
 20    ZFB20    (0)    1 :  0.013 0.005 0.007 0.007 0.861 0.008 0.006 0.011 0.027 0.051 0.003 
 21    ZFB21    (0)    1 :  0.004 0.002 0.007 0.002 0.960 0.003 0.003 0.003 0.004 0.009 0.003 
 22    ZFB22    (0)    1 :  0.012 0.009 0.008 0.010 0.846 0.007 0.007 0.013 0.017 0.069 0.003 
 23    ZFB23    (0)    1 :  0.003 0.003 0.005 0.005 0.912 0.007 0.006 0.008 0.019 0.028 0.004 
 24    ZFB24    (0)    1 :  0.003 0.003 0.005 0.003 0.918 0.007 0.004 0.007 0.008 0.039 0.003 
 25    ZFB25    (0)    1 :  0.003 0.004 0.003 0.009 0.919 0.010 0.005 0.032 0.007 0.005 0.003 
 26    ZFB26    (0)    1 :  0.003 0.004 0.008 0.007 0.866 0.015 0.007 0.019 0.005 0.063 0.003 
 27    ZFB27    (0)    1 :  0.002 0.003 0.005 0.004 0.881 0.006 0.005 0.009 0.009 0.073 0.002 
 28    ZFB28    (0)    1 :  0.016 0.003 0.050 0.007 0.734 0.008 0.013 0.009 0.062 0.094 0.006 
 29    ZFB29    (0)    1 :  0.003 0.002 0.006 0.002 0.896 0.005 0.008 0.004 0.049 0.022 0.002 
 30    ZFB30    (0)    1 :  0.012 0.012 0.063 0.008 0.738 0.006 0.004 0.005 0.007 0.137 0.010 
 31    ZFB31    (0)    1 :  0.003 0.004 0.004 0.007 0.892 0.010 0.004 0.024 0.042 0.006 0.004 
 32    ZFB32    (0)    1 :  0.035 0.004 0.035 0.009 0.747 0.013 0.029 0.017 0.041 0.060 0.009 
 33    ZFB33    (0)    1 :  0.003 0.002 0.004 0.003 0.959 0.003 0.003 0.004 0.007 0.010 0.002 
 34    ZFB34    (0)    1 :  0.004 0.003 0.004 0.003 0.957 0.004 0.005 0.004 0.011 0.003 0.003 
 35    ZFB35    (0)    1 :  0.004 0.003 0.004 0.004 0.952 0.005 0.004 0.006 0.005 0.008 0.004 
 36  ZFBP101    (0)    2 :  0.016 0.040 0.009 0.394 0.009 0.127 0.114 0.249 0.018 0.008 0.016 
 37  ZFBP102    (0)    2 :  0.010 0.016 0.013 0.353 0.013 0.347 0.017 0.193 0.021 0.012 0.005 
 38  ZFBP103    (0)    2 :  0.007 0.012 0.007 0.632 0.006 0.020 0.139 0.134 0.014 0.007 0.019 
 39  ZFBP104    (0)    2 :  0.035 0.008 0.015 0.521 0.022 0.087 0.004 0.269 0.023 0.007 0.008 
 40  ZFBP105    (0)    2 :  0.008 0.004 0.007 0.096 0.005 0.608 0.006 0.241 0.007 0.005 0.013 
 41  ZFBP106    (0)    2 :  0.007 0.011 0.004 0.098 0.003 0.375 0.009 0.464 0.004 0.003 0.023 
 42  ZFBP107    (0)    2 :  0.010 0.005 0.019 0.230 0.007 0.457 0.011 0.219 0.006 0.020 0.017 
 43  ZFBP108    (0)    2 :  0.003 0.006 0.003 0.011 0.003 0.088 0.003 0.871 0.003 0.003 0.007 
 44  ZFBP109    (0)    2 :  0.004 0.004 0.004 0.037 0.005 0.721 0.004 0.208 0.006 0.002 0.006 
 45  ZFBP110    (0)    2 :  0.011 0.006 0.027 0.283 0.032 0.098 0.037 0.311 0.079 0.008 0.108 
 46  ZFBP111    (0)    2 :  0.016 0.132 0.004 0.385 0.003 0.113 0.005 0.327 0.003 0.003 0.010 
 47  ZFBP112    (0)    2 :  0.007 0.043 0.004 0.015 0.003 0.043 0.012 0.853 0.005 0.005 0.009 
 48  ZFBP113    (0)    2 :  0.005 0.004 0.003 0.009 0.003 0.008 0.003 0.956 0.003 0.003 0.003 
 49  ZFBP114    (0)    2 :  0.003 0.005 0.004 0.031 0.003 0.922 0.005 0.016 0.003 0.004 0.004 
 50  ZFBP115    (0)    2 :  0.008 0.012 0.004 0.855 0.002 0.062 0.009 0.026 0.003 0.003 0.015 
 51  ZFBP116    (0)    2 :  0.008 0.006 0.005 0.029 0.003 0.043 0.004 0.891 0.003 0.003 0.005 
 52  ZFBP117    (0)    2 :  0.004 0.009 0.004 0.024 0.003 0.498 0.010 0.433 0.006 0.002 0.007 
 53  ZFBP118    (0)    2 :  0.004 0.007 0.006 0.042 0.003 0.797 0.005 0.123 0.003 0.005 0.004 
 54  ZFBP119    (0)    2 :  0.019 0.016 0.005 0.194 0.004 0.692 0.023 0.025 0.006 0.002 0.015 
 55  ZFBP120    (0)    2 :  0.009 0.005 0.007 0.128 0.007 0.267 0.004 0.548 0.005 0.005 0.015 
 56  ZFBP121    (0)    2 :  0.005 0.005 0.004 0.019 0.006 0.689 0.009 0.246 0.007 0.003 0.008 
 57  ZFBP122    (9)    2 :  0.007 0.009 0.004 0.022 0.003 0.072 0.004 0.867 0.003 0.003 0.005 
 58  ZFBP123    (0)    2 :  0.009 0.014 0.004 0.010 0.003 0.072 0.013 0.859 0.004 0.006 0.005 
 59  ZFBP124    (0)    2 :  0.004 0.005 0.004 0.022 0.008 0.690 0.006 0.246 0.005 0.004 0.005 
 60  ZFBP125    (0)    2 :  0.005 0.018 0.003 0.038 0.003 0.563 0.007 0.346 0.004 0.002 0.011 
 61  ZFBP126    (0)    2 :  0.015 0.005 0.012 0.019 0.008 0.020 0.019 0.857 0.029 0.011 0.003 
 62  ZFBP127    (0)    2 :  0.004 0.005 0.005 0.164 0.003 0.407 0.018 0.293 0.003 0.003 0.096 
 63  ZFBP128    (0)    2 :  0.004 0.022 0.002 0.017 0.003 0.025 0.011 0.897 0.004 0.002 0.012 
 64  ZFBP129    (0)    2 :  0.005 0.136 0.005 0.007 0.006 0.381 0.011 0.432 0.007 0.003 0.007 
 65  ZFBP130    (0)    2 :  0.009 0.073 0.003 0.054 0.002 0.220 0.025 0.596 0.003 0.003 0.011 
 66  ZFBP131    (0)    2 :  0.004 0.004 0.003 0.004 0.003 0.033 0.003 0.935 0.004 0.003 0.003 
 67  ZFBP132    (0)    2 :  0.003 0.004 0.004 0.015 0.004 0.308 0.004 0.632 0.005 0.003 0.018 
 68  ZFBP133    (0)    2 :  0.005 0.024 0.002 0.006 0.003 0.008 0.005 0.938 0.004 0.002 0.003 
 69  ZFBP134    (0)    2 :  0.010 0.010 0.003 0.795 0.003 0.016 0.015 0.132 0.005 0.003 0.007 
 70  ZFBP135    (0)    2 :  0.007 0.017 0.007 0.088 0.010 0.116 0.243 0.447 0.039 0.005 0.022 
 71  ZFBP136    (0)    2 :  0.008 0.055 0.005 0.145 0.003 0.203 0.117 0.429 0.006 0.007 0.022 
 72  ZFBP201    (0)    3 :  0.005 0.003 0.005 0.009 0.004 0.009 0.004 0.944 0.005 0.005 0.008 
 73  ZFBP202    (0)    3 :  0.006 0.008 0.005 0.027 0.006 0.107 0.005 0.817 0.005 0.003 0.011 
 74  ZFBP203    (0)    3 :  0.028 0.015 0.028 0.012 0.008 0.059 0.005 0.780 0.012 0.050 0.004 
 75  ZFBP204    (0)    3 :  0.011 0.016 0.005 0.104 0.004 0.736 0.014 0.084 0.006 0.005 0.016 
 76  ZFBP205    (0)    3 :  0.006 0.015 0.004 0.017 0.003 0.515 0.010 0.417 0.006 0.004 0.002 
 77  ZFBP206    (0)    3 :  0.011 0.014 0.004 0.006 0.003 0.021 0.010 0.917 0.005 0.005 0.004 
 78  ZFBP207    (0)    3 :  0.005 0.007 0.004 0.130 0.004 0.670 0.010 0.017 0.005 0.003 0.144 
 79  ZFBP208    (0)    3 :  0.013 0.006 0.006 0.006 0.003 0.014 0.006 0.931 0.005 0.008 0.003 
 80  ZFBP209    (0)    3 :  0.005 0.101 0.002 0.008 0.003 0.225 0.008 0.637 0.004 0.002 0.003 
 81  ZFBP210    (0)    3 :  0.009 0.009 0.004 0.009 0.004 0.016 0.005 0.926 0.004 0.006 0.008 
 82  ZFBP211    (0)    3 :  0.005 0.004 0.004 0.012 0.006 0.729 0.004 0.220 0.003 0.003 0.009 
 83  ZFBP212    (0)    3 :  0.003 0.005 0.003 0.052 0.005 0.048 0.003 0.842 0.003 0.003 0.033 
 84  ZFBP213    (0)    3 :  0.013 0.010 0.006 0.009 0.008 0.042 0.012 0.877 0.006 0.005 0.012 
 85  ZFBP214    (0)    3 :  0.051 0.069 0.009 0.025 0.013 0.037 0.049 0.694 0.014 0.004 0.034 
 86  ZFBP215    (0)    3 :  0.004 0.007 0.003 0.008 0.003 0.064 0.006 0.892 0.004 0.003 0.006 
 87  ZFBP216    (0)    3 :  0.029 0.005 0.011 0.050 0.005 0.135 0.005 0.742 0.007 0.006 0.005 
 88  ZFBP217    (0)    3 :  0.032 0.127 0.007 0.065 0.006 0.038 0.007 0.666 0.006 0.004 0.042 
 89  ZFBP218    (0)    3 :  0.006 0.017 0.003 0.047 0.005 0.392 0.004 0.515 0.004 0.003 0.003 
 90  ZFBP219    (0)    3 :  0.005 0.004 0.003 0.008 0.003 0.007 0.003 0.957 0.003 0.003 0.003 
 91  ZFBP220    (0)    3 :  0.006 0.034 0.004 0.114 0.003 0.055 0.019 0.743 0.004 0.003 0.015 
 92  ZFBP221    (0)    3 :  0.006 0.009 0.003 0.552 0.006 0.163 0.003 0.244 0.004 0.003 0.007 
 93  ZFBP222    (0)    3 :  0.006 0.006 0.004 0.004 0.003 0.014 0.005 0.945 0.005 0.004 0.003 
 94  ZFBP223    (0)    3 :  0.005 0.009 0.007 0.082 0.008 0.149 0.009 0.503 0.006 0.004 0.219 
 95  ZFBP224    (0)    3 :  0.008 0.004 0.006 0.010 0.005 0.024 0.006 0.922 0.005 0.004 0.006 
 96  ZFBP225    (0)    3 :  0.016 0.252 0.007 0.252 0.003 0.044 0.012 0.379 0.006 0.007 0.023 
 97  ZFBP226    (0)    3 :  0.006 0.005 0.004 0.011 0.003 0.232 0.004 0.721 0.004 0.005 0.005 
 98  ZFBP227    (0)    3 :  0.144 0.007 0.034 0.256 0.014 0.180 0.006 0.322 0.020 0.008 0.009 
 99  ZFBP228    (0)    3 :  0.004 0.008 0.004 0.370 0.004 0.268 0.016 0.233 0.005 0.003 0.085 
100  ZFBP229    (0)    3 :  0.006 0.021 0.004 0.035 0.002 0.140 0.007 0.773 0.005 0.003 0.005 
101  ZFBP230    (0)    3 :  0.011 0.040 0.005 0.230 0.003 0.138 0.027 0.522 0.007 0.003 0.014 
102  ZFBP231    (0)    3 :  0.006 0.004 0.006 0.012 0.007 0.912 0.005 0.034 0.005 0.004 0.006 
103  ZFBP232    (0)    3 :  0.004 0.006 0.003 0.009 0.003 0.806 0.004 0.156 0.003 0.003 0.004 
104  ZFBP233    (0)    3 :  0.012 0.015 0.005 0.032 0.007 0.453 0.006 0.455 0.005 0.004 0.007 
105   ZFCC01    (0)    4 :  0.005 0.004 0.003 0.003 0.009 0.003 0.954 0.004 0.005 0.005 0.005 
106   ZFCC03    (0)    4 :  0.004 0.005 0.003 0.003 0.005 0.003 0.956 0.004 0.004 0.003 0.009 
107   ZFCC04    (0)    4 :  0.005 0.006 0.004 0.004 0.005 0.003 0.958 0.004 0.004 0.003 0.004 
108   ZFCC05    (0)    4 :  0.007 0.005 0.006 0.005 0.006 0.004 0.940 0.006 0.004 0.004 0.012 
109   ZFCC08    (0)    4 :  0.005 0.015 0.003 0.007 0.004 0.011 0.936 0.007 0.004 0.002 0.005 
110   ZFCC09    (0)    4 :  0.003 0.003 0.003 0.004 0.007 0.005 0.957 0.003 0.003 0.003 0.008 
111   ZFCC10    (0)    4 :  0.004 0.004 0.003 0.003 0.012 0.005 0.953 0.004 0.005 0.004 0.004 
112   ZFCC11    (0)    4 :  0.004 0.004 0.003 0.004 0.006 0.004 0.952 0.005 0.004 0.003 0.010 
113   ZFCC12    (0)    4 :  0.008 0.004 0.013 0.007 0.013 0.005 0.865 0.006 0.025 0.048 0.007 
114   ZFCC13    (0)    4 :  0.012 0.007 0.006 0.011 0.004 0.007 0.923 0.011 0.004 0.007 0.008 
115   ZFCC14    (0)    4 :  0.003 0.007 0.005 0.005 0.011 0.007 0.931 0.012 0.009 0.005 0.005 
116   ZFCC15    (0)    4 :  0.009 0.005 0.005 0.005 0.004 0.003 0.949 0.004 0.005 0.005 0.005 
117   ZFCC16    (0)    4 :  0.005 0.004 0.004 0.003 0.005 0.003 0.960 0.003 0.005 0.004 0.004 
118   ZFCC17    (0)    4 :  0.004 0.003 0.004 0.004 0.005 0.003 0.958 0.003 0.004 0.007 0.005 
119   ZFCC18    (0)    4 :  0.005 0.006 0.004 0.004 0.006 0.003 0.952 0.004 0.004 0.003 0.008 
120   ZFCC19    (0)    4 :  0.007 0.004 0.005 0.004 0.004 0.002 0.955 0.003 0.006 0.007 0.003 
121   ZFCC20    (0)    4 :  0.007 0.006 0.003 0.006 0.004 0.003 0.955 0.004 0.003 0.003 0.007 
122   ZFCC21    (0)    4 :  0.036 0.024 0.005 0.013 0.007 0.009 0.820 0.049 0.028 0.006 0.003 
123   ZFCC22    (0)    4 :  0.008 0.035 0.003 0.063 0.008 0.060 0.717 0.091 0.006 0.004 0.005 
124   ZFCC26    (0)    4 :  0.005 0.004 0.003 0.003 0.004 0.003 0.961 0.003 0.004 0.003 0.005 
125   ZFCC27    (0)    4 :  0.004 0.003 0.003 0.003 0.004 0.004 0.963 0.003 0.003 0.003 0.007 
126   ZFCC29    (0)    4 :  0.008 0.005 0.004 0.005 0.008 0.004 0.947 0.004 0.006 0.004 0.004 
127   ZFCC30    (0)    4 :  0.004 0.005 0.003 0.004 0.003 0.003 0.961 0.003 0.003 0.003 0.009 
128   ZFCC32    (0)    4 :  0.012 0.005 0.006 0.006 0.005 0.005 0.942 0.003 0.004 0.007 0.006 
129   ZFCC33    (0)    4 :  0.004 0.003 0.007 0.004 0.005 0.004 0.954 0.004 0.004 0.004 0.007 
130   ZFCC34    (0)    4 :  0.006 0.016 0.005 0.022 0.020 0.055 0.783 0.036 0.008 0.013 0.038 
131   ZFCC35    (0)    4 :  0.004 0.004 0.003 0.004 0.003 0.005 0.966 0.003 0.003 0.002 0.003 
132   ZFCC36    (0)    4 :  0.018 0.009 0.005 0.008 0.004 0.006 0.922 0.009 0.005 0.011 0.004 
133   ZFCC37    (0)    4 :  0.009 0.004 0.012 0.008 0.015 0.007 0.854 0.010 0.032 0.041 0.007 
134   ZFCC40    (0)    4 :  0.003 0.003 0.003 0.003 0.006 0.004 0.956 0.007 0.004 0.006 0.003 
135   ZFCC42    (0)    4 :  0.006 0.010 0.023 0.011 0.014 0.006 0.304 0.004 0.009 0.519 0.095 
136   ZFCC44    (0)    4 :  0.002 0.003 0.004 0.003 0.003 0.003 0.964 0.003 0.003 0.003 0.009 
137   ZFCC45    (9)    4 :  0.008 0.004 0.014 0.004 0.012 0.004 0.920 0.006 0.008 0.012 0.008 
138   ZFCC46    (0)    4 :  0.006 0.023 0.003 0.011 0.003 0.008 0.922 0.008 0.004 0.003 0.009 
139   ZFCC47    (0)    4 :  0.006 0.007 0.005 0.005 0.014 0.007 0.910 0.004 0.010 0.026 0.005 
140   ZFCC48    (0)    4 :  0.008 0.031 0.004 0.009 0.006 0.011 0.886 0.028 0.011 0.003 0.003 
141   ZFCC50    (0)    4 :  0.004 0.003 0.003 0.003 0.004 0.003 0.965 0.003 0.004 0.004 0.003 
142   ZFCC51    (0)    4 :  0.003 0.004 0.003 0.004 0.004 0.003 0.958 0.003 0.004 0.003 0.012 
143   ZFCC52    (0)    4 :  0.006 0.009 0.003 0.006 0.003 0.010 0.937 0.010 0.004 0.005 0.005 
144   ZFCC53    (0)    4 :  0.003 0.003 0.003 0.003 0.004 0.003 0.965 0.003 0.003 0.003 0.007 
145  ZFCNS01    (0)    5 :  0.054 0.003 0.035 0.045 0.002 0.004 0.005 0.007 0.007 0.019 0.820 
146  ZFCNS02    (0)    5 :  0.003 0.004 0.003 0.005 0.003 0.004 0.005 0.003 0.002 0.002 0.967 
147  ZFCNS05    (0)    5 :  0.005 0.005 0.003 0.008 0.005 0.006 0.007 0.007 0.003 0.003 0.948 
148  ZFCNS06    (0)    5 :  0.003 0.004 0.002 0.005 0.003 0.004 0.005 0.004 0.002 0.002 0.965 
149  ZFCNS07    (0)    5 :  0.003 0.010 0.003 0.006 0.003 0.007 0.004 0.005 0.002 0.002 0.955 
150  ZFCNS10    (0)    5 :  0.003 0.005 0.003 0.017 0.003 0.007 0.004 0.007 0.002 0.003 0.944 
151  ZFCNS11    (0)    5 :  0.023 0.004 0.014 0.015 0.003 0.004 0.006 0.006 0.005 0.011 0.908 
152  ZFCNS15    (0)    5 :  0.004 0.007 0.003 0.036 0.003 0.012 0.003 0.017 0.004 0.003 0.908 
153  ZFCNS17    (0)    5 :  0.003 0.004 0.003 0.004 0.003 0.004 0.004 0.003 0.002 0.002 0.967 
154  ZFCNS18    (0)    5 :  0.003 0.004 0.003 0.019 0.003 0.007 0.005 0.007 0.002 0.003 0.944 
155  ZFCNS19    (0)    5 :  0.003 0.003 0.003 0.004 0.003 0.003 0.004 0.003 0.002 0.002 0.970 
156  ZFCNS20    (0)    5 :  0.004 0.014 0.004 0.013 0.003 0.013 0.006 0.012 0.004 0.003 0.926 
157  ZFCNS21    (0)    5 :  0.003 0.003 0.003 0.005 0.002 0.003 0.003 0.003 0.002 0.002 0.971 
158  ZFCNS22    (0)    5 :  0.005 0.005 0.004 0.013 0.005 0.011 0.005 0.012 0.004 0.002 0.934 
159  ZFCNS23    (0)    5 :  0.013 0.016 0.010 0.005 0.005 0.007 0.018 0.007 0.006 0.013 0.900 
160  ZFCNS24    (0)    5 :  0.004 0.006 0.003 0.009 0.003 0.008 0.008 0.005 0.003 0.002 0.949 
161  ZFCNS25    (0)    5 :  0.004 0.009 0.003 0.013 0.002 0.014 0.006 0.008 0.004 0.002 0.934 
162  ZFCNS26    (0)    5 :  0.003 0.004 0.003 0.007 0.003 0.004 0.003 0.004 0.002 0.002 0.964 
163  ZFCNS27    (0)    5 :  0.004 0.009 0.004 0.056 0.003 0.019 0.004 0.017 0.004 0.003 0.879 
164  ZFCNS28    (0)    5 :  0.003 0.004 0.003 0.005 0.004 0.004 0.004 0.004 0.002 0.002 0.966 
165  ZFCNS29    (0)    5 :  0.004 0.005 0.004 0.008 0.004 0.008 0.007 0.006 0.004 0.002 0.948 
166  ZFCNS30    (0)    5 :  0.005 0.003 0.004 0.007 0.004 0.004 0.006 0.005 0.003 0.002 0.956 
167  ZFCNS31    (0)    5 :  0.003 0.004 0.003 0.006 0.003 0.003 0.003 0.004 0.002 0.002 0.966 
168  ZFCNS32    (0)    5 :  0.005 0.007 0.003 0.012 0.003 0.006 0.005 0.006 0.003 0.003 0.947 
169  ZFCNS33    (0)    5 :  0.004 0.004 0.003 0.005 0.003 0.003 0.003 0.003 0.002 0.002 0.968 
170  ZFCNS34    (0)    5 :  0.005 0.004 0.003 0.006 0.004 0.005 0.011 0.004 0.003 0.002 0.952 
171  ZFCNS35    (0)    5 :  0.004 0.004 0.003 0.028 0.018 0.015 0.006 0.012 0.012 0.002 0.896 
172  ZFCNS36    (0)    5 :  0.005 0.008 0.003 0.008 0.002 0.008 0.010 0.005 0.003 0.003 0.946 
173  ZFCNS37    (0)    5 :  0.004 0.008 0.010 0.134 0.004 0.009 0.005 0.005 0.003 0.002 0.815 
174  ZFCNS39    (0)    5 :  0.014 0.022 0.005 0.026 0.002 0.007 0.014 0.007 0.004 0.003 0.894 
175  ZFCNS40    (0)    5 :  0.010 0.113 0.005 0.151 0.002 0.018 0.025 0.006 0.003 0.003 0.663 
176  ZFCNS41    (0)    5 :  0.010 0.005 0.009 0.658 0.006 0.022 0.018 0.013 0.008 0.004 0.248 
177  ZFCNS42    (0)    5 :  0.003 0.003 0.003 0.005 0.003 0.004 0.003 0.004 0.002 0.002 0.968 
178  ZFCNS43    (0)    5 :  0.003 0.003 0.003 0.004 0.003 0.003 0.004 0.003 0.002 0.002 0.971 
179  ZFCNS44    (0)    5 :  0.003 0.003 0.003 0.015 0.003 0.005 0.005 0.008 0.002 0.003 0.950 
180  ZFCNS46    (0)    5 :  0.005 0.004 0.004 0.011 0.004 0.006 0.005 0.006 0.003 0.002 0.951 
181  ZFCNS47    (0)    5 :  0.003 0.003 0.003 0.005 0.003 0.003 0.003 0.003 0.002 0.002 0.970 
182  ZFCNS48    (0)    5 :  0.005 0.006 0.003 0.037 0.004 0.010 0.006 0.013 0.003 0.004 0.909 
183  ZFCNS49    (0)    5 :  0.003 0.004 0.003 0.047 0.003 0.009 0.003 0.015 0.003 0.003 0.908 
184   ZFCR01    (0)    6 :  0.004 0.006 0.052 0.004 0.013 0.008 0.005 0.012 0.882 0.011 0.003 
185   ZFCR02    (0)    6 :  0.005 0.011 0.012 0.005 0.008 0.025 0.024 0.009 0.886 0.009 0.006 
186   ZFCR03    (0)    6 :  0.016 0.008 0.017 0.006 0.027 0.019 0.030 0.015 0.786 0.074 0.003 
187   ZFCR04    (0)    6 :  0.010 0.029 0.034 0.033 0.420 0.017 0.013 0.018 0.396 0.024 0.008 
188   ZFCR05    (0)    6 :  0.013 0.004 0.021 0.003 0.011 0.004 0.008 0.004 0.923 0.008 0.003 
189   ZFCR06    (0)    6 :  0.006 0.011 0.022 0.029 0.019 0.025 0.010 0.028 0.782 0.004 0.065 
190   ZFCR07    (0)    6 :  0.154 0.004 0.189 0.041 0.057 0.007 0.023 0.014 0.415 0.011 0.086 
191   ZFCR08    (0)    6 :  0.007 0.030 0.564 0.012 0.052 0.012 0.105 0.027 0.141 0.045 0.005 
192   ZFCR09    (0)    6 :  0.015 0.013 0.026 0.048 0.050 0.067 0.029 0.051 0.363 0.322 0.015 
193   ZFCR11    (0)    6 :  0.018 0.002 0.023 0.051 0.030 0.020 0.006 0.004 0.827 0.008 0.012 
194   ZFCR12    (0)    6 :  0.016 0.017 0.009 0.065 0.006 0.011 0.010 0.012 0.721 0.003 0.130 
195   ZFCR13    (0)    6 :  0.239 0.006 0.368 0.011 0.035 0.064 0.010 0.073 0.184 0.004 0.007 
196   ZFCR14    (0)    6 :  0.029 0.015 0.020 0.010 0.016 0.007 0.010 0.008 0.874 0.005 0.007 
197   ZFCR15    (0)    6 :  0.021 0.047 0.078 0.014 0.078 0.019 0.013 0.020 0.698 0.008 0.005 
198   ZFCR16    (0)    6 :  0.010 0.020 0.026 0.006 0.017 0.018 0.007 0.019 0.871 0.004 0.003 
199   ZFCR18    (0)    6 :  0.008 0.004 0.011 0.004 0.080 0.011 0.011 0.005 0.856 0.005 0.006 
200   ZFCR19    (0)    6 :  0.009 0.038 0.007 0.011 0.012 0.018 0.010 0.017 0.826 0.043 0.007 
201   ZFCR20    (0)    6 :  0.044 0.007 0.020 0.009 0.058 0.012 0.009 0.049 0.774 0.013 0.005 
202   ZFCR21    (0)    6 :  0.032 0.013 0.010 0.007 0.004 0.004 0.014 0.005 0.904 0.004 0.003 
203   ZFCR22    (0)    6 :  0.071 0.016 0.007 0.006 0.004 0.006 0.006 0.009 0.867 0.005 0.003 
204   ZFCR23    (0)    6 :  0.055 0.006 0.068 0.032 0.007 0.023 0.003 0.079 0.693 0.029 0.005 
205   ZFCR24    (9)    6 :  0.103 0.006 0.082 0.011 0.106 0.048 0.007 0.481 0.126 0.024 0.004 
206   ZFCR25    (0)    6 :  0.012 0.004 0.011 0.006 0.008 0.004 0.006 0.005 0.938 0.004 0.003 
207   ZFCR26    (0)    6 :  0.269 0.014 0.013 0.010 0.005 0.012 0.015 0.009 0.596 0.052 0.005 
208   ZFCR27    (9)    6 :  0.040 0.003 0.296 0.003 0.015 0.003 0.004 0.003 0.618 0.012 0.003 
209   ZFCR28    (0)    6 :  0.007 0.066 0.195 0.026 0.006 0.046 0.010 0.075 0.534 0.005 0.030 
210   ZFCR29    (0)    6 :  0.018 0.005 0.005 0.004 0.006 0.004 0.004 0.005 0.943 0.005 0.002 
211   ZFCR30    (0)    6 :  0.044 0.009 0.013 0.012 0.007 0.007 0.007 0.008 0.876 0.007 0.010 
212   ZFCR31    (0)    6 :  0.025 0.021 0.017 0.048 0.123 0.057 0.012 0.041 0.540 0.063 0.052 
213   ZFCR33    (0)    6 :  0.034 0.012 0.792 0.012 0.014 0.008 0.037 0.012 0.039 0.035 0.006 
214   ZFCR34    (0)    6 :  0.199 0.010 0.048 0.039 0.075 0.010 0.013 0.035 0.541 0.018 0.012 
215   ZFCR35    (0)    6 :  0.005 0.004 0.009 0.006 0.045 0.005 0.008 0.007 0.889 0.019 0.004 
216   ZFCR36    (0)    6 :  0.022 0.004 0.011 0.009 0.020 0.005 0.007 0.009 0.875 0.016 0.020 
217   ZFCR37    (0)    6 :  0.544 0.004 0.176 0.004 0.082 0.004 0.070 0.005 0.071 0.038 0.003 
218   ZFCR38    (0)    6 :  0.029 0.010 0.640 0.008 0.015 0.009 0.036 0.007 0.207 0.030 0.008 
219   ZFCR39    (0)    6 :  0.009 0.042 0.360 0.016 0.017 0.048 0.122 0.056 0.115 0.212 0.003 
220   ZFCR40    (0)    6 :  0.012 0.005 0.144 0.017 0.013 0.006 0.018 0.015 0.732 0.034 0.005 
221   ZFCR41    (0)    6 :  0.015 0.025 0.011 0.154 0.006 0.010 0.022 0.008 0.731 0.003 0.015 
222   ZFCR42    (0)    6 :  0.085 0.023 0.118 0.034 0.008 0.017 0.053 0.029 0.597 0.018 0.018 
223   ZFCR43    (0)    6 :  0.008 0.004 0.011 0.006 0.016 0.032 0.004 0.024 0.884 0.004 0.006 
224  ZFENP25    (0)    7 :  0.007 0.013 0.855 0.005 0.023 0.004 0.021 0.016 0.047 0.005 0.003 
225  ZFENP26    (0)    7 :  0.004 0.003 0.956 0.004 0.007 0.002 0.004 0.002 0.008 0.008 0.003 
226  ZFENP27    (0)    7 :  0.006 0.011 0.281 0.032 0.058 0.006 0.266 0.021 0.222 0.037 0.061 
227  ZFENP28    (0)    7 :  0.010 0.004 0.907 0.005 0.015 0.005 0.009 0.004 0.019 0.013 0.010 
228  ZFENP29    (0)    7 :  0.008 0.004 0.915 0.005 0.004 0.004 0.010 0.005 0.035 0.005 0.005 
229  ZFENP30    (0)    7 :  0.013 0.007 0.874 0.005 0.007 0.007 0.051 0.004 0.008 0.015 0.009 
230  ZFENP31    (0)    7 :  0.009 0.005 0.333 0.007 0.020 0.019 0.066 0.006 0.016 0.508 0.011 
231  ZFENP32    (0)    7 :  0.012 0.006 0.263 0.024 0.164 0.032 0.020 0.015 0.140 0.292 0.031 
232  ZFENP33    (0)    7 :  0.037 0.003 0.877 0.006 0.023 0.006 0.007 0.007 0.017 0.012 0.004 
233  ZFENP34    (0)    7 :  0.009 0.005 0.431 0.008 0.435 0.012 0.025 0.006 0.043 0.012 0.014 
234  ZFENP35    (0)    7 :  0.007 0.004 0.897 0.016 0.012 0.006 0.006 0.012 0.005 0.024 0.011 
235  ZFENP36    (0)    7 :  0.008 0.002 0.941 0.004 0.009 0.003 0.003 0.003 0.006 0.010 0.010 
236  ZFENP37    (0)    7 :  0.032 0.004 0.813 0.008 0.079 0.006 0.010 0.009 0.008 0.021 0.010 
237  ZFENP38    (0)    7 :  0.375 0.005 0.505 0.009 0.017 0.005 0.022 0.006 0.014 0.027 0.015 
238  ZFENP39    (0)    7 :  0.013 0.003 0.780 0.005 0.017 0.003 0.014 0.005 0.127 0.028 0.005 
239  ZFENP40    (0)    7 :  0.007 0.004 0.830 0.006 0.019 0.008 0.009 0.010 0.063 0.038 0.005 
240  ZFENP41    (0)    7 :  0.006 0.011 0.822 0.007 0.019 0.007 0.081 0.007 0.019 0.013 0.007 
241  ZFENP42    (0)    7 :  0.041 0.005 0.796 0.005 0.003 0.003 0.007 0.004 0.010 0.123 0.003 
242  ZFENP43    (0)    7 :  0.068 0.006 0.734 0.029 0.014 0.006 0.034 0.008 0.024 0.022 0.054 
243  ZFENP44    (0)    7 :  0.020 0.003 0.859 0.010 0.008 0.005 0.016 0.007 0.008 0.054 0.010 
244  ZFENP45    (0)    7 :  0.043 0.309 0.468 0.012 0.009 0.033 0.019 0.021 0.015 0.063 0.008 
245  ZFENP46    (0)    7 :  0.043 0.005 0.849 0.023 0.014 0.010 0.004 0.016 0.013 0.016 0.007 
246  ZFENP47    (0)    7 :  0.006 0.154 0.169 0.005 0.022 0.014 0.074 0.016 0.137 0.401 0.003 
247  ZFENP48    (0)    7 :  0.032 0.022 0.260 0.011 0.343 0.033 0.088 0.022 0.146 0.031 0.012 
248  ZFENP49    (0)    7 :  0.010 0.011 0.205 0.007 0.013 0.011 0.021 0.012 0.692 0.012 0.006 
249  ZFENP50    (0)    7 :  0.069 0.009 0.727 0.019 0.007 0.036 0.004 0.050 0.031 0.042 0.004 
250  ZFENP51    (0)    7 :  0.018 0.052 0.405 0.005 0.024 0.004 0.010 0.004 0.043 0.428 0.006 
251  ZFENP52    (0)    7 :  0.013 0.004 0.921 0.017 0.003 0.004 0.010 0.004 0.006 0.007 0.011 
252  ZFENP53    (0)    7 :  0.021 0.028 0.801 0.021 0.008 0.043 0.009 0.028 0.016 0.016 0.009 
253  ZFENP54    (0)    7 :  0.018 0.008 0.249 0.011 0.013 0.037 0.024 0.029 0.594 0.012 0.005 
254  ZFENP55    (0)    7 :  0.557 0.004 0.270 0.005 0.059 0.005 0.004 0.005 0.064 0.022 0.004 
255  ZFENP56    (0)    7 :  0.067 0.005 0.857 0.009 0.012 0.004 0.008 0.003 0.011 0.014 0.009 
256  ZFENP57    (0)    7 :  0.014 0.002 0.857 0.007 0.018 0.003 0.005 0.006 0.011 0.065 0.013 
257  ZFENP58    (0)    7 :  0.035 0.147 0.565 0.015 0.021 0.012 0.071 0.010 0.092 0.018 0.014 
258  ZFENP59    (0)    7 :  0.009 0.005 0.815 0.005 0.011 0.006 0.081 0.005 0.024 0.035 0.005 
259  ZFENP60    (0)    7 :  0.015 0.015 0.818 0.008 0.046 0.010 0.011 0.013 0.044 0.015 0.006 
260  ZFENP61    (0)    7 :  0.009 0.003 0.853 0.004 0.018 0.003 0.016 0.004 0.076 0.009 0.004 
261 ZFFDSP01    (0)    8 :  0.007 0.014 0.003 0.036 0.005 0.012 0.004 0.902 0.003 0.003 0.011 
262 ZFFDSP02    (0)    8 :  0.004 0.004 0.003 0.008 0.003 0.006 0.003 0.960 0.004 0.002 0.003 
263 ZFFDSP04    (0)    8 :  0.005 0.010 0.002 0.011 0.004 0.019 0.004 0.936 0.004 0.002 0.003 
264 ZFFDSP05    (0)    8 :  0.007 0.010 0.003 0.124 0.003 0.038 0.004 0.799 0.005 0.003 0.005 
265 ZFFDSP06    (0)    8 :  0.005 0.017 0.003 0.043 0.006 0.361 0.010 0.546 0.005 0.002 0.003 
266 ZFFDSP07    (0)    8 :  0.008 0.037 0.005 0.008 0.003 0.063 0.014 0.850 0.005 0.004 0.004 
267 ZFFDSP08    (0)    8 :  0.013 0.073 0.005 0.035 0.003 0.524 0.016 0.310 0.005 0.004 0.013 
268 ZFFDSP10    (0)    8 :  0.005 0.010 0.003 0.017 0.003 0.022 0.004 0.923 0.004 0.003 0.004 
269 ZFFDSP11    (0)    8 :  0.007 0.007 0.003 0.013 0.004 0.043 0.004 0.909 0.004 0.003 0.003 
270 ZFFDSP12    (0)    8 :  0.004 0.008 0.004 0.012 0.003 0.661 0.004 0.295 0.003 0.003 0.004 
271 ZFFDSP13    (0)    8 :  0.008 0.005 0.005 0.857 0.003 0.026 0.010 0.062 0.005 0.004 0.015 
272 ZFFDSP14    (0)    8 :  0.005 0.015 0.003 0.005 0.003 0.011 0.005 0.944 0.004 0.003 0.003 
273 ZFFDSP16    (0)    8 :  0.008 0.004 0.007 0.010 0.006 0.012 0.006 0.922 0.009 0.003 0.013 
274 ZFFDSP17    (0)    8 :  0.007 0.008 0.004 0.013 0.004 0.031 0.006 0.914 0.004 0.002 0.005 
275 ZFFDSP18    (0)    8 :  0.004 0.013 0.003 0.006 0.005 0.023 0.005 0.931 0.005 0.002 0.004 
276 ZFFDSP19    (0)    8 :  0.004 0.019 0.003 0.037 0.005 0.023 0.023 0.763 0.004 0.002 0.115 
277 ZFFDSP21    (0)    8 :  0.004 0.007 0.003 0.212 0.004 0.015 0.019 0.649 0.005 0.002 0.080 
278 ZFFDSP22    (0)    8 :  0.005 0.068 0.003 0.011 0.002 0.086 0.006 0.810 0.004 0.002 0.004 
279 ZFFDSP23    (0)    8 :  0.005 0.128 0.002 0.098 0.003 0.035 0.004 0.709 0.004 0.002 0.009 
280 ZFFDSP24    (0)    8 :  0.005 0.006 0.003 0.071 0.005 0.016 0.004 0.874 0.004 0.002 0.011 
281 ZFFDSP26    (9)    8 :  0.005 0.015 0.003 0.090 0.003 0.087 0.004 0.778 0.005 0.003 0.006 
282 ZFFDSP27    (0)    8 :  0.004 0.008 0.003 0.014 0.004 0.014 0.004 0.936 0.004 0.003 0.008 
283 ZFFDSP28    (0)    8 :  0.015 0.007 0.009 0.023 0.038 0.067 0.010 0.794 0.016 0.017 0.004 
284 ZFFDSP30    (0)    8 :  0.007 0.006 0.004 0.159 0.019 0.020 0.005 0.737 0.006 0.005 0.033 
285 ZFFDSP31    (0)    8 :  0.007 0.006 0.004 0.029 0.005 0.853 0.005 0.076 0.004 0.002 0.009 
286 ZFFDSP32    (0)    8 :  0.004 0.005 0.003 0.009 0.003 0.007 0.003 0.957 0.003 0.003 0.004 
287 ZFFDSP33    (0)    8 :  0.003 0.006 0.003 0.013 0.003 0.025 0.002 0.934 0.003 0.002 0.005 
288 ZFFDSP34    (0)    8 :  0.007 0.015 0.002 0.039 0.004 0.680 0.008 0.232 0.004 0.002 0.006 
289 ZFFDSP35    (0)    8 :  0.005 0.006 0.003 0.047 0.004 0.020 0.004 0.901 0.004 0.002 0.005 
290 ZFFDSP37    (0)    8 :  0.004 0.003 0.003 0.009 0.003 0.007 0.003 0.956 0.003 0.002 0.005 
291 ZFFDSP38    (0)    8 :  0.004 0.004 0.003 0.007 0.004 0.037 0.004 0.926 0.003 0.002 0.005 
292 ZFFDSP39    (0)    8 :  0.003 0.009 0.003 0.394 0.003 0.034 0.003 0.538 0.003 0.002 0.008 
293 ZFFDSP40    (0)    8 :  0.003 0.005 0.003 0.158 0.005 0.030 0.003 0.778 0.004 0.002 0.009 
294 ZFFDSP42    (0)    8 :  0.005 0.069 0.003 0.065 0.004 0.034 0.005 0.801 0.004 0.002 0.008 
295 ZFFDSP43    (0)    8 :  0.003 0.011 0.003 0.028 0.004 0.059 0.004 0.871 0.004 0.002 0.012 
296 ZFFDSP44    (0)    8 :  0.005 0.005 0.003 0.033 0.005 0.022 0.004 0.910 0.003 0.003 0.009 
297 ZFFDSP45    (0)    8 :  0.004 0.004 0.002 0.014 0.004 0.017 0.004 0.939 0.004 0.002 0.005 
298 ZFFDSP46    (0)    8 :  0.004 0.009 0.003 0.030 0.003 0.021 0.004 0.912 0.004 0.002 0.007 
299 ZFFDSP47    (0)    8 :  0.005 0.014 0.003 0.390 0.003 0.032 0.004 0.526 0.003 0.003 0.015 
300 ZFFDSP48    (0)    8 :  0.004 0.006 0.003 0.258 0.004 0.017 0.004 0.684 0.004 0.002 0.015 
301    ZFI01    (0)    9 :  0.006 0.004 0.008 0.004 0.901 0.004 0.008 0.005 0.025 0.027 0.008 
302    ZFI02    (0)    9 :  0.005 0.004 0.005 0.004 0.935 0.005 0.003 0.005 0.016 0.010 0.008 
303    ZFI03    (0)    9 :  0.006 0.003 0.004 0.004 0.952 0.003 0.005 0.003 0.009 0.004 0.008 
304    ZFI04    (0)    9 :  0.007 0.003 0.006 0.004 0.941 0.004 0.005 0.004 0.005 0.017 0.005 
305    ZFI05    (0)    9 :  0.004 0.003 0.008 0.006 0.923 0.004 0.004 0.005 0.019 0.005 0.019 
306    ZFI06    (0)    9 :  0.005 0.003 0.011 0.019 0.811 0.007 0.004 0.011 0.059 0.013 0.057 
307    ZFI07    (0)    9 :  0.006 0.003 0.006 0.004 0.956 0.003 0.005 0.004 0.005 0.005 0.005 
308    ZFI08    (0)    9 :  0.007 0.003 0.007 0.003 0.942 0.003 0.005 0.003 0.016 0.008 0.004 
309    ZFI09    (0)    9 :  0.004 0.003 0.008 0.004 0.926 0.004 0.004 0.004 0.028 0.008 0.007 
310    ZFI10    (0)    9 :  0.005 0.003 0.006 0.007 0.897 0.004 0.004 0.005 0.005 0.011 0.053 
311    ZFI11    (0)    9 :  0.005 0.002 0.006 0.004 0.945 0.003 0.004 0.003 0.006 0.014 0.007 
312    ZFI12    (0)    9 :  0.007 0.003 0.004 0.005 0.948 0.003 0.005 0.004 0.006 0.004 0.011 
313    ZFI13    (0)    9 :  0.005 0.002 0.007 0.004 0.947 0.003 0.006 0.004 0.009 0.006 0.006 
314    ZFI14    (0)    9 :  0.003 0.003 0.004 0.008 0.936 0.007 0.004 0.010 0.013 0.004 0.006 
315    ZFI15    (0)    9 :  0.003 0.002 0.005 0.003 0.948 0.003 0.004 0.004 0.019 0.004 0.005 
316    ZFI16    (0)    9 :  0.003 0.002 0.004 0.004 0.957 0.003 0.003 0.003 0.012 0.003 0.006 
317    ZFI17    (0)    9 :  0.005 0.002 0.007 0.004 0.951 0.003 0.003 0.003 0.005 0.006 0.010 
318    ZFI18    (0)    9 :  0.004 0.002 0.008 0.003 0.955 0.003 0.003 0.003 0.007 0.007 0.006 
319    ZFI19    (9)    9 :  0.006 0.002 0.005 0.003 0.954 0.003 0.003 0.003 0.012 0.004 0.005 
320    ZFI20    (0)    9 :  0.004 0.003 0.004 0.005 0.951 0.004 0.004 0.005 0.012 0.004 0.005 
321    ZFI21    (0)    9 :  0.004 0.003 0.003 0.014 0.926 0.007 0.004 0.016 0.009 0.004 0.010 
322    ZFI22    (0)    9 :  0.005 0.004 0.004 0.003 0.935 0.005 0.005 0.006 0.019 0.009 0.004 
323    ZFI23    (0)    9 :  0.005 0.002 0.005 0.004 0.958 0.003 0.004 0.003 0.006 0.004 0.006 
324    ZFI24    (0)    9 :  0.006 0.003 0.005 0.005 0.947 0.004 0.005 0.004 0.007 0.004 0.010 
325    ZFI25    (0)    9 :  0.004 0.004 0.005 0.004 0.952 0.004 0.005 0.005 0.009 0.004 0.005 
326    ZFI26    (0)    9 :  0.005 0.002 0.005 0.003 0.952 0.003 0.006 0.003 0.011 0.004 0.004 
327    ZFI27    (0)    9 :  0.008 0.003 0.006 0.007 0.919 0.004 0.005 0.004 0.008 0.004 0.031 
328    ZFK01    (0)    9 :  0.013 0.006 0.010 0.010 0.004 0.012 0.905 0.009 0.006 0.012 0.013 
329    ZFK02    (0)   10 :  0.015 0.008 0.010 0.010 0.006 0.009 0.907 0.008 0.008 0.008 0.012 
330    ZFK03    (0)   10 :  0.010 0.006 0.011 0.007 0.006 0.010 0.906 0.009 0.007 0.018 0.009 
331    ZFK04    (0)   10 :  0.011 0.005 0.016 0.007 0.012 0.007 0.822 0.007 0.013 0.091 0.009 
332    ZFK05    (0)   10 :  0.007 0.004 0.012 0.005 0.009 0.005 0.770 0.006 0.007 0.163 0.012 
333    ZFK06    (0)   10 :  0.014 0.004 0.038 0.006 0.016 0.007 0.879 0.006 0.012 0.013 0.006 
334    ZFK07    (0)   10 :  0.012 0.009 0.011 0.010 0.003 0.010 0.907 0.007 0.004 0.019 0.007 
335    ZFK08    (0)   10 :  0.064 0.006 0.049 0.009 0.016 0.011 0.640 0.010 0.026 0.164 0.004 
336    ZFK10    (0)   10 :  0.013 0.005 0.012 0.007 0.014 0.009 0.892 0.007 0.012 0.023 0.007 
337    ZFK11    (0)   10 :  0.010 0.004 0.037 0.007 0.007 0.009 0.854 0.006 0.006 0.052 0.009 
338    ZFK12    (0)   10 :  0.045 0.012 0.010 0.016 0.003 0.015 0.869 0.010 0.006 0.010 0.005 
339    ZFK13    (0)   10 :  0.019 0.013 0.010 0.035 0.004 0.069 0.757 0.031 0.006 0.049 0.007 
340    ZFK14    (0)   10 :  0.009 0.011 0.007 0.011 0.004 0.012 0.911 0.012 0.004 0.011 0.009 
341    ZFK15    (0)   10 :  0.017 0.008 0.020 0.029 0.006 0.050 0.651 0.041 0.008 0.158 0.010 
342    ZFK16    (0)   10 :  0.019 0.010 0.011 0.015 0.003 0.087 0.814 0.013 0.004 0.015 0.008 
343   ZFLB01    (0)   11 :  0.004 0.004 0.008 0.010 0.007 0.006 0.003 0.013 0.004 0.936 0.006 
344   ZFLB02    (0)   11 :  0.008 0.005 0.153 0.005 0.034 0.003 0.003 0.005 0.011 0.770 0.003 
345   ZFLB03    (0)   11 :  0.008 0.005 0.177 0.010 0.012 0.005 0.005 0.005 0.010 0.691 0.071 
346   ZFLB04    (0)   11 :  0.004 0.005 0.008 0.034 0.010 0.010 0.006 0.014 0.004 0.683 0.220 
347   ZFLB05    (0)   11 :  0.004 0.002 0.010 0.011 0.011 0.004 0.003 0.008 0.004 0.922 0.020 
348   ZFLB06    (0)   11 :  0.004 0.004 0.009 0.005 0.004 0.009 0.009 0.005 0.005 0.939 0.005 
349   ZFLB07    (0)   11 :  0.017 0.010 0.112 0.040 0.005 0.022 0.018 0.014 0.008 0.621 0.133 
350   ZFLB08    (0)   11 :  0.011 0.005 0.095 0.005 0.037 0.004 0.004 0.006 0.009 0.819 0.006 
351   ZFLB09    (9)   11 :  0.005 0.003 0.007 0.004 0.005 0.004 0.006 0.005 0.004 0.954 0.004 
352   ZFLB10    (0)   11 :  0.003 0.002 0.007 0.005 0.005 0.003 0.003 0.005 0.003 0.954 0.009 
353   ZFLB11    (0)   11 :  0.008 0.009 0.008 0.007 0.003 0.007 0.015 0.005 0.004 0.931 0.004 
354   ZFLB12    (0)   11 :  0.004 0.002 0.008 0.003 0.004 0.003 0.005 0.003 0.003 0.961 0.003 
355   ZFLB13    (0)   11 :  0.015 0.005 0.063 0.015 0.005 0.007 0.010 0.011 0.007 0.854 0.007 
356  ZFLTI01    (0)   12 :  0.008 0.010 0.004 0.897 0.004 0.011 0.026 0.022 0.007 0.002 0.008 
357  ZFLTI02    (0)   12 :  0.006 0.010 0.004 0.850 0.005 0.020 0.059 0.007 0.004 0.002 0.033 
358  ZFLTI03    (0)   12 :  0.005 0.008 0.003 0.942 0.003 0.009 0.008 0.006 0.003 0.002 0.011 
359  ZFLTI04    (0)   12 :  0.010 0.006 0.005 0.902 0.005 0.019 0.012 0.011 0.004 0.003 0.022 
360  ZFLTI05    (0)   12 :  0.004 0.004 0.003 0.946 0.004 0.007 0.006 0.006 0.003 0.002 0.013 
