

----------------------------------------------------
STRUCTURE by Pritchard, Stephens and Donnelly (2000)
     and Falush, Stephens and Pritchard (2003)
       Code by Pritchard, Falush and Hubisz
             Version 2.3.4 (Jul 2012)
----------------------------------------------------



Command line arguments:   bin\structure -m C:\Users\eschumacher\Documents\GitHub\GCC_QUAC_ZAIN\Data_Files\Structure_Files\ZAIN\ZAIN_rebinned_wild\50-50\mainparams -e C:\Users\eschumacher\Documents\GitHub\GCC_QUAC_ZAIN\Data_Files\Structure_Files\ZAIN\ZAIN_rebinned_wild\50-50\extraparams 
Input File:    C:\Users\eschumacher\Documents\GitHub\GCC_QUAC_ZAIN\Data_Files\Structure_Files\ZAIN\ZAIN_rebinned_wild\project_data

Run parameters:
   751 individuals
   11 loci
   5 populations assumed
   50000 Burn-in period
   50000 Reps


--------------------------------------------
Proportion of membership of each pre-defined
 population in each of the 5 clusters

Given    Inferred Clusters                     Number of
 Pop       1      2      3      4      5      Individuals

  1:     0.008  0.030  0.006  0.945  0.011       35
  2:     0.942  0.005  0.035  0.008  0.009       36
  3:     0.966  0.007  0.010  0.006  0.011       33
  4:     0.025  0.013  0.932  0.019  0.011       40
  5:     0.115  0.004  0.870  0.005  0.006       39
  6:     0.060  0.025  0.028  0.167  0.720       40
  7:     0.018  0.068  0.033  0.085  0.796       37
  8:     0.978  0.003  0.008  0.007  0.005       40
  9:     0.006  0.004  0.042  0.940  0.007       28
 10:     0.020  0.036  0.818  0.040  0.086       14
 11:     0.014  0.919  0.022  0.012  0.032       13
 12:     0.824  0.003  0.161  0.005  0.006       14
 13:     0.963  0.014  0.011  0.005  0.007       25
 14:     0.947  0.009  0.018  0.007  0.020       40
 15:     0.027  0.013  0.897  0.036  0.027       32
 16:     0.003  0.988  0.003  0.003  0.003       20
 17:     0.011  0.003  0.009  0.691  0.286        4
 18:     0.020  0.004  0.010  0.942  0.025       23
 19:     0.006  0.004  0.008  0.964  0.018       39
 20:     0.005  0.044  0.005  0.930  0.016       38
 21:     0.853  0.005  0.127  0.005  0.010       45
 22:     0.876  0.018  0.093  0.005  0.009       28
 23:     0.006  0.008  0.010  0.917  0.059        6
 24:     0.024  0.004  0.020  0.016  0.936       40
 25:     0.033  0.072  0.016  0.027  0.851       42
--------------------------------------------

Allele-freq. divergence among pops (Net nucleotide distance),
computed using point estimates of P.

      1       2       3       4       5      
 1      -    0.3423  0.1119  0.2042  0.1195  
 2   0.3423     -    0.3081  0.2502  0.2183  
 3   0.1119  0.3081     -    0.1536  0.0891  
 4   0.2042  0.2502  0.1536     -    0.0773  
 5   0.1195  0.2183  0.0891  0.0773     -    

Average distances (expected heterozygosity) between individuals in same cluster:
cluster  1  : 0.4571 
cluster  2  : 0.2729 
cluster  3  : 0.4386 
cluster  4  : 0.4963 
cluster  5  : 0.5660 

--------------------------------------------
Estimated Ln Prob of Data   = -15045.4
Mean value of ln likelihood = -14817.1
Variance of ln likelihood   = 456.7
Mean value of alpha         = 0.0334

Mean value of Fst_1         = 0.3098
Mean value of Fst_2         = 0.5966
Mean value of Fst_3         = 0.3465
Mean value of Fst_4         = 0.3242
Mean value of Fst_5         = 0.1052


Inferred ancestry of individuals:
        Label (%Miss) Pop:  Inferred clusters
  1    ZFB01    (0)    1 :  0.006 0.008 0.003 0.978 0.004 
  2    ZFB02    (0)    1 :  0.003 0.011 0.005 0.975 0.006 
  3    ZFB03    (0)    1 :  0.006 0.003 0.009 0.972 0.010 
  4    ZFB04    (0)    1 :  0.004 0.014 0.004 0.973 0.005 
  5    ZFB05    (0)    1 :  0.006 0.071 0.017 0.840 0.066 
  6    ZFB06    (0)    1 :  0.007 0.055 0.015 0.870 0.052 
  7    ZFB07    (9)    1 :  0.009 0.010 0.005 0.965 0.009 
  8    ZFB08    (0)    1 :  0.006 0.003 0.007 0.977 0.008 
  9    ZFB09    (0)    1 :  0.003 0.004 0.004 0.984 0.006 
 10    ZFB10    (0)    1 :  0.015 0.009 0.004 0.968 0.005 
 11    ZFB11    (0)    1 :  0.008 0.020 0.004 0.963 0.004 
 12    ZFB12    (0)    1 :  0.005 0.007 0.005 0.975 0.008 
 13    ZFB13    (0)    1 :  0.006 0.003 0.004 0.977 0.009 
 14    ZFB14    (0)    1 :  0.005 0.003 0.004 0.983 0.005 
 15    ZFB15    (0)    1 :  0.003 0.008 0.003 0.982 0.004 
 16    ZFB16    (0)    1 :  0.005 0.006 0.003 0.981 0.006 
 17    ZFB17    (0)    1 :  0.015 0.028 0.012 0.914 0.030 
 18    ZFB18    (0)    1 :  0.004 0.003 0.004 0.984 0.005 
 19    ZFB19    (0)    1 :  0.024 0.005 0.005 0.940 0.026 
 20    ZFB20    (0)    1 :  0.004 0.015 0.003 0.971 0.006 
 21    ZFB21    (0)    1 :  0.003 0.008 0.003 0.980 0.006 
 22    ZFB22    (0)    1 :  0.016 0.045 0.007 0.919 0.013 
 23    ZFB23    (0)    1 :  0.009 0.030 0.005 0.951 0.006 
 24    ZFB24    (0)    1 :  0.006 0.029 0.004 0.957 0.004 
 25    ZFB25    (0)    1 :  0.024 0.012 0.005 0.956 0.004 
 26    ZFB26    (0)    1 :  0.016 0.085 0.005 0.889 0.005 
 27    ZFB27    (0)    1 :  0.006 0.140 0.004 0.846 0.003 
 28    ZFB28    (0)    1 :  0.005 0.061 0.008 0.914 0.012 
 29    ZFB29    (0)    1 :  0.004 0.010 0.004 0.977 0.006 
 30    ZFB30    (0)    1 :  0.008 0.286 0.006 0.676 0.025 
 31    ZFB31    (0)    1 :  0.015 0.009 0.004 0.966 0.005 
 32    ZFB32    (0)    1 :  0.009 0.028 0.025 0.920 0.019 
 33    ZFB33    (0)    1 :  0.004 0.008 0.003 0.981 0.004 
 34    ZFB34    (0)    1 :  0.004 0.003 0.005 0.983 0.006 
 35    ZFB35    (0)    1 :  0.006 0.006 0.005 0.978 0.005 
 36  ZFBP101    (0)    2 :  0.857 0.003 0.109 0.016 0.014 
 37  ZFBP102    (0)    2 :  0.934 0.003 0.021 0.026 0.015 
 38  ZFBP103    (0)    2 :  0.665 0.003 0.314 0.007 0.010 
 39  ZFBP104    (0)    2 :  0.899 0.003 0.005 0.049 0.044 
 40  ZFBP105    (0)    2 :  0.971 0.005 0.008 0.008 0.007 
 41  ZFBP106    (0)    2 :  0.977 0.003 0.011 0.004 0.004 
 42  ZFBP107    (0)    2 :  0.932 0.033 0.016 0.008 0.011 
 43  ZFBP108    (0)    2 :  0.985 0.003 0.004 0.004 0.003 
 44  ZFBP109    (0)    2 :  0.982 0.003 0.005 0.004 0.006 
 45  ZFBP110    (0)    2 :  0.706 0.003 0.225 0.034 0.032 
 46  ZFBP111    (0)    2 :  0.986 0.003 0.005 0.002 0.004 
 47  ZFBP112    (0)    2 :  0.977 0.007 0.007 0.005 0.005 
 48  ZFBP113    (0)    2 :  0.983 0.005 0.004 0.004 0.005 
 49  ZFBP114    (0)    2 :  0.967 0.016 0.007 0.004 0.005 
 50  ZFBP115    (0)    2 :  0.972 0.004 0.014 0.003 0.008 
 51  ZFBP116    (0)    2 :  0.981 0.004 0.005 0.003 0.006 
 52  ZFBP117    (0)    2 :  0.982 0.002 0.008 0.003 0.004 
 53  ZFBP118    (0)    2 :  0.969 0.016 0.006 0.004 0.005 
 54  ZFBP119    (0)    2 :  0.955 0.002 0.032 0.004 0.007 
 55  ZFBP120    (0)    2 :  0.974 0.005 0.006 0.007 0.007 
 56  ZFBP121    (0)    2 :  0.974 0.003 0.012 0.006 0.005 
 57  ZFBP122    (9)    2 :  0.983 0.003 0.005 0.004 0.005 
 58  ZFBP123    (0)    2 :  0.969 0.009 0.011 0.004 0.006 
 59  ZFBP124    (0)    2 :  0.977 0.005 0.007 0.007 0.005 
 60  ZFBP125    (0)    2 :  0.984 0.003 0.007 0.003 0.004 
 61  ZFBP126    (0)    2 :  0.927 0.003 0.023 0.018 0.029 
 62  ZFBP127    (0)    2 :  0.978 0.003 0.011 0.003 0.004 
 63  ZFBP128    (0)    2 :  0.982 0.003 0.008 0.005 0.003 
 64  ZFBP129    (0)    2 :  0.980 0.003 0.007 0.005 0.005 
 65  ZFBP130    (0)    2 :  0.982 0.004 0.008 0.002 0.004 
 66  ZFBP131    (0)    2 :  0.981 0.004 0.004 0.005 0.005 
 67  ZFBP132    (0)    2 :  0.982 0.003 0.007 0.004 0.004 
 68  ZFBP133    (0)    2 :  0.986 0.002 0.005 0.004 0.003 
 69  ZFBP134    (0)    2 :  0.974 0.003 0.014 0.004 0.005 
 70  ZFBP135    (0)    2 :  0.691 0.003 0.272 0.023 0.012 
 71  ZFBP136    (0)    2 :  0.919 0.011 0.060 0.004 0.006 
 72  ZFBP201    (0)    3 :  0.970 0.009 0.008 0.005 0.008 
 73  ZFBP202    (0)    3 :  0.981 0.003 0.005 0.006 0.004 
 74  ZFBP203    (0)    3 :  0.899 0.064 0.006 0.010 0.022 
 75  ZFBP204    (0)    3 :  0.956 0.006 0.027 0.005 0.006 
 76  ZFBP205    (0)    3 :  0.979 0.006 0.006 0.004 0.005 
 77  ZFBP206    (0)    3 :  0.969 0.008 0.010 0.007 0.006 
 78  ZFBP207    (0)    3 :  0.964 0.003 0.025 0.004 0.004 
 79  ZFBP208    (0)    3 :  0.961 0.018 0.006 0.005 0.010 
 80  ZFBP209    (0)    3 :  0.987 0.002 0.005 0.003 0.003 
 81  ZFBP210    (0)    3 :  0.972 0.009 0.007 0.005 0.007 
 82  ZFBP211    (0)    3 :  0.980 0.003 0.007 0.005 0.005 
 83  ZFBP212    (0)    3 :  0.982 0.004 0.005 0.005 0.004 
 84  ZFBP213    (0)    3 :  0.962 0.005 0.013 0.012 0.007 
 85  ZFBP214    (0)    3 :  0.930 0.004 0.046 0.009 0.011 
 86  ZFBP215    (0)    3 :  0.981 0.003 0.008 0.004 0.004 
 87  ZFBP216    (0)    3 :  0.964 0.008 0.006 0.006 0.016 
 88  ZFBP217    (0)    3 :  0.980 0.003 0.008 0.004 0.005 
 89  ZFBP218    (0)    3 :  0.987 0.004 0.003 0.003 0.003 
 90  ZFBP219    (0)    3 :  0.983 0.005 0.004 0.004 0.005 
 91  ZFBP220    (0)    3 :  0.978 0.004 0.009 0.003 0.006 
 92  ZFBP221    (0)    3 :  0.984 0.004 0.004 0.004 0.004 
 93  ZFBP222    (0)    3 :  0.975 0.006 0.006 0.007 0.006 
 94  ZFBP223    (0)    3 :  0.944 0.006 0.036 0.007 0.007 
 95  ZFBP224    (0)    3 :  0.977 0.004 0.006 0.006 0.006 
 96  ZFBP225    (0)    3 :  0.972 0.008 0.012 0.003 0.005 
 97  ZFBP226    (0)    3 :  0.980 0.005 0.005 0.004 0.006 
 98  ZFBP227    (0)    3 :  0.799 0.005 0.009 0.033 0.154 
 99  ZFBP228    (0)    3 :  0.972 0.003 0.016 0.005 0.005 
100  ZFBP229    (0)    3 :  0.984 0.003 0.005 0.003 0.005 
101  ZFBP230    (0)    3 :  0.976 0.004 0.011 0.004 0.006 
102  ZFBP231    (0)    3 :  0.978 0.004 0.006 0.005 0.006 
103  ZFBP232    (0)    3 :  0.985 0.003 0.005 0.004 0.004 
104  ZFBP233    (0)    3 :  0.979 0.004 0.006 0.006 0.005 
105   ZFCC01    (0)    4 :  0.005 0.005 0.967 0.018 0.006 
106   ZFCC03    (0)    4 :  0.005 0.003 0.982 0.006 0.004 
107   ZFCC04    (0)    4 :  0.005 0.004 0.977 0.008 0.005 
108   ZFCC05    (0)    4 :  0.007 0.004 0.974 0.009 0.006 
109   ZFCC08    (0)    4 :  0.021 0.003 0.965 0.006 0.005 
110   ZFCC09    (0)    4 :  0.004 0.004 0.980 0.008 0.004 
111   ZFCC10    (0)    4 :  0.005 0.005 0.958 0.027 0.005 
112   ZFCC11    (0)    4 :  0.005 0.004 0.981 0.007 0.004 
113   ZFCC12    (0)    4 :  0.006 0.006 0.883 0.088 0.017 
114   ZFCC13    (0)    4 :  0.012 0.016 0.958 0.005 0.009 
115   ZFCC14    (0)    4 :  0.008 0.009 0.956 0.019 0.008 
116   ZFCC15    (0)    4 :  0.005 0.008 0.968 0.008 0.011 
117   ZFCC16    (0)    4 :  0.004 0.005 0.974 0.009 0.008 
118   ZFCC17    (0)    4 :  0.003 0.011 0.970 0.011 0.005 
119   ZFCC18    (0)    4 :  0.006 0.004 0.978 0.008 0.004 
120   ZFCC19    (0)    4 :  0.004 0.015 0.952 0.010 0.019 
121   ZFCC20    (0)    4 :  0.005 0.003 0.980 0.006 0.006 
122   ZFCC21    (0)    4 :  0.146 0.012 0.742 0.024 0.075 
123   ZFCC22    (0)    4 :  0.524 0.014 0.439 0.015 0.008 
124   ZFCC26    (0)    4 :  0.004 0.004 0.977 0.009 0.006 
125   ZFCC27    (0)    4 :  0.004 0.003 0.985 0.004 0.004 
126   ZFCC29    (0)    4 :  0.005 0.004 0.962 0.016 0.013 
127   ZFCC30    (0)    4 :  0.004 0.004 0.985 0.003 0.004 
128   ZFCC32    (0)    4 :  0.006 0.010 0.963 0.011 0.011 
129   ZFCC33    (0)    4 :  0.004 0.005 0.973 0.009 0.009 
130   ZFCC34    (0)    4 :  0.028 0.008 0.935 0.022 0.006 
131   ZFCC35    (0)    4 :  0.005 0.006 0.981 0.004 0.004 
132   ZFCC36    (0)    4 :  0.015 0.038 0.925 0.007 0.015 
133   ZFCC37    (0)    4 :  0.012 0.007 0.849 0.085 0.047 
134   ZFCC40    (0)    4 :  0.007 0.020 0.956 0.013 0.004 
135   ZFCC42    (0)    4 :  0.005 0.201 0.611 0.150 0.032 
136   ZFCC44    (0)    4 :  0.003 0.008 0.982 0.003 0.004 
137   ZFCC45    (9)    4 :  0.005 0.024 0.923 0.034 0.014 
138   ZFCC46    (0)    4 :  0.015 0.005 0.971 0.004 0.005 
139   ZFCC47    (0)    4 :  0.007 0.004 0.918 0.063 0.009 
140   ZFCC48    (0)    4 :  0.063 0.006 0.906 0.012 0.013 
141   ZFCC50    (0)    4 :  0.004 0.006 0.976 0.008 0.006 
142   ZFCC51    (0)    4 :  0.003 0.003 0.985 0.006 0.003 
143   ZFCC52    (0)    4 :  0.013 0.009 0.966 0.006 0.006 
144   ZFCC53    (0)    4 :  0.003 0.004 0.985 0.005 0.003 
145  ZFCNS01    (0)    5 :  0.015 0.012 0.946 0.004 0.022 
146  ZFCNS02    (0)    5 :  0.011 0.003 0.980 0.003 0.004 
147  ZFCNS05    (0)    5 :  0.021 0.003 0.964 0.007 0.004 
148  ZFCNS06    (0)    5 :  0.012 0.003 0.976 0.005 0.004 
149  ZFCNS07    (0)    5 :  0.426 0.004 0.558 0.005 0.007 
150  ZFCNS10    (0)    5 :  0.085 0.005 0.903 0.003 0.004 
151  ZFCNS11    (0)    5 :  0.013 0.006 0.969 0.003 0.008 
152  ZFCNS15    (0)    5 :  0.819 0.003 0.163 0.007 0.008 
153  ZFCNS17    (0)    5 :  0.010 0.003 0.980 0.003 0.003 
154  ZFCNS18    (0)    5 :  0.033 0.004 0.955 0.004 0.004 
155  ZFCNS19    (0)    5 :  0.006 0.003 0.983 0.004 0.004 
156  ZFCNS20    (0)    5 :  0.139 0.003 0.846 0.005 0.006 
157  ZFCNS21    (0)    5 :  0.007 0.003 0.981 0.004 0.005 
158  ZFCNS22    (0)    5 :  0.136 0.003 0.847 0.007 0.006 
159  ZFCNS23    (0)    5 :  0.013 0.004 0.973 0.005 0.005 
160  ZFCNS24    (0)    5 :  0.008 0.003 0.982 0.003 0.004 
161  ZFCNS25    (0)    5 :  0.050 0.003 0.938 0.004 0.005 
162  ZFCNS26    (0)    5 :  0.294 0.003 0.690 0.008 0.005 
163  ZFCNS27    (0)    5 :  0.910 0.004 0.072 0.005 0.009 
164  ZFCNS28    (0)    5 :  0.020 0.003 0.965 0.008 0.004 
165  ZFCNS29    (0)    5 :  0.013 0.003 0.976 0.004 0.005 
166  ZFCNS30    (0)    5 :  0.008 0.003 0.979 0.005 0.005 
167  ZFCNS31    (0)    5 :  0.060 0.004 0.926 0.005 0.005 
168  ZFCNS32    (0)    5 :  0.032 0.003 0.953 0.007 0.005 
169  ZFCNS33    (0)    5 :  0.029 0.003 0.959 0.004 0.005 
170  ZFCNS34    (0)    5 :  0.006 0.003 0.983 0.004 0.004 
171  ZFCNS35    (0)    5 :  0.020 0.003 0.964 0.008 0.004 
172  ZFCNS36    (0)    5 :  0.007 0.003 0.983 0.003 0.004 
173  ZFCNS37    (0)    5 :  0.056 0.003 0.927 0.004 0.010 
174  ZFCNS39    (0)    5 :  0.011 0.003 0.978 0.003 0.005 
175  ZFCNS40    (0)    5 :  0.041 0.003 0.946 0.003 0.007 
176  ZFCNS41    (0)    5 :  0.215 0.005 0.754 0.007 0.019 
177  ZFCNS42    (0)    5 :  0.054 0.003 0.934 0.005 0.005 
178  ZFCNS43    (0)    5 :  0.007 0.003 0.983 0.004 0.004 
179  ZFCNS44    (0)    5 :  0.018 0.004 0.970 0.004 0.004 
180  ZFCNS46    (0)    5 :  0.024 0.004 0.963 0.004 0.006 
181  ZFCNS47    (0)    5 :  0.011 0.003 0.978 0.004 0.004 
182  ZFCNS48    (0)    5 :  0.047 0.005 0.940 0.004 0.004 
183  ZFCNS49    (0)    5 :  0.804 0.004 0.181 0.005 0.006 
184   ZFCR01    (0)    6 :  0.038 0.007 0.007 0.441 0.506 
185   ZFCR02    (0)    6 :  0.013 0.014 0.014 0.030 0.929 
186   ZFCR03    (0)    6 :  0.045 0.048 0.018 0.562 0.328 
187   ZFCR04    (0)    6 :  0.062 0.037 0.032 0.752 0.117 
188   ZFCR05    (0)    6 :  0.005 0.008 0.009 0.042 0.937 
189   ZFCR06    (0)    6 :  0.130 0.004 0.134 0.072 0.660 
190   ZFCR07    (0)    6 :  0.012 0.005 0.047 0.026 0.910 
191   ZFCR08    (0)    6 :  0.106 0.076 0.061 0.198 0.559 
192   ZFCR09    (0)    6 :  0.106 0.129 0.097 0.521 0.147 
193   ZFCR11    (0)    6 :  0.050 0.005 0.016 0.090 0.839 
194   ZFCR12    (0)    6 :  0.061 0.005 0.102 0.009 0.823 
195   ZFCR13    (0)    6 :  0.042 0.003 0.008 0.007 0.939 
196   ZFCR14    (0)    6 :  0.008 0.005 0.009 0.017 0.960 
197   ZFCR15    (0)    6 :  0.033 0.022 0.016 0.048 0.880 
198   ZFCR16    (0)    6 :  0.019 0.004 0.007 0.044 0.926 
199   ZFCR18    (0)    6 :  0.028 0.008 0.066 0.622 0.276 
200   ZFCR19    (0)    6 :  0.134 0.006 0.028 0.368 0.465 
201   ZFCR20    (0)    6 :  0.051 0.006 0.011 0.839 0.093 
202   ZFCR21    (0)    6 :  0.014 0.003 0.010 0.013 0.960 
203   ZFCR22    (0)    6 :  0.010 0.003 0.004 0.008 0.975 
204   ZFCR23    (0)    6 :  0.153 0.050 0.005 0.039 0.753 
205   ZFCR24    (9)    6 :  0.503 0.008 0.008 0.151 0.330 
206   ZFCR25    (0)    6 :  0.004 0.003 0.005 0.014 0.975 
207   ZFCR26    (0)    6 :  0.021 0.003 0.013 0.097 0.865 
208   ZFCR27    (9)    6 :  0.003 0.004 0.004 0.060 0.929 
209   ZFCR28    (0)    6 :  0.295 0.010 0.025 0.011 0.659 
210   ZFCR29    (0)    6 :  0.013 0.004 0.006 0.113 0.864 
211   ZFCR30    (0)    6 :  0.006 0.004 0.005 0.009 0.976 
212   ZFCR31    (0)    6 :  0.182 0.020 0.080 0.381 0.338 
213   ZFCR33    (0)    6 :  0.008 0.018 0.027 0.026 0.920 
214   ZFCR34    (0)    6 :  0.057 0.024 0.034 0.041 0.844 
215   ZFCR35    (0)    6 :  0.019 0.010 0.033 0.776 0.162 
216   ZFCR36    (0)    6 :  0.009 0.012 0.015 0.080 0.886 
217   ZFCR37    (0)    6 :  0.005 0.007 0.013 0.020 0.955 
218   ZFCR38    (0)    6 :  0.006 0.008 0.019 0.034 0.932 
219   ZFCR39    (0)    6 :  0.067 0.317 0.042 0.037 0.538 
220   ZFCR40    (0)    6 :  0.012 0.062 0.017 0.029 0.880 
221   ZFCR41    (0)    6 :  0.019 0.003 0.052 0.008 0.918 
222   ZFCR42    (0)    6 :  0.024 0.012 0.028 0.008 0.928 
223   ZFCR43    (0)    6 :  0.040 0.005 0.005 0.033 0.917 
224  ZFENP25    (0)    7 :  0.014 0.007 0.013 0.054 0.912 
225  ZFENP26    (0)    7 :  0.003 0.019 0.005 0.012 0.961 
226  ZFENP27    (0)    7 :  0.031 0.024 0.401 0.401 0.143 
227  ZFENP28    (0)    7 :  0.004 0.019 0.012 0.023 0.943 
228  ZFENP29    (0)    7 :  0.004 0.008 0.007 0.007 0.974 
229  ZFENP30    (0)    7 :  0.005 0.027 0.031 0.009 0.928 
230  ZFENP31    (0)    7 :  0.010 0.436 0.047 0.191 0.316 
231  ZFENP32    (0)    7 :  0.016 0.192 0.055 0.465 0.272 
232  ZFENP33    (0)    7 :  0.005 0.011 0.007 0.031 0.946 
233  ZFENP34    (0)    7 :  0.013 0.011 0.046 0.496 0.434 
234  ZFENP35    (0)    7 :  0.011 0.208 0.009 0.016 0.756 
235  ZFENP36    (0)    7 :  0.004 0.020 0.006 0.016 0.954 
236  ZFENP37    (0)    7 :  0.006 0.040 0.016 0.102 0.835 
237  ZFENP38    (0)    7 :  0.006 0.010 0.016 0.008 0.961 
238  ZFENP39    (0)    7 :  0.003 0.026 0.008 0.031 0.932 
239  ZFENP40    (0)    7 :  0.006 0.078 0.010 0.082 0.824 
240  ZFENP41    (0)    7 :  0.006 0.084 0.063 0.021 0.825 
241  ZFENP42    (0)    7 :  0.004 0.300 0.005 0.005 0.687 
242  ZFENP43    (0)    7 :  0.009 0.011 0.059 0.014 0.906 
243  ZFENP44    (0)    7 :  0.013 0.171 0.069 0.013 0.733 
244  ZFENP45    (0)    7 :  0.245 0.110 0.016 0.010 0.618 
245  ZFENP46    (0)    7 :  0.008 0.021 0.005 0.022 0.943 
246  ZFENP47    (0)    7 :  0.066 0.221 0.058 0.127 0.528 
247  ZFENP48    (0)    7 :  0.036 0.023 0.078 0.548 0.315 
248  ZFENP49    (0)    7 :  0.014 0.005 0.015 0.069 0.897 
249  ZFENP50    (0)    7 :  0.018 0.037 0.005 0.008 0.932 
250  ZFENP51    (0)    7 :  0.020 0.093 0.008 0.121 0.759 
251  ZFENP52    (0)    7 :  0.007 0.016 0.018 0.004 0.955 
252  ZFENP53    (0)    7 :  0.018 0.029 0.009 0.007 0.936 
253  ZFENP54    (0)    7 :  0.022 0.010 0.016 0.015 0.938 
254  ZFENP55    (0)    7 :  0.005 0.007 0.004 0.062 0.922 
255  ZFENP56    (0)    7 :  0.005 0.007 0.006 0.011 0.971 
256  ZFENP57    (0)    7 :  0.005 0.083 0.010 0.022 0.880 
257  ZFENP58    (0)    7 :  0.018 0.006 0.053 0.010 0.912 
258  ZFENP59    (0)    7 :  0.005 0.098 0.034 0.023 0.840 
259  ZFENP60    (0)    7 :  0.008 0.025 0.007 0.059 0.901 
260  ZFENP61    (0)    7 :  0.003 0.013 0.008 0.030 0.947 
261 ZFFDSP01    (0)    8 :  0.982 0.003 0.007 0.005 0.003 
262 ZFFDSP02    (0)    8 :  0.985 0.002 0.005 0.004 0.004 
263 ZFFDSP04    (0)    8 :  0.985 0.003 0.004 0.006 0.003 
264 ZFFDSP05    (0)    8 :  0.982 0.004 0.005 0.004 0.005 
265 ZFFDSP06    (0)    8 :  0.985 0.002 0.005 0.004 0.003 
266 ZFFDSP07    (0)    8 :  0.971 0.006 0.011 0.005 0.007 
267 ZFFDSP08    (0)    8 :  0.973 0.005 0.013 0.003 0.006 
268 ZFFDSP10    (0)    8 :  0.982 0.004 0.005 0.004 0.005 
269 ZFFDSP11    (0)    8 :  0.982 0.003 0.004 0.005 0.005 
270 ZFFDSP12    (0)    8 :  0.985 0.003 0.005 0.003 0.004 
271 ZFFDSP13    (0)    8 :  0.952 0.005 0.029 0.004 0.010 
272 ZFFDSP14    (0)    8 :  0.981 0.003 0.006 0.005 0.005 
273 ZFFDSP16    (0)    8 :  0.970 0.004 0.012 0.007 0.008 
274 ZFFDSP17    (0)    8 :  0.984 0.002 0.005 0.004 0.004 
275 ZFFDSP18    (0)    8 :  0.978 0.002 0.007 0.009 0.004 
276 ZFFDSP19    (0)    8 :  0.967 0.003 0.020 0.007 0.004 
277 ZFFDSP21    (0)    8 :  0.972 0.003 0.018 0.003 0.004 
278 ZFFDSP22    (0)    8 :  0.986 0.002 0.005 0.003 0.004 
279 ZFFDSP23    (0)    8 :  0.987 0.002 0.004 0.003 0.003 
280 ZFFDSP24    (0)    8 :  0.980 0.003 0.008 0.005 0.005 
281 ZFFDSP26    (9)    8 :  0.983 0.003 0.006 0.004 0.004 
282 ZFFDSP27    (0)    8 :  0.982 0.003 0.005 0.006 0.004 
283 ZFFDSP28    (0)    8 :  0.878 0.013 0.017 0.075 0.018 
284 ZFFDSP30    (0)    8 :  0.960 0.007 0.013 0.016 0.005 
285 ZFFDSP31    (0)    8 :  0.981 0.002 0.007 0.005 0.005 
286 ZFFDSP32    (0)    8 :  0.985 0.003 0.004 0.004 0.004 
287 ZFFDSP33    (0)    8 :  0.987 0.003 0.003 0.003 0.003 
288 ZFFDSP34    (0)    8 :  0.984 0.002 0.006 0.004 0.004 
289 ZFFDSP35    (0)    8 :  0.983 0.003 0.005 0.005 0.004 
290 ZFFDSP37    (0)    8 :  0.982 0.003 0.005 0.005 0.005 
291 ZFFDSP38    (0)    8 :  0.983 0.003 0.005 0.006 0.004 
292 ZFFDSP39    (0)    8 :  0.987 0.003 0.004 0.003 0.003 
293 ZFFDSP40    (0)    8 :  0.983 0.003 0.005 0.005 0.004 
294 ZFFDSP42    (0)    8 :  0.984 0.002 0.006 0.004 0.003 
295 ZFFDSP43    (0)    8 :  0.985 0.003 0.005 0.004 0.003 
296 ZFFDSP44    (0)    8 :  0.982 0.003 0.005 0.005 0.004 
297 ZFFDSP45    (0)    8 :  0.981 0.003 0.007 0.005 0.005 
298 ZFFDSP46    (0)    8 :  0.981 0.002 0.007 0.005 0.004 
299 ZFFDSP47    (0)    8 :  0.984 0.003 0.006 0.003 0.004 
300 ZFFDSP48    (0)    8 :  0.983 0.003 0.006 0.004 0.004 
301    ZFI01    (0)    9 :  0.005 0.006 0.009 0.974 0.007 
302    ZFI02    (0)    9 :  0.006 0.004 0.005 0.978 0.007 
303    ZFI03    (0)    9 :  0.004 0.003 0.008 0.977 0.007 
304    ZFI04    (0)    9 :  0.004 0.005 0.006 0.979 0.007 
305    ZFI05    (0)    9 :  0.006 0.004 0.012 0.969 0.009 
306    ZFI06    (0)    9 :  0.015 0.005 0.013 0.958 0.009 
307    ZFI07    (0)    9 :  0.004 0.004 0.005 0.980 0.007 
308    ZFI08    (0)    9 :  0.003 0.003 0.005 0.977 0.011 
309    ZFI09    (0)    9 :  0.004 0.004 0.006 0.979 0.007 
310    ZFI10    (0)    9 :  0.008 0.007 0.014 0.962 0.009 
311    ZFI11    (0)    9 :  0.004 0.004 0.006 0.981 0.006 
312    ZFI12    (0)    9 :  0.005 0.003 0.011 0.973 0.008 
313    ZFI13    (0)    9 :  0.004 0.005 0.008 0.977 0.006 
314    ZFI14    (0)    9 :  0.011 0.006 0.008 0.970 0.005 
315    ZFI15    (0)    9 :  0.004 0.003 0.006 0.982 0.006 
316    ZFI16    (0)    9 :  0.004 0.003 0.006 0.983 0.005 
317    ZFI17    (0)    9 :  0.004 0.005 0.007 0.976 0.007 
318    ZFI18    (0)    9 :  0.003 0.007 0.005 0.979 0.006 
319    ZFI19    (9)    9 :  0.003 0.003 0.005 0.981 0.007 
320    ZFI20    (0)    9 :  0.005 0.005 0.005 0.978 0.006 
321    ZFI21    (0)    9 :  0.020 0.006 0.010 0.958 0.005 
322    ZFI22    (0)    9 :  0.005 0.003 0.006 0.980 0.006 
323    ZFI23    (0)    9 :  0.004 0.003 0.006 0.981 0.006 
324    ZFI24    (0)    9 :  0.005 0.003 0.012 0.973 0.007 
325    ZFI25    (0)    9 :  0.005 0.003 0.006 0.977 0.009 
326    ZFI26    (0)    9 :  0.004 0.003 0.006 0.980 0.007 
327    ZFI27    (0)    9 :  0.006 0.003 0.020 0.961 0.009 
328    ZFK01    (0)    9 :  0.010 0.010 0.961 0.006 0.014 
329    ZFK02    (0)   10 :  0.009 0.005 0.953 0.012 0.022 
330    ZFK03    (0)   10 :  0.009 0.013 0.942 0.015 0.021 
331    ZFK04    (0)   10 :  0.008 0.016 0.817 0.113 0.046 
332    ZFK05    (0)   10 :  0.005 0.085 0.822 0.065 0.023 
333    ZFK06    (0)   10 :  0.009 0.007 0.746 0.069 0.169 
334    ZFK07    (0)   10 :  0.011 0.022 0.941 0.006 0.020 
335    ZFK08    (0)   10 :  0.014 0.027 0.281 0.137 0.541 
336    ZFK10    (0)   10 :  0.011 0.007 0.855 0.084 0.042 
337    ZFK11    (0)   10 :  0.007 0.059 0.860 0.018 0.055 
338    ZFK12    (0)   10 :  0.019 0.010 0.819 0.006 0.146 
339    ZFK13    (0)   10 :  0.071 0.072 0.813 0.007 0.037 
340    ZFK14    (0)   10 :  0.014 0.023 0.950 0.005 0.007 
341    ZFK15    (0)   10 :  0.047 0.114 0.762 0.020 0.057 
342    ZFK16    (0)   10 :  0.043 0.037 0.897 0.004 0.019 
343   ZFLB01    (0)   11 :  0.016 0.964 0.006 0.008 0.007 
344   ZFLB02    (0)   11 :  0.004 0.976 0.003 0.009 0.009 
345   ZFLB03    (0)   11 :  0.005 0.970 0.011 0.005 0.009 
346   ZFLB04    (0)   11 :  0.064 0.745 0.129 0.047 0.015 
347   ZFLB05    (0)   11 :  0.010 0.964 0.007 0.012 0.007 
348   ZFLB06    (0)   11 :  0.010 0.964 0.010 0.007 0.009 
349   ZFLB07    (0)   11 :  0.030 0.632 0.054 0.018 0.267 
350   ZFLB08    (0)   11 :  0.005 0.965 0.005 0.014 0.011 
351   ZFLB09    (9)   11 :  0.005 0.974 0.006 0.009 0.006 
352   ZFLB10    (0)   11 :  0.003 0.982 0.004 0.006 0.004 
353   ZFLB11    (0)   11 :  0.005 0.979 0.006 0.004 0.006 
354   ZFLB12    (0)   11 :  0.003 0.982 0.004 0.005 0.005 
355   ZFLB13    (0)   11 :  0.029 0.855 0.038 0.017 0.061 
356  ZFLTI01    (0)   12 :  0.912 0.003 0.075 0.004 0.007 
357  ZFLTI02    (0)   12 :  0.469 0.002 0.517 0.004 0.007 
358  ZFLTI03    (0)   12 :  0.942 0.002 0.047 0.004 0.005 
359  ZFLTI04    (0)   12 :  0.872 0.003 0.108 0.007 0.010 
360  ZFLTI05    (0)   12 :  0.933 0.003 0.055 0.004 0.005 
361  ZFLTI06    (0)   12 :  0.981 0.003 0.008 0.004 0.004 
362  ZFLTI07    (0)   12 :  0.966 0.003 0.019 0.005 0.007 
363  ZFLTI08    (0)   12 :  0.915 0.003 0.063 0.009 0.010 
364  ZFLTI09    (0)   12 :  0.966 0.003 0.018 0.008 0.005 
365  ZFLTI10    (0)   12 :  0.967 0.002 0.020 0.005 0.006 
366  ZFLTI11    (0)   12 :  0.980 0.003 0.010 0.004 0.004 
367  ZFLTI12    (0)   12 :  0.964 0.002 0.025 0.004 0.005 
368  ZFLTI13    (0)   12 :  0.610 0.002 0.372 0.006 0.010 
369  ZFLTI14    (0)   12 :  0.064 0.002 0.921 0.006 0.007 
370 ZFONF101    (0)   13 :  0.989 0.003 0.002 0.003 0.003 
371 ZFONF102    (0)   13 :  0.973 0.012 0.003 0.005 0.006 
372 ZFONF103    (0)   13 :  0.967 0.003 0.019 0.004 0.006 
373 ZFONF104    (0)   13 :  0.989 0.002 0.004 0.003 0.003 
374 ZFONF105    (0)   13 :  0.986 0.003 0.005 0.003 0.003 
375 ZFONF106    (0)   13 :  0.986 0.002 0.004 0.005 0.003 
376 ZFONF107    (0)   13 :  0.846 0.090 0.024 0.021 0.019 
377 ZFONF108    (0)   13 :  0.942 0.016 0.029 0.006 0.007 
378 ZFONF109    (9)   13 :  0.964 0.010 0.016 0.005 0.005 
379 ZFONF110    (0)   13 :  0.987 0.002 0.005 0.002 0.003 
380 ZFONF111    (0)   13 :  0.940 0.018 0.008 0.013 0.021 
381 ZFONF112    (0)   13 :  0.985 0.002 0.006 0.003 0.003 
382 ZFONF113    (9)   13 :  0.979 0.006 0.007 0.003 0.005 
383 ZFONF115    (0)   13 :  0.980 0.003 0.008 0.005 0.004 
384 ZFONF116    (0)   13 :  0.980 0.003 0.006 0.006 0.004 
385 ZFONF117    (0)   13 :  0.973 0.003 0.014 0.004 0.005 
386 ZFONF118    (0)   13 :  0.977 0.002 0.010 0.006 0.005 
387 ZFONF119    (0)   13 :  0.974 0.008 0.010 0.004 0.005 
388 ZFONF120    (0)   13 :  0.969 0.007 0.014 0.004 0.005 
389 ZFONF121    (0)   13 :  0.982 0.004 0.005 0.004 0.004 
390 ZFONF122    (0)   13 :  0.953 0.003 0.030 0.007 0.008 
391 ZFONF123    (0)   13 :  0.904 0.075 0.005 0.006 0.009 
392 ZFONF124    (0)   13 :  0.975 0.010 0.008 0.003 0.004 
393 ZFONF125    (0)   13 :  0.887 0.070 0.015 0.006 0.021 
394 ZFONF126    (0)   13 :  0.976 0.002 0.011 0.005 0.006 
395 ZFONF201    (0)   14 :  0.775 0.094 0.042 0.059 0.030 
396 ZFONF202    (0)   14 :  0.983 0.002 0.008 0.003 0.004 
397 ZFONF203    (0)   14 :  0.962 0.004 0.008 0.004 0.022 
398 ZFONF204    (0)   14 :  0.762 0.027 0.119 0.017 0.076 
399 ZFONF206    (0)   14 :  0.633 0.026 0.011 0.016 0.314 
400 ZFONF207    (0)   14 :  0.962 0.007 0.010 0.005 0.016 
401 ZFONF208    (0)   14 :  0.966 0.005 0.013 0.005 0.010 
402 ZFONF209    (0)   14 :  0.780 0.017 0.170 0.014 0.019 
403 ZFONF210    (0)   14 :  0.982 0.002 0.010 0.003 0.004 
404 ZFONF211    (0)   14 :  0.970 0.006 0.016 0.003 0.005 
405 ZFONF212    (0)   14 :  0.987 0.002 0.004 0.003 0.003 
406 ZFONF214    (0)   14 :  0.980 0.004 0.008 0.003 0.005 
407 ZFONF215    (0)   14 :  0.986 0.002 0.006 0.002 0.003 
408 ZFONF216    (0)   14 :  0.981 0.004 0.008 0.002 0.005 
409 ZFONF217    (0)   14 :  0.983 0.004 0.007 0.003 0.003 
410 ZFONF218    (0)   14 :  0.941 0.017 0.005 0.008 0.030 
411 ZFONF219    (0)   14 :  0.987 0.002 0.004 0.002 0.005 
412 ZFONF220    (0)   14 :  0.981 0.003 0.008 0.003 0.004 
413 ZFONF222    (0)   14 :  0.947 0.022 0.010 0.005 0.016 
414 ZFONF223    (0)   14 :  0.952 0.020 0.005 0.007 0.017 
415 ZFONF224    (0)   14 :  0.981 0.003 0.006 0.003 0.007 
416 ZFONF225    (0)   14 :  0.987 0.002 0.005 0.002 0.003 
417 ZFONF226    (0)   14 :  0.982 0.003 0.007 0.003 0.005 
418 ZFONF227    (0)   14 :  0.987 0.002 0.006 0.002 0.003 
419 ZFONF228    (0)   14 :  0.986 0.002 0.005 0.003 0.003 
420 ZFONF230    (0)   14 :  0.987 0.002 0.005 0.002 0.003 
421 ZFONF231    (0)   14 :  0.976 0.003 0.014 0.003 0.004 
422 ZFONF232    (0)   14 :  0.986 0.002 0.004 0.002 0.006 
423 ZFONF233    (0)   14 :  0.976 0.003 0.010 0.003 0.008 
424 ZFONF234    (0)   14 :  0.956 0.005 0.008 0.003 0.028 
425 ZFONF235    (0)   14 :  0.979 0.002 0.010 0.002 0.007 
426 ZFONF236    (0)   14 :  0.873 0.015 0.060 0.020 0.032 
427 ZFONF238    (0)   14 :  0.977 0.003 0.006 0.004 0.010 
428 ZFONF239    (0)   14 :  0.875 0.014 0.050 0.023 0.037 
429 ZFONF240    (0)   14 :  0.979 0.002 0.014 0.002 0.003 
430 ZFONF241    (0)   14 :  0.970 0.003 0.005 0.005 0.017 
431 ZFONF242    (0)   14 :  0.978 0.003 0.010 0.003 0.006 
432 ZFONF243    (0)   14 :  0.977 0.004 0.012 0.003 0.005 
433 ZFONF244    (0)   14 :  0.983 0.003 0.007 0.003 0.004 
434 ZFONF245    (0)   14 :  0.979 0.002 0.010 0.002 0.007 
435   ZFOS01    (0)   15 :  0.032 0.004 0.952 0.005 0.007 
436   ZFOS02    (0)   15 :  0.033 0.007 0.901 0.041 0.016 
437   ZFOS03    (0)   15 :  0.015 0.152 0.803 0.015 0.014 
438   ZFOS04    (0)   15 :  0.047 0.005 0.923 0.018 0.008 
439   ZFOS05    (0)   15 :  0.030 0.003 0.951 0.008 0.009 
440   ZFOS06    (0)   15 :  0.014 0.007 0.963 0.005 0.010 
441   ZFOS07    (0)   15 :  0.007 0.003 0.948 0.035 0.007 
442   ZFOS08    (0)   15 :  0.013 0.003 0.950 0.027 0.006 
443   ZFOS09    (0)   15 :  0.140 0.039 0.751 0.037 0.034 
444   ZFOS10    (0)   15 :  0.003 0.022 0.893 0.066 0.016 
445   ZFOS11    (0)   15 :  0.019 0.005 0.912 0.011 0.054 
446   ZFOS12    (0)   15 :  0.022 0.018 0.560 0.056 0.345 
447   ZFOS13    (0)   15 :  0.014 0.004 0.946 0.020 0.016 
448   ZFOS14    (0)   15 :  0.016 0.010 0.774 0.157 0.043 
449   ZFOS15    (0)   15 :  0.004 0.004 0.977 0.008 0.007 
450   ZFOS16    (0)   15 :  0.026 0.010 0.935 0.019 0.010 
451   ZFOS17    (0)   15 :  0.005 0.010 0.960 0.015 0.010 
452   ZFOS18    (0)   15 :  0.005 0.014 0.962 0.011 0.009 
453   ZFOS19    (0)   15 :  0.005 0.005 0.969 0.007 0.014 
454   ZFOS20    (0)   15 :  0.006 0.008 0.964 0.014 0.008 
455   ZFOS21    (0)   15 :  0.017 0.007 0.960 0.011 0.004 
456   ZFOS22    (0)   15 :  0.009 0.008 0.972 0.004 0.008 
457   ZFOS23    (0)   15 :  0.003 0.013 0.580 0.362 0.043 
458   ZFOS24    (0)   15 :  0.004 0.004 0.984 0.004 0.005 
459   ZFOS25    (0)   15 :  0.031 0.003 0.950 0.007 0.009 
460   ZFOS26    (0)   15 :  0.132 0.003 0.846 0.009 0.011 
461   ZFOS27    (0)   15 :  0.017 0.012 0.960 0.006 0.005 
462   ZFOS28    (0)   15 :  0.008 0.017 0.930 0.032 0.014 
463   ZFOS29    (0)   15 :  0.009 0.017 0.949 0.017 0.009 
464   ZFOS30    (0)   15 :  0.015 0.004 0.961 0.013 0.007 
465   ZFOS31    (0)   15 :  0.149 0.005 0.658 0.099 0.089 
466   ZFOS32    (0)   15 :  0.015 0.007 0.953 0.015 0.009 
467   ZFPB01    (0)   16 :  0.002 0.986 0.003 0.005 0.004 
468   ZFPB02    (0)   16 :  0.004 0.987 0.003 0.003 0.003 
469   ZFPB03    (0)   16 :  0.003 0.986 0.005 0.003 0.003 
470   ZFPB05    (0)   16 :  0.003 0.990 0.003 0.002 0.003 
471   ZFPB06    (0)   16 :  0.003 0.986 0.004 0.004 0.003 
472   ZFPB07    (0)   16 :  0.004 0.989 0.002 0.002 0.003 
473   ZFPB08    (0)   16 :  0.004 0.986 0.004 0.003 0.004 
474   ZFPB10    (0)   16 :  0.003 0.988 0.003 0.003 0.003 
475   ZFPB11    (0)   16 :  0.003 0.988 0.003 0.003 0.004 
476   ZFPB12    (0)   16 :  0.003 0.988 0.003 0.003 0.003 
477   ZFPB13    (0)   16 :  0.003 0.988 0.003 0.003 0.003 
478   ZFPB14    (0)   16 :  0.003 0.989 0.002 0.002 0.003 
479   ZFPB15    (0)   16 :  0.004 0.987 0.003 0.003 0.003 
480   ZFPB17    (0)   16 :  0.002 0.988 0.003 0.003 0.003 
481   ZFPB18    (0)   16 :  0.003 0.990 0.002 0.002 0.003 
482   ZFPB19    (0)   16 :  0.004 0.983 0.005 0.005 0.003 
483   ZFPB20    (0)   16 :  0.002 0.990 0.002 0.002 0.003 
484   ZFPB21    (0)   16 :  0.004 0.988 0.003 0.003 0.003 
485   ZFPB22    (0)   16 :  0.002 0.989 0.003 0.003 0.003 
486   ZFPB23    (0)   16 :  0.003 0.987 0.003 0.003 0.003 
487   ZFSF01    (0)   17 :  0.004 0.002 0.005 0.723 0.266 
488   ZFSF02    (0)   17 :  0.028 0.006 0.018 0.288 0.660 
489   ZFSF03    (0)   17 :  0.004 0.003 0.004 0.785 0.204 
490   ZFSF04    (0)   17 :  0.006 0.002 0.007 0.970 0.014 
491  ZFSW101    (0)   18 :  0.043 0.003 0.008 0.939 0.008 
492  ZFSW102    (0)   18 :  0.008 0.003 0.007 0.972 0.009 
493  ZFSW103    (0)   18 :  0.025 0.003 0.015 0.946 0.011 
494  ZFSW104    (9)   18 :  0.026 0.005 0.020 0.913 0.036 
495  ZFSW105    (0)   18 :  0.023 0.003 0.007 0.962 0.006 
496  ZFSW106    (0)   18 :  0.031 0.007 0.009 0.856 0.097 
497  ZFSW107    (0)   18 :  0.006 0.004 0.005 0.979 0.005 
498  ZFSW108    (0)   18 :  0.003 0.004 0.004 0.981 0.007 
499  ZFSW109    (0)   18 :  0.007 0.003 0.008 0.977 0.005 
500  ZFSW110    (0)   18 :  0.025 0.004 0.009 0.953 0.009 
501  ZFSW111    (0)   18 :  0.077 0.004 0.015 0.894 0.011 
502  ZFSW112    (0)   18 :  0.014 0.004 0.026 0.948 0.008 
503  ZFSW113    (0)   18 :  0.036 0.004 0.012 0.906 0.043 
504  ZFSW114    (0)   18 :  0.008 0.003 0.006 0.973 0.010 
505  ZFSW115    (0)   18 :  0.011 0.002 0.007 0.855 0.125 
506  ZFSW116    (0)   18 :  0.022 0.008 0.008 0.948 0.015 
507  ZFSW117    (0)   18 :  0.038 0.005 0.013 0.928 0.016 
508  ZFSW119    (0)   18 :  0.003 0.003 0.006 0.971 0.017 
509  ZFSW120    (0)   18 :  0.002 0.003 0.003 0.963 0.028 
510  ZFSW121    (0)   18 :  0.031 0.006 0.013 0.855 0.095 
511  ZFSW122    (0)   18 :  0.010 0.003 0.008 0.973 0.005 
512  ZFSW123    (0)   18 :  0.003 0.003 0.004 0.985 0.004 
513  ZFSW124    (0)   18 :  0.004 0.003 0.007 0.980 0.007 
514  ZFSW201    (0)   19 :  0.003 0.006 0.005 0.977 0.009 
515  ZFSW202    (0)   19 :  0.004 0.005 0.005 0.980 0.006 
516  ZFSW203    (0)   19 :  0.004 0.004 0.007 0.977 0.007 
517  ZFSW204    (0)   19 :  0.005 0.005 0.009 0.973 0.008 
518  ZFSW205    (0)   19 :  0.005 0.003 0.006 0.979 0.006 
519  ZFSW206    (0)   19 :  0.004 0.004 0.006 0.967 0.019 
520  ZFSW207    (0)   19 :  0.007 0.003 0.007 0.976 0.006 
521  ZFSW208    (0)   19 :  0.005 0.003 0.006 0.971 0.016 
522  ZFSW209    (0)   19 :  0.007 0.004 0.006 0.859 0.124 
523  ZFSW210    (0)   19 :  0.018 0.003 0.018 0.951 0.009 
524  ZFSW211    (0)   19 :  0.009 0.004 0.010 0.936 0.041 
525  ZFSW212    (0)   19 :  0.006 0.003 0.007 0.975 0.008 
526  ZFSW213    (0)   19 :  0.004 0.003 0.007 0.980 0.006 
527  ZFSW214    (0)   19 :  0.006 0.002 0.010 0.974 0.007 
528  ZFSW215    (0)   19 :  0.003 0.004 0.006 0.982 0.005 
529  ZFSW216    (0)   19 :  0.007 0.003 0.010 0.966 0.013 
530  ZFSW217    (0)   19 :  0.004 0.003 0.006 0.980 0.006 
531  ZFSW218    (0)   19 :  0.005 0.003 0.007 0.978 0.007 
532  ZFSW219    (0)   19 :  0.007 0.004 0.013 0.946 0.029 
533  ZFSW220    (0)   19 :  0.004 0.009 0.006 0.967 0.014 
534  ZFSW221    (0)   19 :  0.007 0.004 0.009 0.957 0.023 
535  ZFSW222    (0)   19 :  0.003 0.004 0.004 0.982 0.007 
536  ZFSW223    (0)   19 :  0.004 0.008 0.006 0.969 0.014 
537  ZFSW224    (0)   19 :  0.007 0.003 0.008 0.963 0.018 
538  ZFSW225    (0)   19 :  0.006 0.004 0.008 0.972 0.010 
539  ZFSW226    (0)   19 :  0.004 0.005 0.005 0.980 0.005 
540  ZFSW227    (0)   19 :  0.005 0.003 0.006 0.979 0.007 
541  ZFSW229    (0)   19 :  0.005 0.004 0.006 0.972 0.013 
542  ZFSW230    (0)   19 :  0.011 0.004 0.006 0.974 0.005 
543  ZFSW231    (0)   19 :  0.005 0.004 0.007 0.967 0.018 
544  ZFSW232    (0)   19 :  0.004 0.004 0.005 0.979 0.009 
545  ZFSW233    (0)   19 :  0.006 0.005 0.005 0.965 0.018 
546  ZFSW234    (0)   19 :  0.003 0.004 0.004 0.984 0.005 
547  ZFSW235    (0)   19 :  0.006 0.005 0.008 0.970 0.011 
548  ZFSW236    (0)   19 :  0.005 0.003 0.006 0.981 0.005 
549  ZFSW237    (0)   19 :  0.005 0.003 0.009 0.965 0.017 
550  ZFSW238    (0)   19 :  0.028 0.014 0.039 0.765 0.154 
551  ZFSW239    (0)   19 :  0.007 0.004 0.004 0.980 0.004 
552  ZFSW240    (0)   19 :  0.003 0.004 0.005 0.981 0.007 
553   ZFTS01    (0)   20 :  0.004 0.026 0.003 0.956 0.011 
554   ZFTS02    (0)   20 :  0.007 0.006 0.005 0.974 0.008 
555   ZFTS03    (0)   20 :  0.004 0.006 0.004 0.979 0.006 
556   ZFTS04    (0)   20 :  0.004 0.029 0.004 0.952 0.011 
557   ZFTS05    (0)   20 :  0.006 0.235 0.007 0.722 0.030 
558   ZFTS07    (0)   20 :  0.004 0.161 0.004 0.808 0.023 
559   ZFTS08    (0)   20 :  0.003 0.011 0.004 0.973 0.009 
560   ZFTS09    (0)   20 :  0.003 0.037 0.003 0.946 0.011 
561   ZFTS10    (0)   20 :  0.004 0.006 0.004 0.980 0.006 
562   ZFTS11    (0)   20 :  0.004 0.010 0.004 0.972 0.010 
563   ZFTS12    (0)   20 :  0.004 0.065 0.007 0.910 0.014 
564   ZFTS14    (0)   20 :  0.005 0.083 0.004 0.880 0.028 
565   ZFTS15    (0)   20 :  0.007 0.040 0.004 0.917 0.033 
566   ZFTS16    (0)   20 :  0.005 0.008 0.006 0.974 0.007 
567   ZFTS17    (9)   20 :  0.005 0.048 0.007 0.922 0.018 
568   ZFTS18    (0)   20 :  0.003 0.007 0.005 0.980 0.005 
569   ZFTS19    (9)   20 :  0.003 0.011 0.004 0.976 0.006 
570   ZFTS20    (0)   20 :  0.003 0.019 0.005 0.960 0.012 
571   ZFTS21    (0)   20 :  0.003 0.029 0.004 0.947 0.016 
572   ZFTS22    (0)   20 :  0.003 0.024 0.004 0.956 0.014 
573   ZFTS23    (0)   20 :  0.006 0.031 0.006 0.944 0.013 
574   ZFTS24    (0)   20 :  0.003 0.014 0.005 0.972 0.006 
575   ZFTS25    (0)   20 :  0.006 0.018 0.003 0.951 0.021 
576   ZFTS26    (0)   20 :  0.002 0.005 0.003 0.984 0.005 
577   ZFTS27    (0)   20 :  0.005 0.160 0.005 0.818 0.011 
578   ZFTS28    (0)   20 :  0.013 0.192 0.012 0.710 0.073 
579   ZFTS29    (0)   20 :  0.002 0.084 0.004 0.895 0.015 
580   ZFTS30    (0)   20 :  0.003 0.072 0.005 0.901 0.018 
581   ZFTS31    (0)   20 :  0.005 0.083 0.008 0.894 0.011 
582   ZFTS32    (0)   20 :  0.004 0.024 0.006 0.950 0.016 
583   ZFTS33    (0)   20 :  0.006 0.017 0.006 0.945 0.026 
584   ZFTS34    (0)   20 :  0.006 0.012 0.003 0.972 0.008 
585   ZFTS35    (0)   20 :  0.004 0.003 0.004 0.982 0.006 
586   ZFTS36    (0)   20 :  0.004 0.030 0.005 0.948 0.013 
587   ZFTS37    (0)   20 :  0.004 0.010 0.005 0.973 0.008 
588   ZFTS38    (0)   20 :  0.005 0.015 0.006 0.957 0.018 
589   ZFTS39    (0)   20 :  0.004 0.021 0.004 0.961 0.010 
590   ZFTS40    (0)   20 :  0.015 0.030 0.008 0.906 0.041 
591 ZFTSP101    (0)   21 :  0.926 0.003 0.061 0.004 0.006 
592 ZFTSP102    (0)   21 :  0.041 0.003 0.940 0.006 0.009 
593 ZFTSP103    (0)   21 :  0.023 0.003 0.966 0.004 0.005 
594 ZFTSP104    (0)   21 :  0.983 0.003 0.005 0.003 0.005 
595 ZFTSP105    (0)   21 :  0.253 0.004 0.731 0.006 0.006 
596 ZFTSP106    (0)   21 :  0.975 0.006 0.008 0.004 0.007 
597 ZFTSP107    (0)   21 :  0.879 0.004 0.099 0.004 0.015 
598 ZFTSP108    (0)   21 :  0.952 0.006 0.028 0.003 0.010 
599 ZFTSP109    (0)   21 :  0.950 0.004 0.013 0.004 0.030 
600 ZFTSP110    (0)   21 :  0.970 0.004 0.014 0.004 0.008 
601 ZFTSP111    (0)   21 :  0.970 0.003 0.019 0.004 0.005 
602 ZFTSP112    (0)   21 :  0.915 0.004 0.070 0.005 0.006 
603 ZFTSP113    (0)   21 :  0.962 0.004 0.014 0.004 0.016 
604 ZFTSP114    (0)   21 :  0.953 0.004 0.034 0.003 0.006 
605 ZFTSP115    (0)   21 :  0.958 0.004 0.030 0.003 0.005 
606 ZFTSP116    (0)   21 :  0.905 0.003 0.078 0.004 0.009 
607 ZFTSP117    (0)   21 :  0.981 0.003 0.008 0.004 0.004 
608 ZFTSP118    (0)   21 :  0.859 0.003 0.127 0.005 0.005 
609 ZFTSP119    (0)   21 :  0.899 0.003 0.010 0.035 0.052 
610 ZFTSP120    (0)   21 :  0.949 0.003 0.039 0.005 0.003 
611 ZFTSP121    (0)   21 :  0.525 0.026 0.360 0.017 0.072 
612 ZFTSP122    (0)   21 :  0.811 0.004 0.177 0.003 0.005 
613 ZFTSP123    (0)   21 :  0.982 0.004 0.007 0.003 0.004 
614 ZFTSP124    (0)   21 :  0.978 0.003 0.011 0.002 0.005 
615 ZFTSP125    (0)   21 :  0.982 0.004 0.006 0.002 0.005 
616 ZFTSP126    (0)   21 :  0.968 0.005 0.015 0.003 0.009 
617 ZFTSP127    (0)   21 :  0.975 0.004 0.013 0.002 0.005 
618 ZFTSP128    (0)   21 :  0.945 0.004 0.042 0.003 0.005 
619 ZFTSP129    (0)   21 :  0.957 0.003 0.033 0.003 0.004 
