

----------------------------------------------------
STRUCTURE by Pritchard, Stephens and Donnelly (2000)
     and Falush, Stephens and Pritchard (2003)
       Code by Pritchard, Falush and Hubisz
             Version 2.3.4 (Jul 2012)
----------------------------------------------------



Command line arguments:   bin\structure -m C:\Users\eschumacher\Documents\GitHub\GCC_QUAC_ZAIN\Data_Files\Structure_Files\ZAIN\ZAIN_rebinned_wild\50-50\mainparams -e C:\Users\eschumacher\Documents\GitHub\GCC_QUAC_ZAIN\Data_Files\Structure_Files\ZAIN\ZAIN_rebinned_wild\50-50\extraparams 
Input File:    C:\Users\eschumacher\Documents\GitHub\GCC_QUAC_ZAIN\Data_Files\Structure_Files\ZAIN\ZAIN_rebinned_wild\project_data

Run parameters:
   751 individuals
   11 loci
   14 populations assumed
   50000 Burn-in period
   50000 Reps


--------------------------------------------
Proportion of membership of each pre-defined
 population in each of the 14 clusters

Given    Inferred Clusters                                                                                    Number of
 Pop       1      2      3      4      5      6      7      8      9     10     11     12     13     14      Individuals

  1:     0.009  0.014  0.005  0.005  0.871  0.024  0.018  0.005  0.011  0.004  0.004  0.013  0.009  0.007       35
  2:     0.021  0.005  0.154  0.019  0.006  0.004  0.009  0.294  0.005  0.015  0.021  0.006  0.008  0.434       36
  3:     0.009  0.004  0.082  0.009  0.004  0.006  0.006  0.234  0.006  0.023  0.026  0.006  0.014  0.570       33
  4:     0.037  0.016  0.008  0.858  0.006  0.007  0.007  0.009  0.009  0.009  0.009  0.006  0.007  0.011       40
  5:     0.006  0.003  0.038  0.006  0.003  0.004  0.003  0.007  0.004  0.900  0.009  0.004  0.006  0.007       39
  6:     0.013  0.024  0.018  0.018  0.040  0.018  0.630  0.017  0.018  0.013  0.012  0.093  0.054  0.031       40
  7:     0.051  0.027  0.010  0.022  0.023  0.047  0.077  0.010  0.057  0.010  0.022  0.585  0.048  0.010       37
  8:     0.006  0.003  0.082  0.006  0.005  0.003  0.004  0.107  0.005  0.012  0.017  0.003  0.005  0.742       40
  9:     0.040  0.027  0.006  0.005  0.792  0.004  0.010  0.004  0.077  0.012  0.003  0.007  0.007  0.005       28
 10:     0.920  0.005  0.007  0.017  0.004  0.006  0.004  0.006  0.004  0.005  0.006  0.004  0.005  0.007       14
 11:     0.021  0.010  0.013  0.006  0.010  0.830  0.008  0.008  0.014  0.030  0.005  0.023  0.014  0.010       13
 12:     0.007  0.003  0.885  0.020  0.004  0.002  0.004  0.015  0.007  0.024  0.008  0.004  0.006  0.012       14
 13:     0.008  0.004  0.014  0.006  0.003  0.007  0.005  0.868  0.005  0.007  0.019  0.005  0.006  0.044       25
 14:     0.005  0.004  0.009  0.007  0.005  0.005  0.006  0.011  0.005  0.006  0.907  0.005  0.006  0.018       40
 15:     0.026  0.008  0.054  0.762  0.023  0.008  0.022  0.019  0.009  0.017  0.007  0.009  0.018  0.020       32
 16:     0.003  0.003  0.003  0.003  0.003  0.962  0.003  0.003  0.003  0.003  0.003  0.004  0.003  0.003       20
 17:     0.012  0.035  0.008  0.007  0.459  0.003  0.237  0.007  0.019  0.004  0.005  0.038  0.153  0.012        4
 18:     0.010  0.061  0.008  0.009  0.140  0.004  0.421  0.012  0.263  0.005  0.008  0.008  0.010  0.042       23
 19:     0.006  0.012  0.004  0.006  0.015  0.004  0.009  0.004  0.912  0.004  0.004  0.008  0.007  0.005       39
 20:     0.010  0.919  0.004  0.004  0.012  0.007  0.005  0.004  0.011  0.004  0.003  0.007  0.005  0.004       38
 21:     0.007  0.004  0.717  0.008  0.004  0.005  0.005  0.026  0.004  0.110  0.048  0.006  0.011  0.045       45
 22:     0.023  0.004  0.389  0.013  0.005  0.013  0.005  0.151  0.005  0.119  0.023  0.010  0.008  0.233       28
 23:     0.005  0.006  0.005  0.008  0.333  0.011  0.046  0.006  0.529  0.007  0.005  0.023  0.007  0.006        6
 24:     0.010  0.009  0.012  0.006  0.014  0.004  0.015  0.007  0.019  0.011  0.013  0.017  0.857  0.006       40
 25:     0.020  0.021  0.020  0.009  0.015  0.038  0.034  0.009  0.010  0.009  0.010  0.776  0.019  0.008       42
--------------------------------------------

Allele-freq. divergence among pops (Net nucleotide distance),
computed using point estimates of P.

      1       2       3       4       5       6       7       8       9      10      11      12      13      14      
 1      -    0.2398  0.1939  0.1974  0.2626  0.3230  0.1844  0.1906  0.2825  0.2460  0.2826  0.1585  0.1875  0.2338  
 2   0.2398     -    0.3086  0.2696  0.1541  0.2238  0.1349  0.2996  0.1766  0.3768  0.3603  0.1430  0.2399  0.3156  
 3   0.1939  0.3086     -    0.1737  0.2637  0.3746  0.1463  0.0806  0.2840  0.1364  0.1323  0.1666  0.1322  0.0657  
 4   0.1974  0.2696  0.1737     -    0.2223  0.3547  0.1247  0.2020  0.1889  0.2022  0.2081  0.1578  0.1893  0.2379  
 5   0.2626  0.1541  0.2637  0.2223     -    0.3121  0.0995  0.2656  0.1047  0.2979  0.3775  0.1369  0.2286  0.2563  
 6   0.3230  0.2238  0.3746  0.3547  0.3121     -    0.2661  0.3831  0.3684  0.4548  0.4646  0.1833  0.3780  0.3926  
 7   0.1844  0.1349  0.1463  0.1247  0.0995  0.2661     -    0.1446  0.1179  0.2569  0.2013  0.0709  0.1201  0.1436  
 8   0.1906  0.2996  0.0806  0.2020  0.2656  0.3831  0.1446     -    0.2891  0.2342  0.1062  0.1995  0.1904  0.0505  
 9   0.2825  0.1766  0.2840  0.1889  0.1047  0.3684  0.1179  0.2891     -    0.3090  0.3934  0.1244  0.2074  0.2871  
10   0.2460  0.3768  0.1364  0.2022  0.2979  0.4548  0.2569  0.2342  0.3090     -    0.2976  0.2018  0.2526  0.2668  
11   0.2826  0.3603  0.1323  0.2081  0.3775  0.4646  0.2013  0.1062  0.3934  0.2976     -    0.2826  0.1904  0.1430  
12   0.1585  0.1430  0.1666  0.1578  0.1369  0.1833  0.0709  0.1995  0.1244  0.2018  0.2826     -    0.1177  0.2200  
13   0.1875  0.2399  0.1322  0.1893  0.2286  0.3780  0.1201  0.1904  0.2074  0.2526  0.1904  0.1177     -    0.1851  
14   0.2338  0.3156  0.0657  0.2379  0.2563  0.3926  0.1436  0.0505  0.2871  0.2668  0.1430  0.2200  0.1851     -    

Average distances (expected heterozygosity) between individuals in same cluster:
cluster  1  : 0.2435 
cluster  2  : 0.3758 
cluster  3  : 0.4246 
cluster  4  : 0.3924 
cluster  5  : 0.4664 
cluster  6  : 0.2495 
cluster  7  : 0.6108 
cluster  8  : 0.4119 
cluster  9  : 0.3072 
cluster 10  : 0.2241 
cluster 11  : 0.3586 
cluster 12  : 0.5316 
cluster 13  : 0.3845 
cluster 14  : 0.3613 

--------------------------------------------
Estimated Ln Prob of Data   = -13003.8
Mean value of ln likelihood = -12507.4
Variance of ln likelihood   = 992.7
Mean value of alpha         = 0.0319

Mean value of Fst_1         = 0.6329
Mean value of Fst_2         = 0.5517
Mean value of Fst_3         = 0.4338
Mean value of Fst_4         = 0.4121
Mean value of Fst_5         = 0.4649
Mean value of Fst_6         = 0.6325
Mean value of Fst_7         = 0.1382
Mean value of Fst_8         = 0.3580
Mean value of Fst_9         = 0.5129
Mean value of Fst_10         = 0.6718
Mean value of Fst_11         = 0.4529
Mean value of Fst_12         = 0.1520
Mean value of Fst_13         = 0.4251
Mean value of Fst_14         = 0.4488


Inferred ancestry of individuals:
        Label (%Miss) Pop:  Inferred clusters
  1    ZFB01    (0)    1 :  0.002 0.006 0.003 0.004 0.949 0.005 0.004 0.003 0.009 0.003 0.003 0.003 0.003 0.004 
  2    ZFB02    (0)    1 :  0.007 0.079 0.002 0.011 0.825 0.014 0.025 0.003 0.013 0.002 0.003 0.007 0.005 0.004 
  3    ZFB03    (0)    1 :  0.004 0.008 0.015 0.007 0.862 0.003 0.017 0.007 0.023 0.017 0.002 0.016 0.009 0.011 
  4    ZFB04    (0)    1 :  0.009 0.045 0.003 0.006 0.890 0.012 0.011 0.003 0.006 0.002 0.002 0.005 0.003 0.005 
  5    ZFB05    (0)    1 :  0.043 0.047 0.005 0.008 0.701 0.082 0.010 0.003 0.009 0.010 0.009 0.042 0.028 0.003 
  6    ZFB06    (0)    1 :  0.022 0.021 0.005 0.007 0.771 0.067 0.007 0.003 0.011 0.008 0.012 0.043 0.020 0.002 
  7    ZFB07    (9)    1 :  0.006 0.006 0.005 0.003 0.801 0.011 0.011 0.005 0.072 0.005 0.006 0.048 0.014 0.007 
  8    ZFB08    (0)    1 :  0.010 0.012 0.008 0.007 0.862 0.003 0.011 0.009 0.027 0.005 0.008 0.006 0.024 0.009 
  9    ZFB09    (0)    1 :  0.003 0.005 0.002 0.003 0.953 0.003 0.005 0.003 0.008 0.003 0.002 0.004 0.004 0.003 
 10    ZFB10    (0)    1 :  0.007 0.008 0.008 0.005 0.905 0.004 0.014 0.010 0.003 0.002 0.006 0.003 0.005 0.020 
 11    ZFB11    (0)    1 :  0.004 0.005 0.003 0.004 0.943 0.011 0.005 0.004 0.004 0.002 0.003 0.003 0.003 0.005 
 12    ZFB12    (0)    1 :  0.003 0.022 0.006 0.004 0.877 0.021 0.015 0.004 0.005 0.004 0.003 0.011 0.019 0.007 
 13    ZFB13    (0)    1 :  0.015 0.016 0.007 0.004 0.868 0.003 0.027 0.012 0.007 0.004 0.008 0.007 0.011 0.012 
 14    ZFB14    (0)    1 :  0.004 0.004 0.003 0.005 0.945 0.003 0.008 0.004 0.006 0.003 0.003 0.003 0.004 0.005 
 15    ZFB15    (0)    1 :  0.003 0.010 0.002 0.002 0.950 0.005 0.004 0.002 0.007 0.002 0.002 0.004 0.003 0.002 
 16    ZFB16    (0)    1 :  0.012 0.019 0.006 0.003 0.906 0.004 0.011 0.006 0.005 0.003 0.004 0.005 0.009 0.008 
 17    ZFB17    (0)    1 :  0.031 0.010 0.007 0.012 0.839 0.022 0.015 0.005 0.005 0.002 0.008 0.008 0.027 0.009 
 18    ZFB18    (0)    1 :  0.003 0.003 0.002 0.004 0.958 0.003 0.006 0.003 0.005 0.002 0.002 0.003 0.003 0.004 
 19    ZFB19    (0)    1 :  0.006 0.010 0.019 0.004 0.468 0.005 0.297 0.021 0.038 0.006 0.010 0.037 0.033 0.046 
 20    ZFB20    (0)    1 :  0.022 0.033 0.005 0.003 0.872 0.015 0.012 0.006 0.004 0.003 0.004 0.006 0.008 0.008 
 21    ZFB21    (0)    1 :  0.004 0.006 0.002 0.003 0.951 0.006 0.003 0.002 0.006 0.003 0.002 0.005 0.003 0.002 
 22    ZFB22    (0)    1 :  0.005 0.026 0.009 0.007 0.875 0.021 0.011 0.006 0.005 0.002 0.008 0.007 0.010 0.009 
 23    ZFB23    (0)    1 :  0.005 0.005 0.003 0.004 0.942 0.012 0.005 0.004 0.003 0.003 0.002 0.004 0.003 0.005 
 24    ZFB24    (0)    1 :  0.005 0.009 0.002 0.003 0.937 0.014 0.004 0.004 0.005 0.003 0.002 0.004 0.003 0.004 
 25    ZFB25    (0)    1 :  0.003 0.003 0.005 0.004 0.947 0.005 0.004 0.005 0.003 0.003 0.003 0.003 0.003 0.011 
 26    ZFB26    (0)    1 :  0.010 0.007 0.004 0.004 0.916 0.026 0.003 0.006 0.004 0.003 0.003 0.005 0.003 0.007 
 27    ZFB27    (0)    1 :  0.003 0.006 0.003 0.004 0.902 0.054 0.004 0.004 0.005 0.002 0.003 0.004 0.002 0.004 
 28    ZFB28    (0)    1 :  0.009 0.011 0.005 0.007 0.779 0.121 0.012 0.004 0.004 0.004 0.002 0.024 0.010 0.006 
 29    ZFB29    (0)    1 :  0.008 0.009 0.002 0.004 0.941 0.009 0.006 0.003 0.005 0.002 0.002 0.004 0.003 0.003 
 30    ZFB30    (0)    1 :  0.004 0.008 0.004 0.003 0.635 0.197 0.007 0.004 0.022 0.007 0.011 0.078 0.017 0.004 
 31    ZFB31    (0)    1 :  0.003 0.004 0.005 0.004 0.929 0.006 0.012 0.006 0.005 0.003 0.003 0.004 0.003 0.010 
 32    ZFB32    (0)    1 :  0.023 0.015 0.007 0.019 0.775 0.058 0.016 0.008 0.007 0.005 0.004 0.023 0.029 0.010 
 33    ZFB33    (0)    1 :  0.003 0.009 0.002 0.003 0.953 0.005 0.005 0.002 0.005 0.002 0.002 0.004 0.003 0.003 
 34    ZFB34    (0)    1 :  0.003 0.005 0.003 0.006 0.936 0.003 0.006 0.003 0.017 0.003 0.003 0.005 0.004 0.004 
 35    ZFB35    (0)    1 :  0.006 0.011 0.004 0.004 0.930 0.004 0.004 0.004 0.012 0.004 0.003 0.004 0.004 0.005 
 36  ZFBP101    (0)    2 :  0.105 0.008 0.358 0.056 0.009 0.003 0.013 0.143 0.004 0.015 0.038 0.007 0.011 0.229 
 37  ZFBP102    (0)    2 :  0.035 0.016 0.288 0.009 0.013 0.003 0.016 0.422 0.005 0.004 0.014 0.010 0.008 0.157 
 38  ZFBP103    (0)    2 :  0.043 0.009 0.657 0.087 0.008 0.003 0.013 0.024 0.004 0.023 0.012 0.007 0.006 0.104 
 39  ZFBP104    (0)    2 :  0.005 0.010 0.514 0.004 0.018 0.003 0.018 0.082 0.021 0.009 0.008 0.011 0.028 0.270 
 40  ZFBP105    (0)    2 :  0.007 0.005 0.091 0.005 0.006 0.005 0.006 0.615 0.005 0.011 0.005 0.007 0.008 0.223 
 41  ZFBP106    (0)    2 :  0.013 0.003 0.082 0.008 0.003 0.003 0.004 0.420 0.003 0.020 0.011 0.003 0.006 0.422 
 42  ZFBP107    (0)    2 :  0.041 0.006 0.227 0.007 0.007 0.029 0.006 0.332 0.005 0.019 0.005 0.015 0.010 0.292 
 43  ZFBP108    (0)    2 :  0.005 0.002 0.012 0.003 0.002 0.003 0.003 0.090 0.003 0.007 0.006 0.003 0.003 0.858 
 44  ZFBP109    (0)    2 :  0.004 0.002 0.031 0.004 0.003 0.002 0.008 0.758 0.007 0.006 0.005 0.004 0.005 0.163 
 45  ZFBP110    (0)    2 :  0.039 0.009 0.239 0.026 0.044 0.003 0.068 0.115 0.008 0.103 0.006 0.021 0.008 0.309 
 46  ZFBP111    (0)    2 :  0.004 0.003 0.411 0.004 0.003 0.004 0.004 0.114 0.003 0.009 0.122 0.004 0.016 0.301 
 47  ZFBP112    (0)    2 :  0.015 0.005 0.017 0.013 0.003 0.005 0.005 0.050 0.003 0.010 0.046 0.004 0.008 0.814 
 48  ZFBP113    (0)    2 :  0.003 0.003 0.009 0.003 0.003 0.003 0.004 0.008 0.003 0.003 0.004 0.003 0.005 0.947 
 49  ZFBP114    (0)    2 :  0.009 0.003 0.027 0.003 0.003 0.006 0.003 0.909 0.004 0.004 0.005 0.005 0.003 0.017 
 50  ZFBP115    (0)    2 :  0.009 0.003 0.825 0.007 0.003 0.003 0.004 0.085 0.003 0.015 0.011 0.004 0.007 0.023 
 51  ZFBP116    (0)    2 :  0.006 0.003 0.025 0.004 0.002 0.004 0.004 0.045 0.003 0.006 0.006 0.004 0.007 0.880 
 52  ZFBP117    (0)    2 :  0.005 0.002 0.020 0.011 0.003 0.002 0.006 0.538 0.003 0.007 0.007 0.004 0.004 0.387 
 53  ZFBP118    (0)    2 :  0.014 0.003 0.041 0.003 0.004 0.008 0.003 0.757 0.003 0.004 0.008 0.008 0.004 0.139 
 54  ZFBP119    (0)    2 :  0.012 0.002 0.133 0.024 0.003 0.002 0.007 0.733 0.004 0.015 0.017 0.004 0.018 0.024 
 55  ZFBP120    (0)    2 :  0.006 0.005 0.108 0.004 0.007 0.005 0.005 0.258 0.006 0.014 0.005 0.006 0.009 0.561 
 56  ZFBP121    (0)    2 :  0.006 0.003 0.024 0.009 0.005 0.003 0.006 0.737 0.005 0.008 0.005 0.004 0.005 0.180 
 57  ZFBP122    (9)    2 :  0.005 0.003 0.029 0.004 0.003 0.003 0.004 0.065 0.004 0.006 0.009 0.003 0.006 0.856 
 58  ZFBP123    (0)    2 :  0.045 0.004 0.010 0.010 0.003 0.007 0.005 0.049 0.004 0.005 0.015 0.004 0.008 0.831 
 59  ZFBP124    (0)    2 :  0.008 0.004 0.019 0.004 0.005 0.004 0.004 0.728 0.012 0.005 0.005 0.004 0.004 0.193 
 60  ZFBP125    (0)    2 :  0.006 0.002 0.047 0.007 0.002 0.003 0.004 0.618 0.003 0.009 0.017 0.003 0.005 0.274 
 61  ZFBP126    (0)    2 :  0.020 0.014 0.016 0.014 0.009 0.003 0.024 0.018 0.004 0.003 0.005 0.009 0.012 0.849 
 62  ZFBP127    (0)    2 :  0.007 0.003 0.170 0.017 0.003 0.003 0.003 0.462 0.004 0.092 0.005 0.005 0.003 0.224 
 63  ZFBP128    (0)    2 :  0.008 0.002 0.018 0.013 0.003 0.002 0.004 0.029 0.003 0.014 0.025 0.002 0.004 0.872 
 64  ZFBP129    (0)    2 :  0.008 0.003 0.007 0.010 0.004 0.003 0.006 0.331 0.008 0.008 0.140 0.005 0.005 0.462 
 65  ZFBP130    (0)    2 :  0.010 0.003 0.049 0.029 0.002 0.004 0.004 0.275 0.002 0.011 0.074 0.003 0.009 0.526 
 66  ZFBP131    (0)    2 :  0.003 0.003 0.004 0.003 0.003 0.003 0.004 0.055 0.004 0.003 0.004 0.003 0.004 0.904 
 67  ZFBP132    (0)    2 :  0.004 0.002 0.019 0.004 0.006 0.004 0.005 0.374 0.003 0.018 0.004 0.003 0.003 0.549 
 68  ZFBP133    (0)    2 :  0.003 0.002 0.006 0.006 0.002 0.002 0.004 0.014 0.003 0.003 0.028 0.002 0.005 0.920 
 69  ZFBP134    (0)    2 :  0.003 0.003 0.765 0.022 0.004 0.003 0.005 0.016 0.003 0.010 0.011 0.003 0.010 0.142 
 70  ZFBP135    (0)    2 :  0.066 0.007 0.074 0.192 0.012 0.002 0.034 0.151 0.006 0.021 0.015 0.006 0.006 0.409 
 71  ZFBP136    (0)    2 :  0.188 0.004 0.182 0.053 0.003 0.007 0.006 0.180 0.004 0.017 0.041 0.004 0.007 0.303 
 72  ZFBP201    (0)    3 :  0.005 0.004 0.008 0.004 0.004 0.006 0.005 0.008 0.004 0.007 0.004 0.004 0.006 0.931 
 73  ZFBP202    (0)    3 :  0.006 0.003 0.022 0.004 0.005 0.003 0.005 0.115 0.008 0.011 0.008 0.005 0.006 0.800 
 74  ZFBP203    (0)    3 :  0.007 0.020 0.014 0.004 0.005 0.054 0.012 0.036 0.006 0.004 0.013 0.026 0.024 0.773 
 75  ZFBP204    (0)    3 :  0.028 0.004 0.113 0.011 0.004 0.005 0.005 0.684 0.004 0.015 0.016 0.005 0.009 0.096 
 76  ZFBP205    (0)    3 :  0.013 0.004 0.019 0.010 0.002 0.005 0.008 0.521 0.005 0.003 0.016 0.004 0.007 0.386 
 77  ZFBP206    (0)    3 :  0.021 0.005 0.006 0.006 0.003 0.006 0.005 0.015 0.005 0.004 0.014 0.004 0.010 0.896 
 78  ZFBP207    (0)    3 :  0.007 0.003 0.114 0.010 0.005 0.004 0.007 0.671 0.004 0.145 0.008 0.003 0.005 0.015 
 79  ZFBP208    (0)    3 :  0.013 0.006 0.007 0.004 0.002 0.011 0.005 0.023 0.004 0.003 0.007 0.005 0.013 0.896 
 80  ZFBP209    (0)    3 :  0.003 0.002 0.008 0.012 0.002 0.002 0.005 0.283 0.005 0.003 0.135 0.002 0.005 0.532 
 81  ZFBP210    (0)    3 :  0.006 0.005 0.010 0.004 0.004 0.008 0.004 0.026 0.004 0.008 0.007 0.004 0.009 0.900 
 82  ZFBP211    (0)    3 :  0.009 0.004 0.011 0.004 0.006 0.003 0.004 0.698 0.007 0.009 0.005 0.004 0.004 0.233 
 83  ZFBP212    (0)    3 :  0.003 0.003 0.049 0.003 0.006 0.003 0.003 0.050 0.004 0.032 0.005 0.003 0.003 0.835 
 84  ZFBP213    (0)    3 :  0.029 0.005 0.009 0.009 0.005 0.004 0.006 0.053 0.016 0.012 0.009 0.005 0.011 0.825 
 85  ZFBP214    (0)    3 :  0.027 0.003 0.025 0.041 0.007 0.004 0.018 0.034 0.018 0.032 0.062 0.008 0.041 0.679 
 86  ZFBP215    (0)    3 :  0.006 0.003 0.009 0.005 0.003 0.002 0.004 0.057 0.003 0.006 0.008 0.003 0.004 0.886 
 87  ZFBP216    (0)    3 :  0.006 0.005 0.059 0.005 0.004 0.007 0.006 0.172 0.005 0.006 0.005 0.009 0.029 0.682 
 88  ZFBP217    (0)    3 :  0.004 0.003 0.080 0.007 0.006 0.004 0.006 0.046 0.006 0.040 0.134 0.007 0.031 0.626 
 89  ZFBP218    (0)    3 :  0.003 0.003 0.034 0.005 0.002 0.004 0.004 0.455 0.010 0.003 0.013 0.003 0.007 0.456 
 90  ZFBP219    (0)    3 :  0.003 0.003 0.008 0.003 0.002 0.004 0.003 0.012 0.003 0.003 0.004 0.004 0.005 0.944 
 91  ZFBP220    (0)    3 :  0.009 0.003 0.145 0.021 0.003 0.003 0.005 0.101 0.003 0.016 0.044 0.003 0.006 0.639 
 92  ZFBP221    (0)    3 :  0.003 0.003 0.552 0.004 0.004 0.004 0.004 0.178 0.006 0.008 0.008 0.003 0.005 0.219 
 93  ZFBP222    (0)    3 :  0.005 0.004 0.004 0.006 0.003 0.004 0.005 0.018 0.004 0.003 0.006 0.003 0.006 0.928 
 94  ZFBP223    (0)    3 :  0.010 0.003 0.079 0.008 0.008 0.006 0.007 0.162 0.005 0.229 0.007 0.006 0.005 0.465 
 95  ZFBP224    (0)    3 :  0.015 0.004 0.010 0.006 0.003 0.005 0.005 0.023 0.008 0.005 0.004 0.006 0.007 0.900 
 96  ZFBP225    (0)    3 :  0.009 0.005 0.337 0.012 0.002 0.010 0.006 0.041 0.003 0.023 0.214 0.006 0.015 0.316 
 97  ZFBP226    (0)    3 :  0.005 0.004 0.020 0.004 0.003 0.005 0.004 0.244 0.003 0.005 0.005 0.004 0.006 0.688 
 98  ZFBP227    (0)    3 :  0.011 0.010 0.274 0.006 0.009 0.004 0.017 0.181 0.017 0.009 0.007 0.026 0.138 0.291 
 99  ZFBP228    (0)    3 :  0.005 0.003 0.354 0.022 0.004 0.003 0.005 0.253 0.005 0.081 0.008 0.004 0.004 0.250 
100  ZFBP229    (0)    3 :  0.004 0.002 0.027 0.008 0.002 0.003 0.005 0.179 0.002 0.005 0.020 0.003 0.007 0.730 
101  ZFBP230    (0)    3 :  0.010 0.003 0.258 0.035 0.003 0.004 0.008 0.177 0.003 0.012 0.036 0.005 0.010 0.437 
102  ZFBP231    (0)    3 :  0.012 0.004 0.012 0.004 0.005 0.004 0.004 0.893 0.006 0.006 0.005 0.004 0.006 0.035 
103  ZFBP232    (0)    3 :  0.005 0.003 0.009 0.004 0.003 0.003 0.003 0.823 0.003 0.004 0.006 0.003 0.004 0.128 
104  ZFBP233    (0)    3 :  0.010 0.003 0.034 0.005 0.006 0.004 0.005 0.499 0.008 0.007 0.017 0.005 0.014 0.383 
105   ZFCC01    (0)    4 :  0.009 0.007 0.003 0.927 0.005 0.004 0.004 0.003 0.016 0.005 0.004 0.004 0.005 0.004 
106   ZFCC03    (0)    4 :  0.005 0.003 0.003 0.947 0.003 0.003 0.003 0.003 0.007 0.008 0.005 0.003 0.003 0.004 
107   ZFCC04    (0)    4 :  0.014 0.004 0.004 0.934 0.004 0.003 0.004 0.003 0.006 0.005 0.006 0.004 0.005 0.004 
108   ZFCC05    (0)    4 :  0.050 0.005 0.006 0.859 0.006 0.005 0.005 0.005 0.013 0.017 0.006 0.007 0.009 0.007 
109   ZFCC08    (0)    4 :  0.009 0.003 0.009 0.904 0.002 0.002 0.005 0.012 0.009 0.005 0.019 0.003 0.008 0.009 
110   ZFCC09    (0)    4 :  0.006 0.003 0.003 0.942 0.003 0.003 0.003 0.005 0.012 0.007 0.003 0.003 0.003 0.003 
111   ZFCC10    (0)    4 :  0.008 0.004 0.003 0.913 0.004 0.003 0.005 0.004 0.037 0.004 0.003 0.004 0.003 0.004 
112   ZFCC11    (0)    4 :  0.009 0.004 0.004 0.930 0.004 0.004 0.004 0.004 0.011 0.010 0.004 0.004 0.004 0.005 
113   ZFCC12    (0)    4 :  0.033 0.130 0.008 0.735 0.007 0.004 0.021 0.006 0.018 0.008 0.005 0.010 0.008 0.007 
114   ZFCC13    (0)    4 :  0.008 0.005 0.012 0.905 0.004 0.011 0.004 0.006 0.005 0.008 0.006 0.006 0.011 0.009 
115   ZFCC14    (0)    4 :  0.022 0.005 0.004 0.902 0.008 0.007 0.009 0.007 0.007 0.004 0.007 0.005 0.003 0.009 
116   ZFCC15    (0)    4 :  0.005 0.005 0.004 0.942 0.004 0.005 0.004 0.004 0.005 0.004 0.004 0.005 0.008 0.003 
117   ZFCC16    (0)    4 :  0.015 0.005 0.003 0.936 0.004 0.003 0.005 0.003 0.006 0.004 0.004 0.004 0.005 0.004 
118   ZFCC17    (0)    4 :  0.048 0.011 0.003 0.888 0.005 0.009 0.004 0.004 0.006 0.006 0.004 0.005 0.004 0.003 
119   ZFCC18    (0)    4 :  0.008 0.004 0.004 0.931 0.004 0.004 0.004 0.004 0.010 0.009 0.006 0.004 0.005 0.005 
120   ZFCC19    (0)    4 :  0.010 0.005 0.003 0.935 0.004 0.009 0.007 0.003 0.003 0.003 0.003 0.005 0.008 0.003 
121   ZFCC20    (0)    4 :  0.012 0.005 0.006 0.931 0.004 0.003 0.004 0.003 0.004 0.008 0.005 0.004 0.007 0.003 
122   ZFCC21    (0)    4 :  0.014 0.004 0.015 0.766 0.005 0.007 0.034 0.012 0.005 0.003 0.028 0.006 0.042 0.059 
123   ZFCC22    (0)    4 :  0.012 0.004 0.073 0.635 0.003 0.005 0.005 0.087 0.018 0.006 0.042 0.003 0.010 0.099 
124   ZFCC26    (0)    4 :  0.008 0.005 0.003 0.945 0.004 0.003 0.004 0.003 0.005 0.004 0.004 0.004 0.004 0.003 
125   ZFCC27    (0)    4 :  0.005 0.003 0.003 0.952 0.003 0.003 0.004 0.004 0.005 0.007 0.003 0.003 0.003 0.003 
126   ZFCC29    (0)    4 :  0.017 0.008 0.005 0.910 0.009 0.003 0.007 0.004 0.007 0.005 0.005 0.005 0.010 0.004 
127   ZFCC30    (0)    4 :  0.007 0.003 0.004 0.945 0.003 0.003 0.003 0.004 0.003 0.010 0.005 0.003 0.004 0.003 
128   ZFCC32    (0)    4 :  0.011 0.009 0.006 0.915 0.004 0.006 0.004 0.005 0.008 0.006 0.005 0.006 0.012 0.003 
129   ZFCC33    (0)    4 :  0.329 0.005 0.004 0.600 0.009 0.004 0.008 0.004 0.007 0.008 0.004 0.008 0.005 0.004 
130   ZFCC34    (0)    4 :  0.049 0.025 0.032 0.610 0.024 0.007 0.009 0.078 0.020 0.063 0.018 0.006 0.007 0.053 
131   ZFCC35    (0)    4 :  0.007 0.002 0.004 0.952 0.002 0.004 0.003 0.005 0.005 0.003 0.004 0.003 0.003 0.003 
132   ZFCC36    (0)    4 :  0.011 0.007 0.007 0.893 0.004 0.017 0.005 0.007 0.004 0.004 0.008 0.005 0.017 0.009 
133   ZFCC37    (0)    4 :  0.031 0.096 0.012 0.739 0.007 0.004 0.029 0.008 0.029 0.007 0.006 0.012 0.011 0.008 
134   ZFCC40    (0)    4 :  0.015 0.005 0.003 0.923 0.004 0.012 0.005 0.004 0.008 0.003 0.003 0.004 0.003 0.006 
135   ZFCC42    (0)    4 :  0.535 0.174 0.010 0.054 0.043 0.064 0.019 0.005 0.007 0.047 0.006 0.028 0.005 0.004 
136   ZFCC44    (0)    4 :  0.015 0.003 0.003 0.940 0.003 0.008 0.003 0.003 0.003 0.008 0.003 0.004 0.003 0.003 
137   ZFCC45    (9)    4 :  0.053 0.012 0.005 0.823 0.009 0.020 0.010 0.004 0.018 0.008 0.004 0.020 0.009 0.006 
138   ZFCC46    (0)    4 :  0.015 0.003 0.018 0.867 0.003 0.004 0.005 0.011 0.003 0.010 0.040 0.003 0.007 0.010 
139   ZFCC47    (0)    4 :  0.008 0.057 0.007 0.853 0.005 0.004 0.008 0.007 0.023 0.006 0.007 0.005 0.006 0.004 
140   ZFCC48    (0)    4 :  0.016 0.003 0.011 0.837 0.005 0.004 0.015 0.012 0.005 0.003 0.036 0.003 0.012 0.036 
141   ZFCC50    (0)    4 :  0.010 0.005 0.003 0.947 0.004 0.004 0.004 0.003 0.004 0.003 0.003 0.003 0.004 0.003 
142   ZFCC51    (0)    4 :  0.004 0.003 0.003 0.952 0.004 0.002 0.003 0.003 0.005 0.009 0.003 0.003 0.003 0.003 
143   ZFCC52    (0)    4 :  0.040 0.007 0.010 0.864 0.004 0.007 0.005 0.015 0.005 0.006 0.013 0.004 0.009 0.013 
144   ZFCC53    (0)    4 :  0.005 0.003 0.003 0.955 0.003 0.003 0.003 0.003 0.004 0.006 0.003 0.003 0.003 0.002 
145  ZFCNS01    (0)    5 :  0.003 0.010 0.033 0.006 0.002 0.029 0.007 0.004 0.003 0.820 0.003 0.030 0.044 0.007 
146  ZFCNS02    (0)    5 :  0.004 0.002 0.005 0.005 0.002 0.002 0.002 0.004 0.003 0.959 0.004 0.003 0.003 0.003 
147  ZFCNS05    (0)    5 :  0.006 0.003 0.008 0.007 0.005 0.002 0.003 0.007 0.005 0.935 0.004 0.003 0.005 0.006 
148  ZFCNS06    (0)    5 :  0.004 0.003 0.004 0.004 0.003 0.002 0.002 0.003 0.003 0.957 0.004 0.003 0.003 0.003 
149  ZFCNS07    (0)    5 :  0.003 0.002 0.005 0.004 0.003 0.002 0.003 0.007 0.003 0.947 0.009 0.003 0.003 0.005 
150  ZFCNS10    (0)    5 :  0.003 0.002 0.019 0.004 0.003 0.005 0.002 0.008 0.002 0.932 0.005 0.003 0.003 0.008 
151  ZFCNS11    (0)    5 :  0.003 0.007 0.014 0.007 0.002 0.012 0.005 0.004 0.003 0.899 0.004 0.013 0.021 0.006 
152  ZFCNS15    (0)    5 :  0.006 0.003 0.039 0.003 0.003 0.002 0.004 0.014 0.003 0.889 0.007 0.003 0.004 0.019 
153  ZFCNS17    (0)    5 :  0.004 0.002 0.005 0.005 0.002 0.002 0.002 0.004 0.003 0.958 0.004 0.003 0.003 0.003 
154  ZFCNS18    (0)    5 :  0.003 0.002 0.017 0.005 0.003 0.004 0.002 0.006 0.003 0.938 0.004 0.003 0.003 0.008 
155  ZFCNS19    (0)    5 :  0.003 0.002 0.004 0.004 0.003 0.002 0.002 0.003 0.003 0.961 0.004 0.003 0.004 0.003 
156  ZFCNS20    (0)    5 :  0.008 0.003 0.010 0.005 0.003 0.002 0.004 0.014 0.003 0.914 0.015 0.004 0.004 0.010 
157  ZFCNS21    (0)    5 :  0.004 0.002 0.005 0.004 0.002 0.002 0.002 0.003 0.003 0.962 0.003 0.003 0.003 0.003 
158  ZFCNS22    (0)    5 :  0.006 0.003 0.009 0.005 0.005 0.002 0.004 0.009 0.005 0.926 0.005 0.004 0.004 0.012 
159  ZFCNS23    (0)    5 :  0.023 0.008 0.005 0.013 0.004 0.011 0.005 0.005 0.005 0.886 0.012 0.007 0.012 0.005 
160  ZFCNS24    (0)    5 :  0.009 0.003 0.010 0.007 0.002 0.002 0.003 0.007 0.003 0.935 0.007 0.003 0.004 0.005 
161  ZFCNS25    (0)    5 :  0.009 0.003 0.010 0.005 0.002 0.002 0.003 0.015 0.003 0.922 0.010 0.003 0.004 0.008 
162  ZFCNS26    (0)    5 :  0.003 0.002 0.006 0.003 0.003 0.002 0.003 0.004 0.003 0.957 0.004 0.003 0.003 0.004 
163  ZFCNS27    (0)    5 :  0.007 0.003 0.044 0.003 0.003 0.002 0.004 0.022 0.003 0.875 0.010 0.004 0.004 0.018 
164  ZFCNS28    (0)    5 :  0.003 0.002 0.005 0.004 0.004 0.002 0.002 0.003 0.003 0.957 0.004 0.002 0.003 0.004 
165  ZFCNS29    (0)    5 :  0.008 0.003 0.007 0.008 0.004 0.002 0.004 0.008 0.005 0.932 0.004 0.003 0.005 0.007 
166  ZFCNS30    (0)    5 :  0.005 0.003 0.009 0.006 0.004 0.002 0.003 0.004 0.005 0.942 0.003 0.003 0.005 0.005 
167  ZFCNS31    (0)    5 :  0.003 0.002 0.006 0.003 0.003 0.002 0.002 0.003 0.003 0.960 0.004 0.003 0.003 0.003 
168  ZFCNS32    (0)    5 :  0.006 0.003 0.011 0.004 0.003 0.002 0.003 0.006 0.004 0.937 0.007 0.003 0.005 0.006 
169  ZFCNS33    (0)    5 :  0.003 0.003 0.006 0.003 0.003 0.002 0.002 0.003 0.003 0.960 0.004 0.003 0.003 0.003 
170  ZFCNS34    (0)    5 :  0.007 0.003 0.006 0.010 0.004 0.002 0.003 0.005 0.005 0.938 0.004 0.003 0.005 0.004 
171  ZFCNS35    (0)    5 :  0.003 0.002 0.024 0.008 0.019 0.002 0.010 0.013 0.009 0.886 0.004 0.003 0.003 0.012 
172  ZFCNS36    (0)    5 :  0.010 0.003 0.007 0.009 0.002 0.002 0.003 0.007 0.003 0.933 0.008 0.003 0.005 0.005 
173  ZFCNS37    (0)    5 :  0.006 0.002 0.140 0.005 0.003 0.002 0.004 0.008 0.004 0.797 0.009 0.010 0.004 0.005 
174  ZFCNS39    (0)    5 :  0.006 0.002 0.028 0.015 0.002 0.005 0.005 0.007 0.002 0.881 0.021 0.005 0.014 0.007 
175  ZFCNS40    (0)    5 :  0.011 0.003 0.159 0.025 0.002 0.003 0.004 0.021 0.003 0.636 0.114 0.004 0.009 0.005 
176  ZFCNS41    (0)    5 :  0.011 0.004 0.680 0.015 0.005 0.004 0.007 0.017 0.006 0.216 0.005 0.008 0.010 0.010 
177  ZFCNS42    (0)    5 :  0.003 0.002 0.006 0.003 0.002 0.002 0.003 0.004 0.003 0.959 0.003 0.003 0.003 0.004 
178  ZFCNS43    (0)    5 :  0.003 0.002 0.004 0.004 0.002 0.002 0.002 0.003 0.003 0.961 0.003 0.003 0.003 0.003 
179  ZFCNS44    (0)    5 :  0.004 0.002 0.017 0.005 0.003 0.004 0.002 0.006 0.003 0.938 0.003 0.003 0.003 0.008 
180  ZFCNS46    (0)    5 :  0.006 0.002 0.010 0.005 0.003 0.002 0.003 0.006 0.004 0.939 0.004 0.004 0.005 0.007 
181  ZFCNS47    (0)    5 :  0.003 0.002 0.004 0.004 0.002 0.002 0.002 0.003 0.003 0.962 0.003 0.003 0.003 0.003 
182  ZFCNS48    (0)    5 :  0.005 0.002 0.031 0.006 0.004 0.004 0.003 0.011 0.004 0.900 0.006 0.004 0.005 0.014 
183  ZFCNS49    (0)    5 :  0.003 0.002 0.058 0.003 0.004 0.004 0.003 0.009 0.003 0.886 0.004 0.003 0.003 0.015 
184   ZFCR01    (0)    6 :  0.003 0.016 0.004 0.007 0.007 0.007 0.857 0.007 0.021 0.003 0.007 0.047 0.004 0.012 
185   ZFCR02    (0)    6 :  0.011 0.007 0.005 0.018 0.012 0.010 0.883 0.018 0.005 0.004 0.007 0.009 0.004 0.006 
186   ZFCR03    (0)    6 :  0.057 0.039 0.005 0.014 0.019 0.028 0.764 0.012 0.011 0.003 0.008 0.010 0.013 0.018 
187   ZFCR04    (0)    6 :  0.005 0.013 0.023 0.013 0.164 0.023 0.575 0.013 0.067 0.009 0.016 0.052 0.011 0.015 
188   ZFCR05    (0)    6 :  0.004 0.008 0.003 0.010 0.008 0.007 0.907 0.003 0.015 0.003 0.004 0.015 0.009 0.003 
189   ZFCR06    (0)    6 :  0.005 0.007 0.022 0.013 0.016 0.003 0.798 0.018 0.011 0.064 0.009 0.010 0.006 0.019 
190   ZFCR07    (0)    6 :  0.054 0.017 0.041 0.013 0.051 0.007 0.442 0.006 0.012 0.078 0.004 0.126 0.135 0.014 
191   ZFCR08    (0)    6 :  0.040 0.029 0.014 0.075 0.019 0.038 0.206 0.014 0.107 0.004 0.047 0.375 0.006 0.026 
192   ZFCR09    (0)    6 :  0.022 0.176 0.047 0.024 0.085 0.067 0.383 0.062 0.012 0.017 0.015 0.029 0.018 0.042 
193   ZFCR11    (0)    6 :  0.004 0.010 0.035 0.006 0.017 0.006 0.834 0.018 0.016 0.010 0.003 0.021 0.016 0.004 
194   ZFCR12    (0)    6 :  0.009 0.003 0.054 0.009 0.005 0.004 0.749 0.010 0.004 0.107 0.014 0.007 0.014 0.010 
195   ZFCR13    (0)    6 :  0.007 0.003 0.010 0.009 0.042 0.003 0.180 0.057 0.006 0.007 0.005 0.371 0.223 0.076 
196   ZFCR14    (0)    6 :  0.005 0.004 0.008 0.008 0.015 0.005 0.876 0.006 0.010 0.006 0.010 0.013 0.026 0.006 
197   ZFCR15    (0)    6 :  0.011 0.005 0.014 0.011 0.044 0.011 0.737 0.015 0.019 0.005 0.030 0.061 0.018 0.019 
198   ZFCR16    (0)    6 :  0.004 0.005 0.006 0.006 0.017 0.003 0.872 0.015 0.007 0.003 0.016 0.023 0.008 0.015 
199   ZFCR18    (0)    6 :  0.030 0.007 0.005 0.010 0.313 0.004 0.569 0.018 0.008 0.006 0.006 0.013 0.007 0.004 
200   ZFCR19    (0)    6 :  0.006 0.066 0.011 0.010 0.024 0.004 0.789 0.013 0.006 0.006 0.036 0.005 0.008 0.016 
201   ZFCR20    (0)    6 :  0.033 0.033 0.008 0.007 0.028 0.005 0.713 0.013 0.032 0.005 0.006 0.022 0.046 0.050 
202   ZFCR21    (0)    6 :  0.008 0.003 0.006 0.012 0.004 0.003 0.906 0.004 0.004 0.003 0.010 0.011 0.020 0.005 
203   ZFCR22    (0)    6 :  0.007 0.006 0.007 0.004 0.007 0.004 0.884 0.005 0.002 0.003 0.014 0.007 0.043 0.006 
204   ZFCR23    (0)    6 :  0.004 0.009 0.030 0.003 0.010 0.052 0.659 0.023 0.004 0.005 0.005 0.079 0.050 0.068 
205   ZFCR24    (9)    6 :  0.009 0.063 0.011 0.008 0.066 0.004 0.077 0.049 0.030 0.004 0.006 0.089 0.091 0.493 
206   ZFCR25    (0)    6 :  0.006 0.009 0.006 0.006 0.007 0.002 0.918 0.003 0.009 0.003 0.004 0.011 0.012 0.004 
207   ZFCR26    (0)    6 :  0.007 0.080 0.009 0.018 0.004 0.004 0.582 0.013 0.009 0.005 0.015 0.012 0.232 0.010 
208   ZFCR27    (9)    6 :  0.003 0.047 0.003 0.005 0.011 0.004 0.475 0.003 0.018 0.003 0.003 0.384 0.039 0.004 
209   ZFCR28    (0)    6 :  0.008 0.004 0.018 0.010 0.004 0.006 0.675 0.034 0.006 0.029 0.042 0.107 0.005 0.050 
210   ZFCR29    (0)    6 :  0.004 0.009 0.004 0.004 0.009 0.004 0.924 0.004 0.006 0.002 0.005 0.005 0.015 0.005 
211   ZFCR30    (0)    6 :  0.009 0.008 0.011 0.005 0.006 0.005 0.872 0.006 0.007 0.009 0.008 0.010 0.037 0.007 
212   ZFCR31    (0)    6 :  0.024 0.064 0.053 0.012 0.186 0.013 0.419 0.075 0.013 0.040 0.016 0.016 0.025 0.045 
213   ZFCR33    (0)    6 :  0.010 0.017 0.013 0.050 0.006 0.022 0.064 0.008 0.056 0.007 0.012 0.698 0.025 0.012 
214   ZFCR34    (0)    6 :  0.004 0.009 0.030 0.016 0.141 0.015 0.456 0.009 0.005 0.009 0.010 0.040 0.233 0.024 
215   ZFCR35    (0)    6 :  0.004 0.015 0.005 0.009 0.093 0.012 0.816 0.005 0.011 0.004 0.004 0.010 0.005 0.007 
216   ZFCR36    (0)    6 :  0.007 0.012 0.008 0.007 0.044 0.014 0.840 0.005 0.006 0.017 0.004 0.010 0.018 0.008 
217   ZFCR37    (0)    6 :  0.016 0.049 0.004 0.055 0.053 0.021 0.046 0.003 0.054 0.004 0.004 0.089 0.599 0.004 
218   ZFCR38    (0)    6 :  0.013 0.050 0.008 0.041 0.007 0.008 0.223 0.008 0.048 0.007 0.013 0.534 0.030 0.007 
219   ZFCR39    (0)    6 :  0.040 0.037 0.013 0.101 0.027 0.217 0.218 0.042 0.011 0.003 0.032 0.207 0.009 0.044 
220   ZFCR40    (0)    6 :  0.006 0.011 0.014 0.020 0.010 0.033 0.768 0.006 0.012 0.004 0.004 0.089 0.010 0.013 
221   ZFCR41    (0)    6 :  0.006 0.003 0.114 0.026 0.006 0.002 0.762 0.008 0.007 0.011 0.021 0.013 0.014 0.006 
222   ZFCR42    (0)    6 :  0.020 0.013 0.026 0.046 0.007 0.019 0.637 0.013 0.010 0.017 0.019 0.076 0.074 0.024 
223   ZFCR43    (0)    6 :  0.004 0.004 0.006 0.004 0.024 0.004 0.859 0.031 0.010 0.006 0.004 0.011 0.007 0.025 
224  ZFENP25    (0)    7 :  0.006 0.004 0.005 0.021 0.005 0.005 0.044 0.004 0.042 0.003 0.011 0.827 0.006 0.016 
225  ZFENP26    (0)    7 :  0.004 0.006 0.004 0.004 0.006 0.007 0.009 0.002 0.006 0.003 0.003 0.941 0.004 0.002 
226  ZFENP27    (0)    7 :  0.042 0.033 0.034 0.203 0.018 0.020 0.213 0.007 0.027 0.056 0.012 0.303 0.005 0.028 
227  ZFENP28    (0)    7 :  0.005 0.015 0.005 0.012 0.009 0.008 0.020 0.005 0.025 0.010 0.005 0.869 0.010 0.004 
228  ZFENP29    (0)    7 :  0.007 0.005 0.004 0.010 0.004 0.005 0.037 0.003 0.004 0.005 0.004 0.899 0.008 0.005 
229  ZFENP30    (0)    7 :  0.095 0.011 0.005 0.031 0.007 0.011 0.011 0.007 0.007 0.010 0.007 0.781 0.013 0.005 
230  ZFENP31    (0)    7 :  0.350 0.046 0.004 0.012 0.029 0.201 0.019 0.009 0.033 0.005 0.004 0.271 0.012 0.004 
231  ZFENP32    (0)    7 :  0.128 0.031 0.014 0.010 0.273 0.135 0.109 0.026 0.018 0.024 0.007 0.201 0.014 0.010 
232  ZFENP33    (0)    7 :  0.037 0.014 0.007 0.005 0.011 0.009 0.014 0.006 0.038 0.005 0.004 0.796 0.048 0.007 
233  ZFENP34    (0)    7 :  0.106 0.023 0.006 0.020 0.034 0.005 0.030 0.009 0.554 0.010 0.004 0.186 0.008 0.004 
234  ZFENP35    (0)    7 :  0.007 0.005 0.016 0.005 0.016 0.068 0.005 0.005 0.007 0.011 0.005 0.831 0.009 0.011 
235  ZFENP36    (0)    7 :  0.007 0.011 0.004 0.003 0.010 0.010 0.007 0.002 0.006 0.011 0.002 0.916 0.008 0.003 
236  ZFENP37    (0)    7 :  0.009 0.008 0.007 0.006 0.010 0.106 0.007 0.005 0.462 0.008 0.003 0.332 0.031 0.007 
237  ZFENP38    (0)    7 :  0.014 0.023 0.008 0.019 0.010 0.025 0.012 0.005 0.033 0.015 0.004 0.375 0.450 0.006 
238  ZFENP39    (0)    7 :  0.006 0.011 0.004 0.015 0.013 0.028 0.148 0.003 0.027 0.005 0.003 0.721 0.011 0.004 
239  ZFENP40    (0)    7 :  0.013 0.015 0.006 0.007 0.016 0.047 0.085 0.008 0.023 0.006 0.004 0.754 0.007 0.010 
240  ZFENP41    (0)    7 :  0.042 0.005 0.007 0.077 0.021 0.029 0.032 0.006 0.015 0.009 0.009 0.732 0.007 0.007 
241  ZFENP42    (0)    7 :  0.011 0.006 0.005 0.006 0.004 0.218 0.021 0.003 0.004 0.003 0.004 0.665 0.047 0.004 
242  ZFENP43    (0)    7 :  0.008 0.029 0.037 0.035 0.007 0.015 0.022 0.006 0.033 0.046 0.005 0.667 0.083 0.007 
243  ZFENP44    (0)    7 :  0.027 0.012 0.024 0.015 0.005 0.124 0.016 0.006 0.025 0.014 0.003 0.679 0.039 0.011 
244  ZFENP45    (0)    7 :  0.020 0.015 0.014 0.016 0.008 0.126 0.021 0.029 0.013 0.008 0.328 0.327 0.056 0.019 
245  ZFENP46    (0)    7 :  0.010 0.014 0.021 0.003 0.008 0.017 0.021 0.010 0.031 0.007 0.005 0.785 0.048 0.020 
246  ZFENP47    (0)    7 :  0.026 0.025 0.004 0.072 0.064 0.240 0.235 0.013 0.009 0.003 0.118 0.172 0.005 0.012 
247  ZFENP48    (0)    7 :  0.276 0.026 0.006 0.017 0.012 0.010 0.040 0.016 0.487 0.007 0.009 0.075 0.013 0.008 
248  ZFENP49    (0)    7 :  0.134 0.018 0.007 0.008 0.028 0.005 0.536 0.010 0.005 0.006 0.011 0.208 0.009 0.012 
249  ZFENP50    (0)    7 :  0.006 0.029 0.019 0.004 0.007 0.057 0.036 0.035 0.007 0.004 0.008 0.635 0.099 0.053 
250  ZFENP51    (0)    7 :  0.038 0.423 0.004 0.008 0.027 0.037 0.026 0.004 0.014 0.006 0.056 0.340 0.014 0.003 
251  ZFENP52    (0)    7 :  0.006 0.005 0.015 0.009 0.003 0.007 0.006 0.005 0.003 0.011 0.004 0.909 0.012 0.005 
252  ZFENP53    (0)    7 :  0.009 0.009 0.020 0.008 0.007 0.016 0.017 0.047 0.009 0.009 0.028 0.770 0.024 0.028 
253  ZFENP54    (0)    7 :  0.028 0.008 0.012 0.017 0.014 0.009 0.690 0.025 0.008 0.006 0.006 0.143 0.015 0.021 
254  ZFENP55    (0)    7 :  0.010 0.037 0.004 0.003 0.049 0.014 0.057 0.005 0.027 0.004 0.004 0.242 0.539 0.005 
255  ZFENP56    (0)    7 :  0.010 0.021 0.008 0.007 0.012 0.006 0.011 0.004 0.009 0.010 0.005 0.831 0.062 0.004 
256  ZFENP57    (0)    7 :  0.015 0.016 0.008 0.004 0.014 0.065 0.017 0.003 0.025 0.013 0.002 0.795 0.016 0.005 
257  ZFENP58    (0)    7 :  0.318 0.014 0.013 0.017 0.026 0.005 0.088 0.009 0.004 0.015 0.117 0.343 0.022 0.008 
258  ZFENP59    (0)    7 :  0.029 0.008 0.005 0.061 0.016 0.036 0.045 0.005 0.009 0.005 0.005 0.761 0.009 0.005 
259  ZFENP60    (0)    7 :  0.006 0.012 0.008 0.010 0.036 0.018 0.069 0.010 0.037 0.007 0.014 0.748 0.014 0.013 
260  ZFENP61    (0)    7 :  0.008 0.008 0.004 0.017 0.020 0.007 0.072 0.003 0.018 0.004 0.003 0.823 0.009 0.004 
261 ZFFDSP01    (0)    8 :  0.004 0.003 0.042 0.004 0.005 0.003 0.004 0.017 0.004 0.011 0.011 0.003 0.006 0.885 
262 ZFFDSP02    (0)    8 :  0.003 0.002 0.007 0.004 0.003 0.002 0.004 0.006 0.003 0.003 0.005 0.003 0.004 0.953 
263 ZFFDSP04    (0)    8 :  0.003 0.002 0.009 0.004 0.004 0.002 0.004 0.013 0.004 0.003 0.009 0.002 0.005 0.935 
264 ZFFDSP05    (0)    8 :  0.003 0.003 0.115 0.004 0.004 0.003 0.005 0.037 0.003 0.006 0.010 0.003 0.007 0.798 
265 ZFFDSP06    (0)    8 :  0.003 0.002 0.044 0.017 0.002 0.002 0.006 0.410 0.012 0.003 0.018 0.003 0.005 0.471 
266 ZFFDSP07    (0)    8 :  0.026 0.004 0.007 0.011 0.002 0.005 0.006 0.053 0.004 0.004 0.037 0.004 0.007 0.830 
267 ZFFDSP08    (0)    8 :  0.034 0.004 0.035 0.013 0.003 0.004 0.005 0.530 0.004 0.011 0.077 0.005 0.013 0.264 
268 ZFFDSP10    (0)    8 :  0.006 0.003 0.012 0.003 0.003 0.003 0.003 0.025 0.003 0.004 0.009 0.003 0.005 0.916 
269 ZFFDSP11    (0)    8 :  0.003 0.003 0.013 0.004 0.004 0.003 0.004 0.026 0.003 0.003 0.007 0.003 0.007 0.917 
270 ZFFDSP12    (0)    8 :  0.005 0.003 0.014 0.003 0.003 0.003 0.003 0.700 0.003 0.004 0.008 0.004 0.004 0.242 
271 ZFFDSP13    (0)    8 :  0.008 0.003 0.865 0.008 0.004 0.004 0.005 0.025 0.004 0.013 0.005 0.005 0.008 0.044 
272 ZFFDSP14    (0)    8 :  0.006 0.003 0.005 0.005 0.002 0.003 0.004 0.014 0.004 0.003 0.017 0.003 0.006 0.925 
273 ZFFDSP16    (0)    8 :  0.005 0.003 0.011 0.007 0.006 0.003 0.008 0.013 0.007 0.014 0.004 0.006 0.007 0.906 
274 ZFFDSP17    (0)    8 :  0.005 0.003 0.014 0.006 0.004 0.002 0.004 0.041 0.006 0.005 0.008 0.004 0.008 0.890 
275 ZFFDSP18    (0)    8 :  0.003 0.003 0.006 0.006 0.005 0.002 0.005 0.022 0.005 0.004 0.016 0.002 0.004 0.917 
276 ZFFDSP19    (0)    8 :  0.004 0.003 0.039 0.025 0.004 0.002 0.004 0.019 0.006 0.113 0.020 0.003 0.004 0.752 
277 ZFFDSP21    (0)    8 :  0.004 0.002 0.215 0.022 0.003 0.003 0.006 0.022 0.005 0.083 0.007 0.003 0.003 0.623 
278 ZFFDSP22    (0)    8 :  0.004 0.002 0.013 0.006 0.002 0.002 0.004 0.114 0.003 0.004 0.085 0.003 0.005 0.751 
279 ZFFDSP23    (0)    8 :  0.003 0.002 0.098 0.004 0.002 0.002 0.004 0.024 0.003 0.010 0.120 0.002 0.004 0.721 
280 ZFFDSP24    (0)    8 :  0.005 0.003 0.042 0.004 0.004 0.002 0.004 0.014 0.004 0.009 0.005 0.003 0.004 0.896 
281 ZFFDSP26    (9)    8 :  0.004 0.003 0.070 0.005 0.003 0.003 0.005 0.123 0.003 0.007 0.013 0.003 0.005 0.753 
282 ZFFDSP27    (0)    8 :  0.003 0.002 0.014 0.004 0.004 0.002 0.004 0.015 0.004 0.007 0.006 0.003 0.003 0.928 
283 ZFFDSP28    (0)    8 :  0.014 0.017 0.025 0.007 0.026 0.006 0.011 0.066 0.021 0.004 0.007 0.006 0.010 0.781 
284 ZFFDSP30    (0)    8 :  0.007 0.004 0.172 0.005 0.038 0.006 0.005 0.019 0.005 0.034 0.006 0.003 0.007 0.689 
285 ZFFDSP31    (0)    8 :  0.005 0.002 0.024 0.005 0.004 0.002 0.005 0.856 0.009 0.009 0.007 0.005 0.006 0.064 
286 ZFFDSP32    (0)    8 :  0.004 0.002 0.009 0.003 0.002 0.002 0.003 0.011 0.003 0.004 0.005 0.003 0.004 0.943 
287 ZFFDSP33    (0)    8 :  0.003 0.002 0.015 0.002 0.003 0.002 0.003 0.025 0.003 0.005 0.006 0.003 0.003 0.925 
288 ZFFDSP34    (0)    8 :  0.005 0.002 0.035 0.010 0.004 0.002 0.004 0.709 0.006 0.006 0.012 0.003 0.006 0.196 
289 ZFFDSP35    (0)    8 :  0.004 0.002 0.060 0.003 0.004 0.002 0.003 0.015 0.004 0.005 0.006 0.003 0.005 0.883 
290 ZFFDSP37    (0)    8 :  0.004 0.002 0.009 0.003 0.003 0.002 0.004 0.007 0.004 0.005 0.004 0.003 0.003 0.946 
