

----------------------------------------------------
STRUCTURE by Pritchard, Stephens and Donnelly (2000)
     and Falush, Stephens and Pritchard (2003)
       Code by Pritchard, Falush and Hubisz
             Version 2.3.4 (Jul 2012)
----------------------------------------------------



Command line arguments:   bin\structure -m C:\Users\eschumacher\Documents\GitHub\GCC_QUAC_ZAIN\Data_Files\Structure_Files\ZAIN\ZAIN_rebinned_wild\50-50\mainparams -e C:\Users\eschumacher\Documents\GitHub\GCC_QUAC_ZAIN\Data_Files\Structure_Files\ZAIN\ZAIN_rebinned_wild\50-50\extraparams 
Input File:    C:\Users\eschumacher\Documents\GitHub\GCC_QUAC_ZAIN\Data_Files\Structure_Files\ZAIN\ZAIN_rebinned_wild\project_data

Run parameters:
   751 individuals
   11 loci
   4 populations assumed
   50000 Burn-in period
   50000 Reps


--------------------------------------------
Proportion of membership of each pre-defined
 population in each of the 4 clusters

Given    Inferred Clusters              Number of
 Pop       1      2      3      4      Individuals

  1:     0.008  0.021  0.964  0.006       35
  2:     0.947  0.008  0.009  0.036       36
  3:     0.973  0.010  0.006  0.011       33
  4:     0.025  0.014  0.021  0.940       40
  5:     0.115  0.005  0.005  0.874       39
  6:     0.071  0.689  0.204  0.037       40
  7:     0.017  0.869  0.080  0.033       37
  8:     0.981  0.004  0.007  0.008       40
  9:     0.006  0.007  0.945  0.042       28
 10:     0.019  0.163  0.043  0.776       14
 11:     0.008  0.969  0.011  0.013       13
 12:     0.826  0.005  0.005  0.163       14
 13:     0.974  0.010  0.006  0.011       25
 14:     0.952  0.019  0.008  0.020       40
 15:     0.026  0.028  0.038  0.908       32
 16:     0.005  0.984  0.006  0.005       20
 17:     0.012  0.158  0.818  0.011        4
 18:     0.020  0.011  0.959  0.009       23
 19:     0.007  0.012  0.974  0.008       39
 20:     0.005  0.034  0.956  0.005       38
 21:     0.859  0.009  0.005  0.127       45
 22:     0.885  0.015  0.006  0.094       28
 23:     0.007  0.029  0.951  0.013        6
 24:     0.047  0.875  0.045  0.033       40
 25:     0.030  0.928  0.029  0.013       42
--------------------------------------------

Allele-freq. divergence among pops (Net nucleotide distance),
computed using point estimates of P.

      1       2       3       4      
 1      -    0.1322  0.2018  0.1111  
 2   0.1322     -    0.0775  0.1012  
 3   0.2018  0.0775     -    0.1523  
 4   0.1111  0.1012  0.1523     -    

Average distances (expected heterozygosity) between individuals in same cluster:
cluster  1  : 0.4583 
cluster  2  : 0.5732 
cluster  3  : 0.5008 
cluster  4  : 0.4400 

--------------------------------------------
Estimated Ln Prob of Data   = -15497.6
Mean value of ln likelihood = -15320.2
Variance of ln likelihood   = 354.9
Mean value of alpha         = 0.0340

Mean value of Fst_1         = 0.3051
Mean value of Fst_2         = 0.1171
Mean value of Fst_3         = 0.3184
Mean value of Fst_4         = 0.3491


Inferred ancestry of individuals:
        Label (%Miss) Pop:  Inferred clusters
  1    ZFB01    (0)    1 :  0.005 0.005 0.986 0.004 
  2    ZFB02    (0)    1 :  0.004 0.008 0.984 0.004 
  3    ZFB03    (0)    1 :  0.005 0.007 0.979 0.009 
  4    ZFB04    (0)    1 :  0.005 0.009 0.983 0.004 
  5    ZFB05    (0)    1 :  0.007 0.081 0.893 0.019 
  6    ZFB06    (0)    1 :  0.007 0.066 0.912 0.015 
  7    ZFB07    (9)    1 :  0.009 0.012 0.973 0.006 
  8    ZFB08    (0)    1 :  0.006 0.006 0.983 0.005 
  9    ZFB09    (0)    1 :  0.003 0.005 0.987 0.004 
 10    ZFB10    (0)    1 :  0.014 0.007 0.974 0.005 
 11    ZFB11    (0)    1 :  0.008 0.007 0.981 0.004 
 12    ZFB12    (0)    1 :  0.005 0.008 0.982 0.005 
 13    ZFB13    (0)    1 :  0.006 0.007 0.982 0.005 
 14    ZFB14    (0)    1 :  0.005 0.005 0.985 0.004 
 15    ZFB15    (0)    1 :  0.003 0.006 0.988 0.003 
 16    ZFB16    (0)    1 :  0.005 0.006 0.986 0.003 
 17    ZFB17    (0)    1 :  0.016 0.040 0.933 0.012 
 18    ZFB18    (0)    1 :  0.004 0.004 0.988 0.004 
 19    ZFB19    (0)    1 :  0.026 0.019 0.951 0.005 
 20    ZFB20    (0)    1 :  0.005 0.007 0.986 0.003 
 21    ZFB21    (0)    1 :  0.003 0.006 0.987 0.004 
 22    ZFB22    (0)    1 :  0.017 0.022 0.954 0.007 
 23    ZFB23    (0)    1 :  0.009 0.010 0.975 0.006 
 24    ZFB24    (0)    1 :  0.006 0.008 0.981 0.004 
 25    ZFB25    (0)    1 :  0.025 0.006 0.965 0.005 
 26    ZFB26    (0)    1 :  0.020 0.016 0.958 0.006 
 27    ZFB27    (0)    1 :  0.008 0.013 0.975 0.004 
 28    ZFB28    (0)    1 :  0.005 0.028 0.957 0.010 
 29    ZFB29    (0)    1 :  0.003 0.007 0.986 0.004 
 30    ZFB30    (0)    1 :  0.012 0.257 0.723 0.008 
 31    ZFB31    (0)    1 :  0.014 0.006 0.975 0.005 
 32    ZFB32    (0)    1 :  0.008 0.026 0.941 0.025 
 33    ZFB33    (0)    1 :  0.004 0.006 0.988 0.003 
 34    ZFB34    (0)    1 :  0.004 0.005 0.986 0.005 
 35    ZFB35    (0)    1 :  0.007 0.006 0.981 0.006 
 36  ZFBP101    (0)    2 :  0.865 0.014 0.017 0.105 
 37  ZFBP102    (0)    2 :  0.938 0.013 0.027 0.022 
 38  ZFBP103    (0)    2 :  0.666 0.009 0.009 0.317 
 39  ZFBP104    (0)    2 :  0.908 0.036 0.050 0.006 
 40  ZFBP105    (0)    2 :  0.976 0.008 0.008 0.009 
 41  ZFBP106    (0)    2 :  0.981 0.005 0.004 0.011 
 42  ZFBP107    (0)    2 :  0.952 0.024 0.010 0.015 
 43  ZFBP108    (0)    2 :  0.988 0.003 0.004 0.004 
 44  ZFBP109    (0)    2 :  0.986 0.004 0.005 0.005 
 45  ZFBP110    (0)    2 :  0.707 0.020 0.036 0.238 
 46  ZFBP111    (0)    2 :  0.988 0.004 0.003 0.005 
 47  ZFBP112    (0)    2 :  0.982 0.006 0.005 0.007 
 48  ZFBP113    (0)    2 :  0.986 0.005 0.004 0.004 
 49  ZFBP114    (0)    2 :  0.979 0.008 0.005 0.008 
 50  ZFBP115    (0)    2 :  0.979 0.006 0.003 0.012 
 51  ZFBP116    (0)    2 :  0.986 0.006 0.003 0.005 
 52  ZFBP117    (0)    2 :  0.984 0.004 0.003 0.009 
 53  ZFBP118    (0)    2 :  0.983 0.007 0.004 0.006 
 54  ZFBP119    (0)    2 :  0.960 0.006 0.004 0.031 
 55  ZFBP120    (0)    2 :  0.980 0.007 0.007 0.006 
 56  ZFBP121    (0)    2 :  0.977 0.005 0.006 0.012 
 57  ZFBP122    (9)    2 :  0.986 0.005 0.004 0.005 
 58  ZFBP123    (0)    2 :  0.976 0.007 0.005 0.012 
 59  ZFBP124    (0)    2 :  0.979 0.005 0.008 0.008 
 60  ZFBP125    (0)    2 :  0.987 0.003 0.003 0.007 
 61  ZFBP126    (0)    2 :  0.932 0.021 0.022 0.025 
 62  ZFBP127    (0)    2 :  0.980 0.004 0.004 0.012 
 63  ZFBP128    (0)    2 :  0.985 0.003 0.004 0.007 
 64  ZFBP129    (0)    2 :  0.983 0.004 0.005 0.008 
 65  ZFBP130    (0)    2 :  0.986 0.004 0.002 0.008 
 66  ZFBP131    (0)    2 :  0.987 0.005 0.005 0.004 
 67  ZFBP132    (0)    2 :  0.986 0.004 0.004 0.007 
 68  ZFBP133    (0)    2 :  0.988 0.003 0.004 0.005 
 69  ZFBP134    (0)    2 :  0.976 0.004 0.004 0.016 
 70  ZFBP135    (0)    2 :  0.686 0.009 0.026 0.279 
 71  ZFBP136    (0)    2 :  0.920 0.008 0.004 0.068 
 72  ZFBP201    (0)    3 :  0.978 0.007 0.006 0.008 
 73  ZFBP202    (0)    3 :  0.984 0.004 0.006 0.006 
 74  ZFBP203    (0)    3 :  0.942 0.043 0.009 0.006 
 75  ZFBP204    (0)    3 :  0.966 0.007 0.005 0.023 
 76  ZFBP205    (0)    3 :  0.984 0.006 0.004 0.007 
 77  ZFBP206    (0)    3 :  0.975 0.008 0.006 0.010 
 78  ZFBP207    (0)    3 :  0.964 0.004 0.004 0.028 
 79  ZFBP208    (0)    3 :  0.974 0.014 0.006 0.007 
 80  ZFBP209    (0)    3 :  0.989 0.003 0.003 0.005 
 81  ZFBP210    (0)    3 :  0.978 0.009 0.006 0.007 
 82  ZFBP211    (0)    3 :  0.984 0.004 0.005 0.007 
 83  ZFBP212    (0)    3 :  0.985 0.004 0.005 0.006 
 84  ZFBP213    (0)    3 :  0.967 0.008 0.011 0.014 
 85  ZFBP214    (0)    3 :  0.934 0.008 0.008 0.049 
 86  ZFBP215    (0)    3 :  0.985 0.004 0.004 0.007 
 87  ZFBP216    (0)    3 :  0.975 0.013 0.005 0.007 
 88  ZFBP217    (0)    3 :  0.983 0.004 0.004 0.008 
 89  ZFBP218    (0)    3 :  0.990 0.004 0.003 0.003 
 90  ZFBP219    (0)    3 :  0.988 0.005 0.004 0.004 
 91  ZFBP220    (0)    3 :  0.984 0.005 0.003 0.009 
 92  ZFBP221    (0)    3 :  0.988 0.004 0.004 0.004 
 93  ZFBP222    (0)    3 :  0.980 0.006 0.007 0.008 
 94  ZFBP223    (0)    3 :  0.950 0.007 0.007 0.036 
 95  ZFBP224    (0)    3 :  0.980 0.006 0.006 0.007 
 96  ZFBP225    (0)    3 :  0.978 0.006 0.003 0.013 
 97  ZFBP226    (0)    3 :  0.984 0.005 0.005 0.006 
 98  ZFBP227    (0)    3 :  0.837 0.112 0.042 0.009 
 99  ZFBP228    (0)    3 :  0.977 0.004 0.005 0.014 
100  ZFBP229    (0)    3 :  0.986 0.005 0.003 0.007 
101  ZFBP230    (0)    3 :  0.979 0.005 0.003 0.012 
102  ZFBP231    (0)    3 :  0.983 0.005 0.005 0.007 
103  ZFBP232    (0)    3 :  0.988 0.004 0.004 0.005 
104  ZFBP233    (0)    3 :  0.983 0.006 0.006 0.006 
105   ZFCC01    (0)    4 :  0.004 0.005 0.020 0.971 
106   ZFCC03    (0)    4 :  0.005 0.003 0.006 0.986 
107   ZFCC04    (0)    4 :  0.005 0.005 0.009 0.981 
108   ZFCC05    (0)    4 :  0.007 0.006 0.009 0.978 
109   ZFCC08    (0)    4 :  0.023 0.004 0.007 0.966 
110   ZFCC09    (0)    4 :  0.004 0.004 0.008 0.984 
111   ZFCC10    (0)    4 :  0.006 0.005 0.027 0.963 
112   ZFCC11    (0)    4 :  0.005 0.004 0.008 0.983 
113   ZFCC12    (0)    4 :  0.007 0.015 0.095 0.883 
114   ZFCC13    (0)    4 :  0.012 0.011 0.005 0.971 
115   ZFCC14    (0)    4 :  0.009 0.009 0.019 0.963 
116   ZFCC15    (0)    4 :  0.005 0.010 0.007 0.977 
117   ZFCC16    (0)    4 :  0.004 0.006 0.010 0.979 
118   ZFCC17    (0)    4 :  0.004 0.008 0.010 0.978 
119   ZFCC18    (0)    4 :  0.005 0.005 0.008 0.982 
120   ZFCC19    (0)    4 :  0.004 0.020 0.011 0.966 
121   ZFCC20    (0)    4 :  0.005 0.005 0.005 0.985 
122   ZFCC21    (0)    4 :  0.133 0.069 0.023 0.775 
123   ZFCC22    (0)    4 :  0.540 0.012 0.017 0.431 
124   ZFCC26    (0)    4 :  0.005 0.005 0.008 0.982 
125   ZFCC27    (0)    4 :  0.004 0.004 0.004 0.988 
126   ZFCC29    (0)    4 :  0.005 0.009 0.018 0.969 
127   ZFCC30    (0)    4 :  0.004 0.004 0.003 0.989 
128   ZFCC32    (0)    4 :  0.006 0.010 0.012 0.973 
129   ZFCC33    (0)    4 :  0.004 0.008 0.010 0.978 
130   ZFCC34    (0)    4 :  0.030 0.008 0.023 0.939 
131   ZFCC35    (0)    4 :  0.005 0.005 0.004 0.986 
132   ZFCC36    (0)    4 :  0.014 0.029 0.008 0.949 
133   ZFCC37    (0)    4 :  0.009 0.033 0.085 0.873 
134   ZFCC40    (0)    4 :  0.007 0.008 0.014 0.971 
135   ZFCC42    (0)    4 :  0.006 0.158 0.212 0.624 
136   ZFCC44    (0)    4 :  0.003 0.005 0.003 0.989 
137   ZFCC45    (9)    4 :  0.005 0.021 0.037 0.937 
138   ZFCC46    (0)    4 :  0.014 0.006 0.004 0.976 
139   ZFCC47    (0)    4 :  0.007 0.009 0.065 0.919 
140   ZFCC48    (0)    4 :  0.061 0.011 0.011 0.917 
141   ZFCC50    (0)    4 :  0.004 0.006 0.009 0.981 
142   ZFCC51    (0)    4 :  0.003 0.003 0.006 0.988 
143   ZFCC52    (0)    4 :  0.013 0.008 0.005 0.975 
144   ZFCC53    (0)    4 :  0.003 0.004 0.005 0.988 
145  ZFCNS01    (0)    5 :  0.016 0.019 0.004 0.962 
146  ZFCNS02    (0)    5 :  0.012 0.003 0.003 0.981 
147  ZFCNS05    (0)    5 :  0.017 0.004 0.007 0.972 
148  ZFCNS06    (0)    5 :  0.013 0.004 0.005 0.978 
149  ZFCNS07    (0)    5 :  0.413 0.005 0.005 0.577 
150  ZFCNS10    (0)    5 :  0.090 0.005 0.003 0.902 
151  ZFCNS11    (0)    5 :  0.013 0.008 0.004 0.976 
152  ZFCNS15    (0)    5 :  0.809 0.006 0.007 0.177 
153  ZFCNS17    (0)    5 :  0.011 0.004 0.003 0.982 
154  ZFCNS18    (0)    5 :  0.033 0.004 0.004 0.959 
155  ZFCNS19    (0)    5 :  0.007 0.004 0.005 0.985 
156  ZFCNS20    (0)    5 :  0.136 0.006 0.004 0.853 
157  ZFCNS21    (0)    5 :  0.008 0.004 0.004 0.984 
158  ZFCNS22    (0)    5 :  0.144 0.006 0.007 0.843 
159  ZFCNS23    (0)    5 :  0.013 0.005 0.005 0.976 
160  ZFCNS24    (0)    5 :  0.009 0.004 0.003 0.984 
161  ZFCNS25    (0)    5 :  0.050 0.005 0.004 0.941 
162  ZFCNS26    (0)    5 :  0.304 0.005 0.008 0.683 
163  ZFCNS27    (0)    5 :  0.909 0.007 0.005 0.079 
164  ZFCNS28    (0)    5 :  0.020 0.005 0.008 0.967 
165  ZFCNS29    (0)    5 :  0.013 0.004 0.004 0.978 
166  ZFCNS30    (0)    5 :  0.008 0.005 0.005 0.983 
167  ZFCNS31    (0)    5 :  0.056 0.005 0.006 0.933 
168  ZFCNS32    (0)    5 :  0.036 0.004 0.007 0.954 
169  ZFCNS33    (0)    5 :  0.030 0.004 0.005 0.961 
170  ZFCNS34    (0)    5 :  0.005 0.004 0.004 0.987 
171  ZFCNS35    (0)    5 :  0.021 0.004 0.008 0.967 
172  ZFCNS36    (0)    5 :  0.007 0.004 0.003 0.985 
173  ZFCNS37    (0)    5 :  0.066 0.007 0.005 0.922 
174  ZFCNS39    (0)    5 :  0.011 0.004 0.003 0.982 
175  ZFCNS40    (0)    5 :  0.040 0.005 0.003 0.952 
176  ZFCNS41    (0)    5 :  0.221 0.013 0.007 0.759 
177  ZFCNS42    (0)    5 :  0.054 0.005 0.005 0.937 
178  ZFCNS43    (0)    5 :  0.007 0.004 0.004 0.985 
179  ZFCNS44    (0)    5 :  0.018 0.004 0.004 0.974 
180  ZFCNS46    (0)    5 :  0.022 0.005 0.004 0.968 
181  ZFCNS47    (0)    5 :  0.012 0.004 0.004 0.980 
182  ZFCNS48    (0)    5 :  0.053 0.005 0.004 0.938 
183  ZFCNS49    (0)    5 :  0.795 0.005 0.005 0.195 
184   ZFCR01    (0)    6 :  0.064 0.379 0.547 0.009 
185   ZFCR02    (0)    6 :  0.018 0.931 0.038 0.014 
186   ZFCR03    (0)    6 :  0.052 0.307 0.623 0.018 
187   ZFCR04    (0)    6 :  0.051 0.194 0.722 0.033 
188   ZFCR05    (0)    6 :  0.008 0.874 0.104 0.014 
189   ZFCR06    (0)    6 :  0.188 0.476 0.138 0.198 
190   ZFCR07    (0)    6 :  0.017 0.812 0.055 0.116 
191   ZFCR08    (0)    6 :  0.042 0.848 0.079 0.032 
192   ZFCR09    (0)    6 :  0.111 0.312 0.476 0.101 
193   ZFCR11    (0)    6 :  0.120 0.537 0.315 0.028 
194   ZFCR12    (0)    6 :  0.098 0.722 0.016 0.165 
195   ZFCR13    (0)    6 :  0.090 0.888 0.012 0.010 
196   ZFCR14    (0)    6 :  0.014 0.935 0.038 0.013 
197   ZFCR15    (0)    6 :  0.017 0.930 0.044 0.009 
198   ZFCR16    (0)    6 :  0.044 0.845 0.102 0.009 
199   ZFCR18    (0)    6 :  0.040 0.093 0.781 0.087 
200   ZFCR19    (0)    6 :  0.225 0.200 0.535 0.040 
201   ZFCR20    (0)    6 :  0.044 0.041 0.904 0.011 
202   ZFCR21    (0)    6 :  0.025 0.932 0.025 0.018 
203   ZFCR22    (0)    6 :  0.014 0.967 0.014 0.005 
204   ZFCR23    (0)    6 :  0.101 0.866 0.028 0.005 
205   ZFCR24    (9)    6 :  0.473 0.308 0.211 0.008 
206   ZFCR25    (0)    6 :  0.005 0.959 0.031 0.005 
207   ZFCR26    (0)    6 :  0.104 0.518 0.344 0.034 
208   ZFCR27    (9)    6 :  0.003 0.900 0.091 0.005 
209   ZFCR28    (0)    6 :  0.368 0.598 0.010 0.025 
210   ZFCR29    (0)    6 :  0.020 0.649 0.324 0.008 
211   ZFCR30    (0)    6 :  0.009 0.971 0.013 0.007 
212   ZFCR31    (0)    6 :  0.187 0.347 0.378 0.088 
213   ZFCR33    (0)    6 :  0.011 0.927 0.031 0.031 
214   ZFCR34    (0)    6 :  0.029 0.910 0.027 0.034 
215   ZFCR35    (0)    6 :  0.021 0.143 0.800 0.035 
216   ZFCR36    (0)    6 :  0.010 0.879 0.095 0.016 
217   ZFCR37    (0)    6 :  0.006 0.947 0.029 0.019 
218   ZFCR38    (0)    6 :  0.007 0.931 0.042 0.019 
219   ZFCR39    (0)    6 :  0.026 0.946 0.012 0.016 
220   ZFCR40    (0)    6 :  0.007 0.968 0.015 0.011 
221   ZFCR41    (0)    6 :  0.031 0.834 0.013 0.123 
222   ZFCR42    (0)    6 :  0.044 0.892 0.010 0.054 
223   ZFCR43    (0)    6 :  0.088 0.829 0.074 0.008 
224  ZFENP25    (0)    7 :  0.021 0.888 0.071 0.019 
225  ZFENP26    (0)    7 :  0.003 0.980 0.011 0.005 
226  ZFENP27    (0)    7 :  0.029 0.250 0.335 0.386 
227  ZFENP28    (0)    7 :  0.005 0.956 0.027 0.013 
228  ZFENP29    (0)    7 :  0.004 0.980 0.007 0.008 
229  ZFENP30    (0)    7 :  0.005 0.945 0.011 0.039 
230  ZFENP31    (0)    7 :  0.006 0.955 0.017 0.022 
231  ZFENP32    (0)    7 :  0.019 0.692 0.232 0.057 
232  ZFENP33    (0)    7 :  0.006 0.921 0.064 0.010 
233  ZFENP34    (0)    7 :  0.016 0.285 0.634 0.065 
234  ZFENP35    (0)    7 :  0.007 0.974 0.011 0.008 
235  ZFENP36    (0)    7 :  0.003 0.975 0.015 0.006 
236  ZFENP37    (0)    7 :  0.008 0.909 0.067 0.016 
237  ZFENP38    (0)    7 :  0.008 0.963 0.009 0.020 
238  ZFENP39    (0)    7 :  0.004 0.951 0.033 0.012 
239  ZFENP40    (0)    7 :  0.007 0.941 0.043 0.009 
240  ZFENP41    (0)    7 :  0.007 0.930 0.019 0.045 
241  ZFENP42    (0)    7 :  0.004 0.988 0.004 0.004 
242  ZFENP43    (0)    7 :  0.016 0.885 0.016 0.083 
243  ZFENP44    (0)    7 :  0.006 0.970 0.009 0.015 
244  ZFENP45    (0)    7 :  0.202 0.772 0.010 0.015 
245  ZFENP46    (0)    7 :  0.012 0.958 0.024 0.006 
246  ZFENP47    (0)    7 :  0.022 0.920 0.038 0.020 
247  ZFENP48    (0)    7 :  0.039 0.230 0.631 0.099 
248  ZFENP49    (0)    7 :  0.025 0.759 0.183 0.033 
249  ZFENP50    (0)    7 :  0.021 0.968 0.007 0.005 
250  ZFENP51    (0)    7 :  0.012 0.921 0.062 0.005 
251  ZFENP52    (0)    7 :  0.009 0.967 0.005 0.020 
252  ZFENP53    (0)    7 :  0.018 0.964 0.008 0.010 
253  ZFENP54    (0)    7 :  0.041 0.920 0.020 0.019 
254  ZFENP55    (0)    7 :  0.006 0.810 0.179 0.005 
255  ZFENP56    (0)    7 :  0.006 0.970 0.014 0.010 
256  ZFENP57    (0)    7 :  0.004 0.963 0.022 0.010 
257  ZFENP58    (0)    7 :  0.025 0.880 0.014 0.080 
258  ZFENP59    (0)    7 :  0.005 0.953 0.015 0.027 
259  ZFENP60    (0)    7 :  0.008 0.920 0.063 0.009 
260  ZFENP61    (0)    7 :  0.004 0.945 0.041 0.010 
261 ZFFDSP01    (0)    8 :  0.986 0.003 0.004 0.006 
262 ZFFDSP02    (0)    8 :  0.987 0.004 0.004 0.005 
263 ZFFDSP04    (0)    8 :  0.987 0.003 0.005 0.004 
264 ZFFDSP05    (0)    8 :  0.986 0.004 0.004 0.005 
265 ZFFDSP06    (0)    8 :  0.988 0.003 0.003 0.005 
266 ZFFDSP07    (0)    8 :  0.977 0.007 0.004 0.011 
267 ZFFDSP08    (0)    8 :  0.976 0.006 0.004 0.015 
268 ZFFDSP10    (0)    8 :  0.986 0.005 0.004 0.006 
269 ZFFDSP11    (0)    8 :  0.985 0.005 0.005 0.005 
270 ZFFDSP12    (0)    8 :  0.989 0.004 0.003 0.005 
271 ZFFDSP13    (0)    8 :  0.960 0.008 0.005 0.027 
272 ZFFDSP14    (0)    8 :  0.985 0.005 0.005 0.006 
273 ZFFDSP16    (0)    8 :  0.974 0.006 0.007 0.012 
274 ZFFDSP17    (0)    8 :  0.986 0.004 0.004 0.005 
275 ZFFDSP18    (0)    8 :  0.983 0.003 0.007 0.006 
276 ZFFDSP19    (0)    8 :  0.973 0.004 0.006 0.017 
277 ZFFDSP21    (0)    8 :  0.976 0.004 0.003 0.017 
278 ZFFDSP22    (0)    8 :  0.989 0.003 0.003 0.005 
279 ZFFDSP23    (0)    8 :  0.989 0.003 0.003 0.005 
280 ZFFDSP24    (0)    8 :  0.984 0.004 0.005 0.007 
281 ZFFDSP26    (9)    8 :  0.986 0.004 0.004 0.006 
282 ZFFDSP27    (0)    8 :  0.986 0.003 0.006 0.005 
283 ZFFDSP28    (0)    8 :  0.879 0.018 0.085 0.018 
284 ZFFDSP30    (0)    8 :  0.964 0.005 0.014 0.017 
285 ZFFDSP31    (0)    8 :  0.985 0.004 0.005 0.007 
286 ZFFDSP32    (0)    8 :  0.988 0.004 0.004 0.005 
287 ZFFDSP33    (0)    8 :  0.989 0.003 0.004 0.004 
288 ZFFDSP34    (0)    8 :  0.988 0.003 0.004 0.006 
289 ZFFDSP35    (0)    8 :  0.986 0.004 0.005 0.005 
290 ZFFDSP37    (0)    8 :  0.986 0.004 0.005 0.005 
291 ZFFDSP38    (0)    8 :  0.986 0.003 0.005 0.005 
292 ZFFDSP39    (0)    8 :  0.989 0.003 0.004 0.005 
293 ZFFDSP40    (0)    8 :  0.985 0.004 0.005 0.006 
294 ZFFDSP42    (0)    8 :  0.987 0.003 0.003 0.006 
295 ZFFDSP43    (0)    8 :  0.987 0.003 0.004 0.006 
296 ZFFDSP44    (0)    8 :  0.985 0.004 0.006 0.005 
297 ZFFDSP45    (0)    8 :  0.985 0.004 0.005 0.006 
298 ZFFDSP46    (0)    8 :  0.984 0.004 0.005 0.007 
299 ZFFDSP47    (0)    8 :  0.987 0.004 0.004 0.005 
300 ZFFDSP48    (0)    8 :  0.986 0.004 0.004 0.006 
301    ZFI01    (0)    9 :  0.004 0.008 0.977 0.010 
302    ZFI02    (0)    9 :  0.006 0.006 0.981 0.006 
303    ZFI03    (0)    9 :  0.004 0.006 0.982 0.008 
304    ZFI04    (0)    9 :  0.004 0.006 0.984 0.006 
305    ZFI05    (0)    9 :  0.006 0.007 0.973 0.013 
306    ZFI06    (0)    9 :  0.013 0.009 0.963 0.015 
307    ZFI07    (0)    9 :  0.004 0.006 0.984 0.006 
308    ZFI08    (0)    9 :  0.004 0.007 0.984 0.005 
309    ZFI09    (0)    9 :  0.004 0.006 0.984 0.005 
310    ZFI10    (0)    9 :  0.008 0.007 0.969 0.015 
311    ZFI11    (0)    9 :  0.003 0.006 0.985 0.006 
312    ZFI12    (0)    9 :  0.005 0.006 0.976 0.013 
313    ZFI13    (0)    9 :  0.004 0.007 0.981 0.008 
314    ZFI14    (0)    9 :  0.011 0.006 0.975 0.008 
315    ZFI15    (0)    9 :  0.004 0.005 0.985 0.006 
316    ZFI16    (0)    9 :  0.004 0.004 0.985 0.006 
317    ZFI17    (0)    9 :  0.004 0.008 0.982 0.007 
318    ZFI18    (0)    9 :  0.003 0.006 0.985 0.005 
319    ZFI19    (9)    9 :  0.004 0.005 0.986 0.005 
320    ZFI20    (0)    9 :  0.006 0.007 0.981 0.005 
321    ZFI21    (0)    9 :  0.021 0.006 0.963 0.010 
322    ZFI22    (0)    9 :  0.005 0.005 0.984 0.006 
323    ZFI23    (0)    9 :  0.004 0.005 0.983 0.007 
324    ZFI24    (0)    9 :  0.005 0.006 0.977 0.012 
325    ZFI25    (0)    9 :  0.005 0.006 0.982 0.007 
326    ZFI26    (0)    9 :  0.004 0.006 0.983 0.007 
327    ZFI27    (0)    9 :  0.006 0.009 0.963 0.022 
328    ZFK01    (0)    9 :  0.012 0.022 0.009 0.957 
329    ZFK02    (0)   10 :  0.010 0.017 0.013 0.960 
330    ZFK03    (0)   10 :  0.010 0.032 0.017 0.941 
331    ZFK04    (0)   10 :  0.010 0.062 0.129 0.799 
332    ZFK05    (0)   10 :  0.006 0.088 0.071 0.836 
333    ZFK06    (0)   10 :  0.008 0.134 0.074 0.784 
334    ZFK07    (0)   10 :  0.010 0.046 0.007 0.937 
335    ZFK08    (0)   10 :  0.014 0.591 0.150 0.245 
336    ZFK10    (0)   10 :  0.009 0.031 0.086 0.874 
337    ZFK11    (0)   10 :  0.007 0.283 0.019 0.691 
338    ZFK12    (0)   10 :  0.026 0.163 0.007 0.805 
339    ZFK13    (0)   10 :  0.068 0.281 0.006 0.644 
340    ZFK14    (0)   10 :  0.017 0.017 0.005 0.961 
341    ZFK15    (0)   10 :  0.035 0.451 0.014 0.500 
342    ZFK16    (0)   10 :  0.034 0.081 0.004 0.881 
343   ZFLB01    (0)   11 :  0.009 0.979 0.008 0.005 
344   ZFLB02    (0)   11 :  0.004 0.977 0.014 0.004 
345   ZFLB03    (0)   11 :  0.006 0.972 0.005 0.016 
346   ZFLB04    (0)   11 :  0.035 0.880 0.017 0.067 
347   ZFLB05    (0)   11 :  0.006 0.973 0.015 0.006 
348   ZFLB06    (0)   11 :  0.006 0.980 0.006 0.008 
349   ZFLB07    (0)   11 :  0.013 0.961 0.006 0.020 
350   ZFLB08    (0)   11 :  0.004 0.977 0.014 0.005 
351   ZFLB09    (9)   11 :  0.005 0.973 0.016 0.007 
352   ZFLB10    (0)   11 :  0.005 0.972 0.016 0.007 
353   ZFLB11    (0)   11 :  0.005 0.985 0.005 0.006 
354   ZFLB12    (0)   11 :  0.004 0.982 0.010 0.005 
355   ZFLB13    (0)   11 :  0.005 0.981 0.007 0.007 
356  ZFLTI01    (0)   12 :  0.895 0.004 0.004 0.097 
357  ZFLTI02    (0)   12 :  0.477 0.005 0.005 0.513 
358  ZFLTI03    (0)   12 :  0.947 0.005 0.004 0.045 
359  ZFLTI04    (0)   12 :  0.867 0.007 0.007 0.119 
360  ZFLTI05    (0)   12 :  0.945 0.005 0.004 0.046 
361  ZFLTI06    (0)   12 :  0.985 0.003 0.004 0.007 
362  ZFLTI07    (0)   12 :  0.971 0.005 0.006 0.018 
363  ZFLTI08    (0)   12 :  0.932 0.007 0.009 0.053 
364  ZFLTI09    (0)   12 :  0.972 0.005 0.008 0.016 
365  ZFLTI10    (0)   12 :  0.966 0.004 0.005 0.024 
366  ZFLTI11    (0)   12 :  0.983 0.003 0.004 0.010 
367  ZFLTI12    (0)   12 :  0.960 0.004 0.004 0.032 
368  ZFLTI13    (0)   12 :  0.601 0.006 0.005 0.388 
369  ZFLTI14    (0)   12 :  0.068 0.005 0.007 0.920 
370 ZFONF101    (0)   13 :  0.991 0.003 0.003 0.003 
371 ZFONF102    (0)   13 :  0.986 0.006 0.005 0.003 
372 ZFONF103    (0)   13 :  0.971 0.005 0.005 0.019 
373 ZFONF104    (0)   13 :  0.991 0.003 0.002 0.004 
374 ZFONF105    (0)   13 :  0.989 0.003 0.003 0.005 
375 ZFONF106    (0)   13 :  0.988 0.003 0.005 0.004 
376 ZFONF107    (0)   13 :  0.893 0.052 0.029 0.026 
377 ZFONF108    (0)   13 :  0.956 0.012 0.006 0.026 
378 ZFONF109    (9)   13 :  0.973 0.006 0.005 0.016 
379 ZFONF110    (0)   13 :  0.989 0.003 0.003 0.005 
380 ZFONF111    (0)   13 :  0.961 0.019 0.012 0.008 
381 ZFONF112    (0)   13 :  0.988 0.003 0.003 0.006 
382 ZFONF113    (9)   13 :  0.986 0.005 0.003 0.006 
383 ZFONF115    (0)   13 :  0.983 0.004 0.005 0.009 
384 ZFONF116    (0)   13 :  0.983 0.004 0.005 0.007 
385 ZFONF117    (0)   13 :  0.978 0.005 0.004 0.013 
386 ZFONF118    (0)   13 :  0.980 0.004 0.006 0.010 
387 ZFONF119    (0)   13 :  0.980 0.006 0.004 0.010 
388 ZFONF120    (0)   13 :  0.977 0.006 0.004 0.013 
389 ZFONF121    (0)   13 :  0.986 0.005 0.004 0.006 
390 ZFONF122    (0)   13 :  0.955 0.006 0.007 0.032 
391 ZFONF123    (0)   13 :  0.965 0.021 0.007 0.006 
392 ZFONF124    (0)   13 :  0.983 0.006 0.003 0.008 
393 ZFONF125    (0)   13 :  0.929 0.047 0.007 0.018 
394 ZFONF126    (0)   13 :  0.979 0.004 0.005 0.012 
395 ZFONF201    (0)   14 :  0.779 0.066 0.091 0.064 
396 ZFONF202    (0)   14 :  0.986 0.003 0.003 0.008 
397 ZFONF203    (0)   14 :  0.972 0.014 0.005 0.009 
398 ZFONF204    (0)   14 :  0.762 0.072 0.020 0.146 
399 ZFONF206    (0)   14 :  0.660 0.305 0.022 0.013 
400 ZFONF207    (0)   14 :  0.970 0.016 0.005 0.009 
401 ZFONF208    (0)   14 :  0.969 0.011 0.005 0.015 
402 ZFONF209    (0)   14 :  0.777 0.023 0.016 0.185 
403 ZFONF210    (0)   14 :  0.983 0.003 0.002 0.012 
404 ZFONF211    (0)   14 :  0.976 0.006 0.003 0.015 
405 ZFONF212    (0)   14 :  0.990 0.003 0.002 0.004 
406 ZFONF214    (0)   14 :  0.983 0.005 0.003 0.009 
407 ZFONF215    (0)   14 :  0.989 0.003 0.003 0.006 
408 ZFONF216    (0)   14 :  0.985 0.005 0.002 0.008 
409 ZFONF217    (0)   14 :  0.985 0.004 0.003 0.008 
410 ZFONF218    (0)   14 :  0.962 0.027 0.006 0.005 
411 ZFONF219    (0)   14 :  0.990 0.004 0.002 0.004 
412 ZFONF220    (0)   14 :  0.985 0.004 0.003 0.008 
413 ZFONF222    (0)   14 :  0.970 0.016 0.005 0.009 
414 ZFONF223    (0)   14 :  0.974 0.015 0.006 0.005 
415 ZFONF224    (0)   14 :  0.985 0.005 0.003 0.006 
416 ZFONF225    (0)   14 :  0.988 0.003 0.002 0.006 
417 ZFONF226    (0)   14 :  0.984 0.005 0.003 0.008 
418 ZFONF227    (0)   14 :  0.990 0.003 0.002 0.005 
419 ZFONF228    (0)   14 :  0.990 0.003 0.003 0.004 
420 ZFONF230    (0)   14 :  0.989 0.003 0.002 0.006 
421 ZFONF231    (0)   14 :  0.977 0.004 0.003 0.016 
422 ZFONF232    (0)   14 :  0.989 0.004 0.003 0.004 
423 ZFONF233    (0)   14 :  0.980 0.006 0.003 0.011 
424 ZFONF234    (0)   14 :  0.967 0.021 0.003 0.009 
425 ZFONF235    (0)   14 :  0.983 0.005 0.002 0.010 
426 ZFONF236    (0)   14 :  0.876 0.034 0.024 0.066 
427 ZFONF238    (0)   14 :  0.984 0.007 0.004 0.005 
428 ZFONF239    (0)   14 :  0.878 0.035 0.028 0.060 
429 ZFONF240    (0)   14 :  0.981 0.003 0.002 0.014 
430 ZFONF241    (0)   14 :  0.977 0.011 0.005 0.006 
431 ZFONF242    (0)   14 :  0.981 0.006 0.003 0.010 
432 ZFONF243    (0)   14 :  0.981 0.005 0.003 0.011 
433 ZFONF244    (0)   14 :  0.986 0.004 0.003 0.008 
434 ZFONF245    (0)   14 :  0.983 0.005 0.002 0.011 
435   ZFOS01    (0)   15 :  0.033 0.006 0.005 0.956 
436   ZFOS02    (0)   15 :  0.031 0.012 0.039 0.918 
437   ZFOS03    (0)   15 :  0.014 0.062 0.022 0.902 
438   ZFOS04    (0)   15 :  0.050 0.007 0.017 0.926 
439   ZFOS05    (0)   15 :  0.025 0.006 0.008 0.962 
440   ZFOS06    (0)   15 :  0.014 0.009 0.006 0.972 
441   ZFOS07    (0)   15 :  0.007 0.006 0.041 0.946 
442   ZFOS08    (0)   15 :  0.012 0.006 0.026 0.956 
443   ZFOS09    (0)   15 :  0.108 0.043 0.040 0.809 
444   ZFOS10    (0)   15 :  0.003 0.020 0.068 0.909 
445   ZFOS11    (0)   15 :  0.018 0.048 0.014 0.919 
446   ZFOS12    (0)   15 :  0.027 0.371 0.064 0.538 
447   ZFOS13    (0)   15 :  0.014 0.009 0.023 0.954 
448   ZFOS14    (0)   15 :  0.014 0.045 0.162 0.779 
449   ZFOS15    (0)   15 :  0.004 0.006 0.008 0.982 
450   ZFOS16    (0)   15 :  0.026 0.011 0.019 0.944 
451   ZFOS17    (0)   15 :  0.005 0.011 0.016 0.967 
452   ZFOS18    (0)   15 :  0.004 0.012 0.011 0.973 
453   ZFOS19    (0)   15 :  0.005 0.009 0.008 0.978 
454   ZFOS20    (0)   15 :  0.007 0.009 0.013 0.971 
455   ZFOS21    (0)   15 :  0.016 0.006 0.012 0.966 
456   ZFOS22    (0)   15 :  0.008 0.010 0.004 0.977 
457   ZFOS23    (0)   15 :  0.003 0.037 0.378 0.583 
458   ZFOS24    (0)   15 :  0.004 0.005 0.005 0.986 
459   ZFOS25    (0)   15 :  0.032 0.005 0.008 0.954 
460   ZFOS26    (0)   15 :  0.130 0.008 0.009 0.853 
461   ZFOS27    (0)   15 :  0.020 0.008 0.007 0.964 
462   ZFOS28    (0)   15 :  0.009 0.019 0.034 0.938 
463   ZFOS29    (0)   15 :  0.010 0.012 0.017 0.962 
464   ZFOS30    (0)   15 :  0.016 0.007 0.012 0.965 
465   ZFOS31    (0)   15 :  0.155 0.064 0.109 0.672 
466   ZFOS32    (0)   15 :  0.014 0.008 0.014 0.964 
467   ZFPB01    (0)   16 :  0.003 0.983 0.010 0.005 
468   ZFPB02    (0)   16 :  0.006 0.986 0.004 0.004 
469   ZFPB03    (0)   16 :  0.008 0.968 0.008 0.016 
470   ZFPB05    (0)   16 :  0.005 0.988 0.004 0.003 
471   ZFPB06    (0)   16 :  0.003 0.981 0.010 0.006 
472   ZFPB07    (0)   16 :  0.007 0.986 0.004 0.003 
473   ZFPB08    (0)   16 :  0.006 0.981 0.006 0.006 
474   ZFPB10    (0)   16 :  0.004 0.986 0.005 0.005 
475   ZFPB11    (0)   16 :  0.003 0.989 0.004 0.004 
476   ZFPB12    (0)   16 :  0.003 0.988 0.005 0.004 
477   ZFPB13    (0)   16 :  0.007 0.981 0.007 0.004 
478   ZFPB14    (0)   16 :  0.007 0.985 0.004 0.004 
479   ZFPB15    (0)   16 :  0.009 0.981 0.005 0.005 
480   ZFPB17    (0)   16 :  0.003 0.988 0.005 0.004 
481   ZFPB18    (0)   16 :  0.004 0.989 0.004 0.003 
482   ZFPB19    (0)   16 :  0.006 0.973 0.014 0.008 
483   ZFPB20    (0)   16 :  0.004 0.989 0.004 0.003 
484   ZFPB21    (0)   16 :  0.008 0.982 0.005 0.005 
485   ZFPB22    (0)   16 :  0.003 0.989 0.005 0.003 
486   ZFPB23    (0)   16 :  0.005 0.986 0.006 0.004 
487   ZFSF01    (0)   17 :  0.004 0.088 0.902 0.006 
488   ZFSF02    (0)   17 :  0.034 0.442 0.497 0.026 
489   ZFSF03    (0)   17 :  0.005 0.097 0.893 0.005 
490   ZFSF04    (0)   17 :  0.006 0.006 0.981 0.007 
491  ZFSW101    (0)   18 :  0.047 0.005 0.940 0.008 
492  ZFSW102    (0)   18 :  0.007 0.007 0.979 0.007 
493  ZFSW103    (0)   18 :  0.027 0.007 0.952 0.014 
494  ZFSW104    (9)   18 :  0.026 0.019 0.936 0.019 
495  ZFSW105    (0)   18 :  0.021 0.005 0.966 0.008 
496  ZFSW106    (0)   18 :  0.030 0.039 0.923 0.009 
497  ZFSW107    (0)   18 :  0.007 0.006 0.982 0.005 
498  ZFSW108    (0)   18 :  0.003 0.007 0.985 0.005 
499  ZFSW109    (0)   18 :  0.006 0.004 0.981 0.008 
500  ZFSW110    (0)   18 :  0.023 0.007 0.960 0.011 
501  ZFSW111    (0)   18 :  0.076 0.008 0.902 0.014 
502  ZFSW112    (0)   18 :  0.016 0.007 0.953 0.024 
503  ZFSW113    (0)   18 :  0.034 0.015 0.941 0.010 
504  ZFSW114    (0)   18 :  0.008 0.006 0.980 0.007 
505  ZFSW115    (0)   18 :  0.010 0.027 0.956 0.007 
506  ZFSW116    (0)   18 :  0.021 0.013 0.958 0.008 
507  ZFSW117    (0)   18 :  0.039 0.011 0.937 0.013 
508  ZFSW119    (0)   18 :  0.004 0.010 0.980 0.006 
509  ZFSW120    (0)   18 :  0.002 0.012 0.982 0.004 
510  ZFSW121    (0)   18 :  0.029 0.033 0.924 0.014 
511  ZFSW122    (0)   18 :  0.010 0.004 0.978 0.008 
512  ZFSW123    (0)   18 :  0.004 0.004 0.988 0.004 
513  ZFSW124    (0)   18 :  0.004 0.005 0.984 0.006 
514  ZFSW201    (0)   19 :  0.003 0.008 0.982 0.006 
515  ZFSW202    (0)   19 :  0.004 0.006 0.984 0.006 
516  ZFSW203    (0)   19 :  0.004 0.007 0.982 0.007 
517  ZFSW204    (0)   19 :  0.004 0.008 0.979 0.009 
518  ZFSW205    (0)   19 :  0.005 0.006 0.983 0.006 
519  ZFSW206    (0)   19 :  0.005 0.012 0.977 0.006 
520  ZFSW207    (0)   19 :  0.008 0.005 0.979 0.007 
521  ZFSW208    (0)   19 :  0.005 0.010 0.979 0.006 
522  ZFSW209    (0)   19 :  0.006 0.039 0.948 0.006 
523  ZFSW210    (0)   19 :  0.018 0.007 0.958 0.017 
524  ZFSW211    (0)   19 :  0.009 0.020 0.962 0.009 
525  ZFSW212    (0)   19 :  0.006 0.007 0.979 0.008 
526  ZFSW213    (0)   19 :  0.004 0.005 0.984 0.007 
527  ZFSW214    (0)   19 :  0.006 0.006 0.979 0.009 
528  ZFSW215    (0)   19 :  0.004 0.005 0.986 0.006 
529  ZFSW216    (0)   19 :  0.008 0.008 0.974 0.009 
530  ZFSW217    (0)   19 :  0.004 0.005 0.984 0.007 
531  ZFSW218    (0)   19 :  0.005 0.005 0.983 0.007 
532  ZFSW219    (0)   19 :  0.009 0.025 0.949 0.016 
533  ZFSW220    (0)   19 :  0.005 0.013 0.974 0.008 
534  ZFSW221    (0)   19 :  0.006 0.012 0.973 0.008 
535  ZFSW222    (0)   19 :  0.003 0.006 0.987 0.004 
536  ZFSW223    (0)   19 :  0.004 0.013 0.977 0.006 
537  ZFSW224    (0)   19 :  0.006 0.012 0.973 0.009 
538  ZFSW225    (0)   19 :  0.005 0.008 0.979 0.008 
539  ZFSW226    (0)   19 :  0.005 0.005 0.984 0.005 
540  ZFSW227    (0)   19 :  0.005 0.006 0.983 0.007 
541  ZFSW229    (0)   19 :  0.005 0.009 0.980 0.006 
542  ZFSW230    (0)   19 :  0.010 0.006 0.977 0.007 
543  ZFSW231    (0)   19 :  0.005 0.013 0.975 0.007 
544  ZFSW232    (0)   19 :  0.004 0.008 0.982 0.005 
545  ZFSW233    (0)   19 :  0.005 0.014 0.975 0.006 
546  ZFSW234    (0)   19 :  0.004 0.004 0.987 0.005 
547  ZFSW235    (0)   19 :  0.005 0.009 0.974 0.011 
548  ZFSW236    (0)   19 :  0.005 0.004 0.986 0.006 
549  ZFSW237    (0)   19 :  0.005 0.008 0.977 0.010 
550  ZFSW238    (0)   19 :  0.039 0.095 0.823 0.043 
551  ZFSW239    (0)   19 :  0.007 0.005 0.984 0.004 
552  ZFSW240    (0)   19 :  0.004 0.007 0.984 0.005 
553   ZFTS01    (0)   20 :  0.004 0.017 0.975 0.003 
554   ZFTS02    (0)   20 :  0.007 0.008 0.979 0.005 
555   ZFTS03    (0)   20 :  0.005 0.006 0.984 0.005 
556   ZFTS04    (0)   20 :  0.004 0.016 0.975 0.004 
557   ZFTS05    (0)   20 :  0.006 0.225 0.762 0.008 
558   ZFTS07    (0)   20 :  0.004 0.067 0.925 0.004 
559   ZFTS08    (0)   20 :  0.003 0.010 0.983 0.004 
560   ZFTS09    (0)   20 :  0.003 0.021 0.973 0.004 
561   ZFTS10    (0)   20 :  0.004 0.007 0.985 0.004 
562   ZFTS11    (0)   20 :  0.004 0.011 0.981 0.004 
563   ZFTS12    (0)   20 :  0.004 0.020 0.970 0.006 
564   ZFTS14    (0)   20 :  0.005 0.047 0.943 0.004 
565   ZFTS15    (0)   20 :  0.006 0.055 0.935 0.004 
566   ZFTS16    (0)   20 :  0.006 0.008 0.981 0.005 
567   ZFTS17    (9)   20 :  0.005 0.030 0.959 0.007 
568   ZFTS18    (0)   20 :  0.003 0.006 0.987 0.004 
569   ZFTS19    (9)   20 :  0.003 0.007 0.986 0.004 
570   ZFTS20    (0)   20 :  0.003 0.014 0.977 0.006 
571   ZFTS21    (0)   20 :  0.003 0.022 0.971 0.004 
572   ZFTS22    (0)   20 :  0.003 0.019 0.974 0.004 
573   ZFTS23    (0)   20 :  0.006 0.018 0.970 0.006 
574   ZFTS24    (0)   20 :  0.003 0.007 0.984 0.005 
575   ZFTS25    (0)   20 :  0.007 0.025 0.964 0.003 
576   ZFTS26    (0)   20 :  0.002 0.005 0.989 0.003 
577   ZFTS27    (0)   20 :  0.006 0.047 0.941 0.006 
578   ZFTS28    (0)   20 :  0.010 0.273 0.704 0.013 
579   ZFTS29    (0)   20 :  0.003 0.035 0.958 0.005 
580   ZFTS30    (0)   20 :  0.004 0.054 0.938 0.005 
581   ZFTS31    (0)   20 :  0.005 0.029 0.958 0.007 
582   ZFTS32    (0)   20 :  0.005 0.027 0.964 0.005 
583   ZFTS33    (0)   20 :  0.007 0.027 0.960 0.006 
584   ZFTS34    (0)   20 :  0.005 0.009 0.983 0.004 
585   ZFTS35    (0)   20 :  0.005 0.006 0.985 0.004 
586   ZFTS36    (0)   20 :  0.004 0.018 0.973 0.004 
587   ZFTS37    (0)   20 :  0.005 0.010 0.980 0.005 
588   ZFTS38    (0)   20 :  0.005 0.019 0.971 0.006 
589   ZFTS39    (0)   20 :  0.004 0.013 0.978 0.005 
590   ZFTS40    (0)   20 :  0.014 0.046 0.932 0.007 
591 ZFTSP101    (0)   21 :  0.927 0.005 0.004 0.063 
592 ZFTSP102    (0)   21 :  0.042 0.007 0.007 0.945 
593 ZFTSP103    (0)   21 :  0.032 0.005 0.004 0.959 
594 ZFTSP104    (0)   21 :  0.987 0.005 0.003 0.005 
595 ZFTSP105    (0)   21 :  0.240 0.006 0.006 0.748 
596 ZFTSP106    (0)   21 :  0.979 0.008 0.004 0.009 
597 ZFTSP107    (0)   21 :  0.894 0.010 0.004 0.093 
598 ZFTSP108    (0)   21 :  0.956 0.009 0.003 0.031 
599 ZFTSP109    (0)   21 :  0.969 0.014 0.004 0.013 
600 ZFTSP110    (0)   21 :  0.975 0.007 0.004 0.013 
601 ZFTSP111    (0)   21 :  0.973 0.004 0.004 0.019 
602 ZFTSP112    (0)   21 :  0.920 0.005 0.005 0.069 
603 ZFTSP113    (0)   21 :  0.973 0.009 0.005 0.013 
604 ZFTSP114    (0)   21 :  0.955 0.006 0.003 0.036 
605 ZFTSP115    (0)   21 :  0.964 0.006 0.003 0.027 
606 ZFTSP116    (0)   21 :  0.914 0.008 0.004 0.074 
607 ZFTSP117    (0)   21 :  0.984 0.004 0.004 0.009 
608 ZFTSP118    (0)   21 :  0.872 0.005 0.005 0.117 
609 ZFTSP119    (0)   21 :  0.909 0.041 0.038 0.012 
610 ZFTSP120    (0)   21 :  0.958 0.003 0.005 0.034 
611 ZFTSP121    (0)   21 :  0.608 0.061 0.020 0.311 
612 ZFTSP122    (0)   21 :  0.811 0.005 0.003 0.181 
613 ZFTSP123    (0)   21 :  0.986 0.005 0.003 0.007 
614 ZFTSP124    (0)   21 :  0.981 0.005 0.002 0.012 
615 ZFTSP125    (0)   21 :  0.985 0.005 0.003 0.007 
616 ZFTSP126    (0)   21 :  0.973 0.008 0.004 0.015 
617 ZFTSP127    (0)   21 :  0.981 0.005 0.003 0.011 
618 ZFTSP128    (0)   21 :  0.942 0.005 0.003 0.049 
619 ZFTSP129    (0)   21 :  0.967 0.004 0.003 0.025 
620 ZFTSP130    (0)   21 :  0.976 0.005 0.002 0.016 
621 ZFTSP131    (0)   21 :  0.978 0.004 0.003 0.016 
622 ZFTSP132    (0)   21 :  0.949 0.007 0.006 0.038 
623 ZFTSP133    (0)   21 :  0.956 0.003 0.003 0.038 
624 ZFTSP134    (0)   21 :  0.950 0.005 0.003 0.041 
625 ZFTSP135    (0)   21 :  0.947 0.004 0.004 0.045 
626 ZFTSP136    (0)   21 :  0.968 0.004 0.005 0.023 
627 ZFTSP137    (0)   21 :  0.896 0.031 0.011 0.061 
628 ZFTSP138    (0)   21 :  0.974 0.006 0.003 0.017 
629 ZFTSP139    (0)   21 :  0.986 0.003 0.003 0.008 
630 ZFTSP140    (0)   21 :  0.896 0.012 0.005 0.087 
631 ZFTSP141    (0)   21 :  0.794 0.009 0.007 0.190 
632 ZFTSP142    (0)   21 :  0.440 0.010 0.005 0.545 
633 ZFTSP143    (0)   21 :  0.963 0.004 0.005 0.028 
634 ZFTSP144    (0)   21 :  0.799 0.006 0.008 0.187 
635 ZFTSP145    (0)   21 :  0.521 0.004 0.004 0.472 
636 ZFTSP201    (9)   22 :  0.975 0.007 0.004 0.013 
637 ZFTSP202    (0)   22 :  0.788 0.019 0.005 0.189 
638 ZFTSP203    (0)   22 :  0.980 0.005 0.005 0.010 
639 ZFTSP204    (0)   22 :  0.962 0.004 0.006 0.028 
640 ZFTSP205    (0)   22 :  0.903 0.011 0.007 0.080 
641 ZFTSP206    (0)   22 :  0.972 0.006 0.006 0.016 
642 ZFTSP207    (0)   22 :  0.984 0.004 0.006 0.005 
643 ZFTSP208    (0)   22 :  0.973 0.005 0.009 0.013 
644 ZFTSP209    (0)   22 :  0.971 0.004 0.004 0.022 
645 ZFTSP210    (0)   22 :  0.986 0.004 0.004 0.006 
646 ZFTSP211    (0)   22 :  0.942 0.009 0.006 0.044 
647 ZFTSP212    (0)   22 :  0.988 0.003 0.003 0.007 
648 ZFTSP213    (0)   22 :  0.978 0.008 0.003 0.011 
649 ZFTSP214    (0)   22 :  0.102 0.005 0.004 0.889 
650 ZFTSP215    (0)   22 :  0.838 0.005 0.004 0.153 
651 ZFTSP216    (0)   22 :  0.721 0.059 0.018 0.203 
652 ZFTSP217    (0)   22 :  0.983 0.007 0.003 0.006 
653 ZFTSP218    (0)   22 :  0.977 0.007 0.005 0.011 
654 ZFTSP219    (0)   22 :  0.909 0.007 0.007 0.077 
655 ZFTSP220    (0)   22 :  0.917 0.023 0.008 0.051 
656 ZFTSP221    (0)   22 :  0.971 0.008 0.005 0.017 
657 ZFTSP222    (0)   22 :  0.818 0.163 0.008 0.010 
658 ZFTSP223    (0)   22 :  0.977 0.004 0.003 0.016 
659 ZFTSP224    (0)   22 :  0.688 0.006 0.003 0.304 
660 ZFTSP225    (0)   22 :  0.977 0.006 0.005 0.013 
661 ZFTSP226    (0)   22 :  0.836 0.007 0.004 0.154 
662 ZFTSP227    (0)   22 :  0.965 0.018 0.005 0.012 
663 ZFTSP228    (0)   22 :  0.714 0.018 0.007 0.261 
664    ZFW01    (0)   23 :  0.006 0.005 0.985 0.005 
665    ZFW02    (0)   23 :  0.005 0.007 0.984 0.004 
666    ZFW03    (0)   23 :  0.005 0.005 0.986 0.004 
667    ZFW04    (0)   23 :  0.003 0.005 0.987 0.004 
668    ZFW05    (0)   23 :  0.018 0.135 0.792 0.056 
669    ZFW06    (0)   23 :  0.004 0.018 0.973 0.005 
670   ZFWB01    (0)   24 :  0.071 0.855 0.039 0.035 
671   ZFWB02    (0)   24 :  0.018 0.668 0.282 0.032 
672   ZFWB03    (0)   24 :  0.024 0.925 0.021 0.030 
673   ZFWB05    (0)   24 :  0.088 0.758 0.139 0.015 
674   ZFWB06    (0)   24 :  0.069 0.752 0.144 0.034 
675   ZFWB07    (0)   24 :  0.017 0.958 0.009 0.016 
676   ZFWB10    (0)   24 :  0.134 0.666 0.174 0.026 
677   ZFWB11    (0)   24 :  0.013 0.966 0.008 0.013 
678   ZFWB12    (0)   24 :  0.037 0.835 0.033 0.095 
679   ZFWB13    (9)   24 :  0.080 0.652 0.014 0.254 
680   ZFWB14    (0)   24 :  0.059 0.903 0.020 0.018 
681   ZFWB15    (9)   24 :  0.051 0.806 0.123 0.021 
682   ZFWB18    (0)   24 :  0.028 0.949 0.005 0.017 
683   ZFWB19    (0)   24 :  0.006 0.967 0.019 0.007 
684   ZFWB20    (0)   24 :  0.011 0.969 0.013 0.007 
685   ZFWB21    (0)   24 :  0.017 0.953 0.010 0.020 
686   ZFWB22    (0)   24 :  0.045 0.833 0.087 0.035 
687   ZFWB23    (0)   24 :  0.382 0.346 0.034 0.239 
688   ZFWB24    (0)   24 :  0.046 0.912 0.025 0.017 
689   ZFWB25    (0)   24 :  0.038 0.842 0.108 0.012 
690   ZFWB26    (0)   24 :  0.010 0.965 0.018 0.007 
691   ZFWB27    (0)   24 :  0.014 0.959 0.015 0.012 
692   ZFWB29    (0)   24 :  0.014 0.852 0.119 0.016 
693   ZFWB30    (0)   24 :  0.015 0.954 0.009 0.023 
694   ZFWB31    (0)   24 :  0.027 0.947 0.006 0.020 
695   ZFWB32    (9)   24 :  0.014 0.936 0.034 0.015 
