

----------------------------------------------------
STRUCTURE by Pritchard, Stephens and Donnelly (2000)
     and Falush, Stephens and Pritchard (2003)
       Code by Pritchard, Falush and Hubisz
             Version 2.3.4 (Jul 2012)
----------------------------------------------------



Command line arguments:   bin\structure -m C:\Users\eschumacher\Documents\GitHub\GCC_QUAC_ZAIN\Data_Files\Structure_Files\ZAIN\ZAIN_rebinned_wild\50-50\mainparams -e C:\Users\eschumacher\Documents\GitHub\GCC_QUAC_ZAIN\Data_Files\Structure_Files\ZAIN\ZAIN_rebinned_wild\50-50\extraparams 
Input File:    C:\Users\eschumacher\Documents\GitHub\GCC_QUAC_ZAIN\Data_Files\Structure_Files\ZAIN\ZAIN_rebinned_wild\project_data

Run parameters:
   751 individuals
   11 loci
   14 populations assumed
   50000 Burn-in period
   50000 Reps


--------------------------------------------
Proportion of membership of each pre-defined
 population in each of the 14 clusters

Given    Inferred Clusters                                                                                    Number of
 Pop       1      2      3      4      5      6      7      8      9     10     11     12     13     14      Individuals

  1:     0.007  0.005  0.853  0.004  0.006  0.008  0.006  0.015  0.029  0.022  0.013  0.010  0.010  0.011       35
  2:     0.654  0.017  0.004  0.021  0.012  0.019  0.229  0.004  0.009  0.009  0.004  0.006  0.007  0.005       36
  3:     0.754  0.008  0.003  0.027  0.018  0.009  0.133  0.004  0.006  0.006  0.005  0.006  0.013  0.006       33
  4:     0.013  0.860  0.005  0.009  0.009  0.037  0.008  0.016  0.007  0.007  0.009  0.005  0.007  0.007       40
  5:     0.007  0.006  0.003  0.008  0.907  0.005  0.034  0.003  0.005  0.003  0.003  0.005  0.006  0.004       39
  6:     0.033  0.017  0.026  0.013  0.014  0.013  0.020  0.023  0.029  0.625  0.017  0.091  0.059  0.019       40
  7:     0.011  0.021  0.016  0.023  0.011  0.052  0.010  0.024  0.028  0.071  0.052  0.588  0.047  0.047       37
  8:     0.743  0.006  0.004  0.017  0.012  0.005  0.176  0.003  0.012  0.005  0.005  0.003  0.006  0.003       40
  9:     0.005  0.004  0.040  0.003  0.006  0.039  0.004  0.018  0.829  0.008  0.030  0.005  0.005  0.004       28
 10:     0.007  0.021  0.005  0.006  0.005  0.918  0.007  0.005  0.004  0.004  0.004  0.004  0.005  0.006       14
 11:     0.010  0.006  0.008  0.005  0.027  0.022  0.013  0.010  0.014  0.007  0.015  0.022  0.014  0.828       13
 12:     0.015  0.022  0.003  0.008  0.028  0.007  0.887  0.003  0.005  0.004  0.007  0.003  0.006  0.002       14
 13:     0.824  0.009  0.004  0.041  0.011  0.014  0.052  0.005  0.005  0.005  0.006  0.008  0.006  0.012       25
 14:     0.015  0.007  0.004  0.917  0.006  0.005  0.009  0.004  0.005  0.005  0.005  0.005  0.006  0.005       40
 15:     0.021  0.764  0.026  0.008  0.020  0.025  0.056  0.007  0.010  0.021  0.008  0.010  0.017  0.008       32
 16:     0.003  0.003  0.003  0.003  0.003  0.003  0.003  0.003  0.003  0.003  0.003  0.004  0.003  0.962       20
 17:     0.008  0.008  0.314  0.004  0.004  0.008  0.007  0.039  0.068  0.315  0.025  0.038  0.161  0.002        4
 18:     0.027  0.010  0.036  0.008  0.005  0.009  0.008  0.056  0.109  0.489  0.223  0.007  0.009  0.004       23
 19:     0.005  0.006  0.009  0.004  0.004  0.006  0.004  0.012  0.022  0.009  0.900  0.008  0.007  0.004       39
 20:     0.004  0.004  0.011  0.003  0.004  0.010  0.004  0.914  0.012  0.006  0.010  0.007  0.005  0.007       38
 21:     0.037  0.008  0.003  0.052  0.116  0.007  0.736  0.004  0.006  0.005  0.004  0.006  0.011  0.005       45
 22:     0.285  0.013  0.004  0.025  0.116  0.023  0.481  0.004  0.006  0.005  0.005  0.010  0.007  0.016       28
 23:     0.006  0.007  0.258  0.005  0.009  0.004  0.005  0.005  0.103  0.057  0.506  0.022  0.007  0.006        6
 24:     0.007  0.005  0.010  0.014  0.011  0.010  0.012  0.009  0.017  0.015  0.018  0.017  0.852  0.004       40
 25:     0.008  0.009  0.016  0.010  0.009  0.020  0.021  0.021  0.013  0.033  0.009  0.771  0.020  0.039       42
--------------------------------------------

Allele-freq. divergence among pops (Net nucleotide distance),
computed using point estimates of P.

      1       2       3       4       5       6       7       8       9      10      11      12      13      14      
 1      -    0.2107  0.3148  0.1133  0.2461  0.2079  0.0494  0.3016  0.2496  0.1323  0.2820  0.2037  0.1789  0.3813  
 2   0.2107     -    0.2845  0.2054  0.1997  0.1977  0.1744  0.2715  0.2229  0.1256  0.1911  0.1569  0.1879  0.3550  
 3   0.3148  0.2845     -    0.4397  0.3987  0.3357  0.3290  0.2005  0.1618  0.1551  0.1906  0.2065  0.3171  0.3233  
 4   0.1133  0.2054  0.4397     -    0.2943  0.2815  0.1256  0.3593  0.3682  0.2008  0.3961  0.2807  0.1902  0.4619  
 5   0.2461  0.1997  0.3987  0.2943     -    0.2438  0.1411  0.3762  0.2355  0.2567  0.3105  0.1997  0.2510  0.4528  
 6   0.2079  0.1977  0.3357  0.2815  0.2438     -    0.1924  0.2433  0.2409  0.1867  0.2887  0.1599  0.1889  0.3231  
 7   0.0494  0.1744  0.3290  0.1256  0.1411  0.1924     -    0.3043  0.2331  0.1417  0.2831  0.1653  0.1344  0.3697  
 8   0.3016  0.2715  0.2005  0.3593  0.3762  0.2433  0.3043     -    0.1744  0.1359  0.1845  0.1447  0.2429  0.2251  
 9   0.2496  0.2229  0.1618  0.3682  0.2355  0.2409  0.2331  0.1744     -    0.1113  0.0861  0.1240  0.1958  0.3648  
10   0.1323  0.1256  0.1551  0.2008  0.2567  0.1867  0.1417  0.1359  0.1113     -    0.1193  0.0730  0.1226  0.2708  
11   0.2820  0.1911  0.1906  0.3961  0.3105  0.2887  0.2831  0.1845  0.0861  0.1193     -    0.1274  0.2117  0.3744  
12   0.2037  0.1569  0.2065  0.2807  0.1997  0.1599  0.1653  0.1447  0.1240  0.0730  0.1274     -    0.1177  0.1831  
13   0.1789  0.1879  0.3171  0.1902  0.2510  0.1889  0.1344  0.2429  0.1958  0.1226  0.2117  0.1177     -    0.3784  
14   0.3813  0.3550  0.3233  0.4619  0.4528  0.3231  0.3697  0.2251  0.3648  0.2708  0.3744  0.1831  0.3784     -    

Average distances (expected heterozygosity) between individuals in same cluster:
cluster  1  : 0.4027 
cluster  2  : 0.3933 
cluster  3  : 0.4122 
cluster  4  : 0.3592 
cluster  5  : 0.2283 
cluster  6  : 0.2410 
cluster  7  : 0.4272 
cluster  8  : 0.3749 
cluster  9  : 0.3629 
cluster 10  : 0.6074 
cluster 11  : 0.3011 
cluster 12  : 0.5321 
cluster 13  : 0.3818 
cluster 14  : 0.2496 

--------------------------------------------
Estimated Ln Prob of Data   = -12994.2
Mean value of ln likelihood = -12496.8
Variance of ln likelihood   = 994.8
Mean value of alpha         = 0.0315

Mean value of Fst_1         = 0.3978
Mean value of Fst_2         = 0.4144
Mean value of Fst_3         = 0.4657
Mean value of Fst_4         = 0.4690
Mean value of Fst_5         = 0.6706
Mean value of Fst_6         = 0.6443
Mean value of Fst_7         = 0.4459
Mean value of Fst_8         = 0.5381
Mean value of Fst_9         = 0.5234
Mean value of Fst_10         = 0.1325
Mean value of Fst_11         = 0.5088
Mean value of Fst_12         = 0.1435
Mean value of Fst_13         = 0.4339
Mean value of Fst_14         = 0.6281


Inferred ancestry of individuals:
        Label (%Miss) Pop:  Inferred clusters
  1    ZFB01    (0)    1 :  0.003 0.004 0.945 0.003 0.003 0.002 0.003 0.006 0.007 0.004 0.010 0.003 0.003 0.004 
  2    ZFB02    (0)    1 :  0.004 0.012 0.768 0.004 0.003 0.008 0.003 0.108 0.021 0.025 0.022 0.008 0.006 0.009 
  3    ZFB03    (0)    1 :  0.008 0.006 0.796 0.002 0.048 0.006 0.018 0.008 0.035 0.022 0.022 0.017 0.011 0.003 
  4    ZFB04    (0)    1 :  0.005 0.006 0.831 0.003 0.003 0.009 0.003 0.070 0.025 0.013 0.011 0.007 0.005 0.009 
  5    ZFB05    (0)    1 :  0.003 0.006 0.823 0.007 0.008 0.036 0.004 0.028 0.007 0.006 0.008 0.020 0.016 0.027 
  6    ZFB06    (0)    1 :  0.003 0.006 0.869 0.007 0.007 0.015 0.004 0.014 0.008 0.005 0.008 0.019 0.013 0.021 
  7    ZFB07    (9)    1 :  0.005 0.004 0.790 0.005 0.004 0.006 0.005 0.005 0.052 0.010 0.059 0.035 0.013 0.007 
  8    ZFB08    (0)    1 :  0.009 0.007 0.808 0.008 0.006 0.010 0.008 0.011 0.030 0.013 0.045 0.006 0.036 0.002 
  9    ZFB09    (0)    1 :  0.003 0.003 0.948 0.002 0.003 0.003 0.003 0.004 0.009 0.004 0.008 0.003 0.004 0.002 
 10    ZFB10    (0)    1 :  0.008 0.003 0.937 0.005 0.002 0.006 0.006 0.006 0.005 0.008 0.003 0.003 0.004 0.003 
 11    ZFB11    (0)    1 :  0.004 0.003 0.954 0.002 0.002 0.003 0.003 0.004 0.006 0.004 0.004 0.003 0.003 0.005 
 12    ZFB12    (0)    1 :  0.005 0.004 0.872 0.002 0.009 0.003 0.008 0.015 0.017 0.012 0.004 0.010 0.018 0.019 
 13    ZFB13    (0)    1 :  0.014 0.005 0.626 0.008 0.006 0.017 0.010 0.020 0.172 0.079 0.013 0.009 0.017 0.003 
 14    ZFB14    (0)    1 :  0.008 0.007 0.868 0.004 0.005 0.008 0.006 0.006 0.044 0.018 0.011 0.006 0.006 0.004 
 15    ZFB15    (0)    1 :  0.002 0.002 0.946 0.002 0.002 0.002 0.002 0.010 0.009 0.004 0.007 0.003 0.004 0.004 
 16    ZFB16    (0)    1 :  0.005 0.002 0.921 0.004 0.003 0.009 0.004 0.014 0.008 0.009 0.005 0.004 0.007 0.003 
 17    ZFB17    (0)    1 :  0.007 0.010 0.873 0.008 0.002 0.019 0.007 0.007 0.006 0.012 0.005 0.008 0.024 0.012 
 18    ZFB18    (0)    1 :  0.003 0.004 0.961 0.002 0.003 0.003 0.002 0.003 0.004 0.004 0.004 0.003 0.003 0.002 
 19    ZFB19    (0)    1 :  0.032 0.004 0.397 0.007 0.007 0.006 0.028 0.010 0.039 0.364 0.035 0.035 0.033 0.005 
 20    ZFB20    (0)    1 :  0.005 0.003 0.923 0.004 0.002 0.012 0.004 0.015 0.005 0.007 0.004 0.004 0.006 0.007 
 21    ZFB21    (0)    1 :  0.002 0.003 0.943 0.002 0.004 0.004 0.002 0.006 0.010 0.003 0.007 0.005 0.004 0.005 
 22    ZFB22    (0)    1 :  0.006 0.006 0.830 0.007 0.002 0.005 0.007 0.065 0.015 0.021 0.006 0.009 0.009 0.012 
 23    ZFB23    (0)    1 :  0.003 0.003 0.940 0.002 0.007 0.004 0.004 0.004 0.010 0.005 0.003 0.003 0.003 0.009 
 24    ZFB24    (0)    1 :  0.003 0.003 0.952 0.002 0.002 0.004 0.003 0.006 0.004 0.003 0.004 0.003 0.003 0.007 
 25    ZFB25    (0)    1 :  0.007 0.003 0.951 0.003 0.003 0.003 0.005 0.003 0.008 0.004 0.003 0.003 0.003 0.003 
 26    ZFB26    (0)    1 :  0.005 0.003 0.944 0.003 0.003 0.007 0.004 0.005 0.005 0.003 0.004 0.004 0.003 0.008 
 27    ZFB27    (0)    1 :  0.003 0.003 0.948 0.002 0.002 0.002 0.003 0.005 0.006 0.004 0.004 0.003 0.002 0.013 
 28    ZFB28    (0)    1 :  0.006 0.007 0.754 0.002 0.008 0.009 0.008 0.008 0.060 0.024 0.005 0.020 0.011 0.078 
 29    ZFB29    (0)    1 :  0.003 0.003 0.955 0.002 0.002 0.006 0.002 0.005 0.004 0.004 0.004 0.003 0.003 0.004 
 30    ZFB30    (0)    1 :  0.003 0.003 0.809 0.009 0.006 0.004 0.004 0.006 0.005 0.006 0.025 0.053 0.016 0.051 
 31    ZFB31    (0)    1 :  0.022 0.007 0.692 0.005 0.006 0.006 0.014 0.007 0.173 0.036 0.010 0.007 0.005 0.009 
 32    ZFB32    (0)    1 :  0.013 0.017 0.727 0.004 0.014 0.018 0.018 0.012 0.048 0.024 0.008 0.022 0.036 0.038 
 33    ZFB33    (0)    1 :  0.003 0.003 0.950 0.002 0.002 0.003 0.002 0.008 0.008 0.004 0.006 0.004 0.003 0.004 
 34    ZFB34    (0)    1 :  0.005 0.011 0.792 0.004 0.005 0.006 0.004 0.008 0.080 0.013 0.055 0.007 0.007 0.003 
 35    ZFB35    (0)    1 :  0.008 0.007 0.828 0.004 0.006 0.010 0.006 0.019 0.055 0.006 0.029 0.008 0.009 0.006 
 36  ZFBP101    (0)    2 :  0.224 0.041 0.006 0.043 0.013 0.083 0.528 0.010 0.013 0.013 0.004 0.007 0.012 0.003 
 37  ZFBP102    (0)    2 :  0.303 0.009 0.009 0.015 0.004 0.030 0.560 0.015 0.018 0.013 0.004 0.009 0.007 0.003 
 38  ZFBP103    (0)    2 :  0.051 0.067 0.008 0.011 0.014 0.041 0.765 0.009 0.006 0.012 0.003 0.006 0.006 0.002 
 39  ZFBP104    (0)    2 :  0.236 0.003 0.010 0.007 0.007 0.005 0.627 0.008 0.027 0.015 0.018 0.011 0.024 0.003 
 40  ZFBP105    (0)    2 :  0.716 0.006 0.004 0.006 0.012 0.006 0.207 0.004 0.010 0.007 0.005 0.006 0.007 0.004 
 41  ZFBP106    (0)    2 :  0.758 0.006 0.003 0.010 0.018 0.009 0.170 0.003 0.004 0.004 0.003 0.004 0.005 0.003 
 42  ZFBP107    (0)    2 :  0.343 0.005 0.007 0.005 0.016 0.038 0.511 0.006 0.008 0.006 0.005 0.015 0.007 0.027 
 43  ZFBP108    (0)    2 :  0.949 0.003 0.002 0.004 0.006 0.004 0.011 0.003 0.003 0.003 0.004 0.003 0.003 0.003 
 44  ZFBP109    (0)    2 :  0.917 0.004 0.003 0.005 0.005 0.004 0.034 0.002 0.004 0.007 0.005 0.004 0.004 0.002 
 45  ZFBP110    (0)    2 :  0.251 0.020 0.010 0.006 0.056 0.024 0.433 0.007 0.106 0.056 0.008 0.013 0.008 0.003 
 46  ZFBP111    (0)    2 :  0.317 0.004 0.003 0.106 0.011 0.005 0.524 0.003 0.003 0.003 0.003 0.004 0.013 0.003 
 47  ZFBP112    (0)    2 :  0.850 0.014 0.003 0.044 0.011 0.016 0.026 0.004 0.004 0.005 0.004 0.004 0.008 0.006 
 48  ZFBP113    (0)    2 :  0.942 0.003 0.003 0.004 0.004 0.004 0.014 0.003 0.003 0.004 0.004 0.004 0.006 0.004 
 49  ZFBP114    (0)    2 :  0.683 0.006 0.003 0.008 0.005 0.024 0.232 0.004 0.003 0.003 0.004 0.010 0.003 0.011 
 50  ZFBP115    (0)    2 :  0.071 0.007 0.002 0.010 0.014 0.009 0.863 0.003 0.002 0.003 0.002 0.003 0.007 0.003 
 51  ZFBP116    (0)    2 :  0.910 0.004 0.002 0.005 0.006 0.005 0.038 0.003 0.003 0.004 0.003 0.005 0.009 0.004 
 52  ZFBP117    (0)    2 :  0.935 0.007 0.002 0.007 0.006 0.005 0.014 0.002 0.003 0.006 0.003 0.004 0.004 0.002 
 53  ZFBP118    (0)    2 :  0.827 0.004 0.004 0.016 0.004 0.018 0.083 0.004 0.003 0.003 0.003 0.011 0.004 0.015 
 54  ZFBP119    (0)    2 :  0.478 0.029 0.003 0.015 0.017 0.015 0.406 0.003 0.004 0.006 0.004 0.004 0.015 0.002 
 55  ZFBP120    (0)    2 :  0.673 0.004 0.004 0.005 0.013 0.005 0.252 0.004 0.009 0.005 0.006 0.006 0.008 0.004 
 56  ZFBP121    (0)    2 :  0.916 0.008 0.004 0.004 0.006 0.008 0.024 0.003 0.006 0.006 0.005 0.004 0.004 0.003 
 57  ZFBP122    (9)    2 :  0.833 0.004 0.003 0.011 0.006 0.006 0.110 0.003 0.003 0.003 0.004 0.003 0.007 0.003 
 58  ZFBP123    (0)    2 :  0.879 0.009 0.003 0.013 0.005 0.035 0.020 0.005 0.003 0.005 0.004 0.004 0.010 0.007 
 59  ZFBP124    (0)    2 :  0.924 0.004 0.004 0.004 0.004 0.007 0.022 0.004 0.006 0.004 0.007 0.003 0.004 0.004 
 60  ZFBP125    (0)    2 :  0.915 0.006 0.002 0.014 0.008 0.005 0.030 0.002 0.002 0.003 0.002 0.003 0.004 0.002 
 61  ZFBP126    (0)    2 :  0.755 0.018 0.009 0.006 0.003 0.018 0.105 0.013 0.006 0.032 0.004 0.013 0.015 0.003 
 62  ZFBP127    (0)    2 :  0.649 0.017 0.002 0.004 0.079 0.007 0.216 0.003 0.003 0.003 0.005 0.005 0.003 0.003 
 63  ZFBP128    (0)    2 :  0.873 0.017 0.003 0.029 0.017 0.007 0.031 0.002 0.004 0.004 0.004 0.002 0.004 0.002 
 64  ZFBP129    (0)    2 :  0.809 0.009 0.004 0.125 0.006 0.007 0.007 0.003 0.004 0.008 0.007 0.004 0.005 0.002 
 65  ZFBP130    (0)    2 :  0.814 0.025 0.002 0.070 0.013 0.009 0.042 0.002 0.002 0.003 0.002 0.003 0.009 0.004 
 66  ZFBP131    (0)    2 :  0.952 0.003 0.003 0.004 0.003 0.003 0.006 0.003 0.003 0.004 0.004 0.003 0.005 0.004 
 67  ZFBP132    (0)    2 :  0.935 0.004 0.003 0.003 0.014 0.004 0.013 0.002 0.006 0.004 0.003 0.004 0.003 0.003 
 68  ZFBP133    (0)    2 :  0.872 0.007 0.002 0.081 0.003 0.003 0.008 0.002 0.002 0.005 0.004 0.002 0.005 0.002 
 69  ZFBP134    (0)    2 :  0.034 0.011 0.003 0.011 0.004 0.003 0.903 0.003 0.005 0.005 0.004 0.003 0.010 0.003 
 70  ZFBP135    (0)    2 :  0.496 0.168 0.010 0.016 0.020 0.051 0.162 0.007 0.013 0.037 0.006 0.006 0.005 0.002 
 71  ZFBP136    (0)    2 :  0.460 0.045 0.003 0.033 0.016 0.168 0.236 0.005 0.004 0.007 0.003 0.004 0.007 0.009 
 72  ZFBP201    (0)    3 :  0.913 0.005 0.003 0.004 0.011 0.005 0.017 0.004 0.007 0.006 0.005 0.005 0.006 0.008 
 73  ZFBP202    (0)    3 :  0.898 0.004 0.004 0.008 0.008 0.005 0.040 0.003 0.007 0.004 0.007 0.004 0.005 0.003 
 74  ZFBP203    (0)    3 :  0.807 0.005 0.005 0.016 0.004 0.008 0.016 0.018 0.004 0.010 0.005 0.021 0.029 0.052 
 75  ZFBP204    (0)    3 :  0.600 0.013 0.003 0.023 0.016 0.039 0.265 0.004 0.005 0.006 0.005 0.005 0.010 0.006 
 76  ZFBP205    (0)    3 :  0.936 0.006 0.002 0.009 0.003 0.011 0.007 0.003 0.002 0.004 0.003 0.003 0.005 0.005 
 77  ZFBP206    (0)    3 :  0.879 0.008 0.003 0.032 0.004 0.025 0.008 0.005 0.003 0.005 0.005 0.004 0.011 0.007 
 78  ZFBP207    (0)    3 :  0.592 0.012 0.003 0.008 0.077 0.008 0.270 0.003 0.006 0.005 0.004 0.004 0.005 0.004 
 79  ZFBP208    (0)    3 :  0.903 0.005 0.003 0.008 0.003 0.014 0.010 0.006 0.003 0.005 0.004 0.006 0.014 0.013 
 80  ZFBP209    (0)    3 :  0.890 0.008 0.002 0.065 0.003 0.003 0.008 0.002 0.002 0.004 0.004 0.002 0.005 0.002 
 81  ZFBP210    (0)    3 :  0.900 0.005 0.003 0.009 0.011 0.006 0.020 0.005 0.007 0.005 0.004 0.005 0.011 0.010 
 82  ZFBP211    (0)    3 :  0.926 0.004 0.004 0.005 0.009 0.008 0.013 0.003 0.007 0.003 0.006 0.004 0.004 0.003 
 83  ZFBP212    (0)    3 :  0.602 0.003 0.005 0.006 0.034 0.003 0.315 0.003 0.012 0.003 0.004 0.003 0.003 0.003 
 84  ZFBP213    (0)    3 :  0.882 0.010 0.004 0.009 0.010 0.025 0.010 0.005 0.005 0.006 0.015 0.005 0.011 0.004 
 85  ZFBP214    (0)    3 :  0.649 0.043 0.003 0.109 0.038 0.019 0.033 0.003 0.018 0.017 0.017 0.007 0.039 0.004 
 86  ZFBP215    (0)    3 :  0.944 0.005 0.003 0.007 0.005 0.005 0.009 0.003 0.003 0.004 0.004 0.003 0.004 0.002 
 87  ZFBP216    (0)    3 :  0.713 0.005 0.003 0.005 0.005 0.006 0.195 0.005 0.006 0.007 0.005 0.011 0.029 0.007 
 88  ZFBP217    (0)    3 :  0.574 0.009 0.004 0.192 0.041 0.004 0.117 0.002 0.010 0.006 0.007 0.007 0.022 0.004 
 89  ZFBP218    (0)    3 :  0.942 0.003 0.002 0.009 0.003 0.003 0.016 0.002 0.002 0.003 0.004 0.003 0.005 0.003 
 90  ZFBP219    (0)    3 :  0.945 0.003 0.002 0.004 0.003 0.004 0.012 0.003 0.003 0.004 0.003 0.004 0.006 0.004 
 91  ZFBP220    (0)    3 :  0.608 0.019 0.002 0.035 0.013 0.007 0.289 0.003 0.003 0.005 0.003 0.004 0.007 0.004 
 92  ZFBP221    (0)    3 :  0.372 0.003 0.003 0.008 0.007 0.002 0.578 0.002 0.005 0.004 0.004 0.003 0.005 0.003 
 93  ZFBP222    (0)    3 :  0.936 0.007 0.003 0.007 0.003 0.004 0.006 0.004 0.003 0.007 0.004 0.003 0.007 0.004 
 94  ZFBP223    (0)    3 :  0.569 0.007 0.005 0.009 0.180 0.009 0.170 0.003 0.019 0.007 0.005 0.006 0.005 0.006 
 95  ZFBP224    (0)    3 :  0.924 0.005 0.002 0.005 0.005 0.013 0.011 0.003 0.004 0.005 0.007 0.005 0.006 0.005 
 96  ZFBP225    (0)    3 :  0.199 0.012 0.003 0.216 0.017 0.010 0.491 0.005 0.003 0.007 0.003 0.007 0.018 0.012 
 97  ZFBP226    (0)    3 :  0.914 0.003 0.003 0.005 0.004 0.004 0.039 0.004 0.003 0.004 0.003 0.004 0.006 0.004 
 98  ZFBP227    (0)    3 :  0.405 0.006 0.005 0.007 0.008 0.011 0.353 0.009 0.014 0.015 0.017 0.024 0.121 0.004 
 99  ZFBP228    (0)    3 :  0.318 0.016 0.004 0.007 0.053 0.005 0.569 0.003 0.005 0.005 0.005 0.004 0.004 0.002 
100  ZFBP229    (0)    3 :  0.877 0.007 0.003 0.015 0.005 0.003 0.064 0.003 0.002 0.005 0.002 0.003 0.007 0.003 
101  ZFBP230    (0)    3 :  0.509 0.024 0.002 0.031 0.009 0.007 0.384 0.003 0.004 0.007 0.003 0.004 0.010 0.003 
102  ZFBP231    (0)    3 :  0.924 0.004 0.003 0.004 0.007 0.014 0.010 0.004 0.006 0.004 0.005 0.005 0.005 0.004 
103  ZFBP232    (0)    3 :  0.948 0.004 0.003 0.007 0.004 0.005 0.009 0.003 0.004 0.003 0.003 0.003 0.004 0.003 
104  ZFBP233    (0)    3 :  0.882 0.005 0.004 0.019 0.006 0.008 0.033 0.004 0.009 0.005 0.007 0.004 0.012 0.004 
105   ZFCC01    (0)    4 :  0.004 0.925 0.004 0.004 0.005 0.008 0.003 0.007 0.005 0.005 0.019 0.004 0.004 0.004 
106   ZFCC03    (0)    4 :  0.004 0.947 0.002 0.004 0.008 0.005 0.003 0.003 0.003 0.004 0.007 0.003 0.003 0.003 
107   ZFCC04    (0)    4 :  0.004 0.931 0.004 0.006 0.005 0.014 0.004 0.004 0.004 0.004 0.007 0.004 0.005 0.003 
108   ZFCC05    (0)    4 :  0.006 0.865 0.005 0.006 0.018 0.045 0.006 0.006 0.007 0.005 0.012 0.006 0.009 0.005 
109   ZFCC08    (0)    4 :  0.013 0.913 0.002 0.017 0.005 0.008 0.007 0.003 0.002 0.004 0.010 0.003 0.009 0.002 
110   ZFCC09    (0)    4 :  0.004 0.944 0.003 0.003 0.007 0.006 0.003 0.003 0.004 0.003 0.010 0.003 0.003 0.003 
111   ZFCC10    (0)    4 :  0.005 0.910 0.004 0.003 0.004 0.008 0.003 0.004 0.004 0.005 0.040 0.003 0.004 0.003 
112   ZFCC11    (0)    4 :  0.005 0.928 0.003 0.004 0.011 0.009 0.004 0.004 0.004 0.004 0.012 0.004 0.005 0.003 
113   ZFCC12    (0)    4 :  0.006 0.739 0.005 0.005 0.009 0.031 0.007 0.131 0.010 0.019 0.014 0.012 0.008 0.004 
114   ZFCC13    (0)    4 :  0.009 0.910 0.004 0.007 0.008 0.007 0.010 0.004 0.004 0.004 0.004 0.006 0.011 0.011 
115   ZFCC14    (0)    4 :  0.008 0.902 0.011 0.006 0.004 0.023 0.004 0.004 0.006 0.009 0.008 0.005 0.004 0.006 
116   ZFCC15    (0)    4 :  0.004 0.941 0.003 0.004 0.004 0.005 0.004 0.005 0.004 0.005 0.005 0.005 0.008 0.004 
117   ZFCC16    (0)    4 :  0.003 0.935 0.004 0.004 0.004 0.014 0.003 0.006 0.005 0.005 0.005 0.004 0.005 0.003 
118   ZFCC17    (0)    4 :  0.003 0.889 0.006 0.004 0.005 0.045 0.003 0.012 0.005 0.004 0.006 0.005 0.004 0.008 
119   ZFCC18    (0)    4 :  0.004 0.930 0.003 0.006 0.008 0.009 0.004 0.004 0.004 0.004 0.010 0.004 0.005 0.004 
120   ZFCC19    (0)    4 :  0.003 0.934 0.003 0.003 0.003 0.010 0.003 0.006 0.006 0.006 0.003 0.005 0.006 0.009 
121   ZFCC20    (0)    4 :  0.003 0.933 0.004 0.005 0.007 0.011 0.005 0.005 0.005 0.004 0.004 0.004 0.007 0.003 
122   ZFCC21    (0)    4 :  0.034 0.784 0.003 0.034 0.003 0.013 0.015 0.004 0.006 0.044 0.005 0.005 0.043 0.007 
123   ZFCC22    (0)    4 :  0.186 0.617 0.003 0.049 0.006 0.013 0.078 0.004 0.003 0.005 0.016 0.004 0.010 0.006 
124   ZFCC26    (0)    4 :  0.003 0.945 0.004 0.004 0.004 0.008 0.003 0.005 0.005 0.004 0.005 0.003 0.004 0.002 
125   ZFCC27    (0)    4 :  0.003 0.951 0.003 0.003 0.007 0.005 0.004 0.003 0.004 0.004 0.004 0.003 0.003 0.003 
126   ZFCC29    (0)    4 :  0.004 0.906 0.004 0.005 0.005 0.019 0.005 0.007 0.016 0.006 0.006 0.004 0.010 0.003 
127   ZFCC30    (0)    4 :  0.003 0.945 0.003 0.005 0.011 0.006 0.004 0.003 0.003 0.003 0.004 0.003 0.004 0.004 
128   ZFCC32    (0)    4 :  0.004 0.918 0.003 0.005 0.005 0.009 0.005 0.009 0.004 0.004 0.009 0.006 0.013 0.006 
129   ZFCC33    (0)    4 :  0.004 0.586 0.011 0.004 0.008 0.336 0.004 0.005 0.008 0.008 0.007 0.009 0.005 0.004 
130   ZFCC34    (0)    4 :  0.070 0.617 0.031 0.018 0.082 0.046 0.045 0.027 0.016 0.008 0.018 0.006 0.007 0.008 
131   ZFCC35    (0)    4 :  0.003 0.955 0.002 0.004 0.003 0.007 0.004 0.002 0.002 0.003 0.004 0.003 0.003 0.004 
132   ZFCC36    (0)    4 :  0.008 0.894 0.004 0.010 0.004 0.012 0.009 0.008 0.004 0.005 0.005 0.006 0.018 0.016 
133   ZFCC37    (0)    4 :  0.011 0.744 0.004 0.007 0.007 0.033 0.009 0.090 0.012 0.027 0.025 0.013 0.010 0.005 
134   ZFCC40    (0)    4 :  0.006 0.925 0.005 0.003 0.003 0.014 0.003 0.004 0.003 0.005 0.008 0.004 0.003 0.012 
135   ZFCC42    (0)    4 :  0.004 0.049 0.010 0.006 0.039 0.544 0.008 0.155 0.069 0.017 0.006 0.020 0.005 0.068 
136   ZFCC44    (0)    4 :  0.003 0.936 0.003 0.003 0.010 0.017 0.003 0.003 0.003 0.003 0.003 0.004 0.002 0.007 
137   ZFCC45    (9)    4 :  0.005 0.821 0.010 0.004 0.009 0.053 0.004 0.014 0.009 0.012 0.018 0.016 0.008 0.018 
138   ZFCC46    (0)    4 :  0.011 0.876 0.002 0.036 0.010 0.015 0.018 0.004 0.005 0.005 0.002 0.003 0.006 0.005 
139   ZFCC47    (0)    4 :  0.004 0.863 0.003 0.006 0.006 0.008 0.006 0.054 0.010 0.008 0.019 0.005 0.006 0.003 
140   ZFCC48    (0)    4 :  0.026 0.865 0.003 0.031 0.003 0.015 0.012 0.003 0.006 0.014 0.006 0.003 0.010 0.004 
141   ZFCC50    (0)    4 :  0.003 0.947 0.004 0.003 0.003 0.009 0.003 0.005 0.003 0.004 0.005 0.003 0.004 0.004 
142   ZFCC51    (0)    4 :  0.003 0.949 0.003 0.003 0.011 0.004 0.003 0.003 0.004 0.003 0.005 0.003 0.003 0.002 
143   ZFCC52    (0)    4 :  0.014 0.870 0.004 0.012 0.005 0.044 0.011 0.007 0.004 0.005 0.004 0.004 0.008 0.007 
144   ZFCC53    (0)    4 :  0.003 0.955 0.003 0.003 0.006 0.005 0.002 0.003 0.003 0.003 0.005 0.003 0.003 0.003 
145  ZFCNS01    (0)    5 :  0.005 0.006 0.002 0.002 0.825 0.003 0.027 0.009 0.003 0.006 0.003 0.032 0.048 0.029 
146  ZFCNS02    (0)    5 :  0.003 0.005 0.002 0.004 0.960 0.004 0.004 0.002 0.003 0.002 0.003 0.003 0.003 0.002 
147  ZFCNS05    (0)    5 :  0.006 0.008 0.004 0.005 0.935 0.005 0.007 0.003 0.008 0.003 0.006 0.003 0.005 0.002 
148  ZFCNS06    (0)    5 :  0.004 0.005 0.003 0.004 0.958 0.003 0.004 0.002 0.004 0.002 0.003 0.003 0.003 0.002 
149  ZFCNS07    (0)    5 :  0.007 0.004 0.003 0.009 0.949 0.003 0.006 0.002 0.003 0.002 0.003 0.003 0.003 0.002 
150  ZFCNS10    (0)    5 :  0.007 0.005 0.003 0.005 0.940 0.003 0.018 0.002 0.003 0.002 0.003 0.003 0.003 0.004 
151  ZFCNS11    (0)    5 :  0.005 0.007 0.002 0.004 0.900 0.003 0.013 0.008 0.003 0.006 0.003 0.013 0.021 0.012 
152  ZFCNS15    (0)    5 :  0.015 0.003 0.003 0.007 0.901 0.005 0.043 0.003 0.004 0.004 0.003 0.003 0.004 0.002 
153  ZFCNS17    (0)    5 :  0.004 0.005 0.002 0.004 0.960 0.004 0.004 0.002 0.003 0.002 0.003 0.003 0.003 0.002 
154  ZFCNS18    (0)    5 :  0.008 0.005 0.003 0.004 0.940 0.003 0.017 0.002 0.003 0.002 0.003 0.003 0.003 0.004 
155  ZFCNS19    (0)    5 :  0.003 0.004 0.002 0.004 0.961 0.003 0.004 0.003 0.003 0.002 0.003 0.003 0.003 0.002 
156  ZFCNS20    (0)    5 :  0.011 0.005 0.003 0.014 0.928 0.007 0.011 0.003 0.003 0.004 0.003 0.003 0.004 0.002 
157  ZFCNS21    (0)    5 :  0.003 0.004 0.002 0.002 0.964 0.003 0.004 0.002 0.003 0.002 0.003 0.003 0.003 0.002 
158  ZFCNS22    (0)    5 :  0.011 0.006 0.004 0.005 0.928 0.006 0.012 0.003 0.007 0.004 0.005 0.003 0.005 0.002 
159  ZFCNS23    (0)    5 :  0.005 0.013 0.004 0.011 0.887 0.023 0.005 0.008 0.005 0.006 0.005 0.007 0.010 0.011 
160  ZFCNS24    (0)    5 :  0.006 0.007 0.002 0.006 0.943 0.009 0.007 0.003 0.003 0.003 0.003 0.003 0.004 0.002 
161  ZFCNS25    (0)    5 :  0.010 0.005 0.002 0.009 0.934 0.008 0.011 0.003 0.003 0.003 0.003 0.003 0.004 0.002 
162  ZFCNS26    (0)    5 :  0.004 0.003 0.003 0.004 0.958 0.003 0.006 0.002 0.004 0.002 0.003 0.003 0.003 0.002 
163  ZFCNS27    (0)    5 :  0.019 0.003 0.003 0.009 0.872 0.006 0.066 0.003 0.003 0.004 0.003 0.003 0.004 0.002 
164  ZFCNS28    (0)    5 :  0.004 0.004 0.003 0.004 0.957 0.003 0.005 0.002 0.005 0.002 0.003 0.003 0.003 0.002 
165  ZFCNS29    (0)    5 :  0.007 0.007 0.003 0.004 0.938 0.007 0.008 0.003 0.005 0.004 0.004 0.004 0.005 0.002 
166  ZFCNS30    (0)    5 :  0.005 0.006 0.003 0.003 0.944 0.005 0.006 0.003 0.006 0.003 0.005 0.003 0.005 0.002 
167  ZFCNS31    (0)    5 :  0.004 0.003 0.002 0.004 0.959 0.003 0.005 0.002 0.004 0.002 0.003 0.003 0.003 0.002 
168  ZFCNS32    (0)    5 :  0.005 0.005 0.003 0.007 0.944 0.005 0.009 0.003 0.004 0.003 0.003 0.003 0.005 0.002 
169  ZFCNS33    (0)    5 :  0.003 0.003 0.002 0.004 0.962 0.003 0.004 0.002 0.003 0.002 0.003 0.003 0.003 0.002 
170  ZFCNS34    (0)    5 :  0.005 0.010 0.003 0.004 0.939 0.007 0.006 0.003 0.005 0.003 0.004 0.003 0.005 0.002 
171  ZFCNS35    (0)    5 :  0.011 0.007 0.006 0.004 0.878 0.003 0.016 0.002 0.047 0.010 0.007 0.003 0.003 0.002 
172  ZFCNS36    (0)    5 :  0.006 0.008 0.002 0.008 0.940 0.010 0.006 0.003 0.003 0.003 0.003 0.003 0.004 0.002 
173  ZFCNS37    (0)    5 :  0.005 0.005 0.003 0.008 0.842 0.006 0.101 0.002 0.005 0.003 0.004 0.008 0.005 0.002 
174  ZFCNS39    (0)    5 :  0.007 0.017 0.002 0.020 0.887 0.007 0.023 0.002 0.003 0.004 0.002 0.006 0.014 0.005 
175  ZFCNS40    (0)    5 :  0.008 0.026 0.002 0.119 0.691 0.012 0.112 0.003 0.003 0.004 0.003 0.005 0.010 0.003 
176  ZFCNS41    (0)    5 :  0.018 0.017 0.003 0.006 0.280 0.011 0.609 0.004 0.012 0.010 0.005 0.009 0.011 0.004 
177  ZFCNS42    (0)    5 :  0.004 0.003 0.002 0.003 0.959 0.003 0.007 0.002 0.003 0.002 0.003 0.003 0.003 0.002 
178  ZFCNS43    (0)    5 :  0.003 0.004 0.002 0.003 0.962 0.004 0.005 0.002 0.003 0.002 0.003 0.003 0.003 0.002 
179  ZFCNS44    (0)    5 :  0.007 0.005 0.003 0.003 0.945 0.003 0.014 0.002 0.003 0.003 0.002 0.003 0.003 0.004 
180  ZFCNS46    (0)    5 :  0.007 0.005 0.003 0.003 0.942 0.006 0.009 0.003 0.004 0.003 0.004 0.004 0.005 0.002 
181  ZFCNS47    (0)    5 :  0.003 0.004 0.002 0.003 0.963 0.003 0.004 0.002 0.003 0.002 0.003 0.003 0.003 0.002 
182  ZFCNS48    (0)    5 :  0.011 0.007 0.004 0.006 0.906 0.005 0.036 0.003 0.004 0.003 0.004 0.003 0.004 0.004 
183  ZFCNS49    (0)    5 :  0.012 0.003 0.004 0.004 0.890 0.003 0.063 0.002 0.004 0.003 0.003 0.003 0.003 0.004 
184   ZFCR01    (0)    6 :  0.010 0.006 0.006 0.006 0.003 0.003 0.004 0.015 0.005 0.858 0.017 0.058 0.004 0.006 
185   ZFCR02    (0)    6 :  0.013 0.021 0.026 0.009 0.005 0.013 0.006 0.007 0.004 0.867 0.005 0.010 0.005 0.009 
186   ZFCR03    (0)    6 :  0.013 0.012 0.010 0.007 0.003 0.057 0.005 0.036 0.012 0.783 0.010 0.012 0.014 0.027 
187   ZFCR04    (0)    6 :  0.021 0.013 0.024 0.020 0.009 0.006 0.029 0.016 0.191 0.501 0.074 0.051 0.013 0.034 
188   ZFCR05    (0)    6 :  0.003 0.010 0.011 0.004 0.003 0.004 0.004 0.008 0.006 0.897 0.016 0.018 0.011 0.007 
189   ZFCR06    (0)    6 :  0.022 0.011 0.007 0.010 0.059 0.006 0.024 0.006 0.023 0.800 0.010 0.014 0.005 0.003 
190   ZFCR07    (0)    6 :  0.011 0.013 0.005 0.003 0.064 0.049 0.047 0.017 0.156 0.303 0.011 0.114 0.199 0.007 
191   ZFCR08    (0)    6 :  0.024 0.078 0.039 0.046 0.005 0.041 0.015 0.023 0.007 0.153 0.116 0.414 0.007 0.032 
192   ZFCR09    (0)    6 :  0.059 0.026 0.016 0.017 0.014 0.023 0.062 0.160 0.088 0.407 0.011 0.027 0.016 0.075 
193   ZFCR11    (0)    6 :  0.017 0.008 0.012 0.002 0.010 0.004 0.038 0.010 0.019 0.821 0.015 0.022 0.016 0.006 
194   ZFCR12    (0)    6 :  0.011 0.009 0.003 0.014 0.117 0.010 0.045 0.003 0.011 0.745 0.005 0.007 0.016 0.003 
195   ZFCR13    (0)    6 :  0.106 0.007 0.006 0.005 0.007 0.006 0.010 0.004 0.092 0.195 0.006 0.224 0.329 0.003 
196   ZFCR14    (0)    6 :  0.007 0.010 0.019 0.012 0.006 0.005 0.008 0.004 0.006 0.865 0.010 0.016 0.027 0.005 
197   ZFCR15    (0)    6 :  0.019 0.012 0.018 0.032 0.005 0.009 0.015 0.005 0.035 0.763 0.017 0.044 0.014 0.012 
198   ZFCR16    (0)    6 :  0.016 0.007 0.025 0.017 0.003 0.004 0.006 0.005 0.005 0.866 0.007 0.030 0.008 0.003 
199   ZFCR18    (0)    6 :  0.010 0.013 0.282 0.005 0.006 0.028 0.006 0.006 0.020 0.591 0.008 0.014 0.007 0.004 
200   ZFCR19    (0)    6 :  0.015 0.010 0.035 0.049 0.007 0.006 0.012 0.069 0.009 0.765 0.006 0.007 0.008 0.003 
201   ZFCR20    (0)    6 :  0.032 0.005 0.026 0.007 0.005 0.029 0.009 0.029 0.008 0.767 0.022 0.018 0.039 0.004 
202   ZFCR21    (0)    6 :  0.005 0.012 0.003 0.010 0.003 0.007 0.005 0.003 0.004 0.903 0.004 0.011 0.024 0.003 
203   ZFCR22    (0)    6 :  0.006 0.006 0.008 0.013 0.003 0.007 0.006 0.005 0.003 0.878 0.002 0.007 0.052 0.004 
204   ZFCR23    (0)    6 :  0.050 0.003 0.017 0.006 0.005 0.004 0.038 0.010 0.006 0.664 0.004 0.092 0.047 0.055 
205   ZFCR24    (9)    6 :  0.516 0.006 0.065 0.006 0.003 0.008 0.010 0.044 0.061 0.074 0.027 0.067 0.108 0.005 
206   ZFCR25    (0)    6 :  0.004 0.005 0.005 0.003 0.003 0.006 0.005 0.008 0.008 0.917 0.009 0.012 0.014 0.002 
207   ZFCR26    (0)    6 :  0.012 0.019 0.004 0.015 0.005 0.008 0.010 0.078 0.004 0.598 0.008 0.013 0.224 0.004 
208   ZFCR27    (9)    6 :  0.004 0.005 0.007 0.003 0.003 0.003 0.003 0.044 0.013 0.466 0.019 0.391 0.035 0.003 
209   ZFCR28    (0)    6 :  0.069 0.010 0.003 0.046 0.031 0.010 0.025 0.004 0.006 0.666 0.005 0.111 0.006 0.008 
210   ZFCR29    (0)    6 :  0.004 0.004 0.006 0.004 0.002 0.003 0.004 0.008 0.008 0.928 0.005 0.005 0.014 0.004 
211   ZFCR30    (0)    6 :  0.007 0.006 0.004 0.008 0.010 0.009 0.010 0.009 0.009 0.859 0.006 0.012 0.045 0.006 
212   ZFCR31    (0)    6 :  0.064 0.012 0.093 0.021 0.059 0.027 0.075 0.072 0.071 0.436 0.012 0.016 0.026 0.016 
213   ZFCR33    (0)    6 :  0.011 0.042 0.005 0.012 0.006 0.009 0.016 0.017 0.008 0.061 0.051 0.712 0.026 0.023 
214   ZFCR34    (0)    6 :  0.021 0.022 0.021 0.013 0.010 0.004 0.040 0.010 0.104 0.461 0.005 0.055 0.215 0.019 
215   ZFCR35    (0)    6 :  0.006 0.009 0.026 0.004 0.004 0.004 0.005 0.013 0.053 0.840 0.009 0.008 0.005 0.014 
216   ZFCR36    (0)    6 :  0.007 0.006 0.052 0.004 0.020 0.006 0.008 0.014 0.011 0.821 0.006 0.011 0.018 0.016 
217   ZFCR37    (0)    6 :  0.004 0.044 0.050 0.004 0.003 0.014 0.004 0.050 0.028 0.050 0.046 0.073 0.612 0.019 
218   ZFCR38    (0)    6 :  0.008 0.039 0.005 0.011 0.007 0.012 0.010 0.043 0.010 0.267 0.037 0.506 0.036 0.008 
219   ZFCR39    (0)    6 :  0.054 0.079 0.040 0.035 0.003 0.056 0.020 0.027 0.012 0.217 0.010 0.193 0.011 0.244 
220   ZFCR40    (0)    6 :  0.010 0.022 0.014 0.004 0.005 0.006 0.013 0.013 0.006 0.738 0.012 0.114 0.013 0.031 
221   ZFCR41    (0)    6 :  0.007 0.025 0.004 0.020 0.014 0.007 0.114 0.003 0.007 0.762 0.007 0.013 0.014 0.003 
222   ZFCR42    (0)    6 :  0.019 0.046 0.007 0.020 0.018 0.023 0.033 0.012 0.005 0.614 0.009 0.097 0.079 0.018 
223   ZFCR43    (0)    6 :  0.044 0.004 0.035 0.004 0.005 0.004 0.006 0.004 0.008 0.852 0.010 0.013 0.008 0.003 
224  ZFENP25    (0)    7 :  0.010 0.019 0.005 0.011 0.003 0.006 0.005 0.005 0.004 0.051 0.042 0.829 0.006 0.005 
225  ZFENP26    (0)    7 :  0.002 0.004 0.005 0.003 0.003 0.004 0.004 0.006 0.007 0.007 0.006 0.939 0.004 0.007 
226  ZFENP27    (0)    7 :  0.019 0.186 0.026 0.012 0.070 0.040 0.035 0.027 0.008 0.256 0.027 0.272 0.006 0.017 
227  ZFENP28    (0)    7 :  0.004 0.012 0.006 0.005 0.009 0.005 0.004 0.016 0.012 0.016 0.024 0.873 0.008 0.007 
228  ZFENP29    (0)    7 :  0.004 0.009 0.005 0.004 0.004 0.006 0.005 0.005 0.003 0.027 0.005 0.909 0.010 0.005 
229  ZFENP30    (0)    7 :  0.006 0.028 0.006 0.006 0.010 0.099 0.005 0.009 0.010 0.010 0.008 0.782 0.012 0.011 
230  ZFENP31    (0)    7 :  0.006 0.013 0.020 0.004 0.005 0.368 0.004 0.042 0.041 0.019 0.029 0.205 0.010 0.234 
231  ZFENP32    (0)    7 :  0.014 0.009 0.011 0.009 0.014 0.143 0.010 0.022 0.447 0.038 0.010 0.104 0.010 0.159 
232  ZFENP33    (0)    7 :  0.007 0.005 0.007 0.004 0.004 0.036 0.008 0.016 0.024 0.016 0.034 0.795 0.036 0.009 
233  ZFENP34    (0)    7 :  0.006 0.017 0.021 0.004 0.010 0.100 0.006 0.023 0.064 0.032 0.465 0.240 0.008 0.005 
234  ZFENP35    (0)    7 :  0.009 0.005 0.020 0.004 0.013 0.007 0.015 0.005 0.010 0.005 0.007 0.825 0.009 0.065 
235  ZFENP36    (0)    7 :  0.003 0.003 0.005 0.002 0.012 0.007 0.004 0.009 0.018 0.006 0.005 0.906 0.009 0.011 
236  ZFENP37    (0)    7 :  0.006 0.008 0.007 0.003 0.008 0.009 0.007 0.007 0.025 0.007 0.440 0.339 0.032 0.102 
237  ZFENP38    (0)    7 :  0.006 0.020 0.008 0.004 0.017 0.013 0.007 0.020 0.012 0.012 0.028 0.403 0.430 0.021 
238  ZFENP39    (0)    7 :  0.004 0.015 0.010 0.003 0.005 0.006 0.005 0.011 0.011 0.110 0.025 0.762 0.012 0.022 
239  ZFENP40    (0)    7 :  0.009 0.007 0.017 0.004 0.005 0.013 0.007 0.014 0.013 0.065 0.017 0.785 0.006 0.038 
240  ZFENP41    (0)    7 :  0.007 0.067 0.027 0.009 0.008 0.057 0.008 0.006 0.014 0.036 0.016 0.709 0.006 0.032 
241  ZFENP42    (0)    7 :  0.003 0.006 0.003 0.004 0.003 0.011 0.005 0.007 0.004 0.019 0.004 0.669 0.050 0.211 
242  ZFENP43    (0)    7 :  0.007 0.030 0.006 0.006 0.048 0.007 0.034 0.025 0.010 0.018 0.030 0.680 0.084 0.014 
243  ZFENP44    (0)    7 :  0.008 0.017 0.005 0.003 0.014 0.023 0.021 0.011 0.006 0.011 0.023 0.708 0.040 0.109 
244  ZFENP45    (0)    7 :  0.030 0.015 0.008 0.330 0.009 0.019 0.017 0.016 0.009 0.019 0.013 0.353 0.046 0.117 
245  ZFENP46    (0)    7 :  0.015 0.003 0.006 0.005 0.008 0.012 0.022 0.014 0.012 0.017 0.035 0.777 0.058 0.017 
246  ZFENP47    (0)    7 :  0.014 0.068 0.095 0.124 0.003 0.025 0.005 0.020 0.017 0.193 0.008 0.190 0.006 0.232 
247  ZFENP48    (0)    7 :  0.010 0.013 0.010 0.009 0.006 0.312 0.006 0.027 0.015 0.041 0.458 0.070 0.013 0.009 
248  ZFENP49    (0)    7 :  0.010 0.010 0.032 0.011 0.006 0.134 0.007 0.017 0.014 0.551 0.005 0.188 0.011 0.005 
249  ZFENP50    (0)    7 :  0.057 0.004 0.010 0.010 0.004 0.006 0.027 0.021 0.005 0.029 0.006 0.689 0.079 0.054 
250  ZFENP51    (0)    7 :  0.003 0.007 0.019 0.050 0.007 0.029 0.004 0.378 0.021 0.031 0.012 0.394 0.013 0.032 
251  ZFENP52    (0)    7 :  0.004 0.008 0.003 0.005 0.009 0.007 0.013 0.005 0.003 0.006 0.004 0.913 0.013 0.007 
252  ZFENP53    (0)    7 :  0.041 0.008 0.006 0.031 0.012 0.009 0.025 0.009 0.007 0.017 0.010 0.785 0.025 0.016 
253  ZFENP54    (0)    7 :  0.032 0.017 0.021 0.007 0.006 0.026 0.013 0.008 0.004 0.672 0.009 0.160 0.013 0.010 
254  ZFENP55    (0)    7 :  0.004 0.003 0.057 0.004 0.004 0.010 0.004 0.034 0.016 0.048 0.024 0.226 0.554 0.012 
255  ZFENP56    (0)    7 :  0.003 0.008 0.011 0.005 0.009 0.009 0.008 0.018 0.016 0.010 0.008 0.827 0.060 0.006 
256  ZFENP57    (0)    7 :  0.004 0.004 0.007 0.002 0.013 0.015 0.008 0.015 0.036 0.017 0.020 0.781 0.017 0.062 
257  ZFENP58    (0)    7 :  0.007 0.021 0.008 0.116 0.015 0.310 0.012 0.012 0.065 0.080 0.005 0.323 0.019 0.006 
258  ZFENP59    (0)    7 :  0.006 0.062 0.014 0.005 0.005 0.030 0.005 0.007 0.012 0.043 0.009 0.753 0.010 0.039 
259  ZFENP60    (0)    7 :  0.011 0.012 0.036 0.014 0.006 0.006 0.009 0.011 0.027 0.053 0.030 0.756 0.013 0.016 
260  ZFENP61    (0)    7 :  0.003 0.017 0.015 0.003 0.004 0.007 0.004 0.008 0.013 0.055 0.016 0.840 0.009 0.007 
261 ZFFDSP01    (0)    8 :  0.767 0.005 0.003 0.026 0.016 0.004 0.139 0.003 0.014 0.005 0.006 0.003 0.007 0.003 
262 ZFFDSP02    (0)    8 :  0.944 0.005 0.003 0.005 0.004 0.003 0.015 0.002 0.003 0.005 0.003 0.003 0.004 0.002 
263 ZFFDSP04    (0)    8 :  0.931 0.004 0.003 0.012 0.003 0.003 0.016 0.002 0.007 0.005 0.004 0.002 0.005 0.002 
264 ZFFDSP05    (0)    8 :  0.533 0.004 0.004 0.010 0.006 0.003 0.410 0.003 0.004 0.005 0.003 0.004 0.007 0.003 
265 ZFFDSP06    (0)    8 :  0.937 0.007 0.002 0.011 0.003 0.003 0.015 0.002 0.002 0.004 0.004 0.002 0.005 0.002 
266 ZFFDSP07    (0)    8 :  0.903 0.011 0.003 0.020 0.004 0.020 0.006 0.004 0.003 0.005 0.004 0.004 0.009 0.005 
267 ZFFDSP08    (0)    8 :  0.811 0.009 0.003 0.067 0.013 0.030 0.036 0.003 0.003 0.004 0.003 0.004 0.010 0.004 
268 ZFFDSP10    (0)    8 :  0.897 0.004 0.004 0.012 0.005 0.007 0.044 0.003 0.004 0.004 0.004 0.004 0.007 0.003 
269 ZFFDSP11    (0)    8 :  0.886 0.004 0.004 0.009 0.003 0.003 0.057 0.004 0.006 0.005 0.004 0.003 0.009 0.003 
270 ZFFDSP12    (0)    8 :  0.945 0.003 0.002 0.008 0.005 0.005 0.012 0.003 0.002 0.003 0.003 0.003 0.004 0.003 
271 ZFFDSP13    (0)    8 :  0.040 0.006 0.003 0.005 0.013 0.008 0.892 0.003 0.004 0.005 0.004 0.006 0.008 0.004 
272 ZFFDSP14    (0)    8 :  0.934 0.005 0.003 0.013 0.003 0.007 0.007 0.003 0.002 0.005 0.005 0.003 0.006 0.003 
273 ZFFDSP16    (0)    8 :  0.899 0.007 0.004 0.004 0.015 0.004 0.019 0.003 0.010 0.010 0.007 0.007 0.008 0.004 
274 ZFFDSP17    (0)    8 :  0.927 0.005 0.003 0.008 0.004 0.004 0.018 0.002 0.004 0.005 0.005 0.003 0.007 0.002 
275 ZFFDSP18    (0)    8 :  0.930 0.006 0.004 0.013 0.005 0.003 0.009 0.002 0.006 0.006 0.006 0.002 0.005 0.002 
276 ZFFDSP19    (0)    8 :  0.742 0.027 0.003 0.015 0.135 0.003 0.045 0.003 0.006 0.005 0.006 0.003 0.004 0.002 
277 ZFFDSP21    (0)    8 :  0.458 0.016 0.003 0.010 0.059 0.004 0.417 0.002 0.003 0.009 0.009 0.003 0.004 0.003 
278 ZFFDSP22    (0)    8 :  0.903 0.006 0.002 0.048 0.004 0.004 0.012 0.002 0.002 0.003 0.003 0.003 0.006 0.002 
279 ZFFDSP23    (0)    8 :  0.616 0.005 0.003 0.170 0.010 0.003 0.170 0.002 0.003 0.005 0.004 0.003 0.005 0.002 
280 ZFFDSP24    (0)    8 :  0.497 0.005 0.006 0.008 0.012 0.005 0.438 0.003 0.005 0.005 0.005 0.003 0.006 0.003 
281 ZFFDSP26    (9)    8 :  0.720 0.005 0.003 0.016 0.007 0.004 0.219 0.003 0.004 0.005 0.003 0.003 0.005 0.003 
282 ZFFDSP27    (0)    8 :  0.916 0.004 0.004 0.008 0.008 0.004 0.030 0.003 0.005 0.004 0.006 0.003 0.004 0.002 
283 ZFFDSP28    (0)    8 :  0.799 0.006 0.024 0.008 0.005 0.012 0.048 0.014 0.032 0.010 0.021 0.006 0.010 0.005 
284 ZFFDSP30    (0)    8 :  0.323 0.007 0.009 0.014 0.020 0.009 0.309 0.005 0.261 0.006 0.006 0.004 0.010 0.016 
285 ZFFDSP31    (0)    8 :  0.926 0.005 0.003 0.006 0.008 0.005 0.016 0.002 0.004 0.004 0.010 0.003 0.006 0.002 
286 ZFFDSP32    (0)    8 :  0.942 0.003 0.002 0.006 0.004 0.005 0.015 0.002 0.002 0.003 0.004 0.003 0.005 0.003 
287 ZFFDSP33    (0)    8 :  0.937 0.002 0.003 0.005 0.005 0.003 0.024 0.002 0.003 0.003 0.003 0.003 0.003 0.003 
288 ZFFDSP34    (0)    8 :  0.927 0.007 0.003 0.010 0.005 0.004 0.021 0.002 0.003 0.004 0.004 0.003 0.005 0.002 
289 ZFFDSP35    (0)    8 :  0.592 0.004 0.005 0.007 0.005 0.003 0.358 0.003 0.006 0.004 0.004 0.003 0.005 0.002 
290 ZFFDSP37    (0)    8 :  0.928 0.003 0.003 0.004 0.006 0.004 0.028 0.003 0.004 0.004 0.005 0.003 0.004 0.002 
