

----------------------------------------------------
STRUCTURE by Pritchard, Stephens and Donnelly (2000)
     and Falush, Stephens and Pritchard (2003)
       Code by Pritchard, Falush and Hubisz
             Version 2.3.4 (Jul 2012)
----------------------------------------------------



Command line arguments:   bin\structure -m C:\Users\eschumacher\Documents\GitHub\GCC_QUAC_ZAIN\Data_Files\Structure_Files\ZAIN\ZAIN_rebinned_wild\50-50\mainparams -e C:\Users\eschumacher\Documents\GitHub\GCC_QUAC_ZAIN\Data_Files\Structure_Files\ZAIN\ZAIN_rebinned_wild\50-50\extraparams 
Input File:    C:\Users\eschumacher\Documents\GitHub\GCC_QUAC_ZAIN\Data_Files\Structure_Files\ZAIN\ZAIN_rebinned_wild\project_data

Run parameters:
   751 individuals
   11 loci
   9 populations assumed
   50000 Burn-in period
   50000 Reps


--------------------------------------------
Proportion of membership of each pre-defined
 population in each of the 9 clusters

Given    Inferred Clusters                                                 Number of
 Pop       1      2      3      4      5      6      7      8      9      Individuals

  1:     0.006  0.005  0.007  0.007  0.027  0.005  0.919  0.011  0.013       35
  2:     0.030  0.015  0.292  0.164  0.005  0.022  0.007  0.008  0.457       36
  3:     0.010  0.023  0.232  0.082  0.007  0.028  0.005  0.011  0.603       33
  4:     0.932  0.008  0.008  0.007  0.010  0.008  0.011  0.006  0.010       40
  5:     0.007  0.920  0.008  0.035  0.004  0.009  0.004  0.005  0.007       39
  6:     0.031  0.013  0.029  0.022  0.023  0.027  0.183  0.624  0.048       40
  7:     0.043  0.013  0.011  0.011  0.075  0.022  0.094  0.722  0.010       37
  8:     0.006  0.013  0.108  0.092  0.003  0.018  0.005  0.004  0.751       40
  9:     0.038  0.018  0.005  0.007  0.004  0.003  0.910  0.007  0.007       28
 10:     0.900  0.007  0.018  0.011  0.016  0.007  0.013  0.016  0.012       14
 11:     0.008  0.032  0.009  0.013  0.887  0.005  0.011  0.025  0.010       13
 12:     0.019  0.027  0.015  0.907  0.002  0.008  0.005  0.004  0.013       14
 13:     0.007  0.007  0.893  0.013  0.007  0.019  0.004  0.005  0.046       25
 14:     0.008  0.006  0.012  0.009  0.006  0.930  0.006  0.005  0.018       40
 15:     0.839  0.014  0.019  0.048  0.008  0.007  0.022  0.020  0.022       32
 16:     0.003  0.003  0.003  0.003  0.976  0.003  0.003  0.003  0.003       20
 17:     0.010  0.004  0.007  0.010  0.003  0.005  0.645  0.300  0.017        4
 18:     0.014  0.005  0.015  0.011  0.004  0.013  0.863  0.024  0.051       23
 19:     0.009  0.007  0.006  0.006  0.004  0.005  0.940  0.018  0.007       39
 20:     0.007  0.003  0.005  0.004  0.043  0.004  0.912  0.015  0.005       38
 21:     0.009  0.120  0.028  0.727  0.006  0.050  0.005  0.008  0.047       45
 22:     0.018  0.124  0.167  0.401  0.016  0.022  0.005  0.008  0.239       28
 23:     0.007  0.009  0.006  0.005  0.008  0.005  0.905  0.050  0.005        6
 24:     0.011  0.011  0.011  0.021  0.004  0.032  0.021  0.878  0.012       40
 25:     0.018  0.011  0.011  0.023  0.070  0.011  0.028  0.822  0.008       42
--------------------------------------------

Allele-freq. divergence among pops (Net nucleotide distance),
computed using point estimates of P.

      1       2       3       4       5       6       7       8       9      
 1      -    0.1760  0.1608  0.1415  0.2992  0.1862  0.1458  0.1015  0.1947  
 2   0.1760     -    0.2256  0.1335  0.4368  0.2903  0.2750  0.1952  0.2581  
 3   0.1608  0.2256     -    0.0761  0.3649  0.1024  0.2272  0.1578  0.0478  
 4   0.1415  0.1335  0.0761     -    0.3623  0.1280  0.2301  0.1222  0.0618  
 5   0.2992  0.4368  0.3649  0.3623     -    0.4482  0.2551  0.2249  0.3789  
 6   0.1862  0.2903  0.1024  0.1280  0.4482     -    0.3192  0.2087  0.1369  
 7   0.1458  0.2750  0.2272  0.2301  0.2551  0.3192     -    0.0816  0.2257  
 8   0.1015  0.1952  0.1578  0.1222  0.2249  0.2087  0.0816     -    0.1670  
 9   0.1947  0.2581  0.0478  0.0618  0.3789  0.1369  0.2257  0.1670     -    

Average distances (expected heterozygosity) between individuals in same cluster:
cluster  1  : 0.4333 
cluster  2  : 0.2299 
cluster  3  : 0.4170 
cluster  4  : 0.4277 
cluster  5  : 0.2627 
cluster  6  : 0.3651 
cluster  7  : 0.4917 
cluster  8  : 0.5592 
cluster  9  : 0.3676 

--------------------------------------------
Estimated Ln Prob of Data   = -13995.0
Mean value of ln likelihood = -13616.2
Variance of ln likelihood   = 757.5
Mean value of alpha         = 0.0330

Mean value of Fst_1         = 0.3916
Mean value of Fst_2         = 0.6353
Mean value of Fst_3         = 0.3091
Mean value of Fst_4         = 0.3722
Mean value of Fst_5         = 0.6153
Mean value of Fst_6         = 0.4063
Mean value of Fst_7         = 0.3625
Mean value of Fst_8         = 0.1497
Mean value of Fst_9         = 0.3929


Inferred ancestry of individuals:
        Label (%Miss) Pop:  Inferred clusters
  1    ZFB01    (0)    1 :  0.004 0.003 0.005 0.005 0.009 0.003 0.959 0.005 0.007 
  2    ZFB02    (0)    1 :  0.008 0.002 0.003 0.003 0.011 0.003 0.959 0.006 0.005 
  3    ZFB03    (0)    1 :  0.005 0.014 0.004 0.007 0.003 0.003 0.948 0.009 0.007 
  4    ZFB04    (0)    1 :  0.006 0.002 0.004 0.005 0.015 0.003 0.954 0.005 0.007 
  5    ZFB05    (0)    1 :  0.011 0.015 0.003 0.007 0.061 0.013 0.833 0.055 0.003 
  6    ZFB06    (0)    1 :  0.006 0.013 0.003 0.007 0.044 0.014 0.864 0.045 0.003 
  7    ZFB07    (9)    1 :  0.005 0.006 0.008 0.008 0.011 0.004 0.936 0.010 0.013 
  8    ZFB08    (0)    1 :  0.006 0.005 0.005 0.005 0.003 0.004 0.957 0.009 0.006 
  9    ZFB09    (0)    1 :  0.004 0.003 0.003 0.003 0.003 0.003 0.971 0.005 0.004 
 10    ZFB10    (0)    1 :  0.007 0.002 0.013 0.009 0.008 0.005 0.908 0.005 0.042 
 11    ZFB11    (0)    1 :  0.006 0.003 0.010 0.005 0.019 0.004 0.934 0.004 0.015 
 12    ZFB12    (0)    1 :  0.003 0.007 0.005 0.005 0.009 0.003 0.956 0.006 0.006 
 13    ZFB13    (0)    1 :  0.005 0.004 0.008 0.005 0.003 0.005 0.953 0.010 0.008 
 14    ZFB14    (0)    1 :  0.006 0.003 0.006 0.004 0.003 0.003 0.961 0.005 0.008 
 15    ZFB15    (0)    1 :  0.003 0.002 0.003 0.003 0.009 0.002 0.970 0.005 0.003 
 16    ZFB16    (0)    1 :  0.003 0.003 0.005 0.005 0.006 0.003 0.963 0.006 0.006 
 17    ZFB17    (0)    1 :  0.019 0.003 0.008 0.015 0.023 0.011 0.878 0.026 0.017 
 18    ZFB18    (0)    1 :  0.005 0.003 0.004 0.003 0.003 0.003 0.967 0.004 0.007 
 19    ZFB19    (0)    1 :  0.004 0.005 0.019 0.016 0.005 0.007 0.872 0.028 0.044 
 20    ZFB20    (0)    1 :  0.004 0.002 0.004 0.005 0.013 0.003 0.958 0.005 0.006 
 21    ZFB21    (0)    1 :  0.003 0.004 0.003 0.003 0.007 0.002 0.970 0.006 0.003 
 22    ZFB22    (0)    1 :  0.009 0.003 0.009 0.017 0.035 0.011 0.888 0.012 0.017 
 23    ZFB23    (0)    1 :  0.005 0.006 0.009 0.006 0.029 0.004 0.925 0.005 0.012 
 24    ZFB24    (0)    1 :  0.005 0.003 0.008 0.004 0.032 0.003 0.930 0.004 0.011 
 25    ZFB25    (0)    1 :  0.006 0.004 0.018 0.013 0.008 0.005 0.866 0.004 0.076 
 26    ZFB26    (0)    1 :  0.006 0.004 0.021 0.010 0.078 0.005 0.841 0.005 0.030 
 27    ZFB27    (0)    1 :  0.004 0.003 0.007 0.006 0.136 0.003 0.826 0.004 0.011 
 28    ZFB28    (0)    1 :  0.008 0.007 0.006 0.005 0.059 0.003 0.892 0.013 0.007 
 29    ZFB29    (0)    1 :  0.007 0.002 0.004 0.003 0.009 0.003 0.962 0.005 0.005 
 30    ZFB30    (0)    1 :  0.004 0.010 0.005 0.008 0.255 0.011 0.676 0.026 0.005 
 31    ZFB31    (0)    1 :  0.005 0.004 0.014 0.011 0.008 0.005 0.910 0.004 0.038 
 32    ZFB32    (0)    1 :  0.019 0.011 0.009 0.009 0.025 0.004 0.891 0.018 0.013 
 33    ZFB33    (0)    1 :  0.003 0.003 0.004 0.003 0.007 0.002 0.968 0.004 0.005 
 34    ZFB34    (0)    1 :  0.006 0.004 0.004 0.004 0.003 0.003 0.967 0.006 0.004 
 35    ZFB35    (0)    1 :  0.006 0.005 0.007 0.005 0.006 0.003 0.952 0.004 0.010 
 36  ZFBP101    (0)    2 :  0.134 0.017 0.157 0.377 0.003 0.040 0.014 0.013 0.246 
 37  ZFBP102    (0)    2 :  0.022 0.005 0.373 0.340 0.003 0.014 0.021 0.016 0.206 
 38  ZFBP103    (0)    2 :  0.176 0.021 0.026 0.582 0.003 0.011 0.009 0.009 0.164 
 39  ZFBP104    (0)    2 :  0.004 0.010 0.079 0.599 0.003 0.008 0.037 0.040 0.220 
 40  ZFBP105    (0)    2 :  0.005 0.012 0.614 0.113 0.006 0.005 0.006 0.007 0.231 
 41  ZFBP106    (0)    2 :  0.009 0.023 0.414 0.092 0.003 0.012 0.003 0.005 0.440 
 42  ZFBP107    (0)    2 :  0.009 0.019 0.448 0.287 0.033 0.005 0.007 0.012 0.179 
 43  ZFBP108    (0)    2 :  0.003 0.008 0.107 0.012 0.003 0.006 0.003 0.003 0.855 
 44  ZFBP109    (0)    2 :  0.004 0.005 0.725 0.043 0.002 0.005 0.004 0.004 0.207 
 45  ZFBP110    (0)    2 :  0.048 0.107 0.122 0.300 0.003 0.005 0.038 0.039 0.339 
 46  ZFBP111    (0)    2 :  0.005 0.012 0.117 0.360 0.004 0.139 0.003 0.005 0.356 
 47  ZFBP112    (0)    2 :  0.012 0.009 0.037 0.014 0.005 0.044 0.004 0.004 0.870 
 48  ZFBP113    (0)    2 :  0.003 0.003 0.013 0.009 0.004 0.004 0.003 0.004 0.957 
 49  ZFBP114    (0)    2 :  0.004 0.004 0.923 0.036 0.006 0.005 0.003 0.004 0.015 
 50  ZFBP115    (0)    2 :  0.009 0.018 0.088 0.841 0.004 0.013 0.003 0.005 0.020 
 51  ZFBP116    (0)    2 :  0.005 0.006 0.059 0.036 0.004 0.006 0.003 0.005 0.874 
 52  ZFBP117    (0)    2 :  0.009 0.007 0.532 0.023 0.003 0.009 0.003 0.004 0.410 
 53  ZFBP118    (0)    2 :  0.005 0.005 0.792 0.042 0.010 0.008 0.003 0.005 0.130 
 54  ZFBP119    (0)    2 :  0.025 0.014 0.730 0.177 0.002 0.017 0.003 0.007 0.024 
 55  ZFBP120    (0)    2 :  0.004 0.015 0.246 0.105 0.005 0.005 0.006 0.007 0.607 
 56  ZFBP121    (0)    2 :  0.009 0.008 0.691 0.021 0.003 0.005 0.005 0.005 0.254 
 57  ZFBP122    (9)    2 :  0.005 0.006 0.071 0.030 0.003 0.010 0.004 0.005 0.867 
 58  ZFBP123    (0)    2 :  0.016 0.006 0.042 0.013 0.008 0.019 0.004 0.005 0.887 
 59  ZFBP124    (0)    2 :  0.006 0.006 0.683 0.023 0.004 0.005 0.008 0.004 0.261 
 60  ZFBP125    (0)    2 :  0.008 0.010 0.621 0.040 0.003 0.017 0.002 0.004 0.295 
 61  ZFBP126    (0)    2 :  0.031 0.003 0.028 0.032 0.003 0.006 0.015 0.023 0.859 
 62  ZFBP127    (0)    2 :  0.019 0.085 0.388 0.221 0.004 0.005 0.003 0.004 0.272 
 63  ZFBP128    (0)    2 :  0.012 0.013 0.021 0.015 0.002 0.019 0.003 0.003 0.912 
 64  ZFBP129    (0)    2 :  0.011 0.008 0.367 0.009 0.003 0.130 0.005 0.006 0.462 
 65  ZFBP130    (0)    2 :  0.022 0.013 0.265 0.057 0.004 0.077 0.002 0.005 0.555 
 66  ZFBP131    (0)    2 :  0.004 0.003 0.043 0.005 0.003 0.004 0.003 0.004 0.931 
 67  ZFBP132    (0)    2 :  0.004 0.018 0.296 0.017 0.003 0.005 0.004 0.004 0.649 
 68  ZFBP133    (0)    2 :  0.006 0.003 0.009 0.007 0.002 0.035 0.003 0.003 0.933 
 69  ZFBP134    (0)    2 :  0.016 0.008 0.020 0.815 0.003 0.012 0.003 0.004 0.119 
 70  ZFBP135    (0)    2 :  0.273 0.022 0.145 0.081 0.002 0.012 0.013 0.009 0.441 
 71  ZFBP136    (0)    2 :  0.127 0.022 0.225 0.144 0.010 0.057 0.004 0.006 0.404 
 72  ZFBP201    (0)    3 :  0.004 0.007 0.009 0.008 0.006 0.004 0.004 0.005 0.952 
 73  ZFBP202    (0)    3 :  0.004 0.011 0.136 0.028 0.003 0.009 0.005 0.005 0.799 
 74  ZFBP203    (0)    3 :  0.005 0.005 0.061 0.014 0.080 0.016 0.011 0.029 0.779 
 75  ZFBP204    (0)    3 :  0.017 0.015 0.722 0.104 0.006 0.019 0.004 0.006 0.107 
 76  ZFBP205    (0)    3 :  0.010 0.003 0.506 0.021 0.006 0.015 0.004 0.005 0.430 
 77  ZFBP206    (0)    3 :  0.010 0.004 0.015 0.007 0.006 0.025 0.004 0.005 0.923 
 78  ZFBP207    (0)    3 :  0.010 0.139 0.667 0.147 0.004 0.007 0.004 0.005 0.016 
 79  ZFBP208    (0)    3 :  0.006 0.003 0.021 0.006 0.010 0.006 0.003 0.007 0.935 
 80  ZFBP209    (0)    3 :  0.009 0.003 0.256 0.010 0.002 0.121 0.003 0.003 0.593 
 81  ZFBP210    (0)    3 :  0.005 0.008 0.014 0.009 0.007 0.008 0.004 0.006 0.939 
 82  ZFBP211    (0)    3 :  0.005 0.010 0.721 0.011 0.003 0.005 0.006 0.005 0.234 
 83  ZFBP212    (0)    3 :  0.003 0.033 0.048 0.057 0.003 0.005 0.004 0.003 0.844 
 84  ZFBP213    (0)    3 :  0.014 0.013 0.040 0.010 0.005 0.010 0.007 0.007 0.893 
 85  ZFBP214    (0)    3 :  0.056 0.041 0.032 0.027 0.005 0.052 0.009 0.016 0.764 
 86  ZFBP215    (0)    3 :  0.006 0.006 0.052 0.008 0.003 0.008 0.003 0.003 0.911 
 87  ZFBP216    (0)    3 :  0.006 0.006 0.152 0.055 0.007 0.005 0.005 0.013 0.749 
 88  ZFBP217    (0)    3 :  0.007 0.046 0.056 0.081 0.005 0.131 0.005 0.010 0.660 
 89  ZFBP218    (0)    3 :  0.004 0.003 0.481 0.032 0.004 0.015 0.005 0.004 0.454 
 90  ZFBP219    (0)    3 :  0.003 0.003 0.015 0.007 0.004 0.004 0.003 0.004 0.958 
 91  ZFBP220    (0)    3 :  0.018 0.014 0.071 0.129 0.004 0.039 0.003 0.004 0.718 
 92  ZFBP221    (0)    3 :  0.003 0.007 0.159 0.592 0.004 0.009 0.005 0.004 0.217 
 93  ZFBP222    (0)    3 :  0.006 0.003 0.010 0.005 0.004 0.006 0.004 0.005 0.958 
 94  ZFBP223    (0)    3 :  0.009 0.221 0.156 0.088 0.006 0.010 0.006 0.006 0.497 
 95  ZFBP224    (0)    3 :  0.007 0.006 0.016 0.010 0.005 0.004 0.005 0.007 0.940 
 96  ZFBP225    (0)    3 :  0.012 0.023 0.046 0.297 0.011 0.254 0.004 0.008 0.346 
 97  ZFBP226    (0)    3 :  0.004 0.006 0.253 0.013 0.005 0.005 0.003 0.005 0.705 
 98  ZFBP227    (0)    3 :  0.007 0.008 0.178 0.278 0.004 0.009 0.029 0.140 0.347 
 99  ZFBP228    (0)    3 :  0.021 0.084 0.279 0.327 0.003 0.007 0.004 0.004 0.270 
100  ZFBP229    (0)    3 :  0.007 0.006 0.181 0.039 0.003 0.029 0.003 0.005 0.728 
101  ZFBP230    (0)    3 :  0.025 0.014 0.188 0.230 0.004 0.040 0.003 0.006 0.489 
102  ZFBP231    (0)    3 :  0.006 0.007 0.912 0.013 0.004 0.005 0.006 0.005 0.041 
103  ZFBP232    (0)    3 :  0.004 0.004 0.785 0.008 0.003 0.006 0.003 0.003 0.183 
104  ZFBP233    (0)    3 :  0.006 0.007 0.400 0.038 0.004 0.021 0.007 0.006 0.511 
105   ZFCC01    (0)    4 :  0.962 0.005 0.004 0.004 0.004 0.005 0.008 0.004 0.005 
106   ZFCC03    (0)    4 :  0.962 0.010 0.004 0.004 0.003 0.005 0.005 0.003 0.004 
107   ZFCC04    (0)    4 :  0.965 0.005 0.003 0.004 0.003 0.006 0.005 0.004 0.004 
108   ZFCC05    (0)    4 :  0.949 0.013 0.005 0.005 0.004 0.005 0.007 0.005 0.006 
109   ZFCC08    (0)    4 :  0.942 0.005 0.010 0.007 0.002 0.017 0.005 0.004 0.009 
110   ZFCC09    (0)    4 :  0.962 0.009 0.006 0.004 0.003 0.003 0.006 0.004 0.003 
111   ZFCC10    (0)    4 :  0.963 0.004 0.005 0.003 0.003 0.004 0.010 0.003 0.005 
112   ZFCC11    (0)    4 :  0.961 0.009 0.004 0.004 0.003 0.005 0.006 0.004 0.005 
113   ZFCC12    (0)    4 :  0.922 0.008 0.005 0.007 0.004 0.005 0.033 0.011 0.006 
114   ZFCC13    (0)    4 :  0.933 0.008 0.006 0.012 0.010 0.008 0.004 0.007 0.010 
115   ZFCC14    (0)    4 :  0.946 0.005 0.008 0.005 0.006 0.008 0.008 0.004 0.011 
116   ZFCC15    (0)    4 :  0.960 0.005 0.004 0.004 0.005 0.005 0.004 0.007 0.004 
117   ZFCC16    (0)    4 :  0.968 0.004 0.004 0.003 0.003 0.005 0.005 0.005 0.003 
118   ZFCC17    (0)    4 :  0.968 0.004 0.003 0.003 0.005 0.004 0.006 0.004 0.003 
119   ZFCC18    (0)    4 :  0.961 0.008 0.003 0.004 0.003 0.006 0.005 0.004 0.005 
120   ZFCC19    (0)    4 :  0.964 0.003 0.003 0.004 0.007 0.004 0.005 0.007 0.003 
121   ZFCC20    (0)    4 :  0.962 0.009 0.003 0.006 0.003 0.006 0.004 0.004 0.003 
122   ZFCC21    (0)    4 :  0.853 0.003 0.009 0.014 0.008 0.033 0.009 0.013 0.058 
123   ZFCC22    (0)    4 :  0.722 0.005 0.064 0.058 0.005 0.037 0.006 0.004 0.098 
124   ZFCC26    (0)    4 :  0.969 0.005 0.003 0.003 0.003 0.004 0.005 0.004 0.003 
125   ZFCC27    (0)    4 :  0.967 0.008 0.004 0.003 0.003 0.004 0.004 0.003 0.004 
126   ZFCC29    (0)    4 :  0.960 0.005 0.004 0.005 0.003 0.005 0.008 0.006 0.004 
127   ZFCC30    (0)    4 :  0.962 0.012 0.004 0.004 0.003 0.006 0.003 0.003 0.003 
128   ZFCC32    (0)    4 :  0.954 0.006 0.006 0.006 0.006 0.006 0.006 0.007 0.004 
129   ZFCC33    (0)    4 :  0.962 0.007 0.004 0.004 0.004 0.004 0.006 0.006 0.004 
130   ZFCC34    (0)    4 :  0.820 0.034 0.047 0.023 0.008 0.015 0.018 0.005 0.030 
131   ZFCC35    (0)    4 :  0.969 0.004 0.005 0.004 0.004 0.005 0.003 0.003 0.003 
132   ZFCC36    (0)    4 :  0.931 0.004 0.006 0.009 0.016 0.011 0.005 0.008 0.010 
133   ZFCC37    (0)    4 :  0.916 0.007 0.007 0.008 0.004 0.005 0.030 0.015 0.007 
134   ZFCC40    (0)    4 :  0.959 0.003 0.005 0.004 0.008 0.004 0.006 0.003 0.008 
135   ZFCC42    (0)    4 :  0.571 0.026 0.005 0.007 0.224 0.006 0.135 0.023 0.004 
136   ZFCC44    (0)    4 :  0.966 0.010 0.003 0.004 0.005 0.003 0.003 0.003 0.003 
137   ZFCC45    (9)    4 :  0.935 0.008 0.004 0.004 0.016 0.004 0.013 0.009 0.006 
138   ZFCC46    (0)    4 :  0.926 0.010 0.009 0.012 0.004 0.024 0.003 0.004 0.008 
139   ZFCC47    (0)    4 :  0.943 0.005 0.007 0.005 0.003 0.007 0.020 0.005 0.004 
140   ZFCC48    (0)    4 :  0.905 0.004 0.011 0.009 0.004 0.029 0.005 0.005 0.029 
141   ZFCC50    (0)    4 :  0.972 0.003 0.003 0.004 0.003 0.004 0.004 0.004 0.003 
142   ZFCC51    (0)    4 :  0.963 0.013 0.003 0.004 0.002 0.004 0.004 0.003 0.003 
143   ZFCC52    (0)    4 :  0.944 0.005 0.010 0.008 0.006 0.010 0.005 0.004 0.009 
144   ZFCC53    (0)    4 :  0.972 0.006 0.003 0.003 0.003 0.003 0.004 0.003 0.003 
145  ZFCNS01    (0)    5 :  0.006 0.858 0.005 0.034 0.040 0.003 0.004 0.042 0.009 
146  ZFCNS02    (0)    5 :  0.005 0.971 0.005 0.004 0.002 0.004 0.003 0.003 0.003 
147  ZFCNS05    (0)    5 :  0.006 0.957 0.006 0.006 0.002 0.005 0.005 0.004 0.007 
148  ZFCNS06    (0)    5 :  0.005 0.970 0.004 0.004 0.002 0.004 0.003 0.003 0.004 
149  ZFCNS07    (0)    5 :  0.003 0.960 0.008 0.005 0.003 0.010 0.003 0.003 0.005 
150  ZFCNS10    (0)    5 :  0.004 0.946 0.007 0.020 0.005 0.005 0.003 0.003 0.007 
151  ZFCNS11    (0)    5 :  0.007 0.926 0.005 0.017 0.014 0.005 0.004 0.016 0.006 
152  ZFCNS15    (0)    5 :  0.004 0.913 0.013 0.036 0.002 0.007 0.003 0.004 0.017 
153  ZFCNS17    (0)    5 :  0.005 0.969 0.005 0.005 0.002 0.004 0.002 0.003 0.004 
154  ZFCNS18    (0)    5 :  0.005 0.951 0.007 0.014 0.005 0.004 0.003 0.003 0.009 
155  ZFCNS19    (0)    5 :  0.005 0.974 0.003 0.005 0.002 0.003 0.003 0.003 0.003 
156  ZFCNS20    (0)    5 :  0.006 0.933 0.014 0.013 0.003 0.014 0.003 0.004 0.011 
157  ZFCNS21    (0)    5 :  0.004 0.974 0.003 0.006 0.002 0.003 0.002 0.003 0.003 
158  ZFCNS22    (0)    5 :  0.005 0.944 0.010 0.012 0.002 0.006 0.004 0.004 0.012 
159  ZFCNS23    (0)    5 :  0.023 0.908 0.007 0.006 0.016 0.016 0.007 0.010 0.008 
160  ZFCNS24    (0)    5 :  0.010 0.953 0.007 0.010 0.002 0.006 0.003 0.004 0.005 
161  ZFCNS25    (0)    5 :  0.006 0.941 0.015 0.011 0.002 0.010 0.003 0.004 0.008 
162  ZFCNS26    (0)    5 :  0.003 0.968 0.005 0.008 0.002 0.004 0.003 0.003 0.004 
163  ZFCNS27    (0)    5 :  0.004 0.901 0.024 0.037 0.003 0.010 0.003 0.004 0.016 
164  ZFCNS28    (0)    5 :  0.004 0.971 0.004 0.005 0.002 0.004 0.003 0.003 0.004 
165  ZFCNS29    (0)    5 :  0.008 0.954 0.008 0.008 0.002 0.005 0.003 0.004 0.007 
166  ZFCNS30    (0)    5 :  0.007 0.964 0.004 0.007 0.002 0.003 0.004 0.004 0.005 
167  ZFCNS31    (0)    5 :  0.004 0.972 0.003 0.006 0.002 0.004 0.003 0.003 0.004 
168  ZFCNS32    (0)    5 :  0.005 0.955 0.006 0.012 0.002 0.007 0.004 0.003 0.005 
169  ZFCNS33    (0)    5 :  0.003 0.973 0.003 0.006 0.002 0.004 0.003 0.003 0.003 
170  ZFCNS34    (0)    5 :  0.010 0.960 0.006 0.006 0.002 0.004 0.004 0.004 0.004 
171  ZFCNS35    (0)    5 :  0.007 0.909 0.017 0.028 0.002 0.004 0.015 0.003 0.015 
172  ZFCNS36    (0)    5 :  0.011 0.952 0.008 0.007 0.002 0.008 0.003 0.003 0.005 
173  ZFCNS37    (0)    5 :  0.005 0.851 0.008 0.111 0.002 0.008 0.003 0.007 0.005 
174  ZFCNS39    (0)    5 :  0.015 0.901 0.009 0.029 0.005 0.024 0.002 0.008 0.007 
175  ZFCNS40    (0)    5 :  0.036 0.671 0.020 0.144 0.003 0.109 0.003 0.007 0.007 
176  ZFCNS41    (0)    5 :  0.015 0.286 0.022 0.635 0.004 0.006 0.007 0.010 0.015 
177  ZFCNS42    (0)    5 :  0.003 0.969 0.005 0.008 0.002 0.003 0.003 0.003 0.004 
178  ZFCNS43    (0)    5 :  0.004 0.975 0.003 0.004 0.002 0.003 0.002 0.003 0.003 
179  ZFCNS44    (0)    5 :  0.005 0.952 0.005 0.017 0.004 0.003 0.003 0.003 0.008 
180  ZFCNS46    (0)    5 :  0.005 0.958 0.005 0.011 0.003 0.004 0.003 0.004 0.007 
181  ZFCNS47    (0)    5 :  0.004 0.975 0.003 0.005 0.002 0.003 0.003 0.003 0.003 
182  ZFCNS48    (0)    5 :  0.007 0.911 0.011 0.041 0.004 0.006 0.003 0.004 0.013 
183  ZFCNS49    (0)    5 :  0.003 0.915 0.009 0.043 0.005 0.004 0.003 0.003 0.015 
184   ZFCR01    (0)    6 :  0.012 0.003 0.024 0.010 0.008 0.025 0.513 0.343 0.063 
185   ZFCR02    (0)    6 :  0.033 0.005 0.049 0.006 0.014 0.018 0.120 0.743 0.012 
186   ZFCR03    (0)    6 :  0.038 0.003 0.039 0.013 0.040 0.035 0.555 0.202 0.074 
187   ZFCR04    (0)    6 :  0.017 0.008 0.025 0.057 0.028 0.036 0.728 0.077 0.024 
188   ZFCR05    (0)    6 :  0.020 0.003 0.004 0.004 0.008 0.005 0.046 0.906 0.004 
189   ZFCR06    (0)    6 :  0.030 0.070 0.069 0.063 0.004 0.026 0.104 0.562 0.072 
190   ZFCR07    (0)    6 :  0.012 0.042 0.006 0.022 0.006 0.004 0.030 0.870 0.009 
191   ZFCR08    (0)    6 :  0.196 0.006 0.015 0.015 0.058 0.068 0.212 0.400 0.030 
192   ZFCR09    (0)    6 :  0.051 0.013 0.099 0.042 0.101 0.031 0.510 0.107 0.047 
193   ZFCR11    (0)    6 :  0.011 0.010 0.030 0.079 0.006 0.003 0.180 0.674 0.007 
194   ZFCR12    (0)    6 :  0.013 0.112 0.018 0.079 0.004 0.024 0.010 0.724 0.015 
195   ZFCR13    (0)    6 :  0.006 0.007 0.066 0.011 0.004 0.005 0.007 0.826 0.068 
196   ZFCR14    (0)    6 :  0.012 0.005 0.007 0.007 0.006 0.014 0.025 0.917 0.008 
197   ZFCR15    (0)    6 :  0.023 0.005 0.026 0.020 0.015 0.033 0.054 0.798 0.026 
198   ZFCR16    (0)    6 :  0.010 0.004 0.027 0.009 0.004 0.052 0.100 0.766 0.028 
199   ZFCR18    (0)    6 :  0.050 0.012 0.060 0.010 0.004 0.012 0.729 0.114 0.007 
200   ZFCR19    (0)    6 :  0.012 0.005 0.023 0.010 0.004 0.309 0.512 0.108 0.018 
201   ZFCR20    (0)    6 :  0.012 0.004 0.025 0.016 0.005 0.012 0.701 0.084 0.140 
202   ZFCR21    (0)    6 :  0.019 0.003 0.012 0.012 0.003 0.010 0.013 0.913 0.015 
203   ZFCR22    (0)    6 :  0.006 0.003 0.010 0.007 0.003 0.022 0.008 0.929 0.011 
204   ZFCR23    (0)    6 :  0.003 0.004 0.062 0.040 0.026 0.005 0.015 0.660 0.185 
205   ZFCR24    (9)    6 :  0.011 0.004 0.038 0.008 0.005 0.006 0.090 0.314 0.523 
206   ZFCR25    (0)    6 :  0.006 0.002 0.003 0.005 0.003 0.003 0.014 0.959 0.004 
207   ZFCR26    (0)    6 :  0.020 0.004 0.023 0.017 0.004 0.029 0.179 0.699 0.025 
208   ZFCR27    (9)    6 :  0.005 0.003 0.003 0.003 0.005 0.003 0.061 0.914 0.003 
209   ZFCR28    (0)    6 :  0.010 0.028 0.054 0.017 0.010 0.114 0.010 0.605 0.152 
210   ZFCR29    (0)    6 :  0.012 0.002 0.013 0.010 0.004 0.008 0.112 0.817 0.022 
211   ZFCR30    (0)    6 :  0.005 0.005 0.005 0.007 0.004 0.006 0.010 0.952 0.006 
212   ZFCR31    (0)    6 :  0.019 0.039 0.109 0.085 0.016 0.038 0.490 0.145 0.061 
213   ZFCR33    (0)    6 :  0.033 0.007 0.007 0.010 0.017 0.008 0.026 0.885 0.007 
214   ZFCR34    (0)    6 :  0.020 0.010 0.016 0.056 0.018 0.016 0.037 0.768 0.061 
215   ZFCR35    (0)    6 :  0.033 0.011 0.009 0.016 0.008 0.010 0.828 0.068 0.015 
216   ZFCR36    (0)    6 :  0.008 0.016 0.007 0.009 0.013 0.006 0.101 0.828 0.012 
217   ZFCR37    (0)    6 :  0.036 0.004 0.004 0.005 0.008 0.004 0.022 0.913 0.005 
218   ZFCR38    (0)    6 :  0.032 0.006 0.006 0.006 0.009 0.008 0.040 0.888 0.005 
219   ZFCR39    (0)    6 :  0.295 0.003 0.047 0.013 0.351 0.042 0.044 0.164 0.041 
220   ZFCR40    (0)    6 :  0.026 0.004 0.008 0.015 0.056 0.005 0.029 0.837 0.020 
221   ZFCR41    (0)    6 :  0.036 0.011 0.007 0.052 0.003 0.014 0.008 0.861 0.008 
222   ZFCR42    (0)    6 :  0.032 0.012 0.019 0.019 0.014 0.021 0.010 0.846 0.026 
223   ZFCR43    (0)    6 :  0.005 0.005 0.072 0.006 0.005 0.006 0.039 0.783 0.078 
224  ZFENP25    (0)    7 :  0.025 0.003 0.005 0.006 0.006 0.014 0.047 0.877 0.018 
225  ZFENP26    (0)    7 :  0.006 0.003 0.003 0.005 0.017 0.003 0.013 0.948 0.003 
226  ZFENP27    (0)    7 :  0.318 0.065 0.007 0.036 0.022 0.007 0.335 0.190 0.020 
227  ZFENP28    (0)    7 :  0.011 0.008 0.005 0.004 0.019 0.004 0.023 0.923 0.003 
228  ZFENP29    (0)    7 :  0.010 0.004 0.004 0.004 0.008 0.004 0.007 0.956 0.004 
229  ZFENP30    (0)    7 :  0.064 0.008 0.006 0.005 0.028 0.006 0.010 0.870 0.004 
230  ZFENP31    (0)    7 :  0.092 0.009 0.026 0.007 0.391 0.006 0.198 0.265 0.006 
231  ZFENP32    (0)    7 :  0.029 0.029 0.025 0.016 0.169 0.007 0.451 0.264 0.010 
232  ZFENP33    (0)    7 :  0.008 0.005 0.005 0.006 0.010 0.003 0.033 0.926 0.006 
233  ZFENP34    (0)    7 :  0.044 0.020 0.016 0.011 0.008 0.006 0.634 0.254 0.007 
234  ZFENP35    (0)    7 :  0.006 0.014 0.006 0.016 0.194 0.004 0.016 0.734 0.010 
235  ZFENP36    (0)    7 :  0.004 0.012 0.003 0.004 0.019 0.002 0.016 0.937 0.003 
236  ZFENP37    (0)    7 :  0.011 0.011 0.005 0.008 0.040 0.004 0.089 0.824 0.008 
237  ZFENP38    (0)    7 :  0.012 0.014 0.005 0.007 0.010 0.004 0.007 0.937 0.006 
238  ZFENP39    (0)    7 :  0.012 0.005 0.003 0.004 0.023 0.003 0.035 0.911 0.004 
239  ZFENP40    (0)    7 :  0.012 0.007 0.007 0.006 0.096 0.004 0.104 0.753 0.010 
240  ZFENP41    (0)    7 :  0.180 0.011 0.008 0.007 0.119 0.010 0.021 0.636 0.006 
241  ZFENP42    (0)    7 :  0.006 0.003 0.003 0.004 0.301 0.004 0.004 0.671 0.003 
242  ZFENP43    (0)    7 :  0.034 0.061 0.005 0.028 0.013 0.004 0.014 0.836 0.006 
243  ZFENP44    (0)    7 :  0.038 0.025 0.009 0.047 0.228 0.003 0.014 0.612 0.024 
244  ZFENP45    (0)    7 :  0.024 0.012 0.036 0.015 0.194 0.315 0.014 0.366 0.023 
245  ZFENP46    (0)    7 :  0.003 0.008 0.007 0.013 0.017 0.004 0.015 0.923 0.010 
246  ZFENP47    (0)    7 :  0.263 0.004 0.009 0.004 0.329 0.142 0.131 0.107 0.010 
247  ZFENP48    (0)    7 :  0.091 0.019 0.031 0.012 0.017 0.023 0.618 0.170 0.018 
248  ZFENP49    (0)    7 :  0.032 0.007 0.017 0.010 0.005 0.015 0.122 0.776 0.016 
249  ZFENP50    (0)    7 :  0.004 0.005 0.026 0.014 0.043 0.007 0.008 0.855 0.038 
250  ZFENP51    (0)    7 :  0.011 0.005 0.004 0.005 0.115 0.053 0.238 0.566 0.004 
251  ZFENP52    (0)    7 :  0.018 0.020 0.004 0.017 0.016 0.003 0.004 0.914 0.003 
252  ZFENP53    (0)    7 :  0.008 0.011 0.029 0.013 0.032 0.014 0.008 0.870 0.016 
253  ZFENP54    (0)    7 :  0.031 0.005 0.041 0.014 0.011 0.010 0.020 0.834 0.035 
254  ZFENP55    (0)    7 :  0.004 0.004 0.005 0.004 0.007 0.004 0.058 0.909 0.005 
255  ZFENP56    (0)    7 :  0.007 0.007 0.004 0.007 0.007 0.004 0.013 0.949 0.003 
256  ZFENP57    (0)    7 :  0.006 0.013 0.003 0.007 0.105 0.002 0.019 0.840 0.005 
257  ZFENP58    (0)    7 :  0.058 0.013 0.009 0.011 0.007 0.090 0.014 0.790 0.007 
258  ZFENP59    (0)    7 :  0.097 0.006 0.006 0.004 0.094 0.004 0.026 0.759 0.004 
259  ZFENP60    (0)    7 :  0.010 0.006 0.007 0.006 0.025 0.013 0.080 0.843 0.009 
260  ZFENP61    (0)    7 :  0.016 0.004 0.003 0.003 0.013 0.003 0.027 0.929 0.003 
261 ZFFDSP01    (0)    8 :  0.004 0.011 0.010 0.031 0.003 0.013 0.004 0.004 0.921 
262 ZFFDSP02    (0)    8 :  0.004 0.003 0.011 0.010 0.002 0.005 0.003 0.003 0.959 
263 ZFFDSP04    (0)    8 :  0.004 0.003 0.019 0.010 0.002 0.011 0.004 0.003 0.944 
264 ZFFDSP05    (0)    8 :  0.004 0.006 0.047 0.174 0.003 0.010 0.004 0.004 0.747 
265 ZFFDSP06    (0)    8 :  0.009 0.003 0.407 0.041 0.002 0.020 0.005 0.003 0.509 
266 ZFFDSP07    (0)    8 :  0.016 0.005 0.055 0.008 0.005 0.039 0.003 0.005 0.863 
267 ZFFDSP08    (0)    8 :  0.015 0.013 0.543 0.039 0.005 0.081 0.003 0.006 0.294 
268 ZFFDSP10    (0)    8 :  0.004 0.005 0.019 0.017 0.003 0.011 0.003 0.003 0.935 
269 ZFFDSP11    (0)    8 :  0.004 0.003 0.039 0.014 0.003 0.007 0.004 0.004 0.922 
270 ZFFDSP12    (0)    8 :  0.004 0.005 0.660 0.014 0.003 0.009 0.003 0.004 0.299 
271 ZFFDSP13    (0)    8 :  0.010 0.016 0.029 0.863 0.004 0.005 0.004 0.006 0.064 
272 ZFFDSP14    (0)    8 :  0.005 0.004 0.014 0.006 0.003 0.017 0.003 0.004 0.944 
273 ZFFDSP16    (0)    8 :  0.006 0.014 0.020 0.011 0.004 0.004 0.006 0.008 0.927 
274 ZFFDSP17    (0)    8 :  0.006 0.004 0.025 0.016 0.003 0.009 0.004 0.005 0.929 
275 ZFFDSP18    (0)    8 :  0.005 0.005 0.027 0.007 0.002 0.017 0.004 0.003 0.930 
276 ZFFDSP19    (0)    8 :  0.023 0.111 0.022 0.038 0.002 0.015 0.004 0.004 0.780 
277 ZFFDSP21    (0)    8 :  0.020 0.078 0.023 0.231 0.002 0.007 0.004 0.004 0.631 
278 ZFFDSP22    (0)    8 :  0.006 0.004 0.120 0.012 0.002 0.091 0.003 0.004 0.758 
279 ZFFDSP23    (0)    8 :  0.004 0.011 0.038 0.114 0.002 0.139 0.003 0.003 0.686 
280 ZFFDSP24    (0)    8 :  0.005 0.010 0.017 0.059 0.002 0.006 0.004 0.004 0.892 
281 ZFFDSP26    (9)    8 :  0.005 0.007 0.113 0.092 0.003 0.015 0.004 0.004 0.759 
282 ZFFDSP27    (0)    8 :  0.004 0.007 0.019 0.014 0.002 0.007 0.004 0.003 0.940 
283 ZFFDSP28    (0)    8 :  0.015 0.005 0.046 0.025 0.011 0.008 0.051 0.015 0.825 
284 ZFFDSP30    (0)    8 :  0.006 0.035 0.017 0.165 0.006 0.006 0.009 0.005 0.751 
285 ZFFDSP31    (0)    8 :  0.005 0.010 0.871 0.029 0.002 0.006 0.004 0.005 0.068 
286 ZFFDSP32    (0)    8 :  0.003 0.004 0.009 0.009 0.003 0.005 0.003 0.003 0.961 
287 ZFFDSP33    (0)    8 :  0.003 0.005 0.031 0.017 0.003 0.006 0.003 0.003 0.929 
288 ZFFDSP34    (0)    8 :  0.009 0.006 0.678 0.039 0.002 0.015 0.004 0.004 0.242 
289 ZFFDSP35    (0)    8 :  0.004 0.005 0.014 0.066 0.002 0.007 0.004 0.003 0.895 
290 ZFFDSP37    (0)    8 :  0.003 0.005 0.008 0.011 0.002 0.004 0.003 0.003 0.961 
291 ZFFDSP38    (0)    8 :  0.004 0.006 0.041 0.008 0.002 0.005 0.003 0.003 0.927 
292 ZFFDSP39    (0)    8 :  0.003 0.009 0.037 0.470 0.002 0.009 0.003 0.003 0.463 
293 ZFFDSP40    (0)    8 :  0.003 0.010 0.023 0.171 0.003 0.005 0.004 0.003 0.778 
294 ZFFDSP42    (0)    8 :  0.005 0.010 0.070 0.052 0.002 0.062 0.003 0.003 0.793 
295 ZFFDSP43    (0)    8 :  0.004 0.012 0.063 0.032 0.002 0.012 0.003 0.003 0.869 
296 ZFFDSP44    (0)    8 :  0.003 0.008 0.034 0.037 0.003 0.005 0.004 0.003 0.902 
297 ZFFDSP45    (0)    8 :  0.005 0.007 0.021 0.015 0.002 0.005 0.004 0.003 0.939 
298 ZFFDSP46    (0)    8 :  0.005 0.007 0.023 0.025 0.002 0.009 0.003 0.004 0.923 
299 ZFFDSP47    (0)    8 :  0.004 0.015 0.034 0.422 0.003 0.015 0.003 0.003 0.502 
300 ZFFDSP48    (0)    8 :  0.004 0.015 0.024 0.263 0.003 0.006 0.003 0.003 0.679 
301    ZFI01    (0)    9 :  0.007 0.010 0.004 0.005 0.005 0.003 0.954 0.007 0.005 
302    ZFI02    (0)    9 :  0.003 0.013 0.005 0.006 0.003 0.004 0.952 0.007 0.007 
303    ZFI03    (0)    9 :  0.005 0.011 0.003 0.005 0.003 0.003 0.959 0.006 0.004 
304    ZFI04    (0)    9 :  0.006 0.006 0.004 0.004 0.004 0.003 0.962 0.007 0.004 
305    ZFI05    (0)    9 :  0.005 0.044 0.005 0.008 0.004 0.003 0.919 0.008 0.006 
306    ZFI06    (0)    9 :  0.003 0.080 0.007 0.025 0.004 0.003 0.855 0.007 0.014 
307    ZFI07    (0)    9 :  0.005 0.006 0.004 0.005 0.004 0.003 0.963 0.008 0.004 
308    ZFI08    (0)    9 :  0.005 0.005 0.003 0.003 0.003 0.003 0.964 0.010 0.004 
309    ZFI09    (0)    9 :  0.004 0.009 0.004 0.005 0.003 0.003 0.962 0.007 0.004 
310    ZFI10    (0)    9 :  0.004 0.101 0.005 0.009 0.007 0.004 0.855 0.007 0.007 
311    ZFI11    (0)    9 :  0.004 0.009 0.003 0.004 0.004 0.002 0.965 0.006 0.003 
312    ZFI12    (0)    9 :  0.006 0.020 0.004 0.006 0.003 0.003 0.945 0.009 0.005 
313    ZFI13    (0)    9 :  0.006 0.009 0.004 0.005 0.004 0.002 0.959 0.006 0.004 
314    ZFI14    (0)    9 :  0.005 0.010 0.010 0.013 0.006 0.004 0.929 0.005 0.019 
315    ZFI15    (0)    9 :  0.005 0.007 0.004 0.004 0.003 0.003 0.964 0.006 0.004 
316    ZFI16    (0)    9 :  0.004 0.008 0.003 0.005 0.003 0.002 0.965 0.005 0.004 
317    ZFI17    (0)    9 :  0.004 0.015 0.003 0.006 0.005 0.002 0.953 0.007 0.004 
318    ZFI18    (0)    9 :  0.003 0.008 0.003 0.004 0.006 0.002 0.964 0.006 0.003 
319    ZFI19    (9)    9 :  0.004 0.007 0.003 0.004 0.003 0.002 0.967 0.006 0.004 
320    ZFI20    (0)    9 :  0.004 0.007 0.005 0.008 0.005 0.003 0.955 0.005 0.008 
321    ZFI21    (0)    9 :  0.004 0.017 0.009 0.031 0.006 0.003 0.885 0.004 0.040 
322    ZFI22    (0)    9 :  0.007 0.004 0.006 0.004 0.003 0.004 0.959 0.005 0.006 
323    ZFI23    (0)    9 :  0.005 0.011 0.003 0.004 0.003 0.002 0.961 0.007 0.004 
324    ZFI24    (0)    9 :  0.007 0.014 0.005 0.006 0.003 0.003 0.952 0.007 0.004 
325    ZFI25    (0)    9 :  0.006 0.006 0.006 0.005 0.003 0.004 0.957 0.007 0.006 
326    ZFI26    (0)    9 :  0.009 0.005 0.004 0.004 0.003 0.003 0.964 0.005 0.004 
327    ZFI27    (0)    9 :  0.005 0.063 0.004 0.010 0.003 0.003 0.896 0.011 0.006 
328    ZFK01    (0)    9 :  0.932 0.012 0.010 0.009 0.007 0.007 0.006 0.009 0.008 
329    ZFK02    (0)   10 :  0.934 0.012 0.010 0.009 0.004 0.006 0.007 0.009 0.009 
330    ZFK03    (0)   10 :  0.933 0.008 0.010 0.008 0.008 0.006 0.009 0.009 0.008 
331    ZFK04    (0)   10 :  0.923 0.006 0.007 0.005 0.009 0.005 0.024 0.013 0.007 
332    ZFK05    (0)   10 :  0.922 0.006 0.005 0.004 0.029 0.004 0.019 0.008 0.004 
333    ZFK06    (0)   10 :  0.917 0.006 0.007 0.006 0.006 0.003 0.025 0.022 0.007 
334    ZFK07    (0)   10 :  0.934 0.007 0.010 0.009 0.013 0.007 0.005 0.007 0.008 
335    ZFK08    (0)   10 :  0.863 0.004 0.008 0.007 0.011 0.006 0.032 0.058 0.009 
336    ZFK10    (0)   10 :  0.930 0.007 0.008 0.006 0.005 0.005 0.021 0.011 0.007 
337    ZFK11    (0)   10 :  0.921 0.007 0.009 0.006 0.022 0.004 0.011 0.013 0.007 
338    ZFK12    (0)   10 :  0.910 0.005 0.016 0.014 0.006 0.013 0.004 0.021 0.011 
339    ZFK13    (0)   10 :  0.828 0.006 0.041 0.029 0.032 0.011 0.005 0.014 0.034 
340    ZFK14    (0)   10 :  0.918 0.008 0.012 0.014 0.013 0.012 0.004 0.007 0.011 
341    ZFK15    (0)   10 :  0.831 0.007 0.039 0.015 0.047 0.007 0.010 0.016 0.027 
342    ZFK16    (0)   10 :  0.838 0.009 0.065 0.022 0.024 0.011 0.004 0.011 0.016 
343   ZFLB01    (0)   11 :  0.004 0.008 0.013 0.018 0.911 0.007 0.008 0.006 0.024 
344   ZFLB02    (0)   11 :  0.003 0.004 0.003 0.004 0.952 0.003 0.013 0.013 0.004 
345   ZFLB03    (0)   11 :  0.005 0.033 0.004 0.005 0.931 0.004 0.005 0.010 0.004 
346   ZFLB04    (0)   11 :  0.009 0.237 0.014 0.025 0.667 0.009 0.015 0.007 0.017 
347   ZFLB05    (0)   11 :  0.005 0.014 0.009 0.015 0.917 0.005 0.013 0.008 0.013 
348   ZFLB06    (0)   11 :  0.014 0.006 0.016 0.010 0.921 0.008 0.006 0.008 0.010 
349   ZFLB07    (0)   11 :  0.017 0.071 0.023 0.038 0.606 0.011 0.029 0.189 0.015 
350   ZFLB08    (0)   11 :  0.004 0.008 0.004 0.007 0.936 0.004 0.019 0.012 0.006 
351   ZFLB09    (9)   11 :  0.008 0.005 0.005 0.005 0.954 0.003 0.010 0.006 0.005 
352   ZFLB10    (0)   11 :  0.004 0.006 0.003 0.004 0.966 0.003 0.006 0.004 0.004 
353   ZFLB11    (0)   11 :  0.008 0.004 0.005 0.004 0.961 0.006 0.004 0.005 0.004 
354   ZFLB12    (0)   11 :  0.005 0.004 0.003 0.003 0.969 0.002 0.005 0.005 0.003 
355   ZFLB13    (0)   11 :  0.016 0.021 0.012 0.032 0.837 0.004 0.011 0.046 0.022 
356  ZFLTI01    (0)   12 :  0.027 0.010 0.016 0.901 0.002 0.011 0.004 0.005 0.024 
357  ZFLTI02    (0)   12 :  0.054 0.034 0.020 0.863 0.002 0.010 0.004 0.005 0.008 
358  ZFLTI03    (0)   12 :  0.008 0.012 0.007 0.947 0.002 0.009 0.003 0.004 0.007 
359  ZFLTI04    (0)   12 :  0.012 0.020 0.019 0.918 0.003 0.007 0.005 0.006 0.011 
360  ZFLTI05    (0)   12 :  0.007 0.015 0.008 0.949 0.002 0.005 0.004 0.004 0.007 
361  ZFLTI06    (0)   12 :  0.006 0.007 0.007 0.936 0.003 0.010 0.003 0.003 0.025 
362  ZFLTI07    (0)   12 :  0.006 0.007 0.007 0.947 0.002 0.004 0.004 0.004 0.019 
363  ZFLTI08    (0)   12 :  0.006 0.020 0.009 0.940 0.002 0.005 0.007 0.005 0.006 
364  ZFLTI09    (0)   12 :  0.006 0.008 0.017 0.940 0.002 0.004 0.006 0.004 0.011 
365  ZFLTI10    (0)   12 :  0.009 0.006 0.020 0.938 0.002 0.004 0.004 0.004 0.013 
366  ZFLTI11    (0)   12 :  0.008 0.012 0.014 0.933 0.003 0.013 0.004 0.003 0.010 
367  ZFLTI12    (0)   12 :  0.018 0.011 0.018 0.920 0.002 0.013 0.004 0.004 0.009 
368  ZFLTI13    (0)   12 :  0.019 0.049 0.007 0.892 0.002 0.011 0.004 0.005 0.010 
369  ZFLTI14    (0)   12 :  0.080 0.169 0.043 0.673 0.002 0.005 0.006 0.005 0.016 
370 ZFONF101    (0)   13 :  0.002 0.003 0.962 0.007 0.003 0.006 0.003 0.003 0.011 
371 ZFONF102    (0)   13 :  0.003 0.003 0.957 0.005 0.006 0.010 0.003 0.004 0.010 
372 ZFONF103    (0)   13 :  0.007 0.021 0.932 0.012 0.003 0.009 0.004 0.005 0.009 
373 ZFONF104    (0)   13 :  0.004 0.003 0.951 0.006 0.002 0.017 0.002 0.002 0.012 
374 ZFONF105    (0)   13 :  0.004 0.005 0.944 0.007 0.003 0.025 0.003 0.003 0.007 
375 ZFONF106    (0)   13 :  0.003 0.003 0.969 0.004 0.002 0.005 0.003 0.002 0.009 
376 ZFONF107    (0)   13 :  0.006 0.008 0.938 0.005 0.018 0.004 0.008 0.007 0.005 
377 ZFONF108    (0)   13 :  0.006 0.009 0.958 0.005 0.005 0.005 0.003 0.004 0.005 
378 ZFONF109    (9)   13 :  0.005 0.006 0.957 0.007 0.004 0.010 0.003 0.003 0.005 
379 ZFONF110    (0)   13 :  0.006 0.004 0.940 0.009 0.002 0.012 0.002 0.003 0.021 
380 ZFONF111    (0)   13 :  0.006 0.004 0.931 0.010 0.010 0.010 0.006 0.013 0.009 
381 ZFONF112    (0)   13 :  0.004 0.010 0.932 0.006 0.002 0.032 0.003 0.003 0.008 
382 ZFONF113    (9)   13 :  0.006 0.005 0.946 0.010 0.006 0.009 0.003 0.006 0.009 
383 ZFONF115    (0)   13 :  0.005 0.007 0.959 0.005 0.002 0.008 0.003 0.003 0.007 
384 ZFONF116    (0)   13 :  0.006 0.010 0.812 0.005 0.003 0.020 0.007 0.004 0.134 
385 ZFONF117    (0)   13 :  0.007 0.024 0.820 0.097 0.003 0.020 0.004 0.005 0.020 
386 ZFONF118    (0)   13 :  0.007 0.012 0.932 0.014 0.002 0.012 0.005 0.004 0.012 
387 ZFONF119    (0)   13 :  0.009 0.004 0.791 0.008 0.008 0.017 0.004 0.004 0.155 
388 ZFONF120    (0)   13 :  0.026 0.004 0.708 0.016 0.006 0.045 0.004 0.006 0.186 
389 ZFONF121    (0)   13 :  0.006 0.006 0.668 0.011 0.004 0.076 0.004 0.004 0.220 
390 ZFONF122    (0)   13 :  0.011 0.014 0.892 0.047 0.003 0.007 0.004 0.006 0.017 
391 ZFONF123    (0)   13 :  0.006 0.003 0.713 0.007 0.039 0.033 0.006 0.005 0.187 
392 ZFONF124    (0)   13 :  0.004 0.004 0.964 0.005 0.004 0.010 0.002 0.003 0.005 
393 ZFONF125    (0)   13 :  0.016 0.004 0.847 0.013 0.024 0.049 0.004 0.012 0.031 
394 ZFONF126    (0)   13 :  0.016 0.007 0.891 0.012 0.002 0.015 0.006 0.005 0.046 
395 ZFONF201    (0)   14 :  0.036 0.004 0.049 0.038 0.050 0.596 0.082 0.015 0.130 
396 ZFONF202    (0)   14 :  0.009 0.003 0.016 0.010 0.002 0.873 0.003 0.003 0.080 
397 ZFONF203    (0)   14 :  0.006 0.003 0.007 0.006 0.003 0.957 0.003 0.005 0.009 
398 ZFONF204    (0)   14 :  0.028 0.004 0.005 0.009 0.009 0.923 0.007 0.008 0.007 
399 ZFONF206    (0)   14 :  0.009 0.003 0.006 0.006 0.020 0.923 0.011 0.016 0.007 
400 ZFONF207    (0)   14 :  0.004 0.005 0.006 0.006 0.004 0.960 0.003 0.004 0.007 
401 ZFONF208    (0)   14 :  0.010 0.006 0.022 0.034 0.005 0.823 0.005 0.006 0.089 
402 ZFONF209    (0)   14 :  0.027 0.011 0.007 0.010 0.008 0.910 0.012 0.008 0.009 
403 ZFONF210    (0)   14 :  0.004 0.007 0.008 0.011 0.003 0.950 0.003 0.003 0.011 
404 ZFONF211    (0)   14 :  0.014 0.013 0.025 0.025 0.022 0.855 0.005 0.010 0.029 
405 ZFONF212    (0)   14 :  0.003 0.005 0.010 0.011 0.003 0.953 0.003 0.003 0.010 
406 ZFONF214    (0)   14 :  0.007 0.003 0.034 0.010 0.007 0.889 0.003 0.007 0.041 
407 ZFONF215    (0)   14 :  0.004 0.004 0.026 0.006 0.002 0.939 0.003 0.003 0.012 
408 ZFONF216    (0)   14 :  0.004 0.006 0.005 0.006 0.003 0.967 0.002 0.003 0.004 
409 ZFONF217    (0)   14 :  0.004 0.004 0.015 0.007 0.004 0.909 0.003 0.003 0.052 
410 ZFONF218    (0)   14 :  0.003 0.005 0.009 0.006 0.009 0.954 0.004 0.007 0.004 
411 ZFONF219    (0)   14 :  0.003 0.003 0.007 0.004 0.002 0.973 0.002 0.003 0.004 
412 ZFONF220    (0)   14 :  0.006 0.004 0.009 0.006 0.003 0.928 0.004 0.004 0.037 
413 ZFONF222    (0)   14 :  0.004 0.004 0.004 0.004 0.009 0.963 0.003 0.005 0.003 
414 ZFONF223    (0)   14 :  0.004 0.003 0.008 0.004 0.008 0.954 0.005 0.007 0.008 
415 ZFONF224    (0)   14 :  0.003 0.004 0.005 0.004 0.002 0.972 0.002 0.003 0.004 
416 ZFONF225    (0)   14 :  0.004 0.004 0.012 0.005 0.002 0.963 0.002 0.003 0.006 
417 ZFONF226    (0)   14 :  0.007 0.004 0.009 0.007 0.003 0.956 0.003 0.004 0.008 
418 ZFONF227    (0)   14 :  0.003 0.004 0.005 0.004 0.002 0.974 0.002 0.002 0.004 
419 ZFONF228    (0)   14 :  0.005 0.013 0.009 0.010 0.004 0.940 0.005 0.005 0.011 
420 ZFONF230    (0)   14 :  0.004 0.003 0.018 0.009 0.002 0.947 0.002 0.003 0.012 
421 ZFONF231    (0)   14 :  0.007 0.005 0.006 0.008 0.005 0.950 0.003 0.006 0.012 
422 ZFONF232    (0)   14 :  0.003 0.003 0.009 0.004 0.002 0.966 0.002 0.003 0.008 
