

----------------------------------------------------
STRUCTURE by Pritchard, Stephens and Donnelly (2000)
     and Falush, Stephens and Pritchard (2003)
       Code by Pritchard, Falush and Hubisz
             Version 2.3.4 (Jul 2012)
----------------------------------------------------



Command line arguments:   bin\structure -m C:\Users\eschumacher\Documents\GitHub\GCC_QUAC_ZAIN\Data_Files\Structure_Files\ZAIN\ZAIN_rebinned_wild\50-50\mainparams -e C:\Users\eschumacher\Documents\GitHub\GCC_QUAC_ZAIN\Data_Files\Structure_Files\ZAIN\ZAIN_rebinned_wild\50-50\extraparams 
Input File:    C:\Users\eschumacher\Documents\GitHub\GCC_QUAC_ZAIN\Data_Files\Structure_Files\ZAIN\ZAIN_rebinned_wild\project_data

Run parameters:
   751 individuals
   11 loci
   7 populations assumed
   50000 Burn-in period
   50000 Reps


--------------------------------------------
Proportion of membership of each pre-defined
 population in each of the 7 clusters

Given    Inferred Clusters                                   Number of
 Pop       1      2      3      4      5      6      7      Individuals

  1:     0.014  0.005  0.040  0.007  0.005  0.009  0.920       35
  2:     0.008  0.026  0.005  0.032  0.054  0.868  0.007       36
  3:     0.010  0.034  0.006  0.009  0.034  0.902  0.006       33
  4:     0.006  0.009  0.021  0.939  0.008  0.011  0.007       40
  5:     0.004  0.006  0.003  0.008  0.970  0.006  0.004       39
  6:     0.669  0.026  0.048  0.029  0.022  0.059  0.146       40
  7:     0.733  0.023  0.112  0.042  0.012  0.010  0.067       37
  8:     0.004  0.017  0.003  0.006  0.039  0.925  0.006       40
  9:     0.006  0.003  0.007  0.038  0.009  0.005  0.931       28
 10:     0.016  0.007  0.053  0.890  0.011  0.015  0.009       14
 11:     0.015  0.005  0.921  0.008  0.033  0.009  0.009       13
 12:     0.005  0.014  0.003  0.018  0.862  0.093  0.006       14
 13:     0.007  0.041  0.009  0.011  0.029  0.898  0.006       25
 14:     0.005  0.952  0.005  0.008  0.007  0.015  0.007       40
 15:     0.019  0.008  0.008  0.873  0.044  0.026  0.022       32
 16:     0.004  0.004  0.975  0.004  0.004  0.005  0.003       20
 17:     0.250  0.006  0.008  0.011  0.007  0.012  0.706        4
 18:     0.026  0.015  0.016  0.013  0.008  0.045  0.876       23
 19:     0.013  0.005  0.006  0.008  0.006  0.005  0.957       39
 20:     0.011  0.004  0.900  0.007  0.005  0.006  0.067       38
 21:     0.010  0.066  0.006  0.009  0.777  0.128  0.005       45
 22:     0.012  0.025  0.014  0.019  0.407  0.519  0.005       28
 23:     0.031  0.005  0.009  0.007  0.007  0.005  0.936        6
 24:     0.900  0.034  0.006  0.011  0.018  0.012  0.020       40
 25:     0.835  0.013  0.087  0.014  0.019  0.013  0.020       42
--------------------------------------------

Allele-freq. divergence among pops (Net nucleotide distance),
computed using point estimates of P.

      1       2       3       4       5       6       7      
 1      -    0.1993  0.1260  0.0982  0.1209  0.1439  0.0930  
 2   0.1993     -    0.3383  0.1798  0.1719  0.1063  0.3299  
 3   0.1260  0.3383     -    0.2049  0.2784  0.2685  0.1544  
 4   0.0982  0.1798  0.2049     -    0.1219  0.1633  0.1507  
 5   0.1209  0.1719  0.2784  0.1219     -    0.1063  0.2211  
 6   0.1439  0.1063  0.2685  0.1633  0.1063     -    0.2191  
 7   0.0930  0.3299  0.1544  0.1507  0.2211  0.2191     -    

Average distances (expected heterozygosity) between individuals in same cluster:
cluster  1  : 0.5627 
cluster  2  : 0.3699 
cluster  3  : 0.4320 
cluster  4  : 0.4356 
cluster  5  : 0.3959 
cluster  6  : 0.4130 
cluster  7  : 0.4692 

--------------------------------------------
Estimated Ln Prob of Data   = -14237.0
Mean value of ln likelihood = -13939.4
Variance of ln likelihood   = 595.3
Mean value of alpha         = 0.0326

Mean value of Fst_1         = 0.1215
Mean value of Fst_2         = 0.4264
Mean value of Fst_3         = 0.4150
Mean value of Fst_4         = 0.4007
Mean value of Fst_5         = 0.4708
Mean value of Fst_6         = 0.3487
Mean value of Fst_7         = 0.3571


Inferred ancestry of individuals:
        Label (%Miss) Pop:  Inferred clusters
  1    ZFB01    (0)    1 :  0.004 0.003 0.007 0.004 0.003 0.004 0.974 
  2    ZFB02    (0)    1 :  0.008 0.003 0.047 0.009 0.003 0.003 0.927 
  3    ZFB03    (0)    1 :  0.009 0.003 0.005 0.004 0.007 0.005 0.968 
  4    ZFB04    (0)    1 :  0.005 0.002 0.052 0.006 0.003 0.005 0.927 
  5    ZFB05    (0)    1 :  0.069 0.011 0.191 0.010 0.008 0.003 0.708 
  6    ZFB06    (0)    1 :  0.063 0.013 0.104 0.008 0.009 0.003 0.801 
  7    ZFB07    (9)    1 :  0.008 0.004 0.011 0.005 0.006 0.008 0.959 
  8    ZFB08    (0)    1 :  0.011 0.005 0.005 0.006 0.005 0.007 0.961 
  9    ZFB09    (0)    1 :  0.005 0.002 0.005 0.003 0.003 0.003 0.979 
 10    ZFB10    (0)    1 :  0.005 0.006 0.010 0.007 0.005 0.022 0.946 
 11    ZFB11    (0)    1 :  0.005 0.003 0.020 0.006 0.003 0.009 0.954 
 12    ZFB12    (0)    1 :  0.023 0.004 0.032 0.005 0.008 0.010 0.918 
 13    ZFB13    (0)    1 :  0.012 0.006 0.007 0.005 0.005 0.009 0.957 
 14    ZFB14    (0)    1 :  0.004 0.003 0.004 0.005 0.003 0.005 0.975 
 15    ZFB15    (0)    1 :  0.005 0.002 0.012 0.003 0.003 0.003 0.973 
 16    ZFB16    (0)    1 :  0.007 0.004 0.014 0.004 0.004 0.006 0.961 
 17    ZFB17    (0)    1 :  0.023 0.012 0.032 0.023 0.007 0.012 0.890 
 18    ZFB18    (0)    1 :  0.004 0.003 0.004 0.004 0.003 0.004 0.979 
 19    ZFB19    (0)    1 :  0.026 0.008 0.008 0.005 0.011 0.035 0.908 
 20    ZFB20    (0)    1 :  0.007 0.004 0.037 0.005 0.004 0.007 0.937 
 21    ZFB21    (0)    1 :  0.006 0.002 0.011 0.003 0.003 0.003 0.972 
 22    ZFB22    (0)    1 :  0.012 0.011 0.064 0.008 0.006 0.013 0.885 
 23    ZFB23    (0)    1 :  0.005 0.003 0.033 0.006 0.005 0.008 0.940 
 24    ZFB24    (0)    1 :  0.004 0.003 0.044 0.006 0.003 0.008 0.932 
 25    ZFB25    (0)    1 :  0.003 0.005 0.005 0.004 0.006 0.023 0.953 
 26    ZFB26    (0)    1 :  0.006 0.004 0.085 0.007 0.005 0.025 0.867 
 27    ZFB27    (0)    1 :  0.004 0.003 0.085 0.005 0.003 0.009 0.890 
 28    ZFB28    (0)    1 :  0.032 0.003 0.126 0.012 0.006 0.009 0.812 
 29    ZFB29    (0)    1 :  0.006 0.003 0.021 0.007 0.002 0.004 0.957 
 30    ZFB30    (0)    1 :  0.043 0.013 0.218 0.004 0.011 0.005 0.706 
 31    ZFB31    (0)    1 :  0.005 0.004 0.007 0.004 0.005 0.017 0.960 
 32    ZFB32    (0)    1 :  0.041 0.005 0.077 0.035 0.011 0.017 0.814 
 33    ZFB33    (0)    1 :  0.004 0.002 0.012 0.003 0.003 0.004 0.972 
 34    ZFB34    (0)    1 :  0.005 0.003 0.003 0.004 0.003 0.004 0.978 
 35    ZFB35    (0)    1 :  0.004 0.004 0.009 0.006 0.004 0.007 0.966 
 36  ZFBP101    (0)    2 :  0.013 0.041 0.008 0.158 0.103 0.665 0.011 
 37  ZFBP102    (0)    2 :  0.014 0.013 0.013 0.019 0.021 0.904 0.016 
 38  ZFBP103    (0)    2 :  0.011 0.016 0.007 0.253 0.291 0.415 0.008 
 39  ZFBP104    (0)    2 :  0.037 0.008 0.010 0.004 0.077 0.822 0.042 
 40  ZFBP105    (0)    2 :  0.006 0.005 0.005 0.005 0.038 0.936 0.005 
 41  ZFBP106    (0)    2 :  0.004 0.009 0.003 0.008 0.039 0.932 0.004 
 42  ZFBP107    (0)    2 :  0.010 0.005 0.014 0.008 0.057 0.900 0.005 
 43  ZFBP108    (0)    2 :  0.003 0.004 0.003 0.003 0.007 0.977 0.003 
 44  ZFBP109    (0)    2 :  0.004 0.006 0.002 0.004 0.007 0.972 0.004 
 45  ZFBP110    (0)    2 :  0.036 0.006 0.010 0.045 0.171 0.684 0.048 
 46  ZFBP111    (0)    2 :  0.008 0.214 0.004 0.005 0.061 0.705 0.003 
 47  ZFBP112    (0)    2 :  0.005 0.041 0.005 0.012 0.011 0.921 0.004 
 48  ZFBP113    (0)    2 :  0.005 0.004 0.003 0.003 0.006 0.976 0.004 
 49  ZFBP114    (0)    2 :  0.004 0.006 0.006 0.006 0.012 0.961 0.004 
 50  ZFBP115    (0)    2 :  0.007 0.015 0.004 0.014 0.441 0.516 0.003 
 51  ZFBP116    (0)    2 :  0.005 0.005 0.004 0.004 0.011 0.968 0.003 
 52  ZFBP117    (0)    2 :  0.004 0.007 0.002 0.006 0.008 0.969 0.003 
 53  ZFBP118    (0)    2 :  0.005 0.008 0.007 0.005 0.011 0.962 0.003 
 54  ZFBP119    (0)    2 :  0.007 0.020 0.003 0.035 0.134 0.797 0.004 
 55  ZFBP120    (0)    2 :  0.006 0.005 0.005 0.004 0.023 0.951 0.007 
 56  ZFBP121    (0)    2 :  0.005 0.005 0.003 0.008 0.008 0.965 0.006 
 57  ZFBP122    (9)    2 :  0.005 0.011 0.003 0.005 0.010 0.963 0.004 
 58  ZFBP123    (0)    2 :  0.005 0.018 0.006 0.014 0.007 0.946 0.004 
 59  ZFBP124    (0)    2 :  0.004 0.005 0.004 0.005 0.006 0.969 0.007 
 60  ZFBP125    (0)    2 :  0.003 0.015 0.002 0.006 0.014 0.956 0.002 
 61  ZFBP126    (0)    2 :  0.018 0.007 0.011 0.027 0.005 0.920 0.010 
 62  ZFBP127    (0)    2 :  0.004 0.005 0.003 0.014 0.060 0.911 0.003 
 63  ZFBP128    (0)    2 :  0.003 0.023 0.002 0.010 0.017 0.939 0.004 
 64  ZFBP129    (0)    2 :  0.005 0.123 0.003 0.009 0.007 0.847 0.005 
 65  ZFBP130    (0)    2 :  0.004 0.044 0.003 0.017 0.017 0.913 0.002 
 66  ZFBP131    (0)    2 :  0.004 0.005 0.003 0.004 0.004 0.977 0.004 
 67  ZFBP132    (0)    2 :  0.004 0.004 0.003 0.004 0.009 0.973 0.004 
 68  ZFBP133    (0)    2 :  0.003 0.151 0.002 0.007 0.004 0.829 0.003 
 69  ZFBP134    (0)    2 :  0.006 0.013 0.003 0.042 0.164 0.769 0.004 
 70  ZFBP135    (0)    2 :  0.008 0.014 0.005 0.264 0.032 0.663 0.014 
 71  ZFBP136    (0)    2 :  0.006 0.038 0.006 0.122 0.052 0.772 0.004 
 72  ZFBP201    (0)    3 :  0.006 0.005 0.006 0.005 0.010 0.963 0.005 
 73  ZFBP202    (0)    3 :  0.004 0.008 0.003 0.004 0.013 0.962 0.006 
 74  ZFBP203    (0)    3 :  0.027 0.018 0.040 0.005 0.008 0.895 0.006 
 75  ZFBP204    (0)    3 :  0.007 0.016 0.004 0.016 0.056 0.896 0.004 
 76  ZFBP205    (0)    3 :  0.004 0.013 0.005 0.008 0.004 0.964 0.003 
 77  ZFBP206    (0)    3 :  0.006 0.050 0.008 0.013 0.006 0.912 0.006 
 78  ZFBP207    (0)    3 :  0.005 0.008 0.003 0.013 0.189 0.777 0.004 
 79  ZFBP208    (0)    3 :  0.008 0.009 0.009 0.007 0.005 0.958 0.003 
 80  ZFBP209    (0)    3 :  0.003 0.079 0.002 0.007 0.004 0.901 0.003 
 81  ZFBP210    (0)    3 :  0.006 0.010 0.007 0.005 0.010 0.956 0.005 
 82  ZFBP211    (0)    3 :  0.005 0.005 0.003 0.005 0.009 0.968 0.006 
 83  ZFBP212    (0)    3 :  0.003 0.005 0.003 0.003 0.044 0.936 0.006 
 84  ZFBP213    (0)    3 :  0.007 0.011 0.005 0.013 0.009 0.947 0.008 
 85  ZFBP214    (0)    3 :  0.018 0.088 0.004 0.047 0.040 0.789 0.015 
 86  ZFBP215    (0)    3 :  0.004 0.007 0.003 0.005 0.006 0.972 0.004 
 87  ZFBP216    (0)    3 :  0.011 0.005 0.006 0.006 0.010 0.957 0.004 
 88  ZFBP217    (0)    3 :  0.010 0.229 0.003 0.007 0.075 0.667 0.008 
 89  ZFBP218    (0)    3 :  0.003 0.011 0.003 0.003 0.005 0.972 0.003 
 90  ZFBP219    (0)    3 :  0.004 0.004 0.003 0.003 0.006 0.977 0.003 
 91  ZFBP220    (0)    3 :  0.005 0.037 0.004 0.017 0.021 0.914 0.003 
 92  ZFBP221    (0)    3 :  0.004 0.008 0.003 0.003 0.025 0.953 0.004 
 93  ZFBP222    (0)    3 :  0.005 0.010 0.005 0.009 0.004 0.962 0.005 
 94  ZFBP223    (0)    3 :  0.006 0.009 0.005 0.008 0.151 0.813 0.008 
 95  ZFBP224    (0)    3 :  0.006 0.006 0.004 0.006 0.007 0.966 0.005 
 96  ZFBP225    (0)    3 :  0.013 0.368 0.008 0.012 0.122 0.474 0.003 
 97  ZFBP226    (0)    3 :  0.004 0.005 0.004 0.004 0.007 0.973 0.003 
 98  ZFBP227    (0)    3 :  0.122 0.006 0.015 0.006 0.045 0.778 0.027 
 99  ZFBP228    (0)    3 :  0.004 0.007 0.003 0.015 0.164 0.804 0.004 
100  ZFBP229    (0)    3 :  0.005 0.017 0.003 0.005 0.006 0.962 0.002 
101  ZFBP230    (0)    3 :  0.006 0.029 0.003 0.023 0.025 0.910 0.003 
102  ZFBP231    (0)    3 :  0.005 0.005 0.004 0.006 0.008 0.966 0.005 
103  ZFBP232    (0)    3 :  0.003 0.007 0.003 0.004 0.005 0.974 0.003 
104  ZFBP233    (0)    3 :  0.005 0.015 0.004 0.006 0.010 0.954 0.006 
105   ZFCC01    (0)    4 :  0.004 0.004 0.005 0.970 0.004 0.004 0.009 
106   ZFCC03    (0)    4 :  0.003 0.005 0.002 0.974 0.006 0.004 0.005 
107   ZFCC04    (0)    4 :  0.004 0.006 0.003 0.973 0.005 0.004 0.005 
108   ZFCC05    (0)    4 :  0.006 0.006 0.004 0.964 0.009 0.006 0.006 
109   ZFCC08    (0)    4 :  0.004 0.014 0.002 0.958 0.007 0.010 0.004 
110   ZFCC09    (0)    4 :  0.003 0.004 0.003 0.974 0.005 0.004 0.007 
111   ZFCC10    (0)    4 :  0.004 0.004 0.003 0.968 0.004 0.005 0.012 
112   ZFCC11    (0)    4 :  0.004 0.005 0.003 0.973 0.006 0.005 0.006 
113   ZFCC12    (0)    4 :  0.011 0.005 0.047 0.905 0.008 0.006 0.019 
114   ZFCC13    (0)    4 :  0.007 0.008 0.007 0.953 0.012 0.009 0.004 
115   ZFCC14    (0)    4 :  0.005 0.007 0.004 0.962 0.004 0.008 0.010 
116   ZFCC15    (0)    4 :  0.007 0.005 0.005 0.971 0.005 0.004 0.004 
117   ZFCC16    (0)    4 :  0.004 0.005 0.004 0.975 0.003 0.003 0.005 
118   ZFCC17    (0)    4 :  0.004 0.003 0.009 0.972 0.004 0.003 0.005 
119   ZFCC18    (0)    4 :  0.004 0.006 0.004 0.970 0.006 0.004 0.006 
120   ZFCC19    (0)    4 :  0.007 0.004 0.007 0.971 0.004 0.003 0.005 
121   ZFCC20    (0)    4 :  0.005 0.006 0.004 0.971 0.007 0.003 0.004 
122   ZFCC21    (0)    4 :  0.015 0.033 0.006 0.908 0.006 0.026 0.006 
123   ZFCC22    (0)    4 :  0.005 0.049 0.004 0.752 0.017 0.164 0.008 
124   ZFCC26    (0)    4 :  0.004 0.004 0.003 0.975 0.004 0.003 0.005 
125   ZFCC27    (0)    4 :  0.004 0.003 0.003 0.978 0.005 0.004 0.004 
126   ZFCC29    (0)    4 :  0.006 0.005 0.004 0.968 0.005 0.004 0.008 
127   ZFCC30    (0)    4 :  0.004 0.005 0.003 0.975 0.007 0.003 0.003 
128   ZFCC32    (0)    4 :  0.007 0.006 0.007 0.964 0.006 0.004 0.005 
129   ZFCC33    (0)    4 :  0.005 0.003 0.004 0.972 0.006 0.004 0.005 
130   ZFCC34    (0)    4 :  0.006 0.017 0.013 0.877 0.030 0.042 0.016 
131   ZFCC35    (0)    4 :  0.003 0.004 0.003 0.978 0.004 0.004 0.003 
132   ZFCC36    (0)    4 :  0.008 0.010 0.011 0.953 0.006 0.008 0.004 
133   ZFCC37    (0)    4 :  0.018 0.005 0.042 0.900 0.008 0.009 0.017 
134   ZFCC40    (0)    4 :  0.003 0.004 0.006 0.971 0.004 0.006 0.006 
135   ZFCC42    (0)    4 :  0.008 0.014 0.558 0.340 0.060 0.006 0.014 
136   ZFCC44    (0)    4 :  0.003 0.003 0.004 0.978 0.005 0.003 0.003 
137   ZFCC45    (9)    4 :  0.010 0.004 0.013 0.951 0.006 0.005 0.012 
138   ZFCC46    (0)    4 :  0.004 0.023 0.003 0.944 0.015 0.008 0.003 
139   ZFCC47    (0)    4 :  0.005 0.007 0.027 0.936 0.006 0.005 0.015 
140   ZFCC48    (0)    4 :  0.005 0.030 0.003 0.931 0.006 0.018 0.006 
141   ZFCC50    (0)    4 :  0.003 0.004 0.004 0.977 0.004 0.003 0.005 
142   ZFCC51    (0)    4 :  0.003 0.004 0.003 0.977 0.006 0.003 0.004 
143   ZFCC52    (0)    4 :  0.004 0.010 0.006 0.961 0.006 0.010 0.004 
144   ZFCC53    (0)    4 :  0.003 0.004 0.003 0.979 0.004 0.003 0.004 
145  ZFCNS01    (0)    5 :  0.009 0.003 0.005 0.005 0.970 0.004 0.002 
146  ZFCNS02    (0)    5 :  0.003 0.005 0.003 0.008 0.973 0.005 0.003 
147  ZFCNS05    (0)    5 :  0.004 0.005 0.003 0.010 0.966 0.007 0.005 
148  ZFCNS06    (0)    5 :  0.003 0.006 0.003 0.009 0.970 0.005 0.004 
149  ZFCNS07    (0)    5 :  0.004 0.015 0.003 0.005 0.961 0.009 0.004 
150  ZFCNS10    (0)    5 :  0.003 0.005 0.003 0.004 0.977 0.005 0.003 
151  ZFCNS11    (0)    5 :  0.005 0.004 0.004 0.005 0.976 0.004 0.003 
152  ZFCNS15    (0)    5 :  0.004 0.005 0.003 0.004 0.971 0.011 0.004 
153  ZFCNS17    (0)    5 :  0.003 0.005 0.003 0.009 0.971 0.005 0.003 
154  ZFCNS18    (0)    5 :  0.003 0.004 0.002 0.005 0.978 0.005 0.003 
155  ZFCNS19    (0)    5 :  0.004 0.004 0.003 0.006 0.977 0.003 0.003 
156  ZFCNS20    (0)    5 :  0.004 0.012 0.003 0.008 0.959 0.011 0.004 
157  ZFCNS21    (0)    5 :  0.003 0.003 0.002 0.006 0.980 0.003 0.003 
158  ZFCNS22    (0)    5 :  0.004 0.006 0.003 0.006 0.965 0.011 0.005 
159  ZFCNS23    (0)    5 :  0.010 0.015 0.011 0.024 0.927 0.007 0.006 
160  ZFCNS24    (0)    5 :  0.004 0.005 0.003 0.018 0.963 0.005 0.003 
161  ZFCNS25    (0)    5 :  0.004 0.007 0.003 0.010 0.966 0.008 0.003 
162  ZFCNS26    (0)    5 :  0.003 0.004 0.003 0.004 0.977 0.006 0.004 
163  ZFCNS27    (0)    5 :  0.004 0.006 0.003 0.004 0.963 0.017 0.004 
164  ZFCNS28    (0)    5 :  0.003 0.005 0.003 0.006 0.974 0.004 0.005 
165  ZFCNS29    (0)    5 :  0.004 0.005 0.003 0.010 0.968 0.007 0.004 
166  ZFCNS30    (0)    5 :  0.004 0.003 0.003 0.007 0.976 0.004 0.004 
167  ZFCNS31    (0)    5 :  0.004 0.004 0.003 0.004 0.977 0.005 0.004 
168  ZFCNS32    (0)    5 :  0.003 0.005 0.003 0.006 0.974 0.004 0.004 
169  ZFCNS33    (0)    5 :  0.003 0.005 0.003 0.005 0.977 0.004 0.003 
170  ZFCNS34    (0)    5 :  0.004 0.005 0.003 0.016 0.964 0.005 0.004 
171  ZFCNS35    (0)    5 :  0.003 0.004 0.003 0.005 0.976 0.004 0.005 
172  ZFCNS36    (0)    5 :  0.003 0.007 0.003 0.029 0.950 0.005 0.003 
173  ZFCNS37    (0)    5 :  0.004 0.003 0.003 0.006 0.977 0.004 0.003 
174  ZFCNS39    (0)    5 :  0.004 0.005 0.003 0.006 0.976 0.004 0.002 
175  ZFCNS40    (0)    5 :  0.004 0.014 0.003 0.019 0.952 0.005 0.003 
176  ZFCNS41    (0)    5 :  0.007 0.004 0.004 0.009 0.961 0.009 0.005 
177  ZFCNS42    (0)    5 :  0.003 0.004 0.002 0.005 0.978 0.005 0.003 
178  ZFCNS43    (0)    5 :  0.003 0.003 0.003 0.008 0.977 0.003 0.003 
179  ZFCNS44    (0)    5 :  0.003 0.003 0.003 0.006 0.978 0.005 0.003 
180  ZFCNS46    (0)    5 :  0.004 0.004 0.003 0.006 0.975 0.006 0.003 
181  ZFCNS47    (0)    5 :  0.003 0.004 0.002 0.005 0.979 0.004 0.003 
182  ZFCNS48    (0)    5 :  0.004 0.005 0.003 0.005 0.975 0.005 0.003 
183  ZFCNS49    (0)    5 :  0.003 0.004 0.003 0.003 0.978 0.007 0.003 
184   ZFCR01    (0)    6 :  0.397 0.026 0.027 0.014 0.004 0.051 0.481 
185   ZFCR02    (0)    6 :  0.863 0.016 0.014 0.030 0.007 0.018 0.053 
186   ZFCR03    (0)    6 :  0.368 0.032 0.127 0.062 0.005 0.057 0.349 
187   ZFCR04    (0)    6 :  0.072 0.041 0.035 0.025 0.027 0.029 0.770 
188   ZFCR05    (0)    6 :  0.886 0.005 0.009 0.022 0.003 0.005 0.070 
189   ZFCR06    (0)    6 :  0.560 0.035 0.009 0.025 0.123 0.103 0.145 
190   ZFCR07    (0)    6 :  0.899 0.004 0.009 0.014 0.042 0.009 0.023 
191   ZFCR08    (0)    6 :  0.457 0.066 0.105 0.192 0.011 0.024 0.144 
192   ZFCR09    (0)    6 :  0.054 0.020 0.479 0.049 0.050 0.223 0.124 
193   ZFCR11    (0)    6 :  0.757 0.003 0.010 0.010 0.057 0.032 0.130 
194   ZFCR12    (0)    6 :  0.748 0.029 0.004 0.013 0.167 0.025 0.013 
195   ZFCR13    (0)    6 :  0.879 0.006 0.003 0.006 0.009 0.087 0.010 
196   ZFCR14    (0)    6 :  0.927 0.014 0.005 0.011 0.006 0.008 0.029 
197   ZFCR15    (0)    6 :  0.753 0.057 0.012 0.023 0.010 0.029 0.116 
198   ZFCR16    (0)    6 :  0.836 0.033 0.007 0.012 0.005 0.025 0.083 
199   ZFCR18    (0)    6 :  0.099 0.022 0.008 0.074 0.018 0.033 0.747 
200   ZFCR19    (0)    6 :  0.460 0.189 0.106 0.018 0.010 0.037 0.179 
201   ZFCR20    (0)    6 :  0.213 0.019 0.042 0.024 0.012 0.153 0.537 
202   ZFCR21    (0)    6 :  0.927 0.010 0.003 0.022 0.006 0.013 0.018 
203   ZFCR22    (0)    6 :  0.948 0.020 0.005 0.006 0.005 0.009 0.007 
204   ZFCR23    (0)    6 :  0.712 0.007 0.024 0.004 0.015 0.215 0.023 
205   ZFCR24    (9)    6 :  0.309 0.007 0.019 0.010 0.006 0.539 0.111 
206   ZFCR25    (0)    6 :  0.963 0.003 0.006 0.006 0.004 0.004 0.014 
207   ZFCR26    (0)    6 :  0.872 0.020 0.058 0.017 0.006 0.016 0.010 
208   ZFCR27    (9)    6 :  0.907 0.003 0.037 0.005 0.003 0.003 0.043 
209   ZFCR28    (0)    6 :  0.652 0.112 0.007 0.012 0.026 0.182 0.010 
210   ZFCR29    (0)    6 :  0.825 0.007 0.007 0.012 0.005 0.019 0.125 
211   ZFCR30    (0)    6 :  0.964 0.006 0.006 0.006 0.006 0.005 0.009 
212   ZFCR31    (0)    6 :  0.299 0.046 0.078 0.020 0.085 0.130 0.341 
213   ZFCR33    (0)    6 :  0.855 0.009 0.064 0.033 0.009 0.009 0.020 
214   ZFCR34    (0)    6 :  0.822 0.020 0.022 0.023 0.031 0.040 0.043 
215   ZFCR35    (0)    6 :  0.091 0.013 0.014 0.030 0.016 0.013 0.824 
216   ZFCR36    (0)    6 :  0.862 0.006 0.013 0.008 0.010 0.009 0.092 
217   ZFCR37    (0)    6 :  0.926 0.004 0.011 0.032 0.004 0.004 0.019 
218   ZFCR38    (0)    6 :  0.873 0.008 0.054 0.030 0.007 0.006 0.024 
219   ZFCR39    (0)    6 :  0.243 0.091 0.414 0.151 0.009 0.072 0.020 
220   ZFCR40    (0)    6 :  0.867 0.005 0.053 0.027 0.008 0.013 0.027 
221   ZFCR41    (0)    6 :  0.896 0.014 0.003 0.035 0.031 0.011 0.011 
222   ZFCR42    (0)    6 :  0.887 0.021 0.012 0.033 0.015 0.023 0.009 
223   ZFCR43    (0)    6 :  0.824 0.006 0.006 0.006 0.006 0.099 0.053 
224  ZFENP25    (0)    7 :  0.887 0.012 0.008 0.021 0.004 0.011 0.058 
225  ZFENP26    (0)    7 :  0.948 0.003 0.022 0.005 0.004 0.003 0.014 
226  ZFENP27    (0)    7 :  0.217 0.009 0.081 0.401 0.051 0.013 0.227 
227  ZFENP28    (0)    7 :  0.923 0.004 0.029 0.012 0.006 0.004 0.021 
228  ZFENP29    (0)    7 :  0.967 0.003 0.009 0.008 0.004 0.004 0.005 
229  ZFENP30    (0)    7 :  0.878 0.006 0.035 0.063 0.006 0.004 0.009 
230  ZFENP31    (0)    7 :  0.048 0.006 0.810 0.094 0.010 0.012 0.020 
231  ZFENP32    (0)    7 :  0.176 0.007 0.441 0.039 0.053 0.029 0.255 
232  ZFENP33    (0)    7 :  0.922 0.003 0.021 0.008 0.006 0.005 0.036 
233  ZFENP34    (0)    7 :  0.240 0.007 0.021 0.050 0.020 0.014 0.648 
234  ZFENP35    (0)    7 :  0.832 0.005 0.105 0.007 0.019 0.010 0.022 
235  ZFENP36    (0)    7 :  0.947 0.002 0.024 0.004 0.006 0.003 0.013 
236  ZFENP37    (0)    7 :  0.848 0.004 0.039 0.013 0.009 0.007 0.081 
237  ZFENP38    (0)    7 :  0.949 0.005 0.010 0.013 0.011 0.005 0.008 
238  ZFENP39    (0)    7 :  0.914 0.003 0.029 0.013 0.004 0.003 0.034 
239  ZFENP40    (0)    7 :  0.802 0.004 0.098 0.011 0.006 0.008 0.070 
240  ZFENP41    (0)    7 :  0.774 0.011 0.058 0.115 0.008 0.006 0.027 
241  ZFENP42    (0)    7 :  0.721 0.004 0.259 0.006 0.004 0.003 0.004 
242  ZFENP43    (0)    7 :  0.874 0.004 0.020 0.035 0.048 0.006 0.013 
243  ZFENP44    (0)    7 :  0.784 0.003 0.139 0.029 0.022 0.010 0.013 
244  ZFENP45    (0)    7 :  0.491 0.311 0.129 0.027 0.013 0.019 0.010 
245  ZFENP46    (0)    7 :  0.934 0.003 0.022 0.003 0.013 0.009 0.016 
246  ZFENP47    (0)    7 :  0.082 0.204 0.546 0.106 0.004 0.013 0.045 
247  ZFENP48    (0)    7 :  0.234 0.027 0.053 0.121 0.015 0.033 0.517 
248  ZFENP49    (0)    7 :  0.863 0.014 0.023 0.033 0.007 0.015 0.046 
249  ZFENP50    (0)    7 :  0.912 0.007 0.030 0.004 0.008 0.031 0.008 
250  ZFENP51    (0)    7 :  0.202 0.072 0.664 0.015 0.008 0.005 0.034 
251  ZFENP52    (0)    7 :  0.943 0.003 0.011 0.017 0.019 0.004 0.003 
252  ZFENP53    (0)    7 :  0.915 0.014 0.025 0.007 0.011 0.021 0.007 
253  ZFENP54    (0)    7 :  0.897 0.008 0.009 0.026 0.008 0.038 0.013 
254  ZFENP55    (0)    7 :  0.944 0.004 0.010 0.004 0.004 0.005 0.028 
255  ZFENP56    (0)    7 :  0.955 0.004 0.014 0.006 0.009 0.003 0.009 
256  ZFENP57    (0)    7 :  0.831 0.003 0.129 0.005 0.011 0.004 0.017 
257  ZFENP58    (0)    7 :  0.825 0.069 0.016 0.058 0.013 0.008 0.011 
258  ZFENP59    (0)    7 :  0.650 0.004 0.155 0.164 0.005 0.006 0.017 
259  ZFENP60    (0)    7 :  0.873 0.008 0.024 0.010 0.006 0.008 0.070 
260  ZFENP61    (0)    7 :  0.923 0.002 0.018 0.014 0.003 0.003 0.037 
261 ZFFDSP01    (0)    8 :  0.004 0.017 0.003 0.004 0.026 0.940 0.005 
262 ZFFDSP02    (0)    8 :  0.004 0.006 0.002 0.004 0.006 0.975 0.003 
263 ZFFDSP04    (0)    8 :  0.003 0.015 0.002 0.004 0.005 0.965 0.006 
264 ZFFDSP05    (0)    8 :  0.005 0.011 0.003 0.004 0.013 0.960 0.004 
265 ZFFDSP06    (0)    8 :  0.003 0.012 0.002 0.006 0.005 0.968 0.003 
266 ZFFDSP07    (0)    8 :  0.006 0.032 0.005 0.015 0.006 0.933 0.004 
267 ZFFDSP08    (0)    8 :  0.006 0.072 0.004 0.015 0.017 0.883 0.003 
268 ZFFDSP10    (0)    8 :  0.005 0.011 0.003 0.005 0.009 0.963 0.004 
269 ZFFDSP11    (0)    8 :  0.004 0.008 0.004 0.005 0.005 0.970 0.004 
270 ZFFDSP12    (0)    8 :  0.003 0.009 0.003 0.004 0.006 0.972 0.003 
271 ZFFDSP13    (0)    8 :  0.008 0.006 0.004 0.018 0.423 0.538 0.004 
272 ZFFDSP14    (0)    8 :  0.004 0.021 0.003 0.007 0.004 0.956 0.004 
273 ZFFDSP16    (0)    8 :  0.007 0.004 0.004 0.006 0.014 0.958 0.006 
274 ZFFDSP17    (0)    8 :  0.004 0.010 0.002 0.005 0.007 0.967 0.004 
275 ZFFDSP18    (0)    8 :  0.003 0.016 0.002 0.005 0.006 0.960 0.007 
276 ZFFDSP19    (0)    8 :  0.004 0.021 0.003 0.019 0.059 0.888 0.007 
277 ZFFDSP21    (0)    8 :  0.004 0.006 0.002 0.014 0.105 0.865 0.004 
278 ZFFDSP22    (0)    8 :  0.004 0.070 0.002 0.006 0.006 0.909 0.003 
279 ZFFDSP23    (0)    8 :  0.004 0.114 0.002 0.005 0.024 0.848 0.003 
280 ZFFDSP24    (0)    8 :  0.004 0.007 0.003 0.005 0.051 0.924 0.005 
281 ZFFDSP26    (9)    8 :  0.004 0.013 0.003 0.005 0.017 0.955 0.003 
282 ZFFDSP27    (0)    8 :  0.003 0.007 0.003 0.004 0.011 0.968 0.005 
283 ZFFDSP28    (0)    8 :  0.015 0.007 0.022 0.014 0.010 0.878 0.054 
284 ZFFDSP30    (0)    8 :  0.005 0.008 0.007 0.007 0.200 0.751 0.023 
285 ZFFDSP31    (0)    8 :  0.005 0.006 0.002 0.006 0.012 0.964 0.005 
286 ZFFDSP32    (0)    8 :  0.004 0.006 0.003 0.004 0.007 0.974 0.003 
287 ZFFDSP33    (0)    8 :  0.003 0.006 0.003 0.003 0.008 0.974 0.003 
288 ZFFDSP34    (0)    8 :  0.003 0.012 0.002 0.006 0.009 0.964 0.003 
289 ZFFDSP35    (0)    8 :  0.004 0.007 0.003 0.004 0.015 0.963 0.005 
290 ZFFDSP37    (0)    8 :  0.004 0.004 0.003 0.004 0.007 0.973 0.005 
291 ZFFDSP38    (0)    8 :  0.003 0.005 0.003 0.004 0.008 0.972 0.005 
292 ZFFDSP39    (0)    8 :  0.003 0.009 0.002 0.003 0.053 0.926 0.003 
293 ZFFDSP40    (0)    8 :  0.004 0.005 0.002 0.003 0.029 0.952 0.005 
294 ZFFDSP42    (0)    8 :  0.004 0.052 0.002 0.005 0.019 0.913 0.004 
295 ZFFDSP43    (0)    8 :  0.003 0.009 0.002 0.004 0.013 0.964 0.004 
296 ZFFDSP44    (0)    8 :  0.004 0.005 0.003 0.004 0.018 0.961 0.005 
297 ZFFDSP45    (0)    8 :  0.004 0.005 0.002 0.005 0.010 0.969 0.005 
298 ZFFDSP46    (0)    8 :  0.004 0.007 0.002 0.005 0.013 0.963 0.005 
299 ZFFDSP47    (0)    8 :  0.004 0.016 0.003 0.004 0.180 0.789 0.004 
300 ZFFDSP48    (0)    8 :  0.004 0.007 0.003 0.005 0.109 0.869 0.004 
301    ZFI01    (0)    9 :  0.008 0.004 0.021 0.008 0.006 0.005 0.948 
302    ZFI02    (0)    9 :  0.006 0.004 0.011 0.004 0.007 0.005 0.964 
303    ZFI03    (0)    9 :  0.005 0.003 0.004 0.005 0.006 0.004 0.974 
304    ZFI04    (0)    9 :  0.007 0.003 0.013 0.004 0.005 0.004 0.963 
305    ZFI05    (0)    9 :  0.007 0.003 0.005 0.004 0.013 0.005 0.962 
306    ZFI06    (0)    9 :  0.008 0.003 0.010 0.004 0.043 0.011 0.921 
307    ZFI07    (0)    9 :  0.006 0.003 0.005 0.005 0.005 0.004 0.973 
308    ZFI08    (0)    9 :  0.011 0.003 0.008 0.005 0.004 0.003 0.965 
309    ZFI09    (0)    9 :  0.007 0.003 0.008 0.004 0.005 0.003 0.969 
310    ZFI10    (0)    9 :  0.007 0.004 0.012 0.004 0.028 0.006 0.940 
311    ZFI11    (0)    9 :  0.006 0.003 0.012 0.005 0.005 0.003 0.966 
312    ZFI12    (0)    9 :  0.007 0.003 0.004 0.005 0.009 0.004 0.968 
313    ZFI13    (0)    9 :  0.007 0.002 0.006 0.006 0.006 0.004 0.969 
314    ZFI14    (0)    9 :  0.004 0.003 0.005 0.005 0.008 0.011 0.964 
315    ZFI15    (0)    9 :  0.005 0.002 0.004 0.004 0.004 0.004 0.976 
316    ZFI16    (0)    9 :  0.004 0.002 0.003 0.004 0.006 0.003 0.978 
317    ZFI17    (0)    9 :  0.007 0.003 0.008 0.004 0.008 0.004 0.967 
318    ZFI18    (0)    9 :  0.005 0.002 0.007 0.003 0.005 0.003 0.974 
319    ZFI19    (9)    9 :  0.006 0.002 0.005 0.003 0.005 0.003 0.976 
320    ZFI20    (0)    9 :  0.005 0.003 0.004 0.004 0.006 0.005 0.974 
321    ZFI21    (0)    9 :  0.004 0.003 0.004 0.004 0.019 0.015 0.951 
322    ZFI22    (0)    9 :  0.005 0.004 0.008 0.006 0.004 0.005 0.969 
323    ZFI23    (0)    9 :  0.005 0.002 0.004 0.004 0.006 0.004 0.975 
324    ZFI24    (0)    9 :  0.006 0.003 0.004 0.006 0.007 0.004 0.969 
325    ZFI25    (0)    9 :  0.007 0.003 0.004 0.005 0.005 0.005 0.971 
326    ZFI26    (0)    9 :  0.006 0.003 0.004 0.006 0.004 0.004 0.973 
327    ZFI27    (0)    9 :  0.008 0.003 0.005 0.005 0.022 0.005 0.952 
328    ZFK01    (0)    9 :  0.009 0.007 0.011 0.947 0.012 0.009 0.005 
329    ZFK02    (0)   10 :  0.013 0.007 0.009 0.942 0.013 0.009 0.007 
330    ZFK03    (0)   10 :  0.009 0.005 0.019 0.943 0.009 0.009 0.006 
331    ZFK04    (0)   10 :  0.012 0.006 0.097 0.855 0.010 0.007 0.015 
332    ZFK05    (0)   10 :  0.008 0.005 0.152 0.811 0.009 0.005 0.011 
333    ZFK06    (0)   10 :  0.029 0.004 0.014 0.923 0.007 0.005 0.018 
334    ZFK07    (0)   10 :  0.009 0.007 0.019 0.942 0.010 0.008 0.004 
335    ZFK08    (0)   10 :  0.049 0.006 0.152 0.760 0.006 0.010 0.016 
336    ZFK10    (0)   10 :  0.013 0.005 0.022 0.931 0.007 0.007 0.015 
337    ZFK11    (0)   10 :  0.015 0.004 0.043 0.916 0.007 0.007 0.007 
338    ZFK12    (0)   10 :  0.020 0.013 0.009 0.933 0.010 0.012 0.004 
339    ZFK13    (0)   10 :  0.011 0.011 0.030 0.885 0.016 0.043 0.004 
340    ZFK14    (0)   10 :  0.006 0.011 0.012 0.942 0.013 0.012 0.004 
341    ZFK15    (0)   10 :  0.016 0.009 0.149 0.743 0.021 0.054 0.007 
342    ZFK16    (0)   10 :  0.010 0.010 0.012 0.930 0.015 0.020 0.003 
343   ZFLB01    (0)   11 :  0.005 0.004 0.967 0.003 0.006 0.009 0.006 
344   ZFLB02    (0)   11 :  0.033 0.005 0.921 0.003 0.004 0.004 0.030 
345   ZFLB03    (0)   11 :  0.025 0.006 0.917 0.006 0.030 0.006 0.011 
346   ZFLB04    (0)   11 :  0.007 0.006 0.771 0.007 0.170 0.028 0.011 
347   ZFLB05    (0)   11 :  0.006 0.003 0.962 0.003 0.013 0.005 0.008 
348   ZFLB06    (0)   11 :  0.005 0.004 0.965 0.010 0.005 0.007 0.004 
349   ZFLB07    (0)   11 :  0.047 0.013 0.716 0.027 0.162 0.029 0.005 
350   ZFLB08    (0)   11 :  0.021 0.004 0.938 0.004 0.006 0.004 0.022 
351   ZFLB09    (9)   11 :  0.005 0.003 0.972 0.005 0.004 0.005 0.005 
352   ZFLB10    (0)   11 :  0.004 0.003 0.975 0.004 0.006 0.004 0.005 
353   ZFLB11    (0)   11 :  0.007 0.008 0.959 0.012 0.006 0.006 0.003 
354   ZFLB12    (0)   11 :  0.005 0.003 0.977 0.005 0.003 0.003 0.004 
355   ZFLB13    (0)   11 :  0.024 0.005 0.932 0.012 0.011 0.011 0.005 
356  ZFLTI01    (0)   12 :  0.006 0.034 0.002 0.057 0.709 0.187 0.005 
357  ZFLTI02    (0)   12 :  0.005 0.013 0.002 0.037 0.912 0.025 0.005 
358  ZFLTI03    (0)   12 :  0.004 0.012 0.002 0.008 0.944 0.025 0.004 
359  ZFLTI04    (0)   12 :  0.006 0.007 0.003 0.011 0.928 0.039 0.006 
360  ZFLTI05    (0)   12 :  0.003 0.006 0.002 0.006 0.962 0.016 0.004 
361  ZFLTI06    (0)   12 :  0.004 0.026 0.003 0.008 0.781 0.173 0.005 
362  ZFLTI07    (0)   12 :  0.006 0.007 0.002 0.009 0.833 0.136 0.007 
363  ZFLTI08    (0)   12 :  0.005 0.006 0.002 0.006 0.958 0.015 0.008 
364  ZFLTI09    (0)   12 :  0.005 0.006 0.003 0.007 0.819 0.151 0.010 
365  ZFLTI10    (0)   12 :  0.005 0.007 0.002 0.018 0.601 0.360 0.006 
366  ZFLTI11    (0)   12 :  0.004 0.035 0.003 0.007 0.870 0.076 0.006 
367  ZFLTI12    (0)   12 :  0.005 0.026 0.002 0.020 0.874 0.067 0.005 
368  ZFLTI13    (0)   12 :  0.007 0.011 0.002 0.013 0.950 0.012 0.004 
369  ZFLTI14    (0)   12 :  0.005 0.005 0.002 0.040 0.923 0.020 0.006 
370 ZFONF101    (0)   13 :  0.003 0.007 0.002 0.002 0.004 0.979 0.003 
371 ZFONF102    (0)   13 :  0.006 0.024 0.011 0.003 0.004 0.947 0.005 
372 ZFONF103    (0)   13 :  0.007 0.018 0.003 0.015 0.060 0.892 0.005 
373 ZFONF104    (0)   13 :  0.002 0.026 0.002 0.004 0.005 0.958 0.002 
374 ZFONF105    (0)   13 :  0.004 0.135 0.003 0.005 0.018 0.832 0.003 
375 ZFONF106    (0)   13 :  0.002 0.007 0.002 0.004 0.005 0.975 0.004 
376 ZFONF107    (0)   13 :  0.022 0.008 0.051 0.017 0.016 0.864 0.022 
377 ZFONF108    (0)   13 :  0.006 0.009 0.008 0.017 0.018 0.937 0.005 
378 ZFONF109    (9)   13 :  0.004 0.030 0.005 0.017 0.016 0.922 0.006 
379 ZFONF110    (0)   13 :  0.003 0.014 0.002 0.005 0.007 0.967 0.002 
380 ZFONF111    (0)   13 :  0.026 0.018 0.016 0.008 0.014 0.905 0.012 
381 ZFONF112    (0)   13 :  0.003 0.197 0.003 0.008 0.015 0.767 0.007 
382 ZFONF113    (9)   13 :  0.005 0.009 0.004 0.006 0.011 0.962 0.003 
383 ZFONF115    (0)   13 :  0.004 0.015 0.003 0.006 0.010 0.957 0.005 
384 ZFONF116    (0)   13 :  0.005 0.024 0.003 0.006 0.009 0.949 0.005 
385 ZFONF117    (0)   13 :  0.006 0.047 0.004 0.011 0.356 0.573 0.004 
386 ZFONF118    (0)   13 :  0.004 0.014 0.002 0.009 0.017 0.947 0.007 
387 ZFONF119    (0)   13 :  0.004 0.027 0.006 0.010 0.005 0.945 0.003 
388 ZFONF120    (0)   13 :  0.005 0.049 0.006 0.022 0.007 0.908 0.003 
389 ZFONF121    (0)   13 :  0.004 0.113 0.004 0.005 0.007 0.862 0.004 
390 ZFONF122    (0)   13 :  0.007 0.007 0.003 0.023 0.076 0.877 0.007 
391 ZFONF123    (0)   13 :  0.009 0.023 0.035 0.005 0.004 0.918 0.005 
392 ZFONF124    (0)   13 :  0.004 0.026 0.005 0.008 0.008 0.945 0.003 
393 ZFONF125    (0)   13 :  0.027 0.164 0.046 0.034 0.010 0.713 0.006 
394 ZFONF126    (0)   13 :  0.006 0.009 0.003 0.013 0.013 0.950 0.005 
395 ZFONF201    (0)   14 :  0.014 0.668 0.027 0.041 0.013 0.114 0.122 
396 ZFONF202    (0)   14 :  0.004 0.935 0.002 0.010 0.005 0.041 0.004 
397 ZFONF203    (0)   14 :  0.005 0.970 0.003 0.007 0.004 0.008 0.004 
398 ZFONF204    (0)   14 :  0.008 0.938 0.007 0.028 0.006 0.006 0.008 
399 ZFONF206    (0)   14 :  0.018 0.940 0.014 0.008 0.004 0.005 0.011 
400 ZFONF207    (0)   14 :  0.005 0.973 0.003 0.004 0.005 0.007 0.003 
401 ZFONF208    (0)   14 :  0.005 0.909 0.004 0.009 0.014 0.054 0.005 
402 ZFONF209    (0)   14 :  0.008 0.927 0.008 0.026 0.011 0.008 0.012 
403 ZFONF210    (0)   14 :  0.003 0.969 0.002 0.004 0.009 0.010 0.003 
404 ZFONF211    (0)   14 :  0.011 0.907 0.012 0.014 0.020 0.033 0.004 
405 ZFONF212    (0)   14 :  0.003 0.969 0.002 0.003 0.008 0.012 0.003 
406 ZFONF214    (0)   14 :  0.007 0.943 0.005 0.007 0.005 0.030 0.003 
407 ZFONF215    (0)   14 :  0.003 0.967 0.002 0.005 0.005 0.016 0.003 
408 ZFONF216    (0)   14 :  0.003 0.976 0.003 0.004 0.006 0.005 0.002 
409 ZFONF217    (0)   14 :  0.003 0.937 0.003 0.005 0.006 0.043 0.003 
410 ZFONF218    (0)   14 :  0.006 0.969 0.007 0.003 0.005 0.005 0.003 
411 ZFONF219    (0)   14 :  0.002 0.983 0.002 0.003 0.003 0.005 0.002 
412 ZFONF220    (0)   14 :  0.003 0.952 0.003 0.006 0.004 0.028 0.003 
413 ZFONF222    (0)   14 :  0.005 0.974 0.007 0.003 0.004 0.004 0.003 
414 ZFONF223    (0)   14 :  0.007 0.968 0.007 0.004 0.003 0.007 0.004 
415 ZFONF224    (0)   14 :  0.003 0.981 0.002 0.003 0.004 0.004 0.002 
416 ZFONF225    (0)   14 :  0.003 0.977 0.002 0.004 0.004 0.008 0.002 
417 ZFONF226    (0)   14 :  0.004 0.971 0.003 0.006 0.005 0.008 0.003 
418 ZFONF227    (0)   14 :  0.002 0.982 0.002 0.003 0.004 0.005 0.002 
419 ZFONF228    (0)   14 :  0.004 0.959 0.004 0.005 0.012 0.011 0.005 
420 ZFONF230    (0)   14 :  0.003 0.971 0.002 0.004 0.004 0.013 0.002 
421 ZFONF231    (0)   14 :  0.005 0.970 0.004 0.006 0.005 0.008 0.002 
422 ZFONF232    (0)   14 :  0.003 0.979 0.002 0.003 0.004 0.008 0.002 
423 ZFONF233    (0)   14 :  0.003 0.978 0.003 0.005 0.004 0.005 0.002 
424 ZFONF234    (0)   14 :  0.015 0.932 0.005 0.012 0.016 0.014 0.006 
425 ZFONF235    (0)   14 :  0.003 0.983 0.002 0.003 0.003 0.004 0.002 
426 ZFONF236    (0)   14 :  0.016 0.877 0.015 0.023 0.029 0.014 0.026 
427 ZFONF238    (0)   14 :  0.004 0.975 0.002 0.005 0.004 0.007 0.003 
428 ZFONF239    (0)   14 :  0.005 0.965 0.004 0.011 0.004 0.004 0.007 
429 ZFONF240    (0)   14 :  0.003 0.978 0.002 0.005 0.004 0.006 0.002 
430 ZFONF241    (0)   14 :  0.007 0.942 0.004 0.005 0.015 0.016 0.010 
431 ZFONF242    (0)   14 :  0.003 0.975 0.002 0.005 0.004 0.008 0.002 
432 ZFONF243    (0)   14 :  0.003 0.968 0.003 0.004 0.011 0.006 0.003 
433 ZFONF244    (0)   14 :  0.003 0.976 0.002 0.004 0.004 0.008 0.002 
434 ZFONF245    (0)   14 :  0.003 0.977 0.002 0.004 0.006 0.005 0.002 
435   ZFOS01    (0)   15 :  0.006 0.008 0.003 0.943 0.017 0.020 0.003 
436   ZFOS02    (0)   15 :  0.010 0.008 0.007 0.896 0.021 0.038 0.020 
437   ZFOS03    (0)   15 :  0.009 0.005 0.022 0.937 0.006 0.011 0.010 
438   ZFOS04    (0)   15 :  0.008 0.006 0.004 0.815 0.042 0.103 0.022 
439   ZFOS05    (0)   15 :  0.007 0.012 0.003 0.904 0.024 0.040 0.008 
440   ZFOS06    (0)   15 :  0.009 0.014 0.005 0.938 0.017 0.012 0.005 
441   ZFOS07    (0)   15 :  0.005 0.004 0.004 0.960 0.005 0.006 0.016 
442   ZFOS08    (0)   15 :  0.005 0.006 0.003 0.925 0.018 0.015 0.028 
443   ZFOS09    (0)   15 :  0.018 0.009 0.012 0.823 0.023 0.096 0.019 
444   ZFOS10    (0)   15 :  0.010 0.002 0.013 0.940 0.007 0.004 0.023 
445   ZFOS11    (0)   15 :  0.083 0.007 0.008 0.664 0.197 0.017 0.023 
446   ZFOS12    (0)   15 :  0.223 0.008 0.027 0.642 0.030 0.032 0.039 
447   ZFOS13    (0)   15 :  0.009 0.004 0.006 0.942 0.015 0.012 0.013 
448   ZFOS14    (0)   15 :  0.037 0.006 0.013 0.722 0.097 0.011 0.113 
449   ZFOS15    (0)   15 :  0.004 0.003 0.004 0.976 0.004 0.003 0.006 
450   ZFOS16    (0)   15 :  0.008 0.009 0.009 0.888 0.031 0.043 0.012 
451   ZFOS17    (0)   15 :  0.007 0.005 0.005 0.966 0.006 0.004 0.007 
452   ZFOS18    (0)   15 :  0.007 0.002 0.006 0.962 0.010 0.005 0.008 
453   ZFOS19    (0)   15 :  0.007 0.004 0.004 0.973 0.004 0.004 0.004 
454   ZFOS20    (0)   15 :  0.005 0.007 0.005 0.961 0.007 0.007 0.008 
455   ZFOS21    (0)   15 :  0.005 0.005 0.006 0.944 0.016 0.017 0.007 
456   ZFOS22    (0)   15 :  0.006 0.006 0.004 0.965 0.010 0.005 0.003 
457   ZFOS23    (0)   15 :  0.027 0.002 0.016 0.777 0.005 0.003 0.170 
458   ZFOS24    (0)   15 :  0.005 0.003 0.003 0.973 0.009 0.004 0.004 
459   ZFOS25    (0)   15 :  0.020 0.022 0.006 0.418 0.490 0.020 0.024 
460   ZFOS26    (0)   15 :  0.015 0.009 0.005 0.517 0.225 0.213 0.017 
461   ZFOS27    (0)   15 :  0.005 0.009 0.006 0.927 0.017 0.029 0.007 
462   ZFOS28    (0)   15 :  0.009 0.004 0.012 0.939 0.013 0.008 0.014 
463   ZFOS29    (0)   15 :  0.005 0.010 0.009 0.946 0.011 0.009 0.010 
464   ZFOS30    (0)   15 :  0.004 0.008 0.004 0.965 0.005 0.008 0.005 
465   ZFOS31    (0)   15 :  0.032 0.030 0.004 0.855 0.011 0.025 0.044 
466   ZFOS32    (0)   15 :  0.006 0.010 0.005 0.932 0.015 0.020 0.012 
467   ZFPB01    (0)   16 :  0.005 0.003 0.980 0.004 0.003 0.002 0.004 
468   ZFPB02    (0)   16 :  0.007 0.014 0.961 0.004 0.006 0.006 0.003 
469   ZFPB03    (0)   16 :  0.003 0.004 0.967 0.008 0.008 0.007 0.004 
470   ZFPB05    (0)   16 :  0.004 0.005 0.980 0.003 0.004 0.003 0.002 
471   ZFPB06    (0)   16 :  0.004 0.002 0.976 0.007 0.003 0.003 0.004 
472   ZFPB07    (0)   16 :  0.004 0.007 0.973 0.004 0.003 0.007 0.002 
473   ZFPB08    (0)   16 :  0.005 0.006 0.967 0.007 0.005 0.008 0.004 
474   ZFPB10    (0)   16 :  0.005 0.003 0.977 0.004 0.005 0.003 0.003 
475   ZFPB11    (0)   16 :  0.006 0.004 0.976 0.005 0.003 0.003 0.003 
476   ZFPB12    (0)   16 :  0.005 0.005 0.977 0.004 0.004 0.003 0.003 
477   ZFPB13    (0)   16 :  0.003 0.004 0.977 0.003 0.004 0.004 0.004 
478   ZFPB14    (0)   16 :  0.004 0.007 0.972 0.004 0.003 0.006 0.003 
479   ZFPB15    (0)   16 :  0.004 0.005 0.970 0.005 0.004 0.008 0.003 
480   ZFPB17    (0)   16 :  0.005 0.003 0.980 0.004 0.003 0.003 0.003 
481   ZFPB18    (0)   16 :  0.005 0.004 0.978 0.004 0.003 0.004 0.002 
482   ZFPB19    (0)   16 :  0.004 0.003 0.972 0.006 0.004 0.005 0.005 
483   ZFPB20    (0)   16 :  0.003 0.002 0.985 0.002 0.002 0.003 0.003 
484   ZFPB21    (0)   16 :  0.003 0.004 0.977 0.004 0.003 0.006 0.003 
485   ZFPB22    (0)   16 :  0.004 0.002 0.983 0.003 0.003 0.003 0.003 
486   ZFPB23    (0)   16 :  0.004 0.004 0.976 0.004 0.004 0.005 0.003 
487   ZFSF01    (0)   17 :  0.172 0.002 0.003 0.005 0.004 0.003 0.811 
488   ZFSF02    (0)   17 :  0.542 0.009 0.006 0.017 0.016 0.028 0.382 
489   ZFSF03    (0)   17 :  0.262 0.003 0.014 0.005 0.004 0.005 0.706 
490   ZFSF04    (0)   17 :  0.023 0.010 0.007 0.018 0.005 0.012 0.925 
491  ZFSW101    (0)   18 :  0.010 0.011 0.009 0.007 0.010 0.132 0.820 
492  ZFSW102    (0)   18 :  0.012 0.009 0.016 0.017 0.004 0.013 0.928 
493  ZFSW103    (0)   18 :  0.010 0.011 0.005 0.007 0.027 0.029 0.911 
494  ZFSW104    (9)   18 :  0.023 0.022 0.010 0.034 0.009 0.025 0.878 
495  ZFSW105    (0)   18 :  0.006 0.011 0.004 0.007 0.006 0.047 0.919 
496  ZFSW106    (0)   18 :  0.130 0.057 0.019 0.006 0.016 0.028 0.744 
497  ZFSW107    (0)   18 :  0.007 0.007 0.057 0.009 0.005 0.011 0.905 
498  ZFSW108    (0)   18 :  0.008 0.003 0.009 0.005 0.003 0.003 0.969 
499  ZFSW109    (0)   18 :  0.005 0.008 0.008 0.007 0.005 0.006 0.962 
500  ZFSW110    (0)   18 :  0.010 0.017 0.012 0.008 0.013 0.036 0.905 
501  ZFSW111    (0)   18 :  0.012 0.019 0.051 0.035 0.008 0.290 0.586 
502  ZFSW112    (0)   18 :  0.008 0.005 0.004 0.038 0.006 0.019 0.919 
503  ZFSW113    (0)   18 :  0.080 0.008 0.009 0.016 0.016 0.124 0.748 
504  ZFSW114    (0)   18 :  0.008 0.009 0.005 0.008 0.005 0.011 0.955 
