

----------------------------------------------------
STRUCTURE by Pritchard, Stephens and Donnelly (2000)
     and Falush, Stephens and Pritchard (2003)
       Code by Pritchard, Falush and Hubisz
             Version 2.3.4 (Jul 2012)
----------------------------------------------------



Command line arguments:   bin\structure -m C:\Users\eschumacher\Documents\GitHub\GCC_QUAC_ZAIN\Data_Files\Structure_Files\ZAIN\ZAIN_rebinned_wild\50-50\mainparams -e C:\Users\eschumacher\Documents\GitHub\GCC_QUAC_ZAIN\Data_Files\Structure_Files\ZAIN\ZAIN_rebinned_wild\50-50\extraparams 
Input File:    C:\Users\eschumacher\Documents\GitHub\GCC_QUAC_ZAIN\Data_Files\Structure_Files\ZAIN\ZAIN_rebinned_wild\project_data

Run parameters:
   751 individuals
   11 loci
   15 populations assumed
   50000 Burn-in period
   50000 Reps


--------------------------------------------
Proportion of membership of each pre-defined
 population in each of the 15 clusters

Given    Inferred Clusters                                                                                           Number of
 Pop       1      2      3      4      5      6      7      8      9     10     11     12     13     14     15      Individuals

  1:     0.018  0.011  0.008  0.005  0.004  0.007  0.005  0.006  0.015  0.009  0.020  0.005  0.872  0.004  0.010       35
  2:     0.007  0.005  0.017  0.095  0.056  0.421  0.018  0.202  0.005  0.120  0.004  0.020  0.005  0.015  0.008       36
  3:     0.005  0.005  0.009  0.052  0.078  0.296  0.008  0.437  0.006  0.038  0.005  0.021  0.004  0.023  0.012       33
  4:     0.008  0.011  0.035  0.009  0.006  0.009  0.840  0.024  0.006  0.007  0.017  0.008  0.006  0.009  0.007       40
  5:     0.003  0.003  0.006  0.039  0.007  0.010  0.007  0.006  0.005  0.009  0.003  0.009  0.004  0.884  0.006       39
  6:     0.608  0.019  0.013  0.018  0.012  0.023  0.017  0.022  0.094  0.023  0.029  0.012  0.041  0.014  0.054       40
  7:     0.068  0.052  0.049  0.010  0.008  0.012  0.020  0.011  0.606  0.008  0.059  0.022  0.021  0.011  0.044       37
  8:     0.004  0.005  0.006  0.037  0.032  0.128  0.006  0.225  0.003  0.517  0.003  0.014  0.005  0.010  0.006       40
  9:     0.010  0.080  0.040  0.005  0.004  0.005  0.005  0.005  0.007  0.005  0.007  0.003  0.804  0.012  0.007       28
 10:     0.004  0.005  0.910  0.007  0.004  0.007  0.018  0.008  0.004  0.006  0.006  0.006  0.005  0.005  0.005       14
 11:     0.006  0.015  0.017  0.012  0.005  0.009  0.006  0.009  0.049  0.008  0.806  0.005  0.008  0.036  0.007       13
 12:     0.004  0.007  0.007  0.859  0.010  0.016  0.018  0.009  0.003  0.024  0.002  0.008  0.004  0.022  0.006       14
 13:     0.005  0.005  0.007  0.017  0.724  0.065  0.007  0.103  0.005  0.021  0.005  0.020  0.004  0.008  0.007       25
 14:     0.005  0.006  0.005  0.008  0.010  0.012  0.007  0.030  0.005  0.013  0.005  0.877  0.005  0.006  0.006       40
 15:     0.022  0.009  0.026  0.051  0.012  0.030  0.724  0.019  0.010  0.024  0.008  0.007  0.024  0.017  0.018       32
 16:     0.003  0.003  0.005  0.004  0.004  0.005  0.004  0.005  0.006  0.004  0.941  0.004  0.003  0.004  0.003       20
 17:     0.248  0.022  0.013  0.008  0.006  0.009  0.006  0.008  0.037  0.022  0.007  0.005  0.462  0.004  0.144        4
 18:     0.374  0.295  0.011  0.007  0.010  0.020  0.009  0.031  0.008  0.030  0.014  0.007  0.167  0.005  0.011       23
 19:     0.009  0.914  0.006  0.004  0.004  0.005  0.006  0.005  0.008  0.005  0.006  0.004  0.014  0.004  0.007       39
 20:     0.016  0.048  0.022  0.005  0.005  0.007  0.005  0.006  0.011  0.006  0.801  0.004  0.048  0.004  0.011       38
 21:     0.005  0.004  0.007  0.648  0.016  0.056  0.009  0.036  0.006  0.034  0.004  0.047  0.005  0.114  0.011       45
 22:     0.005  0.005  0.021  0.304  0.058  0.248  0.012  0.125  0.010  0.052  0.008  0.018  0.005  0.121  0.008       28
 23:     0.048  0.520  0.005  0.005  0.006  0.005  0.008  0.006  0.024  0.009  0.008  0.006  0.336  0.007  0.007        6
 24:     0.016  0.019  0.010  0.011  0.006  0.007  0.006  0.007  0.019  0.006  0.006  0.013  0.014  0.011  0.849       40
 25:     0.035  0.011  0.018  0.017  0.007  0.015  0.009  0.008  0.769  0.006  0.048  0.011  0.017  0.010  0.018       42
--------------------------------------------

Allele-freq. divergence among pops (Net nucleotide distance),
computed using point estimates of P.

      1       2       3       4       5       6       7       8       9      10      11      12      13      14      15      
 1      -    0.1155  0.1909  0.1566  0.1850  0.1582  0.1331  0.1473  0.0733  0.1894  0.1540  0.2090  0.0980  0.2678  0.1219  
 2   0.1155     -    0.2804  0.2865  0.3153  0.2928  0.1912  0.2788  0.1241  0.3398  0.2266  0.3955  0.0984  0.3134  0.2077  
 3   0.1909  0.2804     -    0.1984  0.2293  0.2110  0.2064  0.2038  0.1628  0.2990  0.2387  0.2904  0.2597  0.2531  0.1908  
 4   0.1566  0.2865  0.1984     -    0.1444  0.0776  0.1788  0.0865  0.1718  0.0945  0.3072  0.1391  0.2723  0.1334  0.1314  
 5   0.1850  0.3153  0.2293  0.1444     -    0.0908  0.2310  0.1134  0.2328  0.1563  0.3327  0.1170  0.3017  0.2536  0.2314  
 6   0.1582  0.2928  0.2110  0.0776  0.0908     -    0.2546  0.0311  0.2030  0.0552  0.3000  0.1673  0.2609  0.2514  0.1889  
 7   0.1331  0.1912  0.2064  0.1788  0.2310  0.2546     -    0.2197  0.1639  0.2965  0.2737  0.2183  0.2249  0.2078  0.1971  
 8   0.1473  0.2788  0.2038  0.0865  0.1134  0.0311  0.2197     -    0.2156  0.0781  0.2889  0.1233  0.2720  0.2810  0.1535  
 9   0.0733  0.1241  0.1628  0.1718  0.2328  0.2030  0.1639  0.2156     -    0.2808  0.1133  0.2900  0.1354  0.2087  0.1220  
10   0.1894  0.3398  0.2990  0.0945  0.1563  0.0552  0.2965  0.0781  0.2808     -    0.3851  0.1823  0.2861  0.2931  0.2453  
11   0.1540  0.2266  0.2387  0.3072  0.3327  0.3000  0.2737  0.2889  0.1133  0.3851     -    0.3710  0.1870  0.3804  0.2681  
12   0.2090  0.3955  0.2904  0.1391  0.1170  0.1673  0.2183  0.1233  0.2900  0.1823  0.3710     -    0.3822  0.3021  0.1928  
13   0.0980  0.0984  0.2597  0.2723  0.3017  0.2609  0.2249  0.2720  0.1354  0.2861  0.1870  0.3822     -    0.3025  0.2284  
14   0.2678  0.3134  0.2531  0.1334  0.2536  0.2514  0.2078  0.2810  0.2087  0.2931  0.3804  0.3021  0.3025     -    0.2585  
15   0.1219  0.2077  0.1908  0.1314  0.2314  0.1889  0.1971  0.1535  0.1220  0.2453  0.2681  0.1928  0.2284  0.2585     -    

Average distances (expected heterozygosity) between individuals in same cluster:
cluster  1  : 0.6104 
cluster  2  : 0.3128 
cluster  3  : 0.2367 
cluster  4  : 0.4231 
cluster  5  : 0.3794 
cluster  6  : 0.3577 
cluster  7  : 0.3821 
cluster  8  : 0.3846 
cluster  9  : 0.5278 
cluster 10  : 0.2775 
cluster 11  : 0.4078 
cluster 12  : 0.3563 
cluster 13  : 0.4670 
cluster 14  : 0.2185 
cluster 15  : 0.3842 

--------------------------------------------
Estimated Ln Prob of Data   = -13269.8
Mean value of ln likelihood = -12688.8
Variance of ln likelihood   = 1162.0
Mean value of alpha         = 0.0329

Mean value of Fst_1         = 0.1603
Mean value of Fst_2         = 0.5295
Mean value of Fst_3         = 0.6571
Mean value of Fst_4         = 0.4156
Mean value of Fst_5         = 0.4125
Mean value of Fst_6         = 0.3738
Mean value of Fst_7         = 0.4171
Mean value of Fst_8         = 0.3781
Mean value of Fst_9         = 0.1740
Mean value of Fst_10         = 0.5651
Mean value of Fst_11         = 0.4442
Mean value of Fst_12         = 0.4357
Mean value of Fst_13         = 0.4744
Mean value of Fst_14         = 0.6723
Mean value of Fst_15         = 0.4303


Inferred ancestry of individuals:
        Label (%Miss) Pop:  Inferred clusters
  1    ZFB01    (0)    1 :  0.005 0.010 0.002 0.003 0.003 0.003 0.004 0.003 0.004 0.005 0.006 0.003 0.945 0.003 0.003 
  2    ZFB02    (0)    1 :  0.023 0.014 0.007 0.002 0.003 0.003 0.010 0.005 0.007 0.003 0.037 0.003 0.875 0.002 0.005 
  3    ZFB03    (0)    1 :  0.013 0.021 0.005 0.012 0.004 0.013 0.006 0.007 0.016 0.014 0.005 0.002 0.854 0.019 0.010 
  4    ZFB04    (0)    1 :  0.013 0.007 0.007 0.003 0.003 0.004 0.005 0.006 0.005 0.004 0.028 0.002 0.908 0.002 0.003 
  5    ZFB05    (0)    1 :  0.009 0.012 0.038 0.006 0.002 0.003 0.009 0.004 0.041 0.002 0.115 0.010 0.711 0.009 0.027 
  6    ZFB06    (0)    1 :  0.008 0.010 0.018 0.006 0.003 0.003 0.007 0.004 0.046 0.002 0.067 0.011 0.783 0.010 0.022 
  7    ZFB07    (9)    1 :  0.013 0.086 0.006 0.006 0.004 0.008 0.004 0.006 0.048 0.008 0.007 0.007 0.779 0.005 0.013 
  8    ZFB08    (0)    1 :  0.011 0.024 0.010 0.008 0.010 0.008 0.007 0.009 0.006 0.010 0.005 0.008 0.857 0.005 0.021 
  9    ZFB09    (0)    1 :  0.007 0.007 0.003 0.002 0.003 0.003 0.004 0.003 0.003 0.004 0.004 0.002 0.949 0.003 0.004 
 10    ZFB10    (0)    1 :  0.014 0.004 0.006 0.006 0.006 0.014 0.005 0.012 0.003 0.040 0.006 0.005 0.871 0.002 0.004 
 11    ZFB11    (0)    1 :  0.006 0.004 0.004 0.003 0.004 0.005 0.005 0.004 0.003 0.006 0.009 0.003 0.939 0.002 0.003 
 12    ZFB12    (0)    1 :  0.013 0.005 0.003 0.005 0.004 0.009 0.004 0.006 0.012 0.004 0.024 0.003 0.880 0.004 0.023 
 13    ZFB13    (0)    1 :  0.029 0.008 0.013 0.008 0.012 0.012 0.004 0.009 0.005 0.012 0.006 0.008 0.859 0.004 0.012 
 14    ZFB14    (0)    1 :  0.011 0.006 0.005 0.003 0.004 0.005 0.005 0.004 0.003 0.006 0.004 0.003 0.936 0.003 0.004 
 15    ZFB15    (0)    1 :  0.005 0.007 0.003 0.002 0.002 0.003 0.003 0.002 0.003 0.002 0.008 0.002 0.952 0.002 0.003 
 16    ZFB16    (0)    1 :  0.011 0.005 0.012 0.006 0.006 0.008 0.002 0.007 0.004 0.009 0.009 0.005 0.905 0.003 0.008 
 17    ZFB17    (0)    1 :  0.017 0.006 0.026 0.007 0.003 0.007 0.012 0.015 0.008 0.006 0.018 0.008 0.841 0.002 0.024 
 18    ZFB18    (0)    1 :  0.007 0.005 0.003 0.002 0.003 0.003 0.004 0.003 0.003 0.005 0.003 0.002 0.951 0.002 0.003 
 19    ZFB19    (0)    1 :  0.298 0.030 0.005 0.015 0.008 0.037 0.003 0.020 0.036 0.060 0.007 0.008 0.433 0.006 0.035 
 20    ZFB20    (0)    1 :  0.012 0.005 0.021 0.005 0.005 0.007 0.003 0.009 0.006 0.007 0.029 0.005 0.877 0.002 0.008 
 21    ZFB21    (0)    1 :  0.004 0.006 0.003 0.002 0.003 0.003 0.003 0.002 0.006 0.003 0.006 0.002 0.951 0.003 0.003 
 22    ZFB22    (0)    1 :  0.009 0.005 0.005 0.008 0.004 0.007 0.007 0.008 0.007 0.009 0.034 0.008 0.879 0.002 0.009 
 23    ZFB23    (0)    1 :  0.006 0.003 0.005 0.003 0.004 0.005 0.003 0.004 0.004 0.006 0.009 0.003 0.940 0.003 0.003 
 24    ZFB24    (0)    1 :  0.004 0.005 0.006 0.003 0.004 0.005 0.003 0.004 0.004 0.005 0.013 0.003 0.937 0.003 0.003 
 25    ZFB25    (0)    1 :  0.004 0.004 0.003 0.004 0.004 0.009 0.003 0.007 0.003 0.020 0.004 0.003 0.925 0.003 0.003 
 26    ZFB26    (0)    1 :  0.003 0.004 0.010 0.004 0.005 0.010 0.004 0.006 0.005 0.010 0.017 0.003 0.912 0.003 0.003 
 27    ZFB27    (0)    1 :  0.004 0.004 0.003 0.003 0.003 0.004 0.003 0.004 0.004 0.007 0.023 0.002 0.930 0.002 0.002 
 28    ZFB28    (0)    1 :  0.016 0.004 0.011 0.006 0.005 0.008 0.010 0.008 0.033 0.004 0.067 0.003 0.808 0.004 0.014 
 29    ZFB29    (0)    1 :  0.007 0.005 0.006 0.002 0.003 0.003 0.004 0.003 0.004 0.003 0.009 0.002 0.944 0.002 0.003 
 30    ZFB30    (0)    1 :  0.009 0.024 0.004 0.006 0.003 0.005 0.003 0.004 0.139 0.004 0.063 0.017 0.690 0.007 0.021 
 31    ZFB31    (0)    1 :  0.009 0.006 0.003 0.004 0.005 0.009 0.004 0.006 0.004 0.023 0.005 0.004 0.912 0.003 0.003 
 32    ZFB32    (0)    1 :  0.015 0.007 0.023 0.008 0.007 0.014 0.023 0.015 0.024 0.006 0.044 0.004 0.769 0.006 0.036 
 33    ZFB33    (0)    1 :  0.004 0.006 0.003 0.002 0.002 0.003 0.003 0.003 0.004 0.003 0.006 0.002 0.954 0.002 0.003 
 34    ZFB34    (0)    1 :  0.007 0.017 0.004 0.003 0.003 0.004 0.006 0.003 0.004 0.004 0.003 0.003 0.931 0.004 0.004 
 35    ZFB35    (0)    1 :  0.005 0.015 0.005 0.004 0.003 0.006 0.004 0.005 0.004 0.005 0.007 0.003 0.924 0.004 0.004 
 36  ZFBP101    (0)    2 :  0.012 0.004 0.089 0.139 0.026 0.364 0.055 0.150 0.006 0.071 0.005 0.040 0.008 0.017 0.012 
 37  ZFBP102    (0)    2 :  0.010 0.004 0.021 0.035 0.010 0.812 0.007 0.046 0.007 0.013 0.007 0.009 0.009 0.003 0.007 
 38  ZFBP103    (0)    2 :  0.012 0.003 0.041 0.411 0.006 0.148 0.112 0.045 0.006 0.148 0.006 0.012 0.007 0.036 0.006 
 39  ZFBP104    (0)    2 :  0.018 0.021 0.007 0.179 0.019 0.246 0.005 0.024 0.013 0.398 0.006 0.011 0.016 0.011 0.028 
 40  ZFBP105    (0)    2 :  0.006 0.005 0.006 0.040 0.110 0.712 0.005 0.036 0.005 0.041 0.004 0.006 0.005 0.012 0.007 
 41  ZFBP106    (0)    2 :  0.003 0.004 0.012 0.037 0.029 0.571 0.007 0.138 0.004 0.152 0.003 0.011 0.003 0.020 0.005 
 42  ZFBP107    (0)    2 :  0.006 0.005 0.041 0.066 0.056 0.474 0.006 0.015 0.023 0.246 0.023 0.005 0.007 0.019 0.010 
 43  ZFBP108    (0)    2 :  0.003 0.003 0.004 0.009 0.021 0.746 0.003 0.071 0.003 0.118 0.002 0.006 0.002 0.005 0.003 
 44  ZFBP109    (0)    2 :  0.006 0.013 0.004 0.055 0.073 0.170 0.005 0.555 0.003 0.094 0.002 0.006 0.003 0.006 0.004 
 45  ZFBP110    (0)    2 :  0.041 0.008 0.027 0.083 0.023 0.463 0.020 0.165 0.016 0.014 0.005 0.005 0.039 0.080 0.010 
 46  ZFBP111    (0)    2 :  0.003 0.003 0.005 0.140 0.017 0.356 0.004 0.285 0.004 0.030 0.003 0.122 0.002 0.011 0.015 
 47  ZFBP112    (0)    2 :  0.004 0.003 0.010 0.014 0.012 0.111 0.009 0.750 0.004 0.019 0.004 0.039 0.003 0.009 0.006 
 48  ZFBP113    (0)    2 :  0.004 0.004 0.003 0.008 0.004 0.664 0.003 0.135 0.004 0.152 0.003 0.004 0.003 0.003 0.006 
 49  ZFBP114    (0)    2 :  0.003 0.009 0.011 0.041 0.219 0.653 0.005 0.024 0.006 0.009 0.005 0.005 0.003 0.003 0.003 
 50  ZFBP115    (0)    2 :  0.004 0.002 0.008 0.760 0.040 0.088 0.007 0.020 0.004 0.022 0.003 0.014 0.002 0.017 0.008 
 51  ZFBP116    (0)    2 :  0.004 0.003 0.005 0.020 0.007 0.701 0.004 0.123 0.004 0.106 0.003 0.006 0.002 0.005 0.007 
 52  ZFBP117    (0)    2 :  0.006 0.003 0.005 0.016 0.106 0.646 0.009 0.051 0.004 0.128 0.002 0.010 0.003 0.007 0.005 
 53  ZFBP118    (0)    2 :  0.003 0.003 0.013 0.021 0.064 0.801 0.004 0.020 0.005 0.045 0.006 0.005 0.004 0.004 0.003 
 54  ZFBP119    (0)    2 :  0.008 0.005 0.013 0.287 0.422 0.072 0.027 0.045 0.005 0.047 0.002 0.021 0.003 0.016 0.026 
 55  ZFBP120    (0)    2 :  0.005 0.006 0.005 0.050 0.060 0.708 0.004 0.049 0.005 0.067 0.004 0.006 0.006 0.015 0.007 
 56  ZFBP121    (0)    2 :  0.005 0.006 0.007 0.011 0.094 0.712 0.008 0.095 0.004 0.033 0.002 0.006 0.005 0.008 0.005 
 57  ZFBP122    (9)    2 :  0.004 0.003 0.006 0.019 0.013 0.437 0.005 0.403 0.004 0.076 0.003 0.011 0.003 0.006 0.007 
 58  ZFBP123    (0)    2 :  0.004 0.003 0.017 0.009 0.007 0.042 0.005 0.870 0.004 0.012 0.004 0.008 0.002 0.006 0.006 
 59  ZFBP124    (0)    2 :  0.005 0.021 0.011 0.020 0.140 0.309 0.007 0.382 0.004 0.075 0.005 0.006 0.006 0.005 0.004 
 60  ZFBP125    (0)    2 :  0.004 0.003 0.008 0.029 0.108 0.337 0.010 0.020 0.003 0.436 0.002 0.022 0.002 0.012 0.004 
 61  ZFBP126    (0)    2 :  0.023 0.004 0.014 0.013 0.008 0.506 0.013 0.208 0.010 0.166 0.007 0.006 0.007 0.003 0.012 
 62  ZFBP127    (0)    2 :  0.003 0.004 0.006 0.082 0.017 0.337 0.016 0.423 0.004 0.020 0.003 0.004 0.002 0.074 0.003 
 63  ZFBP128    (0)    2 :  0.003 0.004 0.010 0.019 0.010 0.100 0.020 0.059 0.003 0.705 0.002 0.040 0.003 0.019 0.004 
 64  ZFBP129    (0)    2 :  0.008 0.007 0.007 0.007 0.140 0.462 0.010 0.123 0.004 0.079 0.003 0.131 0.004 0.007 0.006 
 65  ZFBP130    (0)    2 :  0.004 0.002 0.011 0.046 0.041 0.449 0.030 0.068 0.003 0.248 0.004 0.071 0.002 0.013 0.010 
 66  ZFBP131    (0)    2 :  0.004 0.004 0.003 0.004 0.025 0.687 0.003 0.210 0.003 0.039 0.003 0.005 0.003 0.003 0.004 
 67  ZFBP132    (0)    2 :  0.004 0.003 0.003 0.010 0.044 0.761 0.004 0.120 0.003 0.021 0.002 0.004 0.005 0.014 0.003 
 68  ZFBP133    (0)    2 :  0.004 0.003 0.003 0.006 0.007 0.030 0.006 0.800 0.002 0.104 0.002 0.022 0.002 0.003 0.005 
 69  ZFBP134    (0)    2 :  0.005 0.004 0.003 0.620 0.009 0.087 0.017 0.185 0.003 0.029 0.003 0.009 0.003 0.011 0.011 
 70  ZFBP135    (0)    2 :  0.021 0.006 0.074 0.031 0.019 0.231 0.162 0.053 0.005 0.341 0.004 0.014 0.010 0.024 0.006 
 71  ZFBP136    (0)    2 :  0.004 0.003 0.115 0.073 0.013 0.170 0.029 0.497 0.004 0.027 0.005 0.031 0.003 0.018 0.007 
 72  ZFBP201    (0)    3 :  0.005 0.004 0.005 0.006 0.006 0.113 0.004 0.817 0.005 0.010 0.005 0.004 0.004 0.007 0.005 
 73  ZFBP202    (0)    3 :  0.004 0.008 0.006 0.028 0.058 0.509 0.004 0.199 0.005 0.142 0.003 0.011 0.005 0.013 0.005 
 74  ZFBP203    (0)    3 :  0.011 0.005 0.006 0.009 0.011 0.096 0.004 0.735 0.024 0.019 0.034 0.010 0.006 0.005 0.023 
 75  ZFBP204    (0)    3 :  0.008 0.005 0.049 0.120 0.180 0.288 0.015 0.180 0.007 0.066 0.005 0.033 0.004 0.025 0.014 
 76  ZFBP205    (0)    3 :  0.005 0.003 0.006 0.021 0.103 0.027 0.005 0.802 0.003 0.007 0.003 0.006 0.002 0.003 0.004 
 77  ZFBP206    (0)    3 :  0.003 0.004 0.010 0.005 0.005 0.009 0.004 0.924 0.003 0.008 0.004 0.008 0.002 0.004 0.007 
 78  ZFBP207    (0)    3 :  0.009 0.004 0.008 0.142 0.561 0.024 0.014 0.078 0.005 0.011 0.005 0.008 0.005 0.120 0.007 
 79  ZFBP208    (0)    3 :  0.003 0.003 0.007 0.006 0.005 0.030 0.003 0.910 0.004 0.006 0.005 0.004 0.003 0.003 0.007 
 80  ZFBP209    (0)    3 :  0.004 0.003 0.003 0.006 0.014 0.066 0.008 0.810 0.002 0.029 0.002 0.044 0.002 0.003 0.004 
 81  ZFBP210    (0)    3 :  0.004 0.003 0.004 0.006 0.006 0.049 0.003 0.888 0.004 0.005 0.005 0.005 0.003 0.006 0.007 
 82  ZFBP211    (0)    3 :  0.003 0.006 0.007 0.010 0.206 0.650 0.004 0.044 0.004 0.036 0.003 0.004 0.006 0.010 0.006 
 83  ZFBP212    (0)    3 :  0.004 0.005 0.003 0.046 0.026 0.518 0.003 0.207 0.003 0.117 0.003 0.006 0.007 0.050 0.003 
 84  ZFBP213    (0)    3 :  0.005 0.011 0.023 0.008 0.013 0.058 0.008 0.814 0.006 0.015 0.004 0.007 0.005 0.013 0.010 
 85  ZFBP214    (0)    3 :  0.007 0.009 0.015 0.018 0.011 0.025 0.027 0.802 0.006 0.007 0.003 0.013 0.005 0.027 0.027 
 86  ZFBP215    (0)    3 :  0.004 0.004 0.005 0.008 0.014 0.431 0.006 0.408 0.003 0.093 0.003 0.008 0.003 0.006 0.004 
 87  ZFBP216    (0)    3 :  0.005 0.004 0.005 0.015 0.018 0.736 0.004 0.153 0.007 0.013 0.005 0.005 0.004 0.006 0.019 
 88  ZFBP217    (0)    3 :  0.004 0.005 0.004 0.038 0.012 0.086 0.006 0.703 0.006 0.008 0.003 0.069 0.004 0.028 0.022 
 89  ZFBP218    (0)    3 :  0.003 0.007 0.003 0.032 0.159 0.347 0.004 0.381 0.003 0.033 0.003 0.013 0.002 0.003 0.007 
 90  ZFBP219    (0)    3 :  0.003 0.003 0.003 0.008 0.005 0.699 0.003 0.205 0.003 0.050 0.003 0.003 0.002 0.003 0.005 
 91  ZFBP220    (0)    3 :  0.004 0.003 0.007 0.050 0.013 0.503 0.020 0.295 0.003 0.038 0.003 0.037 0.003 0.015 0.007 
 92  ZFBP221    (0)    3 :  0.004 0.005 0.003 0.402 0.072 0.246 0.004 0.184 0.003 0.047 0.003 0.009 0.004 0.009 0.006 
 93  ZFBP222    (0)    3 :  0.006 0.004 0.004 0.004 0.007 0.064 0.006 0.863 0.003 0.018 0.004 0.005 0.003 0.003 0.006 
 94  ZFBP223    (0)    3 :  0.007 0.006 0.009 0.040 0.046 0.215 0.008 0.378 0.006 0.017 0.005 0.009 0.007 0.242 0.005 
 95  ZFBP224    (0)    3 :  0.005 0.007 0.012 0.010 0.007 0.149 0.005 0.766 0.006 0.010 0.004 0.004 0.003 0.006 0.006 
 96  ZFBP225    (0)    3 :  0.006 0.003 0.009 0.219 0.015 0.144 0.012 0.240 0.005 0.047 0.007 0.251 0.003 0.024 0.015 
 97  ZFBP226    (0)    3 :  0.003 0.004 0.004 0.007 0.014 0.763 0.003 0.169 0.003 0.010 0.004 0.004 0.003 0.005 0.004 
 98  ZFBP227    (0)    3 :  0.017 0.016 0.009 0.066 0.014 0.601 0.005 0.094 0.023 0.017 0.006 0.005 0.009 0.008 0.110 
 99  ZFBP228    (0)    3 :  0.005 0.005 0.005 0.227 0.099 0.419 0.017 0.076 0.004 0.042 0.003 0.007 0.005 0.082 0.004 
100  ZFBP229    (0)    3 :  0.006 0.003 0.003 0.025 0.056 0.474 0.008 0.196 0.004 0.172 0.003 0.036 0.002 0.006 0.007 
101  ZFBP230    (0)    3 :  0.005 0.003 0.008 0.069 0.028 0.506 0.027 0.275 0.004 0.017 0.003 0.032 0.003 0.011 0.009 
102  ZFBP231    (0)    3 :  0.007 0.011 0.026 0.032 0.627 0.104 0.004 0.084 0.008 0.058 0.005 0.005 0.007 0.010 0.011 
103  ZFBP232    (0)    3 :  0.003 0.003 0.005 0.007 0.141 0.712 0.004 0.063 0.002 0.038 0.003 0.008 0.003 0.003 0.004 
104  ZFBP233    (0)    3 :  0.005 0.009 0.008 0.038 0.038 0.111 0.004 0.673 0.005 0.061 0.003 0.018 0.007 0.008 0.011 
105   ZFCC01    (0)    4 :  0.005 0.019 0.009 0.003 0.003 0.003 0.920 0.007 0.004 0.003 0.006 0.004 0.004 0.005 0.005 
106   ZFCC03    (0)    4 :  0.004 0.006 0.005 0.003 0.003 0.003 0.941 0.005 0.003 0.004 0.003 0.004 0.003 0.008 0.003 
107   ZFCC04    (0)    4 :  0.004 0.007 0.012 0.005 0.003 0.004 0.927 0.006 0.004 0.003 0.004 0.006 0.004 0.006 0.005 
108   ZFCC05    (0)    4 :  0.005 0.013 0.051 0.007 0.005 0.007 0.846 0.011 0.007 0.005 0.005 0.007 0.006 0.017 0.010 
109   ZFCC08    (0)    4 :  0.005 0.009 0.010 0.010 0.015 0.008 0.873 0.020 0.003 0.008 0.003 0.021 0.002 0.005 0.008 
110   ZFCC09    (0)    4 :  0.003 0.011 0.006 0.004 0.006 0.003 0.939 0.003 0.003 0.003 0.003 0.003 0.003 0.007 0.003 
111   ZFCC10    (0)    4 :  0.005 0.037 0.009 0.003 0.005 0.003 0.907 0.006 0.004 0.003 0.004 0.004 0.004 0.004 0.003 
112   ZFCC11    (0)    4 :  0.004 0.011 0.009 0.004 0.004 0.005 0.921 0.007 0.004 0.004 0.004 0.004 0.004 0.011 0.004 
113   ZFCC12    (0)    4 :  0.024 0.031 0.037 0.008 0.004 0.008 0.770 0.009 0.014 0.006 0.058 0.005 0.009 0.008 0.009 
114   ZFCC13    (0)    4 :  0.005 0.005 0.007 0.015 0.005 0.012 0.886 0.012 0.006 0.008 0.009 0.007 0.004 0.008 0.012 
115   ZFCC14    (0)    4 :  0.010 0.008 0.027 0.004 0.009 0.008 0.875 0.012 0.005 0.010 0.006 0.007 0.010 0.005 0.004 
116   ZFCC15    (0)    4 :  0.005 0.005 0.005 0.005 0.003 0.004 0.936 0.004 0.005 0.003 0.005 0.004 0.003 0.004 0.008 
117   ZFCC16    (0)    4 :  0.005 0.006 0.017 0.003 0.003 0.003 0.929 0.004 0.004 0.003 0.004 0.004 0.004 0.004 0.005 
118   ZFCC17    (0)    4 :  0.004 0.007 0.043 0.004 0.003 0.004 0.893 0.003 0.005 0.003 0.013 0.003 0.006 0.006 0.004 
119   ZFCC18    (0)    4 :  0.004 0.010 0.008 0.004 0.004 0.004 0.925 0.006 0.004 0.004 0.005 0.006 0.003 0.008 0.005 
120   ZFCC19    (0)    4 :  0.007 0.003 0.008 0.003 0.003 0.003 0.937 0.003 0.005 0.003 0.008 0.003 0.005 0.003 0.006 
121   ZFCC20    (0)    4 :  0.004 0.004 0.012 0.006 0.003 0.004 0.927 0.004 0.004 0.004 0.004 0.005 0.004 0.007 0.008 
122   ZFCC21    (0)    4 :  0.054 0.005 0.014 0.014 0.006 0.018 0.591 0.192 0.006 0.018 0.006 0.027 0.008 0.004 0.038 
123   ZFCC22    (0)    4 :  0.005 0.020 0.010 0.081 0.021 0.036 0.441 0.298 0.004 0.030 0.005 0.030 0.003 0.008 0.008 
124   ZFCC26    (0)    4 :  0.004 0.006 0.008 0.003 0.003 0.003 0.942 0.004 0.003 0.003 0.004 0.004 0.004 0.004 0.005 
125   ZFCC27    (0)    4 :  0.003 0.005 0.005 0.003 0.003 0.003 0.948 0.003 0.003 0.003 0.003 0.003 0.003 0.007 0.003 
126   ZFCC29    (0)    4 :  0.008 0.007 0.017 0.005 0.004 0.004 0.909 0.006 0.005 0.003 0.004 0.005 0.008 0.005 0.011 
127   ZFCC30    (0)    4 :  0.003 0.004 0.007 0.005 0.004 0.003 0.939 0.004 0.003 0.003 0.004 0.005 0.003 0.010 0.004 
128   ZFCC32    (0)    4 :  0.004 0.009 0.010 0.007 0.005 0.004 0.912 0.005 0.006 0.003 0.008 0.005 0.004 0.006 0.014 
129   ZFCC33    (0)    4 :  0.007 0.007 0.331 0.004 0.004 0.004 0.597 0.004 0.007 0.005 0.004 0.004 0.009 0.007 0.005 
130   ZFCC34    (0)    4 :  0.008 0.023 0.043 0.025 0.047 0.084 0.567 0.046 0.005 0.032 0.018 0.015 0.022 0.057 0.007 
131   ZFCC35    (0)    4 :  0.003 0.004 0.007 0.004 0.006 0.003 0.948 0.003 0.003 0.003 0.003 0.004 0.002 0.003 0.003 
132   ZFCC36    (0)    4 :  0.005 0.005 0.013 0.010 0.004 0.009 0.872 0.020 0.007 0.006 0.015 0.009 0.004 0.004 0.018 
133   ZFCC37    (0)    4 :  0.035 0.043 0.037 0.010 0.005 0.010 0.744 0.016 0.015 0.007 0.044 0.007 0.008 0.008 0.012 
134   ZFCC40    (0)    4 :  0.005 0.008 0.014 0.004 0.004 0.006 0.916 0.011 0.004 0.006 0.009 0.003 0.004 0.004 0.003 
135   ZFCC42    (0)    4 :  0.013 0.006 0.446 0.009 0.005 0.005 0.062 0.006 0.019 0.003 0.342 0.006 0.027 0.047 0.004 
136   ZFCC44    (0)    4 :  0.003 0.003 0.016 0.004 0.003 0.003 0.936 0.003 0.005 0.003 0.005 0.003 0.003 0.009 0.003 
137   ZFCC45    (9)    4 :  0.008 0.016 0.048 0.004 0.004 0.006 0.838 0.007 0.020 0.004 0.017 0.004 0.009 0.009 0.007 
138   ZFCC46    (0)    4 :  0.006 0.003 0.014 0.022 0.011 0.014 0.830 0.020 0.003 0.011 0.004 0.039 0.004 0.011 0.008 
139   ZFCC47    (0)    4 :  0.008 0.034 0.008 0.006 0.009 0.004 0.867 0.005 0.005 0.003 0.027 0.008 0.006 0.005 0.006 
140   ZFCC48    (0)    4 :  0.018 0.006 0.016 0.011 0.007 0.015 0.717 0.130 0.003 0.020 0.004 0.033 0.006 0.004 0.011 
141   ZFCC50    (0)    4 :  0.004 0.005 0.009 0.003 0.003 0.003 0.944 0.003 0.004 0.003 0.005 0.003 0.004 0.003 0.004 
142   ZFCC51    (0)    4 :  0.003 0.004 0.005 0.004 0.003 0.003 0.946 0.003 0.003 0.003 0.003 0.003 0.003 0.010 0.003 
143   ZFCC52    (0)    4 :  0.006 0.004 0.044 0.011 0.011 0.016 0.824 0.029 0.004 0.011 0.008 0.015 0.004 0.005 0.008 
144   ZFCC53    (0)    4 :  0.003 0.005 0.005 0.003 0.003 0.003 0.953 0.003 0.003 0.003 0.003 0.003 0.003 0.006 0.003 
145  ZFCNS01    (0)    5 :  0.007 0.003 0.003 0.037 0.003 0.014 0.006 0.006 0.036 0.003 0.019 0.003 0.002 0.809 0.049 
146  ZFCNS02    (0)    5 :  0.002 0.003 0.004 0.005 0.005 0.003 0.005 0.003 0.003 0.003 0.002 0.004 0.003 0.952 0.003 
147  ZFCNS05    (0)    5 :  0.003 0.006 0.006 0.009 0.007 0.007 0.007 0.006 0.003 0.008 0.003 0.005 0.005 0.919 0.006 
148  ZFCNS06    (0)    5 :  0.002 0.003 0.004 0.004 0.004 0.004 0.005 0.004 0.003 0.004 0.002 0.004 0.003 0.950 0.003 
149  ZFCNS07    (0)    5 :  0.003 0.003 0.003 0.005 0.011 0.006 0.003 0.004 0.003 0.005 0.002 0.011 0.003 0.932 0.003 
150  ZFCNS10    (0)    5 :  0.003 0.002 0.003 0.024 0.007 0.009 0.005 0.007 0.003 0.009 0.003 0.006 0.003 0.914 0.003 
151  ZFCNS11    (0)    5 :  0.006 0.003 0.003 0.019 0.004 0.008 0.007 0.006 0.015 0.003 0.010 0.004 0.002 0.889 0.021 
152  ZFCNS15    (0)    5 :  0.004 0.003 0.006 0.027 0.011 0.017 0.003 0.008 0.003 0.048 0.002 0.007 0.004 0.853 0.004 
153  ZFCNS17    (0)    5 :  0.003 0.003 0.004 0.007 0.005 0.004 0.005 0.004 0.003 0.004 0.002 0.004 0.002 0.948 0.003 
154  ZFCNS18    (0)    5 :  0.002 0.003 0.004 0.017 0.005 0.009 0.005 0.007 0.003 0.011 0.003 0.004 0.003 0.919 0.003 
155  ZFCNS19    (0)    5 :  0.002 0.003 0.003 0.004 0.003 0.002 0.004 0.003 0.003 0.003 0.002 0.004 0.003 0.957 0.003 
156  ZFCNS20    (0)    5 :  0.004 0.003 0.008 0.011 0.015 0.014 0.004 0.009 0.004 0.012 0.003 0.016 0.003 0.892 0.005 
157  ZFCNS21    (0)    5 :  0.002 0.003 0.004 0.005 0.003 0.003 0.004 0.003 0.003 0.003 0.002 0.002 0.002 0.958 0.003 
158  ZFCNS22    (0)    5 :  0.004 0.005 0.006 0.008 0.008 0.014 0.005 0.008 0.004 0.015 0.003 0.005 0.005 0.905 0.005 
159  ZFCNS23    (0)    5 :  0.005 0.005 0.024 0.006 0.004 0.003 0.014 0.010 0.007 0.003 0.009 0.011 0.004 0.882 0.010 
160  ZFCNS24    (0)    5 :  0.003 0.003 0.010 0.010 0.008 0.006 0.007 0.006 0.003 0.005 0.003 0.007 0.002 0.921 0.005 
161  ZFCNS25    (0)    5 :  0.003 0.003 0.009 0.014 0.018 0.012 0.005 0.007 0.003 0.008 0.003 0.010 0.002 0.898 0.004 
162  ZFCNS26    (0)    5 :  0.003 0.003 0.003 0.010 0.005 0.004 0.003 0.003 0.003 0.006 0.002 0.004 0.003 0.946 0.003 
163  ZFCNS27    (0)    5 :  0.004 0.003 0.006 0.035 0.025 0.025 0.003 0.008 0.004 0.036 0.003 0.008 0.003 0.834 0.004 
164  ZFCNS28    (0)    5 :  0.002 0.003 0.003 0.004 0.003 0.003 0.005 0.004 0.003 0.005 0.002 0.004 0.004 0.951 0.003 
165  ZFCNS29    (0)    5 :  0.004 0.004 0.007 0.007 0.007 0.009 0.008 0.007 0.003 0.006 0.003 0.005 0.004 0.921 0.005 
166  ZFCNS30    (0)    5 :  0.003 0.005 0.006 0.009 0.004 0.005 0.007 0.005 0.004 0.005 0.002 0.003 0.004 0.933 0.005 
167  ZFCNS31    (0)    5 :  0.002 0.003 0.003 0.006 0.003 0.004 0.003 0.003 0.003 0.004 0.002 0.004 0.003 0.953 0.003 
168  ZFCNS32    (0)    5 :  0.003 0.003 0.006 0.013 0.007 0.005 0.004 0.005 0.003 0.009 0.003 0.008 0.003 0.922 0.005 
169  ZFCNS33    (0)    5 :  0.002 0.003 0.003 0.005 0.004 0.003 0.003 0.003 0.003 0.003 0.002 0.004 0.003 0.956 0.003 
170  ZFCNS34    (0)    5 :  0.003 0.005 0.007 0.006 0.006 0.006 0.011 0.005 0.004 0.004 0.003 0.004 0.003 0.929 0.005 
171  ZFCNS35    (0)    5 :  0.009 0.008 0.003 0.021 0.011 0.011 0.006 0.009 0.003 0.015 0.002 0.004 0.016 0.880 0.004 
172  ZFCNS36    (0)    5 :  0.003 0.003 0.011 0.009 0.010 0.007 0.011 0.006 0.003 0.005 0.003 0.010 0.002 0.913 0.005 
173  ZFCNS37    (0)    5 :  0.003 0.004 0.006 0.184 0.003 0.018 0.006 0.004 0.011 0.005 0.002 0.007 0.003 0.737 0.004 
174  ZFCNS39    (0)    5 :  0.005 0.002 0.006 0.029 0.006 0.007 0.016 0.009 0.005 0.006 0.003 0.020 0.002 0.873 0.013 
175  ZFCNS40    (0)    5 :  0.003 0.003 0.010 0.210 0.009 0.014 0.031 0.008 0.004 0.004 0.003 0.109 0.003 0.582 0.007 
176  ZFCNS41    (0)    5 :  0.006 0.006 0.011 0.644 0.009 0.056 0.012 0.011 0.008 0.006 0.004 0.005 0.005 0.206 0.011 
177  ZFCNS42    (0)    5 :  0.003 0.003 0.003 0.006 0.004 0.005 0.003 0.003 0.003 0.005 0.002 0.003 0.003 0.951 0.003 
178  ZFCNS43    (0)    5 :  0.002 0.003 0.003 0.004 0.003 0.003 0.005 0.003 0.003 0.003 0.002 0.003 0.003 0.958 0.003 
179  ZFCNS44    (0)    5 :  0.002 0.002 0.003 0.016 0.004 0.010 0.005 0.008 0.003 0.011 0.003 0.003 0.003 0.924 0.003 
180  ZFCNS46    (0)    5 :  0.004 0.004 0.006 0.010 0.005 0.008 0.005 0.006 0.004 0.007 0.002 0.004 0.004 0.927 0.005 
181  ZFCNS47    (0)    5 :  0.002 0.003 0.003 0.005 0.004 0.003 0.004 0.003 0.003 0.003 0.002 0.003 0.003 0.956 0.003 
182  ZFCNS48    (0)    5 :  0.003 0.004 0.006 0.041 0.006 0.016 0.007 0.014 0.004 0.014 0.004 0.006 0.004 0.867 0.005 
183  ZFCNS49    (0)    5 :  0.003 0.003 0.003 0.045 0.005 0.016 0.003 0.008 0.003 0.040 0.003 0.004 0.004 0.858 0.003 
184   ZFCR01    (0)    6 :  0.828 0.029 0.003 0.003 0.009 0.010 0.008 0.015 0.056 0.006 0.013 0.006 0.008 0.003 0.004 
185   ZFCR02    (0)    6 :  0.859 0.005 0.013 0.005 0.020 0.010 0.022 0.015 0.009 0.003 0.009 0.008 0.013 0.005 0.005 
186   ZFCR03    (0)    6 :  0.721 0.011 0.064 0.005 0.013 0.016 0.015 0.029 0.012 0.008 0.053 0.008 0.027 0.003 0.016 
187   ZFCR04    (0)    6 :  0.567 0.069 0.005 0.023 0.010 0.010 0.013 0.010 0.046 0.022 0.027 0.018 0.160 0.010 0.011 
188   ZFCR05    (0)    6 :  0.896 0.018 0.004 0.003 0.003 0.004 0.012 0.004 0.016 0.003 0.006 0.004 0.011 0.003 0.012 
189   ZFCR06    (0)    6 :  0.742 0.012 0.006 0.024 0.035 0.023 0.012 0.012 0.015 0.011 0.005 0.009 0.020 0.068 0.005 
190   ZFCR07    (0)    6 :  0.447 0.012 0.060 0.044 0.004 0.015 0.010 0.015 0.116 0.010 0.011 0.004 0.049 0.085 0.117 
191   ZFCR08    (0)    6 :  0.164 0.104 0.041 0.011 0.006 0.028 0.064 0.033 0.417 0.019 0.045 0.040 0.016 0.004 0.006 
192   ZFCR09    (0)    6 :  0.230 0.015 0.016 0.032 0.050 0.072 0.021 0.058 0.026 0.021 0.318 0.014 0.094 0.013 0.021 
193   ZFCR11    (0)    6 :  0.819 0.012 0.004 0.045 0.023 0.005 0.007 0.005 0.020 0.004 0.008 0.003 0.020 0.012 0.015 
194   ZFCR12    (0)    6 :  0.708 0.005 0.009 0.072 0.010 0.007 0.009 0.007 0.008 0.018 0.003 0.015 0.006 0.111 0.015 
195   ZFCR13    (0)    6 :  0.195 0.006 0.007 0.009 0.029 0.039 0.010 0.010 0.258 0.091 0.003 0.005 0.044 0.007 0.287 
196   ZFCR14    (0)    6 :  0.861 0.011 0.005 0.008 0.005 0.006 0.009 0.007 0.013 0.012 0.004 0.012 0.014 0.006 0.025 
197   ZFCR15    (0)    6 :  0.740 0.018 0.009 0.012 0.008 0.017 0.011 0.022 0.049 0.021 0.007 0.029 0.036 0.005 0.016 
198   ZFCR16    (0)    6 :  0.844 0.007 0.004 0.005 0.016 0.018 0.007 0.023 0.023 0.006 0.004 0.013 0.018 0.003 0.009 
199   ZFCR18    (0)    6 :  0.570 0.008 0.025 0.005 0.019 0.013 0.010 0.006 0.013 0.003 0.005 0.005 0.306 0.005 0.007 
200   ZFCR19    (0)    6 :  0.789 0.007 0.006 0.009 0.015 0.012 0.010 0.009 0.006 0.029 0.036 0.036 0.023 0.007 0.007 
201   ZFCR20    (0)    6 :  0.625 0.043 0.038 0.008 0.008 0.033 0.006 0.061 0.026 0.025 0.016 0.007 0.043 0.005 0.056 
202   ZFCR21    (0)    6 :  0.895 0.004 0.007 0.006 0.005 0.004 0.012 0.007 0.009 0.005 0.003 0.011 0.004 0.004 0.023 
203   ZFCR22    (0)    6 :  0.873 0.002 0.007 0.006 0.006 0.006 0.005 0.009 0.006 0.006 0.005 0.013 0.006 0.003 0.046 
204   ZFCR23    (0)    6 :  0.596 0.004 0.004 0.018 0.008 0.106 0.003 0.028 0.085 0.047 0.027 0.005 0.009 0.004 0.055 
205   ZFCR24    (9)    6 :  0.101 0.037 0.011 0.009 0.013 0.128 0.008 0.085 0.081 0.309 0.020 0.007 0.083 0.004 0.104 
206   ZFCR25    (0)    6 :  0.921 0.009 0.006 0.005 0.003 0.005 0.005 0.004 0.010 0.004 0.004 0.004 0.007 0.003 0.012 
207   ZFCR26    (0)    6 :  0.674 0.010 0.007 0.008 0.012 0.011 0.013 0.010 0.011 0.007 0.042 0.011 0.004 0.004 0.176 
208   ZFCR27    (9)    6 :  0.545 0.025 0.003 0.003 0.003 0.003 0.005 0.003 0.329 0.004 0.015 0.003 0.013 0.003 0.043 
209   ZFCR28    (0)    6 :  0.542 0.006 0.008 0.016 0.032 0.029 0.009 0.121 0.153 0.008 0.005 0.034 0.004 0.026 0.005 
210   ZFCR29    (0)    6 :  0.922 0.006 0.004 0.004 0.004 0.004 0.004 0.005 0.005 0.006 0.006 0.004 0.009 0.002 0.015 
211   ZFCR30    (0)    6 :  0.858 0.008 0.009 0.011 0.005 0.007 0.006 0.006 0.010 0.008 0.007 0.008 0.006 0.010 0.041 
212   ZFCR31    (0)    6 :  0.383 0.018 0.026 0.035 0.037 0.090 0.010 0.046 0.018 0.017 0.046 0.014 0.191 0.044 0.027 
213   ZFCR33    (0)    6 :  0.053 0.055 0.010 0.017 0.005 0.013 0.042 0.018 0.679 0.009 0.039 0.013 0.007 0.007 0.033 
214   ZFCR34    (0)    6 :  0.448 0.005 0.004 0.027 0.006 0.019 0.013 0.024 0.041 0.021 0.015 0.008 0.136 0.009 0.225 
215   ZFCR35    (0)    6 :  0.823 0.010 0.004 0.005 0.004 0.005 0.010 0.006 0.010 0.009 0.016 0.004 0.087 0.004 0.005 
216   ZFCR36    (0)    6 :  0.824 0.008 0.007 0.009 0.004 0.007 0.006 0.009 0.010 0.007 0.018 0.004 0.046 0.021 0.020 
217   ZFCR37    (0)    6 :  0.056 0.059 0.015 0.004 0.003 0.004 0.065 0.005 0.129 0.004 0.036 0.004 0.055 0.004 0.559 
218   ZFCR38    (0)    6 :  0.191 0.059 0.012 0.010 0.006 0.008 0.044 0.012 0.560 0.006 0.030 0.014 0.007 0.008 0.034 
219   ZFCR39    (0)    6 :  0.120 0.011 0.032 0.013 0.021 0.057 0.086 0.085 0.284 0.007 0.217 0.028 0.025 0.003 0.009 
220   ZFCR40    (0)    6 :  0.747 0.010 0.006 0.013 0.003 0.010 0.021 0.012 0.106 0.014 0.027 0.004 0.010 0.005 0.011 
221   ZFCR41    (0)    6 :  0.723 0.007 0.006 0.139 0.004 0.014 0.028 0.009 0.011 0.005 0.003 0.020 0.006 0.011 0.014 
222   ZFCR42    (0)    6 :  0.602 0.009 0.019 0.029 0.010 0.020 0.042 0.023 0.085 0.023 0.019 0.018 0.007 0.021 0.073 
223   ZFCR43    (0)    6 :  0.805 0.010 0.004 0.006 0.023 0.016 0.004 0.005 0.011 0.073 0.004 0.004 0.021 0.006 0.009 
224  ZFENP25    (0)    7 :  0.044 0.040 0.006 0.006 0.003 0.008 0.022 0.018 0.817 0.009 0.005 0.010 0.005 0.003 0.006 
225  ZFENP26    (0)    7 :  0.007 0.006 0.004 0.004 0.002 0.003 0.004 0.003 0.939 0.002 0.009 0.003 0.006 0.003 0.004 
226  ZFENP27    (0)    7 :  0.218 0.022 0.044 0.035 0.004 0.016 0.162 0.035 0.320 0.016 0.036 0.012 0.016 0.058 0.005 
227  ZFENP28    (0)    7 :  0.023 0.022 0.004 0.004 0.005 0.004 0.013 0.004 0.870 0.003 0.012 0.005 0.010 0.010 0.011 
228  ZFENP29    (0)    7 :  0.038 0.005 0.007 0.004 0.003 0.004 0.011 0.004 0.892 0.006 0.005 0.004 0.004 0.004 0.008 
229  ZFENP30    (0)    7 :  0.010 0.008 0.104 0.005 0.006 0.005 0.033 0.007 0.767 0.004 0.015 0.007 0.008 0.009 0.012 
230  ZFENP31    (0)    7 :  0.010 0.017 0.353 0.004 0.011 0.007 0.016 0.005 0.188 0.003 0.358 0.003 0.014 0.006 0.007 
231  ZFENP32    (0)    7 :  0.073 0.021 0.106 0.014 0.025 0.022 0.011 0.019 0.210 0.008 0.224 0.006 0.222 0.028 0.011 
232  ZFENP33    (0)    7 :  0.019 0.037 0.040 0.007 0.005 0.011 0.005 0.008 0.794 0.007 0.015 0.004 0.013 0.004 0.031 
233  ZFENP34    (0)    7 :  0.026 0.582 0.092 0.006 0.007 0.008 0.019 0.005 0.183 0.003 0.010 0.004 0.035 0.011 0.007 
234  ZFENP35    (0)    7 :  0.005 0.008 0.007 0.017 0.003 0.009 0.005 0.009 0.859 0.016 0.024 0.004 0.015 0.012 0.008 
235  ZFENP36    (0)    7 :  0.007 0.006 0.007 0.004 0.002 0.003 0.003 0.003 0.923 0.002 0.010 0.002 0.009 0.011 0.007 
236  ZFENP37    (0)    7 :  0.010 0.278 0.010 0.008 0.004 0.008 0.009 0.009 0.553 0.007 0.050 0.004 0.014 0.009 0.027 
237  ZFENP38    (0)    7 :  0.013 0.028 0.013 0.009 0.004 0.006 0.018 0.007 0.464 0.005 0.022 0.005 0.011 0.016 0.378 
238  ZFENP39    (0)    7 :  0.124 0.029 0.006 0.005 0.003 0.004 0.014 0.004 0.747 0.006 0.026 0.003 0.013 0.005 0.011 
239  ZFENP40    (0)    7 :  0.067 0.023 0.013 0.006 0.006 0.012 0.007 0.009 0.770 0.010 0.043 0.004 0.018 0.006 0.006 
240  ZFENP41    (0)    7 :  0.020 0.018 0.036 0.007 0.005 0.007 0.072 0.009 0.757 0.011 0.015 0.010 0.021 0.008 0.006 
241  ZFENP42    (0)    7 :  0.017 0.004 0.010 0.006 0.003 0.003 0.006 0.004 0.755 0.003 0.134 0.005 0.003 0.003 0.044 
242  ZFENP43    (0)    7 :  0.017 0.032 0.009 0.040 0.006 0.010 0.029 0.009 0.678 0.007 0.026 0.006 0.007 0.051 0.073 
243  ZFENP44    (0)    7 :  0.009 0.016 0.021 0.012 0.003 0.009 0.014 0.009 0.796 0.006 0.062 0.003 0.005 0.011 0.025 
244  ZFENP45    (0)    7 :  0.019 0.009 0.018 0.012 0.028 0.030 0.013 0.018 0.442 0.017 0.055 0.284 0.008 0.009 0.039 
245  ZFENP46    (0)    7 :  0.017 0.032 0.012 0.019 0.007 0.022 0.003 0.011 0.765 0.025 0.022 0.005 0.008 0.007 0.045 
246  ZFENP47    (0)    7 :  0.120 0.009 0.017 0.004 0.014 0.013 0.062 0.012 0.177 0.018 0.362 0.140 0.043 0.004 0.005 
247  ZFENP48    (0)    7 :  0.038 0.486 0.264 0.006 0.015 0.010 0.016 0.016 0.080 0.005 0.019 0.010 0.015 0.007 0.016 
248  ZFENP49    (0)    7 :  0.549 0.005 0.144 0.006 0.010 0.009 0.007 0.008 0.184 0.016 0.010 0.011 0.026 0.005 0.009 
249  ZFENP50    (0)    7 :  0.030 0.008 0.006 0.012 0.020 0.056 0.004 0.043 0.671 0.008 0.046 0.007 0.008 0.004 0.076 
250  ZFENP51    (0)    7 :  0.034 0.017 0.037 0.005 0.004 0.004 0.007 0.003 0.424 0.004 0.352 0.050 0.036 0.005 0.018 
251  ZFENP52    (0)    7 :  0.006 0.004 0.006 0.017 0.005 0.006 0.010 0.005 0.900 0.004 0.007 0.005 0.003 0.011 0.010 
252  ZFENP53    (0)    7 :  0.016 0.009 0.008 0.013 0.037 0.042 0.008 0.032 0.738 0.016 0.017 0.026 0.006 0.009 0.023 
253  ZFENP54    (0)    7 :  0.619 0.009 0.025 0.011 0.020 0.038 0.017 0.033 0.167 0.006 0.009 0.006 0.017 0.005 0.018 
254  ZFENP55    (0)    7 :  0.062 0.032 0.010 0.004 0.006 0.006 0.004 0.006 0.241 0.004 0.020 0.004 0.057 0.004 0.539 
255  ZFENP56    (0)    7 :  0.014 0.009 0.010 0.010 0.004 0.004 0.008 0.004 0.828 0.004 0.013 0.005 0.014 0.010 0.063 
256  ZFENP57    (0)    7 :  0.015 0.019 0.014 0.008 0.003 0.007 0.004 0.006 0.813 0.004 0.067 0.002 0.014 0.013 0.011 
257  ZFENP58    (0)    7 :  0.069 0.005 0.290 0.016 0.009 0.008 0.020 0.020 0.356 0.004 0.012 0.123 0.027 0.016 0.025 
258  ZFENP59    (0)    7 :  0.029 0.010 0.025 0.005 0.005 0.005 0.075 0.005 0.775 0.006 0.029 0.005 0.013 0.005 0.008 
259  ZFENP60    (0)    7 :  0.063 0.036 0.007 0.007 0.010 0.010 0.010 0.012 0.751 0.014 0.015 0.012 0.033 0.006 0.014 
260  ZFENP61    (0)    7 :  0.062 0.020 0.009 0.004 0.003 0.004 0.017 0.004 0.827 0.005 0.009 0.003 0.019 0.004 0.010 
261 ZFFDSP01    (0)    8 :  0.003 0.004 0.004 0.044 0.008 0.127 0.004 0.591 0.003 0.167 0.003 0.013 0.006 0.016 0.007 
262 ZFFDSP02    (0)    8 :  0.004 0.003 0.003 0.005 0.003 0.027 0.003 0.017 0.002 0.917 0.002 0.004 0.002 0.003 0.003 
263 ZFFDSP04    (0)    8 :  0.005 0.004 0.003 0.007 0.006 0.092 0.004 0.309 0.002 0.542 0.002 0.012 0.004 0.003 0.005 
264 ZFFDSP05    (0)    8 :  0.007 0.003 0.003 0.054 0.013 0.152 0.005 0.038 0.006 0.678 0.007 0.010 0.003 0.005 0.016 
265 ZFFDSP06    (0)    8 :  0.005 0.010 0.004 0.035 0.099 0.172 0.014 0.390 0.002 0.242 0.002 0.016 0.002 0.003 0.005 
266 ZFFDSP07    (0)    8 :  0.006 0.004 0.022 0.007 0.015 0.048 0.009 0.706 0.005 0.128 0.004 0.033 0.002 0.005 0.007 
267 ZFFDSP08    (0)    8 :  0.004 0.004 0.031 0.031 0.066 0.096 0.009 0.570 0.004 0.058 0.004 0.097 0.003 0.013 0.010 
268 ZFFDSP10    (0)    8 :  0.005 0.004 0.012 0.023 0.016 0.046 0.005 0.338 0.005 0.505 0.004 0.021 0.004 0.005 0.007 
269 ZFFDSP11    (0)    8 :  0.005 0.004 0.003 0.014 0.016 0.381 0.004 0.370 0.003 0.170 0.004 0.009 0.005 0.004 0.008 
270 ZFFDSP12    (0)    8 :  0.003 0.003 0.005 0.009 0.111 0.416 0.003 0.389 0.003 0.022 0.003 0.021 0.002 0.004 0.004 
271 ZFFDSP13    (0)    8 :  0.005 0.003 0.009 0.576 0.011 0.274 0.012 0.034 0.006 0.026 0.004 0.005 0.003 0.023 0.009 
