

----------------------------------------------------
STRUCTURE by Pritchard, Stephens and Donnelly (2000)
     and Falush, Stephens and Pritchard (2003)
       Code by Pritchard, Falush and Hubisz
             Version 2.3.4 (Jul 2012)
----------------------------------------------------



Command line arguments:   bin\structure -m C:\Users\eschumacher\Documents\GitHub\GCC_QUAC_ZAIN\Data_Files\Structure_Files\ZAIN\ZAIN_rebinned_wild\50-50\mainparams -e C:\Users\eschumacher\Documents\GitHub\GCC_QUAC_ZAIN\Data_Files\Structure_Files\ZAIN\ZAIN_rebinned_wild\50-50\extraparams 
Input File:    C:\Users\eschumacher\Documents\GitHub\GCC_QUAC_ZAIN\Data_Files\Structure_Files\ZAIN\ZAIN_rebinned_wild\project_data

Run parameters:
   751 individuals
   11 loci
   15 populations assumed
   50000 Burn-in period
   50000 Reps


--------------------------------------------
Proportion of membership of each pre-defined
 population in each of the 15 clusters

Given    Inferred Clusters                                                                                           Number of
 Pop       1      2      3      4      5      6      7      8      9     10     11     12     13     14     15      Individuals

  1:     0.008  0.008  0.005  0.011  0.005  0.004  0.019  0.014  0.010  0.005  0.007  0.874  0.019  0.005  0.005       35
  2:     0.019  0.314  0.100  0.005  0.073  0.014  0.008  0.006  0.008  0.020  0.284  0.006  0.005  0.016  0.121       36
  3:     0.009  0.146  0.078  0.006  0.019  0.022  0.005  0.006  0.013  0.020  0.533  0.004  0.005  0.008  0.126       33
  4:     0.033  0.007  0.007  0.011  0.012  0.009  0.007  0.006  0.007  0.008  0.019  0.006  0.018  0.843  0.007       40
  5:     0.006  0.009  0.026  0.003  0.028  0.880  0.003  0.005  0.006  0.007  0.007  0.003  0.003  0.006  0.007       39
  6:     0.013  0.027  0.019  0.019  0.013  0.014  0.607  0.098  0.054  0.012  0.024  0.041  0.029  0.018  0.014       40
  7:     0.049  0.009  0.010  0.052  0.011  0.011  0.068  0.600  0.045  0.022  0.012  0.021  0.060  0.021  0.009       37
  8:     0.006  0.575  0.047  0.005  0.027  0.011  0.004  0.003  0.006  0.016  0.250  0.005  0.003  0.006  0.037       40
  9:     0.040  0.005  0.006  0.080  0.005  0.012  0.010  0.007  0.006  0.003  0.005  0.804  0.008  0.005  0.004       28
 10:     0.913  0.006  0.006  0.005  0.007  0.005  0.004  0.004  0.005  0.006  0.007  0.004  0.006  0.017  0.005       14
 11:     0.016  0.008  0.014  0.016  0.008  0.037  0.006  0.048  0.007  0.005  0.008  0.008  0.808  0.006  0.006       13
 12:     0.005  0.009  0.014  0.004  0.911  0.014  0.003  0.003  0.005  0.005  0.007  0.003  0.002  0.008  0.005       14
 13:     0.008  0.024  0.013  0.005  0.025  0.007  0.004  0.005  0.006  0.020  0.096  0.003  0.005  0.006  0.771       25
 14:     0.005  0.013  0.008  0.005  0.008  0.006  0.005  0.005  0.006  0.886  0.024  0.005  0.005  0.008  0.010       40
 15:     0.028  0.025  0.031  0.010  0.065  0.016  0.023  0.009  0.017  0.008  0.019  0.025  0.008  0.702  0.014       32
 16:     0.005  0.004  0.005  0.003  0.003  0.004  0.003  0.006  0.004  0.004  0.005  0.003  0.942  0.004  0.004       20
 17:     0.012  0.015  0.006  0.020  0.014  0.004  0.272  0.033  0.147  0.005  0.008  0.444  0.006  0.007  0.007        4
 18:     0.011  0.029  0.007  0.297  0.008  0.005  0.389  0.008  0.010  0.008  0.034  0.159  0.014  0.009  0.011       23
 19:     0.006  0.005  0.004  0.915  0.005  0.004  0.009  0.008  0.007  0.004  0.005  0.014  0.006  0.006  0.004       39
 20:     0.021  0.006  0.005  0.046  0.006  0.004  0.015  0.011  0.011  0.004  0.007  0.048  0.806  0.005  0.005       38
 21:     0.007  0.035  0.635  0.004  0.074  0.108  0.005  0.006  0.011  0.047  0.032  0.005  0.004  0.008  0.019       45
 22:     0.023  0.107  0.340  0.005  0.085  0.109  0.005  0.012  0.007  0.018  0.172  0.005  0.009  0.011  0.093       28
 23:     0.005  0.007  0.005  0.516  0.007  0.007  0.047  0.023  0.007  0.005  0.007  0.343  0.008  0.008  0.005        6
 24:     0.010  0.006  0.012  0.019  0.008  0.011  0.015  0.018  0.850  0.012  0.007  0.014  0.006  0.006  0.006       40
 25:     0.019  0.007  0.015  0.011  0.015  0.010  0.034  0.771  0.018  0.011  0.009  0.017  0.047  0.009  0.008       42
--------------------------------------------

Allele-freq. divergence among pops (Net nucleotide distance),
computed using point estimates of P.

      1       2       3       4       5       6       7       8       9      10      11      12      13      14      15      
 1      -    0.2687  0.2149  0.2785  0.1831  0.2529  0.1904  0.1621  0.1901  0.2893  0.2044  0.2581  0.2364  0.2053  0.2122  
 2   0.2687     -    0.0813  0.3226  0.0942  0.2838  0.1739  0.2541  0.2264  0.1702  0.0442  0.2755  0.3523  0.2833  0.1016  
 3   0.2149  0.0813     -    0.3069  0.0575  0.1386  0.1673  0.1769  0.1408  0.1388  0.0809  0.2807  0.2967  0.2032  0.1224  
 4   0.2785  0.3226  0.3069     -    0.2656  0.3137  0.1148  0.1237  0.2072  0.3938  0.2778  0.0985  0.2256  0.1898  0.3021  
 5   0.1831  0.0942  0.0575  0.2656     -    0.1763  0.1549  0.1891  0.1480  0.1636  0.1012  0.2674  0.3411  0.1705  0.1383  
 6   0.2529  0.2838  0.1386  0.3137  0.1763     -    0.2693  0.2101  0.2592  0.3031  0.2795  0.3029  0.3801  0.2089  0.2469  
 7   0.1904  0.1739  0.1673  0.1148  0.1549  0.2693     -    0.0736  0.1232  0.2087  0.1465  0.0971  0.1531  0.1331  0.1720  
 8   0.1621  0.2541  0.1769  0.1237  0.1891  0.2101  0.0736     -    0.1219  0.2893  0.2114  0.1353  0.1126  0.1636  0.2190  
 9   0.1901  0.2264  0.1408  0.2072  0.1480  0.2592  0.1232  0.1219     -    0.1925  0.1593  0.2284  0.2671  0.1967  0.2184  
10   0.2893  0.1702  0.1388  0.3938  0.1636  0.3031  0.2087  0.2893  0.1925     -    0.1311  0.3808  0.3693  0.2176  0.1168  
11   0.2044  0.0442  0.0809  0.2778  0.1012  0.2795  0.1465  0.2114  0.1593  0.1311     -    0.2670  0.2886  0.2264  0.0829  
12   0.2581  0.2755  0.2807  0.0985  0.2674  0.3029  0.0971  0.1353  0.2284  0.3808  0.2670     -    0.1859  0.2236  0.2832  
13   0.2364  0.3523  0.2967  0.2256  0.3411  0.3801  0.1531  0.1126  0.2671  0.3693  0.2886  0.1859     -    0.2716  0.3139  
14   0.2053  0.2833  0.2032  0.1898  0.1705  0.2089  0.1331  0.1636  0.1967  0.2176  0.2264  0.2236  0.2716     -    0.2263  
15   0.2122  0.1016  0.1224  0.3021  0.1383  0.2469  0.1720  0.2190  0.2184  0.1168  0.0829  0.2832  0.3139  0.2263     -    

Average distances (expected heterozygosity) between individuals in same cluster:
cluster  1  : 0.2390 
cluster  2  : 0.3124 
cluster  3  : 0.4178 
cluster  4  : 0.3137 
cluster  5  : 0.3743 
cluster  6  : 0.2168 
cluster  7  : 0.6101 
cluster  8  : 0.5287 
cluster  9  : 0.3840 
cluster 10  : 0.3572 
cluster 11  : 0.3801 
cluster 12  : 0.4669 
cluster 13  : 0.4088 
cluster 14  : 0.3829 
cluster 15  : 0.3919 

--------------------------------------------
Estimated Ln Prob of Data   = -13248.5
Mean value of ln likelihood = -12682.9
Variance of ln likelihood   = 1131.3
Mean value of alpha         = 0.0327

Mean value of Fst_1         = 0.6419
Mean value of Fst_2         = 0.4904
Mean value of Fst_3         = 0.4059
Mean value of Fst_4         = 0.5245
Mean value of Fst_5         = 0.4990
Mean value of Fst_6         = 0.6816
Mean value of Fst_7         = 0.1591
Mean value of Fst_8         = 0.1742
Mean value of Fst_9         = 0.4298
Mean value of Fst_10         = 0.4365
Mean value of Fst_11         = 0.3768
Mean value of Fst_12         = 0.4752
Mean value of Fst_13         = 0.4459
Mean value of Fst_14         = 0.4166
Mean value of Fst_15         = 0.3918


Inferred ancestry of individuals:
        Label (%Miss) Pop:  Inferred clusters
  1    ZFB01    (0)    1 :  0.002 0.004 0.003 0.009 0.003 0.003 0.004 0.003 0.003 0.003 0.003 0.947 0.006 0.004 0.003 
  2    ZFB02    (0)    1 :  0.007 0.003 0.002 0.016 0.003 0.002 0.031 0.008 0.005 0.003 0.004 0.864 0.036 0.013 0.003 
  3    ZFB03    (0)    1 :  0.004 0.013 0.014 0.020 0.011 0.018 0.019 0.014 0.010 0.003 0.009 0.853 0.004 0.005 0.004 
  4    ZFB04    (0)    1 :  0.008 0.004 0.003 0.007 0.003 0.002 0.013 0.005 0.003 0.003 0.005 0.913 0.023 0.006 0.003 
  5    ZFB05    (0)    1 :  0.038 0.002 0.006 0.010 0.003 0.009 0.010 0.039 0.022 0.011 0.004 0.719 0.116 0.008 0.003 
  6    ZFB06    (0)    1 :  0.021 0.002 0.006 0.010 0.003 0.009 0.007 0.038 0.022 0.012 0.004 0.793 0.063 0.008 0.003 
  7    ZFB07    (9)    1 :  0.006 0.009 0.005 0.084 0.005 0.004 0.013 0.049 0.015 0.007 0.006 0.783 0.006 0.004 0.005 
  8    ZFB08    (0)    1 :  0.010 0.010 0.006 0.026 0.013 0.005 0.014 0.006 0.024 0.008 0.009 0.849 0.006 0.006 0.009 
  9    ZFB09    (0)    1 :  0.003 0.003 0.002 0.008 0.003 0.003 0.006 0.003 0.004 0.003 0.003 0.950 0.003 0.004 0.003 
 10    ZFB10    (0)    1 :  0.006 0.028 0.006 0.004 0.009 0.002 0.015 0.004 0.005 0.006 0.013 0.882 0.007 0.005 0.008 
 11    ZFB11    (0)    1 :  0.005 0.006 0.003 0.004 0.003 0.002 0.006 0.003 0.003 0.002 0.005 0.942 0.009 0.004 0.004 
 12    ZFB12    (0)    1 :  0.003 0.006 0.007 0.005 0.003 0.004 0.014 0.012 0.022 0.003 0.008 0.882 0.023 0.004 0.004 
 13    ZFB13    (0)    1 :  0.014 0.011 0.006 0.006 0.010 0.004 0.033 0.007 0.013 0.007 0.011 0.856 0.006 0.004 0.011 
 14    ZFB14    (0)    1 :  0.005 0.006 0.003 0.006 0.003 0.003 0.009 0.004 0.004 0.003 0.004 0.940 0.003 0.004 0.004 
 15    ZFB15    (0)    1 :  0.003 0.002 0.002 0.007 0.002 0.002 0.004 0.003 0.004 0.002 0.003 0.953 0.007 0.003 0.002 
 16    ZFB16    (0)    1 :  0.012 0.008 0.006 0.005 0.007 0.003 0.011 0.005 0.009 0.004 0.007 0.906 0.010 0.003 0.006 
 17    ZFB17    (0)    1 :  0.025 0.006 0.008 0.006 0.006 0.002 0.017 0.006 0.026 0.008 0.012 0.845 0.017 0.011 0.004 
 18    ZFB18    (0)    1 :  0.003 0.005 0.002 0.005 0.003 0.002 0.007 0.003 0.003 0.003 0.003 0.953 0.003 0.004 0.003 
 19    ZFB19    (0)    1 :  0.005 0.055 0.016 0.034 0.019 0.006 0.324 0.033 0.030 0.009 0.023 0.425 0.007 0.004 0.011 
 20    ZFB20    (0)    1 :  0.021 0.007 0.005 0.005 0.006 0.002 0.012 0.006 0.009 0.004 0.009 0.884 0.022 0.003 0.005 
 21    ZFB21    (0)    1 :  0.004 0.002 0.003 0.007 0.003 0.003 0.004 0.006 0.003 0.002 0.002 0.950 0.006 0.003 0.003 
 22    ZFB22    (0)    1 :  0.004 0.008 0.009 0.005 0.007 0.002 0.010 0.006 0.009 0.008 0.008 0.881 0.032 0.007 0.004 
 23    ZFB23    (0)    1 :  0.005 0.006 0.003 0.003 0.003 0.003 0.005 0.004 0.002 0.002 0.004 0.943 0.009 0.003 0.004 
 24    ZFB24    (0)    1 :  0.005 0.005 0.003 0.005 0.003 0.003 0.005 0.004 0.003 0.003 0.004 0.937 0.015 0.003 0.004 
 25    ZFB25    (0)    1 :  0.003 0.017 0.005 0.004 0.004 0.003 0.004 0.003 0.003 0.003 0.007 0.933 0.004 0.003 0.005 
 26    ZFB26    (0)    1 :  0.010 0.010 0.005 0.004 0.003 0.003 0.003 0.005 0.003 0.003 0.007 0.918 0.016 0.003 0.007 
 27    ZFB27    (0)    1 :  0.003 0.005 0.003 0.004 0.003 0.002 0.004 0.004 0.002 0.002 0.004 0.931 0.025 0.003 0.004 
 28    ZFB28    (0)    1 :  0.012 0.005 0.006 0.005 0.004 0.004 0.019 0.036 0.014 0.003 0.008 0.805 0.065 0.009 0.005 
 29    ZFB29    (0)    1 :  0.008 0.003 0.002 0.005 0.002 0.002 0.007 0.004 0.003 0.002 0.003 0.943 0.009 0.005 0.003 
 30    ZFB30    (0)    1 :  0.004 0.004 0.007 0.019 0.003 0.008 0.009 0.138 0.020 0.017 0.004 0.705 0.055 0.003 0.004 
 31    ZFB31    (0)    1 :  0.003 0.016 0.005 0.006 0.005 0.004 0.010 0.004 0.004 0.003 0.007 0.919 0.005 0.004 0.006 
 32    ZFB32    (0)    1 :  0.022 0.008 0.010 0.007 0.005 0.006 0.015 0.027 0.036 0.004 0.017 0.776 0.039 0.022 0.007 
 33    ZFB33    (0)    1 :  0.003 0.003 0.002 0.005 0.002 0.002 0.004 0.004 0.003 0.002 0.003 0.955 0.007 0.003 0.003 
 34    ZFB34    (0)    1 :  0.004 0.004 0.003 0.017 0.003 0.003 0.007 0.004 0.005 0.003 0.004 0.931 0.003 0.006 0.003 
 35    ZFB35    (0)    1 :  0.006 0.006 0.005 0.013 0.004 0.004 0.004 0.004 0.004 0.003 0.005 0.927 0.007 0.005 0.004 
 36  ZFBP101    (0)    2 :  0.090 0.122 0.119 0.004 0.231 0.014 0.012 0.007 0.012 0.039 0.245 0.009 0.006 0.044 0.045 
 37  ZFBP102    (0)    2 :  0.030 0.117 0.113 0.005 0.224 0.005 0.013 0.009 0.007 0.016 0.350 0.013 0.008 0.008 0.083 
 38  ZFBP103    (0)    2 :  0.034 0.160 0.150 0.003 0.435 0.025 0.010 0.006 0.006 0.012 0.057 0.007 0.006 0.079 0.009 
 39  ZFBP104    (0)    2 :  0.006 0.600 0.191 0.021 0.030 0.008 0.016 0.012 0.028 0.009 0.031 0.015 0.007 0.004 0.021 
 40  ZFBP105    (0)    2 :  0.008 0.303 0.126 0.006 0.022 0.015 0.007 0.008 0.011 0.006 0.143 0.006 0.006 0.006 0.327 
 41  ZFBP106    (0)    2 :  0.012 0.561 0.050 0.003 0.055 0.018 0.004 0.003 0.006 0.010 0.202 0.003 0.003 0.007 0.063 
 42  ZFBP107    (0)    2 :  0.064 0.450 0.178 0.005 0.024 0.017 0.006 0.023 0.009 0.004 0.032 0.009 0.020 0.007 0.153 
 43  ZFBP108    (0)    2 :  0.005 0.731 0.013 0.003 0.005 0.006 0.003 0.003 0.003 0.005 0.173 0.003 0.003 0.003 0.041 
 44  ZFBP109    (0)    2 :  0.004 0.149 0.017 0.010 0.190 0.005 0.005 0.004 0.004 0.005 0.506 0.003 0.002 0.004 0.092 
 45  ZFBP110    (0)    2 :  0.040 0.071 0.226 0.009 0.040 0.086 0.048 0.020 0.008 0.005 0.344 0.040 0.006 0.022 0.035 
 46  ZFBP111    (0)    2 :  0.005 0.126 0.329 0.003 0.018 0.010 0.003 0.004 0.012 0.112 0.340 0.002 0.003 0.004 0.028 
 47  ZFBP112    (0)    2 :  0.009 0.033 0.009 0.003 0.010 0.008 0.004 0.004 0.006 0.031 0.854 0.003 0.004 0.008 0.014 
 48  ZFBP113    (0)    2 :  0.003 0.631 0.009 0.003 0.006 0.003 0.004 0.004 0.006 0.004 0.311 0.003 0.003 0.003 0.006 
 49  ZFBP114    (0)    2 :  0.011 0.042 0.034 0.004 0.146 0.004 0.004 0.006 0.003 0.005 0.068 0.003 0.005 0.004 0.660 
 50  ZFBP115    (0)    2 :  0.013 0.025 0.773 0.003 0.040 0.023 0.003 0.004 0.007 0.017 0.035 0.002 0.003 0.011 0.042 
 51  ZFBP116    (0)    2 :  0.006 0.641 0.031 0.003 0.010 0.005 0.003 0.005 0.007 0.006 0.259 0.002 0.004 0.004 0.013 
 52  ZFBP117    (0)    2 :  0.009 0.574 0.031 0.004 0.020 0.009 0.006 0.005 0.005 0.009 0.111 0.003 0.002 0.013 0.199 
 53  ZFBP118    (0)    2 :  0.024 0.374 0.037 0.003 0.089 0.003 0.003 0.010 0.004 0.012 0.064 0.004 0.009 0.005 0.359 
 54  ZFBP119    (0)    2 :  0.013 0.046 0.204 0.005 0.110 0.015 0.007 0.005 0.023 0.023 0.031 0.003 0.002 0.023 0.490 
 55  ZFBP120    (0)    2 :  0.008 0.446 0.152 0.008 0.016 0.018 0.006 0.009 0.012 0.005 0.140 0.008 0.005 0.005 0.162 
 56  ZFBP121    (0)    2 :  0.009 0.205 0.015 0.006 0.034 0.010 0.006 0.004 0.005 0.005 0.334 0.005 0.003 0.009 0.348 
 57  ZFBP122    (9)    2 :  0.006 0.341 0.028 0.004 0.017 0.006 0.004 0.004 0.007 0.010 0.544 0.003 0.003 0.004 0.020 
 58  ZFBP123    (0)    2 :  0.020 0.017 0.012 0.003 0.009 0.005 0.004 0.004 0.007 0.010 0.889 0.002 0.004 0.006 0.008 
 59  ZFBP124    (0)    2 :  0.011 0.146 0.016 0.018 0.096 0.005 0.005 0.004 0.005 0.005 0.420 0.006 0.004 0.006 0.250 
 60  ZFBP125    (0)    2 :  0.007 0.728 0.035 0.002 0.018 0.010 0.004 0.003 0.004 0.017 0.037 0.002 0.002 0.008 0.125 
 61  ZFBP126    (0)    2 :  0.018 0.544 0.020 0.004 0.015 0.003 0.026 0.011 0.013 0.006 0.306 0.008 0.009 0.011 0.008 
 62  ZFBP127    (0)    2 :  0.008 0.144 0.119 0.004 0.117 0.066 0.003 0.004 0.003 0.005 0.473 0.003 0.002 0.015 0.034 
 63  ZFBP128    (0)    2 :  0.009 0.749 0.013 0.004 0.036 0.018 0.004 0.002 0.004 0.034 0.093 0.003 0.002 0.019 0.011 
 64  ZFBP129    (0)    2 :  0.011 0.295 0.008 0.010 0.013 0.008 0.007 0.005 0.006 0.142 0.189 0.004 0.003 0.012 0.289 
 65  ZFBP130    (0)    2 :  0.010 0.571 0.029 0.002 0.032 0.013 0.004 0.004 0.009 0.072 0.140 0.002 0.003 0.034 0.074 
 66  ZFBP131    (0)    2 :  0.003 0.433 0.005 0.004 0.004 0.003 0.004 0.004 0.005 0.005 0.452 0.003 0.004 0.003 0.068 
 67  ZFBP132    (0)    2 :  0.004 0.271 0.028 0.003 0.008 0.021 0.005 0.004 0.003 0.004 0.427 0.005 0.003 0.004 0.209 
 68  ZFBP133    (0)    2 :  0.003 0.181 0.007 0.003 0.007 0.003 0.004 0.002 0.006 0.024 0.742 0.002 0.002 0.007 0.007 
 69  ZFBP134    (0)    2 :  0.003 0.068 0.428 0.003 0.194 0.011 0.005 0.003 0.013 0.010 0.219 0.004 0.003 0.019 0.016 
 70  ZFBP135    (0)    2 :  0.064 0.372 0.014 0.006 0.175 0.017 0.022 0.006 0.006 0.013 0.120 0.010 0.004 0.136 0.035 
 71  ZFBP136    (0)    2 :  0.099 0.042 0.038 0.003 0.149 0.016 0.005 0.004 0.007 0.026 0.557 0.003 0.006 0.027 0.019 
 72  ZFBP201    (0)    3 :  0.004 0.017 0.009 0.004 0.004 0.008 0.004 0.004 0.005 0.003 0.920 0.003 0.004 0.004 0.006 
 73  ZFBP202    (0)    3 :  0.007 0.474 0.053 0.011 0.017 0.015 0.005 0.005 0.007 0.010 0.294 0.006 0.003 0.005 0.088 
 74  ZFBP203    (0)    3 :  0.007 0.036 0.014 0.005 0.008 0.005 0.012 0.023 0.023 0.010 0.803 0.006 0.032 0.004 0.012 
 75  ZFBP204    (0)    3 :  0.049 0.095 0.210 0.004 0.046 0.022 0.007 0.006 0.013 0.029 0.198 0.004 0.006 0.016 0.295 
 76  ZFBP205    (0)    3 :  0.007 0.008 0.034 0.003 0.005 0.003 0.004 0.003 0.004 0.007 0.799 0.002 0.003 0.005 0.112 
 77  ZFBP206    (0)    3 :  0.012 0.011 0.006 0.004 0.006 0.004 0.004 0.003 0.007 0.010 0.915 0.003 0.004 0.005 0.005 
 78  ZFBP207    (0)    3 :  0.009 0.009 0.192 0.005 0.013 0.103 0.008 0.005 0.007 0.008 0.049 0.005 0.004 0.015 0.570 
 79  ZFBP208    (0)    3 :  0.007 0.010 0.006 0.003 0.005 0.003 0.003 0.004 0.007 0.004 0.931 0.002 0.005 0.003 0.005 
 80  ZFBP209    (0)    3 :  0.003 0.135 0.007 0.003 0.014 0.003 0.004 0.002 0.004 0.048 0.742 0.002 0.002 0.008 0.020 
 81  ZFBP210    (0)    3 :  0.004 0.008 0.011 0.004 0.004 0.006 0.003 0.004 0.006 0.005 0.928 0.003 0.004 0.003 0.007 
 82  ZFBP211    (0)    3 :  0.009 0.188 0.012 0.008 0.018 0.011 0.004 0.004 0.006 0.004 0.099 0.008 0.003 0.004 0.621 
 83  ZFBP212    (0)    3 :  0.003 0.435 0.206 0.004 0.011 0.052 0.003 0.004 0.004 0.006 0.194 0.009 0.003 0.003 0.065 
 84  ZFBP213    (0)    3 :  0.021 0.025 0.008 0.010 0.011 0.012 0.005 0.005 0.009 0.006 0.857 0.004 0.004 0.007 0.014 
 85  ZFBP214    (0)    3 :  0.015 0.008 0.019 0.009 0.013 0.025 0.007 0.005 0.026 0.019 0.810 0.005 0.003 0.026 0.010 
 86  ZFBP215    (0)    3 :  0.005 0.416 0.009 0.004 0.009 0.006 0.004 0.003 0.004 0.007 0.500 0.003 0.003 0.006 0.022 
 87  ZFBP216    (0)    3 :  0.006 0.105 0.049 0.004 0.010 0.005 0.006 0.009 0.024 0.005 0.729 0.004 0.005 0.005 0.034 
 88  ZFBP217    (0)    3 :  0.004 0.013 0.061 0.004 0.007 0.028 0.004 0.006 0.024 0.067 0.756 0.004 0.003 0.006 0.013 
 89  ZFBP218    (0)    3 :  0.003 0.144 0.027 0.008 0.013 0.004 0.004 0.003 0.006 0.015 0.518 0.002 0.003 0.004 0.247 
 90  ZFBP219    (0)    3 :  0.003 0.457 0.008 0.003 0.005 0.003 0.003 0.004 0.006 0.004 0.488 0.003 0.003 0.003 0.006 
 91  ZFBP220    (0)    3 :  0.008 0.221 0.059 0.003 0.031 0.016 0.004 0.003 0.007 0.031 0.568 0.003 0.003 0.018 0.025 
 92  ZFBP221    (0)    3 :  0.003 0.121 0.417 0.010 0.035 0.009 0.004 0.003 0.006 0.008 0.193 0.004 0.003 0.004 0.181 
 93  ZFBP222    (0)    3 :  0.004 0.038 0.004 0.004 0.005 0.003 0.005 0.003 0.005 0.006 0.902 0.003 0.003 0.005 0.010 
 94  ZFBP223    (0)    3 :  0.009 0.048 0.166 0.006 0.011 0.229 0.007 0.006 0.005 0.008 0.412 0.008 0.004 0.008 0.071 
 95  ZFBP224    (0)    3 :  0.009 0.019 0.009 0.006 0.008 0.005 0.004 0.005 0.006 0.004 0.908 0.003 0.003 0.004 0.007 
 96  ZFBP225    (0)    3 :  0.010 0.098 0.335 0.003 0.015 0.021 0.006 0.006 0.012 0.220 0.234 0.003 0.007 0.013 0.020 
 97  ZFBP226    (0)    3 :  0.005 0.184 0.019 0.003 0.008 0.005 0.004 0.004 0.005 0.004 0.670 0.003 0.004 0.004 0.079 
 98  ZFBP227    (0)    3 :  0.012 0.167 0.184 0.018 0.037 0.009 0.018 0.027 0.138 0.006 0.322 0.009 0.007 0.005 0.040 
 99  ZFBP228    (0)    3 :  0.006 0.186 0.254 0.006 0.098 0.070 0.004 0.004 0.004 0.008 0.103 0.005 0.003 0.015 0.233 
100  ZFBP229    (0)    3 :  0.004 0.609 0.058 0.003 0.011 0.005 0.005 0.004 0.008 0.025 0.195 0.002 0.003 0.007 0.062 
101  ZFBP230    (0)    3 :  0.008 0.094 0.077 0.003 0.050 0.011 0.006 0.004 0.011 0.031 0.631 0.003 0.003 0.026 0.042 
102  ZFBP231    (0)    3 :  0.022 0.054 0.023 0.009 0.028 0.009 0.008 0.008 0.011 0.006 0.077 0.007 0.005 0.005 0.728 
103  ZFBP232    (0)    3 :  0.005 0.261 0.011 0.003 0.009 0.004 0.003 0.003 0.004 0.008 0.219 0.003 0.003 0.004 0.459 
104  ZFBP233    (0)    3 :  0.011 0.128 0.034 0.009 0.071 0.008 0.005 0.005 0.012 0.023 0.624 0.007 0.004 0.005 0.056 
105   ZFCC01    (0)    4 :  0.008 0.004 0.003 0.017 0.004 0.005 0.004 0.004 0.005 0.004 0.005 0.004 0.005 0.924 0.003 
106   ZFCC03    (0)    4 :  0.005 0.004 0.003 0.007 0.004 0.009 0.003 0.003 0.003 0.004 0.004 0.003 0.003 0.942 0.003 
107   ZFCC04    (0)    4 :  0.013 0.003 0.004 0.007 0.004 0.006 0.004 0.004 0.005 0.006 0.005 0.004 0.004 0.929 0.003 
108   ZFCC05    (0)    4 :  0.047 0.006 0.007 0.012 0.006 0.015 0.004 0.007 0.008 0.006 0.011 0.005 0.004 0.856 0.004 
109   ZFCC08    (0)    4 :  0.010 0.008 0.007 0.009 0.029 0.005 0.005 0.003 0.008 0.022 0.014 0.002 0.003 0.861 0.014 
110   ZFCC09    (0)    4 :  0.006 0.003 0.003 0.010 0.006 0.008 0.003 0.003 0.003 0.004 0.003 0.004 0.003 0.936 0.005 
111   ZFCC10    (0)    4 :  0.008 0.003 0.003 0.038 0.005 0.004 0.005 0.004 0.004 0.003 0.005 0.004 0.004 0.907 0.005 
112   ZFCC11    (0)    4 :  0.009 0.005 0.004 0.012 0.005 0.010 0.004 0.004 0.005 0.004 0.007 0.004 0.004 0.920 0.004 
113   ZFCC12    (0)    4 :  0.040 0.006 0.009 0.031 0.009 0.008 0.023 0.013 0.009 0.005 0.009 0.009 0.061 0.764 0.004 
114   ZFCC13    (0)    4 :  0.008 0.008 0.016 0.004 0.011 0.008 0.004 0.006 0.012 0.007 0.013 0.004 0.008 0.883 0.006 
115   ZFCC14    (0)    4 :  0.024 0.010 0.004 0.008 0.004 0.005 0.009 0.005 0.004 0.007 0.012 0.009 0.006 0.884 0.008 
116   ZFCC15    (0)    4 :  0.005 0.003 0.004 0.005 0.004 0.004 0.005 0.006 0.009 0.004 0.004 0.003 0.005 0.934 0.004 
117   ZFCC16    (0)    4 :  0.016 0.003 0.003 0.006 0.004 0.003 0.005 0.004 0.005 0.004 0.004 0.004 0.004 0.932 0.003 
118   ZFCC17    (0)    4 :  0.043 0.003 0.003 0.006 0.004 0.005 0.004 0.005 0.004 0.003 0.003 0.005 0.011 0.896 0.004 
119   ZFCC18    (0)    4 :  0.008 0.004 0.004 0.010 0.005 0.009 0.004 0.004 0.005 0.006 0.006 0.004 0.004 0.925 0.004 
120   ZFCC19    (0)    4 :  0.009 0.003 0.003 0.003 0.003 0.003 0.006 0.005 0.007 0.003 0.003 0.005 0.008 0.936 0.002 
121   ZFCC20    (0)    4 :  0.011 0.003 0.005 0.004 0.007 0.009 0.004 0.004 0.008 0.005 0.004 0.004 0.004 0.924 0.003 
122   ZFCC21    (0)    4 :  0.012 0.023 0.014 0.006 0.013 0.003 0.041 0.006 0.043 0.029 0.141 0.006 0.006 0.650 0.007 
123   ZFCC22    (0)    4 :  0.010 0.038 0.031 0.024 0.149 0.006 0.006 0.004 0.010 0.034 0.204 0.003 0.005 0.451 0.026 
124   ZFCC26    (0)    4 :  0.009 0.003 0.003 0.005 0.004 0.004 0.005 0.004 0.004 0.004 0.003 0.004 0.004 0.941 0.003 
125   ZFCC27    (0)    4 :  0.005 0.003 0.003 0.004 0.005 0.007 0.003 0.003 0.004 0.003 0.003 0.003 0.003 0.947 0.004 
126   ZFCC29    (0)    4 :  0.018 0.003 0.005 0.007 0.005 0.004 0.006 0.005 0.009 0.005 0.005 0.008 0.005 0.909 0.004 
127   ZFCC30    (0)    4 :  0.007 0.003 0.004 0.003 0.005 0.011 0.003 0.003 0.004 0.006 0.003 0.003 0.003 0.938 0.004 
128   ZFCC32    (0)    4 :  0.009 0.003 0.005 0.009 0.006 0.006 0.004 0.006 0.014 0.005 0.005 0.004 0.008 0.911 0.005 
129   ZFCC33    (0)    4 :  0.315 0.005 0.004 0.007 0.005 0.007 0.006 0.008 0.005 0.004 0.004 0.009 0.004 0.612 0.004 
130   ZFCC34    (0)    4 :  0.048 0.045 0.028 0.025 0.036 0.054 0.007 0.005 0.007 0.016 0.059 0.025 0.019 0.558 0.068 
131   ZFCC35    (0)    4 :  0.007 0.002 0.003 0.005 0.005 0.004 0.003 0.003 0.004 0.004 0.003 0.002 0.003 0.947 0.005 
132   ZFCC36    (0)    4 :  0.011 0.006 0.011 0.004 0.007 0.004 0.005 0.006 0.018 0.011 0.018 0.004 0.014 0.877 0.005 
133   ZFCC37    (0)    4 :  0.030 0.007 0.010 0.047 0.014 0.009 0.027 0.014 0.012 0.006 0.014 0.009 0.043 0.753 0.005 
134   ZFCC40    (0)    4 :  0.015 0.006 0.003 0.008 0.004 0.003 0.005 0.004 0.003 0.003 0.009 0.004 0.008 0.920 0.004 
135   ZFCC42    (0)    4 :  0.409 0.003 0.009 0.006 0.006 0.054 0.014 0.018 0.004 0.006 0.007 0.024 0.361 0.073 0.005 
136   ZFCC44    (0)    4 :  0.013 0.003 0.003 0.003 0.005 0.009 0.003 0.004 0.003 0.003 0.003 0.003 0.004 0.938 0.004 
137   ZFCC45    (9)    4 :  0.049 0.005 0.005 0.017 0.004 0.009 0.009 0.018 0.008 0.004 0.006 0.009 0.017 0.835 0.004 
138   ZFCC46    (0)    4 :  0.014 0.010 0.018 0.003 0.029 0.009 0.006 0.003 0.008 0.039 0.018 0.004 0.004 0.823 0.011 
139   ZFCC47    (0)    4 :  0.008 0.003 0.004 0.031 0.008 0.006 0.008 0.005 0.005 0.007 0.005 0.006 0.027 0.869 0.007 
140   ZFCC48    (0)    4 :  0.016 0.020 0.011 0.005 0.016 0.004 0.015 0.003 0.012 0.031 0.089 0.005 0.004 0.759 0.008 
141   ZFCC50    (0)    4 :  0.009 0.003 0.003 0.005 0.004 0.003 0.004 0.004 0.004 0.003 0.003 0.004 0.005 0.945 0.003 
142   ZFCC51    (0)    4 :  0.004 0.003 0.003 0.006 0.004 0.010 0.003 0.003 0.003 0.003 0.003 0.004 0.003 0.946 0.003 
143   ZFCC52    (0)    4 :  0.043 0.014 0.012 0.005 0.016 0.005 0.006 0.004 0.009 0.014 0.027 0.004 0.009 0.822 0.011 
144   ZFCC53    (0)    4 :  0.005 0.003 0.002 0.004 0.003 0.006 0.003 0.003 0.003 0.003 0.003 0.003 0.003 0.952 0.003 
145  ZFCNS01    (0)    5 :  0.003 0.005 0.067 0.003 0.004 0.793 0.006 0.031 0.045 0.003 0.009 0.002 0.018 0.007 0.004 
146  ZFCNS02    (0)    5 :  0.003 0.003 0.006 0.003 0.004 0.951 0.002 0.003 0.003 0.004 0.003 0.002 0.002 0.005 0.006 
147  ZFCNS05    (0)    5 :  0.006 0.007 0.007 0.005 0.009 0.921 0.003 0.003 0.005 0.005 0.007 0.005 0.003 0.007 0.007 
148  ZFCNS06    (0)    5 :  0.004 0.004 0.005 0.003 0.004 0.949 0.002 0.003 0.003 0.004 0.003 0.003 0.002 0.006 0.004 
149  ZFCNS07    (0)    5 :  0.003 0.006 0.013 0.003 0.003 0.930 0.002 0.003 0.003 0.009 0.005 0.003 0.002 0.003 0.011 
150  ZFCNS10    (0)    5 :  0.003 0.010 0.038 0.002 0.008 0.899 0.003 0.003 0.003 0.006 0.008 0.003 0.004 0.004 0.008 
151  ZFCNS11    (0)    5 :  0.003 0.005 0.022 0.003 0.004 0.889 0.006 0.014 0.021 0.004 0.006 0.002 0.009 0.007 0.004 
152  ZFCNS15    (0)    5 :  0.007 0.040 0.038 0.003 0.016 0.846 0.004 0.003 0.004 0.008 0.009 0.003 0.002 0.003 0.012 
153  ZFCNS17    (0)    5 :  0.004 0.004 0.005 0.003 0.005 0.950 0.002 0.003 0.003 0.004 0.004 0.002 0.002 0.005 0.005 
154  ZFCNS18    (0)    5 :  0.004 0.011 0.018 0.003 0.013 0.913 0.003 0.003 0.003 0.004 0.008 0.004 0.004 0.005 0.006 
155  ZFCNS19    (0)    5 :  0.003 0.003 0.004 0.003 0.004 0.956 0.002 0.003 0.003 0.003 0.003 0.003 0.002 0.004 0.003 
156  ZFCNS20    (0)    5 :  0.008 0.014 0.012 0.003 0.010 0.887 0.004 0.003 0.005 0.018 0.010 0.003 0.003 0.004 0.015 
157  ZFCNS21    (0)    5 :  0.003 0.003 0.005 0.003 0.005 0.956 0.002 0.003 0.003 0.002 0.003 0.002 0.002 0.004 0.003 
158  ZFCNS22    (0)    5 :  0.006 0.015 0.011 0.005 0.008 0.904 0.003 0.003 0.005 0.005 0.011 0.006 0.003 0.005 0.010 
159  ZFCNS23    (0)    5 :  0.025 0.003 0.006 0.005 0.004 0.883 0.005 0.007 0.011 0.011 0.008 0.004 0.010 0.014 0.004 
160  ZFCNS24    (0)    5 :  0.010 0.006 0.009 0.003 0.016 0.914 0.003 0.003 0.004 0.007 0.006 0.002 0.002 0.007 0.007 
161  ZFCNS25    (0)    5 :  0.009 0.010 0.015 0.003 0.011 0.893 0.004 0.003 0.004 0.010 0.008 0.002 0.003 0.005 0.020 
162  ZFCNS26    (0)    5 :  0.003 0.006 0.008 0.003 0.005 0.947 0.003 0.003 0.003 0.004 0.003 0.003 0.002 0.003 0.005 
163  ZFCNS27    (0)    5 :  0.007 0.037 0.093 0.003 0.010 0.788 0.004 0.004 0.004 0.009 0.009 0.003 0.003 0.003 0.024 
164  ZFCNS28    (0)    5 :  0.003 0.004 0.004 0.003 0.005 0.951 0.002 0.003 0.003 0.004 0.004 0.003 0.002 0.004 0.004 
165  ZFCNS29    (0)    5 :  0.007 0.007 0.007 0.004 0.008 0.922 0.004 0.003 0.005 0.004 0.007 0.004 0.002 0.008 0.008 
166  ZFCNS30    (0)    5 :  0.006 0.005 0.007 0.005 0.011 0.929 0.003 0.003 0.005 0.003 0.005 0.004 0.002 0.007 0.004 
167  ZFCNS31    (0)    5 :  0.003 0.004 0.007 0.003 0.004 0.952 0.002 0.003 0.003 0.004 0.003 0.003 0.002 0.003 0.004 
168  ZFCNS32    (0)    5 :  0.006 0.008 0.011 0.004 0.016 0.913 0.003 0.003 0.005 0.007 0.005 0.003 0.003 0.005 0.007 
169  ZFCNS33    (0)    5 :  0.003 0.003 0.006 0.003 0.004 0.954 0.002 0.003 0.003 0.004 0.003 0.002 0.002 0.003 0.004 
170  ZFCNS34    (0)    5 :  0.007 0.004 0.006 0.004 0.008 0.927 0.003 0.003 0.005 0.004 0.005 0.003 0.002 0.012 0.006 
171  ZFCNS35    (0)    5 :  0.003 0.011 0.016 0.008 0.020 0.880 0.009 0.003 0.003 0.004 0.009 0.015 0.002 0.006 0.010 
172  ZFCNS36    (0)    5 :  0.011 0.005 0.007 0.003 0.011 0.912 0.003 0.003 0.005 0.009 0.006 0.003 0.003 0.010 0.009 
173  ZFCNS37    (0)    5 :  0.005 0.005 0.043 0.004 0.163 0.742 0.003 0.007 0.004 0.006 0.004 0.003 0.002 0.004 0.004 
174  ZFCNS39    (0)    5 :  0.006 0.006 0.033 0.002 0.014 0.867 0.005 0.005 0.011 0.019 0.008 0.002 0.003 0.014 0.006 
175  ZFCNS40    (0)    5 :  0.008 0.005 0.035 0.003 0.250 0.569 0.003 0.004 0.007 0.069 0.008 0.002 0.003 0.023 0.011 
176  ZFCNS41    (0)    5 :  0.010 0.012 0.215 0.005 0.350 0.297 0.008 0.013 0.018 0.006 0.022 0.005 0.007 0.017 0.015 
177  ZFCNS42    (0)    5 :  0.003 0.005 0.007 0.003 0.005 0.952 0.003 0.003 0.002 0.003 0.003 0.003 0.002 0.003 0.004 
178  ZFCNS43    (0)    5 :  0.004 0.003 0.004 0.003 0.005 0.956 0.002 0.003 0.003 0.003 0.003 0.002 0.002 0.005 0.003 
179  ZFCNS44    (0)    5 :  0.004 0.011 0.021 0.003 0.016 0.909 0.003 0.003 0.003 0.003 0.008 0.003 0.004 0.005 0.005 
180  ZFCNS46    (0)    5 :  0.006 0.007 0.013 0.004 0.008 0.925 0.003 0.004 0.005 0.004 0.006 0.003 0.002 0.005 0.005 
181  ZFCNS47    (0)    5 :  0.003 0.003 0.005 0.003 0.005 0.955 0.002 0.003 0.003 0.003 0.003 0.003 0.002 0.004 0.003 
182  ZFCNS48    (0)    5 :  0.005 0.016 0.053 0.004 0.016 0.853 0.003 0.004 0.004 0.005 0.014 0.004 0.004 0.007 0.008 
183  ZFCNS49    (0)    5 :  0.003 0.027 0.133 0.003 0.011 0.786 0.003 0.003 0.003 0.004 0.008 0.004 0.003 0.003 0.007 
184   ZFCR01    (0)    6 :  0.003 0.008 0.004 0.029 0.003 0.003 0.824 0.064 0.004 0.007 0.016 0.007 0.013 0.007 0.008 
185   ZFCR02    (0)    6 :  0.012 0.005 0.005 0.005 0.005 0.005 0.862 0.010 0.005 0.008 0.013 0.013 0.008 0.022 0.021 
186   ZFCR03    (0)    6 :  0.066 0.010 0.004 0.010 0.005 0.003 0.738 0.013 0.014 0.009 0.024 0.021 0.054 0.015 0.012 
187   ZFCR04    (0)    6 :  0.005 0.018 0.028 0.060 0.008 0.009 0.595 0.046 0.010 0.017 0.009 0.148 0.023 0.013 0.010 
188   ZFCR05    (0)    6 :  0.004 0.004 0.003 0.015 0.004 0.003 0.905 0.018 0.009 0.004 0.004 0.009 0.007 0.010 0.003 
189   ZFCR06    (0)    6 :  0.006 0.016 0.037 0.013 0.006 0.065 0.743 0.014 0.006 0.011 0.013 0.019 0.004 0.013 0.033 
190   ZFCR07    (0)    6 :  0.059 0.010 0.049 0.012 0.024 0.078 0.426 0.140 0.107 0.004 0.014 0.050 0.011 0.011 0.005 
191   ZFCR08    (0)    6 :  0.035 0.025 0.011 0.108 0.015 0.004 0.136 0.446 0.006 0.039 0.035 0.020 0.045 0.067 0.008 
192   ZFCR09    (0)    6 :  0.017 0.030 0.032 0.015 0.024 0.015 0.242 0.026 0.020 0.014 0.081 0.086 0.319 0.022 0.059 
193   ZFCR11    (0)    6 :  0.005 0.004 0.060 0.015 0.006 0.011 0.789 0.021 0.018 0.003 0.004 0.029 0.008 0.009 0.021 
194   ZFCR12    (0)    6 :  0.008 0.012 0.069 0.005 0.018 0.112 0.706 0.008 0.015 0.014 0.006 0.006 0.003 0.008 0.009 
195   ZFCR13    (0)    6 :  0.008 0.098 0.010 0.006 0.011 0.007 0.185 0.316 0.244 0.005 0.017 0.043 0.004 0.011 0.035 
196   ZFCR14    (0)    6 :  0.006 0.009 0.007 0.010 0.014 0.007 0.861 0.014 0.020 0.012 0.006 0.015 0.004 0.009 0.005 
197   ZFCR15    (0)    6 :  0.010 0.018 0.013 0.018 0.018 0.005 0.735 0.048 0.017 0.032 0.020 0.039 0.008 0.011 0.011 
198   ZFCR16    (0)    6 :  0.004 0.010 0.007 0.007 0.004 0.003 0.846 0.026 0.009 0.016 0.024 0.018 0.004 0.007 0.014 
199   ZFCR18    (0)    6 :  0.029 0.005 0.004 0.008 0.010 0.006 0.551 0.012 0.006 0.006 0.007 0.320 0.004 0.010 0.020 
200   ZFCR19    (0)    6 :  0.006 0.024 0.009 0.007 0.012 0.006 0.791 0.006 0.009 0.034 0.010 0.024 0.039 0.011 0.012 
201   ZFCR20    (0)    6 :  0.034 0.032 0.009 0.042 0.009 0.005 0.637 0.028 0.057 0.008 0.068 0.043 0.013 0.007 0.008 
202   ZFCR21    (0)    6 :  0.008 0.005 0.006 0.004 0.007 0.004 0.895 0.009 0.024 0.011 0.006 0.004 0.004 0.012 0.004 
203   ZFCR22    (0)    6 :  0.007 0.006 0.007 0.002 0.005 0.003 0.871 0.006 0.052 0.014 0.008 0.005 0.004 0.005 0.005 
204   ZFCR23    (0)    6 :  0.004 0.076 0.038 0.004 0.009 0.005 0.630 0.082 0.049 0.005 0.047 0.010 0.024 0.003 0.012 
205   ZFCR24    (9)    6 :  0.011 0.399 0.008 0.034 0.011 0.004 0.098 0.088 0.103 0.006 0.105 0.084 0.019 0.008 0.021 
206   ZFCR25    (0)    6 :  0.005 0.004 0.006 0.009 0.005 0.003 0.921 0.008 0.012 0.004 0.004 0.007 0.004 0.005 0.003 
207   ZFCR26    (0)    6 :  0.007 0.009 0.007 0.009 0.012 0.004 0.620 0.012 0.221 0.012 0.011 0.004 0.047 0.014 0.012 
208   ZFCR27    (9)    6 :  0.003 0.004 0.003 0.023 0.004 0.003 0.561 0.330 0.032 0.003 0.004 0.012 0.012 0.005 0.003 
209   ZFCR28    (0)    6 :  0.007 0.014 0.026 0.006 0.007 0.024 0.509 0.180 0.005 0.039 0.131 0.004 0.005 0.010 0.032 
210   ZFCR29    (0)    6 :  0.004 0.005 0.003 0.006 0.004 0.002 0.924 0.004 0.015 0.005 0.005 0.008 0.005 0.005 0.004 
211   ZFCR30    (0)    6 :  0.009 0.007 0.010 0.007 0.014 0.009 0.851 0.009 0.044 0.009 0.007 0.006 0.007 0.005 0.005 
212   ZFCR31    (0)    6 :  0.027 0.034 0.056 0.016 0.020 0.041 0.375 0.019 0.025 0.016 0.065 0.198 0.053 0.011 0.044 
213   ZFCR33    (0)    6 :  0.009 0.011 0.015 0.053 0.015 0.007 0.043 0.699 0.029 0.013 0.014 0.008 0.033 0.045 0.006 
214   ZFCR34    (0)    6 :  0.004 0.017 0.041 0.005 0.011 0.008 0.476 0.039 0.206 0.008 0.027 0.122 0.016 0.014 0.006 
215   ZFCR35    (0)    6 :  0.004 0.007 0.005 0.009 0.006 0.004 0.830 0.009 0.005 0.004 0.006 0.085 0.014 0.009 0.004 
216   ZFCR36    (0)    6 :  0.007 0.007 0.011 0.007 0.005 0.020 0.832 0.011 0.018 0.005 0.010 0.041 0.015 0.007 0.005 
217   ZFCR37    (0)    6 :  0.016 0.004 0.004 0.066 0.005 0.004 0.049 0.096 0.578 0.004 0.005 0.056 0.039 0.072 0.003 
218   ZFCR38    (0)    6 :  0.012 0.006 0.009 0.044 0.010 0.007 0.200 0.568 0.034 0.011 0.011 0.008 0.028 0.044 0.006 
219   ZFCR39    (0)    6 :  0.029 0.021 0.016 0.013 0.009 0.003 0.150 0.280 0.008 0.024 0.090 0.021 0.199 0.106 0.032 
220   ZFCR40    (0)    6 :  0.006 0.013 0.014 0.012 0.012 0.004 0.753 0.098 0.010 0.004 0.013 0.011 0.028 0.018 0.004 
221   ZFCR41    (0)    6 :  0.006 0.006 0.064 0.007 0.114 0.011 0.709 0.010 0.015 0.015 0.008 0.006 0.003 0.021 0.005 
222   ZFCR42    (0)    6 :  0.020 0.023 0.030 0.009 0.023 0.017 0.588 0.089 0.078 0.019 0.024 0.007 0.021 0.042 0.010 
223   ZFCR43    (0)    6 :  0.004 0.055 0.004 0.011 0.009 0.006 0.824 0.011 0.009 0.004 0.005 0.020 0.004 0.004 0.028 
224  ZFENP25    (0)    7 :  0.007 0.009 0.005 0.040 0.008 0.003 0.041 0.815 0.007 0.011 0.017 0.005 0.005 0.023 0.003 
225  ZFENP26    (0)    7 :  0.004 0.002 0.004 0.006 0.005 0.003 0.010 0.936 0.004 0.003 0.002 0.006 0.007 0.004 0.002 
226  ZFENP27    (0)    7 :  0.043 0.015 0.022 0.025 0.046 0.060 0.252 0.282 0.005 0.010 0.028 0.016 0.037 0.155 0.005 
227  ZFENP28    (0)    7 :  0.004 0.003 0.005 0.027 0.005 0.010 0.025 0.864 0.010 0.005 0.004 0.008 0.011 0.014 0.006 
228  ZFENP29    (0)    7 :  0.008 0.005 0.005 0.005 0.005 0.005 0.040 0.887 0.009 0.004 0.005 0.004 0.005 0.011 0.003 
229  ZFENP30    (0)    7 :  0.105 0.004 0.004 0.009 0.006 0.009 0.012 0.764 0.015 0.007 0.007 0.007 0.013 0.031 0.006 
230  ZFENP31    (0)    7 :  0.341 0.004 0.004 0.017 0.007 0.007 0.011 0.205 0.006 0.004 0.004 0.015 0.350 0.015 0.011 
231  ZFENP32    (0)    7 :  0.111 0.010 0.016 0.018 0.021 0.027 0.067 0.186 0.010 0.006 0.021 0.222 0.250 0.011 0.023 
232  ZFENP33    (0)    7 :  0.040 0.007 0.007 0.035 0.009 0.005 0.016 0.798 0.036 0.004 0.008 0.013 0.012 0.005 0.005 
233  ZFENP34    (0)    7 :  0.085 0.004 0.006 0.584 0.007 0.011 0.023 0.194 0.007 0.004 0.006 0.033 0.010 0.019 0.008 
234  ZFENP35    (0)    7 :  0.007 0.014 0.018 0.006 0.012 0.011 0.005 0.860 0.007 0.005 0.008 0.015 0.022 0.004 0.004 
235  ZFENP36    (0)    7 :  0.008 0.002 0.005 0.006 0.003 0.012 0.007 0.919 0.008 0.002 0.003 0.009 0.012 0.003 0.002 
236  ZFENP37    (0)    7 :  0.008 0.007 0.007 0.280 0.010 0.009 0.008 0.545 0.033 0.004 0.008 0.016 0.052 0.009 0.005 
237  ZFENP38    (0)    7 :  0.014 0.005 0.008 0.031 0.009 0.015 0.013 0.404 0.429 0.005 0.006 0.012 0.024 0.019 0.004 
238  ZFENP39    (0)    7 :  0.007 0.006 0.004 0.023 0.005 0.005 0.123 0.748 0.012 0.003 0.004 0.012 0.029 0.016 0.003 
239  ZFENP40    (0)    7 :  0.013 0.010 0.007 0.018 0.005 0.006 0.075 0.776 0.006 0.004 0.010 0.018 0.039 0.007 0.007 
240  ZFENP41    (0)    7 :  0.036 0.009 0.006 0.018 0.011 0.008 0.024 0.740 0.007 0.009 0.007 0.020 0.014 0.086 0.005 
241  ZFENP42    (0)    7 :  0.009 0.003 0.006 0.004 0.005 0.003 0.011 0.785 0.034 0.005 0.004 0.003 0.119 0.006 0.003 
242  ZFENP43    (0)    7 :  0.009 0.007 0.034 0.036 0.040 0.048 0.028 0.636 0.082 0.006 0.008 0.007 0.025 0.028 0.006 
243  ZFENP44    (0)    7 :  0.024 0.007 0.013 0.019 0.013 0.012 0.011 0.756 0.028 0.003 0.009 0.006 0.083 0.014 0.004 
244  ZFENP45    (0)    7 :  0.019 0.019 0.015 0.010 0.008 0.008 0.020 0.420 0.053 0.296 0.019 0.009 0.058 0.013 0.035 
245  ZFENP46    (0)    7 :  0.012 0.022 0.016 0.033 0.033 0.007 0.015 0.757 0.046 0.005 0.012 0.008 0.023 0.003 0.008 
246  ZFENP47    (0)    7 :  0.016 0.015 0.004 0.011 0.007 0.003 0.127 0.206 0.005 0.134 0.012 0.042 0.337 0.064 0.015 
247  ZFENP48    (0)    7 :  0.255 0.006 0.005 0.498 0.008 0.007 0.034 0.080 0.016 0.011 0.017 0.013 0.017 0.016 0.015 
248  ZFENP49    (0)    7 :  0.161 0.014 0.006 0.005 0.006 0.006 0.550 0.167 0.010 0.010 0.008 0.027 0.011 0.008 0.011 
249  ZFENP50    (0)    7 :  0.006 0.024 0.022 0.007 0.006 0.004 0.021 0.699 0.064 0.007 0.058 0.008 0.043 0.004 0.026 
250  ZFENP51    (0)    7 :  0.038 0.004 0.004 0.018 0.005 0.006 0.028 0.363 0.016 0.057 0.003 0.038 0.407 0.007 0.004 
251  ZFENP52    (0)    7 :  0.006 0.005 0.016 0.004 0.016 0.012 0.006 0.890 0.012 0.005 0.005 0.003 0.007 0.009 0.005 
252  ZFENP53    (0)    7 :  0.009 0.022 0.021 0.009 0.015 0.010 0.014 0.746 0.022 0.025 0.038 0.006 0.016 0.008 0.040 
253  ZFENP54    (0)    7 :  0.024 0.013 0.011 0.009 0.009 0.005 0.623 0.168 0.018 0.006 0.043 0.017 0.011 0.019 0.025 
254  ZFENP55    (0)    7 :  0.011 0.005 0.004 0.030 0.005 0.004 0.053 0.254 0.543 0.004 0.005 0.052 0.020 0.004 0.006 
255  ZFENP56    (0)    7 :  0.010 0.004 0.007 0.009 0.014 0.009 0.010 0.838 0.054 0.005 0.004 0.013 0.011 0.008 0.004 
256  ZFENP57    (0)    7 :  0.015 0.004 0.009 0.020 0.005 0.013 0.016 0.806 0.017 0.002 0.007 0.014 0.065 0.004 0.003 
257  ZFENP58    (0)    7 :  0.304 0.004 0.018 0.005 0.009 0.016 0.066 0.347 0.022 0.124 0.020 0.027 0.011 0.020 0.008 
258  ZFENP59    (0)    7 :  0.030 0.005 0.004 0.011 0.006 0.005 0.024 0.765 0.009 0.004 0.006 0.013 0.037 0.075 0.006 
259  ZFENP60    (0)    7 :  0.007 0.013 0.009 0.033 0.006 0.007 0.059 0.761 0.013 0.015 0.012 0.033 0.015 0.010 0.009 
260  ZFENP61    (0)    7 :  0.008 0.004 0.003 0.018 0.005 0.004 0.065 0.832 0.008 0.003 0.004 0.018 0.007 0.017 0.003 
261 ZFFDSP01    (0)    8 :  0.004 0.203 0.063 0.005 0.019 0.018 0.004 0.003 0.007 0.014 0.641 0.006 0.003 0.004 0.007 
262 ZFFDSP02    (0)    8 :  0.003 0.919 0.006 0.003 0.008 0.003 0.003 0.002 0.004 0.004 0.034 0.002 0.002 0.004 0.004 
263 ZFFDSP04    (0)    8 :  0.003 0.524 0.008 0.004 0.011 0.003 0.004 0.002 0.005 0.013 0.401 0.004 0.002 0.005 0.010 
264 ZFFDSP05    (0)    8 :  0.003 0.821 0.068 0.003 0.010 0.005 0.005 0.004 0.010 0.009 0.040 0.003 0.004 0.004 0.011 
265 ZFFDSP06    (0)    8 :  0.003 0.325 0.011 0.013 0.093 0.003 0.005 0.002 0.005 0.019 0.419 0.002 0.002 0.012 0.085 
266 ZFFDSP07    (0)    8 :  0.023 0.160 0.007 0.004 0.009 0.004 0.005 0.004 0.007 0.036 0.707 0.002 0.004 0.010 0.017 
267 ZFFDSP08    (0)    8 :  0.033 0.113 0.034 0.004 0.049 0.012 0.004 0.005 0.012 0.112 0.498 0.003 0.004 0.010 0.108 
268 ZFFDSP10    (0)    8 :  0.013 0.578 0.020 0.004 0.035 0.005 0.006 0.005 0.009 0.021 0.275 0.004 0.005 0.006 0.013 
269 ZFFDSP11    (0)    8 :  0.003 0.442 0.020 0.004 0.010 0.004 0.005 0.003 0.010 0.008 0.456 0.005 0.003 0.004 0.024 
270 ZFFDSP12    (0)    8 :  0.005 0.170 0.016 0.003 0.011 0.004 0.003 0.003 0.004 0.010 0.551 0.002 0.003 0.003 0.212 
271 ZFFDSP13    (0)    8 :  0.009 0.066 0.602 0.004 0.172 0.014 0.006 0.006 0.011 0.005 0.071 0.004 0.004 0.009 0.017 
