

----------------------------------------------------
STRUCTURE by Pritchard, Stephens and Donnelly (2000)
     and Falush, Stephens and Pritchard (2003)
       Code by Pritchard, Falush and Hubisz
             Version 2.3.4 (Jul 2012)
----------------------------------------------------



Command line arguments:   bin\structure -m C:\Users\eschumacher\Documents\GitHub\GCC_QUAC_ZAIN\Data_Files\Structure_Files\ZAIN\ZAIN_rebinned_wild\50-50\mainparams -e C:\Users\eschumacher\Documents\GitHub\GCC_QUAC_ZAIN\Data_Files\Structure_Files\ZAIN\ZAIN_rebinned_wild\50-50\extraparams 
Input File:    C:\Users\eschumacher\Documents\GitHub\GCC_QUAC_ZAIN\Data_Files\Structure_Files\ZAIN\ZAIN_rebinned_wild\project_data

Run parameters:
   751 individuals
   11 loci
   11 populations assumed
   50000 Burn-in period
   50000 Reps


--------------------------------------------
Proportion of membership of each pre-defined
 population in each of the 11 clusters

Given    Inferred Clusters                                                               Number of
 Pop       1      2      3      4      5      6      7      8      9     10     11      Individuals

  1:     0.897  0.012  0.006  0.012  0.006  0.014  0.010  0.004  0.007  0.028  0.004       35
  2:     0.007  0.005  0.238  0.006  0.025  0.005  0.008  0.022  0.666  0.005  0.013       36
  3:     0.004  0.006  0.132  0.006  0.009  0.004  0.013  0.027  0.773  0.006  0.020       33
  4:     0.005  0.010  0.007  0.006  0.912  0.017  0.007  0.008  0.010  0.008  0.009       40
  5:     0.004  0.004  0.034  0.004  0.007  0.003  0.006  0.009  0.007  0.004  0.919       39
  6:     0.148  0.038  0.030  0.374  0.029  0.037  0.225  0.032  0.056  0.018  0.014       40
  7:     0.025  0.061  0.011  0.696  0.032  0.030  0.055  0.022  0.011  0.046  0.011       37
  8:     0.006  0.005  0.174  0.004  0.006  0.003  0.006  0.018  0.762  0.003  0.013       40
  9:     0.805  0.086  0.006  0.007  0.038  0.025  0.007  0.003  0.005  0.004  0.014       28
 10:     0.009  0.006  0.014  0.017  0.798  0.089  0.018  0.008  0.015  0.017  0.010       14
 11:     0.009  0.011  0.014  0.018  0.008  0.011  0.015  0.005  0.010  0.868  0.031       13
 12:     0.004  0.007  0.901  0.004  0.021  0.003  0.006  0.008  0.015  0.002  0.030       14
 13:     0.004  0.006  0.057  0.008  0.011  0.005  0.006  0.041  0.836  0.013  0.012       25
 14:     0.006  0.006  0.010  0.005  0.008  0.004  0.005  0.929  0.015  0.006  0.006       40
 15:     0.025  0.012  0.055  0.013  0.820  0.007  0.017  0.007  0.020  0.008  0.016       32
 16:     0.003  0.003  0.003  0.004  0.003  0.004  0.003  0.003  0.003  0.970  0.003       20
 17:     0.624  0.023  0.011  0.065  0.010  0.051  0.193  0.005  0.011  0.003  0.005        4
 18:     0.234  0.548  0.015  0.020  0.012  0.054  0.038  0.014  0.056  0.005  0.005       23
 19:     0.014  0.930  0.005  0.008  0.006  0.012  0.007  0.004  0.005  0.005  0.004       39
 20:     0.012  0.010  0.004  0.006  0.004  0.941  0.005  0.003  0.004  0.007  0.004       38
 21:     0.005  0.004  0.746  0.006  0.009  0.004  0.010  0.051  0.039  0.005  0.121       45
 22:     0.005  0.005  0.500  0.010  0.017  0.005  0.007  0.026  0.290  0.018  0.116       28
 23:     0.321  0.583  0.006  0.035  0.007  0.006  0.008  0.006  0.006  0.013  0.009        6
 24:     0.013  0.018  0.013  0.019  0.006  0.008  0.886  0.014  0.007  0.004  0.011       40
 25:     0.015  0.011  0.024  0.820  0.012  0.024  0.024  0.010  0.008  0.043  0.010       42
--------------------------------------------

Allele-freq. divergence among pops (Net nucleotide distance),
computed using point estimates of P.

      1       2       3       4       5       6       7       8       9      10      11      
 1      -    0.0900  0.2473  0.1210  0.1931  0.1424  0.2021  0.3619  0.2429  0.3008  0.2961  
 2   0.0900     -    0.2578  0.1079  0.1649  0.1599  0.1830  0.3653  0.2525  0.3454  0.2967  
 3   0.2473  0.2578     -    0.1504  0.1422  0.2895  0.1214  0.1234  0.0474  0.3581  0.1385  
 4   0.1210  0.1079  0.1504     -    0.1105  0.1290  0.0989  0.2568  0.1831  0.1798  0.1984  
 5   0.1931  0.1649  0.1422  0.1105     -    0.2253  0.1454  0.1860  0.1752  0.3073  0.1752  
 6   0.1424  0.1599  0.2895  0.1290  0.2253     -    0.2119  0.3491  0.2876  0.2139  0.3629  
 7   0.2021  0.1830  0.1214  0.0989  0.1454  0.2119     -    0.1749  0.1608  0.3497  0.2451  
 8   0.3619  0.3653  0.1234  0.2568  0.1860  0.3491  0.1749     -    0.1117  0.4503  0.2910  
 9   0.2429  0.2525  0.0474  0.1831  0.1752  0.2876  0.1608  0.1117     -    0.3699  0.2410  
10   0.3008  0.3454  0.3581  0.1798  0.3073  0.2139  0.3497  0.4503  0.3699     -    0.4397  
11   0.2961  0.2967  0.1385  0.1984  0.1752  0.3629  0.2451  0.2910  0.2410  0.4397     -    

Average distances (expected heterozygosity) between individuals in same cluster:
cluster  1  : 0.4829 
cluster  2  : 0.3498 
cluster  3  : 0.4311 
cluster  4  : 0.5616 
cluster  5  : 0.4272 
cluster  6  : 0.3851 
cluster  7  : 0.4351 
cluster  8  : 0.3629 
cluster  9  : 0.4051 
cluster 10  : 0.2611 
cluster 11  : 0.2303 

--------------------------------------------
Estimated Ln Prob of Data   = -13337.2
Mean value of ln likelihood = -12911.6
Variance of ln likelihood   = 851.1
Mean value of alpha         = 0.0323

Mean value of Fst_1         = 0.4121
Mean value of Fst_2         = 0.4535
Mean value of Fst_3         = 0.4218
Mean value of Fst_4         = 0.1135
Mean value of Fst_5         = 0.4164
Mean value of Fst_6         = 0.5482
Mean value of Fst_7         = 0.3492
Mean value of Fst_8         = 0.4543
Mean value of Fst_9         = 0.3845
Mean value of Fst_10         = 0.6187
Mean value of Fst_11         = 0.6596


Inferred ancestry of individuals:
        Label (%Miss) Pop:  Inferred clusters
  1    ZFB01    (0)    1 :  0.956 0.010 0.003 0.004 0.004 0.007 0.003 0.003 0.004 0.005 0.003 
  2    ZFB02    (0)    1 :  0.882 0.014 0.003 0.008 0.010 0.057 0.005 0.003 0.004 0.012 0.002 
  3    ZFB03    (0)    1 :  0.889 0.020 0.013 0.018 0.007 0.008 0.010 0.002 0.009 0.003 0.020 
  4    ZFB04    (0)    1 :  0.915 0.007 0.003 0.006 0.006 0.038 0.003 0.003 0.004 0.013 0.002 
  5    ZFB05    (0)    1 :  0.730 0.010 0.004 0.039 0.011 0.054 0.024 0.009 0.003 0.107 0.010 
  6    ZFB06    (0)    1 :  0.796 0.011 0.005 0.036 0.010 0.029 0.017 0.010 0.003 0.074 0.009 
  7    ZFB07    (9)    1 :  0.816 0.086 0.006 0.036 0.005 0.006 0.012 0.006 0.007 0.015 0.005 
  8    ZFB08    (0)    1 :  0.898 0.027 0.007 0.006 0.008 0.013 0.020 0.006 0.008 0.003 0.005 
  9    ZFB09    (0)    1 :  0.962 0.008 0.002 0.004 0.004 0.005 0.004 0.002 0.003 0.003 0.003 
 10    ZFB10    (0)    1 :  0.945 0.004 0.007 0.004 0.005 0.006 0.004 0.005 0.012 0.005 0.002 
 11    ZFB11    (0)    1 :  0.954 0.004 0.003 0.003 0.005 0.006 0.003 0.003 0.005 0.012 0.002 
 12    ZFB12    (0)    1 :  0.897 0.005 0.006 0.012 0.004 0.022 0.019 0.003 0.006 0.021 0.005 
 13    ZFB13    (0)    1 :  0.923 0.008 0.008 0.007 0.006 0.014 0.012 0.006 0.009 0.003 0.005 
 14    ZFB14    (0)    1 :  0.959 0.008 0.003 0.004 0.005 0.005 0.004 0.003 0.004 0.003 0.003 
 15    ZFB15    (0)    1 :  0.958 0.007 0.002 0.003 0.003 0.010 0.003 0.002 0.002 0.006 0.003 
 16    ZFB16    (0)    1 :  0.939 0.007 0.005 0.004 0.004 0.017 0.008 0.004 0.006 0.005 0.003 
 17    ZFB17    (0)    1 :  0.870 0.007 0.009 0.011 0.018 0.011 0.028 0.010 0.009 0.025 0.002 
 18    ZFB18    (0)    1 :  0.968 0.005 0.003 0.003 0.004 0.003 0.003 0.002 0.003 0.003 0.002 
 19    ZFB19    (0)    1 :  0.696 0.062 0.029 0.077 0.004 0.011 0.055 0.011 0.042 0.005 0.007 
 20    ZFB20    (0)    1 :  0.914 0.006 0.005 0.006 0.005 0.027 0.009 0.004 0.006 0.016 0.003 
 21    ZFB21    (0)    1 :  0.957 0.007 0.003 0.005 0.003 0.008 0.003 0.002 0.003 0.006 0.004 
 22    ZFB22    (0)    1 :  0.898 0.005 0.010 0.008 0.008 0.019 0.011 0.009 0.008 0.022 0.002 
 23    ZFB23    (0)    1 :  0.951 0.003 0.004 0.004 0.004 0.006 0.003 0.002 0.005 0.015 0.003 
 24    ZFB24    (0)    1 :  0.945 0.005 0.003 0.004 0.004 0.010 0.003 0.003 0.004 0.017 0.003 
 25    ZFB25    (0)    1 :  0.960 0.004 0.006 0.003 0.003 0.003 0.003 0.003 0.007 0.005 0.003 
 26    ZFB26    (0)    1 :  0.923 0.004 0.005 0.004 0.005 0.008 0.003 0.003 0.008 0.032 0.003 
 27    ZFB27    (0)    1 :  0.907 0.004 0.003 0.004 0.004 0.007 0.002 0.002 0.004 0.061 0.002 
 28    ZFB28    (0)    1 :  0.795 0.005 0.005 0.022 0.009 0.013 0.010 0.003 0.005 0.129 0.005 
 29    ZFB29    (0)    1 :  0.954 0.005 0.002 0.004 0.005 0.010 0.003 0.002 0.003 0.010 0.002 
 30    ZFB30    (0)    1 :  0.642 0.019 0.005 0.042 0.004 0.008 0.014 0.011 0.003 0.245 0.007 
 31    ZFB31    (0)    1 :  0.948 0.007 0.006 0.004 0.004 0.004 0.004 0.004 0.010 0.006 0.004 
 32    ZFB32    (0)    1 :  0.799 0.009 0.009 0.022 0.023 0.019 0.028 0.004 0.011 0.069 0.007 
 33    ZFB33    (0)    1 :  0.961 0.006 0.003 0.004 0.003 0.008 0.003 0.002 0.003 0.005 0.003 
 34    ZFB34    (0)    1 :  0.950 0.016 0.003 0.005 0.005 0.005 0.004 0.003 0.003 0.002 0.004 
 35    ZFB35    (0)    1 :  0.940 0.013 0.005 0.004 0.005 0.012 0.004 0.003 0.005 0.005 0.004 
 36  ZFBP101    (0)    2 :  0.012 0.006 0.588 0.009 0.090 0.013 0.013 0.032 0.220 0.003 0.014 
 37  ZFBP102    (0)    2 :  0.016 0.007 0.607 0.012 0.016 0.019 0.009 0.011 0.297 0.003 0.004 
 38  ZFBP103    (0)    2 :  0.009 0.004 0.752 0.008 0.114 0.010 0.007 0.011 0.065 0.003 0.017 
 39  ZFBP104    (0)    2 :  0.018 0.026 0.648 0.013 0.004 0.010 0.032 0.007 0.231 0.003 0.008 
 40  ZFBP105    (0)    2 :  0.006 0.006 0.210 0.006 0.005 0.004 0.007 0.005 0.735 0.005 0.011 
 41  ZFBP106    (0)    2 :  0.003 0.004 0.152 0.004 0.008 0.003 0.006 0.010 0.789 0.003 0.020 
 42  ZFBP107    (0)    2 :  0.007 0.005 0.472 0.011 0.008 0.009 0.007 0.005 0.432 0.027 0.017 
 43  ZFBP108    (0)    2 :  0.003 0.003 0.009 0.003 0.003 0.003 0.003 0.004 0.961 0.003 0.006 
 44  ZFBP109    (0)    2 :  0.003 0.005 0.028 0.005 0.004 0.002 0.005 0.005 0.937 0.002 0.004 
 45  ZFBP110    (0)    2 :  0.050 0.012 0.553 0.029 0.030 0.010 0.012 0.006 0.234 0.003 0.061 
 46  ZFBP111    (0)    2 :  0.003 0.003 0.579 0.003 0.005 0.003 0.010 0.118 0.266 0.004 0.008 
 47  ZFBP112    (0)    2 :  0.003 0.004 0.029 0.004 0.016 0.004 0.008 0.049 0.865 0.006 0.012 
 48  ZFBP113    (0)    2 :  0.003 0.004 0.014 0.005 0.003 0.003 0.006 0.004 0.950 0.004 0.003 
 49  ZFBP114    (0)    2 :  0.003 0.004 0.240 0.009 0.008 0.004 0.003 0.009 0.704 0.011 0.004 
 50  ZFBP115    (0)    2 :  0.002 0.002 0.852 0.004 0.009 0.003 0.007 0.012 0.090 0.003 0.015 
 51  ZFBP116    (0)    2 :  0.003 0.003 0.047 0.004 0.004 0.003 0.008 0.006 0.911 0.005 0.005 
 52  ZFBP117    (0)    2 :  0.003 0.003 0.016 0.004 0.007 0.002 0.004 0.007 0.946 0.002 0.005 
 53  ZFBP118    (0)    2 :  0.003 0.003 0.093 0.009 0.005 0.004 0.004 0.013 0.848 0.013 0.005 
 54  ZFBP119    (0)    2 :  0.003 0.004 0.429 0.005 0.027 0.003 0.013 0.018 0.478 0.002 0.017 
 55  ZFBP120    (0)    2 :  0.006 0.006 0.274 0.005 0.004 0.004 0.006 0.005 0.673 0.004 0.012 
 56  ZFBP121    (0)    2 :  0.005 0.006 0.023 0.004 0.008 0.003 0.004 0.005 0.931 0.003 0.007 
 57  ZFBP122    (9)    2 :  0.003 0.003 0.093 0.004 0.005 0.003 0.006 0.010 0.863 0.003 0.006 
 58  ZFBP123    (0)    2 :  0.003 0.005 0.013 0.004 0.014 0.005 0.009 0.015 0.919 0.008 0.006 
 59  ZFBP124    (0)    2 :  0.004 0.007 0.013 0.004 0.005 0.004 0.004 0.005 0.948 0.004 0.005 
 60  ZFBP125    (0)    2 :  0.002 0.002 0.035 0.003 0.006 0.002 0.004 0.015 0.918 0.003 0.009 
 61  ZFBP126    (0)    2 :  0.012 0.005 0.155 0.016 0.024 0.018 0.024 0.007 0.734 0.003 0.003 
 62  ZFBP127    (0)    2 :  0.003 0.004 0.194 0.005 0.020 0.003 0.003 0.004 0.670 0.003 0.090 
 63  ZFBP128    (0)    2 :  0.004 0.004 0.029 0.003 0.016 0.003 0.004 0.032 0.888 0.002 0.016 
 64  ZFBP129    (0)    2 :  0.004 0.007 0.008 0.005 0.008 0.003 0.005 0.121 0.830 0.002 0.007 
 65  ZFBP130    (0)    2 :  0.002 0.002 0.044 0.003 0.023 0.002 0.008 0.075 0.825 0.003 0.011 
 66  ZFBP131    (0)    2 :  0.003 0.004 0.006 0.003 0.004 0.004 0.005 0.004 0.961 0.003 0.003 
 67  ZFBP132    (0)    2 :  0.004 0.003 0.013 0.003 0.004 0.002 0.003 0.004 0.947 0.003 0.013 
 68  ZFBP133    (0)    2 :  0.002 0.004 0.010 0.002 0.006 0.002 0.006 0.095 0.867 0.002 0.003 
 69  ZFBP134    (0)    2 :  0.003 0.004 0.894 0.003 0.009 0.003 0.010 0.011 0.053 0.003 0.006 
 70  ZFBP135    (0)    2 :  0.017 0.008 0.226 0.009 0.248 0.009 0.007 0.013 0.443 0.002 0.019 
 71  ZFBP136    (0)    2 :  0.004 0.004 0.223 0.006 0.128 0.006 0.007 0.052 0.542 0.011 0.018 
 72  ZFBP201    (0)    3 :  0.006 0.005 0.018 0.006 0.005 0.004 0.006 0.004 0.927 0.008 0.012 
 73  ZFBP202    (0)    3 :  0.005 0.008 0.039 0.004 0.004 0.003 0.005 0.007 0.913 0.003 0.009 
 74  ZFBP203    (0)    3 :  0.005 0.005 0.022 0.024 0.006 0.018 0.025 0.016 0.818 0.057 0.005 
 75  ZFBP204    (0)    3 :  0.004 0.005 0.245 0.006 0.018 0.004 0.009 0.023 0.663 0.006 0.017 
 76  ZFBP205    (0)    3 :  0.002 0.003 0.007 0.003 0.007 0.004 0.005 0.011 0.949 0.005 0.003 
 77  ZFBP206    (0)    3 :  0.003 0.007 0.010 0.004 0.012 0.006 0.010 0.030 0.908 0.007 0.004 
 78  ZFBP207    (0)    3 :  0.004 0.004 0.288 0.005 0.012 0.003 0.005 0.007 0.588 0.004 0.081 
 79  ZFBP208    (0)    3 :  0.003 0.004 0.008 0.006 0.007 0.007 0.013 0.007 0.929 0.013 0.003 
 80  ZFBP209    (0)    3 :  0.002 0.004 0.010 0.002 0.007 0.002 0.005 0.070 0.893 0.002 0.003 
 81  ZFBP210    (0)    3 :  0.005 0.005 0.021 0.005 0.005 0.005 0.010 0.009 0.915 0.010 0.010 
 82  ZFBP211    (0)    3 :  0.005 0.006 0.011 0.004 0.005 0.004 0.005 0.004 0.943 0.003 0.010 
 83  ZFBP212    (0)    3 :  0.007 0.004 0.274 0.004 0.003 0.003 0.003 0.006 0.654 0.003 0.039 
 84  ZFBP213    (0)    3 :  0.004 0.015 0.011 0.005 0.013 0.006 0.009 0.010 0.911 0.004 0.011 
 85  ZFBP214    (0)    3 :  0.006 0.019 0.041 0.007 0.046 0.004 0.034 0.083 0.720 0.004 0.037 
 86  ZFBP215    (0)    3 :  0.003 0.004 0.011 0.003 0.005 0.003 0.005 0.006 0.952 0.002 0.006 
 87  ZFBP216    (0)    3 :  0.004 0.005 0.192 0.009 0.005 0.005 0.027 0.006 0.735 0.007 0.005 
 88  ZFBP217    (0)    3 :  0.007 0.007 0.121 0.007 0.006 0.003 0.021 0.197 0.583 0.005 0.043 
 89  ZFBP218    (0)    3 :  0.002 0.004 0.014 0.003 0.003 0.003 0.006 0.012 0.947 0.003 0.003 
 90  ZFBP219    (0)    3 :  0.003 0.003 0.013 0.004 0.003 0.003 0.006 0.004 0.953 0.004 0.003 
 91  ZFBP220    (0)    3 :  0.003 0.003 0.325 0.004 0.017 0.003 0.007 0.033 0.590 0.004 0.012 
 92  ZFBP221    (0)    3 :  0.004 0.004 0.521 0.003 0.003 0.003 0.006 0.007 0.439 0.004 0.007 
 93  ZFBP222    (0)    3 :  0.004 0.006 0.005 0.004 0.008 0.004 0.008 0.009 0.945 0.005 0.003 
 94  ZFBP223    (0)    3 :  0.008 0.005 0.159 0.006 0.008 0.004 0.005 0.009 0.588 0.006 0.202 
 95  ZFBP224    (0)    3 :  0.003 0.008 0.012 0.006 0.005 0.004 0.007 0.005 0.942 0.004 0.005 
 96  ZFBP225    (0)    3 :  0.003 0.003 0.488 0.007 0.013 0.005 0.017 0.219 0.215 0.012 0.018 
 97  ZFBP226    (0)    3 :  0.003 0.003 0.028 0.004 0.004 0.004 0.005 0.005 0.935 0.005 0.004 
 98  ZFBP227    (0)    3 :  0.010 0.020 0.366 0.032 0.006 0.015 0.117 0.007 0.415 0.004 0.009 
 99  ZFBP228    (0)    3 :  0.004 0.005 0.501 0.005 0.016 0.003 0.004 0.008 0.382 0.002 0.069 
100  ZFBP229    (0)    3 :  0.003 0.003 0.091 0.004 0.006 0.003 0.007 0.019 0.858 0.003 0.004 
101  ZFBP230    (0)    3 :  0.003 0.003 0.441 0.004 0.018 0.003 0.008 0.032 0.475 0.003 0.009 
102  ZFBP231    (0)    3 :  0.005 0.006 0.012 0.005 0.005 0.004 0.005 0.005 0.946 0.004 0.006 
103  ZFBP232    (0)    3 :  0.003 0.003 0.009 0.003 0.004 0.003 0.004 0.007 0.958 0.003 0.004 
104  ZFBP233    (0)    3 :  0.005 0.007 0.030 0.004 0.005 0.004 0.010 0.016 0.910 0.004 0.006 
105   ZFCC01    (0)    4 :  0.005 0.017 0.003 0.004 0.944 0.006 0.004 0.004 0.004 0.003 0.005 
106   ZFCC03    (0)    4 :  0.003 0.009 0.004 0.003 0.954 0.003 0.003 0.005 0.004 0.003 0.009 
107   ZFCC04    (0)    4 :  0.003 0.006 0.004 0.004 0.956 0.004 0.004 0.006 0.004 0.003 0.005 
108   ZFCC05    (0)    4 :  0.004 0.011 0.005 0.005 0.936 0.004 0.006 0.006 0.006 0.004 0.013 
109   ZFCC08    (0)    4 :  0.002 0.011 0.007 0.003 0.937 0.003 0.006 0.013 0.010 0.002 0.005 
110   ZFCC09    (0)    4 :  0.004 0.011 0.004 0.003 0.953 0.004 0.003 0.004 0.004 0.003 0.008 
111   ZFCC10    (0)    4 :  0.004 0.045 0.003 0.004 0.921 0.004 0.003 0.004 0.005 0.003 0.004 
112   ZFCC11    (0)    4 :  0.004 0.012 0.004 0.004 0.949 0.003 0.004 0.004 0.004 0.003 0.009 
113   ZFCC12    (0)    4 :  0.007 0.025 0.008 0.013 0.806 0.112 0.007 0.005 0.005 0.004 0.008 
114   ZFCC13    (0)    4 :  0.003 0.004 0.011 0.006 0.928 0.005 0.010 0.007 0.008 0.009 0.008 
115   ZFCC14    (0)    4 :  0.008 0.010 0.005 0.005 0.938 0.004 0.003 0.008 0.009 0.005 0.005 
116   ZFCC15    (0)    4 :  0.004 0.005 0.004 0.005 0.952 0.005 0.008 0.004 0.004 0.005 0.004 
117   ZFCC16    (0)    4 :  0.004 0.006 0.003 0.004 0.957 0.005 0.005 0.004 0.003 0.003 0.004 
118   ZFCC17    (0)    4 :  0.005 0.006 0.003 0.004 0.953 0.008 0.004 0.004 0.003 0.006 0.005 
119   ZFCC18    (0)    4 :  0.004 0.011 0.004 0.004 0.948 0.004 0.004 0.007 0.004 0.003 0.008 
120   ZFCC19    (0)    4 :  0.004 0.003 0.004 0.005 0.952 0.006 0.009 0.004 0.003 0.008 0.003 
121   ZFCC20    (0)    4 :  0.003 0.004 0.005 0.003 0.956 0.004 0.006 0.005 0.003 0.002 0.007 
122   ZFCC21    (0)    4 :  0.005 0.008 0.013 0.005 0.857 0.004 0.046 0.026 0.025 0.006 0.003 
123   ZFCC22    (0)    4 :  0.003 0.018 0.066 0.003 0.700 0.003 0.008 0.045 0.141 0.005 0.007 
124   ZFCC26    (0)    4 :  0.004 0.005 0.003 0.003 0.960 0.005 0.005 0.004 0.003 0.003 0.005 
125   ZFCC27    (0)    4 :  0.003 0.005 0.003 0.003 0.962 0.003 0.003 0.003 0.004 0.003 0.008 
126   ZFCC29    (0)    4 :  0.008 0.006 0.005 0.005 0.947 0.006 0.007 0.006 0.003 0.003 0.005 
127   ZFCC30    (0)    4 :  0.003 0.003 0.004 0.003 0.960 0.003 0.004 0.005 0.003 0.003 0.009 
128   ZFCC32    (0)    4 :  0.003 0.009 0.005 0.005 0.938 0.008 0.010 0.005 0.004 0.006 0.007 
129   ZFCC33    (0)    4 :  0.007 0.006 0.004 0.007 0.951 0.004 0.005 0.003 0.004 0.004 0.007 
130   ZFCC34    (0)    4 :  0.017 0.015 0.027 0.005 0.790 0.020 0.006 0.016 0.048 0.008 0.047 
131   ZFCC35    (0)    4 :  0.002 0.004 0.004 0.003 0.966 0.002 0.004 0.004 0.003 0.003 0.003 
132   ZFCC36    (0)    4 :  0.004 0.004 0.009 0.005 0.922 0.007 0.014 0.010 0.008 0.013 0.004 
133   ZFCC37    (0)    4 :  0.008 0.039 0.010 0.019 0.807 0.084 0.008 0.005 0.009 0.004 0.007 
134   ZFCC40    (0)    4 :  0.004 0.009 0.003 0.004 0.949 0.004 0.003 0.004 0.007 0.009 0.004 
135   ZFCC42    (0)    4 :  0.036 0.009 0.014 0.034 0.404 0.255 0.006 0.010 0.005 0.147 0.080 
136   ZFCC44    (0)    4 :  0.003 0.003 0.003 0.004 0.961 0.003 0.002 0.003 0.003 0.005 0.010 
137   ZFCC45    (9)    4 :  0.007 0.016 0.004 0.011 0.914 0.009 0.007 0.004 0.005 0.014 0.008 
138   ZFCC46    (0)    4 :  0.004 0.002 0.012 0.003 0.928 0.003 0.005 0.022 0.009 0.003 0.009 
139   ZFCC47    (0)    4 :  0.006 0.032 0.006 0.005 0.872 0.053 0.005 0.007 0.005 0.003 0.006 
140   ZFCC48    (0)    4 :  0.005 0.006 0.008 0.004 0.913 0.003 0.010 0.023 0.022 0.004 0.003 
141   ZFCC50    (0)    4 :  0.004 0.005 0.003 0.004 0.963 0.005 0.004 0.003 0.003 0.003 0.004 
142   ZFCC51    (0)    4 :  0.004 0.005 0.003 0.003 0.958 0.003 0.003 0.004 0.003 0.002 0.011 
143   ZFCC52    (0)    4 :  0.004 0.004 0.007 0.004 0.942 0.005 0.006 0.010 0.009 0.006 0.004 
144   ZFCC53    (0)    4 :  0.003 0.005 0.003 0.003 0.964 0.003 0.003 0.003 0.003 0.003 0.007 
145  ZFCNS01    (0)    5 :  0.002 0.003 0.028 0.026 0.006 0.012 0.046 0.003 0.005 0.028 0.842 
146  ZFCNS02    (0)    5 :  0.002 0.003 0.005 0.002 0.004 0.002 0.003 0.004 0.003 0.002 0.969 
147  ZFCNS05    (0)    5 :  0.005 0.005 0.007 0.003 0.007 0.003 0.005 0.005 0.007 0.002 0.952 
148  ZFCNS06    (0)    5 :  0.003 0.003 0.005 0.003 0.005 0.003 0.003 0.005 0.004 0.002 0.966 
149  ZFCNS07    (0)    5 :  0.003 0.003 0.007 0.003 0.004 0.002 0.003 0.009 0.006 0.002 0.958 
150  ZFCNS10    (0)    5 :  0.003 0.003 0.015 0.003 0.004 0.002 0.003 0.005 0.007 0.005 0.950 
151  ZFCNS11    (0)    5 :  0.002 0.003 0.012 0.011 0.006 0.008 0.021 0.005 0.005 0.013 0.914 
152  ZFCNS15    (0)    5 :  0.004 0.003 0.036 0.003 0.003 0.003 0.004 0.007 0.013 0.002 0.921 
153  ZFCNS17    (0)    5 :  0.002 0.003 0.004 0.003 0.005 0.002 0.003 0.004 0.004 0.002 0.968 
154  ZFCNS18    (0)    5 :  0.003 0.003 0.013 0.003 0.005 0.002 0.003 0.004 0.008 0.004 0.952 
155  ZFCNS19    (0)    5 :  0.003 0.003 0.004 0.003 0.004 0.002 0.003 0.004 0.003 0.002 0.969 
156  ZFCNS20    (0)    5 :  0.003 0.003 0.013 0.004 0.006 0.003 0.005 0.015 0.012 0.002 0.934 
157  ZFCNS21    (0)    5 :  0.002 0.003 0.005 0.003 0.004 0.002 0.002 0.003 0.003 0.002 0.971 
158  ZFCNS22    (0)    5 :  0.005 0.005 0.013 0.004 0.005 0.003 0.004 0.005 0.011 0.002 0.941 
159  ZFCNS23    (0)    5 :  0.004 0.006 0.006 0.009 0.019 0.010 0.010 0.013 0.007 0.014 0.902 
160  ZFCNS24    (0)    5 :  0.002 0.003 0.009 0.003 0.009 0.003 0.004 0.006 0.006 0.002 0.954 
161  ZFCNS25    (0)    5 :  0.003 0.003 0.012 0.003 0.006 0.003 0.004 0.008 0.009 0.002 0.946 
162  ZFCNS26    (0)    5 :  0.003 0.003 0.008 0.003 0.003 0.002 0.003 0.004 0.004 0.002 0.965 
163  ZFCNS27    (0)    5 :  0.003 0.003 0.034 0.003 0.004 0.003 0.004 0.009 0.018 0.002 0.917 
164  ZFCNS28    (0)    5 :  0.004 0.003 0.005 0.003 0.004 0.002 0.003 0.004 0.003 0.002 0.967 
165  ZFCNS29    (0)    5 :  0.004 0.004 0.008 0.003 0.008 0.003 0.004 0.004 0.007 0.002 0.953 
166  ZFCNS30    (0)    5 :  0.004 0.005 0.007 0.003 0.006 0.003 0.005 0.003 0.005 0.002 0.958 
167  ZFCNS31    (0)    5 :  0.003 0.003 0.006 0.003 0.003 0.002 0.003 0.004 0.003 0.002 0.968 
168  ZFCNS32    (0)    5 :  0.003 0.004 0.011 0.003 0.005 0.003 0.005 0.006 0.005 0.002 0.953 
169  ZFCNS33    (0)    5 :  0.003 0.003 0.005 0.002 0.003 0.003 0.003 0.004 0.003 0.002 0.969 
170  ZFCNS34    (0)    5 :  0.003 0.004 0.006 0.003 0.011 0.003 0.005 0.004 0.005 0.002 0.954 
171  ZFCNS35    (0)    5 :  0.024 0.018 0.026 0.003 0.008 0.003 0.004 0.004 0.013 0.002 0.895 
172  ZFCNS36    (0)    5 :  0.002 0.003 0.007 0.003 0.010 0.003 0.005 0.008 0.005 0.002 0.952 
173  ZFCNS37    (0)    5 :  0.003 0.004 0.096 0.007 0.005 0.002 0.004 0.008 0.005 0.002 0.863 
174  ZFCNS39    (0)    5 :  0.002 0.002 0.026 0.006 0.016 0.002 0.013 0.023 0.008 0.005 0.896 
175  ZFCNS40    (0)    5 :  0.002 0.003 0.104 0.005 0.027 0.003 0.008 0.127 0.009 0.003 0.709 
176  ZFCNS41    (0)    5 :  0.006 0.007 0.653 0.008 0.017 0.004 0.011 0.005 0.016 0.004 0.269 
177  ZFCNS42    (0)    5 :  0.003 0.003 0.006 0.003 0.004 0.002 0.003 0.003 0.004 0.002 0.967 
178  ZFCNS43    (0)    5 :  0.003 0.003 0.004 0.003 0.005 0.002 0.003 0.003 0.003 0.002 0.971 
179  ZFCNS44    (0)    5 :  0.003 0.003 0.015 0.003 0.005 0.002 0.003 0.003 0.007 0.004 0.953 
180  ZFCNS46    (0)    5 :  0.003 0.004 0.009 0.004 0.005 0.003 0.004 0.004 0.006 0.002 0.956 
181  ZFCNS47    (0)    5 :  0.003 0.003 0.004 0.003 0.004 0.002 0.003 0.003 0.003 0.002 0.970 
182  ZFCNS48    (0)    5 :  0.004 0.004 0.029 0.003 0.007 0.003 0.004 0.005 0.013 0.004 0.924 
183  ZFCNS49    (0)    5 :  0.004 0.003 0.060 0.003 0.003 0.002 0.002 0.004 0.012 0.004 0.903 
184   ZFCR01    (0)    6 :  0.019 0.132 0.005 0.746 0.016 0.022 0.006 0.016 0.029 0.006 0.003 
185   ZFCR02    (0)    6 :  0.376 0.007 0.013 0.375 0.052 0.010 0.032 0.059 0.054 0.015 0.007 
186   ZFCR03    (0)    6 :  0.243 0.046 0.009 0.112 0.089 0.096 0.205 0.050 0.108 0.038 0.003 
187   ZFCR04    (0)    6 :  0.390 0.116 0.046 0.252 0.020 0.018 0.046 0.042 0.021 0.035 0.013 
188   ZFCR05    (0)    6 :  0.085 0.167 0.007 0.394 0.050 0.014 0.244 0.007 0.007 0.023 0.004 
189   ZFCR06    (0)    6 :  0.097 0.035 0.095 0.506 0.026 0.016 0.027 0.035 0.093 0.004 0.068 
190   ZFCR07    (0)    6 :  0.045 0.011 0.027 0.445 0.017 0.020 0.357 0.004 0.010 0.007 0.057 
191   ZFCR08    (0)    6 :  0.021 0.085 0.015 0.666 0.093 0.021 0.008 0.030 0.025 0.033 0.004 
192   ZFCR09    (0)    6 :  0.148 0.030 0.145 0.057 0.045 0.306 0.025 0.022 0.141 0.066 0.016 
193   ZFCR11    (0)    6 :  0.186 0.075 0.099 0.340 0.012 0.030 0.201 0.003 0.036 0.008 0.010 
194   ZFCR12    (0)    6 :  0.033 0.007 0.078 0.399 0.018 0.004 0.287 0.028 0.019 0.005 0.123 
195   ZFCR13    (0)    6 :  0.023 0.006 0.011 0.498 0.007 0.004 0.310 0.006 0.123 0.003 0.008 
196   ZFCR14    (0)    6 :  0.068 0.029 0.009 0.389 0.019 0.007 0.415 0.036 0.010 0.011 0.006 
197   ZFCR15    (0)    6 :  0.206 0.037 0.016 0.470 0.020 0.006 0.082 0.120 0.025 0.013 0.005 
198   ZFCR16    (0)    6 :  0.229 0.012 0.011 0.615 0.009 0.006 0.051 0.037 0.023 0.003 0.003 
199   ZFCR18    (0)    6 :  0.776 0.008 0.017 0.047 0.057 0.006 0.010 0.022 0.035 0.005 0.017 
200   ZFCR19    (0)    6 :  0.309 0.020 0.014 0.065 0.015 0.155 0.067 0.323 0.022 0.005 0.005 
201   ZFCR20    (0)    6 :  0.102 0.213 0.016 0.151 0.019 0.087 0.250 0.020 0.131 0.006 0.005 
202   ZFCR21    (0)    6 :  0.029 0.023 0.012 0.439 0.026 0.004 0.428 0.019 0.012 0.004 0.003 
203   ZFCR22    (0)    6 :  0.050 0.003 0.007 0.260 0.005 0.012 0.630 0.017 0.010 0.003 0.003 
204   ZFCR23    (0)    6 :  0.056 0.009 0.071 0.371 0.004 0.013 0.275 0.006 0.149 0.041 0.004 
205   ZFCR24    (9)    6 :  0.087 0.030 0.009 0.090 0.008 0.059 0.169 0.006 0.534 0.005 0.003 
206   ZFCR25    (0)    6 :  0.038 0.017 0.005 0.503 0.007 0.041 0.374 0.004 0.004 0.003 0.003 
207   ZFCR26    (0)    6 :  0.005 0.011 0.018 0.041 0.029 0.123 0.711 0.027 0.021 0.005 0.007 
208   ZFCR27    (9)    6 :  0.017 0.034 0.003 0.825 0.005 0.066 0.035 0.004 0.004 0.003 0.003 
209   ZFCR28    (0)    6 :  0.005 0.010 0.026 0.610 0.011 0.004 0.009 0.130 0.161 0.007 0.025 
210   ZFCR29    (0)    6 :  0.157 0.039 0.007 0.079 0.008 0.014 0.671 0.006 0.010 0.005 0.002 
211   ZFCR30    (0)    6 :  0.026 0.009 0.007 0.287 0.006 0.013 0.627 0.006 0.006 0.008 0.005 
212   ZFCR31    (0)    6 :  0.373 0.019 0.130 0.066 0.023 0.090 0.075 0.028 0.133 0.016 0.047 
213   ZFCR33    (0)    6 :  0.007 0.053 0.013 0.824 0.024 0.016 0.020 0.011 0.008 0.018 0.006 
214   ZFCR34    (0)    6 :  0.214 0.006 0.045 0.190 0.015 0.011 0.447 0.013 0.026 0.021 0.012 
215   ZFCR35    (0)    6 :  0.831 0.010 0.012 0.052 0.025 0.009 0.024 0.011 0.008 0.006 0.012 
216   ZFCR36    (0)    6 :  0.344 0.012 0.009 0.185 0.010 0.019 0.364 0.005 0.009 0.029 0.014 
217   ZFCR37    (0)    6 :  0.047 0.058 0.004 0.115 0.060 0.047 0.640 0.004 0.004 0.018 0.004 
218   ZFCR38    (0)    6 :  0.007 0.052 0.009 0.792 0.033 0.048 0.027 0.011 0.008 0.007 0.007 
219   ZFCR39    (0)    6 :  0.023 0.015 0.021 0.528 0.114 0.037 0.010 0.036 0.052 0.162 0.003 
220   ZFCR40    (0)    6 :  0.020 0.014 0.017 0.802 0.025 0.012 0.053 0.005 0.011 0.037 0.004 
221   ZFCR41    (0)    6 :  0.033 0.017 0.085 0.437 0.059 0.004 0.320 0.018 0.009 0.004 0.013 
222   ZFCR42    (0)    6 :  0.017 0.014 0.033 0.455 0.060 0.023 0.296 0.027 0.032 0.029 0.014 
223   ZFCR43    (0)    6 :  0.164 0.011 0.008 0.502 0.006 0.006 0.153 0.007 0.134 0.005 0.004 
224  ZFENP25    (0)    7 :  0.005 0.045 0.005 0.892 0.016 0.005 0.007 0.009 0.009 0.005 0.003 
225  ZFENP26    (0)    7 :  0.006 0.006 0.004 0.953 0.004 0.006 0.004 0.003 0.002 0.008 0.003 
226  ZFENP27    (0)    7 :  0.018 0.035 0.021 0.475 0.313 0.037 0.007 0.013 0.022 0.017 0.042 
227  ZFENP28    (0)    7 :  0.010 0.024 0.005 0.898 0.011 0.015 0.010 0.005 0.004 0.009 0.010 
228  ZFENP29    (0)    7 :  0.004 0.004 0.004 0.951 0.008 0.005 0.007 0.003 0.004 0.005 0.005 
229  ZFENP30    (0)    7 :  0.007 0.009 0.005 0.875 0.047 0.010 0.013 0.007 0.005 0.012 0.010 
230  ZFENP31    (0)    7 :  0.041 0.041 0.007 0.471 0.066 0.078 0.023 0.006 0.011 0.247 0.009 
231  ZFENP32    (0)    7 :  0.312 0.035 0.022 0.350 0.025 0.039 0.017 0.008 0.025 0.139 0.028 
232  ZFENP33    (0)    7 :  0.013 0.049 0.007 0.845 0.007 0.018 0.037 0.003 0.006 0.009 0.005 
233  ZFENP34    (0)    7 :  0.031 0.570 0.010 0.283 0.038 0.025 0.008 0.006 0.008 0.008 0.014 
234  ZFENP35    (0)    7 :  0.015 0.008 0.019 0.832 0.006 0.006 0.010 0.005 0.008 0.075 0.015 
235  ZFENP36    (0)    7 :  0.009 0.006 0.004 0.929 0.003 0.011 0.010 0.002 0.003 0.013 0.010 
236  ZFENP37    (0)    7 :  0.013 0.468 0.009 0.320 0.009 0.011 0.031 0.004 0.007 0.120 0.009 
237  ZFENP38    (0)    7 :  0.010 0.024 0.009 0.424 0.024 0.022 0.433 0.004 0.006 0.023 0.019 
238  ZFENP39    (0)    7 :  0.013 0.022 0.004 0.908 0.010 0.011 0.011 0.003 0.004 0.010 0.004 
239  ZFENP40    (0)    7 :  0.017 0.017 0.006 0.885 0.009 0.015 0.007 0.004 0.008 0.027 0.006 
240  ZFENP41    (0)    7 :  0.015 0.016 0.006 0.856 0.049 0.005 0.006 0.007 0.006 0.025 0.009 
241  ZFENP42    (0)    7 :  0.004 0.004 0.005 0.696 0.006 0.007 0.062 0.004 0.003 0.206 0.003 
242  ZFENP43    (0)    7 :  0.008 0.037 0.034 0.675 0.035 0.029 0.092 0.005 0.007 0.016 0.060 
243  ZFENP44    (0)    7 :  0.006 0.021 0.023 0.707 0.025 0.012 0.046 0.003 0.011 0.128 0.017 
244  ZFENP45    (0)    7 :  0.008 0.013 0.017 0.354 0.027 0.019 0.045 0.330 0.026 0.150 0.011 
245  ZFENP46    (0)    7 :  0.009 0.041 0.019 0.784 0.004 0.014 0.076 0.004 0.013 0.027 0.009 
246  ZFENP47    (0)    7 :  0.091 0.013 0.006 0.453 0.108 0.027 0.007 0.106 0.016 0.171 0.004 
247  ZFENP48    (0)    7 :  0.015 0.562 0.012 0.173 0.084 0.047 0.023 0.023 0.028 0.019 0.014 
248  ZFENP49    (0)    7 :  0.038 0.005 0.012 0.810 0.027 0.036 0.024 0.019 0.019 0.004 0.006 
249  ZFENP50    (0)    7 :  0.006 0.006 0.020 0.805 0.004 0.016 0.067 0.007 0.030 0.034 0.005 
250  ZFENP51    (0)    7 :  0.022 0.011 0.006 0.402 0.010 0.446 0.016 0.051 0.004 0.024 0.008 
251  ZFENP52    (0)    7 :  0.003 0.004 0.014 0.921 0.010 0.006 0.012 0.004 0.004 0.009 0.013 
252  ZFENP53    (0)    7 :  0.006 0.009 0.022 0.843 0.010 0.009 0.026 0.022 0.028 0.016 0.010 
253  ZFENP54    (0)    7 :  0.023 0.008 0.017 0.823 0.024 0.008 0.029 0.010 0.046 0.008 0.004 
254  ZFENP55    (0)    7 :  0.040 0.027 0.004 0.206 0.004 0.031 0.663 0.004 0.004 0.012 0.004 
255  ZFENP56    (0)    7 :  0.013 0.009 0.010 0.804 0.008 0.026 0.104 0.005 0.004 0.006 0.010 
256  ZFENP57    (0)    7 :  0.013 0.020 0.006 0.842 0.005 0.015 0.020 0.002 0.004 0.059 0.013 
257  ZFENP58    (0)    7 :  0.025 0.005 0.015 0.678 0.065 0.022 0.049 0.113 0.010 0.006 0.014 
258  ZFENP59    (0)    7 :  0.012 0.010 0.005 0.867 0.053 0.007 0.008 0.004 0.004 0.025 0.005 
259  ZFENP60    (0)    7 :  0.031 0.038 0.008 0.842 0.011 0.012 0.013 0.012 0.010 0.017 0.007 
260  ZFENP61    (0)    7 :  0.019 0.019 0.003 0.911 0.012 0.008 0.010 0.003 0.003 0.008 0.004 
261 ZFFDSP01    (0)    8 :  0.006 0.006 0.138 0.003 0.005 0.003 0.007 0.021 0.793 0.003 0.015 
262 ZFFDSP02    (0)    8 :  0.003 0.004 0.018 0.003 0.005 0.002 0.005 0.006 0.948 0.002 0.004 
263 ZFFDSP04    (0)    8 :  0.005 0.005 0.023 0.002 0.004 0.002 0.006 0.014 0.933 0.002 0.003 
264 ZFFDSP05    (0)    8 :  0.003 0.003 0.444 0.004 0.004 0.003 0.007 0.009 0.513 0.003 0.005 
265 ZFFDSP06    (0)    8 :  0.002 0.004 0.017 0.003 0.006 0.002 0.005 0.013 0.943 0.002 0.003 
266 ZFFDSP07    (0)    8 :  0.003 0.004 0.007 0.005 0.015 0.004 0.008 0.023 0.921 0.005 0.004 
267 ZFFDSP08    (0)    8 :  0.003 0.003 0.037 0.005 0.015 0.004 0.012 0.073 0.831 0.004 0.013 
268 ZFFDSP10    (0)    8 :  0.004 0.004 0.033 0.004 0.005 0.003 0.006 0.009 0.924 0.003 0.006 
269 ZFFDSP11    (0)    8 :  0.005 0.004 0.052 0.003 0.005 0.003 0.008 0.009 0.904 0.004 0.003 
270 ZFFDSP12    (0)    8 :  0.002 0.003 0.011 0.003 0.003 0.003 0.004 0.009 0.954 0.003 0.005 
271 ZFFDSP13    (0)    8 :  0.003 0.004 0.913 0.004 0.007 0.003 0.008 0.005 0.038 0.004 0.010 
272 ZFFDSP14    (0)    8 :  0.003 0.005 0.006 0.003 0.006 0.003 0.006 0.017 0.944 0.003 0.004 
273 ZFFDSP16    (0)    8 :  0.007 0.007 0.024 0.007 0.006 0.003 0.007 0.004 0.915 0.004 0.015 
274 ZFFDSP17    (0)    8 :  0.004 0.005 0.024 0.004 0.006 0.003 0.007 0.011 0.930 0.003 0.005 
275 ZFFDSP18    (0)    8 :  0.005 0.007 0.009 0.003 0.006 0.003 0.004 0.015 0.941 0.002 0.005 
276 ZFFDSP19    (0)    8 :  0.004 0.007 0.041 0.003 0.021 0.003 0.004 0.020 0.748 0.002 0.146 
277 ZFFDSP21    (0)    8 :  0.003 0.009 0.386 0.004 0.018 0.002 0.004 0.011 0.497 0.003 0.063 
278 ZFFDSP22    (0)    8 :  0.002 0.003 0.013 0.003 0.005 0.002 0.006 0.067 0.892 0.002 0.003 
279 ZFFDSP23    (0)    8 :  0.003 0.005 0.164 0.003 0.005 0.002 0.006 0.166 0.635 0.003 0.009 
280 ZFFDSP24    (0)    8 :  0.006 0.005 0.358 0.003 0.005 0.003 0.006 0.007 0.592 0.002 0.013 
281 ZFFDSP26    (9)    8 :  0.004 0.004 0.228 0.003 0.005 0.003 0.005 0.015 0.723 0.003 0.007 
282 ZFFDSP27    (0)    8 :  0.004 0.006 0.036 0.003 0.004 0.003 0.004 0.007 0.924 0.002 0.008 
283 ZFFDSP28    (0)    8 :  0.035 0.029 0.059 0.009 0.009 0.020 0.014 0.008 0.805 0.007 0.005 
284 ZFFDSP30    (0)    8 :  0.056 0.009 0.520 0.005 0.009 0.006 0.009 0.010 0.332 0.009 0.036 
285 ZFFDSP31    (0)    8 :  0.003 0.008 0.018 0.005 0.005 0.002 0.005 0.006 0.939 0.002 0.007 
286 ZFFDSP32    (0)    8 :  0.003 0.004 0.017 0.003 0.004 0.002 0.005 0.006 0.949 0.003 0.004 
287 ZFFDSP33    (0)    8 :  0.003 0.004 0.028 0.003 0.003 0.003 0.003 0.006 0.941 0.003 0.005 
288 ZFFDSP34    (0)    8 :  0.003 0.004 0.020 0.003 0.007 0.002 0.005 0.010 0.939 0.002 0.005 
289 ZFFDSP35    (0)    8 :  0.005 0.005 0.331 0.003 0.005 0.003 0.005 0.008 0.628 0.002 0.005 
290 ZFFDSP37    (0)    8 :  0.004 0.005 0.023 0.004 0.004 0.002 0.004 0.005 0.942 0.003 0.005 
291 ZFFDSP38    (0)    8 :  0.005 0.004 0.012 0.003 0.004 0.003 0.004 0.005 0.951 0.002 0.006 
292 ZFFDSP39    (0)    8 :  0.004 0.003 0.722 0.003 0.003 0.002 0.003 0.008 0.243 0.002 0.006 
293 ZFFDSP40    (0)    8 :  0.005 0.004 0.494 0.003 0.003 0.003 0.003 0.005 0.467 0.003 0.010 
294 ZFFDSP42    (0)    8 :  0.004 0.004 0.092 0.003 0.006 0.002 0.006 0.072 0.798 0.002 0.011 
295 ZFFDSP43    (0)    8 :  0.005 0.004 0.030 0.003 0.004 0.002 0.003 0.009 0.927 0.002 0.011 
296 ZFFDSP44    (0)    8 :  0.005 0.005 0.221 0.003 0.004 0.003 0.005 0.006 0.735 0.003 0.010 
297 ZFFDSP45    (0)    8 :  0.005 0.004 0.030 0.003 0.005 0.002 0.004 0.005 0.930 0.002 0.007 
298 ZFFDSP46    (0)    8 :  0.004 0.004 0.054 0.003 0.005 0.002 0.005 0.009 0.901 0.002 0.010 
299 ZFFDSP47    (0)    8 :  0.004 0.003 0.707 0.003 0.004 0.003 0.005 0.012 0.243 0.003 0.013 
300 ZFFDSP48    (0)    8 :  0.004 0.004 0.597 0.003 0.004 0.003 0.004 0.006 0.358 0.003 0.014 
301    ZFI01    (0)    9 :  0.796 0.044 0.005 0.010 0.010 0.099 0.010 0.004 0.005 0.008 0.008 
302    ZFI02    (0)    9 :  0.895 0.021 0.005 0.005 0.004 0.044 0.006 0.004 0.005 0.004 0.008 
303    ZFI03    (0)    9 :  0.886 0.063 0.005 0.005 0.006 0.009 0.007 0.003 0.004 0.003 0.010 
304    ZFI04    (0)    9 :  0.117 0.752 0.004 0.006 0.005 0.093 0.006 0.003 0.004 0.005 0.005 
305    ZFI05    (0)    9 :  0.941 0.008 0.005 0.006 0.004 0.006 0.005 0.003 0.004 0.004 0.015 
306    ZFI06    (0)    9 :  0.765 0.027 0.035 0.022 0.004 0.030 0.009 0.003 0.016 0.004 0.085 
307    ZFI07    (0)    9 :  0.326 0.630 0.004 0.006 0.005 0.008 0.006 0.002 0.004 0.004 0.005 
308    ZFI08    (0)    9 :  0.807 0.099 0.003 0.011 0.006 0.048 0.011 0.003 0.004 0.004 0.005 
309    ZFI09    (0)    9 :  0.911 0.020 0.004 0.007 0.004 0.029 0.005 0.003 0.004 0.003 0.008 
310    ZFI10    (0)    9 :  0.821 0.039 0.008 0.006 0.005 0.026 0.007 0.004 0.006 0.007 0.073 
311    ZFI11    (0)    9 :  0.707 0.092 0.005 0.008 0.005 0.153 0.006 0.003 0.004 0.004 0.014 
312    ZFI12    (0)    9 :  0.822 0.113 0.005 0.006 0.007 0.009 0.011 0.004 0.005 0.003 0.015 
313    ZFI13    (0)    9 :  0.922 0.020 0.004 0.009 0.007 0.008 0.007 0.003 0.004 0.007 0.007 
314    ZFI14    (0)    9 :  0.945 0.009 0.007 0.004 0.005 0.005 0.004 0.003 0.007 0.004 0.006 
315    ZFI15    (0)    9 :  0.956 0.008 0.003 0.006 0.005 0.005 0.004 0.002 0.004 0.003 0.005 
316    ZFI16    (0)    9 :  0.943 0.020 0.004 0.005 0.005 0.004 0.005 0.002 0.003 0.003 0.006 
317    ZFI17    (0)    9 :  0.883 0.058 0.005 0.008 0.004 0.011 0.006 0.003 0.003 0.006 0.012 
318    ZFI18    (0)    9 :  0.936 0.018 0.004 0.008 0.003 0.008 0.004 0.002 0.003 0.007 0.007 
319    ZFI19    (9)    9 :  0.954 0.011 0.003 0.004 0.003 0.006 0.005 0.002 0.003 0.003 0.005 
320    ZFI20    (0)    9 :  0.954 0.008 0.005 0.004 0.004 0.004 0.005 0.003 0.004 0.004 0.005 
321    ZFI21    (0)    9 :  0.952 0.005 0.008 0.003 0.003 0.004 0.005 0.003 0.007 0.003 0.007 
322    ZFI22    (0)    9 :  0.906 0.027 0.004 0.006 0.007 0.029 0.005 0.004 0.005 0.003 0.005 
323    ZFI23    (0)    9 :  0.917 0.037 0.004 0.006 0.005 0.006 0.007 0.003 0.004 0.003 0.008 
324    ZFI24    (0)    9 :  0.883 0.057 0.006 0.006 0.008 0.008 0.011 0.003 0.004 0.003 0.010 
325    ZFI25    (0)    9 :  0.881 0.065 0.004 0.007 0.007 0.010 0.007 0.004 0.005 0.003 0.006 
326    ZFI26    (0)    9 :  0.854 0.094 0.004 0.007 0.009 0.010 0.007 0.003 0.004 0.003 0.005 
327    ZFI27    (0)    9 :  0.865 0.046 0.009 0.008 0.006 0.009 0.011 0.003 0.005 0.003 0.035 
328    ZFK01    (0)    9 :  0.005 0.004 0.010 0.012 0.910 0.012 0.010 0.007 0.010 0.007 0.013 
329    ZFK02    (0)   10 :  0.008 0.005 0.010 0.013 0.900 0.015 0.014 0.007 0.010 0.004 0.014 
330    ZFK03    (0)   10 :  0.008 0.005 0.007 0.010 0.897 0.030 0.012 0.006 0.009 0.007 0.009 
331    ZFK04    (0)   10 :  0.013 0.008 0.009 0.016 0.598 0.308 0.009 0.007 0.007 0.008 0.018 
332    ZFK05    (0)   10 :  0.011 0.008 0.006 0.013 0.682 0.225 0.005 0.004 0.005 0.025 0.015 
333    ZFK06    (0)   10 :  0.019 0.012 0.007 0.043 0.837 0.043 0.012 0.004 0.007 0.006 0.009 
334    ZFK07    (0)   10 :  0.003 0.003 0.011 0.009 0.903 0.017 0.015 0.008 0.009 0.012 0.009 
335    ZFK08    (0)   10 :  0.014 0.008 0.013 0.039 0.477 0.351 0.059 0.010 0.014 0.011 0.005 
336    ZFK10    (0)   10 :  0.017 0.008 0.008 0.013 0.782 0.127 0.012 0.006 0.008 0.005 0.013 
337    ZFK11    (0)   10 :  0.007 0.007 0.007 0.023 0.870 0.034 0.008 0.004 0.007 0.025 0.008 
338    ZFK12    (0)   10 :  0.004 0.003 0.015 0.009 0.881 0.009 0.040 0.015 0.011 0.006 0.005 
339    ZFK13    (0)   10 :  0.005 0.004 0.036 0.012 0.803 0.013 0.025 0.012 0.043 0.042 0.006 
340    ZFK14    (0)   10 :  0.004 0.003 0.013 0.006 0.916 0.007 0.007 0.010 0.012 0.014 0.008 
341    ZFK15    (0)   10 :  0.008 0.006 0.027 0.018 0.754 0.054 0.017 0.009 0.045 0.054 0.009 
342    ZFK16    (0)   10 :  0.003 0.004 0.024 0.010 0.875 0.007 0.016 0.011 0.021 0.022 0.009 
343   ZFLB01    (0)   11 :  0.009 0.006 0.023 0.008 0.005 0.011 0.008 0.009 0.021 0.892 0.008 
344   ZFLB02    (0)   11 :  0.007 0.025 0.004 0.021 0.003 0.004 0.004 0.003 0.004 0.921 0.004 
345   ZFLB03    (0)   11 :  0.005 0.006 0.005 0.015 0.004 0.003 0.005 0.004 0.004 0.919 0.029 
346   ZFLB04    (0)   11 :  0.024 0.011 0.025 0.006 0.009 0.009 0.007 0.009 0.019 0.662 0.219 
347   ZFLB05    (0)   11 :  0.015 0.007 0.020 0.008 0.004 0.016 0.008 0.005 0.012 0.888 0.017 
348   ZFLB06    (0)   11 :  0.005 0.006 0.011 0.011 0.015 0.019 0.009 0.009 0.013 0.897 0.006 
349   ZFLB07    (0)   11 :  0.012 0.013 0.036 0.084 0.016 0.019 0.107 0.013 0.018 0.602 0.079 
350   ZFLB08    (0)   11 :  0.014 0.027 0.007 0.017 0.004 0.007 0.008 0.003 0.004 0.900 0.008 
351   ZFLB09    (9)   11 :  0.008 0.008 0.005 0.007 0.008 0.015 0.005 0.003 0.005 0.932 0.004 
352   ZFLB10    (0)   11 :  0.006 0.004 0.004 0.005 0.004 0.011 0.004 0.003 0.004 0.950 0.006 
353   ZFLB11    (0)   11 :  0.004 0.004 0.005 0.005 0.008 0.006 0.006 0.004 0.004 0.951 0.004 
354   ZFLB12    (0)   11 :  0.004 0.005 0.003 0.007 0.005 0.007 0.004 0.002 0.003 0.956 0.004 
355   ZFLB13    (0)   11 :  0.005 0.018 0.029 0.046 0.014 0.014 0.025 0.003 0.014 0.814 0.018 
356  ZFLTI01    (0)   12 :  0.004 0.005 0.901 0.004 0.029 0.002 0.008 0.013 0.021 0.002 0.011 
357  ZFLTI02    (0)   12 :  0.003 0.008 0.851 0.004 0.063 0.003 0.006 0.011 0.016 0.002 0.034 
358  ZFLTI03    (0)   12 :  0.003 0.005 0.939 0.003 0.009 0.002 0.005 0.009 0.009 0.002 0.013 
359  ZFLTI04    (0)   12 :  0.005 0.007 0.920 0.005 0.012 0.003 0.009 0.006 0.011 0.003 0.019 
360  ZFLTI05    (0)   12 :  0.003 0.005 0.945 0.003 0.006 0.002 0.004 0.004 0.007 0.002 0.017 
