

----------------------------------------------------
STRUCTURE by Pritchard, Stephens and Donnelly (2000)
     and Falush, Stephens and Pritchard (2003)
       Code by Pritchard, Falush and Hubisz
             Version 2.3.4 (Jul 2012)
----------------------------------------------------



Command line arguments:   bin\structure -m C:\Users\eschumacher\Documents\GitHub\GCC_QUAC_ZAIN\Data_Files\Structure_Files\ZAIN\ZAIN_rebinned_wild\50-50\mainparams -e C:\Users\eschumacher\Documents\GitHub\GCC_QUAC_ZAIN\Data_Files\Structure_Files\ZAIN\ZAIN_rebinned_wild\50-50\extraparams 
Input File:    C:\Users\eschumacher\Documents\GitHub\GCC_QUAC_ZAIN\Data_Files\Structure_Files\ZAIN\ZAIN_rebinned_wild\project_data

Run parameters:
   751 individuals
   11 loci
   3 populations assumed
   50000 Burn-in period
   50000 Reps


--------------------------------------------
Proportion of membership of each pre-defined
 population in each of the 3 clusters

Given    Inferred Clusters       Number of
 Pop       1      2      3      Individuals

  1:     0.980  0.012  0.008       35
  2:     0.009  0.010  0.981       36
  3:     0.007  0.010  0.982       33
  4:     0.025  0.892  0.083       40
  5:     0.005  0.009  0.986       39
  6:     0.218  0.711  0.071       40
  7:     0.087  0.896  0.017       37
  8:     0.008  0.005  0.987       40
  9:     0.952  0.040  0.008       28
 10:     0.029  0.946  0.025       14
 11:     0.019  0.967  0.014       13
 12:     0.005  0.006  0.989       14
 13:     0.006  0.011  0.983       25
 14:     0.009  0.033  0.958       40
 15:     0.042  0.780  0.178       32
 16:     0.008  0.987  0.005       20
 17:     0.871  0.114  0.015        4
 18:     0.972  0.012  0.016       23
 19:     0.980  0.013  0.007       39
 20:     0.972  0.023  0.005       38
 21:     0.005  0.008  0.987       45
 22:     0.006  0.016  0.979       28
 23:     0.964  0.027  0.009        6
 24:     0.086  0.855  0.059       40
 25:     0.058  0.904  0.038       42
--------------------------------------------

Allele-freq. divergence among pops (Net nucleotide distance),
computed using point estimates of P.

      1       2       3      
 1      -    0.0750  0.1862  
 2   0.0750     -    0.0974  
 3   0.1862  0.0974     -    

Average distances (expected heterozygosity) between individuals in same cluster:
cluster  1  : 0.5031 
cluster  2  : 0.5731 
cluster  3  : 0.4718 

--------------------------------------------
Estimated Ln Prob of Data   = -16130.1
Mean value of ln likelihood = -15992.7
Variance of ln likelihood   = 274.8
Mean value of alpha         = 0.0352

Mean value of Fst_1         = 0.3108
Mean value of Fst_2         = 0.0973
Mean value of Fst_3         = 0.3191


Inferred ancestry of individuals:
        Label (%Miss) Pop:  Inferred clusters
  1    ZFB01    (0)    1 :  0.990 0.006 0.004 
  2    ZFB02    (0)    1 :  0.986 0.011 0.003 
  3    ZFB03    (0)    1 :  0.987 0.007 0.006 
  4    ZFB04    (0)    1 :  0.988 0.007 0.004 
  5    ZFB05    (0)    1 :  0.939 0.055 0.006 
  6    ZFB06    (0)    1 :  0.962 0.032 0.007 
  7    ZFB07    (9)    1 :  0.981 0.010 0.009 
  8    ZFB08    (0)    1 :  0.988 0.006 0.006 
  9    ZFB09    (0)    1 :  0.992 0.005 0.004 
 10    ZFB10    (0)    1 :  0.981 0.008 0.011 
 11    ZFB11    (0)    1 :  0.986 0.007 0.007 
 12    ZFB12    (0)    1 :  0.989 0.006 0.005 
 13    ZFB13    (0)    1 :  0.987 0.006 0.006 
 14    ZFB14    (0)    1 :  0.989 0.006 0.005 
 15    ZFB15    (0)    1 :  0.992 0.005 0.003 
 16    ZFB16    (0)    1 :  0.990 0.005 0.005 
 17    ZFB17    (0)    1 :  0.958 0.029 0.012 
 18    ZFB18    (0)    1 :  0.991 0.005 0.004 
 19    ZFB19    (0)    1 :  0.971 0.010 0.019 
 20    ZFB20    (0)    1 :  0.990 0.006 0.004 
 21    ZFB21    (0)    1 :  0.992 0.005 0.003 
 22    ZFB22    (0)    1 :  0.971 0.016 0.014 
 23    ZFB23    (0)    1 :  0.982 0.010 0.008 
 24    ZFB24    (0)    1 :  0.986 0.008 0.006 
 25    ZFB25    (0)    1 :  0.976 0.006 0.018 
 26    ZFB26    (0)    1 :  0.973 0.012 0.015 
 27    ZFB27    (0)    1 :  0.984 0.009 0.008 
 28    ZFB28    (0)    1 :  0.975 0.019 0.006 
 29    ZFB29    (0)    1 :  0.989 0.008 0.003 
 30    ZFB30    (0)    1 :  0.929 0.056 0.015 
 31    ZFB31    (0)    1 :  0.980 0.007 0.013 
 32    ZFB32    (0)    1 :  0.966 0.023 0.011 
 33    ZFB33    (0)    1 :  0.992 0.005 0.003 
 34    ZFB34    (0)    1 :  0.991 0.005 0.004 
 35    ZFB35    (0)    1 :  0.987 0.006 0.007 
 36  ZFBP101    (0)    2 :  0.017 0.023 0.961 
 37  ZFBP102    (0)    2 :  0.021 0.015 0.964 
 38  ZFBP103    (0)    2 :  0.012 0.023 0.965 
 39  ZFBP104    (0)    2 :  0.056 0.030 0.914 
 40  ZFBP105    (0)    2 :  0.008 0.007 0.985 
 41  ZFBP106    (0)    2 :  0.004 0.006 0.990 
 42  ZFBP107    (0)    2 :  0.009 0.017 0.974 
 43  ZFBP108    (0)    2 :  0.004 0.003 0.992 
 44  ZFBP109    (0)    2 :  0.006 0.005 0.989 
 45  ZFBP110    (0)    2 :  0.037 0.026 0.936 
 46  ZFBP111    (0)    2 :  0.003 0.005 0.992 
 47  ZFBP112    (0)    2 :  0.006 0.008 0.986 
 48  ZFBP113    (0)    2 :  0.005 0.005 0.990 
 49  ZFBP114    (0)    2 :  0.005 0.008 0.987 
 50  ZFBP115    (0)    2 :  0.003 0.007 0.990 
 51  ZFBP116    (0)    2 :  0.003 0.007 0.990 
 52  ZFBP117    (0)    2 :  0.003 0.005 0.992 
 53  ZFBP118    (0)    2 :  0.004 0.008 0.988 
 54  ZFBP119    (0)    2 :  0.004 0.007 0.990 
 55  ZFBP120    (0)    2 :  0.008 0.005 0.987 
 56  ZFBP121    (0)    2 :  0.006 0.006 0.988 
 57  ZFBP122    (9)    2 :  0.004 0.005 0.990 
 58  ZFBP123    (0)    2 :  0.005 0.012 0.983 
 59  ZFBP124    (0)    2 :  0.009 0.006 0.985 
 60  ZFBP125    (0)    2 :  0.003 0.004 0.993 
 61  ZFBP126    (0)    2 :  0.018 0.027 0.954 
 62  ZFBP127    (0)    2 :  0.003 0.005 0.992 
 63  ZFBP128    (0)    2 :  0.005 0.004 0.991 
 64  ZFBP129    (0)    2 :  0.005 0.005 0.990 
 65  ZFBP130    (0)    2 :  0.003 0.006 0.992 
 66  ZFBP131    (0)    2 :  0.005 0.005 0.989 
 67  ZFBP132    (0)    2 :  0.004 0.004 0.992 
 68  ZFBP133    (0)    2 :  0.004 0.004 0.992 
 69  ZFBP134    (0)    2 :  0.004 0.006 0.990 
 70  ZFBP135    (0)    2 :  0.033 0.025 0.942 
 71  ZFBP136    (0)    2 :  0.005 0.016 0.979 
 72  ZFBP201    (0)    3 :  0.007 0.010 0.983 
 73  ZFBP202    (0)    3 :  0.006 0.004 0.990 
 74  ZFBP203    (0)    3 :  0.013 0.042 0.944 
 75  ZFBP204    (0)    3 :  0.005 0.008 0.987 
 76  ZFBP205    (0)    3 :  0.004 0.008 0.988 
 77  ZFBP206    (0)    3 :  0.008 0.011 0.980 
 78  ZFBP207    (0)    3 :  0.004 0.005 0.991 
 79  ZFBP208    (0)    3 :  0.006 0.020 0.974 
 80  ZFBP209    (0)    3 :  0.003 0.004 0.992 
 81  ZFBP210    (0)    3 :  0.006 0.009 0.985 
 82  ZFBP211    (0)    3 :  0.005 0.005 0.990 
 83  ZFBP212    (0)    3 :  0.005 0.004 0.990 
 84  ZFBP213    (0)    3 :  0.013 0.009 0.978 
 85  ZFBP214    (0)    3 :  0.007 0.011 0.982 
 86  ZFBP215    (0)    3 :  0.005 0.004 0.991 
 87  ZFBP216    (0)    3 :  0.007 0.011 0.982 
 88  ZFBP217    (0)    3 :  0.005 0.005 0.991 
 89  ZFBP218    (0)    3 :  0.004 0.004 0.992 
 90  ZFBP219    (0)    3 :  0.004 0.005 0.991 
 91  ZFBP220    (0)    3 :  0.003 0.007 0.990 
 92  ZFBP221    (0)    3 :  0.004 0.004 0.992 
 93  ZFBP222    (0)    3 :  0.007 0.010 0.983 
 94  ZFBP223    (0)    3 :  0.006 0.007 0.987 
 95  ZFBP224    (0)    3 :  0.007 0.007 0.986 
 96  ZFBP225    (0)    3 :  0.003 0.009 0.988 
 97  ZFBP226    (0)    3 :  0.004 0.007 0.989 
 98  ZFBP227    (0)    3 :  0.053 0.080 0.866 
 99  ZFBP228    (0)    3 :  0.005 0.005 0.991 
100  ZFBP229    (0)    3 :  0.003 0.006 0.991 
101  ZFBP230    (0)    3 :  0.004 0.007 0.988 
102  ZFBP231    (0)    3 :  0.006 0.006 0.989 
103  ZFBP232    (0)    3 :  0.004 0.004 0.992 
104  ZFBP233    (0)    3 :  0.006 0.006 0.989 
105   ZFCC01    (0)    4 :  0.035 0.950 0.015 
106   ZFCC03    (0)    4 :  0.016 0.913 0.071 
107   ZFCC04    (0)    4 :  0.011 0.968 0.021 
108   ZFCC05    (0)    4 :  0.016 0.943 0.040 
109   ZFCC08    (0)    4 :  0.030 0.306 0.665 
110   ZFCC09    (0)    4 :  0.029 0.916 0.055 
111   ZFCC10    (0)    4 :  0.095 0.882 0.023 
112   ZFCC11    (0)    4 :  0.015 0.959 0.026 
113   ZFCC12    (0)    4 :  0.035 0.954 0.011 
114   ZFCC13    (0)    4 :  0.007 0.941 0.051 
115   ZFCC14    (0)    4 :  0.024 0.952 0.024 
116   ZFCC15    (0)    4 :  0.009 0.977 0.014 
117   ZFCC16    (0)    4 :  0.014 0.977 0.009 
118   ZFCC17    (0)    4 :  0.010 0.983 0.007 
119   ZFCC18    (0)    4 :  0.018 0.943 0.039 
120   ZFCC19    (0)    4 :  0.007 0.988 0.005 
121   ZFCC20    (0)    4 :  0.009 0.965 0.027 
122   ZFCC21    (0)    4 :  0.020 0.878 0.102 
123   ZFCC22    (0)    4 :  0.034 0.084 0.882 
124   ZFCC26    (0)    4 :  0.012 0.976 0.012 
125   ZFCC27    (0)    4 :  0.006 0.978 0.016 
126   ZFCC29    (0)    4 :  0.019 0.968 0.013 
127   ZFCC30    (0)    4 :  0.004 0.975 0.021 
128   ZFCC32    (0)    4 :  0.020 0.953 0.027 
129   ZFCC33    (0)    4 :  0.009 0.983 0.009 
130   ZFCC34    (0)    4 :  0.179 0.394 0.426 
131   ZFCC35    (0)    4 :  0.007 0.961 0.031 
132   ZFCC36    (0)    4 :  0.007 0.975 0.017 
133   ZFCC37    (0)    4 :  0.039 0.945 0.016 
134   ZFCC40    (0)    4 :  0.016 0.971 0.012 
135   ZFCC42    (0)    4 :  0.041 0.950 0.009 
136   ZFCC44    (0)    4 :  0.004 0.980 0.016 
137   ZFCC45    (9)    4 :  0.029 0.960 0.011 
138   ZFCC46    (0)    4 :  0.013 0.760 0.227 
139   ZFCC47    (0)    4 :  0.081 0.815 0.104 
140   ZFCC48    (0)    4 :  0.030 0.782 0.188 
141   ZFCC50    (0)    4 :  0.010 0.981 0.009 
142   ZFCC51    (0)    4 :  0.011 0.955 0.034 
143   ZFCC52    (0)    4 :  0.007 0.958 0.035 
144   ZFCC53    (0)    4 :  0.007 0.981 0.012 
145  ZFCNS01    (0)    5 :  0.005 0.024 0.972 
146  ZFCNS02    (0)    5 :  0.005 0.008 0.988 
147  ZFCNS05    (0)    5 :  0.007 0.008 0.985 
148  ZFCNS06    (0)    5 :  0.005 0.009 0.986 
149  ZFCNS07    (0)    5 :  0.005 0.006 0.990 
150  ZFCNS10    (0)    5 :  0.003 0.006 0.991 
151  ZFCNS11    (0)    5 :  0.004 0.013 0.983 
152  ZFCNS15    (0)    5 :  0.005 0.005 0.990 
153  ZFCNS17    (0)    5 :  0.004 0.009 0.986 
154  ZFCNS18    (0)    5 :  0.004 0.006 0.990 
155  ZFCNS19    (0)    5 :  0.005 0.014 0.981 
156  ZFCNS20    (0)    5 :  0.004 0.008 0.988 
157  ZFCNS21    (0)    5 :  0.004 0.010 0.986 
158  ZFCNS22    (0)    5 :  0.007 0.008 0.986 
159  ZFCNS23    (0)    5 :  0.006 0.013 0.981 
160  ZFCNS24    (0)    5 :  0.004 0.016 0.980 
161  ZFCNS25    (0)    5 :  0.004 0.008 0.988 
162  ZFCNS26    (0)    5 :  0.006 0.006 0.988 
163  ZFCNS27    (0)    5 :  0.005 0.006 0.990 
164  ZFCNS28    (0)    5 :  0.006 0.007 0.986 
165  ZFCNS29    (0)    5 :  0.005 0.010 0.985 
166  ZFCNS30    (0)    5 :  0.005 0.011 0.984 
167  ZFCNS31    (0)    5 :  0.005 0.006 0.989 
168  ZFCNS32    (0)    5 :  0.006 0.007 0.987 
169  ZFCNS33    (0)    5 :  0.006 0.007 0.987 
170  ZFCNS34    (0)    5 :  0.005 0.016 0.979 
171  ZFCNS35    (0)    5 :  0.007 0.006 0.987 
172  ZFCNS36    (0)    5 :  0.004 0.017 0.979 
173  ZFCNS37    (0)    5 :  0.005 0.008 0.987 
174  ZFCNS39    (0)    5 :  0.003 0.008 0.989 
175  ZFCNS40    (0)    5 :  0.004 0.011 0.985 
176  ZFCNS41    (0)    5 :  0.006 0.016 0.978 
177  ZFCNS42    (0)    5 :  0.004 0.007 0.989 
178  ZFCNS43    (0)    5 :  0.005 0.010 0.985 
179  ZFCNS44    (0)    5 :  0.004 0.006 0.990 
180  ZFCNS46    (0)    5 :  0.005 0.010 0.986 
181  ZFCNS47    (0)    5 :  0.005 0.008 0.987 
182  ZFCNS48    (0)    5 :  0.004 0.007 0.989 
183  ZFCNS49    (0)    5 :  0.005 0.004 0.991 
184   ZFCR01    (0)    6 :  0.432 0.516 0.052 
185   ZFCR02    (0)    6 :  0.066 0.918 0.016 
186   ZFCR03    (0)    6 :  0.573 0.394 0.033 
187   ZFCR04    (0)    6 :  0.814 0.137 0.049 
188   ZFCR05    (0)    6 :  0.117 0.876 0.007 
189   ZFCR06    (0)    6 :  0.109 0.606 0.285 
190   ZFCR07    (0)    6 :  0.056 0.906 0.038 
191   ZFCR08    (0)    6 :  0.036 0.945 0.019 
192   ZFCR09    (0)    6 :  0.451 0.420 0.129 
193   ZFCR11    (0)    6 :  0.421 0.417 0.162 
194   ZFCR12    (0)    6 :  0.017 0.812 0.171 
195   ZFCR13    (0)    6 :  0.018 0.884 0.098 
196   ZFCR14    (0)    6 :  0.098 0.887 0.015 
197   ZFCR15    (0)    6 :  0.081 0.904 0.015 
198   ZFCR16    (0)    6 :  0.127 0.829 0.044 
199   ZFCR18    (0)    6 :  0.759 0.188 0.053 
200   ZFCR19    (0)    6 :  0.538 0.268 0.194 
201   ZFCR20    (0)    6 :  0.925 0.038 0.038 
202   ZFCR21    (0)    6 :  0.015 0.975 0.010 
203   ZFCR22    (0)    6 :  0.026 0.964 0.010 
204   ZFCR23    (0)    6 :  0.041 0.879 0.080 
205   ZFCR24    (9)    6 :  0.299 0.291 0.411 
206   ZFCR25    (0)    6 :  0.068 0.927 0.005 
207   ZFCR26    (0)    6 :  0.324 0.601 0.075 
208   ZFCR27    (9)    6 :  0.148 0.848 0.003 
209   ZFCR28    (0)    6 :  0.009 0.702 0.288 
210   ZFCR29    (0)    6 :  0.364 0.625 0.012 
211   ZFCR30    (0)    6 :  0.023 0.968 0.009 
212   ZFCR31    (0)    6 :  0.442 0.273 0.285 
213   ZFCR33    (0)    6 :  0.030 0.959 0.010 
214   ZFCR34    (0)    6 :  0.033 0.941 0.027 
215   ZFCR35    (0)    6 :  0.777 0.198 0.025 
216   ZFCR36    (0)    6 :  0.194 0.792 0.014 
217   ZFCR37    (0)    6 :  0.021 0.974 0.004 
218   ZFCR38    (0)    6 :  0.046 0.947 0.007 
219   ZFCR39    (0)    6 :  0.012 0.972 0.017 
220   ZFCR40    (0)    6 :  0.017 0.977 0.005 
221   ZFCR41    (0)    6 :  0.010 0.962 0.028 
222   ZFCR42    (0)    6 :  0.008 0.966 0.025 
223   ZFCR43    (0)    6 :  0.175 0.743 0.082 
224  ZFENP25    (0)    7 :  0.018 0.974 0.007 
225  ZFENP26    (0)    7 :  0.015 0.981 0.004 
226  ZFENP27    (0)    7 :  0.042 0.936 0.022 
227  ZFENP28    (0)    7 :  0.047 0.948 0.005 
228  ZFENP29    (0)    7 :  0.008 0.988 0.004 
229  ZFENP30    (0)    7 :  0.010 0.984 0.005 
230  ZFENP31    (0)    7 :  0.021 0.974 0.006 
231  ZFENP32    (0)    7 :  0.238 0.742 0.019 
232  ZFENP33    (0)    7 :  0.092 0.901 0.007 
233  ZFENP34    (0)    7 :  0.598 0.380 0.023 
234  ZFENP35    (0)    7 :  0.020 0.970 0.010 
235  ZFENP36    (0)    7 :  0.063 0.932 0.005 
236  ZFENP37    (0)    7 :  0.111 0.879 0.010 
237  ZFENP38    (0)    7 :  0.011 0.980 0.009 
238  ZFENP39    (0)    7 :  0.038 0.957 0.004 
239  ZFENP40    (0)    7 :  0.049 0.944 0.008 
240  ZFENP41    (0)    7 :  0.014 0.980 0.006 
241  ZFENP42    (0)    7 :  0.006 0.991 0.003 
242  ZFENP43    (0)    7 :  0.018 0.971 0.011 
243  ZFENP44    (0)    7 :  0.010 0.983 0.007 
244  ZFENP45    (0)    7 :  0.015 0.800 0.186 
245  ZFENP46    (0)    7 :  0.102 0.879 0.019 
246  ZFENP47    (0)    7 :  0.021 0.966 0.013 
247  ZFENP48    (0)    7 :  0.379 0.592 0.030 
248  ZFENP49    (0)    7 :  0.133 0.845 0.022 
249  ZFENP50    (0)    7 :  0.011 0.959 0.030 
250  ZFENP51    (0)    7 :  0.149 0.829 0.022 
251  ZFENP52    (0)    7 :  0.007 0.987 0.006 
252  ZFENP53    (0)    7 :  0.012 0.971 0.017 
253  ZFENP54    (0)    7 :  0.022 0.942 0.036 
254  ZFENP55    (0)    7 :  0.699 0.293 0.008 
255  ZFENP56    (0)    7 :  0.015 0.979 0.007 
256  ZFENP57    (0)    7 :  0.034 0.959 0.007 
257  ZFENP58    (0)    7 :  0.013 0.959 0.028 
258  ZFENP59    (0)    7 :  0.015 0.982 0.004 
259  ZFENP60    (0)    7 :  0.124 0.866 0.009 
260  ZFENP61    (0)    7 :  0.033 0.964 0.003 
261 ZFFDSP01    (0)    8 :  0.005 0.004 0.991 
262 ZFFDSP02    (0)    8 :  0.005 0.004 0.991 
263 ZFFDSP04    (0)    8 :  0.006 0.004 0.990 
264 ZFFDSP05    (0)    8 :  0.005 0.005 0.990 
265 ZFFDSP06    (0)    8 :  0.005 0.004 0.991 
266 ZFFDSP07    (0)    8 :  0.005 0.012 0.982 
267 ZFFDSP08    (0)    8 :  0.004 0.008 0.989 
268 ZFFDSP10    (0)    8 :  0.005 0.006 0.989 
269 ZFFDSP11    (0)    8 :  0.007 0.006 0.987 
270 ZFFDSP12    (0)    8 :  0.003 0.004 0.993 
271 ZFFDSP13    (0)    8 :  0.005 0.010 0.985 
272 ZFFDSP14    (0)    8 :  0.006 0.006 0.988 
273 ZFFDSP16    (0)    8 :  0.007 0.007 0.986 
274 ZFFDSP17    (0)    8 :  0.004 0.005 0.991 
275 ZFFDSP18    (0)    8 :  0.008 0.004 0.988 
276 ZFFDSP19    (0)    8 :  0.006 0.004 0.989 
277 ZFFDSP21    (0)    8 :  0.004 0.005 0.992 
278 ZFFDSP22    (0)    8 :  0.003 0.004 0.993 
279 ZFFDSP23    (0)    8 :  0.003 0.004 0.993 
280 ZFFDSP24    (0)    8 :  0.006 0.005 0.989 
281 ZFFDSP26    (9)    8 :  0.005 0.004 0.991 
282 ZFFDSP27    (0)    8 :  0.007 0.004 0.989 
283 ZFFDSP28    (0)    8 :  0.109 0.020 0.871 
284 ZFFDSP30    (0)    8 :  0.017 0.006 0.977 
285 ZFFDSP31    (0)    8 :  0.005 0.004 0.991 
286 ZFFDSP32    (0)    8 :  0.005 0.004 0.991 
287 ZFFDSP33    (0)    8 :  0.004 0.003 0.993 
288 ZFFDSP34    (0)    8 :  0.004 0.004 0.992 
289 ZFFDSP35    (0)    8 :  0.005 0.004 0.991 
290 ZFFDSP37    (0)    8 :  0.006 0.005 0.990 
291 ZFFDSP38    (0)    8 :  0.005 0.004 0.990 
292 ZFFDSP39    (0)    8 :  0.004 0.003 0.993 
293 ZFFDSP40    (0)    8 :  0.005 0.004 0.991 
294 ZFFDSP42    (0)    8 :  0.004 0.004 0.992 
295 ZFFDSP43    (0)    8 :  0.004 0.004 0.992 
296 ZFFDSP44    (0)    8 :  0.006 0.005 0.989 
297 ZFFDSP45    (0)    8 :  0.005 0.004 0.991 
298 ZFFDSP46    (0)    8 :  0.005 0.004 0.991 
299 ZFFDSP47    (0)    8 :  0.004 0.004 0.993 
300 ZFFDSP48    (0)    8 :  0.004 0.004 0.991 
301    ZFI01    (0)    9 :  0.987 0.007 0.005 
302    ZFI02    (0)    9 :  0.988 0.006 0.006 
303    ZFI03    (0)    9 :  0.989 0.006 0.005 
304    ZFI04    (0)    9 :  0.988 0.007 0.005 
305    ZFI05    (0)    9 :  0.985 0.005 0.010 
306    ZFI06    (0)    9 :  0.972 0.006 0.022 
307    ZFI07    (0)    9 :  0.990 0.006 0.004 
308    ZFI08    (0)    9 :  0.989 0.007 0.004 
309    ZFI09    (0)    9 :  0.990 0.005 0.005 
310    ZFI10    (0)    9 :  0.980 0.007 0.013 
311    ZFI11    (0)    9 :  0.990 0.005 0.004 
312    ZFI12    (0)    9 :  0.987 0.007 0.006 
313    ZFI13    (0)    9 :  0.988 0.007 0.005 
314    ZFI14    (0)    9 :  0.980 0.007 0.013 
315    ZFI15    (0)    9 :  0.990 0.006 0.005 
316    ZFI16    (0)    9 :  0.991 0.005 0.004 
317    ZFI17    (0)    9 :  0.989 0.007 0.005 
318    ZFI18    (0)    9 :  0.991 0.005 0.004 
319    ZFI19    (9)    9 :  0.991 0.005 0.004 
320    ZFI20    (0)    9 :  0.988 0.005 0.007 
321    ZFI21    (0)    9 :  0.967 0.006 0.027 
322    ZFI22    (0)    9 :  0.989 0.006 0.005 
323    ZFI23    (0)    9 :  0.990 0.005 0.005 
324    ZFI24    (0)    9 :  0.987 0.007 0.007 
325    ZFI25    (0)    9 :  0.988 0.006 0.006 
326    ZFI26    (0)    9 :  0.989 0.007 0.004 
327    ZFI27    (0)    9 :  0.984 0.006 0.010 
328    ZFK01    (0)    9 :  0.007 0.965 0.028 
329    ZFK02    (0)   10 :  0.011 0.963 0.026 
330    ZFK03    (0)   10 :  0.014 0.970 0.016 
331    ZFK04    (0)   10 :  0.074 0.914 0.012 
332    ZFK05    (0)   10 :  0.038 0.957 0.006 
333    ZFK06    (0)   10 :  0.052 0.936 0.013 
334    ZFK07    (0)   10 :  0.006 0.976 0.018 
335    ZFK08    (0)   10 :  0.104 0.886 0.010 
336    ZFK10    (0)   10 :  0.057 0.925 0.017 
337    ZFK11    (0)   10 :  0.015 0.976 0.009 
338    ZFK12    (0)   10 :  0.006 0.965 0.029 
339    ZFK13    (0)   10 :  0.006 0.936 0.058 
340    ZFK14    (0)   10 :  0.006 0.953 0.041 
341    ZFK15    (0)   10 :  0.012 0.958 0.030 
342    ZFK16    (0)   10 :  0.005 0.922 0.073 
343   ZFLB01    (0)   11 :  0.012 0.979 0.009 
344   ZFLB02    (0)   11 :  0.046 0.948 0.006 
345   ZFLB03    (0)   11 :  0.008 0.981 0.011 
346   ZFLB04    (0)   11 :  0.032 0.873 0.095 
347   ZFLB05    (0)   11 :  0.033 0.958 0.009 
348   ZFLB06    (0)   11 :  0.008 0.986 0.006 
349   ZFLB07    (0)   11 :  0.007 0.976 0.017 
350   ZFLB08    (0)   11 :  0.021 0.974 0.005 
351   ZFLB09    (9)   11 :  0.023 0.971 0.006 
352   ZFLB10    (0)   11 :  0.029 0.965 0.007 
353   ZFLB11    (0)   11 :  0.005 0.990 0.004 
354   ZFLB12    (0)   11 :  0.010 0.986 0.004 
355   ZFLB13    (0)   11 :  0.008 0.987 0.006 
356  ZFLTI01    (0)   12 :  0.004 0.007 0.990 
357  ZFLTI02    (0)   12 :  0.005 0.008 0.988 
358  ZFLTI03    (0)   12 :  0.004 0.005 0.991 
359  ZFLTI04    (0)   12 :  0.006 0.009 0.985 
360  ZFLTI05    (0)   12 :  0.004 0.005 0.991 
361  ZFLTI06    (0)   12 :  0.004 0.004 0.991 
362  ZFLTI07    (0)   12 :  0.006 0.005 0.989 
363  ZFLTI08    (0)   12 :  0.007 0.006 0.987 
364  ZFLTI09    (0)   12 :  0.007 0.005 0.988 
365  ZFLTI10    (0)   12 :  0.005 0.005 0.989 
366  ZFLTI11    (0)   12 :  0.004 0.004 0.992 
367  ZFLTI12    (0)   12 :  0.004 0.006 0.990 
368  ZFLTI13    (0)   12 :  0.005 0.008 0.987 
369  ZFLTI14    (0)   12 :  0.005 0.009 0.986 
370 ZFONF101    (0)   13 :  0.003 0.003 0.993 
371 ZFONF102    (0)   13 :  0.005 0.006 0.989 
372 ZFONF103    (0)   13 :  0.004 0.006 0.989 
373 ZFONF104    (0)   13 :  0.003 0.003 0.994 
374 ZFONF105    (0)   13 :  0.003 0.004 0.994 
375 ZFONF106    (0)   13 :  0.005 0.003 0.992 
376 ZFONF107    (0)   13 :  0.027 0.050 0.923 
377 ZFONF108    (0)   13 :  0.006 0.012 0.982 
378 ZFONF109    (9)   13 :  0.006 0.009 0.985 
379 ZFONF110    (0)   13 :  0.003 0.003 0.994 
380 ZFONF111    (0)   13 :  0.013 0.019 0.968 
381 ZFONF112    (0)   13 :  0.003 0.003 0.993 
382 ZFONF113    (9)   13 :  0.004 0.005 0.991 
383 ZFONF115    (0)   13 :  0.005 0.004 0.991 
384 ZFONF116    (0)   13 :  0.005 0.004 0.991 
385 ZFONF117    (0)   13 :  0.004 0.005 0.991 
386 ZFONF118    (0)   13 :  0.006 0.004 0.990 
387 ZFONF119    (0)   13 :  0.005 0.009 0.986 
388 ZFONF120    (0)   13 :  0.004 0.012 0.984 
389 ZFONF121    (0)   13 :  0.004 0.005 0.991 
390 ZFONF122    (0)   13 :  0.006 0.006 0.987 
391 ZFONF123    (0)   13 :  0.010 0.024 0.966 
392 ZFONF124    (0)   13 :  0.003 0.007 0.990 
393 ZFONF125    (0)   13 :  0.009 0.067 0.924 
394 ZFONF126    (0)   13 :  0.005 0.005 0.990 
395 ZFONF201    (0)   14 :  0.100 0.129 0.771 
396 ZFONF202    (0)   14 :  0.004 0.005 0.992 
397 ZFONF203    (0)   14 :  0.006 0.023 0.971 
398 ZFONF204    (0)   14 :  0.018 0.314 0.668 
399 ZFONF206    (0)   14 :  0.025 0.367 0.607 
400 ZFONF207    (0)   14 :  0.006 0.021 0.973 
401 ZFONF208    (0)   14 :  0.006 0.021 0.973 
402 ZFONF209    (0)   14 :  0.024 0.084 0.892 
403 ZFONF210    (0)   14 :  0.003 0.004 0.993 
404 ZFONF211    (0)   14 :  0.003 0.007 0.989 
405 ZFONF212    (0)   14 :  0.003 0.004 0.993 
406 ZFONF214    (0)   14 :  0.003 0.009 0.987 
407 ZFONF215    (0)   14 :  0.003 0.004 0.993 
408 ZFONF216    (0)   14 :  0.003 0.005 0.992 
409 ZFONF217    (0)   14 :  0.004 0.005 0.992 
410 ZFONF218    (0)   14 :  0.009 0.027 0.964 
411 ZFONF219    (0)   14 :  0.002 0.005 0.992 
412 ZFONF220    (0)   14 :  0.004 0.005 0.991 
413 ZFONF222    (0)   14 :  0.005 0.020 0.975 
414 ZFONF223    (0)   14 :  0.008 0.019 0.973 
415 ZFONF224    (0)   14 :  0.003 0.006 0.990 
416 ZFONF225    (0)   14 :  0.003 0.004 0.994 
417 ZFONF226    (0)   14 :  0.003 0.006 0.991 
418 ZFONF227    (0)   14 :  0.002 0.003 0.994 
419 ZFONF228    (0)   14 :  0.003 0.004 0.994 
420 ZFONF230    (0)   14 :  0.003 0.004 0.993 
421 ZFONF231    (0)   14 :  0.003 0.007 0.990 
422 ZFONF232    (0)   14 :  0.003 0.005 0.992 
423 ZFONF233    (0)   14 :  0.003 0.011 0.986 
424 ZFONF234    (0)   14 :  0.003 0.025 0.971 
425 ZFONF235    (0)   14 :  0.003 0.006 0.991 
426 ZFONF236    (0)   14 :  0.027 0.045 0.927 
427 ZFONF238    (0)   14 :  0.005 0.009 0.986 
428 ZFONF239    (0)   14 :  0.035 0.059 0.906 
429 ZFONF240    (0)   14 :  0.003 0.004 0.993 
430 ZFONF241    (0)   14 :  0.007 0.013 0.981 
431 ZFONF242    (0)   14 :  0.004 0.008 0.988 
432 ZFONF243    (0)   14 :  0.003 0.006 0.991 
433 ZFONF244    (0)   14 :  0.003 0.005 0.992 
434 ZFONF245    (0)   14 :  0.002 0.007 0.991 
435   ZFOS01    (0)   15 :  0.030 0.624 0.346 
436   ZFOS02    (0)   15 :  0.132 0.519 0.349 
437   ZFOS03    (0)   15 :  0.013 0.964 0.023 
438   ZFOS04    (0)   15 :  0.096 0.520 0.384 
439   ZFOS05    (0)   15 :  0.044 0.648 0.308 
440   ZFOS06    (0)   15 :  0.013 0.876 0.111 
441   ZFOS07    (0)   15 :  0.117 0.826 0.057 
442   ZFOS08    (0)   15 :  0.151 0.579 0.270 
443   ZFOS09    (0)   15 :  0.045 0.691 0.265 
444   ZFOS10    (0)   15 :  0.013 0.978 0.009 
445   ZFOS11    (0)   15 :  0.010 0.837 0.153 
446   ZFOS12    (0)   15 :  0.019 0.955 0.027 
447   ZFOS13    (0)   15 :  0.091 0.719 0.190 
448   ZFOS14    (0)   15 :  0.051 0.865 0.084 
449   ZFOS15    (0)   15 :  0.009 0.981 0.009 
450   ZFOS16    (0)   15 :  0.060 0.642 0.298 
451   ZFOS17    (0)   15 :  0.011 0.966 0.023 
452   ZFOS18    (0)   15 :  0.008 0.974 0.018 
453   ZFOS19    (0)   15 :  0.007 0.980 0.014 
454   ZFOS20    (0)   15 :  0.011 0.951 0.038 
455   ZFOS21    (0)   15 :  0.074 0.710 0.216 
456   ZFOS22    (0)   15 :  0.005 0.929 0.066 
457   ZFOS23    (0)   15 :  0.033 0.962 0.005 
458   ZFOS24    (0)   15 :  0.006 0.982 0.012 
459   ZFOS25    (0)   15 :  0.039 0.194 0.767 
460   ZFOS26    (0)   15 :  0.038 0.122 0.840 
461   ZFOS27    (0)   15 :  0.019 0.824 0.158 
462   ZFOS28    (0)   15 :  0.025 0.941 0.035 
463   ZFOS29    (0)   15 :  0.015 0.932 0.052 
464   ZFOS30    (0)   15 :  0.043 0.864 0.093 
465   ZFOS31    (0)   15 :  0.076 0.683 0.241 
466   ZFOS32    (0)   15 :  0.036 0.727 0.237 
467   ZFPB01    (0)   16 :  0.013 0.984 0.003 
468   ZFPB02    (0)   16 :  0.005 0.989 0.006 
469   ZFPB03    (0)   16 :  0.011 0.981 0.008 
470   ZFPB05    (0)   16 :  0.005 0.990 0.005 
471   ZFPB06    (0)   16 :  0.012 0.985 0.003 
472   ZFPB07    (0)   16 :  0.005 0.988 0.007 
473   ZFPB08    (0)   16 :  0.007 0.987 0.006 
474   ZFPB10    (0)   16 :  0.007 0.989 0.005 
475   ZFPB11    (0)   16 :  0.005 0.992 0.003 
476   ZFPB12    (0)   16 :  0.006 0.990 0.004 
477   ZFPB13    (0)   16 :  0.011 0.980 0.008 
478   ZFPB14    (0)   16 :  0.006 0.987 0.007 
479   ZFPB15    (0)   16 :  0.007 0.985 0.007 
480   ZFPB17    (0)   16 :  0.006 0.991 0.003 
481   ZFPB18    (0)   16 :  0.004 0.992 0.004 
482   ZFPB19    (0)   16 :  0.018 0.976 0.006 
483   ZFPB20    (0)   16 :  0.006 0.991 0.004 
484   ZFPB21    (0)   16 :  0.008 0.985 0.007 
485   ZFPB22    (0)   16 :  0.006 0.991 0.003 
486   ZFPB23    (0)   16 :  0.007 0.988 0.005 
487   ZFSF01    (0)   17 :  0.956 0.040 0.004 
488   ZFSF02    (0)   17 :  0.587 0.366 0.046 
489   ZFSF03    (0)   17 :  0.954 0.042 0.004 
490   ZFSF04    (0)   17 :  0.986 0.008 0.006 
491  ZFSW101    (0)   18 :  0.961 0.008 0.031 
492  ZFSW102    (0)   18 :  0.983 0.010 0.007 
493  ZFSW103    (0)   18 :  0.966 0.008 0.026 
494  ZFSW104    (9)   18 :  0.959 0.023 0.018 
495  ZFSW105    (0)   18 :  0.976 0.007 0.017 
496  ZFSW106    (0)   18 :  0.948 0.026 0.026 
497  ZFSW107    (0)   18 :  0.987 0.006 0.006 
498  ZFSW108    (0)   18 :  0.990 0.007 0.003 
499  ZFSW109    (0)   18 :  0.988 0.005 0.007 
500  ZFSW110    (0)   18 :  0.973 0.007 0.020 
501  ZFSW111    (0)   18 :  0.933 0.012 0.056 
502  ZFSW112    (0)   18 :  0.974 0.010 0.015 
503  ZFSW113    (0)   18 :  0.958 0.016 0.026 
504  ZFSW114    (0)   18 :  0.985 0.007 0.007 
505  ZFSW115    (0)   18 :  0.969 0.024 0.008 
506  ZFSW116    (0)   18 :  0.971 0.013 0.017 
507  ZFSW117    (0)   18 :  0.953 0.014 0.033 
508  ZFSW119    (0)   18 :  0.981 0.015 0.003 
509  ZFSW120    (0)   18 :  0.984 0.013 0.003 
510  ZFSW121    (0)   18 :  0.940 0.038 0.022 
511  ZFSW122    (0)   18 :  0.986 0.005 0.009 
512  ZFSW123    (0)   18 :  0.992 0.005 0.004 
513  ZFSW124    (0)   18 :  0.989 0.006 0.005 
514  ZFSW201    (0)   19 :  0.989 0.007 0.004 
515  ZFSW202    (0)   19 :  0.989 0.007 0.004 
516  ZFSW203    (0)   19 :  0.988 0.008 0.004 
517  ZFSW204    (0)   19 :  0.985 0.010 0.005 
518  ZFSW205    (0)   19 :  0.989 0.006 0.005 
519  ZFSW206    (0)   19 :  0.986 0.009 0.005 
520  ZFSW207    (0)   19 :  0.987 0.005 0.008 
521  ZFSW208    (0)   19 :  0.986 0.009 0.006 
522  ZFSW209    (0)   19 :  0.973 0.022 0.005 
523  ZFSW210    (0)   19 :  0.969 0.010 0.021 
524  ZFSW211    (0)   19 :  0.975 0.016 0.009 
525  ZFSW212    (0)   19 :  0.987 0.007 0.006 
526  ZFSW213    (0)   19 :  0.989 0.006 0.005 
527  ZFSW214    (0)   19 :  0.986 0.007 0.006 
528  ZFSW215    (0)   19 :  0.990 0.006 0.004 
529  ZFSW216    (0)   19 :  0.982 0.010 0.009 
530  ZFSW217    (0)   19 :  0.988 0.008 0.004 
531  ZFSW218    (0)   19 :  0.989 0.005 0.006 
532  ZFSW219    (0)   19 :  0.963 0.029 0.008 
533  ZFSW220    (0)   19 :  0.981 0.014 0.005 
534  ZFSW221    (0)   19 :  0.980 0.013 0.007 
535  ZFSW222    (0)   19 :  0.992 0.005 0.003 
536  ZFSW223    (0)   19 :  0.983 0.014 0.004 
537  ZFSW224    (0)   19 :  0.980 0.012 0.007 
538  ZFSW225    (0)   19 :  0.986 0.008 0.006 
539  ZFSW226    (0)   19 :  0.989 0.006 0.005 
540  ZFSW227    (0)   19 :  0.989 0.006 0.005 
541  ZFSW229    (0)   19 :  0.987 0.008 0.005 
542  ZFSW230    (0)   19 :  0.985 0.006 0.009 
543  ZFSW231    (0)   19 :  0.984 0.011 0.005 
544  ZFSW232    (0)   19 :  0.989 0.007 0.005 
545  ZFSW233    (0)   19 :  0.979 0.015 0.006 
546  ZFSW234    (0)   19 :  0.992 0.005 0.004 
547  ZFSW235    (0)   19 :  0.981 0.012 0.006 
548  ZFSW236    (0)   19 :  0.991 0.005 0.005 
549  ZFSW237    (0)   19 :  0.980 0.014 0.005 
550  ZFSW238    (0)   19 :  0.823 0.145 0.032 
551  ZFSW239    (0)   19 :  0.989 0.005 0.007 
552  ZFSW240    (0)   19 :  0.991 0.006 0.004 
553   ZFTS01    (0)   20 :  0.987 0.009 0.004 
554   ZFTS02    (0)   20 :  0.985 0.008 0.007 
555   ZFTS03    (0)   20 :  0.987 0.008 0.004 
556   ZFTS04    (0)   20 :  0.983 0.013 0.004 
557   ZFTS05    (0)   20 :  0.848 0.147 0.005 
558   ZFTS07    (0)   20 :  0.970 0.027 0.004 
559   ZFTS08    (0)   20 :  0.988 0.009 0.003 
560   ZFTS09    (0)   20 :  0.986 0.011 0.003 
561   ZFTS10    (0)   20 :  0.989 0.007 0.004 
562   ZFTS11    (0)   20 :  0.987 0.009 0.004 
563   ZFTS12    (0)   20 :  0.977 0.019 0.004 
564   ZFTS14    (0)   20 :  0.968 0.027 0.005 
565   ZFTS15    (0)   20 :  0.973 0.020 0.007 
566   ZFTS16    (0)   20 :  0.986 0.009 0.005 
567   ZFTS17    (9)   20 :  0.970 0.025 0.006 
568   ZFTS18    (0)   20 :  0.991 0.006 0.003 
569   ZFTS19    (9)   20 :  0.991 0.006 0.003 
570   ZFTS20    (0)   20 :  0.984 0.013 0.003 
571   ZFTS21    (0)   20 :  0.985 0.011 0.004 
572   ZFTS22    (0)   20 :  0.984 0.013 0.003 
573   ZFTS23    (0)   20 :  0.977 0.018 0.005 
574   ZFTS24    (0)   20 :  0.988 0.009 0.003 
575   ZFTS25    (0)   20 :  0.983 0.011 0.006 
576   ZFTS26    (0)   20 :  0.993 0.004 0.003 
577   ZFTS27    (0)   20 :  0.964 0.031 0.005 
578   ZFTS28    (0)   20 :  0.768 0.219 0.013 
579   ZFTS29    (0)   20 :  0.977 0.020 0.003 
580   ZFTS30    (0)   20 :  0.971 0.025 0.004 
581   ZFTS31    (0)   20 :  0.968 0.027 0.005 
582   ZFTS32    (0)   20 :  0.978 0.018 0.004 
583   ZFTS33    (0)   20 :  0.975 0.018 0.007 
584   ZFTS34    (0)   20 :  0.988 0.007 0.005 
585   ZFTS35    (0)   20 :  0.990 0.006 0.004 
586   ZFTS36    (0)   20 :  0.983 0.012 0.004 
587   ZFTS37    (0)   20 :  0.986 0.010 0.004 
588   ZFTS38    (0)   20 :  0.979 0.016 0.005 
589   ZFTS39    (0)   20 :  0.985 0.011 0.004 
590   ZFTS40    (0)   20 :  0.956 0.029 0.015 
591 ZFTSP101    (0)   21 :  0.004 0.006 0.990 
592 ZFTSP102    (0)   21 :  0.007 0.012 0.981 
593 ZFTSP103    (0)   21 :  0.004 0.008 0.988 
594 ZFTSP104    (0)   21 :  0.003 0.004 0.993 
595 ZFTSP105    (0)   21 :  0.004 0.006 0.990 
596 ZFTSP106    (0)   21 :  0.004 0.008 0.988 
597 ZFTSP107    (0)   21 :  0.003 0.009 0.988 
598 ZFTSP108    (0)   21 :  0.003 0.011 0.986 
599 ZFTSP109    (0)   21 :  0.004 0.012 0.984 
600 ZFTSP110    (0)   21 :  0.004 0.007 0.989 
601 ZFTSP111    (0)   21 :  0.004 0.005 0.991 
602 ZFTSP112    (0)   21 :  0.005 0.007 0.988 
603 ZFTSP113    (0)   21 :  0.004 0.008 0.988 
604 ZFTSP114    (0)   21 :  0.003 0.007 0.990 
605 ZFTSP115    (0)   21 :  0.004 0.007 0.989 
606 ZFTSP116    (0)   21 :  0.004 0.008 0.988 
607 ZFTSP117    (0)   21 :  0.004 0.004 0.992 
608 ZFTSP118    (0)   21 :  0.005 0.005 0.989 
609 ZFTSP119    (0)   21 :  0.041 0.034 0.925 
610 ZFTSP120    (0)   21 :  0.005 0.004 0.991 
611 ZFTSP121    (0)   21 :  0.014 0.023 0.963 
612 ZFTSP122    (0)   21 :  0.003 0.006 0.991 
613 ZFTSP123    (0)   21 :  0.003 0.005 0.992 
614 ZFTSP124    (0)   21 :  0.003 0.006 0.991 
615 ZFTSP125    (0)   21 :  0.003 0.005 0.993 
616 ZFTSP126    (0)   21 :  0.004 0.008 0.988 
617 ZFTSP127    (0)   21 :  0.003 0.007 0.991 
618 ZFTSP128    (0)   21 :  0.003 0.006 0.991 
619 ZFTSP129    (0)   21 :  0.003 0.005 0.991 
620 ZFTSP130    (0)   21 :  0.003 0.005 0.992 
621 ZFTSP131    (0)   21 :  0.003 0.004 0.993 
622 ZFTSP132    (0)   21 :  0.005 0.007 0.988 
623 ZFTSP133    (0)   21 :  0.003 0.005 0.992 
624 ZFTSP134    (0)   21 :  0.003 0.006 0.991 
625 ZFTSP135    (0)   21 :  0.004 0.005 0.992 
626 ZFTSP136    (0)   21 :  0.004 0.004 0.992 
627 ZFTSP137    (0)   21 :  0.011 0.028 0.961 
628 ZFTSP138    (0)   21 :  0.004 0.007 0.989 
629 ZFTSP139    (0)   21 :  0.003 0.004 0.994 
630 ZFTSP140    (0)   21 :  0.005 0.012 0.983 
631 ZFTSP141    (0)   21 :  0.007 0.009 0.984 
632 ZFTSP142    (0)   21 :  0.005 0.007 0.988 
633 ZFTSP143    (0)   21 :  0.004 0.005 0.990 
634 ZFTSP144    (0)   21 :  0.007 0.006 0.987 
635 ZFTSP145    (0)   21 :  0.003 0.005 0.991 
636 ZFTSP201    (9)   22 :  0.004 0.008 0.988 
637 ZFTSP202    (0)   22 :  0.005 0.036 0.959 
638 ZFTSP203    (0)   22 :  0.004 0.005 0.991 
639 ZFTSP204    (0)   22 :  0.006 0.005 0.990 
640 ZFTSP205    (0)   22 :  0.006 0.018 0.976 
641 ZFTSP206    (0)   22 :  0.007 0.007 0.986 
642 ZFTSP207    (0)   22 :  0.007 0.004 0.988 
643 ZFTSP208    (0)   22 :  0.008 0.005 0.987 
644 ZFTSP209    (0)   22 :  0.004 0.005 0.991 
645 ZFTSP210    (0)   22 :  0.005 0.005 0.990 
646 ZFTSP211    (0)   22 :  0.006 0.010 0.984 
647 ZFTSP212    (0)   22 :  0.003 0.003 0.994 
648 ZFTSP213    (0)   22 :  0.003 0.007 0.990 
649 ZFTSP214    (0)   22 :  0.004 0.007 0.989 
650 ZFTSP215    (0)   22 :  0.004 0.006 0.990 
651 ZFTSP216    (0)   22 :  0.015 0.067 0.918 
652 ZFTSP217    (0)   22 :  0.003 0.006 0.990 
653 ZFTSP218    (0)   22 :  0.005 0.006 0.989 
654 ZFTSP219    (0)   22 :  0.006 0.009 0.985 
655 ZFTSP220    (0)   22 :  0.009 0.026 0.965 
656 ZFTSP221    (0)   22 :  0.004 0.008 0.988 
657 ZFTSP222    (0)   22 :  0.009 0.131 0.860 
658 ZFTSP223    (0)   22 :  0.003 0.004 0.993 
659 ZFTSP224    (0)   22 :  0.003 0.006 0.991 
660 ZFTSP225    (0)   22 :  0.004 0.004 0.992 
661 ZFTSP226    (0)   22 :  0.004 0.005 0.991 
662 ZFTSP227    (0)   22 :  0.006 0.021 0.974 
663 ZFTSP228    (0)   22 :  0.006 0.021 0.972 
664    ZFW01    (0)   23 :  0.988 0.005 0.006 
665    ZFW02    (0)   23 :  0.989 0.007 0.004 
666    ZFW03    (0)   23 :  0.991 0.004 0.005 
667    ZFW04    (0)   23 :  0.991 0.006 0.003 
668    ZFW05    (0)   23 :  0.840 0.127 0.033 
669    ZFW06    (0)   23 :  0.983 0.013 0.004 
670   ZFWB01    (0)   24 :  0.051 0.878 0.071 
671   ZFWB02    (0)   24 :  0.419 0.560 0.021 
672   ZFWB03    (0)   24 :  0.032 0.951 0.017 
673   ZFWB05    (0)   24 :  0.254 0.655 0.091 
674   ZFWB06    (0)   24 :  0.240 0.635 0.125 
675   ZFWB07    (0)   24 :  0.010 0.977 0.013 
676   ZFWB10    (0)   24 :  0.322 0.469 0.209 
677   ZFWB11    (0)   24 :  0.010 0.980 0.010 
678   ZFWB12    (0)   24 :  0.063 0.890 0.047 
679   ZFWB13    (9)   24 :  0.017 0.841 0.142 
680   ZFWB14    (0)   24 :  0.049 0.870 0.082 
681   ZFWB15    (9)   24 :  0.214 0.733 0.053 
682   ZFWB18    (0)   24 :  0.007 0.972 0.021 
683   ZFWB19    (0)   24 :  0.037 0.957 0.006 
684   ZFWB20    (0)   24 :  0.032 0.953 0.014 
685   ZFWB21    (0)   24 :  0.011 0.979 0.011 
686   ZFWB22    (0)   24 :  0.284 0.527 0.189 
687   ZFWB23    (0)   24 :  0.037 0.448 0.516 
688   ZFWB24    (0)   24 :  0.089 0.784 0.128 
689   ZFWB25    (0)   24 :  0.261 0.662 0.077 
690   ZFWB26    (0)   24 :  0.043 0.944 0.013 
691   ZFWB27    (0)   24 :  0.021 0.964 0.014 
692   ZFWB29    (0)   24 :  0.208 0.777 0.016 
693   ZFWB30    (0)   24 :  0.008 0.984 0.009 
694   ZFWB31    (0)   24 :  0.007 0.970 0.023 
695   ZFWB32    (9)   24 :  0.037 0.952 0.011 
696   ZFWB35    (0)   24 :  0.007 0.983 0.011 
697   ZFWB36    (0)   24 :  0.018 0.967 0.014 
698   ZFWB37    (0)   24 :  0.018 0.963 0.018 
699   ZFWB38    (0)   24 :  0.068 0.913 0.019 
700   ZFWB39    (9)   24 :  0.010 0.968 0.022 
701   ZFWB40    (0)   24 :  0.008 0.980 0.012 
702   ZFWB41    (9)   24 :  0.023 0.950 0.028 
703   ZFWB42    (0)   24 :  0.011 0.970 0.019 
704   ZFWB43    (0)   24 :  0.008 0.984 0.008 
705   ZFWB44    (0)   24 :  0.357 0.635 0.009 
706   ZFWB46    (0)   24 :  0.017 0.975 0.009 
707   ZFWB47    (9)   24 :  0.104 0.877 0.019 
708   ZFWB48    (0)   24 :  0.008 0.969 0.023 
709   ZFWB49    (0)   24 :  0.014 0.760 0.226 
710    ZCF01    (0)   25 :  0.040 0.953 0.007 
711    ZCF02    (0)   25 :  0.377 0.617 0.007 
712    ZCF03    (0)   25 :  0.013 0.981 0.006 
713    ZCF04    (0)   25 :  0.006 0.989 0.005 
714    ZCF05    (0)   25 :  0.454 0.541 0.006 
715    ZCF06    (0)   25 :  0.005 0.988 0.006 
716    ZCF07    (0)   25 :  0.100 0.892 0.007 
717    ZCF08    (0)   25 :  0.007 0.985 0.008 
718    ZCF09    (0)   25 :  0.007 0.830 0.163 
719    ZCF10    (0)   25 :  0.022 0.954 0.024 
720    ZCF11    (0)   25 :  0.028 0.960 0.012 
721    ZCF12    (0)   25 :  0.010 0.986 0.004 
722    ZCF13    (0)   25 :  0.010 0.981 0.009 
723    ZCF14    (0)   25 :  0.073 0.904 0.024 
724    ZCF15    (0)   25 :  0.009 0.987 0.004 
725    ZCF16    (0)   25 :  0.007 0.988 0.005 
726    ZCF17    (0)   25 :  0.008 0.987 0.005 
727    ZCF18    (0)   25 :  0.013 0.981 0.007 
728    ZCF19    (0)   25 :  0.030 0.966 0.004 
729    ZCF20    (0)   25 :  0.030 0.952 0.019 
730    ZCF21    (0)   25 :  0.016 0.979 0.005 
731    ZCF22    (0)   25 :  0.062 0.927 0.011 
732    ZCF23    (0)   25 :  0.033 0.958 0.010 
733    ZCF24    (0)   25 :  0.004 0.981 0.016 
734    ZCF25    (0)   25 :  0.007 0.985 0.008 
735    ZCF26    (0)   25 :  0.006 0.988 0.006 
736    ZCF27    (0)   25 :  0.012 0.984 0.004 
737    ZCF28    (0)   25 :  0.024 0.973 0.004 
738    ZCF29    (0)   25 :  0.012 0.959 0.029 
739    ZCF30    (0)   25 :  0.007 0.990 0.004 
740    ZCF31    (0)   25 :  0.022 0.973 0.005 
741    ZCF32    (0)   25 :  0.117 0.877 0.006 
742    ZCF33    (0)   25 :  0.133 0.862 0.005 
743    ZCF34    (0)   25 :  0.034 0.756 0.209 
744    ZCF35    (0)   25 :  0.006 0.986 0.008 
745    ZCF36    (0)   25 :  0.620 0.351 0.029 
746    ZCF37    (0)   25 :  0.028 0.962 0.010 
747    ZCF38    (0)   25 :  0.006 0.986 0.008 
748    ZCF39    (0)   25 :  0.020 0.121 0.859 
749    ZCF40    (0)   25 :  0.007 0.978 0.016 
750    ZCF41    (0)   25 :  0.026 0.969 0.004 
751    ZCF42    (0)   25 :  0.006 0.989 0.005 


Estimated Allele Frequencies in each cluster
First column gives estimated ancestral frequencies


Locus 1 : 
11 alleles
0.0% missing data
 206   (0.200) 0.184 0.256 0.231 
 204   (0.340) 0.555 0.589 0.662 
 222   (0.069) 0.083 0.046 0.000 
 218   (0.084) 0.111 0.012 0.063 
 216   (0.027) 0.000 0.001 0.005 
 208   (0.045) 0.000 0.004 0.025 
 224   (0.062) 0.052 0.025 0.000 
 220   (0.093) 0.013 0.060 0.012 
 230   (0.026) 0.000 0.002 0.000 
 210   (0.027) 0.000 0.004 0.000 
 202   (0.027) 0.000 0.002 0.000 

Locus 2 : 
5 alleles
0.7% missing data
 179   (0.572) 0.901 0.585 0.496 
 173   (0.309) 0.020 0.405 0.457 
 182   (0.041) 0.000 0.001 0.047 
 170   (0.040) 0.079 0.001 0.000 
 176   (0.037) 0.000 0.007 0.000 

Locus 3 : 
7 alleles
0.0% missing data
 198   (0.409) 0.662 0.450 0.515 
 207   (0.250) 0.308 0.345 0.021 
 216   (0.121) 0.001 0.140 0.172 
 195   (0.086) 0.023 0.007 0.286 
 213   (0.046) 0.005 0.001 0.007 
 210   (0.046) 0.000 0.034 0.000 
 219   (0.042) 0.000 0.023 0.000 

Locus 4 : 
7 alleles
0.0% missing data
 166   (0.309) 0.512 0.326 0.509 
 182   (0.118) 0.273 0.151 0.000 
 178   (0.232) 0.143 0.221 0.426 
 184   (0.188) 0.059 0.273 0.025 
 180   (0.048) 0.000 0.004 0.037 
 186   (0.061) 0.011 0.021 0.000 
 168   (0.044) 0.000 0.005 0.001 

Locus 5 : 
9 alleles
0.0% missing data
 215   (0.419) 0.553 0.705 0.355 
 207   (0.209) 0.089 0.159 0.487 
 225   (0.092) 0.122 0.077 0.000 
 217   (0.072) 0.230 0.022 0.000 
 211   (0.027) 0.000 0.001 0.002 
 205   (0.034) 0.000 0.001 0.088 
 189   (0.068) 0.000 0.022 0.067 
 227   (0.052) 0.005 0.011 0.000 
 223   (0.028) 0.000 0.002 0.000 

Locus 6 : 
2 alleles
1.1% missing data
 205   (0.102) 0.215 0.043 0.000 
 203   (0.898) 0.785 0.957 1.000 

Locus 7 : 
9 alleles
0.3% missing data
 187   (0.169) 0.693 0.254 0.001 
 199   (0.176) 0.100 0.138 0.016 
 189   (0.115) 0.201 0.017 0.119 
