

----------------------------------------------------
STRUCTURE by Pritchard, Stephens and Donnelly (2000)
     and Falush, Stephens and Pritchard (2003)
       Code by Pritchard, Falush and Hubisz
             Version 2.3.4 (Jul 2012)
----------------------------------------------------



Command line arguments:   bin\structure -m C:\Users\eschumacher\Documents\GitHub\GCC_QUAC_ZAIN\Data_Files\Structure_Files\ZAIN\ZAIN_rebinned_wild\50-50\mainparams -e C:\Users\eschumacher\Documents\GitHub\GCC_QUAC_ZAIN\Data_Files\Structure_Files\ZAIN\ZAIN_rebinned_wild\50-50\extraparams 
Input File:    C:\Users\eschumacher\Documents\GitHub\GCC_QUAC_ZAIN\Data_Files\Structure_Files\ZAIN\ZAIN_rebinned_wild\project_data

Run parameters:
   751 individuals
   11 loci
   14 populations assumed
   50000 Burn-in period
   50000 Reps


--------------------------------------------
Proportion of membership of each pre-defined
 population in each of the 14 clusters

Given    Inferred Clusters                                                                                    Number of
 Pop       1      2      3      4      5      6      7      8      9     10     11     12     13     14      Individuals

  1:     0.005  0.873  0.014  0.012  0.005  0.011  0.008  0.005  0.017  0.023  0.010  0.004  0.007  0.004       35
  2:     0.161  0.006  0.004  0.006  0.019  0.005  0.021  0.288  0.009  0.004  0.007  0.014  0.435  0.020       36
  3:     0.084  0.004  0.004  0.006  0.009  0.006  0.009  0.223  0.006  0.006  0.014  0.023  0.581  0.026       33
  4:     0.009  0.006  0.017  0.006  0.860  0.010  0.036  0.009  0.007  0.007  0.007  0.009  0.010  0.009       40
  5:     0.037  0.004  0.003  0.005  0.006  0.003  0.005  0.007  0.003  0.004  0.006  0.901  0.007  0.008       39
  6:     0.018  0.042  0.024  0.092  0.018  0.019  0.013  0.016  0.632  0.017  0.054  0.013  0.031  0.012       40
  7:     0.010  0.023  0.027  0.593  0.022  0.055  0.051  0.010  0.074  0.045  0.047  0.010  0.010  0.022       37
  8:     0.091  0.005  0.003  0.003  0.006  0.005  0.006  0.105  0.004  0.003  0.005  0.012  0.735  0.017       40
  9:     0.005  0.801  0.025  0.007  0.005  0.073  0.040  0.004  0.010  0.004  0.006  0.012  0.005  0.003       28
 10:     0.007  0.004  0.005  0.004  0.018  0.005  0.919  0.006  0.004  0.006  0.005  0.005  0.007  0.006       14
 11:     0.013  0.009  0.010  0.023  0.006  0.015  0.021  0.008  0.007  0.829  0.014  0.031  0.010  0.005       13
 12:     0.886  0.004  0.003  0.004  0.019  0.007  0.007  0.015  0.004  0.002  0.006  0.024  0.011  0.008       14
 13:     0.015  0.003  0.004  0.005  0.007  0.005  0.008  0.869  0.005  0.007  0.006  0.007  0.041  0.020       25
 14:     0.009  0.005  0.004  0.005  0.008  0.005  0.005  0.011  0.005  0.006  0.006  0.006  0.018  0.908       40
 15:     0.054  0.023  0.007  0.009  0.763  0.009  0.026  0.018  0.021  0.008  0.017  0.017  0.021  0.007       32
 16:     0.003  0.003  0.003  0.004  0.003  0.003  0.003  0.003  0.003  0.962  0.003  0.003  0.003  0.003       20
 17:     0.009  0.474  0.038  0.039  0.008  0.019  0.012  0.008  0.218  0.003  0.153  0.004  0.012  0.005        4
 18:     0.009  0.151  0.060  0.008  0.009  0.278  0.010  0.012  0.390  0.004  0.011  0.005  0.046  0.007       23
 19:     0.004  0.014  0.012  0.008  0.006  0.914  0.006  0.004  0.008  0.004  0.007  0.004  0.005  0.004       39
 20:     0.004  0.013  0.920  0.007  0.004  0.010  0.010  0.004  0.005  0.007  0.005  0.004  0.004  0.003       38
 21:     0.717  0.004  0.004  0.006  0.008  0.004  0.007  0.025  0.005  0.005  0.011  0.113  0.043  0.048       45
 22:     0.383  0.005  0.004  0.010  0.013  0.005  0.022  0.154  0.005  0.013  0.008  0.125  0.231  0.023       28
 23:     0.005  0.334  0.006  0.024  0.008  0.532  0.005  0.006  0.044  0.011  0.006  0.007  0.006  0.005        6
 24:     0.012  0.014  0.009  0.017  0.006  0.019  0.010  0.007  0.014  0.004  0.858  0.011  0.006  0.013       40
 25:     0.020  0.015  0.021  0.774  0.009  0.010  0.020  0.009  0.037  0.038  0.019  0.009  0.007  0.010       42
--------------------------------------------

Allele-freq. divergence among pops (Net nucleotide distance),
computed using point estimates of P.

      1       2       3       4       5       6       7       8       9      10      11      12      13      14      
 1      -    0.2631  0.3084  0.1671  0.1742  0.2835  0.1946  0.0800  0.1441  0.3752  0.1326  0.1376  0.0649  0.1318  
 2   0.2631     -    0.1532  0.1363  0.2216  0.1036  0.2631  0.2650  0.1008  0.3125  0.2276  0.2974  0.2556  0.3768  
 3   0.3084  0.1532     -    0.1427  0.2692  0.1758  0.2404  0.2993  0.1361  0.2235  0.2396  0.3762  0.3149  0.3600  
 4   0.1671  0.1363  0.1427     -    0.1576  0.1235  0.1595  0.1995  0.0702  0.1835  0.1177  0.2016  0.2197  0.2831  
 5   0.1742  0.2216  0.2692  0.1576     -    0.1882  0.1983  0.2021  0.1243  0.3548  0.1894  0.2020  0.2371  0.2082  
 6   0.2835  0.1036  0.1758  0.1235  0.1882     -    0.2830  0.2884  0.1188  0.3679  0.2070  0.3086  0.2854  0.3925  
 7   0.1946  0.2631  0.2404  0.1595  0.1983  0.2830     -    0.1907  0.1850  0.3243  0.1881  0.2465  0.2334  0.2830  
 8   0.0800  0.2650  0.2993  0.1995  0.2021  0.2884  0.1907     -    0.1440  0.3832  0.1909  0.2337  0.0511  0.1061  
 9   0.1441  0.1008  0.1361  0.0702  0.1243  0.1188  0.1850  0.1440     -    0.2654  0.1189  0.2560  0.1429  0.1994  
10   0.3752  0.3125  0.2235  0.1835  0.3548  0.3679  0.3243  0.3832  0.2654     -    0.3783  0.4553  0.3928  0.4648  
11   0.1326  0.2276  0.2396  0.1177  0.1894  0.2070  0.1881  0.1909  0.1189  0.3783     -    0.2527  0.1845  0.1904  
12   0.1376  0.2974  0.3762  0.2016  0.2020  0.3086  0.2465  0.2337  0.2560  0.4553  0.2527     -    0.2669  0.2972  
13   0.0649  0.2556  0.3149  0.2197  0.2371  0.2854  0.2334  0.0511  0.1429  0.3928  0.1845  0.2669     -    0.1428  
14   0.1318  0.3768  0.3600  0.2831  0.2082  0.3925  0.2830  0.1061  0.1994  0.4648  0.1904  0.2972  0.1428     -    

Average distances (expected heterozygosity) between individuals in same cluster:
cluster  1  : 0.4244 
cluster  2  : 0.4669 
cluster  3  : 0.3760 
cluster  4  : 0.5309 
cluster  5  : 0.3927 
cluster  6  : 0.3095 
cluster  7  : 0.2415 
cluster  8  : 0.4125 
cluster  9  : 0.6125 
cluster 10  : 0.2490 
cluster 11  : 0.3847 
cluster 12  : 0.2244 
cluster 13  : 0.3617 
cluster 14  : 0.3585 

--------------------------------------------
Estimated Ln Prob of Data   = -13002.6
Mean value of ln likelihood = -12504.6
Variance of ln likelihood   = 996.0
Mean value of alpha         = 0.0317

Mean value of Fst_1         = 0.4297
Mean value of Fst_2         = 0.4614
Mean value of Fst_3         = 0.5512
Mean value of Fst_4         = 0.1528
Mean value of Fst_5         = 0.4108
Mean value of Fst_6         = 0.5073
Mean value of Fst_7         = 0.6436
Mean value of Fst_8         = 0.3551
Mean value of Fst_9         = 0.1382
Mean value of Fst_10         = 0.6410
Mean value of Fst_11         = 0.4299
Mean value of Fst_12         = 0.6731
Mean value of Fst_13         = 0.4497
Mean value of Fst_14         = 0.4543


Inferred ancestry of individuals:
        Label (%Miss) Pop:  Inferred clusters
  1    ZFB01    (0)    1 :  0.003 0.948 0.006 0.003 0.004 0.010 0.002 0.003 0.004 0.005 0.003 0.003 0.003 0.003 
  2    ZFB02    (0)    1 :  0.003 0.837 0.078 0.006 0.010 0.011 0.007 0.003 0.019 0.014 0.005 0.002 0.004 0.003 
  3    ZFB03    (0)    1 :  0.014 0.865 0.008 0.015 0.006 0.019 0.005 0.006 0.016 0.003 0.009 0.019 0.011 0.002 
  4    ZFB04    (0)    1 :  0.003 0.890 0.043 0.005 0.006 0.006 0.008 0.003 0.010 0.012 0.003 0.002 0.005 0.003 
  5    ZFB05    (0)    1 :  0.005 0.685 0.063 0.045 0.008 0.009 0.036 0.003 0.010 0.086 0.027 0.009 0.003 0.010 
  6    ZFB06    (0)    1 :  0.005 0.775 0.022 0.039 0.007 0.009 0.020 0.003 0.007 0.068 0.023 0.009 0.003 0.011 
  7    ZFB07    (9)    1 :  0.005 0.797 0.005 0.041 0.004 0.086 0.005 0.005 0.012 0.010 0.012 0.004 0.007 0.006 
  8    ZFB08    (0)    1 :  0.008 0.864 0.012 0.006 0.007 0.024 0.009 0.009 0.013 0.003 0.022 0.005 0.010 0.008 
  9    ZFB09    (0)    1 :  0.002 0.953 0.005 0.003 0.003 0.009 0.003 0.003 0.005 0.003 0.004 0.003 0.003 0.002 
 10    ZFB10    (0)    1 :  0.007 0.905 0.007 0.004 0.005 0.004 0.006 0.009 0.014 0.004 0.004 0.002 0.022 0.006 
 11    ZFB11    (0)    1 :  0.003 0.943 0.006 0.003 0.004 0.004 0.005 0.004 0.006 0.010 0.003 0.002 0.005 0.003 
 12    ZFB12    (0)    1 :  0.005 0.877 0.021 0.010 0.004 0.005 0.003 0.005 0.015 0.021 0.020 0.004 0.007 0.003 
 13    ZFB13    (0)    1 :  0.008 0.874 0.015 0.006 0.004 0.007 0.014 0.011 0.024 0.003 0.011 0.005 0.011 0.007 
 14    ZFB14    (0)    1 :  0.003 0.945 0.004 0.004 0.005 0.006 0.004 0.004 0.008 0.003 0.004 0.003 0.005 0.003 
 15    ZFB15    (0)    1 :  0.002 0.950 0.010 0.003 0.002 0.007 0.003 0.002 0.005 0.006 0.004 0.002 0.002 0.002 
 16    ZFB16    (0)    1 :  0.006 0.911 0.018 0.004 0.003 0.005 0.011 0.006 0.009 0.004 0.008 0.003 0.008 0.004 
 17    ZFB17    (0)    1 :  0.007 0.836 0.010 0.008 0.012 0.006 0.028 0.005 0.017 0.024 0.028 0.002 0.008 0.008 
 18    ZFB18    (0)    1 :  0.003 0.956 0.004 0.003 0.004 0.005 0.002 0.003 0.006 0.003 0.003 0.002 0.003 0.002 
 19    ZFB19    (0)    1 :  0.021 0.505 0.010 0.041 0.004 0.032 0.005 0.017 0.267 0.005 0.036 0.006 0.041 0.010 
 20    ZFB20    (0)    1 :  0.005 0.875 0.030 0.005 0.003 0.005 0.020 0.006 0.012 0.014 0.008 0.003 0.008 0.005 
 21    ZFB21    (0)    1 :  0.002 0.952 0.006 0.006 0.003 0.007 0.003 0.002 0.003 0.005 0.003 0.003 0.002 0.002 
 22    ZFB22    (0)    1 :  0.009 0.881 0.021 0.007 0.007 0.004 0.005 0.005 0.011 0.020 0.010 0.002 0.008 0.009 
 23    ZFB23    (0)    1 :  0.003 0.941 0.005 0.004 0.004 0.004 0.006 0.004 0.006 0.012 0.002 0.003 0.004 0.002 
 24    ZFB24    (0)    1 :  0.003 0.936 0.008 0.003 0.003 0.004 0.006 0.004 0.004 0.017 0.003 0.002 0.004 0.002 
 25    ZFB25    (0)    1 :  0.005 0.947 0.003 0.003 0.003 0.003 0.003 0.006 0.004 0.004 0.002 0.003 0.011 0.003 
 26    ZFB26    (0)    1 :  0.004 0.914 0.006 0.005 0.004 0.004 0.010 0.007 0.003 0.026 0.003 0.003 0.008 0.003 
 27    ZFB27    (0)    1 :  0.003 0.905 0.007 0.004 0.003 0.005 0.003 0.003 0.004 0.052 0.002 0.002 0.005 0.002 
 28    ZFB28    (0)    1 :  0.006 0.780 0.012 0.024 0.007 0.005 0.010 0.005 0.014 0.112 0.011 0.004 0.006 0.002 
 29    ZFB29    (0)    1 :  0.002 0.943 0.008 0.004 0.004 0.004 0.007 0.003 0.007 0.008 0.003 0.002 0.003 0.002 
 30    ZFB30    (0)    1 :  0.004 0.642 0.008 0.083 0.003 0.022 0.004 0.003 0.007 0.185 0.015 0.007 0.004 0.013 
 31    ZFB31    (0)    1 :  0.005 0.934 0.004 0.004 0.004 0.006 0.003 0.006 0.009 0.006 0.003 0.003 0.010 0.003 
 32    ZFB32    (0)    1 :  0.007 0.776 0.017 0.022 0.018 0.007 0.017 0.007 0.016 0.061 0.030 0.007 0.012 0.004 
 33    ZFB33    (0)    1 :  0.002 0.954 0.008 0.003 0.003 0.006 0.003 0.003 0.004 0.005 0.003 0.002 0.003 0.002 
 34    ZFB34    (0)    1 :  0.003 0.937 0.005 0.004 0.006 0.017 0.003 0.003 0.006 0.003 0.004 0.003 0.004 0.003 
 35    ZFB35    (0)    1 :  0.004 0.930 0.010 0.004 0.004 0.013 0.005 0.004 0.004 0.005 0.005 0.004 0.005 0.003 
 36  ZFBP101    (0)    2 :  0.385 0.010 0.009 0.007 0.052 0.004 0.102 0.130 0.012 0.003 0.012 0.014 0.221 0.038 
 37  ZFBP102    (0)    2 :  0.351 0.014 0.016 0.009 0.009 0.005 0.036 0.376 0.014 0.003 0.009 0.004 0.140 0.015 
 38  ZFBP103    (0)    2 :  0.643 0.007 0.009 0.006 0.100 0.004 0.038 0.023 0.013 0.003 0.006 0.022 0.118 0.010 
 39  ZFBP104    (0)    2 :  0.525 0.018 0.009 0.013 0.003 0.020 0.005 0.099 0.018 0.003 0.028 0.009 0.243 0.007 
 40  ZFBP105    (0)    2 :  0.103 0.005 0.005 0.007 0.005 0.005 0.007 0.592 0.007 0.005 0.009 0.012 0.233 0.005 
 41  ZFBP106    (0)    2 :  0.115 0.003 0.003 0.004 0.007 0.003 0.014 0.375 0.003 0.003 0.006 0.022 0.431 0.011 
 42  ZFBP107    (0)    2 :  0.222 0.008 0.007 0.017 0.006 0.005 0.038 0.356 0.006 0.029 0.009 0.017 0.277 0.005 
 43  ZFBP108    (0)    2 :  0.011 0.002 0.003 0.003 0.003 0.003 0.005 0.102 0.003 0.003 0.002 0.007 0.846 0.006 
 44  ZFBP109    (0)    2 :  0.040 0.003 0.002 0.004 0.004 0.006 0.003 0.797 0.006 0.002 0.004 0.005 0.117 0.005 
 45  ZFBP110    (0)    2 :  0.264 0.042 0.008 0.021 0.026 0.009 0.035 0.102 0.067 0.003 0.010 0.097 0.311 0.006 
 46  ZFBP111    (0)    2 :  0.407 0.003 0.003 0.004 0.004 0.003 0.004 0.113 0.003 0.004 0.012 0.010 0.306 0.124 
 47  ZFBP112    (0)    2 :  0.018 0.003 0.004 0.004 0.013 0.003 0.015 0.037 0.005 0.005 0.006 0.010 0.834 0.043 
 48  ZFBP113    (0)    2 :  0.009 0.003 0.003 0.003 0.003 0.003 0.004 0.007 0.004 0.004 0.005 0.003 0.947 0.003 
 49  ZFBP114    (0)    2 :  0.030 0.003 0.003 0.005 0.003 0.004 0.008 0.908 0.003 0.006 0.003 0.004 0.016 0.005 
 50  ZFBP115    (0)    2 :  0.847 0.002 0.003 0.004 0.007 0.002 0.008 0.064 0.004 0.003 0.008 0.014 0.020 0.013 
 51  ZFBP116    (0)    2 :  0.035 0.002 0.003 0.005 0.004 0.003 0.007 0.072 0.004 0.004 0.008 0.006 0.842 0.006 
 52  ZFBP117    (0)    2 :  0.025 0.003 0.002 0.004 0.010 0.004 0.005 0.563 0.006 0.002 0.004 0.006 0.359 0.008 
 53  ZFBP118    (0)    2 :  0.037 0.004 0.003 0.007 0.004 0.003 0.012 0.787 0.003 0.008 0.004 0.004 0.116 0.009 
 54  ZFBP119    (0)    2 :  0.149 0.003 0.002 0.005 0.026 0.004 0.013 0.722 0.006 0.002 0.017 0.013 0.020 0.015 
 55  ZFBP120    (0)    2 :  0.120 0.006 0.004 0.007 0.004 0.006 0.007 0.245 0.005 0.004 0.009 0.014 0.563 0.005 
 56  ZFBP121    (0)    2 :  0.015 0.005 0.003 0.004 0.009 0.006 0.007 0.695 0.007 0.003 0.004 0.008 0.230 0.005 
 57  ZFBP122    (9)    2 :  0.025 0.003 0.003 0.004 0.004 0.003 0.005 0.094 0.004 0.003 0.006 0.006 0.830 0.009 
 58  ZFBP123    (0)    2 :  0.012 0.002 0.004 0.004 0.009 0.004 0.039 0.061 0.004 0.007 0.008 0.005 0.826 0.013 
 59  ZFBP124    (0)    2 :  0.018 0.006 0.004 0.004 0.005 0.011 0.009 0.709 0.005 0.004 0.005 0.005 0.212 0.004 
 60  ZFBP125    (0)    2 :  0.046 0.002 0.002 0.003 0.007 0.003 0.005 0.645 0.004 0.002 0.005 0.009 0.248 0.017 
 61  ZFBP126    (0)    2 :  0.021 0.010 0.013 0.010 0.013 0.004 0.019 0.019 0.024 0.003 0.013 0.003 0.842 0.005 
 62  ZFBP127    (0)    2 :  0.173 0.003 0.003 0.005 0.017 0.004 0.007 0.431 0.003 0.003 0.004 0.086 0.256 0.005 
 63  ZFBP128    (0)    2 :  0.019 0.003 0.002 0.002 0.013 0.003 0.008 0.023 0.004 0.002 0.004 0.014 0.879 0.024 
 64  ZFBP129    (0)    2 :  0.008 0.004 0.003 0.005 0.011 0.008 0.009 0.310 0.007 0.003 0.005 0.007 0.485 0.137 
 65  ZFBP130    (0)    2 :  0.045 0.002 0.002 0.003 0.030 0.002 0.009 0.247 0.004 0.004 0.008 0.013 0.558 0.073 
 66  ZFBP131    (0)    2 :  0.005 0.003 0.003 0.003 0.003 0.004 0.003 0.046 0.004 0.003 0.004 0.003 0.912 0.004 
 67  ZFBP132    (0)    2 :  0.015 0.005 0.002 0.003 0.004 0.003 0.005 0.287 0.004 0.004 0.003 0.018 0.644 0.004 
 68  ZFBP133    (0)    2 :  0.006 0.002 0.002 0.002 0.006 0.003 0.003 0.012 0.005 0.002 0.005 0.003 0.917 0.032 
 69  ZFBP134    (0)    2 :  0.789 0.003 0.003 0.003 0.020 0.004 0.003 0.014 0.004 0.003 0.010 0.008 0.125 0.011 
 70  ZFBP135    (0)    2 :  0.084 0.011 0.006 0.006 0.196 0.006 0.064 0.131 0.026 0.002 0.005 0.019 0.429 0.014 
 71  ZFBP136    (0)    2 :  0.179 0.003 0.004 0.004 0.047 0.003 0.195 0.174 0.005 0.008 0.007 0.018 0.311 0.040 
 72  ZFBP201    (0)    3 :  0.008 0.003 0.004 0.005 0.004 0.004 0.005 0.008 0.005 0.006 0.005 0.007 0.933 0.004 
 73  ZFBP202    (0)    3 :  0.030 0.004 0.003 0.004 0.004 0.008 0.006 0.109 0.005 0.003 0.006 0.012 0.797 0.008 
 74  ZFBP203    (0)    3 :  0.012 0.006 0.020 0.021 0.004 0.005 0.007 0.034 0.013 0.056 0.021 0.004 0.781 0.015 
 75  ZFBP204    (0)    3 :  0.115 0.004 0.004 0.005 0.011 0.004 0.031 0.685 0.006 0.005 0.010 0.015 0.089 0.016 
 76  ZFBP205    (0)    3 :  0.019 0.002 0.004 0.003 0.010 0.004 0.011 0.484 0.007 0.006 0.006 0.003 0.426 0.015 
 77  ZFBP206    (0)    3 :  0.006 0.003 0.005 0.004 0.007 0.005 0.020 0.013 0.004 0.005 0.010 0.004 0.895 0.018 
 78  ZFBP207    (0)    3 :  0.114 0.006 0.003 0.004 0.009 0.004 0.006 0.673 0.007 0.005 0.005 0.145 0.014 0.006 
 79  ZFBP208    (0)    3 :  0.006 0.003 0.006 0.005 0.004 0.004 0.013 0.013 0.005 0.010 0.011 0.003 0.910 0.007 
 80  ZFBP209    (0)    3 :  0.008 0.002 0.002 0.002 0.011 0.006 0.003 0.246 0.005 0.002 0.005 0.003 0.601 0.104 
 81  ZFBP210    (0)    3 :  0.008 0.004 0.005 0.004 0.004 0.004 0.005 0.019 0.004 0.008 0.010 0.007 0.910 0.008 
 82  ZFBP211    (0)    3 :  0.011 0.006 0.004 0.004 0.004 0.006 0.008 0.712 0.004 0.003 0.005 0.008 0.221 0.004 
 83  ZFBP212    (0)    3 :  0.053 0.006 0.003 0.003 0.003 0.004 0.003 0.038 0.003 0.003 0.003 0.029 0.844 0.005 
 84  ZFBP213    (0)    3 :  0.009 0.004 0.005 0.006 0.010 0.015 0.025 0.040 0.006 0.004 0.013 0.013 0.842 0.008 
 85  ZFBP214    (0)    3 :  0.020 0.006 0.003 0.008 0.041 0.016 0.021 0.022 0.015 0.004 0.055 0.033 0.703 0.051 
 86  ZFBP215    (0)    3 :  0.011 0.003 0.003 0.003 0.005 0.004 0.006 0.057 0.004 0.003 0.003 0.006 0.886 0.007 
 87  ZFBP216    (0)    3 :  0.038 0.004 0.005 0.008 0.006 0.005 0.007 0.122 0.006 0.007 0.032 0.006 0.750 0.005 
 88  ZFBP217    (0)    3 :  0.069 0.006 0.002 0.007 0.007 0.006 0.004 0.034 0.006 0.004 0.028 0.040 0.628 0.156 
 89  ZFBP218    (0)    3 :  0.035 0.002 0.003 0.003 0.004 0.010 0.003 0.447 0.004 0.004 0.006 0.003 0.463 0.014 
 90  ZFBP219    (0)    3 :  0.008 0.002 0.003 0.003 0.002 0.003 0.004 0.009 0.003 0.004 0.005 0.003 0.947 0.004 
 91  ZFBP220    (0)    3 :  0.152 0.002 0.003 0.003 0.020 0.002 0.008 0.079 0.004 0.004 0.006 0.016 0.663 0.038 
 92  ZFBP221    (0)    3 :  0.589 0.004 0.002 0.003 0.004 0.006 0.002 0.154 0.003 0.004 0.005 0.007 0.208 0.008 
 93  ZFBP222    (0)    3 :  0.004 0.003 0.004 0.003 0.006 0.004 0.004 0.011 0.005 0.004 0.006 0.003 0.937 0.006 
 94  ZFBP223    (0)    3 :  0.070 0.007 0.003 0.006 0.008 0.005 0.008 0.155 0.007 0.005 0.005 0.231 0.480 0.009 
 95  ZFBP224    (0)    3 :  0.010 0.003 0.003 0.006 0.005 0.008 0.015 0.021 0.005 0.004 0.008 0.006 0.900 0.004 
 96  ZFBP225    (0)    3 :  0.328 0.003 0.005 0.008 0.011 0.003 0.009 0.045 0.006 0.011 0.014 0.020 0.297 0.240 
 97  ZFBP226    (0)    3 :  0.020 0.003 0.004 0.004 0.004 0.003 0.005 0.253 0.004 0.005 0.005 0.005 0.679 0.005 
 98  ZFBP227    (0)    3 :  0.290 0.010 0.011 0.030 0.006 0.018 0.012 0.142 0.018 0.004 0.119 0.010 0.325 0.007 
 99  ZFBP228    (0)    3 :  0.382 0.004 0.003 0.004 0.022 0.005 0.005 0.280 0.005 0.003 0.004 0.068 0.208 0.007 
100  ZFBP229    (0)    3 :  0.039 0.002 0.002 0.003 0.009 0.003 0.003 0.141 0.005 0.003 0.006 0.005 0.755 0.022 
101  ZFBP230    (0)    3 :  0.251 0.003 0.003 0.004 0.033 0.003 0.009 0.168 0.006 0.004 0.010 0.014 0.457 0.034 
102  ZFBP231    (0)    3 :  0.013 0.005 0.004 0.005 0.004 0.006 0.012 0.899 0.005 0.004 0.006 0.007 0.026 0.005 
103  ZFBP232    (0)    3 :  0.011 0.003 0.003 0.003 0.004 0.003 0.005 0.788 0.004 0.003 0.004 0.004 0.159 0.007 
104  ZFBP233    (0)    3 :  0.031 0.006 0.003 0.005 0.005 0.008 0.010 0.453 0.005 0.004 0.013 0.007 0.429 0.020 
105   ZFCC01    (0)    4 :  0.003 0.005 0.007 0.004 0.925 0.018 0.008 0.003 0.004 0.004 0.005 0.005 0.004 0.004 
106   ZFCC03    (0)    4 :  0.003 0.003 0.003 0.003 0.948 0.007 0.005 0.003 0.004 0.003 0.003 0.008 0.004 0.004 
107   ZFCC04    (0)    4 :  0.004 0.004 0.004 0.004 0.932 0.006 0.014 0.003 0.004 0.004 0.005 0.005 0.004 0.005 
108   ZFCC05    (0)    4 :  0.006 0.005 0.005 0.008 0.864 0.012 0.046 0.005 0.005 0.004 0.009 0.017 0.007 0.006 
109   ZFCC08    (0)    4 :  0.009 0.002 0.003 0.003 0.911 0.008 0.009 0.011 0.005 0.002 0.008 0.005 0.009 0.015 
110   ZFCC09    (0)    4 :  0.003 0.004 0.003 0.003 0.941 0.010 0.007 0.005 0.003 0.003 0.003 0.008 0.003 0.004 
111   ZFCC10    (0)    4 :  0.003 0.004 0.004 0.003 0.908 0.042 0.008 0.004 0.004 0.003 0.003 0.004 0.004 0.003 
112   ZFCC11    (0)    4 :  0.004 0.004 0.004 0.004 0.930 0.011 0.009 0.004 0.004 0.003 0.005 0.010 0.005 0.004 
113   ZFCC12    (0)    4 :  0.007 0.007 0.128 0.012 0.738 0.017 0.036 0.005 0.017 0.004 0.008 0.008 0.007 0.006 
114   ZFCC13    (0)    4 :  0.011 0.003 0.005 0.005 0.907 0.004 0.008 0.006 0.005 0.010 0.012 0.008 0.009 0.007 
115   ZFCC14    (0)    4 :  0.004 0.008 0.005 0.005 0.897 0.008 0.027 0.007 0.009 0.006 0.004 0.004 0.009 0.007 
116   ZFCC15    (0)    4 :  0.004 0.003 0.005 0.005 0.940 0.005 0.005 0.003 0.004 0.005 0.008 0.004 0.004 0.004 
117   ZFCC16    (0)    4 :  0.003 0.004 0.006 0.004 0.936 0.006 0.015 0.003 0.004 0.003 0.005 0.004 0.003 0.004 
118   ZFCC17    (0)    4 :  0.004 0.005 0.012 0.005 0.893 0.007 0.042 0.003 0.004 0.009 0.004 0.006 0.003 0.003 
119   ZFCC18    (0)    4 :  0.004 0.003 0.004 0.004 0.932 0.010 0.008 0.004 0.004 0.004 0.004 0.009 0.005 0.006 
120   ZFCC19    (0)    4 :  0.003 0.004 0.006 0.005 0.936 0.003 0.009 0.002 0.006 0.008 0.007 0.003 0.003 0.003 
121   ZFCC20    (0)    4 :  0.006 0.004 0.005 0.004 0.934 0.004 0.011 0.003 0.004 0.002 0.007 0.007 0.003 0.005 
122   ZFCC21    (0)    4 :  0.014 0.005 0.004 0.005 0.770 0.005 0.013 0.011 0.041 0.007 0.037 0.003 0.055 0.030 
123   ZFCC22    (0)    4 :  0.087 0.003 0.004 0.003 0.638 0.016 0.012 0.061 0.005 0.006 0.010 0.006 0.100 0.048 
124   ZFCC26    (0)    4 :  0.003 0.004 0.005 0.004 0.945 0.005 0.008 0.003 0.004 0.003 0.004 0.004 0.003 0.004 
125   ZFCC27    (0)    4 :  0.003 0.003 0.003 0.003 0.952 0.004 0.005 0.004 0.003 0.003 0.003 0.007 0.003 0.003 
126   ZFCC29    (0)    4 :  0.005 0.007 0.007 0.005 0.913 0.007 0.018 0.004 0.006 0.004 0.010 0.005 0.004 0.005 
127   ZFCC30    (0)    4 :  0.004 0.003 0.003 0.003 0.944 0.004 0.007 0.004 0.003 0.003 0.004 0.011 0.003 0.005 
128   ZFCC32    (0)    4 :  0.006 0.003 0.009 0.005 0.921 0.008 0.009 0.004 0.003 0.006 0.012 0.006 0.003 0.005 
129   ZFCC33    (0)    4 :  0.004 0.008 0.004 0.008 0.603 0.007 0.331 0.004 0.008 0.004 0.005 0.006 0.004 0.004 
130   ZFCC34    (0)    4 :  0.037 0.024 0.029 0.005 0.596 0.023 0.047 0.078 0.008 0.009 0.007 0.070 0.050 0.016 
131   ZFCC35    (0)    4 :  0.004 0.002 0.002 0.003 0.953 0.004 0.007 0.004 0.003 0.004 0.003 0.003 0.003 0.004 
132   ZFCC36    (0)    4 :  0.008 0.004 0.008 0.006 0.892 0.004 0.011 0.006 0.005 0.017 0.017 0.004 0.009 0.011 
133   ZFCC37    (0)    4 :  0.010 0.007 0.090 0.013 0.742 0.032 0.030 0.009 0.032 0.005 0.010 0.008 0.009 0.005 
134   ZFCC40    (0)    4 :  0.003 0.004 0.004 0.004 0.925 0.010 0.013 0.004 0.004 0.013 0.003 0.003 0.006 0.003 
135   ZFCC42    (0)    4 :  0.011 0.038 0.184 0.029 0.060 0.007 0.514 0.004 0.024 0.067 0.005 0.047 0.004 0.006 
136   ZFCC44    (0)    4 :  0.004 0.003 0.003 0.004 0.935 0.003 0.015 0.004 0.003 0.008 0.003 0.010 0.003 0.003 
137   ZFCC45    (9)    4 :  0.005 0.009 0.013 0.017 0.835 0.019 0.045 0.004 0.009 0.017 0.008 0.008 0.006 0.004 
138   ZFCC46    (0)    4 :  0.020 0.004 0.003 0.003 0.873 0.002 0.014 0.012 0.005 0.004 0.008 0.009 0.011 0.032 
139   ZFCC47    (0)    4 :  0.006 0.005 0.058 0.005 0.856 0.024 0.007 0.007 0.008 0.003 0.006 0.005 0.003 0.006 
140   ZFCC48    (0)    4 :  0.011 0.004 0.003 0.003 0.833 0.005 0.017 0.013 0.018 0.004 0.012 0.003 0.033 0.040 
141   ZFCC50    (0)    4 :  0.003 0.004 0.005 0.004 0.946 0.005 0.009 0.003 0.004 0.004 0.003 0.003 0.003 0.003 
142   ZFCC51    (0)    4 :  0.003 0.004 0.003 0.003 0.952 0.006 0.004 0.003 0.003 0.002 0.003 0.008 0.003 0.003 
143   ZFCC52    (0)    4 :  0.011 0.004 0.007 0.004 0.869 0.004 0.036 0.014 0.005 0.007 0.007 0.006 0.013 0.013 
144   ZFCC53    (0)    4 :  0.003 0.003 0.003 0.003 0.956 0.005 0.005 0.003 0.003 0.003 0.003 0.006 0.002 0.003 
145  ZFCNS01    (0)    5 :  0.028 0.002 0.009 0.031 0.006 0.003 0.003 0.004 0.007 0.027 0.049 0.820 0.007 0.003 
146  ZFCNS02    (0)    5 :  0.005 0.002 0.002 0.003 0.005 0.003 0.003 0.004 0.002 0.002 0.003 0.958 0.003 0.004 
147  ZFCNS05    (0)    5 :  0.008 0.005 0.003 0.003 0.007 0.005 0.005 0.006 0.003 0.002 0.005 0.936 0.006 0.005 
148  ZFCNS06    (0)    5 :  0.004 0.003 0.002 0.003 0.005 0.003 0.004 0.004 0.002 0.002 0.003 0.957 0.003 0.004 
149  ZFCNS07    (0)    5 :  0.005 0.003 0.002 0.003 0.003 0.003 0.003 0.007 0.003 0.002 0.003 0.948 0.005 0.009 
150  ZFCNS10    (0)    5 :  0.019 0.003 0.002 0.003 0.004 0.003 0.003 0.007 0.002 0.004 0.003 0.933 0.008 0.005 
151  ZFCNS11    (0)    5 :  0.014 0.002 0.007 0.014 0.006 0.003 0.003 0.004 0.005 0.012 0.023 0.897 0.006 0.004 
152  ZFCNS15    (0)    5 :  0.034 0.003 0.003 0.003 0.003 0.003 0.006 0.012 0.003 0.002 0.004 0.898 0.018 0.007 
153  ZFCNS17    (0)    5 :  0.005 0.002 0.002 0.003 0.005 0.002 0.004 0.004 0.002 0.002 0.003 0.958 0.004 0.004 
154  ZFCNS18    (0)    5 :  0.014 0.003 0.002 0.003 0.005 0.003 0.003 0.007 0.002 0.004 0.003 0.938 0.009 0.004 
155  ZFCNS19    (0)    5 :  0.004 0.003 0.002 0.003 0.004 0.003 0.003 0.003 0.002 0.002 0.003 0.962 0.002 0.003 
156  ZFCNS20    (0)    5 :  0.013 0.003 0.003 0.003 0.005 0.003 0.007 0.014 0.004 0.002 0.004 0.913 0.011 0.015 
157  ZFCNS21    (0)    5 :  0.005 0.002 0.002 0.003 0.004 0.003 0.004 0.003 0.002 0.002 0.003 0.963 0.003 0.002 
158  ZFCNS22    (0)    5 :  0.010 0.005 0.003 0.004 0.005 0.005 0.005 0.010 0.003 0.002 0.005 0.927 0.011 0.006 
159  ZFCNS23    (0)    5 :  0.007 0.004 0.008 0.007 0.012 0.005 0.022 0.006 0.005 0.011 0.011 0.887 0.005 0.012 
160  ZFCNS24    (0)    5 :  0.009 0.002 0.003 0.003 0.006 0.003 0.010 0.007 0.003 0.002 0.004 0.937 0.005 0.007 
161  ZFCNS25    (0)    5 :  0.014 0.002 0.003 0.003 0.005 0.003 0.008 0.015 0.004 0.002 0.004 0.920 0.008 0.009 
162  ZFCNS26    (0)    5 :  0.006 0.003 0.002 0.003 0.003 0.003 0.003 0.004 0.003 0.002 0.003 0.957 0.004 0.004 
163  ZFCNS27    (0)    5 :  0.051 0.003 0.003 0.003 0.003 0.003 0.006 0.025 0.004 0.002 0.004 0.870 0.016 0.009 
164  ZFCNS28    (0)    5 :  0.005 0.003 0.002 0.003 0.004 0.003 0.003 0.003 0.002 0.002 0.003 0.958 0.004 0.004 
165  ZFCNS29    (0)    5 :  0.007 0.004 0.003 0.003 0.007 0.004 0.007 0.008 0.003 0.002 0.004 0.936 0.006 0.004 
166  ZFCNS30    (0)    5 :  0.008 0.004 0.003 0.004 0.006 0.005 0.005 0.004 0.003 0.002 0.005 0.945 0.005 0.003 
167  ZFCNS31    (0)    5 :  0.005 0.003 0.002 0.003 0.003 0.003 0.003 0.004 0.002 0.002 0.003 0.960 0.003 0.004 
168  ZFCNS32    (0)    5 :  0.010 0.003 0.003 0.003 0.004 0.004 0.006 0.006 0.003 0.002 0.005 0.939 0.006 0.007 
169  ZFCNS33    (0)    5 :  0.005 0.003 0.002 0.003 0.003 0.003 0.003 0.003 0.002 0.002 0.003 0.960 0.003 0.004 
170  ZFCNS34    (0)    5 :  0.006 0.003 0.003 0.003 0.012 0.004 0.007 0.006 0.003 0.002 0.005 0.937 0.005 0.004 
171  ZFCNS35    (0)    5 :  0.022 0.020 0.003 0.003 0.007 0.010 0.003 0.012 0.009 0.002 0.003 0.888 0.013 0.004 
172  ZFCNS36    (0)    5 :  0.007 0.002 0.003 0.003 0.009 0.003 0.009 0.009 0.003 0.002 0.004 0.932 0.005 0.008 
173  ZFCNS37    (0)    5 :  0.146 0.003 0.002 0.010 0.005 0.004 0.006 0.008 0.004 0.002 0.004 0.794 0.005 0.008 
174  ZFCNS39    (0)    5 :  0.026 0.002 0.002 0.005 0.017 0.002 0.006 0.007 0.005 0.004 0.014 0.881 0.008 0.021 
175  ZFCNS40    (0)    5 :  0.150 0.002 0.003 0.005 0.031 0.003 0.012 0.020 0.004 0.003 0.008 0.645 0.006 0.111 
176  ZFCNS41    (0)    5 :  0.668 0.006 0.005 0.008 0.015 0.005 0.011 0.016 0.008 0.004 0.010 0.228 0.011 0.005 
177  ZFCNS42    (0)    5 :  0.005 0.003 0.002 0.003 0.003 0.003 0.003 0.004 0.003 0.002 0.003 0.959 0.004 0.003 
178  ZFCNS43    (0)    5 :  0.005 0.003 0.002 0.003 0.004 0.003 0.003 0.003 0.002 0.002 0.003 0.962 0.003 0.003 
179  ZFCNS44    (0)    5 :  0.017 0.003 0.002 0.003 0.005 0.003 0.003 0.005 0.003 0.004 0.003 0.937 0.008 0.003 
180  ZFCNS46    (0)    5 :  0.008 0.003 0.002 0.004 0.005 0.004 0.006 0.006 0.004 0.002 0.005 0.941 0.007 0.004 
181  ZFCNS47    (0)    5 :  0.005 0.002 0.002 0.003 0.004 0.003 0.003 0.003 0.002 0.002 0.003 0.963 0.003 0.003 
182  ZFCNS48    (0)    5 :  0.036 0.004 0.003 0.003 0.006 0.004 0.005 0.009 0.003 0.004 0.005 0.898 0.013 0.006 
183  ZFCNS49    (0)    5 :  0.059 0.004 0.002 0.003 0.003 0.003 0.003 0.009 0.003 0.004 0.003 0.887 0.015 0.004 
184   ZFCR01    (0)    6 :  0.004 0.006 0.018 0.062 0.007 0.026 0.003 0.008 0.837 0.006 0.003 0.003 0.012 0.006 
185   ZFCR02    (0)    6 :  0.005 0.015 0.007 0.010 0.018 0.005 0.011 0.017 0.880 0.009 0.005 0.005 0.006 0.008 
186   ZFCR03    (0)    6 :  0.005 0.014 0.034 0.012 0.014 0.011 0.058 0.012 0.779 0.026 0.011 0.003 0.014 0.008 
187   ZFCR04    (0)    6 :  0.023 0.161 0.014 0.041 0.011 0.062 0.005 0.013 0.597 0.020 0.012 0.008 0.014 0.017 
188   ZFCR05    (0)    6 :  0.003 0.009 0.009 0.015 0.010 0.017 0.004 0.003 0.902 0.007 0.011 0.003 0.003 0.003 
189   ZFCR06    (0)    6 :  0.021 0.018 0.007 0.014 0.012 0.011 0.005 0.020 0.799 0.003 0.005 0.058 0.018 0.010 
190   ZFCR07    (0)    6 :  0.042 0.047 0.016 0.124 0.012 0.011 0.058 0.006 0.470 0.007 0.118 0.074 0.012 0.004 
191   ZFCR08    (0)    6 :  0.014 0.021 0.030 0.392 0.076 0.122 0.040 0.014 0.173 0.031 0.007 0.005 0.027 0.049 
192   ZFCR09    (0)    6 :  0.049 0.090 0.183 0.033 0.026 0.012 0.021 0.062 0.375 0.062 0.017 0.015 0.042 0.015 
193   ZFCR11    (0)    6 :  0.038 0.024 0.011 0.020 0.007 0.016 0.004 0.018 0.823 0.005 0.017 0.010 0.004 0.002 
194   ZFCR12    (0)    6 :  0.049 0.006 0.003 0.006 0.009 0.005 0.008 0.011 0.757 0.004 0.017 0.103 0.010 0.013 
195   ZFCR13    (0)    6 :  0.011 0.044 0.003 0.278 0.009 0.006 0.006 0.051 0.247 0.003 0.269 0.008 0.060 0.005 
196   ZFCR14    (0)    6 :  0.009 0.015 0.005 0.013 0.008 0.011 0.005 0.007 0.876 0.005 0.023 0.006 0.008 0.011 
197   ZFCR15    (0)    6 :  0.014 0.041 0.005 0.048 0.011 0.019 0.008 0.015 0.761 0.011 0.016 0.005 0.019 0.027 
198   ZFCR16    (0)    6 :  0.006 0.017 0.004 0.020 0.007 0.007 0.004 0.015 0.876 0.003 0.008 0.003 0.016 0.015 
199   ZFCR18    (0)    6 :  0.006 0.353 0.006 0.016 0.011 0.007 0.032 0.020 0.524 0.004 0.007 0.006 0.005 0.005 
200   ZFCR19    (0)    6 :  0.011 0.017 0.062 0.005 0.012 0.006 0.006 0.016 0.806 0.004 0.008 0.007 0.014 0.028 
201   ZFCR20    (0)    6 :  0.009 0.031 0.039 0.024 0.007 0.033 0.032 0.012 0.687 0.005 0.048 0.005 0.061 0.007 
202   ZFCR21    (0)    6 :  0.006 0.004 0.003 0.009 0.011 0.004 0.007 0.004 0.906 0.003 0.024 0.003 0.005 0.010 
203   ZFCR22    (0)    6 :  0.005 0.007 0.005 0.008 0.005 0.002 0.006 0.005 0.887 0.004 0.042 0.003 0.007 0.014 
204   ZFCR23    (0)    6 :  0.031 0.010 0.010 0.066 0.003 0.004 0.004 0.022 0.672 0.045 0.054 0.005 0.068 0.006 
205   ZFCR24    (9)    6 :  0.010 0.078 0.055 0.089 0.007 0.028 0.010 0.047 0.074 0.005 0.095 0.004 0.493 0.006 
206   ZFCR25    (0)    6 :  0.005 0.007 0.010 0.011 0.005 0.009 0.006 0.003 0.920 0.002 0.011 0.003 0.004 0.003 
207   ZFCR26    (0)    6 :  0.008 0.004 0.071 0.012 0.016 0.009 0.008 0.013 0.631 0.003 0.197 0.004 0.008 0.014 
208   ZFCR27    (9)    6 :  0.003 0.010 0.046 0.390 0.005 0.020 0.003 0.003 0.471 0.004 0.035 0.003 0.004 0.003 
209   ZFCR28    (0)    6 :  0.017 0.004 0.004 0.110 0.010 0.006 0.007 0.032 0.674 0.006 0.006 0.027 0.054 0.044 
210   ZFCR29    (0)    6 :  0.004 0.008 0.008 0.005 0.004 0.006 0.004 0.004 0.926 0.004 0.017 0.002 0.005 0.005 
211   ZFCR30    (0)    6 :  0.012 0.006 0.008 0.009 0.006 0.008 0.008 0.006 0.867 0.005 0.042 0.009 0.007 0.007 
212   ZFCR31    (0)    6 :  0.052 0.187 0.064 0.017 0.010 0.015 0.027 0.067 0.399 0.014 0.027 0.049 0.051 0.020 
213   ZFCR33    (0)    6 :  0.016 0.007 0.017 0.712 0.040 0.062 0.009 0.008 0.052 0.024 0.025 0.006 0.011 0.012 
214   ZFCR34    (0)    6 :  0.029 0.132 0.008 0.035 0.016 0.005 0.004 0.008 0.485 0.012 0.222 0.009 0.024 0.009 
215   ZFCR35    (0)    6 :  0.006 0.116 0.013 0.010 0.011 0.009 0.004 0.005 0.797 0.011 0.005 0.004 0.006 0.004 
216   ZFCR36    (0)    6 :  0.008 0.044 0.011 0.009 0.007 0.007 0.006 0.005 0.840 0.016 0.019 0.015 0.008 0.004 
217   ZFCR37    (0)    6 :  0.004 0.047 0.051 0.109 0.059 0.060 0.014 0.003 0.042 0.020 0.580 0.003 0.004 0.003 
218   ZFCR38    (0)    6 :  0.009 0.007 0.048 0.540 0.040 0.051 0.013 0.008 0.215 0.008 0.033 0.008 0.007 0.012 
219   ZFCR39    (0)    6 :  0.015 0.026 0.029 0.220 0.088 0.012 0.053 0.039 0.199 0.230 0.009 0.003 0.046 0.032 
220   ZFCR40    (0)    6 :  0.013 0.010 0.011 0.086 0.021 0.012 0.006 0.005 0.773 0.032 0.011 0.004 0.011 0.004 
221   ZFCR41    (0)    6 :  0.106 0.006 0.003 0.013 0.026 0.007 0.006 0.009 0.769 0.003 0.014 0.013 0.006 0.019 
222   ZFCR42    (0)    6 :  0.032 0.007 0.015 0.078 0.049 0.008 0.019 0.015 0.627 0.020 0.068 0.019 0.025 0.018 
223   ZFCR43    (0)    6 :  0.006 0.023 0.004 0.009 0.004 0.010 0.004 0.025 0.869 0.004 0.008 0.005 0.026 0.004 
224  ZFENP25    (0)    7 :  0.005 0.005 0.005 0.828 0.023 0.042 0.006 0.004 0.043 0.005 0.006 0.002 0.015 0.010 
225  ZFENP26    (0)    7 :  0.004 0.006 0.007 0.941 0.004 0.006 0.004 0.002 0.007 0.007 0.004 0.002 0.002 0.003 
226  ZFENP27    (0)    7 :  0.040 0.018 0.030 0.296 0.202 0.025 0.041 0.007 0.230 0.018 0.006 0.052 0.025 0.011 
227  ZFENP28    (0)    7 :  0.004 0.009 0.014 0.867 0.012 0.027 0.005 0.005 0.023 0.008 0.009 0.009 0.003 0.004 
228  ZFENP29    (0)    7 :  0.004 0.004 0.005 0.907 0.010 0.005 0.006 0.003 0.028 0.005 0.009 0.004 0.005 0.004 
229  ZFENP30    (0)    7 :  0.004 0.007 0.010 0.770 0.031 0.008 0.109 0.007 0.009 0.012 0.013 0.009 0.004 0.007 
230  ZFENP31    (0)    7 :  0.004 0.031 0.046 0.261 0.012 0.034 0.357 0.009 0.018 0.204 0.014 0.005 0.003 0.004 
231  ZFENP32    (0)    7 :  0.015 0.249 0.033 0.234 0.012 0.020 0.131 0.025 0.104 0.123 0.014 0.022 0.012 0.007 
232  ZFENP33    (0)    7 :  0.007 0.012 0.015 0.810 0.005 0.028 0.042 0.006 0.017 0.008 0.037 0.004 0.007 0.003 
233  ZFENP34    (0)    7 :  0.006 0.037 0.022 0.205 0.020 0.547 0.096 0.009 0.028 0.005 0.007 0.009 0.004 0.004 
234  ZFENP35    (0)    7 :  0.019 0.015 0.005 0.841 0.004 0.007 0.007 0.006 0.004 0.057 0.008 0.011 0.011 0.005 
235  ZFENP36    (0)    7 :  0.004 0.009 0.010 0.916 0.003 0.005 0.007 0.002 0.011 0.012 0.006 0.012 0.003 0.002 
236  ZFENP37    (0)    7 :  0.007 0.012 0.009 0.400 0.007 0.406 0.008 0.005 0.007 0.090 0.029 0.008 0.008 0.004 
237  ZFENP38    (0)    7 :  0.008 0.009 0.019 0.433 0.016 0.028 0.015 0.005 0.013 0.019 0.408 0.017 0.006 0.004 
238  ZFENP39    (0)    7 :  0.005 0.011 0.011 0.769 0.013 0.025 0.005 0.003 0.114 0.021 0.011 0.005 0.004 0.003 
239  ZFENP40    (0)    7 :  0.006 0.016 0.015 0.781 0.006 0.021 0.013 0.007 0.070 0.037 0.007 0.005 0.011 0.004 
240  ZFENP41    (0)    7 :  0.007 0.022 0.006 0.718 0.068 0.017 0.049 0.005 0.043 0.035 0.007 0.008 0.007 0.009 
241  ZFENP42    (0)    7 :  0.005 0.003 0.006 0.654 0.005 0.004 0.010 0.003 0.027 0.218 0.054 0.003 0.003 0.004 
242  ZFENP43    (0)    7 :  0.037 0.007 0.026 0.664 0.031 0.034 0.008 0.007 0.020 0.016 0.088 0.049 0.007 0.006 
243  ZFENP44    (0)    7 :  0.023 0.005 0.012 0.690 0.018 0.024 0.025 0.007 0.012 0.117 0.040 0.012 0.011 0.003 
244  ZFENP45    (0)    7 :  0.013 0.007 0.014 0.330 0.018 0.014 0.017 0.026 0.023 0.128 0.053 0.010 0.025 0.323 
245  ZFENP46    (0)    7 :  0.021 0.008 0.014 0.783 0.003 0.032 0.010 0.011 0.016 0.018 0.057 0.007 0.017 0.005 
246  ZFENP47    (0)    7 :  0.005 0.073 0.023 0.180 0.075 0.010 0.027 0.013 0.210 0.242 0.006 0.004 0.012 0.123 
247  ZFENP48    (0)    7 :  0.006 0.013 0.027 0.073 0.016 0.488 0.280 0.014 0.034 0.010 0.015 0.006 0.008 0.009 
248  ZFENP49    (0)    7 :  0.006 0.028 0.016 0.220 0.010 0.005 0.133 0.011 0.530 0.005 0.009 0.005 0.012 0.011 
249  ZFENP50    (0)    7 :  0.018 0.007 0.025 0.653 0.004 0.007 0.006 0.038 0.037 0.055 0.088 0.004 0.051 0.008 
250  ZFENP51    (0)    7 :  0.005 0.024 0.432 0.349 0.008 0.011 0.035 0.004 0.035 0.024 0.014 0.007 0.004 0.049 
251  ZFENP52    (0)    7 :  0.015 0.003 0.005 0.911 0.008 0.003 0.006 0.005 0.006 0.007 0.012 0.010 0.005 0.005 
252  ZFENP53    (0)    7 :  0.021 0.007 0.009 0.772 0.008 0.008 0.008 0.051 0.014 0.014 0.022 0.009 0.028 0.029 
253  ZFENP54    (0)    7 :  0.011 0.013 0.008 0.151 0.016 0.009 0.027 0.024 0.683 0.009 0.016 0.005 0.022 0.006 
254  ZFENP55    (0)    7 :  0.004 0.052 0.031 0.238 0.003 0.028 0.010 0.005 0.055 0.014 0.548 0.004 0.005 0.004 
255  ZFENP56    (0)    7 :  0.008 0.011 0.021 0.837 0.007 0.008 0.010 0.004 0.011 0.006 0.059 0.010 0.004 0.005 
256  ZFENP57    (0)    7 :  0.008 0.015 0.016 0.777 0.004 0.031 0.014 0.003 0.028 0.070 0.015 0.011 0.005 0.002 
257  ZFENP58    (0)    7 :  0.014 0.026 0.016 0.352 0.021 0.004 0.306 0.008 0.084 0.005 0.021 0.017 0.008 0.118 
258  ZFENP59    (0)    7 :  0.005 0.015 0.008 0.764 0.066 0.010 0.029 0.005 0.041 0.036 0.009 0.005 0.005 0.004 
259  ZFENP60    (0)    7 :  0.008 0.045 0.012 0.738 0.010 0.037 0.006 0.010 0.071 0.018 0.012 0.007 0.013 0.014 
260  ZFENP61    (0)    7 :  0.004 0.017 0.008 0.847 0.017 0.018 0.008 0.003 0.052 0.007 0.009 0.004 0.004 0.003 
261 ZFFDSP01    (0)    8 :  0.032 0.005 0.003 0.003 0.004 0.004 0.003 0.010 0.004 0.003 0.007 0.012 0.901 0.012 
262 ZFFDSP02    (0)    8 :  0.007 0.003 0.002 0.003 0.004 0.003 0.003 0.006 0.004 0.002 0.004 0.003 0.953 0.005 
263 ZFFDSP04    (0)    8 :  0.009 0.004 0.002 0.002 0.004 0.004 0.003 0.015 0.004 0.002 0.005 0.003 0.935 0.008 
264 ZFFDSP05    (0)    8 :  0.155 0.003 0.003 0.003 0.004 0.003 0.003 0.036 0.005 0.003 0.006 0.006 0.760 0.009 
265 ZFFDSP06    (0)    8 :  0.049 0.002 0.002 0.002 0.014 0.012 0.004 0.380 0.006 0.002 0.005 0.003 0.499 0.020 
266 ZFFDSP07    (0)    8 :  0.007 0.002 0.004 0.004 0.013 0.004 0.025 0.057 0.006 0.005 0.008 0.004 0.827 0.035 
267 ZFFDSP08    (0)    8 :  0.035 0.003 0.004 0.004 0.011 0.003 0.036 0.498 0.005 0.004 0.013 0.013 0.285 0.085 
268 ZFFDSP10    (0)    8 :  0.021 0.003 0.003 0.003 0.004 0.004 0.006 0.031 0.004 0.003 0.005 0.004 0.898 0.010 
269 ZFFDSP11    (0)    8 :  0.016 0.004 0.003 0.003 0.004 0.003 0.003 0.038 0.004 0.003 0.007 0.003 0.902 0.006 
270 ZFFDSP12    (0)    8 :  0.012 0.002 0.003 0.004 0.003 0.003 0.004 0.682 0.004 0.003 0.004 0.005 0.264 0.008 
271 ZFFDSP13    (0)    8 :  0.855 0.003 0.003 0.005 0.009 0.003 0.008 0.028 0.005 0.004 0.008 0.013 0.051 0.005 
272 ZFFDSP14    (0)    8 :  0.005 0.002 0.003 0.003 0.005 0.004 0.006 0.010 0.004 0.003 0.005 0.003 0.932 0.015 
273 ZFFDSP16    (0)    8 :  0.011 0.006 0.003 0.006 0.007 0.007 0.004 0.012 0.007 0.004 0.008 0.012 0.908 0.004 
274 ZFFDSP17    (0)    8 :  0.017 0.004 0.003 0.004 0.006 0.006 0.005 0.027 0.005 0.002 0.007 0.005 0.902 0.008 
275 ZFFDSP18    (0)    8 :  0.006 0.004 0.003 0.003 0.005 0.005 0.003 0.022 0.006 0.002 0.004 0.004 0.921 0.013 
276 ZFFDSP19    (0)    8 :  0.038 0.004 0.003 0.003 0.025 0.006 0.003 0.016 0.004 0.002 0.004 0.117 0.762 0.014 
277 ZFFDSP21    (0)    8 :  0.225 0.003 0.002 0.003 0.021 0.004 0.004 0.018 0.004 0.003 0.003 0.077 0.625 0.007 
278 ZFFDSP22    (0)    8 :  0.009 0.002 0.002 0.003 0.006 0.003 0.005 0.093 0.004 0.002 0.005 0.004 0.768 0.094 
279 ZFFDSP23    (0)    8 :  0.094 0.002 0.002 0.003 0.004 0.003 0.003 0.022 0.004 0.002 0.005 0.008 0.713 0.134 
280 ZFFDSP24    (0)    8 :  0.096 0.005 0.003 0.003 0.004 0.004 0.005 0.018 0.004 0.002 0.005 0.010 0.834 0.006 
281 ZFFDSP26    (9)    8 :  0.097 0.003 0.003 0.003 0.005 0.004 0.004 0.124 0.005 0.003 0.005 0.006 0.727 0.014 
282 ZFFDSP27    (0)    8 :  0.017 0.004 0.002 0.003 0.004 0.004 0.003 0.023 0.004 0.002 0.003 0.008 0.917 0.007 
283 ZFFDSP28    (0)    8 :  0.016 0.027 0.015 0.006 0.006 0.021 0.015 0.051 0.012 0.006 0.009 0.004 0.806 0.007 
284 ZFFDSP30    (0)    8 :  0.148 0.041 0.004 0.004 0.005 0.006 0.007 0.018 0.006 0.006 0.007 0.035 0.706 0.006 
285 ZFFDSP31    (0)    8 :  0.027 0.003 0.002 0.005 0.004 0.009 0.005 0.852 0.004 0.002 0.007 0.009 0.065 0.006 
286 ZFFDSP32    (0)    8 :  0.010 0.002 0.002 0.003 0.003 0.004 0.004 0.012 0.003 0.002 0.004 0.004 0.942 0.005 
287 ZFFDSP33    (0)    8 :  0.017 0.003 0.002 0.003 0.002 0.003 0.003 0.024 0.003 0.002 0.003 0.004 0.924 0.006 
288 ZFFDSP34    (0)    8 :  0.037 0.004 0.002 0.003 0.010 0.007 0.005 0.702 0.004 0.002 0.006 0.006 0.200 0.013 
289 ZFFDSP35    (0)    8 :  0.056 0.005 0.002 0.003 0.004 0.004 0.004 0.014 0.004 0.002 0.005 0.005 0.888 0.005 
290 ZFFDSP37    (0)    8 :  0.010 0.003 0.002 0.003 0.003 0.004 0.004 0.006 0.004 0.002 0.003 0.005 0.948 0.004 
