

----------------------------------------------------
STRUCTURE by Pritchard, Stephens and Donnelly (2000)
     and Falush, Stephens and Pritchard (2003)
       Code by Pritchard, Falush and Hubisz
             Version 2.3.4 (Jul 2012)
----------------------------------------------------



Command line arguments:   bin\structure -m C:\Users\eschumacher\Documents\GitHub\GCC_QUAC_ZAIN\Data_Files\Structure_Files\ZAIN\ZAIN_rebinned_wild\50-50\mainparams -e C:\Users\eschumacher\Documents\GitHub\GCC_QUAC_ZAIN\Data_Files\Structure_Files\ZAIN\ZAIN_rebinned_wild\50-50\extraparams 
Input File:    C:\Users\eschumacher\Documents\GitHub\GCC_QUAC_ZAIN\Data_Files\Structure_Files\ZAIN\ZAIN_rebinned_wild\project_data

Run parameters:
   751 individuals
   11 loci
   13 populations assumed
   50000 Burn-in period
   50000 Reps


--------------------------------------------
Proportion of membership of each pre-defined
 population in each of the 13 clusters

Given    Inferred Clusters                                                                             Number of
 Pop       1      2      3      4      5      6      7      8      9     10     11     12     13      Individuals

  1:     0.005  0.008  0.015  0.010  0.011  0.020  0.019  0.005  0.008  0.004  0.005  0.885  0.005       35
  2:     0.022  0.445  0.006  0.008  0.005  0.004  0.009  0.288  0.021  0.015  0.152  0.006  0.019       36
  3:     0.026  0.589  0.006  0.014  0.006  0.006  0.006  0.223  0.009  0.023  0.079  0.004  0.009       33
  4:     0.009  0.011  0.006  0.007  0.010  0.017  0.008  0.009  0.034  0.009  0.008  0.006  0.867       40
  5:     0.009  0.007  0.005  0.006  0.003  0.003  0.004  0.007  0.006  0.902  0.038  0.004  0.007       39
  6:     0.013  0.031  0.097  0.054  0.019  0.028  0.636  0.017  0.013  0.014  0.019  0.043  0.018       40
  7:     0.023  0.011  0.614  0.048  0.054  0.059  0.071  0.010  0.049  0.010  0.010  0.021  0.021       37
  8:     0.018  0.744  0.003  0.005  0.005  0.003  0.004  0.104  0.006  0.012  0.084  0.005  0.006       40
  9:     0.003  0.005  0.007  0.006  0.077  0.007  0.010  0.004  0.040  0.012  0.005  0.818  0.005       28
 10:     0.006  0.006  0.004  0.005  0.005  0.006  0.004  0.006  0.923  0.005  0.007  0.005  0.018       14
 11:     0.005  0.008  0.049  0.007  0.015  0.821  0.006  0.007  0.018  0.039  0.012  0.008  0.006       13
 12:     0.008  0.012  0.003  0.006  0.007  0.002  0.004  0.015  0.007  0.023  0.888  0.004  0.020       14
 13:     0.019  0.044  0.005  0.006  0.005  0.005  0.004  0.874  0.008  0.007  0.014  0.003  0.006       25
 14:     0.913  0.018  0.005  0.006  0.005  0.005  0.005  0.010  0.005  0.006  0.009  0.005  0.007       40
 15:     0.008  0.021  0.009  0.018  0.009  0.008  0.022  0.019  0.026  0.017  0.052  0.023  0.769       32
 16:     0.004  0.004  0.006  0.003  0.003  0.951  0.003  0.005  0.005  0.004  0.004  0.003  0.004       20
 17:     0.005  0.012  0.037  0.152  0.020  0.007  0.254  0.007  0.012  0.005  0.009  0.473  0.007        4
 18:     0.008  0.039  0.008  0.011  0.295  0.013  0.426  0.012  0.011  0.005  0.008  0.154  0.009       23
 19:     0.004  0.005  0.008  0.007  0.923  0.006  0.009  0.004  0.006  0.004  0.005  0.014  0.006       39
 20:     0.004  0.006  0.011  0.011  0.045  0.818  0.016  0.006  0.021  0.004  0.005  0.049  0.005       38
 21:     0.049  0.046  0.006  0.011  0.004  0.004  0.005  0.026  0.007  0.112  0.717  0.004  0.009       45
 22:     0.022  0.238  0.011  0.008  0.005  0.009  0.005  0.158  0.023  0.121  0.383  0.005  0.013       28
 23:     0.006  0.006  0.023  0.007  0.527  0.008  0.048  0.007  0.005  0.008  0.005  0.343  0.008        6
 24:     0.013  0.006  0.017  0.863  0.019  0.006  0.016  0.007  0.010  0.011  0.012  0.014  0.006       40
 25:     0.010  0.008  0.789  0.018  0.010  0.046  0.036  0.010  0.018  0.010  0.020  0.017  0.009       42
--------------------------------------------

Allele-freq. divergence among pops (Net nucleotide distance),
computed using point estimates of P.

      1       2       3       4       5       6       7       8       9      10      11      12      13      
 1      -    0.1415  0.2812  0.1887  0.3885  0.3611  0.2000  0.1053  0.2842  0.2962  0.1314  0.3736  0.2061  
 2   0.1415     -    0.2189  0.1833  0.2851  0.3078  0.1433  0.0501  0.2325  0.2655  0.0657  0.2556  0.2353  
 3   0.2812  0.2189     -    0.1172  0.1224  0.1105  0.0702  0.1991  0.1596  0.2031  0.1671  0.1330  0.1562  
 4   0.1887  0.1833  0.1172     -    0.2044  0.2613  0.1181  0.1894  0.1876  0.2525  0.1318  0.2243  0.1876  
 5   0.3885  0.2851  0.1224  0.2044     -    0.2230  0.1143  0.2877  0.2796  0.3088  0.2832  0.0975  0.1869  
 6   0.3611  0.3078  0.1105  0.2613  0.2230     -    0.1500  0.2927  0.2336  0.3721  0.2964  0.1828  0.2645  
 7   0.2000  0.1433  0.0702  0.1181  0.1143  0.1500     -    0.1443  0.1850  0.2580  0.1467  0.0964  0.1251  
 8   0.1053  0.0501  0.1991  0.1894  0.2877  0.2927  0.1443     -    0.1914  0.2332  0.0815  0.2641  0.2006  
 9   0.2842  0.2325  0.1596  0.1876  0.2796  0.2336  0.1850  0.1914     -    0.2490  0.1959  0.2579  0.1987  
10   0.2962  0.2655  0.2031  0.2525  0.3088  0.3721  0.2580  0.2332  0.2490     -    0.1361  0.2970  0.2016  
11   0.1314  0.0657  0.1671  0.1318  0.2832  0.2964  0.1467  0.0815  0.1959  0.1361     -    0.2633  0.1725  
12   0.3736  0.2556  0.1330  0.2243  0.0975  0.1828  0.0964  0.2641  0.2579  0.2970  0.2633     -    0.2182  
13   0.2061  0.2353  0.1562  0.1876  0.1869  0.2645  0.1251  0.2006  0.1987  0.2016  0.1725  0.2182     -    

Average distances (expected heterozygosity) between individuals in same cluster:
cluster  1  : 0.3608 
cluster  2  : 0.3628 
cluster  3  : 0.5319 
cluster  4  : 0.3868 
cluster  5  : 0.3150 
cluster  6  : 0.4130 
cluster  7  : 0.6111 
cluster  8  : 0.4131 
cluster  9  : 0.2393 
cluster 10  : 0.2244 
cluster 11  : 0.4248 
cluster 12  : 0.4685 
cluster 13  : 0.3951 

--------------------------------------------
Estimated Ln Prob of Data   = -13304.2
Mean value of ln likelihood = -12837.1
Variance of ln likelihood   = 934.1
Mean value of alpha         = 0.0319

Mean value of Fst_1         = 0.4465
Mean value of Fst_2         = 0.4427
Mean value of Fst_3         = 0.1513
Mean value of Fst_4         = 0.4196
Mean value of Fst_5         = 0.5107
Mean value of Fst_6         = 0.4291
Mean value of Fst_7         = 0.1423
Mean value of Fst_8         = 0.3557
Mean value of Fst_9         = 0.6491
Mean value of Fst_10         = 0.6696
Mean value of Fst_11         = 0.4258
Mean value of Fst_12         = 0.4567
Mean value of Fst_13         = 0.4092


Inferred ancestry of individuals:
        Label (%Miss) Pop:  Inferred clusters
  1    ZFB01    (0)    1 :  0.003 0.004 0.003 0.003 0.009 0.005 0.004 0.003 0.002 0.003 0.003 0.954 0.004 
  2    ZFB02    (0)    1 :  0.003 0.004 0.006 0.004 0.015 0.033 0.022 0.003 0.006 0.002 0.003 0.888 0.011 
  3    ZFB03    (0)    1 :  0.002 0.013 0.016 0.011 0.019 0.004 0.017 0.007 0.005 0.019 0.013 0.867 0.006 
  4    ZFB04    (0)    1 :  0.003 0.004 0.005 0.003 0.007 0.023 0.010 0.003 0.008 0.002 0.003 0.924 0.005 
  5    ZFB05    (0)    1 :  0.010 0.003 0.047 0.023 0.009 0.105 0.008 0.003 0.041 0.008 0.005 0.731 0.008 
  6    ZFB06    (0)    1 :  0.012 0.003 0.046 0.020 0.009 0.061 0.007 0.003 0.018 0.009 0.005 0.802 0.006 
  7    ZFB07    (9)    1 :  0.007 0.007 0.047 0.013 0.082 0.007 0.014 0.005 0.006 0.005 0.005 0.797 0.004 
  8    ZFB08    (0)    1 :  0.008 0.010 0.006 0.023 0.027 0.005 0.012 0.010 0.010 0.005 0.008 0.872 0.006 
  9    ZFB09    (0)    1 :  0.002 0.003 0.004 0.004 0.008 0.004 0.006 0.003 0.003 0.003 0.002 0.955 0.004 
 10    ZFB10    (0)    1 :  0.006 0.020 0.003 0.005 0.004 0.007 0.014 0.010 0.007 0.002 0.007 0.909 0.005 
 11    ZFB11    (0)    1 :  0.003 0.005 0.003 0.003 0.004 0.008 0.005 0.004 0.004 0.002 0.003 0.951 0.004 
 12    ZFB12    (0)    1 :  0.003 0.008 0.012 0.023 0.005 0.022 0.013 0.004 0.003 0.004 0.006 0.892 0.004 
 13    ZFB13    (0)    1 :  0.007 0.011 0.006 0.012 0.008 0.007 0.033 0.011 0.015 0.004 0.007 0.874 0.004 
 14    ZFB14    (0)    1 :  0.003 0.005 0.004 0.003 0.007 0.003 0.009 0.004 0.005 0.003 0.003 0.946 0.005 
 15    ZFB15    (0)    1 :  0.002 0.002 0.003 0.004 0.006 0.007 0.005 0.002 0.003 0.002 0.002 0.959 0.002 
 16    ZFB16    (0)    1 :  0.005 0.008 0.005 0.008 0.005 0.010 0.012 0.006 0.012 0.003 0.006 0.918 0.002 
 17    ZFB17    (0)    1 :  0.009 0.009 0.007 0.026 0.006 0.019 0.019 0.005 0.027 0.002 0.008 0.849 0.014 
 18    ZFB18    (0)    1 :  0.003 0.003 0.003 0.003 0.004 0.003 0.007 0.003 0.003 0.002 0.003 0.960 0.004 
 19    ZFB19    (0)    1 :  0.010 0.045 0.031 0.032 0.033 0.007 0.343 0.021 0.006 0.007 0.019 0.441 0.004 
 20    ZFB20    (0)    1 :  0.005 0.007 0.006 0.008 0.005 0.027 0.011 0.006 0.019 0.003 0.005 0.895 0.003 
 21    ZFB21    (0)    1 :  0.002 0.003 0.006 0.003 0.006 0.006 0.003 0.003 0.004 0.003 0.002 0.957 0.003 
 22    ZFB22    (0)    1 :  0.008 0.008 0.007 0.010 0.005 0.041 0.010 0.005 0.005 0.002 0.008 0.882 0.007 
 23    ZFB23    (0)    1 :  0.002 0.005 0.004 0.003 0.003 0.009 0.005 0.004 0.005 0.003 0.003 0.950 0.004 
 24    ZFB24    (0)    1 :  0.002 0.005 0.003 0.003 0.005 0.014 0.005 0.004 0.006 0.002 0.003 0.945 0.003 
 25    ZFB25    (0)    1 :  0.003 0.011 0.003 0.003 0.004 0.004 0.004 0.006 0.003 0.003 0.005 0.950 0.003 
 26    ZFB26    (0)    1 :  0.003 0.008 0.005 0.003 0.004 0.017 0.003 0.006 0.008 0.003 0.004 0.932 0.004 
 27    ZFB27    (0)    1 :  0.003 0.004 0.004 0.002 0.004 0.028 0.004 0.004 0.003 0.002 0.003 0.935 0.003 
 28    ZFB28    (0)    1 :  0.003 0.006 0.033 0.015 0.004 0.067 0.017 0.006 0.012 0.004 0.005 0.818 0.010 
 29    ZFB29    (0)    1 :  0.002 0.003 0.004 0.003 0.004 0.009 0.006 0.003 0.007 0.002 0.002 0.951 0.004 
 30    ZFB30    (0)    1 :  0.017 0.004 0.132 0.019 0.023 0.067 0.008 0.004 0.004 0.007 0.005 0.707 0.003 
 31    ZFB31    (0)    1 :  0.004 0.012 0.004 0.003 0.005 0.005 0.011 0.007 0.003 0.003 0.004 0.934 0.004 
 32    ZFB32    (0)    1 :  0.004 0.014 0.028 0.033 0.007 0.043 0.016 0.009 0.021 0.006 0.008 0.785 0.025 
 33    ZFB33    (0)    1 :  0.002 0.003 0.003 0.003 0.006 0.007 0.004 0.002 0.003 0.002 0.002 0.960 0.002 
 34    ZFB34    (0)    1 :  0.003 0.004 0.004 0.004 0.019 0.003 0.006 0.003 0.003 0.003 0.003 0.939 0.006 
 35    ZFB35    (0)    1 :  0.003 0.006 0.005 0.004 0.013 0.007 0.004 0.004 0.006 0.003 0.004 0.937 0.004 
 36  ZFBP101    (0)    2 :  0.047 0.219 0.007 0.012 0.005 0.006 0.013 0.155 0.100 0.016 0.352 0.010 0.057 
 37  ZFBP102    (0)    2 :  0.013 0.170 0.012 0.009 0.005 0.009 0.015 0.408 0.036 0.004 0.295 0.014 0.009 
 38  ZFBP103    (0)    2 :  0.011 0.097 0.006 0.006 0.004 0.006 0.012 0.030 0.051 0.023 0.660 0.007 0.085 
 39  ZFBP104    (0)    2 :  0.008 0.311 0.014 0.027 0.022 0.006 0.017 0.077 0.005 0.009 0.482 0.018 0.004 
 40  ZFBP105    (0)    2 :  0.006 0.248 0.007 0.008 0.005 0.004 0.007 0.600 0.007 0.013 0.085 0.005 0.005 
 41  ZFBP106    (0)    2 :  0.010 0.429 0.004 0.006 0.004 0.003 0.004 0.416 0.013 0.023 0.080 0.003 0.008 
 42  ZFBP107    (0)    2 :  0.005 0.276 0.019 0.009 0.005 0.019 0.006 0.374 0.044 0.020 0.209 0.008 0.006 
 43  ZFBP108    (0)    2 :  0.006 0.864 0.003 0.003 0.003 0.003 0.003 0.088 0.005 0.007 0.011 0.003 0.003 
 44  ZFBP109    (0)    2 :  0.006 0.196 0.004 0.004 0.008 0.002 0.006 0.724 0.004 0.006 0.032 0.003 0.004 
 45  ZFBP110    (0)    2 :  0.006 0.298 0.020 0.010 0.009 0.006 0.078 0.116 0.037 0.107 0.245 0.041 0.026 
 46  ZFBP111    (0)    2 :  0.122 0.316 0.004 0.013 0.002 0.003 0.003 0.121 0.005 0.010 0.394 0.002 0.004 
 47  ZFBP112    (0)    2 :  0.049 0.830 0.004 0.007 0.004 0.005 0.004 0.045 0.013 0.009 0.015 0.003 0.012 
 48  ZFBP113    (0)    2 :  0.004 0.948 0.004 0.005 0.003 0.003 0.004 0.008 0.003 0.003 0.009 0.003 0.003 
 49  ZFBP114    (0)    2 :  0.004 0.016 0.004 0.003 0.004 0.004 0.003 0.916 0.008 0.004 0.027 0.003 0.003 
 50  ZFBP115    (0)    2 :  0.012 0.024 0.004 0.007 0.002 0.003 0.003 0.075 0.008 0.018 0.832 0.002 0.007 
 51  ZFBP116    (0)    2 :  0.006 0.883 0.004 0.007 0.003 0.003 0.003 0.041 0.006 0.007 0.029 0.002 0.004 
 52  ZFBP117    (0)    2 :  0.008 0.396 0.004 0.004 0.003 0.002 0.006 0.528 0.005 0.007 0.022 0.003 0.011 
 53  ZFBP118    (0)    2 :  0.007 0.114 0.007 0.004 0.003 0.005 0.003 0.799 0.011 0.004 0.036 0.004 0.003 
 54  ZFBP119    (0)    2 :  0.019 0.026 0.005 0.017 0.004 0.002 0.006 0.712 0.012 0.015 0.151 0.003 0.028 
 55  ZFBP120    (0)    2 :  0.005 0.556 0.006 0.008 0.007 0.005 0.005 0.273 0.006 0.014 0.104 0.006 0.004 
 56  ZFBP121    (0)    2 :  0.005 0.218 0.004 0.005 0.006 0.003 0.006 0.708 0.007 0.007 0.018 0.005 0.008 
 57  ZFBP122    (9)    2 :  0.009 0.873 0.003 0.007 0.003 0.003 0.004 0.060 0.006 0.006 0.017 0.003 0.004 
 58  ZFBP123    (0)    2 :  0.016 0.827 0.004 0.008 0.004 0.005 0.005 0.062 0.041 0.005 0.011 0.003 0.010 
 59  ZFBP124    (0)    2 :  0.005 0.264 0.004 0.005 0.012 0.004 0.005 0.656 0.009 0.006 0.020 0.005 0.005 
 60  ZFBP125    (0)    2 :  0.020 0.274 0.003 0.005 0.002 0.002 0.004 0.619 0.006 0.010 0.044 0.002 0.007 
 61  ZFBP126    (0)    2 :  0.006 0.843 0.010 0.014 0.004 0.009 0.024 0.018 0.022 0.003 0.024 0.009 0.014 
 62  ZFBP127    (0)    2 :  0.005 0.292 0.005 0.004 0.005 0.003 0.004 0.387 0.006 0.083 0.184 0.003 0.020 
 63  ZFBP128    (0)    2 :  0.025 0.873 0.002 0.004 0.003 0.002 0.003 0.032 0.007 0.013 0.020 0.003 0.012 
 64  ZFBP129    (0)    2 :  0.142 0.440 0.004 0.005 0.008 0.002 0.007 0.352 0.009 0.007 0.007 0.004 0.011 
 65  ZFBP130    (0)    2 :  0.090 0.501 0.003 0.008 0.002 0.003 0.004 0.276 0.010 0.011 0.062 0.002 0.028 
 66  ZFBP131    (0)    2 :  0.004 0.927 0.003 0.004 0.004 0.003 0.004 0.035 0.003 0.003 0.004 0.003 0.003 
 67  ZFBP132    (0)    2 :  0.004 0.621 0.004 0.003 0.003 0.003 0.004 0.308 0.005 0.019 0.016 0.005 0.005 
 68  ZFBP133    (0)    2 :  0.032 0.921 0.002 0.005 0.003 0.002 0.004 0.010 0.003 0.003 0.007 0.002 0.006 
 69  ZFBP134    (0)    2 :  0.010 0.155 0.003 0.010 0.003 0.003 0.005 0.018 0.003 0.010 0.750 0.003 0.026 
 70  ZFBP135    (0)    2 :  0.016 0.453 0.007 0.006 0.007 0.004 0.032 0.138 0.064 0.023 0.055 0.014 0.181 
 71  ZFBP136    (0)    2 :  0.042 0.331 0.004 0.007 0.003 0.007 0.006 0.187 0.171 0.018 0.170 0.003 0.051 
 72  ZFBP201    (0)    3 :  0.005 0.935 0.005 0.006 0.003 0.005 0.005 0.009 0.005 0.007 0.007 0.004 0.004 
 73  ZFBP202    (0)    3 :  0.009 0.782 0.004 0.006 0.008 0.003 0.005 0.127 0.006 0.011 0.029 0.005 0.004 
 74  ZFBP203    (0)    3 :  0.015 0.772 0.027 0.026 0.006 0.051 0.013 0.052 0.008 0.005 0.014 0.006 0.004 
 75  ZFBP204    (0)    3 :  0.018 0.099 0.006 0.011 0.004 0.005 0.006 0.699 0.030 0.013 0.092 0.004 0.012 
 76  ZFBP205    (0)    3 :  0.015 0.432 0.004 0.006 0.004 0.005 0.008 0.478 0.014 0.003 0.021 0.002 0.008 
 77  ZFBP206    (0)    3 :  0.021 0.888 0.004 0.010 0.005 0.006 0.004 0.021 0.021 0.004 0.006 0.003 0.007 
 78  ZFBP207    (0)    3 :  0.008 0.017 0.004 0.005 0.004 0.003 0.006 0.641 0.007 0.143 0.145 0.005 0.011 
 79  ZFBP208    (0)    3 :  0.008 0.913 0.005 0.010 0.004 0.008 0.005 0.018 0.012 0.003 0.007 0.002 0.005 
 80  ZFBP209    (0)    3 :  0.104 0.568 0.002 0.005 0.004 0.002 0.005 0.280 0.003 0.003 0.008 0.002 0.012 
 81  ZFBP210    (0)    3 :  0.008 0.914 0.004 0.009 0.004 0.006 0.005 0.020 0.005 0.008 0.009 0.004 0.004 
 82  ZFBP211    (0)    3 :  0.004 0.258 0.004 0.005 0.006 0.003 0.003 0.681 0.007 0.009 0.009 0.006 0.004 
 83  ZFBP212    (0)    3 :  0.005 0.849 0.003 0.003 0.004 0.003 0.003 0.040 0.003 0.030 0.049 0.006 0.002 
 84  ZFBP213    (0)    3 :  0.010 0.820 0.006 0.011 0.016 0.005 0.005 0.062 0.028 0.011 0.009 0.005 0.010 
 85  ZFBP214    (0)    3 :  0.056 0.702 0.009 0.042 0.014 0.004 0.015 0.025 0.024 0.036 0.024 0.006 0.042 
 86  ZFBP215    (0)    3 :  0.008 0.907 0.003 0.004 0.004 0.002 0.004 0.041 0.005 0.006 0.007 0.003 0.006 
 87  ZFBP216    (0)    3 :  0.005 0.750 0.010 0.030 0.005 0.006 0.005 0.118 0.007 0.005 0.047 0.005 0.005 
 88  ZFBP217    (0)    3 :  0.125 0.661 0.008 0.027 0.005 0.003 0.006 0.038 0.004 0.042 0.068 0.006 0.007 
 89  ZFBP218    (0)    3 :  0.016 0.481 0.003 0.007 0.009 0.003 0.004 0.424 0.003 0.003 0.040 0.002 0.005 
 90  ZFBP219    (0)    3 :  0.004 0.952 0.004 0.005 0.003 0.003 0.003 0.008 0.003 0.003 0.007 0.002 0.003 
 91  ZFBP220    (0)    3 :  0.040 0.708 0.004 0.007 0.003 0.003 0.004 0.068 0.008 0.015 0.114 0.003 0.024 
 92  ZFBP221    (0)    3 :  0.008 0.239 0.003 0.006 0.005 0.003 0.004 0.164 0.003 0.008 0.549 0.004 0.004 
 93  ZFBP222    (0)    3 :  0.006 0.937 0.003 0.007 0.004 0.004 0.005 0.013 0.004 0.003 0.005 0.003 0.006 
 94  ZFBP223    (0)    3 :  0.008 0.490 0.006 0.005 0.005 0.004 0.006 0.156 0.009 0.217 0.074 0.010 0.009 
 95  ZFBP224    (0)    3 :  0.004 0.912 0.006 0.008 0.006 0.004 0.005 0.016 0.015 0.006 0.010 0.003 0.005 
 96  ZFBP225    (0)    3 :  0.242 0.354 0.006 0.015 0.003 0.007 0.005 0.040 0.009 0.022 0.283 0.003 0.011 
 97  ZFBP226    (0)    3 :  0.005 0.666 0.004 0.006 0.003 0.004 0.003 0.272 0.005 0.005 0.019 0.003 0.004 
 98  ZFBP227    (0)    3 :  0.007 0.317 0.027 0.138 0.019 0.008 0.018 0.156 0.010 0.010 0.276 0.009 0.006 
 99  ZFBP228    (0)    3 :  0.007 0.252 0.004 0.004 0.005 0.003 0.005 0.254 0.005 0.080 0.356 0.005 0.020 
100  ZFBP229    (0)    3 :  0.022 0.757 0.003 0.006 0.003 0.003 0.006 0.142 0.004 0.005 0.038 0.002 0.008 
101  ZFBP230    (0)    3 :  0.038 0.481 0.005 0.011 0.003 0.003 0.006 0.162 0.010 0.012 0.230 0.003 0.036 
102  ZFBP231    (0)    3 :  0.004 0.032 0.005 0.006 0.006 0.004 0.004 0.895 0.015 0.007 0.012 0.005 0.004 
103  ZFBP232    (0)    3 :  0.008 0.165 0.003 0.004 0.003 0.003 0.003 0.788 0.005 0.004 0.008 0.003 0.004 
104  ZFBP233    (0)    3 :  0.016 0.439 0.005 0.013 0.008 0.004 0.005 0.450 0.009 0.007 0.033 0.005 0.005 
105   ZFCC01    (0)    4 :  0.004 0.004 0.004 0.004 0.018 0.005 0.004 0.003 0.008 0.005 0.003 0.006 0.930 
106   ZFCC03    (0)    4 :  0.004 0.004 0.003 0.003 0.007 0.003 0.003 0.003 0.005 0.009 0.003 0.003 0.949 
107   ZFCC04    (0)    4 :  0.006 0.004 0.004 0.005 0.006 0.004 0.004 0.003 0.014 0.006 0.004 0.004 0.937 
108   ZFCC05    (0)    4 :  0.006 0.007 0.007 0.008 0.012 0.005 0.005 0.005 0.045 0.016 0.006 0.006 0.872 
109   ZFCC08    (0)    4 :  0.018 0.009 0.003 0.008 0.009 0.003 0.005 0.011 0.009 0.005 0.010 0.002 0.909 
110   ZFCC09    (0)    4 :  0.003 0.003 0.003 0.003 0.011 0.003 0.003 0.005 0.006 0.008 0.003 0.003 0.945 
111   ZFCC10    (0)    4 :  0.003 0.004 0.003 0.004 0.034 0.004 0.004 0.004 0.008 0.005 0.003 0.004 0.920 
112   ZFCC11    (0)    4 :  0.004 0.005 0.004 0.005 0.012 0.003 0.004 0.004 0.008 0.011 0.004 0.004 0.931 
113   ZFCC12    (0)    4 :  0.006 0.007 0.014 0.007 0.028 0.058 0.031 0.005 0.044 0.008 0.007 0.008 0.776 
114   ZFCC13    (0)    4 :  0.007 0.009 0.006 0.012 0.004 0.007 0.004 0.006 0.007 0.008 0.013 0.003 0.913 
115   ZFCC14    (0)    4 :  0.007 0.010 0.005 0.004 0.007 0.006 0.009 0.007 0.026 0.004 0.004 0.007 0.903 
116   ZFCC15    (0)    4 :  0.004 0.004 0.005 0.008 0.005 0.005 0.004 0.003 0.006 0.004 0.004 0.003 0.945 
117   ZFCC16    (0)    4 :  0.005 0.003 0.004 0.005 0.006 0.005 0.005 0.003 0.013 0.004 0.003 0.004 0.940 
118   ZFCC17    (0)    4 :  0.004 0.003 0.006 0.004 0.007 0.012 0.004 0.003 0.046 0.005 0.004 0.006 0.896 
119   ZFCC18    (0)    4 :  0.005 0.005 0.004 0.004 0.010 0.004 0.004 0.004 0.008 0.008 0.004 0.003 0.937 
120   ZFCC19    (0)    4 :  0.003 0.003 0.006 0.006 0.004 0.009 0.006 0.003 0.009 0.003 0.003 0.005 0.941 
121   ZFCC20    (0)    4 :  0.005 0.003 0.004 0.008 0.004 0.004 0.004 0.003 0.010 0.008 0.006 0.004 0.937 
122   ZFCC21    (0)    4 :  0.030 0.063 0.006 0.042 0.005 0.006 0.042 0.011 0.012 0.003 0.015 0.005 0.760 
123   ZFCC22    (0)    4 :  0.043 0.122 0.003 0.010 0.015 0.004 0.005 0.073 0.011 0.006 0.068 0.003 0.638 
124   ZFCC26    (0)    4 :  0.004 0.003 0.003 0.005 0.006 0.003 0.004 0.003 0.008 0.004 0.003 0.004 0.949 
125   ZFCC27    (0)    4 :  0.003 0.003 0.003 0.004 0.004 0.003 0.003 0.003 0.006 0.006 0.003 0.003 0.955 
126   ZFCC29    (0)    4 :  0.005 0.004 0.005 0.009 0.006 0.005 0.007 0.004 0.019 0.004 0.005 0.008 0.917 
127   ZFCC30    (0)    4 :  0.005 0.003 0.003 0.004 0.004 0.003 0.003 0.004 0.007 0.011 0.004 0.003 0.946 
128   ZFCC32    (0)    4 :  0.006 0.003 0.005 0.013 0.009 0.008 0.004 0.005 0.009 0.006 0.006 0.004 0.922 
129   ZFCC33    (0)    4 :  0.004 0.004 0.008 0.004 0.008 0.005 0.008 0.005 0.309 0.008 0.004 0.010 0.623 
130   ZFCC34    (0)    4 :  0.020 0.045 0.006 0.007 0.020 0.019 0.007 0.083 0.047 0.057 0.033 0.024 0.631 
131   ZFCC35    (0)    4 :  0.004 0.002 0.003 0.003 0.004 0.003 0.003 0.005 0.007 0.003 0.004 0.002 0.956 
132   ZFCC36    (0)    4 :  0.011 0.010 0.006 0.018 0.005 0.012 0.005 0.006 0.012 0.004 0.008 0.004 0.901 
133   ZFCC37    (0)    4 :  0.006 0.009 0.016 0.010 0.038 0.044 0.031 0.009 0.032 0.008 0.009 0.008 0.778 
134   ZFCC40    (0)    4 :  0.004 0.007 0.004 0.003 0.009 0.008 0.004 0.004 0.014 0.004 0.004 0.004 0.931 
135   ZFCC42    (0)    4 :  0.008 0.004 0.023 0.004 0.007 0.346 0.015 0.004 0.440 0.050 0.008 0.029 0.061 
136   ZFCC44    (0)    4 :  0.003 0.003 0.004 0.003 0.003 0.005 0.003 0.003 0.014 0.009 0.003 0.003 0.944 
137   ZFCC45    (9)    4 :  0.004 0.006 0.019 0.008 0.021 0.018 0.011 0.004 0.053 0.009 0.004 0.008 0.835 
138   ZFCC46    (0)    4 :  0.033 0.010 0.003 0.007 0.003 0.004 0.005 0.011 0.014 0.009 0.019 0.004 0.878 
139   ZFCC47    (0)    4 :  0.007 0.004 0.005 0.006 0.028 0.027 0.008 0.007 0.008 0.006 0.005 0.006 0.882 
140   ZFCC48    (0)    4 :  0.035 0.031 0.003 0.011 0.005 0.004 0.014 0.013 0.016 0.003 0.011 0.005 0.848 
141   ZFCC50    (0)    4 :  0.003 0.003 0.004 0.003 0.005 0.005 0.004 0.003 0.010 0.003 0.003 0.004 0.952 
142   ZFCC51    (0)    4 :  0.003 0.003 0.003 0.003 0.005 0.003 0.003 0.003 0.004 0.010 0.003 0.003 0.954 
143   ZFCC52    (0)    4 :  0.012 0.014 0.004 0.007 0.005 0.007 0.005 0.014 0.042 0.005 0.010 0.004 0.870 
144   ZFCC53    (0)    4 :  0.003 0.003 0.003 0.003 0.004 0.003 0.003 0.003 0.005 0.006 0.003 0.003 0.958 
145  ZFCNS01    (0)    5 :  0.003 0.007 0.035 0.054 0.003 0.021 0.007 0.004 0.003 0.814 0.042 0.002 0.006 
146  ZFCNS02    (0)    5 :  0.004 0.003 0.003 0.003 0.003 0.002 0.002 0.004 0.003 0.962 0.004 0.003 0.004 
147  ZFCNS05    (0)    5 :  0.004 0.006 0.003 0.005 0.006 0.002 0.003 0.007 0.006 0.939 0.007 0.004 0.007 
148  ZFCNS06    (0)    5 :  0.004 0.003 0.003 0.003 0.003 0.002 0.002 0.004 0.003 0.959 0.005 0.003 0.005 
149  ZFCNS07    (0)    5 :  0.010 0.005 0.003 0.003 0.003 0.002 0.003 0.007 0.003 0.950 0.005 0.003 0.003 
150  ZFCNS10    (0)    5 :  0.005 0.007 0.003 0.003 0.003 0.003 0.002 0.007 0.003 0.938 0.019 0.003 0.004 
151  ZFCNS11    (0)    5 :  0.004 0.006 0.014 0.023 0.003 0.012 0.006 0.005 0.003 0.900 0.017 0.002 0.007 
152  ZFCNS15    (0)    5 :  0.007 0.016 0.004 0.004 0.003 0.003 0.004 0.013 0.006 0.885 0.049 0.003 0.003 
153  ZFCNS17    (0)    5 :  0.004 0.004 0.003 0.003 0.003 0.002 0.002 0.004 0.004 0.958 0.005 0.002 0.005 
154  ZFCNS18    (0)    5 :  0.004 0.008 0.003 0.003 0.003 0.003 0.003 0.006 0.003 0.941 0.015 0.003 0.005 
155  ZFCNS19    (0)    5 :  0.004 0.003 0.003 0.003 0.003 0.002 0.002 0.003 0.003 0.963 0.005 0.003 0.004 
156  ZFCNS20    (0)    5 :  0.015 0.012 0.003 0.005 0.003 0.003 0.003 0.014 0.007 0.918 0.011 0.003 0.004 
157  ZFCNS21    (0)    5 :  0.002 0.003 0.003 0.003 0.003 0.002 0.002 0.003 0.004 0.965 0.005 0.002 0.004 
158  ZFCNS22    (0)    5 :  0.005 0.011 0.004 0.005 0.005 0.002 0.003 0.010 0.005 0.928 0.010 0.005 0.005 
159  ZFCNS23    (0)    5 :  0.012 0.006 0.008 0.012 0.006 0.011 0.006 0.005 0.025 0.886 0.006 0.004 0.014 
160  ZFCNS24    (0)    5 :  0.006 0.005 0.003 0.004 0.003 0.002 0.003 0.007 0.009 0.938 0.009 0.002 0.007 
161  ZFCNS25    (0)    5 :  0.010 0.009 0.003 0.004 0.003 0.003 0.003 0.014 0.009 0.921 0.014 0.002 0.005 
162  ZFCNS26    (0)    5 :  0.003 0.005 0.003 0.003 0.003 0.002 0.002 0.004 0.003 0.959 0.007 0.004 0.003 
163  ZFCNS27    (0)    5 :  0.009 0.017 0.003 0.004 0.003 0.003 0.004 0.022 0.006 0.875 0.049 0.003 0.003 
164  ZFCNS28    (0)    5 :  0.004 0.004 0.003 0.003 0.003 0.002 0.002 0.003 0.003 0.960 0.005 0.003 0.004 
165  ZFCNS29    (0)    5 :  0.004 0.007 0.003 0.005 0.005 0.002 0.004 0.008 0.007 0.936 0.008 0.003 0.008 
166  ZFCNS30    (0)    5 :  0.003 0.005 0.003 0.005 0.005 0.002 0.003 0.004 0.007 0.945 0.008 0.004 0.005 
167  ZFCNS31    (0)    5 :  0.004 0.004 0.003 0.003 0.003 0.002 0.002 0.004 0.003 0.961 0.006 0.003 0.003 
168  ZFCNS32    (0)    5 :  0.007 0.006 0.003 0.005 0.004 0.003 0.003 0.006 0.006 0.940 0.010 0.003 0.005 
169  ZFCNS33    (0)    5 :  0.004 0.003 0.002 0.003 0.003 0.002 0.002 0.003 0.003 0.963 0.005 0.003 0.004 
170  ZFCNS34    (0)    5 :  0.004 0.004 0.003 0.005 0.005 0.002 0.003 0.005 0.006 0.942 0.005 0.003 0.011 
171  ZFCNS35    (0)    5 :  0.004 0.012 0.003 0.004 0.010 0.002 0.010 0.013 0.003 0.888 0.025 0.019 0.007 
172  ZFCNS36    (0)    5 :  0.008 0.005 0.003 0.005 0.003 0.002 0.003 0.008 0.009 0.935 0.007 0.002 0.009 
173  ZFCNS37    (0)    5 :  0.008 0.004 0.010 0.004 0.004 0.002 0.003 0.008 0.007 0.799 0.142 0.003 0.005 
174  ZFCNS39    (0)    5 :  0.022 0.008 0.005 0.013 0.003 0.003 0.005 0.007 0.007 0.877 0.030 0.002 0.018 
175  ZFCNS40    (0)    5 :  0.119 0.006 0.005 0.007 0.003 0.003 0.004 0.018 0.011 0.630 0.161 0.003 0.030 
176  ZFCNS41    (0)    5 :  0.005 0.013 0.009 0.011 0.005 0.004 0.008 0.018 0.013 0.221 0.672 0.005 0.016 
177  ZFCNS42    (0)    5 :  0.003 0.004 0.003 0.003 0.003 0.002 0.002 0.004 0.003 0.962 0.005 0.003 0.003 
178  ZFCNS43    (0)    5 :  0.003 0.003 0.003 0.003 0.003 0.002 0.002 0.003 0.003 0.965 0.005 0.003 0.004 
179  ZFCNS44    (0)    5 :  0.003 0.008 0.003 0.002 0.002 0.003 0.002 0.006 0.004 0.939 0.019 0.003 0.005 
180  ZFCNS46    (0)    5 :  0.004 0.006 0.004 0.006 0.004 0.002 0.003 0.005 0.005 0.942 0.010 0.003 0.005 
181  ZFCNS47    (0)    5 :  0.003 0.003 0.003 0.003 0.003 0.002 0.002 0.003 0.003 0.964 0.005 0.003 0.004 
182  ZFCNS48    (0)    5 :  0.006 0.015 0.003 0.004 0.004 0.003 0.003 0.010 0.005 0.902 0.033 0.004 0.007 
183  ZFCNS49    (0)    5 :  0.004 0.015 0.003 0.003 0.003 0.003 0.003 0.008 0.003 0.895 0.054 0.004 0.003 
184   ZFCR01    (0)    6 :  0.006 0.012 0.047 0.004 0.026 0.012 0.864 0.007 0.003 0.003 0.004 0.006 0.007 
185   ZFCR02    (0)    6 :  0.009 0.007 0.010 0.005 0.005 0.009 0.885 0.017 0.012 0.006 0.005 0.013 0.019 
186   ZFCR03    (0)    6 :  0.010 0.020 0.014 0.014 0.012 0.054 0.753 0.014 0.062 0.003 0.005 0.025 0.015 
187   ZFCR04    (0)    6 :  0.021 0.014 0.060 0.013 0.069 0.023 0.542 0.012 0.005 0.009 0.026 0.192 0.014 
188   ZFCR05    (0)    6 :  0.003 0.003 0.015 0.009 0.015 0.008 0.915 0.003 0.004 0.002 0.003 0.008 0.011 
189   ZFCR06    (0)    6 :  0.010 0.020 0.013 0.005 0.013 0.004 0.783 0.023 0.005 0.068 0.026 0.018 0.011 
190   ZFCR07    (0)    6 :  0.004 0.015 0.133 0.128 0.011 0.011 0.447 0.005 0.062 0.075 0.046 0.050 0.013 
191   ZFCR08    (0)    6 :  0.045 0.029 0.432 0.007 0.107 0.050 0.167 0.013 0.038 0.004 0.012 0.023 0.073 
192   ZFCR09    (0)    6 :  0.017 0.045 0.024 0.022 0.014 0.296 0.328 0.068 0.019 0.015 0.042 0.084 0.028 
193   ZFCR11    (0)    6 :  0.003 0.005 0.020 0.018 0.014 0.007 0.826 0.019 0.004 0.012 0.038 0.027 0.007 
194   ZFCR12    (0)    6 :  0.013 0.010 0.009 0.017 0.005 0.003 0.735 0.011 0.008 0.119 0.055 0.006 0.010 
195   ZFCR13    (0)    6 :  0.005 0.065 0.294 0.274 0.006 0.004 0.213 0.059 0.006 0.007 0.011 0.048 0.009 
196   ZFCR14    (0)    6 :  0.012 0.007 0.015 0.026 0.010 0.005 0.874 0.007 0.005 0.006 0.009 0.015 0.009 
197   ZFCR15    (0)    6 :  0.030 0.018 0.049 0.016 0.018 0.009 0.764 0.015 0.010 0.005 0.015 0.039 0.013 
198   ZFCR16    (0)    6 :  0.016 0.015 0.027 0.009 0.008 0.004 0.865 0.015 0.003 0.003 0.005 0.022 0.008 
199   ZFCR18    (0)    6 :  0.006 0.005 0.012 0.006 0.007 0.004 0.580 0.019 0.028 0.006 0.005 0.310 0.012 
200   ZFCR19    (0)    6 :  0.028 0.013 0.006 0.007 0.006 0.029 0.845 0.014 0.005 0.006 0.011 0.019 0.011 
201   ZFCR20    (0)    6 :  0.008 0.049 0.023 0.045 0.038 0.013 0.732 0.012 0.030 0.005 0.008 0.032 0.006 
202   ZFCR21    (0)    6 :  0.010 0.005 0.009 0.022 0.004 0.003 0.910 0.005 0.007 0.003 0.006 0.004 0.012 
203   ZFCR22    (0)    6 :  0.012 0.007 0.006 0.047 0.002 0.005 0.891 0.005 0.006 0.003 0.005 0.006 0.004 
204   ZFCR23    (0)    6 :  0.005 0.066 0.072 0.052 0.004 0.032 0.693 0.021 0.004 0.005 0.031 0.010 0.003 
205   ZFCR24    (9)    6 :  0.006 0.469 0.094 0.101 0.037 0.021 0.094 0.059 0.012 0.004 0.010 0.087 0.008 
206   ZFCR25    (0)    6 :  0.004 0.004 0.010 0.011 0.009 0.004 0.928 0.004 0.006 0.003 0.005 0.007 0.005 
207   ZFCR26    (0)    6 :  0.012 0.009 0.012 0.185 0.009 0.038 0.687 0.012 0.007 0.004 0.009 0.004 0.013 
208   ZFCR27    (9)    6 :  0.003 0.003 0.352 0.038 0.023 0.013 0.539 0.003 0.003 0.003 0.003 0.013 0.005 
209   ZFCR28    (0)    6 :  0.049 0.066 0.141 0.006 0.006 0.005 0.620 0.035 0.008 0.029 0.022 0.004 0.010 
210   ZFCR29    (0)    6 :  0.004 0.005 0.005 0.015 0.006 0.005 0.934 0.005 0.004 0.002 0.004 0.008 0.004 
211   ZFCR30    (0)    6 :  0.008 0.007 0.011 0.041 0.007 0.007 0.871 0.006 0.009 0.009 0.011 0.007 0.006 
212   ZFCR31    (0)    6 :  0.017 0.045 0.017 0.022 0.013 0.044 0.471 0.063 0.030 0.043 0.050 0.174 0.010 
213   ZFCR33    (0)    6 :  0.013 0.012 0.688 0.034 0.056 0.041 0.062 0.009 0.010 0.006 0.018 0.007 0.043 
214   ZFCR34    (0)    6 :  0.010 0.026 0.053 0.214 0.005 0.013 0.463 0.009 0.004 0.011 0.033 0.142 0.017 
215   ZFCR35    (0)    6 :  0.004 0.006 0.009 0.005 0.011 0.016 0.809 0.005 0.004 0.004 0.005 0.112 0.009 
216   ZFCR36    (0)    6 :  0.004 0.009 0.010 0.017 0.007 0.015 0.850 0.005 0.006 0.018 0.008 0.044 0.006 
217   ZFCR37    (0)    6 :  0.004 0.004 0.124 0.577 0.058 0.040 0.052 0.003 0.014 0.003 0.004 0.058 0.058 
218   ZFCR38    (0)    6 :  0.012 0.007 0.528 0.033 0.053 0.026 0.252 0.008 0.012 0.007 0.010 0.008 0.043 
219   ZFCR39    (0)    6 :  0.036 0.051 0.284 0.008 0.009 0.190 0.215 0.049 0.035 0.003 0.013 0.022 0.083 
220   ZFCR40    (0)    6 :  0.004 0.013 0.123 0.010 0.012 0.030 0.743 0.006 0.006 0.005 0.014 0.011 0.024 
221   ZFCR41    (0)    6 :  0.021 0.006 0.011 0.014 0.008 0.003 0.750 0.009 0.006 0.013 0.129 0.005 0.026 
222   ZFCR42    (0)    6 :  0.020 0.022 0.087 0.079 0.009 0.018 0.630 0.014 0.020 0.018 0.032 0.007 0.043 
223   ZFCR43    (0)    6 :  0.004 0.025 0.013 0.009 0.011 0.004 0.858 0.032 0.004 0.006 0.006 0.024 0.004 
224  ZFENP25    (0)    7 :  0.012 0.014 0.829 0.006 0.042 0.005 0.045 0.004 0.006 0.003 0.005 0.005 0.024 
225  ZFENP26    (0)    7 :  0.003 0.002 0.946 0.004 0.006 0.008 0.007 0.003 0.005 0.003 0.004 0.006 0.004 
226  ZFENP27    (0)    7 :  0.013 0.026 0.304 0.005 0.031 0.041 0.227 0.007 0.044 0.060 0.033 0.018 0.190 
227  ZFENP28    (0)    7 :  0.005 0.003 0.871 0.009 0.028 0.014 0.023 0.005 0.005 0.010 0.005 0.009 0.012 
228  ZFENP29    (0)    7 :  0.004 0.005 0.909 0.009 0.005 0.005 0.030 0.003 0.006 0.004 0.004 0.005 0.010 
229  ZFENP30    (0)    7 :  0.007 0.005 0.783 0.012 0.008 0.012 0.009 0.007 0.103 0.009 0.005 0.008 0.033 
230  ZFENP31    (0)    7 :  0.004 0.004 0.186 0.007 0.016 0.372 0.012 0.011 0.353 0.006 0.004 0.014 0.013 
231  ZFENP32    (0)    7 :  0.006 0.013 0.229 0.010 0.023 0.229 0.066 0.028 0.110 0.025 0.017 0.229 0.014 
232  ZFENP33    (0)    7 :  0.004 0.007 0.809 0.042 0.034 0.014 0.016 0.006 0.038 0.004 0.007 0.013 0.005 
233  ZFENP34    (0)    7 :  0.004 0.004 0.177 0.007 0.600 0.012 0.027 0.008 0.095 0.010 0.006 0.029 0.020 
234  ZFENP35    (0)    7 :  0.005 0.012 0.873 0.009 0.007 0.025 0.004 0.006 0.007 0.013 0.018 0.017 0.005 
235  ZFENP36    (0)    7 :  0.002 0.003 0.927 0.007 0.005 0.011 0.007 0.002 0.007 0.010 0.004 0.011 0.003 
236  ZFENP37    (0)    7 :  0.004 0.008 0.526 0.030 0.313 0.059 0.009 0.005 0.009 0.009 0.007 0.013 0.008 
237  ZFENP38    (0)    7 :  0.005 0.006 0.415 0.433 0.033 0.025 0.013 0.005 0.014 0.016 0.008 0.011 0.016 
238  ZFENP39    (0)    7 :  0.003 0.005 0.779 0.014 0.025 0.023 0.105 0.003 0.006 0.005 0.004 0.014 0.015 
239  ZFENP40    (0)    7 :  0.004 0.011 0.800 0.007 0.019 0.035 0.067 0.009 0.013 0.006 0.006 0.015 0.008 
240  ZFENP41    (0)    7 :  0.010 0.007 0.780 0.007 0.016 0.012 0.026 0.005 0.033 0.008 0.007 0.018 0.070 
241  ZFENP42    (0)    7 :  0.005 0.003 0.807 0.030 0.004 0.111 0.010 0.003 0.009 0.003 0.006 0.003 0.005 
242  ZFENP43    (0)    7 :  0.006 0.009 0.704 0.083 0.029 0.018 0.020 0.007 0.008 0.048 0.031 0.008 0.030 
243  ZFENP44    (0)    7 :  0.003 0.007 0.823 0.021 0.017 0.052 0.010 0.004 0.023 0.008 0.011 0.006 0.014 
244  ZFENP45    (0)    7 :  0.306 0.020 0.453 0.045 0.009 0.057 0.021 0.031 0.016 0.007 0.013 0.007 0.014 
245  ZFENP46    (0)    7 :  0.005 0.018 0.793 0.049 0.035 0.021 0.018 0.011 0.011 0.006 0.020 0.009 0.003 
246  ZFENP47    (0)    7 :  0.148 0.014 0.172 0.006 0.010 0.375 0.135 0.014 0.018 0.004 0.005 0.039 0.061 
247  ZFENP48    (0)    7 :  0.009 0.010 0.075 0.016 0.498 0.016 0.039 0.016 0.278 0.008 0.006 0.014 0.016 
248  ZFENP49    (0)    7 :  0.011 0.010 0.178 0.011 0.005 0.011 0.570 0.010 0.141 0.006 0.006 0.034 0.007 
249  ZFENP50    (0)    7 :  0.009 0.056 0.682 0.088 0.007 0.043 0.043 0.031 0.006 0.004 0.017 0.009 0.004 
250  ZFENP51    (0)    7 :  0.053 0.004 0.390 0.019 0.016 0.390 0.042 0.004 0.034 0.006 0.005 0.031 0.007 
251  ZFENP52    (0)    7 :  0.005 0.005 0.918 0.010 0.003 0.007 0.006 0.004 0.007 0.010 0.014 0.003 0.009 
252  ZFENP53    (0)    7 :  0.030 0.031 0.775 0.023 0.009 0.017 0.015 0.049 0.008 0.011 0.019 0.007 0.007 
253  ZFENP54    (0)    7 :  0.006 0.022 0.152 0.015 0.009 0.009 0.685 0.028 0.026 0.005 0.011 0.013 0.018 
254  ZFENP55    (0)    7 :  0.004 0.005 0.222 0.593 0.030 0.020 0.050 0.006 0.009 0.004 0.004 0.051 0.003 
255  ZFENP56    (0)    7 :  0.005 0.003 0.844 0.061 0.009 0.013 0.010 0.004 0.011 0.009 0.008 0.014 0.008 
256  ZFENP57    (0)    7 :  0.002 0.005 0.833 0.018 0.020 0.054 0.013 0.003 0.013 0.012 0.008 0.014 0.004 
257  ZFENP58    (0)    7 :  0.114 0.008 0.377 0.022 0.005 0.011 0.075 0.008 0.308 0.015 0.015 0.021 0.022 
258  ZFENP59    (0)    7 :  0.005 0.005 0.780 0.008 0.009 0.041 0.027 0.006 0.027 0.005 0.004 0.013 0.070 
259  ZFENP60    (0)    7 :  0.014 0.012 0.764 0.014 0.030 0.016 0.073 0.009 0.006 0.007 0.008 0.035 0.011 
260  ZFENP61    (0)    7 :  0.003 0.004 0.848 0.011 0.016 0.008 0.057 0.003 0.008 0.004 0.004 0.019 0.014 
261 ZFFDSP01    (0)    8 :  0.014 0.894 0.002 0.007 0.003 0.003 0.004 0.010 0.003 0.010 0.040 0.005 0.004 
262 ZFFDSP02    (0)    8 :  0.004 0.952 0.002 0.004 0.003 0.002 0.003 0.008 0.003 0.003 0.009 0.003 0.004 
263 ZFFDSP04    (0)    8 :  0.010 0.933 0.002 0.005 0.004 0.002 0.004 0.017 0.003 0.003 0.009 0.004 0.004 
264 ZFFDSP05    (0)    8 :  0.012 0.761 0.003 0.006 0.003 0.003 0.004 0.046 0.003 0.006 0.145 0.003 0.004 
265 ZFFDSP06    (0)    8 :  0.018 0.519 0.002 0.005 0.011 0.002 0.005 0.378 0.004 0.003 0.035 0.003 0.014 
266 ZFFDSP07    (0)    8 :  0.034 0.832 0.004 0.007 0.004 0.004 0.005 0.061 0.025 0.004 0.006 0.002 0.012 
267 ZFFDSP08    (0)    8 :  0.080 0.273 0.005 0.013 0.003 0.004 0.005 0.523 0.034 0.013 0.033 0.003 0.011 
268 ZFFDSP10    (0)    8 :  0.011 0.915 0.003 0.006 0.003 0.003 0.004 0.019 0.006 0.004 0.017 0.003 0.004 
269 ZFFDSP11    (0)    8 :  0.006 0.915 0.003 0.006 0.003 0.003 0.005 0.032 0.003 0.003 0.012 0.004 0.004 
270 ZFFDSP12    (0)    8 :  0.009 0.308 0.003 0.004 0.003 0.003 0.003 0.640 0.005 0.005 0.011 0.002 0.004 
271 ZFFDSP13    (0)    8 :  0.005 0.061 0.005 0.011 0.004 0.004 0.005 0.027 0.008 0.015 0.843 0.004 0.008 
272 ZFFDSP14    (0)    8 :  0.017 0.920 0.003 0.006 0.004 0.003 0.004 0.022 0.006 0.003 0.005 0.002 0.005 
273 ZFFDSP16    (0)    8 :  0.004 0.907 0.006 0.007 0.007 0.003 0.007 0.015 0.005 0.014 0.012 0.006 0.007 
274 ZFFDSP17    (0)    8 :  0.008 0.912 0.004 0.008 0.005 0.002 0.004 0.021 0.005 0.005 0.016 0.004 0.006 
275 ZFFDSP18    (0)    8 :  0.014 0.929 0.003 0.004 0.005 0.002 0.005 0.016 0.003 0.005 0.006 0.004 0.005 
276 ZFFDSP19    (0)    8 :  0.016 0.763 0.003 0.004 0.006 0.002 0.004 0.018 0.003 0.113 0.039 0.004 0.024 
277 ZFFDSP21    (0)    8 :  0.006 0.650 0.004 0.004 0.005 0.002 0.005 0.013 0.004 0.081 0.202 0.003 0.022 
278 ZFFDSP22    (0)    8 :  0.089 0.757 0.003 0.006 0.003 0.002 0.004 0.108 0.005 0.004 0.010 0.002 0.007 
279 ZFFDSP23    (0)    8 :  0.126 0.707 0.002 0.005 0.004 0.002 0.003 0.036 0.003 0.010 0.094 0.002 0.005 
280 ZFFDSP24    (0)    8 :  0.006 0.868 0.003 0.005 0.004 0.002 0.003 0.016 0.004 0.010 0.070 0.004 0.004 
281 ZFFDSP26    (9)    8 :  0.013 0.761 0.003 0.005 0.003 0.003 0.005 0.094 0.004 0.007 0.093 0.004 0.005 
282 ZFFDSP27    (0)    8 :  0.007 0.921 0.003 0.003 0.004 0.002 0.004 0.023 0.003 0.008 0.015 0.004 0.003 
283 ZFFDSP28    (0)    8 :  0.007 0.786 0.007 0.011 0.024 0.012 0.011 0.062 0.016 0.004 0.025 0.030 0.007 
284 ZFFDSP30    (0)    8 :  0.006 0.713 0.003 0.007 0.005 0.005 0.006 0.014 0.006 0.035 0.155 0.038 0.005 
285 ZFFDSP31    (0)    8 :  0.005 0.067 0.005 0.006 0.009 0.002 0.004 0.854 0.005 0.009 0.026 0.003 0.005 
286 ZFFDSP32    (0)    8 :  0.005 0.950 0.003 0.004 0.004 0.002 0.003 0.008 0.004 0.004 0.009 0.002 0.003 
287 ZFFDSP33    (0)    8 :  0.006 0.936 0.003 0.003 0.003 0.002 0.003 0.018 0.003 0.005 0.013 0.003 0.002 
288 ZFFDSP34    (0)    8 :  0.015 0.215 0.003 0.006 0.005 0.002 0.004 0.686 0.005 0.006 0.041 0.003 0.009 
289 ZFFDSP35    (0)    8 :  0.007 0.872 0.003 0.004 0.004 0.002 0.004 0.016 0.003 0.005 0.071 0.004 0.004 
290 ZFFDSP37    (0)    8 :  0.004 0.945 0.003 0.003 0.004 0.002 0.003 0.011 0.004 0.005 0.010 0.003 0.003 
291 ZFFDSP38    (0)    8 :  0.004 0.923 0.003 0.004 0.004 0.003 0.003 0.033 0.003 0.006 0.007 0.004 0.004 
292 ZFFDSP39    (0)    8 :  0.010 0.498 0.003 0.003 0.003 0.002 0.004 0.037 0.003 0.008 0.424 0.004 0.003 
293 ZFFDSP40    (0)    8 :  0.005 0.804 0.003 0.003 0.004 0.002 0.004 0.029 0.004 0.008 0.127 0.005 0.003 
294 ZFFDSP42    (0)    8 :  0.068 0.759 0.003 0.005 0.003 0.002 0.004 0.076 0.003 0.008 0.060 0.003 0.005 
295 ZFFDSP43    (0)    8 :  0.011 0.876 0.003 0.003 0.003 0.002 0.004 0.056 0.002 0.011 0.022 0.004 0.003 
296 ZFFDSP44    (0)    8 :  0.005 0.902 0.003 0.005 0.004 0.003 0.003 0.025 0.004 0.009 0.029 0.004 0.003 
297 ZFFDSP45    (0)    8 :  0.004 0.924 0.003 0.004 0.003 0.002 0.004 0.022 0.004 0.006 0.016 0.004 0.004 
298 ZFFDSP46    (0)    8 :  0.008 0.921 0.003 0.004 0.004 0.002 0.004 0.016 0.004 0.007 0.020 0.004 0.004 
299 ZFFDSP47    (0)    8 :  0.015 0.525 0.003 0.006 0.004 0.003 0.003 0.042 0.004 0.014 0.374 0.004 0.004 
300 ZFFDSP48    (0)    8 :  0.007 0.699 0.003 0.004 0.004 0.003 0.004 0.023 0.004 0.016 0.227 0.004 0.004 
301    ZFI01    (0)    9 :  0.005 0.005 0.011 0.009 0.033 0.030 0.023 0.005 0.014 0.008 0.004 0.844 0.009 
302    ZFI02    (0)    9 :  0.004 0.005 0.005 0.007 0.021 0.012 0.013 0.005 0.003 0.008 0.004 0.908 0.004 
303    ZFI03    (0)    9 :  0.003 0.004 0.006 0.006 0.052 0.005 0.010 0.004 0.005 0.008 0.004 0.888 0.006 
304    ZFI04    (0)    9 :  0.003 0.004 0.006 0.006 0.842 0.016 0.005 0.003 0.004 0.005 0.004 0.097 0.004 
305    ZFI05    (0)    9 :  0.003 0.004 0.007 0.005 0.007 0.004 0.007 0.004 0.009 0.014 0.005 0.927 0.004 
306    ZFI06    (0)    9 :  0.003 0.022 0.022 0.009 0.021 0.011 0.031 0.010 0.006 0.078 0.032 0.751 0.004 
307    ZFI07    (0)    9 :  0.003 0.004 0.007 0.006 0.431 0.005 0.006 0.004 0.007 0.004 0.004 0.516 0.004 
308    ZFI08    (0)    9 :  0.003 0.003 0.012 0.011 0.134 0.010 0.022 0.004 0.006 0.004 0.003 0.782 0.006 
309    ZFI09    (0)    9 :  0.003 0.004 0.008 0.006 0.015 0.009 0.012 0.004 0.005 0.006 0.004 0.920 0.004 
310    ZFI10    (0)    9 :  0.004 0.005 0.008 0.007 0.036 0.011 0.006 0.005 0.005 0.048 0.006 0.854 0.004 
311    ZFI11    (0)    9 :  0.003 0.003 0.007 0.006 0.080 0.016 0.008 0.003 0.007 0.007 0.004 0.850 0.004 
