

----------------------------------------------------
STRUCTURE by Pritchard, Stephens and Donnelly (2000)
     and Falush, Stephens and Pritchard (2003)
       Code by Pritchard, Falush and Hubisz
             Version 2.3.4 (Jul 2012)
----------------------------------------------------



Command line arguments:   bin\structure -m C:\Users\eschumacher\Documents\GitHub\GCC_QUAC_ZAIN\Data_Files\Structure_Files\ZAIN\ZAIN_rebinned_wild\50-50\mainparams -e C:\Users\eschumacher\Documents\GitHub\GCC_QUAC_ZAIN\Data_Files\Structure_Files\ZAIN\ZAIN_rebinned_wild\50-50\extraparams 
Input File:    C:\Users\eschumacher\Documents\GitHub\GCC_QUAC_ZAIN\Data_Files\Structure_Files\ZAIN\ZAIN_rebinned_wild\project_data

Run parameters:
   751 individuals
   11 loci
   10 populations assumed
   50000 Burn-in period
   50000 Reps


--------------------------------------------
Proportion of membership of each pre-defined
 population in each of the 10 clusters

Given    Inferred Clusters                                                        Number of
 Pop       1      2      3      4      5      6      7      8      9     10      Individuals

  1:     0.010  0.005  0.013  0.006  0.180  0.031  0.010  0.005  0.731  0.009       35
  2:     0.009  0.026  0.006  0.022  0.009  0.005  0.021  0.056  0.006  0.841       36
  3:     0.015  0.035  0.006  0.009  0.006  0.006  0.010  0.031  0.005  0.878       33
  4:     0.007  0.009  0.006  0.891  0.007  0.018  0.034  0.008  0.008  0.012       40
  5:     0.004  0.005  0.004  0.008  0.003  0.003  0.006  0.958  0.004  0.006       39
  6:     0.095  0.019  0.137  0.021  0.583  0.032  0.014  0.022  0.039  0.040       40
  7:     0.046  0.023  0.665  0.022  0.067  0.059  0.046  0.012  0.047  0.012       37
  8:     0.006  0.016  0.003  0.006  0.005  0.003  0.006  0.037  0.006  0.913       40
  9:     0.005  0.003  0.006  0.004  0.121  0.007  0.040  0.008  0.800  0.005       28
 10:     0.005  0.006  0.004  0.020  0.004  0.006  0.937  0.006  0.005  0.007       14
 11:     0.007  0.005  0.044  0.006  0.006  0.861  0.020  0.031  0.011  0.009       13
 12:     0.008  0.015  0.004  0.019  0.005  0.002  0.006  0.840  0.006  0.094       14
 13:     0.006  0.045  0.008  0.009  0.005  0.009  0.014  0.027  0.006  0.870       25
 14:     0.006  0.938  0.006  0.008  0.006  0.005  0.005  0.007  0.007  0.014       40
 15:     0.020  0.008  0.011  0.814  0.024  0.008  0.024  0.050  0.017  0.025       32
 16:     0.004  0.004  0.006  0.004  0.003  0.963  0.005  0.004  0.003  0.004       20
 17:     0.151  0.005  0.033  0.008  0.457  0.007  0.012  0.006  0.312  0.010        4
 18:     0.015  0.008  0.009  0.011  0.534  0.013  0.010  0.007  0.369  0.023       23
 19:     0.009  0.004  0.014  0.008  0.021  0.006  0.005  0.006  0.921  0.006       39
 20:     0.011  0.004  0.011  0.006  0.022  0.858  0.020  0.005  0.059  0.006       38
 21:     0.018  0.066  0.006  0.009  0.005  0.005  0.007  0.754  0.005  0.126       45
 22:     0.008  0.027  0.015  0.012  0.005  0.011  0.025  0.399  0.005  0.493       28
 23:     0.007  0.005  0.023  0.007  0.082  0.008  0.005  0.006  0.853  0.005        6
 24:     0.884  0.015  0.026  0.006  0.017  0.006  0.010  0.013  0.016  0.008       40
 25:     0.018  0.011  0.831  0.009  0.028  0.045  0.017  0.016  0.014  0.011       42
--------------------------------------------

Allele-freq. divergence among pops (Net nucleotide distance),
computed using point estimates of P.

      1       2       3       4       5       6       7       8       9      10      
 1      -    0.1797  0.1104  0.1771  0.1201  0.2475  0.1830  0.1507  0.1827  0.1652  
 2   0.1797     -    0.2710  0.1986  0.2197  0.3491  0.2792  0.1759  0.3491  0.1085  
 3   0.1104  0.2710     -    0.1467  0.0676  0.1056  0.1556  0.1468  0.0988  0.1902  
 4   0.1771  0.1986  0.1467     -    0.1262  0.2529  0.1928  0.1488  0.1728  0.1982  
 5   0.1201  0.2197  0.0676  0.1262     -    0.1383  0.1877  0.1753  0.0529  0.1421  
 6   0.2475  0.3491  0.1056  0.2529  0.1383     -    0.2255  0.2923  0.1721  0.2824  
 7   0.1830  0.2792  0.1556  0.1928  0.1877  0.2255     -    0.1866  0.2453  0.2030  
 8   0.1507  0.1759  0.1468  0.1488  0.1753  0.2923  0.1866     -    0.2284  0.1103  
 9   0.1827  0.3491  0.0988  0.1728  0.0529  0.1721  0.2453  0.2284     -    0.2361  
10   0.1652  0.1085  0.1902  0.1982  0.1421  0.2824  0.2030  0.1103  0.2361     -    

Average distances (expected heterozygosity) between individuals in same cluster:
cluster  1  : 0.4032 
cluster  2  : 0.3669 
cluster  3  : 0.5371 
cluster  4  : 0.4042 
cluster  5  : 0.6064 
cluster  6  : 0.4220 
cluster  7  : 0.2418 
cluster  8  : 0.3930 
cluster  9  : 0.4379 
cluster 10  : 0.4093 

--------------------------------------------
Estimated Ln Prob of Data   = -15082.5
Mean value of ln likelihood = -13398.3
Variance of ln likelihood   = 3368.3
Mean value of alpha         = 0.0318

Mean value of Fst_1         = 0.3934
Mean value of Fst_2         = 0.4487
Mean value of Fst_3         = 0.1327
Mean value of Fst_4         = 0.4077
Mean value of Fst_5         = 0.1838
Mean value of Fst_6         = 0.4150
Mean value of Fst_7         = 0.6439
Mean value of Fst_8         = 0.4915
Mean value of Fst_9         = 0.4009
Mean value of Fst_10         = 0.3751


Inferred ancestry of individuals:
        Label (%Miss) Pop:  Inferred clusters
  1    ZFB01    (0)    1 :  0.003 0.003 0.003 0.004 0.158 0.008 0.002 0.003 0.811 0.004 
  2    ZFB02    (0)    1 :  0.005 0.003 0.007 0.009 0.225 0.048 0.007 0.002 0.691 0.003 
  3    ZFB03    (0)    1 :  0.007 0.002 0.008 0.005 0.152 0.004 0.005 0.009 0.802 0.006 
  4    ZFB04    (0)    1 :  0.003 0.003 0.006 0.005 0.204 0.042 0.009 0.002 0.722 0.004 
  5    ZFB05    (0)    1 :  0.036 0.010 0.050 0.007 0.130 0.132 0.042 0.007 0.583 0.003 
  6    ZFB06    (0)    1 :  0.024 0.011 0.053 0.005 0.143 0.069 0.017 0.008 0.667 0.003 
  7    ZFB07    (9)    1 :  0.005 0.004 0.015 0.004 0.139 0.008 0.006 0.006 0.807 0.007 
  8    ZFB08    (0)    1 :  0.028 0.009 0.007 0.007 0.160 0.006 0.012 0.008 0.752 0.011 
  9    ZFB09    (0)    1 :  0.004 0.003 0.004 0.004 0.160 0.004 0.003 0.003 0.814 0.003 
 10    ZFB10    (0)    1 :  0.006 0.009 0.005 0.007 0.242 0.012 0.010 0.005 0.673 0.031 
 11    ZFB11    (0)    1 :  0.003 0.003 0.004 0.006 0.176 0.017 0.006 0.003 0.774 0.009 
 12    ZFB12    (0)    1 :  0.028 0.003 0.014 0.005 0.174 0.030 0.003 0.006 0.729 0.008 
 13    ZFB13    (0)    1 :  0.014 0.008 0.008 0.004 0.302 0.007 0.017 0.007 0.619 0.013 
 14    ZFB14    (0)    1 :  0.004 0.003 0.004 0.005 0.191 0.003 0.005 0.003 0.777 0.005 
 15    ZFB15    (0)    1 :  0.004 0.002 0.004 0.003 0.158 0.010 0.003 0.002 0.812 0.003 
 16    ZFB16    (0)    1 :  0.014 0.005 0.006 0.003 0.183 0.017 0.021 0.005 0.737 0.010 
 17    ZFB17    (0)    1 :  0.033 0.009 0.009 0.014 0.177 0.025 0.037 0.005 0.681 0.011 
 18    ZFB18    (0)    1 :  0.003 0.003 0.003 0.005 0.175 0.003 0.003 0.003 0.798 0.004 
 19    ZFB19    (0)    1 :  0.023 0.009 0.021 0.004 0.397 0.010 0.007 0.015 0.468 0.046 
 20    ZFB20    (0)    1 :  0.012 0.005 0.008 0.003 0.174 0.045 0.026 0.004 0.714 0.009 
 21    ZFB21    (0)    1 :  0.003 0.002 0.006 0.003 0.156 0.007 0.004 0.003 0.813 0.003 
 22    ZFB22    (0)    1 :  0.012 0.011 0.008 0.007 0.159 0.065 0.006 0.006 0.716 0.010 
 23    ZFB23    (0)    1 :  0.003 0.003 0.005 0.004 0.177 0.026 0.009 0.004 0.760 0.008 
 24    ZFB24    (0)    1 :  0.003 0.003 0.005 0.003 0.164 0.031 0.008 0.003 0.774 0.006 
 25    ZFB25    (0)    1 :  0.003 0.004 0.004 0.005 0.163 0.005 0.003 0.005 0.787 0.022 
 26    ZFB26    (0)    1 :  0.003 0.004 0.007 0.005 0.156 0.052 0.017 0.005 0.736 0.016 
 27    ZFB27    (0)    1 :  0.002 0.003 0.005 0.004 0.157 0.066 0.004 0.003 0.748 0.007 
 28    ZFB28    (0)    1 :  0.014 0.003 0.039 0.009 0.198 0.098 0.014 0.007 0.611 0.007 
 29    ZFB29    (0)    1 :  0.003 0.003 0.005 0.005 0.197 0.020 0.013 0.002 0.747 0.003 
 30    ZFB30    (0)    1 :  0.013 0.013 0.069 0.003 0.128 0.133 0.005 0.010 0.622 0.004 
 31    ZFB31    (0)    1 :  0.004 0.004 0.004 0.005 0.180 0.006 0.003 0.004 0.776 0.014 
 32    ZFB32    (0)    1 :  0.034 0.004 0.035 0.027 0.162 0.060 0.022 0.011 0.630 0.015 
 33    ZFB33    (0)    1 :  0.003 0.002 0.004 0.003 0.161 0.009 0.003 0.003 0.810 0.003 
 34    ZFB34    (0)    1 :  0.004 0.003 0.004 0.005 0.158 0.004 0.003 0.003 0.813 0.003 
 35    ZFB35    (0)    1 :  0.004 0.003 0.005 0.004 0.153 0.008 0.006 0.004 0.806 0.006 
 36  ZFBP101    (0)    2 :  0.013 0.045 0.008 0.059 0.015 0.006 0.124 0.124 0.007 0.599 
 37  ZFBP102    (0)    2 :  0.009 0.015 0.012 0.011 0.015 0.009 0.040 0.022 0.011 0.857 
 38  ZFBP103    (0)    2 :  0.009 0.017 0.007 0.162 0.015 0.007 0.049 0.369 0.006 0.359 
 39  ZFBP104    (0)    2 :  0.042 0.008 0.014 0.004 0.024 0.007 0.005 0.083 0.024 0.789 
 40  ZFBP105    (0)    2 :  0.007 0.005 0.005 0.005 0.006 0.005 0.007 0.026 0.005 0.928 
 41  ZFBP106    (0)    2 :  0.005 0.010 0.004 0.006 0.003 0.003 0.011 0.029 0.003 0.925 
 42  ZFBP107    (0)    2 :  0.008 0.004 0.013 0.006 0.006 0.014 0.032 0.059 0.006 0.853 
 43  ZFBP108    (0)    2 :  0.003 0.004 0.004 0.003 0.003 0.003 0.004 0.006 0.003 0.967 
 44  ZFBP109    (0)    2 :  0.004 0.005 0.004 0.004 0.006 0.002 0.003 0.007 0.004 0.960 
 45  ZFBP110    (0)    2 :  0.012 0.008 0.030 0.027 0.073 0.006 0.038 0.200 0.031 0.574 
 46  ZFBP111    (0)    2 :  0.023 0.220 0.006 0.005 0.003 0.004 0.005 0.059 0.003 0.673 
 47  ZFBP112    (0)    2 :  0.008 0.041 0.004 0.011 0.005 0.006 0.013 0.012 0.004 0.896 
 48  ZFBP113    (0)    2 :  0.006 0.004 0.004 0.003 0.004 0.004 0.004 0.005 0.003 0.964 
 49  ZFBP114    (0)    2 :  0.003 0.006 0.007 0.005 0.003 0.007 0.019 0.013 0.003 0.935 
 50  ZFBP115    (0)    2 :  0.012 0.016 0.005 0.012 0.004 0.003 0.012 0.444 0.003 0.490 
 51  ZFBP116    (0)    2 :  0.008 0.005 0.005 0.003 0.003 0.003 0.005 0.008 0.003 0.957 
 52  ZFBP117    (0)    2 :  0.004 0.006 0.003 0.007 0.004 0.002 0.004 0.007 0.003 0.959 
 53  ZFBP118    (0)    2 :  0.004 0.008 0.007 0.004 0.003 0.007 0.015 0.011 0.003 0.939 
 54  ZFBP119    (0)    2 :  0.017 0.021 0.006 0.029 0.006 0.002 0.020 0.100 0.004 0.795 
 55  ZFBP120    (0)    2 :  0.007 0.005 0.005 0.004 0.005 0.004 0.005 0.031 0.006 0.926 
 56  ZFBP121    (0)    2 :  0.004 0.005 0.004 0.007 0.006 0.003 0.008 0.010 0.005 0.948 
 57  ZFBP122    (9)    2 :  0.007 0.011 0.003 0.004 0.004 0.003 0.007 0.010 0.003 0.948 
 58  ZFBP123    (0)    2 :  0.010 0.014 0.004 0.010 0.004 0.006 0.036 0.008 0.004 0.904 
 59  ZFBP124    (0)    2 :  0.004 0.004 0.004 0.004 0.004 0.004 0.008 0.005 0.007 0.956 
 60  ZFBP125    (0)    2 :  0.004 0.011 0.003 0.006 0.003 0.002 0.006 0.012 0.002 0.951 
 61  ZFBP126    (0)    2 :  0.017 0.006 0.012 0.019 0.025 0.009 0.021 0.005 0.007 0.879 
 62  ZFBP127    (0)    2 :  0.004 0.005 0.004 0.012 0.003 0.003 0.006 0.057 0.003 0.905 
 63  ZFBP128    (0)    2 :  0.004 0.026 0.003 0.013 0.004 0.002 0.006 0.015 0.003 0.924 
 64  ZFBP129    (0)    2 :  0.005 0.132 0.005 0.010 0.006 0.003 0.007 0.007 0.005 0.821 
 65  ZFBP130    (0)    2 :  0.008 0.049 0.003 0.018 0.003 0.003 0.008 0.016 0.002 0.889 
 66  ZFBP131    (0)    2 :  0.004 0.005 0.003 0.004 0.004 0.003 0.003 0.004 0.003 0.966 
 67  ZFBP132    (0)    2 :  0.003 0.004 0.003 0.004 0.004 0.003 0.004 0.009 0.003 0.964 
 68  ZFBP133    (0)    2 :  0.006 0.142 0.002 0.007 0.005 0.002 0.003 0.004 0.003 0.826 
 69  ZFBP134    (0)    2 :  0.012 0.013 0.003 0.060 0.005 0.003 0.003 0.124 0.003 0.774 
 70  ZFBP135    (0)    2 :  0.007 0.017 0.007 0.186 0.033 0.005 0.061 0.040 0.010 0.634 
 71  ZFBP136    (0)    2 :  0.007 0.035 0.005 0.042 0.006 0.005 0.159 0.078 0.004 0.660 
 72  ZFBP201    (0)    3 :  0.007 0.005 0.005 0.005 0.006 0.006 0.006 0.010 0.005 0.945 
 73  ZFBP202    (0)    3 :  0.005 0.007 0.004 0.004 0.004 0.003 0.005 0.012 0.006 0.950 
 74  ZFBP203    (0)    3 :  0.026 0.022 0.028 0.005 0.009 0.043 0.008 0.007 0.006 0.846 
 75  ZFBP204    (0)    3 :  0.009 0.018 0.006 0.011 0.005 0.004 0.034 0.055 0.004 0.852 
 76  ZFBP205    (0)    3 :  0.006 0.012 0.003 0.008 0.004 0.005 0.012 0.004 0.003 0.943 
 77  ZFBP206    (0)    3 :  0.014 0.054 0.005 0.010 0.005 0.006 0.032 0.005 0.005 0.864 
 78  ZFBP207    (0)    3 :  0.004 0.008 0.004 0.012 0.004 0.003 0.008 0.172 0.004 0.780 
 79  ZFBP208    (0)    3 :  0.014 0.008 0.006 0.005 0.005 0.010 0.018 0.005 0.004 0.925 
 80  ZFBP209    (0)    3 :  0.005 0.088 0.002 0.007 0.004 0.002 0.003 0.004 0.003 0.881 
 81  ZFBP210    (0)    3 :  0.011 0.009 0.006 0.005 0.004 0.008 0.006 0.009 0.004 0.937 
 82  ZFBP211    (0)    3 :  0.005 0.004 0.004 0.004 0.004 0.003 0.009 0.010 0.006 0.951 
 83  ZFBP212    (0)    3 :  0.003 0.005 0.003 0.002 0.004 0.003 0.003 0.038 0.006 0.933 
 84  ZFBP213    (0)    3 :  0.010 0.012 0.005 0.011 0.007 0.005 0.026 0.009 0.008 0.907 
 85  ZFBP214    (0)    3 :  0.042 0.104 0.007 0.046 0.018 0.004 0.022 0.038 0.015 0.703 
 86  ZFBP215    (0)    3 :  0.004 0.007 0.003 0.005 0.004 0.002 0.005 0.007 0.003 0.959 
 87  ZFBP216    (0)    3 :  0.027 0.005 0.009 0.004 0.006 0.006 0.006 0.009 0.004 0.923 
 88  ZFBP217    (0)    3 :  0.028 0.250 0.007 0.007 0.007 0.004 0.005 0.066 0.008 0.618 
 89  ZFBP218    (0)    3 :  0.005 0.011 0.003 0.003 0.003 0.003 0.003 0.005 0.003 0.962 
 90  ZFBP219    (0)    3 :  0.005 0.005 0.004 0.003 0.003 0.003 0.004 0.005 0.003 0.965 
 91  ZFBP220    (0)    3 :  0.007 0.035 0.004 0.019 0.004 0.003 0.007 0.023 0.003 0.896 
 92  ZFBP221    (0)    3 :  0.006 0.007 0.003 0.003 0.004 0.003 0.002 0.021 0.004 0.947 
 93  ZFBP222    (0)    3 :  0.008 0.008 0.004 0.007 0.007 0.005 0.005 0.004 0.004 0.948 
 94  ZFBP223    (0)    3 :  0.006 0.009 0.007 0.008 0.008 0.005 0.009 0.158 0.008 0.783 
 95  ZFBP224    (0)    3 :  0.008 0.004 0.005 0.005 0.005 0.004 0.013 0.007 0.005 0.945 
 96  ZFBP225    (0)    3 :  0.018 0.367 0.011 0.010 0.007 0.009 0.008 0.112 0.003 0.454 
 97  ZFBP226    (0)    3 :  0.005 0.005 0.004 0.004 0.004 0.004 0.005 0.006 0.003 0.961 
 98  ZFBP227    (0)    3 :  0.158 0.007 0.032 0.006 0.020 0.009 0.009 0.051 0.013 0.697 
 99  ZFBP228    (0)    3 :  0.004 0.007 0.004 0.017 0.004 0.003 0.005 0.130 0.004 0.821 
100  ZFBP229    (0)    3 :  0.006 0.017 0.003 0.006 0.004 0.003 0.003 0.007 0.002 0.949 
101  ZFBP230    (0)    3 :  0.010 0.032 0.005 0.025 0.005 0.003 0.008 0.025 0.003 0.883 
102  ZFBP231    (0)    3 :  0.005 0.005 0.004 0.004 0.004 0.004 0.016 0.007 0.004 0.945 
103  ZFBP232    (0)    3 :  0.004 0.007 0.003 0.004 0.003 0.003 0.005 0.005 0.003 0.963 
104  ZFBP233    (0)    3 :  0.013 0.015 0.005 0.005 0.005 0.004 0.009 0.009 0.006 0.930 
105   ZFCC01    (0)    4 :  0.005 0.004 0.004 0.950 0.005 0.006 0.009 0.004 0.010 0.004 
106   ZFCC03    (0)    4 :  0.003 0.004 0.003 0.963 0.004 0.002 0.006 0.005 0.005 0.004 
107   ZFCC04    (0)    4 :  0.005 0.006 0.004 0.950 0.004 0.004 0.012 0.005 0.006 0.004 
108   ZFCC05    (0)    4 :  0.008 0.008 0.007 0.895 0.005 0.005 0.046 0.012 0.010 0.006 
109   ZFCC08    (0)    4 :  0.007 0.018 0.003 0.936 0.004 0.003 0.009 0.006 0.004 0.010 
110   ZFCC09    (0)    4 :  0.003 0.004 0.003 0.962 0.003 0.003 0.006 0.005 0.007 0.003 
111   ZFCC10    (0)    4 :  0.004 0.003 0.003 0.952 0.004 0.004 0.008 0.003 0.014 0.004 
112   ZFCC11    (0)    4 :  0.004 0.004 0.004 0.955 0.004 0.004 0.007 0.007 0.006 0.005 
113   ZFCC12    (0)    4 :  0.009 0.004 0.015 0.827 0.024 0.059 0.033 0.008 0.015 0.006 
114   ZFCC13    (0)    4 :  0.011 0.007 0.006 0.932 0.004 0.008 0.008 0.011 0.004 0.008 
115   ZFCC14    (0)    4 :  0.004 0.005 0.005 0.930 0.008 0.005 0.022 0.004 0.009 0.008 
116   ZFCC15    (0)    4 :  0.008 0.004 0.005 0.956 0.004 0.004 0.006 0.004 0.004 0.003 
117   ZFCC16    (0)    4 :  0.005 0.004 0.004 0.952 0.005 0.004 0.013 0.003 0.005 0.003 
118   ZFCC17    (0)    4 :  0.004 0.003 0.005 0.913 0.004 0.011 0.045 0.004 0.006 0.003 
119   ZFCC18    (0)    4 :  0.005 0.005 0.004 0.955 0.004 0.004 0.008 0.005 0.006 0.004 
120   ZFCC19    (0)    4 :  0.007 0.003 0.005 0.951 0.005 0.008 0.011 0.003 0.004 0.003 
121   ZFCC20    (0)    4 :  0.007 0.005 0.004 0.952 0.004 0.004 0.011 0.006 0.004 0.004 
122   ZFCC21    (0)    4 :  0.047 0.038 0.005 0.825 0.025 0.006 0.013 0.007 0.008 0.026 
123   ZFCC22    (0)    4 :  0.009 0.052 0.004 0.703 0.005 0.005 0.012 0.016 0.007 0.187 
124   ZFCC26    (0)    4 :  0.004 0.004 0.004 0.959 0.004 0.004 0.009 0.003 0.005 0.003 
125   ZFCC27    (0)    4 :  0.004 0.003 0.003 0.967 0.003 0.003 0.005 0.004 0.004 0.003 
126   ZFCC29    (0)    4 :  0.010 0.006 0.005 0.934 0.006 0.005 0.018 0.005 0.008 0.004 
127   ZFCC30    (0)    4 :  0.004 0.005 0.003 0.962 0.003 0.003 0.007 0.006 0.003 0.003 
128   ZFCC32    (0)    4 :  0.011 0.005 0.006 0.940 0.004 0.008 0.010 0.006 0.006 0.004 
129   ZFCC33    (0)    4 :  0.005 0.004 0.009 0.634 0.008 0.005 0.317 0.006 0.009 0.004 
130   ZFCC34    (0)    4 :  0.008 0.018 0.006 0.732 0.013 0.016 0.043 0.071 0.027 0.065 
131   ZFCC35    (0)    4 :  0.003 0.004 0.003 0.967 0.003 0.003 0.007 0.004 0.003 0.003 
132   ZFCC36    (0)    4 :  0.017 0.009 0.006 0.922 0.005 0.012 0.012 0.006 0.004 0.007 
133   ZFCC37    (0)    4 :  0.010 0.005 0.014 0.837 0.025 0.046 0.025 0.009 0.019 0.010 
134   ZFCC40    (0)    4 :  0.003 0.004 0.004 0.947 0.005 0.009 0.015 0.003 0.006 0.005 
135   ZFCC42    (0)    4 :  0.005 0.007 0.020 0.076 0.015 0.386 0.441 0.030 0.015 0.005 
136   ZFCC44    (0)    4 :  0.003 0.003 0.005 0.955 0.003 0.005 0.017 0.005 0.003 0.003 
137   ZFCC45    (9)    4 :  0.008 0.004 0.020 0.863 0.010 0.020 0.050 0.006 0.015 0.005 
138   ZFCC46    (0)    4 :  0.008 0.034 0.003 0.905 0.004 0.004 0.013 0.015 0.003 0.012 
139   ZFCC47    (0)    4 :  0.006 0.007 0.005 0.913 0.008 0.028 0.008 0.005 0.015 0.005 
140   ZFCC48    (0)    4 :  0.012 0.037 0.004 0.883 0.012 0.004 0.014 0.006 0.006 0.023 
141   ZFCC50    (0)    4 :  0.004 0.003 0.004 0.961 0.004 0.005 0.010 0.003 0.004 0.003 
142   ZFCC51    (0)    4 :  0.003 0.003 0.003 0.967 0.003 0.003 0.005 0.005 0.004 0.003 
143   ZFCC52    (0)    4 :  0.008 0.015 0.004 0.896 0.005 0.008 0.037 0.008 0.004 0.014 
144   ZFCC53    (0)    4 :  0.003 0.003 0.003 0.969 0.003 0.003 0.005 0.004 0.004 0.003 
145  ZFCNS01    (0)    5 :  0.010 0.003 0.009 0.005 0.003 0.005 0.004 0.954 0.003 0.004 
146  ZFCNS02    (0)    5 :  0.004 0.005 0.003 0.008 0.003 0.003 0.005 0.962 0.003 0.004 
147  ZFCNS05    (0)    5 :  0.005 0.005 0.004 0.009 0.004 0.003 0.005 0.954 0.005 0.007 
148  ZFCNS06    (0)    5 :  0.004 0.005 0.003 0.010 0.003 0.003 0.005 0.958 0.004 0.005 
149  ZFCNS07    (0)    5 :  0.004 0.015 0.003 0.005 0.003 0.003 0.004 0.950 0.004 0.008 
150  ZFCNS10    (0)    5 :  0.003 0.004 0.003 0.004 0.002 0.003 0.003 0.969 0.003 0.005 
151  ZFCNS11    (0)    5 :  0.006 0.004 0.005 0.005 0.003 0.003 0.003 0.964 0.003 0.003 
152  ZFCNS15    (0)    5 :  0.003 0.005 0.004 0.003 0.003 0.003 0.006 0.959 0.004 0.010 
153  ZFCNS17    (0)    5 :  0.003 0.005 0.003 0.009 0.003 0.002 0.006 0.961 0.003 0.005 
154  ZFCNS18    (0)    5 :  0.003 0.003 0.003 0.005 0.003 0.002 0.004 0.970 0.003 0.004 
155  ZFCNS19    (0)    5 :  0.004 0.005 0.003 0.007 0.003 0.003 0.004 0.965 0.004 0.003 
156  ZFCNS20    (0)    5 :  0.004 0.014 0.004 0.007 0.003 0.003 0.007 0.946 0.003 0.009 
157  ZFCNS21    (0)    5 :  0.003 0.003 0.003 0.007 0.002 0.002 0.005 0.969 0.003 0.003 
158  ZFCNS22    (0)    5 :  0.004 0.006 0.004 0.006 0.004 0.003 0.006 0.952 0.005 0.010 
159  ZFCNS23    (0)    5 :  0.013 0.014 0.008 0.016 0.005 0.011 0.026 0.895 0.005 0.006 
160  ZFCNS24    (0)    5 :  0.004 0.005 0.003 0.015 0.003 0.002 0.009 0.951 0.003 0.005 
161  ZFCNS25    (0)    5 :  0.004 0.008 0.004 0.008 0.003 0.003 0.008 0.953 0.003 0.008 
162  ZFCNS26    (0)    5 :  0.003 0.004 0.004 0.003 0.003 0.003 0.004 0.967 0.004 0.006 
163  ZFCNS27    (0)    5 :  0.003 0.006 0.004 0.004 0.003 0.002 0.005 0.948 0.003 0.021 
164  ZFCNS28    (0)    5 :  0.004 0.005 0.003 0.006 0.003 0.003 0.004 0.963 0.004 0.004 
165  ZFCNS29    (0)    5 :  0.004 0.005 0.004 0.010 0.003 0.002 0.009 0.951 0.004 0.007 
166  ZFCNS30    (0)    5 :  0.004 0.003 0.004 0.008 0.003 0.002 0.006 0.961 0.004 0.004 
167  ZFCNS31    (0)    5 :  0.004 0.005 0.003 0.004 0.003 0.002 0.004 0.967 0.004 0.004 
168  ZFCNS32    (0)    5 :  0.005 0.005 0.003 0.006 0.003 0.003 0.004 0.962 0.004 0.005 
169  ZFCNS33    (0)    5 :  0.004 0.004 0.003 0.004 0.003 0.002 0.003 0.968 0.004 0.004 
170  ZFCNS34    (0)    5 :  0.004 0.005 0.004 0.020 0.003 0.003 0.007 0.946 0.004 0.004 
171  ZFCNS35    (0)    5 :  0.004 0.004 0.003 0.005 0.003 0.003 0.004 0.965 0.005 0.004 
172  ZFCNS36    (0)    5 :  0.004 0.007 0.003 0.024 0.003 0.003 0.009 0.940 0.003 0.004 
173  ZFCNS37    (0)    5 :  0.004 0.003 0.004 0.005 0.003 0.002 0.005 0.967 0.004 0.004 
174  ZFCNS39    (0)    5 :  0.004 0.006 0.003 0.006 0.002 0.002 0.004 0.966 0.003 0.003 
175  ZFCNS40    (0)    5 :  0.005 0.014 0.003 0.020 0.003 0.003 0.007 0.937 0.003 0.005 
176  ZFCNS41    (0)    5 :  0.009 0.004 0.006 0.008 0.006 0.004 0.008 0.941 0.004 0.009 
177  ZFCNS42    (0)    5 :  0.003 0.003 0.003 0.005 0.003 0.002 0.004 0.969 0.003 0.005 
178  ZFCNS43    (0)    5 :  0.003 0.003 0.003 0.008 0.003 0.002 0.005 0.966 0.003 0.003 
179  ZFCNS44    (0)    5 :  0.003 0.003 0.003 0.006 0.002 0.002 0.004 0.970 0.003 0.004 
180  ZFCNS46    (0)    5 :  0.004 0.004 0.004 0.005 0.003 0.003 0.006 0.963 0.003 0.005 
181  ZFCNS47    (0)    5 :  0.003 0.003 0.003 0.006 0.002 0.002 0.005 0.967 0.003 0.004 
182  ZFCNS48    (0)    5 :  0.005 0.004 0.003 0.005 0.003 0.003 0.004 0.964 0.003 0.005 
183  ZFCNS49    (0)    5 :  0.003 0.003 0.003 0.003 0.003 0.003 0.003 0.969 0.003 0.007 
184   ZFCR01    (0)    6 :  0.005 0.009 0.160 0.010 0.753 0.012 0.003 0.003 0.032 0.014 
185   ZFCR02    (0)    6 :  0.011 0.018 0.031 0.031 0.838 0.011 0.022 0.008 0.009 0.021 
186   ZFCR03    (0)    6 :  0.061 0.013 0.022 0.020 0.687 0.061 0.066 0.004 0.037 0.029 
187   ZFCR04    (0)    6 :  0.018 0.033 0.057 0.016 0.433 0.031 0.006 0.022 0.360 0.024 
188   ZFCR05    (0)    6 :  0.063 0.004 0.047 0.021 0.805 0.012 0.004 0.003 0.035 0.004 
189   ZFCR06    (0)    6 :  0.012 0.017 0.088 0.015 0.726 0.005 0.006 0.070 0.016 0.045 
190   ZFCR07    (0)    6 :  0.193 0.004 0.220 0.014 0.359 0.011 0.055 0.080 0.051 0.012 
191   ZFCR08    (0)    6 :  0.008 0.034 0.545 0.088 0.148 0.049 0.037 0.008 0.060 0.022 
192   ZFCR09    (0)    6 :  0.022 0.016 0.028 0.028 0.403 0.304 0.021 0.030 0.038 0.110 
193   ZFCR11    (0)    6 :  0.053 0.002 0.058 0.009 0.758 0.011 0.004 0.048 0.034 0.023 
194   ZFCR12    (0)    6 :  0.075 0.022 0.052 0.012 0.651 0.004 0.009 0.150 0.007 0.020 
195   ZFCR13    (0)    6 :  0.281 0.006 0.362 0.009 0.195 0.003 0.006 0.010 0.026 0.102 
196   ZFCR14    (0)    6 :  0.108 0.020 0.059 0.012 0.754 0.006 0.007 0.008 0.017 0.009 
197   ZFCR15    (0)    6 :  0.033 0.070 0.121 0.013 0.629 0.010 0.013 0.009 0.083 0.021 
198   ZFCR16    (0)    6 :  0.024 0.028 0.107 0.007 0.782 0.004 0.004 0.004 0.020 0.021 
199   ZFCR18    (0)    6 :  0.008 0.006 0.010 0.014 0.848 0.005 0.034 0.007 0.060 0.008 
200   ZFCR19    (0)    6 :  0.020 0.082 0.012 0.014 0.763 0.061 0.006 0.008 0.015 0.019 
201   ZFCR20    (0)    6 :  0.083 0.009 0.033 0.008 0.694 0.013 0.030 0.006 0.085 0.039 
202   ZFCR21    (0)    6 :  0.124 0.012 0.050 0.016 0.768 0.004 0.007 0.004 0.008 0.006 
203   ZFCR22    (0)    6 :  0.178 0.016 0.025 0.006 0.749 0.005 0.007 0.004 0.003 0.008 
204   ZFCR23    (0)    6 :  0.108 0.007 0.099 0.003 0.642 0.031 0.004 0.012 0.008 0.085 
205   ZFCR24    (9)    6 :  0.123 0.008 0.082 0.008 0.141 0.023 0.011 0.007 0.104 0.495 
206   ZFCR25    (0)    6 :  0.111 0.004 0.050 0.006 0.800 0.005 0.006 0.004 0.011 0.004 
207   ZFCR26    (0)    6 :  0.348 0.015 0.015 0.016 0.508 0.064 0.008 0.006 0.006 0.014 
208   ZFCR27    (9)    6 :  0.040 0.003 0.374 0.005 0.539 0.013 0.003 0.003 0.017 0.003 
209   ZFCR28    (0)    6 :  0.008 0.080 0.242 0.010 0.495 0.005 0.008 0.038 0.006 0.110 
210   ZFCR29    (0)    6 :  0.137 0.004 0.006 0.004 0.821 0.006 0.004 0.003 0.009 0.006 
211   ZFCR30    (0)    6 :  0.169 0.009 0.023 0.006 0.751 0.008 0.009 0.011 0.008 0.007 
212   ZFCR31    (0)    6 :  0.036 0.024 0.020 0.013 0.557 0.062 0.026 0.075 0.104 0.082 
213   ZFCR33    (0)    6 :  0.029 0.012 0.791 0.048 0.044 0.028 0.009 0.011 0.019 0.011 
214   ZFCR34    (0)    6 :  0.249 0.013 0.062 0.023 0.515 0.021 0.005 0.025 0.062 0.025 
215   ZFCR35    (0)    6 :  0.008 0.006 0.012 0.012 0.896 0.018 0.005 0.006 0.031 0.006 
216   ZFCR36    (0)    6 :  0.098 0.005 0.014 0.006 0.812 0.021 0.006 0.012 0.019 0.007 
217   ZFCR37    (0)    6 :  0.589 0.004 0.141 0.064 0.062 0.042 0.017 0.004 0.074 0.004 
218   ZFCR38    (0)    6 :  0.030 0.012 0.640 0.046 0.197 0.028 0.011 0.008 0.020 0.008 
219   ZFCR39    (0)    6 :  0.010 0.058 0.346 0.104 0.145 0.216 0.036 0.008 0.015 0.061 
220   ZFCR40    (0)    6 :  0.023 0.004 0.241 0.026 0.632 0.035 0.006 0.009 0.012 0.012 
221   ZFCR41    (0)    6 :  0.099 0.029 0.044 0.036 0.657 0.003 0.006 0.106 0.006 0.013 
222   ZFCR42    (0)    6 :  0.166 0.022 0.119 0.049 0.545 0.021 0.018 0.026 0.009 0.024 
223   ZFCR43    (0)    6 :  0.053 0.005 0.058 0.005 0.801 0.004 0.005 0.006 0.015 0.047 
224  ZFENP25    (0)    7 :  0.007 0.011 0.859 0.022 0.050 0.005 0.006 0.004 0.026 0.010 
225  ZFENP26    (0)    7 :  0.004 0.003 0.958 0.004 0.007 0.007 0.005 0.004 0.006 0.003 
226  ZFENP27    (0)    7 :  0.006 0.014 0.317 0.214 0.215 0.038 0.044 0.082 0.053 0.018 
227  ZFENP28    (0)    7 :  0.009 0.005 0.902 0.011 0.028 0.012 0.004 0.007 0.018 0.004 
228  ZFENP29    (0)    7 :  0.009 0.004 0.930 0.010 0.023 0.005 0.007 0.004 0.004 0.005 
229  ZFENP30    (0)    7 :  0.012 0.007 0.811 0.029 0.009 0.014 0.097 0.006 0.008 0.006 
230  ZFENP31    (0)    7 :  0.007 0.004 0.187 0.016 0.011 0.398 0.349 0.006 0.017 0.005 
231  ZFENP32    (0)    7 :  0.012 0.006 0.225 0.016 0.154 0.260 0.112 0.037 0.156 0.022 
232  ZFENP33    (0)    7 :  0.038 0.003 0.849 0.005 0.017 0.014 0.035 0.006 0.025 0.007 
233  ZFENP34    (0)    7 :  0.008 0.005 0.335 0.022 0.054 0.014 0.048 0.010 0.495 0.009 
234  ZFENP35    (0)    7 :  0.008 0.005 0.906 0.005 0.007 0.025 0.008 0.016 0.011 0.009 
235  ZFENP36    (0)    7 :  0.008 0.002 0.942 0.003 0.009 0.011 0.007 0.006 0.008 0.003 
236  ZFENP37    (0)    7 :  0.034 0.004 0.766 0.010 0.008 0.030 0.009 0.009 0.121 0.008 
237  ZFENP38    (0)    7 :  0.368 0.005 0.525 0.018 0.010 0.025 0.015 0.012 0.017 0.006 
238  ZFENP39    (0)    7 :  0.011 0.003 0.828 0.015 0.091 0.019 0.006 0.005 0.019 0.004 
239  ZFENP40    (0)    7 :  0.007 0.004 0.843 0.007 0.056 0.038 0.012 0.006 0.020 0.008 
240  ZFENP41    (0)    7 :  0.006 0.010 0.815 0.057 0.028 0.013 0.035 0.007 0.022 0.007 
241  ZFENP42    (0)    7 :  0.031 0.005 0.814 0.005 0.008 0.116 0.010 0.004 0.003 0.003 
242  ZFENP43    (0)    7 :  0.068 0.006 0.766 0.035 0.017 0.020 0.008 0.056 0.015 0.009 
243  ZFENP44    (0)    7 :  0.023 0.003 0.839 0.014 0.007 0.061 0.024 0.013 0.009 0.007 
244  ZFENP45    (0)    7 :  0.040 0.328 0.467 0.016 0.017 0.068 0.019 0.011 0.009 0.025 
245  ZFENP46    (0)    7 :  0.050 0.005 0.851 0.003 0.014 0.019 0.011 0.014 0.019 0.015 
246  ZFENP47    (0)    7 :  0.006 0.144 0.224 0.073 0.131 0.364 0.017 0.004 0.022 0.016 
247  ZFENP48    (0)    7 :  0.022 0.016 0.146 0.027 0.109 0.022 0.232 0.009 0.400 0.016 
248  ZFENP49    (0)    7 :  0.012 0.012 0.262 0.009 0.506 0.011 0.149 0.006 0.020 0.013 
249  ZFENP50    (0)    7 :  0.074 0.011 0.761 0.004 0.035 0.040 0.005 0.012 0.007 0.051 
250  ZFENP51    (0)    7 :  0.017 0.045 0.475 0.008 0.036 0.351 0.034 0.005 0.025 0.004 
251  ZFENP52    (0)    7 :  0.011 0.004 0.935 0.008 0.005 0.007 0.007 0.013 0.003 0.005 
252  ZFENP53    (0)    7 :  0.021 0.031 0.834 0.008 0.014 0.016 0.008 0.017 0.007 0.043 
253  ZFENP54    (0)    7 :  0.024 0.009 0.337 0.019 0.509 0.010 0.027 0.008 0.015 0.043 
254  ZFENP55    (0)    7 :  0.588 0.004 0.249 0.004 0.060 0.020 0.010 0.004 0.056 0.005 
255  ZFENP56    (0)    7 :  0.076 0.005 0.854 0.007 0.010 0.012 0.010 0.010 0.012 0.004 
256  ZFENP57    (0)    7 :  0.020 0.002 0.861 0.004 0.013 0.057 0.013 0.009 0.017 0.005 
257  ZFENP58    (0)    7 :  0.036 0.109 0.422 0.021 0.069 0.014 0.290 0.018 0.013 0.009 
258  ZFENP59    (0)    7 :  0.009 0.005 0.813 0.069 0.020 0.036 0.026 0.005 0.011 0.005 
259  ZFENP60    (0)    7 :  0.013 0.013 0.825 0.012 0.047 0.016 0.006 0.007 0.050 0.011 
260  ZFENP61    (0)    7 :  0.011 0.003 0.867 0.015 0.063 0.008 0.008 0.004 0.018 0.004 
261 ZFFDSP01    (0)    8 :  0.008 0.018 0.003 0.004 0.004 0.003 0.004 0.024 0.005 0.927 
262 ZFFDSP02    (0)    8 :  0.004 0.005 0.003 0.005 0.004 0.002 0.003 0.005 0.004 0.965 
263 ZFFDSP04    (0)    8 :  0.005 0.014 0.002 0.004 0.005 0.002 0.003 0.004 0.005 0.955 
264 ZFFDSP05    (0)    8 :  0.008 0.009 0.003 0.004 0.005 0.003 0.003 0.012 0.003 0.950 
265 ZFFDSP06    (0)    8 :  0.005 0.010 0.003 0.007 0.004 0.002 0.003 0.005 0.003 0.959 
266 ZFFDSP07    (0)    8 :  0.009 0.031 0.005 0.011 0.006 0.005 0.023 0.005 0.004 0.902 
267 ZFFDSP08    (0)    8 :  0.008 0.060 0.004 0.011 0.004 0.004 0.026 0.020 0.003 0.861 
268 ZFFDSP10    (0)    8 :  0.008 0.010 0.004 0.005 0.004 0.003 0.007 0.009 0.004 0.948 
269 ZFFDSP11    (0)    8 :  0.007 0.009 0.003 0.004 0.004 0.003 0.003 0.005 0.004 0.957 
270 ZFFDSP12    (0)    8 :  0.004 0.009 0.003 0.004 0.003 0.003 0.005 0.005 0.003 0.963 
271 ZFFDSP13    (0)    8 :  0.014 0.006 0.007 0.015 0.006 0.004 0.009 0.431 0.004 0.504 
272 ZFFDSP14    (0)    8 :  0.006 0.017 0.003 0.006 0.004 0.003 0.007 0.005 0.003 0.944 
273 ZFFDSP16    (0)    8 :  0.007 0.005 0.005 0.008 0.008 0.004 0.003 0.013 0.007 0.941 
274 ZFFDSP17    (0)    8 :  0.007 0.010 0.003 0.005 0.004 0.002 0.004 0.007 0.004 0.953 
275 ZFFDSP18    (0)    8 :  0.004 0.018 0.003 0.007 0.007 0.002 0.003 0.006 0.006 0.944 
276 ZFFDSP19    (0)    8 :  0.004 0.019 0.003 0.022 0.005 0.003 0.004 0.058 0.007 0.874 
277 ZFFDSP21    (0)    8 :  0.004 0.007 0.003 0.015 0.004 0.002 0.004 0.114 0.004 0.843 
278 ZFFDSP22    (0)    8 :  0.006 0.074 0.003 0.006 0.003 0.002 0.004 0.006 0.003 0.893 
279 ZFFDSP23    (0)    8 :  0.006 0.115 0.003 0.005 0.004 0.002 0.003 0.024 0.003 0.837 
280 ZFFDSP24    (0)    8 :  0.006 0.007 0.003 0.005 0.004 0.003 0.005 0.032 0.005 0.930 
281 ZFFDSP26    (9)    8 :  0.005 0.012 0.003 0.005 0.004 0.003 0.004 0.013 0.003 0.947 
282 ZFFDSP27    (0)    8 :  0.003 0.007 0.003 0.004 0.004 0.003 0.004 0.009 0.005 0.959 
283 ZFFDSP28    (0)    8 :  0.014 0.007 0.008 0.008 0.018 0.015 0.020 0.010 0.039 0.862 
284 ZFFDSP30    (0)    8 :  0.008 0.008 0.004 0.006 0.014 0.006 0.008 0.202 0.025 0.719 
285 ZFFDSP31    (0)    8 :  0.004 0.006 0.004 0.006 0.003 0.002 0.005 0.009 0.006 0.954 
286 ZFFDSP32    (0)    8 :  0.005 0.007 0.003 0.003 0.003 0.003 0.005 0.006 0.003 0.962 
287 ZFFDSP33    (0)    8 :  0.003 0.006 0.003 0.002 0.003 0.003 0.003 0.007 0.003 0.967 
288 ZFFDSP34    (0)    8 :  0.006 0.012 0.002 0.007 0.003 0.002 0.004 0.008 0.003 0.953 
289 ZFFDSP35    (0)    8 :  0.006 0.007 0.003 0.004 0.004 0.002 0.003 0.010 0.005 0.954 
290 ZFFDSP37    (0)    8 :  0.004 0.004 0.003 0.003 0.004 0.002 0.004 0.008 0.004 0.962 
291 ZFFDSP38    (0)    8 :  0.004 0.005 0.003 0.004 0.004 0.003 0.004 0.007 0.005 0.961 
292 ZFFDSP39    (0)    8 :  0.004 0.009 0.003 0.003 0.003 0.002 0.003 0.045 0.003 0.925 
293 ZFFDSP40    (0)    8 :  0.003 0.005 0.003 0.003 0.004 0.003 0.003 0.039 0.004 0.932 
294 ZFFDSP42    (0)    8 :  0.005 0.042 0.003 0.006 0.004 0.002 0.004 0.016 0.004 0.915 
295 ZFFDSP43    (0)    8 :  0.003 0.008 0.003 0.004 0.004 0.002 0.003 0.014 0.003 0.956 
296 ZFFDSP44    (0)    8 :  0.005 0.005 0.003 0.003 0.004 0.003 0.005 0.021 0.006 0.945 
297 ZFFDSP45    (0)    8 :  0.004 0.005 0.003 0.005 0.005 0.002 0.004 0.011 0.004 0.957 
298 ZFFDSP46    (0)    8 :  0.005 0.009 0.004 0.005 0.005 0.002 0.004 0.016 0.004 0.946 
299 ZFFDSP47    (0)    8 :  0.006 0.015 0.003 0.004 0.003 0.003 0.005 0.148 0.004 0.810 
300 ZFFDSP48    (0)    8 :  0.005 0.006 0.004 0.004 0.004 0.002 0.004 0.079 0.004 0.888 
301    ZFI01    (0)    9 :  0.008 0.004 0.008 0.006 0.136 0.026 0.012 0.005 0.790 0.004 
302    ZFI02    (0)    9 :  0.005 0.004 0.006 0.004 0.148 0.012 0.003 0.007 0.806 0.005 
303    ZFI03    (0)    9 :  0.005 0.003 0.005 0.004 0.112 0.004 0.005 0.005 0.854 0.004 
304    ZFI04    (0)    9 :  0.007 0.003 0.006 0.004 0.016 0.017 0.004 0.005 0.935 0.004 
305    ZFI05    (0)    9 :  0.005 0.003 0.007 0.004 0.146 0.005 0.007 0.011 0.809 0.005 
306    ZFI06    (0)    9 :  0.006 0.003 0.012 0.004 0.155 0.013 0.007 0.050 0.737 0.012 
307    ZFI07    (0)    9 :  0.006 0.002 0.005 0.004 0.033 0.005 0.006 0.005 0.930 0.004 
308    ZFI08    (0)    9 :  0.008 0.003 0.009 0.005 0.129 0.008 0.005 0.003 0.827 0.003 
309    ZFI09    (0)    9 :  0.005 0.003 0.008 0.004 0.155 0.009 0.005 0.005 0.803 0.003 
310    ZFI10    (0)    9 :  0.006 0.004 0.007 0.004 0.126 0.008 0.004 0.022 0.815 0.005 
311    ZFI11    (0)    9 :  0.006 0.002 0.007 0.004 0.113 0.015 0.007 0.005 0.838 0.003 
312    ZFI12    (0)    9 :  0.008 0.003 0.005 0.005 0.103 0.004 0.005 0.008 0.856 0.004 
313    ZFI13    (0)    9 :  0.005 0.003 0.006 0.005 0.128 0.006 0.015 0.005 0.824 0.004 
314    ZFI14    (0)    9 :  0.004 0.003 0.004 0.004 0.145 0.005 0.005 0.008 0.813 0.009 
315    ZFI15    (0)    9 :  0.003 0.002 0.006 0.004 0.163 0.004 0.006 0.004 0.804 0.004 
316    ZFI16    (0)    9 :  0.004 0.002 0.004 0.004 0.131 0.003 0.003 0.004 0.842 0.003 
317    ZFI17    (0)    9 :  0.005 0.002 0.007 0.004 0.116 0.007 0.005 0.007 0.845 0.003 
318    ZFI18    (0)    9 :  0.004 0.002 0.008 0.003 0.130 0.006 0.004 0.005 0.835 0.003 
319    ZFI19    (9)    9 :  0.006 0.002 0.005 0.003 0.150 0.005 0.007 0.004 0.816 0.003 
320    ZFI20    (0)    9 :  0.004 0.003 0.005 0.004 0.161 0.004 0.003 0.006 0.806 0.005 
321    ZFI21    (0)    9 :  0.004 0.003 0.004 0.004 0.157 0.004 0.004 0.013 0.797 0.011 
322    ZFI22    (0)    9 :  0.005 0.004 0.005 0.006 0.156 0.008 0.004 0.004 0.802 0.005 
323    ZFI23    (0)    9 :  0.005 0.002 0.004 0.004 0.118 0.003 0.004 0.005 0.850 0.004 
324    ZFI24    (0)    9 :  0.007 0.003 0.005 0.006 0.108 0.004 0.006 0.007 0.850 0.004 
325    ZFI25    (0)    9 :  0.005 0.004 0.006 0.006 0.135 0.004 0.004 0.005 0.827 0.005 
326    ZFI26    (0)    9 :  0.005 0.002 0.005 0.006 0.106 0.004 0.008 0.004 0.856 0.003 
327    ZFI27    (0)    9 :  0.010 0.003 0.006 0.004 0.121 0.004 0.011 0.018 0.819 0.005 
328    ZFK01    (0)    9 :  0.004 0.004 0.003 0.005 0.003 0.003 0.968 0.005 0.003 0.004 
329    ZFK02    (0)   10 :  0.004 0.003 0.003 0.005 0.003 0.003 0.968 0.005 0.003 0.003 
330    ZFK03    (0)   10 :  0.003 0.003 0.003 0.005 0.003 0.003 0.969 0.004 0.003 0.003 
331    ZFK04    (0)   10 :  0.003 0.002 0.003 0.004 0.003 0.005 0.968 0.003 0.004 0.003 
332    ZFK05    (0)   10 :  0.003 0.002 0.006 0.010 0.005 0.011 0.949 0.003 0.008 0.003 
333    ZFK06    (0)   10 :  0.004 0.003 0.006 0.010 0.006 0.006 0.950 0.004 0.009 0.003 
334    ZFK07    (0)   10 :  0.005 0.005 0.003 0.005 0.003 0.003 0.964 0.005 0.002 0.003 
335    ZFK08    (0)   10 :  0.005 0.003 0.004 0.004 0.004 0.004 0.967 0.003 0.004 0.003 
336    ZFK10    (0)   10 :  0.003 0.003 0.003 0.004 0.004 0.003 0.969 0.003 0.004 0.003 
337    ZFK11    (0)   10 :  0.004 0.003 0.006 0.010 0.005 0.007 0.952 0.003 0.007 0.003 
338    ZFK12    (0)   10 :  0.009 0.009 0.003 0.007 0.003 0.003 0.954 0.005 0.002 0.005 
339    ZFK13    (0)   10 :  0.006 0.009 0.004 0.008 0.003 0.007 0.928 0.012 0.003 0.020 
340    ZFK14    (0)   10 :  0.013 0.035 0.006 0.196 0.006 0.018 0.675 0.021 0.009 0.022 
341    ZFK15    (0)   10 :  0.004 0.004 0.004 0.006 0.004 0.009 0.942 0.008 0.004 0.014 
342    ZFK16    (0)   10 :  0.006 0.005 0.003 0.005 0.003 0.003 0.962 0.005 0.002 0.005 
343   ZFLB01    (0)   11 :  0.004 0.004 0.006 0.003 0.004 0.947 0.007 0.007 0.007 0.011 
344   ZFLB02    (0)   11 :  0.008 0.005 0.121 0.003 0.009 0.806 0.003 0.003 0.037 0.004 
345   ZFLB03    (0)   11 :  0.009 0.005 0.155 0.005 0.010 0.750 0.014 0.034 0.012 0.006 
346   ZFLB04    (0)   11 :  0.005 0.006 0.009 0.006 0.007 0.724 0.013 0.193 0.012 0.025 
347   ZFLB05    (0)   11 :  0.004 0.003 0.008 0.003 0.006 0.938 0.007 0.015 0.010 0.006 
348   ZFLB06    (0)   11 :  0.004 0.004 0.008 0.007 0.004 0.923 0.032 0.006 0.004 0.007 
349   ZFLB07    (0)   11 :  0.018 0.009 0.111 0.013 0.007 0.589 0.125 0.101 0.006 0.021 
350   ZFLB08    (0)   11 :  0.010 0.004 0.069 0.004 0.010 0.850 0.009 0.006 0.034 0.004 
351   ZFLB09    (9)   11 :  0.004 0.003 0.007 0.005 0.004 0.952 0.009 0.004 0.005 0.005 
352   ZFLB10    (0)   11 :  0.003 0.002 0.005 0.003 0.004 0.961 0.006 0.007 0.005 0.004 
353   ZFLB11    (0)   11 :  0.008 0.008 0.007 0.012 0.004 0.927 0.019 0.006 0.003 0.006 
354   ZFLB12    (0)   11 :  0.004 0.002 0.008 0.004 0.004 0.960 0.007 0.003 0.005 0.003 
355   ZFLB13    (0)   11 :  0.015 0.005 0.063 0.010 0.006 0.862 0.011 0.012 0.006 0.010 
356  ZFLTI01    (0)   12 :  0.015 0.030 0.004 0.067 0.010 0.002 0.007 0.670 0.005 0.190 
357  ZFLTI02    (0)   12 :  0.008 0.014 0.003 0.049 0.005 0.002 0.007 0.880 0.006 0.024 
358  ZFLTI03    (0)   12 :  0.008 0.014 0.003 0.008 0.003 0.002 0.005 0.930 0.004 0.022 
359  ZFLTI04    (0)   12 :  0.011 0.007 0.004 0.008 0.005 0.002 0.012 0.914 0.005 0.031 
360  ZFLTI05    (0)   12 :  0.005 0.006 0.003 0.005 0.003 0.002 0.005 0.946 0.005 0.019 
361  ZFLTI06    (0)   12 :  0.005 0.028 0.003 0.007 0.006 0.002 0.004 0.760 0.004 0.179 
362  ZFLTI07    (0)   12 :  0.009 0.007 0.004 0.009 0.009 0.003 0.006 0.802 0.006 0.147 
363  ZFLTI08    (0)   12 :  0.008 0.006 0.004 0.006 0.004 0.002 0.005 0.944 0.008 0.012 
364  ZFLTI09    (0)   12 :  0.008 0.006 0.003 0.007 0.005 0.002 0.006 0.809 0.012 0.142 
365  ZFLTI10    (0)   12 :  0.006 0.007 0.004 0.021 0.007 0.002 0.006 0.584 0.007 0.356 
366  ZFLTI11    (0)   12 :  0.005 0.035 0.003 0.006 0.003 0.003 0.005 0.859 0.006 0.075 
367  ZFLTI12    (0)   12 :  0.006 0.032 0.003 0.022 0.005 0.002 0.006 0.832 0.005 0.085 
368  ZFLTI13    (0)   12 :  0.012 0.013 0.004 0.016 0.005 0.002 0.006 0.924 0.005 0.013 
369  ZFLTI14    (0)   12 :  0.006 0.005 0.004 0.037 0.005 0.002 0.009 0.907 0.006 0.019 
370 ZFONF101    (0)   13 :  0.003 0.007 0.002 0.002 0.003 0.002 0.002 0.004 0.003 0.972 
371 ZFONF102    (0)   13 :  0.005 0.029 0.009 0.003 0.006 0.012 0.003 0.004 0.005 0.925 
372 ZFONF103    (0)   13 :  0.009 0.017 0.006 0.012 0.004 0.003 0.017 0.053 0.005 0.874 
373 ZFONF104    (0)   13 :  0.003 0.024 0.002 0.005 0.003 0.002 0.002 0.005 0.002 0.951 
374 ZFONF105    (0)   13 :  0.005 0.140 0.003 0.005 0.003 0.003 0.006 0.017 0.003 0.816 
375 ZFONF106    (0)   13 :  0.002 0.006 0.002 0.004 0.003 0.002 0.003 0.004 0.004 0.968 
376 ZFONF107    (0)   13 :  0.006 0.012 0.049 0.011 0.012 0.045 0.040 0.012 0.021 0.792 
377 ZFONF108    (0)   13 :  0.004 0.010 0.010 0.011 0.004 0.008 0.048 0.018 0.007 0.879 
378 ZFONF109    (9)   13 :  0.004 0.027 0.005 0.014 0.004 0.006 0.019 0.013 0.007 0.902 
379 ZFONF110    (0)   13 :  0.003 0.016 0.002 0.005 0.003 0.002 0.003 0.007 0.002 0.956 
380 ZFONF111    (0)   13 :  0.022 0.020 0.022 0.010 0.018 0.016 0.005 0.011 0.014 0.863 
381 ZFONF112    (0)   13 :  0.003 0.206 0.003 0.006 0.003 0.003 0.005 0.014 0.008 0.747 
382 ZFONF113    (9)   13 :  0.007 0.009 0.005 0.005 0.003 0.004 0.008 0.011 0.003 0.945 
383 ZFONF115    (0)   13 :  0.004 0.020 0.004 0.006 0.004 0.003 0.006 0.010 0.006 0.938 
384 ZFONF116    (0)   13 :  0.005 0.024 0.004 0.005 0.004 0.003 0.007 0.009 0.005 0.934 
385 ZFONF117    (0)   13 :  0.006 0.056 0.005 0.007 0.004 0.003 0.015 0.353 0.005 0.545 
386 ZFONF118    (0)   13 :  0.006 0.012 0.003 0.010 0.004 0.002 0.006 0.016 0.008 0.932 
387 ZFONF119    (0)   13 :  0.005 0.023 0.004 0.008 0.004 0.006 0.018 0.005 0.003 0.924 
388 ZFONF120    (0)   13 :  0.012 0.046 0.003 0.019 0.005 0.005 0.030 0.006 0.003 0.871 
389 ZFONF121    (0)   13 :  0.006 0.124 0.004 0.005 0.004 0.004 0.009 0.009 0.004 0.832 
