

----------------------------------------------------
STRUCTURE by Pritchard, Stephens and Donnelly (2000)
     and Falush, Stephens and Pritchard (2003)
       Code by Pritchard, Falush and Hubisz
             Version 2.3.4 (Jul 2012)
----------------------------------------------------



Command line arguments:   bin\structure -m C:\Users\eschumacher\Documents\GitHub\GCC_QUAC_ZAIN\Data_Files\Structure_Files\ZAIN\ZAIN_rebinned_wild\50-50\mainparams -e C:\Users\eschumacher\Documents\GitHub\GCC_QUAC_ZAIN\Data_Files\Structure_Files\ZAIN\ZAIN_rebinned_wild\50-50\extraparams 
Input File:    C:\Users\eschumacher\Documents\GitHub\GCC_QUAC_ZAIN\Data_Files\Structure_Files\ZAIN\ZAIN_rebinned_wild\project_data

Run parameters:
   751 individuals
   11 loci
   4 populations assumed
   50000 Burn-in period
   50000 Reps


--------------------------------------------
Proportion of membership of each pre-defined
 population in each of the 4 clusters

Given    Inferred Clusters              Number of
 Pop       1      2      3      4      Individuals

  1:     0.008  0.021  0.006  0.965       35
  2:     0.947  0.008  0.037  0.009       36
  3:     0.973  0.010  0.011  0.006       33
  4:     0.025  0.014  0.940  0.022       40
  5:     0.115  0.005  0.875  0.005       39
  6:     0.071  0.685  0.038  0.206       40
  7:     0.018  0.868  0.033  0.082       37
  8:     0.981  0.004  0.008  0.007       40
  9:     0.006  0.007  0.042  0.945       28
 10:     0.019  0.160  0.777  0.044       14
 11:     0.008  0.969  0.012  0.011       13
 12:     0.822  0.005  0.168  0.005       14
 13:     0.974  0.009  0.011  0.006       25
 14:     0.952  0.020  0.020  0.008       40
 15:     0.025  0.028  0.909  0.038       32
 16:     0.005  0.984  0.005  0.006       20
 17:     0.013  0.156  0.010  0.821        4
 18:     0.019  0.011  0.009  0.960       23
 19:     0.007  0.012  0.008  0.973       39
 20:     0.005  0.032  0.005  0.958       38
 21:     0.857  0.008  0.129  0.005       45
 22:     0.884  0.015  0.095  0.006       28
 23:     0.007  0.028  0.013  0.952        6
 24:     0.047  0.873  0.034  0.046       40
 25:     0.030  0.927  0.013  0.030       42
--------------------------------------------

Allele-freq. divergence among pops (Net nucleotide distance),
computed using point estimates of P.

      1       2       3       4      
 1      -    0.1323  0.1110  0.2018  
 2   0.1323     -    0.1012  0.0775  
 3   0.1110  0.1012     -    0.1523  
 4   0.2018  0.0775  0.1523     -    

Average distances (expected heterozygosity) between individuals in same cluster:
cluster  1  : 0.4582 
cluster  2  : 0.5732 
cluster  3  : 0.4402 
cluster  4  : 0.5009 

--------------------------------------------
Estimated Ln Prob of Data   = -15493.7
Mean value of ln likelihood = -15320.5
Variance of ln likelihood   = 346.4
Mean value of alpha         = 0.0341

Mean value of Fst_1         = 0.3083
Mean value of Fst_2         = 0.1152
Mean value of Fst_3         = 0.3482
Mean value of Fst_4         = 0.3160


Inferred ancestry of individuals:
        Label (%Miss) Pop:  Inferred clusters
  1    ZFB01    (0)    1 :  0.005 0.005 0.004 0.986 
  2    ZFB02    (0)    1 :  0.004 0.007 0.004 0.985 
  3    ZFB03    (0)    1 :  0.006 0.007 0.009 0.978 
  4    ZFB04    (0)    1 :  0.005 0.008 0.004 0.984 
  5    ZFB05    (0)    1 :  0.006 0.090 0.020 0.883 
  6    ZFB06    (0)    1 :  0.007 0.064 0.014 0.916 
  7    ZFB07    (9)    1 :  0.009 0.016 0.006 0.970 
  8    ZFB08    (0)    1 :  0.006 0.007 0.006 0.982 
  9    ZFB09    (0)    1 :  0.003 0.005 0.004 0.988 
 10    ZFB10    (0)    1 :  0.014 0.006 0.004 0.975 
 11    ZFB11    (0)    1 :  0.007 0.007 0.004 0.981 
 12    ZFB12    (0)    1 :  0.005 0.008 0.005 0.983 
 13    ZFB13    (0)    1 :  0.007 0.007 0.005 0.982 
 14    ZFB14    (0)    1 :  0.006 0.005 0.004 0.985 
 15    ZFB15    (0)    1 :  0.003 0.006 0.003 0.989 
 16    ZFB16    (0)    1 :  0.005 0.008 0.003 0.984 
 17    ZFB17    (0)    1 :  0.015 0.042 0.012 0.931 
 18    ZFB18    (0)    1 :  0.004 0.005 0.004 0.987 
 19    ZFB19    (0)    1 :  0.024 0.020 0.005 0.951 
 20    ZFB20    (0)    1 :  0.005 0.008 0.003 0.984 
 21    ZFB21    (0)    1 :  0.003 0.006 0.004 0.988 
 22    ZFB22    (0)    1 :  0.019 0.020 0.007 0.954 
 23    ZFB23    (0)    1 :  0.008 0.010 0.006 0.976 
 24    ZFB24    (0)    1 :  0.007 0.008 0.004 0.982 
 25    ZFB25    (0)    1 :  0.024 0.006 0.006 0.965 
 26    ZFB26    (0)    1 :  0.019 0.015 0.006 0.960 
 27    ZFB27    (0)    1 :  0.009 0.010 0.004 0.977 
 28    ZFB28    (0)    1 :  0.006 0.023 0.010 0.960 
 29    ZFB29    (0)    1 :  0.003 0.007 0.004 0.985 
 30    ZFB30    (0)    1 :  0.012 0.247 0.008 0.734 
 31    ZFB31    (0)    1 :  0.014 0.006 0.005 0.976 
 32    ZFB32    (0)    1 :  0.009 0.024 0.022 0.945 
 33    ZFB33    (0)    1 :  0.004 0.005 0.003 0.987 
 34    ZFB34    (0)    1 :  0.004 0.004 0.005 0.987 
 35    ZFB35    (0)    1 :  0.007 0.006 0.005 0.982 
 36  ZFBP101    (0)    2 :  0.855 0.014 0.114 0.018 
 37  ZFBP102    (0)    2 :  0.938 0.014 0.021 0.027 
 38  ZFBP103    (0)    2 :  0.677 0.009 0.306 0.008 
 39  ZFBP104    (0)    2 :  0.909 0.034 0.005 0.052 
 40  ZFBP105    (0)    2 :  0.975 0.007 0.010 0.008 
 41  ZFBP106    (0)    2 :  0.980 0.004 0.012 0.004 
 42  ZFBP107    (0)    2 :  0.956 0.021 0.014 0.009 
 43  ZFBP108    (0)    2 :  0.988 0.004 0.005 0.004 
 44  ZFBP109    (0)    2 :  0.986 0.004 0.006 0.005 
 45  ZFBP110    (0)    2 :  0.687 0.019 0.264 0.030 
 46  ZFBP111    (0)    2 :  0.988 0.004 0.005 0.003 
 47  ZFBP112    (0)    2 :  0.981 0.007 0.008 0.005 
 48  ZFBP113    (0)    2 :  0.986 0.006 0.004 0.005 
 49  ZFBP114    (0)    2 :  0.981 0.007 0.007 0.004 
 50  ZFBP115    (0)    2 :  0.976 0.006 0.015 0.003 
 51  ZFBP116    (0)    2 :  0.985 0.006 0.006 0.003 
 52  ZFBP117    (0)    2 :  0.985 0.004 0.008 0.003 
 53  ZFBP118    (0)    2 :  0.983 0.007 0.005 0.004 
 54  ZFBP119    (0)    2 :  0.963 0.005 0.028 0.004 
 55  ZFBP120    (0)    2 :  0.979 0.007 0.006 0.008 
 56  ZFBP121    (0)    2 :  0.977 0.005 0.012 0.006 
 57  ZFBP122    (9)    2 :  0.985 0.005 0.006 0.004 
 58  ZFBP123    (0)    2 :  0.976 0.008 0.011 0.005 
 59  ZFBP124    (0)    2 :  0.981 0.005 0.006 0.007 
 60  ZFBP125    (0)    2 :  0.988 0.004 0.006 0.003 
 61  ZFBP126    (0)    2 :  0.931 0.022 0.026 0.022 
 62  ZFBP127    (0)    2 :  0.980 0.004 0.012 0.003 
 63  ZFBP128    (0)    2 :  0.986 0.003 0.007 0.004 
 64  ZFBP129    (0)    2 :  0.983 0.004 0.008 0.005 
 65  ZFBP130    (0)    2 :  0.986 0.004 0.007 0.002 
 66  ZFBP131    (0)    2 :  0.986 0.005 0.005 0.004 
 67  ZFBP132    (0)    2 :  0.984 0.004 0.008 0.004 
 68  ZFBP133    (0)    2 :  0.989 0.003 0.005 0.004 
 69  ZFBP134    (0)    2 :  0.976 0.005 0.016 0.004 
 70  ZFBP135    (0)    2 :  0.683 0.009 0.282 0.025 
 71  ZFBP136    (0)    2 :  0.937 0.007 0.052 0.004 
 72  ZFBP201    (0)    3 :  0.977 0.008 0.009 0.006 
 73  ZFBP202    (0)    3 :  0.984 0.004 0.006 0.006 
 74  ZFBP203    (0)    3 :  0.945 0.038 0.006 0.011 
 75  ZFBP204    (0)    3 :  0.964 0.007 0.024 0.005 
 76  ZFBP205    (0)    3 :  0.983 0.006 0.007 0.004 
 77  ZFBP206    (0)    3 :  0.976 0.007 0.010 0.007 
 78  ZFBP207    (0)    3 :  0.967 0.004 0.025 0.004 
 79  ZFBP208    (0)    3 :  0.975 0.013 0.007 0.005 
 80  ZFBP209    (0)    3 :  0.989 0.003 0.005 0.003 
 81  ZFBP210    (0)    3 :  0.979 0.009 0.007 0.006 
 82  ZFBP211    (0)    3 :  0.984 0.004 0.006 0.006 
 83  ZFBP212    (0)    3 :  0.985 0.004 0.006 0.005 
 84  ZFBP213    (0)    3 :  0.968 0.007 0.014 0.011 
 85  ZFBP214    (0)    3 :  0.934 0.008 0.050 0.008 
 86  ZFBP215    (0)    3 :  0.985 0.004 0.006 0.005 
 87  ZFBP216    (0)    3 :  0.973 0.014 0.007 0.006 
 88  ZFBP217    (0)    3 :  0.983 0.004 0.008 0.005 
 89  ZFBP218    (0)    3 :  0.989 0.004 0.003 0.003 
 90  ZFBP219    (0)    3 :  0.987 0.005 0.004 0.004 
 91  ZFBP220    (0)    3 :  0.983 0.005 0.009 0.003 
 92  ZFBP221    (0)    3 :  0.988 0.004 0.004 0.004 
 93  ZFBP222    (0)    3 :  0.980 0.006 0.007 0.007 
 94  ZFBP223    (0)    3 :  0.953 0.007 0.034 0.006 
 95  ZFBP224    (0)    3 :  0.982 0.006 0.007 0.006 
 96  ZFBP225    (0)    3 :  0.980 0.006 0.011 0.003 
 97  ZFBP226    (0)    3 :  0.985 0.006 0.005 0.004 
 98  ZFBP227    (0)    3 :  0.842 0.108 0.009 0.041 
 99  ZFBP228    (0)    3 :  0.976 0.004 0.015 0.005 
100  ZFBP229    (0)    3 :  0.986 0.005 0.006 0.003 
101  ZFBP230    (0)    3 :  0.980 0.005 0.011 0.003 
102  ZFBP231    (0)    3 :  0.983 0.006 0.006 0.006 
103  ZFBP232    (0)    3 :  0.987 0.004 0.005 0.004 
104  ZFBP233    (0)    3 :  0.982 0.006 0.006 0.006 
105   ZFCC01    (0)    4 :  0.005 0.005 0.968 0.022 
106   ZFCC03    (0)    4 :  0.005 0.004 0.986 0.005 
107   ZFCC04    (0)    4 :  0.005 0.005 0.981 0.009 
108   ZFCC05    (0)    4 :  0.006 0.006 0.979 0.009 
109   ZFCC08    (0)    4 :  0.023 0.005 0.965 0.007 
110   ZFCC09    (0)    4 :  0.005 0.004 0.983 0.009 
111   ZFCC10    (0)    4 :  0.006 0.005 0.964 0.026 
112   ZFCC11    (0)    4 :  0.005 0.004 0.983 0.007 
113   ZFCC12    (0)    4 :  0.006 0.016 0.881 0.097 
114   ZFCC13    (0)    4 :  0.012 0.012 0.971 0.005 
115   ZFCC14    (0)    4 :  0.008 0.009 0.965 0.018 
116   ZFCC15    (0)    4 :  0.005 0.010 0.977 0.007 
117   ZFCC16    (0)    4 :  0.004 0.007 0.978 0.010 
118   ZFCC17    (0)    4 :  0.003 0.008 0.978 0.011 
119   ZFCC18    (0)    4 :  0.005 0.004 0.981 0.009 
120   ZFCC19    (0)    4 :  0.004 0.020 0.965 0.011 
121   ZFCC20    (0)    4 :  0.005 0.005 0.985 0.006 
122   ZFCC21    (0)    4 :  0.124 0.060 0.795 0.021 
123   ZFCC22    (0)    4 :  0.524 0.013 0.446 0.018 
124   ZFCC26    (0)    4 :  0.005 0.005 0.981 0.009 
125   ZFCC27    (0)    4 :  0.004 0.004 0.988 0.004 
126   ZFCC29    (0)    4 :  0.005 0.010 0.969 0.016 
127   ZFCC30    (0)    4 :  0.004 0.004 0.989 0.003 
128   ZFCC32    (0)    4 :  0.006 0.010 0.973 0.011 
129   ZFCC33    (0)    4 :  0.004 0.008 0.980 0.009 
130   ZFCC34    (0)    4 :  0.028 0.008 0.945 0.020 
131   ZFCC35    (0)    4 :  0.005 0.005 0.986 0.004 
132   ZFCC36    (0)    4 :  0.015 0.024 0.952 0.008 
133   ZFCC37    (0)    4 :  0.010 0.037 0.866 0.088 
134   ZFCC40    (0)    4 :  0.007 0.008 0.972 0.013 
135   ZFCC42    (0)    4 :  0.006 0.148 0.627 0.219 
136   ZFCC44    (0)    4 :  0.003 0.004 0.989 0.004 
137   ZFCC45    (9)    4 :  0.005 0.020 0.941 0.034 
138   ZFCC46    (0)    4 :  0.014 0.005 0.977 0.004 
139   ZFCC47    (0)    4 :  0.007 0.008 0.916 0.068 
140   ZFCC48    (0)    4 :  0.072 0.013 0.902 0.013 
141   ZFCC50    (0)    4 :  0.004 0.006 0.980 0.011 
142   ZFCC51    (0)    4 :  0.004 0.004 0.987 0.006 
143   ZFCC52    (0)    4 :  0.014 0.007 0.972 0.006 
144   ZFCC53    (0)    4 :  0.003 0.004 0.988 0.005 
145  ZFCNS01    (0)    5 :  0.018 0.019 0.959 0.004 
146  ZFCNS02    (0)    5 :  0.012 0.003 0.981 0.003 
147  ZFCNS05    (0)    5 :  0.020 0.004 0.969 0.007 
148  ZFCNS06    (0)    5 :  0.013 0.004 0.979 0.005 
149  ZFCNS07    (0)    5 :  0.429 0.005 0.561 0.005 
150  ZFCNS10    (0)    5 :  0.072 0.004 0.921 0.003 
151  ZFCNS11    (0)    5 :  0.014 0.008 0.975 0.004 
152  ZFCNS15    (0)    5 :  0.825 0.006 0.162 0.007 
153  ZFCNS17    (0)    5 :  0.012 0.003 0.981 0.004 
154  ZFCNS18    (0)    5 :  0.031 0.004 0.961 0.004 
155  ZFCNS19    (0)    5 :  0.007 0.004 0.985 0.004 
156  ZFCNS20    (0)    5 :  0.134 0.006 0.855 0.005 
157  ZFCNS21    (0)    5 :  0.007 0.004 0.985 0.004 
158  ZFCNS22    (0)    5 :  0.130 0.006 0.857 0.008 
159  ZFCNS23    (0)    5 :  0.013 0.004 0.978 0.005 
160  ZFCNS24    (0)    5 :  0.009 0.004 0.985 0.003 
161  ZFCNS25    (0)    5 :  0.059 0.004 0.933 0.004 
162  ZFCNS26    (0)    5 :  0.305 0.005 0.683 0.008 
163  ZFCNS27    (0)    5 :  0.910 0.006 0.078 0.006 
164  ZFCNS28    (0)    5 :  0.017 0.004 0.971 0.008 
165  ZFCNS29    (0)    5 :  0.014 0.004 0.977 0.004 
166  ZFCNS30    (0)    5 :  0.009 0.004 0.983 0.005 
167  ZFCNS31    (0)    5 :  0.052 0.005 0.937 0.006 
168  ZFCNS32    (0)    5 :  0.038 0.004 0.951 0.007 
169  ZFCNS33    (0)    5 :  0.026 0.004 0.966 0.004 
170  ZFCNS34    (0)    5 :  0.006 0.004 0.987 0.004 
171  ZFCNS35    (0)    5 :  0.021 0.004 0.968 0.007 
172  ZFCNS36    (0)    5 :  0.007 0.004 0.986 0.003 
173  ZFCNS37    (0)    5 :  0.058 0.007 0.930 0.005 
174  ZFCNS39    (0)    5 :  0.011 0.004 0.982 0.003 
175  ZFCNS40    (0)    5 :  0.038 0.005 0.954 0.003 
176  ZFCNS41    (0)    5 :  0.198 0.012 0.784 0.006 
177  ZFCNS42    (0)    5 :  0.053 0.005 0.937 0.005 
178  ZFCNS43    (0)    5 :  0.007 0.004 0.985 0.004 
179  ZFCNS44    (0)    5 :  0.018 0.005 0.974 0.004 
180  ZFCNS46    (0)    5 :  0.022 0.006 0.968 0.004 
181  ZFCNS47    (0)    5 :  0.012 0.004 0.980 0.004 
182  ZFCNS48    (0)    5 :  0.050 0.005 0.941 0.004 
183  ZFCNS49    (0)    5 :  0.795 0.005 0.195 0.005 
184   ZFCR01    (0)    6 :  0.068 0.371 0.010 0.552 
185   ZFCR02    (0)    6 :  0.021 0.914 0.014 0.051 
186   ZFCR03    (0)    6 :  0.055 0.299 0.021 0.625 
187   ZFCR04    (0)    6 :  0.050 0.202 0.031 0.716 
188   ZFCR05    (0)    6 :  0.008 0.867 0.015 0.110 
189   ZFCR06    (0)    6 :  0.185 0.483 0.209 0.123 
190   ZFCR07    (0)    6 :  0.018 0.799 0.121 0.063 
191   ZFCR08    (0)    6 :  0.039 0.849 0.031 0.081 
192   ZFCR09    (0)    6 :  0.114 0.291 0.110 0.485 
193   ZFCR11    (0)    6 :  0.122 0.540 0.024 0.314 
194   ZFCR12    (0)    6 :  0.089 0.709 0.184 0.018 
195   ZFCR13    (0)    6 :  0.086 0.893 0.009 0.012 
196   ZFCR14    (0)    6 :  0.015 0.934 0.012 0.039 
197   ZFCR15    (0)    6 :  0.018 0.926 0.011 0.046 
198   ZFCR16    (0)    6 :  0.033 0.876 0.009 0.082 
199   ZFCR18    (0)    6 :  0.039 0.080 0.090 0.790 
200   ZFCR19    (0)    6 :  0.235 0.179 0.044 0.542 
201   ZFCR20    (0)    6 :  0.050 0.039 0.010 0.902 
202   ZFCR21    (0)    6 :  0.025 0.933 0.018 0.024 
203   ZFCR22    (0)    6 :  0.013 0.967 0.005 0.014 
204   ZFCR23    (0)    6 :  0.097 0.870 0.005 0.028 
205   ZFCR24    (9)    6 :  0.475 0.280 0.008 0.237 
206   ZFCR25    (0)    6 :  0.005 0.955 0.005 0.034 
207   ZFCR26    (0)    6 :  0.102 0.526 0.035 0.338 
208   ZFCR27    (9)    6 :  0.004 0.888 0.005 0.103 
209   ZFCR28    (0)    6 :  0.371 0.598 0.022 0.009 
210   ZFCR29    (0)    6 :  0.020 0.635 0.009 0.336 
211   ZFCR30    (0)    6 :  0.009 0.971 0.007 0.013 
212   ZFCR31    (0)    6 :  0.202 0.300 0.083 0.415 
213   ZFCR33    (0)    6 :  0.012 0.923 0.032 0.033 
214   ZFCR34    (0)    6 :  0.027 0.904 0.034 0.035 
215   ZFCR35    (0)    6 :  0.020 0.151 0.035 0.794 
216   ZFCR36    (0)    6 :  0.011 0.876 0.019 0.093 
217   ZFCR37    (0)    6 :  0.006 0.944 0.022 0.029 
218   ZFCR38    (0)    6 :  0.008 0.928 0.022 0.042 
219   ZFCR39    (0)    6 :  0.027 0.944 0.015 0.014 
220   ZFCR40    (0)    6 :  0.007 0.968 0.010 0.016 
221   ZFCR41    (0)    6 :  0.029 0.840 0.120 0.011 
222   ZFCR42    (0)    6 :  0.038 0.908 0.045 0.009 
223   ZFCR43    (0)    6 :  0.089 0.830 0.007 0.074 
224  ZFENP25    (0)    7 :  0.021 0.889 0.018 0.073 
225  ZFENP26    (0)    7 :  0.003 0.979 0.005 0.012 
226  ZFENP27    (0)    7 :  0.035 0.240 0.382 0.344 
227  ZFENP28    (0)    7 :  0.005 0.962 0.011 0.022 
228  ZFENP29    (0)    7 :  0.004 0.981 0.009 0.007 
229  ZFENP30    (0)    7 :  0.006 0.951 0.032 0.011 
230  ZFENP31    (0)    7 :  0.006 0.952 0.023 0.019 
231  ZFENP32    (0)    7 :  0.019 0.689 0.059 0.233 
232  ZFENP33    (0)    7 :  0.006 0.925 0.008 0.061 
233  ZFENP34    (0)    7 :  0.017 0.275 0.062 0.647 
234  ZFENP35    (0)    7 :  0.006 0.976 0.007 0.011 
235  ZFENP36    (0)    7 :  0.003 0.973 0.007 0.017 
236  ZFENP37    (0)    7 :  0.007 0.908 0.016 0.069 
237  ZFENP38    (0)    7 :  0.008 0.962 0.021 0.009 
238  ZFENP39    (0)    7 :  0.004 0.954 0.011 0.032 
239  ZFENP40    (0)    7 :  0.006 0.946 0.010 0.038 
240  ZFENP41    (0)    7 :  0.006 0.935 0.042 0.017 
241  ZFENP42    (0)    7 :  0.004 0.988 0.004 0.004 
242  ZFENP43    (0)    7 :  0.016 0.881 0.081 0.022 
243  ZFENP44    (0)    7 :  0.006 0.968 0.016 0.010 
244  ZFENP45    (0)    7 :  0.203 0.771 0.015 0.011 
245  ZFENP46    (0)    7 :  0.013 0.961 0.006 0.020 
246  ZFENP47    (0)    7 :  0.023 0.910 0.024 0.043 
247  ZFENP48    (0)    7 :  0.037 0.211 0.101 0.650 
248  ZFENP49    (0)    7 :  0.023 0.755 0.033 0.188 
249  ZFENP50    (0)    7 :  0.021 0.965 0.005 0.008 
250  ZFENP51    (0)    7 :  0.012 0.922 0.006 0.060 
251  ZFENP52    (0)    7 :  0.009 0.966 0.021 0.005 
252  ZFENP53    (0)    7 :  0.021 0.960 0.010 0.009 
253  ZFENP54    (0)    7 :  0.040 0.918 0.018 0.023 
254  ZFENP55    (0)    7 :  0.006 0.806 0.004 0.183 
255  ZFENP56    (0)    7 :  0.006 0.969 0.011 0.014 
256  ZFENP57    (0)    7 :  0.005 0.964 0.010 0.022 
257  ZFENP58    (0)    7 :  0.026 0.875 0.084 0.015 
258  ZFENP59    (0)    7 :  0.005 0.954 0.026 0.015 
259  ZFENP60    (0)    7 :  0.009 0.922 0.008 0.061 
260  ZFENP61    (0)    7 :  0.003 0.942 0.011 0.043 
261 ZFFDSP01    (0)    8 :  0.985 0.004 0.006 0.005 
262 ZFFDSP02    (0)    8 :  0.988 0.003 0.005 0.004 
263 ZFFDSP04    (0)    8 :  0.988 0.003 0.004 0.006 
264 ZFFDSP05    (0)    8 :  0.987 0.004 0.005 0.004 
265 ZFFDSP06    (0)    8 :  0.988 0.003 0.005 0.004 
266 ZFFDSP07    (0)    8 :  0.978 0.007 0.011 0.005 
267 ZFFDSP08    (0)    8 :  0.976 0.006 0.014 0.004 
268 ZFFDSP10    (0)    8 :  0.985 0.005 0.006 0.004 
269 ZFFDSP11    (0)    8 :  0.986 0.005 0.005 0.005 
270 ZFFDSP12    (0)    8 :  0.988 0.004 0.005 0.003 
271 ZFFDSP13    (0)    8 :  0.962 0.008 0.026 0.004 
272 ZFFDSP14    (0)    8 :  0.984 0.004 0.007 0.005 
273 ZFFDSP16    (0)    8 :  0.977 0.006 0.010 0.007 
274 ZFFDSP17    (0)    8 :  0.986 0.004 0.006 0.004 
275 ZFFDSP18    (0)    8 :  0.983 0.003 0.007 0.007 
276 ZFFDSP19    (0)    8 :  0.969 0.003 0.021 0.006 
277 ZFFDSP21    (0)    8 :  0.979 0.004 0.014 0.003 
278 ZFFDSP22    (0)    8 :  0.989 0.003 0.005 0.003 
279 ZFFDSP23    (0)    8 :  0.989 0.003 0.005 0.003 
280 ZFFDSP24    (0)    8 :  0.984 0.004 0.007 0.005 
281 ZFFDSP26    (9)    8 :  0.986 0.004 0.006 0.004 
282 ZFFDSP27    (0)    8 :  0.984 0.004 0.006 0.006 
283 ZFFDSP28    (0)    8 :  0.879 0.018 0.021 0.083 
284 ZFFDSP30    (0)    8 :  0.965 0.005 0.016 0.014 
285 ZFFDSP31    (0)    8 :  0.984 0.004 0.007 0.005 
286 ZFFDSP32    (0)    8 :  0.988 0.004 0.004 0.004 
287 ZFFDSP33    (0)    8 :  0.989 0.003 0.004 0.004 
288 ZFFDSP34    (0)    8 :  0.986 0.003 0.007 0.004 
289 ZFFDSP35    (0)    8 :  0.985 0.004 0.006 0.005 
290 ZFFDSP37    (0)    8 :  0.986 0.004 0.005 0.004 
291 ZFFDSP38    (0)    8 :  0.986 0.004 0.005 0.005 
292 ZFFDSP39    (0)    8 :  0.988 0.003 0.005 0.004 
293 ZFFDSP40    (0)    8 :  0.985 0.004 0.006 0.006 
294 ZFFDSP42    (0)    8 :  0.987 0.003 0.006 0.003 
295 ZFFDSP43    (0)    8 :  0.988 0.003 0.005 0.004 
296 ZFFDSP44    (0)    8 :  0.985 0.004 0.006 0.005 
297 ZFFDSP45    (0)    8 :  0.985 0.004 0.007 0.005 
298 ZFFDSP46    (0)    8 :  0.985 0.004 0.006 0.005 
299 ZFFDSP47    (0)    8 :  0.987 0.003 0.006 0.004 
300 ZFFDSP48    (0)    8 :  0.986 0.004 0.006 0.004 
301    ZFI01    (0)    9 :  0.005 0.007 0.011 0.977 
302    ZFI02    (0)    9 :  0.006 0.008 0.005 0.981 
303    ZFI03    (0)    9 :  0.004 0.006 0.008 0.981 
304    ZFI04    (0)    9 :  0.004 0.006 0.006 0.984 
305    ZFI05    (0)    9 :  0.006 0.006 0.012 0.976 
306    ZFI06    (0)    9 :  0.015 0.008 0.014 0.963 
307    ZFI07    (0)    9 :  0.004 0.006 0.005 0.985 
308    ZFI08    (0)    9 :  0.004 0.008 0.004 0.984 
309    ZFI09    (0)    9 :  0.004 0.006 0.006 0.984 
310    ZFI10    (0)    9 :  0.009 0.008 0.014 0.969 
311    ZFI11    (0)    9 :  0.004 0.005 0.006 0.985 
312    ZFI12    (0)    9 :  0.006 0.007 0.013 0.975 
313    ZFI13    (0)    9 :  0.004 0.006 0.008 0.981 
314    ZFI14    (0)    9 :  0.011 0.006 0.009 0.975 
315    ZFI15    (0)    9 :  0.004 0.004 0.006 0.985 
316    ZFI16    (0)    9 :  0.004 0.004 0.007 0.985 
317    ZFI17    (0)    9 :  0.004 0.009 0.006 0.981 
318    ZFI18    (0)    9 :  0.004 0.007 0.005 0.985 
319    ZFI19    (9)    9 :  0.004 0.006 0.005 0.985 
320    ZFI20    (0)    9 :  0.006 0.006 0.005 0.982 
321    ZFI21    (0)    9 :  0.021 0.006 0.011 0.962 
322    ZFI22    (0)    9 :  0.005 0.005 0.006 0.983 
323    ZFI23    (0)    9 :  0.004 0.005 0.007 0.984 
324    ZFI24    (0)    9 :  0.005 0.005 0.013 0.977 
325    ZFI25    (0)    9 :  0.005 0.006 0.007 0.982 
326    ZFI26    (0)    9 :  0.004 0.006 0.007 0.984 
327    ZFI27    (0)    9 :  0.006 0.008 0.018 0.968 
328    ZFK01    (0)    9 :  0.011 0.020 0.961 0.008 
329    ZFK02    (0)   10 :  0.011 0.015 0.962 0.012 
330    ZFK03    (0)   10 :  0.009 0.028 0.949 0.014 
331    ZFK04    (0)   10 :  0.010 0.076 0.782 0.131 
332    ZFK05    (0)   10 :  0.005 0.084 0.832 0.079 
333    ZFK06    (0)   10 :  0.009 0.118 0.795 0.078 
334    ZFK07    (0)   10 :  0.011 0.047 0.936 0.006 
335    ZFK08    (0)   10 :  0.014 0.594 0.246 0.146 
336    ZFK10    (0)   10 :  0.011 0.028 0.862 0.098 
337    ZFK11    (0)   10 :  0.007 0.266 0.708 0.019 
338    ZFK12    (0)   10 :  0.026 0.144 0.823 0.006 
339    ZFK13    (0)   10 :  0.069 0.287 0.638 0.006 
340    ZFK14    (0)   10 :  0.017 0.017 0.961 0.006 
341    ZFK15    (0)   10 :  0.031 0.446 0.509 0.013 
342    ZFK16    (0)   10 :  0.033 0.092 0.870 0.004 
343   ZFLB01    (0)   11 :  0.009 0.979 0.005 0.007 
344   ZFLB02    (0)   11 :  0.005 0.977 0.004 0.014 
345   ZFLB03    (0)   11 :  0.006 0.973 0.016 0.005 
346   ZFLB04    (0)   11 :  0.037 0.885 0.058 0.019 
347   ZFLB05    (0)   11 :  0.006 0.972 0.007 0.015 
348   ZFLB06    (0)   11 :  0.006 0.978 0.009 0.008 
349   ZFLB07    (0)   11 :  0.013 0.963 0.019 0.005 
350   ZFLB08    (0)   11 :  0.004 0.978 0.005 0.013 
351   ZFLB09    (9)   11 :  0.005 0.967 0.007 0.021 
352   ZFLB10    (0)   11 :  0.005 0.970 0.008 0.016 
353   ZFLB11    (0)   11 :  0.005 0.985 0.006 0.004 
354   ZFLB12    (0)   11 :  0.003 0.982 0.005 0.009 
355   ZFLB13    (0)   11 :  0.005 0.981 0.006 0.007 
356  ZFLTI01    (0)   12 :  0.898 0.005 0.092 0.004 
357  ZFLTI02    (0)   12 :  0.468 0.005 0.522 0.005 
358  ZFLTI03    (0)   12 :  0.948 0.004 0.045 0.004 
359  ZFLTI04    (0)   12 :  0.866 0.006 0.120 0.007 
360  ZFLTI05    (0)   12 :  0.942 0.005 0.050 0.004 
361  ZFLTI06    (0)   12 :  0.985 0.003 0.008 0.004 
362  ZFLTI07    (0)   12 :  0.969 0.005 0.021 0.005 
363  ZFLTI08    (0)   12 :  0.927 0.007 0.059 0.008 
364  ZFLTI09    (0)   12 :  0.973 0.004 0.015 0.008 
365  ZFLTI10    (0)   12 :  0.966 0.004 0.025 0.005 
366  ZFLTI11    (0)   12 :  0.984 0.003 0.009 0.004 
367  ZFLTI12    (0)   12 :  0.958 0.004 0.034 0.004 
368  ZFLTI13    (0)   12 :  0.546 0.006 0.442 0.006 
369  ZFLTI14    (0)   12 :  0.076 0.005 0.913 0.006 
370 ZFONF101    (0)   13 :  0.991 0.003 0.003 0.003 
371 ZFONF102    (0)   13 :  0.986 0.006 0.004 0.004 
372 ZFONF103    (0)   13 :  0.969 0.005 0.021 0.005 
373 ZFONF104    (0)   13 :  0.990 0.002 0.004 0.003 
374 ZFONF105    (0)   13 :  0.988 0.003 0.006 0.003 
375 ZFONF106    (0)   13 :  0.988 0.003 0.004 0.004 
376 ZFONF107    (0)   13 :  0.898 0.051 0.023 0.027 
377 ZFONF108    (0)   13 :  0.955 0.011 0.028 0.007 
378 ZFONF109    (9)   13 :  0.971 0.006 0.017 0.006 
379 ZFONF110    (0)   13 :  0.989 0.003 0.005 0.003 
380 ZFONF111    (0)   13 :  0.963 0.017 0.008 0.013 
381 ZFONF112    (0)   13 :  0.988 0.003 0.006 0.003 
382 ZFONF113    (9)   13 :  0.985 0.005 0.006 0.003 
383 ZFONF115    (0)   13 :  0.982 0.004 0.009 0.005 
384 ZFONF116    (0)   13 :  0.983 0.004 0.008 0.006 
385 ZFONF117    (0)   13 :  0.976 0.005 0.014 0.004 
386 ZFONF118    (0)   13 :  0.981 0.004 0.010 0.006 
387 ZFONF119    (0)   13 :  0.980 0.006 0.010 0.004 
388 ZFONF120    (0)   13 :  0.976 0.006 0.014 0.004 
389 ZFONF121    (0)   13 :  0.985 0.005 0.006 0.004 
390 ZFONF122    (0)   13 :  0.957 0.006 0.031 0.006 
391 ZFONF123    (0)   13 :  0.966 0.021 0.006 0.008 
392 ZFONF124    (0)   13 :  0.983 0.006 0.008 0.003 
393 ZFONF125    (0)   13 :  0.933 0.044 0.016 0.007 
394 ZFONF126    (0)   13 :  0.979 0.005 0.012 0.005 
395 ZFONF201    (0)   14 :  0.774 0.074 0.059 0.093 
396 ZFONF202    (0)   14 :  0.985 0.003 0.009 0.003 
397 ZFONF203    (0)   14 :  0.972 0.016 0.008 0.005 
398 ZFONF204    (0)   14 :  0.766 0.070 0.142 0.022 
399 ZFONF206    (0)   14 :  0.654 0.308 0.014 0.024 
400 ZFONF207    (0)   14 :  0.971 0.014 0.010 0.005 
401 ZFONF208    (0)   14 :  0.970 0.009 0.016 0.005 
402 ZFONF209    (0)   14 :  0.783 0.021 0.180 0.016 
403 ZFONF210    (0)   14 :  0.983 0.003 0.011 0.003 
404 ZFONF211    (0)   14 :  0.976 0.005 0.016 0.003 
405 ZFONF212    (0)   14 :  0.990 0.004 0.004 0.002 
406 ZFONF214    (0)   14 :  0.983 0.006 0.008 0.003 
407 ZFONF215    (0)   14 :  0.989 0.003 0.005 0.003 
408 ZFONF216    (0)   14 :  0.985 0.005 0.008 0.003 
409 ZFONF217    (0)   14 :  0.985 0.004 0.008 0.003 
410 ZFONF218    (0)   14 :  0.961 0.026 0.005 0.007 
411 ZFONF219    (0)   14 :  0.990 0.004 0.004 0.002 
412 ZFONF220    (0)   14 :  0.985 0.004 0.008 0.004 
413 ZFONF222    (0)   14 :  0.969 0.017 0.009 0.005 
414 ZFONF223    (0)   14 :  0.974 0.016 0.004 0.006 
415 ZFONF224    (0)   14 :  0.984 0.006 0.007 0.003 
416 ZFONF225    (0)   14 :  0.989 0.003 0.006 0.002 
417 ZFONF226    (0)   14 :  0.983 0.005 0.009 0.003 
418 ZFONF227    (0)   14 :  0.990 0.003 0.005 0.002 
419 ZFONF228    (0)   14 :  0.989 0.003 0.005 0.003 
420 ZFONF230    (0)   14 :  0.990 0.003 0.005 0.002 
421 ZFONF231    (0)   14 :  0.978 0.004 0.016 0.003 
422 ZFONF232    (0)   14 :  0.989 0.004 0.004 0.002 
423 ZFONF233    (0)   14 :  0.979 0.006 0.011 0.003 
424 ZFONF234    (0)   14 :  0.964 0.025 0.008 0.003 
425 ZFONF235    (0)   14 :  0.984 0.004 0.009 0.002 
426 ZFONF236    (0)   14 :  0.875 0.040 0.063 0.022 
427 ZFONF238    (0)   14 :  0.983 0.007 0.006 0.004 
428 ZFONF239    (0)   14 :  0.880 0.034 0.055 0.031 
429 ZFONF240    (0)   14 :  0.979 0.003 0.016 0.002 
430 ZFONF241    (0)   14 :  0.978 0.011 0.006 0.005 
431 ZFONF242    (0)   14 :  0.981 0.005 0.010 0.003 
432 ZFONF243    (0)   14 :  0.980 0.005 0.012 0.003 
433 ZFONF244    (0)   14 :  0.986 0.004 0.007 0.003 
434 ZFONF245    (0)   14 :  0.982 0.005 0.011 0.002 
435   ZFOS01    (0)   15 :  0.030 0.006 0.959 0.005 
436   ZFOS02    (0)   15 :  0.032 0.012 0.915 0.041 
437   ZFOS03    (0)   15 :  0.014 0.063 0.900 0.022 
438   ZFOS04    (0)   15 :  0.050 0.008 0.924 0.018 
439   ZFOS05    (0)   15 :  0.024 0.006 0.961 0.009 
440   ZFOS06    (0)   15 :  0.012 0.009 0.973 0.005 
441   ZFOS07    (0)   15 :  0.007 0.006 0.945 0.042 
442   ZFOS08    (0)   15 :  0.011 0.005 0.954 0.030 
443   ZFOS09    (0)   15 :  0.111 0.048 0.802 0.040 
444   ZFOS10    (0)   15 :  0.003 0.022 0.907 0.069 
445   ZFOS11    (0)   15 :  0.017 0.049 0.921 0.013 
446   ZFOS12    (0)   15 :  0.026 0.370 0.541 0.063 
447   ZFOS13    (0)   15 :  0.016 0.008 0.957 0.020 
448   ZFOS14    (0)   15 :  0.016 0.052 0.778 0.155 
449   ZFOS15    (0)   15 :  0.004 0.007 0.980 0.009 
450   ZFOS16    (0)   15 :  0.025 0.011 0.947 0.018 
451   ZFOS17    (0)   15 :  0.005 0.011 0.969 0.015 
452   ZFOS18    (0)   15 :  0.004 0.012 0.973 0.011 
453   ZFOS19    (0)   15 :  0.005 0.010 0.978 0.007 
454   ZFOS20    (0)   15 :  0.007 0.009 0.971 0.013 
455   ZFOS21    (0)   15 :  0.016 0.006 0.967 0.011 
456   ZFOS22    (0)   15 :  0.009 0.010 0.977 0.004 
457   ZFOS23    (0)   15 :  0.003 0.038 0.584 0.375 
458   ZFOS24    (0)   15 :  0.004 0.005 0.986 0.005 
459   ZFOS25    (0)   15 :  0.032 0.006 0.954 0.008 
460   ZFOS26    (0)   15 :  0.125 0.007 0.859 0.009 
461   ZFOS27    (0)   15 :  0.018 0.007 0.968 0.007 
462   ZFOS28    (0)   15 :  0.009 0.015 0.940 0.036 
463   ZFOS29    (0)   15 :  0.008 0.010 0.963 0.018 
464   ZFOS30    (0)   15 :  0.014 0.007 0.966 0.013 
465   ZFOS31    (0)   15 :  0.114 0.056 0.723 0.107 
466   ZFOS32    (0)   15 :  0.016 0.009 0.961 0.014 
467   ZFPB01    (0)   16 :  0.003 0.982 0.004 0.010 
468   ZFPB02    (0)   16 :  0.006 0.987 0.004 0.004 
469   ZFPB03    (0)   16 :  0.007 0.967 0.017 0.008 
470   ZFPB05    (0)   16 :  0.004 0.989 0.003 0.004 
471   ZFPB06    (0)   16 :  0.004 0.979 0.007 0.010 
472   ZFPB07    (0)   16 :  0.007 0.986 0.003 0.004 
473   ZFPB08    (0)   16 :  0.007 0.981 0.006 0.006 
474   ZFPB10    (0)   16 :  0.004 0.987 0.005 0.004 
475   ZFPB11    (0)   16 :  0.003 0.989 0.004 0.004 
476   ZFPB12    (0)   16 :  0.003 0.988 0.004 0.005 
477   ZFPB13    (0)   16 :  0.007 0.980 0.005 0.008 
478   ZFPB14    (0)   16 :  0.008 0.984 0.004 0.005 
479   ZFPB15    (0)   16 :  0.009 0.980 0.006 0.005 
480   ZFPB17    (0)   16 :  0.003 0.989 0.004 0.005 
481   ZFPB18    (0)   16 :  0.004 0.989 0.003 0.004 
482   ZFPB19    (0)   16 :  0.006 0.972 0.007 0.016 
483   ZFPB20    (0)   16 :  0.004 0.988 0.003 0.005 
484   ZFPB21    (0)   16 :  0.008 0.981 0.005 0.006 
485   ZFPB22    (0)   16 :  0.003 0.989 0.003 0.005 
486   ZFPB23    (0)   16 :  0.005 0.984 0.004 0.006 
487   ZFSF01    (0)   17 :  0.004 0.080 0.005 0.911 
488   ZFSF02    (0)   17 :  0.037 0.449 0.023 0.490 
489   ZFSF03    (0)   17 :  0.005 0.089 0.004 0.902 
490   ZFSF04    (0)   17 :  0.007 0.007 0.006 0.981 
491  ZFSW101    (0)   18 :  0.047 0.006 0.007 0.939 
492  ZFSW102    (0)   18 :  0.008 0.006 0.007 0.979 
493  ZFSW103    (0)   18 :  0.027 0.007 0.013 0.953 
494  ZFSW104    (9)   18 :  0.025 0.017 0.022 0.936 
495  ZFSW105    (0)   18 :  0.024 0.005 0.006 0.965 
496  ZFSW106    (0)   18 :  0.030 0.040 0.009 0.922 
497  ZFSW107    (0)   18 :  0.006 0.006 0.005 0.983 
498  ZFSW108    (0)   18 :  0.003 0.006 0.005 0.986 
499  ZFSW109    (0)   18 :  0.007 0.004 0.008 0.980 
500  ZFSW110    (0)   18 :  0.022 0.007 0.009 0.962 
501  ZFSW111    (0)   18 :  0.075 0.007 0.012 0.905 
502  ZFSW112    (0)   18 :  0.016 0.007 0.025 0.952 
503  ZFSW113    (0)   18 :  0.030 0.013 0.012 0.945 
504  ZFSW114    (0)   18 :  0.008 0.006 0.007 0.979 
505  ZFSW115    (0)   18 :  0.009 0.025 0.006 0.960 
506  ZFSW116    (0)   18 :  0.019 0.012 0.007 0.961 
507  ZFSW117    (0)   18 :  0.036 0.011 0.013 0.940 
508  ZFSW119    (0)   18 :  0.003 0.009 0.007 0.981 
509  ZFSW120    (0)   18 :  0.002 0.010 0.004 0.984 
510  ZFSW121    (0)   18 :  0.031 0.031 0.014 0.924 
511  ZFSW122    (0)   18 :  0.009 0.005 0.008 0.977 
512  ZFSW123    (0)   18 :  0.004 0.004 0.004 0.988 
513  ZFSW124    (0)   18 :  0.004 0.005 0.007 0.984 
514  ZFSW201    (0)   19 :  0.004 0.010 0.006 0.980 
515  ZFSW202    (0)   19 :  0.004 0.006 0.006 0.984 
516  ZFSW203    (0)   19 :  0.004 0.006 0.007 0.983 
517  ZFSW204    (0)   19 :  0.004 0.008 0.009 0.979 
518  ZFSW205    (0)   19 :  0.005 0.006 0.006 0.983 
519  ZFSW206    (0)   19 :  0.005 0.012 0.005 0.977 
520  ZFSW207    (0)   19 :  0.007 0.005 0.007 0.981 
521  ZFSW208    (0)   19 :  0.005 0.011 0.006 0.978 
522  ZFSW209    (0)   19 :  0.006 0.041 0.006 0.947 
523  ZFSW210    (0)   19 :  0.020 0.007 0.021 0.952 
524  ZFSW211    (0)   19 :  0.009 0.020 0.010 0.960 
525  ZFSW212    (0)   19 :  0.006 0.007 0.008 0.979 
526  ZFSW213    (0)   19 :  0.005 0.004 0.007 0.984 
527  ZFSW214    (0)   19 :  0.006 0.005 0.009 0.979 
528  ZFSW215    (0)   19 :  0.004 0.004 0.006 0.986 
529  ZFSW216    (0)   19 :  0.008 0.009 0.010 0.973 
530  ZFSW217    (0)   19 :  0.004 0.006 0.008 0.983 
531  ZFSW218    (0)   19 :  0.006 0.005 0.007 0.982 
532  ZFSW219    (0)   19 :  0.008 0.021 0.015 0.955 
533  ZFSW220    (0)   19 :  0.005 0.016 0.007 0.972 
534  ZFSW221    (0)   19 :  0.006 0.012 0.010 0.972 
535  ZFSW222    (0)   19 :  0.003 0.006 0.004 0.987 
536  ZFSW223    (0)   19 :  0.004 0.013 0.006 0.977 
537  ZFSW224    (0)   19 :  0.007 0.010 0.008 0.974 
538  ZFSW225    (0)   19 :  0.006 0.008 0.008 0.979 
539  ZFSW226    (0)   19 :  0.005 0.006 0.006 0.983 
540  ZFSW227    (0)   19 :  0.005 0.006 0.006 0.983 
541  ZFSW229    (0)   19 :  0.005 0.009 0.006 0.980 
542  ZFSW230    (0)   19 :  0.011 0.006 0.006 0.977 
543  ZFSW231    (0)   19 :  0.005 0.012 0.007 0.976 
544  ZFSW232    (0)   19 :  0.004 0.007 0.005 0.984 
545  ZFSW233    (0)   19 :  0.007 0.013 0.006 0.974 
546  ZFSW234    (0)   19 :  0.003 0.005 0.004 0.988 
547  ZFSW235    (0)   19 :  0.005 0.008 0.009 0.978 
548  ZFSW236    (0)   19 :  0.005 0.004 0.006 0.985 
549  ZFSW237    (0)   19 :  0.005 0.008 0.010 0.977 
550  ZFSW238    (0)   19 :  0.038 0.101 0.044 0.817 
551  ZFSW239    (0)   19 :  0.006 0.004 0.004 0.985 
552  ZFSW240    (0)   19 :  0.004 0.006 0.005 0.985 
553   ZFTS01    (0)   20 :  0.004 0.016 0.003 0.976 
554   ZFTS02    (0)   20 :  0.007 0.007 0.005 0.981 
555   ZFTS03    (0)   20 :  0.004 0.006 0.004 0.985 
556   ZFTS04    (0)   20 :  0.004 0.015 0.004 0.977 
557   ZFTS05    (0)   20 :  0.006 0.204 0.008 0.782 
558   ZFTS07    (0)   20 :  0.004 0.060 0.004 0.931 
559   ZFTS08    (0)   20 :  0.003 0.009 0.004 0.984 
560   ZFTS09    (0)   20 :  0.003 0.022 0.003 0.972 
561   ZFTS10    (0)   20 :  0.004 0.007 0.004 0.985 
562   ZFTS11    (0)   20 :  0.004 0.014 0.004 0.978 
563   ZFTS12    (0)   20 :  0.004 0.021 0.006 0.969 
564   ZFTS14    (0)   20 :  0.005 0.039 0.004 0.952 
565   ZFTS15    (0)   20 :  0.007 0.060 0.004 0.928 
566   ZFTS16    (0)   20 :  0.006 0.008 0.005 0.980 
567   ZFTS17    (9)   20 :  0.005 0.033 0.007 0.956 
568   ZFTS18    (0)   20 :  0.003 0.006 0.004 0.987 
569   ZFTS19    (9)   20 :  0.003 0.007 0.004 0.986 
570   ZFTS20    (0)   20 :  0.004 0.013 0.006 0.977 
571   ZFTS21    (0)   20 :  0.004 0.020 0.004 0.972 
572   ZFTS22    (0)   20 :  0.003 0.016 0.004 0.977 
573   ZFTS23    (0)   20 :  0.005 0.017 0.007 0.971 
574   ZFTS24    (0)   20 :  0.003 0.007 0.005 0.984 
575   ZFTS25    (0)   20 :  0.007 0.026 0.003 0.964 
576   ZFTS26    (0)   20 :  0.003 0.004 0.003 0.990 
577   ZFTS27    (0)   20 :  0.006 0.052 0.006 0.937 
578   ZFTS28    (0)   20 :  0.012 0.238 0.011 0.739 
579   ZFTS29    (0)   20 :  0.003 0.032 0.005 0.961 
580   ZFTS30    (0)   20 :  0.003 0.048 0.005 0.944 
581   ZFTS31    (0)   20 :  0.005 0.027 0.008 0.960 
582   ZFTS32    (0)   20 :  0.004 0.024 0.005 0.966 
583   ZFTS33    (0)   20 :  0.007 0.026 0.007 0.960 
584   ZFTS34    (0)   20 :  0.005 0.010 0.004 0.982 
585   ZFTS35    (0)   20 :  0.004 0.006 0.004 0.986 
586   ZFTS36    (0)   20 :  0.005 0.017 0.004 0.973 
587   ZFTS37    (0)   20 :  0.004 0.010 0.006 0.980 
588   ZFTS38    (0)   20 :  0.005 0.018 0.006 0.971 
589   ZFTS39    (0)   20 :  0.004 0.013 0.004 0.979 
590   ZFTS40    (0)   20 :  0.014 0.043 0.007 0.936 
591 ZFTSP101    (0)   21 :  0.928 0.005 0.062 0.004 
592 ZFTSP102    (0)   21 :  0.044 0.007 0.942 0.007 
593 ZFTSP103    (0)   21 :  0.021 0.005 0.970 0.004 
594 ZFTSP104    (0)   21 :  0.987 0.004 0.005 0.003 
595 ZFTSP105    (0)   21 :  0.234 0.006 0.754 0.006 
596 ZFTSP106    (0)   21 :  0.981 0.007 0.008 0.004 
597 ZFTSP107    (0)   21 :  0.895 0.010 0.092 0.004 
598 ZFTSP108    (0)   21 :  0.962 0.009 0.026 0.003 
599 ZFTSP109    (0)   21 :  0.970 0.012 0.013 0.004 
600 ZFTSP110    (0)   21 :  0.975 0.007 0.015 0.004 
601 ZFTSP111    (0)   21 :  0.969 0.005 0.023 0.004 
602 ZFTSP112    (0)   21 :  0.919 0.006 0.070 0.005 
603 ZFTSP113    (0)   21 :  0.970 0.010 0.015 0.005 
604 ZFTSP114    (0)   21 :  0.959 0.005 0.033 0.003 
605 ZFTSP115    (0)   21 :  0.963 0.005 0.028 0.003 
606 ZFTSP116    (0)   21 :  0.907 0.008 0.081 0.004 
607 ZFTSP117    (0)   21 :  0.983 0.004 0.009 0.004 
608 ZFTSP118    (0)   21 :  0.869 0.005 0.121 0.005 
609 ZFTSP119    (0)   21 :  0.911 0.040 0.011 0.038 
610 ZFTSP120    (0)   21 :  0.952 0.004 0.039 0.005 
611 ZFTSP121    (0)   21 :  0.623 0.057 0.300 0.020 
612 ZFTSP122    (0)   21 :  0.805 0.004 0.187 0.003 
613 ZFTSP123    (0)   21 :  0.986 0.005 0.007 0.003 
614 ZFTSP124    (0)   21 :  0.981 0.005 0.012 0.002 
615 ZFTSP125    (0)   21 :  0.985 0.005 0.008 0.002 
616 ZFTSP126    (0)   21 :  0.973 0.008 0.015 0.004 
617 ZFTSP127    (0)   21 :  0.982 0.005 0.011 0.002 
618 ZFTSP128    (0)   21 :  0.949 0.006 0.042 0.003 
619 ZFTSP129    (0)   21 :  0.971 0.004 0.023 0.003 
620 ZFTSP130    (0)   21 :  0.978 0.005 0.014 0.003 
621 ZFTSP131    (0)   21 :  0.979 0.003 0.015 0.003 
622 ZFTSP132    (0)   21 :  0.950 0.007 0.038 0.006 
623 ZFTSP133    (0)   21 :  0.954 0.004 0.040 0.003 
624 ZFTSP134    (0)   21 :  0.949 0.005 0.043 0.003 
625 ZFTSP135    (0)   21 :  0.939 0.004 0.053 0.004 
626 ZFTSP136    (0)   21 :  0.967 0.004 0.024 0.005 
627 ZFTSP137    (0)   21 :  0.897 0.031 0.061 0.011 
628 ZFTSP138    (0)   21 :  0.967 0.006 0.024 0.004 
629 ZFTSP139    (0)   21 :  0.986 0.003 0.007 0.003 
630 ZFTSP140    (0)   21 :  0.884 0.011 0.101 0.005 
631 ZFTSP141    (0)   21 :  0.787 0.008 0.198 0.008 
632 ZFTSP142    (0)   21 :  0.451 0.010 0.534 0.005 
633 ZFTSP143    (0)   21 :  0.958 0.005 0.032 0.005 
634 ZFTSP144    (0)   21 :  0.787 0.006 0.199 0.008 
635 ZFTSP145    (0)   21 :  0.499 0.004 0.494 0.003 
636 ZFTSP201    (9)   22 :  0.974 0.007 0.015 0.004 
637 ZFTSP202    (0)   22 :  0.790 0.018 0.187 0.005 
638 ZFTSP203    (0)   22 :  0.979 0.005 0.011 0.005 
639 ZFTSP204    (0)   22 :  0.966 0.004 0.025 0.005 
640 ZFTSP205    (0)   22 :  0.900 0.012 0.081 0.007 
641 ZFTSP206    (0)   22 :  0.970 0.005 0.018 0.007 
642 ZFTSP207    (0)   22 :  0.983 0.004 0.006 0.007 
643 ZFTSP208    (0)   22 :  0.971 0.005 0.014 0.010 
644 ZFTSP209    (0)   22 :  0.969 0.004 0.023 0.004 
645 ZFTSP210    (0)   22 :  0.985 0.004 0.006 0.005 
646 ZFTSP211    (0)   22 :  0.939 0.009 0.045 0.007 
647 ZFTSP212    (0)   22 :  0.987 0.003 0.007 0.002 
648 ZFTSP213    (0)   22 :  0.979 0.008 0.010 0.003 
649 ZFTSP214    (0)   22 :  0.106 0.005 0.885 0.004 
650 ZFTSP215    (0)   22 :  0.820 0.005 0.171 0.005 
651 ZFTSP216    (0)   22 :  0.716 0.058 0.206 0.020 
652 ZFTSP217    (0)   22 :  0.982 0.008 0.006 0.004 
653 ZFTSP218    (0)   22 :  0.979 0.006 0.010 0.005 
654 ZFTSP219    (0)   22 :  0.919 0.008 0.065 0.008 
655 ZFTSP220    (0)   22 :  0.923 0.024 0.044 0.009 
656 ZFTSP221    (0)   22 :  0.971 0.007 0.017 0.004 
657 ZFTSP222    (0)   22 :  0.818 0.162 0.013 0.008 
658 ZFTSP223    (0)   22 :  0.980 0.004 0.013 0.003 
659 ZFTSP224    (0)   22 :  0.673 0.005 0.318 0.003 
660 ZFTSP225    (0)   22 :  0.976 0.005 0.014 0.005 
661 ZFTSP226    (0)   22 :  0.823 0.007 0.166 0.004 
662 ZFTSP227    (0)   22 :  0.966 0.017 0.012 0.005 
663 ZFTSP228    (0)   22 :  0.716 0.018 0.260 0.006 
664    ZFW01    (0)   23 :  0.006 0.005 0.005 0.985 
665    ZFW02    (0)   23 :  0.005 0.007 0.005 0.984 
666    ZFW03    (0)   23 :  0.005 0.005 0.005 0.985 
667    ZFW04    (0)   23 :  0.003 0.005 0.005 0.987 
668    ZFW05    (0)   23 :  0.018 0.132 0.057 0.794 
669    ZFW06    (0)   23 :  0.004 0.016 0.005 0.975 
670   ZFWB01    (0)   24 :  0.066 0.855 0.038 0.041 
671   ZFWB02    (0)   24 :  0.019 0.665 0.034 0.282 
672   ZFWB03    (0)   24 :  0.025 0.921 0.031 0.023 
673   ZFWB05    (0)   24 :  0.081 0.780 0.017 0.122 
674   ZFWB06    (0)   24 :  0.075 0.736 0.034 0.155 
675   ZFWB07    (0)   24 :  0.018 0.955 0.017 0.009 
676   ZFWB10    (0)   24 :  0.156 0.638 0.022 0.183 
677   ZFWB11    (0)   24 :  0.012 0.966 0.013 0.009 
678   ZFWB12    (0)   24 :  0.034 0.833 0.097 0.035 
679   ZFWB13    (9)   24 :  0.095 0.647 0.243 0.014 
680   ZFWB14    (0)   24 :  0.066 0.894 0.017 0.023 
681   ZFWB15    (9)   24 :  0.051 0.796 0.023 0.130 
682   ZFWB18    (0)   24 :  0.026 0.949 0.019 0.005 
683   ZFWB19    (0)   24 :  0.007 0.966 0.007 0.020 
684   ZFWB20    (0)   24 :  0.010 0.970 0.007 0.013 
685   ZFWB21    (0)   24 :  0.017 0.954 0.020 0.010 
686   ZFWB22    (0)   24 :  0.052 0.813 0.037 0.098 
687   ZFWB23    (0)   24 :  0.364 0.323 0.279 0.034 
688   ZFWB24    (0)   24 :  0.047 0.906 0.018 0.029 
689   ZFWB25    (0)   24 :  0.033 0.850 0.015 0.102 
690   ZFWB26    (0)   24 :  0.010 0.964 0.008 0.018 
691   ZFWB27    (0)   24 :  0.012 0.964 0.012 0.012 
692   ZFWB29    (0)   24 :  0.014 0.846 0.013 0.126 
693   ZFWB30    (0)   24 :  0.014 0.949 0.028 0.009 
694   ZFWB31    (0)   24 :  0.029 0.945 0.020 0.006 
695   ZFWB32    (9)   24 :  0.017 0.939 0.013 0.031 
