

----------------------------------------------------
STRUCTURE by Pritchard, Stephens and Donnelly (2000)
     and Falush, Stephens and Pritchard (2003)
       Code by Pritchard, Falush and Hubisz
             Version 2.3.4 (Jul 2012)
----------------------------------------------------



Command line arguments:   bin\structure -m C:\Users\eschumacher\Documents\GitHub\GCC_QUAC_ZAIN\Data_Files\Structure_Files\ZAIN\ZAIN_rebinned_wild\50-50\mainparams -e C:\Users\eschumacher\Documents\GitHub\GCC_QUAC_ZAIN\Data_Files\Structure_Files\ZAIN\ZAIN_rebinned_wild\50-50\extraparams 
Input File:    C:\Users\eschumacher\Documents\GitHub\GCC_QUAC_ZAIN\Data_Files\Structure_Files\ZAIN\ZAIN_rebinned_wild\project_data

Run parameters:
   751 individuals
   11 loci
   10 populations assumed
   50000 Burn-in period
   50000 Reps


--------------------------------------------
Proportion of membership of each pre-defined
 population in each of the 10 clusters

Given    Inferred Clusters                                                        Number of
 Pop       1      2      3      4      5      6      7      8      9     10      Individuals

  1:     0.007  0.010  0.013  0.899  0.005  0.010  0.006  0.038  0.004  0.009       35
  2:     0.236  0.020  0.006  0.006  0.021  0.008  0.018  0.005  0.013  0.666       36
  3:     0.132  0.010  0.006  0.005  0.027  0.013  0.008  0.006  0.019  0.775       33
  4:     0.008  0.034  0.006  0.008  0.009  0.007  0.888  0.019  0.009  0.012       40
  5:     0.035  0.006  0.004  0.004  0.009  0.006  0.006  0.004  0.919  0.007       39
  6:     0.029  0.016  0.375  0.163  0.029  0.251  0.028  0.042  0.013  0.054       40
  7:     0.011  0.048  0.710  0.052  0.022  0.052  0.022  0.060  0.011  0.011       37
  8:     0.173  0.006  0.004  0.006  0.018  0.006  0.006  0.003  0.013  0.765       40
  9:     0.006  0.040  0.006  0.911  0.003  0.005  0.005  0.007  0.013  0.005       28
 10:     0.007  0.935  0.004  0.005  0.006  0.005  0.020  0.006  0.005  0.007       14
 11:     0.012  0.019  0.035  0.010  0.005  0.007  0.006  0.862  0.038  0.007       13
 12:     0.900  0.007  0.004  0.005  0.009  0.006  0.022  0.002  0.030  0.016       14
 13:     0.053  0.013  0.008  0.005  0.038  0.006  0.009  0.009  0.012  0.847       25
 14:     0.010  0.005  0.005  0.006  0.933  0.005  0.008  0.005  0.006  0.015       40
 15:     0.052  0.027  0.014  0.022  0.008  0.021  0.813  0.008  0.016  0.021       32
 16:     0.004  0.005  0.006  0.003  0.004  0.003  0.004  0.961  0.004  0.004       20
 17:     0.010  0.014  0.055  0.676  0.005  0.208  0.007  0.009  0.004  0.011        4
 18:     0.015  0.012  0.015  0.833  0.013  0.035  0.013  0.015  0.005  0.045       23
 19:     0.005  0.006  0.015  0.935  0.004  0.009  0.008  0.006  0.006  0.006       39
 20:     0.005  0.020  0.011  0.069  0.004  0.011  0.006  0.863  0.004  0.006       38
 21:     0.747  0.007  0.006  0.005  0.052  0.011  0.009  0.005  0.119  0.039       45
 22:     0.492  0.024  0.012  0.005  0.025  0.007  0.013  0.012  0.117  0.293       28
 23:     0.005  0.006  0.021  0.927  0.005  0.007  0.007  0.009  0.008  0.005        6
 24:     0.013  0.011  0.025  0.015  0.014  0.892  0.006  0.006  0.011  0.007       40
 25:     0.024  0.018  0.834  0.014  0.011  0.021  0.009  0.050  0.011  0.008       42
--------------------------------------------

Allele-freq. divergence among pops (Net nucleotide distance),
computed using point estimates of P.

      1       2       3       4       5       6       7       8       9      10      
 1      -    0.1896  0.1549  0.2315  0.1228  0.1214  0.1679  0.2797  0.1385  0.0479  
 2   0.1896     -    0.1565  0.2395  0.2804  0.1807  0.1928  0.2249  0.2446  0.2045  
 3   0.1549  0.1565     -    0.0901  0.2604  0.0977  0.1359  0.1045  0.2013  0.1877  
 4   0.2315  0.2395  0.0901     -    0.3386  0.1644  0.1700  0.1649  0.2764  0.2264  
 5   0.1228  0.2804  0.2604  0.3386     -    0.1724  0.1997  0.3501  0.2900  0.1111  
 6   0.1214  0.1807  0.0977  0.1644  0.1724     -    0.1683  0.2291  0.2438  0.1593  
 7   0.1679  0.1928  0.1359  0.1700  0.1997  0.1683     -    0.2525  0.1972  0.2032  
 8   0.2797  0.2249  0.1045  0.1649  0.3501  0.2291  0.2525     -    0.3590  0.2846  
 9   0.1385  0.2446  0.2013  0.2764  0.2900  0.2438  0.1972  0.3590     -    0.2418  
10   0.0479  0.2045  0.1877  0.2264  0.1111  0.1593  0.2032  0.2846  0.2418     -    

Average distances (expected heterozygosity) between individuals in same cluster:
cluster  1  : 0.4314 
cluster  2  : 0.2422 
cluster  3  : 0.5596 
cluster  4  : 0.4666 
cluster  5  : 0.3662 
cluster  6  : 0.4476 
cluster  7  : 0.4043 
cluster  8  : 0.4225 
cluster  9  : 0.2304 
cluster 10  : 0.4054 

--------------------------------------------
Estimated Ln Prob of Data   = -13743.4
Mean value of ln likelihood = -13365.7
Variance of ln likelihood   = 755.4
Mean value of alpha         = 0.0325

Mean value of Fst_1         = 0.4115
Mean value of Fst_2         = 0.6380
Mean value of Fst_3         = 0.1219
Mean value of Fst_4         = 0.3658
Mean value of Fst_5         = 0.4364
Mean value of Fst_6         = 0.3327
Mean value of Fst_7         = 0.4018
Mean value of Fst_8         = 0.4253
Mean value of Fst_9         = 0.6519
Mean value of Fst_10         = 0.3711


Inferred ancestry of individuals:
        Label (%Miss) Pop:  Inferred clusters
  1    ZFB01    (0)    1 :  0.004 0.002 0.004 0.963 0.003 0.003 0.004 0.009 0.003 0.004 
  2    ZFB02    (0)    1 :  0.003 0.006 0.010 0.911 0.003 0.005 0.008 0.048 0.002 0.003 
  3    ZFB03    (0)    1 :  0.006 0.005 0.008 0.951 0.002 0.006 0.005 0.004 0.009 0.004 
  4    ZFB04    (0)    1 :  0.004 0.009 0.008 0.906 0.003 0.003 0.005 0.055 0.002 0.005 
  5    ZFB05    (0)    1 :  0.005 0.043 0.063 0.671 0.010 0.033 0.009 0.154 0.010 0.003 
  6    ZFB06    (0)    1 :  0.005 0.018 0.062 0.776 0.011 0.025 0.006 0.084 0.011 0.003 
  7    ZFB07    (9)    1 :  0.007 0.006 0.012 0.940 0.004 0.005 0.004 0.008 0.006 0.008 
  8    ZFB08    (0)    1 :  0.006 0.008 0.006 0.934 0.006 0.019 0.005 0.005 0.004 0.006 
  9    ZFB09    (0)    1 :  0.003 0.003 0.004 0.969 0.003 0.005 0.003 0.005 0.003 0.003 
 10    ZFB10    (0)    1 :  0.010 0.007 0.005 0.924 0.006 0.006 0.006 0.010 0.002 0.024 
 11    ZFB11    (0)    1 :  0.005 0.007 0.005 0.936 0.003 0.003 0.006 0.023 0.003 0.009 
 12    ZFB12    (0)    1 :  0.010 0.003 0.015 0.887 0.004 0.031 0.005 0.031 0.007 0.009 
 13    ZFB13    (0)    1 :  0.007 0.011 0.007 0.933 0.006 0.013 0.004 0.006 0.005 0.010 
 14    ZFB14    (0)    1 :  0.004 0.005 0.004 0.963 0.003 0.004 0.005 0.004 0.003 0.005 
 15    ZFB15    (0)    1 :  0.003 0.003 0.004 0.965 0.002 0.004 0.003 0.011 0.002 0.003 
 16    ZFB16    (0)    1 :  0.006 0.012 0.005 0.940 0.004 0.009 0.003 0.012 0.003 0.006 
 17    ZFB17    (0)    1 :  0.010 0.038 0.010 0.845 0.010 0.036 0.014 0.025 0.002 0.010 
 18    ZFB18    (0)    1 :  0.003 0.003 0.004 0.970 0.003 0.004 0.004 0.004 0.003 0.004 
 19    ZFB19    (0)    1 :  0.023 0.006 0.015 0.884 0.009 0.014 0.004 0.008 0.005 0.032 
 20    ZFB20    (0)    1 :  0.005 0.018 0.006 0.908 0.004 0.009 0.003 0.038 0.002 0.006 
 21    ZFB21    (0)    1 :  0.003 0.004 0.006 0.963 0.002 0.003 0.003 0.008 0.004 0.003 
 22    ZFB22    (0)    1 :  0.014 0.006 0.010 0.868 0.010 0.012 0.008 0.059 0.002 0.012 
 23    ZFB23    (0)    1 :  0.006 0.010 0.007 0.922 0.003 0.003 0.005 0.032 0.005 0.008 
 24    ZFB24    (0)    1 :  0.004 0.010 0.006 0.913 0.003 0.004 0.004 0.046 0.003 0.007 
 25    ZFB25    (0)    1 :  0.012 0.003 0.004 0.937 0.004 0.003 0.004 0.006 0.003 0.022 
 26    ZFB26    (0)    1 :  0.010 0.019 0.008 0.842 0.004 0.003 0.005 0.085 0.004 0.020 
 27    ZFB27    (0)    1 :  0.006 0.004 0.006 0.865 0.003 0.002 0.004 0.098 0.003 0.009 
 28    ZFB28    (0)    1 :  0.008 0.015 0.043 0.779 0.003 0.014 0.009 0.116 0.006 0.007 
 29    ZFB29    (0)    1 :  0.003 0.017 0.007 0.934 0.003 0.004 0.006 0.022 0.002 0.004 
 30    ZFB30    (0)    1 :  0.009 0.005 0.063 0.679 0.011 0.014 0.004 0.198 0.010 0.005 
 31    ZFB31    (0)    1 :  0.009 0.003 0.004 0.946 0.004 0.003 0.004 0.007 0.003 0.015 
 32    ZFB32    (0)    1 :  0.012 0.026 0.035 0.773 0.004 0.033 0.022 0.070 0.010 0.013 
 33    ZFB33    (0)    1 :  0.003 0.003 0.005 0.962 0.002 0.003 0.003 0.012 0.003 0.004 
 34    ZFB34    (0)    1 :  0.003 0.003 0.004 0.967 0.003 0.004 0.005 0.004 0.003 0.003 
 35    ZFB35    (0)    1 :  0.005 0.007 0.005 0.952 0.003 0.004 0.004 0.009 0.004 0.007 
 36  ZFBP101    (0)    2 :  0.571 0.082 0.007 0.008 0.032 0.010 0.050 0.007 0.013 0.220 
 37  ZFBP102    (0)    2 :  0.596 0.039 0.010 0.012 0.012 0.008 0.011 0.011 0.005 0.298 
 38  ZFBP103    (0)    2 :  0.781 0.044 0.007 0.006 0.011 0.007 0.072 0.006 0.017 0.047 
 39  ZFBP104    (0)    2 :  0.635 0.005 0.018 0.030 0.007 0.041 0.004 0.009 0.008 0.244 
 40  ZFBP105    (0)    2 :  0.245 0.007 0.006 0.006 0.006 0.006 0.005 0.005 0.012 0.701 
 41  ZFBP106    (0)    2 :  0.173 0.011 0.003 0.004 0.011 0.005 0.007 0.003 0.018 0.765 
 42  ZFBP107    (0)    2 :  0.424 0.038 0.012 0.005 0.005 0.007 0.006 0.017 0.017 0.469 
 43  ZFBP108    (0)    2 :  0.010 0.004 0.003 0.003 0.004 0.003 0.003 0.003 0.006 0.961 
 44  ZFBP109    (0)    2 :  0.021 0.004 0.005 0.003 0.005 0.004 0.004 0.002 0.005 0.946 
 45  ZFBP110    (0)    2 :  0.556 0.036 0.028 0.030 0.005 0.010 0.026 0.007 0.067 0.235 
 46  ZFBP111    (0)    2 :  0.577 0.005 0.004 0.003 0.103 0.010 0.004 0.003 0.010 0.281 
 47  ZFBP112    (0)    2 :  0.024 0.017 0.005 0.004 0.046 0.007 0.013 0.005 0.012 0.868 
 48  ZFBP113    (0)    2 :  0.017 0.004 0.004 0.003 0.004 0.006 0.003 0.004 0.004 0.952 
 49  ZFBP114    (0)    2 :  0.187 0.021 0.008 0.003 0.009 0.003 0.005 0.007 0.005 0.752 
 50  ZFBP115    (0)    2 :  0.842 0.009 0.004 0.003 0.011 0.007 0.007 0.003 0.016 0.097 
 51  ZFBP116    (0)    2 :  0.047 0.006 0.005 0.003 0.005 0.008 0.004 0.004 0.006 0.912 
 52  ZFBP117    (0)    2 :  0.015 0.005 0.004 0.003 0.006 0.004 0.008 0.002 0.005 0.948 
 53  ZFBP118    (0)    2 :  0.080 0.018 0.009 0.003 0.014 0.004 0.004 0.008 0.005 0.857 
 54  ZFBP119    (0)    2 :  0.417 0.017 0.005 0.004 0.018 0.013 0.023 0.002 0.016 0.485 
 55  ZFBP120    (0)    2 :  0.283 0.005 0.005 0.005 0.005 0.007 0.004 0.005 0.012 0.668 
 56  ZFBP121    (0)    2 :  0.024 0.007 0.005 0.006 0.005 0.005 0.008 0.003 0.008 0.931 
 57  ZFBP122    (9)    2 :  0.103 0.006 0.004 0.003 0.012 0.007 0.004 0.003 0.006 0.851 
 58  ZFBP123    (0)    2 :  0.020 0.037 0.005 0.003 0.017 0.009 0.008 0.006 0.005 0.890 
 59  ZFBP124    (0)    2 :  0.022 0.008 0.004 0.005 0.004 0.004 0.004 0.003 0.005 0.941 
 60  ZFBP125    (0)    2 :  0.029 0.006 0.003 0.002 0.013 0.005 0.006 0.002 0.009 0.924 
 61  ZFBP126    (0)    2 :  0.144 0.023 0.017 0.010 0.007 0.019 0.022 0.011 0.003 0.744 
 62  ZFBP127    (0)    2 :  0.174 0.006 0.005 0.004 0.005 0.003 0.019 0.003 0.094 0.689 
 63  ZFBP128    (0)    2 :  0.032 0.008 0.003 0.004 0.030 0.004 0.016 0.002 0.017 0.884 
 64  ZFBP129    (0)    2 :  0.008 0.007 0.005 0.005 0.112 0.005 0.008 0.003 0.007 0.840 
 65  ZFBP130    (0)    2 :  0.045 0.009 0.003 0.002 0.066 0.007 0.028 0.003 0.014 0.823 
 66  ZFBP131    (0)    2 :  0.005 0.003 0.003 0.003 0.004 0.005 0.004 0.004 0.003 0.965 
 67  ZFBP132    (0)    2 :  0.014 0.004 0.003 0.004 0.004 0.003 0.004 0.003 0.014 0.948 
 68  ZFBP133    (0)    2 :  0.008 0.003 0.002 0.003 0.110 0.006 0.008 0.002 0.003 0.855 
 69  ZFBP134    (0)    2 :  0.901 0.003 0.003 0.004 0.011 0.009 0.014 0.003 0.006 0.047 
 70  ZFBP135    (0)    2 :  0.186 0.057 0.008 0.013 0.013 0.007 0.195 0.004 0.016 0.501 
 71  ZFBP136    (0)    2 :  0.290 0.162 0.004 0.004 0.039 0.007 0.048 0.007 0.016 0.424 
 72  ZFBP201    (0)    3 :  0.016 0.006 0.007 0.005 0.004 0.006 0.005 0.006 0.012 0.933 
 73  ZFBP202    (0)    3 :  0.035 0.005 0.004 0.006 0.008 0.006 0.004 0.003 0.009 0.920 
 74  ZFBP203    (0)    3 :  0.023 0.008 0.022 0.006 0.019 0.025 0.005 0.043 0.005 0.843 
 75  ZFBP204    (0)    3 :  0.281 0.037 0.006 0.004 0.021 0.007 0.013 0.005 0.017 0.609 
 76  ZFBP205    (0)    3 :  0.007 0.011 0.004 0.003 0.009 0.005 0.006 0.004 0.003 0.948 
 77  ZFBP206    (0)    3 :  0.010 0.027 0.005 0.004 0.038 0.009 0.009 0.006 0.005 0.889 
 78  ZFBP207    (0)    3 :  0.334 0.007 0.005 0.004 0.008 0.004 0.011 0.003 0.066 0.557 
 79  ZFBP208    (0)    3 :  0.011 0.017 0.006 0.003 0.009 0.013 0.005 0.010 0.003 0.922 
 80  ZFBP209    (0)    3 :  0.008 0.003 0.003 0.003 0.069 0.005 0.008 0.002 0.003 0.897 
 81  ZFBP210    (0)    3 :  0.019 0.006 0.005 0.005 0.010 0.011 0.005 0.007 0.011 0.920 
 82  ZFBP211    (0)    3 :  0.011 0.009 0.004 0.005 0.004 0.004 0.004 0.003 0.009 0.945 
 83  ZFBP212    (0)    3 :  0.233 0.003 0.003 0.005 0.005 0.003 0.003 0.003 0.037 0.704 
 84  ZFBP213    (0)    3 :  0.009 0.023 0.005 0.007 0.009 0.009 0.009 0.005 0.010 0.915 
 85  ZFBP214    (0)    3 :  0.032 0.022 0.008 0.011 0.085 0.037 0.047 0.004 0.033 0.721 
 86  ZFBP215    (0)    3 :  0.012 0.004 0.003 0.004 0.007 0.004 0.005 0.002 0.005 0.953 
 87  ZFBP216    (0)    3 :  0.168 0.006 0.008 0.005 0.006 0.027 0.005 0.007 0.006 0.763 
 88  ZFBP217    (0)    3 :  0.109 0.005 0.006 0.007 0.172 0.023 0.008 0.004 0.045 0.622 
 89  ZFBP218    (0)    3 :  0.020 0.003 0.003 0.002 0.010 0.005 0.003 0.003 0.003 0.948 
 90  ZFBP219    (0)    3 :  0.012 0.004 0.004 0.003 0.004 0.006 0.003 0.004 0.003 0.957 
 91  ZFBP220    (0)    3 :  0.312 0.007 0.004 0.003 0.036 0.006 0.020 0.003 0.015 0.593 
 92  ZFBP221    (0)    3 :  0.494 0.003 0.003 0.004 0.008 0.006 0.003 0.003 0.007 0.470 
 93  ZFBP222    (0)    3 :  0.006 0.005 0.004 0.004 0.008 0.007 0.009 0.005 0.003 0.951 
 94  ZFBP223    (0)    3 :  0.168 0.008 0.007 0.007 0.009 0.005 0.008 0.005 0.191 0.593 
 95  ZFBP224    (0)    3 :  0.011 0.013 0.005 0.004 0.005 0.006 0.005 0.004 0.005 0.941 
 96  ZFBP225    (0)    3 :  0.495 0.011 0.007 0.003 0.213 0.014 0.012 0.008 0.019 0.219 
 97  ZFBP226    (0)    3 :  0.026 0.004 0.004 0.003 0.004 0.006 0.003 0.004 0.005 0.940 
 98  ZFBP227    (0)    3 :  0.401 0.010 0.034 0.016 0.007 0.135 0.005 0.010 0.009 0.373 
 99  ZFBP228    (0)    3 :  0.554 0.005 0.004 0.004 0.007 0.004 0.015 0.003 0.058 0.345 
100  ZFBP229    (0)    3 :  0.081 0.003 0.004 0.003 0.018 0.007 0.007 0.003 0.005 0.870 
101  ZFBP230    (0)    3 :  0.403 0.008 0.004 0.003 0.033 0.008 0.022 0.003 0.011 0.505 
102  ZFBP231    (0)    3 :  0.013 0.015 0.005 0.005 0.005 0.005 0.004 0.004 0.006 0.939 
103  ZFBP232    (0)    3 :  0.009 0.005 0.003 0.003 0.006 0.003 0.004 0.003 0.004 0.959 
104  ZFBP233    (0)    3 :  0.031 0.009 0.004 0.007 0.016 0.009 0.005 0.004 0.006 0.909 
105   ZFCC01    (0)    4 :  0.004 0.009 0.004 0.009 0.004 0.005 0.950 0.005 0.005 0.004 
106   ZFCC03    (0)    4 :  0.003 0.006 0.003 0.004 0.005 0.003 0.960 0.003 0.009 0.004 
107   ZFCC04    (0)    4 :  0.004 0.013 0.004 0.005 0.006 0.005 0.949 0.004 0.006 0.004 
108   ZFCC05    (0)    4 :  0.006 0.040 0.007 0.009 0.007 0.007 0.896 0.005 0.017 0.006 
109   ZFCC08    (0)    4 :  0.008 0.009 0.003 0.004 0.019 0.007 0.931 0.003 0.005 0.012 
110   ZFCC09    (0)    4 :  0.003 0.005 0.004 0.006 0.003 0.003 0.961 0.003 0.007 0.004 
111   ZFCC10    (0)    4 :  0.003 0.008 0.004 0.010 0.003 0.004 0.955 0.004 0.004 0.005 
112   ZFCC11    (0)    4 :  0.004 0.009 0.004 0.006 0.005 0.004 0.947 0.004 0.012 0.005 
113   ZFCC12    (0)    4 :  0.007 0.034 0.018 0.021 0.005 0.008 0.832 0.061 0.009 0.006 
114   ZFCC13    (0)    4 :  0.010 0.007 0.006 0.004 0.007 0.011 0.932 0.007 0.008 0.007 
115   ZFCC14    (0)    4 :  0.004 0.023 0.006 0.010 0.006 0.004 0.928 0.006 0.005 0.008 
116   ZFCC15    (0)    4 :  0.004 0.005 0.005 0.004 0.004 0.008 0.958 0.005 0.004 0.003 
117   ZFCC16    (0)    4 :  0.003 0.017 0.004 0.006 0.005 0.005 0.949 0.004 0.004 0.004 
118   ZFCC17    (0)    4 :  0.004 0.050 0.005 0.006 0.003 0.004 0.906 0.012 0.006 0.003 
119   ZFCC18    (0)    4 :  0.004 0.008 0.004 0.005 0.006 0.005 0.951 0.004 0.009 0.004 
120   ZFCC19    (0)    4 :  0.003 0.009 0.005 0.004 0.003 0.008 0.953 0.009 0.003 0.003 
121   ZFCC20    (0)    4 :  0.005 0.012 0.004 0.004 0.005 0.006 0.948 0.004 0.008 0.003 
122   ZFCC21    (0)    4 :  0.015 0.013 0.006 0.007 0.032 0.048 0.832 0.006 0.003 0.036 
123   ZFCC22    (0)    4 :  0.076 0.013 0.004 0.007 0.045 0.009 0.666 0.005 0.006 0.170 
124   ZFCC26    (0)    4 :  0.004 0.009 0.004 0.004 0.004 0.004 0.960 0.004 0.004 0.003 
125   ZFCC27    (0)    4 :  0.003 0.006 0.003 0.004 0.003 0.003 0.964 0.003 0.007 0.003 
126   ZFCC29    (0)    4 :  0.005 0.018 0.005 0.007 0.005 0.010 0.934 0.005 0.005 0.004 
127   ZFCC30    (0)    4 :  0.004 0.007 0.003 0.003 0.005 0.004 0.956 0.003 0.010 0.003 
128   ZFCC32    (0)    4 :  0.005 0.009 0.006 0.005 0.006 0.010 0.940 0.008 0.006 0.004 
129   ZFCC33    (0)    4 :  0.005 0.324 0.009 0.009 0.005 0.005 0.626 0.005 0.008 0.004 
130   ZFCC34    (0)    4 :  0.041 0.054 0.006 0.025 0.018 0.008 0.699 0.022 0.057 0.070 
131   ZFCC35    (0)    4 :  0.004 0.006 0.003 0.003 0.004 0.003 0.966 0.003 0.004 0.003 
132   ZFCC36    (0)    4 :  0.008 0.013 0.005 0.004 0.010 0.015 0.919 0.014 0.004 0.008 
133   ZFCC37    (0)    4 :  0.009 0.024 0.019 0.022 0.005 0.012 0.841 0.050 0.008 0.009 
134   ZFCC40    (0)    4 :  0.004 0.014 0.004 0.006 0.004 0.003 0.948 0.008 0.003 0.006 
135   ZFCC42    (0)    4 :  0.008 0.423 0.018 0.020 0.007 0.005 0.065 0.395 0.053 0.005 
136   ZFCC44    (0)    4 :  0.003 0.017 0.004 0.003 0.003 0.003 0.951 0.005 0.008 0.003 
137   ZFCC45    (9)    4 :  0.005 0.043 0.019 0.015 0.004 0.008 0.872 0.018 0.010 0.006 
138   ZFCC46    (0)    4 :  0.018 0.014 0.003 0.003 0.030 0.008 0.897 0.004 0.011 0.011 
139   ZFCC47    (0)    4 :  0.006 0.008 0.006 0.016 0.007 0.005 0.909 0.033 0.005 0.005 
140   ZFCC48    (0)    4 :  0.012 0.018 0.004 0.006 0.038 0.012 0.875 0.004 0.003 0.027 
141   ZFCC50    (0)    4 :  0.003 0.010 0.004 0.004 0.003 0.004 0.961 0.005 0.003 0.003 
142   ZFCC51    (0)    4 :  0.003 0.004 0.003 0.004 0.003 0.003 0.965 0.003 0.009 0.003 
143   ZFCC52    (0)    4 :  0.011 0.037 0.004 0.004 0.014 0.007 0.895 0.008 0.006 0.013 
144   ZFCC53    (0)    4 :  0.003 0.005 0.003 0.004 0.003 0.003 0.967 0.003 0.006 0.003 
145  ZFCNS01    (0)    5 :  0.028 0.003 0.030 0.002 0.003 0.051 0.006 0.022 0.848 0.005 
146  ZFCNS02    (0)    5 :  0.004 0.003 0.003 0.002 0.004 0.003 0.005 0.002 0.970 0.003 
147  ZFCNS05    (0)    5 :  0.009 0.006 0.003 0.005 0.005 0.005 0.007 0.003 0.950 0.007 
148  ZFCNS06    (0)    5 :  0.005 0.004 0.003 0.003 0.004 0.003 0.005 0.002 0.967 0.004 
149  ZFCNS07    (0)    5 :  0.007 0.003 0.003 0.003 0.009 0.003 0.003 0.002 0.961 0.007 
150  ZFCNS10    (0)    5 :  0.017 0.004 0.003 0.003 0.005 0.003 0.004 0.003 0.952 0.007 
151  ZFCNS11    (0)    5 :  0.016 0.003 0.012 0.003 0.005 0.021 0.007 0.011 0.916 0.005 
152  ZFCNS15    (0)    5 :  0.047 0.006 0.003 0.003 0.007 0.004 0.003 0.003 0.909 0.014 
153  ZFCNS17    (0)    5 :  0.005 0.004 0.003 0.003 0.004 0.003 0.005 0.002 0.968 0.004 
154  ZFCNS18    (0)    5 :  0.014 0.003 0.003 0.003 0.004 0.003 0.005 0.003 0.955 0.008 
155  ZFCNS19    (0)    5 :  0.004 0.003 0.003 0.003 0.004 0.003 0.005 0.002 0.971 0.003 
156  ZFCNS20    (0)    5 :  0.013 0.008 0.004 0.003 0.015 0.005 0.004 0.003 0.934 0.012 
157  ZFCNS21    (0)    5 :  0.004 0.003 0.003 0.003 0.002 0.002 0.004 0.002 0.973 0.003 
158  ZFCNS22    (0)    5 :  0.012 0.005 0.004 0.005 0.005 0.004 0.006 0.003 0.946 0.010 
159  ZFCNS23    (0)    5 :  0.007 0.026 0.009 0.005 0.012 0.010 0.015 0.011 0.900 0.006 
160  ZFCNS24    (0)    5 :  0.008 0.010 0.003 0.002 0.006 0.004 0.007 0.003 0.951 0.006 
161  ZFCNS25    (0)    5 :  0.012 0.008 0.003 0.003 0.008 0.004 0.005 0.003 0.944 0.011 
162  ZFCNS26    (0)    5 :  0.007 0.003 0.003 0.003 0.004 0.003 0.003 0.002 0.968 0.004 
163  ZFCNS27    (0)    5 :  0.046 0.006 0.004 0.003 0.009 0.004 0.003 0.003 0.904 0.019 
164  ZFCNS28    (0)    5 :  0.004 0.003 0.003 0.003 0.004 0.003 0.004 0.002 0.970 0.004 
165  ZFCNS29    (0)    5 :  0.009 0.007 0.004 0.004 0.005 0.004 0.007 0.002 0.953 0.007 
166  ZFCNS30    (0)    5 :  0.007 0.006 0.003 0.004 0.003 0.005 0.005 0.002 0.960 0.005 
167  ZFCNS31    (0)    5 :  0.006 0.003 0.003 0.003 0.004 0.003 0.003 0.002 0.970 0.004 
168  ZFCNS32    (0)    5 :  0.011 0.005 0.003 0.004 0.007 0.004 0.004 0.003 0.953 0.006 
169  ZFCNS33    (0)    5 :  0.004 0.003 0.002 0.003 0.004 0.003 0.003 0.002 0.972 0.003 
170  ZFCNS34    (0)    5 :  0.005 0.007 0.003 0.004 0.004 0.004 0.011 0.002 0.954 0.005 
171  ZFCNS35    (0)    5 :  0.035 0.003 0.003 0.025 0.004 0.005 0.010 0.002 0.896 0.017 
172  ZFCNS36    (0)    5 :  0.008 0.009 0.003 0.003 0.008 0.004 0.010 0.003 0.947 0.006 
173  ZFCNS37    (0)    5 :  0.094 0.007 0.008 0.004 0.008 0.004 0.005 0.002 0.862 0.006 
174  ZFCNS39    (0)    5 :  0.024 0.007 0.006 0.002 0.023 0.012 0.017 0.003 0.899 0.008 
175  ZFCNS40    (0)    5 :  0.110 0.011 0.005 0.003 0.127 0.008 0.023 0.003 0.701 0.009 
176  ZFCNS41    (0)    5 :  0.654 0.012 0.009 0.006 0.006 0.011 0.017 0.004 0.264 0.017 
177  ZFCNS42    (0)    5 :  0.007 0.003 0.003 0.003 0.003 0.003 0.003 0.002 0.969 0.004 
178  ZFCNS43    (0)    5 :  0.004 0.004 0.003 0.003 0.003 0.003 0.004 0.002 0.972 0.003 
179  ZFCNS44    (0)    5 :  0.017 0.004 0.003 0.003 0.003 0.003 0.005 0.003 0.954 0.006 
180  ZFCNS46    (0)    5 :  0.009 0.006 0.004 0.004 0.004 0.004 0.005 0.002 0.956 0.006 
181  ZFCNS47    (0)    5 :  0.005 0.003 0.003 0.003 0.003 0.003 0.004 0.002 0.971 0.003 
182  ZFCNS48    (0)    5 :  0.028 0.005 0.004 0.004 0.005 0.004 0.007 0.003 0.929 0.011 
183  ZFCNS49    (0)    5 :  0.058 0.003 0.003 0.003 0.004 0.003 0.003 0.003 0.908 0.011 
184   ZFCR01    (0)    6 :  0.006 0.003 0.722 0.167 0.017 0.007 0.026 0.015 0.003 0.034 
185   ZFCR02    (0)    6 :  0.010 0.022 0.561 0.185 0.027 0.105 0.037 0.017 0.005 0.030 
186   ZFCR03    (0)    6 :  0.013 0.079 0.084 0.356 0.023 0.233 0.031 0.118 0.003 0.062 
187   ZFCR04    (0)    6 :  0.041 0.008 0.123 0.675 0.038 0.026 0.022 0.034 0.008 0.024 
188   ZFCR05    (0)    6 :  0.009 0.006 0.411 0.216 0.007 0.256 0.064 0.020 0.004 0.007 
189   ZFCR06    (0)    6 :  0.091 0.006 0.528 0.101 0.036 0.038 0.032 0.009 0.068 0.091 
190   ZFCR07    (0)    6 :  0.029 0.049 0.381 0.047 0.004 0.405 0.013 0.011 0.053 0.009 
191   ZFCR08    (0)    6 :  0.014 0.037 0.721 0.055 0.021 0.007 0.076 0.044 0.005 0.020 
192   ZFCR09    (0)    6 :  0.122 0.013 0.049 0.113 0.018 0.035 0.045 0.440 0.014 0.151 
193   ZFCR11    (0)    6 :  0.092 0.005 0.355 0.249 0.003 0.219 0.015 0.020 0.009 0.034 
194   ZFCR12    (0)    6 :  0.092 0.010 0.356 0.019 0.024 0.340 0.015 0.004 0.119 0.021 
195   ZFCR13    (0)    6 :  0.013 0.006 0.450 0.013 0.006 0.391 0.006 0.004 0.008 0.103 
196   ZFCR14    (0)    6 :  0.010 0.008 0.381 0.097 0.040 0.418 0.021 0.009 0.006 0.010 
197   ZFCR15    (0)    6 :  0.017 0.015 0.416 0.264 0.126 0.101 0.017 0.011 0.004 0.027 
198   ZFCR16    (0)    6 :  0.013 0.005 0.578 0.218 0.062 0.076 0.012 0.005 0.003 0.027 
199   ZFCR18    (0)    6 :  0.015 0.087 0.044 0.755 0.015 0.014 0.028 0.005 0.011 0.025 
200   ZFCR19    (0)    6 :  0.014 0.007 0.090 0.269 0.279 0.150 0.022 0.139 0.006 0.025 
201   ZFCR20    (0)    6 :  0.026 0.039 0.088 0.499 0.015 0.163 0.010 0.032 0.005 0.124 
202   ZFCR21    (0)    6 :  0.015 0.007 0.423 0.031 0.018 0.452 0.032 0.004 0.003 0.015 
203   ZFCR22    (0)    6 :  0.007 0.007 0.261 0.012 0.019 0.671 0.004 0.006 0.003 0.010 
204   ZFCR23    (0)    6 :  0.087 0.003 0.365 0.032 0.007 0.313 0.004 0.031 0.004 0.154 
205   ZFCR24    (9)    6 :  0.011 0.012 0.105 0.122 0.006 0.198 0.010 0.024 0.004 0.509 
206   ZFCR25    (0)    6 :  0.005 0.008 0.493 0.034 0.004 0.433 0.008 0.009 0.003 0.004 
207   ZFCR26    (0)    6 :  0.012 0.010 0.028 0.006 0.023 0.778 0.023 0.095 0.006 0.017 
208   ZFCR27    (9)    6 :  0.003 0.003 0.867 0.039 0.004 0.048 0.006 0.022 0.003 0.004 
209   ZFCR28    (0)    6 :  0.024 0.007 0.608 0.007 0.125 0.010 0.011 0.006 0.026 0.176 
210   ZFCR29    (0)    6 :  0.009 0.005 0.081 0.141 0.006 0.725 0.010 0.008 0.002 0.013 
211   ZFCR30    (0)    6 :  0.007 0.005 0.273 0.019 0.007 0.663 0.005 0.010 0.004 0.005 
212   ZFCR31    (0)    6 :  0.096 0.032 0.075 0.371 0.041 0.113 0.013 0.099 0.048 0.110 
213   ZFCR33    (0)    6 :  0.013 0.010 0.863 0.012 0.009 0.023 0.030 0.023 0.006 0.009 
214   ZFCR34    (0)    6 :  0.056 0.005 0.270 0.088 0.015 0.456 0.027 0.035 0.012 0.035 
215   ZFCR35    (0)    6 :  0.014 0.010 0.063 0.818 0.009 0.026 0.026 0.014 0.010 0.009 
216   ZFCR36    (0)    6 :  0.009 0.005 0.244 0.226 0.005 0.433 0.010 0.040 0.018 0.009 
217   ZFCR37    (0)    6 :  0.005 0.018 0.196 0.062 0.004 0.612 0.060 0.034 0.004 0.004 
218   ZFCR38    (0)    6 :  0.008 0.010 0.845 0.016 0.012 0.027 0.039 0.029 0.006 0.007 
219   ZFCR39    (0)    6 :  0.022 0.033 0.564 0.016 0.036 0.010 0.095 0.166 0.003 0.055 
220   ZFCR40    (0)    6 :  0.015 0.006 0.770 0.019 0.005 0.083 0.037 0.051 0.004 0.011 
221   ZFCR41    (0)    6 :  0.082 0.008 0.384 0.022 0.018 0.369 0.091 0.004 0.013 0.009 
222   ZFCR42    (0)    6 :  0.032 0.013 0.427 0.021 0.030 0.344 0.061 0.030 0.012 0.030 
223   ZFCR43    (0)    6 :  0.009 0.005 0.459 0.102 0.007 0.278 0.006 0.007 0.005 0.122 
224  ZFENP25    (0)    7 :  0.005 0.006 0.911 0.025 0.012 0.006 0.018 0.005 0.003 0.009 
225  ZFENP26    (0)    7 :  0.004 0.005 0.961 0.006 0.003 0.004 0.004 0.007 0.003 0.002 
226  ZFENP27    (0)    7 :  0.030 0.044 0.432 0.132 0.012 0.009 0.220 0.042 0.057 0.021 
227  ZFENP28    (0)    7 :  0.005 0.005 0.917 0.015 0.005 0.012 0.013 0.016 0.011 0.004 
228  ZFENP29    (0)    7 :  0.004 0.006 0.951 0.005 0.003 0.008 0.008 0.006 0.005 0.004 
229  ZFENP30    (0)    7 :  0.005 0.092 0.816 0.008 0.006 0.012 0.029 0.016 0.010 0.006 
230  ZFENP31    (0)    7 :  0.005 0.361 0.133 0.015 0.004 0.007 0.018 0.445 0.006 0.006 
231  ZFENP32    (0)    7 :  0.030 0.113 0.268 0.247 0.006 0.014 0.017 0.253 0.029 0.023 
232  ZFENP33    (0)    7 :  0.007 0.040 0.851 0.028 0.003 0.040 0.005 0.014 0.005 0.007 
233  ZFENP34    (0)    7 :  0.008 0.047 0.438 0.438 0.004 0.010 0.021 0.012 0.014 0.008 
234  ZFENP35    (0)    7 :  0.016 0.008 0.894 0.012 0.005 0.009 0.005 0.029 0.014 0.009 
235  ZFENP36    (0)    7 :  0.004 0.008 0.939 0.010 0.002 0.008 0.003 0.013 0.010 0.003 
236  ZFENP37    (0)    7 :  0.011 0.011 0.788 0.083 0.005 0.036 0.012 0.032 0.014 0.008 
237  ZFENP38    (0)    7 :  0.009 0.017 0.495 0.019 0.005 0.382 0.022 0.024 0.021 0.006 
238  ZFENP39    (0)    7 :  0.004 0.006 0.923 0.021 0.003 0.012 0.011 0.012 0.004 0.004 
239  ZFENP40    (0)    7 :  0.007 0.012 0.896 0.022 0.004 0.008 0.008 0.030 0.006 0.008 
240  ZFENP41    (0)    7 :  0.008 0.037 0.857 0.016 0.007 0.007 0.043 0.012 0.008 0.006 
241  ZFENP42    (0)    7 :  0.005 0.010 0.786 0.004 0.004 0.046 0.005 0.133 0.003 0.003 
242  ZFENP43    (0)    7 :  0.036 0.008 0.716 0.013 0.005 0.094 0.037 0.029 0.054 0.007 
243  ZFENP44    (0)    7 :  0.012 0.023 0.841 0.006 0.003 0.020 0.014 0.063 0.011 0.006 
244  ZFENP45    (0)    7 :  0.018 0.022 0.452 0.010 0.313 0.046 0.019 0.087 0.009 0.025 
245  ZFENP46    (0)    7 :  0.023 0.010 0.830 0.016 0.005 0.066 0.003 0.025 0.009 0.013 
246  ZFENP47    (0)    7 :  0.007 0.016 0.385 0.035 0.141 0.008 0.070 0.315 0.004 0.020 
247  ZFENP48    (0)    7 :  0.007 0.232 0.168 0.476 0.016 0.023 0.030 0.020 0.009 0.020 
248  ZFENP49    (0)    7 :  0.009 0.201 0.656 0.049 0.017 0.022 0.011 0.011 0.006 0.018 
249  ZFENP50    (0)    7 :  0.017 0.006 0.834 0.007 0.008 0.065 0.004 0.027 0.004 0.027 
250  ZFENP51    (0)    7 :  0.004 0.035 0.502 0.022 0.043 0.021 0.007 0.356 0.006 0.004 
251  ZFENP52    (0)    7 :  0.016 0.007 0.921 0.003 0.005 0.013 0.010 0.008 0.013 0.005 
252  ZFENP53    (0)    7 :  0.022 0.009 0.842 0.008 0.024 0.026 0.008 0.018 0.010 0.033 
253  ZFENP54    (0)    7 :  0.018 0.025 0.809 0.023 0.009 0.034 0.020 0.010 0.005 0.049 
254  ZFENP55    (0)    7 :  0.005 0.010 0.222 0.047 0.004 0.682 0.004 0.018 0.004 0.005 
255  ZFENP56    (0)    7 :  0.010 0.011 0.841 0.014 0.005 0.085 0.007 0.012 0.011 0.004 
256  ZFENP57    (0)    7 :  0.007 0.014 0.864 0.015 0.002 0.015 0.004 0.062 0.012 0.004 
257  ZFENP58    (0)    7 :  0.015 0.288 0.478 0.015 0.110 0.038 0.019 0.011 0.017 0.009 
258  ZFENP59    (0)    7 :  0.005 0.031 0.852 0.011 0.004 0.008 0.051 0.028 0.005 0.005 
259  ZFENP60    (0)    7 :  0.008 0.006 0.890 0.034 0.012 0.011 0.010 0.012 0.006 0.010 
260  ZFENP61    (0)    7 :  0.004 0.008 0.927 0.022 0.003 0.009 0.012 0.009 0.004 0.003 
261 ZFFDSP01    (0)    8 :  0.128 0.004 0.003 0.007 0.022 0.008 0.005 0.003 0.017 0.803 
262 ZFFDSP02    (0)    8 :  0.017 0.003 0.003 0.004 0.006 0.005 0.005 0.002 0.004 0.952 
263 ZFFDSP04    (0)    8 :  0.022 0.003 0.002 0.005 0.014 0.005 0.005 0.002 0.003 0.938 
264 ZFFDSP05    (0)    8 :  0.415 0.003 0.003 0.004 0.011 0.006 0.005 0.003 0.005 0.544 
265 ZFFDSP06    (0)    8 :  0.020 0.003 0.003 0.003 0.014 0.004 0.007 0.002 0.003 0.940 
266 ZFFDSP07    (0)    8 :  0.008 0.022 0.005 0.003 0.023 0.007 0.012 0.004 0.004 0.911 
267 ZFFDSP08    (0)    8 :  0.035 0.037 0.005 0.003 0.070 0.008 0.009 0.004 0.013 0.816 
268 ZFFDSP10    (0)    8 :  0.049 0.007 0.004 0.004 0.014 0.006 0.005 0.003 0.006 0.902 
269 ZFFDSP11    (0)    8 :  0.058 0.003 0.003 0.005 0.008 0.007 0.005 0.003 0.003 0.904 
270 ZFFDSP12    (0)    8 :  0.012 0.005 0.003 0.003 0.009 0.003 0.003 0.003 0.004 0.955 
271 ZFFDSP13    (0)    8 :  0.908 0.008 0.005 0.004 0.004 0.007 0.007 0.004 0.012 0.041 
272 ZFFDSP14    (0)    8 :  0.006 0.007 0.004 0.004 0.017 0.006 0.006 0.003 0.004 0.944 
273 ZFFDSP16    (0)    8 :  0.023 0.004 0.007 0.007 0.004 0.008 0.008 0.003 0.016 0.920 
274 ZFFDSP17    (0)    8 :  0.021 0.005 0.003 0.004 0.009 0.006 0.005 0.002 0.004 0.939 
275 ZFFDSP18    (0)    8 :  0.009 0.003 0.003 0.006 0.012 0.005 0.006 0.002 0.005 0.949 
276 ZFFDSP19    (0)    8 :  0.038 0.004 0.003 0.006 0.026 0.004 0.026 0.003 0.147 0.742 
277 ZFFDSP21    (0)    8 :  0.363 0.004 0.004 0.006 0.010 0.004 0.019 0.002 0.070 0.517 
278 ZFFDSP22    (0)    8 :  0.013 0.004 0.003 0.003 0.056 0.005 0.006 0.002 0.004 0.905 
279 ZFFDSP23    (0)    8 :  0.163 0.003 0.003 0.004 0.162 0.005 0.006 0.003 0.010 0.642 
280 ZFFDSP24    (0)    8 :  0.345 0.005 0.003 0.005 0.008 0.006 0.005 0.003 0.012 0.609 
281 ZFFDSP26    (9)    8 :  0.210 0.004 0.003 0.003 0.015 0.006 0.006 0.003 0.006 0.744 
282 ZFFDSP27    (0)    8 :  0.029 0.003 0.003 0.005 0.008 0.004 0.004 0.002 0.007 0.934 
283 ZFFDSP28    (0)    8 :  0.054 0.021 0.009 0.045 0.009 0.016 0.010 0.018 0.005 0.814 
284 ZFFDSP30    (0)    8 :  0.548 0.010 0.004 0.020 0.010 0.008 0.007 0.007 0.038 0.348 
285 ZFFDSP31    (0)    8 :  0.022 0.006 0.004 0.004 0.006 0.005 0.005 0.002 0.007 0.938 
286 ZFFDSP32    (0)    8 :  0.016 0.004 0.003 0.003 0.006 0.004 0.003 0.003 0.005 0.952 
287 ZFFDSP33    (0)    8 :  0.022 0.003 0.003 0.003 0.006 0.003 0.003 0.003 0.005 0.949 
288 ZFFDSP34    (0)    8 :  0.018 0.005 0.003 0.003 0.011 0.005 0.008 0.002 0.006 0.939 
289 ZFFDSP35    (0)    8 :  0.359 0.004 0.003 0.005 0.008 0.006 0.004 0.003 0.005 0.603 
290 ZFFDSP37    (0)    8 :  0.027 0.004 0.003 0.004 0.004 0.004 0.004 0.003 0.007 0.941 
291 ZFFDSP38    (0)    8 :  0.012 0.004 0.003 0.006 0.005 0.004 0.004 0.003 0.007 0.952 
292 ZFFDSP39    (0)    8 :  0.681 0.003 0.003 0.003 0.008 0.003 0.003 0.002 0.007 0.287 
293 ZFFDSP40    (0)    8 :  0.498 0.004 0.003 0.005 0.005 0.003 0.003 0.003 0.009 0.467 
294 ZFFDSP42    (0)    8 :  0.102 0.003 0.003 0.004 0.079 0.007 0.006 0.002 0.011 0.783 
295 ZFFDSP43    (0)    8 :  0.042 0.003 0.003 0.004 0.009 0.003 0.004 0.002 0.011 0.918 
296 ZFFDSP44    (0)    8 :  0.188 0.005 0.003 0.005 0.005 0.005 0.003 0.003 0.011 0.772 
297 ZFFDSP45    (0)    8 :  0.034 0.004 0.003 0.004 0.006 0.005 0.005 0.002 0.008 0.928 
298 ZFFDSP46    (0)    8 :  0.058 0.004 0.004 0.005 0.011 0.005 0.006 0.002 0.009 0.897 
299 ZFFDSP47    (0)    8 :  0.703 0.004 0.003 0.004 0.014 0.005 0.004 0.003 0.014 0.246 
300 ZFFDSP48    (0)    8 :  0.640 0.004 0.003 0.004 0.007 0.004 0.004 0.002 0.012 0.319 
301    ZFI01    (0)    9 :  0.004 0.011 0.008 0.923 0.004 0.008 0.007 0.023 0.008 0.004 
302    ZFI02    (0)    9 :  0.005 0.003 0.006 0.948 0.004 0.006 0.004 0.011 0.009 0.005 
303    ZFI03    (0)    9 :  0.004 0.005 0.005 0.957 0.003 0.006 0.005 0.005 0.007 0.003 
304    ZFI04    (0)    9 :  0.004 0.005 0.008 0.943 0.003 0.007 0.005 0.016 0.007 0.004 
305    ZFI05    (0)    9 :  0.007 0.008 0.007 0.933 0.003 0.004 0.004 0.005 0.025 0.004 
306    ZFI06    (0)    9 :  0.019 0.007 0.010 0.880 0.003 0.005 0.004 0.009 0.054 0.009 
307    ZFI07    (0)    9 :  0.004 0.006 0.005 0.959 0.003 0.005 0.004 0.005 0.005 0.004 
308    ZFI08    (0)    9 :  0.003 0.004 0.007 0.953 0.003 0.009 0.005 0.008 0.004 0.003 
309    ZFI09    (0)    9 :  0.004 0.005 0.007 0.955 0.003 0.004 0.004 0.008 0.007 0.004 
310    ZFI10    (0)    9 :  0.009 0.005 0.008 0.879 0.004 0.006 0.004 0.013 0.067 0.005 
311    ZFI11    (0)    9 :  0.004 0.008 0.006 0.948 0.002 0.005 0.004 0.013 0.007 0.003 
312    ZFI12    (0)    9 :  0.005 0.005 0.005 0.949 0.003 0.007 0.006 0.004 0.013 0.004 
313    ZFI13    (0)    9 :  0.005 0.015 0.006 0.946 0.002 0.005 0.005 0.005 0.007 0.004 
314    ZFI14    (0)    9 :  0.009 0.005 0.004 0.949 0.003 0.004 0.004 0.005 0.007 0.009 
315    ZFI15    (0)    9 :  0.003 0.005 0.006 0.964 0.002 0.003 0.004 0.004 0.005 0.004 
316    ZFI16    (0)    9 :  0.004 0.003 0.004 0.966 0.002 0.004 0.004 0.003 0.006 0.003 
317    ZFI17    (0)    9 :  0.005 0.005 0.007 0.950 0.002 0.005 0.004 0.008 0.011 0.003 
318    ZFI18    (0)    9 :  0.004 0.004 0.007 0.960 0.002 0.004 0.003 0.006 0.006 0.003 
319    ZFI19    (9)    9 :  0.004 0.008 0.005 0.960 0.002 0.005 0.003 0.004 0.006 0.003 
320    ZFI20    (0)    9 :  0.006 0.003 0.004 0.962 0.003 0.004 0.003 0.005 0.005 0.005 
321    ZFI21    (0)    9 :  0.019 0.005 0.004 0.935 0.003 0.004 0.004 0.004 0.012 0.011 
322    ZFI22    (0)    9 :  0.004 0.004 0.005 0.956 0.004 0.005 0.006 0.008 0.004 0.005 
323    ZFI23    (0)    9 :  0.004 0.004 0.005 0.961 0.002 0.005 0.004 0.004 0.008 0.003 
324    ZFI24    (0)    9 :  0.005 0.006 0.005 0.949 0.003 0.008 0.005 0.004 0.010 0.004 
325    ZFI25    (0)    9 :  0.004 0.004 0.006 0.956 0.004 0.005 0.006 0.004 0.005 0.005 
326    ZFI26    (0)    9 :  0.004 0.008 0.009 0.953 0.003 0.006 0.007 0.004 0.004 0.004 
327    ZFI27    (0)    9 :  0.008 0.013 0.006 0.907 0.003 0.009 0.005 0.004 0.042 0.004 
328    ZFK01    (0)    9 :  0.004 0.964 0.003 0.003 0.003 0.004 0.006 0.003 0.007 0.003 
329    ZFK02    (0)   10 :  0.004 0.965 0.004 0.003 0.003 0.004 0.005 0.003 0.006 0.004 
330    ZFK03    (0)   10 :  0.003 0.968 0.003 0.003 0.003 0.003 0.005 0.003 0.005 0.003 
331    ZFK04    (0)   10 :  0.003 0.970 0.003 0.004 0.003 0.003 0.004 0.004 0.003 0.003 
332    ZFK05    (0)   10 :  0.003 0.951 0.006 0.008 0.002 0.003 0.010 0.011 0.004 0.003 
333    ZFK06    (0)   10 :  0.003 0.952 0.006 0.008 0.003 0.004 0.011 0.006 0.004 0.003 
334    ZFK07    (0)   10 :  0.004 0.964 0.003 0.002 0.005 0.005 0.006 0.003 0.004 0.003 
335    ZFK08    (0)   10 :  0.004 0.966 0.004 0.004 0.003 0.005 0.004 0.004 0.002 0.004 
336    ZFK10    (0)   10 :  0.003 0.968 0.004 0.004 0.003 0.003 0.004 0.004 0.004 0.003 
337    ZFK11    (0)   10 :  0.003 0.952 0.006 0.007 0.003 0.003 0.011 0.008 0.004 0.003 
338    ZFK12    (0)   10 :  0.008 0.952 0.003 0.002 0.008 0.008 0.007 0.003 0.003 0.005 
339    ZFK13    (0)   10 :  0.021 0.920 0.004 0.003 0.009 0.004 0.008 0.007 0.005 0.018 
340    ZFK14    (0)   10 :  0.023 0.672 0.006 0.008 0.034 0.010 0.197 0.015 0.014 0.021 
341    ZFK15    (0)   10 :  0.012 0.937 0.003 0.004 0.005 0.003 0.006 0.010 0.004 0.014 
342    ZFK16    (0)   10 :  0.006 0.959 0.004 0.002 0.005 0.005 0.006 0.003 0.004 0.005 
343   ZFLB01    (0)   11 :  0.010 0.007 0.006 0.007 0.004 0.004 0.003 0.946 0.005 0.009 
344   ZFLB02    (0)   11 :  0.005 0.004 0.109 0.029 0.005 0.010 0.003 0.829 0.003 0.004 
345   ZFLB03    (0)   11 :  0.009 0.014 0.110 0.011 0.006 0.008 0.005 0.754 0.077 0.005 
346   ZFLB04    (0)   11 :  0.037 0.013 0.006 0.009 0.006 0.004 0.005 0.684 0.218 0.016 
347   ZFLB05    (0)   11 :  0.011 0.008 0.007 0.009 0.003 0.005 0.003 0.930 0.020 0.005 
348   ZFLB06    (0)   11 :  0.006 0.039 0.008 0.004 0.005 0.004 0.007 0.914 0.006 0.006 
349   ZFLB07    (0)   11 :  0.035 0.099 0.065 0.006 0.007 0.014 0.011 0.622 0.126 0.016 
350   ZFLB08    (0)   11 :  0.006 0.007 0.060 0.028 0.005 0.011 0.004 0.868 0.006 0.004 
351   ZFLB09    (9)   11 :  0.005 0.010 0.006 0.006 0.003 0.004 0.005 0.952 0.004 0.005 
352   ZFLB10    (0)   11 :  0.005 0.006 0.005 0.005 0.002 0.004 0.003 0.958 0.008 0.004 
353   ZFLB11    (0)   11 :  0.008 0.021 0.008 0.003 0.009 0.007 0.012 0.924 0.004 0.006 
354   ZFLB12    (0)   11 :  0.003 0.008 0.008 0.005 0.002 0.004 0.004 0.960 0.004 0.003 
355   ZFLB13    (0)   11 :  0.015 0.012 0.058 0.005 0.004 0.013 0.011 0.864 0.008 0.010 
356  ZFLTI01    (0)   12 :  0.899 0.005 0.004 0.004 0.013 0.007 0.035 0.003 0.010 0.019 
357  ZFLTI02    (0)   12 :  0.844 0.009 0.004 0.005 0.013 0.006 0.069 0.002 0.035 0.013 
358  ZFLTI03    (0)   12 :  0.940 0.005 0.003 0.004 0.010 0.005 0.010 0.002 0.014 0.008 
359  ZFLTI04    (0)   12 :  0.912 0.014 0.004 0.005 0.006 0.009 0.010 0.003 0.022 0.014 
360  ZFLTI05    (0)   12 :  0.942 0.006 0.004 0.004 0.004 0.004 0.007 0.002 0.018 0.007 
361  ZFLTI06    (0)   12 :  0.949 0.004 0.003 0.004 0.009 0.004 0.006 0.003 0.007 0.011 
362  ZFLTI07    (0)   12 :  0.950 0.005 0.004 0.005 0.004 0.005 0.006 0.002 0.006 0.012 
363  ZFLTI08    (0)   12 :  0.929 0.007 0.004 0.008 0.005 0.008 0.007 0.002 0.023 0.008 
364  ZFLTI09    (0)   12 :  0.947 0.005 0.003 0.007 0.004 0.005 0.005 0.002 0.008 0.012 
365  ZFLTI10    (0)   12 :  0.937 0.005 0.004 0.005 0.004 0.004 0.010 0.002 0.006 0.021 
366  ZFLTI11    (0)   12 :  0.935 0.005 0.003 0.004 0.017 0.005 0.007 0.002 0.009 0.013 
367  ZFLTI12    (0)   12 :  0.921 0.006 0.003 0.004 0.013 0.005 0.022 0.002 0.010 0.013 
368  ZFLTI13    (0)   12 :  0.870 0.009 0.005 0.005 0.013 0.009 0.023 0.002 0.057 0.008 
369  ZFLTI14    (0)   12 :  0.623 0.010 0.005 0.007 0.005 0.005 0.088 0.002 0.188 0.067 
370 ZFONF101    (0)   13 :  0.007 0.002 0.003 0.003 0.006 0.003 0.002 0.002 0.003 0.969 
371 ZFONF102    (0)   13 :  0.006 0.003 0.008 0.004 0.024 0.005 0.003 0.012 0.003 0.932 
372 ZFONF103    (0)   13 :  0.107 0.017 0.006 0.005 0.018 0.007 0.012 0.003 0.056 0.770 
373 ZFONF104    (0)   13 :  0.013 0.002 0.002 0.002 0.028 0.003 0.004 0.002 0.004 0.940 
374 ZFONF105    (0)   13 :  0.025 0.006 0.003 0.003 0.114 0.004 0.005 0.003 0.011 0.827 
375 ZFONF106    (0)   13 :  0.006 0.003 0.002 0.004 0.007 0.002 0.004 0.002 0.004 0.966 
376 ZFONF107    (0)   13 :  0.038 0.036 0.038 0.020 0.011 0.007 0.013 0.048 0.018 0.771 
377 ZFONF108    (0)   13 :  0.033 0.046 0.009 0.005 0.009 0.004 0.012 0.008 0.024 0.850 
378 ZFONF109    (9)   13 :  0.026 0.020 0.005 0.005 0.033 0.003 0.013 0.006 0.011 0.879 
379 ZFONF110    (0)   13 :  0.012 0.003 0.002 0.002 0.015 0.003 0.005 0.002 0.006 0.949 
380 ZFONF111    (0)   13 :  0.083 0.004 0.023 0.013 0.019 0.022 0.011 0.015 0.007 0.803 
381 ZFONF112    (0)   13 :  0.013 0.004 0.003 0.006 0.149 0.003 0.006 0.003 0.013 0.800 
382 ZFONF113    (9)   13 :  0.019 0.007 0.004 0.003 0.009 0.007 0.006 0.004 0.007 0.933 
383 ZFONF115    (0)   13 :  0.010 0.007 0.004 0.005 0.014 0.004 0.006 0.003 0.010 0.938 
384 ZFONF116    (0)   13 :  0.008 0.007 0.004 0.005 0.020 0.004 0.005 0.003 0.012 0.931 
385 ZFONF117    (0)   13 :  0.573 0.016 0.005 0.005 0.043 0.005 0.009 0.004 0.037 0.302 
386 ZFONF118    (0)   13 :  0.024 0.007 0.003 0.006 0.012 0.006 0.009 0.002 0.011 0.919 
387 ZFONF119    (0)   13 :  0.007 0.015 0.004 0.003 0.021 0.005 0.007 0.005 0.004 0.929 
388 ZFONF120    (0)   13 :  0.011 0.026 0.004 0.003 0.043 0.009 0.019 0.005 0.004 0.876 
389 ZFONF121    (0)   13 :  0.013 0.007 0.004 0.004 0.094 0.005 0.004 0.004 0.006 0.858 
