

----------------------------------------------------
STRUCTURE by Pritchard, Stephens and Donnelly (2000)
     and Falush, Stephens and Pritchard (2003)
       Code by Pritchard, Falush and Hubisz
             Version 2.3.4 (Jul 2012)
----------------------------------------------------



Command line arguments:   bin\structure -m C:\Users\eschumacher\Documents\GitHub\GCC_QUAC_ZAIN\Data_Files\Structure_Files\ZAIN\ZAIN_rebinned_wild\50-50\mainparams -e C:\Users\eschumacher\Documents\GitHub\GCC_QUAC_ZAIN\Data_Files\Structure_Files\ZAIN\ZAIN_rebinned_wild\50-50\extraparams 
Input File:    C:\Users\eschumacher\Documents\GitHub\GCC_QUAC_ZAIN\Data_Files\Structure_Files\ZAIN\ZAIN_rebinned_wild\project_data

Run parameters:
   751 individuals
   11 loci
   7 populations assumed
   50000 Burn-in period
   50000 Reps


--------------------------------------------
Proportion of membership of each pre-defined
 population in each of the 7 clusters

Given    Inferred Clusters                                   Number of
 Pop       1      2      3      4      5      6      7      Individuals

  1:     0.010  0.005  0.934  0.005  0.006  0.011  0.028       35
  2:     0.867  0.054  0.007  0.026  0.033  0.008  0.005       36
  3:     0.899  0.034  0.006  0.035  0.009  0.011  0.007       33
  4:     0.012  0.007  0.010  0.009  0.945  0.006  0.011       40
  5:     0.006  0.969  0.003  0.006  0.008  0.004  0.003       39
  6:     0.056  0.022  0.180  0.030  0.031  0.658  0.023       40
  7:     0.011  0.013  0.090  0.021  0.043  0.748  0.073       37
  8:     0.922  0.041  0.006  0.017  0.006  0.004  0.003       40
  9:     0.006  0.012  0.928  0.003  0.039  0.007  0.004       28
 10:     0.014  0.009  0.013  0.008  0.926  0.015  0.016       14
 11:     0.012  0.028  0.012  0.006  0.009  0.028  0.906       13
 12:     0.086  0.870  0.005  0.014  0.018  0.005  0.002       14
 13:     0.889  0.030  0.006  0.044  0.011  0.007  0.014       25
 14:     0.015  0.007  0.007  0.951  0.008  0.005  0.006       40
 15:     0.027  0.044  0.022  0.008  0.872  0.019  0.008       32
 16:     0.003  0.003  0.003  0.003  0.003  0.003  0.982       20
 17:     0.012  0.007  0.669  0.005  0.010  0.294  0.003        4
 18:     0.034  0.008  0.904  0.013  0.016  0.023  0.004       23
 19:     0.007  0.006  0.952  0.005  0.009  0.017  0.004       39
 20:     0.005  0.004  0.922  0.004  0.007  0.014  0.044       38
 21:     0.129  0.775  0.005  0.065  0.009  0.010  0.006       45
 22:     0.502  0.418  0.005  0.027  0.017  0.010  0.022       28
 23:     0.006  0.008  0.918  0.005  0.007  0.050  0.007        6
 24:     0.012  0.019  0.021  0.036  0.011  0.896  0.004       40
 25:     0.012  0.018  0.027  0.011  0.017  0.843  0.072       42
--------------------------------------------

Allele-freq. divergence among pops (Net nucleotide distance),
computed using point estimates of P.

      1       2       3       4       5       6       7      
 1      -    0.1064  0.2125  0.1065  0.1636  0.1467  0.3562  
 2   0.1064     -    0.2167  0.1721  0.1223  0.1217  0.3621  
 3   0.2125  0.2167     -    0.3112  0.1433  0.0799  0.2519  
 4   0.1065  0.1721  0.3112     -    0.1810  0.2030  0.4377  
 5   0.1636  0.1223  0.1433  0.1810     -    0.0976  0.2938  
 6   0.1467  0.1217  0.0799  0.2030  0.0976     -    0.2210  
 7   0.3562  0.3621  0.2519  0.4377  0.2938  0.2210     -    

Average distances (expected heterozygosity) between individuals in same cluster:
cluster  1  : 0.4115 
cluster  2  : 0.3960 
cluster  3  : 0.4943 
cluster  4  : 0.3686 
cluster  5  : 0.4369 
cluster  6  : 0.5611 
cluster  7  : 0.2698 

--------------------------------------------
Estimated Ln Prob of Data   = -14250.8
Mean value of ln likelihood = -13935.0
Variance of ln likelihood   = 631.6
Mean value of alpha         = 0.0330

Mean value of Fst_1         = 0.3492
Mean value of Fst_2         = 0.4718
Mean value of Fst_3         = 0.3528
Mean value of Fst_4         = 0.4249
Mean value of Fst_5         = 0.3994
Mean value of Fst_6         = 0.1323
Mean value of Fst_7         = 0.6084


Inferred ancestry of individuals:
        Label (%Miss) Pop:  Inferred clusters
  1    ZFB01    (0)    1 :  0.007 0.004 0.971 0.003 0.004 0.004 0.007 
  2    ZFB02    (0)    1 :  0.004 0.003 0.966 0.003 0.008 0.005 0.011 
  3    ZFB03    (0)    1 :  0.006 0.010 0.963 0.003 0.006 0.010 0.003 
  4    ZFB04    (0)    1 :  0.006 0.003 0.963 0.003 0.005 0.005 0.015 
  5    ZFB05    (0)    1 :  0.003 0.011 0.835 0.014 0.010 0.062 0.065 
  6    ZFB06    (0)    1 :  0.003 0.011 0.870 0.015 0.007 0.046 0.048 
  7    ZFB07    (9)    1 :  0.010 0.007 0.950 0.005 0.005 0.011 0.011 
  8    ZFB08    (0)    1 :  0.005 0.005 0.968 0.004 0.006 0.008 0.003 
  9    ZFB09    (0)    1 :  0.004 0.003 0.978 0.003 0.004 0.005 0.004 
 10    ZFB10    (0)    1 :  0.025 0.005 0.944 0.006 0.007 0.005 0.008 
 11    ZFB11    (0)    1 :  0.012 0.003 0.953 0.004 0.006 0.004 0.018 
 12    ZFB12    (0)    1 :  0.006 0.006 0.967 0.003 0.003 0.008 0.008 
 13    ZFB13    (0)    1 :  0.008 0.004 0.966 0.005 0.004 0.010 0.003 
 14    ZFB14    (0)    1 :  0.006 0.004 0.973 0.004 0.006 0.005 0.003 
 15    ZFB15    (0)    1 :  0.003 0.003 0.976 0.002 0.003 0.004 0.008 
 16    ZFB16    (0)    1 :  0.006 0.004 0.971 0.003 0.003 0.007 0.006 
 17    ZFB17    (0)    1 :  0.015 0.009 0.892 0.013 0.022 0.024 0.026 
 18    ZFB18    (0)    1 :  0.005 0.003 0.976 0.003 0.005 0.004 0.003 
 19    ZFB19    (0)    1 :  0.035 0.010 0.916 0.007 0.004 0.023 0.005 
 20    ZFB20    (0)    1 :  0.005 0.003 0.965 0.003 0.004 0.006 0.014 
 21    ZFB21    (0)    1 :  0.003 0.003 0.977 0.002 0.003 0.005 0.006 
 22    ZFB22    (0)    1 :  0.015 0.008 0.902 0.014 0.010 0.012 0.040 
 23    ZFB23    (0)    1 :  0.010 0.005 0.940 0.004 0.005 0.005 0.030 
 24    ZFB24    (0)    1 :  0.009 0.004 0.948 0.004 0.005 0.004 0.027 
 25    ZFB25    (0)    1 :  0.044 0.008 0.922 0.006 0.006 0.004 0.010 
 26    ZFB26    (0)    1 :  0.028 0.006 0.870 0.005 0.007 0.005 0.079 
 27    ZFB27    (0)    1 :  0.009 0.004 0.846 0.003 0.005 0.004 0.129 
 28    ZFB28    (0)    1 :  0.006 0.006 0.909 0.003 0.008 0.012 0.057 
 29    ZFB29    (0)    1 :  0.004 0.003 0.969 0.003 0.007 0.005 0.010 
 30    ZFB30    (0)    1 :  0.005 0.009 0.673 0.012 0.004 0.027 0.272 
 31    ZFB31    (0)    1 :  0.026 0.006 0.945 0.005 0.005 0.005 0.008 
 32    ZFB32    (0)    1 :  0.011 0.009 0.914 0.004 0.018 0.017 0.027 
 33    ZFB33    (0)    1 :  0.004 0.003 0.976 0.003 0.003 0.004 0.007 
 34    ZFB34    (0)    1 :  0.004 0.004 0.976 0.003 0.006 0.005 0.003 
 35    ZFB35    (0)    1 :  0.009 0.005 0.966 0.004 0.005 0.005 0.007 
 36  ZFBP101    (0)    2 :  0.689 0.093 0.012 0.039 0.152 0.013 0.003 
 37  ZFBP102    (0)    2 :  0.910 0.019 0.018 0.015 0.020 0.015 0.003 
 38  ZFBP103    (0)    2 :  0.408 0.290 0.008 0.015 0.265 0.010 0.003 
 39  ZFBP104    (0)    2 :  0.820 0.078 0.038 0.008 0.004 0.049 0.003 
 40  ZFBP105    (0)    2 :  0.936 0.036 0.006 0.005 0.006 0.006 0.005 
 41  ZFBP106    (0)    2 :  0.933 0.040 0.004 0.009 0.008 0.004 0.003 
 42  ZFBP107    (0)    2 :  0.891 0.054 0.006 0.005 0.010 0.009 0.025 
 43  ZFBP108    (0)    2 :  0.976 0.007 0.003 0.004 0.003 0.003 0.003 
 44  ZFBP109    (0)    2 :  0.973 0.009 0.003 0.004 0.004 0.004 0.002 
 45  ZFBP110    (0)    2 :  0.684 0.180 0.040 0.006 0.045 0.042 0.003 
 46  ZFBP111    (0)    2 :  0.674 0.061 0.003 0.245 0.005 0.007 0.004 
 47  ZFBP112    (0)    2 :  0.925 0.012 0.004 0.035 0.012 0.005 0.006 
 48  ZFBP113    (0)    2 :  0.975 0.005 0.004 0.004 0.003 0.005 0.004 
 49  ZFBP114    (0)    2 :  0.956 0.013 0.004 0.006 0.007 0.004 0.011 
 50  ZFBP115    (0)    2 :  0.531 0.421 0.003 0.019 0.015 0.006 0.004 
 51  ZFBP116    (0)    2 :  0.967 0.010 0.003 0.005 0.004 0.005 0.004 
 52  ZFBP117    (0)    2 :  0.968 0.009 0.003 0.007 0.007 0.004 0.002 
 53  ZFBP118    (0)    2 :  0.956 0.012 0.003 0.007 0.005 0.005 0.012 
 54  ZFBP119    (0)    2 :  0.819 0.119 0.004 0.016 0.032 0.008 0.002 
 55  ZFBP120    (0)    2 :  0.942 0.032 0.006 0.005 0.004 0.006 0.004 
 56  ZFBP121    (0)    2 :  0.962 0.011 0.005 0.005 0.009 0.004 0.003 
 57  ZFBP122    (9)    2 :  0.965 0.010 0.004 0.009 0.005 0.004 0.003 
 58  ZFBP123    (0)    2 :  0.939 0.009 0.004 0.019 0.015 0.006 0.008 
 59  ZFBP124    (0)    2 :  0.969 0.007 0.006 0.005 0.005 0.004 0.005 
 60  ZFBP125    (0)    2 :  0.960 0.012 0.002 0.013 0.006 0.003 0.003 
 61  ZFBP126    (0)    2 :  0.923 0.005 0.013 0.006 0.028 0.022 0.003 
 62  ZFBP127    (0)    2 :  0.908 0.065 0.003 0.004 0.013 0.004 0.003 
 63  ZFBP128    (0)    2 :  0.945 0.014 0.004 0.020 0.012 0.003 0.002 
 64  ZFBP129    (0)    2 :  0.848 0.007 0.004 0.124 0.008 0.006 0.003 
 65  ZFBP130    (0)    2 :  0.908 0.014 0.002 0.050 0.018 0.005 0.004 
 66  ZFBP131    (0)    2 :  0.976 0.004 0.004 0.004 0.004 0.004 0.004 
 67  ZFBP132    (0)    2 :  0.973 0.009 0.003 0.004 0.004 0.003 0.003 
 68  ZFBP133    (0)    2 :  0.845 0.004 0.003 0.136 0.007 0.003 0.002 
 69  ZFBP134    (0)    2 :  0.752 0.181 0.004 0.016 0.038 0.005 0.003 
 70  ZFBP135    (0)    2 :  0.662 0.033 0.014 0.014 0.265 0.009 0.002 
 71  ZFBP136    (0)    2 :  0.750 0.053 0.004 0.047 0.131 0.005 0.010 
 72  ZFBP201    (0)    3 :  0.962 0.010 0.005 0.005 0.006 0.005 0.007 
 73  ZFBP202    (0)    3 :  0.964 0.012 0.005 0.007 0.004 0.004 0.003 
 74  ZFBP203    (0)    3 :  0.868 0.007 0.009 0.019 0.006 0.026 0.066 
 75  ZFBP204    (0)    3 :  0.896 0.052 0.005 0.019 0.017 0.006 0.005 
 76  ZFBP205    (0)    3 :  0.963 0.004 0.003 0.012 0.009 0.004 0.005 
 77  ZFBP206    (0)    3 :  0.898 0.006 0.006 0.063 0.016 0.005 0.007 
 78  ZFBP207    (0)    3 :  0.775 0.191 0.004 0.009 0.012 0.005 0.005 
 79  ZFBP208    (0)    3 :  0.950 0.005 0.004 0.010 0.007 0.009 0.014 
 80  ZFBP209    (0)    3 :  0.891 0.005 0.003 0.089 0.007 0.003 0.002 
 81  ZFBP210    (0)    3 :  0.952 0.010 0.005 0.011 0.006 0.007 0.009 
 82  ZFBP211    (0)    3 :  0.968 0.009 0.005 0.004 0.005 0.004 0.003 
 83  ZFBP212    (0)    3 :  0.930 0.051 0.005 0.005 0.003 0.004 0.003 
 84  ZFBP213    (0)    3 :  0.944 0.010 0.009 0.012 0.014 0.006 0.005 
 85  ZFBP214    (0)    3 :  0.793 0.042 0.010 0.091 0.045 0.015 0.005 
 86  ZFBP215    (0)    3 :  0.972 0.006 0.004 0.007 0.005 0.004 0.003 
 87  ZFBP216    (0)    3 :  0.954 0.010 0.005 0.005 0.006 0.014 0.007 
 88  ZFBP217    (0)    3 :  0.651 0.068 0.007 0.249 0.008 0.011 0.005 
 89  ZFBP218    (0)    3 :  0.971 0.005 0.003 0.011 0.003 0.004 0.003 
 90  ZFBP219    (0)    3 :  0.975 0.006 0.003 0.005 0.003 0.004 0.004 
 91  ZFBP220    (0)    3 :  0.916 0.024 0.003 0.033 0.015 0.005 0.004 
 92  ZFBP221    (0)    3 :  0.955 0.023 0.004 0.008 0.003 0.004 0.004 
 93  ZFBP222    (0)    3 :  0.964 0.004 0.005 0.010 0.008 0.005 0.005 
 94  ZFBP223    (0)    3 :  0.802 0.159 0.007 0.010 0.008 0.008 0.007 
 95  ZFBP224    (0)    3 :  0.966 0.007 0.005 0.006 0.006 0.006 0.004 
 96  ZFBP225    (0)    3 :  0.489 0.114 0.004 0.357 0.012 0.013 0.011 
 97  ZFBP226    (0)    3 :  0.973 0.006 0.003 0.005 0.004 0.004 0.004 
 98  ZFBP227    (0)    3 :  0.767 0.045 0.029 0.007 0.006 0.141 0.004 
 99  ZFBP228    (0)    3 :  0.791 0.173 0.004 0.008 0.016 0.004 0.003 
100  ZFBP229    (0)    3 :  0.957 0.008 0.003 0.019 0.006 0.004 0.003 
101  ZFBP230    (0)    3 :  0.909 0.026 0.003 0.028 0.024 0.006 0.003 
102  ZFBP231    (0)    3 :  0.967 0.009 0.005 0.005 0.005 0.005 0.004 
103  ZFBP232    (0)    3 :  0.974 0.005 0.003 0.008 0.004 0.003 0.003 
104  ZFBP233    (0)    3 :  0.955 0.011 0.005 0.015 0.006 0.005 0.004 
105   ZFCC01    (0)    4 :  0.004 0.004 0.010 0.005 0.970 0.004 0.004 
106   ZFCC03    (0)    4 :  0.004 0.006 0.004 0.005 0.975 0.003 0.003 
107   ZFCC04    (0)    4 :  0.004 0.005 0.005 0.007 0.973 0.004 0.003 
108   ZFCC05    (0)    4 :  0.006 0.009 0.006 0.006 0.964 0.005 0.004 
109   ZFCC08    (0)    4 :  0.011 0.007 0.004 0.016 0.955 0.004 0.002 
110   ZFCC09    (0)    4 :  0.004 0.005 0.006 0.004 0.974 0.003 0.003 
111   ZFCC10    (0)    4 :  0.005 0.004 0.010 0.004 0.971 0.003 0.003 
112   ZFCC11    (0)    4 :  0.005 0.005 0.006 0.005 0.972 0.004 0.003 
113   ZFCC12    (0)    4 :  0.006 0.007 0.032 0.004 0.935 0.011 0.004 
114   ZFCC13    (0)    4 :  0.010 0.012 0.004 0.008 0.947 0.008 0.010 
115   ZFCC14    (0)    4 :  0.009 0.004 0.008 0.007 0.961 0.005 0.005 
116   ZFCC15    (0)    4 :  0.004 0.006 0.005 0.005 0.969 0.006 0.005 
117   ZFCC16    (0)    4 :  0.004 0.004 0.005 0.004 0.976 0.004 0.003 
118   ZFCC17    (0)    4 :  0.003 0.004 0.006 0.003 0.974 0.004 0.005 
119   ZFCC18    (0)    4 :  0.004 0.006 0.005 0.007 0.971 0.004 0.004 
120   ZFCC19    (0)    4 :  0.003 0.003 0.006 0.004 0.970 0.007 0.007 
121   ZFCC20    (0)    4 :  0.004 0.007 0.004 0.006 0.973 0.004 0.003 
122   ZFCC21    (0)    4 :  0.034 0.007 0.010 0.040 0.887 0.015 0.008 
123   ZFCC22    (0)    4 :  0.180 0.019 0.006 0.045 0.740 0.004 0.006 
124   ZFCC26    (0)    4 :  0.003 0.005 0.005 0.004 0.976 0.004 0.003 
125   ZFCC27    (0)    4 :  0.004 0.005 0.004 0.004 0.978 0.003 0.003 
126   ZFCC29    (0)    4 :  0.005 0.005 0.006 0.005 0.968 0.007 0.003 
127   ZFCC30    (0)    4 :  0.003 0.006 0.003 0.006 0.975 0.003 0.003 
128   ZFCC32    (0)    4 :  0.005 0.006 0.006 0.006 0.964 0.007 0.006 
129   ZFCC33    (0)    4 :  0.004 0.005 0.006 0.003 0.972 0.005 0.004 
130   ZFCC34    (0)    4 :  0.046 0.032 0.014 0.015 0.881 0.005 0.007 
131   ZFCC35    (0)    4 :  0.003 0.004 0.003 0.004 0.978 0.003 0.004 
132   ZFCC36    (0)    4 :  0.008 0.006 0.005 0.012 0.948 0.007 0.014 
133   ZFCC37    (0)    4 :  0.008 0.008 0.029 0.005 0.934 0.013 0.004 
134   ZFCC40    (0)    4 :  0.006 0.003 0.005 0.004 0.970 0.003 0.007 
135   ZFCC42    (0)    4 :  0.004 0.017 0.129 0.006 0.563 0.025 0.256 
136   ZFCC44    (0)    4 :  0.003 0.007 0.003 0.003 0.975 0.003 0.006 
137   ZFCC45    (9)    4 :  0.005 0.006 0.012 0.004 0.948 0.009 0.015 
138   ZFCC46    (0)    4 :  0.009 0.014 0.003 0.029 0.937 0.004 0.004 
139   ZFCC47    (0)    4 :  0.004 0.007 0.021 0.007 0.952 0.005 0.003 
140   ZFCC48    (0)    4 :  0.020 0.005 0.006 0.029 0.931 0.005 0.004 
141   ZFCC50    (0)    4 :  0.003 0.004 0.005 0.004 0.978 0.004 0.003 
142   ZFCC51    (0)    4 :  0.003 0.006 0.004 0.004 0.977 0.003 0.003 
143   ZFCC52    (0)    4 :  0.009 0.006 0.005 0.011 0.959 0.004 0.006 
144   ZFCC53    (0)    4 :  0.003 0.004 0.004 0.004 0.979 0.003 0.003 
145  ZFCNS01    (0)    5 :  0.004 0.969 0.003 0.003 0.005 0.009 0.007 
146  ZFCNS02    (0)    5 :  0.004 0.975 0.003 0.005 0.007 0.003 0.003 
147  ZFCNS05    (0)    5 :  0.007 0.968 0.004 0.006 0.008 0.004 0.003 
148  ZFCNS06    (0)    5 :  0.006 0.970 0.003 0.006 0.009 0.003 0.003 
149  ZFCNS07    (0)    5 :  0.009 0.961 0.004 0.015 0.005 0.004 0.003 
150  ZFCNS10    (0)    5 :  0.005 0.977 0.003 0.005 0.004 0.003 0.003 
151  ZFCNS11    (0)    5 :  0.004 0.975 0.003 0.004 0.005 0.005 0.004 
152  ZFCNS15    (0)    5 :  0.012 0.970 0.003 0.005 0.004 0.004 0.003 
153  ZFCNS17    (0)    5 :  0.005 0.969 0.003 0.005 0.011 0.004 0.003 
154  ZFCNS18    (0)    5 :  0.005 0.977 0.003 0.004 0.006 0.003 0.003 
155  ZFCNS19    (0)    5 :  0.003 0.976 0.003 0.005 0.007 0.003 0.003 
156  ZFCNS20    (0)    5 :  0.011 0.959 0.004 0.012 0.007 0.004 0.003 
157  ZFCNS21    (0)    5 :  0.004 0.978 0.003 0.003 0.007 0.003 0.002 
158  ZFCNS22    (0)    5 :  0.012 0.966 0.004 0.005 0.006 0.004 0.003 
159  ZFCNS23    (0)    5 :  0.006 0.926 0.007 0.013 0.025 0.010 0.012 
160  ZFCNS24    (0)    5 :  0.005 0.965 0.003 0.004 0.016 0.004 0.003 
161  ZFCNS25    (0)    5 :  0.008 0.966 0.003 0.007 0.009 0.004 0.003 
162  ZFCNS26    (0)    5 :  0.005 0.977 0.004 0.004 0.004 0.003 0.003 
163  ZFCNS27    (0)    5 :  0.021 0.958 0.003 0.007 0.004 0.003 0.003 
164  ZFCNS28    (0)    5 :  0.005 0.974 0.004 0.005 0.006 0.003 0.003 
165  ZFCNS29    (0)    5 :  0.008 0.965 0.004 0.005 0.012 0.004 0.003 
166  ZFCNS30    (0)    5 :  0.004 0.975 0.004 0.003 0.007 0.004 0.003 
167  ZFCNS31    (0)    5 :  0.005 0.976 0.004 0.005 0.004 0.003 0.003 
168  ZFCNS32    (0)    5 :  0.005 0.974 0.004 0.005 0.006 0.004 0.002 
169  ZFCNS33    (0)    5 :  0.004 0.978 0.004 0.005 0.004 0.003 0.002 
170  ZFCNS34    (0)    5 :  0.005 0.962 0.003 0.005 0.018 0.004 0.003 
171  ZFCNS35    (0)    5 :  0.004 0.976 0.004 0.004 0.005 0.003 0.002 
172  ZFCNS36    (0)    5 :  0.005 0.949 0.003 0.007 0.030 0.004 0.002 
173  ZFCNS37    (0)    5 :  0.005 0.977 0.003 0.003 0.005 0.004 0.003 
174  ZFCNS39    (0)    5 :  0.004 0.975 0.002 0.006 0.006 0.003 0.003 
175  ZFCNS40    (0)    5 :  0.006 0.951 0.003 0.014 0.019 0.004 0.003 
176  ZFCNS41    (0)    5 :  0.010 0.959 0.005 0.004 0.010 0.008 0.004 
177  ZFCNS42    (0)    5 :  0.006 0.977 0.003 0.003 0.005 0.003 0.002 
178  ZFCNS43    (0)    5 :  0.004 0.976 0.003 0.003 0.008 0.003 0.003 
179  ZFCNS44    (0)    5 :  0.004 0.979 0.003 0.003 0.005 0.003 0.003 
180  ZFCNS46    (0)    5 :  0.006 0.974 0.003 0.004 0.006 0.004 0.003 
181  ZFCNS47    (0)    5 :  0.004 0.978 0.003 0.003 0.006 0.004 0.003 
182  ZFCNS48    (0)    5 :  0.006 0.974 0.003 0.005 0.005 0.004 0.003 
183  ZFCNS49    (0)    5 :  0.007 0.978 0.003 0.003 0.003 0.003 0.003 
184   ZFCR01    (0)    6 :  0.042 0.004 0.457 0.031 0.015 0.442 0.008 
185   ZFCR02    (0)    6 :  0.019 0.007 0.058 0.018 0.030 0.852 0.015 
186   ZFCR03    (0)    6 :  0.061 0.007 0.540 0.040 0.058 0.255 0.039 
187   ZFCR04    (0)    6 :  0.035 0.034 0.755 0.045 0.017 0.081 0.033 
188   ZFCR05    (0)    6 :  0.005 0.004 0.063 0.005 0.024 0.892 0.008 
189   ZFCR06    (0)    6 :  0.115 0.114 0.112 0.035 0.026 0.593 0.004 
190   ZFCR07    (0)    6 :  0.009 0.051 0.036 0.003 0.015 0.880 0.006 
191   ZFCR08    (0)    6 :  0.026 0.010 0.180 0.058 0.214 0.456 0.056 
192   ZFCR09    (0)    6 :  0.101 0.039 0.523 0.040 0.059 0.124 0.115 
193   ZFCR11    (0)    6 :  0.033 0.065 0.161 0.003 0.011 0.720 0.006 
194   ZFCR12    (0)    6 :  0.025 0.177 0.009 0.030 0.013 0.742 0.004 
195   ZFCR13    (0)    6 :  0.085 0.011 0.009 0.006 0.006 0.879 0.004 
196   ZFCR14    (0)    6 :  0.008 0.007 0.019 0.012 0.011 0.937 0.005 
197   ZFCR15    (0)    6 :  0.034 0.014 0.067 0.040 0.022 0.805 0.018 
198   ZFCR16    (0)    6 :  0.027 0.004 0.059 0.040 0.011 0.854 0.005 
199   ZFCR18    (0)    6 :  0.030 0.015 0.679 0.018 0.064 0.188 0.006 
200   ZFCR19    (0)    6 :  0.024 0.007 0.526 0.324 0.016 0.099 0.004 
201   ZFCR20    (0)    6 :  0.084 0.009 0.769 0.016 0.016 0.100 0.006 
202   ZFCR21    (0)    6 :  0.014 0.007 0.014 0.010 0.019 0.933 0.003 
203   ZFCR22    (0)    6 :  0.011 0.005 0.008 0.023 0.006 0.945 0.003 
204   ZFCR23    (0)    6 :  0.221 0.017 0.025 0.008 0.004 0.692 0.033 
205   ZFCR24    (9)    6 :  0.537 0.006 0.101 0.007 0.011 0.331 0.006 
206   ZFCR25    (0)    6 :  0.004 0.003 0.016 0.003 0.006 0.965 0.003 
207   ZFCR26    (0)    6 :  0.031 0.008 0.172 0.034 0.025 0.727 0.004 
208   ZFCR27    (9)    6 :  0.003 0.003 0.061 0.003 0.005 0.921 0.004 
209   ZFCR28    (0)    6 :  0.187 0.024 0.009 0.124 0.010 0.636 0.010 
210   ZFCR29    (0)    6 :  0.017 0.005 0.122 0.008 0.012 0.832 0.004 
211   ZFCR30    (0)    6 :  0.005 0.006 0.010 0.006 0.005 0.964 0.005 
212   ZFCR31    (0)    6 :  0.163 0.088 0.475 0.043 0.022 0.194 0.016 
213   ZFCR33    (0)    6 :  0.008 0.008 0.026 0.007 0.036 0.897 0.017 
214   ZFCR34    (0)    6 :  0.054 0.031 0.040 0.021 0.024 0.809 0.021 
215   ZFCR35    (0)    6 :  0.014 0.017 0.806 0.013 0.039 0.102 0.008 
216   ZFCR36    (0)    6 :  0.011 0.013 0.092 0.006 0.008 0.857 0.013 
217   ZFCR37    (0)    6 :  0.004 0.004 0.019 0.004 0.034 0.926 0.008 
218   ZFCR38    (0)    6 :  0.005 0.006 0.032 0.007 0.031 0.909 0.009 
219   ZFCR39    (0)    6 :  0.057 0.009 0.046 0.047 0.228 0.288 0.326 
220   ZFCR40    (0)    6 :  0.015 0.010 0.030 0.005 0.029 0.855 0.056 
221   ZFCR41    (0)    6 :  0.010 0.030 0.007 0.013 0.034 0.902 0.003 
222   ZFCR42    (0)    6 :  0.025 0.015 0.011 0.020 0.035 0.883 0.011 
223   ZFCR43    (0)    6 :  0.092 0.007 0.036 0.007 0.006 0.847 0.005 
224  ZFENP25    (0)    7 :  0.011 0.005 0.049 0.013 0.025 0.891 0.007 
225  ZFENP26    (0)    7 :  0.003 0.004 0.012 0.003 0.005 0.957 0.016 
226  ZFENP27    (0)    7 :  0.015 0.093 0.353 0.008 0.330 0.180 0.021 
227  ZFENP28    (0)    7 :  0.004 0.007 0.032 0.004 0.011 0.922 0.019 
228  ZFENP29    (0)    7 :  0.004 0.004 0.007 0.003 0.008 0.964 0.009 
229  ZFENP30    (0)    7 :  0.005 0.006 0.009 0.006 0.068 0.879 0.027 
230  ZFENP31    (0)    7 :  0.010 0.009 0.193 0.006 0.094 0.261 0.427 
231  ZFENP32    (0)    7 :  0.018 0.027 0.469 0.008 0.030 0.260 0.188 
232  ZFENP33    (0)    7 :  0.005 0.006 0.027 0.003 0.007 0.942 0.009 
233  ZFENP34    (0)    7 :  0.014 0.016 0.563 0.006 0.049 0.342 0.011 
234  ZFENP35    (0)    7 :  0.010 0.018 0.014 0.005 0.006 0.744 0.204 
235  ZFENP36    (0)    7 :  0.003 0.007 0.015 0.002 0.004 0.949 0.020 
236  ZFENP37    (0)    7 :  0.007 0.010 0.091 0.004 0.011 0.837 0.039 
237  ZFENP38    (0)    7 :  0.005 0.011 0.007 0.004 0.011 0.952 0.009 
238  ZFENP39    (0)    7 :  0.003 0.004 0.031 0.003 0.010 0.925 0.024 
239  ZFENP40    (0)    7 :  0.009 0.007 0.081 0.004 0.016 0.801 0.082 
240  ZFENP41    (0)    7 :  0.006 0.009 0.022 0.009 0.145 0.704 0.105 
241  ZFENP42    (0)    7 :  0.004 0.004 0.004 0.003 0.006 0.672 0.306 
242  ZFENP43    (0)    7 :  0.006 0.049 0.019 0.004 0.037 0.873 0.012 
243  ZFENP44    (0)    7 :  0.017 0.038 0.014 0.003 0.035 0.711 0.184 
244  ZFENP45    (0)    7 :  0.033 0.015 0.015 0.317 0.027 0.414 0.179 
245  ZFENP46    (0)    7 :  0.010 0.011 0.017 0.003 0.004 0.940 0.015 
246  ZFENP47    (0)    7 :  0.010 0.004 0.118 0.133 0.256 0.161 0.318 
247  ZFENP48    (0)    7 :  0.029 0.016 0.581 0.024 0.111 0.218 0.021 
248  ZFENP49    (0)    7 :  0.015 0.007 0.088 0.015 0.035 0.833 0.006 
249  ZFENP50    (0)    7 :  0.032 0.009 0.009 0.008 0.004 0.900 0.038 
250  ZFENP51    (0)    7 :  0.004 0.005 0.242 0.052 0.012 0.587 0.099 
251  ZFENP52    (0)    7 :  0.006 0.019 0.004 0.003 0.016 0.938 0.015 
252  ZFENP53    (0)    7 :  0.021 0.012 0.008 0.015 0.008 0.903 0.033 
253  ZFENP54    (0)    7 :  0.039 0.009 0.015 0.009 0.025 0.892 0.011 
254  ZFENP55    (0)    7 :  0.005 0.004 0.063 0.004 0.004 0.913 0.007 
255  ZFENP56    (0)    7 :  0.003 0.008 0.014 0.004 0.006 0.958 0.007 
256  ZFENP57    (0)    7 :  0.005 0.010 0.019 0.002 0.005 0.861 0.098 
257  ZFENP58    (0)    7 :  0.009 0.013 0.013 0.078 0.059 0.822 0.006 
258  ZFENP59    (0)    7 :  0.005 0.005 0.034 0.004 0.093 0.755 0.103 
259  ZFENP60    (0)    7 :  0.008 0.006 0.063 0.011 0.011 0.878 0.024 
260  ZFENP61    (0)    7 :  0.003 0.003 0.027 0.003 0.014 0.936 0.014 
261 ZFFDSP01    (0)    8 :  0.934 0.030 0.005 0.020 0.005 0.003 0.003 
262 ZFFDSP02    (0)    8 :  0.974 0.007 0.003 0.006 0.005 0.004 0.002 
263 ZFFDSP04    (0)    8 :  0.964 0.006 0.005 0.016 0.005 0.003 0.002 
264 ZFFDSP05    (0)    8 :  0.959 0.016 0.003 0.010 0.004 0.005 0.003 
265 ZFFDSP06    (0)    8 :  0.968 0.006 0.003 0.013 0.005 0.003 0.002 
266 ZFFDSP07    (0)    8 :  0.927 0.006 0.004 0.035 0.018 0.006 0.005 
267 ZFFDSP08    (0)    8 :  0.887 0.022 0.003 0.064 0.013 0.006 0.004 
268 ZFFDSP10    (0)    8 :  0.964 0.009 0.004 0.010 0.005 0.005 0.004 
269 ZFFDSP11    (0)    8 :  0.968 0.006 0.004 0.009 0.004 0.004 0.004 
270 ZFFDSP12    (0)    8 :  0.973 0.005 0.003 0.008 0.004 0.003 0.003 
271 ZFFDSP13    (0)    8 :  0.499 0.459 0.004 0.006 0.017 0.010 0.004 
272 ZFFDSP14    (0)    8 :  0.957 0.005 0.004 0.020 0.008 0.004 0.003 
273 ZFFDSP16    (0)    8 :  0.959 0.013 0.007 0.005 0.006 0.006 0.004 
274 ZFFDSP17    (0)    8 :  0.966 0.007 0.004 0.009 0.005 0.005 0.003 
275 ZFFDSP18    (0)    8 :  0.962 0.006 0.005 0.015 0.006 0.003 0.002 
276 ZFFDSP19    (0)    8 :  0.891 0.060 0.006 0.019 0.017 0.004 0.003 
277 ZFFDSP21    (0)    8 :  0.856 0.113 0.003 0.006 0.015 0.004 0.003 
278 ZFFDSP22    (0)    8 :  0.897 0.007 0.003 0.082 0.005 0.004 0.002 
279 ZFFDSP23    (0)    8 :  0.826 0.031 0.003 0.130 0.005 0.003 0.002 
280 ZFFDSP24    (0)    8 :  0.945 0.032 0.005 0.007 0.005 0.004 0.003 
281 ZFFDSP26    (9)    8 :  0.955 0.016 0.003 0.014 0.005 0.004 0.003 
282 ZFFDSP27    (0)    8 :  0.967 0.011 0.005 0.007 0.004 0.003 0.003 
283 ZFFDSP28    (0)    8 :  0.880 0.009 0.057 0.007 0.016 0.018 0.012 
284 ZFFDSP30    (0)    8 :  0.738 0.217 0.017 0.007 0.007 0.006 0.008 
285 ZFFDSP31    (0)    8 :  0.965 0.012 0.004 0.006 0.006 0.004 0.002 
286 ZFFDSP32    (0)    8 :  0.976 0.006 0.003 0.005 0.004 0.004 0.003 
287 ZFFDSP33    (0)    8 :  0.974 0.007 0.003 0.006 0.003 0.003 0.003 
288 ZFFDSP34    (0)    8 :  0.967 0.008 0.003 0.010 0.006 0.003 0.002 
289 ZFFDSP35    (0)    8 :  0.965 0.014 0.004 0.006 0.005 0.004 0.003 
290 ZFFDSP37    (0)    8 :  0.973 0.008 0.004 0.005 0.004 0.004 0.003 
291 ZFFDSP38    (0)    8 :  0.972 0.008 0.004 0.005 0.004 0.003 0.003 
292 ZFFDSP39    (0)    8 :  0.928 0.051 0.003 0.009 0.003 0.003 0.003 
293 ZFFDSP40    (0)    8 :  0.951 0.030 0.004 0.005 0.003 0.004 0.003 
294 ZFFDSP42    (0)    8 :  0.897 0.027 0.004 0.061 0.005 0.004 0.002 
295 ZFFDSP43    (0)    8 :  0.962 0.015 0.004 0.009 0.004 0.003 0.002 
296 ZFFDSP44    (0)    8 :  0.950 0.029 0.005 0.006 0.003 0.003 0.003 
297 ZFFDSP45    (0)    8 :  0.967 0.012 0.004 0.006 0.005 0.004 0.002 
298 ZFFDSP46    (0)    8 :  0.962 0.014 0.004 0.008 0.005 0.004 0.002 
299 ZFFDSP47    (0)    8 :  0.790 0.180 0.003 0.015 0.004 0.004 0.003 
300 ZFFDSP48    (0)    8 :  0.872 0.107 0.003 0.007 0.004 0.004 0.003 
301    ZFI01    (0)    9 :  0.005 0.007 0.966 0.004 0.007 0.007 0.005 
302    ZFI02    (0)    9 :  0.005 0.008 0.968 0.004 0.004 0.007 0.004 
303    ZFI03    (0)    9 :  0.004 0.008 0.969 0.003 0.006 0.007 0.003 
304    ZFI04    (0)    9 :  0.004 0.005 0.971 0.003 0.005 0.007 0.005 
305    ZFI05    (0)    9 :  0.006 0.020 0.953 0.003 0.005 0.009 0.004 
306    ZFI06    (0)    9 :  0.013 0.059 0.907 0.003 0.004 0.010 0.005 
307    ZFI07    (0)    9 :  0.004 0.006 0.973 0.003 0.005 0.007 0.004 
308    ZFI08    (0)    9 :  0.003 0.004 0.969 0.003 0.005 0.012 0.003 
309    ZFI09    (0)    9 :  0.004 0.007 0.972 0.002 0.004 0.007 0.003 
310    ZFI10    (0)    9 :  0.006 0.038 0.931 0.004 0.004 0.010 0.007 
311    ZFI11    (0)    9 :  0.004 0.006 0.972 0.002 0.004 0.008 0.004 
312    ZFI12    (0)    9 :  0.005 0.011 0.965 0.003 0.007 0.008 0.003 
313    ZFI13    (0)    9 :  0.004 0.008 0.968 0.002 0.005 0.006 0.005 
314    ZFI14    (0)    9 :  0.015 0.011 0.955 0.003 0.005 0.005 0.005 
315    ZFI15    (0)    9 :  0.004 0.005 0.975 0.002 0.004 0.006 0.003 
316    ZFI16    (0)    9 :  0.004 0.006 0.975 0.002 0.004 0.006 0.003 
317    ZFI17    (0)    9 :  0.004 0.009 0.968 0.003 0.004 0.007 0.005 
318    ZFI18    (0)    9 :  0.003 0.007 0.973 0.002 0.003 0.006 0.006 
319    ZFI19    (9)    9 :  0.003 0.006 0.974 0.002 0.004 0.007 0.004 
320    ZFI20    (0)    9 :  0.006 0.007 0.968 0.003 0.004 0.006 0.005 
321    ZFI21    (0)    9 :  0.025 0.033 0.923 0.003 0.004 0.005 0.006 
322    ZFI22    (0)    9 :  0.006 0.004 0.970 0.004 0.007 0.005 0.003 
323    ZFI23    (0)    9 :  0.004 0.008 0.972 0.002 0.005 0.006 0.003 
324    ZFI24    (0)    9 :  0.005 0.010 0.965 0.003 0.007 0.007 0.003 
325    ZFI25    (0)    9 :  0.006 0.005 0.969 0.004 0.006 0.007 0.003 
326    ZFI26    (0)    9 :  0.004 0.004 0.972 0.003 0.007 0.007 0.003 
327    ZFI27    (0)    9 :  0.005 0.031 0.942 0.003 0.005 0.010 0.003 
328    ZFK01    (0)    9 :  0.009 0.011 0.006 0.007 0.951 0.009 0.007 
329    ZFK02    (0)   10 :  0.009 0.012 0.008 0.006 0.949 0.011 0.005 
330    ZFK03    (0)   10 :  0.009 0.009 0.008 0.007 0.950 0.008 0.009 
331    ZFK04    (0)   10 :  0.006 0.006 0.026 0.005 0.933 0.013 0.011 
332    ZFK05    (0)   10 :  0.005 0.004 0.018 0.003 0.935 0.008 0.026 
333    ZFK06    (0)   10 :  0.006 0.006 0.019 0.004 0.935 0.024 0.005 
334    ZFK07    (0)   10 :  0.009 0.010 0.005 0.008 0.947 0.009 0.012 
335    ZFK08    (0)   10 :  0.008 0.006 0.030 0.006 0.880 0.061 0.010 
336    ZFK10    (0)   10 :  0.008 0.006 0.025 0.005 0.938 0.012 0.006 
337    ZFK11    (0)   10 :  0.007 0.007 0.010 0.004 0.935 0.011 0.025 
338    ZFK12    (0)   10 :  0.011 0.010 0.004 0.014 0.938 0.015 0.006 
339    ZFK13    (0)   10 :  0.042 0.015 0.005 0.013 0.887 0.009 0.029 
340    ZFK14    (0)   10 :  0.013 0.011 0.005 0.010 0.942 0.006 0.012 
341    ZFK15    (0)   10 :  0.034 0.011 0.009 0.007 0.884 0.014 0.043 
342    ZFK16    (0)   10 :  0.025 0.016 0.004 0.014 0.911 0.008 0.021 
343   ZFLB01    (0)   11 :  0.020 0.014 0.007 0.008 0.005 0.007 0.940 
344   ZFLB02    (0)   11 :  0.004 0.004 0.011 0.003 0.002 0.010 0.966 
345   ZFLB03    (0)   11 :  0.004 0.012 0.005 0.004 0.004 0.008 0.962 
346   ZFLB04    (0)   11 :  0.035 0.172 0.029 0.015 0.015 0.010 0.723 
347   ZFLB05    (0)   11 :  0.011 0.017 0.014 0.005 0.004 0.008 0.941 
348   ZFLB06    (0)   11 :  0.013 0.008 0.007 0.009 0.013 0.009 0.942 
349   ZFLB07    (0)   11 :  0.025 0.072 0.023 0.013 0.018 0.225 0.625 
350   ZFLB08    (0)   11 :  0.005 0.007 0.017 0.003 0.004 0.011 0.953 
351   ZFLB09    (9)   11 :  0.005 0.004 0.009 0.004 0.007 0.006 0.964 
352   ZFLB10    (0)   11 :  0.004 0.005 0.006 0.003 0.004 0.004 0.975 
353   ZFLB11    (0)   11 :  0.004 0.004 0.004 0.005 0.008 0.005 0.970 
354   ZFLB12    (0)   11 :  0.003 0.003 0.005 0.003 0.005 0.004 0.976 
355   ZFLB13    (0)   11 :  0.027 0.038 0.014 0.004 0.020 0.055 0.841 
356  ZFLTI01    (0)   12 :  0.163 0.730 0.004 0.037 0.057 0.007 0.002 
357  ZFLTI02    (0)   12 :  0.023 0.912 0.005 0.014 0.038 0.005 0.002 
358  ZFLTI03    (0)   12 :  0.022 0.946 0.004 0.014 0.008 0.004 0.002 
359  ZFLTI04    (0)   12 :  0.033 0.934 0.005 0.009 0.011 0.006 0.002 
360  ZFLTI05    (0)   12 :  0.019 0.959 0.004 0.005 0.006 0.004 0.003 
361  ZFLTI06    (0)   12 :  0.167 0.790 0.004 0.024 0.008 0.004 0.003 
362  ZFLTI07    (0)   12 :  0.138 0.833 0.006 0.007 0.009 0.006 0.003 
363  ZFLTI08    (0)   12 :  0.014 0.961 0.005 0.005 0.006 0.006 0.002 
364  ZFLTI09    (0)   12 :  0.106 0.864 0.008 0.007 0.008 0.005 0.003 
365  ZFLTI10    (0)   12 :  0.333 0.631 0.006 0.007 0.015 0.005 0.002 
366  ZFLTI11    (0)   12 :  0.070 0.881 0.005 0.031 0.007 0.004 0.003 
367  ZFLTI12    (0)   12 :  0.079 0.865 0.004 0.025 0.020 0.005 0.002 
368  ZFLTI13    (0)   12 :  0.012 0.948 0.004 0.012 0.017 0.006 0.002 
369  ZFLTI14    (0)   12 :  0.021 0.923 0.005 0.005 0.039 0.005 0.002 
370 ZFONF101    (0)   13 :  0.980 0.004 0.003 0.006 0.002 0.003 0.002 
371 ZFONF102    (0)   13 :  0.930 0.004 0.006 0.032 0.003 0.007 0.016 
372 ZFONF103    (0)   13 :  0.880 0.074 0.004 0.018 0.014 0.007 0.003 
373 ZFONF104    (0)   13 :  0.954 0.005 0.002 0.029 0.004 0.002 0.002 
374 ZFONF105    (0)   13 :  0.807 0.024 0.003 0.153 0.006 0.004 0.003 
375 ZFONF106    (0)   13 :  0.977 0.004 0.003 0.007 0.004 0.003 0.002 
376 ZFONF107    (0)   13 :  0.832 0.019 0.023 0.009 0.014 0.022 0.081 
377 ZFONF108    (0)   13 :  0.930 0.020 0.005 0.008 0.017 0.007 0.013 
378 ZFONF109    (9)   13 :  0.923 0.015 0.005 0.029 0.016 0.004 0.007 
379 ZFONF110    (0)   13 :  0.964 0.006 0.002 0.018 0.004 0.003 0.002 
380 ZFONF111    (0)   13 :  0.893 0.012 0.017 0.019 0.010 0.028 0.021 
381 ZFONF112    (0)   13 :  0.755 0.017 0.007 0.207 0.007 0.003 0.002 
382 ZFONF113    (9)   13 :  0.960 0.012 0.003 0.009 0.006 0.005 0.005 
383 ZFONF115    (0)   13 :  0.957 0.009 0.005 0.016 0.007 0.004 0.003 
384 ZFONF116    (0)   13 :  0.948 0.009 0.006 0.024 0.006 0.004 0.003 
385 ZFONF117    (0)   13 :  0.564 0.364 0.004 0.049 0.010 0.006 0.003 
386 ZFONF118    (0)   13 :  0.947 0.017 0.005 0.015 0.009 0.005 0.002 
387 ZFONF119    (0)   13 :  0.945 0.006 0.004 0.024 0.011 0.004 0.006 
388 ZFONF120    (0)   13 :  0.913 0.006 0.003 0.039 0.027 0.005 0.006 
389 ZFONF121    (0)   13 :  0.872 0.009 0.004 0.101 0.005 0.004 0.004 
390 ZFONF122    (0)   13 :  0.884 0.068 0.005 0.008 0.025 0.008 0.003 
391 ZFONF123    (0)   13 :  0.849 0.004 0.006 0.053 0.006 0.008 0.074 
392 ZFONF124    (0)   13 :  0.942 0.008 0.003 0.028 0.008 0.003 0.008 
393 ZFONF125    (0)   13 :  0.656 0.009 0.008 0.194 0.034 0.023 0.076 
394 ZFONF126    (0)   13 :  0.951 0.015 0.004 0.009 0.013 0.006 0.002 
395 ZFONF201    (0)   14 :  0.105 0.015 0.131 0.658 0.035 0.016 0.040 
396 ZFONF202    (0)   14 :  0.043 0.005 0.003 0.934 0.009 0.004 0.002 
397 ZFONF203    (0)   14 :  0.008 0.005 0.004 0.970 0.006 0.005 0.003 
398 ZFONF204    (0)   14 :  0.007 0.006 0.007 0.934 0.030 0.008 0.009 
399 ZFONF206    (0)   14 :  0.006 0.003 0.012 0.937 0.009 0.015 0.018 
400 ZFONF207    (0)   14 :  0.007 0.005 0.003 0.972 0.004 0.004 0.004 
401 ZFONF208    (0)   14 :  0.058 0.013 0.005 0.905 0.009 0.005 0.005 
402 ZFONF209    (0)   14 :  0.009 0.011 0.011 0.923 0.029 0.008 0.009 
403 ZFONF210    (0)   14 :  0.011 0.009 0.003 0.968 0.004 0.003 0.003 
404 ZFONF211    (0)   14 :  0.033 0.023 0.005 0.898 0.012 0.010 0.019 
405 ZFONF212    (0)   14 :  0.011 0.008 0.003 0.969 0.003 0.003 0.003 
406 ZFONF214    (0)   14 :  0.032 0.005 0.003 0.939 0.007 0.007 0.006 
407 ZFONF215    (0)   14 :  0.015 0.005 0.003 0.968 0.005 0.003 0.002 
408 ZFONF216    (0)   14 :  0.005 0.006 0.002 0.977 0.004 0.003 0.003 
409 ZFONF217    (0)   14 :  0.048 0.007 0.003 0.931 0.005 0.003 0.004 
410 ZFONF218    (0)   14 :  0.005 0.006 0.004 0.967 0.003 0.007 0.008 
411 ZFONF219    (0)   14 :  0.005 0.003 0.002 0.982 0.003 0.003 0.002 
412 ZFONF220    (0)   14 :  0.025 0.004 0.003 0.955 0.005 0.004 0.003 
413 ZFONF222    (0)   14 :  0.004 0.004 0.003 0.972 0.004 0.005 0.008 
414 ZFONF223    (0)   14 :  0.007 0.003 0.005 0.967 0.003 0.006 0.008 
415 ZFONF224    (0)   14 :  0.004 0.004 0.002 0.982 0.003 0.003 0.002 
416 ZFONF225    (0)   14 :  0.008 0.004 0.002 0.978 0.003 0.002 0.002 
417 ZFONF226    (0)   14 :  0.008 0.005 0.003 0.971 0.006 0.004 0.003 
418 ZFONF227    (0)   14 :  0.005 0.004 0.002 0.982 0.003 0.002 0.002 
419 ZFONF228    (0)   14 :  0.010 0.013 0.005 0.958 0.005 0.005 0.004 
420 ZFONF230    (0)   14 :  0.011 0.006 0.002 0.972 0.004 0.003 0.002 
421 ZFONF231    (0)   14 :  0.009 0.006 0.003 0.965 0.007 0.006 0.005 
422 ZFONF232    (0)   14 :  0.008 0.004 0.002 0.978 0.003 0.003 0.002 
423 ZFONF233    (0)   14 :  0.005 0.004 0.002 0.978 0.005 0.003 0.003 
424 ZFONF234    (0)   14 :  0.016 0.016 0.005 0.926 0.014 0.017 0.007 
425 ZFONF235    (0)   14 :  0.004 0.003 0.002 0.983 0.003 0.003 0.002 
426 ZFONF236    (0)   14 :  0.015 0.026 0.024 0.878 0.024 0.017 0.015 
427 ZFONF238    (0)   14 :  0.008 0.004 0.003 0.973 0.005 0.004 0.002 
428 ZFONF239    (0)   14 :  0.005 0.004 0.006 0.966 0.011 0.005 0.005 
429 ZFONF240    (0)   14 :  0.005 0.005 0.002 0.979 0.005 0.002 0.002 
430 ZFONF241    (0)   14 :  0.017 0.016 0.009 0.940 0.006 0.008 0.004 
431 ZFONF242    (0)   14 :  0.009 0.004 0.002 0.974 0.005 0.003 0.002 
432 ZFONF243    (0)   14 :  0.006 0.012 0.003 0.968 0.004 0.003 0.003 
433 ZFONF244    (0)   14 :  0.008 0.004 0.002 0.976 0.004 0.003 0.003 
434 ZFONF245    (0)   14 :  0.005 0.007 0.002 0.977 0.005 0.003 0.002 
435   ZFOS01    (0)   15 :  0.023 0.017 0.004 0.008 0.939 0.006 0.003 
436   ZFOS02    (0)   15 :  0.041 0.021 0.024 0.009 0.890 0.010 0.005 
437   ZFOS03    (0)   15 :  0.012 0.006 0.008 0.005 0.910 0.009 0.050 
438   ZFOS04    (0)   15 :  0.101 0.041 0.013 0.006 0.828 0.007 0.005 
439   ZFOS05    (0)   15 :  0.038 0.023 0.007 0.011 0.912 0.007 0.003 
440   ZFOS06    (0)   15 :  0.014 0.021 0.006 0.016 0.928 0.010 0.006 
441   ZFOS07    (0)   15 :  0.007 0.006 0.014 0.004 0.962 0.004 0.003 
442   ZFOS08    (0)   15 :  0.018 0.015 0.018 0.006 0.934 0.005 0.003 
443   ZFOS09    (0)   15 :  0.103 0.021 0.015 0.010 0.816 0.019 0.016 
444   ZFOS10    (0)   15 :  0.004 0.007 0.022 0.002 0.946 0.009 0.011 
445   ZFOS11    (0)   15 :  0.018 0.194 0.020 0.008 0.678 0.079 0.004 
446   ZFOS12    (0)   15 :  0.030 0.032 0.049 0.008 0.642 0.221 0.017 
447   ZFOS13    (0)   15 :  0.014 0.015 0.012 0.004 0.941 0.009 0.004 
448   ZFOS14    (0)   15 :  0.011 0.121 0.130 0.006 0.687 0.036 0.009 
449   ZFOS15    (0)   15 :  0.003 0.005 0.005 0.003 0.976 0.005 0.003 
450   ZFOS16    (0)   15 :  0.044 0.032 0.013 0.009 0.885 0.010 0.007 
451   ZFOS17    (0)   15 :  0.004 0.006 0.008 0.005 0.965 0.006 0.006 
452   ZFOS18    (0)   15 :  0.005 0.010 0.007 0.003 0.961 0.008 0.007 
453   ZFOS19    (0)   15 :  0.004 0.005 0.004 0.004 0.972 0.006 0.004 
454   ZFOS20    (0)   15 :  0.007 0.007 0.007 0.007 0.961 0.005 0.005 
455   ZFOS21    (0)   15 :  0.019 0.016 0.008 0.005 0.943 0.004 0.005 
456   ZFOS22    (0)   15 :  0.006 0.009 0.003 0.007 0.963 0.007 0.005 
457   ZFOS23    (0)   15 :  0.003 0.006 0.173 0.002 0.769 0.035 0.013 
458   ZFOS24    (0)   15 :  0.004 0.008 0.004 0.003 0.973 0.005 0.003 
459   ZFOS25    (0)   15 :  0.017 0.475 0.017 0.018 0.446 0.022 0.005 
460   ZFOS26    (0)   15 :  0.219 0.217 0.014 0.008 0.527 0.012 0.004 
461   ZFOS27    (0)   15 :  0.030 0.019 0.006 0.009 0.924 0.004 0.008 
462   ZFOS28    (0)   15 :  0.009 0.012 0.014 0.004 0.942 0.009 0.009 
463   ZFOS29    (0)   15 :  0.010 0.009 0.009 0.009 0.947 0.005 0.010 
464   ZFOS30    (0)   15 :  0.008 0.006 0.006 0.010 0.963 0.004 0.003 
465   ZFOS31    (0)   15 :  0.025 0.014 0.047 0.028 0.850 0.032 0.004 
466   ZFOS32    (0)   15 :  0.022 0.018 0.010 0.009 0.928 0.007 0.005 
467   ZFPB01    (0)   16 :  0.002 0.003 0.004 0.002 0.003 0.004 0.981 
468   ZFPB02    (0)   16 :  0.003 0.003 0.003 0.005 0.003 0.003 0.979 
469   ZFPB03    (0)   16 :  0.003 0.004 0.003 0.003 0.004 0.003 0.980 
470   ZFPB05    (0)   16 :  0.002 0.002 0.002 0.003 0.003 0.003 0.985 
471   ZFPB06    (0)   16 :  0.003 0.003 0.004 0.002 0.004 0.003 0.981 
472   ZFPB07    (0)   16 :  0.004 0.002 0.002 0.004 0.002 0.003 0.983 
473   ZFPB08    (0)   16 :  0.004 0.003 0.003 0.003 0.004 0.003 0.979 
474   ZFPB10    (0)   16 :  0.002 0.004 0.003 0.002 0.003 0.003 0.983 
475   ZFPB11    (0)   16 :  0.003 0.002 0.003 0.003 0.003 0.004 0.983 
476   ZFPB12    (0)   16 :  0.002 0.003 0.003 0.003 0.003 0.004 0.982 
477   ZFPB13    (0)   16 :  0.003 0.003 0.003 0.003 0.002 0.003 0.983 
478   ZFPB14    (0)   16 :  0.004 0.003 0.003 0.004 0.003 0.003 0.982 
479   ZFPB15    (0)   16 :  0.005 0.003 0.003 0.004 0.003 0.003 0.980 
480   ZFPB17    (0)   16 :  0.002 0.002 0.003 0.002 0.003 0.003 0.984 
481   ZFPB18    (0)   16 :  0.002 0.002 0.002 0.003 0.003 0.003 0.984 
482   ZFPB19    (0)   16 :  0.004 0.003 0.005 0.003 0.005 0.003 0.977 
483   ZFPB20    (0)   16 :  0.002 0.002 0.002 0.002 0.002 0.003 0.986 
484   ZFPB21    (0)   16 :  0.004 0.003 0.003 0.003 0.003 0.003 0.982 
485   ZFPB22    (0)   16 :  0.002 0.003 0.003 0.002 0.003 0.003 0.984 
486   ZFPB23    (0)   16 :  0.003 0.003 0.003 0.003 0.003 0.004 0.981 
487   ZFSF01    (0)   17 :  0.004 0.004 0.683 0.002 0.006 0.299 0.002 
488   ZFSF02    (0)   17 :  0.032 0.017 0.280 0.009 0.018 0.638 0.006 
489   ZFSF03    (0)   17 :  0.004 0.004 0.757 0.003 0.005 0.225 0.003 
490   ZFSF04    (0)   17 :  0.008 0.004 0.956 0.006 0.011 0.012 0.002 
491  ZFSW101    (0)   18 :  0.110 0.008 0.855 0.009 0.007 0.009 0.003 
492  ZFSW102    (0)   18 :  0.009 0.004 0.956 0.006 0.013 0.009 0.003 
493  ZFSW103    (0)   18 :  0.032 0.026 0.910 0.011 0.007 0.010 0.003 
494  ZFSW104    (9)   18 :  0.025 0.009 0.872 0.021 0.044 0.025 0.005 
495  ZFSW105    (0)   18 :  0.052 0.006 0.917 0.009 0.008 0.005 0.003 
496  ZFSW106    (0)   18 :  0.020 0.012 0.814 0.068 0.006 0.073 0.008 
497  ZFSW107    (0)   18 :  0.008 0.004 0.967 0.005 0.006 0.005 0.005 
498  ZFSW108    (0)   18 :  0.004 0.003 0.973 0.003 0.005 0.007 0.004 
499  ZFSW109    (0)   18 :  0.007 0.006 0.962 0.010 0.006 0.004 0.003 
500  ZFSW110    (0)   18 :  0.032 0.014 0.922 0.014 0.006 0.008 0.004 
501  ZFSW111    (0)   18 :  0.190 0.007 0.746 0.016 0.028 0.009 0.004 
502  ZFSW112    (0)   18 :  0.039 0.007 0.841 0.005 0.096 0.007 0.004 
503  ZFSW113    (0)   18 :  0.077 0.012 0.833 0.007 0.014 0.055 0.004 
504  ZFSW114    (0)   18 :  0.009 0.005 0.958 0.007 0.009 0.009 0.002 
