

----------------------------------------------------
STRUCTURE by Pritchard, Stephens and Donnelly (2000)
     and Falush, Stephens and Pritchard (2003)
       Code by Pritchard, Falush and Hubisz
             Version 2.3.4 (Jul 2012)
----------------------------------------------------



Command line arguments:   bin\structure -m C:\Users\eschumacher\Documents\GitHub\GCC_QUAC_ZAIN\Data_Files\Structure_Files\ZAIN\ZAIN_rebinned_wild\50-50\mainparams -e C:\Users\eschumacher\Documents\GitHub\GCC_QUAC_ZAIN\Data_Files\Structure_Files\ZAIN\ZAIN_rebinned_wild\50-50\extraparams 
Input File:    C:\Users\eschumacher\Documents\GitHub\GCC_QUAC_ZAIN\Data_Files\Structure_Files\ZAIN\ZAIN_rebinned_wild\project_data

Run parameters:
   751 individuals
   11 loci
   3 populations assumed
   50000 Burn-in period
   50000 Reps


--------------------------------------------
Proportion of membership of each pre-defined
 population in each of the 3 clusters

Given    Inferred Clusters       Number of
 Pop       1      2      3      Individuals

  1:     0.009  0.984  0.007       35
  2:     0.950  0.010  0.040       36
  3:     0.979  0.010  0.012       33
  4:     0.023  0.026  0.951       40
  5:     0.125  0.006  0.870       39
  6:     0.076  0.880  0.045       40
  7:     0.032  0.923  0.045       37
  8:     0.984  0.007  0.009       40
  9:     0.009  0.943  0.048       28
 10:     0.018  0.106  0.876       14
 11:     0.014  0.963  0.023       13
 12:     0.824  0.006  0.171       14
 13:     0.980  0.008  0.012       25
 14:     0.960  0.016  0.024       40
 15:     0.026  0.048  0.927       32
 16:     0.009  0.982  0.009       20
 17:     0.010  0.980  0.010        4
 18:     0.033  0.947  0.020       23
 19:     0.008  0.981  0.011       39
 20:     0.005  0.990  0.006       38
 21:     0.869  0.007  0.124       45
 22:     0.896  0.009  0.095       28
 23:     0.007  0.984  0.008        6
 24:     0.091  0.846  0.063       40
 25:     0.062  0.908  0.029       42
--------------------------------------------

Allele-freq. divergence among pops (Net nucleotide distance),
computed using point estimates of P.

      1       2       3      
 1      -    0.1535  0.1080  
 2   0.1535     -    0.1112  
 3   0.1080  0.1112     -    

Average distances (expected heterozygosity) between individuals in same cluster:
cluster  1  : 0.4597 
cluster  2  : 0.5716 
cluster  3  : 0.4429 

--------------------------------------------
Estimated Ln Prob of Data   = -16246.7
Mean value of ln likelihood = -16099.1
Variance of ln likelihood   = 295.2
Mean value of alpha         = 0.0382

Mean value of Fst_1         = 0.2900
Mean value of Fst_2         = 0.1404
Mean value of Fst_3         = 0.3395


Inferred ancestry of individuals:
        Label (%Miss) Pop:  Inferred clusters
  1    ZFB01    (0)    1 :  0.007 0.988 0.005 
  2    ZFB02    (0)    1 :  0.004 0.989 0.007 
  3    ZFB03    (0)    1 :  0.007 0.980 0.013 
  4    ZFB04    (0)    1 :  0.004 0.991 0.005 
  5    ZFB05    (0)    1 :  0.004 0.988 0.008 
  6    ZFB06    (0)    1 :  0.004 0.990 0.006 
  7    ZFB07    (9)    1 :  0.010 0.983 0.007 
  8    ZFB08    (0)    1 :  0.007 0.984 0.009 
  9    ZFB09    (0)    1 :  0.005 0.990 0.005 
 10    ZFB10    (0)    1 :  0.015 0.978 0.006 
 11    ZFB11    (0)    1 :  0.012 0.983 0.005 
 12    ZFB12    (0)    1 :  0.007 0.987 0.006 
 13    ZFB13    (0)    1 :  0.009 0.985 0.006 
 14    ZFB14    (0)    1 :  0.008 0.985 0.007 
 15    ZFB15    (0)    1 :  0.003 0.993 0.003 
 16    ZFB16    (0)    1 :  0.005 0.991 0.004 
 17    ZFB17    (0)    1 :  0.005 0.990 0.005 
 18    ZFB18    (0)    1 :  0.007 0.987 0.006 
 19    ZFB19    (0)    1 :  0.025 0.969 0.006 
 20    ZFB20    (0)    1 :  0.005 0.992 0.004 
 21    ZFB21    (0)    1 :  0.004 0.992 0.004 
 22    ZFB22    (0)    1 :  0.005 0.991 0.004 
 23    ZFB23    (0)    1 :  0.011 0.982 0.007 
 24    ZFB24    (0)    1 :  0.008 0.987 0.005 
 25    ZFB25    (0)    1 :  0.035 0.958 0.008 
 26    ZFB26    (0)    1 :  0.019 0.975 0.006 
 27    ZFB27    (0)    1 :  0.009 0.987 0.004 
 28    ZFB28    (0)    1 :  0.008 0.983 0.009 
 29    ZFB29    (0)    1 :  0.004 0.990 0.005 
 30    ZFB30    (0)    1 :  0.006 0.989 0.005 
 31    ZFB31    (0)    1 :  0.029 0.963 0.007 
 32    ZFB32    (0)    1 :  0.012 0.964 0.024 
 33    ZFB33    (0)    1 :  0.004 0.992 0.004 
 34    ZFB34    (0)    1 :  0.006 0.986 0.008 
 35    ZFB35    (0)    1 :  0.009 0.984 0.007 
 36  ZFBP101    (0)    2 :  0.858 0.017 0.125 
 37  ZFBP102    (0)    2 :  0.950 0.024 0.026 
 38  ZFBP103    (0)    2 :  0.664 0.009 0.327 
 39  ZFBP104    (0)    2 :  0.925 0.068 0.007 
 40  ZFBP105    (0)    2 :  0.981 0.009 0.010 
 41  ZFBP106    (0)    2 :  0.984 0.004 0.012 
 42  ZFBP107    (0)    2 :  0.964 0.020 0.016 
 43  ZFBP108    (0)    2 :  0.991 0.004 0.005 
 44  ZFBP109    (0)    2 :  0.989 0.005 0.006 
 45  ZFBP110    (0)    2 :  0.699 0.028 0.273 
 46  ZFBP111    (0)    2 :  0.991 0.004 0.006 
 47  ZFBP112    (0)    2 :  0.985 0.006 0.008 
 48  ZFBP113    (0)    2 :  0.990 0.005 0.005 
 49  ZFBP114    (0)    2 :  0.984 0.007 0.010 
 50  ZFBP115    (0)    2 :  0.978 0.004 0.018 
 51  ZFBP116    (0)    2 :  0.990 0.005 0.006 
 52  ZFBP117    (0)    2 :  0.987 0.004 0.009 
 53  ZFBP118    (0)    2 :  0.987 0.006 0.007 
 54  ZFBP119    (0)    2 :  0.964 0.005 0.031 
 55  ZFBP120    (0)    2 :  0.984 0.009 0.007 
 56  ZFBP121    (0)    2 :  0.981 0.006 0.013 
 57  ZFBP122    (9)    2 :  0.989 0.005 0.006 
 58  ZFBP123    (0)    2 :  0.979 0.007 0.014 
 59  ZFBP124    (0)    2 :  0.983 0.008 0.009 
 60  ZFBP125    (0)    2 :  0.989 0.003 0.008 
 61  ZFBP126    (0)    2 :  0.945 0.027 0.029 
 62  ZFBP127    (0)    2 :  0.983 0.004 0.013 
 63  ZFBP128    (0)    2 :  0.989 0.004 0.008 
 64  ZFBP129    (0)    2 :  0.986 0.005 0.009 
 65  ZFBP130    (0)    2 :  0.988 0.003 0.008 
 66  ZFBP131    (0)    2 :  0.990 0.005 0.005 
 67  ZFBP132    (0)    2 :  0.988 0.004 0.008 
 68  ZFBP133    (0)    2 :  0.990 0.004 0.006 
 69  ZFBP134    (0)    2 :  0.974 0.005 0.021 
 70  ZFBP135    (0)    2 :  0.694 0.017 0.289 
 71  ZFBP136    (0)    2 :  0.916 0.006 0.078 
 72  ZFBP201    (0)    3 :  0.979 0.009 0.012 
 73  ZFBP202    (0)    3 :  0.989 0.005 0.006 
 74  ZFBP203    (0)    3 :  0.972 0.021 0.007 
 75  ZFBP204    (0)    3 :  0.965 0.006 0.029 
 76  ZFBP205    (0)    3 :  0.987 0.005 0.008 
 77  ZFBP206    (0)    3 :  0.980 0.008 0.012 
 78  ZFBP207    (0)    3 :  0.972 0.004 0.024 
 79  ZFBP208    (0)    3 :  0.983 0.009 0.008 
 80  ZFBP209    (0)    3 :  0.990 0.004 0.006 
 81  ZFBP210    (0)    3 :  0.984 0.008 0.008 
 82  ZFBP211    (0)    3 :  0.987 0.006 0.008 
 83  ZFBP212    (0)    3 :  0.989 0.005 0.006 
 84  ZFBP213    (0)    3 :  0.974 0.010 0.016 
 85  ZFBP214    (0)    3 :  0.944 0.009 0.047 
 86  ZFBP215    (0)    3 :  0.987 0.005 0.008 
 87  ZFBP216    (0)    3 :  0.981 0.011 0.008 
 88  ZFBP217    (0)    3 :  0.985 0.005 0.010 
 89  ZFBP218    (0)    3 :  0.993 0.004 0.004 
 90  ZFBP219    (0)    3 :  0.991 0.005 0.004 
 91  ZFBP220    (0)    3 :  0.985 0.004 0.010 
 92  ZFBP221    (0)    3 :  0.991 0.004 0.005 
 93  ZFBP222    (0)    3 :  0.984 0.008 0.008 
 94  ZFBP223    (0)    3 :  0.958 0.008 0.034 
 95  ZFBP224    (0)    3 :  0.985 0.007 0.008 
 96  ZFBP225    (0)    3 :  0.983 0.005 0.013 
 97  ZFBP226    (0)    3 :  0.989 0.005 0.006 
 98  ZFBP227    (0)    3 :  0.885 0.105 0.010 
 99  ZFBP228    (0)    3 :  0.977 0.005 0.018 
100  ZFBP229    (0)    3 :  0.990 0.004 0.006 
101  ZFBP230    (0)    3 :  0.983 0.005 0.013 
102  ZFBP231    (0)    3 :  0.987 0.006 0.007 
103  ZFBP232    (0)    3 :  0.991 0.004 0.005 
104  ZFBP233    (0)    3 :  0.988 0.006 0.006 
105   ZFCC01    (0)    4 :  0.005 0.012 0.982 
106   ZFCC03    (0)    4 :  0.006 0.005 0.988 
107   ZFCC04    (0)    4 :  0.006 0.009 0.985 
108   ZFCC05    (0)    4 :  0.008 0.008 0.984 
109   ZFCC08    (0)    4 :  0.023 0.006 0.971 
110   ZFCC09    (0)    4 :  0.005 0.007 0.988 
111   ZFCC10    (0)    4 :  0.006 0.013 0.981 
112   ZFCC11    (0)    4 :  0.006 0.007 0.987 
113   ZFCC12    (0)    4 :  0.005 0.073 0.921 
114   ZFCC13    (0)    4 :  0.013 0.009 0.978 
115   ZFCC14    (0)    4 :  0.009 0.018 0.973 
116   ZFCC15    (0)    4 :  0.006 0.011 0.983 
117   ZFCC16    (0)    4 :  0.005 0.010 0.985 
118   ZFCC17    (0)    4 :  0.004 0.012 0.984 
119   ZFCC18    (0)    4 :  0.006 0.008 0.986 
120   ZFCC19    (0)    4 :  0.004 0.019 0.977 
121   ZFCC20    (0)    4 :  0.005 0.007 0.988 
122   ZFCC21    (0)    4 :  0.101 0.045 0.854 
123   ZFCC22    (0)    4 :  0.478 0.015 0.507 
124   ZFCC26    (0)    4 :  0.005 0.008 0.987 
125   ZFCC27    (0)    4 :  0.004 0.005 0.991 
126   ZFCC29    (0)    4 :  0.006 0.014 0.980 
127   ZFCC30    (0)    4 :  0.004 0.004 0.992 
128   ZFCC32    (0)    4 :  0.007 0.015 0.978 
129   ZFCC33    (0)    4 :  0.004 0.010 0.986 
130   ZFCC34    (0)    4 :  0.031 0.016 0.952 
131   ZFCC35    (0)    4 :  0.006 0.005 0.989 
132   ZFCC36    (0)    4 :  0.014 0.015 0.971 
133   ZFCC37    (0)    4 :  0.009 0.084 0.907 
134   ZFCC40    (0)    4 :  0.007 0.013 0.979 
135   ZFCC42    (0)    4 :  0.007 0.410 0.583 
136   ZFCC44    (0)    4 :  0.004 0.004 0.992 
137   ZFCC45    (9)    4 :  0.006 0.044 0.950 
138   ZFCC46    (0)    4 :  0.016 0.005 0.979 
139   ZFCC47    (0)    4 :  0.007 0.041 0.951 
140   ZFCC48    (0)    4 :  0.058 0.015 0.927 
141   ZFCC50    (0)    4 :  0.004 0.009 0.986 
142   ZFCC51    (0)    4 :  0.004 0.005 0.991 
143   ZFCC52    (0)    4 :  0.014 0.007 0.978 
144   ZFCC53    (0)    4 :  0.004 0.005 0.991 
145  ZFCNS01    (0)    5 :  0.022 0.009 0.969 
146  ZFCNS02    (0)    5 :  0.016 0.004 0.980 
147  ZFCNS05    (0)    5 :  0.023 0.006 0.971 
148  ZFCNS06    (0)    5 :  0.015 0.005 0.980 
149  ZFCNS07    (0)    5 :  0.469 0.006 0.526 
150  ZFCNS10    (0)    5 :  0.108 0.004 0.888 
151  ZFCNS11    (0)    5 :  0.013 0.006 0.981 
152  ZFCNS15    (0)    5 :  0.856 0.007 0.137 
153  ZFCNS17    (0)    5 :  0.012 0.004 0.984 
154  ZFCNS18    (0)    5 :  0.039 0.005 0.956 
155  ZFCNS19    (0)    5 :  0.010 0.005 0.985 
156  ZFCNS20    (0)    5 :  0.152 0.006 0.842 
157  ZFCNS21    (0)    5 :  0.008 0.005 0.987 
158  ZFCNS22    (0)    5 :  0.165 0.007 0.828 
159  ZFCNS23    (0)    5 :  0.016 0.006 0.978 
160  ZFCNS24    (0)    5 :  0.009 0.004 0.987 
161  ZFCNS25    (0)    5 :  0.065 0.004 0.931 
162  ZFCNS26    (0)    5 :  0.372 0.008 0.621 
163  ZFCNS27    (0)    5 :  0.915 0.007 0.078 
164  ZFCNS28    (0)    5 :  0.025 0.007 0.968 
165  ZFCNS29    (0)    5 :  0.018 0.005 0.977 
166  ZFCNS30    (0)    5 :  0.010 0.006 0.984 
167  ZFCNS31    (0)    5 :  0.071 0.006 0.923 
168  ZFCNS32    (0)    5 :  0.038 0.006 0.956 
169  ZFCNS33    (0)    5 :  0.034 0.005 0.961 
170  ZFCNS34    (0)    5 :  0.006 0.004 0.990 
171  ZFCNS35    (0)    5 :  0.026 0.006 0.968 
172  ZFCNS36    (0)    5 :  0.009 0.004 0.988 
173  ZFCNS37    (0)    5 :  0.055 0.006 0.938 
174  ZFCNS39    (0)    5 :  0.013 0.004 0.983 
175  ZFCNS40    (0)    5 :  0.038 0.004 0.958 
176  ZFCNS41    (0)    5 :  0.216 0.012 0.773 
177  ZFCNS42    (0)    5 :  0.063 0.006 0.931 
178  ZFCNS43    (0)    5 :  0.007 0.004 0.989 
179  ZFCNS44    (0)    5 :  0.019 0.005 0.976 
180  ZFCNS46    (0)    5 :  0.030 0.005 0.965 
181  ZFCNS47    (0)    5 :  0.012 0.004 0.984 
182  ZFCNS48    (0)    5 :  0.060 0.005 0.935 
183  ZFCNS49    (0)    5 :  0.834 0.006 0.160 
184   ZFCR01    (0)    6 :  0.017 0.975 0.008 
185   ZFCR02    (0)    6 :  0.081 0.891 0.028 
186   ZFCR03    (0)    6 :  0.026 0.965 0.009 
187   ZFCR04    (0)    6 :  0.023 0.962 0.015 
188   ZFCR05    (0)    6 :  0.007 0.980 0.013 
189   ZFCR06    (0)    6 :  0.262 0.647 0.091 
190   ZFCR07    (0)    6 :  0.031 0.756 0.213 
191   ZFCR08    (0)    6 :  0.052 0.905 0.042 
192   ZFCR09    (0)    6 :  0.058 0.904 0.038 
193   ZFCR11    (0)    6 :  0.106 0.870 0.024 
194   ZFCR12    (0)    6 :  0.117 0.571 0.311 
195   ZFCR13    (0)    6 :  0.178 0.808 0.014 
196   ZFCR14    (0)    6 :  0.025 0.949 0.026 
197   ZFCR15    (0)    6 :  0.024 0.962 0.014 
198   ZFCR16    (0)    6 :  0.045 0.947 0.008 
199   ZFCR18    (0)    6 :  0.010 0.976 0.014 
200   ZFCR19    (0)    6 :  0.092 0.883 0.025 
201   ZFCR20    (0)    6 :  0.044 0.944 0.012 
202   ZFCR21    (0)    6 :  0.019 0.962 0.019 
203   ZFCR22    (0)    6 :  0.034 0.956 0.010 
204   ZFCR23    (0)    6 :  0.055 0.940 0.005 
205   ZFCR24    (9)    6 :  0.423 0.570 0.007 
206   ZFCR25    (0)    6 :  0.009 0.984 0.007 
207   ZFCR26    (0)    6 :  0.057 0.918 0.025 
208   ZFCR27    (9)    6 :  0.004 0.991 0.005 
209   ZFCR28    (0)    6 :  0.445 0.532 0.022 
210   ZFCR29    (0)    6 :  0.013 0.980 0.007 
211   ZFCR30    (0)    6 :  0.027 0.957 0.017 
212   ZFCR31    (0)    6 :  0.114 0.836 0.050 
213   ZFCR33    (0)    6 :  0.029 0.901 0.070 
214   ZFCR34    (0)    6 :  0.061 0.890 0.049 
215   ZFCR35    (0)    6 :  0.006 0.985 0.009 
216   ZFCR36    (0)    6 :  0.011 0.972 0.017 
217   ZFCR37    (0)    6 :  0.009 0.962 0.029 
218   ZFCR38    (0)    6 :  0.017 0.934 0.048 
219   ZFCR39    (0)    6 :  0.139 0.832 0.030 
220   ZFCR40    (0)    6 :  0.016 0.963 0.021 
221   ZFCR41    (0)    6 :  0.109 0.617 0.274 
222   ZFCR42    (0)    6 :  0.098 0.747 0.155 
223   ZFCR43    (0)    6 :  0.129 0.861 0.009 
224  ZFENP25    (0)    7 :  0.012 0.978 0.010 
225  ZFENP26    (0)    7 :  0.008 0.985 0.007 
226  ZFENP27    (0)    7 :  0.029 0.615 0.356 
227  ZFENP28    (0)    7 :  0.008 0.971 0.021 
228  ZFENP29    (0)    7 :  0.007 0.978 0.015 
229  ZFENP30    (0)    7 :  0.010 0.919 0.071 
230  ZFENP31    (0)    7 :  0.012 0.931 0.057 
231  ZFENP32    (0)    7 :  0.014 0.949 0.037 
232  ZFENP33    (0)    7 :  0.007 0.983 0.010 
233  ZFENP34    (0)    7 :  0.006 0.975 0.019 
234  ZFENP35    (0)    7 :  0.011 0.978 0.011 
235  ZFENP36    (0)    7 :  0.004 0.988 0.008 
236  ZFENP37    (0)    7 :  0.008 0.979 0.013 
237  ZFENP38    (0)    7 :  0.016 0.918 0.067 
238  ZFENP39    (0)    7 :  0.006 0.979 0.015 
239  ZFENP40    (0)    7 :  0.007 0.984 0.009 
240  ZFENP41    (0)    7 :  0.014 0.901 0.086 
241  ZFENP42    (0)    7 :  0.007 0.984 0.009 
242  ZFENP43    (0)    7 :  0.033 0.773 0.194 
243  ZFENP44    (0)    7 :  0.010 0.955 0.035 
244  ZFENP45    (0)    7 :  0.358 0.620 0.022 
245  ZFENP46    (0)    7 :  0.015 0.978 0.007 
246  ZFENP47    (0)    7 :  0.031 0.949 0.020 
247  ZFENP48    (0)    7 :  0.015 0.950 0.035 
248  ZFENP49    (0)    7 :  0.021 0.951 0.028 
249  ZFENP50    (0)    7 :  0.093 0.901 0.006 
250  ZFENP51    (0)    7 :  0.028 0.964 0.008 
251  ZFENP52    (0)    7 :  0.030 0.883 0.088 
252  ZFENP53    (0)    7 :  0.040 0.941 0.018 
253  ZFENP54    (0)    7 :  0.182 0.787 0.031 
254  ZFENP55    (0)    7 :  0.007 0.988 0.005 
255  ZFENP56    (0)    7 :  0.015 0.961 0.024 
256  ZFENP57    (0)    7 :  0.006 0.983 0.011 
257  ZFENP58    (0)    7 :  0.101 0.688 0.211 
258  ZFENP59    (0)    7 :  0.008 0.931 0.061 
259  ZFENP60    (0)    7 :  0.008 0.984 0.008 
260  ZFENP61    (0)    7 :  0.004 0.982 0.014 
261 ZFFDSP01    (0)    8 :  0.989 0.004 0.006 
262 ZFFDSP02    (0)    8 :  0.991 0.004 0.005 
263 ZFFDSP04    (0)    8 :  0.991 0.004 0.005 
264 ZFFDSP05    (0)    8 :  0.989 0.005 0.006 
265 ZFFDSP06    (0)    8 :  0.990 0.003 0.006 
266 ZFFDSP07    (0)    8 :  0.978 0.006 0.015 
267 ZFFDSP08    (0)    8 :  0.980 0.005 0.015 
268 ZFFDSP10    (0)    8 :  0.988 0.005 0.007 
269 ZFFDSP11    (0)    8 :  0.989 0.006 0.005 
270 ZFFDSP12    (0)    8 :  0.991 0.004 0.005 
271 ZFFDSP13    (0)    8 :  0.957 0.008 0.035 
272 ZFFDSP14    (0)    8 :  0.987 0.005 0.008 
273 ZFFDSP16    (0)    8 :  0.980 0.008 0.012 
274 ZFFDSP17    (0)    8 :  0.990 0.004 0.006 
275 ZFFDSP18    (0)    8 :  0.987 0.005 0.008 
276 ZFFDSP19    (0)    8 :  0.976 0.005 0.019 
277 ZFFDSP21    (0)    8 :  0.976 0.004 0.020 
278 ZFFDSP22    (0)    8 :  0.991 0.003 0.006 
279 ZFFDSP23    (0)    8 :  0.991 0.003 0.005 
280 ZFFDSP24    (0)    8 :  0.986 0.006 0.008 
281 ZFFDSP26    (9)    8 :  0.989 0.004 0.006 
282 ZFFDSP27    (0)    8 :  0.989 0.005 0.006 
283 ZFFDSP28    (0)    8 :  0.891 0.081 0.028 
284 ZFFDSP30    (0)    8 :  0.975 0.010 0.015 
285 ZFFDSP31    (0)    8 :  0.987 0.005 0.008 
286 ZFFDSP32    (0)    8 :  0.991 0.004 0.005 
287 ZFFDSP33    (0)    8 :  0.992 0.004 0.004 
288 ZFFDSP34    (0)    8 :  0.989 0.004 0.007 
289 ZFFDSP35    (0)    8 :  0.989 0.005 0.006 
290 ZFFDSP37    (0)    8 :  0.989 0.005 0.006 
291 ZFFDSP38    (0)    8 :  0.989 0.005 0.006 
292 ZFFDSP39    (0)    8 :  0.991 0.004 0.005 
293 ZFFDSP40    (0)    8 :  0.989 0.005 0.006 
294 ZFFDSP42    (0)    8 :  0.990 0.004 0.007 
295 ZFFDSP43    (0)    8 :  0.990 0.004 0.006 
296 ZFFDSP44    (0)    8 :  0.990 0.005 0.006 
297 ZFFDSP45    (0)    8 :  0.988 0.005 0.007 
298 ZFFDSP46    (0)    8 :  0.987 0.005 0.008 
299 ZFFDSP47    (0)    8 :  0.989 0.004 0.007 
300 ZFFDSP48    (0)    8 :  0.988 0.004 0.007 
301    ZFI01    (0)    9 :  0.006 0.976 0.018 
302    ZFI02    (0)    9 :  0.009 0.982 0.009 
303    ZFI03    (0)    9 :  0.006 0.980 0.014 
304    ZFI04    (0)    9 :  0.005 0.987 0.008 
305    ZFI05    (0)    9 :  0.010 0.966 0.024 
306    ZFI06    (0)    9 :  0.023 0.956 0.022 
307    ZFI07    (0)    9 :  0.005 0.987 0.008 
308    ZFI08    (0)    9 :  0.005 0.989 0.007 
309    ZFI09    (0)    9 :  0.006 0.986 0.008 
310    ZFI10    (0)    9 :  0.013 0.961 0.026 
311    ZFI11    (0)    9 :  0.005 0.985 0.010 
312    ZFI12    (0)    9 :  0.008 0.970 0.022 
313    ZFI13    (0)    9 :  0.006 0.982 0.012 
314    ZFI14    (0)    9 :  0.016 0.970 0.013 
315    ZFI15    (0)    9 :  0.006 0.984 0.010 
316    ZFI16    (0)    9 :  0.006 0.984 0.011 
317    ZFI17    (0)    9 :  0.006 0.984 0.011 
318    ZFI18    (0)    9 :  0.005 0.989 0.007 
319    ZFI19    (9)    9 :  0.004 0.989 0.007 
320    ZFI20    (0)    9 :  0.008 0.985 0.008 
321    ZFI21    (0)    9 :  0.028 0.955 0.018 
322    ZFI22    (0)    9 :  0.008 0.981 0.011 
323    ZFI23    (0)    9 :  0.006 0.983 0.011 
324    ZFI24    (0)    9 :  0.007 0.969 0.024 
325    ZFI25    (0)    9 :  0.008 0.981 0.010 
326    ZFI26    (0)    9 :  0.005 0.986 0.009 
327    ZFI27    (0)    9 :  0.010 0.953 0.037 
328    ZFK01    (0)    9 :  0.011 0.012 0.978 
329    ZFK02    (0)   10 :  0.010 0.014 0.976 
330    ZFK03    (0)   10 :  0.009 0.022 0.969 
331    ZFK04    (0)   10 :  0.010 0.134 0.856 
332    ZFK05    (0)   10 :  0.006 0.137 0.857 
333    ZFK06    (0)   10 :  0.008 0.137 0.855 
334    ZFK07    (0)   10 :  0.013 0.012 0.976 
335    ZFK08    (0)   10 :  0.014 0.728 0.258 
336    ZFK10    (0)   10 :  0.011 0.077 0.913 
337    ZFK11    (0)   10 :  0.008 0.080 0.912 
338    ZFK12    (0)   10 :  0.023 0.014 0.963 
339    ZFK13    (0)   10 :  0.057 0.017 0.925 
340    ZFK14    (0)   10 :  0.018 0.010 0.971 
341    ZFK15    (0)   10 :  0.037 0.092 0.871 
342    ZFK16    (0)   10 :  0.033 0.009 0.958 
343   ZFLB01    (0)   11 :  0.013 0.982 0.006 
344   ZFLB02    (0)   11 :  0.006 0.990 0.004 
345   ZFLB03    (0)   11 :  0.012 0.949 0.039 
346   ZFLB04    (0)   11 :  0.052 0.866 0.082 
347   ZFLB05    (0)   11 :  0.007 0.985 0.008 
348   ZFLB06    (0)   11 :  0.011 0.970 0.019 
349   ZFLB07    (0)   11 :  0.039 0.879 0.082 
350   ZFLB08    (0)   11 :  0.005 0.990 0.005 
351   ZFLB09    (9)   11 :  0.008 0.984 0.008 
352   ZFLB10    (0)   11 :  0.008 0.983 0.009 
353   ZFLB11    (0)   11 :  0.013 0.971 0.016 
354   ZFLB12    (0)   11 :  0.004 0.990 0.006 
355   ZFLB13    (0)   11 :  0.009 0.980 0.011 
356  ZFLTI01    (0)   12 :  0.889 0.005 0.106 
357  ZFLTI02    (0)   12 :  0.451 0.006 0.543 
358  ZFLTI03    (0)   12 :  0.951 0.005 0.044 
359  ZFLTI04    (0)   12 :  0.875 0.008 0.118 
360  ZFLTI05    (0)   12 :  0.940 0.005 0.056 
361  ZFLTI06    (0)   12 :  0.988 0.004 0.008 
362  ZFLTI07    (0)   12 :  0.975 0.006 0.019 
363  ZFLTI08    (0)   12 :  0.930 0.009 0.061 
364  ZFLTI09    (0)   12 :  0.977 0.006 0.017 
365  ZFLTI10    (0)   12 :  0.962 0.005 0.032 
366  ZFLTI11    (0)   12 :  0.983 0.004 0.012 
367  ZFLTI12    (0)   12 :  0.956 0.005 0.039 
368  ZFLTI13    (0)   12 :  0.583 0.006 0.411 
369  ZFLTI14    (0)   12 :  0.070 0.006 0.924 
370 ZFONF101    (0)   13 :  0.994 0.003 0.003 
371 ZFONF102    (0)   13 :  0.991 0.006 0.004 
372 ZFONF103    (0)   13 :  0.975 0.005 0.019 
373 ZFONF104    (0)   13 :  0.993 0.003 0.004 
374 ZFONF105    (0)   13 :  0.991 0.003 0.006 
375 ZFONF106    (0)   13 :  0.991 0.004 0.005 
376 ZFONF107    (0)   13 :  0.920 0.052 0.029 
377 ZFONF108    (0)   13 :  0.963 0.011 0.027 
378 ZFONF109    (9)   13 :  0.976 0.007 0.017 
379 ZFONF110    (0)   13 :  0.991 0.003 0.006 
380 ZFONF111    (0)   13 :  0.974 0.018 0.009 
381 ZFONF112    (0)   13 :  0.989 0.004 0.007 
382 ZFONF113    (9)   13 :  0.988 0.005 0.007 
383 ZFONF115    (0)   13 :  0.985 0.005 0.010 
384 ZFONF116    (0)   13 :  0.986 0.005 0.008 
385 ZFONF117    (0)   13 :  0.979 0.005 0.015 
386 ZFONF118    (0)   13 :  0.985 0.005 0.010 
387 ZFONF119    (0)   13 :  0.985 0.005 0.009 
388 ZFONF120    (0)   13 :  0.980 0.005 0.014 
389 ZFONF121    (0)   13 :  0.990 0.005 0.006 
390 ZFONF122    (0)   13 :  0.953 0.008 0.039 
391 ZFONF123    (0)   13 :  0.978 0.016 0.006 
392 ZFONF124    (0)   13 :  0.987 0.005 0.008 
393 ZFONF125    (0)   13 :  0.962 0.019 0.019 
394 ZFONF126    (0)   13 :  0.982 0.005 0.012 
395 ZFONF201    (0)   14 :  0.771 0.142 0.087 
396 ZFONF202    (0)   14 :  0.988 0.003 0.009 
397 ZFONF203    (0)   14 :  0.984 0.008 0.008 
398 ZFONF204    (0)   14 :  0.784 0.041 0.175 
399 ZFONF206    (0)   14 :  0.793 0.188 0.019 
400 ZFONF207    (0)   14 :  0.980 0.008 0.012 
401 ZFONF208    (0)   14 :  0.976 0.008 0.016 
402 ZFONF209    (0)   14 :  0.769 0.021 0.210 
403 ZFONF210    (0)   14 :  0.984 0.003 0.013 
404 ZFONF211    (0)   14 :  0.982 0.004 0.014 
405 ZFONF212    (0)   14 :  0.992 0.003 0.005 
406 ZFONF214    (0)   14 :  0.986 0.004 0.010 
407 ZFONF215    (0)   14 :  0.990 0.003 0.007 
408 ZFONF216    (0)   14 :  0.987 0.004 0.010 
409 ZFONF217    (0)   14 :  0.987 0.004 0.009 
410 ZFONF218    (0)   14 :  0.982 0.013 0.005 
411 ZFONF219    (0)   14 :  0.992 0.003 0.005 
412 ZFONF220    (0)   14 :  0.987 0.004 0.009 
413 ZFONF222    (0)   14 :  0.982 0.008 0.010 
414 ZFONF223    (0)   14 :  0.986 0.009 0.005 
415 ZFONF224    (0)   14 :  0.989 0.004 0.006 
416 ZFONF225    (0)   14 :  0.991 0.003 0.006 
417 ZFONF226    (0)   14 :  0.987 0.004 0.009 
418 ZFONF227    (0)   14 :  0.992 0.003 0.005 
419 ZFONF228    (0)   14 :  0.992 0.003 0.005 
420 ZFONF230    (0)   14 :  0.992 0.003 0.006 
421 ZFONF231    (0)   14 :  0.980 0.004 0.017 
422 ZFONF232    (0)   14 :  0.992 0.003 0.004 
423 ZFONF233    (0)   14 :  0.983 0.005 0.013 
424 ZFONF234    (0)   14 :  0.981 0.008 0.011 
425 ZFONF235    (0)   14 :  0.986 0.004 0.010 
426 ZFONF236    (0)   14 :  0.886 0.039 0.076 
427 ZFONF238    (0)   14 :  0.988 0.006 0.006 
428 ZFONF239    (0)   14 :  0.887 0.042 0.071 
429 ZFONF240    (0)   14 :  0.982 0.003 0.015 
430 ZFONF241    (0)   14 :  0.984 0.010 0.007 
431 ZFONF242    (0)   14 :  0.983 0.004 0.012 
432 ZFONF243    (0)   14 :  0.982 0.004 0.014 
433 ZFONF244    (0)   14 :  0.988 0.003 0.009 
434 ZFONF245    (0)   14 :  0.985 0.004 0.012 
435   ZFOS01    (0)   15 :  0.028 0.006 0.967 
436   ZFOS02    (0)   15 :  0.028 0.031 0.941 
437   ZFOS03    (0)   15 :  0.015 0.056 0.929 
438   ZFOS04    (0)   15 :  0.056 0.014 0.930 
439   ZFOS05    (0)   15 :  0.029 0.008 0.962 
440   ZFOS06    (0)   15 :  0.013 0.009 0.977 
441   ZFOS07    (0)   15 :  0.008 0.018 0.974 
442   ZFOS08    (0)   15 :  0.013 0.014 0.973 
443   ZFOS09    (0)   15 :  0.101 0.067 0.832 
444   ZFOS10    (0)   15 :  0.004 0.054 0.942 
445   ZFOS11    (0)   15 :  0.020 0.032 0.949 
446   ZFOS12    (0)   15 :  0.033 0.291 0.676 
447   ZFOS13    (0)   15 :  0.016 0.016 0.968 
448   ZFOS14    (0)   15 :  0.014 0.181 0.805 
449   ZFOS15    (0)   15 :  0.004 0.009 0.987 
450   ZFOS16    (0)   15 :  0.026 0.016 0.958 
451   ZFOS17    (0)   15 :  0.006 0.015 0.979 
452   ZFOS18    (0)   15 :  0.005 0.012 0.983 
453   ZFOS19    (0)   15 :  0.005 0.010 0.984 
454   ZFOS20    (0)   15 :  0.007 0.013 0.980 
455   ZFOS21    (0)   15 :  0.018 0.009 0.973 
456   ZFOS22    (0)   15 :  0.010 0.006 0.984 
457   ZFOS23    (0)   15 :  0.003 0.391 0.606 
458   ZFOS24    (0)   15 :  0.004 0.005 0.991 
459   ZFOS25    (0)   15 :  0.032 0.007 0.961 
460   ZFOS26    (0)   15 :  0.129 0.010 0.861 
461   ZFOS27    (0)   15 :  0.021 0.009 0.971 
462   ZFOS28    (0)   15 :  0.009 0.032 0.959 
463   ZFOS29    (0)   15 :  0.009 0.016 0.975 
464   ZFOS30    (0)   15 :  0.016 0.011 0.972 
465   ZFOS31    (0)   15 :  0.118 0.139 0.743 
466   ZFOS32    (0)   15 :  0.016 0.015 0.969 
467   ZFPB01    (0)   16 :  0.004 0.990 0.006 
468   ZFPB02    (0)   16 :  0.011 0.982 0.007 
469   ZFPB03    (0)   16 :  0.019 0.933 0.048 
470   ZFPB05    (0)   16 :  0.009 0.986 0.006 
471   ZFPB06    (0)   16 :  0.006 0.983 0.011 
472   ZFPB07    (0)   16 :  0.014 0.981 0.005 
473   ZFPB08    (0)   16 :  0.010 0.978 0.012 
474   ZFPB10    (0)   16 :  0.005 0.988 0.007 
475   ZFPB11    (0)   16 :  0.005 0.989 0.006 
476   ZFPB12    (0)   16 :  0.006 0.988 0.007 
477   ZFPB13    (0)   16 :  0.010 0.984 0.006 
478   ZFPB14    (0)   16 :  0.015 0.980 0.005 
479   ZFPB15    (0)   16 :  0.021 0.967 0.011 
480   ZFPB17    (0)   16 :  0.005 0.990 0.005 
481   ZFPB18    (0)   16 :  0.009 0.985 0.006 
482   ZFPB19    (0)   16 :  0.008 0.980 0.011 
483   ZFPB20    (0)   16 :  0.005 0.991 0.004 
484   ZFPB21    (0)   16 :  0.014 0.977 0.008 
485   ZFPB22    (0)   16 :  0.004 0.992 0.004 
486   ZFPB23    (0)   16 :  0.007 0.987 0.006 
487   ZFSF01    (0)   17 :  0.004 0.989 0.007 
488   ZFSF02    (0)   17 :  0.022 0.961 0.018 
489   ZFSF03    (0)   17 :  0.005 0.990 0.005 
490   ZFSF04    (0)   17 :  0.008 0.981 0.012 
491  ZFSW101    (0)   18 :  0.094 0.895 0.010 
492  ZFSW102    (0)   18 :  0.010 0.978 0.012 
493  ZFSW103    (0)   18 :  0.044 0.936 0.020 
494  ZFSW104    (9)   18 :  0.010 0.980 0.010 
495  ZFSW105    (0)   18 :  0.083 0.905 0.012 
496  ZFSW106    (0)   18 :  0.036 0.950 0.014 
497  ZFSW107    (0)   18 :  0.008 0.985 0.007 
498  ZFSW108    (0)   18 :  0.005 0.989 0.006 
499  ZFSW109    (0)   18 :  0.012 0.968 0.020 
500  ZFSW110    (0)   18 :  0.041 0.945 0.014 
501  ZFSW111    (0)   18 :  0.158 0.818 0.024 
502  ZFSW112    (0)   18 :  0.038 0.766 0.196 
503  ZFSW113    (0)   18 :  0.050 0.933 0.017 
504  ZFSW114    (0)   18 :  0.015 0.974 0.010 
505  ZFSW115    (0)   18 :  0.012 0.980 0.009 
506  ZFSW116    (0)   18 :  0.032 0.959 0.009 
507  ZFSW117    (0)   18 :  0.059 0.923 0.018 
508  ZFSW119    (0)   18 :  0.004 0.984 0.012 
509  ZFSW120    (0)   18 :  0.003 0.992 0.005 
510  ZFSW121    (0)   18 :  0.011 0.981 0.008 
511  ZFSW122    (0)   18 :  0.017 0.967 0.017 
512  ZFSW123    (0)   18 :  0.006 0.989 0.005 
513  ZFSW124    (0)   18 :  0.006 0.982 0.013 
514  ZFSW201    (0)   19 :  0.004 0.987 0.009 
515  ZFSW202    (0)   19 :  0.006 0.986 0.008 
516  ZFSW203    (0)   19 :  0.005 0.985 0.010 
517  ZFSW204    (0)   19 :  0.006 0.980 0.014 
518  ZFSW205    (0)   19 :  0.007 0.984 0.009 
519  ZFSW206    (0)   19 :  0.007 0.985 0.008 
520  ZFSW207    (0)   19 :  0.015 0.973 0.012 
521  ZFSW208    (0)   19 :  0.007 0.985 0.008 
522  ZFSW209    (0)   19 :  0.005 0.988 0.007 
523  ZFSW210    (0)   19 :  0.028 0.938 0.034 
524  ZFSW211    (0)   19 :  0.009 0.980 0.011 
525  ZFSW212    (0)   19 :  0.008 0.980 0.011 
526  ZFSW213    (0)   19 :  0.007 0.978 0.015 
527  ZFSW214    (0)   19 :  0.009 0.971 0.020 
528  ZFSW215    (0)   19 :  0.006 0.985 0.008 
529  ZFSW216    (0)   19 :  0.009 0.979 0.012 
530  ZFSW217    (0)   19 :  0.006 0.981 0.013 
531  ZFSW218    (0)   19 :  0.009 0.980 0.012 
532  ZFSW219    (0)   19 :  0.008 0.977 0.014 
533  ZFSW220    (0)   19 :  0.006 0.985 0.009 
534  ZFSW221    (0)   19 :  0.009 0.979 0.012 
535  ZFSW222    (0)   19 :  0.005 0.990 0.006 
536  ZFSW223    (0)   19 :  0.005 0.986 0.008 
537  ZFSW224    (0)   19 :  0.008 0.980 0.012 
538  ZFSW225    (0)   19 :  0.007 0.984 0.010 
539  ZFSW226    (0)   19 :  0.008 0.983 0.009 
540  ZFSW227    (0)   19 :  0.006 0.986 0.008 
541  ZFSW229    (0)   19 :  0.007 0.986 0.007 
542  ZFSW230    (0)   19 :  0.016 0.973 0.011 
543  ZFSW231    (0)   19 :  0.006 0.986 0.008 
544  ZFSW232    (0)   19 :  0.006 0.987 0.007 
545  ZFSW233    (0)   19 :  0.007 0.986 0.007 
546  ZFSW234    (0)   19 :  0.005 0.988 0.007 
547  ZFSW235    (0)   19 :  0.008 0.976 0.016 
548  ZFSW236    (0)   19 :  0.008 0.977 0.014 
549  ZFSW237    (0)   19 :  0.006 0.975 0.019 
550  ZFSW238    (0)   19 :  0.007 0.982 0.011 
551  ZFSW239    (0)   19 :  0.009 0.985 0.006 
552  ZFSW240    (0)   19 :  0.004 0.989 0.007 
553   ZFTS01    (0)   20 :  0.005 0.992 0.003 
554   ZFTS02    (0)   20 :  0.007 0.987 0.006 
555   ZFTS03    (0)   20 :  0.005 0.989 0.006 
556   ZFTS04    (0)   20 :  0.004 0.991 0.005 
557   ZFTS05    (0)   20 :  0.005 0.988 0.006 
558   ZFTS07    (0)   20 :  0.004 0.992 0.004 
559   ZFTS08    (0)   20 :  0.003 0.992 0.004 
560   ZFTS09    (0)   20 :  0.003 0.994 0.003 
561   ZFTS10    (0)   20 :  0.004 0.991 0.005 
562   ZFTS11    (0)   20 :  0.004 0.992 0.004 
563   ZFTS12    (0)   20 :  0.004 0.989 0.007 
564   ZFTS14    (0)   20 :  0.005 0.990 0.005 
565   ZFTS15    (0)   20 :  0.005 0.990 0.004 
566   ZFTS16    (0)   20 :  0.007 0.987 0.007 
567   ZFTS17    (9)   20 :  0.005 0.988 0.007 
568   ZFTS18    (0)   20 :  0.003 0.991 0.006 
569   ZFTS19    (9)   20 :  0.004 0.991 0.006 
570   ZFTS20    (0)   20 :  0.004 0.989 0.007 
571   ZFTS21    (0)   20 :  0.004 0.992 0.004 
572   ZFTS22    (0)   20 :  0.003 0.991 0.006 
573   ZFTS23    (0)   20 :  0.005 0.988 0.007 
574   ZFTS24    (0)   20 :  0.003 0.990 0.007 
575   ZFTS25    (0)   20 :  0.006 0.990 0.004 
576   ZFTS26    (0)   20 :  0.003 0.992 0.005 
577   ZFTS27    (0)   20 :  0.006 0.989 0.005 
578   ZFTS28    (0)   20 :  0.011 0.978 0.011 
579   ZFTS29    (0)   20 :  0.003 0.993 0.005 
580   ZFTS30    (0)   20 :  0.004 0.992 0.005 
581   ZFTS31    (0)   20 :  0.005 0.987 0.008 
582   ZFTS32    (0)   20 :  0.004 0.990 0.006 
583   ZFTS33    (0)   20 :  0.006 0.988 0.006 
584   ZFTS34    (0)   20 :  0.006 0.989 0.005 
585   ZFTS35    (0)   20 :  0.005 0.990 0.005 
586   ZFTS36    (0)   20 :  0.005 0.990 0.005 
587   ZFTS37    (0)   20 :  0.005 0.990 0.005 
588   ZFTS38    (0)   20 :  0.004 0.989 0.006 
589   ZFTS39    (0)   20 :  0.005 0.990 0.005 
590   ZFTS40    (0)   20 :  0.013 0.980 0.007 
591 ZFTSP101    (0)   21 :  0.929 0.005 0.066 
592 ZFTSP102    (0)   21 :  0.050 0.007 0.943 
593 ZFTSP103    (0)   21 :  0.031 0.004 0.965 
594 ZFTSP104    (0)   21 :  0.990 0.004 0.006 
595 ZFTSP105    (0)   21 :  0.274 0.006 0.720 
596 ZFTSP106    (0)   21 :  0.985 0.005 0.009 
597 ZFTSP107    (0)   21 :  0.901 0.006 0.093 
598 ZFTSP108    (0)   21 :  0.961 0.005 0.033 
599 ZFTSP109    (0)   21 :  0.979 0.006 0.015 
600 ZFTSP110    (0)   21 :  0.978 0.005 0.017 
601 ZFTSP111    (0)   21 :  0.976 0.004 0.020 
602 ZFTSP112    (0)   21 :  0.921 0.005 0.074 
603 ZFTSP113    (0)   21 :  0.977 0.007 0.015 
604 ZFTSP114    (0)   21 :  0.957 0.005 0.038 
605 ZFTSP115    (0)   21 :  0.963 0.005 0.032 
606 ZFTSP116    (0)   21 :  0.915 0.006 0.079 
607 ZFTSP117    (0)   21 :  0.985 0.004 0.011 
608 ZFTSP118    (0)   21 :  0.882 0.006 0.112 
609 ZFTSP119    (0)   21 :  0.929 0.059 0.013 
610 ZFTSP120    (0)   21 :  0.954 0.004 0.041 
611 ZFTSP121    (0)   21 :  0.720 0.037 0.243 
612 ZFTSP122    (0)   21 :  0.835 0.004 0.161 
613 ZFTSP123    (0)   21 :  0.989 0.004 0.007 
614 ZFTSP124    (0)   21 :  0.983 0.003 0.014 
615 ZFTSP125    (0)   21 :  0.989 0.004 0.008 
616 ZFTSP126    (0)   21 :  0.977 0.005 0.018 
617 ZFTSP127    (0)   21 :  0.982 0.004 0.014 
618 ZFTSP128    (0)   21 :  0.947 0.004 0.049 
619 ZFTSP129    (0)   21 :  0.969 0.004 0.027 
620 ZFTSP130    (0)   21 :  0.981 0.004 0.015 
621 ZFTSP131    (0)   21 :  0.980 0.003 0.017 
622 ZFTSP132    (0)   21 :  0.949 0.007 0.044 
623 ZFTSP133    (0)   21 :  0.951 0.003 0.045 
624 ZFTSP134    (0)   21 :  0.950 0.004 0.046 
625 ZFTSP135    (0)   21 :  0.957 0.004 0.038 
626 ZFTSP136    (0)   21 :  0.971 0.005 0.024 
627 ZFTSP137    (0)   21 :  0.923 0.020 0.058 
628 ZFTSP138    (0)   21 :  0.975 0.005 0.019 
629 ZFTSP139    (0)   21 :  0.987 0.003 0.009 
630 ZFTSP140    (0)   21 :  0.895 0.008 0.097 
631 ZFTSP141    (0)   21 :  0.833 0.009 0.157 
632 ZFTSP142    (0)   21 :  0.479 0.006 0.515 
633 ZFTSP143    (0)   21 :  0.965 0.005 0.030 
634 ZFTSP144    (0)   21 :  0.816 0.008 0.176 
635 ZFTSP145    (0)   21 :  0.550 0.004 0.446 
636 ZFTSP201    (9)   22 :  0.979 0.006 0.015 
637 ZFTSP202    (0)   22 :  0.791 0.010 0.198 
638 ZFTSP203    (0)   22 :  0.982 0.005 0.013 
639 ZFTSP204    (0)   22 :  0.961 0.005 0.034 
640 ZFTSP205    (0)   22 :  0.907 0.010 0.083 
641 ZFTSP206    (0)   22 :  0.977 0.007 0.016 
642 ZFTSP207    (0)   22 :  0.988 0.006 0.007 
643 ZFTSP208    (0)   22 :  0.979 0.007 0.013 
644 ZFTSP209    (0)   22 :  0.972 0.004 0.024 
645 ZFTSP210    (0)   22 :  0.988 0.005 0.007 
646 ZFTSP211    (0)   22 :  0.939 0.009 0.052 
647 ZFTSP212    (0)   22 :  0.989 0.003 0.008 
648 ZFTSP213    (0)   22 :  0.983 0.005 0.012 
649 ZFTSP214    (0)   22 :  0.139 0.004 0.857 
650 ZFTSP215    (0)   22 :  0.828 0.005 0.166 
651 ZFTSP216    (0)   22 :  0.763 0.039 0.198 
652 ZFTSP217    (0)   22 :  0.988 0.005 0.007 
653 ZFTSP218    (0)   22 :  0.982 0.006 0.012 
654 ZFTSP219    (0)   22 :  0.920 0.010 0.070 
655 ZFTSP220    (0)   22 :  0.934 0.014 0.052 
656 ZFTSP221    (0)   22 :  0.977 0.006 0.017 
657 ZFTSP222    (0)   22 :  0.948 0.038 0.014 
658 ZFTSP223    (0)   22 :  0.979 0.004 0.017 
659 ZFTSP224    (0)   22 :  0.683 0.004 0.313 
660 ZFTSP225    (0)   22 :  0.980 0.005 0.014 
661 ZFTSP226    (0)   22 :  0.850 0.005 0.145 
662 ZFTSP227    (0)   22 :  0.976 0.010 0.015 
663 ZFTSP228    (0)   22 :  0.716 0.011 0.273 
664    ZFW01    (0)   23 :  0.009 0.983 0.007 
665    ZFW02    (0)   23 :  0.009 0.985 0.006 
666    ZFW03    (0)   23 :  0.011 0.982 0.007 
667    ZFW04    (0)   23 :  0.005 0.988 0.007 
668    ZFW05    (0)   23 :  0.006 0.977 0.017 
669    ZFW06    (0)   23 :  0.005 0.989 0.006 
670   ZFWB01    (0)   24 :  0.149 0.785 0.066 
671   ZFWB02    (0)   24 :  0.010 0.971 0.019 
672   ZFWB03    (0)   24 :  0.043 0.883 0.074 
673   ZFWB05    (0)   24 :  0.087 0.899 0.014 
674   ZFWB06    (0)   24 :  0.062 0.901 0.037 
675   ZFWB07    (0)   24 :  0.043 0.923 0.034 
676   ZFWB10    (0)   24 :  0.130 0.849 0.022 
677   ZFWB11    (0)   24 :  0.036 0.933 0.031 
678   ZFWB12    (0)   24 :  0.057 0.763 0.180 
679   ZFWB13    (9)   24 :  0.123 0.546 0.331 
680   ZFWB14    (0)   24 :  0.239 0.718 0.042 
681   ZFWB15    (9)   24 :  0.046 0.933 0.020 
682   ZFWB18    (0)   24 :  0.165 0.758 0.077 
683   ZFWB19    (0)   24 :  0.013 0.975 0.011 
684   ZFWB20    (0)   24 :  0.038 0.945 0.018 
685   ZFWB21    (0)   24 :  0.044 0.902 0.053 
686   ZFWB22    (0)   24 :  0.061 0.896 0.043 
687   ZFWB23    (0)   24 :  0.405 0.239 0.357 
688   ZFWB24    (0)   24 :  0.248 0.680 0.072 
689   ZFWB25    (0)   24 :  0.042 0.942 0.016 
690   ZFWB26    (0)   24 :  0.019 0.966 0.015 
691   ZFWB27    (0)   24 :  0.023 0.957 0.020 
692   ZFWB29    (0)   24 :  0.018 0.964 0.018 
693   ZFWB30    (0)   24 :  0.045 0.846 0.108 
694   ZFWB31    (0)   24 :  0.160 0.745 0.095 
695   ZFWB32    (9)   24 :  0.018 0.965 0.017 
696   ZFWB35    (0)   24 :  0.055 0.871 0.074 
697   ZFWB36    (0)   24 :  0.018 0.950 0.032 
698   ZFWB37    (0)   24 :  0.039 0.918 0.043 
699   ZFWB38    (0)   24 :  0.027 0.962 0.011 
700   ZFWB39    (9)   24 :  0.075 0.791 0.135 
701   ZFWB40    (0)   24 :  0.075 0.804 0.121 
702   ZFWB41    (9)   24 :  0.061 0.872 0.067 
703   ZFWB42    (0)   24 :  0.120 0.822 0.058 
704   ZFWB43    (0)   24 :  0.026 0.950 0.024 
705   ZFWB44    (0)   24 :  0.007 0.985 0.008 
706   ZFWB46    (0)   24 :  0.031 0.935 0.035 
707   ZFWB47    (9)   24 :  0.021 0.959 0.019 
708   ZFWB48    (0)   24 :  0.224 0.702 0.074 
709   ZFWB49    (0)   24 :  0.530 0.449 0.021 
710    ZCF01    (0)   25 :  0.006 0.974 0.020 
711    ZCF02    (0)   25 :  0.004 0.990 0.006 
712    ZCF03    (0)   25 :  0.010 0.979 0.011 
713    ZCF04    (0)   25 :  0.013 0.980 0.007 
714    ZCF05    (0)   25 :  0.004 0.990 0.006 
715    ZCF06    (0)   25 :  0.050 0.737 0.213 
716    ZCF07    (0)   25 :  0.006 0.985 0.009 
717    ZCF08    (0)   25 :  0.016 0.970 0.014 
718    ZCF09    (0)   25 :  0.457 0.423 0.120 
719    ZCF10    (0)   25 :  0.036 0.942 0.022 
720    ZCF11    (0)   25 :  0.010 0.983 0.007 
721    ZCF12    (0)   25 :  0.006 0.990 0.004 
722    ZCF13    (0)   25 :  0.017 0.978 0.005 
723    ZCF14    (0)   25 :  0.036 0.941 0.023 
724    ZCF15    (0)   25 :  0.010 0.974 0.017 
725    ZCF16    (0)   25 :  0.008 0.968 0.024 
726    ZCF17    (0)   25 :  0.007 0.984 0.009 
727    ZCF18    (0)   25 :  0.018 0.977 0.006 
728    ZCF19    (0)   25 :  0.006 0.985 0.009 
729    ZCF20    (0)   25 :  0.011 0.981 0.008 
730    ZCF21    (0)   25 :  0.014 0.970 0.016 
731    ZCF22    (0)   25 :  0.015 0.964 0.021 
732    ZCF23    (0)   25 :  0.011 0.984 0.005 
733    ZCF24    (0)   25 :  0.156 0.708 0.136 
734    ZCF25    (0)   25 :  0.049 0.916 0.035 
735    ZCF26    (0)   25 :  0.036 0.851 0.113 
736    ZCF27    (0)   25 :  0.006 0.982 0.012 
737    ZCF28    (0)   25 :  0.005 0.984 0.011 
738    ZCF29    (0)   25 :  0.030 0.944 0.026 
739    ZCF30    (0)   25 :  0.008 0.977 0.015 
740    ZCF31    (0)   25 :  0.012 0.983 0.005 
741    ZCF32    (0)   25 :  0.011 0.980 0.009 
742    ZCF33    (0)   25 :  0.005 0.991 0.004 
743    ZCF34    (0)   25 :  0.419 0.566 0.015 
744    ZCF35    (0)   25 :  0.021 0.972 0.007 
745    ZCF36    (0)   25 :  0.015 0.977 0.007 
746    ZCF37    (0)   25 :  0.011 0.981 0.008 
747    ZCF38    (0)   25 :  0.029 0.956 0.016 
748    ZCF39    (0)   25 :  0.924 0.069 0.007 
749    ZCF40    (0)   25 :  0.065 0.874 0.060 
750    ZCF41    (0)   25 :  0.006 0.972 0.022 
751    ZCF42    (0)   25 :  0.027 0.826 0.147 


Estimated Allele Frequencies in each cluster
First column gives estimated ancestral frequencies


Locus 1 : 
11 alleles
0.0% missing data
 206   (0.188) 0.251 0.156 0.361 
 204   (0.315) 0.627 0.612 0.578 
 222   (0.050) 0.000 0.077 0.000 
 218   (0.124) 0.069 0.059 0.038 
 216   (0.032) 0.006 0.000 0.000 
 208   (0.051) 0.030 0.002 0.000 
 224   (0.068) 0.000 0.038 0.020 
 220   (0.077) 0.016 0.049 0.001 
 230   (0.032) 0.000 0.002 0.000 
 210   (0.033) 0.000 0.003 0.001 
 202   (0.030) 0.000 0.002 0.000 

Locus 2 : 
5 alleles
0.7% missing data
 179   (0.544) 0.426 0.771 0.653 
 173   (0.312) 0.517 0.179 0.345 
 182   (0.049) 0.056 0.001 0.000 
 170   (0.055) 0.000 0.044 0.000 
 176   (0.041) 0.000 0.005 0.000 

Locus 3 : 
7 alleles
0.0% missing data
 198   (0.464) 0.565 0.536 0.453 
 207   (0.161) 0.029 0.404 0.002 
 216   (0.078) 0.104 0.001 0.447 
 195   (0.142) 0.293 0.015 0.096 
 213   (0.058) 0.008 0.003 0.000 
 210   (0.050) 0.000 0.024 0.000 
 219   (0.047) 0.000 0.016 0.000 

Locus 4 : 
7 alleles
0.0% missing data
 166   (0.315) 0.503 0.381 0.523 
 182   (0.108) 0.001 0.216 0.101 
 178   (0.244) 0.420 0.204 0.239 
 184   (0.172) 0.029 0.175 0.132 
 180   (0.050) 0.045 0.002 0.000 
 186   (0.061) 0.000 0.019 0.004 
 168   (0.050) 0.002 0.003 0.001 

Locus 5 : 
9 alleles
0.0% missing data
 215   (0.393) 0.244 0.591 0.869 
 207   (0.226) 0.563 0.129 0.116 
 225   (0.068) 0.001 0.120 0.001 
 217   (0.084) 0.000 0.137 0.010 
 211   (0.032) 0.002 0.000 0.000 
 205   (0.038) 0.105 0.000 0.000 
 189   (0.076) 0.084 0.012 0.001 
 227   (0.050) 0.000 0.009 0.003 
 223   (0.032) 0.000 0.002 0.000 

Locus 6 : 
2 alleles
1.1% missing data
 205   (0.094) 0.000 0.146 0.004 
 203   (0.906) 1.000 0.854 0.996 

Locus 7 : 
9 alleles
0.3% missing data
 187   (0.151) 0.001 0.490 0.193 
 199   (0.105) 0.021 0.151 0.001 
 189   (0.177) 0.131 0.114 0.042 
