

----------------------------------------------------
STRUCTURE by Pritchard, Stephens and Donnelly (2000)
     and Falush, Stephens and Pritchard (2003)
       Code by Pritchard, Falush and Hubisz
             Version 2.3.4 (Jul 2012)
----------------------------------------------------



Command line arguments:   bin\structure -m C:\Users\eschumacher\Documents\GitHub\GCC_QUAC_ZAIN\Data_Files\Structure_Files\ZAIN\ZAIN_rebinned_wild\50-50\mainparams -e C:\Users\eschumacher\Documents\GitHub\GCC_QUAC_ZAIN\Data_Files\Structure_Files\ZAIN\ZAIN_rebinned_wild\50-50\extraparams 
Input File:    C:\Users\eschumacher\Documents\GitHub\GCC_QUAC_ZAIN\Data_Files\Structure_Files\ZAIN\ZAIN_rebinned_wild\project_data

Run parameters:
   751 individuals
   11 loci
   4 populations assumed
   50000 Burn-in period
   50000 Reps


--------------------------------------------
Proportion of membership of each pre-defined
 population in each of the 4 clusters

Given    Inferred Clusters              Number of
 Pop       1      2      3      4      Individuals

  1:     0.021  0.006  0.008  0.964       35
  2:     0.008  0.038  0.945  0.009       36
  3:     0.011  0.010  0.973  0.006       33
  4:     0.014  0.941  0.024  0.022       40
  5:     0.005  0.874  0.116  0.005       39
  6:     0.684  0.038  0.072  0.206       40
  7:     0.869  0.033  0.017  0.081       37
  8:     0.005  0.008  0.981  0.007       40
  9:     0.007  0.042  0.006  0.944       28
 10:     0.157  0.782  0.018  0.043       14
 11:     0.969  0.013  0.008  0.011       13
 12:     0.005  0.167  0.822  0.005       14
 13:     0.010  0.011  0.973  0.006       25
 14:     0.020  0.020  0.952  0.008       40
 15:     0.028  0.909  0.025  0.038       32
 16:     0.984  0.005  0.005  0.006       20
 17:     0.150  0.011  0.014  0.825        4
 18:     0.011  0.010  0.020  0.959       23
 19:     0.012  0.008  0.006  0.973       39
 20:     0.033  0.005  0.005  0.957       38
 21:     0.009  0.126  0.860  0.005       45
 22:     0.016  0.094  0.885  0.005       28
 23:     0.029  0.013  0.007  0.950        6
 24:     0.875  0.034  0.047  0.045       40
 25:     0.927  0.013  0.030  0.029       42
--------------------------------------------

Allele-freq. divergence among pops (Net nucleotide distance),
computed using point estimates of P.

      1       2       3       4      
 1      -    0.1011  0.1324  0.0775  
 2   0.1011     -    0.1109  0.1523  
 3   0.1324  0.1109     -    0.2019  
 4   0.0775  0.1523  0.2019     -    

Average distances (expected heterozygosity) between individuals in same cluster:
cluster  1  : 0.5732 
cluster  2  : 0.4403 
cluster  3  : 0.4582 
cluster  4  : 0.5009 

--------------------------------------------
Estimated Ln Prob of Data   = -15494.2
Mean value of ln likelihood = -15320.6
Variance of ln likelihood   = 347.2
Mean value of alpha         = 0.0342

Mean value of Fst_1         = 0.1162
Mean value of Fst_2         = 0.3486
Mean value of Fst_3         = 0.3108
Mean value of Fst_4         = 0.3164


Inferred ancestry of individuals:
        Label (%Miss) Pop:  Inferred clusters
  1    ZFB01    (0)    1 :  0.006 0.004 0.005 0.986 
  2    ZFB02    (0)    1 :  0.008 0.005 0.003 0.984 
  3    ZFB03    (0)    1 :  0.007 0.010 0.005 0.978 
  4    ZFB04    (0)    1 :  0.008 0.004 0.005 0.983 
  5    ZFB05    (0)    1 :  0.097 0.018 0.006 0.879 
  6    ZFB06    (0)    1 :  0.059 0.015 0.007 0.918 
  7    ZFB07    (9)    1 :  0.015 0.006 0.008 0.971 
  8    ZFB08    (0)    1 :  0.006 0.006 0.005 0.982 
  9    ZFB09    (0)    1 :  0.005 0.004 0.003 0.988 
 10    ZFB10    (0)    1 :  0.006 0.005 0.013 0.976 
 11    ZFB11    (0)    1 :  0.006 0.005 0.008 0.982 
 12    ZFB12    (0)    1 :  0.008 0.005 0.005 0.982 
 13    ZFB13    (0)    1 :  0.007 0.005 0.006 0.982 
 14    ZFB14    (0)    1 :  0.005 0.005 0.006 0.985 
 15    ZFB15    (0)    1 :  0.006 0.003 0.003 0.988 
 16    ZFB16    (0)    1 :  0.007 0.003 0.005 0.986 
 17    ZFB17    (0)    1 :  0.042 0.012 0.014 0.932 
 18    ZFB18    (0)    1 :  0.005 0.004 0.004 0.987 
 19    ZFB19    (0)    1 :  0.018 0.005 0.023 0.954 
 20    ZFB20    (0)    1 :  0.010 0.003 0.005 0.982 
 21    ZFB21    (0)    1 :  0.007 0.003 0.003 0.987 
 22    ZFB22    (0)    1 :  0.023 0.007 0.017 0.953 
 23    ZFB23    (0)    1 :  0.010 0.006 0.008 0.976 
 24    ZFB24    (0)    1 :  0.008 0.004 0.006 0.982 
 25    ZFB25    (0)    1 :  0.006 0.005 0.026 0.963 
 26    ZFB26    (0)    1 :  0.016 0.006 0.017 0.961 
 27    ZFB27    (0)    1 :  0.012 0.004 0.008 0.977 
 28    ZFB28    (0)    1 :  0.024 0.010 0.006 0.960 
 29    ZFB29    (0)    1 :  0.007 0.004 0.004 0.985 
 30    ZFB30    (0)    1 :  0.261 0.009 0.012 0.718 
 31    ZFB31    (0)    1 :  0.006 0.005 0.015 0.974 
 32    ZFB32    (0)    1 :  0.024 0.025 0.008 0.943 
 33    ZFB33    (0)    1 :  0.005 0.003 0.004 0.988 
 34    ZFB34    (0)    1 :  0.005 0.005 0.004 0.986 
 35    ZFB35    (0)    1 :  0.007 0.005 0.007 0.981 
 36  ZFBP101    (0)    2 :  0.013 0.121 0.849 0.017 
 37  ZFBP102    (0)    2 :  0.015 0.022 0.935 0.028 
 38  ZFBP103    (0)    2 :  0.008 0.326 0.658 0.008 
 39  ZFBP104    (0)    2 :  0.037 0.006 0.906 0.051 
 40  ZFBP105    (0)    2 :  0.007 0.009 0.976 0.008 
 41  ZFBP106    (0)    2 :  0.005 0.011 0.980 0.004 
 42  ZFBP107    (0)    2 :  0.024 0.015 0.953 0.009 
 43  ZFBP108    (0)    2 :  0.004 0.004 0.988 0.004 
 44  ZFBP109    (0)    2 :  0.004 0.005 0.986 0.004 
 45  ZFBP110    (0)    2 :  0.018 0.265 0.684 0.033 
 46  ZFBP111    (0)    2 :  0.004 0.005 0.988 0.003 
 47  ZFBP112    (0)    2 :  0.006 0.008 0.981 0.005 
 48  ZFBP113    (0)    2 :  0.006 0.004 0.986 0.005 
 49  ZFBP114    (0)    2 :  0.009 0.009 0.978 0.004 
 50  ZFBP115    (0)    2 :  0.006 0.016 0.975 0.003 
 51  ZFBP116    (0)    2 :  0.007 0.006 0.984 0.003 
 52  ZFBP117    (0)    2 :  0.004 0.008 0.985 0.003 
 53  ZFBP118    (0)    2 :  0.008 0.006 0.983 0.004 
 54  ZFBP119    (0)    2 :  0.005 0.031 0.959 0.004 
 55  ZFBP120    (0)    2 :  0.006 0.006 0.980 0.007 
 56  ZFBP121    (0)    2 :  0.005 0.011 0.978 0.006 
 57  ZFBP122    (9)    2 :  0.005 0.006 0.985 0.004 
 58  ZFBP123    (0)    2 :  0.008 0.011 0.976 0.005 
 59  ZFBP124    (0)    2 :  0.005 0.007 0.981 0.007 
 60  ZFBP125    (0)    2 :  0.004 0.007 0.987 0.003 
 61  ZFBP126    (0)    2 :  0.024 0.026 0.930 0.021 
 62  ZFBP127    (0)    2 :  0.004 0.012 0.980 0.004 
 63  ZFBP128    (0)    2 :  0.003 0.007 0.986 0.004 
 64  ZFBP129    (0)    2 :  0.004 0.008 0.984 0.004 
 65  ZFBP130    (0)    2 :  0.004 0.008 0.985 0.002 
 66  ZFBP131    (0)    2 :  0.005 0.004 0.986 0.005 
 67  ZFBP132    (0)    2 :  0.004 0.007 0.985 0.004 
 68  ZFBP133    (0)    2 :  0.003 0.006 0.987 0.004 
 69  ZFBP134    (0)    2 :  0.004 0.017 0.975 0.004 
 70  ZFBP135    (0)    2 :  0.010 0.296 0.669 0.026 
 71  ZFBP136    (0)    2 :  0.008 0.069 0.918 0.004 
 72  ZFBP201    (0)    3 :  0.009 0.008 0.976 0.007 
 73  ZFBP202    (0)    3 :  0.005 0.006 0.983 0.007 
 74  ZFBP203    (0)    3 :  0.042 0.006 0.941 0.011 
 75  ZFBP204    (0)    3 :  0.007 0.023 0.965 0.005 
 76  ZFBP205    (0)    3 :  0.006 0.007 0.983 0.004 
 77  ZFBP206    (0)    3 :  0.008 0.011 0.975 0.006 
 78  ZFBP207    (0)    3 :  0.004 0.020 0.972 0.004 
 79  ZFBP208    (0)    3 :  0.014 0.006 0.974 0.005 
 80  ZFBP209    (0)    3 :  0.003 0.006 0.988 0.003 
 81  ZFBP210    (0)    3 :  0.007 0.009 0.978 0.006 
 82  ZFBP211    (0)    3 :  0.005 0.007 0.982 0.006 
 83  ZFBP212    (0)    3 :  0.004 0.005 0.986 0.005 
 84  ZFBP213    (0)    3 :  0.007 0.015 0.966 0.012 
 85  ZFBP214    (0)    3 :  0.008 0.050 0.935 0.007 
 86  ZFBP215    (0)    3 :  0.004 0.008 0.984 0.004 
 87  ZFBP216    (0)    3 :  0.013 0.006 0.974 0.006 
 88  ZFBP217    (0)    3 :  0.004 0.008 0.984 0.004 
 89  ZFBP218    (0)    3 :  0.004 0.003 0.990 0.003 
 90  ZFBP219    (0)    3 :  0.006 0.003 0.987 0.004 
 91  ZFBP220    (0)    3 :  0.005 0.009 0.983 0.003 
 92  ZFBP221    (0)    3 :  0.004 0.004 0.988 0.004 
 93  ZFBP222    (0)    3 :  0.006 0.006 0.981 0.007 
 94  ZFBP223    (0)    3 :  0.007 0.032 0.954 0.007 
 95  ZFBP224    (0)    3 :  0.007 0.007 0.980 0.007 
 96  ZFBP225    (0)    3 :  0.006 0.012 0.979 0.003 
 97  ZFBP226    (0)    3 :  0.006 0.005 0.985 0.004 
 98  ZFBP227    (0)    3 :  0.117 0.009 0.833 0.040 
 99  ZFBP228    (0)    3 :  0.004 0.017 0.974 0.005 
100  ZFBP229    (0)    3 :  0.005 0.006 0.986 0.003 
101  ZFBP230    (0)    3 :  0.006 0.012 0.979 0.004 
102  ZFBP231    (0)    3 :  0.006 0.007 0.983 0.005 
103  ZFBP232    (0)    3 :  0.004 0.005 0.987 0.004 
104  ZFBP233    (0)    3 :  0.006 0.006 0.983 0.005 
105   ZFCC01    (0)    4 :  0.005 0.971 0.005 0.019 
106   ZFCC03    (0)    4 :  0.004 0.985 0.005 0.006 
107   ZFCC04    (0)    4 :  0.006 0.980 0.006 0.009 
108   ZFCC05    (0)    4 :  0.007 0.977 0.007 0.009 
109   ZFCC08    (0)    4 :  0.004 0.967 0.022 0.007 
110   ZFCC09    (0)    4 :  0.004 0.983 0.004 0.009 
111   ZFCC10    (0)    4 :  0.005 0.964 0.005 0.026 
112   ZFCC11    (0)    4 :  0.004 0.983 0.005 0.008 
113   ZFCC12    (0)    4 :  0.017 0.884 0.005 0.094 
114   ZFCC13    (0)    4 :  0.012 0.973 0.010 0.006 
115   ZFCC14    (0)    4 :  0.009 0.961 0.008 0.022 
116   ZFCC15    (0)    4 :  0.010 0.977 0.005 0.007 
117   ZFCC16    (0)    4 :  0.007 0.980 0.005 0.009 
118   ZFCC17    (0)    4 :  0.008 0.978 0.003 0.010 
119   ZFCC18    (0)    4 :  0.004 0.981 0.005 0.009 
120   ZFCC19    (0)    4 :  0.022 0.963 0.004 0.011 
121   ZFCC20    (0)    4 :  0.005 0.986 0.004 0.005 
122   ZFCC21    (0)    4 :  0.063 0.785 0.129 0.023 
123   ZFCC22    (0)    4 :  0.013 0.483 0.489 0.016 
124   ZFCC26    (0)    4 :  0.006 0.981 0.004 0.009 
125   ZFCC27    (0)    4 :  0.004 0.988 0.004 0.004 
126   ZFCC29    (0)    4 :  0.010 0.969 0.005 0.016 
127   ZFCC30    (0)    4 :  0.004 0.989 0.004 0.003 
128   ZFCC32    (0)    4 :  0.010 0.974 0.006 0.010 
129   ZFCC33    (0)    4 :  0.009 0.978 0.004 0.009 
130   ZFCC34    (0)    4 :  0.007 0.941 0.029 0.023 
131   ZFCC35    (0)    4 :  0.005 0.986 0.005 0.004 
132   ZFCC36    (0)    4 :  0.027 0.950 0.015 0.008 
133   ZFCC37    (0)    4 :  0.043 0.865 0.009 0.083 
134   ZFCC40    (0)    4 :  0.007 0.973 0.006 0.013 
135   ZFCC42    (0)    4 :  0.146 0.630 0.006 0.217 
136   ZFCC44    (0)    4 :  0.005 0.988 0.003 0.003 
137   ZFCC45    (9)    4 :  0.019 0.938 0.005 0.037 
138   ZFCC46    (0)    4 :  0.005 0.977 0.013 0.004 
139   ZFCC47    (0)    4 :  0.007 0.912 0.007 0.073 
140   ZFCC48    (0)    4 :  0.014 0.905 0.068 0.013 
141   ZFCC50    (0)    4 :  0.007 0.980 0.004 0.009 
142   ZFCC51    (0)    4 :  0.004 0.988 0.004 0.005 
143   ZFCC52    (0)    4 :  0.007 0.975 0.012 0.006 
144   ZFCC53    (0)    4 :  0.004 0.988 0.003 0.005 
145  ZFCNS01    (0)    5 :  0.018 0.961 0.017 0.004 
146  ZFCNS02    (0)    5 :  0.003 0.980 0.014 0.003 
147  ZFCNS05    (0)    5 :  0.004 0.972 0.017 0.007 
148  ZFCNS06    (0)    5 :  0.003 0.980 0.012 0.005 
149  ZFCNS07    (0)    5 :  0.006 0.559 0.430 0.005 
150  ZFCNS10    (0)    5 :  0.005 0.907 0.085 0.003 
151  ZFCNS11    (0)    5 :  0.009 0.976 0.011 0.003 
152  ZFCNS15    (0)    5 :  0.007 0.173 0.813 0.007 
153  ZFCNS17    (0)    5 :  0.004 0.983 0.009 0.004 
154  ZFCNS18    (0)    5 :  0.004 0.963 0.029 0.004 
155  ZFCNS19    (0)    5 :  0.004 0.985 0.007 0.004 
156  ZFCNS20    (0)    5 :  0.006 0.844 0.146 0.004 
157  ZFCNS21    (0)    5 :  0.004 0.984 0.007 0.004 
158  ZFCNS22    (0)    5 :  0.006 0.836 0.151 0.007 
159  ZFCNS23    (0)    5 :  0.005 0.976 0.015 0.005 
160  ZFCNS24    (0)    5 :  0.004 0.984 0.009 0.003 
161  ZFCNS25    (0)    5 :  0.005 0.937 0.055 0.004 
162  ZFCNS26    (0)    5 :  0.006 0.683 0.303 0.008 
163  ZFCNS27    (0)    5 :  0.006 0.091 0.897 0.006 
164  ZFCNS28    (0)    5 :  0.004 0.967 0.020 0.008 
165  ZFCNS29    (0)    5 :  0.004 0.977 0.015 0.004 
166  ZFCNS30    (0)    5 :  0.004 0.983 0.008 0.005 
167  ZFCNS31    (0)    5 :  0.005 0.936 0.054 0.005 
168  ZFCNS32    (0)    5 :  0.004 0.960 0.028 0.007 
169  ZFCNS33    (0)    5 :  0.005 0.963 0.028 0.005 
170  ZFCNS34    (0)    5 :  0.004 0.987 0.006 0.003 
171  ZFCNS35    (0)    5 :  0.005 0.970 0.018 0.008 
172  ZFCNS36    (0)    5 :  0.004 0.986 0.007 0.003 
173  ZFCNS37    (0)    5 :  0.008 0.930 0.057 0.005 
174  ZFCNS39    (0)    5 :  0.004 0.981 0.012 0.003 
175  ZFCNS40    (0)    5 :  0.005 0.949 0.043 0.003 
176  ZFCNS41    (0)    5 :  0.012 0.760 0.220 0.008 
177  ZFCNS42    (0)    5 :  0.005 0.926 0.065 0.005 
178  ZFCNS43    (0)    5 :  0.004 0.986 0.006 0.004 
179  ZFCNS44    (0)    5 :  0.005 0.974 0.017 0.004 
180  ZFCNS46    (0)    5 :  0.006 0.965 0.026 0.004 
181  ZFCNS47    (0)    5 :  0.004 0.979 0.013 0.005 
182  ZFCNS48    (0)    5 :  0.006 0.946 0.045 0.004 
183  ZFCNS49    (0)    5 :  0.005 0.186 0.803 0.005 
184   ZFCR01    (0)    6 :  0.385 0.009 0.071 0.535 
185   ZFCR02    (0)    6 :  0.920 0.014 0.020 0.045 
186   ZFCR03    (0)    6 :  0.283 0.021 0.058 0.638 
187   ZFCR04    (0)    6 :  0.186 0.029 0.058 0.726 
188   ZFCR05    (0)    6 :  0.871 0.015 0.008 0.107 
189   ZFCR06    (0)    6 :  0.482 0.198 0.194 0.127 
190   ZFCR07    (0)    6 :  0.784 0.136 0.017 0.064 
191   ZFCR08    (0)    6 :  0.839 0.031 0.042 0.087 
192   ZFCR09    (0)    6 :  0.296 0.114 0.108 0.482 
193   ZFCR11    (0)    6 :  0.553 0.025 0.116 0.306 
194   ZFCR12    (0)    6 :  0.715 0.176 0.093 0.016 
195   ZFCR13    (0)    6 :  0.890 0.010 0.089 0.011 
196   ZFCR14    (0)    6 :  0.939 0.011 0.014 0.036 
197   ZFCR15    (0)    6 :  0.926 0.013 0.016 0.046 
198   ZFCR16    (0)    6 :  0.854 0.009 0.039 0.099 
199   ZFCR18    (0)    6 :  0.083 0.088 0.042 0.788 
200   ZFCR19    (0)    6 :  0.217 0.041 0.219 0.523 
201   ZFCR20    (0)    6 :  0.041 0.011 0.047 0.901 
202   ZFCR21    (0)    6 :  0.938 0.015 0.024 0.022 
203   ZFCR22    (0)    6 :  0.968 0.005 0.013 0.014 
204   ZFCR23    (0)    6 :  0.871 0.006 0.093 0.030 
205   ZFCR24    (9)    6 :  0.285 0.009 0.479 0.227 
206   ZFCR25    (0)    6 :  0.959 0.006 0.005 0.030 
207   ZFCR26    (0)    6 :  0.491 0.036 0.116 0.357 
208   ZFCR27    (9)    6 :  0.894 0.005 0.004 0.097 
209   ZFCR28    (0)    6 :  0.590 0.026 0.375 0.010 
210   ZFCR29    (0)    6 :  0.638 0.009 0.019 0.334 
211   ZFCR30    (0)    6 :  0.970 0.008 0.009 0.013 
212   ZFCR31    (0)    6 :  0.298 0.085 0.199 0.418 
213   ZFCR33    (0)    6 :  0.924 0.030 0.011 0.035 
214   ZFCR34    (0)    6 :  0.899 0.035 0.031 0.035 
215   ZFCR35    (0)    6 :  0.145 0.036 0.022 0.797 
216   ZFCR36    (0)    6 :  0.876 0.018 0.011 0.095 
217   ZFCR37    (0)    6 :  0.947 0.021 0.006 0.027 
218   ZFCR38    (0)    6 :  0.923 0.023 0.008 0.045 
219   ZFCR39    (0)    6 :  0.942 0.016 0.026 0.016 
220   ZFCR40    (0)    6 :  0.968 0.010 0.007 0.015 
221   ZFCR41    (0)    6 :  0.831 0.124 0.033 0.012 
222   ZFCR42    (0)    6 :  0.905 0.050 0.036 0.010 
223   ZFCR43    (0)    6 :  0.829 0.009 0.091 0.071 
224  ZFENP25    (0)    7 :  0.889 0.018 0.022 0.070 
225  ZFENP26    (0)    7 :  0.979 0.005 0.004 0.012 
226  ZFENP27    (0)    7 :  0.246 0.388 0.028 0.338 
227  ZFENP28    (0)    7 :  0.961 0.012 0.005 0.022 
228  ZFENP29    (0)    7 :  0.980 0.009 0.004 0.007 
229  ZFENP30    (0)    7 :  0.953 0.030 0.006 0.011 
230  ZFENP31    (0)    7 :  0.950 0.023 0.006 0.021 
231  ZFENP32    (0)    7 :  0.682 0.061 0.020 0.237 
232  ZFENP33    (0)    7 :  0.926 0.009 0.006 0.059 
233  ZFENP34    (0)    7 :  0.273 0.064 0.018 0.646 
234  ZFENP35    (0)    7 :  0.977 0.007 0.006 0.010 
235  ZFENP36    (0)    7 :  0.976 0.006 0.003 0.014 
236  ZFENP37    (0)    7 :  0.912 0.016 0.008 0.064 
237  ZFENP38    (0)    7 :  0.961 0.023 0.007 0.009 
238  ZFENP39    (0)    7 :  0.950 0.011 0.004 0.035 
239  ZFENP40    (0)    7 :  0.949 0.010 0.006 0.035 
240  ZFENP41    (0)    7 :  0.934 0.043 0.006 0.016 
241  ZFENP42    (0)    7 :  0.988 0.004 0.003 0.004 
242  ZFENP43    (0)    7 :  0.886 0.078 0.015 0.021 
243  ZFENP44    (0)    7 :  0.970 0.015 0.006 0.010 
244  ZFENP45    (0)    7 :  0.790 0.017 0.184 0.010 
245  ZFENP46    (0)    7 :  0.960 0.006 0.012 0.022 
246  ZFENP47    (0)    7 :  0.918 0.024 0.021 0.037 
247  ZFENP48    (0)    7 :  0.212 0.108 0.036 0.644 
248  ZFENP49    (0)    7 :  0.759 0.036 0.024 0.181 
249  ZFENP50    (0)    7 :  0.966 0.005 0.023 0.006 
250  ZFENP51    (0)    7 :  0.926 0.006 0.011 0.056 
251  ZFENP52    (0)    7 :  0.966 0.021 0.008 0.005 
252  ZFENP53    (0)    7 :  0.963 0.010 0.019 0.008 
253  ZFENP54    (0)    7 :  0.912 0.019 0.045 0.025 
254  ZFENP55    (0)    7 :  0.798 0.005 0.006 0.190 
255  ZFENP56    (0)    7 :  0.972 0.009 0.005 0.013 
256  ZFENP57    (0)    7 :  0.964 0.010 0.005 0.020 
257  ZFENP58    (0)    7 :  0.877 0.080 0.027 0.015 
258  ZFENP59    (0)    7 :  0.954 0.027 0.005 0.014 
259  ZFENP60    (0)    7 :  0.924 0.009 0.008 0.059 
260  ZFENP61    (0)    7 :  0.945 0.010 0.003 0.041 
261 ZFFDSP01    (0)    8 :  0.004 0.007 0.985 0.004 
262 ZFFDSP02    (0)    8 :  0.004 0.005 0.988 0.004 
263 ZFFDSP04    (0)    8 :  0.003 0.005 0.987 0.005 
264 ZFFDSP05    (0)    8 :  0.004 0.005 0.986 0.004 
265 ZFFDSP06    (0)    8 :  0.003 0.005 0.988 0.004 
266 ZFFDSP07    (0)    8 :  0.007 0.012 0.976 0.005 
267 ZFFDSP08    (0)    8 :  0.006 0.015 0.975 0.003 
268 ZFFDSP10    (0)    8 :  0.005 0.006 0.985 0.004 
269 ZFFDSP11    (0)    8 :  0.005 0.005 0.985 0.005 
270 ZFFDSP12    (0)    8 :  0.004 0.005 0.988 0.003 
271 ZFFDSP13    (0)    8 :  0.009 0.025 0.961 0.005 
272 ZFFDSP14    (0)    8 :  0.004 0.007 0.984 0.005 
273 ZFFDSP16    (0)    8 :  0.007 0.012 0.974 0.007 
274 ZFFDSP17    (0)    8 :  0.004 0.005 0.986 0.005 
275 ZFFDSP18    (0)    8 :  0.003 0.007 0.982 0.008 
276 ZFFDSP19    (0)    8 :  0.004 0.017 0.973 0.006 
277 ZFFDSP21    (0)    8 :  0.004 0.016 0.976 0.004 
278 ZFFDSP22    (0)    8 :  0.003 0.005 0.989 0.003 
279 ZFFDSP23    (0)    8 :  0.003 0.005 0.989 0.003 
280 ZFFDSP24    (0)    8 :  0.004 0.008 0.982 0.006 
281 ZFFDSP26    (9)    8 :  0.004 0.006 0.987 0.004 
282 ZFFDSP27    (0)    8 :  0.004 0.005 0.985 0.006 
283 ZFFDSP28    (0)    8 :  0.020 0.020 0.878 0.082 
284 ZFFDSP30    (0)    8 :  0.005 0.015 0.966 0.013 
285 ZFFDSP31    (0)    8 :  0.004 0.006 0.984 0.005 
286 ZFFDSP32    (0)    8 :  0.004 0.004 0.988 0.004 
287 ZFFDSP33    (0)    8 :  0.003 0.003 0.990 0.004 
288 ZFFDSP34    (0)    8 :  0.003 0.006 0.986 0.004 
289 ZFFDSP35    (0)    8 :  0.004 0.006 0.985 0.005 
290 ZFFDSP37    (0)    8 :  0.004 0.005 0.986 0.005 
291 ZFFDSP38    (0)    8 :  0.004 0.005 0.986 0.005 
292 ZFFDSP39    (0)    8 :  0.003 0.005 0.988 0.004 
293 ZFFDSP40    (0)    8 :  0.003 0.005 0.986 0.005 
294 ZFFDSP42    (0)    8 :  0.003 0.007 0.987 0.003 
295 ZFFDSP43    (0)    8 :  0.003 0.005 0.987 0.004 
296 ZFFDSP44    (0)    8 :  0.004 0.005 0.985 0.005 
297 ZFFDSP45    (0)    8 :  0.004 0.006 0.986 0.004 
298 ZFFDSP46    (0)    8 :  0.004 0.007 0.984 0.005 
299 ZFFDSP47    (0)    8 :  0.004 0.007 0.985 0.004 
300 ZFFDSP48    (0)    8 :  0.004 0.007 0.985 0.004 
301    ZFI01    (0)    9 :  0.007 0.010 0.005 0.978 
302    ZFI02    (0)    9 :  0.006 0.006 0.006 0.982 
303    ZFI03    (0)    9 :  0.006 0.008 0.004 0.982 
304    ZFI04    (0)    9 :  0.007 0.006 0.004 0.984 
305    ZFI05    (0)    9 :  0.007 0.012 0.006 0.974 
306    ZFI06    (0)    9 :  0.008 0.014 0.014 0.963 
307    ZFI07    (0)    9 :  0.006 0.006 0.004 0.984 
308    ZFI08    (0)    9 :  0.008 0.005 0.003 0.983 
309    ZFI09    (0)    9 :  0.006 0.006 0.004 0.983 
310    ZFI10    (0)    9 :  0.009 0.015 0.008 0.968 
311    ZFI11    (0)    9 :  0.006 0.007 0.004 0.984 
312    ZFI12    (0)    9 :  0.006 0.013 0.005 0.976 
313    ZFI13    (0)    9 :  0.007 0.008 0.004 0.981 
314    ZFI14    (0)    9 :  0.005 0.008 0.011 0.975 
315    ZFI15    (0)    9 :  0.006 0.006 0.004 0.984 
316    ZFI16    (0)    9 :  0.005 0.006 0.004 0.985 
317    ZFI17    (0)    9 :  0.007 0.007 0.004 0.981 
318    ZFI18    (0)    9 :  0.008 0.005 0.003 0.984 
319    ZFI19    (9)    9 :  0.006 0.005 0.003 0.986 
320    ZFI20    (0)    9 :  0.006 0.006 0.006 0.981 
321    ZFI21    (0)    9 :  0.006 0.009 0.020 0.965 
322    ZFI22    (0)    9 :  0.005 0.006 0.006 0.983 
323    ZFI23    (0)    9 :  0.005 0.007 0.004 0.984 
324    ZFI24    (0)    9 :  0.006 0.012 0.005 0.977 
325    ZFI25    (0)    9 :  0.006 0.007 0.005 0.982 
326    ZFI26    (0)    9 :  0.007 0.006 0.004 0.983 
327    ZFI27    (0)    9 :  0.008 0.021 0.007 0.964 
328    ZFK01    (0)    9 :  0.022 0.961 0.010 0.008 
329    ZFK02    (0)   10 :  0.016 0.963 0.010 0.012 
330    ZFK03    (0)   10 :  0.032 0.945 0.009 0.014 
331    ZFK04    (0)   10 :  0.074 0.780 0.011 0.134 
332    ZFK05    (0)   10 :  0.092 0.831 0.006 0.071 
333    ZFK06    (0)   10 :  0.116 0.798 0.008 0.078 
334    ZFK07    (0)   10 :  0.041 0.943 0.009 0.006 
335    ZFK08    (0)   10 :  0.581 0.256 0.013 0.150 
336    ZFK10    (0)   10 :  0.027 0.875 0.011 0.087 
337    ZFK11    (0)   10 :  0.284 0.691 0.007 0.017 
338    ZFK12    (0)   10 :  0.139 0.829 0.026 0.006 
339    ZFK13    (0)   10 :  0.267 0.660 0.067 0.006 
340    ZFK14    (0)   10 :  0.017 0.960 0.018 0.006 
341    ZFK15    (0)   10 :  0.430 0.524 0.030 0.016 
342    ZFK16    (0)   10 :  0.074 0.891 0.031 0.005 
343   ZFLB01    (0)   11 :  0.980 0.005 0.008 0.007 
344   ZFLB02    (0)   11 :  0.977 0.004 0.005 0.014 
345   ZFLB03    (0)   11 :  0.972 0.016 0.006 0.006 
346   ZFLB04    (0)   11 :  0.884 0.066 0.032 0.018 
347   ZFLB05    (0)   11 :  0.974 0.007 0.006 0.013 
348   ZFLB06    (0)   11 :  0.979 0.008 0.006 0.007 
349   ZFLB07    (0)   11 :  0.964 0.019 0.012 0.005 
350   ZFLB08    (0)   11 :  0.977 0.005 0.004 0.014 
351   ZFLB09    (9)   11 :  0.971 0.007 0.005 0.018 
352   ZFLB10    (0)   11 :  0.970 0.008 0.005 0.016 
353   ZFLB11    (0)   11 :  0.984 0.006 0.005 0.005 
354   ZFLB12    (0)   11 :  0.983 0.005 0.003 0.009 
355   ZFLB13    (0)   11 :  0.982 0.007 0.005 0.007 
356  ZFLTI01    (0)   12 :  0.005 0.094 0.897 0.004 
357  ZFLTI02    (0)   12 :  0.005 0.522 0.467 0.005 
358  ZFLTI03    (0)   12 :  0.004 0.041 0.951 0.004 
359  ZFLTI04    (0)   12 :  0.007 0.136 0.849 0.008 
360  ZFLTI05    (0)   12 :  0.004 0.048 0.943 0.004 
361  ZFLTI06    (0)   12 :  0.004 0.010 0.982 0.004 
362  ZFLTI07    (0)   12 :  0.005 0.016 0.973 0.006 
363  ZFLTI08    (0)   12 :  0.007 0.055 0.929 0.010 
364  ZFLTI09    (0)   12 :  0.005 0.016 0.972 0.007 
365  ZFLTI10    (0)   12 :  0.004 0.023 0.968 0.005 
366  ZFLTI11    (0)   12 :  0.004 0.011 0.981 0.004 
367  ZFLTI12    (0)   12 :  0.004 0.029 0.963 0.004 
368  ZFLTI13    (0)   12 :  0.006 0.429 0.558 0.006 
369  ZFLTI14    (0)   12 :  0.005 0.911 0.078 0.006 
370 ZFONF101    (0)   13 :  0.003 0.003 0.991 0.003 
371 ZFONF102    (0)   13 :  0.007 0.003 0.985 0.005 
372 ZFONF103    (0)   13 :  0.006 0.017 0.973 0.004 
373 ZFONF104    (0)   13 :  0.002 0.004 0.991 0.003 
374 ZFONF105    (0)   13 :  0.003 0.006 0.988 0.003 
375 ZFONF106    (0)   13 :  0.003 0.005 0.988 0.005 
376 ZFONF107    (0)   13 :  0.052 0.024 0.897 0.028 
377 ZFONF108    (0)   13 :  0.011 0.029 0.954 0.006 
378 ZFONF109    (9)   13 :  0.007 0.016 0.972 0.005 
379 ZFONF110    (0)   13 :  0.003 0.005 0.990 0.002 
380 ZFONF111    (0)   13 :  0.018 0.008 0.961 0.013 
381 ZFONF112    (0)   13 :  0.003 0.006 0.987 0.004 
382 ZFONF113    (9)   13 :  0.006 0.005 0.986 0.003 
383 ZFONF115    (0)   13 :  0.004 0.008 0.983 0.005 
384 ZFONF116    (0)   13 :  0.004 0.008 0.983 0.005 
385 ZFONF117    (0)   13 :  0.005 0.013 0.979 0.004 
386 ZFONF118    (0)   13 :  0.004 0.010 0.980 0.006 
387 ZFONF119    (0)   13 :  0.006 0.009 0.981 0.004 
388 ZFONF120    (0)   13 :  0.006 0.015 0.975 0.004 
389 ZFONF121    (0)   13 :  0.005 0.005 0.986 0.004 
390 ZFONF122    (0)   13 :  0.006 0.030 0.957 0.007 
391 ZFONF123    (0)   13 :  0.024 0.006 0.963 0.008 
392 ZFONF124    (0)   13 :  0.006 0.008 0.982 0.003 
393 ZFONF125    (0)   13 :  0.048 0.018 0.927 0.007 
394 ZFONF126    (0)   13 :  0.004 0.012 0.979 0.005 
395 ZFONF201    (0)   14 :  0.069 0.056 0.775 0.101 
396 ZFONF202    (0)   14 :  0.003 0.008 0.986 0.003 
397 ZFONF203    (0)   14 :  0.013 0.008 0.975 0.004 
398 ZFONF204    (0)   14 :  0.086 0.136 0.757 0.021 
399 ZFONF206    (0)   14 :  0.295 0.012 0.668 0.024 
400 ZFONF207    (0)   14 :  0.014 0.010 0.971 0.005 
401 ZFONF208    (0)   14 :  0.011 0.014 0.969 0.005 
402 ZFONF209    (0)   14 :  0.023 0.188 0.773 0.016 
403 ZFONF210    (0)   14 :  0.003 0.011 0.983 0.003 
404 ZFONF211    (0)   14 :  0.006 0.014 0.977 0.003 
405 ZFONF212    (0)   14 :  0.003 0.004 0.990 0.002 
406 ZFONF214    (0)   14 :  0.006 0.008 0.983 0.003 
407 ZFONF215    (0)   14 :  0.003 0.006 0.988 0.003 
408 ZFONF216    (0)   14 :  0.005 0.008 0.985 0.003 
409 ZFONF217    (0)   14 :  0.003 0.008 0.985 0.003 
410 ZFONF218    (0)   14 :  0.026 0.004 0.962 0.007 
411 ZFONF219    (0)   14 :  0.004 0.004 0.990 0.002 
412 ZFONF220    (0)   14 :  0.004 0.008 0.984 0.004 
413 ZFONF222    (0)   14 :  0.017 0.009 0.969 0.005 
414 ZFONF223    (0)   14 :  0.018 0.004 0.972 0.006 
415 ZFONF224    (0)   14 :  0.006 0.006 0.985 0.003 
416 ZFONF225    (0)   14 :  0.003 0.005 0.989 0.002 
417 ZFONF226    (0)   14 :  0.005 0.008 0.985 0.003 
418 ZFONF227    (0)   14 :  0.003 0.006 0.989 0.002 
419 ZFONF228    (0)   14 :  0.003 0.004 0.990 0.003 
420 ZFONF230    (0)   14 :  0.003 0.005 0.990 0.002 
421 ZFONF231    (0)   14 :  0.004 0.016 0.977 0.003 
422 ZFONF232    (0)   14 :  0.004 0.004 0.989 0.003 
423 ZFONF233    (0)   14 :  0.007 0.011 0.979 0.003 
424 ZFONF234    (0)   14 :  0.023 0.008 0.966 0.003 
425 ZFONF235    (0)   14 :  0.005 0.010 0.983 0.002 
426 ZFONF236    (0)   14 :  0.037 0.063 0.876 0.024 
427 ZFONF238    (0)   14 :  0.007 0.006 0.983 0.004 
428 ZFONF239    (0)   14 :  0.036 0.054 0.881 0.029 
429 ZFONF240    (0)   14 :  0.003 0.012 0.983 0.002 
430 ZFONF241    (0)   14 :  0.011 0.006 0.977 0.006 
431 ZFONF242    (0)   14 :  0.006 0.010 0.981 0.003 
432 ZFONF243    (0)   14 :  0.005 0.011 0.982 0.003 
433 ZFONF244    (0)   14 :  0.004 0.007 0.987 0.002 
434 ZFONF245    (0)   14 :  0.005 0.011 0.982 0.002 
435   ZFOS01    (0)   15 :  0.006 0.959 0.030 0.005 
436   ZFOS02    (0)   15 :  0.013 0.919 0.031 0.037 
437   ZFOS03    (0)   15 :  0.058 0.905 0.015 0.022 
438   ZFOS04    (0)   15 :  0.008 0.928 0.048 0.017 
439   ZFOS05    (0)   15 :  0.006 0.958 0.028 0.008 
440   ZFOS06    (0)   15 :  0.009 0.973 0.013 0.006 
441   ZFOS07    (0)   15 :  0.006 0.946 0.007 0.040 
442   ZFOS08    (0)   15 :  0.005 0.953 0.011 0.030 
443   ZFOS09    (0)   15 :  0.046 0.795 0.117 0.042 
444   ZFOS10    (0)   15 :  0.021 0.907 0.003 0.069 
445   ZFOS11    (0)   15 :  0.048 0.919 0.019 0.013 
446   ZFOS12    (0)   15 :  0.359 0.545 0.030 0.066 
447   ZFOS13    (0)   15 :  0.009 0.954 0.015 0.022 
448   ZFOS14    (0)   15 :  0.056 0.778 0.014 0.152 
449   ZFOS15    (0)   15 :  0.007 0.981 0.004 0.009 
450   ZFOS16    (0)   15 :  0.012 0.946 0.024 0.019 
451   ZFOS17    (0)   15 :  0.012 0.969 0.006 0.014 
452   ZFOS18    (0)   15 :  0.013 0.971 0.004 0.012 
453   ZFOS19    (0)   15 :  0.011 0.978 0.005 0.007 
454   ZFOS20    (0)   15 :  0.010 0.971 0.006 0.014 
455   ZFOS21    (0)   15 :  0.006 0.969 0.015 0.010 
456   ZFOS22    (0)   15 :  0.009 0.979 0.008 0.004 
457   ZFOS23    (0)   15 :  0.040 0.589 0.003 0.368 
458   ZFOS24    (0)   15 :  0.005 0.986 0.004 0.005 
459   ZFOS25    (0)   15 :  0.006 0.957 0.031 0.006 
460   ZFOS26    (0)   15 :  0.008 0.865 0.117 0.009 
461   ZFOS27    (0)   15 :  0.007 0.969 0.017 0.007 
462   ZFOS28    (0)   15 :  0.017 0.940 0.008 0.035 
463   ZFOS29    (0)   15 :  0.011 0.964 0.008 0.017 
464   ZFOS30    (0)   15 :  0.007 0.964 0.016 0.014 
465   ZFOS31    (0)   15 :  0.056 0.693 0.142 0.109 
466   ZFOS32    (0)   15 :  0.009 0.959 0.016 0.016 
467   ZFPB01    (0)   16 :  0.983 0.005 0.003 0.010 
468   ZFPB02    (0)   16 :  0.987 0.004 0.006 0.004 
469   ZFPB03    (0)   16 :  0.970 0.016 0.006 0.007 
470   ZFPB05    (0)   16 :  0.989 0.003 0.004 0.003 
471   ZFPB06    (0)   16 :  0.981 0.007 0.004 0.009 
472   ZFPB07    (0)   16 :  0.985 0.003 0.007 0.004 
473   ZFPB08    (0)   16 :  0.981 0.006 0.006 0.006 
474   ZFPB10    (0)   16 :  0.987 0.005 0.004 0.005 
475   ZFPB11    (0)   16 :  0.989 0.004 0.003 0.004 
476   ZFPB12    (0)   16 :  0.987 0.005 0.003 0.005 
477   ZFPB13    (0)   16 :  0.982 0.004 0.007 0.007 
478   ZFPB14    (0)   16 :  0.984 0.004 0.007 0.005 
479   ZFPB15    (0)   16 :  0.979 0.006 0.009 0.006 
480   ZFPB17    (0)   16 :  0.988 0.004 0.003 0.005 
481   ZFPB18    (0)   16 :  0.988 0.004 0.004 0.004 
482   ZFPB19    (0)   16 :  0.974 0.007 0.006 0.013 
483   ZFPB20    (0)   16 :  0.989 0.003 0.004 0.005 
484   ZFPB21    (0)   16 :  0.982 0.005 0.008 0.005 
485   ZFPB22    (0)   16 :  0.989 0.003 0.003 0.005 
486   ZFPB23    (0)   16 :  0.985 0.004 0.005 0.006 
487   ZFSF01    (0)   17 :  0.080 0.006 0.004 0.910 
488   ZFSF02    (0)   17 :  0.425 0.028 0.040 0.508 
489   ZFSF03    (0)   17 :  0.090 0.005 0.005 0.901 
490   ZFSF04    (0)   17 :  0.006 0.007 0.007 0.981 
491  ZFSW101    (0)   18 :  0.006 0.008 0.046 0.940 
492  ZFSW102    (0)   18 :  0.007 0.007 0.008 0.978 
493  ZFSW103    (0)   18 :  0.008 0.014 0.027 0.952 
494  ZFSW104    (9)   18 :  0.018 0.021 0.026 0.935 
495  ZFSW105    (0)   18 :  0.005 0.007 0.024 0.965 
496  ZFSW106    (0)   18 :  0.043 0.009 0.031 0.917 
497  ZFSW107    (0)   18 :  0.006 0.005 0.006 0.984 
498  ZFSW108    (0)   18 :  0.008 0.005 0.003 0.984 
499  ZFSW109    (0)   18 :  0.005 0.009 0.007 0.979 
500  ZFSW110    (0)   18 :  0.007 0.010 0.024 0.960 
501  ZFSW111    (0)   18 :  0.008 0.013 0.076 0.903 
502  ZFSW112    (0)   18 :  0.006 0.030 0.016 0.948 
503  ZFSW113    (0)   18 :  0.015 0.012 0.034 0.938 
504  ZFSW114    (0)   18 :  0.006 0.007 0.008 0.979 
505  ZFSW115    (0)   18 :  0.027 0.007 0.009 0.957 
506  ZFSW116    (0)   18 :  0.013 0.008 0.021 0.958 
507  ZFSW117    (0)   18 :  0.011 0.013 0.037 0.939 
508  ZFSW119    (0)   18 :  0.008 0.006 0.003 0.983 
509  ZFSW120    (0)   18 :  0.011 0.004 0.002 0.983 
510  ZFSW121    (0)   18 :  0.031 0.014 0.032 0.923 
511  ZFSW122    (0)   18 :  0.004 0.007 0.009 0.979 
512  ZFSW123    (0)   18 :  0.004 0.004 0.004 0.988 
513  ZFSW124    (0)   18 :  0.005 0.007 0.004 0.984 
514  ZFSW201    (0)   19 :  0.009 0.006 0.003 0.981 
515  ZFSW202    (0)   19 :  0.006 0.005 0.004 0.984 
516  ZFSW203    (0)   19 :  0.006 0.007 0.003 0.983 
517  ZFSW204    (0)   19 :  0.009 0.008 0.005 0.978 
518  ZFSW205    (0)   19 :  0.006 0.006 0.005 0.982 
519  ZFSW206    (0)   19 :  0.011 0.006 0.005 0.978 
520  ZFSW207    (0)   19 :  0.006 0.007 0.008 0.979 
521  ZFSW208    (0)   19 :  0.011 0.006 0.005 0.978 
522  ZFSW209    (0)   19 :  0.039 0.006 0.006 0.949 
523  ZFSW210    (0)   19 :  0.008 0.022 0.019 0.951 
524  ZFSW211    (0)   19 :  0.021 0.010 0.009 0.960 
525  ZFSW212    (0)   19 :  0.006 0.009 0.006 0.979 
526  ZFSW213    (0)   19 :  0.005 0.007 0.005 0.983 
527  ZFSW214    (0)   19 :  0.006 0.009 0.005 0.979 
528  ZFSW215    (0)   19 :  0.005 0.006 0.004 0.986 
529  ZFSW216    (0)   19 :  0.009 0.009 0.008 0.975 
530  ZFSW217    (0)   19 :  0.005 0.007 0.004 0.983 
531  ZFSW218    (0)   19 :  0.005 0.008 0.005 0.981 
532  ZFSW219    (0)   19 :  0.020 0.015 0.008 0.958 
533  ZFSW220    (0)   19 :  0.013 0.007 0.005 0.976 
534  ZFSW221    (0)   19 :  0.011 0.010 0.007 0.972 
535  ZFSW222    (0)   19 :  0.006 0.004 0.003 0.988 
536  ZFSW223    (0)   19 :  0.016 0.006 0.004 0.974 
537  ZFSW224    (0)   19 :  0.011 0.009 0.006 0.974 
538  ZFSW225    (0)   19 :  0.009 0.007 0.005 0.979 
539  ZFSW226    (0)   19 :  0.006 0.005 0.005 0.984 
540  ZFSW227    (0)   19 :  0.006 0.006 0.005 0.983 
541  ZFSW229    (0)   19 :  0.009 0.006 0.005 0.980 
542  ZFSW230    (0)   19 :  0.006 0.007 0.011 0.976 
543  ZFSW231    (0)   19 :  0.012 0.006 0.005 0.977 
544  ZFSW232    (0)   19 :  0.008 0.005 0.004 0.983 
545  ZFSW233    (0)   19 :  0.012 0.006 0.006 0.976 
546  ZFSW234    (0)   19 :  0.005 0.004 0.003 0.988 
547  ZFSW235    (0)   19 :  0.010 0.009 0.007 0.974 
548  ZFSW236    (0)   19 :  0.004 0.007 0.004 0.985 
549  ZFSW237    (0)   19 :  0.008 0.009 0.005 0.978 
550  ZFSW238    (0)   19 :  0.101 0.044 0.035 0.820 
551  ZFSW239    (0)   19 :  0.005 0.004 0.007 0.984 
552  ZFSW240    (0)   19 :  0.006 0.005 0.004 0.985 
553   ZFTS01    (0)   20 :  0.015 0.003 0.005 0.977 
554   ZFTS02    (0)   20 :  0.008 0.006 0.007 0.979 
555   ZFTS03    (0)   20 :  0.007 0.005 0.005 0.984 
556   ZFTS04    (0)   20 :  0.016 0.004 0.004 0.976 
557   ZFTS05    (0)   20 :  0.208 0.008 0.005 0.779 
558   ZFTS07    (0)   20 :  0.072 0.004 0.004 0.920 
559   ZFTS08    (0)   20 :  0.010 0.004 0.003 0.983 
560   ZFTS09    (0)   20 :  0.021 0.003 0.003 0.973 
561   ZFTS10    (0)   20 :  0.007 0.004 0.004 0.984 
562   ZFTS11    (0)   20 :  0.013 0.004 0.004 0.979 
563   ZFTS12    (0)   20 :  0.025 0.006 0.004 0.965 
564   ZFTS14    (0)   20 :  0.042 0.004 0.005 0.948 
565   ZFTS15    (0)   20 :  0.056 0.004 0.006 0.933 
566   ZFTS16    (0)   20 :  0.008 0.005 0.006 0.981 
567   ZFTS17    (9)   20 :  0.034 0.007 0.005 0.955 
568   ZFTS18    (0)   20 :  0.006 0.004 0.003 0.986 
569   ZFTS19    (9)   20 :  0.007 0.004 0.003 0.986 
570   ZFTS20    (0)   20 :  0.015 0.005 0.004 0.976 
571   ZFTS21    (0)   20 :  0.020 0.004 0.003 0.973 
572   ZFTS22    (0)   20 :  0.019 0.005 0.003 0.973 
573   ZFTS23    (0)   20 :  0.019 0.006 0.005 0.970 
574   ZFTS24    (0)   20 :  0.008 0.005 0.003 0.984 
575   ZFTS25    (0)   20 :  0.028 0.003 0.007 0.962 
576   ZFTS26    (0)   20 :  0.005 0.004 0.003 0.989 
577   ZFTS27    (0)   20 :  0.049 0.006 0.005 0.940 
578   ZFTS28    (0)   20 :  0.265 0.012 0.011 0.711 
579   ZFTS29    (0)   20 :  0.030 0.005 0.002 0.963 
580   ZFTS30    (0)   20 :  0.052 0.005 0.003 0.941 
581   ZFTS31    (0)   20 :  0.029 0.008 0.005 0.958 
582   ZFTS32    (0)   20 :  0.025 0.005 0.005 0.965 
583   ZFTS33    (0)   20 :  0.033 0.006 0.006 0.954 
584   ZFTS34    (0)   20 :  0.009 0.004 0.005 0.982 
585   ZFTS35    (0)   20 :  0.005 0.004 0.004 0.986 
586   ZFTS36    (0)   20 :  0.017 0.004 0.004 0.974 
587   ZFTS37    (0)   20 :  0.009 0.006 0.004 0.980 
588   ZFTS38    (0)   20 :  0.019 0.005 0.004 0.971 
589   ZFTS39    (0)   20 :  0.012 0.004 0.004 0.980 
590   ZFTS40    (0)   20 :  0.043 0.007 0.014 0.935 
591 ZFTSP101    (0)   21 :  0.005 0.062 0.929 0.004 
592 ZFTSP102    (0)   21 :  0.007 0.946 0.040 0.007 
593 ZFTSP103    (0)   21 :  0.005 0.968 0.024 0.004 
594 ZFTSP104    (0)   21 :  0.005 0.006 0.986 0.003 
595 ZFTSP105    (0)   21 :  0.006 0.753 0.236 0.006 
596 ZFTSP106    (0)   21 :  0.007 0.008 0.980 0.004 
597 ZFTSP107    (0)   21 :  0.010 0.107 0.880 0.004 
598 ZFTSP108    (0)   21 :  0.009 0.029 0.959 0.003 
599 ZFTSP109    (0)   21 :  0.012 0.015 0.969 0.004 
600 ZFTSP110    (0)   21 :  0.007 0.014 0.975 0.004 
601 ZFTSP111    (0)   21 :  0.005 0.021 0.971 0.004 
602 ZFTSP112    (0)   21 :  0.006 0.068 0.922 0.005 
603 ZFTSP113    (0)   21 :  0.010 0.015 0.972 0.004 
604 ZFTSP114    (0)   21 :  0.006 0.033 0.957 0.003 
605 ZFTSP115    (0)   21 :  0.005 0.031 0.960 0.003 
606 ZFTSP116    (0)   21 :  0.008 0.073 0.915 0.004 
607 ZFTSP117    (0)   21 :  0.004 0.009 0.983 0.004 
608 ZFTSP118    (0)   21 :  0.005 0.119 0.871 0.006 
609 ZFTSP119    (0)   21 :  0.042 0.010 0.909 0.039 
610 ZFTSP120    (0)   21 :  0.003 0.038 0.953 0.005 
611 ZFTSP121    (0)   21 :  0.062 0.314 0.605 0.019 
612 ZFTSP122    (0)   21 :  0.004 0.168 0.825 0.003 
613 ZFTSP123    (0)   21 :  0.005 0.007 0.986 0.003 
614 ZFTSP124    (0)   21 :  0.005 0.012 0.980 0.002 
615 ZFTSP125    (0)   21 :  0.005 0.007 0.985 0.003 
616 ZFTSP126    (0)   21 :  0.008 0.016 0.972 0.004 
617 ZFTSP127    (0)   21 :  0.005 0.012 0.980 0.003 
618 ZFTSP128    (0)   21 :  0.006 0.048 0.943 0.003 
619 ZFTSP129    (0)   21 :  0.004 0.024 0.969 0.003 
620 ZFTSP130    (0)   21 :  0.005 0.014 0.979 0.003 
621 ZFTSP131    (0)   21 :  0.004 0.015 0.977 0.003 
622 ZFTSP132    (0)   21 :  0.007 0.040 0.947 0.006 
623 ZFTSP133    (0)   21 :  0.004 0.039 0.955 0.003 
624 ZFTSP134    (0)   21 :  0.005 0.038 0.954 0.003 
625 ZFTSP135    (0)   21 :  0.004 0.047 0.945 0.004 
626 ZFTSP136    (0)   21 :  0.004 0.022 0.970 0.005 
627 ZFTSP137    (0)   21 :  0.033 0.060 0.896 0.011 
628 ZFTSP138    (0)   21 :  0.006 0.020 0.970 0.004 
629 ZFTSP139    (0)   21 :  0.004 0.007 0.987 0.003 
630 ZFTSP140    (0)   21 :  0.012 0.089 0.894 0.005 
631 ZFTSP141    (0)   21 :  0.008 0.169 0.817 0.007 
632 ZFTSP142    (0)   21 :  0.010 0.521 0.464 0.005 
633 ZFTSP143    (0)   21 :  0.005 0.028 0.962 0.005 
634 ZFTSP144    (0)   21 :  0.006 0.166 0.820 0.008 
635 ZFTSP145    (0)   21 :  0.005 0.484 0.508 0.004 
636 ZFTSP201    (9)   22 :  0.007 0.014 0.975 0.004 
637 ZFTSP202    (0)   22 :  0.020 0.184 0.792 0.004 
638 ZFTSP203    (0)   22 :  0.005 0.011 0.979 0.005 
639 ZFTSP204    (0)   22 :  0.004 0.027 0.965 0.005 
640 ZFTSP205    (0)   22 :  0.011 0.082 0.901 0.006 
641 ZFTSP206    (0)   22 :  0.005 0.016 0.972 0.007 
642 ZFTSP207    (0)   22 :  0.004 0.006 0.983 0.007 
643 ZFTSP208    (0)   22 :  0.005 0.013 0.973 0.009 
644 ZFTSP209    (0)   22 :  0.004 0.021 0.971 0.004 
645 ZFTSP210    (0)   22 :  0.004 0.006 0.985 0.005 
646 ZFTSP211    (0)   22 :  0.009 0.052 0.933 0.006 
647 ZFTSP212    (0)   22 :  0.003 0.008 0.987 0.002 
648 ZFTSP213    (0)   22 :  0.007 0.010 0.980 0.003 
649 ZFTSP214    (0)   22 :  0.005 0.864 0.128 0.004 
650 ZFTSP215    (0)   22 :  0.005 0.149 0.841 0.004 
651 ZFTSP216    (0)   22 :  0.060 0.212 0.710 0.018 
652 ZFTSP217    (0)   22 :  0.008 0.006 0.983 0.003 
653 ZFTSP218    (0)   22 :  0.006 0.012 0.977 0.005 
654 ZFTSP219    (0)   22 :  0.009 0.070 0.914 0.008 
655 ZFTSP220    (0)   22 :  0.022 0.047 0.922 0.009 
656 ZFTSP221    (0)   22 :  0.008 0.018 0.970 0.004 
657 ZFTSP222    (0)   22 :  0.164 0.012 0.816 0.008 
658 ZFTSP223    (0)   22 :  0.005 0.014 0.978 0.003 
659 ZFTSP224    (0)   22 :  0.006 0.341 0.651 0.003 
660 ZFTSP225    (0)   22 :  0.006 0.014 0.976 0.005 
661 ZFTSP226    (0)   22 :  0.007 0.157 0.832 0.004 
662 ZFTSP227    (0)   22 :  0.018 0.014 0.964 0.004 
663 ZFTSP228    (0)   22 :  0.018 0.247 0.729 0.006 
664    ZFW01    (0)   23 :  0.006 0.005 0.006 0.984 
665    ZFW02    (0)   23 :  0.007 0.005 0.005 0.984 
666    ZFW03    (0)   23 :  0.005 0.004 0.005 0.985 
667    ZFW04    (0)   23 :  0.005 0.005 0.003 0.987 
668    ZFW05    (0)   23 :  0.136 0.056 0.018 0.790 
669    ZFW06    (0)   23 :  0.018 0.006 0.004 0.973 
670   ZFWB01    (0)   24 :  0.857 0.036 0.071 0.035 
671   ZFWB02    (0)   24 :  0.680 0.036 0.017 0.266 
672   ZFWB03    (0)   24 :  0.924 0.030 0.025 0.020 
673   ZFWB05    (0)   24 :  0.774 0.017 0.088 0.121 
674   ZFWB06    (0)   24 :  0.769 0.031 0.067 0.133 
675   ZFWB07    (0)   24 :  0.955 0.018 0.019 0.009 
676   ZFWB10    (0)   24 :  0.660 0.027 0.137 0.176 
677   ZFWB11    (0)   24 :  0.966 0.012 0.014 0.008 
678   ZFWB12    (0)   24 :  0.823 0.106 0.034 0.037 
679   ZFWB13    (9)   24 :  0.645 0.244 0.095 0.017 
680   ZFWB14    (0)   24 :  0.890 0.016 0.066 0.027 
681   ZFWB15    (9)   24 :  0.809 0.022 0.050 0.119 
682   ZFWB18    (0)   24 :  0.950 0.017 0.027 0.005 
683   ZFWB19    (0)   24 :  0.967 0.007 0.007 0.019 
684   ZFWB20    (0)   24 :  0.969 0.008 0.012 0.012 
685   ZFWB21    (0)   24 :  0.956 0.017 0.018 0.009 
686   ZFWB22    (0)   24 :  0.830 0.031 0.049 0.090 
687   ZFWB23    (0)   24 :  0.332 0.261 0.374 0.032 
688   ZFWB24    (0)   24 :  0.904 0.015 0.054 0.028 
689   ZFWB25    (0)   24 :  0.848 0.014 0.033 0.105 
690   ZFWB26    (0)   24 :  0.965 0.008 0.010 0.017 
691   ZFWB27    (0)   24 :  0.963 0.011 0.012 0.013 
692   ZFWB29    (0)   24 :  0.841 0.015 0.015 0.128 
693   ZFWB30    (0)   24 :  0.952 0.026 0.013 0.008 
694   ZFWB31    (0)   24 :  0.945 0.020 0.029 0.006 
695   ZFWB32    (9)   24 :  0.937 0.015 0.014 0.035 
