

----------------------------------------------------
STRUCTURE by Pritchard, Stephens and Donnelly (2000)
     and Falush, Stephens and Pritchard (2003)
       Code by Pritchard, Falush and Hubisz
             Version 2.3.4 (Jul 2012)
----------------------------------------------------



Command line arguments:   bin\structure -m C:\Users\eschumacher\Documents\GitHub\GCC_QUAC_ZAIN\Data_Files\Structure_Files\ZAIN\ZAIN_rebinned_wild\50-50\mainparams -e C:\Users\eschumacher\Documents\GitHub\GCC_QUAC_ZAIN\Data_Files\Structure_Files\ZAIN\ZAIN_rebinned_wild\50-50\extraparams 
Input File:    C:\Users\eschumacher\Documents\GitHub\GCC_QUAC_ZAIN\Data_Files\Structure_Files\ZAIN\ZAIN_rebinned_wild\project_data

Run parameters:
   751 individuals
   11 loci
   6 populations assumed
   50000 Burn-in period
   50000 Reps


--------------------------------------------
Proportion of membership of each pre-defined
 population in each of the 6 clusters

Given    Inferred Clusters                            Number of
 Pop       1      2      3      4      5      6      Individuals

  1:     0.939  0.011  0.029  0.006  0.006  0.008       35
  2:     0.009  0.010  0.006  0.147  0.031  0.798       36
  3:     0.006  0.012  0.007  0.099  0.009  0.866       33
  4:     0.010  0.006  0.011  0.007  0.953  0.012       40
  5:     0.004  0.004  0.003  0.974  0.010  0.006       39
  6:     0.173  0.688  0.023  0.027  0.030  0.059       40
  7:     0.089  0.764  0.072  0.014  0.042  0.019       37
  8:     0.007  0.005  0.003  0.123  0.007  0.855       40
  9:     0.933  0.007  0.004  0.012  0.039  0.005       28
 10:     0.013  0.015  0.016  0.010  0.935  0.011       14
 11:     0.012  0.029  0.909  0.031  0.009  0.010       13
 12:     0.005  0.005  0.002  0.912  0.016  0.060       14
 13:     0.006  0.007  0.014  0.053  0.011  0.908       25
 14:     0.006  0.014  0.008  0.010  0.017  0.946       40
 15:     0.022  0.019  0.008  0.051  0.883  0.018       32
 16:     0.003  0.003  0.985  0.003  0.003  0.003       20
 17:     0.676  0.293  0.003  0.009  0.010  0.009        4
 18:     0.926  0.023  0.004  0.009  0.015  0.024       23
 19:     0.958  0.016  0.004  0.006  0.009  0.006       39
 20:     0.926  0.014  0.044  0.004  0.007  0.005       38
 21:     0.005  0.009  0.006  0.861  0.009  0.110       45
 22:     0.006  0.010  0.023  0.571  0.017  0.374       28
 23:     0.921  0.051  0.008  0.008  0.007  0.005        6
 24:     0.017  0.924  0.004  0.021  0.011  0.023       40
 25:     0.029  0.842  0.073  0.020  0.018  0.018       42
--------------------------------------------

Allele-freq. divergence among pops (Net nucleotide distance),
computed using point estimates of P.

      1       2       3       4       5       6      
 1      -    0.0791  0.2518  0.2061  0.1424  0.2195  
 2   0.0791     -    0.2209  0.1136  0.0953  0.1413  
 3   0.2518  0.2209     -    0.3512  0.2933  0.3605  
 4   0.2061  0.1136  0.3512     -    0.1181  0.0891  
 5   0.1424  0.0953  0.2933  0.1181     -    0.1497  
 6   0.2195  0.1413  0.3605  0.0891  0.1497     -    

Average distances (expected heterozygosity) between individuals in same cluster:
cluster  1  : 0.4956 
cluster  2  : 0.5642 
cluster  3  : 0.2709 
cluster  4  : 0.4144 
cluster  5  : 0.4376 
cluster  6  : 0.4363 

--------------------------------------------
Estimated Ln Prob of Data   = -14565.5
Mean value of ln likelihood = -14293.5
Variance of ln likelihood   = 544.2
Mean value of alpha         = 0.0329

Mean value of Fst_1         = 0.3366
Mean value of Fst_2         = 0.1143
Mean value of Fst_3         = 0.6020
Mean value of Fst_4         = 0.4563
Mean value of Fst_5         = 0.4043
Mean value of Fst_6         = 0.3005


Inferred ancestry of individuals:
        Label (%Miss) Pop:  Inferred clusters
  1    ZFB01    (0)    1 :  0.975 0.004 0.008 0.004 0.004 0.005 
  2    ZFB02    (0)    1 :  0.968 0.005 0.012 0.003 0.009 0.003 
  3    ZFB03    (0)    1 :  0.968 0.010 0.003 0.009 0.005 0.004 
  4    ZFB04    (0)    1 :  0.965 0.005 0.015 0.003 0.006 0.005 
  5    ZFB05    (0)    1 :  0.835 0.067 0.072 0.009 0.010 0.006 
  6    ZFB06    (0)    1 :  0.862 0.061 0.055 0.010 0.006 0.006 
  7    ZFB07    (9)    1 :  0.960 0.009 0.010 0.008 0.005 0.008 
  8    ZFB08    (0)    1 :  0.969 0.012 0.003 0.005 0.006 0.005 
  9    ZFB09    (0)    1 :  0.981 0.006 0.003 0.003 0.004 0.003 
 10    ZFB10    (0)    1 :  0.956 0.005 0.009 0.006 0.008 0.017 
 11    ZFB11    (0)    1 :  0.957 0.004 0.022 0.004 0.006 0.009 
 12    ZFB12    (0)    1 :  0.971 0.008 0.008 0.006 0.003 0.004 
 13    ZFB13    (0)    1 :  0.972 0.009 0.003 0.005 0.004 0.006 
 14    ZFB14    (0)    1 :  0.979 0.005 0.003 0.003 0.005 0.005 
 15    ZFB15    (0)    1 :  0.978 0.004 0.009 0.003 0.003 0.003 
 16    ZFB16    (0)    1 :  0.976 0.006 0.006 0.004 0.004 0.004 
 17    ZFB17    (0)    1 :  0.902 0.025 0.027 0.009 0.023 0.014 
 18    ZFB18    (0)    1 :  0.979 0.005 0.003 0.003 0.005 0.005 
 19    ZFB19    (0)    1 :  0.931 0.024 0.005 0.013 0.004 0.022 
 20    ZFB20    (0)    1 :  0.969 0.005 0.014 0.004 0.004 0.004 
 21    ZFB21    (0)    1 :  0.979 0.005 0.006 0.003 0.003 0.003 
 22    ZFB22    (0)    1 :  0.911 0.014 0.040 0.010 0.009 0.016 
 23    ZFB23    (0)    1 :  0.946 0.005 0.030 0.007 0.005 0.007 
 24    ZFB24    (0)    1 :  0.950 0.004 0.030 0.004 0.005 0.006 
 25    ZFB25    (0)    1 :  0.943 0.004 0.011 0.010 0.006 0.028 
 26    ZFB26    (0)    1 :  0.882 0.005 0.083 0.008 0.007 0.016 
 27    ZFB27    (0)    1 :  0.834 0.003 0.148 0.004 0.004 0.007 
 28    ZFB28    (0)    1 :  0.909 0.011 0.060 0.007 0.008 0.005 
 29    ZFB29    (0)    1 :  0.972 0.005 0.010 0.002 0.007 0.004 
 30    ZFB30    (0)    1 :  0.679 0.030 0.270 0.009 0.004 0.008 
 31    ZFB31    (0)    1 :  0.960 0.004 0.009 0.007 0.005 0.015 
 32    ZFB32    (0)    1 :  0.921 0.016 0.027 0.011 0.018 0.007 
 33    ZFB33    (0)    1 :  0.977 0.004 0.008 0.003 0.003 0.004 
 34    ZFB34    (0)    1 :  0.979 0.006 0.003 0.003 0.005 0.004 
 35    ZFB35    (0)    1 :  0.970 0.005 0.007 0.006 0.006 0.007 
 36  ZFBP101    (0)    2 :  0.018 0.018 0.003 0.144 0.119 0.698 
 37  ZFBP102    (0)    2 :  0.026 0.016 0.003 0.043 0.025 0.887 
 38  ZFBP103    (0)    2 :  0.012 0.014 0.003 0.531 0.240 0.200 
 39  ZFBP104    (0)    2 :  0.048 0.046 0.003 0.399 0.004 0.499 
 40  ZFBP105    (0)    2 :  0.009 0.009 0.006 0.255 0.006 0.715 
 41  ZFBP106    (0)    2 :  0.004 0.005 0.004 0.153 0.008 0.826 
 42  ZFBP107    (0)    2 :  0.009 0.013 0.050 0.479 0.013 0.435 
 43  ZFBP108    (0)    2 :  0.004 0.004 0.003 0.012 0.003 0.974 
 44  ZFBP109    (0)    2 :  0.004 0.005 0.002 0.010 0.004 0.974 
 45  ZFBP110    (0)    2 :  0.047 0.049 0.003 0.714 0.066 0.121 
 46  ZFBP111    (0)    2 :  0.003 0.004 0.003 0.030 0.004 0.956 
 47  ZFBP112    (0)    2 :  0.004 0.006 0.006 0.009 0.006 0.969 
 48  ZFBP113    (0)    2 :  0.004 0.005 0.005 0.010 0.003 0.973 
 49  ZFBP114    (0)    2 :  0.005 0.005 0.016 0.023 0.009 0.942 
 50  ZFBP115    (0)    2 :  0.003 0.007 0.004 0.655 0.009 0.322 
 51  ZFBP116    (0)    2 :  0.003 0.007 0.005 0.020 0.005 0.961 
 52  ZFBP117    (0)    2 :  0.003 0.005 0.003 0.015 0.008 0.966 
 53  ZFBP118    (0)    2 :  0.004 0.005 0.017 0.011 0.006 0.957 
 54  ZFBP119    (0)    2 :  0.004 0.008 0.003 0.284 0.038 0.663 
 55  ZFBP120    (0)    2 :  0.008 0.009 0.006 0.274 0.005 0.699 
 56  ZFBP121    (0)    2 :  0.007 0.006 0.003 0.029 0.011 0.943 
 57  ZFBP122    (9)    2 :  0.004 0.005 0.004 0.026 0.005 0.957 
 58  ZFBP123    (0)    2 :  0.004 0.006 0.007 0.011 0.012 0.960 
 59  ZFBP124    (0)    2 :  0.008 0.004 0.005 0.014 0.006 0.962 
 60  ZFBP125    (0)    2 :  0.003 0.004 0.003 0.016 0.006 0.969 
 61  ZFBP126    (0)    2 :  0.017 0.032 0.003 0.014 0.035 0.898 
 62  ZFBP127    (0)    2 :  0.004 0.005 0.003 0.348 0.023 0.616 
 63  ZFBP128    (0)    2 :  0.004 0.003 0.003 0.011 0.006 0.973 
 64  ZFBP129    (0)    2 :  0.005 0.005 0.003 0.009 0.009 0.969 
 65  ZFBP130    (0)    2 :  0.002 0.004 0.004 0.010 0.009 0.971 
 66  ZFBP131    (0)    2 :  0.005 0.005 0.004 0.006 0.004 0.977 
 67  ZFBP132    (0)    2 :  0.004 0.004 0.004 0.026 0.004 0.958 
 68  ZFBP133    (0)    2 :  0.003 0.003 0.002 0.004 0.006 0.982 
 69  ZFBP134    (0)    2 :  0.004 0.006 0.004 0.540 0.047 0.400 
 70  ZFBP135    (0)    2 :  0.023 0.011 0.003 0.081 0.270 0.611 
 71  ZFBP136    (0)    2 :  0.004 0.006 0.010 0.060 0.060 0.860 
 72  ZFBP201    (0)    3 :  0.007 0.008 0.011 0.025 0.006 0.944 
 73  ZFBP202    (0)    3 :  0.008 0.005 0.003 0.025 0.005 0.955 
 74  ZFBP203    (0)    3 :  0.008 0.022 0.058 0.010 0.006 0.896 
 75  ZFBP204    (0)    3 :  0.005 0.008 0.005 0.160 0.020 0.801 
 76  ZFBP205    (0)    3 :  0.003 0.004 0.005 0.005 0.008 0.975 
 77  ZFBP206    (0)    3 :  0.004 0.005 0.007 0.006 0.010 0.968 
 78  ZFBP207    (0)    3 :  0.005 0.006 0.005 0.543 0.016 0.426 
 79  ZFBP208    (0)    3 :  0.005 0.009 0.013 0.007 0.007 0.959 
 80  ZFBP209    (0)    3 :  0.003 0.003 0.002 0.004 0.005 0.982 
 81  ZFBP210    (0)    3 :  0.006 0.008 0.012 0.022 0.005 0.948 
 82  ZFBP211    (0)    3 :  0.007 0.006 0.004 0.019 0.006 0.958 
 83  ZFBP212    (0)    3 :  0.006 0.004 0.004 0.429 0.003 0.555 
 84  ZFBP213    (0)    3 :  0.009 0.008 0.006 0.012 0.017 0.949 
 85  ZFBP214    (0)    3 :  0.011 0.016 0.005 0.041 0.040 0.887 
 86  ZFBP215    (0)    3 :  0.004 0.004 0.003 0.011 0.006 0.972 
 87  ZFBP216    (0)    3 :  0.006 0.022 0.010 0.036 0.007 0.919 
 88  ZFBP217    (0)    3 :  0.005 0.007 0.003 0.028 0.007 0.951 
 89  ZFBP218    (0)    3 :  0.003 0.004 0.003 0.006 0.003 0.981 
 90  ZFBP219    (0)    3 :  0.004 0.006 0.004 0.010 0.003 0.973 
 91  ZFBP220    (0)    3 :  0.003 0.005 0.004 0.034 0.009 0.945 
 92  ZFBP221    (0)    3 :  0.005 0.005 0.004 0.120 0.003 0.864 
 93  ZFBP222    (0)    3 :  0.006 0.005 0.005 0.005 0.007 0.971 
 94  ZFBP223    (0)    3 :  0.008 0.010 0.008 0.652 0.014 0.308 
 95  ZFBP224    (0)    3 :  0.006 0.008 0.005 0.012 0.008 0.961 
 96  ZFBP225    (0)    3 :  0.003 0.007 0.007 0.056 0.009 0.918 
 97  ZFBP226    (0)    3 :  0.005 0.005 0.006 0.018 0.004 0.962 
 98  ZFBP227    (0)    3 :  0.031 0.177 0.005 0.227 0.007 0.554 
 99  ZFBP228    (0)    3 :  0.004 0.005 0.003 0.687 0.017 0.285 
100  ZFBP229    (0)    3 :  0.003 0.005 0.004 0.009 0.006 0.973 
101  ZFBP230    (0)    3 :  0.004 0.007 0.004 0.028 0.013 0.945 
102  ZFBP231    (0)    3 :  0.006 0.006 0.004 0.016 0.007 0.961 
103  ZFBP232    (0)    3 :  0.004 0.003 0.003 0.007 0.005 0.979 
104  ZFBP233    (0)    3 :  0.006 0.006 0.004 0.018 0.005 0.960 
105   ZFCC01    (0)    4 :  0.010 0.004 0.004 0.004 0.975 0.004 
106   ZFCC03    (0)    4 :  0.005 0.004 0.003 0.005 0.980 0.004 
107   ZFCC04    (0)    4 :  0.005 0.004 0.003 0.004 0.979 0.005 
108   ZFCC05    (0)    4 :  0.007 0.005 0.004 0.007 0.971 0.006 
109   ZFCC08    (0)    4 :  0.004 0.004 0.002 0.007 0.971 0.011 
110   ZFCC09    (0)    4 :  0.005 0.003 0.003 0.005 0.979 0.004 
111   ZFCC10    (0)    4 :  0.010 0.004 0.003 0.004 0.974 0.004 
112   ZFCC11    (0)    4 :  0.006 0.004 0.003 0.006 0.976 0.005 
113   ZFCC12    (0)    4 :  0.032 0.010 0.004 0.007 0.941 0.006 
114   ZFCC13    (0)    4 :  0.004 0.007 0.010 0.012 0.957 0.010 
115   ZFCC14    (0)    4 :  0.008 0.004 0.005 0.004 0.969 0.009 
116   ZFCC15    (0)    4 :  0.005 0.007 0.005 0.005 0.974 0.004 
117   ZFCC16    (0)    4 :  0.005 0.004 0.003 0.004 0.980 0.004 
118   ZFCC17    (0)    4 :  0.005 0.004 0.006 0.004 0.977 0.003 
119   ZFCC18    (0)    4 :  0.006 0.004 0.003 0.005 0.977 0.005 
120   ZFCC19    (0)    4 :  0.005 0.007 0.007 0.003 0.975 0.003 
121   ZFCC20    (0)    4 :  0.004 0.005 0.002 0.007 0.979 0.004 
122   ZFCC21    (0)    4 :  0.006 0.014 0.006 0.007 0.931 0.035 
123   ZFCC22    (0)    4 :  0.007 0.005 0.005 0.025 0.767 0.191 
124   ZFCC26    (0)    4 :  0.005 0.004 0.003 0.004 0.980 0.004 
125   ZFCC27    (0)    4 :  0.004 0.004 0.003 0.005 0.981 0.004 
126   ZFCC29    (0)    4 :  0.008 0.006 0.003 0.005 0.974 0.004 
127   ZFCC30    (0)    4 :  0.003 0.004 0.003 0.006 0.981 0.003 
128   ZFCC32    (0)    4 :  0.006 0.007 0.006 0.006 0.970 0.005 
129   ZFCC33    (0)    4 :  0.005 0.006 0.004 0.005 0.976 0.004 
130   ZFCC34    (0)    4 :  0.018 0.006 0.007 0.041 0.894 0.034 
131   ZFCC35    (0)    4 :  0.003 0.003 0.004 0.004 0.982 0.004 
132   ZFCC36    (0)    4 :  0.004 0.008 0.015 0.006 0.957 0.009 
133   ZFCC37    (0)    4 :  0.030 0.015 0.004 0.008 0.935 0.007 
134   ZFCC40    (0)    4 :  0.007 0.004 0.009 0.004 0.972 0.005 
135   ZFCC42    (0)    4 :  0.121 0.022 0.270 0.016 0.566 0.005 
136   ZFCC44    (0)    4 :  0.003 0.003 0.006 0.005 0.980 0.003 
137   ZFCC45    (9)    4 :  0.013 0.010 0.014 0.005 0.953 0.004 
138   ZFCC46    (0)    4 :  0.003 0.004 0.004 0.011 0.966 0.011 
139   ZFCC47    (0)    4 :  0.019 0.005 0.003 0.005 0.962 0.005 
140   ZFCC48    (0)    4 :  0.005 0.005 0.004 0.006 0.954 0.027 
141   ZFCC50    (0)    4 :  0.005 0.003 0.004 0.004 0.982 0.003 
142   ZFCC51    (0)    4 :  0.004 0.003 0.002 0.005 0.982 0.003 
143   ZFCC52    (0)    4 :  0.004 0.004 0.005 0.007 0.969 0.011 
144   ZFCC53    (0)    4 :  0.004 0.003 0.003 0.004 0.983 0.003 
145  ZFCNS01    (0)    5 :  0.003 0.008 0.007 0.973 0.005 0.004 
146  ZFCNS02    (0)    5 :  0.003 0.004 0.003 0.975 0.010 0.005 
147  ZFCNS05    (0)    5 :  0.005 0.004 0.003 0.972 0.010 0.006 
148  ZFCNS06    (0)    5 :  0.004 0.004 0.003 0.973 0.011 0.006 
149  ZFCNS07    (0)    5 :  0.004 0.004 0.003 0.972 0.005 0.012 
150  ZFCNS10    (0)    5 :  0.003 0.003 0.003 0.982 0.004 0.004 
151  ZFCNS11    (0)    5 :  0.003 0.005 0.004 0.978 0.006 0.004 
152  ZFCNS15    (0)    5 :  0.004 0.004 0.003 0.978 0.004 0.008 
153  ZFCNS17    (0)    5 :  0.003 0.003 0.003 0.974 0.012 0.005 
154  ZFCNS18    (0)    5 :  0.003 0.003 0.003 0.981 0.006 0.004 
155  ZFCNS19    (0)    5 :  0.003 0.004 0.003 0.978 0.009 0.004 
156  ZFCNS20    (0)    5 :  0.004 0.005 0.003 0.969 0.008 0.012 
157  ZFCNS21    (0)    5 :  0.003 0.003 0.002 0.980 0.008 0.003 
158  ZFCNS22    (0)    5 :  0.004 0.004 0.003 0.973 0.008 0.008 
159  ZFCNS23    (0)    5 :  0.006 0.009 0.010 0.944 0.023 0.008 
160  ZFCNS24    (0)    5 :  0.003 0.004 0.003 0.960 0.026 0.005 
161  ZFCNS25    (0)    5 :  0.003 0.004 0.003 0.970 0.012 0.009 
162  ZFCNS26    (0)    5 :  0.004 0.004 0.002 0.981 0.004 0.005 
163  ZFCNS27    (0)    5 :  0.003 0.004 0.003 0.975 0.004 0.011 
164  ZFCNS28    (0)    5 :  0.004 0.003 0.002 0.977 0.008 0.005 
165  ZFCNS29    (0)    5 :  0.004 0.004 0.003 0.970 0.012 0.007 
166  ZFCNS30    (0)    5 :  0.004 0.004 0.003 0.976 0.009 0.004 
167  ZFCNS31    (0)    5 :  0.003 0.004 0.003 0.981 0.004 0.004 
168  ZFCNS32    (0)    5 :  0.004 0.004 0.002 0.979 0.006 0.005 
169  ZFCNS33    (0)    5 :  0.003 0.003 0.003 0.982 0.005 0.004 
170  ZFCNS34    (0)    5 :  0.004 0.004 0.003 0.957 0.028 0.005 
171  ZFCNS35    (0)    5 :  0.004 0.004 0.003 0.979 0.006 0.005 
172  ZFCNS36    (0)    5 :  0.003 0.004 0.003 0.940 0.044 0.006 
173  ZFCNS37    (0)    5 :  0.003 0.004 0.002 0.980 0.006 0.004 
174  ZFCNS39    (0)    5 :  0.003 0.003 0.003 0.980 0.007 0.004 
175  ZFCNS40    (0)    5 :  0.003 0.004 0.002 0.959 0.023 0.007 
176  ZFCNS41    (0)    5 :  0.005 0.007 0.004 0.969 0.009 0.007 
177  ZFCNS42    (0)    5 :  0.003 0.003 0.003 0.982 0.005 0.004 
178  ZFCNS43    (0)    5 :  0.004 0.004 0.003 0.977 0.010 0.004 
179  ZFCNS44    (0)    5 :  0.003 0.003 0.003 0.980 0.007 0.004 
180  ZFCNS46    (0)    5 :  0.003 0.004 0.003 0.979 0.006 0.005 
181  ZFCNS47    (0)    5 :  0.003 0.004 0.002 0.981 0.007 0.004 
182  ZFCNS48    (0)    5 :  0.003 0.004 0.003 0.978 0.006 0.006 
183  ZFCNS49    (0)    5 :  0.003 0.003 0.003 0.983 0.003 0.005 
184   ZFCR01    (0)    6 :  0.463 0.454 0.008 0.007 0.016 0.052 
185   ZFCR02    (0)    6 :  0.041 0.892 0.013 0.007 0.028 0.020 
186   ZFCR03    (0)    6 :  0.547 0.280 0.042 0.008 0.052 0.071 
187   ZFCR04    (0)    6 :  0.770 0.087 0.034 0.042 0.020 0.047 
188   ZFCR05    (0)    6 :  0.042 0.922 0.007 0.003 0.021 0.004 
189   ZFCR06    (0)    6 :  0.101 0.631 0.004 0.154 0.026 0.084 
190   ZFCR07    (0)    6 :  0.036 0.892 0.005 0.048 0.013 0.006 
191   ZFCR08    (0)    6 :  0.181 0.455 0.062 0.011 0.183 0.108 
192   ZFCR09    (0)    6 :  0.507 0.159 0.120 0.058 0.065 0.092 
193   ZFCR11    (0)    6 :  0.150 0.745 0.006 0.071 0.010 0.019 
194   ZFCR12    (0)    6 :  0.010 0.776 0.004 0.173 0.012 0.025 
195   ZFCR13    (0)    6 :  0.008 0.922 0.004 0.011 0.006 0.050 
196   ZFCR14    (0)    6 :  0.018 0.951 0.005 0.007 0.010 0.009 
197   ZFCR15    (0)    6 :  0.054 0.846 0.020 0.015 0.026 0.040 
198   ZFCR16    (0)    6 :  0.048 0.901 0.004 0.006 0.010 0.031 
199   ZFCR18    (0)    6 :  0.667 0.206 0.006 0.018 0.074 0.029 
200   ZFCR19    (0)    6 :  0.416 0.348 0.005 0.020 0.033 0.178 
201   ZFCR20    (0)    6 :  0.807 0.104 0.006 0.012 0.014 0.057 
202   ZFCR21    (0)    6 :  0.013 0.945 0.003 0.007 0.019 0.013 
203   ZFCR22    (0)    6 :  0.007 0.967 0.003 0.005 0.005 0.012 
204   ZFCR23    (0)    6 :  0.031 0.736 0.047 0.036 0.005 0.145 
205   ZFCR24    (9)    6 :  0.130 0.322 0.007 0.009 0.011 0.521 
206   ZFCR25    (0)    6 :  0.013 0.971 0.003 0.004 0.006 0.004 
207   ZFCR26    (0)    6 :  0.116 0.820 0.004 0.008 0.021 0.030 
208   ZFCR27    (9)    6 :  0.065 0.919 0.005 0.003 0.005 0.003 
209   ZFCR28    (0)    6 :  0.010 0.651 0.011 0.029 0.011 0.287 
210   ZFCR29    (0)    6 :  0.110 0.854 0.004 0.006 0.011 0.016 
211   ZFCR30    (0)    6 :  0.009 0.970 0.004 0.006 0.005 0.006 
212   ZFCR31    (0)    6 :  0.415 0.284 0.018 0.132 0.026 0.124 
213   ZFCR33    (0)    6 :  0.029 0.904 0.018 0.009 0.030 0.010 
214   ZFCR34    (0)    6 :  0.043 0.829 0.021 0.040 0.024 0.043 
215   ZFCR35    (0)    6 :  0.794 0.122 0.010 0.018 0.038 0.018 
216   ZFCR36    (0)    6 :  0.090 0.868 0.014 0.012 0.008 0.008 
217   ZFCR37    (0)    6 :  0.023 0.927 0.007 0.004 0.035 0.004 
218   ZFCR38    (0)    6 :  0.030 0.916 0.009 0.006 0.032 0.006 
219   ZFCR39    (0)    6 :  0.034 0.365 0.307 0.012 0.197 0.084 
220   ZFCR40    (0)    6 :  0.027 0.861 0.062 0.010 0.030 0.010 
221   ZFCR41    (0)    6 :  0.007 0.915 0.003 0.029 0.035 0.010 
222   ZFCR42    (0)    6 :  0.010 0.912 0.012 0.015 0.030 0.022 
223   ZFCR43    (0)    6 :  0.032 0.894 0.005 0.008 0.006 0.055 
224  ZFENP25    (0)    7 :  0.057 0.894 0.007 0.004 0.025 0.014 
225  ZFENP26    (0)    7 :  0.013 0.959 0.017 0.004 0.006 0.003 
226  ZFENP27    (0)    7 :  0.369 0.168 0.021 0.096 0.333 0.013 
227  ZFENP28    (0)    7 :  0.029 0.930 0.020 0.006 0.011 0.004 
228  ZFENP29    (0)    7 :  0.007 0.969 0.008 0.004 0.008 0.003 
229  ZFENP30    (0)    7 :  0.012 0.891 0.029 0.005 0.058 0.005 
230  ZFENP31    (0)    7 :  0.191 0.275 0.422 0.008 0.094 0.009 
231  ZFENP32    (0)    7 :  0.484 0.245 0.197 0.029 0.032 0.013 
232  ZFENP33    (0)    7 :  0.034 0.938 0.010 0.005 0.008 0.005 
233  ZFENP34    (0)    7 :  0.551 0.359 0.010 0.018 0.051 0.011 
234  ZFENP35    (0)    7 :  0.015 0.749 0.206 0.017 0.006 0.007 
235  ZFENP36    (0)    7 :  0.020 0.944 0.023 0.006 0.004 0.003 
236  ZFENP37    (0)    7 :  0.109 0.821 0.041 0.012 0.012 0.006 
237  ZFENP38    (0)    7 :  0.008 0.958 0.008 0.010 0.011 0.005 
238  ZFENP39    (0)    7 :  0.027 0.929 0.025 0.004 0.011 0.003 
239  ZFENP40    (0)    7 :  0.088 0.804 0.082 0.006 0.012 0.007 
240  ZFENP41    (0)    7 :  0.021 0.734 0.102 0.008 0.127 0.007 
241  ZFENP42    (0)    7 :  0.005 0.668 0.313 0.004 0.006 0.003 
242  ZFENP43    (0)    7 :  0.017 0.877 0.013 0.053 0.036 0.005 
243  ZFENP44    (0)    7 :  0.014 0.688 0.197 0.058 0.035 0.008 
244  ZFENP45    (0)    7 :  0.012 0.561 0.123 0.014 0.020 0.270 
245  ZFENP46    (0)    7 :  0.014 0.945 0.017 0.014 0.004 0.007 
246  ZFENP47    (0)    7 :  0.107 0.263 0.288 0.005 0.230 0.108 
247  ZFENP48    (0)    7 :  0.581 0.219 0.021 0.019 0.130 0.031 
248  ZFENP49    (0)    7 :  0.095 0.842 0.006 0.009 0.033 0.015 
249  ZFENP50    (0)    7 :  0.009 0.919 0.037 0.010 0.005 0.019 
250  ZFENP51    (0)    7 :  0.153 0.710 0.093 0.005 0.012 0.026 
251  ZFENP52    (0)    7 :  0.005 0.941 0.017 0.019 0.016 0.004 
252  ZFENP53    (0)    7 :  0.007 0.922 0.029 0.014 0.008 0.020 
253  ZFENP54    (0)    7 :  0.014 0.911 0.010 0.011 0.028 0.027 
254  ZFENP55    (0)    7 :  0.046 0.934 0.006 0.005 0.004 0.005 
255  ZFENP56    (0)    7 :  0.014 0.962 0.007 0.007 0.006 0.004 
256  ZFENP57    (0)    7 :  0.019 0.870 0.094 0.009 0.005 0.004 
257  ZFENP58    (0)    7 :  0.010 0.896 0.006 0.012 0.050 0.025 
258  ZFENP59    (0)    7 :  0.030 0.763 0.106 0.005 0.091 0.004 
259  ZFENP60    (0)    7 :  0.065 0.887 0.022 0.006 0.011 0.008 
260  ZFENP61    (0)    7 :  0.028 0.939 0.014 0.004 0.012 0.003 
261 ZFFDSP01    (0)    8 :  0.005 0.004 0.004 0.051 0.004 0.931 
262 ZFFDSP02    (0)    8 :  0.004 0.004 0.002 0.010 0.005 0.976 
263 ZFFDSP04    (0)    8 :  0.005 0.003 0.002 0.007 0.004 0.978 
264 ZFFDSP05    (0)    8 :  0.004 0.005 0.004 0.063 0.004 0.919 
265 ZFFDSP06    (0)    8 :  0.004 0.003 0.002 0.006 0.005 0.980 
266 ZFFDSP07    (0)    8 :  0.004 0.006 0.005 0.006 0.013 0.965 
267 ZFFDSP08    (0)    8 :  0.003 0.006 0.004 0.015 0.014 0.958 
268 ZFFDSP10    (0)    8 :  0.005 0.006 0.003 0.019 0.005 0.962 
269 ZFFDSP11    (0)    8 :  0.006 0.005 0.004 0.010 0.005 0.970 
270 ZFFDSP12    (0)    8 :  0.003 0.004 0.003 0.009 0.004 0.977 
271 ZFFDSP13    (0)    8 :  0.005 0.008 0.005 0.914 0.008 0.060 
272 ZFFDSP14    (0)    8 :  0.004 0.004 0.003 0.005 0.006 0.977 
273 ZFFDSP16    (0)    8 :  0.010 0.010 0.005 0.039 0.008 0.928 
274 ZFFDSP17    (0)    8 :  0.004 0.005 0.003 0.011 0.006 0.971 
275 ZFFDSP18    (0)    8 :  0.007 0.004 0.002 0.008 0.006 0.973 
276 ZFFDSP19    (0)    8 :  0.006 0.005 0.003 0.186 0.029 0.772 
277 ZFFDSP21    (0)    8 :  0.005 0.004 0.003 0.407 0.019 0.562 
278 ZFFDSP22    (0)    8 :  0.003 0.004 0.002 0.006 0.005 0.980 
279 ZFFDSP23    (0)    8 :  0.003 0.003 0.002 0.022 0.004 0.966 
280 ZFFDSP24    (0)    8 :  0.006 0.005 0.003 0.233 0.006 0.749 
281 ZFFDSP26    (9)    8 :  0.004 0.004 0.003 0.045 0.005 0.939 
282 ZFFDSP27    (0)    8 :  0.006 0.004 0.003 0.026 0.004 0.957 
283 ZFFDSP28    (0)    8 :  0.086 0.018 0.011 0.026 0.015 0.844 
284 ZFFDSP30    (0)    8 :  0.024 0.007 0.011 0.676 0.011 0.270 
285 ZFFDSP31    (0)    8 :  0.006 0.006 0.002 0.021 0.007 0.958 
286 ZFFDSP32    (0)    8 :  0.004 0.004 0.003 0.011 0.004 0.975 
287 ZFFDSP33    (0)    8 :  0.004 0.004 0.003 0.013 0.003 0.974 
288 ZFFDSP34    (0)    8 :  0.003 0.003 0.002 0.010 0.006 0.975 
289 ZFFDSP35    (0)    8 :  0.006 0.004 0.002 0.056 0.005 0.928 
290 ZFFDSP37    (0)    8 :  0.005 0.004 0.003 0.019 0.005 0.964 
291 ZFFDSP38    (0)    8 :  0.006 0.004 0.003 0.013 0.004 0.970 
292 ZFFDSP39    (0)    8 :  0.004 0.003 0.003 0.317 0.004 0.669 
293 ZFFDSP40    (0)    8 :  0.005 0.004 0.003 0.374 0.004 0.610 
294 ZFFDSP42    (0)    8 :  0.004 0.004 0.002 0.022 0.005 0.964 
295 ZFFDSP43    (0)    8 :  0.004 0.003 0.003 0.027 0.004 0.958 
296 ZFFDSP44    (0)    8 :  0.006 0.005 0.003 0.161 0.004 0.821 
297 ZFFDSP45    (0)    8 :  0.005 0.004 0.003 0.027 0.006 0.956 
298 ZFFDSP46    (0)    8 :  0.005 0.005 0.003 0.036 0.005 0.946 
299 ZFFDSP47    (0)    8 :  0.004 0.004 0.003 0.449 0.004 0.536 
300 ZFFDSP48    (0)    8 :  0.004 0.004 0.003 0.567 0.005 0.418 
301    ZFI01    (0)    9 :  0.971 0.007 0.005 0.006 0.006 0.004 
302    ZFI02    (0)    9 :  0.974 0.006 0.004 0.008 0.003 0.005 
303    ZFI03    (0)    9 :  0.975 0.007 0.003 0.006 0.005 0.003 
304    ZFI04    (0)    9 :  0.976 0.006 0.004 0.005 0.005 0.004 
305    ZFI05    (0)    9 :  0.961 0.006 0.004 0.019 0.005 0.005 
306    ZFI06    (0)    9 :  0.912 0.009 0.005 0.064 0.004 0.007 
307    ZFI07    (0)    9 :  0.977 0.006 0.004 0.005 0.005 0.003 
308    ZFI08    (0)    9 :  0.973 0.011 0.003 0.003 0.005 0.003 
309    ZFI09    (0)    9 :  0.977 0.007 0.003 0.007 0.004 0.003 
310    ZFI10    (0)    9 :  0.941 0.007 0.007 0.035 0.004 0.006 
311    ZFI11    (0)    9 :  0.978 0.006 0.003 0.006 0.004 0.003 
312    ZFI12    (0)    9 :  0.968 0.008 0.003 0.012 0.006 0.004 
313    ZFI13    (0)    9 :  0.974 0.006 0.005 0.007 0.006 0.003 
314    ZFI14    (0)    9 :  0.963 0.005 0.006 0.013 0.006 0.008 
315    ZFI15    (0)    9 :  0.977 0.006 0.003 0.006 0.005 0.003 
316    ZFI16    (0)    9 :  0.978 0.005 0.003 0.006 0.004 0.003 
317    ZFI17    (0)    9 :  0.972 0.007 0.005 0.008 0.004 0.003 
318    ZFI18    (0)    9 :  0.977 0.006 0.006 0.005 0.003 0.003 
319    ZFI19    (9)    9 :  0.979 0.006 0.003 0.005 0.004 0.003 
320    ZFI20    (0)    9 :  0.973 0.005 0.005 0.008 0.004 0.005 
321    ZFI21    (0)    9 :  0.929 0.005 0.007 0.044 0.004 0.012 
322    ZFI22    (0)    9 :  0.975 0.004 0.004 0.004 0.007 0.005 
323    ZFI23    (0)    9 :  0.977 0.005 0.003 0.007 0.005 0.003 
324    ZFI24    (0)    9 :  0.972 0.007 0.003 0.008 0.007 0.004 
325    ZFI25    (0)    9 :  0.971 0.008 0.003 0.006 0.007 0.005 
326    ZFI26    (0)    9 :  0.975 0.007 0.003 0.005 0.007 0.003 
327    ZFI27    (0)    9 :  0.952 0.009 0.003 0.027 0.005 0.004 
328    ZFK01    (0)    9 :  0.006 0.011 0.008 0.012 0.954 0.009 
329    ZFK02    (0)   10 :  0.007 0.011 0.005 0.012 0.957 0.008 
330    ZFK03    (0)   10 :  0.009 0.010 0.009 0.010 0.955 0.008 
331    ZFK04    (0)   10 :  0.027 0.013 0.010 0.006 0.938 0.006 
332    ZFK05    (0)   10 :  0.018 0.009 0.030 0.005 0.933 0.005 
333    ZFK06    (0)   10 :  0.020 0.030 0.006 0.006 0.932 0.006 
334    ZFK07    (0)   10 :  0.005 0.009 0.012 0.010 0.955 0.008 
335    ZFK08    (0)   10 :  0.039 0.050 0.011 0.006 0.887 0.008 
336    ZFK10    (0)   10 :  0.024 0.012 0.006 0.008 0.945 0.006 
337    ZFK11    (0)   10 :  0.009 0.012 0.022 0.006 0.944 0.007 
338    ZFK12    (0)   10 :  0.004 0.014 0.007 0.010 0.951 0.013 
339    ZFK13    (0)   10 :  0.005 0.012 0.029 0.018 0.908 0.029 
340    ZFK14    (0)   10 :  0.004 0.007 0.013 0.011 0.952 0.014 
341    ZFK15    (0)   10 :  0.009 0.015 0.044 0.012 0.902 0.018 
342    ZFK16    (0)   10 :  0.004 0.012 0.018 0.017 0.929 0.020 
343   ZFLB01    (0)   11 :  0.009 0.008 0.948 0.015 0.005 0.015 
344   ZFLB02    (0)   11 :  0.011 0.010 0.969 0.004 0.002 0.003 
345   ZFLB03    (0)   11 :  0.005 0.008 0.967 0.012 0.005 0.004 
346   ZFLB04    (0)   11 :  0.027 0.011 0.712 0.206 0.015 0.029 
347   ZFLB05    (0)   11 :  0.013 0.007 0.947 0.020 0.004 0.009 
348   ZFLB06    (0)   11 :  0.007 0.009 0.949 0.010 0.014 0.011 
349   ZFLB07    (0)   11 :  0.023 0.234 0.626 0.077 0.021 0.019 
350   ZFLB08    (0)   11 :  0.017 0.011 0.956 0.007 0.004 0.005 
351   ZFLB09    (9)   11 :  0.010 0.006 0.967 0.004 0.009 0.004 
352   ZFLB10    (0)   11 :  0.006 0.004 0.980 0.004 0.004 0.003 
353   ZFLB11    (0)   11 :  0.004 0.006 0.973 0.004 0.008 0.004 
354   ZFLB12    (0)   11 :  0.006 0.005 0.979 0.003 0.005 0.003 
355   ZFLB13    (0)   11 :  0.016 0.056 0.848 0.035 0.025 0.020 
356  ZFLTI01    (0)   12 :  0.004 0.007 0.002 0.861 0.050 0.075 
357  ZFLTI02    (0)   12 :  0.005 0.005 0.002 0.930 0.034 0.024 
358  ZFLTI03    (0)   12 :  0.004 0.004 0.002 0.955 0.010 0.025 
359  ZFLTI04    (0)   12 :  0.005 0.006 0.002 0.960 0.011 0.016 
360  ZFLTI05    (0)   12 :  0.003 0.004 0.002 0.974 0.006 0.011 
361  ZFLTI06    (0)   12 :  0.004 0.004 0.003 0.764 0.008 0.217 
362  ZFLTI07    (0)   12 :  0.005 0.005 0.003 0.959 0.008 0.021 
363  ZFLTI08    (0)   12 :  0.006 0.005 0.002 0.972 0.005 0.010 
364  ZFLTI09    (0)   12 :  0.007 0.004 0.003 0.940 0.008 0.039 
365  ZFLTI10    (0)   12 :  0.006 0.005 0.002 0.902 0.017 0.069 
366  ZFLTI11    (0)   12 :  0.005 0.004 0.003 0.794 0.006 0.189 
367  ZFLTI12    (0)   12 :  0.004 0.005 0.002 0.850 0.018 0.121 
368  ZFLTI13    (0)   12 :  0.004 0.005 0.002 0.963 0.015 0.011 
369  ZFLTI14    (0)   12 :  0.005 0.004 0.002 0.948 0.030 0.011 
370 ZFONF101    (0)   13 :  0.003 0.003 0.003 0.005 0.002 0.984 
371 ZFONF102    (0)   13 :  0.005 0.006 0.010 0.004 0.003 0.972 
372 ZFONF103    (0)   13 :  0.005 0.008 0.003 0.238 0.013 0.733 
373 ZFONF104    (0)   13 :  0.002 0.002 0.002 0.006 0.004 0.984 
374 ZFONF105    (0)   13 :  0.003 0.004 0.003 0.014 0.005 0.972 
375 ZFONF106    (0)   13 :  0.004 0.003 0.002 0.006 0.004 0.981 
376 ZFONF107    (0)   13 :  0.028 0.026 0.091 0.081 0.023 0.752 
377 ZFONF108    (0)   13 :  0.008 0.009 0.018 0.075 0.030 0.860 
378 ZFONF109    (9)   13 :  0.006 0.005 0.009 0.015 0.019 0.947 
379 ZFONF110    (0)   13 :  0.003 0.003 0.002 0.007 0.005 0.981 
380 ZFONF111    (0)   13 :  0.015 0.026 0.017 0.018 0.010 0.914 
381 ZFONF112    (0)   13 :  0.003 0.003 0.003 0.009 0.004 0.978 
382 ZFONF113    (9)   13 :  0.003 0.005 0.005 0.016 0.007 0.964 
383 ZFONF115    (0)   13 :  0.005 0.004 0.003 0.013 0.007 0.968 
384 ZFONF116    (0)   13 :  0.006 0.005 0.003 0.010 0.006 0.969 
385 ZFONF117    (0)   13 :  0.004 0.005 0.004 0.405 0.009 0.573 
386 ZFONF118    (0)   13 :  0.007 0.005 0.002 0.027 0.010 0.950 
387 ZFONF119    (0)   13 :  0.004 0.004 0.007 0.006 0.009 0.971 
388 ZFONF120    (0)   13 :  0.003 0.005 0.005 0.006 0.018 0.962 
389 ZFONF121    (0)   13 :  0.004 0.004 0.004 0.007 0.005 0.976 
390 ZFONF122    (0)   13 :  0.008 0.009 0.003 0.316 0.034 0.630 
391 ZFONF123    (0)   13 :  0.006 0.007 0.069 0.005 0.006 0.906 
392 ZFONF124    (0)   13 :  0.003 0.005 0.010 0.009 0.010 0.962 
393 ZFONF125    (0)   13 :  0.006 0.020 0.066 0.013 0.024 0.872 
394 ZFONF126    (0)   13 :  0.006 0.007 0.003 0.022 0.014 0.948 
395 ZFONF201    (0)   14 :  0.053 0.021 0.077 0.007 0.064 0.779 
396 ZFONF202    (0)   14 :  0.003 0.003 0.002 0.006 0.008 0.978 
397 ZFONF203    (0)   14 :  0.004 0.013 0.004 0.005 0.007 0.968 
398 ZFONF204    (0)   14 :  0.013 0.054 0.020 0.019 0.123 0.772 
399 ZFONF206    (0)   14 :  0.019 0.206 0.034 0.007 0.011 0.722 
400 ZFONF207    (0)   14 :  0.004 0.009 0.005 0.006 0.008 0.968 
401 ZFONF208    (0)   14 :  0.005 0.008 0.004 0.011 0.012 0.960 
402 ZFONF209    (0)   14 :  0.012 0.015 0.014 0.013 0.145 0.801 
403 ZFONF210    (0)   14 :  0.003 0.003 0.002 0.012 0.008 0.972 
404 ZFONF211    (0)   14 :  0.003 0.005 0.005 0.014 0.012 0.961 
405 ZFONF212    (0)   14 :  0.003 0.004 0.002 0.008 0.004 0.981 
406 ZFONF214    (0)   14 :  0.003 0.005 0.004 0.005 0.009 0.974 
407 ZFONF215    (0)   14 :  0.002 0.003 0.002 0.006 0.005 0.981 
408 ZFONF216    (0)   14 :  0.002 0.004 0.004 0.012 0.006 0.972 
409 ZFONF217    (0)   14 :  0.003 0.003 0.004 0.007 0.007 0.976 
410 ZFONF218    (0)   14 :  0.006 0.024 0.014 0.010 0.004 0.942 
411 ZFONF219    (0)   14 :  0.002 0.004 0.002 0.005 0.004 0.984 
412 ZFONF220    (0)   14 :  0.003 0.004 0.003 0.006 0.009 0.976 
413 ZFONF222    (0)   14 :  0.004 0.015 0.018 0.011 0.006 0.946 
414 ZFONF223    (0)   14 :  0.006 0.012 0.015 0.004 0.004 0.959 
415 ZFONF224    (0)   14 :  0.003 0.006 0.003 0.007 0.004 0.977 
416 ZFONF225    (0)   14 :  0.002 0.003 0.002 0.006 0.005 0.982 
417 ZFONF226    (0)   14 :  0.003 0.004 0.003 0.006 0.007 0.976 
418 ZFONF227    (0)   14 :  0.002 0.003 0.002 0.007 0.004 0.982 
419 ZFONF228    (0)   14 :  0.003 0.003 0.002 0.014 0.003 0.974 
420 ZFONF230    (0)   14 :  0.002 0.003 0.002 0.007 0.005 0.981 
421 ZFONF231    (0)   14 :  0.002 0.004 0.003 0.011 0.014 0.965 
422 ZFONF232    (0)   14 :  0.002 0.004 0.002 0.005 0.003 0.983 
423 ZFONF233    (0)   14 :  0.003 0.005 0.003 0.007 0.009 0.973 
424 ZFONF234    (0)   14 :  0.003 0.019 0.004 0.019 0.009 0.945 
425 ZFONF235    (0)   14 :  0.002 0.005 0.002 0.008 0.007 0.975 
426 ZFONF236    (0)   14 :  0.018 0.033 0.015 0.024 0.034 0.877 
427 ZFONF238    (0)   14 :  0.003 0.009 0.002 0.007 0.006 0.973 
428 ZFONF239    (0)   14 :  0.019 0.024 0.013 0.006 0.047 0.891 
429 ZFONF240    (0)   14 :  0.002 0.003 0.002 0.013 0.012 0.968 
430 ZFONF241    (0)   14 :  0.004 0.011 0.002 0.008 0.005 0.970 
431 ZFONF242    (0)   14 :  0.003 0.005 0.002 0.007 0.010 0.974 
432 ZFONF243    (0)   14 :  0.003 0.004 0.004 0.025 0.007 0.957 
433 ZFONF244    (0)   14 :  0.002 0.003 0.003 0.006 0.007 0.979 
434 ZFONF245    (0)   14 :  0.002 0.005 0.002 0.028 0.008 0.955 
435   ZFOS01    (0)   15 :  0.004 0.006 0.003 0.018 0.954 0.015 
436   ZFOS02    (0)   15 :  0.022 0.012 0.005 0.027 0.907 0.027 
437   ZFOS03    (0)   15 :  0.010 0.010 0.051 0.007 0.914 0.008 
438   ZFOS04    (0)   15 :  0.013 0.007 0.004 0.060 0.856 0.059 
439   ZFOS05    (0)   15 :  0.007 0.008 0.003 0.028 0.927 0.028 
440   ZFOS06    (0)   15 :  0.006 0.009 0.006 0.024 0.942 0.013 
441   ZFOS07    (0)   15 :  0.015 0.005 0.003 0.006 0.965 0.006 
442   ZFOS08    (0)   15 :  0.017 0.005 0.003 0.016 0.945 0.014 
443   ZFOS09    (0)   15 :  0.017 0.018 0.015 0.033 0.850 0.066 
444   ZFOS10    (0)   15 :  0.024 0.009 0.012 0.006 0.946 0.003 
445   ZFOS11    (0)   15 :  0.017 0.080 0.004 0.168 0.715 0.015 
446   ZFOS12    (0)   15 :  0.057 0.206 0.021 0.039 0.661 0.017 
447   ZFOS13    (0)   15 :  0.012 0.010 0.003 0.015 0.951 0.009 
448   ZFOS14    (0)   15 :  0.117 0.035 0.008 0.081 0.748 0.011 
449   ZFOS15    (0)   15 :  0.005 0.005 0.003 0.005 0.979 0.003 
450   ZFOS16    (0)   15 :  0.017 0.008 0.007 0.043 0.895 0.030 
451   ZFOS17    (0)   15 :  0.007 0.006 0.005 0.006 0.972 0.004 
452   ZFOS18    (0)   15 :  0.007 0.007 0.007 0.009 0.966 0.004 
453   ZFOS19    (0)   15 :  0.004 0.007 0.004 0.005 0.976 0.004 
454   ZFOS20    (0)   15 :  0.008 0.006 0.005 0.006 0.968 0.006 
455   ZFOS21    (0)   15 :  0.007 0.004 0.005 0.021 0.949 0.013 
456   ZFOS22    (0)   15 :  0.003 0.007 0.006 0.008 0.970 0.006 
457   ZFOS23    (0)   15 :  0.172 0.031 0.014 0.004 0.778 0.002 
458   ZFOS24    (0)   15 :  0.004 0.005 0.003 0.008 0.977 0.003 
459   ZFOS25    (0)   15 :  0.019 0.021 0.006 0.515 0.407 0.031 
460   ZFOS26    (0)   15 :  0.015 0.016 0.005 0.378 0.517 0.069 
461   ZFOS27    (0)   15 :  0.006 0.005 0.009 0.020 0.938 0.023 
462   ZFOS28    (0)   15 :  0.016 0.009 0.009 0.015 0.944 0.007 
463   ZFOS29    (0)   15 :  0.008 0.005 0.010 0.010 0.957 0.010 
464   ZFOS30    (0)   15 :  0.006 0.005 0.003 0.006 0.970 0.010 
465   ZFOS31    (0)   15 :  0.043 0.035 0.004 0.014 0.876 0.028 
466   ZFOS32    (0)   15 :  0.011 0.008 0.005 0.021 0.938 0.018 
467   ZFPB01    (0)   16 :  0.004 0.003 0.985 0.003 0.003 0.002 
468   ZFPB02    (0)   16 :  0.003 0.003 0.984 0.003 0.003 0.004 
469   ZFPB03    (0)   16 :  0.003 0.003 0.982 0.004 0.005 0.003 
470   ZFPB05    (0)   16 :  0.002 0.003 0.988 0.002 0.002 0.003 
471   ZFPB06    (0)   16 :  0.004 0.003 0.983 0.003 0.005 0.002 
472   ZFPB07    (0)   16 :  0.002 0.003 0.986 0.003 0.003 0.004 
473   ZFPB08    (0)   16 :  0.003 0.004 0.981 0.004 0.004 0.004 
474   ZFPB10    (0)   16 :  0.003 0.003 0.986 0.003 0.003 0.002 
475   ZFPB11    (0)   16 :  0.003 0.004 0.985 0.002 0.003 0.002 
476   ZFPB12    (0)   16 :  0.003 0.003 0.986 0.003 0.003 0.002 
477   ZFPB13    (0)   16 :  0.003 0.003 0.985 0.003 0.002 0.003 
478   ZFPB14    (0)   16 :  0.003 0.003 0.985 0.003 0.003 0.004 
479   ZFPB15    (0)   16 :  0.003 0.003 0.984 0.003 0.004 0.004 
480   ZFPB17    (0)   16 :  0.003 0.003 0.986 0.002 0.003 0.002 
481   ZFPB18    (0)   16 :  0.002 0.003 0.987 0.002 0.003 0.003 
482   ZFPB19    (0)   16 :  0.005 0.003 0.981 0.003 0.004 0.003 
483   ZFPB20    (0)   16 :  0.003 0.003 0.988 0.002 0.002 0.002 
484   ZFPB21    (0)   16 :  0.003 0.003 0.985 0.003 0.003 0.004 
485   ZFPB22    (0)   16 :  0.003 0.003 0.987 0.002 0.003 0.002 
486   ZFPB23    (0)   16 :  0.003 0.003 0.984 0.003 0.003 0.003 
487   ZFSF01    (0)   17 :  0.698 0.287 0.002 0.004 0.006 0.003 
488   ZFSF02    (0)   17 :  0.286 0.645 0.006 0.022 0.017 0.024 
489   ZFSF03    (0)   17 :  0.761 0.224 0.003 0.004 0.004 0.004 
490   ZFSF04    (0)   17 :  0.960 0.015 0.002 0.004 0.012 0.006 
491  ZFSW101    (0)   18 :  0.914 0.008 0.002 0.012 0.008 0.055 
492  ZFSW102    (0)   18 :  0.963 0.008 0.003 0.004 0.013 0.008 
493  ZFSW103    (0)   18 :  0.929 0.011 0.003 0.029 0.007 0.020 
494  ZFSW104    (9)   18 :  0.883 0.029 0.005 0.011 0.047 0.025 
495  ZFSW105    (0)   18 :  0.943 0.006 0.003 0.006 0.008 0.034 
496  ZFSW106    (0)   18 :  0.843 0.091 0.007 0.014 0.006 0.040 
497  ZFSW107    (0)   18 :  0.974 0.005 0.004 0.004 0.007 0.007 
498  ZFSW108    (0)   18 :  0.976 0.008 0.004 0.003 0.005 0.003 
499  ZFSW109    (0)   18 :  0.972 0.005 0.003 0.006 0.008 0.007 
500  ZFSW110    (0)   18 :  0.941 0.008 0.004 0.013 0.007 0.027 
501  ZFSW111    (0)   18 :  0.825 0.009 0.004 0.010 0.035 0.117 
502  ZFSW112    (0)   18 :  0.889 0.007 0.004 0.008 0.073 0.020 
503  ZFSW113    (0)   18 :  0.882 0.049 0.004 0.019 0.013 0.033 
504  ZFSW114    (0)   18 :  0.967 0.009 0.003 0.005 0.009 0.009 
505  ZFSW115    (0)   18 :  0.849 0.120 0.002 0.005 0.009 0.016 
506  ZFSW116    (0)   18 :  0.933 0.015 0.008 0.008 0.009 0.026 
507  ZFSW117    (0)   18 :  0.908 0.016 0.006 0.016 0.009 0.046 
508  ZFSW119    (0)   18 :  0.963 0.012 0.003 0.003 0.016 0.004 
509  ZFSW120    (0)   18 :  0.966 0.022 0.003 0.002 0.005 0.002 
510  ZFSW121    (0)   18 :  0.844 0.069 0.005 0.008 0.033 0.040 
511  ZFSW122    (0)   18 :  0.970 0.005 0.003 0.008 0.006 0.009 
512  ZFSW123    (0)   18 :  0.982 0.004 0.004 0.003 0.004 0.003 
513  ZFSW124    (0)   18 :  0.973 0.007 0.003 0.003 0.009 0.004 
514  ZFSW201    (0)   19 :  0.974 0.007 0.006 0.004 0.006 0.003 
515  ZFSW202    (0)   19 :  0.975 0.006 0.005 0.003 0.007 0.004 
516  ZFSW203    (0)   19 :  0.973 0.007 0.004 0.003 0.009 0.003 
517  ZFSW204    (0)   19 :  0.967 0.009 0.005 0.005 0.011 0.004 
518  ZFSW205    (0)   19 :  0.973 0.007 0.003 0.008 0.005 0.004 
519  ZFSW206    (0)   19 :  0.964 0.018 0.003 0.005 0.005 0.004 
520  ZFSW207    (0)   19 :  0.971 0.006 0.003 0.008 0.005 0.007 
521  ZFSW208    (0)   19 :  0.966 0.015 0.004 0.005 0.006 0.005 
522  ZFSW209    (0)   19 :  0.870 0.110 0.004 0.005 0.005 0.006 
523  ZFSW210    (0)   19 :  0.942 0.009 0.003 0.023 0.007 0.015 
524  ZFSW211    (0)   19 :  0.930 0.041 0.004 0.013 0.007 0.006 
525  ZFSW212    (0)   19 :  0.970 0.008 0.003 0.007 0.007 0.005 
526  ZFSW213    (0)   19 :  0.974 0.006 0.003 0.004 0.008 0.005 
527  ZFSW214    (0)   19 :  0.967 0.008 0.002 0.005 0.012 0.006 
528  ZFSW215    (0)   19 :  0.977 0.005 0.003 0.003 0.008 0.004 
529  ZFSW216    (0)   19 :  0.961 0.013 0.003 0.011 0.007 0.006 
530  ZFSW217    (0)   19 :  0.974 0.006 0.004 0.004 0.009 0.004 
531  ZFSW218    (0)   19 :  0.972 0.007 0.002 0.006 0.007 0.005 
532  ZFSW219    (0)   19 :  0.936 0.030 0.004 0.009 0.014 0.006 
533  ZFSW220    (0)   19 :  0.964 0.012 0.007 0.005 0.008 0.005 
534  ZFSW221    (0)   19 :  0.954 0.021 0.003 0.009 0.007 0.005 
535  ZFSW222    (0)   19 :  0.981 0.006 0.003 0.003 0.004 0.003 
536  ZFSW223    (0)   19 :  0.960 0.015 0.008 0.003 0.008 0.005 
537  ZFSW224    (0)   19 :  0.958 0.018 0.003 0.007 0.008 0.006 
538  ZFSW225    (0)   19 :  0.969 0.010 0.004 0.008 0.005 0.004 
539  ZFSW226    (0)   19 :  0.976 0.005 0.005 0.004 0.005 0.005 
540  ZFSW227    (0)   19 :  0.974 0.007 0.003 0.006 0.006 0.004 
541  ZFSW229    (0)   19 :  0.969 0.012 0.003 0.007 0.005 0.004 
542  ZFSW230    (0)   19 :  0.966 0.006 0.004 0.007 0.008 0.010 
543  ZFSW231    (0)   19 :  0.964 0.016 0.004 0.006 0.005 0.005 
544  ZFSW232    (0)   19 :  0.975 0.009 0.004 0.004 0.004 0.004 
545  ZFSW233    (0)   19 :  0.959 0.019 0.005 0.005 0.006 0.006 
546  ZFSW234    (0)   19 :  0.980 0.005 0.004 0.003 0.005 0.003 
547  ZFSW235    (0)   19 :  0.965 0.010 0.004 0.006 0.010 0.005 
548  ZFSW236    (0)   19 :  0.975 0.006 0.002 0.004 0.008 0.004 
549  ZFSW237    (0)   19 :  0.962 0.014 0.003 0.004 0.012 0.004 
550  ZFSW238    (0)   19 :  0.737 0.123 0.010 0.011 0.088 0.030 
551  ZFSW239    (0)   19 :  0.975 0.004 0.004 0.005 0.005 0.006 
552  ZFSW240    (0)   19 :  0.977 0.007 0.003 0.005 0.005 0.003 
553   ZFTS01    (0)   20 :  0.953 0.012 0.023 0.004 0.004 0.005 
554   ZFTS02    (0)   20 :  0.967 0.007 0.005 0.005 0.007 0.008 
555   ZFTS03    (0)   20 :  0.974 0.006 0.006 0.003 0.006 0.004 
556   ZFTS04    (0)   20 :  0.948 0.012 0.028 0.003 0.006 0.004 
