

----------------------------------------------------
STRUCTURE by Pritchard, Stephens and Donnelly (2000)
     and Falush, Stephens and Pritchard (2003)
       Code by Pritchard, Falush and Hubisz
             Version 2.3.4 (Jul 2012)
----------------------------------------------------



Command line arguments:   bin\structure -m C:\Users\eschumacher\Documents\GitHub\GCC_QUAC_ZAIN\Data_Files\Structure_Files\ZAIN\ZAIN_rebinned_wild\50-50\mainparams -e C:\Users\eschumacher\Documents\GitHub\GCC_QUAC_ZAIN\Data_Files\Structure_Files\ZAIN\ZAIN_rebinned_wild\50-50\extraparams 
Input File:    C:\Users\eschumacher\Documents\GitHub\GCC_QUAC_ZAIN\Data_Files\Structure_Files\ZAIN\ZAIN_rebinned_wild\project_data

Run parameters:
   751 individuals
   11 loci
   12 populations assumed
   50000 Burn-in period
   50000 Reps


--------------------------------------------
Proportion of membership of each pre-defined
 population in each of the 12 clusters

Given    Inferred Clusters                                                                      Number of
 Pop       1      2      3      4      5      6      7      8      9     10     11     12      Individuals

  1:     0.891  0.020  0.010  0.005  0.008  0.020  0.006  0.014  0.005  0.004  0.006  0.011       35
  2:     0.006  0.005  0.008  0.021  0.019  0.009  0.666  0.006  0.017  0.013  0.225  0.005       36
  3:     0.004  0.005  0.014  0.027  0.009  0.006  0.770  0.006  0.008  0.020  0.125  0.005       33
  4:     0.006  0.017  0.007  0.009  0.035  0.008  0.013  0.006  0.873  0.009  0.008  0.010       40
  5:     0.004  0.003  0.006  0.009  0.006  0.004  0.007  0.005  0.006  0.911  0.036  0.004       39
  6:     0.042  0.028  0.055  0.013  0.013  0.645  0.033  0.103  0.019  0.014  0.019  0.017       40
  7:     0.021  0.058  0.047  0.022  0.051  0.075  0.010  0.618  0.021  0.011  0.010  0.054       37
  8:     0.006  0.003  0.006  0.018  0.006  0.005  0.754  0.003  0.006  0.012  0.176  0.005       40
  9:     0.819  0.007  0.006  0.003  0.040  0.011  0.005  0.007  0.005  0.012  0.006  0.079       28
 10:     0.005  0.006  0.005  0.006  0.926  0.004  0.007  0.004  0.021  0.005  0.007  0.005       14
 11:     0.009  0.830  0.007  0.004  0.018  0.006  0.007  0.047  0.006  0.039  0.012  0.015       13
 12:     0.004  0.002  0.006  0.008  0.006  0.004  0.015  0.004  0.021  0.027  0.895  0.007       14
 13:     0.004  0.008  0.006  0.038  0.013  0.005  0.838  0.008  0.009  0.011  0.052  0.006       25
 14:     0.005  0.005  0.006  0.925  0.005  0.006  0.015  0.005  0.008  0.006  0.009  0.005       40
 15:     0.023  0.008  0.018  0.008  0.026  0.021  0.021  0.010  0.788  0.018  0.052  0.008       32
 16:     0.003  0.955  0.003  0.004  0.005  0.003  0.004  0.006  0.004  0.004  0.004  0.003       20
 17:     0.485  0.006  0.157  0.005  0.013  0.245  0.010  0.038  0.008  0.005  0.009  0.019        4
 18:     0.145  0.013  0.009  0.008  0.010  0.496  0.023  0.007  0.009  0.005  0.009  0.264       23
 19:     0.014  0.006  0.007  0.004  0.006  0.009  0.005  0.008  0.006  0.004  0.005  0.926       39
 20:     0.052  0.822  0.011  0.004  0.020  0.015  0.006  0.011  0.005  0.004  0.005  0.044       38
 21:     0.004  0.004  0.011  0.051  0.007  0.005  0.038  0.006  0.009  0.116  0.744  0.004       45
 22:     0.005  0.011  0.007  0.025  0.024  0.006  0.296  0.013  0.012  0.115  0.481  0.005       28
 23:     0.350  0.008  0.007  0.006  0.005  0.048  0.006  0.025  0.008  0.008  0.006  0.524        6
 24:     0.014  0.006  0.868  0.014  0.009  0.016  0.007  0.018  0.006  0.011  0.013  0.019       40
 25:     0.017  0.044  0.018  0.011  0.018  0.033  0.008  0.802  0.009  0.010  0.021  0.010       42
--------------------------------------------

Allele-freq. divergence among pops (Net nucleotide distance),
computed using point estimates of P.

      1       2       3       4       5       6       7       8       9      10      11      12      
 1      -    0.1811  0.2235  0.3701  0.2570  0.0952  0.2499  0.1318  0.2156  0.2948  0.2520  0.0982  
 2   0.1811     -    0.2600  0.3576  0.2312  0.1500  0.2918  0.1090  0.2613  0.3682  0.2882  0.2241  
 3   0.2235  0.2600     -    0.1876  0.1870  0.1187  0.1769  0.1163  0.1849  0.2494  0.1327  0.2049  
 4   0.3701  0.3576  0.1876     -    0.2825  0.1975  0.1129  0.2780  0.2032  0.2928  0.1247  0.3885  
 5   0.2570  0.2312  0.1870  0.2825     -    0.1817  0.2063  0.1583  0.1959  0.2462  0.1922  0.2803  
 6   0.0952  0.1500  0.1187  0.1975  0.1817     -    0.1293  0.0700  0.1226  0.2535  0.1383  0.1146  
 7   0.2499  0.2918  0.1769  0.1129  0.2063  0.1293     -    0.2017  0.2074  0.2442  0.0494  0.2783  
 8   0.1318  0.1090  0.1163  0.2780  0.1583  0.0700  0.2017     -    0.1536  0.2006  0.1642  0.1227  
 9   0.2156  0.2613  0.1849  0.2032  0.1959  0.1226  0.2074  0.1536     -    0.1987  0.1711  0.1866  
10   0.2948  0.3682  0.2494  0.2928  0.2462  0.2535  0.2442  0.2006  0.1987     -    0.1395  0.3071  
11   0.2520  0.2882  0.1327  0.1247  0.1922  0.1383  0.0494  0.1642  0.1711  0.1395     -    0.2784  
12   0.0982  0.2241  0.2049  0.3885  0.2803  0.1146  0.2783  0.1227  0.1866  0.3071  0.2784     -    

Average distances (expected heterozygosity) between individuals in same cluster:
cluster  1  : 0.4695 
cluster  2  : 0.4148 
cluster  3  : 0.3870 
cluster  4  : 0.3621 
cluster  5  : 0.2408 
cluster  6  : 0.6092 
cluster  7  : 0.4040 
cluster  8  : 0.5344 
cluster  9  : 0.3990 
cluster 10  : 0.2283 
cluster 11  : 0.4290 
cluster 12  : 0.3117 

--------------------------------------------
Estimated Ln Prob of Data   = -13383.2
Mean value of ln likelihood = -12969.0
Variance of ln likelihood   = 828.6
Mean value of alpha         = 0.0318

Mean value of Fst_1         = 0.4449
Mean value of Fst_2         = 0.4218
Mean value of Fst_3         = 0.4227
Mean value of Fst_4         = 0.4556
Mean value of Fst_5         = 0.6437
Mean value of Fst_6         = 0.1302
Mean value of Fst_7         = 0.3893
Mean value of Fst_8         = 0.1405
Mean value of Fst_9         = 0.4068
Mean value of Fst_10         = 0.6713
Mean value of Fst_11         = 0.4357
Mean value of Fst_12         = 0.5038


Inferred ancestry of individuals:
        Label (%Miss) Pop:  Inferred clusters
  1    ZFB01    (0)    1 :  0.956 0.005 0.003 0.003 0.002 0.004 0.004 0.003 0.004 0.003 0.003 0.010 
  2    ZFB02    (0)    1 :  0.886 0.036 0.005 0.003 0.007 0.024 0.003 0.007 0.010 0.002 0.003 0.013 
  3    ZFB03    (0)    1 :  0.872 0.004 0.010 0.003 0.005 0.017 0.010 0.017 0.007 0.020 0.014 0.021 
  4    ZFB04    (0)    1 :  0.930 0.024 0.004 0.002 0.008 0.008 0.004 0.005 0.005 0.002 0.003 0.007 
  5    ZFB05    (0)    1 :  0.734 0.112 0.029 0.010 0.038 0.009 0.003 0.034 0.008 0.008 0.004 0.010 
  6    ZFB06    (0)    1 :  0.804 0.065 0.021 0.011 0.022 0.008 0.003 0.038 0.007 0.009 0.005 0.009 
  7    ZFB07    (9)    1 :  0.809 0.007 0.013 0.006 0.006 0.013 0.005 0.048 0.004 0.005 0.005 0.079 
  8    ZFB08    (0)    1 :  0.884 0.005 0.024 0.008 0.010 0.011 0.009 0.006 0.006 0.005 0.008 0.025 
  9    ZFB09    (0)    1 :  0.958 0.004 0.004 0.002 0.003 0.006 0.003 0.004 0.004 0.003 0.003 0.008 
 10    ZFB10    (0)    1 :  0.924 0.006 0.005 0.007 0.006 0.013 0.017 0.004 0.005 0.002 0.008 0.004 
 11    ZFB11    (0)    1 :  0.956 0.008 0.003 0.002 0.004 0.006 0.005 0.003 0.004 0.002 0.003 0.004 
 12    ZFB12    (0)    1 :  0.896 0.023 0.025 0.003 0.003 0.013 0.006 0.012 0.004 0.004 0.006 0.005 
 13    ZFB13    (0)    1 :  0.884 0.007 0.012 0.008 0.014 0.035 0.011 0.006 0.004 0.004 0.009 0.007 
 14    ZFB14    (0)    1 :  0.952 0.003 0.004 0.003 0.005 0.009 0.004 0.003 0.004 0.003 0.003 0.006 
 15    ZFB15    (0)    1 :  0.962 0.007 0.003 0.002 0.003 0.004 0.002 0.003 0.003 0.002 0.002 0.007 
 16    ZFB16    (0)    1 :  0.926 0.009 0.008 0.005 0.012 0.011 0.007 0.005 0.003 0.003 0.006 0.005 
 17    ZFB17    (0)    1 :  0.853 0.018 0.025 0.009 0.029 0.018 0.007 0.009 0.013 0.002 0.009 0.007 
 18    ZFB18    (0)    1 :  0.962 0.003 0.003 0.002 0.003 0.007 0.003 0.003 0.004 0.002 0.002 0.005 
 19    ZFB19    (0)    1 :  0.464 0.008 0.034 0.008 0.006 0.343 0.033 0.035 0.004 0.007 0.025 0.033 
 20    ZFB20    (0)    1 :  0.900 0.026 0.008 0.004 0.021 0.013 0.006 0.006 0.003 0.003 0.005 0.005 
 21    ZFB21    (0)    1 :  0.958 0.006 0.003 0.002 0.004 0.004 0.002 0.005 0.003 0.003 0.002 0.007 
 22    ZFB22    (0)    1 :  0.888 0.040 0.010 0.009 0.005 0.010 0.007 0.007 0.007 0.002 0.009 0.006 
 23    ZFB23    (0)    1 :  0.955 0.010 0.003 0.002 0.005 0.005 0.004 0.003 0.003 0.003 0.003 0.003 
 24    ZFB24    (0)    1 :  0.949 0.015 0.003 0.002 0.005 0.004 0.004 0.004 0.003 0.003 0.003 0.005 
 25    ZFB25    (0)    1 :  0.957 0.004 0.003 0.003 0.003 0.004 0.009 0.003 0.004 0.003 0.005 0.004 
 26    ZFB26    (0)    1 :  0.935 0.020 0.003 0.003 0.009 0.003 0.008 0.004 0.004 0.003 0.005 0.004 
 27    ZFB27    (0)    1 :  0.947 0.020 0.002 0.002 0.003 0.004 0.004 0.004 0.004 0.002 0.003 0.004 
 28    ZFB28    (0)    1 :  0.820 0.074 0.013 0.003 0.011 0.019 0.006 0.031 0.009 0.004 0.006 0.004 
 29    ZFB29    (0)    1 :  0.953 0.008 0.003 0.002 0.007 0.006 0.003 0.004 0.005 0.002 0.002 0.005 
 30    ZFB30    (0)    1 :  0.717 0.059 0.019 0.016 0.005 0.008 0.004 0.134 0.003 0.007 0.005 0.024 
 31    ZFB31    (0)    1 :  0.943 0.005 0.003 0.004 0.003 0.011 0.009 0.004 0.004 0.003 0.005 0.005 
 32    ZFB32    (0)    1 :  0.792 0.045 0.036 0.004 0.018 0.021 0.011 0.028 0.022 0.006 0.009 0.007 
 33    ZFB33    (0)    1 :  0.963 0.007 0.003 0.002 0.003 0.004 0.003 0.003 0.002 0.002 0.002 0.006 
 34    ZFB34    (0)    1 :  0.944 0.004 0.004 0.003 0.003 0.007 0.003 0.004 0.006 0.003 0.003 0.016 
 35    ZFB35    (0)    1 :  0.942 0.007 0.004 0.003 0.005 0.004 0.004 0.004 0.005 0.004 0.004 0.014 
 36  ZFBP101    (0)    2 :  0.010 0.007 0.011 0.040 0.073 0.014 0.190 0.007 0.043 0.014 0.586 0.005 
 37  ZFBP102    (0)    2 :  0.015 0.009 0.008 0.014 0.035 0.015 0.348 0.011 0.009 0.004 0.525 0.006 
 38  ZFBP103    (0)    2 :  0.008 0.006 0.007 0.011 0.043 0.012 0.059 0.007 0.073 0.018 0.753 0.004 
 39  ZFBP104    (0)    2 :  0.017 0.006 0.030 0.007 0.005 0.017 0.256 0.012 0.003 0.007 0.617 0.023 
 40  ZFBP105    (0)    2 :  0.006 0.004 0.008 0.005 0.007 0.007 0.705 0.006 0.005 0.011 0.232 0.005 
 41  ZFBP106    (0)    2 :  0.003 0.003 0.005 0.011 0.012 0.004 0.785 0.004 0.006 0.015 0.149 0.004 
 42  ZFBP107    (0)    2 :  0.009 0.017 0.007 0.005 0.037 0.006 0.466 0.015 0.006 0.016 0.412 0.005 
 43  ZFBP108    (0)    2 :  0.003 0.003 0.003 0.004 0.004 0.003 0.957 0.003 0.003 0.006 0.009 0.003 
 44  ZFBP109    (0)    2 :  0.003 0.002 0.004 0.005 0.005 0.008 0.936 0.005 0.003 0.005 0.020 0.005 
 45  ZFBP110    (0)    2 :  0.042 0.005 0.010 0.005 0.031 0.076 0.229 0.019 0.019 0.066 0.489 0.008 
 46  ZFBP111    (0)    2 :  0.003 0.003 0.011 0.094 0.005 0.003 0.280 0.004 0.004 0.009 0.582 0.003 
 47  ZFBP112    (0)    2 :  0.003 0.005 0.007 0.050 0.017 0.008 0.851 0.004 0.015 0.013 0.023 0.004 
 48  ZFBP113    (0)    2 :  0.003 0.003 0.006 0.004 0.004 0.005 0.948 0.004 0.003 0.003 0.013 0.004 
 49  ZFBP114    (0)    2 :  0.003 0.007 0.003 0.010 0.021 0.004 0.744 0.010 0.005 0.005 0.184 0.004 
 50  ZFBP115    (0)    2 :  0.002 0.003 0.008 0.010 0.007 0.003 0.074 0.004 0.007 0.014 0.864 0.002 
 51  ZFBP116    (0)    2 :  0.003 0.004 0.008 0.005 0.005 0.004 0.919 0.005 0.004 0.005 0.035 0.003 
 52  ZFBP117    (0)    2 :  0.003 0.002 0.004 0.006 0.005 0.005 0.938 0.003 0.008 0.006 0.016 0.003 
 53  ZFBP118    (0)    2 :  0.003 0.007 0.003 0.014 0.016 0.003 0.856 0.010 0.004 0.004 0.077 0.003 
 54  ZFBP119    (0)    2 :  0.003 0.002 0.015 0.016 0.014 0.006 0.503 0.005 0.031 0.019 0.381 0.004 
 55  ZFBP120    (0)    2 :  0.006 0.005 0.008 0.005 0.005 0.005 0.684 0.006 0.003 0.012 0.255 0.005 
 56  ZFBP121    (0)    2 :  0.005 0.003 0.005 0.005 0.007 0.006 0.908 0.005 0.007 0.008 0.037 0.005 
 57  ZFBP122    (9)    2 :  0.003 0.003 0.008 0.012 0.006 0.004 0.844 0.004 0.005 0.006 0.102 0.004 
 58  ZFBP123    (0)    2 :  0.003 0.005 0.009 0.015 0.035 0.005 0.891 0.004 0.008 0.005 0.015 0.004 
 59  ZFBP124    (0)    2 :  0.004 0.003 0.004 0.004 0.006 0.004 0.939 0.003 0.004 0.005 0.016 0.007 
 60  ZFBP125    (0)    2 :  0.002 0.002 0.004 0.013 0.005 0.003 0.924 0.003 0.006 0.009 0.026 0.002 
 61  ZFBP126    (0)    2 :  0.010 0.010 0.016 0.007 0.021 0.031 0.740 0.013 0.017 0.003 0.127 0.005 
 62  ZFBP127    (0)    2 :  0.003 0.003 0.003 0.005 0.006 0.004 0.683 0.005 0.020 0.088 0.178 0.004 
 63  ZFBP128    (0)    2 :  0.004 0.002 0.004 0.034 0.007 0.005 0.875 0.002 0.017 0.016 0.031 0.004 
 64  ZFBP129    (0)    2 :  0.004 0.003 0.005 0.125 0.008 0.007 0.816 0.005 0.008 0.007 0.006 0.006 
 65  ZFBP130    (0)    2 :  0.002 0.003 0.009 0.065 0.008 0.004 0.821 0.003 0.026 0.013 0.043 0.002 
 66  ZFBP131    (0)    2 :  0.003 0.003 0.005 0.005 0.003 0.004 0.957 0.003 0.003 0.003 0.006 0.004 
 67  ZFBP132    (0)    2 :  0.004 0.003 0.003 0.004 0.004 0.004 0.944 0.003 0.004 0.013 0.013 0.003 
 68  ZFBP133    (0)    2 :  0.002 0.002 0.005 0.075 0.003 0.005 0.884 0.002 0.009 0.003 0.007 0.003 
 69  ZFBP134    (0)    2 :  0.003 0.003 0.011 0.012 0.003 0.004 0.048 0.003 0.015 0.005 0.890 0.004 
 70  ZFBP135    (0)    2 :  0.015 0.004 0.006 0.019 0.059 0.033 0.484 0.006 0.172 0.017 0.177 0.006 
 71  ZFBP136    (0)    2 :  0.003 0.007 0.008 0.038 0.161 0.006 0.494 0.004 0.043 0.015 0.217 0.003 
 72  ZFBP201    (0)    3 :  0.005 0.005 0.007 0.004 0.005 0.007 0.927 0.005 0.004 0.011 0.015 0.004 
 73  ZFBP202    (0)    3 :  0.005 0.003 0.005 0.006 0.005 0.005 0.916 0.004 0.004 0.010 0.031 0.006 
 74  ZFBP203    (0)    3 :  0.005 0.041 0.027 0.016 0.008 0.011 0.828 0.026 0.005 0.005 0.022 0.006 
 75  ZFBP204    (0)    3 :  0.004 0.004 0.011 0.017 0.037 0.006 0.661 0.005 0.012 0.016 0.223 0.004 
 76  ZFBP205    (0)    3 :  0.002 0.004 0.005 0.009 0.010 0.004 0.942 0.003 0.007 0.003 0.007 0.003 
 77  ZFBP206    (0)    3 :  0.003 0.006 0.012 0.023 0.025 0.005 0.898 0.004 0.007 0.004 0.007 0.006 
 78  ZFBP207    (0)    3 :  0.004 0.003 0.004 0.008 0.007 0.005 0.597 0.004 0.013 0.081 0.270 0.004 
 79  ZFBP208    (0)    3 :  0.003 0.010 0.016 0.009 0.016 0.005 0.913 0.006 0.005 0.003 0.010 0.004 
 80  ZFBP209    (0)    3 :  0.002 0.002 0.004 0.056 0.003 0.004 0.905 0.002 0.008 0.003 0.007 0.003 
 81  ZFBP210    (0)    3 :  0.005 0.008 0.011 0.012 0.006 0.006 0.908 0.005 0.005 0.011 0.019 0.005 
 82  ZFBP211    (0)    3 :  0.005 0.003 0.005 0.004 0.008 0.004 0.936 0.004 0.004 0.009 0.012 0.006 
 83  ZFBP212    (0)    3 :  0.008 0.003 0.003 0.005 0.003 0.003 0.695 0.003 0.003 0.036 0.233 0.004 
 84  ZFBP213    (0)    3 :  0.005 0.004 0.010 0.015 0.024 0.007 0.887 0.005 0.010 0.011 0.009 0.014 
 85  ZFBP214    (0)    3 :  0.007 0.004 0.047 0.103 0.018 0.020 0.673 0.008 0.039 0.035 0.029 0.017 
 86  ZFBP215    (0)    3 :  0.003 0.002 0.004 0.006 0.005 0.004 0.945 0.003 0.005 0.006 0.013 0.004 
 87  ZFBP216    (0)    3 :  0.004 0.006 0.029 0.005 0.006 0.008 0.765 0.009 0.004 0.005 0.154 0.005 
 88  ZFBP217    (0)    3 :  0.008 0.004 0.025 0.183 0.004 0.007 0.603 0.007 0.007 0.041 0.106 0.006 
 89  ZFBP218    (0)    3 :  0.002 0.003 0.006 0.009 0.003 0.003 0.946 0.003 0.003 0.003 0.016 0.003 
 90  ZFBP219    (0)    3 :  0.003 0.004 0.006 0.004 0.003 0.004 0.952 0.004 0.003 0.003 0.011 0.003 
 91  ZFBP220    (0)    3 :  0.003 0.003 0.007 0.042 0.007 0.005 0.575 0.004 0.020 0.013 0.319 0.003 
 92  ZFBP221    (0)    3 :  0.004 0.003 0.005 0.008 0.002 0.004 0.435 0.003 0.003 0.007 0.522 0.004 
 93  ZFBP222    (0)    3 :  0.003 0.005 0.007 0.007 0.005 0.007 0.942 0.004 0.008 0.003 0.007 0.005 
 94  ZFBP223    (0)    3 :  0.008 0.004 0.005 0.009 0.009 0.007 0.594 0.006 0.008 0.197 0.147 0.005 
 95  ZFBP224    (0)    3 :  0.003 0.004 0.007 0.005 0.011 0.005 0.929 0.005 0.004 0.005 0.013 0.008 
 96  ZFBP225    (0)    3 :  0.003 0.008 0.017 0.226 0.011 0.008 0.208 0.008 0.013 0.019 0.477 0.003 
 97  ZFBP226    (0)    3 :  0.003 0.004 0.006 0.004 0.004 0.004 0.925 0.004 0.003 0.004 0.035 0.003 
 98  ZFBP227    (0)    3 :  0.010 0.007 0.122 0.006 0.010 0.018 0.395 0.032 0.005 0.009 0.368 0.016 
 99  ZFBP228    (0)    3 :  0.004 0.002 0.004 0.007 0.005 0.004 0.368 0.004 0.016 0.068 0.512 0.005 
100  ZFBP229    (0)    3 :  0.002 0.003 0.006 0.016 0.003 0.005 0.866 0.003 0.007 0.004 0.081 0.003 
101  ZFBP230    (0)    3 :  0.003 0.003 0.009 0.033 0.007 0.006 0.473 0.004 0.025 0.010 0.424 0.003 
102  ZFBP231    (0)    3 :  0.004 0.004 0.005 0.004 0.013 0.005 0.936 0.005 0.004 0.006 0.010 0.005 
103  ZFBP232    (0)    3 :  0.003 0.003 0.004 0.007 0.005 0.003 0.954 0.003 0.003 0.004 0.009 0.003 
104  ZFBP233    (0)    3 :  0.005 0.004 0.011 0.013 0.009 0.005 0.912 0.005 0.005 0.006 0.020 0.006 
105   ZFCC01    (0)    4 :  0.006 0.005 0.005 0.004 0.008 0.005 0.004 0.004 0.930 0.005 0.003 0.021 
106   ZFCC03    (0)    4 :  0.003 0.003 0.003 0.004 0.005 0.004 0.004 0.003 0.952 0.009 0.003 0.007 
107   ZFCC04    (0)    4 :  0.004 0.004 0.005 0.005 0.013 0.004 0.004 0.004 0.942 0.006 0.004 0.006 
108   ZFCC05    (0)    4 :  0.006 0.004 0.009 0.007 0.049 0.006 0.006 0.007 0.870 0.018 0.006 0.011 
109   ZFCC08    (0)    4 :  0.002 0.002 0.008 0.015 0.008 0.005 0.013 0.003 0.924 0.005 0.007 0.008 
110   ZFCC09    (0)    4 :  0.004 0.003 0.003 0.003 0.006 0.003 0.003 0.003 0.951 0.007 0.003 0.010 
111   ZFCC10    (0)    4 :  0.004 0.004 0.003 0.003 0.008 0.005 0.004 0.004 0.919 0.004 0.003 0.039 
112   ZFCC11    (0)    4 :  0.004 0.004 0.005 0.004 0.008 0.004 0.005 0.004 0.935 0.012 0.004 0.012 
113   ZFCC12    (0)    4 :  0.010 0.055 0.008 0.005 0.036 0.026 0.006 0.013 0.801 0.008 0.007 0.025 
114   ZFCC13    (0)    4 :  0.004 0.007 0.012 0.008 0.007 0.005 0.008 0.006 0.919 0.009 0.011 0.004 
115   ZFCC14    (0)    4 :  0.008 0.006 0.003 0.006 0.021 0.010 0.009 0.005 0.915 0.004 0.004 0.007 
116   ZFCC15    (0)    4 :  0.004 0.005 0.008 0.004 0.006 0.005 0.004 0.005 0.947 0.005 0.004 0.005 
117   ZFCC16    (0)    4 :  0.005 0.004 0.005 0.004 0.014 0.005 0.003 0.004 0.944 0.004 0.003 0.006 
118   ZFCC17    (0)    4 :  0.006 0.012 0.004 0.004 0.037 0.004 0.003 0.006 0.910 0.006 0.003 0.006 
119   ZFCC18    (0)    4 :  0.003 0.004 0.005 0.006 0.009 0.005 0.004 0.004 0.937 0.009 0.004 0.010 
120   ZFCC19    (0)    4 :  0.005 0.008 0.007 0.003 0.010 0.005 0.003 0.006 0.944 0.003 0.003 0.004 
121   ZFCC20    (0)    4 :  0.004 0.004 0.007 0.005 0.012 0.004 0.003 0.004 0.941 0.007 0.005 0.004 
122   ZFCC21    (0)    4 :  0.005 0.006 0.041 0.036 0.013 0.041 0.039 0.005 0.789 0.003 0.016 0.006 
123   ZFCC22    (0)    4 :  0.003 0.005 0.010 0.047 0.011 0.005 0.192 0.003 0.627 0.006 0.074 0.015 
124   ZFCC26    (0)    4 :  0.004 0.004 0.004 0.004 0.009 0.005 0.003 0.004 0.951 0.004 0.003 0.005 
125   ZFCC27    (0)    4 :  0.003 0.003 0.003 0.003 0.006 0.003 0.003 0.003 0.958 0.007 0.003 0.004 
126   ZFCC29    (0)    4 :  0.008 0.005 0.010 0.005 0.019 0.006 0.004 0.004 0.923 0.005 0.005 0.006 
127   ZFCC30    (0)    4 :  0.003 0.003 0.004 0.005 0.007 0.003 0.003 0.003 0.949 0.012 0.004 0.004 
128   ZFCC32    (0)    4 :  0.004 0.008 0.013 0.006 0.011 0.004 0.004 0.006 0.924 0.006 0.006 0.009 
129   ZFCC33    (0)    4 :  0.010 0.004 0.005 0.004 0.331 0.008 0.004 0.008 0.607 0.007 0.004 0.008 
130   ZFCC34    (0)    4 :  0.025 0.020 0.007 0.020 0.048 0.009 0.071 0.006 0.664 0.065 0.046 0.019 
131   ZFCC35    (0)    4 :  0.002 0.003 0.004 0.004 0.007 0.002 0.003 0.003 0.960 0.003 0.004 0.004 
132   ZFCC36    (0)    4 :  0.004 0.013 0.018 0.010 0.011 0.005 0.007 0.005 0.911 0.004 0.007 0.004 
133   ZFCC37    (0)    4 :  0.008 0.043 0.010 0.006 0.028 0.035 0.009 0.014 0.801 0.008 0.008 0.031 
134   ZFCC40    (0)    4 :  0.004 0.009 0.003 0.003 0.014 0.005 0.005 0.004 0.937 0.003 0.003 0.008 
135   ZFCC42    (0)    4 :  0.028 0.344 0.004 0.006 0.464 0.013 0.005 0.020 0.055 0.047 0.008 0.006 
136   ZFCC44    (0)    4 :  0.003 0.005 0.002 0.003 0.014 0.003 0.003 0.004 0.947 0.010 0.003 0.003 
137   ZFCC45    (9)    4 :  0.008 0.018 0.007 0.004 0.047 0.009 0.005 0.021 0.849 0.009 0.005 0.019 
138   ZFCC46    (0)    4 :  0.003 0.004 0.007 0.033 0.015 0.005 0.011 0.003 0.889 0.010 0.017 0.003 
139   ZFCC47    (0)    4 :  0.006 0.028 0.005 0.007 0.008 0.008 0.005 0.005 0.892 0.005 0.005 0.027 
140   ZFCC48    (0)    4 :  0.004 0.004 0.010 0.036 0.016 0.017 0.028 0.003 0.860 0.004 0.012 0.005 
141   ZFCC50    (0)    4 :  0.004 0.005 0.004 0.003 0.009 0.003 0.003 0.004 0.954 0.003 0.003 0.005 
142   ZFCC51    (0)    4 :  0.004 0.003 0.003 0.003 0.004 0.003 0.003 0.003 0.956 0.009 0.003 0.005 
143   ZFCC52    (0)    4 :  0.004 0.007 0.008 0.014 0.037 0.005 0.014 0.004 0.888 0.005 0.010 0.004 
144   ZFCC53    (0)    4 :  0.004 0.003 0.003 0.003 0.005 0.003 0.003 0.003 0.961 0.006 0.003 0.004 
145  ZFCNS01    (0)    5 :  0.002 0.020 0.055 0.003 0.003 0.007 0.005 0.037 0.007 0.828 0.030 0.003 
146  ZFCNS02    (0)    5 :  0.002 0.002 0.003 0.004 0.003 0.002 0.003 0.003 0.005 0.965 0.004 0.003 
147  ZFCNS05    (0)    5 :  0.005 0.003 0.006 0.005 0.005 0.003 0.006 0.003 0.008 0.944 0.008 0.005 
148  ZFCNS06    (0)    5 :  0.003 0.002 0.003 0.004 0.003 0.002 0.004 0.003 0.005 0.964 0.004 0.003 
149  ZFCNS07    (0)    5 :  0.003 0.002 0.003 0.009 0.003 0.003 0.006 0.003 0.003 0.955 0.006 0.003 
150  ZFCNS10    (0)    5 :  0.003 0.003 0.003 0.005 0.003 0.002 0.007 0.003 0.004 0.949 0.014 0.002 
151  ZFCNS11    (0)    5 :  0.003 0.011 0.024 0.004 0.003 0.006 0.006 0.015 0.007 0.903 0.015 0.003 
152  ZFCNS15    (0)    5 :  0.004 0.003 0.004 0.007 0.006 0.004 0.015 0.003 0.003 0.902 0.047 0.003 
153  ZFCNS17    (0)    5 :  0.003 0.002 0.003 0.004 0.004 0.002 0.004 0.003 0.005 0.964 0.004 0.003 
154  ZFCNS18    (0)    5 :  0.003 0.003 0.003 0.004 0.003 0.002 0.007 0.003 0.005 0.951 0.014 0.003 
155  ZFCNS19    (0)    5 :  0.003 0.002 0.003 0.003 0.003 0.002 0.003 0.003 0.004 0.966 0.004 0.003 
156  ZFCNS20    (0)    5 :  0.003 0.003 0.004 0.013 0.007 0.004 0.012 0.003 0.005 0.929 0.013 0.003 
157  ZFCNS21    (0)    5 :  0.002 0.002 0.003 0.002 0.003 0.002 0.003 0.003 0.004 0.966 0.006 0.003 
158  ZFCNS22    (0)    5 :  0.005 0.002 0.005 0.005 0.006 0.004 0.011 0.004 0.005 0.934 0.015 0.005 
159  ZFCNS23    (0)    5 :  0.004 0.011 0.011 0.012 0.025 0.005 0.006 0.008 0.014 0.893 0.005 0.006 
160  ZFCNS24    (0)    5 :  0.002 0.002 0.004 0.006 0.008 0.003 0.005 0.003 0.007 0.949 0.007 0.003 
161  ZFCNS25    (0)    5 :  0.003 0.003 0.004 0.009 0.008 0.003 0.010 0.003 0.005 0.939 0.011 0.003 
162  ZFCNS26    (0)    5 :  0.003 0.002 0.003 0.004 0.003 0.002 0.004 0.003 0.003 0.963 0.007 0.003 
163  ZFCNS27    (0)    5 :  0.003 0.002 0.004 0.008 0.006 0.004 0.019 0.003 0.003 0.892 0.052 0.003 
164  ZFCNS28    (0)    5 :  0.004 0.002 0.003 0.004 0.003 0.002 0.003 0.003 0.004 0.964 0.005 0.003 
165  ZFCNS29    (0)    5 :  0.004 0.003 0.004 0.005 0.007 0.003 0.007 0.003 0.008 0.944 0.007 0.004 
166  ZFCNS30    (0)    5 :  0.004 0.002 0.004 0.003 0.005 0.003 0.005 0.003 0.006 0.952 0.007 0.005 
167  ZFCNS31    (0)    5 :  0.003 0.002 0.003 0.004 0.003 0.003 0.004 0.003 0.003 0.965 0.005 0.003 
168  ZFCNS32    (0)    5 :  0.003 0.003 0.005 0.007 0.006 0.003 0.006 0.003 0.004 0.947 0.010 0.003 
169  ZFCNS33    (0)    5 :  0.003 0.002 0.003 0.004 0.003 0.002 0.003 0.002 0.003 0.966 0.005 0.003 
170  ZFCNS34    (0)    5 :  0.004 0.002 0.005 0.004 0.006 0.003 0.005 0.003 0.010 0.947 0.005 0.005 
171  ZFCNS35    (0)    5 :  0.023 0.003 0.004 0.004 0.003 0.012 0.013 0.003 0.007 0.891 0.028 0.010 
172  ZFCNS36    (0)    5 :  0.002 0.003 0.004 0.008 0.008 0.003 0.006 0.003 0.009 0.945 0.007 0.003 
173  ZFCNS37    (0)    5 :  0.004 0.002 0.005 0.008 0.006 0.004 0.006 0.010 0.004 0.829 0.118 0.004 
174  ZFCNS39    (0)    5 :  0.002 0.003 0.015 0.021 0.006 0.005 0.007 0.006 0.017 0.890 0.025 0.003 
175  ZFCNS40    (0)    5 :  0.002 0.003 0.010 0.120 0.013 0.004 0.008 0.006 0.030 0.676 0.125 0.003 
176  ZFCNS41    (0)    5 :  0.006 0.004 0.010 0.005 0.013 0.010 0.015 0.009 0.016 0.262 0.644 0.005 
177  ZFCNS42    (0)    5 :  0.003 0.002 0.003 0.003 0.003 0.002 0.004 0.003 0.003 0.964 0.006 0.003 
178  ZFCNS43    (0)    5 :  0.003 0.002 0.003 0.003 0.003 0.002 0.003 0.003 0.004 0.968 0.004 0.003 
179  ZFCNS44    (0)    5 :  0.003 0.003 0.003 0.003 0.004 0.002 0.007 0.003 0.005 0.951 0.013 0.003 
180  ZFCNS46    (0)    5 :  0.003 0.002 0.005 0.004 0.005 0.004 0.005 0.004 0.005 0.948 0.011 0.004 
181  ZFCNS47    (0)    5 :  0.003 0.002 0.003 0.003 0.003 0.002 0.003 0.002 0.004 0.968 0.004 0.003 
182  ZFCNS48    (0)    5 :  0.004 0.003 0.005 0.005 0.005 0.003 0.012 0.004 0.007 0.910 0.038 0.004 
183  ZFCNS49    (0)    5 :  0.004 0.003 0.003 0.004 0.003 0.003 0.013 0.003 0.003 0.906 0.055 0.003 
184   ZFCR01    (0)    6 :  0.006 0.012 0.004 0.005 0.003 0.888 0.009 0.043 0.006 0.003 0.004 0.017 
185   ZFCR02    (0)    6 :  0.013 0.009 0.005 0.008 0.011 0.898 0.011 0.010 0.020 0.005 0.005 0.004 
186   ZFCR03    (0)    6 :  0.017 0.054 0.013 0.007 0.059 0.792 0.014 0.012 0.014 0.003 0.005 0.009 
187   ZFCR04    (0)    6 :  0.177 0.026 0.013 0.020 0.005 0.562 0.014 0.055 0.015 0.010 0.025 0.077 
188   ZFCR05    (0)    6 :  0.010 0.007 0.011 0.004 0.004 0.912 0.004 0.016 0.012 0.002 0.003 0.016 
189   ZFCR06    (0)    6 :  0.019 0.004 0.005 0.011 0.006 0.799 0.022 0.015 0.013 0.065 0.030 0.012 
190   ZFCR07    (0)    6 :  0.052 0.011 0.129 0.004 0.056 0.419 0.010 0.186 0.014 0.066 0.042 0.012 
191   ZFCR08    (0)    6 :  0.022 0.047 0.007 0.039 0.033 0.157 0.023 0.474 0.088 0.005 0.014 0.090 
192   ZFCR09    (0)    6 :  0.081 0.286 0.019 0.016 0.019 0.378 0.068 0.027 0.024 0.014 0.053 0.013 
193   ZFCR11    (0)    6 :  0.019 0.009 0.018 0.002 0.004 0.844 0.014 0.023 0.007 0.010 0.035 0.016 
194   ZFCR12    (0)    6 :  0.007 0.003 0.016 0.013 0.009 0.754 0.010 0.008 0.009 0.113 0.053 0.005 
195   ZFCR13    (0)    6 :  0.039 0.003 0.234 0.006 0.007 0.214 0.114 0.351 0.009 0.007 0.012 0.006 
196   ZFCR14    (0)    6 :  0.014 0.005 0.028 0.012 0.005 0.880 0.007 0.015 0.009 0.006 0.008 0.011 
197   ZFCR15    (0)    6 :  0.037 0.008 0.017 0.033 0.009 0.773 0.019 0.054 0.012 0.005 0.015 0.018 
198   ZFCR16    (0)    6 :  0.019 0.004 0.010 0.017 0.004 0.884 0.014 0.026 0.008 0.003 0.006 0.007 
199   ZFCR18    (0)    6 :  0.289 0.004 0.007 0.006 0.032 0.610 0.008 0.013 0.012 0.006 0.006 0.008 
200   ZFCR19    (0)    6 :  0.022 0.030 0.008 0.033 0.006 0.848 0.013 0.005 0.010 0.006 0.014 0.006 
201   ZFCR20    (0)    6 :  0.024 0.012 0.037 0.006 0.030 0.806 0.026 0.016 0.006 0.005 0.009 0.024 
202   ZFCR21    (0)    6 :  0.003 0.003 0.024 0.010 0.007 0.913 0.004 0.011 0.011 0.003 0.005 0.004 
203   ZFCR22    (0)    6 :  0.007 0.005 0.050 0.013 0.006 0.888 0.006 0.008 0.005 0.003 0.007 0.002 
204   ZFCR23    (0)    6 :  0.011 0.034 0.051 0.006 0.004 0.709 0.048 0.086 0.003 0.005 0.039 0.004 
205   ZFCR24    (9)    6 :  0.097 0.021 0.101 0.007 0.011 0.105 0.511 0.091 0.008 0.004 0.013 0.031 
206   ZFCR25    (0)    6 :  0.008 0.005 0.011 0.003 0.006 0.930 0.004 0.010 0.005 0.003 0.005 0.010 
207   ZFCR26    (0)    6 :  0.004 0.037 0.179 0.012 0.006 0.704 0.010 0.012 0.013 0.004 0.009 0.009 
208   ZFCR27    (9)    6 :  0.014 0.012 0.034 0.003 0.003 0.482 0.003 0.415 0.005 0.003 0.003 0.023 
209   ZFCR28    (0)    6 :  0.004 0.005 0.006 0.050 0.009 0.690 0.061 0.108 0.010 0.030 0.021 0.005 
210   ZFCR29    (0)    6 :  0.008 0.005 0.015 0.004 0.004 0.940 0.004 0.004 0.004 0.002 0.004 0.006 
211   ZFCR30    (0)    6 :  0.007 0.007 0.043 0.008 0.008 0.876 0.006 0.011 0.006 0.010 0.011 0.007 
212   ZFCR31    (0)    6 :  0.167 0.050 0.029 0.018 0.026 0.486 0.067 0.020 0.012 0.047 0.062 0.014 
213   ZFCR33    (0)    6 :  0.007 0.042 0.033 0.013 0.010 0.060 0.012 0.696 0.048 0.007 0.017 0.056 
214   ZFCR34    (0)    6 :  0.176 0.016 0.274 0.009 0.004 0.373 0.018 0.056 0.023 0.010 0.034 0.005 
215   ZFCR35    (0)    6 :  0.115 0.019 0.006 0.004 0.004 0.807 0.006 0.011 0.010 0.004 0.006 0.009 
216   ZFCR36    (0)    6 :  0.040 0.015 0.019 0.004 0.006 0.860 0.006 0.010 0.006 0.017 0.009 0.007 
217   ZFCR37    (0)    6 :  0.059 0.039 0.584 0.003 0.014 0.049 0.004 0.119 0.059 0.004 0.004 0.062 
218   ZFCR38    (0)    6 :  0.007 0.026 0.036 0.013 0.013 0.255 0.007 0.537 0.043 0.007 0.009 0.047 
219   ZFCR39    (0)    6 :  0.020 0.179 0.008 0.039 0.044 0.237 0.063 0.288 0.089 0.003 0.019 0.010 
220   ZFCR40    (0)    6 :  0.010 0.030 0.012 0.004 0.006 0.743 0.009 0.133 0.023 0.005 0.014 0.011 
221   ZFCR41    (0)    6 :  0.006 0.003 0.017 0.025 0.006 0.766 0.008 0.013 0.027 0.014 0.111 0.007 
222   ZFCR42    (0)    6 :  0.007 0.017 0.083 0.019 0.019 0.632 0.020 0.097 0.050 0.018 0.029 0.009 
223   ZFCR43    (0)    6 :  0.025 0.004 0.010 0.004 0.004 0.876 0.040 0.010 0.004 0.006 0.006 0.011 
224  ZFENP25    (0)    7 :  0.005 0.005 0.007 0.012 0.006 0.045 0.011 0.835 0.024 0.003 0.005 0.043 
225  ZFENP26    (0)    7 :  0.006 0.008 0.004 0.003 0.004 0.007 0.002 0.950 0.004 0.002 0.004 0.006 
226  ZFENP27    (0)    7 :  0.014 0.044 0.006 0.014 0.046 0.267 0.014 0.285 0.183 0.074 0.029 0.025 
227  ZFENP28    (0)    7 :  0.009 0.014 0.010 0.005 0.005 0.025 0.004 0.876 0.011 0.010 0.004 0.027 
228  ZFENP29    (0)    7 :  0.004 0.005 0.008 0.004 0.007 0.029 0.004 0.914 0.010 0.004 0.005 0.005 
229  ZFENP30    (0)    7 :  0.008 0.015 0.013 0.007 0.100 0.011 0.005 0.787 0.031 0.010 0.005 0.008 
230  ZFENP31    (0)    7 :  0.015 0.376 0.006 0.004 0.363 0.012 0.006 0.178 0.014 0.006 0.004 0.016 
231  ZFENP32    (0)    7 :  0.227 0.222 0.012 0.006 0.119 0.097 0.018 0.213 0.015 0.028 0.024 0.019 
232  ZFENP33    (0)    7 :  0.013 0.012 0.044 0.003 0.042 0.017 0.007 0.811 0.005 0.005 0.007 0.033 
233  ZFENP34    (0)    7 :  0.035 0.011 0.007 0.004 0.097 0.027 0.006 0.171 0.022 0.011 0.007 0.603 
234  ZFENP35    (0)    7 :  0.015 0.025 0.007 0.005 0.007 0.005 0.009 0.888 0.005 0.011 0.016 0.007 
235  ZFENP36    (0)    7 :  0.009 0.011 0.008 0.002 0.007 0.007 0.003 0.931 0.003 0.010 0.004 0.005 
236  ZFENP37    (0)    7 :  0.016 0.061 0.031 0.004 0.008 0.008 0.006 0.522 0.009 0.009 0.008 0.319 
237  ZFENP38    (0)    7 :  0.012 0.026 0.440 0.004 0.014 0.011 0.005 0.413 0.017 0.018 0.007 0.032 
238  ZFENP39    (0)    7 :  0.013 0.022 0.011 0.003 0.006 0.101 0.004 0.790 0.014 0.005 0.005 0.026 
239  ZFENP40    (0)    7 :  0.016 0.047 0.007 0.004 0.014 0.074 0.010 0.787 0.009 0.006 0.007 0.021 
240  ZFENP41    (0)    7 :  0.020 0.015 0.006 0.009 0.048 0.029 0.007 0.768 0.067 0.008 0.007 0.018 
241  ZFENP42    (0)    7 :  0.003 0.107 0.033 0.005 0.009 0.010 0.003 0.812 0.006 0.003 0.005 0.004 
242  ZFENP43    (0)    7 :  0.007 0.024 0.082 0.005 0.009 0.018 0.008 0.705 0.029 0.050 0.031 0.032 
243  ZFENP44    (0)    7 :  0.005 0.072 0.027 0.003 0.021 0.010 0.006 0.799 0.014 0.012 0.013 0.017 
244  ZFENP45    (0)    7 :  0.009 0.055 0.047 0.307 0.018 0.023 0.028 0.464 0.016 0.009 0.016 0.009 
245  ZFENP46    (0)    7 :  0.008 0.019 0.057 0.005 0.012 0.014 0.015 0.807 0.003 0.008 0.023 0.029 
246  ZFENP47    (0)    7 :  0.039 0.381 0.006 0.152 0.016 0.144 0.014 0.158 0.068 0.004 0.005 0.012 
247  ZFENP48    (0)    7 :  0.011 0.020 0.015 0.010 0.294 0.046 0.012 0.068 0.017 0.007 0.005 0.494 
248  ZFENP49    (0)    7 :  0.032 0.009 0.010 0.009 0.151 0.593 0.010 0.160 0.008 0.006 0.007 0.005 
249  ZFENP50    (0)    7 :  0.008 0.038 0.067 0.012 0.005 0.041 0.054 0.737 0.004 0.004 0.024 0.006 
250  ZFENP51    (0)    7 :  0.028 0.303 0.015 0.044 0.030 0.035 0.004 0.511 0.007 0.005 0.004 0.015 
251  ZFENP52    (0)    7 :  0.003 0.006 0.010 0.005 0.007 0.006 0.005 0.924 0.009 0.009 0.013 0.004 
252  ZFENP53    (0)    7 :  0.007 0.017 0.024 0.033 0.009 0.019 0.041 0.799 0.008 0.010 0.025 0.009 
253  ZFENP54    (0)    7 :  0.013 0.011 0.015 0.006 0.026 0.706 0.028 0.151 0.016 0.005 0.013 0.009 
254  ZFENP55    (0)    7 :  0.054 0.018 0.573 0.004 0.011 0.058 0.005 0.235 0.004 0.004 0.004 0.030 
255  ZFENP56    (0)    7 :  0.013 0.012 0.062 0.005 0.011 0.011 0.004 0.847 0.008 0.009 0.008 0.010 
256  ZFENP57    (0)    7 :  0.013 0.050 0.017 0.002 0.013 0.015 0.004 0.840 0.005 0.012 0.007 0.022 
257  ZFENP58    (0)    7 :  0.025 0.011 0.023 0.105 0.318 0.093 0.009 0.362 0.018 0.017 0.013 0.005 
258  ZFENP59    (0)    7 :  0.014 0.045 0.009 0.005 0.029 0.028 0.005 0.771 0.076 0.005 0.005 0.009 
259  ZFENP60    (0)    7 :  0.038 0.015 0.016 0.015 0.006 0.084 0.011 0.756 0.011 0.006 0.009 0.032 
260  ZFENP61    (0)    7 :  0.022 0.008 0.009 0.003 0.008 0.060 0.003 0.847 0.017 0.004 0.004 0.016 
261 ZFFDSP01    (0)    8 :  0.006 0.003 0.007 0.023 0.003 0.005 0.806 0.003 0.005 0.016 0.118 0.005 
262 ZFFDSP02    (0)    8 :  0.003 0.002 0.004 0.006 0.003 0.005 0.947 0.003 0.005 0.004 0.015 0.004 
263 ZFFDSP04    (0)    8 :  0.005 0.002 0.005 0.013 0.003 0.005 0.929 0.002 0.005 0.003 0.024 0.004 
264 ZFFDSP05    (0)    8 :  0.004 0.003 0.007 0.010 0.003 0.005 0.521 0.003 0.004 0.006 0.430 0.003 
265 ZFFDSP06    (0)    8 :  0.003 0.002 0.005 0.011 0.003 0.005 0.938 0.002 0.006 0.003 0.019 0.004 
266 ZFFDSP07    (0)    8 :  0.002 0.005 0.008 0.022 0.022 0.005 0.907 0.004 0.011 0.004 0.007 0.004 
267 ZFFDSP08    (0)    8 :  0.003 0.004 0.012 0.073 0.026 0.004 0.809 0.005 0.011 0.011 0.040 0.004 
268 ZFFDSP10    (0)    8 :  0.004 0.003 0.006 0.010 0.008 0.004 0.918 0.004 0.004 0.005 0.030 0.004 
269 ZFFDSP11    (0)    8 :  0.005 0.003 0.008 0.008 0.003 0.005 0.896 0.003 0.004 0.003 0.058 0.004 
270 ZFFDSP12    (0)    8 :  0.002 0.003 0.004 0.007 0.005 0.003 0.952 0.003 0.003 0.004 0.011 0.003 
271 ZFFDSP13    (0)    8 :  0.003 0.003 0.008 0.005 0.008 0.005 0.038 0.005 0.007 0.011 0.903 0.004 
272 ZFFDSP14    (0)    8 :  0.003 0.003 0.007 0.017 0.007 0.005 0.935 0.003 0.006 0.004 0.006 0.004 
273 ZFFDSP16    (0)    8 :  0.007 0.003 0.007 0.004 0.004 0.011 0.910 0.006 0.006 0.016 0.019 0.007 
274 ZFFDSP17    (0)    8 :  0.003 0.003 0.007 0.009 0.004 0.004 0.931 0.003 0.005 0.004 0.020 0.005 
275 ZFFDSP18    (0)    8 :  0.005 0.002 0.004 0.013 0.004 0.006 0.938 0.003 0.006 0.005 0.009 0.006 
276 ZFFDSP19    (0)    8 :  0.004 0.003 0.005 0.019 0.003 0.005 0.739 0.003 0.026 0.130 0.055 0.007 
277 ZFFDSP21    (0)    8 :  0.003 0.002 0.004 0.010 0.004 0.007 0.507 0.003 0.017 0.072 0.363 0.008 
278 ZFFDSP22    (0)    8 :  0.002 0.002 0.006 0.058 0.004 0.004 0.898 0.003 0.005 0.004 0.011 0.003 
279 ZFFDSP23    (0)    8 :  0.003 0.002 0.005 0.172 0.003 0.005 0.634 0.003 0.005 0.009 0.157 0.004 
280 ZFFDSP24    (0)    8 :  0.005 0.003 0.006 0.007 0.005 0.004 0.590 0.003 0.005 0.011 0.354 0.005 
281 ZFFDSP26    (9)    8 :  0.004 0.003 0.005 0.014 0.004 0.005 0.678 0.003 0.005 0.006 0.269 0.003 
282 ZFFDSP27    (0)    8 :  0.004 0.003 0.004 0.007 0.004 0.005 0.921 0.003 0.004 0.008 0.032 0.006 
283 ZFFDSP28    (0)    8 :  0.037 0.011 0.012 0.008 0.017 0.013 0.809 0.007 0.007 0.005 0.047 0.028 
284 ZFFDSP30    (0)    8 :  0.056 0.007 0.009 0.010 0.010 0.008 0.312 0.005 0.007 0.031 0.539 0.006 
285 ZFFDSP31    (0)    8 :  0.003 0.002 0.005 0.005 0.006 0.004 0.930 0.004 0.005 0.007 0.019 0.009 
286 ZFFDSP32    (0)    8 :  0.002 0.002 0.005 0.006 0.004 0.004 0.941 0.003 0.003 0.004 0.021 0.004 
287 ZFFDSP33    (0)    8 :  0.003 0.003 0.004 0.006 0.003 0.003 0.949 0.003 0.002 0.005 0.016 0.003 
288 ZFFDSP34    (0)    8 :  0.003 0.002 0.005 0.010 0.004 0.004 0.938 0.002 0.006 0.005 0.017 0.004 
289 ZFFDSP35    (0)    8 :  0.006 0.003 0.006 0.008 0.004 0.005 0.629 0.003 0.004 0.005 0.324 0.004 
290 ZFFDSP37    (0)    8 :  0.004 0.003 0.004 0.005 0.004 0.004 0.935 0.003 0.004 0.006 0.025 0.004 
291 ZFFDSP38    (0)    8 :  0.005 0.003 0.004 0.005 0.004 0.004 0.948 0.003 0.003 0.006 0.011 0.004 
292 ZFFDSP39    (0)    8 :  0.004 0.002 0.003 0.007 0.003 0.004 0.254 0.002 0.003 0.006 0.708 0.003 
293 ZFFDSP40    (0)    8 :  0.006 0.002 0.003 0.004 0.003 0.005 0.437 0.003 0.004 0.008 0.520 0.004 
294 ZFFDSP42    (0)    8 :  0.004 0.002 0.006 0.077 0.003 0.005 0.777 0.003 0.006 0.010 0.104 0.004 
295 ZFFDSP43    (0)    8 :  0.004 0.002 0.003 0.008 0.003 0.004 0.924 0.003 0.004 0.010 0.032 0.004 
296 ZFFDSP44    (0)    8 :  0.005 0.003 0.005 0.005 0.005 0.003 0.746 0.003 0.003 0.010 0.206 0.005 
297 ZFFDSP45    (0)    8 :  0.005 0.002 0.005 0.006 0.004 0.005 0.921 0.003 0.005 0.007 0.035 0.004 
298 ZFFDSP46    (0)    8 :  0.004 0.002 0.004 0.011 0.004 0.006 0.882 0.003 0.005 0.009 0.063 0.004 
299 ZFFDSP47    (0)    8 :  0.004 0.003 0.005 0.012 0.004 0.003 0.219 0.003 0.003 0.013 0.727 0.003 
300 ZFFDSP48    (0)    8 :  0.004 0.002 0.004 0.006 0.004 0.004 0.265 0.003 0.004 0.011 0.689 0.004 
301    ZFI01    (0)    9 :  0.844 0.030 0.009 0.004 0.014 0.028 0.005 0.010 0.010 0.009 0.005 0.032 
302    ZFI02    (0)    9 :  0.911 0.012 0.007 0.004 0.003 0.015 0.005 0.005 0.004 0.007 0.004 0.021 
303    ZFI03    (0)    9 :  0.891 0.005 0.007 0.003 0.005 0.010 0.004 0.006 0.006 0.008 0.004 0.052 
304    ZFI04    (0)    9 :  0.135 0.016 0.006 0.003 0.004 0.006 0.003 0.006 0.004 0.005 0.003 0.807 
305    ZFI05    (0)    9 :  0.935 0.004 0.004 0.003 0.008 0.007 0.004 0.006 0.004 0.012 0.006 0.006 
306    ZFI06    (0)    9 :  0.745 0.014 0.008 0.003 0.007 0.042 0.016 0.023 0.004 0.087 0.034 0.017 
307    ZFI07    (0)    9 :  0.499 0.005 0.005 0.002 0.007 0.007 0.004 0.007 0.005 0.005 0.004 0.449 
308    ZFI08    (0)    9 :  0.797 0.009 0.009 0.004 0.005 0.026 0.003 0.010 0.006 0.005 0.003 0.123 
309    ZFI09    (0)    9 :  0.926 0.009 0.005 0.003 0.005 0.014 0.004 0.007 0.004 0.006 0.004 0.014 
310    ZFI10    (0)    9 :  0.862 0.010 0.007 0.004 0.005 0.005 0.005 0.007 0.004 0.044 0.007 0.039 
311    ZFI11    (0)    9 :  0.846 0.015 0.006 0.003 0.007 0.008 0.003 0.007 0.004 0.008 0.004 0.088 
312    ZFI12    (0)    9 :  0.788 0.004 0.011 0.003 0.005 0.011 0.005 0.006 0.006 0.014 0.005 0.142 
313    ZFI13    (0)    9 :  0.917 0.007 0.006 0.003 0.018 0.009 0.004 0.007 0.006 0.006 0.004 0.014 
314    ZFI14    (0)    9 :  0.941 0.004 0.004 0.003 0.005 0.006 0.007 0.004 0.004 0.006 0.007 0.008 
315    ZFI15    (0)    9 :  0.951 0.003 0.004 0.002 0.005 0.007 0.003 0.005 0.004 0.005 0.003 0.007 
316    ZFI16    (0)    9 :  0.940 0.003 0.005 0.003 0.004 0.008 0.003 0.005 0.004 0.005 0.004 0.017 
317    ZFI17    (0)    9 :  0.887 0.006 0.006 0.003 0.005 0.006 0.004 0.008 0.004 0.010 0.004 0.057 
318    ZFI18    (0)    9 :  0.941 0.006 0.004 0.002 0.004 0.005 0.003 0.007 0.003 0.006 0.003 0.016 
319    ZFI19    (9)    9 :  0.951 0.004 0.005 0.002 0.006 0.006 0.003 0.004 0.003 0.005 0.003 0.009 
320    ZFI20    (0)    9 :  0.945 0.004 0.005 0.003 0.003 0.011 0.005 0.004 0.004 0.004 0.004 0.008 
321    ZFI21    (0)    9 :  0.948 0.003 0.005 0.003 0.004 0.005 0.006 0.003 0.003 0.007 0.008 0.005 
322    ZFI22    (0)    9 :  0.917 0.008 0.005 0.004 0.004 0.013 0.005 0.005 0.007 0.004 0.004 0.025 
323    ZFI23    (0)    9 :  0.927 0.004 0.006 0.002 0.005 0.006 0.004 0.005 0.004 0.007 0.004 0.026 
324    ZFI24    (0)    9 :  0.875 0.004 0.010 0.004 0.008 0.009 0.004 0.006 0.007 0.011 0.005 0.057 
325    ZFI25    (0)    9 :  0.864 0.004 0.006 0.004 0.005 0.014 0.005 0.007 0.009 0.006 0.004 0.072 
326    ZFI26    (0)    9 :  0.862 0.004 0.007 0.003 0.009 0.011 0.004 0.007 0.009 0.005 0.004 0.075 
327    ZFI27    (0)    9 :  0.883 0.004 0.011 0.003 0.012 0.007 0.005 0.006 0.005 0.031 0.007 0.027 
328    ZFK01    (0)    9 :  0.003 0.003 0.004 0.003 0.960 0.003 0.003 0.003 0.005 0.006 0.004 0.003 
329    ZFK02    (0)   10 :  0.003 0.003 0.004 0.003 0.959 0.003 0.004 0.003 0.005 0.007 0.004 0.003 
330    ZFK03    (0)   10 :  0.003 0.003 0.003 0.003 0.963 0.003 0.003 0.003 0.005 0.005 0.003 0.003 
331    ZFK04    (0)   10 :  0.004 0.004 0.003 0.003 0.963 0.003 0.003 0.003 0.004 0.004 0.003 0.004 
332    ZFK05    (0)   10 :  0.007 0.011 0.003 0.002 0.938 0.004 0.003 0.006 0.011 0.003 0.003 0.009 
333    ZFK06    (0)   10 :  0.009 0.005 0.003 0.003 0.940 0.005 0.003 0.007 0.010 0.004 0.003 0.009 
334    ZFK07    (0)   10 :  0.002 0.003 0.005 0.005 0.958 0.003 0.003 0.003 0.005 0.005 0.005 0.002 
