

----------------------------------------------------
STRUCTURE by Pritchard, Stephens and Donnelly (2000)
     and Falush, Stephens and Pritchard (2003)
       Code by Pritchard, Falush and Hubisz
             Version 2.3.4 (Jul 2012)
----------------------------------------------------



Command line arguments:   bin\structure -m C:\Users\eschumacher\Documents\GitHub\GCC_QUAC_ZAIN\Data_Files\Structure_Files\ZAIN\ZAIN_rebinned_wild\50-50\mainparams -e C:\Users\eschumacher\Documents\GitHub\GCC_QUAC_ZAIN\Data_Files\Structure_Files\ZAIN\ZAIN_rebinned_wild\50-50\extraparams 
Input File:    C:\Users\eschumacher\Documents\GitHub\GCC_QUAC_ZAIN\Data_Files\Structure_Files\ZAIN\ZAIN_rebinned_wild\project_data

Run parameters:
   751 individuals
   11 loci
   4 populations assumed
   50000 Burn-in period
   50000 Reps


--------------------------------------------
Proportion of membership of each pre-defined
 population in each of the 4 clusters

Given    Inferred Clusters              Number of
 Pop       1      2      3      4      Individuals

  1:     0.006  0.008  0.965  0.021       35
  2:     0.039  0.945  0.009  0.008       36
  3:     0.010  0.973  0.006  0.010       33
  4:     0.942  0.024  0.021  0.014       40
  5:     0.875  0.115  0.005  0.005       39
  6:     0.038  0.070  0.206  0.686       40
  7:     0.033  0.017  0.079  0.871       37
  8:     0.008  0.981  0.007  0.004       40
  9:     0.042  0.006  0.945  0.007       28
 10:     0.779  0.018  0.046  0.158       14
 11:     0.012  0.008  0.011  0.968       13
 12:     0.169  0.821  0.005  0.005       14
 13:     0.011  0.973  0.006  0.009       25
 14:     0.020  0.952  0.008  0.019       40
 15:     0.910  0.025  0.037  0.028       32
 16:     0.005  0.005  0.006  0.984       20
 17:     0.011  0.013  0.825  0.151        4
 18:     0.010  0.020  0.960  0.011       23
 19:     0.008  0.006  0.974  0.012       39
 20:     0.005  0.005  0.958  0.032       38
 21:     0.127  0.860  0.005  0.008       45
 22:     0.096  0.884  0.006  0.015       28
 23:     0.013  0.007  0.952  0.027        6
 24:     0.034  0.046  0.045  0.875       40
 25:     0.013  0.030  0.030  0.927       42
--------------------------------------------

Allele-freq. divergence among pops (Net nucleotide distance),
computed using point estimates of P.

      1       2       3       4      
 1      -    0.1108  0.1521  0.1011  
 2   0.1108     -    0.2018  0.1324  
 3   0.1521  0.2018     -    0.0774  
 4   0.1011  0.1324  0.0774     -    

Average distances (expected heterozygosity) between individuals in same cluster:
cluster  1  : 0.4404 
cluster  2  : 0.4582 
cluster  3  : 0.5010 
cluster  4  : 0.5732 

--------------------------------------------
Estimated Ln Prob of Data   = -15492.9
Mean value of ln likelihood = -15321.1
Variance of ln likelihood   = 343.7
Mean value of alpha         = 0.0339

Mean value of Fst_1         = 0.3459
Mean value of Fst_2         = 0.3091
Mean value of Fst_3         = 0.3165
Mean value of Fst_4         = 0.1159


Inferred ancestry of individuals:
        Label (%Miss) Pop:  Inferred clusters
  1    ZFB01    (0)    1 :  0.004 0.005 0.986 0.005 
  2    ZFB02    (0)    1 :  0.005 0.003 0.984 0.007 
  3    ZFB03    (0)    1 :  0.009 0.006 0.977 0.008 
  4    ZFB04    (0)    1 :  0.004 0.004 0.984 0.008 
  5    ZFB05    (0)    1 :  0.019 0.006 0.883 0.092 
  6    ZFB06    (0)    1 :  0.015 0.006 0.903 0.075 
  7    ZFB07    (9)    1 :  0.005 0.009 0.974 0.012 
  8    ZFB08    (0)    1 :  0.006 0.006 0.983 0.006 
  9    ZFB09    (0)    1 :  0.004 0.004 0.987 0.006 
 10    ZFB10    (0)    1 :  0.005 0.015 0.973 0.006 
 11    ZFB11    (0)    1 :  0.005 0.008 0.981 0.006 
 12    ZFB12    (0)    1 :  0.005 0.005 0.981 0.009 
 13    ZFB13    (0)    1 :  0.005 0.006 0.983 0.007 
 14    ZFB14    (0)    1 :  0.005 0.006 0.985 0.005 
 15    ZFB15    (0)    1 :  0.003 0.003 0.988 0.006 
 16    ZFB16    (0)    1 :  0.003 0.005 0.985 0.007 
 17    ZFB17    (0)    1 :  0.012 0.015 0.933 0.040 
 18    ZFB18    (0)    1 :  0.004 0.004 0.988 0.004 
 19    ZFB19    (0)    1 :  0.005 0.022 0.955 0.019 
 20    ZFB20    (0)    1 :  0.003 0.004 0.983 0.009 
 21    ZFB21    (0)    1 :  0.004 0.003 0.987 0.006 
 22    ZFB22    (0)    1 :  0.008 0.017 0.952 0.023 
 23    ZFB23    (0)    1 :  0.006 0.008 0.976 0.010 
 24    ZFB24    (0)    1 :  0.004 0.007 0.982 0.008 
 25    ZFB25    (0)    1 :  0.004 0.024 0.966 0.006 
 26    ZFB26    (0)    1 :  0.006 0.019 0.962 0.013 
 27    ZFB27    (0)    1 :  0.004 0.008 0.976 0.011 
 28    ZFB28    (0)    1 :  0.010 0.005 0.958 0.027 
 29    ZFB29    (0)    1 :  0.004 0.003 0.985 0.008 
 30    ZFB30    (0)    1 :  0.009 0.013 0.744 0.233 
 31    ZFB31    (0)    1 :  0.005 0.014 0.975 0.006 
 32    ZFB32    (0)    1 :  0.022 0.008 0.942 0.027 
 33    ZFB33    (0)    1 :  0.003 0.004 0.988 0.005 
 34    ZFB34    (0)    1 :  0.005 0.004 0.986 0.005 
 35    ZFB35    (0)    1 :  0.005 0.007 0.982 0.006 
 36  ZFBP101    (0)    2 :  0.127 0.844 0.017 0.012 
 37  ZFBP102    (0)    2 :  0.022 0.938 0.026 0.014 
 38  ZFBP103    (0)    2 :  0.334 0.650 0.009 0.008 
 39  ZFBP104    (0)    2 :  0.006 0.907 0.049 0.037 
 40  ZFBP105    (0)    2 :  0.008 0.976 0.009 0.007 
 41  ZFBP106    (0)    2 :  0.013 0.979 0.004 0.005 
 42  ZFBP107    (0)    2 :  0.015 0.953 0.009 0.023 
 43  ZFBP108    (0)    2 :  0.004 0.989 0.004 0.004 
 44  ZFBP109    (0)    2 :  0.005 0.986 0.005 0.004 
 45  ZFBP110    (0)    2 :  0.248 0.696 0.037 0.019 
 46  ZFBP111    (0)    2 :  0.005 0.988 0.003 0.004 
 47  ZFBP112    (0)    2 :  0.008 0.981 0.005 0.006 
 48  ZFBP113    (0)    2 :  0.004 0.987 0.004 0.005 
 49  ZFBP114    (0)    2 :  0.009 0.978 0.005 0.008 
 50  ZFBP115    (0)    2 :  0.016 0.975 0.003 0.006 
 51  ZFBP116    (0)    2 :  0.005 0.986 0.003 0.006 
 52  ZFBP117    (0)    2 :  0.009 0.984 0.003 0.004 
 53  ZFBP118    (0)    2 :  0.006 0.983 0.004 0.008 
 54  ZFBP119    (0)    2 :  0.032 0.959 0.004 0.006 
 55  ZFBP120    (0)    2 :  0.007 0.978 0.008 0.007 
 56  ZFBP121    (0)    2 :  0.011 0.979 0.006 0.005 
 57  ZFBP122    (9)    2 :  0.006 0.985 0.004 0.005 
 58  ZFBP123    (0)    2 :  0.011 0.976 0.005 0.008 
 59  ZFBP124    (0)    2 :  0.007 0.981 0.008 0.005 
 60  ZFBP125    (0)    2 :  0.007 0.987 0.003 0.003 
 61  ZFBP126    (0)    2 :  0.025 0.931 0.022 0.022 
 62  ZFBP127    (0)    2 :  0.013 0.979 0.003 0.005 
 63  ZFBP128    (0)    2 :  0.007 0.986 0.004 0.003 
 64  ZFBP129    (0)    2 :  0.009 0.982 0.005 0.004 
 65  ZFBP130    (0)    2 :  0.008 0.986 0.002 0.004 
 66  ZFBP131    (0)    2 :  0.005 0.986 0.005 0.004 
 67  ZFBP132    (0)    2 :  0.007 0.985 0.004 0.004 
 68  ZFBP133    (0)    2 :  0.005 0.989 0.003 0.003 
 69  ZFBP134    (0)    2 :  0.015 0.977 0.004 0.005 
 70  ZFBP135    (0)    2 :  0.310 0.656 0.025 0.009 
 71  ZFBP136    (0)    2 :  0.062 0.927 0.004 0.007 
 72  ZFBP201    (0)    3 :  0.008 0.978 0.006 0.008 
 73  ZFBP202    (0)    3 :  0.006 0.984 0.006 0.004 
 74  ZFBP203    (0)    3 :  0.006 0.945 0.010 0.039 
 75  ZFBP204    (0)    3 :  0.025 0.965 0.004 0.006 
 76  ZFBP205    (0)    3 :  0.007 0.983 0.004 0.006 
 77  ZFBP206    (0)    3 :  0.010 0.976 0.007 0.007 
 78  ZFBP207    (0)    3 :  0.025 0.967 0.004 0.004 
 79  ZFBP208    (0)    3 :  0.007 0.974 0.005 0.013 
 80  ZFBP209    (0)    3 :  0.005 0.989 0.003 0.003 
 81  ZFBP210    (0)    3 :  0.007 0.979 0.005 0.009 
 82  ZFBP211    (0)    3 :  0.007 0.983 0.006 0.004 
 83  ZFBP212    (0)    3 :  0.006 0.985 0.005 0.004 
 84  ZFBP213    (0)    3 :  0.014 0.966 0.012 0.008 
 85  ZFBP214    (0)    3 :  0.042 0.942 0.008 0.008 
 86  ZFBP215    (0)    3 :  0.007 0.984 0.004 0.004 
 87  ZFBP216    (0)    3 :  0.007 0.974 0.006 0.014 
 88  ZFBP217    (0)    3 :  0.008 0.983 0.004 0.004 
 89  ZFBP218    (0)    3 :  0.003 0.990 0.003 0.004 
 90  ZFBP219    (0)    3 :  0.004 0.987 0.004 0.005 
 91  ZFBP220    (0)    3 :  0.009 0.983 0.003 0.005 
 92  ZFBP221    (0)    3 :  0.005 0.987 0.004 0.004 
 93  ZFBP222    (0)    3 :  0.008 0.978 0.007 0.007 
 94  ZFBP223    (0)    3 :  0.036 0.950 0.006 0.007 
 95  ZFBP224    (0)    3 :  0.007 0.980 0.006 0.006 
 96  ZFBP225    (0)    3 :  0.011 0.979 0.003 0.007 
 97  ZFBP226    (0)    3 :  0.005 0.986 0.004 0.005 
 98  ZFBP227    (0)    3 :  0.009 0.838 0.041 0.112 
 99  ZFBP228    (0)    3 :  0.017 0.973 0.006 0.004 
100  ZFBP229    (0)    3 :  0.006 0.986 0.003 0.005 
101  ZFBP230    (0)    3 :  0.010 0.980 0.004 0.006 
102  ZFBP231    (0)    3 :  0.007 0.982 0.005 0.006 
103  ZFBP232    (0)    3 :  0.005 0.988 0.004 0.004 
104  ZFBP233    (0)    3 :  0.006 0.983 0.006 0.005 
105   ZFCC01    (0)    4 :  0.971 0.005 0.019 0.006 
106   ZFCC03    (0)    4 :  0.986 0.005 0.005 0.004 
107   ZFCC04    (0)    4 :  0.979 0.006 0.009 0.006 
108   ZFCC05    (0)    4 :  0.977 0.006 0.010 0.007 
109   ZFCC08    (0)    4 :  0.967 0.023 0.006 0.004 
110   ZFCC09    (0)    4 :  0.983 0.005 0.008 0.004 
111   ZFCC10    (0)    4 :  0.965 0.005 0.025 0.005 
112   ZFCC11    (0)    4 :  0.983 0.005 0.008 0.004 
113   ZFCC12    (0)    4 :  0.886 0.005 0.092 0.017 
114   ZFCC13    (0)    4 :  0.972 0.011 0.005 0.012 
115   ZFCC14    (0)    4 :  0.967 0.008 0.017 0.008 
116   ZFCC15    (0)    4 :  0.978 0.005 0.007 0.010 
117   ZFCC16    (0)    4 :  0.979 0.004 0.010 0.007 
118   ZFCC17    (0)    4 :  0.978 0.003 0.010 0.008 
119   ZFCC18    (0)    4 :  0.981 0.005 0.009 0.005 
120   ZFCC19    (0)    4 :  0.966 0.004 0.011 0.020 
121   ZFCC20    (0)    4 :  0.985 0.004 0.005 0.005 
122   ZFCC21    (0)    4 :  0.791 0.125 0.023 0.062 
123   ZFCC22    (0)    4 :  0.468 0.502 0.016 0.014 
124   ZFCC26    (0)    4 :  0.982 0.004 0.008 0.005 
125   ZFCC27    (0)    4 :  0.988 0.004 0.004 0.004 
126   ZFCC29    (0)    4 :  0.969 0.005 0.016 0.010 
127   ZFCC30    (0)    4 :  0.989 0.004 0.003 0.004 
128   ZFCC32    (0)    4 :  0.973 0.005 0.011 0.011 
129   ZFCC33    (0)    4 :  0.978 0.004 0.009 0.009 
130   ZFCC34    (0)    4 :  0.947 0.027 0.020 0.007 
131   ZFCC35    (0)    4 :  0.987 0.005 0.004 0.005 
132   ZFCC36    (0)    4 :  0.952 0.013 0.008 0.027 
133   ZFCC37    (0)    4 :  0.878 0.008 0.080 0.035 
134   ZFCC40    (0)    4 :  0.971 0.007 0.013 0.008 
135   ZFCC42    (0)    4 :  0.630 0.006 0.214 0.150 
136   ZFCC44    (0)    4 :  0.988 0.003 0.004 0.005 
137   ZFCC45    (9)    4 :  0.936 0.005 0.039 0.020 
138   ZFCC46    (0)    4 :  0.976 0.015 0.004 0.006 
139   ZFCC47    (0)    4 :  0.922 0.007 0.063 0.008 
140   ZFCC48    (0)    4 :  0.916 0.060 0.012 0.012 
141   ZFCC50    (0)    4 :  0.981 0.004 0.009 0.006 
142   ZFCC51    (0)    4 :  0.988 0.004 0.005 0.004 
143   ZFCC52    (0)    4 :  0.976 0.012 0.006 0.007 
144   ZFCC53    (0)    4 :  0.987 0.004 0.005 0.004 
145  ZFCNS01    (0)    5 :  0.961 0.015 0.004 0.020 
146  ZFCNS02    (0)    5 :  0.982 0.011 0.003 0.004 
147  ZFCNS05    (0)    5 :  0.972 0.018 0.006 0.005 
148  ZFCNS06    (0)    5 :  0.979 0.012 0.005 0.004 
149  ZFCNS07    (0)    5 :  0.554 0.436 0.005 0.006 
150  ZFCNS10    (0)    5 :  0.907 0.085 0.003 0.005 
151  ZFCNS11    (0)    5 :  0.978 0.012 0.003 0.007 
152  ZFCNS15    (0)    5 :  0.171 0.815 0.007 0.006 
153  ZFCNS17    (0)    5 :  0.980 0.012 0.003 0.004 
154  ZFCNS18    (0)    5 :  0.963 0.029 0.004 0.004 
155  ZFCNS19    (0)    5 :  0.985 0.007 0.004 0.004 
156  ZFCNS20    (0)    5 :  0.857 0.133 0.005 0.006 
157  ZFCNS21    (0)    5 :  0.984 0.008 0.004 0.004 
158  ZFCNS22    (0)    5 :  0.869 0.117 0.008 0.006 
159  ZFCNS23    (0)    5 :  0.978 0.013 0.005 0.005 
160  ZFCNS24    (0)    5 :  0.984 0.009 0.003 0.004 
161  ZFCNS25    (0)    5 :  0.937 0.055 0.004 0.004 
162  ZFCNS26    (0)    5 :  0.677 0.310 0.008 0.004 
163  ZFCNS27    (0)    5 :  0.080 0.908 0.005 0.007 
164  ZFCNS28    (0)    5 :  0.970 0.018 0.008 0.004 
165  ZFCNS29    (0)    5 :  0.977 0.015 0.004 0.004 
166  ZFCNS30    (0)    5 :  0.983 0.009 0.005 0.004 
167  ZFCNS31    (0)    5 :  0.931 0.059 0.005 0.005 
168  ZFCNS32    (0)    5 :  0.953 0.035 0.007 0.004 
169  ZFCNS33    (0)    5 :  0.963 0.028 0.005 0.004 
170  ZFCNS34    (0)    5 :  0.987 0.006 0.004 0.004 
171  ZFCNS35    (0)    5 :  0.968 0.021 0.008 0.004 
172  ZFCNS36    (0)    5 :  0.987 0.007 0.003 0.004 
173  ZFCNS37    (0)    5 :  0.928 0.060 0.004 0.008 
174  ZFCNS39    (0)    5 :  0.981 0.012 0.003 0.004 
175  ZFCNS40    (0)    5 :  0.950 0.042 0.003 0.005 
176  ZFCNS41    (0)    5 :  0.777 0.202 0.008 0.013 
177  ZFCNS42    (0)    5 :  0.940 0.051 0.005 0.005 
178  ZFCNS43    (0)    5 :  0.984 0.007 0.005 0.004 
179  ZFCNS44    (0)    5 :  0.974 0.018 0.004 0.004 
180  ZFCNS46    (0)    5 :  0.962 0.028 0.004 0.005 
181  ZFCNS47    (0)    5 :  0.979 0.013 0.004 0.004 
182  ZFCNS48    (0)    5 :  0.949 0.042 0.004 0.005 
183  ZFCNS49    (0)    5 :  0.177 0.812 0.005 0.005 
184   ZFCR01    (0)    6 :  0.009 0.070 0.554 0.367 
185   ZFCR02    (0)    6 :  0.015 0.018 0.040 0.928 
186   ZFCR03    (0)    6 :  0.019 0.063 0.625 0.294 
187   ZFCR04    (0)    6 :  0.032 0.052 0.721 0.194 
188   ZFCR05    (0)    6 :  0.014 0.007 0.104 0.875 
189   ZFCR06    (0)    6 :  0.196 0.194 0.128 0.482 
190   ZFCR07    (0)    6 :  0.127 0.016 0.059 0.798 
191   ZFCR08    (0)    6 :  0.029 0.035 0.073 0.862 
192   ZFCR09    (0)    6 :  0.102 0.118 0.469 0.310 
193   ZFCR11    (0)    6 :  0.027 0.124 0.323 0.527 
194   ZFCR12    (0)    6 :  0.179 0.086 0.014 0.721 
195   ZFCR13    (0)    6 :  0.010 0.087 0.012 0.890 
196   ZFCR14    (0)    6 :  0.014 0.014 0.038 0.934 
197   ZFCR15    (0)    6 :  0.011 0.018 0.047 0.924 
198   ZFCR16    (0)    6 :  0.008 0.041 0.101 0.849 
199   ZFCR18    (0)    6 :  0.092 0.036 0.783 0.089 
200   ZFCR19    (0)    6 :  0.040 0.214 0.534 0.212 
201   ZFCR20    (0)    6 :  0.011 0.047 0.909 0.034 
202   ZFCR21    (0)    6 :  0.018 0.022 0.023 0.936 
203   ZFCR22    (0)    6 :  0.005 0.013 0.012 0.970 
204   ZFCR23    (0)    6 :  0.005 0.091 0.032 0.871 
205   ZFCR24    (9)    6 :  0.008 0.473 0.222 0.297 
206   ZFCR25    (0)    6 :  0.005 0.005 0.029 0.961 
207   ZFCR26    (0)    6 :  0.034 0.101 0.342 0.523 
208   ZFCR27    (9)    6 :  0.005 0.003 0.094 0.898 
209   ZFCR28    (0)    6 :  0.025 0.363 0.009 0.603 
210   ZFCR29    (0)    6 :  0.009 0.022 0.323 0.647 
211   ZFCR30    (0)    6 :  0.007 0.009 0.014 0.971 
212   ZFCR31    (0)    6 :  0.088 0.189 0.408 0.315 
213   ZFCR33    (0)    6 :  0.031 0.012 0.035 0.922 
214   ZFCR34    (0)    6 :  0.039 0.029 0.032 0.899 
215   ZFCR35    (0)    6 :  0.037 0.020 0.814 0.129 
216   ZFCR36    (0)    6 :  0.017 0.010 0.098 0.875 
217   ZFCR37    (0)    6 :  0.020 0.006 0.029 0.946 
218   ZFCR38    (0)    6 :  0.022 0.009 0.045 0.924 
219   ZFCR39    (0)    6 :  0.015 0.023 0.014 0.947 
220   ZFCR40    (0)    6 :  0.010 0.006 0.016 0.968 
221   ZFCR41    (0)    6 :  0.123 0.032 0.012 0.833 
222   ZFCR42    (0)    6 :  0.056 0.044 0.009 0.890 
223   ZFCR43    (0)    6 :  0.008 0.093 0.076 0.823 
224  ZFENP25    (0)    7 :  0.019 0.021 0.068 0.892 
225  ZFENP26    (0)    7 :  0.005 0.004 0.014 0.978 
226  ZFENP27    (0)    7 :  0.389 0.027 0.301 0.283 
227  ZFENP28    (0)    7 :  0.012 0.005 0.024 0.959 
228  ZFENP29    (0)    7 :  0.008 0.004 0.006 0.981 
229  ZFENP30    (0)    7 :  0.035 0.006 0.011 0.948 
230  ZFENP31    (0)    7 :  0.023 0.006 0.019 0.952 
231  ZFENP32    (0)    7 :  0.056 0.018 0.223 0.703 
232  ZFENP33    (0)    7 :  0.009 0.005 0.064 0.922 
233  ZFENP34    (0)    7 :  0.061 0.016 0.618 0.305 
234  ZFENP35    (0)    7 :  0.007 0.006 0.011 0.976 
235  ZFENP36    (0)    7 :  0.006 0.003 0.018 0.973 
236  ZFENP37    (0)    7 :  0.015 0.007 0.071 0.907 
237  ZFENP38    (0)    7 :  0.023 0.007 0.009 0.961 
238  ZFENP39    (0)    7 :  0.012 0.004 0.037 0.947 
239  ZFENP40    (0)    7 :  0.011 0.007 0.044 0.938 
240  ZFENP41    (0)    7 :  0.042 0.008 0.020 0.930 
241  ZFENP42    (0)    7 :  0.004 0.004 0.004 0.988 
242  ZFENP43    (0)    7 :  0.081 0.015 0.019 0.886 
243  ZFENP44    (0)    7 :  0.014 0.005 0.009 0.972 
244  ZFENP45    (0)    7 :  0.015 0.196 0.012 0.778 
245  ZFENP46    (0)    7 :  0.006 0.012 0.021 0.960 
246  ZFENP47    (0)    7 :  0.023 0.023 0.040 0.914 
247  ZFENP48    (0)    7 :  0.102 0.036 0.625 0.237 
248  ZFENP49    (0)    7 :  0.034 0.023 0.172 0.770 
249  ZFENP50    (0)    7 :  0.004 0.021 0.008 0.967 
250  ZFENP51    (0)    7 :  0.006 0.012 0.058 0.924 
251  ZFENP52    (0)    7 :  0.022 0.008 0.005 0.965 
252  ZFENP53    (0)    7 :  0.009 0.021 0.009 0.960 
253  ZFENP54    (0)    7 :  0.021 0.046 0.022 0.912 
254  ZFENP55    (0)    7 :  0.005 0.006 0.195 0.794 
255  ZFENP56    (0)    7 :  0.011 0.005 0.013 0.971 
256  ZFENP57    (0)    7 :  0.010 0.005 0.021 0.964 
257  ZFENP58    (0)    7 :  0.077 0.031 0.015 0.877 
258  ZFENP59    (0)    7 :  0.026 0.005 0.016 0.953 
259  ZFENP60    (0)    7 :  0.008 0.009 0.059 0.924 
260  ZFENP61    (0)    7 :  0.011 0.003 0.039 0.947 
261 ZFFDSP01    (0)    8 :  0.006 0.985 0.005 0.003 
262 ZFFDSP02    (0)    8 :  0.005 0.987 0.004 0.004 
263 ZFFDSP04    (0)    8 :  0.004 0.988 0.005 0.003 
264 ZFFDSP05    (0)    8 :  0.005 0.986 0.005 0.005 
265 ZFFDSP06    (0)    8 :  0.005 0.988 0.004 0.003 
266 ZFFDSP07    (0)    8 :  0.012 0.976 0.004 0.007 
267 ZFFDSP08    (0)    8 :  0.014 0.977 0.003 0.006 
268 ZFFDSP10    (0)    8 :  0.006 0.984 0.005 0.005 
269 ZFFDSP11    (0)    8 :  0.004 0.986 0.005 0.004 
270 ZFFDSP12    (0)    8 :  0.004 0.989 0.003 0.004 
271 ZFFDSP13    (0)    8 :  0.028 0.959 0.005 0.008 
272 ZFFDSP14    (0)    8 :  0.007 0.984 0.005 0.004 
273 ZFFDSP16    (0)    8 :  0.012 0.974 0.007 0.007 
274 ZFFDSP17    (0)    8 :  0.005 0.986 0.004 0.004 
275 ZFFDSP18    (0)    8 :  0.006 0.982 0.008 0.004 
276 ZFFDSP19    (0)    8 :  0.020 0.971 0.007 0.003 
277 ZFFDSP21    (0)    8 :  0.020 0.972 0.004 0.004 
278 ZFFDSP22    (0)    8 :  0.005 0.989 0.003 0.003 
279 ZFFDSP23    (0)    8 :  0.005 0.989 0.003 0.003 
280 ZFFDSP24    (0)    8 :  0.008 0.983 0.005 0.004 
281 ZFFDSP26    (9)    8 :  0.007 0.986 0.004 0.004 
282 ZFFDSP27    (0)    8 :  0.006 0.985 0.006 0.003 
283 ZFFDSP28    (0)    8 :  0.019 0.875 0.087 0.019 
284 ZFFDSP30    (0)    8 :  0.017 0.964 0.014 0.005 
285 ZFFDSP31    (0)    8 :  0.007 0.984 0.005 0.004 
286 ZFFDSP32    (0)    8 :  0.005 0.988 0.004 0.004 
287 ZFFDSP33    (0)    8 :  0.004 0.990 0.003 0.003 
288 ZFFDSP34    (0)    8 :  0.007 0.986 0.004 0.003 
289 ZFFDSP35    (0)    8 :  0.005 0.986 0.005 0.004 
290 ZFFDSP37    (0)    8 :  0.005 0.985 0.005 0.004 
291 ZFFDSP38    (0)    8 :  0.005 0.986 0.005 0.004 
292 ZFFDSP39    (0)    8 :  0.005 0.988 0.004 0.003 
293 ZFFDSP40    (0)    8 :  0.005 0.986 0.005 0.004 
294 ZFFDSP42    (0)    8 :  0.006 0.987 0.003 0.003 
295 ZFFDSP43    (0)    8 :  0.005 0.988 0.004 0.003 
296 ZFFDSP44    (0)    8 :  0.006 0.985 0.006 0.004 
297 ZFFDSP45    (0)    8 :  0.006 0.985 0.005 0.004 
298 ZFFDSP46    (0)    8 :  0.008 0.984 0.005 0.004 
299 ZFFDSP47    (0)    8 :  0.006 0.987 0.004 0.004 
300 ZFFDSP48    (0)    8 :  0.007 0.985 0.004 0.004 
301    ZFI01    (0)    9 :  0.009 0.004 0.980 0.007 
302    ZFI02    (0)    9 :  0.006 0.006 0.980 0.007 
303    ZFI03    (0)    9 :  0.009 0.004 0.981 0.006 
304    ZFI04    (0)    9 :  0.006 0.004 0.983 0.006 
305    ZFI05    (0)    9 :  0.014 0.006 0.974 0.007 
306    ZFI06    (0)    9 :  0.015 0.013 0.964 0.008 
307    ZFI07    (0)    9 :  0.006 0.004 0.984 0.006 
308    ZFI08    (0)    9 :  0.005 0.004 0.984 0.007 
309    ZFI09    (0)    9 :  0.007 0.004 0.983 0.006 
310    ZFI10    (0)    9 :  0.016 0.008 0.968 0.008 
311    ZFI11    (0)    9 :  0.006 0.003 0.985 0.005 
312    ZFI12    (0)    9 :  0.014 0.005 0.974 0.006 
313    ZFI13    (0)    9 :  0.009 0.004 0.981 0.006 
314    ZFI14    (0)    9 :  0.008 0.012 0.974 0.006 
315    ZFI15    (0)    9 :  0.006 0.004 0.985 0.005 
316    ZFI16    (0)    9 :  0.007 0.004 0.985 0.005 
317    ZFI17    (0)    9 :  0.008 0.004 0.980 0.009 
318    ZFI18    (0)    9 :  0.005 0.003 0.985 0.007 
319    ZFI19    (9)    9 :  0.005 0.004 0.985 0.006 
320    ZFI20    (0)    9 :  0.006 0.006 0.981 0.007 
321    ZFI21    (0)    9 :  0.011 0.018 0.966 0.006 
322    ZFI22    (0)    9 :  0.006 0.006 0.984 0.005 
323    ZFI23    (0)    9 :  0.007 0.004 0.983 0.006 
324    ZFI24    (0)    9 :  0.010 0.005 0.979 0.006 
325    ZFI25    (0)    9 :  0.006 0.005 0.983 0.005 
326    ZFI26    (0)    9 :  0.006 0.004 0.984 0.006 
327    ZFI27    (0)    9 :  0.019 0.007 0.967 0.008 
328    ZFK01    (0)    9 :  0.960 0.010 0.008 0.023 
329    ZFK02    (0)   10 :  0.962 0.009 0.012 0.017 
330    ZFK03    (0)   10 :  0.950 0.009 0.015 0.026 
331    ZFK04    (0)   10 :  0.783 0.009 0.137 0.072 
332    ZFK05    (0)   10 :  0.819 0.006 0.078 0.098 
333    ZFK06    (0)   10 :  0.792 0.009 0.076 0.124 
334    ZFK07    (0)   10 :  0.932 0.012 0.005 0.050 
335    ZFK08    (0)   10 :  0.256 0.015 0.157 0.573 
336    ZFK10    (0)   10 :  0.852 0.013 0.101 0.035 
337    ZFK11    (0)   10 :  0.697 0.007 0.019 0.276 
338    ZFK12    (0)   10 :  0.833 0.023 0.007 0.137 
339    ZFK13    (0)   10 :  0.680 0.060 0.006 0.255 
340    ZFK14    (0)   10 :  0.961 0.016 0.006 0.017 
341    ZFK15    (0)   10 :  0.523 0.031 0.014 0.432 
342    ZFK16    (0)   10 :  0.868 0.033 0.004 0.095 
343   ZFLB01    (0)   11 :  0.005 0.009 0.008 0.978 
344   ZFLB02    (0)   11 :  0.004 0.005 0.014 0.977 
345   ZFLB03    (0)   11 :  0.017 0.007 0.005 0.971 
346   ZFLB04    (0)   11 :  0.062 0.034 0.021 0.882 
347   ZFLB05    (0)   11 :  0.006 0.006 0.014 0.974 
348   ZFLB06    (0)   11 :  0.008 0.006 0.006 0.980 
349   ZFLB07    (0)   11 :  0.018 0.014 0.005 0.963 
350   ZFLB08    (0)   11 :  0.005 0.004 0.015 0.976 
351   ZFLB09    (9)   11 :  0.007 0.005 0.019 0.969 
352   ZFLB10    (0)   11 :  0.008 0.005 0.017 0.970 
353   ZFLB11    (0)   11 :  0.006 0.005 0.005 0.984 
354   ZFLB12    (0)   11 :  0.005 0.003 0.010 0.982 
355   ZFLB13    (0)   11 :  0.007 0.004 0.008 0.981 
356  ZFLTI01    (0)   12 :  0.088 0.903 0.004 0.005 
357  ZFLTI02    (0)   12 :  0.527 0.463 0.005 0.005 
358  ZFLTI03    (0)   12 :  0.047 0.945 0.004 0.004 
359  ZFLTI04    (0)   12 :  0.130 0.855 0.008 0.006 
360  ZFLTI05    (0)   12 :  0.062 0.929 0.005 0.005 
361  ZFLTI06    (0)   12 :  0.008 0.984 0.004 0.003 
362  ZFLTI07    (0)   12 :  0.018 0.972 0.005 0.005 
363  ZFLTI08    (0)   12 :  0.062 0.923 0.008 0.007 
364  ZFLTI09    (0)   12 :  0.019 0.970 0.007 0.005 
365  ZFLTI10    (0)   12 :  0.027 0.963 0.005 0.004 
366  ZFLTI11    (0)   12 :  0.009 0.983 0.004 0.003 
367  ZFLTI12    (0)   12 :  0.029 0.963 0.004 0.004 
368  ZFLTI13    (0)   12 :  0.419 0.569 0.005 0.006 
369  ZFLTI14    (0)   12 :  0.917 0.071 0.007 0.005 
370 ZFONF101    (0)   13 :  0.003 0.991 0.003 0.003 
371 ZFONF102    (0)   13 :  0.004 0.985 0.005 0.007 
372 ZFONF103    (0)   13 :  0.019 0.971 0.005 0.005 
373 ZFONF104    (0)   13 :  0.004 0.990 0.002 0.003 
374 ZFONF105    (0)   13 :  0.006 0.988 0.003 0.003 
375 ZFONF106    (0)   13 :  0.004 0.989 0.004 0.003 
376 ZFONF107    (0)   13 :  0.026 0.895 0.029 0.050 
377 ZFONF108    (0)   13 :  0.027 0.957 0.006 0.010 
378 ZFONF109    (9)   13 :  0.014 0.975 0.005 0.006 
379 ZFONF110    (0)   13 :  0.006 0.989 0.003 0.003 
380 ZFONF111    (0)   13 :  0.008 0.961 0.013 0.018 
381 ZFONF112    (0)   13 :  0.006 0.988 0.003 0.003 
382 ZFONF113    (9)   13 :  0.006 0.986 0.003 0.005 
383 ZFONF115    (0)   13 :  0.008 0.983 0.005 0.004 
384 ZFONF116    (0)   13 :  0.007 0.983 0.006 0.004 
385 ZFONF117    (0)   13 :  0.015 0.975 0.005 0.005 
386 ZFONF118    (0)   13 :  0.010 0.980 0.006 0.004 
387 ZFONF119    (0)   13 :  0.009 0.981 0.004 0.006 
388 ZFONF120    (0)   13 :  0.014 0.976 0.004 0.006 
389 ZFONF121    (0)   13 :  0.005 0.987 0.004 0.004 
390 ZFONF122    (0)   13 :  0.033 0.954 0.007 0.006 
391 ZFONF123    (0)   13 :  0.006 0.963 0.009 0.022 
392 ZFONF124    (0)   13 :  0.008 0.983 0.003 0.005 
393 ZFONF125    (0)   13 :  0.018 0.929 0.008 0.045 
394 ZFONF126    (0)   13 :  0.012 0.978 0.005 0.005 
395 ZFONF201    (0)   14 :  0.059 0.774 0.098 0.069 
396 ZFONF202    (0)   14 :  0.008 0.986 0.003 0.003 
397 ZFONF203    (0)   14 :  0.007 0.973 0.005 0.015 
398 ZFONF204    (0)   14 :  0.147 0.755 0.020 0.079 
399 ZFONF206    (0)   14 :  0.012 0.665 0.027 0.296 
400 ZFONF207    (0)   14 :  0.009 0.971 0.004 0.015 
401 ZFONF208    (0)   14 :  0.015 0.969 0.005 0.011 
402 ZFONF209    (0)   14 :  0.190 0.773 0.017 0.020 
403 ZFONF210    (0)   14 :  0.011 0.984 0.002 0.003 
404 ZFONF211    (0)   14 :  0.015 0.976 0.003 0.006 
405 ZFONF212    (0)   14 :  0.004 0.990 0.002 0.003 
406 ZFONF214    (0)   14 :  0.008 0.984 0.003 0.005 
407 ZFONF215    (0)   14 :  0.006 0.988 0.003 0.003 
408 ZFONF216    (0)   14 :  0.008 0.985 0.003 0.005 
409 ZFONF217    (0)   14 :  0.008 0.985 0.003 0.004 
410 ZFONF218    (0)   14 :  0.005 0.961 0.007 0.027 
411 ZFONF219    (0)   14 :  0.004 0.989 0.002 0.004 
412 ZFONF220    (0)   14 :  0.008 0.985 0.004 0.004 
413 ZFONF222    (0)   14 :  0.010 0.969 0.005 0.016 
414 ZFONF223    (0)   14 :  0.005 0.973 0.006 0.016 
415 ZFONF224    (0)   14 :  0.006 0.985 0.003 0.006 
416 ZFONF225    (0)   14 :  0.006 0.989 0.002 0.003 
417 ZFONF226    (0)   14 :  0.008 0.983 0.003 0.005 
418 ZFONF227    (0)   14 :  0.006 0.989 0.002 0.003 
419 ZFONF228    (0)   14 :  0.005 0.989 0.003 0.003 
420 ZFONF230    (0)   14 :  0.005 0.989 0.002 0.003 
421 ZFONF231    (0)   14 :  0.015 0.977 0.003 0.004 
422 ZFONF232    (0)   14 :  0.004 0.989 0.003 0.005 
423 ZFONF233    (0)   14 :  0.012 0.979 0.003 0.006 
424 ZFONF234    (0)   14 :  0.009 0.967 0.003 0.021 
425 ZFONF235    (0)   14 :  0.010 0.983 0.002 0.005 
426 ZFONF236    (0)   14 :  0.064 0.878 0.024 0.035 
427 ZFONF238    (0)   14 :  0.006 0.984 0.004 0.007 
428 ZFONF239    (0)   14 :  0.057 0.878 0.027 0.038 
429 ZFONF240    (0)   14 :  0.014 0.981 0.002 0.003 
430 ZFONF241    (0)   14 :  0.005 0.979 0.005 0.011 
431 ZFONF242    (0)   14 :  0.010 0.981 0.003 0.005 
432 ZFONF243    (0)   14 :  0.011 0.981 0.003 0.005 
433 ZFONF244    (0)   14 :  0.007 0.987 0.002 0.003 
434 ZFONF245    (0)   14 :  0.011 0.982 0.002 0.005 
435   ZFOS01    (0)   15 :  0.960 0.029 0.005 0.006 
436   ZFOS02    (0)   15 :  0.920 0.028 0.039 0.012 
437   ZFOS03    (0)   15 :  0.903 0.014 0.021 0.062 
438   ZFOS04    (0)   15 :  0.930 0.046 0.017 0.008 
439   ZFOS05    (0)   15 :  0.962 0.025 0.007 0.005 
440   ZFOS06    (0)   15 :  0.972 0.013 0.006 0.009 
441   ZFOS07    (0)   15 :  0.949 0.007 0.038 0.006 
442   ZFOS08    (0)   15 :  0.951 0.013 0.031 0.005 
443   ZFOS09    (0)   15 :  0.801 0.111 0.040 0.048 
444   ZFOS10    (0)   15 :  0.909 0.003 0.067 0.021 
445   ZFOS11    (0)   15 :  0.922 0.017 0.014 0.048 
446   ZFOS12    (0)   15 :  0.559 0.026 0.060 0.355 
447   ZFOS13    (0)   15 :  0.953 0.016 0.023 0.008 
448   ZFOS14    (0)   15 :  0.776 0.015 0.152 0.057 
449   ZFOS15    (0)   15 :  0.982 0.004 0.008 0.007 
450   ZFOS16    (0)   15 :  0.940 0.029 0.019 0.012 
451   ZFOS17    (0)   15 :  0.970 0.005 0.014 0.011 
452   ZFOS18    (0)   15 :  0.973 0.004 0.012 0.011 
453   ZFOS19    (0)   15 :  0.977 0.005 0.007 0.011 
454   ZFOS20    (0)   15 :  0.973 0.007 0.013 0.008 
455   ZFOS21    (0)   15 :  0.970 0.014 0.011 0.005 
456   ZFOS22    (0)   15 :  0.978 0.009 0.004 0.010 
457   ZFOS23    (0)   15 :  0.590 0.003 0.369 0.038 
458   ZFOS24    (0)   15 :  0.987 0.004 0.004 0.005 
459   ZFOS25    (0)   15 :  0.956 0.031 0.007 0.006 
460   ZFOS26    (0)   15 :  0.854 0.129 0.010 0.007 
461   ZFOS27    (0)   15 :  0.968 0.018 0.007 0.008 
462   ZFOS28    (0)   15 :  0.941 0.007 0.034 0.018 
463   ZFOS29    (0)   15 :  0.964 0.009 0.015 0.012 
464   ZFOS30    (0)   15 :  0.968 0.015 0.011 0.006 
465   ZFOS31    (0)   15 :  0.702 0.132 0.107 0.059 
466   ZFOS32    (0)   15 :  0.961 0.015 0.016 0.009 
467   ZFPB01    (0)   16 :  0.005 0.003 0.011 0.981 
468   ZFPB02    (0)   16 :  0.004 0.006 0.004 0.986 
469   ZFPB03    (0)   16 :  0.017 0.007 0.009 0.967 
470   ZFPB05    (0)   16 :  0.004 0.004 0.004 0.989 
471   ZFPB06    (0)   16 :  0.007 0.003 0.010 0.980 
472   ZFPB07    (0)   16 :  0.003 0.007 0.004 0.986 
473   ZFPB08    (0)   16 :  0.006 0.006 0.006 0.982 
474   ZFPB10    (0)   16 :  0.005 0.003 0.004 0.987 
475   ZFPB11    (0)   16 :  0.004 0.003 0.004 0.989 
476   ZFPB12    (0)   16 :  0.004 0.003 0.005 0.988 
477   ZFPB13    (0)   16 :  0.004 0.007 0.008 0.981 
478   ZFPB14    (0)   16 :  0.004 0.007 0.005 0.985 
479   ZFPB15    (0)   16 :  0.006 0.010 0.006 0.979 
480   ZFPB17    (0)   16 :  0.004 0.003 0.005 0.988 
481   ZFPB18    (0)   16 :  0.003 0.004 0.004 0.990 
482   ZFPB19    (0)   16 :  0.008 0.006 0.014 0.973 
483   ZFPB20    (0)   16 :  0.003 0.004 0.005 0.989 
484   ZFPB21    (0)   16 :  0.005 0.008 0.006 0.981 
485   ZFPB22    (0)   16 :  0.004 0.003 0.005 0.989 
486   ZFPB23    (0)   16 :  0.004 0.005 0.005 0.985 
487   ZFSF01    (0)   17 :  0.006 0.004 0.905 0.085 
488   ZFSF02    (0)   17 :  0.025 0.038 0.513 0.424 
489   ZFSF03    (0)   17 :  0.005 0.004 0.902 0.089 
490   ZFSF04    (0)   17 :  0.007 0.006 0.980 0.006 
491  ZFSW101    (0)   18 :  0.008 0.040 0.946 0.006 
492  ZFSW102    (0)   18 :  0.007 0.008 0.979 0.006 
493  ZFSW103    (0)   18 :  0.014 0.026 0.952 0.007 
494  ZFSW104    (9)   18 :  0.021 0.029 0.932 0.018 
495  ZFSW105    (0)   18 :  0.007 0.025 0.963 0.005 
496  ZFSW106    (0)   18 :  0.010 0.027 0.923 0.039 
497  ZFSW107    (0)   18 :  0.005 0.007 0.983 0.006 
498  ZFSW108    (0)   18 :  0.004 0.003 0.985 0.007 
499  ZFSW109    (0)   18 :  0.009 0.007 0.980 0.004 
500  ZFSW110    (0)   18 :  0.009 0.024 0.960 0.007 
501  ZFSW111    (0)   18 :  0.014 0.075 0.904 0.008 
502  ZFSW112    (0)   18 :  0.027 0.016 0.952 0.006 
503  ZFSW113    (0)   18 :  0.012 0.032 0.943 0.014 
504  ZFSW114    (0)   18 :  0.006 0.008 0.980 0.006 
505  ZFSW115    (0)   18 :  0.006 0.009 0.960 0.025 
506  ZFSW116    (0)   18 :  0.008 0.023 0.957 0.012 
507  ZFSW117    (0)   18 :  0.013 0.038 0.937 0.011 
508  ZFSW119    (0)   18 :  0.007 0.003 0.982 0.008 
509  ZFSW120    (0)   18 :  0.003 0.002 0.985 0.010 
510  ZFSW121    (0)   18 :  0.014 0.032 0.924 0.030 
511  ZFSW122    (0)   18 :  0.008 0.009 0.978 0.005 
512  ZFSW123    (0)   18 :  0.004 0.003 0.988 0.004 
513  ZFSW124    (0)   18 :  0.007 0.004 0.984 0.005 
514  ZFSW201    (0)   19 :  0.006 0.004 0.982 0.008 
515  ZFSW202    (0)   19 :  0.005 0.004 0.986 0.006 
516  ZFSW203    (0)   19 :  0.006 0.004 0.984 0.007 
517  ZFSW204    (0)   19 :  0.009 0.004 0.979 0.007 
518  ZFSW205    (0)   19 :  0.006 0.005 0.984 0.005 
519  ZFSW206    (0)   19 :  0.006 0.005 0.977 0.012 
520  ZFSW207    (0)   19 :  0.007 0.008 0.981 0.005 
521  ZFSW208    (0)   19 :  0.006 0.005 0.979 0.010 
522  ZFSW209    (0)   19 :  0.006 0.006 0.955 0.034 
523  ZFSW210    (0)   19 :  0.017 0.018 0.957 0.008 
524  ZFSW211    (0)   19 :  0.012 0.008 0.953 0.027 
525  ZFSW212    (0)   19 :  0.008 0.006 0.980 0.007 
526  ZFSW213    (0)   19 :  0.008 0.005 0.981 0.005 
527  ZFSW214    (0)   19 :  0.011 0.007 0.976 0.007 
528  ZFSW215    (0)   19 :  0.006 0.004 0.986 0.004 
529  ZFSW216    (0)   19 :  0.010 0.007 0.974 0.008 
530  ZFSW217    (0)   19 :  0.007 0.004 0.983 0.006 
531  ZFSW218    (0)   19 :  0.008 0.005 0.982 0.005 
532  ZFSW219    (0)   19 :  0.013 0.008 0.960 0.019 
533  ZFSW220    (0)   19 :  0.007 0.005 0.976 0.013 
534  ZFSW221    (0)   19 :  0.010 0.007 0.969 0.014 
535  ZFSW222    (0)   19 :  0.004 0.003 0.988 0.006 
536  ZFSW223    (0)   19 :  0.006 0.004 0.976 0.015 
537  ZFSW224    (0)   19 :  0.009 0.007 0.972 0.012 
538  ZFSW225    (0)   19 :  0.007 0.005 0.980 0.008 
539  ZFSW226    (0)   19 :  0.005 0.005 0.985 0.006 
540  ZFSW227    (0)   19 :  0.006 0.005 0.983 0.006 
541  ZFSW229    (0)   19 :  0.006 0.005 0.981 0.008 
542  ZFSW230    (0)   19 :  0.007 0.010 0.978 0.005 
543  ZFSW231    (0)   19 :  0.007 0.005 0.976 0.012 
544  ZFSW232    (0)   19 :  0.005 0.004 0.983 0.007 
545  ZFSW233    (0)   19 :  0.006 0.006 0.975 0.013 
546  ZFSW234    (0)   19 :  0.005 0.004 0.987 0.005 
547  ZFSW235    (0)   19 :  0.009 0.006 0.976 0.009 
548  ZFSW236    (0)   19 :  0.007 0.004 0.984 0.004 
549  ZFSW237    (0)   19 :  0.009 0.005 0.978 0.008 
550  ZFSW238    (0)   19 :  0.042 0.035 0.821 0.102 
551  ZFSW239    (0)   19 :  0.005 0.007 0.984 0.004 
552  ZFSW240    (0)   19 :  0.005 0.003 0.986 0.005 
553   ZFTS01    (0)   20 :  0.003 0.005 0.975 0.016 
554   ZFTS02    (0)   20 :  0.005 0.007 0.979 0.009 
555   ZFTS03    (0)   20 :  0.005 0.004 0.984 0.007 
556   ZFTS04    (0)   20 :  0.004 0.004 0.975 0.017 
557   ZFTS05    (0)   20 :  0.008 0.005 0.803 0.183 
558   ZFTS07    (0)   20 :  0.004 0.004 0.930 0.062 
559   ZFTS08    (0)   20 :  0.004 0.003 0.983 0.010 
560   ZFTS09    (0)   20 :  0.003 0.003 0.976 0.019 
561   ZFTS10    (0)   20 :  0.004 0.004 0.985 0.007 
562   ZFTS11    (0)   20 :  0.004 0.004 0.981 0.011 
563   ZFTS12    (0)   20 :  0.006 0.004 0.970 0.020 
564   ZFTS14    (0)   20 :  0.004 0.005 0.947 0.044 
565   ZFTS15    (0)   20 :  0.004 0.007 0.933 0.056 
566   ZFTS16    (0)   20 :  0.006 0.005 0.982 0.007 
567   ZFTS17    (9)   20 :  0.007 0.005 0.957 0.032 
568   ZFTS18    (0)   20 :  0.005 0.003 0.986 0.007 
569   ZFTS19    (9)   20 :  0.004 0.003 0.985 0.007 
570   ZFTS20    (0)   20 :  0.006 0.003 0.977 0.014 
571   ZFTS21    (0)   20 :  0.004 0.004 0.976 0.017 
572   ZFTS22    (0)   20 :  0.005 0.003 0.977 0.016 
573   ZFTS23    (0)   20 :  0.007 0.006 0.967 0.020 
574   ZFTS24    (0)   20 :  0.006 0.003 0.983 0.008 
575   ZFTS25    (0)   20 :  0.003 0.006 0.966 0.024 
576   ZFTS26    (0)   20 :  0.003 0.003 0.989 0.005 
577   ZFTS27    (0)   20 :  0.007 0.005 0.943 0.045 
578   ZFTS28    (0)   20 :  0.011 0.011 0.711 0.267 
579   ZFTS29    (0)   20 :  0.005 0.003 0.958 0.035 
580   ZFTS30    (0)   20 :  0.005 0.003 0.933 0.059 
581   ZFTS31    (0)   20 :  0.009 0.005 0.959 0.028 
582   ZFTS32    (0)   20 :  0.005 0.005 0.969 0.021 
583   ZFTS33    (0)   20 :  0.006 0.007 0.959 0.028 
584   ZFTS34    (0)   20 :  0.003 0.005 0.983 0.009 
585   ZFTS35    (0)   20 :  0.005 0.004 0.985 0.006 
586   ZFTS36    (0)   20 :  0.005 0.004 0.975 0.016 
587   ZFTS37    (0)   20 :  0.006 0.004 0.980 0.010 
588   ZFTS38    (0)   20 :  0.006 0.005 0.970 0.019 
589   ZFTS39    (0)   20 :  0.004 0.004 0.979 0.012 
590   ZFTS40    (0)   20 :  0.009 0.013 0.927 0.050 
591 ZFTSP101    (0)   21 :  0.059 0.932 0.005 0.005 
592 ZFTSP102    (0)   21 :  0.947 0.040 0.007 0.007 
593 ZFTSP103    (0)   21 :  0.969 0.023 0.004 0.004 
594 ZFTSP104    (0)   21 :  0.006 0.986 0.003 0.005 
595 ZFTSP105    (0)   21 :  0.742 0.247 0.005 0.005 
596 ZFTSP106    (0)   21 :  0.008 0.981 0.004 0.007 
597 ZFTSP107    (0)   21 :  0.090 0.897 0.004 0.009 
598 ZFTSP108    (0)   21 :  0.029 0.960 0.003 0.008 
599 ZFTSP109    (0)   21 :  0.014 0.970 0.004 0.012 
600 ZFTSP110    (0)   21 :  0.015 0.974 0.004 0.007 
601 ZFTSP111    (0)   21 :  0.022 0.970 0.003 0.004 
602 ZFTSP112    (0)   21 :  0.069 0.921 0.005 0.005 
603 ZFTSP113    (0)   21 :  0.015 0.971 0.004 0.010 
604 ZFTSP114    (0)   21 :  0.035 0.957 0.003 0.005 
605 ZFTSP115    (0)   21 :  0.032 0.960 0.003 0.005 
606 ZFTSP116    (0)   21 :  0.079 0.909 0.004 0.007 
607 ZFTSP117    (0)   21 :  0.009 0.984 0.004 0.004 
608 ZFTSP118    (0)   21 :  0.103 0.886 0.005 0.005 
609 ZFTSP119    (0)   21 :  0.011 0.910 0.036 0.043 
610 ZFTSP120    (0)   21 :  0.044 0.947 0.005 0.003 
611 ZFTSP121    (0)   21 :  0.304 0.620 0.019 0.057 
612 ZFTSP122    (0)   21 :  0.162 0.830 0.003 0.005 
613 ZFTSP123    (0)   21 :  0.007 0.986 0.003 0.004 
614 ZFTSP124    (0)   21 :  0.013 0.980 0.002 0.005 
615 ZFTSP125    (0)   21 :  0.007 0.985 0.003 0.005 
616 ZFTSP126    (0)   21 :  0.018 0.971 0.004 0.008 
617 ZFTSP127    (0)   21 :  0.012 0.980 0.003 0.006 
618 ZFTSP128    (0)   21 :  0.049 0.942 0.003 0.006 
619 ZFTSP129    (0)   21 :  0.025 0.968 0.003 0.004 
620 ZFTSP130    (0)   21 :  0.011 0.982 0.003 0.004 
621 ZFTSP131    (0)   21 :  0.015 0.978 0.003 0.003 
622 ZFTSP132    (0)   21 :  0.043 0.944 0.006 0.007 
623 ZFTSP133    (0)   21 :  0.039 0.955 0.003 0.003 
624 ZFTSP134    (0)   21 :  0.040 0.952 0.003 0.005 
625 ZFTSP135    (0)   21 :  0.047 0.945 0.004 0.004 
626 ZFTSP136    (0)   21 :  0.020 0.971 0.004 0.004 
627 ZFTSP137    (0)   21 :  0.062 0.898 0.011 0.030 
628 ZFTSP138    (0)   21 :  0.020 0.971 0.003 0.006 
629 ZFTSP139    (0)   21 :  0.007 0.987 0.003 0.003 
630 ZFTSP140    (0)   21 :  0.102 0.880 0.005 0.013 
631 ZFTSP141    (0)   21 :  0.179 0.807 0.007 0.007 
632 ZFTSP142    (0)   21 :  0.541 0.446 0.004 0.009 
633 ZFTSP143    (0)   21 :  0.032 0.959 0.005 0.005 
634 ZFTSP144    (0)   21 :  0.178 0.808 0.009 0.006 
635 ZFTSP145    (0)   21 :  0.468 0.524 0.004 0.004 
636 ZFTSP201    (9)   22 :  0.013 0.975 0.004 0.007 
637 ZFTSP202    (0)   22 :  0.182 0.794 0.005 0.019 
638 ZFTSP203    (0)   22 :  0.011 0.979 0.005 0.005 
639 ZFTSP204    (0)   22 :  0.028 0.963 0.006 0.003 
640 ZFTSP205    (0)   22 :  0.076 0.905 0.007 0.012 
641 ZFTSP206    (0)   22 :  0.017 0.971 0.007 0.005 
642 ZFTSP207    (0)   22 :  0.006 0.983 0.007 0.005 
643 ZFTSP208    (0)   22 :  0.014 0.973 0.008 0.005 
644 ZFTSP209    (0)   22 :  0.023 0.970 0.004 0.004 
645 ZFTSP210    (0)   22 :  0.006 0.985 0.004 0.005 
646 ZFTSP211    (0)   22 :  0.046 0.939 0.006 0.009 
647 ZFTSP212    (0)   22 :  0.008 0.986 0.002 0.003 
648 ZFTSP213    (0)   22 :  0.010 0.979 0.003 0.008 
649 ZFTSP214    (0)   22 :  0.886 0.104 0.004 0.006 
650 ZFTSP215    (0)   22 :  0.171 0.819 0.004 0.005 
651 ZFTSP216    (0)   22 :  0.213 0.709 0.018 0.060 
652 ZFTSP217    (0)   22 :  0.007 0.983 0.003 0.007 
653 ZFTSP218    (0)   22 :  0.012 0.977 0.005 0.006 
654 ZFTSP219    (0)   22 :  0.077 0.908 0.007 0.008 
655 ZFTSP220    (0)   22 :  0.051 0.919 0.010 0.020 
656 ZFTSP221    (0)   22 :  0.019 0.969 0.004 0.008 
657 ZFTSP222    (0)   22 :  0.011 0.820 0.008 0.161 
658 ZFTSP223    (0)   22 :  0.016 0.976 0.003 0.004 
659 ZFTSP224    (0)   22 :  0.329 0.662 0.003 0.006 
660 ZFTSP225    (0)   22 :  0.015 0.976 0.005 0.005 
661 ZFTSP226    (0)   22 :  0.164 0.825 0.004 0.007 
662 ZFTSP227    (0)   22 :  0.011 0.968 0.005 0.015 
663 ZFTSP228    (0)   22 :  0.258 0.719 0.006 0.017 
664    ZFW01    (0)   23 :  0.006 0.006 0.984 0.005 
665    ZFW02    (0)   23 :  0.005 0.005 0.984 0.006 
666    ZFW03    (0)   23 :  0.004 0.005 0.986 0.005 
667    ZFW04    (0)   23 :  0.005 0.003 0.986 0.005 
668    ZFW05    (0)   23 :  0.056 0.018 0.800 0.126 
669    ZFW06    (0)   23 :  0.006 0.004 0.974 0.016 
670   ZFWB01    (0)   24 :  0.035 0.067 0.039 0.858 
671   ZFWB02    (0)   24 :  0.034 0.020 0.279 0.667 
672   ZFWB03    (0)   24 :  0.031 0.021 0.020 0.928 
673   ZFWB05    (0)   24 :  0.016 0.085 0.136 0.762 
674   ZFWB06    (0)   24 :  0.037 0.065 0.126 0.771 
675   ZFWB07    (0)   24 :  0.017 0.019 0.008 0.955 
676   ZFWB10    (0)   24 :  0.023 0.147 0.174 0.656 
677   ZFWB11    (0)   24 :  0.013 0.012 0.009 0.967 
678   ZFWB12    (0)   24 :  0.099 0.041 0.035 0.825 
679   ZFWB13    (9)   24 :  0.252 0.091 0.013 0.643 
680   ZFWB14    (0)   24 :  0.014 0.066 0.023 0.897 
681   ZFWB15    (9)   24 :  0.022 0.050 0.130 0.798 
682   ZFWB18    (0)   24 :  0.018 0.028 0.006 0.949 
683   ZFWB19    (0)   24 :  0.007 0.006 0.018 0.968 
684   ZFWB20    (0)   24 :  0.007 0.010 0.014 0.970 
685   ZFWB21    (0)   24 :  0.022 0.017 0.010 0.951 
686   ZFWB22    (0)   24 :  0.036 0.045 0.089 0.830 
687   ZFWB23    (0)   24 :  0.262 0.368 0.036 0.334 
688   ZFWB24    (0)   24 :  0.019 0.047 0.027 0.906 
689   ZFWB25    (0)   24 :  0.016 0.033 0.100 0.851 
690   ZFWB26    (0)   24 :  0.009 0.011 0.018 0.962 
691   ZFWB27    (0)   24 :  0.012 0.012 0.012 0.963 
692   ZFWB29    (0)   24 :  0.015 0.013 0.118 0.854 
693   ZFWB30    (0)   24 :  0.027 0.013 0.008 0.952 
694   ZFWB31    (0)   24 :  0.023 0.027 0.006 0.944 
695   ZFWB32    (9)   24 :  0.015 0.013 0.034 0.937 
