

----------------------------------------------------
STRUCTURE by Pritchard, Stephens and Donnelly (2000)
     and Falush, Stephens and Pritchard (2003)
       Code by Pritchard, Falush and Hubisz
             Version 2.3.4 (Jul 2012)
----------------------------------------------------



Command line arguments:   bin\structure -m C:\Users\eschumacher\Documents\GitHub\GCC_QUAC_ZAIN\Data_Files\Structure_Files\ZAIN\ZAIN_rebinned_wild\50-50\mainparams -e C:\Users\eschumacher\Documents\GitHub\GCC_QUAC_ZAIN\Data_Files\Structure_Files\ZAIN\ZAIN_rebinned_wild\50-50\extraparams 
Input File:    C:\Users\eschumacher\Documents\GitHub\GCC_QUAC_ZAIN\Data_Files\Structure_Files\ZAIN\ZAIN_rebinned_wild\project_data

Run parameters:
   751 individuals
   11 loci
   15 populations assumed
   50000 Burn-in period
   50000 Reps


--------------------------------------------
Proportion of membership of each pre-defined
 population in each of the 15 clusters

Given    Inferred Clusters                                                                                           Number of
 Pop       1      2      3      4      5      6      7      8      9     10     11     12     13     14     15      Individuals

  1:     0.005  0.009  0.849  0.027  0.006  0.011  0.008  0.011  0.006  0.006  0.013  0.009  0.020  0.004  0.015       35
  2:     0.017  0.007  0.004  0.008  0.220  0.006  0.019  0.005  0.657  0.013  0.004  0.005  0.008  0.021  0.004       36
  3:     0.008  0.013  0.003  0.006  0.123  0.006  0.009  0.006  0.757  0.019  0.005  0.005  0.006  0.028  0.004       33
  4:     0.857  0.007  0.005  0.007  0.008  0.006  0.036  0.007  0.012  0.009  0.009  0.006  0.007  0.009  0.015       40
  5:     0.006  0.006  0.003  0.005  0.034  0.005  0.005  0.004  0.007  0.904  0.003  0.004  0.003  0.008  0.003       39
  6:     0.017  0.050  0.026  0.028  0.021  0.135  0.012  0.016  0.035  0.014  0.014  0.042  0.553  0.015  0.021       40
  7:     0.018  0.038  0.013  0.025  0.009  0.526  0.044  0.037  0.009  0.010  0.040  0.148  0.040  0.021  0.022       37
  8:     0.006  0.006  0.004  0.011  0.159  0.004  0.005  0.003  0.756  0.013  0.005  0.003  0.005  0.017  0.003       40
  9:     0.004  0.005  0.040  0.822  0.004  0.006  0.039  0.004  0.004  0.006  0.031  0.005  0.009  0.003  0.019       28
 10:     0.020  0.005  0.004  0.005  0.007  0.005  0.914  0.006  0.007  0.004  0.005  0.004  0.004  0.006  0.005       14
 11:     0.006  0.012  0.009  0.015  0.013  0.018  0.022  0.811  0.009  0.027  0.015  0.022  0.007  0.005  0.010       13
 12:     0.021  0.006  0.003  0.005  0.885  0.004  0.006  0.002  0.015  0.027  0.008  0.003  0.004  0.008  0.002       14
 13:     0.009  0.006  0.004  0.005  0.055  0.005  0.014  0.011  0.814  0.011  0.006  0.011  0.005  0.041  0.004       25
 14:     0.007  0.006  0.004  0.005  0.009  0.006  0.005  0.005  0.015  0.005  0.005  0.005  0.005  0.913  0.004       40
 15:     0.756  0.016  0.026  0.010  0.057  0.013  0.024  0.008  0.021  0.019  0.008  0.007  0.020  0.008  0.007       32
 16:     0.003  0.003  0.003  0.003  0.003  0.004  0.003  0.959  0.003  0.003  0.003  0.003  0.002  0.003  0.003       20
 17:     0.007  0.139  0.312  0.061  0.008  0.032  0.008  0.002  0.007  0.005  0.022  0.031  0.331  0.004  0.029        4
 18:     0.010  0.009  0.033  0.089  0.008  0.010  0.008  0.004  0.020  0.005  0.189  0.006  0.549  0.007  0.054       23
 19:     0.006  0.007  0.009  0.023  0.004  0.010  0.006  0.004  0.005  0.004  0.890  0.007  0.010  0.004  0.012       39
 20:     0.004  0.005  0.011  0.012  0.004  0.007  0.010  0.007  0.004  0.004  0.010  0.006  0.006  0.003  0.908       38
 21:     0.008  0.011  0.003  0.006  0.733  0.006  0.007  0.004  0.038  0.115  0.004  0.006  0.005  0.051  0.004       45
 22:     0.013  0.007  0.004  0.006  0.477  0.006  0.023  0.014  0.281  0.115  0.005  0.014  0.005  0.026  0.004       28
 23:     0.007  0.007  0.263  0.102  0.005  0.020  0.004  0.006  0.006  0.008  0.493  0.018  0.052  0.004  0.005        6
 24:     0.006  0.841  0.009  0.016  0.012  0.020  0.010  0.004  0.006  0.011  0.016  0.011  0.015  0.013  0.009       40
 25:     0.009  0.017  0.015  0.012  0.020  0.199  0.019  0.037  0.007  0.009  0.010  0.598  0.019  0.009  0.021       42
--------------------------------------------

Allele-freq. divergence among pops (Net nucleotide distance),
computed using point estimates of P.

      1       2       3       4       5       6       7       8       9      10      11      12      13      14      15      
 1      -    0.1891  0.2867  0.2254  0.1743  0.1506  0.2008  0.3590  0.2125  0.2004  0.1942  0.1632  0.1328  0.2061  0.2737  
 2   0.1891     -    0.3209  0.1986  0.1349  0.1292  0.1924  0.3845  0.1805  0.2543  0.2163  0.1214  0.1293  0.1882  0.2462  
 3   0.2867  0.3209     -    0.1634  0.3312  0.2000  0.3407  0.3267  0.3158  0.4000  0.1940  0.2190  0.1541  0.4420  0.2028  
 4   0.2254  0.1986  0.1634     -    0.2340  0.1228  0.2450  0.3690  0.2510  0.2353  0.0880  0.1337  0.1107  0.3700  0.1770  
 5   0.1743  0.1349  0.3312  0.2340     -    0.1713  0.1935  0.3731  0.0503  0.1411  0.2865  0.1599  0.1501  0.1257  0.3065  
 6   0.1506  0.1292  0.2000  0.1228  0.1713     -    0.1571  0.1968  0.2052  0.2138  0.1181  0.0332  0.0747  0.2976  0.1478  
 7   0.2008  0.1924  0.3407  0.2450  0.1935  0.1571     -    0.3277  0.2107  0.2455  0.2942  0.1643  0.1975  0.2829  0.2466  
 8   0.3590  0.3845  0.3267  0.3690  0.3731  0.1968  0.3277     -    0.3850  0.4575  0.3816  0.1941  0.2853  0.4658  0.2276  
 9   0.2125  0.1805  0.3158  0.2510  0.0503  0.2052  0.2107  0.3850     -    0.2474  0.2858  0.1985  0.1363  0.1143  0.3043  
10   0.2004  0.2543  0.4000  0.2353  0.1411  0.2138  0.2455  0.4575  0.2474     -    0.3128  0.1949  0.2673  0.2956  0.3783  
11   0.1942  0.2163  0.1940  0.0880  0.2865  0.1181  0.2942  0.3816  0.2858  0.3128     -    0.1490  0.1215  0.4002  0.1888  
12   0.1632  0.1214  0.2190  0.1337  0.1599  0.0332  0.1643  0.1941  0.1985  0.1949  0.1490     -    0.0918  0.2623  0.1533  
13   0.1328  0.1293  0.1541  0.1107  0.1501  0.0747  0.1975  0.2853  0.1363  0.2673  0.1215  0.0918     -    0.2063  0.1371  
14   0.2061  0.1882  0.4420  0.3700  0.1257  0.2976  0.2829  0.4658  0.1143  0.2956  0.4002  0.2623  0.2063     -    0.3613  
15   0.2737  0.2462  0.2028  0.1770  0.3065  0.1478  0.2466  0.2276  0.3043  0.3783  0.1888  0.1533  0.1371  0.3613     -    

Average distances (expected heterozygosity) between individuals in same cluster:
cluster  1  : 0.3921 
cluster  2  : 0.3791 
cluster  3  : 0.4104 
cluster  4  : 0.3610 
cluster  5  : 0.4267 
cluster  6  : 0.5020 
cluster  7  : 0.2378 
cluster  8  : 0.2460 
cluster  9  : 0.4011 
cluster 10  : 0.2274 
cluster 11  : 0.2942 
cluster 12  : 0.5453 
cluster 13  : 0.5991 
cluster 14  : 0.3576 
cluster 15  : 0.3731 

--------------------------------------------
Estimated Ln Prob of Data   = -12963.4
Mean value of ln likelihood = -12444.5
Variance of ln likelihood   = 1037.8
Mean value of alpha         = 0.0313

Mean value of Fst_1         = 0.4172
Mean value of Fst_2         = 0.4282
Mean value of Fst_3         = 0.4702
Mean value of Fst_4         = 0.5245
Mean value of Fst_5         = 0.4573
Mean value of Fst_6         = 0.1663
Mean value of Fst_7         = 0.6590
Mean value of Fst_8         = 0.6385
Mean value of Fst_9         = 0.4146
Mean value of Fst_10         = 0.6768
Mean value of Fst_11         = 0.5232
Mean value of Fst_12         = 0.1484
Mean value of Fst_13         = 0.1464
Mean value of Fst_14         = 0.4817
Mean value of Fst_15         = 0.5376


Inferred ancestry of individuals:
        Label (%Miss) Pop:  Inferred clusters
  1    ZFB01    (0)    1 :  0.004 0.003 0.945 0.007 0.003 0.003 0.002 0.003 0.003 0.003 0.010 0.003 0.004 0.002 0.006 
  2    ZFB02    (0)    1 :  0.010 0.006 0.768 0.020 0.003 0.013 0.008 0.011 0.004 0.003 0.022 0.006 0.023 0.004 0.100 
  3    ZFB03    (0)    1 :  0.006 0.009 0.792 0.035 0.018 0.023 0.005 0.003 0.008 0.043 0.019 0.016 0.015 0.002 0.006 
  4    ZFB04    (0)    1 :  0.007 0.005 0.830 0.021 0.003 0.010 0.009 0.011 0.005 0.003 0.011 0.005 0.015 0.003 0.064 
  5    ZFB05    (0)    1 :  0.007 0.017 0.803 0.007 0.004 0.024 0.034 0.030 0.002 0.008 0.009 0.015 0.005 0.007 0.028 
  6    ZFB06    (0)    1 :  0.006 0.013 0.846 0.007 0.004 0.020 0.014 0.024 0.003 0.008 0.008 0.019 0.005 0.006 0.015 
  7    ZFB07    (9)    1 :  0.004 0.010 0.756 0.057 0.005 0.041 0.006 0.007 0.006 0.005 0.067 0.022 0.008 0.004 0.004 
  8    ZFB08    (0)    1 :  0.007 0.031 0.808 0.028 0.008 0.007 0.009 0.002 0.009 0.006 0.047 0.008 0.011 0.007 0.013 
  9    ZFB09    (0)    1 :  0.003 0.004 0.945 0.008 0.002 0.004 0.003 0.003 0.003 0.003 0.008 0.003 0.005 0.002 0.004 
 10    ZFB10    (0)    1 :  0.004 0.004 0.934 0.005 0.006 0.004 0.006 0.003 0.009 0.002 0.003 0.003 0.008 0.005 0.006 
 11    ZFB11    (0)    1 :  0.003 0.003 0.952 0.005 0.003 0.003 0.003 0.005 0.004 0.002 0.004 0.003 0.005 0.002 0.004 
 12    ZFB12    (0)    1 :  0.004 0.016 0.866 0.019 0.008 0.011 0.003 0.018 0.005 0.008 0.005 0.008 0.012 0.002 0.013 
 13    ZFB13    (0)    1 :  0.006 0.019 0.627 0.164 0.011 0.009 0.018 0.003 0.013 0.006 0.011 0.009 0.076 0.008 0.020 
 14    ZFB14    (0)    1 :  0.007 0.005 0.869 0.043 0.006 0.008 0.008 0.004 0.007 0.005 0.009 0.004 0.016 0.004 0.006 
 15    ZFB15    (0)    1 :  0.003 0.004 0.944 0.008 0.002 0.003 0.003 0.004 0.002 0.002 0.007 0.003 0.004 0.002 0.009 
 16    ZFB16    (0)    1 :  0.003 0.008 0.916 0.008 0.005 0.005 0.009 0.003 0.005 0.003 0.005 0.004 0.008 0.004 0.014 
 17    ZFB17    (0)    1 :  0.009 0.023 0.867 0.006 0.008 0.008 0.021 0.012 0.007 0.002 0.005 0.006 0.012 0.008 0.006 
 18    ZFB18    (0)    1 :  0.003 0.003 0.958 0.004 0.002 0.003 0.003 0.002 0.003 0.002 0.004 0.003 0.005 0.002 0.003 
 19    ZFB19    (0)    1 :  0.004 0.031 0.413 0.038 0.029 0.041 0.006 0.005 0.032 0.007 0.034 0.027 0.313 0.008 0.011 
 20    ZFB20    (0)    1 :  0.003 0.006 0.921 0.005 0.004 0.005 0.012 0.007 0.005 0.002 0.004 0.004 0.006 0.004 0.013 
 21    ZFB21    (0)    1 :  0.003 0.003 0.937 0.011 0.002 0.005 0.004 0.004 0.002 0.004 0.007 0.006 0.003 0.002 0.006 
 22    ZFB22    (0)    1 :  0.006 0.010 0.819 0.016 0.007 0.008 0.004 0.012 0.005 0.002 0.006 0.009 0.021 0.007 0.068 
 23    ZFB23    (0)    1 :  0.003 0.003 0.939 0.009 0.004 0.003 0.004 0.009 0.004 0.006 0.003 0.004 0.004 0.002 0.004 
 24    ZFB24    (0)    1 :  0.003 0.003 0.951 0.004 0.003 0.003 0.004 0.006 0.003 0.002 0.004 0.003 0.003 0.002 0.006 
 25    ZFB25    (0)    1 :  0.004 0.002 0.948 0.008 0.004 0.003 0.003 0.003 0.006 0.003 0.003 0.003 0.004 0.003 0.003 
 26    ZFB26    (0)    1 :  0.003 0.003 0.942 0.004 0.004 0.003 0.006 0.008 0.005 0.003 0.004 0.004 0.003 0.003 0.005 
 27    ZFB27    (0)    1 :  0.003 0.002 0.945 0.006 0.003 0.003 0.002 0.013 0.003 0.002 0.004 0.004 0.004 0.002 0.005 
 28    ZFB28    (0)    1 :  0.007 0.012 0.755 0.052 0.007 0.021 0.009 0.070 0.006 0.008 0.004 0.018 0.022 0.002 0.009 
 29    ZFB29    (0)    1 :  0.004 0.002 0.951 0.004 0.002 0.003 0.006 0.004 0.003 0.002 0.004 0.003 0.005 0.002 0.006 
 30    ZFB30    (0)    1 :  0.003 0.015 0.785 0.006 0.004 0.027 0.003 0.046 0.003 0.006 0.024 0.055 0.006 0.010 0.006 
 31    ZFB31    (0)    1 :  0.008 0.005 0.698 0.159 0.013 0.009 0.005 0.009 0.022 0.006 0.010 0.006 0.039 0.005 0.006 
 32    ZFB32    (0)    1 :  0.017 0.030 0.725 0.051 0.014 0.021 0.015 0.035 0.011 0.013 0.009 0.022 0.021 0.004 0.011 
 33    ZFB33    (0)    1 :  0.002 0.003 0.951 0.007 0.002 0.004 0.003 0.003 0.002 0.002 0.005 0.003 0.004 0.002 0.006 
 34    ZFB34    (0)    1 :  0.010 0.007 0.801 0.071 0.005 0.011 0.006 0.003 0.005 0.005 0.045 0.007 0.013 0.004 0.008 
 35    ZFB35    (0)    1 :  0.007 0.008 0.823 0.053 0.006 0.009 0.010 0.006 0.007 0.006 0.030 0.007 0.008 0.004 0.017 
 36  ZFBP101    (0)    2 :  0.044 0.011 0.007 0.011 0.506 0.009 0.080 0.003 0.248 0.015 0.004 0.005 0.012 0.037 0.009 
 37  ZFBP102    (0)    2 :  0.009 0.007 0.010 0.018 0.547 0.013 0.030 0.002 0.309 0.004 0.004 0.006 0.014 0.012 0.015 
 38  ZFBP103    (0)    2 :  0.082 0.006 0.007 0.006 0.719 0.009 0.039 0.002 0.077 0.016 0.003 0.005 0.011 0.010 0.008 
 39  ZFBP104    (0)    2 :  0.003 0.022 0.008 0.025 0.662 0.010 0.005 0.003 0.199 0.008 0.017 0.010 0.014 0.007 0.008 
 40  ZFBP105    (0)    2 :  0.005 0.007 0.004 0.010 0.227 0.006 0.007 0.004 0.690 0.011 0.005 0.006 0.009 0.005 0.004 
 41  ZFBP106    (0)    2 :  0.006 0.005 0.003 0.003 0.169 0.004 0.010 0.003 0.757 0.016 0.004 0.003 0.003 0.010 0.003 
 42  ZFBP107    (0)    2 :  0.006 0.008 0.008 0.008 0.456 0.008 0.037 0.029 0.387 0.017 0.004 0.016 0.005 0.005 0.007 
 43  ZFBP108    (0)    2 :  0.003 0.003 0.002 0.003 0.011 0.003 0.004 0.003 0.948 0.006 0.003 0.003 0.003 0.004 0.003 
 44  ZFBP109    (0)    2 :  0.004 0.004 0.003 0.004 0.015 0.005 0.004 0.002 0.931 0.005 0.004 0.005 0.006 0.005 0.002 
 45  ZFBP110    (0)    2 :  0.017 0.008 0.009 0.104 0.388 0.017 0.023 0.003 0.290 0.063 0.006 0.014 0.044 0.007 0.007 
 46  ZFBP111    (0)    2 :  0.004 0.012 0.002 0.003 0.577 0.003 0.004 0.003 0.276 0.009 0.003 0.004 0.003 0.093 0.002 
 47  ZFBP112    (0)    2 :  0.015 0.008 0.003 0.004 0.025 0.005 0.018 0.006 0.845 0.011 0.004 0.004 0.005 0.043 0.005 
 48  ZFBP113    (0)    2 :  0.003 0.006 0.003 0.003 0.014 0.005 0.004 0.004 0.937 0.003 0.003 0.004 0.004 0.004 0.003 
 49  ZFBP114    (0)    2 :  0.004 0.002 0.004 0.003 0.213 0.007 0.024 0.013 0.691 0.005 0.004 0.012 0.004 0.010 0.004 
 50  ZFBP115    (0)    2 :  0.008 0.007 0.002 0.003 0.847 0.005 0.008 0.003 0.082 0.014 0.003 0.004 0.003 0.010 0.003 
 51  ZFBP116    (0)    2 :  0.004 0.009 0.002 0.002 0.031 0.004 0.005 0.004 0.915 0.005 0.002 0.004 0.003 0.005 0.003 
 52  ZFBP117    (0)    2 :  0.008 0.004 0.002 0.003 0.012 0.004 0.004 0.002 0.936 0.006 0.003 0.003 0.004 0.006 0.002 
 53  ZFBP118    (0)    2 :  0.004 0.004 0.004 0.003 0.079 0.006 0.022 0.014 0.821 0.004 0.003 0.016 0.003 0.013 0.004 
 54  ZFBP119    (0)    2 :  0.028 0.014 0.003 0.004 0.419 0.005 0.015 0.002 0.455 0.019 0.005 0.005 0.006 0.018 0.003 
 55  ZFBP120    (0)    2 :  0.004 0.008 0.005 0.010 0.244 0.007 0.006 0.004 0.676 0.011 0.006 0.006 0.005 0.005 0.004 
 56  ZFBP121    (0)    2 :  0.009 0.005 0.004 0.006 0.031 0.004 0.007 0.003 0.902 0.007 0.006 0.004 0.006 0.004 0.003 
 57  ZFBP122    (9)    2 :  0.004 0.007 0.003 0.003 0.067 0.004 0.006 0.003 0.872 0.006 0.003 0.004 0.004 0.010 0.003 
 58  ZFBP123    (0)    2 :  0.008 0.009 0.002 0.003 0.011 0.006 0.035 0.007 0.885 0.005 0.004 0.004 0.004 0.013 0.004 
 59  ZFBP124    (0)    2 :  0.004 0.004 0.004 0.006 0.018 0.004 0.007 0.004 0.924 0.004 0.007 0.004 0.004 0.004 0.004 
 60  ZFBP125    (0)    2 :  0.006 0.004 0.002 0.002 0.035 0.003 0.006 0.002 0.909 0.008 0.002 0.003 0.003 0.012 0.002 
 61  ZFBP126    (0)    2 :  0.016 0.014 0.008 0.006 0.071 0.018 0.017 0.003 0.785 0.003 0.004 0.008 0.027 0.007 0.012 
 62  ZFBP127    (0)    2 :  0.020 0.003 0.003 0.003 0.167 0.004 0.006 0.003 0.684 0.088 0.004 0.006 0.003 0.004 0.002 
 63  ZFBP128    (0)    2 :  0.018 0.004 0.003 0.004 0.032 0.003 0.008 0.002 0.865 0.018 0.003 0.002 0.004 0.031 0.002 
 64  ZFBP129    (0)    2 :  0.008 0.004 0.003 0.005 0.007 0.006 0.008 0.002 0.799 0.006 0.006 0.004 0.006 0.132 0.003 
 65  ZFBP130    (0)    2 :  0.027 0.009 0.002 0.002 0.043 0.003 0.011 0.004 0.805 0.013 0.002 0.003 0.004 0.070 0.002 
 66  ZFBP131    (0)    2 :  0.003 0.004 0.003 0.003 0.005 0.003 0.003 0.004 0.949 0.003 0.004 0.004 0.004 0.004 0.003 
 67  ZFBP132    (0)    2 :  0.003 0.003 0.003 0.005 0.013 0.003 0.004 0.003 0.935 0.012 0.003 0.003 0.004 0.004 0.002 
 68  ZFBP133    (0)    2 :  0.008 0.006 0.002 0.002 0.008 0.002 0.003 0.002 0.875 0.003 0.004 0.002 0.005 0.076 0.002 
 69  ZFBP134    (0)    2 :  0.016 0.010 0.003 0.004 0.869 0.003 0.003 0.003 0.059 0.005 0.003 0.003 0.005 0.011 0.003 
 70  ZFBP135    (0)    2 :  0.180 0.006 0.009 0.012 0.152 0.009 0.049 0.002 0.493 0.020 0.005 0.004 0.036 0.015 0.007 
 71  ZFBP136    (0)    2 :  0.036 0.008 0.003 0.004 0.233 0.005 0.179 0.010 0.449 0.017 0.004 0.004 0.005 0.039 0.004 
 72  ZFBP201    (0)    3 :  0.004 0.007 0.003 0.007 0.014 0.007 0.005 0.008 0.910 0.011 0.004 0.005 0.006 0.005 0.004 
 73  ZFBP202    (0)    3 :  0.004 0.005 0.004 0.007 0.033 0.004 0.004 0.003 0.903 0.009 0.007 0.004 0.005 0.007 0.003 
 74  ZFBP203    (0)    3 :  0.005 0.026 0.005 0.004 0.017 0.019 0.008 0.051 0.789 0.005 0.005 0.021 0.010 0.018 0.017 
 75  ZFBP204    (0)    3 :  0.013 0.009 0.003 0.005 0.216 0.006 0.036 0.005 0.650 0.016 0.004 0.005 0.006 0.020 0.004 
 76  ZFBP205    (0)    3 :  0.007 0.005 0.002 0.002 0.007 0.004 0.010 0.005 0.933 0.003 0.003 0.003 0.004 0.010 0.003 
 77  ZFBP206    (0)    3 :  0.007 0.011 0.003 0.003 0.008 0.005 0.022 0.007 0.882 0.004 0.006 0.004 0.005 0.029 0.005 
 78  ZFBP207    (0)    3 :  0.013 0.004 0.003 0.007 0.275 0.005 0.008 0.004 0.585 0.073 0.004 0.004 0.004 0.008 0.003 
 79  ZFBP208    (0)    3 :  0.005 0.014 0.002 0.003 0.009 0.008 0.015 0.013 0.899 0.003 0.004 0.005 0.005 0.007 0.007 
 80  ZFBP209    (0)    3 :  0.008 0.005 0.002 0.002 0.007 0.002 0.003 0.002 0.904 0.003 0.003 0.002 0.004 0.049 0.002 
 81  ZFBP210    (0)    3 :  0.005 0.011 0.003 0.007 0.019 0.005 0.006 0.010 0.895 0.011 0.004 0.006 0.005 0.010 0.005 
 82  ZFBP211    (0)    3 :  0.004 0.005 0.005 0.006 0.011 0.004 0.008 0.003 0.925 0.009 0.006 0.004 0.003 0.004 0.003 
 83  ZFBP212    (0)    3 :  0.003 0.003 0.005 0.012 0.224 0.003 0.003 0.003 0.687 0.038 0.004 0.004 0.003 0.005 0.003 
 84  ZFBP213    (0)    3 :  0.009 0.011 0.004 0.006 0.009 0.006 0.026 0.004 0.874 0.011 0.015 0.004 0.006 0.010 0.005 
 85  ZFBP214    (0)    3 :  0.038 0.043 0.004 0.017 0.029 0.009 0.021 0.004 0.632 0.036 0.017 0.008 0.018 0.121 0.003 
 86  ZFBP215    (0)    3 :  0.005 0.004 0.003 0.003 0.009 0.003 0.005 0.002 0.941 0.005 0.004 0.003 0.004 0.006 0.003 
 87  ZFBP216    (0)    3 :  0.005 0.028 0.003 0.006 0.149 0.010 0.005 0.007 0.751 0.005 0.004 0.010 0.006 0.005 0.005 
 88  ZFBP217    (0)    3 :  0.008 0.023 0.004 0.010 0.106 0.005 0.005 0.004 0.573 0.039 0.006 0.008 0.007 0.199 0.002 
 89  ZFBP218    (0)    3 :  0.003 0.006 0.002 0.002 0.022 0.003 0.003 0.003 0.931 0.003 0.003 0.003 0.003 0.010 0.003 
 90  ZFBP219    (0)    3 :  0.003 0.006 0.002 0.003 0.014 0.005 0.004 0.004 0.940 0.003 0.003 0.004 0.004 0.004 0.003 
 91  ZFBP220    (0)    3 :  0.020 0.007 0.003 0.002 0.306 0.004 0.008 0.003 0.584 0.014 0.003 0.003 0.004 0.036 0.003 
 92  ZFBP221    (0)    3 :  0.003 0.005 0.003 0.005 0.519 0.003 0.002 0.004 0.429 0.007 0.004 0.003 0.004 0.007 0.002 
 93  ZFBP222    (0)    3 :  0.007 0.007 0.003 0.003 0.006 0.005 0.004 0.005 0.932 0.003 0.005 0.003 0.007 0.007 0.004 
 94  ZFBP223    (0)    3 :  0.007 0.004 0.005 0.017 0.108 0.006 0.009 0.006 0.610 0.198 0.005 0.006 0.005 0.009 0.004 
 95  ZFBP224    (0)    3 :  0.005 0.007 0.003 0.003 0.012 0.007 0.012 0.004 0.917 0.005 0.007 0.004 0.005 0.005 0.004 
 96  ZFBP225    (0)    3 :  0.014 0.016 0.003 0.003 0.421 0.010 0.010 0.011 0.224 0.018 0.003 0.007 0.006 0.248 0.005 
 97  ZFBP226    (0)    3 :  0.004 0.006 0.003 0.003 0.027 0.004 0.005 0.004 0.921 0.005 0.003 0.004 0.003 0.004 0.004 
 98  ZFBP227    (0)    3 :  0.005 0.096 0.005 0.012 0.416 0.029 0.009 0.004 0.350 0.008 0.017 0.018 0.015 0.007 0.009 
 99  ZFBP228    (0)    3 :  0.015 0.004 0.004 0.005 0.574 0.004 0.005 0.003 0.308 0.055 0.005 0.004 0.004 0.008 0.003 
100  ZFBP229    (0)    3 :  0.007 0.006 0.003 0.002 0.069 0.004 0.003 0.003 0.869 0.004 0.002 0.004 0.005 0.017 0.003 
101  ZFBP230    (0)    3 :  0.025 0.009 0.003 0.003 0.397 0.005 0.008 0.003 0.486 0.010 0.003 0.004 0.005 0.034 0.003 
102  ZFBP231    (0)    3 :  0.004 0.006 0.003 0.007 0.009 0.006 0.014 0.004 0.920 0.006 0.006 0.004 0.004 0.004 0.004 
103  ZFBP232    (0)    3 :  0.004 0.004 0.003 0.004 0.009 0.003 0.005 0.003 0.945 0.003 0.003 0.002 0.003 0.007 0.003 
104  ZFBP233    (0)    3 :  0.005 0.013 0.004 0.009 0.021 0.005 0.009 0.004 0.894 0.006 0.006 0.004 0.005 0.013 0.003 
105   ZFCC01    (0)    4 :  0.919 0.004 0.004 0.005 0.003 0.004 0.008 0.004 0.004 0.004 0.021 0.004 0.005 0.004 0.006 
106   ZFCC03    (0)    4 :  0.943 0.003 0.003 0.003 0.003 0.003 0.005 0.003 0.004 0.008 0.007 0.003 0.004 0.004 0.003 
107   ZFCC04    (0)    4 :  0.930 0.005 0.004 0.004 0.004 0.004 0.012 0.003 0.003 0.005 0.006 0.004 0.005 0.006 0.004 
108   ZFCC05    (0)    4 :  0.855 0.008 0.005 0.008 0.006 0.009 0.045 0.005 0.006 0.018 0.012 0.006 0.005 0.007 0.006 
109   ZFCC08    (0)    4 :  0.912 0.007 0.002 0.002 0.007 0.003 0.009 0.002 0.011 0.005 0.010 0.003 0.005 0.018 0.003 
110   ZFCC09    (0)    4 :  0.941 0.003 0.003 0.004 0.003 0.003 0.006 0.003 0.003 0.007 0.010 0.003 0.003 0.003 0.004 
111   ZFCC10    (0)    4 :  0.906 0.003 0.003 0.004 0.003 0.004 0.007 0.004 0.005 0.004 0.042 0.003 0.004 0.003 0.004 
112   ZFCC11    (0)    4 :  0.924 0.004 0.003 0.005 0.004 0.005 0.007 0.003 0.005 0.012 0.012 0.003 0.004 0.004 0.004 
113   ZFCC12    (0)    4 :  0.725 0.008 0.005 0.010 0.007 0.017 0.035 0.004 0.006 0.009 0.014 0.009 0.018 0.006 0.126 
114   ZFCC13    (0)    4 :  0.905 0.012 0.004 0.004 0.011 0.006 0.007 0.011 0.008 0.007 0.005 0.005 0.004 0.007 0.005 
115   ZFCC14    (0)    4 :  0.897 0.003 0.010 0.006 0.004 0.005 0.023 0.006 0.009 0.005 0.008 0.005 0.011 0.006 0.004 
116   ZFCC15    (0)    4 :  0.937 0.008 0.003 0.003 0.004 0.005 0.005 0.005 0.003 0.004 0.005 0.005 0.004 0.004 0.005 
117   ZFCC16    (0)    4 :  0.929 0.005 0.004 0.005 0.003 0.005 0.015 0.003 0.003 0.004 0.006 0.003 0.005 0.004 0.006 
118   ZFCC17    (0)    4 :  0.887 0.004 0.006 0.005 0.003 0.005 0.045 0.008 0.003 0.005 0.006 0.006 0.004 0.003 0.010 
119   ZFCC18    (0)    4 :  0.930 0.004 0.003 0.004 0.004 0.004 0.008 0.004 0.004 0.008 0.010 0.004 0.004 0.006 0.004 
120   ZFCC19    (0)    4 :  0.930 0.006 0.003 0.006 0.003 0.006 0.009 0.008 0.003 0.003 0.004 0.005 0.005 0.003 0.007 
121   ZFCC20    (0)    4 :  0.927 0.007 0.004 0.005 0.005 0.005 0.011 0.002 0.003 0.007 0.004 0.004 0.004 0.005 0.006 
122   ZFCC21    (0)    4 :  0.784 0.043 0.003 0.007 0.014 0.009 0.012 0.007 0.037 0.003 0.006 0.004 0.032 0.034 0.005 
123   ZFCC22    (0)    4 :  0.618 0.010 0.003 0.003 0.087 0.004 0.011 0.006 0.178 0.005 0.018 0.003 0.005 0.045 0.003 
124   ZFCC26    (0)    4 :  0.943 0.004 0.004 0.004 0.003 0.004 0.007 0.003 0.003 0.004 0.005 0.003 0.004 0.004 0.005 
125   ZFCC27    (0)    4 :  0.950 0.003 0.003 0.003 0.003 0.004 0.006 0.003 0.003 0.006 0.004 0.003 0.003 0.003 0.003 
126   ZFCC29    (0)    4 :  0.905 0.010 0.004 0.015 0.004 0.007 0.015 0.004 0.004 0.005 0.006 0.004 0.005 0.005 0.007 
127   ZFCC30    (0)    4 :  0.941 0.004 0.002 0.003 0.004 0.004 0.007 0.003 0.003 0.010 0.004 0.003 0.003 0.005 0.003 
128   ZFCC32    (0)    4 :  0.912 0.011 0.003 0.004 0.006 0.006 0.010 0.006 0.004 0.006 0.008 0.006 0.004 0.005 0.009 
129   ZFCC33    (0)    4 :  0.604 0.005 0.009 0.008 0.004 0.015 0.310 0.004 0.004 0.008 0.006 0.005 0.008 0.004 0.005 
130   ZFCC34    (0)    4 :  0.611 0.007 0.030 0.017 0.044 0.006 0.048 0.009 0.068 0.080 0.020 0.007 0.009 0.021 0.023 
131   ZFCC35    (0)    4 :  0.953 0.004 0.002 0.002 0.003 0.003 0.007 0.004 0.003 0.004 0.004 0.003 0.002 0.004 0.002 
132   ZFCC36    (0)    4 :  0.889 0.017 0.004 0.004 0.008 0.007 0.011 0.017 0.007 0.004 0.004 0.006 0.005 0.010 0.008 
133   ZFCC37    (0)    4 :  0.750 0.010 0.004 0.012 0.008 0.017 0.030 0.005 0.009 0.007 0.019 0.009 0.027 0.005 0.085 
134   ZFCC40    (0)    4 :  0.920 0.003 0.006 0.003 0.003 0.004 0.015 0.013 0.005 0.003 0.008 0.004 0.004 0.003 0.004 
135   ZFCC42    (0)    4 :  0.052 0.004 0.009 0.070 0.008 0.013 0.521 0.062 0.004 0.038 0.006 0.040 0.017 0.007 0.149 
136   ZFCC44    (0)    4 :  0.935 0.002 0.003 0.003 0.003 0.003 0.015 0.008 0.003 0.010 0.003 0.005 0.003 0.003 0.002 
137   ZFCC45    (9)    4 :  0.806 0.008 0.009 0.008 0.004 0.017 0.055 0.017 0.005 0.009 0.018 0.016 0.013 0.004 0.011 
138   ZFCC46    (0)    4 :  0.883 0.008 0.003 0.005 0.017 0.004 0.015 0.004 0.011 0.009 0.002 0.003 0.005 0.028 0.003 
139   ZFCC47    (0)    4 :  0.860 0.006 0.003 0.009 0.005 0.004 0.008 0.003 0.005 0.005 0.017 0.005 0.009 0.006 0.055 
140   ZFCC48    (0)    4 :  0.852 0.012 0.003 0.006 0.010 0.005 0.016 0.004 0.028 0.003 0.005 0.003 0.009 0.040 0.003 
141   ZFCC50    (0)    4 :  0.944 0.004 0.004 0.004 0.003 0.003 0.009 0.004 0.003 0.003 0.004 0.004 0.004 0.003 0.005 
142   ZFCC51    (0)    4 :  0.948 0.003 0.003 0.004 0.003 0.003 0.004 0.002 0.003 0.010 0.005 0.003 0.003 0.003 0.003 
143   ZFCC52    (0)    4 :  0.869 0.008 0.004 0.004 0.010 0.005 0.040 0.007 0.013 0.006 0.005 0.004 0.004 0.014 0.007 
144   ZFCC53    (0)    4 :  0.952 0.003 0.003 0.003 0.003 0.003 0.005 0.003 0.003 0.006 0.004 0.003 0.003 0.003 0.003 
145  ZFCNS01    (0)    5 :  0.005 0.043 0.002 0.003 0.025 0.030 0.003 0.027 0.005 0.816 0.003 0.022 0.005 0.003 0.009 
146  ZFCNS02    (0)    5 :  0.005 0.003 0.002 0.003 0.004 0.002 0.004 0.002 0.003 0.959 0.003 0.003 0.002 0.004 0.002 
147  ZFCNS05    (0)    5 :  0.007 0.005 0.004 0.007 0.007 0.003 0.005 0.002 0.007 0.933 0.005 0.003 0.003 0.005 0.003 
148  ZFCNS06    (0)    5 :  0.005 0.003 0.003 0.004 0.004 0.003 0.003 0.002 0.004 0.955 0.003 0.003 0.002 0.004 0.002 
149  ZFCNS07    (0)    5 :  0.004 0.003 0.002 0.003 0.006 0.003 0.003 0.002 0.006 0.947 0.003 0.003 0.003 0.010 0.003 
150  ZFCNS10    (0)    5 :  0.004 0.003 0.003 0.003 0.016 0.003 0.003 0.004 0.008 0.939 0.002 0.003 0.002 0.005 0.002 
151  ZFCNS11    (0)    5 :  0.006 0.019 0.002 0.003 0.014 0.012 0.003 0.011 0.005 0.895 0.003 0.012 0.005 0.004 0.007 
152  ZFCNS15    (0)    5 :  0.003 0.004 0.003 0.004 0.036 0.004 0.006 0.002 0.014 0.904 0.003 0.003 0.003 0.007 0.003 
153  ZFCNS17    (0)    5 :  0.006 0.003 0.002 0.003 0.004 0.003 0.004 0.002 0.004 0.956 0.002 0.003 0.002 0.003 0.002 
154  ZFCNS18    (0)    5 :  0.005 0.003 0.003 0.003 0.015 0.003 0.004 0.004 0.008 0.939 0.003 0.003 0.002 0.004 0.002 
155  ZFCNS19    (0)    5 :  0.004 0.003 0.002 0.004 0.004 0.003 0.003 0.002 0.003 0.959 0.003 0.003 0.002 0.004 0.002 
156  ZFCNS20    (0)    5 :  0.005 0.004 0.003 0.003 0.011 0.003 0.007 0.002 0.012 0.926 0.003 0.003 0.004 0.012 0.003 
157  ZFCNS21    (0)    5 :  0.004 0.003 0.002 0.003 0.006 0.003 0.003 0.002 0.003 0.960 0.003 0.003 0.002 0.002 0.002 
158  ZFCNS22    (0)    5 :  0.006 0.005 0.004 0.007 0.010 0.004 0.005 0.002 0.011 0.926 0.005 0.003 0.004 0.005 0.003 
159  ZFCNS23    (0)    5 :  0.012 0.010 0.004 0.004 0.005 0.009 0.021 0.010 0.005 0.886 0.005 0.006 0.004 0.011 0.007 
160  ZFCNS24    (0)    5 :  0.008 0.004 0.002 0.003 0.008 0.003 0.009 0.002 0.005 0.938 0.002 0.003 0.003 0.006 0.003 
161  ZFCNS25    (0)    5 :  0.005 0.004 0.002 0.003 0.012 0.003 0.007 0.002 0.010 0.931 0.003 0.003 0.003 0.010 0.003 
162  ZFCNS26    (0)    5 :  0.003 0.003 0.003 0.004 0.007 0.003 0.003 0.002 0.004 0.956 0.003 0.003 0.002 0.003 0.002 
163  ZFCNS27    (0)    5 :  0.003 0.004 0.003 0.003 0.053 0.003 0.006 0.002 0.019 0.882 0.003 0.003 0.004 0.008 0.003 
164  ZFCNS28    (0)    5 :  0.004 0.003 0.003 0.005 0.004 0.003 0.003 0.002 0.003 0.955 0.004 0.003 0.002 0.004 0.002 
165  ZFCNS29    (0)    5 :  0.007 0.005 0.003 0.004 0.008 0.004 0.008 0.002 0.007 0.935 0.004 0.003 0.003 0.004 0.003 
166  ZFCNS30    (0)    5 :  0.006 0.004 0.003 0.005 0.007 0.004 0.006 0.002 0.004 0.942 0.005 0.003 0.003 0.003 0.003 
167  ZFCNS31    (0)    5 :  0.003 0.003 0.002 0.004 0.005 0.003 0.003 0.002 0.003 0.957 0.003 0.003 0.003 0.004 0.002 
168  ZFCNS32    (0)    5 :  0.004 0.004 0.002 0.004 0.010 0.003 0.006 0.002 0.006 0.939 0.003 0.003 0.003 0.006 0.003 
169  ZFCNS33    (0)    5 :  0.003 0.003 0.002 0.004 0.004 0.002 0.003 0.002 0.003 0.959 0.003 0.003 0.002 0.004 0.002 
170  ZFCNS34    (0)    5 :  0.012 0.005 0.003 0.005 0.006 0.003 0.007 0.002 0.004 0.936 0.004 0.003 0.003 0.004 0.003 
171  ZFCNS35    (0)    5 :  0.007 0.003 0.006 0.048 0.019 0.003 0.003 0.002 0.011 0.872 0.007 0.003 0.011 0.004 0.002 
172  ZFCNS36    (0)    5 :  0.009 0.004 0.002 0.003 0.007 0.003 0.009 0.002 0.005 0.937 0.003 0.003 0.003 0.008 0.003 
173  ZFCNS37    (0)    5 :  0.005 0.004 0.003 0.005 0.110 0.010 0.006 0.002 0.005 0.823 0.004 0.007 0.004 0.008 0.002 
174  ZFCNS39    (0)    5 :  0.016 0.013 0.002 0.003 0.026 0.005 0.007 0.004 0.007 0.882 0.003 0.006 0.004 0.020 0.002 
175  ZFCNS40    (0)    5 :  0.023 0.009 0.002 0.003 0.114 0.005 0.012 0.003 0.010 0.687 0.003 0.006 0.004 0.118 0.002 
176  ZFCNS41    (0)    5 :  0.016 0.011 0.003 0.012 0.641 0.009 0.011 0.004 0.012 0.247 0.005 0.009 0.010 0.005 0.004 
177  ZFCNS42    (0)    5 :  0.003 0.003 0.002 0.003 0.006 0.003 0.003 0.002 0.004 0.958 0.003 0.003 0.002 0.003 0.002 
178  ZFCNS43    (0)    5 :  0.004 0.003 0.002 0.003 0.004 0.003 0.004 0.002 0.003 0.959 0.003 0.003 0.002 0.003 0.002 
179  ZFCNS44    (0)    5 :  0.005 0.003 0.003 0.003 0.014 0.003 0.003 0.004 0.007 0.942 0.003 0.003 0.002 0.003 0.002 
180  ZFCNS46    (0)    5 :  0.005 0.004 0.003 0.004 0.010 0.005 0.006 0.002 0.006 0.939 0.004 0.004 0.003 0.003 0.003 
181  ZFCNS47    (0)    5 :  0.003 0.003 0.002 0.003 0.004 0.003 0.004 0.002 0.003 0.960 0.003 0.003 0.002 0.003 0.002 
182  ZFCNS48    (0)    5 :  0.006 0.004 0.004 0.004 0.032 0.003 0.005 0.004 0.012 0.906 0.004 0.003 0.003 0.006 0.003 
183  ZFCNS49    (0)    5 :  0.003 0.003 0.004 0.004 0.051 0.003 0.003 0.004 0.011 0.900 0.003 0.003 0.002 0.004 0.002 
184   ZFCR01    (0)    6 :  0.006 0.003 0.006 0.004 0.004 0.079 0.003 0.007 0.014 0.003 0.016 0.044 0.791 0.007 0.013 
185   ZFCR02    (0)    6 :  0.028 0.006 0.039 0.005 0.007 0.037 0.015 0.011 0.015 0.005 0.004 0.010 0.799 0.012 0.007 
186   ZFCR03    (0)    6 :  0.013 0.014 0.011 0.014 0.005 0.010 0.055 0.031 0.013 0.003 0.009 0.015 0.767 0.007 0.034 
187   ZFCR04    (0)    6 :  0.017 0.010 0.022 0.228 0.034 0.179 0.006 0.035 0.021 0.010 0.066 0.031 0.297 0.025 0.018 
188   ZFCR05    (0)    6 :  0.010 0.012 0.010 0.006 0.004 0.030 0.004 0.007 0.004 0.003 0.015 0.013 0.872 0.004 0.007 
189   ZFCR06    (0)    6 :  0.012 0.005 0.008 0.023 0.033 0.022 0.006 0.003 0.027 0.069 0.009 0.012 0.753 0.011 0.006 
190   ZFCR07    (0)    6 :  0.010 0.081 0.004 0.105 0.030 0.527 0.033 0.006 0.009 0.053 0.007 0.025 0.092 0.004 0.014 
191   ZFCR08    (0)    6 :  0.051 0.006 0.032 0.007 0.011 0.552 0.030 0.027 0.021 0.004 0.058 0.062 0.071 0.045 0.022 
192   ZFCR09    (0)    6 :  0.027 0.016 0.015 0.088 0.046 0.017 0.023 0.081 0.057 0.014 0.008 0.046 0.413 0.019 0.130 
193   ZFCR11    (0)    6 :  0.007 0.025 0.018 0.021 0.042 0.076 0.004 0.006 0.018 0.012 0.018 0.019 0.718 0.003 0.013 
194   ZFCR12    (0)    6 :  0.011 0.015 0.004 0.014 0.058 0.011 0.009 0.004 0.011 0.131 0.004 0.007 0.702 0.017 0.003 
195   ZFCR13    (0)    6 :  0.008 0.176 0.006 0.065 0.011 0.385 0.006 0.003 0.112 0.006 0.005 0.135 0.072 0.006 0.003 
196   ZFCR14    (0)    6 :  0.010 0.036 0.024 0.006 0.010 0.026 0.006 0.005 0.008 0.007 0.011 0.016 0.816 0.013 0.004 
197   ZFCR15    (0)    6 :  0.016 0.026 0.021 0.060 0.017 0.126 0.009 0.013 0.023 0.004 0.018 0.058 0.563 0.041 0.005 
198   ZFCR16    (0)    6 :  0.008 0.012 0.048 0.005 0.007 0.039 0.004 0.003 0.019 0.003 0.007 0.050 0.771 0.020 0.005 
199   ZFCR18    (0)    6 :  0.010 0.006 0.236 0.017 0.006 0.019 0.026 0.004 0.009 0.006 0.008 0.007 0.634 0.005 0.006 
200   ZFCR19    (0)    6 :  0.012 0.010 0.040 0.010 0.014 0.007 0.005 0.004 0.017 0.007 0.005 0.008 0.743 0.052 0.066 
201   ZFCR20    (0)    6 :  0.006 0.033 0.021 0.008 0.009 0.038 0.030 0.004 0.025 0.005 0.016 0.012 0.766 0.006 0.021 
202   ZFCR21    (0)    6 :  0.013 0.028 0.003 0.004 0.006 0.008 0.009 0.004 0.005 0.004 0.004 0.015 0.883 0.012 0.004 
203   ZFCR22    (0)    6 :  0.006 0.071 0.009 0.003 0.007 0.006 0.007 0.004 0.006 0.003 0.002 0.016 0.839 0.016 0.005 
204   ZFCR23    (0)    6 :  0.004 0.043 0.020 0.006 0.044 0.030 0.004 0.058 0.045 0.005 0.004 0.113 0.608 0.007 0.010 
205   ZFCR24    (9)    6 :  0.008 0.075 0.052 0.053 0.011 0.022 0.009 0.004 0.526 0.004 0.028 0.111 0.054 0.006 0.037 
206   ZFCR25    (0)    6 :  0.005 0.014 0.005 0.006 0.006 0.009 0.005 0.002 0.004 0.003 0.010 0.019 0.899 0.004 0.008 
207   ZFCR26    (0)    6 :  0.018 0.219 0.003 0.004 0.011 0.015 0.008 0.004 0.016 0.004 0.012 0.018 0.577 0.017 0.074 
208   ZFCR27    (9)    6 :  0.005 0.032 0.008 0.012 0.003 0.265 0.003 0.004 0.003 0.003 0.016 0.156 0.441 0.003 0.047 
209   ZFCR28    (0)    6 :  0.010 0.006 0.003 0.007 0.025 0.041 0.008 0.007 0.110 0.032 0.007 0.243 0.421 0.075 0.005 
210   ZFCR29    (0)    6 :  0.004 0.015 0.006 0.006 0.003 0.005 0.004 0.004 0.004 0.002 0.005 0.004 0.927 0.004 0.008 
211   ZFCR30    (0)    6 :  0.007 0.056 0.004 0.012 0.013 0.023 0.009 0.005 0.006 0.010 0.008 0.009 0.822 0.008 0.008 
212   ZFCR31    (0)    6 :  0.012 0.023 0.104 0.065 0.080 0.020 0.029 0.014 0.068 0.057 0.011 0.018 0.415 0.018 0.065 
213   ZFCR33    (0)    6 :  0.033 0.024 0.005 0.009 0.014 0.692 0.010 0.014 0.010 0.009 0.027 0.079 0.041 0.015 0.019 
214   ZFCR34    (0)    6 :  0.030 0.207 0.025 0.122 0.049 0.111 0.005 0.020 0.027 0.011 0.005 0.044 0.319 0.013 0.011 
215   ZFCR35    (0)    6 :  0.013 0.005 0.031 0.063 0.006 0.024 0.004 0.017 0.006 0.004 0.009 0.007 0.794 0.005 0.013 
216   ZFCR36    (0)    6 :  0.008 0.025 0.059 0.011 0.010 0.020 0.006 0.017 0.006 0.021 0.007 0.011 0.783 0.004 0.012 
217   ZFCR37    (0)    6 :  0.041 0.500 0.039 0.025 0.004 0.213 0.013 0.015 0.004 0.004 0.037 0.025 0.035 0.004 0.039 
218   ZFCR38    (0)    6 :  0.034 0.031 0.005 0.010 0.008 0.592 0.011 0.007 0.008 0.007 0.031 0.095 0.099 0.013 0.050 
219   ZFCR39    (0)    6 :  0.064 0.007 0.025 0.007 0.018 0.525 0.020 0.140 0.051 0.003 0.007 0.020 0.064 0.029 0.021 
220   ZFCR40    (0)    6 :  0.026 0.013 0.017 0.006 0.015 0.259 0.006 0.036 0.009 0.004 0.011 0.061 0.521 0.005 0.011 
221   ZFCR41    (0)    6 :  0.029 0.020 0.004 0.008 0.124 0.020 0.007 0.003 0.007 0.017 0.007 0.011 0.721 0.022 0.003 
222   ZFCR42    (0)    6 :  0.043 0.072 0.007 0.005 0.032 0.263 0.018 0.014 0.023 0.019 0.008 0.035 0.425 0.025 0.012 
223   ZFCR43    (0)    6 :  0.004 0.010 0.040 0.008 0.006 0.044 0.005 0.004 0.052 0.006 0.010 0.010 0.793 0.004 0.004 
224  ZFENP25    (0)    7 :  0.014 0.006 0.004 0.003 0.005 0.822 0.005 0.004 0.009 0.003 0.028 0.057 0.025 0.010 0.004 
225  ZFENP26    (0)    7 :  0.004 0.004 0.005 0.007 0.004 0.880 0.003 0.006 0.003 0.003 0.004 0.062 0.006 0.003 0.006 
226  ZFENP27    (0)    7 :  0.190 0.005 0.019 0.008 0.029 0.369 0.036 0.015 0.019 0.063 0.021 0.075 0.116 0.012 0.023 
227  ZFENP28    (0)    7 :  0.012 0.010 0.007 0.013 0.005 0.502 0.004 0.009 0.004 0.010 0.034 0.357 0.012 0.005 0.017 
228  ZFENP29    (0)    7 :  0.008 0.008 0.004 0.003 0.004 0.670 0.005 0.005 0.004 0.004 0.004 0.241 0.032 0.003 0.005 
229  ZFENP30    (0)    7 :  0.025 0.013 0.005 0.009 0.005 0.694 0.068 0.010 0.005 0.010 0.007 0.125 0.008 0.008 0.009 
230  ZFENP31    (0)    7 :  0.011 0.011 0.018 0.037 0.004 0.179 0.355 0.211 0.005 0.005 0.024 0.081 0.017 0.004 0.037 
231  ZFENP32    (0)    7 :  0.009 0.008 0.010 0.402 0.011 0.209 0.117 0.108 0.015 0.014 0.008 0.034 0.027 0.008 0.018 
232  ZFENP33    (0)    7 :  0.004 0.023 0.005 0.018 0.006 0.854 0.018 0.004 0.005 0.005 0.017 0.016 0.011 0.003 0.009 
233  ZFENP34    (0)    7 :  0.015 0.007 0.016 0.049 0.005 0.424 0.071 0.005 0.005 0.007 0.320 0.033 0.018 0.003 0.021 
234  ZFENP35    (0)    7 :  0.005 0.010 0.019 0.011 0.018 0.590 0.006 0.071 0.007 0.015 0.007 0.226 0.005 0.005 0.005 
235  ZFENP36    (0)    7 :  0.003 0.006 0.005 0.017 0.004 0.717 0.007 0.012 0.003 0.013 0.005 0.193 0.005 0.002 0.008 
236  ZFENP37    (0)    7 :  0.007 0.027 0.007 0.033 0.008 0.536 0.007 0.049 0.006 0.008 0.268 0.027 0.006 0.004 0.008 
237  ZFENP38    (0)    7 :  0.015 0.344 0.006 0.012 0.006 0.389 0.012 0.018 0.006 0.017 0.023 0.127 0.008 0.004 0.016 
238  ZFENP39    (0)    7 :  0.008 0.007 0.006 0.007 0.003 0.888 0.005 0.007 0.003 0.004 0.014 0.009 0.028 0.003 0.007 
239  ZFENP40    (0)    7 :  0.005 0.005 0.008 0.007 0.005 0.893 0.006 0.016 0.006 0.005 0.009 0.006 0.017 0.003 0.008 
240  ZFENP41    (0)    7 :  0.027 0.005 0.012 0.010 0.007 0.842 0.020 0.012 0.007 0.010 0.009 0.020 0.008 0.006 0.004 
241  ZFENP42    (0)    7 :  0.006 0.052 0.003 0.004 0.005 0.446 0.009 0.257 0.003 0.003 0.004 0.182 0.015 0.004 0.006 
242  ZFENP43    (0)    7 :  0.036 0.064 0.005 0.009 0.035 0.513 0.007 0.012 0.007 0.065 0.028 0.176 0.015 0.005 0.022 
243  ZFENP44    (0)    7 :  0.007 0.011 0.004 0.004 0.006 0.882 0.012 0.025 0.004 0.006 0.009 0.017 0.005 0.002 0.006 
244  ZFENP45    (0)    7 :  0.014 0.034 0.008 0.007 0.016 0.168 0.019 0.093 0.023 0.009 0.013 0.253 0.015 0.315 0.012 
245  ZFENP46    (0)    7 :  0.003 0.035 0.006 0.013 0.021 0.739 0.010 0.010 0.012 0.007 0.025 0.091 0.012 0.005 0.012 
246  ZFENP47    (0)    7 :  0.041 0.004 0.050 0.012 0.006 0.449 0.013 0.128 0.011 0.003 0.006 0.024 0.128 0.110 0.013 
247  ZFENP48    (0)    7 :  0.018 0.013 0.010 0.015 0.006 0.096 0.265 0.008 0.011 0.007 0.425 0.055 0.035 0.010 0.027 
248  ZFENP49    (0)    7 :  0.008 0.008 0.027 0.011 0.008 0.428 0.112 0.005 0.012 0.005 0.004 0.053 0.292 0.012 0.015 
249  ZFENP50    (0)    7 :  0.004 0.048 0.008 0.005 0.020 0.563 0.005 0.035 0.033 0.004 0.006 0.221 0.023 0.008 0.018 
250  ZFENP51    (0)    7 :  0.007 0.010 0.023 0.016 0.004 0.247 0.034 0.033 0.003 0.006 0.011 0.179 0.020 0.048 0.360 
251  ZFENP52    (0)    7 :  0.006 0.012 0.002 0.003 0.011 0.050 0.006 0.006 0.004 0.008 0.004 0.876 0.005 0.004 0.004 
252  ZFENP53    (0)    7 :  0.009 0.025 0.007 0.008 0.022 0.285 0.009 0.026 0.037 0.009 0.010 0.497 0.019 0.026 0.011 
253  ZFENP54    (0)    7 :  0.019 0.018 0.037 0.004 0.016 0.299 0.025 0.008 0.039 0.005 0.008 0.121 0.383 0.008 0.009 
254  ZFENP55    (0)    7 :  0.003 0.439 0.052 0.016 0.004 0.280 0.009 0.009 0.005 0.004 0.020 0.092 0.035 0.004 0.029 
255  ZFENP56    (0)    7 :  0.006 0.058 0.008 0.013 0.006 0.713 0.008 0.006 0.003 0.009 0.008 0.130 0.008 0.005 0.018 
256  ZFENP57    (0)    7 :  0.004 0.020 0.008 0.032 0.006 0.422 0.015 0.062 0.004 0.011 0.031 0.349 0.017 0.002 0.017 
257  ZFENP58    (0)    7 :  0.022 0.022 0.007 0.051 0.012 0.214 0.280 0.005 0.008 0.014 0.005 0.206 0.035 0.106 0.014 
258  ZFENP59    (0)    7 :  0.065 0.009 0.012 0.012 0.004 0.601 0.036 0.045 0.004 0.005 0.009 0.152 0.033 0.004 0.007 
259  ZFENP60    (0)    7 :  0.009 0.012 0.027 0.020 0.008 0.714 0.005 0.011 0.010 0.006 0.024 0.105 0.025 0.013 0.009 
260  ZFENP61    (0)    7 :  0.008 0.006 0.007 0.009 0.003 0.910 0.005 0.005 0.003 0.003 0.010 0.009 0.014 0.003 0.005 
261 ZFFDSP01    (0)    8 :  0.004 0.008 0.003 0.012 0.137 0.003 0.004 0.003 0.766 0.016 0.006 0.003 0.006 0.026 0.003 
262 ZFFDSP02    (0)    8 :  0.005 0.004 0.003 0.003 0.017 0.003 0.003 0.002 0.939 0.004 0.004 0.003 0.005 0.005 0.002 
263 ZFFDSP04    (0)    8 :  0.004 0.005 0.003 0.006 0.027 0.002 0.003 0.002 0.917 0.003 0.004 0.002 0.006 0.012 0.002 
264 ZFFDSP05    (0)    8 :  0.004 0.007 0.003 0.004 0.349 0.003 0.003 0.003 0.593 0.005 0.003 0.003 0.006 0.010 0.003 
265 ZFFDSP06    (0)    8 :  0.006 0.005 0.002 0.003 0.014 0.002 0.003 0.002 0.937 0.003 0.004 0.002 0.004 0.011 0.002 
266 ZFFDSP07    (0)    8 :  0.011 0.008 0.002 0.003 0.007 0.005 0.021 0.005 0.896 0.004 0.004 0.004 0.005 0.022 0.003 
267 ZFFDSP08    (0)    8 :  0.011 0.012 0.003 0.003 0.034 0.006 0.030 0.004 0.801 0.011 0.003 0.004 0.004 0.071 0.003 
268 ZFFDSP10    (0)    8 :  0.005 0.007 0.004 0.004 0.039 0.005 0.007 0.003 0.895 0.005 0.004 0.003 0.005 0.014 0.003 
269 ZFFDSP11    (0)    8 :  0.004 0.009 0.004 0.005 0.055 0.003 0.003 0.004 0.886 0.003 0.004 0.003 0.005 0.008 0.003 
270 ZFFDSP12    (0)    8 :  0.003 0.004 0.002 0.003 0.010 0.003 0.005 0.003 0.945 0.004 0.003 0.003 0.003 0.008 0.002 
271 ZFFDSP13    (0)    8 :  0.007 0.008 0.003 0.004 0.879 0.005 0.007 0.003 0.050 0.013 0.003 0.005 0.004 0.005 0.003 
