

----------------------------------------------------
STRUCTURE by Pritchard, Stephens and Donnelly (2000)
     and Falush, Stephens and Pritchard (2003)
       Code by Pritchard, Falush and Hubisz
             Version 2.3.4 (Jul 2012)
----------------------------------------------------



Command line arguments:   bin\structure -m C:\Users\eschumacher\Documents\GitHub\GCC_QUAC_ZAIN\Data_Files\Structure_Files\ZAIN\ZAIN_rebinned_wild\50-50\mainparams -e C:\Users\eschumacher\Documents\GitHub\GCC_QUAC_ZAIN\Data_Files\Structure_Files\ZAIN\ZAIN_rebinned_wild\50-50\extraparams 
Input File:    C:\Users\eschumacher\Documents\GitHub\GCC_QUAC_ZAIN\Data_Files\Structure_Files\ZAIN\ZAIN_rebinned_wild\project_data

Run parameters:
   751 individuals
   11 loci
   9 populations assumed
   50000 Burn-in period
   50000 Reps


--------------------------------------------
Proportion of membership of each pre-defined
 population in each of the 9 clusters

Given    Inferred Clusters                                                 Number of
 Pop       1      2      3      4      5      6      7      8      9      Individuals

  1:     0.039  0.006  0.013  0.010  0.004  0.907  0.005  0.007  0.009       35
  2:     0.005  0.019  0.007  0.021  0.013  0.007  0.021  0.241  0.666       36
  3:     0.006  0.009  0.009  0.009  0.019  0.005  0.028  0.136  0.779       33
  4:     0.020  0.894  0.006  0.033  0.009  0.007  0.009  0.008  0.012       40
  5:     0.004  0.007  0.005  0.006  0.922  0.004  0.009  0.036  0.007       39
  6:     0.046  0.027  0.643  0.015  0.013  0.149  0.025  0.027  0.055       40
  7:     0.098  0.027  0.696  0.053  0.012  0.072  0.022  0.010  0.010       37
  8:     0.003  0.006  0.004  0.006  0.013  0.006  0.019  0.188  0.755       40
  9:     0.007  0.004  0.006  0.040  0.014  0.915  0.003  0.006  0.005       28
 10:     0.006  0.022  0.004  0.938  0.005  0.005  0.006  0.007  0.006       14
 11:     0.890  0.006  0.014  0.018  0.038  0.009  0.005  0.012  0.007       13
 12:     0.003  0.024  0.004  0.007  0.030  0.005  0.008  0.903  0.016       14
 13:     0.009  0.009  0.007  0.014  0.011  0.005  0.038  0.051  0.856       25
 14:     0.005  0.008  0.005  0.006  0.006  0.007  0.938  0.010  0.016       40
 15:     0.008  0.824  0.020  0.029  0.016  0.022  0.008  0.051  0.021       32
 16:     0.966  0.004  0.004  0.005  0.004  0.003  0.004  0.004  0.005       20
 17:     0.008  0.008  0.239  0.013  0.004  0.700  0.006  0.012  0.011        4
 18:     0.017  0.012  0.024  0.012  0.005  0.852  0.014  0.016  0.048       23
 19:     0.006  0.008  0.013  0.006  0.006  0.945  0.005  0.005  0.006       39
 20:     0.874  0.006  0.011  0.020  0.004  0.069  0.004  0.005  0.006       38
 21:     0.005  0.009  0.008  0.008  0.124  0.005  0.052  0.747  0.042       45
 22:     0.013  0.013  0.010  0.025  0.122  0.005  0.025  0.483  0.304       28
 23:     0.010  0.007  0.023  0.006  0.008  0.931  0.005  0.005  0.005        6
 24:     0.006  0.009  0.874  0.016  0.011  0.020  0.032  0.020  0.011       40
 25:     0.085  0.011  0.806  0.020  0.012  0.021  0.012  0.024  0.009       42
--------------------------------------------

Allele-freq. divergence among pops (Net nucleotide distance),
computed using point estimates of P.

      1       2       3       4       5       6       7       8       9      
 1      -    0.2484  0.1323  0.2215  0.3541  0.1607  0.3479  0.2778  0.2816  
 2   0.2484     -    0.1267  0.1903  0.1956  0.1679  0.1979  0.1669  0.1999  
 3   0.1323  0.1267     -    0.1490  0.1946  0.0951  0.2039  0.1205  0.1543  
 4   0.2215  0.1903  0.1490     -    0.2436  0.2368  0.2781  0.1892  0.2023  
 5   0.3541  0.1956  0.1946  0.2436     -    0.2745  0.2882  0.1391  0.2398  
 6   0.1607  0.1679  0.0951  0.2368  0.2745     -    0.3359  0.2300  0.2243  
 7   0.3479  0.1979  0.2039  0.2781  0.2882  0.3359     -    0.1215  0.1099  
 8   0.2778  0.1669  0.1205  0.1892  0.1391  0.2300  0.1215     -    0.0470  
 9   0.2816  0.1999  0.1543  0.2023  0.2398  0.2243  0.1099  0.0470     -    

Average distances (expected heterozygosity) between individuals in same cluster:
cluster  1  : 0.4254 
cluster  2  : 0.4070 
cluster  3  : 0.5625 
cluster  4  : 0.2424 
cluster  5  : 0.2322 
cluster  6  : 0.4676 
cluster  7  : 0.3672 
cluster  8  : 0.4300 
cluster  9  : 0.4075 

--------------------------------------------
Estimated Ln Prob of Data   = -13955.5
Mean value of ln likelihood = -13597.9
Variance of ln likelihood   = 715.1
Mean value of alpha         = 0.0328

Mean value of Fst_1         = 0.4195
Mean value of Fst_2         = 0.3936
Mean value of Fst_3         = 0.1272
Mean value of Fst_4         = 0.6358
Mean value of Fst_5         = 0.6430
Mean value of Fst_6         = 0.3630
Mean value of Fst_7         = 0.4164
Mean value of Fst_8         = 0.3945
Mean value of Fst_9         = 0.3549


Inferred ancestry of individuals:
        Label (%Miss) Pop:  Inferred clusters
  1    ZFB01    (0)    1 :  0.008 0.004 0.004 0.002 0.003 0.967 0.003 0.004 0.005 
  2    ZFB02    (0)    1 :  0.044 0.009 0.006 0.006 0.002 0.923 0.003 0.003 0.004 
  3    ZFB03    (0)    1 :  0.004 0.004 0.007 0.005 0.009 0.956 0.003 0.006 0.005 
  4    ZFB04    (0)    1 :  0.056 0.005 0.005 0.007 0.002 0.913 0.003 0.004 0.005 
  5    ZFB05    (0)    1 :  0.155 0.008 0.065 0.045 0.011 0.696 0.011 0.006 0.003 
  6    ZFB06    (0)    1 :  0.091 0.007 0.046 0.019 0.011 0.803 0.015 0.006 0.003 
  7    ZFB07    (9)    1 :  0.009 0.004 0.008 0.006 0.005 0.950 0.004 0.007 0.008 
  8    ZFB08    (0)    1 :  0.005 0.005 0.009 0.007 0.005 0.951 0.006 0.006 0.007 
  9    ZFB09    (0)    1 :  0.005 0.004 0.005 0.003 0.003 0.972 0.003 0.003 0.003 
 10    ZFB10    (0)    1 :  0.010 0.005 0.005 0.007 0.002 0.931 0.006 0.012 0.022 
 11    ZFB11    (0)    1 :  0.026 0.006 0.006 0.008 0.003 0.934 0.003 0.005 0.010 
 12    ZFB12    (0)    1 :  0.035 0.005 0.023 0.003 0.008 0.902 0.004 0.010 0.009 
 13    ZFB13    (0)    1 :  0.006 0.004 0.012 0.011 0.004 0.940 0.007 0.007 0.009 
 14    ZFB14    (0)    1 :  0.003 0.005 0.004 0.005 0.003 0.968 0.003 0.004 0.006 
 15    ZFB15    (0)    1 :  0.013 0.003 0.004 0.003 0.002 0.966 0.002 0.003 0.003 
 16    ZFB16    (0)    1 :  0.012 0.003 0.007 0.013 0.003 0.947 0.004 0.006 0.006 
 17    ZFB17    (0)    1 :  0.030 0.016 0.022 0.039 0.003 0.857 0.011 0.012 0.010 
 18    ZFB18    (0)    1 :  0.003 0.004 0.004 0.003 0.003 0.974 0.003 0.003 0.004 
 19    ZFB19    (0)    1 :  0.008 0.004 0.021 0.006 0.005 0.893 0.008 0.023 0.031 
 20    ZFB20    (0)    1 :  0.040 0.003 0.007 0.015 0.003 0.917 0.004 0.005 0.007 
 21    ZFB21    (0)    1 :  0.010 0.003 0.005 0.004 0.004 0.966 0.002 0.003 0.003 
 22    ZFB22    (0)    1 :  0.059 0.009 0.011 0.006 0.003 0.876 0.011 0.013 0.012 
 23    ZFB23    (0)    1 :  0.034 0.006 0.006 0.010 0.005 0.923 0.003 0.006 0.009 
 24    ZFB24    (0)    1 :  0.047 0.005 0.004 0.012 0.003 0.914 0.003 0.005 0.008 
 25    ZFB25    (0)    1 :  0.007 0.004 0.003 0.004 0.004 0.936 0.005 0.012 0.025 
 26    ZFB26    (0)    1 :  0.088 0.005 0.005 0.019 0.004 0.845 0.004 0.010 0.020 
 27    ZFB27    (0)    1 :  0.099 0.005 0.005 0.004 0.002 0.868 0.003 0.005 0.008 
 28    ZFB28    (0)    1 :  0.123 0.010 0.031 0.015 0.006 0.796 0.003 0.008 0.007 
 29    ZFB29    (0)    1 :  0.024 0.006 0.006 0.017 0.002 0.936 0.002 0.003 0.004 
 30    ZFB30    (0)    1 :  0.225 0.004 0.035 0.006 0.011 0.694 0.013 0.008 0.005 
 31    ZFB31    (0)    1 :  0.007 0.004 0.004 0.004 0.003 0.950 0.005 0.008 0.015 
 32    ZFB32    (0)    1 :  0.071 0.028 0.050 0.026 0.009 0.783 0.004 0.013 0.016 
 33    ZFB33    (0)    1 :  0.011 0.003 0.004 0.003 0.003 0.967 0.002 0.003 0.003 
 34    ZFB34    (0)    1 :  0.004 0.005 0.005 0.003 0.003 0.969 0.003 0.004 0.004 
 35    ZFB35    (0)    1 :  0.008 0.005 0.004 0.006 0.004 0.957 0.003 0.005 0.007 
 36  ZFBP101    (0)    2 :  0.007 0.051 0.010 0.085 0.015 0.010 0.032 0.556 0.235 
 37  ZFBP102    (0)    2 :  0.011 0.012 0.011 0.039 0.005 0.013 0.012 0.614 0.284 
 38  ZFBP103    (0)    2 :  0.007 0.074 0.007 0.048 0.016 0.007 0.010 0.782 0.050 
 39  ZFBP104    (0)    2 :  0.010 0.004 0.032 0.006 0.008 0.040 0.007 0.678 0.215 
 40  ZFBP105    (0)    2 :  0.005 0.005 0.006 0.007 0.013 0.006 0.005 0.239 0.714 
 41  ZFBP106    (0)    2 :  0.003 0.006 0.005 0.011 0.020 0.003 0.009 0.174 0.767 
 42  ZFBP107    (0)    2 :  0.019 0.006 0.010 0.041 0.014 0.006 0.006 0.452 0.447 
 43  ZFBP108    (0)    2 :  0.003 0.003 0.003 0.004 0.006 0.003 0.004 0.011 0.963 
 44  ZFBP109    (0)    2 :  0.002 0.004 0.004 0.004 0.005 0.004 0.005 0.028 0.944 
 45  ZFBP110    (0)    2 :  0.008 0.032 0.022 0.043 0.069 0.032 0.005 0.531 0.258 
 46  ZFBP111    (0)    2 :  0.003 0.004 0.006 0.005 0.009 0.003 0.101 0.612 0.258 
 47  ZFBP112    (0)    2 :  0.006 0.014 0.005 0.016 0.013 0.003 0.042 0.026 0.874 
 48  ZFBP113    (0)    2 :  0.004 0.003 0.005 0.004 0.004 0.003 0.004 0.013 0.961 
 49  ZFBP114    (0)    2 :  0.008 0.005 0.005 0.020 0.005 0.004 0.010 0.159 0.784 
 50  ZFBP115    (0)    2 :  0.003 0.008 0.004 0.009 0.017 0.003 0.009 0.873 0.073 
 51  ZFBP116    (0)    2 :  0.004 0.004 0.006 0.006 0.006 0.003 0.007 0.054 0.911 
 52  ZFBP117    (0)    2 :  0.002 0.008 0.004 0.005 0.005 0.003 0.007 0.016 0.949 
 53  ZFBP118    (0)    2 :  0.007 0.004 0.006 0.017 0.005 0.003 0.013 0.074 0.870 
 54  ZFBP119    (0)    2 :  0.003 0.031 0.007 0.017 0.020 0.003 0.016 0.420 0.482 
 55  ZFBP120    (0)    2 :  0.005 0.004 0.007 0.006 0.014 0.006 0.006 0.281 0.672 
 56  ZFBP121    (0)    2 :  0.003 0.008 0.004 0.007 0.008 0.005 0.005 0.042 0.918 
 57  ZFBP122    (9)    2 :  0.003 0.004 0.004 0.006 0.007 0.003 0.013 0.089 0.871 
 58  ZFBP123    (0)    2 :  0.006 0.008 0.006 0.042 0.005 0.004 0.015 0.014 0.900 
 59  ZFBP124    (0)    2 :  0.004 0.004 0.004 0.008 0.004 0.006 0.004 0.022 0.944 
 60  ZFBP125    (0)    2 :  0.002 0.008 0.003 0.006 0.008 0.002 0.016 0.035 0.919 
 61  ZFBP126    (0)    2 :  0.012 0.025 0.020 0.024 0.003 0.011 0.007 0.188 0.710 
 62  ZFBP127    (0)    2 :  0.003 0.018 0.004 0.007 0.084 0.004 0.004 0.219 0.657 
 63  ZFBP128    (0)    2 :  0.003 0.017 0.003 0.008 0.018 0.004 0.028 0.033 0.888 
 64  ZFBP129    (0)    2 :  0.003 0.009 0.005 0.009 0.007 0.005 0.121 0.008 0.833 
 65  ZFBP130    (0)    2 :  0.003 0.024 0.005 0.009 0.012 0.002 0.074 0.045 0.826 
 66  ZFBP131    (0)    2 :  0.003 0.003 0.004 0.003 0.003 0.003 0.004 0.005 0.970 
 67  ZFBP132    (0)    2 :  0.003 0.004 0.003 0.004 0.014 0.004 0.004 0.012 0.953 
 68  ZFBP133    (0)    2 :  0.002 0.009 0.003 0.003 0.003 0.004 0.090 0.009 0.877 
 69  ZFBP134    (0)    2 :  0.003 0.012 0.004 0.003 0.006 0.004 0.012 0.913 0.042 
 70  ZFBP135    (0)    2 :  0.006 0.201 0.008 0.061 0.016 0.014 0.014 0.180 0.500 
 71  ZFBP136    (0)    2 :  0.007 0.043 0.006 0.160 0.017 0.004 0.042 0.270 0.451 
 72  ZFBP201    (0)    3 :  0.005 0.005 0.006 0.006 0.010 0.005 0.004 0.016 0.942 
 73  ZFBP202    (0)    3 :  0.003 0.004 0.005 0.005 0.009 0.006 0.007 0.034 0.928 
 74  ZFBP203    (0)    3 :  0.040 0.005 0.025 0.008 0.005 0.006 0.017 0.018 0.876 
 75  ZFBP204    (0)    3 :  0.005 0.014 0.006 0.038 0.019 0.004 0.019 0.234 0.662 
 76  ZFBP205    (0)    3 :  0.004 0.006 0.004 0.011 0.003 0.003 0.009 0.006 0.953 
 77  ZFBP206    (0)    3 :  0.006 0.009 0.005 0.027 0.004 0.004 0.033 0.009 0.902 
 78  ZFBP207    (0)    3 :  0.003 0.010 0.004 0.008 0.077 0.004 0.009 0.274 0.609 
 79  ZFBP208    (0)    3 :  0.010 0.005 0.008 0.015 0.003 0.003 0.008 0.011 0.935 
 80  ZFBP209    (0)    3 :  0.002 0.008 0.003 0.003 0.003 0.003 0.055 0.009 0.914 
 81  ZFBP210    (0)    3 :  0.008 0.005 0.007 0.007 0.011 0.005 0.010 0.016 0.933 
 82  ZFBP211    (0)    3 :  0.003 0.005 0.005 0.008 0.010 0.005 0.005 0.013 0.946 
 83  ZFBP212    (0)    3 :  0.003 0.003 0.004 0.003 0.037 0.006 0.006 0.282 0.657 
 84  ZFBP213    (0)    3 :  0.005 0.010 0.006 0.024 0.009 0.007 0.009 0.009 0.921 
 85  ZFBP214    (0)    3 :  0.004 0.051 0.014 0.020 0.038 0.012 0.101 0.038 0.723 
 86  ZFBP215    (0)    3 :  0.003 0.005 0.004 0.005 0.006 0.004 0.007 0.011 0.957 
 87  ZFBP216    (0)    3 :  0.006 0.005 0.014 0.006 0.006 0.004 0.007 0.223 0.729 
 88  ZFBP217    (0)    3 :  0.004 0.007 0.010 0.005 0.043 0.007 0.203 0.113 0.607 
 89  ZFBP218    (0)    3 :  0.003 0.003 0.004 0.003 0.003 0.003 0.011 0.019 0.951 
 90  ZFBP219    (0)    3 :  0.004 0.003 0.005 0.004 0.003 0.003 0.004 0.012 0.963 
 91  ZFBP220    (0)    3 :  0.003 0.016 0.005 0.008 0.014 0.003 0.036 0.321 0.593 
 92  ZFBP221    (0)    3 :  0.003 0.003 0.004 0.002 0.007 0.004 0.008 0.527 0.441 
 93  ZFBP222    (0)    3 :  0.005 0.007 0.005 0.005 0.003 0.004 0.008 0.005 0.958 
 94  ZFBP223    (0)    3 :  0.005 0.009 0.006 0.009 0.190 0.007 0.011 0.162 0.602 
 95  ZFBP224    (0)    3 :  0.004 0.005 0.006 0.012 0.005 0.005 0.005 0.012 0.946 
 96  ZFBP225    (0)    3 :  0.008 0.012 0.009 0.010 0.017 0.003 0.227 0.513 0.201 
 97  ZFBP226    (0)    3 :  0.004 0.003 0.004 0.005 0.005 0.003 0.004 0.027 0.943 
 98  ZFBP227    (0)    3 :  0.015 0.005 0.104 0.009 0.008 0.027 0.007 0.473 0.351 
 99  ZFBP228    (0)    3 :  0.003 0.016 0.004 0.005 0.053 0.005 0.007 0.556 0.350 
100  ZFBP229    (0)    3 :  0.003 0.007 0.005 0.003 0.005 0.003 0.017 0.071 0.886 
101  ZFBP230    (0)    3 :  0.003 0.023 0.006 0.007 0.011 0.003 0.034 0.420 0.493 
102  ZFBP231    (0)    3 :  0.004 0.005 0.005 0.014 0.007 0.005 0.005 0.013 0.942 
103  ZFBP232    (0)    3 :  0.003 0.004 0.003 0.005 0.004 0.003 0.008 0.010 0.961 
104  ZFBP233    (0)    3 :  0.004 0.005 0.005 0.009 0.006 0.006 0.015 0.033 0.916 
105   ZFCC01    (0)    4 :  0.005 0.955 0.004 0.009 0.005 0.009 0.004 0.004 0.004 
106   ZFCC03    (0)    4 :  0.003 0.963 0.003 0.005 0.009 0.005 0.005 0.003 0.004 
107   ZFCC04    (0)    4 :  0.005 0.953 0.004 0.013 0.005 0.005 0.007 0.004 0.004 
108   ZFCC05    (0)    4 :  0.006 0.897 0.007 0.044 0.017 0.009 0.006 0.007 0.006 
109   ZFCC08    (0)    4 :  0.003 0.936 0.004 0.009 0.005 0.004 0.017 0.009 0.013 
110   ZFCC09    (0)    4 :  0.003 0.964 0.003 0.007 0.007 0.006 0.003 0.003 0.004 
111   ZFCC10    (0)    4 :  0.004 0.957 0.004 0.009 0.004 0.011 0.003 0.003 0.005 
112   ZFCC11    (0)    4 :  0.004 0.952 0.004 0.009 0.011 0.006 0.004 0.004 0.005 
113   ZFCC12    (0)    4 :  0.065 0.850 0.013 0.028 0.008 0.018 0.005 0.007 0.006 
114   ZFCC13    (0)    4 :  0.008 0.935 0.007 0.008 0.010 0.004 0.008 0.012 0.009 
115   ZFCC14    (0)    4 :  0.006 0.933 0.005 0.022 0.004 0.010 0.006 0.004 0.009 
116   ZFCC15    (0)    4 :  0.005 0.962 0.006 0.006 0.004 0.004 0.004 0.004 0.004 
117   ZFCC16    (0)    4 :  0.004 0.955 0.004 0.015 0.004 0.006 0.004 0.003 0.004 
118   ZFCC17    (0)    4 :  0.014 0.916 0.005 0.044 0.006 0.006 0.004 0.003 0.003 
119   ZFCC18    (0)    4 :  0.004 0.954 0.004 0.008 0.009 0.006 0.006 0.004 0.004 
120   ZFCC19    (0)    4 :  0.009 0.956 0.007 0.012 0.003 0.004 0.003 0.003 0.003 
121   ZFCC20    (0)    4 :  0.004 0.954 0.005 0.011 0.007 0.005 0.005 0.006 0.004 
122   ZFCC21    (0)    4 :  0.006 0.869 0.015 0.012 0.004 0.006 0.039 0.015 0.033 
123   ZFCC22    (0)    4 :  0.005 0.672 0.005 0.010 0.006 0.007 0.050 0.063 0.182 
124   ZFCC26    (0)    4 :  0.004 0.964 0.004 0.008 0.005 0.005 0.004 0.004 0.004 
125   ZFCC27    (0)    4 :  0.003 0.967 0.003 0.006 0.007 0.004 0.004 0.003 0.003 
126   ZFCC29    (0)    4 :  0.005 0.943 0.006 0.017 0.005 0.008 0.006 0.005 0.004 
127   ZFCC30    (0)    4 :  0.003 0.958 0.004 0.008 0.011 0.003 0.005 0.004 0.003 
128   ZFCC32    (0)    4 :  0.008 0.950 0.007 0.010 0.006 0.005 0.005 0.005 0.004 
129   ZFCC33    (0)    4 :  0.005 0.643 0.007 0.313 0.008 0.010 0.005 0.005 0.005 
130   ZFCC34    (0)    4 :  0.019 0.707 0.006 0.054 0.061 0.026 0.018 0.041 0.066 
131   ZFCC35    (0)    4 :  0.003 0.969 0.003 0.007 0.004 0.003 0.004 0.004 0.004 
132   ZFCC36    (0)    4 :  0.013 0.929 0.009 0.012 0.005 0.004 0.012 0.009 0.008 
133   ZFCC37    (0)    4 :  0.051 0.854 0.015 0.027 0.008 0.022 0.006 0.009 0.009 
134   ZFCC40    (0)    4 :  0.009 0.948 0.004 0.017 0.004 0.006 0.004 0.004 0.006 
135   ZFCC42    (0)    4 :  0.421 0.068 0.008 0.412 0.054 0.016 0.006 0.009 0.005 
136   ZFCC44    (0)    4 :  0.005 0.951 0.003 0.017 0.011 0.003 0.003 0.003 0.003 
137   ZFCC45    (9)    4 :  0.019 0.883 0.013 0.047 0.010 0.014 0.004 0.005 0.005 
138   ZFCC46    (0)    4 :  0.004 0.901 0.005 0.014 0.010 0.003 0.035 0.016 0.011 
139   ZFCC47    (0)    4 :  0.032 0.918 0.005 0.008 0.005 0.015 0.007 0.005 0.005 
140   ZFCC48    (0)    4 :  0.004 0.891 0.005 0.017 0.003 0.006 0.037 0.012 0.025 
141   ZFCC50    (0)    4 :  0.005 0.965 0.004 0.010 0.003 0.004 0.003 0.003 0.003 
142   ZFCC51    (0)    4 :  0.003 0.964 0.003 0.005 0.011 0.004 0.004 0.004 0.003 
143   ZFCC52    (0)    4 :  0.007 0.900 0.006 0.039 0.007 0.004 0.012 0.010 0.015 
144   ZFCC53    (0)    4 :  0.003 0.970 0.003 0.005 0.006 0.004 0.003 0.003 0.003 
145  ZFCNS01    (0)    5 :  0.028 0.008 0.048 0.003 0.858 0.002 0.003 0.043 0.006 
146  ZFCNS02    (0)    5 :  0.002 0.005 0.003 0.004 0.971 0.003 0.004 0.005 0.003 
147  ZFCNS05    (0)    5 :  0.003 0.006 0.004 0.006 0.957 0.005 0.005 0.008 0.007 
148  ZFCNS06    (0)    5 :  0.003 0.005 0.003 0.004 0.971 0.003 0.004 0.004 0.004 
149  ZFCNS07    (0)    5 :  0.003 0.004 0.003 0.003 0.963 0.003 0.009 0.006 0.007 
150  ZFCNS10    (0)    5 :  0.003 0.005 0.003 0.003 0.954 0.003 0.005 0.017 0.007 
151  ZFCNS11    (0)    5 :  0.013 0.008 0.016 0.003 0.928 0.003 0.005 0.018 0.006 
152  ZFCNS15    (0)    5 :  0.003 0.003 0.004 0.006 0.913 0.004 0.007 0.047 0.015 
153  ZFCNS17    (0)    5 :  0.002 0.005 0.003 0.004 0.970 0.003 0.004 0.004 0.004 
154  ZFCNS18    (0)    5 :  0.003 0.005 0.003 0.003 0.956 0.003 0.004 0.015 0.007 
155  ZFCNS19    (0)    5 :  0.002 0.004 0.003 0.003 0.975 0.003 0.003 0.004 0.003 
156  ZFCNS20    (0)    5 :  0.003 0.005 0.004 0.007 0.940 0.003 0.014 0.011 0.013 
157  ZFCNS21    (0)    5 :  0.002 0.004 0.003 0.004 0.975 0.002 0.002 0.005 0.003 
158  ZFCNS22    (0)    5 :  0.003 0.005 0.004 0.006 0.951 0.006 0.005 0.011 0.011 
159  ZFCNS23    (0)    5 :  0.013 0.016 0.010 0.029 0.901 0.005 0.013 0.006 0.006 
160  ZFCNS24    (0)    5 :  0.003 0.008 0.003 0.010 0.954 0.002 0.006 0.008 0.006 
161  ZFCNS25    (0)    5 :  0.003 0.006 0.003 0.008 0.948 0.002 0.009 0.012 0.009 
162  ZFCNS26    (0)    5 :  0.002 0.003 0.003 0.003 0.972 0.003 0.003 0.007 0.004 
163  ZFCNS27    (0)    5 :  0.003 0.003 0.004 0.006 0.893 0.003 0.009 0.061 0.017 
164  ZFCNS28    (0)    5 :  0.002 0.004 0.003 0.003 0.971 0.003 0.004 0.005 0.004 
165  ZFCNS29    (0)    5 :  0.003 0.008 0.004 0.007 0.956 0.004 0.004 0.008 0.007 
166  ZFCNS30    (0)    5 :  0.002 0.006 0.004 0.005 0.964 0.004 0.003 0.007 0.005 
167  ZFCNS31    (0)    5 :  0.003 0.003 0.003 0.003 0.973 0.003 0.004 0.005 0.004 
168  ZFCNS32    (0)    5 :  0.003 0.004 0.003 0.006 0.956 0.003 0.007 0.011 0.006 
169  ZFCNS33    (0)    5 :  0.002 0.004 0.003 0.003 0.973 0.003 0.004 0.005 0.003 
170  ZFCNS34    (0)    5 :  0.003 0.012 0.004 0.007 0.957 0.004 0.005 0.006 0.005 
171  ZFCNS35    (0)    5 :  0.002 0.010 0.004 0.003 0.897 0.024 0.004 0.039 0.017 
172  ZFCNS36    (0)    5 :  0.003 0.009 0.004 0.009 0.952 0.003 0.008 0.007 0.006 
173  ZFCNS37    (0)    5 :  0.002 0.005 0.008 0.006 0.860 0.004 0.008 0.102 0.005 
174  ZFCNS39    (0)    5 :  0.004 0.017 0.008 0.007 0.909 0.002 0.022 0.023 0.008 
175  ZFCNS40    (0)    5 :  0.003 0.023 0.007 0.012 0.711 0.003 0.114 0.118 0.010 
176  ZFCNS41    (0)    5 :  0.004 0.016 0.010 0.011 0.269 0.005 0.006 0.661 0.017 
177  ZFCNS42    (0)    5 :  0.002 0.003 0.003 0.003 0.972 0.003 0.003 0.006 0.004 
178  ZFCNS43    (0)    5 :  0.002 0.005 0.003 0.004 0.973 0.003 0.003 0.004 0.003 
179  ZFCNS44    (0)    5 :  0.003 0.005 0.003 0.003 0.959 0.003 0.003 0.014 0.007 
180  ZFCNS46    (0)    5 :  0.002 0.005 0.004 0.006 0.959 0.004 0.004 0.009 0.007 
181  ZFCNS47    (0)    5 :  0.002 0.004 0.003 0.003 0.974 0.003 0.003 0.005 0.003 
182  ZFCNS48    (0)    5 :  0.004 0.007 0.004 0.005 0.929 0.004 0.005 0.029 0.013 
183  ZFCNS49    (0)    5 :  0.003 0.003 0.003 0.003 0.912 0.003 0.004 0.057 0.011 
184   ZFCR01    (0)    6 :  0.031 0.021 0.370 0.003 0.003 0.484 0.028 0.011 0.050 
185   ZFCR02    (0)    6 :  0.015 0.032 0.800 0.018 0.005 0.078 0.016 0.008 0.027 
186   ZFCR03    (0)    6 :  0.111 0.026 0.320 0.069 0.003 0.354 0.033 0.014 0.071 
187   ZFCR04    (0)    6 :  0.034 0.023 0.074 0.010 0.008 0.746 0.041 0.038 0.025 
188   ZFCR05    (0)    6 :  0.010 0.037 0.855 0.005 0.003 0.076 0.005 0.004 0.005 
189   ZFCR06    (0)    6 :  0.009 0.032 0.534 0.007 0.069 0.146 0.033 0.086 0.085 
190   ZFCR07    (0)    6 :  0.009 0.008 0.843 0.041 0.038 0.027 0.004 0.024 0.007 
191   ZFCR08    (0)    6 :  0.106 0.136 0.421 0.044 0.006 0.176 0.068 0.017 0.025 
192   ZFCR09    (0)    6 :  0.457 0.040 0.058 0.011 0.013 0.114 0.018 0.137 0.151 
193   ZFCR11    (0)    6 :  0.012 0.013 0.696 0.005 0.008 0.155 0.003 0.076 0.031 
194   ZFCR12    (0)    6 :  0.004 0.013 0.721 0.008 0.125 0.013 0.025 0.075 0.016 
195   ZFCR13    (0)    6 :  0.003 0.005 0.862 0.005 0.007 0.010 0.005 0.011 0.091 
196   ZFCR14    (0)    6 :  0.005 0.013 0.908 0.005 0.005 0.030 0.015 0.008 0.009 
197   ZFCR15    (0)    6 :  0.011 0.020 0.741 0.013 0.005 0.111 0.051 0.020 0.028 
198   ZFCR16    (0)    6 :  0.006 0.012 0.804 0.005 0.003 0.098 0.035 0.009 0.028 
199   ZFCR18    (0)    6 :  0.006 0.030 0.053 0.086 0.014 0.759 0.015 0.014 0.024 
200   ZFCR19    (0)    6 :  0.108 0.018 0.436 0.006 0.006 0.180 0.191 0.019 0.036 
201   ZFCR20    (0)    6 :  0.037 0.011 0.181 0.043 0.004 0.527 0.016 0.033 0.147 
202   ZFCR21    (0)    6 :  0.004 0.023 0.910 0.006 0.003 0.016 0.010 0.015 0.014 
203   ZFCR22    (0)    6 :  0.005 0.005 0.933 0.007 0.003 0.007 0.021 0.008 0.011 
204   ZFCR23    (0)    6 :  0.026 0.004 0.692 0.003 0.004 0.019 0.007 0.089 0.155 
205   ZFCR24    (9)    6 :  0.019 0.009 0.302 0.013 0.004 0.109 0.008 0.012 0.524 
206   ZFCR25    (0)    6 :  0.006 0.006 0.954 0.007 0.002 0.013 0.004 0.004 0.004 
207   ZFCR26    (0)    6 :  0.059 0.020 0.851 0.008 0.004 0.010 0.022 0.012 0.015 
208   ZFCR27    (9)    6 :  0.042 0.005 0.892 0.003 0.003 0.045 0.003 0.003 0.003 
209   ZFCR28    (0)    6 :  0.007 0.010 0.613 0.007 0.024 0.010 0.103 0.021 0.207 
210   ZFCR29    (0)    6 :  0.006 0.011 0.828 0.005 0.002 0.107 0.008 0.012 0.020 
211   ZFCR30    (0)    6 :  0.006 0.005 0.952 0.006 0.005 0.009 0.006 0.006 0.006 
212   ZFCR31    (0)    6 :  0.067 0.015 0.248 0.032 0.042 0.360 0.037 0.094 0.106 
213   ZFCR33    (0)    6 :  0.069 0.045 0.811 0.009 0.008 0.024 0.009 0.015 0.010 
214   ZFCR34    (0)    6 :  0.021 0.025 0.787 0.005 0.011 0.043 0.016 0.061 0.031 
215   ZFCR35    (0)    6 :  0.011 0.031 0.065 0.011 0.011 0.838 0.010 0.013 0.009 
216   ZFCR36    (0)    6 :  0.014 0.009 0.844 0.005 0.015 0.092 0.006 0.007 0.008 
217   ZFCR37    (0)    6 :  0.012 0.031 0.906 0.013 0.004 0.020 0.004 0.005 0.004 
218   ZFCR38    (0)    6 :  0.053 0.043 0.842 0.010 0.006 0.026 0.008 0.007 0.006 
219   ZFCR39    (0)    6 :  0.364 0.149 0.246 0.047 0.003 0.021 0.072 0.025 0.072 
220   ZFCR40    (0)    6 :  0.053 0.034 0.849 0.007 0.004 0.023 0.005 0.013 0.013 
221   ZFCR41    (0)    6 :  0.003 0.049 0.852 0.006 0.010 0.014 0.012 0.045 0.009 
222   ZFCR42    (0)    6 :  0.012 0.038 0.859 0.010 0.011 0.009 0.019 0.020 0.021 
223   ZFCR43    (0)    6 :  0.005 0.006 0.792 0.004 0.004 0.063 0.007 0.008 0.111 
224  ZFENP25    (0)    7 :  0.007 0.026 0.869 0.008 0.003 0.060 0.012 0.005 0.011 
225  ZFENP26    (0)    7 :  0.021 0.005 0.943 0.006 0.003 0.012 0.003 0.004 0.003 
226  ZFENP27    (0)    7 :  0.092 0.260 0.193 0.048 0.068 0.277 0.010 0.037 0.015 
227  ZFENP28    (0)    7 :  0.025 0.015 0.906 0.005 0.009 0.027 0.004 0.004 0.004 
228  ZFENP29    (0)    7 :  0.008 0.008 0.955 0.007 0.005 0.006 0.003 0.004 0.004 
229  ZFENP30    (0)    7 :  0.031 0.027 0.760 0.150 0.009 0.009 0.006 0.004 0.005 
230  ZFENP31    (0)    7 :  0.527 0.014 0.036 0.386 0.007 0.017 0.004 0.005 0.005 
231  ZFENP32    (0)    7 :  0.350 0.018 0.170 0.116 0.030 0.255 0.006 0.032 0.023 
232  ZFENP33    (0)    7 :  0.016 0.005 0.902 0.032 0.005 0.025 0.003 0.006 0.006 
233  ZFENP34    (0)    7 :  0.017 0.028 0.137 0.070 0.021 0.702 0.006 0.009 0.010 
234  ZFENP35    (0)    7 :  0.098 0.006 0.818 0.008 0.014 0.021 0.005 0.020 0.010 
235  ZFENP36    (0)    7 :  0.027 0.003 0.922 0.011 0.012 0.015 0.002 0.004 0.003 
236  ZFENP37    (0)    7 :  0.047 0.011 0.806 0.011 0.010 0.097 0.003 0.009 0.006 
237  ZFENP38    (0)    7 :  0.010 0.010 0.929 0.014 0.014 0.007 0.004 0.007 0.005 
238  ZFENP39    (0)    7 :  0.033 0.012 0.899 0.006 0.005 0.035 0.003 0.004 0.003 
239  ZFENP40    (0)    7 :  0.089 0.012 0.786 0.017 0.007 0.070 0.004 0.007 0.008 
240  ZFENP41    (0)    7 :  0.049 0.099 0.731 0.062 0.009 0.027 0.010 0.006 0.006 
241  ZFENP42    (0)    7 :  0.264 0.005 0.705 0.008 0.003 0.004 0.004 0.005 0.003 
242  ZFENP43    (0)    7 :  0.021 0.030 0.844 0.007 0.058 0.010 0.004 0.021 0.005 
243  ZFENP44    (0)    7 :  0.149 0.021 0.738 0.029 0.020 0.012 0.003 0.021 0.008 
244  ZFENP45    (0)    7 :  0.086 0.016 0.529 0.021 0.009 0.011 0.292 0.014 0.022 
245  ZFENP46    (0)    7 :  0.021 0.003 0.923 0.007 0.009 0.013 0.004 0.013 0.008 
246  ZFENP47    (0)    7 :  0.520 0.113 0.085 0.020 0.004 0.047 0.189 0.006 0.016 
247  ZFENP48    (0)    7 :  0.024 0.026 0.111 0.250 0.012 0.537 0.016 0.007 0.018 
248  ZFENP49    (0)    7 :  0.022 0.011 0.618 0.209 0.005 0.098 0.013 0.009 0.014 
249  ZFENP50    (0)    7 :  0.033 0.004 0.893 0.005 0.005 0.007 0.007 0.016 0.031 
250  ZFENP51    (0)    7 :  0.676 0.010 0.151 0.039 0.008 0.034 0.072 0.005 0.005 
251  ZFENP52    (0)    7 :  0.013 0.014 0.923 0.007 0.018 0.004 0.003 0.014 0.004 
252  ZFENP53    (0)    7 :  0.021 0.007 0.897 0.007 0.010 0.007 0.016 0.014 0.020 
253  ZFENP54    (0)    7 :  0.012 0.022 0.840 0.026 0.005 0.018 0.011 0.017 0.049 
254  ZFENP55    (0)    7 :  0.009 0.003 0.937 0.009 0.004 0.024 0.004 0.005 0.005 
255  ZFENP56    (0)    7 :  0.012 0.005 0.941 0.011 0.007 0.011 0.004 0.007 0.003 
256  ZFENP57    (0)    7 :  0.123 0.004 0.816 0.013 0.015 0.015 0.002 0.007 0.004 
257  ZFENP58    (0)    7 :  0.011 0.019 0.586 0.266 0.014 0.014 0.075 0.009 0.007 
258  ZFENP59    (0)    7 :  0.127 0.106 0.671 0.053 0.006 0.021 0.004 0.005 0.005 
259  ZFENP60    (0)    7 :  0.021 0.010 0.871 0.006 0.006 0.063 0.010 0.006 0.007 
260  ZFENP61    (0)    7 :  0.017 0.014 0.907 0.009 0.004 0.041 0.003 0.003 0.003 
261 ZFFDSP01    (0)    8 :  0.003 0.005 0.004 0.004 0.017 0.007 0.024 0.115 0.821 
262 ZFFDSP02    (0)    8 :  0.002 0.005 0.004 0.003 0.004 0.003 0.006 0.016 0.956 
263 ZFFDSP04    (0)    8 :  0.002 0.005 0.003 0.003 0.003 0.005 0.013 0.016 0.950 
264 ZFFDSP05    (0)    8 :  0.003 0.005 0.004 0.003 0.005 0.004 0.011 0.464 0.500 
265 ZFFDSP06    (0)    8 :  0.002 0.007 0.003 0.003 0.003 0.003 0.013 0.016 0.950 
266 ZFFDSP07    (0)    8 :  0.005 0.012 0.005 0.021 0.004 0.003 0.024 0.008 0.917 
267 ZFFDSP08    (0)    8 :  0.004 0.012 0.006 0.031 0.012 0.003 0.078 0.053 0.802 
268 ZFFDSP10    (0)    8 :  0.003 0.004 0.005 0.008 0.005 0.004 0.015 0.048 0.907 
269 ZFFDSP11    (0)    8 :  0.004 0.004 0.005 0.003 0.004 0.004 0.008 0.037 0.930 
270 ZFFDSP12    (0)    8 :  0.003 0.004 0.004 0.005 0.005 0.003 0.008 0.012 0.958 
271 ZFFDSP13    (0)    8 :  0.004 0.007 0.006 0.009 0.011 0.003 0.005 0.923 0.033 
272 ZFFDSP14    (0)    8 :  0.003 0.006 0.004 0.007 0.004 0.004 0.016 0.007 0.948 
273 ZFFDSP16    (0)    8 :  0.004 0.008 0.007 0.004 0.015 0.007 0.005 0.022 0.930 
274 ZFFDSP17    (0)    8 :  0.003 0.005 0.005 0.004 0.004 0.004 0.009 0.019 0.947 
275 ZFFDSP18    (0)    8 :  0.002 0.006 0.003 0.004 0.005 0.007 0.012 0.008 0.952 
276 ZFFDSP19    (0)    8 :  0.003 0.025 0.004 0.004 0.139 0.007 0.027 0.049 0.742 
277 ZFFDSP21    (0)    8 :  0.003 0.022 0.004 0.004 0.073 0.006 0.010 0.333 0.545 
278 ZFFDSP22    (0)    8 :  0.002 0.006 0.004 0.004 0.004 0.003 0.073 0.019 0.885 
279 ZFFDSP23    (0)    8 :  0.002 0.006 0.004 0.003 0.009 0.004 0.157 0.176 0.638 
280 ZFFDSP24    (0)    8 :  0.003 0.005 0.004 0.005 0.011 0.006 0.008 0.407 0.551 
281 ZFFDSP26    (9)    8 :  0.003 0.005 0.004 0.004 0.006 0.004 0.014 0.278 0.681 
282 ZFFDSP27    (0)    8 :  0.003 0.004 0.003 0.004 0.009 0.005 0.007 0.031 0.934 
283 ZFFDSP28    (0)    8 :  0.016 0.010 0.012 0.023 0.006 0.051 0.010 0.081 0.790 
284 ZFFDSP30    (0)    8 :  0.008 0.008 0.005 0.010 0.031 0.019 0.009 0.602 0.308 
285 ZFFDSP31    (0)    8 :  0.002 0.006 0.005 0.006 0.008 0.005 0.006 0.016 0.947 
286 ZFFDSP32    (0)    8 :  0.003 0.003 0.004 0.005 0.006 0.003 0.005 0.016 0.955 
287 ZFFDSP33    (0)    8 :  0.003 0.002 0.003 0.003 0.005 0.003 0.005 0.024 0.952 
288 ZFFDSP34    (0)    8 :  0.002 0.008 0.004 0.005 0.005 0.003 0.012 0.021 0.941 
289 ZFFDSP35    (0)    8 :  0.003 0.004 0.004 0.004 0.006 0.005 0.008 0.374 0.593 
290 ZFFDSP37    (0)    8 :  0.003 0.004 0.004 0.005 0.006 0.004 0.005 0.023 0.947 
291 ZFFDSP38    (0)    8 :  0.003 0.004 0.004 0.005 0.007 0.005 0.006 0.014 0.954 
292 ZFFDSP39    (0)    8 :  0.003 0.003 0.003 0.003 0.007 0.003 0.009 0.731 0.238 
293 ZFFDSP40    (0)    8 :  0.003 0.003 0.003 0.004 0.009 0.005 0.005 0.551 0.417 
294 ZFFDSP42    (0)    8 :  0.002 0.006 0.004 0.004 0.009 0.004 0.078 0.145 0.747 
295 ZFFDSP43    (0)    8 :  0.002 0.004 0.003 0.003 0.013 0.004 0.010 0.043 0.917 
296 ZFFDSP44    (0)    8 :  0.003 0.003 0.004 0.006 0.010 0.006 0.005 0.254 0.710 
297 ZFFDSP45    (0)    8 :  0.002 0.005 0.004 0.004 0.008 0.005 0.006 0.043 0.923 
298 ZFFDSP46    (0)    8 :  0.002 0.005 0.004 0.004 0.009 0.005 0.011 0.073 0.887 
299 ZFFDSP47    (0)    8 :  0.003 0.004 0.004 0.004 0.014 0.004 0.013 0.745 0.209 
300 ZFFDSP48    (0)    8 :  0.003 0.004 0.004 0.005 0.013 0.004 0.006 0.690 0.271 
301    ZFI01    (0)    9 :  0.024 0.007 0.009 0.012 0.008 0.927 0.004 0.005 0.004 
302    ZFI02    (0)    9 :  0.011 0.003 0.006 0.004 0.010 0.952 0.004 0.005 0.005 
303    ZFI03    (0)    9 :  0.004 0.004 0.005 0.005 0.008 0.962 0.003 0.004 0.004 
304    ZFI04    (0)    9 :  0.015 0.005 0.008 0.005 0.006 0.949 0.003 0.004 0.004 
305    ZFI05    (0)    9 :  0.005 0.004 0.006 0.008 0.025 0.938 0.003 0.006 0.005 
306    ZFI06    (0)    9 :  0.010 0.003 0.008 0.006 0.061 0.883 0.003 0.016 0.009 
307    ZFI07    (0)    9 :  0.005 0.004 0.006 0.006 0.005 0.963 0.003 0.004 0.003 
308    ZFI08    (0)    9 :  0.007 0.005 0.009 0.005 0.004 0.960 0.003 0.003 0.003 
309    ZFI09    (0)    9 :  0.010 0.004 0.006 0.005 0.007 0.958 0.003 0.005 0.004 
310    ZFI10    (0)    9 :  0.014 0.004 0.008 0.005 0.078 0.875 0.004 0.008 0.006 
311    ZFI11    (0)    9 :  0.014 0.004 0.005 0.007 0.008 0.951 0.003 0.004 0.003 
312    ZFI12    (0)    9 :  0.004 0.005 0.006 0.005 0.013 0.955 0.003 0.005 0.004 
313    ZFI13    (0)    9 :  0.006 0.005 0.006 0.014 0.007 0.951 0.002 0.005 0.004 
314    ZFI14    (0)    9 :  0.005 0.004 0.004 0.005 0.007 0.953 0.003 0.009 0.010 
315    ZFI15    (0)    9 :  0.004 0.004 0.005 0.006 0.005 0.967 0.002 0.004 0.004 
316    ZFI16    (0)    9 :  0.003 0.004 0.004 0.003 0.006 0.971 0.002 0.003 0.003 
317    ZFI17    (0)    9 :  0.008 0.004 0.006 0.005 0.012 0.955 0.002 0.004 0.003 
318    ZFI18    (0)    9 :  0.008 0.003 0.005 0.004 0.007 0.964 0.002 0.004 0.003 
319    ZFI19    (9)    9 :  0.005 0.003 0.005 0.008 0.005 0.966 0.002 0.003 0.003 
320    ZFI20    (0)    9 :  0.005 0.004 0.006 0.003 0.006 0.964 0.003 0.006 0.005 
321    ZFI21    (0)    9 :  0.004 0.003 0.004 0.004 0.013 0.937 0.003 0.020 0.012 
322    ZFI22    (0)    9 :  0.008 0.006 0.005 0.004 0.004 0.960 0.004 0.004 0.005 
323    ZFI23    (0)    9 :  0.004 0.004 0.005 0.004 0.009 0.965 0.002 0.004 0.003 
324    ZFI24    (0)    9 :  0.004 0.006 0.006 0.006 0.012 0.954 0.003 0.005 0.004 
325    ZFI25    (0)    9 :  0.004 0.006 0.006 0.004 0.005 0.961 0.004 0.004 0.005 
326    ZFI26    (0)    9 :  0.004 0.006 0.006 0.008 0.005 0.961 0.003 0.004 0.004 
327    ZFI27    (0)    9 :  0.005 0.004 0.006 0.012 0.040 0.916 0.003 0.008 0.005 
328    ZFK01    (0)    9 :  0.003 0.005 0.003 0.968 0.007 0.003 0.004 0.004 0.003 
329    ZFK02    (0)   10 :  0.003 0.005 0.003 0.968 0.007 0.003 0.003 0.004 0.004 
330    ZFK03    (0)   10 :  0.003 0.005 0.003 0.971 0.005 0.003 0.003 0.004 0.003 
331    ZFK04    (0)   10 :  0.004 0.004 0.003 0.973 0.004 0.004 0.003 0.003 0.003 
332    ZFK05    (0)   10 :  0.012 0.011 0.004 0.953 0.004 0.009 0.003 0.003 0.003 
333    ZFK06    (0)   10 :  0.007 0.011 0.005 0.955 0.004 0.009 0.003 0.003 0.003 
334    ZFK07    (0)   10 :  0.003 0.005 0.004 0.967 0.005 0.002 0.005 0.005 0.003 
335    ZFK08    (0)   10 :  0.004 0.004 0.004 0.970 0.003 0.004 0.003 0.004 0.004 
336    ZFK10    (0)   10 :  0.004 0.005 0.004 0.971 0.004 0.004 0.003 0.003 0.003 
337    ZFK11    (0)   10 :  0.008 0.011 0.005 0.956 0.004 0.007 0.003 0.003 0.003 
338    ZFK12    (0)   10 :  0.003 0.008 0.005 0.957 0.004 0.003 0.008 0.007 0.005 
339    ZFK13    (0)   10 :  0.007 0.008 0.004 0.924 0.004 0.003 0.008 0.022 0.018 
340    ZFK14    (0)   10 :  0.016 0.216 0.008 0.660 0.014 0.008 0.034 0.024 0.020 
341    ZFK15    (0)   10 :  0.011 0.006 0.003 0.942 0.005 0.004 0.005 0.011 0.013 
342    ZFK16    (0)   10 :  0.003 0.006 0.004 0.964 0.005 0.002 0.005 0.006 0.005 
343   ZFLB01    (0)   11 :  0.950 0.003 0.005 0.008 0.005 0.006 0.004 0.010 0.009 
344   ZFLB02    (0)   11 :  0.905 0.003 0.040 0.004 0.004 0.031 0.006 0.005 0.004 
345   ZFLB03    (0)   11 :  0.843 0.005 0.029 0.014 0.079 0.010 0.006 0.008 0.006 
346   ZFLB04    (0)   11 :  0.692 0.006 0.005 0.012 0.221 0.009 0.005 0.035 0.014 
347   ZFLB05    (0)   11 :  0.940 0.003 0.006 0.008 0.018 0.010 0.002 0.009 0.005 
348   ZFLB06    (0)   11 :  0.926 0.007 0.006 0.035 0.006 0.004 0.004 0.005 0.006 
349   ZFLB07    (0)   11 :  0.668 0.011 0.026 0.094 0.133 0.005 0.010 0.037 0.016 
350   ZFLB08    (0)   11 :  0.920 0.004 0.022 0.008 0.006 0.025 0.004 0.006 0.004 
351   ZFLB09    (9)   11 :  0.956 0.005 0.005 0.011 0.004 0.005 0.003 0.005 0.005 
352   ZFLB10    (0)   11 :  0.962 0.003 0.004 0.006 0.008 0.005 0.002 0.005 0.004 
353   ZFLB11    (0)   11 :  0.931 0.012 0.007 0.021 0.004 0.003 0.008 0.007 0.006 
354   ZFLB12    (0)   11 :  0.966 0.005 0.005 0.008 0.004 0.004 0.002 0.003 0.003 
355   ZFLB13    (0)   11 :  0.910 0.012 0.024 0.011 0.009 0.005 0.005 0.015 0.010 
356  ZFLTI01    (0)   12 :  0.002 0.033 0.005 0.006 0.010 0.004 0.012 0.906 0.022 
357  ZFLTI02    (0)   12 :  0.002 0.084 0.005 0.010 0.032 0.005 0.010 0.838 0.014 
358  ZFLTI03    (0)   12 :  0.002 0.010 0.004 0.005 0.014 0.004 0.010 0.945 0.008 
359  ZFLTI04    (0)   12 :  0.003 0.012 0.006 0.013 0.021 0.006 0.006 0.921 0.013 
360  ZFLTI05    (0)   12 :  0.002 0.007 0.004 0.006 0.018 0.004 0.005 0.946 0.008 
361  ZFLTI06    (0)   12 :  0.003 0.007 0.003 0.004 0.006 0.004 0.008 0.952 0.013 
362  ZFLTI07    (0)   12 :  0.003 0.006 0.005 0.005 0.007 0.005 0.004 0.956 0.010 
363  ZFLTI08    (0)   12 :  0.003 0.006 0.006 0.006 0.024 0.008 0.004 0.936 0.008 
364  ZFLTI09    (0)   12 :  0.003 0.006 0.004 0.006 0.008 0.007 0.004 0.948 0.014 
365  ZFLTI10    (0)   12 :  0.002 0.010 0.004 0.005 0.006 0.005 0.004 0.943 0.020 
366  ZFLTI11    (0)   12 :  0.003 0.008 0.003 0.004 0.010 0.005 0.015 0.938 0.015 
367  ZFLTI12    (0)   12 :  0.002 0.021 0.004 0.006 0.011 0.004 0.015 0.922 0.015 
368  ZFLTI13    (0)   12 :  0.003 0.024 0.005 0.008 0.056 0.004 0.011 0.879 0.009 
369  ZFLTI14    (0)   12 :  0.002 0.095 0.006 0.011 0.201 0.007 0.005 0.614 0.060 
370 ZFONF101    (0)   13 :  0.003 0.002 0.003 0.002 0.003 0.003 0.007 0.007 0.971 
371 ZFONF102    (0)   13 :  0.010 0.003 0.006 0.003 0.003 0.004 0.021 0.005 0.943 
372 ZFONF103    (0)   13 :  0.003 0.013 0.005 0.019 0.048 0.005 0.018 0.109 0.780 
373 ZFONF104    (0)   13 :  0.002 0.004 0.002 0.003 0.004 0.002 0.023 0.012 0.948 
374 ZFONF105    (0)   13 :  0.003 0.005 0.004 0.006 0.010 0.003 0.114 0.027 0.830 
375 ZFONF106    (0)   13 :  0.002 0.003 0.003 0.003 0.004 0.003 0.007 0.006 0.969 
376 ZFONF107    (0)   13 :  0.045 0.011 0.021 0.043 0.017 0.018 0.009 0.032 0.806 
377 ZFONF108    (0)   13 :  0.007 0.012 0.006 0.047 0.024 0.006 0.009 0.038 0.851 
378 ZFONF109    (9)   13 :  0.006 0.014 0.004 0.020 0.010 0.005 0.034 0.020 0.887 
379 ZFONF110    (0)   13 :  0.002 0.005 0.003 0.003 0.005 0.002 0.014 0.011 0.954 
380 ZFONF111    (0)   13 :  0.015 0.011 0.025 0.005 0.006 0.011 0.017 0.060 0.851 
381 ZFONF112    (0)   13 :  0.003 0.006 0.003 0.005 0.012 0.005 0.145 0.012 0.808 
382 ZFONF113    (9)   13 :  0.004 0.005 0.005 0.008 0.007 0.003 0.010 0.023 0.935 
383 ZFONF115    (0)   13 :  0.003 0.006 0.004 0.006 0.010 0.005 0.016 0.011 0.938 
384 ZFONF116    (0)   13 :  0.004 0.005 0.004 0.007 0.012 0.004 0.016 0.008 0.939 
385 ZFONF117    (0)   13 :  0.004 0.010 0.006 0.014 0.036 0.005 0.054 0.531 0.341 
386 ZFONF118    (0)   13 :  0.002 0.009 0.004 0.007 0.012 0.006 0.012 0.021 0.926 
387 ZFONF119    (0)   13 :  0.005 0.008 0.004 0.016 0.004 0.003 0.024 0.013 0.923 
388 ZFONF120    (0)   13 :  0.005 0.017 0.005 0.026 0.004 0.003 0.044 0.023 0.873 
389 ZFONF121    (0)   13 :  0.004 0.004 0.004 0.007 0.006 0.004 0.099 0.015 0.856 
390 ZFONF122    (0)   13 :  0.003 0.019 0.007 0.018 0.018 0.007 0.008 0.229 0.691 
391 ZFONF123    (0)   13 :  0.037 0.005 0.009 0.008 0.003 0.005 0.034 0.007 0.891 
392 ZFONF124    (0)   13 :  0.006 0.007 0.004 0.015 0.006 0.003 0.026 0.011 0.924 
393 ZFONF125    (0)   13 :  0.035 0.024 0.024 0.042 0.006 0.006 0.190 0.034 0.639 
394 ZFONF126    (0)   13 :  0.003 0.013 0.005 0.011 0.010 0.005 0.009 0.024 0.922 
395 ZFONF201    (0)   14 :  0.031 0.054 0.018 0.005 0.004 0.096 0.636 0.064 0.093 
396 ZFONF202    (0)   14 :  0.002 0.009 0.003 0.004 0.003 0.004 0.906 0.010 0.058 
397 ZFONF203    (0)   14 :  0.003 0.006 0.006 0.009 0.003 0.004 0.955 0.006 0.008 
398 ZFONF204    (0)   14 :  0.007 0.028 0.007 0.008 0.004 0.007 0.924 0.008 0.006 
399 ZFONF206    (0)   14 :  0.014 0.010 0.016 0.003 0.003 0.012 0.932 0.005 0.006 
400 ZFONF207    (0)   14 :  0.003 0.004 0.004 0.005 0.004 0.003 0.965 0.005 0.006 
401 ZFONF208    (0)   14 :  0.004 0.009 0.005 0.007 0.006 0.005 0.873 0.041 0.051 
402 ZFONF209    (0)   14 :  0.008 0.023 0.007 0.014 0.010 0.012 0.908 0.011 0.008 
403 ZFONF210    (0)   14 :  0.003 0.004 0.003 0.004 0.007 0.003 0.958 0.010 0.009 
404 ZFONF211    (0)   14 :  0.014 0.012 0.010 0.014 0.016 0.004 0.875 0.021 0.034 
405 ZFONF212    (0)   14 :  0.002 0.003 0.003 0.003 0.006 0.003 0.959 0.011 0.011 
406 ZFONF214    (0)   14 :  0.006 0.007 0.006 0.006 0.003 0.003 0.920 0.010 0.039 
407 ZFONF215    (0)   14 :  0.002 0.004 0.003 0.004 0.004 0.003 0.957 0.006 0.017 
408 ZFONF216    (0)   14 :  0.003 0.003 0.003 0.006 0.006 0.002 0.966 0.006 0.005 
409 ZFONF217    (0)   14 :  0.003 0.004 0.003 0.006 0.005 0.003 0.922 0.007 0.047 
410 ZFONF218    (0)   14 :  0.007 0.004 0.006 0.004 0.004 0.003 0.961 0.006 0.005 
411 ZFONF219    (0)   14 :  0.002 0.003 0.002 0.003 0.003 0.002 0.977 0.004 0.005 
412 ZFONF220    (0)   14 :  0.003 0.006 0.004 0.007 0.004 0.003 0.932 0.005 0.036 
413 ZFONF222    (0)   14 :  0.007 0.004 0.005 0.004 0.004 0.003 0.965 0.003 0.004 
414 ZFONF223    (0)   14 :  0.008 0.003 0.006 0.005 0.003 0.004 0.958 0.004 0.008 
415 ZFONF224    (0)   14 :  0.002 0.003 0.003 0.003 0.004 0.002 0.975 0.004 0.004 
416 ZFONF225    (0)   14 :  0.002 0.004 0.003 0.003 0.004 0.002 0.969 0.005 0.008 
417 ZFONF226    (0)   14 :  0.003 0.005 0.004 0.010 0.004 0.003 0.957 0.007 0.008 
418 ZFONF227    (0)   14 :  0.002 0.003 0.002 0.002 0.004 0.002 0.976 0.004 0.004 
419 ZFONF228    (0)   14 :  0.004 0.004 0.005 0.006 0.014 0.005 0.941 0.011 0.011 
420 ZFONF230    (0)   14 :  0.002 0.005 0.003 0.004 0.003 0.002 0.957 0.010 0.015 
421 ZFONF231    (0)   14 :  0.004 0.007 0.006 0.003 0.005 0.003 0.956 0.007 0.009 
422 ZFONF232    (0)   14 :  0.002 0.003 0.003 0.003 0.003 0.002 0.971 0.005 0.008 
