

----------------------------------------------------
STRUCTURE by Pritchard, Stephens and Donnelly (2000)
     and Falush, Stephens and Pritchard (2003)
       Code by Pritchard, Falush and Hubisz
             Version 2.3.4 (Jul 2012)
----------------------------------------------------



Command line arguments:   bin\structure -m C:\Users\eschumacher\Documents\GitHub\GCC_QUAC_ZAIN\Data_Files\Structure_Files\ZAIN\ZAIN_rebinned_wild\50-50\mainparams -e C:\Users\eschumacher\Documents\GitHub\GCC_QUAC_ZAIN\Data_Files\Structure_Files\ZAIN\ZAIN_rebinned_wild\50-50\extraparams 
Input File:    C:\Users\eschumacher\Documents\GitHub\GCC_QUAC_ZAIN\Data_Files\Structure_Files\ZAIN\ZAIN_rebinned_wild\project_data

Run parameters:
   751 individuals
   11 loci
   10 populations assumed
   50000 Burn-in period
   50000 Reps


--------------------------------------------
Proportion of membership of each pre-defined
 population in each of the 10 clusters

Given    Inferred Clusters                                                        Number of
 Pop       1      2      3      4      5      6      7      8      9     10      Individuals

  1:     0.868  0.007  0.007  0.010  0.013  0.004  0.042  0.005  0.009  0.034       35
  2:     0.006  0.023  0.240  0.008  0.006  0.013  0.010  0.021  0.669  0.005       36
  3:     0.005  0.009  0.132  0.014  0.006  0.019  0.006  0.026  0.779  0.005       33
  4:     0.007  0.918  0.007  0.006  0.005  0.009  0.007  0.008  0.011  0.020       40
  5:     0.004  0.007  0.034  0.006  0.005  0.922  0.004  0.009  0.007  0.003       39
  6:     0.037  0.021  0.022  0.055  0.116  0.015  0.655  0.014  0.035  0.030       40
  7:     0.043  0.032  0.011  0.043  0.685  0.011  0.079  0.024  0.012  0.061       37
  8:     0.006  0.006  0.185  0.006  0.003  0.013  0.005  0.018  0.755  0.003       40
  9:     0.905  0.037  0.006  0.005  0.006  0.011  0.014  0.003  0.005  0.007       28
 10:     0.008  0.848  0.014  0.018  0.017  0.008  0.009  0.008  0.015  0.055       14
 11:     0.011  0.007  0.012  0.008  0.046  0.040  0.006  0.005  0.007  0.859       13
 12:     0.005  0.019  0.909  0.006  0.004  0.028  0.004  0.008  0.015  0.002       14
 13:     0.005  0.010  0.051  0.006  0.008  0.012  0.005  0.035  0.859  0.008       25
 14:     0.007  0.007  0.010  0.006  0.005  0.006  0.006  0.934  0.015  0.005       40
 15:     0.019  0.823  0.053  0.017  0.010  0.017  0.026  0.007  0.021  0.008       32
 16:     0.003  0.004  0.004  0.003  0.006  0.004  0.003  0.004  0.004  0.963       20
 17:     0.374  0.009  0.010  0.143  0.026  0.004  0.412  0.005  0.010  0.007        4
 18:     0.324  0.010  0.009  0.010  0.007  0.005  0.598  0.007  0.018  0.013       23
 19:     0.917  0.007  0.005  0.009  0.015  0.006  0.024  0.004  0.006  0.006       39
 20:     0.062  0.006  0.005  0.011  0.011  0.004  0.018  0.004  0.006  0.871       38
 21:     0.005  0.008  0.750  0.012  0.006  0.118  0.005  0.053  0.038  0.005       45
 22:     0.005  0.017  0.491  0.008  0.013  0.117  0.005  0.026  0.304  0.012       28
 23:     0.902  0.006  0.004  0.006  0.022  0.006  0.037  0.005  0.004  0.008        6
 24:     0.016  0.006  0.013  0.886  0.025  0.011  0.017  0.013  0.007  0.006       40
 25:     0.014  0.011  0.022  0.018  0.829  0.010  0.031  0.011  0.009  0.046       42
--------------------------------------------

Allele-freq. divergence among pops (Net nucleotide distance),
computed using point estimates of P.

      1       2       3       4       5       6       7       8       9      10      
 1      -    0.1620  0.2386  0.1895  0.1005  0.2751  0.0713  0.3531  0.2382  0.1684  
 2   0.1620     -    0.1430  0.1529  0.1197  0.1750  0.1068  0.1860  0.1743  0.2148  
 3   0.2386  0.1430     -    0.1304  0.1603  0.1379  0.1442  0.1230  0.0475  0.2770  
 4   0.1895  0.1529  0.1304     -    0.1131  0.2457  0.1192  0.1837  0.1724  0.2476  
 5   0.1005  0.1197  0.1603  0.1131     -    0.1972  0.0693  0.2737  0.1956  0.1028  
 6   0.2751  0.1750  0.1379  0.2457  0.1972     -    0.2552  0.2890  0.2397  0.3567  
 7   0.0713  0.1068  0.1442  0.1192  0.0693  0.2552     -    0.2060  0.1341  0.1423  
 8   0.3531  0.1860  0.1230  0.1837  0.2737  0.2890  0.2060     -    0.1105  0.3474  
 9   0.2382  0.1743  0.0475  0.1724  0.1956  0.2397  0.1341  0.1105     -    0.2796  
10   0.1684  0.2148  0.2770  0.2476  0.1028  0.3567  0.1423  0.3474  0.2796     -    

Average distances (expected heterozygosity) between individuals in same cluster:
cluster  1  : 0.4443 
cluster  2  : 0.4292 
cluster  3  : 0.4307 
cluster  4  : 0.3915 
cluster  5  : 0.5327 
cluster  6  : 0.2305 
cluster  7  : 0.6028 
cluster  8  : 0.3655 
cluster  9  : 0.4067 
cluster 10  : 0.4233 

--------------------------------------------
Estimated Ln Prob of Data   = -13742.8
Mean value of ln likelihood = -13388.6
Variance of ln likelihood   = 708.4
Mean value of alpha         = 0.0317

Mean value of Fst_1         = 0.4007
Mean value of Fst_2         = 0.4080
Mean value of Fst_3         = 0.4167
Mean value of Fst_4         = 0.4182
Mean value of Fst_5         = 0.1427
Mean value of Fst_6         = 0.6610
Mean value of Fst_7         = 0.1460
Mean value of Fst_8         = 0.4423
Mean value of Fst_9         = 0.3767
Mean value of Fst_10         = 0.4224


Inferred ancestry of individuals:
        Label (%Miss) Pop:  Inferred clusters
  1    ZFB01    (0)    1 :  0.963 0.004 0.004 0.004 0.003 0.003 0.005 0.003 0.004 0.008 
  2    ZFB02    (0)    1 :  0.822 0.010 0.003 0.004 0.008 0.002 0.091 0.003 0.003 0.054 
  3    ZFB03    (0)    1 :  0.946 0.005 0.005 0.005 0.008 0.008 0.012 0.003 0.005 0.004 
  4    ZFB04    (0)    1 :  0.857 0.006 0.003 0.003 0.006 0.002 0.060 0.002 0.004 0.057 
  5    ZFB05    (0)    1 :  0.710 0.010 0.004 0.033 0.058 0.009 0.017 0.010 0.003 0.146 
  6    ZFB06    (0)    1 :  0.793 0.007 0.005 0.022 0.060 0.009 0.015 0.011 0.003 0.075 
  7    ZFB07    (9)    1 :  0.949 0.004 0.006 0.005 0.010 0.005 0.005 0.003 0.006 0.007 
  8    ZFB08    (0)    1 :  0.892 0.008 0.011 0.029 0.006 0.005 0.020 0.009 0.013 0.007 
  9    ZFB09    (0)    1 :  0.964 0.004 0.003 0.005 0.003 0.003 0.009 0.002 0.003 0.004 
 10    ZFB10    (0)    1 :  0.788 0.009 0.016 0.006 0.004 0.002 0.119 0.009 0.034 0.013 
 11    ZFB11    (0)    1 :  0.920 0.007 0.004 0.003 0.004 0.002 0.029 0.003 0.009 0.018 
 12    ZFB12    (0)    1 :  0.858 0.004 0.009 0.028 0.015 0.006 0.040 0.003 0.008 0.029 
 13    ZFB13    (0)    1 :  0.721 0.006 0.011 0.015 0.010 0.005 0.203 0.008 0.013 0.008 
 14    ZFB14    (0)    1 :  0.928 0.005 0.004 0.004 0.004 0.003 0.040 0.003 0.006 0.004 
 15    ZFB15    (0)    1 :  0.962 0.003 0.003 0.004 0.003 0.002 0.007 0.002 0.003 0.011 
 16    ZFB16    (0)    1 :  0.884 0.005 0.009 0.014 0.007 0.003 0.041 0.006 0.010 0.020 
 17    ZFB17    (0)    1 :  0.832 0.021 0.011 0.037 0.011 0.002 0.041 0.010 0.009 0.027 
 18    ZFB18    (0)    1 :  0.948 0.004 0.003 0.003 0.003 0.002 0.025 0.003 0.004 0.003 
 19    ZFB19    (0)    1 :  0.541 0.004 0.029 0.014 0.014 0.006 0.336 0.009 0.037 0.009 
 20    ZFB20    (0)    1 :  0.861 0.005 0.008 0.013 0.007 0.003 0.036 0.006 0.010 0.050 
 21    ZFB21    (0)    1 :  0.965 0.003 0.003 0.003 0.006 0.003 0.004 0.002 0.003 0.008 
 22    ZFB22    (0)    1 :  0.844 0.008 0.011 0.011 0.008 0.003 0.021 0.011 0.010 0.074 
 23    ZFB23    (0)    1 :  0.919 0.006 0.005 0.003 0.006 0.004 0.019 0.003 0.007 0.027 
 24    ZFB24    (0)    1 :  0.928 0.005 0.004 0.003 0.005 0.003 0.009 0.003 0.007 0.033 
 25    ZFB25    (0)    1 :  0.936 0.004 0.011 0.003 0.003 0.003 0.008 0.004 0.022 0.005 
 26    ZFB26    (0)    1 :  0.876 0.007 0.008 0.003 0.008 0.004 0.006 0.004 0.018 0.066 
 27    ZFB27    (0)    1 :  0.891 0.005 0.005 0.002 0.006 0.002 0.008 0.003 0.008 0.071 
 28    ZFB28    (0)    1 :  0.722 0.012 0.008 0.014 0.048 0.006 0.081 0.003 0.008 0.099 
 29    ZFB29    (0)    1 :  0.893 0.009 0.003 0.003 0.005 0.002 0.056 0.002 0.004 0.022 
 30    ZFB30    (0)    1 :  0.747 0.004 0.008 0.011 0.057 0.011 0.007 0.013 0.004 0.137 
 31    ZFB31    (0)    1 :  0.906 0.004 0.009 0.003 0.005 0.003 0.045 0.004 0.015 0.005 
 32    ZFB32    (0)    1 :  0.743 0.033 0.014 0.033 0.037 0.009 0.047 0.005 0.015 0.063 
 33    ZFB33    (0)    1 :  0.963 0.003 0.003 0.003 0.004 0.003 0.007 0.002 0.003 0.010 
 34    ZFB34    (0)    1 :  0.963 0.005 0.003 0.004 0.004 0.003 0.008 0.003 0.004 0.003 
 35    ZFB35    (0)    1 :  0.957 0.005 0.005 0.004 0.004 0.004 0.005 0.003 0.006 0.008 
 36  ZFBP101    (0)    2 :  0.008 0.075 0.640 0.014 0.008 0.012 0.017 0.034 0.184 0.008 
 37  ZFBP102    (0)    2 :  0.011 0.016 0.638 0.009 0.010 0.004 0.018 0.010 0.271 0.012 
 38  ZFBP103    (0)    2 :  0.006 0.102 0.785 0.007 0.006 0.014 0.012 0.010 0.050 0.007 
 39  ZFBP104    (0)    2 :  0.023 0.004 0.629 0.036 0.015 0.007 0.020 0.006 0.253 0.007 
 40  ZFBP105    (0)    2 :  0.006 0.005 0.239 0.007 0.006 0.012 0.007 0.005 0.710 0.004 
 41  ZFBP106    (0)    2 :  0.003 0.007 0.187 0.006 0.003 0.019 0.004 0.009 0.758 0.003 
 42  ZFBP107    (0)    2 :  0.006 0.010 0.465 0.007 0.014 0.015 0.005 0.005 0.457 0.017 
 43  ZFBP108    (0)    2 :  0.003 0.003 0.010 0.003 0.003 0.006 0.003 0.004 0.962 0.003 
 44  ZFBP109    (0)    2 :  0.004 0.004 0.027 0.004 0.004 0.005 0.006 0.006 0.938 0.002 
 45  ZFBP110    (0)    2 :  0.024 0.031 0.569 0.010 0.022 0.062 0.074 0.005 0.197 0.007 
 46  ZFBP111    (0)    2 :  0.003 0.004 0.581 0.012 0.004 0.008 0.003 0.102 0.279 0.003 
 47  ZFBP112    (0)    2 :  0.003 0.017 0.025 0.008 0.004 0.013 0.005 0.046 0.873 0.006 
 48  ZFBP113    (0)    2 :  0.003 0.003 0.017 0.006 0.005 0.004 0.004 0.004 0.950 0.004 
 49  ZFBP114    (0)    2 :  0.004 0.007 0.189 0.003 0.009 0.005 0.003 0.009 0.765 0.006 
 50  ZFBP115    (0)    2 :  0.002 0.009 0.835 0.007 0.004 0.018 0.003 0.011 0.108 0.003 
 51  ZFBP116    (0)    2 :  0.003 0.004 0.048 0.008 0.005 0.006 0.004 0.005 0.914 0.004 
 52  ZFBP117    (0)    2 :  0.003 0.007 0.018 0.004 0.004 0.006 0.005 0.007 0.945 0.002 
 53  ZFBP118    (0)    2 :  0.003 0.005 0.080 0.004 0.009 0.004 0.003 0.015 0.869 0.007 
 54  ZFBP119    (0)    2 :  0.004 0.029 0.383 0.014 0.005 0.020 0.006 0.017 0.521 0.003 
 55  ZFBP120    (0)    2 :  0.006 0.004 0.277 0.008 0.006 0.013 0.005 0.005 0.672 0.005 
 56  ZFBP121    (0)    2 :  0.005 0.008 0.025 0.005 0.004 0.008 0.006 0.005 0.932 0.003 
 57  ZFBP122    (9)    2 :  0.003 0.005 0.069 0.008 0.004 0.006 0.003 0.009 0.890 0.003 
 58  ZFBP123    (0)    2 :  0.004 0.011 0.015 0.009 0.004 0.005 0.004 0.014 0.927 0.006 
 59  ZFBP124    (0)    2 :  0.006 0.005 0.021 0.004 0.004 0.004 0.004 0.005 0.944 0.003 
 60  ZFBP125    (0)    2 :  0.002 0.006 0.031 0.004 0.003 0.008 0.004 0.013 0.926 0.002 
 61  ZFBP126    (0)    2 :  0.008 0.024 0.187 0.021 0.013 0.004 0.036 0.007 0.691 0.010 
 62  ZFBP127    (0)    2 :  0.004 0.019 0.219 0.004 0.005 0.086 0.004 0.005 0.653 0.003 
 63  ZFBP128    (0)    2 :  0.004 0.015 0.029 0.004 0.003 0.015 0.004 0.029 0.895 0.002 
 64  ZFBP129    (0)    2 :  0.005 0.008 0.008 0.005 0.005 0.006 0.006 0.122 0.833 0.002 
 65  ZFBP130    (0)    2 :  0.002 0.022 0.040 0.008 0.003 0.011 0.004 0.073 0.834 0.003 
 66  ZFBP131    (0)    2 :  0.004 0.004 0.005 0.005 0.003 0.003 0.004 0.005 0.964 0.004 
 67  ZFBP132    (0)    2 :  0.004 0.004 0.014 0.003 0.003 0.014 0.004 0.004 0.948 0.003 
 68  ZFBP133    (0)    2 :  0.003 0.006 0.009 0.005 0.002 0.003 0.005 0.092 0.872 0.002 
 69  ZFBP134    (0)    2 :  0.003 0.009 0.912 0.010 0.003 0.005 0.005 0.012 0.040 0.003 
 70  ZFBP135    (0)    2 :  0.011 0.216 0.222 0.007 0.007 0.018 0.040 0.014 0.460 0.005 
 71  ZFBP136    (0)    2 :  0.003 0.125 0.199 0.008 0.005 0.019 0.006 0.044 0.583 0.008 
 72  ZFBP201    (0)    3 :  0.005 0.005 0.016 0.008 0.006 0.010 0.007 0.005 0.933 0.005 
 73  ZFBP202    (0)    3 :  0.006 0.004 0.040 0.005 0.004 0.009 0.005 0.008 0.917 0.003 
 74  ZFBP203    (0)    3 :  0.006 0.005 0.017 0.028 0.025 0.005 0.010 0.015 0.849 0.040 
 75  ZFBP204    (0)    3 :  0.004 0.019 0.246 0.010 0.005 0.017 0.007 0.020 0.667 0.006 
 76  ZFBP205    (0)    3 :  0.003 0.007 0.007 0.006 0.003 0.003 0.004 0.009 0.954 0.004 
 77  ZFBP206    (0)    3 :  0.004 0.013 0.008 0.011 0.004 0.004 0.004 0.030 0.915 0.006 
 78  ZFBP207    (0)    3 :  0.004 0.012 0.293 0.005 0.004 0.078 0.004 0.007 0.589 0.003 
 79  ZFBP208    (0)    3 :  0.003 0.007 0.009 0.015 0.006 0.003 0.005 0.007 0.934 0.011 
 80  ZFBP209    (0)    3 :  0.003 0.006 0.010 0.004 0.002 0.003 0.004 0.053 0.913 0.002 
 81  ZFBP210    (0)    3 :  0.005 0.005 0.015 0.014 0.006 0.011 0.005 0.009 0.924 0.006 
 82  ZFBP211    (0)    3 :  0.005 0.005 0.010 0.005 0.004 0.010 0.004 0.004 0.950 0.003 
 83  ZFBP212    (0)    3 :  0.007 0.002 0.266 0.004 0.004 0.036 0.003 0.005 0.670 0.003 
 84  ZFBP213    (0)    3 :  0.007 0.011 0.009 0.012 0.005 0.011 0.007 0.009 0.925 0.004 
 85  ZFBP214    (0)    3 :  0.013 0.040 0.035 0.043 0.008 0.036 0.017 0.085 0.721 0.004 
 86  ZFBP215    (0)    3 :  0.004 0.005 0.012 0.004 0.003 0.006 0.004 0.007 0.953 0.003 
 87  ZFBP216    (0)    3 :  0.004 0.005 0.190 0.027 0.010 0.005 0.006 0.006 0.739 0.006 
 88  ZFBP217    (0)    3 :  0.007 0.006 0.103 0.027 0.007 0.042 0.007 0.185 0.612 0.004 
 89  ZFBP218    (0)    3 :  0.002 0.003 0.016 0.006 0.003 0.003 0.003 0.009 0.952 0.003 
 90  ZFBP219    (0)    3 :  0.003 0.003 0.014 0.006 0.004 0.004 0.004 0.004 0.954 0.004 
 91  ZFBP220    (0)    3 :  0.003 0.016 0.308 0.007 0.003 0.013 0.004 0.035 0.609 0.003 
 92  ZFBP221    (0)    3 :  0.004 0.003 0.557 0.005 0.003 0.007 0.004 0.007 0.407 0.003 
 93  ZFBP222    (0)    3 :  0.004 0.007 0.006 0.007 0.004 0.003 0.006 0.007 0.951 0.004 
 94  ZFBP223    (0)    3 :  0.007 0.009 0.179 0.005 0.007 0.182 0.006 0.008 0.592 0.005 
 95  ZFBP224    (0)    3 :  0.004 0.006 0.010 0.006 0.005 0.005 0.005 0.005 0.951 0.004 
 96  ZFBP225    (0)    3 :  0.003 0.014 0.493 0.015 0.007 0.020 0.006 0.219 0.214 0.009 
 97  ZFBP226    (0)    3 :  0.003 0.004 0.020 0.006 0.004 0.005 0.004 0.004 0.947 0.004 
 98  ZFBP227    (0)    3 :  0.013 0.006 0.395 0.133 0.030 0.008 0.021 0.007 0.379 0.008 
 99  ZFBP228    (0)    3 :  0.004 0.014 0.553 0.004 0.004 0.063 0.005 0.007 0.343 0.003 
100  ZFBP229    (0)    3 :  0.002 0.006 0.046 0.006 0.004 0.004 0.005 0.017 0.907 0.003 
101  ZFBP230    (0)    3 :  0.003 0.020 0.408 0.009 0.004 0.009 0.006 0.032 0.506 0.003 
102  ZFBP231    (0)    3 :  0.005 0.005 0.012 0.005 0.004 0.006 0.004 0.005 0.950 0.004 
103  ZFBP232    (0)    3 :  0.003 0.004 0.008 0.004 0.003 0.004 0.004 0.006 0.962 0.003 
104  ZFBP233    (0)    3 :  0.006 0.006 0.037 0.011 0.005 0.006 0.005 0.018 0.903 0.004 
105   ZFCC01    (0)    4 :  0.008 0.958 0.003 0.004 0.004 0.004 0.005 0.004 0.004 0.004 
106   ZFCC03    (0)    4 :  0.005 0.960 0.004 0.003 0.003 0.009 0.004 0.005 0.004 0.003 
107   ZFCC04    (0)    4 :  0.005 0.961 0.003 0.004 0.004 0.005 0.004 0.006 0.004 0.003 
108   ZFCC05    (0)    4 :  0.007 0.944 0.005 0.007 0.006 0.012 0.004 0.006 0.006 0.004 
109   ZFCC08    (0)    4 :  0.004 0.943 0.008 0.006 0.003 0.005 0.004 0.015 0.010 0.002 
110   ZFCC09    (0)    4 :  0.007 0.961 0.004 0.003 0.004 0.009 0.003 0.004 0.004 0.003 
111   ZFCC10    (0)    4 :  0.012 0.957 0.003 0.003 0.003 0.004 0.005 0.004 0.005 0.004 
112   ZFCC11    (0)    4 :  0.006 0.955 0.004 0.004 0.004 0.011 0.005 0.004 0.005 0.003 
113   ZFCC12    (0)    4 :  0.014 0.865 0.007 0.007 0.012 0.009 0.029 0.005 0.006 0.047 
114   ZFCC13    (0)    4 :  0.004 0.933 0.012 0.010 0.006 0.008 0.004 0.008 0.009 0.007 
115   ZFCC14    (0)    4 :  0.009 0.941 0.005 0.003 0.005 0.004 0.009 0.009 0.010 0.005 
116   ZFCC15    (0)    4 :  0.004 0.952 0.005 0.010 0.005 0.005 0.006 0.005 0.004 0.005 
117   ZFCC16    (0)    4 :  0.005 0.963 0.003 0.005 0.003 0.004 0.005 0.005 0.003 0.004 
118   ZFCC17    (0)    4 :  0.005 0.960 0.003 0.003 0.004 0.005 0.004 0.004 0.003 0.009 
119   ZFCC18    (0)    4 :  0.006 0.958 0.004 0.004 0.004 0.007 0.004 0.006 0.004 0.004 
120   ZFCC19    (0)    4 :  0.004 0.957 0.003 0.007 0.005 0.003 0.007 0.003 0.003 0.007 
121   ZFCC20    (0)    4 :  0.004 0.959 0.005 0.007 0.004 0.007 0.004 0.005 0.003 0.003 
122   ZFCC21    (0)    4 :  0.008 0.842 0.013 0.037 0.006 0.003 0.029 0.028 0.030 0.005 
123   ZFCC22    (0)    4 :  0.007 0.707 0.057 0.008 0.004 0.006 0.005 0.043 0.159 0.004 
124   ZFCC26    (0)    4 :  0.004 0.964 0.003 0.005 0.004 0.005 0.005 0.004 0.003 0.004 
125   ZFCC27    (0)    4 :  0.003 0.967 0.003 0.003 0.004 0.007 0.003 0.004 0.003 0.003 
126   ZFCC29    (0)    4 :  0.008 0.953 0.005 0.008 0.004 0.004 0.006 0.005 0.004 0.004 
127   ZFCC30    (0)    4 :  0.003 0.962 0.004 0.004 0.003 0.010 0.003 0.005 0.003 0.003 
128   ZFCC32    (0)    4 :  0.006 0.945 0.005 0.013 0.006 0.005 0.004 0.005 0.004 0.008 
129   ZFCC33    (0)    4 :  0.005 0.959 0.004 0.004 0.006 0.007 0.004 0.003 0.003 0.004 
130   ZFCC34    (0)    4 :  0.018 0.814 0.028 0.006 0.005 0.044 0.008 0.014 0.049 0.014 
131   ZFCC35    (0)    4 :  0.003 0.970 0.004 0.003 0.003 0.003 0.003 0.004 0.004 0.003 
132   ZFCC36    (0)    4 :  0.004 0.932 0.008 0.015 0.005 0.004 0.005 0.010 0.007 0.010 
133   ZFCC37    (0)    4 :  0.016 0.860 0.009 0.008 0.014 0.008 0.033 0.005 0.008 0.038 
134   ZFCC40    (0)    4 :  0.007 0.960 0.003 0.003 0.004 0.003 0.005 0.003 0.006 0.006 
135   ZFCC42    (0)    4 :  0.013 0.307 0.013 0.005 0.021 0.096 0.008 0.011 0.005 0.522 
136   ZFCC44    (0)    4 :  0.003 0.965 0.003 0.003 0.004 0.010 0.003 0.003 0.003 0.003 
137   ZFCC45    (9)    4 :  0.011 0.925 0.004 0.007 0.015 0.006 0.009 0.004 0.005 0.014 
138   ZFCC46    (0)    4 :  0.003 0.929 0.013 0.005 0.003 0.008 0.004 0.022 0.008 0.003 
139   ZFCC47    (0)    4 :  0.013 0.916 0.006 0.006 0.005 0.006 0.010 0.006 0.005 0.027 
140   ZFCC48    (0)    4 :  0.007 0.892 0.010 0.010 0.004 0.003 0.013 0.037 0.022 0.003 
141   ZFCC50    (0)    4 :  0.004 0.968 0.003 0.004 0.003 0.003 0.004 0.003 0.003 0.004 
142   ZFCC51    (0)    4 :  0.004 0.963 0.003 0.003 0.003 0.012 0.003 0.003 0.003 0.003 
143   ZFCC52    (0)    4 :  0.004 0.945 0.007 0.006 0.004 0.005 0.005 0.010 0.009 0.006 
144   ZFCC53    (0)    4 :  0.004 0.968 0.003 0.003 0.003 0.006 0.004 0.003 0.003 0.003 
145  ZFCNS01    (0)    5 :  0.002 0.006 0.032 0.055 0.034 0.837 0.007 0.003 0.006 0.018 
146  ZFCNS02    (0)    5 :  0.003 0.004 0.004 0.003 0.003 0.971 0.002 0.004 0.003 0.002 
147  ZFCNS05    (0)    5 :  0.005 0.006 0.008 0.005 0.003 0.955 0.003 0.005 0.006 0.003 
148  ZFCNS06    (0)    5 :  0.003 0.005 0.005 0.003 0.003 0.969 0.003 0.004 0.004 0.002 
149  ZFCNS07    (0)    5 :  0.003 0.003 0.006 0.003 0.003 0.961 0.003 0.010 0.006 0.003 
150  ZFCNS10    (0)    5 :  0.003 0.004 0.015 0.003 0.002 0.955 0.002 0.005 0.008 0.003 
151  ZFCNS11    (0)    5 :  0.003 0.007 0.013 0.023 0.014 0.915 0.006 0.005 0.005 0.011 
152  ZFCNS15    (0)    5 :  0.004 0.004 0.041 0.004 0.003 0.916 0.004 0.007 0.015 0.003 
153  ZFCNS17    (0)    5 :  0.003 0.005 0.005 0.003 0.002 0.970 0.003 0.004 0.004 0.002 
154  ZFCNS18    (0)    5 :  0.003 0.005 0.015 0.003 0.003 0.956 0.002 0.004 0.007 0.003 
155  ZFCNS19    (0)    5 :  0.003 0.004 0.004 0.003 0.003 0.972 0.002 0.004 0.003 0.002 
156  ZFCNS20    (0)    5 :  0.003 0.006 0.013 0.004 0.003 0.938 0.003 0.014 0.012 0.003 
157  ZFCNS21    (0)    5 :  0.002 0.004 0.004 0.003 0.003 0.974 0.002 0.002 0.003 0.002 
158  ZFCNS22    (0)    5 :  0.006 0.005 0.012 0.004 0.003 0.947 0.004 0.006 0.010 0.003 
159  ZFCNS23    (0)    5 :  0.006 0.022 0.006 0.013 0.010 0.902 0.006 0.014 0.007 0.014 
160  ZFCNS24    (0)    5 :  0.002 0.008 0.008 0.004 0.003 0.957 0.003 0.006 0.006 0.003 
161  ZFCNS25    (0)    5 :  0.003 0.006 0.014 0.004 0.003 0.945 0.003 0.009 0.010 0.003 
162  ZFCNS26    (0)    5 :  0.003 0.003 0.007 0.003 0.003 0.969 0.002 0.004 0.004 0.002 
163  ZFCNS27    (0)    5 :  0.003 0.003 0.047 0.004 0.003 0.907 0.004 0.010 0.017 0.003 
164  ZFCNS28    (0)    5 :  0.003 0.004 0.005 0.003 0.003 0.970 0.002 0.004 0.004 0.002 
165  ZFCNS29    (0)    5 :  0.004 0.007 0.008 0.005 0.004 0.955 0.004 0.004 0.008 0.002 
166  ZFCNS30    (0)    5 :  0.005 0.006 0.008 0.005 0.003 0.961 0.003 0.003 0.004 0.003 
167  ZFCNS31    (0)    5 :  0.003 0.003 0.005 0.003 0.003 0.971 0.002 0.004 0.003 0.002 
168  ZFCNS32    (0)    5 :  0.003 0.004 0.011 0.005 0.003 0.957 0.003 0.006 0.005 0.003 
169  ZFCNS33    (0)    5 :  0.003 0.003 0.005 0.004 0.003 0.971 0.002 0.004 0.003 0.002 
170  ZFCNS34    (0)    5 :  0.004 0.011 0.005 0.005 0.003 0.958 0.003 0.004 0.005 0.003 
171  ZFCNS35    (0)    5 :  0.020 0.008 0.031 0.003 0.003 0.899 0.014 0.004 0.015 0.002 
172  ZFCNS36    (0)    5 :  0.002 0.012 0.006 0.005 0.003 0.953 0.003 0.007 0.006 0.003 
173  ZFCNS37    (0)    5 :  0.004 0.005 0.097 0.004 0.009 0.863 0.004 0.008 0.005 0.002 
174  ZFCNS39    (0)    5 :  0.002 0.014 0.023 0.014 0.006 0.903 0.005 0.023 0.007 0.003 
175  ZFCNS40    (0)    5 :  0.003 0.027 0.111 0.011 0.005 0.705 0.004 0.123 0.008 0.003 
176  ZFCNS41    (0)    5 :  0.006 0.018 0.641 0.012 0.008 0.279 0.010 0.004 0.017 0.004 
177  ZFCNS42    (0)    5 :  0.003 0.003 0.006 0.003 0.003 0.971 0.002 0.003 0.004 0.002 
178  ZFCNS43    (0)    5 :  0.003 0.005 0.004 0.003 0.003 0.973 0.002 0.003 0.003 0.002 
179  ZFCNS44    (0)    5 :  0.003 0.005 0.015 0.003 0.003 0.956 0.002 0.003 0.007 0.003 
180  ZFCNS46    (0)    5 :  0.004 0.005 0.009 0.005 0.004 0.959 0.003 0.004 0.006 0.002 
181  ZFCNS47    (0)    5 :  0.003 0.004 0.004 0.003 0.003 0.973 0.002 0.003 0.003 0.002 
182  ZFCNS48    (0)    5 :  0.004 0.007 0.028 0.005 0.003 0.929 0.003 0.006 0.011 0.004 
183  ZFCNS49    (0)    5 :  0.004 0.003 0.044 0.003 0.003 0.922 0.002 0.004 0.012 0.003 
184   ZFCR01    (0)    6 :  0.011 0.005 0.005 0.004 0.051 0.003 0.895 0.007 0.010 0.011 
185   ZFCR02    (0)    6 :  0.008 0.022 0.006 0.005 0.011 0.005 0.910 0.011 0.014 0.009 
186   ZFCR03    (0)    6 :  0.022 0.030 0.006 0.017 0.017 0.003 0.810 0.008 0.018 0.070 
187   ZFCR04    (0)    6 :  0.425 0.014 0.031 0.013 0.043 0.009 0.386 0.030 0.021 0.028 
188   ZFCR05    (0)    6 :  0.013 0.009 0.003 0.010 0.021 0.003 0.926 0.003 0.004 0.007 
189   ZFCR06    (0)    6 :  0.016 0.011 0.034 0.006 0.013 0.063 0.816 0.010 0.026 0.004 
190   ZFCR07    (0)    6 :  0.045 0.025 0.042 0.124 0.246 0.092 0.400 0.004 0.010 0.013 
191   ZFCR08    (0)    6 :  0.056 0.112 0.015 0.007 0.540 0.005 0.164 0.034 0.021 0.046 
192   ZFCR09    (0)    6 :  0.040 0.029 0.065 0.018 0.027 0.015 0.438 0.013 0.063 0.292 
193   ZFCR11    (0)    6 :  0.026 0.006 0.041 0.019 0.029 0.011 0.839 0.002 0.020 0.008 
194   ZFCR12    (0)    6 :  0.006 0.011 0.054 0.018 0.009 0.126 0.741 0.017 0.013 0.003 
195   ZFCR13    (0)    6 :  0.030 0.009 0.014 0.210 0.404 0.008 0.193 0.006 0.123 0.003 
196   ZFCR14    (0)    6 :  0.012 0.010 0.009 0.031 0.019 0.006 0.888 0.013 0.008 0.005 
197   ZFCR15    (0)    6 :  0.061 0.013 0.016 0.019 0.062 0.004 0.751 0.041 0.023 0.009 
198   ZFCR16    (0)    6 :  0.014 0.007 0.007 0.010 0.025 0.003 0.892 0.018 0.020 0.004 
199   ZFCR18    (0)    6 :  0.069 0.011 0.004 0.007 0.009 0.006 0.878 0.004 0.007 0.005 
200   ZFCR19    (0)    6 :  0.011 0.009 0.014 0.009 0.007 0.007 0.856 0.032 0.015 0.039 
201   ZFCR20    (0)    6 :  0.044 0.008 0.011 0.037 0.023 0.005 0.822 0.007 0.029 0.013 
202   ZFCR21    (0)    6 :  0.004 0.014 0.006 0.028 0.013 0.004 0.910 0.013 0.005 0.004 
203   ZFCR22    (0)    6 :  0.004 0.006 0.007 0.068 0.008 0.003 0.875 0.017 0.007 0.005 
204   ZFCR23    (0)    6 :  0.007 0.004 0.048 0.052 0.074 0.005 0.725 0.006 0.047 0.032 
205   ZFCR24    (9)    6 :  0.120 0.009 0.015 0.105 0.096 0.004 0.124 0.007 0.492 0.027 
206   ZFCR25    (0)    6 :  0.008 0.005 0.005 0.012 0.011 0.003 0.943 0.004 0.004 0.004 
207   ZFCR26    (0)    6 :  0.006 0.014 0.009 0.231 0.014 0.004 0.648 0.014 0.013 0.045 
208   ZFCR27    (9)    6 :  0.014 0.004 0.003 0.036 0.325 0.003 0.597 0.003 0.003 0.011 
209   ZFCR28    (0)    6 :  0.006 0.010 0.025 0.006 0.180 0.032 0.578 0.064 0.093 0.005 
210   ZFCR29    (0)    6 :  0.006 0.004 0.004 0.017 0.004 0.002 0.948 0.005 0.004 0.005 
211   ZFCR30    (0)    6 :  0.007 0.007 0.011 0.054 0.011 0.010 0.880 0.008 0.006 0.006 
212   ZFCR31    (0)    6 :  0.090 0.014 0.053 0.028 0.018 0.058 0.616 0.020 0.048 0.056 
213   ZFCR33    (0)    6 :  0.014 0.033 0.015 0.027 0.798 0.006 0.055 0.010 0.011 0.029 
214   ZFCR34    (0)    6 :  0.072 0.016 0.046 0.199 0.064 0.011 0.539 0.013 0.021 0.020 
215   ZFCR35    (0)    6 :  0.037 0.009 0.005 0.005 0.010 0.004 0.900 0.004 0.006 0.020 
216   ZFCR36    (0)    6 :  0.019 0.006 0.009 0.019 0.011 0.019 0.891 0.005 0.006 0.015 
217   ZFCR37    (0)    6 :  0.082 0.076 0.004 0.572 0.146 0.004 0.067 0.004 0.004 0.041 
218   ZFCR38    (0)    6 :  0.014 0.037 0.010 0.031 0.631 0.007 0.224 0.011 0.008 0.027 
219   ZFCR39    (0)    6 :  0.017 0.122 0.022 0.009 0.338 0.003 0.140 0.050 0.073 0.226 
220   ZFCR40    (0)    6 :  0.012 0.022 0.017 0.013 0.175 0.004 0.707 0.005 0.011 0.034 
221   ZFCR41    (0)    6 :  0.006 0.021 0.134 0.016 0.013 0.016 0.757 0.025 0.008 0.003 
222   ZFCR42    (0)    6 :  0.009 0.058 0.036 0.094 0.125 0.020 0.594 0.022 0.025 0.018 
223   ZFCR43    (0)    6 :  0.018 0.004 0.006 0.010 0.010 0.006 0.889 0.004 0.049 0.004 
224  ZFENP25    (0)    7 :  0.022 0.021 0.005 0.006 0.860 0.003 0.053 0.013 0.011 0.005 
225  ZFENP26    (0)    7 :  0.006 0.004 0.004 0.004 0.958 0.003 0.008 0.003 0.002 0.008 
226  ZFENP27    (0)    7 :  0.067 0.282 0.029 0.005 0.285 0.057 0.218 0.010 0.014 0.034 
227  ZFENP28    (0)    7 :  0.015 0.010 0.005 0.009 0.903 0.010 0.030 0.005 0.004 0.011 
228  ZFENP29    (0)    7 :  0.004 0.010 0.005 0.009 0.929 0.004 0.025 0.004 0.004 0.005 
229  ZFENP30    (0)    7 :  0.008 0.053 0.005 0.014 0.875 0.009 0.009 0.007 0.006 0.014 
230  ZFENP31    (0)    7 :  0.019 0.072 0.007 0.009 0.375 0.011 0.014 0.006 0.009 0.479 
231  ZFENP32    (0)    7 :  0.166 0.027 0.025 0.012 0.258 0.035 0.158 0.006 0.023 0.290 
232  ZFENP33    (0)    7 :  0.023 0.007 0.007 0.040 0.878 0.004 0.018 0.003 0.006 0.013 
233  ZFENP34    (0)    7 :  0.439 0.029 0.008 0.008 0.414 0.016 0.059 0.005 0.009 0.013 
234  ZFENP35    (0)    7 :  0.013 0.005 0.018 0.008 0.899 0.012 0.005 0.005 0.009 0.028 
235  ZFENP36    (0)    7 :  0.009 0.003 0.004 0.008 0.947 0.010 0.006 0.002 0.003 0.009 
236  ZFENP37    (0)    7 :  0.085 0.012 0.009 0.031 0.808 0.010 0.010 0.004 0.008 0.022 
237  ZFENP38    (0)    7 :  0.017 0.024 0.008 0.360 0.526 0.018 0.010 0.005 0.006 0.026 
238  ZFENP39    (0)    7 :  0.015 0.012 0.004 0.011 0.836 0.005 0.091 0.003 0.004 0.019 
239  ZFENP40    (0)    7 :  0.022 0.008 0.007 0.005 0.864 0.006 0.046 0.004 0.009 0.030 
240  ZFENP41    (0)    7 :  0.017 0.080 0.008 0.007 0.829 0.008 0.021 0.009 0.007 0.014 
241  ZFENP42    (0)    7 :  0.003 0.007 0.005 0.037 0.808 0.003 0.011 0.005 0.003 0.117 
242  ZFENP43    (0)    7 :  0.010 0.031 0.029 0.064 0.761 0.051 0.021 0.006 0.007 0.021 
243  ZFENP44    (0)    7 :  0.008 0.017 0.010 0.023 0.857 0.011 0.009 0.003 0.006 0.056 
244  ZFENP45    (0)    7 :  0.010 0.016 0.017 0.034 0.495 0.008 0.014 0.326 0.025 0.054 
245  ZFENP46    (0)    7 :  0.011 0.004 0.020 0.041 0.867 0.007 0.016 0.005 0.012 0.017 
246  ZFENP47    (0)    7 :  0.021 0.067 0.006 0.005 0.256 0.004 0.156 0.137 0.017 0.331 
247  ZFENP48    (0)    7 :  0.308 0.096 0.010 0.032 0.265 0.013 0.191 0.023 0.031 0.031 
248  ZFENP49    (0)    7 :  0.011 0.020 0.008 0.010 0.238 0.006 0.671 0.012 0.013 0.011 
249  ZFENP50    (0)    7 :  0.008 0.004 0.024 0.068 0.751 0.004 0.034 0.010 0.053 0.043 
250  ZFENP51    (0)    7 :  0.027 0.010 0.004 0.017 0.494 0.005 0.031 0.052 0.004 0.356 
251  ZFENP52    (0)    7 :  0.003 0.010 0.014 0.010 0.933 0.009 0.005 0.005 0.004 0.006 
252  ZFENP53    (0)    7 :  0.009 0.009 0.023 0.022 0.822 0.010 0.015 0.031 0.042 0.016 
253  ZFENP54    (0)    7 :  0.014 0.024 0.015 0.015 0.249 0.005 0.623 0.008 0.038 0.010 
254  ZFENP55    (0)    7 :  0.058 0.004 0.004 0.537 0.295 0.004 0.065 0.004 0.005 0.023 
255  ZFENP56    (0)    7 :  0.011 0.009 0.008 0.066 0.866 0.010 0.009 0.005 0.003 0.013 
256  ZFENP57    (0)    7 :  0.017 0.005 0.007 0.014 0.869 0.011 0.016 0.002 0.004 0.055 
257  ZFENP58    (0)    7 :  0.014 0.078 0.015 0.037 0.588 0.014 0.096 0.130 0.009 0.020 
258  ZFENP59    (0)    7 :  0.010 0.086 0.005 0.009 0.816 0.005 0.022 0.004 0.005 0.037 
259  ZFENP60    (0)    7 :  0.052 0.010 0.009 0.013 0.805 0.007 0.066 0.013 0.011 0.014 
260  ZFENP61    (0)    7 :  0.020 0.016 0.004 0.010 0.878 0.004 0.053 0.003 0.004 0.009 
261 ZFFDSP01    (0)    8 :  0.008 0.005 0.150 0.008 0.003 0.016 0.005 0.024 0.778 0.003 
262 ZFFDSP02    (0)    8 :  0.003 0.004 0.021 0.004 0.003 0.004 0.006 0.005 0.947 0.002 
263 ZFFDSP04    (0)    8 :  0.005 0.004 0.020 0.005 0.002 0.003 0.005 0.016 0.937 0.002 
264 ZFFDSP05    (0)    8 :  0.004 0.004 0.452 0.007 0.004 0.005 0.005 0.011 0.506 0.003 
265 ZFFDSP06    (0)    8 :  0.003 0.005 0.020 0.004 0.002 0.003 0.004 0.012 0.945 0.002 
266 ZFFDSP07    (0)    8 :  0.003 0.015 0.007 0.007 0.004 0.004 0.005 0.021 0.929 0.004 
267 ZFFDSP08    (0)    8 :  0.003 0.014 0.042 0.013 0.005 0.012 0.004 0.087 0.815 0.004 
268 ZFFDSP10    (0)    8 :  0.004 0.005 0.043 0.007 0.004 0.006 0.004 0.012 0.912 0.003 
269 ZFFDSP11    (0)    8 :  0.004 0.004 0.040 0.008 0.003 0.003 0.005 0.009 0.921 0.003 
270 ZFFDSP12    (0)    8 :  0.003 0.003 0.011 0.004 0.003 0.005 0.003 0.008 0.958 0.002 
271 ZFFDSP13    (0)    8 :  0.004 0.007 0.922 0.007 0.005 0.011 0.005 0.004 0.032 0.004 
272 ZFFDSP14    (0)    8 :  0.003 0.006 0.006 0.006 0.003 0.004 0.005 0.017 0.947 0.003 
273 ZFFDSP16    (0)    8 :  0.007 0.006 0.021 0.008 0.006 0.015 0.012 0.005 0.917 0.004 
274 ZFFDSP17    (0)    8 :  0.004 0.006 0.021 0.007 0.003 0.004 0.005 0.008 0.940 0.002 
275 ZFFDSP18    (0)    8 :  0.006 0.006 0.009 0.004 0.002 0.004 0.006 0.012 0.948 0.002 
276 ZFFDSP19    (0)    8 :  0.005 0.021 0.047 0.005 0.003 0.142 0.005 0.016 0.752 0.003 
277 ZFFDSP21    (0)    8 :  0.006 0.017 0.404 0.004 0.003 0.063 0.008 0.010 0.483 0.002 
278 ZFFDSP22    (0)    8 :  0.002 0.005 0.013 0.005 0.003 0.004 0.004 0.057 0.904 0.002 
279 ZFFDSP23    (0)    8 :  0.003 0.005 0.179 0.006 0.003 0.009 0.005 0.173 0.616 0.002 
280 ZFFDSP24    (0)    8 :  0.005 0.006 0.376 0.006 0.003 0.013 0.005 0.008 0.575 0.003 
281 ZFFDSP26    (9)    8 :  0.004 0.005 0.256 0.005 0.003 0.006 0.005 0.015 0.698 0.003 
282 ZFFDSP27    (0)    8 :  0.005 0.004 0.036 0.004 0.003 0.007 0.005 0.007 0.926 0.003 
283 ZFFDSP28    (0)    8 :  0.047 0.011 0.065 0.016 0.010 0.006 0.020 0.011 0.797 0.017 
284 ZFFDSP30    (0)    8 :  0.022 0.008 0.605 0.010 0.005 0.032 0.009 0.010 0.292 0.008 
285 ZFFDSP31    (0)    8 :  0.005 0.005 0.018 0.004 0.005 0.007 0.004 0.006 0.944 0.002 
286 ZFFDSP32    (0)    8 :  0.003 0.003 0.017 0.004 0.003 0.005 0.004 0.006 0.951 0.002 
287 ZFFDSP33    (0)    8 :  0.003 0.003 0.027 0.003 0.003 0.005 0.003 0.006 0.944 0.003 
288 ZFFDSP34    (0)    8 :  0.003 0.007 0.021 0.005 0.002 0.005 0.003 0.011 0.940 0.002 
289 ZFFDSP35    (0)    8 :  0.005 0.004 0.362 0.005 0.003 0.005 0.005 0.007 0.602 0.002 
290 ZFFDSP37    (0)    8 :  0.004 0.004 0.023 0.004 0.003 0.006 0.004 0.004 0.945 0.003 
291 ZFFDSP38    (0)    8 :  0.005 0.004 0.013 0.004 0.003 0.006 0.003 0.005 0.953 0.003 
292 ZFFDSP39    (0)    8 :  0.003 0.003 0.736 0.003 0.003 0.006 0.004 0.008 0.231 0.002 
293 ZFFDSP40    (0)    8 :  0.005 0.003 0.531 0.003 0.003 0.009 0.005 0.005 0.433 0.003 
294 ZFFDSP42    (0)    8 :  0.004 0.005 0.105 0.006 0.003 0.010 0.005 0.067 0.793 0.002 
295 ZFFDSP43    (0)    8 :  0.004 0.004 0.043 0.003 0.003 0.010 0.004 0.009 0.918 0.002 
296 ZFFDSP44    (0)    8 :  0.006 0.004 0.205 0.005 0.004 0.012 0.004 0.006 0.752 0.003 
297 ZFFDSP45    (0)    8 :  0.004 0.005 0.038 0.004 0.003 0.009 0.005 0.005 0.925 0.002 
298 ZFFDSP46    (0)    8 :  0.004 0.006 0.073 0.005 0.003 0.010 0.005 0.011 0.881 0.002 
299 ZFFDSP47    (0)    8 :  0.004 0.004 0.729 0.005 0.003 0.012 0.003 0.013 0.224 0.003 
300 ZFFDSP48    (0)    8 :  0.004 0.004 0.678 0.003 0.003 0.013 0.004 0.006 0.282 0.002 
301    ZFI01    (0)    9 :  0.900 0.009 0.004 0.007 0.009 0.008 0.027 0.004 0.004 0.027 
302    ZFI02    (0)    9 :  0.934 0.003 0.005 0.005 0.006 0.009 0.019 0.004 0.005 0.011 
303    ZFI03    (0)    9 :  0.955 0.005 0.004 0.006 0.005 0.007 0.009 0.002 0.003 0.004 
304    ZFI04    (0)    9 :  0.941 0.004 0.004 0.006 0.008 0.006 0.006 0.003 0.004 0.019 
305    ZFI05    (0)    9 :  0.931 0.004 0.006 0.004 0.006 0.020 0.016 0.003 0.005 0.005 
306    ZFI06    (0)    9 :  0.808 0.004 0.018 0.005 0.010 0.062 0.070 0.003 0.009 0.011 
307    ZFI07    (0)    9 :  0.960 0.004 0.004 0.005 0.006 0.005 0.006 0.003 0.004 0.005 
308    ZFI08    (0)    9 :  0.937 0.005 0.003 0.009 0.008 0.004 0.022 0.003 0.003 0.007 
309    ZFI09    (0)    9 :  0.916 0.004 0.004 0.005 0.008 0.006 0.044 0.003 0.003 0.008 
310    ZFI10    (0)    9 :  0.906 0.004 0.007 0.006 0.007 0.047 0.006 0.003 0.005 0.010 
311    ZFI11    (0)    9 :  0.950 0.004 0.003 0.006 0.005 0.007 0.007 0.002 0.003 0.013 
312    ZFI12    (0)    9 :  0.952 0.005 0.005 0.007 0.004 0.011 0.006 0.003 0.004 0.004 
313    ZFI13    (0)    9 :  0.949 0.006 0.004 0.005 0.006 0.006 0.012 0.002 0.004 0.006 
314    ZFI14    (0)    9 :  0.942 0.004 0.008 0.004 0.004 0.006 0.016 0.003 0.008 0.005 
315    ZFI15    (0)    9 :  0.952 0.004 0.004 0.003 0.005 0.005 0.017 0.002 0.004 0.004 
316    ZFI16    (0)    9 :  0.964 0.004 0.004 0.004 0.004 0.006 0.007 0.002 0.003 0.003 
317    ZFI17    (0)    9 :  0.954 0.004 0.004 0.005 0.008 0.008 0.006 0.002 0.003 0.006 
318    ZFI18    (0)    9 :  0.960 0.003 0.004 0.003 0.007 0.006 0.006 0.002 0.003 0.006 
319    ZFI19    (9)    9 :  0.957 0.003 0.003 0.006 0.005 0.005 0.011 0.002 0.003 0.004 
320    ZFI20    (0)    9 :  0.950 0.003 0.005 0.005 0.003 0.005 0.018 0.003 0.004 0.004 
321    ZFI21    (0)    9 :  0.939 0.003 0.016 0.004 0.003 0.009 0.008 0.003 0.010 0.004 
322    ZFI22    (0)    9 :  0.936 0.006 0.004 0.005 0.005 0.004 0.021 0.004 0.005 0.009 
323    ZFI23    (0)    9 :  0.963 0.004 0.004 0.004 0.004 0.007 0.006 0.002 0.003 0.004 
324    ZFI24    (0)    9 :  0.952 0.005 0.005 0.006 0.004 0.009 0.008 0.003 0.004 0.004 
325    ZFI25    (0)    9 :  0.954 0.005 0.004 0.004 0.006 0.005 0.010 0.004 0.005 0.004 
326    ZFI26    (0)    9 :  0.956 0.006 0.004 0.006 0.006 0.004 0.008 0.003 0.003 0.004 
327    ZFI27    (0)    9 :  0.924 0.005 0.007 0.008 0.007 0.032 0.007 0.003 0.004 0.004 
328    ZFK01    (0)    9 :  0.005 0.920 0.009 0.011 0.010 0.013 0.006 0.007 0.009 0.010 
329    ZFK02    (0)   10 :  0.006 0.916 0.010 0.014 0.010 0.011 0.009 0.007 0.010 0.008 
330    ZFK03    (0)   10 :  0.006 0.912 0.008 0.011 0.014 0.009 0.008 0.006 0.009 0.019 
331    ZFK04    (0)   10 :  0.011 0.845 0.006 0.011 0.017 0.007 0.011 0.005 0.008 0.078 
332    ZFK05    (0)   10 :  0.010 0.769 0.006 0.007 0.012 0.011 0.007 0.004 0.005 0.169 
333    ZFK06    (0)   10 :  0.016 0.879 0.005 0.011 0.040 0.007 0.017 0.004 0.007 0.013 
334    ZFK07    (0)   10 :  0.004 0.913 0.010 0.015 0.009 0.008 0.005 0.008 0.008 0.019 
335    ZFK08    (0)   10 :  0.013 0.679 0.009 0.058 0.042 0.004 0.027 0.006 0.011 0.151 
336    ZFK10    (0)   10 :  0.014 0.890 0.007 0.012 0.019 0.008 0.015 0.006 0.007 0.022 
337    ZFK11    (0)   10 :  0.007 0.874 0.006 0.011 0.028 0.008 0.006 0.004 0.007 0.049 
338    ZFK12    (0)   10 :  0.004 0.877 0.017 0.047 0.009 0.005 0.006 0.014 0.012 0.009 
339    ZFK13    (0)   10 :  0.004 0.813 0.045 0.019 0.011 0.007 0.005 0.012 0.040 0.045 
340    ZFK14    (0)   10 :  0.004 0.923 0.014 0.009 0.006 0.008 0.004 0.010 0.011 0.012 
341    ZFK15    (0)   10 :  0.006 0.683 0.032 0.015 0.019 0.011 0.009 0.010 0.056 0.160 
342    ZFK16    (0)   10 :  0.003 0.904 0.015 0.017 0.009 0.008 0.004 0.011 0.018 0.010 
343   ZFLB01    (0)   11 :  0.007 0.003 0.010 0.004 0.006 0.005 0.003 0.004 0.009 0.949 
344   ZFLB02    (0)   11 :  0.038 0.003 0.004 0.008 0.130 0.003 0.010 0.005 0.004 0.795 
345   ZFLB03    (0)   11 :  0.011 0.006 0.009 0.008 0.148 0.079 0.010 0.005 0.005 0.718 
346   ZFLB04    (0)   11 :  0.011 0.007 0.038 0.004 0.007 0.228 0.004 0.005 0.014 0.681 
347   ZFLB05    (0)   11 :  0.011 0.003 0.011 0.004 0.011 0.022 0.004 0.003 0.005 0.925 
348   ZFLB06    (0)   11 :  0.004 0.009 0.005 0.004 0.008 0.005 0.004 0.004 0.007 0.949 
349   ZFLB07    (0)   11 :  0.005 0.019 0.039 0.020 0.110 0.145 0.007 0.009 0.017 0.630 
350   ZFLB08    (0)   11 :  0.031 0.004 0.006 0.012 0.085 0.006 0.009 0.005 0.004 0.837 
351   ZFLB09    (9)   11 :  0.005 0.005 0.004 0.004 0.006 0.004 0.004 0.003 0.005 0.960 
352   ZFLB10    (0)   11 :  0.005 0.003 0.005 0.003 0.005 0.009 0.003 0.002 0.004 0.958 
353   ZFLB11    (0)   11 :  0.003 0.013 0.007 0.008 0.007 0.004 0.004 0.009 0.006 0.939 
354   ZFLB12    (0)   11 :  0.005 0.005 0.003 0.003 0.008 0.003 0.003 0.002 0.003 0.964 
355   ZFLB13    (0)   11 :  0.006 0.012 0.014 0.016 0.067 0.007 0.008 0.004 0.009 0.857 
356  ZFLTI01    (0)   12 :  0.004 0.025 0.918 0.008 0.004 0.008 0.006 0.010 0.016 0.002 
357  ZFLTI02    (0)   12 :  0.005 0.060 0.862 0.006 0.004 0.029 0.005 0.010 0.016 0.002 
358  ZFLTI03    (0)   12 :  0.004 0.010 0.942 0.006 0.003 0.013 0.003 0.009 0.009 0.002 
359  ZFLTI04    (0)   12 :  0.005 0.012 0.926 0.010 0.005 0.019 0.005 0.006 0.010 0.003 
360  ZFLTI05    (0)   12 :  0.004 0.008 0.945 0.004 0.003 0.018 0.003 0.005 0.007 0.002 
361  ZFLTI06    (0)   12 :  0.004 0.006 0.946 0.004 0.003 0.006 0.003 0.009 0.016 0.002 
362  ZFLTI07    (0)   12 :  0.005 0.006 0.955 0.006 0.003 0.006 0.005 0.004 0.009 0.003 
363  ZFLTI08    (0)   12 :  0.009 0.006 0.932 0.008 0.004 0.023 0.003 0.005 0.007 0.002 
364  ZFLTI09    (0)   12 :  0.008 0.006 0.944 0.006 0.003 0.007 0.004 0.004 0.016 0.002 
365  ZFLTI10    (0)   12 :  0.005 0.008 0.948 0.004 0.003 0.006 0.005 0.004 0.016 0.002 
366  ZFLTI11    (0)   12 :  0.005 0.008 0.939 0.005 0.003 0.010 0.003 0.013 0.012 0.002 
367  ZFLTI12    (0)   12 :  0.004 0.019 0.921 0.005 0.003 0.011 0.004 0.015 0.017 0.002 
368  ZFLTI13    (0)   12 :  0.004 0.020 0.880 0.010 0.004 0.053 0.005 0.013 0.008 0.002 
369  ZFLTI14    (0)   12 :  0.006 0.075 0.671 0.005 0.004 0.180 0.005 0.005 0.047 0.002 
370 ZFONF101    (0)   13 :  0.003 0.002 0.006 0.003 0.003 0.003 0.003 0.006 0.970 0.002 
371 ZFONF102    (0)   13 :  0.004 0.003 0.006 0.004 0.008 0.003 0.005 0.023 0.934 0.010 
372 ZFONF103    (0)   13 :  0.005 0.014 0.101 0.009 0.005 0.053 0.004 0.016 0.791 0.003 
373 ZFONF104    (0)   13 :  0.002 0.004 0.012 0.002 0.002 0.003 0.003 0.026 0.944 0.002 
374 ZFONF105    (0)   13 :  0.003 0.005 0.021 0.005 0.003 0.010 0.003 0.108 0.839 0.003 
375 ZFONF106    (0)   13 :  0.004 0.004 0.005 0.002 0.002 0.004 0.003 0.006 0.967 0.002 
376 ZFONF107    (0)   13 :  0.018 0.015 0.037 0.006 0.049 0.016 0.012 0.009 0.796 0.042 
377 ZFONF108    (0)   13 :  0.006 0.019 0.046 0.004 0.011 0.024 0.004 0.009 0.870 0.008 
378 ZFONF109    (9)   13 :  0.005 0.016 0.029 0.004 0.005 0.011 0.004 0.032 0.892 0.005 
379 ZFONF110    (0)   13 :  0.002 0.005 0.009 0.003 0.002 0.005 0.003 0.014 0.954 0.002 
380 ZFONF111    (0)   13 :  0.012 0.008 0.048 0.020 0.019 0.006 0.020 0.018 0.835 0.014 
381 ZFONF112    (0)   13 :  0.007 0.006 0.013 0.003 0.003 0.012 0.003 0.160 0.789 0.003 
382 ZFONF113    (9)   13 :  0.003 0.006 0.015 0.008 0.005 0.008 0.003 0.009 0.939 0.005 
383 ZFONF115    (0)   13 :  0.005 0.006 0.008 0.004 0.003 0.010 0.004 0.014 0.944 0.003 
384 ZFONF116    (0)   13 :  0.005 0.005 0.007 0.004 0.004 0.012 0.004 0.021 0.933 0.003 
385 ZFONF117    (0)   13 :  0.005 0.011 0.549 0.006 0.005 0.039 0.004 0.044 0.333 0.003 
386 ZFONF118    (0)   13 :  0.007 0.008 0.030 0.007 0.003 0.011 0.003 0.014 0.914 0.002 
387 ZFONF119    (0)   13 :  0.003 0.009 0.008 0.005 0.004 0.004 0.004 0.021 0.939 0.005 
388 ZFONF120    (0)   13 :  0.003 0.022 0.018 0.010 0.003 0.004 0.005 0.039 0.892 0.004 
389 ZFONF121    (0)   13 :  0.004 0.004 0.013 0.006 0.004 0.006 0.003 0.098 0.858 0.004 
