

----------------------------------------------------
STRUCTURE by Pritchard, Stephens and Donnelly (2000)
     and Falush, Stephens and Pritchard (2003)
       Code by Pritchard, Falush and Hubisz
             Version 2.3.4 (Jul 2012)
----------------------------------------------------



Command line arguments:   bin\structure -m C:\Users\eschumacher\Documents\GitHub\GCC_QUAC_ZAIN\Data_Files\Structure_Files\ZAIN\ZAIN_rebinned_wild\50-50\mainparams -e C:\Users\eschumacher\Documents\GitHub\GCC_QUAC_ZAIN\Data_Files\Structure_Files\ZAIN\ZAIN_rebinned_wild\50-50\extraparams 
Input File:    C:\Users\eschumacher\Documents\GitHub\GCC_QUAC_ZAIN\Data_Files\Structure_Files\ZAIN\ZAIN_rebinned_wild\project_data

Run parameters:
   751 individuals
   11 loci
   12 populations assumed
   50000 Burn-in period
   50000 Reps


--------------------------------------------
Proportion of membership of each pre-defined
 population in each of the 12 clusters

Given    Inferred Clusters                                                                      Number of
 Pop       1      2      3      4      5      6      7      8      9     10     11     12      Individuals

  1:     0.899  0.005  0.006  0.021  0.009  0.015  0.005  0.010  0.006  0.008  0.013  0.004       35
  2:     0.006  0.305  0.020  0.005  0.022  0.006  0.022  0.008  0.159  0.427  0.005  0.016       36
  3:     0.004  0.235  0.009  0.006  0.010  0.006  0.027  0.013  0.082  0.579  0.006  0.023       33
  4:     0.006  0.009  0.870  0.018  0.035  0.006  0.009  0.008  0.009  0.011  0.011  0.009       40
  5:     0.004  0.008  0.007  0.004  0.006  0.005  0.009  0.006  0.038  0.007  0.004  0.905       39
  6:     0.161  0.031  0.028  0.039  0.015  0.338  0.030  0.232  0.025  0.051  0.038  0.013       40
  7:     0.023  0.010  0.021  0.062  0.051  0.672  0.022  0.049  0.010  0.011  0.057  0.011       37
  8:     0.005  0.109  0.006  0.003  0.006  0.003  0.017  0.005  0.085  0.743  0.005  0.013       40
  9:     0.807  0.004  0.005  0.007  0.041  0.007  0.003  0.007  0.006  0.005  0.093  0.014       28
 10:     0.005  0.006  0.018  0.006  0.926  0.004  0.006  0.005  0.007  0.007  0.005  0.005       14
 11:     0.008  0.007  0.006  0.843  0.018  0.036  0.005  0.007  0.012  0.008  0.013  0.038       13
 12:     0.004  0.015  0.021  0.002  0.007  0.004  0.008  0.006  0.888  0.012  0.007  0.026       14
 13:     0.003  0.884  0.007  0.005  0.008  0.004  0.019  0.006  0.013  0.039  0.005  0.007       25
 14:     0.005  0.011  0.008  0.005  0.005  0.006  0.915  0.005  0.009  0.018  0.006  0.006       40
 15:     0.026  0.019  0.780  0.008  0.028  0.013  0.008  0.019  0.051  0.022  0.010  0.016       32
 16:     0.003  0.005  0.004  0.954  0.005  0.006  0.004  0.003  0.004  0.004  0.003  0.004       20
 17:     0.645  0.009  0.007  0.007  0.014  0.062  0.006  0.198  0.009  0.014  0.023  0.005        4
 18:     0.264  0.018  0.010  0.015  0.013  0.018  0.013  0.036  0.012  0.077  0.519  0.005       23
 19:     0.014  0.004  0.006  0.006  0.005  0.009  0.004  0.007  0.004  0.005  0.931  0.004       39
 20:     0.049  0.006  0.006  0.826  0.021  0.011  0.004  0.011  0.005  0.007  0.051  0.004       38
 21:     0.005  0.027  0.009  0.005  0.007  0.006  0.049  0.010  0.721  0.044  0.004  0.113       45
 22:     0.005  0.165  0.013  0.009  0.024  0.010  0.022  0.007  0.387  0.228  0.005  0.124       28
 23:     0.334  0.006  0.008  0.008  0.005  0.034  0.007  0.009  0.006  0.006  0.568  0.009        6
 24:     0.013  0.007  0.006  0.005  0.011  0.020  0.013  0.876  0.013  0.007  0.018  0.012       40
 25:     0.016  0.010  0.009  0.049  0.018  0.817  0.011  0.020  0.022  0.008  0.010  0.011       42
--------------------------------------------

Allele-freq. divergence among pops (Net nucleotide distance),
computed using point estimates of P.

      1       2       3       4       5       6       7       8       9      10      11      12      
 1      -    0.2594  0.2122  0.1766  0.2574  0.1229  0.3653  0.2025  0.2613  0.2514  0.0879  0.3010  
 2   0.2594     -    0.1976  0.2888  0.1887  0.1889  0.1040  0.1744  0.0787  0.0495  0.2734  0.2318  
 3   0.2122  0.1976     -    0.2616  0.1971  0.1430  0.2046  0.1757  0.1712  0.2337  0.1784  0.2009  
 4   0.1766  0.2888  0.2616     -    0.2315  0.1094  0.3585  0.2405  0.2925  0.3058  0.2102  0.3678  
 5   0.2574  0.1887  0.1971  0.2315     -    0.1593  0.2838  0.1850  0.1949  0.2326  0.2682  0.2465  
 6   0.1229  0.1889  0.1430  0.1094  0.1593     -    0.2671  0.1045  0.1600  0.2077  0.1107  0.2053  
 7   0.3653  0.1040  0.2046  0.3585  0.2838  0.2671     -    0.1759  0.1308  0.1425  0.3720  0.2958  
 8   0.2025  0.1744  0.1757  0.2405  0.1850  0.1045  0.1759     -    0.1236  0.1697  0.1857  0.2528  
 9   0.2613  0.0787  0.1712  0.2925  0.1949  0.1600  0.1308  0.1236     -    0.0658  0.2714  0.1359  
10   0.2514  0.0495  0.2337  0.3058  0.2326  0.2077  0.1425  0.1697  0.0658     -    0.2676  0.2660  
11   0.0879  0.2734  0.1784  0.2102  0.2682  0.1107  0.3720  0.1857  0.2714  0.2676     -    0.3034  
12   0.3010  0.2318  0.2009  0.3678  0.2465  0.2053  0.2958  0.2528  0.1359  0.2660  0.3034     -    

Average distances (expected heterozygosity) between individuals in same cluster:
cluster  1  : 0.4844 
cluster  2  : 0.4145 
cluster  3  : 0.3971 
cluster  4  : 0.4167 
cluster  5  : 0.2403 
cluster  6  : 0.5553 
cluster  7  : 0.3621 
cluster  8  : 0.4367 
cluster  9  : 0.4260 
cluster 10  : 0.3624 
cluster 11  : 0.3457 
cluster 12  : 0.2260 

--------------------------------------------
Estimated Ln Prob of Data   = -13407.8
Mean value of ln likelihood = -12951.1
Variance of ln likelihood   = 913.3
Mean value of alpha         = 0.0328

Mean value of Fst_1         = 0.4213
Mean value of Fst_2         = 0.3408
Mean value of Fst_3         = 0.4092
Mean value of Fst_4         = 0.4301
Mean value of Fst_5         = 0.6465
Mean value of Fst_6         = 0.1332
Mean value of Fst_7         = 0.4343
Mean value of Fst_8         = 0.3495
Mean value of Fst_9         = 0.4143
Mean value of Fst_10         = 0.4362
Mean value of Fst_11         = 0.4813
Mean value of Fst_12         = 0.6614


Inferred ancestry of individuals:
        Label (%Miss) Pop:  Inferred clusters
  1    ZFB01    (0)    1 :  0.955 0.003 0.005 0.006 0.002 0.003 0.003 0.003 0.003 0.004 0.009 0.003 
  2    ZFB02    (0)    1 :  0.910 0.004 0.010 0.032 0.006 0.007 0.003 0.005 0.003 0.004 0.014 0.002 
  3    ZFB03    (0)    1 :  0.876 0.007 0.008 0.004 0.005 0.019 0.003 0.011 0.014 0.012 0.020 0.021 
  4    ZFB04    (0)    1 :  0.932 0.003 0.005 0.022 0.007 0.006 0.003 0.003 0.003 0.005 0.007 0.002 
  5    ZFB05    (0)    1 :  0.733 0.003 0.008 0.109 0.049 0.040 0.010 0.020 0.005 0.003 0.011 0.009 
  6    ZFB06    (0)    1 :  0.807 0.003 0.008 0.057 0.022 0.043 0.011 0.020 0.005 0.003 0.012 0.010 
  7    ZFB07    (9)    1 :  0.790 0.006 0.004 0.009 0.006 0.043 0.006 0.013 0.006 0.009 0.104 0.005 
  8    ZFB08    (0)    1 :  0.891 0.008 0.007 0.005 0.010 0.005 0.007 0.020 0.007 0.008 0.028 0.005 
  9    ZFB09    (0)    1 :  0.960 0.003 0.004 0.004 0.003 0.004 0.002 0.004 0.003 0.003 0.008 0.003 
 10    ZFB10    (0)    1 :  0.928 0.008 0.005 0.007 0.006 0.004 0.005 0.004 0.008 0.019 0.004 0.002 
 11    ZFB11    (0)    1 :  0.954 0.005 0.004 0.008 0.004 0.003 0.003 0.003 0.003 0.005 0.004 0.002 
 12    ZFB12    (0)    1 :  0.902 0.005 0.005 0.023 0.003 0.011 0.003 0.022 0.007 0.008 0.005 0.005 
 13    ZFB13    (0)    1 :  0.913 0.009 0.004 0.006 0.013 0.006 0.007 0.012 0.007 0.010 0.009 0.004 
 14    ZFB14    (0)    1 :  0.953 0.005 0.005 0.004 0.005 0.004 0.003 0.004 0.003 0.005 0.007 0.003 
 15    ZFB15    (0)    1 :  0.960 0.002 0.002 0.008 0.003 0.003 0.002 0.003 0.002 0.003 0.007 0.002 
 16    ZFB16    (0)    1 :  0.936 0.005 0.003 0.009 0.012 0.004 0.004 0.007 0.005 0.007 0.005 0.003 
 17    ZFB17    (0)    1 :  0.862 0.006 0.013 0.019 0.029 0.009 0.009 0.027 0.008 0.010 0.007 0.002 
 18    ZFB18    (0)    1 :  0.965 0.003 0.004 0.003 0.003 0.003 0.003 0.003 0.003 0.004 0.005 0.002 
 19    ZFB19    (0)    1 :  0.683 0.022 0.004 0.007 0.006 0.071 0.012 0.058 0.025 0.053 0.051 0.007 
 20    ZFB20    (0)    1 :  0.914 0.005 0.003 0.025 0.018 0.005 0.004 0.007 0.005 0.007 0.006 0.003 
 21    ZFB21    (0)    1 :  0.956 0.003 0.003 0.007 0.004 0.006 0.002 0.003 0.003 0.002 0.007 0.003 
 22    ZFB22    (0)    1 :  0.896 0.006 0.007 0.035 0.005 0.007 0.008 0.011 0.008 0.009 0.005 0.002 
 23    ZFB23    (0)    1 :  0.951 0.005 0.004 0.011 0.005 0.004 0.002 0.003 0.003 0.005 0.004 0.003 
 24    ZFB24    (0)    1 :  0.944 0.004 0.003 0.017 0.006 0.004 0.003 0.003 0.003 0.005 0.005 0.002 
 25    ZFB25    (0)    1 :  0.949 0.005 0.004 0.004 0.003 0.003 0.003 0.003 0.005 0.014 0.004 0.003 
 26    ZFB26    (0)    1 :  0.923 0.008 0.004 0.022 0.011 0.005 0.003 0.003 0.005 0.010 0.004 0.003 
 27    ZFB27    (0)    1 :  0.935 0.004 0.003 0.029 0.003 0.005 0.002 0.003 0.003 0.005 0.004 0.002 
 28    ZFB28    (0)    1 :  0.826 0.006 0.008 0.075 0.013 0.031 0.003 0.015 0.006 0.008 0.005 0.004 
 29    ZFB29    (0)    1 :  0.955 0.003 0.004 0.009 0.007 0.004 0.002 0.003 0.002 0.003 0.005 0.002 
 30    ZFB30    (0)    1 :  0.716 0.004 0.003 0.090 0.005 0.107 0.018 0.017 0.006 0.004 0.021 0.008 
 31    ZFB31    (0)    1 :  0.941 0.007 0.004 0.006 0.003 0.004 0.003 0.004 0.006 0.012 0.007 0.003 
 32    ZFB32    (0)    1 :  0.794 0.010 0.025 0.045 0.024 0.025 0.004 0.036 0.010 0.013 0.008 0.008 
 33    ZFB33    (0)    1 :  0.962 0.003 0.003 0.007 0.003 0.004 0.002 0.003 0.003 0.003 0.006 0.002 
 34    ZFB34    (0)    1 :  0.943 0.004 0.006 0.003 0.003 0.004 0.003 0.004 0.003 0.004 0.018 0.003 
 35    ZFB35    (0)    1 :  0.936 0.005 0.005 0.006 0.007 0.005 0.003 0.005 0.005 0.006 0.014 0.004 
 36  ZFBP101    (0)    2 :  0.011 0.178 0.060 0.006 0.100 0.007 0.044 0.012 0.373 0.190 0.005 0.014 
 37  ZFBP102    (0)    2 :  0.015 0.395 0.011 0.010 0.040 0.012 0.013 0.009 0.296 0.189 0.007 0.005 
 38  ZFBP103    (0)    2 :  0.009 0.025 0.094 0.006 0.052 0.007 0.010 0.007 0.660 0.102 0.004 0.024 
 39  ZFBP104    (0)    2 :  0.021 0.089 0.004 0.007 0.005 0.014 0.008 0.034 0.526 0.258 0.025 0.009 
 40  ZFBP105    (0)    2 :  0.005 0.609 0.005 0.005 0.006 0.006 0.006 0.008 0.099 0.229 0.006 0.014 
 41  ZFBP106    (0)    2 :  0.003 0.432 0.007 0.003 0.013 0.004 0.013 0.005 0.091 0.402 0.003 0.024 
 42  ZFBP107    (0)    2 :  0.007 0.372 0.007 0.018 0.044 0.014 0.005 0.009 0.235 0.264 0.005 0.021 
 43  ZFBP108    (0)    2 :  0.003 0.102 0.003 0.003 0.005 0.003 0.005 0.002 0.012 0.851 0.003 0.007 
 44  ZFBP109    (0)    2 :  0.003 0.788 0.004 0.002 0.003 0.004 0.005 0.005 0.030 0.143 0.006 0.006 
 45  ZFBP110    (0)    2 :  0.044 0.130 0.031 0.007 0.044 0.027 0.007 0.012 0.273 0.309 0.012 0.105 
 46  ZFBP111    (0)    2 :  0.003 0.154 0.005 0.003 0.005 0.004 0.133 0.011 0.410 0.259 0.002 0.010 
 47  ZFBP112    (0)    2 :  0.003 0.037 0.012 0.005 0.015 0.004 0.048 0.006 0.014 0.843 0.004 0.011 
 48  ZFBP113    (0)    2 :  0.003 0.010 0.003 0.003 0.004 0.004 0.003 0.005 0.008 0.950 0.003 0.003 
 49  ZFBP114    (0)    2 :  0.003 0.913 0.003 0.004 0.009 0.004 0.005 0.003 0.031 0.017 0.004 0.004 
 50  ZFBP115    (0)    2 :  0.003 0.069 0.008 0.003 0.008 0.004 0.012 0.006 0.847 0.021 0.002 0.017 
 51  ZFBP116    (0)    2 :  0.003 0.070 0.005 0.003 0.007 0.004 0.007 0.006 0.031 0.854 0.003 0.006 
 52  ZFBP117    (0)    2 :  0.003 0.555 0.011 0.002 0.005 0.005 0.009 0.004 0.019 0.378 0.003 0.007 
 53  ZFBP118    (0)    2 :  0.004 0.784 0.004 0.006 0.013 0.006 0.009 0.004 0.047 0.117 0.003 0.004 
 54  ZFBP119    (0)    2 :  0.004 0.717 0.022 0.002 0.013 0.005 0.018 0.016 0.161 0.022 0.005 0.015 
 55  ZFBP120    (0)    2 :  0.006 0.225 0.004 0.005 0.007 0.006 0.006 0.008 0.124 0.588 0.007 0.015 
 56  ZFBP121    (0)    2 :  0.005 0.729 0.009 0.003 0.007 0.004 0.005 0.005 0.016 0.203 0.006 0.008 
 57  ZFBP122    (9)    2 :  0.003 0.106 0.004 0.003 0.006 0.004 0.009 0.007 0.029 0.819 0.004 0.006 
 58  ZFBP123    (0)    2 :  0.003 0.092 0.010 0.005 0.043 0.005 0.016 0.008 0.011 0.797 0.004 0.006 
 59  ZFBP124    (0)    2 :  0.006 0.708 0.006 0.004 0.009 0.004 0.005 0.004 0.022 0.215 0.011 0.006 
 60  ZFBP125    (0)    2 :  0.003 0.652 0.008 0.002 0.006 0.003 0.017 0.005 0.039 0.253 0.003 0.010 
 61  ZFBP126    (0)    2 :  0.012 0.022 0.016 0.010 0.024 0.013 0.005 0.017 0.019 0.853 0.005 0.003 
 62  ZFBP127    (0)    2 :  0.003 0.458 0.018 0.003 0.007 0.004 0.005 0.003 0.170 0.231 0.004 0.095 
 63  ZFBP128    (0)    2 :  0.003 0.045 0.014 0.002 0.007 0.002 0.026 0.003 0.019 0.860 0.004 0.015 
 64  ZFBP129    (0)    2 :  0.004 0.332 0.012 0.003 0.009 0.006 0.134 0.005 0.008 0.472 0.008 0.008 
 65  ZFBP130    (0)    2 :  0.002 0.322 0.030 0.003 0.010 0.003 0.087 0.009 0.057 0.463 0.002 0.011 
 66  ZFBP131    (0)    2 :  0.003 0.069 0.003 0.004 0.003 0.003 0.004 0.004 0.005 0.895 0.004 0.003 
 67  ZFBP132    (0)    2 :  0.005 0.391 0.006 0.003 0.005 0.004 0.004 0.003 0.017 0.539 0.003 0.021 
 68  ZFBP133    (0)    2 :  0.003 0.012 0.007 0.002 0.003 0.002 0.032 0.005 0.006 0.923 0.003 0.003 
 69  ZFBP134    (0)    2 :  0.004 0.021 0.020 0.003 0.003 0.003 0.011 0.009 0.778 0.136 0.003 0.009 
 70  ZFBP135    (0)    2 :  0.013 0.160 0.203 0.005 0.065 0.008 0.013 0.007 0.069 0.430 0.007 0.020 
 71  ZFBP136    (0)    2 :  0.003 0.213 0.053 0.007 0.174 0.005 0.043 0.007 0.160 0.312 0.004 0.019 
 72  ZFBP201    (0)    3 :  0.004 0.010 0.004 0.005 0.005 0.005 0.004 0.005 0.008 0.938 0.004 0.008 
 73  ZFBP202    (0)    3 :  0.005 0.123 0.004 0.003 0.006 0.004 0.007 0.006 0.028 0.793 0.008 0.012 
 74  ZFBP203    (0)    3 :  0.007 0.061 0.005 0.054 0.007 0.028 0.018 0.027 0.012 0.770 0.006 0.005 
 75  ZFBP204    (0)    3 :  0.004 0.699 0.011 0.005 0.031 0.006 0.017 0.009 0.111 0.089 0.004 0.015 
 76  ZFBP205    (0)    3 :  0.002 0.543 0.009 0.005 0.011 0.004 0.017 0.006 0.017 0.377 0.005 0.003 
 77  ZFBP206    (0)    3 :  0.003 0.025 0.009 0.006 0.021 0.004 0.020 0.008 0.007 0.888 0.005 0.005 
 78  ZFBP207    (0)    3 :  0.005 0.657 0.011 0.003 0.007 0.004 0.007 0.005 0.144 0.017 0.004 0.137 
 79  ZFBP208    (0)    3 :  0.003 0.017 0.005 0.009 0.014 0.005 0.008 0.008 0.007 0.917 0.004 0.003 
 80  ZFBP209    (0)    3 :  0.002 0.322 0.011 0.002 0.003 0.003 0.108 0.005 0.009 0.527 0.005 0.003 
 81  ZFBP210    (0)    3 :  0.004 0.023 0.004 0.006 0.005 0.005 0.007 0.009 0.011 0.915 0.004 0.008 
 82  ZFBP211    (0)    3 :  0.006 0.719 0.005 0.003 0.008 0.004 0.005 0.005 0.011 0.218 0.006 0.010 
 83  ZFBP212    (0)    3 :  0.006 0.042 0.003 0.003 0.003 0.003 0.005 0.003 0.054 0.843 0.004 0.031 
 84  ZFBP213    (0)    3 :  0.005 0.045 0.011 0.005 0.030 0.006 0.009 0.010 0.009 0.844 0.016 0.011 
 85  ZFBP214    (0)    3 :  0.006 0.031 0.045 0.004 0.025 0.009 0.050 0.037 0.027 0.716 0.015 0.035 
 86  ZFBP215    (0)    3 :  0.003 0.063 0.006 0.003 0.006 0.003 0.009 0.004 0.009 0.884 0.004 0.007 
 87  ZFBP216    (0)    3 :  0.004 0.157 0.005 0.006 0.007 0.010 0.006 0.027 0.052 0.714 0.005 0.006 
 88  ZFBP217    (0)    3 :  0.006 0.049 0.008 0.004 0.005 0.007 0.129 0.025 0.079 0.641 0.005 0.043 
 89  ZFBP218    (0)    3 :  0.002 0.417 0.005 0.003 0.003 0.003 0.014 0.006 0.030 0.503 0.011 0.003 
 90  ZFBP219    (0)    3 :  0.002 0.010 0.002 0.003 0.004 0.004 0.004 0.005 0.007 0.952 0.003 0.003 
 91  ZFBP220    (0)    3 :  0.003 0.092 0.024 0.003 0.009 0.004 0.047 0.006 0.129 0.664 0.002 0.017 
 92  ZFBP221    (0)    3 :  0.004 0.166 0.004 0.003 0.002 0.003 0.008 0.005 0.568 0.223 0.006 0.008 
 93  ZFBP222    (0)    3 :  0.003 0.015 0.006 0.004 0.005 0.003 0.006 0.006 0.004 0.939 0.004 0.003 
 94  ZFBP223    (0)    3 :  0.007 0.147 0.009 0.005 0.010 0.006 0.008 0.005 0.070 0.498 0.006 0.229 
 95  ZFBP224    (0)    3 :  0.003 0.020 0.006 0.004 0.016 0.005 0.005 0.007 0.009 0.913 0.007 0.006 
 96  ZFBP225    (0)    3 :  0.003 0.045 0.011 0.007 0.010 0.006 0.240 0.014 0.289 0.348 0.003 0.024 
 97  ZFBP226    (0)    3 :  0.003 0.236 0.004 0.005 0.005 0.004 0.005 0.005 0.014 0.710 0.003 0.005 
 98  ZFBP227    (0)    3 :  0.010 0.174 0.007 0.008 0.012 0.035 0.006 0.125 0.262 0.330 0.022 0.009 
 99  ZFBP228    (0)    3 :  0.004 0.264 0.018 0.003 0.006 0.004 0.008 0.004 0.354 0.242 0.005 0.087 
100  ZFBP229    (0)    3 :  0.003 0.178 0.009 0.003 0.004 0.004 0.026 0.006 0.046 0.714 0.003 0.005 
101  ZFBP230    (0)    3 :  0.003 0.209 0.035 0.003 0.011 0.005 0.040 0.010 0.269 0.400 0.003 0.012 
102  ZFBP231    (0)    3 :  0.005 0.904 0.004 0.004 0.015 0.005 0.005 0.006 0.011 0.031 0.006 0.006 
103  ZFBP232    (0)    3 :  0.003 0.824 0.004 0.003 0.005 0.003 0.007 0.004 0.009 0.131 0.003 0.004 
104  ZFBP233    (0)    3 :  0.006 0.479 0.006 0.004 0.009 0.005 0.018 0.012 0.033 0.412 0.008 0.008 
105   ZFCC01    (0)    4 :  0.005 0.003 0.935 0.005 0.009 0.004 0.004 0.004 0.003 0.004 0.018 0.005 
106   ZFCC03    (0)    4 :  0.003 0.003 0.953 0.003 0.005 0.003 0.004 0.003 0.003 0.004 0.007 0.009 
107   ZFCC04    (0)    4 :  0.004 0.003 0.938 0.004 0.014 0.005 0.007 0.004 0.005 0.004 0.007 0.006 
108   ZFCC05    (0)    4 :  0.005 0.005 0.872 0.005 0.047 0.007 0.007 0.008 0.006 0.007 0.013 0.016 
109   ZFCC08    (0)    4 :  0.002 0.012 0.912 0.003 0.009 0.003 0.019 0.008 0.008 0.009 0.008 0.005 
110   ZFCC09    (0)    4 :  0.003 0.005 0.948 0.003 0.006 0.003 0.004 0.003 0.004 0.003 0.010 0.008 
111   ZFCC10    (0)    4 :  0.004 0.004 0.920 0.004 0.008 0.004 0.003 0.003 0.003 0.004 0.039 0.004 
112   ZFCC11    (0)    4 :  0.004 0.004 0.934 0.004 0.009 0.004 0.004 0.004 0.004 0.005 0.011 0.012 
113   ZFCC12    (0)    4 :  0.011 0.005 0.801 0.066 0.029 0.017 0.004 0.009 0.008 0.006 0.036 0.008 
114   ZFCC13    (0)    4 :  0.004 0.007 0.916 0.007 0.008 0.006 0.007 0.011 0.011 0.009 0.004 0.010 
115   ZFCC14    (0)    4 :  0.008 0.007 0.910 0.006 0.023 0.006 0.007 0.004 0.004 0.011 0.010 0.004 
116   ZFCC15    (0)    4 :  0.003 0.004 0.950 0.005 0.005 0.005 0.004 0.007 0.004 0.004 0.005 0.004 
117   ZFCC16    (0)    4 :  0.005 0.004 0.943 0.004 0.016 0.005 0.004 0.005 0.003 0.003 0.006 0.004 
118   ZFCC17    (0)    4 :  0.006 0.003 0.903 0.013 0.043 0.005 0.004 0.004 0.004 0.003 0.006 0.006 
119   ZFCC18    (0)    4 :  0.004 0.004 0.939 0.004 0.008 0.004 0.006 0.005 0.004 0.005 0.009 0.009 
120   ZFCC19    (0)    4 :  0.005 0.003 0.944 0.009 0.010 0.006 0.003 0.008 0.003 0.003 0.004 0.003 
121   ZFCC20    (0)    4 :  0.004 0.003 0.940 0.004 0.011 0.004 0.005 0.007 0.007 0.003 0.004 0.008 
122   ZFCC21    (0)    4 :  0.006 0.012 0.781 0.007 0.012 0.006 0.033 0.057 0.014 0.062 0.007 0.003 
123   ZFCC22    (0)    4 :  0.003 0.070 0.640 0.005 0.012 0.004 0.049 0.008 0.087 0.099 0.018 0.006 
124   ZFCC26    (0)    4 :  0.005 0.004 0.951 0.004 0.008 0.004 0.004 0.004 0.003 0.003 0.005 0.005 
125   ZFCC27    (0)    4 :  0.003 0.003 0.957 0.003 0.006 0.003 0.004 0.003 0.003 0.003 0.005 0.007 
126   ZFCC29    (0)    4 :  0.008 0.004 0.921 0.005 0.021 0.005 0.006 0.011 0.005 0.004 0.006 0.005 
127   ZFCC30    (0)    4 :  0.003 0.004 0.949 0.003 0.007 0.004 0.005 0.004 0.004 0.003 0.004 0.011 
128   ZFCC32    (0)    4 :  0.004 0.005 0.932 0.007 0.009 0.006 0.005 0.009 0.006 0.003 0.007 0.005 
129   ZFCC33    (0)    4 :  0.010 0.004 0.582 0.004 0.356 0.008 0.005 0.005 0.004 0.004 0.010 0.007 
130   ZFCC34    (0)    4 :  0.027 0.072 0.627 0.022 0.045 0.006 0.018 0.009 0.034 0.046 0.023 0.070 
131   ZFCC35    (0)    4 :  0.002 0.004 0.958 0.003 0.007 0.003 0.004 0.004 0.004 0.003 0.004 0.004 
132   ZFCC36    (0)    4 :  0.003 0.006 0.906 0.012 0.012 0.006 0.010 0.017 0.009 0.009 0.005 0.004 
133   ZFCC37    (0)    4 :  0.010 0.009 0.796 0.049 0.029 0.018 0.006 0.011 0.010 0.007 0.047 0.008 
134   ZFCC40    (0)    4 :  0.004 0.004 0.934 0.008 0.015 0.004 0.004 0.003 0.004 0.007 0.010 0.004 
135   ZFCC42    (0)    4 :  0.024 0.005 0.058 0.372 0.441 0.017 0.008 0.005 0.009 0.004 0.007 0.049 
136   ZFCC44    (0)    4 :  0.003 0.004 0.945 0.005 0.015 0.004 0.003 0.002 0.003 0.003 0.003 0.010 
137   ZFCC45    (9)    4 :  0.009 0.004 0.842 0.021 0.055 0.015 0.003 0.009 0.004 0.007 0.022 0.010 
138   ZFCC46    (0)    4 :  0.003 0.012 0.880 0.004 0.015 0.003 0.032 0.008 0.018 0.011 0.003 0.010 
139   ZFCC47    (0)    4 :  0.007 0.007 0.878 0.032 0.009 0.006 0.007 0.005 0.006 0.004 0.032 0.006 
140   ZFCC48    (0)    4 :  0.004 0.014 0.849 0.004 0.016 0.004 0.037 0.016 0.009 0.038 0.005 0.003 
141   ZFCC50    (0)    4 :  0.004 0.003 0.955 0.005 0.009 0.004 0.003 0.004 0.003 0.003 0.004 0.003 
142   ZFCC51    (0)    4 :  0.004 0.003 0.956 0.003 0.004 0.003 0.003 0.003 0.003 0.003 0.005 0.009 
143   ZFCC52    (0)    4 :  0.004 0.015 0.875 0.009 0.036 0.004 0.013 0.008 0.010 0.015 0.005 0.006 
144   ZFCC53    (0)    4 :  0.004 0.003 0.960 0.003 0.005 0.003 0.003 0.003 0.003 0.003 0.005 0.006 
145  ZFCNS01    (0)    5 :  0.002 0.005 0.007 0.022 0.004 0.029 0.003 0.052 0.040 0.007 0.003 0.828 
146  ZFCNS02    (0)    5 :  0.002 0.004 0.005 0.002 0.004 0.002 0.004 0.003 0.004 0.003 0.003 0.964 
147  ZFCNS05    (0)    5 :  0.005 0.007 0.007 0.003 0.006 0.003 0.005 0.005 0.007 0.006 0.005 0.942 
148  ZFCNS06    (0)    5 :  0.003 0.004 0.006 0.002 0.004 0.003 0.005 0.003 0.004 0.004 0.003 0.959 
149  ZFCNS07    (0)    5 :  0.003 0.008 0.003 0.002 0.003 0.003 0.010 0.003 0.007 0.005 0.003 0.950 
150  ZFCNS10    (0)    5 :  0.003 0.008 0.005 0.003 0.003 0.003 0.005 0.003 0.020 0.008 0.003 0.938 
151  ZFCNS11    (0)    5 :  0.003 0.004 0.008 0.012 0.004 0.015 0.005 0.020 0.017 0.006 0.003 0.904 
152  ZFCNS15    (0)    5 :  0.004 0.014 0.003 0.003 0.006 0.004 0.008 0.004 0.045 0.019 0.003 0.888 
153  ZFCNS17    (0)    5 :  0.002 0.005 0.005 0.002 0.004 0.003 0.004 0.003 0.004 0.004 0.003 0.962 
154  ZFCNS18    (0)    5 :  0.003 0.007 0.005 0.003 0.003 0.003 0.004 0.003 0.018 0.009 0.003 0.940 
155  ZFCNS19    (0)    5 :  0.003 0.003 0.004 0.002 0.003 0.003 0.004 0.003 0.004 0.003 0.003 0.966 
156  ZFCNS20    (0)    5 :  0.003 0.013 0.004 0.003 0.009 0.003 0.015 0.005 0.012 0.011 0.003 0.920 
157  ZFCNS21    (0)    5 :  0.002 0.003 0.004 0.002 0.004 0.003 0.003 0.003 0.006 0.003 0.003 0.966 
158  ZFCNS22    (0)    5 :  0.005 0.012 0.005 0.003 0.006 0.004 0.005 0.004 0.011 0.011 0.005 0.930 
159  ZFCNS23    (0)    5 :  0.004 0.006 0.015 0.011 0.025 0.008 0.011 0.010 0.006 0.006 0.006 0.893 
160  ZFCNS24    (0)    5 :  0.002 0.007 0.008 0.003 0.009 0.003 0.006 0.004 0.009 0.005 0.003 0.941 
161  ZFCNS25    (0)    5 :  0.003 0.015 0.005 0.003 0.008 0.003 0.011 0.004 0.012 0.008 0.003 0.926 
162  ZFCNS26    (0)    5 :  0.003 0.004 0.003 0.002 0.003 0.003 0.004 0.003 0.008 0.004 0.003 0.959 
163  ZFCNS27    (0)    5 :  0.003 0.024 0.004 0.003 0.005 0.004 0.009 0.004 0.054 0.016 0.003 0.872 
164  ZFCNS28    (0)    5 :  0.003 0.004 0.004 0.002 0.003 0.003 0.004 0.003 0.005 0.004 0.003 0.961 
165  ZFCNS29    (0)    5 :  0.004 0.008 0.008 0.002 0.007 0.004 0.004 0.005 0.008 0.007 0.004 0.939 
166  ZFCNS30    (0)    5 :  0.004 0.004 0.006 0.002 0.006 0.003 0.003 0.004 0.008 0.005 0.004 0.949 
167  ZFCNS31    (0)    5 :  0.003 0.004 0.003 0.002 0.003 0.003 0.004 0.003 0.005 0.004 0.003 0.964 
168  ZFCNS32    (0)    5 :  0.003 0.006 0.005 0.003 0.006 0.003 0.007 0.005 0.012 0.006 0.004 0.940 
169  ZFCNS33    (0)    5 :  0.003 0.003 0.003 0.002 0.003 0.003 0.004 0.003 0.005 0.003 0.003 0.966 
170  ZFCNS34    (0)    5 :  0.004 0.006 0.012 0.003 0.007 0.003 0.004 0.004 0.006 0.004 0.005 0.943 
171  ZFCNS35    (0)    5 :  0.019 0.014 0.008 0.002 0.003 0.003 0.004 0.004 0.026 0.013 0.014 0.888 
172  ZFCNS36    (0)    5 :  0.002 0.008 0.009 0.003 0.009 0.003 0.008 0.004 0.007 0.005 0.003 0.938 
173  ZFCNS37    (0)    5 :  0.003 0.008 0.005 0.002 0.007 0.008 0.008 0.004 0.151 0.005 0.004 0.795 
174  ZFCNS39    (0)    5 :  0.002 0.008 0.017 0.003 0.007 0.005 0.022 0.012 0.026 0.008 0.002 0.887 
175  ZFCNS40    (0)    5 :  0.002 0.016 0.024 0.003 0.010 0.004 0.120 0.008 0.146 0.007 0.003 0.657 
176  ZFCNS41    (0)    5 :  0.006 0.020 0.017 0.004 0.012 0.008 0.006 0.011 0.652 0.015 0.007 0.243 
177  ZFCNS42    (0)    5 :  0.003 0.004 0.003 0.002 0.003 0.003 0.003 0.003 0.006 0.004 0.003 0.963 
178  ZFCNS43    (0)    5 :  0.003 0.003 0.005 0.002 0.003 0.003 0.003 0.003 0.005 0.003 0.003 0.965 
179  ZFCNS44    (0)    5 :  0.003 0.006 0.005 0.003 0.004 0.003 0.003 0.002 0.015 0.008 0.003 0.944 
180  ZFCNS46    (0)    5 :  0.003 0.005 0.005 0.002 0.006 0.004 0.004 0.005 0.011 0.007 0.004 0.946 
181  ZFCNS47    (0)    5 :  0.002 0.003 0.004 0.002 0.003 0.003 0.003 0.003 0.005 0.003 0.003 0.966 
182  ZFCNS48    (0)    5 :  0.004 0.010 0.006 0.004 0.005 0.003 0.005 0.004 0.038 0.014 0.004 0.903 
183  ZFCNS49    (0)    5 :  0.004 0.009 0.003 0.003 0.003 0.003 0.004 0.002 0.060 0.015 0.003 0.891 
184   ZFCR01    (0)    6 :  0.030 0.011 0.023 0.020 0.003 0.693 0.016 0.006 0.005 0.050 0.140 0.003 
185   ZFCR02    (0)    6 :  0.515 0.099 0.050 0.015 0.042 0.167 0.047 0.022 0.011 0.018 0.006 0.007 
186   ZFCR03    (0)    6 :  0.288 0.039 0.031 0.109 0.055 0.061 0.037 0.187 0.007 0.142 0.041 0.003 
187   ZFCR04    (0)    6 :  0.389 0.024 0.023 0.029 0.006 0.280 0.037 0.037 0.038 0.023 0.102 0.012 
188   ZFCR05    (0)    6 :  0.089 0.008 0.076 0.025 0.007 0.298 0.007 0.295 0.005 0.006 0.181 0.004 
189   ZFCR06    (0)    6 :  0.103 0.069 0.034 0.007 0.007 0.480 0.030 0.026 0.067 0.087 0.029 0.062 
190   ZFCR07    (0)    6 :  0.051 0.006 0.012 0.011 0.047 0.418 0.004 0.334 0.033 0.014 0.013 0.057 
191   ZFCR08    (0)    6 :  0.022 0.013 0.085 0.034 0.037 0.642 0.030 0.007 0.012 0.024 0.090 0.004 
192   ZFCR09    (0)    6 :  0.152 0.106 0.038 0.401 0.013 0.044 0.021 0.036 0.064 0.086 0.024 0.014 
193   ZFCR11    (0)    6 :  0.233 0.027 0.015 0.021 0.005 0.229 0.003 0.201 0.140 0.007 0.109 0.011 
194   ZFCR12    (0)    6 :  0.035 0.018 0.016 0.004 0.011 0.362 0.027 0.289 0.096 0.014 0.006 0.122 
195   ZFCR13    (0)    6 :  0.021 0.065 0.007 0.004 0.007 0.488 0.005 0.298 0.012 0.079 0.005 0.008 
196   ZFCR14    (0)    6 :  0.079 0.009 0.022 0.010 0.007 0.339 0.035 0.443 0.010 0.009 0.031 0.005 
197   ZFCR15    (0)    6 :  0.198 0.023 0.018 0.008 0.015 0.462 0.106 0.103 0.014 0.020 0.029 0.005 
198   ZFCR16    (0)    6 :  0.269 0.023 0.011 0.005 0.005 0.525 0.051 0.058 0.010 0.026 0.015 0.003 
199   ZFCR18    (0)    6 :  0.772 0.060 0.020 0.004 0.075 0.015 0.014 0.007 0.009 0.007 0.006 0.010 
200   ZFCR19    (0)    6 :  0.350 0.020 0.016 0.121 0.006 0.039 0.322 0.079 0.009 0.016 0.019 0.004 
201   ZFCR20    (0)    6 :  0.142 0.025 0.010 0.030 0.033 0.122 0.013 0.219 0.010 0.213 0.178 0.004 
202   ZFCR21    (0)    6 :  0.028 0.012 0.027 0.004 0.007 0.398 0.019 0.457 0.011 0.012 0.021 0.003 
203   ZFCR22    (0)    6 :  0.043 0.009 0.004 0.007 0.007 0.240 0.018 0.650 0.005 0.011 0.003 0.003 
204   ZFCR23    (0)    6 :  0.046 0.055 0.004 0.031 0.003 0.361 0.005 0.275 0.035 0.171 0.009 0.004 
205   ZFCR24    (9)    6 :  0.087 0.062 0.008 0.023 0.010 0.108 0.006 0.169 0.009 0.478 0.035 0.004 
206   ZFCR25    (0)    6 :  0.042 0.003 0.009 0.011 0.008 0.487 0.004 0.401 0.005 0.005 0.022 0.003 
207   ZFCR26    (0)    6 :  0.005 0.020 0.024 0.102 0.009 0.019 0.020 0.767 0.010 0.011 0.008 0.005 
208   ZFCR27    (9)    6 :  0.023 0.003 0.006 0.017 0.003 0.852 0.004 0.036 0.003 0.004 0.047 0.003 
209   ZFCR28    (0)    6 :  0.005 0.056 0.011 0.005 0.006 0.584 0.114 0.007 0.021 0.155 0.009 0.027 
210   ZFCR29    (0)    6 :  0.169 0.009 0.008 0.009 0.004 0.053 0.005 0.696 0.007 0.011 0.028 0.002 
211   ZFCR30    (0)    6 :  0.033 0.005 0.005 0.011 0.005 0.233 0.006 0.675 0.007 0.005 0.009 0.005 
212   ZFCR31    (0)    6 :  0.430 0.134 0.013 0.057 0.025 0.036 0.027 0.065 0.078 0.072 0.022 0.040 
213   ZFCR33    (0)    6 :  0.007 0.008 0.035 0.026 0.010 0.807 0.011 0.020 0.014 0.009 0.046 0.006 
214   ZFCR34    (0)    6 :  0.203 0.013 0.022 0.028 0.004 0.155 0.010 0.468 0.039 0.039 0.006 0.011 
215   ZFCR35    (0)    6 :  0.851 0.006 0.026 0.009 0.009 0.029 0.010 0.020 0.012 0.009 0.009 0.011 
216   ZFCR36    (0)    6 :  0.392 0.006 0.011 0.025 0.005 0.145 0.005 0.366 0.008 0.014 0.010 0.013 
217   ZFCR37    (0)    6 :  0.038 0.003 0.056 0.036 0.018 0.144 0.004 0.618 0.004 0.004 0.070 0.004 
218   ZFCR38    (0)    6 :  0.009 0.008 0.043 0.024 0.011 0.770 0.014 0.027 0.010 0.008 0.069 0.008 
219   ZFCR39    (0)    6 :  0.021 0.050 0.083 0.192 0.032 0.492 0.040 0.009 0.017 0.049 0.012 0.003 
220   ZFCR40    (0)    6 :  0.021 0.007 0.038 0.041 0.006 0.774 0.005 0.062 0.014 0.016 0.013 0.004 
221   ZFCR41    (0)    6 :  0.041 0.011 0.096 0.004 0.007 0.311 0.020 0.359 0.114 0.009 0.016 0.013 
222   ZFCR42    (0)    6 :  0.018 0.023 0.059 0.033 0.014 0.440 0.036 0.284 0.027 0.039 0.015 0.012 
223   ZFCR43    (0)    6 :  0.194 0.084 0.006 0.006 0.005 0.406 0.007 0.192 0.007 0.074 0.013 0.005 
224  ZFENP25    (0)    7 :  0.005 0.004 0.017 0.005 0.006 0.880 0.010 0.006 0.006 0.014 0.044 0.003 
225  ZFENP26    (0)    7 :  0.006 0.003 0.004 0.008 0.004 0.952 0.003 0.004 0.004 0.002 0.006 0.003 
226  ZFENP27    (0)    7 :  0.022 0.008 0.210 0.050 0.043 0.500 0.015 0.007 0.028 0.036 0.037 0.043 
227  ZFENP28    (0)    7 :  0.010 0.005 0.011 0.013 0.004 0.901 0.005 0.010 0.004 0.003 0.023 0.011 
228  ZFENP29    (0)    7 :  0.005 0.003 0.008 0.006 0.007 0.941 0.004 0.009 0.004 0.004 0.004 0.005 
229  ZFENP30    (0)    7 :  0.008 0.007 0.033 0.014 0.102 0.789 0.007 0.012 0.005 0.005 0.008 0.011 
230  ZFENP31    (0)    7 :  0.016 0.009 0.015 0.407 0.383 0.130 0.003 0.006 0.004 0.004 0.017 0.006 
231  ZFENP32    (0)    7 :  0.249 0.026 0.013 0.257 0.125 0.208 0.006 0.013 0.019 0.016 0.038 0.030 
232  ZFENP33    (0)    7 :  0.014 0.006 0.005 0.019 0.042 0.809 0.004 0.038 0.007 0.008 0.045 0.005 
233  ZFENP34    (0)    7 :  0.028 0.010 0.021 0.010 0.078 0.187 0.005 0.007 0.007 0.005 0.629 0.012 
234  ZFENP35    (0)    7 :  0.013 0.006 0.005 0.028 0.008 0.879 0.005 0.008 0.018 0.011 0.007 0.012 
235  ZFENP36    (0)    7 :  0.010 0.003 0.003 0.014 0.007 0.929 0.002 0.009 0.004 0.003 0.006 0.010 
236  ZFENP37    (0)    7 :  0.014 0.005 0.010 0.069 0.010 0.516 0.004 0.031 0.009 0.009 0.312 0.010 
237  ZFENP38    (0)    7 :  0.010 0.006 0.020 0.024 0.018 0.510 0.005 0.349 0.008 0.007 0.025 0.019 
238  ZFENP39    (0)    7 :  0.014 0.003 0.012 0.011 0.006 0.908 0.003 0.010 0.005 0.004 0.020 0.004 
239  ZFENP40    (0)    7 :  0.020 0.006 0.007 0.027 0.012 0.879 0.004 0.007 0.007 0.010 0.017 0.006 
240  ZFENP41    (0)    7 :  0.016 0.005 0.044 0.014 0.036 0.832 0.007 0.006 0.007 0.007 0.017 0.009 
241  ZFENP42    (0)    7 :  0.003 0.003 0.005 0.125 0.008 0.798 0.005 0.037 0.005 0.003 0.004 0.003 
242  ZFENP43    (0)    7 :  0.008 0.007 0.038 0.028 0.009 0.672 0.005 0.094 0.037 0.007 0.035 0.060 
243  ZFENP44    (0)    7 :  0.005 0.004 0.014 0.060 0.024 0.829 0.003 0.015 0.010 0.007 0.014 0.013 
244  ZFENP45    (0)    7 :  0.008 0.034 0.017 0.081 0.017 0.447 0.292 0.047 0.014 0.025 0.010 0.008 
245  ZFENP46    (0)    7 :  0.008 0.010 0.003 0.027 0.010 0.800 0.004 0.058 0.021 0.017 0.034 0.008 
246  ZFENP47    (0)    7 :  0.053 0.014 0.075 0.354 0.017 0.288 0.150 0.007 0.005 0.017 0.015 0.004 
247  ZFENP48    (0)    7 :  0.011 0.020 0.018 0.022 0.246 0.077 0.011 0.014 0.006 0.008 0.556 0.010 
248  ZFENP49    (0)    7 :  0.066 0.016 0.012 0.013 0.197 0.618 0.021 0.020 0.009 0.017 0.006 0.006 
249  ZFENP50    (0)    7 :  0.008 0.027 0.004 0.041 0.005 0.768 0.008 0.077 0.015 0.037 0.006 0.004 
250  ZFENP51    (0)    7 :  0.035 0.004 0.008 0.369 0.038 0.448 0.048 0.017 0.004 0.003 0.019 0.006 
251  ZFENP52    (0)    7 :  0.003 0.004 0.010 0.008 0.007 0.916 0.004 0.012 0.016 0.004 0.004 0.012 
252  ZFENP53    (0)    7 :  0.006 0.044 0.008 0.019 0.009 0.808 0.023 0.026 0.016 0.023 0.009 0.010 
253  ZFENP54    (0)    7 :  0.032 0.045 0.022 0.010 0.026 0.745 0.011 0.032 0.016 0.045 0.011 0.004 
254  ZFENP55    (0)    7 :  0.040 0.005 0.004 0.017 0.011 0.214 0.004 0.666 0.004 0.005 0.028 0.004 
255  ZFENP56    (0)    7 :  0.013 0.004 0.007 0.013 0.012 0.818 0.006 0.092 0.010 0.004 0.011 0.010 
256  ZFENP57    (0)    7 :  0.013 0.003 0.004 0.066 0.012 0.843 0.002 0.016 0.007 0.005 0.015 0.013 
257  ZFENP58    (0)    7 :  0.028 0.010 0.018 0.011 0.288 0.453 0.119 0.032 0.012 0.008 0.005 0.016 
258  ZFENP59    (0)    7 :  0.013 0.006 0.056 0.038 0.031 0.818 0.004 0.009 0.005 0.004 0.010 0.006 
259  ZFENP60    (0)    7 :  0.033 0.008 0.011 0.015 0.006 0.840 0.013 0.013 0.007 0.011 0.036 0.007 
260  ZFENP61    (0)    7 :  0.020 0.003 0.013 0.007 0.009 0.906 0.003 0.010 0.004 0.004 0.018 0.004 
261 ZFFDSP01    (0)    8 :  0.005 0.012 0.004 0.003 0.003 0.003 0.015 0.006 0.034 0.900 0.004 0.012 
262 ZFFDSP02    (0)    8 :  0.003 0.006 0.004 0.002 0.003 0.003 0.005 0.004 0.009 0.955 0.003 0.003 
263 ZFFDSP04    (0)    8 :  0.004 0.013 0.004 0.002 0.003 0.002 0.010 0.004 0.011 0.938 0.004 0.003 
264 ZFFDSP05    (0)    8 :  0.004 0.034 0.004 0.003 0.003 0.003 0.010 0.007 0.114 0.809 0.003 0.006 
265 ZFFDSP06    (0)    8 :  0.003 0.419 0.015 0.002 0.003 0.003 0.021 0.005 0.043 0.473 0.011 0.003 
266 ZFFDSP07    (0)    8 :  0.003 0.076 0.012 0.005 0.023 0.005 0.039 0.007 0.007 0.815 0.004 0.005 
267 ZFFDSP08    (0)    8 :  0.003 0.576 0.011 0.004 0.037 0.004 0.074 0.012 0.043 0.220 0.004 0.012 
268 ZFFDSP10    (0)    8 :  0.003 0.021 0.004 0.003 0.007 0.004 0.010 0.006 0.018 0.918 0.003 0.005 
269 ZFFDSP11    (0)    8 :  0.004 0.034 0.004 0.003 0.003 0.003 0.007 0.007 0.013 0.914 0.004 0.003 
270 ZFFDSP12    (0)    8 :  0.003 0.718 0.003 0.003 0.005 0.004 0.008 0.004 0.013 0.231 0.003 0.005 
271 ZFFDSP13    (0)    8 :  0.003 0.023 0.008 0.004 0.008 0.005 0.005 0.007 0.872 0.048 0.004 0.013 
272 ZFFDSP14    (0)    8 :  0.003 0.017 0.005 0.003 0.006 0.003 0.015 0.006 0.006 0.930 0.003 0.004 
273 ZFFDSP16    (0)    8 :  0.005 0.015 0.007 0.003 0.004 0.006 0.004 0.007 0.011 0.915 0.007 0.015 
274 ZFFDSP17    (0)    8 :  0.003 0.025 0.006 0.003 0.005 0.004 0.008 0.008 0.015 0.912 0.005 0.005 
275 ZFFDSP18    (0)    8 :  0.005 0.023 0.006 0.002 0.003 0.003 0.014 0.004 0.006 0.924 0.005 0.004 
276 ZFFDSP19    (0)    8 :  0.003 0.022 0.028 0.003 0.004 0.003 0.017 0.004 0.036 0.755 0.007 0.118 
277 ZFFDSP21    (0)    8 :  0.003 0.021 0.022 0.002 0.004 0.003 0.007 0.004 0.220 0.627 0.005 0.083 
278 ZFFDSP22    (0)    8 :  0.002 0.122 0.006 0.002 0.005 0.003 0.090 0.005 0.014 0.743 0.003 0.004 
279 ZFFDSP23    (0)    8 :  0.002 0.037 0.004 0.002 0.003 0.003 0.121 0.006 0.116 0.691 0.003 0.010 
280 ZFFDSP24    (0)    8 :  0.004 0.014 0.004 0.002 0.005 0.003 0.005 0.005 0.054 0.890 0.004 0.009 
281 ZFFDSP26    (9)    8 :  0.003 0.092 0.005 0.003 0.004 0.003 0.014 0.005 0.071 0.790 0.004 0.006 
282 ZFFDSP27    (0)    8 :  0.004 0.013 0.003 0.002 0.004 0.003 0.007 0.004 0.015 0.932 0.005 0.008 
283 ZFFDSP28    (0)    8 :  0.026 0.042 0.007 0.013 0.017 0.007 0.007 0.013 0.028 0.809 0.025 0.004 
284 ZFFDSP30    (0)    8 :  0.038 0.018 0.005 0.005 0.006 0.004 0.007 0.006 0.159 0.710 0.006 0.035 
285 ZFFDSP31    (0)    8 :  0.003 0.857 0.005 0.002 0.005 0.005 0.006 0.006 0.027 0.067 0.008 0.009 
286 ZFFDSP32    (0)    8 :  0.002 0.008 0.003 0.003 0.005 0.003 0.005 0.004 0.009 0.951 0.004 0.004 
287 ZFFDSP33    (0)    8 :  0.003 0.030 0.002 0.002 0.003 0.003 0.006 0.003 0.013 0.926 0.003 0.005 
288 ZFFDSP34    (0)    8 :  0.004 0.718 0.010 0.002 0.005 0.003 0.015 0.006 0.032 0.192 0.006 0.007 
289 ZFFDSP35    (0)    8 :  0.004 0.019 0.004 0.003 0.004 0.003 0.006 0.005 0.052 0.891 0.004 0.005 
290 ZFFDSP37    (0)    8 :  0.003 0.009 0.003 0.002 0.004 0.003 0.004 0.003 0.010 0.950 0.004 0.005 
291 ZFFDSP38    (0)    8 :  0.004 0.040 0.003 0.002 0.004 0.003 0.004 0.004 0.007 0.919 0.004 0.005 
292 ZFFDSP39    (0)    8 :  0.003 0.028 0.003 0.002 0.003 0.003 0.009 0.003 0.418 0.517 0.003 0.008 
293 ZFFDSP40    (0)    8 :  0.005 0.023 0.003 0.002 0.003 0.003 0.005 0.003 0.135 0.805 0.004 0.009 
294 ZFFDSP42    (0)    8 :  0.004 0.055 0.005 0.002 0.003 0.003 0.061 0.005 0.053 0.796 0.004 0.009 
295 ZFFDSP43    (0)    8 :  0.003 0.052 0.004 0.002 0.003 0.003 0.010 0.003 0.027 0.878 0.004 0.011 
296 ZFFDSP44    (0)    8 :  0.004 0.025 0.003 0.003 0.005 0.003 0.005 0.004 0.028 0.907 0.005 0.008 
297 ZFFDSP45    (0)    8 :  0.004 0.035 0.005 0.002 0.004 0.003 0.004 0.004 0.014 0.915 0.003 0.006 
298 ZFFDSP46    (0)    8 :  0.003 0.009 0.005 0.002 0.004 0.003 0.008 0.004 0.017 0.933 0.004 0.007 
299 ZFFDSP47    (0)    8 :  0.004 0.038 0.004 0.003 0.005 0.003 0.014 0.005 0.423 0.485 0.004 0.015 
300 ZFFDSP48    (0)    8 :  0.004 0.019 0.004 0.002 0.004 0.003 0.007 0.004 0.195 0.737 0.003 0.017 
301    ZFI01    (0)    9 :  0.860 0.005 0.009 0.030 0.014 0.010 0.005 0.008 0.004 0.006 0.040 0.009 
302    ZFI02    (0)    9 :  0.919 0.005 0.004 0.012 0.004 0.006 0.004 0.007 0.004 0.005 0.022 0.008 
303    ZFI03    (0)    9 :  0.891 0.004 0.006 0.005 0.006 0.006 0.003 0.008 0.004 0.004 0.052 0.010 
304    ZFI04    (0)    9 :  0.087 0.003 0.004 0.014 0.004 0.006 0.003 0.006 0.004 0.004 0.858 0.006 
305    ZFI05    (0)    9 :  0.929 0.004 0.004 0.005 0.009 0.007 0.003 0.005 0.006 0.004 0.007 0.018 
306    ZFI06    (0)    9 :  0.765 0.012 0.004 0.012 0.006 0.020 0.003 0.010 0.034 0.021 0.026 0.087 
307    ZFI07    (0)    9 :  0.285 0.003 0.004 0.005 0.007 0.006 0.003 0.006 0.004 0.004 0.668 0.005 
308    ZFI08    (0)    9 :  0.840 0.004 0.006 0.009 0.006 0.010 0.004 0.010 0.004 0.004 0.100 0.005 
309    ZFI09    (0)    9 :  0.926 0.004 0.004 0.008 0.005 0.007 0.003 0.006 0.004 0.004 0.023 0.007 
310    ZFI10    (0)    9 :  0.809 0.005 0.004 0.015 0.005 0.008 0.004 0.007 0.008 0.005 0.051 0.077 
311    ZFI11    (0)    9 :  0.816 0.003 0.004 0.014 0.008 0.006 0.003 0.006 0.004 0.004 0.120 0.010 
312    ZFI12    (0)    9 :  0.801 0.005 0.007 0.004 0.007 0.007 0.003 0.012 0.006 0.005 0.126 0.017 
313    ZFI13    (0)    9 :  0.916 0.004 0.006 0.006 0.018 0.009 0.003 0.006 0.005 0.005 0.016 0.007 
314    ZFI14    (0)    9 :  0.938 0.006 0.005 0.005 0.004 0.005 0.003 0.004 0.006 0.008 0.009 0.007 
315    ZFI15    (0)    9 :  0.951 0.003 0.004 0.004 0.006 0.005 0.002 0.004 0.004 0.004 0.009 0.005 
316    ZFI16    (0)    9 :  0.941 0.003 0.004 0.003 0.004 0.005 0.002 0.005 0.004 0.004 0.019 0.006 
317    ZFI17    (0)    9 :  0.854 0.003 0.005 0.009 0.006 0.007 0.003 0.007 0.006 0.004 0.083 0.013 
318    ZFI18    (0)    9 :  0.934 0.003 0.003 0.007 0.005 0.007 0.002 0.004 0.004 0.003 0.021 0.007 
319    ZFI19    (9)    9 :  0.948 0.003 0.003 0.004 0.007 0.005 0.002 0.006 0.003 0.003 0.011 0.005 
320    ZFI20    (0)    9 :  0.949 0.004 0.004 0.004 0.003 0.005 0.003 0.005 0.005 0.005 0.009 0.005 
321    ZFI21    (0)    9 :  0.941 0.005 0.003 0.003 0.004 0.003 0.003 0.004 0.009 0.011 0.005 0.007 
322    ZFI22    (0)    9 :  0.922 0.005 0.007 0.008 0.004 0.005 0.004 0.005 0.004 0.005 0.027 0.004 
323    ZFI23    (0)    9 :  0.908 0.003 0.005 0.004 0.005 0.006 0.003 0.007 0.005 0.004 0.042 0.008 
324    ZFI24    (0)    9 :  0.868 0.005 0.008 0.004 0.007 0.006 0.004 0.010 0.006 0.005 0.065 0.013 
325    ZFI25    (0)    9 :  0.886 0.005 0.008 0.005 0.005 0.008 0.004 0.006 0.005 0.006 0.055 0.007 
326    ZFI26    (0)    9 :  0.844 0.004 0.009 0.005 0.010 0.008 0.003 0.008 0.004 0.004 0.096 0.005 
327    ZFI27    (0)    9 :  0.855 0.005 0.005 0.004 0.014 0.007 0.003 0.010 0.008 0.005 0.049 0.036 
328    ZFK01    (0)    9 :  0.003 0.004 0.005 0.003 0.958 0.003 0.003 0.004 0.004 0.003 0.003 0.007 
329    ZFK02    (0)   10 :  0.003 0.003 0.005 0.003 0.959 0.003 0.004 0.004 0.004 0.003 0.003 0.006 
330    ZFK03    (0)   10 :  0.003 0.003 0.005 0.003 0.962 0.003 0.003 0.003 0.003 0.003 0.003 0.005 
331    ZFK04    (0)   10 :  0.004 0.003 0.004 0.004 0.963 0.003 0.003 0.003 0.003 0.003 0.004 0.004 
332    ZFK05    (0)   10 :  0.007 0.003 0.011 0.010 0.939 0.006 0.002 0.003 0.002 0.002 0.009 0.004 
333    ZFK06    (0)   10 :  0.008 0.003 0.010 0.005 0.941 0.006 0.003 0.004 0.003 0.003 0.009 0.004 
334    ZFK07    (0)   10 :  0.002 0.003 0.006 0.003 0.957 0.003 0.005 0.005 0.005 0.004 0.003 0.004 
