

----------------------------------------------------
STRUCTURE by Pritchard, Stephens and Donnelly (2000)
     and Falush, Stephens and Pritchard (2003)
       Code by Pritchard, Falush and Hubisz
             Version 2.3.4 (Jul 2012)
----------------------------------------------------



Command line arguments:   bin\structure -m C:\Users\eschumacher\Documents\GitHub\GCC_QUAC_ZAIN\Data_Files\Structure_Files\ZAIN\ZAIN_rebinned_wild\50-50\mainparams -e C:\Users\eschumacher\Documents\GitHub\GCC_QUAC_ZAIN\Data_Files\Structure_Files\ZAIN\ZAIN_rebinned_wild\50-50\extraparams 
Input File:    C:\Users\eschumacher\Documents\GitHub\GCC_QUAC_ZAIN\Data_Files\Structure_Files\ZAIN\ZAIN_rebinned_wild\project_data

Run parameters:
   751 individuals
   11 loci
   11 populations assumed
   50000 Burn-in period
   50000 Reps


--------------------------------------------
Proportion of membership of each pre-defined
 population in each of the 11 clusters

Given    Inferred Clusters                                                               Number of
 Pop       1      2      3      4      5      6      7      8      9     10     11      Individuals

  1:     0.006  0.004  0.898  0.004  0.010  0.027  0.006  0.007  0.014  0.012  0.012       35
  2:     0.025  0.013  0.007  0.021  0.008  0.005  0.237  0.667  0.005  0.007  0.005       36
  3:     0.009  0.019  0.004  0.026  0.013  0.006  0.129  0.778  0.005  0.006  0.006       33
  4:     0.912  0.009  0.005  0.008  0.007  0.008  0.007  0.011  0.017  0.006  0.010       40
  5:     0.007  0.917  0.004  0.009  0.006  0.004  0.036  0.007  0.003  0.004  0.004       39
  6:     0.029  0.014  0.151  0.032  0.256  0.019  0.031  0.057  0.038  0.336  0.037       40
  7:     0.032  0.011  0.025  0.023  0.054  0.043  0.011  0.011  0.029  0.706  0.056       37
  8:     0.006  0.013  0.006  0.018  0.006  0.003  0.169  0.768  0.003  0.003  0.005       40
  9:     0.038  0.014  0.806  0.003  0.007  0.004  0.006  0.005  0.025  0.007  0.084       28
 10:     0.804  0.010  0.008  0.008  0.016  0.016  0.013  0.015  0.088  0.016  0.006       14
 11:     0.008  0.030  0.009  0.005  0.015  0.869  0.013  0.010  0.011  0.019  0.011       13
 12:     0.020  0.029  0.004  0.008  0.006  0.002  0.903  0.015  0.003  0.004  0.007       14
 13:     0.011  0.012  0.004  0.041  0.006  0.013  0.059  0.836  0.005  0.008  0.006       25
 14:     0.008  0.006  0.006  0.928  0.005  0.006  0.010  0.016  0.004  0.006  0.006       40
 15:     0.820  0.016  0.025  0.007  0.017  0.008  0.054  0.021  0.007  0.012  0.012       32
 16:     0.003  0.003  0.003  0.003  0.003  0.971  0.003  0.003  0.003  0.003  0.003       20
 17:     0.010  0.005  0.612  0.006  0.208  0.003  0.011  0.011  0.050  0.062  0.023        4
 18:     0.012  0.005  0.236  0.013  0.039  0.005  0.014  0.058  0.053  0.019  0.544       23
 19:     0.006  0.004  0.014  0.004  0.007  0.005  0.004  0.005  0.012  0.008  0.930       39
 20:     0.004  0.004  0.012  0.003  0.005  0.007  0.004  0.004  0.941  0.006  0.010       38
 21:     0.009  0.118  0.004  0.051  0.010  0.005  0.749  0.040  0.004  0.006  0.004       45
 22:     0.017  0.113  0.005  0.026  0.007  0.018  0.505  0.290  0.005  0.010  0.005       28
 23:     0.008  0.010  0.321  0.006  0.008  0.012  0.006  0.006  0.006  0.035  0.583        6
 24:     0.007  0.011  0.011  0.014  0.887  0.004  0.013  0.007  0.008  0.020  0.018       40
 25:     0.012  0.010  0.014  0.010  0.025  0.042  0.024  0.008  0.023  0.821  0.010       42
--------------------------------------------

Allele-freq. divergence among pops (Net nucleotide distance),
computed using point estimates of P.

      1       2       3       4       5       6       7       8       9      10      11      
 1      -    0.1753  0.1931  0.1860  0.1437  0.3072  0.1415  0.1752  0.2250  0.1116  0.1650  
 2   0.1753     -    0.2971  0.2913  0.2445  0.4400  0.1374  0.2411  0.3629  0.1984  0.2972  
 3   0.1931  0.2971     -    0.3627  0.1996  0.3006  0.2482  0.2436  0.1424  0.1220  0.0903  
 4   0.1860  0.2913  0.3627     -    0.1741  0.4505  0.1238  0.1123  0.3493  0.2603  0.3659  
 5   0.1437  0.2445  0.1996  0.1741     -    0.3469  0.1201  0.1590  0.2093  0.0986  0.1813  
 6   0.3072  0.4400  0.3006  0.4505  0.3469     -    0.3575  0.3696  0.2137  0.1792  0.3461  
 7   0.1415  0.1374  0.2482  0.1238  0.1201  0.3575     -    0.0476  0.2892  0.1519  0.2582  
 8   0.1752  0.2411  0.2436  0.1123  0.1590  0.3696  0.0476     -    0.2876  0.1852  0.2529  
 9   0.2250  0.3629  0.1424  0.3493  0.2093  0.2137  0.2892  0.2876     -    0.1292  0.1604  
10   0.1116  0.1984  0.1220  0.2603  0.0986  0.1792  0.1519  0.1852  0.1292     -    0.1082  
11   0.1650  0.2972  0.0903  0.3659  0.1813  0.3461  0.2582  0.2529  0.1604  0.1082     -    

Average distances (expected heterozygosity) between individuals in same cluster:
cluster  1  : 0.4274 
cluster  2  : 0.2299 
cluster  3  : 0.4828 
cluster  4  : 0.3625 
cluster  5  : 0.4429 
cluster  6  : 0.2613 
cluster  7  : 0.4317 
cluster  8  : 0.4051 
cluster  9  : 0.3850 
cluster 10  : 0.5568 
cluster 11  : 0.3492 

--------------------------------------------
Estimated Ln Prob of Data   = -13330.9
Mean value of ln likelihood = -12909.1
Variance of ln likelihood   = 843.5
Mean value of alpha         = 0.0321

Mean value of Fst_1         = 0.4123
Mean value of Fst_2         = 0.6601
Mean value of Fst_3         = 0.4119
Mean value of Fst_4         = 0.4555
Mean value of Fst_5         = 0.3332
Mean value of Fst_6         = 0.6155
Mean value of Fst_7         = 0.4244
Mean value of Fst_8         = 0.3893
Mean value of Fst_9         = 0.5443
Mean value of Fst_10         = 0.1135
Mean value of Fst_11         = 0.4536


Inferred ancestry of individuals:
        Label (%Miss) Pop:  Inferred clusters
  1    ZFB01    (0)    1 :  0.004 0.003 0.958 0.003 0.003 0.005 0.003 0.003 0.006 0.003 0.008 
  2    ZFB02    (0)    1 :  0.011 0.002 0.886 0.003 0.005 0.013 0.003 0.004 0.054 0.008 0.011 
  3    ZFB03    (0)    1 :  0.006 0.021 0.882 0.002 0.011 0.003 0.014 0.010 0.008 0.021 0.022 
  4    ZFB04    (0)    1 :  0.006 0.002 0.922 0.002 0.004 0.012 0.003 0.004 0.031 0.006 0.007 
  5    ZFB05    (0)    1 :  0.011 0.011 0.731 0.009 0.020 0.090 0.005 0.003 0.069 0.042 0.010 
  6    ZFB06    (0)    1 :  0.009 0.009 0.803 0.010 0.019 0.072 0.005 0.003 0.027 0.035 0.009 
  7    ZFB07    (9)    1 :  0.004 0.005 0.823 0.006 0.014 0.014 0.006 0.007 0.006 0.039 0.076 
  8    ZFB08    (0)    1 :  0.008 0.005 0.901 0.007 0.018 0.003 0.007 0.007 0.011 0.007 0.028 
  9    ZFB09    (0)    1 :  0.004 0.003 0.962 0.002 0.004 0.003 0.003 0.003 0.005 0.004 0.008 
 10    ZFB10    (0)    1 :  0.005 0.002 0.943 0.005 0.005 0.004 0.008 0.012 0.007 0.004 0.004 
 11    ZFB11    (0)    1 :  0.004 0.002 0.955 0.003 0.003 0.012 0.003 0.005 0.005 0.003 0.004 
 12    ZFB12    (0)    1 :  0.004 0.004 0.895 0.003 0.021 0.022 0.007 0.006 0.022 0.011 0.005 
 13    ZFB13    (0)    1 :  0.006 0.004 0.924 0.007 0.011 0.003 0.007 0.010 0.014 0.007 0.008 
 14    ZFB14    (0)    1 :  0.005 0.003 0.958 0.003 0.004 0.003 0.003 0.004 0.005 0.004 0.008 
 15    ZFB15    (0)    1 :  0.003 0.002 0.959 0.002 0.004 0.005 0.002 0.002 0.011 0.003 0.007 
 16    ZFB16    (0)    1 :  0.003 0.003 0.943 0.004 0.008 0.005 0.005 0.006 0.014 0.005 0.005 
 17    ZFB17    (0)    1 :  0.017 0.002 0.877 0.010 0.029 0.024 0.009 0.008 0.009 0.010 0.006 
 18    ZFB18    (0)    1 :  0.004 0.002 0.968 0.002 0.003 0.003 0.003 0.003 0.004 0.003 0.005 
 19    ZFB19    (0)    1 :  0.005 0.007 0.702 0.013 0.057 0.006 0.029 0.041 0.011 0.067 0.063 
 20    ZFB20    (0)    1 :  0.004 0.003 0.917 0.004 0.008 0.016 0.005 0.007 0.026 0.006 0.005 
 21    ZFB21    (0)    1 :  0.003 0.003 0.958 0.002 0.003 0.006 0.003 0.003 0.008 0.005 0.006 
 22    ZFB22    (0)    1 :  0.007 0.002 0.899 0.009 0.011 0.023 0.009 0.008 0.019 0.008 0.005 
 23    ZFB23    (0)    1 :  0.004 0.003 0.952 0.002 0.003 0.014 0.003 0.004 0.006 0.004 0.003 
 24    ZFB24    (0)    1 :  0.004 0.003 0.944 0.002 0.003 0.019 0.003 0.004 0.009 0.003 0.005 
 25    ZFB25    (0)    1 :  0.004 0.003 0.958 0.003 0.003 0.005 0.005 0.009 0.003 0.003 0.004 
 26    ZFB26    (0)    1 :  0.005 0.003 0.924 0.003 0.003 0.031 0.005 0.008 0.008 0.005 0.004 
 27    ZFB27    (0)    1 :  0.004 0.002 0.913 0.002 0.002 0.056 0.003 0.004 0.006 0.004 0.004 
 28    ZFB28    (0)    1 :  0.009 0.004 0.793 0.003 0.010 0.134 0.005 0.005 0.014 0.019 0.004 
 29    ZFB29    (0)    1 :  0.005 0.002 0.955 0.002 0.003 0.009 0.002 0.003 0.010 0.005 0.004 
 30    ZFB30    (0)    1 :  0.004 0.007 0.643 0.011 0.015 0.236 0.005 0.004 0.009 0.048 0.020 
 31    ZFB31    (0)    1 :  0.004 0.003 0.950 0.004 0.003 0.006 0.006 0.009 0.004 0.005 0.007 
 32    ZFB32    (0)    1 :  0.027 0.007 0.797 0.004 0.028 0.067 0.009 0.010 0.019 0.023 0.008 
 33    ZFB33    (0)    1 :  0.003 0.002 0.962 0.002 0.003 0.005 0.002 0.003 0.008 0.004 0.005 
 34    ZFB34    (0)    1 :  0.006 0.003 0.947 0.003 0.004 0.003 0.003 0.004 0.005 0.005 0.019 
 35    ZFB35    (0)    1 :  0.005 0.004 0.940 0.003 0.005 0.005 0.004 0.005 0.012 0.005 0.011 
 36  ZFBP101    (0)    2 :  0.086 0.014 0.012 0.036 0.014 0.003 0.614 0.193 0.014 0.010 0.005 
 37  ZFBP102    (0)    2 :  0.015 0.004 0.018 0.012 0.008 0.003 0.608 0.294 0.019 0.011 0.007 
 38  ZFBP103    (0)    2 :  0.114 0.017 0.008 0.011 0.008 0.003 0.750 0.068 0.010 0.008 0.004 
 39  ZFBP104    (0)    2 :  0.004 0.008 0.020 0.007 0.032 0.003 0.570 0.306 0.012 0.013 0.026 
 40  ZFBP105    (0)    2 :  0.005 0.013 0.006 0.006 0.007 0.005 0.280 0.663 0.004 0.005 0.006 
 41  ZFBP106    (0)    2 :  0.007 0.017 0.003 0.011 0.005 0.003 0.172 0.771 0.003 0.004 0.003 
 42  ZFBP107    (0)    2 :  0.009 0.015 0.007 0.005 0.008 0.027 0.463 0.446 0.007 0.010 0.005 
 43  ZFBP108    (0)    2 :  0.003 0.005 0.003 0.004 0.003 0.003 0.009 0.961 0.003 0.003 0.003 
 44  ZFBP109    (0)    2 :  0.004 0.004 0.003 0.005 0.004 0.003 0.015 0.949 0.002 0.005 0.005 
 45  ZFBP110    (0)    2 :  0.033 0.065 0.048 0.006 0.012 0.003 0.521 0.257 0.011 0.033 0.012 
 46  ZFBP111    (0)    2 :  0.005 0.009 0.003 0.095 0.011 0.004 0.572 0.293 0.002 0.004 0.003 
 47  ZFBP112    (0)    2 :  0.016 0.012 0.003 0.044 0.008 0.006 0.027 0.871 0.005 0.004 0.005 
 48  ZFBP113    (0)    2 :  0.003 0.003 0.003 0.004 0.006 0.004 0.015 0.951 0.003 0.004 0.004 
 49  ZFBP114    (0)    2 :  0.007 0.005 0.003 0.009 0.003 0.011 0.263 0.684 0.004 0.008 0.004 
 50  ZFBP115    (0)    2 :  0.009 0.014 0.003 0.012 0.007 0.004 0.855 0.087 0.003 0.004 0.003 
 51  ZFBP116    (0)    2 :  0.004 0.006 0.003 0.006 0.008 0.004 0.036 0.921 0.003 0.005 0.003 
 52  ZFBP117    (0)    2 :  0.006 0.007 0.003 0.006 0.004 0.002 0.018 0.945 0.002 0.004 0.003 
 53  ZFBP118    (0)    2 :  0.005 0.005 0.003 0.015 0.004 0.012 0.098 0.841 0.004 0.009 0.003 
 54  ZFBP119    (0)    2 :  0.030 0.017 0.003 0.018 0.012 0.002 0.447 0.459 0.003 0.005 0.004 
 55  ZFBP120    (0)    2 :  0.004 0.012 0.006 0.005 0.008 0.004 0.238 0.708 0.005 0.006 0.006 
 56  ZFBP121    (0)    2 :  0.009 0.008 0.005 0.005 0.005 0.003 0.026 0.927 0.003 0.004 0.006 
 57  ZFBP122    (9)    2 :  0.005 0.006 0.003 0.011 0.007 0.003 0.106 0.849 0.003 0.004 0.004 
 58  ZFBP123    (0)    2 :  0.012 0.005 0.003 0.015 0.008 0.006 0.017 0.920 0.005 0.005 0.004 
 59  ZFBP124    (0)    2 :  0.005 0.005 0.004 0.005 0.004 0.004 0.011 0.949 0.003 0.004 0.007 
 60  ZFBP125    (0)    2 :  0.007 0.008 0.002 0.014 0.004 0.002 0.035 0.920 0.002 0.003 0.002 
 61  ZFBP126    (0)    2 :  0.027 0.003 0.013 0.007 0.025 0.003 0.145 0.736 0.017 0.018 0.005 
 62  ZFBP127    (0)    2 :  0.020 0.091 0.003 0.005 0.004 0.003 0.195 0.669 0.003 0.005 0.004 
 63  ZFBP128    (0)    2 :  0.017 0.017 0.004 0.030 0.004 0.002 0.032 0.884 0.002 0.003 0.004 
 64  ZFBP129    (0)    2 :  0.008 0.007 0.004 0.122 0.005 0.003 0.008 0.830 0.003 0.005 0.006 
 65  ZFBP130    (0)    2 :  0.025 0.013 0.002 0.065 0.008 0.004 0.047 0.829 0.002 0.004 0.002 
 66  ZFBP131    (0)    2 :  0.004 0.003 0.003 0.004 0.005 0.004 0.005 0.962 0.004 0.003 0.004 
 67  ZFBP132    (0)    2 :  0.004 0.013 0.004 0.004 0.003 0.003 0.013 0.947 0.002 0.003 0.003 
 68  ZFBP133    (0)    2 :  0.007 0.003 0.003 0.084 0.006 0.002 0.008 0.880 0.002 0.002 0.004 
 69  ZFBP134    (0)    2 :  0.012 0.005 0.003 0.012 0.009 0.003 0.891 0.054 0.003 0.003 0.004 
 70  ZFBP135    (0)    2 :  0.254 0.016 0.017 0.012 0.006 0.002 0.216 0.452 0.009 0.008 0.008 
 71  ZFBP136    (0)    2 :  0.123 0.019 0.003 0.048 0.009 0.013 0.222 0.547 0.006 0.005 0.004 
 72  ZFBP201    (0)    3 :  0.005 0.011 0.005 0.004 0.007 0.008 0.017 0.930 0.004 0.006 0.004 
 73  ZFBP202    (0)    3 :  0.004 0.008 0.004 0.006 0.005 0.003 0.025 0.930 0.003 0.004 0.007 
 74  ZFBP203    (0)    3 :  0.006 0.006 0.005 0.017 0.024 0.055 0.019 0.821 0.021 0.022 0.005 
 75  ZFBP204    (0)    3 :  0.018 0.018 0.004 0.022 0.009 0.006 0.205 0.704 0.004 0.006 0.005 
 76  ZFBP205    (0)    3 :  0.007 0.003 0.002 0.009 0.005 0.005 0.008 0.951 0.004 0.004 0.003 
 77  ZFBP206    (0)    3 :  0.011 0.005 0.003 0.032 0.010 0.006 0.008 0.909 0.006 0.005 0.006 
 78  ZFBP207    (0)    3 :  0.013 0.073 0.004 0.009 0.005 0.004 0.307 0.575 0.003 0.004 0.005 
 79  ZFBP208    (0)    3 :  0.006 0.003 0.003 0.008 0.015 0.013 0.012 0.922 0.006 0.007 0.004 
 80  ZFBP209    (0)    3 :  0.007 0.003 0.002 0.059 0.005 0.002 0.008 0.907 0.002 0.003 0.003 
 81  ZFBP210    (0)    3 :  0.005 0.011 0.004 0.011 0.012 0.010 0.019 0.913 0.005 0.005 0.004 
 82  ZFBP211    (0)    3 :  0.005 0.009 0.005 0.005 0.004 0.003 0.011 0.945 0.004 0.004 0.006 
 83  ZFBP212    (0)    3 :  0.003 0.037 0.007 0.007 0.003 0.003 0.239 0.691 0.003 0.003 0.004 
 84  ZFBP213    (0)    3 :  0.011 0.011 0.004 0.011 0.008 0.004 0.010 0.914 0.006 0.006 0.014 
 85  ZFBP214    (0)    3 :  0.041 0.035 0.006 0.083 0.034 0.004 0.036 0.729 0.004 0.009 0.018 
 86  ZFBP215    (0)    3 :  0.005 0.005 0.003 0.006 0.004 0.003 0.011 0.953 0.003 0.003 0.004 
 87  ZFBP216    (0)    3 :  0.005 0.006 0.004 0.006 0.024 0.007 0.182 0.747 0.005 0.009 0.005 
 88  ZFBP217    (0)    3 :  0.007 0.047 0.006 0.169 0.020 0.005 0.111 0.620 0.003 0.006 0.006 
 89  ZFBP218    (0)    3 :  0.003 0.003 0.002 0.011 0.006 0.003 0.019 0.944 0.003 0.003 0.003 
 90  ZFBP219    (0)    3 :  0.003 0.004 0.002 0.004 0.007 0.004 0.013 0.953 0.003 0.004 0.003 
 91  ZFBP220    (0)    3 :  0.016 0.014 0.003 0.042 0.006 0.004 0.316 0.591 0.003 0.004 0.003 
 92  ZFBP221    (0)    3 :  0.003 0.007 0.004 0.008 0.006 0.003 0.517 0.444 0.002 0.003 0.004 
 93  ZFBP222    (0)    3 :  0.007 0.003 0.003 0.007 0.006 0.005 0.006 0.950 0.004 0.004 0.005 
 94  ZFBP223    (0)    3 :  0.009 0.172 0.008 0.010 0.005 0.005 0.190 0.583 0.004 0.007 0.005 
 95  ZFBP224    (0)    3 :  0.006 0.005 0.003 0.004 0.007 0.004 0.010 0.944 0.004 0.005 0.007 
 96  ZFBP225    (0)    3 :  0.012 0.020 0.003 0.215 0.015 0.011 0.486 0.221 0.006 0.009 0.003 
 97  ZFBP226    (0)    3 :  0.004 0.005 0.003 0.005 0.005 0.004 0.026 0.935 0.004 0.004 0.004 
 98  ZFBP227    (0)    3 :  0.007 0.009 0.010 0.006 0.127 0.004 0.385 0.394 0.012 0.029 0.019 
 99  ZFBP228    (0)    3 :  0.016 0.063 0.004 0.008 0.004 0.003 0.536 0.355 0.003 0.004 0.005 
100  ZFBP229    (0)    3 :  0.006 0.005 0.003 0.018 0.006 0.003 0.080 0.872 0.003 0.004 0.003 
101  ZFBP230    (0)    3 :  0.021 0.010 0.003 0.034 0.010 0.004 0.399 0.508 0.003 0.004 0.004 
102  ZFBP231    (0)    3 :  0.006 0.007 0.005 0.005 0.005 0.004 0.012 0.944 0.004 0.005 0.005 
103  ZFBP232    (0)    3 :  0.004 0.004 0.003 0.006 0.003 0.003 0.010 0.959 0.003 0.003 0.003 
104  ZFBP233    (0)    3 :  0.005 0.006 0.005 0.015 0.010 0.004 0.022 0.918 0.003 0.005 0.007 
105   ZFCC01    (0)    4 :  0.939 0.004 0.005 0.005 0.004 0.004 0.003 0.004 0.007 0.004 0.021 
106   ZFCC03    (0)    4 :  0.955 0.010 0.003 0.005 0.003 0.002 0.003 0.004 0.003 0.003 0.008 
107   ZFCC04    (0)    4 :  0.958 0.004 0.004 0.006 0.004 0.003 0.004 0.004 0.003 0.004 0.007 
108   ZFCC05    (0)    4 :  0.937 0.012 0.004 0.006 0.006 0.004 0.006 0.005 0.005 0.005 0.010 
109   ZFCC08    (0)    4 :  0.934 0.005 0.002 0.017 0.005 0.002 0.007 0.011 0.003 0.003 0.010 
110   ZFCC09    (0)    4 :  0.952 0.009 0.003 0.004 0.003 0.003 0.004 0.004 0.004 0.003 0.011 
111   ZFCC10    (0)    4 :  0.919 0.004 0.004 0.003 0.003 0.003 0.003 0.005 0.004 0.003 0.047 
112   ZFCC11    (0)    4 :  0.949 0.009 0.004 0.004 0.004 0.003 0.004 0.005 0.003 0.004 0.011 
113   ZFCC12    (0)    4 :  0.815 0.008 0.007 0.005 0.007 0.004 0.007 0.006 0.110 0.011 0.021 
114   ZFCC13    (0)    4 :  0.927 0.009 0.004 0.007 0.011 0.010 0.012 0.008 0.005 0.005 0.004 
115   ZFCC14    (0)    4 :  0.940 0.004 0.007 0.007 0.004 0.005 0.005 0.010 0.004 0.005 0.009 
116   ZFCC15    (0)    4 :  0.948 0.005 0.003 0.005 0.009 0.005 0.004 0.004 0.006 0.006 0.005 
117   ZFCC16    (0)    4 :  0.958 0.004 0.004 0.005 0.005 0.003 0.003 0.003 0.005 0.004 0.005 
118   ZFCC17    (0)    4 :  0.952 0.005 0.005 0.003 0.004 0.006 0.003 0.003 0.008 0.005 0.006 
119   ZFCC18    (0)    4 :  0.950 0.008 0.004 0.006 0.004 0.003 0.003 0.004 0.004 0.003 0.010 
120   ZFCC19    (0)    4 :  0.953 0.003 0.004 0.004 0.008 0.007 0.003 0.003 0.006 0.005 0.003 
121   ZFCC20    (0)    4 :  0.955 0.008 0.003 0.006 0.006 0.003 0.005 0.003 0.004 0.004 0.004 
122   ZFCC21    (0)    4 :  0.860 0.003 0.005 0.025 0.048 0.007 0.011 0.023 0.004 0.006 0.007 
123   ZFCC22    (0)    4 :  0.707 0.006 0.003 0.035 0.007 0.005 0.061 0.154 0.003 0.004 0.015 
124   ZFCC26    (0)    4 :  0.959 0.005 0.005 0.004 0.004 0.003 0.004 0.004 0.005 0.004 0.005 
125   ZFCC27    (0)    4 :  0.962 0.007 0.003 0.004 0.003 0.003 0.003 0.003 0.003 0.004 0.005 
126   ZFCC29    (0)    4 :  0.946 0.004 0.008 0.005 0.010 0.003 0.005 0.003 0.006 0.005 0.006 
127   ZFCC30    (0)    4 :  0.960 0.009 0.003 0.005 0.004 0.003 0.004 0.003 0.003 0.003 0.004 
128   ZFCC32    (0)    4 :  0.940 0.005 0.003 0.005 0.010 0.006 0.006 0.004 0.008 0.005 0.008 
129   ZFCC33    (0)    4 :  0.952 0.008 0.006 0.003 0.004 0.004 0.004 0.003 0.004 0.006 0.005 
130   ZFCC34    (0)    4 :  0.789 0.048 0.017 0.016 0.006 0.009 0.030 0.045 0.019 0.005 0.015 
131   ZFCC35    (0)    4 :  0.966 0.004 0.002 0.004 0.004 0.003 0.004 0.004 0.002 0.003 0.005 
132   ZFCC36    (0)    4 :  0.925 0.004 0.004 0.008 0.013 0.015 0.008 0.008 0.006 0.005 0.004 
133   ZFCC37    (0)    4 :  0.812 0.008 0.008 0.006 0.008 0.004 0.010 0.009 0.082 0.017 0.035 
134   ZFCC40    (0)    4 :  0.949 0.003 0.004 0.004 0.003 0.008 0.004 0.007 0.004 0.004 0.010 
135   ZFCC42    (0)    4 :  0.400 0.080 0.030 0.010 0.006 0.144 0.014 0.006 0.256 0.044 0.009 
136   ZFCC44    (0)    4 :  0.960 0.011 0.003 0.003 0.003 0.005 0.003 0.003 0.002 0.004 0.003 
137   ZFCC45    (9)    4 :  0.913 0.008 0.006 0.004 0.007 0.013 0.005 0.005 0.010 0.012 0.016 
138   ZFCC46    (0)    4 :  0.930 0.009 0.003 0.023 0.006 0.004 0.009 0.007 0.003 0.003 0.003 
139   ZFCC47    (0)    4 :  0.877 0.005 0.006 0.008 0.005 0.003 0.005 0.004 0.052 0.005 0.030 
140   ZFCC48    (0)    4 :  0.900 0.003 0.005 0.030 0.011 0.004 0.010 0.026 0.003 0.003 0.005 
141   ZFCC50    (0)    4 :  0.963 0.003 0.004 0.003 0.004 0.003 0.003 0.003 0.005 0.003 0.005 
142   ZFCC51    (0)    4 :  0.956 0.012 0.004 0.004 0.003 0.003 0.003 0.003 0.003 0.003 0.005 
143   ZFCC52    (0)    4 :  0.942 0.005 0.004 0.009 0.005 0.006 0.007 0.010 0.005 0.004 0.004 
144   ZFCC53    (0)    4 :  0.964 0.007 0.003 0.003 0.003 0.003 0.003 0.003 0.003 0.003 0.005 
145  ZFCNS01    (0)    5 :  0.006 0.834 0.002 0.003 0.045 0.031 0.036 0.006 0.011 0.024 0.003 
146  ZFCNS02    (0)    5 :  0.005 0.968 0.002 0.004 0.003 0.002 0.004 0.003 0.002 0.003 0.003 
147  ZFCNS05    (0)    5 :  0.006 0.952 0.005 0.005 0.004 0.002 0.008 0.007 0.003 0.003 0.004 
148  ZFCNS06    (0)    5 :  0.004 0.968 0.003 0.004 0.003 0.002 0.004 0.004 0.002 0.003 0.003 
149  ZFCNS07    (0)    5 :  0.003 0.960 0.003 0.009 0.003 0.002 0.006 0.006 0.002 0.003 0.003 
150  ZFCNS10    (0)    5 :  0.004 0.951 0.003 0.005 0.003 0.005 0.014 0.008 0.002 0.003 0.003 
151  ZFCNS11    (0)    5 :  0.006 0.912 0.002 0.004 0.020 0.013 0.015 0.005 0.008 0.012 0.003 
152  ZFCNS15    (0)    5 :  0.004 0.922 0.004 0.007 0.004 0.002 0.033 0.014 0.003 0.003 0.003 
153  ZFCNS17    (0)    5 :  0.005 0.967 0.003 0.004 0.003 0.002 0.005 0.004 0.002 0.003 0.003 
154  ZFCNS18    (0)    5 :  0.005 0.951 0.003 0.004 0.003 0.004 0.015 0.008 0.002 0.003 0.003 
155  ZFCNS19    (0)    5 :  0.004 0.970 0.003 0.003 0.003 0.002 0.004 0.002 0.002 0.002 0.003 
156  ZFCNS20    (0)    5 :  0.005 0.937 0.003 0.014 0.004 0.003 0.015 0.011 0.003 0.003 0.003 
157  ZFCNS21    (0)    5 :  0.004 0.972 0.002 0.002 0.003 0.002 0.004 0.003 0.002 0.003 0.003 
158  ZFCNS22    (0)    5 :  0.006 0.943 0.005 0.005 0.004 0.002 0.011 0.012 0.003 0.003 0.005 
159  ZFCNS23    (0)    5 :  0.019 0.902 0.004 0.012 0.011 0.014 0.006 0.007 0.010 0.009 0.006 
160  ZFCNS24    (0)    5 :  0.009 0.952 0.002 0.006 0.004 0.002 0.011 0.006 0.003 0.003 0.003 
161  ZFCNS25    (0)    5 :  0.006 0.943 0.002 0.010 0.004 0.002 0.013 0.010 0.003 0.003 0.003 
162  ZFCNS26    (0)    5 :  0.003 0.967 0.003 0.003 0.003 0.002 0.006 0.004 0.002 0.003 0.003 
163  ZFCNS27    (0)    5 :  0.004 0.890 0.003 0.009 0.004 0.002 0.056 0.022 0.003 0.003 0.003 
164  ZFCNS28    (0)    5 :  0.004 0.967 0.004 0.004 0.003 0.002 0.005 0.004 0.002 0.002 0.003 
165  ZFCNS29    (0)    5 :  0.007 0.954 0.003 0.005 0.004 0.002 0.008 0.007 0.003 0.004 0.004 
166  ZFCNS30    (0)    5 :  0.007 0.956 0.004 0.003 0.005 0.002 0.008 0.005 0.003 0.003 0.005 
167  ZFCNS31    (0)    5 :  0.003 0.966 0.003 0.004 0.003 0.002 0.007 0.004 0.002 0.003 0.003 
168  ZFCNS32    (0)    5 :  0.005 0.954 0.003 0.006 0.005 0.002 0.011 0.005 0.003 0.003 0.003 
169  ZFCNS33    (0)    5 :  0.003 0.970 0.002 0.004 0.003 0.002 0.004 0.003 0.002 0.002 0.003 
170  ZFCNS34    (0)    5 :  0.010 0.955 0.003 0.004 0.004 0.002 0.005 0.005 0.003 0.003 0.004 
171  ZFCNS35    (0)    5 :  0.008 0.893 0.023 0.004 0.004 0.002 0.029 0.015 0.002 0.003 0.016 
172  ZFCNS36    (0)    5 :  0.012 0.950 0.002 0.007 0.004 0.002 0.007 0.006 0.003 0.003 0.003 
173  ZFCNS37    (0)    5 :  0.005 0.858 0.003 0.008 0.004 0.002 0.099 0.005 0.003 0.008 0.004 
174  ZFCNS39    (0)    5 :  0.018 0.897 0.002 0.022 0.012 0.005 0.025 0.008 0.002 0.006 0.003 
175  ZFCNS40    (0)    5 :  0.029 0.690 0.002 0.120 0.008 0.003 0.129 0.008 0.003 0.006 0.003 
176  ZFCNS41    (0)    5 :  0.017 0.260 0.005 0.006 0.010 0.004 0.661 0.017 0.005 0.009 0.007 
177  ZFCNS42    (0)    5 :  0.003 0.969 0.002 0.003 0.003 0.002 0.006 0.004 0.002 0.003 0.003 
178  ZFCNS43    (0)    5 :  0.004 0.970 0.002 0.003 0.003 0.002 0.005 0.003 0.002 0.003 0.003 
179  ZFCNS44    (0)    5 :  0.005 0.952 0.003 0.004 0.002 0.004 0.015 0.007 0.002 0.003 0.002 
180  ZFCNS46    (0)    5 :  0.005 0.957 0.003 0.004 0.004 0.002 0.008 0.006 0.003 0.004 0.004 
181  ZFCNS47    (0)    5 :  0.004 0.971 0.002 0.003 0.003 0.002 0.004 0.003 0.002 0.003 0.003 
182  ZFCNS48    (0)    5 :  0.008 0.923 0.004 0.006 0.004 0.004 0.029 0.013 0.003 0.003 0.004 
183  ZFCNS49    (0)    5 :  0.003 0.905 0.004 0.004 0.003 0.004 0.058 0.012 0.002 0.003 0.003 
184   ZFCR01    (0)    6 :  0.017 0.003 0.026 0.017 0.006 0.006 0.006 0.032 0.026 0.724 0.137 
185   ZFCR02    (0)    6 :  0.066 0.007 0.435 0.066 0.036 0.017 0.015 0.059 0.010 0.282 0.006 
186   ZFCR03    (0)    6 :  0.075 0.003 0.240 0.042 0.231 0.036 0.008 0.124 0.113 0.086 0.043 
187   ZFCR04    (0)    6 :  0.017 0.014 0.390 0.039 0.046 0.030 0.047 0.024 0.016 0.261 0.115 
188   ZFCR05    (0)    6 :  0.045 0.004 0.098 0.008 0.291 0.025 0.007 0.007 0.017 0.327 0.171 
189   ZFCR06    (0)    6 :  0.028 0.067 0.092 0.038 0.030 0.004 0.100 0.088 0.015 0.504 0.035 
190   ZFCR07    (0)    6 :  0.017 0.057 0.042 0.003 0.395 0.007 0.031 0.009 0.017 0.411 0.011 
191   ZFCR08    (0)    6 :  0.092 0.004 0.020 0.024 0.006 0.032 0.015 0.022 0.024 0.701 0.060 
192   ZFCR09    (0)    6 :  0.042 0.014 0.147 0.024 0.030 0.058 0.144 0.152 0.303 0.058 0.029 
193   ZFCR11    (0)    6 :  0.013 0.010 0.202 0.003 0.222 0.010 0.127 0.034 0.038 0.243 0.098 
194   ZFCR12    (0)    6 :  0.016 0.128 0.034 0.023 0.374 0.005 0.092 0.016 0.004 0.301 0.007 
195   ZFCR13    (0)    6 :  0.007 0.009 0.018 0.005 0.347 0.003 0.013 0.107 0.004 0.481 0.006 
196   ZFCR14    (0)    6 :  0.019 0.006 0.073 0.036 0.449 0.012 0.008 0.009 0.007 0.349 0.031 
197   ZFCR15    (0)    6 :  0.023 0.005 0.200 0.108 0.095 0.013 0.017 0.024 0.006 0.478 0.032 
198   ZFCR16    (0)    6 :  0.008 0.003 0.263 0.046 0.054 0.004 0.011 0.025 0.007 0.563 0.018 
199   ZFCR18    (0)    6 :  0.061 0.016 0.781 0.023 0.009 0.005 0.018 0.034 0.005 0.040 0.007 
200   ZFCR19    (0)    6 :  0.015 0.004 0.334 0.347 0.065 0.005 0.011 0.015 0.148 0.039 0.017 
201   ZFCR20    (0)    6 :  0.017 0.005 0.097 0.017 0.294 0.005 0.016 0.136 0.086 0.115 0.214 
202   ZFCR21    (0)    6 :  0.025 0.003 0.032 0.018 0.522 0.004 0.012 0.011 0.004 0.343 0.026 
203   ZFCR22    (0)    6 :  0.005 0.003 0.058 0.017 0.697 0.003 0.006 0.009 0.014 0.185 0.003 
204   ZFCR23    (0)    6 :  0.004 0.004 0.059 0.006 0.349 0.042 0.070 0.153 0.015 0.289 0.010 
205   ZFCR24    (9)    6 :  0.008 0.004 0.078 0.006 0.180 0.005 0.009 0.534 0.058 0.091 0.028 
206   ZFCR25    (0)    6 :  0.008 0.003 0.044 0.004 0.499 0.003 0.004 0.004 0.050 0.362 0.019 
207   ZFCR26    (0)    6 :  0.029 0.007 0.005 0.025 0.738 0.005 0.016 0.021 0.114 0.031 0.009 
208   ZFCR27    (9)    6 :  0.006 0.003 0.016 0.004 0.042 0.003 0.003 0.004 0.067 0.818 0.034 
209   ZFCR28    (0)    6 :  0.009 0.024 0.004 0.121 0.009 0.007 0.024 0.177 0.005 0.610 0.009 
210   ZFCR29    (0)    6 :  0.007 0.002 0.147 0.005 0.722 0.006 0.007 0.009 0.014 0.044 0.037 
211   ZFCR30    (0)    6 :  0.006 0.005 0.029 0.005 0.716 0.010 0.007 0.004 0.015 0.194 0.009 
212   ZFCR31    (0)    6 :  0.023 0.049 0.378 0.032 0.079 0.015 0.139 0.125 0.090 0.047 0.024 
213   ZFCR33    (0)    6 :  0.028 0.006 0.007 0.011 0.022 0.019 0.015 0.009 0.015 0.815 0.054 
214   ZFCR34    (0)    6 :  0.018 0.011 0.199 0.014 0.482 0.025 0.045 0.028 0.012 0.162 0.006 
215   ZFCR35    (0)    6 :  0.026 0.012 0.838 0.010 0.026 0.006 0.012 0.009 0.010 0.041 0.009 
216   ZFCR36    (0)    6 :  0.009 0.014 0.351 0.005 0.423 0.029 0.009 0.008 0.019 0.120 0.013 
217   ZFCR37    (0)    6 :  0.057 0.004 0.043 0.003 0.647 0.019 0.004 0.004 0.046 0.119 0.053 
218   ZFCR38    (0)    6 :  0.035 0.007 0.007 0.014 0.029 0.007 0.009 0.008 0.044 0.790 0.049 
219   ZFCR39    (0)    6 :  0.115 0.003 0.025 0.034 0.010 0.167 0.022 0.052 0.030 0.530 0.013 
220   ZFCR40    (0)    6 :  0.030 0.004 0.022 0.005 0.094 0.049 0.017 0.012 0.015 0.737 0.016 
221   ZFCR41    (0)    6 :  0.069 0.017 0.032 0.020 0.414 0.004 0.090 0.008 0.004 0.326 0.016 
222   ZFCR42    (0)    6 :  0.065 0.013 0.019 0.029 0.354 0.038 0.030 0.032 0.021 0.385 0.014 
223   ZFCR43    (0)    6 :  0.006 0.005 0.162 0.007 0.208 0.005 0.009 0.122 0.006 0.457 0.013 
224  ZFENP25    (0)    7 :  0.017 0.003 0.005 0.010 0.006 0.005 0.005 0.009 0.005 0.895 0.042 
225  ZFENP26    (0)    7 :  0.004 0.003 0.006 0.003 0.004 0.007 0.004 0.002 0.006 0.955 0.005 
226  ZFENP27    (0)    7 :  0.325 0.035 0.016 0.012 0.006 0.014 0.021 0.019 0.025 0.498 0.028 
227  ZFENP28    (0)    7 :  0.010 0.010 0.008 0.005 0.010 0.008 0.005 0.004 0.017 0.901 0.023 
228  ZFENP29    (0)    7 :  0.008 0.004 0.004 0.003 0.008 0.005 0.004 0.004 0.005 0.951 0.005 
229  ZFENP30    (0)    7 :  0.042 0.010 0.008 0.007 0.013 0.012 0.005 0.005 0.010 0.882 0.007 
230  ZFENP31    (0)    7 :  0.058 0.009 0.040 0.006 0.023 0.229 0.006 0.010 0.072 0.508 0.039 
231  ZFENP32    (0)    7 :  0.027 0.030 0.304 0.009 0.019 0.137 0.022 0.022 0.040 0.347 0.043 
232  ZFENP33    (0)    7 :  0.007 0.005 0.013 0.003 0.041 0.009 0.007 0.007 0.019 0.850 0.039 
233  ZFENP34    (0)    7 :  0.038 0.014 0.032 0.005 0.010 0.008 0.010 0.008 0.026 0.308 0.540 
234  ZFENP35    (0)    7 :  0.006 0.014 0.015 0.005 0.008 0.075 0.019 0.009 0.007 0.836 0.007 
235  ZFENP36    (0)    7 :  0.003 0.010 0.009 0.002 0.011 0.014 0.004 0.003 0.010 0.928 0.005 
236  ZFENP37    (0)    7 :  0.009 0.009 0.014 0.004 0.034 0.089 0.009 0.006 0.010 0.443 0.373 
237  ZFENP38    (0)    7 :  0.022 0.019 0.010 0.004 0.417 0.022 0.008 0.007 0.021 0.443 0.027 
238  ZFENP39    (0)    7 :  0.012 0.004 0.014 0.003 0.012 0.010 0.004 0.004 0.009 0.904 0.025 
239  ZFENP40    (0)    7 :  0.008 0.005 0.014 0.004 0.007 0.024 0.006 0.008 0.016 0.889 0.018 
240  ZFENP41    (0)    7 :  0.052 0.008 0.014 0.006 0.006 0.020 0.006 0.005 0.006 0.862 0.014 
241  ZFENP42    (0)    7 :  0.006 0.003 0.003 0.004 0.058 0.207 0.005 0.003 0.006 0.698 0.004 
242  ZFENP43    (0)    7 :  0.034 0.064 0.008 0.006 0.094 0.019 0.034 0.007 0.033 0.666 0.035 
243  ZFENP44    (0)    7 :  0.021 0.016 0.006 0.003 0.034 0.112 0.024 0.007 0.011 0.745 0.020 
244  ZFENP45    (0)    7 :  0.023 0.010 0.009 0.331 0.053 0.134 0.014 0.027 0.018 0.367 0.015 
245  ZFENP46    (0)    7 :  0.004 0.008 0.009 0.004 0.071 0.021 0.019 0.013 0.016 0.804 0.031 
246  ZFENP47    (0)    7 :  0.110 0.004 0.086 0.103 0.008 0.159 0.006 0.017 0.021 0.472 0.015 
247  ZFENP48    (0)    7 :  0.084 0.015 0.017 0.023 0.023 0.020 0.012 0.026 0.042 0.192 0.545 
248  ZFENP49    (0)    7 :  0.028 0.006 0.044 0.019 0.023 0.004 0.011 0.021 0.032 0.806 0.005 
249  ZFENP50    (0)    7 :  0.005 0.004 0.006 0.007 0.064 0.036 0.017 0.030 0.017 0.807 0.006 
250  ZFENP51    (0)    7 :  0.012 0.007 0.020 0.054 0.014 0.025 0.005 0.004 0.445 0.401 0.013 
251  ZFENP52    (0)    7 :  0.011 0.012 0.003 0.004 0.013 0.010 0.014 0.004 0.006 0.920 0.004 
252  ZFENP53    (0)    7 :  0.009 0.010 0.006 0.024 0.026 0.017 0.021 0.031 0.009 0.838 0.008 
253  ZFENP54    (0)    7 :  0.025 0.004 0.027 0.011 0.028 0.007 0.016 0.047 0.009 0.818 0.008 
254  ZFENP55    (0)    7 :  0.004 0.004 0.036 0.004 0.656 0.012 0.004 0.005 0.028 0.223 0.023 
255  ZFENP56    (0)    7 :  0.008 0.010 0.012 0.005 0.100 0.006 0.008 0.004 0.021 0.818 0.009 
256  ZFENP57    (0)    7 :  0.004 0.014 0.010 0.002 0.021 0.055 0.007 0.004 0.016 0.847 0.019 
257  ZFENP58    (0)    7 :  0.069 0.014 0.022 0.119 0.049 0.006 0.015 0.011 0.022 0.668 0.005 
258  ZFENP59    (0)    7 :  0.060 0.005 0.015 0.004 0.009 0.027 0.004 0.005 0.007 0.854 0.010 
259  ZFENP60    (0)    7 :  0.009 0.006 0.031 0.013 0.011 0.014 0.009 0.010 0.011 0.852 0.034 
260  ZFENP61    (0)    7 :  0.011 0.004 0.016 0.003 0.010 0.006 0.004 0.003 0.008 0.917 0.019 
261 ZFFDSP01    (0)    8 :  0.005 0.015 0.006 0.027 0.007 0.003 0.143 0.782 0.003 0.003 0.007 
262 ZFFDSP02    (0)    8 :  0.004 0.004 0.003 0.006 0.005 0.002 0.015 0.952 0.002 0.003 0.004 
263 ZFFDSP04    (0)    8 :  0.004 0.003 0.005 0.012 0.005 0.002 0.017 0.942 0.002 0.002 0.005 
264 ZFFDSP05    (0)    8 :  0.004 0.005 0.004 0.010 0.007 0.003 0.422 0.535 0.003 0.003 0.004 
265 ZFFDSP06    (0)    8 :  0.006 0.003 0.002 0.012 0.004 0.002 0.015 0.946 0.002 0.003 0.004 
266 ZFFDSP07    (0)    8 :  0.013 0.004 0.003 0.021 0.008 0.005 0.008 0.924 0.004 0.005 0.005 
267 ZFFDSP08    (0)    8 :  0.015 0.011 0.003 0.070 0.009 0.004 0.045 0.832 0.004 0.004 0.003 
268 ZFFDSP10    (0)    8 :  0.005 0.006 0.004 0.010 0.007 0.003 0.036 0.919 0.003 0.004 0.004 
269 ZFFDSP11    (0)    8 :  0.004 0.003 0.004 0.007 0.008 0.004 0.039 0.919 0.003 0.003 0.004 
270 ZFFDSP12    (0)    8 :  0.004 0.004 0.002 0.007 0.003 0.003 0.011 0.957 0.002 0.003 0.003 
271 ZFFDSP13    (0)    8 :  0.008 0.011 0.004 0.004 0.008 0.004 0.912 0.037 0.003 0.006 0.004 
272 ZFFDSP14    (0)    8 :  0.006 0.004 0.002 0.015 0.005 0.003 0.006 0.947 0.003 0.003 0.005 
273 ZFFDSP16    (0)    8 :  0.007 0.015 0.006 0.004 0.009 0.004 0.021 0.919 0.003 0.006 0.007 
274 ZFFDSP17    (0)    8 :  0.005 0.004 0.004 0.010 0.007 0.002 0.021 0.935 0.002 0.004 0.005 
275 ZFFDSP18    (0)    8 :  0.005 0.004 0.006 0.018 0.004 0.002 0.010 0.936 0.003 0.003 0.008 
276 ZFFDSP19    (0)    8 :  0.023 0.147 0.004 0.019 0.004 0.002 0.042 0.744 0.003 0.003 0.008 
277 ZFFDSP21    (0)    8 :  0.018 0.070 0.003 0.011 0.004 0.003 0.366 0.511 0.002 0.004 0.009 
278 ZFFDSP22    (0)    8 :  0.006 0.004 0.002 0.074 0.005 0.002 0.015 0.882 0.002 0.003 0.003 
279 ZFFDSP23    (0)    8 :  0.005 0.010 0.003 0.156 0.006 0.002 0.162 0.648 0.002 0.003 0.004 
280 ZFFDSP24    (0)    8 :  0.005 0.013 0.005 0.007 0.006 0.003 0.356 0.594 0.003 0.004 0.005 
281 ZFFDSP26    (9)    8 :  0.005 0.006 0.004 0.017 0.005 0.003 0.226 0.724 0.003 0.003 0.003 
282 ZFFDSP27    (0)    8 :  0.004 0.008 0.005 0.007 0.004 0.002 0.032 0.929 0.003 0.003 0.005 
283 ZFFDSP28    (0)    8 :  0.009 0.005 0.037 0.008 0.015 0.006 0.059 0.804 0.021 0.008 0.028 
284 ZFFDSP30    (0)    8 :  0.009 0.040 0.046 0.008 0.008 0.009 0.480 0.381 0.006 0.005 0.007 
285 ZFFDSP31    (0)    8 :  0.006 0.007 0.003 0.006 0.005 0.002 0.016 0.939 0.002 0.004 0.009 
286 ZFFDSP32    (0)    8 :  0.004 0.005 0.002 0.006 0.004 0.003 0.015 0.952 0.003 0.003 0.004 
287 ZFFDSP33    (0)    8 :  0.003 0.005 0.003 0.006 0.003 0.003 0.022 0.947 0.002 0.003 0.004 
288 ZFFDSP34    (0)    8 :  0.007 0.006 0.003 0.010 0.005 0.002 0.017 0.941 0.002 0.002 0.004 
289 ZFFDSP35    (0)    8 :  0.005 0.006 0.006 0.008 0.005 0.003 0.287 0.671 0.003 0.003 0.004 
290 ZFFDSP37    (0)    8 :  0.004 0.005 0.003 0.004 0.004 0.002 0.020 0.946 0.003 0.003 0.005 
291 ZFFDSP38    (0)    8 :  0.004 0.006 0.005 0.005 0.004 0.003 0.011 0.953 0.003 0.003 0.004 
292 ZFFDSP39    (0)    8 :  0.003 0.007 0.004 0.008 0.003 0.002 0.694 0.270 0.002 0.003 0.003 
293 ZFFDSP40    (0)    8 :  0.003 0.009 0.005 0.005 0.004 0.003 0.475 0.485 0.003 0.003 0.004 
294 ZFFDSP42    (0)    8 :  0.005 0.011 0.004 0.069 0.005 0.002 0.085 0.809 0.002 0.003 0.004 
295 ZFFDSP43    (0)    8 :  0.004 0.011 0.004 0.009 0.003 0.002 0.043 0.915 0.002 0.003 0.004 
296 ZFFDSP44    (0)    8 :  0.004 0.011 0.005 0.005 0.005 0.003 0.197 0.761 0.003 0.003 0.005 
297 ZFFDSP45    (0)    8 :  0.005 0.008 0.005 0.005 0.005 0.002 0.037 0.925 0.002 0.003 0.004 
298 ZFFDSP46    (0)    8 :  0.006 0.011 0.004 0.011 0.005 0.002 0.054 0.897 0.002 0.004 0.004 
299 ZFFDSP47    (0)    8 :  0.004 0.015 0.004 0.014 0.005 0.003 0.714 0.232 0.003 0.003 0.003 
300 ZFFDSP48    (0)    8 :  0.004 0.015 0.004 0.006 0.004 0.003 0.599 0.356 0.003 0.003 0.004 
301    ZFI01    (0)    9 :  0.011 0.009 0.800 0.004 0.008 0.008 0.005 0.005 0.108 0.010 0.033 
302    ZFI02    (0)    9 :  0.004 0.008 0.897 0.004 0.006 0.004 0.005 0.005 0.043 0.005 0.018 
303    ZFI03    (0)    9 :  0.007 0.009 0.900 0.003 0.007 0.003 0.005 0.004 0.009 0.006 0.047 
304    ZFI04    (0)    9 :  0.004 0.006 0.110 0.003 0.006 0.005 0.004 0.004 0.102 0.007 0.747 
305    ZFI05    (0)    9 :  0.005 0.016 0.937 0.003 0.005 0.004 0.006 0.004 0.006 0.008 0.007 
306    ZFI06    (0)    9 :  0.004 0.089 0.751 0.003 0.009 0.004 0.036 0.016 0.035 0.022 0.030 
307    ZFI07    (0)    9 :  0.005 0.005 0.316 0.003 0.006 0.004 0.004 0.004 0.008 0.006 0.640 
308    ZFI08    (0)    9 :  0.006 0.005 0.809 0.004 0.012 0.004 0.003 0.003 0.045 0.012 0.097 
309    ZFI09    (0)    9 :  0.004 0.007 0.916 0.003 0.005 0.004 0.004 0.004 0.026 0.008 0.020 
310    ZFI10    (0)    9 :  0.005 0.077 0.807 0.004 0.007 0.007 0.008 0.006 0.030 0.008 0.043 
311    ZFI11    (0)    9 :  0.005 0.013 0.726 0.003 0.006 0.004 0.005 0.004 0.130 0.007 0.096 
312    ZFI12    (0)    9 :  0.008 0.015 0.823 0.003 0.012 0.003 0.006 0.005 0.008 0.008 0.109 
313    ZFI13    (0)    9 :  0.009 0.007 0.926 0.003 0.006 0.008 0.004 0.005 0.007 0.010 0.016 
314    ZFI14    (0)    9 :  0.005 0.006 0.943 0.003 0.004 0.004 0.006 0.008 0.006 0.004 0.011 
315    ZFI15    (0)    9 :  0.005 0.005 0.955 0.002 0.004 0.003 0.004 0.003 0.005 0.006 0.009 
316    ZFI16    (0)    9 :  0.004 0.005 0.946 0.003 0.005 0.003 0.004 0.003 0.004 0.005 0.018 
317    ZFI17    (0)    9 :  0.005 0.012 0.876 0.003 0.007 0.007 0.005 0.004 0.011 0.008 0.063 
318    ZFI18    (0)    9 :  0.003 0.006 0.939 0.002 0.004 0.007 0.004 0.003 0.008 0.007 0.017 
319    ZFI19    (9)    9 :  0.003 0.004 0.950 0.002 0.006 0.003 0.003 0.003 0.007 0.005 0.014 
320    ZFI20    (0)    9 :  0.004 0.004 0.952 0.003 0.005 0.004 0.005 0.005 0.005 0.005 0.009 
321    ZFI21    (0)    9 :  0.003 0.008 0.950 0.003 0.004 0.003 0.009 0.008 0.003 0.004 0.005 
322    ZFI22    (0)    9 :  0.007 0.004 0.908 0.004 0.005 0.003 0.004 0.005 0.028 0.005 0.028 
323    ZFI23    (0)    9 :  0.005 0.008 0.917 0.003 0.007 0.003 0.004 0.004 0.006 0.006 0.037 
324    ZFI24    (0)    9 :  0.009 0.013 0.883 0.004 0.010 0.003 0.006 0.005 0.008 0.007 0.054 
325    ZFI25    (0)    9 :  0.008 0.006 0.892 0.004 0.008 0.003 0.005 0.005 0.010 0.007 0.053 
326    ZFI26    (0)    9 :  0.008 0.005 0.865 0.003 0.008 0.003 0.004 0.004 0.008 0.007 0.085 
327    ZFI27    (0)    9 :  0.006 0.038 0.866 0.003 0.011 0.003 0.009 0.005 0.009 0.007 0.044 
328    ZFK01    (0)    9 :  0.908 0.014 0.005 0.006 0.011 0.007 0.011 0.010 0.015 0.009 0.004 
329    ZFK02    (0)   10 :  0.899 0.015 0.008 0.007 0.013 0.004 0.010 0.011 0.016 0.013 0.005 
330    ZFK03    (0)   10 :  0.889 0.012 0.007 0.006 0.009 0.008 0.007 0.009 0.034 0.013 0.005 
331    ZFK04    (0)   10 :  0.574 0.023 0.012 0.007 0.009 0.007 0.008 0.007 0.335 0.011 0.007 
332    ZFK05    (0)   10 :  0.699 0.012 0.011 0.004 0.006 0.023 0.006 0.004 0.213 0.012 0.008 
333    ZFK06    (0)   10 :  0.853 0.008 0.020 0.005 0.012 0.005 0.006 0.007 0.037 0.037 0.011 
334    ZFK07    (0)   10 :  0.906 0.008 0.003 0.008 0.012 0.012 0.011 0.008 0.019 0.009 0.004 
335    ZFK08    (0)   10 :  0.479 0.005 0.014 0.009 0.058 0.011 0.012 0.015 0.350 0.039 0.008 
336    ZFK10    (0)   10 :  0.806 0.011 0.015 0.006 0.011 0.005 0.008 0.008 0.108 0.014 0.009 
337    ZFK11    (0)   10 :  0.875 0.009 0.007 0.004 0.009 0.025 0.006 0.007 0.031 0.019 0.008 
338    ZFK12    (0)   10 :  0.882 0.006 0.004 0.013 0.039 0.007 0.016 0.011 0.008 0.011 0.004 
339    ZFK13    (0)   10 :  0.827 0.006 0.004 0.011 0.017 0.031 0.036 0.042 0.012 0.011 0.004 
340    ZFK14    (0)   10 :  0.912 0.009 0.004 0.011 0.007 0.015 0.012 0.012 0.008 0.006 0.004 
341    ZFK15    (0)   10 :  0.778 0.008 0.008 0.008 0.013 0.049 0.021 0.043 0.050 0.017 0.006 
342    ZFK16    (0)   10 :  0.873 0.009 0.003 0.012 0.017 0.021 0.023 0.022 0.006 0.009 0.004 
343   ZFLB01    (0)   11 :  0.005 0.008 0.008 0.007 0.009 0.894 0.023 0.024 0.010 0.007 0.006 
344   ZFLB02    (0)   11 :  0.003 0.004 0.007 0.003 0.004 0.924 0.004 0.003 0.004 0.022 0.022 
345   ZFLB03    (0)   11 :  0.004 0.027 0.004 0.004 0.005 0.923 0.006 0.004 0.004 0.014 0.006 
346   ZFLB04    (0)   11 :  0.009 0.209 0.027 0.009 0.007 0.665 0.028 0.019 0.009 0.007 0.011 
347   ZFLB05    (0)   11 :  0.004 0.016 0.014 0.005 0.008 0.888 0.018 0.012 0.018 0.009 0.008 
348   ZFLB06    (0)   11 :  0.015 0.006 0.004 0.009 0.008 0.897 0.012 0.013 0.020 0.011 0.005 
349   ZFLB07    (0)   11 :  0.017 0.074 0.011 0.012 0.110 0.603 0.035 0.017 0.019 0.089 0.013 
350   ZFLB08    (0)   11 :  0.004 0.007 0.013 0.004 0.007 0.900 0.006 0.004 0.007 0.019 0.028 
351   ZFLB09    (9)   11 :  0.008 0.004 0.009 0.003 0.005 0.933 0.005 0.005 0.013 0.006 0.008 
352   ZFLB10    (0)   11 :  0.004 0.006 0.006 0.003 0.004 0.952 0.004 0.003 0.010 0.005 0.004 
353   ZFLB11    (0)   11 :  0.008 0.004 0.003 0.005 0.005 0.951 0.005 0.004 0.006 0.005 0.004 
354   ZFLB12    (0)   11 :  0.005 0.004 0.004 0.002 0.004 0.955 0.003 0.003 0.007 0.007 0.005 
355   ZFLB13    (0)   11 :  0.015 0.019 0.004 0.003 0.022 0.812 0.025 0.017 0.013 0.051 0.018 
356  ZFLTI01    (0)   12 :  0.028 0.009 0.004 0.012 0.009 0.002 0.906 0.020 0.002 0.004 0.005 
357  ZFLTI02    (0)   12 :  0.066 0.031 0.003 0.009 0.006 0.002 0.859 0.010 0.002 0.004 0.008 
358  ZFLTI03    (0)   12 :  0.009 0.012 0.003 0.009 0.005 0.002 0.942 0.008 0.002 0.003 0.005 
359  ZFLTI04    (0)   12 :  0.012 0.020 0.004 0.005 0.009 0.003 0.920 0.012 0.003 0.005 0.007 
360  ZFLTI05    (0)   12 :  0.008 0.020 0.003 0.005 0.004 0.002 0.940 0.008 0.002 0.003 0.005 
