

----------------------------------------------------
STRUCTURE by Pritchard, Stephens and Donnelly (2000)
     and Falush, Stephens and Pritchard (2003)
       Code by Pritchard, Falush and Hubisz
             Version 2.3.4 (Jul 2012)
----------------------------------------------------



Command line arguments:   bin\structure -m C:\Users\eschumacher\Documents\GitHub\GCC_QUAC_ZAIN\Data_Files\Structure_Files\ZAIN\ZAIN_rebinned_wild\50-50\mainparams -e C:\Users\eschumacher\Documents\GitHub\GCC_QUAC_ZAIN\Data_Files\Structure_Files\ZAIN\ZAIN_rebinned_wild\50-50\extraparams 
Input File:    C:\Users\eschumacher\Documents\GitHub\GCC_QUAC_ZAIN\Data_Files\Structure_Files\ZAIN\ZAIN_rebinned_wild\project_data

Run parameters:
   751 individuals
   11 loci
   7 populations assumed
   50000 Burn-in period
   50000 Reps


--------------------------------------------
Proportion of membership of each pre-defined
 population in each of the 7 clusters

Given    Inferred Clusters                                   Number of
 Pop       1      2      3      4      5      6      7      Individuals

  1:     0.014  0.007  0.010  0.038  0.918  0.005  0.007       35
  2:     0.008  0.789  0.009  0.006  0.008  0.150  0.028       36
  3:     0.007  0.861  0.016  0.006  0.006  0.096  0.009       33
  4:     0.005  0.012  0.006  0.021  0.007  0.008  0.941       40
  5:     0.004  0.005  0.004  0.003  0.004  0.971  0.010       39
  6:     0.588  0.055  0.124  0.041  0.137  0.028  0.027       40
  7:     0.766  0.018  0.057  0.063  0.049  0.013  0.033       37
  8:     0.004  0.852  0.006  0.003  0.008  0.120  0.007       40
  9:     0.006  0.004  0.006  0.007  0.930  0.009  0.038       28
 10:     0.014  0.012  0.017  0.049  0.008  0.011  0.888       14
 11:     0.025  0.007  0.008  0.910  0.009  0.033  0.008       13
 12:     0.004  0.052  0.007  0.002  0.005  0.914  0.015       14
 13:     0.008  0.908  0.006  0.009  0.006  0.052  0.011       25
 14:     0.014  0.940  0.009  0.006  0.006  0.010  0.016       40
 15:     0.015  0.017  0.017  0.007  0.021  0.048  0.874       32
 16:     0.005  0.004  0.003  0.975  0.003  0.004  0.004       20
 17:     0.064  0.010  0.178  0.009  0.722  0.007  0.010        4
 18:     0.019  0.030  0.033  0.015  0.881  0.009  0.013       23
 19:     0.013  0.005  0.010  0.006  0.952  0.006  0.008       39
 20:     0.010  0.005  0.011  0.895  0.067  0.005  0.007       38
 21:     0.006  0.106  0.015  0.005  0.004  0.856  0.008       45
 22:     0.013  0.375  0.008  0.014  0.006  0.568  0.017       28
 23:     0.030  0.005  0.008  0.009  0.934  0.006  0.007        6
 24:     0.021  0.012  0.922  0.006  0.017  0.015  0.006       40
 25:     0.861  0.015  0.022  0.056  0.014  0.021  0.011       42
--------------------------------------------

Allele-freq. divergence among pops (Net nucleotide distance),
computed using point estimates of P.

      1       2       3       4       5       6       7      
 1      -    0.1670  0.0958  0.0993  0.0840  0.1307  0.0995  
 2   0.1670     -    0.1437  0.2707  0.2317  0.0899  0.1517  
 3   0.0958  0.1437     -    0.2312  0.1702  0.1396  0.1440  
 4   0.0993  0.2707  0.2312     -    0.1579  0.2701  0.2078  
 5   0.0840  0.2317  0.1702  0.1579     -    0.2121  0.1513  
 6   0.1307  0.0899  0.1396  0.2701  0.2121     -    0.1189  
 7   0.0995  0.1517  0.1440  0.2078  0.1513  0.1189     -    

Average distances (expected heterozygosity) between individuals in same cluster:
cluster  1  : 0.5809 
cluster  2  : 0.4362 
cluster  3  : 0.4160 
cluster  4  : 0.4309 
cluster  5  : 0.4692 
cluster  6  : 0.4145 
cluster  7  : 0.4348 

--------------------------------------------
Estimated Ln Prob of Data   = -14360.0
Mean value of ln likelihood = -14067.4
Variance of ln likelihood   = 585.2
Mean value of alpha         = 0.0319

Mean value of Fst_1         = 0.0820
Mean value of Fst_2         = 0.3205
Mean value of Fst_3         = 0.3702
Mean value of Fst_4         = 0.4070
Mean value of Fst_5         = 0.3391
Mean value of Fst_6         = 0.4676
Mean value of Fst_7         = 0.4126


Inferred ancestry of individuals:
        Label (%Miss) Pop:  Inferred clusters
  1    ZFB01    (0)    1 :  0.004 0.004 0.004 0.008 0.973 0.003 0.004 
  2    ZFB02    (0)    1 :  0.009 0.003 0.004 0.049 0.925 0.003 0.008 
  3    ZFB03    (0)    1 :  0.009 0.004 0.005 0.004 0.967 0.006 0.005 
  4    ZFB04    (0)    1 :  0.008 0.004 0.003 0.054 0.922 0.003 0.006 
  5    ZFB05    (0)    1 :  0.064 0.005 0.037 0.165 0.711 0.006 0.011 
  6    ZFB06    (0)    1 :  0.065 0.006 0.028 0.093 0.796 0.007 0.007 
  7    ZFB07    (9)    1 :  0.012 0.006 0.005 0.008 0.958 0.007 0.004 
  8    ZFB08    (0)    1 :  0.006 0.005 0.015 0.005 0.957 0.006 0.006 
  9    ZFB09    (0)    1 :  0.004 0.003 0.005 0.004 0.978 0.003 0.003 
 10    ZFB10    (0)    1 :  0.006 0.015 0.004 0.010 0.953 0.005 0.006 
 11    ZFB11    (0)    1 :  0.005 0.006 0.003 0.021 0.955 0.003 0.007 
 12    ZFB12    (0)    1 :  0.016 0.007 0.026 0.028 0.910 0.008 0.004 
 13    ZFB13    (0)    1 :  0.010 0.008 0.010 0.006 0.956 0.005 0.005 
 14    ZFB14    (0)    1 :  0.005 0.005 0.004 0.004 0.976 0.003 0.005 
 15    ZFB15    (0)    1 :  0.004 0.003 0.005 0.014 0.969 0.003 0.003 
 16    ZFB16    (0)    1 :  0.007 0.005 0.009 0.011 0.960 0.004 0.004 
 17    ZFB17    (0)    1 :  0.016 0.013 0.038 0.032 0.868 0.008 0.025 
 18    ZFB18    (0)    1 :  0.005 0.003 0.003 0.004 0.978 0.003 0.004 
 19    ZFB19    (0)    1 :  0.018 0.022 0.013 0.008 0.922 0.012 0.004 
 20    ZFB20    (0)    1 :  0.008 0.006 0.008 0.033 0.937 0.004 0.004 
 21    ZFB21    (0)    1 :  0.008 0.003 0.004 0.010 0.969 0.003 0.003 
 22    ZFB22    (0)    1 :  0.013 0.014 0.014 0.071 0.871 0.008 0.009 
 23    ZFB23    (0)    1 :  0.009 0.006 0.003 0.033 0.938 0.005 0.006 
 24    ZFB24    (0)    1 :  0.005 0.005 0.004 0.039 0.937 0.003 0.006 
 25    ZFB25    (0)    1 :  0.004 0.015 0.003 0.006 0.961 0.006 0.004 
 26    ZFB26    (0)    1 :  0.008 0.013 0.003 0.088 0.875 0.006 0.007 
 27    ZFB27    (0)    1 :  0.006 0.006 0.003 0.092 0.885 0.004 0.005 
 28    ZFB28    (0)    1 :  0.046 0.006 0.013 0.116 0.801 0.008 0.012 
 29    ZFB29    (0)    1 :  0.007 0.003 0.004 0.021 0.955 0.002 0.007 
 30    ZFB30    (0)    1 :  0.060 0.009 0.014 0.212 0.692 0.010 0.004 
 31    ZFB31    (0)    1 :  0.005 0.010 0.003 0.007 0.965 0.005 0.004 
 32    ZFB32    (0)    1 :  0.038 0.009 0.033 0.070 0.805 0.013 0.034 
 33    ZFB33    (0)    1 :  0.005 0.003 0.003 0.012 0.972 0.003 0.003 
 34    ZFB34    (0)    1 :  0.005 0.003 0.004 0.003 0.977 0.003 0.005 
 35    ZFB35    (0)    1 :  0.004 0.005 0.004 0.008 0.969 0.005 0.005 
 36  ZFBP101    (0)    2 :  0.014 0.672 0.021 0.011 0.013 0.166 0.103 
 37  ZFBP102    (0)    2 :  0.016 0.871 0.011 0.016 0.019 0.045 0.022 
 38  ZFBP103    (0)    2 :  0.012 0.172 0.011 0.009 0.009 0.572 0.214 
 39  ZFBP104    (0)    2 :  0.019 0.478 0.049 0.009 0.037 0.405 0.004 
 40  ZFBP105    (0)    2 :  0.008 0.680 0.008 0.006 0.009 0.283 0.006 
 41  ZFBP106    (0)    2 :  0.004 0.811 0.005 0.004 0.003 0.165 0.008 
 42  ZFBP107    (0)    2 :  0.016 0.455 0.010 0.027 0.008 0.471 0.012 
 43  ZFBP108    (0)    2 :  0.004 0.969 0.003 0.003 0.004 0.013 0.003 
 44  ZFBP109    (0)    2 :  0.006 0.964 0.004 0.002 0.005 0.015 0.004 
 45  ZFBP110    (0)    2 :  0.048 0.120 0.014 0.009 0.048 0.705 0.056 
 46  ZFBP111    (0)    2 :  0.003 0.962 0.007 0.003 0.003 0.019 0.004 
 47  ZFBP112    (0)    2 :  0.005 0.964 0.007 0.006 0.003 0.009 0.006 
 48  ZFBP113    (0)    2 :  0.005 0.968 0.006 0.004 0.004 0.010 0.004 
 49  ZFBP114    (0)    2 :  0.005 0.950 0.003 0.009 0.004 0.019 0.009 
 50  ZFBP115    (0)    2 :  0.005 0.301 0.010 0.004 0.003 0.669 0.008 
 51  ZFBP116    (0)    2 :  0.006 0.952 0.009 0.004 0.003 0.021 0.004 
 52  ZFBP117    (0)    2 :  0.005 0.964 0.005 0.002 0.004 0.013 0.008 
 53  ZFBP118    (0)    2 :  0.006 0.961 0.004 0.010 0.004 0.010 0.006 
 54  ZFBP119    (0)    2 :  0.007 0.641 0.018 0.003 0.005 0.293 0.033 
 55  ZFBP120    (0)    2 :  0.007 0.685 0.010 0.005 0.008 0.280 0.004 
 56  ZFBP121    (0)    2 :  0.006 0.931 0.006 0.003 0.007 0.035 0.011 
 57  ZFBP122    (9)    2 :  0.004 0.947 0.007 0.003 0.004 0.030 0.005 
 58  ZFBP123    (0)    2 :  0.005 0.956 0.009 0.007 0.004 0.008 0.011 
 59  ZFBP124    (0)    2 :  0.004 0.956 0.005 0.004 0.009 0.017 0.005 
 60  ZFBP125    (0)    2 :  0.003 0.966 0.004 0.002 0.002 0.016 0.006 
 61  ZFBP126    (0)    2 :  0.028 0.878 0.027 0.012 0.013 0.011 0.032 
 62  ZFBP127    (0)    2 :  0.006 0.601 0.003 0.003 0.005 0.357 0.024 
 63  ZFBP128    (0)    2 :  0.003 0.970 0.004 0.002 0.005 0.010 0.006 
 64  ZFBP129    (0)    2 :  0.005 0.965 0.004 0.003 0.006 0.008 0.009 
 65  ZFBP130    (0)    2 :  0.003 0.967 0.007 0.003 0.002 0.009 0.009 
 66  ZFBP131    (0)    2 :  0.004 0.974 0.006 0.004 0.004 0.005 0.004 
 67  ZFBP132    (0)    2 :  0.004 0.951 0.003 0.003 0.005 0.029 0.004 
 68  ZFBP133    (0)    2 :  0.003 0.978 0.005 0.002 0.003 0.004 0.006 
 69  ZFBP134    (0)    2 :  0.004 0.369 0.017 0.004 0.004 0.556 0.045 
 70  ZFBP135    (0)    2 :  0.013 0.602 0.008 0.006 0.026 0.083 0.263 
 71  ZFBP136    (0)    2 :  0.005 0.858 0.007 0.006 0.004 0.056 0.064 
 72  ZFBP201    (0)    3 :  0.006 0.940 0.008 0.007 0.007 0.026 0.006 
 73  ZFBP202    (0)    3 :  0.005 0.945 0.007 0.003 0.009 0.027 0.005 
 74  ZFBP203    (0)    3 :  0.020 0.904 0.021 0.036 0.005 0.008 0.005 
 75  ZFBP204    (0)    3 :  0.007 0.782 0.009 0.005 0.005 0.175 0.017 
 76  ZFBP205    (0)    3 :  0.004 0.972 0.005 0.004 0.003 0.005 0.007 
 77  ZFBP206    (0)    3 :  0.004 0.960 0.009 0.007 0.004 0.006 0.010 
 78  ZFBP207    (0)    3 :  0.005 0.412 0.005 0.004 0.005 0.553 0.016 
 79  ZFBP208    (0)    3 :  0.007 0.950 0.015 0.012 0.004 0.006 0.007 
 80  ZFBP209    (0)    3 :  0.003 0.979 0.004 0.002 0.003 0.005 0.006 
 81  ZFBP210    (0)    3 :  0.006 0.946 0.011 0.008 0.005 0.019 0.005 
 82  ZFBP211    (0)    3 :  0.005 0.954 0.006 0.004 0.007 0.017 0.006 
 83  ZFBP212    (0)    3 :  0.004 0.615 0.003 0.003 0.007 0.364 0.003 
 84  ZFBP213    (0)    3 :  0.007 0.937 0.012 0.006 0.010 0.013 0.015 
 85  ZFBP214    (0)    3 :  0.011 0.853 0.036 0.004 0.012 0.044 0.040 
 86  ZFBP215    (0)    3 :  0.004 0.971 0.004 0.003 0.004 0.009 0.005 
 87  ZFBP216    (0)    3 :  0.012 0.880 0.036 0.008 0.006 0.052 0.006 
 88  ZFBP217    (0)    3 :  0.005 0.944 0.009 0.003 0.006 0.028 0.005 
 89  ZFBP218    (0)    3 :  0.003 0.975 0.006 0.003 0.003 0.006 0.003 
 90  ZFBP219    (0)    3 :  0.005 0.969 0.007 0.004 0.003 0.009 0.003 
 91  ZFBP220    (0)    3 :  0.004 0.946 0.008 0.003 0.003 0.028 0.008 
 92  ZFBP221    (0)    3 :  0.004 0.872 0.007 0.003 0.005 0.106 0.003 
 93  ZFBP222    (0)    3 :  0.005 0.964 0.007 0.005 0.005 0.004 0.009 
 94  ZFBP223    (0)    3 :  0.011 0.305 0.006 0.006 0.009 0.648 0.014 
 95  ZFBP224    (0)    3 :  0.006 0.952 0.009 0.005 0.006 0.013 0.008 
 96  ZFBP225    (0)    3 :  0.005 0.921 0.010 0.005 0.003 0.047 0.009 
 97  ZFBP226    (0)    3 :  0.005 0.961 0.006 0.005 0.004 0.014 0.004 
 98  ZFBP227    (0)    3 :  0.042 0.528 0.206 0.010 0.014 0.192 0.007 
 99  ZFBP228    (0)    3 :  0.005 0.305 0.005 0.003 0.005 0.661 0.017 
100  ZFBP229    (0)    3 :  0.004 0.969 0.006 0.003 0.003 0.009 0.006 
101  ZFBP230    (0)    3 :  0.005 0.932 0.010 0.004 0.003 0.033 0.013 
102  ZFBP231    (0)    3 :  0.007 0.954 0.007 0.004 0.007 0.015 0.006 
103  ZFBP232    (0)    3 :  0.003 0.975 0.004 0.003 0.004 0.006 0.005 
104  ZFBP233    (0)    3 :  0.005 0.949 0.011 0.004 0.007 0.019 0.006 
105   ZFCC01    (0)    4 :  0.004 0.004 0.004 0.005 0.008 0.004 0.972 
106   ZFCC03    (0)    4 :  0.004 0.004 0.003 0.003 0.005 0.004 0.977 
107   ZFCC04    (0)    4 :  0.004 0.004 0.004 0.003 0.005 0.004 0.975 
108   ZFCC05    (0)    4 :  0.005 0.006 0.006 0.004 0.007 0.007 0.965 
109   ZFCC08    (0)    4 :  0.003 0.013 0.006 0.003 0.005 0.007 0.964 
110   ZFCC09    (0)    4 :  0.003 0.004 0.003 0.003 0.007 0.005 0.975 
111   ZFCC10    (0)    4 :  0.004 0.004 0.004 0.004 0.012 0.003 0.969 
112   ZFCC11    (0)    4 :  0.003 0.005 0.004 0.003 0.006 0.005 0.974 
113   ZFCC12    (0)    4 :  0.013 0.006 0.007 0.052 0.020 0.007 0.895 
114   ZFCC13    (0)    4 :  0.005 0.008 0.012 0.006 0.004 0.011 0.953 
115   ZFCC14    (0)    4 :  0.006 0.008 0.004 0.005 0.010 0.004 0.964 
116   ZFCC15    (0)    4 :  0.005 0.004 0.010 0.005 0.004 0.005 0.966 
117   ZFCC16    (0)    4 :  0.004 0.004 0.005 0.004 0.005 0.003 0.976 
118   ZFCC17    (0)    4 :  0.005 0.003 0.004 0.008 0.005 0.004 0.971 
119   ZFCC18    (0)    4 :  0.004 0.005 0.005 0.004 0.006 0.005 0.973 
120   ZFCC19    (0)    4 :  0.006 0.003 0.008 0.006 0.004 0.003 0.969 
121   ZFCC20    (0)    4 :  0.004 0.004 0.006 0.003 0.004 0.007 0.972 
122   ZFCC21    (0)    4 :  0.007 0.039 0.033 0.005 0.007 0.007 0.901 
123   ZFCC22    (0)    4 :  0.004 0.178 0.007 0.005 0.006 0.019 0.781 
124   ZFCC26    (0)    4 :  0.004 0.003 0.004 0.004 0.005 0.004 0.976 
125   ZFCC27    (0)    4 :  0.003 0.003 0.003 0.003 0.004 0.005 0.979 
126   ZFCC29    (0)    4 :  0.005 0.004 0.008 0.004 0.007 0.005 0.966 
127   ZFCC30    (0)    4 :  0.003 0.004 0.004 0.003 0.003 0.005 0.978 
128   ZFCC32    (0)    4 :  0.005 0.005 0.010 0.007 0.005 0.006 0.962 
129   ZFCC33    (0)    4 :  0.006 0.003 0.005 0.004 0.005 0.005 0.971 
130   ZFCC34    (0)    4 :  0.006 0.036 0.005 0.016 0.017 0.039 0.880 
131   ZFCC35    (0)    4 :  0.003 0.004 0.003 0.003 0.003 0.004 0.980 
132   ZFCC36    (0)    4 :  0.006 0.008 0.016 0.010 0.004 0.006 0.950 
133   ZFCC37    (0)    4 :  0.020 0.008 0.008 0.043 0.022 0.009 0.892 
134   ZFCC40    (0)    4 :  0.003 0.005 0.003 0.007 0.007 0.004 0.971 
135   ZFCC42    (0)    4 :  0.016 0.008 0.005 0.535 0.012 0.044 0.380 
136   ZFCC44    (0)    4 :  0.003 0.003 0.003 0.003 0.003 0.005 0.980 
137   ZFCC45    (9)    4 :  0.010 0.004 0.008 0.013 0.012 0.006 0.947 
138   ZFCC46    (0)    4 :  0.004 0.010 0.005 0.003 0.003 0.013 0.962 
139   ZFCC47    (0)    4 :  0.006 0.005 0.005 0.028 0.016 0.006 0.933 
140   ZFCC48    (0)    4 :  0.004 0.027 0.008 0.003 0.006 0.006 0.945 
141   ZFCC50    (0)    4 :  0.003 0.003 0.004 0.004 0.004 0.003 0.978 
142   ZFCC51    (0)    4 :  0.003 0.003 0.003 0.003 0.004 0.005 0.979 
143   ZFCC52    (0)    4 :  0.004 0.010 0.005 0.006 0.004 0.007 0.965 
144   ZFCC53    (0)    4 :  0.004 0.003 0.003 0.003 0.004 0.004 0.980 
145  ZFCNS01    (0)    5 :  0.007 0.003 0.010 0.005 0.003 0.966 0.006 
146  ZFCNS02    (0)    5 :  0.003 0.004 0.004 0.003 0.003 0.974 0.009 
147  ZFCNS05    (0)    5 :  0.003 0.006 0.005 0.003 0.005 0.967 0.011 
148  ZFCNS06    (0)    5 :  0.003 0.005 0.004 0.003 0.004 0.970 0.011 
149  ZFCNS07    (0)    5 :  0.003 0.011 0.004 0.003 0.004 0.970 0.005 
150  ZFCNS10    (0)    5 :  0.003 0.004 0.003 0.002 0.003 0.980 0.004 
151  ZFCNS11    (0)    5 :  0.005 0.004 0.007 0.003 0.003 0.973 0.005 
152  ZFCNS15    (0)    5 :  0.004 0.007 0.003 0.003 0.004 0.976 0.004 
153  ZFCNS17    (0)    5 :  0.004 0.005 0.003 0.002 0.003 0.970 0.013 
154  ZFCNS18    (0)    5 :  0.003 0.004 0.003 0.002 0.003 0.979 0.005 
155  ZFCNS19    (0)    5 :  0.003 0.003 0.004 0.003 0.004 0.974 0.009 
156  ZFCNS20    (0)    5 :  0.004 0.011 0.004 0.003 0.003 0.966 0.009 
157  ZFCNS21    (0)    5 :  0.003 0.003 0.003 0.002 0.003 0.978 0.007 
158  ZFCNS22    (0)    5 :  0.004 0.008 0.004 0.003 0.005 0.970 0.007 
159  ZFCNS23    (0)    5 :  0.007 0.007 0.012 0.009 0.005 0.937 0.023 
160  ZFCNS24    (0)    5 :  0.004 0.005 0.004 0.003 0.003 0.960 0.022 
161  ZFCNS25    (0)    5 :  0.004 0.008 0.004 0.003 0.003 0.968 0.011 
162  ZFCNS26    (0)    5 :  0.003 0.005 0.004 0.003 0.004 0.978 0.004 
163  ZFCNS27    (0)    5 :  0.004 0.009 0.003 0.003 0.003 0.975 0.004 
164  ZFCNS28    (0)    5 :  0.003 0.005 0.004 0.003 0.005 0.973 0.007 
165  ZFCNS29    (0)    5 :  0.004 0.006 0.004 0.003 0.004 0.968 0.012 
166  ZFCNS30    (0)    5 :  0.004 0.004 0.005 0.003 0.004 0.973 0.009 
167  ZFCNS31    (0)    5 :  0.004 0.005 0.004 0.003 0.004 0.977 0.004 
168  ZFCNS32    (0)    5 :  0.003 0.005 0.005 0.003 0.004 0.975 0.006 
169  ZFCNS33    (0)    5 :  0.003 0.004 0.004 0.003 0.004 0.977 0.005 
170  ZFCNS34    (0)    5 :  0.003 0.005 0.005 0.003 0.004 0.959 0.022 
171  ZFCNS35    (0)    5 :  0.003 0.004 0.004 0.003 0.005 0.976 0.005 
172  ZFCNS36    (0)    5 :  0.003 0.005 0.004 0.003 0.003 0.936 0.045 
173  ZFCNS37    (0)    5 :  0.004 0.004 0.003 0.003 0.003 0.978 0.006 
174  ZFCNS39    (0)    5 :  0.003 0.004 0.004 0.002 0.003 0.976 0.008 
175  ZFCNS40    (0)    5 :  0.003 0.007 0.005 0.003 0.003 0.954 0.025 
176  ZFCNS41    (0)    5 :  0.005 0.007 0.008 0.004 0.005 0.962 0.009 
177  ZFCNS42    (0)    5 :  0.003 0.004 0.003 0.003 0.003 0.979 0.005 
178  ZFCNS43    (0)    5 :  0.003 0.004 0.003 0.002 0.003 0.975 0.009 
179  ZFCNS44    (0)    5 :  0.003 0.004 0.003 0.003 0.003 0.979 0.006 
180  ZFCNS46    (0)    5 :  0.004 0.005 0.004 0.002 0.003 0.975 0.006 
181  ZFCNS47    (0)    5 :  0.004 0.003 0.003 0.003 0.003 0.977 0.007 
182  ZFCNS48    (0)    5 :  0.003 0.005 0.004 0.003 0.003 0.976 0.006 
183  ZFCNS49    (0)    5 :  0.003 0.005 0.003 0.003 0.003 0.980 0.003 
184   ZFCR01    (0)    6 :  0.809 0.023 0.005 0.015 0.130 0.004 0.015 
185   ZFCR02    (0)    6 :  0.874 0.019 0.018 0.007 0.056 0.007 0.019 
186   ZFCR03    (0)    6 :  0.219 0.062 0.113 0.145 0.398 0.007 0.056 
187   ZFCR04    (0)    6 :  0.181 0.040 0.024 0.034 0.670 0.032 0.020 
188   ZFCR05    (0)    6 :  0.746 0.005 0.103 0.014 0.099 0.004 0.029 
189   ZFCR06    (0)    6 :  0.622 0.098 0.011 0.006 0.090 0.149 0.024 
190   ZFCR07    (0)    6 :  0.676 0.008 0.186 0.009 0.046 0.057 0.017 
191   ZFCR08    (0)    6 :  0.775 0.038 0.007 0.045 0.039 0.008 0.088 
192   ZFCR09    (0)    6 :  0.073 0.160 0.030 0.460 0.121 0.092 0.063 
193   ZFCR11    (0)    6 :  0.652 0.019 0.096 0.015 0.149 0.059 0.011 
194   ZFCR12    (0)    6 :  0.651 0.031 0.085 0.004 0.018 0.198 0.014 
195   ZFCR13    (0)    6 :  0.839 0.049 0.074 0.003 0.015 0.012 0.007 
196   ZFCR14    (0)    6 :  0.681 0.012 0.227 0.006 0.051 0.007 0.016 
197   ZFCR15    (0)    6 :  0.816 0.040 0.037 0.009 0.067 0.013 0.018 
198   ZFCR16    (0)    6 :  0.862 0.023 0.028 0.005 0.068 0.005 0.009 
199   ZFCR18    (0)    6 :  0.125 0.030 0.009 0.007 0.732 0.022 0.074 
200   ZFCR19    (0)    6 :  0.447 0.147 0.096 0.127 0.140 0.017 0.026 
201   ZFCR20    (0)    6 :  0.125 0.091 0.176 0.034 0.540 0.014 0.021 
202   ZFCR21    (0)    6 :  0.809 0.022 0.107 0.003 0.017 0.010 0.032 
203   ZFCR22    (0)    6 :  0.628 0.016 0.330 0.006 0.009 0.005 0.006 
204   ZFCR23    (0)    6 :  0.791 0.106 0.018 0.024 0.025 0.030 0.005 
205   ZFCR24    (9)    6 :  0.161 0.503 0.101 0.029 0.188 0.007 0.010 
206   ZFCR25    (0)    6 :  0.909 0.005 0.055 0.006 0.016 0.004 0.006 
207   ZFCR26    (0)    6 :  0.072 0.023 0.744 0.117 0.007 0.011 0.025 
208   ZFCR27    (9)    6 :  0.926 0.003 0.017 0.019 0.026 0.003 0.005 
209   ZFCR28    (0)    6 :  0.703 0.231 0.006 0.006 0.009 0.033 0.013 
210   ZFCR29    (0)    6 :  0.266 0.013 0.524 0.008 0.173 0.005 0.010 
211   ZFCR30    (0)    6 :  0.657 0.008 0.297 0.008 0.016 0.008 0.007 
212   ZFCR31    (0)    6 :  0.262 0.110 0.070 0.132 0.283 0.117 0.026 
213   ZFCR33    (0)    6 :  0.887 0.008 0.025 0.030 0.014 0.011 0.025 
214   ZFCR34    (0)    6 :  0.529 0.035 0.230 0.030 0.114 0.038 0.023 
215   ZFCR35    (0)    6 :  0.162 0.012 0.019 0.013 0.748 0.015 0.030 
216   ZFCR36    (0)    6 :  0.561 0.008 0.190 0.023 0.198 0.012 0.009 
217   ZFCR37    (0)    6 :  0.199 0.004 0.599 0.045 0.077 0.004 0.074 
218   ZFCR38    (0)    6 :  0.880 0.008 0.025 0.032 0.016 0.008 0.030 
219   ZFCR39    (0)    6 :  0.703 0.058 0.008 0.130 0.015 0.009 0.077 
220   ZFCR40    (0)    6 :  0.909 0.010 0.014 0.022 0.017 0.008 0.021 
221   ZFCR41    (0)    6 :  0.764 0.014 0.122 0.003 0.014 0.034 0.048 
222   ZFCR42    (0)    6 :  0.728 0.038 0.115 0.016 0.012 0.026 0.065 
223   ZFCR43    (0)    6 :  0.819 0.065 0.028 0.004 0.069 0.008 0.007 
224  ZFENP25    (0)    7 :  0.939 0.009 0.006 0.005 0.023 0.004 0.013 
225  ZFENP26    (0)    7 :  0.971 0.003 0.004 0.008 0.007 0.004 0.004 
226  ZFENP27    (0)    7 :  0.456 0.015 0.005 0.034 0.089 0.055 0.345 
227  ZFENP28    (0)    7 :  0.944 0.004 0.010 0.014 0.013 0.006 0.009 
228  ZFENP29    (0)    7 :  0.968 0.003 0.008 0.005 0.005 0.004 0.007 
229  ZFENP30    (0)    7 :  0.899 0.006 0.013 0.017 0.008 0.006 0.051 
230  ZFENP31    (0)    7 :  0.219 0.008 0.010 0.658 0.020 0.010 0.076 
231  ZFENP32    (0)    7 :  0.373 0.018 0.019 0.289 0.225 0.047 0.030 
232  ZFENP33    (0)    7 :  0.856 0.005 0.065 0.025 0.036 0.006 0.008 
233  ZFENP34    (0)    7 :  0.480 0.010 0.010 0.018 0.436 0.014 0.032 
234  ZFENP35    (0)    7 :  0.908 0.008 0.011 0.036 0.011 0.020 0.005 
235  ZFENP36    (0)    7 :  0.952 0.003 0.011 0.015 0.010 0.006 0.004 
236  ZFENP37    (0)    7 :  0.751 0.007 0.056 0.052 0.108 0.011 0.014 
237  ZFENP38    (0)    7 :  0.370 0.006 0.522 0.039 0.022 0.012 0.029 
238  ZFENP39    (0)    7 :  0.939 0.003 0.011 0.014 0.018 0.004 0.010 
239  ZFENP40    (0)    7 :  0.925 0.005 0.006 0.028 0.021 0.005 0.009 
240  ZFENP41    (0)    7 :  0.913 0.006 0.006 0.012 0.015 0.007 0.041 
241  ZFENP42    (0)    7 :  0.825 0.004 0.035 0.122 0.004 0.004 0.006 
242  ZFENP43    (0)    7 :  0.766 0.006 0.091 0.023 0.016 0.053 0.046 
243  ZFENP44    (0)    7 :  0.827 0.006 0.031 0.085 0.008 0.018 0.025 
244  ZFENP45    (0)    7 :  0.591 0.262 0.046 0.057 0.009 0.015 0.021 
245  ZFENP46    (0)    7 :  0.840 0.010 0.075 0.035 0.019 0.017 0.004 
246  ZFENP47    (0)    7 :  0.627 0.084 0.006 0.190 0.025 0.005 0.063 
247  ZFENP48    (0)    7 :  0.321 0.031 0.038 0.042 0.433 0.016 0.119 
248  ZFENP49    (0)    7 :  0.913 0.014 0.012 0.010 0.016 0.007 0.027 
249  ZFENP50    (0)    7 :  0.909 0.015 0.032 0.025 0.006 0.009 0.004 
250  ZFENP51    (0)    7 :  0.673 0.021 0.019 0.253 0.020 0.005 0.009 
251  ZFENP52    (0)    7 :  0.944 0.004 0.011 0.010 0.003 0.016 0.012 
252  ZFENP53    (0)    7 :  0.905 0.026 0.024 0.017 0.007 0.014 0.008 
253  ZFENP54    (0)    7 :  0.905 0.024 0.017 0.008 0.016 0.009 0.021 
254  ZFENP55    (0)    7 :  0.238 0.005 0.669 0.024 0.056 0.004 0.004 
255  ZFENP56    (0)    7 :  0.818 0.004 0.126 0.017 0.016 0.010 0.008 
256  ZFENP57    (0)    7 :  0.876 0.003 0.021 0.069 0.016 0.010 0.005 
257  ZFENP58    (0)    7 :  0.810 0.031 0.042 0.014 0.009 0.016 0.078 
258  ZFENP59    (0)    7 :  0.855 0.004 0.007 0.046 0.011 0.004 0.073 
259  ZFENP60    (0)    7 :  0.905 0.008 0.014 0.014 0.041 0.007 0.010 
260  ZFENP61    (0)    7 :  0.942 0.003 0.010 0.009 0.020 0.004 0.012 
261 ZFFDSP01    (0)    8 :  0.003 0.932 0.007 0.003 0.006 0.045 0.004 
262 ZFFDSP02    (0)    8 :  0.004 0.972 0.004 0.002 0.004 0.009 0.005 
263 ZFFDSP04    (0)    8 :  0.003 0.974 0.005 0.003 0.006 0.006 0.005 
264 ZFFDSP05    (0)    8 :  0.004 0.929 0.008 0.004 0.004 0.047 0.004 
265 ZFFDSP06    (0)    8 :  0.003 0.975 0.004 0.002 0.004 0.006 0.006 
266 ZFFDSP07    (0)    8 :  0.005 0.958 0.008 0.005 0.003 0.006 0.015 
267 ZFFDSP08    (0)    8 :  0.004 0.953 0.008 0.004 0.003 0.016 0.012 
268 ZFFDSP10    (0)    8 :  0.004 0.959 0.007 0.003 0.004 0.017 0.005 
269 ZFFDSP11    (0)    8 :  0.004 0.966 0.008 0.004 0.005 0.009 0.004 
270 ZFFDSP12    (0)    8 :  0.004 0.973 0.004 0.003 0.003 0.010 0.004 
271 ZFFDSP13    (0)    8 :  0.006 0.059 0.013 0.004 0.004 0.905 0.009 
272 ZFFDSP14    (0)    8 :  0.004 0.972 0.006 0.003 0.004 0.006 0.006 
273 ZFFDSP16    (0)    8 :  0.011 0.921 0.010 0.004 0.012 0.035 0.008 
274 ZFFDSP17    (0)    8 :  0.004 0.964 0.007 0.003 0.005 0.011 0.006 
275 ZFFDSP18    (0)    8 :  0.003 0.969 0.004 0.002 0.008 0.007 0.006 
276 ZFFDSP19    (0)    8 :  0.004 0.762 0.004 0.003 0.007 0.184 0.035 
277 ZFFDSP21    (0)    8 :  0.004 0.542 0.004 0.002 0.007 0.423 0.018 
278 ZFFDSP22    (0)    8 :  0.003 0.977 0.005 0.002 0.003 0.006 0.004 
279 ZFFDSP23    (0)    8 :  0.003 0.961 0.005 0.002 0.003 0.023 0.004 
280 ZFFDSP24    (0)    8 :  0.004 0.751 0.006 0.003 0.007 0.223 0.006 
281 ZFFDSP26    (9)    8 :  0.003 0.937 0.005 0.003 0.004 0.042 0.005 
282 ZFFDSP27    (0)    8 :  0.004 0.955 0.004 0.003 0.007 0.024 0.004 
283 ZFFDSP28    (0)    8 :  0.013 0.831 0.020 0.019 0.080 0.026 0.012 
284 ZFFDSP30    (0)    8 :  0.005 0.253 0.011 0.009 0.032 0.678 0.011 
285 ZFFDSP31    (0)    8 :  0.005 0.952 0.005 0.002 0.007 0.021 0.007 
286 ZFFDSP32    (0)    8 :  0.003 0.971 0.004 0.003 0.004 0.010 0.004 
287 ZFFDSP33    (0)    8 :  0.003 0.972 0.003 0.003 0.004 0.013 0.003 
288 ZFFDSP34    (0)    8 :  0.003 0.970 0.004 0.002 0.004 0.010 0.006 
289 ZFFDSP35    (0)    8 :  0.004 0.914 0.006 0.003 0.006 0.063 0.004 
290 ZFFDSP37    (0)    8 :  0.004 0.960 0.005 0.003 0.006 0.018 0.004 
291 ZFFDSP38    (0)    8 :  0.004 0.968 0.004 0.003 0.006 0.011 0.004 
292 ZFFDSP39    (0)    8 :  0.003 0.677 0.004 0.002 0.005 0.305 0.004 
293 ZFFDSP40    (0)    8 :  0.004 0.626 0.004 0.003 0.007 0.352 0.004 
294 ZFFDSP42    (0)    8 :  0.003 0.958 0.005 0.002 0.004 0.023 0.005 
295 ZFFDSP43    (0)    8 :  0.003 0.957 0.003 0.002 0.005 0.024 0.004 
296 ZFFDSP44    (0)    8 :  0.004 0.834 0.005 0.004 0.007 0.143 0.004 
297 ZFFDSP45    (0)    8 :  0.004 0.948 0.005 0.002 0.006 0.028 0.006 
298 ZFFDSP46    (0)    8 :  0.005 0.938 0.006 0.002 0.005 0.039 0.005 
299 ZFFDSP47    (0)    8 :  0.003 0.554 0.005 0.003 0.004 0.427 0.004 
300 ZFFDSP48    (0)    8 :  0.004 0.430 0.004 0.003 0.005 0.550 0.004 
301    ZFI01    (0)    9 :  0.008 0.004 0.007 0.023 0.945 0.006 0.007 
302    ZFI02    (0)    9 :  0.006 0.005 0.006 0.010 0.964 0.006 0.004 
303    ZFI03    (0)    9 :  0.005 0.003 0.006 0.004 0.970 0.006 0.005 
304    ZFI04    (0)    9 :  0.006 0.004 0.008 0.017 0.955 0.005 0.005 
305    ZFI05    (0)    9 :  0.008 0.004 0.004 0.006 0.963 0.011 0.005 
306    ZFI06    (0)    9 :  0.010 0.006 0.005 0.010 0.925 0.040 0.004 
307    ZFI07    (0)    9 :  0.005 0.003 0.006 0.005 0.972 0.004 0.005 
308    ZFI08    (0)    9 :  0.009 0.003 0.008 0.007 0.964 0.004 0.006 
309    ZFI09    (0)    9 :  0.008 0.003 0.004 0.008 0.967 0.005 0.004 
310    ZFI10    (0)    9 :  0.007 0.005 0.006 0.013 0.940 0.025 0.004 
311    ZFI11    (0)    9 :  0.005 0.003 0.005 0.016 0.961 0.005 0.005 
312    ZFI12    (0)    9 :  0.004 0.004 0.009 0.004 0.966 0.009 0.004 
313    ZFI13    (0)    9 :  0.007 0.003 0.004 0.006 0.968 0.005 0.006 
314    ZFI14    (0)    9 :  0.004 0.006 0.003 0.005 0.966 0.010 0.004 
315    ZFI15    (0)    9 :  0.007 0.003 0.003 0.004 0.975 0.005 0.004 
316    ZFI16    (0)    9 :  0.005 0.003 0.004 0.003 0.976 0.005 0.004 
317    ZFI17    (0)    9 :  0.008 0.003 0.006 0.008 0.964 0.007 0.004 
318    ZFI18    (0)    9 :  0.007 0.002 0.004 0.007 0.972 0.005 0.003 
319    ZFI19    (9)    9 :  0.006 0.003 0.006 0.004 0.974 0.004 0.004 
320    ZFI20    (0)    9 :  0.005 0.004 0.004 0.005 0.973 0.006 0.004 
321    ZFI21    (0)    9 :  0.004 0.008 0.004 0.005 0.957 0.019 0.004 
322    ZFI22    (0)    9 :  0.005 0.004 0.005 0.007 0.969 0.004 0.005 
323    ZFI23    (0)    9 :  0.004 0.003 0.005 0.004 0.975 0.005 0.004 
324    ZFI24    (0)    9 :  0.005 0.004 0.008 0.004 0.966 0.008 0.006 
325    ZFI25    (0)    9 :  0.006 0.004 0.004 0.003 0.971 0.005 0.006 
326    ZFI26    (0)    9 :  0.006 0.003 0.006 0.004 0.970 0.004 0.007 
327    ZFI27    (0)    9 :  0.006 0.004 0.010 0.004 0.955 0.015 0.005 
328    ZFK01    (0)    9 :  0.009 0.009 0.009 0.011 0.005 0.012 0.945 
329    ZFK02    (0)   10 :  0.008 0.008 0.012 0.007 0.007 0.012 0.946 
330    ZFK03    (0)   10 :  0.010 0.008 0.011 0.017 0.006 0.009 0.940 
331    ZFK04    (0)   10 :  0.013 0.007 0.011 0.071 0.013 0.009 0.875 
332    ZFK05    (0)   10 :  0.011 0.005 0.006 0.159 0.011 0.007 0.801 
333    ZFK06    (0)   10 :  0.025 0.005 0.011 0.012 0.015 0.007 0.925 
334    ZFK07    (0)   10 :  0.008 0.008 0.013 0.018 0.003 0.012 0.938 
335    ZFK08    (0)   10 :  0.041 0.008 0.062 0.144 0.014 0.007 0.724 
336    ZFK10    (0)   10 :  0.014 0.008 0.011 0.021 0.016 0.007 0.923 
337    ZFK11    (0)   10 :  0.017 0.006 0.009 0.042 0.008 0.008 0.910 
338    ZFK12    (0)   10 :  0.008 0.011 0.044 0.009 0.003 0.010 0.914 
339    ZFK13    (0)   10 :  0.009 0.035 0.017 0.037 0.004 0.023 0.874 
340    ZFK14    (0)   10 :  0.005 0.012 0.008 0.010 0.004 0.012 0.948 
341    ZFK15    (0)   10 :  0.017 0.033 0.013 0.123 0.006 0.022 0.786 
342    ZFK16    (0)   10 :  0.010 0.015 0.015 0.014 0.003 0.014 0.929 
343   ZFLB01    (0)   11 :  0.005 0.007 0.004 0.968 0.006 0.007 0.003 
344   ZFLB02    (0)   11 :  0.064 0.004 0.009 0.890 0.027 0.004 0.003 
345   ZFLB03    (0)   11 :  0.072 0.006 0.008 0.870 0.010 0.029 0.006 
346   ZFLB04    (0)   11 :  0.008 0.015 0.005 0.777 0.013 0.175 0.007 
347   ZFLB05    (0)   11 :  0.006 0.004 0.004 0.961 0.009 0.013 0.003 
348   ZFLB06    (0)   11 :  0.007 0.006 0.004 0.963 0.004 0.005 0.011 
349   ZFLB07    (0)   11 :  0.075 0.024 0.026 0.689 0.005 0.152 0.028 
350   ZFLB08    (0)   11 :  0.033 0.004 0.010 0.920 0.023 0.006 0.004 
351   ZFLB09    (9)   11 :  0.006 0.004 0.004 0.972 0.005 0.004 0.005 
352   ZFLB10    (0)   11 :  0.005 0.004 0.003 0.974 0.005 0.006 0.004 
353   ZFLB11    (0)   11 :  0.007 0.006 0.007 0.958 0.003 0.006 0.013 
354   ZFLB12    (0)   11 :  0.007 0.003 0.003 0.975 0.004 0.004 0.005 
355   ZFLB13    (0)   11 :  0.034 0.007 0.013 0.915 0.005 0.013 0.012 
356  ZFLTI01    (0)   12 :  0.004 0.065 0.014 0.002 0.005 0.864 0.046 
357  ZFLTI02    (0)   12 :  0.004 0.021 0.007 0.002 0.005 0.923 0.037 
358  ZFLTI03    (0)   12 :  0.003 0.021 0.006 0.002 0.004 0.955 0.008 
359  ZFLTI04    (0)   12 :  0.004 0.016 0.010 0.003 0.006 0.951 0.010 
360  ZFLTI05    (0)   12 :  0.003 0.011 0.005 0.002 0.004 0.969 0.005 
361  ZFLTI06    (0)   12 :  0.003 0.183 0.005 0.003 0.005 0.794 0.007 
362  ZFLTI07    (0)   12 :  0.004 0.022 0.008 0.002 0.006 0.950 0.007 
363  ZFLTI08    (0)   12 :  0.004 0.009 0.007 0.002 0.006 0.966 0.006 
364  ZFLTI09    (0)   12 :  0.003 0.037 0.007 0.003 0.010 0.934 0.007 
365  ZFLTI10    (0)   12 :  0.004 0.058 0.006 0.002 0.008 0.907 0.015 
366  ZFLTI11    (0)   12 :  0.003 0.166 0.005 0.003 0.005 0.812 0.006 
367  ZFLTI12    (0)   12 :  0.004 0.090 0.007 0.002 0.004 0.877 0.016 
368  ZFLTI13    (0)   12 :  0.005 0.011 0.010 0.002 0.005 0.954 0.014 
369  ZFLTI14    (0)   12 :  0.004 0.010 0.005 0.002 0.005 0.942 0.030 
370 ZFONF101    (0)   13 :  0.003 0.981 0.003 0.003 0.003 0.005 0.002 
371 ZFONF102    (0)   13 :  0.006 0.972 0.004 0.008 0.004 0.004 0.003 
372 ZFONF103    (0)   13 :  0.007 0.733 0.008 0.003 0.005 0.230 0.014 
373 ZFONF104    (0)   13 :  0.002 0.982 0.002 0.002 0.002 0.005 0.003 
374 ZFONF105    (0)   13 :  0.003 0.971 0.004 0.003 0.003 0.011 0.005 
375 ZFONF106    (0)   13 :  0.003 0.978 0.002 0.002 0.005 0.006 0.004 
376 ZFONF107    (0)   13 :  0.046 0.767 0.006 0.054 0.027 0.073 0.027 
377 ZFONF108    (0)   13 :  0.012 0.849 0.005 0.012 0.008 0.086 0.029 
378 ZFONF109    (9)   13 :  0.005 0.947 0.003 0.006 0.005 0.015 0.018 
379 ZFONF110    (0)   13 :  0.003 0.978 0.003 0.002 0.003 0.008 0.004 
380 ZFONF111    (0)   13 :  0.022 0.898 0.021 0.012 0.012 0.023 0.011 
381 ZFONF112    (0)   13 :  0.003 0.975 0.003 0.002 0.003 0.009 0.005 
382 ZFONF113    (9)   13 :  0.005 0.960 0.007 0.004 0.003 0.013 0.007 
383 ZFONF115    (0)   13 :  0.005 0.962 0.004 0.003 0.006 0.012 0.007 
384 ZFONF116    (0)   13 :  0.005 0.964 0.005 0.004 0.006 0.011 0.006 
385 ZFONF117    (0)   13 :  0.005 0.566 0.006 0.004 0.005 0.405 0.009 
386 ZFONF118    (0)   13 :  0.004 0.946 0.006 0.003 0.009 0.023 0.010 
387 ZFONF119    (0)   13 :  0.004 0.968 0.005 0.005 0.003 0.006 0.009 
388 ZFONF120    (0)   13 :  0.004 0.958 0.008 0.005 0.003 0.007 0.016 
389 ZFONF121    (0)   13 :  0.004 0.973 0.005 0.004 0.003 0.007 0.005 
390 ZFONF122    (0)   13 :  0.007 0.637 0.010 0.003 0.010 0.301 0.032 
391 ZFONF123    (0)   13 :  0.012 0.935 0.004 0.033 0.005 0.005 0.006 
392 ZFONF124    (0)   13 :  0.005 0.964 0.003 0.006 0.003 0.009 0.009 
393 ZFONF125    (0)   13 :  0.026 0.884 0.009 0.035 0.005 0.015 0.026 
394 ZFONF126    (0)   13 :  0.005 0.941 0.009 0.003 0.006 0.021 0.015 
395 ZFONF201    (0)   14 :  0.030 0.781 0.007 0.055 0.053 0.006 0.068 
396 ZFONF202    (0)   14 :  0.003 0.972 0.006 0.002 0.003 0.005 0.009 
397 ZFONF203    (0)   14 :  0.008 0.947 0.028 0.003 0.003 0.005 0.006 
398 ZFONF204    (0)   14 :  0.043 0.769 0.023 0.013 0.013 0.015 0.124 
399 ZFONF206    (0)   14 :  0.202 0.727 0.019 0.019 0.015 0.007 0.011 
400 ZFONF207    (0)   14 :  0.008 0.954 0.016 0.004 0.003 0.007 0.007 
401 ZFONF208    (0)   14 :  0.006 0.947 0.013 0.003 0.004 0.012 0.014 
402 ZFONF209    (0)   14 :  0.013 0.795 0.009 0.014 0.012 0.014 0.142 
403 ZFONF210    (0)   14 :  0.003 0.970 0.004 0.002 0.002 0.011 0.008 
404 ZFONF211    (0)   14 :  0.004 0.957 0.008 0.005 0.002 0.013 0.010 
405 ZFONF212    (0)   14 :  0.003 0.977 0.004 0.002 0.002 0.008 0.003 
406 ZFONF214    (0)   14 :  0.004 0.969 0.008 0.004 0.002 0.005 0.009 
407 ZFONF215    (0)   14 :  0.003 0.979 0.004 0.002 0.002 0.005 0.005 
408 ZFONF216    (0)   14 :  0.003 0.964 0.009 0.003 0.002 0.013 0.005 
409 ZFONF217    (0)   14 :  0.003 0.972 0.005 0.003 0.003 0.007 0.008 
410 ZFONF218    (0)   14 :  0.021 0.936 0.016 0.010 0.005 0.008 0.004 
411 ZFONF219    (0)   14 :  0.004 0.981 0.003 0.002 0.002 0.004 0.004 
412 ZFONF220    (0)   14 :  0.003 0.972 0.006 0.003 0.003 0.006 0.008 
413 ZFONF222    (0)   14 :  0.010 0.937 0.020 0.011 0.003 0.010 0.008 
414 ZFONF223    (0)   14 :  0.011 0.952 0.013 0.012 0.004 0.004 0.004 
415 ZFONF224    (0)   14 :  0.004 0.970 0.008 0.002 0.003 0.008 0.005 
416 ZFONF225    (0)   14 :  0.003 0.978 0.004 0.002 0.002 0.007 0.004 
417 ZFONF226    (0)   14 :  0.004 0.967 0.011 0.003 0.002 0.007 0.007 
418 ZFONF227    (0)   14 :  0.003 0.978 0.004 0.002 0.002 0.008 0.004 
419 ZFONF228    (0)   14 :  0.003 0.970 0.004 0.002 0.003 0.014 0.004 
420 ZFONF230    (0)   14 :  0.003 0.978 0.004 0.002 0.002 0.006 0.005 
421 ZFONF231    (0)   14 :  0.003 0.958 0.008 0.003 0.002 0.010 0.015 
422 ZFONF232    (0)   14 :  0.004 0.980 0.003 0.002 0.002 0.005 0.003 
423 ZFONF233    (0)   14 :  0.005 0.971 0.005 0.003 0.002 0.006 0.008 
424 ZFONF234    (0)   14 :  0.028 0.932 0.008 0.003 0.003 0.020 0.006 
425 ZFONF235    (0)   14 :  0.004 0.971 0.005 0.002 0.002 0.009 0.007 
426 ZFONF236    (0)   14 :  0.039 0.867 0.004 0.013 0.019 0.025 0.033 
427 ZFONF238    (0)   14 :  0.007 0.962 0.014 0.002 0.003 0.006 0.005 
428 ZFONF239    (0)   14 :  0.024 0.885 0.009 0.010 0.021 0.006 0.045 
429 ZFONF240    (0)   14 :  0.003 0.966 0.004 0.002 0.002 0.011 0.013 
430 ZFONF241    (0)   14 :  0.011 0.965 0.006 0.002 0.005 0.007 0.004 
431 ZFONF242    (0)   14 :  0.005 0.967 0.006 0.002 0.003 0.007 0.010 
432 ZFONF243    (0)   14 :  0.004 0.953 0.009 0.003 0.003 0.021 0.008 
433 ZFONF244    (0)   14 :  0.003 0.974 0.005 0.003 0.002 0.006 0.007 
434 ZFONF245    (0)   14 :  0.005 0.951 0.004 0.002 0.002 0.027 0.008 
435   ZFOS01    (0)   15 :  0.005 0.016 0.008 0.003 0.004 0.018 0.946 
436   ZFOS02    (0)   15 :  0.011 0.023 0.007 0.007 0.025 0.024 0.902 
437   ZFOS03    (0)   15 :  0.008 0.008 0.008 0.021 0.009 0.007 0.939 
438   ZFOS04    (0)   15 :  0.010 0.050 0.005 0.004 0.019 0.053 0.859 
439   ZFOS05    (0)   15 :  0.007 0.028 0.008 0.003 0.007 0.024 0.922 
440   ZFOS06    (0)   15 :  0.006 0.013 0.013 0.005 0.005 0.017 0.941 
441   ZFOS07    (0)   15 :  0.005 0.005 0.004 0.004 0.016 0.006 0.960 
442   ZFOS08    (0)   15 :  0.005 0.014 0.004 0.003 0.026 0.014 0.933 
443   ZFOS09    (0)   15 :  0.017 0.063 0.012 0.011 0.018 0.032 0.848 
444   ZFOS10    (0)   15 :  0.017 0.003 0.004 0.013 0.022 0.006 0.936 
445   ZFOS11    (0)   15 :  0.104 0.012 0.008 0.006 0.015 0.194 0.661 
446   ZFOS12    (0)   15 :  0.096 0.015 0.132 0.026 0.035 0.037 0.658 
447   ZFOS13    (0)   15 :  0.007 0.010 0.014 0.004 0.011 0.013 0.939 
448   ZFOS14    (0)   15 :  0.022 0.010 0.038 0.014 0.107 0.081 0.728 
449   ZFOS15    (0)   15 :  0.005 0.003 0.004 0.003 0.006 0.005 0.975 
450   ZFOS16    (0)   15 :  0.011 0.027 0.005 0.008 0.012 0.035 0.902 
451   ZFOS17    (0)   15 :  0.005 0.004 0.006 0.006 0.006 0.006 0.966 
452   ZFOS18    (0)   15 :  0.009 0.004 0.004 0.006 0.007 0.009 0.961 
453   ZFOS19    (0)   15 :  0.005 0.004 0.009 0.004 0.004 0.005 0.970 
454   ZFOS20    (0)   15 :  0.006 0.006 0.004 0.005 0.009 0.006 0.964 
455   ZFOS21    (0)   15 :  0.005 0.012 0.004 0.006 0.006 0.018 0.949 
456   ZFOS22    (0)   15 :  0.006 0.006 0.010 0.004 0.003 0.010 0.961 
457   ZFOS23    (0)   15 :  0.038 0.002 0.014 0.015 0.170 0.004 0.756 
458   ZFOS24    (0)   15 :  0.005 0.003 0.003 0.003 0.003 0.009 0.973 
459   ZFOS25    (0)   15 :  0.016 0.035 0.027 0.006 0.021 0.462 0.433 
460   ZFOS26    (0)   15 :  0.015 0.073 0.009 0.005 0.017 0.354 0.528 
461   ZFOS27    (0)   15 :  0.007 0.020 0.004 0.006 0.007 0.022 0.934 
462   ZFOS28    (0)   15 :  0.010 0.007 0.006 0.012 0.014 0.015 0.935 
463   ZFOS29    (0)   15 :  0.006 0.010 0.004 0.009 0.009 0.010 0.951 
464   ZFOS30    (0)   15 :  0.003 0.009 0.007 0.004 0.005 0.006 0.966 
465   ZFOS31    (0)   15 :  0.008 0.023 0.171 0.005 0.024 0.019 0.749 
466   ZFOS32    (0)   15 :  0.008 0.019 0.005 0.005 0.012 0.019 0.933 
467   ZFPB01    (0)   16 :  0.005 0.003 0.003 0.978 0.003 0.003 0.004 
468   ZFPB02    (0)   16 :  0.007 0.008 0.006 0.966 0.003 0.006 0.005 
469   ZFPB03    (0)   16 :  0.006 0.006 0.002 0.967 0.003 0.009 0.008 
470   ZFPB05    (0)   16 :  0.004 0.004 0.003 0.981 0.002 0.003 0.003 
471   ZFPB06    (0)   16 :  0.005 0.003 0.003 0.976 0.004 0.003 0.006 
472   ZFPB07    (0)   16 :  0.004 0.007 0.004 0.976 0.002 0.003 0.004 
473   ZFPB08    (0)   16 :  0.008 0.006 0.003 0.967 0.004 0.005 0.007 
474   ZFPB10    (0)   16 :  0.006 0.003 0.004 0.975 0.003 0.005 0.004 
475   ZFPB11    (0)   16 :  0.006 0.004 0.006 0.974 0.003 0.003 0.005 
476   ZFPB12    (0)   16 :  0.007 0.003 0.004 0.974 0.003 0.004 0.004 
477   ZFPB13    (0)   16 :  0.005 0.005 0.002 0.978 0.003 0.004 0.003 
478   ZFPB14    (0)   16 :  0.005 0.007 0.004 0.975 0.003 0.003 0.004 
479   ZFPB15    (0)   16 :  0.005 0.007 0.003 0.973 0.003 0.004 0.006 
480   ZFPB17    (0)   16 :  0.005 0.003 0.003 0.978 0.003 0.003 0.004 
481   ZFPB18    (0)   16 :  0.006 0.004 0.004 0.977 0.002 0.003 0.004 
482   ZFPB19    (0)   16 :  0.006 0.005 0.002 0.971 0.005 0.004 0.006 
483   ZFPB20    (0)   16 :  0.004 0.002 0.002 0.984 0.003 0.002 0.003 
484   ZFPB21    (0)   16 :  0.004 0.006 0.002 0.977 0.003 0.004 0.004 
485   ZFPB22    (0)   16 :  0.005 0.002 0.003 0.982 0.003 0.003 0.003 
486   ZFPB23    (0)   16 :  0.006 0.004 0.004 0.975 0.003 0.003 0.004 
487   ZFSF01    (0)   17 :  0.057 0.003 0.095 0.003 0.833 0.004 0.005 
488   ZFSF02    (0)   17 :  0.052 0.021 0.486 0.011 0.399 0.017 0.014 
489   ZFSF03    (0)   17 :  0.136 0.004 0.092 0.013 0.746 0.003 0.005 
490   ZFSF04    (0)   17 :  0.009 0.012 0.040 0.008 0.909 0.006 0.016 
491  ZFSW101    (0)   18 :  0.010 0.072 0.012 0.008 0.875 0.015 0.008 
492  ZFSW102    (0)   18 :  0.007 0.011 0.022 0.016 0.922 0.005 0.017 
493  ZFSW103    (0)   18 :  0.010 0.021 0.012 0.004 0.920 0.027 0.006 
494  ZFSW104    (9)   18 :  0.015 0.025 0.044 0.009 0.861 0.010 0.035 
495  ZFSW105    (0)   18 :  0.005 0.037 0.007 0.004 0.933 0.007 0.007 
496  ZFSW106    (0)   18 :  0.123 0.038 0.032 0.019 0.765 0.018 0.006 
497  ZFSW107    (0)   18 :  0.007 0.012 0.008 0.059 0.902 0.005 0.008 
498  ZFSW108    (0)   18 :  0.008 0.003 0.005 0.010 0.967 0.003 0.004 
499  ZFSW109    (0)   18 :  0.005 0.006 0.005 0.007 0.966 0.005 0.006 
500  ZFSW110    (0)   18 :  0.010 0.033 0.013 0.013 0.909 0.014 0.009 
501  ZFSW111    (0)   18 :  0.014 0.169 0.017 0.022 0.734 0.010 0.034 
502  ZFSW112    (0)   18 :  0.009 0.013 0.006 0.004 0.923 0.006 0.038 
503  ZFSW113    (0)   18 :  0.034 0.052 0.097 0.008 0.766 0.026 0.016 
504  ZFSW114    (0)   18 :  0.007 0.010 0.011 0.005 0.954 0.005 0.008 
