

----------------------------------------------------
STRUCTURE by Pritchard, Stephens and Donnelly (2000)
     and Falush, Stephens and Pritchard (2003)
       Code by Pritchard, Falush and Hubisz
             Version 2.3.4 (Jul 2012)
----------------------------------------------------



Command line arguments:   bin\structure -m C:\Users\eschumacher\Documents\GitHub\GCC_QUAC_ZAIN\Data_Files\Structure_Files\ZAIN\ZAIN_rebinned_wild\50-50\mainparams -e C:\Users\eschumacher\Documents\GitHub\GCC_QUAC_ZAIN\Data_Files\Structure_Files\ZAIN\ZAIN_rebinned_wild\50-50\extraparams 
Input File:    C:\Users\eschumacher\Documents\GitHub\GCC_QUAC_ZAIN\Data_Files\Structure_Files\ZAIN\ZAIN_rebinned_wild\project_data

Run parameters:
   751 individuals
   11 loci
   8 populations assumed
   50000 Burn-in period
   50000 Reps


--------------------------------------------
Proportion of membership of each pre-defined
 population in each of the 8 clusters

Given    Inferred Clusters                                          Number of
 Pop       1      2      3      4      5      6      7      8      Individuals

  1:     0.012  0.006  0.010  0.007  0.062  0.014  0.884  0.005       35
  2:     0.008  0.032  0.860  0.056  0.008  0.005  0.005  0.025       36
  3:     0.010  0.009  0.895  0.033  0.007  0.007  0.004  0.034       33
  4:     0.006  0.937  0.011  0.007  0.009  0.010  0.011  0.009       40
  5:     0.004  0.008  0.006  0.967  0.004  0.003  0.003  0.006       39
  6:     0.647  0.032  0.057  0.024  0.080  0.024  0.106  0.030       40
  7:     0.704  0.043  0.010  0.012  0.087  0.080  0.041  0.023       37
  8:     0.004  0.006  0.921  0.038  0.006  0.003  0.004  0.017       40
  9:     0.007  0.038  0.007  0.010  0.826  0.005  0.104  0.003       28
 10:     0.015  0.908  0.013  0.009  0.008  0.015  0.025  0.008       14
 11:     0.026  0.009  0.011  0.026  0.012  0.899  0.010  0.006       13
 12:     0.005  0.017  0.084  0.866  0.007  0.002  0.003  0.014       14
 13:     0.007  0.011  0.881  0.030  0.006  0.014  0.005  0.046       25
 14:     0.005  0.008  0.014  0.007  0.007  0.006  0.005  0.948       40
 15:     0.018  0.848  0.028  0.051  0.013  0.008  0.028  0.008       32
 16:     0.003  0.003  0.003  0.003  0.003  0.979  0.003  0.003       20
 17:     0.320  0.015  0.012  0.008  0.129  0.003  0.509  0.005        4
 18:     0.036  0.015  0.052  0.008  0.728  0.005  0.140  0.016       23
 19:     0.010  0.007  0.005  0.005  0.953  0.005  0.013  0.004       39
 20:     0.009  0.006  0.005  0.004  0.011  0.013  0.949  0.004       38
 21:     0.009  0.009  0.123  0.776  0.005  0.006  0.004  0.066       45
 22:     0.010  0.017  0.503  0.413  0.005  0.021  0.005  0.026       28
 23:     0.073  0.006  0.005  0.006  0.724  0.007  0.174  0.004        6
 24:     0.872  0.011  0.012  0.019  0.020  0.004  0.025  0.037       40
 25:     0.819  0.016  0.012  0.018  0.019  0.072  0.031  0.012       42
--------------------------------------------

Allele-freq. divergence among pops (Net nucleotide distance),
computed using point estimates of P.

      1       2       3       4       5       6       7       8      
 1      -    0.0996  0.1462  0.1208  0.0944  0.2245  0.1182  0.2017  
 2   0.0996     -    0.1650  0.1221  0.1513  0.2952  0.1869  0.1812  
 3   0.1462  0.1650     -    0.1066  0.2279  0.3569  0.2459  0.1072  
 4   0.1208  0.1221  0.1066     -    0.2160  0.3617  0.2652  0.1719  
 5   0.0944  0.1513  0.2279  0.2160     -    0.3202  0.0928  0.3401  
 6   0.2245  0.2952  0.3569  0.3617  0.3202     -    0.2171  0.4378  
 7   0.1182  0.1869  0.2459  0.2652  0.0928  0.2171     -    0.3324  
 8   0.2017  0.1812  0.1072  0.1719  0.3401  0.4378  0.3324     -    

Average distances (expected heterozygosity) between individuals in same cluster:
cluster  1  : 0.5605 
cluster  2  : 0.4335 
cluster  3  : 0.4109 
cluster  4  : 0.3962 
cluster  5  : 0.4001 
cluster  6  : 0.2703 
cluster  7  : 0.5002 
cluster  8  : 0.3671 

--------------------------------------------
Estimated Ln Prob of Data   = -13947.3
Mean value of ln likelihood = -13599.3
Variance of ln likelihood   = 696.1
Mean value of alpha         = 0.0325

Mean value of Fst_1         = 0.1248
Mean value of Fst_2         = 0.4062
Mean value of Fst_3         = 0.3597
Mean value of Fst_4         = 0.4788
Mean value of Fst_5         = 0.3975
Mean value of Fst_6         = 0.5994
Mean value of Fst_7         = 0.4046
Mean value of Fst_8         = 0.4336


Inferred ancestry of individuals:
        Label (%Miss) Pop:  Inferred clusters
  1    ZFB01    (0)    1 :  0.004 0.004 0.005 0.003 0.013 0.004 0.962 0.003 
  2    ZFB02    (0)    1 :  0.005 0.008 0.003 0.003 0.011 0.007 0.960 0.003 
  3    ZFB03    (0)    1 :  0.021 0.007 0.010 0.033 0.097 0.004 0.825 0.003 
  4    ZFB04    (0)    1 :  0.004 0.004 0.004 0.003 0.008 0.007 0.968 0.002 
  5    ZFB05    (0)    1 :  0.020 0.009 0.003 0.011 0.009 0.027 0.913 0.010 
  6    ZFB06    (0)    1 :  0.020 0.007 0.003 0.011 0.010 0.017 0.922 0.009 
  7    ZFB07    (9)    1 :  0.016 0.006 0.016 0.010 0.688 0.022 0.238 0.006 
  8    ZFB08    (0)    1 :  0.013 0.009 0.007 0.008 0.076 0.003 0.881 0.005 
  9    ZFB09    (0)    1 :  0.006 0.004 0.004 0.004 0.020 0.003 0.957 0.003 
 10    ZFB10    (0)    1 :  0.004 0.006 0.013 0.004 0.006 0.004 0.958 0.004 
 11    ZFB11    (0)    1 :  0.003 0.004 0.010 0.003 0.009 0.007 0.961 0.003 
 12    ZFB12    (0)    1 :  0.006 0.003 0.005 0.009 0.016 0.006 0.951 0.003 
 13    ZFB13    (0)    1 :  0.011 0.006 0.009 0.006 0.045 0.003 0.915 0.005 
 14    ZFB14    (0)    1 :  0.006 0.008 0.009 0.004 0.080 0.003 0.887 0.003 
 15    ZFB15    (0)    1 :  0.004 0.003 0.003 0.002 0.009 0.005 0.973 0.002 
 16    ZFB16    (0)    1 :  0.005 0.003 0.004 0.003 0.009 0.004 0.970 0.003 
 17    ZFB17    (0)    1 :  0.019 0.018 0.012 0.008 0.008 0.015 0.909 0.011 
 18    ZFB18    (0)    1 :  0.005 0.006 0.005 0.003 0.016 0.003 0.960 0.003 
 19    ZFB19    (0)    1 :  0.105 0.004 0.045 0.012 0.219 0.006 0.597 0.011 
 20    ZFB20    (0)    1 :  0.004 0.003 0.003 0.003 0.007 0.006 0.972 0.002 
 21    ZFB21    (0)    1 :  0.005 0.004 0.003 0.004 0.016 0.005 0.961 0.002 
 22    ZFB22    (0)    1 :  0.011 0.009 0.012 0.008 0.007 0.018 0.925 0.011 
 23    ZFB23    (0)    1 :  0.004 0.004 0.010 0.009 0.008 0.012 0.949 0.003 
 24    ZFB24    (0)    1 :  0.003 0.003 0.005 0.003 0.006 0.009 0.967 0.003 
 25    ZFB25    (0)    1 :  0.004 0.005 0.037 0.007 0.015 0.006 0.921 0.005 
 26    ZFB26    (0)    1 :  0.003 0.005 0.014 0.006 0.006 0.017 0.945 0.004 
 27    ZFB27    (0)    1 :  0.003 0.004 0.008 0.004 0.008 0.024 0.947 0.003 
 28    ZFB28    (0)    1 :  0.012 0.008 0.009 0.016 0.065 0.025 0.862 0.003 
 29    ZFB29    (0)    1 :  0.004 0.005 0.004 0.002 0.006 0.005 0.972 0.002 
 30    ZFB30    (0)    1 :  0.050 0.004 0.005 0.008 0.029 0.165 0.722 0.017 
 31    ZFB31    (0)    1 :  0.005 0.006 0.043 0.007 0.378 0.011 0.544 0.006 
 32    ZFB32    (0)    1 :  0.018 0.020 0.020 0.029 0.067 0.014 0.828 0.004 
 33    ZFB33    (0)    1 :  0.004 0.003 0.003 0.003 0.008 0.005 0.972 0.002 
 34    ZFB34    (0)    1 :  0.008 0.008 0.005 0.005 0.174 0.003 0.795 0.003 
 35    ZFB35    (0)    1 :  0.005 0.006 0.008 0.005 0.032 0.005 0.935 0.003 
 36  ZFBP101    (0)    2 :  0.014 0.150 0.630 0.133 0.012 0.003 0.013 0.045 
 37  ZFBP102    (0)    2 :  0.015 0.020 0.895 0.022 0.013 0.003 0.019 0.013 
 38  ZFBP103    (0)    2 :  0.011 0.259 0.400 0.297 0.006 0.003 0.010 0.013 
 39  ZFBP104    (0)    2 :  0.036 0.004 0.814 0.074 0.043 0.003 0.017 0.009 
 40  ZFBP105    (0)    2 :  0.006 0.006 0.941 0.026 0.006 0.005 0.004 0.005 
 41  ZFBP106    (0)    2 :  0.004 0.008 0.931 0.038 0.004 0.003 0.003 0.010 
 42  ZFBP107    (0)    2 :  0.010 0.008 0.889 0.051 0.006 0.024 0.007 0.005 
 43  ZFBP108    (0)    2 :  0.003 0.003 0.974 0.007 0.003 0.003 0.003 0.004 
 44  ZFBP109    (0)    2 :  0.004 0.004 0.968 0.008 0.005 0.002 0.003 0.005 
 45  ZFBP110    (0)    2 :  0.039 0.039 0.637 0.196 0.060 0.003 0.018 0.006 
 46  ZFBP111    (0)    2 :  0.008 0.005 0.677 0.072 0.003 0.005 0.003 0.228 
 47  ZFBP112    (0)    2 :  0.005 0.013 0.919 0.011 0.004 0.006 0.004 0.039 
 48  ZFBP113    (0)    2 :  0.005 0.003 0.971 0.006 0.004 0.004 0.003 0.005 
 49  ZFBP114    (0)    2 :  0.005 0.007 0.953 0.012 0.003 0.010 0.003 0.007 
 50  ZFBP115    (0)    2 :  0.006 0.013 0.502 0.454 0.003 0.004 0.003 0.015 
 51  ZFBP116    (0)    2 :  0.006 0.004 0.965 0.009 0.003 0.004 0.003 0.006 
 52  ZFBP117    (0)    2 :  0.004 0.007 0.966 0.008 0.003 0.002 0.002 0.006 
 53  ZFBP118    (0)    2 :  0.005 0.005 0.954 0.010 0.003 0.012 0.003 0.008 
 54  ZFBP119    (0)    2 :  0.007 0.035 0.803 0.124 0.004 0.003 0.003 0.021 
 55  ZFBP120    (0)    2 :  0.006 0.004 0.942 0.027 0.007 0.004 0.005 0.005 
 56  ZFBP121    (0)    2 :  0.004 0.008 0.960 0.010 0.006 0.003 0.003 0.006 
 57  ZFBP122    (9)    2 :  0.005 0.005 0.961 0.009 0.004 0.003 0.003 0.010 
 58  ZFBP123    (0)    2 :  0.007 0.014 0.939 0.008 0.004 0.009 0.004 0.017 
 59  ZFBP124    (0)    2 :  0.004 0.005 0.966 0.006 0.006 0.004 0.004 0.005 
 60  ZFBP125    (0)    2 :  0.004 0.006 0.959 0.011 0.002 0.003 0.002 0.013 
 61  ZFBP126    (0)    2 :  0.023 0.027 0.911 0.006 0.008 0.003 0.015 0.007 
 62  ZFBP127    (0)    2 :  0.004 0.013 0.904 0.066 0.003 0.003 0.003 0.004 
 63  ZFBP128    (0)    2 :  0.003 0.011 0.938 0.016 0.004 0.002 0.003 0.022 
 64  ZFBP129    (0)    2 :  0.006 0.008 0.845 0.007 0.006 0.002 0.003 0.122 
 65  ZFBP130    (0)    2 :  0.005 0.019 0.900 0.014 0.002 0.003 0.002 0.054 
 66  ZFBP131    (0)    2 :  0.004 0.004 0.974 0.004 0.004 0.003 0.003 0.005 
 67  ZFBP132    (0)    2 :  0.004 0.004 0.970 0.010 0.004 0.003 0.003 0.004 
 68  ZFBP133    (0)    2 :  0.003 0.007 0.856 0.004 0.004 0.002 0.002 0.122 
 69  ZFBP134    (0)    2 :  0.005 0.045 0.751 0.174 0.004 0.003 0.003 0.014 
 70  ZFBP135    (0)    2 :  0.009 0.250 0.660 0.041 0.013 0.002 0.012 0.013 
 71  ZFBP136    (0)    2 :  0.005 0.132 0.747 0.058 0.004 0.009 0.004 0.041 
 72  ZFBP201    (0)    3 :  0.007 0.006 0.956 0.010 0.005 0.007 0.004 0.005 
 73  ZFBP202    (0)    3 :  0.004 0.004 0.958 0.012 0.008 0.003 0.003 0.008 
 74  ZFBP203    (0)    3 :  0.024 0.005 0.861 0.008 0.006 0.063 0.012 0.021 
 75  ZFBP204    (0)    3 :  0.006 0.018 0.889 0.051 0.005 0.005 0.004 0.021 
 76  ZFBP205    (0)    3 :  0.004 0.008 0.962 0.004 0.003 0.005 0.003 0.011 
 77  ZFBP206    (0)    3 :  0.006 0.016 0.898 0.006 0.006 0.008 0.004 0.057 
 78  ZFBP207    (0)    3 :  0.005 0.010 0.766 0.198 0.005 0.004 0.003 0.008 
 79  ZFBP208    (0)    3 :  0.008 0.007 0.949 0.005 0.004 0.014 0.004 0.010 
 80  ZFBP209    (0)    3 :  0.003 0.007 0.904 0.004 0.004 0.002 0.002 0.073 
 81  ZFBP210    (0)    3 :  0.007 0.005 0.947 0.010 0.006 0.009 0.004 0.011 
 82  ZFBP211    (0)    3 :  0.004 0.005 0.964 0.010 0.006 0.003 0.004 0.005 
 83  ZFBP212    (0)    3 :  0.004 0.003 0.934 0.042 0.006 0.003 0.004 0.005 
 84  ZFBP213    (0)    3 :  0.007 0.014 0.932 0.009 0.014 0.005 0.005 0.014 
 85  ZFBP214    (0)    3 :  0.017 0.047 0.767 0.035 0.029 0.005 0.004 0.096 
 86  ZFBP215    (0)    3 :  0.004 0.006 0.968 0.007 0.004 0.003 0.003 0.007 
 87  ZFBP216    (0)    3 :  0.013 0.005 0.951 0.010 0.005 0.007 0.004 0.005 
 88  ZFBP217    (0)    3 :  0.010 0.007 0.661 0.074 0.012 0.005 0.004 0.227 
 89  ZFBP218    (0)    3 :  0.004 0.003 0.968 0.005 0.003 0.003 0.002 0.011 
 90  ZFBP219    (0)    3 :  0.005 0.003 0.972 0.005 0.003 0.004 0.003 0.004 
 91  ZFBP220    (0)    3 :  0.005 0.016 0.913 0.023 0.003 0.003 0.003 0.034 
 92  ZFBP221    (0)    3 :  0.004 0.003 0.952 0.022 0.005 0.004 0.003 0.007 
 93  ZFBP222    (0)    3 :  0.005 0.008 0.960 0.004 0.005 0.005 0.004 0.009 
 94  ZFBP223    (0)    3 :  0.006 0.008 0.796 0.160 0.010 0.006 0.004 0.010 
 95  ZFBP224    (0)    3 :  0.005 0.007 0.962 0.007 0.006 0.004 0.003 0.005 
 96  ZFBP225    (0)    3 :  0.012 0.013 0.461 0.124 0.004 0.010 0.004 0.372 
 97  ZFBP226    (0)    3 :  0.004 0.004 0.970 0.006 0.004 0.004 0.003 0.005 
 98  ZFBP227    (0)    3 :  0.124 0.007 0.777 0.035 0.031 0.004 0.015 0.007 
 99  ZFBP228    (0)    3 :  0.004 0.017 0.813 0.148 0.005 0.003 0.003 0.007 
100  ZFBP229    (0)    3 :  0.004 0.006 0.955 0.007 0.003 0.003 0.002 0.019 
101  ZFBP230    (0)    3 :  0.006 0.023 0.904 0.028 0.004 0.004 0.003 0.028 
102  ZFBP231    (0)    3 :  0.005 0.005 0.962 0.009 0.006 0.004 0.003 0.005 
103  ZFBP232    (0)    3 :  0.003 0.004 0.972 0.005 0.003 0.003 0.003 0.007 
104  ZFBP233    (0)    3 :  0.005 0.006 0.946 0.013 0.007 0.004 0.004 0.015 
105   ZFCC01    (0)    4 :  0.004 0.962 0.004 0.004 0.014 0.003 0.005 0.004 
106   ZFCC03    (0)    4 :  0.003 0.970 0.004 0.006 0.007 0.002 0.003 0.005 
107   ZFCC04    (0)    4 :  0.004 0.969 0.004 0.004 0.005 0.003 0.003 0.007 
108   ZFCC05    (0)    4 :  0.005 0.958 0.005 0.009 0.009 0.004 0.004 0.006 
109   ZFCC08    (0)    4 :  0.004 0.953 0.009 0.007 0.008 0.002 0.002 0.015 
110   ZFCC09    (0)    4 :  0.003 0.969 0.004 0.005 0.009 0.003 0.003 0.004 
111   ZFCC10    (0)    4 :  0.004 0.954 0.005 0.004 0.022 0.004 0.004 0.004 
112   ZFCC11    (0)    4 :  0.004 0.966 0.005 0.006 0.008 0.003 0.003 0.004 
113   ZFCC12    (0)    4 :  0.012 0.900 0.006 0.008 0.018 0.004 0.048 0.004 
114   ZFCC13    (0)    4 :  0.007 0.947 0.009 0.011 0.004 0.009 0.004 0.009 
115   ZFCC14    (0)    4 :  0.004 0.954 0.010 0.004 0.009 0.005 0.006 0.008 
116   ZFCC15    (0)    4 :  0.007 0.965 0.005 0.005 0.005 0.005 0.005 0.005 
117   ZFCC16    (0)    4 :  0.004 0.970 0.004 0.004 0.006 0.003 0.005 0.005 
118   ZFCC17    (0)    4 :  0.004 0.968 0.003 0.004 0.005 0.006 0.006 0.003 
119   ZFCC18    (0)    4 :  0.004 0.967 0.004 0.005 0.007 0.003 0.003 0.006 
120   ZFCC19    (0)    4 :  0.007 0.967 0.003 0.003 0.005 0.007 0.004 0.004 
121   ZFCC20    (0)    4 :  0.005 0.969 0.004 0.007 0.004 0.002 0.004 0.006 
122   ZFCC21    (0)    4 :  0.015 0.892 0.029 0.007 0.011 0.007 0.004 0.035 
123   ZFCC22    (0)    4 :  0.005 0.737 0.172 0.019 0.010 0.006 0.004 0.047 
124   ZFCC26    (0)    4 :  0.004 0.972 0.003 0.005 0.005 0.002 0.004 0.004 
125   ZFCC27    (0)    4 :  0.003 0.975 0.003 0.005 0.004 0.003 0.003 0.004 
126   ZFCC29    (0)    4 :  0.006 0.962 0.004 0.005 0.010 0.003 0.004 0.005 
127   ZFCC30    (0)    4 :  0.004 0.973 0.003 0.006 0.003 0.003 0.003 0.005 
128   ZFCC32    (0)    4 :  0.007 0.960 0.004 0.006 0.006 0.006 0.005 0.006 
129   ZFCC33    (0)    4 :  0.005 0.968 0.003 0.005 0.007 0.004 0.005 0.003 
130   ZFCC34    (0)    4 :  0.005 0.859 0.041 0.039 0.013 0.008 0.020 0.015 
131   ZFCC35    (0)    4 :  0.003 0.976 0.004 0.004 0.004 0.003 0.002 0.004 
132   ZFCC36    (0)    4 :  0.008 0.944 0.008 0.006 0.004 0.014 0.005 0.010 
133   ZFCC37    (0)    4 :  0.015 0.896 0.009 0.008 0.025 0.004 0.037 0.005 
134   ZFCC40    (0)    4 :  0.003 0.963 0.006 0.003 0.007 0.009 0.005 0.003 
135   ZFCC42    (0)    4 :  0.019 0.516 0.006 0.029 0.032 0.207 0.181 0.010 
136   ZFCC44    (0)    4 :  0.003 0.974 0.003 0.005 0.003 0.005 0.003 0.003 
137   ZFCC45    (9)    4 :  0.010 0.937 0.006 0.006 0.014 0.015 0.009 0.004 
138   ZFCC46    (0)    4 :  0.004 0.942 0.009 0.013 0.004 0.004 0.002 0.022 
139   ZFCC47    (0)    4 :  0.005 0.933 0.005 0.005 0.019 0.003 0.022 0.007 
140   ZFCC48    (0)    4 :  0.005 0.921 0.021 0.005 0.009 0.004 0.003 0.032 
141   ZFCC50    (0)    4 :  0.004 0.974 0.003 0.004 0.005 0.003 0.004 0.003 
142   ZFCC51    (0)    4 :  0.004 0.972 0.003 0.006 0.005 0.002 0.004 0.004 
143   ZFCC52    (0)    4 :  0.004 0.957 0.009 0.005 0.004 0.006 0.005 0.010 
144   ZFCC53    (0)    4 :  0.003 0.976 0.003 0.004 0.005 0.003 0.003 0.004 
145  ZFCNS01    (0)    5 :  0.009 0.006 0.004 0.965 0.003 0.007 0.003 0.003 
146  ZFCNS02    (0)    5 :  0.003 0.008 0.005 0.970 0.004 0.002 0.003 0.005 
147  ZFCNS05    (0)    5 :  0.004 0.009 0.006 0.962 0.006 0.003 0.004 0.006 
148  ZFCNS06    (0)    5 :  0.003 0.010 0.005 0.966 0.004 0.003 0.003 0.006 
149  ZFCNS07    (0)    5 :  0.004 0.005 0.010 0.957 0.004 0.003 0.003 0.015 
150  ZFCNS10    (0)    5 :  0.003 0.004 0.004 0.975 0.003 0.003 0.003 0.005 
151  ZFCNS11    (0)    5 :  0.005 0.005 0.004 0.972 0.003 0.004 0.003 0.004 
152  ZFCNS15    (0)    5 :  0.004 0.004 0.012 0.966 0.004 0.003 0.003 0.005 
153  ZFCNS17    (0)    5 :  0.003 0.011 0.005 0.966 0.003 0.003 0.003 0.005 
154  ZFCNS18    (0)    5 :  0.003 0.005 0.004 0.975 0.003 0.003 0.003 0.004 
155  ZFCNS19    (0)    5 :  0.004 0.006 0.003 0.974 0.004 0.003 0.003 0.004 
156  ZFCNS20    (0)    5 :  0.004 0.007 0.009 0.958 0.004 0.003 0.003 0.012 
157  ZFCNS21    (0)    5 :  0.003 0.006 0.003 0.977 0.003 0.003 0.002 0.003 
158  ZFCNS22    (0)    5 :  0.005 0.006 0.011 0.961 0.005 0.003 0.003 0.006 
159  ZFCNS23    (0)    5 :  0.009 0.026 0.006 0.919 0.007 0.012 0.007 0.014 
160  ZFCNS24    (0)    5 :  0.004 0.017 0.004 0.962 0.003 0.003 0.003 0.005 
161  ZFCNS25    (0)    5 :  0.003 0.009 0.007 0.964 0.003 0.003 0.003 0.008 
162  ZFCNS26    (0)    5 :  0.004 0.004 0.005 0.973 0.004 0.003 0.003 0.005 
163  ZFCNS27    (0)    5 :  0.004 0.004 0.014 0.963 0.004 0.003 0.003 0.006 
164  ZFCNS28    (0)    5 :  0.003 0.006 0.005 0.969 0.005 0.003 0.004 0.005 
165  ZFCNS29    (0)    5 :  0.004 0.011 0.007 0.963 0.004 0.003 0.003 0.005 
166  ZFCNS30    (0)    5 :  0.004 0.008 0.004 0.971 0.005 0.002 0.003 0.003 
167  ZFCNS31    (0)    5 :  0.004 0.004 0.004 0.974 0.003 0.003 0.003 0.005 
168  ZFCNS32    (0)    5 :  0.003 0.006 0.004 0.971 0.004 0.002 0.003 0.005 
169  ZFCNS33    (0)    5 :  0.004 0.005 0.003 0.975 0.004 0.002 0.003 0.005 
170  ZFCNS34    (0)    5 :  0.004 0.018 0.005 0.958 0.004 0.003 0.003 0.005 
171  ZFCNS35    (0)    5 :  0.003 0.005 0.004 0.971 0.007 0.003 0.003 0.005 
172  ZFCNS36    (0)    5 :  0.004 0.028 0.005 0.948 0.003 0.003 0.003 0.007 
173  ZFCNS37    (0)    5 :  0.004 0.005 0.004 0.974 0.004 0.003 0.003 0.003 
174  ZFCNS39    (0)    5 :  0.003 0.007 0.004 0.973 0.003 0.003 0.002 0.006 
175  ZFCNS40    (0)    5 :  0.004 0.020 0.005 0.950 0.003 0.003 0.002 0.013 
176  ZFCNS41    (0)    5 :  0.007 0.009 0.010 0.957 0.005 0.004 0.004 0.004 
177  ZFCNS42    (0)    5 :  0.003 0.005 0.005 0.975 0.003 0.003 0.002 0.004 
178  ZFCNS43    (0)    5 :  0.003 0.008 0.003 0.974 0.003 0.003 0.002 0.003 
179  ZFCNS44    (0)    5 :  0.003 0.006 0.004 0.976 0.003 0.003 0.002 0.003 
180  ZFCNS46    (0)    5 :  0.004 0.006 0.005 0.972 0.004 0.002 0.003 0.004 
181  ZFCNS47    (0)    5 :  0.004 0.006 0.004 0.975 0.004 0.002 0.002 0.004 
182  ZFCNS48    (0)    5 :  0.004 0.005 0.005 0.972 0.003 0.003 0.003 0.004 
183  ZFCNS49    (0)    5 :  0.003 0.003 0.007 0.974 0.004 0.003 0.003 0.004 
184   ZFCR01    (0)    6 :  0.532 0.017 0.040 0.003 0.286 0.008 0.088 0.026 
185   ZFCR02    (0)    6 :  0.678 0.041 0.034 0.010 0.007 0.013 0.187 0.030 
186   ZFCR03    (0)    6 :  0.392 0.089 0.065 0.006 0.203 0.037 0.175 0.034 
187   ZFCR04    (0)    6 :  0.043 0.020 0.030 0.022 0.751 0.080 0.017 0.037 
188   ZFCR05    (0)    6 :  0.881 0.022 0.004 0.003 0.048 0.008 0.029 0.005 
189   ZFCR06    (0)    6 :  0.563 0.023 0.111 0.111 0.107 0.004 0.043 0.037 
190   ZFCR07    (0)    6 :  0.878 0.014 0.009 0.044 0.037 0.006 0.008 0.004 
191   ZFCR08    (0)    6 :  0.422 0.196 0.027 0.010 0.156 0.061 0.065 0.063 
192   ZFCR09    (0)    6 :  0.094 0.050 0.133 0.062 0.128 0.105 0.394 0.034 
193   ZFCR11    (0)    6 :  0.727 0.010 0.035 0.064 0.081 0.006 0.076 0.003 
194   ZFCR12    (0)    6 :  0.730 0.013 0.030 0.175 0.017 0.005 0.004 0.028 
195   ZFCR13    (0)    6 :  0.870 0.006 0.090 0.009 0.012 0.004 0.004 0.006 
196   ZFCR14    (0)    6 :  0.927 0.012 0.008 0.006 0.010 0.006 0.021 0.011 
197   ZFCR15    (0)    6 :  0.717 0.022 0.028 0.011 0.122 0.020 0.015 0.065 
198   ZFCR16    (0)    6 :  0.832 0.008 0.022 0.005 0.014 0.004 0.086 0.029 
199   ZFCR18    (0)    6 :  0.224 0.066 0.031 0.016 0.055 0.006 0.589 0.013 
200   ZFCR19    (0)    6 :  0.060 0.013 0.015 0.005 0.009 0.004 0.530 0.364 
201   ZFCR20    (0)    6 :  0.260 0.023 0.143 0.009 0.180 0.005 0.356 0.025 
202   ZFCR21    (0)    6 :  0.925 0.018 0.013 0.006 0.020 0.003 0.006 0.009 
203   ZFCR22    (0)    6 :  0.926 0.005 0.009 0.005 0.004 0.003 0.027 0.021 
204   ZFCR23    (0)    6 :  0.681 0.004 0.210 0.014 0.010 0.032 0.043 0.007 
205   ZFCR24    (9)    6 :  0.288 0.010 0.537 0.006 0.062 0.006 0.084 0.007 
206   ZFCR25    (0)    6 :  0.953 0.007 0.004 0.003 0.013 0.003 0.015 0.003 
207   ZFCR26    (0)    6 :  0.795 0.019 0.021 0.007 0.013 0.003 0.119 0.022 
208   ZFCR27    (9)    6 :  0.885 0.005 0.003 0.003 0.033 0.005 0.063 0.003 
209   ZFCR28    (0)    6 :  0.635 0.011 0.185 0.027 0.017 0.011 0.004 0.110 
210   ZFCR29    (0)    6 :  0.799 0.012 0.016 0.005 0.076 0.004 0.080 0.008 
211   ZFCR30    (0)    6 :  0.957 0.005 0.005 0.006 0.010 0.005 0.006 0.006 
212   ZFCR31    (0)    6 :  0.122 0.020 0.136 0.177 0.059 0.014 0.443 0.030 
213   ZFCR33    (0)    6 :  0.848 0.034 0.007 0.011 0.047 0.025 0.018 0.010 
214   ZFCR34    (0)    6 :  0.805 0.021 0.051 0.030 0.027 0.020 0.025 0.022 
215   ZFCR35    (0)    6 :  0.225 0.045 0.013 0.013 0.428 0.016 0.249 0.011 
216   ZFCR36    (0)    6 :  0.760 0.008 0.010 0.015 0.018 0.012 0.171 0.006 
217   ZFCR37    (0)    6 :  0.911 0.033 0.004 0.004 0.020 0.007 0.017 0.004 
218   ZFCR38    (0)    6 :  0.871 0.036 0.006 0.006 0.034 0.009 0.029 0.008 
219   ZFCR39    (0)    6 :  0.230 0.220 0.056 0.010 0.024 0.330 0.072 0.058 
220   ZFCR40    (0)    6 :  0.838 0.030 0.012 0.008 0.016 0.057 0.034 0.005 
221   ZFCR41    (0)    6 :  0.899 0.033 0.010 0.028 0.011 0.003 0.005 0.012 
222   ZFCR42    (0)    6 :  0.871 0.036 0.023 0.017 0.008 0.014 0.012 0.019 
223   ZFCR43    (0)    6 :  0.825 0.005 0.094 0.006 0.014 0.005 0.044 0.006 
224  ZFENP25    (0)    7 :  0.874 0.019 0.010 0.004 0.069 0.006 0.007 0.011 
225  ZFENP26    (0)    7 :  0.942 0.005 0.003 0.004 0.013 0.018 0.011 0.003 
226  ZFENP27    (0)    7 :  0.264 0.391 0.013 0.059 0.165 0.026 0.071 0.010 
227  ZFENP28    (0)    7 :  0.911 0.011 0.004 0.006 0.029 0.019 0.016 0.004 
228  ZFENP29    (0)    7 :  0.962 0.007 0.004 0.004 0.005 0.007 0.007 0.003 
229  ZFENP30    (0)    7 :  0.871 0.062 0.005 0.005 0.010 0.031 0.010 0.006 
230  ZFENP31    (0)    7 :  0.201 0.088 0.013 0.009 0.138 0.439 0.104 0.007 
231  ZFENP32    (0)    7 :  0.208 0.032 0.017 0.027 0.390 0.224 0.094 0.008 
232  ZFENP33    (0)    7 :  0.890 0.007 0.006 0.006 0.062 0.014 0.012 0.003 
233  ZFENP34    (0)    7 :  0.105 0.047 0.013 0.017 0.775 0.012 0.021 0.009 
234  ZFENP35    (0)    7 :  0.726 0.006 0.008 0.016 0.012 0.210 0.017 0.005 
235  ZFENP36    (0)    7 :  0.931 0.004 0.003 0.006 0.016 0.024 0.013 0.002 
236  ZFENP37    (0)    7 :  0.463 0.010 0.007 0.009 0.379 0.119 0.010 0.003 
237  ZFENP38    (0)    7 :  0.942 0.013 0.005 0.010 0.010 0.010 0.006 0.004 
238  ZFENP39    (0)    7 :  0.904 0.011 0.003 0.004 0.031 0.024 0.019 0.003 
239  ZFENP40    (0)    7 :  0.759 0.013 0.009 0.006 0.077 0.098 0.033 0.004 
240  ZFENP41    (0)    7 :  0.658 0.147 0.006 0.008 0.030 0.124 0.017 0.009 
241  ZFENP42    (0)    7 :  0.667 0.005 0.003 0.004 0.005 0.308 0.005 0.004 
242  ZFENP43    (0)    7 :  0.864 0.036 0.006 0.051 0.016 0.012 0.010 0.004 
243  ZFENP44    (0)    7 :  0.661 0.048 0.016 0.039 0.020 0.203 0.010 0.003 
244  ZFENP45    (0)    7 :  0.383 0.025 0.031 0.015 0.013 0.186 0.016 0.330 
245  ZFENP46    (0)    7 :  0.922 0.003 0.008 0.012 0.023 0.019 0.010 0.003 
246  ZFENP47    (0)    7 :  0.098 0.202 0.010 0.004 0.044 0.326 0.163 0.153 
247  ZFENP48    (0)    7 :  0.173 0.105 0.029 0.015 0.600 0.026 0.025 0.028 
248  ZFENP49    (0)    7 :  0.793 0.029 0.015 0.007 0.019 0.006 0.117 0.014 
249  ZFENP50    (0)    7 :  0.882 0.004 0.033 0.008 0.006 0.043 0.017 0.007 
250  ZFENP51    (0)    7 :  0.297 0.013 0.004 0.007 0.032 0.067 0.504 0.076 
251  ZFENP52    (0)    7 :  0.937 0.016 0.004 0.018 0.003 0.014 0.004 0.003 
252  ZFENP53    (0)    7 :  0.899 0.007 0.022 0.012 0.007 0.032 0.007 0.014 
253  ZFENP54    (0)    7 :  0.878 0.025 0.041 0.008 0.008 0.011 0.019 0.010 
254  ZFENP55    (0)    7 :  0.930 0.004 0.005 0.004 0.014 0.006 0.034 0.004 
255  ZFENP56    (0)    7 :  0.947 0.006 0.003 0.008 0.009 0.008 0.015 0.004 
256  ZFENP57    (0)    7 :  0.823 0.005 0.004 0.009 0.042 0.102 0.011 0.002 
257  ZFENP58    (0)    7 :  0.813 0.053 0.007 0.013 0.011 0.006 0.018 0.078 
258  ZFENP59    (0)    7 :  0.712 0.098 0.005 0.006 0.030 0.120 0.025 0.004 
259  ZFENP60    (0)    7 :  0.831 0.011 0.007 0.005 0.070 0.031 0.034 0.010 
260  ZFENP61    (0)    7 :  0.911 0.014 0.003 0.003 0.032 0.014 0.021 0.002 
261 ZFFDSP01    (0)    8 :  0.004 0.005 0.934 0.029 0.006 0.003 0.003 0.017 
262 ZFFDSP02    (0)    8 :  0.004 0.005 0.972 0.006 0.004 0.002 0.002 0.006 
263 ZFFDSP04    (0)    8 :  0.003 0.004 0.960 0.005 0.006 0.002 0.003 0.016 
264 ZFFDSP05    (0)    8 :  0.004 0.004 0.953 0.018 0.004 0.003 0.003 0.010 
265 ZFFDSP06    (0)    8 :  0.003 0.006 0.966 0.005 0.004 0.002 0.002 0.012 
266 ZFFDSP07    (0)    8 :  0.006 0.017 0.929 0.005 0.004 0.006 0.004 0.030 
267 ZFFDSP08    (0)    8 :  0.006 0.014 0.886 0.018 0.003 0.005 0.003 0.065 
268 ZFFDSP10    (0)    8 :  0.005 0.005 0.956 0.010 0.004 0.003 0.004 0.012 
269 ZFFDSP11    (0)    8 :  0.005 0.004 0.967 0.005 0.005 0.003 0.004 0.007 
270 ZFFDSP12    (0)    8 :  0.004 0.004 0.969 0.006 0.003 0.003 0.002 0.009 
271 ZFFDSP13    (0)    8 :  0.009 0.016 0.510 0.446 0.004 0.004 0.004 0.006 
272 ZFFDSP14    (0)    8 :  0.004 0.008 0.952 0.005 0.004 0.003 0.003 0.021 
273 ZFFDSP16    (0)    8 :  0.007 0.006 0.954 0.013 0.008 0.004 0.004 0.004 
274 ZFFDSP17    (0)    8 :  0.005 0.005 0.964 0.007 0.005 0.002 0.003 0.010 
275 ZFFDSP18    (0)    8 :  0.003 0.006 0.955 0.006 0.008 0.002 0.004 0.016 
276 ZFFDSP19    (0)    8 :  0.004 0.018 0.888 0.061 0.008 0.002 0.003 0.016 
277 ZFFDSP21    (0)    8 :  0.004 0.014 0.861 0.106 0.004 0.003 0.002 0.005 
278 ZFFDSP22    (0)    8 :  0.004 0.006 0.897 0.006 0.003 0.002 0.002 0.079 
279 ZFFDSP23    (0)    8 :  0.004 0.004 0.826 0.025 0.003 0.002 0.003 0.134 
280 ZFFDSP24    (0)    8 :  0.004 0.005 0.936 0.036 0.005 0.003 0.003 0.008 
281 ZFFDSP26    (9)    8 :  0.004 0.005 0.953 0.014 0.004 0.003 0.003 0.015 
282 ZFFDSP27    (0)    8 :  0.003 0.004 0.963 0.012 0.005 0.002 0.003 0.007 
283 ZFFDSP28    (0)    8 :  0.013 0.012 0.868 0.010 0.046 0.008 0.036 0.008 
284 ZFFDSP30    (0)    8 :  0.005 0.007 0.730 0.206 0.027 0.008 0.008 0.009 
285 ZFFDSP31    (0)    8 :  0.004 0.006 0.962 0.011 0.007 0.002 0.003 0.006 
286 ZFFDSP32    (0)    8 :  0.003 0.004 0.971 0.007 0.004 0.003 0.002 0.006 
287 ZFFDSP33    (0)    8 :  0.003 0.003 0.973 0.007 0.003 0.003 0.002 0.006 
288 ZFFDSP34    (0)    8 :  0.003 0.007 0.962 0.009 0.004 0.002 0.002 0.011 
289 ZFFDSP35    (0)    8 :  0.004 0.005 0.959 0.015 0.005 0.002 0.003 0.007 
290 ZFFDSP37    (0)    8 :  0.003 0.004 0.969 0.009 0.005 0.002 0.003 0.004 
291 ZFFDSP38    (0)    8 :  0.003 0.005 0.967 0.008 0.005 0.003 0.004 0.005 
292 ZFFDSP39    (0)    8 :  0.003 0.003 0.925 0.051 0.003 0.003 0.003 0.009 
293 ZFFDSP40    (0)    8 :  0.003 0.003 0.944 0.034 0.005 0.002 0.003 0.005 
294 ZFFDSP42    (0)    8 :  0.004 0.005 0.913 0.020 0.004 0.002 0.003 0.050 
295 ZFFDSP43    (0)    8 :  0.003 0.004 0.961 0.014 0.004 0.002 0.003 0.009 
296 ZFFDSP44    (0)    8 :  0.004 0.004 0.952 0.022 0.005 0.003 0.004 0.006 
297 ZFFDSP45    (0)    8 :  0.004 0.005 0.964 0.012 0.004 0.002 0.003 0.006 
298 ZFFDSP46    (0)    8 :  0.004 0.005 0.960 0.013 0.005 0.002 0.003 0.008 
299 ZFFDSP47    (0)    8 :  0.004 0.004 0.816 0.149 0.004 0.003 0.003 0.017 
300 ZFFDSP48    (0)    8 :  0.004 0.004 0.900 0.075 0.004 0.002 0.003 0.006 
301    ZFI01    (0)    9 :  0.007 0.007 0.004 0.005 0.930 0.008 0.036 0.003 
302    ZFI02    (0)    9 :  0.009 0.004 0.009 0.013 0.422 0.004 0.534 0.005 
303    ZFI03    (0)    9 :  0.004 0.004 0.003 0.005 0.970 0.003 0.008 0.002 
304    ZFI04    (0)    9 :  0.008 0.005 0.004 0.005 0.802 0.005 0.168 0.003 
305    ZFI05    (0)    9 :  0.007 0.004 0.005 0.011 0.949 0.005 0.015 0.003 
306    ZFI06    (0)    9 :  0.008 0.004 0.010 0.032 0.892 0.005 0.045 0.003 
307    ZFI07    (0)    9 :  0.005 0.004 0.003 0.004 0.963 0.004 0.013 0.003 
308    ZFI08    (0)    9 :  0.012 0.006 0.003 0.004 0.626 0.004 0.342 0.003 
309    ZFI09    (0)    9 :  0.008 0.004 0.004 0.005 0.898 0.004 0.075 0.002 
310    ZFI10    (0)    9 :  0.009 0.003 0.007 0.032 0.858 0.009 0.077 0.004 
311    ZFI11    (0)    9 :  0.006 0.005 0.003 0.006 0.784 0.004 0.191 0.002 
312    ZFI12    (0)    9 :  0.005 0.004 0.003 0.006 0.970 0.003 0.005 0.003 
313    ZFI13    (0)    9 :  0.005 0.005 0.003 0.005 0.966 0.005 0.008 0.002 
314    ZFI14    (0)    9 :  0.005 0.007 0.027 0.015 0.910 0.008 0.022 0.006 
315    ZFI15    (0)    9 :  0.006 0.004 0.004 0.004 0.945 0.003 0.031 0.003 
316    ZFI16    (0)    9 :  0.003 0.003 0.003 0.004 0.978 0.002 0.004 0.002 
317    ZFI17    (0)    9 :  0.006 0.003 0.003 0.006 0.948 0.007 0.025 0.002 
318    ZFI18    (0)    9 :  0.005 0.003 0.003 0.005 0.955 0.009 0.019 0.002 
319    ZFI19    (9)    9 :  0.006 0.004 0.003 0.004 0.902 0.003 0.075 0.002 
320    ZFI20    (0)    9 :  0.006 0.004 0.009 0.008 0.945 0.011 0.013 0.004 
321    ZFI21    (0)    9 :  0.011 0.005 0.034 0.037 0.717 0.010 0.182 0.004 
322    ZFI22    (0)    9 :  0.007 0.008 0.009 0.006 0.133 0.003 0.828 0.005 
323    ZFI23    (0)    9 :  0.004 0.004 0.003 0.005 0.973 0.003 0.006 0.002 
324    ZFI24    (0)    9 :  0.005 0.004 0.003 0.005 0.970 0.003 0.006 0.003 
325    ZFI25    (0)    9 :  0.008 0.005 0.005 0.005 0.797 0.003 0.172 0.004 
326    ZFI26    (0)    9 :  0.005 0.005 0.003 0.003 0.971 0.003 0.008 0.002 
327    ZFI27    (0)    9 :  0.007 0.005 0.004 0.013 0.958 0.003 0.008 0.003 
328    ZFK01    (0)    9 :  0.011 0.943 0.009 0.012 0.005 0.007 0.007 0.006 
329    ZFK02    (0)   10 :  0.011 0.943 0.009 0.012 0.006 0.004 0.009 0.006 
330    ZFK03    (0)   10 :  0.010 0.940 0.009 0.008 0.006 0.009 0.012 0.006 
331    ZFK04    (0)   10 :  0.010 0.891 0.007 0.007 0.011 0.009 0.060 0.005 
332    ZFK05    (0)   10 :  0.008 0.893 0.005 0.006 0.010 0.027 0.047 0.003 
333    ZFK06    (0)   10 :  0.016 0.919 0.006 0.006 0.017 0.006 0.026 0.004 
334    ZFK07    (0)   10 :  0.008 0.945 0.008 0.009 0.004 0.012 0.006 0.008 
335    ZFK08    (0)   10 :  0.067 0.796 0.011 0.006 0.010 0.011 0.092 0.007 
336    ZFK10    (0)   10 :  0.012 0.904 0.008 0.007 0.014 0.006 0.045 0.005 
337    ZFK11    (0)   10 :  0.010 0.931 0.007 0.007 0.007 0.023 0.011 0.004 
338    ZFK12    (0)   10 :  0.017 0.931 0.012 0.010 0.004 0.006 0.005 0.015 
339    ZFK13    (0)   10 :  0.009 0.890 0.034 0.013 0.004 0.028 0.006 0.015 
340    ZFK14    (0)   10 :  0.006 0.938 0.012 0.012 0.004 0.013 0.005 0.010 
341    ZFK15    (0)   10 :  0.013 0.873 0.028 0.011 0.006 0.041 0.020 0.007 
342    ZFK16    (0)   10 :  0.010 0.915 0.021 0.016 0.004 0.019 0.004 0.011 
343   ZFLB01    (0)   11 :  0.008 0.005 0.019 0.014 0.007 0.929 0.011 0.009 
344   ZFLB02    (0)   11 :  0.009 0.002 0.004 0.004 0.015 0.958 0.006 0.003 
345   ZFLB03    (0)   11 :  0.008 0.004 0.004 0.012 0.007 0.959 0.003 0.003 
346   ZFLB04    (0)   11 :  0.010 0.014 0.033 0.151 0.033 0.726 0.018 0.014 
347   ZFLB05    (0)   11 :  0.008 0.004 0.010 0.017 0.008 0.928 0.019 0.005 
348   ZFLB06    (0)   11 :  0.010 0.014 0.012 0.009 0.005 0.932 0.010 0.009 
349   ZFLB07    (0)   11 :  0.200 0.020 0.022 0.080 0.024 0.623 0.016 0.015 
350   ZFLB08    (0)   11 :  0.010 0.004 0.004 0.007 0.020 0.940 0.011 0.003 
351   ZFLB09    (9)   11 :  0.006 0.007 0.005 0.004 0.007 0.955 0.012 0.003 
352   ZFLB10    (0)   11 :  0.004 0.004 0.003 0.004 0.006 0.968 0.008 0.003 
353   ZFLB11    (0)   11 :  0.005 0.008 0.004 0.004 0.003 0.965 0.005 0.005 
354   ZFLB12    (0)   11 :  0.005 0.005 0.003 0.003 0.005 0.971 0.005 0.002 
355   ZFLB13    (0)   11 :  0.053 0.019 0.026 0.034 0.018 0.836 0.009 0.004 
356  ZFLTI01    (0)   12 :  0.007 0.058 0.168 0.728 0.005 0.002 0.004 0.028 
357  ZFLTI02    (0)   12 :  0.005 0.042 0.025 0.901 0.007 0.002 0.003 0.014 
358  ZFLTI03    (0)   12 :  0.004 0.008 0.021 0.943 0.005 0.002 0.002 0.013 
359  ZFLTI04    (0)   12 :  0.006 0.010 0.034 0.930 0.007 0.002 0.004 0.007 
360  ZFLTI05    (0)   12 :  0.004 0.006 0.018 0.956 0.005 0.002 0.002 0.005 
361  ZFLTI06    (0)   12 :  0.004 0.007 0.159 0.792 0.006 0.003 0.003 0.026 
362  ZFLTI07    (0)   12 :  0.006 0.008 0.125 0.841 0.008 0.002 0.004 0.006 
363  ZFLTI08    (0)   12 :  0.005 0.006 0.012 0.956 0.010 0.002 0.003 0.006 
364  ZFLTI09    (0)   12 :  0.005 0.008 0.116 0.844 0.014 0.003 0.003 0.007 
365  ZFLTI10    (0)   12 :  0.005 0.017 0.346 0.609 0.009 0.002 0.003 0.007 
366  ZFLTI11    (0)   12 :  0.004 0.006 0.062 0.880 0.007 0.003 0.003 0.035 
367  ZFLTI12    (0)   12 :  0.005 0.020 0.063 0.873 0.007 0.002 0.003 0.027 
368  ZFLTI13    (0)   12 :  0.006 0.015 0.013 0.945 0.005 0.002 0.003 0.011 
369  ZFLTI14    (0)   12 :  0.005 0.032 0.018 0.926 0.009 0.002 0.003 0.005 
370 ZFONF101    (0)   13 :  0.003 0.002 0.977 0.004 0.003 0.002 0.002 0.007 
371 ZFONF102    (0)   13 :  0.008 0.003 0.929 0.004 0.005 0.016 0.008 0.027 
372 ZFONF103    (0)   13 :  0.007 0.014 0.876 0.072 0.007 0.003 0.003 0.019 
373 ZFONF104    (0)   13 :  0.002 0.004 0.948 0.005 0.003 0.002 0.002 0.033 
374 ZFONF105    (0)   13 :  0.004 0.005 0.831 0.021 0.003 0.003 0.003 0.131 
375 ZFONF106    (0)   13 :  0.002 0.004 0.973 0.005 0.005 0.002 0.003 0.007 
376 ZFONF107    (0)   13 :  0.020 0.016 0.824 0.016 0.018 0.084 0.014 0.009 
377 ZFONF108    (0)   13 :  0.006 0.019 0.924 0.018 0.007 0.013 0.004 0.008 
378 ZFONF109    (9)   13 :  0.004 0.016 0.920 0.013 0.006 0.008 0.003 0.029 
379 ZFONF110    (0)   13 :  0.003 0.005 0.962 0.007 0.002 0.002 0.002 0.016 
380 ZFONF111    (0)   13 :  0.029 0.009 0.885 0.013 0.015 0.020 0.013 0.017 
381 ZFONF112    (0)   13 :  0.003 0.006 0.755 0.014 0.010 0.003 0.003 0.206 
382 ZFONF113    (9)   13 :  0.005 0.006 0.958 0.011 0.003 0.005 0.003 0.009 
383 ZFONF115    (0)   13 :  0.004 0.007 0.945 0.010 0.007 0.003 0.003 0.021 
384 ZFONF116    (0)   13 :  0.005 0.005 0.942 0.009 0.007 0.003 0.004 0.025 
385 ZFONF117    (0)   13 :  0.006 0.010 0.548 0.379 0.005 0.003 0.004 0.046 
386 ZFONF118    (0)   13 :  0.004 0.009 0.941 0.020 0.008 0.002 0.003 0.012 
387 ZFONF119    (0)   13 :  0.004 0.011 0.944 0.006 0.003 0.007 0.004 0.022 
388 ZFONF120    (0)   13 :  0.005 0.026 0.889 0.007 0.003 0.006 0.003 0.060 
389 ZFONF121    (0)   13 :  0.004 0.005 0.836 0.008 0.004 0.004 0.004 0.134 
390 ZFONF122    (0)   13 :  0.007 0.020 0.871 0.079 0.009 0.003 0.003 0.009 
391 ZFONF123    (0)   13 :  0.008 0.006 0.852 0.004 0.004 0.072 0.010 0.044 
392 ZFONF124    (0)   13 :  0.004 0.008 0.942 0.007 0.003 0.008 0.003 0.024 
393 ZFONF125    (0)   13 :  0.022 0.035 0.614 0.010 0.005 0.080 0.010 0.223 
394 ZFONF126    (0)   13 :  0.006 0.014 0.946 0.014 0.006 0.002 0.003 0.008 
395 ZFONF201    (0)   14 :  0.013 0.031 0.089 0.013 0.107 0.039 0.050 0.658 
396 ZFONF202    (0)   14 :  0.004 0.009 0.042 0.005 0.004 0.002 0.003 0.932 
397 ZFONF203    (0)   14 :  0.005 0.007 0.008 0.004 0.004 0.003 0.003 0.966 
398 ZFONF204    (0)   14 :  0.009 0.029 0.006 0.006 0.009 0.009 0.006 0.928 
399 ZFONF206    (0)   14 :  0.016 0.009 0.006 0.003 0.010 0.019 0.010 0.926 
400 ZFONF207    (0)   14 :  0.004 0.004 0.006 0.005 0.004 0.004 0.003 0.970 
401 ZFONF208    (0)   14 :  0.005 0.008 0.056 0.013 0.005 0.004 0.004 0.905 
402 ZFONF209    (0)   14 :  0.007 0.028 0.009 0.010 0.013 0.009 0.010 0.913 
403 ZFONF210    (0)   14 :  0.003 0.004 0.009 0.009 0.003 0.003 0.002 0.967 
404 ZFONF211    (0)   14 :  0.010 0.013 0.030 0.021 0.004 0.018 0.006 0.898 
405 ZFONF212    (0)   14 :  0.003 0.003 0.011 0.008 0.003 0.002 0.003 0.968 
406 ZFONF214    (0)   14 :  0.007 0.007 0.038 0.005 0.003 0.006 0.004 0.931 
407 ZFONF215    (0)   14 :  0.003 0.005 0.016 0.005 0.003 0.002 0.002 0.964 
408 ZFONF216    (0)   14 :  0.003 0.004 0.004 0.005 0.002 0.003 0.002 0.976 
409 ZFONF217    (0)   14 :  0.003 0.005 0.035 0.005 0.003 0.004 0.003 0.942 
410 ZFONF218    (0)   14 :  0.007 0.003 0.005 0.005 0.003 0.009 0.004 0.963 
411 ZFONF219    (0)   14 :  0.003 0.003 0.005 0.003 0.002 0.002 0.002 0.982 
412 ZFONF220    (0)   14 :  0.003 0.006 0.026 0.005 0.004 0.003 0.003 0.950 
413 ZFONF222    (0)   14 :  0.005 0.004 0.003 0.004 0.003 0.009 0.004 0.968 
414 ZFONF223    (0)   14 :  0.006 0.004 0.007 0.003 0.004 0.008 0.005 0.962 
415 ZFONF224    (0)   14 :  0.003 0.003 0.004 0.004 0.002 0.002 0.002 0.980 
416 ZFONF225    (0)   14 :  0.003 0.004 0.008 0.004 0.002 0.002 0.002 0.976 
417 ZFONF226    (0)   14 :  0.004 0.006 0.007 0.005 0.003 0.003 0.003 0.969 
418 ZFONF227    (0)   14 :  0.002 0.003 0.005 0.004 0.002 0.002 0.002 0.981 
419 ZFONF228    (0)   14 :  0.005 0.005 0.011 0.014 0.006 0.004 0.004 0.953 
420 ZFONF230    (0)   14 :  0.003 0.004 0.014 0.004 0.002 0.002 0.002 0.969 
421 ZFONF231    (0)   14 :  0.005 0.006 0.008 0.005 0.002 0.004 0.003 0.966 
422 ZFONF232    (0)   14 :  0.003 0.003 0.008 0.004 0.003 0.002 0.002 0.976 
423 ZFONF233    (0)   14 :  0.003 0.004 0.005 0.004 0.003 0.003 0.002 0.976 
424 ZFONF234    (0)   14 :  0.018 0.013 0.013 0.017 0.006 0.007 0.005 0.923 
425 ZFONF235    (0)   14 :  0.003 0.003 0.005 0.003 0.002 0.002 0.002 0.980 
426 ZFONF236    (0)   14 :  0.014 0.024 0.013 0.025 0.029 0.014 0.016 0.864 
427 ZFONF238    (0)   14 :  0.005 0.005 0.007 0.004 0.004 0.002 0.002 0.971 
428 ZFONF239    (0)   14 :  0.005 0.012 0.004 0.004 0.009 0.005 0.005 0.957 
429 ZFONF240    (0)   14 :  0.002 0.006 0.005 0.004 0.002 0.002 0.002 0.977 
430 ZFONF241    (0)   14 :  0.006 0.005 0.015 0.014 0.012 0.004 0.006 0.937 
431 ZFONF242    (0)   14 :  0.003 0.006 0.007 0.004 0.002 0.002 0.002 0.974 
432 ZFONF243    (0)   14 :  0.003 0.004 0.006 0.011 0.003 0.003 0.003 0.967 
433 ZFONF244    (0)   14 :  0.003 0.005 0.007 0.004 0.002 0.003 0.002 0.974 
434 ZFONF245    (0)   14 :  0.003 0.005 0.005 0.007 0.002 0.002 0.002 0.974 
435   ZFOS01    (0)   15 :  0.006 0.935 0.022 0.018 0.004 0.003 0.003 0.009 
436   ZFOS02    (0)   15 :  0.011 0.859 0.044 0.028 0.033 0.006 0.011 0.009 
437   ZFOS03    (0)   15 :  0.009 0.898 0.010 0.006 0.009 0.054 0.010 0.005 
438   ZFOS04    (0)   15 :  0.007 0.808 0.103 0.042 0.020 0.005 0.009 0.007 
439   ZFOS05    (0)   15 :  0.007 0.903 0.039 0.024 0.008 0.003 0.005 0.011 
440   ZFOS06    (0)   15 :  0.010 0.928 0.012 0.020 0.005 0.006 0.006 0.014 
441   ZFOS07    (0)   15 :  0.005 0.948 0.007 0.006 0.019 0.003 0.009 0.003 
442   ZFOS08    (0)   15 :  0.005 0.907 0.019 0.019 0.035 0.003 0.006 0.005 
443   ZFOS09    (0)   15 :  0.017 0.796 0.110 0.022 0.016 0.016 0.014 0.009 
444   ZFOS10    (0)   15 :  0.009 0.918 0.003 0.010 0.022 0.012 0.024 0.002 
445   ZFOS11    (0)   15 :  0.084 0.643 0.018 0.214 0.012 0.005 0.018 0.007 
446   ZFOS12    (0)   15 :  0.200 0.614 0.030 0.037 0.024 0.019 0.067 0.009 
447   ZFOS13    (0)   15 :  0.010 0.928 0.015 0.014 0.017 0.004 0.008 0.004 
448   ZFOS14    (0)   15 :  0.025 0.526 0.011 0.200 0.008 0.007 0.217 0.006 
449   ZFOS15    (0)   15 :  0.004 0.971 0.003 0.006 0.006 0.003 0.004 0.003 
450   ZFOS16    (0)   15 :  0.009 0.871 0.045 0.036 0.011 0.007 0.013 0.009 
451   ZFOS17    (0)   15 :  0.006 0.961 0.004 0.005 0.007 0.005 0.007 0.005 
452   ZFOS18    (0)   15 :  0.008 0.954 0.005 0.010 0.008 0.007 0.005 0.003 
453   ZFOS19    (0)   15 :  0.006 0.969 0.004 0.005 0.004 0.004 0.004 0.004 
454   ZFOS20    (0)   15 :  0.005 0.954 0.007 0.006 0.007 0.005 0.008 0.007 
455   ZFOS21    (0)   15 :  0.005 0.935 0.020 0.018 0.005 0.005 0.008 0.004 
456   ZFOS22    (0)   15 :  0.007 0.961 0.006 0.009 0.003 0.005 0.003 0.005 
457   ZFOS23    (0)   15 :  0.019 0.689 0.003 0.008 0.009 0.008 0.262 0.002 
458   ZFOS24    (0)   15 :  0.005 0.968 0.004 0.010 0.004 0.003 0.003 0.003 
459   ZFOS25    (0)   15 :  0.018 0.394 0.018 0.505 0.031 0.006 0.009 0.019 
460   ZFOS26    (0)   15 :  0.014 0.462 0.210 0.272 0.023 0.005 0.007 0.008 
