

----------------------------------------------------
STRUCTURE by Pritchard, Stephens and Donnelly (2000)
     and Falush, Stephens and Pritchard (2003)
       Code by Pritchard, Falush and Hubisz
             Version 2.3.4 (Jul 2012)
----------------------------------------------------



Command line arguments:   bin\structure -m C:\Users\eschumacher\Documents\GitHub\GCC_QUAC_ZAIN\Data_Files\Structure_Files\ZAIN\ZAIN_rebinned_wild\50-50\mainparams -e C:\Users\eschumacher\Documents\GitHub\GCC_QUAC_ZAIN\Data_Files\Structure_Files\ZAIN\ZAIN_rebinned_wild\50-50\extraparams 
Input File:    C:\Users\eschumacher\Documents\GitHub\GCC_QUAC_ZAIN\Data_Files\Structure_Files\ZAIN\ZAIN_rebinned_wild\project_data

Run parameters:
   751 individuals
   11 loci
   6 populations assumed
   50000 Burn-in period
   50000 Reps


--------------------------------------------
Proportion of membership of each pre-defined
 population in each of the 6 clusters

Given    Inferred Clusters                            Number of
 Pop       1      2      3      4      5      6      Individuals

  1:     0.041  0.014  0.007  0.007  0.925  0.006       35
  2:     0.006  0.009  0.030  0.794  0.009  0.152       36
  3:     0.006  0.012  0.009  0.866  0.006  0.101       33
  4:     0.022  0.005  0.946  0.012  0.007  0.008       40
  5:     0.003  0.004  0.009  0.006  0.004  0.975       39
  6:     0.047  0.696  0.029  0.059  0.142  0.027       40
  7:     0.106  0.748  0.042  0.022  0.068  0.013       37
  8:     0.004  0.005  0.007  0.850  0.008  0.126       40
  9:     0.008  0.006  0.039  0.004  0.934  0.009       28
 10:     0.052  0.015  0.900  0.013  0.009  0.012       14
 11:     0.927  0.014  0.008  0.008  0.009  0.034       13
 12:     0.003  0.005  0.015  0.058  0.006  0.914       14
 13:     0.009  0.007  0.011  0.913  0.006  0.053       25
 14:     0.006  0.015  0.017  0.946  0.006  0.010       40
 15:     0.008  0.020  0.882  0.017  0.022  0.051       32
 16:     0.980  0.004  0.005  0.005  0.003  0.004       20
 17:     0.007  0.244  0.011  0.010  0.719  0.008        4
 18:     0.016  0.028  0.014  0.033  0.899  0.010       23
 19:     0.006  0.013  0.009  0.005  0.961  0.006       39
 20:     0.902  0.011  0.007  0.006  0.070  0.005       38
 21:     0.005  0.009  0.009  0.111  0.005  0.862       45
 22:     0.015  0.011  0.017  0.379  0.006  0.572       28
 23:     0.009  0.030  0.008  0.005  0.941  0.007        6
 24:     0.006  0.923  0.011  0.022  0.018  0.021       40
 25:     0.088  0.835  0.014  0.019  0.022  0.022       42
--------------------------------------------

Allele-freq. divergence among pops (Net nucleotide distance),
computed using point estimates of P.

      1       2       3       4       5       6      
 1      -    0.1255  0.2045  0.2687  0.1538  0.2669  
 2   0.1255     -    0.0960  0.1388  0.0918  0.1125  
 3   0.2045  0.0960     -    0.1496  0.1495  0.1177  
 4   0.2687  0.1388  0.1496     -    0.2294  0.0886  
 5   0.1538  0.0918  0.1495  0.2294     -    0.2100  
 6   0.2669  0.1125  0.1177  0.0886  0.2100     -    

Average distances (expected heterozygosity) between individuals in same cluster:
cluster  1  : 0.4333 
cluster  2  : 0.5658 
cluster  3  : 0.4358 
cluster  4  : 0.4375 
cluster  5  : 0.4712 
cluster  6  : 0.4152 

--------------------------------------------
Estimated Ln Prob of Data   = -14570.4
Mean value of ln likelihood = -14301.0
Variance of ln likelihood   = 538.7
Mean value of alpha         = 0.0329

Mean value of Fst_1         = 0.4106
Mean value of Fst_2         = 0.1058
Mean value of Fst_3         = 0.4070
Mean value of Fst_4         = 0.3017
Mean value of Fst_5         = 0.3391
Mean value of Fst_6         = 0.4527


Inferred ancestry of individuals:
        Label (%Miss) Pop:  Inferred clusters
  1    ZFB01    (0)    1 :  0.008 0.004 0.004 0.004 0.977 0.003 
  2    ZFB02    (0)    1 :  0.051 0.007 0.008 0.003 0.928 0.002 
  3    ZFB03    (0)    1 :  0.004 0.007 0.005 0.004 0.973 0.008 
  4    ZFB04    (0)    1 :  0.057 0.005 0.006 0.004 0.925 0.003 
  5    ZFB05    (0)    1 :  0.194 0.064 0.010 0.006 0.718 0.008 
  6    ZFB06    (0)    1 :  0.101 0.064 0.007 0.006 0.813 0.008 
  7    ZFB07    (9)    1 :  0.010 0.008 0.004 0.007 0.965 0.006 
  8    ZFB08    (0)    1 :  0.005 0.010 0.006 0.006 0.968 0.006 
  9    ZFB09    (0)    1 :  0.004 0.005 0.003 0.003 0.982 0.003 
 10    ZFB10    (0)    1 :  0.010 0.005 0.007 0.016 0.957 0.006 
 11    ZFB11    (0)    1 :  0.020 0.004 0.007 0.007 0.958 0.003 
 12    ZFB12    (0)    1 :  0.033 0.023 0.004 0.008 0.923 0.008 
 13    ZFB13    (0)    1 :  0.007 0.012 0.005 0.009 0.962 0.005 
 14    ZFB14    (0)    1 :  0.004 0.005 0.005 0.004 0.978 0.004 
 15    ZFB15    (0)    1 :  0.013 0.005 0.003 0.003 0.974 0.003 
 16    ZFB16    (0)    1 :  0.014 0.007 0.003 0.005 0.966 0.004 
 17    ZFB17    (0)    1 :  0.034 0.025 0.024 0.013 0.896 0.007 
 18    ZFB18    (0)    1 :  0.004 0.004 0.004 0.004 0.981 0.003 
 19    ZFB19    (0)    1 :  0.009 0.025 0.004 0.023 0.925 0.014 
 20    ZFB20    (0)    1 :  0.033 0.008 0.004 0.005 0.945 0.004 
 21    ZFB21    (0)    1 :  0.011 0.005 0.003 0.003 0.975 0.003 
 22    ZFB22    (0)    1 :  0.069 0.012 0.009 0.012 0.890 0.008 
 23    ZFB23    (0)    1 :  0.035 0.006 0.006 0.006 0.942 0.005 
 24    ZFB24    (0)    1 :  0.043 0.005 0.006 0.006 0.937 0.004 
 25    ZFB25    (0)    1 :  0.007 0.004 0.004 0.014 0.964 0.007 
 26    ZFB26    (0)    1 :  0.095 0.006 0.008 0.013 0.871 0.007 
 27    ZFB27    (0)    1 :  0.099 0.004 0.005 0.006 0.882 0.004 
 28    ZFB28    (0)    1 :  0.122 0.032 0.014 0.006 0.819 0.007 
 29    ZFB29    (0)    1 :  0.021 0.006 0.008 0.004 0.959 0.003 
 30    ZFB30    (0)    1 :  0.223 0.038 0.004 0.010 0.716 0.010 
 31    ZFB31    (0)    1 :  0.006 0.004 0.005 0.011 0.968 0.006 
 32    ZFB32    (0)    1 :  0.074 0.045 0.035 0.011 0.824 0.011 
 33    ZFB33    (0)    1 :  0.011 0.005 0.003 0.003 0.975 0.003 
 34    ZFB34    (0)    1 :  0.004 0.005 0.004 0.003 0.981 0.003 
 35    ZFB35    (0)    1 :  0.010 0.005 0.005 0.005 0.970 0.005 
 36  ZFBP101    (0)    2 :  0.011 0.019 0.110 0.660 0.015 0.185 
 37  ZFBP102    (0)    2 :  0.017 0.015 0.023 0.872 0.022 0.052 
 38  ZFBP103    (0)    2 :  0.010 0.012 0.241 0.201 0.010 0.526 
 39  ZFBP104    (0)    2 :  0.012 0.037 0.004 0.516 0.051 0.380 
 40  ZFBP105    (0)    2 :  0.006 0.008 0.006 0.685 0.008 0.286 
 41  ZFBP106    (0)    2 :  0.003 0.005 0.008 0.819 0.004 0.161 
 42  ZFBP107    (0)    2 :  0.027 0.014 0.011 0.433 0.007 0.507 
 43  ZFBP108    (0)    2 :  0.003 0.004 0.003 0.973 0.004 0.013 
 44  ZFBP109    (0)    2 :  0.002 0.005 0.004 0.968 0.005 0.016 
 45  ZFBP110    (0)    2 :  0.010 0.038 0.063 0.125 0.054 0.710 
 46  ZFBP111    (0)    2 :  0.003 0.004 0.004 0.958 0.002 0.028 
 47  ZFBP112    (0)    2 :  0.006 0.005 0.007 0.968 0.004 0.010 
 48  ZFBP113    (0)    2 :  0.004 0.006 0.004 0.972 0.005 0.010 
 49  ZFBP114    (0)    2 :  0.009 0.005 0.010 0.940 0.004 0.032 
 50  ZFBP115    (0)    2 :  0.004 0.006 0.008 0.305 0.003 0.673 
 51  ZFBP116    (0)    2 :  0.004 0.007 0.004 0.959 0.003 0.022 
 52  ZFBP117    (0)    2 :  0.003 0.005 0.008 0.969 0.003 0.013 
 53  ZFBP118    (0)    2 :  0.009 0.005 0.006 0.966 0.003 0.010 
 54  ZFBP119    (0)    2 :  0.003 0.009 0.037 0.656 0.004 0.292 
 55  ZFBP120    (0)    2 :  0.006 0.008 0.005 0.693 0.009 0.280 
 56  ZFBP121    (0)    2 :  0.003 0.006 0.012 0.933 0.007 0.038 
 57  ZFBP122    (9)    2 :  0.004 0.005 0.005 0.960 0.004 0.022 
 58  ZFBP123    (0)    2 :  0.006 0.006 0.012 0.962 0.004 0.010 
 59  ZFBP124    (0)    2 :  0.004 0.005 0.006 0.957 0.009 0.019 
 60  ZFBP125    (0)    2 :  0.003 0.004 0.006 0.967 0.003 0.019 
 61  ZFBP126    (0)    2 :  0.015 0.029 0.036 0.894 0.013 0.013 
 62  ZFBP127    (0)    2 :  0.003 0.005 0.025 0.598 0.005 0.364 
 63  ZFBP128    (0)    2 :  0.002 0.003 0.006 0.972 0.005 0.011 
 64  ZFBP129    (0)    2 :  0.003 0.005 0.009 0.970 0.006 0.007 
 65  ZFBP130    (0)    2 :  0.003 0.004 0.008 0.972 0.002 0.010 
 66  ZFBP131    (0)    2 :  0.004 0.005 0.004 0.978 0.004 0.005 
 67  ZFBP132    (0)    2 :  0.003 0.004 0.005 0.956 0.005 0.027 
 68  ZFBP133    (0)    2 :  0.002 0.003 0.006 0.982 0.003 0.004 
 69  ZFBP134    (0)    2 :  0.004 0.006 0.052 0.384 0.004 0.549 
 70  ZFBP135    (0)    2 :  0.007 0.012 0.273 0.595 0.023 0.090 
 71  ZFBP136    (0)    2 :  0.007 0.006 0.059 0.866 0.004 0.059 
 72  ZFBP201    (0)    3 :  0.008 0.008 0.006 0.948 0.007 0.023 
 73  ZFBP202    (0)    3 :  0.003 0.006 0.005 0.951 0.008 0.027 
 74  ZFBP203    (0)    3 :  0.036 0.024 0.005 0.921 0.005 0.009 
 75  ZFBP204    (0)    3 :  0.005 0.008 0.020 0.786 0.005 0.176 
 76  ZFBP205    (0)    3 :  0.005 0.005 0.007 0.977 0.003 0.004 
 77  ZFBP206    (0)    3 :  0.006 0.005 0.011 0.967 0.004 0.006 
 78  ZFBP207    (0)    3 :  0.004 0.005 0.016 0.405 0.005 0.565 
 79  ZFBP208    (0)    3 :  0.011 0.010 0.007 0.961 0.004 0.006 
 80  ZFBP209    (0)    3 :  0.002 0.003 0.005 0.982 0.003 0.005 
 81  ZFBP210    (0)    3 :  0.009 0.007 0.005 0.954 0.005 0.019 
 82  ZFBP211    (0)    3 :  0.004 0.005 0.007 0.958 0.007 0.018 
 83  ZFBP212    (0)    3 :  0.004 0.004 0.003 0.560 0.006 0.423 
 84  ZFBP213    (0)    3 :  0.006 0.008 0.016 0.947 0.011 0.013 
 85  ZFBP214    (0)    3 :  0.005 0.014 0.042 0.884 0.013 0.042 
 86  ZFBP215    (0)    3 :  0.003 0.004 0.006 0.973 0.005 0.009 
 87  ZFBP216    (0)    3 :  0.009 0.020 0.007 0.908 0.006 0.051 
 88  ZFBP217    (0)    3 :  0.003 0.006 0.006 0.950 0.006 0.028 
 89  ZFBP218    (0)    3 :  0.003 0.004 0.003 0.981 0.003 0.006 
 90  ZFBP219    (0)    3 :  0.004 0.006 0.003 0.974 0.003 0.010 
 91  ZFBP220    (0)    3 :  0.004 0.005 0.009 0.955 0.003 0.025 
 92  ZFBP221    (0)    3 :  0.003 0.005 0.003 0.876 0.005 0.109 
 93  ZFBP222    (0)    3 :  0.005 0.005 0.008 0.973 0.005 0.005 
 94  ZFBP223    (0)    3 :  0.007 0.009 0.013 0.295 0.008 0.667 
 95  ZFBP224    (0)    3 :  0.005 0.008 0.007 0.961 0.006 0.013 
 96  ZFBP225    (0)    3 :  0.005 0.007 0.010 0.930 0.003 0.046 
 97  ZFBP226    (0)    3 :  0.005 0.006 0.004 0.962 0.004 0.018 
 98  ZFBP227    (0)    3 :  0.017 0.160 0.007 0.561 0.028 0.227 
 99  ZFBP228    (0)    3 :  0.003 0.005 0.015 0.272 0.005 0.701 
100  ZFBP229    (0)    3 :  0.003 0.005 0.006 0.971 0.003 0.012 
101  ZFBP230    (0)    3 :  0.004 0.006 0.013 0.944 0.004 0.029 
102  ZFBP231    (0)    3 :  0.004 0.007 0.006 0.958 0.007 0.019 
103  ZFBP232    (0)    3 :  0.003 0.003 0.004 0.978 0.004 0.008 
104  ZFBP233    (0)    3 :  0.004 0.007 0.006 0.957 0.007 0.019 
105   ZFCC01    (0)    4 :  0.005 0.004 0.972 0.004 0.011 0.004 
106   ZFCC03    (0)    4 :  0.003 0.003 0.980 0.004 0.005 0.006 
107   ZFCC04    (0)    4 :  0.003 0.004 0.978 0.004 0.005 0.004 
108   ZFCC05    (0)    4 :  0.004 0.005 0.972 0.005 0.007 0.007 
109   ZFCC08    (0)    4 :  0.002 0.004 0.968 0.013 0.005 0.007 
110   ZFCC09    (0)    4 :  0.003 0.004 0.978 0.004 0.006 0.005 
111   ZFCC10    (0)    4 :  0.004 0.004 0.970 0.005 0.014 0.004 
112   ZFCC11    (0)    4 :  0.003 0.004 0.976 0.005 0.006 0.005 
113   ZFCC12    (0)    4 :  0.048 0.010 0.912 0.005 0.018 0.008 
114   ZFCC13    (0)    4 :  0.008 0.007 0.962 0.009 0.003 0.010 
115   ZFCC14    (0)    4 :  0.005 0.005 0.968 0.008 0.010 0.005 
116   ZFCC15    (0)    4 :  0.005 0.007 0.973 0.005 0.005 0.006 
117   ZFCC16    (0)    4 :  0.005 0.005 0.978 0.004 0.005 0.004 
118   ZFCC17    (0)    4 :  0.008 0.004 0.976 0.003 0.006 0.004 
119   ZFCC18    (0)    4 :  0.004 0.004 0.975 0.005 0.006 0.006 
120   ZFCC19    (0)    4 :  0.007 0.007 0.975 0.003 0.005 0.004 
121   ZFCC20    (0)    4 :  0.003 0.004 0.977 0.004 0.004 0.007 
122   ZFCC21    (0)    4 :  0.005 0.014 0.932 0.035 0.006 0.007 
123   ZFCC22    (0)    4 :  0.005 0.004 0.788 0.173 0.006 0.023 
124   ZFCC26    (0)    4 :  0.004 0.004 0.979 0.004 0.005 0.004 
125   ZFCC27    (0)    4 :  0.003 0.004 0.981 0.004 0.004 0.004 
126   ZFCC29    (0)    4 :  0.004 0.006 0.972 0.004 0.008 0.005 
127   ZFCC30    (0)    4 :  0.003 0.004 0.981 0.004 0.003 0.006 
128   ZFCC32    (0)    4 :  0.007 0.007 0.970 0.005 0.005 0.006 
129   ZFCC33    (0)    4 :  0.004 0.005 0.976 0.004 0.006 0.005 
130   ZFCC34    (0)    4 :  0.013 0.007 0.888 0.035 0.019 0.038 
131   ZFCC35    (0)    4 :  0.003 0.003 0.982 0.004 0.003 0.004 
132   ZFCC36    (0)    4 :  0.011 0.007 0.962 0.009 0.004 0.007 
133   ZFCC37    (0)    4 :  0.047 0.015 0.901 0.008 0.020 0.009 
134   ZFCC40    (0)    4 :  0.006 0.004 0.974 0.005 0.007 0.004 
135   ZFCC42    (0)    4 :  0.562 0.009 0.356 0.008 0.012 0.052 
136   ZFCC44    (0)    4 :  0.004 0.003 0.982 0.003 0.003 0.005 
137   ZFCC45    (9)    4 :  0.014 0.009 0.955 0.004 0.012 0.006 
138   ZFCC46    (0)    4 :  0.004 0.004 0.965 0.011 0.003 0.013 
139   ZFCC47    (0)    4 :  0.028 0.005 0.940 0.005 0.016 0.005 
140   ZFCC48    (0)    4 :  0.003 0.006 0.949 0.030 0.006 0.006 
141   ZFCC50    (0)    4 :  0.004 0.004 0.980 0.003 0.005 0.004 
142   ZFCC51    (0)    4 :  0.003 0.003 0.980 0.003 0.005 0.005 
143   ZFCC52    (0)    4 :  0.006 0.004 0.969 0.010 0.004 0.007 
144   ZFCC53    (0)    4 :  0.003 0.003 0.983 0.003 0.004 0.004 
145  ZFCNS01    (0)    5 :  0.005 0.008 0.005 0.003 0.003 0.975 
146  ZFCNS02    (0)    5 :  0.003 0.004 0.009 0.005 0.004 0.975 
147  ZFCNS05    (0)    5 :  0.003 0.004 0.009 0.006 0.005 0.973 
148  ZFCNS06    (0)    5 :  0.003 0.003 0.011 0.006 0.004 0.972 
149  ZFCNS07    (0)    5 :  0.003 0.004 0.005 0.010 0.004 0.974 
150  ZFCNS10    (0)    5 :  0.003 0.003 0.005 0.005 0.003 0.982 
151  ZFCNS11    (0)    5 :  0.004 0.005 0.006 0.004 0.003 0.979 
152  ZFCNS15    (0)    5 :  0.003 0.004 0.004 0.008 0.004 0.977 
153  ZFCNS17    (0)    5 :  0.003 0.003 0.012 0.005 0.003 0.974 
154  ZFCNS18    (0)    5 :  0.003 0.003 0.005 0.005 0.003 0.982 
155  ZFCNS19    (0)    5 :  0.003 0.004 0.008 0.004 0.004 0.978 
156  ZFCNS20    (0)    5 :  0.003 0.004 0.009 0.010 0.003 0.970 
157  ZFCNS21    (0)    5 :  0.002 0.003 0.007 0.003 0.003 0.981 
158  ZFCNS22    (0)    5 :  0.003 0.004 0.007 0.008 0.005 0.973 
159  ZFCNS23    (0)    5 :  0.009 0.008 0.021 0.007 0.005 0.949 
160  ZFCNS24    (0)    5 :  0.003 0.003 0.020 0.005 0.003 0.965 
161  ZFCNS25    (0)    5 :  0.003 0.004 0.010 0.008 0.003 0.972 
162  ZFCNS26    (0)    5 :  0.003 0.003 0.003 0.005 0.004 0.982 
163  ZFCNS27    (0)    5 :  0.003 0.004 0.004 0.011 0.003 0.975 
164  ZFCNS28    (0)    5 :  0.003 0.003 0.007 0.005 0.005 0.977 
165  ZFCNS29    (0)    5 :  0.003 0.004 0.010 0.006 0.004 0.973 
166  ZFCNS30    (0)    5 :  0.003 0.004 0.010 0.004 0.004 0.976 
167  ZFCNS31    (0)    5 :  0.003 0.003 0.005 0.004 0.003 0.981 
168  ZFCNS32    (0)    5 :  0.003 0.004 0.007 0.005 0.004 0.978 
169  ZFCNS33    (0)    5 :  0.003 0.003 0.005 0.005 0.004 0.980 
170  ZFCNS34    (0)    5 :  0.003 0.004 0.022 0.005 0.004 0.961 
171  ZFCNS35    (0)    5 :  0.003 0.004 0.005 0.005 0.004 0.979 
172  ZFCNS36    (0)    5 :  0.003 0.004 0.043 0.006 0.003 0.942 
173  ZFCNS37    (0)    5 :  0.003 0.004 0.006 0.004 0.004 0.979 
174  ZFCNS39    (0)    5 :  0.002 0.004 0.008 0.004 0.002 0.979 
175  ZFCNS40    (0)    5 :  0.003 0.004 0.025 0.007 0.003 0.958 
176  ZFCNS41    (0)    5 :  0.004 0.007 0.009 0.006 0.004 0.969 
177  ZFCNS42    (0)    5 :  0.003 0.003 0.005 0.004 0.003 0.982 
178  ZFCNS43    (0)    5 :  0.002 0.003 0.010 0.004 0.003 0.977 
179  ZFCNS44    (0)    5 :  0.003 0.003 0.006 0.004 0.002 0.982 
180  ZFCNS46    (0)    5 :  0.003 0.004 0.006 0.005 0.004 0.979 
181  ZFCNS47    (0)    5 :  0.003 0.003 0.006 0.004 0.003 0.981 
182  ZFCNS48    (0)    5 :  0.003 0.004 0.005 0.005 0.004 0.979 
183  ZFCNS49    (0)    5 :  0.003 0.003 0.003 0.005 0.003 0.983 
184   ZFCR01    (0)    6 :  0.026 0.428 0.014 0.056 0.469 0.006 
185   ZFCR02    (0)    6 :  0.014 0.876 0.030 0.021 0.051 0.008 
186   ZFCR03    (0)    6 :  0.129 0.384 0.064 0.067 0.349 0.008 
187   ZFCR04    (0)    6 :  0.042 0.101 0.024 0.038 0.760 0.034 
188   ZFCR05    (0)    6 :  0.011 0.901 0.020 0.005 0.060 0.004 
189   ZFCR06    (0)    6 :  0.010 0.611 0.028 0.078 0.122 0.152 
190   ZFCR07    (0)    6 :  0.009 0.900 0.017 0.006 0.028 0.040 
191   ZFCR08    (0)    6 :  0.127 0.456 0.168 0.118 0.122 0.009 
192   ZFCR09    (0)    6 :  0.457 0.086 0.054 0.156 0.147 0.100 
193   ZFCR11    (0)    6 :  0.012 0.787 0.010 0.017 0.112 0.062 
194   ZFCR12    (0)    6 :  0.004 0.774 0.011 0.024 0.013 0.174 
195   ZFCR13    (0)    6 :  0.004 0.923 0.006 0.047 0.010 0.010 
196   ZFCR14    (0)    6 :  0.006 0.942 0.012 0.010 0.024 0.007 
197   ZFCR15    (0)    6 :  0.012 0.834 0.021 0.040 0.079 0.013 
198   ZFCR16    (0)    6 :  0.006 0.882 0.011 0.028 0.068 0.005 
199   ZFCR18    (0)    6 :  0.008 0.120 0.079 0.032 0.737 0.023 
200   ZFCR19    (0)    6 :  0.093 0.699 0.026 0.087 0.080 0.015 
201   ZFCR20    (0)    6 :  0.045 0.207 0.028 0.118 0.587 0.016 
202   ZFCR21    (0)    6 :  0.004 0.942 0.019 0.012 0.017 0.007 
203   ZFCR22    (0)    6 :  0.005 0.967 0.005 0.011 0.007 0.005 
204   ZFCR23    (0)    6 :  0.032 0.764 0.005 0.137 0.031 0.032 
205   ZFCR24    (9)    6 :  0.023 0.301 0.011 0.492 0.163 0.011 
206   ZFCR25    (0)    6 :  0.007 0.966 0.006 0.003 0.014 0.004 
207   ZFCR26    (0)    6 :  0.047 0.903 0.018 0.017 0.009 0.006 
208   ZFCR27    (9)    6 :  0.041 0.905 0.005 0.003 0.042 0.003 
209   ZFCR28    (0)    6 :  0.008 0.674 0.013 0.264 0.012 0.029 
210   ZFCR29    (0)    6 :  0.006 0.850 0.011 0.016 0.111 0.006 
211   ZFCR30    (0)    6 :  0.006 0.970 0.005 0.005 0.009 0.005 
212   ZFCR31    (0)    6 :  0.084 0.355 0.023 0.109 0.312 0.116 
213   ZFCR33    (0)    6 :  0.071 0.846 0.037 0.013 0.023 0.010 
214   ZFCR34    (0)    6 :  0.021 0.842 0.022 0.037 0.044 0.034 
215   ZFCR35    (0)    6 :  0.014 0.103 0.037 0.014 0.816 0.017 
216   ZFCR36    (0)    6 :  0.014 0.872 0.008 0.007 0.086 0.012 
217   ZFCR37    (0)    6 :  0.013 0.925 0.032 0.004 0.021 0.004 
218   ZFCR38    (0)    6 :  0.059 0.871 0.031 0.007 0.025 0.008 
219   ZFCR39    (0)    6 :  0.352 0.318 0.151 0.147 0.019 0.013 
220   ZFCR40    (0)    6 :  0.057 0.874 0.027 0.010 0.023 0.009 
221   ZFCR41    (0)    6 :  0.003 0.914 0.032 0.010 0.011 0.029 
222   ZFCR42    (0)    6 :  0.012 0.912 0.031 0.020 0.008 0.018 
223   ZFCR43    (0)    6 :  0.005 0.865 0.006 0.059 0.058 0.007 
224  ZFENP25    (0)    7 :  0.008 0.892 0.023 0.013 0.059 0.005 
225  ZFENP26    (0)    7 :  0.023 0.952 0.005 0.003 0.012 0.004 
226  ZFENP27    (0)    7 :  0.095 0.189 0.382 0.014 0.253 0.067 
227  ZFENP28    (0)    7 :  0.029 0.930 0.011 0.004 0.020 0.005 
228  ZFENP29    (0)    7 :  0.009 0.971 0.008 0.003 0.005 0.004 
229  ZFENP30    (0)    7 :  0.037 0.884 0.059 0.006 0.008 0.006 
230  ZFENP31    (0)    7 :  0.823 0.048 0.088 0.009 0.022 0.011 
231  ZFENP32    (0)    7 :  0.420 0.202 0.038 0.018 0.263 0.060 
232  ZFENP33    (0)    7 :  0.018 0.934 0.008 0.005 0.031 0.005 
233  ZFENP34    (0)    7 :  0.026 0.218 0.055 0.013 0.667 0.021 
234  ZFENP35    (0)    7 :  0.097 0.843 0.008 0.009 0.023 0.021 
235  ZFENP36    (0)    7 :  0.031 0.942 0.004 0.003 0.014 0.006 
236  ZFENP37    (0)    7 :  0.046 0.830 0.012 0.006 0.096 0.010 
237  ZFENP38    (0)    7 :  0.010 0.955 0.011 0.005 0.007 0.011 
238  ZFENP39    (0)    7 :  0.030 0.918 0.012 0.003 0.031 0.005 
239  ZFENP40    (0)    7 :  0.104 0.799 0.012 0.006 0.072 0.006 
240  ZFENP41    (0)    7 :  0.058 0.791 0.110 0.008 0.025 0.007 
241  ZFENP42    (0)    7 :  0.243 0.740 0.005 0.003 0.004 0.004 
242  ZFENP43    (0)    7 :  0.019 0.882 0.035 0.005 0.012 0.047 
243  ZFENP44    (0)    7 :  0.147 0.773 0.036 0.007 0.010 0.026 
244  ZFENP45    (0)    7 :  0.067 0.633 0.019 0.258 0.010 0.012 
245  ZFENP46    (0)    7 :  0.027 0.932 0.004 0.006 0.017 0.014 
246  ZFENP47    (0)    7 :  0.506 0.142 0.107 0.209 0.032 0.005 
247  ZFENP48    (0)    7 :  0.051 0.241 0.139 0.034 0.520 0.015 
248  ZFENP49    (0)    7 :  0.021 0.885 0.030 0.014 0.043 0.007 
249  ZFENP50    (0)    7 :  0.030 0.928 0.005 0.020 0.007 0.010 
250  ZFENP51    (0)    7 :  0.538 0.363 0.017 0.045 0.029 0.008 
251  ZFENP52    (0)    7 :  0.012 0.948 0.015 0.003 0.004 0.018 
252  ZFENP53    (0)    7 :  0.020 0.938 0.007 0.017 0.006 0.012 
253  ZFENP54    (0)    7 :  0.010 0.905 0.029 0.029 0.016 0.011 
254  ZFENP55    (0)    7 :  0.010 0.952 0.004 0.005 0.025 0.004 
255  ZFENP56    (0)    7 :  0.013 0.957 0.007 0.003 0.011 0.008 
256  ZFENP57    (0)    7 :  0.116 0.846 0.005 0.004 0.017 0.012 
257  ZFENP58    (0)    7 :  0.015 0.879 0.057 0.026 0.010 0.014 
258  ZFENP59    (0)    7 :  0.175 0.615 0.178 0.006 0.020 0.006 
259  ZFENP60    (0)    7 :  0.021 0.887 0.010 0.007 0.068 0.006 
260  ZFENP61    (0)    7 :  0.017 0.929 0.014 0.003 0.033 0.003 
261 ZFFDSP01    (0)    8 :  0.003 0.004 0.004 0.935 0.007 0.047 
262 ZFFDSP02    (0)    8 :  0.002 0.004 0.005 0.976 0.004 0.008 
263 ZFFDSP04    (0)    8 :  0.003 0.003 0.004 0.976 0.007 0.007 
264 ZFFDSP05    (0)    8 :  0.004 0.006 0.004 0.909 0.004 0.073 
265 ZFFDSP06    (0)    8 :  0.002 0.003 0.006 0.978 0.004 0.007 
266 ZFFDSP07    (0)    8 :  0.005 0.005 0.015 0.965 0.004 0.006 
267 ZFFDSP08    (0)    8 :  0.004 0.005 0.011 0.962 0.003 0.015 
268 ZFFDSP10    (0)    8 :  0.004 0.006 0.005 0.959 0.005 0.022 
269 ZFFDSP11    (0)    8 :  0.004 0.005 0.004 0.972 0.005 0.010 
270 ZFFDSP12    (0)    8 :  0.003 0.004 0.004 0.975 0.003 0.011 
271 ZFFDSP13    (0)    8 :  0.004 0.008 0.010 0.064 0.004 0.909 
272 ZFFDSP14    (0)    8 :  0.003 0.004 0.007 0.976 0.004 0.006 
273 ZFFDSP16    (0)    8 :  0.005 0.011 0.009 0.925 0.011 0.039 
274 ZFFDSP17    (0)    8 :  0.003 0.005 0.006 0.970 0.006 0.010 
275 ZFFDSP18    (0)    8 :  0.003 0.003 0.007 0.971 0.009 0.007 
276 ZFFDSP19    (0)    8 :  0.003 0.004 0.035 0.768 0.008 0.183 
277 ZFFDSP21    (0)    8 :  0.003 0.005 0.020 0.552 0.006 0.414 
278 ZFFDSP22    (0)    8 :  0.002 0.004 0.005 0.981 0.003 0.005 
279 ZFFDSP23    (0)    8 :  0.002 0.003 0.004 0.968 0.003 0.020 
280 ZFFDSP24    (0)    8 :  0.003 0.005 0.005 0.723 0.007 0.257 
281 ZFFDSP26    (9)    8 :  0.003 0.004 0.006 0.943 0.004 0.040 
282 ZFFDSP27    (0)    8 :  0.003 0.004 0.004 0.962 0.006 0.021 
283 ZFFDSP28    (0)    8 :  0.022 0.017 0.013 0.839 0.085 0.025 
284 ZFFDSP30    (0)    8 :  0.008 0.007 0.012 0.223 0.033 0.717 
285 ZFFDSP31    (0)    8 :  0.003 0.005 0.007 0.955 0.008 0.023 
286 ZFFDSP32    (0)    8 :  0.003 0.004 0.004 0.976 0.004 0.010 
287 ZFFDSP33    (0)    8 :  0.003 0.004 0.003 0.972 0.004 0.014 
288 ZFFDSP34    (0)    8 :  0.002 0.003 0.006 0.974 0.004 0.010 
289 ZFFDSP35    (0)    8 :  0.003 0.004 0.004 0.902 0.007 0.080 
290 ZFFDSP37    (0)    8 :  0.003 0.005 0.004 0.960 0.006 0.022 
291 ZFFDSP38    (0)    8 :  0.003 0.004 0.004 0.971 0.007 0.011 
292 ZFFDSP39    (0)    8 :  0.003 0.003 0.004 0.647 0.004 0.339 
293 ZFFDSP40    (0)    8 :  0.003 0.004 0.004 0.596 0.007 0.386 
294 ZFFDSP42    (0)    8 :  0.002 0.004 0.005 0.965 0.004 0.020 
295 ZFFDSP43    (0)    8 :  0.003 0.003 0.004 0.955 0.005 0.030 
296 ZFFDSP44    (0)    8 :  0.004 0.004 0.004 0.794 0.008 0.186 
297 ZFFDSP45    (0)    8 :  0.003 0.004 0.006 0.952 0.006 0.030 
298 ZFFDSP46    (0)    8 :  0.003 0.005 0.006 0.943 0.006 0.037 
299 ZFFDSP47    (0)    8 :  0.003 0.004 0.004 0.546 0.004 0.439 
300 ZFFDSP48    (0)    8 :  0.003 0.004 0.005 0.419 0.005 0.564 
301    ZFI01    (0)    9 :  0.025 0.008 0.008 0.004 0.948 0.006 
302    ZFI02    (0)    9 :  0.011 0.006 0.004 0.004 0.969 0.007 
303    ZFI03    (0)    9 :  0.005 0.006 0.005 0.003 0.975 0.006 
304    ZFI04    (0)    9 :  0.017 0.007 0.005 0.004 0.963 0.005 
305    ZFI05    (0)    9 :  0.006 0.006 0.004 0.004 0.968 0.011 
306    ZFI06    (0)    9 :  0.011 0.010 0.004 0.006 0.929 0.040 
307    ZFI07    (0)    9 :  0.005 0.005 0.005 0.003 0.977 0.004 
308    ZFI08    (0)    9 :  0.008 0.012 0.005 0.003 0.968 0.004 
309    ZFI09    (0)    9 :  0.009 0.007 0.004 0.004 0.971 0.006 
310    ZFI10    (0)    9 :  0.010 0.008 0.004 0.005 0.952 0.021 
311    ZFI11    (0)    9 :  0.013 0.006 0.004 0.003 0.968 0.005 
312    ZFI12    (0)    9 :  0.004 0.006 0.005 0.004 0.973 0.008 
313    ZFI13    (0)    9 :  0.006 0.006 0.006 0.003 0.973 0.006 
314    ZFI14    (0)    9 :  0.006 0.005 0.005 0.007 0.969 0.009 
315    ZFI15    (0)    9 :  0.005 0.005 0.004 0.003 0.979 0.004 
316    ZFI16    (0)    9 :  0.003 0.004 0.004 0.003 0.980 0.005 
317    ZFI17    (0)    9 :  0.008 0.007 0.004 0.003 0.970 0.007 
318    ZFI18    (0)    9 :  0.007 0.006 0.003 0.002 0.977 0.005 
319    ZFI19    (9)    9 :  0.005 0.006 0.004 0.003 0.979 0.004 
320    ZFI20    (0)    9 :  0.005 0.005 0.004 0.004 0.976 0.006 
321    ZFI21    (0)    9 :  0.005 0.004 0.004 0.009 0.958 0.020 
322    ZFI22    (0)    9 :  0.008 0.005 0.006 0.004 0.972 0.004 
323    ZFI23    (0)    9 :  0.004 0.006 0.004 0.003 0.976 0.007 
324    ZFI24    (0)    9 :  0.004 0.006 0.006 0.004 0.972 0.008 
325    ZFI25    (0)    9 :  0.004 0.007 0.005 0.004 0.975 0.005 
326    ZFI26    (0)    9 :  0.004 0.006 0.007 0.003 0.976 0.004 
327    ZFI27    (0)    9 :  0.005 0.007 0.005 0.004 0.960 0.018 
328    ZFK01    (0)    9 :  0.010 0.009 0.953 0.008 0.005 0.014 
329    ZFK02    (0)   10 :  0.008 0.010 0.953 0.009 0.007 0.012 
330    ZFK03    (0)   10 :  0.020 0.010 0.945 0.009 0.007 0.010 
331    ZFK04    (0)   10 :  0.083 0.012 0.873 0.008 0.014 0.010 
332    ZFK05    (0)   10 :  0.160 0.009 0.806 0.005 0.011 0.010 
333    ZFK06    (0)   10 :  0.014 0.024 0.933 0.005 0.017 0.007 
334    ZFK07    (0)   10 :  0.021 0.010 0.946 0.009 0.004 0.010 
335    ZFK08    (0)   10 :  0.159 0.059 0.751 0.009 0.014 0.008 
336    ZFK10    (0)   10 :  0.024 0.012 0.936 0.007 0.015 0.007 
337    ZFK11    (0)   10 :  0.046 0.011 0.921 0.007 0.008 0.007 
338    ZFK12    (0)   10 :  0.009 0.015 0.949 0.012 0.004 0.011 
339    ZFK13    (0)   10 :  0.037 0.011 0.888 0.039 0.004 0.021 
340    ZFK14    (0)   10 :  0.011 0.006 0.952 0.015 0.004 0.011 
341    ZFK15    (0)   10 :  0.121 0.013 0.808 0.028 0.007 0.024 
342    ZFK16    (0)   10 :  0.012 0.015 0.935 0.017 0.004 0.017 
343   ZFLB01    (0)   11 :  0.971 0.005 0.004 0.007 0.006 0.007 
344   ZFLB02    (0)   11 :  0.932 0.030 0.003 0.004 0.028 0.004 
345   ZFLB03    (0)   11 :  0.921 0.025 0.006 0.006 0.010 0.032 
346   ZFLB04    (0)   11 :  0.785 0.006 0.008 0.015 0.013 0.174 
347   ZFLB05    (0)   11 :  0.965 0.006 0.003 0.004 0.009 0.013 
348   ZFLB06    (0)   11 :  0.970 0.006 0.009 0.006 0.004 0.005 
349   ZFLB07    (0)   11 :  0.722 0.045 0.031 0.024 0.005 0.173 
350   ZFLB08    (0)   11 :  0.944 0.020 0.004 0.005 0.021 0.007 
351   ZFLB09    (9)   11 :  0.976 0.005 0.005 0.005 0.005 0.004 
352   ZFLB10    (0)   11 :  0.979 0.004 0.003 0.004 0.005 0.006 
353   ZFLB11    (0)   11 :  0.964 0.007 0.013 0.007 0.003 0.006 
354   ZFLB12    (0)   11 :  0.979 0.005 0.005 0.003 0.005 0.003 
355   ZFLB13    (0)   11 :  0.939 0.021 0.014 0.009 0.005 0.012 
356  ZFLTI01    (0)   12 :  0.003 0.006 0.043 0.080 0.005 0.864 
357  ZFLTI02    (0)   12 :  0.002 0.005 0.033 0.021 0.005 0.934 
358  ZFLTI03    (0)   12 :  0.002 0.004 0.008 0.021 0.004 0.960 
359  ZFLTI04    (0)   12 :  0.003 0.006 0.009 0.015 0.006 0.962 
360  ZFLTI05    (0)   12 :  0.002 0.004 0.006 0.011 0.004 0.972 
361  ZFLTI06    (0)   12 :  0.002 0.004 0.007 0.226 0.005 0.756 
362  ZFLTI07    (0)   12 :  0.003 0.006 0.008 0.028 0.007 0.949 
363  ZFLTI08    (0)   12 :  0.003 0.005 0.007 0.009 0.006 0.971 
364  ZFLTI09    (0)   12 :  0.003 0.004 0.007 0.033 0.009 0.944 
365  ZFLTI10    (0)   12 :  0.002 0.005 0.019 0.064 0.008 0.902 
366  ZFLTI11    (0)   12 :  0.003 0.004 0.007 0.165 0.005 0.816 
367  ZFLTI12    (0)   12 :  0.002 0.005 0.016 0.111 0.005 0.861 
368  ZFLTI13    (0)   12 :  0.003 0.006 0.014 0.014 0.004 0.960 
369  ZFLTI14    (0)   12 :  0.002 0.004 0.031 0.011 0.005 0.946 
370 ZFONF101    (0)   13 :  0.003 0.003 0.002 0.983 0.003 0.005 
371 ZFONF102    (0)   13 :  0.008 0.005 0.003 0.976 0.004 0.004 
372 ZFONF103    (0)   13 :  0.004 0.008 0.015 0.728 0.005 0.240 
373 ZFONF104    (0)   13 :  0.002 0.002 0.004 0.984 0.003 0.005 
374 ZFONF105    (0)   13 :  0.003 0.004 0.005 0.974 0.003 0.012 
375 ZFONF106    (0)   13 :  0.002 0.003 0.004 0.980 0.005 0.005 
376 ZFONF107    (0)   13 :  0.056 0.028 0.024 0.790 0.029 0.073 
377 ZFONF108    (0)   13 :  0.012 0.009 0.030 0.863 0.008 0.078 
378 ZFONF109    (9)   13 :  0.007 0.004 0.017 0.950 0.005 0.016 
379 ZFONF110    (0)   13 :  0.002 0.003 0.004 0.981 0.002 0.007 
380 ZFONF111    (0)   13 :  0.013 0.026 0.010 0.918 0.014 0.019 
381 ZFONF112    (0)   13 :  0.003 0.003 0.004 0.979 0.003 0.008 
382 ZFONF113    (9)   13 :  0.004 0.006 0.006 0.961 0.003 0.019 
383 ZFONF115    (0)   13 :  0.003 0.004 0.008 0.967 0.006 0.011 
384 ZFONF116    (0)   13 :  0.004 0.005 0.006 0.967 0.006 0.012 
385 ZFONF117    (0)   13 :  0.004 0.005 0.008 0.543 0.004 0.437 
386 ZFONF118    (0)   13 :  0.003 0.005 0.010 0.947 0.008 0.027 
387 ZFONF119    (0)   13 :  0.006 0.004 0.009 0.973 0.003 0.006 
388 ZFONF120    (0)   13 :  0.005 0.005 0.016 0.965 0.003 0.006 
389 ZFONF121    (0)   13 :  0.004 0.004 0.004 0.977 0.004 0.008 
390 ZFONF122    (0)   13 :  0.003 0.009 0.033 0.669 0.010 0.275 
391 ZFONF123    (0)   13 :  0.033 0.008 0.006 0.943 0.005 0.005 
392 ZFONF124    (0)   13 :  0.007 0.005 0.009 0.968 0.003 0.009 
393 ZFONF125    (0)   13 :  0.036 0.020 0.028 0.899 0.005 0.012 
394 ZFONF126    (0)   13 :  0.003 0.007 0.015 0.948 0.006 0.020 
395 ZFONF201    (0)   14 :  0.058 0.026 0.068 0.784 0.059 0.006 
396 ZFONF202    (0)   14 :  0.002 0.004 0.010 0.977 0.003 0.005 
397 ZFONF203    (0)   14 :  0.003 0.011 0.007 0.969 0.004 0.005 
398 ZFONF204    (0)   14 :  0.013 0.053 0.132 0.771 0.013 0.018 
399 ZFONF206    (0)   14 :  0.021 0.231 0.013 0.709 0.019 0.008 
400 ZFONF207    (0)   14 :  0.004 0.010 0.008 0.967 0.004 0.006 
401 ZFONF208    (0)   14 :  0.004 0.009 0.016 0.955 0.004 0.012 
402 ZFONF209    (0)   14 :  0.013 0.014 0.157 0.789 0.013 0.013 
403 ZFONF210    (0)   14 :  0.002 0.003 0.009 0.972 0.002 0.011 
404 ZFONF211    (0)   14 :  0.005 0.005 0.011 0.962 0.002 0.015 
405 ZFONF212    (0)   14 :  0.002 0.003 0.004 0.980 0.003 0.008 
406 ZFONF214    (0)   14 :  0.004 0.004 0.010 0.974 0.003 0.005 
407 ZFONF215    (0)   14 :  0.002 0.003 0.005 0.981 0.002 0.006 
408 ZFONF216    (0)   14 :  0.003 0.004 0.005 0.973 0.002 0.012 
409 ZFONF217    (0)   14 :  0.003 0.003 0.008 0.977 0.003 0.007 
410 ZFONF218    (0)   14 :  0.010 0.022 0.004 0.950 0.005 0.009 
411 ZFONF219    (0)   14 :  0.002 0.004 0.003 0.984 0.002 0.004 
412 ZFONF220    (0)   14 :  0.003 0.004 0.009 0.976 0.003 0.006 
413 ZFONF222    (0)   14 :  0.013 0.012 0.007 0.954 0.003 0.011 
414 ZFONF223    (0)   14 :  0.011 0.012 0.004 0.964 0.005 0.004 
415 ZFONF224    (0)   14 :  0.003 0.006 0.005 0.977 0.003 0.007 
416 ZFONF225    (0)   14 :  0.002 0.003 0.004 0.982 0.002 0.006 
417 ZFONF226    (0)   14 :  0.003 0.005 0.007 0.975 0.003 0.007 
418 ZFONF227    (0)   14 :  0.002 0.003 0.004 0.982 0.002 0.007 
419 ZFONF228    (0)   14 :  0.002 0.004 0.004 0.974 0.002 0.014 
420 ZFONF230    (0)   14 :  0.002 0.003 0.005 0.980 0.002 0.007 
421 ZFONF231    (0)   14 :  0.003 0.004 0.017 0.963 0.002 0.011 
422 ZFONF232    (0)   14 :  0.002 0.004 0.003 0.983 0.002 0.005 
423 ZFONF233    (0)   14 :  0.003 0.005 0.009 0.972 0.002 0.008 
424 ZFONF234    (0)   14 :  0.004 0.017 0.007 0.952 0.003 0.018 
425 ZFONF235    (0)   14 :  0.002 0.005 0.007 0.975 0.002 0.010 
426 ZFONF236    (0)   14 :  0.015 0.029 0.033 0.878 0.019 0.026 
427 ZFONF238    (0)   14 :  0.002 0.008 0.006 0.975 0.003 0.007 
428 ZFONF239    (0)   14 :  0.010 0.025 0.043 0.892 0.022 0.007 
429 ZFONF240    (0)   14 :  0.002 0.003 0.013 0.967 0.002 0.013 
430 ZFONF241    (0)   14 :  0.002 0.011 0.004 0.969 0.005 0.008 
431 ZFONF242    (0)   14 :  0.002 0.005 0.010 0.971 0.003 0.008 
432 ZFONF243    (0)   14 :  0.003 0.004 0.007 0.960 0.003 0.023 
433 ZFONF244    (0)   14 :  0.003 0.003 0.007 0.979 0.002 0.005 
434 ZFONF245    (0)   14 :  0.002 0.005 0.010 0.951 0.002 0.030 
435   ZFOS01    (0)   15 :  0.003 0.006 0.949 0.016 0.004 0.021 
436   ZFOS02    (0)   15 :  0.008 0.011 0.904 0.026 0.027 0.024 
437   ZFOS03    (0)   15 :  0.022 0.008 0.945 0.009 0.008 0.007 
438   ZFOS04    (0)   15 :  0.004 0.007 0.852 0.052 0.020 0.065 
439   ZFOS05    (0)   15 :  0.004 0.008 0.928 0.029 0.007 0.025 
440   ZFOS06    (0)   15 :  0.006 0.009 0.946 0.015 0.006 0.019 
441   ZFOS07    (0)   15 :  0.004 0.005 0.964 0.006 0.016 0.006 
442   ZFOS08    (0)   15 :  0.004 0.005 0.939 0.013 0.024 0.016 
443   ZFOS09    (0)   15 :  0.012 0.018 0.859 0.062 0.019 0.030 
444   ZFOS10    (0)   15 :  0.014 0.009 0.944 0.003 0.024 0.006 
445   ZFOS11    (0)   15 :  0.007 0.077 0.659 0.013 0.029 0.216 
446   ZFOS12    (0)   15 :  0.027 0.243 0.640 0.016 0.040 0.033 
447   ZFOS13    (0)   15 :  0.005 0.009 0.951 0.009 0.012 0.015 
448   ZFOS14    (0)   15 :  0.013 0.033 0.740 0.009 0.112 0.092 
449   ZFOS15    (0)   15 :  0.003 0.005 0.978 0.003 0.006 0.005 
450   ZFOS16    (0)   15 :  0.010 0.009 0.901 0.028 0.013 0.039 
451   ZFOS17    (0)   15 :  0.006 0.006 0.972 0.004 0.007 0.005 
452   ZFOS18    (0)   15 :  0.007 0.007 0.965 0.004 0.007 0.009 
453   ZFOS19    (0)   15 :  0.004 0.006 0.977 0.004 0.004 0.005 
454   ZFOS20    (0)   15 :  0.005 0.006 0.967 0.007 0.009 0.007 
455   ZFOS21    (0)   15 :  0.006 0.004 0.954 0.012 0.007 0.017 
456   ZFOS22    (0)   15 :  0.005 0.007 0.971 0.005 0.003 0.009 
457   ZFOS23    (0)   15 :  0.016 0.031 0.778 0.003 0.167 0.005 
458   ZFOS24    (0)   15 :  0.003 0.005 0.977 0.004 0.004 0.008 
459   ZFOS25    (0)   15 :  0.006 0.020 0.428 0.030 0.020 0.495 
460   ZFOS26    (0)   15 :  0.005 0.015 0.515 0.076 0.020 0.369 
461   ZFOS27    (0)   15 :  0.006 0.005 0.943 0.018 0.008 0.020 
462   ZFOS28    (0)   15 :  0.012 0.008 0.943 0.007 0.017 0.014 
463   ZFOS29    (0)   15 :  0.010 0.006 0.956 0.009 0.009 0.010 
464   ZFOS30    (0)   15 :  0.004 0.004 0.971 0.009 0.006 0.006 
465   ZFOS31    (0)   15 :  0.005 0.031 0.885 0.027 0.041 0.012 
466   ZFOS32    (0)   15 :  0.005 0.007 0.941 0.017 0.013 0.018 
467   ZFPB01    (0)   16 :  0.982 0.005 0.004 0.003 0.004 0.003 
468   ZFPB02    (0)   16 :  0.972 0.007 0.005 0.008 0.003 0.005 
469   ZFPB03    (0)   16 :  0.972 0.003 0.007 0.005 0.004 0.008 
470   ZFPB05    (0)   16 :  0.984 0.004 0.003 0.004 0.002 0.004 
471   ZFPB06    (0)   16 :  0.978 0.004 0.007 0.003 0.004 0.003 
472   ZFPB07    (0)   16 :  0.979 0.004 0.003 0.007 0.002 0.004 
473   ZFPB08    (0)   16 :  0.973 0.005 0.008 0.006 0.003 0.005 
474   ZFPB10    (0)   16 :  0.980 0.005 0.004 0.003 0.003 0.005 
475   ZFPB11    (0)   16 :  0.980 0.006 0.005 0.004 0.003 0.003 
476   ZFPB12    (0)   16 :  0.980 0.005 0.004 0.003 0.003 0.004 
477   ZFPB13    (0)   16 :  0.982 0.003 0.003 0.005 0.004 0.004 
478   ZFPB14    (0)   16 :  0.979 0.004 0.004 0.006 0.003 0.004 
479   ZFPB15    (0)   16 :  0.975 0.004 0.006 0.008 0.003 0.004 
480   ZFPB17    (0)   16 :  0.983 0.005 0.004 0.003 0.003 0.003 
481   ZFPB18    (0)   16 :  0.982 0.004 0.004 0.004 0.002 0.003 
482   ZFPB19    (0)   16 :  0.976 0.004 0.007 0.004 0.005 0.004 
483   ZFPB20    (0)   16 :  0.987 0.003 0.003 0.002 0.003 0.002 
484   ZFPB21    (0)   16 :  0.980 0.003 0.004 0.006 0.003 0.004 
485   ZFPB22    (0)   16 :  0.986 0.003 0.003 0.002 0.003 0.003 
486   ZFPB23    (0)   16 :  0.979 0.005 0.004 0.004 0.003 0.003 
487   ZFSF01    (0)   17 :  0.003 0.169 0.005 0.003 0.816 0.004 
488   ZFSF02    (0)   17 :  0.006 0.544 0.018 0.021 0.392 0.019 
489   ZFSF03    (0)   17 :  0.013 0.245 0.005 0.005 0.729 0.004 
490   ZFSF04    (0)   17 :  0.007 0.020 0.017 0.011 0.938 0.006 
491  ZFSW101    (0)   18 :  0.007 0.009 0.008 0.073 0.886 0.016 
492  ZFSW102    (0)   18 :  0.013 0.012 0.021 0.011 0.938 0.005 
493  ZFSW103    (0)   18 :  0.005 0.009 0.007 0.019 0.931 0.029 
494  ZFSW104    (9)   18 :  0.010 0.023 0.041 0.025 0.889 0.011 
495  ZFSW105    (0)   18 :  0.004 0.005 0.008 0.030 0.946 0.007 
496  ZFSW106    (0)   18 :  0.020 0.136 0.007 0.047 0.772 0.018 
497  ZFSW107    (0)   18 :  0.061 0.007 0.009 0.010 0.909 0.004 
498  ZFSW108    (0)   18 :  0.010 0.007 0.005 0.003 0.973 0.003 
499  ZFSW109    (0)   18 :  0.008 0.004 0.007 0.005 0.970 0.005 
500  ZFSW110    (0)   18 :  0.013 0.010 0.008 0.033 0.921 0.015 
501  ZFSW111    (0)   18 :  0.027 0.013 0.039 0.185 0.724 0.011 
502  ZFSW112    (0)   18 :  0.005 0.007 0.035 0.012 0.935 0.006 
503  ZFSW113    (0)   18 :  0.010 0.084 0.017 0.060 0.803 0.027 
504  ZFSW114    (0)   18 :  0.005 0.009 0.008 0.010 0.963 0.005 
505  ZFSW115    (0)   18 :  0.003 0.072 0.007 0.014 0.899 0.005 
506  ZFSW116    (0)   18 :  0.080 0.046 0.019 0.064 0.778 0.013 
507  ZFSW117    (0)   18 :  0.036 0.050 0.017 0.092 0.780 0.025 
508  ZFSW119    (0)   18 :  0.004 0.012 0.011 0.003 0.967 0.003 
509  ZFSW120    (0)   18 :  0.010 0.017 0.005 0.002 0.964 0.002 
510  ZFSW121    (0)   18 :  0.011 0.094 0.034 0.047 0.805 0.009 
511  ZFSW122    (0)   18 :  0.007 0.005 0.006 0.007 0.968 0.007 
512  ZFSW123    (0)   18 :  0.009 0.004 0.004 0.003 0.976 0.003 
513  ZFSW124    (0)   18 :  0.005 0.006 0.008 0.004 0.974 0.003 
514  ZFSW201    (0)   19 :  0.017 0.007 0.006 0.003 0.962 0.004 
515  ZFSW202    (0)   19 :  0.008 0.007 0.009 0.004 0.969 0.003 
516  ZFSW203    (0)   19 :  0.010 0.008 0.009 0.003 0.967 0.003 
517  ZFSW204    (0)   19 :  0.013 0.009 0.014 0.005 0.955 0.005 
518  ZFSW205    (0)   19 :  0.004 0.006 0.004 0.004 0.976 0.006 
519  ZFSW206    (0)   19 :  0.004 0.011 0.004 0.004 0.972 0.005 
520  ZFSW207    (0)   19 :  0.004 0.005 0.004 0.006 0.975 0.007 
521  ZFSW208    (0)   19 :  0.006 0.012 0.005 0.005 0.968 0.005 
522  ZFSW209    (0)   19 :  0.005 0.064 0.005 0.005 0.917 0.005 
523  ZFSW210    (0)   19 :  0.005 0.008 0.007 0.013 0.947 0.020 
524  ZFSW211    (0)   19 :  0.005 0.030 0.006 0.006 0.942 0.011 
525  ZFSW212    (0)   19 :  0.004 0.007 0.006 0.005 0.971 0.007 
526  ZFSW213    (0)   19 :  0.004 0.005 0.008 0.004 0.975 0.004 
527  ZFSW214    (0)   19 :  0.003 0.006 0.009 0.005 0.973 0.004 
528  ZFSW215    (0)   19 :  0.005 0.004 0.007 0.004 0.977 0.003 
529  ZFSW216    (0)   19 :  0.004 0.009 0.005 0.005 0.967 0.009 
530  ZFSW217    (0)   19 :  0.005 0.005 0.007 0.004 0.976 0.003 
531  ZFSW218    (0)   19 :  0.003 0.005 0.006 0.004 0.976 0.005 
532  ZFSW219    (0)   19 :  0.009 0.031 0.015 0.007 0.930 0.009 
533  ZFSW220    (0)   19 :  0.014 0.013 0.008 0.004 0.957 0.004 
534  ZFSW221    (0)   19 :  0.005 0.015 0.006 0.005 0.962 0.008 
535  ZFSW222    (0)   19 :  0.004 0.006 0.004 0.003 0.981 0.003 
536  ZFSW223    (0)   19 :  0.010 0.014 0.007 0.004 0.961 0.003 
537  ZFSW224    (0)   19 :  0.005 0.013 0.007 0.006 0.963 0.006 
538  ZFSW225    (0)   19 :  0.006 0.009 0.005 0.004 0.970 0.007 
539  ZFSW226    (0)   19 :  0.007 0.005 0.005 0.005 0.973 0.004 
540  ZFSW227    (0)   19 :  0.005 0.006 0.005 0.004 0.975 0.005 
541  ZFSW229    (0)   19 :  0.004 0.007 0.005 0.003 0.975 0.006 
542  ZFSW230    (0)   19 :  0.004 0.005 0.006 0.008 0.972 0.006 
543  ZFSW231    (0)   19 :  0.005 0.012 0.005 0.004 0.968 0.005 
544  ZFSW232    (0)   19 :  0.004 0.007 0.005 0.004 0.975 0.004 
545  ZFSW233    (0)   19 :  0.010 0.022 0.006 0.008 0.948 0.006 
546  ZFSW234    (0)   19 :  0.006 0.005 0.005 0.003 0.979 0.003 
547  ZFSW235    (0)   19 :  0.007 0.011 0.012 0.005 0.961 0.005 
548  ZFSW236    (0)   19 :  0.004 0.004 0.006 0.004 0.979 0.004 
549  ZFSW237    (0)   19 :  0.004 0.009 0.013 0.004 0.966 0.004 
550  ZFSW238    (0)   19 :  0.012 0.107 0.078 0.025 0.768 0.011 
551  ZFSW239    (0)   19 :  0.007 0.004 0.004 0.005 0.975 0.005 
552  ZFSW240    (0)   19 :  0.007 0.007 0.005 0.003 0.975 0.004 
553   ZFTS01    (0)   20 :  0.975 0.006 0.003 0.005 0.006 0.004 
554   ZFTS02    (0)   20 :  0.955 0.009 0.007 0.009 0.016 0.005 
555   ZFTS03    (0)   20 :  0.955 0.007 0.008 0.006 0.020 0.004 
556   ZFTS04    (0)   20 :  0.975 0.005 0.005 0.004 0.009 0.003 
