

----------------------------------------------------
STRUCTURE by Pritchard, Stephens and Donnelly (2000)
     and Falush, Stephens and Pritchard (2003)
       Code by Pritchard, Falush and Hubisz
             Version 2.3.4 (Jul 2012)
----------------------------------------------------



Command line arguments:   bin\structure -m C:\Users\eschumacher\Documents\GitHub\GCC_QUAC_ZAIN\Data_Files\Structure_Files\ZAIN\ZAIN_rebinned_wild\50-50\mainparams -e C:\Users\eschumacher\Documents\GitHub\GCC_QUAC_ZAIN\Data_Files\Structure_Files\ZAIN\ZAIN_rebinned_wild\50-50\extraparams 
Input File:    C:\Users\eschumacher\Documents\GitHub\GCC_QUAC_ZAIN\Data_Files\Structure_Files\ZAIN\ZAIN_rebinned_wild\project_data

Run parameters:
   751 individuals
   11 loci
   3 populations assumed
   50000 Burn-in period
   50000 Reps


--------------------------------------------
Proportion of membership of each pre-defined
 population in each of the 3 clusters

Given    Inferred Clusters       Number of
 Pop       1      2      3      Individuals

  1:     0.009  0.007  0.984       35
  2:     0.949  0.041  0.010       36
  3:     0.978  0.012  0.010       33
  4:     0.023  0.950  0.026       40
  5:     0.126  0.869  0.006       39
  6:     0.076  0.044  0.879       40
  7:     0.033  0.044  0.923       37
  8:     0.984  0.009  0.007       40
  9:     0.009  0.048  0.943       28
 10:     0.018  0.870  0.111       14
 11:     0.015  0.023  0.962       13
 12:     0.822  0.173  0.006       14
 13:     0.979  0.013  0.008       25
 14:     0.960  0.024  0.016       40
 15:     0.025  0.927  0.048       32
 16:     0.009  0.009  0.981       20
 17:     0.010  0.009  0.980        4
 18:     0.034  0.022  0.945       23
 19:     0.008  0.011  0.981       39
 20:     0.005  0.006  0.989       38
 21:     0.867  0.125  0.008       45
 22:     0.895  0.096  0.009       28
 23:     0.007  0.009  0.984        6
 24:     0.093  0.064  0.843       40
 25:     0.063  0.030  0.908       42
--------------------------------------------

Allele-freq. divergence among pops (Net nucleotide distance),
computed using point estimates of P.

      1       2       3      
 1      -    0.1080  0.1537  
 2   0.1080     -    0.1114  
 3   0.1537  0.1114     -    

Average distances (expected heterozygosity) between individuals in same cluster:
cluster  1  : 0.4597 
cluster  2  : 0.4428 
cluster  3  : 0.5715 

--------------------------------------------
Estimated Ln Prob of Data   = -16249.4
Mean value of ln likelihood = -16098.8
Variance of ln likelihood   = 301.2
Mean value of alpha         = 0.0387

Mean value of Fst_1         = 0.2893
Mean value of Fst_2         = 0.3383
Mean value of Fst_3         = 0.1401


Inferred ancestry of individuals:
        Label (%Miss) Pop:  Inferred clusters
  1    ZFB01    (0)    1 :  0.007 0.006 0.987 
  2    ZFB02    (0)    1 :  0.004 0.006 0.990 
  3    ZFB03    (0)    1 :  0.007 0.012 0.981 
  4    ZFB04    (0)    1 :  0.004 0.004 0.991 
  5    ZFB05    (0)    1 :  0.004 0.009 0.987 
  6    ZFB06    (0)    1 :  0.004 0.007 0.989 
  7    ZFB07    (9)    1 :  0.010 0.007 0.983 
  8    ZFB08    (0)    1 :  0.008 0.009 0.983 
  9    ZFB09    (0)    1 :  0.005 0.005 0.990 
 10    ZFB10    (0)    1 :  0.016 0.007 0.978 
 11    ZFB11    (0)    1 :  0.011 0.006 0.984 
 12    ZFB12    (0)    1 :  0.007 0.006 0.987 
 13    ZFB13    (0)    1 :  0.009 0.006 0.985 
 14    ZFB14    (0)    1 :  0.009 0.008 0.983 
 15    ZFB15    (0)    1 :  0.003 0.004 0.993 
 16    ZFB16    (0)    1 :  0.005 0.004 0.991 
 17    ZFB17    (0)    1 :  0.005 0.005 0.990 
 18    ZFB18    (0)    1 :  0.007 0.006 0.987 
 19    ZFB19    (0)    1 :  0.023 0.006 0.971 
 20    ZFB20    (0)    1 :  0.004 0.003 0.992 
 21    ZFB21    (0)    1 :  0.004 0.005 0.991 
 22    ZFB22    (0)    1 :  0.006 0.004 0.991 
 23    ZFB23    (0)    1 :  0.010 0.007 0.983 
 24    ZFB24    (0)    1 :  0.008 0.005 0.987 
 25    ZFB25    (0)    1 :  0.036 0.007 0.956 
 26    ZFB26    (0)    1 :  0.020 0.006 0.974 
 27    ZFB27    (0)    1 :  0.009 0.004 0.986 
 28    ZFB28    (0)    1 :  0.007 0.011 0.982 
 29    ZFB29    (0)    1 :  0.005 0.006 0.989 
 30    ZFB30    (0)    1 :  0.008 0.005 0.987 
 31    ZFB31    (0)    1 :  0.027 0.007 0.966 
 32    ZFB32    (0)    1 :  0.012 0.027 0.961 
 33    ZFB33    (0)    1 :  0.004 0.004 0.992 
 34    ZFB34    (0)    1 :  0.006 0.007 0.987 
 35    ZFB35    (0)    1 :  0.009 0.008 0.984 
 36  ZFBP101    (0)    2 :  0.852 0.131 0.017 
 37  ZFBP102    (0)    2 :  0.946 0.028 0.026 
 38  ZFBP103    (0)    2 :  0.670 0.320 0.010 
 39  ZFBP104    (0)    2 :  0.923 0.006 0.071 
 40  ZFBP105    (0)    2 :  0.981 0.010 0.008 
 41  ZFBP106    (0)    2 :  0.984 0.011 0.005 
 42  ZFBP107    (0)    2 :  0.964 0.016 0.020 
 43  ZFBP108    (0)    2 :  0.991 0.005 0.004 
 44  ZFBP109    (0)    2 :  0.990 0.005 0.004 
 45  ZFBP110    (0)    2 :  0.691 0.275 0.034 
 46  ZFBP111    (0)    2 :  0.990 0.006 0.004 
 47  ZFBP112    (0)    2 :  0.985 0.009 0.006 
 48  ZFBP113    (0)    2 :  0.990 0.005 0.006 
 49  ZFBP114    (0)    2 :  0.983 0.010 0.007 
 50  ZFBP115    (0)    2 :  0.978 0.017 0.005 
 51  ZFBP116    (0)    2 :  0.989 0.006 0.005 
 52  ZFBP117    (0)    2 :  0.987 0.009 0.004 
 53  ZFBP118    (0)    2 :  0.988 0.006 0.006 
 54  ZFBP119    (0)    2 :  0.962 0.033 0.005 
 55  ZFBP120    (0)    2 :  0.983 0.008 0.009 
 56  ZFBP121    (0)    2 :  0.982 0.012 0.006 
 57  ZFBP122    (9)    2 :  0.989 0.006 0.005 
 58  ZFBP123    (0)    2 :  0.979 0.014 0.007 
 59  ZFBP124    (0)    2 :  0.985 0.007 0.008 
 60  ZFBP125    (0)    2 :  0.990 0.007 0.003 
 61  ZFBP126    (0)    2 :  0.941 0.031 0.028 
 62  ZFBP127    (0)    2 :  0.982 0.014 0.004 
 63  ZFBP128    (0)    2 :  0.988 0.008 0.004 
 64  ZFBP129    (0)    2 :  0.986 0.010 0.005 
 65  ZFBP130    (0)    2 :  0.988 0.008 0.004 
 66  ZFBP131    (0)    2 :  0.989 0.005 0.005 
 67  ZFBP132    (0)    2 :  0.988 0.008 0.004 
 68  ZFBP133    (0)    2 :  0.990 0.006 0.004 
 69  ZFBP134    (0)    2 :  0.978 0.017 0.005 
 70  ZFBP135    (0)    2 :  0.680 0.303 0.017 
 71  ZFBP136    (0)    2 :  0.905 0.089 0.006 
 72  ZFBP201    (0)    3 :  0.981 0.010 0.009 
 73  ZFBP202    (0)    3 :  0.988 0.006 0.006 
 74  ZFBP203    (0)    3 :  0.973 0.006 0.021 
 75  ZFBP204    (0)    3 :  0.969 0.025 0.006 
 76  ZFBP205    (0)    3 :  0.987 0.008 0.005 
 77  ZFBP206    (0)    3 :  0.981 0.011 0.008 
 78  ZFBP207    (0)    3 :  0.968 0.028 0.005 
 79  ZFBP208    (0)    3 :  0.982 0.009 0.009 
 80  ZFBP209    (0)    3 :  0.990 0.007 0.003 
 81  ZFBP210    (0)    3 :  0.983 0.009 0.008 
 82  ZFBP211    (0)    3 :  0.986 0.008 0.006 
 83  ZFBP212    (0)    3 :  0.989 0.006 0.005 
 84  ZFBP213    (0)    3 :  0.972 0.018 0.010 
 85  ZFBP214    (0)    3 :  0.942 0.049 0.009 
 86  ZFBP215    (0)    3 :  0.988 0.008 0.004 
 87  ZFBP216    (0)    3 :  0.982 0.007 0.011 
 88  ZFBP217    (0)    3 :  0.985 0.010 0.005 
 89  ZFBP218    (0)    3 :  0.992 0.004 0.004 
 90  ZFBP219    (0)    3 :  0.990 0.005 0.005 
 91  ZFBP220    (0)    3 :  0.984 0.012 0.004 
 92  ZFBP221    (0)    3 :  0.991 0.005 0.004 
 93  ZFBP222    (0)    3 :  0.984 0.008 0.008 
 94  ZFBP223    (0)    3 :  0.954 0.038 0.008 
 95  ZFBP224    (0)    3 :  0.985 0.007 0.007 
 96  ZFBP225    (0)    3 :  0.981 0.014 0.005 
 97  ZFBP226    (0)    3 :  0.988 0.006 0.006 
 98  ZFBP227    (0)    3 :  0.881 0.011 0.108 
 99  ZFBP228    (0)    3 :  0.975 0.020 0.005 
100  ZFBP229    (0)    3 :  0.989 0.007 0.004 
101  ZFBP230    (0)    3 :  0.981 0.014 0.005 
102  ZFBP231    (0)    3 :  0.985 0.008 0.007 
103  ZFBP232    (0)    3 :  0.990 0.005 0.004 
104  ZFBP233    (0)    3 :  0.987 0.007 0.006 
105   ZFCC01    (0)    4 :  0.005 0.982 0.013 
106   ZFCC03    (0)    4 :  0.006 0.989 0.005 
107   ZFCC04    (0)    4 :  0.006 0.987 0.008 
108   ZFCC05    (0)    4 :  0.007 0.984 0.008 
109   ZFCC08    (0)    4 :  0.025 0.970 0.006 
110   ZFCC09    (0)    4 :  0.005 0.988 0.007 
111   ZFCC10    (0)    4 :  0.006 0.980 0.013 
112   ZFCC11    (0)    4 :  0.006 0.988 0.006 
113   ZFCC12    (0)    4 :  0.006 0.918 0.077 
114   ZFCC13    (0)    4 :  0.013 0.977 0.009 
115   ZFCC14    (0)    4 :  0.009 0.972 0.019 
116   ZFCC15    (0)    4 :  0.006 0.984 0.010 
117   ZFCC16    (0)    4 :  0.005 0.985 0.010 
118   ZFCC17    (0)    4 :  0.004 0.984 0.012 
119   ZFCC18    (0)    4 :  0.006 0.986 0.008 
120   ZFCC19    (0)    4 :  0.004 0.978 0.018 
121   ZFCC20    (0)    4 :  0.005 0.988 0.006 
122   ZFCC21    (0)    4 :  0.116 0.831 0.053 
123   ZFCC22    (0)    4 :  0.466 0.519 0.015 
124   ZFCC26    (0)    4 :  0.006 0.987 0.008 
125   ZFCC27    (0)    4 :  0.004 0.991 0.005 
126   ZFCC29    (0)    4 :  0.006 0.979 0.015 
127   ZFCC30    (0)    4 :  0.005 0.992 0.004 
128   ZFCC32    (0)    4 :  0.006 0.980 0.014 
129   ZFCC33    (0)    4 :  0.004 0.986 0.010 
130   ZFCC34    (0)    4 :  0.033 0.951 0.016 
131   ZFCC35    (0)    4 :  0.006 0.990 0.005 
132   ZFCC36    (0)    4 :  0.014 0.971 0.015 
133   ZFCC37    (0)    4 :  0.010 0.902 0.087 
134   ZFCC40    (0)    4 :  0.008 0.978 0.014 
135   ZFCC42    (0)    4 :  0.008 0.583 0.409 
136   ZFCC44    (0)    4 :  0.004 0.992 0.005 
137   ZFCC45    (9)    4 :  0.007 0.945 0.048 
138   ZFCC46    (0)    4 :  0.016 0.979 0.005 
139   ZFCC47    (0)    4 :  0.007 0.951 0.042 
140   ZFCC48    (0)    4 :  0.059 0.927 0.014 
141   ZFCC50    (0)    4 :  0.004 0.986 0.009 
142   ZFCC51    (0)    4 :  0.004 0.991 0.005 
143   ZFCC52    (0)    4 :  0.015 0.978 0.007 
144   ZFCC53    (0)    4 :  0.004 0.991 0.005 
145  ZFCNS01    (0)    5 :  0.020 0.971 0.010 
146  ZFCNS02    (0)    5 :  0.015 0.981 0.004 
147  ZFCNS05    (0)    5 :  0.023 0.971 0.006 
148  ZFCNS06    (0)    5 :  0.018 0.977 0.005 
149  ZFCNS07    (0)    5 :  0.492 0.503 0.005 
150  ZFCNS10    (0)    5 :  0.106 0.890 0.004 
151  ZFCNS11    (0)    5 :  0.015 0.979 0.006 
152  ZFCNS15    (0)    5 :  0.849 0.144 0.008 
153  ZFCNS17    (0)    5 :  0.011 0.985 0.004 
154  ZFCNS18    (0)    5 :  0.040 0.956 0.005 
155  ZFCNS19    (0)    5 :  0.007 0.988 0.005 
156  ZFCNS20    (0)    5 :  0.167 0.827 0.006 
157  ZFCNS21    (0)    5 :  0.010 0.985 0.005 
158  ZFCNS22    (0)    5 :  0.181 0.812 0.007 
159  ZFCNS23    (0)    5 :  0.014 0.980 0.006 
160  ZFCNS24    (0)    5 :  0.009 0.987 0.004 
161  ZFCNS25    (0)    5 :  0.061 0.934 0.005 
162  ZFCNS26    (0)    5 :  0.362 0.631 0.007 
163  ZFCNS27    (0)    5 :  0.922 0.072 0.006 
164  ZFCNS28    (0)    5 :  0.025 0.968 0.007 
165  ZFCNS29    (0)    5 :  0.018 0.978 0.005 
166  ZFCNS30    (0)    5 :  0.009 0.985 0.006 
167  ZFCNS31    (0)    5 :  0.071 0.923 0.006 
168  ZFCNS32    (0)    5 :  0.041 0.952 0.007 
169  ZFCNS33    (0)    5 :  0.038 0.957 0.005 
170  ZFCNS34    (0)    5 :  0.006 0.990 0.004 
171  ZFCNS35    (0)    5 :  0.026 0.967 0.006 
172  ZFCNS36    (0)    5 :  0.008 0.988 0.004 
173  ZFCNS37    (0)    5 :  0.057 0.936 0.007 
174  ZFCNS39    (0)    5 :  0.015 0.982 0.004 
175  ZFCNS40    (0)    5 :  0.043 0.953 0.004 
176  ZFCNS41    (0)    5 :  0.206 0.782 0.012 
177  ZFCNS42    (0)    5 :  0.061 0.933 0.006 
178  ZFCNS43    (0)    5 :  0.009 0.987 0.004 
179  ZFCNS44    (0)    5 :  0.022 0.973 0.005 
180  ZFCNS46    (0)    5 :  0.029 0.966 0.006 
181  ZFCNS47    (0)    5 :  0.015 0.981 0.005 
182  ZFCNS48    (0)    5 :  0.054 0.941 0.005 
183  ZFCNS49    (0)    5 :  0.835 0.159 0.006 
184   ZFCR01    (0)    6 :  0.019 0.008 0.973 
185   ZFCR02    (0)    6 :  0.081 0.028 0.891 
186   ZFCR03    (0)    6 :  0.026 0.010 0.964 
187   ZFCR04    (0)    6 :  0.022 0.016 0.962 
188   ZFCR05    (0)    6 :  0.008 0.013 0.980 
189   ZFCR06    (0)    6 :  0.265 0.089 0.646 
190   ZFCR07    (0)    6 :  0.031 0.216 0.752 
191   ZFCR08    (0)    6 :  0.057 0.037 0.906 
192   ZFCR09    (0)    6 :  0.054 0.039 0.907 
193   ZFCR11    (0)    6 :  0.112 0.025 0.864 
194   ZFCR12    (0)    6 :  0.113 0.317 0.570 
195   ZFCR13    (0)    6 :  0.179 0.014 0.806 
196   ZFCR14    (0)    6 :  0.025 0.023 0.952 
197   ZFCR15    (0)    6 :  0.028 0.013 0.959 
198   ZFCR16    (0)    6 :  0.045 0.008 0.947 
199   ZFCR18    (0)    6 :  0.009 0.014 0.976 
200   ZFCR19    (0)    6 :  0.087 0.024 0.890 
201   ZFCR20    (0)    6 :  0.042 0.012 0.947 
202   ZFCR21    (0)    6 :  0.020 0.019 0.961 
203   ZFCR22    (0)    6 :  0.034 0.009 0.957 
204   ZFCR23    (0)    6 :  0.057 0.005 0.938 
205   ZFCR24    (9)    6 :  0.424 0.007 0.569 
206   ZFCR25    (0)    6 :  0.010 0.007 0.983 
207   ZFCR26    (0)    6 :  0.064 0.027 0.909 
208   ZFCR27    (9)    6 :  0.004 0.004 0.992 
209   ZFCR28    (0)    6 :  0.441 0.025 0.534 
210   ZFCR29    (0)    6 :  0.014 0.006 0.980 
211   ZFCR30    (0)    6 :  0.027 0.018 0.955 
212   ZFCR31    (0)    6 :  0.112 0.051 0.837 
213   ZFCR33    (0)    6 :  0.032 0.062 0.907 
214   ZFCR34    (0)    6 :  0.061 0.046 0.893 
215   ZFCR35    (0)    6 :  0.006 0.009 0.984 
216   ZFCR36    (0)    6 :  0.012 0.018 0.970 
217   ZFCR37    (0)    6 :  0.008 0.032 0.959 
218   ZFCR38    (0)    6 :  0.016 0.050 0.934 
219   ZFCR39    (0)    6 :  0.139 0.028 0.833 
220   ZFCR40    (0)    6 :  0.015 0.019 0.965 
221   ZFCR41    (0)    6 :  0.111 0.273 0.616 
222   ZFCR42    (0)    6 :  0.101 0.145 0.754 
223   ZFCR43    (0)    6 :  0.134 0.009 0.857 
224  ZFENP25    (0)    7 :  0.011 0.011 0.978 
225  ZFENP26    (0)    7 :  0.008 0.007 0.985 
226  ZFENP27    (0)    7 :  0.026 0.357 0.617 
227  ZFENP28    (0)    7 :  0.008 0.024 0.968 
228  ZFENP29    (0)    7 :  0.007 0.016 0.978 
229  ZFENP30    (0)    7 :  0.009 0.074 0.917 
230  ZFENP31    (0)    7 :  0.012 0.050 0.937 
231  ZFENP32    (0)    7 :  0.014 0.038 0.948 
232  ZFENP33    (0)    7 :  0.009 0.010 0.982 
233  ZFENP34    (0)    7 :  0.006 0.019 0.975 
234  ZFENP35    (0)    7 :  0.011 0.012 0.977 
235  ZFENP36    (0)    7 :  0.004 0.007 0.989 
236  ZFENP37    (0)    7 :  0.008 0.013 0.979 
237  ZFENP38    (0)    7 :  0.016 0.071 0.913 
238  ZFENP39    (0)    7 :  0.005 0.015 0.979 
239  ZFENP40    (0)    7 :  0.007 0.011 0.982 
240  ZFENP41    (0)    7 :  0.013 0.090 0.896 
241  ZFENP42    (0)    7 :  0.007 0.010 0.983 
242  ZFENP43    (0)    7 :  0.035 0.194 0.771 
243  ZFENP44    (0)    7 :  0.010 0.037 0.953 
244  ZFENP45    (0)    7 :  0.372 0.023 0.605 
245  ZFENP46    (0)    7 :  0.015 0.007 0.978 
246  ZFENP47    (0)    7 :  0.036 0.018 0.946 
247  ZFENP48    (0)    7 :  0.017 0.032 0.951 
248  ZFENP49    (0)    7 :  0.022 0.027 0.951 
249  ZFENP50    (0)    7 :  0.092 0.006 0.902 
250  ZFENP51    (0)    7 :  0.029 0.008 0.963 
251  ZFENP52    (0)    7 :  0.031 0.089 0.880 
252  ZFENP53    (0)    7 :  0.043 0.019 0.938 
253  ZFENP54    (0)    7 :  0.180 0.031 0.789 
254  ZFENP55    (0)    7 :  0.007 0.005 0.988 
255  ZFENP56    (0)    7 :  0.014 0.021 0.965 
256  ZFENP57    (0)    7 :  0.006 0.011 0.983 
257  ZFENP58    (0)    7 :  0.110 0.198 0.692 
258  ZFENP59    (0)    7 :  0.008 0.062 0.930 
259  ZFENP60    (0)    7 :  0.008 0.008 0.984 
260  ZFENP61    (0)    7 :  0.004 0.013 0.982 
261 ZFFDSP01    (0)    8 :  0.987 0.008 0.004 
262 ZFFDSP02    (0)    8 :  0.990 0.006 0.004 
263 ZFFDSP04    (0)    8 :  0.990 0.005 0.005 
264 ZFFDSP05    (0)    8 :  0.989 0.006 0.005 
265 ZFFDSP06    (0)    8 :  0.990 0.006 0.004 
266 ZFFDSP07    (0)    8 :  0.979 0.014 0.006 
267 ZFFDSP08    (0)    8 :  0.978 0.018 0.005 
268 ZFFDSP10    (0)    8 :  0.988 0.007 0.005 
269 ZFFDSP11    (0)    8 :  0.989 0.005 0.006 
270 ZFFDSP12    (0)    8 :  0.991 0.005 0.004 
271 ZFFDSP13    (0)    8 :  0.968 0.025 0.007 
272 ZFFDSP14    (0)    8 :  0.988 0.007 0.005 
273 ZFFDSP16    (0)    8 :  0.979 0.013 0.008 
274 ZFFDSP17    (0)    8 :  0.989 0.006 0.004 
275 ZFFDSP18    (0)    8 :  0.986 0.008 0.006 
276 ZFFDSP19    (0)    8 :  0.972 0.023 0.005 
277 ZFFDSP21    (0)    8 :  0.976 0.020 0.004 
278 ZFFDSP22    (0)    8 :  0.990 0.006 0.004 
279 ZFFDSP23    (0)    8 :  0.991 0.005 0.003 
280 ZFFDSP24    (0)    8 :  0.985 0.009 0.006 
281 ZFFDSP26    (9)    8 :  0.988 0.007 0.005 
282 ZFFDSP27    (0)    8 :  0.988 0.007 0.005 
283 ZFFDSP28    (0)    8 :  0.890 0.031 0.079 
284 ZFFDSP30    (0)    8 :  0.970 0.018 0.012 
285 ZFFDSP31    (0)    8 :  0.988 0.007 0.005 
286 ZFFDSP32    (0)    8 :  0.990 0.005 0.005 
287 ZFFDSP33    (0)    8 :  0.992 0.004 0.004 
288 ZFFDSP34    (0)    8 :  0.989 0.007 0.004 
289 ZFFDSP35    (0)    8 :  0.990 0.005 0.005 
290 ZFFDSP37    (0)    8 :  0.989 0.006 0.005 
291 ZFFDSP38    (0)    8 :  0.990 0.006 0.005 
292 ZFFDSP39    (0)    8 :  0.991 0.005 0.004 
293 ZFFDSP40    (0)    8 :  0.989 0.006 0.005 
294 ZFFDSP42    (0)    8 :  0.989 0.007 0.004 
295 ZFFDSP43    (0)    8 :  0.990 0.005 0.004 
296 ZFFDSP44    (0)    8 :  0.988 0.006 0.006 
297 ZFFDSP45    (0)    8 :  0.988 0.008 0.004 
298 ZFFDSP46    (0)    8 :  0.987 0.009 0.005 
299 ZFFDSP47    (0)    8 :  0.990 0.006 0.004 
300 ZFFDSP48    (0)    8 :  0.988 0.007 0.005 
301    ZFI01    (0)    9 :  0.007 0.016 0.978 
302    ZFI02    (0)    9 :  0.010 0.009 0.981 
303    ZFI03    (0)    9 :  0.006 0.016 0.978 
304    ZFI04    (0)    9 :  0.006 0.008 0.986 
305    ZFI05    (0)    9 :  0.009 0.026 0.964 
306    ZFI06    (0)    9 :  0.025 0.019 0.956 
307    ZFI07    (0)    9 :  0.006 0.008 0.987 
308    ZFI08    (0)    9 :  0.004 0.008 0.988 
309    ZFI09    (0)    9 :  0.006 0.010 0.984 
310    ZFI10    (0)    9 :  0.014 0.024 0.962 
311    ZFI11    (0)    9 :  0.005 0.011 0.985 
312    ZFI12    (0)    9 :  0.007 0.022 0.970 
313    ZFI13    (0)    9 :  0.006 0.014 0.980 
314    ZFI14    (0)    9 :  0.017 0.013 0.969 
315    ZFI15    (0)    9 :  0.006 0.009 0.985 
316    ZFI16    (0)    9 :  0.006 0.011 0.983 
317    ZFI17    (0)    9 :  0.006 0.011 0.984 
318    ZFI18    (0)    9 :  0.005 0.006 0.989 
319    ZFI19    (9)    9 :  0.004 0.008 0.987 
320    ZFI20    (0)    9 :  0.008 0.008 0.984 
321    ZFI21    (0)    9 :  0.030 0.015 0.956 
322    ZFI22    (0)    9 :  0.009 0.010 0.981 
323    ZFI23    (0)    9 :  0.006 0.011 0.983 
324    ZFI24    (0)    9 :  0.008 0.024 0.968 
325    ZFI25    (0)    9 :  0.009 0.009 0.982 
326    ZFI26    (0)    9 :  0.005 0.011 0.984 
327    ZFI27    (0)    9 :  0.009 0.037 0.954 
328    ZFK01    (0)    9 :  0.011 0.976 0.013 
329    ZFK02    (0)   10 :  0.010 0.975 0.015 
330    ZFK03    (0)   10 :  0.009 0.970 0.021 
331    ZFK04    (0)   10 :  0.012 0.824 0.164 
332    ZFK05    (0)   10 :  0.006 0.856 0.138 
333    ZFK06    (0)   10 :  0.008 0.838 0.153 
334    ZFK07    (0)   10 :  0.012 0.975 0.013 
335    ZFK08    (0)   10 :  0.014 0.238 0.748 
336    ZFK10    (0)   10 :  0.009 0.915 0.076 
337    ZFK11    (0)   10 :  0.008 0.917 0.076 
338    ZFK12    (0)   10 :  0.023 0.962 0.015 
339    ZFK13    (0)   10 :  0.062 0.915 0.023 
340    ZFK14    (0)   10 :  0.016 0.974 0.010 
341    ZFK15    (0)   10 :  0.037 0.865 0.098 
342    ZFK16    (0)   10 :  0.032 0.958 0.010 
343   ZFLB01    (0)   11 :  0.014 0.007 0.979 
344   ZFLB02    (0)   11 :  0.006 0.005 0.989 
345   ZFLB03    (0)   11 :  0.012 0.041 0.947 
346   ZFLB04    (0)   11 :  0.052 0.084 0.864 
347   ZFLB05    (0)   11 :  0.007 0.008 0.984 
348   ZFLB06    (0)   11 :  0.012 0.016 0.972 
349   ZFLB07    (0)   11 :  0.040 0.087 0.873 
350   ZFLB08    (0)   11 :  0.005 0.006 0.989 
351   ZFLB09    (9)   11 :  0.008 0.008 0.985 
352   ZFLB10    (0)   11 :  0.008 0.009 0.982 
353   ZFLB11    (0)   11 :  0.013 0.017 0.970 
354   ZFLB12    (0)   11 :  0.005 0.006 0.989 
355   ZFLB13    (0)   11 :  0.010 0.011 0.979 
356  ZFLTI01    (0)   12 :  0.897 0.098 0.005 
357  ZFLTI02    (0)   12 :  0.456 0.538 0.006 
358  ZFLTI03    (0)   12 :  0.947 0.049 0.005 
359  ZFLTI04    (0)   12 :  0.856 0.135 0.009 
360  ZFLTI05    (0)   12 :  0.926 0.069 0.005 
361  ZFLTI06    (0)   12 :  0.986 0.010 0.004 
362  ZFLTI07    (0)   12 :  0.973 0.022 0.005 
363  ZFLTI08    (0)   12 :  0.925 0.067 0.008 
364  ZFLTI09    (0)   12 :  0.973 0.021 0.007 
365  ZFLTI10    (0)   12 :  0.968 0.026 0.005 
366  ZFLTI11    (0)   12 :  0.984 0.011 0.005 
367  ZFLTI12    (0)   12 :  0.956 0.039 0.004 
368  ZFLTI13    (0)   12 :  0.588 0.406 0.006 
369  ZFLTI14    (0)   12 :  0.068 0.926 0.006 
370 ZFONF101    (0)   13 :  0.994 0.003 0.003 
371 ZFONF102    (0)   13 :  0.990 0.004 0.006 
372 ZFONF103    (0)   13 :  0.974 0.020 0.006 
373 ZFONF104    (0)   13 :  0.993 0.004 0.003 
374 ZFONF105    (0)   13 :  0.991 0.006 0.003 
375 ZFONF106    (0)   13 :  0.991 0.005 0.004 
376 ZFONF107    (0)   13 :  0.919 0.030 0.051 
377 ZFONF108    (0)   13 :  0.959 0.031 0.010 
378 ZFONF109    (9)   13 :  0.974 0.019 0.007 
379 ZFONF110    (0)   13 :  0.991 0.006 0.003 
380 ZFONF111    (0)   13 :  0.973 0.010 0.017 
381 ZFONF112    (0)   13 :  0.989 0.007 0.004 
382 ZFONF113    (9)   13 :  0.989 0.007 0.005 
383 ZFONF115    (0)   13 :  0.985 0.010 0.005 
384 ZFONF116    (0)   13 :  0.987 0.008 0.006 
385 ZFONF117    (0)   13 :  0.979 0.016 0.005 
386 ZFONF118    (0)   13 :  0.985 0.010 0.005 
387 ZFONF119    (0)   13 :  0.984 0.010 0.006 
388 ZFONF120    (0)   13 :  0.979 0.016 0.005 
389 ZFONF121    (0)   13 :  0.989 0.006 0.005 
390 ZFONF122    (0)   13 :  0.953 0.040 0.008 
391 ZFONF123    (0)   13 :  0.978 0.007 0.015 
392 ZFONF124    (0)   13 :  0.987 0.008 0.005 
393 ZFONF125    (0)   13 :  0.963 0.020 0.017 
394 ZFONF126    (0)   13 :  0.983 0.012 0.005 
395 ZFONF201    (0)   14 :  0.773 0.081 0.146 
396 ZFONF202    (0)   14 :  0.988 0.009 0.004 
397 ZFONF203    (0)   14 :  0.984 0.009 0.008 
398 ZFONF204    (0)   14 :  0.788 0.165 0.047 
399 ZFONF206    (0)   14 :  0.793 0.020 0.187 
400 ZFONF207    (0)   14 :  0.980 0.012 0.008 
401 ZFONF208    (0)   14 :  0.976 0.016 0.008 
402 ZFONF209    (0)   14 :  0.764 0.216 0.021 
403 ZFONF210    (0)   14 :  0.984 0.013 0.003 
404 ZFONF211    (0)   14 :  0.980 0.016 0.004 
405 ZFONF212    (0)   14 :  0.992 0.005 0.003 
406 ZFONF214    (0)   14 :  0.985 0.011 0.004 
407 ZFONF215    (0)   14 :  0.990 0.007 0.003 
408 ZFONF216    (0)   14 :  0.987 0.009 0.004 
409 ZFONF217    (0)   14 :  0.987 0.009 0.004 
410 ZFONF218    (0)   14 :  0.981 0.006 0.013 
411 ZFONF219    (0)   14 :  0.992 0.004 0.003 
412 ZFONF220    (0)   14 :  0.987 0.009 0.004 
413 ZFONF222    (0)   14 :  0.981 0.011 0.008 
414 ZFONF223    (0)   14 :  0.985 0.005 0.010 
415 ZFONF224    (0)   14 :  0.988 0.007 0.005 
416 ZFONF225    (0)   14 :  0.991 0.006 0.003 
417 ZFONF226    (0)   14 :  0.987 0.009 0.004 
418 ZFONF227    (0)   14 :  0.992 0.006 0.003 
419 ZFONF228    (0)   14 :  0.992 0.005 0.003 
420 ZFONF230    (0)   14 :  0.992 0.006 0.003 
421 ZFONF231    (0)   14 :  0.979 0.018 0.004 
422 ZFONF232    (0)   14 :  0.992 0.005 0.004 
423 ZFONF233    (0)   14 :  0.984 0.012 0.004 
424 ZFONF234    (0)   14 :  0.983 0.010 0.007 
425 ZFONF235    (0)   14 :  0.986 0.011 0.003 
426 ZFONF236    (0)   14 :  0.882 0.080 0.038 
427 ZFONF238    (0)   14 :  0.988 0.006 0.006 
428 ZFONF239    (0)   14 :  0.886 0.074 0.040 
429 ZFONF240    (0)   14 :  0.981 0.016 0.003 
430 ZFONF241    (0)   14 :  0.984 0.006 0.010 
431 ZFONF242    (0)   14 :  0.983 0.012 0.004 
432 ZFONF243    (0)   14 :  0.983 0.013 0.004 
433 ZFONF244    (0)   14 :  0.988 0.008 0.003 
434 ZFONF245    (0)   14 :  0.984 0.013 0.004 
435   ZFOS01    (0)   15 :  0.028 0.966 0.006 
436   ZFOS02    (0)   15 :  0.029 0.939 0.032 
437   ZFOS03    (0)   15 :  0.014 0.930 0.055 
438   ZFOS04    (0)   15 :  0.056 0.930 0.014 
439   ZFOS05    (0)   15 :  0.030 0.962 0.009 
440   ZFOS06    (0)   15 :  0.014 0.977 0.009 
441   ZFOS07    (0)   15 :  0.008 0.974 0.018 
442   ZFOS08    (0)   15 :  0.013 0.971 0.016 
443   ZFOS09    (0)   15 :  0.103 0.833 0.064 
444   ZFOS10    (0)   15 :  0.004 0.945 0.051 
445   ZFOS11    (0)   15 :  0.019 0.945 0.037 
446   ZFOS12    (0)   15 :  0.030 0.686 0.284 
447   ZFOS13    (0)   15 :  0.017 0.965 0.018 
448   ZFOS14    (0)   15 :  0.015 0.803 0.182 
449   ZFOS15    (0)   15 :  0.004 0.987 0.008 
450   ZFOS16    (0)   15 :  0.028 0.955 0.017 
451   ZFOS17    (0)   15 :  0.005 0.979 0.016 
452   ZFOS18    (0)   15 :  0.005 0.982 0.013 
453   ZFOS19    (0)   15 :  0.006 0.984 0.010 
454   ZFOS20    (0)   15 :  0.007 0.981 0.012 
455   ZFOS21    (0)   15 :  0.018 0.973 0.010 
456   ZFOS22    (0)   15 :  0.009 0.985 0.007 
457   ZFOS23    (0)   15 :  0.003 0.610 0.387 
458   ZFOS24    (0)   15 :  0.004 0.991 0.005 
459   ZFOS25    (0)   15 :  0.033 0.958 0.009 
460   ZFOS26    (0)   15 :  0.124 0.867 0.009 
461   ZFOS27    (0)   15 :  0.021 0.971 0.008 
462   ZFOS28    (0)   15 :  0.009 0.955 0.036 
463   ZFOS29    (0)   15 :  0.010 0.974 0.016 
464   ZFOS30    (0)   15 :  0.015 0.973 0.012 
465   ZFOS31    (0)   15 :  0.104 0.759 0.137 
466   ZFOS32    (0)   15 :  0.017 0.967 0.016 
467   ZFPB01    (0)   16 :  0.004 0.007 0.989 
468   ZFPB02    (0)   16 :  0.013 0.007 0.980 
469   ZFPB03    (0)   16 :  0.018 0.049 0.933 
470   ZFPB05    (0)   16 :  0.008 0.005 0.986 
471   ZFPB06    (0)   16 :  0.006 0.011 0.983 
472   ZFPB07    (0)   16 :  0.015 0.005 0.980 
473   ZFPB08    (0)   16 :  0.011 0.012 0.976 
474   ZFPB10    (0)   16 :  0.005 0.008 0.986 
475   ZFPB11    (0)   16 :  0.006 0.006 0.988 
476   ZFPB12    (0)   16 :  0.006 0.006 0.987 
477   ZFPB13    (0)   16 :  0.010 0.005 0.985 
478   ZFPB14    (0)   16 :  0.015 0.006 0.979 
479   ZFPB15    (0)   16 :  0.020 0.012 0.968 
480   ZFPB17    (0)   16 :  0.005 0.005 0.990 
481   ZFPB18    (0)   16 :  0.008 0.006 0.986 
482   ZFPB19    (0)   16 :  0.009 0.011 0.981 
483   ZFPB20    (0)   16 :  0.005 0.004 0.991 
484   ZFPB21    (0)   16 :  0.013 0.008 0.979 
485   ZFPB22    (0)   16 :  0.004 0.004 0.992 
486   ZFPB23    (0)   16 :  0.007 0.005 0.988 
487   ZFSF01    (0)   17 :  0.005 0.007 0.988 
488   ZFSF02    (0)   17 :  0.024 0.015 0.961 
489   ZFSF03    (0)   17 :  0.005 0.005 0.989 
490   ZFSF04    (0)   17 :  0.008 0.010 0.982 
491  ZFSW101    (0)   18 :  0.103 0.011 0.886 
492  ZFSW102    (0)   18 :  0.009 0.012 0.978 
493  ZFSW103    (0)   18 :  0.044 0.020 0.936 
494  ZFSW104    (9)   18 :  0.010 0.010 0.979 
495  ZFSW105    (0)   18 :  0.081 0.012 0.907 
496  ZFSW106    (0)   18 :  0.036 0.014 0.950 
497  ZFSW107    (0)   18 :  0.009 0.007 0.984 
498  ZFSW108    (0)   18 :  0.005 0.006 0.989 
499  ZFSW109    (0)   18 :  0.012 0.018 0.970 
500  ZFSW110    (0)   18 :  0.042 0.014 0.944 
501  ZFSW111    (0)   18 :  0.160 0.030 0.810 
502  ZFSW112    (0)   18 :  0.042 0.222 0.736 
503  ZFSW113    (0)   18 :  0.051 0.016 0.932 
504  ZFSW114    (0)   18 :  0.014 0.011 0.975 
505  ZFSW115    (0)   18 :  0.012 0.010 0.978 
506  ZFSW116    (0)   18 :  0.032 0.010 0.958 
507  ZFSW117    (0)   18 :  0.066 0.019 0.915 
508  ZFSW119    (0)   18 :  0.005 0.012 0.984 
509  ZFSW120    (0)   18 :  0.003 0.005 0.992 
510  ZFSW121    (0)   18 :  0.011 0.007 0.982 
511  ZFSW122    (0)   18 :  0.016 0.017 0.968 
512  ZFSW123    (0)   18 :  0.006 0.005 0.989 
513  ZFSW124    (0)   18 :  0.006 0.012 0.982 
514  ZFSW201    (0)   19 :  0.004 0.009 0.988 
515  ZFSW202    (0)   19 :  0.006 0.008 0.985 
516  ZFSW203    (0)   19 :  0.004 0.011 0.985 
517  ZFSW204    (0)   19 :  0.006 0.012 0.981 
518  ZFSW205    (0)   19 :  0.008 0.010 0.982 
519  ZFSW206    (0)   19 :  0.007 0.008 0.986 
520  ZFSW207    (0)   19 :  0.015 0.013 0.972 
521  ZFSW208    (0)   19 :  0.007 0.008 0.985 
522  ZFSW209    (0)   19 :  0.005 0.007 0.987 
523  ZFSW210    (0)   19 :  0.028 0.036 0.936 
524  ZFSW211    (0)   19 :  0.009 0.013 0.978 
525  ZFSW212    (0)   19 :  0.008 0.012 0.980 
526  ZFSW213    (0)   19 :  0.008 0.015 0.977 
527  ZFSW214    (0)   19 :  0.009 0.020 0.972 
528  ZFSW215    (0)   19 :  0.006 0.011 0.983 
529  ZFSW216    (0)   19 :  0.009 0.012 0.979 
530  ZFSW217    (0)   19 :  0.006 0.013 0.981 
531  ZFSW218    (0)   19 :  0.009 0.013 0.978 
532  ZFSW219    (0)   19 :  0.008 0.017 0.975 
533  ZFSW220    (0)   19 :  0.006 0.009 0.985 
534  ZFSW221    (0)   19 :  0.009 0.012 0.979 
535  ZFSW222    (0)   19 :  0.005 0.005 0.990 
536  ZFSW223    (0)   19 :  0.007 0.009 0.985 
537  ZFSW224    (0)   19 :  0.009 0.012 0.979 
538  ZFSW225    (0)   19 :  0.006 0.009 0.985 
539  ZFSW226    (0)   19 :  0.009 0.009 0.982 
540  ZFSW227    (0)   19 :  0.006 0.009 0.986 
541  ZFSW229    (0)   19 :  0.006 0.009 0.985 
542  ZFSW230    (0)   19 :  0.015 0.011 0.974 
543  ZFSW231    (0)   19 :  0.006 0.008 0.985 
544  ZFSW232    (0)   19 :  0.007 0.007 0.986 
545  ZFSW233    (0)   19 :  0.008 0.008 0.985 
546  ZFSW234    (0)   19 :  0.005 0.008 0.987 
547  ZFSW235    (0)   19 :  0.008 0.015 0.976 
548  ZFSW236    (0)   19 :  0.008 0.013 0.979 
549  ZFSW237    (0)   19 :  0.006 0.019 0.975 
550  ZFSW238    (0)   19 :  0.007 0.012 0.981 
551  ZFSW239    (0)   19 :  0.009 0.006 0.985 
552  ZFSW240    (0)   19 :  0.005 0.008 0.988 
553   ZFTS01    (0)   20 :  0.004 0.003 0.992 
554   ZFTS02    (0)   20 :  0.008 0.006 0.986 
555   ZFTS03    (0)   20 :  0.005 0.006 0.990 
556   ZFTS04    (0)   20 :  0.004 0.005 0.991 
557   ZFTS05    (0)   20 :  0.005 0.007 0.988 
558   ZFTS07    (0)   20 :  0.004 0.004 0.992 
559   ZFTS08    (0)   20 :  0.003 0.005 0.992 
560   ZFTS09    (0)   20 :  0.003 0.004 0.994 
561   ZFTS10    (0)   20 :  0.004 0.005 0.991 
562   ZFTS11    (0)   20 :  0.004 0.005 0.991 
563   ZFTS12    (0)   20 :  0.004 0.007 0.989 
564   ZFTS14    (0)   20 :  0.005 0.005 0.991 
565   ZFTS15    (0)   20 :  0.006 0.004 0.989 
566   ZFTS16    (0)   20 :  0.007 0.006 0.986 
567   ZFTS17    (9)   20 :  0.005 0.007 0.988 
568   ZFTS18    (0)   20 :  0.004 0.005 0.991 
569   ZFTS19    (9)   20 :  0.004 0.007 0.990 
570   ZFTS20    (0)   20 :  0.004 0.006 0.990 
571   ZFTS21    (0)   20 :  0.004 0.004 0.992 
572   ZFTS22    (0)   20 :  0.003 0.005 0.991 
573   ZFTS23    (0)   20 :  0.005 0.006 0.988 
574   ZFTS24    (0)   20 :  0.004 0.006 0.990 
575   ZFTS25    (0)   20 :  0.006 0.004 0.990 
576   ZFTS26    (0)   20 :  0.003 0.005 0.992 
577   ZFTS27    (0)   20 :  0.006 0.005 0.989 
578   ZFTS28    (0)   20 :  0.011 0.011 0.977 
579   ZFTS29    (0)   20 :  0.003 0.005 0.992 
580   ZFTS30    (0)   20 :  0.003 0.004 0.992 
581   ZFTS31    (0)   20 :  0.005 0.008 0.987 
582   ZFTS32    (0)   20 :  0.004 0.005 0.991 
583   ZFTS33    (0)   20 :  0.006 0.006 0.988 
584   ZFTS34    (0)   20 :  0.006 0.005 0.989 
585   ZFTS35    (0)   20 :  0.005 0.006 0.989 
586   ZFTS36    (0)   20 :  0.004 0.005 0.991 
587   ZFTS37    (0)   20 :  0.005 0.006 0.990 
588   ZFTS38    (0)   20 :  0.005 0.007 0.989 
589   ZFTS39    (0)   20 :  0.005 0.006 0.989 
590   ZFTS40    (0)   20 :  0.013 0.007 0.980 
591 ZFTSP101    (0)   21 :  0.924 0.071 0.005 
592 ZFTSP102    (0)   21 :  0.053 0.938 0.008 
593 ZFTSP103    (0)   21 :  0.032 0.963 0.005 
594 ZFTSP104    (0)   21 :  0.990 0.006 0.004 
595 ZFTSP105    (0)   21 :  0.259 0.734 0.006 
596 ZFTSP106    (0)   21 :  0.985 0.009 0.006 
597 ZFTSP107    (0)   21 :  0.898 0.096 0.005 
598 ZFTSP108    (0)   21 :  0.960 0.035 0.005 
599 ZFTSP109    (0)   21 :  0.979 0.015 0.006 
600 ZFTSP110    (0)   21 :  0.979 0.016 0.006 
601 ZFTSP111    (0)   21 :  0.973 0.022 0.004 
602 ZFTSP112    (0)   21 :  0.919 0.076 0.006 
603 ZFTSP113    (0)   21 :  0.976 0.017 0.007 
604 ZFTSP114    (0)   21 :  0.957 0.038 0.004 
605 ZFTSP115    (0)   21 :  0.964 0.031 0.005 
606 ZFTSP116    (0)   21 :  0.908 0.086 0.006 
607 ZFTSP117    (0)   21 :  0.986 0.010 0.004 
608 ZFTSP118    (0)   21 :  0.884 0.110 0.006 
609 ZFTSP119    (0)   21 :  0.926 0.012 0.062 
610 ZFTSP120    (0)   21 :  0.956 0.039 0.004 
611 ZFTSP121    (0)   21 :  0.716 0.245 0.039 
612 ZFTSP122    (0)   21 :  0.812 0.184 0.004 
613 ZFTSP123    (0)   21 :  0.987 0.009 0.004 
614 ZFTSP124    (0)   21 :  0.983 0.013 0.004 
615 ZFTSP125    (0)   21 :  0.988 0.008 0.004 
616 ZFTSP126    (0)   21 :  0.978 0.016 0.006 
617 ZFTSP127    (0)   21 :  0.982 0.015 0.004 
618 ZFTSP128    (0)   21 :  0.950 0.045 0.004 
619 ZFTSP129    (0)   21 :  0.965 0.032 0.004 
620 ZFTSP130    (0)   21 :  0.982 0.015 0.004 
621 ZFTSP131    (0)   21 :  0.981 0.016 0.003 
622 ZFTSP132    (0)   21 :  0.953 0.041 0.007 
623 ZFTSP133    (0)   21 :  0.953 0.044 0.004 
624 ZFTSP134    (0)   21 :  0.955 0.042 0.004 
625 ZFTSP135    (0)   21 :  0.949 0.046 0.005 
626 ZFTSP136    (0)   21 :  0.971 0.025 0.004 
627 ZFTSP137    (0)   21 :  0.919 0.062 0.019 
628 ZFTSP138    (0)   21 :  0.971 0.024 0.005 
629 ZFTSP139    (0)   21 :  0.988 0.009 0.003 
630 ZFTSP140    (0)   21 :  0.897 0.095 0.008 
631 ZFTSP141    (0)   21 :  0.820 0.170 0.010 
632 ZFTSP142    (0)   21 :  0.487 0.507 0.006 
633 ZFTSP143    (0)   21 :  0.965 0.029 0.005 
634 ZFTSP144    (0)   21 :  0.809 0.183 0.008 
635 ZFTSP145    (0)   21 :  0.549 0.446 0.004 
636 ZFTSP201    (9)   22 :  0.979 0.015 0.006 
637 ZFTSP202    (0)   22 :  0.780 0.209 0.010 
638 ZFTSP203    (0)   22 :  0.983 0.012 0.005 
639 ZFTSP204    (0)   22 :  0.966 0.029 0.005 
640 ZFTSP205    (0)   22 :  0.908 0.081 0.011 
641 ZFTSP206    (0)   22 :  0.975 0.018 0.007 
642 ZFTSP207    (0)   22 :  0.987 0.007 0.006 
643 ZFTSP208    (0)   22 :  0.979 0.014 0.007 
644 ZFTSP209    (0)   22 :  0.972 0.024 0.004 
645 ZFTSP210    (0)   22 :  0.988 0.008 0.005 
646 ZFTSP211    (0)   22 :  0.939 0.053 0.008 
647 ZFTSP212    (0)   22 :  0.988 0.009 0.003 
648 ZFTSP213    (0)   22 :  0.984 0.011 0.005 
649 ZFTSP214    (0)   22 :  0.127 0.869 0.005 
650 ZFTSP215    (0)   22 :  0.823 0.171 0.006 
651 ZFTSP216    (0)   22 :  0.762 0.195 0.043 
652 ZFTSP217    (0)   22 :  0.988 0.007 0.005 
653 ZFTSP218    (0)   22 :  0.982 0.012 0.006 
654 ZFTSP219    (0)   22 :  0.921 0.070 0.009 
655 ZFTSP220    (0)   22 :  0.937 0.048 0.015 
656 ZFTSP221    (0)   22 :  0.974 0.019 0.006 
657 ZFTSP222    (0)   22 :  0.949 0.013 0.037 
658 ZFTSP223    (0)   22 :  0.980 0.016 0.004 
659 ZFTSP224    (0)   22 :  0.682 0.314 0.004 
660 ZFTSP225    (0)   22 :  0.982 0.013 0.005 
661 ZFTSP226    (0)   22 :  0.841 0.154 0.005 
662 ZFTSP227    (0)   22 :  0.974 0.015 0.011 
663 ZFTSP228    (0)   22 :  0.717 0.274 0.010 
664    ZFW01    (0)   23 :  0.010 0.009 0.981 
665    ZFW02    (0)   23 :  0.009 0.007 0.985 
666    ZFW03    (0)   23 :  0.009 0.007 0.984 
667    ZFW04    (0)   23 :  0.005 0.007 0.988 
668    ZFW05    (0)   23 :  0.006 0.017 0.977 
669    ZFW06    (0)   23 :  0.005 0.005 0.989 
670   ZFWB01    (0)   24 :  0.162 0.070 0.769 
671   ZFWB02    (0)   24 :  0.010 0.020 0.970 
672   ZFWB03    (0)   24 :  0.043 0.072 0.885 
673   ZFWB05    (0)   24 :  0.080 0.013 0.907 
674   ZFWB06    (0)   24 :  0.066 0.038 0.895 
675   ZFWB07    (0)   24 :  0.044 0.036 0.920 
676   ZFWB10    (0)   24 :  0.132 0.023 0.845 
677   ZFWB11    (0)   24 :  0.038 0.033 0.930 
678   ZFWB12    (0)   24 :  0.068 0.178 0.754 
679   ZFWB13    (9)   24 :  0.129 0.330 0.541 
680   ZFWB14    (0)   24 :  0.242 0.039 0.719 
681   ZFWB15    (9)   24 :  0.045 0.024 0.931 
682   ZFWB18    (0)   24 :  0.171 0.083 0.746 
683   ZFWB19    (0)   24 :  0.013 0.013 0.975 
684   ZFWB20    (0)   24 :  0.039 0.017 0.944 
685   ZFWB21    (0)   24 :  0.045 0.057 0.898 
686   ZFWB22    (0)   24 :  0.061 0.048 0.891 
687   ZFWB23    (0)   24 :  0.413 0.359 0.227 
688   ZFWB24    (0)   24 :  0.249 0.071 0.680 
689   ZFWB25    (0)   24 :  0.039 0.017 0.945 
690   ZFWB26    (0)   24 :  0.019 0.017 0.964 
691   ZFWB27    (0)   24 :  0.025 0.020 0.955 
692   ZFWB29    (0)   24 :  0.019 0.019 0.963 
693   ZFWB30    (0)   24 :  0.052 0.116 0.832 
694   ZFWB31    (0)   24 :  0.171 0.099 0.730 
695   ZFWB32    (9)   24 :  0.018 0.017 0.965 
696   ZFWB35    (0)   24 :  0.059 0.076 0.865 
697   ZFWB36    (0)   24 :  0.019 0.028 0.954 
698   ZFWB37    (0)   24 :  0.037 0.046 0.918 
699   ZFWB38    (0)   24 :  0.028 0.010 0.962 
700   ZFWB39    (9)   24 :  0.072 0.141 0.788 
701   ZFWB40    (0)   24 :  0.074 0.124 0.802 
702   ZFWB41    (9)   24 :  0.062 0.067 0.871 
703   ZFWB42    (0)   24 :  0.114 0.057 0.829 
704   ZFWB43    (0)   24 :  0.027 0.024 0.949 
705   ZFWB44    (0)   24 :  0.007 0.008 0.985 
706   ZFWB46    (0)   24 :  0.030 0.034 0.937 
707   ZFWB47    (9)   24 :  0.022 0.022 0.956 
708   ZFWB48    (0)   24 :  0.239 0.075 0.685 
709   ZFWB49    (0)   24 :  0.523 0.022 0.455 
710    ZCF01    (0)   25 :  0.006 0.020 0.974 
711    ZCF02    (0)   25 :  0.005 0.006 0.990 
712    ZCF03    (0)   25 :  0.010 0.011 0.979 
713    ZCF04    (0)   25 :  0.013 0.007 0.980 
714    ZCF05    (0)   25 :  0.004 0.006 0.990 
715    ZCF06    (0)   25 :  0.054 0.211 0.734 
716    ZCF07    (0)   25 :  0.007 0.009 0.984 
717    ZCF08    (0)   25 :  0.016 0.014 0.970 
718    ZCF09    (0)   25 :  0.467 0.110 0.423 
719    ZCF10    (0)   25 :  0.037 0.025 0.938 
720    ZCF11    (0)   25 :  0.011 0.008 0.981 
721    ZCF12    (0)   25 :  0.006 0.004 0.990 
722    ZCF13    (0)   25 :  0.017 0.005 0.979 
723    ZCF14    (0)   25 :  0.034 0.022 0.943 
724    ZCF15    (0)   25 :  0.009 0.017 0.974 
725    ZCF16    (0)   25 :  0.009 0.025 0.966 
726    ZCF17    (0)   25 :  0.007 0.009 0.984 
727    ZCF18    (0)   25 :  0.019 0.006 0.975 
728    ZCF19    (0)   25 :  0.006 0.008 0.986 
729    ZCF20    (0)   25 :  0.012 0.008 0.980 
730    ZCF21    (0)   25 :  0.014 0.017 0.968 
731    ZCF22    (0)   25 :  0.015 0.024 0.962 
732    ZCF23    (0)   25 :  0.010 0.006 0.985 
733    ZCF24    (0)   25 :  0.160 0.137 0.702 
734    ZCF25    (0)   25 :  0.050 0.035 0.915 
735    ZCF26    (0)   25 :  0.036 0.110 0.853 
736    ZCF27    (0)   25 :  0.007 0.013 0.980 
737    ZCF28    (0)   25 :  0.005 0.010 0.985 
738    ZCF29    (0)   25 :  0.032 0.025 0.943 
739    ZCF30    (0)   25 :  0.009 0.016 0.976 
740    ZCF31    (0)   25 :  0.014 0.006 0.981 
741    ZCF32    (0)   25 :  0.011 0.009 0.980 
742    ZCF33    (0)   25 :  0.005 0.004 0.991 
743    ZCF34    (0)   25 :  0.419 0.015 0.566 
744    ZCF35    (0)   25 :  0.022 0.008 0.970 
745    ZCF36    (0)   25 :  0.016 0.006 0.977 
746    ZCF37    (0)   25 :  0.011 0.008 0.981 
747    ZCF38    (0)   25 :  0.029 0.018 0.953 
748    ZCF39    (0)   25 :  0.921 0.006 0.073 
749    ZCF40    (0)   25 :  0.068 0.061 0.871 
750    ZCF41    (0)   25 :  0.007 0.021 0.972 
751    ZCF42    (0)   25 :  0.025 0.153 0.822 


Estimated Allele Frequencies in each cluster
First column gives estimated ancestral frequencies


Locus 1 : 
11 alleles
0.0% missing data
 206   (0.192) 0.252 0.361 0.156 
 204   (0.320) 0.627 0.578 0.612 
 222   (0.050) 0.000 0.000 0.077 
 218   (0.124) 0.068 0.038 0.059 
 216   (0.031) 0.006 0.000 0.000 
 208   (0.048) 0.030 0.000 0.002 
 224   (0.069) 0.000 0.020 0.038 
 220   (0.075) 0.016 0.001 0.049 
 230   (0.028) 0.000 0.000 0.002 
 210   (0.033) 0.000 0.001 0.003 
 202   (0.030) 0.000 0.000 0.002 

Locus 2 : 
5 alleles
0.7% missing data
 179   (0.547) 0.426 0.653 0.772 
 173   (0.312) 0.517 0.346 0.179 
 182   (0.048) 0.056 0.000 0.001 
 170   (0.054) 0.000 0.000 0.044 
 176   (0.039) 0.000 0.000 0.005 

Locus 3 : 
7 alleles
0.0% missing data
 198   (0.465) 0.566 0.453 0.536 
 207   (0.158) 0.029 0.002 0.405 
 216   (0.079) 0.104 0.447 0.001 
 195   (0.143) 0.293 0.096 0.015 
 213   (0.057) 0.008 0.000 0.003 
 210   (0.050) 0.000 0.001 0.024 
 219   (0.046) 0.000 0.000 0.016 

Locus 4 : 
7 alleles
0.0% missing data
 166   (0.317) 0.503 0.523 0.381 
 182   (0.111) 0.001 0.100 0.217 
 178   (0.243) 0.420 0.239 0.204 
 184   (0.172) 0.029 0.132 0.175 
 180   (0.050) 0.045 0.000 0.002 
 186   (0.058) 0.000 0.004 0.019 
 168   (0.050) 0.002 0.001 0.003 

Locus 5 : 
9 alleles
0.0% missing data
 215   (0.394) 0.244 0.869 0.591 
 207   (0.222) 0.563 0.116 0.129 
 225   (0.063) 0.001 0.001 0.120 
 217   (0.091) 0.000 0.009 0.137 
 211   (0.032) 0.002 0.000 0.000 
 205   (0.040) 0.105 0.000 0.000 
 189   (0.077) 0.085 0.001 0.012 
 227   (0.049) 0.000 0.003 0.009 
 223   (0.031) 0.000 0.000 0.002 

Locus 6 : 
2 alleles
1.1% missing data
 205   (0.094) 0.000 0.004 0.146 
 203   (0.906) 1.000 0.996 0.854 

Locus 7 : 
9 alleles
0.3% missing data
 187   (0.158) 0.001 0.193 0.490 
 199   (0.112) 0.021 0.001 0.151 
 189   (0.175) 0.131 0.043 0.114 
