Ind,Pop,C1,C2,C3,C4,C5,C6,C7,C8,C9,C10,C11,C12,C13,C14,C15,C16,C17,C18
TMA-ZAIN-G-1,MBC,0.006,0.005,0.01,0.007,0.009,0.017,0.007,0.088,0.006,0.006,0.032,0.024,0.007,0.096,0.028,0.006,0.037,0.611
TMA-ZAIN-G-2,MBC,0.02,0.095,0.005,0.005,0.018,0.005,0.013,0.081,0.007,0.013,0.006,0.007,0.01,0.04,0.017,0.004,0.008,0.646
TMA-ZAIN-G-3,MBC,0.018,0.01,0.052,0.003,0.007,0.011,0.007,0.04,0.051,0.067,0.025,0.02,0.059,0.583,0.005,0.032,0.004,0.005
TMA-ZAIN-G-4,MBC,0.024,0.009,0.012,0.004,0.021,0.005,0.548,0.016,0.099,0.017,0.008,0.013,0.066,0.111,0.008,0.03,0.004,0.005
TMA-ZAIN-G-5,MBC,0.002,0.002,0.003,0.005,0.006,0.005,0.004,0.003,0.003,0.003,0.002,0.002,0.004,0.004,0.008,0.003,0.003,0.938
TMA-ZAIN-G-6,MBC,0.006,0.013,0.07,0.034,0.016,0.162,0.042,0.101,0.026,0.056,0.018,0.014,0.014,0.303,0.016,0.051,0.035,0.023
TMA-ZAIN-G-7,MBC,0.077,0.018,0.13,0.005,0.011,0.012,0.09,0.224,0.044,0.185,0.021,0.038,0.028,0.078,0.014,0.008,0.009,0.008
TMA-ZAIN-G-8,MBC,0.008,0.008,0.864,0.002,0.009,0.005,0.004,0.014,0.01,0.008,0.007,0.004,0.012,0.028,0.004,0.008,0.003,0.004
TMA-ZAIN-G-9,MBC,0.097,0.031,0.016,0.004,0.005,0.02,0.005,0.185,0.131,0.35,0.025,0.007,0.024,0.069,0.005,0.018,0.005,0.005
TMA-ZAIN-G-10,MBC,0.161,0.025,0.035,0.005,0.01,0.032,0.01,0.191,0.156,0.139,0.105,0.012,0.023,0.057,0.004,0.026,0.006,0.003
TMA-ZAIN-G-11,MBC,0.376,0.015,0.011,0.006,0.006,0.008,0.022,0.144,0.059,0.222,0.082,0.008,0.006,0.008,0.007,0.006,0.008,0.005
TMA-ZAIN-G-12,MBC,0.022,0.008,0.015,0.003,0.005,0.008,0.005,0.022,0.324,0.06,0.032,0.021,0.357,0.099,0.005,0.005,0.005,0.005
TMA-ZAIN-G-13,MBC,0.101,0.14,0.026,0.048,0.012,0.013,0.013,0.022,0.017,0.355,0.046,0.08,0.023,0.008,0.033,0.014,0.02,0.028
TMA-ZAIN-G-14,MBC,0.027,0.016,0.009,0.013,0.008,0.011,0.005,0.012,0.022,0.021,0.082,0.741,0.008,0.006,0.003,0.006,0.009,0.003
TMA-ZAIN-G-15,MBC,0.004,0.004,0.01,0.002,0.007,0.005,0.003,0.116,0.004,0.007,0.114,0.576,0.005,0.126,0.003,0.007,0.004,0.003
TMA-ZAIN-G-16,MBC,0.177,0.007,0.007,0.004,0.003,0.006,0.005,0.009,0.587,0.037,0.014,0.006,0.106,0.017,0.005,0.005,0.005,0.003
TMA-ZAIN-G-17,MBC,0.009,0.005,0.119,0.01,0.019,0.014,0.107,0.02,0.008,0.019,0.582,0.013,0.008,0.03,0.006,0.006,0.018,0.008
TMA-ZAIN-G-18,MBC,0.004,0.004,0.011,0.006,0.042,0.018,0.016,0.004,0.007,0.005,0.007,0.008,0.015,0.016,0.672,0.006,0.122,0.039
TMA-ZAIN-G-19,MBC,0.022,0.008,0.075,0.038,0.004,0.154,0.042,0.015,0.014,0.039,0.018,0.012,0.028,0.013,0.029,0.005,0.472,0.012
TMA-ZAIN-G-20,MBC,0.004,0.005,0.004,0.055,0.035,0.007,0.006,0.004,0.004,0.004,0.003,0.004,0.003,0.004,0.035,0.005,0.788,0.032
TMA-ZAIN-G-21,MBC,0.003,0.003,0.003,0.93,0.005,0.005,0.004,0.007,0.006,0.005,0.005,0.002,0.003,0.004,0.003,0.005,0.004,0.003
TMA-ZAIN-G-22,MBC,0.003,0.003,0.003,0.808,0.007,0.01,0.01,0.003,0.003,0.003,0.003,0.003,0.003,0.004,0.083,0.002,0.012,0.039
TMA-ZAIN-G-23,MBC,0.008,0.006,0.009,0.797,0.004,0.027,0.01,0.005,0.007,0.009,0.008,0.007,0.007,0.006,0.04,0.003,0.034,0.012
TMA-ZAIN-G-24,MBC,0.008,0.191,0.003,0.627,0.006,0.004,0.003,0.009,0.005,0.008,0.013,0.016,0.007,0.005,0.007,0.08,0.003,0.007
TMA-ZAIN-G-25,MBC,0.005,0.033,0.003,0.014,0.004,0.008,0.003,0.181,0.003,0.004,0.006,0.003,0.006,0.094,0.011,0.004,0.467,0.149
TMA-ZAIN-G-26,MBC,0.016,0.018,0.012,0.028,0.412,0.004,0.009,0.341,0.006,0.016,0.02,0.01,0.005,0.077,0.006,0.006,0.007,0.006
TMA-ZAIN-G-27,MBC,0.011,0.005,0.01,0.018,0.013,0.585,0.021,0.033,0.009,0.007,0.019,0.074,0.003,0.008,0.014,0.009,0.068,0.093
TMA-ZAIN-G-28,MBC,0.005,0.003,0.009,0.003,0.004,0.887,0.006,0.006,0.005,0.007,0.005,0.009,0.005,0.006,0.016,0.004,0.014,0.006
TMA-ZAIN-G-29,MBC,0.004,0.005,0.004,0.004,0.017,0.006,0.004,0.004,0.005,0.005,0.006,0.005,0.004,0.004,0.004,0.694,0.224,0.003
TMA-ZAIN-G-30,MBC,0.03,0.075,0.011,0.004,0.005,0.414,0.007,0.024,0.043,0.065,0.15,0.046,0.034,0.028,0.004,0.026,0.031,0.004
TMA-ZAIN-G-31,MBC,0.007,0.008,0.006,0.009,0.061,0.006,0.018,0.007,0.004,0.005,0.003,0.006,0.004,0.005,0.022,0.005,0.011,0.813
TMA-ZAIN-G-32,MBC,0.009,0.006,0.005,0.038,0.004,0.005,0.005,0.062,0.014,0.008,0.025,0.008,0.022,0.293,0.441,0.003,0.026,0.026
TMA-ZAIN-G-33,MBC,0.011,0.006,0.02,0.003,0.003,0.006,0.003,0.542,0.014,0.027,0.018,0.005,0.041,0.282,0.004,0.008,0.003,0.004
TMA-ZAIN-G-34,MBC,0.011,0.007,0.005,0.018,0.005,0.006,0.004,0.05,0.045,0.009,0.007,0.004,0.023,0.73,0.039,0.004,0.009,0.022
TMA-ZAIN-G-35,MBC,0.007,0.006,0.006,0.003,0.005,0.006,0.005,0.06,0.024,0.006,0.009,0.007,0.008,0.827,0.005,0.009,0.004,0.003
TMA-ZAIN-G-36,MBC,0.026,0.218,0.039,0.003,0.018,0.006,0.008,0.252,0.013,0.094,0.098,0.083,0.011,0.108,0.005,0.01,0.005,0.004
TMA-ZAIN-G-37,MBC,0.005,0.005,0.01,0.004,0.005,0.006,0.01,0.7,0.007,0.007,0.005,0.004,0.006,0.209,0.004,0.005,0.004,0.004
TMA-ZAIN-G-38,MBC,0.009,0.007,0.005,0.015,0.006,0.004,0.009,0.159,0.008,0.007,0.023,0.013,0.008,0.203,0.015,0.005,0.033,0.47
TMA-ZAIN-G-39,MBC,0.041,0.475,0.014,0.006,0.008,0.009,0.01,0.076,0.054,0.085,0.044,0.004,0.06,0.093,0.003,0.011,0.004,0.003
TMA-ZAIN-G-40,MBC,0.025,0.086,0.009,0.006,0.005,0.003,0.016,0.267,0.01,0.058,0.303,0.004,0.066,0.125,0.003,0.006,0.005,0.003
TMA-ZAIN-G-41,MBC,0.013,0.128,0.019,0.003,0.005,0.004,0.003,0.064,0.005,0.014,0.644,0.016,0.038,0.03,0.003,0.005,0.003,0.003
TMA-ZAIN-G-42,MBC,0.005,0.008,0.063,0.002,0.017,0.003,0.005,0.009,0.004,0.01,0.751,0.087,0.009,0.009,0.003,0.007,0.003,0.003
TMA-ZAIN-G-43,MBC,0.008,0.005,0.021,0.002,0.005,0.003,0.004,0.004,0.004,0.005,0.015,0.896,0.003,0.005,0.003,0.012,0.004,0.003
TMA-ZAIN-G-44,MBC,0.073,0.029,0.007,0.735,0.003,0.003,0.008,0.054,0.022,0.015,0.006,0.004,0.008,0.004,0.005,0.006,0.011,0.006
TMA-ZAIN-G-45,MBC,0.147,0.011,0.015,0.006,0.008,0.009,0.014,0.135,0.362,0.055,0.116,0.018,0.061,0.02,0.004,0.005,0.008,0.006
TMA-ZAIN-G-46,MBC,0.006,0.005,0.003,0.93,0.006,0.002,0.009,0.005,0.003,0.003,0.003,0.004,0.002,0.002,0.004,0.003,0.006,0.004
TMA-ZAIN-G-47,MBC,0.003,0.003,0.005,0.004,0.919,0.004,0.013,0.003,0.005,0.004,0.004,0.003,0.005,0.008,0.005,0.004,0.004,0.003
TMA-ZAIN-G-48,MBC,0.045,0.01,0.101,0.025,0.164,0.041,0.123,0.061,0.059,0.175,0.088,0.046,0.011,0.011,0.007,0.016,0.011,0.006
TMA-ZAIN-G-49,MBC,0.007,0.005,0.009,0.005,0.006,0.011,0.022,0.008,0.045,0.009,0.007,0.004,0.024,0.03,0.024,0.042,0.736,0.006
TMA-ZAIN-G-50,MBC,0.006,0.026,0.013,0.005,0.003,0.025,0.005,0.006,0.005,0.012,0.096,0.008,0.01,0.006,0.004,0.004,0.75,0.017
TMA-ZAIN-G-51,MBC,0.014,0.008,0.009,0.007,0.015,0.029,0.016,0.012,0.01,0.011,0.024,0.057,0.003,0.008,0.007,0.007,0.756,0.007
TMA-ZAIN-G-52,MBC,0.009,0.005,0.01,0.008,0.033,0.044,0.16,0.006,0.007,0.019,0.008,0.018,0.012,0.009,0.006,0.003,0.637,0.006
TMA-ZAIN-G-53,MBC,0.024,0.017,0.013,0.007,0.077,0.009,0.058,0.01,0.01,0.007,0.012,0.05,0.003,0.004,0.013,0.006,0.434,0.248
TMA-ZAIN-G-54,MBC,0.007,0.004,0.01,0.004,0.878,0.011,0.004,0.005,0.008,0.009,0.012,0.011,0.008,0.005,0.008,0.003,0.008,0.003
TMA-ZAIN-G-55,MBC,0.007,0.003,0.016,0.007,0.791,0.023,0.004,0.004,0.012,0.017,0.047,0.019,0.009,0.004,0.007,0.003,0.022,0.003
TMA-ZAIN-G-56,MBC,0.02,0.018,0.055,0.006,0.041,0.045,0.382,0.039,0.023,0.125,0.139,0.022,0.009,0.021,0.003,0.017,0.025,0.008
TMA-ZAIN-G-57,MBC,0.01,0.011,0.005,0.004,0.794,0.005,0.01,0.009,0.009,0.008,0.005,0.005,0.03,0.049,0.006,0.008,0.024,0.009
TMA-ZAIN-G-58,MBC,0.005,0.003,0.044,0.138,0.039,0.165,0.015,0.015,0.011,0.015,0.016,0.008,0.02,0.011,0.146,0.008,0.321,0.019
TMA-ZAIN-G-59,MBC,0.03,0.011,0.038,0.022,0.015,0.023,0.032,0.136,0.032,0.051,0.02,0.009,0.014,0.022,0.029,0.012,0.014,0.489
TMA-ZAIN-G-60,MBC,0.021,0.005,0.022,0.009,0.019,0.1,0.036,0.025,0.01,0.012,0.015,0.131,0.006,0.007,0.135,0.007,0.148,0.293
TMA-ZAIN-G-61,MBC,0.003,0.003,0.004,0.017,0.015,0.006,0.03,0.005,0.005,0.004,0.003,0.004,0.003,0.005,0.014,0.003,0.009,0.867
TMA-ZAIN-G-62,MBC,0.016,0.013,0.008,0.014,0.008,0.035,0.003,0.017,0.051,0.02,0.022,0.005,0.013,0.016,0.007,0.006,0.013,0.733
TMA-ZAIN-G-63,MBC,0.007,0.003,0.013,0.009,0.017,0.015,0.018,0.007,0.011,0.008,0.01,0.014,0.011,0.008,0.171,0.003,0.022,0.653
TMA-ZAIN-G-64,MBC,0.009,0.009,0.004,0.002,0.003,0.003,0.003,0.005,0.006,0.008,0.005,0.005,0.004,0.005,0.002,0.922,0.002,0.002
TMA-ZAIN-G-65,MBC,0.007,0.005,0.009,0.002,0.008,0.006,0.005,0.008,0.016,0.009,0.006,0.007,0.017,0.098,0.004,0.785,0.003,0.003
TMA-ZAIN-G-66,MBC,0.042,0.012,0.007,0.003,0.004,0.004,0.005,0.018,0.024,0.025,0.007,0.005,0.01,0.011,0.003,0.816,0.003,0.002
TMA-ZAIN-G-67,MBC,0.04,0.082,0.006,0.014,0.005,0.015,0.004,0.019,0.095,0.031,0.01,0.003,0.014,0.022,0.003,0.621,0.009,0.004
TMA-ZAIN-G-68,MBC,0.004,0.004,0.009,0.002,0.004,0.003,0.004,0.005,0.005,0.005,0.005,0.006,0.004,0.005,0.003,0.925,0.003,0.002
TMA-ZAIN-G-69,MBC,0.025,0.029,0.006,0.021,0.007,0.006,0.018,0.01,0.079,0.013,0.005,0.015,0.021,0.032,0.026,0.657,0.018,0.01
TMA-ZAIN-G-70,MBC,0.039,0.844,0.004,0.004,0.003,0.004,0.004,0.011,0.021,0.019,0.007,0.005,0.008,0.006,0.003,0.011,0.004,0.003
TMA-ZAIN-G-71,MBC,0.048,0.848,0.005,0.003,0.003,0.004,0.004,0.011,0.022,0.008,0.007,0.003,0.013,0.007,0.003,0.004,0.003,0.003
TMA-ZAIN-G-72,MBC,0.008,0.878,0.005,0.003,0.006,0.008,0.004,0.007,0.013,0.016,0.008,0.006,0.006,0.01,0.003,0.011,0.004,0.003
TMA-ZAIN-G-73,MBC,0.006,0.824,0.006,0.022,0.014,0.017,0.004,0.007,0.01,0.007,0.005,0.003,0.008,0.014,0.015,0.005,0.016,0.018
TMA-ZAIN-G-74,MBC,0.008,0.898,0.005,0.005,0.004,0.004,0.003,0.006,0.009,0.006,0.006,0.003,0.01,0.014,0.003,0.004,0.005,0.005
TMA-ZAIN-G-75,MBC,0.01,0.893,0.006,0.003,0.008,0.005,0.004,0.005,0.013,0.006,0.005,0.004,0.008,0.014,0.004,0.004,0.005,0.004
TMA-ZAIN-G-76,MBC,0.042,0.855,0.004,0.012,0.003,0.004,0.003,0.008,0.016,0.007,0.005,0.003,0.009,0.006,0.003,0.005,0.009,0.005
TMA-ZAIN-G-77,MBC,0.007,0.904,0.004,0.005,0.004,0.005,0.008,0.006,0.007,0.012,0.008,0.005,0.004,0.005,0.003,0.006,0.005,0.002
TMA-ZAIN-G-78,MBC,0.03,0.84,0.005,0.009,0.006,0.007,0.009,0.005,0.014,0.025,0.004,0.005,0.006,0.01,0.006,0.004,0.01,0.006
TMA-ZAIN-G-79,MBC,0.032,0.79,0.005,0.007,0.004,0.006,0.027,0.005,0.011,0.073,0.006,0.006,0.005,0.005,0.004,0.004,0.007,0.003
TMA-ZAIN-G-80,MBC,0.039,0.542,0.01,0.005,0.012,0.006,0.008,0.019,0.09,0.103,0.017,0.004,0.08,0.037,0.003,0.018,0.004,0.003
TMA-ZAIN-G-81,MBC,0.248,0.564,0.01,0.007,0.006,0.009,0.031,0.018,0.021,0.021,0.011,0.007,0.012,0.015,0.004,0.005,0.009,0.003
TMA-ZAIN-G-82,MBC,0.205,0.036,0.011,0.002,0.013,0.006,0.007,0.024,0.195,0.01,0.006,0.006,0.029,0.291,0.007,0.145,0.005,0.003
TMA-ZAIN-G-83,MBC,0.01,0.01,0.018,0.019,0.01,0.023,0.005,0.045,0.114,0.029,0.009,0.005,0.088,0.53,0.034,0.019,0.009,0.024
TMA-ZAIN-G-84,MBC,0.244,0.571,0.006,0.02,0.004,0.006,0.012,0.016,0.025,0.033,0.008,0.005,0.014,0.009,0.003,0.006,0.012,0.004
TMA-ZAIN-G-85,MBC,0.004,0.003,0.004,0.004,0.004,0.004,0.94,0.003,0.004,0.004,0.003,0.003,0.003,0.004,0.004,0.003,0.004,0.004
TMA-ZAIN-G-86,MBC,0.011,0.005,0.009,0.006,0.005,0.005,0.875,0.017,0.013,0.009,0.008,0.003,0.01,0.008,0.003,0.005,0.003,0.004
TMA-ZAIN-G-87,MBC,0.004,0.003,0.003,0.005,0.004,0.004,0.94,0.003,0.004,0.003,0.003,0.003,0.003,0.003,0.004,0.002,0.004,0.005
TMA-ZAIN-G-88,MBC,0.03,0.016,0.009,0.01,0.077,0.011,0.321,0.014,0.07,0.045,0.006,0.015,0.064,0.101,0.021,0.023,0.008,0.161
TMA-ZAIN-G-89,MBC,0.056,0.026,0.006,0.026,0.352,0.004,0.28,0.015,0.025,0.037,0.009,0.039,0.025,0.022,0.011,0.021,0.008,0.039
TMA-ZAIN-G-90,MBC,0.004,0.003,0.006,0.004,0.03,0.006,0.809,0.006,0.024,0.005,0.004,0.004,0.016,0.029,0.029,0.011,0.006,0.004
TMA-ZAIN-G-91,MBC,0.016,0.007,0.015,0.006,0.035,0.016,0.717,0.021,0.012,0.009,0.007,0.013,0.008,0.01,0.006,0.01,0.006,0.087
TMA-ZAIN-G-92,MBC,0.011,0.011,0.007,0.036,0.281,0.027,0.501,0.008,0.013,0.011,0.008,0.012,0.004,0.007,0.017,0.006,0.033,0.007
TMA-ZAIN-G-93,MBC,0.008,0.006,0.007,0.014,0.505,0.116,0.186,0.009,0.009,0.008,0.006,0.026,0.004,0.005,0.01,0.007,0.023,0.05
TMA-ZAIN-G-94,MBC,0.005,0.005,0.005,0.009,0.044,0.016,0.723,0.006,0.004,0.004,0.003,0.006,0.003,0.005,0.019,0.004,0.008,0.13
TMA-ZAIN-G-95,MBC,0.004,0.012,0.004,0.005,0.004,0.848,0.005,0.006,0.005,0.007,0.018,0.015,0.006,0.004,0.017,0.007,0.029,0.004
TMA-ZAIN-G-96,MBC,0.004,0.003,0.006,0.007,0.005,0.726,0.008,0.009,0.005,0.006,0.11,0.014,0.007,0.014,0.006,0.004,0.058,0.006
TMA-ZAIN-G-97,MBC,0.01,0.028,0.01,0.006,0.016,0.005,0.007,0.008,0.004,0.005,0.004,0.007,0.004,0.005,0.206,0.006,0.026,0.644
TMA-ZAIN-G-98,MBC,0.008,0.042,0.013,0.004,0.011,0.003,0.006,0.007,0.003,0.004,0.003,0.004,0.003,0.005,0.2,0.004,0.004,0.677
TMA-ZAIN-G-99,MBC,0.056,0.013,0.024,0.008,0.005,0.006,0.004,0.068,0.02,0.106,0.016,0.005,0.011,0.021,0.04,0.008,0.006,0.584
TMA-ZAIN-G-101,MBC,0.005,0.005,0.004,0.011,0.018,0.007,0.025,0.006,0.004,0.003,0.003,0.005,0.003,0.004,0.01,0.005,0.034,0.848
TMA-ZAIN-G-102,MBC,0.049,0.006,0.006,0.005,0.01,0.008,0.003,0.019,0.007,0.025,0.005,0.006,0.006,0.006,0.059,0.005,0.019,0.757
TMA-ZAIN-G-103,MBC,0.008,0.012,0.007,0.09,0.005,0.013,0.044,0.01,0.015,0.014,0.028,0.013,0.019,0.006,0.662,0.009,0.033,0.01
TMA-ZAIN-G-104,MBC,0.01,0.007,0.009,0.013,0.004,0.012,0.029,0.007,0.011,0.009,0.008,0.005,0.01,0.01,0.822,0.005,0.02,0.009
TMA-ZAIN-G-105,MBC,0.003,0.003,0.003,0.006,0.004,0.004,0.003,0.002,0.003,0.003,0.003,0.003,0.003,0.003,0.941,0.002,0.005,0.006
TMA-ZAIN-G-106,MBC,0.011,0.006,0.011,0.007,0.004,0.012,0.043,0.007,0.013,0.01,0.008,0.005,0.011,0.011,0.82,0.005,0.01,0.008
TMA-ZAIN-G-107,MBC,0.04,0.079,0.03,0.003,0.005,0.006,0.008,0.132,0.02,0.151,0.29,0.081,0.076,0.022,0.004,0.045,0.004,0.004
TMA-ZAIN-G-108,MBC,0.042,0.09,0.017,0.003,0.007,0.005,0.007,0.111,0.088,0.27,0.017,0.011,0.252,0.052,0.005,0.016,0.004,0.004
TMA-ZAIN-G-109,MBC,0.021,0.009,0.008,0.03,0.009,0.007,0.032,0.407,0.012,0.009,0.011,0.017,0.007,0.178,0.027,0.005,0.032,0.179
TMA-ZAIN-G-110,MBC,0.015,0.006,0.045,0.005,0.052,0.032,0.013,0.015,0.029,0.099,0.064,0.024,0.136,0.083,0.021,0.092,0.007,0.264
TMA-ZAIN-G-111,MBC,0.045,0.014,0.039,0.11,0.014,0.023,0.02,0.121,0.081,0.169,0.047,0.014,0.065,0.042,0.041,0.006,0.097,0.052
TMA-ZAIN-G-112,MBC,0.012,0.024,0.006,0.133,0.017,0.016,0.007,0.008,0.111,0.015,0.008,0.004,0.081,0.167,0.138,0.007,0.108,0.14
TMA-ZAIN-G-113,MBC,0.096,0.012,0.031,0.033,0.019,0.026,0.012,0.024,0.037,0.038,0.127,0.029,0.061,0.077,0.222,0.017,0.054,0.086
TMA-ZAIN-G-114,MBC,0.015,0.014,0.006,0.008,0.018,0.003,0.006,0.01,0.007,0.007,0.004,0.005,0.009,0.014,0.01,0.008,0.004,0.852
TMA-ZAIN-G-115,MBC,0.003,0.003,0.002,0.009,0.004,0.004,0.006,0.003,0.003,0.003,0.002,0.002,0.003,0.003,0.005,0.002,0.004,0.938
TMA-ZAIN-G-116,MBC,0.003,0.003,0.003,0.005,0.004,0.004,0.003,0.003,0.004,0.003,0.003,0.004,0.005,0.005,0.007,0.003,0.004,0.935
TMA-ZAIN-G-117,MBC,0.006,0.005,0.009,0.002,0.006,0.004,0.004,0.008,0.088,0.007,0.005,0.004,0.06,0.774,0.004,0.007,0.003,0.003
TMA-ZAIN-G-118,MBC,0.028,0.028,0.042,0.003,0.02,0.017,0.018,0.027,0.035,0.026,0.02,0.033,0.013,0.606,0.005,0.071,0.005,0.004
TMA-ZAIN-G-119,MBC,0.007,0.007,0.007,0.002,0.005,0.005,0.005,0.006,0.084,0.006,0.006,0.008,0.09,0.741,0.004,0.008,0.004,0.004
TMA-ZAIN-G-120,MBC,0.007,0.022,0.007,0.013,0.005,0.01,0.004,0.008,0.063,0.008,0.005,0.004,0.09,0.704,0.011,0.013,0.014,0.012
TMA-ZAIN-G-121,MBC,0.009,0.008,0.009,0.003,0.006,0.007,0.009,0.006,0.083,0.009,0.007,0.017,0.048,0.755,0.008,0.008,0.005,0.004
TMA-ZAIN-G-122,MBC,0.006,0.006,0.011,0.003,0.005,0.01,0.005,0.011,0.054,0.009,0.01,0.007,0.013,0.817,0.004,0.022,0.003,0.003
TMA-ZAIN-G-123,MBC,0.007,0.006,0.033,0.004,0.006,0.012,0.022,0.69,0.009,0.017,0.008,0.008,0.009,0.149,0.004,0.009,0.004,0.003
TMA-ZAIN-G-124,MBC,0.006,0.006,0.005,0.008,0.007,0.007,0.011,0.005,0.005,0.006,0.005,0.012,0.005,0.006,0.023,0.004,0.012,0.867
TMA-ZAIN-G-125,MBC,0.007,0.004,0.885,0.003,0.003,0.005,0.006,0.008,0.006,0.012,0.028,0.006,0.006,0.007,0.004,0.003,0.004,0.003
TMA-ZAIN-G-126,MBC,0.005,0.005,0.886,0.002,0.023,0.004,0.005,0.005,0.004,0.006,0.015,0.008,0.005,0.005,0.002,0.013,0.003,0.002
TMA-ZAIN-G-127,MBC,0.007,0.004,0.885,0.003,0.006,0.004,0.005,0.005,0.006,0.015,0.016,0.015,0.012,0.005,0.004,0.003,0.003,0.003
TMA-ZAIN-G-128,MBC,0.011,0.003,0.864,0.003,0.003,0.004,0.005,0.009,0.008,0.016,0.038,0.007,0.012,0.005,0.003,0.005,0.003,0.003
TMA-ZAIN-G-129,MBC,0.008,0.004,0.873,0.003,0.004,0.008,0.004,0.022,0.009,0.01,0.01,0.005,0.008,0.011,0.004,0.01,0.003,0.003
TMA-ZAIN-G-130,MBC,0.005,0.005,0.896,0.003,0.004,0.004,0.006,0.009,0.006,0.015,0.01,0.007,0.006,0.009,0.005,0.004,0.004,0.004
TMA-ZAIN-G-131,MBC,0.004,0.004,0.898,0.002,0.013,0.004,0.005,0.004,0.005,0.008,0.006,0.013,0.009,0.008,0.005,0.004,0.003,0.004
TMA-ZAIN-G-132,MBC,0.007,0.003,0.905,0.003,0.003,0.006,0.007,0.006,0.005,0.009,0.013,0.007,0.006,0.005,0.004,0.003,0.004,0.003
TMA-ZAIN-G-133,MBC,0.009,0.006,0.853,0.002,0.011,0.007,0.005,0.02,0.009,0.012,0.014,0.007,0.008,0.013,0.003,0.016,0.003,0.003
TMA-ZAIN-G-134,MBC,0.01,0.023,0.021,0.007,0.016,0.012,0.025,0.008,0.009,0.609,0.096,0.074,0.015,0.015,0.003,0.046,0.009,0.003
TMA-ZAIN-G-135,MBC,0.006,0.016,0.077,0.004,0.012,0.004,0.021,0.007,0.005,0.664,0.014,0.104,0.024,0.008,0.003,0.024,0.004,0.003
TMA-ZAIN-G-136,MBC,0.011,0.01,0.009,0.003,0.004,0.003,0.007,0.01,0.008,0.859,0.006,0.005,0.04,0.007,0.003,0.008,0.003,0.004
TMA-ZAIN-G-137,MBC,0.008,0.017,0.014,0.005,0.015,0.008,0.005,0.038,0.045,0.529,0.011,0.004,0.021,0.018,0.003,0.252,0.003,0.004
TMA-ZAIN-G-138,MBC,0.013,0.017,0.013,0.008,0.006,0.004,0.02,0.011,0.009,0.222,0.007,0.005,0.627,0.018,0.004,0.005,0.007,0.005
TMA-ZAIN-G-139,MBC,0.021,0.008,0.104,0.003,0.01,0.003,0.003,0.02,0.037,0.654,0.012,0.013,0.077,0.016,0.003,0.008,0.003,0.004
TMA-ZAIN-G-140,MBC,0.013,0.024,0.074,0.003,0.026,0.003,0.006,0.013,0.023,0.651,0.009,0.008,0.098,0.03,0.003,0.008,0.003,0.005
TMA-ZAIN-G-141,MBC,0.206,0.01,0.014,0.003,0.004,0.01,0.005,0.044,0.251,0.319,0.019,0.007,0.071,0.019,0.004,0.008,0.004,0.003
TMA-ZAIN-G-142,MBC,0.6,0.017,0.032,0.003,0.006,0.007,0.009,0.04,0.046,0.136,0.012,0.022,0.029,0.018,0.007,0.005,0.005,0.005
TMA-ZAIN-G-143,MBC,0.429,0.011,0.013,0.003,0.004,0.007,0.006,0.041,0.249,0.092,0.014,0.006,0.083,0.021,0.003,0.011,0.003,0.003
TMA-ZAIN-G-144,MBC,0.06,0.009,0.057,0.003,0.004,0.009,0.006,0.095,0.087,0.514,0.017,0.008,0.068,0.04,0.004,0.012,0.004,0.004
TMA-ZAIN-G-145,MBC,0.01,0.005,0.047,0.005,0.015,0.017,0.01,0.022,0.219,0.467,0.039,0.009,0.09,0.025,0.004,0.006,0.007,0.003
TMA-ZAIN-G-146,MBC,0.041,0.031,0.035,0.002,0.013,0.006,0.005,0.073,0.05,0.037,0.013,0.006,0.305,0.171,0.003,0.205,0.003,0.003
TMA-ZAIN-G-147,MBC,0.821,0.009,0.004,0.002,0.003,0.003,0.003,0.069,0.027,0.026,0.004,0.004,0.006,0.005,0.003,0.004,0.003,0.003
TMA-ZAIN-G-148,MBC,0.63,0.011,0.006,0.003,0.004,0.004,0.004,0.139,0.027,0.125,0.008,0.004,0.009,0.008,0.003,0.009,0.003,0.002
TMA-ZAIN-G-149,MBC,0.612,0.009,0.022,0.003,0.02,0.003,0.004,0.088,0.02,0.133,0.018,0.046,0.005,0.004,0.003,0.004,0.003,0.002
TMA-ZAIN-G-150,MBC,0.219,0.011,0.028,0.01,0.031,0.012,0.02,0.085,0.015,0.474,0.014,0.016,0.009,0.01,0.019,0.007,0.007,0.013
TMA-ZAIN-G-151,MBC,0.076,0.02,0.012,0.008,0.043,0.011,0.009,0.106,0.049,0.428,0.009,0.011,0.022,0.057,0.04,0.086,0.006,0.008
TMA-ZAIN-G-152,MBC,0.007,0.005,0.005,0.002,0.004,0.004,0.003,0.014,0.058,0.007,0.182,0.015,0.523,0.153,0.003,0.008,0.003,0.003
TMA-ZAIN-G-153,MBC,0.012,0.004,0.007,0.002,0.004,0.005,0.003,0.012,0.171,0.008,0.014,0.016,0.472,0.254,0.003,0.005,0.003,0.004
TMA-ZAIN-G-154,MBC,0.021,0.013,0.028,0.003,0.014,0.004,0.004,0.019,0.108,0.151,0.063,0.029,0.489,0.03,0.004,0.014,0.003,0.003
TMA-ZAIN-G-155,MBC,0.009,0.004,0.007,0.002,0.004,0.003,0.004,0.005,0.052,0.006,0.005,0.004,0.819,0.063,0.004,0.004,0.003,0.003
TMA-ZAIN-G-156,MBC,0.013,0.007,0.01,0.003,0.003,0.004,0.006,0.009,0.012,0.051,0.008,0.007,0.814,0.036,0.005,0.006,0.004,0.004
TMA-ZAIN-G-157,MBC,0.018,0.004,0.027,0.003,0.011,0.004,0.004,0.01,0.1,0.036,0.057,0.081,0.587,0.043,0.005,0.004,0.004,0.005
TMA-ZAIN-G-158,MBC,0.053,0.008,0.019,0.003,0.005,0.004,0.004,0.01,0.104,0.219,0.053,0.114,0.354,0.026,0.007,0.007,0.004,0.004
TMA-ZAIN-G-159,MBC,0.043,0.011,0.006,0.003,0.004,0.005,0.004,0.007,0.635,0.011,0.009,0.004,0.215,0.028,0.003,0.004,0.005,0.003
TMA-ZAIN-G-160,MBC,0.175,0.154,0.014,0.002,0.005,0.004,0.003,0.019,0.101,0.053,0.006,0.004,0.4,0.035,0.005,0.013,0.003,0.005
TMA-ZAIN-G-161,MBC,0.048,0.106,0.008,0.002,0.007,0.003,0.004,0.014,0.079,0.029,0.004,0.004,0.338,0.32,0.004,0.022,0.003,0.004
TMA-ZAIN-G-162,MBC,0.035,0.012,0.091,0.002,0.014,0.005,0.005,0.024,0.1,0.403,0.039,0.015,0.199,0.038,0.004,0.007,0.004,0.003
TMA-ZAIN-G-163,MBC,0.006,0.005,0.005,0.01,0.01,0.009,0.01,0.005,0.012,0.008,0.008,0.003,0.86,0.011,0.017,0.004,0.005,0.013
TMA-ZAIN-G-164,MBC,0.013,0.006,0.006,0.002,0.003,0.003,0.003,0.006,0.086,0.013,0.005,0.003,0.81,0.029,0.003,0.004,0.002,0.003
TMA-ZAIN-G-165,MBC,0.02,0.007,0.012,0.005,0.007,0.006,0.01,0.021,0.376,0.025,0.006,0.005,0.42,0.058,0.005,0.008,0.004,0.005
TMA-ZAIN-G-166,MBC,0.031,0.009,0.012,0.003,0.003,0.004,0.003,0.021,0.241,0.049,0.007,0.003,0.502,0.093,0.004,0.007,0.003,0.004
TMA-ZAIN-G-167,MBC,0.129,0.021,0.037,0.002,0.009,0.004,0.005,0.095,0.084,0.036,0.02,0.006,0.414,0.118,0.003,0.01,0.003,0.003
TMA-ZAIN-G-168,MBC,0.416,0.06,0.012,0.005,0.004,0.008,0.007,0.032,0.171,0.193,0.015,0.008,0.017,0.03,0.006,0.005,0.007,0.006
TMA-ZAIN-G-169,MBC,0.853,0.017,0.005,0.003,0.006,0.005,0.006,0.011,0.018,0.01,0.006,0.022,0.005,0.011,0.005,0.008,0.005,0.005
TMA-ZAIN-G-170,MBC,0.902,0.008,0.005,0.002,0.004,0.004,0.004,0.007,0.009,0.005,0.004,0.004,0.007,0.008,0.003,0.018,0.002,0.003
TMA-ZAIN-G-171,MBC,0.517,0.018,0.029,0.012,0.004,0.008,0.006,0.037,0.022,0.077,0.064,0.052,0.036,0.031,0.011,0.013,0.028,0.035
TMA-ZAIN-G-172,MBC,0.914,0.011,0.004,0.002,0.003,0.003,0.003,0.006,0.011,0.006,0.003,0.003,0.006,0.007,0.003,0.008,0.002,0.003
TMA-ZAIN-G-173,MBC,0.648,0.007,0.022,0.004,0.003,0.005,0.004,0.01,0.081,0.054,0.117,0.014,0.009,0.005,0.003,0.004,0.006,0.003
TMA-ZAIN-G-174,MBC,0.314,0.012,0.043,0.004,0.005,0.009,0.008,0.021,0.094,0.111,0.32,0.02,0.01,0.01,0.004,0.006,0.007,0.003
TMA-ZAIN-G-175,MBC,0.117,0.017,0.316,0.002,0.007,0.005,0.004,0.222,0.049,0.046,0.071,0.004,0.043,0.059,0.003,0.028,0.003,0.003
TMA-ZAIN-G-176,MBC,0.868,0.019,0.004,0.003,0.003,0.003,0.004,0.011,0.039,0.009,0.004,0.004,0.006,0.007,0.003,0.006,0.003,0.003
TMA-ZAIN-G-177,MBC,0.906,0.011,0.004,0.002,0.003,0.003,0.004,0.011,0.015,0.008,0.004,0.004,0.007,0.005,0.003,0.004,0.003,0.003
TMA-ZAIN-G-178,MBC,0.864,0.007,0.004,0.002,0.002,0.003,0.004,0.019,0.045,0.008,0.009,0.009,0.006,0.004,0.003,0.003,0.004,0.003
TMA-ZAIN-G-179,MBC,0.24,0.016,0.009,0.004,0.004,0.006,0.005,0.068,0.255,0.135,0.182,0.032,0.013,0.014,0.004,0.004,0.006,0.005
TMA-ZAIN-G-180,MBC,0.724,0.007,0.009,0.002,0.004,0.005,0.005,0.076,0.076,0.016,0.026,0.013,0.014,0.008,0.003,0.006,0.003,0.003
TMA-ZAIN-G-181,MBC,0.02,0.004,0.356,0.007,0.009,0.013,0.024,0.078,0.033,0.107,0.174,0.03,0.021,0.026,0.004,0.084,0.005,0.004
TMA-ZAIN-G-182,MBC,0.008,0.009,0.015,0.003,0.005,0.003,0.004,0.007,0.01,0.027,0.708,0.108,0.058,0.015,0.004,0.005,0.004,0.005
TMA-ZAIN-G-183,MBC,0.02,0.004,0.342,0.003,0.005,0.005,0.006,0.031,0.014,0.137,0.193,0.177,0.028,0.014,0.006,0.003,0.004,0.007
TMA-ZAIN-G-184,MBC,0.011,0.006,0.007,0.003,0.004,0.004,0.005,0.016,0.009,0.013,0.8,0.065,0.011,0.029,0.004,0.004,0.004,0.004
TMA-ZAIN-G-185,MBC,0.013,0.01,0.017,0.01,0.016,0.012,0.02,0.011,0.016,0.081,0.621,0.027,0.043,0.044,0.023,0.008,0.008,0.021
TMA-ZAIN-G-186,MBC,0.005,0.007,0.031,0.012,0.018,0.038,0.012,0.009,0.013,0.04,0.755,0.004,0.011,0.01,0.011,0.006,0.008,0.01
TMA-ZAIN-G-187,MBC,0.011,0.01,0.05,0.004,0.005,0.012,0.006,0.007,0.026,0.029,0.794,0.005,0.013,0.008,0.004,0.005,0.007,0.003
TMA-ZAIN-G-188,MBC,0.009,0.042,0.017,0.003,0.003,0.005,0.005,0.009,0.008,0.071,0.725,0.014,0.049,0.013,0.004,0.014,0.005,0.004
TMA-ZAIN-G-189,MBC,0.004,0.052,0.019,0.002,0.004,0.005,0.003,0.027,0.005,0.026,0.748,0.006,0.02,0.04,0.004,0.027,0.003,0.003
TMA-ZAIN-G-190,MBC,0.007,0.004,0.012,0.003,0.003,0.003,0.003,0.007,0.006,0.007,0.916,0.005,0.006,0.005,0.002,0.006,0.003,0.002
TMA-ZAIN-G-191,MBC,0.038,0.026,0.01,0.003,0.006,0.007,0.004,0.09,0.037,0.011,0.694,0.02,0.005,0.02,0.003,0.018,0.005,0.003
TMA-ZAIN-G-192,MBC,0.01,0.008,0.007,0.014,0.008,0.008,0.014,0.015,0.006,0.009,0.854,0.004,0.007,0.007,0.011,0.005,0.006,0.009
TMA-ZAIN-G-193,MBC,0.01,0.015,0.018,0.013,0.005,0.003,0.024,0.008,0.005,0.031,0.814,0.016,0.01,0.005,0.003,0.004,0.01,0.006
TMA-ZAIN-G-194,MBC,0.004,0.003,0.004,0.002,0.004,0.003,0.004,0.003,0.003,0.003,0.005,0.944,0.003,0.003,0.003,0.003,0.003,0.002
TMA-ZAIN-G-195,MBC,0.008,0.006,0.04,0.006,0.018,0.022,0.005,0.007,0.009,0.014,0.11,0.718,0.004,0.005,0.003,0.013,0.011,0.002
TMA-ZAIN-G-196,MBC,0.024,0.023,0.05,0.002,0.007,0.005,0.004,0.025,0.02,0.013,0.079,0.688,0.004,0.006,0.003,0.034,0.009,0.003
TMA-ZAIN-G-197,MBC,0.005,0.006,0.011,0.003,0.007,0.008,0.004,0.01,0.007,0.012,0.02,0.864,0.008,0.009,0.003,0.017,0.004,0.003
TMA-ZAIN-G-198,MBC,0.013,0.01,0.011,0.003,0.005,0.005,0.008,0.008,0.008,0.012,0.01,0.867,0.008,0.01,0.003,0.013,0.003,0.003
TMA-ZAIN-G-199,MBC,0.017,0.008,0.007,0.003,0.004,0.003,0.004,0.011,0.009,0.011,0.02,0.87,0.011,0.008,0.003,0.006,0.003,0.003
TMA-ZAIN-G-200,MBC,0.008,0.009,0.034,0.004,0.007,0.009,0.005,0.008,0.015,0.026,0.831,0.006,0.013,0.01,0.004,0.004,0.005,0.004
TMA-ZAIN-G-201,MBC,0.003,0.003,0.003,0.708,0.004,0.014,0.007,0.005,0.005,0.003,0.006,0.056,0.002,0.003,0.013,0.004,0.148,0.014
TMA-ZAIN-G-202,MBC,0.005,0.005,0.003,0.877,0.004,0.011,0.005,0.004,0.004,0.004,0.003,0.003,0.003,0.004,0.014,0.006,0.039,0.005
TMA-ZAIN-G-203,MBC,0.007,0.003,0.004,0.78,0.002,0.007,0.004,0.012,0.007,0.007,0.015,0.04,0.005,0.005,0.011,0.004,0.062,0.024
TMA-ZAIN-G-204,MBC,0.009,0.007,0.033,0.002,0.005,0.005,0.005,0.027,0.011,0.037,0.017,0.753,0.023,0.031,0.009,0.004,0.004,0.018
TMA-ZAIN-G-205,MBC,0.018,0.018,0.007,0.737,0.024,0.006,0.064,0.034,0.007,0.009,0.007,0.006,0.004,0.007,0.004,0.01,0.033,0.006
TMA-ZAIN-G-206,MBC,0.01,0.009,0.01,0.658,0.013,0.005,0.02,0.025,0.014,0.035,0.007,0.007,0.058,0.024,0.007,0.007,0.085,0.007
TMA-ZAIN-G-207,MBC,0.024,0.006,0.007,0.533,0.011,0.009,0.163,0.021,0.012,0.009,0.019,0.055,0.005,0.012,0.01,0.008,0.08,0.015
TMA-ZAIN-G-208,MBC,0.011,0.014,0.011,0.008,0.044,0.041,0.056,0.014,0.161,0.09,0.013,0.006,0.07,0.389,0.006,0.041,0.016,0.008
TMA-ZAIN-G-209,MBC,0.075,0.012,0.006,0.003,0.004,0.009,0.002,0.033,0.319,0.349,0.018,0.003,0.031,0.095,0.003,0.031,0.003,0.003
TMA-ZAIN-G-210,MBC,0.169,0.031,0.126,0.002,0.069,0.004,0.008,0.011,0.042,0.281,0.022,0.163,0.038,0.012,0.003,0.012,0.004,0.003
TMA-ZAIN-G-211,MBC,0.079,0.042,0.046,0.003,0.013,0.009,0.012,0.055,0.022,0.143,0.064,0.326,0.048,0.044,0.004,0.083,0.004,0.003
TMA-ZAIN-G-212,MBC,0.092,0.038,0.267,0.017,0.012,0.015,0.008,0.082,0.019,0.214,0.073,0.055,0.022,0.026,0.009,0.022,0.018,0.011
TMA-ZAIN-G-213,MBC,0.043,0.004,0.026,0.003,0.005,0.007,0.009,0.597,0.057,0.045,0.112,0.019,0.027,0.028,0.003,0.008,0.004,0.003
TMA-ZAIN-G-214,MBC,0.028,0.008,0.013,0.003,0.004,0.005,0.004,0.006,0.018,0.849,0.016,0.011,0.017,0.004,0.004,0.004,0.004,0.003
TMA-ZAIN-G-215,MBC,0.028,0.019,0.071,0.003,0.005,0.004,0.004,0.004,0.028,0.723,0.029,0.011,0.033,0.005,0.003,0.023,0.004,0.003
TMA-ZAIN-G-216,MBC,0.327,0.022,0.009,0.008,0.002,0.005,0.003,0.022,0.091,0.096,0.146,0.004,0.012,0.016,0.003,0.004,0.228,0.003
TMA-ZAIN-G-217,MBC,0.061,0.012,0.129,0.004,0.012,0.007,0.005,0.006,0.085,0.318,0.302,0.016,0.018,0.007,0.003,0.006,0.005,0.003
TMA-ZAIN-G-218,MBC,0.115,0.042,0.082,0.003,0.007,0.003,0.005,0.009,0.014,0.579,0.016,0.031,0.018,0.005,0.003,0.061,0.004,0.003
TMA-ZAIN-G-219,MBC,0.013,0.004,0.014,0.003,0.006,0.015,0.005,0.003,0.007,0.005,0.007,0.003,0.007,0.007,0.007,0.009,0.88,0.005
TMA-ZAIN-G-220,MBC,0.004,0.004,0.009,0.007,0.007,0.007,0.013,0.004,0.005,0.004,0.005,0.003,0.005,0.005,0.005,0.003,0.905,0.005
TMA-ZAIN-G-221,MBC,0.006,0.005,0.006,0.005,0.005,0.165,0.01,0.043,0.022,0.006,0.007,0.004,0.01,0.148,0.094,0.01,0.448,0.007
TMA-ZAIN-G-222,MBC,0.011,0.005,0.014,0.011,0.004,0.009,0.01,0.01,0.01,0.008,0.018,0.005,0.007,0.005,0.003,0.005,0.86,0.004
TMA-ZAIN-G-223,MBC,0.01,0.007,0.015,0.006,0.008,0.006,0.02,0.006,0.019,0.005,0.006,0.004,0.012,0.02,0.039,0.011,0.798,0.005
TMA-ZAIN-G-224,MBC,0.004,0.004,0.005,0.008,0.005,0.017,0.014,0.006,0.006,0.005,0.004,0.003,0.004,0.005,0.005,0.005,0.891,0.007
TMA-ZAIN-G-225,MBC,0.01,0.006,0.031,0.01,0.006,0.012,0.121,0.005,0.005,0.009,0.014,0.007,0.006,0.006,0.02,0.005,0.717,0.009
TMA-ZAIN-G-226,MBC,0.005,0.003,0.004,0.008,0.003,0.009,0.005,0.004,0.005,0.004,0.006,0.01,0.003,0.003,0.01,0.002,0.907,0.007
TMA-ZAIN-G-227,MBC,0.011,0.008,0.004,0.006,0.004,0.012,0.009,0.007,0.01,0.008,0.01,0.022,0.007,0.009,0.006,0.005,0.847,0.012
TMA-ZAIN-G-228,MBC,0.014,0.007,0.004,0.011,0.004,0.008,0.006,0.007,0.012,0.01,0.011,0.018,0.008,0.008,0.007,0.004,0.852,0.011
TMA-ZAIN-G-229,MBC,0.029,0.025,0.007,0.009,0.005,0.014,0.017,0.011,0.024,0.012,0.008,0.006,0.011,0.013,0.006,0.008,0.776,0.018
TMA-ZAIN-G-230,MBC,0.006,0.003,0.003,0.028,0.006,0.01,0.008,0.003,0.003,0.003,0.003,0.002,0.003,0.004,0.014,0.009,0.878,0.014
TMA-ZAIN-G-231,MBC,0.11,0.026,0.054,0.008,0.01,0.011,0.28,0.018,0.012,0.009,0.019,0.012,0.004,0.006,0.035,0.011,0.337,0.035
TMA-ZAIN-G-232,MBC,0.021,0.023,0.012,0.343,0.008,0.012,0.072,0.01,0.022,0.015,0.008,0.009,0.02,0.019,0.275,0.007,0.113,0.01
TMA-ZAIN-G-233,MBC,0.015,0.007,0.037,0.459,0.009,0.005,0.023,0.005,0.014,0.006,0.015,0.006,0.01,0.011,0.148,0.026,0.152,0.054
TMA-ZAIN-G-234,MBC,0.023,0.028,0.021,0.014,0.009,0.014,0.019,0.01,0.009,0.013,0.009,0.007,0.013,0.01,0.006,0.048,0.743,0.004
TMA-ZAIN-G-235,MBC,0.005,0.005,0.004,0.03,0.032,0.007,0.005,0.005,0.012,0.003,0.005,0.014,0.007,0.012,0.227,0.007,0.597,0.022
TMA-ZAIN-G-236,MBC,0.007,0.06,0.004,0.018,0.007,0.026,0.037,0.008,0.016,0.008,0.076,0.018,0.008,0.015,0.014,0.004,0.432,0.242
TMA-ZAIN-G-237,MBC,0.013,0.012,0.006,0.018,0.004,0.007,0.05,0.016,0.012,0.02,0.011,0.023,0.013,0.012,0.008,0.007,0.743,0.026
TMA-ZAIN-G-238,MBC,0.081,0.105,0.016,0.01,0.005,0.015,0.115,0.058,0.016,0.034,0.01,0.007,0.013,0.031,0.047,0.009,0.353,0.077
TMA-ZAIN-G-239,MBC,0.011,0.019,0.012,0.018,0.003,0.006,0.006,0.022,0.01,0.04,0.01,0.006,0.027,0.027,0.011,0.004,0.742,0.027
TMA-ZAIN-G-240,MBC,0.004,0.003,0.008,0.717,0.041,0.003,0.022,0.024,0.003,0.012,0.038,0.063,0.003,0.023,0.003,0.022,0.008,0.004
TMA-ZAIN-G-241,MBC,0.006,0.005,0.003,0.928,0.006,0.003,0.009,0.004,0.003,0.003,0.003,0.004,0.003,0.003,0.004,0.003,0.007,0.003
TMA-ZAIN-G-242,MBC,0.019,0.011,0.003,0.898,0.005,0.002,0.005,0.008,0.007,0.006,0.004,0.004,0.006,0.005,0.003,0.005,0.005,0.004
TMA-ZAIN-G-243,MBC,0.007,0.006,0.003,0.918,0.003,0.003,0.003,0.007,0.007,0.007,0.005,0.003,0.007,0.005,0.003,0.005,0.005,0.004
TMA-ZAIN-G-244,MBC,0.017,0.012,0.004,0.883,0.005,0.003,0.005,0.015,0.009,0.008,0.006,0.003,0.007,0.006,0.003,0.008,0.005,0.003
TMA-ZAIN-G-245,MBC,0.016,0.012,0.003,0.87,0.003,0.003,0.003,0.01,0.015,0.012,0.006,0.003,0.014,0.01,0.003,0.008,0.005,0.004
TMA-ZAIN-G-246,MBC,0.004,0.003,0.002,0.945,0.003,0.003,0.003,0.003,0.004,0.003,0.003,0.003,0.003,0.002,0.004,0.002,0.005,0.004
TMA-ZAIN-G-248,MBC,0.003,0.003,0.003,0.946,0.003,0.004,0.004,0.004,0.004,0.004,0.003,0.003,0.003,0.003,0.003,0.003,0.005,0.002
TMA-ZAIN-G-249,MBC,0.003,0.003,0.003,0.933,0.004,0.005,0.004,0.007,0.006,0.005,0.005,0.002,0.004,0.004,0.002,0.005,0.004,0.002
TMA-ZAIN-G-250,MBC,0.007,0.006,0.003,0.896,0.003,0.004,0.004,0.008,0.01,0.006,0.01,0.01,0.005,0.006,0.003,0.004,0.008,0.006
TMA-ZAIN-G-251,MBC,0.004,0.003,0.003,0.926,0.003,0.005,0.004,0.006,0.006,0.004,0.007,0.008,0.003,0.003,0.003,0.003,0.006,0.004
TMA-ZAIN-G-252,MBC,0.003,0.003,0.003,0.934,0.003,0.005,0.004,0.004,0.003,0.004,0.006,0.004,0.003,0.005,0.002,0.006,0.006,0.002
TMA-ZAIN-G-253,MBC,0.004,0.003,0.006,0.003,0.921,0.005,0.009,0.004,0.004,0.004,0.004,0.005,0.004,0.006,0.005,0.004,0.004,0.006
TMA-ZAIN-G-254,MBC,0.021,0.018,0.004,0.003,0.826,0.003,0.003,0.019,0.045,0.006,0.005,0.005,0.006,0.011,0.004,0.015,0.005,0.003
TMA-ZAIN-G-255,MBC,0.004,0.004,0.005,0.004,0.91,0.003,0.004,0.004,0.01,0.005,0.004,0.004,0.01,0.011,0.007,0.005,0.003,0.003
TMA-ZAIN-G-256,MBC,0.012,0.006,0.013,0.003,0.8,0.006,0.006,0.012,0.026,0.007,0.006,0.004,0.023,0.046,0.012,0.008,0.004,0.005
TMA-ZAIN-G-257,MBC,0.005,0.004,0.004,0.022,0.884,0.003,0.005,0.006,0.008,0.005,0.004,0.004,0.007,0.008,0.015,0.006,0.003,0.006
TMA-ZAIN-G-258,MBC,0.013,0.007,0.008,0.01,0.831,0.004,0.02,0.007,0.01,0.011,0.008,0.028,0.007,0.007,0.012,0.005,0.006,0.005
TMA-ZAIN-G-259,MBC,0.004,0.004,0.005,0.005,0.918,0.003,0.011,0.003,0.003,0.004,0.004,0.015,0.003,0.003,0.004,0.003,0.004,0.004
TMA-ZAIN-G-260,MBC,0.002,0.003,0.004,0.003,0.942,0.003,0.005,0.003,0.003,0.003,0.003,0.004,0.003,0.004,0.004,0.004,0.003,0.002
TMA-ZAIN-G-261,MBC,0.003,0.003,0.005,0.005,0.916,0.005,0.018,0.004,0.003,0.004,0.004,0.006,0.003,0.003,0.004,0.005,0.005,0.003
TMA-ZAIN-G-262,MBC,0.004,0.004,0.005,0.005,0.914,0.005,0.012,0.006,0.004,0.004,0.004,0.006,0.003,0.004,0.004,0.008,0.004,0.003
TMA-ZAIN-G-263,MBC,0.005,0.004,0.009,0.004,0.87,0.014,0.022,0.008,0.006,0.006,0.006,0.008,0.005,0.009,0.005,0.009,0.005,0.005
TMA-ZAIN-G-264,MBC,0.003,0.003,0.004,0.004,0.936,0.003,0.008,0.003,0.003,0.003,0.003,0.006,0.003,0.003,0.005,0.003,0.004,0.004
TMA-ZAIN-G-265,MBC,0.003,0.003,0.004,0.004,0.927,0.004,0.008,0.003,0.005,0.003,0.003,0.004,0.004,0.006,0.007,0.003,0.004,0.004
TMA-ZAIN-G-266,MBC,0.004,0.004,0.004,0.003,0.919,0.003,0.007,0.003,0.005,0.003,0.003,0.006,0.005,0.007,0.012,0.004,0.004,0.004
TMA-ZAIN-G-267,MBC,0.034,0.008,0.021,0.012,0.119,0.019,0.319,0.077,0.026,0.029,0.016,0.01,0.018,0.013,0.024,0.025,0.226,0.005
TMA-ZAIN-G-268,MBC,0.008,0.008,0.112,0.011,0.566,0.052,0.02,0.028,0.018,0.047,0.023,0.031,0.016,0.022,0.009,0.014,0.011,0.006
TMA-ZAIN-G-269,MBC,0.019,0.013,0.015,0.286,0.137,0.1,0.201,0.04,0.027,0.014,0.007,0.006,0.005,0.018,0.059,0.015,0.02,0.018
TMA-ZAIN-G-270,MBC,0.006,0.004,0.004,0.797,0.005,0.009,0.01,0.004,0.005,0.004,0.003,0.003,0.004,0.005,0.081,0.004,0.006,0.047
TMA-ZAIN-G-271,MBC,0.008,0.008,0.009,0.454,0.004,0.024,0.102,0.006,0.006,0.008,0.005,0.004,0.005,0.009,0.112,0.005,0.025,0.207
TMA-ZAIN-G-272,MBC,0.006,0.005,0.005,0.552,0.006,0.014,0.2,0.006,0.006,0.006,0.003,0.004,0.004,0.008,0.045,0.004,0.017,0.109
TMA-ZAIN-G-273,MBC,0.008,0.004,0.005,0.828,0.005,0.012,0.028,0.006,0.007,0.004,0.003,0.003,0.005,0.007,0.035,0.003,0.007,0.03
TMA-ZAIN-G-274,MBC,0.006,0.005,0.006,0.746,0.004,0.034,0.042,0.004,0.005,0.006,0.004,0.004,0.004,0.005,0.027,0.003,0.067,0.027
TMA-ZAIN-G-275,MBC,0.003,0.003,0.003,0.886,0.003,0.007,0.01,0.002,0.003,0.003,0.003,0.003,0.002,0.003,0.014,0.002,0.031,0.018
TMA-ZAIN-G-276,MBC,0.005,0.014,0.005,0.698,0.008,0.014,0.01,0.007,0.006,0.011,0.03,0.04,0.009,0.004,0.106,0.008,0.016,0.01
TMA-ZAIN-G-277,MBC,0.004,0.003,0.004,0.924,0.002,0.006,0.004,0.003,0.004,0.004,0.005,0.003,0.004,0.003,0.009,0.002,0.009,0.005
TMA-ZAIN-G-278,MBC,0.004,0.004,0.002,0.927,0.002,0.003,0.006,0.003,0.004,0.004,0.003,0.002,0.004,0.004,0.004,0.003,0.005,0.013
TMA-ZAIN-G-279,MBC,0.005,0.007,0.003,0.91,0.007,0.005,0.004,0.004,0.004,0.004,0.003,0.005,0.004,0.007,0.009,0.005,0.006,0.008
TMA-ZAIN-G-280,MBC,0.003,0.003,0.003,0.93,0.004,0.005,0.009,0.003,0.003,0.003,0.003,0.004,0.002,0.003,0.006,0.003,0.006,0.005
TMA-ZAIN-G-281,MBC,0.005,0.003,0.006,0.874,0.004,0.015,0.004,0.004,0.005,0.006,0.006,0.006,0.004,0.004,0.029,0.003,0.016,0.006
TMA-ZAIN-G-282,MBC,0.005,0.004,0.011,0.597,0.003,0.013,0.007,0.004,0.005,0.009,0.008,0.008,0.008,0.004,0.138,0.003,0.131,0.043
TMA-ZAIN-G-283,MBC,0.004,0.004,0.008,0.827,0.005,0.008,0.01,0.005,0.003,0.007,0.004,0.007,0.004,0.005,0.04,0.003,0.017,0.039
TMA-ZAIN-G-284,MBC,0.004,0.003,0.003,0.912,0.005,0.007,0.006,0.004,0.004,0.004,0.003,0.003,0.003,0.004,0.015,0.003,0.006,0.013
TMA-ZAIN-G-285,MBC,0.005,0.007,0.011,0.576,0.085,0.049,0.025,0.006,0.014,0.008,0.006,0.004,0.01,0.016,0.113,0.004,0.03,0.03
TMA-ZAIN-G-286,MBC,0.007,0.005,0.012,0.39,0.062,0.037,0.055,0.005,0.014,0.009,0.008,0.005,0.014,0.012,0.28,0.003,0.055,0.028
TMA-ZAIN-G-287,MBC,0.003,0.04,0.005,0.751,0.022,0.014,0.006,0.005,0.007,0.008,0.023,0.011,0.015,0.007,0.04,0.016,0.013,0.013
TMA-ZAIN-G-288,MBC,0.004,0.003,0.004,0.806,0.008,0.015,0.011,0.004,0.004,0.004,0.003,0.003,0.003,0.005,0.092,0.002,0.007,0.022
TMA-ZAIN-G-289,MBC,0.003,0.016,0.003,0.797,0.006,0.012,0.006,0.006,0.004,0.007,0.013,0.013,0.006,0.003,0.079,0.008,0.006,0.011
TMA-ZAIN-G-290,MBC,0.006,0.014,0.005,0.342,0.008,0.067,0.006,0.007,0.009,0.012,0.033,0.026,0.008,0.005,0.402,0.007,0.03,0.011
TMA-ZAIN-G-291,MBC,0.005,0.025,0.004,0.725,0.009,0.02,0.01,0.01,0.007,0.009,0.019,0.02,0.007,0.006,0.091,0.012,0.011,0.01
TMA-ZAIN-G-292,MBC,0.005,0.004,0.006,0.247,0.005,0.023,0.005,0.004,0.005,0.006,0.006,0.005,0.004,0.004,0.642,0.003,0.011,0.015
TMA-ZAIN-G-293,MBC,0.004,0.004,0.005,0.011,0.01,0.039,0.01,0.003,0.005,0.005,0.006,0.005,0.005,0.007,0.018,0.004,0.849,0.011
TMA-ZAIN-G-294,MBC,0.503,0.04,0.024,0.014,0.004,0.01,0.008,0.02,0.024,0.213,0.019,0.017,0.038,0.011,0.01,0.005,0.026,0.013
TMA-ZAIN-G-295,MBC,0.051,0.008,0.02,0.008,0.014,0.012,0.035,0.102,0.017,0.571,0.039,0.014,0.022,0.045,0.004,0.023,0.009,0.004
TMA-ZAIN-G-296,MBC,0.534,0.014,0.006,0.005,0.006,0.007,0.013,0.143,0.198,0.027,0.006,0.004,0.007,0.008,0.003,0.011,0.004,0.003
TMA-ZAIN-G-297,MBC,0.242,0.028,0.007,0.007,0.006,0.014,0.014,0.08,0.501,0.042,0.01,0.005,0.008,0.009,0.004,0.013,0.006,0.003
TMA-ZAIN-G-298,MBC,0.144,0.01,0.037,0.005,0.008,0.01,0.033,0.096,0.027,0.534,0.009,0.025,0.011,0.019,0.01,0.006,0.01,0.006
TMA-ZAIN-G-299,MBC,0.041,0.024,0.039,0.006,0.016,0.013,0.014,0.024,0.092,0.377,0.019,0.067,0.133,0.101,0.006,0.016,0.008,0.005
TMA-ZAIN-G-301,MBC,0.329,0.152,0.008,0.01,0.014,0.008,0.157,0.021,0.082,0.15,0.006,0.004,0.008,0.021,0.005,0.009,0.008,0.008
TMA-ZAIN-G-302,MBC,0.056,0.793,0.008,0.004,0.003,0.004,0.003,0.008,0.02,0.022,0.01,0.006,0.035,0.007,0.004,0.005,0.007,0.003
TMA-ZAIN-G-303,MBC,0.039,0.264,0.008,0.006,0.006,0.015,0.01,0.162,0.221,0.099,0.082,0.009,0.008,0.007,0.003,0.051,0.007,0.002
TMA-ZAIN-G-304,MBC,0.054,0.468,0.007,0.006,0.004,0.006,0.013,0.022,0.022,0.233,0.035,0.021,0.01,0.059,0.004,0.023,0.006,0.005
TMA-ZAIN-G-305,MBC,0.869,0.01,0.008,0.003,0.004,0.004,0.007,0.011,0.015,0.02,0.008,0.007,0.013,0.008,0.003,0.006,0.003,0.003
TMA-ZAIN-G-306,MBC,0.004,0.003,0.018,0.006,0.024,0.023,0.009,0.014,0.003,0.01,0.035,0.05,0.004,0.017,0.01,0.002,0.755,0.013
NA,NA,0,0,0,0,0,0,0,0,0,0,0,0,0,0,0,0,0,0
TMA-ZAIN-G-307,MSBG,0.017,0.007,0.023,0.007,0.468,0.014,0.012,0.047,0.025,0.072,0.033,0.019,0.033,0.113,0.011,0.081,0.005,0.013
TMA-ZAIN-G-308,MSBG,0.234,0.006,0.026,0.004,0.006,0.008,0.014,0.377,0.039,0.209,0.012,0.009,0.02,0.014,0.004,0.013,0.004,0.003
TMA-ZAIN-G-309,MSBG,0.099,0.009,0.034,0.02,0.301,0.01,0.007,0.091,0.016,0.205,0.014,0.013,0.016,0.033,0.059,0.009,0.008,0.057
TMA-ZAIN-G-310,MSBG,0.019,0.005,0.017,0.011,0.329,0.011,0.011,0.164,0.029,0.11,0.048,0.014,0.02,0.079,0.008,0.111,0.004,0.01
TMA-ZAIN-G-311,MSBG,0.006,0.004,0.006,0.015,0.686,0.066,0.014,0.006,0.006,0.008,0.006,0.011,0.003,0.004,0.06,0.009,0.082,0.009
TMA-ZAIN-G-312,MSBG,0.018,0.038,0.088,0.003,0.004,0.005,0.006,0.014,0.016,0.229,0.498,0.028,0.024,0.008,0.004,0.008,0.004,0.003
TMA-ZAIN-G-313,MSBG,0.06,0.069,0.005,0.016,0.007,0.009,0.037,0.03,0.153,0.523,0.031,0.004,0.022,0.008,0.003,0.01,0.009,0.006
TMA-ZAIN-G-314,MSBG,0.11,0.025,0.048,0.006,0.022,0.019,0.074,0.015,0.118,0.218,0.013,0.016,0.111,0.143,0.02,0.007,0.013,0.024
TMA-ZAIN-G-315,MSBG,0.076,0.028,0.069,0.005,0.011,0.04,0.007,0.013,0.233,0.103,0.314,0.025,0.013,0.032,0.006,0.009,0.012,0.004
TMA-ZAIN-G-316,MSBG,0.033,0.068,0.088,0.005,0.376,0.01,0.026,0.075,0.019,0.071,0.013,0.024,0.022,0.122,0.01,0.022,0.005,0.011
TMA-ZAIN-G-317,MSBG,0.007,0.005,0.011,0.267,0.011,0.228,0.01,0.049,0.007,0.022,0.012,0.01,0.006,0.023,0.19,0.006,0.016,0.12
TMA-ZAIN-G-318,MSBG,0.191,0.045,0.014,0.356,0.012,0.025,0.022,0.038,0.086,0.104,0.015,0.006,0.015,0.022,0.01,0.019,0.014,0.005
TMA-ZAIN-G-319,MSBG,0.16,0.045,0.013,0.38,0.012,0.031,0.016,0.043,0.072,0.095,0.014,0.005,0.014,0.029,0.007,0.02,0.033,0.009
TMA-ZAIN-G-320,MSBG,0.008,0.034,0.007,0.028,0.019,0.079,0.01,0.032,0.004,0.008,0.005,0.01,0.008,0.02,0.056,0.004,0.618,0.048
