Sample.Name,Pop,C1,C2,C3,C4,C5,C6,C7,C8,C9,C10,C11,C12,C13,C14,C15,C16
TMA-ZAIN-G-1,MBC,0.043,0.009,0.008,0.029,0.004,0.654,0.007,0.006,0.005,0.167,0.014,0.013,0.004,0.006,0.005,0.026
TMA-ZAIN-G-2,MBC,0.011,0.004,0.03,0.018,0.145,0.597,0.022,0.004,0.014,0.084,0.006,0.018,0.004,0.01,0.023,0.009
TMA-ZAIN-G-3,MBC,0.021,0.039,0.007,0.004,0.009,0.004,0.007,0.028,0.032,0.757,0.01,0.003,0.003,0.045,0.016,0.015
TMA-ZAIN-G-4,MBC,0.009,0.012,0.018,0.006,0.011,0.008,0.571,0.039,0.03,0.104,0.005,0.005,0.003,0.093,0.071,0.014
TMA-ZAIN-G-5,MBC,0.002,0.003,0.006,0.003,0.002,0.946,0.005,0.002,0.003,0.003,0.005,0.006,0.004,0.003,0.003,0.002
TMA-ZAIN-G-6,MBC,0.013,0.052,0.011,0.026,0.01,0.016,0.022,0.026,0.029,0.618,0.1,0.02,0.029,0.01,0.008,0.009
TMA-ZAIN-G-7,MBC,0.023,0.213,0.01,0.009,0.022,0.01,0.071,0.007,0.31,0.142,0.011,0.006,0.005,0.029,0.102,0.03
TMA-ZAIN-G-8,MBC,0.007,0.896,0.009,0.003,0.008,0.004,0.004,0.008,0.01,0.016,0.005,0.002,0.002,0.013,0.01,0.004
TMA-ZAIN-G-9,MBC,0.079,0.018,0.005,0.005,0.049,0.006,0.007,0.021,0.434,0.19,0.027,0.006,0.004,0.035,0.107,0.007
TMA-ZAIN-G-10,MBC,0.147,0.063,0.01,0.006,0.03,0.003,0.01,0.029,0.262,0.071,0.029,0.004,0.004,0.022,0.299,0.011
TMA-ZAIN-G-11,MBC,0.092,0.012,0.004,0.006,0.012,0.005,0.014,0.005,0.604,0.026,0.005,0.004,0.004,0.006,0.193,0.008
TMA-ZAIN-G-12,MBC,0.041,0.016,0.006,0.005,0.008,0.006,0.005,0.005,0.052,0.199,0.009,0.003,0.004,0.543,0.072,0.026
TMA-ZAIN-G-13,MBC,0.098,0.031,0.013,0.023,0.127,0.03,0.012,0.014,0.365,0.012,0.011,0.078,0.019,0.03,0.046,0.091
TMA-ZAIN-G-14,MBC,0.078,0.008,0.008,0.008,0.017,0.003,0.006,0.005,0.02,0.006,0.01,0.007,0.017,0.008,0.025,0.774
TMA-ZAIN-G-15,MBC,0.094,0.009,0.006,0.004,0.004,0.003,0.003,0.006,0.005,0.271,0.005,0.002,0.002,0.004,0.004,0.576
TMA-ZAIN-G-16,MBC,0.014,0.007,0.003,0.004,0.008,0.003,0.005,0.004,0.072,0.022,0.005,0.004,0.004,0.153,0.685,0.005
TMA-ZAIN-G-17,MBC,0.665,0.083,0.02,0.018,0.005,0.008,0.1,0.006,0.016,0.021,0.012,0.013,0.003,0.008,0.008,0.013
TMA-ZAIN-G-18,MBC,0.009,0.012,0.039,0.179,0.004,0.656,0.011,0.006,0.005,0.009,0.021,0.009,0.004,0.018,0.006,0.011
TMA-ZAIN-G-19,MBC,0.023,0.071,0.004,0.586,0.008,0.014,0.041,0.004,0.027,0.019,0.127,0.014,0.01,0.025,0.016,0.011
TMA-ZAIN-G-20,MBC,0.003,0.003,0.026,0.801,0.005,0.038,0.006,0.005,0.003,0.004,0.007,0.068,0.02,0.003,0.004,0.004
TMA-ZAIN-G-21,MBC,0.003,0.002,0.003,0.003,0.002,0.003,0.003,0.002,0.003,0.002,0.003,0.005,0.959,0.002,0.002,0.002
TMA-ZAIN-G-22,MBC,0.002,0.003,0.005,0.006,0.002,0.013,0.005,0.002,0.002,0.003,0.005,0.941,0.004,0.002,0.003,0.003
TMA-ZAIN-G-23,MBC,0.005,0.006,0.003,0.011,0.004,0.006,0.005,0.003,0.005,0.004,0.008,0.923,0.005,0.004,0.004,0.005
TMA-ZAIN-G-24,MBC,0.017,0.003,0.006,0.003,0.187,0.006,0.003,0.078,0.012,0.005,0.003,0.635,0.007,0.007,0.009,0.018
TMA-ZAIN-G-25,MBC,0.005,0.003,0.004,0.567,0.044,0.079,0.004,0.004,0.004,0.244,0.007,0.017,0.007,0.005,0.004,0.003
TMA-ZAIN-G-26,MBC,0.066,0.022,0.429,0.007,0.058,0.005,0.011,0.007,0.019,0.25,0.004,0.007,0.07,0.008,0.022,0.015
TMA-ZAIN-G-27,MBC,0.021,0.009,0.016,0.055,0.005,0.076,0.024,0.008,0.009,0.009,0.65,0.014,0.021,0.003,0.012,0.069
TMA-ZAIN-G-28,MBC,0.005,0.009,0.004,0.012,0.004,0.009,0.006,0.004,0.006,0.008,0.91,0.004,0.003,0.005,0.004,0.008
TMA-ZAIN-G-29,MBC,0.005,0.004,0.015,0.223,0.005,0.003,0.003,0.708,0.004,0.004,0.005,0.004,0.004,0.004,0.004,0.005
TMA-ZAIN-G-30,MBC,0.175,0.013,0.005,0.029,0.077,0.004,0.007,0.031,0.071,0.025,0.432,0.005,0.004,0.039,0.031,0.051
TMA-ZAIN-G-31,MBC,0.004,0.007,0.064,0.012,0.008,0.824,0.021,0.006,0.006,0.004,0.006,0.013,0.009,0.004,0.007,0.006
TMA-ZAIN-G-32,MBC,0.018,0.007,0.006,0.05,0.005,0.247,0.006,0.003,0.008,0.442,0.007,0.137,0.011,0.029,0.013,0.009
TMA-ZAIN-G-33,MBC,0.029,0.019,0.003,0.004,0.005,0.004,0.004,0.007,0.021,0.839,0.006,0.003,0.002,0.036,0.013,0.005
TMA-ZAIN-G-34,MBC,0.005,0.005,0.005,0.008,0.007,0.033,0.005,0.004,0.011,0.823,0.006,0.017,0.015,0.033,0.017,0.004
TMA-ZAIN-G-35,MBC,0.01,0.006,0.005,0.004,0.007,0.005,0.005,0.009,0.006,0.909,0.006,0.003,0.002,0.009,0.008,0.006
TMA-ZAIN-G-36,MBC,0.159,0.053,0.014,0.004,0.26,0.004,0.007,0.013,0.054,0.287,0.006,0.003,0.002,0.01,0.018,0.106
TMA-ZAIN-G-37,MBC,0.009,0.009,0.005,0.004,0.008,0.004,0.01,0.007,0.009,0.906,0.006,0.003,0.005,0.006,0.006,0.003
TMA-ZAIN-G-38,MBC,0.019,0.005,0.009,0.079,0.007,0.338,0.015,0.005,0.007,0.42,0.005,0.047,0.008,0.008,0.009,0.017
TMA-ZAIN-G-39,MBC,0.067,0.017,0.008,0.004,0.603,0.003,0.008,0.013,0.069,0.05,0.008,0.003,0.008,0.069,0.065,0.004
TMA-ZAIN-G-40,MBC,0.521,0.011,0.005,0.004,0.106,0.003,0.017,0.006,0.047,0.169,0.004,0.003,0.011,0.071,0.019,0.004
TMA-ZAIN-G-41,MBC,0.669,0.024,0.005,0.003,0.162,0.003,0.003,0.005,0.008,0.063,0.004,0.003,0.003,0.014,0.013,0.018
TMA-ZAIN-G-42,MBC,0.792,0.05,0.016,0.003,0.009,0.003,0.005,0.008,0.007,0.008,0.003,0.002,0.002,0.008,0.005,0.079
TMA-ZAIN-G-43,MBC,0.011,0.019,0.005,0.004,0.005,0.003,0.004,0.012,0.005,0.005,0.003,0.002,0.002,0.003,0.005,0.913
TMA-ZAIN-G-44,MBC,0.01,0.009,0.003,0.01,0.036,0.005,0.007,0.009,0.057,0.016,0.003,0.006,0.767,0.009,0.049,0.004
TMA-ZAIN-G-45,MBC,0.09,0.016,0.007,0.005,0.01,0.005,0.011,0.005,0.104,0.031,0.009,0.004,0.008,0.046,0.638,0.012
TMA-ZAIN-G-46,MBC,0.002,0.002,0.004,0.004,0.003,0.004,0.006,0.002,0.003,0.002,0.003,0.006,0.949,0.002,0.003,0.003
TMA-ZAIN-G-47,MBC,0.004,0.005,0.93,0.004,0.003,0.004,0.013,0.004,0.003,0.006,0.004,0.003,0.005,0.005,0.004,0.003
TMA-ZAIN-G-48,MBC,0.103,0.148,0.15,0.011,0.012,0.006,0.136,0.014,0.19,0.014,0.047,0.028,0.016,0.012,0.073,0.041
TMA-ZAIN-G-49,MBC,0.008,0.008,0.006,0.791,0.006,0.011,0.019,0.04,0.012,0.026,0.012,0.008,0.003,0.028,0.018,0.004
TMA-ZAIN-G-50,MBC,0.082,0.012,0.003,0.791,0.027,0.01,0.006,0.004,0.008,0.006,0.019,0.005,0.005,0.01,0.005,0.009
TMA-ZAIN-G-51,MBC,0.025,0.01,0.015,0.791,0.007,0.007,0.015,0.007,0.012,0.008,0.021,0.005,0.01,0.003,0.012,0.054
TMA-ZAIN-G-52,MBC,0.007,0.009,0.03,0.715,0.006,0.005,0.128,0.003,0.013,0.006,0.031,0.007,0.008,0.01,0.007,0.014
TMA-ZAIN-G-53,MBC,0.01,0.01,0.053,0.645,0.011,0.118,0.065,0.004,0.01,0.005,0.009,0.01,0.004,0.003,0.01,0.033
TMA-ZAIN-G-54,MBC,0.011,0.011,0.9,0.008,0.004,0.004,0.004,0.003,0.007,0.005,0.011,0.005,0.004,0.006,0.007,0.011
TMA-ZAIN-G-55,MBC,0.041,0.016,0.816,0.023,0.004,0.004,0.003,0.003,0.011,0.004,0.023,0.008,0.006,0.009,0.009,0.019
TMA-ZAIN-G-56,MBC,0.179,0.077,0.048,0.031,0.021,0.006,0.364,0.018,0.072,0.026,0.067,0.011,0.005,0.013,0.032,0.029
TMA-ZAIN-G-57,MBC,0.006,0.006,0.833,0.028,0.01,0.009,0.009,0.008,0.01,0.013,0.005,0.004,0.003,0.042,0.01,0.005
TMA-ZAIN-G-58,MBC,0.016,0.04,0.039,0.393,0.004,0.039,0.013,0.009,0.01,0.013,0.19,0.196,0.006,0.019,0.006,0.008
TMA-ZAIN-G-59,MBC,0.021,0.039,0.014,0.013,0.018,0.541,0.038,0.018,0.103,0.046,0.024,0.024,0.018,0.014,0.063,0.008
TMA-ZAIN-G-60,MBC,0.015,0.02,0.019,0.11,0.006,0.504,0.044,0.008,0.014,0.009,0.066,0.009,0.01,0.006,0.017,0.143
TMA-ZAIN-G-61,MBC,0.003,0.003,0.011,0.01,0.003,0.872,0.034,0.003,0.004,0.005,0.006,0.022,0.014,0.003,0.004,0.004
TMA-ZAIN-G-62,MBC,0.036,0.008,0.01,0.017,0.022,0.661,0.003,0.006,0.023,0.031,0.065,0.009,0.027,0.029,0.046,0.005
TMA-ZAIN-G-63,MBC,0.005,0.006,0.011,0.011,0.003,0.896,0.015,0.003,0.004,0.006,0.007,0.01,0.004,0.006,0.005,0.007
TMA-ZAIN-G-64,MBC,0.005,0.004,0.003,0.002,0.009,0.002,0.003,0.935,0.008,0.005,0.003,0.002,0.002,0.004,0.007,0.005
TMA-ZAIN-G-65,MBC,0.007,0.01,0.008,0.003,0.006,0.003,0.005,0.836,0.01,0.067,0.005,0.003,0.002,0.02,0.009,0.007
TMA-ZAIN-G-66,MBC,0.008,0.007,0.004,0.003,0.013,0.002,0.005,0.858,0.029,0.015,0.004,0.003,0.003,0.01,0.031,0.005
TMA-ZAIN-G-67,MBC,0.014,0.007,0.005,0.009,0.087,0.004,0.004,0.672,0.039,0.02,0.016,0.01,0.016,0.016,0.08,0.003
TMA-ZAIN-G-68,MBC,0.005,0.009,0.005,0.002,0.004,0.002,0.004,0.935,0.005,0.005,0.003,0.002,0.002,0.005,0.005,0.006
TMA-ZAIN-G-69,MBC,0.006,0.007,0.008,0.02,0.031,0.015,0.021,0.693,0.019,0.03,0.006,0.02,0.024,0.027,0.059,0.016
TMA-ZAIN-G-70,MBC,0.007,0.004,0.003,0.004,0.856,0.003,0.004,0.011,0.038,0.006,0.004,0.004,0.004,0.007,0.038,0.005
TMA-ZAIN-G-71,MBC,0.006,0.005,0.003,0.003,0.888,0.003,0.004,0.004,0.011,0.009,0.003,0.003,0.004,0.011,0.041,0.003
TMA-ZAIN-G-72,MBC,0.009,0.005,0.007,0.004,0.897,0.003,0.004,0.014,0.014,0.008,0.008,0.003,0.003,0.006,0.01,0.005
TMA-ZAIN-G-73,MBC,0.005,0.006,0.013,0.013,0.841,0.015,0.004,0.005,0.006,0.016,0.017,0.021,0.02,0.008,0.009,0.003
TMA-ZAIN-G-74,MBC,0.005,0.005,0.005,0.005,0.913,0.004,0.003,0.004,0.009,0.011,0.004,0.004,0.005,0.009,0.009,0.003
TMA-ZAIN-G-75,MBC,0.005,0.005,0.007,0.004,0.917,0.004,0.005,0.004,0.006,0.008,0.005,0.003,0.003,0.007,0.012,0.004
TMA-ZAIN-G-76,MBC,0.004,0.004,0.003,0.008,0.859,0.004,0.003,0.005,0.01,0.007,0.004,0.009,0.021,0.007,0.051,0.003
TMA-ZAIN-G-77,MBC,0.008,0.004,0.004,0.005,0.917,0.002,0.007,0.005,0.01,0.005,0.005,0.003,0.006,0.004,0.007,0.005
TMA-ZAIN-G-78,MBC,0.005,0.005,0.006,0.01,0.884,0.005,0.008,0.004,0.017,0.007,0.006,0.008,0.009,0.006,0.014,0.005
TMA-ZAIN-G-79,MBC,0.006,0.005,0.004,0.007,0.876,0.003,0.022,0.004,0.021,0.006,0.005,0.005,0.011,0.005,0.014,0.007
TMA-ZAIN-G-80,MBC,0.017,0.011,0.011,0.004,0.703,0.003,0.006,0.021,0.048,0.022,0.006,0.003,0.007,0.08,0.055,0.004
TMA-ZAIN-G-81,MBC,0.011,0.011,0.006,0.006,0.742,0.004,0.03,0.005,0.03,0.019,0.007,0.004,0.009,0.012,0.099,0.007
TMA-ZAIN-G-82,MBC,0.007,0.015,0.015,0.004,0.036,0.005,0.007,0.097,0.02,0.173,0.007,0.003,0.002,0.025,0.58,0.006
TMA-ZAIN-G-83,MBC,0.007,0.016,0.01,0.008,0.008,0.021,0.005,0.016,0.026,0.725,0.015,0.018,0.017,0.084,0.021,0.004
TMA-ZAIN-G-84,MBC,0.01,0.007,0.004,0.008,0.748,0.003,0.009,0.005,0.031,0.012,0.005,0.007,0.031,0.013,0.101,0.006
TMA-ZAIN-G-85,MBC,0.003,0.004,0.004,0.004,0.003,0.004,0.946,0.003,0.004,0.004,0.004,0.004,0.002,0.003,0.004,0.004
TMA-ZAIN-G-86,MBC,0.008,0.009,0.005,0.003,0.006,0.004,0.903,0.006,0.011,0.01,0.005,0.004,0.007,0.009,0.011,0.003
TMA-ZAIN-G-87,MBC,0.003,0.004,0.004,0.004,0.003,0.004,0.948,0.002,0.003,0.003,0.004,0.006,0.003,0.003,0.003,0.003
TMA-ZAIN-G-88,MBC,0.009,0.009,0.07,0.008,0.022,0.142,0.412,0.028,0.035,0.079,0.009,0.008,0.009,0.08,0.065,0.014
TMA-ZAIN-G-89,MBC,0.01,0.007,0.329,0.008,0.038,0.027,0.35,0.022,0.04,0.026,0.004,0.015,0.017,0.028,0.045,0.034
TMA-ZAIN-G-90,MBC,0.004,0.005,0.034,0.006,0.004,0.013,0.833,0.011,0.007,0.03,0.005,0.004,0.004,0.023,0.013,0.004
TMA-ZAIN-G-91,MBC,0.007,0.013,0.035,0.006,0.008,0.042,0.793,0.01,0.012,0.012,0.015,0.005,0.006,0.008,0.014,0.012
TMA-ZAIN-G-92,MBC,0.009,0.009,0.253,0.026,0.011,0.01,0.538,0.006,0.011,0.008,0.028,0.031,0.032,0.004,0.012,0.012
TMA-ZAIN-G-93,MBC,0.006,0.007,0.483,0.025,0.007,0.04,0.249,0.007,0.008,0.006,0.099,0.017,0.011,0.004,0.009,0.022
TMA-ZAIN-G-94,MBC,0.003,0.004,0.049,0.008,0.004,0.094,0.778,0.005,0.005,0.006,0.013,0.01,0.005,0.003,0.005,0.007
TMA-ZAIN-G-95,MBC,0.019,0.004,0.004,0.03,0.011,0.006,0.005,0.007,0.007,0.003,0.868,0.008,0.003,0.006,0.005,0.015
TMA-ZAIN-G-96,MBC,0.096,0.006,0.005,0.064,0.003,0.006,0.009,0.004,0.005,0.008,0.754,0.008,0.005,0.009,0.005,0.015
TMA-ZAIN-G-97,MBC,0.004,0.006,0.011,0.017,0.016,0.885,0.008,0.007,0.007,0.004,0.005,0.006,0.005,0.003,0.009,0.007
TMA-ZAIN-G-98,MBC,0.004,0.006,0.01,0.005,0.013,0.912,0.007,0.005,0.007,0.004,0.003,0.004,0.004,0.003,0.008,0.005
TMA-ZAIN-G-99,MBC,0.031,0.009,0.003,0.006,0.005,0.659,0.005,0.014,0.116,0.067,0.007,0.007,0.019,0.016,0.031,0.006
TMA-ZAIN-G-101,MBC,0.004,0.004,0.021,0.021,0.006,0.84,0.034,0.005,0.005,0.004,0.005,0.008,0.03,0.003,0.006,0.007
TMA-ZAIN-G-102,MBC,0.004,0.006,0.013,0.01,0.009,0.885,0.004,0.006,0.022,0.005,0.005,0.004,0.006,0.005,0.012,0.006
TMA-ZAIN-G-103,MBC,0.037,0.008,0.009,0.049,0.011,0.146,0.021,0.011,0.016,0.014,0.011,0.537,0.007,0.077,0.021,0.026
TMA-ZAIN-G-104,MBC,0.011,0.013,0.006,0.049,0.008,0.688,0.027,0.005,0.015,0.021,0.019,0.081,0.004,0.028,0.018,0.007
TMA-ZAIN-G-105,MBC,0.004,0.006,0.005,0.008,0.003,0.934,0.003,0.002,0.003,0.004,0.004,0.009,0.004,0.004,0.003,0.004
TMA-ZAIN-G-106,MBC,0.012,0.017,0.007,0.027,0.008,0.725,0.041,0.006,0.017,0.021,0.02,0.034,0.003,0.032,0.024,0.007
TMA-ZAIN-G-107,MBC,0.428,0.035,0.006,0.004,0.085,0.004,0.007,0.045,0.158,0.031,0.006,0.003,0.003,0.059,0.04,0.085
TMA-ZAIN-G-108,MBC,0.013,0.021,0.007,0.005,0.082,0.004,0.007,0.013,0.471,0.045,0.006,0.003,0.003,0.256,0.055,0.011
TMA-ZAIN-G-109,MBC,0.024,0.01,0.014,0.05,0.011,0.1,0.059,0.006,0.014,0.593,0.009,0.036,0.02,0.007,0.028,0.02
TMA-ZAIN-G-110,MBC,0.074,0.046,0.062,0.008,0.007,0.27,0.017,0.138,0.048,0.097,0.047,0.006,0.004,0.135,0.02,0.021
TMA-ZAIN-G-111,MBC,0.059,0.066,0.014,0.075,0.016,0.043,0.02,0.006,0.219,0.104,0.021,0.071,0.114,0.085,0.072,0.016
TMA-ZAIN-G-112,MBC,0.012,0.008,0.018,0.077,0.036,0.336,0.006,0.009,0.016,0.069,0.019,0.156,0.021,0.157,0.056,0.004
TMA-ZAIN-G-113,MBC,0.159,0.047,0.02,0.105,0.014,0.206,0.014,0.016,0.061,0.05,0.04,0.066,0.013,0.063,0.095,0.031
TMA-ZAIN-G-114,MBC,0.004,0.008,0.017,0.005,0.023,0.852,0.006,0.01,0.012,0.01,0.004,0.01,0.005,0.013,0.018,0.006
TMA-ZAIN-G-115,MBC,0.003,0.002,0.004,0.005,0.003,0.934,0.007,0.003,0.003,0.004,0.004,0.01,0.009,0.004,0.003,0.002
TMA-ZAIN-G-116,MBC,0.003,0.003,0.004,0.003,0.003,0.943,0.003,0.003,0.003,0.005,0.004,0.006,0.004,0.005,0.004,0.003
TMA-ZAIN-G-117,MBC,0.006,0.01,0.01,0.003,0.008,0.005,0.005,0.008,0.011,0.682,0.006,0.003,0.002,0.221,0.016,0.005
TMA-ZAIN-G-118,MBC,0.028,0.076,0.024,0.006,0.057,0.005,0.023,0.108,0.034,0.512,0.023,0.003,0.003,0.017,0.037,0.043
TMA-ZAIN-G-119,MBC,0.011,0.01,0.008,0.005,0.01,0.005,0.005,0.018,0.011,0.59,0.009,0.003,0.003,0.283,0.014,0.016
TMA-ZAIN-G-120,MBC,0.005,0.01,0.009,0.014,0.028,0.014,0.004,0.015,0.01,0.631,0.012,0.011,0.013,0.205,0.015,0.004
TMA-ZAIN-G-121,MBC,0.01,0.015,0.008,0.007,0.011,0.006,0.01,0.012,0.016,0.673,0.012,0.004,0.003,0.159,0.017,0.038
TMA-ZAIN-G-122,MBC,0.012,0.014,0.008,0.004,0.008,0.004,0.005,0.026,0.012,0.855,0.01,0.003,0.002,0.02,0.01,0.007
TMA-ZAIN-G-123,MBC,0.018,0.052,0.008,0.004,0.01,0.004,0.04,0.013,0.047,0.721,0.03,0.004,0.007,0.017,0.019,0.007
TMA-ZAIN-G-124,MBC,0.005,0.004,0.005,0.015,0.005,0.894,0.009,0.004,0.005,0.007,0.006,0.016,0.004,0.004,0.005,0.012
TMA-ZAIN-G-125,MBC,0.019,0.91,0.003,0.004,0.004,0.004,0.006,0.003,0.009,0.008,0.005,0.003,0.003,0.006,0.006,0.006
TMA-ZAIN-G-126,MBC,0.009,0.908,0.02,0.003,0.005,0.002,0.005,0.013,0.006,0.004,0.004,0.002,0.002,0.005,0.005,0.009
TMA-ZAIN-G-127,MBC,0.02,0.897,0.006,0.003,0.004,0.003,0.005,0.004,0.01,0.006,0.004,0.003,0.002,0.012,0.006,0.015
TMA-ZAIN-G-128,MBC,0.055,0.864,0.003,0.003,0.004,0.003,0.004,0.005,0.014,0.006,0.004,0.002,0.003,0.012,0.01,0.007
TMA-ZAIN-G-129,MBC,0.012,0.897,0.004,0.003,0.004,0.003,0.005,0.011,0.012,0.016,0.007,0.003,0.003,0.006,0.009,0.006
TMA-ZAIN-G-130,MBC,0.011,0.912,0.004,0.004,0.005,0.004,0.005,0.004,0.014,0.009,0.005,0.003,0.002,0.005,0.005,0.008
TMA-ZAIN-G-131,MBC,0.006,0.909,0.014,0.004,0.004,0.004,0.005,0.004,0.005,0.008,0.004,0.003,0.002,0.008,0.004,0.016
TMA-ZAIN-G-132,MBC,0.017,0.915,0.003,0.004,0.003,0.003,0.007,0.004,0.008,0.006,0.005,0.003,0.003,0.005,0.005,0.008
TMA-ZAIN-G-133,MBC,0.013,0.883,0.012,0.003,0.006,0.003,0.005,0.013,0.012,0.015,0.007,0.003,0.002,0.008,0.009,0.006
TMA-ZAIN-G-134,MBC,0.3,0.044,0.023,0.013,0.062,0.003,0.047,0.087,0.216,0.011,0.013,0.006,0.017,0.031,0.012,0.114
TMA-ZAIN-G-135,MBC,0.04,0.212,0.021,0.006,0.056,0.003,0.033,0.049,0.246,0.007,0.005,0.004,0.01,0.078,0.006,0.224
TMA-ZAIN-G-136,MBC,0.017,0.027,0.008,0.004,0.026,0.003,0.018,0.014,0.629,0.01,0.003,0.003,0.008,0.205,0.015,0.01
TMA-ZAIN-G-137,MBC,0.023,0.022,0.015,0.004,0.022,0.004,0.005,0.389,0.379,0.048,0.007,0.004,0.007,0.039,0.029,0.006
TMA-ZAIN-G-138,MBC,0.008,0.015,0.005,0.005,0.019,0.004,0.02,0.004,0.094,0.01,0.004,0.004,0.014,0.78,0.008,0.005
TMA-ZAIN-G-139,MBC,0.041,0.179,0.015,0.003,0.011,0.004,0.004,0.011,0.466,0.038,0.004,0.003,0.003,0.174,0.027,0.02
TMA-ZAIN-G-140,MBC,0.017,0.128,0.056,0.004,0.037,0.005,0.009,0.01,0.382,0.046,0.003,0.003,0.007,0.258,0.021,0.014
TMA-ZAIN-G-141,MBC,0.042,0.018,0.004,0.004,0.015,0.004,0.004,0.009,0.43,0.053,0.01,0.004,0.004,0.102,0.291,0.006
TMA-ZAIN-G-142,MBC,0.023,0.045,0.005,0.005,0.032,0.006,0.01,0.006,0.445,0.046,0.006,0.004,0.003,0.05,0.295,0.02
TMA-ZAIN-G-143,MBC,0.016,0.012,0.004,0.004,0.013,0.003,0.005,0.011,0.225,0.051,0.006,0.003,0.003,0.103,0.534,0.006
TMA-ZAIN-G-144,MBC,0.04,0.06,0.005,0.004,0.012,0.004,0.006,0.013,0.471,0.212,0.011,0.003,0.003,0.09,0.058,0.009
TMA-ZAIN-G-145,MBC,0.089,0.051,0.021,0.011,0.008,0.003,0.011,0.006,0.443,0.066,0.023,0.005,0.008,0.196,0.05,0.009
TMA-ZAIN-G-146,MBC,0.018,0.049,0.018,0.003,0.043,0.003,0.005,0.293,0.063,0.04,0.006,0.002,0.002,0.345,0.103,0.006
TMA-ZAIN-G-147,MBC,0.006,0.005,0.003,0.003,0.02,0.003,0.004,0.005,0.48,0.007,0.003,0.003,0.003,0.007,0.445,0.004
TMA-ZAIN-G-148,MBC,0.007,0.006,0.004,0.003,0.01,0.003,0.004,0.008,0.664,0.026,0.003,0.003,0.003,0.009,0.241,0.005
TMA-ZAIN-G-149,MBC,0.019,0.018,0.015,0.004,0.01,0.003,0.005,0.004,0.623,0.005,0.003,0.003,0.003,0.005,0.246,0.037
TMA-ZAIN-G-150,MBC,0.019,0.027,0.026,0.008,0.009,0.015,0.021,0.005,0.69,0.035,0.012,0.018,0.005,0.008,0.084,0.018
TMA-ZAIN-G-151,MBC,0.007,0.013,0.044,0.006,0.014,0.022,0.011,0.061,0.606,0.109,0.011,0.015,0.004,0.023,0.044,0.01
TMA-ZAIN-G-152,MBC,0.152,0.006,0.004,0.003,0.005,0.003,0.003,0.007,0.006,0.068,0.005,0.002,0.003,0.701,0.018,0.015
TMA-ZAIN-G-153,MBC,0.014,0.006,0.005,0.003,0.004,0.005,0.003,0.006,0.007,0.147,0.005,0.002,0.003,0.743,0.032,0.015
TMA-ZAIN-G-154,MBC,0.078,0.03,0.013,0.003,0.013,0.004,0.004,0.012,0.113,0.033,0.004,0.003,0.002,0.634,0.029,0.027
TMA-ZAIN-G-155,MBC,0.006,0.007,0.004,0.003,0.004,0.003,0.004,0.004,0.005,0.017,0.003,0.002,0.002,0.915,0.02,0.004
TMA-ZAIN-G-156,MBC,0.009,0.01,0.003,0.003,0.006,0.004,0.005,0.006,0.027,0.009,0.004,0.003,0.003,0.89,0.011,0.006
TMA-ZAIN-G-157,MBC,0.051,0.023,0.009,0.004,0.004,0.005,0.003,0.003,0.016,0.022,0.004,0.002,0.003,0.739,0.029,0.082
TMA-ZAIN-G-158,MBC,0.07,0.019,0.005,0.004,0.008,0.004,0.005,0.005,0.107,0.018,0.004,0.003,0.003,0.549,0.058,0.138
TMA-ZAIN-G-159,MBC,0.012,0.008,0.004,0.006,0.02,0.003,0.003,0.005,0.023,0.032,0.006,0.003,0.003,0.328,0.54,0.004
TMA-ZAIN-G-160,MBC,0.007,0.014,0.005,0.003,0.146,0.005,0.004,0.015,0.139,0.024,0.004,0.002,0.002,0.414,0.213,0.005
TMA-ZAIN-G-161,MBC,0.005,0.01,0.008,0.003,0.126,0.005,0.004,0.023,0.039,0.061,0.004,0.003,0.002,0.576,0.127,0.005
TMA-ZAIN-G-162,MBC,0.054,0.127,0.019,0.005,0.014,0.003,0.006,0.007,0.35,0.034,0.006,0.003,0.002,0.312,0.042,0.017
TMA-ZAIN-G-163,MBC,0.008,0.005,0.011,0.005,0.005,0.015,0.011,0.005,0.007,0.007,0.009,0.015,0.005,0.882,0.006,0.003
TMA-ZAIN-G-164,MBC,0.005,0.006,0.003,0.002,0.005,0.003,0.003,0.004,0.009,0.01,0.003,0.002,0.002,0.929,0.013,0.003
TMA-ZAIN-G-165,MBC,0.007,0.013,0.009,0.004,0.007,0.005,0.014,0.009,0.032,0.132,0.006,0.004,0.005,0.633,0.116,0.004
TMA-ZAIN-G-166,MBC,0.008,0.01,0.003,0.003,0.01,0.004,0.003,0.006,0.047,0.11,0.004,0.003,0.003,0.707,0.077,0.003
TMA-ZAIN-G-167,MBC,0.025,0.053,0.01,0.003,0.028,0.003,0.006,0.013,0.094,0.025,0.004,0.002,0.003,0.42,0.306,0.005
TMA-ZAIN-G-168,MBC,0.016,0.013,0.005,0.006,0.063,0.005,0.007,0.005,0.357,0.02,0.008,0.005,0.004,0.02,0.459,0.007
TMA-ZAIN-G-169,MBC,0.007,0.006,0.006,0.004,0.044,0.005,0.006,0.011,0.028,0.017,0.005,0.003,0.003,0.006,0.828,0.02
TMA-ZAIN-G-170,MBC,0.005,0.006,0.004,0.003,0.024,0.003,0.004,0.039,0.017,0.011,0.003,0.002,0.002,0.011,0.861,0.005
TMA-ZAIN-G-171,MBC,0.093,0.048,0.004,0.04,0.029,0.023,0.006,0.018,0.104,0.052,0.008,0.011,0.017,0.049,0.434,0.063
TMA-ZAIN-G-172,MBC,0.004,0.004,0.003,0.003,0.041,0.003,0.004,0.012,0.028,0.013,0.003,0.003,0.002,0.007,0.867,0.003
TMA-ZAIN-G-173,MBC,0.319,0.033,0.003,0.005,0.011,0.003,0.005,0.005,0.106,0.008,0.005,0.003,0.004,0.015,0.458,0.016
TMA-ZAIN-G-174,MBC,0.519,0.041,0.005,0.006,0.016,0.003,0.008,0.006,0.109,0.011,0.008,0.003,0.004,0.012,0.231,0.019
TMA-ZAIN-G-175,MBC,0.096,0.456,0.006,0.003,0.019,0.003,0.005,0.034,0.126,0.049,0.005,0.002,0.003,0.044,0.145,0.004
TMA-ZAIN-G-176,MBC,0.005,0.005,0.004,0.003,0.106,0.003,0.004,0.006,0.09,0.009,0.003,0.003,0.003,0.009,0.745,0.004
TMA-ZAIN-G-177,MBC,0.005,0.005,0.003,0.003,0.019,0.003,0.004,0.005,0.099,0.006,0.003,0.003,0.003,0.009,0.827,0.004
TMA-ZAIN-G-178,MBC,0.012,0.005,0.003,0.003,0.008,0.003,0.004,0.003,0.047,0.005,0.003,0.002,0.003,0.007,0.883,0.009
TMA-ZAIN-G-179,MBC,0.241,0.009,0.004,0.005,0.016,0.005,0.005,0.004,0.163,0.024,0.007,0.003,0.005,0.013,0.461,0.034
TMA-ZAIN-G-180,MBC,0.033,0.01,0.004,0.003,0.009,0.002,0.005,0.006,0.086,0.014,0.004,0.002,0.003,0.014,0.79,0.015
TMA-ZAIN-G-181,MBC,0.239,0.363,0.01,0.006,0.005,0.003,0.026,0.092,0.085,0.066,0.014,0.004,0.011,0.019,0.025,0.03
TMA-ZAIN-G-182,MBC,0.706,0.018,0.005,0.004,0.009,0.005,0.004,0.005,0.016,0.014,0.004,0.003,0.003,0.064,0.009,0.131
TMA-ZAIN-G-183,MBC,0.278,0.404,0.005,0.004,0.004,0.007,0.006,0.003,0.044,0.019,0.005,0.003,0.003,0.028,0.02,0.167
TMA-ZAIN-G-184,MBC,0.841,0.008,0.004,0.004,0.007,0.004,0.005,0.004,0.01,0.027,0.004,0.003,0.003,0.012,0.009,0.057
TMA-ZAIN-G-185,MBC,0.694,0.019,0.018,0.01,0.01,0.025,0.018,0.008,0.043,0.033,0.013,0.016,0.005,0.043,0.013,0.031
TMA-ZAIN-G-186,MBC,0.799,0.028,0.019,0.008,0.007,0.01,0.011,0.006,0.022,0.009,0.035,0.018,0.006,0.01,0.007,0.004
TMA-ZAIN-G-187,MBC,0.834,0.045,0.005,0.007,0.01,0.004,0.005,0.006,0.028,0.007,0.011,0.004,0.004,0.012,0.014,0.005
TMA-ZAIN-G-188,MBC,0.801,0.015,0.003,0.005,0.035,0.004,0.005,0.016,0.032,0.007,0.005,0.003,0.003,0.044,0.008,0.014
TMA-ZAIN-G-189,MBC,0.822,0.017,0.004,0.003,0.042,0.003,0.003,0.023,0.012,0.03,0.004,0.003,0.002,0.02,0.005,0.005
TMA-ZAIN-G-190,MBC,0.929,0.011,0.002,0.003,0.004,0.002,0.003,0.007,0.007,0.005,0.003,0.002,0.003,0.006,0.006,0.005
TMA-ZAIN-G-191,MBC,0.802,0.009,0.006,0.005,0.026,0.003,0.003,0.017,0.018,0.036,0.005,0.003,0.003,0.005,0.042,0.018
TMA-ZAIN-G-192,MBC,0.874,0.006,0.008,0.007,0.008,0.01,0.014,0.004,0.012,0.008,0.008,0.015,0.007,0.006,0.008,0.004
TMA-ZAIN-G-193,MBC,0.854,0.015,0.005,0.007,0.013,0.003,0.016,0.004,0.019,0.005,0.003,0.004,0.024,0.008,0.006,0.014
TMA-ZAIN-G-194,MBC,0.005,0.004,0.004,0.003,0.003,0.003,0.003,0.003,0.003,0.003,0.003,0.002,0.002,0.003,0.003,0.952
TMA-ZAIN-G-195,MBC,0.098,0.033,0.015,0.011,0.006,0.002,0.005,0.012,0.012,0.006,0.019,0.005,0.008,0.004,0.008,0.755
TMA-ZAIN-G-196,MBC,0.093,0.036,0.006,0.008,0.026,0.003,0.004,0.039,0.023,0.011,0.005,0.002,0.003,0.004,0.025,0.71
TMA-ZAIN-G-197,MBC,0.02,0.01,0.007,0.004,0.005,0.003,0.004,0.017,0.01,0.012,0.008,0.002,0.003,0.007,0.006,0.881
TMA-ZAIN-G-198,MBC,0.01,0.011,0.005,0.003,0.009,0.003,0.008,0.012,0.011,0.008,0.005,0.003,0.002,0.007,0.009,0.893
TMA-ZAIN-G-199,MBC,0.021,0.008,0.005,0.003,0.008,0.002,0.004,0.006,0.012,0.009,0.003,0.002,0.005,0.01,0.014,0.888
TMA-ZAIN-G-200,MBC,0.852,0.044,0.006,0.005,0.009,0.003,0.005,0.005,0.02,0.009,0.008,0.003,0.004,0.012,0.009,0.006
TMA-ZAIN-G-201,MBC,0.005,0.004,0.01,0.039,0.005,0.023,0.007,0.006,0.004,0.007,0.019,0.038,0.773,0.003,0.005,0.052
TMA-ZAIN-G-202,MBC,0.006,0.011,0.006,0.015,0.014,0.008,0.011,0.016,0.013,0.014,0.025,0.036,0.796,0.008,0.014,0.006
TMA-ZAIN-G-203,MBC,0.006,0.005,0.002,0.007,0.002,0.008,0.003,0.002,0.005,0.004,0.004,0.004,0.925,0.004,0.004,0.015
TMA-ZAIN-G-204,MBC,0.03,0.05,0.005,0.004,0.008,0.019,0.005,0.003,0.033,0.037,0.005,0.003,0.002,0.023,0.014,0.76
TMA-ZAIN-G-205,MBC,0.004,0.004,0.024,0.048,0.007,0.013,0.101,0.004,0.006,0.005,0.007,0.024,0.741,0.003,0.005,0.005
TMA-ZAIN-G-206,MBC,0.006,0.01,0.008,0.022,0.007,0.006,0.009,0.004,0.022,0.025,0.005,0.005,0.782,0.075,0.007,0.008
TMA-ZAIN-G-207,MBC,0.014,0.011,0.017,0.016,0.007,0.027,0.18,0.007,0.014,0.019,0.012,0.01,0.609,0.008,0.031,0.017
TMA-ZAIN-G-208,MBC,0.021,0.014,0.052,0.022,0.019,0.01,0.05,0.054,0.092,0.413,0.061,0.011,0.004,0.145,0.025,0.007
TMA-ZAIN-G-209,MBC,0.033,0.007,0.004,0.004,0.018,0.003,0.002,0.053,0.458,0.141,0.01,0.003,0.004,0.064,0.192,0.004
TMA-ZAIN-G-210,MBC,0.042,0.17,0.054,0.004,0.05,0.003,0.009,0.012,0.254,0.009,0.003,0.003,0.003,0.048,0.131,0.206
TMA-ZAIN-G-211,MBC,0.096,0.061,0.015,0.005,0.054,0.004,0.011,0.085,0.161,0.021,0.009,0.003,0.003,0.066,0.057,0.349
TMA-ZAIN-G-212,MBC,0.103,0.392,0.01,0.02,0.041,0.009,0.008,0.02,0.175,0.043,0.015,0.015,0.021,0.021,0.044,0.063
TMA-ZAIN-G-213,MBC,0.332,0.047,0.006,0.004,0.005,0.003,0.015,0.015,0.209,0.078,0.011,0.003,0.007,0.037,0.204,0.024
TMA-ZAIN-G-214,MBC,0.128,0.026,0.006,0.004,0.015,0.003,0.004,0.005,0.641,0.005,0.004,0.003,0.004,0.081,0.049,0.02
TMA-ZAIN-G-215,MBC,0.092,0.132,0.007,0.005,0.05,0.003,0.004,0.039,0.473,0.005,0.004,0.003,0.004,0.114,0.046,0.019
TMA-ZAIN-G-216,MBC,0.27,0.009,0.002,0.229,0.031,0.003,0.003,0.005,0.134,0.028,0.004,0.006,0.011,0.021,0.241,0.003
TMA-ZAIN-G-217,MBC,0.504,0.118,0.013,0.006,0.011,0.003,0.006,0.006,0.183,0.007,0.006,0.004,0.005,0.022,0.093,0.014
TMA-ZAIN-G-218,MBC,0.037,0.12,0.006,0.003,0.065,0.003,0.006,0.085,0.516,0.007,0.003,0.003,0.003,0.034,0.071,0.038
TMA-ZAIN-G-219,MBC,0.006,0.011,0.006,0.905,0.004,0.006,0.004,0.009,0.004,0.005,0.01,0.003,0.003,0.005,0.013,0.003
TMA-ZAIN-G-220,MBC,0.004,0.007,0.008,0.916,0.004,0.005,0.013,0.004,0.004,0.004,0.006,0.004,0.01,0.005,0.004,0.003
TMA-ZAIN-G-221,MBC,0.006,0.006,0.005,0.589,0.006,0.023,0.01,0.009,0.007,0.184,0.114,0.007,0.003,0.012,0.014,0.004
TMA-ZAIN-G-222,MBC,0.02,0.014,0.004,0.854,0.006,0.004,0.01,0.005,0.01,0.007,0.01,0.005,0.026,0.008,0.012,0.005
TMA-ZAIN-G-223,MBC,0.006,0.013,0.008,0.855,0.006,0.013,0.018,0.011,0.008,0.015,0.006,0.005,0.005,0.012,0.015,0.004
TMA-ZAIN-G-224,MBC,0.005,0.005,0.005,0.904,0.004,0.006,0.013,0.005,0.005,0.006,0.018,0.007,0.006,0.004,0.005,0.003
TMA-ZAIN-G-225,MBC,0.011,0.029,0.006,0.779,0.005,0.01,0.091,0.005,0.007,0.005,0.012,0.013,0.005,0.006,0.007,0.007
TMA-ZAIN-G-226,MBC,0.006,0.004,0.003,0.922,0.003,0.008,0.005,0.002,0.004,0.004,0.009,0.006,0.007,0.003,0.005,0.01
TMA-ZAIN-G-227,MBC,0.012,0.004,0.004,0.866,0.007,0.011,0.008,0.005,0.007,0.01,0.011,0.006,0.006,0.007,0.011,0.024
TMA-ZAIN-G-228,MBC,0.011,0.004,0.004,0.866,0.007,0.01,0.005,0.004,0.01,0.007,0.007,0.005,0.021,0.008,0.013,0.018
TMA-ZAIN-G-229,MBC,0.01,0.007,0.005,0.798,0.028,0.013,0.017,0.008,0.014,0.013,0.015,0.02,0.005,0.013,0.028,0.007
TMA-ZAIN-G-230,MBC,0.003,0.003,0.006,0.905,0.003,0.014,0.007,0.009,0.003,0.003,0.008,0.015,0.011,0.002,0.006,0.002
TMA-ZAIN-G-231,MBC,0.018,0.053,0.011,0.462,0.026,0.026,0.279,0.011,0.021,0.008,0.012,0.01,0.003,0.005,0.043,0.011
TMA-ZAIN-G-232,MBC,0.008,0.01,0.017,0.207,0.019,0.054,0.059,0.012,0.021,0.017,0.011,0.461,0.02,0.025,0.049,0.01
TMA-ZAIN-G-233,MBC,0.019,0.039,0.012,0.116,0.009,0.133,0.014,0.038,0.009,0.01,0.004,0.543,0.013,0.011,0.022,0.008
TMA-ZAIN-G-234,MBC,0.01,0.023,0.009,0.762,0.027,0.005,0.021,0.045,0.012,0.007,0.017,0.007,0.016,0.013,0.017,0.007
TMA-ZAIN-G-235,MBC,0.005,0.004,0.03,0.644,0.005,0.189,0.005,0.007,0.004,0.01,0.009,0.031,0.03,0.008,0.009,0.011
TMA-ZAIN-G-236,MBC,0.079,0.004,0.009,0.528,0.06,0.159,0.039,0.005,0.006,0.012,0.021,0.019,0.013,0.01,0.012,0.023
TMA-ZAIN-G-237,MBC,0.013,0.008,0.003,0.766,0.012,0.02,0.048,0.006,0.015,0.016,0.008,0.01,0.025,0.013,0.012,0.025
TMA-ZAIN-G-238,MBC,0.013,0.027,0.005,0.381,0.129,0.119,0.1,0.011,0.075,0.022,0.014,0.011,0.005,0.013,0.065,0.008
TMA-ZAIN-G-239,MBC,0.015,0.016,0.003,0.755,0.022,0.027,0.006,0.004,0.034,0.031,0.006,0.013,0.023,0.029,0.012,0.005
TMA-ZAIN-G-240,MBC,0.023,0.005,0.07,0.019,0.002,0.009,0.111,0.008,0.004,0.037,0.003,0.013,0.66,0.002,0.003,0.03
TMA-ZAIN-G-241,MBC,0.002,0.003,0.004,0.004,0.003,0.003,0.005,0.002,0.003,0.002,0.002,0.004,0.954,0.002,0.003,0.003
TMA-ZAIN-G-242,MBC,0.003,0.002,0.003,0.003,0.005,0.003,0.003,0.003,0.004,0.003,0.002,0.004,0.951,0.004,0.005,0.003
TMA-ZAIN-G-243,MBC,0.003,0.002,0.003,0.003,0.004,0.003,0.002,0.003,0.004,0.003,0.002,0.003,0.956,0.003,0.004,0.002
TMA-ZAIN-G-244,MBC,0.003,0.002,0.003,0.003,0.005,0.003,0.003,0.003,0.004,0.003,0.002,0.003,0.953,0.003,0.005,0.003
TMA-ZAIN-G-245,MBC,0.003,0.002,0.002,0.004,0.006,0.003,0.002,0.004,0.005,0.005,0.002,0.003,0.945,0.005,0.005,0.002
TMA-ZAIN-G-246,MBC,0.003,0.002,0.003,0.004,0.002,0.003,0.003,0.002,0.003,0.002,0.002,0.004,0.959,0.003,0.003,0.002
TMA-ZAIN-G-248,MBC,0.003,0.002,0.003,0.003,0.002,0.002,0.003,0.002,0.002,0.002,0.003,0.003,0.961,0.002,0.002,0.002
TMA-ZAIN-G-249,MBC,0.003,0.002,0.003,0.003,0.002,0.002,0.003,0.003,0.003,0.003,0.003,0.003,0.963,0.002,0.003,0.002
TMA-ZAIN-G-250,MBC,0.004,0.002,0.003,0.004,0.003,0.003,0.003,0.003,0.004,0.004,0.003,0.004,0.95,0.003,0.004,0.004
TMA-ZAIN-G-251,MBC,0.003,0.002,0.003,0.003,0.002,0.002,0.003,0.002,0.002,0.003,0.003,0.003,0.958,0.002,0.003,0.004
TMA-ZAIN-G-252,MBC,0.003,0.002,0.003,0.004,0.002,0.002,0.003,0.003,0.003,0.003,0.003,0.003,0.959,0.002,0.002,0.003
TMA-ZAIN-G-253,MBC,0.004,0.006,0.932,0.004,0.003,0.005,0.01,0.004,0.003,0.005,0.005,0.004,0.002,0.004,0.004,0.005
TMA-ZAIN-G-254,MBC,0.006,0.005,0.842,0.006,0.024,0.003,0.004,0.016,0.016,0.017,0.003,0.002,0.003,0.006,0.042,0.005
TMA-ZAIN-G-255,MBC,0.004,0.005,0.929,0.003,0.004,0.004,0.004,0.005,0.004,0.008,0.003,0.003,0.005,0.011,0.005,0.004
TMA-ZAIN-G-256,MBC,0.007,0.013,0.859,0.004,0.006,0.006,0.006,0.009,0.008,0.027,0.006,0.003,0.004,0.021,0.018,0.005
TMA-ZAIN-G-257,MBC,0.004,0.005,0.904,0.003,0.004,0.009,0.005,0.006,0.005,0.007,0.003,0.025,0.004,0.007,0.007,0.004
TMA-ZAIN-G-258,MBC,0.008,0.007,0.849,0.005,0.006,0.006,0.022,0.005,0.011,0.007,0.004,0.006,0.017,0.007,0.012,0.029
TMA-ZAIN-G-259,MBC,0.004,0.005,0.926,0.004,0.004,0.004,0.012,0.003,0.004,0.003,0.003,0.004,0.005,0.003,0.003,0.014
TMA-ZAIN-G-260,MBC,0.003,0.003,0.949,0.003,0.003,0.003,0.006,0.004,0.002,0.004,0.003,0.002,0.004,0.003,0.003,0.004
TMA-ZAIN-G-261,MBC,0.004,0.005,0.922,0.004,0.004,0.003,0.019,0.005,0.004,0.004,0.005,0.005,0.005,0.003,0.003,0.005
TMA-ZAIN-G-262,MBC,0.004,0.005,0.922,0.004,0.004,0.003,0.015,0.008,0.005,0.005,0.005,0.004,0.005,0.003,0.004,0.006
TMA-ZAIN-G-263,MBC,0.006,0.011,0.887,0.006,0.004,0.005,0.019,0.009,0.006,0.008,0.014,0.005,0.003,0.005,0.005,0.008
TMA-ZAIN-G-264,MBC,0.003,0.004,0.944,0.004,0.003,0.004,0.008,0.003,0.003,0.003,0.003,0.003,0.003,0.003,0.003,0.006
TMA-ZAIN-G-265,MBC,0.003,0.004,0.941,0.004,0.003,0.005,0.007,0.003,0.003,0.005,0.003,0.004,0.003,0.004,0.003,0.004
TMA-ZAIN-G-266,MBC,0.003,0.005,0.935,0.004,0.003,0.007,0.007,0.003,0.003,0.006,0.004,0.004,0.003,0.005,0.005,0.005
TMA-ZAIN-G-267,MBC,0.018,0.022,0.113,0.24,0.009,0.009,0.389,0.018,0.058,0.01,0.021,0.007,0.017,0.021,0.04,0.009
TMA-ZAIN-G-268,MBC,0.029,0.118,0.569,0.01,0.008,0.009,0.022,0.016,0.034,0.045,0.055,0.011,0.008,0.019,0.012,0.035
TMA-ZAIN-G-269,MBC,0.008,0.017,0.14,0.018,0.014,0.018,0.21,0.017,0.022,0.022,0.085,0.364,0.028,0.005,0.025,0.007
TMA-ZAIN-G-270,MBC,0.003,0.003,0.003,0.004,0.003,0.007,0.004,0.003,0.003,0.003,0.004,0.948,0.003,0.003,0.003,0.003
TMA-ZAIN-G-271,MBC,0.003,0.004,0.003,0.007,0.004,0.015,0.014,0.003,0.004,0.004,0.006,0.918,0.003,0.003,0.004,0.003
TMA-ZAIN-G-272,MBC,0.003,0.005,0.004,0.006,0.004,0.013,0.036,0.003,0.004,0.004,0.006,0.896,0.004,0.003,0.004,0.003
TMA-ZAIN-G-273,MBC,0.003,0.003,0.004,0.004,0.003,0.009,0.009,0.003,0.004,0.004,0.005,0.936,0.004,0.003,0.004,0.002
TMA-ZAIN-G-274,MBC,0.003,0.004,0.003,0.012,0.004,0.009,0.011,0.002,0.004,0.004,0.007,0.922,0.005,0.003,0.004,0.003
TMA-ZAIN-G-275,MBC,0.003,0.003,0.003,0.016,0.003,0.009,0.005,0.002,0.003,0.002,0.005,0.933,0.006,0.002,0.003,0.003
TMA-ZAIN-G-276,MBC,0.022,0.004,0.007,0.012,0.012,0.01,0.007,0.007,0.007,0.003,0.009,0.859,0.005,0.007,0.005,0.023
TMA-ZAIN-G-277,MBC,0.003,0.003,0.002,0.006,0.002,0.004,0.003,0.002,0.003,0.002,0.004,0.952,0.004,0.003,0.003,0.003
TMA-ZAIN-G-278,MBC,0.004,0.002,0.002,0.005,0.006,0.007,0.004,0.004,0.005,0.005,0.003,0.934,0.006,0.005,0.006,0.003
TMA-ZAIN-G-279,MBC,0.004,0.003,0.005,0.006,0.008,0.008,0.004,0.005,0.006,0.007,0.004,0.904,0.021,0.005,0.006,0.005
TMA-ZAIN-G-280,MBC,0.003,0.003,0.004,0.006,0.003,0.004,0.008,0.002,0.003,0.003,0.004,0.939,0.011,0.002,0.003,0.003
TMA-ZAIN-G-281,MBC,0.004,0.004,0.003,0.008,0.003,0.006,0.003,0.002,0.004,0.003,0.006,0.938,0.005,0.003,0.003,0.004
TMA-ZAIN-G-282,MBC,0.005,0.008,0.003,0.029,0.003,0.024,0.005,0.002,0.005,0.003,0.006,0.885,0.007,0.004,0.003,0.007
TMA-ZAIN-G-283,MBC,0.004,0.005,0.004,0.01,0.003,0.016,0.006,0.003,0.004,0.004,0.005,0.916,0.008,0.004,0.003,0.005
TMA-ZAIN-G-284,MBC,0.003,0.002,0.004,0.006,0.003,0.007,0.005,0.002,0.003,0.003,0.004,0.942,0.008,0.003,0.003,0.002
TMA-ZAIN-G-285,MBC,0.006,0.012,0.102,0.037,0.011,0.033,0.036,0.005,0.009,0.012,0.029,0.674,0.01,0.012,0.009,0.004
TMA-ZAIN-G-286,MBC,0.009,0.017,0.112,0.059,0.008,0.053,0.056,0.004,0.011,0.012,0.032,0.582,0.008,0.019,0.013,0.005
TMA-ZAIN-G-287,MBC,0.016,0.006,0.03,0.019,0.037,0.015,0.008,0.015,0.006,0.006,0.014,0.783,0.016,0.015,0.005,0.008
TMA-ZAIN-G-288,MBC,0.003,0.003,0.006,0.006,0.003,0.009,0.007,0.002,0.003,0.003,0.006,0.935,0.006,0.002,0.003,0.003
TMA-ZAIN-G-289,MBC,0.011,0.003,0.005,0.006,0.013,0.006,0.006,0.007,0.004,0.003,0.006,0.909,0.006,0.004,0.003,0.009
TMA-ZAIN-G-290,MBC,0.04,0.008,0.009,0.022,0.019,0.02,0.008,0.008,0.014,0.006,0.033,0.757,0.004,0.01,0.008,0.035
TMA-ZAIN-G-291,MBC,0.014,0.004,0.007,0.007,0.016,0.008,0.008,0.01,0.007,0.004,0.01,0.875,0.005,0.005,0.005,0.016
TMA-ZAIN-G-292,MBC,0.009,0.016,0.007,0.019,0.004,0.092,0.006,0.003,0.01,0.008,0.022,0.776,0.004,0.008,0.006,0.01
TMA-ZAIN-G-293,MBC,0.006,0.004,0.008,0.876,0.004,0.011,0.01,0.003,0.004,0.005,0.036,0.013,0.007,0.005,0.004,0.005
TMA-ZAIN-G-294,MBC,0.044,0.044,0.004,0.027,0.077,0.011,0.008,0.007,0.422,0.02,0.01,0.014,0.018,0.073,0.195,0.027
TMA-ZAIN-G-295,MBC,0.048,0.029,0.018,0.011,0.011,0.003,0.041,0.025,0.551,0.148,0.013,0.004,0.021,0.023,0.035,0.02
TMA-ZAIN-G-296,MBC,0.006,0.006,0.004,0.003,0.011,0.003,0.008,0.007,0.229,0.008,0.004,0.003,0.004,0.007,0.695,0.003
TMA-ZAIN-G-297,MBC,0.008,0.007,0.005,0.005,0.018,0.003,0.009,0.009,0.189,0.014,0.01,0.006,0.005,0.007,0.7,0.004
TMA-ZAIN-G-298,MBC,0.011,0.041,0.007,0.007,0.009,0.006,0.025,0.004,0.68,0.093,0.008,0.005,0.004,0.012,0.056,0.032
TMA-ZAIN-G-299,MBC,0.025,0.042,0.017,0.009,0.036,0.005,0.016,0.02,0.335,0.139,0.013,0.008,0.006,0.173,0.061,0.095
TMA-ZAIN-G-301,MBC,0.007,0.008,0.014,0.009,0.237,0.007,0.142,0.008,0.268,0.027,0.007,0.009,0.006,0.014,0.231,0.004
TMA-ZAIN-G-302,MBC,0.013,0.009,0.003,0.006,0.832,0.003,0.003,0.005,0.026,0.007,0.004,0.004,0.005,0.037,0.036,0.007
TMA-ZAIN-G-303,MBC,0.101,0.007,0.006,0.007,0.236,0.003,0.009,0.046,0.385,0.023,0.013,0.005,0.009,0.009,0.134,0.008
TMA-ZAIN-G-304,MBC,0.054,0.008,0.004,0.007,0.564,0.004,0.013,0.024,0.174,0.051,0.006,0.003,0.01,0.015,0.038,0.024
TMA-ZAIN-G-305,MBC,0.014,0.011,0.004,0.004,0.016,0.003,0.01,0.006,0.184,0.009,0.004,0.003,0.003,0.02,0.697,0.012
TMA-ZAIN-G-306,MBC,0.029,0.016,0.021,0.815,0.003,0.01,0.008,0.002,0.006,0.017,0.011,0.007,0.003,0.004,0.003,0.044
NA,NA,0,0,0,0,0,0,0,0,0,0,0,0,0,0,0,0
TMA-ZAIN-G-307,MSBG,0.036,0.022,0.464,0.006,0.008,0.011,0.012,0.07,0.044,0.237,0.012,0.007,0.007,0.028,0.015,0.021
TMA-ZAIN-G-308,MSBG,0.017,0.028,0.006,0.004,0.006,0.003,0.012,0.012,0.639,0.086,0.006,0.003,0.004,0.019,0.144,0.011
TMA-ZAIN-G-309,MSBG,0.012,0.044,0.327,0.008,0.01,0.07,0.008,0.012,0.317,0.059,0.01,0.031,0.014,0.016,0.051,0.013
TMA-ZAIN-G-310,MSBG,0.066,0.019,0.339,0.004,0.006,0.007,0.013,0.153,0.089,0.221,0.01,0.009,0.014,0.022,0.018,0.011
TMA-ZAIN-G-311,MSBG,0.006,0.007,0.692,0.102,0.005,0.027,0.013,0.01,0.006,0.005,0.08,0.014,0.014,0.003,0.005,0.012
TMA-ZAIN-G-312,MSBG,0.688,0.067,0.003,0.004,0.027,0.004,0.006,0.009,0.106,0.013,0.005,0.003,0.002,0.017,0.011,0.034
TMA-ZAIN-G-313,MSBG,0.072,0.005,0.007,0.011,0.133,0.005,0.043,0.012,0.448,0.013,0.012,0.012,0.011,0.054,0.159,0.004
TMA-ZAIN-G-314,MSBG,0.019,0.069,0.025,0.019,0.04,0.028,0.079,0.007,0.192,0.193,0.02,0.012,0.002,0.172,0.106,0.017
TMA-ZAIN-G-315,MSBG,0.427,0.074,0.011,0.013,0.035,0.005,0.006,0.01,0.109,0.044,0.05,0.005,0.005,0.016,0.164,0.024
TMA-ZAIN-G-316,MSBG,0.016,0.156,0.373,0.005,0.094,0.012,0.023,0.024,0.107,0.08,0.01,0.008,0.003,0.024,0.041,0.022
TMA-ZAIN-G-317,MSBG,0.022,0.013,0.011,0.018,0.006,0.179,0.012,0.005,0.018,0.028,0.243,0.419,0.003,0.006,0.006,0.01
TMA-ZAIN-G-318,MSBG,0.031,0.016,0.017,0.017,0.114,0.005,0.035,0.017,0.167,0.023,0.017,0.326,0.013,0.021,0.174,0.006
TMA-ZAIN-G-319,MSBG,0.023,0.014,0.016,0.029,0.125,0.007,0.023,0.02,0.131,0.03,0.021,0.361,0.011,0.021,0.161,0.005
TMA-ZAIN-G-320,MSBG,0.005,0.007,0.016,0.681,0.036,0.049,0.011,0.004,0.005,0.041,0.063,0.05,0.008,0.006,0.007,0.01
TMA-ZAIN-G-321,MSBG,0.006,0.006,0.031,0.082,0.014,0.286,0.047,0.011,0.011,0.005,0.042,0.362,0.067,0.003,0.013,0.013
NA,NA,0,0,0,0,0,0,0,0,0,0,0,0,0,0,0,0
TMA-ZAIN-G-322,AA,0.015,0.006,0.006,0.348,0.004,0.015,0.024,0.003,0.005,0.004,0.016,0.101,0.011,0.004,0.006,0.431
TMA-ZAIN-G-323,AA,0.016,0.014,0.003,0.402,0.157,0.005,0.009,0.014,0.234,0.024,0.006,0.004,0.01,0.034,0.057,0.009
NA,NA,0,0,0,0,0,0,0,0,0,0,0,0,0,0,0,0
TMA-ZAIN-G-324,HBG,0.207,0.029,0.006,0.013,0.016,0.022,0.014,0.013,0.208,0.048,0.297,0.06,0.006,0.036,0.02,0.006
TMA-ZAIN-G-325,HBG,0.069,0.078,0.05,0.18,0.013,0.061,0.023,0.025,0.076,0.042,0.164,0.009,0.006,0.082,0.116,0.006
NA,NA,0,0,0,0,0,0,0,0,0,0,0,0,0,0,0,0
TMA-ZAIN-G-326,FTBG,0.014,0.058,0.01,0.748,0.006,0.006,0.007,0.022,0.018,0.011,0.008,0.007,0.011,0.008,0.006,0.059
TMA-ZAIN-G-327,FTBG,0.022,0.017,0.013,0.006,0.005,0.005,0.013,0.01,0.016,0.603,0.014,0.004,0.004,0.088,0.154,0.026
TMA-ZAIN-G-328,FTBG,0.019,0.01,0.006,0.814,0.006,0.003,0.01,0.006,0.012,0.008,0.02,0.005,0.056,0.009,0.011,0.005
TMA-ZAIN-G-329,FTBG,0.033,0.018,0.019,0.563,0.004,0.002,0.005,0.006,0.015,0.006,0.01,0.003,0.004,0.012,0.005,0.294
TMA-ZAIN-G-330,FTBG,0.021,0.227,0.011,0.004,0.006,0.003,0.008,0.033,0.012,0.01,0.007,0.003,0.003,0.005,0.007,0.64
TMA-ZAIN-G-331,FTBG,0.091,0.018,0.015,0.16,0.01,0.189,0.016,0.19,0.008,0.047,0.041,0.113,0.012,0.02,0.012,0.057
TMA-ZAIN-G-332,FTBG,0.099,0.077,0.016,0.007,0.232,0.004,0.064,0.116,0.188,0.091,0.015,0.004,0.008,0.029,0.013,0.036
NA,NA,0,0,0,0,0,0,0,0,0,0,0,0,0,0,0,0
TMA-ZAIN-G-333,UCBBG,0.044,0.744,0.015,0.004,0.024,0.003,0.01,0.036,0.029,0.024,0.008,0.003,0.002,0.013,0.031,0.009
TMA-ZAIN-G-334,UCBBG,0.358,0.013,0.012,0.017,0.032,0.008,0.255,0.005,0.212,0.031,0.008,0.01,0.012,0.007,0.013,0.008
TMA-ZAIN-G-335,UCBBG,0.884,0.007,0.004,0.003,0.005,0.002,0.003,0.005,0.006,0.016,0.003,0.002,0.003,0.007,0.005,0.043
TMA-ZAIN-G-336,UCBBG,0.037,0.004,0.005,0.006,0.004,0.002,0.003,0.004,0.003,0.04,0.003,0.002,0.002,0.003,0.003,0.879
TMA-ZAIN-G-337,UCBBG,0.003,0.003,0.005,0.007,0.003,0.006,0.008,0.003,0.003,0.003,0.005,0.935,0.007,0.002,0.003,0.003
TMA-ZAIN-G-338,UCBBG,0.003,0.003,0.003,0.004,0.004,0.003,0.007,0.004,0.004,0.004,0.004,0.943,0.005,0.003,0.004,0.003
TMA-ZAIN-G-339,UCBBG,0.004,0.006,0.005,0.009,0.007,0.006,0.046,0.004,0.006,0.006,0.01,0.869,0.008,0.004,0.006,0.004
TMA-ZAIN-G-340,UCBBG,0.004,0.004,0.004,0.006,0.004,0.012,0.006,0.003,0.005,0.004,0.01,0.92,0.005,0.004,0.006,0.003
TMA-ZAIN-G-341,UCBBG,0.003,0.003,0.004,0.005,0.003,0.01,0.005,0.003,0.003,0.003,0.005,0.941,0.004,0.003,0.003,0.003
TMA-ZAIN-G-342,UCBBG,0.002,0.002,0.003,0.005,0.002,0.007,0.003,0.002,0.002,0.002,0.003,0.954,0.006,0.002,0.002,0.002
TMA-ZAIN-G-343,UCBBG,0.002,0.003,0.002,0.005,0.003,0.004,0.007,0.002,0.003,0.003,0.003,0.95,0.005,0.003,0.003,0.002
TMA-ZAIN-G-344,UCBBG,0.003,0.005,0.002,0.003,0.003,0.005,0.004,0.003,0.004,0.004,0.004,0.945,0.005,0.004,0.003,0.003
TMA-ZAIN-G-345,UCBBG,0.004,0.003,0.003,0.007,0.004,0.004,0.032,0.003,0.004,0.003,0.004,0.911,0.008,0.004,0.004,0.003
NA,NA,0,0,0,0,0,0,0,0,0,0,0,0,0,0,0,0
TMA-ZAIN-G-347,GWL,0.003,0.004,0.002,0.006,0.003,0.011,0.004,0.002,0.003,0.003,0.004,0.944,0.005,0.003,0.002,0.003
TMA-ZAIN-G-348,GWL,0.005,0.004,0.003,0.007,0.003,0.005,0.004,0.002,0.004,0.003,0.005,0.937,0.007,0.003,0.004,0.004
TMA-ZAIN-G-349,GWL,0.002,0.002,0.004,0.004,0.002,0.003,0.005,0.003,0.003,0.003,0.004,0.95,0.007,0.002,0.003,0.003
TMA-ZAIN-G-350,GWL,0.014,0.002,0.004,0.017,0.003,0.005,0.004,0.002,0.003,0.042,0.004,0.882,0.007,0.002,0.003,0.004
TMA-ZAIN-G-351,GWL,0.003,0.003,0.003,0.005,0.003,0.005,0.004,0.003,0.003,0.003,0.004,0.95,0.006,0.002,0.003,0.003
TMA-ZAIN-G-352,GWL,0.003,0.003,0.005,0.007,0.004,0.009,0.007,0.003,0.004,0.004,0.008,0.925,0.007,0.003,0.004,0.004
