Ind,Botanic_Garden,First_Pop,First_Per,Wild_Source,Second_Pop,Second_Per,Third_Pop,Third_Per,Fourth_Pop,Fourth_Per
QAc-G-0001,/BTRL,Magazine,28.975,NA,Pryor,24.093,Porter,23.603,Sugar_Loaf,23.328
QAc-G-0002,/BTRL,Magazine,28.2,NA,Pryor,26.152,Porter,24.483,Sugar_Loaf,21.165
QAc-G-0003,/MBG,Pryor,29.886,NA,Magazine,24.816,Porter,24.388,Sugar_Loaf,20.91
QAc-G-0004,/MBG,Magazine,28.34,NA,Sugar_Loaf,24.259,Porter,24.164,Pryor,23.236
QAc-G-0005,/MBG,Porter,27.774,NA,Pryor,27.261,Magazine,25.015,Sugar_Loaf,19.951
QAc-G-0006,/MBG,Magazine,28.648,NA,Sugar_Loaf,26.025,Porter,24.491,Pryor,20.835
QAc-G-0010,/TMA,Pryor,27.081,NA,Porter,24.83,Magazine,24.767,Sugar_Loaf,23.323
QAc-G-0011,/TMA,Porter,29.506,NA,Pryor,26.503,Magazine,23.178,Sugar_Loaf,20.813
QAc-G-0015,/TMA,Pryor,26.397,NA,Magazine,25.907,Porter,24.565,Sugar_Loaf,23.131
QAc-G-0016,/HBG,Magazine,26.384,NA,Pryor,25.031,Sugar_Loaf,24.618,Porter,23.967
QAc-G-0017,/HBG,Magazine,26.167,Porter,Porter,25.587,Pryor,24.826,Sugar_Loaf,23.42
QAc-G-0018,/HBG,Pryor,26.809,Porter,Magazine,25.935,Porter,23.984,Sugar_Loaf,23.271
QAc-G-0019,/HBG,Porter,28.641,Porter,Pryor,27.248,Magazine,24.762,Sugar_Loaf,19.35
QAc-G-0020,/HBG,Magazine,26.989,Porter,Porter,26.846,Pryor,23.293,Sugar_Loaf,22.871
QAc-G-0021,/HBG,Porter,27.029,Pryor,Magazine,25.091,Pryor,24.608,Sugar_Loaf,23.273
QAc-G-0022,/HBG,Porter,27.85,Pryor,Magazine,26.159,Sugar_Loaf,23.004,Pryor,22.987
QAc-G-0023,/HBG,Pryor,27.631,Pryor,Magazine,24.804,Porter,24.146,Sugar_Loaf,23.419
QAc-G-0024,/HBG,Magazine,26.786,Pryor,Pryor,25.898,Porter,25.869,Sugar_Loaf,21.446
QAc-G-0025,/USNA,Magazine,27.96,Magazine,Pryor,25.286,Porter,24.167,Sugar_Loaf,22.586
QAc-G-0028,/USNA,Magazine,26.73,Porter,Pryor,26.336,Porter,23.664,Sugar_Loaf,23.271
QAc-G-0029,/AP,Magazine,29.289,Pryor,Porter,25.801,Pryor,23.175,Sugar_Loaf,21.735
QAc-G-0030,/AP,Magazine,26.776,Pryor,Pryor,26.317,Porter,23.871,Sugar_Loaf,23.036
QAc-G-0031,/AP,Pryor,27.884,Pryor,Magazine,25.229,Porter,24.748,Sugar_Loaf,22.138
QAc-G-0032,/DBG,Pryor,26.959,Magazine,Magazine,25.958,Sugar_Loaf,24.455,Porter,22.628
QAc-G-0033,/DBG,Pryor,26.468,Porter,Magazine,26.35,Porter,25.677,Sugar_Loaf,21.505
QAc-G-0034,/DBG,Magazine,27.657,Porter,Pryor,25.567,Porter,24.511,Sugar_Loaf,22.266
QAc-G-0035,/DBG,Pryor,27.047,Porter,Magazine,25.544,Porter,24.604,Sugar_Loaf,22.804
QAc-G-0036,/DBG,Pryor,28.224,Porter,Porter,26.167,Magazine,23.177,Sugar_Loaf,22.432
QAc-G-0037,/DBG,Magazine,26.375,Porter,Pryor,24.877,Sugar_Loaf,24.386,Porter,24.361
QAc-G-0038,/DBG,Magazine,26.11,Porter,Pryor,24.883,Porter,24.555,Sugar_Loaf,24.453
QAc-G-0039,/DBG,Porter,27.8,Porter,Sugar_Loaf,24.957,Magazine,24.31,Pryor,22.933
QAc-G-0040,/DBG,Magazine,27.458,Porter,Porter,24.725,Pryor,24.381,Sugar_Loaf,23.436
QAc-G-0041,/DBG,Pryor,26.852,Porter,Magazine,25.955,Porter,24.218,Sugar_Loaf,22.974
QAc-G-0042,/DBG,Pryor,26.398,Porter,Magazine,25.722,Porter,24.873,Sugar_Loaf,23.007
QAc-G-0043,/DBG,Sugar_Loaf,25.397,Porter,Magazine,25.321,Pryor,24.986,Porter,24.296
QAc-G-0044,/DBG,Pryor,26.599,Porter,Porter,25.635,Magazine,25.187,Sugar_Loaf,22.578
QAc-G-0045,/DBG,Pryor,27.17,Porter,Magazine,26.319,Porter,24.564,Sugar_Loaf,21.947
QAc-G-0046,/DBG,Porter,26.547,Porter,Magazine,25.58,Sugar_Loaf,25.05,Pryor,22.824
QAc-G-0047,/DBG,Pryor,26.095,Porter,Magazine,25.811,Porter,25.059,Sugar_Loaf,23.035
QAc-G-0048,/DBG,Porter,27.129,Porter,Magazine,26.617,Sugar_Loaf,24.847,Pryor,21.407
QAc-G-0049,/DBG,Magazine,27.179,Pryor,Pryor,25.828,Porter,24.942,Sugar_Loaf,22.052
QAc-G-0050,/DBG,Magazine,26.273,Pryor,Sugar_Loaf,25.18,Porter,24.691,Pryor,23.856
QAc-G-0051,/DBG,Pryor,28.748,Pryor,Magazine,26.095,Porter,23.16,Sugar_Loaf,21.997
QAc-G-0052,/DBG,Pryor,26.31,Pryor,Magazine,25.712,Porter,24.75,Sugar_Loaf,23.228
QAc-G-0053,/DBG,Magazine,27.35,Pryor,Porter,26.15,Pryor,24.54,Sugar_Loaf,21.959
QAc-G-0054,/DBG,Sugar_Loaf,26.668,Pryor,Magazine,25.304,Pryor,24.673,Porter,23.354
QAc-G-0055,/DBG,Sugar_Loaf,26.587,Pryor,Magazine,26.115,Porter,24.103,Pryor,23.196
QAc-G-0056,/DBG,Magazine,26.133,Pryor,Pryor,26.128,Porter,25.139,Sugar_Loaf,22.6
QAc-G-0057,/DBG,Magazine,28.506,Pryor,Pryor,24.081,Sugar_Loaf,23.745,Porter,23.668
QAc-G-0058,/DBG,Pryor,26.312,Pryor,Magazine,25.431,Porter,25.002,Sugar_Loaf,23.255
QAc-G-0059,/DBG,Pryor,25.513,Pryor,Sugar_Loaf,25.258,Magazine,25.117,Porter,24.111
QAc-G-0060,/DBG,Magazine,27.228,Pryor,Porter,25.074,Pryor,24.057,Sugar_Loaf,23.64
QAc-G-0061,/AA,Magazine,27.123,NA,Pryor,26.634,Porter,25.145,Sugar_Loaf,21.098
QAc-G-0062,/AA,Pryor,26.383,NA,Magazine,26.183,Porter,25.692,Sugar_Loaf,21.742
QAc-G-0063,/AA,Pryor,28.966,NA,Magazine,24.961,Porter,24.459,Sugar_Loaf,21.615
QAc-G-0064,/AA,Pryor,29.709,Magazine,Porter,25.575,Magazine,23.774,Sugar_Loaf,20.942
QAc-G-0065,/AA,Porter,28.563,Magazine,Pryor,27.173,Magazine,23.952,Sugar_Loaf,20.312
QAc-G-0066,/AA,Pryor,27.885,Magazine,Magazine,25.901,Sugar_Loaf,23.416,Porter,22.797
QAc-G-0067,/AA,Pryor,27.846,Magazine,Porter,26.742,Magazine,25.873,Sugar_Loaf,19.539
QAc-G-0068,/AA,Pryor,27.108,Magazine,Porter,26.333,Sugar_Loaf,23.417,Magazine,23.142
QAc-G-0070,/AA,Pryor,29.113,Magazine,Magazine,26.475,Porter,24.807,Sugar_Loaf,19.606
QAc-G-0071,/AA,Magazine,28.236,Magazine,Pryor,25.3,Sugar_Loaf,24.317,Porter,22.147
QAc-G-0072,/AA,Pryor,29.289,Magazine,Magazine,25.518,Porter,25.334,Sugar_Loaf,19.859
QAc-G-0073,/AA,Pryor,27.223,NA,Magazine,26.315,Sugar_Loaf,23.458,Porter,23.004
QAc-G-0074,/AA,Pryor,28.519,NA,Porter,24.849,Magazine,23.486,Sugar_Loaf,23.146
QAc-G-0075,/AA,Magazine,27.665,NA,Sugar_Loaf,24.887,Porter,24.068,Pryor,23.38
QAc-G-0076,/AA,Magazine,26.948,NA,Porter,24.715,Pryor,24.58,Sugar_Loaf,23.757
QAc-G-0077,/AA,Magazine,29.133,Pryor,Pryor,25.333,Porter,24.787,Sugar_Loaf,20.747
QAc-G-0078,/AA,Magazine,27.773,Pryor,Pryor,26.262,Porter,23.742,Sugar_Loaf,22.223
QAc-G-0079,/AA,Magazine,27.356,Pryor,Pryor,26.253,Sugar_Loaf,23.213,Porter,23.178
QAc-G-0080,/AA,Pryor,25.541,Pryor,Sugar_Loaf,24.924,Porter,24.88,Magazine,24.655
QAc-G-0081,/AA,Magazine,26.769,NA,Sugar_Loaf,25.619,Porter,25.321,Pryor,22.291
QAc-G-0082,/AA,Porter,25.784,NA,Sugar_Loaf,25.691,Magazine,25.312,Pryor,23.213
QAc-G-0083,/AA,Pryor,31.906,Magazine,Magazine,25.957,Porter,23.062,Sugar_Loaf,19.075
QAc-G-0106,/TMA,Magazine,27.531,Magazine,Pryor,25.828,Porter,23.927,Sugar_Loaf,22.713
QAc-G-0107,/TMA,Magazine,28.887,Magazine,Porter,24.857,Pryor,24.686,Sugar_Loaf,21.569
QAc-G-0108,/TMA,Magazine,26.724,Magazine,Pryor,25.119,Porter,24.829,Sugar_Loaf,23.328
QAc-G-0109,/TMA,Magazine,28.241,Magazine,Pryor,24.882,Porter,24.415,Sugar_Loaf,22.461
QAc-G-0110,/TMA,Magazine,27.37,Magazine,Pryor,25.206,Porter,24.209,Sugar_Loaf,23.215
QAc-G-0111,/TMA,Magazine,27.877,Magazine,Porter,25.807,Pryor,23.827,Sugar_Loaf,22.489
QAc-G-0112,/TMA,Magazine,27.719,Magazine,Pryor,24.245,Sugar_Loaf,24.053,Porter,23.983
QAc-G-0113,/TMA,Magazine,27.54,Magazine,Sugar_Loaf,24.804,Porter,24.69,Pryor,22.966
QAc-G-0114,/TMA,Magazine,26.932,Magazine,Sugar_Loaf,24.902,Pryor,24.178,Porter,23.988
QAc-G-0115,/TMA,Porter,27.89,Magazine,Magazine,25.336,Sugar_Loaf,23.853,Pryor,22.921
QAc-G-0116,/TMA,Magazine,28.432,Magazine,Pryor,24.46,Porter,24.327,Sugar_Loaf,22.781
QAc-G-0117,/TMA,Porter,28.003,Magazine,Pryor,26.213,Magazine,25.601,Sugar_Loaf,20.183
QAc-G-0118,/TMA,Magazine,26.728,Magazine,Sugar_Loaf,25.809,Porter,24.52,Pryor,22.944
QAc-G-0119,/TMA,Magazine,27.015,Magazine,Sugar_Loaf,26.988,Porter,24.774,Pryor,21.223
QAc-G-0120,/TMA,Magazine,25.993,Magazine,Porter,25.726,Sugar_Loaf,24.295,Pryor,23.986
QAc-G-0121,/TMA,Pryor,26.601,Magazine,Porter,25.406,Magazine,25.084,Sugar_Loaf,22.91
QAc-G-0122,/TMA,Pryor,30.135,Magazine,Porter,24.97,Magazine,24.338,Sugar_Loaf,20.557
QAc-G-0123,/TMA,Porter,27.043,Magazine,Magazine,25.447,Pryor,25.19,Sugar_Loaf,22.32
QAc-G-0124,/TMA,Porter,27.432,Magazine,Pryor,27.4,Magazine,24.542,Sugar_Loaf,20.626
QAc-G-0125,/TMA,Pryor,30.022,Magazine,Porter,26.276,Magazine,24.923,Sugar_Loaf,18.779
QAc-G-0126,/TMA,Porter,27.061,Magazine,Pryor,27.049,Magazine,24.62,Sugar_Loaf,21.27
QAc-G-0127,/TMA,Pryor,30.419,Magazine,Porter,28.091,Magazine,20.751,Sugar_Loaf,20.739
QAc-G-0128,/TMA,Porter,28.636,Magazine,Pryor,26.748,Magazine,24.451,Sugar_Loaf,20.165
QAc-G-0129,/TMA,Porter,29.559,Magazine,Pryor,25.878,Magazine,24.093,Sugar_Loaf,20.47
QAc-G-0130,/TMA,Pryor,31.958,Magazine,Porter,26.281,Magazine,22.618,Sugar_Loaf,19.143
QAc-G-0131,/TMA,Porter,28.159,Magazine,Pryor,26.398,Magazine,24.587,Sugar_Loaf,20.855
QAc-G-0132,/TMA,Pryor,29.739,Magazine,Porter,26.717,Magazine,23.986,Sugar_Loaf,19.558
QAc-G-0133,/TMA,Pryor,31.315,Magazine,Porter,28.238,Magazine,21.731,Sugar_Loaf,18.716
QAc-G-0134,/TMA,Porter,27.384,Magazine,Pryor,25.999,Magazine,25.222,Sugar_Loaf,21.395
QAc-G-0135,/TMA,Sugar_Loaf,27.968,Magazine,Magazine,27.431,Porter,24.442,Pryor,20.16
QAc-G-0136,/TMA,Magazine,26.931,Magazine,Pryor,26.606,Porter,24.476,Sugar_Loaf,21.987
QAc-G-0137,/TMA,Magazine,27.522,Magazine,Porter,25.283,Pryor,24.813,Sugar_Loaf,22.382
QAc-G-0138,/TMA,Magazine,27.19,Magazine,Pryor,24.983,Porter,24.389,Sugar_Loaf,23.438
QAc-G-0139,/TMA,Magazine,26.3,Magazine,Porter,25.375,Sugar_Loaf,24.704,Pryor,23.621
QAc-G-0140,/TMA,Porter,28.352,Magazine,Pryor,27.015,Magazine,25.557,Sugar_Loaf,19.076
QAc-G-0141,/TMA,Pryor,26.849,Magazine,Magazine,26.252,Porter,23.981,Sugar_Loaf,22.919
QAc-G-0142,/TMA,Magazine,27.249,Magazine,Sugar_Loaf,24.973,Porter,24.657,Pryor,23.121
QAc-G-0143,/TMA,Porter,30.162,Magazine,Magazine,24.016,Sugar_Loaf,23.494,Pryor,22.328
QAc-G-0144,/TMA,Magazine,30.198,Magazine,Porter,24.825,Sugar_Loaf,23.913,Pryor,21.064
QAc-G-0145,/TMA,Pryor,28.533,Magazine,Magazine,26.052,Porter,23.05,Sugar_Loaf,22.364
QAc-G-0146,/TMA,Pryor,28.013,Magazine,Porter,27.371,Magazine,24.78,Sugar_Loaf,19.836
QAc-G-0147,/TMA,Porter,26.78,Magazine,Pryor,26.037,Magazine,24.816,Sugar_Loaf,22.367
QAc-G-0148,/TMA,Porter,30.281,Magazine,Pryor,24.82,Magazine,24.602,Sugar_Loaf,20.297
QAc-G-0149,/TMA,Pryor,29.12,Magazine,Porter,28.377,Magazine,23.683,Sugar_Loaf,18.82
QAc-G-0150,/TMA,Pryor,29.155,Magazine,Porter,24.16,Magazine,24.047,Sugar_Loaf,22.638
QAc-G-0151,/TMA,Pryor,29.27,Magazine,Porter,25.328,Magazine,25.321,Sugar_Loaf,20.08
QAc-G-0152,/TMA,Porter,27.1,Magazine,Pryor,26.307,Magazine,25.543,Sugar_Loaf,21.05
QAc-G-0153,/TMA,Pryor,27.193,Magazine,Porter,26.996,Magazine,24.1,Sugar_Loaf,21.712
QAc-G-0154,/TMA,Pryor,29.576,Magazine,Porter,26.192,Magazine,24.63,Sugar_Loaf,19.603
QAc-G-0155,/TMA,Pryor,28.12,Magazine,Porter,26.72,Magazine,25.494,Sugar_Loaf,19.666
QAc-G-0158,/TMA,Porter,28.215,Magazine,Pryor,27.91,Magazine,24.047,Sugar_Loaf,19.828
QAc-G-0159,/TMA,Porter,26.725,Magazine,Sugar_Loaf,25.184,Magazine,24.922,Pryor,23.169
QAc-G-0160,/TMA,Pryor,26.896,Magazine,Magazine,26.351,Porter,23.739,Sugar_Loaf,23.014
QAc-G-0161,/TMA,Magazine,27.162,Magazine,Pryor,27.106,Sugar_Loaf,23.713,Porter,22.019
QAc-G-0162,/TMA,Pryor,27.094,Magazine,Magazine,25.696,Sugar_Loaf,24.009,Porter,23.2
QAc-G-0163,/TMA,Magazine,26.656,Magazine,Sugar_Loaf,24.938,Pryor,24.764,Porter,23.642
QAc-G-0164,/TMA,Pryor,28.451,Magazine,Magazine,24.424,Porter,23.725,Sugar_Loaf,23.4
QAc-G-0165,/TMA,Pryor,27.398,Magazine,Magazine,26.718,Porter,25.496,Sugar_Loaf,20.388
QAc-G-0166,/TMA,Magazine,28.361,Magazine,Pryor,25.133,Sugar_Loaf,24.125,Porter,22.381
QAc-G-0167,/TMA,Pryor,28.596,Magazine,Magazine,26.588,Porter,25.039,Sugar_Loaf,19.778
QAc-G-0168,/TMA,Magazine,27.988,Magazine,Pryor,26.692,Sugar_Loaf,23.439,Porter,21.881
QAc-G-0169,/TMA,Porter,27.724,Magazine,Pryor,25.353,Sugar_Loaf,24.814,Magazine,22.11
QAc-G-0170,/TMA,Pryor,28.891,Magazine,Porter,25.758,Magazine,24.379,Sugar_Loaf,20.972
QAc-G-0171,/TMA,Pryor,29.422,Magazine,Magazine,26.258,Porter,23.627,Sugar_Loaf,20.694
QAc-G-0172,/TMA,Pryor,26.305,Magazine,Magazine,25.824,Porter,25.746,Sugar_Loaf,22.125
QAc-G-0173,/TMA,Magazine,28.142,Magazine,Pryor,25.906,Sugar_Loaf,23.692,Porter,22.26
QAc-G-0174,/TMA,Pryor,28.625,Magazine,Magazine,26.874,Porter,23.833,Sugar_Loaf,20.668
QAc-G-0175,/TMA,Pryor,28.503,Magazine,Magazine,25.879,Sugar_Loaf,24.078,Porter,21.539
QAc-G-0176,/TMA,Pryor,26.335,Magazine,Magazine,26.092,Porter,24.978,Sugar_Loaf,22.595
QAc-G-0177,/TMA,Pryor,27.134,Magazine,Magazine,24.701,Porter,24.255,Sugar_Loaf,23.91
QAc-G-0178,/TMA,Pryor,30.429,Magazine,Porter,24.254,Magazine,23.774,Sugar_Loaf,21.542
QAc-G-0179,/TMA,Pryor,28.04,Magazine,Magazine,26.846,Sugar_Loaf,22.837,Porter,22.277
QAc-G-0180,/TMA,Pryor,27.292,Magazine,Magazine,26.654,Porter,23.818,Sugar_Loaf,22.236
QAc-G-0181,/TMA,Pryor,28.016,Magazine,Magazine,26.371,Porter,24.619,Sugar_Loaf,20.995
QAc-G-0182,/TMA,Pryor,31.91,Magazine,Magazine,24.618,Porter,22.469,Sugar_Loaf,21.003
QAc-G-0183,/TMA,Pryor,28.077,Magazine,Magazine,26.94,Porter,22.594,Sugar_Loaf,22.39
QAc-G-0184,/TMA,Magazine,28.516,Magazine,Pryor,27.317,Porter,22.856,Sugar_Loaf,21.311
QAc-G-0185,/TMA,Pryor,29.058,Magazine,Magazine,26.772,Porter,22.841,Sugar_Loaf,21.329
QAc-G-0186,/TMA,Pryor,26.798,Magazine,Magazine,26.542,Porter,23.673,Sugar_Loaf,22.987
QAc-G-0187,/TMA,Pryor,25.676,Magazine,Magazine,25.656,Porter,24.548,Sugar_Loaf,24.12
QAc-G-0188,/TMA,Sugar_Loaf,26.459,Magazine,Pryor,25.193,Magazine,25.041,Porter,23.308
QAc-G-0189,/TMA,Pryor,29.653,Magazine,Magazine,23.985,Porter,23.807,Sugar_Loaf,22.554
QAc-G-0190,/TMA,Pryor,26.652,Magazine,Porter,25.322,Magazine,25.063,Sugar_Loaf,22.963
QAc-G-0191,/TMA,Pryor,26.706,Magazine,Porter,25.17,Magazine,25.114,Sugar_Loaf,23.01
QAc-G-0192,/TMA,Pryor,29.32,Magazine,Magazine,25.486,Porter,23.525,Sugar_Loaf,21.669
QAc-G-0193,/TMA,Pryor,28.15,Magazine,Porter,25.593,Magazine,25.145,Sugar_Loaf,21.112
QAc-G-0194,/TMA,Pryor,29.309,Magazine,Porter,25.634,Magazine,23.094,Sugar_Loaf,21.962
QAc-G-0195,/TMA,Magazine,29.015,Magazine,Pryor,24.849,Sugar_Loaf,23.174,Porter,22.962
QAc-G-0196,/TMA,Magazine,28.592,Magazine,Pryor,26.518,Porter,22.902,Sugar_Loaf,21.989
QAc-G-0197,/TMA,Pryor,28.084,Magazine,Magazine,26.539,Sugar_Loaf,23.357,Porter,22.02
QAc-G-0198,/TMA,Pryor,27.552,Magazine,Magazine,26.835,Porter,24.519,Sugar_Loaf,21.094
QAc-G-0199,/TMA,Pryor,29.997,Magazine,Porter,25.541,Magazine,24.322,Sugar_Loaf,20.14
QAc-G-0200,/TMA,Magazine,27.243,Magazine,Pryor,26.858,Sugar_Loaf,23.324,Porter,22.574
QAc-G-0201,/TMA,Pryor,29.172,Magazine,Magazine,26.436,Porter,23.917,Sugar_Loaf,20.475
QAc-G-0202,/TMA,Pryor,27.721,Magazine,Magazine,26.486,Porter,24.255,Sugar_Loaf,21.538
QAc-G-0203,/TMA,Pryor,27.401,Magazine,Magazine,26.679,Sugar_Loaf,23.697,Porter,22.224
QAc-G-0204,/TMA,Pryor,27.414,Pryor,Magazine,27.108,Sugar_Loaf,23.021,Porter,22.458
QAc-G-0205,/TMA,Magazine,27.436,Pryor,Pryor,26.562,Porter,24.022,Sugar_Loaf,21.98
QAc-G-0206,/TMA,Pryor,27.141,Pryor,Porter,25.163,Magazine,23.997,Sugar_Loaf,23.7
QAc-G-0207,/TMA,Pryor,26.807,Pryor,Porter,25.568,Magazine,25.123,Sugar_Loaf,22.503
QAc-G-0208,/TMA,Magazine,26.196,Pryor,Porter,26.054,Pryor,25.924,Sugar_Loaf,21.826
QAc-G-0209,/TMA,Pryor,27.74,Pryor,Magazine,25.809,Porter,24.926,Sugar_Loaf,21.525
QAc-G-0210,/TMA,Magazine,27.481,Pryor,Pryor,26.575,Porter,24.037,Sugar_Loaf,21.908
QAc-G-0211,/TMA,Pryor,27.969,Pryor,Magazine,25.544,Porter,24.595,Sugar_Loaf,21.892
QAc-G-0212,/TMA,Magazine,27.093,Pryor,Pryor,24.693,Sugar_Loaf,24.339,Porter,23.875
QAc-G-0213,/TMA,Pryor,27.433,Pryor,Magazine,25.644,Porter,24.604,Sugar_Loaf,22.319
QAc-G-0214,/TMA,Pryor,27.015,Pryor,Magazine,26.946,Sugar_Loaf,23.199,Porter,22.84
QAc-G-0215,/TMA,Sugar_Loaf,26.019,Pryor,Magazine,26.005,Pryor,24.573,Porter,23.403
QAc-G-0216,/TMA,Magazine,26.427,Pryor,Pryor,24.975,Porter,24.604,Sugar_Loaf,23.995
QAc-G-0217,/TMA,Porter,27.483,Pryor,Pryor,26.666,Magazine,23.846,Sugar_Loaf,22.005
QAc-G-0218,/TMA,Magazine,26.539,Pryor,Porter,25.828,Pryor,24.075,Sugar_Loaf,23.558
QAc-G-0219,/TMA,Magazine,26.276,Pryor,Pryor,25.788,Porter,24.015,Sugar_Loaf,23.921
QAc-G-0220,/TMA,Porter,26.696,Pryor,Magazine,25.121,Pryor,24.892,Sugar_Loaf,23.291
QAc-G-0221,/TMA,Magazine,27.996,Pryor,Porter,25.588,Pryor,23.646,Sugar_Loaf,22.77
QAc-G-0222,/TMA,Pryor,26.853,Pryor,Magazine,26.706,Porter,25.597,Sugar_Loaf,20.844
QAc-G-0223,/TMA,Porter,27.076,Pryor,Magazine,25.415,Pryor,24.992,Sugar_Loaf,22.517
QAc-G-0224,/TMA,Pryor,25.788,Pryor,Porter,25.508,Sugar_Loaf,24.378,Magazine,24.325
QAc-G-0226,/TMA,Magazine,26.608,Porter,Pryor,26.513,Porter,25.552,Sugar_Loaf,21.327
QAc-G-0227,/TMA,Porter,28.727,Porter,Magazine,24.694,Pryor,24.334,Sugar_Loaf,22.245
QAc-G-0228,/TMA,Magazine,26.721,Porter,Sugar_Loaf,26.552,Pryor,24.141,Porter,22.586
QAc-G-0229,/TMA,Pryor,25.973,Porter,Porter,25.739,Magazine,24.647,Sugar_Loaf,23.64
QAc-G-0230,/TMA,Magazine,27.399,Porter,Pryor,25.452,Porter,23.867,Sugar_Loaf,23.282
QAc-G-0231,/TMA,Magazine,26.201,Porter,Pryor,26.106,Porter,25.039,Sugar_Loaf,22.655
QAc-G-0232,/TMA,Porter,28.384,Porter,Sugar_Loaf,26.242,Pryor,23.311,Magazine,22.063
QAc-G-0233,/TMA,Pryor,28.429,Porter,Porter,25.349,Magazine,25.144,Sugar_Loaf,21.079
QAc-G-0234,/TMA,Pryor,28.934,Porter,Magazine,24.739,Porter,24.198,Sugar_Loaf,22.129
QAc-G-0235,/TMA,Pryor,26.296,Porter,Sugar_Loaf,26.091,Magazine,25.974,Porter,21.64
QAc-G-0236,/TMA,Magazine,28.115,Porter,Pryor,24.766,Porter,23.741,Sugar_Loaf,23.378
QAc-G-0237,/TMA,Porter,27.404,Porter,Pryor,25.925,Magazine,24.935,Sugar_Loaf,21.737
QAc-G-0238,/TMA,Magazine,26.687,Porter,Pryor,25.042,Sugar_Loaf,24.859,Porter,23.411
QAc-G-0239,/TMA,Magazine,26.409,Porter,Sugar_Loaf,24.687,Porter,24.489,Pryor,24.415
QAc-G-0240,/TMA,Porter,26.432,Porter,Magazine,26.275,Sugar_Loaf,25.674,Pryor,21.618
QAc-G-0241,/TMA,Porter,26.799,Porter,Magazine,25.888,Pryor,23.672,Sugar_Loaf,23.641
QAc-G-0242,/TMA,Porter,26.882,Porter,Pryor,26.765,Magazine,25.063,Sugar_Loaf,21.29
QAc-G-0243,/TMA,Porter,28.671,Porter,Magazine,25.671,Pryor,23.741,Sugar_Loaf,21.916
QAc-G-0244,/TMA,Porter,26.912,Porter,Magazine,26.053,Pryor,23.672,Sugar_Loaf,23.363
QAc-G-0245,/TMA,Magazine,26.896,Porter,Pryor,25.112,Porter,24.681,Sugar_Loaf,23.312
QAc-G-0246,/TMA,Magazine,27.472,Porter,Pryor,24.909,Sugar_Loaf,23.923,Porter,23.696
QAc-G-0247,/TMA,Magazine,26.46,Porter,Sugar_Loaf,25.2,Porter,24.873,Pryor,23.467
QAc-G-0248,/TMA,Magazine,27.923,NA,Porter,25.204,Sugar_Loaf,24.647,Pryor,22.226
QAc-G-0249,/TTA,Porter,26.569,NA,Magazine,25.868,Pryor,24.535,Sugar_Loaf,23.029
QAc-G-0250,/MeBG,Pryor,28.493,NA,Magazine,24.519,Sugar_Loaf,23.588,Porter,23.4
QAc-G-0251,/JFG,Pryor,25.956,Porter,Magazine,25.635,Porter,25.017,Sugar_Loaf,23.392
QAc-G-0252,/JFG,Sugar_Loaf,26.569,Porter,Porter,24.881,Pryor,24.346,Magazine,24.203
QAc-G-0253,/JFG,Pryor,26.436,Pryor,Magazine,26.433,Sugar_Loaf,24.287,Porter,22.845
QAc-G-0254,/JFG,Pryor,27.506,Pryor,Magazine,26.755,Porter,25.44,Sugar_Loaf,20.299
QAc-G-0255,/JFG,Pryor,26.401,Magazine,Sugar_Loaf,25.04,Porter,24.573,Magazine,23.985
QAc-G-0256,/JFG,Magazine,27.393,Magazine,Pryor,25.97,Porter,24.861,Sugar_Loaf,21.775
QAc-G-0257,/JFG,Porter,26.506,Magazine,Pryor,25.06,Sugar_Loaf,24.738,Magazine,23.696
QAc-G-0258,/JFG,Porter,25.647,Magazine,Magazine,25.631,Pryor,24.962,Sugar_Loaf,23.759
QAc-G-0259,/JFG,Porter,28.603,Magazine,Pryor,26.678,Sugar_Loaf,23.032,Magazine,21.686
QAc-G-0260,/JFG,Porter,27.925,Magazine,Pryor,26.223,Magazine,24.084,Sugar_Loaf,21.767
QAc-G-0261,/JFG,Porter,28.254,Magazine,Magazine,26.286,Pryor,23.929,Sugar_Loaf,21.531
QAc-G-0262,/JFG,Porter,26.2,Magazine,Pryor,26.106,Magazine,25.338,Sugar_Loaf,22.356
QAc-G-0263,/ZBGP,Pryor,26.067,NA,Magazine,25.316,Porter,24.608,Sugar_Loaf,24.009
QAc-G-0265,/MA,Pryor,27.788,NA,Magazine,24.348,Porter,24.256,Sugar_Loaf,23.608
QAc-G-0266,/MA,Magazine,27.698,NA,Pryor,25.711,Porter,23.743,Sugar_Loaf,22.847
QAc-G-0267,/MA,Pryor,28.403,Magazine,Magazine,26.293,Porter,24.596,Sugar_Loaf,20.708
QAc-G-0268,/MA,Pryor,26.403,Magazine,Sugar_Loaf,26.041,Magazine,25.424,Porter,22.131
QAc-G-0269,/MA,Magazine,28.149,Magazine,Pryor,26.535,Sugar_Loaf,23.088,Porter,22.229
QAc-G-0270,/MA,Porter,27.388,Pryor,Pryor,26.15,Magazine,24.462,Sugar_Loaf,22
QAc-G-0271,/MA,Porter,29.002,Pryor,Magazine,24.826,Pryor,23.837,Sugar_Loaf,22.335
QAc-G-0272,/MA,Magazine,26.599,Pryor,Pryor,26.121,Porter,24.796,Sugar_Loaf,22.484
QAc-G-0273,/MA,Magazine,26.259,Magazine,Pryor,26.068,Porter,24.634,Sugar_Loaf,23.038
QAc-G-0274,/MA,Pryor,28.593,Pryor,Porter,28.351,Magazine,23.5,Sugar_Loaf,19.556
QAc-G-0275,/UWBG,Magazine,26.72,Pyror,Pryor,25.774,Sugar_Loaf,25.042,Porter,22.464
QAc-G-0276,/FGT,Pryor,28.714,Magazine,Magazine,26.446,Sugar_Loaf,22.741,Porter,22.099
QAc-G-0279,/FGT,Pryor,27.797,Porter,Magazine,26.603,Porter,23.369,Sugar_Loaf,22.232
QAc-G-0280,/FGT,Magazine,26.765,Porter,Pryor,26.099,Sugar_Loaf,24.191,Porter,22.945
QAc-G-0281,/FGT,Pryor,26.516,Pryor,Magazine,25.897,Sugar_Loaf,23.928,Porter,23.659
QAc-G-0283,/MFBG,Porter,25.583,Pryor,Magazine,25.125,Pryor,24.763,Sugar_Loaf,24.528
QAc-G-0285,/CBG,Magazine,25.682,NA,Pryor,25.672,Porter,24.837,Sugar_Loaf,23.809
QAc-G-0286,/CBG,Pryor,29.143,NA,Magazine,25.221,Porter,23.477,Sugar_Loaf,22.158
QAc-G-0287,/CBG,Pryor,27.835,NA,Magazine,26.738,Porter,23.862,Sugar_Loaf,21.565
QAc-G-0288,/CBG,Pryor,27.769,NA,Magazine,27.249,Porter,23.373,Sugar_Loaf,21.609
QAc-G-0289,/CBG,Pryor,29.024,NA,Magazine,25.984,Porter,25.008,Sugar_Loaf,19.985
QAc-G-0290,/CBG,Pryor,27.499,NA,Porter,26.807,Magazine,25.362,Sugar_Loaf,20.332
QAc-G-0291,/CBG,Pryor,27.47,NA,Magazine,26.981,Porter,24.096,Sugar_Loaf,21.453
QAc-G-0292,/CBG,Magazine,27.995,NA,Pryor,26.117,Porter,24.217,Sugar_Loaf,21.671
QAc-G-0293,/CBG,Magazine,27.288,NA,Pryor,26.714,Sugar_Loaf,23.648,Porter,22.349
QAc-G-0294,/CBG,Porter,26.394,NA,Sugar_Loaf,26.108,Magazine,26.076,Pryor,21.422
QAc-G-0295,/CBG,Magazine,28.487,NA,Porter,25.033,Pryor,23.973,Sugar_Loaf,22.508
QAc-G-0296,/CBG,Pryor,27.331,NA,Magazine,24.998,Porter,24.781,Sugar_Loaf,22.89
QAc-G-0297,/CBG,Porter,27.262,NA,Pryor,25.239,Magazine,24.531,Sugar_Loaf,22.968
QAc-G-0298,/CBG,Porter,26.343,NA,Magazine,25.663,Sugar_Loaf,24.939,Pryor,23.056
QAc-G-0299,/CBG,Magazine,27.934,NA,Porter,25.917,Pryor,23.788,Sugar_Loaf,22.361
QAc-G-0300,/CBG,Porter,28.684,NA,Magazine,24.177,Pryor,24.001,Sugar_Loaf,23.138
QAc-G-0301,/CBG,Magazine,27.588,NA,Pryor,25.135,Porter,23.956,Sugar_Loaf,23.32
QAc-G-0302,/CBG,Porter,26.359,NA,Sugar_Loaf,25.488,Magazine,25.326,Pryor,22.827
QAc-G-0303,/CBG,Porter,27.723,NA,Magazine,26.153,Pryor,23.49,Sugar_Loaf,22.634
QAc-G-0304,/CBG,Pryor,27.798,NA,Magazine,27.532,Sugar_Loaf,22.506,Porter,22.163
QAc-G-0305,/CBG,Pryor,27.773,NA,Magazine,27.563,Porter,22.977,Sugar_Loaf,21.687
QAc-G-0306,/CBG,Pryor,26.902,NA,Magazine,25.53,Sugar_Loaf,24.649,Porter,22.919
QAc-G-0307,/CBG,Magazine,26.156,NA,Pryor,24.971,Sugar_Loaf,24.626,Porter,24.247
QAc-G-0308,/CBG,Magazine,27.114,NA,Sugar_Loaf,26.231,Pryor,23.941,Porter,22.714
QAc-G-0309,/CBG,Pryor,28.622,NA,Magazine,25.812,Porter,24.66,Sugar_Loaf,20.906
QAc-G-0310,/CBG,Pryor,28.641,NA,Magazine,25.329,Porter,25.143,Sugar_Loaf,20.887
QAc-G-0311,/CBG,Pryor,26.794,NA,Magazine,25.888,Porter,23.733,Sugar_Loaf,23.584
QAc-G-0312,/CBG,Magazine,27.224,NA,Pryor,25.979,Sugar_Loaf,23.623,Porter,23.173
QAc-G-0313,/CBG,Sugar_Loaf,25.299,NA,Porter,25.17,Pryor,25.043,Magazine,24.488
QAc-G-0314,/CBG,Porter,28.808,NA,Magazine,24.255,Sugar_Loaf,23.771,Pryor,23.165
QAc-G-0315,/CBG,Porter,30.491,NA,Pryor,25.278,Magazine,22.42,Sugar_Loaf,21.811
QAc-G-0316,/CBG,Porter,27.802,NA,Pryor,26.13,Magazine,25.004,Sugar_Loaf,21.064
