

----------------------------------------------------
STRUCTURE by Pritchard, Stephens and Donnelly (2000)
     and Falush, Stephens and Pritchard (2003)
       Code by Pritchard, Falush and Hubisz
             Version 2.3.4 (Jul 2012)
----------------------------------------------------



Command line arguments:   bin\structure -m C:\Users\eschumacher\Documents\GitHub\GCC_QUAC_ZAIN\Data_Files\Structure_Files\ZAIN\ZAIN_wild_rebinned_nopopinfo\50-50\mainparams -e C:\Users\eschumacher\Documents\GitHub\GCC_QUAC_ZAIN\Data_Files\Structure_Files\ZAIN\ZAIN_wild_rebinned_nopopinfo\50-50\extraparams 
Input File:    C:\Users\eschumacher\Documents\GitHub\GCC_QUAC_ZAIN\Data_Files\Structure_Files\ZAIN\ZAIN_wild_rebinned_nopopinfo\project_data

Run parameters:
   751 individuals
   11 loci
   10 populations assumed
   50000 Burn-in period
   50000 Reps


--------------------------------------------
Overall proportion of membership of the
sample in each of the 10 clusters

Inferred Clusters
  1      2      3      4      5      6      7      8      9     10    
0.034  0.193  0.143  0.088  0.110  0.105  0.097  0.067  0.092  0.071  

--------------------------------------------

Allele-freq. divergence among pops (Net nucleotide distance),
computed using point estimates of P.

      1       2       3       4       5       6       7       8       9      10      
 1      -    0.2020  0.1852  0.2617  0.1550  0.2543  0.2265  0.2792  0.1923  0.1819  
 2   0.2020     -    0.1097  0.2517  0.1787  0.2413  0.2833  0.1086  0.1980  0.1567  
 3   0.1852  0.1097     -    0.2479  0.1439  0.2453  0.2924  0.1750  0.1481  0.1487  
 4   0.2617  0.2517  0.2479     -    0.1067  0.0850  0.2050  0.3589  0.1726  0.1812  
 5   0.1550  0.1787  0.1439  0.1067     -    0.1187  0.1067  0.2548  0.1353  0.1005  
 6   0.2543  0.2413  0.2453  0.0850  0.1187     -    0.1730  0.3574  0.2080  0.2014  
 7   0.2265  0.2833  0.2924  0.2050  0.1067  0.1730     -    0.3500  0.2554  0.2381  
 8   0.2792  0.1086  0.1750  0.3589  0.2548  0.3574  0.3500     -    0.1977  0.1723  
 9   0.1923  0.1980  0.1481  0.1726  0.1353  0.2080  0.2554  0.1977     -    0.1707  
10   0.1819  0.1567  0.1487  0.1812  0.1005  0.2014  0.2381  0.1723  0.1707     -    

Average distances (expected heterozygosity) between individuals in same cluster:
cluster  1  : 0.2433 
cluster  2  : 0.4091 
cluster  3  : 0.3946 
cluster  4  : 0.3573 
cluster  5  : 0.5643 
cluster  6  : 0.4841 
cluster  7  : 0.4213 
cluster  8  : 0.3664 
cluster  9  : 0.4038 
cluster 10  : 0.4324 

--------------------------------------------
Estimated Ln Prob of Data   = -13692.8
Mean value of ln likelihood = -13278.3
Variance of ln likelihood   = 828.9
Mean value of alpha         = 0.0325

Mean value of Fst_1         = 0.6281
Mean value of Fst_2         = 0.3777
Mean value of Fst_3         = 0.4931
Mean value of Fst_4         = 0.4461
Mean value of Fst_5         = 0.1061
Mean value of Fst_6         = 0.4059
Mean value of Fst_7         = 0.4109
Mean value of Fst_8         = 0.4490
Mean value of Fst_9         = 0.4084
Mean value of Fst_10         = 0.3485


Inferred ancestry of individuals:
        Label (%Miss) :  Inferred clusters
  1    ZFB01    (0)   :  0.003 0.004 0.003 0.008 0.003 0.964 0.005 0.003 0.004 0.003 
  2    ZFB02    (0)   :  0.007 0.003 0.002 0.015 0.007 0.917 0.030 0.003 0.010 0.005 
  3    ZFB03    (0)   :  0.005 0.012 0.019 0.023 0.020 0.897 0.004 0.002 0.007 0.011 
  4    ZFB04    (0)   :  0.008 0.004 0.002 0.008 0.005 0.935 0.026 0.003 0.005 0.004 
  5    ZFB05    (0)   :  0.045 0.002 0.006 0.010 0.039 0.742 0.114 0.009 0.009 0.024 
  6    ZFB06    (0)   :  0.024 0.003 0.007 0.008 0.041 0.815 0.066 0.010 0.008 0.017 
  7    ZFB07    (9)   :  0.006 0.007 0.005 0.076 0.040 0.833 0.008 0.007 0.004 0.013 
  8    ZFB08    (0)   :  0.009 0.008 0.007 0.029 0.006 0.902 0.005 0.007 0.007 0.020 
  9    ZFB09    (0)   :  0.003 0.003 0.003 0.008 0.004 0.966 0.004 0.002 0.004 0.004 
 10    ZFB10    (0)   :  0.006 0.015 0.004 0.004 0.004 0.946 0.006 0.006 0.005 0.005 
 11    ZFB11    (0)   :  0.005 0.004 0.003 0.005 0.003 0.961 0.009 0.003 0.004 0.003 
 12    ZFB12    (0)   :  0.003 0.007 0.006 0.006 0.013 0.913 0.023 0.003 0.004 0.023 
 13    ZFB13    (0)   :  0.012 0.010 0.006 0.008 0.007 0.929 0.006 0.007 0.005 0.010 
 14    ZFB14    (0)   :  0.005 0.004 0.003 0.008 0.004 0.962 0.003 0.003 0.004 0.004 
 15    ZFB15    (0)   :  0.003 0.002 0.002 0.007 0.004 0.965 0.008 0.002 0.003 0.004 
 16    ZFB16    (0)   :  0.010 0.006 0.004 0.006 0.005 0.944 0.009 0.004 0.003 0.008 
 17    ZFB17    (0)   :  0.029 0.009 0.006 0.006 0.011 0.868 0.020 0.009 0.013 0.028 
 18    ZFB18    (0)   :  0.003 0.003 0.002 0.005 0.003 0.970 0.003 0.003 0.004 0.003 
 19    ZFB19    (0)   :  0.006 0.048 0.016 0.061 0.072 0.708 0.008 0.011 0.004 0.066 
 20    ZFB20    (0)   :  0.017 0.006 0.003 0.007 0.006 0.922 0.024 0.004 0.003 0.007 
 21    ZFB21    (0)   :  0.004 0.003 0.003 0.006 0.005 0.964 0.007 0.002 0.003 0.003 
 22    ZFB22    (0)   :  0.005 0.008 0.006 0.006 0.008 0.896 0.046 0.009 0.007 0.010 
 23    ZFB23    (0)   :  0.005 0.005 0.003 0.003 0.004 0.960 0.010 0.003 0.004 0.003 
 24    ZFB24    (0)   :  0.006 0.005 0.003 0.005 0.003 0.953 0.015 0.003 0.004 0.003 
 25    ZFB25    (0)   :  0.003 0.009 0.004 0.004 0.003 0.963 0.004 0.003 0.004 0.003 
 26    ZFB26    (0)   :  0.010 0.008 0.003 0.004 0.005 0.939 0.020 0.003 0.003 0.003 
 27    ZFB27    (0)   :  0.003 0.005 0.003 0.005 0.004 0.945 0.026 0.002 0.004 0.003 
 28    ZFB28    (0)   :  0.012 0.007 0.005 0.005 0.033 0.839 0.071 0.003 0.010 0.015 
 29    ZFB29    (0)   :  0.008 0.003 0.002 0.005 0.004 0.960 0.009 0.002 0.004 0.003 
 30    ZFB30    (0)   :  0.005 0.004 0.007 0.017 0.099 0.734 0.095 0.017 0.004 0.018 
 31    ZFB31    (0)   :  0.003 0.009 0.004 0.007 0.004 0.956 0.005 0.004 0.005 0.003 
 32    ZFB32    (0)   :  0.024 0.013 0.009 0.007 0.029 0.810 0.047 0.004 0.023 0.034 
 33    ZFB33    (0)   :  0.003 0.003 0.003 0.005 0.004 0.968 0.007 0.002 0.003 0.003 
 34    ZFB34    (0)   :  0.004 0.003 0.004 0.016 0.005 0.952 0.003 0.003 0.006 0.004 
 35    ZFB35    (0)   :  0.006 0.005 0.004 0.014 0.005 0.946 0.006 0.003 0.005 0.005 
 36  ZFBP101    (0)   :  0.107 0.622 0.113 0.006 0.008 0.011 0.006 0.042 0.070 0.014 
 37  ZFBP102    (0)   :  0.039 0.862 0.019 0.006 0.012 0.014 0.012 0.016 0.010 0.009 
 38  ZFBP103    (0)   :  0.051 0.339 0.393 0.004 0.009 0.008 0.006 0.015 0.163 0.011 
 39  ZFBP104    (0)   :  0.005 0.808 0.070 0.028 0.014 0.018 0.007 0.007 0.004 0.038 
 40  ZFBP105    (0)   :  0.007 0.916 0.038 0.005 0.006 0.006 0.005 0.005 0.005 0.007 
 41  ZFBP106    (0)   :  0.010 0.904 0.051 0.004 0.004 0.003 0.003 0.010 0.007 0.006 
 42  ZFBP107    (0)   :  0.032 0.846 0.067 0.005 0.011 0.007 0.014 0.005 0.006 0.008 
 43  ZFBP108    (0)   :  0.004 0.967 0.007 0.004 0.003 0.003 0.003 0.005 0.003 0.003 
 44  ZFBP109    (0)   :  0.004 0.955 0.009 0.005 0.007 0.003 0.002 0.006 0.005 0.004 
 45  ZFBP110    (0)   :  0.040 0.623 0.183 0.012 0.035 0.054 0.007 0.006 0.027 0.012 
 46  ZFBP111    (0)   :  0.005 0.667 0.064 0.003 0.006 0.003 0.004 0.225 0.004 0.020 
 47  ZFBP112    (0)   :  0.014 0.902 0.012 0.004 0.004 0.003 0.005 0.037 0.011 0.007 
 48  ZFBP113    (0)   :  0.004 0.963 0.006 0.004 0.004 0.003 0.003 0.004 0.003 0.006 
 49  ZFBP114    (0)   :  0.019 0.935 0.012 0.004 0.006 0.003 0.007 0.007 0.005 0.003 
 50  ZFBP115    (0)   :  0.013 0.498 0.437 0.003 0.005 0.002 0.004 0.016 0.014 0.009 
 51  ZFBP116    (0)   :  0.005 0.955 0.010 0.003 0.005 0.003 0.004 0.005 0.004 0.007 
 52  ZFBP117    (0)   :  0.005 0.958 0.007 0.003 0.004 0.003 0.002 0.006 0.008 0.004 
 53  ZFBP118    (0)   :  0.017 0.935 0.013 0.003 0.006 0.003 0.007 0.009 0.004 0.003 
 54  ZFBP119    (0)   :  0.019 0.772 0.122 0.005 0.005 0.003 0.002 0.023 0.034 0.015 
 55  ZFBP120    (0)   :  0.005 0.922 0.034 0.006 0.005 0.005 0.004 0.005 0.004 0.008 
 56  ZFBP121    (0)   :  0.007 0.948 0.010 0.006 0.004 0.004 0.003 0.006 0.008 0.004 
 57  ZFBP122    (9)   :  0.007 0.948 0.009 0.004 0.004 0.003 0.003 0.011 0.005 0.007 
 58  ZFBP123    (0)   :  0.042 0.899 0.008 0.005 0.005 0.003 0.006 0.015 0.009 0.008 
 59  ZFBP124    (0)   :  0.008 0.953 0.007 0.007 0.004 0.004 0.004 0.005 0.005 0.004 
 60  ZFBP125    (0)   :  0.005 0.948 0.011 0.002 0.003 0.002 0.002 0.015 0.007 0.004 
 61  ZFBP126    (0)   :  0.023 0.886 0.006 0.006 0.014 0.010 0.010 0.006 0.021 0.018 
 62  ZFBP127    (0)   :  0.006 0.885 0.075 0.003 0.004 0.003 0.003 0.004 0.014 0.003 
 63  ZFBP128    (0)   :  0.006 0.927 0.015 0.004 0.002 0.003 0.002 0.023 0.013 0.004 
 64  ZFBP129    (0)   :  0.008 0.821 0.007 0.007 0.006 0.004 0.003 0.131 0.009 0.005 
 65  ZFBP130    (0)   :  0.008 0.890 0.019 0.002 0.003 0.002 0.003 0.047 0.019 0.008 
 66  ZFBP131    (0)   :  0.004 0.966 0.004 0.004 0.003 0.003 0.003 0.005 0.004 0.005 
 67  ZFBP132    (0)   :  0.004 0.963 0.010 0.003 0.003 0.004 0.002 0.004 0.004 0.003 
 68  ZFBP133    (0)   :  0.003 0.800 0.005 0.005 0.002 0.003 0.002 0.166 0.008 0.006 
 69  ZFBP134    (0)   :  0.003 0.731 0.161 0.004 0.003 0.004 0.003 0.015 0.064 0.010 
 70  ZFBP135    (0)   :  0.057 0.649 0.039 0.009 0.008 0.014 0.005 0.015 0.196 0.007 
 71  ZFBP136    (0)   :  0.146 0.680 0.072 0.004 0.004 0.004 0.006 0.034 0.044 0.007 
 72  ZFBP201    (0)   :  0.006 0.948 0.009 0.005 0.006 0.004 0.005 0.005 0.004 0.007 
 73  ZFBP202    (0)   :  0.005 0.947 0.012 0.008 0.004 0.005 0.003 0.008 0.004 0.005 
 74  ZFBP203    (0)   :  0.008 0.853 0.007 0.005 0.027 0.006 0.043 0.020 0.005 0.025 
 75  ZFBP204    (0)   :  0.033 0.855 0.056 0.005 0.005 0.003 0.004 0.019 0.012 0.008 
 76  ZFBP205    (0)   :  0.013 0.945 0.004 0.004 0.004 0.002 0.004 0.012 0.007 0.006 
 77  ZFBP206    (0)   :  0.028 0.865 0.006 0.008 0.004 0.003 0.007 0.058 0.009 0.011 
 78  ZFBP207    (0)   :  0.008 0.765 0.186 0.004 0.005 0.004 0.003 0.008 0.013 0.005 
 79  ZFBP208    (0)   :  0.017 0.926 0.005 0.005 0.006 0.003 0.011 0.008 0.006 0.014 
 80  ZFBP209    (0)   :  0.003 0.904 0.004 0.004 0.002 0.002 0.002 0.065 0.008 0.005 
 81  ZFBP210    (0)   :  0.006 0.936 0.010 0.004 0.005 0.004 0.008 0.012 0.004 0.010 
 82  ZFBP211    (0)   :  0.008 0.951 0.009 0.005 0.004 0.005 0.003 0.005 0.005 0.004 
 83  ZFBP212    (0)   :  0.004 0.922 0.047 0.004 0.003 0.007 0.003 0.005 0.003 0.004 
 84  ZFBP213    (0)   :  0.026 0.897 0.010 0.019 0.005 0.004 0.005 0.014 0.010 0.010 
 85  ZFBP214    (0)   :  0.020 0.745 0.034 0.018 0.009 0.006 0.004 0.085 0.041 0.038 
 86  ZFBP215    (0)   :  0.005 0.959 0.007 0.005 0.003 0.003 0.003 0.007 0.005 0.004 
 87  ZFBP216    (0)   :  0.007 0.929 0.010 0.004 0.009 0.004 0.006 0.005 0.005 0.022 
 88  ZFBP217    (0)   :  0.005 0.654 0.064 0.006 0.008 0.006 0.004 0.222 0.008 0.023 
 89  ZFBP218    (0)   :  0.003 0.962 0.005 0.003 0.003 0.002 0.003 0.011 0.003 0.005 
 90  ZFBP219    (0)   :  0.004 0.965 0.005 0.004 0.004 0.003 0.003 0.004 0.003 0.005 
 91  ZFBP220    (0)   :  0.007 0.891 0.026 0.003 0.003 0.003 0.004 0.038 0.019 0.007 
 92  ZFBP221    (0)   :  0.003 0.948 0.022 0.003 0.003 0.004 0.003 0.006 0.003 0.006 
 93  ZFBP222    (0)   :  0.005 0.951 0.004 0.005 0.004 0.003 0.005 0.008 0.007 0.007 
 94  ZFBP223    (0)   :  0.010 0.771 0.167 0.006 0.007 0.010 0.005 0.012 0.007 0.005 
 95  ZFBP224    (0)   :  0.014 0.942 0.007 0.009 0.005 0.003 0.004 0.005 0.005 0.006 
 96  ZFBP225    (0)   :  0.008 0.472 0.099 0.003 0.009 0.003 0.008 0.364 0.011 0.022 
 97  ZFBP226    (0)   :  0.005 0.959 0.007 0.003 0.004 0.003 0.004 0.005 0.003 0.005 
 98  ZFBP227    (0)   :  0.011 0.709 0.046 0.020 0.030 0.010 0.009 0.007 0.006 0.153 
 99  ZFBP228    (0)   :  0.006 0.794 0.152 0.005 0.004 0.004 0.003 0.007 0.022 0.004 
100  ZFBP229    (0)   :  0.003 0.947 0.007 0.003 0.004 0.003 0.003 0.019 0.006 0.006 
101  ZFBP230    (0)   :  0.008 0.881 0.025 0.004 0.004 0.003 0.003 0.031 0.030 0.010 
102  ZFBP231    (0)   :  0.015 0.945 0.008 0.005 0.004 0.004 0.004 0.005 0.004 0.005 
103  ZFBP232    (0)   :  0.005 0.963 0.006 0.003 0.003 0.003 0.003 0.007 0.004 0.004 
104  ZFBP233    (0)   :  0.009 0.933 0.010 0.007 0.005 0.005 0.004 0.014 0.005 0.009 
105   ZFCC01    (0)   :  0.009 0.004 0.004 0.017 0.004 0.005 0.006 0.004 0.942 0.005 
106   ZFCC03    (0)   :  0.005 0.004 0.005 0.007 0.004 0.003 0.003 0.005 0.962 0.003 
107   ZFCC04    (0)   :  0.013 0.004 0.004 0.007 0.004 0.004 0.004 0.006 0.949 0.005 
108   ZFCC05    (0)   :  0.047 0.007 0.011 0.013 0.006 0.005 0.005 0.007 0.891 0.007 
109   ZFCC08    (0)   :  0.009 0.010 0.007 0.009 0.003 0.002 0.003 0.015 0.933 0.008 
110   ZFCC09    (0)   :  0.007 0.004 0.005 0.010 0.003 0.004 0.003 0.003 0.959 0.003 
111   ZFCC10    (0)   :  0.009 0.004 0.004 0.034 0.004 0.004 0.004 0.004 0.929 0.004 
112   ZFCC11    (0)   :  0.009 0.005 0.007 0.010 0.004 0.004 0.004 0.004 0.949 0.004 
113   ZFCC12    (0)   :  0.037 0.006 0.008 0.036 0.015 0.010 0.058 0.005 0.817 0.009 
114   ZFCC13    (0)   :  0.008 0.009 0.011 0.004 0.006 0.004 0.007 0.008 0.933 0.011 
115   ZFCC14    (0)   :  0.024 0.007 0.004 0.010 0.005 0.008 0.005 0.007 0.925 0.004 
116   ZFCC15    (0)   :  0.006 0.004 0.004 0.005 0.005 0.004 0.005 0.004 0.956 0.009 
117   ZFCC16    (0)   :  0.016 0.003 0.003 0.006 0.004 0.004 0.005 0.004 0.949 0.005 
118   ZFCC17    (0)   :  0.047 0.003 0.005 0.006 0.006 0.006 0.012 0.003 0.908 0.004 
119   ZFCC18    (0)   :  0.008 0.004 0.005 0.010 0.004 0.004 0.005 0.005 0.950 0.004 
120   ZFCC19    (0)   :  0.009 0.003 0.003 0.003 0.006 0.005 0.008 0.003 0.952 0.007 
121   ZFCC20    (0)   :  0.010 0.004 0.007 0.004 0.004 0.004 0.004 0.006 0.950 0.007 
122   ZFCC21    (0)   :  0.011 0.030 0.006 0.006 0.007 0.005 0.006 0.036 0.844 0.048 
123   ZFCC22    (0)   :  0.012 0.182 0.022 0.012 0.004 0.004 0.005 0.057 0.693 0.010 
124   ZFCC26    (0)   :  0.008 0.003 0.004 0.006 0.004 0.004 0.003 0.004 0.959 0.004 
125   ZFCC27    (0)   :  0.006 0.003 0.005 0.004 0.004 0.003 0.003 0.004 0.966 0.003 
126   ZFCC29    (0)   :  0.018 0.004 0.006 0.006 0.005 0.008 0.005 0.005 0.932 0.011 
127   ZFCC30    (0)   :  0.007 0.003 0.007 0.003 0.003 0.003 0.003 0.005 0.961 0.004 
128   ZFCC32    (0)   :  0.010 0.004 0.007 0.007 0.006 0.003 0.009 0.006 0.938 0.010 
129   ZFCC33    (0)   :  0.369 0.004 0.006 0.011 0.009 0.009 0.004 0.004 0.578 0.005 
130   ZFCC34    (0)   :  0.057 0.067 0.062 0.018 0.006 0.024 0.018 0.020 0.722 0.007 
131   ZFCC35    (0)   :  0.007 0.003 0.004 0.004 0.003 0.002 0.003 0.004 0.965 0.004 
132   ZFCC36    (0)   :  0.013 0.008 0.006 0.005 0.006 0.004 0.013 0.011 0.919 0.015 
133   ZFCC37    (0)   :  0.028 0.008 0.008 0.041 0.020 0.009 0.046 0.006 0.824 0.010 
134   ZFCC40    (0)   :  0.017 0.005 0.004 0.009 0.004 0.004 0.008 0.004 0.942 0.003 
135   ZFCC42    (0)   :  0.474 0.005 0.029 0.007 0.021 0.029 0.363 0.007 0.060 0.005 
136   ZFCC44    (0)   :  0.015 0.003 0.006 0.003 0.004 0.003 0.005 0.003 0.957 0.002 
137   ZFCC45    (9)   :  0.059 0.006 0.007 0.021 0.016 0.008 0.018 0.004 0.853 0.008 
138   ZFCC46    (0)   :  0.015 0.011 0.018 0.003 0.004 0.004 0.004 0.031 0.903 0.008 
139   ZFCC47    (0)   :  0.008 0.004 0.006 0.033 0.006 0.006 0.027 0.007 0.898 0.005 
140   ZFCC48    (0)   :  0.017 0.025 0.006 0.005 0.004 0.005 0.004 0.033 0.891 0.011 
141   ZFCC50    (0)   :  0.011 0.003 0.003 0.004 0.004 0.005 0.005 0.003 0.958 0.004 
142   ZFCC51    (0)   :  0.004 0.003 0.005 0.005 0.003 0.004 0.003 0.003 0.967 0.003 
143   ZFCC52    (0)   :  0.037 0.013 0.007 0.005 0.004 0.004 0.008 0.014 0.900 0.008 
144   ZFCC53    (0)   :  0.005 0.003 0.004 0.005 0.003 0.003 0.003 0.003 0.967 0.003 
145  ZFCNS01    (0)   :  0.004 0.004 0.955 0.003 0.008 0.002 0.006 0.003 0.006 0.010 
146  ZFCNS02    (0)   :  0.005 0.004 0.961 0.003 0.003 0.003 0.003 0.005 0.009 0.003 
147  ZFCNS05    (0)   :  0.007 0.006 0.953 0.004 0.003 0.004 0.003 0.006 0.010 0.004 
148  ZFCNS06    (0)   :  0.005 0.006 0.957 0.003 0.003 0.004 0.002 0.005 0.010 0.004 
149  ZFCNS07    (0)   :  0.004 0.010 0.947 0.004 0.003 0.004 0.003 0.016 0.005 0.004 
150  ZFCNS10    (0)   :  0.004 0.004 0.969 0.003 0.003 0.003 0.003 0.004 0.004 0.003 
151  ZFCNS11    (0)   :  0.004 0.004 0.963 0.003 0.005 0.003 0.004 0.004 0.006 0.006 
152  ZFCNS15    (0)   :  0.005 0.012 0.959 0.004 0.003 0.004 0.003 0.005 0.004 0.003 
153  ZFCNS17    (0)   :  0.007 0.005 0.959 0.003 0.003 0.003 0.003 0.005 0.009 0.003 
154  ZFCNS18    (0)   :  0.004 0.005 0.968 0.003 0.003 0.003 0.003 0.004 0.005 0.003 
155  ZFCNS19    (0)   :  0.004 0.003 0.964 0.004 0.003 0.003 0.003 0.004 0.007 0.004 
156  ZFCNS20    (0)   :  0.006 0.010 0.947 0.003 0.004 0.003 0.003 0.013 0.008 0.004 
157  ZFCNS21    (0)   :  0.005 0.003 0.968 0.003 0.004 0.003 0.002 0.003 0.007 0.003 
158  ZFCNS22    (0)   :  0.006 0.011 0.949 0.004 0.004 0.006 0.003 0.006 0.006 0.005 
159  ZFCNS23    (0)   :  0.028 0.006 0.894 0.006 0.009 0.004 0.010 0.013 0.020 0.010 
160  ZFCNS24    (0)   :  0.009 0.005 0.951 0.003 0.003 0.003 0.002 0.005 0.015 0.003 
161  ZFCNS25    (0)   :  0.008 0.008 0.953 0.003 0.004 0.003 0.003 0.008 0.008 0.003 
162  ZFCNS26    (0)   :  0.004 0.006 0.966 0.004 0.003 0.003 0.002 0.004 0.004 0.003 
163  ZFCNS27    (0)   :  0.005 0.016 0.952 0.003 0.004 0.003 0.003 0.006 0.004 0.003 
164  ZFCNS28    (0)   :  0.004 0.005 0.962 0.004 0.003 0.005 0.003 0.005 0.006 0.004 
165  ZFCNS29    (0)   :  0.007 0.007 0.952 0.004 0.004 0.003 0.003 0.005 0.012 0.004 
166  ZFCNS30    (0)   :  0.006 0.004 0.961 0.004 0.004 0.003 0.003 0.003 0.008 0.004 
167  ZFCNS31    (0)   :  0.004 0.004 0.966 0.003 0.003 0.003 0.003 0.005 0.004 0.004 
168  ZFCNS32    (0)   :  0.005 0.005 0.962 0.004 0.003 0.003 0.003 0.005 0.006 0.004 
169  ZFCNS33    (0)   :  0.004 0.003 0.966 0.004 0.003 0.003 0.003 0.005 0.005 0.004 
170  ZFCNS34    (0)   :  0.008 0.005 0.947 0.004 0.004 0.004 0.003 0.005 0.017 0.004 
171  ZFCNS35    (0)   :  0.004 0.004 0.964 0.005 0.003 0.005 0.003 0.004 0.005 0.004 
172  ZFCNS36    (0)   :  0.010 0.005 0.929 0.003 0.003 0.003 0.003 0.008 0.031 0.004 
173  ZFCNS37    (0)   :  0.005 0.004 0.965 0.004 0.004 0.003 0.002 0.003 0.005 0.003 
174  ZFCNS39    (0)   :  0.004 0.004 0.964 0.003 0.003 0.002 0.003 0.006 0.007 0.004 
175  ZFCNS40    (0)   :  0.008 0.005 0.938 0.003 0.003 0.003 0.003 0.013 0.019 0.005 
176  ZFCNS41    (0)   :  0.007 0.011 0.942 0.005 0.006 0.004 0.004 0.004 0.009 0.008 
177  ZFCNS42    (0)   :  0.005 0.006 0.966 0.003 0.004 0.003 0.003 0.004 0.004 0.003 
178  ZFCNS43    (0)   :  0.005 0.003 0.965 0.004 0.003 0.003 0.002 0.003 0.008 0.003 
179  ZFCNS44    (0)   :  0.005 0.004 0.969 0.003 0.003 0.002 0.002 0.003 0.006 0.003 
180  ZFCNS46    (0)   :  0.006 0.005 0.962 0.004 0.004 0.003 0.003 0.004 0.006 0.004 
181  ZFCNS47    (0)   :  0.005 0.004 0.967 0.003 0.003 0.003 0.002 0.003 0.006 0.003 
182  ZFCNS48    (0)   :  0.005 0.005 0.965 0.003 0.003 0.003 0.003 0.004 0.005 0.004 
183  ZFCNS49    (0)   :  0.003 0.008 0.968 0.003 0.003 0.003 0.002 0.003 0.003 0.003 
184   ZFCR01    (0)   :  0.003 0.022 0.003 0.148 0.744 0.020 0.015 0.015 0.025 0.005 
185   ZFCR02    (0)   :  0.042 0.043 0.010 0.006 0.356 0.387 0.012 0.061 0.048 0.034 
186   ZFCR03    (0)   :  0.065 0.115 0.005 0.057 0.131 0.273 0.093 0.056 0.037 0.168 
187   ZFCR04    (0)   :  0.007 0.030 0.031 0.108 0.300 0.374 0.035 0.046 0.024 0.044 
188   ZFCR05    (0)   :  0.006 0.008 0.005 0.161 0.382 0.090 0.023 0.008 0.071 0.248 
189   ZFCR06    (0)   :  0.007 0.109 0.125 0.038 0.513 0.091 0.007 0.041 0.034 0.033 
190   ZFCR07    (0)   :  0.050 0.009 0.056 0.012 0.500 0.046 0.010 0.004 0.012 0.301 
191   ZFCR08    (0)   :  0.037 0.022 0.007 0.074 0.684 0.021 0.042 0.028 0.079 0.007 
192   ZFCR09    (0)   :  0.014 0.164 0.053 0.029 0.052 0.163 0.416 0.026 0.048 0.035 
193   ZFCR11    (0)   :  0.005 0.043 0.085 0.100 0.334 0.167 0.025 0.003 0.016 0.222 
194   ZFCR12    (0)   :  0.010 0.029 0.190 0.007 0.438 0.026 0.004 0.029 0.016 0.251 
195   ZFCR13    (0)   :  0.006 0.097 0.009 0.006 0.607 0.022 0.004 0.006 0.007 0.235 
196   ZFCR14    (0)   :  0.008 0.010 0.009 0.031 0.393 0.069 0.009 0.035 0.020 0.416 
197   ZFCR15    (0)   :  0.012 0.030 0.009 0.029 0.542 0.171 0.009 0.105 0.019 0.074 
198   ZFCR16    (0)   :  0.004 0.023 0.005 0.013 0.636 0.222 0.005 0.034 0.014 0.044 
199   ZFCR18    (0)   :  0.106 0.023 0.014 0.007 0.026 0.763 0.006 0.015 0.031 0.008 
200   ZFCR19    (0)   :  0.007 0.020 0.008 0.021 0.049 0.363 0.117 0.334 0.016 0.066 
201   ZFCR20    (0)   :  0.037 0.142 0.008 0.252 0.139 0.115 0.028 0.018 0.012 0.249 
202   ZFCR21    (0)   :  0.007 0.014 0.007 0.022 0.495 0.026 0.004 0.018 0.030 0.377 
203   ZFCR22    (0)   :  0.007 0.011 0.004 0.003 0.300 0.046 0.006 0.019 0.004 0.600 
204   ZFCR23    (0)   :  0.003 0.177 0.015 0.010 0.485 0.063 0.030 0.007 0.004 0.206 
205   ZFCR24    (9)   :  0.012 0.527 0.006 0.036 0.121 0.099 0.026 0.007 0.009 0.157 
206   ZFCR25    (0)   :  0.009 0.004 0.004 0.019 0.587 0.034 0.009 0.004 0.008 0.323 
207   ZFCR26    (0)   :  0.010 0.017 0.008 0.012 0.019 0.005 0.106 0.020 0.029 0.774 
208   ZFCR27    (9)   :  0.003 0.004 0.003 0.043 0.872 0.019 0.017 0.003 0.005 0.030 
209   ZFCR28    (0)   :  0.007 0.182 0.031 0.010 0.622 0.005 0.005 0.118 0.012 0.010 
210   ZFCR29    (0)   :  0.005 0.010 0.003 0.047 0.084 0.158 0.008 0.006 0.007 0.672 
211   ZFCR30    (0)   :  0.006 0.006 0.007 0.010 0.338 0.030 0.012 0.008 0.006 0.578 
212   ZFCR31    (0)   :  0.030 0.174 0.113 0.024 0.054 0.436 0.061 0.030 0.018 0.061 
213   ZFCR33    (0)   :  0.010 0.010 0.009 0.045 0.819 0.006 0.029 0.010 0.032 0.029 
214   ZFCR34    (0)   :  0.004 0.029 0.026 0.006 0.198 0.227 0.026 0.014 0.027 0.443 
215   ZFCR35    (0)   :  0.012 0.009 0.013 0.010 0.039 0.847 0.009 0.010 0.028 0.023 
216   ZFCR36    (0)   :  0.006 0.009 0.012 0.014 0.224 0.361 0.026 0.005 0.009 0.335 
217   ZFCR37    (0)   :  0.017 0.004 0.004 0.064 0.159 0.046 0.031 0.004 0.055 0.616 
218   ZFCR38    (0)   :  0.012 0.009 0.008 0.058 0.792 0.008 0.027 0.014 0.042 0.030 
219   ZFCR39    (0)   :  0.033 0.058 0.007 0.010 0.550 0.021 0.180 0.047 0.085 0.009 
220   ZFCR40    (0)   :  0.006 0.012 0.007 0.012 0.838 0.017 0.030 0.005 0.031 0.041 
221   ZFCR41    (0)   :  0.008 0.013 0.055 0.015 0.445 0.025 0.004 0.020 0.086 0.330 
222   ZFCR42    (0)   :  0.012 0.035 0.022 0.015 0.504 0.017 0.028 0.032 0.066 0.269 
223   ZFCR43    (0)   :  0.005 0.103 0.006 0.013 0.530 0.161 0.005 0.009 0.006 0.161 
224  ZFENP25    (0)   :  0.006 0.008 0.004 0.042 0.895 0.005 0.005 0.009 0.017 0.007 
225  ZFENP26    (0)   :  0.005 0.002 0.003 0.006 0.958 0.006 0.009 0.003 0.004 0.004 
226  ZFENP27    (0)   :  0.043 0.018 0.051 0.037 0.509 0.022 0.046 0.013 0.253 0.008 
227  ZFENP28    (0)   :  0.005 0.004 0.006 0.021 0.911 0.009 0.015 0.005 0.012 0.012 
228  ZFENP29    (0)   :  0.006 0.003 0.004 0.005 0.953 0.004 0.005 0.004 0.007 0.008 
229  ZFENP30    (0)   :  0.110 0.006 0.007 0.008 0.794 0.007 0.018 0.007 0.030 0.012 
230  ZFENP31    (0)   :  0.395 0.005 0.005 0.016 0.126 0.013 0.416 0.003 0.014 0.007 
231  ZFENP32    (0)   :  0.123 0.020 0.036 0.042 0.203 0.269 0.273 0.006 0.015 0.012 
232  ZFENP33    (0)   :  0.039 0.008 0.006 0.061 0.795 0.014 0.025 0.003 0.005 0.044 
233  ZFENP34    (0)   :  0.091 0.009 0.010 0.606 0.204 0.032 0.013 0.005 0.023 0.007 
234  ZFENP35    (0)   :  0.008 0.010 0.018 0.007 0.894 0.018 0.028 0.005 0.004 0.008 
235  ZFENP36    (0)   :  0.008 0.003 0.007 0.006 0.941 0.009 0.014 0.002 0.003 0.008 
236  ZFENP37    (0)   :  0.010 0.008 0.010 0.318 0.520 0.014 0.076 0.004 0.010 0.030 
237  ZFENP38    (0)   :  0.018 0.006 0.015 0.029 0.424 0.011 0.028 0.005 0.021 0.443 
238  ZFENP39    (0)   :  0.006 0.004 0.005 0.021 0.911 0.016 0.012 0.003 0.011 0.011 
239  ZFENP40    (0)   :  0.012 0.008 0.006 0.020 0.894 0.016 0.028 0.003 0.007 0.006 
240  ZFENP41    (0)   :  0.037 0.006 0.008 0.016 0.850 0.016 0.013 0.008 0.040 0.006 
241  ZFENP42    (0)   :  0.009 0.003 0.004 0.004 0.801 0.003 0.129 0.004 0.005 0.036 
242  ZFENP43    (0)   :  0.009 0.010 0.061 0.028 0.726 0.008 0.025 0.005 0.042 0.087 
243  ZFENP44    (0)   :  0.025 0.007 0.015 0.016 0.817 0.006 0.074 0.003 0.014 0.024 
244  ZFENP45    (0)   :  0.022 0.027 0.013 0.010 0.458 0.009 0.082 0.313 0.019 0.048 
245  ZFENP46    (0)   :  0.011 0.018 0.015 0.037 0.818 0.009 0.026 0.004 0.003 0.059 
246  ZFENP47    (0)   :  0.017 0.015 0.005 0.018 0.396 0.046 0.295 0.131 0.071 0.007 
247  ZFENP48    (0)   :  0.273 0.011 0.008 0.556 0.076 0.011 0.021 0.012 0.020 0.013 
248  ZFENP49    (0)   :  0.189 0.015 0.007 0.006 0.672 0.058 0.011 0.018 0.010 0.015 
249  ZFENP50    (0)   :  0.005 0.029 0.008 0.006 0.858 0.007 0.025 0.008 0.004 0.049 
250  ZFENP51    (0)   :  0.038 0.004 0.006 0.016 0.416 0.030 0.413 0.051 0.007 0.019 
251  ZFENP52    (0)   :  0.006 0.005 0.014 0.003 0.933 0.003 0.008 0.004 0.010 0.012 
252  ZFENP53    (0)   :  0.008 0.033 0.014 0.009 0.849 0.008 0.019 0.026 0.009 0.026 
253  ZFENP54    (0)   :  0.029 0.043 0.008 0.009 0.814 0.023 0.008 0.011 0.021 0.034 
254  ZFENP55    (0)   :  0.010 0.005 0.005 0.028 0.219 0.043 0.018 0.004 0.004 0.664 
255  ZFENP56    (0)   :  0.011 0.004 0.012 0.009 0.823 0.014 0.015 0.005 0.007 0.099 
256  ZFENP57    (0)   :  0.016 0.004 0.010 0.019 0.851 0.011 0.065 0.002 0.004 0.016 
257  ZFENP58    (0)   :  0.262 0.011 0.017 0.005 0.509 0.023 0.011 0.107 0.021 0.035 
258  ZFENP59    (0)   :  0.028 0.005 0.005 0.009 0.835 0.011 0.037 0.004 0.057 0.010 
259  ZFENP60    (0)   :  0.006 0.009 0.007 0.034 0.862 0.031 0.013 0.011 0.012 0.013 
260  ZFENP61    (0)   :  0.008 0.003 0.004 0.018 0.911 0.023 0.009 0.003 0.012 0.009 
261 ZFFDSP01    (0)   :  0.004 0.928 0.023 0.004 0.003 0.006 0.003 0.017 0.005 0.008 
262 ZFFDSP02    (0)   :  0.003 0.964 0.007 0.004 0.003 0.003 0.002 0.005 0.005 0.004 
263 ZFFDSP04    (0)   :  0.003 0.954 0.005 0.005 0.002 0.004 0.002 0.014 0.005 0.005 
264 ZFFDSP05    (0)   :  0.003 0.946 0.014 0.003 0.004 0.004 0.003 0.011 0.005 0.007 
265 ZFFDSP06    (0)   :  0.003 0.957 0.005 0.005 0.002 0.003 0.002 0.011 0.007 0.005 
266 ZFFDSP07    (0)   :  0.023 0.903 0.005 0.005 0.005 0.003 0.005 0.029 0.015 0.009 
267 ZFFDSP08    (0)   :  0.029 0.840 0.022 0.003 0.004 0.003 0.004 0.073 0.010 0.011 
268 ZFFDSP10    (0)   :  0.007 0.949 0.009 0.004 0.004 0.004 0.003 0.010 0.005 0.007 
269 ZFFDSP11    (0)   :  0.003 0.956 0.005 0.004 0.003 0.005 0.003 0.008 0.005 0.007 
270 ZFFDSP12    (0)   :  0.005 0.962 0.005 0.003 0.003 0.002 0.003 0.009 0.003 0.004 
271 ZFFDSP13    (0)   :  0.008 0.458 0.476 0.004 0.008 0.004 0.004 0.006 0.016 0.015 
272 ZFFDSP14    (0)   :  0.008 0.939 0.004 0.006 0.004 0.003 0.003 0.022 0.006 0.006 
273 ZFFDSP16    (0)   :  0.004 0.941 0.013 0.008 0.006 0.005 0.003 0.005 0.007 0.007 
274 ZFFDSP17    (0)   :  0.004 0.953 0.007 0.005 0.003 0.003 0.002 0.009 0.005 0.007 
275 ZFFDSP18    (0)   :  0.004 0.944 0.006 0.008 0.003 0.005 0.002 0.016 0.007 0.005 
276 ZFFDSP19    (0)   :  0.004 0.864 0.069 0.008 0.003 0.005 0.003 0.017 0.023 0.004 
277 ZFFDSP21    (0)   :  0.004 0.831 0.122 0.004 0.004 0.003 0.002 0.008 0.018 0.004 
278 ZFFDSP22    (0)   :  0.004 0.893 0.006 0.004 0.003 0.002 0.002 0.074 0.006 0.006 
279 ZFFDSP23    (0)   :  0.003 0.821 0.026 0.003 0.003 0.002 0.002 0.129 0.005 0.005 
280 ZFFDSP24    (0)   :  0.005 0.925 0.036 0.005 0.003 0.005 0.003 0.006 0.005 0.006 
281 ZFFDSP26    (9)   :  0.004 0.944 0.014 0.003 0.003 0.004 0.003 0.014 0.005 0.005 
282 ZFFDSP27    (0)   :  0.004 0.958 0.010 0.005 0.003 0.004 0.002 0.006 0.004 0.004 
283 ZFFDSP28    (0)   :  0.020 0.856 0.011 0.027 0.008 0.037 0.012 0.008 0.008 0.014 
284 ZFFDSP30    (0)   :  0.008 0.702 0.195 0.008 0.004 0.053 0.006 0.009 0.007 0.008 
285 ZFFDSP31    (0)   :  0.005 0.949 0.011 0.009 0.004 0.003 0.002 0.006 0.006 0.005 
286 ZFFDSP32    (0)   :  0.005 0.964 0.006 0.004 0.003 0.003 0.003 0.005 0.003 0.004 
287 ZFFDSP33    (0)   :  0.003 0.966 0.007 0.003 0.003 0.003 0.003 0.006 0.003 0.003 
288 ZFFDSP34    (0)   :  0.005 0.952 0.009 0.004 0.003 0.003 0.002 0.011 0.007 0.004 
289 ZFFDSP35    (0)   :  0.004 0.954 0.011 0.004 0.003 0.005 0.002 0.007 0.004 0.005 
290 ZFFDSP37    (0)   :  0.005 0.961 0.008 0.005 0.003 0.003 0.003 0.004 0.004 0.004 
291 ZFFDSP38    (0)   :  0.004 0.960 0.008 0.005 0.003 0.005 0.003 0.005 0.004 0.004 
292 ZFFDSP39    (0)   :  0.003 0.924 0.045 0.003 0.003 0.004 0.002 0.009 0.003 0.004 
293 ZFFDSP40    (0)   :  0.004 0.929 0.041 0.005 0.003 0.005 0.002 0.005 0.004 0.004 
294 ZFFDSP42    (0)   :  0.003 0.893 0.022 0.004 0.003 0.004 0.002 0.058 0.006 0.006 
295 ZFFDSP43    (0)   :  0.003 0.953 0.013 0.004 0.003 0.004 0.002 0.009 0.004 0.003 
296 ZFFDSP44    (0)   :  0.005 0.946 0.020 0.005 0.003 0.005 0.003 0.005 0.003 0.005 
297 ZFFDSP45    (0)   :  0.005 0.955 0.010 0.004 0.003 0.005 0.002 0.005 0.006 0.005 
298 ZFFDSP46    (0)   :  0.004 0.948 0.015 0.005 0.003 0.004 0.002 0.008 0.006 0.005 
299 ZFFDSP47    (0)   :  0.005 0.776 0.180 0.003 0.003 0.004 0.003 0.017 0.004 0.005 
300 ZFFDSP48    (0)   :  0.005 0.849 0.117 0.004 0.004 0.004 0.003 0.007 0.004 0.004 
301    ZFI01    (0)   :  0.014 0.005 0.007 0.040 0.011 0.867 0.031 0.005 0.010 0.009 
302    ZFI02    (0)   :  0.004 0.006 0.006 0.020 0.005 0.932 0.012 0.004 0.005 0.006 
303    ZFI03    (0)   :  0.005 0.004 0.006 0.045 0.005 0.913 0.005 0.003 0.006 0.008 
304    ZFI04    (0)   :  0.005 0.004 0.005 0.815 0.006 0.138 0.014 0.003 0.004 0.006 
305    ZFI05    (0)   :  0.009 0.005 0.008 0.008 0.006 0.948 0.004 0.003 0.004 0.005 
306    ZFI06    (0)   :  0.008 0.024 0.077 0.034 0.023 0.803 0.013 0.003 0.005 0.011 
307    ZFI07    (0)   :  0.008 0.004 0.005 0.599 0.006 0.362 0.005 0.003 0.005 0.005 
308    ZFI08    (0)   :  0.005 0.003 0.004 0.084 0.010 0.863 0.009 0.004 0.006 0.011 
309    ZFI09    (0)   :  0.005 0.004 0.006 0.021 0.007 0.938 0.009 0.003 0.004 0.004 
310    ZFI10    (0)   :  0.005 0.006 0.021 0.028 0.007 0.908 0.010 0.004 0.004 0.007 
311    ZFI11    (0)   :  0.009 0.004 0.007 0.112 0.007 0.830 0.018 0.003 0.004 0.007 
312    ZFI12    (0)   :  0.006 0.005 0.009 0.087 0.007 0.858 0.005 0.003 0.007 0.012 
313    ZFI13    (0)   :  0.020 0.005 0.006 0.020 0.008 0.919 0.006 0.003 0.006 0.007 
314    ZFI14    (0)   :  0.005 0.008 0.006 0.010 0.005 0.950 0.004 0.003 0.005 0.004 
315    ZFI15    (0)   :  0.006 0.003 0.004 0.009 0.006 0.957 0.004 0.002 0.004 0.004 
316    ZFI16    (0)   :  0.004 0.004 0.005 0.018 0.005 0.950 0.003 0.003 0.004 0.005 
317    ZFI17    (0)   :  0.007 0.004 0.008 0.058 0.008 0.893 0.008 0.003 0.004 0.007 
318    ZFI18    (0)   :  0.005 0.003 0.005 0.018 0.007 0.946 0.007 0.002 0.003 0.004 
319    ZFI19    (9)   :  0.006 0.003 0.004 0.011 0.004 0.957 0.004 0.002 0.003 0.006 
320    ZFI20    (0)   :  0.003 0.004 0.005 0.009 0.004 0.958 0.004 0.003 0.004 0.005 
321    ZFI21    (0)   :  0.004 0.008 0.009 0.005 0.003 0.957 0.003 0.003 0.003 0.004 
322    ZFI22    (0)   :  0.004 0.005 0.004 0.030 0.005 0.926 0.009 0.004 0.007 0.006 
323    ZFI23    (0)   :  0.005 0.003 0.006 0.039 0.006 0.924 0.004 0.003 0.004 0.006 
324    ZFI24    (0)   :  0.007 0.005 0.009 0.071 0.006 0.874 0.004 0.004 0.007 0.012 
325    ZFI25    (0)   :  0.005 0.005 0.005 0.054 0.007 0.900 0.004 0.004 0.009 0.006 
326    ZFI26    (0)   :  0.009 0.004 0.004 0.061 0.006 0.893 0.004 0.003 0.008 0.007 
327    ZFI27    (0)   :  0.013 0.005 0.017 0.026 0.007 0.908 0.005 0.003 0.005 0.012 
328    ZFK01    (0)   :  0.969 0.003 0.005 0.003 0.003 0.003 0.003 0.003 0.005 0.003 
329    ZFK02    (0)   :  0.967 0.003 0.005 0.003 0.003 0.003 0.003 0.003 0.006 0.004 
330    ZFK03    (0)   :  0.968 0.004 0.004 0.003 0.004 0.003 0.003 0.003 0.005 0.003 
331    ZFK04    (0)   :  0.969 0.003 0.003 0.004 0.003 0.004 0.004 0.003 0.004 0.003 
332    ZFK05    (0)   :  0.949 0.003 0.003 0.009 0.005 0.006 0.010 0.002 0.010 0.003 
333    ZFK06    (0)   :  0.948 0.003 0.003 0.008 0.006 0.008 0.006 0.003 0.010 0.004 
334    ZFK07    (0)   :  0.965 0.003 0.005 0.002 0.003 0.002 0.003 0.004 0.006 0.005 
335    ZFK08    (0)   :  0.966 0.003 0.003 0.003 0.004 0.004 0.005 0.003 0.004 0.005 
336    ZFK10    (0)   :  0.968 0.003 0.004 0.004 0.003 0.004 0.004 0.003 0.004 0.003 
337    ZFK11    (0)   :  0.949 0.003 0.003 0.008 0.006 0.006 0.008 0.003 0.010 0.003 
338    ZFK12    (0)   :  0.952 0.005 0.006 0.003 0.004 0.002 0.003 0.009 0.007 0.009 
339    ZFK13    (0)   :  0.926 0.020 0.012 0.003 0.004 0.003 0.007 0.011 0.009 0.005 
340    ZFK14    (0)   :  0.671 0.021 0.025 0.008 0.006 0.009 0.018 0.036 0.198 0.009 
341    ZFK15    (0)   :  0.940 0.017 0.008 0.003 0.003 0.005 0.010 0.005 0.006 0.003 
342    ZFK16    (0)   :  0.961 0.005 0.006 0.003 0.003 0.002 0.003 0.006 0.006 0.005 
343   ZFLB01    (0)   :  0.006 0.011 0.009 0.006 0.006 0.008 0.942 0.004 0.003 0.004 
344   ZFLB02    (0)   :  0.004 0.004 0.004 0.054 0.084 0.008 0.826 0.004 0.003 0.009 
345   ZFLB03    (0)   :  0.016 0.006 0.035 0.010 0.095 0.007 0.811 0.006 0.005 0.009 
346   ZFLB04    (0)   :  0.012 0.023 0.198 0.005 0.010 0.018 0.717 0.006 0.006 0.005 
347   ZFLB05    (0)   :  0.008 0.007 0.018 0.006 0.007 0.014 0.931 0.003 0.003 0.004 
348   ZFLB06    (0)   :  0.037 0.006 0.005 0.004 0.007 0.004 0.920 0.004 0.008 0.004 
349   ZFLB07    (0)   :  0.141 0.020 0.100 0.005 0.066 0.006 0.621 0.009 0.013 0.019 
350   ZFLB08    (0)   :  0.008 0.005 0.007 0.040 0.053 0.012 0.858 0.004 0.004 0.009 
351   ZFLB09    (9)   :  0.009 0.005 0.004 0.005 0.006 0.006 0.953 0.003 0.004 0.004 
352   ZFLB10    (0)   :  0.006 0.004 0.006 0.003 0.005 0.006 0.961 0.002 0.003 0.003 
353   ZFLB11    (0)   :  0.018 0.006 0.006 0.003 0.007 0.003 0.928 0.009 0.011 0.008 
354   ZFLB12    (0)   :  0.008 0.003 0.003 0.005 0.007 0.004 0.959 0.002 0.005 0.004 
355   ZFLB13    (0)   :  0.011 0.010 0.013 0.008 0.041 0.004 0.883 0.005 0.011 0.013 
356  ZFLTI01    (0)   :  0.007 0.169 0.685 0.006 0.005 0.005 0.002 0.035 0.069 0.017 
357  ZFLTI02    (0)   :  0.008 0.025 0.879 0.009 0.004 0.003 0.002 0.014 0.046 0.009 
358  ZFLTI03    (0)   :  0.005 0.021 0.933 0.006 0.003 0.003 0.002 0.012 0.008 0.007 
359  ZFLTI04    (0)   :  0.014 0.034 0.905 0.007 0.004 0.005 0.003 0.009 0.010 0.010 
360  ZFLTI05    (0)   :  0.005 0.020 0.945 0.006 0.003 0.003 0.003 0.005 0.005 0.005 
361  ZFLTI06    (0)   :  0.005 0.160 0.779 0.005 0.003 0.005 0.003 0.026 0.008 0.006 
362  ZFLTI07    (0)   :  0.006 0.117 0.829 0.007 0.004 0.007 0.003 0.008 0.010 0.009 
363  ZFLTI08    (0)   :  0.006 0.012 0.939 0.013 0.004 0.004 0.002 0.006 0.006 0.008 
364  ZFLTI09    (0)   :  0.006 0.127 0.820 0.014 0.004 0.006 0.003 0.008 0.007 0.007 
365  ZFLTI10    (0)   :  0.006 0.330 0.610 0.010 0.005 0.004 0.002 0.007 0.020 0.006 
366  ZFLTI11    (0)   :  0.005 0.066 0.868 0.007 0.003 0.004 0.003 0.033 0.006 0.006 
367  ZFLTI12    (0)   :  0.006 0.058 0.865 0.008 0.004 0.003 0.002 0.026 0.022 0.007 
368  ZFLTI13    (0)   :  0.006 0.012 0.928 0.005 0.004 0.004 0.002 0.011 0.016 0.012 
369  ZFLTI14    (0)   :  0.008 0.019 0.906 0.010 0.004 0.003 0.002 0.005 0.038 0.005 
370 ZFONF101    (0)   :  0.002 0.972 0.004 0.003 0.003 0.002 0.002 0.007 0.002 0.003 
371 ZFONF102    (0)   :  0.003 0.926 0.004 0.004 0.009 0.005 0.012 0.029 0.003 0.005 
372 ZFONF103    (0)   :  0.020 0.849 0.073 0.006 0.006 0.004 0.003 0.019 0.011 0.008 
373 ZFONF104    (0)   :  0.003 0.950 0.005 0.003 0.002 0.002 0.002 0.026 0.004 0.003 
374 ZFONF105    (0)   :  0.005 0.801 0.022 0.003 0.004 0.003 0.003 0.150 0.005 0.005 
375 ZFONF106    (0)   :  0.004 0.966 0.004 0.005 0.002 0.003 0.002 0.007 0.004 0.002 
376 ZFONF107    (0)   :  0.042 0.802 0.014 0.018 0.037 0.016 0.046 0.008 0.011 0.005 
377 ZFONF108    (0)   :  0.044 0.888 0.018 0.008 0.009 0.004 0.007 0.009 0.010 0.004 
378 ZFONF109    (9)   :  0.020 0.885 0.012 0.010 0.005 0.003 0.006 0.040 0.015 0.004 
379 ZFONF110    (0)   :  0.004 0.957 0.007 0.003 0.002 0.002 0.002 0.015 0.005 0.003 
380 ZFONF111    (0)   :  0.005 0.872 0.011 0.012 0.023 0.010 0.016 0.019 0.010 0.021 
381 ZFONF112    (0)   :  0.005 0.718 0.013 0.016 0.003 0.003 0.003 0.230 0.006 0.003 
382 ZFONF113    (9)   :  0.008 0.945 0.010 0.004 0.004 0.002 0.004 0.010 0.006 0.006 
383 ZFONF115    (0)   :  0.006 0.937 0.010 0.007 0.003 0.004 0.003 0.019 0.006 0.004 
384 ZFONF116    (0)   :  0.008 0.924 0.009 0.008 0.004 0.004 0.003 0.030 0.005 0.005 
385 ZFONF117    (0)   :  0.014 0.504 0.394 0.005 0.005 0.004 0.003 0.056 0.008 0.006 
386 ZFONF118    (0)   :  0.007 0.924 0.019 0.010 0.003 0.004 0.002 0.014 0.010 0.007 
387 ZFONF119    (0)   :  0.019 0.923 0.005 0.003 0.004 0.003 0.006 0.024 0.008 0.005 
388 ZFONF120    (0)   :  0.028 0.868 0.006 0.003 0.004 0.003 0.005 0.057 0.015 0.010 
389 ZFONF121    (0)   :  0.009 0.835 0.008 0.004 0.004 0.004 0.004 0.122 0.004 0.005 
390 ZFONF122    (0)   :  0.020 0.860 0.059 0.011 0.005 0.004 0.003 0.008 0.020 0.010 
391 ZFONF123    (0)   :  0.009 0.871 0.005 0.005 0.014 0.006 0.041 0.039 0.006 0.005 
392 ZFONF124    (0)   :  0.015 0.925 0.007 0.004 0.005 0.003 0.006 0.026 0.007 0.003 
393 ZFONF125    (0)   :  0.047 0.604 0.009 0.004 0.030 0.007 0.037 0.224 0.026 0.012 
394 ZFONF126    (0)   :  0.010 0.927 0.014 0.007 0.004 0.004 0.002 0.009 0.014 0.008 
395 ZFONF201    (0)   :  0.005 0.089 0.013 0.066 0.015 0.084 0.027 0.646 0.045 0.011 
396 ZFONF202    (0)   :  0.005 0.042 0.006 0.004 0.003 0.003 0.002 0.919 0.011 0.006 
397 ZFONF203    (0)   :  0.008 0.007 0.004 0.004 0.004 0.003 0.003 0.950 0.006 0.010 
398 ZFONF204    (0)   :  0.008 0.006 0.006 0.011 0.008 0.006 0.006 0.908 0.035 0.006 
399 ZFONF206    (0)   :  0.003 0.006 0.004 0.012 0.020 0.011 0.013 0.914 0.011 0.007 
400 ZFONF207    (0)   :  0.006 0.007 0.006 0.004 0.004 0.003 0.003 0.959 0.004 0.006 
401 ZFONF208    (0)   :  0.007 0.057 0.013 0.005 0.004 0.005 0.004 0.888 0.009 0.009 
402 ZFONF209    (0)   :  0.016 0.009 0.011 0.014 0.007 0.011 0.008 0.890 0.027 0.007 
403 ZFONF210    (0)   :  0.004 0.010 0.009 0.003 0.002 0.003 0.002 0.960 0.004 0.003 
404 ZFONF211    (0)   :  0.015 0.033 0.021 0.004 0.010 0.004 0.013 0.873 0.013 0.014 
405 ZFONF212    (0)   :  0.003 0.012 0.009 0.003 0.002 0.003 0.002 0.960 0.003 0.003 
406 ZFONF214    (0)   :  0.006 0.031 0.005 0.003 0.005 0.003 0.005 0.923 0.006 0.013 
407 ZFONF215    (0)   :  0.004 0.016 0.005 0.003 0.002 0.002 0.002 0.958 0.004 0.004 
408 ZFONF216    (0)   :  0.006 0.005 0.005 0.002 0.003 0.002 0.003 0.966 0.004 0.004 
409 ZFONF217    (0)   :  0.005 0.043 0.006 0.003 0.002 0.002 0.003 0.928 0.004 0.004 
410 ZFONF218    (0)   :  0.004 0.005 0.006 0.003 0.007 0.003 0.007 0.956 0.003 0.005 
411 ZFONF219    (0)   :  0.003 0.005 0.003 0.002 0.002 0.002 0.002 0.976 0.003 0.002 
412 ZFONF220    (0)   :  0.007 0.018 0.004 0.005 0.003 0.002 0.003 0.948 0.005 0.005 
413 ZFONF222    (0)   :  0.005 0.003 0.004 0.002 0.005 0.003 0.008 0.961 0.003 0.005 
414 ZFONF223    (0)   :  0.005 0.008 0.003 0.005 0.006 0.003 0.007 0.953 0.003 0.006 
415 ZFONF224    (0)   :  0.003 0.004 0.004 0.002 0.002 0.002 0.002 0.975 0.003 0.003 
416 ZFONF225    (0)   :  0.003 0.007 0.004 0.002 0.002 0.002 0.002 0.971 0.004 0.003 
417 ZFONF226    (0)   :  0.009 0.008 0.005 0.003 0.003 0.003 0.003 0.955 0.005 0.007 
418 ZFONF227    (0)   :  0.002 0.005 0.004 0.002 0.002 0.002 0.002 0.975 0.003 0.003 
419 ZFONF228    (0)   :  0.006 0.011 0.013 0.007 0.005 0.004 0.004 0.941 0.004 0.004 
420 ZFONF230    (0)   :  0.003 0.014 0.005 0.002 0.003 0.002 0.002 0.961 0.004 0.003 
421 ZFONF231    (0)   :  0.003 0.008 0.005 0.003 0.004 0.002 0.004 0.953 0.008 0.009 
422 ZFONF232    (0)   :  0.003 0.008 0.004 0.002 0.003 0.002 0.002 0.971 0.003 0.003 
423 ZFONF233    (0)   :  0.005 0.005 0.004 0.003 0.003 0.002 0.002 0.968 0.004 0.003 
424 ZFONF234    (0)   :  0.013 0.014 0.017 0.006 0.026 0.005 0.004 0.900 0.008 0.007 
425 ZFONF235    (0)   :  0.002 0.004 0.003 0.002 0.002 0.002 0.002 0.976 0.004 0.003 
426 ZFONF236    (0)   :  0.014 0.013 0.025 0.029 0.022 0.019 0.013 0.841 0.020 0.005 
427 ZFONF238    (0)   :  0.004 0.007 0.004 0.004 0.003 0.003 0.002 0.960 0.006 0.007 
428 ZFONF239    (0)   :  0.003 0.005 0.003 0.011 0.006 0.005 0.004 0.946 0.013 0.004 
