

----------------------------------------------------
STRUCTURE by Pritchard, Stephens and Donnelly (2000)
     and Falush, Stephens and Pritchard (2003)
       Code by Pritchard, Falush and Hubisz
             Version 2.3.4 (Jul 2012)
----------------------------------------------------



Command line arguments:   bin\structure -m C:\Users\eschumacher\Documents\GitHub\GCC_QUAC_ZAIN\Data_Files\Structure_Files\ZAIN\ZAIN_wild_rebinned_nopopinfo\50-50\mainparams -e C:\Users\eschumacher\Documents\GitHub\GCC_QUAC_ZAIN\Data_Files\Structure_Files\ZAIN\ZAIN_wild_rebinned_nopopinfo\50-50\extraparams 
Input File:    C:\Users\eschumacher\Documents\GitHub\GCC_QUAC_ZAIN\Data_Files\Structure_Files\ZAIN\ZAIN_wild_rebinned_nopopinfo\project_data

Run parameters:
   751 individuals
   11 loci
   9 populations assumed
   50000 Burn-in period
   50000 Reps


--------------------------------------------
Overall proportion of membership of the
sample in each of the 9 clusters

Inferred Clusters
  1      2      3      4      5      6      7      8      9    
0.072  0.065  0.117  0.160  0.182  0.113  0.069  0.121  0.102  

--------------------------------------------

Allele-freq. divergence among pops (Net nucleotide distance),
computed using point estimates of P.

      1       2       3       4       5       6       7       8       9      
 1      -    0.1735  0.0965  0.1587  0.1667  0.1427  0.2430  0.1222  0.2271  
 2   0.1735     -    0.2522  0.1100  0.3367  0.1839  0.2880  0.1224  0.3443  
 3   0.0965  0.2522     -    0.1789  0.0878  0.1060  0.1988  0.1490  0.1005  
 4   0.1587  0.1100  0.1789     -    0.2237  0.1710  0.2384  0.0466  0.2757  
 5   0.1667  0.3367  0.0878  0.2237     -    0.1538  0.2748  0.2292  0.1604  
 6   0.1427  0.1839  0.1060  0.1710  0.1538     -    0.1738  0.1407  0.2112  
 7   0.2430  0.2880  0.1988  0.2384  0.2748  0.1738     -    0.1374  0.3521  
 8   0.1222  0.1224  0.1490  0.0466  0.2292  0.1407  0.1374     -    0.2730  
 9   0.2271  0.3443  0.1005  0.2757  0.1604  0.2112  0.3521  0.2730     -    

Average distances (expected heterozygosity) between individuals in same cluster:
cluster  1  : 0.4348 
cluster  2  : 0.3669 
cluster  3  : 0.5661 
cluster  4  : 0.4083 
cluster  5  : 0.4666 
cluster  6  : 0.4323 
cluster  7  : 0.2316 
cluster  8  : 0.4314 
cluster  9  : 0.4268 

--------------------------------------------
Estimated Ln Prob of Data   = -13876.6
Mean value of ln likelihood = -13521.5
Variance of ln likelihood   = 710.2
Mean value of alpha         = 0.0321

Mean value of Fst_1         = 0.3510
Mean value of Fst_2         = 0.4359
Mean value of Fst_3         = 0.1117
Mean value of Fst_4         = 0.3672
Mean value of Fst_5         = 0.3595
Mean value of Fst_6         = 0.4069
Mean value of Fst_7         = 0.6440
Mean value of Fst_8         = 0.4065
Mean value of Fst_9         = 0.4246


Inferred ancestry of individuals:
        Label (%Miss) :  Inferred clusters
  1    ZFB01    (0)   :  0.003 0.003 0.003 0.005 0.967 0.003 0.003 0.004 0.008 
  2    ZFB02    (0)   :  0.005 0.003 0.010 0.004 0.914 0.010 0.002 0.003 0.050 
  3    ZFB03    (0)   :  0.005 0.003 0.008 0.005 0.956 0.005 0.009 0.005 0.004 
  4    ZFB04    (0)   :  0.003 0.002 0.008 0.005 0.917 0.006 0.002 0.004 0.053 
  5    ZFB05    (0)   :  0.039 0.009 0.059 0.003 0.692 0.011 0.009 0.005 0.173 
  6    ZFB06    (0)   :  0.026 0.012 0.074 0.003 0.778 0.007 0.010 0.005 0.084 
  7    ZFB07    (9)   :  0.005 0.004 0.013 0.007 0.946 0.005 0.005 0.007 0.008 
  8    ZFB08    (0)   :  0.016 0.005 0.006 0.007 0.944 0.006 0.004 0.006 0.005 
  9    ZFB09    (0)   :  0.005 0.003 0.004 0.003 0.971 0.003 0.003 0.003 0.005 
 10    ZFB10    (0)   :  0.005 0.006 0.005 0.022 0.932 0.007 0.002 0.010 0.011 
 11    ZFB11    (0)   :  0.003 0.003 0.005 0.008 0.945 0.007 0.002 0.005 0.021 
 12    ZFB12    (0)   :  0.030 0.004 0.016 0.008 0.892 0.004 0.007 0.008 0.031 
 13    ZFB13    (0)   :  0.012 0.007 0.008 0.009 0.942 0.004 0.004 0.007 0.006 
 14    ZFB14    (0)   :  0.004 0.003 0.004 0.005 0.968 0.005 0.003 0.004 0.004 
 15    ZFB15    (0)   :  0.004 0.002 0.004 0.003 0.968 0.003 0.002 0.003 0.011 
 16    ZFB16    (0)   :  0.009 0.003 0.006 0.006 0.951 0.003 0.003 0.006 0.013 
 17    ZFB17    (0)   :  0.042 0.010 0.016 0.011 0.856 0.022 0.002 0.012 0.030 
 18    ZFB18    (0)   :  0.004 0.003 0.004 0.005 0.972 0.004 0.003 0.003 0.003 
 19    ZFB19    (0)   :  0.013 0.007 0.016 0.033 0.889 0.004 0.006 0.024 0.008 
 20    ZFB20    (0)   :  0.008 0.004 0.007 0.006 0.923 0.004 0.003 0.005 0.040 
 21    ZFB21    (0)   :  0.003 0.002 0.007 0.003 0.966 0.003 0.003 0.002 0.010 
 22    ZFB22    (0)   :  0.013 0.011 0.012 0.011 0.865 0.008 0.003 0.012 0.066 
 23    ZFB23    (0)   :  0.003 0.003 0.006 0.008 0.929 0.006 0.004 0.006 0.034 
 24    ZFB24    (0)   :  0.003 0.003 0.005 0.007 0.925 0.006 0.003 0.004 0.043 
 25    ZFB25    (0)   :  0.003 0.004 0.004 0.024 0.941 0.004 0.003 0.010 0.006 
 26    ZFB26    (0)   :  0.003 0.004 0.007 0.021 0.857 0.008 0.004 0.011 0.084 
 27    ZFB27    (0)   :  0.003 0.003 0.006 0.008 0.876 0.005 0.003 0.005 0.092 
 28    ZFB28    (0)   :  0.013 0.003 0.041 0.007 0.792 0.014 0.006 0.008 0.116 
 29    ZFB29    (0)   :  0.004 0.002 0.007 0.004 0.949 0.008 0.002 0.003 0.021 
 30    ZFB30    (0)   :  0.013 0.011 0.054 0.005 0.701 0.004 0.011 0.009 0.192 
 31    ZFB31    (0)   :  0.004 0.004 0.004 0.013 0.952 0.004 0.004 0.009 0.006 
 32    ZFB32    (0)   :  0.035 0.004 0.037 0.015 0.788 0.034 0.009 0.012 0.065 
 33    ZFB33    (0)   :  0.003 0.002 0.005 0.004 0.966 0.003 0.003 0.003 0.012 
 34    ZFB34    (0)   :  0.004 0.003 0.005 0.004 0.971 0.005 0.003 0.003 0.004 
 35    ZFB35    (0)   :  0.005 0.003 0.005 0.006 0.957 0.005 0.004 0.005 0.010 
 36  ZFBP101    (0)   :  0.013 0.034 0.009 0.199 0.010 0.091 0.014 0.622 0.008 
 37  ZFBP102    (0)   :  0.010 0.012 0.013 0.315 0.014 0.017 0.004 0.605 0.011 
 38  ZFBP103    (0)   :  0.008 0.010 0.007 0.054 0.007 0.106 0.016 0.786 0.007 
 39  ZFBP104    (0)   :  0.041 0.007 0.017 0.193 0.028 0.004 0.008 0.692 0.009 
 40  ZFBP105    (0)   :  0.007 0.006 0.005 0.666 0.006 0.005 0.012 0.288 0.005 
 41  ZFBP106    (0)   :  0.005 0.009 0.004 0.769 0.003 0.008 0.021 0.178 0.003 
 42  ZFBP107    (0)   :  0.008 0.005 0.011 0.485 0.006 0.008 0.015 0.446 0.016 
 43  ZFBP108    (0)   :  0.003 0.004 0.003 0.965 0.003 0.003 0.005 0.011 0.003 
 44  ZFBP109    (0)   :  0.004 0.005 0.005 0.954 0.004 0.004 0.005 0.018 0.002 
 45  ZFBP110    (0)   :  0.011 0.005 0.035 0.242 0.033 0.034 0.058 0.575 0.007 
 46  ZFBP111    (0)   :  0.012 0.108 0.004 0.298 0.003 0.004 0.008 0.560 0.003 
 47  ZFBP112    (0)   :  0.008 0.042 0.005 0.883 0.003 0.017 0.012 0.025 0.005 
 48  ZFBP113    (0)   :  0.006 0.004 0.004 0.956 0.003 0.003 0.003 0.017 0.004 
 49  ZFBP114    (0)   :  0.003 0.008 0.008 0.756 0.003 0.006 0.004 0.205 0.007 
 50  ZFBP115    (0)   :  0.007 0.011 0.004 0.094 0.002 0.007 0.016 0.855 0.003 
 51  ZFBP116    (0)   :  0.009 0.006 0.005 0.921 0.003 0.004 0.006 0.043 0.004 
 52  ZFBP117    (0)   :  0.004 0.007 0.004 0.951 0.003 0.007 0.006 0.017 0.002 
 53  ZFBP118    (0)   :  0.004 0.013 0.008 0.875 0.003 0.005 0.005 0.081 0.007 
 54  ZFBP119    (0)   :  0.014 0.018 0.006 0.483 0.004 0.024 0.016 0.432 0.002 
 55  ZFBP120    (0)   :  0.008 0.005 0.005 0.658 0.007 0.004 0.012 0.297 0.004 
 56  ZFBP121    (0)   :  0.004 0.005 0.004 0.927 0.005 0.009 0.007 0.035 0.003 
 57  ZFBP122    (9)   :  0.006 0.013 0.003 0.840 0.004 0.005 0.006 0.119 0.003 
 58  ZFBP123    (0)   :  0.008 0.015 0.005 0.933 0.003 0.012 0.006 0.013 0.006 
 59  ZFBP124    (0)   :  0.004 0.004 0.003 0.946 0.006 0.005 0.005 0.023 0.004 
 60  ZFBP125    (0)   :  0.004 0.013 0.003 0.924 0.002 0.006 0.009 0.037 0.002 
 61  ZFBP126    (0)   :  0.026 0.007 0.018 0.707 0.011 0.028 0.003 0.188 0.012 
 62  ZFBP127    (0)   :  0.003 0.004 0.004 0.667 0.004 0.020 0.087 0.207 0.003 
 63  ZFBP128    (0)   :  0.004 0.029 0.003 0.895 0.004 0.015 0.017 0.031 0.002 
 64  ZFBP129    (0)   :  0.005 0.112 0.005 0.847 0.005 0.009 0.007 0.007 0.003 
 65  ZFBP130    (0)   :  0.009 0.067 0.004 0.840 0.002 0.023 0.012 0.041 0.003 
 66  ZFBP131    (0)   :  0.005 0.005 0.004 0.967 0.004 0.004 0.003 0.006 0.004 
 67  ZFBP132    (0)   :  0.003 0.004 0.003 0.957 0.003 0.004 0.013 0.011 0.003 
 68  ZFBP133    (0)   :  0.006 0.090 0.002 0.879 0.003 0.007 0.002 0.008 0.002 
 69  ZFBP134    (0)   :  0.011 0.012 0.003 0.044 0.004 0.011 0.005 0.907 0.003 
 70  ZFBP135    (0)   :  0.007 0.013 0.009 0.444 0.015 0.254 0.016 0.237 0.005 
 71  ZFBP136    (0)   :  0.009 0.048 0.006 0.540 0.004 0.135 0.018 0.233 0.008 
 72  ZFBP201    (0)   :  0.007 0.005 0.006 0.940 0.005 0.005 0.011 0.015 0.006 
 73  ZFBP202    (0)   :  0.005 0.007 0.004 0.926 0.006 0.004 0.009 0.036 0.003 
 74  ZFBP203    (0)   :  0.028 0.017 0.024 0.862 0.006 0.005 0.005 0.018 0.036 
 75  ZFBP204    (0)   :  0.010 0.021 0.006 0.654 0.004 0.019 0.018 0.263 0.005 
 76  ZFBP205    (0)   :  0.006 0.010 0.003 0.956 0.003 0.008 0.003 0.008 0.004 
 77  ZFBP206    (0)   :  0.011 0.036 0.004 0.915 0.004 0.011 0.005 0.009 0.006 
 78  ZFBP207    (0)   :  0.005 0.007 0.004 0.606 0.004 0.012 0.071 0.288 0.003 
 79  ZFBP208    (0)   :  0.013 0.009 0.006 0.940 0.003 0.007 0.003 0.009 0.010 
 80  ZFBP209    (0)   :  0.005 0.068 0.002 0.904 0.003 0.006 0.003 0.008 0.002 
 81  ZFBP210    (0)   :  0.011 0.011 0.006 0.925 0.005 0.005 0.011 0.020 0.008 
 82  ZFBP211    (0)   :  0.004 0.004 0.004 0.954 0.005 0.005 0.009 0.011 0.003 
 83  ZFBP212    (0)   :  0.003 0.005 0.003 0.702 0.006 0.003 0.039 0.236 0.003 
 84  ZFBP213    (0)   :  0.010 0.009 0.005 0.934 0.007 0.012 0.010 0.010 0.005 
 85  ZFBP214    (0)   :  0.039 0.073 0.009 0.758 0.012 0.042 0.037 0.026 0.004 
 86  ZFBP215    (0)   :  0.004 0.006 0.003 0.961 0.004 0.005 0.005 0.009 0.002 
 87  ZFBP216    (0)   :  0.024 0.006 0.009 0.758 0.004 0.006 0.005 0.181 0.007 
 88  ZFBP217    (0)   :  0.021 0.185 0.007 0.624 0.008 0.007 0.039 0.106 0.004 
 89  ZFBP218    (0)   :  0.005 0.009 0.003 0.954 0.002 0.003 0.003 0.017 0.003 
 90  ZFBP219    (0)   :  0.006 0.004 0.004 0.960 0.003 0.003 0.003 0.013 0.004 
 91  ZFBP220    (0)   :  0.007 0.036 0.004 0.602 0.003 0.016 0.014 0.315 0.003 
 92  ZFBP221    (0)   :  0.005 0.007 0.003 0.475 0.003 0.003 0.007 0.493 0.003 
 93  ZFBP222    (0)   :  0.007 0.007 0.004 0.957 0.004 0.007 0.003 0.006 0.005 
 94  ZFBP223    (0)   :  0.005 0.010 0.007 0.615 0.007 0.009 0.175 0.167 0.005 
 95  ZFBP224    (0)   :  0.006 0.005 0.005 0.953 0.004 0.006 0.005 0.012 0.004 
 96  ZFBP225    (0)   :  0.015 0.229 0.008 0.219 0.003 0.014 0.017 0.488 0.007 
 97  ZFBP226    (0)   :  0.005 0.004 0.004 0.939 0.003 0.004 0.005 0.031 0.004 
 98  ZFBP227    (0)   :  0.145 0.007 0.035 0.401 0.016 0.006 0.009 0.373 0.009 
 99  ZFBP228    (0)   :  0.004 0.009 0.004 0.343 0.004 0.015 0.062 0.555 0.003 
100  ZFBP229    (0)   :  0.007 0.018 0.004 0.889 0.003 0.006 0.005 0.065 0.003 
101  ZFBP230    (0)   :  0.010 0.033 0.005 0.495 0.003 0.022 0.009 0.420 0.003 
102  ZFBP231    (0)   :  0.005 0.005 0.005 0.955 0.005 0.005 0.006 0.010 0.004 
103  ZFBP232    (0)   :  0.004 0.007 0.003 0.965 0.003 0.004 0.004 0.008 0.003 
104  ZFBP233    (0)   :  0.009 0.014 0.004 0.923 0.007 0.005 0.006 0.028 0.004 
105   ZFCC01    (0)   :  0.004 0.004 0.004 0.004 0.009 0.963 0.005 0.003 0.004 
106   ZFCC03    (0)   :  0.003 0.005 0.003 0.004 0.005 0.963 0.010 0.003 0.003 
107   ZFCC04    (0)   :  0.004 0.006 0.004 0.004 0.005 0.965 0.005 0.004 0.003 
108   ZFCC05    (0)   :  0.005 0.006 0.004 0.005 0.006 0.951 0.013 0.005 0.004 
109   ZFCC08    (0)   :  0.006 0.015 0.003 0.010 0.004 0.946 0.005 0.007 0.003 
110   ZFCC09    (0)   :  0.003 0.004 0.003 0.004 0.006 0.965 0.008 0.004 0.003 
111   ZFCC10    (0)   :  0.003 0.004 0.004 0.005 0.012 0.961 0.004 0.003 0.004 
112   ZFCC11    (0)   :  0.004 0.004 0.004 0.005 0.006 0.960 0.010 0.004 0.003 
113   ZFCC12    (0)   :  0.008 0.006 0.017 0.006 0.019 0.878 0.007 0.007 0.052 
114   ZFCC13    (0)   :  0.011 0.007 0.005 0.008 0.004 0.938 0.008 0.011 0.007 
115   ZFCC14    (0)   :  0.004 0.007 0.005 0.010 0.009 0.952 0.004 0.005 0.004 
116   ZFCC15    (0)   :  0.010 0.004 0.005 0.004 0.004 0.959 0.005 0.004 0.005 
117   ZFCC16    (0)   :  0.005 0.004 0.004 0.003 0.005 0.968 0.004 0.003 0.004 
118   ZFCC17    (0)   :  0.004 0.003 0.005 0.003 0.005 0.963 0.006 0.003 0.008 
119   ZFCC18    (0)   :  0.004 0.006 0.004 0.005 0.006 0.962 0.008 0.004 0.004 
120   ZFCC19    (0)   :  0.008 0.004 0.006 0.003 0.004 0.963 0.003 0.003 0.007 
121   ZFCC20    (0)   :  0.006 0.005 0.004 0.003 0.004 0.961 0.008 0.006 0.003 
122   ZFCC21    (0)   :  0.042 0.032 0.007 0.028 0.008 0.861 0.003 0.013 0.006 
123   ZFCC22    (0)   :  0.007 0.048 0.004 0.157 0.008 0.707 0.006 0.058 0.005 
124   ZFCC26    (0)   :  0.004 0.004 0.004 0.003 0.005 0.968 0.005 0.004 0.004 
125   ZFCC27    (0)   :  0.004 0.004 0.003 0.004 0.004 0.968 0.008 0.004 0.003 
126   ZFCC29    (0)   :  0.009 0.005 0.005 0.004 0.007 0.956 0.004 0.005 0.005 
127   ZFCC30    (0)   :  0.004 0.006 0.003 0.003 0.003 0.965 0.010 0.004 0.003 
128   ZFCC32    (0)   :  0.010 0.006 0.006 0.004 0.005 0.950 0.005 0.006 0.007 
129   ZFCC33    (0)   :  0.005 0.003 0.006 0.003 0.006 0.961 0.007 0.004 0.004 
130   ZFCC34    (0)   :  0.006 0.015 0.005 0.043 0.017 0.837 0.038 0.025 0.014 
131   ZFCC35    (0)   :  0.003 0.004 0.003 0.004 0.003 0.972 0.004 0.004 0.003 
132   ZFCC36    (0)   :  0.015 0.010 0.006 0.007 0.004 0.934 0.004 0.009 0.011 
133   ZFCC37    (0)   :  0.009 0.006 0.017 0.008 0.022 0.879 0.007 0.009 0.045 
134   ZFCC40    (0)   :  0.003 0.004 0.004 0.006 0.007 0.964 0.004 0.004 0.006 
135   ZFCC42    (0)   :  0.006 0.013 0.020 0.006 0.012 0.290 0.099 0.012 0.544 
136   ZFCC44    (0)   :  0.003 0.003 0.004 0.003 0.003 0.969 0.009 0.003 0.004 
137   ZFCC45    (9)   :  0.007 0.004 0.012 0.005 0.011 0.937 0.007 0.004 0.013 
138   ZFCC46    (0)   :  0.006 0.024 0.004 0.008 0.003 0.932 0.008 0.012 0.004 
139   ZFCC47    (0)   :  0.005 0.006 0.005 0.005 0.016 0.924 0.005 0.006 0.028 
140   ZFCC48    (0)   :  0.009 0.031 0.004 0.023 0.006 0.912 0.003 0.009 0.003 
141   ZFCC50    (0)   :  0.004 0.003 0.003 0.003 0.004 0.972 0.003 0.003 0.004 
142   ZFCC51    (0)   :  0.003 0.004 0.003 0.003 0.004 0.966 0.011 0.003 0.003 
143   ZFCC52    (0)   :  0.006 0.009 0.004 0.010 0.004 0.951 0.005 0.007 0.006 
144   ZFCC53    (0)   :  0.003 0.003 0.003 0.003 0.004 0.971 0.006 0.003 0.003 
145  ZFCNS01    (0)   :  0.052 0.003 0.029 0.006 0.002 0.006 0.848 0.033 0.020 
146  ZFCNS02    (0)   :  0.003 0.004 0.003 0.003 0.003 0.004 0.973 0.005 0.002 
147  ZFCNS05    (0)   :  0.005 0.005 0.003 0.006 0.005 0.007 0.959 0.008 0.003 
148  ZFCNS06    (0)   :  0.003 0.004 0.003 0.004 0.003 0.004 0.972 0.004 0.002 
149  ZFCNS07    (0)   :  0.003 0.010 0.003 0.006 0.003 0.004 0.962 0.006 0.002 
150  ZFCNS10    (0)   :  0.003 0.005 0.003 0.007 0.003 0.004 0.957 0.015 0.004 
151  ZFCNS11    (0)   :  0.022 0.005 0.012 0.005 0.002 0.007 0.920 0.016 0.010 
152  ZFCNS15    (0)   :  0.004 0.007 0.003 0.013 0.004 0.003 0.915 0.047 0.002 
153  ZFCNS17    (0)   :  0.003 0.004 0.003 0.004 0.002 0.005 0.973 0.004 0.002 
154  ZFCNS18    (0)   :  0.003 0.004 0.003 0.007 0.003 0.005 0.958 0.014 0.003 
155  ZFCNS19    (0)   :  0.003 0.003 0.003 0.003 0.003 0.004 0.975 0.004 0.002 
156  ZFCNS20    (0)   :  0.004 0.015 0.003 0.012 0.003 0.006 0.942 0.012 0.003 
157  ZFCNS21    (0)   :  0.003 0.002 0.003 0.003 0.002 0.004 0.976 0.005 0.002 
158  ZFCNS22    (0)   :  0.005 0.005 0.004 0.011 0.005 0.005 0.946 0.017 0.003 
159  ZFCNS23    (0)   :  0.013 0.014 0.010 0.007 0.006 0.021 0.909 0.006 0.014 
160  ZFCNS24    (0)   :  0.004 0.005 0.003 0.006 0.002 0.008 0.958 0.010 0.003 
161  ZFCNS25    (0)   :  0.004 0.009 0.003 0.010 0.003 0.006 0.951 0.012 0.003 
162  ZFCNS26    (0)   :  0.003 0.003 0.003 0.004 0.003 0.003 0.972 0.006 0.002 
163  ZFCNS27    (0)   :  0.004 0.008 0.004 0.022 0.003 0.004 0.897 0.056 0.003 
164  ZFCNS28    (0)   :  0.003 0.004 0.003 0.004 0.003 0.004 0.972 0.005 0.002 
165  ZFCNS29    (0)   :  0.005 0.004 0.004 0.008 0.004 0.007 0.957 0.009 0.002 
166  ZFCNS30    (0)   :  0.005 0.003 0.004 0.004 0.004 0.006 0.964 0.008 0.002 
167  ZFCNS31    (0)   :  0.003 0.004 0.003 0.004 0.003 0.003 0.973 0.006 0.002 
168  ZFCNS32    (0)   :  0.005 0.006 0.003 0.006 0.004 0.005 0.958 0.011 0.003 
169  ZFCNS33    (0)   :  0.003 0.004 0.003 0.003 0.003 0.003 0.974 0.005 0.002 
170  ZFCNS34    (0)   :  0.005 0.004 0.003 0.005 0.004 0.009 0.963 0.005 0.003 
171  ZFCNS35    (0)   :  0.004 0.004 0.003 0.017 0.024 0.009 0.900 0.036 0.002 
172  ZFCNS36    (0)   :  0.004 0.008 0.003 0.005 0.003 0.011 0.957 0.007 0.003 
173  ZFCNS37    (0)   :  0.004 0.007 0.007 0.006 0.004 0.006 0.862 0.102 0.002 
174  ZFCNS39    (0)   :  0.013 0.024 0.006 0.008 0.002 0.015 0.906 0.024 0.003 
175  ZFCNS40    (0)   :  0.009 0.110 0.006 0.009 0.002 0.028 0.703 0.130 0.003 
176  ZFCNS41    (0)   :  0.010 0.005 0.007 0.020 0.006 0.018 0.273 0.655 0.004 
177  ZFCNS42    (0)   :  0.003 0.003 0.003 0.004 0.003 0.003 0.974 0.006 0.002 
178  ZFCNS43    (0)   :  0.003 0.003 0.003 0.003 0.003 0.004 0.975 0.005 0.002 
179  ZFCNS44    (0)   :  0.003 0.003 0.003 0.006 0.003 0.005 0.962 0.013 0.003 
180  ZFCNS46    (0)   :  0.004 0.004 0.004 0.006 0.003 0.005 0.962 0.009 0.003 
181  ZFCNS47    (0)   :  0.003 0.003 0.003 0.003 0.002 0.004 0.975 0.005 0.002 
182  ZFCNS48    (0)   :  0.004 0.005 0.003 0.012 0.004 0.007 0.933 0.028 0.004 
183  ZFCNS49    (0)   :  0.002 0.004 0.003 0.011 0.003 0.003 0.922 0.048 0.003 
184   ZFCR01    (0)   :  0.005 0.016 0.759 0.030 0.149 0.015 0.003 0.006 0.016 
185   ZFCR02    (0)   :  0.072 0.024 0.660 0.031 0.152 0.032 0.006 0.008 0.015 
186   ZFCR03    (0)   :  0.182 0.027 0.157 0.061 0.373 0.051 0.003 0.015 0.132 
187   ZFCR04    (0)   :  0.022 0.038 0.161 0.021 0.662 0.018 0.008 0.041 0.029 
188   ZFCR05    (0)   :  0.215 0.007 0.540 0.007 0.164 0.039 0.003 0.008 0.018 
189   ZFCR06    (0)   :  0.031 0.036 0.558 0.084 0.098 0.027 0.073 0.086 0.007 
190   ZFCR07    (0)   :  0.290 0.004 0.545 0.010 0.045 0.018 0.045 0.033 0.010 
191   ZFCR08    (0)   :  0.007 0.022 0.754 0.020 0.048 0.090 0.005 0.013 0.040 
192   ZFCR09    (0)   :  0.035 0.018 0.052 0.163 0.099 0.046 0.014 0.112 0.461 
193   ZFCR11    (0)   :  0.194 0.003 0.427 0.035 0.225 0.012 0.009 0.077 0.018 
194   ZFCR12    (0)   :  0.240 0.028 0.468 0.017 0.018 0.014 0.121 0.091 0.004 
195   ZFCR13    (0)   :  0.230 0.006 0.610 0.110 0.012 0.007 0.008 0.013 0.004 
196   ZFCR14    (0)   :  0.367 0.039 0.455 0.010 0.088 0.017 0.006 0.010 0.008 
197   ZFCR15    (0)   :  0.081 0.080 0.577 0.030 0.177 0.022 0.005 0.019 0.009 
198   ZFCR16    (0)   :  0.058 0.056 0.644 0.028 0.186 0.010 0.003 0.010 0.005 
199   ZFCR18    (0)   :  0.017 0.018 0.070 0.033 0.759 0.064 0.016 0.017 0.007 
200   ZFCR19    (0)   :  0.146 0.266 0.140 0.034 0.228 0.015 0.006 0.015 0.150 
201   ZFCR20    (0)   :  0.189 0.015 0.105 0.125 0.484 0.017 0.005 0.028 0.032 
202   ZFCR21    (0)   :  0.340 0.017 0.550 0.015 0.027 0.029 0.003 0.015 0.004 
203   ZFCR22    (0)   :  0.554 0.020 0.385 0.010 0.010 0.005 0.003 0.007 0.006 
204   ZFCR23    (0)   :  0.210 0.007 0.489 0.144 0.025 0.004 0.004 0.089 0.029 
205   ZFCR24    (9)   :  0.164 0.006 0.128 0.515 0.136 0.009 0.004 0.010 0.026 
206   ZFCR25    (0)   :  0.301 0.004 0.636 0.004 0.030 0.008 0.003 0.005 0.009 
207   ZFCR26    (0)   :  0.770 0.023 0.034 0.017 0.007 0.023 0.006 0.012 0.107 
208   ZFCR27    (9)   :  0.033 0.004 0.895 0.003 0.032 0.006 0.003 0.003 0.021 
209   ZFCR28    (0)   :  0.008 0.114 0.631 0.176 0.008 0.011 0.026 0.020 0.005 
210   ZFCR29    (0)   :  0.646 0.006 0.154 0.012 0.156 0.008 0.002 0.008 0.009 
211   ZFCR30    (0)   :  0.489 0.008 0.447 0.006 0.022 0.007 0.005 0.007 0.009 
212   ZFCR31    (0)   :  0.110 0.036 0.129 0.114 0.335 0.023 0.048 0.096 0.109 
213   ZFCR33    (0)   :  0.028 0.009 0.867 0.009 0.013 0.026 0.006 0.012 0.030 
214   ZFCR34    (0)   :  0.361 0.019 0.366 0.032 0.102 0.024 0.011 0.058 0.028 
215   ZFCR35    (0)   :  0.024 0.010 0.099 0.009 0.797 0.025 0.011 0.013 0.011 
216   ZFCR36    (0)   :  0.335 0.006 0.365 0.008 0.220 0.009 0.015 0.009 0.033 
217   ZFCR37    (0)   :  0.657 0.004 0.146 0.004 0.074 0.064 0.004 0.004 0.045 
218   ZFCR38    (0)   :  0.027 0.009 0.862 0.007 0.017 0.032 0.007 0.008 0.030 
219   ZFCR39    (0)   :  0.008 0.035 0.635 0.047 0.016 0.092 0.003 0.019 0.144 
220   ZFCR40    (0)   :  0.036 0.005 0.860 0.011 0.017 0.025 0.004 0.014 0.028 
221   ZFCR41    (0)   :  0.272 0.020 0.540 0.009 0.022 0.052 0.013 0.067 0.004 
222   ZFCR42    (0)   :  0.236 0.032 0.558 0.032 0.015 0.056 0.013 0.033 0.026 
223   ZFCR43    (0)   :  0.154 0.008 0.594 0.125 0.093 0.007 0.005 0.010 0.005 
224  ZFENP25    (0)   :  0.007 0.010 0.920 0.009 0.024 0.018 0.003 0.005 0.005 
225  ZFENP26    (0)   :  0.005 0.003 0.965 0.002 0.006 0.004 0.003 0.004 0.008 
226  ZFENP27    (0)   :  0.007 0.010 0.431 0.018 0.114 0.315 0.042 0.028 0.035 
227  ZFENP28    (0)   :  0.011 0.005 0.933 0.004 0.012 0.009 0.009 0.005 0.013 
228  ZFENP29    (0)   :  0.007 0.003 0.960 0.004 0.005 0.007 0.005 0.004 0.006 
229  ZFENP30    (0)   :  0.013 0.007 0.883 0.006 0.008 0.050 0.012 0.005 0.017 
230  ZFENP31    (0)   :  0.010 0.006 0.267 0.010 0.019 0.071 0.013 0.008 0.597 
231  ZFENP32    (0)   :  0.017 0.006 0.304 0.027 0.240 0.033 0.032 0.032 0.310 
232  ZFENP33    (0)   :  0.051 0.004 0.869 0.006 0.030 0.008 0.005 0.007 0.021 
233  ZFENP34    (0)   :  0.011 0.005 0.488 0.009 0.419 0.030 0.016 0.009 0.013 
234  ZFENP35    (0)   :  0.008 0.005 0.898 0.008 0.011 0.005 0.014 0.017 0.033 
235  ZFENP36    (0)   :  0.009 0.002 0.949 0.003 0.008 0.003 0.009 0.004 0.012 
236  ZFENP37    (0)   :  0.050 0.004 0.765 0.007 0.096 0.012 0.012 0.011 0.042 
237  ZFENP38    (0)   :  0.443 0.004 0.440 0.005 0.020 0.025 0.022 0.008 0.032 
238  ZFENP39    (0)   :  0.013 0.003 0.930 0.004 0.018 0.010 0.004 0.005 0.013 
239  ZFENP40    (0)   :  0.007 0.004 0.903 0.009 0.028 0.008 0.005 0.006 0.031 
240  ZFENP41    (0)   :  0.006 0.006 0.901 0.006 0.012 0.043 0.008 0.006 0.012 
241  ZFENP42    (0)   :  0.034 0.005 0.817 0.003 0.004 0.006 0.003 0.005 0.123 
242  ZFENP43    (0)   :  0.101 0.005 0.713 0.007 0.017 0.042 0.060 0.028 0.027 
243  ZFENP44    (0)   :  0.021 0.003 0.840 0.006 0.008 0.019 0.011 0.016 0.077 
244  ZFENP45    (0)   :  0.039 0.307 0.459 0.032 0.010 0.026 0.011 0.016 0.101 
245  ZFENP46    (0)   :  0.072 0.004 0.832 0.012 0.018 0.004 0.008 0.022 0.028 
246  ZFENP47    (0)   :  0.007 0.137 0.396 0.017 0.027 0.084 0.004 0.006 0.322 
247  ZFENP48    (0)   :  0.034 0.029 0.319 0.034 0.418 0.107 0.015 0.011 0.033 
248  ZFENP49    (0)   :  0.021 0.017 0.863 0.019 0.022 0.028 0.005 0.012 0.013 
249  ZFENP50    (0)   :  0.058 0.007 0.848 0.027 0.006 0.004 0.004 0.017 0.029 
250  ZFENP51    (0)   :  0.022 0.047 0.483 0.004 0.026 0.010 0.007 0.005 0.397 
251  ZFENP52    (0)   :  0.012 0.004 0.930 0.004 0.003 0.011 0.013 0.014 0.008 
252  ZFENP53    (0)   :  0.025 0.022 0.858 0.028 0.007 0.009 0.010 0.021 0.020 
253  ZFENP54    (0)   :  0.025 0.009 0.855 0.039 0.019 0.025 0.005 0.014 0.008 
254  ZFENP55    (0)   :  0.668 0.004 0.241 0.005 0.049 0.005 0.004 0.004 0.020 
255  ZFENP56    (0)   :  0.086 0.005 0.850 0.004 0.013 0.008 0.010 0.010 0.014 
256  ZFENP57    (0)   :  0.018 0.002 0.869 0.004 0.015 0.005 0.012 0.008 0.068 
257  ZFENP58    (0)   :  0.046 0.109 0.709 0.011 0.012 0.070 0.014 0.014 0.015 
258  ZFENP59    (0)   :  0.008 0.004 0.879 0.005 0.010 0.058 0.005 0.004 0.028 
259  ZFENP60    (0)   :  0.013 0.011 0.881 0.009 0.045 0.009 0.006 0.009 0.015 
260  ZFENP61    (0)   :  0.010 0.002 0.935 0.004 0.021 0.012 0.004 0.003 0.008 
261 ZFFDSP01    (0)   :  0.007 0.026 0.003 0.804 0.007 0.005 0.015 0.131 0.003 
262 ZFFDSP02    (0)   :  0.005 0.006 0.003 0.959 0.003 0.004 0.004 0.014 0.002 
263 ZFFDSP04    (0)   :  0.006 0.012 0.002 0.948 0.005 0.004 0.003 0.018 0.002 
264 ZFFDSP05    (0)   :  0.007 0.010 0.004 0.537 0.004 0.004 0.006 0.425 0.003 
265 ZFFDSP06    (0)   :  0.005 0.011 0.003 0.948 0.003 0.006 0.003 0.018 0.002 
266 ZFFDSP07    (0)   :  0.009 0.022 0.005 0.930 0.003 0.015 0.004 0.007 0.004 
267 ZFFDSP08    (0)   :  0.009 0.064 0.004 0.853 0.003 0.012 0.011 0.039 0.004 
268 ZFFDSP10    (0)   :  0.007 0.014 0.004 0.913 0.004 0.005 0.005 0.046 0.003 
269 ZFFDSP11    (0)   :  0.008 0.008 0.003 0.904 0.004 0.004 0.003 0.062 0.004 
270 ZFFDSP12    (0)   :  0.003 0.008 0.003 0.962 0.003 0.004 0.005 0.010 0.003 
271 ZFFDSP13    (0)   :  0.008 0.005 0.005 0.039 0.004 0.008 0.012 0.916 0.004 
272 ZFFDSP14    (0)   :  0.006 0.015 0.004 0.951 0.003 0.007 0.004 0.006 0.003 
273 ZFFDSP16    (0)   :  0.008 0.004 0.006 0.934 0.007 0.007 0.014 0.017 0.004 
274 ZFFDSP17    (0)   :  0.007 0.009 0.004 0.947 0.004 0.005 0.004 0.017 0.002 
275 ZFFDSP18    (0)   :  0.005 0.015 0.003 0.948 0.007 0.006 0.005 0.010 0.002 
276 ZFFDSP19    (0)   :  0.004 0.018 0.003 0.756 0.005 0.021 0.139 0.050 0.003 
277 ZFFDSP21    (0)   :  0.004 0.011 0.004 0.509 0.005 0.017 0.068 0.379 0.002 
278 ZFFDSP22    (0)   :  0.006 0.066 0.003 0.896 0.003 0.006 0.004 0.014 0.002 
279 ZFFDSP23    (0)   :  0.005 0.172 0.003 0.632 0.003 0.005 0.009 0.168 0.002 
280 ZFFDSP24    (0)   :  0.006 0.007 0.004 0.567 0.005 0.006 0.012 0.391 0.003 
281 ZFFDSP26    (9)   :  0.005 0.016 0.003 0.706 0.004 0.005 0.006 0.252 0.003 
282 ZFFDSP27    (0)   :  0.004 0.007 0.003 0.933 0.005 0.004 0.009 0.032 0.003 
283 ZFFDSP28    (0)   :  0.020 0.011 0.011 0.799 0.053 0.011 0.005 0.070 0.020 
284 ZFFDSP30    (0)   :  0.010 0.009 0.005 0.325 0.020 0.008 0.033 0.583 0.007 
285 ZFFDSP31    (0)   :  0.005 0.005 0.004 0.946 0.004 0.006 0.007 0.020 0.002 
286 ZFFDSP32    (0)   :  0.005 0.006 0.003 0.956 0.003 0.004 0.005 0.016 0.003 
287 ZFFDSP33    (0)   :  0.003 0.006 0.003 0.949 0.003 0.003 0.005 0.026 0.003 
288 ZFFDSP34    (0)   :  0.005 0.009 0.003 0.950 0.003 0.007 0.005 0.016 0.002 
289 ZFFDSP35    (0)   :  0.005 0.008 0.003 0.551 0.005 0.004 0.006 0.415 0.003 
290 ZFFDSP37    (0)   :  0.004 0.004 0.003 0.947 0.004 0.004 0.006 0.025 0.002 
291 ZFFDSP38    (0)   :  0.004 0.005 0.003 0.958 0.005 0.004 0.006 0.012 0.003 
292 ZFFDSP39    (0)   :  0.003 0.009 0.003 0.196 0.003 0.003 0.007 0.774 0.002 
293 ZFFDSP40    (0)   :  0.004 0.005 0.003 0.433 0.005 0.004 0.008 0.536 0.003 
294 ZFFDSP42    (0)   :  0.005 0.076 0.003 0.787 0.004 0.005 0.011 0.105 0.002 
295 ZFFDSP43    (0)   :  0.004 0.010 0.003 0.924 0.004 0.004 0.011 0.039 0.002 
296 ZFFDSP44    (0)   :  0.005 0.006 0.003 0.748 0.005 0.004 0.010 0.217 0.003 
297 ZFFDSP45    (0)   :  0.005 0.005 0.003 0.932 0.004 0.005 0.008 0.035 0.002 
298 ZFFDSP46    (0)   :  0.005 0.012 0.004 0.875 0.004 0.005 0.009 0.084 0.002 
299 ZFFDSP47    (0)   :  0.005 0.013 0.003 0.200 0.004 0.003 0.012 0.757 0.003 
300 ZFFDSP48    (0)   :  0.004 0.005 0.003 0.304 0.004 0.004 0.013 0.659 0.003 
301    ZFI01    (0)   :  0.007 0.003 0.010 0.004 0.934 0.008 0.008 0.004 0.021 
302    ZFI02    (0)   :  0.006 0.004 0.005 0.005 0.953 0.003 0.009 0.005 0.010 
303    ZFI03    (0)   :  0.006 0.003 0.005 0.003 0.962 0.005 0.008 0.004 0.004 
304    ZFI04    (0)   :  0.007 0.003 0.006 0.004 0.949 0.004 0.006 0.004 0.016 
305    ZFI05    (0)   :  0.005 0.003 0.008 0.004 0.941 0.004 0.023 0.006 0.005 
306    ZFI06    (0)   :  0.006 0.003 0.011 0.009 0.887 0.003 0.053 0.017 0.010 
307    ZFI07    (0)   :  0.006 0.002 0.005 0.004 0.965 0.005 0.005 0.004 0.005 
308    ZFI08    (0)   :  0.009 0.003 0.010 0.003 0.956 0.005 0.004 0.003 0.008 
309    ZFI09    (0)   :  0.005 0.003 0.007 0.004 0.960 0.004 0.006 0.004 0.008 
310    ZFI10    (0)   :  0.007 0.004 0.009 0.005 0.880 0.004 0.072 0.008 0.011 
311    ZFI11    (0)   :  0.005 0.003 0.006 0.003 0.954 0.004 0.007 0.004 0.014 
312    ZFI12    (0)   :  0.008 0.003 0.005 0.004 0.954 0.005 0.013 0.005 0.004 
313    ZFI13    (0)   :  0.005 0.002 0.007 0.004 0.959 0.006 0.007 0.004 0.006 
314    ZFI14    (0)   :  0.003 0.003 0.004 0.009 0.955 0.005 0.007 0.009 0.005 
315    ZFI15    (0)   :  0.004 0.002 0.006 0.003 0.968 0.004 0.005 0.004 0.004 
316    ZFI16    (0)   :  0.004 0.002 0.004 0.003 0.970 0.004 0.006 0.004 0.003 
317    ZFI17    (0)   :  0.006 0.003 0.006 0.003 0.956 0.004 0.011 0.005 0.007 
318    ZFI18    (0)   :  0.004 0.002 0.007 0.003 0.965 0.003 0.006 0.004 0.007 
319    ZFI19    (9)   :  0.006 0.002 0.005 0.003 0.966 0.004 0.006 0.004 0.005 
320    ZFI20    (0)   :  0.005 0.003 0.005 0.005 0.965 0.004 0.005 0.005 0.005 
321    ZFI21    (0)   :  0.004 0.003 0.004 0.014 0.938 0.004 0.011 0.018 0.004 
322    ZFI22    (0)   :  0.005 0.004 0.005 0.005 0.959 0.006 0.004 0.004 0.009 
323    ZFI23    (0)   :  0.005 0.002 0.005 0.003 0.965 0.004 0.007 0.004 0.004 
324    ZFI24    (0)   :  0.007 0.003 0.005 0.004 0.954 0.006 0.012 0.005 0.004 
325    ZFI25    (0)   :  0.005 0.004 0.006 0.005 0.962 0.005 0.005 0.004 0.004 
326    ZFI26    (0)   :  0.005 0.003 0.006 0.003 0.965 0.007 0.004 0.004 0.004 
327    ZFI27    (0)   :  0.011 0.003 0.007 0.004 0.918 0.005 0.041 0.007 0.005 
328    ZFK01    (0)   :  0.010 0.007 0.012 0.008 0.005 0.921 0.014 0.011 0.012 
329    ZFK02    (0)   :  0.013 0.006 0.011 0.009 0.006 0.926 0.012 0.009 0.007 
330    ZFK03    (0)   :  0.011 0.006 0.009 0.009 0.006 0.922 0.008 0.008 0.021 
331    ZFK04    (0)   :  0.011 0.005 0.018 0.008 0.013 0.842 0.008 0.008 0.087 
332    ZFK05    (0)   :  0.006 0.004 0.016 0.005 0.009 0.768 0.011 0.005 0.175 
333    ZFK06    (0)   :  0.012 0.004 0.033 0.007 0.019 0.901 0.007 0.006 0.012 
334    ZFK07    (0)   :  0.015 0.009 0.009 0.008 0.004 0.918 0.008 0.010 0.020 
335    ZFK08    (0)   :  0.058 0.006 0.044 0.010 0.016 0.694 0.004 0.008 0.159 
336    ZFK10    (0)   :  0.011 0.005 0.014 0.008 0.016 0.908 0.007 0.006 0.024 
337    ZFK11    (0)   :  0.010 0.004 0.022 0.007 0.007 0.882 0.008 0.007 0.051 
338    ZFK12    (0)   :  0.038 0.013 0.010 0.010 0.003 0.896 0.005 0.015 0.008 
339    ZFK13    (0)   :  0.015 0.014 0.010 0.042 0.004 0.830 0.008 0.039 0.039 
340    ZFK14    (0)   :  0.007 0.011 0.005 0.013 0.004 0.924 0.009 0.013 0.014 
341    ZFK15    (0)   :  0.016 0.009 0.016 0.047 0.006 0.713 0.010 0.029 0.154 
342    ZFK16    (0)   :  0.015 0.012 0.009 0.021 0.003 0.902 0.008 0.016 0.014 
343   ZFLB01    (0)   :  0.004 0.004 0.005 0.009 0.007 0.003 0.005 0.010 0.953 
344   ZFLB02    (0)   :  0.010 0.005 0.104 0.004 0.033 0.003 0.003 0.004 0.833 
345   ZFLB03    (0)   :  0.009 0.006 0.114 0.005 0.009 0.006 0.076 0.010 0.765 
346   ZFLB04    (0)   :  0.004 0.005 0.007 0.015 0.009 0.006 0.221 0.038 0.695 
347   ZFLB05    (0)   :  0.005 0.002 0.007 0.006 0.009 0.003 0.019 0.010 0.939 
348   ZFLB06    (0)   :  0.004 0.004 0.008 0.006 0.003 0.009 0.006 0.005 0.955 
349   ZFLB07    (0)   :  0.019 0.010 0.071 0.018 0.005 0.020 0.149 0.044 0.664 
350   ZFLB08    (0)   :  0.012 0.005 0.053 0.005 0.028 0.004 0.006 0.005 0.881 
351   ZFLB09    (9)   :  0.004 0.003 0.006 0.005 0.005 0.006 0.004 0.005 0.962 
352   ZFLB10    (0)   :  0.003 0.002 0.005 0.004 0.005 0.004 0.009 0.005 0.963 
353   ZFLB11    (0)   :  0.007 0.008 0.006 0.006 0.003 0.014 0.004 0.007 0.945 
354   ZFLB12    (0)   :  0.004 0.002 0.007 0.003 0.004 0.005 0.003 0.003 0.967 
355   ZFLB13    (0)   :  0.014 0.004 0.032 0.009 0.005 0.012 0.009 0.016 0.899 
356  ZFLTI01    (0)   :  0.008 0.010 0.004 0.017 0.004 0.027 0.009 0.918 0.002 
357  ZFLTI02    (0)   :  0.008 0.011 0.004 0.015 0.004 0.064 0.036 0.854 0.002 
358  ZFLTI03    (0)   :  0.006 0.009 0.003 0.008 0.003 0.010 0.014 0.945 0.002 
359  ZFLTI04    (0)   :  0.007 0.006 0.005 0.012 0.006 0.012 0.022 0.928 0.003 
360  ZFLTI05    (0)   :  0.004 0.005 0.003 0.008 0.004 0.008 0.020 0.945 0.002 
361  ZFLTI06    (0)   :  0.004 0.009 0.003 0.011 0.004 0.005 0.006 0.956 0.002 
362  ZFLTI07    (0)   :  0.005 0.004 0.003 0.010 0.005 0.006 0.007 0.958 0.002 
363  ZFLTI08    (0)   :  0.008 0.004 0.005 0.008 0.008 0.006 0.020 0.939 0.002 
364  ZFLTI09    (0)   :  0.005 0.004 0.003 0.015 0.007 0.006 0.008 0.949 0.003 
365  ZFLTI10    (0)   :  0.004 0.004 0.004 0.021 0.005 0.011 0.006 0.944 0.002 
366  ZFLTI11    (0)   :  0.005 0.016 0.003 0.014 0.004 0.008 0.010 0.938 0.003 
367  ZFLTI12    (0)   :  0.005 0.014 0.003 0.014 0.004 0.018 0.010 0.929 0.002 
368  ZFLTI13    (0)   :  0.009 0.011 0.005 0.010 0.005 0.021 0.048 0.889 0.002 
369  ZFLTI14    (0)   :  0.005 0.005 0.005 0.049 0.006 0.085 0.185 0.657 0.002 
370 ZFONF101    (0)   :  0.003 0.006 0.002 0.971 0.003 0.002 0.003 0.007 0.003 
371 ZFONF102    (0)   :  0.004 0.021 0.007 0.941 0.004 0.003 0.003 0.006 0.010 
372 ZFONF103    (0)   :  0.008 0.016 0.006 0.785 0.004 0.012 0.054 0.112 0.003 
373 ZFONF104    (0)   :  0.003 0.029 0.002 0.936 0.002 0.004 0.003 0.018 0.002 
374 ZFONF105    (0)   :  0.005 0.103 0.004 0.846 0.003 0.005 0.009 0.023 0.003 
375 ZFONF106    (0)   :  0.002 0.007 0.002 0.970 0.004 0.004 0.004 0.006 0.002 
376 ZFONF107    (0)   :  0.006 0.008 0.038 0.800 0.017 0.016 0.017 0.052 0.047 
377 ZFONF108    (0)   :  0.004 0.009 0.008 0.876 0.005 0.017 0.027 0.045 0.007 
378 ZFONF109    (9)   :  0.003 0.029 0.004 0.899 0.005 0.018 0.010 0.025 0.005 
379 ZFONF110    (0)   :  0.003 0.016 0.002 0.953 0.002 0.004 0.005 0.012 0.002 
380 ZFONF111    (0)   :  0.021 0.018 0.020 0.822 0.011 0.009 0.006 0.079 0.014 
381 ZFONF112    (0)   :  0.004 0.159 0.003 0.792 0.006 0.006 0.012 0.016 0.003 
382 ZFONF113    (9)   :  0.007 0.009 0.005 0.936 0.003 0.006 0.007 0.023 0.004 
383 ZFONF115    (0)   :  0.004 0.016 0.003 0.945 0.005 0.006 0.010 0.009 0.003 
384 ZFONF116    (0)   :  0.005 0.017 0.004 0.943 0.004 0.005 0.012 0.007 0.003 
385 ZFONF117    (0)   :  0.006 0.042 0.005 0.299 0.005 0.010 0.039 0.591 0.004 
386 ZFONF118    (0)   :  0.006 0.013 0.003 0.926 0.006 0.007 0.011 0.025 0.002 
387 ZFONF119    (0)   :  0.006 0.019 0.004 0.942 0.003 0.009 0.004 0.008 0.005 
388 ZFONF120    (0)   :  0.011 0.043 0.004 0.896 0.003 0.021 0.004 0.015 0.005 
389 ZFONF121    (0)   :  0.005 0.076 0.003 0.887 0.003 0.004 0.006 0.011 0.004 
390 ZFONF122    (0)   :  0.009 0.008 0.005 0.684 0.007 0.020 0.018 0.246 0.003 
391 ZFONF123    (0)   :  0.005 0.030 0.012 0.898 0.005 0.005 0.003 0.007 0.034 
392 ZFONF124    (0)   :  0.003 0.029 0.004 0.924 0.003 0.008 0.006 0.017 0.005 
393 ZFONF125    (0)   :  0.012 0.135 0.029 0.690 0.006 0.035 0.006 0.051 0.036 
394 ZFONF126    (0)   :  0.009 0.009 0.004 0.928 0.005 0.014 0.011 0.018 0.002 
395 ZFONF201    (0)   :  0.011 0.630 0.017 0.102 0.106 0.039 0.003 0.061 0.031 
396 ZFONF202    (0)   :  0.005 0.913 0.003 0.050 0.004 0.009 0.003 0.011 0.002 
397 ZFONF203    (0)   :  0.011 0.955 0.004 0.008 0.003 0.006 0.003 0.006 0.003 
398 ZFONF204    (0)   :  0.005 0.923 0.008 0.006 0.008 0.030 0.004 0.008 0.007 
399 ZFONF206    (0)   :  0.007 0.928 0.019 0.006 0.011 0.009 0.003 0.005 0.012 
400 ZFONF207    (0)   :  0.005 0.963 0.004 0.007 0.003 0.005 0.004 0.006 0.003 
401 ZFONF208    (0)   :  0.008 0.861 0.005 0.055 0.005 0.010 0.006 0.044 0.004 
402 ZFONF209    (0)   :  0.008 0.914 0.007 0.008 0.011 0.025 0.010 0.011 0.007 
403 ZFONF210    (0)   :  0.003 0.958 0.002 0.009 0.003 0.004 0.008 0.010 0.003 
404 ZFONF211    (0)   :  0.015 0.878 0.010 0.031 0.004 0.014 0.014 0.022 0.012 
405 ZFONF212    (0)   :  0.003 0.959 0.002 0.010 0.003 0.003 0.006 0.012 0.003 
406 ZFONF214    (0)   :  0.014 0.911 0.006 0.040 0.002 0.008 0.003 0.011 0.006 
407 ZFONF215    (0)   :  0.004 0.957 0.002 0.017 0.002 0.004 0.004 0.008 0.002 
408 ZFONF216    (0)   :  0.004 0.969 0.003 0.005 0.002 0.004 0.005 0.005 0.003 
409 ZFONF217    (0)   :  0.004 0.924 0.003 0.047 0.003 0.005 0.005 0.007 0.003 
410 ZFONF218    (0)   :  0.005 0.960 0.007 0.005 0.003 0.003 0.004 0.006 0.007 
411 ZFONF219    (0)   :  0.003 0.977 0.002 0.005 0.002 0.003 0.003 0.004 0.002 
412 ZFONF220    (0)   :  0.005 0.937 0.003 0.034 0.003 0.005 0.004 0.005 0.003 
413 ZFONF222    (0)   :  0.005 0.965 0.005 0.004 0.003 0.004 0.004 0.004 0.007 
414 ZFONF223    (0)   :  0.007 0.957 0.007 0.007 0.004 0.004 0.003 0.004 0.007 
415 ZFONF224    (0)   :  0.003 0.975 0.002 0.004 0.002 0.003 0.004 0.004 0.002 
416 ZFONF225    (0)   :  0.003 0.971 0.003 0.008 0.002 0.003 0.004 0.005 0.002 
417 ZFONF226    (0)   :  0.008 0.958 0.003 0.009 0.003 0.006 0.004 0.006 0.003 
418 ZFONF227    (0)   :  0.003 0.976 0.002 0.004 0.002 0.003 0.003 0.004 0.002 
419 ZFONF228    (0)   :  0.004 0.946 0.004 0.010 0.005 0.005 0.012 0.009 0.004 
420 ZFONF230    (0)   :  0.003 0.959 0.003 0.013 0.002 0.005 0.003 0.010 0.002 
421 ZFONF231    (0)   :  0.011 0.951 0.004 0.008 0.002 0.007 0.005 0.007 0.004 
422 ZFONF232    (0)   :  0.003 0.972 0.003 0.007 0.002 0.003 0.003 0.005 0.002 
423 ZFONF233    (0)   :  0.003 0.972 0.003 0.006 0.002 0.004 0.004 0.004 0.002 
424 ZFONF234    (0)   :  0.008 0.899 0.029 0.013 0.005 0.008 0.012 0.020 0.004 
425 ZFONF235    (0)   :  0.003 0.977 0.003 0.004 0.002 0.003 0.003 0.003 0.002 
426 ZFONF236    (0)   :  0.005 0.857 0.022 0.015 0.023 0.022 0.031 0.012 0.013 
427 ZFONF238    (0)   :  0.007 0.962 0.003 0.008 0.003 0.005 0.003 0.006 0.002 
428 ZFONF239    (0)   :  0.004 0.960 0.005 0.004 0.006 0.010 0.003 0.004 0.004 
429 ZFONF240    (0)   :  0.003 0.973 0.002 0.005 0.002 0.005 0.004 0.005 0.002 
430 ZFONF241    (0)   :  0.005 0.923 0.008 0.017 0.009 0.005 0.018 0.010 0.004 
431 ZFONF242    (0)   :  0.003 0.966 0.003 0.010 0.002 0.006 0.003 0.005 0.002 
432 ZFONF243    (0)   :  0.005 0.954 0.003 0.006 0.003 0.004 0.011 0.011 0.003 
433 ZFONF244    (0)   :  0.004 0.968 0.002 0.008 0.002 0.004 0.004 0.005 0.002 
434 ZFONF245    (0)   :  0.003 0.968 0.003 0.005 0.002 0.005 0.004 0.010 0.002 
435   ZFOS01    (0)   :  0.009 0.008 0.004 0.020 0.004 0.906 0.006 0.041 0.003 
436   ZFOS02    (0)   :  0.008 0.009 0.010 0.042 0.026 0.846 0.012 0.042 0.007 
437   ZFOS03    (0)   :  0.010 0.005 0.008 0.011 0.010 0.917 0.003 0.013 0.023 
438   ZFOS04    (0)   :  0.006 0.006 0.009 0.080 0.020 0.771 0.012 0.092 0.004 
439   ZFOS05    (0)   :  0.008 0.011 0.007 0.037 0.007 0.881 0.015 0.032 0.003 
440   ZFOS06    (0)   :  0.011 0.014 0.007 0.013 0.006 0.908 0.020 0.017 0.006 
441   ZFOS07    (0)   :  0.004 0.004 0.004 0.007 0.017 0.948 0.004 0.006 0.004 
442   ZFOS08    (0)   :  0.004 0.006 0.005 0.017 0.026 0.914 0.009 0.015 0.003 
443   ZFOS09    (0)   :  0.013 0.009 0.019 0.073 0.023 0.729 0.005 0.117 0.013 
444   ZFOS10    (0)   :  0.004 0.002 0.017 0.003 0.022 0.927 0.008 0.005 0.012 
445   ZFOS11    (0)   :  0.014 0.008 0.082 0.015 0.016 0.694 0.057 0.110 0.005 
446   ZFOS12    (0)   :  0.134 0.009 0.068 0.022 0.034 0.649 0.026 0.027 0.031 
447   ZFOS13    (0)   :  0.015 0.005 0.006 0.015 0.012 0.918 0.008 0.017 0.005 
448   ZFOS14    (0)   :  0.050 0.006 0.021 0.010 0.107 0.706 0.037 0.048 0.015 
449   ZFOS15    (0)   :  0.003 0.003 0.005 0.004 0.006 0.967 0.006 0.004 0.003 
450   ZFOS16    (0)   :  0.006 0.008 0.009 0.038 0.015 0.852 0.021 0.043 0.008 
451   ZFOS17    (0)   :  0.007 0.005 0.005 0.004 0.007 0.957 0.005 0.005 0.006 
452   ZFOS18    (0)   :  0.004 0.003 0.010 0.005 0.008 0.946 0.011 0.007 0.006 
453   ZFOS19    (0)   :  0.009 0.004 0.005 0.003 0.003 0.961 0.004 0.005 0.004 
454   ZFOS20    (0)   :  0.004 0.008 0.007 0.007 0.008 0.947 0.008 0.006 0.005 
455   ZFOS21    (0)   :  0.004 0.005 0.004 0.016 0.007 0.925 0.011 0.022 0.006 
456   ZFOS22    (0)   :  0.010 0.006 0.005 0.005 0.003 0.952 0.006 0.009 0.004 
457   ZFOS23    (0)   :  0.016 0.002 0.039 0.003 0.177 0.739 0.007 0.003 0.014 
458   ZFOS24    (0)   :  0.004 0.003 0.006 0.003 0.004 0.958 0.012 0.007 0.004 
459   ZFOS25    (0)   :  0.023 0.017 0.014 0.014 0.015 0.476 0.068 0.368 0.005 
460   ZFOS26    (0)   :  0.007 0.007 0.016 0.101 0.017 0.426 0.028 0.393 0.005 
461   ZFOS27    (0)   :  0.004 0.008 0.005 0.030 0.007 0.899 0.019 0.022 0.006 
462   ZFOS28    (0)   :  0.007 0.003 0.011 0.008 0.015 0.919 0.009 0.016 0.012 
463   ZFOS29    (0)   :  0.004 0.010 0.006 0.010 0.008 0.929 0.012 0.010 0.011 
