

----------------------------------------------------
STRUCTURE by Pritchard, Stephens and Donnelly (2000)
     and Falush, Stephens and Pritchard (2003)
       Code by Pritchard, Falush and Hubisz
             Version 2.3.4 (Jul 2012)
----------------------------------------------------



Command line arguments:   bin\structure -m C:\Users\eschumacher\Documents\GitHub\GCC_QUAC_ZAIN\Data_Files\Structure_Files\ZAIN\ZAIN_wild_rebinned_nopopinfo\50-50\mainparams -e C:\Users\eschumacher\Documents\GitHub\GCC_QUAC_ZAIN\Data_Files\Structure_Files\ZAIN\ZAIN_wild_rebinned_nopopinfo\50-50\extraparams 
Input File:    C:\Users\eschumacher\Documents\GitHub\GCC_QUAC_ZAIN\Data_Files\Structure_Files\ZAIN\ZAIN_wild_rebinned_nopopinfo\project_data

Run parameters:
   751 individuals
   11 loci
   15 populations assumed
   50000 Burn-in period
   50000 Reps


--------------------------------------------
Overall proportion of membership of the
sample in each of the 15 clusters

Inferred Clusters
  1      2      3      4      5      6      7      8      9     10     11     12     13     14     15    
0.060  0.089  0.058  0.092  0.058  0.050  0.066  0.058  0.085  0.050  0.072  0.032  0.073  0.072  0.083  

--------------------------------------------

Allele-freq. divergence among pops (Net nucleotide distance),
computed using point estimates of P.

      1       2       3       4       5       6       7       8       9      10      11      12      13      14      15      
 1      -    0.3803  0.2046  0.1365  0.1916  0.4673  0.2995  0.3629  0.2137  0.1138  0.1630  0.2858  0.1312  0.3955  0.2860  
 2   0.3803     -    0.1009  0.2672  0.2300  0.3138  0.3001  0.1541  0.2253  0.2788  0.2742  0.2629  0.2586  0.1043  0.1377  
 3   0.2046  0.1009     -    0.1500  0.1218  0.2664  0.2620  0.1365  0.1285  0.1643  0.1679  0.1883  0.1402  0.1191  0.0717  
 4   0.1365  0.2672  0.1500     -    0.1306  0.3782  0.1341  0.3113  0.1764  0.1153  0.0746  0.1945  0.0764  0.2841  0.1668  
 5   0.1916  0.2300  0.1218  0.1306     -    0.3801  0.2560  0.2422  0.1942  0.2124  0.2212  0.1895  0.1573  0.2094  0.1199  
 6   0.4673  0.3138  0.2664  0.3782  0.3801     -    0.4579  0.2236  0.3585  0.4023  0.4274  0.3252  0.3652  0.3690  0.1841  
 7   0.2995  0.3001  0.2620  0.1341  0.2560  0.4579     -    0.3796  0.2054  0.2389  0.2738  0.2484  0.2684  0.3114  0.2036  
 8   0.3629  0.1541  0.1365  0.3113  0.2422  0.2236  0.3796     -    0.2733  0.3109  0.3516  0.2409  0.2922  0.1766  0.1442  
 9   0.2137  0.2253  0.1285  0.1764  0.1942  0.3585  0.2054  0.2733     -    0.2171  0.2707  0.2017  0.2201  0.1908  0.1617  
10   0.1138  0.2788  0.1643  0.1153  0.2124  0.4023  0.2389  0.3109  0.2171     -    0.0921  0.2061  0.0785  0.2977  0.2116  
11   0.1630  0.2742  0.1679  0.0746  0.2212  0.4274  0.2738  0.3516  0.2707  0.0921     -    0.2628  0.0384  0.3225  0.2469  
12   0.2858  0.2629  0.1883  0.1945  0.1895  0.3252  0.2484  0.2409  0.2017  0.2061  0.2628     -    0.2039  0.2822  0.1603  
13   0.1312  0.2586  0.1402  0.0764  0.1573  0.3652  0.2684  0.2922  0.2201  0.0785  0.0384  0.2039     -    0.2728  0.2046  
14   0.3955  0.1043  0.1191  0.2841  0.2094  0.3690  0.3114  0.1766  0.1908  0.2977  0.3225  0.2822  0.2728     -    0.1248  
15   0.2860  0.1377  0.0717  0.1668  0.1199  0.1841  0.2036  0.1442  0.1617  0.2116  0.2469  0.1603  0.2046  0.1248     -    

Average distances (expected heterozygosity) between individuals in same cluster:
cluster  1  : 0.3571 
cluster  2  : 0.4656 
cluster  3  : 0.6116 
cluster  4  : 0.4246 
cluster  5  : 0.3832 
cluster  6  : 0.2481 
cluster  7  : 0.2213 
cluster  8  : 0.3750 
cluster  9  : 0.3860 
cluster 10  : 0.3973 
cluster 11  : 0.3195 
cluster 12  : 0.2409 
cluster 13  : 0.3863 
cluster 14  : 0.3076 
cluster 15  : 0.5293 

--------------------------------------------
Estimated Ln Prob of Data   = -12953.7
Mean value of ln likelihood = -12421.6
Variance of ln likelihood   = 1064.3
Mean value of alpha         = 0.0319

Mean value of Fst_1         = 0.4455
Mean value of Fst_2         = 0.4706
Mean value of Fst_3         = 0.1481
Mean value of Fst_4         = 0.4243
Mean value of Fst_5         = 0.4349
Mean value of Fst_6         = 0.6431
Mean value of Fst_7         = 0.6787
Mean value of Fst_8         = 0.5598
Mean value of Fst_9         = 0.4157
Mean value of Fst_10         = 0.3900
Mean value of Fst_11         = 0.4776
Mean value of Fst_12         = 0.6410
Mean value of Fst_13         = 0.3871
Mean value of Fst_14         = 0.5189
Mean value of Fst_15         = 0.1650


Inferred ancestry of individuals:
        Label (%Miss) :  Inferred clusters
  1    ZFB01    (0)   :  0.003 0.944 0.004 0.003 0.003 0.005 0.003 0.007 0.004 0.003 0.004 0.002 0.004 0.009 0.003 
  2    ZFB02    (0)   :  0.003 0.818 0.027 0.002 0.004 0.014 0.002 0.080 0.011 0.003 0.003 0.007 0.004 0.013 0.007 
  3    ZFB03    (0)   :  0.002 0.858 0.016 0.012 0.010 0.003 0.017 0.008 0.006 0.004 0.013 0.005 0.010 0.019 0.017 
  4    ZFB04    (0)   :  0.002 0.879 0.013 0.003 0.003 0.013 0.002 0.048 0.006 0.002 0.004 0.009 0.005 0.006 0.004 
  5    ZFB05    (0)   :  0.010 0.691 0.008 0.005 0.027 0.089 0.009 0.052 0.008 0.003 0.002 0.039 0.004 0.010 0.044 
  6    ZFB06    (0)   :  0.011 0.767 0.007 0.005 0.022 0.073 0.008 0.023 0.007 0.002 0.002 0.018 0.004 0.009 0.040 
  7    ZFB07    (9)   :  0.007 0.783 0.015 0.005 0.015 0.011 0.004 0.007 0.004 0.004 0.009 0.006 0.005 0.085 0.040 
  8    ZFB08    (0)   :  0.008 0.855 0.011 0.008 0.022 0.003 0.005 0.013 0.006 0.009 0.009 0.009 0.008 0.026 0.006 
  9    ZFB09    (0)   :  0.002 0.949 0.006 0.002 0.004 0.003 0.003 0.005 0.004 0.002 0.003 0.003 0.003 0.008 0.003 
 10    ZFB10    (0)   :  0.006 0.891 0.013 0.007 0.004 0.004 0.002 0.008 0.004 0.008 0.025 0.007 0.013 0.004 0.004 
 11    ZFB11    (0)   :  0.003 0.937 0.006 0.003 0.003 0.010 0.002 0.005 0.004 0.004 0.006 0.004 0.005 0.004 0.003 
 12    ZFB12    (0)   :  0.003 0.874 0.013 0.005 0.018 0.021 0.004 0.021 0.004 0.005 0.005 0.003 0.008 0.005 0.012 
 13    ZFB13    (0)   :  0.008 0.863 0.021 0.008 0.012 0.003 0.005 0.014 0.004 0.012 0.012 0.014 0.010 0.007 0.006 
 14    ZFB14    (0)   :  0.003 0.942 0.008 0.003 0.004 0.003 0.003 0.005 0.004 0.004 0.005 0.004 0.004 0.005 0.003 
 15    ZFB15    (0)   :  0.002 0.949 0.004 0.002 0.003 0.005 0.002 0.010 0.002 0.002 0.002 0.003 0.002 0.007 0.003 
 16    ZFB16    (0)   :  0.004 0.904 0.011 0.005 0.009 0.005 0.003 0.016 0.003 0.006 0.008 0.011 0.006 0.005 0.005 
 17    ZFB17    (0)   :  0.008 0.835 0.017 0.008 0.024 0.021 0.002 0.010 0.013 0.004 0.007 0.026 0.012 0.005 0.008 
 18    ZFB18    (0)   :  0.002 0.954 0.007 0.002 0.003 0.003 0.002 0.003 0.004 0.003 0.004 0.003 0.003 0.004 0.003 
 19    ZFB19    (0)   :  0.009 0.437 0.318 0.017 0.032 0.005 0.006 0.009 0.004 0.012 0.055 0.005 0.024 0.032 0.035 
 20    ZFB20    (0)   :  0.005 0.870 0.012 0.005 0.008 0.014 0.002 0.031 0.003 0.005 0.007 0.020 0.008 0.005 0.005 
 21    ZFB21    (0)   :  0.002 0.948 0.003 0.002 0.003 0.006 0.003 0.008 0.003 0.002 0.002 0.003 0.002 0.006 0.006 
 22    ZFB22    (0)   :  0.008 0.875 0.011 0.009 0.010 0.021 0.002 0.021 0.006 0.004 0.008 0.005 0.009 0.005 0.007 
 23    ZFB23    (0)   :  0.002 0.937 0.005 0.003 0.003 0.013 0.003 0.006 0.003 0.004 0.005 0.006 0.004 0.003 0.004 
 24    ZFB24    (0)   :  0.002 0.932 0.004 0.003 0.003 0.015 0.003 0.009 0.003 0.004 0.005 0.006 0.004 0.005 0.003 
 25    ZFB25    (0)   :  0.003 0.937 0.004 0.004 0.003 0.005 0.003 0.003 0.004 0.004 0.015 0.003 0.007 0.004 0.003 
 26    ZFB26    (0)   :  0.003 0.908 0.003 0.004 0.003 0.027 0.003 0.006 0.004 0.006 0.009 0.010 0.006 0.004 0.005 
 27    ZFB27    (0)   :  0.002 0.902 0.004 0.003 0.002 0.051 0.002 0.006 0.003 0.003 0.005 0.003 0.004 0.005 0.004 
 28    ZFB28    (0)   :  0.003 0.773 0.013 0.004 0.011 0.121 0.004 0.013 0.007 0.005 0.005 0.009 0.007 0.005 0.021 
 29    ZFB29    (0)   :  0.002 0.935 0.009 0.002 0.003 0.008 0.002 0.008 0.005 0.003 0.003 0.008 0.003 0.004 0.004 
 30    ZFB30    (0)   :  0.012 0.631 0.008 0.005 0.015 0.199 0.006 0.007 0.003 0.004 0.004 0.004 0.003 0.024 0.074 
 31    ZFB31    (0)   :  0.004 0.920 0.009 0.004 0.003 0.006 0.003 0.004 0.005 0.006 0.014 0.003 0.008 0.005 0.004 
 32    ZFB32    (0)   :  0.004 0.765 0.013 0.007 0.034 0.058 0.006 0.017 0.016 0.008 0.007 0.021 0.015 0.007 0.023 
 33    ZFB33    (0)   :  0.002 0.951 0.004 0.002 0.002 0.006 0.002 0.008 0.003 0.002 0.003 0.003 0.002 0.005 0.003 
 34    ZFB34    (0)   :  0.002 0.935 0.006 0.003 0.004 0.003 0.003 0.005 0.007 0.003 0.004 0.004 0.003 0.015 0.004 
 35    ZFB35    (0)   :  0.003 0.924 0.004 0.004 0.004 0.005 0.004 0.011 0.004 0.004 0.005 0.005 0.005 0.014 0.004 
 36  ZFBP101    (0)   :  0.039 0.009 0.012 0.222 0.012 0.003 0.019 0.009 0.056 0.057 0.153 0.100 0.298 0.005 0.007 
 37  ZFBP102    (0)   :  0.017 0.011 0.013 0.219 0.007 0.003 0.004 0.014 0.009 0.112 0.211 0.031 0.333 0.005 0.011 
 38  ZFBP103    (0)   :  0.010 0.007 0.010 0.451 0.006 0.002 0.034 0.008 0.119 0.009 0.230 0.040 0.064 0.003 0.006 
 39  ZFBP104    (0)   :  0.007 0.014 0.016 0.190 0.031 0.003 0.008 0.010 0.004 0.020 0.629 0.005 0.034 0.018 0.013 
 40  ZFBP105    (0)   :  0.006 0.007 0.008 0.080 0.009 0.005 0.016 0.005 0.005 0.391 0.263 0.008 0.183 0.006 0.009 
 41  ZFBP106    (0)   :  0.011 0.003 0.003 0.041 0.005 0.003 0.018 0.003 0.006 0.075 0.667 0.013 0.145 0.003 0.003 
 42  ZFBP107    (0)   :  0.004 0.008 0.007 0.132 0.009 0.036 0.019 0.007 0.007 0.149 0.501 0.053 0.042 0.005 0.022 
 43  ZFBP108    (0)   :  0.005 0.003 0.003 0.008 0.003 0.003 0.006 0.002 0.003 0.027 0.752 0.004 0.175 0.003 0.003 
 44  ZFBP109    (0)   :  0.005 0.003 0.006 0.037 0.004 0.002 0.006 0.002 0.005 0.137 0.308 0.004 0.466 0.012 0.003 
 45  ZFBP110    (0)   :  0.005 0.036 0.047 0.112 0.010 0.003 0.096 0.008 0.021 0.043 0.071 0.036 0.485 0.008 0.020 
 46  ZFBP111    (0)   :  0.138 0.002 0.003 0.200 0.015 0.004 0.012 0.003 0.004 0.042 0.168 0.005 0.397 0.003 0.005 
 47  ZFBP112    (0)   :  0.040 0.003 0.004 0.014 0.005 0.005 0.007 0.004 0.008 0.018 0.055 0.011 0.821 0.003 0.004 
 48  ZFBP113    (0)   :  0.004 0.003 0.004 0.008 0.006 0.004 0.003 0.003 0.002 0.006 0.601 0.003 0.346 0.003 0.004 
 49  ZFBP114    (0)   :  0.006 0.003 0.003 0.069 0.003 0.007 0.004 0.003 0.004 0.711 0.090 0.011 0.074 0.005 0.006 
 50  ZFBP115    (0)   :  0.012 0.002 0.004 0.812 0.007 0.003 0.015 0.003 0.007 0.049 0.035 0.008 0.035 0.002 0.004 
 51  ZFBP116    (0)   :  0.006 0.002 0.003 0.020 0.009 0.004 0.005 0.003 0.004 0.013 0.724 0.005 0.193 0.003 0.005 
 52  ZFBP117    (0)   :  0.009 0.003 0.006 0.021 0.005 0.003 0.009 0.002 0.014 0.171 0.609 0.008 0.131 0.004 0.005 
 53  ZFBP118    (0)   :  0.011 0.004 0.003 0.052 0.004 0.014 0.004 0.004 0.004 0.379 0.428 0.022 0.058 0.003 0.010 
 54  ZFBP119    (0)   :  0.020 0.003 0.008 0.245 0.025 0.002 0.013 0.003 0.026 0.543 0.058 0.012 0.031 0.004 0.005 
 55  ZFBP120    (0)   :  0.006 0.008 0.007 0.107 0.011 0.005 0.018 0.005 0.004 0.190 0.402 0.007 0.217 0.007 0.007 
 56  ZFBP121    (0)   :  0.005 0.006 0.007 0.018 0.005 0.003 0.009 0.003 0.009 0.338 0.231 0.009 0.346 0.007 0.005 
 57  ZFBP122    (9)   :  0.012 0.003 0.004 0.021 0.007 0.003 0.006 0.003 0.004 0.025 0.428 0.005 0.471 0.004 0.003 
 58  ZFBP123    (0)   :  0.011 0.003 0.004 0.010 0.007 0.004 0.006 0.004 0.007 0.008 0.027 0.021 0.883 0.003 0.004 
 59  ZFBP124    (0)   :  0.004 0.005 0.005 0.023 0.004 0.004 0.006 0.004 0.005 0.267 0.166 0.010 0.474 0.018 0.004 
 60  ZFBP125    (0)   :  0.015 0.002 0.003 0.022 0.004 0.003 0.008 0.002 0.006 0.090 0.810 0.006 0.024 0.002 0.003 
 61  ZFBP126    (0)   :  0.006 0.007 0.023 0.014 0.013 0.003 0.003 0.013 0.010 0.008 0.573 0.017 0.295 0.004 0.010 
 62  ZFBP127    (0)   :  0.005 0.003 0.003 0.108 0.003 0.003 0.090 0.002 0.019 0.030 0.300 0.007 0.417 0.003 0.005 
 63  ZFBP128    (0)   :  0.036 0.003 0.004 0.019 0.004 0.002 0.017 0.002 0.019 0.014 0.747 0.008 0.118 0.004 0.002 
 64  ZFBP129    (0)   :  0.146 0.005 0.008 0.009 0.006 0.003 0.008 0.003 0.012 0.280 0.314 0.009 0.183 0.010 0.005 
 65  ZFBP130    (0)   :  0.068 0.002 0.004 0.039 0.010 0.004 0.012 0.003 0.032 0.077 0.609 0.010 0.124 0.002 0.003 
 66  ZFBP131    (0)   :  0.004 0.003 0.004 0.005 0.005 0.003 0.003 0.003 0.003 0.058 0.468 0.003 0.429 0.003 0.003 
 67  ZFBP132    (0)   :  0.004 0.005 0.005 0.016 0.003 0.004 0.020 0.002 0.004 0.169 0.370 0.004 0.388 0.003 0.003 
 68  ZFBP133    (0)   :  0.031 0.002 0.004 0.007 0.005 0.002 0.003 0.002 0.006 0.008 0.218 0.003 0.704 0.003 0.002 
 69  ZFBP134    (0)   :  0.009 0.004 0.005 0.683 0.010 0.003 0.008 0.003 0.022 0.013 0.047 0.003 0.183 0.003 0.003 
 70  ZFBP135    (0)   :  0.014 0.010 0.021 0.039 0.006 0.002 0.021 0.006 0.183 0.042 0.445 0.068 0.132 0.005 0.005 
 71  ZFBP136    (0)   :  0.040 0.003 0.005 0.097 0.007 0.007 0.017 0.004 0.032 0.029 0.072 0.105 0.576 0.003 0.004 
 72  ZFBP201    (0)   :  0.004 0.004 0.004 0.006 0.005 0.004 0.006 0.003 0.004 0.005 0.017 0.004 0.927 0.004 0.004 
 73  ZFBP202    (0)   :  0.011 0.005 0.005 0.039 0.007 0.003 0.016 0.003 0.005 0.077 0.403 0.007 0.404 0.009 0.005 
 74  ZFBP203    (0)   :  0.012 0.005 0.011 0.011 0.020 0.039 0.005 0.016 0.004 0.014 0.048 0.007 0.784 0.005 0.021 
 75  ZFBP204    (0)   :  0.027 0.004 0.008 0.140 0.013 0.007 0.029 0.004 0.015 0.343 0.143 0.047 0.211 0.004 0.006 
 76  ZFBP205    (0)   :  0.007 0.002 0.005 0.022 0.005 0.004 0.003 0.003 0.005 0.134 0.015 0.008 0.782 0.003 0.003 
 77  ZFBP206    (0)   :  0.012 0.003 0.003 0.006 0.008 0.004 0.005 0.004 0.005 0.006 0.014 0.012 0.912 0.004 0.003 
 78  ZFBP207    (0)   :  0.008 0.005 0.008 0.165 0.006 0.005 0.125 0.003 0.013 0.579 0.010 0.008 0.057 0.004 0.004 
 79  ZFBP208    (0)   :  0.004 0.002 0.003 0.006 0.007 0.006 0.003 0.004 0.003 0.006 0.008 0.007 0.932 0.003 0.004 
 80  ZFBP209    (0)   :  0.057 0.002 0.004 0.006 0.005 0.002 0.003 0.002 0.008 0.016 0.291 0.003 0.594 0.003 0.002 
 81  ZFBP210    (0)   :  0.005 0.003 0.003 0.006 0.006 0.005 0.005 0.004 0.003 0.007 0.008 0.004 0.932 0.004 0.004 
 82  ZFBP211    (0)   :  0.005 0.007 0.004 0.012 0.006 0.003 0.011 0.003 0.004 0.582 0.233 0.008 0.112 0.007 0.004 
 83  ZFBP212    (0)   :  0.006 0.008 0.004 0.064 0.004 0.004 0.057 0.003 0.003 0.053 0.479 0.003 0.307 0.004 0.004 
 84  ZFBP213    (0)   :  0.007 0.004 0.004 0.007 0.010 0.004 0.012 0.004 0.008 0.012 0.033 0.021 0.856 0.012 0.005 
 85  ZFBP214    (0)   :  0.015 0.005 0.007 0.014 0.025 0.003 0.022 0.003 0.026 0.010 0.008 0.015 0.834 0.008 0.005 
 86  ZFBP215    (0)   :  0.008 0.003 0.004 0.007 0.004 0.002 0.006 0.003 0.006 0.018 0.476 0.005 0.451 0.004 0.003 
 87  ZFBP216    (0)   :  0.005 0.004 0.005 0.029 0.023 0.006 0.005 0.004 0.004 0.032 0.085 0.006 0.780 0.005 0.008 
 88  ZFBP217    (0)   :  0.078 0.004 0.005 0.037 0.020 0.004 0.023 0.002 0.006 0.011 0.012 0.004 0.784 0.005 0.006 
 89  ZFBP218    (0)   :  0.014 0.002 0.004 0.033 0.006 0.003 0.003 0.003 0.004 0.215 0.172 0.003 0.527 0.007 0.003 
 90  ZFBP219    (0)   :  0.004 0.002 0.003 0.008 0.005 0.004 0.003 0.003 0.003 0.006 0.507 0.003 0.442 0.003 0.004 
 91  ZFBP220    (0)   :  0.040 0.003 0.004 0.084 0.006 0.003 0.014 0.003 0.018 0.027 0.273 0.008 0.511 0.002 0.003 
 92  ZFBP221    (0)   :  0.009 0.004 0.004 0.500 0.005 0.004 0.008 0.002 0.003 0.101 0.116 0.003 0.233 0.006 0.003 
 93  ZFBP222    (0)   :  0.006 0.003 0.005 0.005 0.005 0.004 0.003 0.004 0.007 0.009 0.044 0.004 0.892 0.005 0.003 
 94  ZFBP223    (0)   :  0.009 0.008 0.007 0.050 0.004 0.005 0.245 0.003 0.008 0.070 0.054 0.007 0.519 0.006 0.005 
 95  ZFBP224    (0)   :  0.004 0.003 0.004 0.009 0.006 0.003 0.005 0.003 0.004 0.008 0.016 0.009 0.917 0.005 0.004 
 96  ZFBP225    (0)   :  0.247 0.003 0.006 0.245 0.013 0.010 0.024 0.004 0.010 0.022 0.108 0.008 0.291 0.003 0.006 
 97  ZFBP226    (0)   :  0.005 0.003 0.004 0.012 0.005 0.004 0.005 0.004 0.003 0.082 0.253 0.004 0.609 0.003 0.004 
 98  ZFBP227    (0)   :  0.007 0.009 0.016 0.164 0.130 0.004 0.010 0.009 0.005 0.057 0.206 0.012 0.325 0.018 0.029 
 99  ZFBP228    (0)   :  0.007 0.005 0.005 0.276 0.004 0.003 0.096 0.003 0.021 0.205 0.211 0.005 0.150 0.005 0.004 
100  ZFBP229    (0)   :  0.021 0.002 0.005 0.020 0.007 0.004 0.005 0.003 0.007 0.070 0.679 0.003 0.167 0.003 0.004 
101  ZFBP230    (0)   :  0.029 0.003 0.005 0.104 0.009 0.003 0.011 0.003 0.026 0.049 0.076 0.008 0.666 0.003 0.004 
102  ZFBP231    (0)   :  0.005 0.006 0.006 0.022 0.009 0.005 0.008 0.005 0.005 0.753 0.052 0.020 0.086 0.009 0.007 
103  ZFBP232    (0)   :  0.008 0.003 0.003 0.008 0.004 0.003 0.004 0.003 0.004 0.468 0.290 0.005 0.192 0.003 0.003 
104  ZFBP233    (0)   :  0.026 0.007 0.005 0.030 0.014 0.004 0.007 0.004 0.005 0.057 0.196 0.011 0.621 0.010 0.005 
105   ZFCC01    (0)   :  0.004 0.005 0.004 0.003 0.005 0.004 0.005 0.007 0.919 0.003 0.004 0.008 0.005 0.019 0.004 
106   ZFCC03    (0)   :  0.004 0.003 0.004 0.003 0.003 0.002 0.009 0.003 0.942 0.003 0.003 0.005 0.004 0.008 0.003 
107   ZFCC04    (0)   :  0.006 0.004 0.004 0.004 0.005 0.003 0.005 0.004 0.931 0.003 0.003 0.013 0.005 0.007 0.004 
108   ZFCC05    (0)   :  0.006 0.006 0.004 0.007 0.009 0.005 0.015 0.006 0.852 0.004 0.005 0.052 0.010 0.014 0.006 
109   ZFCC08    (0)   :  0.019 0.002 0.005 0.010 0.008 0.002 0.004 0.003 0.891 0.013 0.008 0.010 0.013 0.009 0.003 
110   ZFCC09    (0)   :  0.003 0.003 0.003 0.004 0.003 0.003 0.007 0.003 0.940 0.006 0.003 0.006 0.003 0.010 0.003 
111   ZFCC10    (0)   :  0.004 0.004 0.004 0.003 0.003 0.004 0.004 0.004 0.910 0.005 0.003 0.008 0.005 0.037 0.004 
112   ZFCC11    (0)   :  0.004 0.004 0.004 0.004 0.005 0.004 0.011 0.004 0.923 0.004 0.004 0.008 0.006 0.012 0.004 
113   ZFCC12    (0)   :  0.008 0.008 0.022 0.008 0.008 0.004 0.009 0.135 0.718 0.004 0.006 0.034 0.008 0.016 0.012 
114   ZFCC13    (0)   :  0.008 0.003 0.004 0.013 0.014 0.011 0.009 0.005 0.888 0.005 0.009 0.008 0.012 0.004 0.006 
115   ZFCC14    (0)   :  0.007 0.009 0.009 0.004 0.004 0.006 0.004 0.005 0.885 0.008 0.009 0.026 0.011 0.009 0.005 
116   ZFCC15    (0)   :  0.004 0.003 0.005 0.004 0.009 0.004 0.004 0.005 0.936 0.004 0.003 0.005 0.004 0.005 0.005 
117   ZFCC16    (0)   :  0.005 0.004 0.006 0.003 0.005 0.003 0.004 0.006 0.931 0.003 0.003 0.015 0.004 0.006 0.004 
118   ZFCC17    (0)   :  0.003 0.005 0.004 0.003 0.004 0.008 0.006 0.010 0.898 0.004 0.003 0.038 0.003 0.006 0.005 
119   ZFCC18    (0)   :  0.005 0.004 0.004 0.004 0.005 0.004 0.008 0.005 0.927 0.003 0.004 0.008 0.006 0.011 0.004 
120   ZFCC19    (0)   :  0.003 0.004 0.007 0.003 0.007 0.009 0.003 0.006 0.932 0.003 0.002 0.010 0.003 0.003 0.005 
121   ZFCC20    (0)   :  0.006 0.004 0.004 0.006 0.007 0.003 0.008 0.006 0.927 0.003 0.003 0.011 0.004 0.004 0.004 
122   ZFCC21    (0)   :  0.030 0.006 0.041 0.013 0.041 0.007 0.003 0.004 0.690 0.008 0.021 0.012 0.113 0.006 0.005 
123   ZFCC22    (0)   :  0.034 0.003 0.005 0.077 0.009 0.005 0.007 0.004 0.548 0.030 0.052 0.010 0.193 0.018 0.004 
124   ZFCC26    (0)   :  0.004 0.004 0.004 0.003 0.004 0.003 0.004 0.005 0.942 0.003 0.003 0.009 0.003 0.006 0.003 
125   ZFCC27    (0)   :  0.003 0.003 0.003 0.003 0.003 0.003 0.006 0.003 0.950 0.004 0.003 0.005 0.003 0.005 0.003 
126   ZFCC29    (0)   :  0.005 0.009 0.007 0.005 0.010 0.004 0.005 0.006 0.908 0.004 0.004 0.017 0.005 0.007 0.004 
127   ZFCC30    (0)   :  0.005 0.003 0.003 0.004 0.004 0.004 0.011 0.003 0.940 0.003 0.003 0.006 0.004 0.004 0.003 
128   ZFCC32    (0)   :  0.006 0.003 0.004 0.006 0.011 0.007 0.005 0.008 0.915 0.005 0.003 0.010 0.004 0.007 0.006 
129   ZFCC33    (0)   :  0.005 0.009 0.008 0.004 0.005 0.004 0.007 0.005 0.600 0.004 0.004 0.327 0.004 0.008 0.007 
130   ZFCC34    (0)   :  0.017 0.023 0.007 0.027 0.006 0.007 0.064 0.026 0.568 0.074 0.049 0.049 0.054 0.022 0.006 
131   ZFCC35    (0)   :  0.004 0.002 0.003 0.004 0.004 0.004 0.003 0.002 0.949 0.005 0.003 0.007 0.003 0.004 0.003 
132   ZFCC36    (0)   :  0.009 0.004 0.005 0.008 0.019 0.019 0.004 0.007 0.875 0.005 0.006 0.011 0.017 0.005 0.006 
133   ZFCC37    (0)   :  0.006 0.007 0.031 0.010 0.010 0.004 0.007 0.096 0.721 0.007 0.009 0.036 0.014 0.030 0.014 
134   ZFCC40    (0)   :  0.003 0.004 0.005 0.004 0.003 0.012 0.003 0.005 0.918 0.004 0.006 0.014 0.008 0.009 0.004 
135   ZFCC42    (0)   :  0.007 0.039 0.022 0.010 0.005 0.068 0.047 0.178 0.056 0.005 0.003 0.520 0.007 0.007 0.027 
136   ZFCC44    (0)   :  0.003 0.003 0.003 0.004 0.002 0.007 0.009 0.003 0.935 0.003 0.003 0.016 0.002 0.003 0.004 
137   ZFCC45    (9)   :  0.004 0.010 0.009 0.005 0.008 0.018 0.009 0.012 0.818 0.004 0.005 0.052 0.007 0.019 0.021 
138   ZFCC46    (0)   :  0.033 0.004 0.005 0.019 0.007 0.004 0.010 0.003 0.857 0.011 0.011 0.016 0.015 0.003 0.003 
139   ZFCC47    (0)   :  0.007 0.006 0.008 0.006 0.006 0.004 0.005 0.059 0.852 0.007 0.003 0.008 0.004 0.020 0.005 
140   ZFCC48    (0)   :  0.034 0.004 0.016 0.012 0.012 0.004 0.004 0.003 0.793 0.009 0.018 0.015 0.069 0.005 0.003 
141   ZFCC50    (0)   :  0.003 0.004 0.004 0.003 0.004 0.004 0.003 0.005 0.945 0.003 0.003 0.009 0.003 0.004 0.003 
142   ZFCC51    (0)   :  0.003 0.003 0.003 0.003 0.003 0.002 0.008 0.003 0.950 0.003 0.003 0.004 0.003 0.005 0.003 
143   ZFCC52    (0)   :  0.014 0.004 0.005 0.010 0.008 0.008 0.006 0.007 0.845 0.012 0.013 0.039 0.022 0.004 0.004 
144   ZFCC53    (0)   :  0.003 0.003 0.003 0.003 0.003 0.003 0.005 0.003 0.952 0.003 0.003 0.005 0.003 0.005 0.003 
145  ZFCNS01    (0)   :  0.003 0.002 0.007 0.039 0.047 0.026 0.809 0.009 0.007 0.004 0.006 0.003 0.007 0.003 0.030 
146  ZFCNS02    (0)   :  0.004 0.002 0.002 0.004 0.003 0.002 0.955 0.002 0.005 0.005 0.003 0.003 0.003 0.003 0.003 
147  ZFCNS05    (0)   :  0.005 0.005 0.004 0.008 0.005 0.002 0.927 0.003 0.007 0.006 0.006 0.005 0.007 0.006 0.003 
148  ZFCNS06    (0)   :  0.004 0.003 0.002 0.004 0.003 0.002 0.954 0.002 0.005 0.004 0.004 0.003 0.004 0.003 0.003 
149  ZFCNS07    (0)   :  0.009 0.003 0.002 0.006 0.004 0.002 0.940 0.003 0.003 0.010 0.006 0.003 0.004 0.003 0.003 
150  ZFCNS10    (0)   :  0.005 0.003 0.002 0.020 0.003 0.005 0.922 0.002 0.005 0.008 0.009 0.003 0.008 0.002 0.003 
151  ZFCNS11    (0)   :  0.004 0.002 0.006 0.014 0.021 0.011 0.894 0.007 0.007 0.004 0.004 0.003 0.007 0.003 0.013 
152  ZFCNS15    (0)   :  0.008 0.003 0.003 0.034 0.004 0.002 0.875 0.003 0.003 0.011 0.033 0.006 0.009 0.003 0.003 
153  ZFCNS17    (0)   :  0.003 0.003 0.002 0.004 0.003 0.002 0.955 0.002 0.005 0.005 0.004 0.004 0.003 0.003 0.003 
154  ZFCNS18    (0)   :  0.004 0.003 0.003 0.017 0.003 0.005 0.925 0.002 0.005 0.006 0.011 0.003 0.008 0.003 0.003 
155  ZFCNS19    (0)   :  0.003 0.003 0.002 0.004 0.003 0.002 0.960 0.002 0.004 0.003 0.003 0.003 0.003 0.003 0.003 
156  ZFCNS20    (0)   :  0.014 0.003 0.003 0.011 0.005 0.002 0.905 0.003 0.004 0.013 0.013 0.007 0.009 0.003 0.003 
157  ZFCNS21    (0)   :  0.003 0.002 0.002 0.006 0.002 0.002 0.960 0.002 0.004 0.003 0.003 0.003 0.003 0.003 0.003 
158  ZFCNS22    (0)   :  0.005 0.005 0.004 0.010 0.005 0.002 0.914 0.003 0.005 0.009 0.014 0.005 0.010 0.005 0.003 
159  ZFCNS23    (0)   :  0.011 0.004 0.005 0.005 0.011 0.011 0.884 0.007 0.013 0.004 0.003 0.022 0.008 0.005 0.007 
160  ZFCNS24    (0)   :  0.006 0.002 0.003 0.009 0.004 0.002 0.930 0.003 0.007 0.007 0.006 0.010 0.005 0.003 0.003 
161  ZFCNS25    (0)   :  0.010 0.002 0.004 0.011 0.004 0.002 0.911 0.003 0.006 0.016 0.009 0.008 0.008 0.003 0.003 
162  ZFCNS26    (0)   :  0.003 0.003 0.003 0.009 0.003 0.002 0.950 0.002 0.003 0.004 0.005 0.003 0.003 0.003 0.003 
163  ZFCNS27    (0)   :  0.008 0.003 0.004 0.050 0.003 0.002 0.845 0.003 0.003 0.024 0.032 0.006 0.010 0.003 0.004 
164  ZFCNS28    (0)   :  0.004 0.003 0.002 0.005 0.003 0.002 0.954 0.002 0.004 0.003 0.004 0.003 0.004 0.003 0.003 
165  ZFCNS29    (0)   :  0.005 0.004 0.004 0.008 0.005 0.002 0.926 0.003 0.009 0.007 0.007 0.007 0.007 0.005 0.003 
166  ZFCNS30    (0)   :  0.003 0.004 0.003 0.008 0.005 0.002 0.938 0.003 0.007 0.004 0.005 0.006 0.005 0.005 0.003 
167  ZFCNS31    (0)   :  0.004 0.003 0.002 0.005 0.003 0.002 0.955 0.002 0.003 0.004 0.004 0.003 0.003 0.003 0.003 
168  ZFCNS32    (0)   :  0.007 0.003 0.003 0.011 0.005 0.002 0.930 0.003 0.004 0.006 0.007 0.006 0.005 0.004 0.003 
169  ZFCNS33    (0)   :  0.004 0.003 0.002 0.006 0.003 0.002 0.957 0.002 0.004 0.003 0.003 0.003 0.003 0.003 0.003 
170  ZFCNS34    (0)   :  0.004 0.003 0.003 0.006 0.005 0.002 0.933 0.003 0.012 0.005 0.004 0.006 0.005 0.004 0.003 
171  ZFCNS35    (0)   :  0.004 0.018 0.009 0.028 0.004 0.002 0.877 0.002 0.006 0.012 0.011 0.003 0.012 0.009 0.003 
172  ZFCNS36    (0)   :  0.009 0.003 0.003 0.008 0.005 0.002 0.924 0.003 0.009 0.009 0.005 0.009 0.006 0.003 0.003 
173  ZFCNS37    (0)   :  0.008 0.003 0.004 0.172 0.004 0.002 0.764 0.002 0.005 0.006 0.006 0.007 0.005 0.004 0.008 
174  ZFCNS39    (0)   :  0.021 0.002 0.004 0.030 0.013 0.004 0.874 0.002 0.015 0.006 0.006 0.006 0.008 0.002 0.005 
175  ZFCNS40    (0)   :  0.113 0.002 0.004 0.187 0.007 0.003 0.608 0.003 0.028 0.013 0.006 0.011 0.007 0.003 0.005 
176  ZFCNS41    (0)   :  0.006 0.005 0.007 0.690 0.010 0.004 0.193 0.004 0.015 0.018 0.009 0.010 0.015 0.006 0.008 
177  ZFCNS42    (0)   :  0.003 0.003 0.002 0.006 0.002 0.002 0.956 0.002 0.003 0.004 0.004 0.003 0.003 0.003 0.003 
178  ZFCNS43    (0)   :  0.003 0.002 0.002 0.005 0.003 0.002 0.958 0.002 0.005 0.003 0.003 0.003 0.003 0.003 0.003 
179  ZFCNS44    (0)   :  0.003 0.003 0.002 0.019 0.002 0.005 0.925 0.002 0.006 0.004 0.010 0.004 0.007 0.003 0.003 
180  ZFCNS46    (0)   :  0.004 0.003 0.003 0.012 0.005 0.002 0.930 0.003 0.005 0.005 0.007 0.006 0.006 0.004 0.004 
181  ZFCNS47    (0)   :  0.003 0.002 0.002 0.005 0.003 0.002 0.959 0.002 0.004 0.004 0.003 0.003 0.003 0.003 0.003 
182  ZFCNS48    (0)   :  0.005 0.004 0.003 0.037 0.005 0.004 0.882 0.003 0.006 0.009 0.015 0.005 0.014 0.004 0.003 
183  ZFCNS49    (0)   :  0.004 0.004 0.003 0.037 0.003 0.004 0.887 0.002 0.003 0.007 0.030 0.003 0.009 0.003 0.003 
184   ZFCR01    (0)   :  0.006 0.007 0.844 0.004 0.004 0.006 0.003 0.017 0.006 0.007 0.008 0.003 0.014 0.020 0.053 
185   ZFCR02    (0)   :  0.008 0.014 0.872 0.004 0.005 0.009 0.005 0.007 0.019 0.017 0.005 0.011 0.010 0.005 0.008 
186   ZFCR03    (0)   :  0.009 0.029 0.729 0.005 0.016 0.026 0.003 0.035 0.014 0.012 0.010 0.059 0.031 0.011 0.012 
187   ZFCR04    (0)   :  0.019 0.151 0.601 0.019 0.011 0.020 0.009 0.012 0.012 0.010 0.018 0.006 0.011 0.069 0.033 
188   ZFCR05    (0)   :  0.003 0.009 0.904 0.003 0.010 0.007 0.002 0.007 0.011 0.003 0.004 0.004 0.003 0.014 0.015 
189   ZFCR06    (0)   :  0.010 0.016 0.772 0.023 0.005 0.003 0.065 0.007 0.012 0.029 0.017 0.006 0.014 0.011 0.011 
190   ZFCR07    (0)   :  0.004 0.044 0.451 0.045 0.117 0.007 0.083 0.018 0.014 0.005 0.011 0.050 0.016 0.012 0.125 
191   ZFCR08    (0)   :  0.045 0.022 0.184 0.011 0.007 0.033 0.005 0.028 0.073 0.007 0.030 0.040 0.032 0.109 0.374 
192   ZFCR09    (0)   :  0.012 0.078 0.310 0.048 0.020 0.059 0.013 0.210 0.021 0.059 0.022 0.022 0.086 0.011 0.029 
193   ZFCR11    (0)   :  0.003 0.024 0.814 0.039 0.014 0.006 0.010 0.010 0.007 0.021 0.005 0.004 0.005 0.015 0.023 
194   ZFCR12    (0)   :  0.014 0.006 0.743 0.055 0.013 0.003 0.104 0.003 0.007 0.010 0.014 0.009 0.007 0.004 0.007 
195   ZFCR13    (0)   :  0.005 0.046 0.221 0.008 0.286 0.003 0.007 0.004 0.009 0.041 0.083 0.006 0.018 0.006 0.257 
196   ZFCR14    (0)   :  0.010 0.013 0.878 0.009 0.021 0.004 0.006 0.004 0.009 0.005 0.009 0.006 0.006 0.009 0.011 
197   ZFCR15    (0)   :  0.032 0.040 0.747 0.013 0.014 0.009 0.005 0.005 0.011 0.011 0.020 0.010 0.019 0.015 0.048 
198   ZFCR16    (0)   :  0.015 0.021 0.858 0.006 0.008 0.003 0.003 0.005 0.006 0.015 0.010 0.004 0.019 0.007 0.022 
199   ZFCR18    (0)   :  0.006 0.350 0.522 0.006 0.007 0.003 0.006 0.007 0.012 0.021 0.006 0.031 0.006 0.007 0.012 
200   ZFCR19    (0)   :  0.036 0.023 0.771 0.009 0.009 0.004 0.006 0.069 0.010 0.013 0.023 0.005 0.010 0.006 0.006 
201   ZFCR20    (0)   :  0.007 0.038 0.644 0.007 0.055 0.005 0.004 0.036 0.006 0.009 0.031 0.033 0.063 0.041 0.022 
202   ZFCR21    (0)   :  0.010 0.004 0.903 0.006 0.023 0.003 0.003 0.003 0.010 0.004 0.004 0.006 0.006 0.004 0.009 
203   ZFCR22    (0)   :  0.012 0.007 0.877 0.005 0.049 0.004 0.003 0.005 0.005 0.005 0.006 0.006 0.007 0.002 0.007 
204   ZFCR23    (0)   :  0.005 0.010 0.623 0.022 0.049 0.046 0.005 0.010 0.003 0.012 0.072 0.004 0.048 0.004 0.086 
205   ZFCR24    (9)   :  0.006 0.073 0.082 0.009 0.097 0.005 0.004 0.055 0.008 0.019 0.401 0.011 0.120 0.028 0.081 
206   ZFCR25    (0)   :  0.004 0.007 0.920 0.005 0.011 0.002 0.003 0.009 0.005 0.003 0.004 0.005 0.004 0.009 0.008 
207   ZFCR26    (0)   :  0.014 0.004 0.603 0.010 0.208 0.004 0.004 0.078 0.015 0.012 0.010 0.007 0.010 0.009 0.012 
208   ZFCR27    (9)   :  0.003 0.011 0.525 0.003 0.037 0.004 0.003 0.050 0.005 0.003 0.004 0.003 0.004 0.017 0.330 
209   ZFCR28    (0)   :  0.039 0.004 0.578 0.018 0.005 0.006 0.026 0.004 0.009 0.030 0.013 0.008 0.110 0.005 0.144 
210   ZFCR29    (0)   :  0.005 0.009 0.921 0.004 0.015 0.004 0.002 0.008 0.004 0.004 0.005 0.004 0.005 0.006 0.005 
211   ZFCR30    (0)   :  0.007 0.006 0.856 0.012 0.043 0.005 0.010 0.009 0.006 0.006 0.008 0.008 0.007 0.008 0.009 
212   ZFCR31    (0)   :  0.017 0.207 0.338 0.050 0.030 0.014 0.047 0.071 0.011 0.046 0.039 0.027 0.074 0.015 0.016 
213   ZFCR33    (0)   :  0.013 0.007 0.071 0.017 0.028 0.026 0.006 0.019 0.038 0.007 0.011 0.009 0.015 0.064 0.668 
214   ZFCR34    (0)   :  0.009 0.129 0.472 0.026 0.219 0.014 0.009 0.009 0.016 0.007 0.019 0.005 0.023 0.005 0.038 
215   ZFCR35    (0)   :  0.004 0.105 0.798 0.006 0.005 0.013 0.004 0.014 0.010 0.004 0.008 0.004 0.005 0.010 0.010 
216   ZFCR36    (0)   :  0.005 0.048 0.822 0.008 0.018 0.015 0.019 0.013 0.006 0.005 0.007 0.006 0.009 0.007 0.012 
217   ZFCR37    (0)   :  0.004 0.051 0.046 0.004 0.575 0.020 0.003 0.056 0.056 0.003 0.004 0.017 0.004 0.056 0.101 
218   ZFCR38    (0)   :  0.013 0.007 0.257 0.010 0.033 0.008 0.008 0.052 0.039 0.007 0.006 0.012 0.009 0.045 0.493 
219   ZFCR39    (0)   :  0.025 0.025 0.174 0.012 0.009 0.219 0.003 0.039 0.093 0.029 0.020 0.057 0.075 0.012 0.209 
220   ZFCR40    (0)   :  0.004 0.010 0.786 0.013 0.011 0.031 0.004 0.013 0.019 0.004 0.012 0.005 0.010 0.011 0.067 
221   ZFCR41    (0)   :  0.018 0.005 0.749 0.128 0.014 0.003 0.012 0.003 0.024 0.007 0.007 0.006 0.006 0.007 0.011 
222   ZFCR42    (0)   :  0.019 0.007 0.629 0.025 0.075 0.018 0.017 0.014 0.040 0.012 0.021 0.021 0.022 0.009 0.071 
223   ZFCR43    (0)   :  0.004 0.022 0.839 0.006 0.007 0.004 0.006 0.004 0.004 0.028 0.048 0.004 0.006 0.009 0.010 
224  ZFENP25    (0)   :  0.012 0.005 0.040 0.005 0.007 0.005 0.003 0.005 0.020 0.003 0.009 0.005 0.016 0.040 0.825 
225  ZFENP26    (0)   :  0.003 0.006 0.008 0.004 0.004 0.007 0.003 0.006 0.004 0.002 0.002 0.004 0.002 0.006 0.938 
226  ZFENP27    (0)   :  0.012 0.016 0.242 0.034 0.005 0.019 0.064 0.028 0.177 0.005 0.017 0.044 0.028 0.022 0.285 
227  ZFENP28    (0)   :  0.005 0.009 0.026 0.005 0.010 0.009 0.009 0.015 0.011 0.005 0.004 0.005 0.004 0.025 0.859 
228  ZFENP29    (0)   :  0.004 0.004 0.040 0.004 0.008 0.005 0.004 0.004 0.012 0.003 0.005 0.008 0.004 0.005 0.890 
229  ZFENP30    (0)   :  0.007 0.007 0.011 0.005 0.013 0.010 0.009 0.010 0.031 0.006 0.004 0.104 0.006 0.008 0.768 
230  ZFENP31    (0)   :  0.003 0.032 0.024 0.004 0.013 0.229 0.005 0.046 0.013 0.010 0.004 0.371 0.005 0.039 0.203 
231  ZFENP32    (0)   :  0.007 0.258 0.078 0.015 0.012 0.121 0.024 0.035 0.012 0.023 0.009 0.128 0.021 0.020 0.236 
232  ZFENP33    (0)   :  0.003 0.013 0.013 0.006 0.042 0.006 0.004 0.016 0.004 0.006 0.008 0.034 0.007 0.030 0.806 
233  ZFENP34    (0)   :  0.004 0.034 0.029 0.005 0.008 0.006 0.009 0.027 0.018 0.007 0.005 0.093 0.005 0.527 0.222 
234  ZFENP35    (0)   :  0.005 0.015 0.005 0.017 0.007 0.061 0.011 0.005 0.005 0.004 0.014 0.007 0.009 0.007 0.827 
235  ZFENP36    (0)   :  0.002 0.009 0.006 0.004 0.007 0.012 0.010 0.009 0.003 0.003 0.002 0.007 0.003 0.005 0.916 
236  ZFENP37    (0)   :  0.003 0.012 0.008 0.007 0.026 0.092 0.008 0.009 0.007 0.004 0.007 0.008 0.008 0.396 0.405 
237  ZFENP38    (0)   :  0.004 0.011 0.013 0.008 0.424 0.023 0.017 0.020 0.016 0.004 0.005 0.014 0.006 0.027 0.407 
238  ZFENP39    (0)   :  0.003 0.013 0.131 0.005 0.012 0.024 0.005 0.011 0.014 0.003 0.005 0.006 0.004 0.029 0.735 
239  ZFENP40    (0)   :  0.004 0.015 0.082 0.006 0.007 0.047 0.005 0.013 0.007 0.007 0.010 0.014 0.010 0.018 0.753 
240  ZFENP41    (0)   :  0.009 0.022 0.028 0.007 0.006 0.027 0.009 0.007 0.071 0.006 0.008 0.053 0.006 0.018 0.721 
241  ZFENP42    (0)   :  0.004 0.004 0.019 0.005 0.046 0.212 0.003 0.006 0.006 0.003 0.004 0.011 0.004 0.004 0.669 
242  ZFENP43    (0)   :  0.005 0.007 0.022 0.037 0.068 0.011 0.043 0.027 0.030 0.007 0.008 0.008 0.008 0.030 0.688 
243  ZFENP44    (0)   :  0.003 0.005 0.014 0.020 0.037 0.115 0.012 0.011 0.016 0.004 0.010 0.026 0.010 0.022 0.694 
244  ZFENP45    (0)   :  0.311 0.008 0.025 0.011 0.057 0.113 0.008 0.014 0.015 0.031 0.017 0.018 0.026 0.013 0.332 
245  ZFENP46    (0)   :  0.005 0.008 0.014 0.020 0.042 0.015 0.007 0.017 0.003 0.009 0.023 0.012 0.013 0.030 0.783 
246  ZFENP47    (0)   :  0.116 0.067 0.199 0.005 0.006 0.223 0.003 0.024 0.067 0.012 0.014 0.027 0.011 0.011 0.214 
247  ZFENP48    (0)   :  0.010 0.012 0.031 0.005 0.013 0.010 0.007 0.026 0.015 0.016 0.007 0.270 0.014 0.491 0.074 
248  ZFENP49    (0)   :  0.010 0.024 0.571 0.005 0.009 0.005 0.006 0.018 0.009 0.010 0.011 0.139 0.008 0.005 0.170 
249  ZFENP50    (0)   :  0.007 0.008 0.042 0.017 0.085 0.057 0.004 0.024 0.004 0.024 0.021 0.006 0.059 0.007 0.636 
250  ZFENP51    (0)   :  0.052 0.015 0.025 0.004 0.014 0.026 0.007 0.454 0.008 0.004 0.004 0.037 0.003 0.012 0.336 
251  ZFENP52    (0)   :  0.005 0.003 0.006 0.015 0.011 0.007 0.010 0.005 0.009 0.004 0.005 0.006 0.005 0.004 0.907 
252  ZFENP53    (0)   :  0.025 0.006 0.015 0.018 0.024 0.016 0.009 0.009 0.008 0.040 0.026 0.008 0.033 0.008 0.756 
253  ZFENP54    (0)   :  0.006 0.014 0.686 0.009 0.015 0.009 0.006 0.008 0.017 0.021 0.012 0.026 0.034 0.009 0.129 
254  ZFENP55    (0)   :  0.005 0.046 0.057 0.004 0.506 0.012 0.004 0.036 0.003 0.005 0.005 0.009 0.006 0.030 0.272 
255  ZFENP56    (0)   :  0.005 0.011 0.009 0.010 0.054 0.006 0.010 0.023 0.007 0.004 0.004 0.010 0.004 0.008 0.836 
256  ZFENP57    (0)   :  0.002 0.014 0.017 0.008 0.018 0.069 0.012 0.016 0.004 0.003 0.004 0.016 0.007 0.025 0.784 
257  ZFENP58    (0)   :  0.124 0.027 0.055 0.013 0.024 0.006 0.016 0.016 0.021 0.007 0.005 0.298 0.017 0.005 0.365 
258  ZFENP59    (0)   :  0.004 0.017 0.034 0.005 0.009 0.034 0.005 0.008 0.065 0.006 0.006 0.028 0.005 0.009 0.765 
259  ZFENP60    (0)   :  0.014 0.032 0.093 0.006 0.013 0.017 0.007 0.013 0.010 0.009 0.012 0.006 0.012 0.044 0.710 
260  ZFENP61    (0)   :  0.003 0.020 0.061 0.004 0.009 0.007 0.004 0.008 0.017 0.003 0.004 0.006 0.004 0.020 0.832 
261 ZFFDSP01    (0)   :  0.015 0.007 0.004 0.036 0.007 0.003 0.014 0.003 0.004 0.008 0.133 0.003 0.757 0.004 0.002 
262 ZFFDSP02    (0)   :  0.005 0.002 0.004 0.006 0.003 0.002 0.003 0.002 0.003 0.004 0.926 0.003 0.032 0.003 0.003 
263 ZFFDSP04    (0)   :  0.011 0.004 0.004 0.009 0.005 0.002 0.003 0.003 0.004 0.008 0.430 0.003 0.508 0.004 0.002 
264 ZFFDSP05    (0)   :  0.008 0.003 0.005 0.057 0.009 0.004 0.005 0.003 0.004 0.013 0.824 0.003 0.055 0.003 0.004 
265 ZFFDSP06    (0)   :  0.013 0.002 0.005 0.031 0.005 0.002 0.003 0.002 0.011 0.096 0.436 0.003 0.376 0.012 0.002 
266 ZFFDSP07    (0)   :  0.043 0.002 0.006 0.007 0.008 0.006 0.004 0.004 0.013 0.020 0.234 0.029 0.615 0.004 0.004 
267 ZFFDSP08    (0)   :  0.109 0.003 0.005 0.038 0.013 0.004 0.011 0.004 0.012 0.152 0.221 0.040 0.379 0.004 0.005 
268 ZFFDSP10    (0)   :  0.021 0.004 0.006 0.018 0.008 0.005 0.005 0.004 0.006 0.017 0.566 0.013 0.318 0.004 0.005 
269 ZFFDSP11    (0)   :  0.007 0.005 0.004 0.010 0.008 0.003 0.003 0.003 0.004 0.024 0.394 0.003 0.524 0.004 0.003 
270 ZFFDSP12    (0)   :  0.013 0.002 0.003 0.016 0.004 0.003 0.005 0.002 0.004 0.233 0.258 0.005 0.446 0.003 0.004 
271 ZFFDSP13    (0)   :  0.005 0.004 0.006 0.793 0.009 0.004 0.020 0.003 0.008 0.017 0.053 0.008 0.063 0.004 0.005 
272 ZFFDSP14    (0)   :  0.028 0.002 0.005 0.006 0.006 0.004 0.003 0.004 0.007 0.010 0.335 0.009 0.572 0.005 0.004 
273 ZFFDSP16    (0)   :  0.004 0.006 0.008 0.009 0.006 0.003 0.010 0.003 0.007 0.011 0.051 0.004 0.867 0.006 0.005 
274 ZFFDSP17    (0)   :  0.007 0.004 0.005 0.014 0.007 0.002 0.005 0.003 0.005 0.017 0.132 0.004 0.785 0.006 0.003 
275 ZFFDSP18    (0)   :  0.019 0.004 0.005 0.006 0.004 0.002 0.004 0.003 0.006 0.020 0.712 0.003 0.203 0.006 0.002 
276 ZFFDSP19    (0)   :  0.019 0.004 0.004 0.035 0.004 0.002 0.102 0.003 0.027 0.025 0.116 0.004 0.646 0.006 0.003 
277 ZFFDSP21    (0)   :  0.006 0.003 0.005 0.194 0.004 0.003 0.071 0.002 0.021 0.010 0.183 0.004 0.486 0.004 0.003 
278 ZFFDSP22    (0)   :  0.082 0.002 0.004 0.010 0.005 0.002 0.004 0.002 0.006 0.033 0.320 0.004 0.520 0.003 0.003 
279 ZFFDSP23    (0)   :  0.060 0.002 0.003 0.041 0.005 0.002 0.006 0.002 0.004 0.010 0.829 0.003 0.026 0.003 0.002 
280 ZFFDSP24    (0)   :  0.005 0.004 0.004 0.013 0.005 0.003 0.007 0.003 0.004 0.005 0.928 0.004 0.010 0.004 0.003 
281 ZFFDSP26    (9)   :  0.014 0.003 0.004 0.033 0.005 0.003 0.005 0.003 0.004 0.020 0.831 0.003 0.066 0.003 0.003 
282 ZFFDSP27    (0)   :  0.006 0.004 0.004 0.010 0.003 0.002 0.007 0.003 0.004 0.008 0.896 0.003 0.043 0.005 0.003 
283 ZFFDSP28    (0)   :  0.009 0.023 0.010 0.015 0.010 0.005 0.004 0.017 0.006 0.016 0.718 0.014 0.128 0.020 0.006 
284 ZFFDSP30    (0)   :  0.006 0.046 0.005 0.112 0.006 0.006 0.035 0.004 0.004 0.007 0.066 0.005 0.690 0.006 0.003 
285 ZFFDSP31    (0)   :  0.007 0.003 0.004 0.043 0.007 0.002 0.010 0.002 0.006 0.502 0.341 0.006 0.047 0.016 0.005 
286 ZFFDSP32    (0)   :  0.005 0.002 0.003 0.009 0.004 0.003 0.004 0.002 0.003 0.006 0.373 0.004 0.574 0.004 0.003 
287 ZFFDSP33    (0)   :  0.006 0.003 0.003 0.017 0.003 0.003 0.005 0.002 0.002 0.019 0.638 0.003 0.288 0.003 0.003 
288 ZFFDSP34    (0)   :  0.011 0.003 0.003 0.024 0.005 0.002 0.005 0.002 0.010 0.233 0.643 0.004 0.040 0.011 0.003 
289 ZFFDSP35    (0)   :  0.006 0.004 0.004 0.017 0.005 0.002 0.005 0.003 0.003 0.006 0.890 0.003 0.047 0.004 0.003 
290 ZFFDSP37    (0)   :  0.004 0.003 0.003 0.009 0.003 0.002 0.004 0.003 0.003 0.007 0.795 0.004 0.153 0.004 0.003 
291 ZFFDSP38    (0)   :  0.004 0.004 0.003 0.006 0.003 0.002 0.005 0.003 0.003 0.008 0.939 0.003 0.009 0.004 0.003 
292 ZFFDSP39    (0)   :  0.007 0.003 0.004 0.074 0.003 0.002 0.006 0.002 0.003 0.009 0.869 0.003 0.011 0.002 0.002 
293 ZFFDSP40    (0)   :  0.003 0.003 0.003 0.016 0.003 0.002 0.006 0.002 0.003 0.006 0.933 0.003 0.010 0.003 0.003 
294 ZFFDSP42    (0)   :  0.045 0.003 0.004 0.020 0.004 0.002 0.006 0.002 0.005 0.019 0.863 0.003 0.019 0.003 0.003 
295 ZFFDSP43    (0)   :  0.007 0.003 0.003 0.008 0.003 0.002 0.006 0.002 0.003 0.008 0.941 0.002 0.006 0.003 0.003 
296 ZFFDSP44    (0)   :  0.005 0.004 0.003 0.026 0.005 0.003 0.007 0.003 0.003 0.014 0.795 0.004 0.121 0.004 0.003 
297 ZFFDSP45    (0)   :  0.003 0.003 0.003 0.007 0.003 0.002 0.004 0.002 0.003 0.006 0.943 0.003 0.010 0.003 0.003 
298 ZFFDSP46    (0)   :  0.009 0.003 0.004 0.010 0.004 0.002 0.005 0.002 0.004 0.009 0.911 0.003 0.028 0.003 0.003 
299 ZFFDSP47    (0)   :  0.012 0.003 0.003 0.081 0.006 0.003 0.010 0.003 0.003 0.010 0.844 0.004 0.013 0.003 0.003 
300 ZFFDSP48    (0)   :  0.004 0.003 0.003 0.020 0.003 0.002 0.007 0.002 0.003 0.006 0.931 0.003 0.007 0.003 0.003 
301    ZFI01    (0)   :  0.005 0.746 0.022 0.005 0.009 0.007 0.009 0.122 0.008 0.004 0.004 0.012 0.006 0.031 0.009 
302    ZFI02    (0)   :  0.004 0.869 0.011 0.005 0.007 0.004 0.007 0.047 0.004 0.005 0.005 0.004 0.005 0.019 0.005 
303    ZFI03    (0)   :  0.003 0.889 0.007 0.004 0.006 0.003 0.008 0.009 0.006 0.004 0.004 0.005 0.004 0.043 0.005 
304    ZFI04    (0)   :  0.003 0.092 0.005 0.004 0.006 0.005 0.007 0.111 0.004 0.003 0.004 0.004 0.003 0.742 0.007 
305    ZFI05    (0)   :  0.003 0.921 0.006 0.005 0.005 0.004 0.014 0.005 0.004 0.005 0.004 0.009 0.005 0.006 0.006 
