

----------------------------------------------------
STRUCTURE by Pritchard, Stephens and Donnelly (2000)
     and Falush, Stephens and Pritchard (2003)
       Code by Pritchard, Falush and Hubisz
             Version 2.3.4 (Jul 2012)
----------------------------------------------------



Command line arguments:   bin\structure -m C:\Users\eschumacher\Documents\GitHub\GCC_QUAC_ZAIN\Data_Files\Structure_Files\ZAIN\ZAIN_wild_rebinned_nopopinfo\50-50\mainparams -e C:\Users\eschumacher\Documents\GitHub\GCC_QUAC_ZAIN\Data_Files\Structure_Files\ZAIN\ZAIN_wild_rebinned_nopopinfo\50-50\extraparams 
Input File:    C:\Users\eschumacher\Documents\GitHub\GCC_QUAC_ZAIN\Data_Files\Structure_Files\ZAIN\ZAIN_wild_rebinned_nopopinfo\project_data

Run parameters:
   751 individuals
   11 loci
   11 populations assumed
   50000 Burn-in period
   50000 Reps


--------------------------------------------
Overall proportion of membership of the
sample in each of the 11 clusters

Inferred Clusters
  1      2      3      4      5      6      7      8      9     10     11    
0.225  0.067  0.035  0.164  0.068  0.057  0.094  0.091  0.077  0.063  0.058  

--------------------------------------------

Allele-freq. divergence among pops (Net nucleotide distance),
computed using point estimates of P.

      1       2       3       4       5       6       7       8       9      10      11      
 1      -    0.2653  0.2163  0.0844  0.2809  0.2615  0.2376  0.1712  0.2256  0.3276  0.2384  
 2   0.2653     -    0.2728  0.2082  0.2774  0.4311  0.0778  0.2687  0.0435  0.1659  0.0874  
 3   0.2163  0.2728     -    0.1513  0.2492  0.3135  0.1936  0.1953  0.2001  0.2842  0.1969  
 4   0.0844  0.2082  0.1513     -    0.2006  0.2314  0.1244  0.1339  0.1547  0.2146  0.1725  
 5   0.2809  0.2774  0.2492  0.2006     -    0.4476  0.1324  0.2015  0.2625  0.2946  0.2306  
 6   0.2615  0.4311  0.3135  0.2314  0.4476     -    0.3720  0.3460  0.3607  0.4595  0.3850  
 7   0.2376  0.0778  0.1936  0.1244  0.1324  0.3720     -    0.1707  0.0728  0.1333  0.1010  
 8   0.1712  0.2687  0.1953  0.1339  0.2015  0.3460  0.1707     -    0.2103  0.2082  0.2057  
 9   0.2256  0.0435  0.2001  0.1547  0.2625  0.3607  0.0728  0.2103     -    0.1273  0.0632  
10   0.3276  0.1659  0.2842  0.2146  0.2946  0.4595  0.1333  0.2082  0.1273     -    0.1108  
11   0.2384  0.0874  0.1969  0.1725  0.2306  0.3850  0.1010  0.2057  0.0632  0.1108     -    

Average distances (expected heterozygosity) between individuals in same cluster:
cluster  1  : 0.4891 
cluster  2  : 0.3100 
cluster  3  : 0.2447 
cluster  4  : 0.5586 
cluster  5  : 0.2255 
cluster  6  : 0.2543 
cluster  7  : 0.4268 
cluster  8  : 0.3980 
cluster  9  : 0.3886 
cluster 10  : 0.3616 
cluster 11  : 0.4076 

--------------------------------------------
Estimated Ln Prob of Data   = -13822.1
Mean value of ln likelihood = -13370.4
Variance of ln likelihood   = 903.3
Mean value of alpha         = 0.0337

Mean value of Fst_1         = 0.3670
Mean value of Fst_2         = 0.4705
Mean value of Fst_3         = 0.6254
Mean value of Fst_4         = 0.1584
Mean value of Fst_5         = 0.6422
Mean value of Fst_6         = 0.6313
Mean value of Fst_7         = 0.3717
Mean value of Fst_8         = 0.3951
Mean value of Fst_9         = 0.3307
Mean value of Fst_10         = 0.4020
Mean value of Fst_11         = 0.3317


Inferred ancestry of individuals:
        Label (%Miss) :  Inferred clusters
  1    ZFB01    (0)   :  0.950 0.010 0.003 0.004 0.003 0.008 0.004 0.005 0.006 0.003 0.005 
  2    ZFB02    (0)   :  0.947 0.004 0.005 0.006 0.002 0.013 0.003 0.008 0.005 0.003 0.003 
  3    ZFB03    (0)   :  0.937 0.007 0.005 0.008 0.013 0.003 0.007 0.005 0.006 0.003 0.004 
  4    ZFB04    (0)   :  0.940 0.008 0.005 0.004 0.002 0.017 0.004 0.005 0.008 0.003 0.004 
  5    ZFB05    (0)   :  0.806 0.002 0.029 0.052 0.015 0.062 0.008 0.006 0.004 0.012 0.003 
  6    ZFB06    (0)   :  0.840 0.002 0.012 0.052 0.014 0.044 0.008 0.006 0.003 0.015 0.003 
  7    ZFB07    (9)   :  0.916 0.016 0.006 0.009 0.007 0.010 0.008 0.005 0.011 0.004 0.008 
  8    ZFB08    (0)   :  0.942 0.006 0.006 0.012 0.005 0.003 0.006 0.006 0.005 0.004 0.005 
  9    ZFB09    (0)   :  0.964 0.005 0.003 0.005 0.003 0.003 0.003 0.004 0.003 0.003 0.003 
 10    ZFB10    (0)   :  0.864 0.066 0.005 0.006 0.002 0.008 0.008 0.006 0.021 0.005 0.009 
 11    ZFB11    (0)   :  0.911 0.020 0.006 0.004 0.003 0.023 0.005 0.005 0.009 0.004 0.009 
 12    ZFB12    (0)   :  0.946 0.006 0.003 0.008 0.007 0.008 0.004 0.003 0.006 0.003 0.005 
 13    ZFB13    (0)   :  0.937 0.010 0.009 0.010 0.004 0.003 0.005 0.004 0.007 0.005 0.007 
 14    ZFB14    (0)   :  0.947 0.011 0.005 0.005 0.003 0.003 0.004 0.006 0.006 0.004 0.006 
 15    ZFB15    (0)   :  0.963 0.004 0.003 0.004 0.003 0.008 0.003 0.003 0.004 0.002 0.003 
 16    ZFB16    (0)   :  0.948 0.008 0.008 0.007 0.003 0.006 0.005 0.003 0.006 0.003 0.004 
 17    ZFB17    (0)   :  0.859 0.012 0.025 0.019 0.002 0.021 0.013 0.013 0.019 0.010 0.006 
 18    ZFB18    (0)   :  0.954 0.010 0.003 0.005 0.003 0.003 0.003 0.006 0.004 0.003 0.004 
 19    ZFB19    (0)   :  0.818 0.065 0.005 0.035 0.005 0.005 0.015 0.004 0.027 0.007 0.015 
 20    ZFB20    (0)   :  0.940 0.008 0.009 0.006 0.003 0.014 0.005 0.003 0.006 0.003 0.004 
 21    ZFB21    (0)   :  0.961 0.003 0.004 0.005 0.005 0.007 0.003 0.003 0.003 0.002 0.003 
 22    ZFB22    (0)   :  0.880 0.017 0.006 0.010 0.003 0.032 0.013 0.008 0.015 0.010 0.007 
 23    ZFB23    (0)   :  0.897 0.018 0.008 0.005 0.006 0.033 0.006 0.005 0.009 0.004 0.009 
 24    ZFB24    (0)   :  0.909 0.013 0.007 0.004 0.003 0.036 0.004 0.004 0.008 0.003 0.008 
 25    ZFB25    (0)   :  0.789 0.137 0.004 0.004 0.003 0.008 0.009 0.004 0.026 0.004 0.012 
 26    ZFB26    (0)   :  0.800 0.045 0.014 0.005 0.004 0.077 0.008 0.005 0.021 0.004 0.017 
 27    ZFB27    (0)   :  0.798 0.019 0.003 0.004 0.003 0.147 0.005 0.004 0.008 0.003 0.006 
 28    ZFB28    (0)   :  0.871 0.006 0.013 0.010 0.006 0.065 0.006 0.006 0.008 0.003 0.006 
 29    ZFB29    (0)   :  0.945 0.005 0.011 0.005 0.003 0.011 0.003 0.005 0.004 0.003 0.005 
 30    ZFB30    (0)   :  0.658 0.006 0.004 0.026 0.009 0.264 0.008 0.004 0.005 0.011 0.005 
 31    ZFB31    (0)   :  0.852 0.085 0.003 0.005 0.004 0.008 0.006 0.005 0.016 0.005 0.011 
 32    ZFB32    (0)   :  0.854 0.010 0.021 0.022 0.011 0.030 0.009 0.015 0.015 0.004 0.009 
 33    ZFB33    (0)   :  0.960 0.005 0.003 0.004 0.003 0.008 0.003 0.003 0.004 0.003 0.003 
 34    ZFB34    (0)   :  0.957 0.006 0.004 0.005 0.004 0.003 0.003 0.007 0.004 0.003 0.004 
 35    ZFB35    (0)   :  0.937 0.011 0.007 0.005 0.004 0.007 0.006 0.005 0.008 0.003 0.006 
 36  ZFBP101    (0)   :  0.010 0.130 0.114 0.010 0.018 0.003 0.202 0.063 0.326 0.040 0.084 
 37  ZFBP102    (0)   :  0.014 0.109 0.043 0.012 0.005 0.003 0.234 0.012 0.391 0.018 0.160 
 38  ZFBP103    (0)   :  0.008 0.216 0.052 0.007 0.031 0.003 0.453 0.130 0.077 0.012 0.012 
 39  ZFBP104    (0)   :  0.036 0.568 0.006 0.041 0.009 0.003 0.252 0.004 0.041 0.009 0.031 
 40  ZFBP105    (0)   :  0.007 0.204 0.007 0.008 0.017 0.005 0.072 0.006 0.131 0.005 0.537 
 41  ZFBP106    (0)   :  0.003 0.503 0.014 0.005 0.023 0.003 0.055 0.008 0.236 0.013 0.136 
 42  ZFBP107    (0)   :  0.007 0.442 0.057 0.015 0.020 0.040 0.150 0.008 0.033 0.004 0.224 
 43  ZFBP108    (0)   :  0.003 0.653 0.005 0.003 0.007 0.003 0.010 0.003 0.239 0.006 0.068 
 44  ZFBP109    (0)   :  0.005 0.132 0.004 0.004 0.006 0.002 0.048 0.005 0.523 0.005 0.265 
 45  ZFBP110    (0)   :  0.027 0.061 0.045 0.027 0.088 0.003 0.165 0.033 0.494 0.005 0.054 
 46  ZFBP111    (0)   :  0.003 0.122 0.005 0.005 0.013 0.004 0.225 0.005 0.447 0.135 0.037 
 47  ZFBP112    (0)   :  0.003 0.036 0.009 0.004 0.009 0.005 0.015 0.008 0.855 0.038 0.018 
 48  ZFBP113    (0)   :  0.003 0.601 0.004 0.005 0.003 0.005 0.009 0.003 0.357 0.004 0.007 
 49  ZFBP114    (0)   :  0.003 0.028 0.009 0.004 0.004 0.006 0.047 0.004 0.045 0.005 0.844 
 50  ZFBP115    (0)   :  0.003 0.027 0.007 0.005 0.016 0.003 0.822 0.007 0.037 0.013 0.060 
 51  ZFBP116    (0)   :  0.003 0.598 0.006 0.005 0.006 0.005 0.022 0.004 0.320 0.006 0.024 
 52  ZFBP117    (0)   :  0.003 0.431 0.009 0.005 0.011 0.003 0.025 0.014 0.164 0.009 0.325 
 53  ZFBP118    (0)   :  0.004 0.211 0.017 0.005 0.004 0.011 0.054 0.004 0.066 0.010 0.614 
 54  ZFBP119    (0)   :  0.004 0.040 0.012 0.008 0.016 0.002 0.230 0.028 0.043 0.020 0.598 
 55  ZFBP120    (0)   :  0.008 0.373 0.007 0.008 0.021 0.006 0.094 0.005 0.197 0.006 0.275 
 56  ZFBP121    (0)   :  0.005 0.139 0.009 0.005 0.009 0.003 0.017 0.011 0.363 0.005 0.433 
 57  ZFBP122    (9)   :  0.004 0.332 0.007 0.005 0.007 0.003 0.027 0.004 0.559 0.011 0.042 
 58  ZFBP123    (0)   :  0.003 0.017 0.019 0.004 0.006 0.005 0.012 0.006 0.910 0.009 0.009 
 59  ZFBP124    (0)   :  0.010 0.102 0.010 0.005 0.006 0.005 0.026 0.006 0.443 0.005 0.383 
 60  ZFBP125    (0)   :  0.002 0.710 0.007 0.004 0.010 0.003 0.023 0.008 0.029 0.018 0.186 
 61  ZFBP126    (0)   :  0.011 0.518 0.023 0.019 0.004 0.003 0.017 0.019 0.368 0.006 0.012 
 62  ZFBP127    (0)   :  0.003 0.109 0.008 0.003 0.088 0.003 0.121 0.020 0.548 0.005 0.092 
 63  ZFBP128    (0)   :  0.003 0.775 0.009 0.003 0.020 0.002 0.016 0.020 0.098 0.039 0.014 
 64  ZFBP129    (0)   :  0.006 0.266 0.010 0.005 0.008 0.003 0.009 0.013 0.202 0.129 0.349 
 65  ZFBP130    (0)   :  0.002 0.583 0.012 0.005 0.013 0.004 0.047 0.032 0.113 0.086 0.102 
 66  ZFBP131    (0)   :  0.004 0.409 0.003 0.004 0.003 0.004 0.005 0.004 0.467 0.005 0.092 
 67  ZFBP132    (0)   :  0.004 0.206 0.004 0.004 0.020 0.004 0.022 0.004 0.427 0.005 0.301 
 68  ZFBP133    (0)   :  0.003 0.254 0.003 0.003 0.003 0.002 0.007 0.007 0.673 0.035 0.010 
 69  ZFBP134    (0)   :  0.004 0.054 0.003 0.004 0.010 0.003 0.697 0.018 0.185 0.010 0.012 
 70  ZFBP135    (0)   :  0.009 0.467 0.074 0.007 0.022 0.002 0.029 0.210 0.116 0.011 0.051 
 71  ZFBP136    (0)   :  0.004 0.066 0.104 0.004 0.017 0.007 0.091 0.036 0.596 0.033 0.041 
 72  ZFBP201    (0)   :  0.004 0.017 0.004 0.005 0.006 0.005 0.007 0.004 0.937 0.004 0.007 
 73  ZFBP202    (0)   :  0.006 0.383 0.007 0.006 0.017 0.003 0.039 0.006 0.405 0.012 0.116 
 74  ZFBP203    (0)   :  0.009 0.050 0.008 0.028 0.006 0.050 0.011 0.004 0.800 0.015 0.019 
 75  ZFBP204    (0)   :  0.005 0.066 0.040 0.008 0.023 0.007 0.144 0.016 0.217 0.025 0.451 
 76  ZFBP205    (0)   :  0.003 0.011 0.008 0.004 0.003 0.004 0.024 0.006 0.792 0.007 0.139 
 77  ZFBP206    (0)   :  0.004 0.011 0.013 0.004 0.005 0.004 0.007 0.006 0.930 0.011 0.007 
 78  ZFBP207    (0)   :  0.005 0.010 0.008 0.005 0.127 0.005 0.141 0.013 0.056 0.008 0.622 
 79  ZFBP208    (0)   :  0.004 0.009 0.007 0.005 0.003 0.006 0.006 0.004 0.946 0.005 0.007 
 80  ZFBP209    (0)   :  0.003 0.091 0.003 0.003 0.003 0.002 0.008 0.009 0.785 0.053 0.040 
 81  ZFBP210    (0)   :  0.004 0.009 0.005 0.004 0.006 0.005 0.006 0.004 0.946 0.005 0.007 
 82  ZFBP211    (0)   :  0.005 0.111 0.008 0.005 0.010 0.003 0.012 0.005 0.110 0.005 0.727 
 83  ZFBP212    (0)   :  0.005 0.389 0.003 0.004 0.067 0.004 0.113 0.003 0.329 0.006 0.077 
 84  ZFBP213    (0)   :  0.006 0.023 0.020 0.006 0.013 0.004 0.009 0.008 0.889 0.008 0.015 
 85  ZFBP214    (0)   :  0.005 0.010 0.013 0.010 0.025 0.003 0.017 0.028 0.858 0.020 0.010 
 86  ZFBP215    (0)   :  0.003 0.404 0.005 0.003 0.007 0.003 0.009 0.006 0.521 0.008 0.031 
 87  ZFBP216    (0)   :  0.005 0.076 0.006 0.010 0.006 0.006 0.035 0.005 0.793 0.004 0.054 
 88  ZFBP217    (0)   :  0.004 0.014 0.004 0.008 0.029 0.004 0.043 0.006 0.789 0.080 0.019 
 89  ZFBP218    (0)   :  0.004 0.124 0.003 0.004 0.004 0.003 0.031 0.004 0.533 0.014 0.276 
 90  ZFBP219    (0)   :  0.003 0.453 0.004 0.004 0.003 0.004 0.008 0.003 0.506 0.004 0.008 
 91  ZFBP220    (0)   :  0.003 0.215 0.009 0.004 0.015 0.004 0.083 0.019 0.575 0.037 0.035 
 92  ZFBP221    (0)   :  0.005 0.107 0.002 0.004 0.009 0.004 0.508 0.003 0.216 0.010 0.132 
 93  ZFBP222    (0)   :  0.004 0.053 0.004 0.005 0.003 0.004 0.005 0.006 0.899 0.007 0.011 
 94  ZFBP223    (0)   :  0.006 0.046 0.008 0.005 0.239 0.006 0.063 0.008 0.513 0.008 0.098 
 95  ZFBP224    (0)   :  0.004 0.012 0.009 0.005 0.005 0.003 0.008 0.004 0.937 0.004 0.009 
 96  ZFBP225    (0)   :  0.003 0.103 0.009 0.009 0.023 0.010 0.276 0.010 0.294 0.237 0.026 
 97  ZFBP226    (0)   :  0.003 0.134 0.005 0.005 0.005 0.005 0.013 0.004 0.709 0.005 0.113 
 98  ZFBP227    (0)   :  0.027 0.127 0.012 0.129 0.011 0.004 0.195 0.006 0.418 0.007 0.065 
 99  ZFBP228    (0)   :  0.005 0.154 0.005 0.005 0.087 0.003 0.315 0.020 0.140 0.008 0.258 
100  ZFBP229    (0)   :  0.003 0.576 0.003 0.005 0.006 0.003 0.031 0.008 0.247 0.027 0.090 
101  ZFBP230    (0)   :  0.003 0.076 0.009 0.005 0.012 0.003 0.126 0.024 0.644 0.028 0.069 
102  ZFBP231    (0)   :  0.007 0.040 0.020 0.007 0.008 0.005 0.019 0.005 0.059 0.005 0.824 
103  ZFBP232    (0)   :  0.003 0.138 0.005 0.003 0.004 0.003 0.010 0.004 0.179 0.007 0.643 
104  ZFBP233    (0)   :  0.007 0.087 0.009 0.006 0.008 0.004 0.039 0.005 0.678 0.020 0.137 
105   ZFCC01    (0)   :  0.009 0.003 0.009 0.004 0.005 0.004 0.004 0.949 0.006 0.004 0.004 
106   ZFCC03    (0)   :  0.005 0.004 0.006 0.003 0.010 0.003 0.003 0.955 0.004 0.004 0.003 
107   ZFCC04    (0)   :  0.005 0.003 0.012 0.004 0.006 0.004 0.004 0.947 0.005 0.006 0.004 
108   ZFCC05    (0)   :  0.008 0.005 0.047 0.007 0.019 0.005 0.007 0.881 0.011 0.007 0.005 
109   ZFCC08    (0)   :  0.004 0.008 0.009 0.004 0.005 0.002 0.010 0.912 0.013 0.020 0.012 
110   ZFCC09    (0)   :  0.005 0.003 0.006 0.003 0.007 0.003 0.004 0.956 0.003 0.004 0.006 
111   ZFCC10    (0)   :  0.009 0.003 0.009 0.003 0.004 0.004 0.003 0.952 0.005 0.003 0.005 
112   ZFCC11    (0)   :  0.006 0.005 0.009 0.004 0.012 0.004 0.005 0.939 0.007 0.005 0.004 
113   ZFCC12    (0)   :  0.049 0.006 0.051 0.013 0.008 0.005 0.007 0.842 0.008 0.005 0.005 
114   ZFCC13    (0)   :  0.004 0.009 0.008 0.007 0.008 0.011 0.014 0.915 0.012 0.007 0.006 
115   ZFCC14    (0)   :  0.008 0.009 0.026 0.005 0.005 0.007 0.004 0.911 0.010 0.008 0.007 
116   ZFCC15    (0)   :  0.005 0.003 0.006 0.006 0.005 0.005 0.004 0.954 0.004 0.004 0.004 
117   ZFCC16    (0)   :  0.005 0.003 0.016 0.004 0.004 0.003 0.003 0.949 0.004 0.004 0.003 
118   ZFCC17    (0)   :  0.007 0.003 0.051 0.005 0.005 0.009 0.004 0.906 0.003 0.004 0.003 
119   ZFCC18    (0)   :  0.006 0.004 0.008 0.004 0.009 0.004 0.004 0.946 0.005 0.006 0.004 
120   ZFCC19    (0)   :  0.005 0.003 0.010 0.007 0.003 0.008 0.003 0.952 0.003 0.003 0.003 
121   ZFCC20    (0)   :  0.005 0.003 0.011 0.006 0.008 0.003 0.007 0.945 0.004 0.006 0.003 
122   ZFCC21    (0)   :  0.007 0.019 0.012 0.013 0.003 0.006 0.016 0.758 0.121 0.036 0.008 
123   ZFCC22    (0)   :  0.007 0.046 0.010 0.005 0.007 0.006 0.064 0.576 0.197 0.040 0.042 
124   ZFCC26    (0)   :  0.005 0.003 0.009 0.004 0.004 0.003 0.004 0.956 0.004 0.004 0.003 
125   ZFCC27    (0)   :  0.004 0.003 0.006 0.003 0.007 0.003 0.003 0.960 0.003 0.004 0.004 
126   ZFCC29    (0)   :  0.008 0.004 0.018 0.007 0.005 0.004 0.005 0.934 0.006 0.006 0.004 
127   ZFCC30    (0)   :  0.003 0.003 0.006 0.004 0.011 0.004 0.005 0.951 0.004 0.005 0.004 
128   ZFCC32    (0)   :  0.006 0.003 0.010 0.007 0.006 0.007 0.007 0.938 0.005 0.006 0.005 
129   ZFCC33    (0)   :  0.009 0.004 0.288 0.007 0.008 0.005 0.005 0.661 0.004 0.004 0.004 
130   ZFCC34    (0)   :  0.024 0.044 0.052 0.007 0.045 0.011 0.026 0.647 0.052 0.017 0.075 
131   ZFCC35    (0)   :  0.003 0.003 0.007 0.003 0.004 0.004 0.004 0.959 0.003 0.004 0.005 
132   ZFCC36    (0)   :  0.005 0.006 0.011 0.009 0.005 0.019 0.008 0.903 0.017 0.010 0.006 
133   ZFCC37    (0)   :  0.046 0.008 0.036 0.016 0.008 0.006 0.010 0.846 0.012 0.005 0.007 
134   ZFCC40    (0)   :  0.006 0.006 0.014 0.003 0.004 0.014 0.003 0.933 0.009 0.004 0.004 
135   ZFCC42    (0)   :  0.191 0.003 0.561 0.024 0.028 0.098 0.007 0.072 0.005 0.006 0.005 
136   ZFCC44    (0)   :  0.003 0.003 0.018 0.003 0.009 0.009 0.004 0.941 0.003 0.003 0.004 
137   ZFCC45    (9)   :  0.017 0.005 0.049 0.012 0.009 0.021 0.005 0.867 0.007 0.004 0.004 
138   ZFCC46    (0)   :  0.003 0.011 0.015 0.005 0.011 0.004 0.022 0.865 0.017 0.035 0.011 
139   ZFCC47    (0)   :  0.027 0.003 0.011 0.006 0.005 0.003 0.006 0.919 0.005 0.008 0.007 
140   ZFCC48    (0)   :  0.006 0.022 0.014 0.007 0.004 0.004 0.011 0.822 0.067 0.035 0.010 
141   ZFCC50    (0)   :  0.005 0.003 0.010 0.003 0.003 0.004 0.003 0.959 0.003 0.003 0.003 
142   ZFCC51    (0)   :  0.004 0.003 0.005 0.003 0.012 0.003 0.003 0.957 0.003 0.004 0.004 
143   ZFCC52    (0)   :  0.005 0.011 0.037 0.005 0.006 0.008 0.011 0.872 0.019 0.014 0.012 
144   ZFCC53    (0)   :  0.004 0.003 0.005 0.003 0.005 0.003 0.003 0.965 0.003 0.003 0.003 
145  ZFCNS01    (0)   :  0.004 0.007 0.004 0.040 0.831 0.035 0.054 0.007 0.010 0.003 0.005 
146  ZFCNS02    (0)   :  0.003 0.003 0.004 0.003 0.964 0.002 0.005 0.006 0.003 0.004 0.005 
147  ZFCNS05    (0)   :  0.004 0.008 0.006 0.004 0.943 0.002 0.008 0.007 0.007 0.005 0.006 
148  ZFCNS06    (0)   :  0.003 0.004 0.004 0.003 0.962 0.002 0.004 0.005 0.004 0.004 0.005 
149  ZFCNS07    (0)   :  0.003 0.005 0.003 0.003 0.950 0.003 0.005 0.004 0.005 0.009 0.010 
150  ZFCNS10    (0)   :  0.003 0.010 0.003 0.003 0.929 0.005 0.024 0.005 0.007 0.006 0.007 
151  ZFCNS11    (0)   :  0.004 0.005 0.003 0.018 0.914 0.014 0.020 0.007 0.007 0.005 0.004 
152  ZFCNS15    (0)   :  0.003 0.040 0.006 0.004 0.887 0.002 0.026 0.003 0.010 0.007 0.011 
153  ZFCNS17    (0)   :  0.003 0.004 0.004 0.003 0.962 0.002 0.005 0.006 0.003 0.004 0.004 
154  ZFCNS18    (0)   :  0.003 0.010 0.003 0.003 0.934 0.005 0.018 0.005 0.009 0.004 0.006 
155  ZFCNS19    (0)   :  0.003 0.003 0.003 0.003 0.968 0.002 0.005 0.004 0.003 0.004 0.003 
156  ZFCNS20    (0)   :  0.003 0.013 0.008 0.004 0.914 0.002 0.011 0.005 0.010 0.016 0.014 
157  ZFCNS21    (0)   :  0.003 0.003 0.004 0.003 0.967 0.002 0.005 0.004 0.003 0.002 0.003 
158  ZFCNS22    (0)   :  0.004 0.014 0.006 0.004 0.927 0.003 0.010 0.006 0.010 0.006 0.010 
159  ZFCNS23    (0)   :  0.007 0.003 0.026 0.009 0.895 0.013 0.006 0.015 0.009 0.012 0.005 
160  ZFCNS24    (0)   :  0.003 0.005 0.010 0.004 0.939 0.002 0.010 0.008 0.005 0.006 0.008 
161  ZFCNS25    (0)   :  0.003 0.009 0.008 0.004 0.923 0.003 0.012 0.005 0.008 0.011 0.016 
162  ZFCNS26    (0)   :  0.003 0.006 0.003 0.003 0.962 0.002 0.007 0.003 0.003 0.003 0.004 
163  ZFCNS27    (0)   :  0.003 0.029 0.007 0.004 0.856 0.003 0.050 0.003 0.009 0.009 0.027 
164  ZFCNS28    (0)   :  0.003 0.005 0.003 0.003 0.963 0.002 0.005 0.004 0.003 0.004 0.004 
165  ZFCNS29    (0)   :  0.004 0.007 0.007 0.004 0.941 0.002 0.008 0.007 0.007 0.004 0.008 
166  ZFCNS30    (0)   :  0.004 0.005 0.005 0.004 0.951 0.002 0.010 0.007 0.005 0.003 0.005 
167  ZFCNS31    (0)   :  0.003 0.005 0.003 0.003 0.964 0.002 0.006 0.004 0.003 0.004 0.004 
168  ZFCNS32    (0)   :  0.004 0.007 0.006 0.003 0.943 0.002 0.012 0.005 0.005 0.006 0.007 
169  ZFCNS33    (0)   :  0.003 0.003 0.003 0.003 0.965 0.002 0.007 0.004 0.003 0.005 0.003 
170  ZFCNS34    (0)   :  0.004 0.004 0.007 0.004 0.947 0.002 0.006 0.011 0.005 0.004 0.005 
171  ZFCNS35    (0)   :  0.014 0.016 0.003 0.004 0.896 0.002 0.026 0.008 0.012 0.004 0.015 
172  ZFCNS36    (0)   :  0.003 0.005 0.009 0.004 0.934 0.002 0.008 0.010 0.006 0.009 0.009 
173  ZFCNS37    (0)   :  0.003 0.005 0.006 0.007 0.823 0.002 0.126 0.005 0.006 0.009 0.008 
174  ZFCNS39    (0)   :  0.002 0.007 0.006 0.007 0.887 0.005 0.033 0.016 0.008 0.022 0.007 
175  ZFCNS40    (0)   :  0.003 0.006 0.011 0.006 0.659 0.003 0.155 0.026 0.009 0.104 0.019 
176  ZFCNS41    (0)   :  0.006 0.011 0.012 0.010 0.261 0.004 0.636 0.014 0.017 0.006 0.023 
177  ZFCNS42    (0)   :  0.003 0.005 0.004 0.003 0.963 0.002 0.007 0.003 0.004 0.003 0.004 
178  ZFCNS43    (0)   :  0.003 0.003 0.003 0.003 0.966 0.003 0.005 0.005 0.003 0.003 0.003 
179  ZFCNS44    (0)   :  0.003 0.011 0.004 0.003 0.937 0.004 0.017 0.005 0.008 0.003 0.005 
180  ZFCNS46    (0)   :  0.004 0.007 0.005 0.004 0.947 0.002 0.010 0.005 0.006 0.004 0.005 
181  ZFCNS47    (0)   :  0.003 0.003 0.003 0.003 0.968 0.002 0.005 0.004 0.003 0.003 0.003 
182  ZFCNS48    (0)   :  0.003 0.016 0.005 0.004 0.901 0.004 0.031 0.007 0.015 0.006 0.009 
183  ZFCNS49    (0)   :  0.003 0.028 0.003 0.003 0.886 0.004 0.048 0.003 0.009 0.004 0.008 
184   ZFCR01    (0)   :  0.529 0.029 0.003 0.293 0.003 0.008 0.008 0.018 0.067 0.022 0.018 
185   ZFCR02    (0)   :  0.147 0.006 0.017 0.677 0.005 0.014 0.007 0.033 0.025 0.018 0.053 
186   ZFCR03    (0)   :  0.509 0.025 0.072 0.189 0.003 0.034 0.012 0.020 0.086 0.024 0.026 
187   ZFCR04    (0)   :  0.710 0.032 0.006 0.078 0.010 0.025 0.053 0.020 0.015 0.033 0.017 
188   ZFCR05    (0)   :  0.072 0.005 0.005 0.855 0.003 0.009 0.004 0.034 0.005 0.005 0.004 
189   ZFCR06    (0)   :  0.108 0.052 0.008 0.532 0.067 0.004 0.053 0.038 0.035 0.023 0.081 
190   ZFCR07    (0)   :  0.034 0.009 0.038 0.822 0.040 0.006 0.023 0.009 0.012 0.004 0.005 
191   ZFCR08    (0)   :  0.190 0.027 0.045 0.417 0.006 0.059 0.015 0.133 0.037 0.059 0.011 
192   ZFCR09    (0)   :  0.514 0.026 0.028 0.072 0.011 0.092 0.041 0.033 0.072 0.024 0.087 
193   ZFCR11    (0)   :  0.184 0.007 0.005 0.656 0.010 0.005 0.081 0.013 0.007 0.003 0.029 
194   ZFCR12    (0)   :  0.010 0.025 0.009 0.698 0.114 0.005 0.074 0.015 0.010 0.024 0.017 
195   ZFCR13    (0)   :  0.007 0.104 0.006 0.788 0.007 0.004 0.008 0.007 0.016 0.005 0.049 
196   ZFCR14    (0)   :  0.024 0.010 0.006 0.903 0.005 0.005 0.007 0.012 0.008 0.013 0.007 
197   ZFCR15    (0)   :  0.079 0.025 0.011 0.739 0.005 0.016 0.017 0.019 0.025 0.045 0.019 
198   ZFCR16    (0)   :  0.071 0.022 0.006 0.778 0.003 0.005 0.007 0.013 0.039 0.031 0.025 
199   ZFCR18    (0)   :  0.748 0.007 0.051 0.069 0.011 0.004 0.008 0.024 0.013 0.011 0.053 
200   ZFCR19    (0)   :  0.517 0.026 0.007 0.081 0.005 0.005 0.010 0.016 0.013 0.301 0.021 
201   ZFCR20    (0)   :  0.615 0.066 0.033 0.106 0.005 0.005 0.015 0.008 0.117 0.011 0.019 
202   ZFCR21    (0)   :  0.013 0.015 0.006 0.888 0.003 0.003 0.014 0.021 0.016 0.011 0.011 
203   ZFCR22    (0)   :  0.009 0.012 0.007 0.908 0.003 0.003 0.007 0.005 0.013 0.024 0.010 
204   ZFCR23    (0)   :  0.013 0.186 0.003 0.637 0.004 0.027 0.022 0.003 0.072 0.005 0.027 
205   ZFCR24    (9)   :  0.088 0.435 0.012 0.308 0.003 0.005 0.009 0.009 0.100 0.007 0.023 
206   ZFCR25    (0)   :  0.015 0.004 0.007 0.948 0.003 0.002 0.005 0.005 0.004 0.003 0.003 
207   ZFCR26    (0)   :  0.195 0.022 0.009 0.645 0.004 0.004 0.019 0.022 0.030 0.030 0.020 
208   ZFCR27    (9)   :  0.061 0.003 0.004 0.907 0.003 0.004 0.003 0.005 0.003 0.003 0.003 
209   ZFCR28    (0)   :  0.009 0.020 0.007 0.573 0.020 0.009 0.012 0.009 0.246 0.059 0.037 
210   ZFCR29    (0)   :  0.119 0.027 0.005 0.787 0.002 0.003 0.009 0.010 0.018 0.007 0.012 
211   ZFCR30    (0)   :  0.009 0.006 0.005 0.942 0.005 0.004 0.007 0.005 0.006 0.006 0.005 
212   ZFCR31    (0)   :  0.462 0.039 0.025 0.148 0.035 0.014 0.059 0.013 0.106 0.026 0.073 
213   ZFCR33    (0)   :  0.033 0.007 0.010 0.848 0.007 0.021 0.011 0.039 0.010 0.010 0.006 
214   ZFCR34    (0)   :  0.039 0.043 0.004 0.735 0.011 0.017 0.044 0.027 0.053 0.014 0.013 
215   ZFCR35    (0)   :  0.810 0.021 0.009 0.073 0.009 0.007 0.015 0.028 0.010 0.010 0.007 
216   ZFCR36    (0)   :  0.088 0.012 0.005 0.822 0.016 0.014 0.008 0.009 0.012 0.006 0.007 
217   ZFCR37    (0)   :  0.020 0.004 0.013 0.897 0.004 0.009 0.005 0.035 0.005 0.004 0.004 
218   ZFCR38    (0)   :  0.039 0.005 0.013 0.860 0.007 0.009 0.006 0.041 0.007 0.009 0.006 
219   ZFCR39    (0)   :  0.041 0.020 0.080 0.138 0.003 0.360 0.014 0.205 0.072 0.031 0.036 
220   ZFCR40    (0)   :  0.025 0.017 0.006 0.824 0.004 0.055 0.014 0.031 0.015 0.004 0.006 
221   ZFCR41    (0)   :  0.008 0.007 0.006 0.835 0.011 0.003 0.050 0.050 0.011 0.012 0.007 
222   ZFCR42    (0)   :  0.010 0.028 0.011 0.811 0.010 0.014 0.018 0.037 0.026 0.019 0.015 
223   ZFCR43    (0)   :  0.038 0.164 0.004 0.713 0.004 0.005 0.006 0.005 0.010 0.005 0.046 
224  ZFENP25    (0)   :  0.047 0.009 0.008 0.863 0.003 0.007 0.005 0.022 0.019 0.011 0.004 
225  ZFENP26    (0)   :  0.014 0.003 0.005 0.940 0.003 0.016 0.005 0.006 0.003 0.003 0.003 
226  ZFENP27    (0)   :  0.389 0.017 0.039 0.166 0.081 0.022 0.052 0.196 0.023 0.009 0.006 
227  ZFENP28    (0)   :  0.036 0.003 0.006 0.892 0.009 0.020 0.004 0.015 0.004 0.004 0.006 
228  ZFENP29    (0)   :  0.007 0.004 0.007 0.946 0.005 0.008 0.004 0.008 0.004 0.003 0.003 
229  ZFENP30    (0)   :  0.011 0.003 0.137 0.761 0.007 0.028 0.004 0.031 0.005 0.006 0.006 
230  ZFENP31    (0)   :  0.132 0.004 0.392 0.116 0.007 0.311 0.004 0.013 0.006 0.004 0.011 
231  ZFENP32    (0)   :  0.428 0.008 0.117 0.192 0.028 0.158 0.012 0.012 0.019 0.006 0.020 
232  ZFENP33    (0)   :  0.034 0.006 0.032 0.888 0.005 0.010 0.006 0.006 0.006 0.003 0.004 
233  ZFENP34    (0)   :  0.648 0.006 0.054 0.203 0.018 0.008 0.009 0.025 0.009 0.005 0.014 
234  ZFENP35    (0)   :  0.016 0.013 0.008 0.719 0.013 0.193 0.016 0.005 0.008 0.004 0.004 
235  ZFENP36    (0)   :  0.019 0.003 0.011 0.919 0.011 0.021 0.004 0.003 0.004 0.002 0.003 
236  ZFENP37    (0)   :  0.100 0.008 0.012 0.793 0.010 0.042 0.009 0.010 0.008 0.004 0.006 
237  ZFENP38    (0)   :  0.009 0.005 0.014 0.918 0.014 0.009 0.007 0.010 0.006 0.004 0.004 
238  ZFENP39    (0)   :  0.032 0.004 0.006 0.904 0.005 0.024 0.004 0.012 0.004 0.003 0.003 
239  ZFENP40    (0)   :  0.090 0.010 0.020 0.739 0.007 0.095 0.006 0.011 0.011 0.004 0.007 
240  ZFENP41    (0)   :  0.028 0.009 0.087 0.567 0.011 0.131 0.008 0.134 0.007 0.011 0.007 
241  ZFENP42    (0)   :  0.005 0.003 0.009 0.644 0.003 0.315 0.004 0.006 0.004 0.004 0.003 
242  ZFENP43    (0)   :  0.019 0.005 0.007 0.822 0.056 0.013 0.031 0.034 0.005 0.004 0.005 
243  ZFENP44    (0)   :  0.015 0.015 0.029 0.604 0.020 0.221 0.038 0.028 0.020 0.003 0.006 
244  ZFENP45    (0)   :  0.015 0.018 0.024 0.330 0.010 0.195 0.013 0.019 0.021 0.315 0.039 
245  ZFENP46    (0)   :  0.014 0.013 0.008 0.904 0.008 0.019 0.013 0.003 0.009 0.003 0.006 
246  ZFENP47    (0)   :  0.141 0.012 0.054 0.131 0.003 0.320 0.004 0.151 0.011 0.160 0.012 
247  ZFENP48    (0)   :  0.593 0.007 0.178 0.099 0.012 0.011 0.007 0.029 0.024 0.016 0.023 
248  ZFENP49    (0)   :  0.154 0.019 0.185 0.568 0.007 0.007 0.007 0.012 0.013 0.015 0.015 
249  ZFENP50    (0)   :  0.010 0.016 0.006 0.813 0.005 0.050 0.013 0.004 0.049 0.006 0.028 
250  ZFENP51    (0)   :  0.288 0.004 0.050 0.466 0.005 0.112 0.004 0.007 0.004 0.056 0.005 
251  ZFENP52    (0)   :  0.004 0.004 0.007 0.903 0.021 0.015 0.020 0.015 0.004 0.003 0.004 
252  ZFENP53    (0)   :  0.007 0.013 0.008 0.837 0.012 0.032 0.012 0.006 0.024 0.016 0.034 
253  ZFENP54    (0)   :  0.031 0.016 0.031 0.754 0.005 0.011 0.013 0.028 0.062 0.010 0.039 
254  ZFENP55    (0)   :  0.037 0.005 0.010 0.914 0.004 0.006 0.005 0.003 0.006 0.004 0.006 
255  ZFENP56    (0)   :  0.012 0.003 0.010 0.935 0.008 0.008 0.008 0.006 0.003 0.004 0.004 
256  ZFENP57    (0)   :  0.021 0.004 0.015 0.816 0.013 0.107 0.007 0.004 0.006 0.003 0.003 
257  ZFENP58    (0)   :  0.017 0.004 0.286 0.536 0.016 0.005 0.010 0.019 0.016 0.082 0.008 
258  ZFENP59    (0)   :  0.034 0.005 0.046 0.709 0.006 0.103 0.004 0.079 0.005 0.004 0.006 
259  ZFENP60    (0)   :  0.080 0.009 0.006 0.828 0.006 0.026 0.006 0.010 0.008 0.012 0.008 
260  ZFENP61    (0)   :  0.030 0.003 0.008 0.915 0.004 0.014 0.003 0.014 0.003 0.002 0.003 
261 ZFFDSP01    (0)   :  0.005 0.203 0.004 0.004 0.015 0.003 0.054 0.004 0.683 0.015 0.009 
262 ZFFDSP02    (0)   :  0.003 0.940 0.003 0.003 0.003 0.002 0.007 0.003 0.027 0.004 0.005 
263 ZFFDSP04    (0)   :  0.004 0.549 0.003 0.003 0.003 0.002 0.010 0.004 0.396 0.012 0.013 
264 ZFFDSP05    (0)   :  0.004 0.876 0.003 0.005 0.005 0.004 0.039 0.004 0.038 0.010 0.013 
265 ZFFDSP06    (0)   :  0.005 0.352 0.004 0.003 0.003 0.002 0.037 0.014 0.432 0.015 0.133 
266 ZFFDSP07    (0)   :  0.003 0.154 0.028 0.005 0.005 0.005 0.007 0.013 0.712 0.039 0.029 
267 ZFFDSP08    (0)   :  0.004 0.125 0.035 0.007 0.015 0.005 0.042 0.015 0.449 0.107 0.197 
268 ZFFDSP10    (0)   :  0.004 0.550 0.015 0.006 0.006 0.006 0.022 0.006 0.339 0.022 0.025 
269 ZFFDSP11    (0)   :  0.004 0.420 0.003 0.004 0.004 0.003 0.013 0.005 0.511 0.009 0.024 
270 ZFFDSP12    (0)   :  0.003 0.112 0.005 0.004 0.005 0.003 0.012 0.004 0.493 0.011 0.348 
271 ZFFDSP13    (0)   :  0.004 0.051 0.010 0.006 0.018 0.004 0.803 0.010 0.066 0.005 0.023 
272 ZFFDSP14    (0)   :  0.004 0.282 0.010 0.004 0.004 0.004 0.006 0.008 0.635 0.029 0.014 
273 ZFFDSP16    (0)   :  0.006 0.056 0.004 0.007 0.013 0.003 0.010 0.008 0.874 0.004 0.015 
274 ZFFDSP17    (0)   :  0.004 0.130 0.005 0.005 0.006 0.003 0.019 0.006 0.790 0.009 0.023 
275 ZFFDSP18    (0)   :  0.005 0.824 0.003 0.003 0.004 0.002 0.006 0.006 0.108 0.020 0.018 
276 ZFFDSP19    (0)   :  0.004 0.099 0.004 0.004 0.102 0.002 0.033 0.025 0.687 0.018 0.022 
277 ZFFDSP21    (0)   :  0.003 0.149 0.004 0.003 0.064 0.003 0.197 0.020 0.540 0.007 0.009 
278 ZFFDSP22    (0)   :  0.003 0.183 0.004 0.003 0.004 0.002 0.010 0.007 0.649 0.085 0.051 
279 ZFFDSP23    (0)   :  0.003 0.832 0.003 0.003 0.007 0.002 0.038 0.004 0.029 0.067 0.012 
280 ZFFDSP24    (0)   :  0.004 0.937 0.005 0.004 0.007 0.002 0.013 0.004 0.014 0.006 0.006 
281 ZFFDSP26    (9)   :  0.004 0.877 0.004 0.004 0.006 0.003 0.024 0.005 0.043 0.012 0.019 
282 ZFFDSP27    (0)   :  0.004 0.941 0.003 0.003 0.005 0.003 0.008 0.003 0.016 0.006 0.007 
283 ZFFDSP28    (0)   :  0.034 0.781 0.027 0.012 0.004 0.008 0.016 0.011 0.076 0.009 0.022 
284 ZFFDSP30    (0)   :  0.013 0.083 0.007 0.004 0.041 0.006 0.161 0.005 0.662 0.007 0.011 
285 ZFFDSP31    (0)   :  0.004 0.199 0.006 0.006 0.009 0.002 0.039 0.006 0.035 0.007 0.685 
286 ZFFDSP32    (0)   :  0.003 0.331 0.005 0.003 0.005 0.003 0.011 0.003 0.621 0.006 0.009 
287 ZFFDSP33    (0)   :  0.003 0.566 0.003 0.003 0.007 0.003 0.021 0.003 0.353 0.008 0.030 
288 ZFFDSP34    (0)   :  0.005 0.530 0.005 0.004 0.006 0.002 0.031 0.016 0.041 0.012 0.348 
289 ZFFDSP35    (0)   :  0.004 0.925 0.004 0.003 0.004 0.002 0.016 0.004 0.024 0.006 0.007 
290 ZFFDSP37    (0)   :  0.003 0.826 0.003 0.003 0.005 0.002 0.009 0.003 0.131 0.004 0.010 
291 ZFFDSP38    (0)   :  0.003 0.950 0.004 0.003 0.004 0.002 0.005 0.004 0.009 0.005 0.009 
292 ZFFDSP39    (0)   :  0.003 0.918 0.003 0.003 0.006 0.002 0.042 0.003 0.007 0.007 0.007 
293 ZFFDSP40    (0)   :  0.003 0.945 0.003 0.003 0.006 0.002 0.015 0.003 0.009 0.004 0.006 
294 ZFFDSP42    (0)   :  0.003 0.898 0.003 0.003 0.006 0.002 0.017 0.004 0.013 0.037 0.013 
295 ZFFDSP43    (0)   :  0.003 0.951 0.003 0.003 0.006 0.002 0.008 0.003 0.006 0.007 0.009 
296 ZFFDSP44    (0)   :  0.004 0.857 0.004 0.004 0.008 0.003 0.019 0.003 0.078 0.005 0.016 
297 ZFFDSP45    (0)   :  0.003 0.951 0.004 0.003 0.004 0.002 0.007 0.003 0.011 0.004 0.007 
298 ZFFDSP46    (0)   :  0.003 0.941 0.004 0.003 0.005 0.002 0.008 0.004 0.012 0.009 0.010 
299 ZFFDSP47    (0)   :  0.003 0.844 0.005 0.003 0.011 0.003 0.089 0.003 0.015 0.011 0.011 
300 ZFFDSP48    (0)   :  0.003 0.939 0.004 0.003 0.007 0.002 0.020 0.003 0.007 0.004 0.007 
301    ZFI01    (0)   :  0.940 0.004 0.008 0.007 0.011 0.006 0.005 0.006 0.006 0.004 0.004 
302    ZFI02    (0)   :  0.941 0.007 0.003 0.006 0.014 0.004 0.005 0.004 0.005 0.005 0.005 
303    ZFI03    (0)   :  0.949 0.003 0.005 0.007 0.011 0.003 0.005 0.006 0.004 0.003 0.004 
304    ZFI04    (0)   :  0.953 0.004 0.006 0.007 0.006 0.004 0.004 0.005 0.004 0.003 0.004 
305    ZFI05    (0)   :  0.905 0.006 0.010 0.007 0.042 0.004 0.008 0.004 0.006 0.003 0.005 
306    ZFI06    (0)   :  0.831 0.013 0.006 0.008 0.087 0.004 0.023 0.004 0.015 0.003 0.007 
307    ZFI07    (0)   :  0.954 0.004 0.006 0.006 0.006 0.004 0.004 0.005 0.004 0.002 0.004 
308    ZFI08    (0)   :  0.955 0.003 0.005 0.011 0.004 0.004 0.003 0.005 0.003 0.003 0.004 
309    ZFI09    (0)   :  0.952 0.004 0.005 0.007 0.009 0.003 0.005 0.004 0.005 0.003 0.004 
310    ZFI10    (0)   :  0.828 0.006 0.005 0.007 0.119 0.006 0.009 0.004 0.007 0.004 0.006 
311    ZFI11    (0)   :  0.953 0.004 0.007 0.006 0.010 0.004 0.004 0.004 0.004 0.003 0.003 
312    ZFI12    (0)   :  0.936 0.005 0.006 0.007 0.019 0.003 0.007 0.006 0.005 0.003 0.004 
313    ZFI13    (0)   :  0.943 0.004 0.011 0.007 0.009 0.005 0.005 0.005 0.005 0.002 0.003 
314    ZFI14    (0)   :  0.911 0.021 0.005 0.005 0.009 0.006 0.010 0.005 0.016 0.004 0.008 
315    ZFI15    (0)   :  0.955 0.005 0.006 0.006 0.007 0.003 0.004 0.004 0.004 0.002 0.004 
316    ZFI16    (0)   :  0.957 0.004 0.004 0.005 0.008 0.003 0.005 0.005 0.004 0.002 0.003 
317    ZFI17    (0)   :  0.946 0.004 0.005 0.007 0.014 0.005 0.005 0.004 0.004 0.002 0.004 
318    ZFI18    (0)   :  0.956 0.004 0.004 0.006 0.008 0.006 0.004 0.003 0.003 0.002 0.003 
319    ZFI19    (9)   :  0.957 0.003 0.007 0.006 0.007 0.004 0.004 0.003 0.004 0.002 0.003 
320    ZFI20    (0)   :  0.943 0.009 0.003 0.006 0.007 0.005 0.008 0.004 0.007 0.003 0.004 
321    ZFI21    (0)   :  0.853 0.033 0.004 0.005 0.015 0.006 0.031 0.004 0.038 0.003 0.007 
322    ZFI22    (0)   :  0.949 0.008 0.004 0.005 0.005 0.003 0.004 0.007 0.005 0.004 0.005 
323    ZFI23    (0)   :  0.953 0.004 0.005 0.005 0.010 0.003 0.005 0.004 0.004 0.002 0.004 
324    ZFI24    (0)   :  0.936 0.004 0.007 0.009 0.014 0.003 0.006 0.007 0.005 0.003 0.005 
325    ZFI25    (0)   :  0.946 0.007 0.005 0.007 0.006 0.003 0.005 0.007 0.005 0.004 0.006 
326    ZFI26    (0)   :  0.952 0.004 0.008 0.007 0.005 0.003 0.004 0.007 0.004 0.003 0.004 
327    ZFI27    (0)   :  0.873 0.005 0.015 0.011 0.063 0.004 0.010 0.005 0.007 0.003 0.005 
328    ZFK01    (0)   :  0.003 0.004 0.959 0.004 0.007 0.003 0.004 0.005 0.003 0.004 0.004 
329    ZFK02    (0)   :  0.003 0.004 0.960 0.004 0.006 0.002 0.004 0.006 0.003 0.004 0.004 
330    ZFK03    (0)   :  0.004 0.003 0.964 0.003 0.005 0.003 0.003 0.004 0.003 0.003 0.004 
331    ZFK04    (0)   :  0.004 0.003 0.967 0.003 0.004 0.003 0.003 0.004 0.003 0.003 0.003 
332    ZFK05    (0)   :  0.009 0.003 0.952 0.004 0.004 0.008 0.003 0.010 0.003 0.003 0.003 
333    ZFK06    (0)   :  0.007 0.003 0.952 0.006 0.004 0.005 0.003 0.011 0.003 0.003 0.003 
334    ZFK07    (0)   :  0.003 0.004 0.958 0.004 0.005 0.004 0.005 0.005 0.004 0.005 0.003 
335    ZFK08    (0)   :  0.004 0.003 0.965 0.004 0.003 0.003 0.003 0.004 0.004 0.003 0.003 
336    ZFK10    (0)   :  0.004 0.003 0.966 0.004 0.004 0.003 0.003 0.005 0.003 0.003 0.003 
337    ZFK11    (0)   :  0.007 0.003 0.951 0.005 0.004 0.008 0.003 0.010 0.003 0.003 0.004 
338    ZFK12    (0)   :  0.003 0.005 0.945 0.005 0.004 0.003 0.008 0.007 0.007 0.009 0.005 
339    ZFK13    (0)   :  0.003 0.019 0.887 0.004 0.005 0.012 0.020 0.008 0.022 0.009 0.012 
340    ZFK14    (0)   :  0.009 0.017 0.676 0.007 0.013 0.014 0.022 0.159 0.028 0.038 0.016 
341    ZFK15    (0)   :  0.004 0.017 0.912 0.003 0.005 0.012 0.011 0.006 0.016 0.004 0.010 
342    ZFK16    (0)   :  0.003 0.004 0.951 0.004 0.005 0.004 0.006 0.006 0.005 0.006 0.006 
343   ZFLB01    (0)   :  0.007 0.037 0.013 0.007 0.007 0.870 0.019 0.003 0.015 0.008 0.012 
344   ZFLB02    (0)   :  0.016 0.006 0.003 0.016 0.005 0.936 0.005 0.003 0.003 0.004 0.003 
345   ZFLB03    (0)   :  0.006 0.003 0.009 0.011 0.034 0.912 0.006 0.005 0.005 0.004 0.005 
346   ZFLB04    (0)   :  0.016 0.013 0.009 0.007 0.230 0.645 0.028 0.009 0.022 0.009 0.012 
347   ZFLB05    (0)   :  0.012 0.017 0.016 0.007 0.015 0.887 0.018 0.003 0.010 0.005 0.008 
348   ZFLB06    (0)   :  0.007 0.009 0.070 0.008 0.006 0.850 0.008 0.007 0.011 0.008 0.017 
349   ZFLB07    (0)   :  0.029 0.015 0.079 0.162 0.056 0.571 0.032 0.009 0.015 0.011 0.019 
350   ZFLB08    (0)   :  0.026 0.008 0.008 0.018 0.010 0.907 0.007 0.004 0.005 0.004 0.004 
351   ZFLB09    (9)   :  0.009 0.006 0.016 0.007 0.005 0.931 0.005 0.007 0.006 0.004 0.005 
352   ZFLB10    (0)   :  0.007 0.004 0.007 0.004 0.006 0.954 0.004 0.004 0.004 0.003 0.003 
353   ZFLB11    (0)   :  0.004 0.003 0.015 0.005 0.004 0.940 0.005 0.008 0.005 0.005 0.005 
354   ZFLB12    (0)   :  0.005 0.003 0.008 0.005 0.004 0.958 0.003 0.005 0.003 0.003 0.003 
355   ZFLB13    (0)   :  0.011 0.018 0.012 0.039 0.020 0.816 0.034 0.016 0.023 0.004 0.008 
356  ZFLTI01    (0)   :  0.004 0.042 0.006 0.005 0.009 0.002 0.859 0.033 0.017 0.011 0.011 
357  ZFLTI02    (0)   :  0.004 0.008 0.009 0.005 0.027 0.002 0.848 0.059 0.007 0.011 0.021 
358  ZFLTI03    (0)   :  0.003 0.008 0.005 0.004 0.012 0.002 0.936 0.008 0.007 0.008 0.007 
359  ZFLTI04    (0)   :  0.005 0.012 0.012 0.005 0.020 0.003 0.900 0.010 0.012 0.006 0.016 
360  ZFLTI05    (0)   :  0.004 0.010 0.005 0.004 0.016 0.002 0.935 0.007 0.006 0.005 0.007 
361  ZFLTI06    (0)   :  0.004 0.052 0.004 0.003 0.007 0.003 0.889 0.006 0.014 0.012 0.006 
362  ZFLTI07    (0)   :  0.004 0.042 0.005 0.004 0.007 0.002 0.908 0.006 0.012 0.004 0.006 
363  ZFLTI08    (0)   :  0.006 0.007 0.006 0.005 0.022 0.002 0.929 0.005 0.005 0.004 0.009 
364  ZFLTI09    (0)   :  0.006 0.015 0.005 0.004 0.007 0.002 0.924 0.006 0.010 0.005 0.015 
365  ZFLTI10    (0)   :  0.005 0.020 0.005 0.004 0.007 0.002 0.911 0.009 0.011 0.004 0.021 
366  ZFLTI11    (0)   :  0.005 0.014 0.005 0.004 0.010 0.003 0.914 0.008 0.011 0.015 0.012 
367  ZFLTI12    (0)   :  0.004 0.011 0.006 0.004 0.010 0.002 0.901 0.022 0.009 0.014 0.017 
368  ZFLTI13    (0)   :  0.004 0.013 0.008 0.006 0.047 0.002 0.875 0.018 0.008 0.011 0.006 
369  ZFLTI14    (0)   :  0.006 0.030 0.011 0.006 0.170 0.002 0.635 0.086 0.011 0.005 0.037 
370 ZFONF101    (0)   :  0.004 0.015 0.003 0.004 0.003 0.003 0.007 0.002 0.008 0.004 0.947 
371 ZFONF102    (0)   :  0.003 0.018 0.003 0.004 0.003 0.006 0.004 0.003 0.010 0.008 0.939 
372 ZFONF103    (0)   :  0.004 0.008 0.010 0.005 0.019 0.003 0.012 0.006 0.009 0.008 0.917 
373 ZFONF104    (0)   :  0.002 0.016 0.002 0.003 0.003 0.002 0.008 0.004 0.013 0.013 0.933 
374 ZFONF105    (0)   :  0.003 0.005 0.004 0.003 0.005 0.003 0.006 0.004 0.008 0.020 0.939 
375 ZFONF106    (0)   :  0.003 0.009 0.003 0.003 0.003 0.002 0.004 0.003 0.007 0.004 0.958 
376 ZFONF107    (0)   :  0.007 0.005 0.009 0.006 0.007 0.015 0.004 0.004 0.006 0.004 0.933 
377 ZFONF108    (0)   :  0.003 0.005 0.009 0.004 0.008 0.005 0.004 0.004 0.005 0.005 0.948 
378 ZFONF109    (9)   :  0.003 0.006 0.006 0.003 0.006 0.004 0.006 0.005 0.004 0.009 0.949 
379 ZFONF110    (0)   :  0.003 0.076 0.003 0.003 0.004 0.002 0.010 0.007 0.015 0.014 0.863 
380 ZFONF111    (0)   :  0.006 0.007 0.003 0.012 0.004 0.010 0.009 0.008 0.013 0.010 0.918 
381 ZFONF112    (0)   :  0.003 0.007 0.004 0.003 0.009 0.002 0.005 0.004 0.006 0.025 0.931 
382 ZFONF113    (9)   :  0.003 0.007 0.010 0.007 0.005 0.011 0.010 0.006 0.012 0.009 0.920 
383 ZFONF115    (0)   :  0.004 0.006 0.005 0.003 0.005 0.002 0.005 0.004 0.008 0.007 0.952 
384 ZFONF116    (0)   :  0.008 0.025 0.006 0.004 0.010 0.003 0.006 0.007 0.152 0.030 0.750 
385 ZFONF117    (0)   :  0.004 0.021 0.011 0.005 0.022 0.003 0.103 0.006 0.036 0.025 0.765 
386 ZFONF118    (0)   :  0.005 0.022 0.007 0.004 0.015 0.002 0.017 0.007 0.008 0.013 0.901 
387 ZFONF119    (0)   :  0.004 0.016 0.012 0.004 0.007 0.005 0.012 0.007 0.608 0.026 0.299 
388 ZFONF120    (0)   :  0.003 0.012 0.022 0.004 0.004 0.005 0.012 0.012 0.703 0.027 0.196 
389 ZFONF121    (0)   :  0.005 0.043 0.010 0.005 0.008 0.006 0.015 0.004 0.260 0.105 0.540 
390 ZFONF122    (0)   :  0.005 0.026 0.013 0.007 0.013 0.003 0.072 0.013 0.036 0.007 0.805 
391 ZFONF123    (0)   :  0.006 0.078 0.006 0.005 0.004 0.041 0.007 0.006 0.213 0.044 0.590 
392 ZFONF124    (0)   :  0.002 0.005 0.005 0.003 0.004 0.004 0.004 0.003 0.005 0.009 0.956 
393 ZFONF125    (0)   :  0.004 0.027 0.017 0.012 0.005 0.027 0.015 0.017 0.082 0.082 0.711 
394 ZFONF126    (0)   :  0.007 0.030 0.007 0.005 0.006 0.002 0.010 0.020 0.075 0.018 0.820 
395 ZFONF201    (0)   :  0.069 0.068 0.006 0.015 0.004 0.050 0.037 0.044 0.107 0.568 0.032 
396 ZFONF202    (0)   :  0.003 0.086 0.004 0.003 0.004 0.002 0.009 0.009 0.058 0.811 0.011 
397 ZFONF203    (0)   :  0.004 0.009 0.009 0.006 0.003 0.003 0.006 0.006 0.010 0.939 0.007 
