

----------------------------------------------------
STRUCTURE by Pritchard, Stephens and Donnelly (2000)
     and Falush, Stephens and Pritchard (2003)
       Code by Pritchard, Falush and Hubisz
             Version 2.3.4 (Jul 2012)
----------------------------------------------------



Command line arguments:   bin\structure -m C:\Users\eschumacher\Documents\GitHub\GCC_QUAC_ZAIN\Data_Files\Structure_Files\ZAIN\ZAIN_wild_rebinned_nopopinfo\50-50\mainparams -e C:\Users\eschumacher\Documents\GitHub\GCC_QUAC_ZAIN\Data_Files\Structure_Files\ZAIN\ZAIN_wild_rebinned_nopopinfo\50-50\extraparams 
Input File:    C:\Users\eschumacher\Documents\GitHub\GCC_QUAC_ZAIN\Data_Files\Structure_Files\ZAIN\ZAIN_wild_rebinned_nopopinfo\project_data

Run parameters:
   751 individuals
   11 loci
   16 populations assumed
   50000 Burn-in period
   50000 Reps


--------------------------------------------
Overall proportion of membership of the
sample in each of the 16 clusters

Inferred Clusters
  1      2      3      4      5      6      7      8      9     10     11     12     13     14     15     16    
0.032  0.059  0.064  0.053  0.083  0.079  0.091  0.086  0.058  0.047  0.066  0.072  0.057  0.050  0.067  0.035  

--------------------------------------------

Allele-freq. divergence among pops (Net nucleotide distance),
computed using point estimates of P.

      1       2       3       4       5       6       7       8       9      10      11      12      13      14      15      16      
 1      -    0.2868  0.2876  0.2035  0.2042  0.1626  0.1944  0.2668  0.1899  0.1838  0.2482  0.2033  0.2431  0.3261  0.2688  0.2236  
 2   0.2868     -    0.4111  0.1160  0.2173  0.2897  0.1374  0.3876  0.1942  0.1954  0.3014  0.1297  0.3656  0.4709  0.1696  0.2878  
 3   0.2876  0.4111     -    0.3041  0.2034  0.1312  0.2911  0.1169  0.2139  0.1502  0.3132  0.2885  0.1897  0.3827  0.3371  0.1202  
 4   0.2035  0.1160  0.3041     -    0.2212  0.2111  0.1106  0.2802  0.2111  0.1633  0.2386  0.0731  0.3110  0.4007  0.0908  0.2059  
 5   0.2042  0.2173  0.2034  0.2212     -    0.1672  0.1792  0.2339  0.1980  0.1236  0.2066  0.2233  0.2768  0.3622  0.2822  0.1823  
 6   0.1626  0.2897  0.1312  0.2111  0.1672     -    0.1694  0.1422  0.1221  0.0629  0.2047  0.2092  0.1459  0.1852  0.2533  0.1411  
 7   0.1944  0.1374  0.2911  0.1106  0.1792  0.1694     -    0.2717  0.1321  0.1362  0.1347  0.0762  0.3134  0.3798  0.0772  0.2249  
 8   0.2668  0.3876  0.1169  0.2802  0.2339  0.1422  0.2717     -    0.2338  0.1243  0.3029  0.2683  0.1585  0.3146  0.2797  0.1086  
 9   0.1899  0.1942  0.2139  0.2111  0.1980  0.1221  0.1321  0.2338     -    0.1133  0.2574  0.1574  0.2442  0.3820  0.2268  0.1921  
10   0.1838  0.1954  0.1502  0.1633  0.1236  0.0629  0.1362  0.1243  0.1133     -    0.2457  0.1455  0.1492  0.2482  0.1774  0.0877  
11   0.2482  0.3014  0.3132  0.2386  0.2066  0.2047  0.1347  0.3029  0.2574  0.2457     -    0.2710  0.3811  0.4593  0.2773  0.3216  
12   0.2033  0.1297  0.2885  0.0731  0.2233  0.2092  0.0762  0.2683  0.1574  0.1455  0.2710     -    0.2957  0.3669  0.0436  0.1752  
13   0.2431  0.3656  0.1897  0.3110  0.2768  0.1459  0.3134  0.1585  0.2442  0.1492  0.3811  0.2957     -    0.2245  0.3582  0.1552  
14   0.3261  0.4709  0.3827  0.4007  0.3622  0.1852  0.3798  0.3146  0.3820  0.2482  0.4593  0.3669  0.2245     -    0.4341  0.3559  
15   0.2688  0.1696  0.3371  0.0908  0.2822  0.2533  0.0772  0.2797  0.2268  0.1774  0.2773  0.0436  0.3582  0.4341     -    0.2065  
16   0.2236  0.2878  0.1202  0.2059  0.1823  0.1411  0.2249  0.1086  0.1921  0.0877  0.3216  0.1752  0.1552  0.3559  0.2065     -    

Average distances (expected heterozygosity) between individuals in same cluster:
cluster  1  : 0.2422 
cluster  2  : 0.3548 
cluster  3  : 0.2770 
cluster  4  : 0.3986 
cluster  5  : 0.3803 
cluster  6  : 0.5274 
cluster  7  : 0.4241 
cluster  8  : 0.4620 
cluster  9  : 0.3812 
cluster 10  : 0.6205 
cluster 11  : 0.2203 
cluster 12  : 0.3849 
cluster 13  : 0.3739 
cluster 14  : 0.2465 
cluster 15  : 0.3108 
cluster 16  : 0.4538 

--------------------------------------------
Estimated Ln Prob of Data   = -12928.2
Mean value of ln likelihood = -12331.7
Variance of ln likelihood   = 1192.8
Mean value of alpha         = 0.0321

Mean value of Fst_1         = 0.6333
Mean value of Fst_2         = 0.4574
Mean value of Fst_3         = 0.5772
Mean value of Fst_4         = 0.3951
Mean value of Fst_5         = 0.4258
Mean value of Fst_6         = 0.1658
Mean value of Fst_7         = 0.4310
Mean value of Fst_8         = 0.4708
Mean value of Fst_9         = 0.4322
Mean value of Fst_10         = 0.1365
Mean value of Fst_11         = 0.6776
Mean value of Fst_12         = 0.3882
Mean value of Fst_13         = 0.5562
Mean value of Fst_14         = 0.6462
Mean value of Fst_15         = 0.5062
Mean value of Fst_16         = 0.3557


Inferred ancestry of individuals:
        Label (%Miss) :  Inferred clusters
  1    ZFB01    (0)   :  0.002 0.002 0.007 0.003 0.004 0.003 0.002 0.943 0.003 0.004 0.003 0.004 0.006 0.005 0.004 0.005 
  2    ZFB02    (0)   :  0.007 0.003 0.011 0.003 0.010 0.007 0.003 0.810 0.004 0.022 0.002 0.004 0.082 0.013 0.003 0.016 
  3    ZFB03    (0)   :  0.005 0.002 0.021 0.005 0.006 0.016 0.013 0.847 0.010 0.018 0.016 0.009 0.007 0.003 0.013 0.010 
  4    ZFB04    (0)   :  0.008 0.003 0.006 0.003 0.005 0.005 0.003 0.882 0.003 0.010 0.002 0.005 0.039 0.013 0.004 0.009 
  5    ZFB05    (0)   :  0.036 0.009 0.010 0.003 0.007 0.038 0.005 0.704 0.026 0.008 0.009 0.004 0.048 0.085 0.002 0.007 
  6    ZFB06    (0)   :  0.020 0.011 0.009 0.003 0.007 0.043 0.005 0.767 0.022 0.009 0.007 0.004 0.025 0.058 0.002 0.006 
  7    ZFB07    (9)   :  0.005 0.006 0.084 0.005 0.004 0.040 0.005 0.784 0.013 0.013 0.004 0.006 0.006 0.009 0.008 0.008 
  8    ZFB08    (0)   :  0.010 0.007 0.021 0.009 0.006 0.006 0.007 0.842 0.026 0.009 0.005 0.008 0.014 0.003 0.010 0.016 
  9    ZFB09    (0)   :  0.003 0.002 0.008 0.002 0.004 0.003 0.002 0.944 0.004 0.005 0.003 0.003 0.005 0.003 0.003 0.006 
 10    ZFB10    (0)   :  0.008 0.006 0.003 0.007 0.005 0.004 0.007 0.874 0.004 0.010 0.002 0.013 0.007 0.004 0.028 0.017 
 11    ZFB11    (0)   :  0.005 0.002 0.004 0.004 0.004 0.003 0.003 0.933 0.003 0.005 0.002 0.004 0.005 0.010 0.006 0.009 
 12    ZFB12    (0)   :  0.003 0.003 0.005 0.004 0.004 0.011 0.005 0.871 0.019 0.012 0.004 0.007 0.018 0.019 0.006 0.009 
 13    ZFB13    (0)   :  0.015 0.007 0.007 0.011 0.004 0.006 0.007 0.842 0.011 0.016 0.004 0.010 0.015 0.003 0.012 0.029 
 14    ZFB14    (0)   :  0.004 0.003 0.006 0.004 0.004 0.003 0.003 0.919 0.003 0.006 0.003 0.004 0.004 0.003 0.005 0.025 
 15    ZFB15    (0)   :  0.003 0.002 0.006 0.002 0.003 0.003 0.002 0.946 0.003 0.004 0.002 0.003 0.010 0.005 0.002 0.004 
 16    ZFB16    (0)   :  0.012 0.005 0.005 0.006 0.003 0.005 0.006 0.892 0.009 0.007 0.003 0.007 0.018 0.004 0.008 0.011 
 17    ZFB17    (0)   :  0.030 0.008 0.006 0.004 0.012 0.007 0.007 0.828 0.026 0.016 0.002 0.011 0.009 0.020 0.006 0.008 
 18    ZFB18    (0)   :  0.003 0.002 0.004 0.003 0.004 0.003 0.002 0.946 0.003 0.005 0.002 0.003 0.004 0.003 0.004 0.009 
 19    ZFB19    (0)   :  0.006 0.008 0.037 0.015 0.003 0.034 0.016 0.503 0.036 0.207 0.006 0.023 0.010 0.005 0.058 0.035 
 20    ZFB20    (0)   :  0.021 0.005 0.004 0.005 0.003 0.005 0.005 0.858 0.009 0.011 0.002 0.008 0.031 0.014 0.007 0.011 
 21    ZFB21    (0)   :  0.003 0.002 0.006 0.003 0.003 0.005 0.002 0.946 0.003 0.003 0.003 0.002 0.006 0.006 0.002 0.003 
 22    ZFB22    (0)   :  0.005 0.008 0.004 0.004 0.007 0.007 0.008 0.851 0.010 0.010 0.002 0.009 0.039 0.019 0.008 0.010 
 23    ZFB23    (0)   :  0.005 0.002 0.003 0.004 0.003 0.003 0.003 0.935 0.003 0.005 0.003 0.004 0.005 0.012 0.005 0.005 
 24    ZFB24    (0)   :  0.006 0.003 0.004 0.004 0.003 0.003 0.003 0.928 0.003 0.004 0.003 0.004 0.010 0.014 0.005 0.005 
 25    ZFB25    (0)   :  0.003 0.003 0.004 0.004 0.003 0.003 0.004 0.933 0.003 0.003 0.003 0.007 0.003 0.004 0.015 0.005 
 26    ZFB26    (0)   :  0.009 0.003 0.003 0.006 0.003 0.004 0.004 0.910 0.003 0.003 0.003 0.007 0.007 0.022 0.009 0.004 
 27    ZFB27    (0)   :  0.003 0.002 0.004 0.003 0.003 0.004 0.003 0.905 0.002 0.003 0.002 0.004 0.007 0.045 0.005 0.004 
 28    ZFB28    (0)   :  0.009 0.003 0.004 0.004 0.007 0.020 0.004 0.773 0.011 0.009 0.003 0.007 0.011 0.114 0.004 0.016 
 29    ZFB29    (0)   :  0.007 0.002 0.004 0.003 0.004 0.004 0.002 0.934 0.003 0.006 0.002 0.003 0.008 0.007 0.003 0.008 
 30    ZFB30    (0)   :  0.004 0.012 0.026 0.004 0.003 0.090 0.005 0.647 0.017 0.011 0.006 0.004 0.008 0.157 0.004 0.004 
 31    ZFB31    (0)   :  0.004 0.003 0.005 0.005 0.004 0.004 0.005 0.882 0.003 0.007 0.004 0.006 0.004 0.008 0.015 0.039 
 32    ZFB32    (0)   :  0.020 0.004 0.007 0.007 0.019 0.022 0.006 0.761 0.029 0.014 0.006 0.014 0.015 0.052 0.008 0.015 
 33    ZFB33    (0)   :  0.003 0.002 0.006 0.002 0.003 0.003 0.002 0.948 0.002 0.004 0.002 0.003 0.008 0.005 0.003 0.004 
 34    ZFB34    (0)   :  0.003 0.003 0.017 0.003 0.007 0.004 0.003 0.922 0.004 0.006 0.003 0.003 0.005 0.003 0.004 0.010 
 35    ZFB35    (0)   :  0.007 0.003 0.012 0.004 0.005 0.005 0.004 0.916 0.004 0.004 0.004 0.005 0.009 0.005 0.005 0.008 
 36  ZFBP101    (0)   :  0.101 0.040 0.004 0.060 0.055 0.007 0.209 0.008 0.012 0.011 0.019 0.303 0.009 0.003 0.149 0.011 
 37  ZFBP102    (0)   :  0.029 0.015 0.004 0.160 0.008 0.013 0.212 0.012 0.008 0.011 0.004 0.362 0.014 0.003 0.128 0.016 
 38  ZFBP103    (0)   :  0.041 0.010 0.003 0.010 0.112 0.006 0.493 0.006 0.006 0.010 0.027 0.055 0.008 0.003 0.201 0.010 
 39  ZFBP104    (0)   :  0.006 0.008 0.017 0.030 0.004 0.011 0.179 0.013 0.024 0.012 0.009 0.032 0.008 0.003 0.625 0.019 
 40  ZFBP105    (0)   :  0.007 0.006 0.006 0.442 0.005 0.008 0.068 0.006 0.010 0.005 0.015 0.122 0.005 0.006 0.274 0.015 
 41  ZFBP106    (0)   :  0.012 0.011 0.003 0.116 0.007 0.003 0.046 0.003 0.005 0.004 0.020 0.175 0.003 0.003 0.584 0.003 
 42  ZFBP107    (0)   :  0.048 0.004 0.005 0.186 0.007 0.022 0.122 0.008 0.011 0.006 0.017 0.030 0.008 0.039 0.480 0.008 
 43  ZFBP108    (0)   :  0.004 0.005 0.004 0.047 0.003 0.003 0.010 0.002 0.002 0.003 0.007 0.193 0.003 0.003 0.707 0.004 
 44  ZFBP109    (0)   :  0.004 0.005 0.014 0.176 0.004 0.004 0.053 0.003 0.004 0.006 0.006 0.583 0.002 0.002 0.129 0.005 
 45  ZFBP110    (0)   :  0.032 0.005 0.008 0.047 0.021 0.017 0.106 0.031 0.008 0.044 0.099 0.468 0.007 0.003 0.065 0.038 
 46  ZFBP111    (0)   :  0.004 0.123 0.003 0.034 0.004 0.004 0.218 0.003 0.014 0.004 0.010 0.440 0.002 0.004 0.131 0.003 
 47  ZFBP112    (0)   :  0.008 0.034 0.003 0.013 0.006 0.003 0.011 0.003 0.005 0.003 0.008 0.867 0.004 0.004 0.023 0.005 
 48  ZFBP113    (0)   :  0.004 0.003 0.003 0.006 0.003 0.004 0.007 0.002 0.006 0.003 0.003 0.405 0.003 0.004 0.539 0.005 
 49  ZFBP114    (0)   :  0.010 0.005 0.004 0.789 0.003 0.005 0.066 0.003 0.003 0.003 0.004 0.047 0.003 0.006 0.044 0.004 
 50  ZFBP115    (0)   :  0.008 0.013 0.002 0.042 0.007 0.004 0.832 0.002 0.007 0.004 0.014 0.027 0.003 0.003 0.029 0.003 
 51  ZFBP116    (0)   :  0.006 0.005 0.003 0.019 0.004 0.004 0.020 0.002 0.007 0.005 0.005 0.251 0.003 0.005 0.658 0.003 
 52  ZFBP117    (0)   :  0.007 0.009 0.004 0.289 0.014 0.005 0.024 0.003 0.005 0.008 0.009 0.115 0.002 0.003 0.497 0.006 
 53  ZFBP118    (0)   :  0.019 0.010 0.003 0.513 0.004 0.011 0.046 0.004 0.004 0.004 0.004 0.044 0.003 0.013 0.316 0.003 
 54  ZFBP119    (0)   :  0.011 0.019 0.005 0.568 0.028 0.005 0.213 0.003 0.025 0.009 0.015 0.045 0.003 0.002 0.045 0.005 
 55  ZFBP120    (0)   :  0.006 0.005 0.008 0.249 0.004 0.007 0.099 0.006 0.012 0.005 0.018 0.132 0.005 0.005 0.427 0.011 
 56  ZFBP121    (0)   :  0.008 0.006 0.006 0.448 0.009 0.004 0.017 0.006 0.005 0.005 0.008 0.307 0.003 0.003 0.155 0.011 
 57  ZFBP122    (9)   :  0.006 0.011 0.004 0.028 0.004 0.004 0.023 0.003 0.007 0.004 0.006 0.487 0.003 0.003 0.404 0.004 
 58  ZFBP123    (0)   :  0.019 0.009 0.004 0.009 0.006 0.003 0.010 0.002 0.007 0.004 0.005 0.890 0.003 0.004 0.021 0.003 
 59  ZFBP124    (0)   :  0.009 0.005 0.017 0.373 0.006 0.004 0.027 0.006 0.005 0.005 0.005 0.405 0.004 0.004 0.118 0.007 
 60  ZFBP125    (0)   :  0.006 0.018 0.002 0.154 0.006 0.003 0.022 0.002 0.004 0.004 0.008 0.028 0.002 0.003 0.734 0.003 
 61  ZFBP126    (0)   :  0.016 0.006 0.003 0.010 0.012 0.010 0.013 0.008 0.012 0.022 0.003 0.289 0.013 0.003 0.566 0.014 
 62  ZFBP127    (0)   :  0.007 0.004 0.004 0.059 0.018 0.005 0.114 0.003 0.003 0.004 0.086 0.552 0.002 0.003 0.132 0.004 
 63  ZFBP128    (0)   :  0.010 0.038 0.004 0.010 0.021 0.002 0.020 0.003 0.004 0.003 0.018 0.097 0.002 0.002 0.759 0.006 
 64  ZFBP129    (0)   :  0.009 0.143 0.010 0.283 0.013 0.005 0.009 0.005 0.006 0.007 0.008 0.171 0.003 0.003 0.311 0.015 
 65  ZFBP130    (0)   :  0.011 0.071 0.002 0.098 0.032 0.003 0.047 0.002 0.009 0.005 0.016 0.115 0.003 0.004 0.581 0.003 
 66  ZFBP131    (0)   :  0.003 0.005 0.004 0.079 0.003 0.003 0.005 0.003 0.005 0.004 0.003 0.385 0.003 0.003 0.485 0.007 
 67  ZFBP132    (0)   :  0.004 0.004 0.003 0.234 0.004 0.004 0.019 0.005 0.003 0.006 0.023 0.377 0.002 0.004 0.304 0.004 
 68  ZFBP133    (0)   :  0.003 0.036 0.003 0.008 0.006 0.002 0.006 0.002 0.006 0.004 0.003 0.766 0.002 0.002 0.146 0.005 
 69  ZFBP134    (0)   :  0.003 0.011 0.003 0.015 0.022 0.003 0.697 0.003 0.009 0.004 0.009 0.165 0.003 0.003 0.045 0.006 
 70  ZFBP135    (0)   :  0.064 0.017 0.005 0.063 0.164 0.005 0.038 0.010 0.006 0.015 0.028 0.130 0.006 0.002 0.405 0.043 
 71  ZFBP136    (0)   :  0.098 0.030 0.003 0.029 0.027 0.004 0.076 0.003 0.008 0.005 0.016 0.638 0.004 0.006 0.049 0.005 
 72  ZFBP201    (0)   :  0.004 0.004 0.004 0.005 0.004 0.004 0.007 0.004 0.005 0.004 0.006 0.919 0.003 0.005 0.017 0.006 
 73  ZFBP202    (0)   :  0.006 0.012 0.011 0.089 0.005 0.005 0.036 0.006 0.008 0.005 0.015 0.288 0.003 0.003 0.498 0.010 
 74  ZFBP203    (0)   :  0.007 0.010 0.005 0.014 0.004 0.019 0.011 0.006 0.018 0.013 0.005 0.769 0.017 0.039 0.060 0.004 
 75  ZFBP204    (0)   :  0.048 0.025 0.005 0.389 0.014 0.006 0.155 0.004 0.012 0.007 0.024 0.207 0.004 0.006 0.088 0.007 
 76  ZFBP205    (0)   :  0.007 0.007 0.003 0.139 0.005 0.003 0.028 0.002 0.005 0.005 0.003 0.770 0.003 0.004 0.011 0.004 
 77  ZFBP206    (0)   :  0.014 0.010 0.004 0.005 0.006 0.003 0.006 0.003 0.007 0.003 0.005 0.912 0.003 0.004 0.012 0.005 
 78  ZFBP207    (0)   :  0.008 0.009 0.004 0.579 0.012 0.005 0.162 0.005 0.006 0.013 0.121 0.055 0.003 0.006 0.009 0.004 
 79  ZFBP208    (0)   :  0.007 0.004 0.004 0.005 0.003 0.004 0.006 0.002 0.007 0.004 0.003 0.930 0.004 0.006 0.008 0.004 
 80  ZFBP209    (0)   :  0.003 0.045 0.003 0.029 0.008 0.002 0.006 0.002 0.004 0.004 0.003 0.776 0.002 0.002 0.105 0.005 
 81  ZFBP210    (0)   :  0.004 0.005 0.004 0.006 0.003 0.004 0.005 0.003 0.006 0.003 0.005 0.928 0.004 0.005 0.010 0.004 
 82  ZFBP211    (0)   :  0.008 0.005 0.008 0.672 0.004 0.004 0.011 0.007 0.005 0.004 0.010 0.076 0.003 0.003 0.176 0.004 
 83  ZFBP212    (0)   :  0.003 0.005 0.005 0.069 0.003 0.004 0.079 0.009 0.003 0.004 0.068 0.255 0.003 0.004 0.482 0.004 
 84  ZFBP213    (0)   :  0.019 0.007 0.010 0.012 0.009 0.006 0.008 0.004 0.010 0.005 0.012 0.862 0.005 0.003 0.020 0.008 
 85  ZFBP214    (0)   :  0.014 0.021 0.010 0.009 0.025 0.005 0.015 0.005 0.024 0.009 0.024 0.813 0.003 0.003 0.010 0.009 
 86  ZFBP215    (0)   :  0.005 0.009 0.004 0.020 0.006 0.003 0.008 0.003 0.004 0.003 0.005 0.447 0.003 0.002 0.473 0.005 
 87  ZFBP216    (0)   :  0.006 0.005 0.005 0.046 0.005 0.008 0.019 0.005 0.023 0.006 0.006 0.774 0.005 0.006 0.078 0.006 
 88  ZFBP217    (0)   :  0.004 0.075 0.004 0.014 0.005 0.006 0.033 0.004 0.021 0.005 0.025 0.782 0.002 0.004 0.010 0.005 
 89  ZFBP218    (0)   :  0.003 0.014 0.008 0.250 0.004 0.003 0.036 0.002 0.006 0.004 0.004 0.506 0.003 0.003 0.152 0.004 
 90  ZFBP219    (0)   :  0.003 0.004 0.003 0.008 0.003 0.004 0.008 0.002 0.006 0.003 0.003 0.492 0.003 0.004 0.450 0.004 
 91  ZFBP220    (0)   :  0.008 0.037 0.003 0.029 0.017 0.004 0.072 0.003 0.006 0.004 0.013 0.582 0.003 0.003 0.213 0.004 
 92  ZFBP221    (0)   :  0.002 0.009 0.006 0.108 0.003 0.003 0.554 0.004 0.006 0.004 0.008 0.161 0.003 0.004 0.122 0.004 
 93  ZFBP222    (0)   :  0.004 0.005 0.004 0.008 0.006 0.003 0.005 0.003 0.005 0.005 0.003 0.887 0.004 0.003 0.047 0.009 
 94  ZFBP223    (0)   :  0.008 0.010 0.006 0.111 0.007 0.005 0.062 0.008 0.005 0.008 0.247 0.454 0.004 0.005 0.053 0.006 
 95  ZFBP224    (0)   :  0.009 0.004 0.006 0.008 0.004 0.004 0.008 0.003 0.005 0.005 0.005 0.903 0.003 0.003 0.023 0.005 
 96  ZFBP225    (0)   :  0.009 0.266 0.003 0.022 0.009 0.007 0.217 0.003 0.013 0.007 0.025 0.289 0.004 0.010 0.113 0.005 
 97  ZFBP226    (0)   :  0.006 0.005 0.003 0.094 0.003 0.004 0.012 0.003 0.005 0.004 0.005 0.639 0.004 0.005 0.204 0.004 
 98  ZFBP227    (0)   :  0.010 0.007 0.019 0.065 0.006 0.028 0.139 0.008 0.121 0.019 0.009 0.352 0.010 0.004 0.193 0.011 
 99  ZFBP228    (0)   :  0.005 0.007 0.005 0.230 0.019 0.004 0.296 0.004 0.005 0.005 0.090 0.127 0.003 0.002 0.191 0.006 
100  ZFBP229    (0)   :  0.003 0.024 0.003 0.066 0.007 0.004 0.017 0.002 0.007 0.005 0.005 0.195 0.003 0.003 0.650 0.004 
101  ZFBP230    (0)   :  0.008 0.028 0.003 0.052 0.023 0.004 0.104 0.003 0.009 0.005 0.011 0.678 0.003 0.003 0.059 0.005 
102  ZFBP231    (0)   :  0.021 0.005 0.008 0.789 0.005 0.007 0.019 0.006 0.008 0.006 0.008 0.056 0.005 0.005 0.044 0.008 
103  ZFBP232    (0)   :  0.005 0.007 0.003 0.615 0.004 0.002 0.009 0.003 0.004 0.003 0.004 0.120 0.003 0.003 0.211 0.004 
104  ZFBP233    (0)   :  0.009 0.017 0.008 0.093 0.005 0.004 0.028 0.006 0.011 0.005 0.007 0.708 0.003 0.003 0.085 0.006 
105   ZFCC01    (0)   :  0.009 0.004 0.020 0.003 0.910 0.004 0.003 0.005 0.005 0.004 0.005 0.006 0.007 0.004 0.004 0.008 
106   ZFCC03    (0)   :  0.005 0.004 0.006 0.003 0.939 0.003 0.003 0.003 0.003 0.003 0.009 0.005 0.003 0.003 0.003 0.005 
107   ZFCC04    (0)   :  0.012 0.006 0.006 0.003 0.924 0.004 0.004 0.004 0.005 0.003 0.005 0.005 0.004 0.003 0.003 0.007 
108   ZFCC05    (0)   :  0.048 0.007 0.011 0.005 0.846 0.007 0.007 0.006 0.009 0.004 0.016 0.009 0.006 0.005 0.005 0.010 
109   ZFCC08    (0)   :  0.011 0.019 0.009 0.012 0.882 0.003 0.011 0.002 0.009 0.004 0.004 0.014 0.003 0.002 0.007 0.007 
110   ZFCC09    (0)   :  0.006 0.003 0.011 0.005 0.935 0.004 0.004 0.003 0.003 0.003 0.008 0.003 0.003 0.003 0.003 0.004 
111   ZFCC10    (0)   :  0.007 0.003 0.038 0.005 0.901 0.004 0.003 0.004 0.004 0.004 0.004 0.005 0.004 0.004 0.003 0.008 
112   ZFCC11    (0)   :  0.009 0.004 0.012 0.004 0.915 0.004 0.005 0.004 0.005 0.004 0.010 0.006 0.004 0.004 0.004 0.007 
113   ZFCC12    (0)   :  0.038 0.006 0.011 0.004 0.696 0.013 0.008 0.005 0.008 0.012 0.009 0.008 0.135 0.005 0.006 0.037 
114   ZFCC13    (0)   :  0.009 0.006 0.004 0.006 0.886 0.006 0.013 0.003 0.012 0.005 0.009 0.013 0.005 0.011 0.008 0.004 
115   ZFCC14    (0)   :  0.032 0.007 0.007 0.007 0.861 0.005 0.004 0.009 0.003 0.007 0.005 0.012 0.004 0.006 0.009 0.023 
116   ZFCC15    (0)   :  0.005 0.004 0.004 0.003 0.932 0.005 0.004 0.003 0.008 0.005 0.004 0.004 0.005 0.004 0.003 0.005 
117   ZFCC16    (0)   :  0.015 0.004 0.005 0.003 0.927 0.004 0.003 0.004 0.005 0.005 0.004 0.003 0.006 0.003 0.003 0.005 
118   ZFCC17    (0)   :  0.047 0.003 0.007 0.003 0.883 0.005 0.003 0.006 0.004 0.004 0.006 0.003 0.010 0.008 0.003 0.004 
119   ZFCC18    (0)   :  0.008 0.006 0.010 0.004 0.923 0.004 0.004 0.004 0.005 0.004 0.008 0.006 0.005 0.004 0.004 0.005 
120   ZFCC19    (0)   :  0.009 0.003 0.003 0.002 0.928 0.005 0.003 0.004 0.006 0.008 0.003 0.003 0.007 0.008 0.002 0.004 
121   ZFCC20    (0)   :  0.011 0.005 0.004 0.003 0.925 0.004 0.006 0.004 0.008 0.004 0.007 0.004 0.005 0.002 0.003 0.004 
122   ZFCC21    (0)   :  0.011 0.026 0.006 0.007 0.658 0.005 0.013 0.005 0.040 0.048 0.003 0.139 0.004 0.006 0.021 0.008 
123   ZFCC22    (0)   :  0.010 0.038 0.019 0.038 0.521 0.004 0.077 0.003 0.009 0.005 0.006 0.212 0.004 0.005 0.043 0.006 
124   ZFCC26    (0)   :  0.009 0.004 0.005 0.003 0.937 0.003 0.003 0.004 0.004 0.004 0.004 0.004 0.004 0.003 0.003 0.005 
125   ZFCC27    (0)   :  0.005 0.003 0.005 0.004 0.945 0.003 0.003 0.003 0.003 0.003 0.006 0.003 0.003 0.002 0.003 0.004 
126   ZFCC29    (0)   :  0.018 0.005 0.007 0.004 0.902 0.004 0.005 0.008 0.010 0.008 0.005 0.005 0.007 0.004 0.004 0.005 
127   ZFCC30    (0)   :  0.006 0.005 0.004 0.004 0.938 0.003 0.004 0.003 0.004 0.003 0.010 0.004 0.003 0.003 0.003 0.003 
128   ZFCC32    (0)   :  0.010 0.005 0.009 0.004 0.908 0.006 0.007 0.004 0.012 0.005 0.005 0.005 0.009 0.006 0.003 0.003 
129   ZFCC33    (0)   :  0.334 0.004 0.007 0.004 0.582 0.007 0.004 0.009 0.005 0.007 0.008 0.004 0.005 0.004 0.004 0.012 
130   ZFCC34    (0)   :  0.051 0.015 0.023 0.078 0.554 0.005 0.030 0.021 0.007 0.007 0.062 0.059 0.024 0.007 0.045 0.011 
131   ZFCC35    (0)   :  0.007 0.004 0.004 0.005 0.947 0.003 0.004 0.002 0.003 0.003 0.003 0.003 0.002 0.004 0.002 0.002 
132   ZFCC36    (0)   :  0.012 0.010 0.005 0.005 0.871 0.005 0.008 0.004 0.019 0.006 0.004 0.014 0.007 0.020 0.005 0.004 
133   ZFCC37    (0)   :  0.034 0.006 0.018 0.007 0.700 0.013 0.011 0.007 0.012 0.020 0.008 0.015 0.086 0.005 0.008 0.051 
134   ZFCC40    (0)   :  0.014 0.003 0.008 0.003 0.909 0.004 0.004 0.004 0.003 0.003 0.003 0.008 0.005 0.014 0.006 0.008 
135   ZFCC42    (0)   :  0.513 0.006 0.005 0.005 0.052 0.024 0.013 0.032 0.004 0.015 0.046 0.007 0.183 0.080 0.003 0.013 
136   ZFCC44    (0)   :  0.014 0.003 0.003 0.004 0.935 0.004 0.003 0.003 0.002 0.003 0.009 0.002 0.003 0.007 0.003 0.003 
137   ZFCC45    (9)   :  0.051 0.004 0.015 0.004 0.808 0.019 0.004 0.009 0.008 0.006 0.009 0.007 0.011 0.018 0.004 0.021 
138   ZFCC46    (0)   :  0.015 0.036 0.003 0.011 0.843 0.003 0.023 0.003 0.009 0.007 0.010 0.017 0.003 0.004 0.011 0.003 
139   ZFCC47    (0)   :  0.008 0.007 0.015 0.007 0.842 0.005 0.006 0.005 0.006 0.004 0.005 0.005 0.061 0.004 0.003 0.018 
140   ZFCC48    (0)   :  0.017 0.037 0.005 0.009 0.771 0.003 0.010 0.004 0.010 0.020 0.003 0.079 0.003 0.004 0.018 0.007 
141   ZFCC50    (0)   :  0.009 0.003 0.004 0.003 0.941 0.003 0.003 0.004 0.004 0.004 0.003 0.003 0.005 0.004 0.002 0.004 
142   ZFCC51    (0)   :  0.004 0.003 0.005 0.003 0.944 0.003 0.003 0.004 0.003 0.003 0.010 0.003 0.003 0.002 0.003 0.004 
143   ZFCC52    (0)   :  0.044 0.014 0.005 0.013 0.834 0.004 0.009 0.004 0.008 0.006 0.005 0.023 0.008 0.007 0.012 0.005 
144   ZFCC53    (0)   :  0.005 0.003 0.005 0.003 0.948 0.003 0.003 0.003 0.003 0.003 0.006 0.003 0.004 0.003 0.003 0.004 
145  ZFCNS01    (0)   :  0.003 0.003 0.003 0.004 0.006 0.027 0.031 0.002 0.047 0.008 0.814 0.007 0.009 0.026 0.006 0.004 
146  ZFCNS02    (0)   :  0.004 0.004 0.003 0.005 0.005 0.003 0.004 0.002 0.003 0.002 0.951 0.003 0.002 0.002 0.003 0.002 
147  ZFCNS05    (0)   :  0.006 0.005 0.006 0.007 0.006 0.003 0.008 0.005 0.006 0.003 0.923 0.007 0.003 0.002 0.006 0.004 
148  ZFCNS06    (0)   :  0.003 0.004 0.003 0.004 0.004 0.003 0.004 0.003 0.003 0.003 0.950 0.004 0.002 0.002 0.004 0.003 
149  ZFCNS07    (0)   :  0.003 0.008 0.003 0.009 0.004 0.003 0.005 0.003 0.003 0.003 0.939 0.005 0.002 0.002 0.005 0.003 
150  ZFCNS10    (0)   :  0.003 0.006 0.003 0.008 0.005 0.003 0.020 0.003 0.003 0.003 0.917 0.008 0.002 0.005 0.010 0.002 
151  ZFCNS11    (0)   :  0.003 0.004 0.003 0.004 0.007 0.012 0.015 0.002 0.021 0.006 0.890 0.007 0.007 0.011 0.004 0.003 
152  ZFCNS15    (0)   :  0.006 0.008 0.003 0.013 0.003 0.003 0.039 0.004 0.004 0.004 0.855 0.009 0.003 0.002 0.040 0.004 
153  ZFCNS17    (0)   :  0.004 0.004 0.003 0.005 0.006 0.003 0.005 0.002 0.003 0.003 0.950 0.004 0.002 0.002 0.003 0.002 
154  ZFCNS18    (0)   :  0.003 0.004 0.003 0.006 0.005 0.003 0.019 0.003 0.003 0.003 0.919 0.008 0.002 0.004 0.011 0.002 
155  ZFCNS19    (0)   :  0.003 0.004 0.003 0.003 0.004 0.003 0.004 0.002 0.004 0.002 0.955 0.003 0.002 0.002 0.003 0.002 
156  ZFCNS20    (0)   :  0.009 0.015 0.003 0.014 0.004 0.004 0.015 0.003 0.005 0.004 0.895 0.009 0.003 0.002 0.012 0.004 
157  ZFCNS21    (0)   :  0.004 0.002 0.003 0.003 0.004 0.003 0.005 0.002 0.003 0.002 0.957 0.003 0.002 0.002 0.003 0.002 
158  ZFCNS22    (0)   :  0.006 0.006 0.005 0.009 0.005 0.003 0.011 0.005 0.005 0.004 0.909 0.009 0.003 0.002 0.014 0.004 
159  ZFCNS23    (0)   :  0.021 0.009 0.005 0.004 0.013 0.007 0.005 0.004 0.010 0.006 0.881 0.008 0.008 0.011 0.003 0.005 
160  ZFCNS24    (0)   :  0.009 0.007 0.003 0.009 0.007 0.003 0.009 0.002 0.004 0.003 0.926 0.005 0.003 0.002 0.006 0.003 
161  ZFCNS25    (0)   :  0.009 0.010 0.003 0.015 0.005 0.003 0.012 0.003 0.004 0.003 0.907 0.008 0.003 0.002 0.010 0.003 
162  ZFCNS26    (0)   :  0.003 0.003 0.003 0.004 0.003 0.003 0.007 0.003 0.003 0.002 0.950 0.003 0.002 0.002 0.005 0.002 
163  ZFCNS27    (0)   :  0.006 0.009 0.003 0.026 0.003 0.003 0.030 0.003 0.004 0.004 0.859 0.010 0.003 0.002 0.031 0.004 
164  ZFCNS28    (0)   :  0.003 0.004 0.004 0.003 0.003 0.003 0.004 0.003 0.003 0.002 0.952 0.003 0.002 0.002 0.004 0.003 
165  ZFCNS29    (0)   :  0.006 0.005 0.005 0.008 0.007 0.003 0.008 0.003 0.004 0.003 0.923 0.007 0.003 0.002 0.007 0.004 
166  ZFCNS30    (0)   :  0.006 0.003 0.006 0.004 0.006 0.004 0.008 0.004 0.005 0.003 0.934 0.005 0.003 0.002 0.005 0.004 
167  ZFCNS31    (0)   :  0.003 0.004 0.003 0.004 0.003 0.003 0.005 0.003 0.003 0.002 0.953 0.003 0.002 0.002 0.004 0.002 
168  ZFCNS32    (0)   :  0.006 0.007 0.004 0.006 0.004 0.003 0.011 0.003 0.005 0.003 0.926 0.005 0.003 0.002 0.007 0.003 
169  ZFCNS33    (0)   :  0.003 0.004 0.003 0.003 0.003 0.003 0.005 0.003 0.003 0.002 0.956 0.002 0.002 0.002 0.003 0.002 
170  ZFCNS34    (0)   :  0.007 0.004 0.005 0.006 0.012 0.003 0.006 0.003 0.005 0.003 0.927 0.005 0.003 0.002 0.004 0.004 
171  ZFCNS35    (0)   :  0.003 0.004 0.005 0.010 0.006 0.003 0.019 0.016 0.003 0.004 0.880 0.009 0.002 0.002 0.011 0.022 
172  ZFCNS36    (0)   :  0.010 0.008 0.003 0.009 0.010 0.003 0.008 0.002 0.005 0.003 0.920 0.006 0.003 0.002 0.005 0.003 
173  ZFCNS37    (0)   :  0.007 0.007 0.005 0.007 0.005 0.010 0.166 0.003 0.005 0.004 0.762 0.005 0.002 0.002 0.006 0.003 
174  ZFCNS39    (0)   :  0.007 0.020 0.003 0.006 0.016 0.005 0.027 0.002 0.013 0.006 0.873 0.007 0.002 0.005 0.007 0.002 
175  ZFCNS40    (0)   :  0.010 0.116 0.003 0.016 0.023 0.005 0.169 0.003 0.008 0.004 0.621 0.008 0.003 0.003 0.006 0.003 
176  ZFCNS41    (0)   :  0.012 0.006 0.005 0.015 0.013 0.007 0.673 0.005 0.011 0.006 0.208 0.015 0.005 0.004 0.010 0.008 
177  ZFCNS42    (0)   :  0.004 0.003 0.003 0.004 0.003 0.003 0.006 0.003 0.003 0.003 0.952 0.003 0.002 0.002 0.005 0.002 
178  ZFCNS43    (0)   :  0.004 0.003 0.003 0.003 0.004 0.003 0.004 0.003 0.003 0.002 0.956 0.003 0.002 0.002 0.003 0.002 
179  ZFCNS44    (0)   :  0.004 0.003 0.003 0.005 0.005 0.003 0.022 0.003 0.003 0.002 0.918 0.008 0.002 0.005 0.012 0.002 
180  ZFCNS46    (0)   :  0.006 0.004 0.004 0.005 0.005 0.003 0.014 0.004 0.005 0.003 0.923 0.007 0.003 0.002 0.007 0.004 
181  ZFCNS47    (0)   :  0.003 0.003 0.003 0.003 0.004 0.003 0.007 0.002 0.003 0.003 0.952 0.003 0.002 0.002 0.003 0.002 
182  ZFCNS48    (0)   :  0.005 0.005 0.004 0.009 0.007 0.003 0.049 0.004 0.004 0.003 0.864 0.014 0.003 0.004 0.017 0.003 
183  ZFCNS49    (0)   :  0.003 0.004 0.003 0.008 0.003 0.003 0.065 0.004 0.003 0.003 0.853 0.009 0.002 0.004 0.031 0.002 
184   ZFCR01    (0)   :  0.003 0.007 0.026 0.008 0.009 0.204 0.004 0.007 0.004 0.400 0.003 0.017 0.026 0.009 0.010 0.264 
185   ZFCR02    (0)   :  0.009 0.005 0.005 0.011 0.013 0.008 0.003 0.012 0.005 0.892 0.004 0.007 0.007 0.008 0.004 0.007 
186   ZFCR03    (0)   :  0.057 0.012 0.025 0.014 0.017 0.012 0.005 0.033 0.018 0.599 0.003 0.047 0.039 0.023 0.014 0.083 
187   ZFCR04    (0)   :  0.005 0.014 0.047 0.011 0.010 0.017 0.018 0.088 0.008 0.706 0.011 0.007 0.015 0.016 0.016 0.012 
188   ZFCR05    (0)   :  0.004 0.003 0.015 0.003 0.011 0.019 0.003 0.013 0.011 0.862 0.002 0.003 0.008 0.006 0.003 0.032 
189   ZFCR06    (0)   :  0.006 0.010 0.011 0.027 0.011 0.016 0.018 0.017 0.005 0.731 0.058 0.011 0.007 0.003 0.018 0.052 
190   ZFCR07    (0)   :  0.062 0.003 0.012 0.005 0.010 0.046 0.030 0.022 0.063 0.628 0.059 0.013 0.016 0.007 0.011 0.012 
191   ZFCR08    (0)   :  0.037 0.044 0.075 0.008 0.060 0.307 0.012 0.019 0.006 0.265 0.005 0.034 0.033 0.034 0.024 0.037 
192   ZFCR09    (0)   :  0.019 0.015 0.006 0.053 0.020 0.033 0.035 0.060 0.018 0.084 0.019 0.071 0.160 0.136 0.018 0.254 
193   ZFCR11    (0)   :  0.004 0.002 0.013 0.017 0.006 0.017 0.028 0.020 0.013 0.827 0.007 0.004 0.010 0.004 0.004 0.025 
194   ZFCR12    (0)   :  0.007 0.014 0.004 0.011 0.006 0.007 0.045 0.005 0.020 0.771 0.068 0.006 0.003 0.003 0.015 0.015 
195   ZFCR13    (0)   :  0.006 0.005 0.007 0.027 0.007 0.146 0.009 0.021 0.230 0.448 0.008 0.011 0.003 0.003 0.065 0.004 
196   ZFCR14    (0)   :  0.004 0.007 0.009 0.005 0.007 0.009 0.006 0.013 0.017 0.890 0.005 0.006 0.004 0.003 0.007 0.007 
197   ZFCR15    (0)   :  0.009 0.019 0.016 0.009 0.009 0.024 0.010 0.029 0.012 0.809 0.004 0.013 0.005 0.007 0.015 0.008 
198   ZFCR16    (0)   :  0.004 0.012 0.007 0.014 0.007 0.014 0.004 0.017 0.007 0.866 0.003 0.021 0.005 0.003 0.009 0.009 
199   ZFCR18    (0)   :  0.034 0.007 0.007 0.024 0.012 0.016 0.006 0.486 0.006 0.293 0.007 0.008 0.005 0.003 0.006 0.078 
200   ZFCR19    (0)   :  0.006 0.029 0.005 0.012 0.010 0.005 0.007 0.024 0.009 0.773 0.006 0.010 0.058 0.004 0.021 0.021 
201   ZFCR20    (0)   :  0.018 0.006 0.018 0.008 0.005 0.033 0.008 0.030 0.169 0.094 0.004 0.035 0.019 0.005 0.019 0.530 
202   ZFCR21    (0)   :  0.007 0.009 0.004 0.005 0.010 0.008 0.006 0.007 0.017 0.883 0.003 0.007 0.004 0.003 0.005 0.022 
203   ZFCR22    (0)   :  0.007 0.010 0.002 0.005 0.004 0.005 0.005 0.007 0.030 0.897 0.003 0.007 0.006 0.003 0.006 0.005 
204   ZFCR23    (0)   :  0.004 0.005 0.004 0.017 0.003 0.066 0.020 0.013 0.035 0.631 0.005 0.054 0.011 0.033 0.078 0.021 
205   ZFCR24    (9)   :  0.009 0.006 0.037 0.025 0.008 0.064 0.009 0.061 0.107 0.082 0.003 0.098 0.053 0.004 0.405 0.028 
206   ZFCR25    (0)   :  0.006 0.003 0.010 0.003 0.005 0.008 0.005 0.007 0.010 0.915 0.003 0.004 0.009 0.003 0.003 0.008 
207   ZFCR26    (0)   :  0.007 0.013 0.009 0.011 0.012 0.009 0.008 0.004 0.159 0.658 0.004 0.012 0.069 0.003 0.009 0.012 
208   ZFCR27    (9)   :  0.003 0.003 0.013 0.003 0.005 0.383 0.003 0.011 0.029 0.370 0.003 0.004 0.078 0.003 0.004 0.086 
209   ZFCR28    (0)   :  0.006 0.028 0.008 0.021 0.010 0.063 0.011 0.004 0.004 0.686 0.017 0.108 0.004 0.005 0.015 0.009 
210   ZFCR29    (0)   :  0.004 0.005 0.006 0.005 0.005 0.006 0.004 0.015 0.023 0.662 0.002 0.006 0.009 0.004 0.007 0.236 
211   ZFCR30    (0)   :  0.008 0.007 0.009 0.005 0.004 0.009 0.009 0.006 0.035 0.865 0.007 0.007 0.010 0.005 0.007 0.007 
212   ZFCR31    (0)   :  0.026 0.016 0.013 0.050 0.010 0.017 0.036 0.149 0.023 0.422 0.037 0.064 0.067 0.012 0.032 0.025 
213   ZFCR33    (0)   :  0.010 0.011 0.036 0.006 0.040 0.687 0.016 0.006 0.023 0.037 0.007 0.015 0.018 0.019 0.011 0.057 
214   ZFCR34    (0)   :  0.004 0.007 0.005 0.006 0.009 0.020 0.015 0.049 0.111 0.711 0.007 0.018 0.008 0.009 0.014 0.006 
215   ZFCR35    (0)   :  0.004 0.004 0.009 0.005 0.012 0.011 0.005 0.193 0.006 0.640 0.004 0.005 0.015 0.009 0.008 0.070 
216   ZFCR36    (0)   :  0.006 0.004 0.007 0.005 0.007 0.008 0.006 0.049 0.015 0.827 0.014 0.009 0.014 0.012 0.006 0.011 
217   ZFCR37    (0)   :  0.018 0.004 0.037 0.003 0.054 0.092 0.004 0.048 0.565 0.040 0.004 0.004 0.045 0.018 0.004 0.061 
218   ZFCR38    (0)   :  0.014 0.013 0.037 0.007 0.042 0.443 0.009 0.006 0.028 0.263 0.007 0.009 0.076 0.008 0.005 0.033 
219   ZFCR39    (0)   :  0.048 0.020 0.009 0.024 0.073 0.141 0.010 0.024 0.008 0.301 0.003 0.064 0.029 0.207 0.013 0.027 
220   ZFCR40    (0)   :  0.005 0.003 0.011 0.004 0.012 0.019 0.008 0.009 0.008 0.862 0.003 0.008 0.011 0.022 0.009 0.006 
221   ZFCR41    (0)   :  0.006 0.015 0.006 0.006 0.020 0.010 0.069 0.005 0.013 0.817 0.008 0.007 0.003 0.003 0.005 0.009 
222   ZFCR42    (0)   :  0.018 0.014 0.010 0.010 0.027 0.027 0.021 0.007 0.042 0.735 0.016 0.022 0.011 0.015 0.016 0.010 
223   ZFCR43    (0)   :  0.004 0.004 0.009 0.020 0.004 0.008 0.005 0.022 0.007 0.840 0.004 0.005 0.004 0.004 0.048 0.012 
224  ZFENP25    (0)   :  0.007 0.010 0.029 0.003 0.020 0.807 0.005 0.005 0.007 0.017 0.003 0.016 0.005 0.005 0.008 0.054 
225  ZFENP26    (0)   :  0.004 0.003 0.006 0.002 0.004 0.931 0.004 0.006 0.004 0.011 0.003 0.002 0.006 0.007 0.002 0.005 
226  ZFENP27    (0)   :  0.045 0.012 0.022 0.005 0.184 0.326 0.034 0.016 0.006 0.161 0.051 0.036 0.030 0.018 0.017 0.039 
227  ZFENP28    (0)   :  0.005 0.005 0.031 0.005 0.012 0.814 0.004 0.009 0.010 0.057 0.010 0.004 0.017 0.009 0.004 0.006 
228  ZFENP29    (0)   :  0.007 0.004 0.005 0.003 0.010 0.861 0.005 0.004 0.009 0.058 0.004 0.004 0.005 0.005 0.005 0.011 
229  ZFENP30    (0)   :  0.114 0.007 0.008 0.006 0.030 0.739 0.004 0.008 0.013 0.020 0.010 0.006 0.011 0.014 0.003 0.007 
230  ZFENP31    (0)   :  0.349 0.003 0.031 0.010 0.014 0.217 0.004 0.027 0.012 0.017 0.006 0.005 0.040 0.230 0.004 0.031 
231  ZFENP32    (0)   :  0.115 0.006 0.012 0.020 0.010 0.201 0.014 0.181 0.012 0.030 0.026 0.018 0.031 0.152 0.008 0.164 
232  ZFENP33    (0)   :  0.038 0.004 0.029 0.006 0.005 0.783 0.007 0.012 0.032 0.013 0.005 0.008 0.017 0.007 0.007 0.027 
233  ZFENP34    (0)   :  0.121 0.004 0.514 0.007 0.020 0.174 0.005 0.039 0.008 0.030 0.008 0.005 0.024 0.006 0.004 0.032 
234  ZFENP35    (0)   :  0.007 0.004 0.007 0.005 0.005 0.821 0.016 0.016 0.008 0.007 0.011 0.008 0.006 0.059 0.015 0.004 
235  ZFENP36    (0)   :  0.008 0.002 0.005 0.002 0.003 0.906 0.005 0.009 0.007 0.011 0.011 0.003 0.009 0.012 0.002 0.004 
236  ZFENP37    (0)   :  0.009 0.004 0.500 0.004 0.007 0.277 0.007 0.009 0.023 0.008 0.007 0.008 0.009 0.116 0.006 0.008 
237  ZFENP38    (0)   :  0.014 0.004 0.028 0.004 0.017 0.382 0.007 0.009 0.436 0.014 0.016 0.006 0.022 0.024 0.005 0.008 
238  ZFENP39    (0)   :  0.006 0.003 0.023 0.003 0.014 0.702 0.005 0.012 0.011 0.132 0.005 0.004 0.011 0.024 0.005 0.040 
239  ZFENP40    (0)   :  0.016 0.004 0.024 0.008 0.007 0.671 0.006 0.016 0.008 0.099 0.006 0.011 0.015 0.060 0.009 0.041 
240  ZFENP41    (0)   :  0.055 0.010 0.015 0.006 0.069 0.671 0.007 0.019 0.007 0.063 0.008 0.007 0.006 0.031 0.008 0.020 
241  ZFENP42    (0)   :  0.012 0.004 0.005 0.003 0.005 0.583 0.005 0.003 0.048 0.065 0.003 0.005 0.007 0.246 0.003 0.004 
242  ZFENP43    (0)   :  0.009 0.005 0.041 0.006 0.031 0.616 0.039 0.007 0.080 0.041 0.053 0.008 0.030 0.016 0.007 0.010 
243  ZFENP44    (0)   :  0.029 0.003 0.036 0.004 0.015 0.606 0.023 0.006 0.040 0.025 0.016 0.015 0.012 0.150 0.012 0.009 
244  ZFENP45    (0)   :  0.016 0.298 0.015 0.034 0.013 0.346 0.011 0.008 0.050 0.029 0.008 0.024 0.012 0.109 0.019 0.007 
245  ZFENP46    (0)   :  0.011 0.005 0.038 0.009 0.003 0.733 0.021 0.008 0.062 0.017 0.006 0.013 0.015 0.023 0.024 0.013 
246  ZFENP47    (0)   :  0.021 0.104 0.006 0.011 0.041 0.131 0.004 0.037 0.004 0.079 0.004 0.009 0.016 0.261 0.010 0.263 
247  ZFENP48    (0)   :  0.285 0.008 0.458 0.013 0.016 0.073 0.005 0.014 0.012 0.017 0.007 0.012 0.030 0.010 0.005 0.035 
248  ZFENP49    (0)   :  0.169 0.010 0.005 0.010 0.008 0.155 0.005 0.024 0.010 0.513 0.005 0.007 0.021 0.005 0.013 0.040 
249  ZFENP50    (0)   :  0.006 0.007 0.007 0.026 0.004 0.587 0.013 0.007 0.084 0.094 0.005 0.059 0.027 0.045 0.022 0.007 
250  ZFENP51    (0)   :  0.034 0.050 0.011 0.004 0.008 0.359 0.004 0.022 0.013 0.035 0.006 0.003 0.404 0.029 0.004 0.014 
251  ZFENP52    (0)   :  0.007 0.004 0.004 0.005 0.009 0.898 0.014 0.003 0.013 0.010 0.009 0.005 0.004 0.007 0.005 0.003 
252  ZFENP53    (0)   :  0.009 0.027 0.009 0.042 0.007 0.735 0.016 0.006 0.022 0.022 0.009 0.038 0.009 0.018 0.023 0.007 
253  ZFENP54    (0)   :  0.022 0.005 0.008 0.015 0.012 0.044 0.007 0.010 0.010 0.810 0.005 0.019 0.007 0.009 0.009 0.008 
254  ZFENP55    (0)   :  0.012 0.004 0.025 0.005 0.003 0.234 0.004 0.047 0.543 0.048 0.004 0.005 0.030 0.014 0.004 0.018 
255  ZFENP56    (0)   :  0.010 0.005 0.008 0.004 0.008 0.816 0.009 0.015 0.058 0.012 0.009 0.003 0.023 0.006 0.004 0.009 
256  ZFENP57    (0)   :  0.017 0.002 0.029 0.003 0.004 0.732 0.008 0.014 0.017 0.041 0.013 0.007 0.016 0.081 0.004 0.011 
257  ZFENP58    (0)   :  0.306 0.110 0.005 0.007 0.019 0.258 0.012 0.025 0.016 0.178 0.016 0.017 0.013 0.006 0.004 0.008 
258  ZFENP59    (0)   :  0.032 0.005 0.009 0.005 0.072 0.712 0.005 0.017 0.009 0.050 0.005 0.005 0.007 0.043 0.005 0.020 
259  ZFENP60    (0)   :  0.007 0.012 0.040 0.009 0.010 0.636 0.007 0.037 0.015 0.154 0.007 0.011 0.012 0.018 0.012 0.013 
260  ZFENP61    (0)   :  0.009 0.003 0.014 0.003 0.015 0.784 0.004 0.014 0.009 0.050 0.004 0.003 0.008 0.007 0.004 0.069 
261 ZFFDSP01    (0)   :  0.003 0.011 0.004 0.007 0.004 0.003 0.048 0.005 0.007 0.004 0.013 0.731 0.003 0.003 0.149 0.005 
262 ZFFDSP02    (0)   :  0.003 0.004 0.003 0.004 0.004 0.002 0.006 0.002 0.003 0.003 0.003 0.033 0.002 0.002 0.919 0.005 
263 ZFFDSP04    (0)   :  0.003 0.010 0.004 0.012 0.004 0.002 0.009 0.004 0.005 0.003 0.003 0.492 0.002 0.002 0.434 0.010 
264 ZFFDSP05    (0)   :  0.003 0.008 0.003 0.011 0.004 0.004 0.045 0.003 0.009 0.004 0.005 0.034 0.003 0.004 0.854 0.005 
265 ZFFDSP06    (0)   :  0.003 0.016 0.012 0.119 0.011 0.002 0.037 0.003 0.005 0.004 0.003 0.450 0.002 0.002 0.325 0.006 
266 ZFFDSP07    (0)   :  0.020 0.033 0.003 0.019 0.011 0.004 0.007 0.003 0.007 0.005 0.004 0.737 0.003 0.004 0.134 0.005 
267 ZFFDSP08    (0)   :  0.036 0.093 0.004 0.157 0.012 0.004 0.029 0.003 0.012 0.006 0.014 0.491 0.004 0.004 0.128 0.004 
268 ZFFDSP10    (0)   :  0.014 0.019 0.004 0.020 0.006 0.005 0.025 0.004 0.010 0.007 0.005 0.290 0.004 0.006 0.579 0.004 
269 ZFFDSP11    (0)   :  0.003 0.008 0.004 0.024 0.004 0.003 0.017 0.004 0.009 0.004 0.003 0.493 0.003 0.003 0.411 0.006 
270 ZFFDSP12    (0)   :  0.006 0.012 0.003 0.295 0.003 0.003 0.011 0.002 0.004 0.004 0.004 0.490 0.003 0.002 0.155 0.003 
271 ZFFDSP13    (0)   :  0.007 0.005 0.004 0.015 0.011 0.005 0.754 0.004 0.008 0.005 0.019 0.076 0.003 0.004 0.073 0.006 
272 ZFFDSP14    (0)   :  0.008 0.020 0.004 0.011 0.006 0.004 0.006 0.002 0.007 0.004 0.004 0.679 0.003 0.003 0.231 0.007 
273 ZFFDSP16    (0)   :  0.004 0.004 0.006 0.013 0.007 0.005 0.011 0.005 0.006 0.007 0.013 0.831 0.003 0.003 0.070 0.011 
274 ZFFDSP17    (0)   :  0.005 0.009 0.006 0.023 0.006 0.004 0.016 0.004 0.008 0.005 0.005 0.724 0.003 0.002 0.176 0.005 
275 ZFFDSP18    (0)   :  0.003 0.021 0.005 0.023 0.006 0.002 0.006 0.004 0.004 0.003 0.004 0.139 0.003 0.002 0.755 0.018 
276 ZFFDSP19    (0)   :  0.004 0.018 0.006 0.017 0.025 0.003 0.035 0.004 0.004 0.004 0.099 0.682 0.003 0.002 0.087 0.008 
277 ZFFDSP21    (0)   :  0.004 0.006 0.004 0.009 0.018 0.003 0.175 0.003 0.004 0.004 0.071 0.529 0.002 0.002 0.159 0.006 
278 ZFFDSP22    (0)   :  0.004 0.074 0.003 0.037 0.005 0.002 0.009 0.002 0.005 0.004 0.004 0.644 0.002 0.002 0.198 0.004 
279 ZFFDSP23    (0)   :  0.003 0.060 0.003 0.011 0.004 0.002 0.043 0.002 0.005 0.003 0.006 0.033 0.002 0.002 0.816 0.004 
280 ZFFDSP24    (0)   :  0.004 0.005 0.004 0.006 0.004 0.003 0.013 0.003 0.005 0.003 0.007 0.021 0.003 0.002 0.913 0.004 
281 ZFFDSP26    (9)   :  0.004 0.012 0.003 0.018 0.004 0.003 0.022 0.003 0.005 0.004 0.005 0.037 0.003 0.003 0.868 0.005 
282 ZFFDSP27    (0)   :  0.003 0.006 0.004 0.010 0.003 0.003 0.007 0.004 0.004 0.003 0.006 0.028 0.003 0.002 0.907 0.008 
283 ZFFDSP28    (0)   :  0.014 0.008 0.016 0.013 0.006 0.006 0.014 0.021 0.009 0.008 0.004 0.099 0.016 0.005 0.748 0.014 
284 ZFFDSP30    (0)   :  0.006 0.006 0.006 0.008 0.005 0.003 0.139 0.050 0.007 0.005 0.036 0.632 0.004 0.006 0.076 0.010 
285 ZFFDSP31    (0)   :  0.005 0.008 0.021 0.591 0.005 0.005 0.038 0.003 0.007 0.005 0.010 0.036 0.002 0.002 0.258 0.003 
286 ZFFDSP32    (0)   :  0.004 0.005 0.004 0.008 0.003 0.003 0.010 0.002 0.004 0.003 0.004 0.538 0.002 0.003 0.402 0.005 
287 ZFFDSP33    (0)   :  0.003 0.007 0.003 0.021 0.002 0.003 0.012 0.003 0.003 0.003 0.005 0.233 0.002 0.002 0.694 0.003 
