

----------------------------------------------------
STRUCTURE by Pritchard, Stephens and Donnelly (2000)
     and Falush, Stephens and Pritchard (2003)
       Code by Pritchard, Falush and Hubisz
             Version 2.3.4 (Jul 2012)
----------------------------------------------------



Command line arguments:   bin\structure -m C:\Users\eschumacher\Documents\GitHub\GCC_QUAC_ZAIN\Data_Files\Structure_Files\ZAIN\ZAIN_wild_rebinned_nopopinfo\50-50\mainparams -e C:\Users\eschumacher\Documents\GitHub\GCC_QUAC_ZAIN\Data_Files\Structure_Files\ZAIN\ZAIN_wild_rebinned_nopopinfo\50-50\extraparams 
Input File:    C:\Users\eschumacher\Documents\GitHub\GCC_QUAC_ZAIN\Data_Files\Structure_Files\ZAIN\ZAIN_wild_rebinned_nopopinfo\project_data

Run parameters:
   751 individuals
   11 loci
   8 populations assumed
   50000 Burn-in period
   50000 Reps


--------------------------------------------
Overall proportion of membership of the
sample in each of the 8 clusters

Inferred Clusters
  1      2      3      4      5      6      7      8    
0.200  0.102  0.184  0.141  0.115  0.068  0.081  0.109  

--------------------------------------------

Allele-freq. divergence among pops (Net nucleotide distance),
computed using point estimates of P.

      1       2       3       4       5       6       7       8      
 1      -    0.2707  0.2211  0.1082  0.1650  0.1065  0.1435  0.1807  
 2   0.2707     -    0.1584  0.2829  0.2096  0.3398  0.2102  0.0992  
 3   0.2211  0.1584     -    0.2236  0.1527  0.3320  0.1518  0.0906  
 4   0.1082  0.2829  0.2236     -    0.1236  0.1748  0.1400  0.1452  
 5   0.1650  0.2096  0.1527  0.1236     -    0.1807  0.1305  0.1101  
 6   0.1065  0.3398  0.3320  0.1748  0.1807     -    0.1637  0.2615  
 7   0.1435  0.2102  0.1518  0.1400  0.1305  0.1637     -    0.0906  
 8   0.1807  0.0992  0.0906  0.1452  0.1101  0.2615  0.0906     -    

Average distances (expected heterozygosity) between individuals in same cluster:
cluster  1  : 0.4125 
cluster  2  : 0.4293 
cluster  3  : 0.4692 
cluster  4  : 0.3936 
cluster  5  : 0.4337 
cluster  6  : 0.3696 
cluster  7  : 0.4777 
cluster  8  : 0.5471 

--------------------------------------------
Estimated Ln Prob of Data   = -14036.1
Mean value of ln likelihood = -13705.5
Variance of ln likelihood   = 661.2
Mean value of alpha         = 0.0323

Mean value of Fst_1         = 0.3626
Mean value of Fst_2         = 0.4207
Mean value of Fst_3         = 0.3545
Mean value of Fst_4         = 0.4808
Mean value of Fst_5         = 0.4114
Mean value of Fst_6         = 0.4368
Mean value of Fst_7         = 0.2655
Mean value of Fst_8         = 0.1245


Inferred ancestry of individuals:
        Label (%Miss) :  Inferred clusters
  1    ZFB01    (0)   :  0.005 0.008 0.970 0.003 0.004 0.003 0.004 0.004 
  2    ZFB02    (0)   :  0.003 0.049 0.921 0.003 0.008 0.003 0.006 0.008 
  3    ZFB03    (0)   :  0.005 0.005 0.963 0.007 0.005 0.002 0.006 0.007 
  4    ZFB04    (0)   :  0.005 0.059 0.914 0.002 0.006 0.003 0.004 0.007 
  5    ZFB05    (0)   :  0.003 0.163 0.713 0.007 0.011 0.011 0.030 0.061 
  6    ZFB06    (0)   :  0.003 0.087 0.797 0.008 0.007 0.011 0.022 0.065 
  7    ZFB07    (9)   :  0.008 0.008 0.950 0.006 0.004 0.004 0.004 0.015 
  8    ZFB08    (0)   :  0.007 0.005 0.952 0.006 0.006 0.006 0.013 0.006 
  9    ZFB09    (0)   :  0.003 0.004 0.975 0.003 0.004 0.003 0.005 0.004 
 10    ZFB10    (0)   :  0.022 0.010 0.942 0.005 0.007 0.006 0.005 0.004 
 11    ZFB11    (0)   :  0.009 0.022 0.949 0.003 0.006 0.003 0.003 0.005 
 12    ZFB12    (0)   :  0.010 0.031 0.899 0.008 0.004 0.003 0.030 0.014 
 13    ZFB13    (0)   :  0.010 0.007 0.949 0.005 0.005 0.006 0.012 0.007 
 14    ZFB14    (0)   :  0.006 0.004 0.971 0.003 0.005 0.003 0.004 0.004 
 15    ZFB15    (0)   :  0.003 0.012 0.969 0.003 0.003 0.002 0.004 0.004 
 16    ZFB16    (0)   :  0.007 0.013 0.955 0.004 0.004 0.004 0.008 0.005 
 17    ZFB17    (0)   :  0.011 0.031 0.867 0.007 0.023 0.011 0.039 0.012 
 18    ZFB18    (0)   :  0.004 0.004 0.976 0.003 0.004 0.003 0.004 0.004 
 19    ZFB19    (0)   :  0.034 0.007 0.906 0.010 0.004 0.009 0.016 0.013 
 20    ZFB20    (0)   :  0.007 0.038 0.927 0.004 0.004 0.004 0.009 0.007 
 21    ZFB21    (0)   :  0.003 0.009 0.967 0.003 0.003 0.002 0.004 0.009 
 22    ZFB22    (0)   :  0.013 0.066 0.873 0.007 0.008 0.011 0.014 0.010 
 23    ZFB23    (0)   :  0.008 0.033 0.935 0.004 0.006 0.003 0.004 0.006 
 24    ZFB24    (0)   :  0.009 0.042 0.929 0.003 0.005 0.003 0.004 0.005 
 25    ZFB25    (0)   :  0.025 0.006 0.948 0.006 0.004 0.004 0.003 0.004 
 26    ZFB26    (0)   :  0.020 0.083 0.869 0.005 0.007 0.004 0.003 0.008 
 27    ZFB27    (0)   :  0.008 0.089 0.883 0.003 0.005 0.003 0.003 0.006 
 28    ZFB28    (0)   :  0.008 0.119 0.794 0.006 0.011 0.003 0.014 0.045 
 29    ZFB29    (0)   :  0.004 0.022 0.950 0.002 0.008 0.002 0.004 0.008 
 30    ZFB30    (0)   :  0.005 0.173 0.711 0.010 0.004 0.012 0.011 0.073 
 31    ZFB31    (0)   :  0.015 0.006 0.957 0.005 0.004 0.005 0.004 0.005 
 32    ZFB32    (0)   :  0.015 0.066 0.798 0.010 0.035 0.004 0.034 0.038 
 33    ZFB33    (0)   :  0.004 0.011 0.970 0.003 0.003 0.002 0.003 0.004 
 34    ZFB34    (0)   :  0.004 0.003 0.974 0.003 0.005 0.003 0.004 0.004 
 35    ZFB35    (0)   :  0.006 0.008 0.963 0.004 0.006 0.003 0.004 0.004 
 36  ZFBP101    (0)   :  0.671 0.009 0.011 0.086 0.147 0.049 0.017 0.010 
 37  ZFBP102    (0)   :  0.892 0.014 0.014 0.023 0.018 0.014 0.011 0.014 
 38  ZFBP103    (0)   :  0.392 0.008 0.007 0.302 0.255 0.016 0.012 0.008 
 39  ZFBP104    (0)   :  0.814 0.008 0.030 0.071 0.004 0.008 0.046 0.019 
 40  ZFBP105    (0)   :  0.937 0.005 0.006 0.030 0.005 0.005 0.007 0.006 
 41  ZFBP106    (0)   :  0.926 0.003 0.003 0.042 0.007 0.011 0.005 0.004 
 42  ZFBP107    (0)   :  0.893 0.014 0.005 0.056 0.008 0.005 0.007 0.012 
 43  ZFBP108    (0)   :  0.974 0.003 0.003 0.007 0.003 0.004 0.003 0.003 
 44  ZFBP109    (0)   :  0.968 0.002 0.004 0.007 0.004 0.006 0.004 0.004 
 45  ZFBP110    (0)   :  0.679 0.009 0.045 0.163 0.038 0.006 0.019 0.040 
 46  ZFBP111    (0)   :  0.691 0.004 0.003 0.057 0.005 0.220 0.015 0.005 
 47  ZFBP112    (0)   :  0.919 0.006 0.003 0.011 0.012 0.038 0.007 0.004 
 48  ZFBP113    (0)   :  0.972 0.003 0.003 0.006 0.003 0.004 0.005 0.004 
 49  ZFBP114    (0)   :  0.957 0.006 0.003 0.012 0.006 0.007 0.003 0.006 
 50  ZFBP115    (0)   :  0.553 0.004 0.002 0.398 0.013 0.016 0.010 0.005 
 51  ZFBP116    (0)   :  0.964 0.004 0.003 0.009 0.004 0.006 0.006 0.004 
 52  ZFBP117    (0)   :  0.964 0.002 0.003 0.008 0.007 0.008 0.004 0.003 
 53  ZFBP118    (0)   :  0.958 0.007 0.003 0.011 0.005 0.008 0.004 0.005 
 54  ZFBP119    (0)   :  0.804 0.003 0.004 0.114 0.037 0.019 0.014 0.005 
 55  ZFBP120    (0)   :  0.941 0.005 0.006 0.027 0.004 0.005 0.007 0.006 
 56  ZFBP121    (0)   :  0.960 0.003 0.005 0.010 0.008 0.005 0.004 0.004 
 57  ZFBP122    (9)   :  0.960 0.003 0.004 0.009 0.005 0.009 0.006 0.004 
 58  ZFBP123    (0)   :  0.943 0.006 0.003 0.007 0.014 0.013 0.008 0.005 
 59  ZFBP124    (0)   :  0.968 0.004 0.006 0.006 0.005 0.005 0.004 0.004 
 60  ZFBP125    (0)   :  0.956 0.002 0.002 0.011 0.007 0.015 0.004 0.003 
 61  ZFBP126    (0)   :  0.908 0.011 0.010 0.006 0.022 0.006 0.021 0.016 
 62  ZFBP127    (0)   :  0.914 0.003 0.003 0.056 0.012 0.005 0.003 0.004 
 63  ZFBP128    (0)   :  0.941 0.002 0.004 0.014 0.010 0.023 0.004 0.003 
 64  ZFBP129    (0)   :  0.848 0.003 0.005 0.007 0.008 0.120 0.005 0.005 
 65  ZFBP130    (0)   :  0.904 0.003 0.002 0.015 0.017 0.048 0.007 0.003 
 66  ZFBP131    (0)   :  0.973 0.004 0.004 0.004 0.004 0.005 0.004 0.003 
 67  ZFBP132    (0)   :  0.971 0.003 0.004 0.009 0.003 0.003 0.003 0.003 
 68  ZFBP133    (0)   :  0.814 0.002 0.004 0.004 0.007 0.162 0.005 0.002 
 69  ZFBP134    (0)   :  0.773 0.003 0.003 0.147 0.042 0.017 0.011 0.004 
 70  ZFBP135    (0)   :  0.651 0.005 0.013 0.032 0.270 0.014 0.008 0.009 
 71  ZFBP136    (0)   :  0.756 0.007 0.004 0.046 0.135 0.041 0.007 0.005 
 72  ZFBP201    (0)   :  0.956 0.006 0.005 0.010 0.005 0.006 0.006 0.006 
 73  ZFBP202    (0)   :  0.958 0.003 0.006 0.013 0.004 0.008 0.004 0.004 
 74  ZFBP203    (0)   :  0.875 0.045 0.006 0.007 0.006 0.017 0.021 0.023 
 75  ZFBP204    (0)   :  0.884 0.005 0.004 0.056 0.017 0.020 0.008 0.006 
 76  ZFBP205    (0)   :  0.959 0.004 0.003 0.004 0.009 0.012 0.006 0.004 
 77  ZFBP206    (0)   :  0.907 0.007 0.005 0.006 0.013 0.049 0.009 0.005 
 78  ZFBP207    (0)   :  0.808 0.004 0.004 0.155 0.011 0.008 0.005 0.004 
 79  ZFBP208    (0)   :  0.947 0.011 0.004 0.005 0.006 0.009 0.012 0.007 
 80  ZFBP209    (0)   :  0.881 0.002 0.003 0.004 0.007 0.097 0.005 0.003 
 81  ZFBP210    (0)   :  0.948 0.008 0.004 0.009 0.005 0.012 0.008 0.005 
 82  ZFBP211    (0)   :  0.965 0.003 0.006 0.008 0.005 0.005 0.004 0.004 
 83  ZFBP212    (0)   :  0.942 0.003 0.006 0.036 0.003 0.004 0.003 0.003 
 84  ZFBP213    (0)   :  0.941 0.005 0.008 0.010 0.011 0.011 0.008 0.006 
 85  ZFBP214    (0)   :  0.748 0.004 0.013 0.039 0.046 0.103 0.037 0.009 
 86  ZFBP215    (0)   :  0.969 0.003 0.004 0.006 0.005 0.006 0.004 0.003 
 87  ZFBP216    (0)   :  0.941 0.006 0.004 0.010 0.005 0.005 0.019 0.009 
 88  ZFBP217    (0)   :  0.647 0.004 0.009 0.062 0.007 0.242 0.022 0.007 
 89  ZFBP218    (0)   :  0.968 0.003 0.003 0.005 0.003 0.012 0.005 0.003 
 90  ZFBP219    (0)   :  0.972 0.003 0.003 0.006 0.003 0.004 0.005 0.004 
 91  ZFBP220    (0)   :  0.917 0.003 0.003 0.024 0.016 0.028 0.007 0.004 
 92  ZFBP221    (0)   :  0.951 0.003 0.004 0.023 0.003 0.007 0.006 0.003 
 93  ZFBP222    (0)   :  0.958 0.005 0.005 0.004 0.008 0.009 0.006 0.004 
 94  ZFBP223    (0)   :  0.807 0.005 0.008 0.148 0.008 0.011 0.006 0.007 
 95  ZFBP224    (0)   :  0.963 0.004 0.005 0.006 0.006 0.005 0.006 0.006 
 96  ZFBP225    (0)   :  0.492 0.007 0.003 0.121 0.012 0.340 0.017 0.009 
 97  ZFBP226    (0)   :  0.968 0.004 0.003 0.006 0.003 0.005 0.005 0.004 
 98  ZFBP227    (0)   :  0.741 0.010 0.017 0.033 0.007 0.007 0.148 0.038 
 99  ZFBP228    (0)   :  0.835 0.003 0.005 0.128 0.014 0.007 0.004 0.004 
100  ZFBP229    (0)   :  0.955 0.003 0.003 0.007 0.006 0.017 0.006 0.004 
101  ZFBP230    (0)   :  0.909 0.003 0.003 0.022 0.019 0.030 0.008 0.004 
102  ZFBP231    (0)   :  0.963 0.004 0.004 0.008 0.005 0.005 0.005 0.005 
103  ZFBP232    (0)   :  0.973 0.003 0.003 0.005 0.004 0.007 0.003 0.003 
104  ZFBP233    (0)   :  0.939 0.004 0.006 0.012 0.006 0.017 0.010 0.005 
105   ZFCC01    (0)   :  0.004 0.005 0.008 0.004 0.967 0.004 0.004 0.004 
106   ZFCC03    (0)   :  0.004 0.003 0.005 0.006 0.971 0.005 0.003 0.003 
107   ZFCC04    (0)   :  0.004 0.003 0.005 0.004 0.969 0.006 0.004 0.004 
108   ZFCC05    (0)   :  0.006 0.004 0.007 0.009 0.957 0.007 0.006 0.005 
109   ZFCC08    (0)   :  0.010 0.002 0.005 0.006 0.952 0.017 0.005 0.003 
110   ZFCC09    (0)   :  0.004 0.003 0.006 0.006 0.971 0.004 0.003 0.004 
111   ZFCC10    (0)   :  0.005 0.004 0.012 0.003 0.966 0.004 0.003 0.003 
112   ZFCC11    (0)   :  0.005 0.003 0.006 0.006 0.968 0.004 0.004 0.004 
113   ZFCC12    (0)   :  0.006 0.051 0.018 0.007 0.892 0.004 0.007 0.015 
114   ZFCC13    (0)   :  0.009 0.006 0.004 0.011 0.946 0.009 0.010 0.005 
115   ZFCC14    (0)   :  0.009 0.005 0.009 0.004 0.958 0.007 0.003 0.005 
116   ZFCC15    (0)   :  0.005 0.005 0.005 0.005 0.963 0.005 0.008 0.005 
117   ZFCC16    (0)   :  0.003 0.004 0.005 0.003 0.971 0.004 0.005 0.004 
118   ZFCC17    (0)   :  0.003 0.008 0.005 0.004 0.968 0.003 0.004 0.004 
119   ZFCC18    (0)   :  0.004 0.004 0.006 0.005 0.967 0.006 0.004 0.004 
120   ZFCC19    (0)   :  0.003 0.007 0.004 0.003 0.965 0.003 0.009 0.005 
121   ZFCC20    (0)   :  0.004 0.003 0.004 0.007 0.967 0.005 0.006 0.004 
122   ZFCC21    (0)   :  0.026 0.006 0.008 0.006 0.856 0.037 0.055 0.006 
123   ZFCC22    (0)   :  0.158 0.005 0.006 0.018 0.758 0.045 0.007 0.003 
124   ZFCC26    (0)   :  0.004 0.003 0.005 0.004 0.972 0.004 0.004 0.004 
125   ZFCC27    (0)   :  0.004 0.003 0.004 0.005 0.974 0.004 0.003 0.004 
126   ZFCC29    (0)   :  0.004 0.004 0.008 0.005 0.957 0.006 0.011 0.005 
127   ZFCC30    (0)   :  0.003 0.003 0.003 0.007 0.972 0.006 0.004 0.003 
128   ZFCC32    (0)   :  0.004 0.007 0.005 0.006 0.956 0.006 0.010 0.006 
129   ZFCC33    (0)   :  0.003 0.004 0.006 0.006 0.967 0.003 0.004 0.007 
130   ZFCC34    (0)   :  0.045 0.012 0.015 0.034 0.867 0.015 0.005 0.006 
131   ZFCC35    (0)   :  0.004 0.003 0.003 0.004 0.976 0.004 0.003 0.003 
132   ZFCC36    (0)   :  0.008 0.011 0.004 0.006 0.942 0.011 0.012 0.006 
133   ZFCC37    (0)   :  0.009 0.045 0.020 0.008 0.886 0.005 0.009 0.019 
134   ZFCC40    (0)   :  0.006 0.007 0.007 0.003 0.967 0.004 0.003 0.004 
135   ZFCC42    (0)   :  0.005 0.536 0.012 0.052 0.356 0.012 0.006 0.021 
136   ZFCC44    (0)   :  0.003 0.004 0.003 0.005 0.976 0.003 0.003 0.003 
137   ZFCC45    (9)   :  0.005 0.014 0.012 0.006 0.940 0.004 0.007 0.013 
138   ZFCC46    (0)   :  0.008 0.004 0.003 0.011 0.941 0.023 0.006 0.003 
139   ZFCC47    (0)   :  0.005 0.031 0.015 0.006 0.925 0.007 0.005 0.007 
140   ZFCC48    (0)   :  0.020 0.003 0.007 0.006 0.910 0.038 0.012 0.005 
141   ZFCC50    (0)   :  0.003 0.004 0.004 0.003 0.975 0.004 0.004 0.003 
142   ZFCC51    (0)   :  0.003 0.003 0.004 0.005 0.974 0.004 0.003 0.003 
143   ZFCC52    (0)   :  0.009 0.005 0.004 0.006 0.957 0.010 0.005 0.004 
144   ZFCC53    (0)   :  0.003 0.003 0.004 0.004 0.976 0.004 0.003 0.003 
145  ZFCNS01    (0)   :  0.004 0.005 0.003 0.962 0.005 0.003 0.010 0.008 
146  ZFCNS02    (0)   :  0.004 0.003 0.003 0.970 0.008 0.005 0.004 0.003 
147  ZFCNS05    (0)   :  0.007 0.003 0.005 0.962 0.009 0.006 0.004 0.004 
148  ZFCNS06    (0)   :  0.005 0.003 0.004 0.968 0.009 0.005 0.003 0.003 
149  ZFCNS07    (0)   :  0.010 0.003 0.004 0.956 0.005 0.015 0.004 0.004 
150  ZFCNS10    (0)   :  0.005 0.003 0.003 0.975 0.004 0.004 0.003 0.003 
151  ZFCNS11    (0)   :  0.003 0.004 0.003 0.971 0.005 0.004 0.006 0.005 
152  ZFCNS15    (0)   :  0.011 0.002 0.004 0.966 0.004 0.005 0.004 0.004 
153  ZFCNS17    (0)   :  0.006 0.003 0.003 0.967 0.010 0.005 0.003 0.003 
154  ZFCNS18    (0)   :  0.005 0.003 0.003 0.975 0.005 0.004 0.003 0.003 
155  ZFCNS19    (0)   :  0.003 0.003 0.004 0.973 0.006 0.004 0.004 0.003 
156  ZFCNS20    (0)   :  0.010 0.003 0.003 0.958 0.006 0.012 0.004 0.004 
157  ZFCNS21    (0)   :  0.003 0.002 0.003 0.976 0.006 0.003 0.003 0.003 
158  ZFCNS22    (0)   :  0.012 0.003 0.005 0.961 0.006 0.006 0.004 0.004 
159  ZFCNS23    (0)   :  0.007 0.010 0.006 0.919 0.024 0.015 0.010 0.009 
160  ZFCNS24    (0)   :  0.004 0.002 0.003 0.963 0.016 0.005 0.003 0.003 
161  ZFCNS25    (0)   :  0.008 0.003 0.003 0.964 0.008 0.007 0.004 0.004 
162  ZFCNS26    (0)   :  0.005 0.002 0.004 0.974 0.004 0.004 0.003 0.003 
163  ZFCNS27    (0)   :  0.017 0.003 0.003 0.960 0.004 0.007 0.003 0.004 
164  ZFCNS28    (0)   :  0.005 0.003 0.004 0.971 0.006 0.005 0.003 0.003 
165  ZFCNS29    (0)   :  0.007 0.003 0.004 0.965 0.009 0.005 0.004 0.004 
166  ZFCNS30    (0)   :  0.004 0.003 0.004 0.971 0.008 0.003 0.004 0.004 
167  ZFCNS31    (0)   :  0.005 0.003 0.003 0.974 0.004 0.005 0.003 0.003 
168  ZFCNS32    (0)   :  0.005 0.003 0.004 0.972 0.006 0.005 0.003 0.003 
169  ZFCNS33    (0)   :  0.003 0.003 0.004 0.975 0.004 0.005 0.003 0.003 
170  ZFCNS34    (0)   :  0.005 0.003 0.004 0.956 0.021 0.005 0.004 0.004 
171  ZFCNS35    (0)   :  0.004 0.003 0.005 0.972 0.006 0.004 0.003 0.003 
172  ZFCNS36    (0)   :  0.005 0.003 0.003 0.946 0.030 0.006 0.004 0.004 
173  ZFCNS37    (0)   :  0.004 0.002 0.003 0.974 0.005 0.003 0.004 0.004 
174  ZFCNS39    (0)   :  0.004 0.002 0.003 0.972 0.006 0.006 0.004 0.003 
175  ZFCNS40    (0)   :  0.005 0.003 0.003 0.948 0.019 0.014 0.004 0.003 
176  ZFCNS41    (0)   :  0.011 0.004 0.005 0.952 0.009 0.004 0.007 0.006 
177  ZFCNS42    (0)   :  0.005 0.002 0.003 0.975 0.005 0.003 0.003 0.003 
178  ZFCNS43    (0)   :  0.004 0.003 0.003 0.974 0.007 0.003 0.003 0.003 
179  ZFCNS44    (0)   :  0.004 0.003 0.003 0.976 0.006 0.003 0.003 0.003 
180  ZFCNS46    (0)   :  0.006 0.003 0.003 0.971 0.006 0.004 0.004 0.004 
181  ZFCNS47    (0)   :  0.004 0.002 0.003 0.976 0.005 0.003 0.003 0.003 
182  ZFCNS48    (0)   :  0.006 0.003 0.003 0.971 0.005 0.004 0.004 0.003 
183  ZFCNS49    (0)   :  0.008 0.002 0.003 0.974 0.003 0.003 0.003 0.003 
184   ZFCR01    (0)   :  0.034 0.014 0.209 0.003 0.017 0.021 0.008 0.693 
185   ZFCR02    (0)   :  0.042 0.024 0.286 0.010 0.058 0.045 0.173 0.361 
186   ZFCR03    (0)   :  0.053 0.148 0.321 0.005 0.056 0.022 0.356 0.039 
187   ZFCR04    (0)   :  0.029 0.030 0.752 0.024 0.019 0.042 0.037 0.067 
188   ZFCR05    (0)   :  0.009 0.024 0.254 0.005 0.063 0.008 0.400 0.236 
189   ZFCR06    (0)   :  0.137 0.009 0.156 0.103 0.034 0.044 0.091 0.427 
190   ZFCR07    (0)   :  0.010 0.012 0.036 0.046 0.016 0.004 0.680 0.197 
191   ZFCR08    (0)   :  0.021 0.042 0.054 0.008 0.103 0.024 0.008 0.741 
192   ZFCR09    (0)   :  0.232 0.467 0.110 0.042 0.045 0.019 0.043 0.042 
193   ZFCR11    (0)   :  0.042 0.024 0.280 0.078 0.014 0.003 0.381 0.178 
194   ZFCR12    (0)   :  0.024 0.005 0.019 0.163 0.017 0.022 0.655 0.095 
195   ZFCR13    (0)   :  0.095 0.004 0.016 0.009 0.007 0.006 0.671 0.193 
196   ZFCR14    (0)   :  0.009 0.011 0.113 0.008 0.023 0.046 0.558 0.233 
197   ZFCR15    (0)   :  0.023 0.013 0.340 0.008 0.027 0.154 0.153 0.282 
198   ZFCR16    (0)   :  0.034 0.006 0.322 0.005 0.010 0.101 0.104 0.420 
199   ZFCR18    (0)   :  0.034 0.008 0.774 0.019 0.068 0.022 0.024 0.050 
200   ZFCR19    (0)   :  0.027 0.149 0.268 0.007 0.017 0.277 0.222 0.033 
201   ZFCR20    (0)   :  0.133 0.034 0.512 0.010 0.017 0.017 0.174 0.104 
202   ZFCR21    (0)   :  0.008 0.005 0.037 0.004 0.025 0.015 0.773 0.132 
203   ZFCR22    (0)   :  0.008 0.006 0.011 0.004 0.004 0.012 0.925 0.030 
204   ZFCR23    (0)   :  0.221 0.043 0.035 0.017 0.004 0.006 0.577 0.096 
205   ZFCR24    (9)   :  0.499 0.018 0.104 0.006 0.009 0.008 0.284 0.072 
206   ZFCR25    (0)   :  0.004 0.014 0.044 0.004 0.010 0.003 0.790 0.132 
207   ZFCR26    (0)   :  0.015 0.090 0.007 0.007 0.021 0.019 0.820 0.020 
208   ZFCR27    (9)   :  0.004 0.022 0.034 0.003 0.006 0.003 0.066 0.862 
209   ZFCR28    (0)   :  0.191 0.006 0.009 0.029 0.010 0.136 0.020 0.598 
210   ZFCR29    (0)   :  0.008 0.008 0.090 0.004 0.008 0.004 0.865 0.012 
211   ZFCR30    (0)   :  0.004 0.011 0.013 0.005 0.004 0.003 0.926 0.033 
212   ZFCR31    (0)   :  0.152 0.109 0.372 0.098 0.022 0.038 0.173 0.038 
213   ZFCR33    (0)   :  0.009 0.022 0.013 0.010 0.028 0.011 0.025 0.882 
214   ZFCR34    (0)   :  0.044 0.048 0.071 0.028 0.017 0.016 0.714 0.064 
215   ZFCR35    (0)   :  0.011 0.012 0.835 0.014 0.026 0.011 0.043 0.047 
216   ZFCR36    (0)   :  0.010 0.053 0.208 0.011 0.011 0.005 0.644 0.057 
217   ZFCR37    (0)   :  0.004 0.029 0.052 0.005 0.063 0.004 0.680 0.164 
218   ZFCR38    (0)   :  0.008 0.027 0.018 0.008 0.034 0.011 0.029 0.865 
219   ZFCR39    (0)   :  0.057 0.158 0.017 0.007 0.110 0.043 0.014 0.594 
220   ZFCR40    (0)   :  0.012 0.056 0.026 0.008 0.033 0.006 0.120 0.738 
221   ZFCR41    (0)   :  0.013 0.005 0.022 0.073 0.077 0.022 0.649 0.139 
222   ZFCR42    (0)   :  0.029 0.039 0.023 0.020 0.057 0.028 0.537 0.268 
223   ZFCR43    (0)   :  0.105 0.008 0.133 0.006 0.006 0.006 0.509 0.227 
224  ZFENP25    (0)   :  0.010 0.005 0.025 0.004 0.019 0.011 0.006 0.921 
225  ZFENP26    (0)   :  0.003 0.008 0.006 0.004 0.004 0.003 0.005 0.969 
226  ZFENP27    (0)   :  0.020 0.032 0.104 0.064 0.310 0.012 0.008 0.449 
227  ZFENP28    (0)   :  0.004 0.011 0.014 0.006 0.010 0.004 0.010 0.939 
228  ZFENP29    (0)   :  0.004 0.005 0.005 0.004 0.008 0.003 0.010 0.961 
229  ZFENP30    (0)   :  0.007 0.015 0.008 0.007 0.051 0.007 0.011 0.895 
230  ZFENP31    (0)   :  0.009 0.538 0.017 0.010 0.065 0.005 0.009 0.347 
231  ZFENP32    (0)   :  0.031 0.307 0.233 0.052 0.033 0.006 0.022 0.316 
232  ZFENP33    (0)   :  0.007 0.015 0.026 0.007 0.008 0.003 0.030 0.905 
233  ZFENP34    (0)   :  0.008 0.014 0.364 0.011 0.028 0.005 0.011 0.558 
234  ZFENP35    (0)   :  0.010 0.025 0.011 0.019 0.005 0.005 0.008 0.918 
235  ZFENP36    (0)   :  0.003 0.011 0.008 0.007 0.003 0.002 0.010 0.956 
236  ZFENP37    (0)   :  0.009 0.028 0.076 0.011 0.012 0.004 0.030 0.830 
237  ZFENP38    (0)   :  0.006 0.020 0.013 0.015 0.024 0.005 0.333 0.583 
238  ZFENP39    (0)   :  0.004 0.012 0.022 0.004 0.011 0.003 0.015 0.928 
239  ZFENP40    (0)   :  0.008 0.028 0.024 0.005 0.007 0.004 0.008 0.916 
240  ZFENP41    (0)   :  0.006 0.014 0.016 0.007 0.055 0.007 0.006 0.888 
241  ZFENP42    (0)   :  0.003 0.111 0.004 0.004 0.007 0.005 0.042 0.824 
242  ZFENP43    (0)   :  0.010 0.019 0.013 0.057 0.043 0.006 0.082 0.771 
243  ZFENP44    (0)   :  0.006 0.049 0.008 0.014 0.018 0.003 0.018 0.884 
244  ZFENP45    (0)   :  0.033 0.075 0.010 0.012 0.019 0.315 0.038 0.497 
245  ZFENP46    (0)   :  0.014 0.024 0.013 0.013 0.004 0.005 0.055 0.872 
246  ZFENP47    (0)   :  0.016 0.344 0.034 0.004 0.086 0.152 0.008 0.355 
247  ZFENP48    (0)   :  0.031 0.031 0.378 0.014 0.105 0.026 0.027 0.388 
248  ZFENP49    (0)   :  0.025 0.014 0.027 0.008 0.032 0.022 0.038 0.834 
249  ZFENP50    (0)   :  0.035 0.034 0.007 0.008 0.005 0.008 0.106 0.798 
250  ZFENP51    (0)   :  0.004 0.339 0.021 0.005 0.009 0.048 0.021 0.553 
251  ZFENP52    (0)   :  0.005 0.007 0.003 0.014 0.011 0.004 0.011 0.944 
252  ZFENP53    (0)   :  0.032 0.020 0.007 0.014 0.010 0.027 0.028 0.863 
253  ZFENP54    (0)   :  0.049 0.010 0.030 0.008 0.026 0.012 0.043 0.822 
254  ZFENP55    (0)   :  0.006 0.017 0.055 0.004 0.005 0.004 0.642 0.267 
255  ZFENP56    (0)   :  0.004 0.012 0.012 0.013 0.008 0.005 0.098 0.849 
256  ZFENP57    (0)   :  0.004 0.060 0.015 0.011 0.006 0.002 0.021 0.882 
257  ZFENP58    (0)   :  0.011 0.020 0.014 0.016 0.069 0.132 0.090 0.647 
258  ZFENP59    (0)   :  0.005 0.030 0.010 0.005 0.064 0.004 0.009 0.875 
259  ZFENP60    (0)   :  0.011 0.015 0.043 0.007 0.010 0.014 0.014 0.885 
260  ZFENP61    (0)   :  0.003 0.009 0.023 0.004 0.012 0.003 0.011 0.935 
261 ZFFDSP01    (0)   :  0.938 0.003 0.005 0.025 0.004 0.015 0.006 0.003 
262 ZFFDSP02    (0)   :  0.970 0.002 0.003 0.006 0.005 0.006 0.004 0.003 
263 ZFFDSP04    (0)   :  0.963 0.002 0.005 0.005 0.004 0.013 0.005 0.002 
264 ZFFDSP05    (0)   :  0.951 0.003 0.003 0.018 0.004 0.010 0.007 0.004 
265 ZFFDSP06    (0)   :  0.963 0.002 0.003 0.005 0.005 0.014 0.005 0.003 
266 ZFFDSP07    (0)   :  0.929 0.005 0.003 0.005 0.016 0.028 0.008 0.005 
267 ZFFDSP08    (0)   :  0.881 0.004 0.003 0.019 0.016 0.063 0.008 0.005 
268 ZFFDSP10    (0)   :  0.957 0.003 0.004 0.009 0.005 0.011 0.007 0.004 
269 ZFFDSP11    (0)   :  0.964 0.003 0.004 0.006 0.004 0.008 0.007 0.003 
270 ZFFDSP12    (0)   :  0.969 0.003 0.002 0.006 0.004 0.009 0.003 0.003 
271 ZFFDSP13    (0)   :  0.563 0.004 0.004 0.385 0.019 0.006 0.013 0.007 
272 ZFFDSP14    (0)   :  0.951 0.003 0.004 0.005 0.007 0.021 0.006 0.003 
273 ZFFDSP16    (0)   :  0.957 0.004 0.006 0.011 0.006 0.005 0.007 0.006 
274 ZFFDSP17    (0)   :  0.961 0.003 0.004 0.007 0.005 0.011 0.006 0.004 
275 ZFFDSP18    (0)   :  0.951 0.002 0.008 0.006 0.006 0.020 0.004 0.003 
276 ZFFDSP19    (0)   :  0.892 0.003 0.006 0.055 0.017 0.020 0.005 0.003 
277 ZFFDSP21    (0)   :  0.869 0.002 0.004 0.099 0.012 0.007 0.004 0.004 
278 ZFFDSP22    (0)   :  0.905 0.002 0.003 0.005 0.006 0.071 0.005 0.003 
279 ZFFDSP23    (0)   :  0.825 0.002 0.003 0.027 0.005 0.130 0.005 0.003 
280 ZFFDSP24    (0)   :  0.941 0.003 0.005 0.031 0.005 0.007 0.006 0.003 
281 ZFFDSP26    (9)   :  0.954 0.003 0.004 0.012 0.005 0.015 0.005 0.003 
282 ZFFDSP27    (0)   :  0.964 0.003 0.005 0.011 0.004 0.007 0.004 0.003 
283 ZFFDSP28    (0)   :  0.873 0.020 0.048 0.011 0.012 0.007 0.018 0.009 
284 ZFFDSP30    (0)   :  0.736 0.006 0.023 0.209 0.006 0.007 0.008 0.004 
285 ZFFDSP31    (0)   :  0.961 0.002 0.005 0.011 0.006 0.006 0.004 0.004 
286 ZFFDSP32    (0)   :  0.971 0.003 0.003 0.006 0.004 0.006 0.004 0.003 
287 ZFFDSP33    (0)   :  0.972 0.003 0.003 0.007 0.003 0.006 0.003 0.003 
288 ZFFDSP34    (0)   :  0.961 0.002 0.003 0.008 0.007 0.010 0.005 0.003 
289 ZFFDSP35    (0)   :  0.957 0.003 0.005 0.017 0.004 0.007 0.005 0.003 
290 ZFFDSP37    (0)   :  0.971 0.003 0.004 0.008 0.003 0.004 0.004 0.003 
291 ZFFDSP38    (0)   :  0.970 0.003 0.004 0.007 0.004 0.005 0.004 0.003 
292 ZFFDSP39    (0)   :  0.930 0.002 0.003 0.046 0.003 0.008 0.004 0.003 
293 ZFFDSP40    (0)   :  0.946 0.003 0.005 0.031 0.003 0.005 0.004 0.003 
294 ZFFDSP42    (0)   :  0.892 0.002 0.004 0.027 0.005 0.062 0.006 0.003 
295 ZFFDSP43    (0)   :  0.964 0.002 0.004 0.012 0.004 0.008 0.003 0.003 
296 ZFFDSP44    (0)   :  0.957 0.003 0.005 0.018 0.004 0.005 0.004 0.003 
297 ZFFDSP45    (0)   :  0.965 0.002 0.005 0.011 0.005 0.005 0.005 0.003 
298 ZFFDSP46    (0)   :  0.956 0.002 0.004 0.016 0.005 0.008 0.005 0.004 
299 ZFFDSP47    (0)   :  0.801 0.003 0.004 0.160 0.004 0.019 0.006 0.003 
300 ZFFDSP48    (0)   :  0.873 0.002 0.004 0.102 0.004 0.006 0.005 0.004 
301    ZFI01    (0)   :  0.004 0.023 0.939 0.006 0.008 0.004 0.008 0.008 
302    ZFI02    (0)   :  0.005 0.010 0.960 0.006 0.003 0.004 0.006 0.005 
303    ZFI03    (0)   :  0.004 0.004 0.968 0.006 0.005 0.003 0.006 0.005 
304    ZFI04    (0)   :  0.004 0.018 0.950 0.005 0.005 0.003 0.006 0.008 
305    ZFI05    (0)   :  0.005 0.005 0.956 0.014 0.005 0.003 0.005 0.008 
306    ZFI06    (0)   :  0.011 0.010 0.918 0.036 0.004 0.003 0.006 0.012 
307    ZFI07    (0)   :  0.004 0.005 0.969 0.005 0.005 0.003 0.005 0.005 
308    ZFI08    (0)   :  0.003 0.008 0.961 0.004 0.005 0.003 0.009 0.008 
309    ZFI09    (0)   :  0.004 0.009 0.964 0.006 0.004 0.002 0.005 0.007 
310    ZFI10    (0)   :  0.006 0.012 0.931 0.029 0.004 0.003 0.007 0.007 
311    ZFI11    (0)   :  0.003 0.015 0.957 0.006 0.004 0.002 0.005 0.007 
312    ZFI12    (0)   :  0.004 0.004 0.963 0.008 0.005 0.003 0.008 0.005 
313    ZFI13    (0)   :  0.004 0.006 0.962 0.006 0.006 0.002 0.006 0.007 
314    ZFI14    (0)   :  0.010 0.005 0.960 0.008 0.005 0.003 0.004 0.005 
315    ZFI15    (0)   :  0.004 0.004 0.973 0.004 0.004 0.002 0.004 0.005 
316    ZFI16    (0)   :  0.003 0.003 0.976 0.005 0.003 0.002 0.004 0.004 
317    ZFI17    (0)   :  0.004 0.008 0.961 0.007 0.004 0.003 0.006 0.008 
318    ZFI18    (0)   :  0.003 0.007 0.969 0.005 0.003 0.002 0.004 0.007 
319    ZFI19    (9)   :  0.003 0.005 0.970 0.005 0.004 0.002 0.007 0.005 
320    ZFI20    (0)   :  0.005 0.005 0.969 0.006 0.004 0.003 0.006 0.004 
321    ZFI21    (0)   :  0.015 0.004 0.947 0.019 0.004 0.003 0.004 0.003 
322    ZFI22    (0)   :  0.005 0.008 0.964 0.004 0.006 0.004 0.004 0.005 
323    ZFI23    (0)   :  0.003 0.004 0.971 0.006 0.004 0.002 0.005 0.005 
324    ZFI24    (0)   :  0.004 0.004 0.962 0.007 0.006 0.004 0.007 0.005 
325    ZFI25    (0)   :  0.005 0.004 0.965 0.004 0.006 0.004 0.006 0.007 
326    ZFI26    (0)   :  0.003 0.004 0.967 0.004 0.008 0.003 0.006 0.006 
327    ZFI27    (0)   :  0.005 0.005 0.947 0.021 0.005 0.003 0.008 0.006 
328    ZFK01    (0)   :  0.009 0.011 0.005 0.014 0.935 0.007 0.008 0.011 
329    ZFK02    (0)   :  0.009 0.007 0.006 0.013 0.937 0.007 0.011 0.010 
330    ZFK03    (0)   :  0.008 0.021 0.006 0.009 0.929 0.006 0.009 0.011 
331    ZFK04    (0)   :  0.007 0.086 0.013 0.008 0.857 0.005 0.009 0.015 
332    ZFK05    (0)   :  0.005 0.153 0.011 0.008 0.797 0.004 0.006 0.016 
333    ZFK06    (0)   :  0.007 0.012 0.020 0.007 0.905 0.004 0.009 0.037 
334    ZFK07    (0)   :  0.009 0.022 0.003 0.011 0.928 0.009 0.009 0.009 
335    ZFK08    (0)   :  0.011 0.161 0.015 0.007 0.707 0.006 0.052 0.043 
336    ZFK10    (0)   :  0.007 0.021 0.014 0.007 0.923 0.005 0.010 0.011 
337    ZFK11    (0)   :  0.007 0.048 0.007 0.007 0.896 0.004 0.008 0.021 
338    ZFK12    (0)   :  0.013 0.009 0.004 0.009 0.921 0.013 0.022 0.010 
339    ZFK13    (0)   :  0.043 0.037 0.004 0.017 0.861 0.014 0.014 0.010 
340    ZFK14    (0)   :  0.012 0.012 0.004 0.012 0.938 0.010 0.007 0.006 
341    ZFK15    (0)   :  0.049 0.136 0.007 0.019 0.747 0.009 0.014 0.020 
342    ZFK16    (0)   :  0.019 0.011 0.003 0.013 0.925 0.010 0.010 0.008 
343   ZFLB01    (0)   :  0.010 0.959 0.006 0.007 0.003 0.004 0.004 0.006 
344   ZFLB02    (0)   :  0.004 0.818 0.031 0.004 0.003 0.005 0.008 0.127 
345   ZFLB03    (0)   :  0.006 0.793 0.010 0.029 0.006 0.006 0.010 0.140 
346   ZFLB04    (0)   :  0.028 0.761 0.012 0.174 0.007 0.006 0.005 0.007 
347   ZFLB05    (0)   :  0.006 0.953 0.009 0.014 0.003 0.003 0.004 0.008 
348   ZFLB06    (0)   :  0.007 0.956 0.004 0.006 0.010 0.004 0.004 0.009 
349   ZFLB07    (0)   :  0.028 0.644 0.005 0.142 0.026 0.011 0.024 0.120 
350   ZFLB08    (0)   :  0.005 0.875 0.027 0.006 0.004 0.005 0.011 0.068 
351   ZFLB09    (9)   :  0.005 0.968 0.006 0.004 0.005 0.003 0.004 0.005 
352   ZFLB10    (0)   :  0.004 0.970 0.004 0.006 0.003 0.003 0.003 0.006 
353   ZFLB11    (0)   :  0.006 0.950 0.003 0.006 0.012 0.009 0.007 0.008 
354   ZFLB12    (0)   :  0.003 0.972 0.004 0.003 0.005 0.002 0.003 0.007 
355   ZFLB13    (0)   :  0.011 0.888 0.006 0.012 0.014 0.004 0.013 0.053 
356  ZFLTI01    (0)   :  0.169 0.002 0.005 0.712 0.059 0.034 0.015 0.004 
357  ZFLTI02    (0)   :  0.028 0.002 0.006 0.899 0.038 0.017 0.007 0.004 
358  ZFLTI03    (0)   :  0.027 0.002 0.004 0.935 0.009 0.013 0.007 0.003 
359  ZFLTI04    (0)   :  0.032 0.003 0.005 0.927 0.011 0.007 0.010 0.004 
360  ZFLTI05    (0)   :  0.018 0.003 0.004 0.957 0.005 0.005 0.005 0.003 
361  ZFLTI06    (0)   :  0.189 0.002 0.005 0.761 0.008 0.025 0.006 0.003 
362  ZFLTI07    (0)   :  0.143 0.002 0.007 0.817 0.010 0.007 0.009 0.004 
363  ZFLTI08    (0)   :  0.012 0.002 0.008 0.955 0.007 0.005 0.007 0.004 
364  ZFLTI09    (0)   :  0.137 0.003 0.010 0.827 0.007 0.007 0.007 0.004 
365  ZFLTI10    (0)   :  0.385 0.002 0.007 0.571 0.017 0.007 0.006 0.004 
366  ZFLTI11    (0)   :  0.075 0.003 0.006 0.862 0.007 0.039 0.005 0.003 
367  ZFLTI12    (0)   :  0.067 0.002 0.005 0.868 0.019 0.029 0.007 0.004 
368  ZFLTI13    (0)   :  0.011 0.002 0.005 0.941 0.016 0.012 0.010 0.004 
369  ZFLTI14    (0)   :  0.019 0.002 0.005 0.926 0.034 0.005 0.005 0.004 
370 ZFONF101    (0)   :  0.977 0.002 0.003 0.003 0.002 0.007 0.003 0.002 
371 ZFONF102    (0)   :  0.937 0.010 0.005 0.004 0.003 0.027 0.005 0.009 
372 ZFONF103    (0)   :  0.889 0.003 0.004 0.059 0.014 0.017 0.007 0.006 
373 ZFONF104    (0)   :  0.948 0.002 0.002 0.005 0.004 0.034 0.003 0.002 
374 ZFONF105    (0)   :  0.837 0.003 0.003 0.018 0.005 0.126 0.004 0.003 
375 ZFONF106    (0)   :  0.973 0.002 0.004 0.005 0.004 0.008 0.002 0.002 
376 ZFONF107    (0)   :  0.840 0.049 0.016 0.016 0.017 0.009 0.006 0.047 
377 ZFONF108    (0)   :  0.933 0.008 0.005 0.016 0.016 0.009 0.004 0.009 
378 ZFONF109    (9)   :  0.920 0.006 0.006 0.015 0.014 0.031 0.004 0.005 
379 ZFONF110    (0)   :  0.962 0.002 0.002 0.007 0.005 0.016 0.003 0.002 
380 ZFONF111    (0)   :  0.889 0.016 0.013 0.011 0.009 0.017 0.024 0.021 
381 ZFONF112    (0)   :  0.771 0.003 0.006 0.014 0.007 0.193 0.003 0.003 
382 ZFONF113    (9)   :  0.955 0.004 0.003 0.012 0.006 0.009 0.007 0.004 
383 ZFONF115    (0)   :  0.952 0.003 0.005 0.009 0.006 0.018 0.003 0.003 
384 ZFONF116    (0)   :  0.946 0.003 0.006 0.009 0.005 0.023 0.004 0.004 
385 ZFONF117    (0)   :  0.571 0.004 0.004 0.347 0.010 0.054 0.005 0.006 
386 ZFONF118    (0)   :  0.944 0.002 0.007 0.016 0.009 0.013 0.005 0.003 
387 ZFONF119    (0)   :  0.945 0.005 0.003 0.005 0.011 0.022 0.005 0.004 
388 ZFONF120    (0)   :  0.900 0.006 0.003 0.006 0.023 0.048 0.010 0.004 
389 ZFONF121    (0)   :  0.863 0.005 0.004 0.009 0.005 0.107 0.005 0.004 
390 ZFONF122    (0)   :  0.904 0.003 0.007 0.043 0.021 0.008 0.009 0.006 
391 ZFONF123    (0)   :  0.882 0.038 0.005 0.004 0.006 0.045 0.005 0.014 
392 ZFONF124    (0)   :  0.942 0.005 0.003 0.007 0.008 0.027 0.003 0.004 
393 ZFONF125    (0)   :  0.709 0.040 0.006 0.008 0.034 0.160 0.012 0.031 
394 ZFONF126    (0)   :  0.943 0.003 0.005 0.012 0.015 0.010 0.008 0.004 
395 ZFONF201    (0)   :  0.110 0.028 0.116 0.014 0.041 0.662 0.013 0.017 
396 ZFONF202    (0)   :  0.041 0.002 0.004 0.005 0.009 0.931 0.006 0.003 
397 ZFONF203    (0)   :  0.008 0.003 0.003 0.004 0.007 0.962 0.008 0.004 
398 ZFONF204    (0)   :  0.006 0.008 0.007 0.005 0.028 0.931 0.006 0.008 
399 ZFONF206    (0)   :  0.006 0.012 0.011 0.003 0.008 0.934 0.007 0.018 
400 ZFONF207    (0)   :  0.006 0.003 0.003 0.005 0.004 0.970 0.005 0.004 
401 ZFONF208    (0)   :  0.054 0.004 0.005 0.013 0.008 0.905 0.007 0.004 
402 ZFONF209    (0)   :  0.009 0.007 0.012 0.011 0.028 0.918 0.007 0.007 
403 ZFONF210    (0)   :  0.010 0.003 0.003 0.009 0.004 0.966 0.003 0.002 
404 ZFONF211    (0)   :  0.033 0.013 0.004 0.020 0.014 0.893 0.013 0.010 
405 ZFONF212    (0)   :  0.010 0.002 0.003 0.008 0.003 0.968 0.003 0.002 
406 ZFONF214    (0)   :  0.032 0.005 0.003 0.005 0.007 0.933 0.010 0.005 
407 ZFONF215    (0)   :  0.015 0.002 0.002 0.005 0.004 0.966 0.004 0.003 
408 ZFONF216    (0)   :  0.005 0.003 0.002 0.005 0.004 0.975 0.004 0.003 
409 ZFONF217    (0)   :  0.032 0.003 0.003 0.005 0.005 0.945 0.004 0.003 
410 ZFONF218    (0)   :  0.005 0.007 0.003 0.005 0.003 0.965 0.005 0.007 
411 ZFONF219    (0)   :  0.005 0.002 0.002 0.003 0.003 0.981 0.002 0.003 
412 ZFONF220    (0)   :  0.025 0.003 0.003 0.004 0.006 0.950 0.005 0.003 
413 ZFONF222    (0)   :  0.004 0.007 0.003 0.004 0.003 0.969 0.005 0.005 
414 ZFONF223    (0)   :  0.007 0.007 0.004 0.003 0.004 0.963 0.006 0.006 
415 ZFONF224    (0)   :  0.004 0.002 0.002 0.004 0.003 0.979 0.003 0.002 
416 ZFONF225    (0)   :  0.008 0.002 0.002 0.004 0.004 0.975 0.003 0.002 
417 ZFONF226    (0)   :  0.008 0.003 0.003 0.005 0.005 0.967 0.006 0.003 
418 ZFONF227    (0)   :  0.005 0.002 0.002 0.004 0.003 0.980 0.003 0.002 
419 ZFONF228    (0)   :  0.011 0.004 0.005 0.013 0.005 0.954 0.004 0.005 
420 ZFONF230    (0)   :  0.012 0.002 0.002 0.005 0.004 0.969 0.003 0.002 
421 ZFONF231    (0)   :  0.008 0.004 0.002 0.006 0.006 0.959 0.009 0.004 
422 ZFONF232    (0)   :  0.007 0.002 0.002 0.004 0.003 0.977 0.003 0.002 
423 ZFONF233    (0)   :  0.005 0.003 0.002 0.004 0.005 0.976 0.003 0.003 
424 ZFONF234    (0)   :  0.014 0.004 0.005 0.017 0.010 0.916 0.008 0.027 
425 ZFONF235    (0)   :  0.004 0.002 0.002 0.003 0.003 0.981 0.003 0.002 
426 ZFONF236    (0)   :  0.015 0.013 0.023 0.025 0.024 0.868 0.005 0.027 
427 ZFONF238    (0)   :  0.008 0.002 0.004 0.004 0.005 0.968 0.006 0.003 
428 ZFONF239    (0)   :  0.004 0.004 0.007 0.003 0.010 0.963 0.003 0.005 
429 ZFONF240    (0)   :  0.005 0.002 0.002 0.005 0.006 0.976 0.003 0.002 
430 ZFONF241    (0)   :  0.016 0.004 0.011 0.014 0.005 0.937 0.005 0.007 
431 ZFONF242    (0)   :  0.009 0.002 0.002 0.004 0.005 0.971 0.003 0.002 
432 ZFONF243    (0)   :  0.006 0.003 0.003 0.011 0.004 0.965 0.005 0.003 
433 ZFONF244    (0)   :  0.007 0.003 0.002 0.004 0.004 0.974 0.003 0.002 
434 ZFONF245    (0)   :  0.005 0.002 0.002 0.007 0.004 0.974 0.003 0.003 
435   ZFOS01    (0)   :  0.020 0.003 0.004 0.017 0.937 0.008 0.007 0.004 
436   ZFOS02    (0)   :  0.037 0.007 0.024 0.021 0.883 0.009 0.009 0.010 
437   ZFOS03    (0)   :  0.011 0.024 0.008 0.006 0.928 0.005 0.009 0.008 
438   ZFOS04    (0)   :  0.098 0.004 0.017 0.038 0.823 0.006 0.006 0.007 
439   ZFOS05    (0)   :  0.038 0.003 0.007 0.022 0.903 0.012 0.010 0.006 
440   ZFOS06    (0)   :  0.014 0.005 0.005 0.018 0.926 0.013 0.011 0.007 
441   ZFOS07    (0)   :  0.007 0.004 0.016 0.005 0.955 0.004 0.004 0.005 
442   ZFOS08    (0)   :  0.018 0.003 0.021 0.013 0.929 0.005 0.004 0.006 
443   ZFOS09    (0)   :  0.093 0.011 0.019 0.019 0.814 0.010 0.020 0.014 
444   ZFOS10    (0)   :  0.004 0.013 0.023 0.006 0.931 0.002 0.005 0.017 
445   ZFOS11    (0)   :  0.018 0.006 0.017 0.203 0.647 0.006 0.030 0.072 
446   ZFOS12    (0)   :  0.027 0.030 0.033 0.028 0.656 0.007 0.140 0.078 
447   ZFOS13    (0)   :  0.014 0.004 0.013 0.013 0.931 0.005 0.014 0.006 
448   ZFOS14    (0)   :  0.011 0.014 0.123 0.104 0.680 0.006 0.046 0.016 
449   ZFOS15    (0)   :  0.003 0.004 0.005 0.005 0.971 0.002 0.004 0.005 
450   ZFOS16    (0)   :  0.040 0.009 0.012 0.031 0.884 0.009 0.007 0.009 
451   ZFOS17    (0)   :  0.004 0.006 0.007 0.006 0.960 0.005 0.007 0.005 
452   ZFOS18    (0)   :  0.005 0.006 0.008 0.010 0.953 0.003 0.005 0.011 
453   ZFOS19    (0)   :  0.003 0.004 0.003 0.005 0.966 0.005 0.008 0.005 
454   ZFOS20    (0)   :  0.007 0.005 0.008 0.006 0.956 0.007 0.005 0.005 
455   ZFOS21    (0)   :  0.019 0.007 0.007 0.018 0.936 0.005 0.004 0.004 
456   ZFOS22    (0)   :  0.006 0.004 0.003 0.008 0.959 0.006 0.009 0.005 
457   ZFOS23    (0)   :  0.002 0.013 0.183 0.005 0.745 0.002 0.022 0.028 
458   ZFOS24    (0)   :  0.004 0.004 0.003 0.010 0.967 0.003 0.004 0.006 
459   ZFOS25    (0)   :  0.022 0.005 0.022 0.450 0.443 0.019 0.024 0.015 
460   ZFOS26    (0)   :  0.211 0.005 0.014 0.211 0.531 0.008 0.009 0.012 
461   ZFOS27    (0)   :  0.028 0.006 0.008 0.016 0.926 0.009 0.004 0.004 
462   ZFOS28    (0)   :  0.009 0.010 0.015 0.012 0.933 0.004 0.007 0.011 
463   ZFOS29    (0)   :  0.010 0.010 0.010 0.010 0.941 0.010 0.004 0.006 
464   ZFOS30    (0)   :  0.008 0.004 0.006 0.005 0.959 0.008 0.006 0.003 
465   ZFOS31    (0)   :  0.023 0.005 0.030 0.017 0.743 0.026 0.148 0.007 
466   ZFOS32    (0)   :  0.020 0.004 0.012 0.014 0.929 0.008 0.006 0.006 
467   ZFPB01    (0)   :  0.003 0.974 0.004 0.004 0.003 0.003 0.003 0.006 
468   ZFPB02    (0)   :  0.005 0.958 0.003 0.005 0.004 0.012 0.006 0.007 
469   ZFPB03    (0)   :  0.007 0.962 0.004 0.009 0.007 0.004 0.002 0.006 
470   ZFPB05    (0)   :  0.003 0.975 0.002 0.003 0.003 0.005 0.003 0.005 
471   ZFPB06    (0)   :  0.003 0.970 0.004 0.003 0.007 0.003 0.003 0.007 
472   ZFPB07    (0)   :  0.006 0.970 0.002 0.003 0.003 0.007 0.004 0.004 
473   ZFPB08    (0)   :  0.007 0.962 0.004 0.005 0.007 0.005 0.003 0.006 
474   ZFPB10    (0)   :  0.003 0.970 0.003 0.005 0.004 0.003 0.004 0.007 
475   ZFPB11    (0)   :  0.003 0.971 0.003 0.003 0.005 0.004 0.005 0.007 
476   ZFPB12    (0)   :  0.003 0.972 0.003 0.004 0.004 0.004 0.004 0.007 
477   ZFPB13    (0)   :  0.005 0.973 0.003 0.004 0.003 0.004 0.003 0.005 
478   ZFPB14    (0)   :  0.006 0.968 0.003 0.003 0.004 0.007 0.004 0.004 
479   ZFPB15    (0)   :  0.008 0.966 0.003 0.004 0.006 0.006 0.003 0.004 
480   ZFPB17    (0)   :  0.003 0.975 0.003 0.003 0.005 0.003 0.003 0.006 
481   ZFPB18    (0)   :  0.004 0.976 0.002 0.003 0.004 0.004 0.004 0.004 
482   ZFPB19    (0)   :  0.006 0.967 0.004 0.004 0.006 0.004 0.003 0.007 
483   ZFPB20    (0)   :  0.003 0.982 0.002 0.002 0.003 0.002 0.002 0.004 
484   ZFPB21    (0)   :  0.007 0.972 0.003 0.003 0.004 0.004 0.002 0.005 
485   ZFPB22    (0)   :  0.002 0.979 0.003 0.002 0.003 0.002 0.003 0.005 
486   ZFPB23    (0)   :  0.005 0.972 0.003 0.004 0.004 0.004 0.003 0.005 
487   ZFSF01    (0)   :  0.003 0.003 0.795 0.004 0.005 0.002 0.128 0.059 
488   ZFSF02    (0)   :  0.023 0.012 0.328 0.014 0.013 0.007 0.577 0.026 
489   ZFSF03    (0)   :  0.006 0.014 0.736 0.003 0.005 0.004 0.126 0.107 
490   ZFSF04    (0)   :  0.012 0.008 0.870 0.005 0.013 0.010 0.075 0.007 
491  ZFSW101    (0)   :  0.131 0.009 0.807 0.012 0.007 0.012 0.014 0.008 
492  ZFSW102    (0)   :  0.013 0.013 0.910 0.004 0.018 0.009 0.024 0.008 
493  ZFSW103    (0)   :  0.031 0.005 0.900 0.026 0.007 0.011 0.012 0.009 
494  ZFSW104    (9)   :  0.022 0.010 0.856 0.008 0.032 0.022 0.040 0.011 
495  ZFSW105    (0)   :  0.048 0.004 0.908 0.006 0.008 0.013 0.008 0.004 
496  ZFSW106    (0)   :  0.025 0.019 0.750 0.013 0.006 0.055 0.038 0.094 
497  ZFSW107    (0)   :  0.010 0.065 0.889 0.004 0.009 0.007 0.009 0.007 
498  ZFSW108    (0)   :  0.003 0.009 0.962 0.003 0.005 0.003 0.005 0.009 
499  ZFSW109    (0)   :  0.005 0.007 0.960 0.005 0.006 0.008 0.005 0.004 
500  ZFSW110    (0)   :  0.035 0.014 0.887 0.014 0.009 0.018 0.015 0.008 
501  ZFSW111    (0)   :  0.243 0.034 0.630 0.008 0.036 0.022 0.016 0.009 
502  ZFSW112    (0)   :  0.019 0.005 0.908 0.006 0.042 0.006 0.007 0.008 
503  ZFSW113    (0)   :  0.121 0.007 0.701 0.013 0.013 0.008 0.117 0.020 
