

----------------------------------------------------
STRUCTURE by Pritchard, Stephens and Donnelly (2000)
     and Falush, Stephens and Pritchard (2003)
       Code by Pritchard, Falush and Hubisz
             Version 2.3.4 (Jul 2012)
----------------------------------------------------



Command line arguments:   bin\structure -m C:\Users\eschumacher\Documents\GitHub\GCC_QUAC_ZAIN\Data_Files\Structure_Files\ZAIN\ZAIN_wild_rebinned_nopopinfo\50-50\mainparams -e C:\Users\eschumacher\Documents\GitHub\GCC_QUAC_ZAIN\Data_Files\Structure_Files\ZAIN\ZAIN_wild_rebinned_nopopinfo\50-50\extraparams 
Input File:    C:\Users\eschumacher\Documents\GitHub\GCC_QUAC_ZAIN\Data_Files\Structure_Files\ZAIN\ZAIN_wild_rebinned_nopopinfo\project_data

Run parameters:
   751 individuals
   11 loci
   10 populations assumed
   50000 Burn-in period
   50000 Reps


--------------------------------------------
Overall proportion of membership of the
sample in each of the 10 clusters

Inferred Clusters
  1      2      3      4      5      6      7      8      9     10    
0.103  0.068  0.092  0.193  0.067  0.034  0.114  0.091  0.141  0.097  

--------------------------------------------

Allele-freq. divergence among pops (Net nucleotide distance),
computed using point estimates of P.

      1       2       3       4       5       6       7       8       9      10      
 1      -    0.1040  0.1407  0.1840  0.2622  0.1553  0.0981  0.0809  0.1451  0.1058  
 2   0.1040     -    0.1725  0.1596  0.1751  0.1819  0.1752  0.1488  0.1487  0.2409  
 3   0.1407  0.1725     -    0.1985  0.1980  0.1931  0.1682  0.1579  0.1484  0.2545  
 4   0.1840  0.1596  0.1985     -    0.1084  0.2029  0.2400  0.1832  0.1102  0.2833  
 5   0.2622  0.1751  0.1980  0.1084     -    0.2788  0.3496  0.2816  0.1753  0.3493  
 6   0.1553  0.1819  0.1931  0.2029  0.2788     -    0.2501  0.2120  0.1864  0.2266  
 7   0.0981  0.1752  0.1682  0.2400  0.3496  0.2501     -    0.0429  0.2340  0.1857  
 8   0.0809  0.1488  0.1579  0.1832  0.2816  0.2120  0.0429     -    0.2011  0.1438  
 9   0.1451  0.1487  0.1484  0.1102  0.1753  0.1864  0.2340  0.2011     -    0.2928  
10   0.1058  0.2409  0.2545  0.2833  0.3493  0.2266  0.1857  0.1438  0.2928     -    

Average distances (expected heterozygosity) between individuals in same cluster:
cluster  1  : 0.5516 
cluster  2  : 0.4232 
cluster  3  : 0.4039 
cluster  4  : 0.4090 
cluster  5  : 0.3667 
cluster  6  : 0.2417 
cluster  7  : 0.4033 
cluster  8  : 0.5660 
cluster  9  : 0.3937 
cluster 10  : 0.4214 

--------------------------------------------
Estimated Ln Prob of Data   = -16157.4
Mean value of ln likelihood = -13334.3
Variance of ln likelihood   = 5646.1
Mean value of alpha         = 0.0324

Mean value of Fst_1         = 0.1170
Mean value of Fst_2         = 0.3650
Mean value of Fst_3         = 0.4053
Mean value of Fst_4         = 0.3752
Mean value of Fst_5         = 0.4474
Mean value of Fst_6         = 0.6385
Mean value of Fst_7         = 0.4304
Mean value of Fst_8         = 0.3058
Mean value of Fst_9         = 0.4929
Mean value of Fst_10         = 0.4131


Inferred ancestry of individuals:
        Label (%Miss) :  Inferred clusters
  1    ZFB01    (0)   :  0.003 0.003 0.004 0.004 0.003 0.002 0.376 0.594 0.003 0.006 
  2    ZFB02    (0)   :  0.008 0.005 0.010 0.003 0.003 0.007 0.339 0.586 0.002 0.036 
  3    ZFB03    (0)   :  0.015 0.009 0.006 0.009 0.002 0.005 0.377 0.557 0.014 0.005 
  4    ZFB04    (0)   :  0.006 0.003 0.005 0.004 0.003 0.007 0.340 0.597 0.002 0.033 
  5    ZFB05    (0)   :  0.043 0.026 0.009 0.003 0.010 0.040 0.276 0.470 0.007 0.116 
  6    ZFB06    (0)   :  0.048 0.020 0.006 0.003 0.012 0.021 0.305 0.508 0.007 0.070 
  7    ZFB07    (9)   :  0.026 0.011 0.004 0.008 0.005 0.006 0.417 0.510 0.006 0.007 
  8    ZFB08    (0)   :  0.007 0.025 0.007 0.009 0.008 0.010 0.351 0.569 0.007 0.006 
  9    ZFB09    (0)   :  0.004 0.004 0.004 0.003 0.002 0.003 0.375 0.599 0.003 0.004 
 10    ZFB10    (0)   :  0.004 0.006 0.006 0.024 0.008 0.008 0.310 0.622 0.005 0.008 
 11    ZFB11    (0)   :  0.004 0.003 0.005 0.007 0.003 0.005 0.351 0.608 0.003 0.012 
 12    ZFB12    (0)   :  0.015 0.025 0.004 0.008 0.004 0.003 0.330 0.578 0.007 0.027 
 13    ZFB13    (0)   :  0.009 0.012 0.004 0.012 0.007 0.014 0.296 0.631 0.007 0.007 
 14    ZFB14    (0)   :  0.004 0.004 0.005 0.005 0.003 0.005 0.355 0.613 0.003 0.004 
 15    ZFB15    (0)   :  0.004 0.004 0.002 0.003 0.002 0.003 0.372 0.599 0.002 0.008 
 16    ZFB16    (0)   :  0.005 0.010 0.003 0.008 0.005 0.015 0.335 0.603 0.004 0.011 
 17    ZFB17    (0)   :  0.010 0.032 0.014 0.009 0.009 0.033 0.313 0.553 0.006 0.023 
 18    ZFB18    (0)   :  0.003 0.003 0.005 0.004 0.003 0.003 0.363 0.612 0.002 0.003 
 19    ZFB19    (0)   :  0.050 0.042 0.004 0.048 0.011 0.007 0.262 0.552 0.016 0.009 
 20    ZFB20    (0)   :  0.006 0.009 0.003 0.007 0.004 0.022 0.325 0.587 0.004 0.033 
 21    ZFB21    (0)   :  0.006 0.004 0.003 0.003 0.002 0.004 0.374 0.595 0.003 0.007 
 22    ZFB22    (0)   :  0.008 0.011 0.008 0.009 0.010 0.006 0.323 0.568 0.006 0.052 
 23    ZFB23    (0)   :  0.004 0.003 0.004 0.006 0.002 0.007 0.347 0.607 0.003 0.017 
 24    ZFB24    (0)   :  0.004 0.003 0.004 0.005 0.003 0.007 0.353 0.596 0.003 0.022 
 25    ZFB25    (0)   :  0.004 0.003 0.004 0.015 0.004 0.003 0.362 0.597 0.005 0.004 
 26    ZFB26    (0)   :  0.007 0.003 0.004 0.011 0.003 0.012 0.341 0.581 0.005 0.033 
 27    ZFB27    (0)   :  0.005 0.002 0.004 0.005 0.003 0.003 0.345 0.588 0.003 0.042 
 28    ZFB28    (0)   :  0.037 0.014 0.009 0.008 0.003 0.013 0.275 0.548 0.006 0.086 
 29    ZFB29    (0)   :  0.005 0.003 0.005 0.003 0.002 0.009 0.346 0.612 0.002 0.013 
 30    ZFB30    (0)   :  0.087 0.017 0.004 0.004 0.016 0.005 0.290 0.459 0.008 0.111 
 31    ZFB31    (0)   :  0.004 0.003 0.004 0.011 0.004 0.003 0.344 0.616 0.004 0.005 
 32    ZFB32    (0)   :  0.032 0.037 0.024 0.012 0.004 0.024 0.289 0.517 0.008 0.053 
 33    ZFB33    (0)   :  0.004 0.003 0.003 0.003 0.002 0.003 0.371 0.599 0.003 0.010 
 34    ZFB34    (0)   :  0.005 0.004 0.006 0.004 0.003 0.004 0.380 0.589 0.003 0.003 
 35    ZFB35    (0)   :  0.005 0.005 0.005 0.005 0.003 0.006 0.374 0.586 0.004 0.008 
 36  ZFBP101    (0)   :  0.008 0.012 0.062 0.615 0.043 0.127 0.007 0.012 0.110 0.006 
 37  ZFBP102    (0)   :  0.012 0.008 0.011 0.859 0.013 0.036 0.008 0.017 0.026 0.010 
 38  ZFBP103    (0)   :  0.008 0.010 0.177 0.359 0.016 0.046 0.005 0.011 0.363 0.006 
 39  ZFBP104    (0)   :  0.017 0.041 0.003 0.803 0.007 0.005 0.028 0.020 0.069 0.007 
 40  ZFBP105    (0)   :  0.006 0.007 0.005 0.921 0.006 0.008 0.006 0.007 0.031 0.004 
 41  ZFBP106    (0)   :  0.004 0.005 0.006 0.923 0.009 0.011 0.004 0.004 0.031 0.003 
 42  ZFBP107    (0)   :  0.014 0.007 0.006 0.851 0.004 0.030 0.005 0.006 0.062 0.014 
 43  ZFBP108    (0)   :  0.003 0.003 0.003 0.968 0.004 0.004 0.004 0.003 0.006 0.003 
 44  ZFBP109    (0)   :  0.005 0.005 0.004 0.956 0.006 0.004 0.005 0.005 0.007 0.002 
 45  ZFBP110    (0)   :  0.032 0.012 0.024 0.629 0.006 0.039 0.019 0.068 0.164 0.007 
 46  ZFBP111    (0)   :  0.005 0.018 0.004 0.673 0.229 0.005 0.003 0.003 0.057 0.004 
 47  ZFBP112    (0)   :  0.004 0.007 0.012 0.894 0.044 0.014 0.004 0.004 0.011 0.006 
 48  ZFBP113    (0)   :  0.004 0.005 0.003 0.966 0.004 0.004 0.004 0.003 0.005 0.003 
 49  ZFBP114    (0)   :  0.007 0.003 0.005 0.933 0.007 0.018 0.004 0.003 0.013 0.007 
 50  ZFBP115    (0)   :  0.005 0.012 0.013 0.487 0.016 0.012 0.003 0.003 0.445 0.004 
 51  ZFBP116    (0)   :  0.005 0.007 0.004 0.954 0.005 0.005 0.003 0.003 0.010 0.003 
 52  ZFBP117    (0)   :  0.004 0.004 0.007 0.958 0.006 0.004 0.003 0.004 0.008 0.002 
 53  ZFBP118    (0)   :  0.007 0.003 0.004 0.935 0.009 0.018 0.003 0.003 0.011 0.007 
 54  ZFBP119    (0)   :  0.005 0.014 0.033 0.772 0.020 0.015 0.004 0.004 0.128 0.002 
 55  ZFBP120    (0)   :  0.006 0.008 0.004 0.930 0.005 0.006 0.006 0.006 0.025 0.005 
 56  ZFBP121    (0)   :  0.004 0.005 0.007 0.948 0.005 0.008 0.005 0.005 0.009 0.003 
 57  ZFBP122    (9)   :  0.004 0.007 0.004 0.949 0.010 0.006 0.003 0.003 0.011 0.003 
 58  ZFBP123    (0)   :  0.005 0.009 0.009 0.895 0.018 0.041 0.004 0.003 0.009 0.007 
 59  ZFBP124    (0)   :  0.004 0.004 0.004 0.956 0.005 0.008 0.007 0.004 0.006 0.004 
 60  ZFBP125    (0)   :  0.003 0.004 0.006 0.946 0.014 0.005 0.002 0.003 0.013 0.002 
 61  ZFBP126    (0)   :  0.014 0.018 0.019 0.884 0.006 0.022 0.006 0.016 0.005 0.010 
 62  ZFBP127    (0)   :  0.004 0.003 0.014 0.894 0.004 0.006 0.003 0.003 0.064 0.003 
 63  ZFBP128    (0)   :  0.003 0.004 0.013 0.924 0.025 0.006 0.004 0.004 0.014 0.002 
 64  ZFBP129    (0)   :  0.005 0.005 0.009 0.827 0.125 0.008 0.006 0.004 0.007 0.003 
 65  ZFBP130    (0)   :  0.003 0.008 0.020 0.885 0.052 0.009 0.002 0.003 0.015 0.003 
 66  ZFBP131    (0)   :  0.003 0.005 0.004 0.966 0.005 0.004 0.004 0.003 0.004 0.003 
 67  ZFBP132    (0)   :  0.003 0.003 0.004 0.964 0.003 0.004 0.003 0.004 0.009 0.003 
 68  ZFBP133    (0)   :  0.002 0.005 0.009 0.821 0.145 0.003 0.004 0.004 0.004 0.002 
 69  ZFBP134    (0)   :  0.004 0.014 0.063 0.739 0.012 0.003 0.004 0.004 0.155 0.003 
 70  ZFBP135    (0)   :  0.007 0.006 0.192 0.637 0.017 0.057 0.010 0.029 0.041 0.005 
 71  ZFBP136    (0)   :  0.005 0.008 0.049 0.681 0.038 0.143 0.004 0.004 0.062 0.006 
 72  ZFBP201    (0)   :  0.005 0.007 0.005 0.947 0.005 0.006 0.005 0.005 0.009 0.005 
 73  ZFBP202    (0)   :  0.004 0.005 0.004 0.951 0.007 0.005 0.006 0.004 0.012 0.003 
 74  ZFBP203    (0)   :  0.025 0.025 0.005 0.850 0.021 0.008 0.006 0.008 0.007 0.044 
 75  ZFBP204    (0)   :  0.006 0.010 0.013 0.841 0.020 0.033 0.004 0.004 0.064 0.005 
 76  ZFBP205    (0)   :  0.004 0.006 0.007 0.945 0.012 0.012 0.004 0.003 0.004 0.004 
 77  ZFBP206    (0)   :  0.004 0.011 0.009 0.876 0.045 0.030 0.007 0.004 0.006 0.007 
 78  ZFBP207    (0)   :  0.004 0.005 0.013 0.764 0.008 0.007 0.005 0.004 0.185 0.003 
 79  ZFBP208    (0)   :  0.006 0.014 0.005 0.924 0.010 0.018 0.004 0.004 0.005 0.010 
 80  ZFBP209    (0)   :  0.002 0.005 0.008 0.897 0.073 0.003 0.003 0.003 0.004 0.002 
 81  ZFBP210    (0)   :  0.005 0.011 0.005 0.935 0.011 0.006 0.005 0.004 0.009 0.008 
 82  ZFBP211    (0)   :  0.004 0.005 0.004 0.951 0.005 0.007 0.006 0.004 0.010 0.003 
 83  ZFBP212    (0)   :  0.003 0.003 0.003 0.931 0.005 0.003 0.004 0.005 0.038 0.003 
 84  ZFBP213    (0)   :  0.005 0.010 0.010 0.899 0.013 0.026 0.015 0.006 0.011 0.005 
 85  ZFBP214    (0)   :  0.009 0.033 0.042 0.716 0.106 0.022 0.018 0.011 0.039 0.004 
 86  ZFBP215    (0)   :  0.003 0.004 0.005 0.958 0.008 0.005 0.004 0.004 0.007 0.003 
 87  ZFBP216    (0)   :  0.009 0.026 0.005 0.924 0.006 0.006 0.004 0.005 0.008 0.006 
 88  ZFBP217    (0)   :  0.008 0.028 0.008 0.648 0.219 0.005 0.007 0.007 0.065 0.004 
 89  ZFBP218    (0)   :  0.003 0.006 0.003 0.961 0.011 0.003 0.003 0.003 0.005 0.003 
 90  ZFBP219    (0)   :  0.004 0.005 0.003 0.965 0.004 0.003 0.003 0.003 0.006 0.004 
 91  ZFBP220    (0)   :  0.004 0.007 0.020 0.887 0.040 0.007 0.002 0.003 0.026 0.004 
 92  ZFBP221    (0)   :  0.003 0.006 0.003 0.938 0.008 0.003 0.004 0.004 0.028 0.003 
 93  ZFBP222    (0)   :  0.004 0.007 0.008 0.950 0.008 0.005 0.004 0.005 0.004 0.005 
 94  ZFBP223    (0)   :  0.009 0.005 0.007 0.764 0.011 0.009 0.007 0.007 0.176 0.005 
 95  ZFBP224    (0)   :  0.006 0.006 0.005 0.942 0.005 0.014 0.008 0.004 0.006 0.004 
 96  ZFBP225    (0)   :  0.010 0.019 0.011 0.454 0.369 0.008 0.003 0.005 0.112 0.009 
 97  ZFBP226    (0)   :  0.004 0.006 0.003 0.960 0.005 0.005 0.004 0.004 0.006 0.004 
 98  ZFBP227    (0)   :  0.032 0.146 0.006 0.723 0.006 0.011 0.018 0.014 0.035 0.009 
 99  ZFBP228    (0)   :  0.004 0.004 0.016 0.781 0.009 0.005 0.005 0.004 0.170 0.003 
100  ZFBP229    (0)   :  0.004 0.006 0.007 0.947 0.017 0.003 0.003 0.004 0.007 0.003 
101  ZFBP230    (0)   :  0.005 0.009 0.025 0.887 0.027 0.008 0.003 0.004 0.029 0.003 
102  ZFBP231    (0)   :  0.005 0.005 0.004 0.942 0.005 0.018 0.005 0.004 0.008 0.004 
103  ZFBP232    (0)   :  0.003 0.003 0.004 0.963 0.007 0.005 0.003 0.003 0.006 0.003 
104  ZFBP233    (0)   :  0.005 0.010 0.005 0.931 0.015 0.009 0.006 0.004 0.011 0.004 
105   ZFCC01    (0)   :  0.004 0.005 0.945 0.004 0.004 0.009 0.014 0.005 0.005 0.006 
106   ZFCC03    (0)   :  0.004 0.003 0.963 0.004 0.004 0.005 0.006 0.003 0.005 0.003 
107   ZFCC04    (0)   :  0.004 0.005 0.950 0.004 0.006 0.013 0.006 0.004 0.005 0.004 
108   ZFCC05    (0)   :  0.008 0.008 0.890 0.006 0.006 0.049 0.011 0.005 0.012 0.005 
109   ZFCC08    (0)   :  0.003 0.008 0.934 0.010 0.018 0.009 0.006 0.003 0.007 0.003 
110   ZFCC09    (0)   :  0.004 0.003 0.960 0.003 0.003 0.007 0.008 0.003 0.005 0.003 
111   ZFCC10    (0)   :  0.004 0.003 0.939 0.004 0.003 0.009 0.026 0.004 0.003 0.004 
112   ZFCC11    (0)   :  0.004 0.004 0.951 0.004 0.004 0.009 0.008 0.004 0.007 0.004 
113   ZFCC12    (0)   :  0.019 0.009 0.810 0.007 0.005 0.033 0.028 0.018 0.008 0.064 
114   ZFCC13    (0)   :  0.006 0.011 0.932 0.008 0.007 0.008 0.005 0.004 0.012 0.008 
115   ZFCC14    (0)   :  0.005 0.004 0.922 0.008 0.006 0.025 0.009 0.010 0.004 0.006 
116   ZFCC15    (0)   :  0.005 0.007 0.957 0.004 0.004 0.006 0.005 0.004 0.005 0.005 
117   ZFCC16    (0)   :  0.004 0.005 0.948 0.003 0.004 0.018 0.005 0.004 0.003 0.005 
118   ZFCC17    (0)   :  0.006 0.004 0.909 0.003 0.003 0.046 0.006 0.005 0.004 0.013 
119   ZFCC18    (0)   :  0.004 0.004 0.952 0.004 0.006 0.008 0.008 0.004 0.006 0.004 
120   ZFCC19    (0)   :  0.006 0.007 0.951 0.003 0.003 0.010 0.004 0.005 0.003 0.008 
121   ZFCC20    (0)   :  0.004 0.007 0.949 0.004 0.006 0.010 0.004 0.004 0.008 0.004 
122   ZFCC21    (0)   :  0.006 0.037 0.849 0.029 0.034 0.014 0.005 0.014 0.006 0.005 
123   ZFCC22    (0)   :  0.004 0.009 0.685 0.190 0.059 0.013 0.010 0.004 0.021 0.005 
124   ZFCC26    (0)   :  0.004 0.004 0.959 0.003 0.004 0.008 0.005 0.004 0.004 0.004 
125   ZFCC27    (0)   :  0.003 0.003 0.967 0.003 0.003 0.006 0.004 0.003 0.005 0.003 
126   ZFCC29    (0)   :  0.005 0.009 0.932 0.004 0.005 0.020 0.008 0.008 0.005 0.005 
127   ZFCC30    (0)   :  0.004 0.004 0.962 0.003 0.005 0.006 0.003 0.003 0.006 0.003 
128   ZFCC32    (0)   :  0.007 0.011 0.938 0.004 0.005 0.011 0.007 0.004 0.006 0.008 
129   ZFCC33    (0)   :  0.009 0.005 0.636 0.004 0.004 0.314 0.009 0.009 0.005 0.004 
130   ZFCC34    (0)   :  0.006 0.007 0.717 0.069 0.022 0.054 0.019 0.017 0.068 0.021 
131   ZFCC35    (0)   :  0.003 0.003 0.966 0.003 0.004 0.007 0.004 0.002 0.004 0.003 
132   ZFCC36    (0)   :  0.006 0.017 0.919 0.007 0.012 0.011 0.004 0.004 0.006 0.013 
133   ZFCC37    (0)   :  0.019 0.010 0.806 0.009 0.006 0.035 0.039 0.021 0.008 0.049 
134   ZFCC40    (0)   :  0.004 0.003 0.944 0.005 0.004 0.016 0.008 0.005 0.003 0.009 
135   ZFCC42    (0)   :  0.019 0.005 0.082 0.005 0.006 0.456 0.012 0.021 0.024 0.370 
136   ZFCC44    (0)   :  0.004 0.003 0.955 0.003 0.003 0.016 0.003 0.003 0.006 0.005 
137   ZFCC45    (9)   :  0.018 0.008 0.862 0.005 0.004 0.049 0.019 0.010 0.007 0.019 
138   ZFCC46    (0)   :  0.003 0.008 0.907 0.012 0.028 0.014 0.003 0.004 0.017 0.004 
139   ZFCC47    (0)   :  0.006 0.005 0.900 0.005 0.006 0.008 0.025 0.009 0.006 0.030 
140   ZFCC48    (0)   :  0.004 0.013 0.884 0.025 0.037 0.016 0.005 0.008 0.006 0.004 
141   ZFCC50    (0)   :  0.004 0.004 0.960 0.003 0.003 0.010 0.004 0.004 0.003 0.006 
142   ZFCC51    (0)   :  0.003 0.003 0.967 0.003 0.003 0.005 0.005 0.003 0.005 0.003 
143   ZFCC52    (0)   :  0.004 0.007 0.897 0.013 0.014 0.039 0.004 0.005 0.008 0.008 
144   ZFCC53    (0)   :  0.003 0.003 0.967 0.003 0.003 0.005 0.004 0.004 0.003 0.004 
145  ZFCNS01    (0)   :  0.009 0.009 0.005 0.004 0.003 0.004 0.003 0.003 0.954 0.006 
146  ZFCNS02    (0)   :  0.003 0.003 0.008 0.004 0.005 0.005 0.003 0.003 0.963 0.003 
147  ZFCNS05    (0)   :  0.004 0.005 0.010 0.007 0.005 0.006 0.005 0.004 0.951 0.003 
148  ZFCNS06    (0)   :  0.003 0.004 0.010 0.005 0.006 0.005 0.004 0.003 0.957 0.002 
149  ZFCNS07    (0)   :  0.004 0.003 0.004 0.009 0.015 0.004 0.004 0.004 0.950 0.003 
150  ZFCNS10    (0)   :  0.003 0.003 0.004 0.005 0.004 0.003 0.003 0.003 0.969 0.003 
151  ZFCNS11    (0)   :  0.005 0.007 0.005 0.004 0.004 0.004 0.003 0.003 0.962 0.004 
152  ZFCNS15    (0)   :  0.004 0.003 0.003 0.010 0.005 0.005 0.004 0.004 0.960 0.002 
153  ZFCNS17    (0)   :  0.004 0.003 0.010 0.005 0.005 0.006 0.003 0.003 0.958 0.002 
154  ZFCNS18    (0)   :  0.003 0.003 0.005 0.005 0.004 0.004 0.003 0.003 0.967 0.003 
155  ZFCNS19    (0)   :  0.003 0.004 0.007 0.003 0.004 0.004 0.004 0.003 0.966 0.002 
156  ZFCNS20    (0)   :  0.004 0.004 0.007 0.010 0.013 0.007 0.003 0.003 0.946 0.003 
157  ZFCNS21    (0)   :  0.004 0.003 0.006 0.004 0.003 0.005 0.003 0.003 0.968 0.002 
158  ZFCNS22    (0)   :  0.004 0.004 0.006 0.011 0.006 0.006 0.005 0.004 0.952 0.002 
159  ZFCNS23    (0)   :  0.008 0.012 0.018 0.006 0.013 0.029 0.006 0.005 0.893 0.010 
160  ZFCNS24    (0)   :  0.003 0.004 0.017 0.005 0.005 0.010 0.003 0.003 0.948 0.003 
161  ZFCNS25    (0)   :  0.004 0.004 0.008 0.008 0.007 0.008 0.003 0.003 0.953 0.003 
162  ZFCNS26    (0)   :  0.003 0.003 0.004 0.005 0.004 0.003 0.004 0.003 0.966 0.002 
163  ZFCNS27    (0)   :  0.004 0.003 0.004 0.016 0.006 0.006 0.004 0.003 0.951 0.003 
164  ZFCNS28    (0)   :  0.003 0.004 0.006 0.005 0.005 0.004 0.004 0.004 0.963 0.003 
165  ZFCNS29    (0)   :  0.004 0.004 0.012 0.007 0.005 0.008 0.004 0.003 0.950 0.003 
166  ZFCNS30    (0)   :  0.003 0.004 0.008 0.004 0.003 0.006 0.004 0.004 0.962 0.002 
167  ZFCNS31    (0)   :  0.003 0.004 0.004 0.004 0.005 0.004 0.004 0.003 0.967 0.003 
168  ZFCNS32    (0)   :  0.003 0.004 0.006 0.004 0.005 0.005 0.005 0.003 0.962 0.003 
169  ZFCNS33    (0)   :  0.003 0.004 0.005 0.003 0.005 0.003 0.004 0.003 0.967 0.002 
170  ZFCNS34    (0)   :  0.003 0.004 0.019 0.005 0.005 0.007 0.004 0.003 0.946 0.003 
171  ZFCNS35    (0)   :  0.003 0.004 0.006 0.004 0.005 0.003 0.005 0.004 0.964 0.003 
172  ZFCNS36    (0)   :  0.003 0.004 0.027 0.005 0.006 0.010 0.004 0.003 0.936 0.003 
173  ZFCNS37    (0)   :  0.004 0.004 0.005 0.004 0.003 0.006 0.003 0.003 0.966 0.002 
174  ZFCNS39    (0)   :  0.003 0.004 0.008 0.004 0.006 0.004 0.003 0.002 0.965 0.002 
175  ZFCNS40    (0)   :  0.003 0.004 0.021 0.005 0.016 0.009 0.003 0.003 0.933 0.003 
176  ZFCNS41    (0)   :  0.007 0.009 0.010 0.009 0.004 0.007 0.005 0.005 0.940 0.004 
177  ZFCNS42    (0)   :  0.004 0.003 0.004 0.005 0.003 0.005 0.003 0.003 0.967 0.002 
178  ZFCNS43    (0)   :  0.003 0.003 0.008 0.003 0.004 0.005 0.003 0.003 0.966 0.002 
179  ZFCNS44    (0)   :  0.003 0.003 0.006 0.004 0.003 0.004 0.003 0.003 0.970 0.002 
180  ZFCNS46    (0)   :  0.004 0.004 0.006 0.005 0.004 0.006 0.003 0.003 0.963 0.002 
181  ZFCNS47    (0)   :  0.003 0.003 0.007 0.004 0.003 0.005 0.003 0.003 0.966 0.002 
182  ZFCNS48    (0)   :  0.003 0.004 0.005 0.006 0.005 0.005 0.003 0.003 0.965 0.003 
183  ZFCNS49    (0)   :  0.003 0.003 0.003 0.008 0.003 0.003 0.003 0.003 0.969 0.003 
184   ZFCR01    (0)   :  0.484 0.005 0.018 0.021 0.013 0.003 0.084 0.355 0.003 0.014 
185   ZFCR02    (0)   :  0.176 0.021 0.040 0.035 0.045 0.035 0.008 0.617 0.010 0.014 
186   ZFCR03    (0)   :  0.076 0.133 0.039 0.072 0.031 0.062 0.045 0.454 0.004 0.083 
187   ZFCR04    (0)   :  0.174 0.037 0.022 0.029 0.041 0.007 0.247 0.386 0.027 0.030 
188   ZFCR05    (0)   :  0.208 0.180 0.045 0.006 0.007 0.005 0.110 0.415 0.004 0.019 
189   ZFCR06    (0)   :  0.312 0.024 0.024 0.072 0.035 0.006 0.032 0.385 0.103 0.006 
190   ZFCR07    (0)   :  0.340 0.279 0.012 0.011 0.004 0.054 0.027 0.194 0.068 0.011 
191   ZFCR08    (0)   :  0.603 0.008 0.091 0.023 0.030 0.036 0.072 0.085 0.008 0.044 
192   ZFCR09    (0)   :  0.043 0.030 0.043 0.144 0.019 0.017 0.040 0.254 0.044 0.365 
193   ZFCR11    (0)   :  0.194 0.153 0.014 0.035 0.003 0.004 0.088 0.416 0.075 0.017 
194   ZFCR12    (0)   :  0.222 0.205 0.014 0.025 0.028 0.010 0.007 0.311 0.175 0.004 
195   ZFCR13    (0)   :  0.487 0.274 0.009 0.104 0.006 0.006 0.017 0.083 0.010 0.004 
196   ZFCR14    (0)   :  0.226 0.293 0.016 0.009 0.030 0.007 0.024 0.380 0.007 0.008 
197   ZFCR15    (0)   :  0.337 0.063 0.015 0.024 0.089 0.014 0.045 0.395 0.008 0.010 
198   ZFCR16    (0)   :  0.373 0.042 0.012 0.023 0.035 0.004 0.014 0.488 0.005 0.004 
199   ZFCR18    (0)   :  0.019 0.009 0.023 0.019 0.012 0.067 0.035 0.801 0.011 0.005 
200   ZFCR19    (0)   :  0.033 0.049 0.016 0.017 0.224 0.006 0.022 0.533 0.007 0.093 
201   ZFCR20    (0)   :  0.082 0.177 0.010 0.093 0.013 0.033 0.176 0.387 0.007 0.020 
202   ZFCR21    (0)   :  0.259 0.294 0.023 0.010 0.017 0.008 0.016 0.366 0.006 0.004 
203   ZFCR22    (0)   :  0.152 0.427 0.005 0.008 0.016 0.007 0.003 0.372 0.004 0.005 
204   ZFCR23    (0)   :  0.274 0.194 0.004 0.141 0.008 0.004 0.009 0.324 0.012 0.032 
205   ZFCR24    (9)   :  0.105 0.147 0.010 0.513 0.008 0.010 0.070 0.109 0.006 0.023 
206   ZFCR25    (0)   :  0.305 0.259 0.007 0.004 0.004 0.007 0.013 0.390 0.004 0.007 
207   ZFCR26    (0)   :  0.025 0.566 0.021 0.017 0.016 0.009 0.009 0.240 0.007 0.088 
208   ZFCR27    (9)   :  0.656 0.037 0.005 0.004 0.003 0.003 0.037 0.234 0.003 0.016 
209   ZFCR28    (0)   :  0.444 0.007 0.012 0.144 0.099 0.007 0.008 0.243 0.032 0.005 
210   ZFCR29    (0)   :  0.036 0.446 0.007 0.008 0.005 0.005 0.027 0.457 0.003 0.007 
211   ZFCR30    (0)   :  0.141 0.450 0.006 0.006 0.007 0.005 0.010 0.357 0.009 0.009 
212   ZFCR31    (0)   :  0.041 0.056 0.014 0.135 0.026 0.027 0.058 0.483 0.093 0.067 
213   ZFCR33    (0)   :  0.809 0.024 0.043 0.010 0.012 0.010 0.033 0.021 0.011 0.028 
214   ZFCR34    (0)   :  0.130 0.377 0.025 0.031 0.013 0.004 0.035 0.332 0.024 0.027 
215   ZFCR35    (0)   :  0.029 0.017 0.020 0.008 0.009 0.009 0.024 0.860 0.010 0.014 
216   ZFCR36    (0)   :  0.097 0.272 0.009 0.008 0.005 0.006 0.015 0.552 0.011 0.026 
217   ZFCR37    (0)   :  0.120 0.633 0.058 0.004 0.004 0.016 0.068 0.055 0.004 0.037 
218   ZFCR38    (0)   :  0.714 0.033 0.044 0.008 0.013 0.011 0.037 0.104 0.008 0.028 
219   ZFCR39    (0)   :  0.489 0.010 0.087 0.063 0.051 0.035 0.011 0.064 0.008 0.181 
220   ZFCR40    (0)   :  0.549 0.049 0.034 0.013 0.005 0.006 0.014 0.288 0.007 0.035 
221   ZFCR41    (0)   :  0.224 0.249 0.072 0.013 0.024 0.007 0.010 0.310 0.087 0.003 
222   ZFCR42    (0)   :  0.305 0.245 0.065 0.031 0.028 0.017 0.012 0.244 0.026 0.027 
223   ZFCR43    (0)   :  0.270 0.136 0.006 0.085 0.008 0.005 0.016 0.463 0.007 0.005 
224  ZFENP25    (0)   :  0.880 0.006 0.022 0.009 0.012 0.006 0.032 0.024 0.004 0.006 
225  ZFENP26    (0)   :  0.957 0.004 0.004 0.003 0.003 0.004 0.005 0.007 0.003 0.009 
226  ZFENP27    (0)   :  0.453 0.006 0.229 0.021 0.011 0.044 0.043 0.098 0.066 0.030 
227  ZFENP28    (0)   :  0.911 0.010 0.013 0.004 0.004 0.005 0.020 0.013 0.007 0.013 
228  ZFENP29    (0)   :  0.943 0.009 0.009 0.004 0.003 0.007 0.004 0.012 0.005 0.005 
229  ZFENP30    (0)   :  0.813 0.011 0.027 0.006 0.007 0.100 0.008 0.008 0.006 0.014 
230  ZFENP31    (0)   :  0.148 0.007 0.016 0.006 0.004 0.371 0.017 0.012 0.005 0.415 
231  ZFENP32    (0)   :  0.230 0.013 0.016 0.022 0.006 0.116 0.104 0.202 0.037 0.254 
232  ZFENP33    (0)   :  0.837 0.039 0.005 0.007 0.004 0.036 0.035 0.015 0.006 0.016 
233  ZFENP34    (0)   :  0.258 0.010 0.023 0.009 0.005 0.069 0.565 0.040 0.009 0.014 
234  ZFENP35    (0)   :  0.898 0.009 0.005 0.009 0.005 0.008 0.010 0.012 0.017 0.027 
235  ZFENP36    (0)   :  0.941 0.009 0.003 0.003 0.002 0.008 0.007 0.009 0.006 0.014 
236  ZFENP37    (0)   :  0.611 0.033 0.008 0.008 0.004 0.010 0.247 0.014 0.009 0.057 
237  ZFENP38    (0)   :  0.462 0.418 0.021 0.006 0.005 0.016 0.022 0.013 0.014 0.023 
238  ZFENP39    (0)   :  0.867 0.012 0.012 0.004 0.003 0.006 0.023 0.049 0.005 0.019 
239  ZFENP40    (0)   :  0.861 0.007 0.008 0.008 0.004 0.013 0.018 0.044 0.005 0.031 
240  ZFENP41    (0)   :  0.838 0.006 0.050 0.006 0.007 0.035 0.019 0.017 0.007 0.014 
241  ZFENP42    (0)   :  0.806 0.031 0.005 0.003 0.005 0.011 0.004 0.006 0.004 0.125 
242  ZFENP43    (0)   :  0.750 0.079 0.039 0.010 0.005 0.008 0.023 0.011 0.054 0.020 
243  ZFENP44    (0)   :  0.841 0.025 0.015 0.007 0.003 0.022 0.011 0.007 0.012 0.058 
244  ZFENP45    (0)   :  0.447 0.047 0.018 0.027 0.317 0.023 0.011 0.011 0.013 0.086 
245  ZFENP46    (0)   :  0.839 0.054 0.003 0.015 0.005 0.011 0.024 0.012 0.014 0.023 
246  ZFENP47    (0)   :  0.308 0.007 0.062 0.016 0.145 0.017 0.021 0.090 0.004 0.330 
247  ZFENP48    (0)   :  0.115 0.017 0.023 0.014 0.014 0.247 0.480 0.061 0.009 0.021 
248  ZFENP49    (0)   :  0.486 0.017 0.010 0.014 0.014 0.167 0.012 0.261 0.006 0.011 
249  ZFENP50    (0)   :  0.813 0.063 0.004 0.040 0.009 0.006 0.006 0.014 0.010 0.035 
250  ZFENP51    (0)   :  0.484 0.017 0.008 0.004 0.046 0.039 0.021 0.036 0.005 0.341 
251  ZFENP52    (0)   :  0.937 0.011 0.009 0.005 0.005 0.006 0.004 0.004 0.014 0.007 
252  ZFENP53    (0)   :  0.843 0.022 0.008 0.036 0.029 0.009 0.009 0.010 0.015 0.017 
253  ZFENP54    (0)   :  0.575 0.024 0.019 0.040 0.010 0.026 0.010 0.279 0.008 0.009 
254  ZFENP55    (0)   :  0.241 0.614 0.004 0.004 0.004 0.010 0.041 0.056 0.004 0.022 
255  ZFENP56    (0)   :  0.859 0.068 0.008 0.004 0.005 0.010 0.011 0.013 0.011 0.011 
256  ZFENP57    (0)   :  0.858 0.019 0.005 0.004 0.002 0.013 0.016 0.013 0.011 0.059 
257  ZFENP58    (0)   :  0.460 0.031 0.022 0.008 0.112 0.294 0.008 0.036 0.019 0.011 
258  ZFENP59    (0)   :  0.822 0.008 0.064 0.005 0.005 0.025 0.011 0.016 0.005 0.038 
259  ZFENP60    (0)   :  0.842 0.014 0.009 0.010 0.013 0.006 0.042 0.045 0.007 0.013 
260  ZFENP61    (0)   :  0.896 0.010 0.012 0.003 0.003 0.008 0.017 0.039 0.004 0.008 
261 ZFFDSP01    (0)   :  0.003 0.007 0.005 0.924 0.018 0.004 0.004 0.005 0.027 0.003 
262 ZFFDSP02    (0)   :  0.003 0.004 0.005 0.964 0.006 0.003 0.004 0.003 0.006 0.002 
263 ZFFDSP04    (0)   :  0.002 0.005 0.005 0.951 0.016 0.003 0.005 0.005 0.005 0.002 
264 ZFFDSP05    (0)   :  0.004 0.007 0.004 0.948 0.011 0.003 0.004 0.004 0.012 0.003 
265 ZFFDSP06    (0)   :  0.002 0.005 0.007 0.957 0.011 0.003 0.004 0.003 0.005 0.002 
266 ZFFDSP07    (0)   :  0.005 0.008 0.013 0.901 0.031 0.025 0.004 0.003 0.005 0.005 
267 ZFFDSP08    (0)   :  0.005 0.011 0.011 0.825 0.080 0.032 0.003 0.003 0.025 0.004 
268 ZFFDSP10    (0)   :  0.004 0.007 0.004 0.948 0.009 0.007 0.004 0.004 0.009 0.003 
269 ZFFDSP11    (0)   :  0.003 0.007 0.004 0.956 0.008 0.003 0.004 0.005 0.006 0.003 
270 ZFFDSP12    (0)   :  0.004 0.004 0.003 0.962 0.008 0.005 0.002 0.003 0.006 0.003 
271 ZFFDSP13    (0)   :  0.007 0.013 0.016 0.515 0.006 0.009 0.004 0.006 0.420 0.004 
272 ZFFDSP14    (0)   :  0.004 0.006 0.007 0.940 0.020 0.008 0.005 0.003 0.005 0.003 
273 ZFFDSP16    (0)   :  0.006 0.007 0.007 0.942 0.005 0.004 0.007 0.008 0.012 0.003 
274 ZFFDSP17    (0)   :  0.003 0.007 0.005 0.952 0.010 0.004 0.005 0.004 0.007 0.002 
275 ZFFDSP18    (0)   :  0.003 0.004 0.006 0.944 0.018 0.003 0.007 0.006 0.006 0.002 
276 ZFFDSP19    (0)   :  0.003 0.004 0.022 0.869 0.018 0.003 0.007 0.004 0.066 0.003 
277 ZFFDSP21    (0)   :  0.004 0.004 0.016 0.836 0.007 0.004 0.004 0.004 0.119 0.002 
278 ZFFDSP22    (0)   :  0.003 0.006 0.006 0.899 0.069 0.004 0.003 0.003 0.006 0.002 
279 ZFFDSP23    (0)   :  0.003 0.006 0.004 0.812 0.134 0.003 0.003 0.003 0.030 0.002 
280 ZFFDSP24    (0)   :  0.003 0.005 0.005 0.929 0.007 0.005 0.005 0.005 0.034 0.002 
281 ZFFDSP26    (9)   :  0.003 0.005 0.005 0.948 0.014 0.004 0.004 0.004 0.011 0.003 
282 ZFFDSP27    (0)   :  0.003 0.004 0.004 0.957 0.006 0.004 0.005 0.005 0.011 0.003 
283 ZFFDSP28    (0)   :  0.009 0.013 0.008 0.861 0.006 0.018 0.033 0.028 0.010 0.014 
284 ZFFDSP30    (0)   :  0.004 0.008 0.006 0.712 0.009 0.008 0.015 0.043 0.189 0.006 
285 ZFFDSP31    (0)   :  0.004 0.005 0.005 0.950 0.006 0.006 0.007 0.003 0.011 0.002 
286 ZFFDSP32    (0)   :  0.003 0.005 0.003 0.963 0.005 0.004 0.004 0.003 0.007 0.002 
287 ZFFDSP33    (0)   :  0.003 0.003 0.003 0.966 0.006 0.003 0.003 0.003 0.007 0.003 
288 ZFFDSP34    (0)   :  0.003 0.005 0.007 0.952 0.012 0.004 0.004 0.003 0.008 0.002 
289 ZFFDSP35    (0)   :  0.003 0.006 0.005 0.947 0.007 0.004 0.005 0.004 0.018 0.002 
290 ZFFDSP37    (0)   :  0.003 0.004 0.004 0.962 0.004 0.004 0.004 0.004 0.008 0.003 
291 ZFFDSP38    (0)   :  0.003 0.004 0.004 0.962 0.004 0.004 0.004 0.004 0.007 0.003 
292 ZFFDSP39    (0)   :  0.003 0.004 0.003 0.914 0.008 0.003 0.003 0.004 0.056 0.002 
293 ZFFDSP40    (0)   :  0.003 0.004 0.003 0.941 0.004 0.003 0.004 0.005 0.030 0.002 
294 ZFFDSP42    (0)   :  0.003 0.006 0.006 0.905 0.048 0.003 0.004 0.004 0.020 0.002 
295 ZFFDSP43    (0)   :  0.003 0.003 0.004 0.955 0.008 0.003 0.004 0.004 0.013 0.002 
296 ZFFDSP44    (0)   :  0.004 0.005 0.003 0.944 0.005 0.005 0.005 0.005 0.021 0.003 
297 ZFFDSP45    (0)   :  0.003 0.005 0.005 0.957 0.005 0.004 0.004 0.004 0.011 0.002 
298 ZFFDSP46    (0)   :  0.003 0.004 0.005 0.950 0.008 0.004 0.004 0.004 0.015 0.002 
299 ZFFDSP47    (0)   :  0.003 0.007 0.004 0.804 0.019 0.005 0.004 0.003 0.148 0.003 
300 ZFFDSP48    (0)   :  0.003 0.004 0.004 0.884 0.006 0.004 0.004 0.004 0.083 0.003 
301    ZFI01    (0)   :  0.010 0.009 0.008 0.004 0.004 0.012 0.394 0.524 0.006 0.028 
302    ZFI02    (0)   :  0.005 0.006 0.004 0.005 0.004 0.004 0.383 0.571 0.006 0.012 
303    ZFI03    (0)   :  0.005 0.007 0.005 0.004 0.003 0.005 0.438 0.522 0.006 0.004 
304    ZFI04    (0)   :  0.007 0.006 0.005 0.004 0.003 0.005 0.887 0.063 0.005 0.016 
305    ZFI05    (0)   :  0.007 0.005 0.004 0.005 0.003 0.009 0.371 0.581 0.010 0.005 
306    ZFI06    (0)   :  0.018 0.009 0.004 0.016 0.003 0.007 0.367 0.498 0.065 0.012 
307    ZFI07    (0)   :  0.005 0.006 0.005 0.003 0.002 0.006 0.767 0.196 0.004 0.005 
308    ZFI08    (0)   :  0.009 0.011 0.006 0.003 0.003 0.005 0.431 0.519 0.004 0.008 
309    ZFI09    (0)   :  0.007 0.005 0.004 0.004 0.003 0.005 0.381 0.576 0.006 0.009 
310    ZFI10    (0)   :  0.007 0.007 0.004 0.006 0.004 0.005 0.391 0.548 0.018 0.010 
311    ZFI11    (0)   :  0.007 0.006 0.004 0.003 0.003 0.008 0.470 0.482 0.006 0.013 
312    ZFI12    (0)   :  0.006 0.010 0.006 0.005 0.003 0.005 0.463 0.488 0.009 0.004 
313    ZFI13    (0)   :  0.007 0.006 0.005 0.004 0.003 0.016 0.400 0.548 0.005 0.006 
314    ZFI14    (0)   :  0.005 0.004 0.004 0.009 0.003 0.005 0.372 0.588 0.007 0.005 
315    ZFI15    (0)   :  0.006 0.004 0.004 0.003 0.002 0.006 0.371 0.596 0.004 0.004 
316    ZFI16    (0)   :  0.005 0.004 0.004 0.004 0.002 0.004 0.419 0.551 0.005 0.003 
317    ZFI17    (0)   :  0.008 0.006 0.004 0.004 0.003 0.005 0.438 0.519 0.007 0.007 
318    ZFI18    (0)   :  0.008 0.004 0.003 0.003 0.002 0.005 0.388 0.576 0.005 0.007 
319    ZFI19    (9)   :  0.004 0.006 0.003 0.003 0.002 0.007 0.378 0.588 0.004 0.004 
320    ZFI20    (0)   :  0.004 0.005 0.004 0.005 0.003 0.003 0.379 0.589 0.005 0.004 
321    ZFI21    (0)   :  0.003 0.004 0.003 0.009 0.003 0.004 0.370 0.590 0.010 0.004 
322    ZFI22    (0)   :  0.005 0.005 0.007 0.005 0.004 0.004 0.381 0.575 0.004 0.010 
323    ZFI23    (0)   :  0.005 0.005 0.004 0.003 0.002 0.005 0.431 0.535 0.005 0.004 
324    ZFI24    (0)   :  0.006 0.009 0.007 0.004 0.003 0.007 0.434 0.518 0.008 0.004 
325    ZFI25    (0)   :  0.007 0.005 0.008 0.005 0.004 0.005 0.409 0.548 0.005 0.004 
326    ZFI26    (0)   :  0.007 0.007 0.008 0.004 0.003 0.009 0.450 0.503 0.004 0.004 
327    ZFI27    (0)   :  0.007 0.009 0.005 0.005 0.003 0.012 0.415 0.524 0.016 0.004 
328    ZFK01    (0)   :  0.003 0.004 0.005 0.003 0.003 0.968 0.003 0.003 0.005 0.003 
329    ZFK02    (0)   :  0.003 0.003 0.005 0.004 0.003 0.968 0.003 0.003 0.005 0.003 
330    ZFK03    (0)   :  0.004 0.003 0.005 0.003 0.003 0.968 0.003 0.003 0.004 0.003 
331    ZFK04    (0)   :  0.003 0.003 0.004 0.003 0.003 0.969 0.003 0.004 0.003 0.004 
332    ZFK05    (0)   :  0.006 0.003 0.009 0.003 0.003 0.949 0.009 0.006 0.003 0.010 
333    ZFK06    (0)   :  0.007 0.004 0.010 0.003 0.003 0.947 0.010 0.008 0.004 0.006 
334    ZFK07    (0)   :  0.004 0.005 0.006 0.004 0.004 0.965 0.002 0.003 0.005 0.003 
335    ZFK08    (0)   :  0.003 0.005 0.004 0.003 0.003 0.966 0.004 0.004 0.003 0.005 
336    ZFK10    (0)   :  0.004 0.003 0.004 0.003 0.003 0.969 0.004 0.004 0.003 0.003 
337    ZFK11    (0)   :  0.007 0.004 0.011 0.003 0.002 0.948 0.008 0.005 0.003 0.008 
338    ZFK12    (0)   :  0.004 0.010 0.006 0.006 0.008 0.954 0.003 0.003 0.005 0.003 
339    ZFK13    (0)   :  0.004 0.005 0.009 0.019 0.009 0.927 0.003 0.003 0.013 0.007 
340    ZFK14    (0)   :  0.007 0.011 0.201 0.019 0.035 0.673 0.008 0.007 0.024 0.014 
341    ZFK15    (0)   :  0.004 0.003 0.006 0.015 0.005 0.941 0.003 0.005 0.008 0.010 
342    ZFK16    (0)   :  0.004 0.006 0.006 0.005 0.005 0.962 0.002 0.002 0.005 0.003 
343   ZFLB01    (0)   :  0.007 0.004 0.003 0.010 0.004 0.007 0.006 0.006 0.008 0.946 
344   ZFLB02    (0)   :  0.099 0.009 0.003 0.004 0.005 0.004 0.045 0.010 0.004 0.819 
345   ZFLB03    (0)   :  0.130 0.009 0.005 0.006 0.006 0.015 0.011 0.009 0.032 0.776 
346   ZFLB04    (0)   :  0.010 0.005 0.006 0.028 0.006 0.012 0.009 0.018 0.182 0.723 
347   ZFLB05    (0)   :  0.009 0.004 0.003 0.006 0.003 0.008 0.008 0.011 0.016 0.932 
348   ZFLB06    (0)   :  0.009 0.004 0.008 0.006 0.004 0.036 0.004 0.004 0.006 0.919 
349   ZFLB07    (0)   :  0.089 0.020 0.014 0.023 0.010 0.117 0.005 0.007 0.102 0.613 
350   ZFLB08    (0)   :  0.063 0.011 0.004 0.005 0.004 0.008 0.034 0.010 0.006 0.855 
351   ZFLB09    (9)   :  0.007 0.004 0.005 0.005 0.003 0.010 0.005 0.006 0.004 0.951 
352   ZFLB10    (0)   :  0.006 0.003 0.003 0.004 0.003 0.006 0.004 0.005 0.006 0.961 
353   ZFLB11    (0)   :  0.007 0.007 0.012 0.006 0.009 0.019 0.003 0.003 0.006 0.929 
354   ZFLB12    (0)   :  0.008 0.004 0.005 0.003 0.002 0.008 0.005 0.004 0.003 0.959 
355   ZFLB13    (0)   :  0.054 0.015 0.012 0.011 0.005 0.012 0.007 0.006 0.013 0.867 
356  ZFLTI01    (0)   :  0.005 0.015 0.072 0.189 0.029 0.007 0.005 0.007 0.668 0.002 
357  ZFLTI02    (0)   :  0.004 0.009 0.052 0.029 0.014 0.008 0.007 0.004 0.871 0.002 
358  ZFLTI03    (0)   :  0.003 0.008 0.009 0.025 0.014 0.005 0.005 0.003 0.926 0.002 
359  ZFLTI04    (0)   :  0.004 0.009 0.008 0.028 0.008 0.013 0.006 0.006 0.914 0.003 
360  ZFLTI05    (0)   :  0.004 0.005 0.006 0.016 0.005 0.005 0.006 0.003 0.949 0.002 
361  ZFLTI06    (0)   :  0.003 0.006 0.007 0.167 0.024 0.005 0.005 0.006 0.775 0.003 
362  ZFLTI07    (0)   :  0.004 0.008 0.009 0.154 0.008 0.006 0.007 0.008 0.794 0.002 
363  ZFLTI08    (0)   :  0.004 0.008 0.006 0.012 0.005 0.006 0.011 0.004 0.941 0.002 
364  ZFLTI09    (0)   :  0.004 0.007 0.007 0.137 0.007 0.006 0.014 0.006 0.811 0.003 
365  ZFLTI10    (0)   :  0.005 0.006 0.021 0.340 0.007 0.006 0.008 0.006 0.599 0.002 
366  ZFLTI11    (0)   :  0.003 0.006 0.006 0.071 0.031 0.005 0.007 0.003 0.864 0.003 
367  ZFLTI12    (0)   :  0.003 0.007 0.023 0.078 0.024 0.006 0.007 0.004 0.845 0.002 
368  ZFLTI13    (0)   :  0.005 0.011 0.014 0.013 0.012 0.007 0.005 0.005 0.926 0.002 
369  ZFLTI14    (0)   :  0.004 0.005 0.037 0.022 0.005 0.007 0.008 0.004 0.905 0.002 
370 ZFONF101    (0)   :  0.003 0.003 0.002 0.972 0.006 0.002 0.003 0.003 0.003 0.003 
371 ZFONF102    (0)   :  0.009 0.005 0.003 0.924 0.030 0.003 0.005 0.006 0.004 0.012 
372 ZFONF103    (0)   :  0.006 0.008 0.012 0.860 0.021 0.018 0.005 0.005 0.062 0.003 
373 ZFONF104    (0)   :  0.002 0.003 0.004 0.943 0.033 0.002 0.003 0.002 0.006 0.002 
374 ZFONF105    (0)   :  0.004 0.005 0.005 0.776 0.169 0.006 0.003 0.003 0.027 0.003 
375 ZFONF106    (0)   :  0.002 0.002 0.003 0.967 0.008 0.003 0.005 0.003 0.005 0.002 
376 ZFONF107    (0)   :  0.048 0.006 0.011 0.791 0.011 0.039 0.019 0.013 0.018 0.045 
377 ZFONF108    (0)   :  0.010 0.004 0.013 0.877 0.012 0.047 0.007 0.004 0.018 0.008 
378 ZFONF109    (9)   :  0.005 0.004 0.016 0.888 0.038 0.020 0.008 0.003 0.013 0.006 
379 ZFONF110    (0)   :  0.002 0.003 0.005 0.957 0.016 0.003 0.002 0.003 0.007 0.002 
380 ZFONF111    (0)   :  0.024 0.023 0.012 0.860 0.021 0.005 0.013 0.014 0.012 0.016 
381 ZFONF112    (0)   :  0.003 0.003 0.006 0.745 0.205 0.005 0.012 0.003 0.015 0.003 
382 ZFONF113    (9)   :  0.005 0.007 0.005 0.945 0.009 0.008 0.003 0.003 0.011 0.004 
383 ZFONF115    (0)   :  0.004 0.004 0.006 0.939 0.018 0.007 0.006 0.004 0.010 0.003 
384 ZFONF116    (0)   :  0.004 0.004 0.006 0.925 0.030 0.007 0.007 0.004 0.009 0.003 
385 ZFONF117    (0)   :  0.005 0.006 0.008 0.566 0.053 0.014 0.005 0.004 0.337 0.003 
386 ZFONF118    (0)   :  0.003 0.006 0.010 0.928 0.014 0.007 0.009 0.003 0.018 0.002 
387 ZFONF119    (0)   :  0.004 0.005 0.007 0.923 0.026 0.018 0.003 0.004 0.005 0.005 
388 ZFONF120    (0)   :  0.004 0.010 0.019 0.866 0.051 0.032 0.003 0.004 0.006 0.005 
389 ZFONF121    (0)   :  0.004 0.006 0.004 0.818 0.139 0.008 0.005 0.004 0.008 0.004 
390 ZFONF122    (0)   :  0.006 0.010 0.021 0.856 0.008 0.021 0.010 0.005 0.061 0.003 
391 ZFONF123    (0)   :  0.015 0.005 0.005 0.860 0.045 0.009 0.005 0.007 0.004 0.044 
392 ZFONF124    (0)   :  0.005 0.003 0.007 0.921 0.030 0.014 0.003 0.003 0.007 0.006 
393 ZFONF125    (0)   :  0.027 0.013 0.027 0.579 0.245 0.048 0.005 0.008 0.008 0.041 
394 ZFONF126    (0)   :  0.004 0.008 0.013 0.932 0.009 0.008 0.006 0.005 0.013 0.002 
395 ZFONF201    (0)   :  0.017 0.010 0.048 0.097 0.643 0.005 0.075 0.070 0.011 0.024 
396 ZFONF202    (0)   :  0.003 0.005 0.010 0.045 0.918 0.004 0.004 0.004 0.005 0.002 
397 ZFONF203    (0)   :  0.004 0.011 0.006 0.008 0.948 0.008 0.004 0.004 0.005 0.003 
398 ZFONF204    (0)   :  0.008 0.006 0.032 0.006 0.913 0.008 0.009 0.006 0.006 0.007 
399 ZFONF206    (0)   :  0.021 0.006 0.011 0.005 0.914 0.003 0.012 0.013 0.003 0.012 
400 ZFONF207    (0)   :  0.004 0.005 0.005 0.007 0.959 0.005 0.004 0.003 0.005 0.003 
401 ZFONF208    (0)   :  0.004 0.008 0.009 0.053 0.892 0.008 0.005 0.004 0.014 0.004 
402 ZFONF209    (0)   :  0.009 0.008 0.024 0.007 0.894 0.014 0.014 0.009 0.012 0.009 
403 ZFONF210    (0)   :  0.002 0.003 0.004 0.009 0.961 0.003 0.003 0.003 0.010 0.002 
404 ZFONF211    (0)   :  0.011 0.014 0.011 0.032 0.875 0.013 0.004 0.005 0.022 0.014 
405 ZFONF212    (0)   :  0.002 0.003 0.003 0.011 0.962 0.003 0.003 0.003 0.007 0.002 
406 ZFONF214    (0)   :  0.005 0.014 0.007 0.031 0.921 0.005 0.003 0.003 0.005 0.005 
407 ZFONF215    (0)   :  0.002 0.004 0.005 0.015 0.959 0.004 0.002 0.003 0.004 0.002 
408 ZFONF216    (0)   :  0.003 0.004 0.004 0.005 0.967 0.006 0.002 0.002 0.005 0.003 
409 ZFONF217    (0)   :  0.002 0.004 0.004 0.031 0.940 0.005 0.003 0.003 0.005 0.003 
410 ZFONF218    (0)   :  0.008 0.005 0.003 0.005 0.957 0.004 0.003 0.003 0.005 0.007 
411 ZFONF219    (0)   :  0.003 0.002 0.003 0.005 0.976 0.003 0.002 0.002 0.003 0.002 
412 ZFONF220    (0)   :  0.003 0.005 0.005 0.022 0.943 0.007 0.004 0.003 0.004 0.003 
413 ZFONF222    (0)   :  0.005 0.005 0.004 0.003 0.961 0.005 0.003 0.003 0.004 0.007 
414 ZFONF223    (0)   :  0.007 0.007 0.003 0.007 0.952 0.005 0.004 0.004 0.004 0.007 
415 ZFONF224    (0)   :  0.003 0.003 0.003 0.004 0.974 0.003 0.002 0.002 0.004 0.002 
416 ZFONF225    (0)   :  0.002 0.003 0.004 0.008 0.969 0.003 0.002 0.002 0.004 0.002 
417 ZFONF226    (0)   :  0.003 0.007 0.005 0.007 0.953 0.011 0.003 0.003 0.005 0.003 
418 ZFONF227    (0)   :  0.002 0.003 0.003 0.004 0.975 0.003 0.002 0.002 0.004 0.002 
419 ZFONF228    (0)   :  0.005 0.005 0.004 0.010 0.944 0.006 0.006 0.004 0.012 0.003 
420 ZFONF230    (0)   :  0.003 0.003 0.004 0.012 0.964 0.003 0.002 0.003 0.004 0.002 
421 ZFONF231    (0)   :  0.004 0.010 0.007 0.008 0.950 0.003 0.002 0.003 0.006 0.004 
422 ZFONF232    (0)   :  0.003 0.003 0.003 0.008 0.971 0.003 0.002 0.002 0.003 0.002 
423 ZFONF233    (0)   :  0.003 0.003 0.004 0.005 0.968 0.005 0.002 0.002 0.004 0.002 
424 ZFONF234    (0)   :  0.026 0.007 0.010 0.013 0.899 0.012 0.005 0.007 0.017 0.004 
425 ZFONF235    (0)   :  0.003 0.003 0.004 0.004 0.975 0.003 0.002 0.002 0.003 0.002 
426 ZFONF236    (0)   :  0.023 0.005 0.019 0.015 0.845 0.011 0.026 0.017 0.025 0.013 
427 ZFONF238    (0)   :  0.003 0.006 0.006 0.008 0.960 0.004 0.004 0.004 0.004 0.002 
428 ZFONF239    (0)   :  0.005 0.004 0.013 0.004 0.947 0.003 0.010 0.006 0.004 0.004 
