

----------------------------------------------------
STRUCTURE by Pritchard, Stephens and Donnelly (2000)
     and Falush, Stephens and Pritchard (2003)
       Code by Pritchard, Falush and Hubisz
             Version 2.3.4 (Jul 2012)
----------------------------------------------------



Command line arguments:   bin\structure -m C:\Users\eschumacher\Documents\GitHub\GCC_QUAC_ZAIN\Data_Files\Structure_Files\ZAIN\ZAIN_wild_rebinned_nopopinfo\50-50\mainparams -e C:\Users\eschumacher\Documents\GitHub\GCC_QUAC_ZAIN\Data_Files\Structure_Files\ZAIN\ZAIN_wild_rebinned_nopopinfo\50-50\extraparams 
Input File:    C:\Users\eschumacher\Documents\GitHub\GCC_QUAC_ZAIN\Data_Files\Structure_Files\ZAIN\ZAIN_wild_rebinned_nopopinfo\project_data

Run parameters:
   751 individuals
   11 loci
   6 populations assumed
   50000 Burn-in period
   50000 Reps


--------------------------------------------
Overall proportion of membership of the
sample in each of the 6 clusters

Inferred Clusters
  1      2      3      4      5      6    
0.234  0.120  0.059  0.235  0.181  0.170  

--------------------------------------------

Allele-freq. divergence among pops (Net nucleotide distance),
computed using point estimates of P.

      1       2       3       4       5       6      
 1      -    0.1496  0.3599  0.2196  0.1415  0.0888  
 2   0.1496     -    0.2926  0.1425  0.0953  0.1179  
 3   0.3599  0.2926     -    0.2512  0.2202  0.3502  
 4   0.2196  0.1425  0.2512     -    0.0792  0.2059  
 5   0.1415  0.0953  0.2202  0.0792     -    0.1134  
 6   0.0888  0.1179  0.3502  0.2059  0.1134     -    

Average distances (expected heterozygosity) between individuals in same cluster:
cluster  1  : 0.4364 
cluster  2  : 0.4375 
cluster  3  : 0.2718 
cluster  4  : 0.4956 
cluster  5  : 0.5641 
cluster  6  : 0.4148 

--------------------------------------------
Estimated Ln Prob of Data   = -14570.1
Mean value of ln likelihood = -14293.8
Variance of ln likelihood   = 552.7
Mean value of alpha         = 0.0328

Mean value of Fst_1         = 0.2975
Mean value of Fst_2         = 0.4029
Mean value of Fst_3         = 0.5992
Mean value of Fst_4         = 0.3369
Mean value of Fst_5         = 0.1160
Mean value of Fst_6         = 0.4541


Inferred ancestry of individuals:
        Label (%Miss) :  Inferred clusters
  1    ZFB01    (0)   :  0.005 0.004 0.008 0.975 0.004 0.004 
  2    ZFB02    (0)   :  0.004 0.008 0.012 0.969 0.005 0.003 
  3    ZFB03    (0)   :  0.004 0.005 0.003 0.970 0.009 0.009 
  4    ZFB04    (0)   :  0.005 0.006 0.014 0.967 0.005 0.003 
  5    ZFB05    (0)   :  0.007 0.010 0.074 0.823 0.078 0.009 
  6    ZFB06    (0)   :  0.007 0.006 0.052 0.871 0.055 0.010 
  7    ZFB07    (9)   :  0.008 0.005 0.011 0.957 0.012 0.008 
  8    ZFB08    (0)   :  0.005 0.006 0.003 0.973 0.008 0.005 
  9    ZFB09    (0)   :  0.004 0.004 0.003 0.981 0.005 0.003 
 10    ZFB10    (0)   :  0.017 0.007 0.008 0.957 0.005 0.006 
 11    ZFB11    (0)   :  0.008 0.006 0.019 0.959 0.004 0.004 
 12    ZFB12    (0)   :  0.004 0.003 0.008 0.971 0.008 0.006 
 13    ZFB13    (0)   :  0.006 0.004 0.003 0.972 0.009 0.005 
 14    ZFB14    (0)   :  0.005 0.006 0.003 0.977 0.005 0.004 
 15    ZFB15    (0)   :  0.003 0.003 0.008 0.979 0.004 0.003 
 16    ZFB16    (0)   :  0.004 0.003 0.006 0.977 0.005 0.004 
 17    ZFB17    (0)   :  0.015 0.022 0.028 0.901 0.026 0.008 
 18    ZFB18    (0)   :  0.004 0.005 0.003 0.979 0.005 0.003 
 19    ZFB19    (0)   :  0.023 0.005 0.005 0.933 0.022 0.012 
 20    ZFB20    (0)   :  0.004 0.003 0.015 0.968 0.005 0.004 
 21    ZFB21    (0)   :  0.003 0.003 0.006 0.979 0.005 0.003 
 22    ZFB22    (0)   :  0.016 0.010 0.044 0.907 0.012 0.011 
 23    ZFB23    (0)   :  0.008 0.005 0.030 0.944 0.006 0.007 
 24    ZFB24    (0)   :  0.007 0.005 0.029 0.952 0.004 0.004 
 25    ZFB25    (0)   :  0.026 0.006 0.010 0.945 0.004 0.009 
 26    ZFB26    (0)   :  0.016 0.007 0.084 0.881 0.004 0.008 
 27    ZFB27    (0)   :  0.007 0.005 0.140 0.841 0.004 0.004 
 28    ZFB28    (0)   :  0.005 0.007 0.059 0.911 0.011 0.007 
 29    ZFB29    (0)   :  0.004 0.006 0.009 0.973 0.005 0.003 
 30    ZFB30    (0)   :  0.008 0.004 0.276 0.675 0.028 0.009 
 31    ZFB31    (0)   :  0.015 0.005 0.008 0.960 0.005 0.007 
 32    ZFB32    (0)   :  0.008 0.017 0.029 0.913 0.021 0.012 
 33    ZFB33    (0)   :  0.004 0.003 0.007 0.978 0.004 0.003 
 34    ZFB34    (0)   :  0.004 0.006 0.003 0.979 0.005 0.003 
 35    ZFB35    (0)   :  0.006 0.005 0.007 0.972 0.005 0.005 
 36  ZFBP101    (0)   :  0.664 0.128 0.003 0.017 0.018 0.170 
 37  ZFBP102    (0)   :  0.882 0.027 0.003 0.026 0.016 0.045 
 38  ZFBP103    (0)   :  0.181 0.239 0.003 0.012 0.014 0.552 
 39  ZFBP104    (0)   :  0.526 0.004 0.003 0.048 0.046 0.372 
 40  ZFBP105    (0)   :  0.697 0.006 0.005 0.008 0.009 0.275 
 41  ZFBP106    (0)   :  0.809 0.008 0.003 0.004 0.004 0.171 
 42  ZFBP107    (0)   :  0.437 0.012 0.047 0.010 0.014 0.480 
 43  ZFBP108    (0)   :  0.974 0.003 0.004 0.003 0.004 0.012 
 44  ZFBP109    (0)   :  0.972 0.004 0.002 0.004 0.005 0.012 
 45  ZFBP110    (0)   :  0.123 0.068 0.003 0.045 0.045 0.717 
 46  ZFBP111    (0)   :  0.962 0.004 0.003 0.003 0.004 0.024 
 47  ZFBP112    (0)   :  0.968 0.007 0.006 0.005 0.006 0.008 
 48  ZFBP113    (0)   :  0.973 0.004 0.004 0.004 0.005 0.010 
 49  ZFBP114    (0)   :  0.944 0.009 0.015 0.005 0.005 0.022 
 50  ZFBP115    (0)   :  0.354 0.009 0.004 0.003 0.008 0.622 
 51  ZFBP116    (0)   :  0.964 0.004 0.005 0.003 0.007 0.018 
 52  ZFBP117    (0)   :  0.969 0.009 0.003 0.003 0.004 0.012 
 53  ZFBP118    (0)   :  0.955 0.007 0.016 0.004 0.005 0.013 
 54  ZFBP119    (0)   :  0.667 0.038 0.003 0.004 0.009 0.278 
 55  ZFBP120    (0)   :  0.700 0.005 0.005 0.008 0.009 0.273 
 56  ZFBP121    (0)   :  0.931 0.013 0.003 0.007 0.006 0.040 
 57  ZFBP122    (9)   :  0.953 0.005 0.004 0.004 0.005 0.030 
 58  ZFBP123    (0)   :  0.963 0.011 0.007 0.004 0.006 0.009 
 59  ZFBP124    (0)   :  0.959 0.005 0.005 0.008 0.004 0.019 
 60  ZFBP125    (0)   :  0.969 0.006 0.003 0.003 0.004 0.015 
 61  ZFBP126    (0)   :  0.892 0.037 0.003 0.017 0.034 0.016 
 62  ZFBP127    (0)   :  0.592 0.023 0.003 0.004 0.005 0.372 
 63  ZFBP128    (0)   :  0.973 0.007 0.003 0.004 0.003 0.011 
 64  ZFBP129    (0)   :  0.971 0.009 0.003 0.005 0.005 0.008 
 65  ZFBP130    (0)   :  0.973 0.009 0.003 0.002 0.004 0.009 
 66  ZFBP131    (0)   :  0.978 0.004 0.004 0.004 0.004 0.005 
 67  ZFBP132    (0)   :  0.956 0.005 0.004 0.004 0.004 0.027 
 68  ZFBP133    (0)   :  0.982 0.006 0.002 0.003 0.003 0.004 
 69  ZFBP134    (0)   :  0.375 0.047 0.004 0.004 0.006 0.563 
 70  ZFBP135    (0)   :  0.598 0.261 0.003 0.025 0.012 0.101 
 71  ZFBP136    (0)   :  0.850 0.069 0.010 0.004 0.005 0.061 
 72  ZFBP201    (0)   :  0.945 0.006 0.010 0.007 0.009 0.023 
 73  ZFBP202    (0)   :  0.951 0.005 0.003 0.007 0.005 0.030 
 74  ZFBP203    (0)   :  0.898 0.005 0.056 0.008 0.022 0.011 
 75  ZFBP204    (0)   :  0.775 0.018 0.006 0.006 0.007 0.187 
 76  ZFBP205    (0)   :  0.976 0.007 0.005 0.003 0.004 0.005 
 77  ZFBP206    (0)   :  0.966 0.012 0.006 0.005 0.006 0.006 
 78  ZFBP207    (0)   :  0.442 0.015 0.005 0.004 0.005 0.529 
 79  ZFBP208    (0)   :  0.957 0.007 0.014 0.005 0.009 0.007 
 80  ZFBP209    (0)   :  0.983 0.005 0.002 0.003 0.003 0.004 
 81  ZFBP210    (0)   :  0.951 0.005 0.012 0.006 0.008 0.017 
 82  ZFBP211    (0)   :  0.956 0.006 0.004 0.007 0.006 0.021 
 83  ZFBP212    (0)   :  0.548 0.003 0.004 0.006 0.004 0.435 
 84  ZFBP213    (0)   :  0.946 0.017 0.005 0.010 0.007 0.014 
 85  ZFBP214    (0)   :  0.875 0.046 0.005 0.010 0.017 0.046 
 86  ZFBP215    (0)   :  0.973 0.006 0.003 0.004 0.004 0.010 
 87  ZFBP216    (0)   :  0.911 0.006 0.009 0.006 0.019 0.048 
 88  ZFBP217    (0)   :  0.951 0.006 0.003 0.005 0.006 0.029 
 89  ZFBP218    (0)   :  0.980 0.003 0.003 0.003 0.004 0.007 
 90  ZFBP219    (0)   :  0.975 0.004 0.005 0.004 0.005 0.008 
 91  ZFBP220    (0)   :  0.948 0.010 0.004 0.003 0.005 0.030 
 92  ZFBP221    (0)   :  0.871 0.003 0.004 0.004 0.005 0.112 
 93  ZFBP222    (0)   :  0.972 0.008 0.005 0.005 0.006 0.004 
 94  ZFBP223    (0)   :  0.285 0.014 0.008 0.008 0.008 0.677 
 95  ZFBP224    (0)   :  0.963 0.007 0.005 0.006 0.007 0.012 
 96  ZFBP225    (0)   :  0.935 0.008 0.007 0.003 0.006 0.041 
 97  ZFBP226    (0)   :  0.965 0.004 0.005 0.004 0.005 0.016 
 98  ZFBP227    (0)   :  0.591 0.007 0.005 0.030 0.184 0.184 
 99  ZFBP228    (0)   :  0.290 0.016 0.003 0.004 0.005 0.682 
100  ZFBP229    (0)   :  0.974 0.006 0.004 0.003 0.005 0.009 
101  ZFBP230    (0)   :  0.946 0.012 0.004 0.003 0.006 0.029 
102  ZFBP231    (0)   :  0.959 0.006 0.004 0.006 0.006 0.018 
103  ZFBP232    (0)   :  0.979 0.004 0.003 0.003 0.003 0.007 
104  ZFBP233    (0)   :  0.960 0.006 0.004 0.007 0.006 0.017 
105   ZFCC01    (0)   :  0.004 0.977 0.003 0.008 0.004 0.004 
106   ZFCC03    (0)   :  0.004 0.980 0.003 0.005 0.004 0.005 
107   ZFCC04    (0)   :  0.004 0.979 0.004 0.005 0.004 0.004 
108   ZFCC05    (0)   :  0.006 0.972 0.004 0.006 0.005 0.007 
109   ZFCC08    (0)   :  0.013 0.970 0.002 0.004 0.004 0.007 
110   ZFCC09    (0)   :  0.004 0.979 0.003 0.006 0.003 0.005 
111   ZFCC10    (0)   :  0.005 0.974 0.003 0.011 0.004 0.003 
112   ZFCC11    (0)   :  0.005 0.977 0.003 0.006 0.004 0.006 
113   ZFCC12    (0)   :  0.005 0.941 0.004 0.031 0.011 0.007 
114   ZFCC13    (0)   :  0.008 0.959 0.010 0.004 0.007 0.012 
115   ZFCC14    (0)   :  0.009 0.969 0.005 0.008 0.005 0.005 
116   ZFCC15    (0)   :  0.004 0.974 0.005 0.005 0.007 0.005 
117   ZFCC16    (0)   :  0.004 0.980 0.003 0.005 0.004 0.004 
118   ZFCC17    (0)   :  0.003 0.978 0.006 0.006 0.004 0.004 
119   ZFCC18    (0)   :  0.005 0.977 0.003 0.005 0.004 0.005 
120   ZFCC19    (0)   :  0.003 0.975 0.007 0.005 0.008 0.003 
121   ZFCC20    (0)   :  0.004 0.979 0.003 0.004 0.004 0.006 
122   ZFCC21    (0)   :  0.042 0.922 0.006 0.007 0.015 0.008 
123   ZFCC22    (0)   :  0.199 0.761 0.006 0.006 0.005 0.023 
124   ZFCC26    (0)   :  0.004 0.981 0.003 0.005 0.004 0.004 
125   ZFCC27    (0)   :  0.004 0.982 0.003 0.004 0.004 0.005 
126   ZFCC29    (0)   :  0.005 0.974 0.003 0.008 0.006 0.005 
127   ZFCC30    (0)   :  0.004 0.980 0.003 0.003 0.004 0.005 
128   ZFCC32    (0)   :  0.005 0.970 0.006 0.007 0.007 0.006 
129   ZFCC33    (0)   :  0.004 0.977 0.004 0.005 0.006 0.005 
130   ZFCC34    (0)   :  0.038 0.891 0.009 0.017 0.006 0.039 
131   ZFCC35    (0)   :  0.004 0.982 0.003 0.003 0.003 0.004 
132   ZFCC36    (0)   :  0.009 0.958 0.013 0.005 0.008 0.006 
133   ZFCC37    (0)   :  0.007 0.932 0.004 0.033 0.016 0.008 
134   ZFCC40    (0)   :  0.006 0.972 0.008 0.006 0.003 0.004 
135   ZFCC42    (0)   :  0.005 0.564 0.249 0.142 0.023 0.017 
136   ZFCC44    (0)   :  0.003 0.980 0.006 0.003 0.003 0.005 
137   ZFCC45    (9)   :  0.005 0.954 0.014 0.011 0.010 0.005 
138   ZFCC46    (0)   :  0.011 0.967 0.004 0.003 0.004 0.011 
139   ZFCC47    (0)   :  0.005 0.960 0.004 0.021 0.005 0.005 
140   ZFCC48    (0)   :  0.031 0.948 0.004 0.005 0.005 0.006 
141   ZFCC50    (0)   :  0.003 0.981 0.004 0.005 0.004 0.004 
142   ZFCC51    (0)   :  0.003 0.981 0.003 0.004 0.003 0.005 
143   ZFCC52    (0)   :  0.010 0.968 0.005 0.004 0.004 0.007 
144   ZFCC53    (0)   :  0.003 0.983 0.003 0.004 0.003 0.004 
145  ZFCNS01    (0)   :  0.004 0.006 0.007 0.003 0.009 0.972 
146  ZFCNS02    (0)   :  0.005 0.009 0.003 0.003 0.003 0.976 
147  ZFCNS05    (0)   :  0.007 0.010 0.003 0.005 0.005 0.971 
148  ZFCNS06    (0)   :  0.005 0.012 0.002 0.004 0.004 0.973 
149  ZFCNS07    (0)   :  0.011 0.005 0.003 0.003 0.004 0.973 
150  ZFCNS10    (0)   :  0.004 0.004 0.003 0.003 0.003 0.982 
151  ZFCNS11    (0)   :  0.004 0.006 0.004 0.003 0.006 0.977 
152  ZFCNS15    (0)   :  0.009 0.004 0.003 0.004 0.004 0.977 
153  ZFCNS17    (0)   :  0.005 0.013 0.003 0.003 0.003 0.973 
154  ZFCNS18    (0)   :  0.005 0.005 0.003 0.003 0.003 0.981 
155  ZFCNS19    (0)   :  0.004 0.008 0.003 0.003 0.004 0.978 
156  ZFCNS20    (0)   :  0.010 0.009 0.003 0.003 0.004 0.971 
157  ZFCNS21    (0)   :  0.003 0.007 0.002 0.003 0.003 0.981 
158  ZFCNS22    (0)   :  0.008 0.006 0.003 0.004 0.004 0.974 
159  ZFCNS23    (0)   :  0.007 0.021 0.010 0.006 0.009 0.947 
160  ZFCNS24    (0)   :  0.005 0.023 0.003 0.003 0.004 0.963 
161  ZFCNS25    (0)   :  0.008 0.010 0.003 0.003 0.004 0.973 
162  ZFCNS26    (0)   :  0.005 0.004 0.002 0.004 0.004 0.982 
163  ZFCNS27    (0)   :  0.009 0.004 0.003 0.003 0.004 0.977 
164  ZFCNS28    (0)   :  0.005 0.007 0.003 0.005 0.003 0.978 
165  ZFCNS29    (0)   :  0.006 0.012 0.003 0.004 0.004 0.972 
166  ZFCNS30    (0)   :  0.004 0.009 0.003 0.004 0.004 0.976 
167  ZFCNS31    (0)   :  0.005 0.004 0.003 0.003 0.003 0.981 
168  ZFCNS32    (0)   :  0.005 0.007 0.002 0.004 0.003 0.978 
169  ZFCNS33    (0)   :  0.004 0.004 0.003 0.004 0.004 0.981 
170  ZFCNS34    (0)   :  0.005 0.022 0.003 0.003 0.004 0.963 
171  ZFCNS35    (0)   :  0.004 0.006 0.003 0.004 0.003 0.979 
172  ZFCNS36    (0)   :  0.005 0.049 0.003 0.003 0.004 0.936 
173  ZFCNS37    (0)   :  0.004 0.005 0.003 0.003 0.004 0.981 
174  ZFCNS39    (0)   :  0.004 0.008 0.002 0.002 0.003 0.980 
175  ZFCNS40    (0)   :  0.007 0.026 0.003 0.003 0.004 0.957 
176  ZFCNS41    (0)   :  0.008 0.009 0.004 0.004 0.007 0.968 
177  ZFCNS42    (0)   :  0.004 0.005 0.003 0.003 0.004 0.982 
178  ZFCNS43    (0)   :  0.003 0.009 0.002 0.003 0.003 0.978 
179  ZFCNS44    (0)   :  0.004 0.006 0.003 0.003 0.003 0.982 
180  ZFCNS46    (0)   :  0.005 0.006 0.003 0.003 0.005 0.979 
181  ZFCNS47    (0)   :  0.004 0.007 0.003 0.003 0.003 0.981 
182  ZFCNS48    (0)   :  0.006 0.006 0.003 0.003 0.003 0.979 
183  ZFCNS49    (0)   :  0.005 0.003 0.002 0.003 0.003 0.984 
184   ZFCR01    (0)   :  0.061 0.014 0.008 0.468 0.442 0.007 
185   ZFCR02    (0)   :  0.022 0.030 0.014 0.045 0.882 0.007 
186   ZFCR03    (0)   :  0.077 0.054 0.042 0.546 0.272 0.009 
187   ZFCR04    (0)   :  0.046 0.022 0.034 0.751 0.101 0.046 
188   ZFCR05    (0)   :  0.005 0.023 0.008 0.048 0.913 0.003 
189   ZFCR06    (0)   :  0.084 0.029 0.004 0.093 0.639 0.150 
190   ZFCR07    (0)   :  0.006 0.014 0.006 0.031 0.900 0.043 
191   ZFCR08    (0)   :  0.119 0.167 0.062 0.190 0.452 0.010 
192   ZFCR09    (0)   :  0.088 0.072 0.123 0.536 0.127 0.053 
193   ZFCR11    (0)   :  0.018 0.012 0.006 0.118 0.785 0.061 
194   ZFCR12    (0)   :  0.024 0.013 0.005 0.009 0.779 0.170 
195   ZFCR13    (0)   :  0.054 0.007 0.003 0.008 0.918 0.010 
196   ZFCR14    (0)   :  0.009 0.009 0.006 0.017 0.952 0.007 
197   ZFCR15    (0)   :  0.038 0.023 0.019 0.046 0.858 0.015 
198   ZFCR16    (0)   :  0.026 0.012 0.004 0.047 0.906 0.005 
199   ZFCR18    (0)   :  0.028 0.077 0.006 0.684 0.187 0.018 
200   ZFCR19    (0)   :  0.191 0.034 0.006 0.439 0.314 0.016 
201   ZFCR20    (0)   :  0.059 0.016 0.005 0.801 0.106 0.012 
202   ZFCR21    (0)   :  0.014 0.019 0.003 0.013 0.945 0.007 
203   ZFCR22    (0)   :  0.013 0.005 0.003 0.008 0.966 0.004 
204   ZFCR23    (0)   :  0.146 0.004 0.042 0.031 0.742 0.034 
205   ZFCR24    (9)   :  0.515 0.011 0.007 0.138 0.321 0.009 
206   ZFCR25    (0)   :  0.004 0.006 0.003 0.014 0.970 0.003 
207   ZFCR26    (0)   :  0.035 0.024 0.004 0.130 0.799 0.009 
208   ZFCR27    (9)   :  0.003 0.005 0.004 0.058 0.927 0.003 
209   ZFCR28    (0)   :  0.287 0.012 0.009 0.010 0.654 0.027 
210   ZFCR29    (0)   :  0.016 0.011 0.004 0.115 0.850 0.005 
211   ZFCR30    (0)   :  0.006 0.006 0.004 0.009 0.970 0.006 
212   ZFCR31    (0)   :  0.127 0.025 0.015 0.440 0.249 0.143 
213   ZFCR33    (0)   :  0.009 0.033 0.016 0.027 0.906 0.009 
214   ZFCR34    (0)   :  0.043 0.023 0.023 0.041 0.829 0.042 
215   ZFCR35    (0)   :  0.016 0.041 0.009 0.782 0.133 0.019 
216   ZFCR36    (0)   :  0.008 0.008 0.014 0.084 0.875 0.011 
217   ZFCR37    (0)   :  0.004 0.031 0.008 0.020 0.932 0.004 
218   ZFCR38    (0)   :  0.007 0.032 0.010 0.037 0.908 0.006 
219   ZFCR39    (0)   :  0.093 0.213 0.335 0.044 0.302 0.012 
220   ZFCR40    (0)   :  0.011 0.028 0.057 0.028 0.866 0.010 
221   ZFCR41    (0)   :  0.011 0.033 0.003 0.008 0.916 0.029 
222   ZFCR42    (0)   :  0.023 0.034 0.011 0.009 0.907 0.016 
223   ZFCR43    (0)   :  0.059 0.006 0.005 0.031 0.892 0.007 
224  ZFENP25    (0)   :  0.013 0.027 0.007 0.055 0.894 0.004 
225  ZFENP26    (0)   :  0.003 0.005 0.019 0.014 0.955 0.004 
226  ZFENP27    (0)   :  0.013 0.345 0.021 0.371 0.160 0.091 
227  ZFENP28    (0)   :  0.004 0.011 0.019 0.032 0.927 0.007 
228  ZFENP29    (0)   :  0.004 0.007 0.008 0.006 0.971 0.004 
229  ZFENP30    (0)   :  0.005 0.053 0.032 0.011 0.894 0.006 
230  ZFENP31    (0)   :  0.010 0.085 0.432 0.192 0.271 0.009 
231  ZFENP32    (0)   :  0.013 0.032 0.186 0.447 0.293 0.029 
232  ZFENP33    (0)   :  0.005 0.008 0.011 0.034 0.936 0.006 
233  ZFENP34    (0)   :  0.011 0.053 0.011 0.561 0.345 0.018 
234  ZFENP35    (0)   :  0.008 0.007 0.198 0.017 0.752 0.019 
235  ZFENP36    (0)   :  0.003 0.004 0.021 0.018 0.948 0.006 
236  ZFENP37    (0)   :  0.006 0.012 0.038 0.101 0.834 0.009 
237  ZFENP38    (0)   :  0.005 0.011 0.008 0.008 0.958 0.009 
238  ZFENP39    (0)   :  0.003 0.012 0.023 0.032 0.926 0.004 
239  ZFENP40    (0)   :  0.006 0.016 0.085 0.084 0.802 0.006 
240  ZFENP41    (0)   :  0.009 0.121 0.108 0.019 0.735 0.009 
241  ZFENP42    (0)   :  0.003 0.006 0.298 0.005 0.684 0.004 
242  ZFENP43    (0)   :  0.006 0.038 0.012 0.016 0.882 0.047 
243  ZFENP44    (0)   :  0.008 0.040 0.189 0.014 0.700 0.050 
244  ZFENP45    (0)   :  0.296 0.020 0.142 0.012 0.516 0.014 
245  ZFENP46    (0)   :  0.007 0.004 0.019 0.023 0.936 0.011 
246  ZFENP47    (0)   :  0.111 0.204 0.288 0.108 0.285 0.005 
247  ZFENP48    (0)   :  0.029 0.123 0.020 0.592 0.217 0.020 
248  ZFENP49    (0)   :  0.016 0.030 0.005 0.080 0.862 0.007 
249  ZFENP50    (0)   :  0.020 0.004 0.037 0.009 0.920 0.010 
250  ZFENP51    (0)   :  0.021 0.011 0.090 0.135 0.739 0.004 
251  ZFENP52    (0)   :  0.004 0.015 0.015 0.004 0.944 0.017 
252  ZFENP53    (0)   :  0.019 0.008 0.032 0.007 0.922 0.013 
253  ZFENP54    (0)   :  0.026 0.030 0.010 0.013 0.909 0.011 
254  ZFENP55    (0)   :  0.004 0.004 0.007 0.057 0.923 0.004 
255  ZFENP56    (0)   :  0.004 0.006 0.007 0.014 0.961 0.008 
256  ZFENP57    (0)   :  0.003 0.005 0.093 0.022 0.867 0.010 
257  ZFENP58    (0)   :  0.023 0.052 0.007 0.010 0.895 0.013 
258  ZFENP59    (0)   :  0.004 0.103 0.104 0.034 0.750 0.005 
259  ZFENP60    (0)   :  0.007 0.009 0.027 0.069 0.882 0.006 
260  ZFENP61    (0)   :  0.003 0.015 0.013 0.025 0.940 0.004 
261 ZFFDSP01    (0)   :  0.940 0.004 0.003 0.006 0.004 0.043 
262 ZFFDSP02    (0)   :  0.976 0.004 0.002 0.004 0.004 0.010 
263 ZFFDSP04    (0)   :  0.978 0.004 0.002 0.005 0.003 0.007 
264 ZFFDSP05    (0)   :  0.922 0.004 0.004 0.005 0.005 0.060 
265 ZFFDSP06    (0)   :  0.980 0.005 0.002 0.003 0.003 0.006 
266 ZFFDSP07    (0)   :  0.966 0.014 0.005 0.004 0.005 0.006 
267 ZFFDSP08    (0)   :  0.956 0.013 0.004 0.004 0.005 0.017 
268 ZFFDSP10    (0)   :  0.964 0.005 0.003 0.005 0.005 0.018 
269 ZFFDSP11    (0)   :  0.969 0.004 0.004 0.005 0.005 0.013 
270 ZFFDSP12    (0)   :  0.975 0.004 0.003 0.003 0.004 0.012 
271 ZFFDSP13    (0)   :  0.063 0.010 0.004 0.004 0.007 0.911 
272 ZFFDSP14    (0)   :  0.977 0.006 0.003 0.004 0.004 0.005 
273 ZFFDSP16    (0)   :  0.928 0.010 0.005 0.010 0.010 0.037 
274 ZFFDSP17    (0)   :  0.971 0.006 0.003 0.005 0.005 0.011 
275 ZFFDSP18    (0)   :  0.977 0.005 0.002 0.006 0.003 0.007 
276 ZFFDSP19    (0)   :  0.776 0.033 0.003 0.006 0.005 0.178 
277 ZFFDSP21    (0)   :  0.569 0.026 0.003 0.005 0.004 0.393 
278 ZFFDSP22    (0)   :  0.981 0.005 0.002 0.003 0.003 0.006 
279 ZFFDSP23    (0)   :  0.965 0.004 0.002 0.003 0.003 0.022 
280 ZFFDSP24    (0)   :  0.735 0.006 0.003 0.005 0.005 0.246 
281 ZFFDSP26    (9)   :  0.948 0.005 0.003 0.004 0.004 0.037 
282 ZFFDSP27    (0)   :  0.962 0.004 0.003 0.007 0.003 0.021 
283 ZFFDSP28    (0)   :  0.844 0.015 0.012 0.085 0.018 0.027 
284 ZFFDSP30    (0)   :  0.269 0.011 0.012 0.023 0.007 0.679 
285 ZFFDSP31    (0)   :  0.959 0.007 0.002 0.006 0.006 0.020 
286 ZFFDSP32    (0)   :  0.974 0.004 0.003 0.004 0.004 0.012 
287 ZFFDSP33    (0)   :  0.972 0.003 0.003 0.004 0.004 0.015 
288 ZFFDSP34    (0)   :  0.974 0.006 0.002 0.004 0.004 0.010 
289 ZFFDSP35    (0)   :  0.917 0.005 0.003 0.005 0.004 0.066 
290 ZFFDSP37    (0)   :  0.959 0.005 0.003 0.005 0.005 0.024 
291 ZFFDSP38    (0)   :  0.969 0.005 0.003 0.006 0.004 0.014 
292 ZFFDSP39    (0)   :  0.637 0.003 0.003 0.004 0.003 0.350 
293 ZFFDSP40    (0)   :  0.592 0.004 0.003 0.006 0.004 0.391 
294 ZFFDSP42    (0)   :  0.964 0.005 0.002 0.004 0.004 0.021 
295 ZFFDSP43    (0)   :  0.956 0.004 0.002 0.004 0.004 0.030 
296 ZFFDSP44    (0)   :  0.793 0.004 0.003 0.006 0.004 0.190 
297 ZFFDSP45    (0)   :  0.957 0.006 0.002 0.005 0.005 0.026 
298 ZFFDSP46    (0)   :  0.946 0.006 0.002 0.005 0.006 0.035 
299 ZFFDSP47    (0)   :  0.597 0.004 0.003 0.004 0.004 0.389 
300 ZFFDSP48    (0)   :  0.429 0.005 0.003 0.004 0.004 0.556 
301    ZFI01    (0)   :  0.004 0.007 0.006 0.970 0.007 0.007 
302    ZFI02    (0)   :  0.005 0.003 0.004 0.974 0.006 0.008 
303    ZFI03    (0)   :  0.004 0.005 0.003 0.974 0.008 0.006 
304    ZFI04    (0)   :  0.004 0.005 0.004 0.976 0.005 0.005 
305    ZFI05    (0)   :  0.004 0.005 0.005 0.959 0.008 0.020 
306    ZFI06    (0)   :  0.007 0.004 0.004 0.916 0.008 0.060 
307    ZFI07    (0)   :  0.003 0.006 0.004 0.976 0.006 0.005 
308    ZFI08    (0)   :  0.003 0.005 0.004 0.973 0.011 0.004 
309    ZFI09    (0)   :  0.004 0.004 0.003 0.977 0.006 0.006 
310    ZFI10    (0)   :  0.006 0.004 0.007 0.943 0.007 0.033 
311    ZFI11    (0)   :  0.003 0.004 0.004 0.978 0.006 0.006 
312    ZFI12    (0)   :  0.004 0.005 0.003 0.969 0.008 0.011 
313    ZFI13    (0)   :  0.003 0.006 0.005 0.972 0.006 0.008 
314    ZFI14    (0)   :  0.009 0.005 0.005 0.962 0.005 0.014 
315    ZFI15    (0)   :  0.003 0.004 0.003 0.978 0.006 0.005 
316    ZFI16    (0)   :  0.003 0.004 0.003 0.978 0.006 0.006 
317    ZFI17    (0)   :  0.003 0.004 0.006 0.971 0.007 0.009 
318    ZFI18    (0)   :  0.003 0.003 0.006 0.976 0.006 0.006 
319    ZFI19    (9)   :  0.003 0.004 0.003 0.978 0.007 0.006 
320    ZFI20    (0)   :  0.005 0.004 0.005 0.972 0.006 0.008 
321    ZFI21    (0)   :  0.014 0.004 0.006 0.931 0.005 0.039 
322    ZFI22    (0)   :  0.005 0.007 0.003 0.975 0.006 0.004 
323    ZFI23    (0)   :  0.003 0.004 0.003 0.976 0.007 0.006 
324    ZFI24    (0)   :  0.004 0.007 0.003 0.967 0.008 0.010 
325    ZFI25    (0)   :  0.005 0.006 0.003 0.972 0.009 0.005 
326    ZFI26    (0)   :  0.004 0.006 0.003 0.976 0.007 0.004 
327    ZFI27    (0)   :  0.004 0.005 0.004 0.948 0.010 0.028 
328    ZFK01    (0)   :  0.008 0.959 0.007 0.005 0.009 0.012 
329    ZFK02    (0)   :  0.009 0.953 0.004 0.008 0.014 0.012 
330    ZFK03    (0)   :  0.008 0.955 0.010 0.009 0.010 0.008 
331    ZFK04    (0)   :  0.006 0.936 0.010 0.030 0.012 0.007 
332    ZFK05    (0)   :  0.004 0.937 0.030 0.015 0.007 0.005 
333    ZFK06    (0)   :  0.006 0.935 0.006 0.025 0.022 0.006 
334    ZFK07    (0)   :  0.010 0.954 0.012 0.004 0.011 0.009 
335    ZFK08    (0)   :  0.007 0.897 0.010 0.024 0.057 0.005 
336    ZFK10    (0)   :  0.007 0.945 0.006 0.023 0.012 0.007 
337    ZFK11    (0)   :  0.005 0.940 0.026 0.009 0.013 0.006 
338    ZFK12    (0)   :  0.011 0.952 0.006 0.004 0.017 0.010 
339    ZFK13    (0)   :  0.027 0.917 0.026 0.005 0.009 0.017 
340    ZFK14    (0)   :  0.012 0.953 0.014 0.004 0.006 0.011 
341    ZFK15    (0)   :  0.019 0.898 0.047 0.010 0.013 0.013 
342    ZFK16    (0)   :  0.018 0.928 0.018 0.004 0.011 0.021 
343   ZFLB01    (0)   :  0.015 0.005 0.950 0.009 0.007 0.014 
344   ZFLB02    (0)   :  0.003 0.002 0.971 0.010 0.010 0.004 
345   ZFLB03    (0)   :  0.004 0.005 0.967 0.004 0.008 0.011 
346   ZFLB04    (0)   :  0.030 0.015 0.720 0.031 0.012 0.191 
347   ZFLB05    (0)   :  0.008 0.004 0.952 0.011 0.007 0.017 
348   ZFLB06    (0)   :  0.011 0.014 0.952 0.006 0.008 0.009 
349   ZFLB07    (0)   :  0.023 0.022 0.629 0.025 0.223 0.077 
350   ZFLB08    (0)   :  0.005 0.004 0.959 0.014 0.012 0.006 
351   ZFLB09    (9)   :  0.004 0.007 0.970 0.008 0.006 0.004 
352   ZFLB10    (0)   :  0.003 0.004 0.978 0.006 0.005 0.005 
353   ZFLB11    (0)   :  0.004 0.008 0.974 0.004 0.006 0.004 
354   ZFLB12    (0)   :  0.003 0.005 0.980 0.005 0.005 0.003 
355   ZFLB13    (0)   :  0.018 0.023 0.850 0.014 0.058 0.038 
356  ZFLTI01    (0)   :  0.085 0.048 0.002 0.004 0.007 0.853 
357  ZFLTI02    (0)   :  0.021 0.038 0.002 0.004 0.005 0.930 
358  ZFLTI03    (0)   :  0.021 0.009 0.002 0.003 0.004 0.961 
359  ZFLTI04    (0)   :  0.016 0.010 0.003 0.005 0.006 0.961 
360  ZFLTI05    (0)   :  0.011 0.007 0.002 0.004 0.003 0.972 
361  ZFLTI06    (0)   :  0.206 0.007 0.002 0.004 0.004 0.776 
362  ZFLTI07    (0)   :  0.024 0.008 0.002 0.005 0.005 0.956 
363  ZFLTI08    (0)   :  0.010 0.007 0.002 0.006 0.005 0.970 
364  ZFLTI09    (0)   :  0.033 0.007 0.003 0.007 0.004 0.946 
365  ZFLTI10    (0)   :  0.062 0.017 0.002 0.005 0.005 0.909 
366  ZFLTI11    (0)   :  0.180 0.006 0.003 0.004 0.004 0.803 
367  ZFLTI12    (0)   :  0.123 0.016 0.002 0.004 0.004 0.850 
368  ZFLTI13    (0)   :  0.012 0.014 0.002 0.004 0.005 0.963 
369  ZFLTI14    (0)   :  0.011 0.028 0.002 0.004 0.005 0.950 
370 ZFONF101    (0)   :  0.984 0.002 0.003 0.003 0.003 0.005 
371 ZFONF102    (0)   :  0.972 0.003 0.010 0.005 0.006 0.005 
372 ZFONF103    (0)   :  0.715 0.014 0.003 0.005 0.007 0.255 
373 ZFONF104    (0)   :  0.983 0.004 0.002 0.002 0.002 0.006 
374 ZFONF105    (0)   :  0.974 0.005 0.003 0.003 0.004 0.012 
375 ZFONF106    (0)   :  0.980 0.004 0.002 0.005 0.003 0.006 
376 ZFONF107    (0)   :  0.746 0.028 0.092 0.029 0.023 0.082 
377 ZFONF108    (0)   :  0.860 0.030 0.018 0.008 0.010 0.074 
378 ZFONF109    (9)   :  0.945 0.020 0.010 0.005 0.005 0.015 
379 ZFONF110    (0)   :  0.980 0.005 0.002 0.002 0.003 0.008 
380 ZFONF111    (0)   :  0.911 0.011 0.017 0.015 0.026 0.021 
381 ZFONF112    (0)   :  0.978 0.005 0.002 0.003 0.003 0.009 
382 ZFONF113    (9)   :  0.964 0.007 0.005 0.003 0.006 0.015 
383 ZFONF115    (0)   :  0.967 0.008 0.003 0.005 0.004 0.012 
384 ZFONF116    (0)   :  0.967 0.007 0.003 0.006 0.005 0.012 
385 ZFONF117    (0)   :  0.574 0.009 0.004 0.004 0.005 0.405 
386 ZFONF118    (0)   :  0.953 0.010 0.002 0.007 0.004 0.024 
387 ZFONF119    (0)   :  0.972 0.009 0.007 0.004 0.004 0.005 
388 ZFONF120    (0)   :  0.963 0.017 0.006 0.003 0.005 0.006 
389 ZFONF121    (0)   :  0.976 0.005 0.004 0.004 0.004 0.008 
390 ZFONF122    (0)   :  0.687 0.029 0.003 0.008 0.008 0.265 
391 ZFONF123    (0)   :  0.908 0.006 0.068 0.006 0.007 0.005 
392 ZFONF124    (0)   :  0.963 0.010 0.011 0.003 0.005 0.008 
393 ZFONF125    (0)   :  0.864 0.028 0.068 0.006 0.019 0.015 
394 ZFONF126    (0)   :  0.945 0.016 0.002 0.006 0.007 0.024 
395 ZFONF201    (0)   :  0.781 0.064 0.072 0.052 0.025 0.006 
396 ZFONF202    (0)   :  0.979 0.008 0.002 0.003 0.003 0.006 
397 ZFONF203    (0)   :  0.970 0.007 0.003 0.004 0.011 0.005 
398 ZFONF204    (0)   :  0.792 0.114 0.020 0.014 0.047 0.014 
399 ZFONF206    (0)   :  0.730 0.012 0.036 0.018 0.199 0.006 
400 ZFONF207    (0)   :  0.968 0.007 0.006 0.004 0.009 0.006 
401 ZFONF208    (0)   :  0.959 0.015 0.005 0.004 0.007 0.010 
402 ZFONF209    (0)   :  0.801 0.142 0.015 0.013 0.014 0.015 
403 ZFONF210    (0)   :  0.972 0.008 0.002 0.003 0.003 0.012 
404 ZFONF211    (0)   :  0.960 0.012 0.005 0.003 0.005 0.015 
405 ZFONF212    (0)   :  0.981 0.003 0.002 0.002 0.003 0.008 
406 ZFONF214    (0)   :  0.974 0.010 0.004 0.003 0.004 0.005 
407 ZFONF215    (0)   :  0.981 0.005 0.002 0.003 0.003 0.006 
408 ZFONF216    (0)   :  0.974 0.006 0.003 0.002 0.004 0.011 
409 ZFONF217    (0)   :  0.977 0.007 0.004 0.003 0.003 0.006 
410 ZFONF218    (0)   :  0.944 0.004 0.014 0.005 0.023 0.010 
411 ZFONF219    (0)   :  0.984 0.003 0.002 0.002 0.004 0.004 
412 ZFONF220    (0)   :  0.976 0.009 0.003 0.003 0.004 0.006 
413 ZFONF222    (0)   :  0.945 0.007 0.017 0.005 0.015 0.011 
414 ZFONF223    (0)   :  0.959 0.004 0.015 0.006 0.013 0.005 
415 ZFONF224    (0)   :  0.977 0.005 0.003 0.003 0.005 0.008 
416 ZFONF225    (0)   :  0.982 0.005 0.002 0.002 0.003 0.006 
417 ZFONF226    (0)   :  0.975 0.007 0.003 0.003 0.005 0.007 
418 ZFONF227    (0)   :  0.983 0.004 0.002 0.002 0.003 0.007 
419 ZFONF228    (0)   :  0.973 0.003 0.002 0.003 0.004 0.015 
420 ZFONF230    (0)   :  0.982 0.005 0.002 0.002 0.003 0.006 
421 ZFONF231    (0)   :  0.965 0.015 0.003 0.002 0.004 0.011 
422 ZFONF232    (0)   :  0.982 0.003 0.002 0.002 0.004 0.005 
423 ZFONF233    (0)   :  0.974 0.009 0.003 0.002 0.005 0.007 
424 ZFONF234    (0)   :  0.946 0.010 0.006 0.002 0.015 0.021 
425 ZFONF235    (0)   :  0.976 0.007 0.002 0.002 0.005 0.008 
426 ZFONF236    (0)   :  0.877 0.034 0.014 0.017 0.032 0.026 
427 ZFONF238    (0)   :  0.975 0.005 0.002 0.003 0.008 0.006 
428 ZFONF239    (0)   :  0.890 0.045 0.013 0.019 0.024 0.008 
429 ZFONF240    (0)   :  0.968 0.012 0.002 0.002 0.003 0.013 
430 ZFONF241    (0)   :  0.972 0.004 0.003 0.004 0.010 0.007 
431 ZFONF242    (0)   :  0.974 0.009 0.002 0.003 0.005 0.007 
432 ZFONF243    (0)   :  0.957 0.008 0.003 0.003 0.004 0.025 
433 ZFONF244    (0)   :  0.979 0.006 0.003 0.002 0.003 0.007 
434 ZFONF245    (0)   :  0.951 0.009 0.002 0.002 0.005 0.031 
435   ZFOS01    (0)   :  0.018 0.950 0.003 0.003 0.005 0.020 
436   ZFOS02    (0)   :  0.029 0.906 0.005 0.023 0.011 0.026 
437   ZFOS03    (0)   :  0.009 0.916 0.051 0.009 0.008 0.007 
438   ZFOS04    (0)   :  0.054 0.858 0.004 0.014 0.007 0.062 
439   ZFOS05    (0)   :  0.030 0.928 0.003 0.006 0.007 0.026 
440   ZFOS06    (0)   :  0.015 0.943 0.006 0.006 0.009 0.022 
441   ZFOS07    (0)   :  0.005 0.968 0.003 0.015 0.004 0.005 
442   ZFOS08    (0)   :  0.013 0.946 0.003 0.016 0.005 0.017 
443   ZFOS09    (0)   :  0.066 0.843 0.016 0.018 0.020 0.037 
444   ZFOS10    (0)   :  0.003 0.949 0.011 0.021 0.010 0.006 
445   ZFOS11    (0)   :  0.012 0.699 0.005 0.022 0.081 0.182 
446   ZFOS12    (0)   :  0.017 0.636 0.018 0.050 0.238 0.040 
447   ZFOS13    (0)   :  0.010 0.953 0.003 0.011 0.010 0.013 
448   ZFOS14    (0)   :  0.010 0.748 0.009 0.108 0.037 0.088 
449   ZFOS15    (0)   :  0.003 0.979 0.003 0.005 0.005 0.004 
450   ZFOS16    (0)   :  0.028 0.909 0.008 0.012 0.009 0.034 
451   ZFOS17    (0)   :  0.004 0.969 0.005 0.008 0.007 0.006 
452   ZFOS18    (0)   :  0.004 0.965 0.007 0.007 0.008 0.009 
453   ZFOS19    (0)   :  0.004 0.978 0.004 0.004 0.006 0.005 
454   ZFOS20    (0)   :  0.007 0.969 0.005 0.007 0.006 0.006 
455   ZFOS21    (0)   :  0.013 0.951 0.005 0.006 0.004 0.020 
456   ZFOS22    (0)   :  0.006 0.969 0.005 0.003 0.007 0.010 
457   ZFOS23    (0)   :  0.003 0.765 0.013 0.184 0.032 0.004 
458   ZFOS24    (0)   :  0.003 0.976 0.003 0.004 0.005 0.009 
459   ZFOS25    (0)   :  0.038 0.411 0.007 0.018 0.024 0.503 
460   ZFOS26    (0)   :  0.078 0.522 0.005 0.015 0.017 0.363 
461   ZFOS27    (0)   :  0.021 0.940 0.009 0.006 0.005 0.019 
462   ZFOS28    (0)   :  0.008 0.947 0.009 0.014 0.009 0.012 
463   ZFOS29    (0)   :  0.009 0.956 0.010 0.009 0.005 0.011 
464   ZFOS30    (0)   :  0.009 0.972 0.003 0.005 0.004 0.006 
465   ZFOS31    (0)   :  0.028 0.884 0.004 0.040 0.031 0.013 
466   ZFOS32    (0)   :  0.020 0.938 0.005 0.010 0.008 0.019 
467   ZFPB01    (0)   :  0.002 0.004 0.983 0.005 0.004 0.003 
468   ZFPB02    (0)   :  0.004 0.003 0.984 0.002 0.004 0.003 
469   ZFPB03    (0)   :  0.003 0.004 0.983 0.003 0.003 0.004 
470   ZFPB05    (0)   :  0.003 0.002 0.987 0.002 0.003 0.003 
471   ZFPB06    (0)   :  0.003 0.004 0.983 0.004 0.004 0.003 
472   ZFPB07    (0)   :  0.004 0.003 0.986 0.002 0.003 0.003 
473   ZFPB08    (0)   :  0.004 0.004 0.982 0.003 0.003 0.004 
474   ZFPB10    (0)   :  0.002 0.003 0.985 0.003 0.003 0.004 
475   ZFPB11    (0)   :  0.002 0.003 0.986 0.003 0.004 0.002 
476   ZFPB12    (0)   :  0.003 0.003 0.985 0.003 0.004 0.003 
477   ZFPB13    (0)   :  0.003 0.002 0.986 0.003 0.003 0.003 
478   ZFPB14    (0)   :  0.004 0.003 0.985 0.002 0.003 0.003 
479   ZFPB15    (0)   :  0.004 0.003 0.984 0.003 0.003 0.003 
480   ZFPB17    (0)   :  0.002 0.003 0.986 0.003 0.003 0.002 
481   ZFPB18    (0)   :  0.003 0.003 0.987 0.002 0.003 0.002 
482   ZFPB19    (0)   :  0.004 0.005 0.980 0.005 0.004 0.003 
483   ZFPB20    (0)   :  0.002 0.002 0.988 0.003 0.003 0.002 
484   ZFPB21    (0)   :  0.004 0.003 0.983 0.003 0.004 0.003 
485   ZFPB22    (0)   :  0.002 0.003 0.987 0.003 0.003 0.002 
486   ZFPB23    (0)   :  0.003 0.003 0.984 0.003 0.003 0.003 
487   ZFSF01    (0)   :  0.003 0.005 0.002 0.709 0.276 0.004 
488   ZFSF02    (0)   :  0.027 0.019 0.006 0.295 0.632 0.021 
489   ZFSF03    (0)   :  0.004 0.005 0.003 0.755 0.230 0.004 
490   ZFSF04    (0)   :  0.007 0.010 0.002 0.963 0.013 0.004 
491  ZFSW101    (0)   :  0.054 0.008 0.003 0.916 0.009 0.011 
492  ZFSW102    (0)   :  0.009 0.012 0.003 0.963 0.008 0.004 
493  ZFSW103    (0)   :  0.019 0.007 0.003 0.933 0.010 0.028 
494  ZFSW104    (9)   :  0.026 0.046 0.005 0.882 0.029 0.012 
495  ZFSW105    (0)   :  0.038 0.007 0.003 0.939 0.006 0.007 
496  ZFSW106    (0)   :  0.044 0.006 0.007 0.835 0.094 0.014 
497  ZFSW107    (0)   :  0.007 0.006 0.005 0.974 0.005 0.004 
498  ZFSW108    (0)   :  0.003 0.005 0.004 0.975 0.009 0.003 
499  ZFSW109    (0)   :  0.007 0.007 0.003 0.973 0.004 0.006 
500  ZFSW110    (0)   :  0.026 0.006 0.004 0.942 0.009 0.013 
501  ZFSW111    (0)   :  0.120 0.029 0.003 0.830 0.009 0.010 
502  ZFSW112    (0)   :  0.021 0.074 0.004 0.887 0.007 0.007 
503  ZFSW113    (0)   :  0.039 0.012 0.003 0.881 0.048 0.017 
504  ZFSW114    (0)   :  0.009 0.009 0.002 0.966 0.009 0.004 
505  ZFSW115    (0)   :  0.013 0.009 0.002 0.844 0.126 0.005 
506  ZFSW116    (0)   :  0.027 0.008 0.008 0.933 0.016 0.008 
507  ZFSW117    (0)   :  0.048 0.009 0.006 0.907 0.016 0.015 
508  ZFSW119    (0)   :  0.003 0.016 0.003 0.960 0.014 0.003 
509  ZFSW120    (0)   :  0.002 0.005 0.003 0.965 0.022 0.002 
510  ZFSW121    (0)   :  0.039 0.036 0.005 0.832 0.079 0.008 
511  ZFSW122    (0)   :  0.009 0.006 0.003 0.969 0.005 0.008 
512  ZFSW123    (0)   :  0.003 0.004 0.003 0.982 0.004 0.003 
513  ZFSW124    (0)   :  0.005 0.010 0.003 0.973 0.006 0.004 
514  ZFSW201    (0)   :  0.003 0.006 0.006 0.974 0.007 0.004 
515  ZFSW202    (0)   :  0.004 0.006 0.004 0.976 0.006 0.004 
516  ZFSW203    (0)   :  0.004 0.009 0.004 0.974 0.006 0.003 
517  ZFSW204    (0)   :  0.004 0.012 0.005 0.966 0.009 0.004 
518  ZFSW205    (0)   :  0.004 0.006 0.003 0.973 0.007 0.007 
519  ZFSW206    (0)   :  0.005 0.004 0.003 0.964 0.018 0.005 
520  ZFSW207    (0)   :  0.008 0.004 0.003 0.971 0.006 0.007 
521  ZFSW208    (0)   :  0.005 0.006 0.003 0.962 0.020 0.004 
522  ZFSW209    (0)   :  0.007 0.006 0.004 0.871 0.107 0.005 
523  ZFSW210    (0)   :  0.015 0.008 0.003 0.941 0.009 0.024 
524  ZFSW211    (0)   :  0.006 0.007 0.003 0.919 0.051 0.014 
525  ZFSW212    (0)   :  0.005 0.007 0.003 0.970 0.009 0.006 
526  ZFSW213    (0)   :  0.005 0.010 0.003 0.973 0.006 0.004 
527  ZFSW214    (0)   :  0.006 0.013 0.003 0.964 0.008 0.005 
528  ZFSW215    (0)   :  0.004 0.007 0.003 0.977 0.004 0.003 
529  ZFSW216    (0)   :  0.006 0.007 0.003 0.962 0.012 0.010 
530  ZFSW217    (0)   :  0.004 0.009 0.003 0.973 0.006 0.004 
531  ZFSW218    (0)   :  0.005 0.008 0.002 0.972 0.007 0.006 
532  ZFSW219    (0)   :  0.006 0.014 0.004 0.938 0.030 0.008 
533  ZFSW220    (0)   :  0.005 0.007 0.008 0.964 0.011 0.004 
534  ZFSW221    (0)   :  0.006 0.007 0.003 0.947 0.027 0.010 
535  ZFSW222    (0)   :  0.003 0.004 0.004 0.980 0.007 0.003 
536  ZFSW223    (0)   :  0.005 0.007 0.008 0.965 0.012 0.003 
537  ZFSW224    (0)   :  0.005 0.007 0.003 0.958 0.019 0.007 
538  ZFSW225    (0)   :  0.004 0.005 0.004 0.970 0.010 0.008 
539  ZFSW226    (0)   :  0.005 0.006 0.005 0.975 0.005 0.004 
540  ZFSW227    (0)   :  0.004 0.005 0.004 0.976 0.006 0.005 
541  ZFSW229    (0)   :  0.004 0.005 0.004 0.970 0.011 0.006 
542  ZFSW230    (0)   :  0.011 0.007 0.004 0.966 0.005 0.007 
543  ZFSW231    (0)   :  0.004 0.006 0.004 0.967 0.013 0.006 
544  ZFSW232    (0)   :  0.004 0.004 0.004 0.976 0.008 0.004 
545  ZFSW233    (0)   :  0.006 0.006 0.005 0.960 0.018 0.005 
546  ZFSW234    (0)   :  0.003 0.006 0.004 0.980 0.005 0.003 
547  ZFSW235    (0)   :  0.005 0.011 0.005 0.963 0.011 0.006 
548  ZFSW236    (0)   :  0.005 0.008 0.002 0.976 0.005 0.004 
549  ZFSW237    (0)   :  0.005 0.016 0.003 0.955 0.017 0.004 
550  ZFSW238    (0)   :  0.029 0.094 0.010 0.731 0.126 0.011 
551  ZFSW239    (0)   :  0.007 0.004 0.004 0.976 0.004 0.005 
552  ZFSW240    (0)   :  0.003 0.005 0.004 0.977 0.007 0.005 
553   ZFTS01    (0)   :  0.005 0.004 0.024 0.954 0.010 0.004 
554   ZFTS02    (0)   :  0.008 0.007 0.006 0.967 0.008 0.005 
555   ZFTS03    (0)   :  0.004 0.006 0.006 0.973 0.007 0.004 
556   ZFTS04    (0)   :  0.004 0.006 0.028 0.949 0.010 0.003 
557   ZFTS05    (0)   :  0.005 0.013 0.232 0.723 0.022 0.005 
558   ZFTS07    (0)   :  0.004 0.005 0.153 0.807 0.028 0.003 
559   ZFTS08    (0)   :  0.003 0.005 0.013 0.968 0.009 0.003 
560   ZFTS09    (0)   :  0.003 0.004 0.034 0.946 0.011 0.003 
561   ZFTS10    (0)   :  0.004 0.005 0.006 0.975 0.007 0.004 
562   ZFTS11    (0)   :  0.004 0.004 0.011 0.966 0.011 0.004 
563   ZFTS12    (0)   :  0.004 0.011 0.061 0.910 0.011 0.003 
564   ZFTS14    (0)   :  0.005 0.005 0.079 0.882 0.025 0.004 
565   ZFTS15    (0)   :  0.007 0.004 0.040 0.908 0.036 0.005 
566   ZFTS16    (0)   :  0.006 0.006 0.008 0.969 0.006 0.005 
567   ZFTS17    (9)   :  0.004 0.008 0.045 0.923 0.015 0.005 
568   ZFTS18    (0)   :  0.003 0.006 0.007 0.977 0.005 0.003 
569   ZFTS19    (9)   :  0.003 0.005 0.011 0.973 0.005 0.003 
570   ZFTS20    (0)   :  0.003 0.007 0.018 0.958 0.010 0.004 
571   ZFTS21    (0)   :  0.003 0.005 0.028 0.947 0.014 0.003 
572   ZFTS22    (0)   :  0.003 0.005 0.024 0.950 0.014 0.003 
573   ZFTS23    (0)   :  0.006 0.009 0.029 0.940 0.012 0.004 
574   ZFTS24    (0)   :  0.003 0.008 0.012 0.968 0.005 0.003 
575   ZFTS25    (0)   :  0.006 0.003 0.018 0.942 0.024 0.006 
576   ZFTS26    (0)   :  0.003 0.003 0.005 0.982 0.004 0.003 
577   ZFTS27    (0)   :  0.006 0.008 0.146 0.826 0.010 0.004 
578   ZFTS28    (0)   :  0.014 0.026 0.193 0.693 0.066 0.007 
579   ZFTS29    (0)   :  0.002 0.006 0.077 0.898 0.013 0.003 
580   ZFTS30    (0)   :  0.003 0.006 0.066 0.903 0.018 0.003 
581   ZFTS31    (0)   :  0.005 0.017 0.076 0.890 0.009 0.004 
582   ZFTS32    (0)   :  0.005 0.008 0.022 0.946 0.015 0.004 
583   ZFTS33    (0)   :  0.007 0.006 0.018 0.941 0.022 0.007 
584   ZFTS34    (0)   :  0.006 0.004 0.011 0.967 0.009 0.004 
585   ZFTS35    (0)   :  0.005 0.005 0.003 0.976 0.007 0.004 
586   ZFTS36    (0)   :  0.005 0.005 0.029 0.945 0.012 0.004 
587   ZFTS37    (0)   :  0.004 0.008 0.009 0.968 0.007 0.004 
588   ZFTS38    (0)   :  0.004 0.008 0.015 0.952 0.017 0.004 
589   ZFTS39    (0)   :  0.004 0.005 0.020 0.959 0.009 0.004 
590   ZFTS40    (0)   :  0.015 0.011 0.032 0.898 0.037 0.008 
591 ZFTSP101    (0)   :  0.072 0.008 0.003 0.004 0.004 0.909 
592 ZFTSP102    (0)   :  0.006 0.007 0.002 0.005 0.006 0.975 
593 ZFTSP103    (0)   :  0.006 0.010 0.002 0.003 0.004 0.975 
594 ZFTSP104    (0)   :  0.028 0.004 0.003 0.002 0.004 0.959 
595 ZFTSP105    (0)   :  0.007 0.006 0.003 0.003 0.004 0.977 
596 ZFTSP106    (0)   :  0.934 0.006 0.006 0.005 0.010 0.039 
597 ZFTSP107    (0)   :  0.012 0.008 0.003 0.003 0.008 0.966 
598 ZFTSP108    (0)   :  0.696 0.012 0.007 0.003 0.012 0.269 
599 ZFTSP109    (0)   :  0.246 0.010 0.003 0.004 0.034 0.703 
600 ZFTSP110    (0)   :  0.135 0.009 0.004 0.003 0.009 0.839 
601 ZFTSP111    (0)   :  0.020 0.005 0.003 0.003 0.004 0.966 
602 ZFTSP112    (0)   :  0.021 0.013 0.009 0.005 0.007 0.944 
603 ZFTSP113    (0)   :  0.038 0.007 0.004 0.003 0.012 0.937 
604 ZFTSP114    (0)   :  0.009 0.005 0.004 0.002 0.005 0.975 
605 ZFTSP115    (0)   :  0.114 0.024 0.008 0.005 0.008 0.841 
606 ZFTSP116    (0)   :  0.015 0.006 0.002 0.003 0.005 0.967 
607 ZFTSP117    (0)   :  0.013 0.003 0.003 0.003 0.003 0.975 
