

----------------------------------------------------
STRUCTURE by Pritchard, Stephens and Donnelly (2000)
     and Falush, Stephens and Pritchard (2003)
       Code by Pritchard, Falush and Hubisz
             Version 2.3.4 (Jul 2012)
----------------------------------------------------



Command line arguments:   bin\structure -m C:\Users\eschumacher\Documents\GitHub\GCC_QUAC_ZAIN\Data_Files\Structure_Files\ZAIN\ZAIN_wild_rebinned_nopopinfo\50-50\mainparams -e C:\Users\eschumacher\Documents\GitHub\GCC_QUAC_ZAIN\Data_Files\Structure_Files\ZAIN\ZAIN_wild_rebinned_nopopinfo\50-50\extraparams 
Input File:    C:\Users\eschumacher\Documents\GitHub\GCC_QUAC_ZAIN\Data_Files\Structure_Files\ZAIN\ZAIN_wild_rebinned_nopopinfo\project_data

Run parameters:
   751 individuals
   11 loci
   10 populations assumed
   50000 Burn-in period
   50000 Reps


--------------------------------------------
Overall proportion of membership of the
sample in each of the 10 clusters

Inferred Clusters
  1      2      3      4      5      6      7      8      9     10    
0.062  0.085  0.142  0.067  0.111  0.112  0.053  0.100  0.072  0.196  

--------------------------------------------

Allele-freq. divergence among pops (Net nucleotide distance),
computed using point estimates of P.

      1       2       3       4       5       6       7       8       9      10      
 1      -    0.1582  0.2973  0.3463  0.1277  0.2235  0.2129  0.1412  0.2122  0.2850  
 2   0.1582     -    0.2461  0.3598  0.1060  0.1628  0.3427  0.0889  0.1811  0.2495  
 3   0.2973  0.2461     -    0.1751  0.1405  0.1242  0.3676  0.2447  0.1463  0.1084  
 4   0.3463  0.3598  0.1751     -    0.2513  0.1832  0.4449  0.3585  0.1731  0.1087  
 5   0.1277  0.1060  0.1405  0.2513     -    0.1078  0.1790  0.1194  0.0971  0.1736  
 6   0.2235  0.1628  0.1242  0.1832  0.1078     -    0.3044  0.1920  0.1436  0.1683  
 7   0.2129  0.3427  0.3676  0.4449  0.1790  0.3044     -    0.2982  0.3484  0.3615  
 8   0.1412  0.0889  0.2447  0.3585  0.1194  0.1920  0.2982     -    0.2021  0.2396  
 9   0.2122  0.1811  0.1463  0.1731  0.0971  0.1436  0.3484  0.2021     -    0.1547  
10   0.2850  0.2495  0.1084  0.1087  0.1736  0.1683  0.3615  0.2396  0.1547     -    

Average distances (expected heterozygosity) between individuals in same cluster:
cluster  1  : 0.3863 
cluster  2  : 0.3540 
cluster  3  : 0.3944 
cluster  4  : 0.3651 
cluster  5  : 0.5654 
cluster  6  : 0.4293 
cluster  7  : 0.2652 
cluster  8  : 0.4829 
cluster  9  : 0.4317 
cluster 10  : 0.4101 

--------------------------------------------
Estimated Ln Prob of Data   = -13500.8
Mean value of ln likelihood = -13096.6
Variance of ln likelihood   = 808.4
Mean value of alpha         = 0.0318

Mean value of Fst_1         = 0.5371
Mean value of Fst_2         = 0.4423
Mean value of Fst_3         = 0.4976
Mean value of Fst_4         = 0.4561
Mean value of Fst_5         = 0.1018
Mean value of Fst_6         = 0.4138
Mean value of Fst_7         = 0.6133
Mean value of Fst_8         = 0.4098
Mean value of Fst_9         = 0.3478
Mean value of Fst_10         = 0.3814


Inferred ancestry of individuals:
        Label (%Miss) :  Inferred clusters
  1    ZFB01    (0)   :  0.007 0.009 0.003 0.003 0.003 0.004 0.005 0.961 0.003 0.004 
  2    ZFB02    (0)   :  0.059 0.012 0.002 0.003 0.008 0.010 0.012 0.886 0.005 0.004 
  3    ZFB03    (0)   :  0.007 0.022 0.018 0.002 0.020 0.007 0.003 0.897 0.011 0.011 
  4    ZFB04    (0)   :  0.037 0.007 0.002 0.002 0.005 0.005 0.011 0.923 0.003 0.004 
  5    ZFB05    (0)   :  0.061 0.013 0.007 0.010 0.041 0.012 0.097 0.731 0.026 0.003 
  6    ZFB06    (0)   :  0.028 0.009 0.007 0.011 0.034 0.009 0.072 0.807 0.021 0.002 
  7    ZFB07    (9)   :  0.006 0.089 0.006 0.006 0.042 0.004 0.015 0.811 0.014 0.007 
  8    ZFB08    (0)   :  0.012 0.022 0.006 0.006 0.006 0.008 0.003 0.910 0.019 0.007 
  9    ZFB09    (0)   :  0.005 0.007 0.003 0.002 0.003 0.004 0.003 0.967 0.004 0.003 
 10    ZFB10    (0)   :  0.007 0.004 0.004 0.005 0.004 0.005 0.004 0.950 0.005 0.012 
 11    ZFB11    (0)   :  0.006 0.005 0.002 0.003 0.003 0.004 0.012 0.958 0.003 0.004 
 12    ZFB12    (0)   :  0.022 0.005 0.005 0.003 0.010 0.004 0.022 0.903 0.019 0.007 
 13    ZFB13    (0)   :  0.016 0.008 0.006 0.006 0.007 0.005 0.003 0.928 0.012 0.009 
 14    ZFB14    (0)   :  0.004 0.008 0.003 0.003 0.004 0.005 0.003 0.963 0.004 0.004 
 15    ZFB15    (0)   :  0.010 0.007 0.002 0.002 0.004 0.003 0.006 0.961 0.003 0.002 
 16    ZFB16    (0)   :  0.017 0.006 0.004 0.004 0.005 0.004 0.005 0.944 0.007 0.006 
 17    ZFB17    (0)   :  0.010 0.006 0.005 0.010 0.010 0.018 0.026 0.876 0.029 0.008 
 18    ZFB18    (0)   :  0.003 0.005 0.002 0.002 0.003 0.003 0.003 0.971 0.003 0.003 
 19    ZFB19    (0)   :  0.011 0.065 0.016 0.012 0.077 0.005 0.006 0.703 0.063 0.044 
 20    ZFB20    (0)   :  0.027 0.006 0.004 0.004 0.006 0.004 0.016 0.920 0.008 0.006 
 21    ZFB21    (0)   :  0.008 0.006 0.003 0.002 0.006 0.003 0.006 0.961 0.003 0.002 
 22    ZFB22    (0)   :  0.019 0.005 0.006 0.010 0.009 0.007 0.023 0.902 0.011 0.008 
 23    ZFB23    (0)   :  0.006 0.004 0.003 0.002 0.003 0.004 0.015 0.957 0.003 0.004 
 24    ZFB24    (0)   :  0.009 0.005 0.003 0.003 0.004 0.004 0.017 0.948 0.003 0.005 
 25    ZFB25    (0)   :  0.003 0.004 0.004 0.003 0.003 0.004 0.005 0.963 0.003 0.009 
 26    ZFB26    (0)   :  0.008 0.004 0.004 0.003 0.005 0.005 0.027 0.932 0.003 0.008 
 27    ZFB27    (0)   :  0.007 0.005 0.003 0.002 0.004 0.004 0.057 0.913 0.002 0.004 
 28    ZFB28    (0)   :  0.014 0.005 0.005 0.003 0.023 0.009 0.127 0.798 0.011 0.005 
 29    ZFB29    (0)   :  0.009 0.005 0.002 0.002 0.004 0.005 0.008 0.959 0.003 0.003 
 30    ZFB30    (0)   :  0.008 0.017 0.006 0.011 0.051 0.003 0.235 0.652 0.013 0.004 
 31    ZFB31    (0)   :  0.004 0.007 0.004 0.003 0.004 0.004 0.006 0.955 0.003 0.009 
 32    ZFB32    (0)   :  0.018 0.008 0.008 0.004 0.024 0.026 0.062 0.809 0.029 0.011 
 33    ZFB33    (0)   :  0.009 0.005 0.002 0.002 0.004 0.003 0.005 0.965 0.003 0.003 
 34    ZFB34    (0)   :  0.005 0.018 0.003 0.003 0.005 0.006 0.003 0.950 0.004 0.003 
 35    ZFB35    (0)   :  0.010 0.012 0.004 0.003 0.004 0.005 0.005 0.946 0.004 0.005 
 36  ZFBP101    (0)   :  0.013 0.006 0.126 0.053 0.010 0.142 0.003 0.012 0.017 0.618 
 37  ZFBP102    (0)   :  0.020 0.006 0.021 0.013 0.014 0.015 0.003 0.015 0.009 0.883 
 38  ZFBP103    (0)   :  0.010 0.004 0.326 0.015 0.010 0.238 0.003 0.010 0.009 0.375 
 39  ZFBP104    (0)   :  0.011 0.028 0.056 0.007 0.015 0.004 0.003 0.017 0.037 0.823 
 40  ZFBP105    (0)   :  0.004 0.006 0.025 0.005 0.005 0.005 0.004 0.005 0.007 0.934 
 41  ZFBP106    (0)   :  0.003 0.003 0.035 0.009 0.003 0.007 0.003 0.003 0.005 0.928 
 42  ZFBP107    (0)   :  0.006 0.005 0.066 0.004 0.012 0.008 0.023 0.006 0.007 0.864 
 43  ZFBP108    (0)   :  0.003 0.004 0.007 0.004 0.003 0.003 0.003 0.003 0.003 0.968 
 44  ZFBP109    (0)   :  0.002 0.005 0.006 0.006 0.005 0.004 0.002 0.003 0.005 0.962 
 45  ZFBP110    (0)   :  0.011 0.013 0.196 0.005 0.041 0.034 0.003 0.061 0.014 0.623 
 46  ZFBP111    (0)   :  0.003 0.003 0.055 0.222 0.005 0.004 0.005 0.003 0.019 0.682 
 47  ZFBP112    (0)   :  0.004 0.004 0.012 0.043 0.004 0.012 0.006 0.003 0.007 0.905 
 48  ZFBP113    (0)   :  0.003 0.004 0.005 0.004 0.004 0.003 0.004 0.003 0.006 0.965 
 49  ZFBP114    (0)   :  0.004 0.004 0.013 0.006 0.006 0.006 0.010 0.003 0.003 0.946 
 50  ZFBP115    (0)   :  0.003 0.003 0.428 0.016 0.006 0.015 0.004 0.003 0.011 0.513 
 51  ZFBP116    (0)   :  0.003 0.003 0.009 0.006 0.004 0.004 0.004 0.002 0.007 0.957 
 52  ZFBP117    (0)   :  0.002 0.003 0.009 0.007 0.004 0.007 0.002 0.003 0.004 0.959 
 53  ZFBP118    (0)   :  0.004 0.003 0.011 0.007 0.005 0.005 0.011 0.003 0.003 0.947 
 54  ZFBP119    (0)   :  0.003 0.005 0.105 0.020 0.006 0.034 0.002 0.003 0.014 0.808 
 55  ZFBP120    (0)   :  0.004 0.006 0.027 0.005 0.006 0.004 0.005 0.005 0.007 0.930 
 56  ZFBP121    (0)   :  0.003 0.006 0.009 0.005 0.004 0.009 0.003 0.004 0.004 0.953 
 57  ZFBP122    (9)   :  0.004 0.004 0.011 0.011 0.003 0.005 0.003 0.003 0.007 0.949 
 58  ZFBP123    (0)   :  0.005 0.005 0.007 0.015 0.005 0.013 0.008 0.003 0.010 0.930 
 59  ZFBP124    (0)   :  0.004 0.007 0.006 0.004 0.004 0.005 0.004 0.004 0.004 0.959 
 60  ZFBP125    (0)   :  0.002 0.002 0.012 0.011 0.003 0.006 0.002 0.002 0.004 0.954 
 61  ZFBP126    (0)   :  0.016 0.005 0.006 0.005 0.015 0.023 0.003 0.011 0.020 0.895 
 62  ZFBP127    (0)   :  0.003 0.003 0.071 0.005 0.004 0.012 0.003 0.002 0.003 0.893 
 63  ZFBP128    (0)   :  0.002 0.004 0.016 0.021 0.002 0.012 0.002 0.004 0.004 0.932 
 64  ZFBP129    (0)   :  0.003 0.006 0.007 0.132 0.005 0.009 0.003 0.004 0.005 0.827 
 65  ZFBP130    (0)   :  0.002 0.002 0.016 0.044 0.003 0.019 0.003 0.002 0.007 0.900 
 66  ZFBP131    (0)   :  0.003 0.004 0.004 0.005 0.003 0.003 0.003 0.003 0.005 0.966 
 67  ZFBP132    (0)   :  0.002 0.003 0.009 0.003 0.003 0.004 0.003 0.004 0.003 0.966 
 68  ZFBP133    (0)   :  0.002 0.005 0.005 0.139 0.002 0.007 0.002 0.002 0.005 0.831 
 69  ZFBP134    (0)   :  0.003 0.003 0.166 0.013 0.004 0.041 0.003 0.004 0.012 0.751 
 70  ZFBP135    (0)   :  0.009 0.009 0.031 0.013 0.008 0.240 0.002 0.016 0.007 0.665 
 71  ZFBP136    (0)   :  0.005 0.003 0.057 0.046 0.005 0.117 0.009 0.003 0.008 0.747 
 72  ZFBP201    (0)   :  0.005 0.005 0.008 0.004 0.006 0.005 0.007 0.005 0.007 0.949 
 73  ZFBP202    (0)   :  0.003 0.007 0.013 0.007 0.004 0.004 0.003 0.004 0.005 0.949 
 74  ZFBP203    (0)   :  0.021 0.006 0.007 0.019 0.022 0.006 0.056 0.005 0.024 0.836 
 75  ZFBP204    (0)   :  0.004 0.004 0.063 0.019 0.006 0.018 0.005 0.004 0.008 0.869 
 76  ZFBP205    (0)   :  0.004 0.004 0.004 0.011 0.004 0.007 0.005 0.002 0.006 0.954 
 77  ZFBP206    (0)   :  0.006 0.009 0.006 0.047 0.004 0.013 0.007 0.003 0.010 0.895 
 78  ZFBP207    (0)   :  0.003 0.004 0.185 0.009 0.004 0.012 0.004 0.004 0.005 0.770 
 79  ZFBP208    (0)   :  0.006 0.004 0.005 0.008 0.007 0.006 0.012 0.002 0.013 0.936 
 80  ZFBP209    (0)   :  0.002 0.003 0.004 0.062 0.003 0.007 0.002 0.002 0.005 0.910 
 81  ZFBP210    (0)   :  0.005 0.004 0.009 0.010 0.005 0.005 0.010 0.004 0.010 0.939 
 82  ZFBP211    (0)   :  0.004 0.006 0.009 0.005 0.004 0.005 0.003 0.005 0.005 0.956 
 83  ZFBP212    (0)   :  0.003 0.004 0.041 0.005 0.003 0.003 0.003 0.007 0.003 0.927 
 84  ZFBP213    (0)   :  0.006 0.018 0.009 0.011 0.005 0.011 0.004 0.004 0.011 0.920 
 85  ZFBP214    (0)   :  0.004 0.018 0.033 0.087 0.008 0.048 0.004 0.007 0.038 0.754 
 86  ZFBP215    (0)   :  0.003 0.004 0.006 0.007 0.003 0.005 0.002 0.003 0.004 0.964 
 87  ZFBP216    (0)   :  0.006 0.005 0.008 0.005 0.009 0.005 0.007 0.004 0.024 0.928 
 88  ZFBP217    (0)   :  0.003 0.006 0.067 0.230 0.007 0.008 0.005 0.007 0.024 0.643 
 89  ZFBP218    (0)   :  0.003 0.004 0.005 0.011 0.003 0.003 0.003 0.002 0.005 0.962 
 90  ZFBP219    (0)   :  0.003 0.003 0.006 0.004 0.004 0.003 0.004 0.003 0.006 0.964 
 91  ZFBP220    (0)   :  0.003 0.003 0.022 0.036 0.004 0.015 0.003 0.002 0.007 0.904 
 92  ZFBP221    (0)   :  0.002 0.003 0.018 0.006 0.003 0.003 0.004 0.004 0.006 0.951 
 93  ZFBP222    (0)   :  0.004 0.005 0.003 0.009 0.004 0.007 0.005 0.004 0.007 0.953 
 94  ZFBP223    (0)   :  0.004 0.005 0.151 0.009 0.008 0.009 0.007 0.010 0.005 0.793 
 95  ZFBP224    (0)   :  0.004 0.008 0.007 0.005 0.006 0.006 0.004 0.003 0.006 0.951 
 96  ZFBP225    (0)   :  0.005 0.003 0.121 0.363 0.012 0.012 0.012 0.003 0.019 0.450 
 97  ZFBP226    (0)   :  0.004 0.003 0.006 0.004 0.004 0.004 0.005 0.003 0.005 0.962 
 98  ZFBP227    (0)   :  0.011 0.018 0.043 0.007 0.031 0.006 0.004 0.009 0.149 0.721 
 99  ZFBP228    (0)   :  0.003 0.005 0.137 0.007 0.004 0.016 0.002 0.004 0.004 0.817 
100  ZFBP229    (0)   :  0.002 0.003 0.006 0.015 0.004 0.006 0.003 0.003 0.006 0.953 
101  ZFBP230    (0)   :  0.003 0.004 0.027 0.032 0.004 0.025 0.003 0.003 0.010 0.889 
102  ZFBP231    (0)   :  0.004 0.005 0.008 0.005 0.005 0.005 0.004 0.004 0.005 0.955 
103  ZFBP232    (0)   :  0.003 0.003 0.005 0.008 0.003 0.005 0.003 0.003 0.004 0.965 
104  ZFBP233    (0)   :  0.004 0.007 0.010 0.014 0.005 0.006 0.004 0.004 0.010 0.937 
105   ZFCC01    (0)   :  0.006 0.016 0.004 0.004 0.004 0.950 0.004 0.005 0.004 0.004 
106   ZFCC03    (0)   :  0.003 0.009 0.005 0.005 0.004 0.962 0.003 0.003 0.003 0.004 
107   ZFCC04    (0)   :  0.004 0.007 0.005 0.005 0.004 0.961 0.003 0.003 0.004 0.004 
108   ZFCC05    (0)   :  0.004 0.011 0.008 0.006 0.005 0.947 0.004 0.004 0.006 0.005 
109   ZFCC08    (0)   :  0.003 0.011 0.007 0.014 0.003 0.944 0.002 0.002 0.005 0.010 
110   ZFCC09    (0)   :  0.004 0.012 0.006 0.003 0.003 0.958 0.003 0.004 0.003 0.003 
111   ZFCC10    (0)   :  0.004 0.046 0.003 0.004 0.004 0.924 0.003 0.004 0.004 0.005 
112   ZFCC11    (0)   :  0.003 0.012 0.006 0.004 0.004 0.956 0.003 0.004 0.004 0.004 
113   ZFCC12    (0)   :  0.110 0.019 0.007 0.005 0.012 0.822 0.004 0.007 0.007 0.006 
114   ZFCC13    (0)   :  0.004 0.004 0.012 0.007 0.005 0.936 0.010 0.003 0.010 0.008 
115   ZFCC14    (0)   :  0.004 0.010 0.004 0.008 0.005 0.947 0.005 0.006 0.003 0.008 
116   ZFCC15    (0)   :  0.006 0.006 0.005 0.004 0.005 0.952 0.005 0.004 0.009 0.004 
117   ZFCC16    (0)   :  0.006 0.006 0.003 0.004 0.005 0.961 0.003 0.004 0.005 0.003 
118   ZFCC17    (0)   :  0.009 0.005 0.004 0.003 0.005 0.957 0.006 0.005 0.004 0.003 
119   ZFCC18    (0)   :  0.004 0.009 0.006 0.005 0.004 0.958 0.003 0.003 0.004 0.004 
120   ZFCC19    (0)   :  0.006 0.003 0.003 0.003 0.006 0.957 0.007 0.004 0.008 0.003 
121   ZFCC20    (0)   :  0.004 0.004 0.007 0.006 0.004 0.961 0.002 0.003 0.005 0.004 
122   ZFCC21    (0)   :  0.004 0.007 0.006 0.032 0.007 0.863 0.007 0.005 0.044 0.027 
123   ZFCC22    (0)   :  0.004 0.013 0.021 0.041 0.004 0.742 0.005 0.003 0.007 0.160 
124   ZFCC26    (0)   :  0.005 0.005 0.004 0.004 0.004 0.965 0.003 0.004 0.004 0.003 
125   ZFCC27    (0)   :  0.003 0.005 0.005 0.004 0.003 0.968 0.003 0.003 0.004 0.003 
126   ZFCC29    (0)   :  0.006 0.006 0.006 0.005 0.005 0.949 0.003 0.008 0.009 0.004 
127   ZFCC30    (0)   :  0.003 0.004 0.006 0.005 0.003 0.967 0.003 0.002 0.004 0.003 
128   ZFCC32    (0)   :  0.007 0.007 0.006 0.006 0.006 0.947 0.005 0.003 0.009 0.004 
129   ZFCC33    (0)   :  0.004 0.005 0.005 0.003 0.006 0.958 0.004 0.006 0.004 0.004 
130   ZFCC34    (0)   :  0.017 0.015 0.043 0.016 0.005 0.834 0.007 0.018 0.006 0.040 
131   ZFCC35    (0)   :  0.002 0.005 0.004 0.004 0.003 0.969 0.003 0.002 0.003 0.004 
132   ZFCC36    (0)   :  0.007 0.004 0.005 0.009 0.005 0.929 0.014 0.004 0.015 0.008 
133   ZFCC37    (0)   :  0.076 0.038 0.008 0.005 0.013 0.831 0.004 0.008 0.008 0.009 
134   ZFCC40    (0)   :  0.004 0.008 0.003 0.004 0.003 0.957 0.008 0.004 0.003 0.006 
135   ZFCC42    (0)   :  0.229 0.009 0.057 0.010 0.038 0.440 0.163 0.042 0.007 0.006 
136   ZFCC44    (0)   :  0.003 0.003 0.005 0.003 0.003 0.970 0.005 0.003 0.003 0.003 
137   ZFCC45    (9)   :  0.011 0.017 0.006 0.004 0.012 0.920 0.013 0.006 0.007 0.005 
138   ZFCC46    (0)   :  0.003 0.003 0.013 0.020 0.003 0.938 0.004 0.003 0.006 0.008 
139   ZFCC47    (0)   :  0.049 0.030 0.005 0.007 0.005 0.886 0.003 0.005 0.005 0.005 
140   ZFCC48    (0)   :  0.003 0.006 0.005 0.030 0.004 0.917 0.004 0.004 0.010 0.018 
141   ZFCC50    (0)   :  0.005 0.005 0.003 0.004 0.003 0.966 0.003 0.004 0.004 0.003 
142   ZFCC51    (0)   :  0.003 0.005 0.005 0.003 0.003 0.968 0.002 0.003 0.003 0.003 
143   ZFCC52    (0)   :  0.006 0.004 0.006 0.010 0.004 0.948 0.005 0.004 0.005 0.008 
144   ZFCC53    (0)   :  0.004 0.005 0.004 0.003 0.003 0.969 0.003 0.004 0.003 0.003 
145  ZFCNS01    (0)   :  0.004 0.003 0.953 0.003 0.008 0.005 0.007 0.002 0.010 0.004 
146  ZFCNS02    (0)   :  0.003 0.004 0.965 0.005 0.003 0.008 0.002 0.003 0.003 0.004 
147  ZFCNS05    (0)   :  0.003 0.004 0.955 0.006 0.003 0.011 0.003 0.004 0.004 0.007 
148  ZFCNS06    (0)   :  0.003 0.003 0.961 0.006 0.003 0.009 0.003 0.004 0.004 0.005 
149  ZFCNS07    (0)   :  0.003 0.003 0.953 0.014 0.003 0.005 0.003 0.004 0.004 0.008 
150  ZFCNS10    (0)   :  0.002 0.003 0.971 0.005 0.003 0.004 0.003 0.003 0.003 0.004 
151  ZFCNS11    (0)   :  0.003 0.003 0.963 0.004 0.005 0.005 0.004 0.003 0.006 0.004 
152  ZFCNS15    (0)   :  0.003 0.004 0.958 0.005 0.004 0.004 0.002 0.004 0.004 0.013 
153  ZFCNS17    (0)   :  0.002 0.003 0.962 0.005 0.004 0.010 0.003 0.003 0.003 0.005 
154  ZFCNS18    (0)   :  0.003 0.003 0.969 0.004 0.003 0.006 0.003 0.003 0.003 0.005 
155  ZFCNS19    (0)   :  0.003 0.004 0.967 0.004 0.003 0.006 0.003 0.003 0.004 0.003 
156  ZFCNS20    (0)   :  0.003 0.003 0.953 0.012 0.003 0.006 0.003 0.003 0.004 0.010 
157  ZFCNS21    (0)   :  0.002 0.003 0.972 0.003 0.003 0.006 0.002 0.003 0.003 0.004 
158  ZFCNS22    (0)   :  0.003 0.004 0.955 0.006 0.004 0.006 0.002 0.005 0.004 0.011 
159  ZFCNS23    (0)   :  0.009 0.007 0.902 0.014 0.009 0.026 0.011 0.004 0.012 0.006 
160  ZFCNS24    (0)   :  0.003 0.003 0.955 0.005 0.003 0.018 0.002 0.003 0.003 0.005 
161  ZFCNS25    (0)   :  0.003 0.003 0.958 0.007 0.003 0.008 0.003 0.003 0.004 0.009 
162  ZFCNS26    (0)   :  0.003 0.004 0.968 0.004 0.003 0.003 0.002 0.004 0.003 0.005 
163  ZFCNS27    (0)   :  0.003 0.003 0.953 0.006 0.004 0.004 0.003 0.003 0.003 0.018 
164  ZFCNS28    (0)   :  0.003 0.004 0.964 0.005 0.003 0.007 0.002 0.004 0.003 0.004 
165  ZFCNS29    (0)   :  0.003 0.004 0.958 0.005 0.004 0.011 0.003 0.003 0.004 0.007 
166  ZFCNS30    (0)   :  0.003 0.004 0.964 0.003 0.003 0.007 0.002 0.004 0.004 0.004 
167  ZFCNS31    (0)   :  0.003 0.004 0.968 0.005 0.003 0.004 0.002 0.003 0.003 0.004 
168  ZFCNS32    (0)   :  0.003 0.004 0.965 0.004 0.003 0.006 0.002 0.004 0.004 0.004 
169  ZFCNS33    (0)   :  0.003 0.004 0.968 0.005 0.003 0.004 0.002 0.003 0.004 0.004 
170  ZFCNS34    (0)   :  0.003 0.004 0.950 0.005 0.004 0.019 0.002 0.003 0.004 0.005 
171  ZFCNS35    (0)   :  0.003 0.005 0.966 0.004 0.003 0.005 0.002 0.005 0.004 0.004 
172  ZFCNS36    (0)   :  0.003 0.003 0.935 0.007 0.003 0.034 0.002 0.003 0.004 0.005 
173  ZFCNS37    (0)   :  0.003 0.003 0.969 0.003 0.004 0.005 0.002 0.003 0.004 0.004 
174  ZFCNS39    (0)   :  0.002 0.003 0.968 0.006 0.003 0.006 0.002 0.002 0.004 0.004 
175  ZFCNS40    (0)   :  0.003 0.003 0.942 0.014 0.003 0.022 0.002 0.002 0.005 0.005 
176  ZFCNS41    (0)   :  0.004 0.005 0.945 0.004 0.006 0.008 0.004 0.005 0.009 0.010 
177  ZFCNS42    (0)   :  0.002 0.003 0.970 0.003 0.003 0.005 0.002 0.003 0.003 0.005 
178  ZFCNS43    (0)   :  0.003 0.003 0.969 0.003 0.003 0.008 0.002 0.003 0.003 0.003 
179  ZFCNS44    (0)   :  0.002 0.003 0.972 0.003 0.003 0.005 0.003 0.003 0.003 0.004 
180  ZFCNS46    (0)   :  0.003 0.004 0.966 0.004 0.004 0.006 0.003 0.003 0.003 0.005 
181  ZFCNS47    (0)   :  0.002 0.003 0.970 0.004 0.003 0.006 0.002 0.003 0.003 0.004 
182  ZFCNS48    (0)   :  0.003 0.003 0.966 0.005 0.003 0.005 0.003 0.003 0.004 0.006 
183  ZFCNS49    (0)   :  0.002 0.003 0.970 0.003 0.003 0.003 0.003 0.004 0.003 0.007 
184   ZFCR01    (0)   :  0.022 0.130 0.003 0.017 0.758 0.015 0.006 0.020 0.005 0.024 
185   ZFCR02    (0)   :  0.009 0.007 0.011 0.057 0.415 0.058 0.016 0.356 0.027 0.043 
186   ZFCR03    (0)   :  0.109 0.054 0.004 0.046 0.152 0.088 0.033 0.226 0.188 0.099 
187   ZFCR04    (0)   :  0.018 0.102 0.033 0.048 0.310 0.018 0.030 0.369 0.044 0.029 
188   ZFCR05    (0)   :  0.014 0.164 0.005 0.008 0.422 0.045 0.023 0.075 0.236 0.008 
189   ZFCR06    (0)   :  0.014 0.033 0.117 0.041 0.540 0.022 0.004 0.088 0.024 0.117 
190   ZFCR07    (0)   :  0.019 0.010 0.069 0.004 0.501 0.019 0.007 0.045 0.317 0.010 
191   ZFCR08    (0)   :  0.024 0.077 0.008 0.031 0.684 0.092 0.034 0.020 0.007 0.023 
192   ZFCR09    (0)   :  0.294 0.032 0.071 0.028 0.069 0.047 0.068 0.158 0.030 0.202 
193   ZFCR11    (0)   :  0.031 0.098 0.080 0.003 0.388 0.011 0.007 0.134 0.209 0.038 
194   ZFCR12    (0)   :  0.004 0.007 0.175 0.034 0.464 0.015 0.005 0.027 0.243 0.027 
195   ZFCR13    (0)   :  0.003 0.006 0.010 0.006 0.589 0.007 0.003 0.019 0.265 0.092 
196   ZFCR14    (0)   :  0.007 0.026 0.008 0.028 0.432 0.018 0.010 0.064 0.397 0.009 
197   ZFCR15    (0)   :  0.005 0.028 0.010 0.085 0.570 0.020 0.012 0.156 0.086 0.027 
198   ZFCR16    (0)   :  0.007 0.012 0.004 0.038 0.643 0.011 0.004 0.214 0.045 0.022 
199   ZFCR18    (0)   :  0.005 0.007 0.018 0.022 0.056 0.071 0.006 0.773 0.007 0.035 
200   ZFCR19    (0)   :  0.155 0.022 0.006 0.341 0.054 0.013 0.005 0.319 0.062 0.022 
201   ZFCR20    (0)   :  0.092 0.227 0.008 0.022 0.145 0.022 0.005 0.100 0.255 0.125 
202   ZFCR21    (0)   :  0.005 0.022 0.008 0.015 0.491 0.028 0.003 0.024 0.393 0.012 
203   ZFCR22    (0)   :  0.012 0.003 0.004 0.020 0.313 0.005 0.003 0.044 0.586 0.010 
204   ZFCR23    (0)   :  0.012 0.009 0.014 0.007 0.451 0.004 0.038 0.061 0.223 0.180 
205   ZFCR24    (9)   :  0.065 0.029 0.006 0.007 0.109 0.008 0.006 0.081 0.148 0.541 
206   ZFCR25    (0)   :  0.040 0.016 0.004 0.004 0.544 0.007 0.003 0.036 0.342 0.004 
207   ZFCR26    (0)   :  0.118 0.010 0.010 0.027 0.045 0.030 0.006 0.005 0.725 0.024 
208   ZFCR27    (9)   :  0.065 0.036 0.003 0.003 0.825 0.005 0.003 0.015 0.041 0.003 
209   ZFCR28    (0)   :  0.004 0.010 0.026 0.121 0.636 0.012 0.007 0.005 0.008 0.172 
210   ZFCR29    (0)   :  0.013 0.045 0.004 0.007 0.112 0.008 0.005 0.164 0.631 0.012 
211   ZFCR30    (0)   :  0.015 0.009 0.007 0.007 0.359 0.006 0.007 0.028 0.556 0.006 
212   ZFCR31    (0)   :  0.090 0.023 0.137 0.029 0.092 0.023 0.015 0.363 0.077 0.150 
213   ZFCR33    (0)   :  0.014 0.046 0.010 0.010 0.843 0.028 0.013 0.006 0.022 0.008 
214   ZFCR34    (0)   :  0.011 0.006 0.026 0.015 0.220 0.016 0.020 0.222 0.432 0.033 
215   ZFCR35    (0)   :  0.010 0.009 0.014 0.012 0.068 0.029 0.007 0.820 0.022 0.010 
216   ZFCR36    (0)   :  0.015 0.011 0.010 0.005 0.227 0.009 0.024 0.349 0.340 0.009 
217   ZFCR37    (0)   :  0.050 0.061 0.004 0.004 0.122 0.054 0.019 0.042 0.641 0.004 
218   ZFCR38    (0)   :  0.046 0.052 0.008 0.014 0.796 0.035 0.008 0.007 0.025 0.008 
219   ZFCR39    (0)   :  0.027 0.014 0.007 0.037 0.548 0.111 0.174 0.027 0.012 0.045 
220   ZFCR40    (0)   :  0.011 0.014 0.008 0.006 0.814 0.027 0.034 0.020 0.055 0.011 
221   ZFCR41    (0)   :  0.004 0.015 0.057 0.019 0.483 0.061 0.004 0.027 0.318 0.012 
222   ZFCR42    (0)   :  0.018 0.014 0.021 0.030 0.506 0.053 0.033 0.014 0.279 0.032 
223   ZFCR43    (0)   :  0.005 0.011 0.007 0.008 0.581 0.006 0.005 0.139 0.137 0.100 
224  ZFENP25    (0)   :  0.005 0.039 0.004 0.009 0.907 0.014 0.005 0.004 0.006 0.007 
225  ZFENP26    (0)   :  0.007 0.006 0.004 0.003 0.956 0.004 0.008 0.006 0.004 0.003 
226  ZFENP27    (0)   :  0.036 0.031 0.047 0.014 0.491 0.324 0.016 0.016 0.006 0.021 
227  ZFENP28    (0)   :  0.017 0.020 0.007 0.004 0.910 0.011 0.009 0.009 0.009 0.004 
228  ZFENP29    (0)   :  0.005 0.004 0.004 0.003 0.955 0.008 0.006 0.004 0.007 0.004 
229  ZFENP30    (0)   :  0.011 0.007 0.007 0.007 0.886 0.047 0.012 0.007 0.011 0.006 
230  ZFENP31    (0)   :  0.089 0.043 0.007 0.005 0.493 0.064 0.237 0.034 0.018 0.010 
231  ZFENP32    (0)   :  0.043 0.043 0.034 0.009 0.329 0.031 0.153 0.318 0.019 0.022 
232  ZFENP33    (0)   :  0.018 0.047 0.006 0.003 0.844 0.006 0.011 0.013 0.046 0.006 
233  ZFENP34    (0)   :  0.025 0.534 0.013 0.006 0.323 0.043 0.007 0.033 0.008 0.009 
234  ZFENP35    (0)   :  0.007 0.008 0.019 0.005 0.846 0.006 0.074 0.015 0.010 0.010 
235  ZFENP36    (0)   :  0.012 0.005 0.006 0.002 0.934 0.003 0.014 0.009 0.012 0.003 
236  ZFENP37    (0)   :  0.011 0.461 0.008 0.004 0.338 0.009 0.120 0.011 0.032 0.007 
237  ZFENP38    (0)   :  0.025 0.027 0.014 0.005 0.393 0.021 0.025 0.010 0.475 0.005 
238  ZFENP39    (0)   :  0.010 0.020 0.005 0.003 0.916 0.010 0.009 0.012 0.012 0.004 
239  ZFENP40    (0)   :  0.014 0.018 0.005 0.004 0.892 0.009 0.029 0.015 0.006 0.008 
240  ZFENP41    (0)   :  0.006 0.013 0.007 0.006 0.863 0.052 0.026 0.014 0.006 0.006 
241  ZFENP42    (0)   :  0.007 0.004 0.004 0.004 0.691 0.007 0.221 0.003 0.056 0.003 
242  ZFENP43    (0)   :  0.031 0.031 0.067 0.005 0.701 0.040 0.015 0.007 0.094 0.009 
243  ZFENP44    (0)   :  0.012 0.022 0.026 0.003 0.724 0.026 0.124 0.005 0.047 0.011 
244  ZFENP45    (0)   :  0.018 0.015 0.015 0.348 0.320 0.024 0.175 0.008 0.050 0.027 
245  ZFENP46    (0)   :  0.017 0.043 0.013 0.004 0.793 0.004 0.028 0.010 0.072 0.015 
246  ZFENP47    (0)   :  0.025 0.016 0.004 0.105 0.470 0.107 0.169 0.084 0.007 0.013 
247  ZFENP48    (0)   :  0.037 0.555 0.015 0.022 0.194 0.090 0.024 0.014 0.024 0.025 
248  ZFENP49    (0)   :  0.041 0.007 0.007 0.019 0.805 0.028 0.004 0.045 0.027 0.017 
249  ZFENP50    (0)   :  0.020 0.005 0.009 0.007 0.827 0.005 0.036 0.006 0.060 0.026 
250  ZFENP51    (0)   :  0.492 0.010 0.006 0.057 0.357 0.013 0.027 0.018 0.017 0.004 
251  ZFENP52    (0)   :  0.005 0.004 0.015 0.004 0.930 0.010 0.011 0.003 0.013 0.005 
252  ZFENP53    (0)   :  0.009 0.010 0.015 0.023 0.851 0.008 0.020 0.006 0.025 0.033 
253  ZFENP54    (0)   :  0.008 0.009 0.008 0.009 0.843 0.025 0.006 0.022 0.029 0.041 
254  ZFENP55    (0)   :  0.034 0.026 0.004 0.004 0.205 0.004 0.013 0.038 0.667 0.004 
255  ZFENP56    (0)   :  0.030 0.009 0.012 0.006 0.812 0.008 0.006 0.012 0.101 0.004 
256  ZFENP57    (0)   :  0.018 0.020 0.011 0.002 0.850 0.005 0.058 0.011 0.020 0.004 
257  ZFENP58    (0)   :  0.022 0.006 0.016 0.113 0.696 0.069 0.006 0.021 0.041 0.010 
258  ZFENP59    (0)   :  0.008 0.007 0.005 0.004 0.873 0.047 0.029 0.012 0.010 0.005 
259  ZFENP60    (0)   :  0.012 0.035 0.007 0.011 0.862 0.009 0.015 0.027 0.012 0.009 
260  ZFENP61    (0)   :  0.008 0.019 0.004 0.003 0.916 0.012 0.007 0.019 0.009 0.003 
261 ZFFDSP01    (0)   :  0.003 0.005 0.028 0.015 0.003 0.004 0.003 0.006 0.007 0.927 
262 ZFFDSP02    (0)   :  0.002 0.004 0.006 0.006 0.003 0.004 0.002 0.003 0.004 0.965 
263 ZFFDSP04    (0)   :  0.002 0.005 0.005 0.012 0.002 0.004 0.002 0.004 0.005 0.958 
264 ZFFDSP05    (0)   :  0.003 0.003 0.014 0.009 0.004 0.004 0.003 0.004 0.007 0.949 
265 ZFFDSP06    (0)   :  0.002 0.005 0.005 0.012 0.002 0.006 0.002 0.003 0.004 0.959 
266 ZFFDSP07    (0)   :  0.005 0.004 0.005 0.029 0.005 0.017 0.005 0.003 0.008 0.919 
267 ZFFDSP08    (0)   :  0.004 0.004 0.022 0.080 0.005 0.015 0.004 0.003 0.009 0.854 
268 ZFFDSP10    (0)   :  0.003 0.004 0.009 0.010 0.004 0.005 0.003 0.003 0.007 0.952 
269 ZFFDSP11    (0)   :  0.004 0.004 0.006 0.009 0.003 0.004 0.003 0.004 0.007 0.955 
270 ZFFDSP12    (0)   :  0.003 0.002 0.005 0.008 0.004 0.003 0.003 0.003 0.004 0.965 
271 ZFFDSP13    (0)   :  0.004 0.004 0.455 0.006 0.007 0.016 0.004 0.004 0.013 0.486 
272 ZFFDSP14    (0)   :  0.003 0.006 0.005 0.020 0.003 0.007 0.003 0.003 0.006 0.944 
273 ZFFDSP16    (0)   :  0.003 0.007 0.013 0.005 0.005 0.007 0.004 0.006 0.007 0.943 
274 ZFFDSP17    (0)   :  0.003 0.005 0.006 0.009 0.003 0.005 0.002 0.004 0.006 0.956 
275 ZFFDSP18    (0)   :  0.003 0.007 0.006 0.018 0.003 0.006 0.002 0.006 0.004 0.944 
276 ZFFDSP19    (0)   :  0.003 0.009 0.064 0.017 0.003 0.018 0.002 0.004 0.004 0.875 
277 ZFFDSP21    (0)   :  0.002 0.004 0.118 0.006 0.004 0.014 0.003 0.003 0.004 0.841 
278 ZFFDSP22    (0)   :  0.002 0.004 0.006 0.075 0.003 0.005 0.002 0.002 0.006 0.894 
279 ZFFDSP23    (0)   :  0.002 0.003 0.026 0.114 0.003 0.005 0.002 0.002 0.006 0.837 
280 ZFFDSP24    (0)   :  0.003 0.005 0.038 0.007 0.003 0.005 0.002 0.006 0.006 0.925 
281 ZFFDSP26    (9)   :  0.003 0.004 0.013 0.015 0.003 0.005 0.003 0.004 0.006 0.946 
282 ZFFDSP27    (0)   :  0.003 0.006 0.010 0.007 0.003 0.004 0.002 0.004 0.004 0.957 
283 ZFFDSP28    (0)   :  0.021 0.026 0.012 0.007 0.008 0.009 0.007 0.035 0.014 0.860 
284 ZFFDSP30    (0)   :  0.004 0.008 0.180 0.009 0.004 0.007 0.008 0.063 0.009 0.709 
285 ZFFDSP31    (0)   :  0.002 0.008 0.010 0.006 0.004 0.005 0.002 0.003 0.005 0.955 
286 ZFFDSP32    (0)   :  0.003 0.004 0.006 0.005 0.003 0.003 0.003 0.003 0.005 0.965 
287 ZFFDSP33    (0)   :  0.002 0.003 0.007 0.006 0.003 0.003 0.003 0.003 0.004 0.966 
288 ZFFDSP34    (0)   :  0.002 0.004 0.009 0.010 0.003 0.007 0.002 0.003 0.005 0.955 
289 ZFFDSP35    (0)   :  0.003 0.005 0.011 0.007 0.003 0.004 0.002 0.006 0.005 0.955 
290 ZFFDSP37    (0)   :  0.003 0.005 0.008 0.005 0.003 0.004 0.002 0.003 0.004 0.964 
291 ZFFDSP38    (0)   :  0.003 0.004 0.007 0.005 0.003 0.004 0.003 0.005 0.004 0.962 
292 ZFFDSP39    (0)   :  0.002 0.003 0.063 0.008 0.003 0.003 0.002 0.004 0.004 0.907 
293 ZFFDSP40    (0)   :  0.003 0.004 0.034 0.004 0.003 0.003 0.003 0.005 0.003 0.936 
294 ZFFDSP42    (0)   :  0.002 0.004 0.020 0.054 0.003 0.006 0.002 0.004 0.005 0.901 
295 ZFFDSP43    (0)   :  0.002 0.004 0.013 0.008 0.003 0.004 0.002 0.004 0.003 0.957 
296 ZFFDSP44    (0)   :  0.003 0.004 0.023 0.006 0.003 0.004 0.003 0.005 0.005 0.944 
297 ZFFDSP45    (0)   :  0.002 0.004 0.010 0.005 0.003 0.005 0.002 0.005 0.004 0.959 
298 ZFFDSP46    (0)   :  0.002 0.005 0.015 0.009 0.003 0.005 0.002 0.005 0.005 0.950 
299 ZFFDSP47    (0)   :  0.003 0.003 0.172 0.014 0.003 0.004 0.003 0.004 0.006 0.788 
300 ZFFDSP48    (0)   :  0.003 0.003 0.096 0.007 0.003 0.004 0.002 0.004 0.005 0.872 
301    ZFI01    (0)   :  0.109 0.036 0.006 0.004 0.009 0.011 0.008 0.802 0.010 0.005 
302    ZFI02    (0)   :  0.043 0.022 0.006 0.004 0.006 0.004 0.004 0.900 0.006 0.005 
303    ZFI03    (0)   :  0.010 0.044 0.006 0.003 0.005 0.006 0.003 0.911 0.007 0.004 
304    ZFI04    (0)   :  0.092 0.765 0.005 0.003 0.007 0.004 0.005 0.108 0.006 0.004 
305    ZFI05    (0)   :  0.007 0.007 0.008 0.003 0.007 0.005 0.004 0.951 0.005 0.004 
306    ZFI06    (0)   :  0.038 0.035 0.077 0.003 0.026 0.005 0.004 0.782 0.010 0.019 
307    ZFI07    (0)   :  0.009 0.678 0.005 0.002 0.006 0.004 0.004 0.283 0.005 0.004 
308    ZFI08    (0)   :  0.051 0.114 0.004 0.004 0.012 0.005 0.004 0.791 0.012 0.004 
309    ZFI09    (0)   :  0.029 0.019 0.005 0.003 0.007 0.004 0.004 0.920 0.005 0.004 
310    ZFI10    (0)   :  0.019 0.022 0.022 0.004 0.007 0.005 0.007 0.900 0.008 0.006 
311    ZFI11    (0)   :  0.129 0.079 0.009 0.003 0.008 0.005 0.004 0.753 0.007 0.004 
312    ZFI12    (0)   :  0.008 0.101 0.010 0.004 0.007 0.008 0.003 0.844 0.012 0.004 
313    ZFI13    (0)   :  0.007 0.017 0.006 0.003 0.009 0.008 0.008 0.931 0.006 0.004 
314    ZFI14    (0)   :  0.005 0.009 0.006 0.003 0.004 0.005 0.004 0.952 0.004 0.008 
315    ZFI15    (0)   :  0.005 0.008 0.004 0.002 0.005 0.004 0.003 0.961 0.003 0.003 
316    ZFI16    (0)   :  0.004 0.017 0.005 0.002 0.005 0.004 0.003 0.951 0.005 0.004 
317    ZFI17    (0)   :  0.013 0.061 0.009 0.003 0.008 0.004 0.007 0.886 0.007 0.004 
318    ZFI18    (0)   :  0.008 0.017 0.005 0.002 0.006 0.004 0.007 0.944 0.004 0.003 
319    ZFI19    (9)   :  0.007 0.012 0.004 0.002 0.005 0.003 0.003 0.956 0.005 0.003 
320    ZFI20    (0)   :  0.004 0.008 0.005 0.003 0.004 0.003 0.004 0.959 0.005 0.005 
321    ZFI21    (0)   :  0.004 0.006 0.008 0.003 0.003 0.003 0.003 0.958 0.004 0.007 
322    ZFI22    (0)   :  0.031 0.034 0.004 0.004 0.005 0.006 0.003 0.902 0.005 0.005 
323    ZFI23    (0)   :  0.005 0.034 0.006 0.003 0.005 0.004 0.003 0.929 0.006 0.004 
324    ZFI24    (0)   :  0.008 0.060 0.008 0.004 0.006 0.008 0.003 0.890 0.010 0.005 
325    ZFI25    (0)   :  0.013 0.064 0.006 0.004 0.008 0.007 0.003 0.884 0.006 0.005 
326    ZFI26    (0)   :  0.009 0.089 0.004 0.003 0.007 0.009 0.003 0.865 0.007 0.004 
327    ZFI27    (0)   :  0.010 0.033 0.019 0.003 0.007 0.007 0.003 0.900 0.013 0.005 
328    ZFK01    (0)   :  0.014 0.005 0.013 0.006 0.010 0.922 0.007 0.005 0.009 0.009 
329    ZFK02    (0)   :  0.016 0.005 0.014 0.008 0.009 0.916 0.004 0.008 0.013 0.008 
330    ZFK03    (0)   :  0.026 0.005 0.010 0.006 0.010 0.909 0.009 0.007 0.010 0.008 
331    ZFK04    (0)   :  0.293 0.009 0.014 0.007 0.016 0.622 0.009 0.013 0.010 0.008 
332    ZFK05    (0)   :  0.211 0.008 0.011 0.005 0.009 0.710 0.025 0.011 0.007 0.004 
333    ZFK06    (0)   :  0.036 0.011 0.007 0.004 0.045 0.855 0.005 0.019 0.012 0.006 
334    ZFK07    (0)   :  0.018 0.003 0.010 0.009 0.009 0.915 0.013 0.004 0.012 0.008 
335    ZFK08    (0)   :  0.339 0.008 0.009 0.010 0.033 0.504 0.013 0.015 0.055 0.014 
336    ZFK10    (0)   :  0.094 0.008 0.011 0.005 0.016 0.826 0.005 0.017 0.010 0.007 
337    ZFK11    (0)   :  0.036 0.008 0.006 0.004 0.026 0.874 0.025 0.007 0.007 0.006 
338    ZFK12    (0)   :  0.010 0.004 0.010 0.014 0.012 0.891 0.008 0.004 0.037 0.012 
339    ZFK13    (0)   :  0.011 0.004 0.018 0.014 0.014 0.844 0.035 0.004 0.019 0.037 
340    ZFK14    (0)   :  0.006 0.004 0.012 0.010 0.005 0.925 0.015 0.004 0.007 0.012 
341    ZFK15    (0)   :  0.052 0.005 0.014 0.009 0.015 0.790 0.048 0.007 0.015 0.046 
342    ZFK16    (0)   :  0.006 0.004 0.017 0.011 0.010 0.892 0.020 0.003 0.015 0.022 
343   ZFLB01    (0)   :  0.010 0.007 0.016 0.009 0.007 0.005 0.907 0.008 0.008 0.024 
344   ZFLB02    (0)   :  0.005 0.023 0.004 0.003 0.015 0.002 0.933 0.008 0.005 0.004 
345   ZFLB03    (0)   :  0.004 0.005 0.012 0.004 0.013 0.005 0.945 0.004 0.005 0.004 
346   ZFLB04    (0)   :  0.013 0.014 0.153 0.013 0.008 0.011 0.708 0.041 0.011 0.028 
347   ZFLB05    (0)   :  0.017 0.007 0.021 0.005 0.008 0.004 0.903 0.014 0.008 0.012 
348   ZFLB06    (0)   :  0.020 0.005 0.009 0.008 0.013 0.015 0.902 0.005 0.008 0.013 
349   ZFLB07    (0)   :  0.016 0.011 0.070 0.013 0.095 0.018 0.616 0.011 0.128 0.022 
350   ZFLB08    (0)   :  0.008 0.024 0.007 0.003 0.014 0.004 0.914 0.014 0.007 0.005 
351   ZFLB09    (9)   :  0.014 0.008 0.004 0.003 0.006 0.008 0.939 0.008 0.005 0.005 
352   ZFLB10    (0)   :  0.010 0.005 0.004 0.002 0.004 0.004 0.958 0.006 0.003 0.003 
353   ZFLB11    (0)   :  0.006 0.003 0.004 0.005 0.005 0.007 0.957 0.003 0.006 0.004 
354   ZFLB12    (0)   :  0.008 0.005 0.003 0.002 0.005 0.005 0.961 0.004 0.004 0.003 
355   ZFLB13    (0)   :  0.013 0.020 0.029 0.004 0.053 0.017 0.814 0.005 0.026 0.018 
356  ZFLTI01    (0)   :  0.003 0.005 0.684 0.028 0.005 0.054 0.002 0.005 0.014 0.199 
357  ZFLTI02    (0)   :  0.003 0.010 0.891 0.013 0.004 0.042 0.002 0.003 0.008 0.025 
358  ZFLTI03    (0)   :  0.003 0.006 0.929 0.015 0.003 0.009 0.002 0.003 0.007 0.024 
359  ZFLTI04    (0)   :  0.003 0.006 0.923 0.007 0.004 0.010 0.002 0.005 0.011 0.028 
360  ZFLTI05    (0)   :  0.002 0.006 0.950 0.005 0.003 0.006 0.002 0.003 0.004 0.018 
361  ZFLTI06    (0)   :  0.003 0.005 0.766 0.023 0.003 0.007 0.003 0.005 0.006 0.178 
362  ZFLTI07    (0)   :  0.003 0.007 0.820 0.006 0.004 0.010 0.002 0.006 0.009 0.132 
363  ZFLTI08    (0)   :  0.003 0.011 0.946 0.006 0.004 0.006 0.002 0.004 0.008 0.012 
364  ZFLTI09    (0)   :  0.003 0.015 0.818 0.007 0.004 0.007 0.002 0.006 0.007 0.132 
365  ZFLTI10    (0)   :  0.002 0.011 0.602 0.007 0.005 0.016 0.002 0.004 0.007 0.343 
366  ZFLTI11    (0)   :  0.003 0.008 0.871 0.031 0.003 0.007 0.003 0.003 0.006 0.066 
367  ZFLTI12    (0)   :  0.002 0.009 0.850 0.035 0.004 0.017 0.002 0.003 0.006 0.071 
368  ZFLTI13    (0)   :  0.003 0.005 0.935 0.012 0.004 0.014 0.002 0.004 0.011 0.011 
369  ZFLTI14    (0)   :  0.002 0.011 0.904 0.005 0.004 0.044 0.002 0.003 0.005 0.019 
370 ZFONF101    (0)   :  0.002 0.003 0.004 0.008 0.002 0.002 0.002 0.002 0.003 0.971 
371 ZFONF102    (0)   :  0.009 0.004 0.004 0.031 0.009 0.003 0.014 0.005 0.004 0.915 
372 ZFONF103    (0)   :  0.004 0.006 0.071 0.018 0.006 0.016 0.003 0.004 0.008 0.865 
373 ZFONF104    (0)   :  0.002 0.003 0.005 0.028 0.002 0.004 0.002 0.002 0.003 0.950 
374 ZFONF105    (0)   :  0.003 0.003 0.020 0.133 0.003 0.005 0.002 0.003 0.005 0.823 
375 ZFONF106    (0)   :  0.002 0.006 0.004 0.007 0.002 0.003 0.002 0.003 0.003 0.967 
376 ZFONF107    (0)   :  0.015 0.015 0.018 0.009 0.038 0.017 0.071 0.013 0.006 0.799 
377 ZFONF108    (0)   :  0.005 0.008 0.017 0.009 0.009 0.019 0.010 0.004 0.004 0.915 
378 ZFONF109    (9)   :  0.003 0.008 0.013 0.031 0.005 0.018 0.008 0.003 0.003 0.907 
379 ZFONF110    (0)   :  0.002 0.002 0.007 0.013 0.002 0.005 0.002 0.002 0.003 0.960 
380 ZFONF111    (0)   :  0.011 0.013 0.014 0.018 0.024 0.008 0.019 0.009 0.021 0.862 
381 ZFONF112    (0)   :  0.003 0.020 0.015 0.258 0.003 0.007 0.003 0.003 0.003 0.686 
382 ZFONF113    (9)   :  0.003 0.004 0.010 0.008 0.004 0.006 0.005 0.002 0.007 0.950 
383 ZFONF115    (0)   :  0.003 0.009 0.010 0.023 0.004 0.006 0.003 0.004 0.004 0.935 
384 ZFONF116    (0)   :  0.004 0.007 0.009 0.024 0.004 0.006 0.003 0.004 0.004 0.935 
385 ZFONF117    (0)   :  0.004 0.005 0.334 0.052 0.005 0.009 0.003 0.004 0.006 0.579 
386 ZFONF118    (0)   :  0.003 0.011 0.019 0.013 0.003 0.008 0.002 0.004 0.006 0.930 
387 ZFONF119    (0)   :  0.004 0.003 0.005 0.020 0.004 0.010 0.006 0.003 0.005 0.939 
388 ZFONF120    (0)   :  0.004 0.003 0.006 0.038 0.004 0.024 0.006 0.003 0.010 0.901 
389 ZFONF121    (0)   :  0.004 0.004 0.008 0.099 0.003 0.005 0.004 0.003 0.005 0.864 
390 ZFONF122    (0)   :  0.003 0.010 0.063 0.008 0.006 0.023 0.003 0.004 0.008 0.872 
391 ZFONF123    (0)   :  0.011 0.004 0.004 0.043 0.012 0.005 0.065 0.006 0.005 0.844 
392 ZFONF124    (0)   :  0.004 0.004 0.007 0.027 0.005 0.007 0.008 0.002 0.003 0.933 
393 ZFONF125    (0)   :  0.012 0.004 0.010 0.195 0.027 0.034 0.071 0.006 0.011 0.630 
394 ZFONF126    (0)   :  0.003 0.007 0.015 0.008 0.005 0.013 0.002 0.003 0.008 0.935 
395 ZFONF201    (0)   :  0.013 0.073 0.011 0.636 0.017 0.025 0.037 0.080 0.011 0.097 
396 ZFONF202    (0)   :  0.002 0.005 0.005 0.917 0.003 0.007 0.002 0.003 0.005 0.050 
397 ZFONF203    (0)   :  0.003 0.005 0.004 0.954 0.004 0.006 0.003 0.003 0.010 0.008 
398 ZFONF204    (0)   :  0.005 0.010 0.006 0.913 0.008 0.030 0.009 0.006 0.005 0.007 
399 ZFONF206    (0)   :  0.009 0.011 0.003 0.908 0.021 0.008 0.017 0.010 0.006 0.006 
400 ZFONF207    (0)   :  0.003 0.004 0.004 0.963 0.004 0.004 0.004 0.003 0.005 0.006 
401 ZFONF208    (0)   :  0.003 0.005 0.016 0.890 0.004 0.009 0.005 0.005 0.007 0.057 
402 ZFONF209    (0)   :  0.008 0.013 0.011 0.895 0.007 0.032 0.009 0.010 0.007 0.008 
403 ZFONF210    (0)   :  0.002 0.003 0.009 0.962 0.002 0.004 0.003 0.003 0.003 0.009 
404 ZFONF211    (0)   :  0.009 0.004 0.020 0.878 0.009 0.013 0.019 0.004 0.013 0.031 
405 ZFONF212    (0)   :  0.002 0.002 0.008 0.962 0.003 0.003 0.003 0.003 0.003 0.011 
406 ZFONF214    (0)   :  0.005 0.003 0.005 0.926 0.005 0.007 0.006 0.002 0.013 0.028 
407 ZFONF215    (0)   :  0.002 0.003 0.004 0.959 0.003 0.005 0.002 0.003 0.004 0.015 
408 ZFONF216    (0)   :  0.003 0.002 0.006 0.969 0.003 0.004 0.003 0.002 0.004 0.005 
409 ZFONF217    (0)   :  0.003 0.004 0.005 0.941 0.002 0.005 0.004 0.002 0.003 0.031 
410 ZFONF218    (0)   :  0.005 0.003 0.006 0.954 0.007 0.003 0.008 0.003 0.005 0.005 
411 ZFONF219    (0)   :  0.002 0.002 0.003 0.978 0.002 0.003 0.002 0.002 0.002 0.005 
412 ZFONF220    (0)   :  0.003 0.006 0.004 0.946 0.003 0.006 0.003 0.002 0.005 0.022 
413 ZFONF222    (0)   :  0.006 0.002 0.004 0.959 0.005 0.004 0.008 0.003 0.005 0.003 
414 ZFONF223    (0)   :  0.007 0.005 0.003 0.949 0.007 0.004 0.008 0.004 0.007 0.008 
415 ZFONF224    (0)   :  0.002 0.002 0.004 0.975 0.002 0.003 0.002 0.002 0.003 0.005 
416 ZFONF225    (0)   :  0.002 0.002 0.004 0.971 0.002 0.003 0.002 0.002 0.003 0.008 
417 ZFONF226    (0)   :  0.003 0.003 0.004 0.959 0.003 0.006 0.003 0.003 0.008 0.008 
418 ZFONF227    (0)   :  0.002 0.002 0.004 0.977 0.002 0.003 0.002 0.002 0.003 0.004 
419 ZFONF228    (0)   :  0.004 0.007 0.010 0.947 0.005 0.005 0.003 0.004 0.005 0.011 
420 ZFONF230    (0)   :  0.002 0.002 0.005 0.964 0.003 0.004 0.002 0.002 0.003 0.012 
421 ZFONF231    (0)   :  0.004 0.003 0.006 0.953 0.004 0.007 0.005 0.002 0.010 0.008 
422 ZFONF232    (0)   :  0.002 0.003 0.003 0.973 0.002 0.003 0.002 0.002 0.003 0.008 
423 ZFONF233    (0)   :  0.002 0.003 0.004 0.972 0.003 0.004 0.002 0.002 0.003 0.005 
424 ZFONF234    (0)   :  0.005 0.005 0.016 0.907 0.028 0.009 0.004 0.005 0.008 0.014 
425 ZFONF235    (0)   :  0.002 0.002 0.003 0.977 0.003 0.003 0.002 0.002 0.003 0.004 
426 ZFONF236    (0)   :  0.014 0.028 0.024 0.849 0.019 0.018 0.013 0.017 0.005 0.012 
427 ZFONF238    (0)   :  0.002 0.004 0.004 0.961 0.003 0.006 0.002 0.003 0.007 0.008 
428 ZFONF239    (0)   :  0.004 0.011 0.004 0.946 0.006 0.012 0.005 0.005 0.003 0.004 
