

----------------------------------------------------
STRUCTURE by Pritchard, Stephens and Donnelly (2000)
     and Falush, Stephens and Pritchard (2003)
       Code by Pritchard, Falush and Hubisz
             Version 2.3.4 (Jul 2012)
----------------------------------------------------



Command line arguments:   bin\structure -m C:\Users\eschumacher\Documents\GitHub\GCC_QUAC_ZAIN\Data_Files\Structure_Files\ZAIN\ZAIN_wild_rebinned_nopopinfo\50-50\mainparams -e C:\Users\eschumacher\Documents\GitHub\GCC_QUAC_ZAIN\Data_Files\Structure_Files\ZAIN\ZAIN_wild_rebinned_nopopinfo\50-50\extraparams 
Input File:    C:\Users\eschumacher\Documents\GitHub\GCC_QUAC_ZAIN\Data_Files\Structure_Files\ZAIN\ZAIN_wild_rebinned_nopopinfo\project_data

Run parameters:
   751 individuals
   11 loci
   12 populations assumed
   50000 Burn-in period
   50000 Reps


--------------------------------------------
Overall proportion of membership of the
sample in each of the 12 clusters

Inferred Clusters
  1      2      3      4      5      6      7      8      9     10     11     12    
0.034  0.156  0.083  0.119  0.052  0.100  0.060  0.068  0.073  0.102  0.065  0.089  

--------------------------------------------

Allele-freq. divergence among pops (Net nucleotide distance),
computed using point estimates of P.

      1       2       3       4       5       6       7       8       9      10      11      12      
 1      -    0.2051  0.2684  0.1894  0.3172  0.2619  0.2375  0.2420  0.1816  0.1563  0.2798  0.1938  
 2   0.2051     -    0.2554  0.0482  0.3765  0.2461  0.2958  0.2439  0.1609  0.1903  0.1127  0.2060  
 3   0.2684  0.2554     -    0.2610  0.3513  0.0916  0.1631  0.2991  0.1828  0.1093  0.3685  0.1759  
 4   0.1894  0.0482  0.2610     -    0.3640  0.2502  0.2972  0.1399  0.1220  0.1563  0.1248  0.1707  
 5   0.3172  0.3765  0.3513  0.3640     -    0.3051  0.2195  0.4466  0.3513  0.1838  0.4567  0.3479  
 6   0.2619  0.2461  0.0916  0.2502  0.3051     -    0.1459  0.2985  0.2013  0.1244  0.3650  0.2132  
 7   0.2375  0.2958  0.1631  0.2972  0.2195  0.1459     -    0.3697  0.2147  0.1355  0.3546  0.2645  
 8   0.2420  0.2439  0.2991  0.1399  0.4466  0.2985  0.3697     -    0.2460  0.2008  0.2927  0.1985  
 9   0.1816  0.1609  0.1828  0.1220  0.3513  0.2013  0.2147  0.2460     -    0.1001  0.1745  0.1714  
10   0.1563  0.1903  0.1093  0.1563  0.1838  0.1244  0.1355  0.2008  0.1001     -    0.2648  0.1405  
11   0.2798  0.1127  0.3685  0.1248  0.4567  0.3650  0.3546  0.2927  0.1745  0.2648     -    0.2027  
12   0.1938  0.2060  0.1759  0.1707  0.3479  0.2132  0.2645  0.1985  0.1714  0.1405  0.2027     -    

Average distances (expected heterozygosity) between individuals in same cluster:
cluster  1  : 0.2444 
cluster  2  : 0.4042 
cluster  3  : 0.3477 
cluster  4  : 0.4292 
cluster  5  : 0.2558 
cluster  6  : 0.4823 
cluster  7  : 0.3809 
cluster  8  : 0.2295 
cluster  9  : 0.4450 
cluster 10  : 0.5559 
cluster 11  : 0.3616 
cluster 12  : 0.3988 

--------------------------------------------
Estimated Ln Prob of Data   = -13201.0
Mean value of ln likelihood = -12754.3
Variance of ln likelihood   = 893.4
Mean value of alpha         = 0.0322

Mean value of Fst_1         = 0.6298
Mean value of Fst_2         = 0.3927
Mean value of Fst_3         = 0.4568
Mean value of Fst_4         = 0.4298
Mean value of Fst_5         = 0.6211
Mean value of Fst_6         = 0.4129
Mean value of Fst_7         = 0.5462
Mean value of Fst_8         = 0.6631
Mean value of Fst_9         = 0.3299
Mean value of Fst_10         = 0.1172
Mean value of Fst_11         = 0.4565
Mean value of Fst_12         = 0.4118


Inferred ancestry of individuals:
        Label (%Miss) :  Inferred clusters
  1    ZFB01    (0)   :  0.003 0.004 0.008 0.003 0.005 0.955 0.007 0.003 0.003 0.003 0.003 0.004 
  2    ZFB02    (0)   :  0.007 0.004 0.012 0.003 0.014 0.876 0.057 0.002 0.004 0.008 0.003 0.010 
  3    ZFB03    (0)   :  0.005 0.009 0.022 0.014 0.003 0.878 0.008 0.020 0.012 0.020 0.002 0.007 
  4    ZFB04    (0)   :  0.008 0.004 0.007 0.003 0.014 0.914 0.030 0.002 0.003 0.006 0.003 0.006 
  5    ZFB05    (0)   :  0.038 0.003 0.010 0.004 0.087 0.703 0.067 0.010 0.023 0.037 0.009 0.009 
  6    ZFB06    (0)   :  0.020 0.003 0.010 0.005 0.071 0.787 0.024 0.009 0.019 0.035 0.009 0.008 
  7    ZFB07    (9)   :  0.006 0.007 0.082 0.007 0.013 0.811 0.006 0.005 0.012 0.041 0.006 0.004 
  8    ZFB08    (0)   :  0.010 0.008 0.027 0.007 0.003 0.892 0.011 0.005 0.019 0.006 0.007 0.006 
  9    ZFB09    (0)   :  0.003 0.003 0.007 0.003 0.003 0.960 0.005 0.003 0.004 0.003 0.002 0.004 
 10    ZFB10    (0)   :  0.006 0.013 0.004 0.007 0.004 0.937 0.007 0.002 0.005 0.003 0.005 0.005 
 11    ZFB11    (0)   :  0.004 0.005 0.004 0.003 0.012 0.951 0.005 0.002 0.003 0.003 0.003 0.004 
 12    ZFB12    (0)   :  0.003 0.006 0.006 0.006 0.022 0.890 0.024 0.005 0.020 0.012 0.003 0.005 
 13    ZFB13    (0)   :  0.012 0.010 0.008 0.008 0.003 0.912 0.014 0.004 0.011 0.006 0.007 0.004 
 14    ZFB14    (0)   :  0.005 0.004 0.007 0.003 0.003 0.956 0.004 0.003 0.004 0.004 0.003 0.004 
 15    ZFB15    (0)   :  0.003 0.003 0.008 0.002 0.006 0.954 0.011 0.002 0.004 0.004 0.002 0.002 
 16    ZFB16    (0)   :  0.010 0.006 0.006 0.005 0.004 0.930 0.016 0.003 0.008 0.005 0.004 0.003 
 17    ZFB17    (0)   :  0.029 0.008 0.006 0.008 0.025 0.853 0.010 0.002 0.027 0.010 0.009 0.014 
 18    ZFB18    (0)   :  0.003 0.003 0.005 0.002 0.003 0.966 0.003 0.002 0.003 0.003 0.002 0.004 
 19    ZFB19    (0)   :  0.005 0.042 0.054 0.034 0.006 0.690 0.012 0.007 0.066 0.069 0.011 0.004 
 20    ZFB20    (0)   :  0.017 0.006 0.006 0.005 0.017 0.897 0.029 0.003 0.008 0.005 0.004 0.003 
 21    ZFB21    (0)   :  0.004 0.002 0.007 0.003 0.005 0.955 0.007 0.004 0.003 0.006 0.002 0.003 
 22    ZFB22    (0)   :  0.006 0.007 0.005 0.009 0.023 0.893 0.020 0.002 0.011 0.008 0.009 0.007 
 23    ZFB23    (0)   :  0.006 0.005 0.003 0.003 0.015 0.947 0.006 0.003 0.003 0.004 0.002 0.003 
 24    ZFB24    (0)   :  0.006 0.005 0.005 0.003 0.018 0.936 0.010 0.003 0.003 0.004 0.003 0.003 
 25    ZFB25    (0)   :  0.003 0.008 0.004 0.006 0.005 0.957 0.003 0.003 0.003 0.003 0.003 0.004 
 26    ZFB26    (0)   :  0.010 0.008 0.004 0.006 0.031 0.915 0.009 0.003 0.003 0.005 0.003 0.004 
 27    ZFB27    (0)   :  0.003 0.004 0.004 0.004 0.060 0.905 0.006 0.002 0.002 0.004 0.002 0.003 
 28    ZFB28    (0)   :  0.011 0.005 0.005 0.005 0.133 0.786 0.012 0.004 0.011 0.020 0.003 0.007 
 29    ZFB29    (0)   :  0.008 0.003 0.004 0.002 0.009 0.951 0.008 0.002 0.003 0.004 0.002 0.004 
 30    ZFB30    (0)   :  0.004 0.004 0.018 0.005 0.225 0.645 0.008 0.006 0.014 0.057 0.010 0.003 
 31    ZFB31    (0)   :  0.004 0.009 0.008 0.006 0.007 0.943 0.004 0.003 0.003 0.005 0.004 0.004 
 32    ZFB32    (0)   :  0.025 0.009 0.009 0.008 0.061 0.784 0.017 0.007 0.032 0.023 0.004 0.020 
 33    ZFB33    (0)   :  0.003 0.003 0.005 0.002 0.005 0.961 0.008 0.002 0.003 0.003 0.002 0.003 
 34    ZFB34    (0)   :  0.004 0.003 0.017 0.003 0.003 0.945 0.005 0.003 0.004 0.004 0.003 0.006 
 35    ZFB35    (0)   :  0.006 0.005 0.014 0.005 0.005 0.934 0.011 0.004 0.004 0.005 0.003 0.005 
 36  ZFBP101    (0)   :  0.088 0.194 0.005 0.577 0.003 0.009 0.010 0.013 0.011 0.007 0.036 0.047 
 37  ZFBP102    (0)   :  0.035 0.290 0.006 0.589 0.003 0.016 0.017 0.004 0.008 0.010 0.012 0.011 
 38  ZFBP103    (0)   :  0.040 0.068 0.004 0.742 0.002 0.008 0.009 0.016 0.008 0.008 0.010 0.083 
 39  ZFBP104    (0)   :  0.005 0.220 0.026 0.653 0.003 0.018 0.011 0.008 0.032 0.014 0.006 0.004 
 40  ZFBP105    (0)   :  0.007 0.663 0.006 0.276 0.005 0.005 0.004 0.011 0.008 0.005 0.005 0.005 
 41  ZFBP106    (0)   :  0.012 0.740 0.004 0.191 0.003 0.003 0.003 0.018 0.005 0.004 0.011 0.006 
 42  ZFBP107    (0)   :  0.038 0.385 0.005 0.489 0.028 0.007 0.007 0.014 0.007 0.011 0.004 0.006 
 43  ZFBP108    (0)   :  0.004 0.954 0.003 0.011 0.003 0.002 0.003 0.006 0.003 0.003 0.004 0.003 
 44  ZFBP109    (0)   :  0.004 0.940 0.005 0.021 0.002 0.003 0.002 0.005 0.004 0.005 0.004 0.004 
 45  ZFBP110    (0)   :  0.036 0.260 0.010 0.500 0.003 0.040 0.011 0.074 0.010 0.026 0.006 0.024 
 46  ZFBP111    (0)   :  0.005 0.278 0.003 0.567 0.004 0.003 0.003 0.010 0.010 0.004 0.112 0.004 
 47  ZFBP112    (0)   :  0.016 0.864 0.004 0.022 0.006 0.003 0.005 0.011 0.007 0.005 0.042 0.015 
 48  ZFBP113    (0)   :  0.004 0.946 0.004 0.015 0.004 0.003 0.003 0.003 0.006 0.004 0.004 0.003 
 49  ZFBP114    (0)   :  0.028 0.717 0.004 0.201 0.012 0.003 0.004 0.005 0.003 0.009 0.010 0.005 
 50  ZFBP115    (0)   :  0.009 0.091 0.003 0.845 0.004 0.002 0.003 0.015 0.007 0.004 0.010 0.008 
 51  ZFBP116    (0)   :  0.005 0.898 0.003 0.056 0.005 0.002 0.003 0.006 0.008 0.005 0.005 0.004 
 52  ZFBP117    (0)   :  0.005 0.942 0.003 0.016 0.002 0.003 0.002 0.006 0.004 0.004 0.006 0.008 
 53  ZFBP118    (0)   :  0.019 0.830 0.003 0.091 0.013 0.003 0.004 0.004 0.003 0.010 0.014 0.004 
 54  ZFBP119    (0)   :  0.016 0.487 0.004 0.406 0.002 0.003 0.003 0.017 0.011 0.005 0.017 0.028 
 55  ZFBP120    (0)   :  0.006 0.680 0.006 0.261 0.005 0.006 0.005 0.012 0.007 0.006 0.005 0.004 
 56  ZFBP121    (0)   :  0.008 0.916 0.006 0.032 0.003 0.004 0.003 0.008 0.004 0.005 0.005 0.008 
 57  ZFBP122    (9)   :  0.006 0.833 0.003 0.115 0.003 0.003 0.003 0.006 0.006 0.004 0.011 0.004 
 58  ZFBP123    (0)   :  0.034 0.890 0.004 0.018 0.007 0.003 0.005 0.005 0.008 0.004 0.016 0.008 
 59  ZFBP124    (0)   :  0.007 0.941 0.007 0.012 0.004 0.005 0.003 0.004 0.004 0.004 0.005 0.004 
 60  ZFBP125    (0)   :  0.005 0.920 0.002 0.031 0.003 0.002 0.002 0.008 0.005 0.003 0.013 0.006 
 61  ZFBP126    (0)   :  0.022 0.735 0.005 0.145 0.003 0.011 0.015 0.003 0.021 0.015 0.008 0.017 
 62  ZFBP127    (0)   :  0.007 0.656 0.004 0.209 0.003 0.003 0.002 0.085 0.004 0.005 0.004 0.018 
 63  ZFBP128    (0)   :  0.008 0.879 0.004 0.030 0.002 0.004 0.002 0.017 0.004 0.003 0.030 0.016 
 64  ZFBP129    (0)   :  0.007 0.820 0.006 0.008 0.003 0.004 0.003 0.007 0.005 0.005 0.123 0.010 
 65  ZFBP130    (0)   :  0.010 0.822 0.002 0.041 0.004 0.002 0.002 0.013 0.007 0.003 0.069 0.024 
 66  ZFBP131    (0)   :  0.004 0.958 0.004 0.006 0.004 0.003 0.003 0.003 0.005 0.003 0.005 0.003 
 67  ZFBP132    (0)   :  0.004 0.943 0.003 0.014 0.003 0.004 0.002 0.013 0.003 0.003 0.004 0.004 
 68  ZFBP133    (0)   :  0.003 0.869 0.004 0.009 0.002 0.003 0.002 0.003 0.006 0.002 0.089 0.007 
 69  ZFBP134    (0)   :  0.003 0.052 0.004 0.891 0.003 0.004 0.003 0.006 0.009 0.003 0.010 0.014 
 70  ZFBP135    (0)   :  0.061 0.497 0.007 0.176 0.002 0.015 0.007 0.018 0.008 0.007 0.014 0.189 
 71  ZFBP136    (0)   :  0.170 0.464 0.004 0.238 0.009 0.003 0.004 0.016 0.007 0.004 0.035 0.045 
 72  ZFBP201    (0)   :  0.005 0.925 0.004 0.015 0.009 0.004 0.005 0.010 0.006 0.006 0.005 0.004 
 73  ZFBP202    (0)   :  0.005 0.906 0.007 0.041 0.003 0.004 0.003 0.010 0.005 0.004 0.008 0.004 
 74  ZFBP203    (0)   :  0.008 0.803 0.005 0.020 0.060 0.005 0.021 0.005 0.025 0.023 0.021 0.005 
 75  ZFBP204    (0)   :  0.040 0.608 0.005 0.268 0.006 0.004 0.004 0.017 0.008 0.005 0.021 0.013 
 76  ZFBP205    (0)   :  0.010 0.943 0.003 0.008 0.005 0.002 0.003 0.003 0.006 0.004 0.008 0.006 
 77  ZFBP206    (0)   :  0.026 0.895 0.006 0.008 0.006 0.003 0.006 0.004 0.009 0.004 0.025 0.008 
 78  ZFBP207    (0)   :  0.008 0.620 0.004 0.251 0.004 0.004 0.003 0.079 0.005 0.004 0.008 0.011 
 79  ZFBP208    (0)   :  0.015 0.912 0.004 0.010 0.013 0.003 0.006 0.003 0.013 0.006 0.009 0.005 
 80  ZFBP209    (0)   :  0.003 0.902 0.003 0.009 0.002 0.002 0.002 0.003 0.005 0.002 0.058 0.008 
 81  ZFBP210    (0)   :  0.006 0.915 0.004 0.015 0.010 0.004 0.005 0.011 0.011 0.005 0.009 0.005 
 82  ZFBP211    (0)   :  0.008 0.938 0.006 0.010 0.003 0.005 0.003 0.009 0.005 0.004 0.004 0.004 
 83  ZFBP212    (0)   :  0.003 0.678 0.005 0.252 0.003 0.007 0.003 0.035 0.003 0.003 0.005 0.002 
 84  ZFBP213    (0)   :  0.025 0.897 0.015 0.009 0.004 0.004 0.005 0.009 0.009 0.005 0.009 0.009 
 85  ZFBP214    (0)   :  0.020 0.710 0.014 0.036 0.004 0.006 0.004 0.038 0.030 0.009 0.088 0.042 
 86  ZFBP215    (0)   :  0.005 0.948 0.004 0.010 0.003 0.003 0.003 0.006 0.004 0.003 0.006 0.005 
 87  ZFBP216    (0)   :  0.006 0.739 0.004 0.187 0.007 0.004 0.006 0.005 0.022 0.010 0.005 0.005 
 88  ZFBP217    (0)   :  0.005 0.609 0.006 0.108 0.004 0.006 0.003 0.041 0.023 0.006 0.182 0.008 
 89  ZFBP218    (0)   :  0.003 0.944 0.004 0.018 0.004 0.002 0.003 0.003 0.005 0.003 0.009 0.003 
 90  ZFBP219    (0)   :  0.004 0.950 0.003 0.012 0.004 0.003 0.003 0.003 0.006 0.004 0.004 0.003 
 91  ZFBP220    (0)   :  0.009 0.596 0.003 0.303 0.004 0.003 0.003 0.012 0.007 0.004 0.036 0.021 
 92  ZFBP221    (0)   :  0.003 0.404 0.004 0.555 0.004 0.004 0.003 0.006 0.005 0.003 0.008 0.003 
 93  ZFBP222    (0)   :  0.004 0.944 0.005 0.006 0.005 0.003 0.004 0.003 0.007 0.004 0.007 0.007 
 94  ZFBP223    (0)   :  0.009 0.596 0.005 0.144 0.006 0.008 0.004 0.197 0.005 0.008 0.009 0.008 
 95  ZFBP224    (0)   :  0.013 0.931 0.008 0.012 0.004 0.003 0.004 0.005 0.006 0.005 0.005 0.005 
 96  ZFBP225    (0)   :  0.011 0.215 0.003 0.472 0.013 0.003 0.005 0.019 0.014 0.007 0.226 0.012 
 97  ZFBP226    (0)   :  0.006 0.933 0.003 0.025 0.005 0.003 0.004 0.005 0.005 0.004 0.005 0.003 
 98  ZFBP227    (0)   :  0.011 0.412 0.020 0.363 0.004 0.009 0.013 0.008 0.117 0.032 0.006 0.005 
 99  ZFBP228    (0)   :  0.005 0.351 0.005 0.541 0.003 0.004 0.003 0.057 0.004 0.004 0.007 0.017 
100  ZFBP229    (0)   :  0.003 0.858 0.002 0.090 0.003 0.003 0.002 0.005 0.007 0.004 0.017 0.007 
101  ZFBP230    (0)   :  0.008 0.507 0.003 0.394 0.003 0.003 0.003 0.010 0.008 0.004 0.031 0.025 
102  ZFBP231    (0)   :  0.015 0.933 0.005 0.012 0.004 0.005 0.003 0.006 0.005 0.004 0.004 0.004 
103  ZFBP232    (0)   :  0.005 0.954 0.003 0.010 0.003 0.003 0.003 0.004 0.003 0.002 0.007 0.004 
104  ZFBP233    (0)   :  0.009 0.905 0.007 0.027 0.004 0.005 0.004 0.006 0.009 0.005 0.015 0.004 
105   ZFCC01    (0)   :  0.009 0.004 0.019 0.003 0.005 0.004 0.007 0.005 0.004 0.004 0.004 0.932 
106   ZFCC03    (0)   :  0.005 0.004 0.008 0.003 0.003 0.003 0.003 0.008 0.003 0.003 0.005 0.953 
107   ZFCC04    (0)   :  0.012 0.004 0.007 0.004 0.004 0.004 0.004 0.006 0.005 0.004 0.006 0.942 
108   ZFCC05    (0)   :  0.046 0.007 0.012 0.007 0.006 0.005 0.006 0.016 0.007 0.006 0.006 0.877 
109   ZFCC08    (0)   :  0.009 0.013 0.010 0.007 0.002 0.002 0.003 0.005 0.007 0.004 0.018 0.920 
110   ZFCC09    (0)   :  0.006 0.004 0.010 0.003 0.003 0.004 0.004 0.007 0.003 0.003 0.003 0.949 
111   ZFCC10    (0)   :  0.009 0.004 0.040 0.003 0.004 0.004 0.004 0.004 0.003 0.004 0.003 0.918 
112   ZFCC11    (0)   :  0.009 0.005 0.011 0.004 0.004 0.004 0.004 0.012 0.004 0.004 0.004 0.934 
113   ZFCC12    (0)   :  0.031 0.006 0.020 0.008 0.005 0.008 0.138 0.008 0.007 0.012 0.006 0.751 
114   ZFCC13    (0)   :  0.007 0.009 0.004 0.012 0.011 0.004 0.005 0.008 0.010 0.007 0.007 0.917 
115   ZFCC14    (0)   :  0.025 0.008 0.008 0.005 0.006 0.008 0.004 0.005 0.004 0.005 0.006 0.916 
116   ZFCC15    (0)   :  0.006 0.004 0.005 0.004 0.004 0.003 0.005 0.004 0.008 0.005 0.004 0.948 
117   ZFCC16    (0)   :  0.014 0.003 0.005 0.004 0.003 0.004 0.006 0.004 0.005 0.004 0.004 0.944 
118   ZFCC17    (0)   :  0.044 0.003 0.005 0.003 0.009 0.006 0.011 0.005 0.004 0.006 0.003 0.901 
119   ZFCC18    (0)   :  0.009 0.004 0.010 0.004 0.004 0.004 0.005 0.009 0.005 0.004 0.006 0.937 
120   ZFCC19    (0)   :  0.010 0.003 0.003 0.003 0.008 0.005 0.006 0.003 0.008 0.006 0.003 0.942 
121   ZFCC20    (0)   :  0.011 0.003 0.004 0.005 0.003 0.004 0.006 0.008 0.006 0.004 0.005 0.941 
122   ZFCC21    (0)   :  0.012 0.031 0.006 0.015 0.007 0.005 0.004 0.003 0.052 0.005 0.032 0.827 
123   ZFCC22    (0)   :  0.011 0.190 0.013 0.073 0.005 0.003 0.004 0.006 0.009 0.003 0.044 0.638 
124   ZFCC26    (0)   :  0.009 0.003 0.005 0.003 0.003 0.004 0.005 0.004 0.004 0.004 0.004 0.952 
125   ZFCC27    (0)   :  0.005 0.003 0.005 0.003 0.003 0.003 0.003 0.006 0.003 0.004 0.004 0.958 
126   ZFCC29    (0)   :  0.017 0.004 0.006 0.005 0.003 0.009 0.007 0.005 0.010 0.005 0.006 0.922 
127   ZFCC30    (0)   :  0.007 0.003 0.004 0.004 0.003 0.003 0.003 0.011 0.004 0.003 0.005 0.949 
128   ZFCC32    (0)   :  0.010 0.004 0.008 0.006 0.006 0.003 0.009 0.005 0.010 0.006 0.005 0.927 
129   ZFCC33    (0)   :  0.346 0.004 0.009 0.004 0.004 0.009 0.005 0.008 0.005 0.008 0.004 0.593 
130   ZFCC34    (0)   :  0.049 0.063 0.019 0.046 0.009 0.022 0.027 0.070 0.007 0.006 0.020 0.663 
131   ZFCC35    (0)   :  0.008 0.003 0.004 0.004 0.004 0.002 0.002 0.003 0.003 0.003 0.004 0.959 
132   ZFCC36    (0)   :  0.011 0.007 0.004 0.008 0.017 0.004 0.007 0.004 0.014 0.006 0.010 0.907 
133   ZFCC37    (0)   :  0.032 0.008 0.035 0.010 0.005 0.008 0.095 0.008 0.010 0.019 0.005 0.764 
134   ZFCC40    (0)   :  0.014 0.006 0.008 0.004 0.011 0.004 0.004 0.004 0.003 0.004 0.003 0.934 
135   ZFCC42    (0)   :  0.533 0.004 0.009 0.009 0.075 0.040 0.188 0.051 0.006 0.027 0.006 0.051 
136   ZFCC44    (0)   :  0.017 0.003 0.003 0.003 0.008 0.003 0.003 0.010 0.002 0.004 0.003 0.940 
137   ZFCC45    (9)   :  0.060 0.005 0.022 0.005 0.020 0.009 0.011 0.008 0.008 0.015 0.004 0.833 
138   ZFCC46    (0)   :  0.015 0.010 0.003 0.015 0.004 0.003 0.003 0.009 0.008 0.004 0.032 0.892 
139   ZFCC47    (0)   :  0.009 0.005 0.026 0.005 0.003 0.005 0.058 0.005 0.005 0.006 0.006 0.865 
140   ZFCC48    (0)   :  0.014 0.025 0.005 0.011 0.003 0.004 0.003 0.003 0.012 0.004 0.033 0.881 
141   ZFCC50    (0)   :  0.010 0.003 0.004 0.003 0.004 0.004 0.005 0.003 0.004 0.003 0.003 0.954 
142   ZFCC51    (0)   :  0.004 0.003 0.005 0.003 0.002 0.003 0.003 0.009 0.003 0.003 0.003 0.957 
143   ZFCC52    (0)   :  0.040 0.012 0.004 0.011 0.008 0.004 0.007 0.006 0.007 0.004 0.012 0.885 
144   ZFCC53    (0)   :  0.005 0.003 0.005 0.003 0.003 0.003 0.003 0.006 0.003 0.003 0.003 0.960 
145  ZFCNS01    (0)   :  0.003 0.005 0.003 0.030 0.029 0.002 0.011 0.830 0.043 0.033 0.003 0.007 
146  ZFCNS02    (0)   :  0.004 0.003 0.003 0.004 0.002 0.002 0.002 0.966 0.003 0.003 0.004 0.004 
147  ZFCNS05    (0)   :  0.006 0.006 0.005 0.007 0.002 0.005 0.003 0.945 0.004 0.003 0.005 0.007 
148  ZFCNS06    (0)   :  0.004 0.004 0.003 0.004 0.002 0.003 0.002 0.962 0.003 0.003 0.005 0.005 
149  ZFCNS07    (0)   :  0.003 0.006 0.003 0.007 0.002 0.003 0.002 0.956 0.003 0.003 0.009 0.004 
150  ZFCNS10    (0)   :  0.003 0.008 0.003 0.015 0.004 0.003 0.002 0.948 0.003 0.003 0.005 0.005 
151  ZFCNS11    (0)   :  0.003 0.005 0.003 0.016 0.013 0.002 0.008 0.905 0.019 0.014 0.005 0.007 
152  ZFCNS15    (0)   :  0.006 0.014 0.003 0.045 0.002 0.004 0.003 0.904 0.004 0.003 0.007 0.003 
153  ZFCNS17    (0)   :  0.005 0.004 0.003 0.004 0.002 0.002 0.002 0.963 0.003 0.003 0.004 0.005 
154  ZFCNS18    (0)   :  0.004 0.007 0.003 0.015 0.004 0.003 0.002 0.947 0.002 0.003 0.004 0.005 
155  ZFCNS19    (0)   :  0.003 0.003 0.003 0.004 0.002 0.003 0.002 0.967 0.003 0.002 0.003 0.004 
156  ZFCNS20    (0)   :  0.007 0.012 0.003 0.012 0.002 0.003 0.003 0.931 0.004 0.004 0.015 0.004 
157  ZFCNS21    (0)   :  0.004 0.003 0.003 0.005 0.002 0.002 0.002 0.968 0.003 0.003 0.003 0.004 
158  ZFCNS22    (0)   :  0.006 0.011 0.005 0.014 0.002 0.005 0.003 0.936 0.004 0.004 0.005 0.005 
159  ZFCNS23    (0)   :  0.024 0.006 0.005 0.005 0.012 0.003 0.008 0.895 0.010 0.007 0.010 0.013 
160  ZFCNS24    (0)   :  0.009 0.006 0.003 0.008 0.002 0.002 0.003 0.948 0.004 0.003 0.006 0.007 
161  ZFCNS25    (0)   :  0.009 0.008 0.003 0.010 0.002 0.002 0.003 0.942 0.004 0.003 0.008 0.005 
162  ZFCNS26    (0)   :  0.003 0.004 0.003 0.007 0.002 0.003 0.002 0.963 0.003 0.003 0.004 0.003 
163  ZFCNS27    (0)   :  0.006 0.019 0.003 0.050 0.002 0.003 0.003 0.893 0.004 0.003 0.010 0.003 
164  ZFCNS28    (0)   :  0.003 0.004 0.003 0.005 0.002 0.004 0.002 0.964 0.003 0.003 0.004 0.004 
165  ZFCNS29    (0)   :  0.007 0.007 0.004 0.007 0.002 0.004 0.003 0.947 0.004 0.003 0.004 0.008 
166  ZFCNS30    (0)   :  0.005 0.004 0.005 0.006 0.002 0.003 0.003 0.954 0.004 0.003 0.003 0.006 
167  ZFCNS31    (0)   :  0.003 0.004 0.003 0.005 0.002 0.003 0.002 0.965 0.003 0.003 0.004 0.003 
168  ZFCNS32    (0)   :  0.005 0.005 0.003 0.009 0.002 0.003 0.003 0.950 0.005 0.003 0.007 0.005 
169  ZFCNS33    (0)   :  0.003 0.003 0.003 0.005 0.002 0.003 0.002 0.966 0.003 0.003 0.004 0.003 
170  ZFCNS34    (0)   :  0.007 0.005 0.004 0.006 0.002 0.003 0.003 0.946 0.005 0.003 0.004 0.012 
171  ZFCNS35    (0)   :  0.003 0.014 0.017 0.029 0.002 0.024 0.003 0.889 0.004 0.003 0.004 0.009 
172  ZFCNS36    (0)   :  0.009 0.006 0.003 0.007 0.002 0.003 0.003 0.940 0.004 0.003 0.008 0.012 
173  ZFCNS37    (0)   :  0.006 0.005 0.005 0.103 0.002 0.003 0.003 0.847 0.005 0.008 0.008 0.005 
174  ZFCNS39    (0)   :  0.007 0.007 0.002 0.024 0.005 0.002 0.002 0.895 0.012 0.006 0.022 0.017 
175  ZFCNS40    (0)   :  0.014 0.010 0.003 0.125 0.003 0.003 0.003 0.679 0.009 0.005 0.120 0.027 
176  ZFCNS41    (0)   :  0.012 0.018 0.006 0.658 0.004 0.006 0.004 0.254 0.009 0.008 0.005 0.015 
177  ZFCNS42    (0)   :  0.004 0.004 0.003 0.005 0.002 0.003 0.002 0.965 0.002 0.003 0.003 0.003 
178  ZFCNS43    (0)   :  0.003 0.003 0.003 0.004 0.002 0.002 0.002 0.966 0.003 0.003 0.003 0.005 
179  ZFCNS44    (0)   :  0.004 0.007 0.002 0.015 0.004 0.003 0.002 0.949 0.002 0.003 0.003 0.005 
180  ZFCNS46    (0)   :  0.006 0.006 0.004 0.011 0.002 0.003 0.003 0.948 0.004 0.004 0.004 0.005 
181  ZFCNS47    (0)   :  0.003 0.003 0.003 0.005 0.002 0.002 0.002 0.967 0.003 0.003 0.003 0.004 
182  ZFCNS48    (0)   :  0.005 0.012 0.004 0.026 0.004 0.004 0.002 0.923 0.004 0.003 0.005 0.006 
183  ZFCNS49    (0)   :  0.003 0.012 0.003 0.046 0.004 0.004 0.002 0.913 0.003 0.003 0.004 0.003 
184   ZFCR01    (0)   :  0.003 0.030 0.135 0.005 0.005 0.017 0.024 0.003 0.006 0.730 0.016 0.026 
185   ZFCR02    (0)   :  0.057 0.055 0.006 0.015 0.016 0.468 0.010 0.006 0.031 0.211 0.060 0.066 
186   ZFCR03    (0)   :  0.057 0.119 0.051 0.008 0.036 0.231 0.097 0.003 0.231 0.083 0.045 0.041 
187   ZFCR04    (0)   :  0.008 0.024 0.123 0.046 0.036 0.403 0.017 0.014 0.050 0.217 0.040 0.022 
188   ZFCR05    (0)   :  0.006 0.007 0.183 0.007 0.022 0.091 0.016 0.004 0.286 0.307 0.007 0.063 
189   ZFCR06    (0)   :  0.006 0.095 0.031 0.097 0.004 0.104 0.016 0.066 0.044 0.469 0.035 0.032 
190   ZFCR07    (0)   :  0.044 0.009 0.011 0.028 0.007 0.043 0.016 0.051 0.392 0.386 0.004 0.011 
191   ZFCR08    (0)   :  0.037 0.024 0.094 0.015 0.028 0.021 0.021 0.005 0.008 0.626 0.033 0.087 
192   ZFCR09    (0)   :  0.022 0.133 0.026 0.147 0.059 0.144 0.304 0.015 0.033 0.054 0.022 0.040 
193   ZFCR11    (0)   :  0.005 0.037 0.095 0.109 0.009 0.205 0.031 0.011 0.211 0.270 0.003 0.014 
194   ZFCR12    (0)   :  0.011 0.016 0.006 0.072 0.005 0.033 0.004 0.139 0.399 0.274 0.025 0.016 
195   ZFCR13    (0)   :  0.006 0.124 0.006 0.011 0.003 0.020 0.004 0.008 0.366 0.442 0.006 0.006 
196   ZFCR14    (0)   :  0.008 0.010 0.029 0.010 0.011 0.069 0.008 0.006 0.464 0.329 0.033 0.022 
197   ZFCR15    (0)   :  0.015 0.024 0.033 0.017 0.014 0.184 0.006 0.005 0.122 0.459 0.104 0.018 
198   ZFCR16    (0)   :  0.004 0.023 0.013 0.011 0.004 0.245 0.007 0.003 0.067 0.569 0.041 0.012 
199   ZFCR18    (0)   :  0.094 0.024 0.006 0.013 0.005 0.766 0.005 0.011 0.009 0.020 0.017 0.030 
200   ZFCR19    (0)   :  0.005 0.016 0.018 0.011 0.004 0.325 0.155 0.004 0.065 0.037 0.343 0.014 
201   ZFCR20    (0)   :  0.034 0.152 0.205 0.017 0.006 0.111 0.076 0.005 0.247 0.121 0.016 0.011 
202   ZFCR21    (0)   :  0.007 0.010 0.026 0.011 0.004 0.030 0.004 0.003 0.556 0.304 0.017 0.030 
203   ZFCR22    (0)   :  0.006 0.009 0.003 0.006 0.003 0.055 0.012 0.003 0.735 0.150 0.015 0.004 
204   ZFCR23    (0)   :  0.003 0.139 0.009 0.073 0.053 0.063 0.016 0.004 0.376 0.254 0.006 0.004 
205   ZFCR24    (9)   :  0.010 0.532 0.029 0.011 0.005 0.077 0.054 0.004 0.174 0.089 0.007 0.007 
206   ZFCR25    (0)   :  0.008 0.003 0.018 0.004 0.003 0.044 0.049 0.003 0.509 0.346 0.003 0.008 
207   ZFCR26    (0)   :  0.011 0.021 0.011 0.014 0.005 0.004 0.122 0.007 0.730 0.022 0.026 0.028 
208   ZFCR27    (9)   :  0.003 0.004 0.034 0.003 0.003 0.018 0.069 0.003 0.044 0.809 0.003 0.006 
209   ZFCR28    (0)   :  0.006 0.180 0.009 0.024 0.008 0.005 0.004 0.026 0.010 0.590 0.128 0.010 
210   ZFCR29    (0)   :  0.005 0.009 0.034 0.006 0.005 0.145 0.014 0.002 0.730 0.037 0.005 0.007 
211   ZFCR30    (0)   :  0.005 0.005 0.009 0.006 0.009 0.031 0.015 0.005 0.749 0.156 0.005 0.006 
212   ZFCR31    (0)   :  0.029 0.114 0.020 0.137 0.015 0.387 0.079 0.046 0.082 0.047 0.029 0.018 
213   ZFCR33    (0)   :  0.010 0.010 0.058 0.012 0.016 0.006 0.016 0.007 0.020 0.806 0.010 0.027 
214   ZFCR34    (0)   :  0.005 0.029 0.006 0.039 0.024 0.209 0.013 0.011 0.507 0.126 0.012 0.021 
215   ZFCR35    (0)   :  0.010 0.008 0.010 0.011 0.007 0.841 0.010 0.011 0.024 0.031 0.010 0.026 
216   ZFCR36    (0)   :  0.005 0.007 0.013 0.008 0.030 0.330 0.019 0.015 0.454 0.103 0.005 0.009 
217   ZFCR37    (0)   :  0.019 0.004 0.054 0.005 0.017 0.041 0.043 0.004 0.617 0.144 0.004 0.050 
218   ZFCR38    (0)   :  0.011 0.008 0.053 0.008 0.007 0.007 0.047 0.007 0.029 0.772 0.014 0.036 
219   ZFCR39    (0)   :  0.057 0.058 0.015 0.020 0.181 0.024 0.037 0.003 0.010 0.463 0.036 0.096 
220   ZFCR40    (0)   :  0.006 0.013 0.015 0.015 0.039 0.021 0.016 0.004 0.076 0.751 0.005 0.038 
221   ZFCR41    (0)   :  0.008 0.010 0.017 0.088 0.004 0.031 0.004 0.015 0.414 0.300 0.022 0.087 
222   ZFCR42    (0)   :  0.011 0.029 0.014 0.033 0.036 0.018 0.023 0.013 0.371 0.363 0.029 0.060 
223   ZFCR43    (0)   :  0.005 0.137 0.015 0.009 0.006 0.166 0.006 0.004 0.211 0.428 0.007 0.006 
224  ZFENP25    (0)   :  0.006 0.010 0.046 0.005 0.005 0.005 0.004 0.003 0.006 0.883 0.010 0.017 
225  ZFENP26    (0)   :  0.004 0.002 0.005 0.004 0.007 0.006 0.006 0.003 0.004 0.952 0.003 0.004 
226  ZFENP27    (0)   :  0.042 0.025 0.040 0.027 0.017 0.021 0.038 0.046 0.008 0.493 0.015 0.229 
227  ZFENP28    (0)   :  0.005 0.004 0.020 0.005 0.008 0.009 0.017 0.008 0.011 0.898 0.005 0.011 
228  ZFENP29    (0)   :  0.007 0.003 0.004 0.004 0.005 0.004 0.005 0.005 0.009 0.943 0.003 0.008 
229  ZFENP30    (0)   :  0.100 0.005 0.008 0.005 0.011 0.007 0.008 0.010 0.011 0.802 0.006 0.027 
230  ZFENP31    (0)   :  0.388 0.005 0.036 0.005 0.216 0.030 0.050 0.005 0.014 0.234 0.003 0.013 
231  ZFENP32    (0)   :  0.153 0.016 0.045 0.019 0.127 0.291 0.033 0.025 0.016 0.254 0.008 0.013 
232  ZFENP33    (0)   :  0.035 0.006 0.044 0.008 0.009 0.014 0.016 0.005 0.037 0.818 0.003 0.005 
233  ZFENP34    (0)   :  0.086 0.007 0.573 0.007 0.007 0.036 0.023 0.011 0.008 0.218 0.005 0.021 
234  ZFENP35    (0)   :  0.007 0.008 0.007 0.015 0.081 0.015 0.006 0.013 0.011 0.825 0.005 0.006 
235  ZFENP36    (0)   :  0.007 0.003 0.006 0.004 0.011 0.010 0.011 0.011 0.011 0.922 0.002 0.003 
236  ZFENP37    (0)   :  0.010 0.007 0.381 0.009 0.093 0.014 0.010 0.010 0.028 0.426 0.004 0.008 
237  ZFENP38    (0)   :  0.017 0.006 0.027 0.008 0.025 0.010 0.026 0.019 0.420 0.418 0.005 0.019 
238  ZFENP39    (0)   :  0.006 0.004 0.022 0.005 0.009 0.015 0.008 0.004 0.012 0.903 0.003 0.010 
239  ZFENP40    (0)   :  0.013 0.008 0.019 0.006 0.029 0.018 0.014 0.005 0.007 0.871 0.003 0.006 
240  ZFENP41    (0)   :  0.044 0.006 0.015 0.006 0.025 0.015 0.006 0.009 0.006 0.817 0.007 0.045 
241  ZFENP42    (0)   :  0.009 0.003 0.004 0.005 0.227 0.003 0.006 0.003 0.057 0.670 0.005 0.005 
242  ZFENP43    (0)   :  0.008 0.007 0.031 0.034 0.016 0.008 0.030 0.056 0.100 0.669 0.006 0.036 
243  ZFENP44    (0)   :  0.027 0.010 0.020 0.022 0.121 0.005 0.013 0.016 0.035 0.709 0.003 0.020 
244  ZFENP45    (0)   :  0.021 0.024 0.013 0.016 0.140 0.009 0.016 0.011 0.048 0.350 0.334 0.019 
245  ZFENP46    (0)   :  0.012 0.013 0.029 0.022 0.019 0.008 0.015 0.008 0.063 0.804 0.004 0.003 
246  ZFENP47    (0)   :  0.024 0.016 0.017 0.005 0.189 0.101 0.029 0.004 0.008 0.389 0.118 0.100 
247  ZFENP48    (0)   :  0.253 0.014 0.531 0.007 0.012 0.010 0.027 0.007 0.015 0.091 0.013 0.019 
248  ZFENP49    (0)   :  0.175 0.017 0.006 0.010 0.005 0.050 0.027 0.005 0.020 0.656 0.017 0.012 
249  ZFENP50    (0)   :  0.006 0.037 0.006 0.020 0.042 0.007 0.021 0.004 0.092 0.754 0.008 0.004 
250  ZFENP51    (0)   :  0.036 0.004 0.013 0.005 0.032 0.023 0.451 0.007 0.015 0.357 0.049 0.008 
251  ZFENP52    (0)   :  0.006 0.004 0.004 0.013 0.009 0.003 0.005 0.011 0.013 0.918 0.004 0.009 
252  ZFENP53    (0)   :  0.010 0.033 0.009 0.020 0.021 0.007 0.010 0.011 0.030 0.817 0.024 0.009 
253  ZFENP54    (0)   :  0.031 0.052 0.009 0.019 0.007 0.027 0.008 0.004 0.028 0.785 0.010 0.020 
254  ZFENP55    (0)   :  0.011 0.005 0.026 0.004 0.011 0.041 0.025 0.004 0.651 0.214 0.004 0.004 
255  ZFENP56    (0)   :  0.010 0.003 0.009 0.008 0.007 0.014 0.023 0.011 0.094 0.809 0.005 0.007 
256  ZFENP57    (0)   :  0.015 0.004 0.019 0.008 0.069 0.013 0.016 0.013 0.020 0.816 0.002 0.004 
257  ZFENP58    (0)   :  0.270 0.009 0.004 0.013 0.005 0.024 0.016 0.014 0.039 0.474 0.111 0.022 
258  ZFENP59    (0)   :  0.028 0.005 0.010 0.004 0.029 0.015 0.006 0.005 0.011 0.836 0.004 0.046 
259  ZFENP60    (0)   :  0.006 0.009 0.032 0.007 0.014 0.032 0.012 0.007 0.011 0.848 0.011 0.010 
260  ZFENP61    (0)   :  0.008 0.004 0.018 0.003 0.006 0.019 0.007 0.004 0.010 0.907 0.003 0.011 
261 ZFFDSP01    (0)   :  0.004 0.791 0.007 0.133 0.003 0.006 0.003 0.015 0.007 0.003 0.023 0.005 
262 ZFFDSP02    (0)   :  0.003 0.949 0.004 0.016 0.002 0.003 0.002 0.004 0.004 0.003 0.006 0.004 
263 ZFFDSP04    (0)   :  0.003 0.939 0.005 0.017 0.002 0.005 0.003 0.003 0.005 0.002 0.012 0.005 
264 ZFFDSP05    (0)   :  0.003 0.511 0.003 0.442 0.004 0.004 0.003 0.006 0.007 0.004 0.009 0.004 
265 ZFFDSP06    (0)   :  0.003 0.939 0.004 0.019 0.002 0.002 0.002 0.003 0.005 0.002 0.012 0.007 
266 ZFFDSP07    (0)   :  0.020 0.907 0.004 0.007 0.005 0.003 0.004 0.004 0.008 0.004 0.023 0.011 
267 ZFFDSP08    (0)   :  0.035 0.786 0.004 0.046 0.004 0.003 0.004 0.014 0.009 0.004 0.082 0.010 
268 ZFFDSP10    (0)   :  0.007 0.901 0.004 0.045 0.003 0.004 0.003 0.006 0.007 0.004 0.012 0.005 
269 ZFFDSP11    (0)   :  0.003 0.882 0.004 0.073 0.004 0.005 0.003 0.004 0.008 0.003 0.007 0.004 
270 ZFFDSP12    (0)   :  0.005 0.944 0.003 0.017 0.003 0.002 0.002 0.005 0.004 0.003 0.009 0.003 
271 ZFFDSP13    (0)   :  0.008 0.030 0.004 0.916 0.004 0.003 0.003 0.009 0.007 0.005 0.005 0.007 
272 ZFFDSP14    (0)   :  0.007 0.941 0.005 0.006 0.003 0.002 0.003 0.004 0.006 0.003 0.014 0.005 
273 ZFFDSP16    (0)   :  0.004 0.911 0.007 0.023 0.004 0.006 0.003 0.015 0.008 0.007 0.005 0.007 
274 ZFFDSP17    (0)   :  0.004 0.931 0.005 0.020 0.003 0.003 0.003 0.005 0.007 0.003 0.011 0.005 
275 ZFFDSP18    (0)   :  0.003 0.940 0.007 0.008 0.002 0.005 0.003 0.005 0.004 0.003 0.013 0.006 
276 ZFFDSP19    (0)   :  0.004 0.747 0.008 0.046 0.002 0.004 0.003 0.138 0.004 0.003 0.015 0.025 
277 ZFFDSP21    (0)   :  0.004 0.519 0.009 0.354 0.003 0.003 0.002 0.070 0.004 0.003 0.009 0.020 
278 ZFFDSP22    (0)   :  0.004 0.895 0.003 0.012 0.002 0.002 0.002 0.003 0.005 0.003 0.062 0.006 
279 ZFFDSP23    (0)   :  0.003 0.624 0.005 0.177 0.002 0.002 0.002 0.010 0.006 0.003 0.161 0.005 
280 ZFFDSP24    (0)   :  0.005 0.524 0.006 0.421 0.002 0.006 0.003 0.012 0.006 0.003 0.008 0.005 
281 ZFFDSP26    (9)   :  0.004 0.711 0.003 0.239 0.003 0.004 0.003 0.006 0.005 0.003 0.013 0.005 
282 ZFFDSP27    (0)   :  0.004 0.926 0.006 0.027 0.002 0.004 0.003 0.009 0.004 0.003 0.007 0.005 
283 ZFFDSP28    (0)   :  0.015 0.800 0.027 0.060 0.006 0.033 0.018 0.005 0.013 0.007 0.008 0.007 
284 ZFFDSP30    (0)   :  0.009 0.335 0.008 0.515 0.008 0.048 0.006 0.039 0.008 0.005 0.011 0.008 
285 ZFFDSP31    (0)   :  0.005 0.933 0.009 0.018 0.002 0.003 0.002 0.007 0.005 0.004 0.006 0.005 
286 ZFFDSP32    (0)   :  0.005 0.947 0.004 0.014 0.002 0.003 0.003 0.005 0.005 0.003 0.007 0.003 
287 ZFFDSP33    (0)   :  0.003 0.942 0.004 0.023 0.003 0.003 0.003 0.005 0.003 0.003 0.006 0.002 
288 ZFFDSP34    (0)   :  0.005 0.932 0.004 0.021 0.002 0.003 0.002 0.006 0.005 0.003 0.011 0.008 
289 ZFFDSP35    (0)   :  0.004 0.549 0.004 0.407 0.002 0.006 0.003 0.006 0.005 0.003 0.008 0.004 
290 ZFFDSP37    (0)   :  0.004 0.941 0.005 0.021 0.003 0.004 0.002 0.006 0.004 0.003 0.004 0.004 
291 ZFFDSP38    (0)   :  0.004 0.947 0.004 0.012 0.003 0.006 0.002 0.006 0.004 0.003 0.004 0.004 
292 ZFFDSP39    (0)   :  0.003 0.170 0.003 0.793 0.002 0.004 0.002 0.007 0.003 0.003 0.007 0.003 
293 ZFFDSP40    (0)   :  0.004 0.451 0.004 0.506 0.003 0.006 0.002 0.009 0.004 0.003 0.005 0.003 
294 ZFFDSP42    (0)   :  0.004 0.769 0.004 0.115 0.002 0.004 0.002 0.011 0.006 0.003 0.074 0.006 
295 ZFFDSP43    (0)   :  0.003 0.914 0.004 0.040 0.002 0.004 0.002 0.010 0.003 0.003 0.009 0.004 
296 ZFFDSP44    (0)   :  0.005 0.738 0.005 0.213 0.003 0.005 0.003 0.010 0.005 0.003 0.006 0.003 
297 ZFFDSP45    (0)   :  0.004 0.920 0.004 0.036 0.002 0.004 0.002 0.008 0.005 0.003 0.005 0.006 
298 ZFFDSP46    (0)   :  0.004 0.889 0.005 0.059 0.002 0.004 0.002 0.009 0.005 0.003 0.011 0.006 
299 ZFFDSP47    (0)   :  0.005 0.228 0.003 0.718 0.003 0.004 0.003 0.012 0.005 0.003 0.013 0.003 
300 ZFFDSP48    (0)   :  0.004 0.279 0.004 0.671 0.003 0.005 0.003 0.015 0.004 0.004 0.006 0.004 
301    ZFI01    (0)   :  0.013 0.005 0.033 0.005 0.008 0.780 0.117 0.010 0.009 0.009 0.004 0.009 
302    ZFI02    (0)   :  0.004 0.005 0.020 0.005 0.004 0.888 0.045 0.008 0.006 0.006 0.005 0.004 
303    ZFI03    (0)   :  0.005 0.004 0.052 0.004 0.003 0.891 0.009 0.008 0.007 0.006 0.003 0.006 
304    ZFI04    (0)   :  0.005 0.004 0.712 0.005 0.005 0.117 0.125 0.006 0.006 0.008 0.003 0.004 
305    ZFI05    (0)   :  0.008 0.004 0.007 0.005 0.004 0.931 0.006 0.017 0.004 0.007 0.003 0.004 
306    ZFI06    (0)   :  0.007 0.016 0.028 0.036 0.004 0.747 0.033 0.089 0.009 0.025 0.003 0.004 
307    ZFI07    (0)   :  0.007 0.004 0.641 0.004 0.004 0.311 0.008 0.005 0.005 0.006 0.002 0.004 
308    ZFI08    (0)   :  0.005 0.003 0.103 0.003 0.004 0.804 0.043 0.005 0.011 0.009 0.003 0.006 
309    ZFI09    (0)   :  0.005 0.004 0.021 0.005 0.003 0.908 0.026 0.007 0.006 0.008 0.003 0.004 
310    ZFI10    (0)   :  0.006 0.006 0.046 0.008 0.007 0.797 0.030 0.075 0.008 0.008 0.004 0.005 
311    ZFI11    (0)   :  0.009 0.003 0.100 0.005 0.005 0.687 0.155 0.015 0.006 0.007 0.003 0.005 
312    ZFI12    (0)   :  0.006 0.004 0.119 0.006 0.003 0.809 0.009 0.016 0.011 0.006 0.003 0.007 
313    ZFI13    (0)   :  0.021 0.004 0.019 0.005 0.008 0.905 0.007 0.006 0.006 0.010 0.003 0.006 
314    ZFI14    (0)   :  0.005 0.007 0.010 0.006 0.004 0.941 0.005 0.007 0.004 0.004 0.004 0.004 
315    ZFI15    (0)   :  0.005 0.004 0.008 0.004 0.003 0.951 0.005 0.005 0.003 0.005 0.002 0.004 
316    ZFI16    (0)   :  0.004 0.003 0.019 0.004 0.003 0.941 0.004 0.005 0.005 0.005 0.002 0.004 
317    ZFI17    (0)   :  0.006 0.004 0.055 0.005 0.006 0.881 0.011 0.012 0.006 0.008 0.003 0.004 
318    ZFI18    (0)   :  0.005 0.003 0.015 0.003 0.006 0.936 0.007 0.007 0.004 0.008 0.002 0.003 
319    ZFI19    (9)   :  0.006 0.003 0.013 0.003 0.003 0.946 0.006 0.005 0.005 0.004 0.002 0.003 
320    ZFI20    (0)   :  0.003 0.004 0.009 0.005 0.004 0.950 0.004 0.005 0.005 0.004 0.003 0.004 
321    ZFI21    (0)   :  0.004 0.008 0.005 0.009 0.004 0.946 0.003 0.007 0.004 0.003 0.003 0.003 
322    ZFI22    (0)   :  0.004 0.005 0.029 0.004 0.003 0.902 0.028 0.004 0.005 0.005 0.004 0.007 
323    ZFI23    (0)   :  0.006 0.004 0.031 0.004 0.003 0.918 0.006 0.007 0.006 0.006 0.003 0.005 
324    ZFI24    (0)   :  0.008 0.005 0.059 0.005 0.003 0.874 0.007 0.012 0.010 0.006 0.004 0.008 
325    ZFI25    (0)   :  0.005 0.005 0.061 0.005 0.003 0.879 0.009 0.007 0.006 0.008 0.004 0.008 
326    ZFI26    (0)   :  0.010 0.004 0.098 0.005 0.003 0.842 0.008 0.005 0.008 0.007 0.003 0.009 
327    ZFI27    (0)   :  0.011 0.005 0.046 0.007 0.003 0.855 0.009 0.038 0.010 0.007 0.003 0.005 
328    ZFK01    (0)   :  0.962 0.004 0.003 0.004 0.003 0.002 0.003 0.006 0.003 0.003 0.003 0.005 
329    ZFK02    (0)   :  0.959 0.003 0.003 0.004 0.002 0.003 0.003 0.006 0.004 0.004 0.004 0.005 
330    ZFK03    (0)   :  0.961 0.003 0.003 0.003 0.003 0.003 0.003 0.005 0.003 0.004 0.003 0.004 
331    ZFK04    (0)   :  0.961 0.003 0.004 0.003 0.003 0.004 0.006 0.004 0.003 0.003 0.003 0.004 
332    ZFK05    (0)   :  0.936 0.003 0.009 0.003 0.008 0.007 0.012 0.004 0.003 0.005 0.002 0.009 
333    ZFK06    (0)   :  0.939 0.003 0.009 0.003 0.005 0.008 0.007 0.004 0.004 0.007 0.003 0.010 
334    ZFK07    (0)   :  0.960 0.003 0.002 0.004 0.003 0.002 0.003 0.004 0.004 0.003 0.005 0.005 
335    ZFK08    (0)   :  0.957 0.003 0.004 0.004 0.003 0.004 0.006 0.003 0.005 0.004 0.003 0.005 
336    ZFK10    (0)   :  0.961 0.003 0.004 0.003 0.003 0.004 0.005 0.004 0.003 0.003 0.003 0.005 
337    ZFK11    (0)   :  0.942 0.003 0.008 0.003 0.007 0.005 0.007 0.004 0.004 0.005 0.002 0.009 
338    ZFK12    (0)   :  0.948 0.004 0.002 0.006 0.003 0.002 0.003 0.004 0.008 0.004 0.008 0.008 
339    ZFK13    (0)   :  0.907 0.019 0.003 0.020 0.014 0.004 0.003 0.005 0.005 0.004 0.010 0.008 
340    ZFK14    (0)   :  0.663 0.020 0.008 0.024 0.014 0.008 0.008 0.014 0.010 0.006 0.034 0.191 
341    ZFK15    (0)   :  0.925 0.016 0.003 0.011 0.014 0.005 0.004 0.005 0.003 0.004 0.005 0.006 
342    ZFK16    (0)   :  0.954 0.005 0.003 0.005 0.004 0.002 0.003 0.005 0.005 0.003 0.005 0.006 
343   ZFLB01    (0)   :  0.015 0.024 0.006 0.027 0.872 0.009 0.009 0.008 0.009 0.008 0.009 0.004 
344   ZFLB02    (0)   :  0.003 0.003 0.027 0.004 0.911 0.008 0.004 0.004 0.005 0.025 0.003 0.002 
345   ZFLB03    (0)   :  0.008 0.004 0.006 0.006 0.902 0.004 0.003 0.033 0.005 0.019 0.004 0.005 
346   ZFLB04    (0)   :  0.010 0.016 0.010 0.027 0.647 0.027 0.009 0.224 0.007 0.007 0.008 0.008 
347   ZFLB05    (0)   :  0.018 0.012 0.007 0.021 0.867 0.014 0.018 0.016 0.008 0.009 0.006 0.003 
348   ZFLB06    (0)   :  0.072 0.012 0.005 0.009 0.841 0.005 0.015 0.006 0.007 0.011 0.009 0.008 
349   ZFLB07    (0)   :  0.105 0.013 0.015 0.028 0.558 0.013 0.016 0.061 0.083 0.087 0.011 0.010 
350   ZFLB08    (0)   :  0.008 0.004 0.030 0.006 0.881 0.014 0.008 0.008 0.009 0.024 0.003 0.004 
351   ZFLB09    (9)   :  0.014 0.005 0.008 0.005 0.914 0.009 0.017 0.005 0.006 0.008 0.004 0.006 
352   ZFLB10    (0)   :  0.007 0.003 0.005 0.004 0.946 0.006 0.010 0.005 0.004 0.005 0.003 0.004 
353   ZFLB11    (0)   :  0.015 0.004 0.004 0.004 0.937 0.004 0.006 0.003 0.006 0.005 0.005 0.008 
354   ZFLB12    (0)   :  0.008 0.003 0.006 0.003 0.948 0.004 0.007 0.004 0.004 0.006 0.002 0.004 
355   ZFLB13    (0)   :  0.010 0.017 0.019 0.025 0.795 0.005 0.014 0.019 0.024 0.055 0.004 0.015 
356  ZFLTI01    (0)   :  0.006 0.017 0.005 0.901 0.002 0.004 0.002 0.008 0.008 0.003 0.010 0.032 
357  ZFLTI02    (0)   :  0.009 0.013 0.009 0.838 0.002 0.003 0.002 0.034 0.006 0.004 0.012 0.067 
358  ZFLTI03    (0)   :  0.005 0.007 0.005 0.938 0.002 0.003 0.002 0.013 0.005 0.003 0.008 0.009 
359  ZFLTI04    (0)   :  0.013 0.010 0.007 0.914 0.003 0.005 0.003 0.018 0.007 0.005 0.005 0.010 
360  ZFLTI05    (0)   :  0.006 0.009 0.005 0.934 0.002 0.003 0.002 0.019 0.004 0.003 0.004 0.007 
361  ZFLTI06    (0)   :  0.004 0.010 0.003 0.946 0.002 0.004 0.002 0.006 0.004 0.003 0.009 0.006 
362  ZFLTI07    (0)   :  0.005 0.010 0.005 0.946 0.002 0.004 0.003 0.006 0.005 0.004 0.004 0.006 
363  ZFLTI08    (0)   :  0.006 0.008 0.012 0.916 0.002 0.004 0.003 0.025 0.007 0.005 0.004 0.006 
364  ZFLTI09    (0)   :  0.005 0.016 0.010 0.935 0.002 0.004 0.003 0.008 0.005 0.003 0.004 0.006 
365  ZFLTI10    (0)   :  0.005 0.021 0.007 0.933 0.002 0.003 0.002 0.006 0.004 0.004 0.004 0.008 
366  ZFLTI11    (0)   :  0.005 0.014 0.006 0.924 0.002 0.003 0.003 0.010 0.005 0.003 0.018 0.007 
367  ZFLTI12    (0)   :  0.006 0.016 0.007 0.908 0.002 0.003 0.003 0.012 0.005 0.003 0.015 0.020 
368  ZFLTI13    (0)   :  0.008 0.008 0.005 0.865 0.002 0.004 0.003 0.057 0.008 0.005 0.013 0.023 
369  ZFLTI14    (0)   :  0.011 0.049 0.014 0.636 0.002 0.003 0.003 0.178 0.006 0.004 0.006 0.088 
370 ZFONF101    (0)   :  0.003 0.965 0.003 0.006 0.002 0.002 0.002 0.002 0.003 0.003 0.006 0.002 
