

----------------------------------------------------
STRUCTURE by Pritchard, Stephens and Donnelly (2000)
     and Falush, Stephens and Pritchard (2003)
       Code by Pritchard, Falush and Hubisz
             Version 2.3.4 (Jul 2012)
----------------------------------------------------



Command line arguments:   bin\structure -m C:\Users\eschumacher\Documents\GitHub\GCC_QUAC_ZAIN\Data_Files\Structure_Files\ZAIN\ZAIN_wild_rebinned_nopopinfo\50-50\mainparams -e C:\Users\eschumacher\Documents\GitHub\GCC_QUAC_ZAIN\Data_Files\Structure_Files\ZAIN\ZAIN_wild_rebinned_nopopinfo\50-50\extraparams 
Input File:    C:\Users\eschumacher\Documents\GitHub\GCC_QUAC_ZAIN\Data_Files\Structure_Files\ZAIN\ZAIN_wild_rebinned_nopopinfo\project_data

Run parameters:
   751 individuals
   11 loci
   15 populations assumed
   50000 Burn-in period
   50000 Reps


--------------------------------------------
Overall proportion of membership of the
sample in each of the 15 clusters

Inferred Clusters
  1      2      3      4      5      6      7      8      9     10     11     12     13     14     15    
0.065  0.083  0.032  0.089  0.049  0.060  0.106  0.054  0.058  0.083  0.061  0.059  0.071  0.078  0.050  

--------------------------------------------

Allele-freq. divergence among pops (Net nucleotide distance),
computed using point estimates of P.

      1       2       3       4       5       6       7       8       9      10      11      12      13      14      15      
 1      -    0.2046  0.2483  0.3002  0.1779  0.2614  0.2749  0.2415  0.3791  0.2063  0.3001  0.2556  0.3108  0.1418  0.4587  
 2   0.2046     -    0.1599  0.1373  0.1840  0.0728  0.2217  0.2108  0.1435  0.1613  0.2856  0.1198  0.1249  0.1746  0.1843  
 3   0.2483  0.1599     -    0.2627  0.1809  0.1863  0.2299  0.2038  0.2406  0.2011  0.2849  0.1898  0.2825  0.2123  0.3257  
 4   0.3002  0.1373  0.2627     -    0.2567  0.0988  0.2605  0.2759  0.1543  0.2250  0.3795  0.2302  0.1058  0.2738  0.3138  
 5   0.1779  0.1840  0.1809  0.2567     -    0.1403  0.0661  0.1020  0.3204  0.1693  0.1460  0.1485  0.2667  0.0437  0.4208  
 6   0.2614  0.0728  0.1863  0.0988  0.1403     -    0.1443  0.1580  0.1358  0.1295  0.2044  0.1231  0.1181  0.1588  0.2693  
 7   0.2749  0.2217  0.2299  0.2605  0.0661  0.1443     -    0.0702  0.3143  0.2429  0.1408  0.1838  0.2890  0.0665  0.3915  
 8   0.2415  0.2108  0.2038  0.2759  0.1020  0.1580  0.0702     -    0.3077  0.2161  0.1103  0.2087  0.2980  0.1029  0.3968  
 9   0.3791  0.1435  0.2406  0.1543  0.3204  0.1358  0.3143  0.3077     -    0.2722  0.3617  0.2415  0.1779  0.3128  0.2245  
10   0.2063  0.1613  0.2011  0.2250  0.1693  0.1295  0.2429  0.2161  0.2722     -    0.2134  0.1936  0.1908  0.2008  0.3579  
11   0.3001  0.2856  0.2849  0.3795  0.1460  0.2044  0.1408  0.1103  0.3617  0.2134     -    0.1909  0.3954  0.1352  0.4672  
12   0.2556  0.1198  0.1898  0.2302  0.1485  0.1231  0.1838  0.2087  0.2415  0.1936  0.1909     -    0.2090  0.1417  0.3805  
13   0.3108  0.1249  0.2825  0.1058  0.2667  0.1181  0.2890  0.2980  0.1779  0.1908  0.3954  0.2090     -    0.3041  0.3710  
14   0.1418  0.1746  0.2123  0.2738  0.0437  0.1588  0.0665  0.1029  0.3128  0.2008  0.1352  0.1417  0.3041     -    0.3640  
15   0.4587  0.1843  0.3257  0.3138  0.4208  0.2693  0.3915  0.3968  0.2245  0.3579  0.4672  0.3805  0.3710  0.3640     -    

Average distances (expected heterozygosity) between individuals in same cluster:
cluster  1  : 0.2211 
cluster  2  : 0.5301 
cluster  3  : 0.2417 
cluster  4  : 0.4658 
cluster  5  : 0.3892 
cluster  6  : 0.6087 
cluster  7  : 0.3642 
cluster  8  : 0.4025 
cluster  9  : 0.3751 
cluster 10  : 0.3857 
cluster 11  : 0.3583 
cluster 12  : 0.3840 
cluster 13  : 0.3038 
cluster 14  : 0.4184 
cluster 15  : 0.2470 

--------------------------------------------
Estimated Ln Prob of Data   = -12967.0
Mean value of ln likelihood = -12440.8
Variance of ln likelihood   = 1052.3
Mean value of alpha         = 0.0319

Mean value of Fst_1         = 0.6673
Mean value of Fst_2         = 0.1613
Mean value of Fst_3         = 0.6414
Mean value of Fst_4         = 0.4664
Mean value of Fst_5         = 0.4708
Mean value of Fst_6         = 0.1465
Mean value of Fst_7         = 0.4271
Mean value of Fst_8         = 0.3834
Mean value of Fst_9         = 0.5554
Mean value of Fst_10         = 0.4175
Mean value of Fst_11         = 0.4480
Mean value of Fst_12         = 0.4263
Mean value of Fst_13         = 0.5216
Mean value of Fst_14         = 0.4224
Mean value of Fst_15         = 0.6425


Inferred ancestry of individuals:
        Label (%Miss) :  Inferred clusters
  1    ZFB01    (0)   :  0.003 0.003 0.002 0.945 0.003 0.004 0.004 0.003 0.006 0.004 0.003 0.003 0.009 0.003 0.005 
  2    ZFB02    (0)   :  0.002 0.006 0.006 0.826 0.003 0.021 0.004 0.003 0.082 0.012 0.003 0.005 0.011 0.003 0.013 
  3    ZFB03    (0)   :  0.018 0.015 0.005 0.857 0.011 0.015 0.011 0.005 0.008 0.006 0.002 0.010 0.021 0.013 0.003 
  4    ZFB04    (0)   :  0.002 0.005 0.009 0.883 0.003 0.010 0.005 0.003 0.046 0.005 0.002 0.004 0.007 0.003 0.014 
  5    ZFB05    (0)   :  0.010 0.042 0.038 0.690 0.003 0.009 0.003 0.002 0.056 0.008 0.010 0.028 0.010 0.005 0.086 
  6    ZFB06    (0)   :  0.009 0.034 0.021 0.774 0.002 0.006 0.003 0.003 0.027 0.008 0.011 0.022 0.008 0.006 0.068 
  7    ZFB07    (9)   :  0.005 0.043 0.006 0.796 0.005 0.012 0.006 0.004 0.006 0.004 0.006 0.012 0.081 0.005 0.011 
  8    ZFB08    (0)   :  0.005 0.006 0.010 0.849 0.011 0.013 0.009 0.009 0.013 0.006 0.007 0.023 0.029 0.006 0.003 
  9    ZFB09    (0)   :  0.003 0.004 0.002 0.950 0.003 0.005 0.003 0.003 0.005 0.004 0.002 0.004 0.007 0.002 0.003 
 10    ZFB10    (0)   :  0.002 0.004 0.006 0.900 0.011 0.012 0.018 0.009 0.007 0.004 0.006 0.004 0.004 0.007 0.004 
 11    ZFB11    (0)   :  0.002 0.003 0.004 0.942 0.003 0.005 0.005 0.004 0.005 0.004 0.003 0.003 0.004 0.003 0.010 
 12    ZFB12    (0)   :  0.004 0.010 0.003 0.873 0.003 0.013 0.007 0.004 0.022 0.004 0.003 0.021 0.005 0.007 0.020 
 13    ZFB13    (0)   :  0.004 0.006 0.014 0.865 0.010 0.022 0.011 0.012 0.014 0.004 0.008 0.012 0.007 0.007 0.003 
 14    ZFB14    (0)   :  0.003 0.004 0.004 0.942 0.004 0.009 0.004 0.004 0.004 0.005 0.003 0.003 0.005 0.003 0.003 
 15    ZFB15    (0)   :  0.002 0.003 0.003 0.949 0.002 0.005 0.003 0.002 0.009 0.003 0.002 0.003 0.006 0.002 0.006 
 16    ZFB16    (0)   :  0.003 0.005 0.011 0.903 0.007 0.009 0.007 0.006 0.020 0.002 0.004 0.009 0.005 0.005 0.004 
 17    ZFB17    (0)   :  0.002 0.008 0.029 0.838 0.007 0.015 0.009 0.004 0.009 0.012 0.008 0.025 0.005 0.008 0.022 
 18    ZFB18    (0)   :  0.002 0.003 0.002 0.954 0.003 0.008 0.003 0.003 0.003 0.004 0.002 0.003 0.004 0.002 0.003 
 19    ZFB19    (0)   :  0.006 0.034 0.005 0.453 0.028 0.317 0.036 0.012 0.010 0.004 0.009 0.031 0.030 0.020 0.006 
 20    ZFB20    (0)   :  0.002 0.006 0.024 0.868 0.006 0.012 0.008 0.005 0.029 0.003 0.004 0.008 0.005 0.005 0.014 
 21    ZFB21    (0)   :  0.003 0.005 0.003 0.948 0.003 0.004 0.002 0.002 0.007 0.003 0.002 0.003 0.006 0.002 0.006 
 22    ZFB22    (0)   :  0.002 0.007 0.005 0.877 0.007 0.011 0.008 0.004 0.021 0.007 0.008 0.009 0.005 0.009 0.021 
 23    ZFB23    (0)   :  0.003 0.004 0.006 0.939 0.003 0.005 0.004 0.004 0.005 0.004 0.002 0.003 0.003 0.003 0.013 
 24    ZFB24    (0)   :  0.003 0.003 0.006 0.934 0.003 0.004 0.004 0.004 0.008 0.003 0.002 0.003 0.004 0.003 0.015 
 25    ZFB25    (0)   :  0.003 0.003 0.003 0.941 0.006 0.004 0.011 0.005 0.003 0.003 0.003 0.003 0.003 0.005 0.004 
 26    ZFB26    (0)   :  0.003 0.005 0.010 0.910 0.004 0.003 0.008 0.005 0.007 0.004 0.003 0.003 0.004 0.005 0.024 
 27    ZFB27    (0)   :  0.002 0.004 0.003 0.903 0.003 0.004 0.004 0.004 0.006 0.003 0.002 0.002 0.004 0.003 0.052 
 28    ZFB28    (0)   :  0.004 0.021 0.009 0.772 0.003 0.014 0.006 0.004 0.012 0.007 0.003 0.010 0.004 0.005 0.126 
 29    ZFB29    (0)   :  0.002 0.004 0.008 0.938 0.002 0.007 0.003 0.003 0.009 0.005 0.002 0.003 0.004 0.002 0.008 
 30    ZFB30    (0)   :  0.006 0.073 0.004 0.640 0.003 0.007 0.004 0.004 0.008 0.003 0.012 0.015 0.026 0.005 0.190 
 31    ZFB31    (0)   :  0.003 0.004 0.003 0.923 0.006 0.012 0.012 0.005 0.004 0.004 0.003 0.003 0.005 0.006 0.006 
 32    ZFB32    (0)   :  0.006 0.023 0.021 0.764 0.005 0.017 0.011 0.008 0.015 0.020 0.004 0.030 0.007 0.009 0.060 
 33    ZFB33    (0)   :  0.002 0.004 0.003 0.952 0.002 0.004 0.003 0.003 0.009 0.003 0.002 0.003 0.005 0.002 0.005 
 34    ZFB34    (0)   :  0.003 0.004 0.004 0.934 0.004 0.007 0.004 0.003 0.005 0.006 0.002 0.004 0.015 0.003 0.003 
 35    ZFB35    (0)   :  0.004 0.004 0.006 0.926 0.004 0.005 0.005 0.004 0.009 0.004 0.003 0.004 0.013 0.004 0.005 
 36  ZFBP101    (0)   :  0.012 0.005 0.054 0.008 0.519 0.010 0.132 0.048 0.008 0.033 0.031 0.010 0.004 0.123 0.003 
 37  ZFBP102    (0)   :  0.004 0.008 0.024 0.011 0.405 0.011 0.205 0.148 0.012 0.008 0.011 0.007 0.004 0.141 0.003 
 38  ZFBP103    (0)   :  0.014 0.005 0.025 0.006 0.697 0.009 0.052 0.011 0.006 0.036 0.007 0.005 0.003 0.121 0.003 
 39  ZFBP104    (0)   :  0.008 0.012 0.005 0.016 0.129 0.016 0.194 0.030 0.009 0.003 0.008 0.025 0.022 0.519 0.003 
 40  ZFBP105    (0)   :  0.014 0.006 0.007 0.006 0.051 0.009 0.261 0.417 0.005 0.005 0.005 0.009 0.006 0.196 0.005 
 41  ZFBP106    (0)   :  0.021 0.004 0.012 0.003 0.247 0.003 0.442 0.148 0.003 0.007 0.009 0.005 0.004 0.088 0.003 
 42  ZFBP107    (0)   :  0.021 0.016 0.042 0.008 0.079 0.006 0.191 0.203 0.007 0.005 0.005 0.007 0.005 0.374 0.032 
 43  ZFBP108    (0)   :  0.007 0.003 0.004 0.003 0.013 0.003 0.882 0.050 0.002 0.003 0.005 0.003 0.003 0.015 0.003 
 44  ZFBP109    (0)   :  0.004 0.004 0.003 0.003 0.322 0.006 0.406 0.215 0.002 0.004 0.005 0.004 0.006 0.014 0.002 
 45  ZFBP110    (0)   :  0.083 0.019 0.032 0.037 0.083 0.061 0.197 0.055 0.008 0.024 0.005 0.009 0.010 0.374 0.003 
 46  ZFBP111    (0)   :  0.009 0.003 0.005 0.003 0.032 0.003 0.289 0.039 0.003 0.004 0.097 0.012 0.003 0.497 0.003 
 47  ZFBP112    (0)   :  0.011 0.004 0.013 0.003 0.015 0.005 0.837 0.022 0.004 0.012 0.046 0.007 0.003 0.013 0.005 
 48  ZFBP113    (0)   :  0.003 0.003 0.003 0.003 0.011 0.004 0.933 0.007 0.003 0.003 0.004 0.005 0.003 0.012 0.004 
 49  ZFBP114    (0)   :  0.004 0.005 0.012 0.003 0.196 0.003 0.040 0.675 0.003 0.004 0.005 0.003 0.004 0.034 0.007 
 50  ZFBP115    (0)   :  0.024 0.004 0.012 0.003 0.064 0.004 0.024 0.050 0.003 0.011 0.017 0.008 0.003 0.770 0.003 
 51  ZFBP116    (0)   :  0.006 0.004 0.005 0.002 0.038 0.004 0.862 0.021 0.003 0.004 0.005 0.007 0.003 0.032 0.004 
 52  ZFBP117    (0)   :  0.008 0.004 0.005 0.003 0.044 0.007 0.565 0.304 0.002 0.010 0.009 0.004 0.004 0.028 0.002 
 53  ZFBP118    (0)   :  0.004 0.009 0.018 0.004 0.143 0.003 0.293 0.457 0.004 0.004 0.011 0.004 0.003 0.031 0.013 
 54  ZFBP119    (0)   :  0.017 0.005 0.013 0.003 0.117 0.007 0.032 0.520 0.003 0.024 0.022 0.023 0.005 0.207 0.002 
 55  ZFBP120    (0)   :  0.014 0.006 0.006 0.007 0.034 0.006 0.435 0.221 0.005 0.004 0.005 0.009 0.007 0.238 0.004 
 56  ZFBP121    (0)   :  0.009 0.005 0.008 0.005 0.084 0.007 0.387 0.451 0.003 0.009 0.006 0.005 0.006 0.014 0.003 
 57  ZFBP122    (9)   :  0.005 0.004 0.005 0.003 0.033 0.004 0.836 0.026 0.003 0.004 0.010 0.007 0.003 0.054 0.003 
 58  ZFBP123    (0)   :  0.005 0.004 0.030 0.002 0.011 0.005 0.868 0.019 0.004 0.009 0.013 0.008 0.004 0.012 0.006 
 59  ZFBP124    (0)   :  0.005 0.004 0.010 0.005 0.142 0.005 0.458 0.324 0.004 0.005 0.005 0.005 0.013 0.011 0.005 
 60  ZFBP125    (0)   :  0.010 0.003 0.006 0.002 0.118 0.004 0.447 0.306 0.002 0.007 0.019 0.005 0.002 0.066 0.003 
 61  ZFBP126    (0)   :  0.003 0.010 0.019 0.009 0.049 0.022 0.795 0.006 0.013 0.012 0.005 0.013 0.004 0.035 0.003 
 62  ZFBP127    (0)   :  0.060 0.004 0.006 0.003 0.283 0.003 0.413 0.088 0.003 0.012 0.005 0.003 0.004 0.110 0.003 
 63  ZFBP128    (0)   :  0.013 0.002 0.007 0.004 0.102 0.004 0.782 0.022 0.002 0.013 0.026 0.004 0.004 0.012 0.002 
 64  ZFBP129    (0)   :  0.008 0.005 0.009 0.004 0.016 0.008 0.472 0.303 0.003 0.009 0.140 0.005 0.009 0.007 0.003 
 65  ZFBP130    (0)   :  0.010 0.003 0.010 0.002 0.127 0.004 0.540 0.153 0.003 0.024 0.069 0.010 0.002 0.039 0.005 
 66  ZFBP131    (0)   :  0.003 0.003 0.003 0.003 0.006 0.004 0.903 0.048 0.003 0.003 0.004 0.004 0.003 0.005 0.003 
 67  ZFBP132    (0)   :  0.016 0.003 0.004 0.004 0.013 0.004 0.713 0.203 0.002 0.005 0.004 0.003 0.003 0.019 0.003 
 68  ZFBP133    (0)   :  0.003 0.002 0.003 0.002 0.008 0.004 0.906 0.010 0.002 0.006 0.039 0.005 0.003 0.006 0.002 
 69  ZFBP134    (0)   :  0.008 0.003 0.003 0.004 0.162 0.006 0.151 0.015 0.003 0.020 0.012 0.014 0.004 0.593 0.003 
 70  ZFBP135    (0)   :  0.012 0.005 0.038 0.012 0.525 0.025 0.202 0.050 0.007 0.078 0.011 0.005 0.005 0.023 0.002 
 71  ZFBP136    (0)   :  0.014 0.004 0.159 0.003 0.285 0.005 0.305 0.049 0.005 0.038 0.035 0.008 0.003 0.073 0.011 
 72  ZFBP201    (0)   :  0.008 0.005 0.004 0.004 0.005 0.006 0.924 0.006 0.004 0.004 0.004 0.005 0.004 0.011 0.006 
 73  ZFBP202    (0)   :  0.012 0.005 0.005 0.005 0.023 0.005 0.791 0.073 0.003 0.005 0.008 0.006 0.008 0.048 0.003 
 74  ZFBP203    (0)   :  0.005 0.021 0.006 0.006 0.009 0.012 0.785 0.022 0.022 0.004 0.012 0.023 0.006 0.017 0.050 
 75  ZFBP204    (0)   :  0.021 0.006 0.040 0.004 0.090 0.007 0.182 0.379 0.005 0.012 0.024 0.011 0.005 0.211 0.006 
 76  ZFBP205    (0)   :  0.003 0.004 0.011 0.002 0.006 0.006 0.634 0.265 0.004 0.007 0.012 0.006 0.004 0.031 0.005 
 77  ZFBP206    (0)   :  0.004 0.003 0.018 0.003 0.007 0.004 0.893 0.010 0.005 0.007 0.018 0.011 0.005 0.005 0.006 
 78  ZFBP207    (0)   :  0.133 0.004 0.008 0.004 0.011 0.007 0.022 0.626 0.003 0.013 0.007 0.005 0.004 0.147 0.004 
 79  ZFBP208    (0)   :  0.003 0.005 0.012 0.002 0.005 0.004 0.909 0.012 0.006 0.004 0.006 0.010 0.004 0.008 0.010 
 80  ZFBP209    (0)   :  0.003 0.002 0.003 0.002 0.042 0.004 0.792 0.054 0.002 0.009 0.067 0.005 0.004 0.008 0.002 
 81  ZFBP210    (0)   :  0.008 0.005 0.005 0.004 0.005 0.004 0.905 0.011 0.004 0.004 0.008 0.009 0.004 0.017 0.007 
 82  ZFBP211    (0)   :  0.009 0.004 0.008 0.007 0.020 0.004 0.284 0.624 0.003 0.005 0.005 0.005 0.006 0.012 0.003 
 83  ZFBP212    (0)   :  0.035 0.003 0.003 0.006 0.014 0.003 0.686 0.040 0.003 0.002 0.006 0.003 0.005 0.188 0.003 
 84  ZFBP213    (0)   :  0.013 0.006 0.024 0.005 0.011 0.006 0.831 0.036 0.006 0.011 0.009 0.012 0.017 0.009 0.004 
 85  ZFBP214    (0)   :  0.037 0.008 0.023 0.006 0.017 0.014 0.686 0.020 0.004 0.048 0.048 0.042 0.014 0.029 0.004 
 86  ZFBP215    (0)   :  0.006 0.003 0.005 0.003 0.020 0.004 0.911 0.017 0.003 0.005 0.007 0.004 0.004 0.007 0.002 
 87  ZFBP216    (0)   :  0.007 0.010 0.006 0.004 0.027 0.007 0.656 0.083 0.005 0.005 0.006 0.031 0.005 0.142 0.007 
 88  ZFBP217    (0)   :  0.035 0.007 0.004 0.006 0.010 0.006 0.611 0.037 0.003 0.007 0.120 0.024 0.006 0.120 0.005 
 89  ZFBP218    (0)   :  0.003 0.003 0.002 0.002 0.021 0.004 0.648 0.250 0.003 0.004 0.012 0.006 0.010 0.029 0.003 
 90  ZFBP219    (0)   :  0.003 0.004 0.003 0.002 0.006 0.003 0.941 0.007 0.003 0.002 0.003 0.005 0.003 0.010 0.004 
 91  ZFBP220    (0)   :  0.015 0.004 0.008 0.002 0.066 0.004 0.688 0.029 0.003 0.020 0.043 0.006 0.003 0.106 0.003 
 92  ZFBP221    (0)   :  0.008 0.003 0.002 0.004 0.050 0.004 0.298 0.183 0.003 0.004 0.008 0.005 0.011 0.413 0.004 
 93  ZFBP222    (0)   :  0.003 0.003 0.004 0.003 0.005 0.005 0.932 0.012 0.004 0.006 0.006 0.005 0.004 0.004 0.004 
 94  ZFBP223    (0)   :  0.192 0.006 0.010 0.008 0.011 0.006 0.431 0.101 0.004 0.009 0.009 0.006 0.005 0.197 0.005 
 95  ZFBP224    (0)   :  0.006 0.006 0.015 0.003 0.008 0.005 0.897 0.018 0.003 0.005 0.004 0.008 0.007 0.011 0.004 
 96  ZFBP225    (0)   :  0.019 0.006 0.010 0.003 0.024 0.006 0.257 0.019 0.004 0.014 0.212 0.012 0.003 0.402 0.009 
 97  ZFBP226    (0)   :  0.005 0.004 0.005 0.003 0.007 0.003 0.789 0.134 0.004 0.004 0.005 0.006 0.003 0.025 0.005 
 98  ZFBP227    (0)   :  0.009 0.026 0.011 0.009 0.065 0.018 0.317 0.066 0.011 0.005 0.007 0.119 0.019 0.315 0.004 
 99  ZFBP228    (0)   :  0.066 0.004 0.005 0.005 0.115 0.005 0.201 0.248 0.003 0.014 0.007 0.004 0.006 0.314 0.003 
100  ZFBP229    (0)   :  0.005 0.004 0.004 0.002 0.025 0.005 0.777 0.072 0.003 0.007 0.021 0.006 0.002 0.064 0.003 
101  ZFBP230    (0)   :  0.013 0.005 0.011 0.003 0.105 0.006 0.499 0.076 0.003 0.030 0.032 0.010 0.003 0.200 0.004 
102  ZFBP231    (0)   :  0.008 0.007 0.017 0.006 0.028 0.007 0.097 0.771 0.005 0.004 0.005 0.008 0.008 0.025 0.005 
103  ZFBP232    (0)   :  0.004 0.002 0.005 0.003 0.019 0.003 0.326 0.604 0.003 0.004 0.007 0.004 0.003 0.010 0.003 
104  ZFBP233    (0)   :  0.006 0.005 0.010 0.005 0.092 0.005 0.681 0.118 0.004 0.005 0.024 0.012 0.009 0.022 0.004 
105   ZFCC01    (0)   :  0.004 0.003 0.009 0.005 0.004 0.004 0.005 0.003 0.007 0.922 0.004 0.005 0.018 0.003 0.004 
106   ZFCC03    (0)   :  0.009 0.003 0.005 0.003 0.004 0.004 0.004 0.003 0.003 0.942 0.004 0.003 0.007 0.003 0.003 
107   ZFCC04    (0)   :  0.005 0.004 0.012 0.004 0.004 0.004 0.004 0.003 0.004 0.932 0.005 0.005 0.006 0.004 0.003 
108   ZFCC05    (0)   :  0.018 0.007 0.044 0.005 0.006 0.005 0.007 0.004 0.006 0.858 0.007 0.008 0.013 0.007 0.005 
109   ZFCC08    (0)   :  0.005 0.003 0.009 0.002 0.021 0.005 0.010 0.014 0.003 0.887 0.017 0.008 0.009 0.006 0.002 
110   ZFCC09    (0)   :  0.007 0.003 0.006 0.004 0.005 0.003 0.003 0.005 0.003 0.938 0.003 0.003 0.011 0.003 0.003 
111   ZFCC10    (0)   :  0.004 0.003 0.007 0.003 0.004 0.004 0.004 0.005 0.004 0.907 0.003 0.004 0.040 0.002 0.003 
112   ZFCC11    (0)   :  0.011 0.004 0.008 0.003 0.005 0.004 0.006 0.004 0.004 0.924 0.004 0.005 0.011 0.004 0.003 
113   ZFCC12    (0)   :  0.008 0.011 0.037 0.007 0.011 0.021 0.007 0.005 0.138 0.708 0.007 0.009 0.020 0.008 0.005 
114   ZFCC13    (0)   :  0.008 0.006 0.008 0.004 0.010 0.004 0.010 0.005 0.005 0.895 0.007 0.012 0.004 0.011 0.011 
115   ZFCC14    (0)   :  0.004 0.005 0.025 0.008 0.005 0.009 0.010 0.007 0.004 0.892 0.007 0.003 0.008 0.004 0.006 
116   ZFCC15    (0)   :  0.004 0.005 0.006 0.004 0.004 0.005 0.004 0.003 0.004 0.936 0.004 0.008 0.005 0.004 0.005 
117   ZFCC16    (0)   :  0.004 0.004 0.014 0.004 0.004 0.005 0.003 0.003 0.006 0.932 0.004 0.005 0.006 0.003 0.003 
118   ZFCC17    (0)   :  0.006 0.005 0.040 0.006 0.004 0.004 0.003 0.003 0.011 0.894 0.003 0.004 0.006 0.003 0.008 
119   ZFCC18    (0)   :  0.008 0.004 0.008 0.003 0.004 0.003 0.004 0.004 0.004 0.929 0.005 0.005 0.009 0.003 0.004 
120   ZFCC19    (0)   :  0.003 0.005 0.009 0.004 0.003 0.006 0.003 0.002 0.006 0.935 0.003 0.007 0.003 0.003 0.008 
121   ZFCC20    (0)   :  0.008 0.004 0.011 0.004 0.006 0.004 0.004 0.003 0.005 0.925 0.005 0.008 0.004 0.006 0.002 
122   ZFCC21    (0)   :  0.003 0.005 0.013 0.005 0.014 0.032 0.074 0.008 0.005 0.744 0.033 0.037 0.006 0.014 0.007 
123   ZFCC22    (0)   :  0.005 0.004 0.010 0.003 0.145 0.007 0.126 0.042 0.004 0.533 0.044 0.010 0.023 0.037 0.006 
124   ZFCC26    (0)   :  0.004 0.004 0.008 0.004 0.004 0.005 0.003 0.003 0.005 0.941 0.004 0.004 0.005 0.003 0.003 
125   ZFCC27    (0)   :  0.006 0.003 0.005 0.003 0.004 0.003 0.003 0.003 0.003 0.950 0.003 0.003 0.004 0.003 0.003 
126   ZFCC29    (0)   :  0.005 0.005 0.018 0.009 0.005 0.006 0.004 0.004 0.007 0.909 0.005 0.009 0.006 0.005 0.003 
127   ZFCC30    (0)   :  0.009 0.003 0.007 0.003 0.004 0.003 0.003 0.004 0.003 0.942 0.005 0.004 0.003 0.004 0.003 
128   ZFCC32    (0)   :  0.005 0.006 0.009 0.003 0.006 0.004 0.003 0.005 0.008 0.915 0.005 0.011 0.008 0.005 0.006 
129   ZFCC33    (0)   :  0.008 0.009 0.350 0.010 0.006 0.008 0.005 0.004 0.004 0.570 0.004 0.005 0.008 0.004 0.004 
130   ZFCC34    (0)   :  0.057 0.005 0.048 0.025 0.067 0.008 0.049 0.071 0.025 0.554 0.016 0.007 0.025 0.033 0.008 
131   ZFCC35    (0)   :  0.004 0.003 0.007 0.002 0.005 0.003 0.003 0.005 0.002 0.947 0.004 0.004 0.004 0.003 0.004 
132   ZFCC36    (0)   :  0.005 0.005 0.012 0.004 0.006 0.004 0.009 0.006 0.007 0.884 0.008 0.016 0.005 0.009 0.019 
133   ZFCC37    (0)   :  0.008 0.014 0.031 0.007 0.014 0.034 0.010 0.007 0.094 0.723 0.007 0.011 0.025 0.010 0.005 
134   ZFCC40    (0)   :  0.003 0.004 0.014 0.004 0.004 0.005 0.008 0.004 0.004 0.922 0.004 0.003 0.008 0.003 0.011 
135   ZFCC42    (0)   :  0.044 0.027 0.532 0.040 0.005 0.024 0.004 0.005 0.170 0.054 0.006 0.004 0.007 0.010 0.066 
136   ZFCC44    (0)   :  0.010 0.004 0.015 0.003 0.004 0.003 0.003 0.003 0.003 0.935 0.003 0.003 0.003 0.003 0.007 
137   ZFCC45    (9)   :  0.009 0.020 0.045 0.009 0.004 0.009 0.005 0.004 0.011 0.832 0.003 0.007 0.018 0.004 0.018 
138   ZFCC46    (0)   :  0.011 0.003 0.013 0.003 0.026 0.006 0.013 0.012 0.003 0.845 0.034 0.007 0.003 0.017 0.004 
139   ZFCC47    (0)   :  0.005 0.006 0.009 0.005 0.008 0.008 0.003 0.007 0.056 0.849 0.007 0.006 0.024 0.005 0.003 
140   ZFCC48    (0)   :  0.003 0.003 0.016 0.005 0.017 0.018 0.042 0.011 0.003 0.813 0.036 0.012 0.005 0.011 0.004 
141   ZFCC50    (0)   :  0.003 0.004 0.009 0.004 0.003 0.004 0.003 0.003 0.005 0.945 0.003 0.004 0.004 0.003 0.004 
142   ZFCC51    (0)   :  0.009 0.003 0.005 0.003 0.004 0.003 0.003 0.003 0.003 0.947 0.003 0.003 0.005 0.003 0.002 
143   ZFCC52    (0)   :  0.005 0.004 0.044 0.004 0.014 0.005 0.016 0.013 0.007 0.845 0.015 0.007 0.004 0.010 0.006 
144   ZFCC53    (0)   :  0.006 0.003 0.005 0.003 0.003 0.003 0.003 0.003 0.003 0.952 0.003 0.003 0.005 0.003 0.003 
145  ZFCNS01    (0)   :  0.809 0.028 0.003 0.002 0.005 0.006 0.006 0.004 0.008 0.006 0.003 0.044 0.003 0.052 0.024 
146  ZFCNS02    (0)   :  0.954 0.003 0.003 0.002 0.004 0.002 0.003 0.005 0.002 0.005 0.004 0.003 0.003 0.005 0.002 
147  ZFCNS05    (0)   :  0.927 0.003 0.006 0.005 0.008 0.003 0.007 0.007 0.003 0.006 0.005 0.006 0.006 0.007 0.002 
148  ZFCNS06    (0)   :  0.953 0.003 0.003 0.003 0.005 0.002 0.004 0.004 0.002 0.005 0.004 0.003 0.003 0.004 0.002 
149  ZFCNS07    (0)   :  0.939 0.003 0.003 0.003 0.004 0.003 0.005 0.009 0.003 0.004 0.010 0.003 0.003 0.007 0.002 
150  ZFCNS10    (0)   :  0.904 0.003 0.003 0.003 0.008 0.002 0.009 0.007 0.002 0.005 0.006 0.003 0.002 0.037 0.005 
151  ZFCNS11    (0)   :  0.895 0.012 0.003 0.002 0.004 0.005 0.005 0.004 0.007 0.006 0.004 0.019 0.003 0.020 0.011 
152  ZFCNS15    (0)   :  0.873 0.003 0.005 0.004 0.023 0.004 0.017 0.012 0.003 0.003 0.007 0.004 0.003 0.037 0.002 
153  ZFCNS17    (0)   :  0.952 0.003 0.005 0.003 0.004 0.002 0.004 0.005 0.002 0.005 0.004 0.003 0.003 0.005 0.002 
154  ZFCNS18    (0)   :  0.916 0.003 0.003 0.003 0.012 0.002 0.009 0.007 0.002 0.005 0.004 0.003 0.003 0.023 0.005 
155  ZFCNS19    (0)   :  0.958 0.003 0.003 0.003 0.004 0.002 0.003 0.003 0.002 0.004 0.003 0.003 0.003 0.004 0.002 
156  ZFCNS20    (0)   :  0.902 0.003 0.008 0.003 0.012 0.003 0.011 0.014 0.003 0.004 0.014 0.005 0.003 0.013 0.002 
157  ZFCNS21    (0)   :  0.958 0.003 0.003 0.002 0.006 0.002 0.003 0.003 0.002 0.004 0.002 0.003 0.003 0.005 0.002 
158  ZFCNS22    (0)   :  0.914 0.004 0.006 0.005 0.012 0.004 0.010 0.009 0.003 0.005 0.006 0.004 0.005 0.010 0.002 
159  ZFCNS23    (0)   :  0.883 0.007 0.024 0.003 0.004 0.005 0.006 0.005 0.008 0.014 0.011 0.010 0.005 0.006 0.010 
160  ZFCNS24    (0)   :  0.926 0.003 0.009 0.002 0.011 0.003 0.005 0.007 0.003 0.008 0.006 0.004 0.003 0.007 0.002 
161  ZFCNS25    (0)   :  0.912 0.003 0.008 0.002 0.011 0.004 0.008 0.013 0.003 0.005 0.010 0.004 0.003 0.011 0.002 
162  ZFCNS26    (0)   :  0.951 0.003 0.003 0.003 0.004 0.002 0.004 0.004 0.002 0.003 0.003 0.003 0.003 0.009 0.002 
163  ZFCNS27    (0)   :  0.807 0.004 0.006 0.003 0.014 0.004 0.016 0.020 0.003 0.003 0.009 0.004 0.003 0.102 0.002 
164  ZFCNS28    (0)   :  0.952 0.003 0.003 0.004 0.005 0.002 0.004 0.004 0.002 0.004 0.004 0.003 0.003 0.004 0.002 
165  ZFCNS29    (0)   :  0.927 0.004 0.007 0.004 0.008 0.003 0.007 0.007 0.003 0.007 0.004 0.005 0.005 0.008 0.002 
166  ZFCNS30    (0)   :  0.935 0.003 0.006 0.004 0.009 0.003 0.005 0.004 0.003 0.007 0.003 0.005 0.005 0.008 0.002 
167  ZFCNS31    (0)   :  0.955 0.003 0.003 0.003 0.004 0.002 0.004 0.004 0.002 0.003 0.004 0.003 0.003 0.005 0.002 
168  ZFCNS32    (0)   :  0.926 0.003 0.006 0.003 0.012 0.003 0.006 0.006 0.003 0.004 0.007 0.005 0.004 0.010 0.002 
169  ZFCNS33    (0)   :  0.958 0.003 0.003 0.003 0.003 0.002 0.003 0.003 0.002 0.003 0.004 0.003 0.003 0.005 0.002 
170  ZFCNS34    (0)   :  0.929 0.003 0.007 0.004 0.008 0.003 0.005 0.005 0.003 0.012 0.004 0.005 0.005 0.005 0.002 
171  ZFCNS35    (0)   :  0.882 0.003 0.003 0.018 0.017 0.009 0.010 0.011 0.002 0.006 0.004 0.004 0.008 0.020 0.002 
172  ZFCNS36    (0)   :  0.920 0.003 0.009 0.002 0.012 0.003 0.005 0.008 0.003 0.010 0.008 0.004 0.003 0.007 0.002 
173  ZFCNS37    (0)   :  0.774 0.008 0.005 0.003 0.126 0.003 0.005 0.005 0.002 0.005 0.006 0.005 0.004 0.048 0.002 
174  ZFCNS39    (0)   :  0.871 0.005 0.006 0.002 0.012 0.004 0.007 0.006 0.002 0.016 0.018 0.012 0.003 0.031 0.004 
175  ZFCNS40    (0)   :  0.609 0.004 0.009 0.002 0.197 0.004 0.006 0.010 0.003 0.022 0.080 0.009 0.003 0.041 0.003 
176  ZFCNS41    (0)   :  0.335 0.013 0.011 0.005 0.292 0.012 0.016 0.016 0.006 0.015 0.005 0.018 0.005 0.244 0.007 
177  ZFCNS42    (0)   :  0.952 0.003 0.003 0.003 0.005 0.002 0.004 0.004 0.002 0.003 0.003 0.003 0.003 0.007 0.002 
178  ZFCNS43    (0)   :  0.958 0.003 0.003 0.002 0.005 0.002 0.003 0.003 0.002 0.004 0.003 0.003 0.003 0.004 0.002 
179  ZFCNS44    (0)   :  0.919 0.003 0.004 0.003 0.018 0.002 0.009 0.005 0.002 0.005 0.003 0.003 0.003 0.018 0.005 
180  ZFCNS46    (0)   :  0.933 0.004 0.006 0.004 0.008 0.003 0.006 0.005 0.003 0.004 0.003 0.005 0.004 0.010 0.002 
181  ZFCNS47    (0)   :  0.958 0.003 0.003 0.002 0.004 0.002 0.003 0.003 0.002 0.004 0.003 0.003 0.003 0.005 0.002 
182  ZFCNS48    (0)   :  0.855 0.003 0.006 0.004 0.016 0.003 0.014 0.009 0.003 0.007 0.006 0.005 0.004 0.062 0.004 
183  ZFCNS49    (0)   :  0.794 0.003 0.003 0.004 0.014 0.003 0.013 0.007 0.002 0.003 0.004 0.003 0.003 0.141 0.004 
184   ZFCR01    (0)   :  0.003 0.055 0.003 0.006 0.004 0.849 0.011 0.008 0.015 0.007 0.006 0.004 0.021 0.004 0.006 
185   ZFCR02    (0)   :  0.005 0.009 0.011 0.015 0.005 0.871 0.007 0.020 0.007 0.019 0.008 0.004 0.005 0.005 0.009 
186   ZFCR03    (0)   :  0.003 0.011 0.058 0.017 0.005 0.768 0.013 0.012 0.034 0.013 0.009 0.012 0.010 0.005 0.029 
187   ZFCR04    (0)   :  0.009 0.039 0.006 0.170 0.009 0.570 0.014 0.011 0.014 0.015 0.017 0.011 0.066 0.027 0.023 
188   ZFCR05    (0)   :  0.003 0.016 0.004 0.009 0.004 0.897 0.004 0.003 0.007 0.010 0.004 0.012 0.018 0.003 0.007 
189   ZFCR06    (0)   :  0.055 0.017 0.006 0.016 0.006 0.775 0.017 0.027 0.006 0.013 0.009 0.005 0.011 0.034 0.003 
190   ZFCR07    (0)   :  0.076 0.128 0.056 0.055 0.023 0.430 0.011 0.005 0.017 0.013 0.004 0.112 0.012 0.051 0.007 
191   ZFCR08    (0)   :  0.004 0.399 0.035 0.021 0.021 0.180 0.030 0.009 0.031 0.076 0.043 0.006 0.098 0.012 0.035 
192   ZFCR09    (0)   :  0.015 0.033 0.024 0.082 0.027 0.339 0.049 0.058 0.198 0.023 0.014 0.016 0.011 0.055 0.058 
193   ZFCR11    (0)   :  0.010 0.025 0.004 0.031 0.005 0.781 0.004 0.019 0.013 0.007 0.002 0.024 0.018 0.051 0.005 
194   ZFCR12    (0)   :  0.098 0.006 0.009 0.006 0.019 0.736 0.009 0.009 0.003 0.008 0.012 0.014 0.004 0.062 0.004 
195   ZFCR13    (0)   :  0.008 0.289 0.006 0.042 0.021 0.218 0.059 0.046 0.003 0.010 0.006 0.271 0.006 0.011 0.003 
196   ZFCR14    (0)   :  0.006 0.012 0.005 0.014 0.013 0.870 0.007 0.005 0.004 0.008 0.010 0.021 0.010 0.008 0.004 
197   ZFCR15    (0)   :  0.004 0.051 0.010 0.040 0.021 0.739 0.019 0.013 0.005 0.011 0.032 0.015 0.017 0.014 0.011 
198   ZFCR16    (0)   :  0.003 0.021 0.004 0.015 0.005 0.871 0.017 0.013 0.005 0.006 0.014 0.008 0.007 0.008 0.003 
199   ZFCR18    (0)   :  0.006 0.012 0.028 0.321 0.011 0.554 0.005 0.019 0.006 0.010 0.005 0.007 0.008 0.005 0.004 
200   ZFCR19    (0)   :  0.006 0.006 0.006 0.030 0.017 0.735 0.014 0.015 0.084 0.011 0.047 0.009 0.006 0.010 0.004 
201   ZFCR20    (0)   :  0.005 0.020 0.033 0.023 0.008 0.726 0.048 0.009 0.032 0.006 0.007 0.044 0.026 0.008 0.004 
202   ZFCR21    (0)   :  0.004 0.008 0.007 0.004 0.006 0.902 0.005 0.004 0.003 0.011 0.011 0.022 0.003 0.005 0.003 
203   ZFCR22    (0)   :  0.003 0.006 0.007 0.006 0.005 0.878 0.006 0.005 0.006 0.005 0.015 0.047 0.002 0.006 0.003 
204   ZFCR23    (0)   :  0.005 0.076 0.004 0.010 0.014 0.642 0.058 0.014 0.012 0.003 0.005 0.055 0.004 0.049 0.048 
205   ZFCR24    (9)   :  0.004 0.099 0.011 0.072 0.027 0.065 0.492 0.029 0.058 0.008 0.006 0.088 0.029 0.009 0.005 
206   ZFCR25    (0)   :  0.003 0.014 0.006 0.006 0.006 0.911 0.004 0.003 0.009 0.005 0.003 0.012 0.009 0.005 0.002 
207   ZFCR26    (0)   :  0.005 0.014 0.007 0.004 0.014 0.513 0.011 0.013 0.094 0.017 0.016 0.272 0.008 0.008 0.004 
208   ZFCR27    (9)   :  0.003 0.398 0.003 0.012 0.004 0.454 0.004 0.003 0.048 0.005 0.003 0.039 0.020 0.003 0.003 
209   ZFCR28    (0)   :  0.027 0.105 0.009 0.004 0.009 0.660 0.049 0.036 0.004 0.010 0.048 0.006 0.006 0.023 0.006 
210   ZFCR29    (0)   :  0.002 0.005 0.004 0.009 0.004 0.921 0.005 0.004 0.008 0.004 0.004 0.018 0.006 0.003 0.004 
211   ZFCR30    (0)   :  0.009 0.010 0.009 0.006 0.013 0.856 0.007 0.005 0.009 0.006 0.008 0.040 0.008 0.011 0.005 
212   ZFCR31    (0)   :  0.041 0.015 0.027 0.189 0.030 0.385 0.045 0.047 0.065 0.011 0.016 0.030 0.013 0.074 0.013 
213   ZFCR33    (0)   :  0.007 0.712 0.009 0.007 0.013 0.057 0.011 0.006 0.017 0.040 0.013 0.022 0.052 0.016 0.020 
214   ZFCR34    (0)   :  0.008 0.051 0.004 0.175 0.014 0.365 0.022 0.007 0.009 0.016 0.009 0.254 0.005 0.047 0.014 
215   ZFCR35    (0)   :  0.004 0.011 0.004 0.081 0.006 0.824 0.006 0.004 0.014 0.009 0.004 0.005 0.009 0.005 0.013 
216   ZFCR36    (0)   :  0.019 0.011 0.006 0.042 0.005 0.835 0.008 0.004 0.012 0.006 0.004 0.017 0.007 0.010 0.014 
217   ZFCR37    (0)   :  0.004 0.114 0.017 0.052 0.004 0.055 0.004 0.003 0.043 0.055 0.004 0.565 0.056 0.004 0.021 
218   ZFCR38    (0)   :  0.007 0.502 0.013 0.007 0.011 0.254 0.008 0.006 0.048 0.039 0.012 0.035 0.041 0.009 0.009 
219   ZFCR39    (0)   :  0.003 0.242 0.042 0.028 0.010 0.175 0.047 0.037 0.030 0.107 0.030 0.010 0.010 0.018 0.211 
220   ZFCR40    (0)   :  0.004 0.119 0.006 0.012 0.012 0.722 0.014 0.004 0.011 0.020 0.004 0.012 0.011 0.015 0.033 
221   ZFCR41    (0)   :  0.011 0.012 0.007 0.006 0.089 0.743 0.007 0.005 0.003 0.024 0.018 0.013 0.006 0.054 0.003 
222   ZFCR42    (0)   :  0.019 0.092 0.019 0.006 0.028 0.601 0.025 0.013 0.012 0.038 0.019 0.066 0.008 0.033 0.021 
223   ZFCR43    (0)   :  0.006 0.012 0.004 0.022 0.013 0.847 0.022 0.034 0.004 0.004 0.004 0.009 0.011 0.005 0.004 
224  ZFENP25    (0)   :  0.003 0.815 0.006 0.005 0.007 0.049 0.014 0.003 0.005 0.022 0.011 0.007 0.044 0.004 0.005 
225  ZFENP26    (0)   :  0.003 0.936 0.004 0.006 0.005 0.008 0.002 0.002 0.007 0.004 0.003 0.004 0.006 0.003 0.007 
226  ZFENP27    (0)   :  0.063 0.285 0.042 0.018 0.050 0.242 0.025 0.006 0.033 0.154 0.013 0.005 0.027 0.020 0.019 
227  ZFENP28    (0)   :  0.008 0.864 0.004 0.010 0.005 0.019 0.004 0.006 0.013 0.013 0.004 0.009 0.030 0.004 0.007 
228  ZFENP29    (0)   :  0.004 0.901 0.007 0.004 0.005 0.030 0.005 0.004 0.005 0.010 0.004 0.008 0.004 0.005 0.005 
229  ZFENP30    (0)   :  0.009 0.778 0.095 0.007 0.006 0.009 0.004 0.007 0.010 0.033 0.007 0.011 0.008 0.004 0.011 
230  ZFENP31    (0)   :  0.005 0.270 0.357 0.028 0.006 0.018 0.004 0.009 0.044 0.011 0.004 0.013 0.031 0.004 0.197 
231  ZFENP32    (0)   :  0.023 0.231 0.130 0.237 0.016 0.104 0.012 0.022 0.032 0.010 0.006 0.014 0.023 0.014 0.126 
232  ZFENP33    (0)   :  0.005 0.802 0.035 0.010 0.007 0.016 0.008 0.006 0.016 0.005 0.003 0.041 0.032 0.006 0.008 
233  ZFENP34    (0)   :  0.010 0.202 0.097 0.034 0.006 0.035 0.005 0.007 0.021 0.019 0.004 0.008 0.542 0.005 0.005 
234  ZFENP35    (0)   :  0.011 0.825 0.007 0.014 0.013 0.005 0.011 0.004 0.005 0.005 0.004 0.008 0.007 0.019 0.063 
235  ZFENP36    (0)   :  0.011 0.915 0.007 0.009 0.002 0.008 0.002 0.003 0.010 0.003 0.002 0.006 0.006 0.004 0.011 
236  ZFENP37    (0)   :  0.008 0.329 0.008 0.012 0.007 0.007 0.007 0.004 0.009 0.008 0.004 0.025 0.458 0.007 0.107 
237  ZFENP38    (0)   :  0.017 0.421 0.015 0.010 0.007 0.011 0.006 0.005 0.021 0.016 0.005 0.408 0.027 0.008 0.022 
238  ZFENP39    (0)   :  0.005 0.754 0.006 0.012 0.006 0.122 0.004 0.003 0.009 0.014 0.003 0.011 0.024 0.005 0.023 
239  ZFENP40    (0)   :  0.006 0.744 0.015 0.015 0.007 0.084 0.010 0.008 0.014 0.007 0.004 0.007 0.024 0.006 0.050 
240  ZFENP41    (0)   :  0.008 0.724 0.048 0.021 0.011 0.035 0.007 0.005 0.005 0.069 0.009 0.007 0.017 0.006 0.029 
241  ZFENP42    (0)   :  0.003 0.672 0.009 0.004 0.005 0.023 0.003 0.003 0.006 0.006 0.004 0.045 0.004 0.006 0.206 
242  ZFENP43    (0)   :  0.046 0.663 0.008 0.007 0.028 0.019 0.008 0.007 0.029 0.029 0.006 0.073 0.032 0.033 0.014 
243  ZFENP44    (0)   :  0.011 0.683 0.024 0.006 0.021 0.012 0.010 0.004 0.012 0.016 0.003 0.036 0.022 0.018 0.122 
244  ZFENP45    (0)   :  0.009 0.341 0.017 0.008 0.012 0.017 0.022 0.028 0.014 0.017 0.318 0.051 0.013 0.015 0.117 
245  ZFENP46    (0)   :  0.007 0.757 0.010 0.008 0.028 0.013 0.017 0.008 0.013 0.003 0.005 0.060 0.033 0.018 0.020 
246  ZFENP47    (0)   :  0.004 0.214 0.023 0.065 0.008 0.231 0.013 0.013 0.022 0.062 0.108 0.006 0.009 0.004 0.217 
247  ZFENP48    (0)   :  0.007 0.075 0.279 0.014 0.008 0.039 0.009 0.013 0.026 0.018 0.010 0.016 0.471 0.005 0.009 
248  ZFENP49    (0)   :  0.005 0.218 0.130 0.031 0.009 0.516 0.011 0.011 0.020 0.009 0.012 0.011 0.005 0.006 0.006 
249  ZFENP50    (0)   :  0.004 0.668 0.005 0.008 0.008 0.031 0.045 0.032 0.025 0.004 0.008 0.080 0.007 0.028 0.047 
250  ZFENP51    (0)   :  0.007 0.312 0.037 0.027 0.005 0.025 0.004 0.005 0.458 0.008 0.053 0.014 0.011 0.005 0.028 
251  ZFENP52    (0)   :  0.010 0.899 0.006 0.003 0.012 0.006 0.005 0.005 0.005 0.009 0.004 0.012 0.003 0.014 0.007 
252  ZFENP53    (0)   :  0.010 0.756 0.007 0.006 0.020 0.014 0.028 0.044 0.010 0.007 0.027 0.022 0.009 0.023 0.016 
253  ZFENP54    (0)   :  0.006 0.169 0.025 0.014 0.010 0.647 0.027 0.025 0.008 0.015 0.006 0.018 0.009 0.011 0.010 
254  ZFENP55    (0)   :  0.004 0.264 0.011 0.051 0.005 0.063 0.004 0.006 0.034 0.003 0.004 0.507 0.026 0.004 0.012 
255  ZFENP56    (0)   :  0.010 0.816 0.011 0.014 0.012 0.010 0.004 0.003 0.023 0.007 0.005 0.065 0.009 0.006 0.006 
256  ZFENP57    (0)   :  0.013 0.802 0.014 0.014 0.005 0.015 0.005 0.003 0.015 0.005 0.002 0.016 0.022 0.009 0.061 
257  ZFENP58    (0)   :  0.016 0.329 0.327 0.026 0.009 0.077 0.007 0.007 0.014 0.020 0.119 0.022 0.005 0.016 0.005 
258  ZFENP59    (0)   :  0.005 0.765 0.028 0.017 0.007 0.040 0.005 0.006 0.007 0.058 0.004 0.009 0.009 0.005 0.036 
259  ZFENP60    (0)   :  0.006 0.730 0.006 0.036 0.007 0.079 0.012 0.009 0.012 0.011 0.015 0.014 0.037 0.008 0.018 
260  ZFENP61    (0)   :  0.004 0.841 0.007 0.017 0.004 0.059 0.004 0.003 0.009 0.014 0.003 0.009 0.016 0.004 0.007 
261 ZFFDSP01    (0)   :  0.012 0.003 0.003 0.006 0.022 0.004 0.841 0.008 0.003 0.004 0.014 0.006 0.004 0.068 0.003 
262 ZFFDSP02    (0)   :  0.004 0.003 0.003 0.002 0.037 0.004 0.915 0.005 0.002 0.004 0.005 0.004 0.003 0.008 0.002 
263 ZFFDSP04    (0)   :  0.003 0.002 0.003 0.004 0.019 0.005 0.916 0.011 0.002 0.004 0.010 0.005 0.004 0.010 0.002 
264 ZFFDSP05    (0)   :  0.006 0.003 0.003 0.003 0.069 0.005 0.607 0.022 0.003 0.004 0.011 0.008 0.003 0.249 0.003 
265 ZFFDSP06    (0)   :  0.003 0.002 0.003 0.002 0.176 0.006 0.608 0.137 0.002 0.011 0.019 0.005 0.010 0.013 0.002 
266 ZFFDSP07    (0)   :  0.004 0.004 0.019 0.002 0.008 0.005 0.871 0.024 0.004 0.010 0.027 0.007 0.003 0.006 0.005 
267 ZFFDSP08    (0)   :  0.014 0.005 0.035 0.003 0.095 0.005 0.431 0.227 0.004 0.010 0.112 0.013 0.004 0.039 0.004 
268 ZFFDSP10    (0)   :  0.005 0.003 0.006 0.003 0.034 0.004 0.889 0.013 0.003 0.004 0.011 0.005 0.003 0.014 0.003 
269 ZFFDSP11    (0)   :  0.003 0.003 0.003 0.004 0.019 0.004 0.904 0.014 0.004 0.004 0.007 0.007 0.003 0.017 0.003 
270 ZFFDSP12    (0)   :  0.005 0.003 0.005 0.003 0.018 0.003 0.590 0.323 0.003 0.004 0.012 0.004 0.003 0.021 0.003 
271 ZFFDSP13    (0)   :  0.013 0.007 0.009 0.004 0.225 0.006 0.058 0.014 0.004 0.008 0.005 0.013 0.004 0.626 0.005 
272 ZFFDSP14    (0)   :  0.004 0.003 0.006 0.002 0.007 0.004 0.920 0.014 0.003 0.005 0.016 0.005 0.004 0.005 0.003 
273 ZFFDSP16    (0)   :  0.016 0.006 0.004 0.006 0.007 0.009 0.881 0.019 0.003 0.007 0.004 0.008 0.007 0.019 0.004 
274 ZFFDSP17    (0)   :  0.005 0.004 0.005 0.004 0.016 0.005 0.889 0.023 0.003 0.006 0.007 0.008 0.006 0.017 0.002 
275 ZFFDSP18    (0)   :  0.004 0.002 0.003 0.005 0.034 0.005 0.889 0.019 0.003 0.005 0.013 0.004 0.006 0.005 0.002 
276 ZFFDSP19    (0)   :  0.111 0.003 0.003 0.004 0.021 0.004 0.747 0.019 0.003 0.023 0.014 0.004 0.006 0.034 0.002 
277 ZFFDSP21    (0)   :  0.061 0.003 0.004 0.003 0.049 0.006 0.565 0.012 0.002 0.018 0.007 0.003 0.006 0.257 0.002 
278 ZFFDSP22    (0)   :  0.004 0.003 0.004 0.002 0.011 0.003 0.846 0.034 0.002 0.005 0.064 0.005 0.003 0.011 0.002 
279 ZFFDSP23    (0)   :  0.009 0.002 0.003 0.002 0.058 0.004 0.556 0.020 0.002 0.005 0.140 0.005 0.004 0.186 0.002 
280 ZFFDSP24    (0)   :  0.010 0.003 0.004 0.005 0.284 0.004 0.612 0.011 0.003 0.004 0.006 0.005 0.004 0.043 0.002 
281 ZFFDSP26    (9)   :  0.007 0.003 0.004 0.004 0.082 0.005 0.683 0.055 0.003 0.005 0.016 0.005 0.003 0.123 0.002 
282 ZFFDSP27    (0)   :  0.008 0.003 0.003 0.004 0.052 0.005 0.858 0.018 0.003 0.004 0.008 0.003 0.005 0.025 0.002 
283 ZFFDSP28    (0)   :  0.004 0.006 0.014 0.027 0.099 0.012 0.706 0.038 0.016 0.006 0.009 0.009 0.020 0.028 0.006 
284 ZFFDSP30    (0)   :  0.034 0.004 0.007 0.046 0.035 0.006 0.559 0.016 0.004 0.005 0.007 0.008 0.007 0.255 0.006 
285 ZFFDSP31    (0)   :  0.009 0.004 0.006 0.003 0.208 0.004 0.163 0.546 0.002 0.006 0.008 0.006 0.012 0.020 0.002 
286 ZFFDSP32    (0)   :  0.004 0.003 0.004 0.002 0.008 0.003 0.938 0.007 0.003 0.003 0.005 0.004 0.003 0.010 0.002 
287 ZFFDSP33    (0)   :  0.005 0.003 0.003 0.003 0.011 0.003 0.914 0.016 0.002 0.002 0.006 0.003 0.003 0.023 0.002 
288 ZFFDSP34    (0)   :  0.005 0.003 0.004 0.003 0.282 0.004 0.291 0.355 0.002 0.007 0.011 0.006 0.006 0.018 0.002 
289 ZFFDSP35    (0)   :  0.005 0.003 0.004 0.005 0.221 0.004 0.693 0.011 0.003 0.004 0.006 0.004 0.004 0.032 0.002 
290 ZFFDSP37    (0)   :  0.005 0.003 0.004 0.003 0.023 0.004 0.921 0.007 0.002 0.003 0.004 0.004 0.004 0.010 0.002 
291 ZFFDSP38    (0)   :  0.006 0.003 0.004 0.005 0.099 0.003 0.804 0.047 0.003 0.003 0.005 0.004 0.004 0.007 0.002 
292 ZFFDSP39    (0)   :  0.006 0.002 0.003 0.004 0.109 0.004 0.207 0.018 0.002 0.003 0.009 0.003 0.003 0.623 0.002 
293 ZFFDSP40    (0)   :  0.009 0.003 0.003 0.005 0.159 0.004 0.625 0.017 0.002 0.003 0.005 0.003 0.004 0.155 0.002 
294 ZFFDSP42    (0)   :  0.009 0.003 0.003 0.004 0.151 0.004 0.631 0.050 0.002 0.005 0.080 0.005 0.004 0.047 0.002 
295 ZFFDSP43    (0)   :  0.013 0.002 0.003 0.004 0.099 0.004 0.769 0.042 0.002 0.003 0.010 0.003 0.003 0.042 0.002 
296 ZFFDSP44    (0)   :  0.009 0.003 0.005 0.004 0.080 0.003 0.818 0.014 0.003 0.003 0.005 0.005 0.004 0.041 0.003 
297 ZFFDSP45    (0)   :  0.006 0.002 0.004 0.004 0.185 0.004 0.742 0.019 0.002 0.004 0.004 0.004 0.003 0.014 0.002 
298 ZFFDSP46    (0)   :  0.006 0.003 0.004 0.004 0.174 0.004 0.739 0.019 0.002 0.004 0.014 0.004 0.004 0.017 0.002 
299 ZFFDSP47    (0)   :  0.015 0.003 0.005 0.003 0.132 0.003 0.340 0.020 0.003 0.003 0.015 0.005 0.004 0.446 0.003 
300 ZFFDSP48    (0)   :  0.014 0.003 0.004 0.004 0.165 0.004 0.497 0.013 0.002 0.003 0.006 0.004 0.004 0.275 0.002 
301    ZFI01    (0)   :  0.009 0.010 0.012 0.739 0.005 0.032 0.005 0.005 0.129 0.009 0.004 0.007 0.024 0.005 0.007 
302    ZFI02    (0)   :  0.008 0.005 0.003 0.865 0.004 0.012 0.005 0.004 0.048 0.004 0.004 0.006 0.022 0.005 0.003 
303    ZFI03    (0)   :  0.008 0.006 0.005 0.876 0.004 0.008 0.004 0.004 0.010 0.006 0.003 0.007 0.052 0.004 0.003 
304    ZFI04    (0)   :  0.006 0.007 0.004 0.112 0.004 0.004 0.004 0.004 0.114 0.004 0.003 0.006 0.719 0.004 0.004 
305    ZFI05    (0)   :  0.013 0.006 0.008 0.920 0.005 0.006 0.004 0.004 0.006 0.004 0.003 0.005 0.007 0.005 0.004 
