

----------------------------------------------------
STRUCTURE by Pritchard, Stephens and Donnelly (2000)
     and Falush, Stephens and Pritchard (2003)
       Code by Pritchard, Falush and Hubisz
             Version 2.3.4 (Jul 2012)
----------------------------------------------------



Command line arguments:   bin\structure -m C:\Users\eschumacher\Documents\GitHub\GCC_QUAC_ZAIN\Data_Files\Structure_Files\ZAIN\ZAIN_wild_rebinned_nopopinfo\50-50\mainparams -e C:\Users\eschumacher\Documents\GitHub\GCC_QUAC_ZAIN\Data_Files\Structure_Files\ZAIN\ZAIN_wild_rebinned_nopopinfo\50-50\extraparams 
Input File:    C:\Users\eschumacher\Documents\GitHub\GCC_QUAC_ZAIN\Data_Files\Structure_Files\ZAIN\ZAIN_wild_rebinned_nopopinfo\project_data

Run parameters:
   751 individuals
   11 loci
   16 populations assumed
   50000 Burn-in period
   50000 Reps


--------------------------------------------
Overall proportion of membership of the
sample in each of the 16 clusters

Inferred Clusters
  1      2      3      4      5      6      7      8      9     10     11     12     13     14     15     16    
0.052  0.080  0.059  0.067  0.083  0.050  0.091  0.064  0.035  0.046  0.073  0.086  0.058  0.057  0.066  0.032  

--------------------------------------------

Allele-freq. divergence among pops (Net nucleotide distance),
computed using point estimates of P.

      1       2       3       4       5       6       7       8       9      10      11      12      13      14      15      16      
 1      -    0.2115  0.1172  0.0921  0.2210  0.4029  0.1128  0.3038  0.2065  0.1634  0.0740  0.2807  0.2122  0.3119  0.2389  0.2053  
 2   0.2115     -    0.2893  0.2520  0.1668  0.1855  0.1692  0.1311  0.1393  0.0627  0.2086  0.1422  0.1216  0.1453  0.2047  0.1628  
 3   0.1172  0.2893     -    0.1690  0.2173  0.4707  0.1374  0.4103  0.2879  0.1937  0.1282  0.3872  0.1935  0.3653  0.3012  0.2877  
 4   0.0921  0.2520  0.1690     -    0.2815  0.4321  0.0764  0.3358  0.2064  0.1769  0.0421  0.2787  0.2251  0.3565  0.2768  0.2693  
 5   0.2210  0.1668  0.2173  0.2815     -    0.3621  0.1797  0.2030  0.1813  0.1224  0.2225  0.2334  0.1977  0.2764  0.2062  0.2047  
 6   0.4029  0.1855  0.4707  0.4321  0.3621     -    0.3799  0.3825  0.3547  0.2482  0.3662  0.3147  0.3816  0.2240  0.4589  0.3266  
 7   0.1128  0.1692  0.1374  0.0764  0.1797  0.3799     -    0.2912  0.2244  0.1355  0.0750  0.2719  0.1318  0.3133  0.1357  0.1955  
 8   0.3038  0.1311  0.4103  0.3358  0.2030  0.3825  0.2912     -    0.1181  0.1504  0.2887  0.1167  0.2138  0.1894  0.3129  0.2883  
 9   0.2065  0.1393  0.2879  0.2064  0.1813  0.3547  0.2244  0.1181     -    0.0873  0.1764  0.1077  0.1907  0.1537  0.3206  0.2238  
10   0.1634  0.0627  0.1937  0.1769  0.1224  0.2482  0.1355  0.1504  0.0873     -    0.1447  0.1246  0.1131  0.1496  0.2444  0.1848  
11   0.0740  0.2086  0.1282  0.0421  0.2225  0.3662  0.0750  0.2887  0.1764  0.1447     -    0.2683  0.1575  0.2957  0.2698  0.2039  
12   0.2807  0.1422  0.3872  0.2787  0.2334  0.3147  0.2719  0.1167  0.1077  0.1246  0.2683     -    0.2338  0.1584  0.3027  0.2675  
13   0.2122  0.1216  0.1935  0.2251  0.1977  0.3816  0.1318  0.2138  0.1907  0.1131  0.1575  0.2338     -    0.2438  0.2570  0.1907  
14   0.3119  0.1453  0.3653  0.3565  0.2764  0.2240  0.3133  0.1894  0.1537  0.1496  0.2957  0.1584  0.2438     -    0.3806  0.2436  
15   0.2389  0.2047  0.3012  0.2768  0.2062  0.4589  0.1357  0.3129  0.3206  0.2444  0.2698  0.3027  0.2570  0.3806     -    0.2486  
16   0.2053  0.1628  0.2877  0.2693  0.2047  0.3266  0.1955  0.2883  0.2238  0.1848  0.2039  0.2675  0.1907  0.2436  0.2486     -    

Average distances (expected heterozygosity) between individuals in same cluster:
cluster  1  : 0.3972 
cluster  2  : 0.5277 
cluster  3  : 0.3550 
cluster  4  : 0.3117 
cluster  5  : 0.3808 
cluster  6  : 0.2466 
cluster  7  : 0.4237 
cluster  8  : 0.2777 
cluster  9  : 0.4544 
cluster 10  : 0.6210 
cluster 11  : 0.3867 
cluster 12  : 0.4620 
cluster 13  : 0.3817 
cluster 14  : 0.3744 
cluster 15  : 0.2204 
cluster 16  : 0.2403 

--------------------------------------------
Estimated Ln Prob of Data   = -12909.5
Mean value of ln likelihood = -12333.1
Variance of ln likelihood   = 1153.0
Mean value of alpha         = 0.0319

Mean value of Fst_1         = 0.3957
Mean value of Fst_2         = 0.1627
Mean value of Fst_3         = 0.4554
Mean value of Fst_4         = 0.5079
Mean value of Fst_5         = 0.4206
Mean value of Fst_6         = 0.6452
Mean value of Fst_7         = 0.4283
Mean value of Fst_8         = 0.5743
Mean value of Fst_9         = 0.3499
Mean value of Fst_10         = 0.1339
Mean value of Fst_11         = 0.3829
Mean value of Fst_12         = 0.4693
Mean value of Fst_13         = 0.4261
Mean value of Fst_14         = 0.5545
Mean value of Fst_15         = 0.6776
Mean value of Fst_16         = 0.6438


Inferred ancestry of individuals:
        Label (%Miss) :  Inferred clusters
  1    ZFB01    (0)   :  0.003 0.003 0.003 0.004 0.004 0.005 0.003 0.008 0.005 0.004 0.003 0.941 0.003 0.006 0.002 0.002 
  2    ZFB02    (0)   :  0.003 0.006 0.003 0.003 0.012 0.014 0.003 0.011 0.017 0.022 0.004 0.813 0.004 0.076 0.002 0.007 
  3    ZFB03    (0)   :  0.005 0.015 0.002 0.013 0.005 0.003 0.012 0.019 0.011 0.019 0.008 0.848 0.009 0.007 0.018 0.004 
  4    ZFB04    (0)   :  0.003 0.005 0.003 0.004 0.005 0.013 0.003 0.006 0.009 0.010 0.005 0.880 0.003 0.042 0.002 0.008 
  5    ZFB05    (0)   :  0.003 0.035 0.010 0.002 0.007 0.088 0.005 0.009 0.006 0.009 0.004 0.702 0.025 0.045 0.009 0.040 
  6    ZFB06    (0)   :  0.003 0.035 0.012 0.002 0.007 0.063 0.005 0.009 0.006 0.009 0.004 0.774 0.019 0.023 0.008 0.022 
  7    ZFB07    (9)   :  0.005 0.043 0.006 0.007 0.004 0.009 0.005 0.077 0.007 0.013 0.005 0.792 0.013 0.005 0.005 0.006 
  8    ZFB08    (0)   :  0.009 0.006 0.008 0.009 0.007 0.003 0.007 0.021 0.014 0.009 0.008 0.848 0.025 0.012 0.006 0.009 
  9    ZFB09    (0)   :  0.003 0.003 0.002 0.003 0.004 0.003 0.003 0.007 0.005 0.005 0.003 0.945 0.004 0.005 0.003 0.003 
 10    ZFB10    (0)   :  0.009 0.004 0.006 0.029 0.005 0.004 0.006 0.003 0.018 0.011 0.013 0.875 0.004 0.008 0.002 0.007 
 11    ZFB11    (0)   :  0.005 0.003 0.003 0.006 0.004 0.010 0.003 0.004 0.008 0.004 0.004 0.933 0.003 0.005 0.002 0.004 
 12    ZFB12    (0)   :  0.004 0.009 0.003 0.005 0.004 0.019 0.005 0.005 0.011 0.011 0.007 0.870 0.019 0.021 0.004 0.003 
 13    ZFB13    (0)   :  0.013 0.007 0.007 0.013 0.003 0.003 0.007 0.007 0.036 0.015 0.009 0.836 0.012 0.015 0.004 0.013 
 14    ZFB14    (0)   :  0.004 0.004 0.003 0.005 0.005 0.003 0.003 0.005 0.024 0.005 0.004 0.921 0.004 0.004 0.003 0.004 
 15    ZFB15    (0)   :  0.002 0.003 0.002 0.003 0.002 0.006 0.002 0.007 0.005 0.004 0.003 0.943 0.003 0.011 0.002 0.003 
 16    ZFB16    (0)   :  0.006 0.005 0.004 0.009 0.003 0.004 0.006 0.005 0.011 0.008 0.007 0.891 0.008 0.019 0.003 0.012 
 17    ZFB17    (0)   :  0.004 0.008 0.009 0.006 0.012 0.019 0.007 0.006 0.009 0.017 0.013 0.832 0.023 0.011 0.002 0.025 
 18    ZFB18    (0)   :  0.003 0.003 0.002 0.004 0.005 0.003 0.002 0.004 0.007 0.006 0.003 0.948 0.003 0.003 0.002 0.002 
 19    ZFB19    (0)   :  0.015 0.038 0.008 0.058 0.004 0.004 0.017 0.036 0.033 0.195 0.027 0.511 0.036 0.008 0.005 0.005 
 20    ZFB20    (0)   :  0.005 0.005 0.005 0.007 0.003 0.013 0.005 0.005 0.010 0.009 0.009 0.863 0.009 0.030 0.002 0.020 
 21    ZFB21    (0)   :  0.003 0.005 0.002 0.002 0.003 0.006 0.002 0.006 0.003 0.003 0.002 0.946 0.003 0.007 0.003 0.004 
 22    ZFB22    (0)   :  0.004 0.008 0.008 0.008 0.007 0.018 0.007 0.004 0.011 0.009 0.009 0.857 0.009 0.033 0.002 0.004 
 23    ZFB23    (0)   :  0.004 0.004 0.002 0.005 0.003 0.012 0.003 0.003 0.005 0.005 0.004 0.934 0.002 0.005 0.003 0.005 
 24    ZFB24    (0)   :  0.004 0.003 0.002 0.004 0.003 0.014 0.003 0.005 0.005 0.004 0.004 0.927 0.003 0.010 0.002 0.005 
 25    ZFB25    (0)   :  0.005 0.003 0.003 0.014 0.004 0.004 0.004 0.003 0.005 0.004 0.006 0.934 0.003 0.003 0.003 0.003 
 26    ZFB26    (0)   :  0.006 0.005 0.003 0.008 0.004 0.021 0.004 0.004 0.003 0.003 0.006 0.912 0.003 0.007 0.003 0.008 
 27    ZFB27    (0)   :  0.003 0.004 0.002 0.005 0.003 0.047 0.003 0.004 0.004 0.004 0.003 0.904 0.002 0.006 0.002 0.003 
 28    ZFB28    (0)   :  0.004 0.019 0.003 0.005 0.007 0.115 0.005 0.004 0.014 0.012 0.007 0.771 0.011 0.012 0.004 0.010 
 29    ZFB29    (0)   :  0.003 0.004 0.002 0.003 0.005 0.008 0.002 0.004 0.009 0.005 0.003 0.932 0.003 0.008 0.002 0.007 
 30    ZFB30    (0)   :  0.003 0.080 0.013 0.004 0.003 0.166 0.005 0.027 0.004 0.009 0.003 0.650 0.016 0.008 0.006 0.004 
 31    ZFB31    (0)   :  0.006 0.004 0.003 0.017 0.004 0.006 0.004 0.005 0.029 0.006 0.007 0.893 0.003 0.005 0.003 0.003 
 32    ZFB32    (0)   :  0.008 0.022 0.003 0.008 0.019 0.052 0.006 0.007 0.016 0.013 0.015 0.760 0.030 0.014 0.006 0.020 
 33    ZFB33    (0)   :  0.003 0.003 0.002 0.003 0.003 0.005 0.002 0.006 0.004 0.003 0.003 0.950 0.003 0.008 0.002 0.003 
 34    ZFB34    (0)   :  0.003 0.004 0.003 0.004 0.006 0.003 0.003 0.014 0.010 0.005 0.003 0.926 0.004 0.006 0.003 0.004 
 35    ZFB35    (0)   :  0.004 0.004 0.003 0.005 0.004 0.005 0.004 0.012 0.007 0.004 0.005 0.919 0.004 0.010 0.004 0.006 
 36  ZFBP101    (0)   :  0.043 0.006 0.045 0.138 0.049 0.003 0.257 0.004 0.013 0.010 0.290 0.009 0.012 0.009 0.016 0.095 
 37  ZFBP102    (0)   :  0.153 0.011 0.015 0.174 0.007 0.003 0.229 0.005 0.017 0.011 0.310 0.010 0.008 0.013 0.004 0.030 
 38  ZFBP103    (0)   :  0.010 0.006 0.010 0.211 0.119 0.003 0.479 0.003 0.009 0.011 0.056 0.006 0.005 0.008 0.025 0.040 
 39  ZFBP104    (0)   :  0.023 0.012 0.007 0.618 0.004 0.003 0.192 0.017 0.017 0.012 0.036 0.013 0.024 0.009 0.008 0.006 
 40  ZFBP105    (0)   :  0.396 0.008 0.006 0.286 0.006 0.006 0.077 0.006 0.017 0.005 0.144 0.006 0.011 0.004 0.015 0.008 
 41  ZFBP106    (0)   :  0.106 0.004 0.009 0.587 0.007 0.003 0.031 0.004 0.003 0.004 0.202 0.003 0.005 0.003 0.018 0.011 
 42  ZFBP107    (0)   :  0.152 0.025 0.005 0.517 0.007 0.038 0.116 0.005 0.007 0.005 0.032 0.007 0.009 0.008 0.017 0.051 
 43  ZFBP108    (0)   :  0.047 0.003 0.006 0.717 0.003 0.003 0.009 0.004 0.004 0.003 0.183 0.003 0.003 0.003 0.007 0.004 
 44  ZFBP109    (0)   :  0.106 0.004 0.005 0.085 0.005 0.002 0.050 0.014 0.005 0.007 0.697 0.003 0.004 0.002 0.006 0.004 
 45  ZFBP110    (0)   :  0.050 0.016 0.005 0.058 0.020 0.003 0.136 0.008 0.035 0.044 0.460 0.033 0.008 0.008 0.083 0.033 
 46  ZFBP111    (0)   :  0.038 0.004 0.128 0.145 0.004 0.004 0.219 0.003 0.003 0.003 0.415 0.002 0.014 0.002 0.011 0.005 
 47  ZFBP112    (0)   :  0.014 0.003 0.030 0.025 0.007 0.004 0.012 0.003 0.006 0.003 0.864 0.003 0.006 0.003 0.008 0.009 
 48  ZFBP113    (0)   :  0.007 0.004 0.004 0.593 0.003 0.004 0.008 0.003 0.005 0.003 0.349 0.003 0.006 0.003 0.003 0.003 
 49  ZFBP114    (0)   :  0.774 0.006 0.005 0.056 0.004 0.006 0.057 0.004 0.003 0.004 0.057 0.003 0.003 0.003 0.005 0.010 
 50  ZFBP115    (0)   :  0.048 0.004 0.012 0.029 0.007 0.003 0.816 0.003 0.003 0.005 0.034 0.003 0.007 0.002 0.016 0.008 
 51  ZFBP116    (0)   :  0.011 0.005 0.006 0.639 0.004 0.004 0.016 0.003 0.003 0.004 0.282 0.002 0.008 0.003 0.005 0.006 
 52  ZFBP117    (0)   :  0.279 0.005 0.009 0.496 0.013 0.003 0.023 0.004 0.005 0.007 0.131 0.003 0.005 0.002 0.008 0.007 
 53  ZFBP118    (0)   :  0.505 0.009 0.010 0.302 0.004 0.011 0.052 0.003 0.003 0.004 0.063 0.004 0.004 0.004 0.004 0.019 
 54  ZFBP119    (0)   :  0.605 0.005 0.019 0.044 0.028 0.002 0.182 0.004 0.005 0.009 0.038 0.003 0.026 0.003 0.015 0.013 
 55  ZFBP120    (0)   :  0.219 0.007 0.005 0.431 0.005 0.005 0.099 0.007 0.010 0.006 0.158 0.007 0.012 0.005 0.017 0.007 
 56  ZFBP121    (0)   :  0.409 0.004 0.005 0.161 0.009 0.003 0.018 0.005 0.012 0.005 0.338 0.005 0.005 0.003 0.009 0.008 
 57  ZFBP122    (9)   :  0.022 0.004 0.009 0.431 0.004 0.003 0.019 0.004 0.003 0.004 0.472 0.003 0.007 0.003 0.006 0.006 
 58  ZFBP123    (0)   :  0.008 0.004 0.008 0.019 0.006 0.004 0.009 0.003 0.003 0.003 0.898 0.002 0.006 0.003 0.006 0.018 
 59  ZFBP124    (0)   :  0.295 0.005 0.005 0.145 0.006 0.004 0.029 0.019 0.007 0.004 0.452 0.006 0.005 0.004 0.005 0.010 
 60  ZFBP125    (0)   :  0.146 0.003 0.016 0.739 0.008 0.003 0.022 0.002 0.003 0.004 0.032 0.002 0.004 0.002 0.009 0.006 
 61  ZFBP126    (0)   :  0.010 0.010 0.006 0.582 0.012 0.003 0.012 0.004 0.015 0.022 0.274 0.006 0.012 0.012 0.003 0.017 
 62  ZFBP127    (0)   :  0.046 0.005 0.005 0.079 0.019 0.003 0.109 0.004 0.003 0.004 0.620 0.003 0.003 0.003 0.088 0.008 
 63  ZFBP128    (0)   :  0.014 0.002 0.031 0.743 0.022 0.002 0.020 0.004 0.006 0.003 0.116 0.003 0.004 0.002 0.018 0.010 
 64  ZFBP129    (0)   :  0.335 0.004 0.152 0.286 0.011 0.002 0.008 0.010 0.012 0.007 0.142 0.004 0.006 0.003 0.008 0.009 
 65  ZFBP130    (0)   :  0.094 0.003 0.077 0.584 0.032 0.004 0.041 0.002 0.003 0.005 0.115 0.002 0.008 0.003 0.014 0.013 
 66  ZFBP131    (0)   :  0.078 0.004 0.005 0.520 0.003 0.003 0.005 0.004 0.006 0.004 0.351 0.003 0.005 0.003 0.003 0.003 
 67  ZFBP132    (0)   :  0.263 0.004 0.004 0.314 0.004 0.003 0.020 0.003 0.004 0.006 0.335 0.006 0.003 0.002 0.024 0.005 
 68  ZFBP133    (0)   :  0.009 0.002 0.032 0.200 0.007 0.002 0.007 0.003 0.005 0.004 0.715 0.002 0.005 0.002 0.003 0.003 
 69  ZFBP134    (0)   :  0.010 0.003 0.010 0.048 0.019 0.003 0.702 0.003 0.006 0.004 0.164 0.004 0.010 0.003 0.009 0.003 
 70  ZFBP135    (0)   :  0.057 0.006 0.015 0.422 0.173 0.002 0.042 0.005 0.034 0.015 0.119 0.010 0.005 0.006 0.024 0.065 
 71  ZFBP136    (0)   :  0.022 0.004 0.027 0.053 0.028 0.006 0.073 0.003 0.004 0.005 0.648 0.003 0.006 0.003 0.016 0.097 
 72  ZFBP201    (0)   :  0.006 0.004 0.003 0.014 0.004 0.004 0.007 0.004 0.006 0.004 0.922 0.004 0.004 0.003 0.006 0.004 
 73  ZFBP202    (0)   :  0.093 0.005 0.011 0.454 0.005 0.003 0.034 0.009 0.010 0.004 0.332 0.006 0.008 0.003 0.014 0.007 
 74  ZFBP203    (0)   :  0.012 0.020 0.011 0.059 0.004 0.038 0.011 0.005 0.004 0.012 0.774 0.005 0.019 0.016 0.005 0.007 
 75  ZFBP204    (0)   :  0.329 0.006 0.032 0.107 0.015 0.006 0.154 0.005 0.007 0.007 0.236 0.004 0.014 0.005 0.025 0.049 
 76  ZFBP205    (0)   :  0.133 0.003 0.007 0.009 0.005 0.003 0.025 0.003 0.004 0.005 0.784 0.002 0.005 0.003 0.003 0.006 
 77  ZFBP206    (0)   :  0.005 0.003 0.009 0.009 0.005 0.004 0.006 0.004 0.004 0.003 0.918 0.003 0.006 0.004 0.004 0.012 
 78  ZFBP207    (0)   :  0.599 0.004 0.008 0.009 0.014 0.006 0.126 0.004 0.005 0.015 0.066 0.005 0.006 0.003 0.122 0.009 
 79  ZFBP208    (0)   :  0.005 0.004 0.004 0.008 0.003 0.006 0.005 0.003 0.004 0.004 0.931 0.002 0.006 0.004 0.003 0.006 
 80  ZFBP209    (0)   :  0.015 0.002 0.038 0.055 0.009 0.002 0.006 0.003 0.004 0.004 0.847 0.002 0.004 0.002 0.003 0.003 
 81  ZFBP210    (0)   :  0.006 0.004 0.005 0.008 0.003 0.005 0.006 0.004 0.004 0.003 0.930 0.003 0.006 0.004 0.005 0.004 
 82  ZFBP211    (0)   :  0.699 0.004 0.004 0.154 0.004 0.003 0.010 0.007 0.005 0.004 0.074 0.007 0.005 0.004 0.009 0.007 
 83  ZFBP212    (0)   :  0.045 0.004 0.006 0.514 0.003 0.004 0.062 0.004 0.003 0.004 0.270 0.010 0.003 0.003 0.062 0.003 
 84  ZFBP213    (0)   :  0.016 0.005 0.007 0.033 0.008 0.004 0.008 0.012 0.009 0.005 0.844 0.004 0.010 0.004 0.012 0.020 
 85  ZFBP214    (0)   :  0.011 0.006 0.020 0.011 0.029 0.003 0.015 0.010 0.008 0.008 0.812 0.005 0.022 0.003 0.023 0.015 
 86  ZFBP215    (0)   :  0.024 0.003 0.007 0.412 0.005 0.002 0.008 0.004 0.006 0.004 0.505 0.003 0.004 0.002 0.006 0.005 
 87  ZFBP216    (0)   :  0.060 0.009 0.005 0.133 0.005 0.006 0.028 0.005 0.006 0.005 0.692 0.004 0.028 0.004 0.005 0.006 
 88  ZFBP217    (0)   :  0.014 0.007 0.069 0.021 0.005 0.004 0.036 0.005 0.005 0.004 0.767 0.004 0.022 0.003 0.030 0.004 
 89  ZFBP218    (0)   :  0.212 0.003 0.015 0.156 0.004 0.003 0.041 0.007 0.004 0.004 0.536 0.002 0.005 0.003 0.004 0.003 
 90  ZFBP219    (0)   :  0.007 0.004 0.004 0.447 0.003 0.004 0.007 0.003 0.003 0.003 0.498 0.002 0.005 0.003 0.003 0.003 
 91  ZFBP220    (0)   :  0.027 0.004 0.036 0.238 0.018 0.004 0.073 0.002 0.003 0.004 0.556 0.003 0.007 0.003 0.014 0.007 
 92  ZFBP221    (0)   :  0.115 0.003 0.009 0.122 0.003 0.004 0.468 0.005 0.004 0.004 0.239 0.004 0.005 0.003 0.009 0.002 
 93  ZFBP222    (0)   :  0.010 0.003 0.005 0.053 0.006 0.004 0.005 0.004 0.011 0.004 0.875 0.003 0.006 0.003 0.003 0.004 
 94  ZFBP223    (0)   :  0.071 0.006 0.008 0.049 0.007 0.005 0.054 0.006 0.006 0.008 0.518 0.008 0.005 0.003 0.238 0.008 
 95  ZFBP224    (0)   :  0.009 0.005 0.004 0.019 0.004 0.003 0.008 0.006 0.005 0.004 0.905 0.003 0.005 0.003 0.005 0.010 
 96  ZFBP225    (0)   :  0.024 0.006 0.252 0.125 0.010 0.011 0.272 0.003 0.005 0.007 0.234 0.003 0.014 0.005 0.019 0.009 
 97  ZFBP226    (0)   :  0.075 0.004 0.004 0.230 0.003 0.004 0.011 0.003 0.004 0.003 0.636 0.003 0.005 0.004 0.005 0.005 
 98  ZFBP227    (0)   :  0.056 0.028 0.006 0.169 0.006 0.004 0.170 0.019 0.012 0.020 0.361 0.008 0.114 0.009 0.009 0.010 
 99  ZFBP228    (0)   :  0.291 0.004 0.008 0.178 0.020 0.003 0.301 0.006 0.006 0.005 0.083 0.005 0.004 0.003 0.079 0.005 
100  ZFBP229    (0)   :  0.074 0.004 0.024 0.625 0.008 0.003 0.021 0.002 0.004 0.006 0.209 0.002 0.007 0.003 0.005 0.003 
101  ZFBP230    (0)   :  0.043 0.004 0.026 0.070 0.025 0.003 0.103 0.003 0.006 0.006 0.678 0.003 0.008 0.003 0.010 0.008 
102  ZFBP231    (0)   :  0.790 0.007 0.006 0.041 0.005 0.006 0.020 0.008 0.008 0.007 0.054 0.007 0.008 0.005 0.008 0.020 
103  ZFBP232    (0)   :  0.580 0.003 0.008 0.223 0.004 0.003 0.012 0.003 0.004 0.003 0.139 0.003 0.004 0.003 0.004 0.005 
104  ZFBP233    (0)   :  0.061 0.005 0.017 0.072 0.004 0.003 0.027 0.009 0.005 0.004 0.757 0.006 0.010 0.003 0.008 0.008 
105   ZFCC01    (0)   :  0.004 0.004 0.004 0.003 0.911 0.004 0.003 0.021 0.008 0.004 0.005 0.005 0.005 0.006 0.005 0.009 
106   ZFCC03    (0)   :  0.003 0.003 0.004 0.003 0.937 0.003 0.003 0.007 0.005 0.004 0.004 0.003 0.003 0.003 0.008 0.005 
107   ZFCC04    (0)   :  0.003 0.004 0.005 0.003 0.926 0.004 0.004 0.006 0.006 0.004 0.005 0.004 0.005 0.004 0.005 0.013 
108   ZFCC05    (0)   :  0.005 0.007 0.006 0.005 0.843 0.005 0.007 0.013 0.009 0.004 0.010 0.006 0.010 0.005 0.017 0.050 
109   ZFCC08    (0)   :  0.013 0.003 0.018 0.007 0.886 0.002 0.010 0.009 0.006 0.004 0.014 0.002 0.008 0.003 0.005 0.010 
110   ZFCC09    (0)   :  0.006 0.003 0.003 0.003 0.933 0.003 0.003 0.012 0.004 0.003 0.003 0.003 0.003 0.003 0.008 0.006 
111   ZFCC10    (0)   :  0.005 0.003 0.003 0.003 0.899 0.004 0.003 0.041 0.008 0.004 0.004 0.003 0.003 0.004 0.004 0.008 
112   ZFCC11    (0)   :  0.004 0.004 0.004 0.004 0.919 0.003 0.004 0.013 0.006 0.003 0.006 0.004 0.005 0.004 0.010 0.007 
113   ZFCC12    (0)   :  0.004 0.013 0.006 0.006 0.704 0.004 0.009 0.012 0.030 0.013 0.007 0.006 0.008 0.129 0.008 0.041 
114   ZFCC13    (0)   :  0.005 0.006 0.007 0.009 0.890 0.011 0.012 0.004 0.004 0.005 0.011 0.004 0.013 0.005 0.008 0.007 
115   ZFCC14    (0)   :  0.008 0.005 0.008 0.009 0.861 0.007 0.004 0.007 0.023 0.007 0.011 0.009 0.003 0.004 0.005 0.028 
116   ZFCC15    (0)   :  0.003 0.005 0.004 0.003 0.932 0.005 0.004 0.005 0.004 0.005 0.004 0.003 0.009 0.004 0.004 0.006 
117   ZFCC16    (0)   :  0.003 0.003 0.004 0.003 0.927 0.003 0.003 0.005 0.006 0.005 0.003 0.004 0.005 0.006 0.004 0.014 
118   ZFCC17    (0)   :  0.003 0.006 0.003 0.003 0.883 0.009 0.003 0.006 0.004 0.004 0.003 0.005 0.004 0.011 0.006 0.047 
119   ZFCC18    (0)   :  0.003 0.004 0.006 0.003 0.923 0.004 0.004 0.011 0.005 0.004 0.006 0.003 0.005 0.005 0.007 0.008 
120   ZFCC19    (0)   :  0.003 0.005 0.003 0.002 0.927 0.009 0.003 0.003 0.003 0.010 0.003 0.004 0.007 0.006 0.003 0.008 
121   ZFCC20    (0)   :  0.003 0.004 0.005 0.003 0.928 0.002 0.006 0.004 0.004 0.004 0.004 0.004 0.007 0.005 0.007 0.010 
122   ZFCC21    (0)   :  0.007 0.005 0.032 0.020 0.612 0.007 0.014 0.007 0.009 0.074 0.146 0.006 0.041 0.005 0.004 0.011 
123   ZFCC22    (0)   :  0.031 0.003 0.031 0.045 0.520 0.005 0.074 0.016 0.006 0.005 0.232 0.003 0.009 0.003 0.007 0.009 
124   ZFCC26    (0)   :  0.003 0.003 0.004 0.003 0.938 0.002 0.003 0.006 0.005 0.004 0.003 0.004 0.005 0.005 0.004 0.008 
125   ZFCC27    (0)   :  0.003 0.003 0.003 0.003 0.946 0.003 0.003 0.004 0.004 0.004 0.003 0.003 0.003 0.003 0.006 0.005 
126   ZFCC29    (0)   :  0.004 0.004 0.005 0.003 0.897 0.003 0.006 0.007 0.004 0.012 0.005 0.009 0.010 0.007 0.005 0.018 
127   ZFCC30    (0)   :  0.004 0.003 0.005 0.003 0.937 0.003 0.004 0.004 0.003 0.003 0.004 0.003 0.004 0.003 0.010 0.007 
128   ZFCC32    (0)   :  0.005 0.006 0.005 0.003 0.908 0.006 0.006 0.009 0.003 0.005 0.004 0.004 0.012 0.010 0.004 0.009 
129   ZFCC33    (0)   :  0.004 0.007 0.004 0.005 0.570 0.004 0.004 0.006 0.011 0.006 0.004 0.010 0.005 0.005 0.008 0.346 
130   ZFCC34    (0)   :  0.066 0.005 0.018 0.045 0.523 0.009 0.034 0.027 0.012 0.006 0.062 0.025 0.007 0.030 0.080 0.051 
131   ZFCC35    (0)   :  0.005 0.003 0.003 0.003 0.947 0.004 0.004 0.005 0.002 0.003 0.003 0.002 0.003 0.002 0.003 0.006 
132   ZFCC36    (0)   :  0.005 0.005 0.010 0.006 0.870 0.020 0.009 0.004 0.004 0.005 0.015 0.004 0.017 0.009 0.004 0.013 
133   ZFCC37    (0)   :  0.007 0.014 0.006 0.008 0.708 0.005 0.011 0.017 0.039 0.019 0.015 0.007 0.009 0.090 0.007 0.036 
134   ZFCC40    (0)   :  0.003 0.004 0.003 0.006 0.912 0.013 0.003 0.008 0.008 0.004 0.008 0.004 0.003 0.004 0.003 0.013 
135   ZFCC42    (0)   :  0.005 0.021 0.006 0.003 0.038 0.068 0.010 0.005 0.011 0.014 0.007 0.033 0.005 0.182 0.045 0.546 
136   ZFCC44    (0)   :  0.003 0.004 0.003 0.003 0.935 0.008 0.003 0.003 0.003 0.003 0.002 0.003 0.002 0.003 0.008 0.015 
137   ZFCC45    (9)   :  0.004 0.019 0.003 0.005 0.801 0.017 0.004 0.017 0.023 0.006 0.006 0.009 0.009 0.011 0.008 0.057 
138   ZFCC46    (0)   :  0.011 0.003 0.038 0.011 0.840 0.004 0.023 0.002 0.003 0.008 0.016 0.004 0.008 0.003 0.011 0.014 
139   ZFCC47    (0)   :  0.008 0.005 0.007 0.003 0.848 0.004 0.006 0.014 0.017 0.004 0.004 0.004 0.005 0.057 0.005 0.008 
140   ZFCC48    (0)   :  0.009 0.003 0.037 0.016 0.754 0.004 0.011 0.005 0.007 0.028 0.087 0.005 0.010 0.003 0.003 0.016 
141   ZFCC50    (0)   :  0.003 0.004 0.003 0.002 0.941 0.003 0.003 0.005 0.004 0.004 0.003 0.004 0.004 0.005 0.003 0.009 
142   ZFCC51    (0)   :  0.003 0.003 0.003 0.003 0.944 0.002 0.003 0.005 0.004 0.003 0.003 0.003 0.003 0.003 0.011 0.004 
143   ZFCC52    (0)   :  0.012 0.004 0.015 0.012 0.833 0.007 0.011 0.005 0.005 0.006 0.025 0.004 0.008 0.008 0.005 0.041 
144   ZFCC53    (0)   :  0.003 0.003 0.003 0.002 0.949 0.003 0.003 0.004 0.004 0.003 0.003 0.003 0.003 0.003 0.006 0.005 
145  ZFCNS01    (0)   :  0.004 0.031 0.003 0.006 0.005 0.025 0.039 0.003 0.003 0.008 0.007 0.002 0.044 0.009 0.808 0.003 
146  ZFCNS02    (0)   :  0.005 0.003 0.004 0.003 0.005 0.002 0.006 0.003 0.002 0.002 0.003 0.002 0.003 0.002 0.952 0.003 
147  ZFCNS05    (0)   :  0.007 0.003 0.005 0.007 0.007 0.002 0.007 0.005 0.004 0.003 0.007 0.005 0.006 0.003 0.924 0.006 
148  ZFCNS06    (0)   :  0.004 0.003 0.004 0.004 0.005 0.002 0.004 0.003 0.003 0.003 0.004 0.003 0.003 0.002 0.950 0.003 
149  ZFCNS07    (0)   :  0.011 0.003 0.010 0.006 0.003 0.002 0.005 0.003 0.003 0.003 0.004 0.003 0.003 0.002 0.936 0.003 
150  ZFCNS10    (0)   :  0.007 0.003 0.005 0.009 0.005 0.005 0.024 0.002 0.002 0.003 0.008 0.003 0.003 0.002 0.916 0.003 
151  ZFCNS11    (0)   :  0.004 0.012 0.004 0.005 0.007 0.011 0.015 0.003 0.004 0.006 0.006 0.002 0.018 0.007 0.893 0.003 
152  ZFCNS15    (0)   :  0.011 0.004 0.007 0.041 0.003 0.002 0.026 0.003 0.003 0.004 0.009 0.004 0.004 0.003 0.871 0.005 
153  ZFCNS17    (0)   :  0.005 0.003 0.004 0.004 0.005 0.002 0.005 0.003 0.002 0.003 0.004 0.002 0.003 0.002 0.950 0.004 
154  ZFCNS18    (0)   :  0.006 0.003 0.004 0.011 0.005 0.005 0.018 0.003 0.002 0.003 0.008 0.004 0.003 0.002 0.920 0.003 
155  ZFCNS19    (0)   :  0.002 0.003 0.004 0.003 0.004 0.002 0.004 0.003 0.002 0.002 0.003 0.003 0.003 0.002 0.956 0.003 
156  ZFCNS20    (0)   :  0.015 0.003 0.017 0.012 0.004 0.002 0.013 0.003 0.004 0.004 0.009 0.002 0.005 0.003 0.898 0.007 
157  ZFCNS21    (0)   :  0.003 0.003 0.002 0.003 0.004 0.002 0.006 0.003 0.002 0.002 0.003 0.002 0.003 0.002 0.957 0.004 
158  ZFCNS22    (0)   :  0.010 0.003 0.004 0.013 0.005 0.002 0.008 0.005 0.004 0.004 0.010 0.005 0.005 0.003 0.913 0.005 
159  ZFCNS23    (0)   :  0.004 0.006 0.011 0.003 0.012 0.011 0.005 0.005 0.004 0.006 0.008 0.004 0.010 0.008 0.882 0.022 
160  ZFCNS24    (0)   :  0.008 0.003 0.007 0.005 0.008 0.002 0.010 0.003 0.003 0.003 0.006 0.002 0.004 0.003 0.924 0.010 
161  ZFCNS25    (0)   :  0.018 0.003 0.011 0.010 0.005 0.002 0.011 0.003 0.003 0.003 0.007 0.002 0.004 0.003 0.905 0.009 
162  ZFCNS26    (0)   :  0.004 0.003 0.003 0.006 0.003 0.002 0.007 0.003 0.003 0.003 0.003 0.003 0.003 0.002 0.950 0.003 
163  ZFCNS27    (0)   :  0.024 0.003 0.009 0.033 0.003 0.002 0.039 0.003 0.004 0.004 0.011 0.003 0.004 0.003 0.850 0.006 
164  ZFCNS28    (0)   :  0.004 0.003 0.004 0.004 0.004 0.002 0.004 0.004 0.002 0.002 0.003 0.003 0.003 0.003 0.952 0.003 
165  ZFCNS29    (0)   :  0.009 0.004 0.004 0.007 0.007 0.002 0.008 0.004 0.004 0.003 0.007 0.003 0.005 0.003 0.924 0.007 
166  ZFCNS30    (0)   :  0.004 0.003 0.003 0.005 0.006 0.002 0.007 0.005 0.003 0.003 0.005 0.003 0.005 0.003 0.935 0.006 
167  ZFCNS31    (0)   :  0.004 0.003 0.004 0.004 0.003 0.002 0.005 0.003 0.002 0.003 0.003 0.003 0.003 0.002 0.953 0.003 
168  ZFCNS32    (0)   :  0.007 0.003 0.007 0.006 0.004 0.002 0.011 0.003 0.003 0.003 0.005 0.003 0.005 0.003 0.927 0.006 
169  ZFCNS33    (0)   :  0.003 0.003 0.004 0.003 0.003 0.002 0.007 0.003 0.002 0.002 0.003 0.002 0.003 0.002 0.954 0.003 
170  ZFCNS34    (0)   :  0.005 0.003 0.004 0.004 0.011 0.002 0.006 0.005 0.003 0.003 0.005 0.003 0.005 0.003 0.931 0.007 
171  ZFCNS35    (0)   :  0.011 0.003 0.004 0.011 0.005 0.002 0.022 0.005 0.020 0.004 0.010 0.016 0.003 0.002 0.879 0.003 
172  ZFCNS36    (0)   :  0.008 0.003 0.008 0.005 0.010 0.002 0.007 0.003 0.003 0.003 0.006 0.002 0.005 0.003 0.922 0.009 
173  ZFCNS37    (0)   :  0.007 0.009 0.008 0.007 0.005 0.002 0.162 0.005 0.003 0.004 0.005 0.003 0.004 0.002 0.768 0.006 
174  ZFCNS39    (0)   :  0.007 0.005 0.023 0.006 0.015 0.004 0.024 0.002 0.002 0.005 0.008 0.002 0.013 0.002 0.875 0.006 
175  ZFCNS40    (0)   :  0.017 0.005 0.119 0.006 0.030 0.003 0.163 0.003 0.003 0.005 0.009 0.002 0.008 0.003 0.613 0.011 
176  ZFCNS41    (0)   :  0.019 0.008 0.005 0.009 0.012 0.004 0.645 0.006 0.011 0.006 0.016 0.005 0.010 0.005 0.228 0.011 
177  ZFCNS42    (0)   :  0.004 0.003 0.003 0.005 0.003 0.002 0.006 0.003 0.002 0.003 0.004 0.003 0.003 0.002 0.950 0.003 
178  ZFCNS43    (0)   :  0.003 0.003 0.003 0.003 0.004 0.002 0.005 0.003 0.002 0.002 0.003 0.002 0.003 0.002 0.957 0.004 
179  ZFCNS44    (0)   :  0.005 0.003 0.003 0.011 0.005 0.004 0.021 0.002 0.002 0.003 0.008 0.003 0.002 0.002 0.920 0.004 
180  ZFCNS46    (0)   :  0.005 0.004 0.004 0.008 0.005 0.002 0.010 0.004 0.003 0.004 0.006 0.003 0.005 0.002 0.929 0.006 
181  ZFCNS47    (0)   :  0.003 0.003 0.003 0.003 0.004 0.002 0.005 0.003 0.002 0.002 0.003 0.003 0.003 0.002 0.956 0.003 
182  ZFCNS48    (0)   :  0.008 0.003 0.005 0.017 0.006 0.004 0.045 0.004 0.003 0.003 0.013 0.005 0.005 0.003 0.871 0.004 
183  ZFCNS49    (0)   :  0.008 0.003 0.004 0.030 0.003 0.004 0.055 0.003 0.002 0.003 0.010 0.004 0.003 0.002 0.863 0.003 
184   ZFCR01    (0)   :  0.008 0.180 0.008 0.011 0.008 0.008 0.003 0.026 0.243 0.447 0.016 0.007 0.004 0.026 0.003 0.003 
185   ZFCR02    (0)   :  0.012 0.006 0.005 0.004 0.015 0.008 0.004 0.005 0.006 0.892 0.007 0.013 0.004 0.007 0.004 0.009 
186   ZFCR03    (0)   :  0.015 0.013 0.010 0.016 0.018 0.025 0.005 0.022 0.090 0.591 0.044 0.036 0.015 0.042 0.003 0.055 
187   ZFCR04    (0)   :  0.010 0.016 0.013 0.016 0.009 0.015 0.019 0.045 0.011 0.725 0.007 0.081 0.007 0.012 0.011 0.005 
188   ZFCR05    (0)   :  0.003 0.021 0.003 0.003 0.011 0.007 0.003 0.019 0.042 0.841 0.004 0.013 0.015 0.008 0.002 0.004 
189   ZFCR06    (0)   :  0.030 0.014 0.010 0.015 0.012 0.003 0.019 0.009 0.054 0.743 0.011 0.015 0.005 0.007 0.046 0.005 
190   ZFCR07    (0)   :  0.005 0.058 0.004 0.011 0.009 0.006 0.032 0.013 0.013 0.601 0.014 0.026 0.081 0.017 0.056 0.052 
191   ZFCR08    (0)   :  0.007 0.323 0.039 0.024 0.070 0.034 0.011 0.075 0.039 0.240 0.037 0.019 0.007 0.032 0.005 0.037 
192   ZFCR09    (0)   :  0.057 0.031 0.014 0.023 0.022 0.123 0.045 0.008 0.215 0.093 0.071 0.063 0.017 0.182 0.017 0.019 
193   ZFCR11    (0)   :  0.018 0.013 0.002 0.004 0.007 0.005 0.028 0.016 0.028 0.815 0.004 0.021 0.014 0.013 0.007 0.004 
194   ZFCR12    (0)   :  0.011 0.004 0.013 0.014 0.006 0.003 0.036 0.004 0.016 0.790 0.006 0.005 0.016 0.003 0.066 0.006 
195   ZFCR13    (0)   :  0.032 0.165 0.004 0.061 0.006 0.003 0.009 0.007 0.005 0.439 0.009 0.021 0.222 0.003 0.007 0.007 
196   ZFCR14    (0)   :  0.005 0.008 0.007 0.007 0.006 0.004 0.007 0.010 0.007 0.889 0.006 0.014 0.016 0.004 0.005 0.005 
197   ZFCR15    (0)   :  0.010 0.028 0.017 0.014 0.008 0.007 0.010 0.016 0.009 0.806 0.016 0.028 0.012 0.005 0.004 0.009 
198   ZFCR16    (0)   :  0.014 0.013 0.010 0.009 0.006 0.003 0.005 0.007 0.010 0.871 0.019 0.016 0.007 0.005 0.002 0.004 
199   ZFCR18    (0)   :  0.033 0.017 0.007 0.006 0.011 0.003 0.006 0.006 0.072 0.273 0.008 0.508 0.006 0.006 0.006 0.032 
200   ZFCR19    (0)   :  0.013 0.005 0.026 0.020 0.009 0.003 0.008 0.005 0.018 0.776 0.010 0.025 0.006 0.063 0.005 0.005 
201   ZFCR20    (0)   :  0.009 0.036 0.007 0.026 0.005 0.005 0.008 0.019 0.501 0.104 0.035 0.037 0.160 0.024 0.004 0.020 
202   ZFCR21    (0)   :  0.005 0.007 0.008 0.005 0.011 0.003 0.006 0.004 0.023 0.883 0.007 0.007 0.016 0.004 0.003 0.007 
203   ZFCR22    (0)   :  0.005 0.005 0.012 0.005 0.004 0.003 0.005 0.002 0.005 0.890 0.007 0.007 0.035 0.005 0.003 0.006 
204   ZFCR23    (0)   :  0.015 0.074 0.005 0.082 0.003 0.037 0.028 0.004 0.017 0.608 0.053 0.012 0.044 0.011 0.004 0.004 
205   ZFCR24    (9)   :  0.024 0.081 0.005 0.415 0.007 0.004 0.009 0.035 0.032 0.074 0.099 0.061 0.089 0.051 0.004 0.010 
206   ZFCR25    (0)   :  0.003 0.009 0.003 0.004 0.004 0.002 0.005 0.011 0.008 0.913 0.004 0.007 0.009 0.009 0.003 0.006 
207   ZFCR26    (0)   :  0.010 0.010 0.014 0.010 0.016 0.003 0.008 0.010 0.014 0.590 0.011 0.004 0.217 0.072 0.004 0.007 
208   ZFCR27    (9)   :  0.003 0.432 0.003 0.004 0.005 0.004 0.003 0.015 0.084 0.327 0.003 0.011 0.027 0.074 0.003 0.003 
209   ZFCR28    (0)   :  0.020 0.051 0.026 0.014 0.011 0.005 0.011 0.009 0.009 0.707 0.103 0.004 0.005 0.004 0.016 0.006 
210   ZFCR29    (0)   :  0.005 0.007 0.005 0.006 0.005 0.005 0.004 0.006 0.234 0.661 0.006 0.016 0.021 0.011 0.002 0.005 
211   ZFCR30    (0)   :  0.006 0.008 0.007 0.007 0.005 0.006 0.009 0.009 0.007 0.861 0.007 0.007 0.036 0.011 0.007 0.008 
212   ZFCR31    (0)   :  0.045 0.015 0.014 0.032 0.009 0.014 0.032 0.012 0.024 0.440 0.063 0.144 0.021 0.071 0.036 0.028 
213   ZFCR33    (0)   :  0.006 0.695 0.012 0.010 0.041 0.019 0.014 0.033 0.059 0.032 0.014 0.005 0.025 0.018 0.007 0.009 
214   ZFCR34    (0)   :  0.005 0.020 0.008 0.015 0.010 0.009 0.018 0.005 0.005 0.709 0.018 0.047 0.113 0.008 0.006 0.004 
215   ZFCR35    (0)   :  0.004 0.011 0.004 0.008 0.009 0.011 0.006 0.009 0.056 0.668 0.006 0.182 0.006 0.014 0.004 0.004 
216   ZFCR36    (0)   :  0.005 0.008 0.004 0.007 0.006 0.012 0.007 0.007 0.010 0.832 0.008 0.046 0.016 0.012 0.014 0.006 
217   ZFCR37    (0)   :  0.003 0.100 0.004 0.004 0.058 0.020 0.004 0.036 0.062 0.036 0.005 0.046 0.560 0.044 0.004 0.016 
218   ZFCR38    (0)   :  0.007 0.471 0.013 0.007 0.041 0.008 0.009 0.031 0.032 0.243 0.010 0.007 0.032 0.072 0.007 0.011 
219   ZFCR39    (0)   :  0.023 0.156 0.019 0.016 0.071 0.184 0.011 0.008 0.025 0.305 0.064 0.023 0.007 0.037 0.003 0.048 
220   ZFCR40    (0)   :  0.004 0.024 0.003 0.009 0.013 0.021 0.009 0.011 0.007 0.856 0.008 0.009 0.007 0.010 0.004 0.005 
221   ZFCR41    (0)   :  0.007 0.010 0.015 0.006 0.018 0.003 0.064 0.006 0.008 0.820 0.007 0.006 0.014 0.003 0.008 0.006 
222   ZFCR42    (0)   :  0.012 0.035 0.015 0.018 0.026 0.015 0.018 0.009 0.009 0.729 0.019 0.006 0.048 0.013 0.015 0.016 
223   ZFCR43    (0)   :  0.022 0.009 0.004 0.043 0.004 0.003 0.005 0.009 0.013 0.841 0.005 0.024 0.007 0.004 0.005 0.004 
224  ZFENP25    (0)   :  0.003 0.802 0.010 0.007 0.020 0.005 0.005 0.027 0.056 0.024 0.015 0.005 0.007 0.005 0.003 0.007 
225  ZFENP26    (0)   :  0.002 0.927 0.003 0.002 0.005 0.007 0.004 0.006 0.005 0.011 0.002 0.006 0.004 0.007 0.003 0.005 
226  ZFENP27    (0)   :  0.005 0.306 0.012 0.017 0.191 0.019 0.034 0.024 0.045 0.167 0.034 0.018 0.005 0.028 0.050 0.045 
227  ZFENP28    (0)   :  0.005 0.819 0.004 0.004 0.012 0.008 0.005 0.031 0.006 0.047 0.004 0.010 0.010 0.019 0.011 0.005 
228  ZFENP29    (0)   :  0.003 0.864 0.004 0.005 0.011 0.005 0.004 0.004 0.012 0.054 0.005 0.004 0.008 0.006 0.004 0.007 
229  ZFENP30    (0)   :  0.007 0.761 0.007 0.004 0.032 0.010 0.005 0.008 0.007 0.012 0.006 0.007 0.011 0.010 0.010 0.101 
230  ZFENP31    (0)   :  0.009 0.213 0.003 0.004 0.011 0.221 0.004 0.034 0.022 0.016 0.004 0.026 0.012 0.043 0.006 0.372 
231  ZFENP32    (0)   :  0.020 0.187 0.006 0.008 0.011 0.164 0.013 0.013 0.179 0.027 0.020 0.176 0.011 0.029 0.027 0.108 
232  ZFENP33    (0)   :  0.006 0.768 0.003 0.008 0.005 0.009 0.006 0.032 0.033 0.014 0.008 0.012 0.042 0.015 0.005 0.035 
233  ZFENP34    (0)   :  0.006 0.199 0.003 0.004 0.017 0.005 0.005 0.481 0.043 0.030 0.005 0.036 0.006 0.027 0.008 0.122 
234  ZFENP35    (0)   :  0.005 0.820 0.004 0.016 0.005 0.060 0.015 0.007 0.005 0.007 0.009 0.017 0.008 0.005 0.011 0.007 
235  ZFENP36    (0)   :  0.002 0.910 0.002 0.002 0.003 0.010 0.004 0.005 0.005 0.009 0.003 0.009 0.007 0.009 0.012 0.007 
236  ZFENP37    (0)   :  0.004 0.284 0.003 0.006 0.006 0.110 0.007 0.500 0.009 0.007 0.007 0.009 0.022 0.009 0.008 0.009 
237  ZFENP38    (0)   :  0.005 0.367 0.004 0.006 0.016 0.026 0.008 0.032 0.009 0.015 0.006 0.010 0.448 0.018 0.017 0.014 
238  ZFENP39    (0)   :  0.003 0.699 0.003 0.005 0.015 0.026 0.005 0.022 0.044 0.129 0.004 0.011 0.013 0.012 0.005 0.006 
239  ZFENP40    (0)   :  0.006 0.696 0.004 0.010 0.006 0.053 0.005 0.025 0.037 0.089 0.010 0.016 0.007 0.016 0.006 0.013 
240  ZFENP41    (0)   :  0.006 0.672 0.008 0.009 0.066 0.034 0.007 0.015 0.020 0.068 0.006 0.018 0.007 0.006 0.008 0.050 
241  ZFENP42    (0)   :  0.003 0.587 0.005 0.003 0.006 0.236 0.005 0.004 0.005 0.065 0.004 0.004 0.053 0.006 0.003 0.010 
242  ZFENP43    (0)   :  0.006 0.630 0.005 0.008 0.031 0.016 0.037 0.040 0.011 0.023 0.009 0.007 0.083 0.031 0.054 0.007 
243  ZFENP44    (0)   :  0.004 0.617 0.003 0.012 0.015 0.148 0.026 0.029 0.009 0.020 0.013 0.006 0.041 0.012 0.013 0.031 
244  ZFENP45    (0)   :  0.025 0.323 0.314 0.019 0.016 0.116 0.011 0.014 0.008 0.035 0.018 0.008 0.056 0.011 0.008 0.019 
245  ZFENP46    (0)   :  0.009 0.758 0.005 0.027 0.003 0.017 0.019 0.034 0.011 0.013 0.014 0.008 0.049 0.015 0.007 0.011 
246  ZFENP47    (0)   :  0.011 0.126 0.112 0.009 0.044 0.264 0.004 0.006 0.245 0.077 0.007 0.043 0.004 0.018 0.003 0.024 
247  ZFENP48    (0)   :  0.012 0.088 0.009 0.005 0.018 0.010 0.005 0.437 0.044 0.019 0.014 0.014 0.016 0.031 0.007 0.271 
248  ZFENP49    (0)   :  0.010 0.200 0.010 0.014 0.009 0.005 0.005 0.004 0.040 0.476 0.008 0.021 0.008 0.020 0.005 0.163 
249  ZFENP50    (0)   :  0.024 0.596 0.006 0.022 0.004 0.056 0.014 0.007 0.005 0.086 0.057 0.007 0.082 0.022 0.005 0.006 
250  ZFENP51    (0)   :  0.004 0.310 0.059 0.004 0.008 0.030 0.004 0.011 0.012 0.034 0.003 0.023 0.012 0.446 0.007 0.032 
251  ZFENP52    (0)   :  0.004 0.900 0.005 0.004 0.009 0.006 0.016 0.004 0.003 0.008 0.005 0.003 0.013 0.005 0.010 0.006 
252  ZFENP53    (0)   :  0.046 0.725 0.027 0.023 0.007 0.019 0.017 0.009 0.008 0.022 0.039 0.006 0.025 0.010 0.009 0.008 
253  ZFENP54    (0)   :  0.015 0.058 0.005 0.009 0.012 0.008 0.008 0.009 0.008 0.785 0.024 0.011 0.011 0.008 0.005 0.025 
254  ZFENP55    (0)   :  0.006 0.244 0.004 0.005 0.003 0.014 0.004 0.026 0.025 0.046 0.005 0.056 0.516 0.034 0.004 0.010 
255  ZFENP56    (0)   :  0.004 0.812 0.005 0.004 0.007 0.006 0.009 0.009 0.009 0.013 0.004 0.013 0.062 0.025 0.010 0.008 
256  ZFENP57    (0)   :  0.003 0.750 0.002 0.004 0.004 0.069 0.007 0.022 0.008 0.046 0.006 0.016 0.019 0.016 0.013 0.014 
257  ZFENP58    (0)   :  0.008 0.269 0.093 0.004 0.019 0.005 0.013 0.005 0.008 0.180 0.017 0.021 0.020 0.015 0.015 0.310 
258  ZFENP59    (0)   :  0.006 0.729 0.005 0.005 0.067 0.041 0.005 0.008 0.018 0.048 0.005 0.015 0.009 0.007 0.005 0.028 
259  ZFENP60    (0)   :  0.009 0.634 0.013 0.010 0.011 0.018 0.007 0.044 0.014 0.154 0.011 0.035 0.013 0.013 0.006 0.007 
260  ZFENP61    (0)   :  0.003 0.791 0.003 0.004 0.015 0.008 0.004 0.014 0.058 0.049 0.003 0.019 0.009 0.008 0.004 0.008 
261 ZFFDSP01    (0)   :  0.008 0.002 0.010 0.180 0.004 0.003 0.041 0.004 0.005 0.004 0.706 0.006 0.006 0.002 0.014 0.004 
262 ZFFDSP02    (0)   :  0.005 0.002 0.004 0.922 0.004 0.002 0.006 0.003 0.005 0.003 0.031 0.002 0.003 0.002 0.003 0.003 
263 ZFFDSP04    (0)   :  0.009 0.002 0.011 0.508 0.004 0.002 0.010 0.004 0.009 0.003 0.420 0.004 0.006 0.003 0.003 0.003 
264 ZFFDSP05    (0)   :  0.012 0.004 0.008 0.837 0.004 0.004 0.050 0.003 0.005 0.004 0.048 0.003 0.008 0.003 0.005 0.003 
265 ZFFDSP06    (0)   :  0.114 0.003 0.013 0.305 0.011 0.002 0.037 0.011 0.007 0.004 0.479 0.002 0.004 0.002 0.003 0.003 
266 ZFFDSP07    (0)   :  0.018 0.004 0.034 0.165 0.011 0.004 0.007 0.004 0.006 0.006 0.700 0.002 0.008 0.004 0.004 0.023 
267 ZFFDSP08    (0)   :  0.122 0.004 0.084 0.116 0.011 0.004 0.033 0.004 0.003 0.005 0.551 0.003 0.013 0.003 0.012 0.030 
268 ZFFDSP10    (0)   :  0.015 0.005 0.018 0.560 0.005 0.006 0.020 0.004 0.005 0.007 0.320 0.004 0.008 0.004 0.005 0.013 
269 ZFFDSP11    (0)   :  0.023 0.003 0.008 0.440 0.004 0.003 0.014 0.004 0.006 0.004 0.469 0.005 0.008 0.004 0.004 0.003 
270 ZFFDSP12    (0)   :  0.262 0.003 0.010 0.146 0.003 0.003 0.013 0.003 0.003 0.004 0.532 0.002 0.004 0.002 0.004 0.005 
271 ZFFDSP13    (0)   :  0.018 0.005 0.004 0.070 0.012 0.004 0.751 0.004 0.005 0.005 0.080 0.004 0.008 0.003 0.020 0.008 
272 ZFFDSP14    (0)   :  0.011 0.003 0.021 0.237 0.006 0.004 0.005 0.004 0.007 0.004 0.674 0.003 0.006 0.003 0.004 0.007 
273 ZFFDSP16    (0)   :  0.015 0.005 0.004 0.075 0.007 0.004 0.010 0.006 0.011 0.007 0.824 0.006 0.006 0.003 0.012 0.004 
274 ZFFDSP17    (0)   :  0.023 0.003 0.008 0.152 0.005 0.002 0.019 0.007 0.005 0.005 0.747 0.004 0.007 0.003 0.005 0.004 
275 ZFFDSP18    (0)   :  0.023 0.002 0.021 0.730 0.005 0.002 0.006 0.005 0.017 0.004 0.166 0.005 0.004 0.003 0.004 0.003 
276 ZFFDSP19    (0)   :  0.019 0.003 0.016 0.095 0.027 0.002 0.035 0.006 0.009 0.004 0.673 0.004 0.004 0.003 0.098 0.004 
277 ZFFDSP21    (0)   :  0.009 0.003 0.006 0.123 0.019 0.003 0.193 0.004 0.006 0.004 0.558 0.003 0.004 0.002 0.060 0.004 
278 ZFFDSP22    (0)   :  0.044 0.003 0.077 0.174 0.005 0.002 0.012 0.003 0.004 0.004 0.655 0.002 0.005 0.002 0.004 0.004 
279 ZFFDSP23    (0)   :  0.013 0.002 0.054 0.833 0.004 0.002 0.036 0.003 0.003 0.003 0.028 0.002 0.005 0.002 0.007 0.003 
280 ZFFDSP24    (0)   :  0.007 0.003 0.005 0.916 0.004 0.002 0.014 0.004 0.004 0.003 0.016 0.004 0.005 0.003 0.006 0.004 
281 ZFFDSP26    (9)   :  0.022 0.003 0.012 0.848 0.005 0.003 0.029 0.003 0.006 0.003 0.046 0.003 0.005 0.003 0.006 0.004 
282 ZFFDSP27    (0)   :  0.008 0.002 0.006 0.908 0.004 0.002 0.010 0.005 0.008 0.003 0.026 0.004 0.003 0.002 0.006 0.003 
283 ZFFDSP28    (0)   :  0.016 0.005 0.008 0.728 0.006 0.005 0.016 0.019 0.014 0.008 0.113 0.020 0.009 0.014 0.004 0.013 
284 ZFFDSP30    (0)   :  0.010 0.003 0.007 0.088 0.005 0.007 0.124 0.006 0.011 0.005 0.626 0.054 0.007 0.004 0.037 0.006 
285 ZFFDSP31    (0)   :  0.599 0.005 0.007 0.250 0.006 0.002 0.042 0.017 0.004 0.006 0.038 0.003 0.007 0.002 0.008 0.005 
286 ZFFDSP32    (0)   :  0.007 0.003 0.005 0.364 0.003 0.003 0.009 0.004 0.004 0.003 0.579 0.002 0.004 0.002 0.004 0.004 
287 ZFFDSP33    (0)   :  0.022 0.003 0.006 0.657 0.002 0.002 0.014 0.003 0.003 0.003 0.267 0.003 0.003 0.002 0.005 0.003 
