

----------------------------------------------------
STRUCTURE by Pritchard, Stephens and Donnelly (2000)
     and Falush, Stephens and Pritchard (2003)
       Code by Pritchard, Falush and Hubisz
             Version 2.3.4 (Jul 2012)
----------------------------------------------------



Command line arguments:   bin\structure -m C:\Users\eschumacher\Documents\GitHub\GCC_QUAC_ZAIN\Data_Files\Structure_Files\ZAIN\ZAIN_wild_rebinned_nopopinfo\50-50\mainparams -e C:\Users\eschumacher\Documents\GitHub\GCC_QUAC_ZAIN\Data_Files\Structure_Files\ZAIN\ZAIN_wild_rebinned_nopopinfo\50-50\extraparams 
Input File:    C:\Users\eschumacher\Documents\GitHub\GCC_QUAC_ZAIN\Data_Files\Structure_Files\ZAIN\ZAIN_wild_rebinned_nopopinfo\project_data

Run parameters:
   751 individuals
   11 loci
   7 populations assumed
   50000 Burn-in period
   50000 Reps


--------------------------------------------
Overall proportion of membership of the
sample in each of the 7 clusters

Inferred Clusters
  1      2      3      4      5      6      7    
0.175  0.117  0.058  0.129  0.118  0.232  0.172  

--------------------------------------------

Allele-freq. divergence among pops (Net nucleotide distance),
computed using point estimates of P.

      1       2       3       4       5       6       7      
 1      -    0.1177  0.2240  0.0933  0.0976  0.1413  0.1130  
 2   0.1177     -    0.2168  0.0921  0.1863  0.2504  0.2524  
 3   0.2240  0.2168     -    0.3190  0.2943  0.3608  0.3498  
 4   0.0933  0.0921  0.3190     -    0.1498  0.2378  0.2066  
 5   0.0976  0.1863  0.2943  0.1498     -    0.1505  0.1182  
 6   0.1413  0.2504  0.3608  0.2378  0.1505     -    0.0885  
 7   0.1130  0.2524  0.3498  0.2066  0.1182  0.0885     -    

Average distances (expected heterozygosity) between individuals in same cluster:
cluster  1  : 0.5631 
cluster  2  : 0.5009 
cluster  3  : 0.2720 
cluster  4  : 0.4037 
cluster  5  : 0.4345 
cluster  6  : 0.4359 
cluster  7  : 0.4151 

--------------------------------------------
Estimated Ln Prob of Data   = -14283.0
Mean value of ln likelihood = -13960.6
Variance of ln likelihood   = 644.8
Mean value of alpha         = 0.0328

Mean value of Fst_1         = 0.1130
Mean value of Fst_2         = 0.3901
Mean value of Fst_3         = 0.5936
Mean value of Fst_4         = 0.3832
Mean value of Fst_5         = 0.4120
Mean value of Fst_6         = 0.3109
Mean value of Fst_7         = 0.4669


Inferred ancestry of individuals:
        Label (%Miss) :  Inferred clusters
  1    ZFB01    (0)   :  0.004 0.966 0.005 0.014 0.004 0.004 0.004 
  2    ZFB02    (0)   :  0.005 0.962 0.007 0.011 0.008 0.004 0.003 
  3    ZFB03    (0)   :  0.018 0.834 0.004 0.093 0.008 0.006 0.037 
  4    ZFB04    (0)   :  0.004 0.971 0.008 0.007 0.004 0.004 0.003 
  5    ZFB05    (0)   :  0.020 0.923 0.026 0.009 0.009 0.005 0.008 
  6    ZFB06    (0)   :  0.020 0.928 0.020 0.011 0.006 0.005 0.009 
  7    ZFB07    (9)   :  0.018 0.248 0.024 0.681 0.006 0.013 0.011 
  8    ZFB08    (0)   :  0.012 0.876 0.003 0.087 0.009 0.006 0.007 
  9    ZFB09    (0)   :  0.006 0.962 0.003 0.017 0.005 0.004 0.003 
 10    ZFB10    (0)   :  0.004 0.966 0.005 0.006 0.006 0.009 0.004 
 11    ZFB11    (0)   :  0.003 0.965 0.007 0.010 0.005 0.006 0.004 
 12    ZFB12    (0)   :  0.007 0.954 0.007 0.015 0.003 0.004 0.010 
 13    ZFB13    (0)   :  0.010 0.914 0.003 0.054 0.006 0.006 0.007 
 14    ZFB14    (0)   :  0.006 0.899 0.003 0.074 0.007 0.006 0.005 
 15    ZFB15    (0)   :  0.004 0.975 0.005 0.009 0.003 0.002 0.003 
 16    ZFB16    (0)   :  0.004 0.974 0.004 0.008 0.003 0.004 0.003 
 17    ZFB17    (0)   :  0.024 0.912 0.016 0.009 0.017 0.014 0.009 
 18    ZFB18    (0)   :  0.005 0.965 0.003 0.013 0.006 0.004 0.003 
 19    ZFB19    (0)   :  0.094 0.613 0.006 0.215 0.005 0.050 0.017 
 20    ZFB20    (0)   :  0.004 0.974 0.006 0.006 0.003 0.003 0.003 
 21    ZFB21    (0)   :  0.005 0.965 0.005 0.014 0.004 0.003 0.004 
 22    ZFB22    (0)   :  0.012 0.931 0.019 0.006 0.009 0.013 0.009 
 23    ZFB23    (0)   :  0.004 0.955 0.013 0.008 0.004 0.006 0.010 
 24    ZFB24    (0)   :  0.004 0.971 0.008 0.006 0.003 0.005 0.003 
 25    ZFB25    (0)   :  0.004 0.941 0.006 0.016 0.006 0.019 0.009 
 26    ZFB26    (0)   :  0.004 0.951 0.018 0.006 0.005 0.010 0.007 
 27    ZFB27    (0)   :  0.003 0.947 0.026 0.010 0.003 0.006 0.004 
 28    ZFB28    (0)   :  0.012 0.862 0.028 0.068 0.009 0.006 0.017 
 29    ZFB29    (0)   :  0.004 0.974 0.005 0.006 0.006 0.003 0.002 
 30    ZFB30    (0)   :  0.049 0.735 0.170 0.027 0.004 0.008 0.007 
 31    ZFB31    (0)   :  0.005 0.545 0.012 0.398 0.007 0.023 0.010 
 32    ZFB32    (0)   :  0.021 0.835 0.015 0.070 0.020 0.010 0.031 
 33    ZFB33    (0)   :  0.004 0.974 0.005 0.009 0.003 0.003 0.003 
 34    ZFB34    (0)   :  0.008 0.775 0.003 0.197 0.007 0.005 0.005 
 35    ZFB35    (0)   :  0.005 0.937 0.005 0.036 0.006 0.006 0.006 
 36  ZFBP101    (0)   :  0.019 0.017 0.003 0.012 0.117 0.652 0.180 
 37  ZFBP102    (0)   :  0.016 0.025 0.003 0.018 0.021 0.869 0.049 
 38  ZFBP103    (0)   :  0.013 0.014 0.003 0.007 0.220 0.162 0.581 
 39  ZFBP104    (0)   :  0.035 0.018 0.004 0.052 0.004 0.497 0.390 
 40  ZFBP105    (0)   :  0.008 0.005 0.006 0.010 0.006 0.641 0.323 
 41  ZFBP106    (0)   :  0.005 0.004 0.004 0.004 0.008 0.748 0.228 
 42  ZFBP107    (0)   :  0.014 0.011 0.047 0.007 0.012 0.422 0.486 
 43  ZFBP108    (0)   :  0.004 0.003 0.003 0.004 0.004 0.970 0.013 
 44  ZFBP109    (0)   :  0.005 0.003 0.002 0.007 0.004 0.967 0.011 
 45  ZFBP110    (0)   :  0.040 0.024 0.003 0.049 0.056 0.114 0.714 
 46  ZFBP111    (0)   :  0.004 0.003 0.003 0.003 0.004 0.955 0.028 
 47  ZFBP112    (0)   :  0.005 0.004 0.006 0.004 0.008 0.962 0.010 
 48  ZFBP113    (0)   :  0.006 0.004 0.005 0.005 0.003 0.968 0.010 
 49  ZFBP114    (0)   :  0.005 0.004 0.017 0.005 0.010 0.932 0.026 
 50  ZFBP115    (0)   :  0.007 0.003 0.004 0.003 0.009 0.322 0.652 
 51  ZFBP116    (0)   :  0.007 0.003 0.005 0.003 0.005 0.958 0.018 
 52  ZFBP117    (0)   :  0.005 0.003 0.003 0.004 0.009 0.965 0.013 
 53  ZFBP118    (0)   :  0.005 0.005 0.019 0.004 0.007 0.950 0.010 
 54  ZFBP119    (0)   :  0.008 0.003 0.002 0.005 0.036 0.636 0.308 
 55  ZFBP120    (0)   :  0.008 0.006 0.005 0.010 0.005 0.661 0.304 
 56  ZFBP121    (0)   :  0.006 0.004 0.003 0.009 0.011 0.929 0.037 
 57  ZFBP122    (9)   :  0.005 0.003 0.004 0.004 0.005 0.956 0.023 
 58  ZFBP123    (0)   :  0.006 0.004 0.008 0.004 0.012 0.956 0.009 
 59  ZFBP124    (0)   :  0.004 0.004 0.005 0.012 0.005 0.952 0.017 
 60  ZFBP125    (0)   :  0.004 0.002 0.003 0.003 0.006 0.965 0.017 
 61  ZFBP126    (0)   :  0.031 0.021 0.003 0.010 0.034 0.890 0.012 
 62  ZFBP127    (0)   :  0.005 0.003 0.003 0.005 0.021 0.539 0.423 
 63  ZFBP128    (0)   :  0.003 0.003 0.002 0.005 0.006 0.968 0.012 
 64  ZFBP129    (0)   :  0.005 0.004 0.003 0.007 0.009 0.965 0.008 
 65  ZFBP130    (0)   :  0.005 0.002 0.004 0.002 0.008 0.969 0.010 
 66  ZFBP131    (0)   :  0.005 0.004 0.004 0.005 0.004 0.973 0.005 
 67  ZFBP132    (0)   :  0.004 0.003 0.003 0.005 0.004 0.952 0.028 
 68  ZFBP133    (0)   :  0.003 0.003 0.002 0.004 0.005 0.979 0.004 
 69  ZFBP134    (0)   :  0.006 0.004 0.004 0.005 0.043 0.370 0.569 
 70  ZFBP135    (0)   :  0.013 0.016 0.003 0.022 0.249 0.587 0.110 
 71  ZFBP136    (0)   :  0.006 0.004 0.009 0.004 0.080 0.825 0.071 
 72  ZFBP201    (0)   :  0.008 0.005 0.011 0.009 0.006 0.935 0.026 
 73  ZFBP202    (0)   :  0.005 0.004 0.003 0.011 0.005 0.934 0.037 
 74  ZFBP203    (0)   :  0.023 0.011 0.053 0.006 0.006 0.892 0.010 
 75  ZFBP204    (0)   :  0.008 0.004 0.006 0.007 0.018 0.793 0.164 
 76  ZFBP205    (0)   :  0.004 0.003 0.005 0.003 0.007 0.972 0.006 
 77  ZFBP206    (0)   :  0.005 0.004 0.007 0.006 0.011 0.962 0.006 
 78  ZFBP207    (0)   :  0.005 0.003 0.005 0.007 0.016 0.429 0.534 
 79  ZFBP208    (0)   :  0.009 0.004 0.014 0.004 0.007 0.956 0.006 
 80  ZFBP209    (0)   :  0.003 0.002 0.002 0.003 0.006 0.979 0.004 
 81  ZFBP210    (0)   :  0.007 0.005 0.012 0.007 0.005 0.944 0.020 
 82  ZFBP211    (0)   :  0.006 0.005 0.004 0.009 0.006 0.952 0.018 
 83  ZFBP212    (0)   :  0.004 0.004 0.004 0.006 0.003 0.503 0.475 
 84  ZFBP213    (0)   :  0.009 0.005 0.005 0.017 0.017 0.934 0.013 
 85  ZFBP214    (0)   :  0.019 0.004 0.005 0.025 0.040 0.860 0.048 
 86  ZFBP215    (0)   :  0.005 0.003 0.003 0.005 0.006 0.968 0.010 
 87  ZFBP216    (0)   :  0.021 0.005 0.009 0.007 0.006 0.896 0.054 
 88  ZFBP217    (0)   :  0.006 0.003 0.003 0.008 0.006 0.945 0.029 
 89  ZFBP218    (0)   :  0.004 0.003 0.004 0.003 0.003 0.977 0.007 
 90  ZFBP219    (0)   :  0.005 0.003 0.005 0.004 0.003 0.970 0.010 
 91  ZFBP220    (0)   :  0.006 0.003 0.004 0.003 0.009 0.948 0.029 
 92  ZFBP221    (0)   :  0.005 0.003 0.005 0.007 0.003 0.841 0.136 
 93  ZFBP222    (0)   :  0.006 0.004 0.005 0.006 0.008 0.966 0.005 
 94  ZFBP223    (0)   :  0.009 0.006 0.008 0.011 0.013 0.293 0.660 
 95  ZFBP224    (0)   :  0.008 0.003 0.005 0.009 0.007 0.955 0.013 
 96  ZFBP225    (0)   :  0.006 0.003 0.008 0.003 0.009 0.914 0.057 
 97  ZFBP226    (0)   :  0.005 0.004 0.006 0.004 0.004 0.959 0.018 
 98  ZFBP227    (0)   :  0.146 0.015 0.004 0.037 0.007 0.544 0.246 
 99  ZFBP228    (0)   :  0.004 0.004 0.003 0.005 0.018 0.272 0.695 
100  ZFBP229    (0)   :  0.005 0.003 0.003 0.003 0.006 0.969 0.011 
101  ZFBP230    (0)   :  0.008 0.003 0.004 0.004 0.013 0.926 0.042 
102  ZFBP231    (0)   :  0.007 0.005 0.004 0.009 0.007 0.950 0.018 
103  ZFBP232    (0)   :  0.003 0.003 0.003 0.004 0.004 0.975 0.007 
104  ZFBP233    (0)   :  0.006 0.004 0.004 0.010 0.006 0.952 0.017 
105   ZFCC01    (0)   :  0.004 0.005 0.004 0.013 0.966 0.004 0.004 
106   ZFCC03    (0)   :  0.003 0.003 0.003 0.006 0.976 0.005 0.005 
107   ZFCC04    (0)   :  0.004 0.004 0.003 0.006 0.975 0.004 0.005 
108   ZFCC05    (0)   :  0.005 0.004 0.004 0.009 0.964 0.006 0.008 
109   ZFCC08    (0)   :  0.004 0.002 0.002 0.008 0.967 0.011 0.007 
110   ZFCC09    (0)   :  0.003 0.004 0.003 0.009 0.972 0.004 0.005 
111   ZFCC10    (0)   :  0.003 0.004 0.003 0.026 0.954 0.005 0.004 
112   ZFCC11    (0)   :  0.004 0.003 0.003 0.008 0.972 0.004 0.006 
113   ZFCC12    (0)   :  0.010 0.049 0.004 0.019 0.905 0.005 0.008 
114   ZFCC13    (0)   :  0.007 0.004 0.010 0.004 0.954 0.008 0.013 
115   ZFCC14    (0)   :  0.004 0.005 0.005 0.009 0.964 0.008 0.005 
116   ZFCC15    (0)   :  0.007 0.004 0.005 0.005 0.969 0.004 0.005 
117   ZFCC16    (0)   :  0.004 0.005 0.003 0.005 0.975 0.004 0.004 
118   ZFCC17    (0)   :  0.004 0.007 0.006 0.005 0.971 0.003 0.004 
119   ZFCC18    (0)   :  0.003 0.004 0.004 0.007 0.972 0.004 0.005 
120   ZFCC19    (0)   :  0.007 0.005 0.007 0.005 0.969 0.003 0.003 
121   ZFCC20    (0)   :  0.005 0.004 0.002 0.004 0.974 0.004 0.007 
122   ZFCC21    (0)   :  0.015 0.004 0.007 0.010 0.912 0.044 0.008 
123   ZFCC22    (0)   :  0.004 0.003 0.006 0.007 0.763 0.196 0.021 
124   ZFCC26    (0)   :  0.004 0.004 0.003 0.006 0.974 0.004 0.004 
125   ZFCC27    (0)   :  0.003 0.003 0.003 0.004 0.979 0.003 0.004 
126   ZFCC29    (0)   :  0.006 0.005 0.003 0.009 0.968 0.004 0.005 
127   ZFCC30    (0)   :  0.004 0.003 0.003 0.003 0.978 0.004 0.005 
128   ZFCC32    (0)   :  0.008 0.005 0.006 0.007 0.964 0.005 0.006 
129   ZFCC33    (0)   :  0.005 0.005 0.004 0.006 0.970 0.004 0.005 
130   ZFCC34    (0)   :  0.007 0.021 0.008 0.013 0.870 0.039 0.043 
131   ZFCC35    (0)   :  0.003 0.002 0.004 0.004 0.979 0.003 0.004 
132   ZFCC36    (0)   :  0.008 0.006 0.013 0.004 0.953 0.010 0.007 
133   ZFCC37    (0)   :  0.019 0.037 0.004 0.027 0.897 0.008 0.008 
134   ZFCC40    (0)   :  0.003 0.005 0.007 0.007 0.969 0.005 0.004 
135   ZFCC42    (0)   :  0.016 0.196 0.197 0.030 0.531 0.006 0.024 
136   ZFCC44    (0)   :  0.003 0.003 0.005 0.003 0.978 0.003 0.005 
137   ZFCC45    (9)   :  0.009 0.009 0.015 0.014 0.943 0.005 0.005 
138   ZFCC46    (0)   :  0.004 0.003 0.004 0.004 0.962 0.011 0.012 
139   ZFCC47    (0)   :  0.005 0.024 0.004 0.020 0.936 0.006 0.006 
140   ZFCC48    (0)   :  0.005 0.003 0.003 0.009 0.946 0.029 0.006 
141   ZFCC50    (0)   :  0.004 0.005 0.004 0.004 0.977 0.003 0.003 
142   ZFCC51    (0)   :  0.004 0.003 0.003 0.005 0.977 0.003 0.005 
143   ZFCC52    (0)   :  0.004 0.004 0.006 0.004 0.965 0.010 0.007 
144   ZFCC53    (0)   :  0.003 0.004 0.003 0.005 0.979 0.003 0.004 
145  ZFCNS01    (0)   :  0.008 0.003 0.006 0.003 0.006 0.003 0.970 
146  ZFCNS02    (0)   :  0.004 0.002 0.003 0.004 0.008 0.005 0.974 
147  ZFCNS05    (0)   :  0.004 0.004 0.003 0.006 0.010 0.006 0.967 
148  ZFCNS06    (0)   :  0.004 0.003 0.003 0.004 0.012 0.005 0.970 
149  ZFCNS07    (0)   :  0.004 0.003 0.003 0.004 0.005 0.012 0.969 
150  ZFCNS10    (0)   :  0.003 0.002 0.003 0.003 0.005 0.005 0.979 
151  ZFCNS11    (0)   :  0.005 0.003 0.004 0.003 0.005 0.004 0.975 
152  ZFCNS15    (0)   :  0.004 0.003 0.003 0.004 0.004 0.007 0.974 
153  ZFCNS17    (0)   :  0.003 0.003 0.003 0.003 0.014 0.006 0.968 
154  ZFCNS18    (0)   :  0.003 0.002 0.003 0.003 0.006 0.004 0.978 
155  ZFCNS19    (0)   :  0.003 0.003 0.003 0.004 0.009 0.004 0.975 
156  ZFCNS20    (0)   :  0.004 0.003 0.003 0.003 0.008 0.010 0.969 
157  ZFCNS21    (0)   :  0.003 0.002 0.002 0.004 0.008 0.003 0.977 
158  ZFCNS22    (0)   :  0.005 0.003 0.003 0.005 0.007 0.008 0.969 
159  ZFCNS23    (0)   :  0.009 0.005 0.010 0.006 0.021 0.007 0.941 
160  ZFCNS24    (0)   :  0.004 0.002 0.003 0.003 0.024 0.005 0.959 
161  ZFCNS25    (0)   :  0.004 0.003 0.003 0.003 0.010 0.008 0.969 
162  ZFCNS26    (0)   :  0.003 0.003 0.002 0.005 0.004 0.005 0.978 
163  ZFCNS27    (0)   :  0.004 0.003 0.003 0.004 0.004 0.010 0.973 
164  ZFCNS28    (0)   :  0.004 0.003 0.003 0.005 0.007 0.005 0.974 
165  ZFCNS29    (0)   :  0.004 0.003 0.003 0.004 0.013 0.007 0.966 
166  ZFCNS30    (0)   :  0.004 0.003 0.002 0.005 0.009 0.004 0.974 
167  ZFCNS31    (0)   :  0.003 0.003 0.003 0.004 0.005 0.004 0.978 
168  ZFCNS32    (0)   :  0.003 0.003 0.002 0.005 0.007 0.005 0.973 
169  ZFCNS33    (0)   :  0.004 0.003 0.003 0.004 0.005 0.004 0.977 
170  ZFCNS34    (0)   :  0.004 0.003 0.003 0.005 0.025 0.005 0.956 
171  ZFCNS35    (0)   :  0.003 0.003 0.002 0.006 0.006 0.004 0.975 
172  ZFCNS36    (0)   :  0.004 0.003 0.003 0.004 0.038 0.005 0.943 
173  ZFCNS37    (0)   :  0.004 0.003 0.003 0.004 0.006 0.004 0.977 
174  ZFCNS39    (0)   :  0.004 0.002 0.003 0.003 0.008 0.004 0.976 
175  ZFCNS40    (0)   :  0.004 0.003 0.003 0.003 0.031 0.007 0.949 
176  ZFCNS41    (0)   :  0.007 0.003 0.004 0.006 0.010 0.007 0.963 
177  ZFCNS42    (0)   :  0.004 0.003 0.002 0.004 0.005 0.004 0.978 
178  ZFCNS43    (0)   :  0.003 0.003 0.002 0.004 0.010 0.004 0.974 
179  ZFCNS44    (0)   :  0.003 0.002 0.003 0.003 0.006 0.004 0.978 
180  ZFCNS46    (0)   :  0.004 0.003 0.003 0.004 0.006 0.005 0.976 
181  ZFCNS47    (0)   :  0.003 0.003 0.003 0.004 0.007 0.004 0.977 
182  ZFCNS48    (0)   :  0.004 0.003 0.003 0.004 0.005 0.005 0.977 
183  ZFCNS49    (0)   :  0.003 0.003 0.003 0.004 0.003 0.005 0.980 
184   ZFCR01    (0)   :  0.568 0.074 0.009 0.286 0.018 0.039 0.005 
185   ZFCR02    (0)   :  0.707 0.172 0.013 0.007 0.043 0.043 0.014 
186   ZFCR03    (0)   :  0.400 0.162 0.042 0.220 0.102 0.067 0.007 
187   ZFCR04    (0)   :  0.055 0.015 0.093 0.744 0.022 0.042 0.029 
188   ZFCR05    (0)   :  0.876 0.029 0.009 0.055 0.022 0.006 0.003 
189   ZFCR06    (0)   :  0.567 0.045 0.004 0.116 0.027 0.085 0.155 
190   ZFCR07    (0)   :  0.876 0.008 0.007 0.047 0.014 0.006 0.044 
191   ZFCR08    (0)   :  0.382 0.081 0.058 0.162 0.168 0.140 0.009 
192   ZFCR09    (0)   :  0.119 0.412 0.098 0.113 0.071 0.096 0.090 
193   ZFCR11    (0)   :  0.747 0.059 0.006 0.092 0.010 0.018 0.069 
194   ZFCR12    (0)   :  0.764 0.004 0.004 0.017 0.013 0.027 0.170 
195   ZFCR13    (0)   :  0.908 0.005 0.003 0.012 0.006 0.055 0.010 
196   ZFCR14    (0)   :  0.938 0.019 0.005 0.012 0.011 0.009 0.007 
197   ZFCR15    (0)   :  0.805 0.014 0.022 0.073 0.025 0.044 0.016 
198   ZFCR16    (0)   :  0.871 0.072 0.004 0.012 0.010 0.026 0.006 
199   ZFCR18    (0)   :  0.244 0.596 0.006 0.039 0.075 0.023 0.018 
200   ZFCR19    (0)   :  0.273 0.463 0.005 0.012 0.028 0.203 0.016 
201   ZFCR20    (0)   :  0.226 0.376 0.006 0.196 0.022 0.164 0.010 
202   ZFCR21    (0)   :  0.938 0.006 0.003 0.015 0.019 0.013 0.006 
203   ZFCR22    (0)   :  0.950 0.021 0.003 0.003 0.005 0.012 0.005 
204   ZFCR23    (0)   :  0.720 0.058 0.040 0.013 0.005 0.133 0.033 
205   ZFCR24    (9)   :  0.288 0.090 0.006 0.076 0.010 0.520 0.009 
206   ZFCR25    (0)   :  0.957 0.016 0.002 0.012 0.006 0.004 0.004 
207   ZFCR26    (0)   :  0.838 0.104 0.003 0.009 0.017 0.021 0.007 
208   ZFCR27    (9)   :  0.889 0.063 0.004 0.033 0.005 0.003 0.003 
209   ZFCR28    (0)   :  0.662 0.005 0.009 0.018 0.012 0.265 0.029 
210   ZFCR29    (0)   :  0.832 0.070 0.004 0.065 0.010 0.014 0.005 
211   ZFCR30    (0)   :  0.963 0.007 0.004 0.009 0.005 0.005 0.006 
212   ZFCR31    (0)   :  0.134 0.440 0.014 0.053 0.022 0.114 0.223 
213   ZFCR33    (0)   :  0.866 0.019 0.024 0.040 0.032 0.010 0.010 
214   ZFCR34    (0)   :  0.819 0.025 0.022 0.027 0.022 0.039 0.046 
215   ZFCR35    (0)   :  0.244 0.227 0.016 0.429 0.056 0.014 0.014 
216   ZFCR36    (0)   :  0.788 0.150 0.013 0.017 0.009 0.008 0.015 
217   ZFCR37    (0)   :  0.917 0.016 0.008 0.020 0.030 0.004 0.004 
218   ZFCR38    (0)   :  0.883 0.030 0.009 0.032 0.033 0.007 0.006 
219   ZFCR39    (0)   :  0.252 0.069 0.319 0.024 0.223 0.100 0.014 
220   ZFCR40    (0)   :  0.840 0.038 0.057 0.016 0.028 0.011 0.010 
221   ZFCR41    (0)   :  0.906 0.005 0.003 0.012 0.035 0.009 0.030 
222   ZFCR42    (0)   :  0.897 0.010 0.013 0.008 0.032 0.024 0.016 
223   ZFCR43    (0)   :  0.866 0.046 0.005 0.013 0.005 0.058 0.008 
224  ZFENP25    (0)   :  0.872 0.007 0.007 0.075 0.023 0.012 0.004 
225  ZFENP26    (0)   :  0.945 0.012 0.020 0.012 0.005 0.003 0.004 
226  ZFENP27    (0)   :  0.239 0.077 0.029 0.178 0.406 0.016 0.055 
227  ZFENP28    (0)   :  0.911 0.015 0.022 0.030 0.011 0.004 0.006 
228  ZFENP29    (0)   :  0.964 0.007 0.008 0.006 0.008 0.003 0.004 
229  ZFENP30    (0)   :  0.871 0.011 0.032 0.011 0.065 0.005 0.006 
230  ZFENP31    (0)   :  0.166 0.102 0.462 0.156 0.094 0.011 0.010 
231  ZFENP32    (0)   :  0.223 0.094 0.221 0.386 0.030 0.014 0.032 
232  ZFENP33    (0)   :  0.884 0.013 0.015 0.069 0.009 0.005 0.006 
233  ZFENP34    (0)   :  0.120 0.022 0.013 0.765 0.048 0.013 0.020 
234  ZFENP35    (0)   :  0.719 0.016 0.221 0.014 0.006 0.008 0.015 
235  ZFENP36    (0)   :  0.934 0.013 0.023 0.017 0.004 0.003 0.006 
236  ZFENP37    (0)   :  0.482 0.010 0.117 0.365 0.010 0.006 0.009 
237  ZFENP38    (0)   :  0.948 0.006 0.010 0.009 0.014 0.005 0.009 
238  ZFENP39    (0)   :  0.906 0.016 0.024 0.035 0.011 0.003 0.004 
239  ZFENP40    (0)   :  0.762 0.034 0.097 0.081 0.013 0.007 0.006 
240  ZFENP41    (0)   :  0.679 0.017 0.120 0.029 0.138 0.009 0.008 
241  ZFENP42    (0)   :  0.670 0.005 0.308 0.004 0.006 0.003 0.004 
242  ZFENP43    (0)   :  0.865 0.010 0.014 0.018 0.036 0.004 0.051 
243  ZFENP44    (0)   :  0.660 0.011 0.208 0.021 0.039 0.008 0.053 
244  ZFENP45    (0)   :  0.480 0.014 0.142 0.012 0.021 0.318 0.013 
245  ZFENP46    (0)   :  0.918 0.009 0.021 0.028 0.003 0.008 0.013 
246  ZFENP47    (0)   :  0.175 0.146 0.308 0.037 0.188 0.142 0.004 
247  ZFENP48    (0)   :  0.169 0.018 0.037 0.621 0.104 0.034 0.018 
248  ZFENP49    (0)   :  0.798 0.122 0.006 0.017 0.031 0.017 0.009 
249  ZFENP50    (0)   :  0.902 0.014 0.040 0.006 0.004 0.022 0.011 
250  ZFENP51    (0)   :  0.492 0.349 0.070 0.028 0.014 0.039 0.007 
251  ZFENP52    (0)   :  0.937 0.005 0.017 0.004 0.015 0.004 0.019 
252  ZFENP53    (0)   :  0.914 0.007 0.033 0.007 0.007 0.019 0.012 
253  ZFENP54    (0)   :  0.889 0.021 0.010 0.008 0.027 0.034 0.011 
254  ZFENP55    (0)   :  0.935 0.032 0.006 0.015 0.004 0.005 0.004 
255  ZFENP56    (0)   :  0.951 0.015 0.007 0.010 0.007 0.004 0.007 
256  ZFENP57    (0)   :  0.830 0.012 0.096 0.043 0.005 0.003 0.009 
257  ZFENP58    (0)   :  0.869 0.012 0.007 0.009 0.059 0.030 0.014 
258  ZFENP59    (0)   :  0.695 0.026 0.125 0.031 0.112 0.005 0.006 
259  ZFENP60    (0)   :  0.833 0.035 0.033 0.076 0.009 0.008 0.006 
260  ZFENP61    (0)   :  0.914 0.018 0.014 0.033 0.015 0.003 0.003 
261 ZFFDSP01    (0)   :  0.004 0.004 0.003 0.010 0.004 0.920 0.055 
262 ZFFDSP02    (0)   :  0.004 0.003 0.002 0.005 0.005 0.971 0.010 
263 ZFFDSP04    (0)   :  0.003 0.003 0.002 0.007 0.005 0.973 0.006 
264 ZFFDSP05    (0)   :  0.005 0.004 0.004 0.005 0.004 0.909 0.069 
265 ZFFDSP06    (0)   :  0.003 0.002 0.002 0.005 0.006 0.975 0.007 
266 ZFFDSP07    (0)   :  0.005 0.003 0.005 0.004 0.014 0.963 0.005 
267 ZFFDSP08    (0)   :  0.005 0.003 0.004 0.003 0.011 0.955 0.018 
268 ZFFDSP10    (0)   :  0.006 0.004 0.003 0.005 0.006 0.956 0.019 
269 ZFFDSP11    (0)   :  0.005 0.004 0.004 0.005 0.005 0.967 0.009 
270 ZFFDSP12    (0)   :  0.004 0.003 0.003 0.003 0.004 0.974 0.010 
271 ZFFDSP13    (0)   :  0.008 0.003 0.004 0.004 0.010 0.058 0.911 
272 ZFFDSP14    (0)   :  0.004 0.003 0.003 0.005 0.007 0.973 0.005 
273 ZFFDSP16    (0)   :  0.013 0.005 0.005 0.015 0.008 0.910 0.043 
274 ZFFDSP17    (0)   :  0.005 0.003 0.003 0.006 0.006 0.966 0.011 
275 ZFFDSP18    (0)   :  0.004 0.004 0.002 0.011 0.007 0.965 0.007 
276 ZFFDSP19    (0)   :  0.004 0.003 0.003 0.010 0.034 0.759 0.186 
277 ZFFDSP21    (0)   :  0.004 0.003 0.003 0.008 0.020 0.526 0.435 
278 ZFFDSP22    (0)   :  0.004 0.002 0.002 0.003 0.005 0.978 0.006 
279 ZFFDSP23    (0)   :  0.003 0.002 0.002 0.003 0.004 0.965 0.020 
280 ZFFDSP24    (0)   :  0.005 0.005 0.003 0.007 0.005 0.722 0.254 
281 ZFFDSP26    (9)   :  0.004 0.003 0.003 0.004 0.006 0.939 0.041 
282 ZFFDSP27    (0)   :  0.004 0.004 0.003 0.008 0.004 0.957 0.020 
283 ZFFDSP28    (0)   :  0.015 0.043 0.008 0.072 0.011 0.828 0.022 
284 ZFFDSP30    (0)   :  0.007 0.010 0.012 0.039 0.012 0.241 0.679 
285 ZFFDSP31    (0)   :  0.005 0.003 0.002 0.011 0.006 0.952 0.020 
286 ZFFDSP32    (0)   :  0.004 0.003 0.003 0.005 0.004 0.971 0.011 
287 ZFFDSP33    (0)   :  0.003 0.003 0.003 0.004 0.003 0.969 0.014 
288 ZFFDSP34    (0)   :  0.003 0.003 0.002 0.005 0.007 0.970 0.009 
289 ZFFDSP35    (0)   :  0.004 0.004 0.003 0.008 0.004 0.914 0.063 
290 ZFFDSP37    (0)   :  0.004 0.004 0.003 0.006 0.005 0.956 0.024 
291 ZFFDSP38    (0)   :  0.004 0.005 0.003 0.006 0.004 0.966 0.012 
292 ZFFDSP39    (0)   :  0.004 0.003 0.003 0.004 0.004 0.619 0.363 
293 ZFFDSP40    (0)   :  0.004 0.004 0.003 0.008 0.004 0.606 0.371 
294 ZFFDSP42    (0)   :  0.004 0.003 0.002 0.004 0.005 0.961 0.021 
295 ZFFDSP43    (0)   :  0.004 0.004 0.003 0.005 0.004 0.953 0.028 
296 ZFFDSP44    (0)   :  0.005 0.005 0.004 0.007 0.004 0.773 0.203 
297 ZFFDSP45    (0)   :  0.005 0.004 0.003 0.006 0.006 0.948 0.029 
298 ZFFDSP46    (0)   :  0.005 0.004 0.002 0.007 0.006 0.941 0.036 
299 ZFFDSP47    (0)   :  0.004 0.003 0.003 0.004 0.004 0.509 0.472 
300 ZFFDSP48    (0)   :  0.004 0.004 0.003 0.005 0.005 0.386 0.594 
301    ZFI01    (0)   :  0.008 0.043 0.008 0.926 0.007 0.004 0.005 
302    ZFI02    (0)   :  0.010 0.562 0.004 0.399 0.004 0.006 0.014 
303    ZFI03    (0)   :  0.005 0.008 0.003 0.973 0.004 0.003 0.005 
304    ZFI04    (0)   :  0.006 0.189 0.005 0.786 0.005 0.004 0.005 
305    ZFI05    (0)   :  0.007 0.016 0.005 0.953 0.004 0.005 0.010 
306    ZFI06    (0)   :  0.009 0.055 0.006 0.878 0.004 0.008 0.041 
307    ZFI07    (0)   :  0.005 0.014 0.004 0.966 0.004 0.003 0.004 
308    ZFI08    (0)   :  0.014 0.373 0.004 0.596 0.006 0.003 0.004 
309    ZFI09    (0)   :  0.009 0.097 0.004 0.880 0.004 0.003 0.005 
310    ZFI10    (0)   :  0.008 0.074 0.010 0.872 0.004 0.006 0.027 
311    ZFI11    (0)   :  0.006 0.192 0.004 0.786 0.004 0.003 0.005 
312    ZFI12    (0)   :  0.004 0.007 0.003 0.972 0.005 0.003 0.006 
313    ZFI13    (0)   :  0.005 0.008 0.006 0.968 0.005 0.003 0.005 
314    ZFI14    (0)   :  0.004 0.022 0.010 0.922 0.007 0.016 0.018 
315    ZFI15    (0)   :  0.007 0.039 0.003 0.939 0.004 0.004 0.004 
316    ZFI16    (0)   :  0.004 0.004 0.003 0.980 0.003 0.003 0.004 
317    ZFI17    (0)   :  0.006 0.026 0.007 0.949 0.004 0.003 0.006 
318    ZFI18    (0)   :  0.005 0.030 0.008 0.947 0.003 0.002 0.004 
319    ZFI19    (9)   :  0.007 0.086 0.003 0.893 0.004 0.003 0.005 
320    ZFI20    (0)   :  0.006 0.014 0.011 0.948 0.004 0.007 0.010 
321    ZFI21    (0)   :  0.010 0.192 0.011 0.719 0.006 0.018 0.045 
322    ZFI22    (0)   :  0.008 0.843 0.003 0.123 0.010 0.007 0.006 
323    ZFI23    (0)   :  0.004 0.007 0.003 0.974 0.004 0.003 0.005 
324    ZFI24    (0)   :  0.006 0.007 0.003 0.970 0.006 0.003 0.005 
325    ZFI25    (0)   :  0.010 0.159 0.003 0.813 0.006 0.005 0.005 
326    ZFI26    (0)   :  0.005 0.008 0.003 0.973 0.006 0.003 0.003 
327    ZFI27    (0)   :  0.006 0.008 0.003 0.964 0.004 0.004 0.012 
328    ZFK01    (0)   :  0.011 0.006 0.007 0.005 0.951 0.008 0.011 
329    ZFK02    (0)   :  0.010 0.009 0.004 0.006 0.950 0.008 0.012 
330    ZFK03    (0)   :  0.009 0.011 0.009 0.006 0.949 0.007 0.009 
331    ZFK04    (0)   :  0.015 0.070 0.010 0.011 0.880 0.007 0.008 
332    ZFK05    (0)   :  0.008 0.048 0.027 0.010 0.898 0.004 0.005 
333    ZFK06    (0)   :  0.022 0.029 0.005 0.016 0.913 0.006 0.008 
334    ZFK07    (0)   :  0.010 0.007 0.012 0.004 0.950 0.008 0.009 
335    ZFK08    (0)   :  0.056 0.090 0.011 0.012 0.814 0.011 0.007 
336    ZFK10    (0)   :  0.011 0.038 0.005 0.012 0.918 0.008 0.007 
337    ZFK11    (0)   :  0.013 0.012 0.023 0.008 0.933 0.006 0.007 
338    ZFK12    (0)   :  0.022 0.005 0.007 0.004 0.938 0.013 0.010 
339    ZFK13    (0)   :  0.011 0.006 0.028 0.004 0.902 0.030 0.019 
340    ZFK14    (0)   :  0.006 0.005 0.014 0.004 0.946 0.012 0.013 
341    ZFK15    (0)   :  0.015 0.015 0.047 0.006 0.886 0.019 0.012 
342    ZFK16    (0)   :  0.013 0.004 0.019 0.003 0.926 0.017 0.017 
343   ZFLB01    (0)   :  0.007 0.010 0.939 0.007 0.005 0.015 0.016 
344   ZFLB02    (0)   :  0.008 0.006 0.962 0.015 0.003 0.003 0.004 
345   ZFLB03    (0)   :  0.008 0.003 0.963 0.007 0.005 0.004 0.011 
346   ZFLB04    (0)   :  0.009 0.021 0.722 0.035 0.016 0.027 0.170 
347   ZFLB05    (0)   :  0.008 0.017 0.937 0.009 0.004 0.009 0.017 
348   ZFLB06    (0)   :  0.009 0.010 0.941 0.006 0.014 0.011 0.009 
349   ZFLB07    (0)   :  0.202 0.013 0.632 0.025 0.020 0.024 0.083 
350   ZFLB08    (0)   :  0.010 0.012 0.944 0.020 0.004 0.004 0.006 
351   ZFLB09    (9)   :  0.006 0.015 0.956 0.007 0.008 0.004 0.004 
352   ZFLB10    (0)   :  0.004 0.008 0.972 0.005 0.004 0.003 0.004 
353   ZFLB11    (0)   :  0.005 0.005 0.971 0.004 0.007 0.004 0.004 
354   ZFLB12    (0)   :  0.005 0.005 0.974 0.005 0.005 0.003 0.003 
355   ZFLB13    (0)   :  0.050 0.011 0.845 0.018 0.022 0.018 0.036 
356  ZFLTI01    (0)   :  0.007 0.003 0.002 0.005 0.047 0.073 0.862 
357  ZFLTI02    (0)   :  0.005 0.003 0.002 0.007 0.039 0.023 0.921 
358  ZFLTI03    (0)   :  0.004 0.002 0.002 0.005 0.009 0.021 0.956 
359  ZFLTI04    (0)   :  0.007 0.003 0.003 0.006 0.009 0.015 0.958 
360  ZFLTI05    (0)   :  0.004 0.003 0.002 0.005 0.006 0.012 0.967 
361  ZFLTI06    (0)   :  0.004 0.003 0.003 0.005 0.007 0.176 0.801 
362  ZFLTI07    (0)   :  0.006 0.003 0.002 0.007 0.008 0.025 0.949 
363  ZFLTI08    (0)   :  0.005 0.003 0.002 0.011 0.006 0.011 0.961 
364  ZFLTI09    (0)   :  0.005 0.003 0.003 0.012 0.006 0.027 0.944 
365  ZFLTI10    (0)   :  0.005 0.003 0.002 0.010 0.014 0.059 0.906 
366  ZFLTI11    (0)   :  0.004 0.003 0.003 0.006 0.006 0.185 0.794 
367  ZFLTI12    (0)   :  0.005 0.003 0.002 0.006 0.015 0.112 0.856 
368  ZFLTI13    (0)   :  0.006 0.003 0.002 0.005 0.015 0.012 0.956 
369  ZFLTI14    (0)   :  0.005 0.003 0.002 0.008 0.034 0.010 0.938 
370 ZFONF101    (0)   :  0.003 0.003 0.003 0.004 0.002 0.981 0.005 
371 ZFONF102    (0)   :  0.005 0.005 0.011 0.004 0.003 0.967 0.004 
372 ZFONF103    (0)   :  0.008 0.004 0.003 0.006 0.014 0.717 0.248 
373 ZFONF104    (0)   :  0.002 0.002 0.002 0.002 0.004 0.982 0.005 
374 ZFONF105    (0)   :  0.004 0.003 0.003 0.003 0.004 0.970 0.013 
375 ZFONF106    (0)   :  0.003 0.003 0.002 0.007 0.004 0.975 0.006 
376 ZFONF107    (0)   :  0.026 0.016 0.087 0.025 0.024 0.741 0.081 
377 ZFONF108    (0)   :  0.009 0.006 0.020 0.009 0.032 0.858 0.066 
378 ZFONF109    (9)   :  0.005 0.004 0.011 0.007 0.021 0.938 0.014 
379 ZFONF110    (0)   :  0.003 0.002 0.002 0.003 0.005 0.977 0.009 
380 ZFONF111    (0)   :  0.024 0.010 0.018 0.016 0.011 0.901 0.020 
381 ZFONF112    (0)   :  0.004 0.003 0.003 0.004 0.004 0.974 0.009 
382 ZFONF113    (9)   :  0.006 0.003 0.005 0.004 0.006 0.961 0.015 
383 ZFONF115    (0)   :  0.005 0.003 0.003 0.008 0.008 0.960 0.013 
384 ZFONF116    (0)   :  0.005 0.004 0.003 0.008 0.006 0.964 0.011 
385 ZFONF117    (0)   :  0.005 0.004 0.004 0.005 0.009 0.544 0.430 
386 ZFONF118    (0)   :  0.004 0.003 0.002 0.014 0.010 0.944 0.022 
387 ZFONF119    (0)   :  0.004 0.003 0.006 0.003 0.009 0.968 0.006 
388 ZFONF120    (0)   :  0.004 0.003 0.006 0.003 0.018 0.958 0.007 
389 ZFONF121    (0)   :  0.004 0.004 0.004 0.004 0.005 0.971 0.009 
390 ZFONF122    (0)   :  0.008 0.003 0.003 0.017 0.027 0.631 0.311 
391 ZFONF123    (0)   :  0.007 0.008 0.070 0.004 0.006 0.900 0.005 
392 ZFONF124    (0)   :  0.005 0.003 0.011 0.003 0.011 0.958 0.009 
393 ZFONF125    (0)   :  0.020 0.010 0.067 0.005 0.030 0.855 0.014 
394 ZFONF126    (0)   :  0.007 0.004 0.002 0.009 0.017 0.939 0.022 
395 ZFONF201    (0)   :  0.017 0.037 0.059 0.052 0.047 0.780 0.007 
396 ZFONF202    (0)   :  0.003 0.002 0.002 0.003 0.009 0.975 0.005 
397 ZFONF203    (0)   :  0.011 0.003 0.004 0.004 0.007 0.966 0.005 
398 ZFONF204    (0)   :  0.047 0.008 0.018 0.016 0.117 0.774 0.020 
399 ZFONF206    (0)   :  0.193 0.014 0.031 0.016 0.011 0.727 0.008 
400 ZFONF207    (0)   :  0.010 0.003 0.005 0.004 0.008 0.964 0.006 
401 ZFONF208    (0)   :  0.008 0.003 0.004 0.004 0.013 0.955 0.012 
402 ZFONF209    (0)   :  0.014 0.012 0.013 0.012 0.138 0.796 0.015 
403 ZFONF210    (0)   :  0.003 0.002 0.002 0.002 0.008 0.969 0.012 
404 ZFONF211    (0)   :  0.005 0.003 0.006 0.003 0.011 0.960 0.012 
405 ZFONF212    (0)   :  0.003 0.002 0.002 0.002 0.003 0.979 0.008 
406 ZFONF214    (0)   :  0.005 0.003 0.004 0.003 0.009 0.972 0.005 
407 ZFONF215    (0)   :  0.003 0.002 0.002 0.002 0.005 0.979 0.005 
408 ZFONF216    (0)   :  0.004 0.002 0.003 0.002 0.005 0.971 0.011 
409 ZFONF217    (0)   :  0.003 0.003 0.003 0.003 0.007 0.973 0.007 
410 ZFONF218    (0)   :  0.024 0.006 0.014 0.005 0.004 0.938 0.008 
411 ZFONF219    (0)   :  0.004 0.002 0.002 0.002 0.004 0.982 0.005 
412 ZFONF220    (0)   :  0.004 0.003 0.003 0.004 0.008 0.973 0.006 
413 ZFONF222    (0)   :  0.013 0.006 0.018 0.003 0.007 0.942 0.011 
414 ZFONF223    (0)   :  0.013 0.006 0.016 0.004 0.004 0.952 0.005 
415 ZFONF224    (0)   :  0.006 0.002 0.003 0.003 0.005 0.974 0.008 
416 ZFONF225    (0)   :  0.003 0.002 0.002 0.002 0.005 0.980 0.006 
417 ZFONF226    (0)   :  0.005 0.003 0.003 0.003 0.007 0.974 0.006 
418 ZFONF227    (0)   :  0.003 0.002 0.002 0.002 0.004 0.980 0.007 
419 ZFONF228    (0)   :  0.004 0.002 0.002 0.003 0.004 0.973 0.012 
420 ZFONF230    (0)   :  0.003 0.002 0.002 0.002 0.005 0.980 0.006 
421 ZFONF231    (0)   :  0.004 0.002 0.003 0.003 0.014 0.964 0.010 
422 ZFONF232    (0)   :  0.004 0.002 0.002 0.002 0.003 0.982 0.005 
423 ZFONF233    (0)   :  0.005 0.002 0.003 0.003 0.010 0.970 0.007 
424 ZFONF234    (0)   :  0.017 0.003 0.006 0.003 0.011 0.945 0.017 
425 ZFONF235    (0)   :  0.005 0.002 0.002 0.002 0.007 0.972 0.010 
426 ZFONF236    (0)   :  0.028 0.014 0.014 0.018 0.028 0.872 0.027 
427 ZFONF238    (0)   :  0.008 0.002 0.002 0.004 0.005 0.972 0.006 
428 ZFONF239    (0)   :  0.019 0.009 0.011 0.024 0.041 0.888 0.007 
429 ZFONF240    (0)   :  0.003 0.002 0.002 0.002 0.011 0.966 0.014 
430 ZFONF241    (0)   :  0.010 0.003 0.003 0.007 0.004 0.966 0.008 
431 ZFONF242    (0)   :  0.005 0.002 0.002 0.003 0.009 0.972 0.007 
432 ZFONF243    (0)   :  0.005 0.003 0.003 0.003 0.007 0.957 0.022 
433 ZFONF244    (0)   :  0.003 0.002 0.003 0.002 0.006 0.977 0.006 
434 ZFONF245    (0)   :  0.006 0.002 0.002 0.002 0.008 0.950 0.030 
435   ZFOS01    (0)   :  0.006 0.003 0.003 0.004 0.946 0.018 0.020 
436   ZFOS02    (0)   :  0.010 0.010 0.005 0.031 0.890 0.029 0.025 
437   ZFOS03    (0)   :  0.009 0.009 0.048 0.009 0.908 0.009 0.007 
438   ZFOS04    (0)   :  0.007 0.009 0.004 0.017 0.842 0.056 0.064 
439   ZFOS05    (0)   :  0.008 0.005 0.003 0.007 0.922 0.031 0.024 
440   ZFOS06    (0)   :  0.009 0.005 0.006 0.005 0.942 0.013 0.020 
441   ZFOS07    (0)   :  0.005 0.009 0.003 0.018 0.952 0.006 0.006 
442   ZFOS08    (0)   :  0.005 0.007 0.003 0.032 0.924 0.013 0.015 
443   ZFOS09    (0)   :  0.017 0.013 0.017 0.017 0.836 0.061 0.040 
444   ZFOS10    (0)   :  0.011 0.022 0.011 0.023 0.924 0.003 0.006 
445   ZFOS11    (0)   :  0.081 0.013 0.005 0.011 0.712 0.015 0.163 
446   ZFOS12    (0)   :  0.191 0.065 0.019 0.021 0.643 0.016 0.044 
447   ZFOS13    (0)   :  0.009 0.009 0.004 0.018 0.935 0.010 0.016 
448   ZFOS14    (0)   :  0.023 0.202 0.006 0.008 0.589 0.010 0.163 
449   ZFOS15    (0)   :  0.005 0.004 0.003 0.006 0.974 0.003 0.005 
450   ZFOS16    (0)   :  0.008 0.014 0.006 0.011 0.891 0.031 0.039 
451   ZFOS17    (0)   :  0.007 0.007 0.005 0.008 0.964 0.004 0.005 
452   ZFOS18    (0)   :  0.008 0.006 0.007 0.009 0.957 0.004 0.010 
453   ZFOS19    (0)   :  0.007 0.004 0.004 0.004 0.973 0.003 0.005 
454   ZFOS20    (0)   :  0.006 0.008 0.005 0.008 0.959 0.007 0.007 
455   ZFOS21    (0)   :  0.005 0.008 0.005 0.005 0.945 0.014 0.018 
456   ZFOS22    (0)   :  0.007 0.003 0.005 0.003 0.966 0.006 0.009 
457   ZFOS23    (0)   :  0.023 0.254 0.008 0.009 0.697 0.003 0.006 
458   ZFOS24    (0)   :  0.005 0.003 0.003 0.004 0.973 0.003 0.008 
459   ZFOS25    (0)   :  0.024 0.009 0.007 0.027 0.376 0.030 0.527 
460   ZFOS26    (0)   :  0.015 0.007 0.005 0.027 0.476 0.067 0.403 
461   ZFOS27    (0)   :  0.005 0.006 0.008 0.007 0.931 0.021 0.022 
462   ZFOS28    (0)   :  0.009 0.015 0.009 0.013 0.930 0.007 0.016 
463   ZFOS29    (0)   :  0.005 0.013 0.009 0.007 0.945 0.009 0.011 
464   ZFOS30    (0)   :  0.004 0.005 0.003 0.005 0.969 0.009 0.006 
465   ZFOS31    (0)   :  0.030 0.088 0.003 0.005 0.828 0.028 0.018 
466   ZFOS32    (0)   :  0.009 0.008 0.005 0.014 0.924 0.020 0.021 
467   ZFPB01    (0)   :  0.004 0.005 0.979 0.004 0.003 0.002 0.003 
468   ZFPB02    (0)   :  0.004 0.003 0.980 0.002 0.003 0.004 0.003 
469   ZFPB03    (0)   :  0.003 0.004 0.979 0.003 0.004 0.003 0.004 
470   ZFPB05    (0)   :  0.003 0.003 0.985 0.002 0.002 0.002 0.002 
471   ZFPB06    (0)   :  0.003 0.005 0.978 0.004 0.004 0.002 0.003 
472   ZFPB07    (0)   :  0.003 0.003 0.983 0.002 0.002 0.004 0.003 
473   ZFPB08    (0)   :  0.004 0.003 0.977 0.003 0.005 0.004 0.003 
474   ZFPB10    (0)   :  0.003 0.003 0.983 0.003 0.003 0.002 0.003 
475   ZFPB11    (0)   :  0.003 0.003 0.983 0.003 0.003 0.002 0.002 
476   ZFPB12    (0)   :  0.003 0.003 0.983 0.003 0.003 0.002 0.003 
477   ZFPB13    (0)   :  0.003 0.004 0.982 0.003 0.002 0.003 0.003 
478   ZFPB14    (0)   :  0.003 0.003 0.983 0.002 0.003 0.004 0.003 
479   ZFPB15    (0)   :  0.003 0.003 0.981 0.003 0.003 0.004 0.003 
480   ZFPB17    (0)   :  0.003 0.003 0.983 0.003 0.003 0.002 0.002 
481   ZFPB18    (0)   :  0.003 0.003 0.985 0.002 0.003 0.003 0.002 
482   ZFPB19    (0)   :  0.004 0.006 0.974 0.004 0.005 0.004 0.003 
483   ZFPB20    (0)   :  0.003 0.003 0.985 0.002 0.002 0.002 0.002 
484   ZFPB21    (0)   :  0.003 0.003 0.982 0.002 0.003 0.004 0.003 
485   ZFPB22    (0)   :  0.004 0.003 0.983 0.003 0.003 0.002 0.002 
486   ZFPB23    (0)   :  0.003 0.004 0.981 0.003 0.003 0.003 0.003 
487   ZFSF01    (0)   :  0.372 0.525 0.002 0.084 0.008 0.004 0.005 
488   ZFSF02    (0)   :  0.550 0.368 0.004 0.016 0.016 0.023 0.022 
489   ZFSF03    (0)   :  0.259 0.673 0.003 0.049 0.005 0.005 0.005 
490   ZFSF04    (0)   :  0.058 0.492 0.002 0.404 0.030 0.008 0.006 
491  ZFSW101    (0)   :  0.010 0.025 0.003 0.850 0.008 0.088 0.015 
492  ZFSW102    (0)   :  0.013 0.132 0.004 0.815 0.017 0.014 0.005 
493  ZFSW103    (0)   :  0.009 0.010 0.003 0.938 0.006 0.016 0.018 
494  ZFSW104    (9)   :  0.037 0.195 0.005 0.664 0.058 0.029 0.011 
495  ZFSW105    (0)   :  0.006 0.021 0.003 0.892 0.008 0.058 0.010 
496  ZFSW106    (0)   :  0.139 0.031 0.023 0.744 0.006 0.040 0.015 
497  ZFSW107    (0)   :  0.006 0.111 0.006 0.853 0.009 0.010 0.005 
498  ZFSW108    (0)   :  0.006 0.026 0.005 0.953 0.004 0.003 0.003 
499  ZFSW109    (0)   :  0.004 0.035 0.003 0.942 0.007 0.005 0.004 
500  ZFSW110    (0)   :  0.011 0.035 0.005 0.906 0.009 0.022 0.010 
501  ZFSW111    (0)   :  0.013 0.074 0.004 0.663 0.035 0.202 0.010 
502  ZFSW112    (0)   :  0.006 0.008 0.004 0.943 0.021 0.012 0.006 
503  ZFSW113    (0)   :  0.090 0.076 0.007 0.703 0.018 0.077 0.029 
504  ZFSW114    (0)   :  0.008 0.012 0.002 0.955 0.010 0.009 0.005 
505  ZFSW115    (0)   :  0.167 0.013 0.002 0.795 0.009 0.010 0.004 
506  ZFSW116    (0)   :  0.042 0.261 0.017 0.562 0.018 0.089 0.012 
507  ZFSW117    (0)   :  0.051 0.106 0.015 0.704 0.016 0.090 0.019 
508  ZFSW119    (0)   :  0.033 0.054 0.003 0.882 0.022 0.003 0.002 
509  ZFSW120    (0)   :  0.073 0.826 0.003 0.086 0.007 0.003 0.002 
510  ZFSW121    (0)   :  0.122 0.271 0.004 0.479 0.049 0.068 0.007 
511  ZFSW122    (0)   :  0.007 0.320 0.003 0.633 0.007 0.016 0.015 
512  ZFSW123    (0)   :  0.006 0.094 0.004 0.886 0.004 0.004 0.003 
513  ZFSW124    (0)   :  0.009 0.273 0.003 0.696 0.010 0.005 0.004 
514  ZFSW201    (0)   :  0.010 0.200 0.007 0.771 0.006 0.003 0.004 
515  ZFSW202    (0)   :  0.006 0.014 0.006 0.961 0.007 0.004 0.003 
516  ZFSW203    (0)   :  0.007 0.032 0.005 0.942 0.009 0.003 0.003 
517  ZFSW204    (0)   :  0.008 0.014 0.006 0.954 0.011 0.004 0.004 
518  ZFSW205    (0)   :  0.005 0.006 0.003 0.974 0.004 0.003 0.005 
519  ZFSW206    (0)   :  0.008 0.004 0.003 0.975 0.003 0.003 0.004 
520  ZFSW207    (0)   :  0.004 0.004 0.003 0.977 0.003 0.004 0.004 
521  ZFSW208    (0)   :  0.006 0.007 0.003 0.971 0.004 0.004 0.004 
522  ZFSW209    (0)   :  0.042 0.005 0.003 0.937 0.004 0.005 0.004 
523  ZFSW210    (0)   :  0.006 0.005 0.004 0.963 0.005 0.007 0.010 
524  ZFSW211    (0)   :  0.011 0.005 0.004 0.963 0.005 0.004 0.008 
525  ZFSW212    (0)   :  0.005 0.005 0.003 0.973 0.005 0.004 0.005 
526  ZFSW213    (0)   :  0.004 0.005 0.003 0.976 0.005 0.003 0.003 
527  ZFSW214    (0)   :  0.005 0.005 0.002 0.973 0.007 0.004 0.004 
528  ZFSW215    (0)   :  0.005 0.005 0.004 0.975 0.005 0.003 0.003 
529  ZFSW216    (0)   :  0.006 0.005 0.003 0.972 0.004 0.004 0.005 
530  ZFSW217    (0)   :  0.004 0.008 0.003 0.972 0.006 0.003 0.003 
531  ZFSW218    (0)   :  0.004 0.004 0.002 0.978 0.005 0.003 0.004 
532  ZFSW219    (0)   :  0.014 0.007 0.005 0.953 0.010 0.005 0.006 
533  ZFSW220    (0)   :  0.010 0.008 0.013 0.955 0.007 0.004 0.003 
534  ZFSW221    (0)   :  0.008 0.005 0.003 0.969 0.004 0.004 0.006 
535  ZFSW222    (0)   :  0.005 0.008 0.004 0.975 0.003 0.002 0.003 
536  ZFSW223    (0)   :  0.011 0.008 0.013 0.956 0.006 0.004 0.003 
537  ZFSW224    (0)   :  0.007 0.005 0.003 0.971 0.005 0.004 0.005 
538  ZFSW225    (0)   :  0.007 0.011 0.005 0.965 0.004 0.003 0.005 
539  ZFSW226    (0)   :  0.005 0.022 0.007 0.953 0.004 0.005 0.004 
540  ZFSW227    (0)   :  0.005 0.006 0.003 0.975 0.004 0.003 0.004 
541  ZFSW229    (0)   :  0.006 0.006 0.003 0.974 0.004 0.003 0.004 
542  ZFSW230    (0)   :  0.004 0.006 0.006 0.956 0.007 0.012 0.008 
543  ZFSW231    (0)   :  0.007 0.006 0.004 0.970 0.004 0.003 0.005 
544  ZFSW232    (0)   :  0.007 0.006 0.003 0.973 0.004 0.004 0.004 
545  ZFSW233    (0)   :  0.016 0.015 0.007 0.944 0.005 0.008 0.005 
546  ZFSW234    (0)   :  0.004 0.007 0.004 0.975 0.004 0.003 0.003 
547  ZFSW235    (0)   :  0.008 0.008 0.004 0.963 0.008 0.004 0.004 
548  ZFSW236    (0)   :  0.003 0.005 0.002 0.978 0.005 0.003 0.003 
549  ZFSW237    (0)   :  0.007 0.007 0.003 0.967 0.009 0.004 0.004 
550  ZFSW238    (0)   :  0.107 0.007 0.015 0.770 0.066 0.026 0.009 
551  ZFSW239    (0)   :  0.004 0.017 0.008 0.951 0.005 0.009 0.006 
