

----------------------------------------------------
STRUCTURE by Pritchard, Stephens and Donnelly (2000)
     and Falush, Stephens and Pritchard (2003)
       Code by Pritchard, Falush and Hubisz
             Version 2.3.4 (Jul 2012)
----------------------------------------------------



Command line arguments:   bin\structure -m C:\Users\eschumacher\Documents\GitHub\GCC_QUAC_ZAIN\Data_Files\Structure_Files\ZAIN\ZAIN_wild_rebinned_nopopinfo\50-50\mainparams -e C:\Users\eschumacher\Documents\GitHub\GCC_QUAC_ZAIN\Data_Files\Structure_Files\ZAIN\ZAIN_wild_rebinned_nopopinfo\50-50\extraparams 
Input File:    C:\Users\eschumacher\Documents\GitHub\GCC_QUAC_ZAIN\Data_Files\Structure_Files\ZAIN\ZAIN_wild_rebinned_nopopinfo\project_data

Run parameters:
   751 individuals
   11 loci
   4 populations assumed
   50000 Burn-in period
   50000 Reps


--------------------------------------------
Overall proportion of membership of the
sample in each of the 4 clusters

Inferred Clusters
  1      2      3      4    
0.246  0.177  0.343  0.235  

--------------------------------------------

Allele-freq. divergence among pops (Net nucleotide distance),
computed using point estimates of P.

      1       2       3       4      
 1      -    0.1523  0.2018  0.0774  
 2   0.1523     -    0.1110  0.1011  
 3   0.2018  0.1110     -    0.1323  
 4   0.0774  0.1011  0.1323     -    

Average distances (expected heterozygosity) between individuals in same cluster:
cluster  1  : 0.5011 
cluster  2  : 0.4401 
cluster  3  : 0.4582 
cluster  4  : 0.5731 

--------------------------------------------
Estimated Ln Prob of Data   = -15493.0
Mean value of ln likelihood = -15320.5
Variance of ln likelihood   = 345.1
Mean value of alpha         = 0.0340

Mean value of Fst_1         = 0.3154
Mean value of Fst_2         = 0.3485
Mean value of Fst_3         = 0.3072
Mean value of Fst_4         = 0.1169


Inferred ancestry of individuals:
        Label (%Miss) :  Inferred clusters
  1    ZFB01    (0)   :  0.986 0.004 0.005 0.005 
  2    ZFB02    (0)   :  0.984 0.005 0.003 0.008 
  3    ZFB03    (0)   :  0.979 0.009 0.006 0.007 
  4    ZFB04    (0)   :  0.984 0.004 0.005 0.008 
  5    ZFB05    (0)   :  0.886 0.019 0.006 0.089 
  6    ZFB06    (0)   :  0.915 0.015 0.007 0.063 
  7    ZFB07    (9)   :  0.969 0.005 0.008 0.017 
  8    ZFB08    (0)   :  0.984 0.005 0.005 0.006 
  9    ZFB09    (0)   :  0.988 0.004 0.004 0.005 
 10    ZFB10    (0)   :  0.974 0.005 0.015 0.006 
 11    ZFB11    (0)   :  0.982 0.004 0.007 0.007 
 12    ZFB12    (0)   :  0.983 0.005 0.005 0.007 
 13    ZFB13    (0)   :  0.984 0.004 0.006 0.006 
 14    ZFB14    (0)   :  0.985 0.005 0.005 0.004 
 15    ZFB15    (0)   :  0.988 0.003 0.003 0.006 
 16    ZFB16    (0)   :  0.983 0.003 0.005 0.009 
 17    ZFB17    (0)   :  0.936 0.013 0.015 0.037 
 18    ZFB18    (0)   :  0.987 0.004 0.004 0.004 
 19    ZFB19    (0)   :  0.952 0.005 0.024 0.019 
 20    ZFB20    (0)   :  0.983 0.003 0.004 0.010 
 21    ZFB21    (0)   :  0.987 0.004 0.003 0.006 
 22    ZFB22    (0)   :  0.957 0.008 0.016 0.019 
 23    ZFB23    (0)   :  0.976 0.006 0.008 0.010 
 24    ZFB24    (0)   :  0.982 0.004 0.006 0.007 
 25    ZFB25    (0)   :  0.965 0.004 0.025 0.006 
 26    ZFB26    (0)   :  0.959 0.006 0.020 0.015 
 27    ZFB27    (0)   :  0.977 0.004 0.009 0.010 
 28    ZFB28    (0)   :  0.962 0.010 0.005 0.023 
 29    ZFB29    (0)   :  0.985 0.005 0.003 0.007 
 30    ZFB30    (0)   :  0.715 0.008 0.012 0.264 
 31    ZFB31    (0)   :  0.976 0.005 0.013 0.007 
 32    ZFB32    (0)   :  0.944 0.023 0.009 0.024 
 33    ZFB33    (0)   :  0.988 0.003 0.004 0.006 
 34    ZFB34    (0)   :  0.986 0.005 0.004 0.005 
 35    ZFB35    (0)   :  0.982 0.005 0.007 0.006 
 36  ZFBP101    (0)   :  0.018 0.119 0.850 0.013 
 37  ZFBP102    (0)   :  0.026 0.023 0.937 0.013 
 38  ZFBP103    (0)   :  0.008 0.304 0.679 0.009 
 39  ZFBP104    (0)   :  0.052 0.006 0.906 0.036 
 40  ZFBP105    (0)   :  0.008 0.009 0.977 0.007 
 41  ZFBP106    (0)   :  0.004 0.011 0.980 0.004 
 42  ZFBP107    (0)   :  0.010 0.013 0.954 0.023 
 43  ZFBP108    (0)   :  0.004 0.005 0.988 0.003 
 44  ZFBP109    (0)   :  0.004 0.005 0.987 0.005 
 45  ZFBP110    (0)   :  0.031 0.246 0.704 0.019 
 46  ZFBP111    (0)   :  0.003 0.005 0.988 0.004 
 47  ZFBP112    (0)   :  0.005 0.007 0.981 0.007 
 48  ZFBP113    (0)   :  0.004 0.004 0.987 0.005 
 49  ZFBP114    (0)   :  0.005 0.009 0.979 0.008 
 50  ZFBP115    (0)   :  0.003 0.015 0.976 0.006 
 51  ZFBP116    (0)   :  0.003 0.005 0.985 0.006 
 52  ZFBP117    (0)   :  0.003 0.008 0.985 0.004 
 53  ZFBP118    (0)   :  0.004 0.006 0.983 0.007 
 54  ZFBP119    (0)   :  0.004 0.028 0.962 0.005 
 55  ZFBP120    (0)   :  0.006 0.006 0.981 0.007 
 56  ZFBP121    (0)   :  0.007 0.010 0.979 0.004 
 57  ZFBP122    (9)   :  0.004 0.006 0.986 0.005 
 58  ZFBP123    (0)   :  0.005 0.013 0.975 0.007 
 59  ZFBP124    (0)   :  0.008 0.006 0.982 0.005 
 60  ZFBP125    (0)   :  0.003 0.008 0.986 0.004 
 61  ZFBP126    (0)   :  0.021 0.026 0.930 0.024 
 62  ZFBP127    (0)   :  0.004 0.013 0.980 0.004 
 63  ZFBP128    (0)   :  0.004 0.007 0.985 0.003 
 64  ZFBP129    (0)   :  0.005 0.008 0.983 0.004 
 65  ZFBP130    (0)   :  0.002 0.007 0.987 0.004 
 66  ZFBP131    (0)   :  0.005 0.005 0.986 0.005 
 67  ZFBP132    (0)   :  0.004 0.007 0.986 0.004 
 68  ZFBP133    (0)   :  0.004 0.006 0.987 0.003 
 69  ZFBP134    (0)   :  0.004 0.014 0.977 0.005 
 70  ZFBP135    (0)   :  0.026 0.279 0.686 0.009 
 71  ZFBP136    (0)   :  0.004 0.064 0.924 0.007 
 72  ZFBP201    (0)   :  0.007 0.009 0.976 0.008 
 73  ZFBP202    (0)   :  0.006 0.006 0.985 0.004 
 74  ZFBP203    (0)   :  0.010 0.006 0.942 0.042 
 75  ZFBP204    (0)   :  0.005 0.030 0.959 0.007 
 76  ZFBP205    (0)   :  0.004 0.007 0.984 0.006 
 77  ZFBP206    (0)   :  0.007 0.010 0.975 0.008 
 78  ZFBP207    (0)   :  0.003 0.026 0.966 0.004 
 79  ZFBP208    (0)   :  0.006 0.006 0.975 0.014 
 80  ZFBP209    (0)   :  0.003 0.005 0.989 0.003 
 81  ZFBP210    (0)   :  0.006 0.007 0.978 0.009 
 82  ZFBP211    (0)   :  0.006 0.007 0.984 0.004 
 83  ZFBP212    (0)   :  0.005 0.006 0.985 0.004 
 84  ZFBP213    (0)   :  0.011 0.016 0.965 0.008 
 85  ZFBP214    (0)   :  0.008 0.048 0.936 0.009 
 86  ZFBP215    (0)   :  0.005 0.007 0.985 0.004 
 87  ZFBP216    (0)   :  0.006 0.006 0.974 0.014 
 88  ZFBP217    (0)   :  0.004 0.009 0.983 0.005 
 89  ZFBP218    (0)   :  0.003 0.003 0.990 0.004 
 90  ZFBP219    (0)   :  0.004 0.004 0.987 0.005 
 91  ZFBP220    (0)   :  0.003 0.010 0.982 0.005 
 92  ZFBP221    (0)   :  0.004 0.004 0.988 0.004 
 93  ZFBP222    (0)   :  0.007 0.007 0.980 0.006 
 94  ZFBP223    (0)   :  0.007 0.033 0.953 0.007 
 95  ZFBP224    (0)   :  0.006 0.007 0.981 0.006 
 96  ZFBP225    (0)   :  0.003 0.012 0.978 0.007 
 97  ZFBP226    (0)   :  0.005 0.005 0.984 0.006 
 98  ZFBP227    (0)   :  0.042 0.009 0.837 0.112 
 99  ZFBP228    (0)   :  0.005 0.017 0.973 0.004 
100  ZFBP229    (0)   :  0.003 0.006 0.986 0.005 
101  ZFBP230    (0)   :  0.003 0.011 0.980 0.005 
102  ZFBP231    (0)   :  0.006 0.007 0.982 0.005 
103  ZFBP232    (0)   :  0.003 0.005 0.988 0.003 
104  ZFBP233    (0)   :  0.006 0.006 0.983 0.005 
105   ZFCC01    (0)   :  0.020 0.970 0.005 0.006 
106   ZFCC03    (0)   :  0.006 0.985 0.005 0.003 
107   ZFCC04    (0)   :  0.009 0.981 0.006 0.005 
108   ZFCC05    (0)   :  0.009 0.978 0.006 0.006 
109   ZFCC08    (0)   :  0.006 0.965 0.024 0.004 
110   ZFCC09    (0)   :  0.008 0.984 0.004 0.004 
111   ZFCC10    (0)   :  0.029 0.960 0.006 0.005 
112   ZFCC11    (0)   :  0.008 0.982 0.005 0.004 
113   ZFCC12    (0)   :  0.096 0.880 0.006 0.018 
114   ZFCC13    (0)   :  0.005 0.969 0.014 0.012 
115   ZFCC14    (0)   :  0.019 0.965 0.008 0.008 
116   ZFCC15    (0)   :  0.008 0.976 0.006 0.011 
117   ZFCC16    (0)   :  0.011 0.978 0.004 0.007 
118   ZFCC17    (0)   :  0.012 0.977 0.003 0.008 
119   ZFCC18    (0)   :  0.009 0.981 0.006 0.005 
120   ZFCC19    (0)   :  0.010 0.967 0.004 0.019 
121   ZFCC20    (0)   :  0.006 0.985 0.004 0.005 
122   ZFCC21    (0)   :  0.025 0.790 0.127 0.058 
123   ZFCC22    (0)   :  0.016 0.474 0.498 0.012 
124   ZFCC26    (0)   :  0.008 0.984 0.004 0.004 
125   ZFCC27    (0)   :  0.004 0.988 0.004 0.004 
126   ZFCC29    (0)   :  0.016 0.969 0.005 0.011 
127   ZFCC30    (0)   :  0.003 0.989 0.004 0.004 
128   ZFCC32    (0)   :  0.011 0.972 0.006 0.011 
129   ZFCC33    (0)   :  0.009 0.978 0.004 0.009 
130   ZFCC34    (0)   :  0.021 0.942 0.030 0.007 
131   ZFCC35    (0)   :  0.004 0.986 0.005 0.005 
132   ZFCC36    (0)   :  0.009 0.950 0.015 0.026 
133   ZFCC37    (0)   :  0.088 0.877 0.009 0.026 
134   ZFCC40    (0)   :  0.013 0.973 0.007 0.008 
135   ZFCC42    (0)   :  0.219 0.629 0.007 0.145 
136   ZFCC44    (0)   :  0.004 0.988 0.003 0.005 
137   ZFCC45    (9)   :  0.037 0.938 0.006 0.019 
138   ZFCC46    (0)   :  0.004 0.976 0.014 0.006 
139   ZFCC47    (0)   :  0.071 0.914 0.007 0.008 
140   ZFCC48    (0)   :  0.012 0.912 0.063 0.013 
141   ZFCC50    (0)   :  0.009 0.980 0.004 0.007 
142   ZFCC51    (0)   :  0.005 0.988 0.003 0.003 
143   ZFCC52    (0)   :  0.007 0.972 0.014 0.008 
144   ZFCC53    (0)   :  0.006 0.987 0.003 0.004 
145  ZFCNS01    (0)   :  0.004 0.961 0.016 0.018 
146  ZFCNS02    (0)   :  0.003 0.983 0.011 0.003 
147  ZFCNS05    (0)   :  0.007 0.972 0.017 0.005 
148  ZFCNS06    (0)   :  0.006 0.977 0.013 0.004 
149  ZFCNS07    (0)   :  0.005 0.564 0.426 0.005 
150  ZFCNS10    (0)   :  0.003 0.913 0.079 0.004 
151  ZFCNS11    (0)   :  0.004 0.977 0.011 0.008 
152  ZFCNS15    (0)   :  0.007 0.178 0.809 0.007 
153  ZFCNS17    (0)   :  0.003 0.982 0.010 0.004 
154  ZFCNS18    (0)   :  0.004 0.964 0.028 0.004 
155  ZFCNS19    (0)   :  0.005 0.985 0.006 0.004 
156  ZFCNS20    (0)   :  0.005 0.834 0.156 0.006 
157  ZFCNS21    (0)   :  0.004 0.984 0.008 0.004 
158  ZFCNS22    (0)   :  0.008 0.845 0.142 0.005 
159  ZFCNS23    (0)   :  0.005 0.977 0.013 0.005 
160  ZFCNS24    (0)   :  0.003 0.985 0.008 0.004 
161  ZFCNS25    (0)   :  0.004 0.932 0.059 0.005 
162  ZFCNS26    (0)   :  0.008 0.687 0.301 0.005 
163  ZFCNS27    (0)   :  0.006 0.093 0.894 0.007 
164  ZFCNS28    (0)   :  0.008 0.969 0.019 0.004 
165  ZFCNS29    (0)   :  0.004 0.976 0.015 0.004 
166  ZFCNS30    (0)   :  0.005 0.982 0.009 0.005 
167  ZFCNS31    (0)   :  0.005 0.938 0.052 0.005 
168  ZFCNS32    (0)   :  0.007 0.953 0.036 0.004 
169  ZFCNS33    (0)   :  0.005 0.962 0.029 0.004 
170  ZFCNS34    (0)   :  0.004 0.987 0.006 0.004 
171  ZFCNS35    (0)   :  0.009 0.967 0.019 0.004 
172  ZFCNS36    (0)   :  0.003 0.986 0.007 0.004 
173  ZFCNS37    (0)   :  0.005 0.934 0.054 0.007 
174  ZFCNS39    (0)   :  0.003 0.982 0.012 0.004 
175  ZFCNS40    (0)   :  0.003 0.955 0.037 0.005 
176  ZFCNS41    (0)   :  0.008 0.756 0.225 0.012 
177  ZFCNS42    (0)   :  0.005 0.941 0.049 0.005 
178  ZFCNS43    (0)   :  0.004 0.986 0.006 0.004 
179  ZFCNS44    (0)   :  0.004 0.974 0.018 0.004 
180  ZFCNS46    (0)   :  0.004 0.965 0.026 0.005 
181  ZFCNS47    (0)   :  0.004 0.982 0.010 0.004 
182  ZFCNS48    (0)   :  0.004 0.952 0.039 0.005 
183  ZFCNS49    (0)   :  0.005 0.203 0.787 0.005 
184   ZFCR01    (0)   :  0.546 0.009 0.062 0.383 
185   ZFCR02    (0)   :  0.048 0.014 0.022 0.917 
186   ZFCR03    (0)   :  0.630 0.019 0.059 0.292 
187   ZFCR04    (0)   :  0.732 0.034 0.051 0.183 
188   ZFCR05    (0)   :  0.102 0.014 0.007 0.877 
189   ZFCR06    (0)   :  0.130 0.193 0.196 0.481 
190   ZFCR07    (0)   :  0.058 0.117 0.018 0.806 
191   ZFCR08    (0)   :  0.071 0.029 0.035 0.865 
192   ZFCR09    (0)   :  0.485 0.111 0.110 0.294 
193   ZFCR11    (0)   :  0.312 0.025 0.116 0.547 
194   ZFCR12    (0)   :  0.013 0.192 0.088 0.707 
195   ZFCR13    (0)   :  0.011 0.009 0.091 0.889 
196   ZFCR14    (0)   :  0.037 0.012 0.016 0.936 
197   ZFCR15    (0)   :  0.049 0.011 0.016 0.925 
198   ZFCR16    (0)   :  0.090 0.008 0.035 0.866 
199   ZFCR18    (0)   :  0.772 0.085 0.037 0.106 
200   ZFCR19    (0)   :  0.524 0.041 0.216 0.219 
201   ZFCR20    (0)   :  0.903 0.012 0.046 0.039 
202   ZFCR21    (0)   :  0.023 0.016 0.027 0.934 
203   ZFCR22    (0)   :  0.014 0.005 0.013 0.967 
204   ZFCR23    (0)   :  0.030 0.005 0.101 0.864 
205   ZFCR24    (9)   :  0.214 0.009 0.488 0.289 
206   ZFCR25    (0)   :  0.034 0.006 0.005 0.955 
207   ZFCR26    (0)   :  0.348 0.035 0.110 0.506 
208   ZFCR27    (9)   :  0.095 0.005 0.004 0.896 
209   ZFCR28    (0)   :  0.010 0.025 0.361 0.604 
210   ZFCR29    (0)   :  0.319 0.008 0.020 0.653 
211   ZFCR30    (0)   :  0.012 0.007 0.009 0.971 
212   ZFCR31    (0)   :  0.415 0.081 0.199 0.304 
213   ZFCR33    (0)   :  0.032 0.028 0.011 0.929 
214   ZFCR34    (0)   :  0.031 0.036 0.028 0.905 
215   ZFCR35    (0)   :  0.784 0.036 0.020 0.160 
216   ZFCR36    (0)   :  0.100 0.018 0.011 0.870 
217   ZFCR37    (0)   :  0.028 0.019 0.006 0.948 
218   ZFCR38    (0)   :  0.041 0.021 0.008 0.930 
219   ZFCR39    (0)   :  0.017 0.017 0.025 0.941 
220   ZFCR40    (0)   :  0.016 0.010 0.007 0.967 
221   ZFCR41    (0)   :  0.010 0.123 0.029 0.838 
222   ZFCR42    (0)   :  0.010 0.046 0.035 0.909 
223   ZFCR43    (0)   :  0.067 0.008 0.095 0.830 
224  ZFENP25    (0)   :  0.068 0.016 0.021 0.895 
225  ZFENP26    (0)   :  0.013 0.005 0.003 0.978 
226  ZFENP27    (0)   :  0.352 0.387 0.031 0.230 
227  ZFENP28    (0)   :  0.030 0.012 0.005 0.954 
228  ZFENP29    (0)   :  0.007 0.010 0.004 0.979 
229  ZFENP30    (0)   :  0.011 0.034 0.005 0.950 
230  ZFENP31    (0)   :  0.018 0.022 0.006 0.954 
231  ZFENP32    (0)   :  0.209 0.062 0.021 0.708 
232  ZFENP33    (0)   :  0.057 0.008 0.006 0.930 
233  ZFENP34    (0)   :  0.618 0.059 0.016 0.307 
234  ZFENP35    (0)   :  0.011 0.007 0.006 0.976 
235  ZFENP36    (0)   :  0.017 0.007 0.003 0.973 
236  ZFENP37    (0)   :  0.068 0.017 0.008 0.908 
237  ZFENP38    (0)   :  0.009 0.021 0.007 0.963 
238  ZFENP39    (0)   :  0.035 0.013 0.004 0.948 
239  ZFENP40    (0)   :  0.036 0.010 0.006 0.948 
240  ZFENP41    (0)   :  0.016 0.039 0.007 0.938 
241  ZFENP42    (0)   :  0.005 0.004 0.003 0.988 
242  ZFENP43    (0)   :  0.016 0.079 0.014 0.890 
243  ZFENP44    (0)   :  0.010 0.016 0.006 0.968 
244  ZFENP45    (0)   :  0.011 0.014 0.198 0.777 
245  ZFENP46    (0)   :  0.021 0.006 0.012 0.962 
246  ZFENP47    (0)   :  0.037 0.025 0.021 0.917 
247  ZFENP48    (0)   :  0.646 0.100 0.036 0.218 
248  ZFENP49    (0)   :  0.182 0.033 0.023 0.762 
249  ZFENP50    (0)   :  0.008 0.005 0.021 0.967 
250  ZFENP51    (0)   :  0.069 0.006 0.013 0.912 
251  ZFENP52    (0)   :  0.005 0.020 0.008 0.966 
252  ZFENP53    (0)   :  0.008 0.010 0.021 0.960 
253  ZFENP54    (0)   :  0.026 0.019 0.047 0.907 
254  ZFENP55    (0)   :  0.176 0.005 0.006 0.814 
255  ZFENP56    (0)   :  0.014 0.010 0.007 0.969 
256  ZFENP57    (0)   :  0.021 0.009 0.004 0.967 
257  ZFENP58    (0)   :  0.016 0.085 0.035 0.864 
258  ZFENP59    (0)   :  0.016 0.026 0.005 0.954 
259  ZFENP60    (0)   :  0.063 0.008 0.008 0.921 
260  ZFENP61    (0)   :  0.039 0.011 0.003 0.947 
261 ZFFDSP01    (0)   :  0.006 0.006 0.985 0.003 
262 ZFFDSP02    (0)   :  0.004 0.005 0.987 0.003 
263 ZFFDSP04    (0)   :  0.005 0.005 0.987 0.003 
264 ZFFDSP05    (0)   :  0.005 0.005 0.985 0.005 
265 ZFFDSP06    (0)   :  0.004 0.005 0.988 0.003 
266 ZFFDSP07    (0)   :  0.005 0.012 0.976 0.007 
267 ZFFDSP08    (0)   :  0.004 0.014 0.977 0.006 
268 ZFFDSP10    (0)   :  0.004 0.006 0.984 0.005 
269 ZFFDSP11    (0)   :  0.005 0.004 0.986 0.005 
270 ZFFDSP12    (0)   :  0.003 0.004 0.989 0.003 
271 ZFFDSP13    (0)   :  0.005 0.027 0.960 0.008 
272 ZFFDSP14    (0)   :  0.005 0.007 0.984 0.004 
273 ZFFDSP16    (0)   :  0.008 0.011 0.975 0.006 
274 ZFFDSP17    (0)   :  0.004 0.006 0.986 0.004 
275 ZFFDSP18    (0)   :  0.007 0.007 0.982 0.004 
276 ZFFDSP19    (0)   :  0.007 0.019 0.971 0.003 
277 ZFFDSP21    (0)   :  0.004 0.016 0.977 0.003 
278 ZFFDSP22    (0)   :  0.003 0.005 0.989 0.003 
279 ZFFDSP23    (0)   :  0.003 0.004 0.990 0.003 
280 ZFFDSP24    (0)   :  0.006 0.008 0.983 0.004 
281 ZFFDSP26    (9)   :  0.004 0.006 0.986 0.004 
282 ZFFDSP27    (0)   :  0.006 0.006 0.984 0.003 
283 ZFFDSP28    (0)   :  0.087 0.020 0.875 0.018 
284 ZFFDSP30    (0)   :  0.014 0.015 0.965 0.006 
285 ZFFDSP31    (0)   :  0.005 0.007 0.984 0.004 
286 ZFFDSP32    (0)   :  0.004 0.005 0.987 0.004 
287 ZFFDSP33    (0)   :  0.004 0.004 0.989 0.003 
288 ZFFDSP34    (0)   :  0.004 0.007 0.986 0.003 
289 ZFFDSP35    (0)   :  0.005 0.005 0.986 0.004 
290 ZFFDSP37    (0)   :  0.005 0.005 0.986 0.004 
291 ZFFDSP38    (0)   :  0.005 0.005 0.986 0.004 
292 ZFFDSP39    (0)   :  0.004 0.004 0.988 0.003 
293 ZFFDSP40    (0)   :  0.005 0.006 0.985 0.004 
294 ZFFDSP42    (0)   :  0.004 0.007 0.987 0.003 
295 ZFFDSP43    (0)   :  0.004 0.005 0.987 0.004 
296 ZFFDSP44    (0)   :  0.006 0.006 0.984 0.004 
297 ZFFDSP45    (0)   :  0.004 0.007 0.985 0.004 
298 ZFFDSP46    (0)   :  0.005 0.007 0.983 0.004 
299 ZFFDSP47    (0)   :  0.004 0.006 0.987 0.004 
300 ZFFDSP48    (0)   :  0.004 0.007 0.985 0.004 
301    ZFI01    (0)   :  0.978 0.011 0.004 0.007 
302    ZFI02    (0)   :  0.983 0.006 0.006 0.006 
303    ZFI03    (0)   :  0.981 0.009 0.004 0.006 
304    ZFI04    (0)   :  0.984 0.006 0.005 0.005 
305    ZFI05    (0)   :  0.973 0.014 0.006 0.007 
306    ZFI06    (0)   :  0.963 0.014 0.015 0.008 
307    ZFI07    (0)   :  0.986 0.005 0.004 0.005 
308    ZFI08    (0)   :  0.983 0.005 0.003 0.009 
309    ZFI09    (0)   :  0.983 0.006 0.004 0.007 
310    ZFI10    (0)   :  0.968 0.016 0.009 0.008 
311    ZFI11    (0)   :  0.986 0.006 0.003 0.005 
312    ZFI12    (0)   :  0.977 0.012 0.005 0.006 
313    ZFI13    (0)   :  0.981 0.008 0.004 0.006 
314    ZFI14    (0)   :  0.975 0.008 0.011 0.006 
315    ZFI15    (0)   :  0.985 0.006 0.004 0.005 
316    ZFI16    (0)   :  0.985 0.006 0.004 0.004 
317    ZFI17    (0)   :  0.981 0.007 0.004 0.007 
318    ZFI18    (0)   :  0.985 0.005 0.003 0.006 
319    ZFI19    (9)   :  0.986 0.005 0.003 0.006 
320    ZFI20    (0)   :  0.983 0.005 0.006 0.006 
321    ZFI21    (0)   :  0.962 0.011 0.022 0.006 
322    ZFI22    (0)   :  0.984 0.006 0.005 0.005 
323    ZFI23    (0)   :  0.983 0.007 0.004 0.006 
324    ZFI24    (0)   :  0.976 0.013 0.005 0.006 
325    ZFI25    (0)   :  0.982 0.007 0.005 0.006 
326    ZFI26    (0)   :  0.984 0.007 0.004 0.005 
327    ZFI27    (0)   :  0.968 0.019 0.006 0.007 
328    ZFK01    (0)   :  0.008 0.959 0.010 0.022 
329    ZFK02    (0)   :  0.012 0.962 0.009 0.017 
330    ZFK03    (0)   :  0.016 0.944 0.009 0.032 
331    ZFK04    (0)   :  0.124 0.798 0.010 0.069 
332    ZFK05    (0)   :  0.078 0.831 0.006 0.085 
333    ZFK06    (0)   :  0.073 0.807 0.008 0.112 
334    ZFK07    (0)   :  0.007 0.933 0.011 0.049 
335    ZFK08    (0)   :  0.137 0.251 0.015 0.597 
336    ZFK10    (0)   :  0.098 0.861 0.010 0.031 
337    ZFK11    (0)   :  0.019 0.694 0.007 0.280 
338    ZFK12    (0)   :  0.006 0.794 0.026 0.174 
339    ZFK13    (0)   :  0.006 0.671 0.059 0.264 
340    ZFK14    (0)   :  0.006 0.962 0.016 0.016 
341    ZFK15    (0)   :  0.014 0.531 0.031 0.424 
342    ZFK16    (0)   :  0.004 0.854 0.039 0.103 
343   ZFLB01    (0)   :  0.007 0.005 0.009 0.979 
344   ZFLB02    (0)   :  0.014 0.004 0.005 0.977 
345   ZFLB03    (0)   :  0.005 0.018 0.007 0.970 
346   ZFLB04    (0)   :  0.020 0.058 0.036 0.886 
347   ZFLB05    (0)   :  0.016 0.006 0.006 0.971 
348   ZFLB06    (0)   :  0.009 0.008 0.006 0.977 
349   ZFLB07    (0)   :  0.005 0.018 0.012 0.965 
350   ZFLB08    (0)   :  0.013 0.005 0.004 0.978 
351   ZFLB09    (9)   :  0.020 0.006 0.005 0.969 
352   ZFLB10    (0)   :  0.019 0.008 0.006 0.967 
353   ZFLB11    (0)   :  0.005 0.006 0.004 0.984 
354   ZFLB12    (0)   :  0.009 0.005 0.003 0.983 
355   ZFLB13    (0)   :  0.007 0.006 0.005 0.982 
356  ZFLTI01    (0)   :  0.004 0.101 0.890 0.005 
357  ZFLTI02    (0)   :  0.005 0.521 0.468 0.006 
358  ZFLTI03    (0)   :  0.004 0.038 0.954 0.004 
359  ZFLTI04    (0)   :  0.008 0.121 0.864 0.007 
360  ZFLTI05    (0)   :  0.004 0.057 0.934 0.004 
361  ZFLTI06    (0)   :  0.004 0.008 0.985 0.003 
362  ZFLTI07    (0)   :  0.005 0.018 0.971 0.005 
363  ZFLTI08    (0)   :  0.008 0.063 0.922 0.007 
364  ZFLTI09    (0)   :  0.006 0.017 0.972 0.004 
365  ZFLTI10    (0)   :  0.005 0.026 0.965 0.004 
366  ZFLTI11    (0)   :  0.004 0.010 0.982 0.004 
367  ZFLTI12    (0)   :  0.004 0.028 0.964 0.004 
368  ZFLTI13    (0)   :  0.005 0.390 0.599 0.006 
369  ZFLTI14    (0)   :  0.006 0.927 0.062 0.005 
370 ZFONF101    (0)   :  0.003 0.003 0.992 0.003 
371 ZFONF102    (0)   :  0.005 0.003 0.986 0.006 
372 ZFONF103    (0)   :  0.005 0.019 0.970 0.006 
373 ZFONF104    (0)   :  0.003 0.004 0.992 0.002 
374 ZFONF105    (0)   :  0.003 0.006 0.988 0.003 
375 ZFONF106    (0)   :  0.005 0.005 0.988 0.003 
376 ZFONF107    (0)   :  0.028 0.029 0.890 0.054 
377 ZFONF108    (0)   :  0.007 0.028 0.954 0.012 
378 ZFONF109    (9)   :  0.005 0.014 0.975 0.006 
379 ZFONF110    (0)   :  0.003 0.005 0.989 0.003 
380 ZFONF111    (0)   :  0.013 0.008 0.961 0.018 
381 ZFONF112    (0)   :  0.004 0.006 0.987 0.003 
382 ZFONF113    (9)   :  0.003 0.006 0.985 0.006 
383 ZFONF115    (0)   :  0.005 0.008 0.983 0.004 
384 ZFONF116    (0)   :  0.006 0.007 0.982 0.004 
385 ZFONF117    (0)   :  0.005 0.014 0.976 0.005 
386 ZFONF118    (0)   :  0.006 0.010 0.980 0.003 
387 ZFONF119    (0)   :  0.004 0.009 0.981 0.006 
388 ZFONF120    (0)   :  0.004 0.012 0.977 0.007 
389 ZFONF121    (0)   :  0.004 0.005 0.987 0.004 
390 ZFONF122    (0)   :  0.007 0.032 0.955 0.006 
391 ZFONF123    (0)   :  0.009 0.006 0.964 0.022 
392 ZFONF124    (0)   :  0.003 0.008 0.983 0.006 
393 ZFONF125    (0)   :  0.008 0.017 0.931 0.045 
394 ZFONF126    (0)   :  0.005 0.011 0.979 0.004 
395 ZFONF201    (0)   :  0.095 0.061 0.776 0.068 
396 ZFONF202    (0)   :  0.003 0.007 0.986 0.003 
397 ZFONF203    (0)   :  0.005 0.007 0.975 0.013 
398 ZFONF204    (0)   :  0.022 0.142 0.764 0.073 
399 ZFONF206    (0)   :  0.025 0.012 0.659 0.305 
400 ZFONF207    (0)   :  0.005 0.010 0.972 0.013 
401 ZFONF208    (0)   :  0.005 0.014 0.972 0.010 
402 ZFONF209    (0)   :  0.016 0.194 0.767 0.022 
403 ZFONF210    (0)   :  0.002 0.011 0.984 0.003 
404 ZFONF211    (0)   :  0.003 0.013 0.978 0.006 
405 ZFONF212    (0)   :  0.003 0.005 0.989 0.003 
406 ZFONF214    (0)   :  0.003 0.008 0.983 0.005 
407 ZFONF215    (0)   :  0.003 0.006 0.988 0.003 
408 ZFONF216    (0)   :  0.003 0.008 0.985 0.005 
409 ZFONF217    (0)   :  0.003 0.008 0.985 0.004 
410 ZFONF218    (0)   :  0.007 0.005 0.961 0.027 
411 ZFONF219    (0)   :  0.002 0.004 0.989 0.004 
412 ZFONF220    (0)   :  0.004 0.008 0.985 0.004 
413 ZFONF222    (0)   :  0.005 0.009 0.970 0.016 
414 ZFONF223    (0)   :  0.006 0.005 0.973 0.016 
415 ZFONF224    (0)   :  0.003 0.006 0.985 0.006 
416 ZFONF225    (0)   :  0.002 0.005 0.989 0.003 
417 ZFONF226    (0)   :  0.003 0.007 0.985 0.005 
418 ZFONF227    (0)   :  0.002 0.005 0.990 0.003 
419 ZFONF228    (0)   :  0.003 0.004 0.990 0.003 
420 ZFONF230    (0)   :  0.003 0.005 0.990 0.003 
421 ZFONF231    (0)   :  0.003 0.016 0.977 0.004 
422 ZFONF232    (0)   :  0.003 0.004 0.989 0.004 
423 ZFONF233    (0)   :  0.003 0.012 0.979 0.006 
424 ZFONF234    (0)   :  0.003 0.008 0.966 0.023 
425 ZFONF235    (0)   :  0.002 0.010 0.982 0.005 
426 ZFONF236    (0)   :  0.024 0.066 0.877 0.033 
427 ZFONF238    (0)   :  0.004 0.006 0.983 0.007 
428 ZFONF239    (0)   :  0.030 0.058 0.879 0.034 
429 ZFONF240    (0)   :  0.002 0.015 0.980 0.003 
430 ZFONF241    (0)   :  0.005 0.006 0.977 0.012 
431 ZFONF242    (0)   :  0.003 0.011 0.980 0.006 
432 ZFONF243    (0)   :  0.003 0.012 0.980 0.005 
433 ZFONF244    (0)   :  0.003 0.007 0.986 0.004 
434 ZFONF245    (0)   :  0.002 0.010 0.983 0.005 
435   ZFOS01    (0)   :  0.005 0.960 0.029 0.006 
436   ZFOS02    (0)   :  0.039 0.915 0.032 0.014 
437   ZFOS03    (0)   :  0.021 0.893 0.014 0.072 
438   ZFOS04    (0)   :  0.016 0.928 0.048 0.008 
439   ZFOS05    (0)   :  0.008 0.962 0.024 0.006 
440   ZFOS06    (0)   :  0.006 0.972 0.012 0.009 
441   ZFOS07    (0)   :  0.038 0.950 0.007 0.006 
442   ZFOS08    (0)   :  0.027 0.955 0.012 0.005 
443   ZFOS09    (0)   :  0.039 0.799 0.117 0.045 
444   ZFOS10    (0)   :  0.071 0.907 0.003 0.019 
445   ZFOS11    (0)   :  0.014 0.922 0.017 0.047 
446   ZFOS12    (0)   :  0.058 0.524 0.035 0.382 
447   ZFOS13    (0)   :  0.020 0.957 0.015 0.008 
448   ZFOS14    (0)   :  0.164 0.774 0.013 0.049 
449   ZFOS15    (0)   :  0.009 0.981 0.004 0.006 
450   ZFOS16    (0)   :  0.019 0.942 0.026 0.012 
451   ZFOS17    (0)   :  0.015 0.969 0.005 0.011 
452   ZFOS18    (0)   :  0.011 0.973 0.004 0.012 
453   ZFOS19    (0)   :  0.007 0.978 0.005 0.010 
454   ZFOS20    (0)   :  0.014 0.971 0.006 0.009 
455   ZFOS21    (0)   :  0.010 0.969 0.015 0.005 
456   ZFOS22    (0)   :  0.004 0.978 0.008 0.010 
457   ZFOS23    (0)   :  0.368 0.584 0.003 0.045 
458   ZFOS24    (0)   :  0.004 0.987 0.004 0.005 
459   ZFOS25    (0)   :  0.008 0.957 0.030 0.005 
460   ZFOS26    (0)   :  0.010 0.855 0.128 0.007 
461   ZFOS27    (0)   :  0.007 0.966 0.019 0.008 
462   ZFOS28    (0)   :  0.031 0.944 0.008 0.017 
463   ZFOS29    (0)   :  0.017 0.963 0.008 0.012 
464   ZFOS30    (0)   :  0.013 0.965 0.016 0.006 
465   ZFOS31    (0)   :  0.111 0.677 0.147 0.066 
466   ZFOS32    (0)   :  0.014 0.962 0.015 0.009 
467   ZFPB01    (0)   :  0.009 0.004 0.003 0.983 
468   ZFPB02    (0)   :  0.004 0.003 0.006 0.987 
469   ZFPB03    (0)   :  0.008 0.017 0.008 0.966 
470   ZFPB05    (0)   :  0.004 0.003 0.004 0.989 
471   ZFPB06    (0)   :  0.009 0.007 0.003 0.981 
472   ZFPB07    (0)   :  0.004 0.003 0.008 0.985 
473   ZFPB08    (0)   :  0.006 0.006 0.006 0.982 
474   ZFPB10    (0)   :  0.005 0.005 0.004 0.987 
475   ZFPB11    (0)   :  0.004 0.004 0.003 0.989 
476   ZFPB12    (0)   :  0.005 0.004 0.003 0.988 
477   ZFPB13    (0)   :  0.007 0.004 0.007 0.982 
478   ZFPB14    (0)   :  0.005 0.004 0.008 0.984 
479   ZFPB15    (0)   :  0.006 0.006 0.009 0.979 
480   ZFPB17    (0)   :  0.006 0.004 0.003 0.987 
481   ZFPB18    (0)   :  0.004 0.003 0.004 0.989 
482   ZFPB19    (0)   :  0.014 0.007 0.006 0.973 
483   ZFPB20    (0)   :  0.005 0.003 0.004 0.988 
484   ZFPB21    (0)   :  0.006 0.005 0.009 0.980 
485   ZFPB22    (0)   :  0.005 0.004 0.003 0.989 
486   ZFPB23    (0)   :  0.006 0.004 0.005 0.985 
487   ZFSF01    (0)   :  0.911 0.005 0.004 0.080 
488   ZFSF02    (0)   :  0.499 0.028 0.038 0.436 
489   ZFSF03    (0)   :  0.901 0.004 0.005 0.090 
490   ZFSF04    (0)   :  0.980 0.007 0.007 0.006 
491  ZFSW101    (0)   :  0.943 0.007 0.045 0.006 
492  ZFSW102    (0)   :  0.979 0.007 0.007 0.007 
493  ZFSW103    (0)   :  0.952 0.013 0.026 0.008 
494  ZFSW104    (9)   :  0.939 0.020 0.024 0.017 
495  ZFSW105    (0)   :  0.965 0.007 0.023 0.005 
496  ZFSW106    (0)   :  0.920 0.010 0.028 0.042 
497  ZFSW107    (0)   :  0.983 0.005 0.007 0.005 
498  ZFSW108    (0)   :  0.986 0.004 0.003 0.007 
499  ZFSW109    (0)   :  0.980 0.009 0.006 0.004 
500  ZFSW110    (0)   :  0.961 0.009 0.024 0.006 
501  ZFSW111    (0)   :  0.908 0.013 0.071 0.008 
502  ZFSW112    (0)   :  0.954 0.025 0.014 0.006 
503  ZFSW113    (0)   :  0.938 0.012 0.033 0.017 
504  ZFSW114    (0)   :  0.980 0.006 0.008 0.006 
505  ZFSW115    (0)   :  0.959 0.006 0.009 0.026 
506  ZFSW116    (0)   :  0.958 0.007 0.022 0.012 
507  ZFSW117    (0)   :  0.939 0.013 0.036 0.012 
508  ZFSW119    (0)   :  0.982 0.006 0.003 0.008 
509  ZFSW120    (0)   :  0.982 0.004 0.002 0.012 
510  ZFSW121    (0)   :  0.926 0.014 0.030 0.031 
511  ZFSW122    (0)   :  0.978 0.008 0.009 0.005 
512  ZFSW123    (0)   :  0.989 0.004 0.003 0.004 
513  ZFSW124    (0)   :  0.984 0.006 0.004 0.006 
514  ZFSW201    (0)   :  0.982 0.006 0.003 0.009 
515  ZFSW202    (0)   :  0.984 0.006 0.004 0.006 
516  ZFSW203    (0)   :  0.983 0.007 0.003 0.007 
517  ZFSW204    (0)   :  0.979 0.008 0.005 0.008 
518  ZFSW205    (0)   :  0.983 0.006 0.005 0.006 
519  ZFSW206    (0)   :  0.978 0.006 0.005 0.012 
520  ZFSW207    (0)   :  0.980 0.007 0.008 0.005 
521  ZFSW208    (0)   :  0.978 0.007 0.005 0.010 
522  ZFSW209    (0)   :  0.950 0.006 0.006 0.038 
523  ZFSW210    (0)   :  0.958 0.018 0.017 0.007 
524  ZFSW211    (0)   :  0.962 0.010 0.009 0.019 
525  ZFSW212    (0)   :  0.979 0.008 0.006 0.007 
526  ZFSW213    (0)   :  0.982 0.009 0.005 0.005 
527  ZFSW214    (0)   :  0.980 0.009 0.006 0.005 
528  ZFSW215    (0)   :  0.986 0.006 0.004 0.005 
529  ZFSW216    (0)   :  0.975 0.010 0.007 0.009 
530  ZFSW217    (0)   :  0.983 0.007 0.005 0.006 
531  ZFSW218    (0)   :  0.981 0.008 0.005 0.006 
532  ZFSW219    (0)   :  0.961 0.013 0.007 0.019 
533  ZFSW220    (0)   :  0.976 0.007 0.005 0.013 
534  ZFSW221    (0)   :  0.969 0.009 0.007 0.014 
535  ZFSW222    (0)   :  0.987 0.004 0.003 0.006 
536  ZFSW223    (0)   :  0.976 0.006 0.004 0.014 
537  ZFSW224    (0)   :  0.971 0.010 0.006 0.013 
538  ZFSW225    (0)   :  0.980 0.008 0.005 0.007 
539  ZFSW226    (0)   :  0.984 0.006 0.005 0.005 
540  ZFSW227    (0)   :  0.983 0.006 0.004 0.006 
541  ZFSW229    (0)   :  0.981 0.006 0.004 0.009 
542  ZFSW230    (0)   :  0.978 0.007 0.010 0.005 
543  ZFSW231    (0)   :  0.976 0.006 0.005 0.013 
544  ZFSW232    (0)   :  0.984 0.005 0.004 0.007 
545  ZFSW233    (0)   :  0.974 0.006 0.007 0.013 
546  ZFSW234    (0)   :  0.988 0.005 0.003 0.004 
547  ZFSW235    (0)   :  0.976 0.010 0.005 0.009 
548  ZFSW236    (0)   :  0.986 0.006 0.005 0.004 
549  ZFSW237    (0)   :  0.977 0.009 0.005 0.009 
550  ZFSW238    (0)   :  0.817 0.041 0.034 0.107 
551  ZFSW239    (0)   :  0.984 0.004 0.007 0.005 
552  ZFSW240    (0)   :  0.986 0.005 0.004 0.006 
553   ZFTS01    (0)   :  0.977 0.003 0.005 0.015 
554   ZFTS02    (0)   :  0.981 0.005 0.007 0.007 
555   ZFTS03    (0)   :  0.984 0.004 0.005 0.007 
556   ZFTS04    (0)   :  0.976 0.004 0.004 0.016 
557   ZFTS05    (0)   :  0.784 0.008 0.005 0.203 
558   ZFTS07    (0)   :  0.925 0.004 0.004 0.067 
559   ZFTS08    (0)   :  0.983 0.004 0.003 0.010 
560   ZFTS09    (0)   :  0.975 0.003 0.003 0.019 
561   ZFTS10    (0)   :  0.984 0.004 0.004 0.008 
562   ZFTS11    (0)   :  0.979 0.004 0.004 0.014 
563   ZFTS12    (0)   :  0.967 0.007 0.004 0.022 
564   ZFTS14    (0)   :  0.950 0.004 0.005 0.041 
565   ZFTS15    (0)   :  0.930 0.004 0.007 0.059 
566   ZFTS16    (0)   :  0.981 0.005 0.006 0.008 
567   ZFTS17    (9)   :  0.959 0.007 0.005 0.030 
568   ZFTS18    (0)   :  0.987 0.004 0.003 0.006 
569   ZFTS19    (9)   :  0.986 0.004 0.003 0.007 
570   ZFTS20    (0)   :  0.976 0.005 0.003 0.015 
571   ZFTS21    (0)   :  0.975 0.004 0.003 0.018 
572   ZFTS22    (0)   :  0.976 0.005 0.003 0.017 
573   ZFTS23    (0)   :  0.971 0.006 0.006 0.017 
574   ZFTS24    (0)   :  0.984 0.006 0.004 0.007 
575   ZFTS25    (0)   :  0.966 0.004 0.007 0.024 
576   ZFTS26    (0)   :  0.989 0.003 0.003 0.005 
577   ZFTS27    (0)   :  0.938 0.006 0.006 0.050 
578   ZFTS28    (0)   :  0.710 0.012 0.011 0.267 
579   ZFTS29    (0)   :  0.960 0.004 0.003 0.033 
580   ZFTS30    (0)   :  0.934 0.004 0.004 0.059 
581   ZFTS31    (0)   :  0.959 0.008 0.004 0.028 
582   ZFTS32    (0)   :  0.965 0.005 0.004 0.025 
583   ZFTS33    (0)   :  0.960 0.006 0.006 0.028 
584   ZFTS34    (0)   :  0.983 0.003 0.005 0.008 
585   ZFTS35    (0)   :  0.986 0.004 0.004 0.006 
586   ZFTS36    (0)   :  0.973 0.004 0.004 0.018 
587   ZFTS37    (0)   :  0.981 0.005 0.004 0.010 
588   ZFTS38    (0)   :  0.969 0.005 0.005 0.021 
589   ZFTS39    (0)   :  0.981 0.004 0.004 0.011 
590   ZFTS40    (0)   :  0.933 0.007 0.015 0.045 
591 ZFTSP101    (0)   :  0.004 0.069 0.922 0.005 
592 ZFTSP102    (0)   :  0.007 0.948 0.038 0.006 
593 ZFTSP103    (0)   :  0.004 0.965 0.027 0.004 
594 ZFTSP104    (0)   :  0.003 0.006 0.986 0.005 
595 ZFTSP105    (0)   :  0.005 0.762 0.226 0.006 
596 ZFTSP106    (0)   :  0.004 0.009 0.980 0.008 
597 ZFTSP107    (0)   :  0.004 0.105 0.883 0.008 
598 ZFTSP108    (0)   :  0.003 0.032 0.957 0.008 
599 ZFTSP109    (0)   :  0.004 0.013 0.971 0.011 
600 ZFTSP110    (0)   :  0.004 0.014 0.976 0.006 
601 ZFTSP111    (0)   :  0.004 0.020 0.971 0.005 
602 ZFTSP112    (0)   :  0.005 0.077 0.913 0.005 
603 ZFTSP113    (0)   :  0.004 0.014 0.972 0.010 
604 ZFTSP114    (0)   :  0.003 0.034 0.957 0.006 
605 ZFTSP115    (0)   :  0.003 0.031 0.960 0.005 
606 ZFTSP116    (0)   :  0.004 0.076 0.913 0.007 
607 ZFTSP117    (0)   :  0.004 0.008 0.984 0.004 
608 ZFTSP118    (0)   :  0.005 0.110 0.880 0.005 
609 ZFTSP119    (0)   :  0.040 0.011 0.907 0.043 
610 ZFTSP120    (0)   :  0.005 0.037 0.955 0.003 
611 ZFTSP121    (0)   :  0.020 0.318 0.604 0.058 
612 ZFTSP122    (0)   :  0.003 0.177 0.815 0.004 
613 ZFTSP123    (0)   :  0.003 0.007 0.986 0.005 
614 ZFTSP124    (0)   :  0.003 0.014 0.978 0.005 
615 ZFTSP125    (0)   :  0.002 0.007 0.985 0.005 
616 ZFTSP126    (0)   :  0.004 0.017 0.972 0.007 
617 ZFTSP127    (0)   :  0.003 0.012 0.981 0.005 
618 ZFTSP128    (0)   :  0.003 0.042 0.949 0.005 
619 ZFTSP129    (0)   :  0.003 0.025 0.968 0.004 
620 ZFTSP130    (0)   :  0.003 0.014 0.979 0.005 
621 ZFTSP131    (0)   :  0.003 0.014 0.980 0.004 
622 ZFTSP132    (0)   :  0.006 0.039 0.948 0.007 
623 ZFTSP133    (0)   :  0.003 0.038 0.956 0.003 
624 ZFTSP134    (0)   :  0.003 0.040 0.953 0.005 
625 ZFTSP135    (0)   :  0.004 0.048 0.944 0.004 
626 ZFTSP136    (0)   :  0.004 0.022 0.970 0.004 
627 ZFTSP137    (0)   :  0.011 0.059 0.899 0.031 
628 ZFTSP138    (0)   :  0.004 0.023 0.967 0.006 
629 ZFTSP139    (0)   :  0.003 0.007 0.987 0.003 
630 ZFTSP140    (0)   :  0.005 0.092 0.889 0.013 
631 ZFTSP141    (0)   :  0.008 0.191 0.794 0.007 
632 ZFTSP142    (0)   :  0.005 0.525 0.460 0.010 
633 ZFTSP143    (0)   :  0.004 0.030 0.962 0.005 
634 ZFTSP144    (0)   :  0.008 0.191 0.794 0.006 
635 ZFTSP145    (0)   :  0.004 0.506 0.486 0.004 
636 ZFTSP201    (9)   :  0.004 0.014 0.976 0.007 
637 ZFTSP202    (0)   :  0.004 0.193 0.784 0.019 
638 ZFTSP203    (0)   :  0.005 0.011 0.980 0.005 
639 ZFTSP204    (0)   :  0.006 0.030 0.960 0.004 
640 ZFTSP205    (0)   :  0.006 0.073 0.909 0.011 
641 ZFTSP206    (0)   :  0.006 0.015 0.973 0.005 
642 ZFTSP207    (0)   :  0.006 0.005 0.985 0.004 
643 ZFTSP208    (0)   :  0.010 0.015 0.970 0.005 
644 ZFTSP209    (0)   :  0.004 0.025 0.967 0.004 
645 ZFTSP210    (0)   :  0.004 0.006 0.985 0.004 
646 ZFTSP211    (0)   :  0.007 0.052 0.933 0.009 
647 ZFTSP212    (0)   :  0.003 0.008 0.987 0.003 
648 ZFTSP213    (0)   :  0.003 0.010 0.979 0.008 
649 ZFTSP214    (0)   :  0.004 0.867 0.124 0.005 
650 ZFTSP215    (0)   :  0.005 0.170 0.820 0.005 
651 ZFTSP216    (0)   :  0.017 0.200 0.722 0.061 
652 ZFTSP217    (0)   :  0.003 0.006 0.983 0.007 
653 ZFTSP218    (0)   :  0.005 0.010 0.979 0.006 
654 ZFTSP219    (0)   :  0.008 0.094 0.890 0.008 
655 ZFTSP220    (0)   :  0.009 0.043 0.926 0.022 
656 ZFTSP221    (0)   :  0.004 0.016 0.971 0.008 
657 ZFTSP222    (0)   :  0.008 0.013 0.818 0.162 
658 ZFTSP223    (0)   :  0.003 0.018 0.975 0.004 
659 ZFTSP224    (0)   :  0.003 0.305 0.686 0.006 
660 ZFTSP225    (0)   :  0.005 0.015 0.975 0.006 
661 ZFTSP226    (0)   :  0.004 0.154 0.836 0.006 
662 ZFTSP227    (0)   :  0.004 0.013 0.967 0.016 
663 ZFTSP228    (0)   :  0.006 0.250 0.725 0.019 
664    ZFW01    (0)   :  0.984 0.005 0.006 0.005 
665    ZFW02    (0)   :  0.984 0.005 0.005 0.007 
666    ZFW03    (0)   :  0.986 0.005 0.004 0.005 
667    ZFW04    (0)   :  0.987 0.005 0.003 0.005 
668    ZFW05    (0)   :  0.806 0.059 0.017 0.119 
669    ZFW06    (0)   :  0.974 0.006 0.004 0.017 
670   ZFWB01    (0)   :  0.041 0.039 0.063 0.857 
671   ZFWB02    (0)   :  0.281 0.036 0.017 0.665 
672   ZFWB03    (0)   :  0.021 0.029 0.024 0.926 
673   ZFWB05    (0)   :  0.125 0.018 0.088 0.770 
674   ZFWB06    (0)   :  0.149 0.038 0.071 0.742 
675   ZFWB07    (0)   :  0.010 0.017 0.018 0.955 
676   ZFWB10    (0)   :  0.164 0.024 0.137 0.676 
677   ZFWB11    (0)   :  0.009 0.012 0.013 0.966 
678   ZFWB12    (0)   :  0.041 0.094 0.038 0.828 
679   ZFWB13    (9)   :  0.014 0.262 0.090 0.634 
680   ZFWB14    (0)   :  0.020 0.015 0.058 0.906 
681   ZFWB15    (9)   :  0.132 0.023 0.050 0.794 
682   ZFWB18    (0)   :  0.005 0.015 0.027 0.953 
683   ZFWB19    (0)   :  0.021 0.008 0.007 0.964 
684   ZFWB20    (0)   :  0.013 0.006 0.011 0.969 
685   ZFWB21    (0)   :  0.011 0.018 0.015 0.955 
686   ZFWB22    (0)   :  0.093 0.037 0.049 0.821 
687   ZFWB23    (0)   :  0.034 0.291 0.349 0.327 
688   ZFWB24    (0)   :  0.026 0.016 0.047 0.911 
689   ZFWB25    (0)   :  0.108 0.016 0.034 0.842 
690   ZFWB26    (0)   :  0.019 0.008 0.009 0.963 
691   ZFWB27    (0)   :  0.015 0.011 0.013 0.961 
692   ZFWB29    (0)   :  0.122 0.013 0.012 0.853 
693   ZFWB30    (0)   :  0.008 0.028 0.012 0.951 
694   ZFWB31    (0)   :  0.007 0.020 0.027 0.946 
695   ZFWB32    (9)   :  0.032 0.016 0.015 0.938 
696   ZFWB35    (0)   :  0.005 0.015 0.011 0.968 
697   ZFWB36    (0)   :  0.015 0.019 0.016 0.950 
698   ZFWB37    (0)   :  0.013 0.014 0.016 0.957 
699   ZFWB38    (0)   :  0.027 0.008 0.016 0.949 
700   ZFWB39    (9)   :  0.010 0.043 0.030 0.917 
701   ZFWB40    (0)   :  0.009 0.037 0.024 0.930 
702   ZFWB41    (9)   :  0.022 0.035 0.044 0.900 
703   ZFWB42    (0)   :  0.008 0.017 0.030 0.946 
704   ZFWB43    (0)   :  0.006 0.009 0.009 0.977 
705   ZFWB44    (0)   :  0.088 0.009 0.008 0.894 
706   ZFWB46    (0)   :  0.014 0.013 0.011 0.962 
707   ZFWB47    (9)   :  0.064 0.020 0.023 0.893 
708   ZFWB48    (0)   :  0.009 0.025 0.035 0.932 
709   ZFWB49    (0)   :  0.013 0.020 0.250 0.717 
710    ZCF01    (0)   :  0.017 0.012 0.005 0.966 
711    ZCF02    (0)   :  0.118 0.006 0.004 0.873 
712    ZCF03    (0)   :  0.009 0.006 0.005 0.979 
713    ZCF04    (0)   :  0.005 0.004 0.005 0.986 
714    ZCF05    (0)   :  0.169 0.006 0.004 0.822 
715    ZCF06    (0)   :  0.005 0.057 0.011 0.927 
716    ZCF07    (0)   :  0.017 0.006 0.004 0.973 
717    ZCF08    (0)   :  0.005 0.007 0.006 0.982 
718    ZCF09    (0)   :  0.008 0.090 0.199 0.703 
719    ZCF10    (0)   :  0.013 0.012 0.016 0.959 
720    ZCF11    (0)   :  0.012 0.007 0.008 0.973 
721    ZCF12    (0)   :  0.010 0.004 0.004 0.983 
722    ZCF13    (0)   :  0.010 0.004 0.007 0.979 
723    ZCF14    (0)   :  0.055 0.019 0.019 0.907 
724    ZCF15    (0)   :  0.008 0.007 0.004 0.981 
725    ZCF16    (0)   :  0.007 0.010 0.004 0.980 
726    ZCF17    (0)   :  0.007 0.006 0.004 0.983 
727    ZCF18    (0)   :  0.011 0.005 0.006 0.978 
728    ZCF19    (0)   :  0.028 0.007 0.004 0.961 
729    ZCF20    (0)   :  0.015 0.007 0.012 0.967 
730    ZCF21    (0)   :  0.012 0.008 0.005 0.976 
731    ZCF22    (0)   :  0.031 0.014 0.008 0.946 
732    ZCF23    (0)   :  0.013 0.004 0.006 0.976 
733    ZCF24    (0)   :  0.004 0.040 0.022 0.934 
734    ZCF25    (0)   :  0.005 0.009 0.009 0.977 
735    ZCF26    (0)   :  0.006 0.038 0.007 0.949 
736    ZCF27    (0)   :  0.010 0.007 0.004 0.980 
737    ZCF28    (0)   :  0.015 0.008 0.003 0.974 
738    ZCF29    (0)   :  0.010 0.019 0.020 0.952 
739    ZCF30    (0)   :  0.005 0.007 0.004 0.983 
740    ZCF31    (0)   :  0.011 0.003 0.004 0.981 
741    ZCF32    (0)   :  0.096 0.006 0.006 0.892 
742    ZCF33    (0)   :  0.103 0.005 0.004 0.888 
743    ZCF34    (0)   :  0.017 0.010 0.114 0.860 
744    ZCF35    (0)   :  0.005 0.005 0.007 0.983 
745    ZCF36    (0)   :  0.287 0.009 0.017 0.687 
746    ZCF37    (0)   :  0.019 0.006 0.008 0.968 
747    ZCF38    (0)   :  0.005 0.008 0.007 0.980 
748    ZCF39    (0)   :  0.011 0.006 0.645 0.338 
749    ZCF40    (0)   :  0.006 0.020 0.013 0.961 
750    ZCF41    (0)   :  0.020 0.014 0.004 0.963 
751    ZCF42    (0)   :  0.005 0.040 0.008 0.947 


Estimated Allele Frequencies in each cluster
First column gives estimated ancestral frequencies


Locus 1 : 
11 alleles
0.0% missing data
 206   (0.189) 0.187 0.366 0.255 0.126 
 204   (0.364) 0.551 0.575 0.623 0.681 
 222   (0.067) 0.083 0.001 0.000 0.067 
 218   (0.073) 0.112 0.037 0.070 0.002 
 216   (0.026) 0.000 0.000 0.006 0.001 
 208   (0.043) 0.000 0.000 0.030 0.005 
 224   (0.076) 0.054 0.020 0.000 0.021 
 220   (0.083) 0.012 0.001 0.015 0.085 
