

----------------------------------------------------
STRUCTURE by Pritchard, Stephens and Donnelly (2000)
     and Falush, Stephens and Pritchard (2003)
       Code by Pritchard, Falush and Hubisz
             Version 2.3.4 (Jul 2012)
----------------------------------------------------



Command line arguments:   bin\structure -m C:\Users\eschumacher\Documents\GitHub\GCC_QUAC_ZAIN\Data_Files\Structure_Files\ZAIN\ZAIN_wild_rebinned_nopopinfo\50-50\mainparams -e C:\Users\eschumacher\Documents\GitHub\GCC_QUAC_ZAIN\Data_Files\Structure_Files\ZAIN\ZAIN_wild_rebinned_nopopinfo\50-50\extraparams 
Input File:    C:\Users\eschumacher\Documents\GitHub\GCC_QUAC_ZAIN\Data_Files\Structure_Files\ZAIN\ZAIN_wild_rebinned_nopopinfo\project_data

Run parameters:
   751 individuals
   11 loci
   13 populations assumed
   50000 Burn-in period
   50000 Reps


--------------------------------------------
Overall proportion of membership of the
sample in each of the 13 clusters

Inferred Clusters
  1      2      3      4      5      6      7      8      9     10     11     12     13    
0.088  0.063  0.067  0.051  0.059  0.072  0.085  0.058  0.153  0.063  0.090  0.117  0.033  

--------------------------------------------

Allele-freq. divergence among pops (Net nucleotide distance),
computed using point estimates of P.

      1       2       3       4       5       6       7       8       9      10      11      12      13      
 1      -    0.1229  0.1988  0.3503  0.1860  0.1879  0.1542  0.2669  0.2085  0.2041  0.2194  0.1717  0.1963  
 2   0.1229     -    0.2526  0.2657  0.1203  0.1174  0.0702  0.1348  0.1297  0.1985  0.0978  0.1380  0.1838  
 3   0.1988  0.2526     -    0.4500  0.2496  0.3070  0.1990  0.3732  0.2447  0.2932  0.2949  0.1399  0.2447  
 4   0.3503  0.2657  0.4500     -    0.3752  0.3671  0.1817  0.2230  0.3790  0.4591  0.3092  0.3670  0.3210  
 5   0.1860  0.1203  0.2496  0.3752     -    0.2071  0.1157  0.2384  0.1779  0.1884  0.2270  0.1331  0.1883  
 6   0.1879  0.1174  0.3070  0.3671  0.2071     -    0.1237  0.1771  0.2789  0.3914  0.1046  0.2783  0.2843  
 7   0.1542  0.0702  0.1990  0.1817  0.1157  0.1237     -    0.1418  0.2026  0.2787  0.1351  0.1636  0.1588  
 8   0.2669  0.1348  0.3732  0.2230  0.2384  0.1771  0.1418     -    0.2991  0.3568  0.1526  0.3007  0.2402  
 9   0.2085  0.1297  0.2447  0.3790  0.1779  0.2789  0.2026  0.2991     -    0.1131  0.2508  0.0488  0.2085  
10   0.2041  0.1985  0.2932  0.4591  0.1884  0.3914  0.2787  0.3568  0.1131     -    0.3731  0.1251  0.2819  
11   0.2194  0.0978  0.2949  0.3092  0.2270  0.1046  0.1351  0.1526  0.2508  0.3731     -    0.2524  0.2632  
12   0.1717  0.1380  0.1399  0.3670  0.1331  0.2783  0.1636  0.3007  0.0488  0.1251  0.2524     -    0.1917  
13   0.1963  0.1838  0.2447  0.3210  0.1883  0.2843  0.1588  0.2402  0.2085  0.2819  0.2632  0.1917     -    

Average distances (expected heterozygosity) between individuals in same cluster:
cluster  1  : 0.3970 
cluster  2  : 0.6090 
cluster  3  : 0.2282 
cluster  4  : 0.2524 
cluster  5  : 0.3858 
cluster  6  : 0.3059 
cluster  7  : 0.5339 
cluster  8  : 0.3769 
cluster  9  : 0.4032 
cluster 10  : 0.3609 
cluster 11  : 0.4673 
cluster 12  : 0.4285 
cluster 13  : 0.2404 

--------------------------------------------
Estimated Ln Prob of Data   = -13087.5
Mean value of ln likelihood = -12633.6
Variance of ln likelihood   = 907.9
Mean value of alpha         = 0.0313

Mean value of Fst_1         = 0.4104
Mean value of Fst_2         = 0.1321
Mean value of Fst_3         = 0.6716
Mean value of Fst_4         = 0.6282
Mean value of Fst_5         = 0.4241
Mean value of Fst_6         = 0.4984
Mean value of Fst_7         = 0.1400
Mean value of Fst_8         = 0.5429
Mean value of Fst_9         = 0.3984
Mean value of Fst_10         = 0.4625
Mean value of Fst_11         = 0.4539
Mean value of Fst_12         = 0.4388
Mean value of Fst_13         = 0.6524


Inferred ancestry of individuals:
        Label (%Miss) :  Inferred clusters
  1    ZFB01    (0)   :  0.004 0.004 0.003 0.005 0.003 0.010 0.003 0.007 0.003 0.003 0.950 0.003 0.002 
  2    ZFB02    (0)   :  0.011 0.023 0.002 0.014 0.004 0.012 0.006 0.071 0.003 0.003 0.841 0.003 0.007 
  3    ZFB03    (0)   :  0.006 0.018 0.020 0.003 0.011 0.020 0.016 0.007 0.010 0.002 0.868 0.013 0.005 
  4    ZFB04    (0)   :  0.005 0.009 0.002 0.011 0.003 0.007 0.006 0.036 0.004 0.003 0.904 0.003 0.008 
  5    ZFB05    (0)   :  0.008 0.009 0.009 0.080 0.021 0.010 0.041 0.052 0.003 0.010 0.710 0.004 0.042 
  6    ZFB06    (0)   :  0.007 0.007 0.008 0.074 0.019 0.008 0.039 0.021 0.003 0.010 0.780 0.005 0.019 
  7    ZFB07    (9)   :  0.004 0.013 0.005 0.011 0.012 0.082 0.043 0.007 0.006 0.006 0.801 0.005 0.006 
  8    ZFB08    (0)   :  0.007 0.013 0.005 0.003 0.024 0.022 0.007 0.013 0.008 0.008 0.872 0.008 0.010 
  9    ZFB09    (0)   :  0.004 0.005 0.003 0.003 0.004 0.008 0.003 0.004 0.003 0.003 0.955 0.002 0.003 
 10    ZFB10    (0)   :  0.005 0.014 0.002 0.004 0.005 0.004 0.004 0.007 0.017 0.006 0.916 0.008 0.007 
 11    ZFB11    (0)   :  0.004 0.005 0.002 0.010 0.003 0.004 0.003 0.005 0.004 0.002 0.949 0.003 0.004 
 12    ZFB12    (0)   :  0.004 0.013 0.004 0.020 0.021 0.005 0.010 0.022 0.006 0.003 0.883 0.006 0.003 
 13    ZFB13    (0)   :  0.004 0.026 0.004 0.003 0.013 0.006 0.006 0.014 0.011 0.008 0.881 0.009 0.014 
 14    ZFB14    (0)   :  0.005 0.008 0.003 0.002 0.004 0.006 0.003 0.004 0.004 0.003 0.950 0.003 0.005 
 15    ZFB15    (0)   :  0.002 0.004 0.002 0.005 0.003 0.006 0.003 0.010 0.002 0.002 0.955 0.002 0.003 
 16    ZFB16    (0)   :  0.003 0.009 0.003 0.004 0.009 0.005 0.005 0.018 0.007 0.004 0.916 0.007 0.011 
 17    ZFB17    (0)   :  0.013 0.015 0.002 0.023 0.030 0.006 0.008 0.010 0.008 0.009 0.841 0.007 0.028 
 18    ZFB18    (0)   :  0.004 0.007 0.002 0.003 0.003 0.004 0.003 0.003 0.003 0.003 0.960 0.002 0.002 
 19    ZFB19    (0)   :  0.004 0.345 0.006 0.005 0.035 0.030 0.037 0.010 0.031 0.008 0.459 0.025 0.005 
 20    ZFB20    (0)   :  0.003 0.012 0.003 0.015 0.009 0.005 0.005 0.030 0.007 0.005 0.880 0.005 0.020 
 21    ZFB21    (0)   :  0.003 0.003 0.003 0.006 0.003 0.006 0.005 0.007 0.002 0.002 0.953 0.003 0.003 
 22    ZFB22    (0)   :  0.008 0.012 0.002 0.022 0.010 0.004 0.007 0.024 0.007 0.008 0.882 0.009 0.005 
 23    ZFB23    (0)   :  0.003 0.006 0.003 0.012 0.003 0.003 0.004 0.006 0.004 0.002 0.946 0.003 0.005 
 24    ZFB24    (0)   :  0.003 0.005 0.002 0.016 0.003 0.004 0.003 0.009 0.004 0.003 0.939 0.003 0.005 
 25    ZFB25    (0)   :  0.004 0.004 0.003 0.004 0.003 0.004 0.003 0.003 0.008 0.003 0.955 0.005 0.003 
 26    ZFB26    (0)   :  0.004 0.004 0.003 0.026 0.003 0.003 0.004 0.007 0.006 0.003 0.923 0.005 0.010 
 27    ZFB27    (0)   :  0.003 0.004 0.002 0.052 0.002 0.004 0.004 0.006 0.004 0.002 0.910 0.003 0.003 
 28    ZFB28    (0)   :  0.008 0.016 0.004 0.127 0.011 0.004 0.019 0.010 0.005 0.003 0.780 0.005 0.009 
 29    ZFB29    (0)   :  0.004 0.007 0.002 0.007 0.003 0.004 0.004 0.008 0.003 0.002 0.946 0.002 0.007 
 30    ZFB30    (0)   :  0.003 0.007 0.007 0.182 0.015 0.022 0.079 0.007 0.003 0.012 0.654 0.004 0.004 
 31    ZFB31    (0)   :  0.004 0.010 0.003 0.006 0.003 0.005 0.004 0.004 0.009 0.004 0.939 0.005 0.003 
 32    ZFB32    (0)   :  0.020 0.016 0.006 0.062 0.032 0.007 0.023 0.016 0.009 0.004 0.777 0.009 0.020 
 33    ZFB33    (0)   :  0.003 0.004 0.002 0.005 0.003 0.005 0.003 0.007 0.003 0.002 0.958 0.002 0.003 
 34    ZFB34    (0)   :  0.006 0.006 0.003 0.003 0.004 0.018 0.004 0.005 0.004 0.003 0.939 0.003 0.004 
 35    ZFB35    (0)   :  0.004 0.005 0.004 0.005 0.004 0.012 0.004 0.010 0.005 0.003 0.936 0.004 0.005 
 36  ZFBP101    (0)   :  0.050 0.012 0.013 0.003 0.011 0.005 0.007 0.010 0.237 0.037 0.009 0.527 0.079 
 37  ZFBP102    (0)   :  0.009 0.013 0.004 0.003 0.008 0.006 0.008 0.016 0.263 0.012 0.014 0.612 0.034 
 38  ZFBP103    (0)   :  0.075 0.011 0.016 0.002 0.006 0.003 0.006 0.009 0.057 0.012 0.007 0.757 0.038 
 39  ZFBP104    (0)   :  0.003 0.017 0.007 0.003 0.028 0.021 0.013 0.009 0.230 0.007 0.018 0.639 0.005 
 40  ZFBP105    (0)   :  0.005 0.007 0.012 0.004 0.007 0.005 0.006 0.004 0.713 0.006 0.006 0.219 0.007 
 41  ZFBP106    (0)   :  0.006 0.004 0.017 0.003 0.006 0.003 0.003 0.003 0.780 0.009 0.003 0.152 0.011 
 42  ZFBP107    (0)   :  0.006 0.007 0.013 0.028 0.007 0.004 0.013 0.006 0.421 0.004 0.007 0.448 0.036 
 43  ZFBP108    (0)   :  0.003 0.003 0.006 0.003 0.003 0.003 0.003 0.003 0.954 0.004 0.003 0.010 0.004 
 44  ZFBP109    (0)   :  0.004 0.008 0.004 0.002 0.004 0.005 0.005 0.002 0.936 0.005 0.003 0.019 0.004 
 45  ZFBP110    (0)   :  0.020 0.063 0.073 0.003 0.009 0.009 0.020 0.008 0.262 0.006 0.042 0.455 0.031 
 46  ZFBP111    (0)   :  0.004 0.004 0.008 0.003 0.013 0.003 0.004 0.003 0.269 0.106 0.002 0.578 0.004 
 47  ZFBP112    (0)   :  0.014 0.005 0.012 0.006 0.007 0.004 0.004 0.004 0.841 0.053 0.003 0.030 0.015 
 48  ZFBP113    (0)   :  0.003 0.004 0.003 0.004 0.006 0.004 0.004 0.003 0.946 0.003 0.003 0.013 0.004 
 49  ZFBP114    (0)   :  0.006 0.004 0.005 0.012 0.003 0.004 0.009 0.004 0.685 0.010 0.003 0.233 0.023 
 50  ZFBP115    (0)   :  0.007 0.004 0.014 0.003 0.007 0.002 0.004 0.003 0.073 0.011 0.002 0.863 0.007 
 51  ZFBP116    (0)   :  0.004 0.004 0.006 0.004 0.009 0.003 0.005 0.003 0.920 0.005 0.002 0.030 0.005 
 52  ZFBP117    (0)   :  0.008 0.004 0.005 0.002 0.004 0.003 0.003 0.002 0.940 0.007 0.003 0.014 0.004 
 53  ZFBP118    (0)   :  0.004 0.003 0.004 0.014 0.003 0.003 0.012 0.004 0.820 0.015 0.003 0.096 0.019 
 54  ZFBP119    (0)   :  0.031 0.005 0.019 0.002 0.013 0.004 0.005 0.003 0.451 0.017 0.003 0.430 0.016 
 55  ZFBP120    (0)   :  0.004 0.006 0.010 0.004 0.007 0.006 0.006 0.004 0.628 0.005 0.006 0.309 0.006 
 56  ZFBP121    (0)   :  0.008 0.006 0.007 0.003 0.004 0.005 0.004 0.003 0.915 0.005 0.005 0.030 0.007 
 57  ZFBP122    (9)   :  0.004 0.004 0.006 0.003 0.007 0.004 0.004 0.003 0.844 0.009 0.003 0.103 0.006 
 58  ZFBP123    (0)   :  0.008 0.005 0.005 0.007 0.009 0.004 0.004 0.004 0.883 0.014 0.003 0.015 0.039 
 59  ZFBP124    (0)   :  0.004 0.004 0.005 0.004 0.004 0.007 0.004 0.003 0.939 0.004 0.005 0.012 0.007 
 60  ZFBP125    (0)   :  0.007 0.003 0.008 0.002 0.004 0.002 0.003 0.002 0.914 0.015 0.002 0.031 0.005 
 61  ZFBP126    (0)   :  0.016 0.032 0.003 0.003 0.018 0.004 0.013 0.014 0.719 0.006 0.009 0.144 0.019 
 62  ZFBP127    (0)   :  0.021 0.003 0.083 0.003 0.003 0.004 0.004 0.003 0.656 0.005 0.003 0.206 0.007 
 63  ZFBP128    (0)   :  0.018 0.004 0.015 0.002 0.004 0.003 0.002 0.002 0.876 0.028 0.004 0.032 0.008 
 64  ZFBP129    (0)   :  0.008 0.006 0.007 0.002 0.005 0.006 0.005 0.003 0.821 0.119 0.004 0.008 0.008 
 65  ZFBP130    (0)   :  0.026 0.004 0.013 0.004 0.009 0.002 0.003 0.002 0.815 0.063 0.002 0.047 0.011 
 66  ZFBP131    (0)   :  0.003 0.004 0.003 0.004 0.005 0.004 0.003 0.004 0.955 0.005 0.003 0.005 0.003 
 67  ZFBP132    (0)   :  0.004 0.004 0.013 0.003 0.003 0.003 0.003 0.002 0.941 0.003 0.004 0.012 0.004 
 68  ZFBP133    (0)   :  0.008 0.005 0.003 0.002 0.006 0.004 0.002 0.002 0.849 0.105 0.002 0.010 0.003 
 69  ZFBP134    (0)   :  0.012 0.005 0.005 0.003 0.009 0.003 0.003 0.003 0.043 0.010 0.003 0.898 0.003 
 70  ZFBP135    (0)   :  0.192 0.039 0.016 0.002 0.006 0.005 0.006 0.007 0.469 0.017 0.014 0.177 0.049 
 71  ZFBP136    (0)   :  0.050 0.006 0.015 0.010 0.007 0.004 0.004 0.005 0.430 0.044 0.003 0.261 0.161 
 72  ZFBP201    (0)   :  0.005 0.007 0.010 0.008 0.007 0.004 0.005 0.004 0.923 0.004 0.005 0.014 0.005 
 73  ZFBP202    (0)   :  0.004 0.005 0.008 0.003 0.005 0.007 0.004 0.003 0.914 0.008 0.005 0.029 0.005 
 74  ZFBP203    (0)   :  0.005 0.011 0.004 0.056 0.026 0.005 0.020 0.018 0.810 0.016 0.005 0.018 0.007 
 75  ZFBP204    (0)   :  0.012 0.007 0.017 0.005 0.010 0.005 0.005 0.004 0.638 0.021 0.004 0.236 0.039 
 76  ZFBP205    (0)   :  0.007 0.005 0.002 0.005 0.005 0.003 0.003 0.003 0.938 0.009 0.002 0.007 0.011 
 77  ZFBP206    (0)   :  0.007 0.005 0.004 0.007 0.011 0.006 0.004 0.005 0.878 0.038 0.003 0.008 0.025 
 78  ZFBP207    (0)   :  0.013 0.005 0.074 0.004 0.004 0.004 0.004 0.003 0.588 0.008 0.004 0.279 0.008 
 79  ZFBP208    (0)   :  0.005 0.005 0.003 0.012 0.014 0.004 0.005 0.006 0.908 0.008 0.003 0.011 0.015 
 80  ZFBP209    (0)   :  0.008 0.004 0.003 0.002 0.004 0.003 0.002 0.002 0.907 0.051 0.002 0.009 0.003 
 81  ZFBP210    (0)   :  0.005 0.004 0.010 0.011 0.011 0.004 0.005 0.005 0.908 0.009 0.004 0.018 0.006 
 82  ZFBP211    (0)   :  0.004 0.004 0.008 0.003 0.005 0.006 0.004 0.004 0.935 0.004 0.005 0.010 0.008 
 83  ZFBP212    (0)   :  0.003 0.003 0.034 0.003 0.003 0.004 0.003 0.003 0.650 0.005 0.008 0.278 0.003 
 84  ZFBP213    (0)   :  0.009 0.006 0.009 0.004 0.011 0.014 0.005 0.005 0.887 0.010 0.004 0.010 0.025 
 85  ZFBP214    (0)   :  0.038 0.022 0.038 0.004 0.042 0.018 0.008 0.003 0.645 0.117 0.007 0.037 0.019 
 86  ZFBP215    (0)   :  0.005 0.004 0.005 0.002 0.004 0.004 0.003 0.002 0.947 0.006 0.003 0.009 0.004 
 87  ZFBP216    (0)   :  0.005 0.007 0.005 0.007 0.027 0.004 0.009 0.005 0.744 0.005 0.004 0.172 0.005 
 88  ZFBP217    (0)   :  0.007 0.007 0.040 0.005 0.026 0.007 0.007 0.003 0.579 0.197 0.006 0.111 0.004 
 89  ZFBP218    (0)   :  0.003 0.003 0.003 0.004 0.006 0.004 0.003 0.003 0.944 0.010 0.002 0.013 0.003 
 90  ZFBP219    (0)   :  0.003 0.004 0.003 0.004 0.006 0.003 0.004 0.003 0.948 0.004 0.002 0.013 0.004 
 91  ZFBP220    (0)   :  0.021 0.004 0.012 0.004 0.007 0.003 0.004 0.003 0.574 0.033 0.003 0.325 0.008 
 92  ZFBP221    (0)   :  0.003 0.004 0.008 0.004 0.005 0.004 0.003 0.003 0.460 0.008 0.004 0.493 0.003 
 93  ZFBP222    (0)   :  0.007 0.007 0.003 0.004 0.006 0.005 0.004 0.004 0.941 0.006 0.003 0.006 0.005 
 94  ZFBP223    (0)   :  0.007 0.007 0.184 0.006 0.006 0.006 0.006 0.003 0.596 0.009 0.008 0.154 0.008 
 95  ZFBP224    (0)   :  0.005 0.005 0.005 0.004 0.007 0.007 0.005 0.004 0.928 0.005 0.003 0.011 0.013 
 96  ZFBP225    (0)   :  0.012 0.007 0.022 0.012 0.015 0.003 0.008 0.005 0.242 0.229 0.003 0.432 0.010 
 97  ZFBP226    (0)   :  0.004 0.004 0.005 0.005 0.005 0.003 0.004 0.004 0.929 0.004 0.003 0.026 0.005 
 98  ZFBP227    (0)   :  0.005 0.016 0.008 0.004 0.124 0.020 0.025 0.010 0.354 0.007 0.009 0.412 0.008 
 99  ZFBP228    (0)   :  0.016 0.005 0.055 0.002 0.004 0.005 0.004 0.003 0.337 0.007 0.004 0.552 0.005 
100  ZFBP229    (0)   :  0.007 0.005 0.004 0.003 0.006 0.002 0.003 0.003 0.883 0.017 0.002 0.061 0.003 
101  ZFBP230    (0)   :  0.025 0.006 0.011 0.003 0.009 0.003 0.004 0.003 0.531 0.032 0.003 0.361 0.008 
102  ZFBP231    (0)   :  0.004 0.004 0.007 0.003 0.005 0.005 0.004 0.003 0.932 0.004 0.004 0.010 0.014 
103  ZFBP232    (0)   :  0.004 0.003 0.003 0.003 0.004 0.003 0.003 0.003 0.952 0.007 0.003 0.009 0.004 
104  ZFBP233    (0)   :  0.005 0.005 0.006 0.004 0.010 0.007 0.004 0.003 0.906 0.014 0.005 0.020 0.009 
105   ZFCC01    (0)   :  0.928 0.004 0.005 0.004 0.005 0.020 0.004 0.007 0.004 0.004 0.005 0.003 0.008 
106   ZFCC03    (0)   :  0.951 0.004 0.008 0.002 0.003 0.007 0.003 0.002 0.004 0.004 0.003 0.003 0.004 
107   ZFCC04    (0)   :  0.937 0.004 0.006 0.003 0.005 0.007 0.004 0.004 0.004 0.006 0.004 0.004 0.012 
108   ZFCC05    (0)   :  0.874 0.005 0.016 0.005 0.008 0.012 0.007 0.005 0.006 0.006 0.006 0.006 0.044 
109   ZFCC08    (0)   :  0.915 0.004 0.005 0.002 0.008 0.010 0.003 0.003 0.011 0.019 0.002 0.009 0.009 
110   ZFCC09    (0)   :  0.945 0.003 0.007 0.003 0.003 0.012 0.004 0.003 0.004 0.003 0.003 0.003 0.006 
111   ZFCC10    (0)   :  0.916 0.004 0.004 0.003 0.003 0.038 0.004 0.004 0.005 0.003 0.004 0.003 0.008 
112   ZFCC11    (0)   :  0.935 0.004 0.011 0.004 0.004 0.010 0.004 0.004 0.005 0.004 0.003 0.004 0.009 
113   ZFCC12    (0)   :  0.740 0.020 0.009 0.004 0.007 0.018 0.012 0.130 0.006 0.006 0.007 0.007 0.034 
114   ZFCC13    (0)   :  0.914 0.004 0.010 0.010 0.012 0.004 0.005 0.004 0.008 0.007 0.004 0.010 0.008 
115   ZFCC14    (0)   :  0.911 0.009 0.004 0.006 0.003 0.007 0.006 0.004 0.008 0.007 0.009 0.004 0.022 
116   ZFCC15    (0)   :  0.944 0.005 0.005 0.004 0.008 0.005 0.005 0.004 0.004 0.004 0.003 0.004 0.005 
117   ZFCC16    (0)   :  0.939 0.005 0.004 0.003 0.005 0.006 0.004 0.005 0.003 0.004 0.004 0.003 0.015 
118   ZFCC17    (0)   :  0.899 0.004 0.006 0.008 0.004 0.006 0.006 0.012 0.003 0.003 0.005 0.003 0.040 
119   ZFCC18    (0)   :  0.939 0.004 0.008 0.004 0.004 0.009 0.004 0.004 0.004 0.005 0.003 0.004 0.007 
120   ZFCC19    (0)   :  0.939 0.006 0.003 0.008 0.007 0.003 0.006 0.006 0.003 0.003 0.004 0.003 0.010 
121   ZFCC20    (0)   :  0.938 0.004 0.008 0.003 0.008 0.004 0.004 0.005 0.003 0.005 0.004 0.006 0.009 
122   ZFCC21    (0)   :  0.789 0.042 0.003 0.007 0.043 0.006 0.006 0.005 0.030 0.037 0.005 0.015 0.013 
123   ZFCC22    (0)   :  0.645 0.006 0.007 0.006 0.009 0.012 0.003 0.004 0.181 0.043 0.003 0.071 0.011 
124   ZFCC26    (0)   :  0.949 0.004 0.004 0.003 0.004 0.005 0.003 0.005 0.003 0.004 0.004 0.003 0.008 
125   ZFCC27    (0)   :  0.957 0.003 0.007 0.002 0.003 0.004 0.003 0.003 0.003 0.003 0.003 0.003 0.005 
126   ZFCC29    (0)   :  0.921 0.007 0.005 0.003 0.010 0.006 0.005 0.007 0.004 0.005 0.008 0.005 0.015 
127   ZFCC30    (0)   :  0.949 0.003 0.009 0.003 0.004 0.004 0.003 0.003 0.003 0.005 0.003 0.004 0.007 
128   ZFCC32    (0)   :  0.921 0.004 0.005 0.006 0.013 0.009 0.005 0.009 0.004 0.005 0.003 0.005 0.010 
129   ZFCC33    (0)   :  0.598 0.007 0.008 0.004 0.005 0.008 0.007 0.004 0.004 0.004 0.009 0.004 0.338 
130   ZFCC34    (0)   :  0.623 0.009 0.076 0.009 0.008 0.023 0.006 0.032 0.074 0.018 0.024 0.051 0.049 
131   ZFCC35    (0)   :  0.958 0.003 0.003 0.004 0.003 0.004 0.003 0.002 0.003 0.004 0.002 0.003 0.007 
132   ZFCC36    (0)   :  0.902 0.005 0.004 0.018 0.017 0.004 0.005 0.007 0.007 0.009 0.004 0.009 0.010 
133   ZFCC37    (0)   :  0.751 0.035 0.009 0.005 0.010 0.027 0.015 0.088 0.009 0.007 0.007 0.009 0.029 
134   ZFCC40    (0)   :  0.927 0.005 0.003 0.013 0.003 0.009 0.004 0.004 0.006 0.004 0.004 0.003 0.015 
135   ZFCC42    (0)   :  0.053 0.022 0.044 0.071 0.005 0.006 0.027 0.169 0.004 0.005 0.045 0.010 0.538 
136   ZFCC44    (0)   :  0.941 0.003 0.010 0.008 0.002 0.003 0.004 0.003 0.003 0.003 0.003 0.003 0.014 
137   ZFCC45    (9)   :  0.839 0.010 0.009 0.018 0.008 0.016 0.019 0.011 0.005 0.004 0.007 0.004 0.050 
138   ZFCC46    (0)   :  0.885 0.005 0.011 0.004 0.007 0.002 0.003 0.003 0.012 0.034 0.003 0.017 0.013 
139   ZFCC47    (0)   :  0.864 0.008 0.006 0.003 0.006 0.020 0.005 0.055 0.005 0.008 0.006 0.006 0.009 
140   ZFCC48    (0)   :  0.865 0.012 0.003 0.004 0.010 0.005 0.003 0.003 0.024 0.040 0.005 0.010 0.015 
141   ZFCC50    (0)   :  0.951 0.003 0.003 0.004 0.004 0.004 0.004 0.005 0.003 0.003 0.004 0.003 0.009 
142   ZFCC51    (0)   :  0.954 0.003 0.010 0.002 0.003 0.005 0.003 0.003 0.003 0.003 0.003 0.003 0.004 
143   ZFCC52    (0)   :  0.881 0.005 0.006 0.007 0.008 0.004 0.003 0.007 0.016 0.012 0.004 0.009 0.037 
144   ZFCC53    (0)   :  0.957 0.003 0.006 0.003 0.003 0.004 0.003 0.003 0.003 0.003 0.004 0.003 0.005 
145  ZFCNS01    (0)   :  0.007 0.007 0.833 0.029 0.048 0.003 0.031 0.010 0.005 0.003 0.002 0.021 0.003 
146  ZFCNS02    (0)   :  0.005 0.002 0.963 0.002 0.003 0.003 0.003 0.002 0.003 0.004 0.002 0.004 0.003 
147  ZFCNS05    (0)   :  0.008 0.004 0.942 0.002 0.005 0.005 0.003 0.003 0.006 0.005 0.005 0.007 0.006 
148  ZFCNS06    (0)   :  0.004 0.002 0.961 0.002 0.003 0.003 0.003 0.002 0.004 0.004 0.003 0.004 0.004 
149  ZFCNS07    (0)   :  0.004 0.003 0.955 0.002 0.003 0.003 0.003 0.002 0.006 0.008 0.003 0.006 0.003 
150  ZFCNS10    (0)   :  0.005 0.002 0.943 0.004 0.003 0.002 0.003 0.002 0.007 0.006 0.003 0.016 0.003 
151  ZFCNS11    (0)   :  0.007 0.006 0.902 0.012 0.020 0.003 0.013 0.007 0.005 0.004 0.002 0.015 0.003 
152  ZFCNS15    (0)   :  0.003 0.004 0.911 0.002 0.004 0.003 0.003 0.003 0.016 0.007 0.003 0.036 0.005 
153  ZFCNS17    (0)   :  0.005 0.003 0.961 0.002 0.003 0.003 0.003 0.002 0.004 0.004 0.002 0.005 0.004 
154  ZFCNS18    (0)   :  0.005 0.002 0.947 0.004 0.002 0.003 0.003 0.002 0.008 0.004 0.003 0.013 0.003 
155  ZFCNS19    (0)   :  0.004 0.002 0.966 0.002 0.003 0.003 0.003 0.002 0.002 0.004 0.003 0.004 0.003 
156  ZFCNS20    (0)   :  0.005 0.004 0.930 0.002 0.004 0.003 0.003 0.003 0.012 0.015 0.003 0.011 0.007 
157  ZFCNS21    (0)   :  0.004 0.002 0.966 0.002 0.002 0.003 0.003 0.002 0.003 0.002 0.002 0.004 0.004 
158  ZFCNS22    (0)   :  0.005 0.004 0.933 0.002 0.005 0.005 0.004 0.003 0.010 0.006 0.005 0.014 0.006 
159  ZFCNS23    (0)   :  0.012 0.005 0.892 0.012 0.010 0.005 0.007 0.008 0.005 0.011 0.003 0.005 0.024 
160  ZFCNS24    (0)   :  0.007 0.003 0.945 0.002 0.004 0.003 0.003 0.003 0.006 0.006 0.002 0.008 0.009 
161  ZFCNS25    (0)   :  0.006 0.003 0.935 0.002 0.004 0.003 0.003 0.003 0.010 0.008 0.003 0.013 0.008 
162  ZFCNS26    (0)   :  0.003 0.003 0.961 0.002 0.003 0.003 0.003 0.002 0.004 0.004 0.003 0.007 0.003 
163  ZFCNS27    (0)   :  0.003 0.004 0.884 0.002 0.004 0.003 0.003 0.003 0.018 0.009 0.003 0.058 0.005 
164  ZFCNS28    (0)   :  0.004 0.002 0.961 0.002 0.003 0.003 0.002 0.002 0.004 0.004 0.003 0.005 0.003 
165  ZFCNS29    (0)   :  0.008 0.004 0.944 0.002 0.005 0.004 0.003 0.003 0.006 0.004 0.003 0.007 0.007 
166  ZFCNS30    (0)   :  0.007 0.003 0.949 0.002 0.005 0.005 0.004 0.003 0.004 0.003 0.004 0.006 0.005 
167  ZFCNS31    (0)   :  0.003 0.002 0.963 0.002 0.003 0.003 0.003 0.002 0.004 0.004 0.003 0.005 0.003 
168  ZFCNS32    (0)   :  0.004 0.003 0.945 0.002 0.005 0.003 0.003 0.003 0.005 0.006 0.003 0.011 0.005 
169  ZFCNS33    (0)   :  0.003 0.002 0.965 0.002 0.003 0.003 0.003 0.002 0.003 0.004 0.003 0.004 0.003 
170  ZFCNS34    (0)   :  0.011 0.003 0.943 0.002 0.005 0.005 0.003 0.003 0.005 0.004 0.003 0.006 0.006 
171  ZFCNS35    (0)   :  0.009 0.013 0.891 0.002 0.003 0.010 0.003 0.002 0.013 0.004 0.023 0.023 0.003 
172  ZFCNS36    (0)   :  0.008 0.003 0.940 0.002 0.004 0.003 0.003 0.003 0.005 0.008 0.002 0.008 0.009 
173  ZFCNS37    (0)   :  0.005 0.003 0.838 0.002 0.004 0.004 0.010 0.002 0.005 0.009 0.003 0.108 0.006 
174  ZFCNS39    (0)   :  0.016 0.005 0.889 0.004 0.014 0.002 0.005 0.002 0.007 0.025 0.002 0.020 0.007 
175  ZFCNS40    (0)   :  0.030 0.003 0.675 0.003 0.010 0.003 0.005 0.003 0.008 0.120 0.002 0.124 0.013 
176  ZFCNS41    (0)   :  0.016 0.008 0.255 0.004 0.011 0.006 0.009 0.005 0.014 0.006 0.005 0.651 0.011 
177  ZFCNS42    (0)   :  0.003 0.002 0.963 0.002 0.003 0.003 0.003 0.002 0.004 0.003 0.003 0.006 0.003 
178  ZFCNS43    (0)   :  0.005 0.002 0.965 0.002 0.003 0.003 0.003 0.002 0.003 0.003 0.003 0.004 0.003 
179  ZFCNS44    (0)   :  0.005 0.002 0.950 0.004 0.002 0.003 0.003 0.002 0.006 0.003 0.003 0.013 0.003 
180  ZFCNS46    (0)   :  0.005 0.003 0.946 0.002 0.005 0.004 0.004 0.002 0.007 0.004 0.003 0.010 0.006 
181  ZFCNS47    (0)   :  0.004 0.002 0.965 0.002 0.003 0.003 0.002 0.002 0.003 0.003 0.002 0.005 0.003 
182  ZFCNS48    (0)   :  0.007 0.003 0.919 0.004 0.004 0.004 0.003 0.003 0.011 0.005 0.004 0.028 0.005 
183  ZFCNS49    (0)   :  0.003 0.003 0.914 0.004 0.003 0.003 0.003 0.002 0.011 0.004 0.004 0.044 0.003 
184   ZFCR01    (0)   :  0.008 0.857 0.003 0.006 0.003 0.017 0.064 0.013 0.010 0.007 0.006 0.004 0.002 
185   ZFCR02    (0)   :  0.020 0.887 0.005 0.009 0.005 0.004 0.012 0.007 0.010 0.008 0.016 0.005 0.012 
186   ZFCR03    (0)   :  0.013 0.780 0.003 0.027 0.016 0.009 0.012 0.038 0.014 0.009 0.020 0.005 0.055 
187   ZFCR04    (0)   :  0.016 0.582 0.009 0.024 0.014 0.066 0.051 0.013 0.016 0.018 0.164 0.022 0.005 
188   ZFCR05    (0)   :  0.010 0.909 0.002 0.007 0.012 0.016 0.013 0.008 0.003 0.003 0.009 0.003 0.004 
189   ZFCR06    (0)   :  0.013 0.816 0.063 0.003 0.005 0.010 0.010 0.007 0.018 0.008 0.015 0.025 0.006 
190   ZFCR07    (0)   :  0.015 0.420 0.072 0.006 0.123 0.010 0.187 0.016 0.009 0.004 0.045 0.040 0.053 
191   ZFCR08    (0)   :  0.096 0.200 0.004 0.029 0.007 0.104 0.388 0.028 0.025 0.043 0.021 0.015 0.040 
192   ZFCR09    (0)   :  0.027 0.451 0.016 0.061 0.016 0.010 0.030 0.167 0.062 0.015 0.066 0.057 0.022 
193   ZFCR11    (0)   :  0.008 0.834 0.010 0.005 0.016 0.015 0.023 0.012 0.016 0.002 0.022 0.033 0.004 
194   ZFCR12    (0)   :  0.009 0.768 0.100 0.004 0.016 0.005 0.008 0.003 0.010 0.014 0.006 0.049 0.009 
195   ZFCR13    (0)   :  0.009 0.209 0.008 0.003 0.232 0.006 0.365 0.003 0.105 0.006 0.035 0.012 0.007 
196   ZFCR14    (0)   :  0.009 0.879 0.006 0.005 0.029 0.011 0.014 0.004 0.007 0.009 0.012 0.009 0.005 
197   ZFCR15    (0)   :  0.012 0.780 0.005 0.012 0.013 0.019 0.044 0.005 0.019 0.031 0.035 0.016 0.009 
198   ZFCR16    (0)   :  0.007 0.869 0.003 0.003 0.009 0.006 0.034 0.004 0.015 0.018 0.021 0.007 0.004 
199   ZFCR18    (0)   :  0.012 0.601 0.006 0.003 0.007 0.008 0.013 0.006 0.009 0.006 0.294 0.006 0.028 
200   ZFCR19    (0)   :  0.011 0.801 0.006 0.004 0.007 0.006 0.005 0.070 0.016 0.036 0.020 0.014 0.005 
201   ZFCR20    (0)   :  0.006 0.796 0.005 0.004 0.035 0.021 0.016 0.027 0.024 0.006 0.019 0.008 0.032 
202   ZFCR21    (0)   :  0.011 0.908 0.004 0.004 0.026 0.004 0.010 0.003 0.004 0.010 0.004 0.005 0.006 
203   ZFCR22    (0)   :  0.005 0.885 0.003 0.004 0.054 0.002 0.007 0.005 0.006 0.012 0.006 0.006 0.007 
204   ZFCR23    (0)   :  0.003 0.685 0.005 0.049 0.054 0.004 0.087 0.009 0.042 0.006 0.012 0.040 0.004 
205   ZFCR24    (9)   :  0.008 0.071 0.003 0.005 0.099 0.027 0.089 0.056 0.521 0.007 0.092 0.012 0.011 
206   ZFCR25    (0)   :  0.006 0.922 0.003 0.002 0.012 0.009 0.011 0.010 0.004 0.004 0.007 0.005 0.005 
207   ZFCR26    (0)   :  0.020 0.567 0.005 0.004 0.248 0.010 0.015 0.080 0.013 0.015 0.004 0.011 0.008 
208   ZFCR27    (9)   :  0.006 0.428 0.003 0.003 0.036 0.020 0.436 0.045 0.003 0.003 0.011 0.003 0.003 
209   ZFCR28    (0)   :  0.010 0.696 0.025 0.007 0.006 0.005 0.106 0.004 0.061 0.049 0.004 0.021 0.008 
210   ZFCR29    (0)   :  0.004 0.933 0.002 0.004 0.015 0.005 0.005 0.008 0.004 0.004 0.007 0.004 0.004 
211   ZFCR30    (0)   :  0.006 0.870 0.009 0.005 0.045 0.007 0.011 0.009 0.006 0.008 0.006 0.011 0.009 
212   ZFCR31    (0)   :  0.012 0.449 0.048 0.014 0.025 0.013 0.016 0.062 0.077 0.018 0.174 0.064 0.029 
213   ZFCR33    (0)   :  0.042 0.063 0.006 0.023 0.028 0.049 0.720 0.018 0.011 0.012 0.007 0.014 0.009 
214   ZFCR34    (0)   :  0.021 0.366 0.009 0.015 0.271 0.005 0.062 0.008 0.020 0.009 0.173 0.035 0.004 
215   ZFCR35    (0)   :  0.010 0.801 0.004 0.013 0.005 0.009 0.010 0.013 0.005 0.004 0.118 0.005 0.004 
216   ZFCR36    (0)   :  0.007 0.849 0.016 0.015 0.019 0.006 0.011 0.012 0.006 0.004 0.042 0.007 0.006 
217   ZFCR37    (0)   :  0.053 0.045 0.003 0.021 0.594 0.048 0.106 0.052 0.004 0.003 0.049 0.004 0.016 
218   ZFCR38    (0)   :  0.040 0.259 0.007 0.008 0.033 0.045 0.515 0.045 0.008 0.013 0.006 0.009 0.013 
219   ZFCR39    (0)   :  0.086 0.233 0.003 0.238 0.010 0.010 0.212 0.031 0.055 0.038 0.023 0.019 0.042 
220   ZFCR40    (0)   :  0.025 0.723 0.005 0.038 0.013 0.011 0.130 0.012 0.009 0.004 0.011 0.014 0.006 
221   ZFCR41    (0)   :  0.028 0.769 0.012 0.003 0.014 0.006 0.014 0.003 0.006 0.020 0.005 0.113 0.006 
222   ZFCR42    (0)   :  0.052 0.632 0.019 0.018 0.085 0.008 0.082 0.013 0.020 0.021 0.007 0.026 0.018 
223   ZFCR43    (0)   :  0.004 0.878 0.006 0.004 0.008 0.011 0.012 0.004 0.039 0.004 0.022 0.005 0.004 
224  ZFENP25    (0)   :  0.023 0.048 0.003 0.005 0.006 0.042 0.830 0.005 0.011 0.012 0.005 0.005 0.006 
225  ZFENP26    (0)   :  0.004 0.006 0.003 0.007 0.003 0.006 0.947 0.007 0.002 0.003 0.005 0.003 0.004 
226  ZFENP27    (0)   :  0.197 0.259 0.065 0.019 0.005 0.023 0.283 0.031 0.017 0.012 0.015 0.032 0.042 
227  ZFENP28    (0)   :  0.012 0.014 0.009 0.008 0.008 0.025 0.883 0.016 0.004 0.004 0.008 0.005 0.004 
228  ZFENP29    (0)   :  0.009 0.028 0.004 0.005 0.008 0.004 0.914 0.005 0.004 0.003 0.005 0.005 0.006 
229  ZFENP30    (0)   :  0.027 0.009 0.009 0.010 0.013 0.008 0.787 0.009 0.006 0.007 0.006 0.005 0.103 
230  ZFENP31    (0)   :  0.012 0.024 0.005 0.213 0.012 0.034 0.255 0.041 0.005 0.004 0.028 0.005 0.363 
231  ZFENP32    (0)   :  0.011 0.117 0.023 0.137 0.013 0.022 0.200 0.031 0.016 0.007 0.267 0.015 0.141 
232  ZFENP33    (0)   :  0.005 0.018 0.004 0.007 0.038 0.032 0.816 0.016 0.007 0.004 0.012 0.007 0.035 
233  ZFENP34    (0)   :  0.021 0.032 0.010 0.005 0.008 0.538 0.214 0.025 0.006 0.004 0.028 0.006 0.104 
234  ZFENP35    (0)   :  0.005 0.005 0.014 0.072 0.008 0.007 0.832 0.005 0.009 0.005 0.015 0.016 0.007 
235  ZFENP36    (0)   :  0.003 0.007 0.010 0.010 0.009 0.006 0.921 0.010 0.003 0.002 0.009 0.004 0.007 
236  ZFENP37    (0)   :  0.007 0.008 0.008 0.106 0.027 0.441 0.357 0.009 0.007 0.004 0.011 0.007 0.008 
237  ZFENP38    (0)   :  0.019 0.011 0.016 0.023 0.440 0.032 0.400 0.020 0.005 0.004 0.010 0.007 0.012 
238  ZFENP39    (0)   :  0.013 0.107 0.005 0.022 0.012 0.023 0.778 0.010 0.004 0.003 0.012 0.005 0.006 
239  ZFENP40    (0)   :  0.008 0.085 0.006 0.046 0.007 0.020 0.763 0.016 0.009 0.004 0.017 0.007 0.012 
240  ZFENP41    (0)   :  0.066 0.037 0.009 0.029 0.006 0.016 0.748 0.006 0.007 0.009 0.019 0.007 0.040 
241  ZFENP42    (0)   :  0.006 0.013 0.003 0.202 0.047 0.004 0.692 0.006 0.003 0.005 0.003 0.005 0.010 
242  ZFENP43    (0)   :  0.032 0.024 0.047 0.014 0.081 0.036 0.677 0.026 0.007 0.005 0.007 0.036 0.009 
243  ZFENP44    (0)   :  0.017 0.011 0.016 0.104 0.034 0.027 0.723 0.011 0.008 0.003 0.005 0.017 0.023 
244  ZFENP45    (0)   :  0.015 0.021 0.008 0.138 0.054 0.015 0.330 0.012 0.025 0.339 0.008 0.015 0.021 
245  ZFENP46    (0)   :  0.003 0.019 0.007 0.018 0.055 0.034 0.789 0.017 0.015 0.005 0.007 0.020 0.011 
246  ZFENP47    (0)   :  0.081 0.230 0.004 0.234 0.005 0.010 0.179 0.024 0.014 0.119 0.068 0.005 0.029 
247  ZFENP48    (0)   :  0.017 0.040 0.007 0.011 0.012 0.486 0.065 0.026 0.011 0.012 0.012 0.005 0.297 
248  ZFENP49    (0)   :  0.010 0.545 0.006 0.005 0.008 0.005 0.207 0.017 0.010 0.012 0.029 0.007 0.138 
249  ZFENP50    (0)   :  0.004 0.036 0.004 0.051 0.080 0.006 0.687 0.024 0.054 0.011 0.007 0.030 0.005 
250  ZFENP51    (0)   :  0.008 0.027 0.006 0.026 0.012 0.012 0.417 0.382 0.003 0.047 0.021 0.004 0.035 
251  ZFENP52    (0)   :  0.009 0.005 0.009 0.008 0.011 0.003 0.921 0.005 0.004 0.004 0.003 0.012 0.006 
252  ZFENP53    (0)   :  0.008 0.015 0.010 0.018 0.026 0.009 0.793 0.010 0.040 0.032 0.007 0.025 0.008 
253  ZFENP54    (0)   :  0.017 0.709 0.005 0.010 0.016 0.009 0.140 0.009 0.029 0.006 0.013 0.011 0.026 
254  ZFENP55    (0)   :  0.003 0.058 0.004 0.013 0.558 0.028 0.233 0.035 0.005 0.004 0.047 0.004 0.010 
255  ZFENP56    (0)   :  0.007 0.009 0.010 0.006 0.058 0.008 0.842 0.019 0.003 0.005 0.014 0.008 0.011 
256  ZFENP57    (0)   :  0.004 0.018 0.011 0.062 0.015 0.025 0.809 0.016 0.004 0.002 0.015 0.007 0.013 
257  ZFENP58    (0)   :  0.023 0.070 0.016 0.005 0.022 0.004 0.377 0.015 0.008 0.117 0.026 0.013 0.304 
258  ZFENP59    (0)   :  0.063 0.032 0.005 0.035 0.009 0.008 0.780 0.007 0.005 0.004 0.019 0.005 0.027 
259  ZFENP60    (0)   :  0.011 0.087 0.006 0.017 0.014 0.041 0.737 0.013 0.011 0.013 0.037 0.008 0.006 
260  ZFENP61    (0)   :  0.013 0.062 0.004 0.007 0.009 0.017 0.846 0.007 0.004 0.003 0.018 0.004 0.007 
261 ZFFDSP01    (0)   :  0.005 0.005 0.016 0.003 0.008 0.006 0.003 0.003 0.794 0.022 0.006 0.126 0.004 
262 ZFFDSP02    (0)   :  0.004 0.004 0.004 0.002 0.004 0.003 0.003 0.002 0.949 0.005 0.003 0.013 0.003 
263 ZFFDSP04    (0)   :  0.004 0.005 0.003 0.002 0.005 0.004 0.002 0.002 0.930 0.013 0.005 0.021 0.003 
264 ZFFDSP05    (0)   :  0.004 0.005 0.005 0.003 0.007 0.003 0.003 0.003 0.534 0.009 0.003 0.416 0.003 
265 ZFFDSP06    (0)   :  0.006 0.005 0.003 0.002 0.005 0.004 0.002 0.002 0.926 0.015 0.002 0.025 0.003 
266 ZFFDSP07    (0)   :  0.011 0.006 0.004 0.005 0.008 0.004 0.004 0.004 0.902 0.023 0.003 0.007 0.020 
267 ZFFDSP08    (0)   :  0.010 0.004 0.011 0.004 0.009 0.004 0.004 0.004 0.812 0.067 0.003 0.039 0.030 
268 ZFFDSP10    (0)   :  0.005 0.004 0.005 0.003 0.007 0.004 0.004 0.003 0.911 0.012 0.004 0.032 0.007 
269 ZFFDSP11    (0)   :  0.004 0.005 0.003 0.003 0.008 0.004 0.003 0.003 0.896 0.008 0.004 0.054 0.003 
270 ZFFDSP12    (0)   :  0.003 0.003 0.004 0.003 0.003 0.003 0.003 0.002 0.947 0.009 0.002 0.013 0.004 
271 ZFFDSP13    (0)   :  0.007 0.005 0.010 0.004 0.010 0.003 0.005 0.003 0.032 0.005 0.003 0.906 0.008 
272 ZFFDSP14    (0)   :  0.006 0.005 0.004 0.003 0.006 0.004 0.003 0.003 0.935 0.016 0.002 0.006 0.006 
273 ZFFDSP16    (0)   :  0.006 0.011 0.014 0.004 0.007 0.006 0.006 0.003 0.911 0.004 0.006 0.018 0.004 
274 ZFFDSP17    (0)   :  0.006 0.004 0.004 0.002 0.007 0.005 0.003 0.002 0.927 0.009 0.003 0.023 0.004 
275 ZFFDSP18    (0)   :  0.007 0.006 0.004 0.002 0.004 0.006 0.003 0.003 0.935 0.014 0.005 0.008 0.003 
276 ZFFDSP19    (0)   :  0.026 0.005 0.135 0.002 0.004 0.008 0.003 0.003 0.740 0.019 0.004 0.047 0.004 
277 ZFFDSP21    (0)   :  0.021 0.009 0.055 0.003 0.004 0.008 0.003 0.002 0.465 0.011 0.003 0.413 0.004 
278 ZFFDSP22    (0)   :  0.005 0.004 0.004 0.002 0.006 0.003 0.003 0.002 0.889 0.063 0.002 0.013 0.004 
279 ZFFDSP23    (0)   :  0.005 0.004 0.008 0.002 0.006 0.004 0.003 0.002 0.616 0.164 0.002 0.179 0.003 
280 ZFFDSP24    (0)   :  0.005 0.004 0.012 0.002 0.006 0.005 0.003 0.003 0.586 0.007 0.006 0.355 0.005 
281 ZFFDSP26    (9)   :  0.005 0.005 0.006 0.003 0.005 0.003 0.003 0.003 0.727 0.014 0.004 0.218 0.004 
282 ZFFDSP27    (0)   :  0.004 0.004 0.008 0.002 0.004 0.005 0.003 0.003 0.924 0.007 0.004 0.029 0.003 
283 ZFFDSP28    (0)   :  0.007 0.012 0.005 0.006 0.011 0.025 0.006 0.018 0.801 0.009 0.030 0.055 0.015 
284 ZFFDSP30    (0)   :  0.007 0.008 0.032 0.009 0.010 0.006 0.005 0.006 0.313 0.010 0.062 0.521 0.010 
285 ZFFDSP31    (0)   :  0.006 0.004 0.007 0.002 0.005 0.009 0.004 0.002 0.929 0.006 0.003 0.018 0.006 
286 ZFFDSP32    (0)   :  0.003 0.004 0.004 0.003 0.004 0.004 0.003 0.003 0.946 0.005 0.002 0.014 0.005 
287 ZFFDSP33    (0)   :  0.002 0.004 0.005 0.003 0.003 0.004 0.003 0.002 0.944 0.006 0.003 0.019 0.003 
288 ZFFDSP34    (0)   :  0.007 0.003 0.005 0.002 0.005 0.004 0.002 0.002 0.929 0.010 0.003 0.023 0.004 
289 ZFFDSP35    (0)   :  0.005 0.004 0.005 0.002 0.005 0.004 0.003 0.003 0.630 0.007 0.006 0.323 0.003 
290 ZFFDSP37    (0)   :  0.003 0.004 0.006 0.002 0.004 0.005 0.003 0.002 0.941 0.005 0.003 0.018 0.004 
291 ZFFDSP38    (0)   :  0.004 0.003 0.006 0.003 0.004 0.004 0.003 0.003 0.944 0.005 0.005 0.012 0.004 
292 ZFFDSP39    (0)   :  0.003 0.004 0.007 0.002 0.003 0.003 0.003 0.002 0.271 0.008 0.004 0.688 0.003 
293 ZFFDSP40    (0)   :  0.003 0.004 0.007 0.003 0.003 0.004 0.003 0.002 0.479 0.005 0.005 0.478 0.004 
294 ZFFDSP42    (0)   :  0.006 0.005 0.011 0.002 0.006 0.004 0.003 0.002 0.807 0.066 0.004 0.081 0.003 
295 ZFFDSP43    (0)   :  0.004 0.004 0.010 0.002 0.003 0.003 0.003 0.002 0.921 0.009 0.004 0.032 0.003 
296 ZFFDSP44    (0)   :  0.003 0.003 0.009 0.003 0.005 0.005 0.003 0.003 0.739 0.005 0.005 0.212 0.004 
297 ZFFDSP45    (0)   :  0.006 0.005 0.008 0.002 0.004 0.004 0.003 0.002 0.919 0.005 0.005 0.033 0.004 
298 ZFFDSP46    (0)   :  0.006 0.005 0.009 0.002 0.004 0.004 0.003 0.002 0.885 0.010 0.004 0.060 0.004 
299 ZFFDSP47    (0)   :  0.004 0.003 0.013 0.003 0.005 0.003 0.003 0.003 0.232 0.011 0.004 0.712 0.005 
300 ZFFDSP48    (0)   :  0.004 0.004 0.012 0.003 0.004 0.004 0.003 0.002 0.303 0.006 0.004 0.647 0.004 
301    ZFI01    (0)   :  0.008 0.027 0.010 0.007 0.010 0.028 0.010 0.120 0.005 0.004 0.756 0.004 0.012 
302    ZFI02    (0)   :  0.004 0.014 0.008 0.003 0.006 0.020 0.005 0.049 0.005 0.004 0.874 0.005 0.003 
303    ZFI03    (0)   :  0.006 0.007 0.008 0.003 0.007 0.041 0.006 0.010 0.004 0.003 0.896 0.004 0.005 
304    ZFI04    (0)   :  0.004 0.005 0.005 0.005 0.006 0.746 0.007 0.104 0.004 0.003 0.105 0.004 0.004 
305    ZFI05    (0)   :  0.004 0.007 0.013 0.004 0.005 0.007 0.007 0.006 0.004 0.003 0.930 0.005 0.008 
306    ZFI06    (0)   :  0.004 0.041 0.081 0.004 0.008 0.020 0.022 0.038 0.014 0.003 0.727 0.031 0.006 
307    ZFI07    (0)   :  0.005 0.006 0.005 0.004 0.006 0.406 0.007 0.009 0.004 0.003 0.534 0.004 0.007 
308    ZFI08    (0)   :  0.006 0.024 0.004 0.004 0.010 0.135 0.009 0.049 0.003 0.003 0.743 0.003 0.006 
309    ZFI09    (0)   :  0.004 0.020 0.007 0.004 0.005 0.015 0.007 0.038 0.004 0.003 0.886 0.004 0.005 
310    ZFI10    (0)   :  0.005 0.006 0.053 0.006 0.007 0.043 0.007 0.022 0.005 0.003 0.832 0.007 0.005 
311    ZFI11    (0)   :  0.004 0.009 0.012 0.004 0.006 0.050 0.007 0.156 0.004 0.003 0.733 0.005 0.007 
312    ZFI12    (0)   :  0.007 0.007 0.014 0.003 0.010 0.142 0.006 0.008 0.004 0.003 0.784 0.005 0.006 
313    ZFI13    (0)   :  0.006 0.009 0.006 0.007 0.006 0.015 0.008 0.007 0.004 0.003 0.904 0.004 0.020 
314    ZFI14    (0)   :  0.004 0.007 0.006 0.004 0.004 0.009 0.004 0.005 0.007 0.003 0.937 0.006 0.005 
315    ZFI15    (0)   :  0.004 0.007 0.004 0.003 0.003 0.008 0.005 0.005 0.003 0.002 0.946 0.003 0.006 
316    ZFI16    (0)   :  0.004 0.007 0.005 0.003 0.005 0.017 0.004 0.004 0.003 0.002 0.938 0.004 0.003 
317    ZFI17    (0)   :  0.004 0.006 0.009 0.005 0.007 0.045 0.008 0.010 0.004 0.003 0.890 0.004 0.005 
318    ZFI18    (0)   :  0.003 0.005 0.005 0.007 0.004 0.013 0.008 0.006 0.003 0.002 0.935 0.004 0.005 
319    ZFI19    (9)   :  0.003 0.006 0.004 0.003 0.006 0.010 0.004 0.006 0.003 0.002 0.944 0.003 0.005 
320    ZFI20    (0)   :  0.004 0.008 0.005 0.003 0.005 0.008 0.004 0.005 0.004 0.003 0.945 0.004 0.003 
321    ZFI21    (0)   :  0.003 0.005 0.006 0.003 0.004 0.005 0.003 0.003 0.008 0.003 0.946 0.007 0.004 
322    ZFI22    (0)   :  0.007 0.011 0.004 0.003 0.005 0.018 0.005 0.034 0.005 0.004 0.897 0.004 0.004 
323    ZFI23    (0)   :  0.005 0.007 0.007 0.003 0.006 0.034 0.005 0.006 0.003 0.002 0.912 0.004 0.005 
324    ZFI24    (0)   :  0.007 0.009 0.010 0.003 0.009 0.066 0.006 0.008 0.004 0.004 0.864 0.005 0.006 
325    ZFI25    (0)   :  0.007 0.011 0.006 0.003 0.006 0.069 0.008 0.011 0.005 0.004 0.860 0.005 0.005 
326    ZFI26    (0)   :  0.009 0.009 0.005 0.003 0.007 0.071 0.006 0.008 0.004 0.003 0.863 0.004 0.009 
327    ZFI27    (0)   :  0.005 0.007 0.025 0.003 0.011 0.021 0.008 0.007 0.005 0.003 0.887 0.006 0.012 
328    ZFK01    (0)   :  0.005 0.003 0.006 0.003 0.004 0.003 0.003 0.003 0.003 0.003 0.003 0.004 0.958 
329    ZFK02    (0)   :  0.005 0.003 0.006 0.003 0.003 0.003 0.003 0.003 0.003 0.003 0.003 0.004 0.958 
330    ZFK03    (0)   :  0.005 0.003 0.005 0.003 0.003 0.003 0.003 0.004 0.003 0.003 0.003 0.003 0.960 
331    ZFK04    (0)   :  0.004 0.003 0.004 0.003 0.003 0.004 0.003 0.005 0.003 0.003 0.004 0.003 0.960 
332    ZFK05    (0)   :  0.009 0.004 0.003 0.007 0.003 0.009 0.005 0.013 0.002 0.002 0.007 0.003 0.932 
333    ZFK06    (0)   :  0.009 0.005 0.004 0.004 0.004 0.008 0.006 0.008 0.003 0.003 0.009 0.003 0.934 
334    ZFK07    (0)   :  0.005 0.003 0.004 0.003 0.004 0.002 0.003 0.003 0.004 0.005 0.002 0.004 0.957 
335    ZFK08    (0)   :  0.004 0.003 0.003 0.003 0.004 0.003 0.004 0.006 0.003 0.003 0.004 0.004 0.957 
336    ZFK10    (0)   :  0.004 0.003 0.004 0.002 0.003 0.003 0.003 0.005 0.003 0.003 0.004 0.003 0.959 
337    ZFK11    (0)   :  0.010 0.004 0.004 0.007 0.003 0.008 0.005 0.007 0.003 0.002 0.006 0.003 0.937 
338    ZFK12    (0)   :  0.007 0.003 0.003 0.003 0.011 0.002 0.003 0.002 0.004 0.007 0.002 0.006 0.945 
339    ZFK13    (0)   :  0.008 0.004 0.005 0.015 0.005 0.002 0.004 0.003 0.019 0.009 0.004 0.022 0.900 
340    ZFK14    (0)   :  0.209 0.006 0.013 0.014 0.011 0.008 0.006 0.008 0.020 0.029 0.007 0.024 0.643 
341    ZFK15    (0)   :  0.006 0.003 0.004 0.017 0.004 0.004 0.004 0.004 0.016 0.005 0.005 0.013 0.916 
342    ZFK16    (0)   :  0.006 0.003 0.004 0.004 0.005 0.002 0.003 0.003 0.005 0.005 0.002 0.006 0.951 
343   ZFLB01    (0)   :  0.003 0.007 0.008 0.863 0.008 0.006 0.007 0.011 0.024 0.009 0.009 0.029 0.016 
344   ZFLB02    (0)   :  0.002 0.007 0.004 0.887 0.005 0.042 0.025 0.004 0.004 0.003 0.009 0.004 0.003 
345   ZFLB03    (0)   :  0.004 0.007 0.033 0.891 0.007 0.007 0.022 0.003 0.004 0.004 0.005 0.006 0.009 
346   ZFLB04    (0)   :  0.008 0.005 0.214 0.642 0.006 0.013 0.006 0.011 0.018 0.008 0.033 0.027 0.009 
