

----------------------------------------------------
STRUCTURE by Pritchard, Stephens and Donnelly (2000)
     and Falush, Stephens and Pritchard (2003)
       Code by Pritchard, Falush and Hubisz
             Version 2.3.4 (Jul 2012)
----------------------------------------------------



Command line arguments:   bin\structure -m C:\Users\eschumacher\Documents\GitHub\GCC_QUAC_ZAIN\Data_Files\Structure_Files\ZAIN\ZAIN_wild_rebinned_nopopinfo\50-50\mainparams -e C:\Users\eschumacher\Documents\GitHub\GCC_QUAC_ZAIN\Data_Files\Structure_Files\ZAIN\ZAIN_wild_rebinned_nopopinfo\50-50\extraparams 
Input File:    C:\Users\eschumacher\Documents\GitHub\GCC_QUAC_ZAIN\Data_Files\Structure_Files\ZAIN\ZAIN_wild_rebinned_nopopinfo\project_data

Run parameters:
   751 individuals
   11 loci
   4 populations assumed
   50000 Burn-in period
   50000 Reps


--------------------------------------------
Overall proportion of membership of the
sample in each of the 4 clusters

Inferred Clusters
  1      2      3      4    
0.246  0.177  0.234  0.343  

--------------------------------------------

Allele-freq. divergence among pops (Net nucleotide distance),
computed using point estimates of P.

      1       2       3       4      
 1      -    0.1521  0.0774  0.2016  
 2   0.1521     -    0.1011  0.1109  
 3   0.0774  0.1011     -    0.1322  
 4   0.2016  0.1109  0.1322     -    

Average distances (expected heterozygosity) between individuals in same cluster:
cluster  1  : 0.5012 
cluster  2  : 0.4402 
cluster  3  : 0.5730 
cluster  4  : 0.4583 

--------------------------------------------
Estimated Ln Prob of Data   = -15494.4
Mean value of ln likelihood = -15320.9
Variance of ln likelihood   = 347.2
Mean value of alpha         = 0.0338

Mean value of Fst_1         = 0.3127
Mean value of Fst_2         = 0.3459
Mean value of Fst_3         = 0.1156
Mean value of Fst_4         = 0.3075


Inferred ancestry of individuals:
        Label (%Miss) :  Inferred clusters
  1    ZFB01    (0)   :  0.986 0.004 0.005 0.005 
  2    ZFB02    (0)   :  0.984 0.005 0.008 0.003 
  3    ZFB03    (0)   :  0.979 0.008 0.007 0.006 
  4    ZFB04    (0)   :  0.984 0.004 0.008 0.005 
  5    ZFB05    (0)   :  0.893 0.018 0.082 0.006 
  6    ZFB06    (0)   :  0.922 0.014 0.057 0.006 
  7    ZFB07    (9)   :  0.971 0.005 0.015 0.008 
  8    ZFB08    (0)   :  0.983 0.005 0.006 0.005 
  9    ZFB09    (0)   :  0.988 0.004 0.005 0.003 
 10    ZFB10    (0)   :  0.973 0.005 0.007 0.015 
 11    ZFB11    (0)   :  0.980 0.004 0.008 0.008 
 12    ZFB12    (0)   :  0.982 0.004 0.008 0.005 
 13    ZFB13    (0)   :  0.982 0.004 0.007 0.006 
 14    ZFB14    (0)   :  0.986 0.004 0.004 0.005 
 15    ZFB15    (0)   :  0.989 0.003 0.006 0.003 
 16    ZFB16    (0)   :  0.985 0.003 0.007 0.005 
 17    ZFB17    (0)   :  0.940 0.012 0.033 0.015 
 18    ZFB18    (0)   :  0.987 0.004 0.004 0.004 
 19    ZFB19    (0)   :  0.958 0.005 0.016 0.021 
 20    ZFB20    (0)   :  0.984 0.003 0.008 0.004 
 21    ZFB21    (0)   :  0.987 0.003 0.006 0.003 
 22    ZFB22    (0)   :  0.956 0.007 0.021 0.016 
 23    ZFB23    (0)   :  0.976 0.006 0.010 0.008 
 24    ZFB24    (0)   :  0.982 0.004 0.008 0.007 
 25    ZFB25    (0)   :  0.964 0.005 0.006 0.025 
 26    ZFB26    (0)   :  0.961 0.006 0.013 0.019 
 27    ZFB27    (0)   :  0.978 0.004 0.011 0.007 
 28    ZFB28    (0)   :  0.960 0.009 0.024 0.006 
 29    ZFB29    (0)   :  0.986 0.004 0.007 0.003 
 30    ZFB30    (0)   :  0.736 0.009 0.242 0.013 
 31    ZFB31    (0)   :  0.975 0.005 0.006 0.014 
 32    ZFB32    (0)   :  0.944 0.024 0.023 0.009 
 33    ZFB33    (0)   :  0.988 0.003 0.005 0.004 
 34    ZFB34    (0)   :  0.987 0.005 0.005 0.004 
 35    ZFB35    (0)   :  0.982 0.005 0.007 0.006 
 36  ZFBP101    (0)   :  0.018 0.108 0.013 0.862 
 37  ZFBP102    (0)   :  0.027 0.020 0.014 0.939 
 38  ZFBP103    (0)   :  0.009 0.283 0.009 0.700 
 39  ZFBP104    (0)   :  0.051 0.005 0.036 0.908 
 40  ZFBP105    (0)   :  0.008 0.008 0.007 0.977 
 41  ZFBP106    (0)   :  0.004 0.012 0.005 0.979 
 42  ZFBP107    (0)   :  0.009 0.014 0.024 0.953 
 43  ZFBP108    (0)   :  0.004 0.004 0.003 0.989 
 44  ZFBP109    (0)   :  0.005 0.005 0.005 0.985 
 45  ZFBP110    (0)   :  0.034 0.231 0.020 0.715 
 46  ZFBP111    (0)   :  0.003 0.005 0.004 0.989 
 47  ZFBP112    (0)   :  0.005 0.008 0.006 0.981 
 48  ZFBP113    (0)   :  0.004 0.004 0.005 0.987 
 49  ZFBP114    (0)   :  0.005 0.008 0.007 0.979 
 50  ZFBP115    (0)   :  0.003 0.014 0.006 0.977 
 51  ZFBP116    (0)   :  0.004 0.005 0.006 0.985 
 52  ZFBP117    (0)   :  0.003 0.007 0.004 0.986 
 53  ZFBP118    (0)   :  0.004 0.006 0.008 0.983 
 54  ZFBP119    (0)   :  0.004 0.031 0.005 0.960 
 55  ZFBP120    (0)   :  0.007 0.007 0.007 0.979 
 56  ZFBP121    (0)   :  0.006 0.011 0.005 0.979 
 57  ZFBP122    (9)   :  0.004 0.006 0.005 0.986 
 58  ZFBP123    (0)   :  0.005 0.013 0.008 0.974 
 59  ZFBP124    (0)   :  0.007 0.007 0.005 0.980 
 60  ZFBP125    (0)   :  0.003 0.008 0.003 0.986 
 61  ZFBP126    (0)   :  0.020 0.024 0.021 0.935 
 62  ZFBP127    (0)   :  0.004 0.012 0.004 0.980 
 63  ZFBP128    (0)   :  0.005 0.007 0.003 0.985 
 64  ZFBP129    (0)   :  0.005 0.009 0.004 0.982 
 65  ZFBP130    (0)   :  0.002 0.007 0.004 0.986 
 66  ZFBP131    (0)   :  0.005 0.005 0.004 0.986 
 67  ZFBP132    (0)   :  0.004 0.007 0.004 0.986 
 68  ZFBP133    (0)   :  0.004 0.005 0.003 0.989 
 69  ZFBP134    (0)   :  0.004 0.013 0.004 0.979 
 70  ZFBP135    (0)   :  0.024 0.265 0.009 0.701 
 71  ZFBP136    (0)   :  0.004 0.075 0.007 0.913 
 72  ZFBP201    (0)   :  0.006 0.009 0.008 0.977 
 73  ZFBP202    (0)   :  0.007 0.006 0.004 0.983 
 74  ZFBP203    (0)   :  0.011 0.006 0.042 0.941 
 75  ZFBP204    (0)   :  0.005 0.023 0.007 0.965 
 76  ZFBP205    (0)   :  0.004 0.007 0.005 0.984 
 77  ZFBP206    (0)   :  0.006 0.011 0.007 0.977 
 78  ZFBP207    (0)   :  0.004 0.022 0.004 0.969 
 79  ZFBP208    (0)   :  0.006 0.006 0.013 0.975 
 80  ZFBP209    (0)   :  0.003 0.005 0.004 0.987 
 81  ZFBP210    (0)   :  0.006 0.007 0.009 0.978 
 82  ZFBP211    (0)   :  0.006 0.007 0.005 0.983 
 83  ZFBP212    (0)   :  0.005 0.006 0.004 0.985 
 84  ZFBP213    (0)   :  0.011 0.014 0.007 0.967 
 85  ZFBP214    (0)   :  0.008 0.050 0.008 0.934 
 86  ZFBP215    (0)   :  0.004 0.007 0.004 0.985 
 87  ZFBP216    (0)   :  0.006 0.006 0.012 0.976 
 88  ZFBP217    (0)   :  0.004 0.009 0.004 0.983 
 89  ZFBP218    (0)   :  0.003 0.003 0.004 0.989 
 90  ZFBP219    (0)   :  0.004 0.003 0.006 0.987 
 91  ZFBP220    (0)   :  0.003 0.009 0.004 0.983 
 92  ZFBP221    (0)   :  0.004 0.004 0.004 0.988 
 93  ZFBP222    (0)   :  0.007 0.007 0.007 0.979 
 94  ZFBP223    (0)   :  0.007 0.035 0.006 0.952 
 95  ZFBP224    (0)   :  0.006 0.007 0.006 0.981 
 96  ZFBP225    (0)   :  0.003 0.012 0.006 0.978 
 97  ZFBP226    (0)   :  0.005 0.005 0.005 0.985 
 98  ZFBP227    (0)   :  0.042 0.008 0.115 0.835 
 99  ZFBP228    (0)   :  0.005 0.016 0.004 0.975 
100  ZFBP229    (0)   :  0.003 0.006 0.004 0.987 
101  ZFBP230    (0)   :  0.004 0.010 0.005 0.981 
102  ZFBP231    (0)   :  0.005 0.006 0.005 0.983 
103  ZFBP232    (0)   :  0.004 0.005 0.004 0.988 
104  ZFBP233    (0)   :  0.005 0.006 0.005 0.983 
105   ZFCC01    (0)   :  0.019 0.970 0.005 0.005 
106   ZFCC03    (0)   :  0.005 0.986 0.004 0.005 
107   ZFCC04    (0)   :  0.009 0.980 0.005 0.005 
108   ZFCC05    (0)   :  0.009 0.978 0.006 0.006 
109   ZFCC08    (0)   :  0.006 0.966 0.004 0.023 
110   ZFCC09    (0)   :  0.009 0.983 0.004 0.004 
111   ZFCC10    (0)   :  0.028 0.962 0.005 0.005 
112   ZFCC11    (0)   :  0.008 0.982 0.005 0.006 
113   ZFCC12    (0)   :  0.086 0.892 0.017 0.005 
114   ZFCC13    (0)   :  0.005 0.971 0.012 0.012 
115   ZFCC14    (0)   :  0.021 0.963 0.008 0.008 
116   ZFCC15    (0)   :  0.008 0.977 0.009 0.005 
117   ZFCC16    (0)   :  0.009 0.980 0.006 0.004 
118   ZFCC17    (0)   :  0.010 0.980 0.007 0.003 
119   ZFCC18    (0)   :  0.008 0.982 0.005 0.005 
120   ZFCC19    (0)   :  0.011 0.964 0.021 0.004 
121   ZFCC20    (0)   :  0.006 0.986 0.004 0.004 
122   ZFCC21    (0)   :  0.023 0.802 0.060 0.115 
123   ZFCC22    (0)   :  0.015 0.490 0.012 0.484 
124   ZFCC26    (0)   :  0.008 0.982 0.005 0.004 
125   ZFCC27    (0)   :  0.004 0.988 0.004 0.004 
126   ZFCC29    (0)   :  0.017 0.967 0.010 0.005 
127   ZFCC30    (0)   :  0.003 0.989 0.004 0.004 
128   ZFCC32    (0)   :  0.011 0.973 0.012 0.005 
129   ZFCC33    (0)   :  0.009 0.980 0.007 0.003 
130   ZFCC34    (0)   :  0.020 0.947 0.007 0.026 
131   ZFCC35    (0)   :  0.004 0.986 0.005 0.005 
132   ZFCC36    (0)   :  0.008 0.953 0.026 0.013 
133   ZFCC37    (0)   :  0.077 0.876 0.038 0.009 
134   ZFCC40    (0)   :  0.015 0.970 0.008 0.007 
135   ZFCC42    (0)   :  0.207 0.631 0.156 0.005 
136   ZFCC44    (0)   :  0.003 0.989 0.004 0.003 
137   ZFCC45    (9)   :  0.034 0.941 0.020 0.005 
138   ZFCC46    (0)   :  0.004 0.977 0.006 0.014 
139   ZFCC47    (0)   :  0.060 0.925 0.008 0.007 
140   ZFCC48    (0)   :  0.012 0.907 0.012 0.069 
141   ZFCC50    (0)   :  0.009 0.981 0.006 0.004 
142   ZFCC51    (0)   :  0.006 0.987 0.004 0.003 
143   ZFCC52    (0)   :  0.006 0.974 0.008 0.012 
144   ZFCC53    (0)   :  0.005 0.988 0.003 0.003 
145  ZFCNS01    (0)   :  0.004 0.959 0.018 0.019 
146  ZFCNS02    (0)   :  0.004 0.981 0.003 0.012 
147  ZFCNS05    (0)   :  0.007 0.969 0.004 0.020 
148  ZFCNS06    (0)   :  0.005 0.979 0.004 0.012 
149  ZFCNS07    (0)   :  0.005 0.546 0.005 0.443 
150  ZFCNS10    (0)   :  0.003 0.904 0.004 0.088 
151  ZFCNS11    (0)   :  0.004 0.976 0.008 0.012 
152  ZFCNS15    (0)   :  0.007 0.156 0.006 0.830 
153  ZFCNS17    (0)   :  0.003 0.982 0.004 0.011 
154  ZFCNS18    (0)   :  0.004 0.963 0.005 0.028 
155  ZFCNS19    (0)   :  0.005 0.986 0.004 0.006 
156  ZFCNS20    (0)   :  0.005 0.847 0.006 0.142 
157  ZFCNS21    (0)   :  0.004 0.984 0.004 0.008 
158  ZFCNS22    (0)   :  0.008 0.865 0.005 0.122 
159  ZFCNS23    (0)   :  0.005 0.979 0.005 0.011 
160  ZFCNS24    (0)   :  0.003 0.984 0.004 0.009 
161  ZFCNS25    (0)   :  0.004 0.933 0.005 0.059 
162  ZFCNS26    (0)   :  0.008 0.655 0.005 0.332 
163  ZFCNS27    (0)   :  0.005 0.080 0.007 0.907 
164  ZFCNS28    (0)   :  0.009 0.966 0.005 0.020 
165  ZFCNS29    (0)   :  0.004 0.977 0.005 0.014 
166  ZFCNS30    (0)   :  0.005 0.982 0.004 0.008 
167  ZFCNS31    (0)   :  0.005 0.932 0.005 0.058 
168  ZFCNS32    (0)   :  0.007 0.953 0.004 0.035 
169  ZFCNS33    (0)   :  0.005 0.958 0.004 0.033 
170  ZFCNS34    (0)   :  0.004 0.987 0.004 0.006 
171  ZFCNS35    (0)   :  0.009 0.970 0.004 0.017 
172  ZFCNS36    (0)   :  0.004 0.986 0.003 0.007 
173  ZFCNS37    (0)   :  0.005 0.938 0.007 0.049 
174  ZFCNS39    (0)   :  0.003 0.979 0.004 0.014 
175  ZFCNS40    (0)   :  0.003 0.955 0.005 0.037 
176  ZFCNS41    (0)   :  0.007 0.770 0.013 0.211 
177  ZFCNS42    (0)   :  0.005 0.938 0.004 0.053 
178  ZFCNS43    (0)   :  0.004 0.985 0.004 0.007 
179  ZFCNS44    (0)   :  0.004 0.975 0.004 0.017 
180  ZFCNS46    (0)   :  0.004 0.967 0.006 0.023 
181  ZFCNS47    (0)   :  0.004 0.982 0.004 0.010 
182  ZFCNS48    (0)   :  0.004 0.939 0.005 0.053 
183  ZFCNS49    (0)   :  0.006 0.171 0.005 0.818 
184   ZFCR01    (0)   :  0.558 0.010 0.363 0.069 
185   ZFCR02    (0)   :  0.049 0.016 0.914 0.021 
186   ZFCR03    (0)   :  0.638 0.021 0.284 0.057 
187   ZFCR04    (0)   :  0.710 0.033 0.208 0.049 
188   ZFCR05    (0)   :  0.116 0.014 0.861 0.008 
189   ZFCR06    (0)   :  0.141 0.163 0.485 0.211 
190   ZFCR07    (0)   :  0.070 0.117 0.795 0.018 
191   ZFCR08    (0)   :  0.059 0.035 0.875 0.030 
192   ZFCR09    (0)   :  0.478 0.103 0.297 0.121 
193   ZFCR11    (0)   :  0.324 0.023 0.527 0.126 
194   ZFCR12    (0)   :  0.015 0.177 0.720 0.088 
195   ZFCR13    (0)   :  0.012 0.010 0.890 0.087 
196   ZFCR14    (0)   :  0.045 0.013 0.927 0.016 
197   ZFCR15    (0)   :  0.041 0.011 0.932 0.016 
198   ZFCR16    (0)   :  0.096 0.009 0.859 0.036 
199   ZFCR18    (0)   :  0.782 0.089 0.092 0.037 
200   ZFCR19    (0)   :  0.546 0.046 0.184 0.224 
201   ZFCR20    (0)   :  0.906 0.011 0.037 0.046 
202   ZFCR21    (0)   :  0.025 0.015 0.936 0.024 
203   ZFCR22    (0)   :  0.014 0.005 0.969 0.012 
204   ZFCR23    (0)   :  0.029 0.005 0.872 0.095 
205   ZFCR24    (9)   :  0.211 0.007 0.301 0.480 
206   ZFCR25    (0)   :  0.031 0.005 0.959 0.005 
207   ZFCR26    (0)   :  0.354 0.035 0.503 0.108 
208   ZFCR27    (9)   :  0.093 0.005 0.898 0.003 
209   ZFCR28    (0)   :  0.010 0.023 0.598 0.369 
210   ZFCR29    (0)   :  0.333 0.008 0.639 0.019 
211   ZFCR30    (0)   :  0.012 0.008 0.972 0.009 
212   ZFCR31    (0)   :  0.401 0.087 0.315 0.198 
213   ZFCR33    (0)   :  0.035 0.032 0.923 0.010 
214   ZFCR34    (0)   :  0.031 0.033 0.905 0.031 
215   ZFCR35    (0)   :  0.811 0.035 0.134 0.020 
216   ZFCR36    (0)   :  0.108 0.017 0.865 0.010 
217   ZFCR37    (0)   :  0.030 0.022 0.942 0.006 
218   ZFCR38    (0)   :  0.037 0.020 0.935 0.008 
219   ZFCR39    (0)   :  0.016 0.017 0.944 0.023 
220   ZFCR40    (0)   :  0.017 0.009 0.968 0.007 
221   ZFCR41    (0)   :  0.012 0.118 0.841 0.028 
222   ZFCR42    (0)   :  0.009 0.045 0.909 0.037 
223   ZFCR43    (0)   :  0.086 0.008 0.811 0.095 
224  ZFENP25    (0)   :  0.068 0.021 0.892 0.019 
225  ZFENP26    (0)   :  0.013 0.005 0.979 0.003 
226  ZFENP27    (0)   :  0.315 0.388 0.267 0.030 
227  ZFENP28    (0)   :  0.027 0.013 0.956 0.004 
228  ZFENP29    (0)   :  0.006 0.008 0.982 0.004 
229  ZFENP30    (0)   :  0.011 0.036 0.948 0.006 
230  ZFENP31    (0)   :  0.019 0.024 0.951 0.007 
231  ZFENP32    (0)   :  0.231 0.061 0.690 0.017 
232  ZFENP33    (0)   :  0.055 0.009 0.930 0.005 
233  ZFENP34    (0)   :  0.607 0.057 0.319 0.017 
234  ZFENP35    (0)   :  0.012 0.007 0.975 0.007 
235  ZFENP36    (0)   :  0.018 0.007 0.973 0.003 
236  ZFENP37    (0)   :  0.073 0.017 0.902 0.008 
237  ZFENP38    (0)   :  0.009 0.024 0.959 0.007 
238  ZFENP39    (0)   :  0.037 0.011 0.948 0.004 
239  ZFENP40    (0)   :  0.041 0.009 0.944 0.007 
240  ZFENP41    (0)   :  0.018 0.049 0.926 0.006 
241  ZFENP42    (0)   :  0.005 0.005 0.987 0.003 
242  ZFENP43    (0)   :  0.016 0.085 0.884 0.015 
243  ZFENP44    (0)   :  0.010 0.017 0.967 0.006 
244  ZFENP45    (0)   :  0.010 0.015 0.790 0.185 
245  ZFENP46    (0)   :  0.020 0.005 0.962 0.013 
246  ZFENP47    (0)   :  0.036 0.024 0.918 0.023 
247  ZFENP48    (0)   :  0.640 0.105 0.217 0.038 
248  ZFENP49    (0)   :  0.179 0.033 0.764 0.023 
249  ZFENP50    (0)   :  0.006 0.005 0.966 0.023 
250  ZFENP51    (0)   :  0.062 0.006 0.920 0.012 
251  ZFENP52    (0)   :  0.004 0.021 0.966 0.008 
252  ZFENP53    (0)   :  0.009 0.009 0.961 0.021 
253  ZFENP54    (0)   :  0.025 0.019 0.912 0.043 
254  ZFENP55    (0)   :  0.203 0.004 0.786 0.007 
255  ZFENP56    (0)   :  0.013 0.009 0.972 0.005 
256  ZFENP57    (0)   :  0.020 0.010 0.966 0.005 
257  ZFENP58    (0)   :  0.016 0.078 0.878 0.028 
258  ZFENP59    (0)   :  0.016 0.025 0.954 0.005 
259  ZFENP60    (0)   :  0.053 0.009 0.931 0.008 
260  ZFENP61    (0)   :  0.037 0.011 0.949 0.003 
261 ZFFDSP01    (0)   :  0.005 0.006 0.003 0.986 
262 ZFFDSP02    (0)   :  0.004 0.004 0.003 0.988 
263 ZFFDSP04    (0)   :  0.006 0.005 0.003 0.986 
264 ZFFDSP05    (0)   :  0.004 0.005 0.005 0.986 
265 ZFFDSP06    (0)   :  0.004 0.005 0.003 0.988 
266 ZFFDSP07    (0)   :  0.005 0.014 0.008 0.974 
267 ZFFDSP08    (0)   :  0.004 0.013 0.006 0.977 
268 ZFFDSP10    (0)   :  0.004 0.006 0.004 0.985 
269 ZFFDSP11    (0)   :  0.006 0.005 0.004 0.985 
270 ZFFDSP12    (0)   :  0.003 0.004 0.004 0.989 
271 ZFFDSP13    (0)   :  0.004 0.025 0.008 0.962 
272 ZFFDSP14    (0)   :  0.005 0.006 0.005 0.984 
273 ZFFDSP16    (0)   :  0.007 0.012 0.006 0.975 
274 ZFFDSP17    (0)   :  0.004 0.005 0.004 0.986 
275 ZFFDSP18    (0)   :  0.008 0.007 0.003 0.982 
276 ZFFDSP19    (0)   :  0.006 0.018 0.003 0.972 
277 ZFFDSP21    (0)   :  0.004 0.016 0.004 0.976 
278 ZFFDSP22    (0)   :  0.003 0.005 0.004 0.989 
279 ZFFDSP23    (0)   :  0.003 0.005 0.003 0.989 
280 ZFFDSP24    (0)   :  0.006 0.007 0.004 0.983 
281 ZFFDSP26    (9)   :  0.004 0.006 0.004 0.986 
282 ZFFDSP27    (0)   :  0.006 0.006 0.003 0.985 
283 ZFFDSP28    (0)   :  0.084 0.020 0.019 0.877 
284 ZFFDSP30    (0)   :  0.014 0.016 0.005 0.966 
285 ZFFDSP31    (0)   :  0.005 0.007 0.004 0.984 
286 ZFFDSP32    (0)   :  0.004 0.005 0.004 0.988 
287 ZFFDSP33    (0)   :  0.003 0.003 0.004 0.990 
288 ZFFDSP34    (0)   :  0.004 0.007 0.003 0.986 
289 ZFFDSP35    (0)   :  0.005 0.006 0.004 0.986 
290 ZFFDSP37    (0)   :  0.005 0.005 0.004 0.986 
291 ZFFDSP38    (0)   :  0.005 0.005 0.004 0.986 
292 ZFFDSP39    (0)   :  0.003 0.004 0.003 0.989 
293 ZFFDSP40    (0)   :  0.005 0.005 0.004 0.986 
294 ZFFDSP42    (0)   :  0.004 0.006 0.003 0.987 
295 ZFFDSP43    (0)   :  0.004 0.005 0.003 0.987 
296 ZFFDSP44    (0)   :  0.005 0.005 0.004 0.985 
297 ZFFDSP45    (0)   :  0.005 0.007 0.004 0.985 
298 ZFFDSP46    (0)   :  0.005 0.008 0.004 0.983 
299 ZFFDSP47    (0)   :  0.004 0.005 0.004 0.987 
300 ZFFDSP48    (0)   :  0.004 0.006 0.004 0.986 
301    ZFI01    (0)   :  0.978 0.010 0.007 0.005 
302    ZFI02    (0)   :  0.982 0.006 0.006 0.006 
303    ZFI03    (0)   :  0.981 0.009 0.006 0.004 
304    ZFI04    (0)   :  0.984 0.006 0.006 0.004 
305    ZFI05    (0)   :  0.974 0.013 0.006 0.007 
306    ZFI06    (0)   :  0.965 0.014 0.007 0.013 
307    ZFI07    (0)   :  0.985 0.005 0.006 0.004 
308    ZFI08    (0)   :  0.984 0.005 0.008 0.003 
309    ZFI09    (0)   :  0.985 0.005 0.005 0.004 
310    ZFI10    (0)   :  0.969 0.014 0.008 0.008 
311    ZFI11    (0)   :  0.984 0.006 0.006 0.003 
312    ZFI12    (0)   :  0.979 0.010 0.007 0.005 
313    ZFI13    (0)   :  0.981 0.008 0.006 0.004 
314    ZFI14    (0)   :  0.975 0.008 0.005 0.011 
315    ZFI15    (0)   :  0.985 0.006 0.005 0.004 
316    ZFI16    (0)   :  0.986 0.006 0.004 0.004 
317    ZFI17    (0)   :  0.981 0.007 0.008 0.004 
318    ZFI18    (0)   :  0.986 0.005 0.006 0.003 
319    ZFI19    (9)   :  0.986 0.005 0.006 0.003 
320    ZFI20    (0)   :  0.983 0.006 0.006 0.006 
321    ZFI21    (0)   :  0.962 0.011 0.006 0.021 
322    ZFI22    (0)   :  0.984 0.006 0.005 0.005 
323    ZFI23    (0)   :  0.983 0.007 0.005 0.004 
324    ZFI24    (0)   :  0.976 0.013 0.005 0.005 
325    ZFI25    (0)   :  0.982 0.006 0.006 0.005 
326    ZFI26    (0)   :  0.983 0.007 0.006 0.004 
327    ZFI27    (0)   :  0.965 0.023 0.006 0.006 
328    ZFK01    (0)   :  0.008 0.962 0.020 0.010 
329    ZFK02    (0)   :  0.012 0.963 0.015 0.010 
330    ZFK03    (0)   :  0.015 0.948 0.028 0.009 
331    ZFK04    (0)   :  0.119 0.801 0.070 0.011 
332    ZFK05    (0)   :  0.071 0.834 0.089 0.006 
333    ZFK06    (0)   :  0.067 0.797 0.129 0.007 
334    ZFK07    (0)   :  0.006 0.938 0.044 0.011 
335    ZFK08    (0)   :  0.142 0.251 0.593 0.014 
336    ZFK10    (0)   :  0.096 0.865 0.027 0.011 
337    ZFK11    (0)   :  0.017 0.732 0.245 0.007 
338    ZFK12    (0)   :  0.006 0.830 0.140 0.024 
339    ZFK13    (0)   :  0.006 0.644 0.285 0.065 
340    ZFK14    (0)   :  0.006 0.958 0.018 0.018 
341    ZFK15    (0)   :  0.017 0.526 0.425 0.033 
342    ZFK16    (0)   :  0.004 0.871 0.089 0.035 
343   ZFLB01    (0)   :  0.008 0.005 0.979 0.008 
344   ZFLB02    (0)   :  0.016 0.004 0.975 0.005 
345   ZFLB03    (0)   :  0.006 0.018 0.970 0.006 
346   ZFLB04    (0)   :  0.021 0.065 0.875 0.039 
347   ZFLB05    (0)   :  0.015 0.006 0.973 0.006 
348   ZFLB06    (0)   :  0.007 0.009 0.979 0.006 
349   ZFLB07    (0)   :  0.005 0.020 0.963 0.012 
350   ZFLB08    (0)   :  0.013 0.005 0.978 0.004 
351   ZFLB09    (9)   :  0.019 0.007 0.969 0.005 
352   ZFLB10    (0)   :  0.017 0.008 0.969 0.005 
353   ZFLB11    (0)   :  0.005 0.006 0.985 0.005 
354   ZFLB12    (0)   :  0.009 0.005 0.983 0.003 
355   ZFLB13    (0)   :  0.006 0.006 0.983 0.005 
356  ZFLTI01    (0)   :  0.004 0.087 0.005 0.904 
357  ZFLTI02    (0)   :  0.005 0.509 0.005 0.481 
358  ZFLTI03    (0)   :  0.004 0.043 0.004 0.949 
359  ZFLTI04    (0)   :  0.007 0.119 0.007 0.867 
360  ZFLTI05    (0)   :  0.005 0.046 0.004 0.945 
361  ZFLTI06    (0)   :  0.004 0.008 0.004 0.985 
362  ZFLTI07    (0)   :  0.006 0.019 0.005 0.970 
363  ZFLTI08    (0)   :  0.009 0.067 0.007 0.917 
364  ZFLTI09    (0)   :  0.007 0.015 0.004 0.974 
365  ZFLTI10    (0)   :  0.005 0.025 0.004 0.965 
366  ZFLTI11    (0)   :  0.004 0.011 0.003 0.982 
367  ZFLTI12    (0)   :  0.004 0.037 0.004 0.955 
368  ZFLTI13    (0)   :  0.006 0.410 0.006 0.579 
369  ZFLTI14    (0)   :  0.006 0.924 0.004 0.066 
370 ZFONF101    (0)   :  0.003 0.003 0.003 0.992 
371 ZFONF102    (0)   :  0.005 0.003 0.007 0.985 
372 ZFONF103    (0)   :  0.005 0.019 0.005 0.970 
373 ZFONF104    (0)   :  0.003 0.004 0.003 0.990 
374 ZFONF105    (0)   :  0.003 0.005 0.003 0.989 
375 ZFONF106    (0)   :  0.005 0.005 0.003 0.988 
376 ZFONF107    (0)   :  0.031 0.022 0.052 0.895 
377 ZFONF108    (0)   :  0.007 0.026 0.012 0.956 
378 ZFONF109    (9)   :  0.005 0.014 0.006 0.975 
379 ZFONF110    (0)   :  0.003 0.005 0.003 0.989 
380 ZFONF111    (0)   :  0.013 0.007 0.017 0.963 
381 ZFONF112    (0)   :  0.004 0.006 0.003 0.988 
382 ZFONF113    (9)   :  0.003 0.007 0.005 0.985 
383 ZFONF115    (0)   :  0.005 0.008 0.004 0.984 
384 ZFONF116    (0)   :  0.006 0.007 0.004 0.983 
385 ZFONF117    (0)   :  0.005 0.014 0.005 0.977 
386 ZFONF118    (0)   :  0.006 0.008 0.004 0.982 
387 ZFONF119    (0)   :  0.004 0.009 0.005 0.982 
388 ZFONF120    (0)   :  0.004 0.012 0.007 0.978 
389 ZFONF121    (0)   :  0.004 0.005 0.004 0.987 
390 ZFONF122    (0)   :  0.008 0.031 0.005 0.956 
391 ZFONF123    (0)   :  0.008 0.007 0.021 0.965 
392 ZFONF124    (0)   :  0.003 0.008 0.006 0.983 
393 ZFONF125    (0)   :  0.007 0.017 0.044 0.931 
394 ZFONF126    (0)   :  0.005 0.012 0.004 0.979 
395 ZFONF201    (0)   :  0.099 0.061 0.070 0.770 
396 ZFONF202    (0)   :  0.003 0.008 0.003 0.985 
397 ZFONF203    (0)   :  0.005 0.008 0.013 0.974 
398 ZFONF204    (0)   :  0.019 0.148 0.081 0.752 
399 ZFONF206    (0)   :  0.026 0.012 0.297 0.665 
400 ZFONF207    (0)   :  0.005 0.009 0.013 0.973 
401 ZFONF208    (0)   :  0.005 0.013 0.010 0.973 
402 ZFONF209    (0)   :  0.017 0.182 0.022 0.779 
403 ZFONF210    (0)   :  0.002 0.010 0.003 0.984 
404 ZFONF211    (0)   :  0.003 0.015 0.006 0.975 
405 ZFONF212    (0)   :  0.002 0.004 0.003 0.990 
406 ZFONF214    (0)   :  0.003 0.008 0.005 0.984 
407 ZFONF215    (0)   :  0.002 0.005 0.003 0.989 
408 ZFONF216    (0)   :  0.003 0.008 0.005 0.984 
409 ZFONF217    (0)   :  0.003 0.008 0.004 0.985 
410 ZFONF218    (0)   :  0.006 0.005 0.026 0.962 
411 ZFONF219    (0)   :  0.002 0.004 0.004 0.990 
412 ZFONF220    (0)   :  0.003 0.008 0.004 0.985 
413 ZFONF222    (0)   :  0.005 0.009 0.017 0.970 
414 ZFONF223    (0)   :  0.006 0.005 0.016 0.973 
415 ZFONF224    (0)   :  0.003 0.006 0.005 0.985 
416 ZFONF225    (0)   :  0.003 0.005 0.003 0.989 
417 ZFONF226    (0)   :  0.003 0.007 0.006 0.984 
418 ZFONF227    (0)   :  0.002 0.005 0.003 0.990 
419 ZFONF228    (0)   :  0.003 0.005 0.003 0.989 
420 ZFONF230    (0)   :  0.002 0.004 0.003 0.990 
421 ZFONF231    (0)   :  0.003 0.016 0.004 0.978 
422 ZFONF232    (0)   :  0.003 0.004 0.004 0.989 
423 ZFONF233    (0)   :  0.003 0.011 0.006 0.980 
424 ZFONF234    (0)   :  0.003 0.008 0.023 0.966 
425 ZFONF235    (0)   :  0.002 0.010 0.005 0.983 
426 ZFONF236    (0)   :  0.024 0.061 0.036 0.878 
427 ZFONF238    (0)   :  0.004 0.006 0.007 0.983 
428 ZFONF239    (0)   :  0.029 0.056 0.035 0.881 
429 ZFONF240    (0)   :  0.002 0.015 0.003 0.980 
430 ZFONF241    (0)   :  0.006 0.005 0.011 0.978 
431 ZFONF242    (0)   :  0.003 0.012 0.006 0.979 
432 ZFONF243    (0)   :  0.003 0.011 0.005 0.982 
433 ZFONF244    (0)   :  0.003 0.007 0.004 0.986 
434 ZFONF245    (0)   :  0.002 0.012 0.005 0.981 
435   ZFOS01    (0)   :  0.005 0.961 0.006 0.028 
436   ZFOS02    (0)   :  0.038 0.923 0.013 0.026 
437   ZFOS03    (0)   :  0.023 0.898 0.065 0.014 
438   ZFOS04    (0)   :  0.018 0.926 0.009 0.047 
439   ZFOS05    (0)   :  0.008 0.960 0.006 0.026 
440   ZFOS06    (0)   :  0.006 0.975 0.008 0.011 
441   ZFOS07    (0)   :  0.037 0.949 0.007 0.007 
442   ZFOS08    (0)   :  0.028 0.955 0.005 0.011 
443   ZFOS09    (0)   :  0.039 0.808 0.045 0.108 
444   ZFOS10    (0)   :  0.062 0.914 0.021 0.003 
445   ZFOS11    (0)   :  0.013 0.920 0.050 0.018 
446   ZFOS12    (0)   :  0.060 0.553 0.360 0.028 
447   ZFOS13    (0)   :  0.022 0.955 0.009 0.014 
448   ZFOS14    (0)   :  0.157 0.781 0.049 0.014 
449   ZFOS15    (0)   :  0.009 0.980 0.007 0.004 
450   ZFOS16    (0)   :  0.017 0.947 0.012 0.025 
451   ZFOS17    (0)   :  0.015 0.968 0.012 0.005 
452   ZFOS18    (0)   :  0.010 0.973 0.012 0.005 
453   ZFOS19    (0)   :  0.007 0.979 0.009 0.005 
454   ZFOS20    (0)   :  0.014 0.972 0.008 0.006 
455   ZFOS21    (0)   :  0.011 0.970 0.006 0.014 
456   ZFOS22    (0)   :  0.004 0.979 0.009 0.008 
457   ZFOS23    (0)   :  0.378 0.584 0.035 0.003 
458   ZFOS24    (0)   :  0.004 0.987 0.005 0.003 
459   ZFOS25    (0)   :  0.007 0.954 0.007 0.032 
460   ZFOS26    (0)   :  0.010 0.859 0.008 0.123 
461   ZFOS27    (0)   :  0.007 0.966 0.007 0.020 
462   ZFOS28    (0)   :  0.032 0.941 0.019 0.009 
463   ZFOS29    (0)   :  0.017 0.965 0.010 0.008 
464   ZFOS30    (0)   :  0.013 0.965 0.007 0.015 
465   ZFOS31    (0)   :  0.120 0.674 0.047 0.159 
466   ZFOS32    (0)   :  0.015 0.960 0.009 0.015 
467   ZFPB01    (0)   :  0.010 0.005 0.982 0.003 
468   ZFPB02    (0)   :  0.004 0.004 0.986 0.006 
469   ZFPB03    (0)   :  0.008 0.015 0.969 0.008 
470   ZFPB05    (0)   :  0.004 0.003 0.989 0.004 
471   ZFPB06    (0)   :  0.009 0.006 0.981 0.004 
472   ZFPB07    (0)   :  0.004 0.003 0.986 0.007 
473   ZFPB08    (0)   :  0.006 0.007 0.981 0.006 
474   ZFPB10    (0)   :  0.005 0.005 0.987 0.004 
475   ZFPB11    (0)   :  0.004 0.004 0.988 0.003 
476   ZFPB12    (0)   :  0.004 0.004 0.989 0.003 
477   ZFPB13    (0)   :  0.007 0.004 0.982 0.007 
478   ZFPB14    (0)   :  0.005 0.004 0.984 0.007 
479   ZFPB15    (0)   :  0.006 0.006 0.980 0.009 
480   ZFPB17    (0)   :  0.005 0.004 0.989 0.003 
481   ZFPB18    (0)   :  0.004 0.004 0.988 0.004 
482   ZFPB19    (0)   :  0.014 0.007 0.974 0.005 
483   ZFPB20    (0)   :  0.005 0.003 0.989 0.003 
484   ZFPB21    (0)   :  0.005 0.004 0.983 0.008 
485   ZFPB22    (0)   :  0.004 0.003 0.990 0.003 
486   ZFPB23    (0)   :  0.006 0.004 0.984 0.005 
487   ZFSF01    (0)   :  0.914 0.005 0.077 0.004 
488   ZFSF02    (0)   :  0.515 0.026 0.422 0.037 
489   ZFSF03    (0)   :  0.907 0.004 0.084 0.005 
490   ZFSF04    (0)   :  0.980 0.007 0.007 0.006 
491  ZFSW101    (0)   :  0.940 0.007 0.006 0.047 
492  ZFSW102    (0)   :  0.978 0.008 0.006 0.007 
493  ZFSW103    (0)   :  0.955 0.013 0.007 0.025 
494  ZFSW104    (9)   :  0.940 0.018 0.019 0.023 
495  ZFSW105    (0)   :  0.964 0.007 0.005 0.024 
496  ZFSW106    (0)   :  0.919 0.010 0.039 0.032 
497  ZFSW107    (0)   :  0.983 0.005 0.006 0.006 
498  ZFSW108    (0)   :  0.985 0.005 0.007 0.003 
499  ZFSW109    (0)   :  0.980 0.009 0.004 0.007 
500  ZFSW110    (0)   :  0.958 0.010 0.008 0.024 
501  ZFSW111    (0)   :  0.902 0.014 0.007 0.077 
502  ZFSW112    (0)   :  0.952 0.026 0.007 0.016 
503  ZFSW113    (0)   :  0.937 0.013 0.015 0.035 
504  ZFSW114    (0)   :  0.979 0.007 0.006 0.009 
505  ZFSW115    (0)   :  0.959 0.006 0.026 0.009 
506  ZFSW116    (0)   :  0.959 0.007 0.012 0.022 
507  ZFSW117    (0)   :  0.939 0.013 0.011 0.038 
508  ZFSW119    (0)   :  0.982 0.007 0.008 0.003 
509  ZFSW120    (0)   :  0.985 0.004 0.009 0.003 
510  ZFSW121    (0)   :  0.927 0.015 0.028 0.030 
511  ZFSW122    (0)   :  0.977 0.008 0.005 0.010 
512  ZFSW123    (0)   :  0.988 0.004 0.004 0.004 
513  ZFSW124    (0)   :  0.984 0.007 0.005 0.004 
514  ZFSW201    (0)   :  0.982 0.006 0.009 0.003 
515  ZFSW202    (0)   :  0.984 0.006 0.006 0.004 
516  ZFSW203    (0)   :  0.983 0.006 0.007 0.003 
517  ZFSW204    (0)   :  0.979 0.009 0.008 0.004 
518  ZFSW205    (0)   :  0.982 0.006 0.007 0.005 
519  ZFSW206    (0)   :  0.977 0.006 0.012 0.005 
520  ZFSW207    (0)   :  0.981 0.007 0.005 0.008 
521  ZFSW208    (0)   :  0.980 0.006 0.009 0.005 
522  ZFSW209    (0)   :  0.952 0.005 0.037 0.006 
523  ZFSW210    (0)   :  0.956 0.019 0.007 0.017 
524  ZFSW211    (0)   :  0.962 0.010 0.019 0.009 
525  ZFSW212    (0)   :  0.981 0.008 0.006 0.006 
526  ZFSW213    (0)   :  0.983 0.007 0.005 0.004 
527  ZFSW214    (0)   :  0.980 0.009 0.005 0.005 
528  ZFSW215    (0)   :  0.986 0.006 0.005 0.004 
529  ZFSW216    (0)   :  0.973 0.010 0.008 0.008 
530  ZFSW217    (0)   :  0.984 0.007 0.005 0.004 
531  ZFSW218    (0)   :  0.982 0.007 0.006 0.005 
532  ZFSW219    (0)   :  0.958 0.015 0.020 0.007 
533  ZFSW220    (0)   :  0.974 0.007 0.014 0.005 
534  ZFSW221    (0)   :  0.973 0.008 0.013 0.006 
535  ZFSW222    (0)   :  0.987 0.004 0.006 0.003 
536  ZFSW223    (0)   :  0.974 0.006 0.016 0.004 
537  ZFSW224    (0)   :  0.974 0.010 0.010 0.007 
538  ZFSW225    (0)   :  0.979 0.007 0.009 0.005 
539  ZFSW226    (0)   :  0.983 0.006 0.006 0.005 
540  ZFSW227    (0)   :  0.984 0.007 0.006 0.004 
541  ZFSW229    (0)   :  0.978 0.006 0.011 0.005 
542  ZFSW230    (0)   :  0.979 0.007 0.005 0.009 
543  ZFSW231    (0)   :  0.977 0.006 0.011 0.006 
544  ZFSW232    (0)   :  0.984 0.005 0.007 0.004 
545  ZFSW233    (0)   :  0.975 0.005 0.014 0.006 
546  ZFSW234    (0)   :  0.988 0.004 0.005 0.003 
547  ZFSW235    (0)   :  0.975 0.011 0.009 0.005 
548  ZFSW236    (0)   :  0.985 0.006 0.004 0.005 
549  ZFSW237    (0)   :  0.976 0.011 0.008 0.005 
550  ZFSW238    (0)   :  0.820 0.041 0.103 0.035 
551  ZFSW239    (0)   :  0.984 0.004 0.005 0.007 
552  ZFSW240    (0)   :  0.985 0.005 0.006 0.003 
553   ZFTS01    (0)   :  0.977 0.003 0.015 0.005 
554   ZFTS02    (0)   :  0.980 0.005 0.007 0.007 
555   ZFTS03    (0)   :  0.984 0.005 0.007 0.004 
556   ZFTS04    (0)   :  0.977 0.005 0.014 0.004 
557   ZFTS05    (0)   :  0.792 0.008 0.195 0.005 
558   ZFTS07    (0)   :  0.927 0.004 0.065 0.004 
559   ZFTS08    (0)   :  0.983 0.004 0.010 0.003 
560   ZFTS09    (0)   :  0.973 0.003 0.021 0.003 
561   ZFTS10    (0)   :  0.986 0.004 0.006 0.004 
562   ZFTS11    (0)   :  0.982 0.004 0.011 0.004 
563   ZFTS12    (0)   :  0.964 0.006 0.026 0.004 
564   ZFTS14    (0)   :  0.951 0.005 0.039 0.005 
565   ZFTS15    (0)   :  0.923 0.004 0.066 0.006 
566   ZFTS16    (0)   :  0.981 0.005 0.008 0.006 
567   ZFTS17    (9)   :  0.960 0.007 0.028 0.005 
568   ZFTS18    (0)   :  0.987 0.004 0.006 0.003 
569   ZFTS19    (9)   :  0.985 0.005 0.008 0.003 
570   ZFTS20    (0)   :  0.976 0.006 0.015 0.004 
571   ZFTS21    (0)   :  0.972 0.004 0.020 0.004 
572   ZFTS22    (0)   :  0.974 0.004 0.020 0.003 
573   ZFTS23    (0)   :  0.970 0.006 0.019 0.005 
574   ZFTS24    (0)   :  0.984 0.005 0.007 0.003 
575   ZFTS25    (0)   :  0.961 0.004 0.028 0.007 
576   ZFTS26    (0)   :  0.989 0.003 0.005 0.003 
577   ZFTS27    (0)   :  0.938 0.006 0.050 0.006 
578   ZFTS28    (0)   :  0.705 0.013 0.270 0.012 
579   ZFTS29    (0)   :  0.959 0.005 0.034 0.002 
580   ZFTS30    (0)   :  0.943 0.005 0.049 0.004 
581   ZFTS31    (0)   :  0.957 0.008 0.029 0.005 
582   ZFTS32    (0)   :  0.968 0.005 0.022 0.005 
583   ZFTS33    (0)   :  0.958 0.006 0.029 0.007 
584   ZFTS34    (0)   :  0.982 0.004 0.009 0.005 
585   ZFTS35    (0)   :  0.985 0.005 0.006 0.005 
586   ZFTS36    (0)   :  0.975 0.004 0.017 0.004 
587   ZFTS37    (0)   :  0.980 0.006 0.010 0.004 
588   ZFTS38    (0)   :  0.970 0.005 0.021 0.004 
589   ZFTS39    (0)   :  0.979 0.004 0.012 0.004 
590   ZFTS40    (0)   :  0.935 0.008 0.043 0.013 
591 ZFTSP101    (0)   :  0.004 0.066 0.005 0.924 
592 ZFTSP102    (0)   :  0.007 0.945 0.007 0.041 
593 ZFTSP103    (0)   :  0.004 0.966 0.005 0.026 
594 ZFTSP104    (0)   :  0.003 0.006 0.005 0.986 
595 ZFTSP105    (0)   :  0.006 0.742 0.006 0.246 
596 ZFTSP106    (0)   :  0.004 0.008 0.007 0.981 
597 ZFTSP107    (0)   :  0.004 0.089 0.010 0.897 
598 ZFTSP108    (0)   :  0.003 0.029 0.009 0.959 
599 ZFTSP109    (0)   :  0.004 0.015 0.012 0.969 
600 ZFTSP110    (0)   :  0.004 0.015 0.007 0.974 
601 ZFTSP111    (0)   :  0.004 0.023 0.004 0.969 
602 ZFTSP112    (0)   :  0.005 0.069 0.005 0.920 
603 ZFTSP113    (0)   :  0.004 0.014 0.010 0.971 
604 ZFTSP114    (0)   :  0.003 0.037 0.005 0.955 
605 ZFTSP115    (0)   :  0.003 0.030 0.005 0.962 
606 ZFTSP116    (0)   :  0.004 0.075 0.007 0.913 
607 ZFTSP117    (0)   :  0.004 0.009 0.003 0.984 
608 ZFTSP118    (0)   :  0.006 0.112 0.005 0.877 
609 ZFTSP119    (0)   :  0.037 0.012 0.044 0.908 
610 ZFTSP120    (0)   :  0.005 0.036 0.003 0.955 
611 ZFTSP121    (0)   :  0.021 0.299 0.056 0.624 
612 ZFTSP122    (0)   :  0.003 0.186 0.004 0.807 
613 ZFTSP123    (0)   :  0.002 0.007 0.005 0.986 
614 ZFTSP124    (0)   :  0.002 0.012 0.005 0.981 
615 ZFTSP125    (0)   :  0.002 0.007 0.005 0.985 
616 ZFTSP126    (0)   :  0.004 0.016 0.008 0.973 
617 ZFTSP127    (0)   :  0.003 0.012 0.005 0.980 
618 ZFTSP128    (0)   :  0.003 0.040 0.006 0.951 
619 ZFTSP129    (0)   :  0.003 0.028 0.004 0.965 
620 ZFTSP130    (0)   :  0.003 0.014 0.005 0.978 
621 ZFTSP131    (0)   :  0.003 0.015 0.004 0.979 
622 ZFTSP132    (0)   :  0.006 0.041 0.008 0.946 
623 ZFTSP133    (0)   :  0.003 0.040 0.003 0.954 
624 ZFTSP134    (0)   :  0.003 0.036 0.005 0.956 
625 ZFTSP135    (0)   :  0.004 0.040 0.004 0.952 
626 ZFTSP136    (0)   :  0.005 0.022 0.004 0.969 
627 ZFTSP137    (0)   :  0.012 0.060 0.029 0.900 
628 ZFTSP138    (0)   :  0.004 0.018 0.006 0.972 
629 ZFTSP139    (0)   :  0.003 0.008 0.003 0.986 
630 ZFTSP140    (0)   :  0.005 0.086 0.012 0.897 
631 ZFTSP141    (0)   :  0.007 0.184 0.009 0.800 
632 ZFTSP142    (0)   :  0.006 0.539 0.010 0.445 
633 ZFTSP143    (0)   :  0.004 0.026 0.004 0.965 
634 ZFTSP144    (0)   :  0.007 0.163 0.006 0.823 
635 ZFTSP145    (0)   :  0.004 0.472 0.005 0.519 
636 ZFTSP201    (9)   :  0.004 0.014 0.006 0.975 
637 ZFTSP202    (0)   :  0.005 0.185 0.019 0.791 
638 ZFTSP203    (0)   :  0.005 0.012 0.004 0.979 
639 ZFTSP204    (0)   :  0.006 0.027 0.004 0.963 
640 ZFTSP205    (0)   :  0.007 0.076 0.012 0.905 
641 ZFTSP206    (0)   :  0.007 0.017 0.005 0.972 
642 ZFTSP207    (0)   :  0.006 0.007 0.005 0.982 
643 ZFTSP208    (0)   :  0.009 0.013 0.005 0.973 
644 ZFTSP209    (0)   :  0.004 0.022 0.004 0.970 
645 ZFTSP210    (0)   :  0.005 0.007 0.004 0.984 
646 ZFTSP211    (0)   :  0.006 0.044 0.009 0.940 
647 ZFTSP212    (0)   :  0.002 0.008 0.003 0.987 
648 ZFTSP213    (0)   :  0.003 0.010 0.008 0.979 
649 ZFTSP214    (0)   :  0.003 0.889 0.005 0.102 
650 ZFTSP215    (0)   :  0.004 0.164 0.005 0.827 
651 ZFTSP216    (0)   :  0.018 0.208 0.060 0.714 
652 ZFTSP217    (0)   :  0.004 0.007 0.006 0.984 
653 ZFTSP218    (0)   :  0.005 0.012 0.006 0.977 
654 ZFTSP219    (0)   :  0.007 0.069 0.007 0.916 
655 ZFTSP220    (0)   :  0.009 0.049 0.026 0.917 
656 ZFTSP221    (0)   :  0.004 0.017 0.007 0.971 
657 ZFTSP222    (0)   :  0.007 0.012 0.158 0.822 
658 ZFTSP223    (0)   :  0.003 0.017 0.004 0.976 
659 ZFTSP224    (0)   :  0.003 0.308 0.005 0.684 
660 ZFTSP225    (0)   :  0.004 0.014 0.006 0.976 
661 ZFTSP226    (0)   :  0.004 0.175 0.008 0.812 
662 ZFTSP227    (0)   :  0.005 0.012 0.017 0.966 
663 ZFTSP228    (0)   :  0.006 0.249 0.017 0.727 
664    ZFW01    (0)   :  0.985 0.004 0.005 0.006 
665    ZFW02    (0)   :  0.985 0.005 0.005 0.005 
666    ZFW03    (0)   :  0.986 0.005 0.005 0.005 
667    ZFW04    (0)   :  0.987 0.005 0.005 0.003 
668    ZFW05    (0)   :  0.806 0.057 0.120 0.018 
669    ZFW06    (0)   :  0.975 0.005 0.017 0.004 
670   ZFWB01    (0)   :  0.040 0.038 0.851 0.070 
671   ZFWB02    (0)   :  0.279 0.032 0.669 0.019 
672   ZFWB03    (0)   :  0.022 0.028 0.927 0.023 
673   ZFWB05    (0)   :  0.133 0.017 0.762 0.088 
674   ZFWB06    (0)   :  0.158 0.032 0.736 0.073 
675   ZFWB07    (0)   :  0.009 0.018 0.955 0.019 
676   ZFWB10    (0)   :  0.166 0.023 0.670 0.141 
677   ZFWB11    (0)   :  0.008 0.013 0.967 0.012 
678   ZFWB12    (0)   :  0.040 0.095 0.832 0.033 
679   ZFWB13    (9)   :  0.015 0.273 0.627 0.084 
680   ZFWB14    (0)   :  0.023 0.016 0.903 0.058 
681   ZFWB15    (9)   :  0.127 0.021 0.800 0.052 
682   ZFWB18    (0)   :  0.005 0.015 0.953 0.027 
683   ZFWB19    (0)   :  0.018 0.007 0.968 0.007 
684   ZFWB20    (0)   :  0.014 0.007 0.968 0.011 
685   ZFWB21    (0)   :  0.009 0.020 0.954 0.017 
686   ZFWB22    (0)   :  0.100 0.040 0.812 0.048 
687   ZFWB23    (0)   :  0.034 0.284 0.326 0.356 
688   ZFWB24    (0)   :  0.026 0.018 0.915 0.041 
689   ZFWB25    (0)   :  0.105 0.013 0.845 0.037 
690   ZFWB26    (0)   :  0.017 0.008 0.964 0.010 
691   ZFWB27    (0)   :  0.015 0.010 0.962 0.013 
692   ZFWB29    (0)   :  0.127 0.015 0.844 0.013 
693   ZFWB30    (0)   :  0.009 0.027 0.950 0.014 
694   ZFWB31    (0)   :  0.006 0.021 0.942 0.031 
695   ZFWB32    (9)   :  0.030 0.014 0.940 0.015 
696   ZFWB35    (0)   :  0.006 0.015 0.967 0.012 
697   ZFWB36    (0)   :  0.015 0.019 0.951 0.015 
698   ZFWB37    (0)   :  0.012 0.015 0.957 0.016 
699   ZFWB38    (0)   :  0.025 0.007 0.950 0.018 
700   ZFWB39    (9)   :  0.011 0.043 0.917 0.029 
701   ZFWB40    (0)   :  0.011 0.036 0.932 0.021 
702   ZFWB41    (9)   :  0.019 0.039 0.899 0.043 
703   ZFWB42    (0)   :  0.009 0.017 0.948 0.027 
704   ZFWB43    (0)   :  0.006 0.009 0.977 0.007 
705   ZFWB44    (0)   :  0.085 0.009 0.899 0.007 
706   ZFWB46    (0)   :  0.014 0.014 0.961 0.011 
707   ZFWB47    (9)   :  0.063 0.021 0.893 0.023 
708   ZFWB48    (0)   :  0.007 0.025 0.930 0.038 
709   ZFWB49    (0)   :  0.012 0.021 0.704 0.262 
710    ZCF01    (0)   :  0.017 0.011 0.967 0.005 
711    ZCF02    (0)   :  0.113 0.005 0.878 0.003 
712    ZCF03    (0)   :  0.010 0.006 0.978 0.005 
713    ZCF04    (0)   :  0.005 0.004 0.986 0.005 
714    ZCF05    (0)   :  0.159 0.006 0.831 0.004 
715    ZCF06    (0)   :  0.005 0.052 0.932 0.011 
716    ZCF07    (0)   :  0.020 0.007 0.969 0.004 
717    ZCF08    (0)   :  0.005 0.007 0.981 0.006 
718    ZCF09    (0)   :  0.006 0.088 0.708 0.198 
719    ZCF10    (0)   :  0.013 0.013 0.959 0.015 
720    ZCF11    (0)   :  0.011 0.006 0.975 0.008 
721    ZCF12    (0)   :  0.009 0.004 0.984 0.004 
722    ZCF13    (0)   :  0.010 0.005 0.979 0.006 
723    ZCF14    (0)   :  0.055 0.018 0.905 0.022 
724    ZCF15    (0)   :  0.007 0.007 0.982 0.004 
725    ZCF16    (0)   :  0.006 0.009 0.980 0.004 
726    ZCF17    (0)   :  0.007 0.006 0.983 0.004 
727    ZCF18    (0)   :  0.012 0.005 0.977 0.007 
728    ZCF19    (0)   :  0.030 0.008 0.958 0.004 
729    ZCF20    (0)   :  0.013 0.007 0.968 0.012 
730    ZCF21    (0)   :  0.012 0.007 0.977 0.004 
731    ZCF22    (0)   :  0.035 0.014 0.942 0.009 
732    ZCF23    (0)   :  0.012 0.005 0.977 0.007 
733    ZCF24    (0)   :  0.004 0.042 0.929 0.025 
734    ZCF25    (0)   :  0.005 0.009 0.976 0.009 
735    ZCF26    (0)   :  0.007 0.033 0.952 0.008 
736    ZCF27    (0)   :  0.009 0.006 0.981 0.004 
737    ZCF28    (0)   :  0.016 0.008 0.972 0.004 
738    ZCF29    (0)   :  0.009 0.017 0.952 0.021 
739    ZCF30    (0)   :  0.006 0.008 0.982 0.004 
740    ZCF31    (0)   :  0.010 0.004 0.982 0.005 
741    ZCF32    (0)   :  0.095 0.006 0.894 0.005 
742    ZCF33    (0)   :  0.115 0.004 0.877 0.004 
743    ZCF34    (0)   :  0.014 0.010 0.861 0.116 
744    ZCF35    (0)   :  0.005 0.005 0.983 0.007 
745    ZCF36    (0)   :  0.298 0.007 0.676 0.019 
746    ZCF37    (0)   :  0.019 0.006 0.967 0.008 
747    ZCF38    (0)   :  0.006 0.008 0.978 0.008 
748    ZCF39    (0)   :  0.012 0.006 0.342 0.640 
749    ZCF40    (0)   :  0.006 0.018 0.962 0.014 
750    ZCF41    (0)   :  0.023 0.014 0.960 0.004 
751    ZCF42    (0)   :  0.006 0.040 0.946 0.008 


Estimated Allele Frequencies in each cluster
First column gives estimated ancestral frequencies


Locus 1 : 
11 alleles
0.0% missing data
 206   (0.191) 0.188 0.366 0.125 0.255 
 204   (0.367) 0.551 0.575 0.682 0.623 
 222   (0.064) 0.083 0.001 0.067 0.000 
 218   (0.071) 0.112 0.037 0.002 0.069 
 216   (0.024) 0.000 0.000 0.001 0.006 
 208   (0.042) 0.000 0.000 0.005 0.030 
 224   (0.075) 0.054 0.020 0.021 0.000 
 220   (0.088) 0.012 0.001 0.085 0.015 
