

----------------------------------------------------
STRUCTURE by Pritchard, Stephens and Donnelly (2000)
     and Falush, Stephens and Pritchard (2003)
       Code by Pritchard, Falush and Hubisz
             Version 2.3.4 (Jul 2012)
----------------------------------------------------



Command line arguments:   bin\structure -m C:\Users\eschumacher\Documents\GitHub\GCC_QUAC_ZAIN\Data_Files\Structure_Files\ZAIN\ZAIN_wild_rebinned_nopopinfo\50-50\mainparams -e C:\Users\eschumacher\Documents\GitHub\GCC_QUAC_ZAIN\Data_Files\Structure_Files\ZAIN\ZAIN_wild_rebinned_nopopinfo\50-50\extraparams 
Input File:    C:\Users\eschumacher\Documents\GitHub\GCC_QUAC_ZAIN\Data_Files\Structure_Files\ZAIN\ZAIN_wild_rebinned_nopopinfo\project_data

Run parameters:
   751 individuals
   11 loci
   13 populations assumed
   50000 Burn-in period
   50000 Reps


--------------------------------------------
Overall proportion of membership of the
sample in each of the 13 clusters

Inferred Clusters
  1      2      3      4      5      6      7      8      9     10     11     12     13    
0.074  0.067  0.052  0.100  0.034  0.093  0.055  0.087  0.062  0.103  0.069  0.076  0.127  

--------------------------------------------

Allele-freq. divergence among pops (Net nucleotide distance),
computed using point estimates of P.

      1       2       3       4       5       6       7       8       9      10      11      12      13      
 1      -    0.2506  0.3499  0.1037  0.1841  0.1194  0.1883  0.1756  0.1762  0.1975  0.2046  0.1440  0.1590  
 2   0.2506     -    0.4529  0.2083  0.2495  0.1328  0.2337  0.2040  0.2981  0.3028  0.2774  0.2675  0.2997  
 3   0.3499  0.4529     -    0.1827  0.3189  0.3738  0.3920  0.3530  0.4627  0.3064  0.4290  0.3636  0.2635  
 4   0.1037  0.2083  0.1827     -    0.1605  0.1651  0.2022  0.1490  0.2781  0.1243  0.2451  0.1996  0.0845  
 5   0.1841  0.2495  0.3189  0.1605     -    0.1943  0.1999  0.2003  0.2863  0.2614  0.2696  0.2028  0.2218  
 6   0.1194  0.1328  0.3738  0.1651  0.1943     -    0.1056  0.1734  0.1354  0.2647  0.0773  0.0758  0.2513  
 7   0.1883  0.2337  0.3920  0.2022  0.1999  0.1056     -    0.2099  0.1113  0.2697  0.0895  0.0694  0.2535  
 8   0.1756  0.2040  0.3530  0.1490  0.2003  0.1734  0.2099     -    0.2107  0.2140  0.2724  0.2148  0.1801  
 9   0.1762  0.2981  0.4627  0.2781  0.2863  0.1354  0.1113  0.2107     -    0.3707  0.1675  0.1291  0.3310  
10   0.1975  0.3028  0.3064  0.1243  0.2614  0.2647  0.2697  0.2140  0.3707     -    0.2717  0.2575  0.0763  
11   0.2046  0.2774  0.4290  0.2451  0.2696  0.0773  0.0895  0.2724  0.1675  0.2717     -    0.0419  0.2915  
12   0.1440  0.2675  0.3636  0.1996  0.2028  0.0758  0.0694  0.2148  0.1291  0.2575  0.0419     -    0.2349  
13   0.1590  0.2997  0.2635  0.0845  0.2218  0.2513  0.2535  0.1801  0.3310  0.0763  0.2915  0.2349     -    

Average distances (expected heterozygosity) between individuals in same cluster:
cluster  1  : 0.4522 
cluster  2  : 0.2231 
cluster  3  : 0.2526 
cluster  4  : 0.5436 
cluster  5  : 0.2426 
cluster  6  : 0.4267 
cluster  7  : 0.4051 
cluster  8  : 0.3908 
cluster  9  : 0.3604 
cluster 10  : 0.4801 
cluster 11  : 0.3122 
cluster 12  : 0.3867 
cluster 13  : 0.4300 

--------------------------------------------
Estimated Ln Prob of Data   = -13325.8
Mean value of ln likelihood = -12820.7
Variance of ln likelihood   = 1010.1
Mean value of alpha         = 0.0330

Mean value of Fst_1         = 0.3236
Mean value of Fst_2         = 0.6591
Mean value of Fst_3         = 0.6344
Mean value of Fst_4         = 0.1567
Mean value of Fst_5         = 0.6338
Mean value of Fst_6         = 0.4033
Mean value of Fst_7         = 0.3569
Mean value of Fst_8         = 0.4107
Mean value of Fst_9         = 0.4262
Mean value of Fst_10         = 0.4290
Mean value of Fst_11         = 0.4956
Mean value of Fst_12         = 0.3636
Mean value of Fst_13         = 0.4387


Inferred ancestry of individuals:
        Label (%Miss) :  Inferred clusters
  1    ZFB01    (0)   :  0.003 0.003 0.006 0.003 0.002 0.003 0.003 0.004 0.003 0.954 0.005 0.004 0.008 
  2    ZFB02    (0)   :  0.005 0.002 0.014 0.007 0.007 0.003 0.003 0.011 0.003 0.902 0.003 0.004 0.036 
  3    ZFB03    (0)   :  0.011 0.021 0.003 0.018 0.005 0.013 0.006 0.006 0.002 0.876 0.014 0.009 0.015 
  4    ZFB04    (0)   :  0.004 0.002 0.014 0.005 0.008 0.003 0.003 0.005 0.003 0.928 0.004 0.006 0.016 
  5    ZFB05    (0)   :  0.020 0.010 0.095 0.043 0.042 0.005 0.003 0.009 0.010 0.730 0.002 0.004 0.026 
  6    ZFB06    (0)   :  0.020 0.010 0.071 0.040 0.022 0.005 0.003 0.007 0.010 0.788 0.002 0.004 0.017 
  7    ZFB07    (9)   :  0.013 0.005 0.014 0.045 0.006 0.006 0.005 0.004 0.006 0.816 0.011 0.006 0.062 
  8    ZFB08    (0)   :  0.021 0.005 0.003 0.006 0.010 0.007 0.008 0.007 0.007 0.884 0.009 0.008 0.026 
  9    ZFB09    (0)   :  0.004 0.003 0.003 0.004 0.003 0.003 0.003 0.004 0.002 0.958 0.003 0.003 0.007 
 10    ZFB10    (0)   :  0.005 0.002 0.004 0.004 0.007 0.007 0.008 0.005 0.005 0.907 0.029 0.012 0.006 
 11    ZFB11    (0)   :  0.003 0.002 0.013 0.003 0.005 0.003 0.004 0.004 0.003 0.945 0.006 0.005 0.004 
 12    ZFB12    (0)   :  0.021 0.005 0.024 0.011 0.004 0.006 0.005 0.005 0.003 0.889 0.006 0.008 0.013 
 13    ZFB13    (0)   :  0.014 0.004 0.003 0.006 0.014 0.007 0.012 0.004 0.007 0.895 0.011 0.009 0.015 
 14    ZFB14    (0)   :  0.004 0.003 0.003 0.004 0.005 0.003 0.004 0.005 0.003 0.951 0.006 0.004 0.006 
 15    ZFB15    (0)   :  0.004 0.002 0.006 0.004 0.003 0.002 0.002 0.003 0.002 0.957 0.003 0.002 0.010 
 16    ZFB16    (0)   :  0.008 0.003 0.004 0.005 0.011 0.005 0.006 0.003 0.004 0.924 0.009 0.007 0.010 
 17    ZFB17    (0)   :  0.025 0.002 0.021 0.009 0.027 0.008 0.004 0.013 0.009 0.854 0.007 0.013 0.007 
 18    ZFB18    (0)   :  0.003 0.002 0.003 0.003 0.003 0.002 0.003 0.004 0.002 0.963 0.004 0.003 0.004 
 19    ZFB19    (0)   :  0.056 0.007 0.005 0.058 0.005 0.021 0.015 0.004 0.011 0.669 0.066 0.030 0.053 
 20    ZFB20    (0)   :  0.008 0.003 0.016 0.006 0.019 0.005 0.005 0.003 0.005 0.902 0.007 0.009 0.013 
 21    ZFB21    (0)   :  0.003 0.004 0.006 0.006 0.004 0.003 0.003 0.003 0.002 0.953 0.003 0.003 0.009 
 22    ZFB22    (0)   :  0.009 0.002 0.023 0.008 0.005 0.008 0.005 0.007 0.008 0.894 0.010 0.009 0.011 
 23    ZFB23    (0)   :  0.003 0.003 0.016 0.004 0.006 0.003 0.004 0.004 0.002 0.940 0.005 0.004 0.004 
 24    ZFB24    (0)   :  0.003 0.003 0.019 0.004 0.006 0.003 0.004 0.003 0.003 0.936 0.005 0.004 0.007 
 25    ZFB25    (0)   :  0.003 0.003 0.005 0.003 0.003 0.005 0.005 0.004 0.003 0.933 0.021 0.008 0.004 
 26    ZFB26    (0)   :  0.003 0.003 0.038 0.005 0.012 0.005 0.007 0.004 0.003 0.896 0.012 0.007 0.005 
 27    ZFB27    (0)   :  0.002 0.002 0.066 0.004 0.003 0.003 0.004 0.003 0.003 0.894 0.006 0.004 0.005 
 28    ZFB28    (0)   :  0.011 0.004 0.131 0.025 0.011 0.005 0.004 0.007 0.003 0.779 0.005 0.007 0.007 
 29    ZFB29    (0)   :  0.003 0.002 0.009 0.005 0.009 0.002 0.003 0.004 0.002 0.949 0.003 0.003 0.005 
 30    ZFB30    (0)   :  0.015 0.006 0.225 0.053 0.004 0.005 0.004 0.004 0.012 0.649 0.004 0.004 0.017 
 31    ZFB31    (0)   :  0.003 0.004 0.006 0.004 0.003 0.005 0.006 0.004 0.004 0.928 0.018 0.009 0.006 
 32    ZFB32    (0)   :  0.029 0.007 0.066 0.023 0.025 0.007 0.009 0.019 0.004 0.772 0.008 0.017 0.015 
 33    ZFB33    (0)   :  0.003 0.002 0.005 0.004 0.003 0.002 0.003 0.003 0.002 0.959 0.003 0.003 0.008 
 34    ZFB34    (0)   :  0.004 0.004 0.003 0.005 0.004 0.003 0.003 0.006 0.003 0.947 0.004 0.003 0.010 
 35    ZFB35    (0)   :  0.005 0.004 0.005 0.004 0.006 0.004 0.004 0.005 0.003 0.934 0.006 0.006 0.013 
 36  ZFBP101    (0)   :  0.013 0.017 0.003 0.008 0.108 0.209 0.059 0.065 0.039 0.009 0.154 0.307 0.008 
 37  ZFBP102    (0)   :  0.008 0.004 0.003 0.013 0.037 0.216 0.157 0.009 0.018 0.015 0.157 0.352 0.011 
 38  ZFBP103    (0)   :  0.007 0.033 0.003 0.008 0.048 0.469 0.012 0.121 0.011 0.008 0.212 0.063 0.006 
 39  ZFBP104    (0)   :  0.040 0.010 0.003 0.017 0.006 0.163 0.025 0.004 0.008 0.019 0.650 0.036 0.021 
 40  ZFBP105    (0)   :  0.009 0.018 0.006 0.008 0.008 0.070 0.429 0.006 0.005 0.006 0.272 0.157 0.006 
 41  ZFBP106    (0)   :  0.004 0.022 0.003 0.004 0.011 0.051 0.122 0.007 0.011 0.003 0.574 0.184 0.003 
 42  ZFBP107    (0)   :  0.009 0.019 0.041 0.020 0.057 0.115 0.150 0.008 0.005 0.007 0.527 0.035 0.006 
 43  ZFBP108    (0)   :  0.003 0.007 0.003 0.003 0.005 0.012 0.049 0.003 0.005 0.003 0.691 0.213 0.003 
 44  ZFBP109    (0)   :  0.005 0.006 0.002 0.003 0.003 0.046 0.249 0.005 0.005 0.004 0.141 0.526 0.006 
 45  ZFBP110    (0)   :  0.012 0.092 0.003 0.026 0.039 0.125 0.049 0.023 0.005 0.043 0.065 0.504 0.013 
 46  ZFBP111    (0)   :  0.012 0.010 0.004 0.004 0.005 0.244 0.038 0.004 0.124 0.003 0.153 0.398 0.003 
 47  ZFBP112    (0)   :  0.006 0.009 0.004 0.004 0.009 0.011 0.017 0.008 0.034 0.003 0.041 0.850 0.004 
 48  ZFBP113    (0)   :  0.005 0.003 0.004 0.004 0.004 0.009 0.007 0.003 0.004 0.003 0.585 0.367 0.003 
 49  ZFBP114    (0)   :  0.003 0.004 0.006 0.006 0.012 0.056 0.777 0.004 0.005 0.003 0.064 0.055 0.004 
 50  ZFBP115    (0)   :  0.006 0.017 0.003 0.004 0.008 0.822 0.056 0.008 0.013 0.002 0.029 0.029 0.003 
 51  ZFBP116    (0)   :  0.008 0.006 0.005 0.004 0.006 0.021 0.020 0.004 0.005 0.002 0.652 0.265 0.003 
 52  ZFBP117    (0)   :  0.006 0.011 0.002 0.005 0.008 0.021 0.284 0.012 0.009 0.003 0.485 0.149 0.003 
 53  ZFBP118    (0)   :  0.004 0.004 0.013 0.007 0.020 0.050 0.506 0.004 0.013 0.004 0.325 0.045 0.003 
 54  ZFBP119    (0)   :  0.021 0.016 0.002 0.005 0.011 0.220 0.586 0.026 0.019 0.003 0.046 0.040 0.004 
 55  ZFBP120    (0)   :  0.011 0.019 0.005 0.007 0.008 0.106 0.228 0.005 0.006 0.007 0.406 0.187 0.006 
 56  ZFBP121    (0)   :  0.005 0.009 0.003 0.005 0.008 0.014 0.423 0.009 0.005 0.005 0.170 0.340 0.004 
 57  ZFBP122    (9)   :  0.006 0.006 0.003 0.004 0.006 0.025 0.039 0.004 0.011 0.003 0.411 0.478 0.004 
 58  ZFBP123    (0)   :  0.006 0.006 0.005 0.004 0.022 0.010 0.011 0.007 0.009 0.002 0.023 0.893 0.004 
 59  ZFBP124    (0)   :  0.005 0.006 0.005 0.005 0.009 0.025 0.379 0.006 0.005 0.005 0.135 0.404 0.012 
 60  ZFBP125    (0)   :  0.004 0.009 0.003 0.003 0.007 0.022 0.152 0.008 0.018 0.002 0.737 0.033 0.002 
 61  ZFBP126    (0)   :  0.017 0.003 0.003 0.014 0.022 0.019 0.012 0.014 0.006 0.009 0.522 0.348 0.009 
 62  ZFBP127    (0)   :  0.003 0.089 0.003 0.005 0.007 0.122 0.095 0.017 0.005 0.003 0.129 0.521 0.003 
 63  ZFBP128    (0)   :  0.004 0.020 0.002 0.003 0.010 0.020 0.012 0.021 0.035 0.003 0.769 0.098 0.003 
 64  ZFBP129    (0)   :  0.006 0.009 0.003 0.006 0.010 0.009 0.275 0.013 0.128 0.004 0.315 0.216 0.006 
 65  ZFBP130    (0)   :  0.009 0.014 0.004 0.003 0.010 0.053 0.079 0.033 0.077 0.002 0.593 0.121 0.002 
 66  ZFBP131    (0)   :  0.005 0.003 0.004 0.003 0.003 0.006 0.080 0.004 0.005 0.003 0.456 0.424 0.004 
 67  ZFBP132    (0)   :  0.003 0.024 0.003 0.004 0.004 0.022 0.275 0.005 0.004 0.005 0.281 0.366 0.003 
 68  ZFBP133    (0)   :  0.006 0.003 0.002 0.002 0.003 0.007 0.008 0.007 0.038 0.002 0.191 0.728 0.003 
 69  ZFBP134    (0)   :  0.009 0.012 0.003 0.003 0.003 0.711 0.013 0.020 0.009 0.004 0.048 0.162 0.003 
 70  ZFBP135    (0)   :  0.006 0.022 0.002 0.008 0.078 0.035 0.049 0.194 0.012 0.011 0.457 0.118 0.007 
 71  ZFBP136    (0)   :  0.005 0.018 0.006 0.004 0.112 0.093 0.036 0.031 0.029 0.003 0.053 0.606 0.003 
 72  ZFBP201    (0)   :  0.005 0.007 0.005 0.004 0.004 0.006 0.006 0.004 0.004 0.004 0.015 0.933 0.004 
 73  ZFBP202    (0)   :  0.007 0.017 0.003 0.006 0.006 0.036 0.110 0.005 0.011 0.006 0.408 0.380 0.007 
 74  ZFBP203    (0)   :  0.021 0.005 0.045 0.023 0.007 0.011 0.014 0.004 0.012 0.006 0.059 0.782 0.011 
 75  ZFBP204    (0)   :  0.011 0.024 0.006 0.005 0.046 0.143 0.426 0.015 0.024 0.004 0.096 0.193 0.005 
 76  ZFBP205    (0)   :  0.005 0.003 0.004 0.003 0.008 0.025 0.141 0.005 0.008 0.002 0.010 0.783 0.003 
 77  ZFBP206    (0)   :  0.007 0.004 0.004 0.003 0.012 0.007 0.006 0.005 0.013 0.003 0.014 0.917 0.004 
 78  ZFBP207    (0)   :  0.007 0.123 0.006 0.005 0.009 0.145 0.625 0.013 0.008 0.005 0.010 0.042 0.004 
 79  ZFBP208    (0)   :  0.007 0.003 0.006 0.004 0.008 0.006 0.005 0.004 0.005 0.002 0.008 0.938 0.004 
 80  ZFBP209    (0)   :  0.005 0.003 0.002 0.002 0.003 0.007 0.036 0.009 0.061 0.002 0.076 0.790 0.003 
 81  ZFBP210    (0)   :  0.006 0.006 0.005 0.004 0.005 0.006 0.006 0.003 0.006 0.003 0.008 0.938 0.004 
 82  ZFBP211    (0)   :  0.004 0.011 0.003 0.004 0.008 0.013 0.666 0.004 0.004 0.007 0.158 0.112 0.005 
 83  ZFBP212    (0)   :  0.004 0.067 0.004 0.004 0.003 0.089 0.060 0.003 0.006 0.008 0.431 0.319 0.004 
 84  ZFBP213    (0)   :  0.009 0.011 0.004 0.004 0.020 0.008 0.017 0.008 0.007 0.004 0.018 0.882 0.008 
 85  ZFBP214    (0)   :  0.020 0.024 0.003 0.006 0.013 0.015 0.010 0.029 0.016 0.004 0.008 0.846 0.006 
 86  ZFBP215    (0)   :  0.004 0.006 0.003 0.003 0.005 0.009 0.027 0.006 0.008 0.003 0.391 0.531 0.003 
 87  ZFBP216    (0)   :  0.018 0.005 0.006 0.007 0.006 0.035 0.048 0.005 0.005 0.004 0.080 0.776 0.005 
 88  ZFBP217    (0)   :  0.017 0.025 0.005 0.006 0.004 0.043 0.017 0.006 0.080 0.004 0.015 0.773 0.004 
 89  ZFBP218    (0)   :  0.005 0.004 0.004 0.003 0.003 0.034 0.244 0.004 0.014 0.002 0.142 0.535 0.006 
 90  ZFBP219    (0)   :  0.005 0.003 0.004 0.004 0.004 0.007 0.009 0.003 0.004 0.002 0.495 0.457 0.003 
 91  ZFBP220    (0)   :  0.006 0.015 0.004 0.004 0.008 0.090 0.031 0.021 0.039 0.003 0.233 0.543 0.003 
 92  ZFBP221    (0)   :  0.005 0.008 0.004 0.003 0.002 0.521 0.118 0.003 0.011 0.004 0.107 0.209 0.004 
 93  ZFBP222    (0)   :  0.005 0.003 0.004 0.003 0.004 0.005 0.009 0.006 0.006 0.003 0.037 0.910 0.004 
 94  ZFBP223    (0)   :  0.005 0.245 0.005 0.006 0.008 0.078 0.084 0.008 0.009 0.007 0.046 0.494 0.005 
 95  ZFBP224    (0)   :  0.005 0.005 0.004 0.004 0.009 0.008 0.008 0.004 0.004 0.003 0.028 0.913 0.004 
 96  ZFBP225    (0)   :  0.014 0.024 0.010 0.007 0.009 0.251 0.019 0.009 0.258 0.003 0.134 0.258 0.004 
 97  ZFBP226    (0)   :  0.005 0.005 0.004 0.004 0.005 0.015 0.086 0.003 0.005 0.003 0.200 0.661 0.004 
 98  ZFBP227    (0)   :  0.143 0.010 0.004 0.039 0.011 0.131 0.069 0.006 0.006 0.010 0.184 0.371 0.017 
 99  ZFBP228    (0)   :  0.004 0.086 0.003 0.005 0.005 0.313 0.245 0.019 0.008 0.004 0.182 0.122 0.004 
100  ZFBP229    (0)   :  0.006 0.005 0.003 0.004 0.003 0.025 0.082 0.008 0.026 0.003 0.613 0.218 0.002 
101  ZFBP230    (0)   :  0.008 0.012 0.003 0.004 0.008 0.123 0.058 0.023 0.027 0.003 0.075 0.653 0.003 
102  ZFBP231    (0)   :  0.008 0.008 0.005 0.006 0.021 0.018 0.817 0.004 0.005 0.006 0.046 0.049 0.007 
103  ZFBP232    (0)   :  0.004 0.004 0.003 0.003 0.005 0.010 0.513 0.004 0.007 0.003 0.269 0.172 0.003 
104  ZFBP233    (0)   :  0.010 0.008 0.004 0.005 0.008 0.033 0.151 0.004 0.017 0.007 0.064 0.683 0.006 
105   ZFCC01    (0)   :  0.005 0.005 0.004 0.004 0.009 0.004 0.004 0.932 0.004 0.005 0.003 0.006 0.017 
106   ZFCC03    (0)   :  0.003 0.008 0.003 0.003 0.005 0.003 0.004 0.949 0.004 0.003 0.004 0.005 0.005 
107   ZFCC04    (0)   :  0.005 0.006 0.004 0.004 0.012 0.004 0.003 0.937 0.006 0.004 0.003 0.005 0.006 
108   ZFCC05    (0)   :  0.007 0.019 0.005 0.006 0.054 0.007 0.005 0.861 0.007 0.005 0.006 0.009 0.010 
109   ZFCC08    (0)   :  0.007 0.005 0.002 0.003 0.009 0.010 0.013 0.900 0.021 0.002 0.008 0.014 0.006 
110   ZFCC09    (0)   :  0.003 0.008 0.003 0.004 0.007 0.004 0.005 0.947 0.003 0.003 0.003 0.003 0.007 
111   ZFCC10    (0)   :  0.004 0.004 0.004 0.004 0.008 0.003 0.005 0.937 0.003 0.004 0.003 0.005 0.017 
112   ZFCC11    (0)   :  0.004 0.011 0.004 0.004 0.009 0.004 0.004 0.933 0.004 0.004 0.005 0.007 0.007 
113   ZFCC12    (0)   :  0.008 0.008 0.005 0.022 0.044 0.009 0.005 0.740 0.008 0.010 0.006 0.009 0.127 
114   ZFCC13    (0)   :  0.011 0.008 0.012 0.006 0.008 0.013 0.006 0.901 0.007 0.004 0.008 0.013 0.004 
115   ZFCC14    (0)   :  0.004 0.004 0.006 0.005 0.026 0.004 0.007 0.901 0.008 0.007 0.009 0.010 0.007 
116   ZFCC15    (0)   :  0.008 0.005 0.004 0.005 0.006 0.004 0.004 0.944 0.004 0.004 0.003 0.005 0.005 
117   ZFCC16    (0)   :  0.005 0.004 0.004 0.004 0.014 0.003 0.003 0.942 0.004 0.005 0.003 0.004 0.006 
118   ZFCC17    (0)   :  0.004 0.006 0.009 0.006 0.052 0.004 0.003 0.893 0.003 0.006 0.003 0.003 0.008 
119   ZFCC18    (0)   :  0.004 0.010 0.004 0.004 0.009 0.005 0.004 0.935 0.006 0.004 0.004 0.006 0.007 
120   ZFCC19    (0)   :  0.008 0.003 0.008 0.006 0.011 0.003 0.003 0.941 0.003 0.005 0.002 0.003 0.004 
121   ZFCC20    (0)   :  0.006 0.007 0.003 0.004 0.012 0.007 0.003 0.936 0.005 0.004 0.003 0.004 0.005 
122   ZFCC21    (0)   :  0.059 0.003 0.007 0.007 0.013 0.013 0.008 0.711 0.026 0.006 0.022 0.120 0.006 
123   ZFCC22    (0)   :  0.008 0.007 0.005 0.003 0.009 0.060 0.035 0.588 0.035 0.003 0.054 0.184 0.010 
124   ZFCC26    (0)   :  0.004 0.004 0.003 0.004 0.009 0.004 0.003 0.949 0.004 0.004 0.003 0.003 0.005 
125   ZFCC27    (0)   :  0.004 0.007 0.003 0.003 0.006 0.003 0.004 0.954 0.003 0.003 0.003 0.003 0.003 
126   ZFCC29    (0)   :  0.011 0.005 0.004 0.005 0.018 0.005 0.004 0.921 0.005 0.008 0.003 0.005 0.007 
127   ZFCC30    (0)   :  0.004 0.010 0.003 0.003 0.007 0.005 0.004 0.946 0.005 0.003 0.003 0.004 0.003 
128   ZFCC32    (0)   :  0.011 0.006 0.006 0.007 0.010 0.007 0.005 0.920 0.005 0.003 0.003 0.005 0.011 
129   ZFCC33    (0)   :  0.005 0.008 0.004 0.009 0.313 0.005 0.004 0.620 0.005 0.011 0.005 0.005 0.007 
130   ZFCC34    (0)   :  0.007 0.062 0.008 0.006 0.056 0.032 0.066 0.597 0.018 0.022 0.043 0.054 0.030 
131   ZFCC35    (0)   :  0.004 0.004 0.004 0.003 0.008 0.004 0.005 0.954 0.004 0.002 0.003 0.003 0.003 
132   ZFCC36    (0)   :  0.017 0.004 0.020 0.006 0.011 0.008 0.005 0.889 0.009 0.004 0.007 0.015 0.006 
133   ZFCC37    (0)   :  0.012 0.008 0.005 0.020 0.039 0.009 0.007 0.746 0.008 0.009 0.007 0.012 0.116 
134   ZFCC40    (0)   :  0.003 0.003 0.013 0.004 0.014 0.004 0.004 0.926 0.004 0.004 0.006 0.008 0.007 
135   ZFCC42    (0)   :  0.006 0.034 0.099 0.053 0.557 0.009 0.005 0.054 0.006 0.071 0.003 0.006 0.098 
136   ZFCC44    (0)   :  0.003 0.009 0.008 0.004 0.017 0.004 0.004 0.938 0.003 0.003 0.003 0.003 0.003 
137   ZFCC45    (9)   :  0.008 0.009 0.022 0.020 0.053 0.005 0.005 0.835 0.004 0.008 0.005 0.007 0.021 
138   ZFCC46    (0)   :  0.009 0.009 0.004 0.003 0.016 0.020 0.011 0.860 0.033 0.004 0.011 0.016 0.003 
139   ZFCC47    (0)   :  0.005 0.006 0.004 0.006 0.009 0.006 0.007 0.859 0.007 0.006 0.003 0.004 0.078 
140   ZFCC48    (0)   :  0.014 0.004 0.004 0.004 0.015 0.011 0.009 0.801 0.032 0.005 0.020 0.076 0.005 
141   ZFCC50    (0)   :  0.004 0.003 0.004 0.004 0.011 0.003 0.003 0.950 0.003 0.004 0.003 0.003 0.005 
142   ZFCC51    (0)   :  0.003 0.009 0.002 0.003 0.004 0.003 0.003 0.955 0.003 0.004 0.003 0.003 0.004 
143   ZFCC52    (0)   :  0.008 0.005 0.008 0.004 0.043 0.010 0.012 0.852 0.015 0.004 0.012 0.021 0.006 
144   ZFCC53    (0)   :  0.003 0.006 0.003 0.004 0.005 0.003 0.003 0.957 0.003 0.003 0.003 0.003 0.004 
145  ZFCNS01    (0)   :  0.043 0.816 0.032 0.027 0.003 0.041 0.004 0.007 0.003 0.002 0.006 0.009 0.005 
146  ZFCNS02    (0)   :  0.003 0.956 0.002 0.003 0.004 0.007 0.005 0.004 0.005 0.003 0.003 0.003 0.003 
147  ZFCNS05    (0)   :  0.005 0.933 0.002 0.003 0.006 0.008 0.008 0.008 0.005 0.004 0.007 0.007 0.004 
148  ZFCNS06    (0)   :  0.003 0.957 0.002 0.003 0.004 0.004 0.005 0.005 0.004 0.003 0.004 0.004 0.003 
149  ZFCNS07    (0)   :  0.003 0.943 0.002 0.003 0.003 0.006 0.010 0.004 0.010 0.003 0.006 0.005 0.003 
150  ZFCNS10    (0)   :  0.003 0.927 0.005 0.003 0.003 0.020 0.007 0.005 0.005 0.003 0.010 0.008 0.002 
151  ZFCNS11    (0)   :  0.019 0.902 0.014 0.012 0.003 0.016 0.004 0.007 0.004 0.002 0.005 0.007 0.005 
152  ZFCNS15    (0)   :  0.004 0.868 0.002 0.003 0.006 0.041 0.013 0.003 0.008 0.004 0.037 0.009 0.003 
153  ZFCNS17    (0)   :  0.003 0.957 0.002 0.003 0.004 0.004 0.004 0.006 0.004 0.002 0.004 0.003 0.003 
154  ZFCNS18    (0)   :  0.003 0.931 0.005 0.003 0.003 0.016 0.006 0.005 0.004 0.003 0.011 0.008 0.003 
155  ZFCNS19    (0)   :  0.003 0.962 0.002 0.003 0.003 0.005 0.003 0.005 0.004 0.003 0.003 0.003 0.003 
156  ZFCNS20    (0)   :  0.004 0.905 0.002 0.003 0.008 0.017 0.014 0.004 0.015 0.003 0.011 0.009 0.003 
157  ZFCNS21    (0)   :  0.003 0.963 0.002 0.003 0.004 0.005 0.003 0.004 0.002 0.002 0.003 0.003 0.002 
158  ZFCNS22    (0)   :  0.005 0.916 0.002 0.004 0.006 0.013 0.011 0.005 0.005 0.005 0.013 0.011 0.004 
159  ZFCNS23    (0)   :  0.009 0.891 0.012 0.008 0.024 0.005 0.005 0.013 0.011 0.004 0.003 0.007 0.007 
160  ZFCNS24    (0)   :  0.004 0.932 0.002 0.003 0.011 0.010 0.008 0.008 0.006 0.002 0.005 0.006 0.003 
161  ZFCNS25    (0)   :  0.004 0.918 0.002 0.003 0.008 0.013 0.016 0.005 0.009 0.003 0.009 0.007 0.003 
162  ZFCNS26    (0)   :  0.003 0.956 0.002 0.003 0.003 0.007 0.004 0.003 0.004 0.003 0.006 0.003 0.003 
163  ZFCNS27    (0)   :  0.004 0.870 0.003 0.003 0.006 0.032 0.022 0.003 0.009 0.003 0.032 0.010 0.003 
164  ZFCNS28    (0)   :  0.003 0.959 0.002 0.003 0.003 0.005 0.004 0.004 0.004 0.004 0.004 0.003 0.003 
165  ZFCNS29    (0)   :  0.005 0.934 0.002 0.004 0.007 0.008 0.008 0.007 0.004 0.003 0.006 0.007 0.003 
166  ZFCNS30    (0)   :  0.005 0.945 0.002 0.004 0.006 0.008 0.004 0.006 0.003 0.004 0.005 0.005 0.004 
167  ZFCNS31    (0)   :  0.003 0.960 0.002 0.003 0.003 0.006 0.004 0.003 0.004 0.003 0.004 0.003 0.003 
168  ZFCNS32    (0)   :  0.005 0.936 0.002 0.003 0.006 0.012 0.006 0.004 0.006 0.003 0.007 0.005 0.003 
169  ZFCNS33    (0)   :  0.003 0.962 0.002 0.003 0.003 0.005 0.004 0.003 0.004 0.003 0.003 0.003 0.003 
170  ZFCNS34    (0)   :  0.005 0.939 0.002 0.003 0.007 0.006 0.005 0.012 0.004 0.004 0.004 0.005 0.003 
171  ZFCNS35    (0)   :  0.004 0.887 0.002 0.003 0.003 0.026 0.012 0.007 0.004 0.019 0.014 0.011 0.007 
172  ZFCNS36    (0)   :  0.004 0.932 0.002 0.003 0.009 0.008 0.009 0.009 0.008 0.002 0.004 0.006 0.003 
173  ZFCNS37    (0)   :  0.004 0.795 0.002 0.008 0.006 0.148 0.007 0.005 0.008 0.003 0.006 0.005 0.003 
174  ZFCNS39    (0)   :  0.012 0.881 0.004 0.006 0.006 0.029 0.007 0.017 0.020 0.002 0.006 0.008 0.002 
175  ZFCNS40    (0)   :  0.007 0.620 0.003 0.004 0.011 0.181 0.015 0.025 0.114 0.003 0.006 0.009 0.003 
176  ZFCNS41    (0)   :  0.010 0.205 0.004 0.008 0.012 0.688 0.015 0.016 0.005 0.005 0.010 0.016 0.005 
177  ZFCNS42    (0)   :  0.003 0.959 0.002 0.003 0.003 0.006 0.004 0.003 0.003 0.002 0.005 0.004 0.003 
178  ZFCNS43    (0)   :  0.003 0.962 0.002 0.003 0.004 0.004 0.003 0.004 0.003 0.003 0.003 0.003 0.003 
179  ZFCNS44    (0)   :  0.003 0.931 0.004 0.003 0.004 0.017 0.005 0.005 0.003 0.003 0.011 0.008 0.002 
180  ZFCNS46    (0)   :  0.005 0.938 0.002 0.004 0.006 0.011 0.005 0.005 0.004 0.003 0.007 0.006 0.003 
181  ZFCNS47    (0)   :  0.003 0.963 0.002 0.003 0.004 0.005 0.003 0.004 0.003 0.003 0.003 0.003 0.002 
182  ZFCNS48    (0)   :  0.005 0.881 0.005 0.003 0.005 0.045 0.008 0.007 0.005 0.004 0.015 0.014 0.003 
183  ZFCNS49    (0)   :  0.003 0.875 0.004 0.003 0.003 0.052 0.007 0.003 0.004 0.004 0.030 0.009 0.003 
184   ZFCR01    (0)   :  0.007 0.003 0.006 0.655 0.003 0.005 0.009 0.026 0.018 0.029 0.031 0.045 0.162 
185   ZFCR02    (0)   :  0.037 0.008 0.018 0.090 0.050 0.010 0.080 0.060 0.041 0.544 0.008 0.046 0.008 
186   ZFCR03    (0)   :  0.229 0.003 0.044 0.034 0.063 0.007 0.021 0.029 0.022 0.256 0.031 0.148 0.114 
187   ZFCR04    (0)   :  0.053 0.014 0.031 0.193 0.007 0.045 0.020 0.022 0.039 0.449 0.026 0.013 0.090 
188   ZFCR05    (0)   :  0.357 0.004 0.023 0.240 0.006 0.007 0.006 0.080 0.008 0.122 0.007 0.007 0.133 
189   ZFCR06    (0)   :  0.051 0.062 0.004 0.385 0.007 0.060 0.075 0.033 0.026 0.149 0.072 0.038 0.038 
190   ZFCR07    (0)   :  0.481 0.053 0.008 0.271 0.050 0.030 0.005 0.010 0.004 0.047 0.010 0.012 0.020 
191   ZFCR08    (0)   :  0.008 0.004 0.029 0.606 0.030 0.012 0.010 0.067 0.033 0.020 0.029 0.039 0.114 
192   ZFCR09    (0)   :  0.039 0.014 0.113 0.072 0.024 0.048 0.074 0.031 0.022 0.200 0.035 0.099 0.230 
193   ZFCR11    (0)   :  0.233 0.011 0.009 0.151 0.005 0.148 0.028 0.017 0.003 0.233 0.007 0.008 0.148 
194   ZFCR12    (0)   :  0.468 0.124 0.005 0.173 0.010 0.078 0.017 0.016 0.023 0.050 0.020 0.009 0.005 
195   ZFCR13    (0)   :  0.448 0.007 0.003 0.311 0.006 0.009 0.047 0.008 0.005 0.019 0.117 0.015 0.005 
196   ZFCR14    (0)   :  0.496 0.006 0.012 0.290 0.007 0.009 0.008 0.021 0.036 0.080 0.010 0.008 0.017 
197   ZFCR15    (0)   :  0.131 0.004 0.013 0.367 0.013 0.012 0.016 0.016 0.128 0.237 0.019 0.023 0.019 
198   ZFCR16    (0)   :  0.082 0.003 0.004 0.447 0.005 0.008 0.021 0.011 0.053 0.293 0.019 0.040 0.015 
199   ZFCR18    (0)   :  0.008 0.011 0.004 0.014 0.063 0.009 0.063 0.020 0.012 0.771 0.007 0.012 0.007 
200   ZFCR19    (0)   :  0.065 0.004 0.005 0.022 0.006 0.009 0.021 0.013 0.319 0.226 0.026 0.013 0.270 
201   ZFCR20    (0)   :  0.176 0.004 0.005 0.093 0.027 0.012 0.015 0.008 0.011 0.118 0.069 0.121 0.341 
202   ZFCR21    (0)   :  0.630 0.003 0.004 0.230 0.007 0.009 0.007 0.025 0.018 0.034 0.010 0.012 0.012 
203   ZFCR22    (0)   :  0.788 0.003 0.003 0.091 0.007 0.005 0.008 0.004 0.014 0.054 0.009 0.009 0.005 
204   ZFCR23    (0)   :  0.435 0.004 0.041 0.170 0.003 0.024 0.024 0.003 0.005 0.040 0.170 0.069 0.013 
205   ZFCR24    (9)   :  0.207 0.004 0.005 0.077 0.010 0.008 0.024 0.008 0.006 0.061 0.410 0.098 0.082 
206   ZFCR25    (0)   :  0.604 0.003 0.004 0.241 0.008 0.004 0.003 0.009 0.004 0.052 0.004 0.004 0.060 
207   ZFCR26    (0)   :  0.639 0.006 0.005 0.018 0.010 0.013 0.022 0.028 0.028 0.004 0.014 0.020 0.193 
208   ZFCR27    (9)   :  0.043 0.004 0.004 0.826 0.003 0.003 0.003 0.006 0.004 0.017 0.004 0.004 0.078 
209   ZFCR28    (0)   :  0.011 0.024 0.006 0.536 0.007 0.016 0.039 0.009 0.065 0.004 0.020 0.255 0.006 
210   ZFCR29    (0)   :  0.765 0.002 0.005 0.018 0.005 0.006 0.007 0.007 0.005 0.137 0.011 0.010 0.024 
211   ZFCR30    (0)   :  0.851 0.005 0.010 0.064 0.004 0.005 0.004 0.005 0.004 0.026 0.005 0.004 0.012 
212   ZFCR31    (0)   :  0.074 0.036 0.018 0.027 0.028 0.074 0.080 0.011 0.023 0.383 0.055 0.098 0.091 
213   ZFCR33    (0)   :  0.019 0.005 0.010 0.832 0.011 0.015 0.006 0.029 0.011 0.007 0.009 0.012 0.035 
214   ZFCR34    (0)   :  0.567 0.010 0.025 0.071 0.005 0.032 0.009 0.015 0.010 0.183 0.026 0.035 0.011 
215   ZFCR35    (0)   :  0.022 0.011 0.007 0.027 0.009 0.011 0.005 0.022 0.009 0.847 0.012 0.007 0.010 
216   ZFCR36    (0)   :  0.481 0.013 0.038 0.058 0.005 0.007 0.005 0.010 0.005 0.342 0.009 0.010 0.018 
217   ZFCR37    (0)   :  0.640 0.004 0.021 0.127 0.019 0.004 0.003 0.060 0.004 0.044 0.004 0.005 0.064 
218   ZFCR38    (0)   :  0.027 0.007 0.007 0.768 0.011 0.009 0.007 0.041 0.015 0.007 0.006 0.011 0.083 
219   ZFCR39    (0)   :  0.012 0.003 0.220 0.349 0.066 0.014 0.040 0.103 0.030 0.031 0.021 0.078 0.034 
220   ZFCR40    (0)   :  0.106 0.004 0.045 0.698 0.006 0.016 0.005 0.033 0.006 0.021 0.021 0.015 0.023 
221   ZFCR41    (0)   :  0.473 0.014 0.004 0.186 0.007 0.118 0.008 0.096 0.020 0.047 0.006 0.011 0.009 
222   ZFCR42    (0)   :  0.407 0.011 0.046 0.289 0.013 0.024 0.018 0.053 0.027 0.018 0.035 0.034 0.025 
223   ZFCR43    (0)   :  0.246 0.004 0.007 0.305 0.005 0.006 0.054 0.005 0.006 0.189 0.153 0.010 0.011 
224  ZFENP25    (0)   :  0.007 0.003 0.005 0.876 0.006 0.005 0.003 0.019 0.011 0.005 0.009 0.019 0.031 
225  ZFENP26    (0)   :  0.004 0.003 0.008 0.949 0.004 0.004 0.003 0.004 0.003 0.006 0.002 0.003 0.006 
226  ZFENP27    (0)   :  0.007 0.061 0.017 0.361 0.046 0.044 0.006 0.171 0.013 0.017 0.022 0.033 0.203 
227  ZFENP28    (0)   :  0.012 0.012 0.008 0.879 0.005 0.005 0.005 0.013 0.005 0.009 0.004 0.004 0.038 
228  ZFENP29    (0)   :  0.010 0.005 0.005 0.936 0.007 0.004 0.003 0.008 0.004 0.005 0.005 0.004 0.005 
229  ZFENP30    (0)   :  0.011 0.009 0.010 0.797 0.096 0.005 0.007 0.031 0.008 0.008 0.004 0.006 0.009 
230  ZFENP31    (0)   :  0.015 0.005 0.189 0.307 0.360 0.004 0.009 0.011 0.004 0.034 0.004 0.005 0.054 
231  ZFENP32    (0)   :  0.015 0.024 0.133 0.241 0.128 0.016 0.024 0.010 0.008 0.305 0.009 0.023 0.066 
232  ZFENP33    (0)   :  0.033 0.005 0.009 0.815 0.037 0.007 0.006 0.005 0.003 0.012 0.007 0.008 0.052 
233  ZFENP34    (0)   :  0.009 0.011 0.006 0.341 0.051 0.007 0.009 0.021 0.005 0.034 0.005 0.007 0.495 
234  ZFENP35    (0)   :  0.009 0.013 0.065 0.830 0.007 0.018 0.005 0.005 0.005 0.014 0.014 0.008 0.007 
235  ZFENP36    (0)   :  0.012 0.011 0.013 0.922 0.007 0.004 0.002 0.003 0.002 0.010 0.003 0.003 0.007 
236  ZFENP37    (0)   :  0.031 0.013 0.029 0.697 0.009 0.009 0.006 0.010 0.004 0.018 0.009 0.010 0.155 
237  ZFENP38    (0)   :  0.352 0.019 0.023 0.502 0.016 0.009 0.006 0.020 0.005 0.009 0.006 0.007 0.025 
238  ZFENP39    (0)   :  0.012 0.004 0.009 0.904 0.006 0.005 0.003 0.011 0.003 0.017 0.005 0.004 0.018 
239  ZFENP40    (0)   :  0.006 0.006 0.025 0.867 0.013 0.005 0.007 0.007 0.004 0.021 0.008 0.011 0.019 
240  ZFENP41    (0)   :  0.006 0.009 0.030 0.778 0.055 0.007 0.006 0.055 0.008 0.021 0.008 0.006 0.010 
241  ZFENP42    (0)   :  0.054 0.003 0.229 0.668 0.011 0.006 0.003 0.006 0.005 0.004 0.004 0.004 0.005 
242  ZFENP43    (0)   :  0.088 0.059 0.015 0.657 0.007 0.041 0.007 0.034 0.006 0.007 0.008 0.008 0.063 
243  ZFENP44    (0)   :  0.030 0.014 0.120 0.715 0.026 0.023 0.005 0.016 0.003 0.005 0.015 0.013 0.017 
244  ZFENP45    (0)   :  0.039 0.011 0.134 0.357 0.019 0.014 0.042 0.016 0.298 0.007 0.023 0.025 0.016 
245  ZFENP46    (0)   :  0.063 0.008 0.019 0.777 0.011 0.019 0.010 0.003 0.005 0.009 0.023 0.014 0.041 
246  ZFENP47    (0)   :  0.009 0.004 0.187 0.383 0.031 0.005 0.016 0.080 0.124 0.094 0.016 0.016 0.035 
247  ZFENP48    (0)   :  0.011 0.012 0.008 0.070 0.173 0.006 0.020 0.022 0.012 0.009 0.007 0.017 0.633 
248  ZFENP49    (0)   :  0.017 0.005 0.006 0.568 0.202 0.009 0.017 0.010 0.021 0.070 0.026 0.015 0.032 
249  ZFENP50    (0)   :  0.107 0.004 0.053 0.687 0.006 0.015 0.025 0.004 0.007 0.007 0.020 0.054 0.011 
250  ZFENP51    (0)   :  0.015 0.004 0.049 0.681 0.034 0.004 0.004 0.005 0.042 0.038 0.003 0.004 0.118 
251  ZFENP52    (0)   :  0.013 0.013 0.008 0.904 0.007 0.018 0.005 0.010 0.005 0.003 0.005 0.005 0.004 
252  ZFENP53    (0)   :  0.024 0.010 0.017 0.781 0.008 0.015 0.041 0.008 0.025 0.006 0.022 0.033 0.009 
253  ZFENP54    (0)   :  0.038 0.004 0.008 0.692 0.023 0.015 0.039 0.020 0.010 0.039 0.021 0.078 0.012 
254  ZFENP55    (0)   :  0.632 0.004 0.012 0.231 0.009 0.005 0.005 0.004 0.004 0.038 0.004 0.005 0.046 
255  ZFENP56    (0)   :  0.069 0.011 0.006 0.844 0.010 0.009 0.004 0.008 0.005 0.012 0.004 0.004 0.015 
256  ZFENP57    (0)   :  0.022 0.015 0.070 0.810 0.016 0.009 0.003 0.004 0.002 0.013 0.004 0.007 0.025 
257  ZFENP58    (0)   :  0.043 0.018 0.005 0.396 0.305 0.014 0.009 0.018 0.130 0.028 0.005 0.019 0.010 
258  ZFENP59    (0)   :  0.011 0.005 0.027 0.829 0.025 0.005 0.006 0.053 0.004 0.014 0.005 0.005 0.012 
259  ZFENP60    (0)   :  0.012 0.007 0.013 0.838 0.005 0.007 0.009 0.012 0.012 0.037 0.012 0.011 0.025 
260  ZFENP61    (0)   :  0.009 0.004 0.006 0.907 0.007 0.004 0.003 0.012 0.003 0.024 0.004 0.004 0.013 
261 ZFFDSP01    (0)   :  0.008 0.016 0.003 0.003 0.003 0.050 0.010 0.004 0.016 0.006 0.190 0.688 0.004 
262 ZFFDSP02    (0)   :  0.004 0.003 0.002 0.003 0.003 0.006 0.004 0.004 0.004 0.003 0.928 0.034 0.003 
263 ZFFDSP04    (0)   :  0.005 0.003 0.002 0.002 0.003 0.011 0.011 0.004 0.011 0.005 0.504 0.435 0.004 
264 ZFFDSP05    (0)   :  0.009 0.005 0.004 0.004 0.003 0.041 0.012 0.004 0.009 0.003 0.856 0.046 0.003 
265 ZFFDSP06    (0)   :  0.005 0.003 0.002 0.002 0.004 0.034 0.116 0.014 0.015 0.003 0.367 0.427 0.007 
266 ZFFDSP07    (0)   :  0.009 0.005 0.005 0.005 0.026 0.007 0.023 0.014 0.040 0.003 0.167 0.692 0.004 
267 ZFFDSP08    (0)   :  0.009 0.013 0.004 0.005 0.034 0.039 0.183 0.014 0.115 0.003 0.129 0.448 0.004 
268 ZFFDSP10    (0)   :  0.008 0.005 0.006 0.005 0.014 0.026 0.022 0.006 0.022 0.004 0.573 0.304 0.004 
269 ZFFDSP11    (0)   :  0.007 0.004 0.004 0.003 0.003 0.013 0.023 0.004 0.008 0.005 0.452 0.470 0.004 
270 ZFFDSP12    (0)   :  0.004 0.005 0.003 0.004 0.005 0.013 0.339 0.003 0.012 0.002 0.163 0.445 0.003 
271 ZFFDSP13    (0)   :  0.009 0.024 0.004 0.006 0.008 0.743 0.020 0.012 0.005 0.004 0.091 0.071 0.004 
272 ZFFDSP14    (0)   :  0.007 0.004 0.004 0.004 0.009 0.006 0.012 0.006 0.024 0.003 0.263 0.655 0.004 
273 ZFFDSP16    (0)   :  0.006 0.011 0.003 0.006 0.004 0.010 0.012 0.007 0.004 0.005 0.047 0.879 0.005 
274 ZFFDSP17    (0)   :  0.007 0.006 0.003 0.004 0.005 0.016 0.021 0.006 0.008 0.004 0.152 0.763 0.004 
275 ZFFDSP18    (0)   :  0.004 0.005 0.002 0.002 0.003 0.006 0.019 0.006 0.018 0.005 0.766 0.158 0.004 
276 ZFFDSP19    (0)   :  0.004 0.101 0.002 0.003 0.004 0.032 0.021 0.028 0.017 0.004 0.071 0.709 0.004 
277 ZFFDSP21    (0)   :  0.004 0.073 0.003 0.003 0.004 0.185 0.011 0.017 0.006 0.003 0.130 0.558 0.003 
278 ZFFDSP22    (0)   :  0.005 0.004 0.002 0.003 0.004 0.010 0.042 0.006 0.088 0.002 0.167 0.663 0.003 
279 ZFFDSP23    (0)   :  0.005 0.006 0.002 0.002 0.003 0.039 0.012 0.004 0.070 0.002 0.825 0.026 0.003 
280 ZFFDSP24    (0)   :  0.005 0.007 0.002 0.003 0.004 0.013 0.006 0.003 0.006 0.004 0.930 0.013 0.004 
281 ZFFDSP26    (9)   :  0.005 0.006 0.003 0.003 0.004 0.027 0.019 0.005 0.012 0.003 0.863 0.047 0.003 
282 ZFFDSP27    (0)   :  0.004 0.006 0.002 0.003 0.003 0.008 0.010 0.004 0.006 0.003 0.923 0.025 0.004 
283 ZFFDSP28    (0)   :  0.013 0.004 0.007 0.008 0.020 0.015 0.016 0.008 0.008 0.026 0.780 0.073 0.022 
284 ZFFDSP30    (0)   :  0.007 0.041 0.006 0.004 0.006 0.157 0.012 0.005 0.007 0.041 0.086 0.622 0.005 
285 ZFFDSP31    (0)   :  0.007 0.009 0.002 0.005 0.005 0.040 0.640 0.006 0.007 0.003 0.234 0.033 0.006 
286 ZFFDSP32    (0)   :  0.004 0.005 0.003 0.003 0.005 0.011 0.006 0.003 0.006 0.002 0.358 0.591 0.003 
287 ZFFDSP33    (0)   :  0.003 0.006 0.003 0.003 0.003 0.020 0.024 0.003 0.008 0.003 0.606 0.315 0.003 
288 ZFFDSP34    (0)   :  0.006 0.005 0.002 0.003 0.005 0.033 0.299 0.015 0.013 0.003 0.565 0.045 0.006 
289 ZFFDSP35    (0)   :  0.005 0.004 0.002 0.003 0.004 0.018 0.006 0.004 0.006 0.004 0.909 0.033 0.003 
290 ZFFDSP37    (0)   :  0.003 0.005 0.002 0.003 0.004 0.008 0.007 0.003 0.004 0.003 0.853 0.102 0.003 
291 ZFFDSP38    (0)   :  0.004 0.005 0.002 0.002 0.004 0.006 0.012 0.003 0.005 0.004 0.940 0.009 0.003 
292 ZFFDSP39    (0)   :  0.003 0.006 0.002 0.002 0.003 0.051 0.009 0.003 0.007 0.003 0.900 0.008 0.002 
293 ZFFDSP40    (0)   :  0.003 0.006 0.002 0.003 0.003 0.019 0.007 0.003 0.004 0.003 0.938 0.007 0.003 
294 ZFFDSP42    (0)   :  0.005 0.006 0.002 0.003 0.003 0.013 0.017 0.005 0.044 0.003 0.886 0.013 0.003 
295 ZFFDSP43    (0)   :  0.003 0.006 0.002 0.003 0.003 0.007 0.010 0.003 0.007 0.003 0.945 0.006 0.003 
296 ZFFDSP44    (0)   :  0.005 0.008 0.003 0.003 0.005 0.028 0.021 0.003 0.005 0.004 0.811 0.100 0.004 
297 ZFFDSP45    (0)   :  0.003 0.004 0.002 0.003 0.003 0.007 0.005 0.003 0.004 0.003 0.954 0.006 0.003 
298 ZFFDSP46    (0)   :  0.004 0.005 0.002 0.003 0.003 0.010 0.010 0.003 0.009 0.003 0.921 0.025 0.003 
299 ZFFDSP47    (0)   :  0.005 0.011 0.003 0.003 0.004 0.090 0.013 0.004 0.011 0.003 0.834 0.015 0.003 
300 ZFFDSP48    (0)   :  0.004 0.008 0.002 0.003 0.004 0.016 0.005 0.003 0.004 0.003 0.940 0.006 0.003 
301    ZFI01    (0)   :  0.009 0.010 0.008 0.010 0.014 0.005 0.005 0.011 0.005 0.788 0.004 0.007 0.124 
302    ZFI02    (0)   :  0.006 0.010 0.004 0.006 0.004 0.005 0.005 0.004 0.005 0.876 0.006 0.005 0.065 
303    ZFI03    (0)   :  0.008 0.008 0.003 0.006 0.005 0.004 0.004 0.006 0.003 0.918 0.004 0.005 0.026 
304    ZFI04    (0)   :  0.006 0.007 0.004 0.005 0.004 0.004 0.004 0.004 0.003 0.064 0.004 0.004 0.887 
305    ZFI05    (0)   :  0.005 0.018 0.004 0.007 0.009 0.005 0.005 0.004 0.003 0.924 0.004 0.005 0.007 
306    ZFI06    (0)   :  0.009 0.091 0.004 0.021 0.006 0.029 0.008 0.004 0.003 0.742 0.019 0.018 0.045 
307    ZFI07    (0)   :  0.007 0.006 0.004 0.008 0.007 0.005 0.004 0.006 0.003 0.787 0.005 0.004 0.156 
308    ZFI08    (0)   :  0.010 0.005 0.004 0.007 0.005 0.003 0.003 0.006 0.004 0.538 0.003 0.004 0.408 
309    ZFI09    (0)   :  0.005 0.007 0.004 0.008 0.005 0.004 0.004 0.004 0.003 0.910 0.004 0.005 0.037 
310    ZFI10    (0)   :  0.007 0.070 0.006 0.007 0.006 0.007 0.005 0.005 0.004 0.815 0.006 0.006 0.056 
311    ZFI11    (0)   :  0.006 0.017 0.004 0.008 0.007 0.006 0.003 0.005 0.003 0.638 0.004 0.004 0.295 
312    ZFI12    (0)   :  0.011 0.014 0.003 0.007 0.007 0.006 0.004 0.007 0.004 0.896 0.005 0.005 0.031 
313    ZFI13    (0)   :  0.007 0.007 0.007 0.009 0.020 0.005 0.003 0.007 0.003 0.914 0.004 0.005 0.010 
314    ZFI14    (0)   :  0.004 0.007 0.004 0.005 0.005 0.006 0.005 0.005 0.004 0.930 0.009 0.009 0.007 
315    ZFI15    (0)   :  0.004 0.005 0.003 0.006 0.005 0.003 0.004 0.004 0.002 0.948 0.004 0.003 0.007 
316    ZFI16    (0)   :  0.005 0.006 0.003 0.005 0.004 0.004 0.004 0.004 0.003 0.948 0.004 0.004 0.007 
317    ZFI17    (0)   :  0.007 0.013 0.005 0.008 0.006 0.006 0.004 0.004 0.003 0.901 0.004 0.004 0.035 
318    ZFI18    (0)   :  0.004 0.007 0.007 0.008 0.005 0.004 0.003 0.003 0.002 0.941 0.003 0.003 0.011 
319    ZFI19    (9)   :  0.005 0.005 0.003 0.004 0.006 0.003 0.003 0.003 0.002 0.949 0.003 0.003 0.009 
320    ZFI20    (0)   :  0.005 0.005 0.004 0.005 0.003 0.004 0.004 0.003 0.003 0.946 0.006 0.005 0.007 
321    ZFI21    (0)   :  0.005 0.007 0.004 0.003 0.004 0.008 0.004 0.004 0.003 0.930 0.011 0.011 0.005 
322    ZFI22    (0)   :  0.005 0.004 0.004 0.006 0.004 0.004 0.005 0.008 0.004 0.904 0.006 0.005 0.042 
323    ZFI23    (0)   :  0.006 0.007 0.004 0.007 0.005 0.005 0.003 0.005 0.003 0.932 0.004 0.004 0.017 
324    ZFI24    (0)   :  0.011 0.013 0.003 0.006 0.008 0.005 0.005 0.008 0.004 0.900 0.005 0.006 0.025 
325    ZFI25    (0)   :  0.006 0.006 0.003 0.007 0.005 0.005 0.005 0.009 0.004 0.834 0.006 0.005 0.104 
326    ZFI26    (0)   :  0.008 0.006 0.003 0.007 0.010 0.004 0.004 0.008 0.003 0.909 0.004 0.004 0.030 
327    ZFI27    (0)   :  0.011 0.034 0.003 0.009 0.015 0.008 0.005 0.005 0.004 0.873 0.005 0.006 0.023 
328    ZFK01    (0)   :  0.003 0.006 0.003 0.003 0.957 0.004 0.003 0.005 0.004 0.003 0.004 0.003 0.003 
329    ZFK02    (0)   :  0.004 0.008 0.003 0.004 0.949 0.004 0.004 0.007 0.004 0.003 0.004 0.004 0.003 
330    ZFK03    (0)   :  0.003 0.005 0.003 0.003 0.958 0.003 0.003 0.004 0.003 0.003 0.003 0.003 0.004 
331    ZFK04    (0)   :  0.003 0.004 0.003 0.004 0.960 0.003 0.003 0.004 0.003 0.004 0.003 0.003 0.005 
332    ZFK05    (0)   :  0.003 0.004 0.008 0.006 0.940 0.003 0.003 0.009 0.002 0.007 0.003 0.003 0.010 
333    ZFK06    (0)   :  0.004 0.004 0.005 0.007 0.938 0.003 0.004 0.012 0.002 0.008 0.003 0.003 0.008 
334    ZFK07    (0)   :  0.004 0.005 0.003 0.003 0.953 0.005 0.004 0.006 0.005 0.002 0.004 0.004 0.003 
335    ZFK08    (0)   :  0.005 0.003 0.003 0.004 0.956 0.004 0.003 0.004 0.003 0.004 0.003 0.004 0.004 
336    ZFK10    (0)   :  0.003 0.004 0.003 0.003 0.958 0.003 0.004 0.005 0.003 0.004 0.003 0.003 0.004 
337    ZFK11    (0)   :  0.004 0.004 0.007 0.006 0.940 0.003 0.004 0.010 0.003 0.006 0.003 0.004 0.008 
338    ZFK12    (0)   :  0.008 0.003 0.003 0.004 0.940 0.008 0.005 0.007 0.008 0.002 0.004 0.006 0.003 
339    ZFK13    (0)   :  0.005 0.004 0.012 0.003 0.887 0.018 0.010 0.007 0.008 0.004 0.017 0.021 0.003 
340    ZFK14    (0)   :  0.009 0.014 0.013 0.006 0.652 0.021 0.016 0.180 0.030 0.008 0.015 0.029 0.008 
341    ZFK15    (0)   :  0.003 0.004 0.012 0.004 0.907 0.010 0.010 0.005 0.005 0.005 0.015 0.015 0.004 
342    ZFK16    (0)   :  0.005 0.004 0.004 0.003 0.945 0.006 0.006 0.006 0.006 0.002 0.004 0.005 0.003 
343   ZFLB01    (0)   :  0.008 0.007 0.855 0.007 0.012 0.021 0.012 0.003 0.007 0.008 0.036 0.016 0.008 
344   ZFLB02    (0)   :  0.005 0.004 0.904 0.030 0.003 0.005 0.003 0.002 0.004 0.010 0.006 0.003 0.020 
345   ZFLB03    (0)   :  0.006 0.035 0.893 0.020 0.008 0.006 0.005 0.004 0.004 0.005 0.003 0.005 0.006 
346   ZFLB04    (0)   :  0.006 0.232 0.634 0.006 0.009 0.023 0.010 0.007 0.007 0.022 0.012 0.020 0.011 
