

----------------------------------------------------
STRUCTURE by Pritchard, Stephens and Donnelly (2000)
     and Falush, Stephens and Pritchard (2003)
       Code by Pritchard, Falush and Hubisz
             Version 2.3.4 (Jul 2012)
----------------------------------------------------



Command line arguments:   bin\structure -m C:\Users\eschumacher\Documents\GitHub\GCC_QUAC_ZAIN\Data_Files\Structure_Files\ZAIN\ZAIN_wild_rebinned_nopopinfo\50-50\mainparams -e C:\Users\eschumacher\Documents\GitHub\GCC_QUAC_ZAIN\Data_Files\Structure_Files\ZAIN\ZAIN_wild_rebinned_nopopinfo\50-50\extraparams 
Input File:    C:\Users\eschumacher\Documents\GitHub\GCC_QUAC_ZAIN\Data_Files\Structure_Files\ZAIN\ZAIN_wild_rebinned_nopopinfo\project_data

Run parameters:
   751 individuals
   11 loci
   16 populations assumed
   50000 Burn-in period
   50000 Reps


--------------------------------------------
Overall proportion of membership of the
sample in each of the 16 clusters

Inferred Clusters
  1      2      3      4      5      6      7      8      9     10     11     12     13     14     15     16    
0.083  0.059  0.085  0.080  0.047  0.073  0.058  0.092  0.066  0.035  0.071  0.048  0.032  0.050  0.064  0.057  

--------------------------------------------

Allele-freq. divergence among pops (Net nucleotide distance),
computed using point estimates of P.

      1       2       3       4       5       6       7       8       9      10      11      12      13      14      15      16      
 1      -    0.2169  0.2342  0.1673  0.1232  0.2206  0.1974  0.1793  0.2067  0.1816  0.2787  0.2234  0.2058  0.3621  0.2025  0.2765  
 2   0.2169     -    0.3879  0.2896  0.1951  0.1267  0.1936  0.1372  0.3012  0.2885  0.1679  0.1169  0.2885  0.4709  0.4098  0.3655  
 3   0.2342  0.3879     -    0.1431  0.1238  0.2663  0.2345  0.2716  0.3030  0.1090  0.2793  0.2874  0.2691  0.3150  0.1167  0.1595  
 4   0.1673  0.2896  0.1431     -    0.0630  0.2088  0.1219  0.1691  0.2047  0.1416  0.2491  0.2167  0.1639  0.1853  0.1313  0.1461  
 5   0.1232  0.1951  0.1238  0.0630     -    0.1441  0.1136  0.1362  0.2455  0.0868  0.1748  0.1691  0.1860  0.2481  0.1494  0.1487  
 6   0.2206  0.1267  0.2663  0.2088  0.1441     -    0.1569  0.0750  0.2697  0.1755  0.0394  0.0823  0.2049  0.3665  0.2868  0.2952  
 7   0.1974  0.1936  0.2345  0.1219  0.1136  0.1569     -    0.1318  0.2576  0.1923  0.2236  0.2180  0.1912  0.3824  0.2136  0.2442  
 8   0.1793  0.1372  0.2716  0.1691  0.1362  0.0750  0.1318     -    0.1349  0.2255  0.0756  0.1207  0.1958  0.3797  0.2906  0.3133  
 9   0.2067  0.3012  0.3030  0.2047  0.2455  0.2697  0.2576  0.1349     -    0.3223  0.2752  0.2412  0.2497  0.4592  0.3129  0.3811  
10   0.1816  0.2885  0.1090  0.1416  0.0868  0.1755  0.1923  0.2255  0.3223     -    0.2059  0.2132  0.2251  0.3561  0.1189  0.1543  
11   0.2787  0.1679  0.2793  0.2491  0.1748  0.0394  0.2236  0.0756  0.2752  0.2059     -    0.0981  0.2643  0.4284  0.3340  0.3537  
12   0.2234  0.1169  0.2874  0.2167  0.1691  0.0823  0.2180  0.1207  0.2412  0.2132  0.0981     -    0.2109  0.4090  0.3084  0.3162  
13   0.2058  0.2885  0.2691  0.1639  0.1860  0.2049  0.1912  0.1958  0.2497  0.2251  0.2643  0.2109     -    0.3285  0.2893  0.2448  
14   0.3621  0.4709  0.3150  0.1853  0.2481  0.3665  0.3824  0.3797  0.4592  0.3561  0.4284  0.4090  0.3285     -    0.3819  0.2244  
15   0.2025  0.4098  0.1167  0.1313  0.1494  0.2868  0.2136  0.2906  0.3129  0.1189  0.3340  0.3084  0.2893  0.3819     -    0.1889  
16   0.2765  0.3655  0.1595  0.1461  0.1487  0.2952  0.2442  0.3133  0.3811  0.1543  0.3537  0.3162  0.2448  0.2244  0.1889     -    

Average distances (expected heterozygosity) between individuals in same cluster:
cluster  1  : 0.3810 
cluster  2  : 0.3546 
cluster  3  : 0.4617 
cluster  4  : 0.5271 
cluster  5  : 0.6219 
cluster  6  : 0.3891 
cluster  7  : 0.3813 
cluster  8  : 0.4238 
cluster  9  : 0.2205 
cluster 10  : 0.4533 
cluster 11  : 0.3156 
cluster 12  : 0.3914 
cluster 13  : 0.2377 
cluster 14  : 0.2462 
cluster 15  : 0.2791 
cluster 16  : 0.3740 

--------------------------------------------
Estimated Ln Prob of Data   = -12899.0
Mean value of ln likelihood = -12330.5
Variance of ln likelihood   = 1137.0
Mean value of alpha         = 0.0319

Mean value of Fst_1         = 0.4219
Mean value of Fst_2         = 0.4564
Mean value of Fst_3         = 0.4734
Mean value of Fst_4         = 0.1670
Mean value of Fst_5         = 0.1354
Mean value of Fst_6         = 0.3826
Mean value of Fst_7         = 0.4359
Mean value of Fst_8         = 0.4270
Mean value of Fst_9         = 0.6759
Mean value of Fst_10         = 0.3598
Mean value of Fst_11         = 0.4966
Mean value of Fst_12         = 0.4070
Mean value of Fst_13         = 0.6563
Mean value of Fst_14         = 0.6487
Mean value of Fst_15         = 0.5727
Mean value of Fst_16         = 0.5566


Inferred ancestry of individuals:
        Label (%Miss) :  Inferred clusters
  1    ZFB01    (0)   :  0.004 0.003 0.940 0.003 0.004 0.003 0.003 0.003 0.003 0.005 0.004 0.003 0.002 0.005 0.009 0.007 
  2    ZFB02    (0)   :  0.011 0.003 0.801 0.006 0.031 0.004 0.005 0.002 0.002 0.017 0.003 0.003 0.007 0.012 0.010 0.083 
  3    ZFB03    (0)   :  0.006 0.002 0.851 0.014 0.018 0.008 0.009 0.013 0.016 0.010 0.011 0.004 0.005 0.003 0.020 0.008 
  4    ZFB04    (0)   :  0.006 0.003 0.871 0.005 0.012 0.005 0.003 0.003 0.002 0.009 0.004 0.002 0.008 0.013 0.006 0.048 
  5    ZFB05    (0)   :  0.008 0.009 0.689 0.036 0.012 0.004 0.027 0.005 0.009 0.007 0.002 0.003 0.042 0.085 0.010 0.052 
  6    ZFB06    (0)   :  0.007 0.010 0.766 0.042 0.011 0.004 0.021 0.005 0.008 0.006 0.002 0.003 0.018 0.065 0.009 0.023 
  7    ZFB07    (9)   :  0.004 0.007 0.786 0.039 0.012 0.005 0.013 0.005 0.005 0.007 0.007 0.005 0.006 0.009 0.085 0.005 
  8    ZFB08    (0)   :  0.007 0.008 0.843 0.006 0.010 0.008 0.021 0.007 0.005 0.014 0.010 0.009 0.009 0.003 0.025 0.013 
  9    ZFB09    (0)   :  0.004 0.002 0.945 0.003 0.005 0.003 0.004 0.003 0.003 0.006 0.003 0.003 0.003 0.003 0.007 0.004 
 10    ZFB10    (0)   :  0.005 0.006 0.873 0.003 0.009 0.012 0.005 0.006 0.002 0.021 0.029 0.008 0.007 0.004 0.003 0.008 
 11    ZFB11    (0)   :  0.004 0.002 0.933 0.003 0.005 0.004 0.003 0.003 0.002 0.009 0.006 0.004 0.004 0.009 0.004 0.005 
 12    ZFB12    (0)   :  0.004 0.003 0.871 0.010 0.012 0.007 0.019 0.005 0.004 0.009 0.005 0.004 0.003 0.019 0.005 0.020 
 13    ZFB13    (0)   :  0.004 0.007 0.840 0.007 0.017 0.010 0.010 0.007 0.004 0.031 0.012 0.012 0.014 0.003 0.007 0.014 
 14    ZFB14    (0)   :  0.005 0.003 0.915 0.003 0.006 0.004 0.003 0.003 0.003 0.028 0.006 0.004 0.004 0.003 0.005 0.005 
 15    ZFB15    (0)   :  0.002 0.002 0.943 0.003 0.004 0.002 0.004 0.002 0.002 0.005 0.002 0.002 0.003 0.006 0.007 0.010 
 16    ZFB16    (0)   :  0.002 0.004 0.892 0.005 0.008 0.007 0.008 0.005 0.002 0.012 0.009 0.006 0.012 0.005 0.004 0.019 
 17    ZFB17    (0)   :  0.012 0.008 0.828 0.007 0.018 0.012 0.026 0.007 0.002 0.009 0.006 0.003 0.025 0.020 0.005 0.010 
 18    ZFB18    (0)   :  0.004 0.002 0.947 0.003 0.006 0.003 0.003 0.002 0.002 0.008 0.004 0.003 0.003 0.003 0.004 0.003 
 19    ZFB19    (0)   :  0.004 0.009 0.483 0.038 0.236 0.026 0.031 0.017 0.005 0.029 0.056 0.012 0.005 0.005 0.035 0.009 
 20    ZFB20    (0)   :  0.003 0.004 0.862 0.005 0.010 0.008 0.008 0.005 0.002 0.011 0.007 0.005 0.021 0.014 0.004 0.031 
 21    ZFB21    (0)   :  0.003 0.002 0.946 0.005 0.004 0.002 0.003 0.002 0.003 0.003 0.002 0.002 0.004 0.005 0.006 0.007 
 22    ZFB22    (0)   :  0.007 0.008 0.847 0.006 0.010 0.009 0.010 0.008 0.002 0.011 0.008 0.004 0.004 0.020 0.004 0.040 
 23    ZFB23    (0)   :  0.003 0.002 0.936 0.004 0.005 0.004 0.003 0.003 0.003 0.005 0.005 0.004 0.005 0.011 0.003 0.005 
 24    ZFB24    (0)   :  0.003 0.002 0.930 0.003 0.004 0.004 0.003 0.003 0.003 0.005 0.005 0.004 0.006 0.014 0.004 0.009 
 25    ZFB25    (0)   :  0.004 0.003 0.933 0.003 0.003 0.006 0.002 0.004 0.003 0.006 0.015 0.004 0.003 0.005 0.004 0.003 
 26    ZFB26    (0)   :  0.003 0.003 0.910 0.004 0.003 0.006 0.002 0.004 0.003 0.003 0.010 0.006 0.009 0.023 0.004 0.006 
 27    ZFB27    (0)   :  0.003 0.002 0.908 0.004 0.003 0.004 0.002 0.003 0.002 0.004 0.005 0.003 0.003 0.043 0.004 0.006 
 28    ZFB28    (0)   :  0.007 0.003 0.771 0.021 0.011 0.007 0.010 0.004 0.004 0.014 0.005 0.004 0.009 0.114 0.004 0.012 
 29    ZFB29    (0)   :  0.004 0.002 0.936 0.004 0.005 0.003 0.003 0.002 0.002 0.008 0.003 0.003 0.007 0.007 0.004 0.007 
 30    ZFB30    (0)   :  0.003 0.012 0.647 0.087 0.011 0.003 0.017 0.005 0.006 0.004 0.004 0.003 0.004 0.158 0.029 0.007 
 31    ZFB31    (0)   :  0.004 0.004 0.899 0.004 0.006 0.007 0.003 0.005 0.003 0.026 0.015 0.005 0.003 0.007 0.005 0.004 
 32    ZFB32    (0)   :  0.019 0.003 0.764 0.022 0.013 0.016 0.028 0.007 0.006 0.014 0.007 0.007 0.020 0.053 0.007 0.015 
 33    ZFB33    (0)   :  0.003 0.002 0.949 0.004 0.004 0.003 0.002 0.002 0.002 0.004 0.003 0.002 0.003 0.005 0.005 0.008 
 34    ZFB34    (0)   :  0.006 0.003 0.922 0.004 0.005 0.003 0.004 0.003 0.003 0.010 0.004 0.003 0.003 0.003 0.017 0.005 
 35    ZFB35    (0)   :  0.004 0.003 0.919 0.004 0.004 0.005 0.004 0.004 0.004 0.007 0.006 0.004 0.006 0.004 0.012 0.010 
 36  ZFBP101    (0)   :  0.045 0.041 0.008 0.006 0.012 0.305 0.012 0.242 0.017 0.013 0.143 0.043 0.097 0.003 0.004 0.008 
 37  ZFBP102    (0)   :  0.008 0.017 0.011 0.010 0.010 0.320 0.007 0.226 0.004 0.020 0.223 0.096 0.028 0.003 0.005 0.012 
 38  ZFBP103    (0)   :  0.118 0.012 0.006 0.006 0.010 0.063 0.006 0.447 0.032 0.010 0.232 0.009 0.035 0.003 0.003 0.008 
 39  ZFBP104    (0)   :  0.004 0.007 0.012 0.011 0.012 0.030 0.024 0.194 0.008 0.018 0.630 0.015 0.005 0.003 0.017 0.008 
 40  ZFBP105    (0)   :  0.005 0.006 0.006 0.008 0.006 0.132 0.010 0.089 0.016 0.018 0.339 0.340 0.008 0.006 0.006 0.004 
 41  ZFBP106    (0)   :  0.008 0.009 0.003 0.003 0.004 0.152 0.005 0.035 0.013 0.003 0.681 0.065 0.010 0.003 0.003 0.003 
 42  ZFBP107    (0)   :  0.007 0.005 0.008 0.020 0.006 0.040 0.009 0.132 0.019 0.007 0.521 0.128 0.051 0.036 0.005 0.007 
 43  ZFBP108    (0)   :  0.003 0.005 0.002 0.003 0.003 0.082 0.003 0.008 0.007 0.004 0.840 0.028 0.004 0.003 0.004 0.003 
 44  ZFBP109    (0)   :  0.005 0.006 0.003 0.003 0.008 0.679 0.004 0.052 0.005 0.005 0.137 0.073 0.004 0.002 0.012 0.002 
 45  ZFBP110    (0)   :  0.023 0.006 0.033 0.015 0.052 0.461 0.007 0.118 0.096 0.038 0.061 0.043 0.030 0.003 0.008 0.007 
 46  ZFBP111    (0)   :  0.004 0.120 0.003 0.004 0.004 0.416 0.015 0.216 0.011 0.003 0.166 0.026 0.005 0.004 0.003 0.003 
 47  ZFBP112    (0)   :  0.008 0.036 0.003 0.003 0.004 0.841 0.006 0.009 0.007 0.006 0.046 0.013 0.009 0.004 0.003 0.004 
 48  ZFBP113    (0)   :  0.003 0.004 0.002 0.004 0.004 0.283 0.006 0.008 0.003 0.004 0.660 0.006 0.003 0.004 0.003 0.003 
 49  ZFBP114    (0)   :  0.005 0.006 0.003 0.006 0.004 0.066 0.003 0.100 0.004 0.003 0.110 0.662 0.012 0.007 0.005 0.003 
 50  ZFBP115    (0)   :  0.007 0.013 0.002 0.004 0.004 0.026 0.007 0.834 0.013 0.003 0.027 0.043 0.008 0.003 0.003 0.003 
 51  ZFBP116    (0)   :  0.004 0.006 0.002 0.004 0.004 0.132 0.007 0.018 0.005 0.003 0.787 0.012 0.005 0.004 0.003 0.003 
 52  ZFBP117    (0)   :  0.015 0.008 0.003 0.005 0.008 0.093 0.005 0.020 0.010 0.005 0.643 0.169 0.008 0.003 0.004 0.002 
 53  ZFBP118    (0)   :  0.004 0.011 0.004 0.011 0.003 0.031 0.004 0.058 0.004 0.003 0.492 0.333 0.022 0.014 0.003 0.004 
 54  ZFBP119    (0)   :  0.033 0.019 0.003 0.005 0.009 0.032 0.024 0.214 0.016 0.005 0.056 0.561 0.013 0.002 0.005 0.002 
 55  ZFBP120    (0)   :  0.005 0.005 0.007 0.009 0.005 0.167 0.012 0.101 0.017 0.010 0.471 0.167 0.007 0.005 0.007 0.005 
 56  ZFBP121    (0)   :  0.009 0.005 0.006 0.004 0.005 0.370 0.005 0.017 0.009 0.010 0.248 0.292 0.009 0.003 0.006 0.003 
 57  ZFBP122    (9)   :  0.004 0.010 0.003 0.004 0.004 0.444 0.007 0.019 0.006 0.004 0.459 0.021 0.006 0.003 0.004 0.003 
 58  ZFBP123    (0)   :  0.007 0.008 0.002 0.003 0.004 0.879 0.007 0.011 0.006 0.003 0.029 0.008 0.020 0.004 0.003 0.004 
 59  ZFBP124    (0)   :  0.005 0.004 0.005 0.004 0.005 0.539 0.005 0.022 0.005 0.007 0.126 0.238 0.008 0.005 0.017 0.004 
 60  ZFBP125    (0)   :  0.007 0.013 0.002 0.003 0.004 0.024 0.004 0.016 0.007 0.003 0.832 0.072 0.006 0.003 0.002 0.002 
 61  ZFBP126    (0)   :  0.012 0.006 0.007 0.009 0.019 0.255 0.011 0.012 0.003 0.016 0.608 0.008 0.016 0.003 0.003 0.012 
 62  ZFBP127    (0)   :  0.020 0.004 0.003 0.005 0.004 0.572 0.004 0.112 0.088 0.003 0.147 0.023 0.007 0.003 0.004 0.003 
 63  ZFBP128    (0)   :  0.021 0.038 0.003 0.002 0.003 0.161 0.004 0.020 0.017 0.006 0.695 0.013 0.009 0.002 0.003 0.002 
 64  ZFBP129    (0)   :  0.011 0.128 0.004 0.005 0.007 0.196 0.006 0.008 0.009 0.013 0.358 0.230 0.009 0.003 0.010 0.003 
 65  ZFBP130    (0)   :  0.033 0.072 0.002 0.003 0.004 0.110 0.009 0.051 0.013 0.003 0.612 0.069 0.011 0.004 0.002 0.002 
 66  ZFBP131    (0)   :  0.003 0.005 0.003 0.004 0.003 0.352 0.005 0.004 0.003 0.006 0.547 0.051 0.003 0.003 0.003 0.003 
 67  ZFBP132    (0)   :  0.004 0.004 0.005 0.003 0.005 0.376 0.003 0.016 0.023 0.004 0.372 0.171 0.004 0.003 0.003 0.002 
 68  ZFBP133    (0)   :  0.007 0.036 0.002 0.002 0.004 0.716 0.005 0.006 0.003 0.005 0.197 0.008 0.003 0.002 0.003 0.002 
 69  ZFBP134    (0)   :  0.017 0.010 0.004 0.003 0.004 0.192 0.009 0.687 0.009 0.006 0.038 0.010 0.003 0.003 0.003 0.003 
 70  ZFBP135    (0)   :  0.158 0.017 0.009 0.006 0.016 0.144 0.005 0.042 0.023 0.049 0.413 0.042 0.063 0.002 0.005 0.006 
 71  ZFBP136    (0)   :  0.029 0.027 0.003 0.004 0.004 0.659 0.006 0.070 0.017 0.004 0.054 0.015 0.095 0.006 0.003 0.003 
 72  ZFBP201    (0)   :  0.003 0.004 0.004 0.004 0.004 0.914 0.005 0.007 0.006 0.005 0.020 0.006 0.004 0.005 0.004 0.004 
 73  ZFBP202    (0)   :  0.005 0.011 0.006 0.005 0.004 0.353 0.007 0.033 0.014 0.010 0.447 0.083 0.006 0.003 0.009 0.003 
 74  ZFBP203    (0)   :  0.004 0.011 0.005 0.019 0.013 0.769 0.021 0.012 0.005 0.004 0.057 0.013 0.007 0.037 0.005 0.018 
 75  ZFBP204    (0)   :  0.015 0.029 0.004 0.007 0.007 0.232 0.013 0.179 0.025 0.008 0.120 0.298 0.048 0.007 0.004 0.005 
 76  ZFBP205    (0)   :  0.004 0.006 0.002 0.003 0.005 0.796 0.004 0.023 0.002 0.004 0.013 0.121 0.007 0.003 0.003 0.003 
 77  ZFBP206    (0)   :  0.005 0.010 0.003 0.003 0.003 0.914 0.008 0.006 0.005 0.005 0.010 0.005 0.013 0.004 0.004 0.003 
 78  ZFBP207    (0)   :  0.013 0.008 0.005 0.004 0.015 0.068 0.006 0.157 0.121 0.004 0.010 0.569 0.008 0.005 0.004 0.003 
 79  ZFBP208    (0)   :  0.003 0.005 0.002 0.004 0.004 0.921 0.007 0.006 0.003 0.004 0.014 0.006 0.008 0.006 0.004 0.004 
 80  ZFBP209    (0)   :  0.009 0.036 0.002 0.002 0.004 0.805 0.004 0.006 0.004 0.004 0.104 0.011 0.003 0.002 0.003 0.002 
 81  ZFBP210    (0)   :  0.003 0.005 0.003 0.004 0.004 0.931 0.006 0.006 0.005 0.003 0.007 0.006 0.004 0.006 0.003 0.003 
 82  ZFBP211    (0)   :  0.004 0.004 0.007 0.004 0.004 0.112 0.005 0.011 0.011 0.005 0.230 0.577 0.009 0.003 0.008 0.004 
 83  ZFBP212    (0)   :  0.002 0.005 0.008 0.003 0.004 0.274 0.003 0.073 0.064 0.004 0.492 0.053 0.003 0.004 0.004 0.003 
 84  ZFBP213    (0)   :  0.008 0.008 0.004 0.005 0.004 0.848 0.010 0.008 0.012 0.009 0.030 0.014 0.019 0.004 0.012 0.004 
 85  ZFBP214    (0)   :  0.027 0.023 0.004 0.005 0.007 0.820 0.023 0.015 0.020 0.009 0.008 0.010 0.014 0.003 0.009 0.003 
 86  ZFBP215    (0)   :  0.005 0.006 0.003 0.003 0.004 0.430 0.004 0.008 0.006 0.005 0.495 0.018 0.004 0.002 0.004 0.003 
 87  ZFBP216    (0)   :  0.005 0.005 0.004 0.009 0.005 0.732 0.025 0.024 0.006 0.007 0.117 0.040 0.006 0.006 0.004 0.004 
 88  ZFBP217    (0)   :  0.005 0.071 0.004 0.006 0.005 0.783 0.021 0.035 0.028 0.005 0.009 0.013 0.004 0.004 0.004 0.002 
 89  ZFBP218    (0)   :  0.004 0.015 0.002 0.003 0.004 0.542 0.006 0.032 0.003 0.004 0.174 0.195 0.003 0.003 0.007 0.002 
 90  ZFBP219    (0)   :  0.002 0.004 0.002 0.004 0.003 0.335 0.005 0.009 0.003 0.003 0.608 0.007 0.003 0.004 0.003 0.003 
 91  ZFBP220    (0)   :  0.018 0.032 0.002 0.004 0.005 0.554 0.006 0.080 0.015 0.003 0.245 0.019 0.008 0.003 0.003 0.003 
 92  ZFBP221    (0)   :  0.003 0.009 0.004 0.003 0.004 0.290 0.005 0.459 0.009 0.004 0.110 0.086 0.002 0.004 0.005 0.003 
 93  ZFBP222    (0)   :  0.006 0.006 0.003 0.003 0.005 0.873 0.006 0.005 0.003 0.010 0.057 0.009 0.004 0.004 0.004 0.004 
 94  ZFBP223    (0)   :  0.007 0.007 0.008 0.005 0.007 0.530 0.004 0.055 0.244 0.006 0.041 0.063 0.007 0.005 0.006 0.003 
 95  ZFBP224    (0)   :  0.005 0.004 0.003 0.004 0.004 0.895 0.006 0.008 0.005 0.005 0.032 0.008 0.010 0.003 0.006 0.003 
 96  ZFBP225    (0)   :  0.011 0.236 0.002 0.006 0.008 0.267 0.014 0.258 0.028 0.005 0.119 0.018 0.010 0.009 0.003 0.005 
 97  ZFBP226    (0)   :  0.004 0.005 0.003 0.004 0.004 0.575 0.005 0.011 0.005 0.004 0.295 0.070 0.005 0.004 0.004 0.004 
 98  ZFBP227    (0)   :  0.006 0.006 0.009 0.026 0.017 0.309 0.127 0.143 0.009 0.011 0.255 0.042 0.010 0.004 0.018 0.010 
 99  ZFBP228    (0)   :  0.021 0.007 0.004 0.005 0.004 0.129 0.004 0.264 0.101 0.006 0.245 0.192 0.006 0.003 0.005 0.003 
100  ZFBP229    (0)   :  0.006 0.025 0.002 0.003 0.006 0.178 0.006 0.023 0.005 0.004 0.686 0.043 0.003 0.003 0.002 0.003 
101  ZFBP230    (0)   :  0.024 0.025 0.003 0.004 0.005 0.692 0.008 0.104 0.010 0.005 0.073 0.028 0.008 0.003 0.003 0.003 
102  ZFBP231    (0)   :  0.005 0.006 0.007 0.007 0.007 0.081 0.010 0.024 0.008 0.009 0.067 0.730 0.021 0.005 0.009 0.006 
103  ZFBP232    (0)   :  0.004 0.007 0.003 0.003 0.003 0.200 0.004 0.010 0.004 0.004 0.343 0.401 0.005 0.003 0.003 0.003 
104  ZFBP233    (0)   :  0.004 0.020 0.006 0.005 0.005 0.767 0.009 0.028 0.007 0.005 0.091 0.029 0.010 0.003 0.008 0.004 
105   ZFCC01    (0)   :  0.912 0.004 0.005 0.004 0.004 0.006 0.005 0.004 0.004 0.008 0.003 0.003 0.008 0.004 0.020 0.007 
106   ZFCC03    (0)   :  0.938 0.005 0.003 0.003 0.003 0.004 0.003 0.003 0.008 0.006 0.004 0.003 0.005 0.003 0.007 0.003 
107   ZFCC04    (0)   :  0.926 0.005 0.004 0.004 0.003 0.006 0.005 0.004 0.006 0.006 0.003 0.003 0.012 0.003 0.006 0.004 
108   ZFCC05    (0)   :  0.852 0.005 0.006 0.006 0.004 0.008 0.009 0.007 0.016 0.009 0.005 0.004 0.047 0.005 0.011 0.005 
109   ZFCC08    (0)   :  0.883 0.021 0.002 0.003 0.005 0.016 0.009 0.009 0.004 0.006 0.007 0.011 0.010 0.002 0.009 0.003 
110   ZFCC09    (0)   :  0.934 0.003 0.003 0.003 0.003 0.003 0.003 0.003 0.007 0.003 0.003 0.005 0.006 0.003 0.013 0.004 
111   ZFCC10    (0)   :  0.903 0.003 0.003 0.003 0.004 0.004 0.003 0.003 0.005 0.007 0.003 0.004 0.007 0.003 0.039 0.004 
112   ZFCC11    (0)   :  0.917 0.004 0.004 0.004 0.004 0.006 0.005 0.004 0.012 0.007 0.004 0.004 0.008 0.004 0.010 0.004 
113   ZFCC12    (0)   :  0.718 0.005 0.006 0.011 0.011 0.009 0.008 0.008 0.008 0.033 0.005 0.004 0.032 0.005 0.012 0.127 
114   ZFCC13    (0)   :  0.889 0.006 0.004 0.006 0.005 0.013 0.012 0.011 0.008 0.004 0.009 0.006 0.007 0.011 0.004 0.005 
115   ZFCC14    (0)   :  0.864 0.008 0.011 0.006 0.007 0.011 0.004 0.004 0.005 0.021 0.010 0.007 0.027 0.006 0.007 0.005 
116   ZFCC15    (0)   :  0.931 0.004 0.003 0.004 0.005 0.004 0.009 0.005 0.004 0.005 0.003 0.003 0.006 0.005 0.005 0.005 
117   ZFCC16    (0)   :  0.925 0.004 0.004 0.004 0.005 0.004 0.005 0.003 0.004 0.005 0.003 0.003 0.016 0.003 0.006 0.005 
118   ZFCC17    (0)   :  0.889 0.004 0.005 0.006 0.003 0.003 0.004 0.003 0.006 0.004 0.003 0.003 0.042 0.008 0.006 0.010 
119   ZFCC18    (0)   :  0.921 0.006 0.004 0.004 0.003 0.006 0.004 0.004 0.009 0.005 0.004 0.004 0.008 0.004 0.011 0.004 
120   ZFCC19    (0)   :  0.928 0.003 0.005 0.005 0.008 0.003 0.007 0.003 0.003 0.003 0.002 0.003 0.010 0.008 0.003 0.006 
121   ZFCC20    (0)   :  0.926 0.005 0.004 0.004 0.004 0.004 0.008 0.006 0.007 0.004 0.003 0.003 0.010 0.003 0.004 0.005 
122   ZFCC21    (0)   :  0.662 0.025 0.006 0.005 0.052 0.133 0.038 0.013 0.003 0.008 0.021 0.007 0.012 0.007 0.006 0.004 
123   ZFCC22    (0)   :  0.515 0.037 0.003 0.004 0.005 0.240 0.009 0.070 0.007 0.006 0.043 0.026 0.010 0.005 0.018 0.004 
124   ZFCC26    (0)   :  0.938 0.004 0.004 0.003 0.004 0.003 0.004 0.003 0.004 0.004 0.003 0.003 0.008 0.003 0.006 0.005 
125   ZFCC27    (0)   :  0.947 0.003 0.003 0.003 0.003 0.003 0.003 0.003 0.006 0.004 0.003 0.003 0.006 0.002 0.004 0.003 
126   ZFCC29    (0)   :  0.903 0.005 0.007 0.004 0.008 0.005 0.010 0.005 0.005 0.005 0.003 0.004 0.018 0.003 0.007 0.007 
127   ZFCC30    (0)   :  0.938 0.005 0.003 0.003 0.003 0.004 0.004 0.004 0.010 0.003 0.003 0.003 0.007 0.003 0.004 0.003 
128   ZFCC32    (0)   :  0.909 0.005 0.003 0.006 0.005 0.004 0.012 0.005 0.005 0.004 0.003 0.004 0.010 0.007 0.009 0.009 
129   ZFCC33    (0)   :  0.581 0.004 0.008 0.007 0.007 0.004 0.005 0.004 0.007 0.011 0.004 0.004 0.337 0.004 0.007 0.004 
130   ZFCC34    (0)   :  0.538 0.018 0.022 0.005 0.008 0.053 0.007 0.032 0.075 0.011 0.054 0.066 0.050 0.008 0.023 0.029 
131   ZFCC35    (0)   :  0.947 0.004 0.002 0.003 0.003 0.003 0.003 0.004 0.004 0.003 0.002 0.005 0.007 0.004 0.004 0.002 
132   ZFCC36    (0)   :  0.872 0.009 0.004 0.005 0.006 0.016 0.019 0.010 0.004 0.004 0.007 0.005 0.011 0.018 0.004 0.007 
133   ZFCC37    (0)   :  0.720 0.006 0.005 0.011 0.016 0.014 0.012 0.010 0.008 0.043 0.008 0.006 0.033 0.005 0.016 0.088 
134   ZFCC40    (0)   :  0.911 0.004 0.004 0.004 0.004 0.008 0.003 0.004 0.003 0.008 0.006 0.004 0.014 0.012 0.009 0.004 
135   ZFCC42    (0)   :  0.056 0.007 0.031 0.027 0.017 0.007 0.004 0.013 0.048 0.011 0.003 0.005 0.503 0.078 0.005 0.186 
136   ZFCC44    (0)   :  0.934 0.003 0.003 0.004 0.003 0.002 0.003 0.003 0.008 0.003 0.003 0.003 0.014 0.008 0.003 0.003 
137   ZFCC45    (9)   :  0.795 0.004 0.009 0.020 0.007 0.006 0.008 0.004 0.010 0.026 0.004 0.004 0.057 0.018 0.016 0.013 
138   ZFCC46    (0)   :  0.843 0.040 0.003 0.003 0.006 0.017 0.007 0.022 0.010 0.003 0.010 0.010 0.016 0.004 0.003 0.003 
139   ZFCC47    (0)   :  0.848 0.007 0.004 0.005 0.004 0.004 0.006 0.007 0.005 0.016 0.003 0.007 0.007 0.003 0.016 0.057 
140   ZFCC48    (0)   :  0.763 0.033 0.005 0.003 0.025 0.080 0.011 0.011 0.004 0.008 0.021 0.008 0.017 0.004 0.005 0.003 
141   ZFCC50    (0)   :  0.940 0.003 0.004 0.003 0.004 0.003 0.003 0.003 0.003 0.004 0.002 0.003 0.009 0.004 0.004 0.006 
142   ZFCC51    (0)   :  0.945 0.003 0.004 0.003 0.003 0.003 0.003 0.003 0.010 0.004 0.003 0.003 0.004 0.002 0.005 0.003 
143   ZFCC52    (0)   :  0.831 0.013 0.004 0.004 0.005 0.027 0.008 0.010 0.006 0.005 0.013 0.011 0.043 0.007 0.004 0.007 
144   ZFCC53    (0)   :  0.950 0.003 0.003 0.003 0.003 0.003 0.003 0.002 0.005 0.004 0.002 0.003 0.005 0.003 0.005 0.003 
145  ZFCNS01    (0)   :  0.007 0.003 0.002 0.033 0.009 0.006 0.048 0.036 0.805 0.004 0.005 0.004 0.003 0.024 0.003 0.008 
146  ZFCNS02    (0)   :  0.004 0.004 0.002 0.003 0.003 0.003 0.003 0.004 0.954 0.002 0.003 0.005 0.004 0.002 0.003 0.002 
147  ZFCNS05    (0)   :  0.008 0.004 0.005 0.003 0.003 0.007 0.005 0.008 0.923 0.004 0.006 0.007 0.005 0.002 0.006 0.003 
148  ZFCNS06    (0)   :  0.005 0.004 0.003 0.003 0.002 0.004 0.003 0.004 0.951 0.002 0.003 0.004 0.004 0.002 0.003 0.002 
149  ZFCNS07    (0)   :  0.003 0.009 0.003 0.003 0.003 0.005 0.003 0.005 0.937 0.003 0.006 0.010 0.003 0.002 0.003 0.002 
150  ZFCNS10    (0)   :  0.005 0.005 0.003 0.003 0.003 0.007 0.003 0.021 0.919 0.002 0.010 0.007 0.003 0.005 0.003 0.002 
151  ZFCNS11    (0)   :  0.007 0.004 0.002 0.012 0.006 0.006 0.020 0.018 0.887 0.004 0.005 0.004 0.003 0.011 0.003 0.007 
152  ZFCNS15    (0)   :  0.003 0.008 0.003 0.003 0.004 0.008 0.004 0.033 0.873 0.004 0.033 0.011 0.006 0.002 0.003 0.003 
153  ZFCNS17    (0)   :  0.005 0.004 0.003 0.003 0.003 0.003 0.003 0.005 0.951 0.002 0.004 0.005 0.004 0.002 0.003 0.002 
154  ZFCNS18    (0)   :  0.005 0.004 0.003 0.002 0.003 0.008 0.003 0.019 0.921 0.002 0.010 0.006 0.003 0.005 0.003 0.002 
155  ZFCNS19    (0)   :  0.004 0.003 0.003 0.003 0.002 0.003 0.003 0.004 0.957 0.002 0.003 0.002 0.003 0.002 0.003 0.002 
156  ZFCNS20    (0)   :  0.005 0.015 0.003 0.004 0.004 0.010 0.005 0.013 0.893 0.004 0.014 0.015 0.008 0.002 0.003 0.003 
157  ZFCNS21    (0)   :  0.004 0.002 0.002 0.003 0.002 0.003 0.003 0.004 0.959 0.002 0.003 0.003 0.003 0.002 0.003 0.002 
158  ZFCNS22    (0)   :  0.005 0.006 0.005 0.004 0.004 0.009 0.005 0.013 0.906 0.004 0.013 0.009 0.006 0.002 0.006 0.003 
159  ZFCNS23    (0)   :  0.012 0.011 0.004 0.007 0.006 0.007 0.010 0.005 0.882 0.005 0.003 0.004 0.022 0.010 0.005 0.008 
160  ZFCNS24    (0)   :  0.007 0.007 0.002 0.003 0.003 0.006 0.004 0.009 0.926 0.003 0.005 0.007 0.009 0.002 0.003 0.003 
161  ZFCNS25    (0)   :  0.005 0.010 0.002 0.003 0.003 0.007 0.004 0.011 0.907 0.003 0.010 0.017 0.009 0.002 0.003 0.003 
162  ZFCNS26    (0)   :  0.003 0.003 0.003 0.003 0.003 0.004 0.003 0.007 0.949 0.003 0.005 0.005 0.003 0.002 0.003 0.002 
163  ZFCNS27    (0)   :  0.003 0.009 0.003 0.003 0.004 0.009 0.004 0.055 0.832 0.003 0.033 0.025 0.007 0.002 0.003 0.003 
164  ZFCNS28    (0)   :  0.004 0.004 0.003 0.003 0.002 0.004 0.003 0.005 0.950 0.002 0.004 0.004 0.003 0.002 0.004 0.003 
165  ZFCNS29    (0)   :  0.007 0.005 0.003 0.003 0.003 0.007 0.005 0.009 0.922 0.004 0.007 0.008 0.007 0.002 0.005 0.003 
166  ZFCNS30    (0)   :  0.007 0.003 0.004 0.003 0.003 0.005 0.005 0.009 0.933 0.003 0.005 0.004 0.006 0.002 0.006 0.003 
167  ZFCNS31    (0)   :  0.003 0.004 0.003 0.003 0.002 0.003 0.003 0.006 0.953 0.003 0.004 0.003 0.003 0.002 0.003 0.002 
168  ZFCNS32    (0)   :  0.004 0.007 0.003 0.003 0.003 0.005 0.005 0.010 0.927 0.003 0.007 0.006 0.006 0.002 0.004 0.003 
169  ZFCNS33    (0)   :  0.003 0.004 0.003 0.003 0.002 0.003 0.003 0.005 0.955 0.003 0.003 0.003 0.003 0.002 0.003 0.002 
170  ZFCNS34    (0)   :  0.012 0.004 0.004 0.004 0.003 0.005 0.005 0.006 0.928 0.004 0.004 0.005 0.007 0.002 0.005 0.003 
171  ZFCNS35    (0)   :  0.006 0.004 0.016 0.003 0.004 0.010 0.003 0.019 0.881 0.020 0.010 0.011 0.003 0.002 0.006 0.002 
172  ZFCNS36    (0)   :  0.010 0.008 0.002 0.003 0.003 0.005 0.005 0.008 0.919 0.003 0.005 0.009 0.010 0.002 0.003 0.003 
173  ZFCNS37    (0)   :  0.005 0.008 0.004 0.011 0.004 0.006 0.004 0.153 0.775 0.003 0.006 0.006 0.006 0.002 0.004 0.003 
174  ZFCNS39    (0)   :  0.016 0.020 0.002 0.005 0.006 0.009 0.013 0.028 0.872 0.002 0.006 0.006 0.006 0.004 0.003 0.002 
175  ZFCNS40    (0)   :  0.026 0.113 0.002 0.005 0.004 0.008 0.007 0.190 0.602 0.003 0.006 0.011 0.012 0.003 0.003 0.003 
176  ZFCNS41    (0)   :  0.014 0.005 0.005 0.008 0.005 0.013 0.011 0.682 0.199 0.010 0.010 0.014 0.011 0.004 0.006 0.004 
177  ZFCNS42    (0)   :  0.003 0.003 0.003 0.003 0.003 0.004 0.003 0.006 0.951 0.002 0.005 0.004 0.003 0.002 0.003 0.002 
178  ZFCNS43    (0)   :  0.004 0.003 0.002 0.003 0.002 0.003 0.003 0.004 0.958 0.002 0.003 0.003 0.003 0.002 0.003 0.002 
179  ZFCNS44    (0)   :  0.006 0.003 0.003 0.003 0.003 0.008 0.002 0.020 0.922 0.002 0.011 0.004 0.003 0.005 0.003 0.002 
180  ZFCNS46    (0)   :  0.004 0.004 0.003 0.004 0.004 0.006 0.005 0.013 0.927 0.003 0.006 0.005 0.005 0.002 0.004 0.003 
181  ZFCNS47    (0)   :  0.004 0.003 0.002 0.003 0.002 0.003 0.003 0.005 0.957 0.002 0.003 0.003 0.003 0.002 0.003 0.002 
182  ZFCNS48    (0)   :  0.006 0.006 0.004 0.004 0.004 0.014 0.005 0.049 0.867 0.004 0.015 0.007 0.005 0.004 0.004 0.003 
183  ZFCNS49    (0)   :  0.003 0.004 0.004 0.003 0.003 0.009 0.003 0.053 0.868 0.002 0.030 0.006 0.003 0.004 0.003 0.002 
184   ZFCR01    (0)   :  0.009 0.008 0.008 0.165 0.462 0.017 0.004 0.004 0.003 0.243 0.009 0.007 0.003 0.008 0.027 0.024 
185   ZFCR02    (0)   :  0.014 0.005 0.011 0.007 0.894 0.008 0.004 0.004 0.004 0.006 0.004 0.012 0.008 0.007 0.005 0.007 
186   ZFCR03    (0)   :  0.019 0.013 0.042 0.010 0.576 0.044 0.017 0.005 0.003 0.102 0.014 0.014 0.052 0.027 0.022 0.041 
187   ZFCR04    (0)   :  0.010 0.014 0.085 0.020 0.713 0.006 0.007 0.018 0.010 0.011 0.015 0.010 0.005 0.015 0.047 0.014 
188   ZFCR05    (0)   :  0.010 0.003 0.013 0.019 0.843 0.004 0.012 0.003 0.002 0.048 0.003 0.003 0.004 0.007 0.016 0.009 
189   ZFCR06    (0)   :  0.012 0.010 0.015 0.012 0.740 0.009 0.005 0.022 0.052 0.055 0.016 0.028 0.005 0.003 0.009 0.007 
190   ZFCR07    (0)   :  0.010 0.004 0.034 0.067 0.583 0.014 0.080 0.033 0.058 0.016 0.011 0.005 0.054 0.007 0.012 0.016 
191   ZFCR08    (0)   :  0.067 0.042 0.017 0.309 0.254 0.033 0.008 0.013 0.005 0.043 0.026 0.006 0.038 0.033 0.072 0.033 
192   ZFCR09    (0)   :  0.021 0.014 0.059 0.031 0.087 0.084 0.019 0.038 0.016 0.227 0.023 0.048 0.017 0.138 0.008 0.171 
193   ZFCR11    (0)   :  0.007 0.002 0.019 0.016 0.826 0.004 0.013 0.025 0.007 0.029 0.004 0.018 0.004 0.005 0.012 0.010 
194   ZFCR12    (0)   :  0.006 0.013 0.005 0.006 0.771 0.006 0.019 0.043 0.075 0.014 0.014 0.011 0.007 0.003 0.004 0.003 
195   ZFCR13    (0)   :  0.007 0.005 0.023 0.167 0.434 0.012 0.222 0.008 0.007 0.004 0.065 0.025 0.007 0.003 0.007 0.003 
196   ZFCR14    (0)   :  0.007 0.008 0.014 0.008 0.889 0.006 0.016 0.006 0.005 0.006 0.007 0.005 0.005 0.004 0.011 0.004 
197   ZFCR15    (0)   :  0.009 0.015 0.025 0.021 0.817 0.015 0.011 0.010 0.004 0.009 0.015 0.009 0.009 0.007 0.018 0.005 
198   ZFCR16    (0)   :  0.007 0.012 0.017 0.015 0.866 0.020 0.007 0.005 0.003 0.008 0.010 0.013 0.004 0.003 0.007 0.004 
199   ZFCR18    (0)   :  0.011 0.006 0.485 0.015 0.293 0.009 0.007 0.005 0.006 0.073 0.006 0.029 0.037 0.004 0.007 0.006 
200   ZFCR19    (0)   :  0.011 0.027 0.023 0.005 0.774 0.011 0.007 0.008 0.006 0.022 0.020 0.013 0.006 0.003 0.005 0.059 
201   ZFCR20    (0)   :  0.006 0.007 0.034 0.037 0.127 0.037 0.161 0.008 0.005 0.463 0.031 0.008 0.022 0.005 0.023 0.028 
202   ZFCR21    (0)   :  0.011 0.008 0.006 0.006 0.886 0.007 0.018 0.006 0.003 0.022 0.005 0.005 0.007 0.003 0.004 0.004 
203   ZFCR22    (0)   :  0.004 0.010 0.007 0.006 0.891 0.007 0.033 0.005 0.003 0.005 0.005 0.005 0.007 0.003 0.002 0.005 
204   ZFCR23    (0)   :  0.003 0.005 0.013 0.069 0.630 0.052 0.037 0.023 0.005 0.017 0.080 0.014 0.004 0.035 0.004 0.010 
205   ZFCR24    (9)   :  0.008 0.006 0.064 0.070 0.081 0.112 0.097 0.009 0.004 0.027 0.401 0.021 0.009 0.004 0.036 0.051 
206   ZFCR25    (0)   :  0.005 0.003 0.007 0.008 0.914 0.004 0.009 0.004 0.003 0.007 0.004 0.003 0.005 0.002 0.011 0.010 
207   ZFCR26    (0)   :  0.013 0.014 0.004 0.011 0.630 0.011 0.184 0.009 0.004 0.013 0.009 0.011 0.007 0.003 0.010 0.067 
208   ZFCR27    (9)   :  0.005 0.003 0.011 0.365 0.390 0.003 0.029 0.003 0.003 0.095 0.004 0.003 0.003 0.003 0.015 0.065 
209   ZFCR28    (0)   :  0.010 0.033 0.004 0.057 0.695 0.096 0.005 0.009 0.017 0.010 0.018 0.021 0.007 0.005 0.010 0.004 
210   ZFCR29    (0)   :  0.004 0.005 0.015 0.007 0.669 0.007 0.027 0.004 0.002 0.227 0.006 0.004 0.004 0.004 0.005 0.009 
211   ZFCR30    (0)   :  0.005 0.007 0.007 0.010 0.865 0.007 0.034 0.010 0.007 0.007 0.007 0.005 0.008 0.005 0.009 0.009 
212   ZFCR31    (0)   :  0.009 0.016 0.154 0.016 0.422 0.063 0.021 0.039 0.038 0.026 0.036 0.041 0.029 0.014 0.013 0.063 
213   ZFCR33    (0)   :  0.042 0.013 0.006 0.666 0.049 0.013 0.024 0.018 0.007 0.063 0.011 0.006 0.009 0.023 0.033 0.019 
214   ZFCR34    (0)   :  0.011 0.007 0.050 0.025 0.709 0.017 0.104 0.019 0.006 0.006 0.013 0.005 0.004 0.009 0.005 0.007 
215   ZFCR35    (0)   :  0.010 0.004 0.155 0.012 0.688 0.006 0.006 0.005 0.004 0.060 0.007 0.004 0.004 0.010 0.011 0.015 
216   ZFCR36    (0)   :  0.006 0.004 0.041 0.008 0.833 0.008 0.016 0.007 0.012 0.011 0.007 0.004 0.006 0.014 0.008 0.014 
217   ZFCR37    (0)   :  0.044 0.003 0.046 0.076 0.041 0.004 0.580 0.004 0.004 0.070 0.004 0.003 0.015 0.023 0.038 0.045 
218   ZFCR38    (0)   :  0.043 0.012 0.006 0.441 0.269 0.010 0.030 0.009 0.008 0.035 0.006 0.006 0.013 0.009 0.041 0.063 
219   ZFCR39    (0)   :  0.069 0.019 0.022 0.131 0.309 0.070 0.007 0.010 0.003 0.030 0.016 0.023 0.052 0.196 0.009 0.034 
220   ZFCR40    (0)   :  0.013 0.003 0.008 0.022 0.859 0.008 0.008 0.008 0.004 0.007 0.008 0.003 0.005 0.021 0.011 0.011 
221   ZFCR41    (0)   :  0.020 0.017 0.005 0.010 0.812 0.007 0.012 0.070 0.008 0.009 0.005 0.005 0.006 0.002 0.007 0.003 
222   ZFCR42    (0)   :  0.027 0.014 0.007 0.032 0.722 0.020 0.048 0.024 0.016 0.010 0.018 0.010 0.017 0.015 0.010 0.011 
223   ZFCR43    (0)   :  0.004 0.003 0.022 0.008 0.847 0.005 0.007 0.005 0.005 0.012 0.041 0.020 0.004 0.003 0.010 0.004 
224  ZFENP25    (0)   :  0.019 0.009 0.005 0.802 0.023 0.014 0.006 0.005 0.003 0.058 0.008 0.003 0.006 0.005 0.029 0.005 
225  ZFENP26    (0)   :  0.004 0.003 0.006 0.930 0.011 0.003 0.004 0.004 0.003 0.005 0.002 0.002 0.004 0.007 0.005 0.006 
226  ZFENP27    (0)   :  0.177 0.013 0.017 0.296 0.186 0.035 0.005 0.028 0.063 0.039 0.018 0.005 0.041 0.018 0.027 0.033 
227  ZFENP28    (0)   :  0.014 0.004 0.009 0.812 0.059 0.004 0.009 0.005 0.010 0.006 0.004 0.005 0.005 0.009 0.032 0.015 
228  ZFENP29    (0)   :  0.011 0.004 0.004 0.858 0.059 0.004 0.009 0.005 0.004 0.013 0.005 0.003 0.007 0.005 0.004 0.005 
229  ZFENP30    (0)   :  0.032 0.009 0.007 0.751 0.016 0.006 0.013 0.005 0.009 0.008 0.004 0.006 0.103 0.013 0.008 0.011 
230  ZFENP31    (0)   :  0.012 0.004 0.028 0.239 0.014 0.005 0.012 0.004 0.005 0.028 0.004 0.009 0.357 0.213 0.031 0.037 
231  ZFENP32    (0)   :  0.010 0.006 0.170 0.195 0.034 0.020 0.012 0.012 0.031 0.174 0.008 0.020 0.110 0.159 0.013 0.028 
232  ZFENP33    (0)   :  0.005 0.004 0.012 0.769 0.013 0.007 0.040 0.006 0.005 0.029 0.008 0.006 0.037 0.008 0.038 0.015 
233  ZFENP34    (0)   :  0.019 0.004 0.035 0.220 0.026 0.005 0.007 0.005 0.008 0.035 0.004 0.007 0.113 0.006 0.481 0.027 
234  ZFENP35    (0)   :  0.005 0.004 0.015 0.818 0.006 0.008 0.008 0.017 0.011 0.005 0.015 0.004 0.007 0.065 0.007 0.005 
235  ZFENP36    (0)   :  0.003 0.002 0.010 0.906 0.011 0.004 0.007 0.004 0.011 0.004 0.002 0.002 0.008 0.011 0.006 0.010 
236  ZFENP37    (0)   :  0.007 0.004 0.010 0.295 0.008 0.007 0.026 0.006 0.007 0.007 0.007 0.004 0.008 0.105 0.491 0.007 
237  ZFENP38    (0)   :  0.017 0.004 0.009 0.413 0.014 0.007 0.411 0.007 0.015 0.009 0.005 0.005 0.014 0.020 0.029 0.021 
238  ZFENP39    (0)   :  0.015 0.003 0.012 0.695 0.135 0.004 0.011 0.004 0.005 0.045 0.005 0.003 0.006 0.023 0.023 0.010 
239  ZFENP40    (0)   :  0.007 0.004 0.016 0.686 0.094 0.009 0.007 0.006 0.006 0.032 0.010 0.007 0.016 0.057 0.027 0.016 
240  ZFENP41    (0)   :  0.075 0.007 0.019 0.640 0.087 0.008 0.006 0.007 0.009 0.021 0.009 0.005 0.052 0.034 0.015 0.006 
241  ZFENP42    (0)   :  0.006 0.005 0.004 0.595 0.065 0.004 0.049 0.005 0.003 0.005 0.003 0.003 0.010 0.234 0.004 0.006 
242  ZFENP43    (0)   :  0.031 0.005 0.007 0.634 0.026 0.008 0.082 0.040 0.050 0.009 0.008 0.007 0.008 0.014 0.041 0.031 
243  ZFENP44    (0)   :  0.016 0.003 0.006 0.618 0.024 0.012 0.048 0.021 0.015 0.008 0.014 0.003 0.026 0.147 0.026 0.011 
244  ZFENP45    (0)   :  0.015 0.300 0.008 0.323 0.031 0.018 0.053 0.014 0.009 0.007 0.022 0.033 0.019 0.120 0.014 0.015 
245  ZFENP46    (0)   :  0.003 0.005 0.008 0.756 0.019 0.013 0.046 0.021 0.007 0.012 0.026 0.009 0.010 0.016 0.038 0.012 
246  ZFENP47    (0)   :  0.040 0.109 0.037 0.123 0.078 0.009 0.004 0.004 0.004 0.264 0.010 0.011 0.023 0.264 0.005 0.016 
247  ZFENP48    (0)   :  0.016 0.008 0.013 0.067 0.017 0.012 0.015 0.005 0.006 0.036 0.005 0.012 0.294 0.010 0.459 0.023 
248  ZFENP49    (0)   :  0.008 0.010 0.029 0.172 0.490 0.008 0.009 0.005 0.005 0.039 0.013 0.010 0.175 0.005 0.004 0.019 
249  ZFENP50    (0)   :  0.004 0.007 0.007 0.593 0.097 0.053 0.082 0.016 0.004 0.006 0.022 0.024 0.006 0.048 0.007 0.025 
250  ZFENP51    (0)   :  0.007 0.048 0.018 0.370 0.033 0.003 0.012 0.004 0.006 0.013 0.003 0.004 0.036 0.023 0.010 0.410 
251  ZFENP52    (0)   :  0.008 0.005 0.003 0.901 0.009 0.005 0.011 0.016 0.009 0.003 0.004 0.004 0.006 0.006 0.004 0.005 
252  ZFENP53    (0)   :  0.008 0.025 0.007 0.739 0.019 0.038 0.021 0.017 0.008 0.009 0.024 0.042 0.007 0.017 0.009 0.009 
253  ZFENP54    (0)   :  0.013 0.004 0.010 0.054 0.796 0.022 0.012 0.007 0.005 0.007 0.010 0.012 0.024 0.007 0.008 0.008 
254  ZFENP55    (0)   :  0.003 0.005 0.054 0.249 0.049 0.006 0.512 0.004 0.004 0.019 0.004 0.005 0.011 0.013 0.025 0.037 
255  ZFENP56    (0)   :  0.008 0.006 0.014 0.810 0.011 0.004 0.063 0.009 0.010 0.011 0.004 0.004 0.011 0.006 0.008 0.022 
256  ZFENP57    (0)   :  0.004 0.002 0.015 0.728 0.049 0.007 0.020 0.008 0.012 0.011 0.004 0.003 0.017 0.076 0.028 0.015 
257  ZFENP58    (0)   :  0.020 0.106 0.021 0.299 0.175 0.019 0.022 0.015 0.014 0.008 0.004 0.007 0.265 0.005 0.005 0.014 
258  ZFENP59    (0)   :  0.068 0.004 0.016 0.726 0.043 0.005 0.009 0.005 0.005 0.021 0.006 0.005 0.032 0.039 0.008 0.007 
259  ZFENP60    (0)   :  0.011 0.013 0.036 0.645 0.146 0.012 0.016 0.007 0.007 0.012 0.011 0.008 0.007 0.016 0.043 0.012 
260  ZFENP61    (0)   :  0.017 0.003 0.017 0.775 0.050 0.004 0.009 0.004 0.004 0.075 0.004 0.003 0.008 0.008 0.013 0.008 
261 ZFFDSP01    (0)   :  0.004 0.013 0.005 0.002 0.004 0.761 0.007 0.045 0.012 0.005 0.122 0.008 0.004 0.003 0.004 0.002 
262 ZFFDSP02    (0)   :  0.004 0.004 0.003 0.003 0.003 0.029 0.003 0.005 0.003 0.005 0.924 0.004 0.003 0.002 0.003 0.002 
263 ZFFDSP04    (0)   :  0.004 0.011 0.005 0.002 0.003 0.568 0.005 0.009 0.003 0.009 0.361 0.009 0.003 0.002 0.004 0.002 
264 ZFFDSP05    (0)   :  0.004 0.008 0.004 0.003 0.004 0.041 0.008 0.040 0.004 0.005 0.855 0.010 0.003 0.004 0.003 0.003 
265 ZFFDSP06    (0)   :  0.011 0.014 0.002 0.002 0.004 0.523 0.005 0.026 0.003 0.006 0.307 0.077 0.003 0.002 0.012 0.002 
266 ZFFDSP07    (0)   :  0.013 0.040 0.003 0.004 0.007 0.605 0.009 0.007 0.005 0.006 0.240 0.016 0.033 0.006 0.003 0.004 
267 ZFFDSP08    (0)   :  0.011 0.100 0.003 0.004 0.005 0.470 0.014 0.037 0.014 0.003 0.169 0.121 0.037 0.004 0.003 0.004 
268 ZFFDSP10    (0)   :  0.007 0.018 0.004 0.005 0.008 0.312 0.009 0.020 0.005 0.005 0.570 0.014 0.012 0.005 0.004 0.004 
269 ZFFDSP11    (0)   :  0.004 0.008 0.004 0.003 0.004 0.535 0.008 0.012 0.003 0.006 0.383 0.016 0.003 0.003 0.004 0.003 
270 ZFFDSP12    (0)   :  0.003 0.011 0.002 0.003 0.004 0.472 0.004 0.011 0.005 0.003 0.258 0.211 0.005 0.003 0.003 0.003 
271 ZFFDSP13    (0)   :  0.009 0.005 0.004 0.005 0.004 0.055 0.009 0.775 0.017 0.006 0.078 0.014 0.009 0.004 0.004 0.003 
272 ZFFDSP14    (0)   :  0.007 0.023 0.003 0.003 0.004 0.566 0.007 0.006 0.004 0.008 0.337 0.011 0.009 0.004 0.004 0.003 
273 ZFFDSP16    (0)   :  0.006 0.004 0.005 0.006 0.007 0.846 0.006 0.008 0.013 0.010 0.060 0.010 0.004 0.003 0.007 0.003 
274 ZFFDSP17    (0)   :  0.005 0.007 0.004 0.003 0.005 0.783 0.007 0.018 0.005 0.005 0.123 0.019 0.005 0.002 0.006 0.003 
275 ZFFDSP18    (0)   :  0.005 0.019 0.005 0.003 0.004 0.204 0.004 0.006 0.004 0.017 0.691 0.026 0.003 0.002 0.005 0.003 
276 ZFFDSP19    (0)   :  0.027 0.019 0.003 0.004 0.004 0.641 0.004 0.032 0.104 0.009 0.122 0.017 0.004 0.002 0.005 0.003 
277 ZFFDSP21    (0)   :  0.017 0.006 0.003 0.003 0.004 0.494 0.004 0.192 0.067 0.006 0.185 0.006 0.004 0.003 0.004 0.002 
278 ZFFDSP22    (0)   :  0.005 0.089 0.002 0.003 0.004 0.598 0.005 0.010 0.004 0.004 0.230 0.035 0.004 0.002 0.003 0.002 
279 ZFFDSP23    (0)   :  0.004 0.074 0.002 0.002 0.003 0.031 0.005 0.038 0.007 0.004 0.809 0.011 0.003 0.002 0.003 0.002 
280 ZFFDSP24    (0)   :  0.004 0.005 0.004 0.003 0.003 0.015 0.005 0.015 0.007 0.004 0.918 0.006 0.004 0.002 0.004 0.003 
281 ZFFDSP26    (9)   :  0.005 0.013 0.003 0.003 0.003 0.057 0.005 0.035 0.005 0.006 0.832 0.021 0.004 0.002 0.003 0.003 
282 ZFFDSP27    (0)   :  0.003 0.006 0.004 0.003 0.003 0.025 0.003 0.009 0.006 0.009 0.909 0.008 0.003 0.002 0.004 0.003 
283 ZFFDSP28    (0)   :  0.006 0.009 0.021 0.005 0.007 0.106 0.009 0.018 0.005 0.012 0.731 0.016 0.015 0.005 0.018 0.016 
284 ZFFDSP30    (0)   :  0.005 0.006 0.039 0.003 0.004 0.660 0.006 0.133 0.034 0.008 0.071 0.007 0.006 0.006 0.005 0.004 
285 ZFFDSP31    (0)   :  0.006 0.008 0.003 0.005 0.005 0.033 0.007 0.034 0.009 0.004 0.351 0.502 0.005 0.002 0.023 0.002 
286 ZFFDSP32    (0)   :  0.003 0.005 0.002 0.003 0.003 0.531 0.004 0.009 0.005 0.004 0.412 0.006 0.004 0.002 0.004 0.002 
287 ZFFDSP33    (0)   :  0.002 0.007 0.003 0.003 0.003 0.244 0.003 0.015 0.005 0.004 0.679 0.022 0.003 0.002 0.003 0.002 
