

----------------------------------------------------
STRUCTURE by Pritchard, Stephens and Donnelly (2000)
     and Falush, Stephens and Pritchard (2003)
       Code by Pritchard, Falush and Hubisz
             Version 2.3.4 (Jul 2012)
----------------------------------------------------



Command line arguments:   bin\structure -m C:\Users\eschumacher\Documents\GitHub\GCC_QUAC_ZAIN\Data_Files\Structure_Files\ZAIN\ZAIN_wild_rebinned_nopopinfo\50-50\mainparams -e C:\Users\eschumacher\Documents\GitHub\GCC_QUAC_ZAIN\Data_Files\Structure_Files\ZAIN\ZAIN_wild_rebinned_nopopinfo\50-50\extraparams 
Input File:    C:\Users\eschumacher\Documents\GitHub\GCC_QUAC_ZAIN\Data_Files\Structure_Files\ZAIN\ZAIN_wild_rebinned_nopopinfo\project_data

Run parameters:
   751 individuals
   11 loci
   9 populations assumed
   50000 Burn-in period
   50000 Reps


--------------------------------------------
Overall proportion of membership of the
sample in each of the 9 clusters

Inferred Clusters
  1      2      3      4      5      6      7      8      9    
0.078  0.112  0.121  0.159  0.065  0.227  0.055  0.069  0.115  

--------------------------------------------

Allele-freq. divergence among pops (Net nucleotide distance),
computed using point estimates of P.

      1       2       3       4       5       6       7       8       9      
 1      -    0.0926  0.1167  0.1534  0.1699  0.1440  0.3342  0.2367  0.1345  
 2   0.0926     -    0.1557  0.1873  0.2635  0.0751  0.1764  0.1991  0.1085  
 3   0.1167  0.1557     -    0.0463  0.1223  0.2208  0.3556  0.1371  0.1401  
 4   0.1534  0.1873  0.0463     -    0.1102  0.2164  0.3661  0.2385  0.1709  
 5   0.1699  0.2635  0.1223  0.1102     -    0.3165  0.4464  0.2880  0.1843  
 6   0.1440  0.0751  0.2208  0.2164  0.3165     -    0.2581  0.2736  0.1458  
 7   0.3342  0.1764  0.3556  0.3661  0.4464  0.2581     -    0.4383  0.3012  
 8   0.2367  0.1991  0.1371  0.2385  0.2880  0.2736  0.4383     -    0.1744  
 9   0.1345  0.1085  0.1401  0.1709  0.1843  0.1458  0.3012  0.1744     -    

Average distances (expected heterozygosity) between individuals in same cluster:
cluster  1  : 0.4656 
cluster  2  : 0.5512 
cluster  3  : 0.4317 
cluster  4  : 0.4068 
cluster  5  : 0.3660 
cluster  6  : 0.4934 
cluster  7  : 0.2627 
cluster  8  : 0.2321 
cluster  9  : 0.4340 

--------------------------------------------
Estimated Ln Prob of Data   = -13889.2
Mean value of ln likelihood = -13522.0
Variance of ln likelihood   = 734.5
Mean value of alpha         = 0.0320

Mean value of Fst_1         = 0.2982
Mean value of Fst_2         = 0.1348
Mean value of Fst_3         = 0.3999
Mean value of Fst_4         = 0.3654
Mean value of Fst_5         = 0.4313
Mean value of Fst_6         = 0.3514
Mean value of Fst_7         = 0.6231
Mean value of Fst_8         = 0.6465
Mean value of Fst_9         = 0.4015


Inferred ancestry of individuals:
        Label (%Miss) :  Inferred clusters
  1    ZFB01    (0)   :  0.004 0.004 0.004 0.006 0.003 0.964 0.007 0.003 0.004 
  2    ZFB02    (0)   :  0.004 0.007 0.003 0.004 0.003 0.959 0.012 0.002 0.007 
  3    ZFB03    (0)   :  0.006 0.009 0.007 0.005 0.003 0.949 0.003 0.013 0.005 
  4    ZFB04    (0)   :  0.004 0.006 0.004 0.006 0.003 0.955 0.015 0.002 0.006 
  5    ZFB05    (0)   :  0.026 0.042 0.007 0.003 0.011 0.839 0.051 0.014 0.008 
  6    ZFB06    (0)   :  0.024 0.043 0.006 0.002 0.011 0.856 0.038 0.013 0.006 
  7    ZFB07    (9)   :  0.005 0.017 0.009 0.010 0.004 0.935 0.010 0.006 0.005 
  8    ZFB08    (0)   :  0.014 0.005 0.005 0.006 0.004 0.953 0.003 0.004 0.006 
  9    ZFB09    (0)   :  0.005 0.004 0.003 0.003 0.003 0.972 0.003 0.003 0.004 
 10    ZFB10    (0)   :  0.005 0.004 0.011 0.025 0.006 0.932 0.008 0.002 0.007 
 11    ZFB11    (0)   :  0.004 0.004 0.006 0.012 0.004 0.944 0.018 0.003 0.006 
 12    ZFB12    (0)   :  0.009 0.005 0.005 0.005 0.003 0.956 0.007 0.007 0.003 
 13    ZFB13    (0)   :  0.011 0.006 0.006 0.007 0.004 0.955 0.003 0.004 0.004 
 14    ZFB14    (0)   :  0.005 0.004 0.004 0.006 0.003 0.966 0.003 0.003 0.005 
 15    ZFB15    (0)   :  0.004 0.004 0.003 0.003 0.002 0.971 0.008 0.002 0.003 
 16    ZFB16    (0)   :  0.007 0.004 0.005 0.005 0.003 0.964 0.006 0.003 0.003 
 17    ZFB17    (0)   :  0.039 0.011 0.014 0.012 0.011 0.869 0.023 0.003 0.019 
 18    ZFB18    (0)   :  0.005 0.004 0.003 0.005 0.003 0.970 0.003 0.003 0.004 
 19    ZFB19    (0)   :  0.017 0.013 0.023 0.030 0.007 0.896 0.005 0.005 0.004 
 20    ZFB20    (0)   :  0.006 0.005 0.005 0.005 0.003 0.958 0.013 0.002 0.003 
 21    ZFB21    (0)   :  0.004 0.008 0.003 0.003 0.002 0.967 0.006 0.004 0.003 
 22    ZFB22    (0)   :  0.013 0.009 0.014 0.014 0.012 0.889 0.037 0.002 0.008 
 23    ZFB23    (0)   :  0.004 0.005 0.007 0.010 0.004 0.931 0.030 0.005 0.005 
 24    ZFB24    (0)   :  0.004 0.004 0.005 0.008 0.003 0.935 0.033 0.003 0.005 
 25    ZFB25    (0)   :  0.004 0.004 0.019 0.043 0.005 0.908 0.009 0.004 0.005 
 26    ZFB26    (0)   :  0.004 0.006 0.013 0.023 0.004 0.859 0.080 0.004 0.006 
 27    ZFB27    (0)   :  0.003 0.004 0.006 0.009 0.003 0.830 0.137 0.003 0.004 
 28    ZFB28    (0)   :  0.008 0.016 0.006 0.005 0.003 0.892 0.055 0.006 0.008 
 29    ZFB29    (0)   :  0.004 0.005 0.003 0.004 0.003 0.963 0.009 0.002 0.007 
 30    ZFB30    (0)   :  0.015 0.034 0.008 0.004 0.010 0.659 0.256 0.010 0.003 
 31    ZFB31    (0)   :  0.004 0.004 0.012 0.022 0.004 0.935 0.009 0.004 0.005 
 32    ZFB32    (0)   :  0.017 0.013 0.009 0.011 0.004 0.891 0.028 0.010 0.017 
 33    ZFB33    (0)   :  0.004 0.005 0.004 0.004 0.002 0.968 0.007 0.003 0.003 
 34    ZFB34    (0)   :  0.005 0.005 0.004 0.004 0.003 0.968 0.003 0.004 0.005 
 35    ZFB35    (0)   :  0.004 0.004 0.006 0.008 0.003 0.959 0.006 0.004 0.005 
 36  ZFBP101    (0)   :  0.014 0.010 0.633 0.186 0.035 0.011 0.003 0.012 0.095 
 37  ZFBP102    (0)   :  0.011 0.012 0.663 0.259 0.013 0.017 0.003 0.005 0.019 
 38  ZFBP103    (0)   :  0.008 0.007 0.767 0.065 0.010 0.007 0.003 0.017 0.117 
 39  ZFBP104    (0)   :  0.045 0.018 0.658 0.231 0.007 0.027 0.003 0.007 0.004 
 40  ZFBP105    (0)   :  0.007 0.006 0.254 0.700 0.005 0.006 0.004 0.013 0.005 
 41  ZFBP106    (0)   :  0.005 0.004 0.217 0.732 0.010 0.003 0.003 0.018 0.008 
 42  ZFBP107    (0)   :  0.007 0.014 0.467 0.448 0.005 0.006 0.030 0.015 0.009 
 43  ZFBP108    (0)   :  0.003 0.003 0.012 0.963 0.004 0.003 0.003 0.006 0.003 
 44  ZFBP109    (0)   :  0.005 0.005 0.017 0.955 0.005 0.003 0.002 0.005 0.004 
 45  ZFBP110    (0)   :  0.013 0.031 0.643 0.191 0.005 0.027 0.003 0.051 0.037 
 46  ZFBP111    (0)   :  0.009 0.004 0.569 0.291 0.109 0.002 0.004 0.010 0.004 
 47  ZFBP112    (0)   :  0.008 0.004 0.024 0.889 0.038 0.004 0.006 0.011 0.015 
 48  ZFBP113    (0)   :  0.005 0.004 0.017 0.957 0.004 0.003 0.004 0.003 0.003 
 49  ZFBP114    (0)   :  0.003 0.009 0.237 0.715 0.009 0.004 0.012 0.005 0.007 
 50  ZFBP115    (0)   :  0.007 0.004 0.826 0.116 0.013 0.003 0.004 0.019 0.009 
 51  ZFBP116    (0)   :  0.008 0.005 0.043 0.921 0.006 0.003 0.004 0.006 0.004 
 52  ZFBP117    (0)   :  0.004 0.004 0.020 0.947 0.007 0.003 0.002 0.006 0.007 
 53  ZFBP118    (0)   :  0.003 0.009 0.088 0.859 0.015 0.003 0.013 0.004 0.005 
 54  ZFBP119    (0)   :  0.011 0.005 0.429 0.485 0.018 0.003 0.003 0.017 0.028 
 55  ZFBP120    (0)   :  0.007 0.005 0.264 0.692 0.006 0.006 0.004 0.011 0.004 
 56  ZFBP121    (0)   :  0.005 0.004 0.025 0.940 0.005 0.005 0.003 0.007 0.007 
 57  ZFBP122    (9)   :  0.006 0.004 0.110 0.852 0.010 0.003 0.003 0.007 0.005 
 58  ZFBP123    (0)   :  0.008 0.005 0.014 0.931 0.014 0.004 0.007 0.005 0.012 
 59  ZFBP124    (0)   :  0.004 0.004 0.018 0.953 0.004 0.005 0.004 0.004 0.004 
 60  ZFBP125    (0)   :  0.004 0.003 0.030 0.929 0.013 0.002 0.002 0.009 0.006 
 61  ZFBP126    (0)   :  0.026 0.020 0.252 0.645 0.007 0.014 0.003 0.004 0.029 
 62  ZFBP127    (0)   :  0.004 0.005 0.206 0.671 0.004 0.004 0.003 0.084 0.020 
 63  ZFBP128    (0)   :  0.004 0.003 0.027 0.903 0.028 0.003 0.003 0.016 0.014 
 64  ZFBP129    (0)   :  0.005 0.006 0.008 0.843 0.116 0.004 0.003 0.007 0.009 
 65  ZFBP130    (0)   :  0.008 0.003 0.040 0.848 0.062 0.002 0.004 0.012 0.021 
 66  ZFBP131    (0)   :  0.005 0.004 0.005 0.968 0.005 0.004 0.004 0.003 0.004 
 67  ZFBP132    (0)   :  0.003 0.004 0.014 0.953 0.004 0.003 0.003 0.012 0.004 
 68  ZFBP133    (0)   :  0.006 0.002 0.008 0.886 0.085 0.003 0.002 0.003 0.005 
 69  ZFBP134    (0)   :  0.008 0.003 0.916 0.041 0.010 0.004 0.003 0.005 0.010 
 70  ZFBP135    (0)   :  0.009 0.009 0.232 0.452 0.012 0.014 0.002 0.016 0.253 
 71  ZFBP136    (0)   :  0.008 0.006 0.234 0.550 0.044 0.005 0.013 0.016 0.124 
 72  ZFBP201    (0)   :  0.007 0.006 0.020 0.934 0.005 0.006 0.008 0.010 0.005 
 73  ZFBP202    (0)   :  0.005 0.004 0.041 0.923 0.007 0.005 0.002 0.009 0.004 
 74  ZFBP203    (0)   :  0.023 0.024 0.021 0.837 0.017 0.008 0.059 0.005 0.006 
 75  ZFBP204    (0)   :  0.009 0.006 0.250 0.672 0.019 0.004 0.006 0.016 0.017 
 76  ZFBP205    (0)   :  0.005 0.003 0.007 0.957 0.011 0.003 0.005 0.003 0.007 
 77  ZFBP206    (0)   :  0.009 0.004 0.008 0.920 0.031 0.004 0.007 0.005 0.011 
 78  ZFBP207    (0)   :  0.005 0.004 0.277 0.608 0.008 0.004 0.004 0.079 0.011 
 79  ZFBP208    (0)   :  0.012 0.006 0.011 0.938 0.007 0.004 0.013 0.003 0.006 
 80  ZFBP209    (0)   :  0.004 0.002 0.008 0.902 0.069 0.003 0.002 0.003 0.006 
 81  ZFBP210    (0)   :  0.011 0.005 0.018 0.927 0.010 0.005 0.009 0.010 0.006 
 82  ZFBP211    (0)   :  0.005 0.004 0.012 0.952 0.005 0.005 0.003 0.009 0.005 
 83  ZFBP212    (0)   :  0.003 0.003 0.255 0.688 0.005 0.005 0.003 0.035 0.003 
 84  ZFBP213    (0)   :  0.008 0.005 0.008 0.939 0.008 0.007 0.004 0.010 0.011 
 85  ZFBP214    (0)   :  0.038 0.009 0.029 0.742 0.085 0.010 0.005 0.037 0.046 
 86  ZFBP215    (0)   :  0.004 0.003 0.009 0.962 0.006 0.003 0.002 0.005 0.005 
 87  ZFBP216    (0)   :  0.022 0.008 0.197 0.746 0.006 0.005 0.007 0.005 0.005 
 88  ZFBP217    (0)   :  0.019 0.007 0.112 0.623 0.178 0.006 0.005 0.043 0.007 
 89  ZFBP218    (0)   :  0.005 0.003 0.013 0.957 0.011 0.002 0.003 0.003 0.003 
 90  ZFBP219    (0)   :  0.006 0.004 0.012 0.961 0.004 0.003 0.004 0.003 0.003 
 91  ZFBP220    (0)   :  0.007 0.004 0.288 0.629 0.037 0.003 0.004 0.013 0.016 
 92  ZFBP221    (0)   :  0.006 0.003 0.551 0.416 0.008 0.003 0.003 0.007 0.003 
 93  ZFBP222    (0)   :  0.007 0.004 0.006 0.959 0.006 0.004 0.005 0.003 0.007 
 94  ZFBP223    (0)   :  0.005 0.007 0.151 0.620 0.009 0.006 0.005 0.188 0.008 
 95  ZFBP224    (0)   :  0.005 0.006 0.012 0.953 0.005 0.004 0.004 0.005 0.006 
 96  ZFBP225    (0)   :  0.015 0.007 0.524 0.211 0.195 0.004 0.011 0.019 0.014 
 97  ZFBP226    (0)   :  0.005 0.004 0.035 0.935 0.005 0.004 0.005 0.005 0.003 
 98  ZFBP227    (0)   :  0.139 0.040 0.372 0.407 0.007 0.017 0.004 0.008 0.006 
 99  ZFBP228    (0)   :  0.004 0.004 0.542 0.362 0.007 0.004 0.003 0.059 0.015 
100  ZFBP229    (0)   :  0.006 0.003 0.086 0.869 0.020 0.003 0.003 0.005 0.006 
101  ZFBP230    (0)   :  0.008 0.004 0.382 0.534 0.034 0.003 0.004 0.010 0.020 
102  ZFBP231    (0)   :  0.005 0.005 0.011 0.954 0.005 0.004 0.004 0.006 0.005 
103  ZFBP232    (0)   :  0.004 0.003 0.011 0.962 0.006 0.003 0.003 0.004 0.004 
104  ZFBP233    (0)   :  0.010 0.005 0.030 0.922 0.012 0.005 0.003 0.006 0.005 
105   ZFCC01    (0)   :  0.004 0.004 0.003 0.004 0.004 0.008 0.004 0.004 0.965 
106   ZFCC03    (0)   :  0.003 0.003 0.003 0.004 0.005 0.004 0.003 0.009 0.965 
107   ZFCC04    (0)   :  0.004 0.004 0.003 0.004 0.006 0.005 0.003 0.005 0.966 
108   ZFCC05    (0)   :  0.006 0.006 0.005 0.005 0.006 0.006 0.004 0.012 0.951 
109   ZFCC08    (0)   :  0.006 0.003 0.008 0.010 0.016 0.004 0.002 0.005 0.945 
110   ZFCC09    (0)   :  0.003 0.004 0.004 0.003 0.004 0.006 0.003 0.009 0.965 
111   ZFCC10    (0)   :  0.004 0.003 0.003 0.005 0.003 0.010 0.003 0.004 0.964 
112   ZFCC11    (0)   :  0.004 0.004 0.004 0.005 0.005 0.005 0.003 0.010 0.961 
113   ZFCC12    (0)   :  0.006 0.014 0.007 0.005 0.004 0.036 0.004 0.007 0.917 
114   ZFCC13    (0)   :  0.011 0.005 0.011 0.008 0.008 0.005 0.010 0.008 0.934 
115   ZFCC14    (0)   :  0.004 0.006 0.005 0.009 0.008 0.008 0.005 0.005 0.952 
116   ZFCC15    (0)   :  0.009 0.006 0.004 0.004 0.005 0.005 0.005 0.005 0.957 
117   ZFCC16    (0)   :  0.005 0.004 0.003 0.004 0.004 0.005 0.003 0.004 0.969 
118   ZFCC17    (0)   :  0.003 0.004 0.003 0.003 0.003 0.005 0.005 0.005 0.967 
119   ZFCC18    (0)   :  0.004 0.003 0.004 0.004 0.006 0.005 0.003 0.008 0.962 
120   ZFCC19    (0)   :  0.009 0.005 0.004 0.003 0.003 0.005 0.007 0.003 0.961 
121   ZFCC20    (0)   :  0.006 0.004 0.005 0.003 0.005 0.004 0.002 0.007 0.964 
122   ZFCC21    (0)   :  0.052 0.006 0.013 0.028 0.032 0.008 0.007 0.003 0.851 
123   ZFCC22    (0)   :  0.006 0.004 0.053 0.160 0.041 0.006 0.006 0.006 0.717 
124   ZFCC26    (0)   :  0.004 0.004 0.004 0.003 0.004 0.005 0.003 0.004 0.968 
125   ZFCC27    (0)   :  0.003 0.003 0.004 0.003 0.004 0.003 0.002 0.007 0.970 
126   ZFCC29    (0)   :  0.009 0.004 0.005 0.004 0.005 0.007 0.003 0.004 0.959 
127   ZFCC30    (0)   :  0.004 0.003 0.004 0.003 0.005 0.003 0.003 0.010 0.965 
128   ZFCC32    (0)   :  0.010 0.006 0.006 0.004 0.005 0.005 0.005 0.006 0.952 
129   ZFCC33    (0)   :  0.005 0.006 0.003 0.004 0.003 0.005 0.004 0.006 0.963 
130   ZFCC34    (0)   :  0.006 0.005 0.023 0.044 0.017 0.020 0.008 0.036 0.841 
131   ZFCC35    (0)   :  0.004 0.003 0.004 0.003 0.004 0.003 0.003 0.004 0.972 
132   ZFCC36    (0)   :  0.015 0.006 0.008 0.007 0.011 0.004 0.013 0.004 0.932 
133   ZFCC37    (0)   :  0.008 0.021 0.008 0.008 0.005 0.034 0.004 0.007 0.906 
134   ZFCC40    (0)   :  0.003 0.004 0.004 0.006 0.004 0.006 0.008 0.003 0.962 
135   ZFCC42    (0)   :  0.007 0.078 0.007 0.004 0.006 0.130 0.205 0.031 0.532 
136   ZFCC44    (0)   :  0.003 0.004 0.003 0.003 0.003 0.003 0.004 0.009 0.968 
137   ZFCC45    (9)   :  0.007 0.013 0.004 0.005 0.004 0.012 0.013 0.007 0.934 
138   ZFCC46    (0)   :  0.006 0.003 0.013 0.008 0.025 0.003 0.004 0.010 0.928 
139   ZFCC47    (0)   :  0.004 0.005 0.005 0.004 0.006 0.022 0.003 0.005 0.944 
140   ZFCC48    (0)   :  0.011 0.004 0.010 0.022 0.031 0.006 0.004 0.004 0.909 
141   ZFCC50    (0)   :  0.004 0.003 0.003 0.003 0.004 0.004 0.003 0.003 0.972 
142   ZFCC51    (0)   :  0.003 0.004 0.004 0.003 0.004 0.004 0.002 0.012 0.964 
143   ZFCC52    (0)   :  0.005 0.003 0.007 0.010 0.009 0.004 0.005 0.005 0.951 
144   ZFCC53    (0)   :  0.003 0.003 0.003 0.003 0.003 0.004 0.003 0.007 0.971 
145  ZFCNS01    (0)   :  0.043 0.025 0.036 0.005 0.003 0.003 0.033 0.846 0.006 
146  ZFCNS02    (0)   :  0.003 0.002 0.004 0.003 0.004 0.003 0.002 0.974 0.005 
147  ZFCNS05    (0)   :  0.004 0.003 0.007 0.006 0.005 0.004 0.002 0.961 0.006 
148  ZFCNS06    (0)   :  0.003 0.003 0.005 0.004 0.004 0.003 0.002 0.972 0.005 
149  ZFCNS07    (0)   :  0.003 0.003 0.006 0.005 0.010 0.003 0.002 0.965 0.003 
150  ZFCNS10    (0)   :  0.003 0.003 0.016 0.007 0.005 0.002 0.004 0.955 0.004 
151  ZFCNS11    (0)   :  0.020 0.013 0.014 0.005 0.004 0.004 0.013 0.921 0.006 
152  ZFCNS15    (0)   :  0.004 0.004 0.027 0.013 0.007 0.003 0.003 0.936 0.003 
153  ZFCNS17    (0)   :  0.003 0.003 0.004 0.004 0.004 0.003 0.002 0.972 0.005 
154  ZFCNS18    (0)   :  0.003 0.003 0.015 0.007 0.004 0.003 0.004 0.957 0.004 
155  ZFCNS19    (0)   :  0.003 0.003 0.004 0.003 0.003 0.003 0.002 0.975 0.004 
156  ZFCNS20    (0)   :  0.004 0.003 0.011 0.012 0.016 0.003 0.002 0.944 0.005 
157  ZFCNS21    (0)   :  0.002 0.003 0.004 0.003 0.003 0.002 0.002 0.977 0.004 
158  ZFCNS22    (0)   :  0.004 0.003 0.010 0.011 0.005 0.005 0.002 0.953 0.005 
159  ZFCNS23    (0)   :  0.011 0.010 0.006 0.007 0.015 0.006 0.015 0.907 0.022 
160  ZFCNS24    (0)   :  0.004 0.003 0.008 0.005 0.006 0.003 0.002 0.960 0.009 
161  ZFCNS25    (0)   :  0.004 0.003 0.013 0.009 0.008 0.003 0.002 0.951 0.006 
162  ZFCNS26    (0)   :  0.003 0.003 0.006 0.004 0.004 0.003 0.002 0.972 0.003 
163  ZFCNS27    (0)   :  0.004 0.003 0.053 0.018 0.008 0.003 0.002 0.904 0.004 
164  ZFCNS28    (0)   :  0.003 0.003 0.005 0.004 0.004 0.003 0.002 0.973 0.004 
165  ZFCNS29    (0)   :  0.004 0.004 0.008 0.007 0.004 0.004 0.002 0.960 0.007 
166  ZFCNS30    (0)   :  0.004 0.003 0.007 0.004 0.003 0.004 0.002 0.965 0.007 
167  ZFCNS31    (0)   :  0.003 0.003 0.006 0.004 0.004 0.003 0.002 0.973 0.003 
168  ZFCNS32    (0)   :  0.004 0.003 0.009 0.006 0.006 0.003 0.002 0.963 0.005 
169  ZFCNS33    (0)   :  0.003 0.003 0.005 0.003 0.004 0.003 0.002 0.975 0.003 
170  ZFCNS34    (0)   :  0.005 0.003 0.006 0.005 0.004 0.004 0.002 0.961 0.010 
171  ZFCNS35    (0)   :  0.005 0.003 0.035 0.018 0.004 0.019 0.002 0.906 0.008 
172  ZFCNS36    (0)   :  0.004 0.003 0.007 0.006 0.007 0.003 0.002 0.956 0.012 
173  ZFCNS37    (0)   :  0.004 0.008 0.083 0.006 0.007 0.003 0.002 0.882 0.005 
174  ZFCNS39    (0)   :  0.013 0.005 0.024 0.007 0.021 0.002 0.005 0.908 0.015 
175  ZFCNS40    (0)   :  0.008 0.005 0.117 0.009 0.124 0.002 0.003 0.704 0.027 
176  ZFCNS41    (0)   :  0.011 0.008 0.654 0.018 0.005 0.007 0.004 0.274 0.019 
177  ZFCNS42    (0)   :  0.003 0.003 0.006 0.004 0.003 0.002 0.002 0.974 0.003 
178  ZFCNS43    (0)   :  0.003 0.003 0.004 0.003 0.003 0.002 0.002 0.976 0.004 
179  ZFCNS44    (0)   :  0.003 0.003 0.015 0.007 0.003 0.003 0.004 0.958 0.005 
180  ZFCNS46    (0)   :  0.004 0.004 0.010 0.005 0.004 0.003 0.002 0.962 0.005 
181  ZFCNS47    (0)   :  0.003 0.003 0.005 0.003 0.003 0.002 0.002 0.976 0.004 
182  ZFCNS48    (0)   :  0.004 0.003 0.028 0.011 0.005 0.004 0.004 0.932 0.007 
183  ZFCNS49    (0)   :  0.003 0.003 0.062 0.011 0.004 0.003 0.004 0.908 0.003 
184   ZFCR01    (0)   :  0.007 0.708 0.006 0.036 0.022 0.194 0.006 0.003 0.017 
185   ZFCR02    (0)   :  0.149 0.446 0.013 0.040 0.038 0.248 0.017 0.007 0.043 
186   ZFCR03    (0)   :  0.221 0.042 0.014 0.054 0.031 0.539 0.047 0.003 0.049 
187   ZFCR04    (0)   :  0.029 0.093 0.051 0.024 0.040 0.706 0.030 0.010 0.018 
188   ZFCR05    (0)   :  0.345 0.341 0.007 0.008 0.009 0.210 0.023 0.003 0.053 
189   ZFCR06    (0)   :  0.053 0.516 0.103 0.099 0.035 0.089 0.004 0.072 0.029 
190   ZFCR07    (0)   :  0.525 0.309 0.026 0.008 0.003 0.047 0.006 0.057 0.018 
191   ZFCR08    (0)   :  0.008 0.735 0.015 0.024 0.025 0.070 0.031 0.004 0.088 
192   ZFCR09    (0)   :  0.036 0.089 0.062 0.085 0.033 0.508 0.118 0.013 0.056 
193   ZFCR11    (0)   :  0.294 0.229 0.102 0.032 0.003 0.307 0.009 0.010 0.014 
194   ZFCR12    (0)   :  0.536 0.189 0.065 0.018 0.020 0.012 0.005 0.139 0.016 
195   ZFCR13    (0)   :  0.554 0.290 0.012 0.109 0.005 0.010 0.003 0.008 0.007 
196   ZFCR14    (0)   :  0.535 0.325 0.008 0.009 0.030 0.057 0.011 0.006 0.019 
197   ZFCR15    (0)   :  0.195 0.428 0.020 0.024 0.094 0.193 0.016 0.005 0.025 
198   ZFCR16    (0)   :  0.129 0.559 0.012 0.030 0.067 0.185 0.004 0.003 0.012 
199   ZFCR18    (0)   :  0.029 0.074 0.013 0.030 0.017 0.753 0.005 0.015 0.062 
200   ZFCR19    (0)   :  0.043 0.018 0.016 0.018 0.342 0.541 0.005 0.004 0.013 
201   ZFCR20    (0)   :  0.098 0.066 0.021 0.075 0.012 0.704 0.006 0.005 0.013 
202   ZFCR21    (0)   :  0.644 0.264 0.011 0.009 0.017 0.026 0.004 0.003 0.022 
203   ZFCR22    (0)   :  0.813 0.133 0.005 0.009 0.015 0.014 0.003 0.003 0.004 
204   ZFCR23    (0)   :  0.469 0.195 0.078 0.155 0.007 0.029 0.059 0.004 0.004 
205   ZFCR24    (9)   :  0.238 0.100 0.009 0.522 0.007 0.105 0.006 0.004 0.010 
206   ZFCR25    (0)   :  0.649 0.278 0.004 0.003 0.003 0.044 0.004 0.003 0.011 
207   ZFCR26    (0)   :  0.752 0.029 0.015 0.022 0.029 0.114 0.006 0.006 0.027 
208   ZFCR27    (9)   :  0.040 0.884 0.003 0.004 0.003 0.054 0.004 0.003 0.005 
209   ZFCR28    (0)   :  0.014 0.599 0.024 0.186 0.127 0.007 0.007 0.025 0.010 
210   ZFCR29    (0)   :  0.791 0.064 0.007 0.010 0.005 0.108 0.005 0.002 0.008 
211   ZFCR30    (0)   :  0.789 0.162 0.006 0.005 0.005 0.016 0.009 0.004 0.005 
212   ZFCR31    (0)   :  0.109 0.060 0.119 0.116 0.038 0.474 0.019 0.042 0.023 
213   ZFCR33    (0)   :  0.018 0.895 0.011 0.008 0.010 0.015 0.010 0.006 0.028 
214   ZFCR34    (0)   :  0.596 0.169 0.058 0.035 0.015 0.065 0.031 0.013 0.018 
215   ZFCR35    (0)   :  0.044 0.073 0.015 0.011 0.010 0.802 0.008 0.011 0.028 
216   ZFCR36    (0)   :  0.537 0.148 0.008 0.009 0.005 0.216 0.048 0.017 0.011 
217   ZFCR37    (0)   :  0.655 0.177 0.004 0.004 0.004 0.062 0.021 0.004 0.070 
218   ZFCR38    (0)   :  0.023 0.879 0.009 0.007 0.011 0.023 0.006 0.007 0.035 
219   ZFCR39    (0)   :  0.012 0.572 0.020 0.051 0.031 0.023 0.164 0.003 0.124 
220   ZFCR40    (0)   :  0.150 0.693 0.016 0.011 0.005 0.032 0.061 0.004 0.028 
221   ZFCR41    (0)   :  0.522 0.265 0.084 0.009 0.020 0.016 0.005 0.017 0.062 
222   ZFCR42    (0)   :  0.471 0.314 0.031 0.024 0.026 0.023 0.042 0.013 0.057 
223   ZFCR43    (0)   :  0.380 0.382 0.009 0.124 0.007 0.080 0.007 0.005 0.006 
224  ZFENP25    (0)   :  0.006 0.921 0.005 0.011 0.014 0.019 0.005 0.003 0.017 
225  ZFENP26    (0)   :  0.005 0.965 0.004 0.002 0.003 0.006 0.008 0.003 0.004 
226  ZFENP27    (0)   :  0.007 0.412 0.027 0.017 0.011 0.152 0.014 0.050 0.309 
227  ZFENP28    (0)   :  0.011 0.932 0.005 0.004 0.004 0.019 0.008 0.008 0.009 
228  ZFENP29    (0)   :  0.010 0.957 0.004 0.004 0.004 0.004 0.005 0.004 0.007 
229  ZFENP30    (0)   :  0.014 0.891 0.005 0.005 0.007 0.008 0.012 0.010 0.049 
230  ZFENP31    (0)   :  0.017 0.689 0.007 0.009 0.005 0.065 0.156 0.007 0.046 
231  ZFENP32    (0)   :  0.018 0.386 0.024 0.023 0.007 0.368 0.116 0.030 0.029 
232  ZFENP33    (0)   :  0.027 0.913 0.007 0.006 0.004 0.025 0.006 0.005 0.007 
233  ZFENP34    (0)   :  0.010 0.681 0.007 0.007 0.004 0.254 0.005 0.011 0.022 
234  ZFENP35    (0)   :  0.009 0.853 0.019 0.009 0.005 0.010 0.075 0.017 0.005 
235  ZFENP36    (0)   :  0.011 0.947 0.004 0.003 0.002 0.007 0.012 0.010 0.003 
236  ZFENP37    (0)   :  0.032 0.818 0.010 0.008 0.004 0.079 0.025 0.013 0.012 
237  ZFENP38    (0)   :  0.387 0.509 0.010 0.006 0.005 0.017 0.023 0.019 0.025 
238  ZFENP39    (0)   :  0.014 0.934 0.004 0.003 0.003 0.017 0.010 0.005 0.011 
239  ZFENP40    (0)   :  0.009 0.917 0.006 0.008 0.003 0.021 0.021 0.005 0.009 
240  ZFENP41    (0)   :  0.007 0.882 0.006 0.006 0.006 0.010 0.021 0.008 0.052 
241  ZFENP42    (0)   :  0.054 0.698 0.005 0.003 0.004 0.004 0.221 0.003 0.007 
242  ZFENP43    (0)   :  0.082 0.749 0.028 0.007 0.006 0.019 0.014 0.060 0.034 
243  ZFENP44    (0)   :  0.028 0.791 0.027 0.009 0.003 0.009 0.100 0.012 0.022 
244  ZFENP45    (0)   :  0.042 0.369 0.017 0.025 0.340 0.013 0.162 0.011 0.020 
245  ZFENP46    (0)   :  0.053 0.866 0.020 0.013 0.005 0.017 0.015 0.009 0.004 
246  ZFENP47    (0)   :  0.008 0.498 0.006 0.016 0.099 0.068 0.158 0.004 0.143 
247  ZFENP48    (0)   :  0.027 0.323 0.012 0.029 0.020 0.462 0.014 0.014 0.099 
248  ZFENP49    (0)   :  0.029 0.816 0.013 0.020 0.018 0.060 0.004 0.006 0.034 
249  ZFENP50    (0)   :  0.084 0.801 0.018 0.033 0.007 0.008 0.040 0.004 0.004 
250  ZFENP51    (0)   :  0.013 0.823 0.004 0.003 0.031 0.077 0.038 0.004 0.008 
251  ZFENP52    (0)   :  0.011 0.929 0.015 0.004 0.004 0.004 0.010 0.012 0.012 
252  ZFENP53    (0)   :  0.029 0.848 0.022 0.030 0.026 0.008 0.018 0.010 0.009 
253  ZFENP54    (0)   :  0.035 0.833 0.016 0.044 0.011 0.024 0.007 0.004 0.027 
254  ZFENP55    (0)   :  0.602 0.280 0.005 0.005 0.004 0.084 0.012 0.004 0.005 
255  ZFENP56    (0)   :  0.088 0.856 0.009 0.004 0.005 0.014 0.007 0.010 0.008 
256  ZFENP57    (0)   :  0.017 0.869 0.007 0.004 0.002 0.018 0.065 0.013 0.005 
257  ZFENP58    (0)   :  0.066 0.670 0.014 0.011 0.128 0.021 0.006 0.015 0.068 
258  ZFENP59    (0)   :  0.011 0.885 0.005 0.005 0.004 0.012 0.024 0.005 0.049 
259  ZFENP60    (0)   :  0.016 0.883 0.010 0.011 0.013 0.039 0.014 0.007 0.009 
260  ZFENP61    (0)   :  0.011 0.941 0.004 0.003 0.003 0.015 0.006 0.004 0.013 
261 ZFFDSP01    (0)   :  0.007 0.003 0.130 0.804 0.024 0.006 0.003 0.018 0.005 
262 ZFFDSP02    (0)   :  0.004 0.003 0.017 0.957 0.006 0.003 0.002 0.004 0.004 
263 ZFFDSP04    (0)   :  0.005 0.002 0.021 0.943 0.014 0.005 0.002 0.003 0.004 
264 ZFFDSP05    (0)   :  0.007 0.003 0.392 0.571 0.010 0.004 0.003 0.005 0.004 
265 ZFFDSP06    (0)   :  0.005 0.002 0.017 0.949 0.013 0.003 0.002 0.003 0.006 
266 ZFFDSP07    (0)   :  0.008 0.004 0.008 0.929 0.024 0.003 0.005 0.004 0.015 
267 ZFFDSP08    (0)   :  0.009 0.005 0.044 0.817 0.087 0.003 0.004 0.013 0.017 
268 ZFFDSP10    (0)   :  0.006 0.004 0.038 0.923 0.012 0.004 0.003 0.005 0.005 
269 ZFFDSP11    (0)   :  0.007 0.003 0.054 0.911 0.009 0.004 0.004 0.004 0.004 
270 ZFFDSP12    (0)   :  0.004 0.003 0.013 0.958 0.009 0.003 0.003 0.004 0.004 
271 ZFFDSP13    (0)   :  0.007 0.005 0.922 0.035 0.005 0.004 0.004 0.011 0.009 
272 ZFFDSP14    (0)   :  0.005 0.003 0.007 0.953 0.015 0.003 0.003 0.004 0.006 
273 ZFFDSP16    (0)   :  0.008 0.007 0.020 0.931 0.004 0.006 0.004 0.014 0.006 
274 ZFFDSP17    (0)   :  0.007 0.004 0.021 0.943 0.010 0.004 0.002 0.004 0.005 
275 ZFFDSP18    (0)   :  0.004 0.003 0.010 0.952 0.012 0.006 0.002 0.005 0.006 
276 ZFFDSP19    (0)   :  0.004 0.003 0.051 0.756 0.021 0.005 0.003 0.136 0.021 
277 ZFFDSP21    (0)   :  0.004 0.004 0.366 0.523 0.010 0.005 0.003 0.068 0.017 
278 ZFFDSP22    (0)   :  0.006 0.003 0.013 0.902 0.063 0.003 0.002 0.004 0.006 
279 ZFFDSP23    (0)   :  0.006 0.003 0.169 0.653 0.149 0.003 0.002 0.010 0.005 
280 ZFFDSP24    (0)   :  0.006 0.004 0.379 0.581 0.007 0.005 0.002 0.012 0.005 
281 ZFFDSP26    (9)   :  0.006 0.003 0.221 0.737 0.015 0.003 0.003 0.006 0.005 
282 ZFFDSP27    (0)   :  0.004 0.003 0.034 0.934 0.007 0.004 0.002 0.008 0.004 
283 ZFFDSP28    (0)   :  0.024 0.012 0.061 0.814 0.009 0.052 0.010 0.005 0.013 
284 ZFFDSP30    (0)   :  0.008 0.004 0.572 0.344 0.009 0.016 0.008 0.031 0.008 
285 ZFFDSP31    (0)   :  0.005 0.004 0.019 0.946 0.006 0.004 0.002 0.007 0.005 
286 ZFFDSP32    (0)   :  0.004 0.003 0.014 0.958 0.005 0.003 0.003 0.005 0.003 
287 ZFFDSP33    (0)   :  0.003 0.003 0.020 0.955 0.006 0.003 0.003 0.005 0.003 
288 ZFFDSP34    (0)   :  0.005 0.003 0.018 0.947 0.010 0.003 0.002 0.006 0.007 
289 ZFFDSP35    (0)   :  0.006 0.003 0.344 0.624 0.007 0.004 0.003 0.005 0.005 
290 ZFFDSP37    (0)   :  0.004 0.003 0.025 0.948 0.004 0.004 0.003 0.006 0.003 
291 ZFFDSP38    (0)   :  0.004 0.003 0.014 0.956 0.005 0.004 0.002 0.007 0.004 
292 ZFFDSP39    (0)   :  0.003 0.003 0.718 0.253 0.007 0.003 0.002 0.007 0.003 
293 ZFFDSP40    (0)   :  0.003 0.003 0.514 0.456 0.005 0.004 0.003 0.008 0.004 
294 ZFFDSP42    (0)   :  0.006 0.003 0.122 0.763 0.085 0.003 0.002 0.010 0.005 
295 ZFFDSP43    (0)   :  0.003 0.003 0.035 0.930 0.009 0.003 0.002 0.010 0.004 
296 ZFFDSP44    (0)   :  0.004 0.004 0.242 0.721 0.005 0.005 0.003 0.012 0.004 
297 ZFFDSP45    (0)   :  0.005 0.003 0.038 0.929 0.006 0.004 0.002 0.008 0.005 
298 ZFFDSP46    (0)   :  0.006 0.003 0.065 0.894 0.011 0.004 0.002 0.010 0.005 
299 ZFFDSP47    (0)   :  0.005 0.003 0.755 0.198 0.014 0.004 0.003 0.015 0.004 
300 ZFFDSP48    (0)   :  0.004 0.003 0.674 0.290 0.006 0.004 0.003 0.013 0.004 
301    ZFI01    (0)   :  0.007 0.006 0.005 0.004 0.004 0.952 0.005 0.010 0.007 
302    ZFI02    (0)   :  0.005 0.005 0.005 0.006 0.004 0.955 0.004 0.011 0.004 
303    ZFI03    (0)   :  0.006 0.005 0.004 0.003 0.003 0.960 0.003 0.009 0.005 
304    ZFI04    (0)   :  0.006 0.006 0.004 0.004 0.003 0.961 0.004 0.006 0.005 
305    ZFI05    (0)   :  0.006 0.009 0.007 0.005 0.003 0.921 0.004 0.041 0.005 
306    ZFI06    (0)   :  0.006 0.009 0.023 0.011 0.003 0.859 0.004 0.080 0.004 
307    ZFI07    (0)   :  0.006 0.006 0.004 0.004 0.002 0.964 0.004 0.006 0.005 
308    ZFI08    (0)   :  0.010 0.007 0.003 0.003 0.003 0.961 0.003 0.004 0.005 
309    ZFI09    (0)   :  0.005 0.007 0.005 0.004 0.003 0.961 0.003 0.009 0.004 
310    ZFI10    (0)   :  0.006 0.007 0.009 0.005 0.003 0.852 0.007 0.106 0.004 
311    ZFI11    (0)   :  0.006 0.006 0.004 0.003 0.002 0.962 0.003 0.008 0.004 
312    ZFI12    (0)   :  0.011 0.006 0.006 0.004 0.003 0.941 0.003 0.019 0.007 
313    ZFI13    (0)   :  0.006 0.007 0.005 0.004 0.002 0.958 0.005 0.008 0.006 
314    ZFI14    (0)   :  0.005 0.005 0.012 0.013 0.004 0.943 0.005 0.009 0.005 
315    ZFI15    (0)   :  0.004 0.006 0.004 0.004 0.002 0.966 0.003 0.007 0.004 
316    ZFI16    (0)   :  0.005 0.005 0.004 0.003 0.002 0.967 0.003 0.007 0.004 
317    ZFI17    (0)   :  0.006 0.008 0.006 0.003 0.002 0.953 0.005 0.013 0.004 
318    ZFI18    (0)   :  0.004 0.008 0.004 0.003 0.002 0.962 0.006 0.007 0.003 
319    ZFI19    (9)   :  0.007 0.005 0.004 0.003 0.002 0.965 0.003 0.006 0.004 
320    ZFI20    (0)   :  0.006 0.004 0.007 0.006 0.003 0.959 0.005 0.006 0.004 
321    ZFI21    (0)   :  0.005 0.004 0.036 0.017 0.003 0.906 0.007 0.017 0.004 
322    ZFI22    (0)   :  0.005 0.005 0.004 0.005 0.004 0.964 0.003 0.005 0.006 
323    ZFI23    (0)   :  0.006 0.006 0.005 0.003 0.002 0.959 0.003 0.011 0.004 
324    ZFI24    (0)   :  0.009 0.006 0.006 0.004 0.003 0.947 0.003 0.015 0.007 
325    ZFI25    (0)   :  0.006 0.006 0.005 0.006 0.004 0.959 0.002 0.007 0.005 
326    ZFI26    (0)   :  0.007 0.007 0.004 0.004 0.003 0.961 0.003 0.005 0.008 
327    ZFI27    (0)   :  0.011 0.006 0.008 0.005 0.003 0.905 0.003 0.054 0.005 
328    ZFK01    (0)   :  0.009 0.009 0.010 0.009 0.007 0.006 0.007 0.012 0.932 
329    ZFK02    (0)   :  0.010 0.013 0.009 0.010 0.007 0.007 0.004 0.013 0.926 
330    ZFK03    (0)   :  0.010 0.016 0.007 0.008 0.005 0.008 0.008 0.009 0.928 
331    ZFK04    (0)   :  0.010 0.020 0.006 0.006 0.005 0.025 0.008 0.006 0.914 
332    ZFK05    (0)   :  0.006 0.016 0.004 0.004 0.003 0.019 0.024 0.005 0.918 
333    ZFK06    (0)   :  0.010 0.036 0.006 0.007 0.004 0.022 0.005 0.007 0.903 
334    ZFK07    (0)   :  0.010 0.008 0.011 0.008 0.008 0.004 0.011 0.007 0.932 
335    ZFK08    (0)   :  0.033 0.046 0.007 0.008 0.006 0.029 0.010 0.004 0.856 
336    ZFK10    (0)   :  0.010 0.017 0.007 0.007 0.004 0.022 0.005 0.006 0.921 
337    ZFK11    (0)   :  0.007 0.021 0.006 0.007 0.004 0.008 0.021 0.008 0.918 
338    ZFK12    (0)   :  0.031 0.012 0.015 0.012 0.012 0.004 0.006 0.005 0.902 
339    ZFK13    (0)   :  0.016 0.010 0.028 0.031 0.012 0.004 0.030 0.007 0.862 
340    ZFK14    (0)   :  0.007 0.005 0.013 0.012 0.009 0.004 0.013 0.009 0.927 
341    ZFK15    (0)   :  0.016 0.013 0.019 0.032 0.007 0.009 0.048 0.007 0.848 
342    ZFK16    (0)   :  0.017 0.010 0.018 0.018 0.010 0.004 0.018 0.008 0.898 
343   ZFLB01    (0)   :  0.008 0.008 0.021 0.020 0.008 0.009 0.915 0.007 0.005 
344   ZFLB02    (0)   :  0.005 0.027 0.004 0.003 0.004 0.013 0.937 0.004 0.003 
345   ZFLB03    (0)   :  0.006 0.016 0.005 0.004 0.004 0.005 0.926 0.029 0.005 
346   ZFLB04    (0)   :  0.007 0.007 0.025 0.016 0.009 0.017 0.663 0.247 0.009 
347   ZFLB05    (0)   :  0.008 0.009 0.016 0.011 0.005 0.013 0.918 0.016 0.004 
348   ZFLB06    (0)   :  0.008 0.010 0.010 0.013 0.009 0.007 0.921 0.007 0.014 
349   ZFLB07    (0)   :  0.125 0.122 0.032 0.016 0.010 0.015 0.599 0.066 0.014 
350   ZFLB08    (0)   :  0.008 0.025 0.006 0.005 0.004 0.020 0.921 0.008 0.004 
351   ZFLB09    (9)   :  0.006 0.007 0.004 0.005 0.003 0.009 0.954 0.004 0.007 
352   ZFLB10    (0)   :  0.003 0.004 0.004 0.003 0.002 0.006 0.968 0.006 0.003 
353   ZFLB11    (0)   :  0.005 0.005 0.004 0.004 0.005 0.004 0.961 0.003 0.008 
354   ZFLB12    (0)   :  0.004 0.006 0.003 0.003 0.002 0.005 0.968 0.004 0.005 
355   ZFLB13    (0)   :  0.025 0.052 0.028 0.017 0.004 0.012 0.822 0.022 0.019 
356  ZFLTI01    (0)   :  0.006 0.004 0.923 0.016 0.012 0.003 0.002 0.009 0.025 
357  ZFLTI02    (0)   :  0.006 0.004 0.868 0.013 0.009 0.004 0.002 0.032 0.060 
358  ZFLTI03    (0)   :  0.005 0.003 0.948 0.008 0.010 0.003 0.002 0.011 0.009 
359  ZFLTI04    (0)   :  0.008 0.005 0.932 0.011 0.005 0.005 0.002 0.021 0.010 
360  ZFLTI05    (0)   :  0.004 0.004 0.946 0.009 0.004 0.004 0.002 0.021 0.006 
361  ZFLTI06    (0)   :  0.004 0.003 0.951 0.014 0.009 0.004 0.002 0.006 0.007 
362  ZFLTI07    (0)   :  0.005 0.003 0.959 0.010 0.004 0.004 0.002 0.007 0.006 
363  ZFLTI08    (0)   :  0.007 0.004 0.940 0.008 0.004 0.006 0.002 0.023 0.006 
364  ZFLTI09    (0)   :  0.005 0.003 0.952 0.014 0.004 0.005 0.002 0.008 0.005 
365  ZFLTI10    (0)   :  0.005 0.003 0.948 0.019 0.004 0.004 0.002 0.006 0.008 
366  ZFLTI11    (0)   :  0.005 0.003 0.940 0.015 0.015 0.004 0.002 0.009 0.006 
367  ZFLTI12    (0)   :  0.005 0.004 0.927 0.016 0.015 0.004 0.002 0.011 0.016 
368  ZFLTI13    (0)   :  0.009 0.004 0.886 0.008 0.010 0.004 0.002 0.054 0.023 
369  ZFLTI14    (0)   :  0.006 0.004 0.638 0.057 0.005 0.006 0.002 0.192 0.090 
370 ZFONF101    (0)   :  0.003 0.002 0.006 0.973 0.006 0.002 0.002 0.003 0.002 
371 ZFONF102    (0)   :  0.005 0.009 0.006 0.927 0.027 0.006 0.015 0.003 0.003 
372 ZFONF103    (0)   :  0.007 0.005 0.134 0.757 0.017 0.004 0.003 0.060 0.012 
373 ZFONF104    (0)   :  0.003 0.002 0.015 0.942 0.026 0.002 0.002 0.003 0.004 
374 ZFONF105    (0)   :  0.004 0.003 0.031 0.804 0.136 0.003 0.003 0.011 0.005 
375 ZFONF106    (0)   :  0.002 0.002 0.006 0.970 0.007 0.003 0.002 0.004 0.003 
376 ZFONF107    (0)   :  0.006 0.042 0.047 0.775 0.009 0.019 0.069 0.017 0.016 
377 ZFONF108    (0)   :  0.004 0.010 0.053 0.861 0.009 0.006 0.012 0.027 0.018 
378 ZFONF109    (9)   :  0.003 0.005 0.039 0.873 0.038 0.005 0.008 0.011 0.018 
379 ZFONF110    (0)   :  0.003 0.002 0.012 0.952 0.017 0.002 0.002 0.005 0.004 
380 ZFONF111    (0)   :  0.023 0.024 0.088 0.798 0.020 0.014 0.019 0.006 0.008 
381 ZFONF112    (0)   :  0.003 0.003 0.017 0.783 0.168 0.005 0.003 0.013 0.006 
382 ZFONF113    (9)   :  0.007 0.004 0.021 0.936 0.010 0.003 0.005 0.008 0.006 
383 ZFONF115    (0)   :  0.004 0.004 0.009 0.949 0.012 0.004 0.003 0.009 0.006 
384 ZFONF116    (0)   :  0.005 0.004 0.008 0.941 0.019 0.005 0.003 0.010 0.005 
385 ZFONF117    (0)   :  0.005 0.006 0.610 0.280 0.045 0.005 0.003 0.036 0.010 
386 ZFONF118    (0)   :  0.006 0.003 0.026 0.921 0.014 0.005 0.002 0.012 0.009 
387 ZFONF119    (0)   :  0.005 0.003 0.008 0.944 0.018 0.003 0.006 0.004 0.009 
388 ZFONF120    (0)   :  0.008 0.004 0.011 0.907 0.039 0.003 0.005 0.004 0.019 
389 ZFONF121    (0)   :  0.004 0.004 0.014 0.879 0.080 0.004 0.004 0.006 0.005 
390 ZFONF122    (0)   :  0.008 0.006 0.283 0.644 0.009 0.006 0.003 0.019 0.023 
391 ZFONF123    (0)   :  0.004 0.012 0.007 0.846 0.046 0.006 0.070 0.004 0.006 
392 ZFONF124    (0)   :  0.003 0.004 0.017 0.920 0.028 0.003 0.010 0.006 0.009 
393 ZFONF125    (0)   :  0.013 0.029 0.057 0.585 0.202 0.007 0.071 0.006 0.032 
394 ZFONF126    (0)   :  0.007 0.005 0.022 0.925 0.009 0.004 0.002 0.011 0.013 
395 ZFONF201    (0)   :  0.011 0.017 0.061 0.097 0.618 0.110 0.046 0.004 0.037 
396 ZFONF202    (0)   :  0.006 0.002 0.012 0.053 0.911 0.003 0.002 0.003 0.008 
397 ZFONF203    (0)   :  0.008 0.004 0.006 0.010 0.955 0.003 0.003 0.003 0.007 
398 ZFONF204    (0)   :  0.006 0.008 0.008 0.006 0.924 0.007 0.009 0.004 0.029 
399 ZFONF206    (0)   :  0.006 0.018 0.005 0.006 0.925 0.011 0.018 0.003 0.008 
400 ZFONF207    (0)   :  0.005 0.004 0.006 0.007 0.963 0.003 0.004 0.004 0.004 
401 ZFONF208    (0)   :  0.008 0.005 0.043 0.053 0.867 0.004 0.005 0.006 0.010 
402 ZFONF209    (0)   :  0.008 0.007 0.010 0.008 0.909 0.011 0.008 0.011 0.028 
403 ZFONF210    (0)   :  0.003 0.002 0.010 0.008 0.960 0.003 0.003 0.007 0.004 
404 ZFONF211    (0)   :  0.013 0.009 0.026 0.037 0.858 0.005 0.023 0.013 0.014 
405 ZFONF212    (0)   :  0.003 0.002 0.012 0.011 0.958 0.003 0.003 0.006 0.003 
406 ZFONF214    (0)   :  0.014 0.005 0.011 0.044 0.904 0.003 0.007 0.003 0.008 
407 ZFONF215    (0)   :  0.004 0.002 0.007 0.018 0.957 0.002 0.002 0.004 0.004 
408 ZFONF216    (0)   :  0.004 0.003 0.006 0.005 0.968 0.002 0.003 0.005 0.004 
409 ZFONF217    (0)   :  0.003 0.003 0.007 0.054 0.918 0.003 0.004 0.005 0.004 
410 ZFONF218    (0)   :  0.005 0.007 0.006 0.004 0.958 0.003 0.008 0.004 0.003 
411 ZFONF219    (0)   :  0.003 0.002 0.004 0.005 0.977 0.002 0.002 0.003 0.003 
412 ZFONF220    (0)   :  0.005 0.003 0.005 0.029 0.942 0.003 0.003 0.004 0.006 
413 ZFONF222    (0)   :  0.005 0.005 0.004 0.004 0.964 0.003 0.009 0.004 0.003 
414 ZFONF223    (0)   :  0.006 0.007 0.004 0.008 0.957 0.005 0.008 0.003 0.004 
415 ZFONF224    (0)   :  0.003 0.003 0.004 0.004 0.975 0.002 0.002 0.004 0.003 
416 ZFONF225    (0)   :  0.003 0.002 0.005 0.008 0.971 0.002 0.002 0.004 0.004 
417 ZFONF226    (0)   :  0.007 0.003 0.006 0.008 0.961 0.003 0.002 0.004 0.006 
418 ZFONF227    (0)   :  0.003 0.002 0.004 0.004 0.977 0.002 0.002 0.003 0.003 
419 ZFONF228    (0)   :  0.004 0.004 0.010 0.010 0.944 0.005 0.003 0.013 0.005 
420 ZFONF230    (0)   :  0.003 0.003 0.010 0.012 0.961 0.002 0.002 0.003 0.004 
421 ZFONF231    (0)   :  0.010 0.004 0.008 0.010 0.949 0.003 0.005 0.005 0.007 
422 ZFONF232    (0)   :  0.003 0.002 0.005 0.008 0.972 0.002 0.002 0.003 0.003 
423 ZFONF233    (0)   :  0.003 0.003 0.004 0.005 0.972 0.002 0.003 0.004 0.004 
424 ZFONF234    (0)   :  0.009 0.023 0.019 0.014 0.904 0.005 0.005 0.012 0.010 
425 ZFONF235    (0)   :  0.003 0.002 0.004 0.004 0.977 0.002 0.002 0.003 0.004 
426 ZFONF236    (0)   :  0.004 0.023 0.015 0.015 0.852 0.020 0.014 0.034 0.022 
427 ZFONF238    (0)   :  0.007 0.003 0.007 0.007 0.963 0.003 0.002 0.003 0.005 
428 ZFONF239    (0)   :  0.004 0.005 0.003 0.004 0.960 0.006 0.005 0.004 0.009 
429 ZFONF240    (0)   :  0.003 0.002 0.005 0.005 0.972 0.002 0.002 0.004 0.005 
430 ZFONF241    (0)   :  0.005 0.007 0.010 0.015 0.927 0.008 0.004 0.019 0.005 
431 ZFONF242    (0)   :  0.003 0.002 0.006 0.009 0.966 0.002 0.002 0.003 0.005 
432 ZFONF243    (0)   :  0.005 0.003 0.009 0.006 0.956 0.003 0.003 0.011 0.005 
433 ZFONF244    (0)   :  0.003 0.002 0.005 0.008 0.970 0.002 0.002 0.004 0.004 
434 ZFONF245    (0)   :  0.003 0.003 0.010 0.005 0.968 0.002 0.002 0.004 0.005 
435   ZFOS01    (0)   :  0.008 0.004 0.035 0.022 0.009 0.003 0.003 0.007 0.909 
436   ZFOS02    (0)   :  0.009 0.010 0.029 0.040 0.008 0.024 0.005 0.010 0.864 
437   ZFOS03    (0)   :  0.010 0.007 0.013 0.010 0.005 0.009 0.054 0.003 0.889 
438   ZFOS04    (0)   :  0.006 0.009 0.104 0.086 0.007 0.013 0.004 0.011 0.761 
439   ZFOS05    (0)   :  0.009 0.006 0.034 0.035 0.010 0.007 0.003 0.014 0.882 
440   ZFOS06    (0)   :  0.011 0.006 0.015 0.012 0.014 0.005 0.006 0.020 0.912 
441   ZFOS07    (0)   :  0.004 0.004 0.006 0.007 0.003 0.014 0.002 0.004 0.954 
442   ZFOS08    (0)   :  0.004 0.005 0.016 0.019 0.005 0.017 0.003 0.012 0.919 
443   ZFOS09    (0)   :  0.017 0.014 0.116 0.066 0.009 0.024 0.018 0.006 0.730 
444   ZFOS10    (0)   :  0.005 0.020 0.005 0.003 0.002 0.022 0.011 0.009 0.922 
445   ZFOS11    (0)   :  0.027 0.074 0.111 0.014 0.007 0.012 0.005 0.073 0.677 
446   ZFOS12    (0)   :  0.146 0.061 0.025 0.021 0.008 0.040 0.021 0.023 0.655 
447   ZFOS13    (0)   :  0.015 0.007 0.020 0.013 0.004 0.014 0.003 0.007 0.917 
448   ZFOS14    (0)   :  0.049 0.020 0.051 0.011 0.006 0.103 0.009 0.029 0.723 
449   ZFOS15    (0)   :  0.004 0.005 0.004 0.003 0.002 0.005 0.003 0.007 0.967 
450   ZFOS16    (0)   :  0.006 0.010 0.038 0.041 0.009 0.013 0.007 0.023 0.854 
451   ZFOS17    (0)   :  0.007 0.006 0.005 0.004 0.005 0.007 0.005 0.006 0.955 
452   ZFOS18    (0)   :  0.005 0.012 0.007 0.005 0.002 0.007 0.007 0.014 0.941 
453   ZFOS19    (0)   :  0.009 0.005 0.005 0.003 0.004 0.004 0.004 0.004 0.962 
454   ZFOS20    (0)   :  0.004 0.006 0.006 0.007 0.008 0.008 0.005 0.009 0.948 
455   ZFOS21    (0)   :  0.004 0.005 0.023 0.017 0.005 0.006 0.005 0.010 0.926 
456   ZFOS22    (0)   :  0.010 0.005 0.008 0.006 0.006 0.003 0.005 0.008 0.949 
457   ZFOS23    (0)   :  0.018 0.029 0.003 0.002 0.002 0.184 0.012 0.007 0.742 
458   ZFOS24    (0)   :  0.004 0.005 0.006 0.003 0.003 0.003 0.003 0.012 0.960 
459   ZFOS25    (0)   :  0.022 0.013 0.361 0.016 0.017 0.013 0.005 0.078 0.475 
460   ZFOS26    (0)   :  0.008 0.015 0.415 0.094 0.007 0.013 0.005 0.021 0.422 
461   ZFOS27    (0)   :  0.004 0.005 0.019 0.027 0.008 0.006 0.009 0.018 0.902 
462   ZFOS28    (0)   :  0.007 0.010 0.015 0.008 0.003 0.014 0.009 0.009 0.925 
463   ZFOS29    (0)   :  0.004 0.006 0.009 0.009 0.008 0.010 0.010 0.012 0.932 
