

----------------------------------------------------
STRUCTURE by Pritchard, Stephens and Donnelly (2000)
     and Falush, Stephens and Pritchard (2003)
       Code by Pritchard, Falush and Hubisz
             Version 2.3.4 (Jul 2012)
----------------------------------------------------



Command line arguments:   bin\structure -m C:\Users\eschumacher\Documents\GitHub\GCC_QUAC_ZAIN\Data_Files\Structure_Files\ZAIN\ZAIN_wild_rebinned_nopopinfo\50-50\mainparams -e C:\Users\eschumacher\Documents\GitHub\GCC_QUAC_ZAIN\Data_Files\Structure_Files\ZAIN\ZAIN_wild_rebinned_nopopinfo\50-50\extraparams 
Input File:    C:\Users\eschumacher\Documents\GitHub\GCC_QUAC_ZAIN\Data_Files\Structure_Files\ZAIN\ZAIN_wild_rebinned_nopopinfo\project_data

Run parameters:
   751 individuals
   11 loci
   12 populations assumed
   50000 Burn-in period
   50000 Reps


--------------------------------------------
Overall proportion of membership of the
sample in each of the 12 clusters

Inferred Clusters
  1      2      3      4      5      6      7      8      9     10     11     12    
0.063  0.069  0.103  0.129  0.077  0.034  0.089  0.053  0.100  0.068  0.107  0.108  

--------------------------------------------

Allele-freq. divergence among pops (Net nucleotide distance),
computed using point estimates of P.

      1       2       3       4       5       6       7       8       9      10      11      12      
 1      -    0.1781  0.3659  0.3257  0.1032  0.2836  0.2046  0.4582  0.1310  0.2947  0.2647  0.1423  
 2   0.1781     -    0.2047  0.1641  0.1759  0.1858  0.1778  0.3589  0.1247  0.2516  0.1045  0.1721  
 3   0.3659  0.2047     -    0.0756  0.2595  0.2603  0.2111  0.3051  0.2605  0.2991  0.1207  0.2502  
 4   0.3257  0.1641  0.0756     -    0.2446  0.2206  0.1762  0.2622  0.2487  0.2956  0.0821  0.2486  
 5   0.1032  0.1759  0.2595  0.2446     -    0.1898  0.1975  0.3758  0.0777  0.2315  0.1874  0.0488  
 6   0.2836  0.1858  0.2603  0.2206  0.1898     -    0.1975  0.3167  0.1953  0.2480  0.1587  0.2345  
 7   0.2046  0.1778  0.2111  0.1762  0.1975  0.1975     -    0.3483  0.1711  0.2007  0.1404  0.2336  
 8   0.4582  0.3589  0.3051  0.2622  0.3758  0.3167  0.3483     -    0.3709  0.4487  0.1834  0.3896  
 9   0.1310  0.1247  0.2605  0.2487  0.0777  0.1953  0.1711  0.3709     -    0.1354  0.1590  0.0663  
10   0.2947  0.2516  0.2991  0.2956  0.2315  0.2480  0.2007  0.4487  0.1354     -    0.2051  0.2655  
11   0.2647  0.1045  0.1207  0.0821  0.1874  0.1587  0.1404  0.1834  0.1590  0.2051     -    0.2063  
12   0.1423  0.1721  0.2502  0.2486  0.0488  0.2345  0.2336  0.3896  0.0663  0.2655  0.2063     -    

Average distances (expected heterozygosity) between individuals in same cluster:
cluster  1  : 0.3628 
cluster  2  : 0.4271 
cluster  3  : 0.4807 
cluster  4  : 0.4332 
cluster  5  : 0.4149 
cluster  6  : 0.2424 
cluster  7  : 0.3973 
cluster  8  : 0.2544 
cluster  9  : 0.4256 
cluster 10  : 0.2264 
cluster 11  : 0.5586 
cluster 12  : 0.3621 

--------------------------------------------
Estimated Ln Prob of Data   = -13404.5
Mean value of ln likelihood = -12911.7
Variance of ln likelihood   = 985.7
Mean value of alpha         = 0.0325

Mean value of Fst_1         = 0.4311
Mean value of Fst_2         = 0.3711
Mean value of Fst_3         = 0.4233
Mean value of Fst_4         = 0.4274
Mean value of Fst_5         = 0.3341
Mean value of Fst_6         = 0.6353
Mean value of Fst_7         = 0.4082
Mean value of Fst_8         = 0.6291
Mean value of Fst_9         = 0.4144
Mean value of Fst_10         = 0.6590
Mean value of Fst_11         = 0.1339
Mean value of Fst_12         = 0.4329


Inferred ancestry of individuals:
        Label (%Miss) :  Inferred clusters
  1    ZFB01    (0)   :  0.003 0.003 0.957 0.008 0.003 0.002 0.004 0.005 0.003 0.003 0.003 0.004 
  2    ZFB02    (0)   :  0.003 0.005 0.898 0.044 0.003 0.007 0.010 0.014 0.002 0.002 0.008 0.004 
  3    ZFB03    (0)   :  0.002 0.011 0.887 0.016 0.007 0.005 0.006 0.003 0.013 0.019 0.019 0.012 
  4    ZFB04    (0)   :  0.003 0.004 0.932 0.016 0.003 0.008 0.005 0.014 0.003 0.002 0.006 0.005 
  5    ZFB05    (0)   :  0.010 0.027 0.721 0.031 0.003 0.050 0.008 0.092 0.005 0.010 0.042 0.003 
  6    ZFB06    (0)   :  0.011 0.020 0.795 0.018 0.003 0.023 0.007 0.071 0.005 0.009 0.034 0.003 
  7    ZFB07    (9)   :  0.007 0.014 0.837 0.050 0.005 0.007 0.004 0.015 0.006 0.006 0.040 0.008 
  8    ZFB08    (0)   :  0.006 0.023 0.896 0.025 0.007 0.009 0.006 0.003 0.007 0.005 0.006 0.008 
  9    ZFB09    (0)   :  0.002 0.004 0.963 0.006 0.003 0.003 0.004 0.003 0.003 0.003 0.004 0.003 
 10    ZFB10    (0)   :  0.005 0.005 0.930 0.005 0.009 0.006 0.004 0.004 0.007 0.002 0.004 0.018 
 11    ZFB11    (0)   :  0.003 0.003 0.949 0.005 0.004 0.005 0.005 0.013 0.003 0.002 0.003 0.006 
 12    ZFB12    (0)   :  0.003 0.022 0.895 0.014 0.005 0.003 0.004 0.022 0.006 0.004 0.012 0.009 
 13    ZFB13    (0)   :  0.007 0.012 0.910 0.012 0.010 0.013 0.004 0.003 0.007 0.004 0.006 0.011 
 14    ZFB14    (0)   :  0.003 0.004 0.957 0.006 0.004 0.005 0.004 0.003 0.003 0.003 0.004 0.005 
 15    ZFB15    (0)   :  0.002 0.003 0.961 0.009 0.002 0.003 0.003 0.006 0.002 0.002 0.003 0.003 
 16    ZFB16    (0)   :  0.004 0.009 0.935 0.009 0.006 0.010 0.003 0.005 0.006 0.003 0.004 0.007 
 17    ZFB17    (0)   :  0.008 0.026 0.855 0.008 0.005 0.030 0.013 0.025 0.008 0.002 0.010 0.009 
 18    ZFB18    (0)   :  0.002 0.003 0.966 0.005 0.003 0.003 0.004 0.003 0.002 0.002 0.003 0.004 
 19    ZFB19    (0)   :  0.011 0.052 0.683 0.055 0.025 0.006 0.004 0.006 0.027 0.007 0.072 0.053 
 20    ZFB20    (0)   :  0.004 0.009 0.910 0.012 0.005 0.018 0.003 0.018 0.005 0.003 0.006 0.008 
 21    ZFB21    (0)   :  0.002 0.003 0.958 0.007 0.002 0.004 0.003 0.006 0.003 0.004 0.005 0.003 
 22    ZFB22    (0)   :  0.009 0.011 0.898 0.013 0.006 0.005 0.007 0.024 0.009 0.002 0.008 0.009 
 23    ZFB23    (0)   :  0.002 0.003 0.945 0.004 0.004 0.006 0.003 0.017 0.004 0.003 0.004 0.005 
 24    ZFB24    (0)   :  0.003 0.003 0.940 0.007 0.004 0.006 0.003 0.019 0.003 0.003 0.004 0.005 
 25    ZFB25    (0)   :  0.003 0.003 0.949 0.004 0.006 0.003 0.004 0.005 0.005 0.003 0.003 0.012 
 26    ZFB26    (0)   :  0.003 0.003 0.909 0.005 0.007 0.012 0.004 0.034 0.005 0.003 0.005 0.010 
 27    ZFB27    (0)   :  0.002 0.002 0.903 0.005 0.004 0.003 0.004 0.062 0.003 0.002 0.004 0.005 
 28    ZFB28    (0)   :  0.003 0.011 0.782 0.006 0.005 0.010 0.008 0.139 0.005 0.004 0.023 0.006 
 29    ZFB29    (0)   :  0.002 0.003 0.951 0.006 0.003 0.009 0.004 0.009 0.002 0.002 0.005 0.003 
 30    ZFB30    (0)   :  0.011 0.015 0.643 0.016 0.004 0.004 0.003 0.237 0.005 0.007 0.053 0.004 
 31    ZFB31    (0)   :  0.004 0.004 0.942 0.005 0.007 0.003 0.004 0.006 0.005 0.004 0.004 0.012 
 32    ZFB32    (0)   :  0.004 0.029 0.785 0.013 0.008 0.024 0.020 0.065 0.008 0.007 0.025 0.011 
 33    ZFB33    (0)   :  0.002 0.003 0.964 0.006 0.003 0.003 0.003 0.005 0.003 0.002 0.004 0.003 
 34    ZFB34    (0)   :  0.003 0.004 0.951 0.011 0.003 0.004 0.006 0.003 0.003 0.004 0.005 0.004 
 35    ZFB35    (0)   :  0.003 0.004 0.938 0.014 0.005 0.006 0.005 0.005 0.004 0.004 0.005 0.006 
 36  ZFBP101    (0)   :  0.039 0.011 0.010 0.007 0.169 0.105 0.070 0.003 0.342 0.016 0.007 0.220 
 37  ZFBP102    (0)   :  0.012 0.008 0.016 0.013 0.436 0.042 0.011 0.003 0.299 0.004 0.011 0.145 
 38  ZFBP103    (0)   :  0.011 0.007 0.009 0.007 0.024 0.051 0.091 0.003 0.666 0.022 0.008 0.103 
 39  ZFBP104    (0)   :  0.008 0.038 0.024 0.020 0.101 0.005 0.004 0.003 0.515 0.009 0.018 0.255 
 40  ZFBP105    (0)   :  0.005 0.008 0.006 0.005 0.641 0.006 0.005 0.005 0.089 0.013 0.006 0.211 
 41  ZFBP106    (0)   :  0.012 0.006 0.003 0.003 0.460 0.013 0.007 0.003 0.108 0.023 0.004 0.357 
 42  ZFBP107    (0)   :  0.005 0.009 0.008 0.005 0.368 0.039 0.007 0.029 0.249 0.019 0.012 0.250 
 43  ZFBP108    (0)   :  0.006 0.003 0.003 0.003 0.131 0.005 0.003 0.003 0.012 0.008 0.003 0.821 
 44  ZFBP109    (0)   :  0.005 0.004 0.004 0.003 0.828 0.004 0.004 0.002 0.032 0.006 0.003 0.104 
 45  ZFBP110    (0)   :  0.006 0.011 0.046 0.013 0.108 0.044 0.031 0.003 0.250 0.099 0.030 0.359 
 46  ZFBP111    (0)   :  0.128 0.011 0.003 0.003 0.149 0.005 0.004 0.004 0.395 0.010 0.004 0.285 
 47  ZFBP112    (0)   :  0.050 0.007 0.003 0.004 0.046 0.014 0.012 0.005 0.017 0.011 0.004 0.826 
 48  ZFBP113    (0)   :  0.004 0.005 0.003 0.003 0.009 0.003 0.003 0.003 0.009 0.003 0.003 0.952 
 49  ZFBP114    (0)   :  0.005 0.003 0.003 0.003 0.911 0.009 0.004 0.006 0.033 0.004 0.004 0.016 
 50  ZFBP115    (0)   :  0.013 0.006 0.003 0.003 0.078 0.009 0.008 0.003 0.834 0.018 0.004 0.022 
 51  ZFBP116    (0)   :  0.007 0.007 0.002 0.003 0.068 0.006 0.005 0.004 0.031 0.006 0.004 0.857 
 52  ZFBP117    (0)   :  0.009 0.005 0.003 0.003 0.552 0.005 0.010 0.002 0.021 0.008 0.005 0.377 
 53  ZFBP118    (0)   :  0.009 0.004 0.004 0.003 0.790 0.011 0.003 0.009 0.040 0.004 0.005 0.119 
 54  ZFBP119    (0)   :  0.017 0.015 0.003 0.003 0.709 0.012 0.024 0.002 0.171 0.015 0.005 0.022 
 55  ZFBP120    (0)   :  0.006 0.008 0.006 0.006 0.245 0.006 0.004 0.005 0.080 0.016 0.006 0.612 
 56  ZFBP121    (0)   :  0.005 0.005 0.005 0.004 0.727 0.008 0.008 0.003 0.016 0.008 0.004 0.207 
 57  ZFBP122    (9)   :  0.012 0.007 0.003 0.003 0.101 0.005 0.004 0.003 0.028 0.006 0.004 0.822 
 58  ZFBP123    (0)   :  0.016 0.009 0.003 0.004 0.088 0.040 0.011 0.007 0.012 0.007 0.004 0.799 
 59  ZFBP124    (0)   :  0.005 0.004 0.006 0.008 0.725 0.009 0.006 0.004 0.021 0.005 0.004 0.203 
 60  ZFBP125    (0)   :  0.019 0.005 0.003 0.002 0.687 0.006 0.008 0.003 0.038 0.010 0.003 0.217 
 61  ZFBP126    (0)   :  0.005 0.016 0.012 0.010 0.024 0.024 0.014 0.003 0.020 0.003 0.014 0.854 
 62  ZFBP127    (0)   :  0.005 0.004 0.003 0.003 0.508 0.007 0.018 0.003 0.166 0.089 0.004 0.190 
 63  ZFBP128    (0)   :  0.027 0.004 0.003 0.003 0.035 0.007 0.014 0.002 0.019 0.013 0.003 0.870 
 64  ZFBP129    (0)   :  0.132 0.006 0.004 0.005 0.356 0.008 0.010 0.003 0.009 0.007 0.005 0.455 
 65  ZFBP130    (0)   :  0.086 0.009 0.002 0.002 0.325 0.010 0.025 0.004 0.056 0.012 0.003 0.465 
 66  ZFBP131    (0)   :  0.004 0.004 0.003 0.004 0.048 0.003 0.004 0.003 0.005 0.003 0.003 0.916 
 67  ZFBP132    (0)   :  0.004 0.003 0.005 0.003 0.376 0.005 0.005 0.004 0.018 0.018 0.004 0.556 
 68  ZFBP133    (0)   :  0.036 0.005 0.002 0.003 0.014 0.003 0.006 0.002 0.007 0.003 0.002 0.916 
 69  ZFBP134    (0)   :  0.011 0.010 0.004 0.003 0.018 0.003 0.022 0.003 0.768 0.009 0.003 0.145 
 70  ZFBP135    (0)   :  0.013 0.007 0.013 0.008 0.144 0.079 0.187 0.002 0.061 0.018 0.008 0.461 
 71  ZFBP136    (0)   :  0.046 0.007 0.003 0.004 0.204 0.169 0.048 0.009 0.187 0.018 0.005 0.299 
 72  ZFBP201    (0)   :  0.004 0.006 0.004 0.004 0.012 0.005 0.004 0.006 0.008 0.007 0.005 0.936 
 73  ZFBP202    (0)   :  0.009 0.006 0.005 0.005 0.103 0.005 0.004 0.003 0.024 0.011 0.005 0.820 
 74  ZFBP203    (0)   :  0.014 0.026 0.006 0.014 0.053 0.008 0.004 0.064 0.014 0.004 0.024 0.769 
 75  ZFBP204    (0)   :  0.016 0.009 0.003 0.004 0.719 0.027 0.011 0.005 0.100 0.015 0.005 0.084 
 76  ZFBP205    (0)   :  0.015 0.006 0.002 0.005 0.590 0.012 0.010 0.005 0.017 0.003 0.004 0.331 
 77  ZFBP206    (0)   :  0.021 0.009 0.003 0.006 0.036 0.023 0.008 0.006 0.007 0.004 0.004 0.874 
 78  ZFBP207    (0)   :  0.008 0.005 0.005 0.003 0.666 0.007 0.011 0.005 0.133 0.136 0.004 0.017 
 79  ZFBP208    (0)   :  0.007 0.010 0.003 0.005 0.037 0.014 0.005 0.011 0.007 0.003 0.005 0.893 
 80  ZFBP209    (0)   :  0.126 0.005 0.003 0.003 0.376 0.003 0.012 0.002 0.007 0.003 0.003 0.458 
 81  ZFBP210    (0)   :  0.008 0.009 0.003 0.004 0.016 0.005 0.004 0.007 0.008 0.008 0.004 0.923 
 82  ZFBP211    (0)   :  0.004 0.005 0.006 0.005 0.762 0.007 0.004 0.003 0.010 0.009 0.004 0.180 
 83  ZFBP212    (0)   :  0.005 0.003 0.005 0.003 0.050 0.003 0.002 0.003 0.047 0.031 0.003 0.843 
 84  ZFBP213    (0)   :  0.010 0.011 0.004 0.012 0.064 0.025 0.009 0.005 0.010 0.013 0.005 0.833 
 85  ZFBP214    (0)   :  0.051 0.037 0.005 0.008 0.031 0.022 0.047 0.005 0.023 0.036 0.009 0.724 
 86  ZFBP215    (0)   :  0.009 0.004 0.003 0.004 0.082 0.006 0.006 0.002 0.008 0.007 0.003 0.867 
 87  ZFBP216    (0)   :  0.005 0.028 0.004 0.005 0.157 0.006 0.005 0.007 0.046 0.006 0.009 0.721 
 88  ZFBP217    (0)   :  0.114 0.031 0.005 0.004 0.053 0.005 0.007 0.005 0.065 0.042 0.007 0.661 
 89  ZFBP218    (0)   :  0.015 0.006 0.002 0.007 0.489 0.003 0.005 0.004 0.038 0.003 0.003 0.425 
 90  ZFBP219    (0)   :  0.004 0.004 0.002 0.003 0.010 0.003 0.003 0.004 0.007 0.003 0.003 0.954 
 91  ZFBP220    (0)   :  0.048 0.007 0.003 0.003 0.094 0.008 0.022 0.004 0.142 0.017 0.004 0.649 
 92  ZFBP221    (0)   :  0.009 0.005 0.004 0.005 0.179 0.003 0.004 0.004 0.557 0.008 0.003 0.219 
 93  ZFBP222    (0)   :  0.006 0.005 0.003 0.005 0.016 0.005 0.006 0.004 0.005 0.003 0.003 0.939 
 94  ZFBP223    (0)   :  0.009 0.005 0.008 0.005 0.185 0.009 0.008 0.005 0.063 0.241 0.006 0.456 
 95  ZFBP224    (0)   :  0.005 0.007 0.003 0.006 0.023 0.016 0.005 0.004 0.010 0.006 0.006 0.909 
 96  ZFBP225    (0)   :  0.251 0.014 0.003 0.004 0.055 0.009 0.012 0.010 0.281 0.024 0.007 0.331 
 97  ZFBP226    (0)   :  0.005 0.006 0.003 0.004 0.293 0.005 0.004 0.005 0.013 0.006 0.004 0.652 
 98  ZFBP227    (0)   :  0.007 0.156 0.011 0.018 0.219 0.011 0.006 0.004 0.252 0.009 0.034 0.273 
 99  ZFBP228    (0)   :  0.008 0.004 0.005 0.004 0.292 0.005 0.022 0.003 0.349 0.076 0.004 0.228 
100  ZFBP229    (0)   :  0.023 0.006 0.003 0.003 0.193 0.004 0.008 0.003 0.032 0.005 0.004 0.717 
101  ZFBP230    (0)   :  0.036 0.011 0.003 0.003 0.205 0.009 0.035 0.004 0.248 0.013 0.005 0.428 
102  ZFBP231    (0)   :  0.004 0.006 0.005 0.005 0.904 0.014 0.004 0.004 0.012 0.007 0.005 0.031 
103  ZFBP232    (0)   :  0.007 0.004 0.003 0.003 0.808 0.005 0.004 0.003 0.009 0.004 0.003 0.148 
104  ZFBP233    (0)   :  0.018 0.012 0.006 0.006 0.520 0.009 0.005 0.004 0.028 0.007 0.005 0.381 
105   ZFCC01    (0)   :  0.004 0.005 0.005 0.014 0.004 0.008 0.941 0.004 0.003 0.004 0.004 0.004 
106   ZFCC03    (0)   :  0.004 0.003 0.003 0.004 0.003 0.005 0.953 0.003 0.003 0.009 0.004 0.004 
107   ZFCC04    (0)   :  0.007 0.005 0.004 0.006 0.003 0.013 0.941 0.004 0.004 0.005 0.004 0.004 
108   ZFCC05    (0)   :  0.006 0.009 0.006 0.010 0.005 0.046 0.876 0.005 0.007 0.017 0.006 0.007 
109   ZFCC08    (0)   :  0.019 0.008 0.002 0.006 0.011 0.009 0.916 0.002 0.009 0.005 0.003 0.009 
110   ZFCC09    (0)   :  0.004 0.003 0.004 0.007 0.004 0.007 0.952 0.003 0.003 0.007 0.003 0.003 
111   ZFCC10    (0)   :  0.003 0.004 0.004 0.017 0.005 0.008 0.940 0.004 0.003 0.004 0.004 0.004 
112   ZFCC11    (0)   :  0.004 0.005 0.004 0.008 0.004 0.008 0.936 0.004 0.004 0.012 0.004 0.006 
113   ZFCC12    (0)   :  0.007 0.009 0.009 0.116 0.005 0.044 0.768 0.005 0.008 0.007 0.015 0.006 
114   ZFCC13    (0)   :  0.007 0.011 0.003 0.005 0.007 0.007 0.910 0.011 0.013 0.010 0.006 0.010 
115   ZFCC14    (0)   :  0.007 0.004 0.008 0.007 0.007 0.026 0.912 0.006 0.004 0.004 0.006 0.010 
116   ZFCC15    (0)   :  0.004 0.009 0.003 0.005 0.003 0.006 0.946 0.005 0.004 0.005 0.006 0.004 
117   ZFCC16    (0)   :  0.004 0.005 0.004 0.006 0.003 0.016 0.943 0.003 0.003 0.004 0.004 0.003 
118   ZFCC17    (0)   :  0.004 0.004 0.006 0.008 0.004 0.051 0.899 0.008 0.003 0.006 0.005 0.003 
119   ZFCC18    (0)   :  0.007 0.004 0.004 0.007 0.004 0.009 0.941 0.004 0.004 0.009 0.004 0.004 
120   ZFCC19    (0)   :  0.003 0.008 0.004 0.005 0.003 0.010 0.943 0.009 0.004 0.003 0.006 0.003 
121   ZFCC20    (0)   :  0.005 0.007 0.005 0.005 0.003 0.012 0.940 0.003 0.006 0.007 0.004 0.004 
122   ZFCC21    (0)   :  0.028 0.050 0.005 0.006 0.012 0.011 0.798 0.007 0.012 0.003 0.006 0.061 
123   ZFCC22    (0)   :  0.044 0.009 0.003 0.011 0.084 0.011 0.648 0.005 0.073 0.006 0.003 0.103 
124   ZFCC26    (0)   :  0.004 0.004 0.004 0.005 0.003 0.009 0.953 0.003 0.004 0.004 0.004 0.003 
125   ZFCC27    (0)   :  0.003 0.003 0.003 0.003 0.004 0.005 0.959 0.003 0.003 0.006 0.003 0.003 
126   ZFCC29    (0)   :  0.005 0.010 0.008 0.007 0.004 0.020 0.923 0.004 0.005 0.005 0.005 0.004 
127   ZFCC30    (0)   :  0.005 0.004 0.003 0.003 0.004 0.006 0.950 0.004 0.004 0.011 0.003 0.003 
128   ZFCC32    (0)   :  0.006 0.011 0.004 0.009 0.004 0.010 0.930 0.006 0.005 0.006 0.006 0.003 
129   ZFCC33    (0)   :  0.004 0.005 0.009 0.006 0.004 0.307 0.635 0.004 0.004 0.007 0.008 0.004 
130   ZFCC34    (0)   :  0.019 0.007 0.021 0.024 0.073 0.051 0.650 0.008 0.033 0.055 0.006 0.053 
131   ZFCC35    (0)   :  0.004 0.004 0.002 0.003 0.005 0.008 0.957 0.004 0.004 0.004 0.003 0.002 
132   ZFCC36    (0)   :  0.009 0.015 0.004 0.006 0.006 0.012 0.901 0.019 0.009 0.005 0.005 0.009 
133   ZFCC37    (0)   :  0.006 0.011 0.009 0.104 0.009 0.038 0.766 0.005 0.010 0.007 0.025 0.009 
134   ZFCC40    (0)   :  0.004 0.003 0.004 0.007 0.005 0.014 0.933 0.013 0.003 0.003 0.004 0.006 
135   ZFCC42    (0)   :  0.006 0.005 0.072 0.091 0.005 0.550 0.065 0.100 0.008 0.034 0.062 0.004 
136   ZFCC44    (0)   :  0.003 0.003 0.003 0.003 0.003 0.017 0.940 0.008 0.003 0.010 0.004 0.003 
137   ZFCC45    (9)   :  0.004 0.009 0.009 0.021 0.004 0.056 0.842 0.020 0.005 0.009 0.016 0.005 
138   ZFCC46    (0)   :  0.034 0.008 0.004 0.003 0.012 0.014 0.878 0.005 0.021 0.009 0.004 0.011 
139   ZFCC47    (0)   :  0.007 0.006 0.006 0.067 0.006 0.009 0.874 0.004 0.006 0.005 0.007 0.003 
140   ZFCC48    (0)   :  0.037 0.012 0.005 0.004 0.015 0.013 0.855 0.004 0.011 0.003 0.004 0.037 
141   ZFCC50    (0)   :  0.003 0.004 0.004 0.005 0.003 0.010 0.955 0.004 0.003 0.003 0.004 0.003 
142   ZFCC51    (0)   :  0.003 0.003 0.003 0.004 0.003 0.004 0.958 0.002 0.003 0.010 0.003 0.003 
143   ZFCC52    (0)   :  0.013 0.008 0.004 0.006 0.014 0.035 0.880 0.007 0.011 0.005 0.004 0.014 
144   ZFCC53    (0)   :  0.003 0.003 0.003 0.004 0.003 0.005 0.961 0.003 0.003 0.007 0.003 0.002 
145  ZFCNS01    (0)   :  0.003 0.050 0.002 0.005 0.004 0.003 0.006 0.030 0.034 0.829 0.028 0.007 
146  ZFCNS02    (0)   :  0.004 0.003 0.002 0.002 0.004 0.004 0.005 0.002 0.004 0.963 0.003 0.003 
147  ZFCNS05    (0)   :  0.005 0.005 0.004 0.004 0.007 0.006 0.008 0.002 0.007 0.942 0.004 0.006 
148  ZFCNS06    (0)   :  0.005 0.003 0.003 0.003 0.004 0.004 0.005 0.002 0.004 0.962 0.003 0.004 
149  ZFCNS07    (0)   :  0.009 0.003 0.003 0.003 0.008 0.003 0.004 0.002 0.006 0.952 0.003 0.005 
150  ZFCNS10    (0)   :  0.006 0.003 0.003 0.002 0.007 0.003 0.004 0.005 0.020 0.937 0.003 0.008 
151  ZFCNS11    (0)   :  0.005 0.019 0.003 0.005 0.004 0.003 0.007 0.013 0.017 0.906 0.013 0.006 
152  ZFCNS15    (0)   :  0.007 0.004 0.003 0.003 0.012 0.006 0.003 0.002 0.037 0.902 0.004 0.017 
153  ZFCNS17    (0)   :  0.004 0.003 0.003 0.002 0.005 0.004 0.005 0.002 0.005 0.961 0.003 0.004 
154  ZFCNS18    (0)   :  0.004 0.003 0.003 0.003 0.007 0.003 0.005 0.004 0.016 0.941 0.003 0.008 
155  ZFCNS19    (0)   :  0.004 0.003 0.003 0.003 0.003 0.003 0.004 0.002 0.004 0.966 0.002 0.003 
156  ZFCNS20    (0)   :  0.015 0.004 0.003 0.003 0.012 0.008 0.004 0.002 0.014 0.920 0.003 0.012 
157  ZFCNS21    (0)   :  0.003 0.003 0.002 0.002 0.003 0.004 0.004 0.002 0.007 0.965 0.003 0.003 
158  ZFCNS22    (0)   :  0.005 0.004 0.005 0.004 0.010 0.005 0.006 0.002 0.010 0.932 0.004 0.011 
159  ZFCNS23    (0)   :  0.011 0.010 0.004 0.007 0.005 0.024 0.013 0.012 0.006 0.894 0.007 0.006 
160  ZFCNS24    (0)   :  0.006 0.004 0.002 0.003 0.007 0.009 0.006 0.002 0.008 0.943 0.003 0.005 
161  ZFCNS25    (0)   :  0.009 0.004 0.003 0.003 0.015 0.007 0.006 0.002 0.011 0.929 0.003 0.007 
162  ZFCNS26    (0)   :  0.003 0.003 0.003 0.003 0.005 0.003 0.003 0.002 0.007 0.960 0.003 0.005 
163  ZFCNS27    (0)   :  0.010 0.004 0.003 0.003 0.024 0.006 0.003 0.002 0.050 0.877 0.004 0.015 
164  ZFCNS28    (0)   :  0.004 0.003 0.004 0.003 0.004 0.004 0.004 0.002 0.005 0.962 0.002 0.004 
165  ZFCNS29    (0)   :  0.004 0.004 0.003 0.003 0.008 0.007 0.008 0.002 0.009 0.941 0.003 0.007 
166  ZFCNS30    (0)   :  0.003 0.005 0.004 0.004 0.004 0.006 0.006 0.002 0.008 0.950 0.004 0.005 
167  ZFCNS31    (0)   :  0.004 0.003 0.003 0.003 0.004 0.003 0.003 0.002 0.007 0.963 0.003 0.004 
168  ZFCNS32    (0)   :  0.007 0.004 0.003 0.004 0.006 0.006 0.004 0.002 0.011 0.943 0.003 0.006 
169  ZFCNS33    (0)   :  0.004 0.003 0.003 0.003 0.003 0.003 0.004 0.002 0.005 0.965 0.002 0.003 
170  ZFCNS34    (0)   :  0.004 0.005 0.004 0.004 0.005 0.007 0.009 0.002 0.006 0.947 0.003 0.004 
171  ZFCNS35    (0)   :  0.004 0.004 0.021 0.008 0.014 0.003 0.009 0.002 0.025 0.893 0.003 0.014 
172  ZFCNS36    (0)   :  0.008 0.004 0.002 0.003 0.007 0.009 0.010 0.002 0.007 0.939 0.003 0.005 
173  ZFCNS37    (0)   :  0.008 0.005 0.003 0.003 0.008 0.006 0.005 0.002 0.139 0.808 0.007 0.005 
174  ZFCNS39    (0)   :  0.021 0.013 0.002 0.002 0.008 0.007 0.016 0.004 0.032 0.883 0.005 0.007 
175  ZFCNS40    (0)   :  0.117 0.007 0.002 0.003 0.017 0.011 0.028 0.003 0.156 0.646 0.004 0.006 
176  ZFCNS41    (0)   :  0.005 0.009 0.006 0.006 0.018 0.012 0.014 0.004 0.674 0.232 0.008 0.012 
177  ZFCNS42    (0)   :  0.003 0.003 0.003 0.002 0.004 0.003 0.003 0.002 0.007 0.962 0.003 0.004 
178  ZFCNS43    (0)   :  0.003 0.003 0.002 0.003 0.003 0.004 0.005 0.002 0.004 0.966 0.003 0.003 
179  ZFCNS44    (0)   :  0.003 0.003 0.003 0.002 0.006 0.004 0.005 0.004 0.018 0.941 0.003 0.008 
180  ZFCNS46    (0)   :  0.004 0.005 0.003 0.003 0.005 0.006 0.005 0.002 0.010 0.946 0.004 0.006 
181  ZFCNS47    (0)   :  0.003 0.003 0.003 0.003 0.003 0.003 0.004 0.002 0.005 0.966 0.003 0.003 
182  ZFCNS48    (0)   :  0.006 0.004 0.004 0.003 0.009 0.005 0.006 0.004 0.036 0.906 0.003 0.013 
183  ZFCNS49    (0)   :  0.004 0.003 0.004 0.003 0.009 0.003 0.003 0.004 0.053 0.897 0.003 0.015 
184   ZFCR01    (0)   :  0.017 0.006 0.022 0.167 0.012 0.003 0.023 0.005 0.005 0.003 0.692 0.045 
185   ZFCR02    (0)   :  0.047 0.024 0.454 0.010 0.086 0.039 0.049 0.015 0.009 0.007 0.247 0.015 
186   ZFCR03    (0)   :  0.037 0.151 0.259 0.151 0.032 0.069 0.037 0.042 0.008 0.003 0.102 0.109 
187   ZFCR04    (0)   :  0.038 0.033 0.376 0.103 0.023 0.006 0.024 0.025 0.046 0.014 0.288 0.023 
188   ZFCR05    (0)   :  0.006 0.257 0.097 0.106 0.006 0.006 0.067 0.018 0.006 0.003 0.422 0.006 
189   ZFCR06    (0)   :  0.030 0.022 0.093 0.030 0.056 0.006 0.030 0.003 0.074 0.062 0.507 0.088 
190   ZFCR07    (0)   :  0.004 0.293 0.061 0.015 0.006 0.047 0.011 0.006 0.037 0.052 0.451 0.015 
191   ZFCR08    (0)   :  0.038 0.007 0.023 0.118 0.014 0.032 0.067 0.030 0.015 0.005 0.625 0.028 
192   ZFCR09    (0)   :  0.024 0.032 0.219 0.209 0.113 0.021 0.034 0.104 0.058 0.014 0.113 0.061 
193   ZFCR11    (0)   :  0.003 0.150 0.181 0.150 0.025 0.004 0.014 0.008 0.134 0.013 0.310 0.007 
194   ZFCR12    (0)   :  0.032 0.219 0.037 0.005 0.017 0.011 0.016 0.004 0.095 0.117 0.432 0.015 
195   ZFCR13    (0)   :  0.006 0.265 0.021 0.005 0.067 0.006 0.007 0.003 0.014 0.008 0.524 0.074 
196   ZFCR14    (0)   :  0.038 0.381 0.093 0.017 0.010 0.007 0.021 0.009 0.010 0.006 0.399 0.009 
197   ZFCR15    (0)   :  0.099 0.068 0.179 0.016 0.025 0.014 0.016 0.010 0.016 0.004 0.527 0.024 
198   ZFCR16    (0)   :  0.043 0.048 0.240 0.010 0.023 0.004 0.012 0.004 0.009 0.003 0.577 0.027 
199   ZFCR18    (0)   :  0.013 0.006 0.771 0.006 0.066 0.068 0.022 0.004 0.009 0.010 0.019 0.007 
200   ZFCR19    (0)   :  0.342 0.046 0.228 0.272 0.020 0.005 0.013 0.004 0.009 0.004 0.039 0.016 
201   ZFCR20    (0)   :  0.012 0.194 0.106 0.372 0.022 0.028 0.009 0.004 0.016 0.004 0.081 0.153 
202   ZFCR21    (0)   :  0.019 0.358 0.030 0.010 0.011 0.006 0.026 0.004 0.014 0.003 0.503 0.015 
203   ZFCR22    (0)   :  0.021 0.570 0.039 0.005 0.009 0.007 0.004 0.003 0.006 0.003 0.323 0.010 
204   ZFCR23    (0)   :  0.006 0.193 0.049 0.010 0.052 0.003 0.003 0.033 0.040 0.004 0.441 0.166 
205   ZFCR24    (9)   :  0.007 0.158 0.071 0.079 0.055 0.011 0.009 0.005 0.010 0.004 0.108 0.483 
206   ZFCR25    (0)   :  0.004 0.307 0.029 0.038 0.004 0.008 0.008 0.003 0.005 0.003 0.587 0.005 
207   ZFCR26    (0)   :  0.027 0.652 0.005 0.176 0.031 0.011 0.029 0.005 0.015 0.006 0.030 0.014 
208   ZFCR27    (9)   :  0.003 0.025 0.016 0.079 0.003 0.003 0.006 0.004 0.003 0.003 0.851 0.004 
209   ZFCR28    (0)   :  0.116 0.009 0.005 0.008 0.059 0.007 0.010 0.007 0.019 0.024 0.589 0.148 
210   ZFCR29    (0)   :  0.007 0.613 0.182 0.030 0.009 0.004 0.008 0.005 0.008 0.002 0.115 0.016 
211   ZFCR30    (0)   :  0.008 0.543 0.031 0.013 0.006 0.007 0.005 0.008 0.008 0.005 0.361 0.006 
212   ZFCR31    (0)   :  0.025 0.056 0.394 0.093 0.116 0.029 0.014 0.017 0.096 0.041 0.047 0.073 
213   ZFCR33    (0)   :  0.010 0.020 0.007 0.035 0.007 0.010 0.030 0.012 0.011 0.006 0.842 0.009 
214   ZFCR34    (0)   :  0.012 0.436 0.207 0.009 0.013 0.005 0.022 0.021 0.043 0.011 0.181 0.041 
215   ZFCR35    (0)   :  0.009 0.018 0.842 0.012 0.007 0.009 0.025 0.007 0.012 0.011 0.039 0.009 
216   ZFCR36    (0)   :  0.005 0.305 0.369 0.015 0.006 0.005 0.011 0.026 0.009 0.015 0.222 0.012 
217   ZFCR37    (0)   :  0.004 0.612 0.058 0.071 0.004 0.018 0.056 0.022 0.004 0.004 0.144 0.004 
218   ZFCR38    (0)   :  0.015 0.026 0.007 0.080 0.008 0.011 0.043 0.007 0.009 0.007 0.781 0.007 
219   ZFCR39    (0)   :  0.035 0.011 0.031 0.020 0.042 0.055 0.098 0.216 0.016 0.003 0.425 0.047 
220   ZFCR40    (0)   :  0.005 0.051 0.020 0.020 0.007 0.006 0.031 0.033 0.017 0.004 0.788 0.018 
221   ZFCR41    (0)   :  0.020 0.281 0.039 0.009 0.009 0.007 0.083 0.003 0.090 0.014 0.435 0.010 
222   ZFCR42    (0)   :  0.034 0.228 0.012 0.015 0.023 0.014 0.059 0.031 0.032 0.013 0.494 0.046 
223   ZFCR43    (0)   :  0.008 0.145 0.192 0.010 0.069 0.005 0.006 0.004 0.008 0.004 0.460 0.087 
224  ZFENP25    (0)   :  0.011 0.007 0.005 0.035 0.004 0.006 0.017 0.005 0.005 0.003 0.888 0.014 
225  ZFENP26    (0)   :  0.003 0.004 0.007 0.007 0.002 0.004 0.004 0.007 0.004 0.003 0.951 0.002 
226  ZFENP27    (0)   :  0.012 0.008 0.016 0.196 0.007 0.041 0.198 0.018 0.046 0.058 0.370 0.029 
227  ZFENP28    (0)   :  0.005 0.010 0.009 0.034 0.005 0.005 0.013 0.008 0.005 0.011 0.892 0.004 
228  ZFENP29    (0)   :  0.004 0.007 0.004 0.004 0.003 0.007 0.008 0.005 0.004 0.004 0.944 0.004 
229  ZFENP30    (0)   :  0.007 0.012 0.008 0.010 0.007 0.099 0.028 0.011 0.005 0.010 0.799 0.005 
230  ZFENP31    (0)   :  0.004 0.016 0.036 0.065 0.010 0.360 0.012 0.215 0.004 0.006 0.269 0.004 
231  ZFENP32    (0)   :  0.008 0.014 0.320 0.076 0.026 0.126 0.012 0.142 0.013 0.025 0.224 0.013 
232  ZFENP33    (0)   :  0.004 0.036 0.015 0.058 0.006 0.037 0.005 0.010 0.006 0.005 0.811 0.007 
233  ZFENP34    (0)   :  0.004 0.008 0.031 0.535 0.010 0.056 0.022 0.006 0.007 0.012 0.303 0.005 
234  ZFENP35    (0)   :  0.005 0.011 0.015 0.006 0.006 0.008 0.005 0.083 0.018 0.015 0.819 0.011 
235  ZFENP36    (0)   :  0.002 0.008 0.010 0.008 0.003 0.008 0.003 0.013 0.004 0.011 0.927 0.003 
236  ZFENP37    (0)   :  0.004 0.051 0.020 0.193 0.006 0.011 0.011 0.047 0.010 0.013 0.624 0.011 
237  ZFENP38    (0)   :  0.005 0.400 0.010 0.030 0.005 0.018 0.019 0.026 0.010 0.020 0.450 0.007 
238  ZFENP39    (0)   :  0.003 0.011 0.013 0.020 0.003 0.005 0.012 0.010 0.004 0.005 0.909 0.004 
239  ZFENP40    (0)   :  0.004 0.006 0.018 0.026 0.007 0.013 0.007 0.026 0.006 0.006 0.871 0.009 
240  ZFENP41    (0)   :  0.008 0.005 0.019 0.009 0.006 0.046 0.042 0.026 0.007 0.009 0.817 0.007 
241  ZFENP42    (0)   :  0.004 0.045 0.004 0.005 0.003 0.010 0.006 0.215 0.006 0.003 0.696 0.003 
242  ZFENP43    (0)   :  0.006 0.099 0.008 0.091 0.006 0.008 0.040 0.018 0.043 0.062 0.612 0.008 
243  ZFENP44    (0)   :  0.003 0.042 0.006 0.019 0.006 0.029 0.019 0.129 0.025 0.015 0.694 0.013 
244  ZFENP45    (0)   :  0.317 0.050 0.008 0.016 0.029 0.022 0.018 0.147 0.015 0.011 0.341 0.025 
245  ZFENP46    (0)   :  0.004 0.067 0.009 0.050 0.010 0.010 0.003 0.024 0.019 0.008 0.777 0.018 
246  ZFENP47    (0)   :  0.124 0.007 0.097 0.032 0.015 0.027 0.082 0.177 0.005 0.003 0.417 0.014 
247  ZFENP48    (0)   :  0.012 0.013 0.009 0.636 0.019 0.182 0.023 0.008 0.007 0.011 0.070 0.009 
248  ZFENP49    (0)   :  0.017 0.019 0.070 0.024 0.016 0.200 0.011 0.005 0.009 0.006 0.607 0.018 
249  ZFENP50    (0)   :  0.007 0.065 0.007 0.011 0.026 0.006 0.004 0.048 0.015 0.004 0.772 0.035 
250  ZFENP51    (0)   :  0.039 0.017 0.035 0.128 0.004 0.032 0.006 0.053 0.004 0.004 0.675 0.004 
251  ZFENP52    (0)   :  0.004 0.012 0.003 0.004 0.005 0.006 0.009 0.010 0.018 0.012 0.913 0.004 
252  ZFENP53    (0)   :  0.022 0.027 0.006 0.011 0.040 0.009 0.008 0.018 0.019 0.010 0.805 0.023 
253  ZFENP54    (0)   :  0.010 0.032 0.029 0.011 0.045 0.026 0.021 0.008 0.015 0.005 0.763 0.036 
254  ZFENP55    (0)   :  0.004 0.646 0.042 0.048 0.005 0.009 0.004 0.013 0.004 0.004 0.216 0.005 
255  ZFENP56    (0)   :  0.005 0.085 0.012 0.016 0.004 0.010 0.008 0.006 0.012 0.011 0.828 0.004 
256  ZFENP57    (0)   :  0.002 0.020 0.013 0.021 0.003 0.015 0.004 0.064 0.008 0.013 0.832 0.006 
257  ZFENP58    (0)   :  0.113 0.032 0.023 0.010 0.009 0.301 0.020 0.005 0.014 0.017 0.448 0.008 
258  ZFENP59    (0)   :  0.004 0.009 0.013 0.012 0.005 0.027 0.046 0.032 0.005 0.005 0.838 0.004 
259  ZFENP60    (0)   :  0.014 0.013 0.031 0.029 0.009 0.005 0.010 0.015 0.007 0.006 0.848 0.011 
260  ZFENP61    (0)   :  0.003 0.008 0.021 0.015 0.003 0.008 0.013 0.007 0.004 0.004 0.911 0.003 
261 ZFFDSP01    (0)   :  0.014 0.007 0.004 0.003 0.017 0.003 0.005 0.003 0.038 0.011 0.003 0.893 
262 ZFFDSP02    (0)   :  0.005 0.004 0.003 0.002 0.006 0.003 0.004 0.002 0.007 0.004 0.003 0.958 
263 ZFFDSP04    (0)   :  0.010 0.004 0.004 0.003 0.017 0.003 0.004 0.002 0.009 0.003 0.002 0.939 
264 ZFFDSP05    (0)   :  0.011 0.006 0.003 0.003 0.030 0.003 0.004 0.003 0.099 0.006 0.003 0.828 
265 ZFFDSP06    (0)   :  0.019 0.005 0.003 0.006 0.457 0.004 0.016 0.002 0.042 0.004 0.003 0.440 
266 ZFFDSP07    (0)   :  0.042 0.007 0.002 0.004 0.082 0.025 0.014 0.005 0.008 0.005 0.005 0.801 
267 ZFFDSP08    (0)   :  0.075 0.013 0.003 0.004 0.592 0.031 0.011 0.004 0.040 0.012 0.005 0.211 
268 ZFFDSP10    (0)   :  0.009 0.005 0.003 0.003 0.021 0.007 0.004 0.003 0.015 0.005 0.004 0.921 
269 ZFFDSP11    (0)   :  0.007 0.006 0.004 0.004 0.037 0.003 0.004 0.003 0.012 0.003 0.003 0.913 
270 ZFFDSP12    (0)   :  0.009 0.004 0.003 0.003 0.725 0.005 0.003 0.003 0.012 0.005 0.004 0.224 
271 ZFFDSP13    (0)   :  0.005 0.009 0.004 0.004 0.034 0.007 0.010 0.004 0.837 0.018 0.005 0.064 
272 ZFFDSP14    (0)   :  0.018 0.005 0.003 0.003 0.013 0.006 0.005 0.003 0.005 0.004 0.003 0.932 
273 ZFFDSP16    (0)   :  0.004 0.007 0.005 0.005 0.013 0.005 0.007 0.004 0.009 0.014 0.007 0.921 
274 ZFFDSP17    (0)   :  0.009 0.008 0.003 0.004 0.033 0.005 0.006 0.003 0.015 0.005 0.004 0.905 
275 ZFFDSP18    (0)   :  0.014 0.004 0.005 0.004 0.026 0.003 0.005 0.002 0.007 0.004 0.003 0.923 
276 ZFFDSP19    (0)   :  0.017 0.004 0.004 0.004 0.027 0.004 0.025 0.002 0.040 0.116 0.003 0.754 
277 ZFFDSP21    (0)   :  0.008 0.004 0.003 0.004 0.028 0.005 0.024 0.003 0.224 0.080 0.004 0.616 
278 ZFFDSP22    (0)   :  0.093 0.005 0.002 0.002 0.123 0.005 0.006 0.002 0.013 0.004 0.003 0.741 
279 ZFFDSP23    (0)   :  0.112 0.005 0.002 0.003 0.043 0.003 0.004 0.002 0.097 0.010 0.003 0.716 
280 ZFFDSP24    (0)   :  0.006 0.005 0.005 0.003 0.012 0.005 0.004 0.002 0.060 0.011 0.003 0.884 
281 ZFFDSP26    (9)   :  0.015 0.005 0.003 0.003 0.126 0.004 0.005 0.003 0.080 0.007 0.003 0.745 
282 ZFFDSP27    (0)   :  0.008 0.003 0.003 0.003 0.017 0.004 0.004 0.002 0.015 0.008 0.003 0.930 
283 ZFFDSP28    (0)   :  0.008 0.014 0.029 0.025 0.052 0.020 0.008 0.007 0.027 0.004 0.008 0.799 
284 ZFFDSP30    (0)   :  0.008 0.007 0.031 0.005 0.023 0.006 0.005 0.006 0.144 0.037 0.004 0.724 
285 ZFFDSP31    (0)   :  0.006 0.006 0.004 0.005 0.870 0.005 0.005 0.002 0.027 0.009 0.005 0.059 
286 ZFFDSP32    (0)   :  0.005 0.004 0.002 0.003 0.009 0.004 0.003 0.003 0.010 0.004 0.003 0.950 
287 ZFFDSP33    (0)   :  0.006 0.003 0.003 0.003 0.042 0.003 0.002 0.003 0.014 0.004 0.003 0.914 
288 ZFFDSP34    (0)   :  0.015 0.006 0.004 0.004 0.725 0.004 0.009 0.002 0.033 0.007 0.003 0.188 
289 ZFFDSP35    (0)   :  0.007 0.005 0.005 0.003 0.012 0.004 0.004 0.003 0.056 0.005 0.003 0.896 
290 ZFFDSP37    (0)   :  0.004 0.003 0.003 0.003 0.007 0.004 0.003 0.002 0.010 0.005 0.003 0.952 
291 ZFFDSP38    (0)   :  0.005 0.004 0.004 0.003 0.029 0.004 0.004 0.002 0.008 0.005 0.003 0.928 
292 ZFFDSP39    (0)   :  0.009 0.003 0.004 0.003 0.037 0.003 0.003 0.002 0.430 0.008 0.003 0.495 
293 ZFFDSP40    (0)   :  0.005 0.003 0.005 0.003 0.026 0.003 0.003 0.002 0.126 0.009 0.003 0.811 
294 ZFFDSP42    (0)   :  0.064 0.005 0.003 0.003 0.049 0.003 0.005 0.002 0.051 0.008 0.003 0.804 
295 ZFFDSP43    (0)   :  0.012 0.003 0.003 0.003 0.044 0.003 0.004 0.002 0.026 0.010 0.003 0.887 
296 ZFFDSP44    (0)   :  0.005 0.005 0.004 0.004 0.029 0.004 0.003 0.003 0.039 0.008 0.003 0.894 
297 ZFFDSP45    (0)   :  0.005 0.004 0.004 0.003 0.013 0.004 0.004 0.002 0.014 0.006 0.003 0.938 
298 ZFFDSP46    (0)   :  0.008 0.004 0.004 0.003 0.015 0.004 0.004 0.002 0.024 0.007 0.003 0.923 
299 ZFFDSP47    (0)   :  0.014 0.005 0.004 0.003 0.035 0.004 0.004 0.003 0.415 0.015 0.003 0.495 
300 ZFFDSP48    (0)   :  0.006 0.004 0.004 0.003 0.020 0.004 0.004 0.003 0.237 0.016 0.003 0.697 
301    ZFI01    (0)   :  0.005 0.009 0.801 0.117 0.005 0.015 0.010 0.008 0.005 0.009 0.013 0.006 
302    ZFI02    (0)   :  0.005 0.006 0.877 0.069 0.005 0.004 0.004 0.004 0.005 0.010 0.005 0.006 
303    ZFI03    (0)   :  0.003 0.007 0.921 0.026 0.004 0.006 0.006 0.003 0.004 0.008 0.007 0.004 
304    ZFI04    (0)   :  0.003 0.006 0.053 0.902 0.004 0.004 0.004 0.004 0.004 0.007 0.006 0.004 
305    ZFI05    (0)   :  0.003 0.005 0.931 0.007 0.005 0.008 0.004 0.004 0.005 0.016 0.007 0.005 
306    ZFI06    (0)   :  0.003 0.008 0.755 0.056 0.012 0.006 0.004 0.004 0.029 0.077 0.023 0.023 
307    ZFI07    (0)   :  0.003 0.007 0.781 0.167 0.004 0.007 0.006 0.004 0.004 0.006 0.007 0.005 
308    ZFI08    (0)   :  0.003 0.010 0.495 0.454 0.004 0.005 0.005 0.004 0.003 0.005 0.009 0.004 
309    ZFI09    (0)   :  0.003 0.005 0.901 0.052 0.004 0.005 0.004 0.004 0.005 0.007 0.007 0.004 
310    ZFI10    (0)   :  0.004 0.007 0.813 0.059 0.006 0.006 0.005 0.006 0.006 0.074 0.009 0.006 
311    ZFI11    (0)   :  0.003 0.006 0.641 0.294 0.003 0.008 0.005 0.004 0.006 0.017 0.008 0.004 
312    ZFI12    (0)   :  0.004 0.011 0.898 0.032 0.004 0.007 0.008 0.003 0.006 0.015 0.006 0.005 
313    ZFI13    (0)   :  0.003 0.006 0.920 0.011 0.004 0.019 0.006 0.008 0.004 0.007 0.008 0.005 
314    ZFI14    (0)   :  0.003 0.004 0.940 0.007 0.007 0.005 0.004 0.004 0.007 0.006 0.004 0.009 
315    ZFI15    (0)   :  0.002 0.004 0.954 0.007 0.003 0.005 0.005 0.003 0.003 0.005 0.006 0.003 
316    ZFI16    (0)   :  0.002 0.005 0.954 0.008 0.003 0.004 0.004 0.003 0.003 0.006 0.005 0.004 
317    ZFI17    (0)   :  0.003 0.007 0.908 0.035 0.003 0.006 0.004 0.006 0.005 0.012 0.008 0.004 
318    ZFI18    (0)   :  0.002 0.004 0.943 0.012 0.003 0.005 0.003 0.006 0.004 0.007 0.007 0.003 
319    ZFI19    (9)   :  0.002 0.006 0.954 0.008 0.003 0.006 0.003 0.003 0.003 0.005 0.004 0.003 
320    ZFI20    (0)   :  0.003 0.005 0.952 0.007 0.004 0.003 0.004 0.004 0.004 0.005 0.004 0.005 
321    ZFI21    (0)   :  0.003 0.004 0.942 0.004 0.006 0.004 0.003 0.003 0.008 0.008 0.003 0.011 
322    ZFI22    (0)   :  0.004 0.005 0.904 0.048 0.005 0.004 0.007 0.003 0.004 0.005 0.006 0.005 
323    ZFI23    (0)   :  0.003 0.006 0.942 0.012 0.003 0.005 0.004 0.003 0.004 0.008 0.006 0.004 
324    ZFI24    (0)   :  0.004 0.010 0.907 0.027 0.005 0.008 0.008 0.003 0.005 0.012 0.007 0.005 
325    ZFI25    (0)   :  0.004 0.007 0.832 0.111 0.005 0.005 0.008 0.003 0.004 0.007 0.008 0.006 
326    ZFI26    (0)   :  0.003 0.007 0.917 0.028 0.004 0.010 0.008 0.003 0.004 0.005 0.007 0.004 
327    ZFI27    (0)   :  0.003 0.011 0.885 0.020 0.005 0.014 0.005 0.004 0.008 0.033 0.007 0.005 
328    ZFK01    (0)   :  0.003 0.003 0.003 0.003 0.004 0.959 0.005 0.003 0.004 0.006 0.003 0.004 
329    ZFK02    (0)   :  0.003 0.004 0.003 0.003 0.004 0.958 0.005 0.003 0.004 0.007 0.004 0.003 
330    ZFK03    (0)   :  0.003 0.003 0.003 0.003 0.004 0.961 0.005 0.003 0.003 0.005 0.003 0.003 
331    ZFK04    (0)   :  0.002 0.003 0.004 0.004 0.003 0.963 0.004 0.003 0.003 0.004 0.003 0.003 
332    ZFK05    (0)   :  0.003 0.003 0.006 0.010 0.003 0.942 0.011 0.008 0.003 0.004 0.006 0.003 
333    ZFK06    (0)   :  0.003 0.003 0.009 0.008 0.003 0.943 0.010 0.005 0.003 0.004 0.006 0.003 
334    ZFK07    (0)   :  0.004 0.004 0.002 0.003 0.003 0.958 0.005 0.004 0.004 0.005 0.003 0.003 
335    ZFK08    (0)   :  0.003 0.005 0.004 0.004 0.003 0.959 0.004 0.003 0.003 0.003 0.004 0.003 
336    ZFK10    (0)   :  0.003 0.003 0.004 0.005 0.003 0.962 0.004 0.003 0.003 0.004 0.003 0.003 
337    ZFK11    (0)   :  0.003 0.003 0.006 0.008 0.004 0.941 0.011 0.008 0.003 0.004 0.006 0.003 
338    ZFK12    (0)   :  0.008 0.009 0.003 0.002 0.005 0.943 0.007 0.003 0.007 0.004 0.003 0.006 
339    ZFK13    (0)   :  0.008 0.005 0.003 0.003 0.017 0.898 0.008 0.012 0.021 0.004 0.003 0.018 
340    ZFK14    (0)   :  0.035 0.009 0.008 0.008 0.021 0.664 0.178 0.014 0.022 0.014 0.006 0.021 
341    ZFK15    (0)   :  0.005 0.004 0.005 0.004 0.014 0.915 0.006 0.013 0.012 0.004 0.004 0.015 
342    ZFK16    (0)   :  0.005 0.005 0.002 0.002 0.006 0.950 0.006 0.004 0.006 0.004 0.003 0.004 
343   ZFLB01    (0)   :  0.008 0.008 0.008 0.009 0.016 0.014 0.004 0.868 0.022 0.007 0.007 0.030 
344   ZFLB02    (0)   :  0.003 0.005 0.008 0.017 0.003 0.003 0.002 0.916 0.004 0.005 0.028 0.005 
345   ZFLB03    (0)   :  0.004 0.005 0.004 0.005 0.005 0.008 0.004 0.905 0.006 0.034 0.016 0.004 
346   ZFLB04    (0)   :  0.009 0.006 0.018 0.012 0.013 0.010 0.007 0.643 0.023 0.235 0.006 0.017 
347   ZFLB05    (0)   :  0.006 0.008 0.013 0.012 0.009 0.018 0.003 0.872 0.021 0.016 0.008 0.015 
348   ZFLB06    (0)   :  0.008 0.007 0.005 0.008 0.015 0.077 0.007 0.840 0.008 0.006 0.009 0.009 
349   ZFLB07    (0)   :  0.011 0.105 0.015 0.018 0.018 0.089 0.008 0.573 0.028 0.055 0.068 0.012 
350   ZFLB08    (0)   :  0.004 0.008 0.015 0.026 0.004 0.007 0.004 0.887 0.007 0.009 0.023 0.006 
351   ZFLB09    (9)   :  0.004 0.006 0.007 0.010 0.005 0.015 0.007 0.924 0.005 0.005 0.008 0.005 
352   ZFLB10    (0)   :  0.002 0.004 0.006 0.006 0.003 0.008 0.004 0.950 0.004 0.006 0.004 0.003 
353   ZFLB11    (0)   :  0.005 0.006 0.004 0.004 0.005 0.014 0.007 0.937 0.005 0.003 0.005 0.004 
354   ZFLB12    (0)   :  0.002 0.004 0.005 0.006 0.003 0.007 0.005 0.953 0.003 0.004 0.006 0.003 
355   ZFLB13    (0)   :  0.004 0.024 0.005 0.017 0.011 0.011 0.015 0.798 0.028 0.016 0.051 0.020 
356  ZFLTI01    (0)   :  0.012 0.008 0.004 0.004 0.016 0.006 0.032 0.002 0.885 0.009 0.004 0.020 
357  ZFLTI02    (0)   :  0.011 0.006 0.003 0.006 0.021 0.009 0.066 0.002 0.838 0.027 0.004 0.007 
358  ZFLTI03    (0)   :  0.008 0.005 0.002 0.004 0.008 0.004 0.008 0.002 0.938 0.011 0.003 0.006 
359  ZFLTI04    (0)   :  0.006 0.009 0.005 0.004 0.020 0.014 0.010 0.003 0.895 0.020 0.004 0.010 
360  ZFLTI05    (0)   :  0.005 0.004 0.003 0.004 0.007 0.006 0.006 0.002 0.938 0.015 0.003 0.006 
361  ZFLTI06    (0)   :  0.010 0.004 0.004 0.003 0.008 0.004 0.006 0.002 0.929 0.007 0.003 0.021 
362  ZFLTI07    (0)   :  0.004 0.005 0.005 0.004 0.006 0.005 0.005 0.002 0.936 0.006 0.004 0.019 
363  ZFLTI08    (0)   :  0.004 0.007 0.005 0.006 0.009 0.006 0.006 0.002 0.923 0.021 0.004 0.007 
364  ZFLTI09    (0)   :  0.005 0.005 0.005 0.006 0.014 0.004 0.006 0.002 0.929 0.008 0.003 0.012 
365  ZFLTI10    (0)   :  0.004 0.004 0.004 0.004 0.024 0.005 0.009 0.002 0.921 0.006 0.003 0.013 
366  ZFLTI11    (0)   :  0.017 0.005 0.004 0.005 0.018 0.004 0.007 0.002 0.915 0.009 0.003 0.010 
367  ZFLTI12    (0)   :  0.013 0.005 0.003 0.004 0.020 0.006 0.018 0.002 0.907 0.010 0.003 0.008 
368  ZFLTI13    (0)   :  0.011 0.008 0.004 0.004 0.006 0.008 0.023 0.002 0.880 0.040 0.004 0.009 
369  ZFLTI14    (0)   :  0.006 0.006 0.004 0.006 0.043 0.010 0.068 0.002 0.684 0.153 0.005 0.014 
370 ZFONF101    (0)   :  0.005 0.005 0.003 0.003 0.954 0.002 0.002 0.003 0.006 0.003 0.003 0.010 
