

----------------------------------------------------
STRUCTURE by Pritchard, Stephens and Donnelly (2000)
     and Falush, Stephens and Pritchard (2003)
       Code by Pritchard, Falush and Hubisz
             Version 2.3.4 (Jul 2012)
----------------------------------------------------



Command line arguments:   bin\structure -m C:\Users\eschumacher\Documents\GitHub\GCC_QUAC_ZAIN\Data_Files\Structure_Files\ZAIN\ZAIN_wild_rebinned_nopopinfo\50-50\mainparams -e C:\Users\eschumacher\Documents\GitHub\GCC_QUAC_ZAIN\Data_Files\Structure_Files\ZAIN\ZAIN_wild_rebinned_nopopinfo\50-50\extraparams 
Input File:    C:\Users\eschumacher\Documents\GitHub\GCC_QUAC_ZAIN\Data_Files\Structure_Files\ZAIN\ZAIN_wild_rebinned_nopopinfo\project_data

Run parameters:
   751 individuals
   11 loci
   14 populations assumed
   50000 Burn-in period
   50000 Reps


--------------------------------------------
Overall proportion of membership of the
sample in each of the 14 clusters

Inferred Clusters
  1      2      3      4      5      6      7      8      9     10     11     12     13     14    
0.071  0.081  0.055  0.072  0.059  0.051  0.073  0.033  0.093  0.086  0.067  0.061  0.098  0.099  

--------------------------------------------

Allele-freq. divergence among pops (Net nucleotide distance),
computed using point estimates of P.

      1       2       3       4       5       6       7       8       9      10      11      12      13      14      
 1      -    0.3071  0.0874  0.2050  0.3505  0.4270  0.0410  0.2667  0.0770  0.2733  0.2770  0.1674  0.2390  0.2728  
 2   0.3071     -    0.2820  0.1884  0.1663  0.3564  0.2587  0.2736  0.2738  0.1822  0.3063  0.3805  0.1131  0.0942  
 3   0.0874  0.2820     -    0.1916  0.3042  0.3942  0.0699  0.1996  0.1063  0.2122  0.2344  0.1122  0.2004  0.2716  
 4   0.2050  0.1884  0.1916     -    0.2181  0.3558  0.1436  0.1854  0.1212  0.1794  0.2534  0.1781  0.1050  0.2048  
 5   0.3505  0.1663  0.3042  0.2181     -    0.2212  0.2892  0.2394  0.3081  0.2705  0.3765  0.3608  0.1382  0.1470  
 6   0.4270  0.3564  0.3942  0.3558  0.2212     -    0.3627  0.3235  0.3754  0.3555  0.4542  0.4649  0.1857  0.3092  
 7   0.0410  0.2587  0.0699  0.1436  0.2892  0.3627     -    0.2021  0.0762  0.2146  0.2677  0.1278  0.1963  0.2578  
 8   0.2667  0.2736  0.1996  0.1854  0.2394  0.3235  0.2021     -    0.1933  0.2005  0.2470  0.2854  0.1607  0.2642  
 9   0.0770  0.2738  0.1063  0.1212  0.3081  0.3754  0.0762  0.1933     -    0.1744  0.1334  0.1360  0.1624  0.2677  
10   0.2733  0.1822  0.2122  0.1794  0.2705  0.3555  0.2146  0.2005  0.1744     -    0.2045  0.2123  0.1488  0.2189  
11   0.2770  0.3063  0.2344  0.2534  0.3765  0.4542  0.2677  0.2470  0.1334  0.2045     -    0.2992  0.2070  0.3052  
12   0.1674  0.3805  0.1122  0.1781  0.3608  0.4649  0.1278  0.2854  0.1360  0.2123  0.2992     -    0.2749  0.3735  
13   0.2390  0.1131  0.2004  0.1050  0.1382  0.1857  0.1963  0.1607  0.1624  0.1488  0.2070  0.2749     -    0.1281  
14   0.2728  0.0942  0.2716  0.2048  0.1470  0.3092  0.2578  0.2642  0.2677  0.2189  0.3052  0.3735  0.1281     -    

Average distances (expected heterozygosity) between individuals in same cluster:
cluster  1  : 0.3154 
cluster  2  : 0.3370 
cluster  3  : 0.4033 
cluster  4  : 0.4438 
cluster  5  : 0.3788 
cluster  6  : 0.2513 
cluster  7  : 0.3891 
cluster  8  : 0.2409 
cluster  9  : 0.4256 
cluster 10  : 0.3882 
cluster 11  : 0.2225 
cluster 12  : 0.3582 
cluster 13  : 0.5494 
cluster 14  : 0.4803 

--------------------------------------------
Estimated Ln Prob of Data   = -13076.6
Mean value of ln likelihood = -12532.9
Variance of ln likelihood   = 1087.3
Mean value of alpha         = 0.0326

Mean value of Fst_1         = 0.4864
Mean value of Fst_2         = 0.4839
Mean value of Fst_3         = 0.3696
Mean value of Fst_4         = 0.3389
Mean value of Fst_5         = 0.5586
Mean value of Fst_6         = 0.6356
Mean value of Fst_7         = 0.3753
Mean value of Fst_8         = 0.6419
Mean value of Fst_9         = 0.4144
Mean value of Fst_10         = 0.4138
Mean value of Fst_11         = 0.6621
Mean value of Fst_12         = 0.4394
Mean value of Fst_13         = 0.1432
Mean value of Fst_14         = 0.4344


Inferred ancestry of individuals:
        Label (%Miss) :  Inferred clusters
  1    ZFB01    (0)   :  0.004 0.010 0.003 0.003 0.006 0.005 0.004 0.002 0.003 0.004 0.003 0.003 0.004 0.946 
  2    ZFB02    (0)   :  0.003 0.012 0.003 0.004 0.056 0.013 0.005 0.006 0.003 0.009 0.002 0.003 0.007 0.873 
  3    ZFB03    (0)   :  0.013 0.020 0.006 0.011 0.008 0.003 0.009 0.005 0.014 0.006 0.022 0.002 0.018 0.863 
  4    ZFB04    (0)   :  0.004 0.006 0.003 0.004 0.032 0.013 0.006 0.008 0.003 0.006 0.002 0.002 0.006 0.907 
  5    ZFB05    (0)   :  0.002 0.012 0.003 0.024 0.053 0.090 0.004 0.045 0.006 0.008 0.010 0.010 0.036 0.697 
  6    ZFB06    (0)   :  0.002 0.010 0.003 0.018 0.026 0.070 0.004 0.020 0.006 0.007 0.009 0.009 0.040 0.776 
  7    ZFB07    (9)   :  0.010 0.107 0.006 0.012 0.006 0.012 0.007 0.007 0.006 0.004 0.005 0.007 0.048 0.763 
  8    ZFB08    (0)   :  0.009 0.023 0.008 0.026 0.012 0.003 0.008 0.010 0.007 0.007 0.005 0.007 0.007 0.866 
  9    ZFB09    (0)   :  0.003 0.007 0.003 0.004 0.005 0.004 0.003 0.003 0.003 0.004 0.003 0.002 0.003 0.953 
 10    ZFB10    (0)   :  0.028 0.004 0.008 0.004 0.007 0.004 0.011 0.006 0.007 0.004 0.002 0.005 0.004 0.906 
 11    ZFB11    (0)   :  0.007 0.004 0.005 0.003 0.005 0.014 0.004 0.005 0.003 0.004 0.002 0.003 0.003 0.938 
 12    ZFB12    (0)   :  0.006 0.005 0.005 0.019 0.022 0.022 0.008 0.003 0.006 0.004 0.005 0.003 0.011 0.881 
 13    ZFB13    (0)   :  0.010 0.008 0.011 0.012 0.013 0.003 0.010 0.014 0.007 0.004 0.004 0.007 0.006 0.892 
 14    ZFB14    (0)   :  0.005 0.007 0.004 0.003 0.004 0.003 0.004 0.005 0.003 0.005 0.003 0.003 0.004 0.948 
 15    ZFB15    (0)   :  0.003 0.007 0.002 0.004 0.010 0.006 0.003 0.003 0.002 0.003 0.002 0.002 0.004 0.950 
 16    ZFB16    (0)   :  0.008 0.006 0.005 0.008 0.015 0.005 0.007 0.011 0.006 0.003 0.003 0.004 0.004 0.917 
 17    ZFB17    (0)   :  0.006 0.006 0.004 0.023 0.009 0.024 0.014 0.027 0.008 0.012 0.002 0.008 0.007 0.848 
 18    ZFB18    (0)   :  0.004 0.005 0.003 0.003 0.003 0.003 0.003 0.003 0.002 0.004 0.002 0.002 0.003 0.959 
 19    ZFB19    (0)   :  0.071 0.057 0.015 0.053 0.009 0.006 0.031 0.006 0.020 0.004 0.006 0.012 0.062 0.649 
 20    ZFB20    (0)   :  0.007 0.005 0.005 0.008 0.026 0.015 0.008 0.020 0.005 0.003 0.003 0.004 0.005 0.887 
 21    ZFB21    (0)   :  0.003 0.008 0.003 0.003 0.008 0.006 0.002 0.004 0.002 0.003 0.004 0.002 0.005 0.947 
 22    ZFB22    (0)   :  0.009 0.006 0.005 0.009 0.020 0.023 0.009 0.005 0.009 0.007 0.002 0.008 0.007 0.882 
 23    ZFB23    (0)   :  0.006 0.003 0.004 0.003 0.006 0.016 0.004 0.006 0.003 0.004 0.003 0.002 0.004 0.937 
 24    ZFB24    (0)   :  0.005 0.005 0.004 0.003 0.009 0.020 0.005 0.006 0.003 0.003 0.003 0.003 0.004 0.928 
 25    ZFB25    (0)   :  0.018 0.004 0.005 0.003 0.003 0.005 0.008 0.003 0.004 0.004 0.003 0.003 0.003 0.933 
 26    ZFB26    (0)   :  0.012 0.004 0.007 0.003 0.007 0.033 0.006 0.011 0.004 0.004 0.003 0.003 0.004 0.899 
 27    ZFB27    (0)   :  0.006 0.004 0.003 0.002 0.006 0.061 0.004 0.003 0.003 0.003 0.002 0.002 0.004 0.895 
 28    ZFB28    (0)   :  0.005 0.005 0.004 0.011 0.011 0.131 0.008 0.010 0.005 0.007 0.004 0.003 0.020 0.777 
 29    ZFB29    (0)   :  0.003 0.005 0.003 0.003 0.009 0.009 0.003 0.008 0.002 0.004 0.002 0.002 0.004 0.942 
 30    ZFB30    (0)   :  0.004 0.021 0.004 0.013 0.008 0.223 0.004 0.004 0.005 0.003 0.007 0.012 0.065 0.626 
 31    ZFB31    (0)   :  0.019 0.007 0.005 0.003 0.004 0.006 0.008 0.003 0.005 0.005 0.004 0.003 0.004 0.925 
 32    ZFB32    (0)   :  0.007 0.008 0.008 0.029 0.018 0.064 0.016 0.024 0.008 0.020 0.007 0.004 0.022 0.765 
 33    ZFB33    (0)   :  0.003 0.005 0.002 0.003 0.008 0.005 0.003 0.003 0.002 0.003 0.002 0.002 0.003 0.955 
 34    ZFB34    (0)   :  0.004 0.016 0.003 0.004 0.005 0.003 0.003 0.004 0.003 0.006 0.004 0.003 0.005 0.938 
 35    ZFB35    (0)   :  0.006 0.015 0.004 0.004 0.012 0.005 0.005 0.006 0.004 0.005 0.004 0.003 0.004 0.922 
 36  ZFBP101    (0)   :  0.151 0.005 0.063 0.012 0.010 0.003 0.295 0.106 0.229 0.057 0.016 0.038 0.007 0.009 
 37  ZFBP102    (0)   :  0.135 0.007 0.149 0.008 0.015 0.003 0.345 0.032 0.250 0.010 0.005 0.017 0.011 0.014 
 38  ZFBP103    (0)   :  0.203 0.004 0.011 0.007 0.009 0.002 0.062 0.040 0.488 0.120 0.030 0.010 0.007 0.008 
 39  ZFBP104    (0)   :  0.643 0.022 0.031 0.032 0.011 0.003 0.024 0.006 0.177 0.004 0.009 0.009 0.013 0.016 
 40  ZFBP105    (0)   :  0.284 0.007 0.413 0.008 0.005 0.006 0.156 0.007 0.073 0.006 0.016 0.006 0.007 0.006 
 41  ZFBP106    (0)   :  0.581 0.004 0.123 0.005 0.003 0.003 0.172 0.014 0.048 0.007 0.023 0.012 0.004 0.003 
 42  ZFBP107    (0)   :  0.502 0.005 0.186 0.008 0.008 0.038 0.025 0.048 0.126 0.008 0.017 0.004 0.018 0.007 
 43  ZFBP108    (0)   :  0.782 0.003 0.045 0.003 0.003 0.003 0.128 0.005 0.009 0.003 0.006 0.005 0.003 0.003 
 44  ZFBP109    (0)   :  0.103 0.011 0.233 0.004 0.002 0.002 0.565 0.004 0.053 0.005 0.006 0.005 0.003 0.004 
 45  ZFBP110    (0)   :  0.083 0.010 0.057 0.011 0.009 0.003 0.480 0.037 0.119 0.027 0.098 0.005 0.025 0.038 
 46  ZFBP111    (0)   :  0.175 0.002 0.048 0.011 0.003 0.004 0.374 0.005 0.224 0.004 0.013 0.130 0.004 0.003 
 47  ZFBP112    (0)   :  0.044 0.003 0.020 0.005 0.004 0.005 0.844 0.010 0.010 0.008 0.008 0.034 0.004 0.003 
 48  ZFBP113    (0)   :  0.677 0.003 0.007 0.005 0.003 0.004 0.272 0.003 0.009 0.003 0.003 0.004 0.004 0.003 
 49  ZFBP114    (0)   :  0.050 0.004 0.807 0.003 0.003 0.006 0.043 0.009 0.052 0.004 0.005 0.005 0.005 0.003 
 50  ZFBP115    (0)   :  0.034 0.002 0.044 0.006 0.003 0.004 0.025 0.008 0.836 0.006 0.016 0.011 0.004 0.002 
 51  ZFBP116    (0)   :  0.738 0.003 0.018 0.007 0.003 0.005 0.180 0.005 0.019 0.004 0.006 0.006 0.004 0.002 
 52  ZFBP117    (0)   :  0.559 0.004 0.265 0.006 0.002 0.003 0.090 0.007 0.023 0.014 0.009 0.009 0.005 0.003 
 53  ZFBP118    (0)   :  0.343 0.003 0.483 0.004 0.004 0.014 0.047 0.019 0.052 0.004 0.004 0.012 0.007 0.004 
 54  ZFBP119    (0)   :  0.042 0.005 0.587 0.019 0.002 0.002 0.035 0.014 0.223 0.026 0.016 0.021 0.005 0.003 
 55  ZFBP120    (0)   :  0.455 0.008 0.192 0.010 0.005 0.005 0.191 0.007 0.085 0.005 0.018 0.005 0.007 0.007 
 56  ZFBP121    (0)   :  0.176 0.006 0.415 0.004 0.003 0.003 0.338 0.009 0.014 0.009 0.010 0.005 0.005 0.005 
 57  ZFBP122    (9)   :  0.448 0.004 0.036 0.006 0.003 0.003 0.445 0.006 0.021 0.004 0.006 0.012 0.003 0.003 
 58  ZFBP123    (0)   :  0.030 0.004 0.010 0.007 0.003 0.005 0.881 0.021 0.012 0.006 0.006 0.009 0.003 0.003 
 59  ZFBP124    (0)   :  0.109 0.017 0.353 0.005 0.004 0.005 0.446 0.009 0.026 0.007 0.006 0.005 0.005 0.006 
 60  ZFBP125    (0)   :  0.754 0.002 0.153 0.004 0.002 0.003 0.018 0.007 0.020 0.007 0.008 0.017 0.003 0.002 
 61  ZFBP126    (0)   :  0.618 0.004 0.009 0.015 0.013 0.003 0.262 0.019 0.012 0.012 0.003 0.006 0.014 0.009 
 62  ZFBP127    (0)   :  0.115 0.004 0.106 0.003 0.003 0.003 0.513 0.007 0.126 0.018 0.090 0.005 0.005 0.003 
 63  ZFBP128    (0)   :  0.780 0.004 0.010 0.003 0.002 0.002 0.088 0.010 0.020 0.021 0.017 0.037 0.003 0.004 
 64  ZFBP129    (0)   :  0.328 0.010 0.282 0.006 0.003 0.003 0.174 0.010 0.008 0.013 0.009 0.145 0.006 0.004 
 65  ZFBP130    (0)   :  0.636 0.002 0.080 0.009 0.003 0.004 0.082 0.013 0.042 0.030 0.012 0.082 0.003 0.002 
 66  ZFBP131    (0)   :  0.507 0.005 0.078 0.005 0.003 0.003 0.373 0.003 0.005 0.003 0.003 0.005 0.004 0.003 
 67  ZFBP132    (0)   :  0.315 0.003 0.261 0.003 0.002 0.003 0.346 0.005 0.022 0.004 0.022 0.004 0.004 0.005 
 68  ZFBP133    (0)   :  0.203 0.004 0.008 0.005 0.002 0.002 0.720 0.003 0.007 0.007 0.003 0.031 0.002 0.002 
 69  ZFBP134    (0)   :  0.057 0.004 0.012 0.009 0.003 0.003 0.182 0.003 0.680 0.020 0.012 0.010 0.003 0.004 
 70  ZFBP135    (0)   :  0.422 0.007 0.049 0.006 0.006 0.002 0.171 0.072 0.031 0.174 0.025 0.014 0.007 0.014 
 71  ZFBP136    (0)   :  0.065 0.003 0.031 0.007 0.004 0.006 0.601 0.110 0.088 0.030 0.017 0.030 0.004 0.003 
 72  ZFBP201    (0)   :  0.026 0.004 0.007 0.005 0.003 0.005 0.917 0.004 0.007 0.004 0.006 0.004 0.004 0.004 
 73  ZFBP202    (0)   :  0.444 0.010 0.081 0.007 0.003 0.003 0.366 0.007 0.037 0.006 0.016 0.010 0.006 0.005 
 74  ZFBP203    (0)   :  0.063 0.004 0.015 0.019 0.018 0.042 0.773 0.006 0.011 0.005 0.005 0.012 0.021 0.005 
 75  ZFBP204    (0)   :  0.088 0.005 0.402 0.010 0.004 0.006 0.231 0.042 0.135 0.016 0.023 0.028 0.006 0.004 
 76  ZFBP205    (0)   :  0.013 0.003 0.149 0.005 0.003 0.004 0.771 0.007 0.026 0.005 0.002 0.007 0.003 0.002 
 77  ZFBP206    (0)   :  0.015 0.004 0.006 0.007 0.004 0.004 0.914 0.012 0.007 0.005 0.005 0.012 0.003 0.003 
 78  ZFBP207    (0)   :  0.009 0.004 0.615 0.007 0.003 0.006 0.052 0.008 0.149 0.012 0.118 0.008 0.005 0.005 
 79  ZFBP208    (0)   :  0.012 0.003 0.006 0.006 0.004 0.006 0.932 0.008 0.006 0.003 0.003 0.004 0.004 0.002 
 80  ZFBP209    (0)   :  0.105 0.004 0.052 0.005 0.002 0.002 0.757 0.003 0.006 0.009 0.004 0.047 0.003 0.002 
 81  ZFBP210    (0)   :  0.007 0.003 0.007 0.005 0.004 0.005 0.937 0.004 0.007 0.003 0.006 0.005 0.004 0.003 
 82  ZFBP211    (0)   :  0.180 0.006 0.654 0.005 0.003 0.003 0.100 0.008 0.012 0.004 0.009 0.005 0.004 0.006 
 83  ZFBP212    (0)   :  0.483 0.005 0.068 0.003 0.003 0.004 0.258 0.003 0.093 0.003 0.060 0.006 0.004 0.008 
 84  ZFBP213    (0)   :  0.027 0.010 0.019 0.007 0.004 0.004 0.863 0.021 0.008 0.008 0.012 0.007 0.005 0.004 
 85  ZFBP214    (0)   :  0.008 0.008 0.011 0.020 0.003 0.003 0.843 0.014 0.015 0.027 0.022 0.016 0.006 0.004 
 86  ZFBP215    (0)   :  0.490 0.004 0.021 0.004 0.003 0.003 0.437 0.005 0.008 0.006 0.006 0.008 0.003 0.003 
 87  ZFBP216    (0)   :  0.121 0.005 0.039 0.020 0.005 0.006 0.747 0.006 0.024 0.005 0.006 0.005 0.008 0.004 
 88  ZFBP217    (0)   :  0.014 0.004 0.013 0.017 0.003 0.004 0.790 0.004 0.034 0.005 0.026 0.075 0.006 0.004 
 89  ZFBP218    (0)   :  0.163 0.007 0.248 0.006 0.003 0.004 0.505 0.003 0.035 0.004 0.004 0.014 0.003 0.002 
 90  ZFBP219    (0)   :  0.560 0.003 0.008 0.005 0.003 0.004 0.389 0.004 0.008 0.003 0.003 0.004 0.004 0.002 
 91  ZFBP220    (0)   :  0.253 0.003 0.034 0.006 0.003 0.003 0.537 0.008 0.075 0.020 0.016 0.036 0.004 0.003 
 92  ZFBP221    (0)   :  0.104 0.006 0.116 0.005 0.002 0.004 0.267 0.002 0.466 0.003 0.009 0.009 0.003 0.004 
 93  ZFBP222    (0)   :  0.031 0.004 0.012 0.005 0.003 0.004 0.911 0.004 0.005 0.007 0.003 0.005 0.003 0.003 
 94  ZFBP223    (0)   :  0.063 0.006 0.117 0.005 0.004 0.005 0.459 0.009 0.065 0.008 0.238 0.009 0.007 0.008 
 95  ZFBP224    (0)   :  0.026 0.006 0.009 0.006 0.003 0.004 0.909 0.010 0.008 0.004 0.005 0.004 0.005 0.003 
 96  ZFBP225    (0)   :  0.119 0.003 0.025 0.015 0.004 0.010 0.267 0.009 0.267 0.010 0.025 0.235 0.007 0.003 
 97  ZFBP226    (0)   :  0.230 0.003 0.089 0.005 0.004 0.004 0.630 0.005 0.010 0.003 0.005 0.005 0.004 0.003 
 98  ZFBP227    (0)   :  0.180 0.020 0.087 0.132 0.012 0.004 0.330 0.011 0.161 0.006 0.009 0.007 0.032 0.010 
 99  ZFBP228    (0)   :  0.202 0.005 0.255 0.004 0.003 0.002 0.116 0.005 0.280 0.021 0.090 0.007 0.004 0.005 
100  ZFBP229    (0)   :  0.644 0.003 0.083 0.007 0.003 0.003 0.186 0.003 0.024 0.007 0.006 0.024 0.004 0.002 
101  ZFBP230    (0)   :  0.076 0.003 0.037 0.008 0.003 0.003 0.694 0.009 0.098 0.026 0.009 0.027 0.004 0.003 
102  ZFBP231    (0)   :  0.041 0.008 0.808 0.007 0.005 0.005 0.056 0.021 0.018 0.005 0.008 0.005 0.007 0.005 
103  ZFBP232    (0)   :  0.233 0.003 0.580 0.004 0.003 0.003 0.140 0.005 0.009 0.004 0.003 0.007 0.003 0.003 
104  ZFBP233    (0)   :  0.084 0.008 0.131 0.011 0.003 0.004 0.683 0.008 0.028 0.005 0.007 0.017 0.005 0.006 
105   ZFCC01    (0)   :  0.003 0.018 0.004 0.004 0.006 0.004 0.006 0.008 0.004 0.926 0.005 0.004 0.004 0.005 
106   ZFCC03    (0)   :  0.004 0.007 0.003 0.003 0.003 0.003 0.005 0.005 0.003 0.946 0.008 0.005 0.003 0.003 
107   ZFCC04    (0)   :  0.003 0.006 0.003 0.005 0.004 0.003 0.005 0.013 0.004 0.931 0.006 0.007 0.004 0.004 
108   ZFCC05    (0)   :  0.005 0.013 0.004 0.008 0.005 0.005 0.010 0.051 0.007 0.855 0.017 0.006 0.007 0.005 
109   ZFCC08    (0)   :  0.007 0.010 0.013 0.007 0.003 0.002 0.014 0.009 0.010 0.894 0.005 0.020 0.003 0.002 
110   ZFCC09    (0)   :  0.003 0.011 0.006 0.003 0.004 0.003 0.003 0.007 0.003 0.941 0.007 0.003 0.003 0.003 
111   ZFCC10    (0)   :  0.003 0.036 0.005 0.003 0.004 0.003 0.005 0.009 0.003 0.915 0.004 0.003 0.003 0.004 
112   ZFCC11    (0)   :  0.005 0.013 0.004 0.004 0.004 0.004 0.006 0.009 0.005 0.925 0.010 0.004 0.004 0.004 
113   ZFCC12    (0)   :  0.006 0.023 0.005 0.009 0.134 0.005 0.008 0.038 0.009 0.726 0.008 0.007 0.015 0.007 
114   ZFCC13    (0)   :  0.008 0.004 0.006 0.010 0.005 0.010 0.013 0.008 0.013 0.898 0.009 0.007 0.006 0.003 
115   ZFCC14    (0)   :  0.009 0.009 0.008 0.003 0.005 0.006 0.010 0.022 0.004 0.897 0.005 0.007 0.006 0.008 
116   ZFCC15    (0)   :  0.003 0.005 0.003 0.009 0.005 0.005 0.005 0.006 0.005 0.938 0.005 0.004 0.005 0.003 
117   ZFCC16    (0)   :  0.003 0.007 0.004 0.004 0.006 0.003 0.004 0.015 0.003 0.935 0.004 0.004 0.004 0.005 
118   ZFCC17    (0)   :  0.003 0.006 0.003 0.004 0.013 0.009 0.003 0.043 0.004 0.892 0.006 0.003 0.005 0.005 
119   ZFCC18    (0)   :  0.003 0.009 0.003 0.004 0.004 0.004 0.005 0.008 0.004 0.933 0.008 0.006 0.004 0.004 
120   ZFCC19    (0)   :  0.002 0.003 0.003 0.008 0.007 0.009 0.003 0.009 0.003 0.936 0.003 0.003 0.006 0.004 
121   ZFCC20    (0)   :  0.003 0.004 0.003 0.006 0.006 0.003 0.004 0.010 0.006 0.934 0.007 0.005 0.004 0.004 
122   ZFCC21    (0)   :  0.026 0.007 0.008 0.065 0.005 0.008 0.124 0.013 0.012 0.694 0.003 0.025 0.006 0.006 
123   ZFCC22    (0)   :  0.044 0.017 0.030 0.008 0.004 0.005 0.214 0.011 0.076 0.540 0.006 0.039 0.004 0.003 
124   ZFCC26    (0)   :  0.003 0.005 0.003 0.004 0.005 0.002 0.004 0.008 0.003 0.946 0.004 0.004 0.004 0.004 
125   ZFCC27    (0)   :  0.003 0.004 0.004 0.003 0.003 0.003 0.003 0.006 0.003 0.951 0.006 0.003 0.003 0.003 
126   ZFCC29    (0)   :  0.004 0.006 0.004 0.010 0.006 0.003 0.005 0.017 0.005 0.916 0.005 0.005 0.006 0.008 
127   ZFCC30    (0)   :  0.003 0.004 0.004 0.004 0.003 0.003 0.003 0.008 0.004 0.943 0.010 0.005 0.003 0.003 
128   ZFCC32    (0)   :  0.003 0.008 0.005 0.011 0.008 0.007 0.005 0.010 0.006 0.916 0.005 0.005 0.006 0.004 
129   ZFCC33    (0)   :  0.004 0.009 0.004 0.005 0.004 0.005 0.004 0.318 0.005 0.613 0.007 0.004 0.009 0.009 
130   ZFCC34    (0)   :  0.049 0.019 0.065 0.007 0.025 0.008 0.057 0.053 0.031 0.582 0.060 0.015 0.006 0.022 
131   ZFCC35    (0)   :  0.003 0.004 0.005 0.004 0.002 0.004 0.003 0.007 0.004 0.951 0.004 0.004 0.003 0.002 
132   ZFCC36    (0)   :  0.007 0.005 0.005 0.015 0.008 0.020 0.018 0.012 0.009 0.878 0.004 0.010 0.006 0.003 
133   ZFCC37    (0)   :  0.008 0.043 0.006 0.011 0.094 0.005 0.017 0.031 0.009 0.740 0.008 0.006 0.014 0.008 
134   ZFCC40    (0)   :  0.006 0.009 0.004 0.003 0.004 0.013 0.009 0.014 0.004 0.919 0.003 0.004 0.004 0.004 
135   ZFCC42    (0)   :  0.003 0.009 0.005 0.006 0.195 0.067 0.008 0.506 0.012 0.065 0.048 0.006 0.028 0.042 
136   ZFCC44    (0)   :  0.003 0.003 0.004 0.003 0.002 0.008 0.003 0.016 0.003 0.936 0.010 0.002 0.004 0.003 
137   ZFCC45    (9)   :  0.005 0.019 0.004 0.008 0.011 0.018 0.006 0.049 0.005 0.836 0.009 0.004 0.017 0.008 
138   ZFCC46    (0)   :  0.011 0.003 0.012 0.008 0.003 0.004 0.016 0.015 0.021 0.854 0.011 0.036 0.004 0.004 
139   ZFCC47    (0)   :  0.003 0.026 0.008 0.005 0.057 0.004 0.005 0.008 0.006 0.854 0.005 0.007 0.005 0.006 
140   ZFCC48    (0)   :  0.020 0.005 0.008 0.013 0.003 0.004 0.073 0.015 0.011 0.800 0.004 0.035 0.004 0.005 
141   ZFCC50    (0)   :  0.003 0.005 0.003 0.004 0.005 0.004 0.003 0.011 0.003 0.947 0.003 0.003 0.004 0.004 
142   ZFCC51    (0)   :  0.003 0.005 0.003 0.003 0.003 0.002 0.003 0.004 0.003 0.951 0.008 0.003 0.003 0.004 
143   ZFCC52    (0)   :  0.012 0.005 0.013 0.008 0.007 0.007 0.022 0.043 0.010 0.848 0.005 0.013 0.004 0.004 
144   ZFCC53    (0)   :  0.003 0.005 0.003 0.003 0.003 0.003 0.003 0.005 0.003 0.954 0.006 0.004 0.003 0.003 
145  ZFCNS01    (0)   :  0.006 0.003 0.004 0.041 0.010 0.029 0.008 0.003 0.040 0.006 0.817 0.003 0.026 0.002 
146  ZFCNS02    (0)   :  0.003 0.003 0.005 0.003 0.002 0.002 0.003 0.004 0.005 0.005 0.957 0.004 0.003 0.002 
147  ZFCNS05    (0)   :  0.007 0.005 0.007 0.005 0.003 0.002 0.007 0.006 0.007 0.007 0.931 0.005 0.003 0.005 
148  ZFCNS06    (0)   :  0.004 0.003 0.004 0.003 0.003 0.002 0.004 0.003 0.004 0.005 0.955 0.004 0.003 0.003 
149  ZFCNS07    (0)   :  0.005 0.003 0.010 0.003 0.002 0.002 0.004 0.003 0.006 0.003 0.942 0.010 0.003 0.003 
150  ZFCNS10    (0)   :  0.010 0.003 0.007 0.003 0.002 0.005 0.008 0.003 0.023 0.005 0.922 0.005 0.003 0.003 
151  ZFCNS11    (0)   :  0.005 0.003 0.004 0.019 0.007 0.012 0.007 0.003 0.017 0.007 0.898 0.004 0.013 0.002 
152  ZFCNS15    (0)   :  0.037 0.003 0.012 0.004 0.003 0.002 0.009 0.006 0.030 0.003 0.877 0.007 0.004 0.003 
153  ZFCNS17    (0)   :  0.004 0.003 0.004 0.003 0.002 0.002 0.004 0.004 0.004 0.005 0.955 0.004 0.003 0.002 
154  ZFCNS18    (0)   :  0.011 0.003 0.006 0.002 0.002 0.005 0.008 0.003 0.017 0.005 0.928 0.004 0.003 0.003 
155  ZFCNS19    (0)   :  0.003 0.003 0.003 0.003 0.002 0.002 0.003 0.003 0.004 0.005 0.961 0.004 0.002 0.003 
156  ZFCNS20    (0)   :  0.012 0.002 0.015 0.004 0.003 0.002 0.010 0.008 0.012 0.005 0.904 0.016 0.003 0.003 
157  ZFCNS21    (0)   :  0.003 0.003 0.003 0.003 0.002 0.002 0.003 0.004 0.005 0.004 0.961 0.002 0.003 0.002 
158  ZFCNS22    (0)   :  0.013 0.005 0.010 0.004 0.003 0.002 0.009 0.006 0.009 0.005 0.920 0.005 0.004 0.005 
159  ZFCNS23    (0)   :  0.004 0.005 0.004 0.008 0.008 0.012 0.008 0.023 0.005 0.013 0.885 0.012 0.008 0.004 
160  ZFCNS24    (0)   :  0.006 0.003 0.007 0.004 0.003 0.002 0.006 0.009 0.009 0.008 0.930 0.007 0.003 0.002 
161  ZFCNS25    (0)   :  0.009 0.003 0.016 0.004 0.003 0.002 0.007 0.009 0.013 0.006 0.912 0.009 0.003 0.002 
162  ZFCNS26    (0)   :  0.006 0.003 0.005 0.003 0.002 0.002 0.003 0.003 0.006 0.003 0.955 0.004 0.003 0.003 
163  ZFCNS27    (0)   :  0.034 0.003 0.026 0.004 0.003 0.002 0.010 0.007 0.045 0.003 0.849 0.009 0.004 0.003 
164  ZFCNS28    (0)   :  0.004 0.003 0.004 0.003 0.002 0.002 0.003 0.003 0.005 0.004 0.956 0.004 0.003 0.004 
165  ZFCNS29    (0)   :  0.006 0.004 0.008 0.004 0.003 0.002 0.007 0.007 0.007 0.008 0.931 0.004 0.004 0.004 
166  ZFCNS30    (0)   :  0.005 0.005 0.004 0.005 0.003 0.002 0.005 0.006 0.009 0.006 0.940 0.003 0.004 0.004 
167  ZFCNS31    (0)   :  0.004 0.003 0.003 0.003 0.002 0.002 0.003 0.003 0.006 0.003 0.957 0.004 0.003 0.003 
168  ZFCNS32    (0)   :  0.007 0.004 0.007 0.005 0.003 0.002 0.005 0.006 0.011 0.004 0.933 0.006 0.003 0.003 
169  ZFCNS33    (0)   :  0.003 0.003 0.003 0.003 0.002 0.002 0.003 0.003 0.005 0.003 0.960 0.004 0.003 0.003 
170  ZFCNS34    (0)   :  0.004 0.005 0.005 0.004 0.003 0.002 0.005 0.006 0.007 0.013 0.935 0.004 0.003 0.003 
171  ZFCNS35    (0)   :  0.013 0.013 0.012 0.004 0.003 0.002 0.012 0.003 0.022 0.008 0.884 0.004 0.003 0.018 
172  ZFCNS36    (0)   :  0.005 0.003 0.008 0.005 0.003 0.002 0.006 0.011 0.008 0.008 0.927 0.008 0.003 0.002 
173  ZFCNS37    (0)   :  0.005 0.004 0.007 0.004 0.003 0.002 0.005 0.007 0.148 0.005 0.791 0.008 0.008 0.003 
174  ZFCNS39    (0)   :  0.007 0.003 0.006 0.011 0.002 0.004 0.008 0.007 0.027 0.016 0.879 0.022 0.005 0.002 
175  ZFCNS40    (0)   :  0.006 0.003 0.015 0.007 0.003 0.003 0.009 0.013 0.169 0.024 0.636 0.107 0.004 0.003 
176  ZFCNS41    (0)   :  0.010 0.006 0.020 0.009 0.005 0.004 0.018 0.011 0.667 0.015 0.217 0.005 0.008 0.005 
177  ZFCNS42    (0)   :  0.005 0.002 0.004 0.003 0.002 0.002 0.003 0.004 0.007 0.003 0.955 0.003 0.003 0.002 
178  ZFCNS43    (0)   :  0.003 0.003 0.003 0.003 0.002 0.002 0.003 0.003 0.005 0.004 0.961 0.003 0.003 0.002 
179  ZFCNS44    (0)   :  0.012 0.003 0.004 0.002 0.002 0.005 0.008 0.004 0.019 0.006 0.926 0.003 0.003 0.003 
180  ZFCNS46    (0)   :  0.007 0.004 0.005 0.004 0.003 0.002 0.006 0.006 0.010 0.005 0.937 0.004 0.004 0.003 
181  ZFCNS47    (0)   :  0.003 0.003 0.004 0.003 0.002 0.002 0.003 0.003 0.005 0.004 0.961 0.003 0.002 0.003 
182  ZFCNS48    (0)   :  0.014 0.004 0.008 0.004 0.003 0.005 0.014 0.005 0.044 0.007 0.880 0.006 0.003 0.004 
183  ZFCNS49    (0)   :  0.030 0.003 0.007 0.003 0.002 0.004 0.009 0.003 0.039 0.003 0.886 0.004 0.003 0.004 
184   ZFCR01    (0)   :  0.030 0.100 0.008 0.006 0.031 0.006 0.045 0.003 0.005 0.029 0.003 0.016 0.691 0.029 
185   ZFCR02    (0)   :  0.010 0.007 0.073 0.023 0.010 0.017 0.048 0.051 0.008 0.064 0.007 0.035 0.123 0.524 
186   ZFCR03    (0)   :  0.032 0.036 0.017 0.178 0.084 0.037 0.183 0.052 0.006 0.027 0.003 0.025 0.046 0.274 
187   ZFCR04    (0)   :  0.025 0.115 0.017 0.046 0.019 0.031 0.013 0.006 0.038 0.023 0.013 0.036 0.234 0.384 
188   ZFCR05    (0)   :  0.007 0.200 0.007 0.289 0.016 0.024 0.008 0.007 0.007 0.066 0.004 0.007 0.260 0.099 
189   ZFCR06    (0)   :  0.066 0.033 0.071 0.052 0.018 0.004 0.038 0.007 0.057 0.039 0.067 0.023 0.405 0.121 
190   ZFCR07    (0)   :  0.010 0.011 0.005 0.359 0.021 0.007 0.015 0.050 0.041 0.011 0.061 0.003 0.354 0.052 
191   ZFCR08    (0)   :  0.024 0.103 0.008 0.007 0.031 0.030 0.031 0.034 0.012 0.069 0.005 0.035 0.588 0.021 
192   ZFCR09    (0)   :  0.036 0.025 0.078 0.028 0.294 0.060 0.155 0.016 0.062 0.026 0.014 0.020 0.049 0.136 
193   ZFCR11    (0)   :  0.008 0.102 0.028 0.225 0.035 0.009 0.008 0.004 0.133 0.016 0.011 0.003 0.197 0.221 
194   ZFCR12    (0)   :  0.020 0.006 0.019 0.387 0.004 0.005 0.009 0.011 0.086 0.016 0.121 0.025 0.251 0.042 
195   ZFCR13    (0)   :  0.108 0.006 0.050 0.378 0.004 0.003 0.017 0.006 0.008 0.007 0.007 0.005 0.378 0.022 
196   ZFCR14    (0)   :  0.010 0.033 0.009 0.477 0.007 0.012 0.008 0.008 0.009 0.022 0.006 0.033 0.289 0.077 
197   ZFCR15    (0)   :  0.020 0.036 0.016 0.123 0.005 0.014 0.026 0.013 0.013 0.018 0.005 0.110 0.404 0.197 
198   ZFCR16    (0)   :  0.017 0.018 0.018 0.064 0.007 0.004 0.044 0.004 0.008 0.011 0.003 0.048 0.469 0.286 
199   ZFCR18    (0)   :  0.009 0.006 0.056 0.008 0.005 0.004 0.012 0.071 0.010 0.019 0.010 0.012 0.017 0.762 
200   ZFCR19    (0)   :  0.022 0.020 0.019 0.088 0.160 0.005 0.012 0.006 0.008 0.017 0.005 0.309 0.022 0.306 
201   ZFCR20    (0)   :  0.086 0.156 0.016 0.220 0.076 0.005 0.155 0.031 0.009 0.008 0.004 0.011 0.112 0.111 
202   ZFCR21    (0)   :  0.010 0.021 0.007 0.574 0.005 0.004 0.014 0.007 0.009 0.024 0.003 0.017 0.277 0.028 
203   ZFCR22    (0)   :  0.009 0.002 0.008 0.722 0.016 0.003 0.010 0.006 0.005 0.004 0.003 0.015 0.139 0.057 
204   ZFCR23    (0)   :  0.185 0.008 0.025 0.369 0.017 0.036 0.062 0.003 0.022 0.003 0.004 0.005 0.223 0.038 
205   ZFCR24    (9)   :  0.440 0.027 0.019 0.172 0.056 0.004 0.094 0.009 0.007 0.009 0.004 0.006 0.086 0.067 
206   ZFCR25    (0)   :  0.004 0.020 0.003 0.513 0.062 0.003 0.005 0.007 0.005 0.007 0.003 0.004 0.321 0.044 
207   ZFCR26    (0)   :  0.012 0.010 0.020 0.713 0.123 0.004 0.015 0.010 0.010 0.027 0.006 0.023 0.022 0.005 
208   ZFCR27    (9)   :  0.004 0.033 0.003 0.043 0.073 0.003 0.004 0.003 0.003 0.007 0.003 0.003 0.801 0.014 
209   ZFCR28    (0)   :  0.022 0.008 0.035 0.013 0.005 0.006 0.243 0.007 0.015 0.009 0.021 0.067 0.545 0.004 
210   ZFCR29    (0)   :  0.013 0.030 0.008 0.726 0.015 0.006 0.010 0.005 0.006 0.007 0.002 0.005 0.041 0.128 
211   ZFCR30    (0)   :  0.005 0.010 0.004 0.760 0.016 0.010 0.004 0.004 0.006 0.006 0.004 0.004 0.137 0.030 
212   ZFCR31    (0)   :  0.052 0.016 0.083 0.068 0.064 0.013 0.106 0.026 0.060 0.014 0.035 0.025 0.032 0.407 
213   ZFCR33    (0)   :  0.010 0.070 0.006 0.021 0.015 0.023 0.013 0.011 0.016 0.032 0.007 0.011 0.758 0.007 
214   ZFCR34    (0)   :  0.028 0.007 0.010 0.494 0.013 0.020 0.041 0.004 0.036 0.014 0.010 0.011 0.119 0.193 
215   ZFCR35    (0)   :  0.013 0.008 0.005 0.022 0.010 0.007 0.007 0.009 0.012 0.023 0.010 0.011 0.030 0.834 
216   ZFCR36    (0)   :  0.010 0.012 0.005 0.435 0.022 0.033 0.011 0.005 0.007 0.010 0.015 0.005 0.091 0.341 
217   ZFCR37    (0)   :  0.004 0.056 0.003 0.637 0.041 0.019 0.004 0.020 0.004 0.051 0.004 0.004 0.108 0.045 
218   ZFCR38    (0)   :  0.006 0.053 0.007 0.032 0.050 0.008 0.011 0.011 0.009 0.040 0.007 0.015 0.741 0.008 
219   ZFCR39    (0)   :  0.020 0.013 0.036 0.011 0.043 0.189 0.084 0.044 0.012 0.097 0.003 0.029 0.391 0.029 
220   ZFCR40    (0)   :  0.020 0.014 0.005 0.085 0.018 0.041 0.015 0.005 0.014 0.033 0.004 0.005 0.720 0.021 
221   ZFCR41    (0)   :  0.008 0.017 0.007 0.429 0.004 0.004 0.011 0.007 0.116 0.087 0.015 0.018 0.239 0.038 
222   ZFCR42    (0)   :  0.036 0.014 0.017 0.373 0.023 0.046 0.029 0.011 0.025 0.061 0.012 0.021 0.314 0.018 
223   ZFCR43    (0)   :  0.156 0.014 0.052 0.222 0.006 0.006 0.010 0.005 0.006 0.006 0.004 0.005 0.337 0.174 
224  ZFENP25    (0)   :  0.009 0.042 0.003 0.007 0.005 0.005 0.015 0.006 0.005 0.017 0.003 0.009 0.871 0.005 
225  ZFENP26    (0)   :  0.002 0.006 0.003 0.004 0.007 0.007 0.002 0.004 0.004 0.004 0.003 0.003 0.944 0.006 
226  ZFENP27    (0)   :  0.024 0.030 0.006 0.007 0.035 0.015 0.041 0.039 0.028 0.189 0.048 0.014 0.505 0.019 
227  ZFENP28    (0)   :  0.004 0.023 0.005 0.012 0.016 0.009 0.003 0.005 0.005 0.011 0.010 0.004 0.885 0.009 
228  ZFENP29    (0)   :  0.005 0.005 0.003 0.010 0.005 0.005 0.004 0.006 0.004 0.008 0.004 0.003 0.933 0.005 
229  ZFENP30    (0)   :  0.004 0.009 0.007 0.010 0.009 0.011 0.007 0.109 0.005 0.029 0.010 0.007 0.776 0.007 
230  ZFENP31    (0)   :  0.004 0.038 0.009 0.012 0.059 0.225 0.005 0.374 0.004 0.011 0.005 0.004 0.215 0.034 
231  ZFENP32    (0)   :  0.009 0.037 0.025 0.018 0.034 0.142 0.024 0.150 0.016 0.011 0.024 0.007 0.201 0.303 
232  ZFENP33    (0)   :  0.008 0.043 0.006 0.033 0.018 0.010 0.008 0.040 0.007 0.005 0.005 0.003 0.804 0.012 
233  ZFENP34    (0)   :  0.005 0.607 0.008 0.008 0.024 0.006 0.006 0.078 0.006 0.021 0.012 0.005 0.190 0.024 
234  ZFENP35    (0)   :  0.014 0.008 0.004 0.008 0.006 0.072 0.009 0.008 0.018 0.005 0.014 0.005 0.816 0.014 
235  ZFENP36    (0)   :  0.002 0.006 0.002 0.009 0.010 0.012 0.003 0.008 0.004 0.003 0.011 0.002 0.917 0.009 
236  ZFENP37    (0)   :  0.008 0.422 0.004 0.022 0.010 0.102 0.009 0.009 0.008 0.008 0.008 0.004 0.375 0.012 
237  ZFENP38    (0)   :  0.006 0.025 0.005 0.371 0.022 0.023 0.007 0.018 0.009 0.018 0.019 0.005 0.463 0.008 
238  ZFENP39    (0)   :  0.004 0.022 0.003 0.014 0.009 0.010 0.004 0.005 0.004 0.011 0.005 0.003 0.890 0.015 
239  ZFENP40    (0)   :  0.009 0.018 0.007 0.008 0.015 0.029 0.010 0.013 0.006 0.007 0.005 0.004 0.852 0.018 
240  ZFENP41    (0)   :  0.007 0.017 0.006 0.007 0.006 0.023 0.006 0.046 0.007 0.054 0.008 0.007 0.789 0.017 
241  ZFENP42    (0)   :  0.004 0.004 0.003 0.061 0.006 0.227 0.004 0.009 0.005 0.006 0.003 0.005 0.659 0.004 
242  ZFENP43    (0)   :  0.007 0.033 0.007 0.083 0.031 0.016 0.008 0.008 0.042 0.031 0.058 0.005 0.662 0.009 
243  ZFENP44    (0)   :  0.012 0.025 0.005 0.031 0.011 0.129 0.014 0.026 0.021 0.019 0.016 0.003 0.682 0.006 
244  ZFENP45    (0)   :  0.020 0.012 0.033 0.039 0.014 0.148 0.018 0.021 0.014 0.017 0.010 0.322 0.325 0.008 
245  ZFENP46    (0)   :  0.021 0.031 0.008 0.055 0.017 0.016 0.012 0.011 0.020 0.003 0.008 0.005 0.784 0.008 
246  ZFENP47    (0)   :  0.017 0.017 0.016 0.008 0.025 0.192 0.014 0.035 0.005 0.078 0.004 0.124 0.366 0.100 
247  ZFENP48    (0)   :  0.006 0.533 0.018 0.013 0.025 0.011 0.013 0.254 0.007 0.017 0.008 0.011 0.073 0.011 
248  ZFENP49    (0)   :  0.023 0.005 0.015 0.019 0.027 0.006 0.015 0.178 0.009 0.010 0.005 0.018 0.615 0.056 
249  ZFENP50    (0)   :  0.022 0.006 0.022 0.100 0.019 0.049 0.048 0.006 0.012 0.004 0.004 0.007 0.694 0.007 
250  ZFENP51    (0)   :  0.004 0.014 0.004 0.013 0.446 0.033 0.004 0.033 0.005 0.009 0.007 0.057 0.345 0.027 
251  ZFENP52    (0)   :  0.004 0.003 0.004 0.012 0.005 0.009 0.005 0.007 0.017 0.010 0.012 0.005 0.904 0.003 
252  ZFENP53    (0)   :  0.019 0.009 0.034 0.025 0.010 0.016 0.031 0.008 0.017 0.008 0.009 0.022 0.784 0.006 
253  ZFENP54    (0)   :  0.022 0.010 0.038 0.036 0.009 0.007 0.066 0.028 0.014 0.022 0.004 0.009 0.700 0.034 
254  ZFENP55    (0)   :  0.004 0.025 0.005 0.654 0.029 0.012 0.005 0.010 0.004 0.003 0.004 0.004 0.202 0.038 
255  ZFENP56    (0)   :  0.004 0.009 0.004 0.084 0.027 0.005 0.004 0.011 0.011 0.007 0.011 0.006 0.803 0.014 
256  ZFENP57    (0)   :  0.005 0.020 0.003 0.023 0.018 0.072 0.007 0.016 0.008 0.004 0.012 0.002 0.797 0.013 
257  ZFENP58    (0)   :  0.005 0.005 0.009 0.038 0.018 0.005 0.018 0.289 0.015 0.021 0.018 0.125 0.409 0.027 
258  ZFENP59    (0)   :  0.004 0.009 0.005 0.007 0.007 0.027 0.004 0.031 0.005 0.048 0.005 0.004 0.830 0.013 
259  ZFENP60    (0)   :  0.011 0.035 0.009 0.014 0.012 0.016 0.011 0.006 0.008 0.011 0.007 0.014 0.815 0.031 
260  ZFENP61    (0)   :  0.004 0.017 0.003 0.010 0.008 0.007 0.003 0.008 0.004 0.012 0.004 0.003 0.894 0.022 
261 ZFFDSP01    (0)   :  0.167 0.004 0.008 0.006 0.003 0.003 0.707 0.004 0.055 0.004 0.017 0.014 0.003 0.006 
262 ZFFDSP02    (0)   :  0.921 0.003 0.005 0.003 0.002 0.002 0.039 0.003 0.006 0.004 0.003 0.004 0.002 0.002 
263 ZFFDSP04    (0)   :  0.444 0.004 0.014 0.005 0.003 0.002 0.487 0.003 0.011 0.004 0.003 0.012 0.002 0.004 
264 ZFFDSP05    (0)   :  0.854 0.003 0.012 0.008 0.003 0.003 0.043 0.003 0.045 0.004 0.005 0.009 0.003 0.003 
265 ZFFDSP06    (0)   :  0.334 0.012 0.133 0.005 0.002 0.002 0.437 0.003 0.034 0.014 0.003 0.015 0.003 0.002 
266 ZFFDSP07    (0)   :  0.221 0.004 0.023 0.008 0.004 0.006 0.623 0.030 0.007 0.013 0.004 0.049 0.005 0.003 
267 ZFFDSP08    (0)   :  0.144 0.003 0.182 0.009 0.004 0.005 0.428 0.039 0.038 0.011 0.014 0.117 0.005 0.003 
268 ZFFDSP10    (0)   :  0.608 0.004 0.020 0.008 0.005 0.006 0.275 0.016 0.021 0.006 0.005 0.018 0.005 0.003 
269 ZFFDSP11    (0)   :  0.464 0.004 0.023 0.008 0.003 0.003 0.454 0.003 0.014 0.004 0.004 0.008 0.003 0.005 
270 ZFFDSP12    (0)   :  0.162 0.003 0.370 0.004 0.003 0.003 0.411 0.005 0.015 0.003 0.005 0.011 0.004 0.002 
271 ZFFDSP13    (0)   :  0.061 0.004 0.017 0.008 0.003 0.004 0.057 0.009 0.799 0.009 0.016 0.005 0.006 0.004 
272 ZFFDSP14    (0)   :  0.339 0.005 0.013 0.007 0.004 0.004 0.574 0.009 0.007 0.007 0.004 0.022 0.004 0.003 
273 ZFFDSP16    (0)   :  0.055 0.007 0.015 0.007 0.003 0.004 0.862 0.004 0.009 0.007 0.012 0.004 0.006 0.005 
274 ZFFDSP17    (0)   :  0.154 0.006 0.019 0.008 0.003 0.002 0.760 0.005 0.019 0.005 0.005 0.007 0.004 0.004 
275 ZFFDSP18    (0)   :  0.782 0.007 0.021 0.004 0.003 0.002 0.139 0.003 0.005 0.006 0.004 0.017 0.003 0.005 
276 ZFFDSP19    (0)   :  0.108 0.006 0.020 0.004 0.003 0.002 0.665 0.004 0.034 0.023 0.105 0.019 0.003 0.004 
277 ZFFDSP21    (0)   :  0.203 0.004 0.012 0.004 0.002 0.003 0.470 0.004 0.193 0.018 0.075 0.007 0.003 0.003 
278 ZFFDSP22    (0)   :  0.224 0.003 0.057 0.005 0.002 0.002 0.582 0.004 0.009 0.005 0.004 0.096 0.003 0.002 
279 ZFFDSP23    (0)   :  0.834 0.003 0.010 0.005 0.002 0.002 0.026 0.003 0.034 0.004 0.007 0.065 0.002 0.002 
280 ZFFDSP24    (0)   :  0.928 0.004 0.007 0.004 0.003 0.002 0.011 0.004 0.014 0.004 0.007 0.006 0.003 0.004 
281 ZFFDSP26    (9)   :  0.843 0.003 0.024 0.005 0.003 0.003 0.055 0.004 0.031 0.004 0.006 0.013 0.003 0.003 
282 ZFFDSP27    (0)   :  0.903 0.005 0.010 0.003 0.003 0.002 0.037 0.003 0.011 0.004 0.006 0.005 0.003 0.003 
283 ZFFDSP28    (0)   :  0.760 0.019 0.018 0.012 0.020 0.006 0.089 0.017 0.014 0.007 0.004 0.008 0.006 0.020 
284 ZFFDSP30    (0)   :  0.064 0.007 0.011 0.005 0.004 0.006 0.692 0.005 0.112 0.004 0.042 0.006 0.003 0.038 
285 ZFFDSP31    (0)   :  0.231 0.011 0.631 0.007 0.002 0.002 0.037 0.006 0.043 0.005 0.010 0.006 0.005 0.003 
286 ZFFDSP32    (0)   :  0.504 0.004 0.007 0.004 0.003 0.003 0.444 0.004 0.010 0.003 0.004 0.005 0.003 0.002 
287 ZFFDSP33    (0)   :  0.702 0.003 0.025 0.003 0.002 0.003 0.220 0.003 0.019 0.002 0.005 0.007 0.003 0.002 
288 ZFFDSP34    (0)   :  0.522 0.009 0.335 0.006 0.002 0.002 0.040 0.005 0.037 0.013 0.006 0.015 0.003 0.003 
289 ZFFDSP35    (0)   :  0.885 0.004 0.008 0.005 0.003 0.002 0.037 0.003 0.032 0.004 0.004 0.006 0.003 0.004 
290 ZFFDSP37    (0)   :  0.897 0.004 0.007 0.003 0.003 0.002 0.057 0.003 0.007 0.003 0.004 0.004 0.003 0.003 
291 ZFFDSP38    (0)   :  0.941 0.004 0.010 0.004 0.003 0.002 0.009 0.004 0.006 0.003 0.005 0.004 0.003 0.004 
292 ZFFDSP39    (0)   :  0.912 0.003 0.009 0.003 0.002 0.002 0.008 0.003 0.038 0.003 0.005 0.006 0.003 0.003 
293 ZFFDSP40    (0)   :  0.942 0.003 0.007 0.003 0.002 0.002 0.010 0.003 0.009 0.003 0.006 0.004 0.002 0.003 
294 ZFFDSP42    (0)   :  0.870 0.003 0.021 0.004 0.002 0.002 0.015 0.003 0.019 0.004 0.005 0.046 0.002 0.003 
295 ZFFDSP43    (0)   :  0.939 0.003 0.009 0.003 0.002 0.002 0.007 0.002 0.009 0.003 0.007 0.007 0.002 0.003 
296 ZFFDSP44    (0)   :  0.859 0.004 0.013 0.004 0.003 0.003 0.068 0.004 0.020 0.003 0.007 0.005 0.003 0.004 
297 ZFFDSP45    (0)   :  0.950 0.003 0.006 0.003 0.002 0.002 0.007 0.003 0.006 0.004 0.004 0.004 0.003 0.003 
298 ZFFDSP46    (0)   :  0.929 0.003 0.008 0.003 0.002 0.002 0.017 0.004 0.008 0.003 0.005 0.009 0.003 0.003 
299 ZFFDSP47    (0)   :  0.801 0.003 0.012 0.005 0.003 0.003 0.016 0.004 0.121 0.004 0.011 0.012 0.003 0.003 
300 ZFFDSP48    (0)   :  0.939 0.003 0.006 0.003 0.002 0.002 0.006 0.003 0.015 0.003 0.008 0.004 0.003 0.003 
301    ZFI01    (0)   :  0.004 0.036 0.004 0.009 0.104 0.008 0.006 0.014 0.005 0.009 0.010 0.005 0.009 0.776 
302    ZFI02    (0)   :  0.005 0.020 0.005 0.006 0.044 0.004 0.005 0.004 0.005 0.004 0.009 0.004 0.006 0.879 
303    ZFI03    (0)   :  0.004 0.050 0.004 0.009 0.009 0.003 0.004 0.005 0.004 0.006 0.008 0.003 0.006 0.884 
304    ZFI04    (0)   :  0.004 0.759 0.003 0.007 0.103 0.005 0.004 0.004 0.004 0.004 0.006 0.003 0.007 0.087 
305    ZFI05    (0)   :  0.004 0.007 0.004 0.005 0.006 0.003 0.005 0.008 0.006 0.004 0.017 0.003 0.008 0.920 
306    ZFI06    (0)   :  0.021 0.025 0.009 0.008 0.034 0.004 0.018 0.006 0.028 0.004 0.087 0.003 0.023 0.730 
307    ZFI07    (0)   :  0.004 0.617 0.003 0.005 0.009 0.003 0.004 0.007 0.004 0.005 0.005 0.002 0.006 0.325 
308    ZFI08    (0)   :  0.004 0.105 0.004 0.013 0.053 0.004 0.004 0.006 0.003 0.007 0.005 0.003 0.011 0.779 
309    ZFI09    (0)   :  0.004 0.022 0.004 0.006 0.029 0.003 0.004 0.005 0.004 0.004 0.007 0.003 0.009 0.895 
310    ZFI10    (0)   :  0.005 0.050 0.005 0.008 0.030 0.007 0.006 0.006 0.007 0.005 0.076 0.004 0.007 0.784 
311    ZFI11    (0)   :  0.003 0.092 0.003 0.007 0.156 0.004 0.005 0.007 0.006 0.004 0.014 0.003 0.008 0.688 
312    ZFI12    (0)   :  0.004 0.109 0.005 0.012 0.008 0.003 0.005 0.006 0.007 0.007 0.016 0.004 0.006 0.807 
313    ZFI13    (0)   :  0.004 0.019 0.004 0.006 0.007 0.008 0.006 0.019 0.004 0.007 0.007 0.003 0.008 0.900 
314    ZFI14    (0)   :  0.008 0.010 0.006 0.004 0.005 0.004 0.008 0.005 0.006 0.004 0.006 0.003 0.005 0.926 
315    ZFI15    (0)   :  0.004 0.009 0.003 0.004 0.005 0.003 0.004 0.006 0.004 0.004 0.005 0.003 0.006 0.941 
316    ZFI16    (0)   :  0.004 0.016 0.003 0.005 0.004 0.003 0.004 0.004 0.004 0.005 0.006 0.002 0.005 0.936 
317    ZFI17    (0)   :  0.004 0.076 0.004 0.006 0.011 0.006 0.004 0.006 0.005 0.004 0.014 0.003 0.010 0.848 
318    ZFI18    (0)   :  0.003 0.018 0.003 0.004 0.008 0.007 0.003 0.005 0.004 0.003 0.007 0.002 0.008 0.926 
319    ZFI19    (9)   :  0.003 0.010 0.003 0.005 0.006 0.003 0.003 0.006 0.003 0.003 0.005 0.002 0.004 0.943 
320    ZFI20    (0)   :  0.006 0.008 0.004 0.005 0.005 0.004 0.005 0.003 0.004 0.004 0.005 0.003 0.004 0.942 
321    ZFI21    (0)   :  0.010 0.005 0.004 0.004 0.003 0.003 0.011 0.004 0.009 0.003 0.007 0.003 0.003 0.930 
322    ZFI22    (0)   :  0.006 0.022 0.005 0.005 0.025 0.003 0.005 0.004 0.004 0.007 0.004 0.004 0.006 0.900 
323    ZFI23    (0)   :  0.004 0.030 0.004 0.006 0.006 0.003 0.004 0.005 0.005 0.004 0.008 0.003 0.006 0.913 
324    ZFI24    (0)   :  0.004 0.066 0.005 0.010 0.007 0.003 0.006 0.008 0.006 0.008 0.012 0.004 0.006 0.854 
