

----------------------------------------------------
STRUCTURE by Pritchard, Stephens and Donnelly (2000)
     and Falush, Stephens and Pritchard (2003)
       Code by Pritchard, Falush and Hubisz
             Version 2.3.4 (Jul 2012)
----------------------------------------------------



Command line arguments:   bin\structure -m C:\Users\eschumacher\Documents\GitHub\GCC_QUAC_ZAIN\Data_Files\Structure_Files\ZAIN\ZAIN_wild_rebinned_nopopinfo\50-50\mainparams -e C:\Users\eschumacher\Documents\GitHub\GCC_QUAC_ZAIN\Data_Files\Structure_Files\ZAIN\ZAIN_wild_rebinned_nopopinfo\50-50\extraparams 
Input File:    C:\Users\eschumacher\Documents\GitHub\GCC_QUAC_ZAIN\Data_Files\Structure_Files\ZAIN\ZAIN_wild_rebinned_nopopinfo\project_data

Run parameters:
   751 individuals
   11 loci
   7 populations assumed
   50000 Burn-in period
   50000 Reps


--------------------------------------------
Overall proportion of membership of the
sample in each of the 7 clusters

Inferred Clusters
  1      2      3      4      5      6      7    
0.118  0.186  0.143  0.176  0.108  0.201  0.069  

--------------------------------------------

Allele-freq. divergence among pops (Net nucleotide distance),
computed using point estimates of P.

      1       2       3       4       5       6       7      
 1      -    0.1507  0.1221  0.0982  0.2053  0.1628  0.1799  
 2   0.1507     -    0.2214  0.0931  0.1546  0.2191  0.3301  
 3   0.1221  0.2214     -    0.1213  0.2790  0.1066  0.1724  
 4   0.0982  0.0931  0.1213     -    0.1261  0.1438  0.1994  
 5   0.2053  0.1546  0.2790  0.1261     -    0.2687  0.3385  
 6   0.1628  0.2191  0.1066  0.1438  0.2687     -    0.1062  
 7   0.1799  0.3301  0.1724  0.1994  0.3385  0.1062     -    

Average distances (expected heterozygosity) between individuals in same cluster:
cluster  1  : 0.4358 
cluster  2  : 0.4692 
cluster  3  : 0.3952 
cluster  4  : 0.5627 
cluster  5  : 0.4317 
cluster  6  : 0.4132 
cluster  7  : 0.3698 

--------------------------------------------
Estimated Ln Prob of Data   = -14234.4
Mean value of ln likelihood = -13941.1
Variance of ln likelihood   = 586.7
Mean value of alpha         = 0.0328

Mean value of Fst_1         = 0.3985
Mean value of Fst_2         = 0.3577
Mean value of Fst_3         = 0.4701
Mean value of Fst_4         = 0.1228
Mean value of Fst_5         = 0.4190
Mean value of Fst_6         = 0.3501
Mean value of Fst_7         = 0.4252


Inferred ancestry of individuals:
        Label (%Miss) :  Inferred clusters
  1    ZFB01    (0)   :  0.004 0.973 0.004 0.004 0.009 0.005 0.003 
  2    ZFB02    (0)   :  0.009 0.928 0.002 0.007 0.047 0.003 0.003 
  3    ZFB03    (0)   :  0.005 0.970 0.007 0.007 0.004 0.005 0.002 
  4    ZFB04    (0)   :  0.006 0.919 0.003 0.006 0.060 0.004 0.002 
  5    ZFB05    (0)   :  0.011 0.706 0.008 0.082 0.180 0.003 0.011 
  6    ZFB06    (0)   :  0.010 0.797 0.008 0.070 0.099 0.003 0.014 
  7    ZFB07    (9)   :  0.005 0.962 0.006 0.008 0.009 0.007 0.004 
  8    ZFB08    (0)   :  0.006 0.964 0.005 0.007 0.005 0.006 0.006 
  9    ZFB09    (0)   :  0.004 0.978 0.003 0.005 0.005 0.003 0.003 
 10    ZFB10    (0)   :  0.007 0.947 0.004 0.005 0.010 0.021 0.006 
 11    ZFB11    (0)   :  0.007 0.951 0.003 0.004 0.021 0.009 0.003 
 12    ZFB12    (0)   :  0.005 0.913 0.009 0.022 0.037 0.010 0.004 
 13    ZFB13    (0)   :  0.005 0.957 0.005 0.011 0.007 0.009 0.006 
 14    ZFB14    (0)   :  0.006 0.974 0.003 0.004 0.004 0.005 0.003 
 15    ZFB15    (0)   :  0.003 0.972 0.003 0.004 0.013 0.003 0.002 
 16    ZFB16    (0)   :  0.004 0.962 0.004 0.007 0.014 0.006 0.004 
 17    ZFB17    (0)   :  0.025 0.885 0.007 0.025 0.034 0.012 0.012 
 18    ZFB18    (0)   :  0.004 0.978 0.002 0.004 0.004 0.004 0.003 
 19    ZFB19    (0)   :  0.005 0.918 0.010 0.018 0.009 0.032 0.008 
 20    ZFB20    (0)   :  0.004 0.939 0.004 0.008 0.035 0.007 0.004 
 21    ZFB21    (0)   :  0.003 0.973 0.003 0.005 0.010 0.003 0.002 
 22    ZFB22    (0)   :  0.009 0.881 0.007 0.011 0.068 0.012 0.012 
 23    ZFB23    (0)   :  0.006 0.937 0.004 0.006 0.034 0.009 0.003 
 24    ZFB24    (0)   :  0.006 0.929 0.003 0.005 0.047 0.007 0.003 
 25    ZFB25    (0)   :  0.004 0.952 0.006 0.003 0.006 0.025 0.005 
 26    ZFB26    (0)   :  0.008 0.869 0.005 0.006 0.086 0.022 0.005 
 27    ZFB27    (0)   :  0.005 0.881 0.004 0.004 0.095 0.008 0.003 
 28    ZFB28    (0)   :  0.013 0.812 0.007 0.031 0.126 0.008 0.003 
 29    ZFB29    (0)   :  0.010 0.955 0.002 0.006 0.021 0.004 0.003 
 30    ZFB30    (0)   :  0.005 0.708 0.012 0.039 0.218 0.005 0.014 
 31    ZFB31    (0)   :  0.004 0.962 0.005 0.004 0.006 0.014 0.004 
 32    ZFB32    (0)   :  0.034 0.814 0.012 0.041 0.077 0.018 0.004 
 33    ZFB33    (0)   :  0.003 0.971 0.003 0.004 0.012 0.004 0.002 
 34    ZFB34    (0)   :  0.005 0.978 0.003 0.004 0.003 0.004 0.003 
 35    ZFB35    (0)   :  0.006 0.967 0.004 0.005 0.009 0.006 0.004 
 36  ZFBP101    (0)   :  0.155 0.010 0.090 0.012 0.010 0.685 0.038 
 37  ZFBP102    (0)   :  0.020 0.014 0.020 0.015 0.013 0.906 0.013 
 38  ZFBP103    (0)   :  0.261 0.008 0.282 0.010 0.007 0.417 0.015 
 39  ZFBP104    (0)   :  0.004 0.041 0.078 0.040 0.012 0.818 0.008 
 40  ZFBP105    (0)   :  0.006 0.006 0.029 0.006 0.005 0.943 0.005 
 41  ZFBP106    (0)   :  0.008 0.003 0.041 0.004 0.003 0.931 0.009 
 42  ZFBP107    (0)   :  0.008 0.006 0.052 0.009 0.014 0.907 0.004 
 43  ZFBP108    (0)   :  0.003 0.003 0.006 0.003 0.003 0.977 0.005 
 44  ZFBP109    (0)   :  0.004 0.004 0.007 0.004 0.002 0.973 0.005 
 45  ZFBP110    (0)   :  0.041 0.052 0.172 0.036 0.010 0.682 0.007 
 46  ZFBP111    (0)   :  0.005 0.003 0.052 0.008 0.004 0.695 0.233 
 47  ZFBP112    (0)   :  0.013 0.004 0.012 0.005 0.005 0.925 0.037 
 48  ZFBP113    (0)   :  0.003 0.003 0.006 0.005 0.004 0.975 0.004 
 49  ZFBP114    (0)   :  0.006 0.004 0.012 0.005 0.006 0.961 0.006 
 50  ZFBP115    (0)   :  0.014 0.003 0.401 0.007 0.004 0.553 0.018 
 51  ZFBP116    (0)   :  0.005 0.003 0.009 0.006 0.004 0.969 0.006 
 52  ZFBP117    (0)   :  0.008 0.003 0.011 0.004 0.002 0.965 0.007 
 53  ZFBP118    (0)   :  0.005 0.003 0.011 0.004 0.007 0.961 0.009 
 54  ZFBP119    (0)   :  0.036 0.004 0.111 0.007 0.003 0.819 0.020 
 55  ZFBP120    (0)   :  0.004 0.006 0.034 0.006 0.005 0.939 0.005 
 56  ZFBP121    (0)   :  0.009 0.005 0.011 0.004 0.003 0.962 0.005 
 57  ZFBP122    (9)   :  0.005 0.003 0.011 0.005 0.003 0.961 0.012 
 58  ZFBP123    (0)   :  0.015 0.003 0.007 0.006 0.007 0.946 0.016 
 59  ZFBP124    (0)   :  0.005 0.006 0.006 0.004 0.004 0.970 0.005 
 60  ZFBP125    (0)   :  0.006 0.003 0.012 0.003 0.002 0.958 0.015 
 61  ZFBP126    (0)   :  0.026 0.010 0.005 0.019 0.012 0.922 0.006 
 62  ZFBP127    (0)   :  0.013 0.003 0.058 0.004 0.003 0.916 0.004 
 63  ZFBP128    (0)   :  0.011 0.004 0.015 0.003 0.002 0.945 0.019 
 64  ZFBP129    (0)   :  0.009 0.005 0.007 0.005 0.003 0.842 0.129 
 65  ZFBP130    (0)   :  0.018 0.002 0.017 0.004 0.003 0.906 0.051 
 66  ZFBP131    (0)   :  0.004 0.004 0.004 0.004 0.003 0.976 0.005 
 67  ZFBP132    (0)   :  0.004 0.004 0.010 0.004 0.003 0.973 0.004 
 68  ZFBP133    (0)   :  0.007 0.003 0.004 0.003 0.002 0.850 0.131 
 69  ZFBP134    (0)   :  0.040 0.004 0.172 0.005 0.003 0.760 0.014 
 70  ZFBP135    (0)   :  0.257 0.015 0.035 0.009 0.006 0.666 0.013 
 71  ZFBP136    (0)   :  0.131 0.004 0.064 0.006 0.008 0.744 0.044 
 72  ZFBP201    (0)   :  0.005 0.005 0.010 0.006 0.006 0.963 0.004 
 73  ZFBP202    (0)   :  0.004 0.006 0.012 0.004 0.003 0.964 0.007 
 74  ZFBP203    (0)   :  0.006 0.006 0.007 0.028 0.040 0.894 0.018 
 75  ZFBP204    (0)   :  0.016 0.004 0.050 0.006 0.004 0.901 0.018 
 76  ZFBP205    (0)   :  0.010 0.003 0.004 0.004 0.005 0.963 0.011 
 77  ZFBP206    (0)   :  0.016 0.005 0.006 0.006 0.007 0.914 0.047 
 78  ZFBP207    (0)   :  0.013 0.004 0.182 0.004 0.003 0.785 0.008 
 79  ZFBP208    (0)   :  0.009 0.004 0.005 0.008 0.012 0.955 0.009 
 80  ZFBP209    (0)   :  0.008 0.003 0.004 0.003 0.002 0.909 0.070 
 81  ZFBP210    (0)   :  0.005 0.005 0.010 0.007 0.007 0.950 0.015 
 82  ZFBP211    (0)   :  0.005 0.006 0.009 0.004 0.003 0.968 0.004 
 83  ZFBP212    (0)   :  0.003 0.005 0.048 0.003 0.003 0.933 0.005 
 84  ZFBP213    (0)   :  0.015 0.009 0.010 0.006 0.005 0.942 0.012 
 85  ZFBP214    (0)   :  0.046 0.014 0.035 0.017 0.005 0.811 0.071 
 86  ZFBP215    (0)   :  0.006 0.004 0.007 0.004 0.003 0.971 0.006 
 87  ZFBP216    (0)   :  0.005 0.004 0.010 0.012 0.007 0.958 0.005 
 88  ZFBP217    (0)   :  0.007 0.008 0.064 0.013 0.004 0.678 0.227 
 89  ZFBP218    (0)   :  0.003 0.003 0.005 0.003 0.003 0.974 0.010 
 90  ZFBP219    (0)   :  0.003 0.003 0.005 0.005 0.003 0.976 0.004 
 91  ZFBP220    (0)   :  0.016 0.003 0.030 0.005 0.003 0.905 0.038 
 92  ZFBP221    (0)   :  0.003 0.004 0.020 0.004 0.003 0.959 0.007 
 93  ZFBP222    (0)   :  0.008 0.005 0.004 0.005 0.005 0.964 0.009 
 94  ZFBP223    (0)   :  0.009 0.008 0.162 0.007 0.005 0.800 0.009 
 95  ZFBP224    (0)   :  0.006 0.004 0.007 0.006 0.004 0.966 0.006 
 96  ZFBP225    (0)   :  0.013 0.003 0.117 0.014 0.008 0.486 0.359 
 97  ZFBP226    (0)   :  0.004 0.003 0.006 0.004 0.004 0.973 0.005 
 98  ZFBP227    (0)   :  0.007 0.026 0.040 0.129 0.015 0.776 0.007 
 99  ZFBP228    (0)   :  0.016 0.005 0.142 0.004 0.003 0.823 0.007 
100  ZFBP229    (0)   :  0.006 0.003 0.007 0.005 0.003 0.960 0.017 
101  ZFBP230    (0)   :  0.023 0.003 0.021 0.006 0.003 0.912 0.031 
102  ZFBP231    (0)   :  0.006 0.005 0.009 0.005 0.004 0.966 0.005 
103  ZFBP232    (0)   :  0.004 0.003 0.005 0.003 0.003 0.974 0.007 
104  ZFBP233    (0)   :  0.006 0.006 0.008 0.005 0.004 0.957 0.014 
105   ZFCC01    (0)   :  0.970 0.009 0.004 0.004 0.005 0.004 0.005 
106   ZFCC03    (0)   :  0.974 0.005 0.006 0.003 0.003 0.004 0.005 
107   ZFCC04    (0)   :  0.972 0.005 0.005 0.004 0.003 0.004 0.006 
108   ZFCC05    (0)   :  0.963 0.008 0.009 0.006 0.004 0.006 0.006 
109   ZFCC08    (0)   :  0.957 0.005 0.007 0.004 0.003 0.010 0.015 
110   ZFCC09    (0)   :  0.974 0.007 0.005 0.003 0.003 0.004 0.003 
111   ZFCC10    (0)   :  0.968 0.012 0.004 0.004 0.004 0.005 0.004 
112   ZFCC11    (0)   :  0.971 0.006 0.007 0.004 0.003 0.005 0.005 
113   ZFCC12    (0)   :  0.904 0.018 0.008 0.010 0.050 0.006 0.005 
114   ZFCC13    (0)   :  0.955 0.004 0.011 0.007 0.007 0.008 0.008 
115   ZFCC14    (0)   :  0.960 0.010 0.004 0.005 0.005 0.009 0.007 
116   ZFCC15    (0)   :  0.970 0.004 0.005 0.007 0.005 0.004 0.005 
117   ZFCC16    (0)   :  0.975 0.005 0.004 0.004 0.004 0.003 0.005 
118   ZFCC17    (0)   :  0.972 0.005 0.004 0.004 0.008 0.003 0.003 
119   ZFCC18    (0)   :  0.970 0.006 0.005 0.004 0.004 0.004 0.007 
120   ZFCC19    (0)   :  0.971 0.004 0.003 0.007 0.007 0.003 0.004 
121   ZFCC20    (0)   :  0.972 0.004 0.007 0.005 0.003 0.004 0.006 
122   ZFCC21    (0)   :  0.906 0.006 0.006 0.014 0.005 0.026 0.036 
123   ZFCC22    (0)   :  0.767 0.007 0.017 0.004 0.004 0.153 0.048 
124   ZFCC26    (0)   :  0.975 0.005 0.004 0.004 0.003 0.004 0.004 
125   ZFCC27    (0)   :  0.978 0.004 0.005 0.004 0.003 0.003 0.004 
126   ZFCC29    (0)   :  0.967 0.007 0.005 0.007 0.004 0.004 0.005 
127   ZFCC30    (0)   :  0.976 0.003 0.006 0.003 0.003 0.003 0.005 
128   ZFCC32    (0)   :  0.964 0.005 0.007 0.007 0.007 0.004 0.006 
129   ZFCC33    (0)   :  0.972 0.006 0.006 0.005 0.004 0.004 0.003 
130   ZFCC34    (0)   :  0.860 0.018 0.041 0.006 0.015 0.045 0.015 
131   ZFCC35    (0)   :  0.978 0.003 0.004 0.003 0.003 0.004 0.005 
132   ZFCC36    (0)   :  0.954 0.004 0.005 0.007 0.011 0.008 0.010 
133   ZFCC37    (0)   :  0.900 0.021 0.008 0.013 0.045 0.008 0.005 
134   ZFCC40    (0)   :  0.972 0.007 0.003 0.003 0.006 0.006 0.004 
135   ZFCC42    (0)   :  0.344 0.013 0.055 0.010 0.556 0.007 0.015 
136   ZFCC44    (0)   :  0.978 0.003 0.006 0.003 0.004 0.003 0.003 
137   ZFCC45    (9)   :  0.951 0.011 0.006 0.009 0.014 0.006 0.004 
138   ZFCC46    (0)   :  0.948 0.003 0.013 0.004 0.003 0.008 0.021 
139   ZFCC47    (0)   :  0.934 0.016 0.007 0.005 0.026 0.005 0.007 
140   ZFCC48    (0)   :  0.930 0.006 0.006 0.006 0.003 0.018 0.031 
141   ZFCC50    (0)   :  0.976 0.005 0.004 0.004 0.005 0.003 0.003 
142   ZFCC51    (0)   :  0.977 0.004 0.006 0.003 0.003 0.003 0.004 
143   ZFCC52    (0)   :  0.960 0.004 0.006 0.004 0.005 0.009 0.012 
144   ZFCC53    (0)   :  0.979 0.004 0.004 0.003 0.003 0.003 0.004 
145  ZFCNS01    (0)   :  0.005 0.003 0.970 0.009 0.006 0.004 0.003 
146  ZFCNS02    (0)   :  0.009 0.003 0.971 0.003 0.003 0.005 0.006 
147  ZFCNS05    (0)   :  0.009 0.005 0.966 0.004 0.003 0.007 0.006 
148  ZFCNS06    (0)   :  0.008 0.004 0.971 0.003 0.003 0.005 0.006 
149  ZFCNS07    (0)   :  0.005 0.004 0.961 0.004 0.003 0.009 0.014 
150  ZFCNS10    (0)   :  0.005 0.003 0.977 0.003 0.003 0.005 0.005 
151  ZFCNS11    (0)   :  0.006 0.003 0.976 0.005 0.004 0.003 0.004 
152  ZFCNS15    (0)   :  0.004 0.004 0.966 0.003 0.003 0.014 0.006 
153  ZFCNS17    (0)   :  0.012 0.003 0.969 0.003 0.003 0.005 0.005 
154  ZFCNS18    (0)   :  0.006 0.003 0.978 0.003 0.003 0.005 0.004 
155  ZFCNS19    (0)   :  0.007 0.003 0.976 0.003 0.003 0.003 0.005 
156  ZFCNS20    (0)   :  0.008 0.003 0.959 0.004 0.003 0.010 0.014 
157  ZFCNS21    (0)   :  0.007 0.003 0.979 0.003 0.002 0.004 0.003 
158  ZFCNS22    (0)   :  0.007 0.005 0.964 0.004 0.003 0.012 0.005 
159  ZFCNS23    (0)   :  0.025 0.006 0.925 0.010 0.012 0.007 0.015 
160  ZFCNS24    (0)   :  0.017 0.003 0.963 0.004 0.003 0.005 0.005 
161  ZFCNS25    (0)   :  0.008 0.003 0.966 0.004 0.003 0.009 0.007 
162  ZFCNS26    (0)   :  0.004 0.004 0.977 0.003 0.002 0.005 0.004 
163  ZFCNS27    (0)   :  0.004 0.004 0.963 0.003 0.003 0.016 0.007 
164  ZFCNS28    (0)   :  0.006 0.005 0.974 0.003 0.003 0.005 0.005 
165  ZFCNS29    (0)   :  0.011 0.004 0.966 0.004 0.003 0.008 0.005 
166  ZFCNS30    (0)   :  0.008 0.004 0.974 0.004 0.003 0.004 0.004 
167  ZFCNS31    (0)   :  0.005 0.003 0.977 0.003 0.003 0.004 0.005 
168  ZFCNS32    (0)   :  0.006 0.004 0.974 0.004 0.003 0.004 0.005 
169  ZFCNS33    (0)   :  0.004 0.003 0.977 0.003 0.003 0.004 0.005 
170  ZFCNS34    (0)   :  0.021 0.004 0.959 0.004 0.003 0.005 0.005 
171  ZFCNS35    (0)   :  0.005 0.005 0.975 0.003 0.003 0.005 0.004 
172  ZFCNS36    (0)   :  0.036 0.003 0.942 0.004 0.003 0.005 0.007 
173  ZFCNS37    (0)   :  0.006 0.003 0.978 0.004 0.003 0.004 0.003 
174  ZFCNS39    (0)   :  0.008 0.003 0.974 0.004 0.003 0.003 0.006 
175  ZFCNS40    (0)   :  0.021 0.003 0.950 0.004 0.003 0.005 0.015 
176  ZFCNS41    (0)   :  0.010 0.005 0.958 0.008 0.004 0.011 0.005 
177  ZFCNS42    (0)   :  0.004 0.003 0.978 0.003 0.002 0.005 0.003 
178  ZFCNS43    (0)   :  0.008 0.003 0.976 0.003 0.002 0.004 0.003 
179  ZFCNS44    (0)   :  0.005 0.003 0.979 0.003 0.003 0.005 0.003 
180  ZFCNS46    (0)   :  0.006 0.003 0.975 0.004 0.003 0.006 0.004 
181  ZFCNS47    (0)   :  0.006 0.003 0.978 0.003 0.003 0.004 0.003 
182  ZFCNS48    (0)   :  0.005 0.003 0.974 0.004 0.003 0.006 0.005 
183  ZFCNS49    (0)   :  0.003 0.004 0.977 0.003 0.002 0.007 0.003 
184   ZFCR01    (0)   :  0.016 0.484 0.004 0.388 0.030 0.051 0.028 
185   ZFCR02    (0)   :  0.025 0.055 0.007 0.862 0.016 0.019 0.017 
186   ZFCR03    (0)   :  0.056 0.314 0.006 0.411 0.115 0.065 0.033 
187   ZFCR04    (0)   :  0.022 0.756 0.028 0.089 0.034 0.028 0.044 
188   ZFCR05    (0)   :  0.021 0.071 0.004 0.885 0.009 0.005 0.004 
189   ZFCR06    (0)   :  0.029 0.148 0.120 0.548 0.010 0.113 0.032 
190   ZFCR07    (0)   :  0.016 0.025 0.043 0.894 0.010 0.009 0.003 
191   ZFCR08    (0)   :  0.185 0.153 0.010 0.458 0.105 0.026 0.063 
192   ZFCR09    (0)   :  0.042 0.116 0.053 0.059 0.475 0.232 0.022 
193   ZFCR11    (0)   :  0.010 0.125 0.057 0.763 0.011 0.031 0.003 
194   ZFCR12    (0)   :  0.013 0.014 0.180 0.733 0.004 0.024 0.032 
195   ZFCR13    (0)   :  0.007 0.009 0.009 0.879 0.004 0.086 0.006 
196   ZFCR14    (0)   :  0.012 0.033 0.006 0.922 0.005 0.009 0.013 
197   ZFCR15    (0)   :  0.021 0.103 0.010 0.775 0.012 0.029 0.050 
198   ZFCR16    (0)   :  0.011 0.109 0.004 0.805 0.006 0.023 0.043 
199   ZFCR18    (0)   :  0.069 0.756 0.018 0.094 0.007 0.034 0.022 
200   ZFCR19    (0)   :  0.016 0.156 0.010 0.503 0.104 0.039 0.172 
201   ZFCR20    (0)   :  0.028 0.543 0.010 0.218 0.038 0.143 0.021 
202   ZFCR21    (0)   :  0.023 0.018 0.006 0.926 0.003 0.015 0.009 
203   ZFCR22    (0)   :  0.006 0.006 0.004 0.950 0.005 0.010 0.019 
204   ZFCR23    (0)   :  0.004 0.019 0.014 0.706 0.026 0.224 0.008 
205   ZFCR24    (9)   :  0.010 0.122 0.006 0.312 0.020 0.522 0.008 
206   ZFCR25    (0)   :  0.006 0.012 0.003 0.965 0.006 0.004 0.003 
207   ZFCR26    (0)   :  0.020 0.010 0.006 0.869 0.056 0.016 0.023 
208   ZFCR27    (9)   :  0.005 0.042 0.003 0.901 0.043 0.003 0.003 
209   ZFCR28    (0)   :  0.010 0.011 0.025 0.645 0.007 0.208 0.094 
210   ZFCR29    (0)   :  0.012 0.125 0.005 0.827 0.006 0.017 0.007 
211   ZFCR30    (0)   :  0.005 0.008 0.005 0.964 0.006 0.006 0.006 
212   ZFCR31    (0)   :  0.019 0.338 0.075 0.300 0.085 0.140 0.043 
213   ZFCR33    (0)   :  0.036 0.021 0.010 0.854 0.062 0.008 0.008 
214   ZFCR34    (0)   :  0.021 0.046 0.031 0.817 0.021 0.045 0.020 
215   ZFCR35    (0)   :  0.034 0.828 0.015 0.083 0.014 0.013 0.012 
216   ZFCR36    (0)   :  0.008 0.091 0.012 0.861 0.013 0.009 0.006 
217   ZFCR37    (0)   :  0.033 0.019 0.004 0.922 0.013 0.004 0.004 
218   ZFCR38    (0)   :  0.035 0.026 0.006 0.867 0.053 0.006 0.007 
219   ZFCR39    (0)   :  0.190 0.020 0.009 0.226 0.401 0.070 0.083 
220   ZFCR40    (0)   :  0.030 0.024 0.008 0.875 0.045 0.013 0.005 
221   ZFCR41    (0)   :  0.035 0.010 0.029 0.901 0.003 0.010 0.013 
222   ZFCR42    (0)   :  0.034 0.008 0.014 0.891 0.011 0.022 0.020 
223   ZFCR43    (0)   :  0.006 0.059 0.006 0.827 0.005 0.091 0.007 
224  ZFENP25    (0)   :  0.023 0.057 0.004 0.884 0.007 0.011 0.013 
225  ZFENP26    (0)   :  0.005 0.012 0.004 0.951 0.022 0.003 0.003 
226  ZFENP27    (0)   :  0.378 0.251 0.065 0.201 0.080 0.015 0.009 
227  ZFENP28    (0)   :  0.013 0.024 0.007 0.922 0.026 0.004 0.004 
228  ZFENP29    (0)   :  0.008 0.006 0.004 0.967 0.009 0.004 0.003 
229  ZFENP30    (0)   :  0.068 0.009 0.006 0.873 0.034 0.004 0.005 
230  ZFENP31    (0)   :  0.088 0.017 0.012 0.055 0.812 0.010 0.006 
231  ZFENP32    (0)   :  0.038 0.268 0.046 0.192 0.420 0.031 0.007 
232  ZFENP33    (0)   :  0.008 0.031 0.006 0.926 0.021 0.005 0.003 
233  ZFENP34    (0)   :  0.047 0.685 0.021 0.204 0.021 0.014 0.008 
234  ZFENP35    (0)   :  0.007 0.019 0.022 0.835 0.100 0.012 0.005 
235  ZFENP36    (0)   :  0.004 0.013 0.007 0.946 0.025 0.003 0.002 
236  ZFENP37    (0)   :  0.011 0.079 0.010 0.847 0.042 0.007 0.004 
237  ZFENP38    (0)   :  0.013 0.007 0.012 0.950 0.009 0.005 0.004 
238  ZFENP39    (0)   :  0.012 0.032 0.004 0.915 0.031 0.004 0.003 
239  ZFENP40    (0)   :  0.014 0.069 0.006 0.794 0.105 0.008 0.004 
240  ZFENP41    (0)   :  0.141 0.027 0.008 0.752 0.055 0.006 0.011 
241  ZFENP42    (0)   :  0.006 0.003 0.004 0.727 0.253 0.003 0.004 
242  ZFENP43    (0)   :  0.037 0.013 0.048 0.870 0.021 0.007 0.004 
243  ZFENP44    (0)   :  0.030 0.012 0.026 0.780 0.139 0.011 0.003 
244  ZFENP45    (0)   :  0.027 0.011 0.013 0.491 0.133 0.023 0.302 
245  ZFENP46    (0)   :  0.004 0.018 0.013 0.929 0.025 0.008 0.003 
246  ZFENP47    (0)   :  0.117 0.043 0.004 0.092 0.532 0.015 0.196 
247  ZFENP48    (0)   :  0.115 0.509 0.015 0.264 0.039 0.031 0.028 
248  ZFENP49    (0)   :  0.034 0.050 0.006 0.856 0.025 0.014 0.014 
249  ZFENP50    (0)   :  0.005 0.008 0.008 0.913 0.031 0.028 0.007 
250  ZFENP51    (0)   :  0.015 0.031 0.007 0.207 0.662 0.005 0.073 
251  ZFENP52    (0)   :  0.014 0.004 0.018 0.945 0.011 0.005 0.004 
252  ZFENP53    (0)   :  0.008 0.007 0.011 0.916 0.022 0.023 0.014 
253  ZFENP54    (0)   :  0.031 0.014 0.009 0.889 0.011 0.035 0.010 
254  ZFENP55    (0)   :  0.004 0.027 0.004 0.944 0.011 0.005 0.004 
255  ZFENP56    (0)   :  0.006 0.010 0.008 0.955 0.013 0.003 0.004 
256  ZFENP57    (0)   :  0.006 0.016 0.010 0.839 0.121 0.005 0.002 
257  ZFENP58    (0)   :  0.052 0.011 0.013 0.833 0.015 0.007 0.069 
258  ZFENP59    (0)   :  0.175 0.020 0.006 0.604 0.183 0.007 0.005 
259  ZFENP60    (0)   :  0.009 0.071 0.006 0.874 0.023 0.008 0.010 
260  ZFENP61    (0)   :  0.015 0.039 0.004 0.918 0.019 0.003 0.003 
261 ZFFDSP01    (0)   :  0.005 0.005 0.026 0.004 0.003 0.939 0.018 
262 ZFFDSP02    (0)   :  0.005 0.003 0.006 0.003 0.002 0.976 0.005 
263 ZFFDSP04    (0)   :  0.005 0.005 0.005 0.003 0.002 0.967 0.013 
264 ZFFDSP05    (0)   :  0.004 0.003 0.022 0.004 0.003 0.954 0.010 
265 ZFFDSP06    (0)   :  0.005 0.003 0.006 0.003 0.002 0.967 0.013 
266 ZFFDSP07    (0)   :  0.016 0.004 0.006 0.005 0.005 0.933 0.031 
267 ZFFDSP08    (0)   :  0.015 0.003 0.023 0.006 0.004 0.875 0.073 
268 ZFFDSP10    (0)   :  0.005 0.004 0.009 0.005 0.003 0.963 0.011 
269 ZFFDSP11    (0)   :  0.004 0.004 0.006 0.004 0.003 0.969 0.009 
270 ZFFDSP12    (0)   :  0.004 0.003 0.006 0.003 0.003 0.973 0.010 
271 ZFFDSP13    (0)   :  0.021 0.004 0.410 0.009 0.004 0.546 0.006 
272 ZFFDSP14    (0)   :  0.008 0.004 0.005 0.004 0.003 0.956 0.020 
273 ZFFDSP16    (0)   :  0.007 0.007 0.013 0.007 0.003 0.958 0.004 
274 ZFFDSP17    (0)   :  0.005 0.004 0.007 0.004 0.002 0.967 0.010 
275 ZFFDSP18    (0)   :  0.005 0.008 0.006 0.004 0.002 0.960 0.015 
276 ZFFDSP19    (0)   :  0.017 0.006 0.055 0.004 0.003 0.898 0.017 
277 ZFFDSP21    (0)   :  0.014 0.004 0.110 0.004 0.002 0.860 0.006 
278 ZFFDSP22    (0)   :  0.006 0.003 0.007 0.004 0.003 0.892 0.086 
279 ZFFDSP23    (0)   :  0.005 0.003 0.028 0.004 0.002 0.827 0.131 
280 ZFFDSP24    (0)   :  0.005 0.005 0.035 0.004 0.003 0.941 0.007 
281 ZFFDSP26    (9)   :  0.005 0.004 0.014 0.004 0.003 0.957 0.014 
282 ZFFDSP27    (0)   :  0.005 0.005 0.011 0.003 0.003 0.965 0.009 
283 ZFFDSP28    (0)   :  0.015 0.052 0.012 0.015 0.023 0.875 0.008 
284 ZFFDSP30    (0)   :  0.007 0.024 0.205 0.005 0.006 0.745 0.009 
285 ZFFDSP31    (0)   :  0.006 0.005 0.011 0.004 0.002 0.967 0.005 
286 ZFFDSP32    (0)   :  0.004 0.003 0.007 0.004 0.003 0.975 0.005 
287 ZFFDSP33    (0)   :  0.003 0.003 0.008 0.003 0.003 0.975 0.006 
288 ZFFDSP34    (0)   :  0.007 0.004 0.009 0.003 0.002 0.964 0.010 
289 ZFFDSP35    (0)   :  0.005 0.005 0.016 0.004 0.003 0.961 0.007 
290 ZFFDSP37    (0)   :  0.004 0.004 0.008 0.004 0.003 0.974 0.004 
291 ZFFDSP38    (0)   :  0.004 0.005 0.008 0.004 0.003 0.972 0.005 
292 ZFFDSP39    (0)   :  0.004 0.004 0.049 0.003 0.002 0.928 0.010 
293 ZFFDSP40    (0)   :  0.003 0.005 0.036 0.003 0.003 0.945 0.005 
294 ZFFDSP42    (0)   :  0.005 0.004 0.022 0.004 0.002 0.901 0.061 
295 ZFFDSP43    (0)   :  0.004 0.004 0.013 0.003 0.002 0.962 0.011 
296 ZFFDSP44    (0)   :  0.004 0.005 0.023 0.004 0.003 0.956 0.005 
297 ZFFDSP45    (0)   :  0.006 0.004 0.010 0.004 0.002 0.969 0.005 
298 ZFFDSP46    (0)   :  0.005 0.005 0.014 0.004 0.002 0.962 0.008 
299 ZFFDSP47    (0)   :  0.004 0.004 0.173 0.004 0.003 0.796 0.016 
300 ZFFDSP48    (0)   :  0.004 0.004 0.092 0.004 0.003 0.886 0.006 
301    ZFI01    (0)   :  0.008 0.945 0.006 0.009 0.024 0.005 0.004 
302    ZFI02    (0)   :  0.004 0.963 0.007 0.007 0.010 0.005 0.004 
303    ZFI03    (0)   :  0.005 0.973 0.006 0.005 0.005 0.004 0.003 
304    ZFI04    (0)   :  0.005 0.959 0.005 0.006 0.017 0.004 0.004 
305    ZFI05    (0)   :  0.005 0.962 0.013 0.006 0.006 0.005 0.003 
306    ZFI06    (0)   :  0.004 0.921 0.043 0.007 0.012 0.011 0.003 
307    ZFI07    (0)   :  0.005 0.974 0.005 0.005 0.005 0.004 0.002 
308    ZFI08    (0)   :  0.005 0.964 0.004 0.013 0.007 0.003 0.003 
309    ZFI09    (0)   :  0.004 0.969 0.006 0.007 0.009 0.004 0.002 
310    ZFI10    (0)   :  0.004 0.937 0.029 0.008 0.012 0.006 0.004 
311    ZFI11    (0)   :  0.005 0.963 0.006 0.006 0.016 0.003 0.002 
312    ZFI12    (0)   :  0.005 0.967 0.009 0.007 0.004 0.005 0.003 
313    ZFI13    (0)   :  0.007 0.970 0.006 0.005 0.006 0.004 0.002 
314    ZFI14    (0)   :  0.004 0.965 0.008 0.004 0.005 0.010 0.003 
315    ZFI15    (0)   :  0.004 0.975 0.005 0.005 0.004 0.004 0.002 
316    ZFI16    (0)   :  0.004 0.979 0.005 0.004 0.003 0.003 0.002 
317    ZFI17    (0)   :  0.004 0.968 0.008 0.006 0.008 0.004 0.002 
318    ZFI18    (0)   :  0.003 0.974 0.005 0.006 0.008 0.003 0.002 
319    ZFI19    (9)   :  0.004 0.975 0.005 0.006 0.005 0.003 0.002 
320    ZFI20    (0)   :  0.004 0.972 0.006 0.005 0.004 0.005 0.003 
321    ZFI21    (0)   :  0.004 0.953 0.018 0.004 0.004 0.013 0.003 
322    ZFI22    (0)   :  0.005 0.968 0.004 0.005 0.008 0.005 0.004 
323    ZFI23    (0)   :  0.004 0.975 0.006 0.005 0.004 0.003 0.002 
324    ZFI24    (0)   :  0.006 0.968 0.008 0.007 0.004 0.004 0.003 
325    ZFI25    (0)   :  0.005 0.970 0.005 0.007 0.004 0.005 0.003 
326    ZFI26    (0)   :  0.007 0.973 0.004 0.006 0.004 0.003 0.003 
327    ZFI27    (0)   :  0.005 0.955 0.020 0.007 0.005 0.005 0.003 
328    ZFK01    (0)   :  0.947 0.005 0.012 0.010 0.011 0.009 0.006 
329    ZFK02    (0)   :  0.944 0.007 0.013 0.012 0.008 0.010 0.007 
330    ZFK03    (0)   :  0.943 0.007 0.009 0.009 0.017 0.009 0.006 
331    ZFK04    (0)   :  0.876 0.013 0.008 0.011 0.078 0.008 0.005 
332    ZFK05    (0)   :  0.784 0.011 0.010 0.008 0.178 0.005 0.005 
333    ZFK06    (0)   :  0.921 0.018 0.007 0.030 0.014 0.006 0.004 
334    ZFK07    (0)   :  0.940 0.004 0.012 0.009 0.021 0.008 0.007 
335    ZFK08    (0)   :  0.756 0.016 0.007 0.056 0.149 0.010 0.006 
336    ZFK10    (0)   :  0.927 0.019 0.007 0.013 0.021 0.008 0.005 
337    ZFK11    (0)   :  0.912 0.007 0.007 0.015 0.047 0.007 0.004 
338    ZFK12    (0)   :  0.934 0.004 0.010 0.018 0.009 0.011 0.014 
339    ZFK13    (0)   :  0.880 0.004 0.016 0.012 0.034 0.043 0.013 
340    ZFK14    (0)   :  0.945 0.004 0.011 0.005 0.011 0.013 0.010 
341    ZFK15    (0)   :  0.791 0.007 0.020 0.014 0.119 0.041 0.009 
342    ZFK16    (0)   :  0.928 0.003 0.014 0.011 0.013 0.020 0.011 
343   ZFLB01    (0)   :  0.004 0.006 0.006 0.005 0.967 0.008 0.004 
344   ZFLB02    (0)   :  0.003 0.033 0.004 0.031 0.920 0.004 0.006 
345   ZFLB03    (0)   :  0.006 0.012 0.033 0.026 0.910 0.006 0.006 
346   ZFLB04    (0)   :  0.007 0.012 0.168 0.006 0.775 0.027 0.007 
347   ZFLB05    (0)   :  0.003 0.009 0.013 0.006 0.961 0.006 0.003 
348   ZFLB06    (0)   :  0.010 0.004 0.006 0.006 0.963 0.006 0.005 
349   ZFLB07    (0)   :  0.027 0.006 0.160 0.047 0.718 0.029 0.014 
350   ZFLB08    (0)   :  0.004 0.023 0.006 0.022 0.935 0.005 0.005 
351   ZFLB09    (9)   :  0.006 0.005 0.004 0.005 0.972 0.005 0.003 
352   ZFLB10    (0)   :  0.004 0.004 0.007 0.004 0.974 0.004 0.003 
353   ZFLB11    (0)   :  0.013 0.003 0.006 0.007 0.957 0.007 0.008 
354   ZFLB12    (0)   :  0.005 0.004 0.003 0.005 0.977 0.003 0.002 
355   ZFLB13    (0)   :  0.012 0.006 0.014 0.023 0.930 0.011 0.005 
356  ZFLTI01    (0)   :  0.072 0.005 0.699 0.006 0.003 0.187 0.028 
357  ZFLTI02    (0)   :  0.044 0.006 0.903 0.005 0.002 0.026 0.015 
358  ZFLTI03    (0)   :  0.009 0.004 0.943 0.004 0.003 0.025 0.012 
359  ZFLTI04    (0)   :  0.011 0.006 0.935 0.006 0.003 0.032 0.007 
360  ZFLTI05    (0)   :  0.006 0.004 0.959 0.004 0.003 0.018 0.005 
361  ZFLTI06    (0)   :  0.008 0.005 0.768 0.004 0.003 0.186 0.025 
362  ZFLTI07    (0)   :  0.010 0.007 0.809 0.006 0.003 0.159 0.007 
363  ZFLTI08    (0)   :  0.007 0.007 0.959 0.005 0.002 0.013 0.006 
364  ZFLTI09    (0)   :  0.007 0.010 0.818 0.005 0.003 0.149 0.007 
365  ZFLTI10    (0)   :  0.020 0.007 0.583 0.005 0.003 0.374 0.008 
366  ZFLTI11    (0)   :  0.007 0.006 0.855 0.004 0.003 0.092 0.035 
367  ZFLTI12    (0)   :  0.019 0.005 0.852 0.005 0.002 0.089 0.026 
368  ZFLTI13    (0)   :  0.014 0.005 0.947 0.006 0.003 0.013 0.012 
369  ZFLTI14    (0)   :  0.038 0.006 0.923 0.005 0.002 0.021 0.005 
370 ZFONF101    (0)   :  0.002 0.003 0.004 0.003 0.002 0.979 0.007 
371 ZFONF102    (0)   :  0.003 0.005 0.004 0.007 0.011 0.945 0.025 
372 ZFONF103    (0)   :  0.013 0.005 0.064 0.007 0.003 0.890 0.017 
373 ZFONF104    (0)   :  0.004 0.002 0.005 0.002 0.002 0.953 0.031 
374 ZFONF105    (0)   :  0.006 0.003 0.020 0.004 0.003 0.820 0.145 
375 ZFONF106    (0)   :  0.004 0.004 0.004 0.002 0.002 0.976 0.007 
376 ZFONF107    (0)   :  0.016 0.022 0.018 0.022 0.052 0.858 0.012 
377 ZFONF108    (0)   :  0.017 0.006 0.021 0.006 0.008 0.933 0.009 
378 ZFONF109    (9)   :  0.017 0.006 0.014 0.004 0.005 0.921 0.033 
379 ZFONF110    (0)   :  0.005 0.002 0.007 0.003 0.002 0.965 0.016 
380 ZFONF111    (0)   :  0.009 0.014 0.014 0.029 0.015 0.901 0.019 
381 ZFONF112    (0)   :  0.007 0.008 0.014 0.003 0.003 0.761 0.204 
382 ZFONF113    (9)   :  0.006 0.003 0.011 0.005 0.005 0.959 0.011 
383 ZFONF115    (0)   :  0.007 0.005 0.008 0.004 0.003 0.955 0.018 
384 ZFONF116    (0)   :  0.006 0.005 0.010 0.005 0.004 0.935 0.035 
385 ZFONF117    (0)   :  0.010 0.005 0.331 0.006 0.004 0.593 0.052 
386 ZFONF118    (0)   :  0.009 0.006 0.018 0.004 0.002 0.948 0.013 
387 ZFONF119    (0)   :  0.012 0.004 0.005 0.005 0.006 0.947 0.021 
388 ZFONF120    (0)   :  0.028 0.003 0.007 0.005 0.005 0.903 0.050 
389 ZFONF121    (0)   :  0.006 0.004 0.009 0.004 0.005 0.831 0.141 
390 ZFONF122    (0)   :  0.026 0.007 0.063 0.008 0.003 0.886 0.008 
391 ZFONF123    (0)   :  0.006 0.006 0.005 0.010 0.036 0.901 0.037 
392 ZFONF124    (0)   :  0.008 0.003 0.008 0.004 0.005 0.945 0.028 
393 ZFONF125    (0)   :  0.035 0.006 0.010 0.027 0.042 0.725 0.155 
394 ZFONF126    (0)   :  0.013 0.005 0.014 0.006 0.003 0.950 0.010 
395 ZFONF201    (0)   :  0.038 0.126 0.014 0.018 0.028 0.105 0.671 
396 ZFONF202    (0)   :  0.009 0.004 0.006 0.004 0.002 0.042 0.934 
397 ZFONF203    (0)   :  0.007 0.004 0.005 0.006 0.003 0.009 0.967 
398 ZFONF204    (0)   :  0.031 0.007 0.006 0.008 0.007 0.006 0.935 
399 ZFONF206    (0)   :  0.009 0.012 0.004 0.017 0.012 0.006 0.941 
400 ZFONF207    (0)   :  0.004 0.003 0.005 0.004 0.004 0.006 0.974 
401 ZFONF208    (0)   :  0.009 0.005 0.014 0.005 0.004 0.052 0.911 
402 ZFONF209    (0)   :  0.027 0.011 0.011 0.009 0.008 0.008 0.925 
403 ZFONF210    (0)   :  0.004 0.003 0.009 0.003 0.002 0.010 0.969 
404 ZFONF211    (0)   :  0.015 0.004 0.020 0.010 0.012 0.031 0.907 
405 ZFONF212    (0)   :  0.003 0.003 0.007 0.003 0.002 0.011 0.970 
406 ZFONF214    (0)   :  0.007 0.003 0.005 0.006 0.005 0.026 0.948 
407 ZFONF215    (0)   :  0.004 0.002 0.005 0.003 0.002 0.013 0.970 
408 ZFONF216    (0)   :  0.004 0.002 0.006 0.003 0.003 0.005 0.977 
409 ZFONF217    (0)   :  0.005 0.003 0.005 0.003 0.003 0.031 0.949 
410 ZFONF218    (0)   :  0.003 0.003 0.005 0.007 0.006 0.005 0.970 
411 ZFONF219    (0)   :  0.003 0.002 0.003 0.002 0.002 0.005 0.983 
412 ZFONF220    (0)   :  0.005 0.004 0.004 0.004 0.003 0.025 0.955 
413 ZFONF222    (0)   :  0.004 0.003 0.004 0.005 0.007 0.004 0.974 
414 ZFONF223    (0)   :  0.004 0.004 0.003 0.007 0.008 0.006 0.967 
415 ZFONF224    (0)   :  0.003 0.002 0.004 0.003 0.002 0.004 0.981 
416 ZFONF225    (0)   :  0.004 0.002 0.004 0.003 0.002 0.007 0.979 
417 ZFONF226    (0)   :  0.006 0.003 0.005 0.004 0.003 0.008 0.970 
418 ZFONF227    (0)   :  0.003 0.002 0.004 0.002 0.002 0.005 0.982 
419 ZFONF228    (0)   :  0.005 0.005 0.014 0.004 0.004 0.010 0.958 
420 ZFONF230    (0)   :  0.004 0.002 0.005 0.003 0.002 0.012 0.972 
421 ZFONF231    (0)   :  0.007 0.002 0.005 0.005 0.004 0.008 0.969 
422 ZFONF232    (0)   :  0.003 0.002 0.004 0.003 0.002 0.008 0.979 
423 ZFONF233    (0)   :  0.004 0.002 0.004 0.003 0.003 0.005 0.979 
424 ZFONF234    (0)   :  0.013 0.005 0.020 0.015 0.005 0.016 0.925 
425 ZFONF235    (0)   :  0.003 0.002 0.003 0.003 0.002 0.004 0.983 
426 ZFONF236    (0)   :  0.024 0.025 0.025 0.015 0.015 0.014 0.882 
427 ZFONF238    (0)   :  0.006 0.003 0.004 0.004 0.002 0.008 0.972 
428 ZFONF239    (0)   :  0.010 0.007 0.003 0.005 0.004 0.005 0.966 
429 ZFONF240    (0)   :  0.005 0.002 0.005 0.002 0.002 0.005 0.979 
430 ZFONF241    (0)   :  0.005 0.011 0.014 0.007 0.004 0.017 0.943 
431 ZFONF242    (0)   :  0.005 0.002 0.004 0.003 0.002 0.009 0.974 
432 ZFONF243    (0)   :  0.004 0.003 0.011 0.003 0.003 0.006 0.970 
433 ZFONF244    (0)   :  0.004 0.002 0.004 0.003 0.002 0.007 0.978 
434 ZFONF245    (0)   :  0.005 0.002 0.007 0.003 0.002 0.005 0.977 
435   ZFOS01    (0)   :  0.939 0.004 0.018 0.006 0.003 0.021 0.009 
436   ZFOS02    (0)   :  0.889 0.026 0.022 0.011 0.007 0.038 0.008 
437   ZFOS03    (0)   :  0.941 0.009 0.006 0.009 0.020 0.010 0.005 
438   ZFOS04    (0)   :  0.831 0.018 0.035 0.007 0.004 0.097 0.007 
439   ZFOS05    (0)   :  0.918 0.007 0.018 0.007 0.003 0.036 0.011 
440   ZFOS06    (0)   :  0.936 0.005 0.018 0.009 0.005 0.013 0.014 
441   ZFOS07    (0)   :  0.955 0.020 0.006 0.005 0.004 0.007 0.003 
442   ZFOS08    (0)   :  0.926 0.028 0.014 0.005 0.003 0.018 0.006 
443   ZFOS09    (0)   :  0.831 0.019 0.020 0.016 0.011 0.096 0.009 
444   ZFOS10    (0)   :  0.942 0.024 0.007 0.010 0.012 0.003 0.002 
445   ZFOS11    (0)   :  0.685 0.022 0.182 0.081 0.007 0.015 0.007 
446   ZFOS12    (0)   :  0.631 0.038 0.035 0.232 0.027 0.028 0.009 
447   ZFOS13    (0)   :  0.945 0.011 0.011 0.009 0.005 0.014 0.005 
448   ZFOS14    (0)   :  0.740 0.105 0.086 0.037 0.014 0.012 0.005 
449   ZFOS15    (0)   :  0.976 0.005 0.005 0.004 0.004 0.004 0.003 
450   ZFOS16    (0)   :  0.890 0.013 0.027 0.009 0.008 0.043 0.010 
451   ZFOS17    (0)   :  0.966 0.007 0.006 0.006 0.007 0.004 0.005 
452   ZFOS18    (0)   :  0.961 0.008 0.010 0.007 0.006 0.005 0.003 
453   ZFOS19    (0)   :  0.972 0.004 0.005 0.007 0.004 0.004 0.005 
454   ZFOS20    (0)   :  0.960 0.009 0.007 0.005 0.005 0.006 0.008 
455   ZFOS21    (0)   :  0.944 0.007 0.017 0.004 0.006 0.017 0.005 
456   ZFOS22    (0)   :  0.966 0.003 0.009 0.006 0.005 0.006 0.006 
457   ZFOS23    (0)   :  0.780 0.165 0.005 0.030 0.015 0.003 0.002 
458   ZFOS24    (0)   :  0.972 0.003 0.009 0.005 0.003 0.004 0.003 
459   ZFOS25    (0)   :  0.450 0.021 0.460 0.022 0.006 0.021 0.020 
460   ZFOS26    (0)   :  0.517 0.015 0.236 0.014 0.005 0.205 0.008 
461   ZFOS27    (0)   :  0.928 0.007 0.019 0.004 0.006 0.026 0.009 
462   ZFOS28    (0)   :  0.938 0.016 0.013 0.009 0.012 0.009 0.004 
463   ZFOS29    (0)   :  0.946 0.009 0.010 0.005 0.009 0.011 0.010 
464   ZFOS30    (0)   :  0.965 0.005 0.006 0.005 0.005 0.007 0.008 
465   ZFOS31    (0)   :  0.858 0.041 0.013 0.030 0.005 0.024 0.030 
466   ZFOS32    (0)   :  0.929 0.014 0.015 0.007 0.004 0.022 0.009 
467   ZFPB01    (0)   :  0.004 0.003 0.004 0.005 0.979 0.002 0.003 
468   ZFPB02    (0)   :  0.004 0.003 0.005 0.006 0.962 0.005 0.014 
469   ZFPB03    (0)   :  0.007 0.004 0.009 0.004 0.966 0.007 0.004 
470   ZFPB05    (0)   :  0.003 0.002 0.003 0.004 0.980 0.003 0.005 
471   ZFPB06    (0)   :  0.006 0.004 0.003 0.004 0.976 0.003 0.002 
472   ZFPB07    (0)   :  0.004 0.003 0.003 0.005 0.972 0.007 0.007 
473   ZFPB08    (0)   :  0.007 0.003 0.005 0.005 0.967 0.007 0.006 
474   ZFPB10    (0)   :  0.004 0.003 0.006 0.004 0.978 0.003 0.003 
475   ZFPB11    (0)   :  0.005 0.003 0.003 0.006 0.976 0.003 0.004 
476   ZFPB12    (0)   :  0.004 0.003 0.004 0.006 0.976 0.003 0.005 
477   ZFPB13    (0)   :  0.003 0.004 0.004 0.003 0.977 0.004 0.005 
478   ZFPB14    (0)   :  0.004 0.003 0.003 0.004 0.972 0.006 0.007 
479   ZFPB15    (0)   :  0.006 0.003 0.004 0.004 0.969 0.008 0.006 
480   ZFPB17    (0)   :  0.004 0.003 0.003 0.005 0.980 0.003 0.003 
481   ZFPB18    (0)   :  0.004 0.002 0.003 0.005 0.978 0.004 0.004 
482   ZFPB19    (0)   :  0.006 0.005 0.004 0.004 0.971 0.006 0.004 
483   ZFPB20    (0)   :  0.003 0.003 0.002 0.003 0.984 0.003 0.002 
484   ZFPB21    (0)   :  0.004 0.003 0.004 0.003 0.976 0.006 0.004 
485   ZFPB22    (0)   :  0.003 0.003 0.003 0.004 0.983 0.002 0.002 
486   ZFPB23    (0)   :  0.004 0.003 0.003 0.005 0.976 0.004 0.004 
487   ZFSF01    (0)   :  0.005 0.784 0.004 0.198 0.003 0.003 0.002 
488   ZFSF02    (0)   :  0.016 0.413 0.015 0.514 0.006 0.027 0.009 
489   ZFSF03    (0)   :  0.005 0.715 0.004 0.253 0.014 0.005 0.003 
490   ZFSF04    (0)   :  0.014 0.931 0.005 0.021 0.007 0.012 0.010 
491  ZFSW101    (0)   :  0.008 0.819 0.010 0.010 0.008 0.133 0.012 
492  ZFSW102    (0)   :  0.019 0.927 0.005 0.013 0.015 0.013 0.009 
493  ZFSW103    (0)   :  0.007 0.908 0.029 0.011 0.005 0.029 0.011 
494  ZFSW104    (9)   :  0.038 0.877 0.008 0.023 0.009 0.024 0.022 
495  ZFSW105    (0)   :  0.008 0.915 0.005 0.006 0.004 0.051 0.011 
496  ZFSW106    (0)   :  0.007 0.738 0.015 0.132 0.020 0.028 0.060 
497  ZFSW107    (0)   :  0.010 0.907 0.004 0.008 0.053 0.011 0.007 
498  ZFSW108    (0)   :  0.005 0.971 0.003 0.007 0.009 0.003 0.003 
499  ZFSW109    (0)   :  0.006 0.963 0.005 0.004 0.007 0.006 0.009 
500  ZFSW110    (0)   :  0.009 0.896 0.013 0.010 0.012 0.043 0.018 
501  ZFSW111    (0)   :  0.037 0.633 0.008 0.012 0.036 0.253 0.021 
502  ZFSW112    (0)   :  0.041 0.915 0.006 0.008 0.005 0.021 0.005 
503  ZFSW113    (0)   :  0.018 0.743 0.018 0.079 0.010 0.124 0.008 
504  ZFSW114    (0)   :  0.009 0.954 0.005 0.008 0.005 0.010 0.009 
505  ZFSW115    (0)   :  0.008 0.869 0.005 0.090 0.003 0.009 0.016 
506  ZFSW116    (0)   :  0.015 0.733 0.010 0.047 0.072 0.109 0.015 
507  ZFSW117    (0)   :  0.016 0.739 0.019 0.046 0.039 0.104 0.037 
508  ZFSW119    (0)   :  0.011 0.967 0.003 0.009 0.004 0.003 0.003 
509  ZFSW120    (0)   :  0.006 0.961 0.002 0.017 0.010 0.002 0.002 
510  ZFSW121    (0)   :  0.029 0.799 0.007 0.068 0.010 0.031 0.056 
511  ZFSW122    (0)   :  0.006 0.959 0.006 0.004 0.008 0.008 0.009 
512  ZFSW123    (0)   :  0.004 0.973 0.003 0.004 0.009 0.003 0.003 
513  ZFSW124    (0)   :  0.009 0.969 0.003 0.006 0.005 0.004 0.003 
514  ZFSW201    (0)   :  0.006 0.959 0.004 0.010 0.016 0.003 0.003 
515  ZFSW202    (0)   :  0.008 0.966 0.004 0.006 0.009 0.004 0.003 
516  ZFSW203    (0)   :  0.008 0.965 0.003 0.007 0.010 0.003 0.003 
517  ZFSW204    (0)   :  0.015 0.951 0.005 0.010 0.012 0.006 0.003 
518  ZFSW205    (0)   :  0.005 0.972 0.006 0.006 0.004 0.005 0.003 
519  ZFSW206    (0)   :  0.004 0.966 0.005 0.013 0.004 0.005 0.003 
520  ZFSW207    (0)   :  0.004 0.968 0.007 0.005 0.004 0.006 0.006 
521  ZFSW208    (0)   :  0.005 0.962 0.005 0.013 0.006 0.004 0.005 
522  ZFSW209    (0)   :  0.005 0.890 0.005 0.085 0.005 0.005 0.007 
523  ZFSW210    (0)   :  0.007 0.934 0.023 0.008 0.005 0.014 0.009 
524  ZFSW211    (0)   :  0.006 0.940 0.012 0.026 0.005 0.008 0.003 
525  ZFSW212    (0)   :  0.007 0.967 0.007 0.007 0.004 0.005 0.003 
526  ZFSW213    (0)   :  0.007 0.972 0.004 0.005 0.004 0.004 0.004 
527  ZFSW214    (0)   :  0.009 0.969 0.005 0.005 0.003 0.006 0.003 
528  ZFSW215    (0)   :  0.007 0.974 0.003 0.005 0.005 0.004 0.003 
529  ZFSW216    (0)   :  0.006 0.960 0.009 0.011 0.004 0.008 0.002 
530  ZFSW217    (0)   :  0.007 0.972 0.003 0.005 0.005 0.004 0.003 
531  ZFSW218    (0)   :  0.006 0.973 0.006 0.006 0.003 0.005 0.003 
532  ZFSW219    (0)   :  0.016 0.926 0.008 0.028 0.009 0.009 0.003 
533  ZFSW220    (0)   :  0.008 0.952 0.004 0.015 0.013 0.005 0.003 
534  ZFSW221    (0)   :  0.005 0.956 0.008 0.017 0.005 0.006 0.003 
535  ZFSW222    (0)   :  0.004 0.979 0.003 0.005 0.004 0.003 0.003 
536  ZFSW223    (0)   :  0.008 0.954 0.004 0.015 0.012 0.004 0.005 
537  ZFSW224    (0)   :  0.007 0.960 0.007 0.012 0.004 0.006 0.004 
538  ZFSW225    (0)   :  0.006 0.967 0.006 0.009 0.006 0.005 0.003 
539  ZFSW226    (0)   :  0.005 0.970 0.004 0.005 0.008 0.005 0.003 
540  ZFSW227    (0)   :  0.005 0.973 0.005 0.006 0.004 0.004 0.002 
541  ZFSW229    (0)   :  0.005 0.969 0.005 0.009 0.004 0.004 0.003 
542  ZFSW230    (0)   :  0.007 0.965 0.005 0.005 0.004 0.011 0.003 
543  ZFSW231    (0)   :  0.005 0.964 0.007 0.011 0.006 0.005 0.003 
544  ZFSW232    (0)   :  0.004 0.972 0.004 0.008 0.004 0.004 0.003 
545  ZFSW233    (0)   :  0.006 0.943 0.005 0.021 0.009 0.009 0.005 
546  ZFSW234    (0)   :  0.005 0.977 0.003 0.004 0.005 0.003 0.003 
547  ZFSW235    (0)   :  0.011 0.956 0.005 0.011 0.007 0.005 0.004 
548  ZFSW236    (0)   :  0.007 0.974 0.004 0.005 0.003 0.004 0.003 
549  ZFSW237    (0)   :  0.012 0.960 0.004 0.010 0.005 0.004 0.004 
550  ZFSW238    (0)   :  0.068 0.770 0.009 0.086 0.010 0.015 0.042 
551  ZFSW239    (0)   :  0.004 0.971 0.004 0.004 0.007 0.007 0.003 
