

----------------------------------------------------
STRUCTURE by Pritchard, Stephens and Donnelly (2000)
     and Falush, Stephens and Pritchard (2003)
       Code by Pritchard, Falush and Hubisz
             Version 2.3.4 (Jul 2012)
----------------------------------------------------



Command line arguments:   bin\structure -m C:\Users\eschumacher\Documents\GitHub\GCC_QUAC_ZAIN\Data_Files\Structure_Files\ZAIN\ZAIN_wild_rebinned_nopopinfo\50-50\mainparams -e C:\Users\eschumacher\Documents\GitHub\GCC_QUAC_ZAIN\Data_Files\Structure_Files\ZAIN\ZAIN_wild_rebinned_nopopinfo\50-50\extraparams 
Input File:    C:\Users\eschumacher\Documents\GitHub\GCC_QUAC_ZAIN\Data_Files\Structure_Files\ZAIN\ZAIN_wild_rebinned_nopopinfo\project_data

Run parameters:
   751 individuals
   11 loci
   13 populations assumed
   50000 Burn-in period
   50000 Reps


--------------------------------------------
Overall proportion of membership of the
sample in each of the 13 clusters

Inferred Clusters
  1      2      3      4      5      6      7      8      9     10     11     12     13    
0.085  0.062  0.093  0.104  0.070  0.033  0.073  0.074  0.101  0.057  0.087  0.095  0.067  

--------------------------------------------

Allele-freq. divergence among pops (Net nucleotide distance),
computed using point estimates of P.

      1       2       3       4       5       6       7       8       9      10      11      12      13      
 1      -    0.3758  0.2722  0.0885  0.3072  0.2693  0.1845  0.2580  0.1119  0.2785  0.1806  0.2124  0.3060  
 2   0.3758     -    0.1357  0.3706  0.1665  0.2869  0.1764  0.1280  0.2755  0.1133  0.2104  0.3630  0.2985  
 3   0.2722  0.1357     -    0.2665  0.0774  0.1945  0.1209  0.0757  0.1636  0.1040  0.1735  0.2968  0.1331  
 4   0.0885  0.3706  0.2665     -    0.2742  0.2593  0.2008  0.2578  0.1257  0.2682  0.2157  0.1787  0.3046  
 5   0.3072  0.1665  0.0774  0.2742     -    0.2687  0.2042  0.0423  0.2430  0.0855  0.2718  0.3474  0.2786  
 6   0.2693  0.2869  0.1945  0.2593  0.2687     -    0.1854  0.2022  0.1616  0.1981  0.2012  0.2345  0.2494  
 7   0.1845  0.1764  0.1209  0.2008  0.2042  0.1854     -    0.1430  0.1053  0.1885  0.1775  0.2383  0.2541  
 8   0.2580  0.1280  0.0757  0.2578  0.0423  0.2022  0.1430     -    0.1978  0.0670  0.2143  0.2814  0.2676  
 9   0.1119  0.2755  0.1636  0.1257  0.2430  0.1616  0.1053  0.1978     -    0.1998  0.1488  0.1108  0.2086  
10   0.2785  0.1133  0.1040  0.2682  0.0855  0.1981  0.1885  0.0670  0.1998     -    0.2107  0.2999  0.2333  
11   0.1806  0.2104  0.1735  0.2157  0.2718  0.2012  0.1775  0.2143  0.1488  0.2107     -    0.2659  0.2039  
12   0.2124  0.3630  0.2968  0.1787  0.3474  0.2345  0.2383  0.2814  0.1108  0.2999  0.2659     -    0.3724  
13   0.3060  0.2985  0.1331  0.3046  0.2786  0.2494  0.2541  0.2676  0.2086  0.2333  0.2039  0.3724     -    

Average distances (expected heterozygosity) between individuals in same cluster:
cluster  1  : 0.3439 
cluster  2  : 0.3601 
cluster  3  : 0.4263 
cluster  4  : 0.4825 
cluster  5  : 0.3138 
cluster  6  : 0.2383 
cluster  7  : 0.4481 
cluster  8  : 0.3878 
cluster  9  : 0.5473 
cluster 10  : 0.4043 
cluster 11  : 0.3909 
cluster 12  : 0.4142 
cluster 13  : 0.2227 

--------------------------------------------
Estimated Ln Prob of Data   = -13381.9
Mean value of ln likelihood = -12862.5
Variance of ln likelihood   = 1039.0
Mean value of alpha         = 0.0331

Mean value of Fst_1         = 0.4827
Mean value of Fst_2         = 0.4282
Mean value of Fst_3         = 0.4021
Mean value of Fst_4         = 0.4325
Mean value of Fst_5         = 0.4844
Mean value of Fst_6         = 0.6471
Mean value of Fst_7         = 0.3277
Mean value of Fst_8         = 0.3652
Mean value of Fst_9         = 0.1478
Mean value of Fst_10         = 0.3619
Mean value of Fst_11         = 0.4079
Mean value of Fst_12         = 0.4371
Mean value of Fst_13         = 0.6619


Inferred ancestry of individuals:
        Label (%Miss) :  Inferred clusters
  1    ZFB01    (0)   :  0.009 0.003 0.003 0.952 0.004 0.002 0.003 0.004 0.003 0.003 0.004 0.007 0.003 
  2    ZFB02    (0)   :  0.015 0.003 0.003 0.906 0.003 0.006 0.005 0.005 0.007 0.003 0.010 0.032 0.003 
  3    ZFB03    (0)   :  0.021 0.002 0.013 0.868 0.014 0.005 0.010 0.010 0.017 0.005 0.006 0.005 0.023 
  4    ZFB04    (0)   :  0.007 0.003 0.003 0.931 0.004 0.008 0.004 0.005 0.006 0.003 0.005 0.021 0.002 
  5    ZFB05    (0)   :  0.011 0.010 0.006 0.730 0.002 0.045 0.021 0.004 0.047 0.003 0.008 0.104 0.011 
  6    ZFB06    (0)   :  0.010 0.012 0.006 0.808 0.002 0.021 0.021 0.004 0.039 0.003 0.007 0.057 0.010 
  7    ZFB07    (9)   :  0.107 0.007 0.007 0.772 0.011 0.007 0.012 0.008 0.045 0.006 0.004 0.009 0.005 
  8    ZFB08    (0)   :  0.025 0.007 0.007 0.883 0.009 0.010 0.019 0.008 0.006 0.009 0.006 0.005 0.005 
  9    ZFB09    (0)   :  0.007 0.002 0.003 0.957 0.003 0.003 0.004 0.003 0.004 0.003 0.004 0.004 0.003 
 10    ZFB10    (0)   :  0.004 0.006 0.006 0.910 0.027 0.006 0.005 0.011 0.004 0.008 0.005 0.006 0.002 
 11    ZFB11    (0)   :  0.005 0.003 0.003 0.947 0.007 0.004 0.003 0.004 0.003 0.005 0.004 0.009 0.002 
 12    ZFB12    (0)   :  0.005 0.003 0.006 0.896 0.006 0.003 0.020 0.009 0.011 0.005 0.005 0.026 0.005 
 13    ZFB13    (0)   :  0.008 0.006 0.007 0.902 0.011 0.012 0.012 0.010 0.006 0.011 0.004 0.005 0.004 
 14    ZFB14    (0)   :  0.007 0.003 0.003 0.948 0.006 0.005 0.004 0.005 0.003 0.004 0.004 0.004 0.003 
 15    ZFB15    (0)   :  0.007 0.002 0.002 0.957 0.003 0.003 0.004 0.003 0.004 0.002 0.003 0.008 0.002 
 16    ZFB16    (0)   :  0.006 0.004 0.005 0.929 0.008 0.010 0.008 0.007 0.005 0.005 0.003 0.009 0.003 
 17    ZFB17    (0)   :  0.007 0.008 0.008 0.856 0.007 0.027 0.022 0.015 0.008 0.004 0.013 0.020 0.002 
 18    ZFB18    (0)   :  0.005 0.003 0.002 0.961 0.004 0.003 0.003 0.003 0.003 0.003 0.004 0.003 0.002 
 19    ZFB19    (0)   :  0.057 0.011 0.021 0.660 0.063 0.005 0.055 0.033 0.061 0.016 0.004 0.007 0.006 
 20    ZFB20    (0)   :  0.006 0.004 0.005 0.904 0.006 0.018 0.007 0.007 0.005 0.005 0.003 0.026 0.002 
 21    ZFB21    (0)   :  0.007 0.002 0.003 0.954 0.003 0.004 0.003 0.002 0.006 0.003 0.003 0.007 0.004 
 22    ZFB22    (0)   :  0.006 0.008 0.008 0.888 0.009 0.005 0.010 0.009 0.007 0.005 0.006 0.036 0.002 
 23    ZFB23    (0)   :  0.003 0.003 0.003 0.947 0.006 0.005 0.003 0.004 0.004 0.004 0.003 0.011 0.003 
 24    ZFB24    (0)   :  0.005 0.003 0.003 0.941 0.005 0.006 0.003 0.004 0.004 0.005 0.003 0.016 0.003 
 25    ZFB25    (0)   :  0.004 0.003 0.005 0.934 0.020 0.003 0.003 0.009 0.003 0.006 0.004 0.004 0.003 
 26    ZFB26    (0)   :  0.004 0.003 0.005 0.914 0.012 0.011 0.003 0.008 0.004 0.007 0.004 0.022 0.003 
 27    ZFB27    (0)   :  0.005 0.003 0.003 0.933 0.006 0.003 0.002 0.004 0.004 0.004 0.004 0.027 0.002 
 28    ZFB28    (0)   :  0.005 0.003 0.006 0.819 0.006 0.013 0.016 0.009 0.033 0.005 0.009 0.072 0.004 
 29    ZFB29    (0)   :  0.005 0.002 0.002 0.951 0.003 0.009 0.003 0.003 0.004 0.003 0.004 0.010 0.002 
 30    ZFB30    (0)   :  0.021 0.018 0.007 0.711 0.004 0.005 0.017 0.004 0.115 0.004 0.004 0.082 0.008 
 31    ZFB31    (0)   :  0.007 0.004 0.005 0.930 0.017 0.003 0.004 0.008 0.004 0.006 0.004 0.005 0.004 
 32    ZFB32    (0)   :  0.008 0.004 0.009 0.787 0.008 0.024 0.028 0.019 0.031 0.009 0.021 0.044 0.007 
 33    ZFB33    (0)   :  0.006 0.002 0.002 0.960 0.003 0.003 0.003 0.003 0.004 0.003 0.003 0.007 0.002 
 34    ZFB34    (0)   :  0.017 0.003 0.003 0.941 0.004 0.004 0.004 0.003 0.004 0.004 0.006 0.003 0.004 
 35    ZFB35    (0)   :  0.012 0.003 0.004 0.933 0.006 0.006 0.005 0.006 0.005 0.004 0.005 0.007 0.004 
 36  ZFBP101    (0)   :  0.005 0.039 0.215 0.009 0.149 0.104 0.013 0.290 0.007 0.076 0.068 0.006 0.018 
 37  ZFBP102    (0)   :  0.006 0.017 0.237 0.014 0.115 0.036 0.010 0.335 0.012 0.195 0.010 0.009 0.005 
 38  ZFBP103    (0)   :  0.004 0.011 0.450 0.008 0.232 0.051 0.007 0.058 0.006 0.014 0.123 0.006 0.031 
 39  ZFBP104    (0)   :  0.023 0.008 0.213 0.018 0.589 0.006 0.034 0.046 0.014 0.030 0.004 0.007 0.010 
 40  ZFBP105    (0)   :  0.007 0.005 0.068 0.006 0.235 0.008 0.009 0.179 0.007 0.449 0.005 0.006 0.017 
 41  ZFBP106    (0)   :  0.004 0.011 0.049 0.003 0.550 0.013 0.005 0.190 0.004 0.141 0.007 0.003 0.018 
 42  ZFBP107    (0)   :  0.005 0.005 0.123 0.007 0.473 0.056 0.009 0.035 0.021 0.219 0.007 0.022 0.018 
 43  ZFBP108    (0)   :  0.004 0.006 0.010 0.002 0.746 0.005 0.003 0.144 0.003 0.065 0.003 0.003 0.007 
 44  ZFBP109    (0)   :  0.011 0.006 0.046 0.003 0.143 0.004 0.004 0.570 0.004 0.196 0.005 0.002 0.006 
 45  ZFBP110    (0)   :  0.011 0.005 0.171 0.043 0.074 0.038 0.011 0.452 0.024 0.053 0.024 0.006 0.088 
 46  ZFBP111    (0)   :  0.003 0.118 0.205 0.002 0.147 0.004 0.011 0.442 0.004 0.044 0.004 0.003 0.013 
 47  ZFBP112    (0)   :  0.003 0.042 0.011 0.003 0.044 0.009 0.006 0.835 0.004 0.023 0.008 0.005 0.007 
 48  ZFBP113    (0)   :  0.004 0.004 0.008 0.003 0.673 0.003 0.005 0.279 0.004 0.007 0.003 0.004 0.003 
 49  ZFBP114    (0)   :  0.004 0.004 0.043 0.003 0.030 0.008 0.003 0.035 0.005 0.852 0.004 0.004 0.004 
 50  ZFBP115    (0)   :  0.002 0.013 0.823 0.002 0.031 0.008 0.006 0.028 0.005 0.053 0.007 0.003 0.017 
 51  ZFBP116    (0)   :  0.003 0.006 0.023 0.002 0.754 0.006 0.007 0.162 0.005 0.017 0.004 0.004 0.006 
 52  ZFBP117    (0)   :  0.004 0.008 0.022 0.003 0.471 0.007 0.006 0.085 0.005 0.363 0.012 0.003 0.010 
 53  ZFBP118    (0)   :  0.003 0.010 0.047 0.004 0.253 0.016 0.004 0.040 0.007 0.601 0.004 0.006 0.004 
 54  ZFBP119    (0)   :  0.004 0.022 0.204 0.003 0.040 0.014 0.018 0.032 0.005 0.613 0.027 0.002 0.015 
 55  ZFBP120    (0)   :  0.009 0.005 0.091 0.007 0.385 0.008 0.010 0.203 0.007 0.246 0.005 0.005 0.019 
 56  ZFBP121    (0)   :  0.007 0.006 0.018 0.005 0.143 0.008 0.005 0.294 0.005 0.489 0.010 0.003 0.008 
 57  ZFBP122    (9)   :  0.004 0.011 0.023 0.003 0.369 0.006 0.006 0.520 0.003 0.041 0.005 0.003 0.007 
 58  ZFBP123    (0)   :  0.003 0.010 0.012 0.003 0.023 0.020 0.007 0.889 0.004 0.013 0.007 0.004 0.006 
 59  ZFBP124    (0)   :  0.017 0.005 0.028 0.006 0.136 0.011 0.004 0.414 0.005 0.359 0.007 0.004 0.005 
 60  ZFBP125    (0)   :  0.002 0.017 0.023 0.002 0.734 0.006 0.004 0.016 0.003 0.172 0.008 0.002 0.009 
 61  ZFBP126    (0)   :  0.005 0.005 0.013 0.009 0.573 0.019 0.015 0.312 0.014 0.009 0.013 0.009 0.003 
 62  ZFBP127    (0)   :  0.004 0.005 0.133 0.003 0.155 0.008 0.003 0.502 0.004 0.068 0.018 0.003 0.094 
 63  ZFBP128    (0)   :  0.004 0.040 0.019 0.003 0.746 0.009 0.004 0.117 0.003 0.014 0.021 0.002 0.017 
 64  ZFBP129    (0)   :  0.009 0.136 0.008 0.004 0.240 0.010 0.005 0.194 0.005 0.367 0.011 0.003 0.007 
 65  ZFBP130    (0)   :  0.002 0.079 0.048 0.002 0.628 0.012 0.008 0.086 0.003 0.082 0.031 0.003 0.016 
 66  ZFBP131    (0)   :  0.004 0.005 0.005 0.003 0.502 0.003 0.004 0.366 0.003 0.094 0.004 0.004 0.003 
 67  ZFBP132    (0)   :  0.003 0.004 0.023 0.006 0.275 0.004 0.003 0.335 0.004 0.311 0.004 0.003 0.024 
 68  ZFBP133    (0)   :  0.004 0.036 0.007 0.002 0.251 0.003 0.005 0.671 0.002 0.008 0.006 0.002 0.003 
 69  ZFBP134    (0)   :  0.004 0.011 0.664 0.004 0.054 0.003 0.010 0.198 0.003 0.012 0.024 0.003 0.012 
 70  ZFBP135    (0)   :  0.007 0.013 0.033 0.010 0.449 0.070 0.006 0.131 0.007 0.050 0.199 0.004 0.021 
 71  ZFBP136    (0)   :  0.003 0.029 0.079 0.003 0.058 0.100 0.006 0.631 0.004 0.031 0.033 0.005 0.018 
 72  ZFBP201    (0)   :  0.004 0.004 0.006 0.003 0.015 0.005 0.005 0.932 0.004 0.006 0.004 0.004 0.006 
 73  ZFBP202    (0)   :  0.011 0.010 0.039 0.005 0.393 0.006 0.006 0.395 0.005 0.103 0.005 0.003 0.016 
 74  ZFBP203    (0)   :  0.006 0.013 0.011 0.006 0.049 0.007 0.020 0.805 0.023 0.015 0.004 0.037 0.005 
 75  ZFBP204    (0)   :  0.005 0.027 0.144 0.004 0.079 0.044 0.011 0.223 0.007 0.414 0.015 0.005 0.024 
 76  ZFBP205    (0)   :  0.003 0.007 0.028 0.002 0.010 0.007 0.004 0.787 0.003 0.136 0.006 0.003 0.003 
 77  ZFBP206    (0)   :  0.004 0.011 0.006 0.002 0.013 0.012 0.007 0.921 0.003 0.007 0.005 0.004 0.005 
 78  ZFBP207    (0)   :  0.004 0.009 0.187 0.005 0.009 0.008 0.006 0.046 0.005 0.587 0.013 0.004 0.116 
 79  ZFBP208    (0)   :  0.004 0.004 0.006 0.003 0.009 0.008 0.006 0.940 0.004 0.006 0.003 0.005 0.003 
 80  ZFBP209    (0)   :  0.003 0.043 0.007 0.002 0.144 0.003 0.004 0.748 0.002 0.028 0.008 0.002 0.003 
 81  ZFBP210    (0)   :  0.004 0.005 0.007 0.003 0.007 0.004 0.005 0.940 0.004 0.007 0.003 0.005 0.006 
 82  ZFBP211    (0)   :  0.007 0.005 0.011 0.007 0.129 0.008 0.005 0.085 0.004 0.722 0.004 0.003 0.011 
 83  ZFBP212    (0)   :  0.004 0.007 0.095 0.008 0.431 0.003 0.004 0.297 0.004 0.075 0.003 0.003 0.067 
 84  ZFBP213    (0)   :  0.011 0.008 0.009 0.005 0.028 0.020 0.008 0.859 0.005 0.023 0.009 0.004 0.011 
 85  ZFBP214    (0)   :  0.009 0.017 0.015 0.004 0.008 0.014 0.019 0.844 0.006 0.010 0.027 0.003 0.023 
 86  ZFBP215    (0)   :  0.004 0.008 0.008 0.003 0.416 0.005 0.004 0.507 0.003 0.028 0.006 0.003 0.006 
 87  ZFBP216    (0)   :  0.005 0.005 0.031 0.004 0.092 0.006 0.017 0.777 0.008 0.041 0.005 0.005 0.006 
 88  ZFBP217    (0)   :  0.004 0.067 0.039 0.004 0.015 0.004 0.015 0.796 0.006 0.014 0.006 0.003 0.027 
 89  ZFBP218    (0)   :  0.008 0.015 0.039 0.002 0.155 0.003 0.006 0.520 0.003 0.239 0.004 0.003 0.004 
 90  ZFBP219    (0)   :  0.003 0.004 0.008 0.003 0.558 0.004 0.005 0.392 0.004 0.011 0.003 0.003 0.003 
 91  ZFBP220    (0)   :  0.003 0.036 0.081 0.003 0.224 0.008 0.006 0.562 0.004 0.032 0.021 0.003 0.017 
 92  ZFBP221    (0)   :  0.005 0.010 0.475 0.004 0.125 0.002 0.006 0.237 0.003 0.116 0.003 0.003 0.010 
 93  ZFBP222    (0)   :  0.005 0.006 0.004 0.003 0.046 0.004 0.006 0.900 0.003 0.011 0.006 0.004 0.003 
 94  ZFBP223    (0)   :  0.006 0.009 0.063 0.007 0.040 0.008 0.004 0.524 0.006 0.083 0.008 0.004 0.238 
 95  ZFBP224    (0)   :  0.006 0.004 0.008 0.003 0.020 0.009 0.005 0.919 0.005 0.009 0.004 0.003 0.006 
 96  ZFBP225    (0)   :  0.003 0.258 0.242 0.003 0.146 0.009 0.014 0.251 0.007 0.022 0.012 0.007 0.026 
 97  ZFBP226    (0)   :  0.004 0.005 0.012 0.003 0.193 0.005 0.005 0.630 0.004 0.127 0.004 0.004 0.005 
 98  ZFBP227    (0)   :  0.025 0.007 0.163 0.010 0.192 0.014 0.120 0.330 0.033 0.081 0.006 0.008 0.010 
 99  ZFBP228    (0)   :  0.005 0.007 0.309 0.004 0.158 0.006 0.005 0.118 0.004 0.278 0.020 0.003 0.084 
100  ZFBP229    (0)   :  0.003 0.027 0.027 0.002 0.629 0.004 0.006 0.200 0.004 0.083 0.007 0.003 0.005 
101  ZFBP230    (0)   :  0.004 0.026 0.110 0.003 0.075 0.008 0.008 0.650 0.004 0.070 0.025 0.003 0.012 
102  ZFBP231    (0)   :  0.008 0.006 0.018 0.006 0.039 0.022 0.007 0.050 0.007 0.819 0.005 0.005 0.008 
103  ZFBP232    (0)   :  0.003 0.008 0.010 0.003 0.205 0.005 0.004 0.161 0.002 0.587 0.004 0.003 0.004 
104  ZFBP233    (0)   :  0.008 0.020 0.029 0.006 0.110 0.010 0.010 0.686 0.004 0.100 0.005 0.004 0.008 
105   ZFCC01    (0)   :  0.015 0.004 0.004 0.005 0.004 0.008 0.005 0.006 0.004 0.003 0.933 0.005 0.005 
106   ZFCC03    (0)   :  0.008 0.004 0.004 0.003 0.004 0.005 0.003 0.005 0.003 0.003 0.947 0.003 0.009 
107   ZFCC04    (0)   :  0.007 0.006 0.004 0.004 0.003 0.013 0.005 0.005 0.004 0.003 0.936 0.004 0.005 
108   ZFCC05    (0)   :  0.012 0.007 0.007 0.005 0.004 0.048 0.008 0.010 0.006 0.005 0.865 0.006 0.017 
109   ZFCC08    (0)   :  0.009 0.019 0.010 0.002 0.007 0.010 0.007 0.015 0.003 0.012 0.897 0.003 0.005 
110   ZFCC09    (0)   :  0.010 0.003 0.003 0.003 0.003 0.007 0.003 0.003 0.003 0.006 0.944 0.003 0.008 
111   ZFCC10    (0)   :  0.039 0.004 0.003 0.004 0.003 0.008 0.003 0.005 0.003 0.004 0.915 0.004 0.004 
112   ZFCC11    (0)   :  0.011 0.005 0.005 0.003 0.005 0.009 0.004 0.007 0.004 0.004 0.929 0.004 0.011 
113   ZFCC12    (0)   :  0.034 0.005 0.008 0.009 0.006 0.038 0.009 0.008 0.019 0.004 0.789 0.064 0.008 
114   ZFCC13    (0)   :  0.004 0.008 0.012 0.004 0.008 0.007 0.010 0.013 0.006 0.006 0.906 0.009 0.009 
115   ZFCC14    (0)   :  0.009 0.007 0.004 0.009 0.009 0.029 0.004 0.011 0.006 0.008 0.893 0.006 0.005 
116   ZFCC15    (0)   :  0.005 0.004 0.004 0.004 0.003 0.005 0.007 0.004 0.005 0.003 0.945 0.005 0.004 
117   ZFCC16    (0)   :  0.006 0.004 0.003 0.005 0.003 0.013 0.005 0.004 0.004 0.003 0.942 0.005 0.004 
118   ZFCC17    (0)   :  0.006 0.004 0.004 0.006 0.003 0.047 0.004 0.003 0.005 0.003 0.899 0.012 0.006 
119   ZFCC18    (0)   :  0.010 0.006 0.004 0.003 0.004 0.008 0.004 0.006 0.004 0.003 0.935 0.004 0.009 
120   ZFCC19    (0)   :  0.004 0.003 0.003 0.005 0.003 0.008 0.008 0.003 0.006 0.003 0.944 0.008 0.003 
121   ZFCC20    (0)   :  0.005 0.006 0.007 0.004 0.003 0.011 0.008 0.004 0.004 0.003 0.934 0.004 0.007 
122   ZFCC21    (0)   :  0.007 0.026 0.015 0.006 0.022 0.013 0.063 0.112 0.007 0.007 0.713 0.006 0.003 
123   ZFCC22    (0)   :  0.017 0.036 0.060 0.003 0.055 0.010 0.008 0.230 0.004 0.028 0.537 0.005 0.007 
124   ZFCC26    (0)   :  0.006 0.004 0.003 0.004 0.003 0.008 0.004 0.004 0.004 0.003 0.948 0.004 0.004 
125   ZFCC27    (0)   :  0.005 0.004 0.004 0.003 0.003 0.005 0.003 0.003 0.003 0.003 0.953 0.003 0.007 
126   ZFCC29    (0)   :  0.007 0.005 0.005 0.008 0.003 0.017 0.011 0.005 0.006 0.004 0.918 0.005 0.005 
127   ZFCC30    (0)   :  0.004 0.005 0.004 0.003 0.003 0.007 0.004 0.004 0.003 0.003 0.946 0.004 0.010 
128   ZFCC32    (0)   :  0.008 0.006 0.006 0.004 0.003 0.010 0.010 0.005 0.006 0.005 0.925 0.009 0.006 
129   ZFCC33    (0)   :  0.009 0.004 0.004 0.008 0.004 0.343 0.005 0.004 0.007 0.004 0.595 0.004 0.008 
130   ZFCC34    (0)   :  0.023 0.018 0.028 0.020 0.040 0.049 0.007 0.051 0.006 0.077 0.603 0.018 0.058 
131   ZFCC35    (0)   :  0.004 0.005 0.004 0.002 0.003 0.007 0.003 0.003 0.003 0.005 0.955 0.003 0.004 
132   ZFCC36    (0)   :  0.005 0.008 0.010 0.004 0.007 0.013 0.016 0.015 0.006 0.005 0.892 0.014 0.004 
133   ZFCC37    (0)   :  0.048 0.005 0.009 0.010 0.008 0.033 0.009 0.014 0.019 0.006 0.784 0.047 0.008 
134   ZFCC40    (0)   :  0.009 0.004 0.003 0.005 0.006 0.015 0.003 0.008 0.004 0.004 0.926 0.009 0.004 
135   ZFCC42    (0)   :  0.007 0.007 0.009 0.026 0.003 0.432 0.004 0.006 0.017 0.005 0.066 0.369 0.048 
136   ZFCC44    (0)   :  0.003 0.003 0.003 0.003 0.003 0.015 0.002 0.003 0.004 0.004 0.942 0.005 0.010 
137   ZFCC45    (9)   :  0.023 0.004 0.005 0.009 0.006 0.049 0.008 0.006 0.020 0.004 0.839 0.018 0.009 
138   ZFCC46    (0)   :  0.003 0.038 0.020 0.003 0.010 0.014 0.008 0.015 0.004 0.012 0.859 0.004 0.010 
139   ZFCC47    (0)   :  0.031 0.006 0.006 0.007 0.003 0.008 0.006 0.005 0.006 0.008 0.880 0.029 0.006 
140   ZFCC48    (0)   :  0.006 0.036 0.011 0.005 0.019 0.014 0.015 0.081 0.004 0.010 0.791 0.004 0.004 
141   ZFCC50    (0)   :  0.005 0.003 0.003 0.004 0.002 0.009 0.004 0.003 0.004 0.003 0.952 0.005 0.003 
142   ZFCC51    (0)   :  0.005 0.003 0.003 0.004 0.003 0.004 0.003 0.003 0.003 0.003 0.951 0.003 0.011 
143   ZFCC52    (0)   :  0.004 0.014 0.010 0.004 0.012 0.043 0.007 0.024 0.004 0.011 0.853 0.009 0.006 
144   ZFCC53    (0)   :  0.005 0.003 0.003 0.003 0.003 0.005 0.003 0.003 0.004 0.003 0.957 0.003 0.006 
145  ZFCNS01    (0)   :  0.003 0.003 0.046 0.002 0.007 0.003 0.047 0.009 0.030 0.004 0.006 0.020 0.820 
146  ZFCNS02    (0)   :  0.003 0.004 0.005 0.003 0.003 0.004 0.003 0.003 0.003 0.005 0.005 0.002 0.958 
147  ZFCNS05    (0)   :  0.006 0.005 0.008 0.005 0.007 0.006 0.005 0.008 0.003 0.006 0.007 0.003 0.933 
148  ZFCNS06    (0)   :  0.003 0.004 0.004 0.003 0.004 0.004 0.003 0.003 0.003 0.005 0.005 0.002 0.957 
149  ZFCNS07    (0)   :  0.003 0.010 0.006 0.003 0.005 0.003 0.003 0.005 0.003 0.011 0.004 0.002 0.943 
150  ZFCNS10    (0)   :  0.003 0.006 0.030 0.003 0.009 0.003 0.003 0.006 0.003 0.007 0.004 0.003 0.921 
151  ZFCNS11    (0)   :  0.003 0.004 0.019 0.002 0.006 0.004 0.019 0.007 0.013 0.004 0.006 0.011 0.902 
152  ZFCNS15    (0)   :  0.003 0.007 0.042 0.003 0.032 0.007 0.003 0.010 0.004 0.012 0.003 0.003 0.871 
153  ZFCNS17    (0)   :  0.003 0.004 0.005 0.003 0.003 0.004 0.003 0.004 0.003 0.005 0.005 0.002 0.958 
154  ZFCNS18    (0)   :  0.003 0.004 0.019 0.003 0.010 0.004 0.003 0.008 0.003 0.006 0.005 0.004 0.930 
155  ZFCNS19    (0)   :  0.003 0.003 0.004 0.003 0.003 0.003 0.003 0.003 0.003 0.003 0.005 0.002 0.962 
156  ZFCNS20    (0)   :  0.003 0.019 0.014 0.003 0.013 0.008 0.004 0.010 0.004 0.015 0.005 0.003 0.900 
157  ZFCNS21    (0)   :  0.003 0.002 0.005 0.002 0.003 0.003 0.003 0.003 0.003 0.003 0.004 0.002 0.964 
158  ZFCNS22    (0)   :  0.005 0.005 0.012 0.005 0.013 0.006 0.004 0.010 0.003 0.011 0.005 0.003 0.918 
159  ZFCNS23    (0)   :  0.005 0.012 0.005 0.004 0.003 0.024 0.009 0.010 0.008 0.005 0.013 0.011 0.889 
160  ZFCNS24    (0)   :  0.003 0.006 0.011 0.002 0.005 0.010 0.004 0.006 0.003 0.008 0.007 0.003 0.931 
161  ZFCNS25    (0)   :  0.003 0.010 0.012 0.002 0.009 0.009 0.004 0.008 0.003 0.016 0.005 0.003 0.916 
162  ZFCNS26    (0)   :  0.003 0.004 0.007 0.003 0.006 0.003 0.003 0.003 0.003 0.004 0.003 0.002 0.955 
163  ZFCNS27    (0)   :  0.003 0.009 0.046 0.003 0.032 0.007 0.004 0.009 0.003 0.028 0.003 0.003 0.850 
164  ZFCNS28    (0)   :  0.003 0.004 0.005 0.003 0.004 0.003 0.003 0.003 0.003 0.004 0.004 0.002 0.958 
165  ZFCNS29    (0)   :  0.004 0.004 0.007 0.003 0.007 0.007 0.004 0.006 0.003 0.008 0.007 0.002 0.935 
166  ZFCNS30    (0)   :  0.005 0.003 0.010 0.004 0.005 0.006 0.004 0.005 0.003 0.004 0.007 0.003 0.941 
167  ZFCNS31    (0)   :  0.003 0.004 0.006 0.003 0.004 0.003 0.003 0.003 0.003 0.004 0.003 0.002 0.959 
168  ZFCNS32    (0)   :  0.003 0.007 0.011 0.003 0.007 0.007 0.005 0.005 0.003 0.007 0.004 0.003 0.934 
169  ZFCNS33    (0)   :  0.003 0.005 0.005 0.003 0.003 0.003 0.003 0.003 0.002 0.003 0.003 0.002 0.961 
170  ZFCNS34    (0)   :  0.005 0.004 0.006 0.003 0.004 0.008 0.005 0.005 0.003 0.006 0.011 0.003 0.937 
171  ZFCNS35    (0)   :  0.013 0.004 0.028 0.018 0.012 0.003 0.004 0.012 0.003 0.012 0.007 0.002 0.882 
172  ZFCNS36    (0)   :  0.003 0.008 0.008 0.002 0.005 0.011 0.004 0.006 0.003 0.008 0.009 0.003 0.930 
173  ZFCNS37    (0)   :  0.004 0.008 0.159 0.003 0.006 0.005 0.004 0.006 0.009 0.008 0.005 0.002 0.780 
174  ZFCNS39    (0)   :  0.002 0.020 0.031 0.002 0.007 0.006 0.012 0.009 0.005 0.007 0.015 0.003 0.880 
175  ZFCNS40    (0)   :  0.003 0.114 0.171 0.002 0.005 0.012 0.006 0.008 0.004 0.018 0.031 0.003 0.623 
176  ZFCNS41    (0)   :  0.006 0.005 0.667 0.005 0.010 0.012 0.011 0.019 0.008 0.019 0.014 0.004 0.220 
177  ZFCNS42    (0)   :  0.003 0.003 0.006 0.003 0.005 0.004 0.003 0.003 0.003 0.004 0.003 0.002 0.958 
178  ZFCNS43    (0)   :  0.003 0.003 0.005 0.003 0.003 0.003 0.003 0.003 0.003 0.003 0.004 0.002 0.963 
179  ZFCNS44    (0)   :  0.003 0.003 0.018 0.003 0.011 0.004 0.003 0.007 0.003 0.005 0.005 0.003 0.933 
180  ZFCNS46    (0)   :  0.004 0.004 0.012 0.003 0.007 0.006 0.004 0.007 0.004 0.005 0.005 0.002 0.937 
181  ZFCNS47    (0)   :  0.003 0.003 0.005 0.002 0.003 0.003 0.003 0.003 0.003 0.003 0.004 0.002 0.963 
182  ZFCNS48    (0)   :  0.004 0.005 0.037 0.004 0.016 0.005 0.004 0.013 0.004 0.009 0.007 0.003 0.888 
183  ZFCNS49    (0)   :  0.003 0.004 0.048 0.004 0.028 0.003 0.003 0.009 0.003 0.008 0.003 0.003 0.882 
184   ZFCR01    (0)   :  0.130 0.015 0.005 0.030 0.030 0.003 0.007 0.042 0.684 0.009 0.024 0.019 0.003 
185   ZFCR02    (0)   :  0.006 0.034 0.009 0.549 0.008 0.043 0.032 0.048 0.093 0.086 0.071 0.016 0.008 
186   ZFCR03    (0)   :  0.034 0.025 0.007 0.289 0.034 0.050 0.202 0.167 0.037 0.022 0.030 0.100 0.003 
187   ZFCR04    (0)   :  0.120 0.039 0.042 0.398 0.022 0.007 0.050 0.015 0.228 0.016 0.023 0.028 0.012 
188   ZFCR05    (0)   :  0.189 0.008 0.007 0.099 0.006 0.006 0.345 0.008 0.214 0.007 0.079 0.027 0.004 
189   ZFCR06    (0)   :  0.036 0.029 0.057 0.127 0.068 0.007 0.049 0.032 0.416 0.079 0.032 0.008 0.059 
190   ZFCR07    (0)   :  0.012 0.004 0.041 0.054 0.011 0.049 0.414 0.014 0.321 0.005 0.011 0.011 0.054 
191   ZFCR08    (0)   :  0.087 0.029 0.012 0.024 0.025 0.034 0.008 0.032 0.629 0.009 0.067 0.042 0.005 
192   ZFCR09    (0)   :  0.025 0.015 0.050 0.115 0.041 0.013 0.035 0.143 0.039 0.073 0.027 0.410 0.014 
193   ZFCR11    (0)   :  0.104 0.003 0.138 0.255 0.009 0.005 0.233 0.007 0.169 0.030 0.017 0.019 0.011 
194   ZFCR12    (0)   :  0.007 0.018 0.080 0.041 0.019 0.012 0.416 0.009 0.221 0.019 0.019 0.005 0.136 
195   ZFCR13    (0)   :  0.006 0.005 0.009 0.018 0.122 0.006 0.381 0.015 0.374 0.046 0.007 0.004 0.008 
196   ZFCR14    (0)   :  0.032 0.040 0.009 0.079 0.009 0.007 0.486 0.009 0.285 0.008 0.020 0.009 0.007 
197   ZFCR15    (0)   :  0.037 0.123 0.013 0.241 0.020 0.014 0.100 0.023 0.384 0.015 0.016 0.009 0.004 
198   ZFCR16    (0)   :  0.016 0.051 0.009 0.304 0.016 0.005 0.064 0.036 0.460 0.019 0.012 0.005 0.003 
199   ZFCR18    (0)   :  0.006 0.013 0.009 0.769 0.007 0.069 0.007 0.012 0.013 0.059 0.020 0.005 0.009 
200   ZFCR19    (0)   :  0.023 0.302 0.008 0.337 0.026 0.008 0.095 0.013 0.027 0.017 0.015 0.123 0.005 
201   ZFCR20    (0)   :  0.164 0.011 0.009 0.143 0.092 0.032 0.205 0.165 0.118 0.016 0.011 0.029 0.005 
202   ZFCR21    (0)   :  0.025 0.017 0.009 0.027 0.010 0.007 0.593 0.013 0.259 0.007 0.026 0.004 0.003 
203   ZFCR22    (0)   :  0.002 0.014 0.005 0.065 0.009 0.006 0.757 0.010 0.110 0.008 0.004 0.006 0.003 
204   ZFCR23    (0)   :  0.009 0.005 0.025 0.038 0.172 0.003 0.412 0.079 0.195 0.022 0.003 0.031 0.004 
205   ZFCR24    (9)   :  0.033 0.006 0.007 0.075 0.431 0.011 0.204 0.094 0.090 0.018 0.008 0.019 0.004 
206   ZFCR25    (0)   :  0.024 0.004 0.005 0.055 0.005 0.009 0.562 0.005 0.305 0.003 0.009 0.012 0.003 
207   ZFCR26    (0)   :  0.010 0.020 0.010 0.004 0.010 0.010 0.764 0.013 0.014 0.019 0.022 0.098 0.006 
208   ZFCR27    (9)   :  0.046 0.003 0.003 0.022 0.004 0.003 0.041 0.004 0.842 0.003 0.006 0.017 0.003 
209   ZFCR28    (0)   :  0.007 0.060 0.014 0.004 0.024 0.006 0.008 0.266 0.546 0.031 0.008 0.005 0.020 
210   ZFCR29    (0)   :  0.029 0.005 0.005 0.135 0.011 0.005 0.756 0.010 0.019 0.007 0.007 0.009 0.002 
211   ZFCR30    (0)   :  0.010 0.004 0.005 0.033 0.005 0.005 0.807 0.004 0.101 0.004 0.005 0.012 0.005 
212   ZFCR31    (0)   :  0.022 0.023 0.061 0.416 0.050 0.027 0.071 0.110 0.028 0.082 0.014 0.057 0.039 
213   ZFCR33    (0)   :  0.043 0.013 0.015 0.007 0.010 0.010 0.019 0.014 0.800 0.007 0.028 0.026 0.007 
214   ZFCR34    (0)   :  0.007 0.011 0.033 0.185 0.032 0.005 0.519 0.037 0.107 0.010 0.019 0.026 0.011 
215   ZFCR35    (0)   :  0.008 0.010 0.012 0.849 0.013 0.009 0.021 0.007 0.024 0.006 0.023 0.008 0.012 
216   ZFCR36    (0)   :  0.012 0.005 0.007 0.382 0.010 0.005 0.450 0.010 0.064 0.005 0.009 0.027 0.014 
217   ZFCR37    (0)   :  0.063 0.004 0.004 0.044 0.004 0.020 0.638 0.005 0.119 0.004 0.061 0.031 0.004 
218   ZFCR38    (0)   :  0.059 0.014 0.009 0.009 0.006 0.012 0.029 0.010 0.772 0.007 0.039 0.026 0.008 
219   ZFCR39    (0)   :  0.013 0.028 0.014 0.023 0.020 0.034 0.009 0.094 0.414 0.036 0.092 0.219 0.003 
220   ZFCR40    (0)   :  0.016 0.006 0.016 0.021 0.021 0.005 0.075 0.015 0.737 0.005 0.036 0.045 0.004 
221   ZFCR41    (0)   :  0.019 0.019 0.123 0.044 0.006 0.007 0.455 0.010 0.200 0.008 0.091 0.004 0.013 
222   ZFCR42    (0)   :  0.015 0.032 0.026 0.021 0.031 0.012 0.371 0.034 0.335 0.015 0.055 0.040 0.012 
223   ZFCR43    (0)   :  0.013 0.006 0.006 0.185 0.153 0.005 0.224 0.010 0.329 0.054 0.006 0.006 0.004 
224  ZFENP25    (0)   :  0.040 0.010 0.005 0.005 0.008 0.006 0.006 0.016 0.874 0.004 0.017 0.005 0.003 
225  ZFENP26    (0)   :  0.006 0.003 0.004 0.007 0.003 0.004 0.004 0.003 0.948 0.003 0.004 0.008 0.003 
226  ZFENP27    (0)   :  0.032 0.013 0.029 0.016 0.022 0.042 0.007 0.038 0.517 0.006 0.198 0.037 0.042 
227  ZFENP28    (0)   :  0.022 0.005 0.005 0.010 0.003 0.004 0.012 0.004 0.894 0.005 0.012 0.014 0.010 
228  ZFENP29    (0)   :  0.004 0.004 0.004 0.004 0.005 0.007 0.009 0.004 0.938 0.003 0.008 0.005 0.005 
229  ZFENP30    (0)   :  0.009 0.007 0.004 0.008 0.004 0.106 0.010 0.006 0.787 0.007 0.029 0.013 0.010 
230  ZFENP31    (0)   :  0.018 0.004 0.004 0.016 0.003 0.367 0.007 0.005 0.133 0.012 0.017 0.409 0.006 
231  ZFENP32    (0)   :  0.035 0.006 0.017 0.244 0.009 0.129 0.012 0.024 0.206 0.027 0.013 0.248 0.029 
232  ZFENP33    (0)   :  0.042 0.003 0.007 0.013 0.007 0.040 0.033 0.008 0.815 0.005 0.005 0.016 0.005 
233  ZFENP34    (0)   :  0.648 0.005 0.007 0.027 0.005 0.072 0.008 0.006 0.167 0.009 0.022 0.011 0.012 
234  ZFENP35    (0)   :  0.008 0.005 0.017 0.014 0.014 0.007 0.008 0.008 0.871 0.005 0.005 0.027 0.012 
235  ZFENP36    (0)   :  0.006 0.002 0.004 0.010 0.003 0.009 0.007 0.004 0.928 0.002 0.003 0.012 0.010 
236  ZFENP37    (0)   :  0.325 0.004 0.008 0.014 0.007 0.010 0.025 0.009 0.506 0.005 0.009 0.067 0.010 
237  ZFENP38    (0)   :  0.022 0.005 0.010 0.010 0.006 0.018 0.323 0.008 0.530 0.005 0.020 0.023 0.020 
238  ZFENP39    (0)   :  0.022 0.003 0.005 0.016 0.005 0.005 0.013 0.004 0.897 0.003 0.011 0.011 0.005 
239  ZFENP40    (0)   :  0.020 0.004 0.005 0.018 0.010 0.013 0.006 0.010 0.863 0.007 0.007 0.031 0.006 
240  ZFENP41    (0)   :  0.016 0.007 0.007 0.017 0.007 0.039 0.007 0.007 0.813 0.006 0.052 0.013 0.009 
241  ZFENP42    (0)   :  0.004 0.005 0.006 0.004 0.003 0.009 0.038 0.004 0.788 0.003 0.006 0.128 0.003 
242  ZFENP43    (0)   :  0.036 0.006 0.038 0.008 0.009 0.008 0.093 0.009 0.673 0.007 0.034 0.025 0.055 
243  ZFENP44    (0)   :  0.016 0.003 0.013 0.005 0.009 0.025 0.024 0.009 0.791 0.004 0.014 0.076 0.011 
244  ZFENP45    (0)   :  0.011 0.285 0.013 0.008 0.020 0.016 0.041 0.027 0.435 0.039 0.016 0.080 0.009 
245  ZFENP46    (0)   :  0.028 0.004 0.021 0.009 0.026 0.011 0.052 0.013 0.797 0.009 0.003 0.022 0.007 
246  ZFENP47    (0)   :  0.015 0.144 0.005 0.051 0.015 0.017 0.008 0.016 0.304 0.017 0.069 0.336 0.004 
247  ZFENP48    (0)   :  0.547 0.011 0.006 0.012 0.006 0.268 0.012 0.014 0.066 0.016 0.014 0.022 0.008 
248  ZFENP49    (0)   :  0.006 0.017 0.008 0.062 0.025 0.191 0.019 0.015 0.613 0.017 0.011 0.011 0.005 
249  ZFENP50    (0)   :  0.008 0.006 0.015 0.008 0.019 0.006 0.125 0.051 0.686 0.026 0.004 0.041 0.005 
250  ZFENP51    (0)   :  0.018 0.046 0.005 0.030 0.004 0.031 0.019 0.004 0.486 0.004 0.007 0.341 0.006 
251  ZFENP52    (0)   :  0.004 0.004 0.018 0.003 0.005 0.006 0.011 0.005 0.910 0.005 0.010 0.009 0.011 
252  ZFENP53    (0)   :  0.008 0.024 0.016 0.006 0.021 0.008 0.023 0.038 0.778 0.042 0.007 0.019 0.010 
253  ZFENP54    (0)   :  0.009 0.010 0.012 0.037 0.023 0.025 0.042 0.070 0.692 0.044 0.021 0.011 0.004 
254  ZFENP55    (0)   :  0.029 0.004 0.004 0.039 0.004 0.010 0.656 0.005 0.217 0.005 0.004 0.017 0.005 
255  ZFENP56    (0)   :  0.010 0.006 0.010 0.012 0.004 0.010 0.078 0.004 0.829 0.004 0.007 0.014 0.011 
256  ZFENP57    (0)   :  0.017 0.002 0.009 0.013 0.004 0.013 0.018 0.006 0.828 0.003 0.004 0.069 0.014 
257  ZFENP58    (0)   :  0.006 0.136 0.014 0.028 0.004 0.286 0.035 0.019 0.417 0.007 0.019 0.012 0.016 
258  ZFENP59    (0)   :  0.011 0.004 0.004 0.011 0.005 0.029 0.009 0.005 0.827 0.005 0.056 0.028 0.005 
259  ZFENP60    (0)   :  0.030 0.013 0.007 0.031 0.012 0.006 0.013 0.011 0.836 0.008 0.013 0.013 0.007 
260  ZFENP61    (0)   :  0.021 0.003 0.004 0.023 0.004 0.008 0.009 0.003 0.899 0.003 0.012 0.008 0.004 
261 ZFFDSP01    (0)   :  0.004 0.014 0.052 0.006 0.170 0.004 0.007 0.708 0.003 0.009 0.004 0.003 0.017 
262 ZFFDSP02    (0)   :  0.003 0.004 0.007 0.003 0.923 0.003 0.003 0.039 0.002 0.004 0.004 0.002 0.003 
263 ZFFDSP04    (0)   :  0.005 0.012 0.009 0.005 0.494 0.003 0.005 0.445 0.002 0.010 0.005 0.002 0.003 
264 ZFFDSP05    (0)   :  0.003 0.009 0.024 0.003 0.883 0.003 0.008 0.037 0.004 0.013 0.004 0.004 0.005 
265 ZFFDSP06    (0)   :  0.011 0.016 0.033 0.003 0.351 0.004 0.004 0.437 0.003 0.121 0.012 0.002 0.003 
266 ZFFDSP07    (0)   :  0.004 0.039 0.007 0.002 0.228 0.031 0.009 0.622 0.005 0.031 0.013 0.005 0.004 
267 ZFFDSP08    (0)   :  0.004 0.113 0.035 0.003 0.150 0.040 0.011 0.414 0.005 0.196 0.011 0.004 0.014 
268 ZFFDSP10    (0)   :  0.004 0.021 0.021 0.004 0.609 0.016 0.008 0.276 0.006 0.018 0.007 0.005 0.005 
269 ZFFDSP11    (0)   :  0.004 0.008 0.013 0.005 0.429 0.003 0.007 0.491 0.003 0.025 0.004 0.003 0.003 
270 ZFFDSP12    (0)   :  0.003 0.011 0.014 0.003 0.151 0.005 0.004 0.401 0.004 0.393 0.003 0.003 0.005 
271 ZFFDSP13    (0)   :  0.004 0.005 0.761 0.004 0.079 0.008 0.008 0.072 0.006 0.018 0.011 0.004 0.020 
272 ZFFDSP14    (0)   :  0.005 0.028 0.006 0.002 0.379 0.009 0.007 0.534 0.004 0.012 0.007 0.004 0.004 
273 ZFFDSP16    (0)   :  0.006 0.004 0.010 0.005 0.044 0.004 0.006 0.883 0.006 0.011 0.007 0.003 0.011 
274 ZFFDSP17    (0)   :  0.006 0.007 0.017 0.004 0.171 0.005 0.007 0.746 0.004 0.019 0.006 0.002 0.005 
275 ZFFDSP18    (0)   :  0.006 0.019 0.006 0.005 0.820 0.003 0.004 0.104 0.003 0.017 0.006 0.002 0.004 
276 ZFFDSP19    (0)   :  0.007 0.017 0.039 0.004 0.147 0.004 0.004 0.625 0.003 0.020 0.025 0.003 0.101 
277 ZFFDSP21    (0)   :  0.004 0.006 0.191 0.003 0.140 0.004 0.004 0.541 0.003 0.009 0.020 0.002 0.071 
278 ZFFDSP22    (0)   :  0.003 0.085 0.011 0.002 0.241 0.004 0.005 0.587 0.003 0.047 0.005 0.002 0.004 
279 ZFFDSP23    (0)   :  0.003 0.063 0.033 0.002 0.842 0.003 0.005 0.022 0.003 0.011 0.004 0.002 0.006 
280 ZFFDSP24    (0)   :  0.004 0.005 0.014 0.004 0.929 0.004 0.005 0.012 0.003 0.007 0.004 0.003 0.007 
281 ZFFDSP26    (9)   :  0.003 0.013 0.025 0.003 0.877 0.004 0.005 0.039 0.003 0.015 0.004 0.003 0.006 
282 ZFFDSP27    (0)   :  0.005 0.006 0.007 0.004 0.925 0.003 0.004 0.022 0.003 0.009 0.004 0.002 0.006 
283 ZFFDSP28    (0)   :  0.023 0.008 0.014 0.023 0.773 0.018 0.013 0.082 0.007 0.014 0.007 0.014 0.004 
284 ZFFDSP30    (0)   :  0.008 0.006 0.129 0.036 0.071 0.007 0.006 0.672 0.004 0.011 0.005 0.005 0.041 
285 ZFFDSP31    (0)   :  0.012 0.007 0.040 0.004 0.223 0.005 0.007 0.031 0.005 0.650 0.005 0.002 0.009 
286 ZFFDSP32    (0)   :  0.004 0.005 0.010 0.002 0.434 0.004 0.004 0.516 0.003 0.008 0.003 0.003 0.005 
287 ZFFDSP33    (0)   :  0.004 0.007 0.021 0.003 0.603 0.003 0.003 0.308 0.003 0.034 0.002 0.003 0.005 
288 ZFFDSP34    (0)   :  0.010 0.013 0.035 0.003 0.537 0.005 0.005 0.030 0.003 0.341 0.011 0.002 0.005 
289 ZFFDSP35    (0)   :  0.004 0.006 0.023 0.003 0.907 0.004 0.005 0.028 0.003 0.008 0.004 0.002 0.005 
290 ZFFDSP37    (0)   :  0.004 0.004 0.008 0.003 0.871 0.004 0.003 0.083 0.003 0.007 0.003 0.002 0.005 
291 ZFFDSP38    (0)   :  0.004 0.004 0.005 0.004 0.943 0.004 0.004 0.009 0.003 0.011 0.003 0.002 0.005 
292 ZFFDSP39    (0)   :  0.003 0.006 0.047 0.003 0.904 0.003 0.003 0.009 0.003 0.008 0.003 0.002 0.006 
293 ZFFDSP40    (0)   :  0.003 0.004 0.011 0.003 0.945 0.003 0.003 0.008 0.003 0.006 0.003 0.002 0.005 
294 ZFFDSP42    (0)   :  0.003 0.033 0.010 0.003 0.906 0.003 0.004 0.010 0.003 0.013 0.005 0.002 0.005 
295 ZFFDSP43    (0)   :  0.003 0.007 0.008 0.003 0.944 0.003 0.003 0.006 0.003 0.009 0.003 0.002 0.006 
296 ZFFDSP44    (0)   :  0.004 0.005 0.024 0.004 0.835 0.005 0.004 0.081 0.003 0.020 0.003 0.003 0.008 
297 ZFFDSP45    (0)   :  0.003 0.004 0.006 0.003 0.953 0.003 0.003 0.006 0.003 0.006 0.003 0.002 0.004 
298 ZFFDSP46    (0)   :  0.003 0.007 0.008 0.003 0.939 0.004 0.004 0.011 0.003 0.007 0.004 0.002 0.004 
299 ZFFDSP47    (0)   :  0.003 0.010 0.097 0.003 0.827 0.004 0.006 0.015 0.003 0.014 0.004 0.003 0.012 
300 ZFFDSP48    (0)   :  0.003 0.004 0.019 0.003 0.933 0.004 0.003 0.008 0.003 0.006 0.003 0.002 0.008 
301    ZFI01    (0)   :  0.031 0.004 0.005 0.863 0.004 0.015 0.009 0.008 0.010 0.004 0.009 0.028 0.008 
302    ZFI02    (0)   :  0.023 0.005 0.004 0.912 0.005 0.004 0.007 0.005 0.006 0.004 0.004 0.011 0.008 
303    ZFI03    (0)   :  0.062 0.003 0.004 0.879 0.004 0.006 0.007 0.005 0.006 0.004 0.006 0.005 0.010 
304    ZFI04    (0)   :  0.821 0.003 0.004 0.120 0.004 0.004 0.005 0.004 0.006 0.004 0.004 0.014 0.006 
305    ZFI05    (0)   :  0.007 0.003 0.006 0.922 0.004 0.010 0.005 0.005 0.007 0.005 0.004 0.004 0.018 
306    ZFI06    (0)   :  0.029 0.003 0.030 0.752 0.019 0.007 0.009 0.020 0.018 0.008 0.004 0.012 0.089 
307    ZFI07    (0)   :  0.640 0.003 0.004 0.309 0.004 0.007 0.006 0.004 0.006 0.004 0.005 0.005 0.005 
308    ZFI08    (0)   :  0.105 0.004 0.004 0.829 0.003 0.006 0.009 0.004 0.010 0.004 0.006 0.011 0.005 
309    ZFI09    (0)   :  0.021 0.003 0.004 0.922 0.004 0.005 0.006 0.004 0.008 0.004 0.004 0.008 0.007 
310    ZFI10    (0)   :  0.042 0.004 0.006 0.825 0.005 0.006 0.008 0.006 0.009 0.006 0.005 0.012 0.065 
311    ZFI11    (0)   :  0.123 0.003 0.005 0.804 0.003 0.009 0.007 0.004 0.007 0.004 0.004 0.017 0.010 
312    ZFI12    (0)   :  0.118 0.004 0.006 0.806 0.005 0.006 0.011 0.006 0.006 0.005 0.008 0.004 0.017 
313    ZFI13    (0)   :  0.017 0.003 0.004 0.909 0.004 0.019 0.006 0.006 0.008 0.004 0.006 0.006 0.007 
314    ZFI14    (0)   :  0.011 0.003 0.006 0.926 0.009 0.005 0.004 0.009 0.005 0.006 0.005 0.004 0.007 
315    ZFI15    (0)   :  0.008 0.002 0.004 0.945 0.004 0.006 0.004 0.004 0.006 0.003 0.005 0.004 0.005 
316    ZFI16    (0)   :  0.019 0.003 0.004 0.936 0.003 0.004 0.005 0.004 0.005 0.004 0.005 0.003 0.006 
317    ZFI17    (0)   :  0.084 0.003 0.005 0.849 0.004 0.006 0.006 0.004 0.009 0.004 0.004 0.007 0.014 
318    ZFI18    (0)   :  0.019 0.002 0.004 0.934 0.003 0.005 0.004 0.003 0.007 0.003 0.003 0.007 0.006 
319    ZFI19    (9)   :  0.014 0.002 0.004 0.943 0.003 0.007 0.005 0.003 0.005 0.003 0.003 0.004 0.005 
320    ZFI20    (0)   :  0.009 0.003 0.005 0.945 0.005 0.003 0.005 0.005 0.004 0.004 0.004 0.004 0.005 
321    ZFI21    (0)   :  0.005 0.003 0.009 0.931 0.011 0.004 0.005 0.010 0.003 0.005 0.003 0.004 0.007 
322    ZFI22    (0)   :  0.025 0.004 0.004 0.919 0.005 0.004 0.005 0.006 0.005 0.005 0.007 0.008 0.004 
323    ZFI23    (0)   :  0.038 0.003 0.005 0.908 0.004 0.006 0.006 0.004 0.006 0.004 0.005 0.004 0.008 
324    ZFI24    (0)   :  0.072 0.004 0.006 0.854 0.004 0.008 0.010 0.006 0.007 0.005 0.007 0.004 0.012 
325    ZFI25    (0)   :  0.051 0.004 0.005 0.885 0.006 0.005 0.007 0.005 0.007 0.006 0.008 0.004 0.007 
326    ZFI26    (0)   :  0.110 0.003 0.004 0.828 0.004 0.010 0.007 0.005 0.007 0.004 0.009 0.004 0.005 
327    ZFI27    (0)   :  0.042 0.003 0.008 0.849 0.004 0.014 0.010 0.007 0.007 0.005 0.005 0.005 0.040 
328    ZFK01    (0)   :  0.003 0.003 0.004 0.003 0.004 0.956 0.003 0.003 0.003 0.004 0.005 0.003 0.006 
329    ZFK02    (0)   :  0.003 0.004 0.004 0.003 0.004 0.956 0.003 0.004 0.003 0.004 0.005 0.002 0.006 
330    ZFK03    (0)   :  0.003 0.003 0.003 0.003 0.003 0.957 0.003 0.003 0.003 0.004 0.005 0.003 0.005 
331    ZFK04    (0)   :  0.004 0.003 0.003 0.004 0.003 0.959 0.003 0.003 0.003 0.003 0.004 0.004 0.004 
332    ZFK05    (0)   :  0.009 0.003 0.003 0.008 0.003 0.934 0.003 0.003 0.005 0.002 0.012 0.012 0.004 
333    ZFK06    (0)   :  0.010 0.003 0.003 0.008 0.003 0.936 0.004 0.003 0.007 0.004 0.010 0.006 0.004 
334    ZFK07    (0)   :  0.003 0.005 0.005 0.002 0.003 0.954 0.005 0.004 0.003 0.003 0.005 0.003 0.004 
335    ZFK08    (0)   :  0.004 0.003 0.003 0.004 0.003 0.955 0.005 0.004 0.004 0.003 0.004 0.005 0.003 
336    ZFK10    (0)   :  0.004 0.003 0.003 0.004 0.003 0.957 0.003 0.003 0.004 0.003 0.005 0.004 0.004 
337    ZFK11    (0)   :  0.009 0.003 0.003 0.006 0.003 0.937 0.003 0.003 0.006 0.003 0.010 0.009 0.004 
338    ZFK12    (0)   :  0.002 0.009 0.008 0.002 0.005 0.936 0.009 0.006 0.004 0.005 0.007 0.003 0.003 
339    ZFK13    (0)   :  0.003 0.009 0.018 0.003 0.020 0.885 0.005 0.023 0.003 0.012 0.008 0.007 0.004 
340    ZFK14    (0)   :  0.007 0.027 0.021 0.008 0.016 0.667 0.009 0.028 0.006 0.014 0.166 0.016 0.014 
341    ZFK15    (0)   :  0.003 0.004 0.011 0.005 0.016 0.908 0.003 0.015 0.004 0.011 0.006 0.010 0.004 
342    ZFK16    (0)   :  0.003 0.006 0.006 0.002 0.004 0.945 0.006 0.005 0.004 0.006 0.006 0.003 0.005 
343   ZFLB01    (0)   :  0.007 0.004 0.012 0.009 0.018 0.007 0.004 0.009 0.006 0.006 0.003 0.908 0.006 
344   ZFLB02    (0)   :  0.066 0.005 0.005 0.009 0.006 0.004 0.008 0.004 0.129 0.003 0.003 0.755 0.003 
345   ZFLB03    (0)   :  0.011 0.007 0.009 0.007 0.004 0.013 0.009 0.009 0.138 0.006 0.005 0.703 0.080 
346   ZFLB04    (0)   :  0.005 0.005 0.035 0.015 0.012 0.010 0.004 0.023 0.012 0.008 0.006 0.640 0.224 
