

----------------------------------------------------
STRUCTURE by Pritchard, Stephens and Donnelly (2000)
     and Falush, Stephens and Pritchard (2003)
       Code by Pritchard, Falush and Hubisz
             Version 2.3.4 (Jul 2012)
----------------------------------------------------



Command line arguments:   bin\structure -m C:\Users\eschumacher\Documents\GitHub\GCC_QUAC_ZAIN\Data_Files\Structure_Files\ZAIN\ZAIN_wild_rebinned_nopopinfo\50-50\mainparams -e C:\Users\eschumacher\Documents\GitHub\GCC_QUAC_ZAIN\Data_Files\Structure_Files\ZAIN\ZAIN_wild_rebinned_nopopinfo\50-50\extraparams 
Input File:    C:\Users\eschumacher\Documents\GitHub\GCC_QUAC_ZAIN\Data_Files\Structure_Files\ZAIN\ZAIN_wild_rebinned_nopopinfo\project_data

Run parameters:
   751 individuals
   11 loci
   11 populations assumed
   50000 Burn-in period
   50000 Reps


--------------------------------------------
Overall proportion of membership of the
sample in each of the 11 clusters

Inferred Clusters
  1      2      3      4      5      6      7      8      9     10     11    
0.104  0.119  0.087  0.068  0.073  0.106  0.034  0.096  0.090  0.158  0.065  

--------------------------------------------

Allele-freq. divergence among pops (Net nucleotide distance),
computed using point estimates of P.

      1       2       3       4       5       6       7       8       9      10      11      
 1      -    0.2487  0.0862  0.2975  0.1980  0.1215  0.2574  0.1753  0.2092  0.2445  0.3609  
 2   0.2487     -    0.2596  0.1391  0.1217  0.1558  0.1901  0.2837  0.1685  0.0481  0.1238  
 3   0.0862  0.2596     -    0.2988  0.1800  0.1088  0.2654  0.2072  0.1747  0.2547  0.3643  
 4   0.2975  0.1391  0.2988     -    0.2473  0.2020  0.2447  0.3641  0.1978  0.2434  0.2925  
 5   0.1980  0.1217  0.1800  0.2473     -    0.1009  0.1825  0.2357  0.1702  0.1604  0.1736  
 6   0.1215  0.1558  0.1088  0.2020  0.1009     -    0.1579  0.1077  0.1399  0.1902  0.2632  
 7   0.2574  0.1901  0.2654  0.2447  0.1825  0.1579     -    0.2300  0.1947  0.2058  0.2819  
 8   0.1753  0.2837  0.2072  0.3641  0.2357  0.1077  0.2300     -    0.2580  0.2891  0.3546  
 9   0.2092  0.1685  0.1747  0.1978  0.1702  0.1399  0.1947  0.2580     -    0.2047  0.2010  
10   0.2445  0.0481  0.2547  0.2434  0.1604  0.1902  0.2058  0.2891  0.2047     -    0.1122  
11   0.3609  0.1238  0.3643  0.2925  0.1736  0.2632  0.2819  0.3546  0.2010  0.1122     -    

Average distances (expected heterozygosity) between individuals in same cluster:
cluster  1  : 0.4847 
cluster  2  : 0.4309 
cluster  3  : 0.3533 
cluster  4  : 0.2295 
cluster  5  : 0.4439 
cluster  6  : 0.5568 
cluster  7  : 0.2402 
cluster  8  : 0.4183 
cluster  9  : 0.4015 
cluster 10  : 0.4045 
cluster 11  : 0.3639 

--------------------------------------------
Estimated Ln Prob of Data   = -13519.6
Mean value of ln likelihood = -13090.2
Variance of ln likelihood   = 858.8
Mean value of alpha         = 0.0327

Mean value of Fst_1         = 0.4085
Mean value of Fst_2         = 0.4184
Mean value of Fst_3         = 0.4624
Mean value of Fst_4         = 0.6609
Mean value of Fst_5         = 0.3358
Mean value of Fst_6         = 0.1175
Mean value of Fst_7         = 0.6419
Mean value of Fst_8         = 0.4200
Mean value of Fst_9         = 0.4037
Mean value of Fst_10         = 0.3848
Mean value of Fst_11         = 0.4483


Inferred ancestry of individuals:
        Label (%Miss) :  Inferred clusters
  1    ZFB01    (0)   :  0.960 0.003 0.008 0.003 0.003 0.003 0.002 0.006 0.004 0.003 0.003 
  2    ZFB02    (0)   :  0.917 0.003 0.013 0.002 0.005 0.007 0.007 0.029 0.010 0.003 0.003 
  3    ZFB03    (0)   :  0.884 0.014 0.020 0.022 0.012 0.020 0.005 0.005 0.007 0.010 0.002 
  4    ZFB04    (0)   :  0.936 0.003 0.007 0.002 0.004 0.005 0.008 0.023 0.005 0.004 0.003 
  5    ZFB05    (0)   :  0.732 0.004 0.010 0.010 0.020 0.036 0.047 0.120 0.009 0.003 0.010 
  6    ZFB06    (0)   :  0.813 0.005 0.009 0.009 0.020 0.038 0.023 0.062 0.007 0.003 0.010 
  7    ZFB07    (9)   :  0.823 0.006 0.075 0.005 0.014 0.044 0.007 0.009 0.004 0.007 0.007 
  8    ZFB08    (0)   :  0.897 0.007 0.028 0.006 0.021 0.007 0.009 0.005 0.006 0.008 0.007 
  9    ZFB09    (0)   :  0.963 0.003 0.008 0.003 0.004 0.003 0.003 0.004 0.004 0.003 0.002 
 10    ZFB10    (0)   :  0.941 0.008 0.005 0.002 0.005 0.004 0.006 0.006 0.005 0.014 0.005 
 11    ZFB11    (0)   :  0.959 0.003 0.005 0.002 0.003 0.003 0.005 0.008 0.004 0.005 0.003 
 12    ZFB12    (0)   :  0.909 0.007 0.005 0.005 0.021 0.012 0.003 0.024 0.004 0.007 0.003 
 13    ZFB13    (0)   :  0.923 0.008 0.009 0.004 0.011 0.006 0.011 0.006 0.005 0.010 0.007 
 14    ZFB14    (0)   :  0.959 0.003 0.007 0.003 0.004 0.004 0.005 0.004 0.004 0.004 0.003 
 15    ZFB15    (0)   :  0.963 0.003 0.007 0.002 0.004 0.003 0.003 0.008 0.003 0.003 0.002 
 16    ZFB16    (0)   :  0.942 0.005 0.006 0.003 0.008 0.005 0.009 0.009 0.003 0.006 0.004 
 17    ZFB17    (0)   :  0.865 0.009 0.006 0.003 0.026 0.010 0.030 0.019 0.015 0.008 0.009 
 18    ZFB18    (0)   :  0.968 0.002 0.005 0.002 0.003 0.004 0.003 0.003 0.004 0.003 0.002 
 19    ZFB19    (0)   :  0.700 0.033 0.062 0.008 0.064 0.069 0.006 0.007 0.004 0.035 0.012 
 20    ZFB20    (0)   :  0.920 0.005 0.006 0.002 0.006 0.005 0.016 0.026 0.003 0.006 0.004 
 21    ZFB21    (0)   :  0.961 0.003 0.006 0.004 0.003 0.005 0.004 0.007 0.003 0.002 0.002 
 22    ZFB22    (0)   :  0.895 0.009 0.006 0.002 0.011 0.007 0.005 0.040 0.007 0.008 0.009 
 23    ZFB23    (0)   :  0.957 0.003 0.004 0.003 0.003 0.004 0.006 0.011 0.004 0.004 0.002 
 24    ZFB24    (0)   :  0.951 0.003 0.005 0.003 0.003 0.004 0.006 0.016 0.003 0.004 0.003 
 25    ZFB25    (0)   :  0.958 0.006 0.004 0.003 0.003 0.003 0.003 0.004 0.003 0.009 0.003 
 26    ZFB26    (0)   :  0.931 0.005 0.004 0.003 0.003 0.004 0.011 0.022 0.004 0.009 0.003 
 27    ZFB27    (0)   :  0.944 0.003 0.004 0.002 0.002 0.004 0.003 0.025 0.003 0.004 0.002 
 28    ZFB28    (0)   :  0.835 0.006 0.005 0.005 0.015 0.033 0.013 0.070 0.009 0.006 0.003 
 29    ZFB29    (0)   :  0.958 0.002 0.005 0.002 0.003 0.004 0.007 0.009 0.004 0.003 0.002 
 30    ZFB30    (0)   :  0.718 0.006 0.019 0.009 0.019 0.112 0.005 0.088 0.004 0.004 0.017 
 31    ZFB31    (0)   :  0.950 0.006 0.007 0.004 0.003 0.004 0.003 0.005 0.005 0.009 0.004 
 32    ZFB32    (0)   :  0.807 0.010 0.008 0.007 0.030 0.029 0.023 0.048 0.023 0.012 0.004 
 33    ZFB33    (0)   :  0.966 0.003 0.005 0.002 0.003 0.004 0.003 0.007 0.003 0.003 0.002 
 34    ZFB34    (0)   :  0.947 0.003 0.017 0.003 0.005 0.004 0.004 0.004 0.007 0.003 0.003 
 35    ZFB35    (0)   :  0.941 0.005 0.015 0.004 0.004 0.005 0.006 0.007 0.004 0.005 0.003 
 36  ZFBP101    (0)   :  0.010 0.524 0.006 0.014 0.011 0.008 0.089 0.006 0.048 0.249 0.034 
 37  ZFBP102    (0)   :  0.017 0.590 0.007 0.004 0.009 0.010 0.036 0.010 0.012 0.293 0.012 
 38  ZFBP103    (0)   :  0.008 0.727 0.004 0.020 0.007 0.008 0.044 0.006 0.084 0.081 0.010 
 39  ZFBP104    (0)   :  0.021 0.650 0.026 0.008 0.031 0.016 0.005 0.006 0.004 0.227 0.007 
 40  ZFBP105    (0)   :  0.006 0.239 0.005 0.012 0.006 0.005 0.007 0.005 0.005 0.704 0.005 
 41  ZFBP106    (0)   :  0.003 0.168 0.004 0.019 0.005 0.003 0.012 0.003 0.006 0.766 0.010 
 42  ZFBP107    (0)   :  0.007 0.483 0.005 0.014 0.007 0.013 0.039 0.015 0.006 0.408 0.004 
 43  ZFBP108    (0)   :  0.003 0.009 0.004 0.007 0.003 0.003 0.004 0.003 0.003 0.959 0.004 
 44  ZFBP109    (0)   :  0.003 0.021 0.005 0.004 0.004 0.005 0.004 0.002 0.004 0.942 0.006 
 45  ZFBP110    (0)   :  0.044 0.518 0.010 0.062 0.011 0.027 0.036 0.006 0.026 0.256 0.005 
 46  ZFBP111    (0)   :  0.003 0.620 0.003 0.008 0.009 0.004 0.005 0.003 0.004 0.244 0.097 
 47  ZFBP112    (0)   :  0.003 0.027 0.004 0.012 0.008 0.005 0.019 0.006 0.014 0.856 0.046 
 48  ZFBP113    (0)   :  0.003 0.016 0.003 0.003 0.006 0.004 0.004 0.004 0.003 0.951 0.004 
 49  ZFBP114    (0)   :  0.003 0.243 0.004 0.004 0.003 0.008 0.023 0.007 0.006 0.688 0.009 
 50  ZFBP115    (0)   :  0.003 0.856 0.002 0.016 0.006 0.004 0.008 0.003 0.008 0.085 0.010 
 51  ZFBP116    (0)   :  0.002 0.043 0.003 0.006 0.008 0.005 0.006 0.004 0.004 0.914 0.005 
 52  ZFBP117    (0)   :  0.003 0.022 0.004 0.006 0.004 0.004 0.005 0.002 0.007 0.936 0.007 
 53  ZFBP118    (0)   :  0.003 0.089 0.003 0.005 0.004 0.010 0.020 0.008 0.004 0.838 0.017 
 54  ZFBP119    (0)   :  0.003 0.420 0.004 0.019 0.011 0.005 0.014 0.002 0.030 0.474 0.016 
 55  ZFBP120    (0)   :  0.006 0.246 0.006 0.011 0.007 0.005 0.006 0.005 0.004 0.699 0.005 
 56  ZFBP121    (0)   :  0.005 0.043 0.006 0.007 0.004 0.004 0.008 0.003 0.008 0.907 0.005 
 57  ZFBP122    (9)   :  0.003 0.107 0.004 0.007 0.006 0.004 0.007 0.003 0.005 0.843 0.011 
 58  ZFBP123    (0)   :  0.003 0.016 0.005 0.005 0.008 0.004 0.038 0.006 0.008 0.894 0.013 
 59  ZFBP124    (0)   :  0.005 0.021 0.007 0.005 0.004 0.003 0.007 0.004 0.004 0.935 0.004 
 60  ZFBP125    (0)   :  0.002 0.037 0.002 0.009 0.005 0.003 0.006 0.002 0.006 0.912 0.015 
 61  ZFBP126    (0)   :  0.011 0.142 0.006 0.003 0.023 0.016 0.022 0.011 0.020 0.738 0.007 
 62  ZFBP127    (0)   :  0.003 0.176 0.004 0.093 0.003 0.005 0.006 0.003 0.018 0.684 0.004 
 63  ZFBP128    (0)   :  0.004 0.030 0.004 0.017 0.004 0.002 0.008 0.002 0.018 0.882 0.028 
 64  ZFBP129    (0)   :  0.004 0.008 0.006 0.007 0.005 0.006 0.008 0.003 0.008 0.821 0.124 
 65  ZFBP130    (0)   :  0.002 0.046 0.002 0.012 0.008 0.003 0.010 0.003 0.026 0.815 0.072 
 66  ZFBP131    (0)   :  0.003 0.006 0.004 0.003 0.005 0.003 0.003 0.004 0.003 0.960 0.004 
 67  ZFBP132    (0)   :  0.004 0.014 0.003 0.014 0.003 0.004 0.004 0.003 0.004 0.945 0.004 
 68  ZFBP133    (0)   :  0.003 0.009 0.004 0.003 0.006 0.002 0.003 0.002 0.008 0.861 0.099 
 69  ZFBP134    (0)   :  0.003 0.905 0.004 0.006 0.009 0.003 0.003 0.003 0.011 0.041 0.012 
 70  ZFBP135    (0)   :  0.016 0.196 0.008 0.016 0.006 0.007 0.058 0.005 0.191 0.481 0.014 
 71  ZFBP136    (0)   :  0.004 0.269 0.004 0.016 0.008 0.005 0.167 0.007 0.046 0.440 0.035 
 72  ZFBP201    (0)   :  0.005 0.016 0.005 0.011 0.007 0.006 0.005 0.006 0.004 0.930 0.005 
 73  ZFBP202    (0)   :  0.005 0.033 0.007 0.008 0.005 0.004 0.005 0.003 0.004 0.919 0.007 
 74  ZFBP203    (0)   :  0.005 0.023 0.005 0.005 0.026 0.027 0.008 0.043 0.005 0.837 0.016 
 75  ZFBP204    (0)   :  0.004 0.247 0.004 0.017 0.009 0.006 0.034 0.005 0.015 0.638 0.022 
 76  ZFBP205    (0)   :  0.002 0.007 0.003 0.003 0.005 0.004 0.011 0.004 0.007 0.943 0.010 
 77  ZFBP206    (0)   :  0.003 0.009 0.007 0.004 0.009 0.004 0.026 0.006 0.007 0.882 0.042 
 78  ZFBP207    (0)   :  0.004 0.294 0.004 0.075 0.004 0.004 0.008 0.004 0.012 0.582 0.008 
 79  ZFBP208    (0)   :  0.003 0.011 0.004 0.003 0.012 0.006 0.016 0.010 0.005 0.921 0.008 
 80  ZFBP209    (0)   :  0.002 0.008 0.003 0.003 0.005 0.002 0.003 0.002 0.009 0.910 0.052 
 81  ZFBP210    (0)   :  0.005 0.021 0.005 0.010 0.011 0.006 0.006 0.008 0.005 0.912 0.011 
 82  ZFBP211    (0)   :  0.005 0.012 0.005 0.009 0.005 0.004 0.008 0.003 0.004 0.941 0.004 
 83  ZFBP212    (0)   :  0.007 0.249 0.004 0.037 0.003 0.004 0.003 0.003 0.003 0.680 0.006 
 84  ZFBP213    (0)   :  0.005 0.009 0.015 0.011 0.008 0.005 0.027 0.005 0.009 0.896 0.010 
 85  ZFBP214    (0)   :  0.007 0.036 0.015 0.036 0.033 0.009 0.020 0.004 0.047 0.693 0.102 
 86  ZFBP215    (0)   :  0.003 0.009 0.004 0.005 0.004 0.003 0.005 0.003 0.005 0.952 0.007 
 87  ZFBP216    (0)   :  0.004 0.163 0.005 0.005 0.022 0.009 0.006 0.007 0.005 0.769 0.006 
 88  ZFBP217    (0)   :  0.006 0.117 0.006 0.044 0.021 0.007 0.005 0.004 0.007 0.600 0.184 
 89  ZFBP218    (0)   :  0.002 0.016 0.003 0.003 0.006 0.003 0.003 0.003 0.003 0.948 0.010 
 90  ZFBP219    (0)   :  0.003 0.012 0.004 0.003 0.006 0.004 0.004 0.004 0.003 0.953 0.004 
 91  ZFBP220    (0)   :  0.003 0.274 0.003 0.015 0.007 0.004 0.007 0.003 0.021 0.630 0.033 
 92  ZFBP221    (0)   :  0.004 0.503 0.004 0.007 0.005 0.003 0.003 0.003 0.003 0.458 0.008 
 93  ZFBP222    (0)   :  0.004 0.006 0.005 0.003 0.007 0.004 0.005 0.005 0.007 0.949 0.006 
 94  ZFBP223    (0)   :  0.007 0.215 0.006 0.181 0.006 0.006 0.010 0.004 0.009 0.546 0.010 
 95  ZFBP224    (0)   :  0.003 0.014 0.008 0.005 0.007 0.005 0.013 0.004 0.005 0.932 0.005 
 96  ZFBP225    (0)   :  0.003 0.519 0.003 0.015 0.013 0.008 0.010 0.007 0.014 0.208 0.199 
 97  ZFBP226    (0)   :  0.003 0.034 0.003 0.005 0.006 0.004 0.005 0.004 0.004 0.926 0.005 
 98  ZFBP227    (0)   :  0.011 0.400 0.021 0.008 0.120 0.030 0.010 0.009 0.005 0.377 0.008 
 99  ZFBP228    (0)   :  0.005 0.586 0.005 0.049 0.004 0.004 0.005 0.003 0.016 0.317 0.007 
100  ZFBP229    (0)   :  0.003 0.057 0.003 0.005 0.007 0.004 0.003 0.003 0.007 0.890 0.019 
101  ZFBP230    (0)   :  0.003 0.414 0.003 0.010 0.010 0.004 0.007 0.003 0.027 0.484 0.034 
102  ZFBP231    (0)   :  0.005 0.011 0.005 0.006 0.005 0.005 0.014 0.004 0.004 0.937 0.005 
103  ZFBP232    (0)   :  0.003 0.008 0.003 0.004 0.003 0.003 0.005 0.003 0.004 0.958 0.006 
104  ZFBP233    (0)   :  0.005 0.028 0.006 0.006 0.009 0.005 0.009 0.004 0.005 0.908 0.016 
105   ZFCC01    (0)   :  0.005 0.003 0.016 0.005 0.004 0.004 0.008 0.006 0.940 0.004 0.004 
106   ZFCC03    (0)   :  0.003 0.003 0.007 0.008 0.003 0.003 0.005 0.003 0.955 0.004 0.005 
107   ZFCC04    (0)   :  0.004 0.004 0.007 0.005 0.005 0.004 0.012 0.004 0.944 0.004 0.006 
108   ZFCC05    (0)   :  0.006 0.007 0.012 0.017 0.008 0.006 0.045 0.005 0.882 0.006 0.006 
109   ZFCC08    (0)   :  0.003 0.008 0.010 0.005 0.008 0.003 0.008 0.003 0.922 0.012 0.019 
110   ZFCC09    (0)   :  0.003 0.003 0.010 0.008 0.003 0.003 0.006 0.003 0.953 0.004 0.004 
111   ZFCC10    (0)   :  0.004 0.003 0.035 0.004 0.004 0.004 0.009 0.004 0.926 0.004 0.003 
112   ZFCC11    (0)   :  0.004 0.005 0.012 0.011 0.004 0.004 0.008 0.004 0.937 0.005 0.005 
113   ZFCC12    (0)   :  0.010 0.007 0.031 0.008 0.008 0.014 0.036 0.061 0.815 0.006 0.005 
114   ZFCC13    (0)   :  0.004 0.011 0.004 0.010 0.009 0.005 0.007 0.007 0.926 0.009 0.008 
115   ZFCC14    (0)   :  0.008 0.004 0.009 0.004 0.004 0.005 0.025 0.006 0.919 0.009 0.007 
116   ZFCC15    (0)   :  0.004 0.004 0.005 0.005 0.008 0.005 0.005 0.005 0.952 0.004 0.004 
117   ZFCC16    (0)   :  0.005 0.003 0.006 0.004 0.006 0.004 0.017 0.005 0.943 0.004 0.004 
118   ZFCC17    (0)   :  0.006 0.004 0.006 0.007 0.004 0.005 0.044 0.013 0.904 0.003 0.003 
119   ZFCC18    (0)   :  0.004 0.004 0.009 0.009 0.005 0.003 0.008 0.004 0.944 0.004 0.006 
120   ZFCC19    (0)   :  0.005 0.003 0.004 0.003 0.007 0.006 0.009 0.009 0.949 0.003 0.003 
121   ZFCC20    (0)   :  0.004 0.005 0.004 0.008 0.007 0.004 0.011 0.004 0.944 0.004 0.005 
122   ZFCC21    (0)   :  0.005 0.014 0.006 0.003 0.052 0.006 0.013 0.006 0.826 0.033 0.036 
123   ZFCC22    (0)   :  0.003 0.073 0.016 0.007 0.010 0.004 0.011 0.005 0.638 0.188 0.046 
124   ZFCC26    (0)   :  0.005 0.003 0.006 0.004 0.004 0.004 0.009 0.003 0.955 0.003 0.004 
125   ZFCC27    (0)   :  0.003 0.004 0.004 0.006 0.004 0.003 0.006 0.003 0.960 0.003 0.003 
126   ZFCC29    (0)   :  0.008 0.005 0.007 0.005 0.010 0.005 0.017 0.005 0.927 0.004 0.005 
127   ZFCC30    (0)   :  0.003 0.004 0.003 0.011 0.004 0.003 0.007 0.003 0.954 0.003 0.005 
128   ZFCC32    (0)   :  0.004 0.005 0.007 0.006 0.009 0.006 0.010 0.009 0.935 0.004 0.005 
129   ZFCC33    (0)   :  0.009 0.004 0.010 0.008 0.005 0.008 0.352 0.004 0.591 0.004 0.004 
130   ZFCC34    (0)   :  0.022 0.041 0.022 0.068 0.007 0.006 0.055 0.022 0.674 0.061 0.020 
131   ZFCC35    (0)   :  0.002 0.004 0.004 0.004 0.003 0.003 0.007 0.003 0.962 0.003 0.004 
132   ZFCC36    (0)   :  0.004 0.009 0.005 0.005 0.015 0.006 0.012 0.013 0.914 0.008 0.010 
133   ZFCC37    (0)   :  0.009 0.009 0.043 0.008 0.009 0.017 0.025 0.050 0.813 0.009 0.006 
134   ZFCC40    (0)   :  0.004 0.003 0.009 0.003 0.003 0.004 0.014 0.009 0.940 0.006 0.004 
135   ZFCC42    (0)   :  0.021 0.008 0.006 0.056 0.005 0.015 0.430 0.390 0.056 0.004 0.007 
136   ZFCC44    (0)   :  0.003 0.003 0.003 0.009 0.002 0.004 0.015 0.004 0.949 0.003 0.003 
137   ZFCC45    (9)   :  0.008 0.005 0.024 0.010 0.008 0.018 0.053 0.017 0.847 0.005 0.004 
138   ZFCC46    (0)   :  0.003 0.019 0.003 0.010 0.007 0.004 0.015 0.004 0.892 0.011 0.032 
139   ZFCC47    (0)   :  0.006 0.005 0.035 0.006 0.005 0.005 0.009 0.029 0.888 0.005 0.007 
140   ZFCC48    (0)   :  0.004 0.010 0.006 0.003 0.016 0.004 0.017 0.004 0.875 0.026 0.034 
141   ZFCC50    (0)   :  0.004 0.003 0.005 0.003 0.004 0.004 0.009 0.005 0.956 0.003 0.003 
142   ZFCC51    (0)   :  0.004 0.004 0.005 0.011 0.003 0.003 0.005 0.003 0.957 0.003 0.003 
143   ZFCC52    (0)   :  0.004 0.010 0.005 0.005 0.007 0.004 0.041 0.009 0.887 0.014 0.014 
144   ZFCC53    (0)   :  0.004 0.003 0.005 0.006 0.003 0.003 0.005 0.003 0.962 0.003 0.003 
145  ZFCNS01    (0)   :  0.002 0.029 0.003 0.840 0.052 0.031 0.003 0.023 0.007 0.006 0.003 
146  ZFCNS02    (0)   :  0.003 0.004 0.003 0.967 0.003 0.003 0.004 0.002 0.005 0.003 0.004 
147  ZFCNS05    (0)   :  0.005 0.007 0.005 0.949 0.005 0.003 0.005 0.003 0.007 0.006 0.005 
148  ZFCNS06    (0)   :  0.003 0.004 0.003 0.965 0.003 0.003 0.004 0.002 0.005 0.004 0.004 
149  ZFCNS07    (0)   :  0.003 0.006 0.003 0.958 0.003 0.003 0.003 0.003 0.003 0.006 0.009 
150  ZFCNS10    (0)   :  0.003 0.015 0.002 0.950 0.003 0.003 0.003 0.003 0.004 0.008 0.005 
151  ZFCNS11    (0)   :  0.002 0.015 0.003 0.910 0.021 0.014 0.003 0.012 0.009 0.006 0.005 
152  ZFCNS15    (0)   :  0.004 0.042 0.003 0.909 0.004 0.003 0.006 0.003 0.003 0.016 0.007 
153  ZFCNS17    (0)   :  0.002 0.004 0.003 0.965 0.003 0.003 0.004 0.002 0.005 0.004 0.004 
154  ZFCNS18    (0)   :  0.003 0.016 0.003 0.950 0.003 0.003 0.003 0.003 0.005 0.007 0.005 
155  ZFCNS19    (0)   :  0.003 0.004 0.003 0.969 0.003 0.003 0.003 0.002 0.004 0.003 0.003 
156  ZFCNS20    (0)   :  0.003 0.014 0.003 0.929 0.004 0.003 0.007 0.003 0.005 0.012 0.016 
157  ZFCNS21    (0)   :  0.002 0.005 0.003 0.969 0.003 0.003 0.003 0.002 0.004 0.003 0.003 
158  ZFCNS22    (0)   :  0.005 0.009 0.005 0.942 0.004 0.004 0.006 0.003 0.005 0.012 0.005 
159  ZFCNS23    (0)   :  0.004 0.006 0.005 0.895 0.011 0.007 0.027 0.012 0.015 0.006 0.011 
160  ZFCNS24    (0)   :  0.002 0.009 0.003 0.948 0.004 0.003 0.008 0.003 0.008 0.006 0.006 
161  ZFCNS25    (0)   :  0.002 0.014 0.003 0.939 0.004 0.003 0.009 0.003 0.006 0.009 0.009 
162  ZFCNS26    (0)   :  0.003 0.007 0.003 0.965 0.003 0.003 0.003 0.002 0.003 0.004 0.004 
163  ZFCNS27    (0)   :  0.003 0.059 0.003 0.885 0.004 0.004 0.007 0.003 0.003 0.021 0.009 
164  ZFCNS28    (0)   :  0.003 0.005 0.004 0.965 0.003 0.003 0.003 0.002 0.004 0.004 0.004 
165  ZFCNS29    (0)   :  0.004 0.009 0.004 0.948 0.004 0.004 0.007 0.002 0.008 0.007 0.004 
166  ZFCNS30    (0)   :  0.004 0.006 0.005 0.955 0.004 0.003 0.006 0.002 0.006 0.005 0.003 
167  ZFCNS31    (0)   :  0.003 0.005 0.003 0.966 0.003 0.003 0.003 0.002 0.003 0.004 0.004 
168  ZFCNS32    (0)   :  0.003 0.010 0.003 0.951 0.005 0.003 0.006 0.003 0.005 0.006 0.007 
169  ZFCNS33    (0)   :  0.003 0.005 0.003 0.969 0.003 0.002 0.003 0.002 0.003 0.003 0.004 
170  ZFCNS34    (0)   :  0.003 0.006 0.004 0.949 0.005 0.003 0.007 0.002 0.011 0.005 0.004 
171  ZFCNS35    (0)   :  0.023 0.027 0.016 0.895 0.004 0.003 0.003 0.003 0.009 0.014 0.004 
172  ZFCNS36    (0)   :  0.002 0.007 0.003 0.946 0.004 0.003 0.009 0.003 0.008 0.006 0.008 
173  ZFCNS37    (0)   :  0.004 0.100 0.004 0.853 0.005 0.008 0.006 0.002 0.005 0.005 0.009 
174  ZFCNS39    (0)   :  0.002 0.024 0.003 0.895 0.011 0.005 0.008 0.003 0.016 0.007 0.024 
175  ZFCNS40    (0)   :  0.002 0.144 0.003 0.669 0.008 0.005 0.012 0.003 0.029 0.010 0.116 
176  ZFCNS41    (0)   :  0.006 0.636 0.006 0.278 0.011 0.010 0.012 0.005 0.015 0.018 0.005 
177  ZFCNS42    (0)   :  0.003 0.008 0.003 0.965 0.003 0.003 0.003 0.002 0.003 0.004 0.003 
178  ZFCNS43    (0)   :  0.003 0.004 0.003 0.969 0.003 0.003 0.004 0.002 0.004 0.003 0.003 
179  ZFCNS44    (0)   :  0.003 0.013 0.003 0.954 0.003 0.003 0.004 0.003 0.005 0.007 0.003 
180  ZFCNS46    (0)   :  0.003 0.010 0.004 0.952 0.004 0.004 0.006 0.002 0.005 0.006 0.004 
181  ZFCNS47    (0)   :  0.003 0.005 0.003 0.969 0.003 0.003 0.003 0.002 0.004 0.003 0.003 
182  ZFCNS48    (0)   :  0.004 0.026 0.004 0.924 0.004 0.004 0.005 0.003 0.007 0.012 0.006 
183  ZFCNS49    (0)   :  0.004 0.049 0.003 0.913 0.003 0.003 0.003 0.003 0.003 0.012 0.004 
184   ZFCR01    (0)   :  0.023 0.006 0.149 0.003 0.007 0.722 0.003 0.015 0.025 0.032 0.017 
185   ZFCR02    (0)   :  0.463 0.016 0.007 0.007 0.034 0.232 0.048 0.016 0.062 0.061 0.054 
186   ZFCR03    (0)   :  0.259 0.008 0.053 0.003 0.219 0.083 0.062 0.104 0.042 0.121 0.046 
187   ZFCR04    (0)   :  0.395 0.041 0.111 0.016 0.046 0.259 0.007 0.032 0.025 0.023 0.045 
188   ZFCR05    (0)   :  0.095 0.007 0.182 0.003 0.319 0.272 0.007 0.025 0.074 0.008 0.008 
189   ZFCR06    (0)   :  0.095 0.095 0.039 0.072 0.041 0.484 0.006 0.007 0.031 0.089 0.040 
190   ZFCR07    (0)   :  0.045 0.031 0.014 0.058 0.392 0.372 0.051 0.012 0.013 0.009 0.003 
191   ZFCR08    (0)   :  0.022 0.014 0.103 0.005 0.009 0.633 0.037 0.043 0.077 0.024 0.034 
192   ZFCR09    (0)   :  0.130 0.123 0.028 0.014 0.032 0.050 0.014 0.423 0.036 0.129 0.020 
193   ZFCR11    (0)   :  0.205 0.115 0.096 0.010 0.233 0.257 0.004 0.022 0.017 0.037 0.003 
194   ZFCR12    (0)   :  0.031 0.091 0.007 0.127 0.349 0.320 0.009 0.004 0.017 0.019 0.026 
195   ZFCR13    (0)   :  0.019 0.014 0.005 0.008 0.351 0.474 0.006 0.003 0.007 0.106 0.006 
196   ZFCR14    (0)   :  0.076 0.010 0.033 0.006 0.458 0.333 0.007 0.009 0.021 0.011 0.035 
197   ZFCR15    (0)   :  0.205 0.017 0.029 0.005 0.105 0.457 0.014 0.009 0.018 0.026 0.116 
198   ZFCR16    (0)   :  0.261 0.010 0.016 0.003 0.066 0.552 0.004 0.005 0.014 0.025 0.044 
199   ZFCR18    (0)   :  0.770 0.011 0.006 0.013 0.009 0.019 0.093 0.005 0.033 0.025 0.016 
200   ZFCR19    (0)   :  0.352 0.012 0.019 0.005 0.087 0.032 0.007 0.120 0.016 0.018 0.331 
201   ZFCR20    (0)   :  0.116 0.019 0.226 0.005 0.264 0.132 0.035 0.030 0.012 0.143 0.016 
202   ZFCR21    (0)   :  0.028 0.011 0.022 0.003 0.526 0.343 0.007 0.004 0.028 0.011 0.017 
203   ZFCR22    (0)   :  0.045 0.007 0.003 0.004 0.710 0.190 0.006 0.006 0.004 0.010 0.015 
204   ZFCR23    (0)   :  0.063 0.068 0.010 0.005 0.313 0.341 0.004 0.032 0.003 0.154 0.007 
205   ZFCR24    (9)   :  0.100 0.011 0.033 0.004 0.190 0.098 0.011 0.020 0.008 0.519 0.007 
206   ZFCR25    (0)   :  0.044 0.005 0.020 0.003 0.490 0.402 0.008 0.011 0.009 0.004 0.004 
207   ZFCR26    (0)   :  0.005 0.013 0.011 0.006 0.769 0.023 0.010 0.102 0.024 0.017 0.020 
208   ZFCR27    (9)   :  0.021 0.004 0.046 0.003 0.036 0.855 0.003 0.018 0.006 0.004 0.004 
209   ZFCR28    (0)   :  0.004 0.030 0.009 0.024 0.012 0.591 0.007 0.006 0.011 0.178 0.127 
210   ZFCR29    (0)   :  0.144 0.007 0.033 0.002 0.734 0.046 0.004 0.009 0.007 0.010 0.005 
211   ZFCR30    (0)   :  0.031 0.006 0.010 0.005 0.725 0.189 0.005 0.013 0.005 0.005 0.005 
212   ZFCR31    (0)   :  0.410 0.124 0.024 0.046 0.086 0.046 0.031 0.066 0.018 0.122 0.028 
213   ZFCR33    (0)   :  0.007 0.014 0.048 0.007 0.027 0.804 0.010 0.029 0.033 0.009 0.012 
214   ZFCR34    (0)   :  0.222 0.037 0.006 0.011 0.504 0.128 0.004 0.029 0.020 0.027 0.013 
215   ZFCR35    (0)   :  0.852 0.011 0.009 0.012 0.023 0.031 0.010 0.008 0.027 0.008 0.010 
216   ZFCR36    (0)   :  0.366 0.010 0.012 0.014 0.419 0.124 0.005 0.026 0.010 0.008 0.006 
217   ZFCR37    (0)   :  0.045 0.004 0.064 0.004 0.650 0.116 0.020 0.032 0.057 0.004 0.004 
218   ZFCR38    (0)   :  0.008 0.009 0.063 0.007 0.034 0.767 0.012 0.030 0.047 0.008 0.015 
219   ZFCR39    (0)   :  0.022 0.020 0.013 0.003 0.009 0.533 0.037 0.164 0.099 0.062 0.037 
220   ZFCR40    (0)   :  0.024 0.014 0.015 0.004 0.083 0.753 0.006 0.046 0.039 0.011 0.005 
221   ZFCR41    (0)   :  0.041 0.096 0.015 0.015 0.400 0.302 0.008 0.004 0.091 0.008 0.021 
222   ZFCR42    (0)   :  0.018 0.033 0.016 0.013 0.335 0.416 0.012 0.033 0.062 0.031 0.032 
223   ZFCR43    (0)   :  0.182 0.009 0.013 0.004 0.232 0.407 0.006 0.006 0.007 0.127 0.008 
224  ZFENP25    (0)   :  0.005 0.005 0.046 0.003 0.007 0.888 0.006 0.005 0.016 0.010 0.010 
225  ZFENP26    (0)   :  0.007 0.004 0.006 0.003 0.004 0.955 0.005 0.007 0.004 0.003 0.003 
226  ZFENP27    (0)   :  0.023 0.029 0.043 0.047 0.009 0.503 0.044 0.041 0.227 0.020 0.014 
227  ZFENP28    (0)   :  0.009 0.005 0.019 0.010 0.010 0.911 0.005 0.011 0.012 0.004 0.005 
228  ZFENP29    (0)   :  0.004 0.004 0.005 0.004 0.009 0.947 0.007 0.005 0.008 0.004 0.003 
229  ZFENP30    (0)   :  0.007 0.005 0.008 0.009 0.011 0.809 0.089 0.016 0.033 0.006 0.007 
230  ZFENP31    (0)   :  0.014 0.004 0.017 0.007 0.006 0.120 0.379 0.426 0.017 0.005 0.004 
231  ZFENP32    (0)   :  0.253 0.024 0.044 0.029 0.015 0.223 0.128 0.241 0.015 0.020 0.006 
232  ZFENP33    (0)   :  0.015 0.008 0.055 0.005 0.042 0.801 0.040 0.018 0.006 0.007 0.003 
233  ZFENP34    (0)   :  0.030 0.007 0.618 0.013 0.008 0.191 0.088 0.011 0.022 0.007 0.005 
234  ZFENP35    (0)   :  0.015 0.016 0.008 0.014 0.008 0.884 0.007 0.030 0.005 0.009 0.005 
235  ZFENP36    (0)   :  0.010 0.004 0.007 0.010 0.010 0.931 0.008 0.012 0.003 0.003 0.002 
236  ZFENP37    (0)   :  0.014 0.008 0.314 0.011 0.024 0.529 0.010 0.070 0.009 0.007 0.004 
237  ZFENP38    (0)   :  0.011 0.009 0.029 0.019 0.397 0.465 0.019 0.025 0.016 0.006 0.005 
238  ZFENP39    (0)   :  0.014 0.004 0.027 0.005 0.011 0.902 0.006 0.012 0.012 0.004 0.003 
239  ZFENP40    (0)   :  0.018 0.006 0.019 0.006 0.006 0.889 0.013 0.026 0.007 0.008 0.004 
240  ZFENP41    (0)   :  0.016 0.006 0.016 0.009 0.006 0.833 0.044 0.012 0.044 0.006 0.007 
241  ZFENP42    (0)   :  0.003 0.005 0.004 0.003 0.036 0.814 0.009 0.113 0.005 0.003 0.005 
242  ZFENP43    (0)   :  0.008 0.033 0.034 0.057 0.090 0.695 0.008 0.027 0.034 0.008 0.006 
243  ZFENP44    (0)   :  0.005 0.012 0.014 0.011 0.021 0.822 0.022 0.066 0.016 0.007 0.003 
244  ZFENP45    (0)   :  0.009 0.016 0.010 0.009 0.041 0.458 0.021 0.081 0.017 0.023 0.316 
245  ZFENP46    (0)   :  0.008 0.022 0.039 0.008 0.068 0.791 0.012 0.031 0.003 0.014 0.005 
246  ZFENP47    (0)   :  0.053 0.006 0.016 0.004 0.008 0.365 0.015 0.306 0.075 0.017 0.135 
247  ZFENP48    (0)   :  0.012 0.007 0.555 0.008 0.016 0.075 0.261 0.022 0.019 0.014 0.011 
248  ZFENP49    (0)   :  0.081 0.010 0.007 0.005 0.027 0.615 0.194 0.013 0.011 0.017 0.019 
249  ZFENP50    (0)   :  0.007 0.017 0.006 0.004 0.053 0.834 0.006 0.028 0.005 0.033 0.008 
250  ZFENP51    (0)   :  0.033 0.004 0.018 0.006 0.020 0.457 0.037 0.365 0.007 0.004 0.048 
251  ZFENP52    (0)   :  0.003 0.013 0.003 0.011 0.011 0.926 0.007 0.007 0.009 0.004 0.005 
252  ZFENP53    (0)   :  0.006 0.023 0.009 0.010 0.025 0.836 0.008 0.018 0.008 0.034 0.023 
253  ZFENP54    (0)   :  0.030 0.017 0.009 0.004 0.034 0.784 0.029 0.009 0.017 0.056 0.010 
254  ZFENP55    (0)   :  0.042 0.004 0.026 0.005 0.660 0.222 0.011 0.017 0.004 0.005 0.004 
255  ZFENP56    (0)   :  0.013 0.008 0.010 0.011 0.079 0.839 0.013 0.012 0.007 0.004 0.005 
256  ZFENP57    (0)   :  0.014 0.007 0.019 0.012 0.020 0.847 0.013 0.058 0.004 0.004 0.002 
257  ZFENP58    (0)   :  0.026 0.012 0.005 0.018 0.037 0.450 0.301 0.010 0.023 0.009 0.109 
258  ZFENP59    (0)   :  0.013 0.005 0.009 0.005 0.011 0.816 0.028 0.042 0.060 0.005 0.004 
259  ZFENP60    (0)   :  0.034 0.008 0.029 0.006 0.013 0.858 0.006 0.013 0.011 0.010 0.012 
260  ZFENP61    (0)   :  0.020 0.004 0.020 0.004 0.009 0.910 0.008 0.008 0.012 0.003 0.003 
261 ZFFDSP01    (0)   :  0.006 0.122 0.007 0.016 0.007 0.003 0.004 0.003 0.005 0.806 0.023 
262 ZFFDSP02    (0)   :  0.003 0.016 0.004 0.004 0.004 0.003 0.003 0.002 0.005 0.950 0.006 
263 ZFFDSP04    (0)   :  0.004 0.018 0.005 0.003 0.004 0.002 0.003 0.003 0.004 0.940 0.013 
264 ZFFDSP05    (0)   :  0.004 0.378 0.003 0.006 0.007 0.004 0.004 0.003 0.005 0.577 0.010 
265 ZFFDSP06    (0)   :  0.003 0.018 0.004 0.003 0.004 0.003 0.003 0.002 0.006 0.942 0.012 
266 ZFFDSP07    (0)   :  0.003 0.008 0.004 0.004 0.007 0.004 0.023 0.005 0.012 0.908 0.022 
267 ZFFDSP08    (0)   :  0.003 0.046 0.004 0.012 0.009 0.005 0.030 0.004 0.010 0.796 0.082 
268 ZFFDSP10    (0)   :  0.003 0.045 0.005 0.006 0.007 0.004 0.007 0.003 0.005 0.902 0.013 
269 ZFFDSP11    (0)   :  0.005 0.061 0.004 0.003 0.007 0.004 0.003 0.004 0.004 0.897 0.008 
270 ZFFDSP12    (0)   :  0.003 0.016 0.003 0.004 0.003 0.003 0.006 0.003 0.003 0.949 0.008 
271 ZFFDSP13    (0)   :  0.003 0.913 0.004 0.010 0.008 0.005 0.007 0.004 0.008 0.034 0.004 
272 ZFFDSP14    (0)   :  0.003 0.006 0.005 0.004 0.006 0.004 0.007 0.003 0.006 0.942 0.015 
273 ZFFDSP16    (0)   :  0.006 0.022 0.007 0.016 0.008 0.006 0.004 0.004 0.007 0.915 0.004 
274 ZFFDSP17    (0)   :  0.004 0.019 0.005 0.004 0.007 0.004 0.004 0.002 0.006 0.937 0.008 
275 ZFFDSP18    (0)   :  0.005 0.009 0.006 0.005 0.004 0.003 0.003 0.002 0.006 0.943 0.012 
276 ZFFDSP19    (0)   :  0.004 0.038 0.007 0.142 0.004 0.003 0.003 0.003 0.027 0.748 0.020 
277 ZFFDSP21    (0)   :  0.003 0.371 0.009 0.066 0.004 0.003 0.004 0.002 0.020 0.506 0.011 
278 ZFFDSP22    (0)   :  0.002 0.014 0.003 0.004 0.005 0.003 0.004 0.002 0.006 0.901 0.056 
279 ZFFDSP23    (0)   :  0.003 0.151 0.005 0.009 0.006 0.003 0.003 0.002 0.005 0.644 0.168 
280 ZFFDSP24    (0)   :  0.006 0.345 0.005 0.012 0.006 0.003 0.005 0.003 0.005 0.603 0.008 
281 ZFFDSP26    (9)   :  0.004 0.202 0.003 0.007 0.005 0.003 0.004 0.003 0.005 0.748 0.015 
282 ZFFDSP27    (0)   :  0.004 0.023 0.005 0.007 0.004 0.003 0.004 0.003 0.004 0.937 0.006 
283 ZFFDSP28    (0)   :  0.037 0.059 0.027 0.005 0.014 0.007 0.018 0.014 0.007 0.803 0.009 
284 ZFFDSP30    (0)   :  0.046 0.516 0.010 0.036 0.008 0.005 0.009 0.008 0.007 0.347 0.009 
285 ZFFDSP31    (0)   :  0.003 0.020 0.007 0.008 0.005 0.004 0.006 0.002 0.006 0.931 0.006 
286 ZFFDSP32    (0)   :  0.002 0.016 0.004 0.005 0.004 0.003 0.004 0.003 0.003 0.949 0.006 
287 ZFFDSP33    (0)   :  0.003 0.024 0.004 0.005 0.003 0.003 0.003 0.003 0.002 0.945 0.005 
288 ZFFDSP34    (0)   :  0.003 0.023 0.004 0.006 0.005 0.003 0.004 0.002 0.008 0.931 0.011 
289 ZFFDSP35    (0)   :  0.006 0.289 0.004 0.006 0.005 0.003 0.004 0.003 0.004 0.668 0.008 
290 ZFFDSP37    (0)   :  0.003 0.020 0.005 0.006 0.004 0.004 0.004 0.002 0.004 0.942 0.004 
291 ZFFDSP38    (0)   :  0.006 0.012 0.004 0.006 0.004 0.003 0.004 0.003 0.004 0.950 0.005 
292 ZFFDSP39    (0)   :  0.004 0.695 0.003 0.008 0.003 0.003 0.003 0.002 0.003 0.269 0.008 
293 ZFFDSP40    (0)   :  0.006 0.490 0.005 0.008 0.004 0.003 0.003 0.002 0.003 0.470 0.005 
294 ZFFDSP42    (0)   :  0.004 0.115 0.004 0.010 0.006 0.003 0.003 0.002 0.005 0.769 0.078 
295 ZFFDSP43    (0)   :  0.004 0.034 0.004 0.012 0.004 0.003 0.003 0.002 0.004 0.920 0.010 
296 ZFFDSP44    (0)   :  0.005 0.210 0.005 0.010 0.005 0.003 0.005 0.003 0.003 0.744 0.005 
297 ZFFDSP45    (0)   :  0.005 0.031 0.004 0.008 0.005 0.003 0.004 0.002 0.005 0.927 0.005 
298 ZFFDSP46    (0)   :  0.005 0.052 0.004 0.009 0.006 0.003 0.004 0.002 0.006 0.898 0.010 
299 ZFFDSP47    (0)   :  0.004 0.706 0.003 0.013 0.005 0.003 0.005 0.003 0.004 0.241 0.014 
300 ZFFDSP48    (0)   :  0.004 0.617 0.004 0.014 0.004 0.003 0.004 0.002 0.004 0.337 0.006 
301    ZFI01    (0)   :  0.856 0.005 0.045 0.010 0.010 0.010 0.013 0.033 0.009 0.005 0.004 
302    ZFI02    (0)   :  0.925 0.005 0.022 0.008 0.007 0.005 0.004 0.011 0.004 0.005 0.004 
303    ZFI03    (0)   :  0.893 0.004 0.055 0.009 0.008 0.006 0.006 0.005 0.007 0.004 0.003 
304    ZFI04    (0)   :  0.092 0.004 0.857 0.005 0.006 0.006 0.004 0.015 0.004 0.003 0.003 
305    ZFI05    (0)   :  0.935 0.005 0.006 0.016 0.005 0.007 0.009 0.004 0.004 0.005 0.003 
306    ZFI06    (0)   :  0.767 0.036 0.035 0.086 0.010 0.022 0.006 0.012 0.004 0.017 0.003 
307    ZFI07    (0)   :  0.310 0.004 0.649 0.004 0.005 0.005 0.006 0.005 0.004 0.004 0.002 
308    ZFI08    (0)   :  0.835 0.003 0.105 0.005 0.013 0.011 0.005 0.010 0.007 0.004 0.003 
309    ZFI09    (0)   :  0.925 0.004 0.027 0.007 0.006 0.007 0.005 0.009 0.004 0.004 0.003 
310    ZFI10    (0)   :  0.848 0.007 0.038 0.063 0.007 0.008 0.005 0.011 0.004 0.005 0.004 
311    ZFI11    (0)   :  0.800 0.005 0.138 0.010 0.007 0.007 0.008 0.015 0.005 0.004 0.003 
312    ZFI12    (0)   :  0.830 0.006 0.103 0.016 0.012 0.006 0.007 0.004 0.008 0.004 0.003 
313    ZFI13    (0)   :  0.919 0.005 0.017 0.007 0.006 0.007 0.018 0.007 0.007 0.004 0.003 
314    ZFI14    (0)   :  0.944 0.007 0.010 0.006 0.004 0.004 0.004 0.005 0.005 0.007 0.003 
315    ZFI15    (0)   :  0.953 0.004 0.008 0.005 0.004 0.006 0.006 0.004 0.004 0.003 0.002 
316    ZFI16    (0)   :  0.947 0.004 0.016 0.006 0.005 0.005 0.004 0.003 0.005 0.003 0.002 
317    ZFI17    (0)   :  0.882 0.005 0.061 0.013 0.007 0.009 0.006 0.007 0.004 0.003 0.003 
318    ZFI18    (0)   :  0.936 0.004 0.021 0.006 0.004 0.008 0.005 0.007 0.003 0.003 0.002 
319    ZFI19    (9)   :  0.952 0.003 0.012 0.005 0.006 0.005 0.006 0.004 0.003 0.003 0.002 
320    ZFI20    (0)   :  0.951 0.005 0.010 0.005 0.005 0.004 0.003 0.004 0.004 0.005 0.003 
321    ZFI21    (0)   :  0.950 0.010 0.005 0.007 0.004 0.003 0.004 0.003 0.003 0.008 0.003 
322    ZFI22    (0)   :  0.930 0.004 0.023 0.005 0.005 0.005 0.004 0.007 0.008 0.005 0.004 
323    ZFI23    (0)   :  0.926 0.004 0.029 0.008 0.006 0.006 0.005 0.004 0.005 0.004 0.003 
324    ZFI24    (0)   :  0.882 0.005 0.056 0.012 0.010 0.006 0.007 0.004 0.008 0.005 0.003 
325    ZFI25    (0)   :  0.894 0.005 0.055 0.006 0.007 0.008 0.005 0.004 0.008 0.005 0.004 
326    ZFI26    (0)   :  0.866 0.004 0.080 0.005 0.007 0.007 0.009 0.004 0.009 0.004 0.003 
327    ZFI27    (0)   :  0.855 0.009 0.050 0.036 0.011 0.007 0.015 0.004 0.005 0.005 0.003 
328    ZFK01    (0)   :  0.003 0.004 0.003 0.006 0.003 0.003 0.963 0.003 0.005 0.003 0.004 
329    ZFK02    (0)   :  0.003 0.004 0.003 0.006 0.004 0.004 0.962 0.003 0.005 0.003 0.003 
330    ZFK03    (0)   :  0.003 0.003 0.003 0.005 0.003 0.003 0.965 0.003 0.005 0.003 0.003 
331    ZFK04    (0)   :  0.004 0.003 0.004 0.003 0.003 0.003 0.966 0.004 0.004 0.003 0.002 
332    ZFK05    (0)   :  0.008 0.003 0.009 0.004 0.003 0.006 0.939 0.014 0.010 0.003 0.002 
333    ZFK06    (0)   :  0.009 0.003 0.010 0.004 0.004 0.006 0.942 0.006 0.011 0.003 0.003 
334    ZFK07    (0)   :  0.002 0.005 0.003 0.005 0.005 0.003 0.961 0.003 0.005 0.003 0.005 
335    ZFK08    (0)   :  0.004 0.003 0.004 0.002 0.005 0.004 0.963 0.005 0.004 0.003 0.003 
336    ZFK10    (0)   :  0.004 0.003 0.004 0.004 0.003 0.003 0.965 0.004 0.004 0.003 0.003 
337    ZFK11    (0)   :  0.007 0.003 0.009 0.004 0.003 0.005 0.943 0.009 0.010 0.003 0.003 
338    ZFK12    (0)   :  0.002 0.007 0.002 0.004 0.008 0.004 0.950 0.003 0.007 0.005 0.008 
339    ZFK13    (0)   :  0.004 0.021 0.003 0.005 0.005 0.004 0.915 0.007 0.009 0.020 0.009 
340    ZFK14    (0)   :  0.008 0.023 0.008 0.012 0.009 0.006 0.651 0.018 0.213 0.020 0.032 
341    ZFK15    (0)   :  0.006 0.013 0.003 0.005 0.003 0.004 0.928 0.011 0.006 0.016 0.004 
342    ZFK16    (0)   :  0.002 0.006 0.003 0.005 0.005 0.004 0.957 0.003 0.006 0.005 0.006 
343   ZFLB01    (0)   :  0.009 0.012 0.007 0.006 0.004 0.007 0.006 0.932 0.003 0.011 0.004 
344   ZFLB02    (0)   :  0.009 0.005 0.057 0.003 0.008 0.100 0.004 0.802 0.003 0.004 0.005 
345   ZFLB03    (0)   :  0.007 0.009 0.009 0.079 0.009 0.125 0.017 0.729 0.004 0.005 0.006 
346   ZFLB04    (0)   :  0.017 0.036 0.005 0.229 0.004 0.006 0.010 0.666 0.006 0.017 0.005 
347   ZFLB05    (0)   :  0.016 0.012 0.006 0.023 0.004 0.009 0.008 0.909 0.003 0.007 0.003 
348   ZFLB06    (0)   :  0.004 0.005 0.004 0.006 0.004 0.008 0.039 0.911 0.008 0.007 0.004 
349   ZFLB07    (0)   :  0.006 0.041 0.004 0.121 0.015 0.062 0.096 0.621 0.011 0.014 0.008 
350   ZFLB08    (0)   :  0.012 0.006 0.041 0.007 0.010 0.080 0.009 0.822 0.004 0.004 0.005 
351   ZFLB09    (9)   :  0.006 0.004 0.005 0.004 0.004 0.007 0.010 0.947 0.005 0.005 0.003 
352   ZFLB10    (0)   :  0.006 0.006 0.003 0.008 0.003 0.005 0.006 0.953 0.003 0.004 0.003 
353   ZFLB11    (0)   :  0.003 0.008 0.003 0.004 0.007 0.008 0.019 0.923 0.012 0.006 0.008 
354   ZFLB12    (0)   :  0.004 0.003 0.005 0.004 0.003 0.008 0.008 0.954 0.004 0.003 0.002 
355   ZFLB13    (0)   :  0.004 0.016 0.007 0.009 0.013 0.044 0.010 0.871 0.011 0.010 0.004 
356  ZFLTI01    (0)   :  0.004 0.894 0.004 0.009 0.008 0.004 0.005 0.002 0.040 0.017 0.012 
357  ZFLTI02    (0)   :  0.003 0.835 0.008 0.032 0.007 0.004 0.009 0.002 0.075 0.014 0.010 
358  ZFLTI03    (0)   :  0.003 0.937 0.005 0.013 0.006 0.003 0.005 0.002 0.011 0.007 0.008 
359  ZFLTI04    (0)   :  0.005 0.911 0.006 0.022 0.007 0.005 0.013 0.003 0.010 0.010 0.007 
360  ZFLTI05    (0)   :  0.003 0.935 0.005 0.021 0.004 0.004 0.006 0.002 0.008 0.008 0.004 
361  ZFLTI06    (0)   :  0.004 0.947 0.004 0.007 0.004 0.003 0.004 0.002 0.007 0.010 0.008 
362  ZFLTI07    (0)   :  0.005 0.949 0.005 0.006 0.006 0.003 0.005 0.002 0.006 0.010 0.004 
363  ZFLTI08    (0)   :  0.004 0.923 0.011 0.022 0.007 0.004 0.006 0.002 0.007 0.007 0.004 
364  ZFLTI09    (0)   :  0.004 0.934 0.011 0.008 0.005 0.003 0.005 0.003 0.006 0.016 0.004 
365  ZFLTI10    (0)   :  0.004 0.931 0.008 0.006 0.005 0.003 0.005 0.002 0.010 0.022 0.005 
366  ZFLTI11    (0)   :  0.003 0.928 0.006 0.010 0.005 0.003 0.004 0.003 0.008 0.015 0.016 
367  ZFLTI12    (0)   :  0.003 0.913 0.006 0.010 0.004 0.004 0.006 0.002 0.021 0.016 0.013 
368  ZFLTI13    (0)   :  0.004 0.863 0.005 0.057 0.008 0.005 0.009 0.002 0.026 0.008 0.013 
369  ZFLTI14    (0)   :  0.004 0.597 0.014 0.211 0.006 0.004 0.012 0.002 0.090 0.054 0.006 
370 ZFONF101    (0)   :  0.002 0.006 0.003 0.003 0.003 0.003 0.002 0.002 0.002 0.968 0.006 
371 ZFONF102    (0)   :  0.005 0.006 0.004 0.003 0.005 0.008 0.003 0.011 0.003 0.929 0.022 
372 ZFONF103    (0)   :  0.004 0.119 0.006 0.055 0.007 0.006 0.019 0.003 0.012 0.750 0.019 
373 ZFONF104    (0)   :  0.002 0.017 0.003 0.003 0.003 0.002 0.003 0.002 0.004 0.936 0.024 
374 ZFONF105    (0)   :  0.003 0.027 0.003 0.009 0.004 0.004 0.006 0.003 0.005 0.810 0.126 
375 ZFONF106    (0)   :  0.003 0.006 0.005 0.004 0.002 0.002 0.003 0.002 0.004 0.961 0.007 
376 ZFONF107    (0)   :  0.015 0.033 0.016 0.017 0.006 0.045 0.041 0.044 0.012 0.761 0.010 
377 ZFONF108    (0)   :  0.004 0.038 0.006 0.026 0.004 0.009 0.054 0.008 0.012 0.829 0.010 
378 ZFONF109    (9)   :  0.003 0.029 0.008 0.010 0.004 0.005 0.022 0.006 0.015 0.856 0.041 
379 ZFONF110    (0)   :  0.002 0.010 0.002 0.006 0.003 0.002 0.003 0.002 0.005 0.949 0.015 
380 ZFONF111    (0)   :  0.009 0.094 0.011 0.006 0.022 0.022 0.005 0.015 0.012 0.785 0.018 
381 ZFONF112    (0)   :  0.003 0.011 0.011 0.014 0.003 0.003 0.005 0.003 0.005 0.776 0.165 
382 ZFONF113    (9)   :  0.002 0.021 0.003 0.008 0.006 0.005 0.007 0.004 0.006 0.928 0.009 
383 ZFONF115    (0)   :  0.004 0.011 0.007 0.011 0.004 0.003 0.006 0.003 0.006 0.931 0.014 
384 ZFONF116    (0)   :  0.004 0.008 0.007 0.014 0.004 0.004 0.007 0.003 0.005 0.923 0.021 
385 ZFONF117    (0)   :  0.004 0.577 0.005 0.038 0.005 0.005 0.016 0.004 0.010 0.278 0.058 
386 ZFONF118    (0)   :  0.003 0.025 0.011 0.013 0.005 0.003 0.007 0.002 0.009 0.906 0.015 
387 ZFONF119    (0)   :  0.003 0.008 0.003 0.005 0.005 0.003 0.016 0.005 0.007 0.926 0.019 
388 ZFONF120    (0)   :  0.003 0.016 0.003 0.004 0.010 0.004 0.026 0.005 0.016 0.874 0.039 
389 ZFONF121    (0)   :  0.004 0.013 0.004 0.006 0.005 0.003 0.008 0.004 0.004 0.872 0.076 
390 ZFONF122    (0)   :  0.005 0.233 0.010 0.017 0.008 0.005 0.018 0.003 0.019 0.674 0.009 
391 ZFONF123    (0)   :  0.007 0.007 0.004 0.004 0.005 0.014 0.009 0.043 0.005 0.875 0.027 
392 ZFONF124    (0)   :  0.003 0.014 0.003 0.006 0.003 0.005 0.018 0.006 0.007 0.905 0.031 
393 ZFONF125    (0)   :  0.008 0.050 0.004 0.006 0.012 0.030 0.042 0.037 0.026 0.587 0.197 
394 ZFONF126    (0)   :  0.004 0.022 0.007 0.010 0.007 0.005 0.010 0.003 0.015 0.908 0.010 
395 ZFONF201    (0)   :  0.078 0.052 0.056 0.004 0.011 0.015 0.005 0.028 0.046 0.092 0.614 
396 ZFONF202    (0)   :  0.003 0.010 0.004 0.003 0.006 0.003 0.004 0.002 0.011 0.060 0.893 
397 ZFONF203    (0)   :  0.003 0.006 0.004 0.003 0.011 0.004 0.008 0.003 0.007 0.008 0.944 
