

----------------------------------------------------
STRUCTURE by Pritchard, Stephens and Donnelly (2000)
     and Falush, Stephens and Pritchard (2003)
       Code by Pritchard, Falush and Hubisz
             Version 2.3.4 (Jul 2012)
----------------------------------------------------



Command line arguments:   bin\structure -m C:\Users\eschumacher\Documents\GitHub\GCC_QUAC_ZAIN\Data_Files\Structure_Files\ZAIN\ZAIN_wild_rebinned_nopopinfo\50-50\mainparams -e C:\Users\eschumacher\Documents\GitHub\GCC_QUAC_ZAIN\Data_Files\Structure_Files\ZAIN\ZAIN_wild_rebinned_nopopinfo\50-50\extraparams 
Input File:    C:\Users\eschumacher\Documents\GitHub\GCC_QUAC_ZAIN\Data_Files\Structure_Files\ZAIN\ZAIN_wild_rebinned_nopopinfo\project_data

Run parameters:
   751 individuals
   11 loci
   10 populations assumed
   50000 Burn-in period
   50000 Reps


--------------------------------------------
Overall proportion of membership of the
sample in each of the 10 clusters

Inferred Clusters
  1      2      3      4      5      6      7      8      9     10    
0.108  0.119  0.092  0.158  0.099  0.065  0.075  0.181  0.069  0.034  

--------------------------------------------

Allele-freq. divergence among pops (Net nucleotide distance),
computed using point estimates of P.

      1       2       3       4       5       6       7       8       9      10      
 1      -    0.1568  0.1372  0.1890  0.1043  0.2626  0.0965  0.0911  0.2014  0.1564  
 2   0.1568     -    0.1685  0.0480  0.2802  0.1230  0.1204  0.2321  0.1390  0.1902  
 3   0.1372  0.1685     -    0.2021  0.2521  0.1992  0.1652  0.1697  0.1971  0.1924  
 4   0.1890  0.0480  0.2021     -    0.2841  0.1107  0.1568  0.2263  0.2419  0.2039  
 5   0.1043  0.2802  0.2521  0.2841     -    0.3497  0.2255  0.1647  0.3592  0.2247  
 6   0.2626  0.1230  0.1992  0.1107  0.3497     -    0.1706  0.3385  0.2900  0.2801  
 7   0.0965  0.1204  0.1652  0.1568  0.2255  0.1706     -    0.1613  0.2428  0.1798  
 8   0.0911  0.2321  0.1697  0.2263  0.1647  0.3385  0.1613     -    0.2766  0.2394  
 9   0.2014  0.1390  0.1971  0.2419  0.3592  0.2900  0.2428  0.2766     -    0.2444  
10   0.1564  0.1902  0.1924  0.2039  0.2247  0.2801  0.1798  0.2394  0.2444     -    

Average distances (expected heterozygosity) between individuals in same cluster:
cluster  1  : 0.5554 
cluster  2  : 0.4300 
cluster  3  : 0.4051 
cluster  4  : 0.4060 
cluster  5  : 0.4229 
cluster  6  : 0.3664 
cluster  7  : 0.4570 
cluster  8  : 0.4665 
cluster  9  : 0.2301 
cluster 10  : 0.2428 

--------------------------------------------
Estimated Ln Prob of Data   = -13759.4
Mean value of ln likelihood = -13364.6
Variance of ln likelihood   = 789.5
Mean value of alpha         = 0.0325

Mean value of Fst_1         = 0.1253
Mean value of Fst_2         = 0.4175
Mean value of Fst_3         = 0.4016
Mean value of Fst_4         = 0.3730
Mean value of Fst_5         = 0.4251
Mean value of Fst_6         = 0.4346
Mean value of Fst_7         = 0.3168
Mean value of Fst_8         = 0.3630
Mean value of Fst_9         = 0.6585
Mean value of Fst_10         = 0.6385


Inferred ancestry of individuals:
        Label (%Miss) :  Inferred clusters
  1    ZFB01    (0)   :  0.004 0.004 0.004 0.005 0.008 0.003 0.003 0.964 0.003 0.002 
  2    ZFB02    (0)   :  0.008 0.003 0.011 0.004 0.048 0.003 0.004 0.911 0.002 0.007 
  3    ZFB03    (0)   :  0.008 0.005 0.004 0.005 0.004 0.003 0.006 0.951 0.010 0.005 
  4    ZFB04    (0)   :  0.008 0.003 0.005 0.005 0.056 0.003 0.004 0.907 0.002 0.008 
  5    ZFB05    (0)   :  0.065 0.005 0.008 0.003 0.152 0.010 0.035 0.670 0.009 0.044 
  6    ZFB06    (0)   :  0.064 0.005 0.005 0.003 0.090 0.011 0.022 0.771 0.011 0.018 
  7    ZFB07    (9)   :  0.012 0.008 0.004 0.007 0.009 0.004 0.005 0.939 0.005 0.006 
  8    ZFB08    (0)   :  0.006 0.007 0.006 0.008 0.005 0.006 0.017 0.934 0.005 0.007 
  9    ZFB09    (0)   :  0.004 0.003 0.004 0.003 0.004 0.003 0.004 0.970 0.003 0.003 
 10    ZFB10    (0)   :  0.005 0.012 0.006 0.022 0.010 0.006 0.005 0.925 0.002 0.007 
 11    ZFB11    (0)   :  0.005 0.005 0.006 0.010 0.022 0.003 0.003 0.936 0.003 0.008 
 12    ZFB12    (0)   :  0.016 0.010 0.005 0.008 0.031 0.003 0.030 0.886 0.007 0.004 
 13    ZFB13    (0)   :  0.007 0.007 0.004 0.010 0.007 0.006 0.012 0.932 0.004 0.010 
 14    ZFB14    (0)   :  0.005 0.004 0.005 0.005 0.003 0.003 0.004 0.963 0.003 0.005 
 15    ZFB15    (0)   :  0.004 0.003 0.003 0.003 0.011 0.002 0.004 0.965 0.002 0.003 
 16    ZFB16    (0)   :  0.006 0.006 0.003 0.007 0.014 0.004 0.011 0.935 0.003 0.012 
 17    ZFB17    (0)   :  0.011 0.010 0.017 0.009 0.028 0.009 0.033 0.842 0.002 0.039 
 18    ZFB18    (0)   :  0.004 0.003 0.004 0.004 0.004 0.003 0.004 0.970 0.002 0.003 
 19    ZFB19    (0)   :  0.014 0.023 0.004 0.032 0.008 0.009 0.017 0.881 0.005 0.006 
 20    ZFB20    (0)   :  0.006 0.006 0.003 0.007 0.037 0.004 0.010 0.910 0.003 0.016 
 21    ZFB21    (0)   :  0.007 0.003 0.003 0.003 0.009 0.002 0.004 0.961 0.004 0.004 
 22    ZFB22    (0)   :  0.010 0.012 0.008 0.011 0.067 0.011 0.011 0.862 0.002 0.006 
 23    ZFB23    (0)   :  0.007 0.005 0.005 0.008 0.033 0.003 0.004 0.920 0.004 0.010 
 24    ZFB24    (0)   :  0.006 0.004 0.004 0.007 0.043 0.003 0.003 0.916 0.003 0.010 
 25    ZFB25    (0)   :  0.004 0.012 0.004 0.024 0.006 0.004 0.003 0.936 0.003 0.003 
 26    ZFB26    (0)   :  0.008 0.010 0.005 0.020 0.089 0.004 0.003 0.836 0.004 0.020 
 27    ZFB27    (0)   :  0.007 0.005 0.004 0.008 0.103 0.003 0.003 0.859 0.003 0.004 
 28    ZFB28    (0)   :  0.051 0.008 0.010 0.007 0.108 0.003 0.015 0.777 0.006 0.014 
 29    ZFB29    (0)   :  0.006 0.003 0.005 0.004 0.022 0.002 0.004 0.934 0.002 0.017 
 30    ZFB30    (0)   :  0.079 0.009 0.004 0.005 0.195 0.011 0.015 0.665 0.010 0.006 
 31    ZFB31    (0)   :  0.004 0.009 0.004 0.016 0.006 0.004 0.004 0.945 0.003 0.003 
 32    ZFB32    (0)   :  0.034 0.012 0.026 0.013 0.070 0.004 0.035 0.769 0.009 0.028 
 33    ZFB33    (0)   :  0.005 0.003 0.003 0.004 0.010 0.002 0.003 0.964 0.003 0.003 
 34    ZFB34    (0)   :  0.005 0.003 0.006 0.004 0.004 0.003 0.004 0.966 0.003 0.003 
 35    ZFB35    (0)   :  0.004 0.006 0.005 0.007 0.008 0.003 0.004 0.953 0.004 0.006 
 36  ZFBP101    (0)   :  0.008 0.544 0.046 0.234 0.007 0.033 0.012 0.008 0.013 0.095 
 37  ZFBP102    (0)   :  0.011 0.554 0.011 0.334 0.010 0.012 0.009 0.013 0.004 0.042 
 38  ZFBP103    (0)   :  0.007 0.752 0.088 0.064 0.006 0.012 0.006 0.007 0.014 0.044 
 39  ZFBP104    (0)   :  0.018 0.700 0.003 0.186 0.010 0.006 0.037 0.027 0.008 0.005 
 40  ZFBP105    (0)   :  0.006 0.263 0.005 0.686 0.004 0.006 0.006 0.006 0.011 0.007 
 41  ZFBP106    (0)   :  0.003 0.187 0.007 0.751 0.003 0.009 0.006 0.003 0.020 0.011 
 42  ZFBP107    (0)   :  0.013 0.431 0.006 0.458 0.017 0.005 0.007 0.006 0.017 0.040 
 43  ZFBP108    (0)   :  0.003 0.009 0.003 0.961 0.003 0.004 0.003 0.003 0.006 0.004 
 44  ZFBP109    (0)   :  0.004 0.018 0.004 0.948 0.002 0.005 0.005 0.004 0.005 0.004 
 45  ZFBP110    (0)   :  0.025 0.537 0.027 0.248 0.007 0.005 0.012 0.031 0.069 0.041 
 46  ZFBP111    (0)   :  0.004 0.592 0.004 0.271 0.003 0.100 0.010 0.003 0.009 0.005 
 47  ZFBP112    (0)   :  0.005 0.025 0.014 0.862 0.006 0.050 0.007 0.003 0.012 0.015 
 48  ZFBP113    (0)   :  0.004 0.016 0.003 0.952 0.004 0.004 0.006 0.003 0.003 0.004 
 49  ZFBP114    (0)   :  0.008 0.183 0.005 0.756 0.007 0.009 0.003 0.003 0.005 0.022 
 50  ZFBP115    (0)   :  0.004 0.857 0.008 0.082 0.003 0.011 0.007 0.003 0.015 0.009 
 51  ZFBP116    (0)   :  0.005 0.045 0.004 0.915 0.004 0.006 0.007 0.003 0.006 0.005 
 52  ZFBP117    (0)   :  0.004 0.015 0.007 0.946 0.002 0.007 0.004 0.003 0.006 0.005 
 53  ZFBP118    (0)   :  0.009 0.066 0.004 0.870 0.008 0.014 0.004 0.003 0.005 0.017 
 54  ZFBP119    (0)   :  0.005 0.392 0.030 0.506 0.002 0.016 0.011 0.004 0.018 0.015 
 55  ZFBP120    (0)   :  0.006 0.266 0.004 0.683 0.004 0.005 0.007 0.006 0.013 0.006 
 56  ZFBP121    (0)   :  0.005 0.028 0.008 0.927 0.003 0.005 0.004 0.005 0.008 0.008 
 57  ZFBP122    (9)   :  0.004 0.095 0.004 0.859 0.004 0.012 0.006 0.003 0.006 0.006 
 58  ZFBP123    (0)   :  0.004 0.016 0.008 0.900 0.005 0.014 0.008 0.003 0.005 0.036 
 59  ZFBP124    (0)   :  0.004 0.027 0.004 0.934 0.004 0.005 0.004 0.006 0.005 0.008 
 60  ZFBP125    (0)   :  0.003 0.036 0.007 0.916 0.002 0.015 0.004 0.002 0.008 0.005 
 61  ZFBP126    (0)   :  0.016 0.160 0.020 0.726 0.011 0.007 0.023 0.010 0.003 0.024 
 62  ZFBP127    (0)   :  0.005 0.214 0.017 0.656 0.003 0.005 0.004 0.003 0.087 0.006 
 63  ZFBP128    (0)   :  0.003 0.030 0.018 0.884 0.002 0.030 0.004 0.004 0.017 0.008 
 64  ZFBP129    (0)   :  0.005 0.008 0.009 0.838 0.002 0.115 0.005 0.005 0.007 0.007 
 65  ZFBP130    (0)   :  0.003 0.040 0.026 0.825 0.003 0.067 0.009 0.002 0.013 0.011 
 66  ZFBP131    (0)   :  0.004 0.006 0.003 0.965 0.003 0.004 0.004 0.003 0.003 0.004 
 67  ZFBP132    (0)   :  0.004 0.012 0.004 0.949 0.003 0.004 0.003 0.004 0.014 0.004 
 68  ZFBP133    (0)   :  0.002 0.008 0.008 0.875 0.002 0.090 0.005 0.003 0.003 0.003 
 69  ZFBP134    (0)   :  0.003 0.903 0.013 0.046 0.003 0.010 0.010 0.003 0.005 0.003 
 70  ZFBP135    (0)   :  0.008 0.178 0.184 0.509 0.005 0.014 0.008 0.012 0.016 0.065 
 71  ZFBP136    (0)   :  0.005 0.231 0.050 0.475 0.007 0.039 0.008 0.004 0.017 0.165 
 72  ZFBP201    (0)   :  0.006 0.019 0.005 0.933 0.006 0.005 0.006 0.005 0.009 0.006 
 73  ZFBP202    (0)   :  0.004 0.036 0.004 0.921 0.003 0.007 0.005 0.006 0.009 0.005 
 74  ZFBP203    (0)   :  0.023 0.018 0.005 0.851 0.044 0.016 0.026 0.005 0.005 0.008 
 75  ZFBP204    (0)   :  0.006 0.276 0.015 0.612 0.005 0.020 0.009 0.004 0.017 0.035 
 76  ZFBP205    (0)   :  0.004 0.007 0.008 0.948 0.004 0.009 0.005 0.003 0.003 0.010 
 77  ZFBP206    (0)   :  0.004 0.007 0.008 0.899 0.006 0.031 0.010 0.004 0.005 0.026 
 78  ZFBP207    (0)   :  0.004 0.254 0.012 0.619 0.004 0.008 0.005 0.004 0.083 0.007 
 79  ZFBP208    (0)   :  0.006 0.010 0.005 0.927 0.011 0.008 0.012 0.003 0.003 0.015 
 80  ZFBP209    (0)   :  0.003 0.007 0.009 0.896 0.002 0.069 0.005 0.003 0.003 0.003 
 81  ZFBP210    (0)   :  0.005 0.022 0.004 0.919 0.008 0.011 0.010 0.005 0.009 0.006 
 82  ZFBP211    (0)   :  0.004 0.011 0.004 0.947 0.003 0.005 0.004 0.006 0.009 0.007 
 83  ZFBP212    (0)   :  0.003 0.270 0.003 0.663 0.003 0.006 0.003 0.006 0.039 0.003 
 84  ZFBP213    (0)   :  0.005 0.010 0.009 0.912 0.005 0.010 0.009 0.007 0.011 0.024 
 85  ZFBP214    (0)   :  0.009 0.028 0.046 0.717 0.004 0.091 0.035 0.011 0.040 0.020 
 86  ZFBP215    (0)   :  0.004 0.012 0.005 0.953 0.003 0.007 0.004 0.004 0.005 0.004 
 87  ZFBP216    (0)   :  0.009 0.192 0.005 0.736 0.007 0.007 0.027 0.004 0.006 0.006 
 88  ZFBP217    (0)   :  0.008 0.114 0.008 0.591 0.003 0.200 0.021 0.007 0.044 0.004 
 89  ZFBP218    (0)   :  0.003 0.025 0.003 0.941 0.003 0.011 0.005 0.003 0.003 0.003 
 90  ZFBP219    (0)   :  0.004 0.014 0.003 0.955 0.004 0.004 0.006 0.003 0.004 0.004 
 91  ZFBP220    (0)   :  0.004 0.285 0.019 0.617 0.003 0.041 0.007 0.003 0.014 0.007 
 92  ZFBP221    (0)   :  0.003 0.552 0.003 0.413 0.003 0.008 0.005 0.004 0.006 0.002 
 93  ZFBP222    (0)   :  0.004 0.005 0.007 0.954 0.004 0.006 0.007 0.004 0.003 0.005 
 94  ZFBP223    (0)   :  0.007 0.140 0.008 0.613 0.004 0.008 0.005 0.007 0.198 0.009 
 95  ZFBP224    (0)   :  0.006 0.011 0.005 0.942 0.004 0.005 0.006 0.004 0.005 0.012 
 96  ZFBP225    (0)   :  0.009 0.506 0.014 0.193 0.008 0.222 0.014 0.004 0.020 0.011 
 97  ZFBP226    (0)   :  0.004 0.027 0.003 0.939 0.004 0.004 0.005 0.003 0.005 0.005 
 98  ZFBP227    (0)   :  0.038 0.389 0.006 0.388 0.010 0.006 0.128 0.016 0.009 0.009 
 99  ZFBP228    (0)   :  0.004 0.543 0.017 0.352 0.003 0.008 0.004 0.004 0.059 0.005 
100  ZFBP229    (0)   :  0.004 0.085 0.007 0.867 0.003 0.018 0.007 0.002 0.005 0.003 
101  ZFBP230    (0)   :  0.004 0.402 0.025 0.504 0.003 0.032 0.010 0.003 0.010 0.008 
102  ZFBP231    (0)   :  0.004 0.010 0.004 0.943 0.004 0.004 0.005 0.005 0.006 0.015 
103  ZFBP232    (0)   :  0.003 0.010 0.004 0.957 0.003 0.008 0.004 0.003 0.004 0.005 
104  ZFBP233    (0)   :  0.005 0.028 0.005 0.911 0.004 0.016 0.009 0.006 0.007 0.009 
105   ZFCC01    (0)   :  0.004 0.003 0.953 0.004 0.005 0.004 0.005 0.009 0.005 0.008 
106   ZFCC03    (0)   :  0.003 0.003 0.959 0.004 0.003 0.004 0.003 0.005 0.009 0.006 
107   ZFCC04    (0)   :  0.004 0.004 0.950 0.004 0.004 0.006 0.005 0.006 0.006 0.012 
108   ZFCC05    (0)   :  0.007 0.007 0.888 0.006 0.005 0.007 0.007 0.008 0.018 0.046 
109   ZFCC08    (0)   :  0.003 0.008 0.932 0.012 0.002 0.017 0.006 0.004 0.005 0.009 
110   ZFCC09    (0)   :  0.004 0.003 0.959 0.003 0.003 0.004 0.003 0.006 0.008 0.007 
111   ZFCC10    (0)   :  0.004 0.003 0.953 0.005 0.004 0.003 0.003 0.011 0.004 0.009 
112   ZFCC11    (0)   :  0.004 0.004 0.950 0.005 0.004 0.004 0.004 0.005 0.011 0.008 
113   ZFCC12    (0)   :  0.019 0.007 0.841 0.006 0.063 0.004 0.007 0.017 0.008 0.029 
114   ZFCC13    (0)   :  0.005 0.013 0.929 0.009 0.007 0.007 0.009 0.004 0.010 0.008 
115   ZFCC14    (0)   :  0.006 0.004 0.923 0.009 0.005 0.007 0.004 0.010 0.005 0.027 
116   ZFCC15    (0)   :  0.005 0.004 0.956 0.004 0.005 0.004 0.008 0.004 0.005 0.006 
117   ZFCC16    (0)   :  0.004 0.003 0.951 0.004 0.004 0.004 0.005 0.005 0.004 0.016 
118   ZFCC17    (0)   :  0.005 0.003 0.910 0.003 0.013 0.004 0.004 0.006 0.006 0.046 
119   ZFCC18    (0)   :  0.004 0.004 0.951 0.005 0.005 0.006 0.005 0.005 0.009 0.008 
120   ZFCC19    (0)   :  0.005 0.003 0.952 0.003 0.008 0.003 0.008 0.004 0.003 0.010 
121   ZFCC20    (0)   :  0.004 0.005 0.947 0.003 0.004 0.005 0.006 0.005 0.009 0.012 
122   ZFCC21    (0)   :  0.007 0.016 0.820 0.033 0.006 0.034 0.059 0.009 0.003 0.013 
123   ZFCC22    (0)   :  0.004 0.060 0.680 0.172 0.004 0.048 0.008 0.007 0.006 0.011 
124   ZFCC26    (0)   :  0.004 0.003 0.961 0.003 0.003 0.004 0.004 0.004 0.004 0.009 
125   ZFCC27    (0)   :  0.003 0.003 0.964 0.003 0.002 0.004 0.003 0.004 0.007 0.005 
126   ZFCC29    (0)   :  0.006 0.005 0.935 0.004 0.005 0.005 0.010 0.008 0.005 0.017 
127   ZFCC30    (0)   :  0.003 0.004 0.956 0.003 0.003 0.005 0.004 0.003 0.010 0.007 
128   ZFCC32    (0)   :  0.007 0.006 0.938 0.004 0.008 0.005 0.010 0.005 0.006 0.011 
129   ZFCC33    (0)   :  0.009 0.004 0.619 0.005 0.004 0.004 0.005 0.010 0.008 0.333 
130   ZFCC34    (0)   :  0.006 0.042 0.703 0.065 0.021 0.020 0.007 0.022 0.057 0.055 
131   ZFCC35    (0)   :  0.003 0.003 0.964 0.003 0.003 0.004 0.003 0.003 0.004 0.008 
132   ZFCC36    (0)   :  0.006 0.009 0.921 0.007 0.013 0.010 0.015 0.004 0.004 0.011 
133   ZFCC37    (0)   :  0.014 0.010 0.845 0.008 0.051 0.006 0.010 0.021 0.008 0.029 
134   ZFCC40    (0)   :  0.004 0.003 0.947 0.006 0.008 0.004 0.003 0.006 0.003 0.016 
135   ZFCC42    (0)   :  0.022 0.008 0.060 0.004 0.385 0.007 0.005 0.018 0.053 0.437 
136   ZFCC44    (0)   :  0.005 0.003 0.949 0.003 0.005 0.003 0.003 0.003 0.010 0.018 
137   ZFCC45    (9)   :  0.017 0.005 0.866 0.006 0.019 0.003 0.008 0.016 0.009 0.052 
138   ZFCC46    (0)   :  0.004 0.016 0.897 0.011 0.004 0.033 0.008 0.003 0.010 0.015 
139   ZFCC47    (0)   :  0.006 0.005 0.917 0.005 0.029 0.006 0.005 0.013 0.005 0.009 
140   ZFCC48    (0)   :  0.004 0.011 0.880 0.027 0.004 0.035 0.013 0.007 0.004 0.015 
141   ZFCC50    (0)   :  0.004 0.003 0.960 0.003 0.005 0.003 0.004 0.005 0.003 0.011 
142   ZFCC51    (0)   :  0.003 0.004 0.964 0.003 0.003 0.004 0.003 0.004 0.008 0.005 
143   ZFCC52    (0)   :  0.004 0.009 0.900 0.015 0.008 0.012 0.007 0.004 0.006 0.035 
144   ZFCC53    (0)   :  0.004 0.003 0.967 0.003 0.003 0.003 0.003 0.004 0.006 0.005 
145  ZFCNS01    (0)   :  0.031 0.034 0.006 0.005 0.022 0.003 0.056 0.003 0.837 0.003 
146  ZFCNS02    (0)   :  0.003 0.004 0.005 0.003 0.002 0.004 0.003 0.002 0.970 0.003 
147  ZFCNS05    (0)   :  0.003 0.009 0.006 0.007 0.003 0.005 0.005 0.005 0.952 0.005 
148  ZFCNS06    (0)   :  0.003 0.004 0.005 0.004 0.002 0.004 0.003 0.003 0.968 0.004 
149  ZFCNS07    (0)   :  0.003 0.007 0.004 0.006 0.002 0.010 0.003 0.003 0.959 0.003 
150  ZFCNS10    (0)   :  0.003 0.017 0.004 0.007 0.003 0.005 0.003 0.003 0.952 0.003 
151  ZFCNS11    (0)   :  0.014 0.016 0.008 0.006 0.013 0.005 0.021 0.002 0.913 0.003 
152  ZFCNS15    (0)   :  0.004 0.039 0.003 0.015 0.003 0.007 0.004 0.003 0.917 0.006 
153  ZFCNS17    (0)   :  0.003 0.005 0.005 0.004 0.002 0.004 0.003 0.003 0.968 0.004 
154  ZFCNS18    (0)   :  0.003 0.013 0.005 0.007 0.003 0.004 0.003 0.003 0.955 0.003 
155  ZFCNS19    (0)   :  0.003 0.004 0.004 0.003 0.002 0.003 0.003 0.003 0.972 0.003 
156  ZFCNS20    (0)   :  0.003 0.012 0.004 0.012 0.003 0.014 0.004 0.003 0.939 0.007 
157  ZFCNS21    (0)   :  0.003 0.005 0.004 0.003 0.002 0.003 0.003 0.002 0.972 0.004 
158  ZFCNS22    (0)   :  0.004 0.014 0.005 0.011 0.003 0.005 0.005 0.005 0.941 0.007 
159  ZFCNS23    (0)   :  0.008 0.005 0.015 0.006 0.011 0.012 0.011 0.005 0.898 0.028 
160  ZFCNS24    (0)   :  0.003 0.008 0.007 0.006 0.003 0.006 0.004 0.003 0.952 0.010 
161  ZFCNS25    (0)   :  0.003 0.015 0.005 0.009 0.003 0.009 0.004 0.003 0.940 0.009 
162  ZFCNS26    (0)   :  0.003 0.006 0.003 0.004 0.002 0.004 0.003 0.003 0.969 0.003 
163  ZFCNS27    (0)   :  0.004 0.062 0.003 0.018 0.003 0.009 0.004 0.003 0.888 0.006 
164  ZFCNS28    (0)   :  0.003 0.005 0.004 0.004 0.002 0.004 0.003 0.004 0.969 0.003 
165  ZFCNS29    (0)   :  0.004 0.008 0.008 0.007 0.003 0.004 0.004 0.004 0.952 0.007 
166  ZFCNS30    (0)   :  0.004 0.008 0.007 0.004 0.002 0.003 0.005 0.004 0.957 0.006 
167  ZFCNS31    (0)   :  0.003 0.006 0.003 0.004 0.003 0.004 0.003 0.003 0.969 0.003 
168  ZFCNS32    (0)   :  0.003 0.010 0.004 0.005 0.003 0.008 0.004 0.003 0.954 0.006 
169  ZFCNS33    (0)   :  0.003 0.005 0.003 0.003 0.002 0.004 0.003 0.003 0.972 0.003 
170  ZFCNS34    (0)   :  0.003 0.006 0.012 0.005 0.003 0.004 0.004 0.004 0.952 0.007 
171  ZFCNS35    (0)   :  0.003 0.033 0.011 0.017 0.002 0.004 0.004 0.025 0.897 0.003 
172  ZFCNS36    (0)   :  0.003 0.006 0.009 0.005 0.003 0.008 0.004 0.003 0.949 0.009 
173  ZFCNS37    (0)   :  0.008 0.099 0.005 0.005 0.002 0.008 0.004 0.004 0.859 0.006 
174  ZFCNS39    (0)   :  0.006 0.025 0.016 0.008 0.003 0.024 0.013 0.002 0.897 0.007 
175  ZFCNS40    (0)   :  0.006 0.113 0.026 0.010 0.003 0.119 0.008 0.003 0.700 0.012 
176  ZFCNS41    (0)   :  0.009 0.665 0.015 0.019 0.005 0.005 0.011 0.006 0.254 0.010 
177  ZFCNS42    (0)   :  0.003 0.006 0.003 0.004 0.002 0.003 0.003 0.003 0.969 0.003 
178  ZFCNS43    (0)   :  0.003 0.004 0.005 0.003 0.002 0.003 0.003 0.003 0.971 0.004 
179  ZFCNS44    (0)   :  0.003 0.014 0.005 0.006 0.003 0.003 0.003 0.003 0.956 0.004 
180  ZFCNS46    (0)   :  0.004 0.010 0.005 0.006 0.002 0.004 0.004 0.004 0.955 0.005 
181  ZFCNS47    (0)   :  0.003 0.005 0.004 0.003 0.002 0.003 0.003 0.002 0.971 0.004 
182  ZFCNS48    (0)   :  0.003 0.032 0.007 0.012 0.003 0.006 0.004 0.004 0.923 0.006 
183  ZFCNS49    (0)   :  0.003 0.053 0.003 0.011 0.003 0.004 0.003 0.003 0.913 0.003 
184   ZFCR01    (0)   :  0.709 0.006 0.029 0.036 0.014 0.017 0.006 0.178 0.003 0.003 
185   ZFCR02    (0)   :  0.441 0.011 0.050 0.039 0.016 0.035 0.121 0.255 0.006 0.026 
186   ZFCR03    (0)   :  0.057 0.013 0.030 0.058 0.131 0.025 0.271 0.346 0.003 0.065 
187   ZFCR04    (0)   :  0.095 0.040 0.024 0.023 0.032 0.037 0.027 0.704 0.009 0.008 
188   ZFCR05    (0)   :  0.345 0.007 0.072 0.007 0.023 0.007 0.312 0.216 0.004 0.006 
189   ZFCR06    (0)   :  0.500 0.086 0.033 0.088 0.007 0.041 0.045 0.121 0.073 0.006 
190   ZFCR07    (0)   :  0.321 0.028 0.011 0.008 0.012 0.003 0.476 0.041 0.051 0.047 
191   ZFCR08    (0)   :  0.707 0.015 0.081 0.024 0.041 0.023 0.008 0.062 0.004 0.036 
192   ZFCR09    (0)   :  0.038 0.124 0.038 0.150 0.440 0.020 0.045 0.119 0.014 0.013 
193   ZFCR11    (0)   :  0.259 0.104 0.015 0.037 0.023 0.003 0.252 0.291 0.010 0.004 
194   ZFCR12    (0)   :  0.266 0.077 0.017 0.019 0.005 0.024 0.436 0.019 0.129 0.009 
195   ZFCR13    (0)   :  0.381 0.011 0.007 0.097 0.003 0.005 0.467 0.013 0.009 0.006 
196   ZFCR14    (0)   :  0.327 0.011 0.022 0.010 0.009 0.034 0.484 0.089 0.006 0.008 
197   ZFCR15    (0)   :  0.379 0.017 0.021 0.025 0.012 0.121 0.114 0.289 0.005 0.017 
198   ZFCR16    (0)   :  0.505 0.012 0.013 0.026 0.006 0.087 0.085 0.258 0.003 0.005 
199   ZFCR18    (0)   :  0.042 0.011 0.031 0.026 0.005 0.013 0.020 0.749 0.011 0.091 
200   ZFCR19    (0)   :  0.075 0.014 0.018 0.025 0.155 0.279 0.176 0.246 0.005 0.007 
201   ZFCR20    (0)   :  0.085 0.029 0.011 0.124 0.033 0.015 0.168 0.494 0.005 0.036 
202   ZFCR21    (0)   :  0.333 0.013 0.029 0.012 0.004 0.016 0.550 0.032 0.003 0.007 
203   ZFCR22    (0)   :  0.198 0.006 0.004 0.009 0.006 0.017 0.740 0.011 0.003 0.006 
204   ZFCR23    (0)   :  0.295 0.082 0.004 0.158 0.036 0.006 0.384 0.027 0.004 0.003 
205   ZFCR24    (9)   :  0.088 0.010 0.008 0.504 0.022 0.007 0.230 0.115 0.004 0.012 
206   ZFCR25    (0)   :  0.378 0.005 0.009 0.004 0.011 0.004 0.544 0.036 0.003 0.008 
207   ZFCR26    (0)   :  0.031 0.011 0.023 0.016 0.096 0.018 0.781 0.007 0.006 0.010 
208   ZFCR27    (9)   :  0.873 0.003 0.007 0.004 0.021 0.003 0.050 0.033 0.003 0.003 
209   ZFCR28    (0)   :  0.606 0.026 0.012 0.179 0.006 0.121 0.010 0.009 0.025 0.007 
210   ZFCR29    (0)   :  0.075 0.008 0.008 0.011 0.009 0.005 0.760 0.117 0.002 0.005 
211   ZFCR30    (0)   :  0.186 0.007 0.005 0.005 0.011 0.005 0.751 0.020 0.005 0.005 
212   ZFCR31    (0)   :  0.066 0.095 0.013 0.115 0.088 0.034 0.135 0.372 0.045 0.038 
213   ZFCR33    (0)   :  0.853 0.014 0.035 0.009 0.026 0.010 0.024 0.014 0.007 0.008 
214   ZFCR34    (0)   :  0.212 0.052 0.028 0.035 0.037 0.016 0.521 0.084 0.012 0.004 
215   ZFCR35    (0)   :  0.059 0.013 0.025 0.009 0.011 0.010 0.028 0.825 0.010 0.011 
216   ZFCR36    (0)   :  0.154 0.009 0.011 0.009 0.045 0.005 0.512 0.233 0.017 0.005 
217   ZFCR37    (0)   :  0.161 0.004 0.055 0.004 0.031 0.004 0.660 0.057 0.004 0.020 
218   ZFCR38    (0)   :  0.845 0.009 0.043 0.007 0.025 0.010 0.026 0.018 0.006 0.009 
219   ZFCR39    (0)   :  0.562 0.020 0.097 0.060 0.167 0.036 0.010 0.014 0.003 0.031 
220   ZFCR40    (0)   :  0.768 0.015 0.039 0.011 0.045 0.005 0.083 0.023 0.004 0.006 
221   ZFCR41    (0)   :  0.288 0.080 0.091 0.008 0.004 0.022 0.464 0.019 0.015 0.008 
222   ZFCR42    (0)   :  0.385 0.027 0.058 0.030 0.030 0.035 0.391 0.021 0.012 0.012 
223   ZFCR43    (0)   :  0.389 0.008 0.006 0.110 0.007 0.007 0.350 0.113 0.005 0.005 
224  ZFENP25    (0)   :  0.911 0.005 0.017 0.011 0.004 0.012 0.007 0.024 0.003 0.006 
225  ZFENP26    (0)   :  0.961 0.004 0.004 0.003 0.007 0.003 0.004 0.006 0.003 0.004 
226  ZFENP27    (0)   :  0.451 0.029 0.229 0.021 0.044 0.013 0.009 0.110 0.048 0.045 
227  ZFENP28    (0)   :  0.929 0.004 0.011 0.004 0.011 0.004 0.009 0.013 0.010 0.005 
228  ZFENP29    (0)   :  0.952 0.004 0.007 0.004 0.006 0.004 0.008 0.004 0.004 0.008 
229  ZFENP30    (0)   :  0.812 0.005 0.029 0.005 0.014 0.006 0.011 0.008 0.010 0.099 
230  ZFENP31    (0)   :  0.156 0.004 0.014 0.006 0.424 0.003 0.007 0.015 0.007 0.364 
231  ZFENP32    (0)   :  0.270 0.032 0.019 0.025 0.260 0.006 0.019 0.228 0.031 0.110 
232  ZFENP33    (0)   :  0.857 0.007 0.005 0.007 0.015 0.004 0.037 0.026 0.005 0.037 
233  ZFENP34    (0)   :  0.372 0.009 0.022 0.008 0.013 0.005 0.010 0.501 0.015 0.045 
234  ZFENP35    (0)   :  0.896 0.017 0.005 0.008 0.028 0.005 0.008 0.012 0.013 0.007 
235  ZFENP36    (0)   :  0.940 0.004 0.003 0.003 0.013 0.002 0.008 0.009 0.010 0.008 
236  ZFENP37    (0)   :  0.802 0.010 0.012 0.009 0.031 0.004 0.038 0.072 0.012 0.010 
237  ZFENP38    (0)   :  0.535 0.010 0.019 0.006 0.022 0.005 0.350 0.016 0.021 0.016 
238  ZFENP39    (0)   :  0.929 0.004 0.011 0.003 0.010 0.003 0.011 0.017 0.004 0.006 
239  ZFENP40    (0)   :  0.901 0.006 0.007 0.009 0.027 0.004 0.007 0.023 0.006 0.011 
240  ZFENP41    (0)   :  0.863 0.007 0.046 0.006 0.011 0.006 0.006 0.015 0.008 0.031 
241  ZFENP42    (0)   :  0.795 0.005 0.006 0.003 0.132 0.005 0.039 0.004 0.003 0.009 
242  ZFENP43    (0)   :  0.713 0.033 0.037 0.007 0.025 0.006 0.100 0.015 0.057 0.009 
243  ZFENP44    (0)   :  0.845 0.012 0.015 0.006 0.061 0.003 0.019 0.007 0.011 0.021 
244  ZFENP45    (0)   :  0.442 0.016 0.016 0.028 0.089 0.318 0.049 0.011 0.010 0.021 
245  ZFENP46    (0)   :  0.842 0.020 0.003 0.014 0.021 0.004 0.062 0.016 0.008 0.010 
246  ZFENP47    (0)   :  0.381 0.006 0.081 0.017 0.317 0.137 0.008 0.033 0.004 0.016 
247  ZFENP48    (0)   :  0.152 0.007 0.030 0.021 0.019 0.016 0.019 0.488 0.009 0.239 
248  ZFENP49    (0)   :  0.655 0.011 0.011 0.019 0.015 0.016 0.024 0.043 0.005 0.200 
249  ZFENP50    (0)   :  0.821 0.017 0.004 0.031 0.034 0.007 0.069 0.007 0.004 0.006 
250  ZFENP51    (0)   :  0.436 0.004 0.007 0.004 0.408 0.046 0.023 0.027 0.007 0.037 
251  ZFENP52    (0)   :  0.925 0.015 0.010 0.005 0.008 0.005 0.012 0.003 0.012 0.006 
252  ZFENP53    (0)   :  0.842 0.022 0.008 0.031 0.019 0.027 0.024 0.008 0.009 0.010 
253  ZFENP54    (0)   :  0.798 0.018 0.020 0.049 0.009 0.011 0.036 0.024 0.004 0.029 
254  ZFENP55    (0)   :  0.250 0.005 0.004 0.005 0.019 0.004 0.648 0.051 0.004 0.011 
255  ZFENP56    (0)   :  0.837 0.009 0.007 0.004 0.014 0.005 0.091 0.012 0.010 0.011 
256  ZFENP57    (0)   :  0.856 0.007 0.004 0.004 0.063 0.002 0.023 0.016 0.012 0.012 
257  ZFENP58    (0)   :  0.467 0.014 0.020 0.009 0.012 0.114 0.048 0.015 0.017 0.284 
258  ZFENP59    (0)   :  0.859 0.005 0.048 0.005 0.027 0.004 0.007 0.012 0.005 0.029 
259  ZFENP60    (0)   :  0.878 0.008 0.012 0.009 0.014 0.013 0.014 0.040 0.006 0.006 
260  ZFENP61    (0)   :  0.926 0.004 0.012 0.003 0.007 0.003 0.011 0.022 0.004 0.008 
261 ZFFDSP01    (0)   :  0.003 0.133 0.005 0.798 0.003 0.023 0.007 0.007 0.016 0.004 
262 ZFFDSP02    (0)   :  0.003 0.017 0.005 0.952 0.002 0.006 0.004 0.003 0.004 0.003 
263 ZFFDSP04    (0)   :  0.002 0.027 0.005 0.934 0.002 0.014 0.005 0.005 0.003 0.003 
264 ZFFDSP05    (0)   :  0.004 0.430 0.004 0.528 0.003 0.011 0.007 0.004 0.005 0.003 
265 ZFFDSP06    (0)   :  0.003 0.020 0.007 0.942 0.002 0.012 0.005 0.003 0.003 0.003 
266 ZFFDSP07    (0)   :  0.005 0.008 0.010 0.917 0.005 0.021 0.008 0.003 0.004 0.019 
267 ZFFDSP08    (0)   :  0.005 0.047 0.012 0.791 0.004 0.087 0.009 0.003 0.012 0.029 
268 ZFFDSP10    (0)   :  0.004 0.036 0.005 0.915 0.003 0.013 0.007 0.004 0.005 0.008 
269 ZFFDSP11    (0)   :  0.004 0.040 0.004 0.922 0.003 0.008 0.008 0.005 0.003 0.003 
270 ZFFDSP12    (0)   :  0.003 0.012 0.003 0.955 0.003 0.008 0.004 0.002 0.004 0.005 
271 ZFFDSP13    (0)   :  0.005 0.897 0.009 0.050 0.004 0.005 0.008 0.004 0.012 0.007 
272 ZFFDSP14    (0)   :  0.003 0.006 0.006 0.947 0.003 0.016 0.005 0.003 0.004 0.006 
273 ZFFDSP16    (0)   :  0.007 0.020 0.007 0.924 0.004 0.005 0.008 0.007 0.016 0.004 
274 ZFFDSP17    (0)   :  0.003 0.020 0.006 0.942 0.003 0.008 0.006 0.004 0.004 0.004 
275 ZFFDSP18    (0)   :  0.003 0.010 0.006 0.946 0.002 0.015 0.004 0.006 0.005 0.003 
276 ZFFDSP19    (0)   :  0.003 0.042 0.027 0.750 0.003 0.020 0.004 0.006 0.140 0.004 
277 ZFFDSP21    (0)   :  0.004 0.371 0.019 0.511 0.002 0.010 0.004 0.006 0.068 0.004 
278 ZFFDSP22    (0)   :  0.003 0.014 0.005 0.900 0.002 0.060 0.005 0.003 0.004 0.004 
279 ZFFDSP23    (0)   :  0.003 0.160 0.005 0.646 0.002 0.162 0.005 0.003 0.009 0.003 
280 ZFFDSP24    (0)   :  0.003 0.335 0.005 0.619 0.003 0.007 0.006 0.006 0.012 0.005 
281 ZFFDSP26    (9)   :  0.003 0.287 0.006 0.665 0.003 0.016 0.005 0.004 0.006 0.004 
282 ZFFDSP27    (0)   :  0.003 0.030 0.004 0.933 0.002 0.007 0.004 0.005 0.008 0.004 
283 ZFFDSP28    (0)   :  0.010 0.055 0.009 0.812 0.017 0.009 0.018 0.043 0.005 0.022 
284 ZFFDSP30    (0)   :  0.005 0.584 0.007 0.311 0.009 0.009 0.008 0.022 0.033 0.011 
285 ZFFDSP31    (0)   :  0.004 0.017 0.006 0.941 0.002 0.006 0.005 0.005 0.008 0.006 
286 ZFFDSP32    (0)   :  0.003 0.017 0.004 0.950 0.003 0.006 0.004 0.003 0.005 0.005 
287 ZFFDSP33    (0)   :  0.003 0.025 0.003 0.947 0.003 0.005 0.003 0.003 0.005 0.003 
288 ZFFDSP34    (0)   :  0.003 0.017 0.009 0.941 0.002 0.011 0.005 0.003 0.005 0.005 
289 ZFFDSP35    (0)   :  0.003 0.313 0.004 0.650 0.003 0.007 0.005 0.005 0.006 0.004 
290 ZFFDSP37    (0)   :  0.003 0.023 0.004 0.944 0.002 0.004 0.004 0.005 0.006 0.004 
291 ZFFDSP38    (0)   :  0.003 0.012 0.004 0.953 0.003 0.006 0.004 0.005 0.006 0.005 
292 ZFFDSP39    (0)   :  0.003 0.760 0.003 0.208 0.002 0.008 0.003 0.003 0.007 0.003 
293 ZFFDSP40    (0)   :  0.003 0.506 0.003 0.459 0.002 0.005 0.004 0.005 0.009 0.004 
294 ZFFDSP42    (0)   :  0.003 0.121 0.006 0.765 0.002 0.079 0.006 0.004 0.010 0.003 
295 ZFFDSP43    (0)   :  0.003 0.034 0.004 0.926 0.002 0.009 0.004 0.004 0.011 0.003 
296 ZFFDSP44    (0)   :  0.003 0.204 0.003 0.756 0.003 0.005 0.005 0.005 0.011 0.005 
297 ZFFDSP45    (0)   :  0.003 0.031 0.005 0.931 0.002 0.005 0.005 0.005 0.009 0.004 
298 ZFFDSP46    (0)   :  0.004 0.069 0.005 0.885 0.002 0.012 0.005 0.005 0.009 0.004 
299 ZFFDSP47    (0)   :  0.003 0.766 0.003 0.186 0.003 0.014 0.005 0.004 0.012 0.004 
300 ZFFDSP48    (0)   :  0.003 0.722 0.004 0.238 0.002 0.006 0.004 0.004 0.012 0.005 
301    ZFI01    (0)   :  0.009 0.004 0.007 0.004 0.024 0.004 0.007 0.922 0.009 0.011 
302    ZFI02    (0)   :  0.006 0.005 0.004 0.005 0.010 0.004 0.006 0.947 0.010 0.003 
303    ZFI03    (0)   :  0.005 0.004 0.005 0.004 0.004 0.002 0.005 0.958 0.008 0.005 
304    ZFI04    (0)   :  0.007 0.004 0.005 0.004 0.016 0.003 0.007 0.943 0.006 0.005 
305    ZFI05    (0)   :  0.007 0.007 0.004 0.004 0.005 0.003 0.005 0.935 0.023 0.008 
306    ZFI06    (0)   :  0.010 0.017 0.003 0.008 0.010 0.003 0.005 0.884 0.053 0.006 
307    ZFI07    (0)   :  0.005 0.004 0.005 0.004 0.005 0.003 0.005 0.959 0.005 0.006 
308    ZFI08    (0)   :  0.008 0.003 0.005 0.003 0.007 0.003 0.009 0.952 0.004 0.005 
309    ZFI09    (0)   :  0.008 0.004 0.003 0.003 0.009 0.003 0.004 0.955 0.006 0.004 
310    ZFI10    (0)   :  0.008 0.009 0.003 0.005 0.015 0.004 0.007 0.875 0.071 0.005 
311    ZFI11    (0)   :  0.006 0.004 0.004 0.003 0.014 0.003 0.005 0.946 0.008 0.008 
312    ZFI12    (0)   :  0.005 0.005 0.005 0.004 0.004 0.003 0.008 0.947 0.014 0.005 
313    ZFI13    (0)   :  0.007 0.004 0.005 0.003 0.006 0.003 0.005 0.947 0.006 0.013 
314    ZFI14    (0)   :  0.004 0.009 0.004 0.009 0.005 0.003 0.004 0.949 0.007 0.005 
315    ZFI15    (0)   :  0.006 0.003 0.004 0.003 0.004 0.002 0.003 0.963 0.005 0.006 
316    ZFI16    (0)   :  0.004 0.004 0.004 0.003 0.003 0.002 0.005 0.966 0.006 0.004 
317    ZFI17    (0)   :  0.007 0.005 0.004 0.003 0.007 0.003 0.006 0.951 0.010 0.005 
318    ZFI18    (0)   :  0.007 0.004 0.003 0.003 0.007 0.002 0.004 0.958 0.007 0.005 
319    ZFI19    (9)   :  0.005 0.003 0.003 0.003 0.005 0.002 0.006 0.960 0.006 0.006 
320    ZFI20    (0)   :  0.004 0.006 0.004 0.005 0.004 0.003 0.005 0.960 0.005 0.003 
321    ZFI21    (0)   :  0.004 0.019 0.003 0.012 0.004 0.003 0.004 0.935 0.011 0.004 
322    ZFI22    (0)   :  0.005 0.004 0.007 0.005 0.008 0.004 0.005 0.956 0.004 0.004 
323    ZFI23    (0)   :  0.005 0.004 0.004 0.004 0.004 0.002 0.005 0.960 0.009 0.004 
324    ZFI24    (0)   :  0.006 0.005 0.006 0.004 0.004 0.003 0.007 0.947 0.012 0.006 
325    ZFI25    (0)   :  0.007 0.004 0.005 0.005 0.004 0.004 0.005 0.957 0.005 0.004 
326    ZFI26    (0)   :  0.005 0.004 0.006 0.003 0.004 0.003 0.006 0.956 0.004 0.008 
327    ZFI27    (0)   :  0.006 0.008 0.004 0.004 0.004 0.003 0.007 0.911 0.040 0.012 
328    ZFK01    (0)   :  0.003 0.004 0.005 0.003 0.003 0.004 0.004 0.003 0.006 0.966 
329    ZFK02    (0)   :  0.004 0.004 0.005 0.003 0.003 0.003 0.003 0.003 0.007 0.965 
330    ZFK03    (0)   :  0.003 0.003 0.005 0.003 0.003 0.003 0.003 0.003 0.005 0.967 
331    ZFK04    (0)   :  0.004 0.003 0.004 0.003 0.005 0.003 0.003 0.004 0.004 0.969 
332    ZFK05    (0)   :  0.006 0.003 0.010 0.003 0.010 0.003 0.003 0.007 0.004 0.952 
333    ZFK06    (0)   :  0.007 0.003 0.011 0.003 0.006 0.003 0.004 0.008 0.004 0.952 
334    ZFK07    (0)   :  0.003 0.004 0.005 0.003 0.003 0.004 0.004 0.002 0.005 0.965 
335    ZFK08    (0)   :  0.004 0.004 0.004 0.003 0.004 0.003 0.006 0.004 0.003 0.965 
336    ZFK10    (0)   :  0.003 0.003 0.004 0.003 0.004 0.003 0.003 0.004 0.004 0.969 
337    ZFK11    (0)   :  0.006 0.003 0.010 0.003 0.007 0.003 0.003 0.006 0.004 0.954 
338    ZFK12    (0)   :  0.003 0.007 0.007 0.005 0.003 0.008 0.007 0.002 0.004 0.953 
339    ZFK13    (0)   :  0.004 0.020 0.008 0.019 0.007 0.008 0.005 0.003 0.004 0.923 
340    ZFK14    (0)   :  0.007 0.021 0.179 0.020 0.017 0.036 0.011 0.008 0.015 0.687 
341    ZFK15    (0)   :  0.003 0.012 0.006 0.014 0.010 0.005 0.004 0.004 0.004 0.938 
342    ZFK16    (0)   :  0.003 0.006 0.006 0.005 0.003 0.005 0.005 0.002 0.005 0.959 
343   ZFLB01    (0)   :  0.007 0.010 0.003 0.009 0.945 0.004 0.004 0.007 0.006 0.007 
344   ZFLB02    (0)   :  0.108 0.004 0.003 0.004 0.831 0.006 0.008 0.030 0.003 0.004 
345   ZFLB03    (0)   :  0.118 0.009 0.005 0.005 0.746 0.006 0.009 0.011 0.077 0.014 
346   ZFLB04    (0)   :  0.007 0.031 0.005 0.016 0.682 0.006 0.004 0.008 0.231 0.010 
347   ZFLB05    (0)   :  0.007 0.011 0.003 0.006 0.932 0.003 0.004 0.009 0.018 0.008 
348   ZFLB06    (0)   :  0.008 0.005 0.009 0.007 0.918 0.005 0.004 0.004 0.006 0.035 
349   ZFLB07    (0)   :  0.058 0.031 0.011 0.015 0.628 0.008 0.014 0.005 0.133 0.096 
350   ZFLB08    (0)   :  0.061 0.005 0.003 0.004 0.868 0.005 0.011 0.028 0.007 0.008 
351   ZFLB09    (9)   :  0.006 0.004 0.005 0.005 0.953 0.003 0.004 0.005 0.004 0.010 
352   ZFLB10    (0)   :  0.006 0.005 0.003 0.004 0.957 0.002 0.003 0.005 0.009 0.005 
353   ZFLB11    (0)   :  0.007 0.007 0.012 0.005 0.926 0.008 0.007 0.003 0.004 0.020 
354   ZFLB12    (0)   :  0.007 0.003 0.005 0.003 0.962 0.002 0.003 0.004 0.003 0.008 
355   ZFLB13    (0)   :  0.051 0.016 0.012 0.010 0.868 0.004 0.014 0.005 0.008 0.012 
356  ZFLTI01    (0)   :  0.004 0.901 0.030 0.023 0.002 0.011 0.009 0.004 0.011 0.006 
357  ZFLTI02    (0)   :  0.004 0.833 0.077 0.017 0.002 0.011 0.007 0.005 0.034 0.009 
358  ZFLTI03    (0)   :  0.003 0.944 0.010 0.008 0.002 0.008 0.005 0.003 0.012 0.005 
359  ZFLTI04    (0)   :  0.004 0.915 0.011 0.014 0.003 0.006 0.007 0.006 0.021 0.012 
360  ZFLTI05    (0)   :  0.003 0.942 0.007 0.008 0.002 0.005 0.004 0.004 0.018 0.006 
361  ZFLTI06    (0)   :  0.003 0.948 0.007 0.013 0.002 0.008 0.004 0.004 0.007 0.004 
362  ZFLTI07    (0)   :  0.004 0.952 0.006 0.010 0.002 0.004 0.006 0.005 0.007 0.005 
363  ZFLTI08    (0)   :  0.004 0.931 0.006 0.007 0.002 0.005 0.008 0.008 0.023 0.006 
364  ZFLTI09    (0)   :  0.004 0.940 0.006 0.018 0.003 0.005 0.005 0.007 0.009 0.005 
365  ZFLTI10    (0)   :  0.004 0.936 0.011 0.022 0.002 0.004 0.004 0.005 0.007 0.005 
366  ZFLTI11    (0)   :  0.003 0.933 0.007 0.014 0.003 0.017 0.005 0.005 0.010 0.004 
367  ZFLTI12    (0)   :  0.003 0.919 0.020 0.016 0.002 0.014 0.005 0.004 0.010 0.006 
368  ZFLTI13    (0)   :  0.004 0.877 0.022 0.008 0.003 0.010 0.009 0.004 0.054 0.009 
369  ZFLTI14    (0)   :  0.005 0.610 0.092 0.065 0.002 0.005 0.006 0.007 0.197 0.011 
370 ZFONF101    (0)   :  0.003 0.007 0.002 0.970 0.002 0.005 0.003 0.003 0.003 0.002 
371 ZFONF102    (0)   :  0.008 0.006 0.003 0.931 0.011 0.026 0.005 0.005 0.003 0.003 
372 ZFONF103    (0)   :  0.006 0.119 0.011 0.765 0.003 0.020 0.008 0.004 0.047 0.018 
373 ZFONF104    (0)   :  0.002 0.012 0.004 0.938 0.002 0.031 0.003 0.002 0.004 0.003 
374 ZFONF105    (0)   :  0.004 0.026 0.005 0.812 0.003 0.129 0.004 0.003 0.010 0.005 
375 ZFONF106    (0)   :  0.002 0.005 0.003 0.967 0.002 0.007 0.002 0.003 0.004 0.003 
376 ZFONF107    (0)   :  0.044 0.029 0.010 0.786 0.044 0.009 0.006 0.018 0.017 0.037 
377 ZFONF108    (0)   :  0.009 0.040 0.011 0.844 0.007 0.009 0.004 0.005 0.026 0.045 
378 ZFONF109    (9)   :  0.005 0.026 0.015 0.876 0.006 0.032 0.004 0.005 0.012 0.020 
379 ZFONF110    (0)   :  0.002 0.010 0.005 0.952 0.002 0.015 0.003 0.002 0.006 0.003 
380 ZFONF111    (0)   :  0.025 0.067 0.011 0.818 0.015 0.018 0.023 0.012 0.007 0.005 
381 ZFONF112    (0)   :  0.003 0.014 0.006 0.780 0.002 0.166 0.003 0.006 0.013 0.005 
382 ZFONF113    (9)   :  0.005 0.022 0.005 0.930 0.004 0.009 0.007 0.003 0.008 0.008 
383 ZFONF115    (0)   :  0.004 0.011 0.006 0.932 0.003 0.019 0.004 0.005 0.011 0.007 
384 ZFONF116    (0)   :  0.004 0.007 0.005 0.934 0.003 0.018 0.005 0.004 0.012 0.008 
385 ZFONF117    (0)   :  0.006 0.538 0.009 0.324 0.004 0.060 0.005 0.005 0.034 0.015 
386 ZFONF118    (0)   :  0.004 0.022 0.009 0.917 0.002 0.014 0.006 0.006 0.013 0.006 
387 ZFONF119    (0)   :  0.004 0.008 0.008 0.929 0.005 0.018 0.005 0.003 0.004 0.016 
388 ZFONF120    (0)   :  0.004 0.017 0.017 0.876 0.004 0.038 0.010 0.003 0.004 0.027 
389 ZFONF121    (0)   :  0.003 0.014 0.004 0.857 0.004 0.094 0.005 0.004 0.006 0.008 
390 ZFONF122    (0)   :  0.005 0.284 0.020 0.630 0.003 0.008 0.008 0.007 0.018 0.018 
391 ZFONF123    (0)   :  0.013 0.008 0.005 0.881 0.041 0.031 0.005 0.005 0.003 0.008 
392 ZFONF124    (0)   :  0.005 0.013 0.006 0.916 0.006 0.027 0.003 0.003 0.006 0.016 
393 ZFONF125    (0)   :  0.029 0.044 0.024 0.571 0.037 0.223 0.013 0.006 0.006 0.047 
394 ZFONF126    (0)   :  0.004 0.017 0.014 0.920 0.003 0.009 0.008 0.005 0.010 0.009 
395 ZFONF201    (0)   :  0.018 0.067 0.051 0.087 0.030 0.628 0.010 0.101 0.004 0.005 
396 ZFONF202    (0)   :  0.003 0.012 0.010 0.054 0.002 0.902 0.006 0.003 0.003 0.004 
397 ZFONF203    (0)   :  0.004 0.006 0.006 0.008 0.003 0.950 0.008 0.003 0.003 0.008 
398 ZFONF204    (0)   :  0.008 0.008 0.034 0.006 0.007 0.914 0.005 0.007 0.004 0.008 
399 ZFONF206    (0)   :  0.021 0.006 0.011 0.006 0.013 0.920 0.007 0.010 0.003 0.003 
400 ZFONF207    (0)   :  0.004 0.005 0.004 0.006 0.003 0.959 0.005 0.003 0.004 0.006 
401 ZFONF208    (0)   :  0.005 0.039 0.010 0.043 0.004 0.874 0.008 0.005 0.006 0.007 
402 ZFONF209    (0)   :  0.006 0.011 0.023 0.008 0.008 0.904 0.006 0.011 0.009 0.014 
403 ZFONF210    (0)   :  0.002 0.010 0.004 0.010 0.002 0.954 0.003 0.003 0.007 0.004 
404 ZFONF211    (0)   :  0.009 0.025 0.012 0.031 0.014 0.862 0.014 0.004 0.014 0.014 
405 ZFONF212    (0)   :  0.002 0.011 0.003 0.011 0.002 0.956 0.003 0.003 0.006 0.003 
406 ZFONF214    (0)   :  0.006 0.011 0.007 0.039 0.006 0.907 0.013 0.003 0.003 0.006 
407 ZFONF215    (0)   :  0.003 0.007 0.005 0.020 0.002 0.950 0.004 0.002 0.004 0.004 
408 ZFONF216    (0)   :  0.003 0.006 0.004 0.004 0.003 0.963 0.004 0.002 0.005 0.006 
409 ZFONF217    (0)   :  0.002 0.007 0.005 0.053 0.004 0.914 0.004 0.003 0.004 0.005 
410 ZFONF218    (0)   :  0.007 0.006 0.003 0.005 0.006 0.958 0.005 0.003 0.004 0.004 
411 ZFONF219    (0)   :  0.003 0.004 0.003 0.006 0.002 0.974 0.002 0.002 0.003 0.003 
412 ZFONF220    (0)   :  0.003 0.005 0.005 0.039 0.003 0.924 0.005 0.003 0.004 0.008 
413 ZFONF222    (0)   :  0.005 0.004 0.003 0.004 0.007 0.960 0.005 0.003 0.005 0.004 
414 ZFONF223    (0)   :  0.007 0.004 0.003 0.008 0.007 0.952 0.006 0.004 0.003 0.005 
415 ZFONF224    (0)   :  0.003 0.004 0.003 0.004 0.002 0.972 0.003 0.002 0.004 0.003 
416 ZFONF225    (0)   :  0.002 0.005 0.004 0.007 0.002 0.968 0.003 0.002 0.004 0.003 
417 ZFONF226    (0)   :  0.003 0.006 0.005 0.009 0.003 0.948 0.007 0.003 0.004 0.011 
418 ZFONF227    (0)   :  0.002 0.005 0.003 0.004 0.002 0.973 0.003 0.002 0.004 0.003 
419 ZFONF228    (0)   :  0.005 0.010 0.005 0.010 0.004 0.939 0.005 0.005 0.012 0.006 
420 ZFONF230    (0)   :  0.003 0.010 0.005 0.012 0.002 0.955 0.003 0.002 0.003 0.003 
421 ZFONF231    (0)   :  0.004 0.008 0.008 0.009 0.004 0.947 0.010 0.002 0.004 0.003 
422 ZFONF232    (0)   :  0.003 0.005 0.003 0.008 0.002 0.968 0.003 0.002 0.004 0.003 
423 ZFONF233    (0)   :  0.003 0.004 0.004 0.005 0.002 0.967 0.003 0.002 0.004 0.005 
424 ZFONF234    (0)   :  0.025 0.020 0.011 0.012 0.004 0.891 0.007 0.005 0.012 0.013 
425 ZFONF235    (0)   :  0.002 0.003 0.003 0.004 0.002 0.974 0.003 0.002 0.003 0.002 
426 ZFONF236    (0)   :  0.024 0.013 0.019 0.015 0.013 0.845 0.005 0.023 0.032 0.012 
427 ZFONF238    (0)   :  0.003 0.007 0.006 0.009 0.002 0.956 0.007 0.003 0.003 0.004 
428 ZFONF239    (0)   :  0.005 0.004 0.012 0.004 0.004 0.953 0.004 0.007 0.004 0.003 
