

----------------------------------------------------
STRUCTURE by Pritchard, Stephens and Donnelly (2000)
     and Falush, Stephens and Pritchard (2003)
       Code by Pritchard, Falush and Hubisz
             Version 2.3.4 (Jul 2012)
----------------------------------------------------



Command line arguments:   bin\structure -m C:\Users\eschumacher\Documents\GitHub\GCC_QUAC_ZAIN\Data_Files\Structure_Files\ZAIN\ZAIN_wild_rebinned_nopopinfo\50-50\mainparams -e C:\Users\eschumacher\Documents\GitHub\GCC_QUAC_ZAIN\Data_Files\Structure_Files\ZAIN\ZAIN_wild_rebinned_nopopinfo\50-50\extraparams 
Input File:    C:\Users\eschumacher\Documents\GitHub\GCC_QUAC_ZAIN\Data_Files\Structure_Files\ZAIN\ZAIN_wild_rebinned_nopopinfo\project_data

Run parameters:
   751 individuals
   11 loci
   14 populations assumed
   50000 Burn-in period
   50000 Reps


--------------------------------------------
Overall proportion of membership of the
sample in each of the 14 clusters

Inferred Clusters
  1      2      3      4      5      6      7      8      9     10     11     12     13     14    
0.084  0.071  0.072  0.089  0.062  0.100  0.107  0.087  0.058  0.051  0.067  0.061  0.032  0.059  

--------------------------------------------

Allele-freq. divergence among pops (Net nucleotide distance),
computed using point estimates of P.

      1       2       3       4       5       6       7       8       9      10      11      12      13      14      
 1      -    0.1244  0.1998  0.1362  0.2828  0.1670  0.2197  0.1576  0.1427  0.1838  0.2015  0.0716  0.1597  0.1180  
 2   0.1244     -    0.2900  0.1050  0.3942  0.2853  0.2879  0.1894  0.1773  0.3695  0.3095  0.1180  0.2848  0.2083  
 3   0.1998  0.2900     -    0.2655  0.1047  0.0803  0.0508  0.2011  0.2995  0.3833  0.2342  0.1442  0.1912  0.1905  
 4   0.1362  0.1050  0.2655     -    0.3768  0.2636  0.2559  0.2218  0.1532  0.3119  0.2971  0.0985  0.2635  0.2283  
 5   0.2828  0.3942  0.1047  0.3768     -    0.1321  0.1432  0.2081  0.3598  0.4641  0.2972  0.2017  0.2832  0.1900  
 6   0.1670  0.2853  0.0803  0.2636  0.1321     -    0.0655  0.1746  0.3087  0.3752  0.1371  0.1470  0.1951  0.1328  
 7   0.2197  0.2879  0.0508  0.2559  0.1432  0.0655     -    0.2382  0.3150  0.3927  0.2665  0.1436  0.2343  0.1851  
 8   0.1576  0.1894  0.2011  0.2218  0.2081  0.1746  0.2382     -    0.2692  0.3547  0.2020  0.1251  0.1986  0.1895  
 9   0.1427  0.1773  0.2995  0.1532  0.3598  0.3087  0.3150  0.2692     -    0.2235  0.3761  0.1347  0.2407  0.2398  
10   0.1838  0.3695  0.3833  0.3119  0.4641  0.3752  0.3927  0.3547  0.2235     -    0.4550  0.2675  0.3248  0.3786  
11   0.2015  0.3095  0.2342  0.2971  0.2972  0.1371  0.2665  0.2020  0.3761  0.4550     -    0.2578  0.2467  0.2531  
12   0.0716  0.1180  0.1442  0.0985  0.2017  0.1470  0.1436  0.1251  0.1347  0.2675  0.2578     -    0.1858  0.1211  
13   0.1597  0.2848  0.1912  0.2635  0.2832  0.1951  0.2343  0.1986  0.2407  0.3248  0.2467  0.1858     -    0.1888  
14   0.1180  0.2083  0.1905  0.2283  0.1900  0.1328  0.1851  0.1895  0.2398  0.3786  0.2531  0.1211  0.1888     -    

Average distances (expected heterozygosity) between individuals in same cluster:
cluster  1  : 0.5310 
cluster  2  : 0.3052 
cluster  3  : 0.4137 
cluster  4  : 0.4664 
cluster  5  : 0.3589 
cluster  6  : 0.4240 
cluster  7  : 0.3606 
cluster  8  : 0.3924 
cluster  9  : 0.3762 
cluster 10  : 0.2494 
cluster 11  : 0.2244 
cluster 12  : 0.6099 
cluster 13  : 0.2406 
cluster 14  : 0.3847 

--------------------------------------------
Estimated Ln Prob of Data   = -13009.3
Mean value of ln likelihood = -12504.6
Variance of ln likelihood   = 1009.4
Mean value of alpha         = 0.0316

Mean value of Fst_1         = 0.1527
Mean value of Fst_2         = 0.5138
Mean value of Fst_3         = 0.3535
Mean value of Fst_4         = 0.4600
Mean value of Fst_5         = 0.4522
Mean value of Fst_6         = 0.4382
Mean value of Fst_7         = 0.4524
Mean value of Fst_8         = 0.4122
Mean value of Fst_9         = 0.5535
Mean value of Fst_10         = 0.6345
Mean value of Fst_11         = 0.6702
Mean value of Fst_12         = 0.1396
Mean value of Fst_13         = 0.6477
Mean value of Fst_14         = 0.4289


Inferred ancestry of individuals:
        Label (%Miss) :  Inferred clusters
  1    ZFB01    (0)   :  0.003 0.010 0.003 0.948 0.003 0.003 0.004 0.004 0.006 0.005 0.003 0.004 0.002 0.003 
  2    ZFB02    (0)   :  0.007 0.013 0.003 0.825 0.003 0.002 0.004 0.013 0.076 0.013 0.002 0.027 0.007 0.004 
  3    ZFB03    (0)   :  0.017 0.022 0.006 0.863 0.002 0.014 0.011 0.006 0.007 0.003 0.017 0.017 0.005 0.010 
  4    ZFB04    (0)   :  0.004 0.007 0.003 0.888 0.002 0.003 0.004 0.005 0.048 0.012 0.002 0.010 0.008 0.003 
  5    ZFB05    (0)   :  0.038 0.009 0.003 0.703 0.010 0.005 0.002 0.008 0.053 0.087 0.008 0.010 0.040 0.025 
  6    ZFB06    (0)   :  0.037 0.008 0.003 0.775 0.011 0.005 0.003 0.007 0.024 0.071 0.008 0.008 0.020 0.020 
  7    ZFB07    (9)   :  0.043 0.081 0.005 0.798 0.006 0.005 0.007 0.004 0.005 0.011 0.005 0.013 0.005 0.014 
  8    ZFB08    (0)   :  0.007 0.020 0.009 0.873 0.008 0.007 0.010 0.006 0.012 0.003 0.005 0.011 0.010 0.019 
  9    ZFB09    (0)   :  0.004 0.008 0.002 0.953 0.002 0.002 0.003 0.004 0.005 0.003 0.003 0.006 0.003 0.004 
 10    ZFB10    (0)   :  0.003 0.004 0.009 0.902 0.006 0.008 0.021 0.005 0.007 0.004 0.002 0.016 0.007 0.005 
 11    ZFB11    (0)   :  0.003 0.004 0.005 0.944 0.002 0.003 0.005 0.004 0.006 0.010 0.002 0.006 0.004 0.003 
 12    ZFB12    (0)   :  0.011 0.005 0.004 0.876 0.003 0.006 0.007 0.004 0.023 0.021 0.004 0.012 0.003 0.019 
 13    ZFB13    (0)   :  0.006 0.007 0.012 0.867 0.008 0.008 0.013 0.005 0.016 0.003 0.005 0.025 0.014 0.013 
 14    ZFB14    (0)   :  0.004 0.005 0.004 0.945 0.003 0.003 0.005 0.005 0.004 0.003 0.003 0.009 0.004 0.004 
 15    ZFB15    (0)   :  0.003 0.006 0.002 0.953 0.002 0.002 0.002 0.003 0.009 0.005 0.002 0.004 0.003 0.003 
 16    ZFB16    (0)   :  0.004 0.005 0.006 0.907 0.004 0.007 0.008 0.003 0.018 0.004 0.003 0.011 0.012 0.008 
 17    ZFB17    (0)   :  0.008 0.006 0.005 0.840 0.009 0.007 0.009 0.012 0.010 0.023 0.002 0.017 0.026 0.027 
 18    ZFB18    (0)   :  0.003 0.004 0.003 0.957 0.002 0.002 0.003 0.005 0.003 0.003 0.002 0.008 0.003 0.003 
 19    ZFB19    (0)   :  0.041 0.033 0.020 0.475 0.009 0.022 0.040 0.004 0.008 0.006 0.006 0.296 0.005 0.035 
 20    ZFB20    (0)   :  0.006 0.005 0.006 0.874 0.004 0.005 0.008 0.003 0.029 0.017 0.003 0.013 0.020 0.008 
 21    ZFB21    (0)   :  0.006 0.006 0.002 0.950 0.002 0.002 0.002 0.003 0.007 0.006 0.003 0.003 0.003 0.003 
 22    ZFB22    (0)   :  0.007 0.005 0.005 0.878 0.008 0.008 0.008 0.007 0.023 0.020 0.002 0.012 0.005 0.010 
 23    ZFB23    (0)   :  0.004 0.003 0.003 0.942 0.002 0.003 0.004 0.003 0.005 0.013 0.003 0.006 0.005 0.003 
 24    ZFB24    (0)   :  0.004 0.005 0.004 0.937 0.002 0.003 0.004 0.003 0.009 0.015 0.002 0.004 0.005 0.003 
 25    ZFB25    (0)   :  0.003 0.003 0.005 0.948 0.003 0.005 0.011 0.003 0.003 0.005 0.003 0.004 0.003 0.003 
 26    ZFB26    (0)   :  0.005 0.004 0.007 0.915 0.003 0.005 0.008 0.004 0.007 0.024 0.003 0.003 0.009 0.003 
 27    ZFB27    (0)   :  0.004 0.004 0.003 0.902 0.002 0.003 0.004 0.004 0.006 0.056 0.002 0.004 0.003 0.002 
 28    ZFB28    (0)   :  0.023 0.004 0.004 0.777 0.002 0.005 0.005 0.007 0.012 0.123 0.004 0.014 0.009 0.011 
 29    ZFB29    (0)   :  0.004 0.005 0.003 0.942 0.002 0.002 0.003 0.004 0.008 0.008 0.002 0.007 0.007 0.003 
 30    ZFB30    (0)   :  0.079 0.023 0.003 0.642 0.011 0.004 0.004 0.003 0.007 0.191 0.006 0.007 0.004 0.015 
 31    ZFB31    (0)   :  0.004 0.006 0.006 0.932 0.003 0.005 0.011 0.004 0.004 0.006 0.003 0.010 0.003 0.003 
 32    ZFB32    (0)   :  0.022 0.008 0.007 0.775 0.004 0.007 0.013 0.018 0.015 0.062 0.006 0.013 0.019 0.032 
 33    ZFB33    (0)   :  0.004 0.005 0.002 0.955 0.002 0.002 0.003 0.003 0.008 0.005 0.002 0.004 0.003 0.003 
 34    ZFB34    (0)   :  0.004 0.015 0.003 0.936 0.003 0.003 0.004 0.006 0.005 0.003 0.003 0.008 0.003 0.004 
 35    ZFB35    (0)   :  0.004 0.012 0.004 0.930 0.003 0.004 0.005 0.004 0.010 0.005 0.004 0.004 0.006 0.004 
 36  ZFBP101    (0)   :  0.006 0.004 0.141 0.009 0.040 0.381 0.214 0.059 0.010 0.003 0.015 0.012 0.095 0.011 
 37  ZFBP102    (0)   :  0.010 0.005 0.366 0.013 0.015 0.320 0.178 0.010 0.017 0.003 0.004 0.014 0.035 0.008 
 38  ZFBP103    (0)   :  0.006 0.003 0.022 0.007 0.011 0.644 0.115 0.094 0.009 0.002 0.023 0.012 0.045 0.006 
 39  ZFBP104    (0)   :  0.012 0.022 0.095 0.016 0.008 0.547 0.224 0.003 0.010 0.003 0.009 0.017 0.005 0.028 
 40  ZFBP105    (0)   :  0.007 0.005 0.557 0.005 0.005 0.113 0.260 0.005 0.004 0.005 0.012 0.007 0.007 0.009 
 41  ZFBP106    (0)   :  0.004 0.003 0.358 0.003 0.011 0.097 0.463 0.007 0.003 0.003 0.025 0.004 0.014 0.006 
 42  ZFBP107    (0)   :  0.016 0.005 0.352 0.007 0.005 0.227 0.272 0.006 0.006 0.028 0.018 0.007 0.042 0.010 
 43  ZFBP108    (0)   :  0.004 0.004 0.089 0.003 0.005 0.010 0.859 0.003 0.003 0.003 0.009 0.003 0.004 0.003 
 44  ZFBP109    (0)   :  0.004 0.006 0.835 0.003 0.005 0.029 0.091 0.004 0.002 0.002 0.006 0.006 0.004 0.004 
 45  ZFBP110    (0)   :  0.023 0.009 0.099 0.043 0.006 0.254 0.308 0.027 0.008 0.003 0.105 0.072 0.033 0.009 
 46  ZFBP111    (0)   :  0.004 0.002 0.116 0.003 0.131 0.363 0.339 0.004 0.003 0.004 0.010 0.003 0.005 0.013 
 47  ZFBP112    (0)   :  0.004 0.003 0.043 0.003 0.043 0.017 0.831 0.012 0.004 0.005 0.009 0.005 0.014 0.007 
 48  ZFBP113    (0)   :  0.004 0.003 0.013 0.003 0.004 0.008 0.942 0.003 0.003 0.003 0.003 0.004 0.003 0.005 
 49  ZFBP114    (0)   :  0.004 0.003 0.895 0.003 0.005 0.039 0.018 0.003 0.003 0.006 0.004 0.003 0.010 0.003 
 50  ZFBP115    (0)   :  0.004 0.002 0.066 0.002 0.012 0.842 0.024 0.007 0.003 0.004 0.015 0.004 0.009 0.007 
 51  ZFBP116    (0)   :  0.005 0.003 0.061 0.002 0.006 0.026 0.864 0.004 0.003 0.004 0.006 0.004 0.006 0.007 
 52  ZFBP117    (0)   :  0.004 0.003 0.515 0.003 0.008 0.019 0.412 0.010 0.002 0.002 0.007 0.006 0.005 0.004 
 53  ZFBP118    (0)   :  0.007 0.003 0.730 0.004 0.009 0.041 0.164 0.004 0.003 0.010 0.004 0.003 0.015 0.004 
 54  ZFBP119    (0)   :  0.004 0.004 0.729 0.003 0.014 0.149 0.021 0.023 0.003 0.002 0.014 0.006 0.012 0.015 
 55  ZFBP120    (0)   :  0.007 0.007 0.221 0.006 0.005 0.106 0.602 0.004 0.004 0.004 0.015 0.005 0.006 0.009 
 56  ZFBP121    (0)   :  0.004 0.006 0.683 0.005 0.006 0.016 0.242 0.008 0.003 0.003 0.008 0.006 0.008 0.005 
 57  ZFBP122    (9)   :  0.004 0.003 0.084 0.003 0.009 0.027 0.839 0.004 0.003 0.003 0.005 0.003 0.005 0.007 
 58  ZFBP123    (0)   :  0.004 0.004 0.052 0.003 0.015 0.013 0.831 0.011 0.004 0.007 0.005 0.005 0.037 0.009 
 59  ZFBP124    (0)   :  0.004 0.011 0.735 0.006 0.004 0.015 0.188 0.005 0.004 0.004 0.005 0.005 0.008 0.005 
 60  ZFBP125    (0)   :  0.003 0.002 0.639 0.002 0.015 0.041 0.261 0.007 0.002 0.003 0.010 0.004 0.006 0.005 
 61  ZFBP126    (0)   :  0.011 0.004 0.011 0.008 0.005 0.016 0.859 0.014 0.012 0.003 0.003 0.023 0.019 0.013 
 62  ZFBP127    (0)   :  0.004 0.004 0.501 0.003 0.005 0.181 0.182 0.016 0.003 0.003 0.085 0.004 0.006 0.003 
 63  ZFBP128    (0)   :  0.002 0.003 0.030 0.003 0.023 0.017 0.875 0.015 0.002 0.002 0.013 0.003 0.007 0.004 
 64  ZFBP129    (0)   :  0.005 0.009 0.319 0.004 0.140 0.007 0.472 0.009 0.002 0.003 0.008 0.007 0.009 0.005 
 65  ZFBP130    (0)   :  0.003 0.002 0.230 0.002 0.074 0.057 0.566 0.028 0.002 0.004 0.011 0.003 0.010 0.008 
 66  ZFBP131    (0)   :  0.003 0.003 0.037 0.003 0.004 0.004 0.923 0.003 0.003 0.003 0.003 0.004 0.003 0.004 
 67  ZFBP132    (0)   :  0.003 0.003 0.322 0.005 0.005 0.017 0.605 0.005 0.002 0.003 0.018 0.004 0.005 0.003 
 68  ZFBP133    (0)   :  0.002 0.003 0.010 0.002 0.027 0.006 0.925 0.006 0.002 0.002 0.003 0.004 0.003 0.005 
 69  ZFBP134    (0)   :  0.003 0.003 0.022 0.003 0.010 0.767 0.135 0.022 0.003 0.003 0.009 0.005 0.003 0.011 
 70  ZFBP135    (0)   :  0.006 0.006 0.138 0.012 0.017 0.081 0.426 0.183 0.006 0.002 0.023 0.034 0.059 0.006 
 71  ZFBP136    (0)   :  0.005 0.003 0.197 0.003 0.044 0.191 0.287 0.046 0.005 0.008 0.019 0.005 0.179 0.008 
 72  ZFBP201    (0)   :  0.004 0.004 0.008 0.004 0.004 0.008 0.933 0.004 0.004 0.006 0.007 0.005 0.004 0.006 
 73  ZFBP202    (0)   :  0.005 0.008 0.101 0.005 0.007 0.025 0.811 0.005 0.003 0.003 0.011 0.005 0.005 0.006 
 74  ZFBP203    (0)   :  0.020 0.005 0.035 0.006 0.013 0.011 0.784 0.005 0.020 0.053 0.004 0.012 0.007 0.025 
 75  ZFBP204    (0)   :  0.006 0.004 0.720 0.004 0.015 0.097 0.076 0.010 0.004 0.005 0.016 0.005 0.028 0.011 
 76  ZFBP205    (0)   :  0.004 0.005 0.548 0.002 0.018 0.016 0.361 0.009 0.003 0.005 0.003 0.008 0.012 0.006 
 77  ZFBP206    (0)   :  0.004 0.005 0.015 0.003 0.020 0.006 0.891 0.007 0.005 0.006 0.004 0.004 0.020 0.011 
 78  ZFBP207    (0)   :  0.004 0.003 0.697 0.005 0.006 0.090 0.015 0.010 0.003 0.004 0.146 0.006 0.006 0.005 
 79  ZFBP208    (0)   :  0.006 0.004 0.015 0.002 0.006 0.008 0.909 0.004 0.006 0.010 0.003 0.004 0.013 0.010 
 80  ZFBP209    (0)   :  0.002 0.006 0.371 0.002 0.136 0.008 0.443 0.011 0.002 0.002 0.003 0.005 0.003 0.005 
 81  ZFBP210    (0)   :  0.005 0.004 0.016 0.003 0.007 0.009 0.914 0.005 0.005 0.007 0.007 0.004 0.005 0.009 
 82  ZFBP211    (0)   :  0.004 0.007 0.672 0.006 0.005 0.010 0.261 0.004 0.003 0.003 0.009 0.003 0.007 0.005 
 83  ZFBP212    (0)   :  0.003 0.004 0.053 0.006 0.005 0.065 0.811 0.002 0.003 0.003 0.036 0.003 0.003 0.003 
 84  ZFBP213    (0)   :  0.006 0.015 0.030 0.004 0.008 0.008 0.852 0.010 0.006 0.004 0.011 0.005 0.026 0.014 
 85  ZFBP214    (0)   :  0.009 0.016 0.029 0.006 0.064 0.024 0.683 0.046 0.004 0.004 0.035 0.013 0.023 0.046 
 86  ZFBP215    (0)   :  0.003 0.004 0.061 0.003 0.007 0.009 0.884 0.005 0.002 0.003 0.006 0.004 0.005 0.004 
 87  ZFBP216    (0)   :  0.010 0.005 0.119 0.005 0.005 0.056 0.737 0.005 0.005 0.006 0.005 0.006 0.007 0.030 
 88  ZFBP217    (0)   :  0.007 0.006 0.045 0.006 0.129 0.061 0.652 0.007 0.003 0.005 0.041 0.005 0.005 0.028 
 89  ZFBP218    (0)   :  0.003 0.011 0.410 0.002 0.014 0.038 0.496 0.004 0.003 0.004 0.003 0.004 0.003 0.006 
 90  ZFBP219    (0)   :  0.004 0.003 0.012 0.002 0.004 0.007 0.945 0.003 0.003 0.003 0.003 0.004 0.004 0.005 
 91  ZFBP220    (0)   :  0.003 0.003 0.061 0.002 0.038 0.115 0.715 0.022 0.003 0.004 0.016 0.004 0.008 0.005 
 92  ZFBP221    (0)   :  0.003 0.006 0.149 0.004 0.008 0.604 0.197 0.004 0.003 0.004 0.008 0.004 0.002 0.005 
 93  ZFBP222    (0)   :  0.003 0.004 0.015 0.003 0.006 0.004 0.932 0.005 0.004 0.004 0.003 0.005 0.005 0.006 
 94  ZFBP223    (0)   :  0.006 0.006 0.157 0.007 0.008 0.075 0.481 0.008 0.003 0.006 0.223 0.007 0.009 0.005 
 95  ZFBP224    (0)   :  0.006 0.007 0.022 0.003 0.004 0.010 0.902 0.005 0.003 0.004 0.006 0.005 0.015 0.008 
 96  ZFBP225    (0)   :  0.007 0.003 0.043 0.003 0.239 0.278 0.346 0.011 0.004 0.010 0.023 0.007 0.009 0.017 
 97  ZFBP226    (0)   :  0.004 0.003 0.190 0.003 0.005 0.012 0.750 0.004 0.004 0.005 0.004 0.004 0.005 0.006 
 98  ZFBP227    (0)   :  0.029 0.017 0.168 0.009 0.007 0.251 0.326 0.005 0.010 0.004 0.008 0.018 0.010 0.137 
 99  ZFBP228    (0)   :  0.004 0.005 0.280 0.004 0.007 0.360 0.217 0.019 0.003 0.003 0.083 0.005 0.006 0.004 
100  ZFBP229    (0)   :  0.004 0.003 0.159 0.002 0.022 0.050 0.727 0.008 0.003 0.003 0.005 0.006 0.003 0.006 
101  ZFBP230    (0)   :  0.005 0.003 0.161 0.003 0.040 0.240 0.468 0.033 0.003 0.004 0.013 0.007 0.010 0.011 
102  ZFBP231    (0)   :  0.005 0.006 0.901 0.005 0.005 0.010 0.028 0.004 0.004 0.003 0.007 0.004 0.012 0.006 
103  ZFBP232    (0)   :  0.003 0.003 0.795 0.003 0.006 0.010 0.155 0.004 0.003 0.003 0.004 0.003 0.005 0.004 
104  ZFBP233    (0)   :  0.005 0.010 0.577 0.006 0.017 0.032 0.307 0.005 0.003 0.004 0.006 0.006 0.009 0.014 
105   ZFCC01    (0)   :  0.004 0.018 0.003 0.005 0.004 0.004 0.005 0.927 0.006 0.004 0.004 0.004 0.008 0.004 
106   ZFCC03    (0)   :  0.003 0.007 0.003 0.003 0.004 0.003 0.004 0.948 0.003 0.002 0.008 0.004 0.005 0.003 
107   ZFCC04    (0)   :  0.004 0.007 0.003 0.004 0.005 0.004 0.004 0.935 0.004 0.003 0.005 0.004 0.012 0.005 
108   ZFCC05    (0)   :  0.007 0.012 0.005 0.005 0.006 0.007 0.007 0.869 0.005 0.005 0.014 0.005 0.044 0.009 
109   ZFCC08    (0)   :  0.003 0.009 0.012 0.002 0.019 0.009 0.009 0.905 0.003 0.002 0.005 0.005 0.009 0.008 
110   ZFCC09    (0)   :  0.003 0.012 0.005 0.003 0.003 0.003 0.003 0.942 0.004 0.003 0.007 0.003 0.006 0.003 
111   ZFCC10    (0)   :  0.004 0.040 0.004 0.004 0.003 0.003 0.004 0.912 0.004 0.003 0.004 0.005 0.008 0.003 
112   ZFCC11    (0)   :  0.004 0.012 0.004 0.004 0.004 0.004 0.006 0.926 0.004 0.003 0.011 0.004 0.008 0.005 
113   ZFCC12    (0)   :  0.012 0.013 0.005 0.007 0.005 0.007 0.006 0.743 0.132 0.004 0.008 0.019 0.031 0.008 
114   ZFCC13    (0)   :  0.006 0.004 0.006 0.004 0.006 0.012 0.009 0.904 0.005 0.010 0.008 0.004 0.008 0.013 
115   ZFCC14    (0)   :  0.005 0.008 0.007 0.009 0.007 0.004 0.009 0.901 0.004 0.006 0.004 0.009 0.023 0.004 
116   ZFCC15    (0)   :  0.005 0.005 0.003 0.003 0.004 0.004 0.004 0.940 0.005 0.005 0.004 0.005 0.005 0.008 
117   ZFCC16    (0)   :  0.004 0.006 0.003 0.004 0.004 0.003 0.004 0.935 0.006 0.003 0.004 0.005 0.014 0.005 
118   ZFCC17    (0)   :  0.006 0.006 0.003 0.006 0.003 0.003 0.003 0.894 0.011 0.009 0.006 0.004 0.043 0.004 
119   ZFCC18    (0)   :  0.004 0.010 0.004 0.003 0.006 0.004 0.005 0.931 0.005 0.004 0.008 0.004 0.008 0.004 
120   ZFCC19    (0)   :  0.005 0.004 0.003 0.004 0.003 0.003 0.003 0.938 0.006 0.008 0.003 0.006 0.009 0.007 
121   ZFCC20    (0)   :  0.004 0.004 0.003 0.004 0.005 0.006 0.003 0.931 0.005 0.002 0.008 0.004 0.012 0.008 
122   ZFCC21    (0)   :  0.005 0.005 0.011 0.006 0.030 0.017 0.054 0.765 0.005 0.007 0.003 0.038 0.013 0.041 
123   ZFCC22    (0)   :  0.003 0.017 0.080 0.003 0.041 0.074 0.100 0.641 0.004 0.005 0.005 0.005 0.012 0.010 
124   ZFCC26    (0)   :  0.003 0.005 0.003 0.004 0.004 0.003 0.003 0.946 0.005 0.003 0.004 0.004 0.008 0.004 
125   ZFCC27    (0)   :  0.003 0.005 0.003 0.003 0.003 0.003 0.003 0.953 0.003 0.002 0.006 0.003 0.005 0.003 
126   ZFCC29    (0)   :  0.004 0.007 0.004 0.008 0.005 0.005 0.004 0.916 0.007 0.003 0.005 0.006 0.017 0.010 
127   ZFCC30    (0)   :  0.003 0.004 0.004 0.003 0.005 0.004 0.003 0.944 0.003 0.003 0.010 0.003 0.007 0.004 
128   ZFCC32    (0)   :  0.006 0.008 0.004 0.003 0.005 0.006 0.003 0.918 0.009 0.006 0.006 0.004 0.009 0.012 
129   ZFCC33    (0)   :  0.008 0.007 0.004 0.010 0.004 0.004 0.004 0.606 0.004 0.004 0.007 0.007 0.326 0.004 
130   ZFCC34    (0)   :  0.006 0.020 0.080 0.024 0.018 0.040 0.044 0.606 0.026 0.008 0.068 0.008 0.044 0.007 
131   ZFCC35    (0)   :  0.003 0.004 0.004 0.002 0.004 0.004 0.003 0.954 0.002 0.004 0.003 0.003 0.007 0.004 
132   ZFCC36    (0)   :  0.005 0.004 0.006 0.004 0.010 0.009 0.009 0.891 0.008 0.018 0.004 0.005 0.011 0.017 
133   ZFCC37    (0)   :  0.011 0.025 0.008 0.006 0.005 0.009 0.009 0.755 0.094 0.005 0.007 0.028 0.028 0.010 
134   ZFCC40    (0)   :  0.004 0.008 0.004 0.004 0.003 0.003 0.007 0.925 0.005 0.012 0.003 0.004 0.014 0.003 
135   ZFCC42    (0)   :  0.029 0.007 0.005 0.044 0.006 0.011 0.004 0.055 0.175 0.070 0.046 0.020 0.525 0.005 
136   ZFCC44    (0)   :  0.005 0.003 0.003 0.003 0.003 0.003 0.003 0.938 0.003 0.008 0.009 0.003 0.015 0.002 
137   ZFCC45    (9)   :  0.018 0.018 0.004 0.008 0.004 0.004 0.006 0.836 0.012 0.018 0.010 0.009 0.045 0.008 
138   ZFCC46    (0)   :  0.003 0.003 0.012 0.003 0.034 0.020 0.010 0.870 0.003 0.004 0.010 0.005 0.015 0.007 
139   ZFCC47    (0)   :  0.005 0.021 0.007 0.005 0.007 0.006 0.004 0.859 0.056 0.004 0.005 0.008 0.008 0.006 
140   ZFCC48    (0)   :  0.003 0.004 0.012 0.005 0.040 0.011 0.033 0.841 0.003 0.004 0.004 0.015 0.016 0.010 
141   ZFCC50    (0)   :  0.004 0.005 0.003 0.004 0.003 0.003 0.002 0.948 0.005 0.004 0.003 0.004 0.009 0.004 
142   ZFCC51    (0)   :  0.003 0.005 0.003 0.003 0.003 0.003 0.003 0.953 0.003 0.002 0.008 0.003 0.004 0.003 
143   ZFCC52    (0)   :  0.004 0.004 0.015 0.004 0.013 0.010 0.014 0.865 0.007 0.007 0.005 0.005 0.040 0.007 
144   ZFCC53    (0)   :  0.003 0.004 0.003 0.003 0.003 0.003 0.002 0.956 0.003 0.003 0.006 0.003 0.005 0.003 
145  ZFCNS01    (0)   :  0.031 0.003 0.004 0.002 0.003 0.025 0.007 0.006 0.009 0.026 0.823 0.006 0.003 0.052 
146  ZFCNS02    (0)   :  0.002 0.003 0.004 0.002 0.004 0.004 0.003 0.005 0.002 0.002 0.959 0.002 0.003 0.003 
147  ZFCNS05    (0)   :  0.003 0.005 0.007 0.005 0.005 0.007 0.007 0.007 0.003 0.002 0.935 0.004 0.006 0.005 
148  ZFCNS06    (0)   :  0.002 0.003 0.004 0.003 0.004 0.004 0.004 0.005 0.003 0.002 0.957 0.002 0.003 0.003 
149  ZFCNS07    (0)   :  0.003 0.003 0.008 0.003 0.010 0.005 0.005 0.003 0.003 0.002 0.945 0.003 0.003 0.003 
150  ZFCNS10    (0)   :  0.003 0.003 0.007 0.003 0.005 0.015 0.007 0.004 0.002 0.005 0.938 0.002 0.003 0.003 
151  ZFCNS11    (0)   :  0.013 0.003 0.004 0.002 0.004 0.014 0.006 0.007 0.007 0.012 0.900 0.005 0.003 0.021 
152  ZFCNS15    (0)   :  0.004 0.003 0.012 0.004 0.007 0.033 0.020 0.003 0.003 0.002 0.895 0.004 0.006 0.004 
153  ZFCNS17    (0)   :  0.003 0.003 0.004 0.002 0.004 0.004 0.003 0.005 0.002 0.002 0.957 0.002 0.004 0.003 
154  ZFCNS18    (0)   :  0.002 0.003 0.007 0.003 0.004 0.014 0.008 0.005 0.002 0.004 0.939 0.002 0.003 0.003 
155  ZFCNS19    (0)   :  0.003 0.003 0.002 0.003 0.004 0.004 0.003 0.005 0.002 0.002 0.962 0.002 0.003 0.003 
156  ZFCNS20    (0)   :  0.003 0.003 0.013 0.003 0.015 0.013 0.011 0.005 0.003 0.002 0.913 0.004 0.008 0.004 
157  ZFCNS21    (0)   :  0.003 0.003 0.003 0.002 0.002 0.005 0.003 0.004 0.002 0.002 0.963 0.002 0.004 0.003 
158  ZFCNS22    (0)   :  0.004 0.005 0.009 0.005 0.005 0.010 0.011 0.005 0.003 0.002 0.928 0.004 0.005 0.005 
159  ZFCNS23    (0)   :  0.008 0.006 0.004 0.004 0.011 0.005 0.005 0.013 0.008 0.011 0.888 0.005 0.022 0.011 
160  ZFCNS24    (0)   :  0.003 0.002 0.007 0.002 0.006 0.009 0.005 0.007 0.003 0.002 0.936 0.003 0.010 0.004 
161  ZFCNS25    (0)   :  0.003 0.003 0.013 0.002 0.009 0.011 0.009 0.005 0.003 0.002 0.923 0.003 0.009 0.004 
162  ZFCNS26    (0)   :  0.003 0.003 0.004 0.003 0.004 0.011 0.004 0.003 0.002 0.002 0.953 0.003 0.003 0.003 
163  ZFCNS27    (0)   :  0.003 0.003 0.022 0.003 0.009 0.049 0.018 0.003 0.003 0.002 0.872 0.004 0.006 0.004 
164  ZFCNS28    (0)   :  0.003 0.003 0.003 0.003 0.004 0.004 0.003 0.004 0.003 0.002 0.959 0.002 0.003 0.003 
165  ZFCNS29    (0)   :  0.004 0.004 0.008 0.004 0.005 0.007 0.007 0.008 0.003 0.002 0.934 0.003 0.007 0.005 
166  ZFCNS30    (0)   :  0.004 0.005 0.004 0.004 0.003 0.008 0.004 0.006 0.003 0.002 0.945 0.003 0.005 0.005 
167  ZFCNS31    (0)   :  0.003 0.003 0.004 0.003 0.004 0.005 0.004 0.003 0.002 0.002 0.960 0.002 0.003 0.003 
168  ZFCNS32    (0)   :  0.003 0.004 0.006 0.003 0.007 0.012 0.006 0.005 0.003 0.002 0.935 0.003 0.006 0.005 
169  ZFCNS33    (0)   :  0.003 0.003 0.003 0.003 0.004 0.005 0.003 0.003 0.002 0.002 0.961 0.002 0.003 0.003 
170  ZFCNS34    (0)   :  0.003 0.005 0.006 0.003 0.004 0.005 0.004 0.010 0.003 0.002 0.940 0.003 0.007 0.005 
171  ZFCNS35    (0)   :  0.003 0.010 0.012 0.020 0.004 0.025 0.011 0.006 0.002 0.002 0.887 0.011 0.003 0.003 
172  ZFCNS36    (0)   :  0.003 0.003 0.007 0.002 0.008 0.008 0.005 0.010 0.003 0.002 0.932 0.003 0.010 0.004 
173  ZFCNS37    (0)   :  0.009 0.005 0.007 0.003 0.008 0.145 0.005 0.005 0.002 0.002 0.795 0.004 0.005 0.005 
174  ZFCNS39    (0)   :  0.005 0.003 0.008 0.002 0.021 0.025 0.007 0.016 0.002 0.004 0.882 0.005 0.007 0.013 
175  ZFCNS40    (0)   :  0.005 0.003 0.018 0.002 0.129 0.139 0.005 0.023 0.003 0.003 0.648 0.003 0.010 0.009 
176  ZFCNS41    (0)   :  0.009 0.005 0.023 0.005 0.005 0.656 0.012 0.016 0.004 0.004 0.229 0.009 0.010 0.011 
177  ZFCNS42    (0)   :  0.003 0.003 0.004 0.003 0.003 0.006 0.004 0.003 0.002 0.002 0.959 0.002 0.003 0.003 
178  ZFCNS43    (0)   :  0.003 0.003 0.003 0.002 0.002 0.005 0.003 0.004 0.002 0.002 0.963 0.002 0.003 0.003 
179  ZFCNS44    (0)   :  0.003 0.003 0.005 0.003 0.003 0.016 0.009 0.005 0.002 0.004 0.939 0.002 0.004 0.003 
180  ZFCNS46    (0)   :  0.004 0.004 0.005 0.003 0.004 0.009 0.007 0.005 0.003 0.002 0.941 0.003 0.006 0.004 
181  ZFCNS47    (0)   :  0.003 0.003 0.003 0.002 0.003 0.005 0.003 0.004 0.002 0.002 0.962 0.002 0.003 0.003 
182  ZFCNS48    (0)   :  0.004 0.004 0.010 0.005 0.005 0.045 0.013 0.007 0.003 0.004 0.889 0.003 0.005 0.005 
183  ZFCNS49    (0)   :  0.003 0.003 0.008 0.004 0.004 0.054 0.015 0.003 0.002 0.004 0.892 0.003 0.003 0.003 
184   ZFCR01    (0)   :  0.052 0.019 0.007 0.006 0.006 0.003 0.011 0.006 0.014 0.006 0.003 0.860 0.003 0.004 
185   ZFCR02    (0)   :  0.009 0.005 0.016 0.013 0.007 0.005 0.006 0.020 0.007 0.009 0.005 0.882 0.011 0.005 
186   ZFCR03    (0)   :  0.012 0.011 0.012 0.021 0.009 0.005 0.017 0.014 0.037 0.027 0.003 0.763 0.055 0.015 
187   ZFCR04    (0)   :  0.054 0.061 0.013 0.153 0.016 0.022 0.013 0.013 0.015 0.022 0.010 0.591 0.005 0.013 
188   ZFCR05    (0)   :  0.014 0.016 0.004 0.009 0.003 0.003 0.003 0.010 0.007 0.007 0.003 0.906 0.004 0.011 
189   ZFCR06    (0)   :  0.015 0.010 0.020 0.017 0.009 0.021 0.018 0.012 0.006 0.003 0.058 0.800 0.006 0.006 
190   ZFCR07    (0)   :  0.153 0.012 0.006 0.046 0.003 0.038 0.015 0.013 0.019 0.007 0.081 0.421 0.057 0.130 
191   ZFCR08    (0)   :  0.393 0.099 0.013 0.019 0.046 0.015 0.027 0.082 0.029 0.036 0.004 0.193 0.036 0.007 
192   ZFCR09    (0)   :  0.028 0.012 0.066 0.065 0.013 0.047 0.045 0.024 0.186 0.062 0.016 0.395 0.023 0.018 
193   ZFCR11    (0)   :  0.022 0.016 0.020 0.034 0.002 0.041 0.004 0.007 0.012 0.005 0.009 0.802 0.004 0.020 
194   ZFCR12    (0)   :  0.007 0.004 0.010 0.006 0.012 0.051 0.010 0.009 0.003 0.004 0.106 0.754 0.009 0.016 
195   ZFCR13    (0)   :  0.354 0.005 0.062 0.045 0.005 0.010 0.075 0.009 0.004 0.003 0.006 0.173 0.007 0.242 
196   ZFCR14    (0)   :  0.012 0.010 0.007 0.014 0.011 0.008 0.007 0.009 0.005 0.005 0.007 0.878 0.005 0.023 
197   ZFCR15    (0)   :  0.059 0.019 0.015 0.042 0.033 0.013 0.019 0.010 0.005 0.011 0.004 0.746 0.009 0.015 
198   ZFCR16    (0)   :  0.024 0.007 0.013 0.017 0.014 0.005 0.017 0.007 0.005 0.003 0.003 0.874 0.004 0.008 
199   ZFCR18    (0)   :  0.013 0.008 0.017 0.294 0.005 0.005 0.004 0.009 0.006 0.004 0.005 0.596 0.027 0.006 
200   ZFCR19    (0)   :  0.006 0.006 0.015 0.028 0.045 0.009 0.016 0.009 0.071 0.004 0.006 0.772 0.006 0.008 
201   ZFCR20    (0)   :  0.021 0.027 0.012 0.030 0.007 0.008 0.049 0.007 0.029 0.005 0.005 0.726 0.031 0.044 
202   ZFCR21    (0)   :  0.010 0.004 0.005 0.004 0.010 0.006 0.005 0.011 0.003 0.003 0.003 0.905 0.007 0.024 
203   ZFCR22    (0)   :  0.007 0.002 0.005 0.006 0.013 0.006 0.007 0.004 0.005 0.004 0.003 0.885 0.007 0.045 
204   ZFCR23    (0)   :  0.076 0.004 0.023 0.009 0.006 0.028 0.064 0.003 0.011 0.048 0.005 0.663 0.004 0.057 
205   ZFCR24    (9)   :  0.084 0.028 0.043 0.074 0.006 0.009 0.502 0.007 0.056 0.005 0.004 0.076 0.010 0.096 
206   ZFCR25    (0)   :  0.010 0.008 0.003 0.007 0.003 0.005 0.004 0.006 0.009 0.002 0.003 0.921 0.006 0.011 
207   ZFCR26    (0)   :  0.013 0.009 0.014 0.004 0.016 0.010 0.009 0.015 0.082 0.004 0.004 0.564 0.008 0.247 
208   ZFCR27    (9)   :  0.414 0.022 0.003 0.011 0.003 0.003 0.004 0.006 0.047 0.003 0.003 0.441 0.003 0.037 
209   ZFCR28    (0)   :  0.105 0.005 0.036 0.004 0.042 0.019 0.057 0.010 0.004 0.007 0.028 0.670 0.008 0.006 
210   ZFCR29    (0)   :  0.005 0.006 0.004 0.008 0.004 0.004 0.005 0.004 0.009 0.004 0.002 0.927 0.004 0.015 
211   ZFCR30    (0)   :  0.011 0.007 0.006 0.006 0.008 0.011 0.006 0.006 0.009 0.005 0.008 0.864 0.008 0.042 
212   ZFCR31    (0)   :  0.016 0.013 0.064 0.169 0.017 0.055 0.045 0.012 0.072 0.015 0.046 0.423 0.028 0.026 
213   ZFCR33    (0)   :  0.683 0.057 0.008 0.007 0.012 0.017 0.011 0.043 0.019 0.026 0.007 0.073 0.009 0.028 
214   ZFCR34    (0)   :  0.050 0.005 0.009 0.145 0.010 0.034 0.027 0.018 0.008 0.013 0.009 0.419 0.004 0.248 
215   ZFCR35    (0)   :  0.012 0.008 0.005 0.125 0.004 0.006 0.006 0.010 0.013 0.013 0.004 0.784 0.004 0.005 
216   ZFCR36    (0)   :  0.012 0.007 0.005 0.038 0.004 0.007 0.008 0.007 0.013 0.014 0.018 0.844 0.006 0.018 
217   ZFCR37    (0)   :  0.084 0.054 0.003 0.054 0.004 0.004 0.004 0.062 0.047 0.021 0.003 0.062 0.017 0.582 
218   ZFCR38    (0)   :  0.498 0.052 0.008 0.006 0.014 0.009 0.007 0.040 0.044 0.009 0.008 0.256 0.012 0.037 
219   ZFCR39    (0)   :  0.198 0.010 0.046 0.024 0.032 0.013 0.040 0.110 0.033 0.231 0.003 0.210 0.043 0.008 
220   ZFCR40    (0)   :  0.117 0.011 0.005 0.011 0.004 0.014 0.014 0.022 0.011 0.034 0.004 0.735 0.006 0.012 
221   ZFCR41    (0)   :  0.012 0.006 0.009 0.005 0.018 0.117 0.006 0.024 0.003 0.003 0.012 0.765 0.006 0.013 
222   ZFCR42    (0)   :  0.094 0.009 0.016 0.006 0.020 0.027 0.025 0.047 0.014 0.019 0.017 0.615 0.019 0.070 
223   ZFCR43    (0)   :  0.012 0.010 0.030 0.024 0.004 0.006 0.025 0.004 0.004 0.004 0.006 0.859 0.004 0.009 
224  ZFENP25    (0)   :  0.823 0.040 0.004 0.005 0.010 0.006 0.016 0.021 0.005 0.005 0.003 0.048 0.007 0.007 
225  ZFENP26    (0)   :  0.940 0.006 0.002 0.007 0.003 0.004 0.002 0.004 0.006 0.007 0.003 0.008 0.004 0.004 
226  ZFENP27    (0)   :  0.305 0.025 0.006 0.015 0.012 0.035 0.027 0.191 0.027 0.017 0.058 0.235 0.039 0.005 
227  ZFENP28    (0)   :  0.862 0.024 0.005 0.009 0.005 0.005 0.004 0.012 0.017 0.010 0.010 0.025 0.005 0.010 
228  ZFENP29    (0)   :  0.902 0.004 0.003 0.004 0.004 0.005 0.004 0.010 0.005 0.005 0.004 0.034 0.007 0.008 
229  ZFENP30    (0)   :  0.771 0.007 0.007 0.007 0.006 0.005 0.004 0.031 0.010 0.011 0.010 0.010 0.109 0.013 
230  ZFENP31    (0)   :  0.237 0.035 0.008 0.030 0.004 0.004 0.004 0.013 0.046 0.220 0.005 0.023 0.358 0.014 
231  ZFENP32    (0)   :  0.224 0.021 0.024 0.262 0.006 0.014 0.013 0.013 0.031 0.123 0.021 0.100 0.136 0.013 
232  ZFENP33    (0)   :  0.802 0.036 0.006 0.012 0.003 0.006 0.008 0.005 0.015 0.008 0.004 0.017 0.039 0.037 
233  ZFENP34    (0)   :  0.192 0.555 0.008 0.038 0.004 0.006 0.004 0.021 0.019 0.006 0.010 0.031 0.098 0.008 
234  ZFENP35    (0)   :  0.832 0.007 0.006 0.015 0.005 0.018 0.011 0.005 0.005 0.065 0.011 0.005 0.007 0.008 
235  ZFENP36    (0)   :  0.923 0.006 0.002 0.010 0.002 0.004 0.003 0.003 0.008 0.010 0.011 0.007 0.007 0.005 
236  ZFENP37    (0)   :  0.405 0.393 0.005 0.011 0.003 0.006 0.008 0.008 0.008 0.092 0.008 0.009 0.008 0.036 
237  ZFENP38    (0)   :  0.441 0.026 0.004 0.011 0.005 0.008 0.006 0.016 0.020 0.021 0.018 0.012 0.014 0.398 
238  ZFENP39    (0)   :  0.763 0.022 0.003 0.011 0.003 0.005 0.005 0.014 0.010 0.021 0.005 0.121 0.006 0.012 
239  ZFENP40    (0)   :  0.775 0.021 0.008 0.015 0.004 0.006 0.010 0.008 0.015 0.041 0.006 0.071 0.015 0.007 
240  ZFENP41    (0)   :  0.707 0.018 0.007 0.020 0.009 0.007 0.007 0.075 0.005 0.035 0.009 0.045 0.050 0.006 
241  ZFENP42    (0)   :  0.654 0.004 0.003 0.004 0.005 0.005 0.004 0.005 0.006 0.223 0.003 0.021 0.010 0.054 
242  ZFENP43    (0)   :  0.666 0.031 0.007 0.007 0.005 0.037 0.008 0.032 0.025 0.017 0.048 0.022 0.008 0.086 
243  ZFENP44    (0)   :  0.697 0.024 0.006 0.005 0.003 0.018 0.011 0.017 0.012 0.113 0.012 0.012 0.029 0.040 
244  ZFENP45    (0)   :  0.349 0.010 0.023 0.007 0.326 0.013 0.023 0.014 0.017 0.117 0.009 0.020 0.019 0.053 
245  ZFENP46    (0)   :  0.775 0.035 0.010 0.007 0.005 0.025 0.018 0.003 0.013 0.020 0.007 0.020 0.011 0.052 
246  ZFENP47    (0)   :  0.188 0.008 0.014 0.074 0.118 0.004 0.012 0.077 0.019 0.236 0.003 0.213 0.028 0.005 
247  ZFENP48    (0)   :  0.080 0.484 0.014 0.011 0.010 0.005 0.008 0.015 0.025 0.009 0.007 0.035 0.285 0.012 
248  ZFENP49    (0)   :  0.204 0.005 0.010 0.033 0.010 0.006 0.013 0.009 0.021 0.005 0.005 0.523 0.144 0.011 
249  ZFENP50    (0)   :  0.647 0.007 0.033 0.008 0.009 0.019 0.054 0.004 0.024 0.065 0.004 0.031 0.005 0.090 
250  ZFENP51    (0)   :  0.330 0.013 0.004 0.019 0.054 0.005 0.003 0.009 0.454 0.030 0.007 0.029 0.031 0.012 
251  ZFENP52    (0)   :  0.914 0.004 0.005 0.003 0.004 0.015 0.004 0.009 0.005 0.007 0.009 0.005 0.006 0.010 
252  ZFENP53    (0)   :  0.768 0.008 0.049 0.006 0.026 0.020 0.027 0.009 0.010 0.016 0.010 0.021 0.008 0.025 
253  ZFENP54    (0)   :  0.151 0.008 0.025 0.013 0.006 0.011 0.021 0.017 0.009 0.009 0.005 0.688 0.025 0.013 
254  ZFENP55    (0)   :  0.229 0.030 0.005 0.051 0.004 0.004 0.005 0.003 0.034 0.012 0.004 0.060 0.010 0.548 
255  ZFENP56    (0)   :  0.837 0.008 0.004 0.011 0.005 0.009 0.004 0.007 0.021 0.006 0.009 0.011 0.011 0.057 
256  ZFENP57    (0)   :  0.796 0.022 0.004 0.015 0.002 0.007 0.005 0.004 0.018 0.067 0.012 0.014 0.013 0.020 
257  ZFENP58    (0)   :  0.348 0.005 0.007 0.025 0.122 0.013 0.008 0.024 0.014 0.006 0.018 0.084 0.304 0.022 
258  ZFENP59    (0)   :  0.773 0.009 0.005 0.017 0.004 0.005 0.005 0.066 0.007 0.032 0.005 0.035 0.026 0.009 
259  ZFENP60    (0)   :  0.744 0.035 0.010 0.036 0.013 0.007 0.012 0.011 0.013 0.017 0.006 0.076 0.006 0.013 
260  ZFENP61    (0)   :  0.840 0.019 0.003 0.018 0.003 0.004 0.004 0.017 0.008 0.007 0.004 0.058 0.008 0.009 
261 ZFFDSP01    (0)   :  0.003 0.004 0.012 0.005 0.012 0.039 0.891 0.004 0.003 0.003 0.012 0.004 0.003 0.006 
262 ZFFDSP02    (0)   :  0.003 0.003 0.006 0.003 0.005 0.008 0.952 0.004 0.002 0.002 0.004 0.004 0.003 0.004 
263 ZFFDSP04    (0)   :  0.002 0.004 0.022 0.004 0.010 0.010 0.925 0.004 0.003 0.002 0.003 0.004 0.003 0.005 
264 ZFFDSP05    (0)   :  0.003 0.003 0.033 0.003 0.010 0.149 0.770 0.003 0.003 0.003 0.005 0.005 0.003 0.007 
265 ZFFDSP06    (0)   :  0.002 0.011 0.410 0.003 0.019 0.054 0.467 0.013 0.002 0.002 0.003 0.006 0.003 0.005 
266 ZFFDSP07    (0)   :  0.004 0.003 0.067 0.002 0.037 0.007 0.820 0.012 0.004 0.005 0.005 0.005 0.024 0.007 
267 ZFFDSP08    (0)   :  0.005 0.004 0.544 0.003 0.089 0.039 0.236 0.011 0.004 0.004 0.012 0.005 0.031 0.013 
268 ZFFDSP10    (0)   :  0.003 0.003 0.035 0.003 0.009 0.015 0.902 0.004 0.003 0.003 0.005 0.004 0.006 0.006 
269 ZFFDSP11    (0)   :  0.003 0.003 0.030 0.004 0.008 0.014 0.912 0.004 0.003 0.003 0.003 0.004 0.003 0.006 
270 ZFFDSP12    (0)   :  0.003 0.003 0.702 0.002 0.008 0.015 0.241 0.003 0.003 0.003 0.005 0.003 0.004 0.004 
271 ZFFDSP13    (0)   :  0.005 0.004 0.026 0.003 0.005 0.857 0.052 0.008 0.003 0.004 0.013 0.005 0.008 0.008 
272 ZFFDSP14    (0)   :  0.003 0.004 0.015 0.002 0.016 0.006 0.924 0.005 0.003 0.003 0.003 0.004 0.007 0.005 
273 ZFFDSP16    (0)   :  0.006 0.006 0.019 0.006 0.003 0.010 0.900 0.008 0.003 0.004 0.013 0.009 0.005 0.008 
274 ZFFDSP17    (0)   :  0.004 0.006 0.031 0.004 0.008 0.014 0.902 0.005 0.003 0.002 0.005 0.004 0.005 0.007 
275 ZFFDSP18    (0)   :  0.002 0.005 0.027 0.004 0.012 0.006 0.918 0.005 0.003 0.002 0.004 0.005 0.003 0.004 
276 ZFFDSP19    (0)   :  0.003 0.006 0.028 0.004 0.015 0.036 0.748 0.027 0.003 0.002 0.117 0.004 0.003 0.004 
277 ZFFDSP21    (0)   :  0.003 0.005 0.019 0.003 0.007 0.222 0.620 0.020 0.002 0.003 0.085 0.005 0.004 0.004 
278 ZFFDSP22    (0)   :  0.003 0.003 0.101 0.002 0.083 0.012 0.768 0.006 0.002 0.002 0.004 0.004 0.004 0.006 
279 ZFFDSP23    (0)   :  0.002 0.003 0.044 0.002 0.110 0.096 0.713 0.004 0.002 0.002 0.008 0.004 0.003 0.005 
280 ZFFDSP24    (0)   :  0.003 0.004 0.019 0.004 0.005 0.068 0.864 0.004 0.003 0.002 0.010 0.004 0.005 0.005 
281 ZFFDSP26    (9)   :  0.003 0.003 0.128 0.004 0.017 0.109 0.706 0.005 0.003 0.003 0.006 0.006 0.004 0.005 
282 ZFFDSP27    (0)   :  0.003 0.004 0.019 0.004 0.007 0.021 0.917 0.003 0.002 0.002 0.007 0.004 0.003 0.003 
283 ZFFDSP28    (0)   :  0.006 0.019 0.044 0.025 0.007 0.026 0.805 0.007 0.017 0.005 0.005 0.009 0.014 0.010 
284 ZFFDSP30    (0)   :  0.004 0.006 0.024 0.045 0.007 0.154 0.691 0.005 0.004 0.007 0.033 0.007 0.007 0.006 
285 ZFFDSP31    (0)   :  0.005 0.012 0.841 0.003 0.006 0.026 0.074 0.004 0.002 0.002 0.008 0.005 0.005 0.006 
286 ZFFDSP32    (0)   :  0.003 0.004 0.007 0.002 0.005 0.009 0.948 0.003 0.003 0.002 0.004 0.003 0.004 0.004 
287 ZFFDSP33    (0)   :  0.003 0.003 0.031 0.002 0.006 0.017 0.917 0.002 0.002 0.002 0.005 0.003 0.003 0.003 
288 ZFFDSP34    (0)   :  0.003 0.005 0.715 0.004 0.013 0.035 0.190 0.009 0.002 0.002 0.006 0.004 0.004 0.007 
289 ZFFDSP35    (0)   :  0.003 0.004 0.011 0.005 0.006 0.055 0.892 0.004 0.002 0.002 0.005 0.004 0.003 0.005 
290 ZFFDSP37    (0)   :  0.003 0.004 0.007 0.003 0.004 0.008 0.948 0.003 0.002 0.002 0.005 0.004 0.003 0.004 
291 ZFFDSP38    (0)   :  0.003 0.004 0.022 0.004 0.004 0.007 0.933 0.003 0.002 0.002 0.005 0.003 0.004 0.004 
292 ZFFDSP39    (0)   :  0.003 0.003 0.037 0.004 0.009 0.428 0.491 0.003 0.002 0.002 0.008 0.004 0.003 0.003 
293 ZFFDSP40    (0)   :  0.003 0.003 0.020 0.005 0.005 0.164 0.774 0.003 0.002 0.002 0.008 0.004 0.003 0.003 
294 ZFFDSP42    (0)   :  0.002 0.003 0.051 0.003 0.054 0.045 0.810 0.005 0.002 0.002 0.009 0.004 0.003 0.005 
295 ZFFDSP43    (0)   :  0.003 0.004 0.045 0.003 0.011 0.025 0.880 0.004 0.002 0.002 0.012 0.003 0.003 0.003 
296 ZFFDSP44    (0)   :  0.003 0.004 0.021 0.004 0.004 0.036 0.898 0.003 0.003 0.002 0.009 0.003 0.004 0.004 
297 ZFFDSP45    (0)   :  0.003 0.003 0.020 0.004 0.004 0.014 0.926 0.005 0.002 0.002 0.006 0.004 0.004 0.004 
298 ZFFDSP46    (0)   :  0.003 0.004 0.011 0.003 0.008 0.015 0.930 0.004 0.002 0.002 0.006 0.004 0.004 0.004 
299 ZFFDSP47    (0)   :  0.003 0.003 0.021 0.004 0.014 0.385 0.535 0.003 0.003 0.003 0.014 0.003 0.004 0.005 
300 ZFFDSP48    (0)   :  0.003 0.003 0.020 0.003 0.006 0.246 0.683 0.003 0.003 0.002 0.014 0.004 0.004 0.004 
301    ZFI01    (0)   :  0.010 0.030 0.005 0.762 0.004 0.004 0.005 0.009 0.110 0.008 0.009 0.025 0.013 0.009 
302    ZFI02    (0)   :  0.005 0.019 0.004 0.866 0.004 0.005 0.006 0.004 0.050 0.003 0.008 0.016 0.004 0.007 
303    ZFI03    (0)   :  0.006 0.056 0.003 0.875 0.003 0.004 0.004 0.005 0.010 0.003 0.008 0.010 0.006 0.007 
304    ZFI04    (0)   :  0.008 0.708 0.004 0.123 0.003 0.004 0.004 0.004 0.117 0.005 0.006 0.005 0.004 0.006 
305    ZFI05    (0)   :  0.007 0.007 0.004 0.925 0.003 0.005 0.004 0.004 0.005 0.004 0.015 0.006 0.008 0.005 
306    ZFI06    (0)   :  0.021 0.019 0.010 0.727 0.003 0.030 0.021 0.004 0.036 0.004 0.077 0.036 0.006 0.007 
307    ZFI07    (0)   :  0.006 0.416 0.003 0.520 0.002 0.004 0.004 0.004 0.008 0.004 0.005 0.007 0.007 0.007 
308    ZFI08    (0)   :  0.009 0.127 0.003 0.743 0.003 0.003 0.004 0.006 0.053 0.004 0.004 0.023 0.006 0.010 
309    ZFI09    (0)   :  0.009 0.015 0.004 0.885 0.003 0.004 0.004 0.004 0.035 0.003 0.006 0.019 0.005 0.005 
310    ZFI10    (0)   :  0.008 0.038 0.005 0.837 0.004 0.007 0.006 0.004 0.017 0.007 0.050 0.006 0.005 0.007 
311    ZFI11    (0)   :  0.007 0.061 0.003 0.727 0.003 0.005 0.004 0.004 0.149 0.004 0.012 0.008 0.008 0.006 
312    ZFI12    (0)   :  0.006 0.145 0.004 0.777 0.003 0.005 0.005 0.007 0.006 0.003 0.014 0.009 0.006 0.010 
313    ZFI13    (0)   :  0.009 0.011 0.004 0.902 0.003 0.004 0.005 0.007 0.007 0.008 0.006 0.010 0.019 0.007 
314    ZFI14    (0)   :  0.004 0.008 0.005 0.932 0.003 0.006 0.008 0.004 0.005 0.004 0.006 0.006 0.005 0.004 
315    ZFI15    (0)   :  0.005 0.009 0.003 0.937 0.002 0.003 0.003 0.004 0.005 0.003 0.004 0.013 0.006 0.003 
316    ZFI16    (0)   :  0.005 0.017 0.003 0.933 0.002 0.003 0.004 0.004 0.004 0.003 0.006 0.008 0.003 0.005 
317    ZFI17    (0)   :  0.009 0.030 0.004 0.898 0.003 0.004 0.003 0.004 0.011 0.006 0.010 0.006 0.006 0.006 
318    ZFI18    (0)   :  0.007 0.012 0.003 0.933 0.002 0.003 0.003 0.003 0.007 0.006 0.006 0.005 0.005 0.004 
319    ZFI19    (9)   :  0.004 0.009 0.002 0.944 0.002 0.003 0.003 0.003 0.006 0.003 0.004 0.005 0.005 0.005 
320    ZFI20    (0)   :  0.004 0.008 0.004 0.940 0.003 0.004 0.005 0.004 0.004 0.004 0.004 0.008 0.003 0.005 
321    ZFI21    (0)   :  0.003 0.005 0.005 0.938 0.003 0.008 0.010 0.003 0.003 0.003 0.007 0.005 0.004 0.004 
322    ZFI22    (0)   :  0.004 0.018 0.004 0.892 0.004 0.004 0.005 0.007 0.036 0.003 0.004 0.010 0.004 0.005 
323    ZFI23    (0)   :  0.006 0.029 0.004 0.915 0.003 0.004 0.003 0.004 0.006 0.003 0.007 0.006 0.005 0.006 
324    ZFI24    (0)   :  0.006 0.054 0.004 0.871 0.003 0.005 0.005 0.007 0.008 0.003 0.011 0.008 0.006 0.009 
