

----------------------------------------------------
STRUCTURE by Pritchard, Stephens and Donnelly (2000)
     and Falush, Stephens and Pritchard (2003)
       Code by Pritchard, Falush and Hubisz
             Version 2.3.4 (Jul 2012)
----------------------------------------------------



Command line arguments:   bin\structure -m C:\Users\eschumacher\Documents\GitHub\GCC_QUAC_ZAIN\Data_Files\Structure_Files\ZAIN\ZAIN_wild_rebinned_nopopinfo\50-50\mainparams -e C:\Users\eschumacher\Documents\GitHub\GCC_QUAC_ZAIN\Data_Files\Structure_Files\ZAIN\ZAIN_wild_rebinned_nopopinfo\50-50\extraparams 
Input File:    C:\Users\eschumacher\Documents\GitHub\GCC_QUAC_ZAIN\Data_Files\Structure_Files\ZAIN\ZAIN_wild_rebinned_nopopinfo\project_data

Run parameters:
   751 individuals
   11 loci
   5 populations assumed
   50000 Burn-in period
   50000 Reps


--------------------------------------------
Overall proportion of membership of the
sample in each of the 5 clusters

Inferred Clusters
  1      2      3      4      5    
0.226  0.243  0.236  0.121  0.173  

--------------------------------------------

Allele-freq. divergence among pops (Net nucleotide distance),
computed using point estimates of P.

      1       2       3       4       5      
 1      -    0.0789  0.1551  0.1036  0.1302  
 2   0.0789     -    0.2171  0.1416  0.2038  
 3   0.1551  0.2171     -    0.1481  0.0877  
 4   0.1036  0.1416  0.1481     -    0.1165  
 5   0.1302  0.2038  0.0877  0.1165     -    

Average distances (expected heterozygosity) between individuals in same cluster:
cluster  1  : 0.5722 
cluster  2  : 0.5003 
cluster  3  : 0.4375 
cluster  4  : 0.4377 
cluster  5  : 0.4164 

--------------------------------------------
Estimated Ln Prob of Data   = -15010.3
Mean value of ln likelihood = -14796.6
Variance of ln likelihood   = 427.4
Mean value of alpha         = 0.0334

Mean value of Fst_1         = 0.1233
Mean value of Fst_2         = 0.3271
Mean value of Fst_3         = 0.2934
Mean value of Fst_4         = 0.4074
Mean value of Fst_5         = 0.4436


Inferred ancestry of individuals:
        Label (%Miss) :  Inferred clusters
  1    ZFB01    (0)   :  0.005 0.981 0.005 0.004 0.004 
  2    ZFB02    (0)   :  0.008 0.978 0.004 0.008 0.003 
  3    ZFB03    (0)   :  0.007 0.973 0.005 0.006 0.010 
  4    ZFB04    (0)   :  0.008 0.979 0.005 0.005 0.003 
  5    ZFB05    (0)   :  0.088 0.884 0.007 0.010 0.011 
  6    ZFB06    (0)   :  0.073 0.903 0.006 0.006 0.011 
  7    ZFB07    (9)   :  0.012 0.966 0.008 0.005 0.009 
  8    ZFB08    (0)   :  0.006 0.977 0.006 0.006 0.005 
  9    ZFB09    (0)   :  0.005 0.985 0.003 0.004 0.003 
 10    ZFB10    (0)   :  0.006 0.964 0.017 0.007 0.006 
 11    ZFB11    (0)   :  0.007 0.975 0.008 0.006 0.004 
 12    ZFB12    (0)   :  0.008 0.978 0.005 0.003 0.006 
 13    ZFB13    (0)   :  0.006 0.977 0.007 0.004 0.005 
 14    ZFB14    (0)   :  0.005 0.980 0.006 0.006 0.004 
 15    ZFB15    (0)   :  0.006 0.986 0.003 0.003 0.003 
 16    ZFB16    (0)   :  0.006 0.983 0.005 0.003 0.003 
 17    ZFB17    (0)   :  0.034 0.917 0.015 0.025 0.009 
 18    ZFB18    (0)   :  0.004 0.983 0.005 0.005 0.003 
 19    ZFB19    (0)   :  0.015 0.947 0.022 0.004 0.012 
 20    ZFB20    (0)   :  0.008 0.980 0.005 0.004 0.004 
 21    ZFB21    (0)   :  0.006 0.985 0.003 0.003 0.003 
 22    ZFB22    (0)   :  0.021 0.939 0.018 0.012 0.010 
 23    ZFB23    (0)   :  0.011 0.970 0.008 0.005 0.006 
 24    ZFB24    (0)   :  0.008 0.976 0.007 0.005 0.004 
 25    ZFB25    (0)   :  0.005 0.951 0.028 0.006 0.010 
 26    ZFB26    (0)   :  0.013 0.949 0.019 0.009 0.009 
 27    ZFB27    (0)   :  0.011 0.971 0.008 0.005 0.005 
 28    ZFB28    (0)   :  0.027 0.953 0.005 0.008 0.007 
 29    ZFB29    (0)   :  0.007 0.981 0.003 0.006 0.003 
 30    ZFB30    (0)   :  0.280 0.692 0.012 0.004 0.012 
 31    ZFB31    (0)   :  0.006 0.966 0.015 0.006 0.007 
 32    ZFB32    (0)   :  0.023 0.943 0.007 0.016 0.010 
 33    ZFB33    (0)   :  0.005 0.984 0.004 0.003 0.003 
 34    ZFB34    (0)   :  0.004 0.983 0.004 0.006 0.004 
 35    ZFB35    (0)   :  0.006 0.976 0.006 0.006 0.006 
 36  ZFBP101    (0)   :  0.011 0.017 0.655 0.132 0.184 
 37  ZFBP102    (0)   :  0.015 0.026 0.888 0.028 0.043 
 38  ZFBP103    (0)   :  0.010 0.011 0.189 0.251 0.538 
 39  ZFBP104    (0)   :  0.037 0.056 0.504 0.004 0.399 
 40  ZFBP105    (0)   :  0.007 0.009 0.690 0.007 0.287 
 41  ZFBP106    (0)   :  0.004 0.004 0.802 0.008 0.182 
 42  ZFBP107    (0)   :  0.026 0.011 0.419 0.012 0.533 
 43  ZFBP108    (0)   :  0.004 0.004 0.977 0.003 0.012 
 44  ZFBP109    (0)   :  0.004 0.004 0.974 0.005 0.013 
 45  ZFBP110    (0)   :  0.023 0.050 0.113 0.075 0.739 
 46  ZFBP111    (0)   :  0.004 0.003 0.970 0.004 0.020 
 47  ZFBP112    (0)   :  0.006 0.005 0.972 0.007 0.009 
 48  ZFBP113    (0)   :  0.005 0.004 0.976 0.004 0.011 
 49  ZFBP114    (0)   :  0.009 0.004 0.948 0.009 0.030 
 50  ZFBP115    (0)   :  0.006 0.003 0.305 0.008 0.678 
 51  ZFBP116    (0)   :  0.008 0.003 0.963 0.005 0.021 
 52  ZFBP117    (0)   :  0.004 0.003 0.972 0.009 0.012 
 53  ZFBP118    (0)   :  0.009 0.004 0.970 0.006 0.011 
 54  ZFBP119    (0)   :  0.006 0.004 0.651 0.033 0.305 
 55  ZFBP120    (0)   :  0.007 0.009 0.682 0.005 0.297 
 56  ZFBP121    (0)   :  0.005 0.006 0.926 0.013 0.049 
 57  ZFBP122    (9)   :  0.005 0.004 0.952 0.005 0.034 
 58  ZFBP123    (0)   :  0.007 0.004 0.966 0.012 0.011 
 59  ZFBP124    (0)   :  0.004 0.008 0.966 0.006 0.016 
 60  ZFBP125    (0)   :  0.003 0.003 0.972 0.006 0.015 
 61  ZFBP126    (0)   :  0.021 0.019 0.903 0.043 0.014 
 62  ZFBP127    (0)   :  0.005 0.004 0.560 0.022 0.409 
 63  ZFBP128    (0)   :  0.003 0.004 0.977 0.006 0.010 
 64  ZFBP129    (0)   :  0.004 0.005 0.972 0.009 0.009 
 65  ZFBP130    (0)   :  0.004 0.002 0.976 0.008 0.009 
 66  ZFBP131    (0)   :  0.005 0.004 0.981 0.004 0.006 
 67  ZFBP132    (0)   :  0.004 0.004 0.956 0.005 0.031 
 68  ZFBP133    (0)   :  0.003 0.003 0.984 0.006 0.004 
 69  ZFBP134    (0)   :  0.006 0.004 0.386 0.040 0.564 
 70  ZFBP135    (0)   :  0.009 0.021 0.595 0.293 0.082 
 71  ZFBP136    (0)   :  0.007 0.004 0.866 0.072 0.051 
 72  ZFBP201    (0)   :  0.010 0.008 0.951 0.006 0.025 
 73  ZFBP202    (0)   :  0.004 0.007 0.956 0.005 0.028 
 74  ZFBP203    (0)   :  0.032 0.009 0.943 0.006 0.010 
 75  ZFBP204    (0)   :  0.007 0.005 0.792 0.019 0.177 
 76  ZFBP205    (0)   :  0.005 0.003 0.979 0.008 0.005 
 77  ZFBP206    (0)   :  0.006 0.005 0.973 0.010 0.006 
 78  ZFBP207    (0)   :  0.005 0.005 0.409 0.017 0.564 
 79  ZFBP208    (0)   :  0.011 0.005 0.971 0.007 0.007 
 80  ZFBP209    (0)   :  0.003 0.003 0.984 0.006 0.004 
 81  ZFBP210    (0)   :  0.010 0.007 0.958 0.005 0.020 
 82  ZFBP211    (0)   :  0.006 0.007 0.962 0.006 0.019 
 83  ZFBP212    (0)   :  0.005 0.006 0.549 0.003 0.437 
 84  ZFBP213    (0)   :  0.008 0.010 0.951 0.016 0.015 
 85  ZFBP214    (0)   :  0.012 0.009 0.888 0.043 0.048 
 86  ZFBP215    (0)   :  0.004 0.004 0.974 0.006 0.012 
 87  ZFBP216    (0)   :  0.019 0.008 0.923 0.007 0.043 
 88  ZFBP217    (0)   :  0.005 0.005 0.951 0.006 0.032 
 89  ZFBP218    (0)   :  0.004 0.003 0.983 0.003 0.007 
 90  ZFBP219    (0)   :  0.006 0.004 0.976 0.004 0.010 
 91  ZFBP220    (0)   :  0.005 0.003 0.955 0.009 0.029 
 92  ZFBP221    (0)   :  0.005 0.005 0.853 0.003 0.135 
 93  ZFBP222    (0)   :  0.006 0.006 0.975 0.008 0.005 
 94  ZFBP223    (0)   :  0.009 0.007 0.284 0.013 0.686 
 95  ZFBP224    (0)   :  0.008 0.006 0.967 0.007 0.012 
 96  ZFBP225    (0)   :  0.007 0.003 0.940 0.009 0.041 
 97  ZFBP226    (0)   :  0.006 0.004 0.965 0.004 0.020 
 98  ZFBP227    (0)   :  0.133 0.041 0.586 0.008 0.232 
 99  ZFBP228    (0)   :  0.004 0.005 0.263 0.015 0.714 
100  ZFBP229    (0)   :  0.005 0.003 0.975 0.006 0.011 
101  ZFBP230    (0)   :  0.007 0.004 0.947 0.014 0.029 
102  ZFBP231    (0)   :  0.006 0.006 0.962 0.007 0.019 
103  ZFBP232    (0)   :  0.003 0.003 0.980 0.005 0.008 
104  ZFBP233    (0)   :  0.006 0.007 0.963 0.006 0.019 
105   ZFCC01    (0)   :  0.004 0.010 0.004 0.979 0.004 
106   ZFCC03    (0)   :  0.003 0.005 0.005 0.981 0.006 
107   ZFCC04    (0)   :  0.004 0.005 0.004 0.982 0.004 
108   ZFCC05    (0)   :  0.005 0.006 0.005 0.976 0.007 
109   ZFCC08    (0)   :  0.003 0.004 0.012 0.974 0.007 
110   ZFCC09    (0)   :  0.003 0.006 0.004 0.981 0.006 
111   ZFCC10    (0)   :  0.004 0.011 0.005 0.976 0.004 
112   ZFCC11    (0)   :  0.003 0.006 0.005 0.980 0.006 
113   ZFCC12    (0)   :  0.010 0.037 0.005 0.942 0.007 
114   ZFCC13    (0)   :  0.008 0.005 0.010 0.966 0.012 
115   ZFCC14    (0)   :  0.005 0.008 0.008 0.974 0.005 
116   ZFCC15    (0)   :  0.006 0.005 0.004 0.979 0.006 
117   ZFCC16    (0)   :  0.004 0.006 0.004 0.982 0.004 
118   ZFCC17    (0)   :  0.005 0.006 0.003 0.982 0.004 
119   ZFCC18    (0)   :  0.004 0.005 0.005 0.981 0.005 
120   ZFCC19    (0)   :  0.008 0.004 0.003 0.980 0.004 
121   ZFCC20    (0)   :  0.004 0.004 0.005 0.981 0.006 
122   ZFCC21    (0)   :  0.012 0.006 0.039 0.935 0.007 
123   ZFCC22    (0)   :  0.005 0.005 0.186 0.783 0.021 
124   ZFCC26    (0)   :  0.004 0.005 0.004 0.983 0.004 
125   ZFCC27    (0)   :  0.003 0.004 0.004 0.985 0.005 
126   ZFCC29    (0)   :  0.005 0.007 0.004 0.978 0.005 
127   ZFCC30    (0)   :  0.003 0.003 0.004 0.985 0.005 
128   ZFCC32    (0)   :  0.007 0.006 0.005 0.975 0.006 
129   ZFCC33    (0)   :  0.006 0.006 0.003 0.980 0.006 
130   ZFCC34    (0)   :  0.007 0.019 0.038 0.895 0.041 
131   ZFCC35    (0)   :  0.004 0.003 0.004 0.985 0.004 
132   ZFCC36    (0)   :  0.011 0.005 0.009 0.969 0.007 
133   ZFCC37    (0)   :  0.011 0.037 0.008 0.936 0.008 
134   ZFCC40    (0)   :  0.004 0.007 0.005 0.980 0.004 
135   ZFCC42    (0)   :  0.165 0.232 0.006 0.580 0.018 
136   ZFCC44    (0)   :  0.004 0.003 0.003 0.984 0.006 
137   ZFCC45    (9)   :  0.012 0.014 0.005 0.963 0.006 
138   ZFCC46    (0)   :  0.004 0.003 0.010 0.968 0.014 
139   ZFCC47    (0)   :  0.005 0.023 0.005 0.960 0.006 
140   ZFCC48    (0)   :  0.006 0.005 0.025 0.957 0.007 
141   ZFCC50    (0)   :  0.004 0.005 0.003 0.985 0.003 
142   ZFCC51    (0)   :  0.003 0.004 0.004 0.983 0.006 
143   ZFCC52    (0)   :  0.004 0.004 0.010 0.975 0.007 
144   ZFCC53    (0)   :  0.003 0.004 0.003 0.985 0.004 
145  ZFCNS01    (0)   :  0.008 0.003 0.004 0.005 0.980 
146  ZFCNS02    (0)   :  0.003 0.003 0.004 0.009 0.981 
147  ZFCNS05    (0)   :  0.004 0.004 0.006 0.010 0.975 
148  ZFCNS06    (0)   :  0.004 0.004 0.005 0.011 0.976 
149  ZFCNS07    (0)   :  0.004 0.004 0.011 0.005 0.977 
150  ZFCNS10    (0)   :  0.003 0.003 0.005 0.004 0.985 
151  ZFCNS11    (0)   :  0.005 0.003 0.004 0.006 0.981 
152  ZFCNS15    (0)   :  0.004 0.003 0.007 0.004 0.982 
153  ZFCNS17    (0)   :  0.003 0.003 0.005 0.011 0.977 
154  ZFCNS18    (0)   :  0.003 0.003 0.005 0.006 0.983 
155  ZFCNS19    (0)   :  0.003 0.004 0.004 0.010 0.979 
156  ZFCNS20    (0)   :  0.004 0.004 0.012 0.008 0.973 
157  ZFCNS21    (0)   :  0.003 0.003 0.003 0.008 0.983 
158  ZFCNS22    (0)   :  0.004 0.004 0.009 0.007 0.976 
159  ZFCNS23    (0)   :  0.010 0.006 0.007 0.020 0.957 
160  ZFCNS24    (0)   :  0.003 0.003 0.006 0.023 0.965 
161  ZFCNS25    (0)   :  0.003 0.003 0.007 0.010 0.976 
162  ZFCNS26    (0)   :  0.003 0.004 0.005 0.004 0.984 
163  ZFCNS27    (0)   :  0.004 0.004 0.011 0.004 0.978 
164  ZFCNS28    (0)   :  0.004 0.004 0.005 0.007 0.981 
165  ZFCNS29    (0)   :  0.004 0.004 0.007 0.014 0.972 
166  ZFCNS30    (0)   :  0.004 0.003 0.004 0.009 0.980 
167  ZFCNS31    (0)   :  0.004 0.003 0.005 0.004 0.983 
168  ZFCNS32    (0)   :  0.003 0.004 0.005 0.007 0.981 
169  ZFCNS33    (0)   :  0.003 0.004 0.004 0.005 0.984 
170  ZFCNS34    (0)   :  0.004 0.004 0.005 0.022 0.966 
171  ZFCNS35    (0)   :  0.003 0.004 0.004 0.005 0.983 
172  ZFCNS36    (0)   :  0.004 0.003 0.006 0.054 0.933 
173  ZFCNS37    (0)   :  0.004 0.003 0.004 0.006 0.983 
174  ZFCNS39    (0)   :  0.003 0.003 0.004 0.009 0.981 
175  ZFCNS40    (0)   :  0.004 0.003 0.007 0.028 0.958 
176  ZFCNS41    (0)   :  0.006 0.005 0.007 0.009 0.974 
177  ZFCNS42    (0)   :  0.003 0.003 0.005 0.005 0.984 
178  ZFCNS43    (0)   :  0.003 0.003 0.004 0.011 0.979 
179  ZFCNS44    (0)   :  0.003 0.003 0.004 0.007 0.984 
180  ZFCNS46    (0)   :  0.004 0.003 0.005 0.007 0.981 
181  ZFCNS47    (0)   :  0.003 0.003 0.004 0.007 0.982 
182  ZFCNS48    (0)   :  0.003 0.003 0.005 0.005 0.983 
183  ZFCNS49    (0)   :  0.003 0.003 0.005 0.003 0.986 
184   ZFCR01    (0)   :  0.319 0.567 0.090 0.015 0.009 
185   ZFCR02    (0)   :  0.874 0.065 0.028 0.024 0.010 
186   ZFCR03    (0)   :  0.259 0.589 0.082 0.061 0.009 
187   ZFCR04    (0)   :  0.157 0.737 0.048 0.019 0.038 
188   ZFCR05    (0)   :  0.834 0.124 0.008 0.029 0.005 
189   ZFCR06    (0)   :  0.454 0.186 0.120 0.043 0.197 
190   ZFCR07    (0)   :  0.761 0.094 0.010 0.026 0.110 
191   ZFCR08    (0)   :  0.785 0.072 0.044 0.092 0.008 
192   ZFCR09    (0)   :  0.293 0.486 0.096 0.067 0.058 
193   ZFCR11    (0)   :  0.440 0.372 0.033 0.014 0.141 
194   ZFCR12    (0)   :  0.691 0.012 0.034 0.016 0.247 
195   ZFCR13    (0)   :  0.868 0.013 0.092 0.009 0.018 
196   ZFCR14    (0)   :  0.912 0.044 0.018 0.016 0.010 
197   ZFCR15    (0)   :  0.911 0.046 0.021 0.013 0.009 
198   ZFCR16    (0)   :  0.798 0.118 0.062 0.015 0.007 
199   ZFCR18    (0)   :  0.073 0.780 0.034 0.089 0.023 
200   ZFCR19    (0)   :  0.127 0.555 0.248 0.047 0.023 
201   ZFCR20    (0)   :  0.037 0.878 0.057 0.015 0.013 
202   ZFCR21    (0)   :  0.910 0.020 0.025 0.033 0.012 
203   ZFCR22    (0)   :  0.959 0.013 0.015 0.007 0.006 
204   ZFCR23    (0)   :  0.851 0.026 0.090 0.005 0.029 
205   ZFCR24    (9)   :  0.269 0.212 0.502 0.009 0.008 
206   ZFCR25    (0)   :  0.949 0.034 0.005 0.007 0.005 
207   ZFCR26    (0)   :  0.372 0.416 0.128 0.062 0.022 
208   ZFCR27    (9)   :  0.883 0.104 0.004 0.006 0.004 
209   ZFCR28    (0)   :  0.598 0.010 0.354 0.012 0.026 
210   ZFCR29    (0)   :  0.645 0.305 0.025 0.018 0.007 
211   ZFCR30    (0)   :  0.963 0.012 0.008 0.008 0.010 
212   ZFCR31    (0)   :  0.221 0.469 0.128 0.029 0.153 
213   ZFCR33    (0)   :  0.908 0.036 0.010 0.035 0.012 
214   ZFCR34    (0)   :  0.899 0.034 0.022 0.020 0.025 
215   ZFCR35    (0)   :  0.122 0.804 0.016 0.039 0.019 
216   ZFCR36    (0)   :  0.872 0.095 0.009 0.008 0.015 
217   ZFCR37    (0)   :  0.908 0.028 0.005 0.052 0.005 
218   ZFCR38    (0)   :  0.912 0.042 0.008 0.029 0.008 
219   ZFCR39    (0)   :  0.874 0.020 0.037 0.060 0.008 
220   ZFCR40    (0)   :  0.958 0.014 0.006 0.016 0.006 
221   ZFCR41    (0)   :  0.851 0.012 0.018 0.065 0.054 
222   ZFCR42    (0)   :  0.863 0.009 0.042 0.052 0.033 
223   ZFCR43    (0)   :  0.795 0.069 0.119 0.008 0.009 
224  ZFENP25    (0)   :  0.872 0.065 0.021 0.037 0.006 
225  ZFENP26    (0)   :  0.975 0.012 0.003 0.005 0.005 
226  ZFENP27    (0)   :  0.252 0.308 0.011 0.356 0.073 
227  ZFENP28    (0)   :  0.950 0.027 0.005 0.012 0.007 
228  ZFENP29    (0)   :  0.974 0.007 0.004 0.010 0.005 
229  ZFENP30    (0)   :  0.915 0.011 0.006 0.062 0.006 
230  ZFENP31    (0)   :  0.925 0.019 0.006 0.043 0.007 
231  ZFENP32    (0)   :  0.683 0.234 0.016 0.029 0.038 
232  ZFENP33    (0)   :  0.913 0.066 0.005 0.009 0.007 
233  ZFENP34    (0)   :  0.242 0.664 0.014 0.058 0.023 
234  ZFENP35    (0)   :  0.966 0.012 0.005 0.005 0.012 
235  ZFENP36    (0)   :  0.965 0.023 0.003 0.004 0.006 
236  ZFENP37    (0)   :  0.898 0.070 0.007 0.013 0.012 
237  ZFENP38    (0)   :  0.952 0.009 0.006 0.016 0.017 
238  ZFENP39    (0)   :  0.944 0.035 0.003 0.013 0.005 
239  ZFENP40    (0)   :  0.936 0.041 0.006 0.011 0.006 
240  ZFENP41    (0)   :  0.899 0.019 0.007 0.067 0.008 
241  ZFENP42    (0)   :  0.984 0.004 0.003 0.005 0.003 
242  ZFENP43    (0)   :  0.844 0.023 0.006 0.050 0.076 
243  ZFENP44    (0)   :  0.961 0.010 0.005 0.015 0.010 
244  ZFENP45    (0)   :  0.719 0.010 0.240 0.015 0.017 
245  ZFENP46    (0)   :  0.946 0.023 0.009 0.004 0.018 
246  ZFENP47    (0)   :  0.856 0.036 0.035 0.067 0.005 
247  ZFENP48    (0)   :  0.175 0.628 0.036 0.137 0.024 
248  ZFENP49    (0)   :  0.672 0.226 0.024 0.063 0.014 
249  ZFENP50    (0)   :  0.952 0.006 0.025 0.005 0.012 
250  ZFENP51    (0)   :  0.908 0.065 0.016 0.008 0.004 
251  ZFENP52    (0)   :  0.946 0.005 0.004 0.017 0.027 
252  ZFENP53    (0)   :  0.948 0.008 0.020 0.009 0.015 
253  ZFENP54    (0)   :  0.863 0.032 0.054 0.033 0.019 
254  ZFENP55    (0)   :  0.797 0.187 0.006 0.005 0.005 
255  ZFENP56    (0)   :  0.965 0.012 0.004 0.009 0.010 
256  ZFENP57    (0)   :  0.961 0.019 0.004 0.006 0.010 
257  ZFENP58    (0)   :  0.858 0.016 0.036 0.075 0.015 
258  ZFENP59    (0)   :  0.908 0.015 0.005 0.066 0.005 
259  ZFENP60    (0)   :  0.912 0.064 0.008 0.009 0.007 
260  ZFENP61    (0)   :  0.937 0.037 0.003 0.018 0.004 
261 ZFFDSP01    (0)   :  0.004 0.006 0.935 0.005 0.050 
262 ZFFDSP02    (0)   :  0.004 0.004 0.979 0.005 0.009 
263 ZFFDSP04    (0)   :  0.003 0.005 0.982 0.004 0.006 
264 ZFFDSP05    (0)   :  0.005 0.004 0.921 0.004 0.065 
265 ZFFDSP06    (0)   :  0.003 0.003 0.980 0.006 0.008 
266 ZFFDSP07    (0)   :  0.006 0.004 0.970 0.014 0.005 
267 ZFFDSP08    (0)   :  0.006 0.003 0.961 0.012 0.018 
268 ZFFDSP10    (0)   :  0.005 0.005 0.964 0.005 0.021 
269 ZFFDSP11    (0)   :  0.005 0.005 0.975 0.005 0.011 
270 ZFFDSP12    (0)   :  0.004 0.003 0.979 0.004 0.010 
271 ZFFDSP13    (0)   :  0.007 0.004 0.060 0.010 0.918 
272 ZFFDSP14    (0)   :  0.004 0.004 0.979 0.007 0.006 
273 ZFFDSP16    (0)   :  0.010 0.009 0.930 0.009 0.042 
274 ZFFDSP17    (0)   :  0.005 0.004 0.974 0.006 0.012 
275 ZFFDSP18    (0)   :  0.003 0.007 0.977 0.006 0.008 
276 ZFFDSP19    (0)   :  0.004 0.006 0.769 0.032 0.189 
277 ZFFDSP21    (0)   :  0.004 0.006 0.555 0.022 0.412 
278 ZFFDSP22    (0)   :  0.003 0.003 0.984 0.005 0.005 
279 ZFFDSP23    (0)   :  0.003 0.003 0.971 0.005 0.019 
280 ZFFDSP24    (0)   :  0.004 0.006 0.747 0.006 0.238 
281 ZFFDSP26    (9)   :  0.004 0.004 0.953 0.005 0.033 
282 ZFFDSP27    (0)   :  0.004 0.007 0.960 0.004 0.025 
283 ZFFDSP28    (0)   :  0.017 0.095 0.842 0.019 0.026 
284 ZFFDSP30    (0)   :  0.008 0.024 0.227 0.011 0.729 
285 ZFFDSP31    (0)   :  0.005 0.006 0.960 0.007 0.022 
286 ZFFDSP32    (0)   :  0.004 0.004 0.977 0.004 0.011 
287 ZFFDSP33    (0)   :  0.004 0.004 0.975 0.003 0.015 
288 ZFFDSP34    (0)   :  0.003 0.004 0.977 0.006 0.010 
289 ZFFDSP35    (0)   :  0.004 0.005 0.924 0.005 0.062 
290 ZFFDSP37    (0)   :  0.005 0.005 0.968 0.004 0.018 
291 ZFFDSP38    (0)   :  0.004 0.006 0.974 0.004 0.013 
292 ZFFDSP39    (0)   :  0.003 0.004 0.643 0.004 0.346 
293 ZFFDSP40    (0)   :  0.004 0.005 0.632 0.004 0.354 
294 ZFFDSP42    (0)   :  0.003 0.004 0.966 0.005 0.022 
295 ZFFDSP43    (0)   :  0.003 0.004 0.959 0.004 0.029 
296 ZFFDSP44    (0)   :  0.004 0.006 0.806 0.004 0.179 
297 ZFFDSP45    (0)   :  0.004 0.005 0.958 0.006 0.028 
298 ZFFDSP46    (0)   :  0.004 0.005 0.941 0.006 0.043 
299 ZFFDSP47    (0)   :  0.004 0.004 0.539 0.004 0.450 
300 ZFFDSP48    (0)   :  0.004 0.004 0.419 0.005 0.568 
301    ZFI01    (0)   :  0.008 0.973 0.004 0.008 0.007 
302    ZFI02    (0)   :  0.006 0.977 0.005 0.004 0.008 
303    ZFI03    (0)   :  0.006 0.978 0.003 0.006 0.008 
304    ZFI04    (0)   :  0.007 0.978 0.004 0.005 0.006 
305    ZFI05    (0)   :  0.007 0.963 0.005 0.005 0.020 
306    ZFI06    (0)   :  0.008 0.921 0.007 0.004 0.061 
307    ZFI07    (0)   :  0.006 0.981 0.004 0.005 0.005 
308    ZFI08    (0)   :  0.008 0.980 0.003 0.005 0.004 
309    ZFI09    (0)   :  0.005 0.980 0.004 0.004 0.007 
310    ZFI10    (0)   :  0.008 0.946 0.006 0.004 0.036 
311    ZFI11    (0)   :  0.006 0.981 0.003 0.005 0.006 
312    ZFI12    (0)   :  0.006 0.973 0.004 0.007 0.010 
313    ZFI13    (0)   :  0.007 0.977 0.003 0.006 0.007 
314    ZFI14    (0)   :  0.006 0.966 0.009 0.006 0.013 
315    ZFI15    (0)   :  0.005 0.981 0.003 0.005 0.005 
316    ZFI16    (0)   :  0.005 0.982 0.003 0.004 0.006 
317    ZFI17    (0)   :  0.007 0.978 0.003 0.004 0.008 
318    ZFI18    (0)   :  0.006 0.982 0.003 0.004 0.006 
319    ZFI19    (9)   :  0.006 0.982 0.003 0.004 0.006 
320    ZFI20    (0)   :  0.007 0.976 0.005 0.004 0.008 
321    ZFI21    (0)   :  0.006 0.937 0.012 0.004 0.040 
322    ZFI22    (0)   :  0.005 0.980 0.005 0.006 0.004 
323    ZFI23    (0)   :  0.005 0.979 0.003 0.005 0.007 
324    ZFI24    (0)   :  0.006 0.974 0.004 0.007 0.009 
325    ZFI25    (0)   :  0.006 0.978 0.005 0.006 0.006 
326    ZFI26    (0)   :  0.006 0.979 0.003 0.008 0.005 
327    ZFI27    (0)   :  0.007 0.956 0.004 0.006 0.027 
328    ZFK01    (0)   :  0.010 0.006 0.009 0.963 0.012 
329    ZFK02    (0)   :  0.010 0.008 0.008 0.963 0.011 
330    ZFK03    (0)   :  0.013 0.008 0.008 0.962 0.009 
331    ZFK04    (0)   :  0.017 0.028 0.006 0.944 0.005 
332    ZFK05    (0)   :  0.014 0.020 0.004 0.957 0.005 
333    ZFK06    (0)   :  0.015 0.022 0.005 0.951 0.007 
334    ZFK07    (0)   :  0.014 0.005 0.008 0.964 0.009 
335    ZFK08    (0)   :  0.067 0.028 0.008 0.892 0.006 
336    ZFK10    (0)   :  0.011 0.024 0.007 0.951 0.007 
337    ZFK11    (0)   :  0.036 0.010 0.006 0.941 0.007 
338    ZFK12    (0)   :  0.020 0.005 0.013 0.951 0.011 
339    ZFK13    (0)   :  0.047 0.005 0.028 0.902 0.018 
340    ZFK14    (0)   :  0.010 0.004 0.012 0.962 0.012 
341    ZFK15    (0)   :  0.073 0.010 0.021 0.884 0.013 
342    ZFK16    (0)   :  0.019 0.004 0.016 0.946 0.014 
343   ZFLB01    (0)   :  0.972 0.008 0.008 0.005 0.007 
344   ZFLB02    (0)   :  0.974 0.013 0.005 0.005 0.004 
345   ZFLB03    (0)   :  0.966 0.006 0.005 0.006 0.018 
346   ZFLB04    (0)   :  0.843 0.016 0.017 0.009 0.116 
347   ZFLB05    (0)   :  0.967 0.014 0.005 0.005 0.009 
348   ZFLB06    (0)   :  0.968 0.008 0.006 0.012 0.006 
349   ZFLB07    (0)   :  0.950 0.005 0.010 0.010 0.026 
350   ZFLB08    (0)   :  0.972 0.014 0.004 0.006 0.004 
351   ZFLB09    (9)   :  0.964 0.016 0.005 0.011 0.004 
352   ZFLB10    (0)   :  0.963 0.019 0.004 0.006 0.007 
353   ZFLB11    (0)   :  0.978 0.005 0.005 0.009 0.004 
354   ZFLB12    (0)   :  0.977 0.009 0.003 0.008 0.003 
355   ZFLB13    (0)   :  0.976 0.007 0.005 0.009 0.004 
356  ZFLTI01    (0)   :  0.005 0.005 0.076 0.046 0.869 
357  ZFLTI02    (0)   :  0.004 0.004 0.022 0.041 0.929 
358  ZFLTI03    (0)   :  0.004 0.004 0.023 0.009 0.960 
359  ZFLTI04    (0)   :  0.005 0.005 0.013 0.010 0.967 
360  ZFLTI05    (0)   :  0.003 0.004 0.011 0.006 0.975 
361  ZFLTI06    (0)   :  0.004 0.004 0.197 0.007 0.788 
362  ZFLTI07    (0)   :  0.004 0.005 0.025 0.008 0.958 
363  ZFLTI08    (0)   :  0.004 0.005 0.011 0.006 0.974 
364  ZFLTI09    (0)   :  0.004 0.007 0.034 0.007 0.949 
365  ZFLTI10    (0)   :  0.004 0.006 0.057 0.015 0.918 
366  ZFLTI11    (0)   :  0.003 0.004 0.167 0.006 0.819 
367  ZFLTI12    (0)   :  0.004 0.004 0.121 0.016 0.854 
368  ZFLTI13    (0)   :  0.004 0.003 0.011 0.014 0.967 
369  ZFLTI14    (0)   :  0.004 0.005 0.013 0.031 0.947 
370 ZFONF101    (0)   :  0.003 0.003 0.985 0.002 0.006 
371 ZFONF102    (0)   :  0.006 0.004 0.981 0.003 0.005 
372 ZFONF103    (0)   :  0.006 0.005 0.732 0.016 0.241 
373 ZFONF104    (0)   :  0.002 0.002 0.986 0.004 0.005 
374 ZFONF105    (0)   :  0.004 0.003 0.975 0.005 0.013 
375 ZFONF106    (0)   :  0.003 0.004 0.982 0.005 0.006 
376 ZFONF107    (0)   :  0.061 0.034 0.800 0.026 0.077 
377 ZFONF108    (0)   :  0.014 0.008 0.867 0.029 0.082 
378 ZFONF109    (9)   :  0.007 0.006 0.951 0.020 0.016 
379 ZFONF110    (0)   :  0.003 0.003 0.983 0.005 0.007 
380 ZFONF111    (0)   :  0.022 0.014 0.934 0.009 0.020 
381 ZFONF112    (0)   :  0.003 0.003 0.979 0.005 0.010 
382 ZFONF113    (9)   :  0.006 0.004 0.968 0.007 0.016 
383 ZFONF115    (0)   :  0.005 0.006 0.966 0.007 0.017 
384 ZFONF116    (0)   :  0.005 0.005 0.971 0.007 0.013 
385 ZFONF117    (0)   :  0.005 0.004 0.558 0.009 0.424 
386 ZFONF118    (0)   :  0.004 0.007 0.958 0.009 0.023 
387 ZFONF119    (0)   :  0.005 0.003 0.974 0.010 0.007 
388 ZFONF120    (0)   :  0.005 0.003 0.966 0.019 0.007 
389 ZFONF121    (0)   :  0.004 0.004 0.980 0.004 0.008 
390 ZFONF122    (0)   :  0.007 0.008 0.668 0.030 0.287 
391 ZFONF123    (0)   :  0.020 0.007 0.961 0.006 0.005 
392 ZFONF124    (0)   :  0.006 0.003 0.969 0.010 0.011 
393 ZFONF125    (0)   :  0.045 0.008 0.906 0.028 0.013 
394 ZFONF126    (0)   :  0.005 0.006 0.949 0.017 0.023 
395 ZFONF201    (0)   :  0.045 0.076 0.787 0.086 0.007 
396 ZFONF202    (0)   :  0.003 0.003 0.980 0.009 0.006 
397 ZFONF203    (0)   :  0.008 0.004 0.976 0.007 0.005 
398 ZFONF204    (0)   :  0.048 0.015 0.790 0.132 0.015 
399 ZFONF206    (0)   :  0.203 0.024 0.753 0.014 0.006 
400 ZFONF207    (0)   :  0.009 0.004 0.972 0.008 0.007 
401 ZFONF208    (0)   :  0.007 0.005 0.962 0.015 0.012 
402 ZFONF209    (0)   :  0.016 0.014 0.800 0.155 0.015 
403 ZFONF210    (0)   :  0.003 0.003 0.972 0.009 0.013 
404 ZFONF211    (0)   :  0.006 0.003 0.965 0.012 0.014 
405 ZFONF212    (0)   :  0.003 0.003 0.983 0.003 0.008 
406 ZFONF214    (0)   :  0.005 0.003 0.976 0.011 0.006 
407 ZFONF215    (0)   :  0.003 0.002 0.984 0.005 0.006 
408 ZFONF216    (0)   :  0.004 0.002 0.976 0.006 0.012 
409 ZFONF217    (0)   :  0.003 0.003 0.979 0.007 0.008 
410 ZFONF218    (0)   :  0.020 0.005 0.961 0.004 0.009 
411 ZFONF219    (0)   :  0.003 0.002 0.987 0.003 0.004 
412 ZFONF220    (0)   :  0.004 0.003 0.980 0.008 0.005 
413 ZFONF222    (0)   :  0.015 0.004 0.963 0.007 0.011 
414 ZFONF223    (0)   :  0.013 0.005 0.973 0.004 0.004 
415 ZFONF224    (0)   :  0.005 0.003 0.981 0.005 0.007 
416 ZFONF225    (0)   :  0.003 0.002 0.984 0.005 0.006 
417 ZFONF226    (0)   :  0.004 0.003 0.978 0.007 0.008 
418 ZFONF227    (0)   :  0.003 0.002 0.983 0.004 0.008 
419 ZFONF228    (0)   :  0.003 0.003 0.979 0.004 0.012 
420 ZFONF230    (0)   :  0.003 0.002 0.983 0.005 0.007 
421 ZFONF231    (0)   :  0.004 0.002 0.968 0.015 0.010 
422 ZFONF232    (0)   :  0.004 0.002 0.985 0.003 0.005 
423 ZFONF233    (0)   :  0.004 0.002 0.974 0.011 0.008 
424 ZFONF234    (0)   :  0.019 0.003 0.957 0.006 0.015 
425 ZFONF235    (0)   :  0.004 0.002 0.978 0.007 0.008 
426 ZFONF236    (0)   :  0.030 0.021 0.883 0.037 0.028 
427 ZFONF238    (0)   :  0.006 0.003 0.979 0.006 0.007 
428 ZFONF239    (0)   :  0.025 0.019 0.899 0.051 0.007 
429 ZFONF240    (0)   :  0.003 0.002 0.970 0.013 0.013 
430 ZFONF241    (0)   :  0.007 0.004 0.976 0.005 0.007 
431 ZFONF242    (0)   :  0.004 0.003 0.977 0.010 0.006 
432 ZFONF243    (0)   :  0.004 0.003 0.963 0.008 0.023 
433 ZFONF244    (0)   :  0.003 0.002 0.982 0.007 0.006 
434 ZFONF245    (0)   :  0.004 0.002 0.958 0.008 0.028 
435   ZFOS01    (0)   :  0.005 0.004 0.019 0.953 0.020 
436   ZFOS02    (0)   :  0.010 0.021 0.028 0.916 0.025 
437   ZFOS03    (0)   :  0.019 0.011 0.009 0.955 0.007 
438   ZFOS04    (0)   :  0.008 0.013 0.054 0.862 0.064 
439   ZFOS05    (0)   :  0.006 0.007 0.029 0.933 0.025 
440   ZFOS06    (0)   :  0.008 0.005 0.016 0.947 0.024 
441   ZFOS07    (0)   :  0.004 0.013 0.006 0.972 0.006 
442   ZFOS08    (0)   :  0.004 0.016 0.013 0.952 0.015 
443   ZFOS09    (0)   :  0.024 0.019 0.062 0.860 0.035 
444   ZFOS10    (0)   :  0.013 0.024 0.003 0.954 0.006 
445   ZFOS11    (0)   :  0.066 0.021 0.013 0.744 0.156 
446   ZFOS12    (0)   :  0.252 0.057 0.015 0.632 0.044 
447   ZFOS13    (0)   :  0.007 0.014 0.010 0.955 0.015 
448   ZFOS14    (0)   :  0.035 0.115 0.009 0.745 0.096 
449   ZFOS15    (0)   :  0.004 0.005 0.003 0.982 0.005 
450   ZFOS16    (0)   :  0.009 0.015 0.033 0.904 0.038 
451   ZFOS17    (0)   :  0.007 0.007 0.004 0.976 0.006 
452   ZFOS18    (0)   :  0.010 0.007 0.005 0.970 0.009 
453   ZFOS19    (0)   :  0.005 0.004 0.004 0.982 0.005 
454   ZFOS20    (0)   :  0.006 0.007 0.007 0.974 0.006 
455   ZFOS21    (0)   :  0.005 0.006 0.013 0.958 0.017 
456   ZFOS22    (0)   :  0.007 0.003 0.006 0.973 0.010 
457   ZFOS23    (0)   :  0.032 0.181 0.002 0.780 0.005 
458   ZFOS24    (0)   :  0.005 0.004 0.003 0.981 0.008 
459   ZFOS25    (0)   :  0.015 0.019 0.037 0.422 0.507 
460   ZFOS26    (0)   :  0.012 0.015 0.074 0.541 0.358 
461   ZFOS27    (0)   :  0.006 0.006 0.020 0.949 0.019 
462   ZFOS28    (0)   :  0.010 0.015 0.007 0.953 0.014 
463   ZFOS29    (0)   :  0.007 0.010 0.010 0.963 0.011 
464   ZFOS30    (0)   :  0.004 0.006 0.008 0.975 0.006 
465   ZFOS31    (0)   :  0.019 0.040 0.028 0.898 0.014 
466   ZFOS32    (0)   :  0.007 0.010 0.018 0.944 0.020 
467   ZFPB01    (0)   :  0.980 0.009 0.003 0.006 0.003 
468   ZFPB02    (0)   :  0.982 0.004 0.006 0.004 0.004 
469   ZFPB03    (0)   :  0.964 0.007 0.007 0.012 0.010 
470   ZFPB05    (0)   :  0.985 0.004 0.004 0.004 0.004 
471   ZFPB06    (0)   :  0.974 0.009 0.003 0.011 0.003 
472   ZFPB07    (0)   :  0.980 0.004 0.008 0.004 0.004 
473   ZFPB08    (0)   :  0.975 0.006 0.007 0.007 0.005 
474   ZFPB10    (0)   :  0.984 0.005 0.003 0.004 0.004 
475   ZFPB11    (0)   :  0.985 0.004 0.003 0.005 0.003 
476   ZFPB12    (0)   :  0.985 0.004 0.003 0.005 0.003 
477   ZFPB13    (0)   :  0.977 0.006 0.007 0.005 0.005 
478   ZFPB14    (0)   :  0.978 0.005 0.008 0.005 0.004 
479   ZFPB15    (0)   :  0.973 0.005 0.010 0.007 0.005 
480   ZFPB17    (0)   :  0.984 0.005 0.003 0.005 0.003 
481   ZFPB18    (0)   :  0.984 0.004 0.004 0.005 0.003 
482   ZFPB19    (0)   :  0.966 0.014 0.006 0.010 0.005 
483   ZFPB20    (0)   :  0.985 0.004 0.004 0.004 0.003 
484   ZFPB21    (0)   :  0.975 0.005 0.009 0.006 0.005 
485   ZFPB22    (0)   :  0.986 0.005 0.003 0.004 0.003 
486   ZFPB23    (0)   :  0.981 0.006 0.005 0.005 0.004 
487   ZFSF01    (0)   :  0.086 0.900 0.003 0.005 0.005 
488   ZFSF02    (0)   :  0.402 0.515 0.027 0.027 0.029 
489   ZFSF03    (0)   :  0.089 0.897 0.004 0.005 0.004 
490   ZFSF04    (0)   :  0.008 0.971 0.007 0.011 0.005 
491  ZFSW101    (0)   :  0.006 0.922 0.052 0.007 0.013 
492  ZFSW102    (0)   :  0.006 0.967 0.009 0.013 0.004 
493  ZFSW103    (0)   :  0.006 0.937 0.021 0.006 0.030 
494  ZFSW104    (9)   :  0.016 0.902 0.027 0.043 0.011 
495  ZFSW105    (0)   :  0.005 0.943 0.038 0.007 0.006 
496  ZFSW106    (0)   :  0.042 0.903 0.036 0.006 0.014 
497  ZFSW107    (0)   :  0.005 0.977 0.007 0.006 0.004 
498  ZFSW108    (0)   :  0.007 0.981 0.003 0.005 0.003 
499  ZFSW109    (0)   :  0.004 0.975 0.008 0.008 0.006 
500  ZFSW110    (0)   :  0.008 0.943 0.028 0.007 0.014 
501  ZFSW111    (0)   :  0.008 0.843 0.111 0.027 0.010 
502  ZFSW112    (0)   :  0.007 0.872 0.021 0.092 0.008 
503  ZFSW113    (0)   :  0.014 0.926 0.031 0.013 0.016 
504  ZFSW114    (0)   :  0.006 0.971 0.009 0.009 0.004 
505  ZFSW115    (0)   :  0.024 0.951 0.012 0.008 0.005 
506  ZFSW116    (0)   :  0.012 0.941 0.029 0.009 0.009 
507  ZFSW117    (0)   :  0.011 0.917 0.047 0.009 0.016 
508  ZFSW119    (0)   :  0.008 0.971 0.004 0.015 0.003 
509  ZFSW120    (0)   :  0.011 0.979 0.002 0.005 0.002 
510  ZFSW121    (0)   :  0.030 0.886 0.040 0.036 0.008 
511  ZFSW122    (0)   :  0.006 0.971 0.009 0.007 0.008 
512  ZFSW123    (0)   :  0.004 0.984 0.004 0.005 0.003 
513  ZFSW124    (0)   :  0.006 0.977 0.004 0.010 0.003 
514  ZFSW201    (0)   :  0.008 0.978 0.004 0.006 0.004 
515  ZFSW202    (0)   :  0.006 0.980 0.004 0.007 0.004 
516  ZFSW203    (0)   :  0.007 0.978 0.003 0.009 0.003 
517  ZFSW204    (0)   :  0.007 0.973 0.004 0.011 0.005 
518  ZFSW205    (0)   :  0.006 0.978 0.004 0.005 0.007 
519  ZFSW206    (0)   :  0.012 0.973 0.004 0.005 0.006 
520  ZFSW207    (0)   :  0.005 0.975 0.007 0.005 0.008 
521  ZFSW208    (0)   :  0.009 0.976 0.005 0.005 0.005 
522  ZFSW209    (0)   :  0.037 0.947 0.005 0.005 0.005 
523  ZFSW210    (0)   :  0.007 0.947 0.017 0.007 0.023 
524  ZFSW211    (0)   :  0.022 0.950 0.006 0.007 0.014 
525  ZFSW212    (0)   :  0.007 0.973 0.005 0.008 0.008 
526  ZFSW213    (0)   :  0.005 0.978 0.005 0.008 0.004 
527  ZFSW214    (0)   :  0.006 0.971 0.006 0.012 0.005 
528  ZFSW215    (0)   :  0.005 0.980 0.004 0.008 0.003 
529  ZFSW216    (0)   :  0.008 0.969 0.006 0.007 0.011 
530  ZFSW217    (0)   :  0.005 0.977 0.004 0.009 0.004 
531  ZFSW218    (0)   :  0.005 0.976 0.005 0.008 0.006 
532  ZFSW219    (0)   :  0.021 0.947 0.007 0.016 0.009 
533  ZFSW220    (0)   :  0.013 0.970 0.005 0.007 0.005 
534  ZFSW221    (0)   :  0.012 0.968 0.006 0.007 0.008 
535  ZFSW222    (0)   :  0.006 0.984 0.003 0.004 0.003 
536  ZFSW223    (0)   :  0.012 0.973 0.004 0.007 0.003 
537  ZFSW224    (0)   :  0.011 0.967 0.006 0.009 0.007 
538  ZFSW225    (0)   :  0.007 0.974 0.004 0.006 0.008 
539  ZFSW226    (0)   :  0.005 0.979 0.005 0.006 0.004 
540  ZFSW227    (0)   :  0.006 0.980 0.004 0.006 0.005 
541  ZFSW229    (0)   :  0.009 0.976 0.004 0.005 0.006 
542  ZFSW230    (0)   :  0.005 0.968 0.012 0.008 0.007 
543  ZFSW231    (0)   :  0.011 0.973 0.004 0.006 0.006 
544  ZFSW232    (0)   :  0.007 0.980 0.004 0.004 0.004 
545  ZFSW233    (0)   :  0.011 0.972 0.006 0.006 0.005 
546  ZFSW234    (0)   :  0.004 0.983 0.004 0.005 0.004 
547  ZFSW235    (0)   :  0.010 0.968 0.005 0.010 0.006 
548  ZFSW236    (0)   :  0.004 0.980 0.004 0.008 0.004 
549  ZFSW237    (0)   :  0.008 0.969 0.005 0.014 0.005 
550  ZFSW238    (0)   :  0.076 0.771 0.032 0.109 0.012 
551  ZFSW239    (0)   :  0.005 0.978 0.007 0.005 0.005 
552  ZFSW240    (0)   :  0.007 0.982 0.003 0.005 0.004 
553   ZFTS01    (0)   :  0.015 0.974 0.005 0.004 0.003 
554   ZFTS02    (0)   :  0.008 0.974 0.008 0.006 0.004 
555   ZFTS03    (0)   :  0.006 0.979 0.005 0.006 0.004 
556   ZFTS04    (0)   :  0.016 0.970 0.004 0.006 0.003 
557   ZFTS05    (0)   :  0.195 0.778 0.005 0.017 0.004 
558   ZFTS07    (0)   :  0.066 0.922 0.004 0.005 0.004 
559   ZFTS08    (0)   :  0.010 0.979 0.003 0.005 0.003 
560   ZFTS09    (0)   :  0.021 0.970 0.002 0.004 0.003 
561   ZFTS10    (0)   :  0.008 0.980 0.004 0.005 0.003 
562   ZFTS11    (0)   :  0.013 0.975 0.003 0.005 0.003 
563   ZFTS12    (0)   :  0.020 0.961 0.004 0.011 0.004 
564   ZFTS14    (0)   :  0.037 0.948 0.005 0.005 0.004 
565   ZFTS15    (0)   :  0.058 0.926 0.006 0.004 0.005 
566   ZFTS16    (0)   :  0.008 0.975 0.006 0.007 0.005 
567   ZFTS17    (9)   :  0.027 0.956 0.004 0.008 0.005 
568   ZFTS18    (0)   :  0.006 0.983 0.003 0.006 0.003 
569   ZFTS19    (9)   :  0.007 0.982 0.003 0.006 0.003 
570   ZFTS20    (0)   :  0.013 0.972 0.003 0.007 0.003 
571   ZFTS21    (0)   :  0.023 0.966 0.004 0.005 0.003 
572   ZFTS22    (0)   :  0.019 0.970 0.003 0.005 0.003 
573   ZFTS23    (0)   :  0.019 0.962 0.006 0.009 0.004 
574   ZFTS24    (0)   :  0.007 0.978 0.003 0.008 0.003 
575   ZFTS25    (0)   :  0.024 0.961 0.006 0.003 0.006 
576   ZFTS26    (0)   :  0.005 0.986 0.003 0.004 0.003 
577   ZFTS27    (0)   :  0.048 0.933 0.006 0.009 0.004 
578   ZFTS28    (0)   :  0.248 0.706 0.014 0.025 0.008 
579   ZFTS29    (0)   :  0.032 0.956 0.002 0.007 0.003 
580   ZFTS30    (0)   :  0.054 0.933 0.003 0.006 0.003 
581   ZFTS31    (0)   :  0.028 0.947 0.005 0.017 0.004 
582   ZFTS32    (0)   :  0.023 0.962 0.004 0.007 0.004 
583   ZFTS33    (0)   :  0.028 0.952 0.007 0.007 0.005 
584   ZFTS34    (0)   :  0.009 0.978 0.006 0.004 0.004 
585   ZFTS35    (0)   :  0.005 0.981 0.004 0.005 0.004 
586   ZFTS36    (0)   :  0.018 0.968 0.005 0.006 0.004 
587   ZFTS37    (0)   :  0.009 0.974 0.005 0.008 0.004 
588   ZFTS38    (0)   :  0.019 0.965 0.004 0.008 0.004 
589   ZFTS39    (0)   :  0.014 0.974 0.004 0.004 0.004 
590   ZFTS40    (0)   :  0.045 0.920 0.016 0.011 0.008 
591 ZFTSP101    (0)   :  0.004 0.004 0.068 0.009 0.915 
592 ZFTSP102    (0)   :  0.004 0.005 0.006 0.007 0.978 
593 ZFTSP103    (0)   :  0.004 0.003 0.006 0.011 0.976 
594 ZFTSP104    (0)   :  0.004 0.003 0.028 0.004 0.962 
595 ZFTSP105    (0)   :  0.004 0.003 0.007 0.006 0.980 
596 ZFTSP106    (0)   :  0.009 0.005 0.939 0.006 0.041 
597 ZFTSP107    (0)   :  0.006 0.003 0.012 0.008 0.971 
598 ZFTSP108    (0)   :  0.010 0.003 0.689 0.012 0.285 
599 ZFTSP109    (0)   :  0.011 0.004 0.281 0.012 0.692 
600 ZFTSP110    (0)   :  0.008 0.004 0.152 0.009 0.827 
601 ZFTSP111    (0)   :  0.003 0.003 0.018 0.005 0.971 
602 ZFTSP112    (0)   :  0.008 0.005 0.018 0.014 0.955 
603 ZFTSP113    (0)   :  0.008 0.004 0.038 0.008 0.943 
604 ZFTSP114    (0)   :  0.004 0.003 0.009 0.005 0.979 
605 ZFTSP115    (0)   :  0.009 0.005 0.093 0.024 0.869 
606 ZFTSP116    (0)   :  0.004 0.003 0.016 0.007 0.969 
607 ZFTSP117    (0)   :  0.003 0.003 0.012 0.003 0.978 
608 ZFTSP118    (0)   :  0.004 0.004 0.007 0.005 0.980 
609 ZFTSP119    (0)   :  0.058 0.036 0.628 0.005 0.274 
610 ZFTSP120    (0)   :  0.003 0.004 0.017 0.004 0.971 
611 ZFTSP121    (0)   :  0.038 0.019 0.008 0.004 0.932 
612 ZFTSP122    (0)   :  0.004 0.003 0.024 0.008 0.961 
613 ZFTSP123    (0)   :  0.005 0.003 0.071 0.005 0.916 
614 ZFTSP124    (0)   :  0.006 0.003 0.221 0.016 0.754 
615 ZFTSP125    (0)   :  0.005 0.002 0.191 0.005 0.796 
616 ZFTSP126    (0)   :  0.007 0.003 0.088 0.007 0.895 
617 ZFTSP127    (0)   :  0.006 0.003 0.066 0.007 0.918 
618 ZFTSP128    (0)   :  0.005 0.003 0.016 0.006 0.970 
619 ZFTSP129    (0)   :  0.004 0.003 0.146 0.024 0.823 
620 ZFTSP130    (0)   :  0.004 0.002 0.012 0.004 0.977 
621 ZFTSP131    (0)   :  0.003 0.003 0.031 0.005 0.958 
622 ZFTSP132    (0)   :  0.004 0.004 0.023 0.006 0.963 
623 ZFTSP133    (0)   :  0.004 0.003 0.407 0.022 0.565 
624 ZFTSP134    (0)   :  0.004 0.002 0.031 0.007 0.955 
625 ZFTSP135    (0)   :  0.004 0.003 0.017 0.005 0.971 
626 ZFTSP136    (0)   :  0.003 0.004 0.025 0.004 0.964 
627 ZFTSP137    (0)   :  0.050 0.017 0.059 0.007 0.867 
628 ZFTSP138    (0)   :  0.006 0.004 0.060 0.008 0.922 
629 ZFTSP139    (0)   :  0.004 0.003 0.215 0.004 0.775 
630 ZFTSP140    (0)   :  0.021 0.006 0.049 0.023 0.901 
631 ZFTSP141    (0)   :  0.009 0.007 0.031 0.017 0.936 
632 ZFTSP142    (0)   :  0.004 0.004 0.006 0.005 0.981 
633 ZFTSP143    (0)   :  0.004 0.004 0.042 0.009 0.942 
634 ZFTSP144    (0)   :  0.004 0.006 0.014 0.007 0.969 
635 ZFTSP145    (0)   :  0.003 0.003 0.006 0.006 0.982 
636 ZFTSP201    (9)   :  0.008 0.004 0.935 0.018 0.035 
637 ZFTSP202    (0)   :  0.028 0.005 0.368 0.097 0.502 
638 ZFTSP203    (0)   :  0.005 0.005 0.642 0.007 0.341 
639 ZFTSP204    (0)   :  0.004 0.005 0.118 0.011 0.862 
640 ZFTSP205    (0)   :  0.012 0.014 0.397 0.082 0.494 
641 ZFTSP206    (0)   :  0.005 0.007 0.950 0.017 0.021 
642 ZFTSP207    (0)   :  0.005 0.007 0.959 0.006 0.023 
643 ZFTSP208    (0)   :  0.007 0.011 0.884 0.007 0.091 
644 ZFTSP209    (0)   :  0.004 0.005 0.167 0.017 0.807 
645 ZFTSP210    (0)   :  0.005 0.004 0.743 0.005 0.243 
646 ZFTSP211    (0)   :  0.015 0.007 0.044 0.019 0.915 
647 ZFTSP212    (0)   :  0.003 0.005 0.483 0.014 0.494 
648 ZFTSP213    (0)   :  0.009 0.003 0.058 0.003 0.927 
649 ZFTSP214    (0)   :  0.004 0.003 0.008 0.008 0.977 
650 ZFTSP215    (0)   :  0.005 0.004 0.156 0.008 0.827 
651 ZFTSP216    (0)   :  0.095 0.019 0.032 0.016 0.839 
652 ZFTSP217    (0)   :  0.009 0.003 0.238 0.004 0.746 
653 ZFTSP218    (0)   :  0.008 0.005 0.344 0.006 0.637 
654 ZFTSP219    (0)   :  0.011 0.009 0.198 0.030 0.751 
655 ZFTSP220    (0)   :  0.059 0.014 0.295 0.018 0.614 
656 ZFTSP221    (0)   :  0.010 0.006 0.826 0.014 0.145 
657 ZFTSP222    (0)   :  0.240 0.008 0.564 0.011 0.177 
658 ZFTSP223    (0)   :  0.004 0.002 0.010 0.003 0.980 
659 ZFTSP224    (0)   :  0.003 0.002 0.006 0.005 0.984 
660 ZFTSP225    (0)   :  0.005 0.004 0.072 0.004 0.916 
661 ZFTSP226    (0)   :  0.004 0.003 0.007 0.005 0.981 
662 ZFTSP227    (0)   :  0.019 0.005 0.937 0.015 0.025 
663 ZFTSP228    (0)   :  0.021 0.007 0.033 0.034 0.905 
664    ZFW01    (0)   :  0.005 0.980 0.005 0.004 0.006 
665    ZFW02    (0)   :  0.006 0.979 0.006 0.006 0.003 
666    ZFW03    (0)   :  0.005 0.982 0.005 0.003 0.005 
667    ZFW04    (0)   :  0.005 0.983 0.003 0.006 0.003 
668    ZFW05    (0)   :  0.108 0.815 0.012 0.026 0.040 
669    ZFW06    (0)   :  0.017 0.969 0.004 0.006 0.004 
670   ZFWB01    (0)   :  0.801 0.050 0.076 0.031 0.043 
671   ZFWB02    (0)   :  0.683 0.257 0.014 0.013 0.032 
672   ZFWB03    (0)   :  0.906 0.021 0.019 0.025 0.029 
673   ZFWB05    (0)   :  0.728 0.133 0.095 0.010 0.033 
674   ZFWB06    (0)   :  0.639 0.193 0.063 0.018 0.086 
675   ZFWB07    (0)   :  0.943 0.009 0.020 0.016 0.012 
676   ZFWB10    (0)   :  0.586 0.200 0.144 0.010 0.060 
