

----------------------------------------------------
STRUCTURE by Pritchard, Stephens and Donnelly (2000)
     and Falush, Stephens and Pritchard (2003)
       Code by Pritchard, Falush and Hubisz
             Version 2.3.4 (Jul 2012)
----------------------------------------------------



Command line arguments:   bin\structure -m C:\Users\eschumacher\Documents\GitHub\GCC_QUAC_ZAIN\Data_Files\Structure_Files\ZAIN\ZAIN_wild_rebinned_nopopinfo\50-50\mainparams -e C:\Users\eschumacher\Documents\GitHub\GCC_QUAC_ZAIN\Data_Files\Structure_Files\ZAIN\ZAIN_wild_rebinned_nopopinfo\50-50\extraparams 
Input File:    C:\Users\eschumacher\Documents\GitHub\GCC_QUAC_ZAIN\Data_Files\Structure_Files\ZAIN\ZAIN_wild_rebinned_nopopinfo\project_data

Run parameters:
   751 individuals
   11 loci
   9 populations assumed
   50000 Burn-in period
   50000 Reps


--------------------------------------------
Overall proportion of membership of the
sample in each of the 9 clusters

Inferred Clusters
  1      2      3      4      5      6      7      8      9    
0.183  0.109  0.077  0.100  0.067  0.143  0.034  0.093  0.195  

--------------------------------------------

Allele-freq. divergence among pops (Net nucleotide distance),
computed using point estimates of P.

      1       2       3       4       5       6       7       8       9      
 1      -    0.0907  0.1571  0.1626  0.3342  0.2246  0.2385  0.1683  0.2232  
 2   0.0907     -    0.0933  0.1030  0.2603  0.1456  0.1552  0.1361  0.1823  
 3   0.1571  0.0933     -    0.2205  0.1666  0.1428  0.1776  0.1603  0.1492  
 4   0.1626  0.1030  0.2205     -    0.3456  0.2884  0.2231  0.2495  0.2789  
 5   0.3342  0.2603  0.1666  0.3456     -    0.1740  0.2782  0.1965  0.1079  
 6   0.2246  0.1456  0.1428  0.2884  0.1740     -    0.1858  0.1471  0.1088  
 7   0.2385  0.1552  0.1776  0.2231  0.2782  0.1858     -    0.1914  0.2019  
 8   0.1683  0.1361  0.1603  0.2495  0.1965  0.1471  0.1914     -    0.1961  
 9   0.2232  0.1823  0.1492  0.2789  0.1079  0.1088  0.2019  0.1961     -    

Average distances (expected heterozygosity) between individuals in same cluster:
cluster  1  : 0.4683 
cluster  2  : 0.5540 
cluster  3  : 0.4655 
cluster  4  : 0.4255 
cluster  5  : 0.3685 
cluster  6  : 0.3949 
cluster  7  : 0.2426 
cluster  8  : 0.4070 
cluster  9  : 0.4099 

--------------------------------------------
Estimated Ln Prob of Data   = -13922.8
Mean value of ln likelihood = -13550.2
Variance of ln likelihood   = 745.3
Mean value of alpha         = 0.0322

Mean value of Fst_1         = 0.3553
Mean value of Fst_2         = 0.1191
Mean value of Fst_3         = 0.2906
Mean value of Fst_4         = 0.4175
Mean value of Fst_5         = 0.4400
Mean value of Fst_6         = 0.4868
Mean value of Fst_7         = 0.6406
Mean value of Fst_8         = 0.4047
Mean value of Fst_9         = 0.3685


Inferred ancestry of individuals:
        Label (%Miss) :  Inferred clusters
  1    ZFB01    (0)   :  0.967 0.004 0.003 0.007 0.003 0.003 0.002 0.004 0.005 
  2    ZFB02    (0)   :  0.911 0.008 0.006 0.052 0.003 0.002 0.006 0.009 0.004 
  3    ZFB03    (0)   :  0.960 0.007 0.005 0.005 0.002 0.007 0.005 0.004 0.005 
  4    ZFB04    (0)   :  0.907 0.007 0.004 0.059 0.003 0.003 0.008 0.005 0.005 
  5    ZFB05    (0)   :  0.678 0.061 0.033 0.162 0.010 0.007 0.039 0.007 0.003 
  6    ZFB06    (0)   :  0.783 0.059 0.028 0.087 0.011 0.008 0.017 0.006 0.003 
  7    ZFB07    (9)   :  0.948 0.011 0.005 0.008 0.004 0.005 0.006 0.004 0.008 
  8    ZFB08    (0)   :  0.942 0.005 0.017 0.005 0.006 0.006 0.008 0.005 0.007 
  9    ZFB09    (0)   :  0.972 0.004 0.005 0.005 0.003 0.003 0.003 0.003 0.003 
 10    ZFB10    (0)   :  0.936 0.004 0.005 0.010 0.007 0.004 0.007 0.006 0.021 
 11    ZFB11    (0)   :  0.939 0.005 0.003 0.024 0.003 0.003 0.008 0.007 0.009 
 12    ZFB12    (0)   :  0.894 0.015 0.030 0.033 0.003 0.008 0.003 0.005 0.009 
 13    ZFB13    (0)   :  0.939 0.007 0.012 0.006 0.006 0.005 0.010 0.004 0.009 
 14    ZFB14    (0)   :  0.967 0.004 0.004 0.004 0.003 0.003 0.005 0.005 0.005 
 15    ZFB15    (0)   :  0.965 0.004 0.004 0.013 0.002 0.003 0.003 0.003 0.003 
 16    ZFB16    (0)   :  0.943 0.005 0.010 0.013 0.004 0.004 0.012 0.003 0.007 
 17    ZFB17    (0)   :  0.846 0.011 0.034 0.029 0.010 0.006 0.040 0.015 0.010 
 18    ZFB18    (0)   :  0.973 0.004 0.004 0.004 0.003 0.002 0.003 0.004 0.004 
 19    ZFB19    (0)   :  0.897 0.012 0.019 0.008 0.008 0.010 0.007 0.004 0.036 
 20    ZFB20    (0)   :  0.915 0.007 0.009 0.037 0.004 0.004 0.016 0.003 0.006 
 21    ZFB21    (0)   :  0.965 0.007 0.004 0.009 0.002 0.003 0.004 0.003 0.003 
 22    ZFB22    (0)   :  0.864 0.011 0.013 0.071 0.010 0.007 0.006 0.008 0.011 
 23    ZFB23    (0)   :  0.922 0.007 0.004 0.037 0.003 0.004 0.010 0.005 0.008 
 24    ZFB24    (0)   :  0.916 0.005 0.004 0.046 0.003 0.004 0.011 0.005 0.007 
 25    ZFB25    (0)   :  0.945 0.004 0.003 0.006 0.005 0.005 0.003 0.004 0.024 
 26    ZFB26    (0)   :  0.847 0.009 0.003 0.085 0.004 0.005 0.020 0.005 0.022 
 27    ZFB27    (0)   :  0.870 0.006 0.003 0.099 0.003 0.003 0.005 0.004 0.008 
 28    ZFB28    (0)   :  0.786 0.048 0.014 0.112 0.003 0.006 0.014 0.009 0.008 
 29    ZFB29    (0)   :  0.935 0.006 0.004 0.024 0.003 0.002 0.016 0.006 0.004 
 30    ZFB30    (0)   :  0.676 0.067 0.013 0.208 0.012 0.009 0.005 0.004 0.005 
 31    ZFB31    (0)   :  0.955 0.005 0.004 0.006 0.004 0.005 0.003 0.004 0.014 
 32    ZFB32    (0)   :  0.782 0.035 0.034 0.070 0.005 0.011 0.027 0.022 0.016 
 33    ZFB33    (0)   :  0.965 0.005 0.003 0.012 0.002 0.003 0.003 0.003 0.004 
 34    ZFB34    (0)   :  0.971 0.004 0.004 0.004 0.003 0.003 0.003 0.005 0.004 
 35    ZFB35    (0)   :  0.957 0.005 0.004 0.009 0.003 0.004 0.006 0.004 0.007 
 36  ZFBP101    (0)   :  0.009 0.009 0.015 0.006 0.046 0.100 0.123 0.070 0.622 
 37  ZFBP102    (0)   :  0.012 0.012 0.009 0.011 0.013 0.024 0.040 0.011 0.866 
 38  ZFBP103    (0)   :  0.007 0.008 0.010 0.007 0.014 0.392 0.048 0.170 0.343 
 39  ZFBP104    (0)   :  0.029 0.021 0.044 0.009 0.007 0.075 0.005 0.004 0.805 
 40  ZFBP105    (0)   :  0.006 0.005 0.007 0.004 0.005 0.031 0.006 0.005 0.930 
 41  ZFBP106    (0)   :  0.003 0.004 0.005 0.003 0.010 0.056 0.011 0.006 0.902 
 42  ZFBP107    (0)   :  0.006 0.011 0.007 0.013 0.005 0.076 0.032 0.006 0.844 
 43  ZFBP108    (0)   :  0.003 0.003 0.003 0.003 0.004 0.007 0.004 0.003 0.970 
 44  ZFBP109    (0)   :  0.004 0.005 0.005 0.002 0.005 0.007 0.004 0.004 0.965 
 45  ZFBP110    (0)   :  0.041 0.036 0.016 0.007 0.006 0.173 0.044 0.027 0.649 
 46  ZFBP111    (0)   :  0.003 0.006 0.016 0.004 0.229 0.066 0.005 0.005 0.667 
 47  ZFBP112    (0)   :  0.003 0.004 0.007 0.006 0.040 0.012 0.014 0.010 0.904 
 48  ZFBP113    (0)   :  0.003 0.004 0.005 0.003 0.004 0.005 0.004 0.003 0.969 
 49  ZFBP114    (0)   :  0.003 0.006 0.003 0.007 0.006 0.012 0.018 0.005 0.940 
 50  ZFBP115    (0)   :  0.003 0.005 0.009 0.003 0.016 0.462 0.013 0.012 0.475 
 51  ZFBP116    (0)   :  0.003 0.005 0.007 0.004 0.005 0.010 0.005 0.004 0.958 
 52  ZFBP117    (0)   :  0.003 0.004 0.004 0.002 0.006 0.009 0.004 0.008 0.960 
 53  ZFBP118    (0)   :  0.003 0.006 0.003 0.007 0.007 0.011 0.017 0.004 0.941 
 54  ZFBP119    (0)   :  0.004 0.006 0.015 0.003 0.023 0.142 0.019 0.031 0.756 
 55  ZFBP120    (0)   :  0.006 0.007 0.007 0.004 0.005 0.030 0.006 0.004 0.932 
 56  ZFBP121    (0)   :  0.006 0.004 0.005 0.003 0.005 0.009 0.008 0.009 0.953 
 57  ZFBP122    (9)   :  0.003 0.004 0.006 0.003 0.009 0.011 0.006 0.004 0.954 
 58  ZFBP123    (0)   :  0.003 0.005 0.008 0.006 0.015 0.007 0.047 0.008 0.901 
 59  ZFBP124    (0)   :  0.005 0.003 0.004 0.004 0.005 0.006 0.008 0.004 0.960 
 60  ZFBP125    (0)   :  0.002 0.003 0.004 0.002 0.015 0.010 0.005 0.006 0.951 
 61  ZFBP126    (0)   :  0.010 0.015 0.018 0.010 0.006 0.006 0.024 0.021 0.892 
 62  ZFBP127    (0)   :  0.003 0.004 0.003 0.003 0.004 0.065 0.006 0.015 0.896 
 63  ZFBP128    (0)   :  0.004 0.003 0.004 0.002 0.026 0.016 0.006 0.014 0.926 
 64  ZFBP129    (0)   :  0.006 0.005 0.005 0.003 0.128 0.006 0.007 0.008 0.831 
 65  ZFBP130    (0)   :  0.002 0.003 0.007 0.003 0.055 0.017 0.009 0.019 0.886 
 66  ZFBP131    (0)   :  0.004 0.003 0.005 0.003 0.005 0.004 0.003 0.004 0.968 
 67  ZFBP132    (0)   :  0.004 0.004 0.003 0.003 0.004 0.010 0.004 0.004 0.966 
 68  ZFBP133    (0)   :  0.004 0.002 0.005 0.002 0.146 0.004 0.003 0.007 0.825 
 69  ZFBP134    (0)   :  0.004 0.003 0.010 0.003 0.013 0.148 0.003 0.064 0.752 
 70  ZFBP135    (0)   :  0.013 0.008 0.007 0.005 0.016 0.033 0.054 0.212 0.651 
 71  ZFBP136    (0)   :  0.004 0.004 0.007 0.006 0.038 0.067 0.147 0.044 0.683 
 72  ZFBP201    (0)   :  0.005 0.006 0.007 0.005 0.005 0.009 0.006 0.005 0.953 
 73  ZFBP202    (0)   :  0.006 0.004 0.005 0.003 0.006 0.012 0.004 0.004 0.956 
 74  ZFBP203    (0)   :  0.006 0.024 0.028 0.040 0.020 0.007 0.008 0.005 0.863 
 75  ZFBP204    (0)   :  0.004 0.006 0.009 0.005 0.019 0.069 0.032 0.012 0.846 
 76  ZFBP205    (0)   :  0.003 0.004 0.005 0.004 0.012 0.004 0.012 0.006 0.949 
 77  ZFBP206    (0)   :  0.005 0.004 0.010 0.007 0.063 0.005 0.027 0.009 0.869 
 78  ZFBP207    (0)   :  0.004 0.005 0.005 0.003 0.010 0.182 0.008 0.013 0.771 
 79  ZFBP208    (0)   :  0.004 0.006 0.012 0.011 0.011 0.005 0.019 0.005 0.928 
 80  ZFBP209    (0)   :  0.003 0.003 0.005 0.002 0.084 0.004 0.003 0.008 0.888 
 81  ZFBP210    (0)   :  0.005 0.006 0.009 0.007 0.011 0.010 0.007 0.005 0.941 
 82  ZFBP211    (0)   :  0.006 0.004 0.004 0.003 0.005 0.008 0.009 0.005 0.957 
 83  ZFBP212    (0)   :  0.005 0.003 0.004 0.003 0.005 0.042 0.003 0.003 0.932 
 84  ZFBP213    (0)   :  0.008 0.005 0.008 0.005 0.014 0.010 0.025 0.010 0.914 
 85  ZFBP214    (0)   :  0.015 0.008 0.036 0.004 0.099 0.035 0.023 0.042 0.737 
 86  ZFBP215    (0)   :  0.004 0.003 0.004 0.003 0.007 0.007 0.005 0.006 0.963 
 87  ZFBP216    (0)   :  0.004 0.009 0.020 0.006 0.005 0.009 0.006 0.004 0.936 
 88  ZFBP217    (0)   :  0.008 0.008 0.022 0.004 0.236 0.066 0.005 0.008 0.643 
 89  ZFBP218    (0)   :  0.003 0.003 0.005 0.003 0.013 0.005 0.003 0.003 0.963 
 90  ZFBP219    (0)   :  0.003 0.004 0.005 0.003 0.004 0.005 0.004 0.003 0.968 
 91  ZFBP220    (0)   :  0.003 0.004 0.006 0.003 0.034 0.025 0.007 0.021 0.896 
 92  ZFBP221    (0)   :  0.004 0.003 0.006 0.003 0.007 0.022 0.002 0.003 0.949 
 93  ZFBP222    (0)   :  0.004 0.004 0.007 0.004 0.009 0.004 0.005 0.009 0.954 
 94  ZFBP223    (0)   :  0.009 0.007 0.005 0.005 0.008 0.141 0.008 0.007 0.810 
 95  ZFBP224    (0)   :  0.004 0.006 0.007 0.004 0.005 0.007 0.014 0.005 0.948 
 96  ZFBP225    (0)   :  0.003 0.011 0.018 0.008 0.379 0.114 0.008 0.012 0.447 
 97  ZFBP226    (0)   :  0.003 0.004 0.005 0.004 0.005 0.007 0.005 0.003 0.963 
 98  ZFBP227    (0)   :  0.015 0.041 0.148 0.010 0.008 0.043 0.009 0.006 0.720 
 99  ZFBP228    (0)   :  0.005 0.004 0.005 0.003 0.008 0.166 0.006 0.018 0.786 
100  ZFBP229    (0)   :  0.003 0.003 0.006 0.003 0.015 0.006 0.003 0.008 0.953 
101  ZFBP230    (0)   :  0.003 0.004 0.010 0.003 0.028 0.028 0.009 0.030 0.886 
102  ZFBP231    (0)   :  0.004 0.005 0.005 0.004 0.005 0.008 0.015 0.004 0.948 
103  ZFBP232    (0)   :  0.003 0.003 0.004 0.003 0.008 0.005 0.005 0.004 0.966 
104  ZFBP233    (0)   :  0.006 0.005 0.008 0.003 0.015 0.010 0.009 0.005 0.939 
105   ZFCC01    (0)   :  0.009 0.004 0.004 0.005 0.004 0.004 0.009 0.957 0.004 
106   ZFCC03    (0)   :  0.004 0.003 0.003 0.002 0.004 0.006 0.005 0.968 0.004 
107   ZFCC04    (0)   :  0.006 0.004 0.004 0.004 0.006 0.004 0.012 0.956 0.004 
108   ZFCC05    (0)   :  0.009 0.007 0.007 0.005 0.007 0.011 0.044 0.904 0.006 
109   ZFCC08    (0)   :  0.004 0.003 0.007 0.003 0.017 0.008 0.008 0.939 0.011 
110   ZFCC09    (0)   :  0.006 0.004 0.003 0.003 0.003 0.005 0.007 0.965 0.003 
111   ZFCC10    (0)   :  0.011 0.004 0.004 0.004 0.004 0.003 0.009 0.958 0.004 
112   ZFCC11    (0)   :  0.006 0.004 0.004 0.004 0.004 0.007 0.009 0.958 0.005 
113   ZFCC12    (0)   :  0.019 0.017 0.008 0.057 0.006 0.008 0.031 0.849 0.005 
114   ZFCC13    (0)   :  0.004 0.006 0.010 0.007 0.008 0.012 0.008 0.938 0.009 
115   ZFCC14    (0)   :  0.011 0.005 0.004 0.006 0.007 0.004 0.025 0.931 0.008 
116   ZFCC15    (0)   :  0.004 0.006 0.008 0.005 0.004 0.004 0.005 0.960 0.004 
117   ZFCC16    (0)   :  0.005 0.004 0.005 0.004 0.004 0.004 0.017 0.954 0.003 
118   ZFCC17    (0)   :  0.006 0.006 0.004 0.012 0.004 0.005 0.048 0.912 0.003 
119   ZFCC18    (0)   :  0.006 0.004 0.004 0.004 0.006 0.006 0.009 0.957 0.004 
120   ZFCC19    (0)   :  0.004 0.006 0.008 0.009 0.003 0.003 0.010 0.955 0.003 
121   ZFCC20    (0)   :  0.004 0.004 0.007 0.004 0.005 0.007 0.011 0.955 0.004 
122   ZFCC21    (0)   :  0.007 0.007 0.052 0.006 0.035 0.007 0.013 0.841 0.032 
123   ZFCC22    (0)   :  0.006 0.004 0.008 0.005 0.055 0.020 0.012 0.705 0.186 
124   ZFCC26    (0)   :  0.005 0.004 0.004 0.004 0.004 0.004 0.008 0.964 0.003 
125   ZFCC27    (0)   :  0.004 0.003 0.003 0.003 0.003 0.005 0.005 0.970 0.003 
126   ZFCC29    (0)   :  0.009 0.005 0.010 0.005 0.005 0.006 0.017 0.938 0.005 
127   ZFCC30    (0)   :  0.003 0.004 0.004 0.003 0.005 0.006 0.007 0.965 0.003 
128   ZFCC32    (0)   :  0.005 0.007 0.010 0.008 0.006 0.007 0.011 0.943 0.004 
129   ZFCC33    (0)   :  0.010 0.009 0.005 0.004 0.004 0.006 0.312 0.645 0.005 
130   ZFCC34    (0)   :  0.023 0.006 0.008 0.020 0.020 0.064 0.055 0.749 0.055 
131   ZFCC35    (0)   :  0.003 0.003 0.003 0.003 0.005 0.004 0.007 0.969 0.003 
132   ZFCC36    (0)   :  0.004 0.005 0.014 0.011 0.010 0.006 0.013 0.929 0.007 
133   ZFCC37    (0)   :  0.021 0.019 0.011 0.048 0.005 0.008 0.025 0.855 0.008 
134   ZFCC40    (0)   :  0.007 0.004 0.003 0.009 0.004 0.004 0.016 0.948 0.005 
135   ZFCC42    (0)   :  0.020 0.017 0.005 0.397 0.008 0.029 0.452 0.067 0.004 
136   ZFCC44    (0)   :  0.003 0.004 0.003 0.005 0.003 0.005 0.016 0.959 0.003 
137   ZFCC45    (9)   :  0.016 0.017 0.008 0.018 0.004 0.006 0.051 0.875 0.005 
138   ZFCC46    (0)   :  0.004 0.003 0.008 0.004 0.035 0.017 0.014 0.903 0.012 
139   ZFCC47    (0)   :  0.012 0.006 0.005 0.030 0.007 0.006 0.008 0.921 0.005 
140   ZFCC48    (0)   :  0.006 0.005 0.014 0.004 0.041 0.006 0.016 0.885 0.024 
141   ZFCC50    (0)   :  0.004 0.004 0.003 0.005 0.003 0.003 0.010 0.964 0.003 
142   ZFCC51    (0)   :  0.004 0.004 0.003 0.003 0.003 0.005 0.004 0.971 0.003 
143   ZFCC52    (0)   :  0.004 0.005 0.007 0.008 0.013 0.009 0.041 0.900 0.014 
144   ZFCC53    (0)   :  0.004 0.003 0.003 0.003 0.003 0.004 0.005 0.972 0.003 
145  ZFCNS01    (0)   :  0.003 0.009 0.009 0.005 0.002 0.959 0.004 0.005 0.004 
146  ZFCNS02    (0)   :  0.003 0.003 0.003 0.003 0.006 0.965 0.005 0.008 0.004 
147  ZFCNS05    (0)   :  0.005 0.004 0.004 0.003 0.006 0.955 0.006 0.010 0.007 
148  ZFCNS06    (0)   :  0.004 0.003 0.004 0.003 0.006 0.961 0.005 0.010 0.005 
149  ZFCNS07    (0)   :  0.004 0.003 0.004 0.003 0.013 0.956 0.004 0.005 0.009 
150  ZFCNS10    (0)   :  0.003 0.003 0.003 0.003 0.004 0.972 0.003 0.005 0.004 
151  ZFCNS11    (0)   :  0.003 0.005 0.006 0.004 0.004 0.966 0.004 0.006 0.003 
152  ZFCNS15    (0)   :  0.004 0.003 0.003 0.002 0.005 0.963 0.004 0.003 0.012 
153  ZFCNS17    (0)   :  0.003 0.003 0.003 0.002 0.005 0.961 0.007 0.010 0.006 
154  ZFCNS18    (0)   :  0.003 0.003 0.003 0.003 0.004 0.971 0.004 0.005 0.005 
155  ZFCNS19    (0)   :  0.004 0.003 0.003 0.003 0.004 0.968 0.004 0.007 0.003 
156  ZFCNS20    (0)   :  0.004 0.003 0.004 0.003 0.013 0.949 0.008 0.007 0.009 
157  ZFCNS21    (0)   :  0.003 0.004 0.003 0.002 0.003 0.971 0.005 0.006 0.003 
158  ZFCNS22    (0)   :  0.005 0.004 0.004 0.003 0.006 0.954 0.006 0.006 0.013 
159  ZFCNS23    (0)   :  0.005 0.009 0.010 0.011 0.013 0.900 0.026 0.020 0.006 
160  ZFCNS24    (0)   :  0.003 0.003 0.004 0.003 0.005 0.954 0.009 0.015 0.004 
161  ZFCNS25    (0)   :  0.003 0.004 0.003 0.003 0.007 0.957 0.008 0.008 0.008 
162  ZFCNS26    (0)   :  0.004 0.003 0.003 0.002 0.004 0.972 0.003 0.004 0.005 
163  ZFCNS27    (0)   :  0.003 0.004 0.003 0.003 0.006 0.956 0.005 0.004 0.015 
164  ZFCNS28    (0)   :  0.004 0.003 0.004 0.003 0.005 0.966 0.004 0.006 0.004 
165  ZFCNS29    (0)   :  0.004 0.004 0.004 0.002 0.005 0.954 0.008 0.010 0.009 
166  ZFCNS30    (0)   :  0.003 0.004 0.004 0.003 0.003 0.965 0.006 0.008 0.004 
167  ZFCNS31    (0)   :  0.003 0.003 0.003 0.003 0.005 0.970 0.004 0.004 0.005 
168  ZFCNS32    (0)   :  0.004 0.003 0.004 0.003 0.005 0.965 0.005 0.006 0.005 
169  ZFCNS33    (0)   :  0.004 0.003 0.003 0.002 0.004 0.971 0.003 0.005 0.004 
170  ZFCNS34    (0)   :  0.004 0.004 0.004 0.003 0.005 0.945 0.008 0.023 0.004 
171  ZFCNS35    (0)   :  0.005 0.003 0.003 0.003 0.004 0.970 0.003 0.005 0.004 
172  ZFCNS36    (0)   :  0.003 0.003 0.004 0.003 0.006 0.942 0.010 0.024 0.005 
173  ZFCNS37    (0)   :  0.004 0.004 0.004 0.002 0.003 0.969 0.005 0.005 0.004 
174  ZFCNS39    (0)   :  0.003 0.003 0.004 0.002 0.006 0.968 0.004 0.006 0.003 
175  ZFCNS40    (0)   :  0.003 0.003 0.005 0.003 0.015 0.935 0.009 0.023 0.005 
176  ZFCNS41    (0)   :  0.005 0.006 0.008 0.004 0.004 0.949 0.007 0.009 0.009 
177  ZFCNS42    (0)   :  0.003 0.003 0.003 0.002 0.004 0.971 0.004 0.005 0.005 
178  ZFCNS43    (0)   :  0.003 0.003 0.003 0.002 0.003 0.969 0.005 0.008 0.004 
179  ZFCNS44    (0)   :  0.003 0.003 0.002 0.002 0.003 0.972 0.005 0.006 0.004 
180  ZFCNS46    (0)   :  0.003 0.004 0.004 0.003 0.004 0.966 0.006 0.005 0.005 
181  ZFCNS47    (0)   :  0.003 0.004 0.003 0.002 0.004 0.969 0.005 0.006 0.004 
182  ZFCNS48    (0)   :  0.003 0.004 0.004 0.003 0.004 0.967 0.005 0.005 0.005 
183  ZFCNS49    (0)   :  0.004 0.003 0.003 0.002 0.003 0.972 0.003 0.003 0.007 
184   ZFCR01    (0)   :  0.191 0.702 0.006 0.017 0.021 0.003 0.003 0.029 0.027 
185   ZFCR02    (0)   :  0.232 0.436 0.159 0.022 0.036 0.010 0.030 0.046 0.030 
186   ZFCR03    (0)   :  0.338 0.063 0.314 0.106 0.025 0.005 0.072 0.030 0.046 
187   ZFCR04    (0)   :  0.718 0.099 0.032 0.034 0.039 0.023 0.008 0.022 0.025 
188   ZFCR05    (0)   :  0.220 0.315 0.346 0.026 0.008 0.005 0.007 0.067 0.008 
189   ZFCR06    (0)   :  0.148 0.468 0.058 0.008 0.046 0.133 0.007 0.035 0.097 
190   ZFCR07    (0)   :  0.044 0.313 0.508 0.011 0.004 0.055 0.042 0.012 0.011 
191   ZFCR08    (0)   :  0.064 0.721 0.009 0.040 0.025 0.007 0.035 0.078 0.022 
192   ZFCR09    (0)   :  0.119 0.030 0.046 0.465 0.021 0.048 0.011 0.059 0.199 
193   ZFCR11    (0)   :  0.263 0.263 0.309 0.021 0.003 0.075 0.005 0.016 0.044 
194   ZFCR12    (0)   :  0.020 0.206 0.518 0.005 0.024 0.176 0.010 0.017 0.024 
195   ZFCR13    (0)   :  0.012 0.323 0.537 0.004 0.006 0.010 0.006 0.007 0.096 
196   ZFCR14    (0)   :  0.092 0.302 0.514 0.010 0.034 0.008 0.008 0.023 0.010 
197   ZFCR15    (0)   :  0.278 0.374 0.143 0.011 0.125 0.009 0.017 0.018 0.024 
198   ZFCR16    (0)   :  0.265 0.494 0.100 0.006 0.087 0.004 0.005 0.013 0.026 
199   ZFCR18    (0)   :  0.754 0.046 0.017 0.005 0.017 0.012 0.091 0.032 0.027 
200   ZFCR19    (0)   :  0.236 0.064 0.216 0.151 0.266 0.008 0.007 0.023 0.029 
201   ZFCR20    (0)   :  0.527 0.078 0.165 0.031 0.017 0.011 0.041 0.009 0.119 
202   ZFCR21    (0)   :  0.036 0.257 0.636 0.004 0.014 0.006 0.007 0.030 0.011 
203   ZFCR22    (0)   :  0.010 0.141 0.804 0.007 0.015 0.004 0.007 0.004 0.009 
204   ZFCR23    (0)   :  0.033 0.219 0.463 0.035 0.006 0.015 0.003 0.004 0.223 
205   ZFCR24    (9)   :  0.104 0.083 0.254 0.022 0.007 0.007 0.012 0.010 0.501 
206   ZFCR25    (0)   :  0.037 0.276 0.645 0.013 0.003 0.003 0.008 0.010 0.004 
207   ZFCR26    (0)   :  0.007 0.023 0.802 0.091 0.020 0.007 0.010 0.025 0.015 
208   ZFCR27    (9)   :  0.037 0.872 0.053 0.019 0.003 0.003 0.003 0.007 0.004 
209   ZFCR28    (0)   :  0.008 0.610 0.013 0.005 0.124 0.030 0.007 0.010 0.193 
210   ZFCR29    (0)   :  0.120 0.058 0.781 0.008 0.005 0.004 0.005 0.009 0.011 
211   ZFCR30    (0)   :  0.015 0.165 0.787 0.010 0.005 0.005 0.004 0.005 0.005 
212   ZFCR31    (0)   :  0.373 0.063 0.144 0.104 0.039 0.086 0.033 0.017 0.141 
213   ZFCR33    (0)   :  0.012 0.866 0.026 0.024 0.010 0.009 0.009 0.033 0.010 
214   ZFCR34    (0)   :  0.087 0.150 0.599 0.045 0.015 0.034 0.005 0.025 0.040 
215   ZFCR35    (0)   :  0.822 0.057 0.034 0.014 0.010 0.013 0.010 0.029 0.010 
216   ZFCR36    (0)   :  0.213 0.160 0.538 0.044 0.006 0.012 0.005 0.012 0.009 
217   ZFCR37    (0)   :  0.058 0.133 0.688 0.032 0.004 0.004 0.018 0.059 0.004 
218   ZFCR38    (0)   :  0.019 0.850 0.028 0.027 0.011 0.008 0.009 0.041 0.007 
219   ZFCR39    (0)   :  0.019 0.563 0.011 0.171 0.045 0.007 0.029 0.100 0.055 
220   ZFCR40    (0)   :  0.026 0.751 0.104 0.050 0.005 0.008 0.006 0.038 0.011 
221   ZFCR41    (0)   :  0.018 0.242 0.535 0.005 0.021 0.067 0.008 0.092 0.012 
222   ZFCR42    (0)   :  0.019 0.357 0.441 0.032 0.030 0.018 0.013 0.063 0.028 
223   ZFCR43    (0)   :  0.126 0.317 0.424 0.007 0.007 0.006 0.005 0.006 0.101 
224  ZFENP25    (0)   :  0.027 0.913 0.007 0.005 0.011 0.004 0.006 0.018 0.010 
225  ZFENP26    (0)   :  0.006 0.965 0.004 0.008 0.003 0.004 0.004 0.004 0.002 
226  ZFENP27    (0)   :  0.103 0.461 0.008 0.042 0.013 0.054 0.040 0.260 0.021 
227  ZFENP28    (0)   :  0.015 0.930 0.011 0.013 0.005 0.007 0.004 0.011 0.004 
228  ZFENP29    (0)   :  0.005 0.955 0.009 0.005 0.004 0.005 0.006 0.007 0.004 
229  ZFENP30    (0)   :  0.009 0.837 0.011 0.012 0.007 0.006 0.086 0.028 0.005 
230  ZFENP31    (0)   :  0.019 0.143 0.007 0.442 0.004 0.006 0.356 0.017 0.005 
231  ZFENP32    (0)   :  0.243 0.234 0.020 0.289 0.006 0.047 0.116 0.017 0.028 
232  ZFENP33    (0)   :  0.022 0.868 0.036 0.015 0.003 0.006 0.038 0.005 0.007 
233  ZFENP34    (0)   :  0.439 0.440 0.010 0.013 0.005 0.009 0.054 0.022 0.009 
234  ZFENP35    (0)   :  0.012 0.910 0.008 0.027 0.005 0.017 0.007 0.005 0.010 
235  ZFENP36    (0)   :  0.009 0.945 0.011 0.013 0.002 0.006 0.007 0.003 0.003 
236  ZFENP37    (0)   :  0.081 0.818 0.026 0.029 0.005 0.012 0.009 0.011 0.008 
237  ZFENP38    (0)   :  0.015 0.552 0.348 0.023 0.005 0.015 0.017 0.019 0.007 
238  ZFENP39    (0)   :  0.020 0.924 0.015 0.014 0.003 0.005 0.005 0.012 0.004 
239  ZFENP40    (0)   :  0.020 0.909 0.008 0.026 0.004 0.005 0.013 0.007 0.008 
240  ZFENP41    (0)   :  0.017 0.864 0.007 0.012 0.008 0.007 0.035 0.044 0.007 
241  ZFENP42    (0)   :  0.004 0.813 0.038 0.118 0.004 0.004 0.010 0.006 0.003 
242  ZFENP43    (0)   :  0.013 0.759 0.077 0.030 0.006 0.064 0.009 0.033 0.009 
243  ZFENP44    (0)   :  0.008 0.856 0.020 0.054 0.003 0.014 0.023 0.015 0.006 
244  ZFENP45    (0)   :  0.011 0.469 0.048 0.080 0.311 0.013 0.022 0.017 0.030 
245  ZFENP46    (0)   :  0.018 0.854 0.056 0.024 0.005 0.014 0.010 0.003 0.016 
246  ZFENP47    (0)   :  0.037 0.381 0.008 0.317 0.143 0.004 0.016 0.077 0.016 
247  ZFENP48    (0)   :  0.484 0.166 0.018 0.023 0.015 0.009 0.241 0.026 0.017 
248  ZFENP49    (0)   :  0.056 0.659 0.026 0.013 0.018 0.008 0.191 0.013 0.017 
249  ZFENP50    (0)   :  0.006 0.820 0.088 0.033 0.007 0.008 0.006 0.004 0.027 
250  ZFENP51    (0)   :  0.025 0.507 0.019 0.356 0.045 0.005 0.032 0.007 0.003 
251  ZFENP52    (0)   :  0.003 0.937 0.013 0.008 0.004 0.015 0.006 0.009 0.005 
252  ZFENP53    (0)   :  0.009 0.856 0.024 0.018 0.025 0.015 0.008 0.009 0.037 
253  ZFENP54    (0)   :  0.024 0.816 0.041 0.008 0.012 0.008 0.025 0.022 0.044 
254  ZFENP55    (0)   :  0.050 0.287 0.619 0.016 0.004 0.004 0.009 0.004 0.005 
255  ZFENP56    (0)   :  0.012 0.816 0.120 0.013 0.005 0.012 0.011 0.007 0.004 
256  ZFENP57    (0)   :  0.016 0.859 0.028 0.063 0.002 0.010 0.013 0.004 0.005 
257  ZFENP58    (0)   :  0.013 0.474 0.058 0.015 0.098 0.020 0.293 0.022 0.008 
258  ZFENP59    (0)   :  0.011 0.855 0.009 0.032 0.004 0.005 0.027 0.052 0.005 
259  ZFENP60    (0)   :  0.044 0.884 0.016 0.012 0.011 0.008 0.006 0.010 0.010 
260  ZFENP61    (0)   :  0.023 0.931 0.010 0.007 0.003 0.004 0.007 0.011 0.004 
261 ZFFDSP01    (0)   :  0.005 0.003 0.008 0.003 0.017 0.025 0.004 0.004 0.931 
262 ZFFDSP02    (0)   :  0.003 0.003 0.005 0.002 0.006 0.006 0.003 0.005 0.967 
263 ZFFDSP04    (0)   :  0.005 0.002 0.005 0.002 0.012 0.004 0.003 0.005 0.962 
264 ZFFDSP05    (0)   :  0.003 0.003 0.007 0.003 0.010 0.012 0.003 0.004 0.954 
265 ZFFDSP06    (0)   :  0.003 0.002 0.005 0.002 0.012 0.005 0.003 0.006 0.960 
266 ZFFDSP07    (0)   :  0.004 0.005 0.009 0.005 0.028 0.005 0.023 0.011 0.909 
267 ZFFDSP08    (0)   :  0.003 0.005 0.009 0.004 0.079 0.024 0.033 0.010 0.834 
268 ZFFDSP10    (0)   :  0.004 0.004 0.006 0.003 0.010 0.009 0.007 0.005 0.952 
269 ZFFDSP11    (0)   :  0.005 0.003 0.007 0.003 0.008 0.005 0.003 0.004 0.961 
270 ZFFDSP12    (0)   :  0.003 0.003 0.003 0.003 0.008 0.005 0.005 0.003 0.968 
271 ZFFDSP13    (0)   :  0.004 0.007 0.012 0.004 0.005 0.457 0.010 0.016 0.486 
272 ZFFDSP14    (0)   :  0.004 0.004 0.006 0.003 0.019 0.004 0.007 0.006 0.947 
273 ZFFDSP16    (0)   :  0.007 0.005 0.008 0.003 0.004 0.012 0.004 0.007 0.950 
274 ZFFDSP17    (0)   :  0.004 0.003 0.007 0.003 0.010 0.007 0.004 0.006 0.956 
275 ZFFDSP18    (0)   :  0.008 0.003 0.004 0.002 0.018 0.006 0.003 0.007 0.949 
276 ZFFDSP19    (0)   :  0.006 0.003 0.004 0.003 0.017 0.065 0.004 0.021 0.877 
277 ZFFDSP21    (0)   :  0.004 0.003 0.004 0.002 0.008 0.131 0.004 0.015 0.827 
278 ZFFDSP22    (0)   :  0.003 0.003 0.005 0.002 0.078 0.006 0.004 0.006 0.893 
279 ZFFDSP23    (0)   :  0.003 0.003 0.005 0.002 0.126 0.026 0.003 0.005 0.826 
280 ZFFDSP24    (0)   :  0.005 0.003 0.005 0.003 0.007 0.039 0.005 0.005 0.929 
281 ZFFDSP26    (9)   :  0.003 0.003 0.005 0.003 0.013 0.013 0.004 0.005 0.950 
282 ZFFDSP27    (0)   :  0.005 0.003 0.004 0.003 0.006 0.009 0.003 0.004 0.964 
283 ZFFDSP28    (0)   :  0.041 0.009 0.016 0.017 0.007 0.010 0.023 0.010 0.869 
284 ZFFDSP30    (0)   :  0.022 0.004 0.007 0.007 0.008 0.190 0.007 0.006 0.750 
285 ZFFDSP31    (0)   :  0.005 0.004 0.005 0.002 0.006 0.010 0.005 0.005 0.958 
286 ZFFDSP32    (0)   :  0.004 0.003 0.004 0.003 0.006 0.008 0.004 0.004 0.965 
287 ZFFDSP33    (0)   :  0.003 0.003 0.003 0.003 0.005 0.007 0.003 0.003 0.970 
288 ZFFDSP34    (0)   :  0.004 0.003 0.005 0.002 0.011 0.008 0.004 0.007 0.956 
289 ZFFDSP35    (0)   :  0.005 0.003 0.005 0.003 0.007 0.012 0.004 0.004 0.956 
290 ZFFDSP37    (0)   :  0.004 0.003 0.004 0.003 0.004 0.008 0.004 0.003 0.967 
291 ZFFDSP38    (0)   :  0.005 0.003 0.004 0.003 0.006 0.007 0.004 0.004 0.964 
292 ZFFDSP39    (0)   :  0.004 0.003 0.004 0.002 0.008 0.046 0.003 0.003 0.927 
293 ZFFDSP40    (0)   :  0.005 0.003 0.003 0.003 0.005 0.028 0.004 0.003 0.946 
294 ZFFDSP42    (0)   :  0.004 0.003 0.006 0.002 0.060 0.021 0.003 0.007 0.893 
295 ZFFDSP43    (0)   :  0.004 0.003 0.003 0.002 0.008 0.015 0.003 0.004 0.957 
296 ZFFDSP44    (0)   :  0.005 0.003 0.004 0.003 0.006 0.027 0.005 0.003 0.944 
297 ZFFDSP45    (0)   :  0.005 0.003 0.004 0.002 0.005 0.010 0.004 0.005 0.961 
298 ZFFDSP46    (0)   :  0.005 0.003 0.005 0.002 0.008 0.013 0.004 0.005 0.955 
299 ZFFDSP47    (0)   :  0.004 0.003 0.005 0.003 0.015 0.175 0.005 0.004 0.786 
300 ZFFDSP48    (0)   :  0.004 0.003 0.004 0.002 0.007 0.104 0.004 0.004 0.866 
301    ZFI01    (0)   :  0.930 0.008 0.007 0.022 0.004 0.006 0.011 0.007 0.004 
302    ZFI02    (0)   :  0.957 0.005 0.007 0.010 0.004 0.006 0.004 0.003 0.005 
303    ZFI03    (0)   :  0.963 0.005 0.006 0.004 0.002 0.006 0.005 0.005 0.004 
304    ZFI04    (0)   :  0.948 0.007 0.006 0.016 0.003 0.005 0.005 0.005 0.004 
305    ZFI05    (0)   :  0.951 0.007 0.004 0.005 0.003 0.011 0.009 0.004 0.005 
306    ZFI06    (0)   :  0.912 0.010 0.006 0.011 0.003 0.038 0.006 0.003 0.011 
307    ZFI07    (0)   :  0.963 0.005 0.005 0.005 0.003 0.005 0.006 0.005 0.004 
308    ZFI08    (0)   :  0.956 0.008 0.009 0.008 0.003 0.003 0.005 0.005 0.003 
309    ZFI09    (0)   :  0.961 0.007 0.005 0.008 0.003 0.006 0.005 0.003 0.004 
310    ZFI10    (0)   :  0.934 0.007 0.007 0.010 0.004 0.024 0.004 0.004 0.006 
311    ZFI11    (0)   :  0.953 0.006 0.005 0.013 0.002 0.005 0.007 0.004 0.003 
312    ZFI12    (0)   :  0.958 0.005 0.008 0.004 0.003 0.007 0.005 0.006 0.004 
313    ZFI13    (0)   :  0.952 0.007 0.005 0.005 0.002 0.006 0.013 0.005 0.004 
314    ZFI14    (0)   :  0.957 0.004 0.004 0.005 0.003 0.009 0.004 0.004 0.010 
315    ZFI15    (0)   :  0.967 0.006 0.004 0.004 0.002 0.004 0.006 0.004 0.004 
316    ZFI16    (0)   :  0.972 0.004 0.004 0.003 0.002 0.004 0.003 0.004 0.003 
317    ZFI17    (0)   :  0.957 0.008 0.005 0.008 0.003 0.007 0.005 0.004 0.004 
318    ZFI18    (0)   :  0.965 0.007 0.004 0.007 0.002 0.005 0.004 0.003 0.003 
319    ZFI19    (9)   :  0.965 0.005 0.005 0.005 0.002 0.005 0.006 0.003 0.003 
320    ZFI20    (0)   :  0.966 0.004 0.006 0.004 0.003 0.006 0.003 0.004 0.005 
321    ZFI21    (0)   :  0.945 0.004 0.004 0.005 0.003 0.017 0.004 0.004 0.015 
322    ZFI22    (0)   :  0.960 0.005 0.005 0.007 0.004 0.004 0.004 0.006 0.005 
323    ZFI23    (0)   :  0.966 0.005 0.005 0.004 0.002 0.006 0.004 0.004 0.004 
324    ZFI24    (0)   :  0.957 0.005 0.007 0.004 0.003 0.007 0.006 0.006 0.004 
325    ZFI25    (0)   :  0.962 0.006 0.005 0.004 0.004 0.004 0.004 0.006 0.005 
326    ZFI26    (0)   :  0.960 0.006 0.005 0.004 0.003 0.004 0.008 0.006 0.004 
327    ZFI27    (0)   :  0.941 0.006 0.009 0.004 0.003 0.019 0.011 0.004 0.004 
328    ZFK01    (0)   :  0.003 0.003 0.003 0.003 0.004 0.005 0.970 0.005 0.003 
329    ZFK02    (0)   :  0.003 0.003 0.003 0.003 0.003 0.005 0.971 0.005 0.003 
330    ZFK03    (0)   :  0.003 0.003 0.003 0.003 0.003 0.004 0.972 0.005 0.003 
331    ZFK04    (0)   :  0.004 0.003 0.003 0.004 0.003 0.003 0.973 0.004 0.003 
332    ZFK05    (0)   :  0.009 0.006 0.003 0.010 0.002 0.003 0.954 0.009 0.003 
333    ZFK06    (0)   :  0.009 0.006 0.003 0.006 0.003 0.004 0.955 0.012 0.003 
334    ZFK07    (0)   :  0.002 0.003 0.005 0.003 0.005 0.005 0.967 0.006 0.004 
335    ZFK08    (0)   :  0.004 0.003 0.005 0.004 0.003 0.003 0.970 0.004 0.003 
336    ZFK10    (0)   :  0.004 0.004 0.003 0.004 0.003 0.003 0.972 0.004 0.003 
337    ZFK11    (0)   :  0.007 0.006 0.004 0.007 0.003 0.004 0.955 0.011 0.003 
338    ZFK12    (0)   :  0.002 0.003 0.009 0.003 0.009 0.005 0.957 0.007 0.005 
339    ZFK13    (0)   :  0.003 0.004 0.005 0.007 0.010 0.010 0.930 0.010 0.022 
340    ZFK14    (0)   :  0.009 0.007 0.008 0.018 0.038 0.026 0.675 0.198 0.020 
341    ZFK15    (0)   :  0.005 0.004 0.003 0.010 0.004 0.007 0.946 0.005 0.014 
342    ZFK16    (0)   :  0.002 0.003 0.005 0.003 0.006 0.005 0.963 0.007 0.005 
343   ZFLB01    (0)   :  0.006 0.006 0.004 0.954 0.004 0.007 0.007 0.003 0.009 
344   ZFLB02    (0)   :  0.027 0.106 0.010 0.838 0.004 0.004 0.004 0.003 0.004 
345   ZFLB03    (0)   :  0.010 0.127 0.009 0.787 0.006 0.032 0.017 0.005 0.006 
346   ZFLB04    (0)   :  0.012 0.009 0.005 0.749 0.006 0.173 0.014 0.006 0.026 
347   ZFLB05    (0)   :  0.009 0.007 0.004 0.946 0.003 0.015 0.008 0.003 0.006 
348   ZFLB06    (0)   :  0.004 0.008 0.004 0.928 0.005 0.006 0.032 0.007 0.007 
349   ZFLB07    (0)   :  0.006 0.094 0.019 0.616 0.011 0.109 0.110 0.015 0.020 
350   ZFLB08    (0)   :  0.027 0.063 0.010 0.873 0.005 0.006 0.008 0.004 0.005 
351   ZFLB09    (9)   :  0.005 0.006 0.004 0.959 0.003 0.004 0.009 0.005 0.005 
352   ZFLB10    (0)   :  0.004 0.005 0.003 0.965 0.002 0.006 0.007 0.003 0.004 
353   ZFLB11    (0)   :  0.003 0.007 0.007 0.931 0.008 0.005 0.021 0.012 0.006 
354   ZFLB12    (0)   :  0.004 0.007 0.004 0.964 0.002 0.003 0.008 0.004 0.003 
355   ZFLB13    (0)   :  0.005 0.053 0.014 0.876 0.005 0.012 0.012 0.012 0.012 
356  ZFLTI01    (0)   :  0.005 0.004 0.014 0.002 0.031 0.702 0.007 0.065 0.168 
357  ZFLTI02    (0)   :  0.005 0.004 0.008 0.002 0.013 0.884 0.008 0.049 0.026 
358  ZFLTI03    (0)   :  0.004 0.003 0.006 0.002 0.013 0.939 0.005 0.008 0.020 
359  ZFLTI04    (0)   :  0.006 0.004 0.009 0.003 0.008 0.914 0.012 0.009 0.036 
360  ZFLTI05    (0)   :  0.004 0.003 0.005 0.002 0.006 0.949 0.006 0.006 0.018 
361  ZFLTI06    (0)   :  0.006 0.003 0.006 0.003 0.024 0.778 0.004 0.007 0.169 
362  ZFLTI07    (0)   :  0.007 0.004 0.008 0.002 0.007 0.827 0.006 0.009 0.129 
363  ZFLTI08    (0)   :  0.008 0.004 0.007 0.003 0.006 0.948 0.006 0.006 0.012 
364  ZFLTI09    (0)   :  0.009 0.003 0.006 0.003 0.006 0.821 0.007 0.007 0.138 
365  ZFLTI10    (0)   :  0.007 0.004 0.006 0.002 0.007 0.617 0.005 0.018 0.333 
366  ZFLTI11    (0)   :  0.006 0.003 0.005 0.003 0.031 0.869 0.005 0.007 0.072 
367  ZFLTI12    (0)   :  0.005 0.004 0.007 0.002 0.026 0.852 0.006 0.021 0.078 
368  ZFLTI13    (0)   :  0.005 0.004 0.009 0.002 0.012 0.937 0.007 0.014 0.011 
369  ZFLTI14    (0)   :  0.005 0.004 0.006 0.002 0.005 0.916 0.008 0.034 0.020 
370 ZFONF101    (0)   :  0.003 0.003 0.003 0.002 0.007 0.004 0.002 0.002 0.974 
371 ZFONF102    (0)   :  0.005 0.009 0.005 0.012 0.031 0.004 0.003 0.003 0.927 
372 ZFONF103    (0)   :  0.005 0.006 0.007 0.003 0.015 0.057 0.019 0.012 0.876 
373 ZFONF104    (0)   :  0.002 0.002 0.003 0.002 0.035 0.005 0.002 0.005 0.944 
374 ZFONF105    (0)   :  0.003 0.004 0.005 0.003 0.136 0.017 0.005 0.005 0.824 
375 ZFONF106    (0)   :  0.004 0.002 0.002 0.002 0.007 0.004 0.003 0.004 0.970 
376 ZFONF107    (0)   :  0.018 0.047 0.006 0.045 0.012 0.015 0.036 0.012 0.809 
377 ZFONF108    (0)   :  0.006 0.008 0.004 0.008 0.010 0.023 0.046 0.012 0.884 
378 ZFONF109    (9)   :  0.006 0.005 0.004 0.005 0.032 0.013 0.018 0.012 0.905 
379 ZFONF110    (0)   :  0.003 0.002 0.003 0.002 0.017 0.007 0.003 0.005 0.959 
380 ZFONF111    (0)   :  0.013 0.023 0.022 0.017 0.020 0.013 0.004 0.010 0.878 
381 ZFONF112    (0)   :  0.008 0.003 0.003 0.003 0.192 0.019 0.005 0.007 0.762 
382 ZFONF113    (9)   :  0.003 0.005 0.006 0.004 0.009 0.012 0.008 0.005 0.948 
383 ZFONF115    (0)   :  0.005 0.004 0.004 0.003 0.018 0.009 0.006 0.006 0.946 
384 ZFONF116    (0)   :  0.005 0.004 0.004 0.003 0.021 0.010 0.007 0.005 0.941 
385 ZFONF117    (0)   :  0.004 0.006 0.006 0.003 0.051 0.352 0.015 0.009 0.553 
386 ZFONF118    (0)   :  0.006 0.003 0.006 0.002 0.012 0.018 0.006 0.009 0.938 
387 ZFONF119    (0)   :  0.003 0.004 0.005 0.006 0.021 0.006 0.017 0.008 0.931 
388 ZFONF120    (0)   :  0.003 0.004 0.010 0.005 0.048 0.006 0.028 0.018 0.877 
389 ZFONF121    (0)   :  0.004 0.003 0.005 0.004 0.129 0.008 0.008 0.005 0.834 
390 ZFONF122    (0)   :  0.007 0.005 0.010 0.003 0.009 0.058 0.016 0.020 0.873 
391 ZFONF123    (0)   :  0.005 0.015 0.005 0.040 0.041 0.005 0.008 0.005 0.876 
392 ZFONF124    (0)   :  0.003 0.004 0.003 0.006 0.031 0.008 0.015 0.006 0.924 
393 ZFONF125    (0)   :  0.005 0.031 0.012 0.036 0.233 0.009 0.049 0.020 0.604 
394 ZFONF126    (0)   :  0.005 0.004 0.008 0.003 0.009 0.013 0.009 0.013 0.936 
395 ZFONF201    (0)   :  0.115 0.016 0.012 0.028 0.646 0.013 0.004 0.059 0.107 
396 ZFONF202    (0)   :  0.004 0.003 0.006 0.002 0.924 0.005 0.004 0.010 0.043 
397 ZFONF203    (0)   :  0.004 0.004 0.009 0.003 0.955 0.004 0.007 0.006 0.009 
398 ZFONF204    (0)   :  0.008 0.009 0.005 0.007 0.923 0.005 0.007 0.030 0.005 
399 ZFONF206    (0)   :  0.011 0.021 0.007 0.013 0.926 0.004 0.003 0.010 0.006 
400 ZFONF207    (0)   :  0.003 0.004 0.005 0.003 0.965 0.005 0.005 0.004 0.006 
401 ZFONF208    (0)   :  0.004 0.004 0.008 0.004 0.894 0.012 0.007 0.008 0.057 
402 ZFONF209    (0)   :  0.011 0.006 0.007 0.008 0.911 0.011 0.013 0.024 0.009 
403 ZFONF210    (0)   :  0.003 0.002 0.003 0.003 0.964 0.009 0.003 0.004 0.009 
404 ZFONF211    (0)   :  0.004 0.008 0.013 0.015 0.880 0.020 0.015 0.012 0.033 
405 ZFONF212    (0)   :  0.003 0.002 0.003 0.003 0.964 0.008 0.003 0.003 0.010 
406 ZFONF214    (0)   :  0.003 0.005 0.012 0.006 0.926 0.005 0.006 0.007 0.030 
407 ZFONF215    (0)   :  0.002 0.003 0.004 0.002 0.963 0.004 0.004 0.005 0.012 
408 ZFONF216    (0)   :  0.002 0.003 0.004 0.003 0.969 0.006 0.006 0.003 0.004 
409 ZFONF217    (0)   :  0.003 0.002 0.004 0.003 0.941 0.006 0.005 0.004 0.031 
410 ZFONF218    (0)   :  0.003 0.007 0.005 0.007 0.961 0.005 0.004 0.003 0.005 
411 ZFONF219    (0)   :  0.002 0.003 0.002 0.002 0.978 0.003 0.002 0.003 0.005 
412 ZFONF220    (0)   :  0.004 0.003 0.004 0.003 0.945 0.004 0.008 0.005 0.025 
413 ZFONF222    (0)   :  0.003 0.005 0.005 0.007 0.965 0.004 0.004 0.003 0.004 
414 ZFONF223    (0)   :  0.004 0.007 0.006 0.007 0.958 0.003 0.005 0.003 0.007 
415 ZFONF224    (0)   :  0.002 0.003 0.003 0.002 0.976 0.004 0.003 0.003 0.004 
416 ZFONF225    (0)   :  0.002 0.002 0.003 0.002 0.974 0.004 0.003 0.004 0.006 
417 ZFONF226    (0)   :  0.003 0.003 0.006 0.003 0.958 0.005 0.009 0.005 0.008 
418 ZFONF227    (0)   :  0.002 0.002 0.003 0.002 0.977 0.004 0.003 0.003 0.004 
419 ZFONF228    (0)   :  0.005 0.004 0.004 0.003 0.948 0.013 0.006 0.004 0.011 
420 ZFONF230    (0)   :  0.002 0.003 0.003 0.002 0.963 0.005 0.003 0.004 0.013 
421 ZFONF231    (0)   :  0.002 0.004 0.008 0.004 0.955 0.006 0.004 0.007 0.009 
422 ZFONF232    (0)   :  0.002 0.002 0.003 0.002 0.974 0.004 0.003 0.003 0.007 
423 ZFONF233    (0)   :  0.002 0.003 0.003 0.002 0.972 0.004 0.005 0.004 0.005 
424 ZFONF234    (0)   :  0.005 0.024 0.008 0.004 0.905 0.016 0.012 0.010 0.016 
425 ZFONF235    (0)   :  0.002 0.002 0.003 0.002 0.978 0.003 0.002 0.004 0.004 
426 ZFONF236    (0)   :  0.025 0.026 0.005 0.013 0.858 0.025 0.013 0.020 0.014 
427 ZFONF238    (0)   :  0.003 0.003 0.007 0.002 0.961 0.004 0.003 0.006 0.009 
428 ZFONF239    (0)   :  0.007 0.005 0.004 0.004 0.957 0.004 0.003 0.012 0.004 
429 ZFONF240    (0)   :  0.002 0.002 0.003 0.002 0.973 0.004 0.003 0.006 0.005 
430 ZFONF241    (0)   :  0.010 0.008 0.005 0.004 0.931 0.015 0.006 0.005 0.015 
431 ZFONF242    (0)   :  0.002 0.003 0.003 0.002 0.969 0.004 0.003 0.006 0.009 
432 ZFONF243    (0)   :  0.003 0.003 0.005 0.003 0.962 0.010 0.005 0.004 0.005 
433 ZFONF244    (0)   :  0.002 0.002 0.004 0.002 0.970 0.004 0.004 0.004 0.007 
434 ZFONF245    (0)   :  0.002 0.003 0.003 0.002 0.971 0.007 0.003 0.005 0.005 
435   ZFOS01    (0)   :  0.004 0.004 0.009 0.003 0.010 0.016 0.006 0.925 0.024 
436   ZFOS02    (0)   :  0.017 0.008 0.010 0.006 0.010 0.017 0.008 0.886 0.038 
437   ZFOS03    (0)   :  0.007 0.008 0.010 0.027 0.005 0.005 0.007 0.920 0.010 
438   ZFOS04    (0)   :  0.018 0.009 0.006 0.004 0.006 0.037 0.011 0.824 0.085 
439   ZFOS05    (0)   :  0.007 0.006 0.010 0.003 0.014 0.021 0.009 0.889 0.042 
440   ZFOS06    (0)   :  0.005 0.007 0.011 0.005 0.011 0.019 0.006 0.925 0.011 
441   ZFOS07    (0)   :  0.019 0.006 0.006 0.005 0.004 0.006 0.061 0.886 0.009 
442   ZFOS08    (0)   :  0.035 0.006 0.004 0.004 0.006 0.016 0.022 0.893 0.015 
443   ZFOS09    (0)   :  0.011 0.008 0.012 0.008 0.008 0.013 0.003 0.884 0.052 
444   ZFOS10    (0)   :  0.020 0.015 0.004 0.009 0.002 0.007 0.006 0.934 0.003 
445   ZFOS11    (0)   :  0.024 0.086 0.029 0.008 0.009 0.318 0.058 0.450 0.019 
446   ZFOS12    (0)   :  0.035 0.080 0.129 0.026 0.008 0.062 0.345 0.284 0.031 
447   ZFOS13    (0)   :  0.013 0.007 0.016 0.004 0.005 0.013 0.012 0.913 0.017 
448   ZFOS14    (0)   :  0.144 0.018 0.057 0.018 0.008 0.162 0.024 0.555 0.013 
449   ZFOS15    (0)   :  0.007 0.006 0.004 0.004 0.003 0.005 0.037 0.930 0.004 
450   ZFOS16    (0)   :  0.012 0.008 0.007 0.009 0.010 0.035 0.008 0.868 0.043 
451   ZFOS17    (0)   :  0.008 0.005 0.007 0.006 0.005 0.006 0.006 0.954 0.004 
452   ZFOS18    (0)   :  0.007 0.009 0.004 0.006 0.002 0.008 0.008 0.950 0.005 
453   ZFOS19    (0)   :  0.004 0.005 0.008 0.004 0.004 0.005 0.005 0.963 0.003 
454   ZFOS20    (0)   :  0.008 0.006 0.004 0.004 0.006 0.006 0.006 0.955 0.005 
455   ZFOS21    (0)   :  0.007 0.005 0.004 0.007 0.005 0.017 0.011 0.923 0.021 
456   ZFOS22    (0)   :  0.003 0.006 0.010 0.005 0.007 0.009 0.014 0.939 0.007 
457   ZFOS23    (0)   :  0.198 0.024 0.018 0.013 0.002 0.004 0.006 0.732 0.003 
458   ZFOS24    (0)   :  0.004 0.006 0.004 0.004 0.003 0.007 0.013 0.956 0.003 
459   ZFOS25    (0)   :  0.018 0.013 0.027 0.005 0.022 0.421 0.010 0.465 0.019 
460   ZFOS26    (0)   :  0.014 0.011 0.010 0.004 0.008 0.212 0.012 0.510 0.218 
461   ZFOS27    (0)   :  0.008 0.007 0.005 0.008 0.008 0.020 0.020 0.896 0.028 
462   ZFOS28    (0)   :  0.013 0.011 0.007 0.013 0.003 0.013 0.008 0.924 0.009 
463   ZFOS29    (0)   :  0.011 0.006 0.004 0.010 0.008 0.010 0.009 0.933 0.008 
