

----------------------------------------------------
STRUCTURE by Pritchard, Stephens and Donnelly (2000)
     and Falush, Stephens and Pritchard (2003)
       Code by Pritchard, Falush and Hubisz
             Version 2.3.4 (Jul 2012)
----------------------------------------------------



Command line arguments:   bin\structure -m C:\Users\eschumacher\Documents\GitHub\GCC_QUAC_ZAIN\Data_Files\Structure_Files\ZAIN\ZAIN_wild_rebinned_nopopinfo\50-50\mainparams -e C:\Users\eschumacher\Documents\GitHub\GCC_QUAC_ZAIN\Data_Files\Structure_Files\ZAIN\ZAIN_wild_rebinned_nopopinfo\50-50\extraparams 
Input File:    C:\Users\eschumacher\Documents\GitHub\GCC_QUAC_ZAIN\Data_Files\Structure_Files\ZAIN\ZAIN_wild_rebinned_nopopinfo\project_data

Run parameters:
   751 individuals
   11 loci
   10 populations assumed
   50000 Burn-in period
   50000 Reps


--------------------------------------------
Overall proportion of membership of the
sample in each of the 10 clusters

Inferred Clusters
  1      2      3      4      5      6      7      8      9     10    
0.088  0.104  0.111  0.065  0.112  0.099  0.069  0.160  0.120  0.071  

--------------------------------------------

Allele-freq. divergence among pops (Net nucleotide distance),
computed using point estimates of P.

      1       2       3       4       5       6       7       8       9      10      
 1      -    0.0843  0.1062  0.3593  0.1612  0.2016  0.2956  0.2490  0.2555  0.1797  
 2   0.0843     -    0.1182  0.3592  0.1884  0.1705  0.2957  0.2424  0.2473  0.2003  
 3   0.1062  0.1182     -    0.2554  0.1096  0.1037  0.1996  0.1819  0.1507  0.0993  
 4   0.3593  0.3592  0.2554     -    0.1849  0.3481  0.2899  0.1106  0.1231  0.1745  
 5   0.1612  0.1884  0.1096  0.1849     -    0.2159  0.1747  0.1729  0.1414  0.1442  
 6   0.2016  0.1705  0.1037  0.3481  0.2159     -    0.3570  0.2795  0.2774  0.2330  
 7   0.2956  0.2957  0.1996  0.2899  0.1747  0.3570     -    0.2400  0.1382  0.2459  
 8   0.2490  0.2424  0.1819  0.1106  0.1729  0.2795  0.2400     -    0.0471  0.1598  
 9   0.2555  0.2473  0.1507  0.1231  0.1414  0.2774  0.1382  0.0471     -    0.1224  
10   0.1797  0.2003  0.0993  0.1745  0.1442  0.2330  0.2459  0.1598  0.1224     -    

Average distances (expected heterozygosity) between individuals in same cluster:
cluster  1  : 0.3578 
cluster  2  : 0.4843 
cluster  3  : 0.5625 
cluster  4  : 0.3650 
cluster  5  : 0.4296 
cluster  6  : 0.4231 
cluster  7  : 0.2308 
cluster  8  : 0.4073 
cluster  9  : 0.4305 
cluster 10  : 0.4331 

--------------------------------------------
Estimated Ln Prob of Data   = -13663.9
Mean value of ln likelihood = -13249.1
Variance of ln likelihood   = 829.5
Mean value of alpha         = 0.0327

Mean value of Fst_1         = 0.4526
Mean value of Fst_2         = 0.4114
Mean value of Fst_3         = 0.1151
Mean value of Fst_4         = 0.4431
Mean value of Fst_5         = 0.4111
Mean value of Fst_6         = 0.4218
Mean value of Fst_7         = 0.6538
Mean value of Fst_8         = 0.3782
Mean value of Fst_9         = 0.4144
Mean value of Fst_10         = 0.3554


Inferred ancestry of individuals:
        Label (%Miss) :  Inferred clusters
  1    ZFB01    (0)   :  0.008 0.963 0.003 0.003 0.004 0.006 0.003 0.004 0.003 0.004 
  2    ZFB02    (0)   :  0.012 0.921 0.007 0.003 0.009 0.034 0.003 0.003 0.003 0.005 
  3    ZFB03    (0)   :  0.021 0.887 0.020 0.003 0.006 0.005 0.022 0.009 0.015 0.011 
  4    ZFB04    (0)   :  0.006 0.947 0.005 0.003 0.006 0.021 0.002 0.004 0.003 0.003 
  5    ZFB05    (0)   :  0.010 0.765 0.043 0.009 0.015 0.118 0.010 0.003 0.004 0.023 
  6    ZFB06    (0)   :  0.011 0.829 0.040 0.010 0.010 0.063 0.009 0.003 0.005 0.019 
  7    ZFB07    (9)   :  0.078 0.831 0.041 0.007 0.005 0.008 0.005 0.007 0.006 0.013 
  8    ZFB08    (0)   :  0.030 0.900 0.006 0.007 0.008 0.006 0.005 0.008 0.007 0.023 
  9    ZFB09    (0)   :  0.008 0.965 0.004 0.002 0.003 0.004 0.003 0.003 0.003 0.004 
 10    ZFB10    (0)   :  0.004 0.948 0.004 0.005 0.006 0.006 0.002 0.013 0.007 0.005 
 11    ZFB11    (0)   :  0.004 0.963 0.003 0.003 0.004 0.009 0.002 0.005 0.003 0.003 
 12    ZFB12    (0)   :  0.007 0.909 0.012 0.003 0.004 0.026 0.004 0.007 0.006 0.022 
 13    ZFB13    (0)   :  0.010 0.931 0.007 0.007 0.005 0.006 0.005 0.011 0.007 0.011 
 14    ZFB14    (0)   :  0.008 0.963 0.004 0.003 0.005 0.003 0.003 0.004 0.003 0.004 
 15    ZFB15    (0)   :  0.007 0.966 0.004 0.002 0.003 0.007 0.002 0.003 0.002 0.004 
 16    ZFB16    (0)   :  0.007 0.950 0.005 0.004 0.003 0.009 0.003 0.006 0.006 0.008 
 17    ZFB17    (0)   :  0.007 0.880 0.011 0.010 0.018 0.024 0.003 0.009 0.008 0.029 
 18    ZFB18    (0)   :  0.006 0.971 0.003 0.002 0.004 0.003 0.002 0.003 0.003 0.003 
 19    ZFB19    (0)   :  0.061 0.704 0.075 0.010 0.005 0.007 0.006 0.034 0.033 0.063 
 20    ZFB20    (0)   :  0.006 0.932 0.006 0.004 0.005 0.026 0.003 0.006 0.005 0.008 
 21    ZFB21    (0)   :  0.007 0.964 0.006 0.002 0.003 0.007 0.003 0.002 0.003 0.003 
 22    ZFB22    (0)   :  0.005 0.899 0.008 0.009 0.007 0.043 0.002 0.007 0.010 0.010 
 23    ZFB23    (0)   :  0.004 0.960 0.006 0.003 0.004 0.010 0.003 0.004 0.003 0.003 
 24    ZFB24    (0)   :  0.005 0.958 0.004 0.002 0.004 0.015 0.003 0.004 0.003 0.003 
 25    ZFB25    (0)   :  0.004 0.962 0.003 0.003 0.004 0.004 0.003 0.009 0.006 0.003 
 26    ZFB26    (0)   :  0.004 0.943 0.005 0.003 0.005 0.020 0.003 0.009 0.006 0.003 
 27    ZFB27    (0)   :  0.004 0.949 0.004 0.003 0.004 0.024 0.002 0.004 0.003 0.002 
 28    ZFB28    (0)   :  0.005 0.844 0.034 0.003 0.012 0.071 0.005 0.007 0.006 0.015 
 29    ZFB29    (0)   :  0.005 0.963 0.004 0.002 0.005 0.009 0.002 0.003 0.002 0.003 
 30    ZFB30    (0)   :  0.018 0.742 0.094 0.017 0.004 0.088 0.008 0.004 0.006 0.020 
 31    ZFB31    (0)   :  0.008 0.953 0.004 0.004 0.005 0.005 0.003 0.009 0.006 0.004 
 32    ZFB32    (0)   :  0.009 0.816 0.030 0.004 0.031 0.050 0.007 0.011 0.010 0.032 
 33    ZFB33    (0)   :  0.006 0.968 0.004 0.002 0.003 0.007 0.002 0.003 0.003 0.003 
 34    ZFB34    (0)   :  0.021 0.947 0.005 0.003 0.006 0.004 0.004 0.004 0.003 0.004 
 35    ZFB35    (0)   :  0.013 0.948 0.005 0.003 0.005 0.007 0.004 0.005 0.005 0.005 
 36  ZFBP101    (0)   :  0.006 0.013 0.009 0.036 0.081 0.008 0.013 0.203 0.618 0.013 
 37  ZFBP102    (0)   :  0.008 0.018 0.012 0.011 0.015 0.011 0.004 0.298 0.614 0.009 
 38  ZFBP103    (0)   :  0.005 0.008 0.008 0.010 0.093 0.007 0.014 0.054 0.793 0.008 
 39  ZFBP104    (0)   :  0.028 0.021 0.014 0.007 0.004 0.007 0.008 0.211 0.670 0.030 
 40  ZFBP105    (0)   :  0.007 0.005 0.006 0.005 0.006 0.005 0.012 0.696 0.250 0.007 
 41  ZFBP106    (0)   :  0.004 0.003 0.004 0.010 0.008 0.003 0.018 0.734 0.210 0.005 
 42  ZFBP107    (0)   :  0.005 0.007 0.011 0.004 0.009 0.018 0.016 0.454 0.468 0.007 
 43  ZFBP108    (0)   :  0.004 0.003 0.003 0.004 0.003 0.003 0.007 0.961 0.009 0.003 
 44  ZFBP109    (0)   :  0.006 0.003 0.005 0.006 0.004 0.002 0.005 0.942 0.024 0.004 
 45  ZFBP110    (0)   :  0.012 0.048 0.028 0.005 0.032 0.007 0.071 0.251 0.534 0.012 
 46  ZFBP111    (0)   :  0.003 0.003 0.004 0.098 0.004 0.003 0.009 0.267 0.599 0.011 
 47  ZFBP112    (0)   :  0.004 0.003 0.004 0.045 0.017 0.005 0.012 0.878 0.023 0.008 
 48  ZFBP113    (0)   :  0.004 0.003 0.004 0.004 0.003 0.004 0.004 0.953 0.015 0.006 
 49  ZFBP114    (0)   :  0.004 0.003 0.008 0.010 0.006 0.007 0.005 0.737 0.217 0.003 
 50  ZFBP115    (0)   :  0.003 0.002 0.005 0.011 0.008 0.003 0.016 0.063 0.883 0.007 
 51  ZFBP116    (0)   :  0.003 0.002 0.004 0.005 0.005 0.004 0.006 0.919 0.045 0.008 
 52  ZFBP117    (0)   :  0.003 0.003 0.004 0.007 0.007 0.002 0.006 0.947 0.016 0.004 
 53  ZFBP118    (0)   :  0.003 0.003 0.008 0.014 0.005 0.007 0.004 0.864 0.088 0.004 
 54  ZFBP119    (0)   :  0.004 0.003 0.005 0.016 0.029 0.003 0.019 0.445 0.463 0.012 
 55  ZFBP120    (0)   :  0.007 0.006 0.006 0.005 0.004 0.005 0.012 0.721 0.227 0.008 
 56  ZFBP121    (0)   :  0.006 0.005 0.004 0.005 0.008 0.003 0.008 0.923 0.032 0.005 
 57  ZFBP122    (9)   :  0.003 0.003 0.004 0.010 0.005 0.004 0.006 0.853 0.105 0.006 
 58  ZFBP123    (0)   :  0.004 0.003 0.005 0.013 0.014 0.006 0.005 0.925 0.015 0.010 
 59  ZFBP124    (0)   :  0.007 0.005 0.004 0.005 0.005 0.004 0.005 0.946 0.017 0.004 
 60  ZFBP125    (0)   :  0.003 0.002 0.003 0.014 0.007 0.002 0.009 0.922 0.033 0.005 
 61  ZFBP126    (0)   :  0.006 0.013 0.017 0.007 0.028 0.011 0.003 0.688 0.203 0.024 
 62  ZFBP127    (0)   :  0.005 0.003 0.005 0.005 0.020 0.003 0.084 0.657 0.216 0.003 
 63  ZFBP128    (0)   :  0.004 0.004 0.002 0.031 0.015 0.002 0.015 0.892 0.030 0.004 
 64  ZFBP129    (0)   :  0.007 0.004 0.006 0.120 0.008 0.003 0.007 0.833 0.008 0.005 
 65  ZFBP130    (0)   :  0.002 0.002 0.003 0.067 0.026 0.003 0.013 0.835 0.039 0.008 
 66  ZFBP131    (0)   :  0.004 0.003 0.003 0.005 0.003 0.003 0.003 0.965 0.006 0.004 
 67  ZFBP132    (0)   :  0.003 0.004 0.003 0.004 0.004 0.003 0.014 0.948 0.014 0.003 
 68  ZFBP133    (0)   :  0.004 0.003 0.002 0.102 0.006 0.002 0.003 0.864 0.008 0.006 
 69  ZFBP134    (0)   :  0.004 0.003 0.003 0.011 0.010 0.003 0.007 0.054 0.896 0.009 
 70  ZFBP135    (0)   :  0.009 0.017 0.008 0.014 0.237 0.005 0.017 0.434 0.252 0.007 
 71  ZFBP136    (0)   :  0.004 0.003 0.006 0.049 0.119 0.008 0.021 0.593 0.190 0.008 
 72  ZFBP201    (0)   :  0.005 0.005 0.006 0.005 0.005 0.006 0.011 0.938 0.014 0.007 
 73  ZFBP202    (0)   :  0.007 0.005 0.004 0.008 0.004 0.003 0.009 0.921 0.034 0.005 
 74  ZFBP203    (0)   :  0.006 0.005 0.022 0.019 0.005 0.040 0.005 0.854 0.018 0.027 
 75  ZFBP204    (0)   :  0.005 0.004 0.006 0.019 0.018 0.005 0.019 0.681 0.235 0.008 
 76  ZFBP205    (0)   :  0.003 0.002 0.004 0.009 0.007 0.004 0.002 0.956 0.007 0.005 
 77  ZFBP206    (0)   :  0.006 0.003 0.004 0.038 0.013 0.007 0.004 0.904 0.008 0.012 
 78  ZFBP207    (0)   :  0.005 0.004 0.004 0.008 0.012 0.004 0.075 0.579 0.304 0.005 
 79  ZFBP208    (0)   :  0.005 0.003 0.007 0.007 0.007 0.010 0.003 0.938 0.010 0.012 
 80  ZFBP209    (0)   :  0.004 0.002 0.002 0.068 0.007 0.002 0.003 0.898 0.008 0.005 
 81  ZFBP210    (0)   :  0.005 0.004 0.005 0.013 0.005 0.007 0.011 0.918 0.022 0.010 
 82  ZFBP211    (0)   :  0.006 0.005 0.004 0.005 0.005 0.003 0.010 0.947 0.011 0.005 
 83  ZFBP212    (0)   :  0.004 0.007 0.004 0.005 0.003 0.003 0.037 0.721 0.213 0.003 
 84  ZFBP213    (0)   :  0.014 0.004 0.005 0.009 0.013 0.005 0.010 0.922 0.010 0.010 
 85  ZFBP214    (0)   :  0.018 0.006 0.008 0.078 0.046 0.004 0.037 0.736 0.033 0.033 
 86  ZFBP215    (0)   :  0.005 0.003 0.003 0.007 0.006 0.003 0.005 0.955 0.010 0.004 
 87  ZFBP216    (0)   :  0.005 0.004 0.009 0.006 0.005 0.006 0.005 0.758 0.176 0.026 
 88  ZFBP217    (0)   :  0.007 0.006 0.006 0.180 0.007 0.004 0.042 0.611 0.117 0.021 
 89  ZFBP218    (0)   :  0.004 0.002 0.003 0.010 0.003 0.003 0.003 0.950 0.017 0.006 
 90  ZFBP219    (0)   :  0.003 0.003 0.004 0.004 0.003 0.003 0.003 0.957 0.012 0.007 
 91  ZFBP220    (0)   :  0.003 0.003 0.004 0.033 0.017 0.003 0.013 0.608 0.308 0.007 
 92  ZFBP221    (0)   :  0.004 0.004 0.003 0.007 0.003 0.003 0.007 0.467 0.495 0.006 
 93  ZFBP222    (0)   :  0.005 0.003 0.004 0.008 0.007 0.005 0.003 0.952 0.006 0.006 
 94  ZFBP223    (0)   :  0.006 0.008 0.007 0.008 0.009 0.004 0.201 0.622 0.129 0.005 
 95  ZFBP224    (0)   :  0.007 0.003 0.005 0.005 0.006 0.004 0.005 0.947 0.010 0.007 
 96  ZFBP225    (0)   :  0.004 0.003 0.008 0.227 0.014 0.009 0.018 0.234 0.467 0.016 
 97  ZFBP226    (0)   :  0.004 0.003 0.004 0.005 0.004 0.004 0.005 0.930 0.036 0.005 
 98  ZFBP227    (0)   :  0.022 0.011 0.030 0.007 0.006 0.009 0.009 0.390 0.394 0.121 
 99  ZFBP228    (0)   :  0.005 0.004 0.004 0.007 0.017 0.003 0.059 0.355 0.543 0.004 
100  ZFBP229    (0)   :  0.003 0.003 0.004 0.018 0.006 0.003 0.004 0.900 0.054 0.007 
101  ZFBP230    (0)   :  0.003 0.003 0.004 0.034 0.022 0.003 0.009 0.514 0.399 0.008 
102  ZFBP231    (0)   :  0.005 0.004 0.005 0.004 0.005 0.004 0.006 0.949 0.012 0.005 
103  ZFBP232    (0)   :  0.003 0.003 0.003 0.007 0.004 0.003 0.004 0.960 0.009 0.004 
104  ZFBP233    (0)   :  0.007 0.005 0.005 0.016 0.006 0.004 0.007 0.911 0.028 0.010 
105   ZFCC01    (0)   :  0.020 0.005 0.004 0.004 0.947 0.005 0.004 0.004 0.003 0.004 
106   ZFCC03    (0)   :  0.009 0.003 0.003 0.005 0.958 0.003 0.008 0.005 0.003 0.003 
107   ZFCC04    (0)   :  0.007 0.003 0.003 0.006 0.960 0.003 0.006 0.004 0.003 0.004 
108   ZFCC05    (0)   :  0.011 0.005 0.005 0.006 0.940 0.004 0.012 0.006 0.005 0.006 
109   ZFCC08    (0)   :  0.010 0.002 0.003 0.016 0.937 0.003 0.005 0.010 0.007 0.006 
110   ZFCC09    (0)   :  0.012 0.004 0.004 0.004 0.956 0.003 0.008 0.004 0.003 0.003 
111   ZFCC10    (0)   :  0.046 0.004 0.004 0.004 0.923 0.004 0.004 0.005 0.003 0.003 
112   ZFCC11    (0)   :  0.012 0.004 0.004 0.004 0.949 0.003 0.011 0.005 0.004 0.004 
113   ZFCC12    (0)   :  0.040 0.011 0.015 0.005 0.854 0.048 0.008 0.005 0.007 0.007 
114   ZFCC13    (0)   :  0.004 0.003 0.006 0.007 0.932 0.008 0.008 0.008 0.013 0.010 
115   ZFCC14    (0)   :  0.009 0.008 0.005 0.008 0.943 0.005 0.004 0.010 0.004 0.003 
116   ZFCC15    (0)   :  0.006 0.004 0.006 0.004 0.953 0.005 0.005 0.004 0.004 0.009 
117   ZFCC16    (0)   :  0.007 0.005 0.004 0.005 0.960 0.004 0.004 0.004 0.004 0.005 
118   ZFCC17    (0)   :  0.006 0.005 0.004 0.003 0.960 0.008 0.005 0.003 0.003 0.003 
119   ZFCC18    (0)   :  0.010 0.004 0.004 0.007 0.952 0.004 0.008 0.004 0.004 0.004 
120   ZFCC19    (0)   :  0.003 0.005 0.006 0.004 0.959 0.006 0.003 0.003 0.004 0.008 
121   ZFCC20    (0)   :  0.004 0.004 0.004 0.006 0.956 0.003 0.007 0.004 0.006 0.006 
122   ZFCC21    (0)   :  0.006 0.005 0.007 0.027 0.865 0.006 0.003 0.029 0.012 0.041 
123   ZFCC22    (0)   :  0.017 0.003 0.003 0.041 0.689 0.005 0.006 0.160 0.069 0.006 
124   ZFCC26    (0)   :  0.006 0.004 0.003 0.004 0.962 0.003 0.005 0.003 0.003 0.005 
125   ZFCC27    (0)   :  0.005 0.003 0.003 0.004 0.965 0.003 0.007 0.004 0.003 0.003 
126   ZFCC29    (0)   :  0.006 0.008 0.005 0.005 0.951 0.004 0.004 0.004 0.005 0.008 
127   ZFCC30    (0)   :  0.003 0.003 0.003 0.005 0.961 0.003 0.010 0.003 0.004 0.004 
128   ZFCC32    (0)   :  0.007 0.003 0.006 0.005 0.947 0.008 0.005 0.004 0.006 0.010 
129   ZFCC33    (0)   :  0.005 0.006 0.006 0.003 0.957 0.004 0.007 0.004 0.004 0.004 
130   ZFCC34    (0)   :  0.013 0.018 0.005 0.016 0.810 0.014 0.042 0.051 0.026 0.006 
131   ZFCC35    (0)   :  0.004 0.002 0.003 0.005 0.968 0.003 0.004 0.004 0.004 0.004 
132   ZFCC36    (0)   :  0.005 0.004 0.005 0.010 0.932 0.010 0.004 0.008 0.008 0.013 
133   ZFCC37    (0)   :  0.051 0.009 0.018 0.006 0.835 0.045 0.008 0.009 0.010 0.010 
134   ZFCC40    (0)   :  0.009 0.004 0.004 0.004 0.956 0.006 0.003 0.006 0.004 0.003 
135   ZFCC42    (0)   :  0.006 0.022 0.015 0.010 0.289 0.528 0.108 0.005 0.011 0.005 
136   ZFCC44    (0)   :  0.003 0.003 0.004 0.003 0.964 0.004 0.010 0.003 0.003 0.002 
137   ZFCC45    (9)   :  0.017 0.006 0.011 0.004 0.927 0.011 0.007 0.005 0.004 0.007 
138   ZFCC46    (0)   :  0.003 0.003 0.003 0.024 0.929 0.003 0.009 0.008 0.011 0.006 
139   ZFCC47    (0)   :  0.043 0.007 0.006 0.006 0.892 0.027 0.005 0.005 0.005 0.005 
140   ZFCC48    (0)   :  0.006 0.005 0.004 0.029 0.909 0.003 0.004 0.022 0.008 0.010 
141   ZFCC50    (0)   :  0.005 0.004 0.003 0.003 0.966 0.004 0.003 0.003 0.003 0.004 
142   ZFCC51    (0)   :  0.006 0.004 0.003 0.004 0.961 0.003 0.010 0.003 0.003 0.003 
143   ZFCC52    (0)   :  0.004 0.004 0.004 0.010 0.945 0.006 0.005 0.010 0.007 0.005 
144   ZFCC53    (0)   :  0.005 0.004 0.003 0.003 0.967 0.003 0.006 0.003 0.003 0.003 
145  ZFCNS01    (0)   :  0.003 0.002 0.029 0.003 0.006 0.021 0.844 0.005 0.029 0.056 
146  ZFCNS02    (0)   :  0.003 0.002 0.003 0.004 0.004 0.002 0.971 0.003 0.004 0.003 
147  ZFCNS05    (0)   :  0.006 0.005 0.003 0.005 0.007 0.003 0.951 0.007 0.010 0.005 
148  ZFCNS06    (0)   :  0.003 0.003 0.003 0.005 0.005 0.003 0.968 0.004 0.004 0.003 
149  ZFCNS07    (0)   :  0.003 0.003 0.003 0.009 0.004 0.002 0.962 0.006 0.006 0.003 
150  ZFCNS10    (0)   :  0.003 0.003 0.003 0.006 0.004 0.003 0.954 0.008 0.014 0.003 
151  ZFCNS11    (0)   :  0.003 0.003 0.014 0.005 0.006 0.012 0.913 0.006 0.016 0.022 
152  ZFCNS15    (0)   :  0.003 0.004 0.004 0.007 0.004 0.003 0.911 0.015 0.045 0.004 
153  ZFCNS17    (0)   :  0.003 0.002 0.003 0.004 0.005 0.002 0.969 0.004 0.005 0.003 
154  ZFCNS18    (0)   :  0.003 0.003 0.003 0.004 0.005 0.003 0.955 0.008 0.014 0.003 
155  ZFCNS19    (0)   :  0.003 0.003 0.003 0.004 0.004 0.002 0.972 0.003 0.004 0.003 
156  ZFCNS20    (0)   :  0.003 0.003 0.003 0.014 0.006 0.003 0.936 0.011 0.017 0.005 
157  ZFCNS21    (0)   :  0.003 0.002 0.003 0.003 0.004 0.002 0.973 0.003 0.005 0.003 
158  ZFCNS22    (0)   :  0.005 0.005 0.004 0.005 0.006 0.003 0.946 0.010 0.013 0.005 
159  ZFCNS23    (0)   :  0.007 0.004 0.009 0.013 0.021 0.015 0.905 0.007 0.006 0.013 
160  ZFCNS24    (0)   :  0.003 0.003 0.003 0.006 0.009 0.003 0.956 0.005 0.009 0.004 
161  ZFCNS25    (0)   :  0.003 0.003 0.003 0.010 0.006 0.003 0.945 0.010 0.013 0.004 
162  ZFCNS26    (0)   :  0.003 0.003 0.003 0.004 0.003 0.002 0.968 0.004 0.007 0.003 
163  ZFCNS27    (0)   :  0.003 0.003 0.004 0.009 0.004 0.003 0.898 0.021 0.051 0.004 
164  ZFCNS28    (0)   :  0.003 0.004 0.002 0.004 0.004 0.002 0.969 0.004 0.005 0.003 
165  ZFCNS29    (0)   :  0.004 0.004 0.004 0.004 0.008 0.002 0.954 0.007 0.008 0.004 
166  ZFCNS30    (0)   :  0.005 0.004 0.003 0.003 0.006 0.003 0.960 0.005 0.007 0.004 
167  ZFCNS31    (0)   :  0.003 0.003 0.003 0.004 0.003 0.002 0.970 0.004 0.005 0.003 
168  ZFCNS32    (0)   :  0.004 0.003 0.003 0.006 0.005 0.003 0.955 0.006 0.010 0.005 
169  ZFCNS33    (0)   :  0.003 0.003 0.003 0.004 0.003 0.002 0.971 0.003 0.005 0.003 
170  ZFCNS34    (0)   :  0.004 0.003 0.003 0.004 0.011 0.002 0.955 0.004 0.007 0.005 
171  ZFCNS35    (0)   :  0.018 0.021 0.003 0.004 0.008 0.002 0.898 0.015 0.027 0.004 
172  ZFCNS36    (0)   :  0.003 0.002 0.003 0.008 0.010 0.003 0.953 0.006 0.007 0.004 
173  ZFCNS37    (0)   :  0.004 0.003 0.008 0.007 0.006 0.002 0.851 0.006 0.107 0.004 
174  ZFCNS39    (0)   :  0.003 0.002 0.005 0.023 0.016 0.003 0.901 0.008 0.025 0.014 
175  ZFCNS40    (0)   :  0.003 0.002 0.005 0.125 0.031 0.003 0.698 0.011 0.113 0.008 
176  ZFCNS41    (0)   :  0.007 0.005 0.008 0.006 0.016 0.004 0.269 0.018 0.657 0.011 
177  ZFCNS42    (0)   :  0.003 0.003 0.003 0.003 0.003 0.002 0.969 0.004 0.006 0.003 
178  ZFCNS43    (0)   :  0.003 0.002 0.003 0.003 0.004 0.002 0.973 0.003 0.004 0.003 
179  ZFCNS44    (0)   :  0.003 0.003 0.003 0.003 0.005 0.003 0.957 0.007 0.013 0.003 
180  ZFCNS46    (0)   :  0.004 0.003 0.004 0.004 0.005 0.003 0.956 0.006 0.010 0.005 
181  ZFCNS47    (0)   :  0.003 0.002 0.003 0.003 0.004 0.002 0.972 0.003 0.005 0.003 
182  ZFCNS48    (0)   :  0.004 0.004 0.003 0.006 0.006 0.004 0.926 0.010 0.034 0.004 
183  ZFCNS49    (0)   :  0.003 0.004 0.003 0.004 0.003 0.003 0.916 0.012 0.049 0.003 
184   ZFCR01    (0)   :  0.168 0.022 0.719 0.017 0.015 0.016 0.003 0.029 0.006 0.006 
185   ZFCR02    (0)   :  0.007 0.379 0.375 0.049 0.065 0.014 0.007 0.057 0.015 0.031 
186   ZFCR03    (0)   :  0.055 0.267 0.128 0.041 0.082 0.115 0.003 0.134 0.009 0.168 
187   ZFCR04    (0)   :  0.097 0.386 0.308 0.041 0.021 0.029 0.015 0.025 0.042 0.037 
188   ZFCR05    (0)   :  0.164 0.075 0.425 0.007 0.046 0.023 0.004 0.007 0.007 0.243 
189   ZFCR06    (0)   :  0.038 0.091 0.526 0.039 0.024 0.008 0.064 0.086 0.097 0.027 
190   ZFCR07    (0)   :  0.013 0.043 0.514 0.004 0.022 0.011 0.055 0.009 0.029 0.302 
191   ZFCR08    (0)   :  0.094 0.022 0.660 0.033 0.098 0.043 0.005 0.022 0.015 0.007 
192   ZFCR09    (0)   :  0.030 0.151 0.047 0.020 0.043 0.420 0.014 0.149 0.092 0.035 
193   ZFCR11    (0)   :  0.107 0.184 0.338 0.003 0.012 0.021 0.010 0.032 0.124 0.168 
194   ZFCR12    (0)   :  0.007 0.026 0.419 0.031 0.017 0.004 0.132 0.020 0.080 0.264 
195   ZFCR13    (0)   :  0.005 0.017 0.589 0.006 0.008 0.003 0.008 0.110 0.015 0.239 
196   ZFCR14    (0)   :  0.029 0.067 0.418 0.029 0.018 0.009 0.006 0.009 0.010 0.406 
197   ZFCR15    (0)   :  0.027 0.169 0.553 0.097 0.021 0.010 0.004 0.027 0.019 0.072 
198   ZFCR16    (0)   :  0.017 0.228 0.597 0.049 0.010 0.005 0.003 0.025 0.010 0.056 
199   ZFCR18    (0)   :  0.007 0.785 0.037 0.022 0.060 0.007 0.017 0.035 0.021 0.009 
200   ZFCR19    (0)   :  0.022 0.347 0.054 0.332 0.015 0.121 0.005 0.020 0.013 0.071 
201   ZFCR20    (0)   :  0.254 0.117 0.141 0.016 0.022 0.030 0.005 0.138 0.017 0.260 
202   ZFCR21    (0)   :  0.026 0.029 0.474 0.019 0.024 0.004 0.003 0.012 0.014 0.395 
203   ZFCR22    (0)   :  0.003 0.047 0.313 0.020 0.004 0.006 0.003 0.010 0.007 0.586 
204   ZFCR23    (0)   :  0.010 0.059 0.434 0.007 0.004 0.030 0.004 0.137 0.075 0.240 
205   ZFCR24    (9)   :  0.036 0.111 0.112 0.006 0.009 0.024 0.004 0.528 0.011 0.160 
206   ZFCR25    (0)   :  0.021 0.038 0.559 0.004 0.009 0.009 0.003 0.004 0.005 0.349 
207   ZFCR26    (0)   :  0.011 0.005 0.029 0.021 0.025 0.106 0.007 0.016 0.013 0.768 
208   ZFCR27    (9)   :  0.051 0.019 0.843 0.004 0.006 0.022 0.003 0.004 0.003 0.045 
209   ZFCR28    (0)   :  0.009 0.005 0.613 0.119 0.009 0.006 0.021 0.188 0.023 0.007 
210   ZFCR29    (0)   :  0.042 0.159 0.117 0.007 0.008 0.009 0.002 0.011 0.008 0.637 
211   ZFCR30    (0)   :  0.010 0.029 0.340 0.007 0.006 0.010 0.005 0.005 0.008 0.582 
212   ZFCR31    (0)   :  0.026 0.406 0.081 0.031 0.020 0.071 0.042 0.125 0.128 0.070 
213   ZFCR33    (0)   :  0.047 0.007 0.820 0.010 0.027 0.031 0.007 0.010 0.017 0.024 
214   ZFCR34    (0)   :  0.007 0.214 0.217 0.014 0.017 0.023 0.011 0.027 0.044 0.428 
215   ZFCR35    (0)   :  0.011 0.845 0.046 0.011 0.024 0.008 0.011 0.009 0.013 0.023 
216   ZFCR36    (0)   :  0.012 0.348 0.229 0.005 0.009 0.022 0.014 0.007 0.009 0.344 
217   ZFCR37    (0)   :  0.065 0.047 0.128 0.004 0.066 0.036 0.004 0.004 0.004 0.643 
218   ZFCR38    (0)   :  0.061 0.009 0.795 0.014 0.038 0.028 0.007 0.008 0.009 0.030 
219   ZFCR39    (0)   :  0.011 0.021 0.554 0.049 0.101 0.180 0.003 0.053 0.019 0.008 
220   ZFCR40    (0)   :  0.013 0.022 0.797 0.005 0.025 0.046 0.004 0.012 0.014 0.062 
221   ZFCR41    (0)   :  0.016 0.030 0.442 0.020 0.055 0.004 0.015 0.011 0.090 0.317 
222   ZFCR42    (0)   :  0.013 0.020 0.492 0.030 0.065 0.027 0.012 0.034 0.034 0.274 
223   ZFCR43    (0)   :  0.017 0.142 0.498 0.007 0.007 0.006 0.005 0.123 0.010 0.185 
224  ZFENP25    (0)   :  0.049 0.005 0.887 0.011 0.017 0.006 0.003 0.010 0.005 0.006 
225  ZFENP26    (0)   :  0.006 0.006 0.959 0.003 0.005 0.007 0.003 0.002 0.004 0.004 
226  ZFENP27    (0)   :  0.036 0.025 0.465 0.012 0.328 0.048 0.036 0.018 0.024 0.008 
227  ZFENP28    (0)   :  0.020 0.010 0.914 0.005 0.009 0.013 0.009 0.004 0.005 0.011 
228  ZFENP29    (0)   :  0.005 0.004 0.954 0.003 0.008 0.005 0.005 0.004 0.005 0.008 
229  ZFENP30    (0)   :  0.008 0.008 0.877 0.006 0.052 0.017 0.010 0.005 0.005 0.012 
230  ZFENP31    (0)   :  0.021 0.018 0.254 0.006 0.076 0.582 0.013 0.011 0.007 0.011 
231  ZFENP32    (0)   :  0.044 0.263 0.237 0.008 0.030 0.321 0.036 0.020 0.026 0.015 
232  ZFENP33    (0)   :  0.046 0.014 0.850 0.004 0.009 0.017 0.005 0.007 0.008 0.041 
233  ZFENP34    (0)   :  0.623 0.034 0.241 0.006 0.039 0.015 0.017 0.009 0.010 0.007 
234  ZFENP35    (0)   :  0.008 0.015 0.888 0.005 0.005 0.031 0.015 0.009 0.017 0.009 
235  ZFENP36    (0)   :  0.006 0.010 0.938 0.002 0.003 0.014 0.010 0.003 0.003 0.011 
236  ZFENP37    (0)   :  0.338 0.014 0.493 0.004 0.010 0.086 0.010 0.008 0.008 0.029 
237  ZFENP38    (0)   :  0.030 0.012 0.433 0.005 0.025 0.026 0.019 0.005 0.008 0.438 
238  ZFENP39    (0)   :  0.025 0.014 0.915 0.003 0.010 0.011 0.004 0.004 0.004 0.011 
239  ZFENP40    (0)   :  0.018 0.017 0.897 0.004 0.008 0.029 0.005 0.008 0.006 0.007 
240  ZFENP41    (0)   :  0.016 0.017 0.869 0.008 0.052 0.011 0.008 0.007 0.007 0.006 
241  ZFENP42    (0)   :  0.004 0.003 0.816 0.004 0.007 0.124 0.003 0.003 0.005 0.030 
242  ZFENP43    (0)   :  0.039 0.008 0.705 0.005 0.037 0.023 0.061 0.008 0.035 0.079 
243  ZFENP44    (0)   :  0.016 0.006 0.839 0.003 0.019 0.065 0.012 0.006 0.012 0.023 
244  ZFENP45    (0)   :  0.009 0.009 0.491 0.289 0.022 0.076 0.010 0.034 0.017 0.042 
245  ZFENP46    (0)   :  0.039 0.008 0.821 0.004 0.004 0.029 0.008 0.012 0.020 0.055 
246  ZFENP47    (0)   :  0.015 0.044 0.381 0.137 0.078 0.313 0.004 0.016 0.007 0.007 
247  ZFENP48    (0)   :  0.589 0.018 0.165 0.022 0.089 0.040 0.016 0.026 0.012 0.024 
248  ZFENP49    (0)   :  0.005 0.042 0.831 0.017 0.028 0.013 0.006 0.018 0.013 0.025 
249  ZFENP50    (0)   :  0.006 0.007 0.830 0.007 0.004 0.032 0.005 0.030 0.019 0.061 
250  ZFENP51    (0)   :  0.017 0.030 0.535 0.044 0.010 0.330 0.007 0.004 0.004 0.020 
251  ZFENP52    (0)   :  0.004 0.003 0.926 0.004 0.011 0.009 0.013 0.004 0.014 0.011 
252  ZFENP53    (0)   :  0.009 0.006 0.848 0.022 0.009 0.019 0.011 0.029 0.020 0.027 
253  ZFENP54    (0)   :  0.011 0.027 0.818 0.011 0.025 0.008 0.004 0.049 0.017 0.030 
254  ZFENP55    (0)   :  0.029 0.047 0.220 0.004 0.004 0.017 0.004 0.005 0.004 0.666 
255  ZFENP56    (0)   :  0.009 0.016 0.832 0.005 0.008 0.012 0.012 0.004 0.009 0.093 
256  ZFENP57    (0)   :  0.018 0.012 0.867 0.002 0.005 0.057 0.012 0.005 0.007 0.017 
257  ZFENP58    (0)   :  0.006 0.026 0.677 0.134 0.070 0.012 0.014 0.010 0.013 0.037 
258  ZFENP59    (0)   :  0.010 0.011 0.855 0.004 0.065 0.032 0.005 0.005 0.004 0.010 
259  ZFENP60    (0)   :  0.035 0.028 0.863 0.013 0.010 0.014 0.006 0.010 0.008 0.013 
260  ZFENP61    (0)   :  0.021 0.020 0.913 0.003 0.012 0.009 0.004 0.003 0.004 0.010 
261 ZFFDSP01    (0)   :  0.007 0.005 0.003 0.024 0.005 0.003 0.017 0.799 0.130 0.008 
262 ZFFDSP02    (0)   :  0.004 0.003 0.003 0.006 0.004 0.002 0.004 0.953 0.016 0.004 
263 ZFFDSP04    (0)   :  0.005 0.005 0.002 0.015 0.004 0.002 0.003 0.933 0.026 0.005 
264 ZFFDSP05    (0)   :  0.004 0.004 0.003 0.010 0.004 0.003 0.006 0.565 0.392 0.008 
265 ZFFDSP06    (0)   :  0.005 0.003 0.003 0.013 0.006 0.002 0.003 0.934 0.027 0.005 
266 ZFFDSP07    (0)   :  0.004 0.003 0.005 0.024 0.015 0.005 0.005 0.925 0.006 0.009 
267 ZFFDSP08    (0)   :  0.004 0.003 0.005 0.075 0.014 0.004 0.012 0.832 0.042 0.010 
268 ZFFDSP10    (0)   :  0.004 0.004 0.005 0.014 0.005 0.003 0.006 0.909 0.043 0.007 
269 ZFFDSP11    (0)   :  0.004 0.005 0.004 0.007 0.004 0.003 0.003 0.906 0.056 0.007 
270 ZFFDSP12    (0)   :  0.003 0.002 0.003 0.009 0.004 0.003 0.004 0.954 0.014 0.004 
271 ZFFDSP13    (0)   :  0.004 0.003 0.005 0.004 0.008 0.004 0.011 0.039 0.914 0.008 
272 ZFFDSP14    (0)   :  0.005 0.003 0.004 0.017 0.007 0.003 0.004 0.945 0.006 0.006 
273 ZFFDSP16    (0)   :  0.006 0.006 0.007 0.004 0.005 0.004 0.015 0.923 0.021 0.008 
274 ZFFDSP17    (0)   :  0.005 0.003 0.004 0.010 0.005 0.002 0.004 0.935 0.024 0.007 
275 ZFFDSP18    (0)   :  0.008 0.005 0.003 0.014 0.006 0.002 0.005 0.942 0.011 0.004 
276 ZFFDSP19    (0)   :  0.009 0.005 0.003 0.030 0.021 0.002 0.144 0.733 0.047 0.004 
277 ZFFDSP21    (0)   :  0.009 0.003 0.004 0.011 0.016 0.002 0.075 0.517 0.360 0.004 
278 ZFFDSP22    (0)   :  0.003 0.002 0.003 0.065 0.005 0.002 0.004 0.897 0.012 0.006 
279 ZFFDSP23    (0)   :  0.005 0.002 0.003 0.165 0.005 0.002 0.011 0.650 0.152 0.005 
280 ZFFDSP24    (0)   :  0.005 0.006 0.003 0.008 0.005 0.003 0.013 0.555 0.395 0.006 
281 ZFFDSP26    (9)   :  0.004 0.004 0.003 0.014 0.005 0.003 0.007 0.721 0.235 0.005 
282 ZFFDSP27    (0)   :  0.005 0.004 0.003 0.007 0.004 0.002 0.008 0.939 0.023 0.004 
283 ZFFDSP28    (0)   :  0.035 0.039 0.008 0.010 0.010 0.015 0.006 0.803 0.059 0.015 
284 ZFFDSP30    (0)   :  0.008 0.045 0.005 0.009 0.008 0.007 0.037 0.376 0.497 0.009 
285 ZFFDSP31    (0)   :  0.008 0.003 0.004 0.006 0.006 0.002 0.008 0.939 0.019 0.005 
286 ZFFDSP32    (0)   :  0.005 0.002 0.003 0.006 0.003 0.003 0.005 0.950 0.018 0.004 
287 ZFFDSP33    (0)   :  0.004 0.003 0.003 0.006 0.003 0.003 0.005 0.945 0.025 0.003 
288 ZFFDSP34    (0)   :  0.005 0.003 0.003 0.011 0.007 0.002 0.006 0.937 0.021 0.005 
289 ZFFDSP35    (0)   :  0.005 0.005 0.003 0.007 0.004 0.002 0.005 0.634 0.329 0.005 
290 ZFFDSP37    (0)   :  0.005 0.004 0.003 0.004 0.004 0.002 0.006 0.944 0.023 0.004 
291 ZFFDSP38    (0)   :  0.005 0.005 0.003 0.005 0.004 0.003 0.007 0.951 0.014 0.004 
292 ZFFDSP39    (0)   :  0.003 0.004 0.003 0.009 0.003 0.002 0.007 0.222 0.744 0.003 
293 ZFFDSP40    (0)   :  0.004 0.006 0.003 0.005 0.004 0.003 0.009 0.432 0.532 0.003 
294 ZFFDSP42    (0)   :  0.004 0.004 0.003 0.080 0.005 0.002 0.011 0.762 0.123 0.005 
295 ZFFDSP43    (0)   :  0.004 0.004 0.003 0.009 0.004 0.002 0.012 0.922 0.036 0.004 
296 ZFFDSP44    (0)   :  0.005 0.006 0.003 0.005 0.004 0.003 0.012 0.719 0.238 0.005 
297 ZFFDSP45    (0)   :  0.004 0.005 0.004 0.005 0.005 0.002 0.008 0.926 0.036 0.005 
298 ZFFDSP46    (0)   :  0.004 0.005 0.004 0.011 0.006 0.002 0.011 0.885 0.066 0.006 
299 ZFFDSP47    (0)   :  0.004 0.004 0.003 0.013 0.004 0.003 0.012 0.235 0.718 0.005 
300 ZFFDSP48    (0)   :  0.004 0.004 0.004 0.006 0.004 0.003 0.013 0.264 0.695 0.004 
301    ZFI01    (0)   :  0.037 0.882 0.010 0.005 0.011 0.028 0.008 0.005 0.005 0.008 
302    ZFI02    (0)   :  0.023 0.926 0.005 0.005 0.004 0.012 0.009 0.005 0.005 0.006 
303    ZFI03    (0)   :  0.048 0.907 0.006 0.003 0.006 0.005 0.009 0.004 0.005 0.007 
304    ZFI04    (0)   :  0.837 0.114 0.008 0.003 0.004 0.015 0.006 0.004 0.004 0.006 
305    ZFI05    (0)   :  0.007 0.943 0.006 0.003 0.005 0.004 0.017 0.004 0.006 0.004 
306    ZFI06    (0)   :  0.034 0.773 0.021 0.003 0.004 0.012 0.094 0.015 0.036 0.009 
307    ZFI07    (0)   :  0.617 0.346 0.006 0.003 0.005 0.005 0.005 0.004 0.004 0.006 
308    ZFI08    (0)   :  0.110 0.837 0.011 0.003 0.006 0.010 0.005 0.004 0.003 0.011 
309    ZFI09    (0)   :  0.022 0.934 0.007 0.003 0.004 0.009 0.007 0.004 0.005 0.006 
310    ZFI10    (0)   :  0.041 0.849 0.008 0.004 0.005 0.011 0.062 0.006 0.007 0.006 
311    ZFI11    (0)   :  0.123 0.819 0.007 0.003 0.005 0.019 0.009 0.004 0.004 0.007 
312    ZFI12    (0)   :  0.100 0.841 0.007 0.004 0.007 0.005 0.015 0.005 0.005 0.012 
313    ZFI13    (0)   :  0.019 0.932 0.009 0.003 0.008 0.007 0.006 0.005 0.005 0.007 
314    ZFI14    (0)   :  0.010 0.946 0.005 0.003 0.005 0.004 0.008 0.008 0.007 0.004 
315    ZFI15    (0)   :  0.010 0.958 0.006 0.002 0.004 0.004 0.005 0.003 0.004 0.004 
316    ZFI16    (0)   :  0.017 0.948 0.006 0.003 0.005 0.003 0.007 0.003 0.004 0.005 
317    ZFI17    (0)   :  0.070 0.878 0.009 0.003 0.005 0.008 0.012 0.004 0.005 0.007 
318    ZFI18    (0)   :  0.019 0.945 0.007 0.002 0.003 0.006 0.006 0.003 0.004 0.004 
319    ZFI19    (9)   :  0.012 0.958 0.005 0.002 0.003 0.004 0.005 0.003 0.003 0.005 
320    ZFI20    (0)   :  0.010 0.954 0.005 0.003 0.004 0.004 0.005 0.005 0.005 0.005 
321    ZFI21    (0)   :  0.006 0.954 0.003 0.003 0.003 0.003 0.007 0.007 0.008 0.004 
322    ZFI22    (0)   :  0.029 0.928 0.005 0.004 0.007 0.009 0.004 0.005 0.004 0.005 
323    ZFI23    (0)   :  0.029 0.930 0.006 0.003 0.005 0.004 0.007 0.004 0.005 0.007 
324    ZFI24    (0)   :  0.061 0.883 0.007 0.003 0.008 0.004 0.012 0.005 0.006 0.010 
325    ZFI25    (0)   :  0.060 0.894 0.008 0.004 0.007 0.005 0.007 0.005 0.005 0.006 
326    ZFI26    (0)   :  0.079 0.877 0.007 0.003 0.009 0.004 0.005 0.004 0.004 0.007 
327    ZFI27    (0)   :  0.048 0.867 0.007 0.003 0.006 0.005 0.040 0.005 0.008 0.011 
328    ZFK01    (0)   :  0.005 0.005 0.010 0.007 0.916 0.012 0.015 0.009 0.010 0.011 
329    ZFK02    (0)   :  0.005 0.008 0.013 0.007 0.913 0.007 0.014 0.009 0.010 0.013 
330    ZFK03    (0)   :  0.007 0.008 0.010 0.006 0.915 0.019 0.009 0.009 0.008 0.009 
331    ZFK04    (0)   :  0.009 0.017 0.016 0.005 0.849 0.072 0.008 0.007 0.007 0.011 
332    ZFK05    (0)   :  0.009 0.012 0.011 0.004 0.778 0.158 0.011 0.006 0.006 0.006 
333    ZFK06    (0)   :  0.012 0.021 0.024 0.004 0.896 0.014 0.007 0.006 0.006 0.010 
334    ZFK07    (0)   :  0.004 0.004 0.008 0.007 0.917 0.019 0.007 0.008 0.012 0.013 
335    ZFK08    (0)   :  0.011 0.019 0.041 0.006 0.708 0.137 0.004 0.009 0.010 0.054 
336    ZFK10    (0)   :  0.011 0.018 0.012 0.006 0.900 0.021 0.007 0.007 0.006 0.012 
337    ZFK11    (0)   :  0.009 0.007 0.022 0.004 0.887 0.042 0.007 0.007 0.007 0.008 
338    ZFK12    (0)   :  0.004 0.004 0.010 0.012 0.887 0.011 0.006 0.012 0.016 0.039 
339    ZFK13    (0)   :  0.004 0.004 0.010 0.012 0.827 0.040 0.007 0.042 0.038 0.015 
340    ZFK14    (0)   :  0.004 0.004 0.005 0.011 0.920 0.015 0.009 0.011 0.014 0.008 
341    ZFK15    (0)   :  0.006 0.008 0.016 0.008 0.704 0.147 0.010 0.051 0.035 0.015 
342    ZFK16    (0)   :  0.004 0.003 0.008 0.012 0.898 0.013 0.009 0.020 0.018 0.015 
343   ZFLB01    (0)   :  0.006 0.009 0.006 0.004 0.003 0.941 0.006 0.011 0.011 0.004 
344   ZFLB02    (0)   :  0.059 0.009 0.091 0.005 0.003 0.812 0.004 0.004 0.005 0.008 
345   ZFLB03    (0)   :  0.011 0.007 0.112 0.006 0.005 0.756 0.081 0.005 0.008 0.009 
346   ZFLB04    (0)   :  0.005 0.016 0.010 0.005 0.006 0.678 0.233 0.016 0.027 0.004 
347   ZFLB05    (0)   :  0.007 0.016 0.008 0.003 0.003 0.922 0.021 0.006 0.012 0.004 
348   ZFLB06    (0)   :  0.004 0.004 0.007 0.004 0.009 0.949 0.005 0.006 0.006 0.004 
349   ZFLB07    (0)   :  0.005 0.005 0.076 0.008 0.019 0.659 0.150 0.020 0.044 0.015 
350   ZFLB08    (0)   :  0.039 0.013 0.061 0.004 0.004 0.850 0.006 0.005 0.006 0.011 
351   ZFLB09    (9)   :  0.005 0.005 0.006 0.003 0.006 0.958 0.003 0.005 0.004 0.004 
352   ZFLB10    (0)   :  0.004 0.007 0.005 0.002 0.003 0.957 0.009 0.004 0.006 0.003 
353   ZFLB11    (0)   :  0.003 0.003 0.007 0.009 0.012 0.942 0.004 0.006 0.007 0.008 
354   ZFLB12    (0)   :  0.005 0.004 0.007 0.002 0.005 0.963 0.004 0.003 0.003 0.004 
355   ZFLB13    (0)   :  0.008 0.004 0.046 0.004 0.011 0.878 0.009 0.009 0.017 0.014 
356  ZFLTI01    (0)   :  0.005 0.004 0.004 0.010 0.026 0.002 0.009 0.014 0.919 0.007 
357  ZFLTI02    (0)   :  0.008 0.003 0.004 0.012 0.061 0.002 0.038 0.018 0.847 0.007 
358  ZFLTI03    (0)   :  0.005 0.003 0.003 0.010 0.008 0.002 0.012 0.008 0.943 0.006 
359  ZFLTI04    (0)   :  0.007 0.004 0.005 0.006 0.011 0.003 0.019 0.011 0.927 0.008 
360  ZFLTI05    (0)   :  0.006 0.003 0.003 0.005 0.008 0.003 0.017 0.008 0.944 0.004 
361  ZFLTI06    (0)   :  0.004 0.004 0.003 0.009 0.006 0.002 0.006 0.013 0.949 0.004 
362  ZFLTI07    (0)   :  0.005 0.005 0.004 0.004 0.005 0.002 0.006 0.013 0.950 0.006 
363  ZFLTI08    (0)   :  0.012 0.004 0.004 0.005 0.006 0.003 0.022 0.008 0.928 0.007 
364  ZFLTI09    (0)   :  0.011 0.004 0.003 0.004 0.006 0.003 0.007 0.015 0.940 0.005 
365  ZFLTI10    (0)   :  0.007 0.004 0.004 0.005 0.010 0.002 0.007 0.015 0.943 0.004 
366  ZFLTI11    (0)   :  0.006 0.003 0.003 0.019 0.007 0.002 0.010 0.017 0.927 0.005 
367  ZFLTI12    (0)   :  0.006 0.003 0.003 0.014 0.017 0.002 0.010 0.013 0.926 0.005 
368  ZFLTI13    (0)   :  0.006 0.004 0.004 0.014 0.022 0.002 0.058 0.008 0.873 0.008 
369  ZFLTI14    (0)   :  0.013 0.004 0.004 0.004 0.083 0.002 0.182 0.043 0.659 0.006 
370 ZFONF101    (0)   :  0.003 0.003 0.003 0.007 0.002 0.002 0.003 0.968 0.006 0.003 
371 ZFONF102    (0)   :  0.004 0.004 0.008 0.026 0.003 0.011 0.003 0.931 0.006 0.004 
372 ZFONF103    (0)   :  0.006 0.004 0.006 0.016 0.014 0.003 0.060 0.785 0.099 0.007 
373 ZFONF104    (0)   :  0.003 0.002 0.002 0.029 0.004 0.002 0.003 0.943 0.009 0.003 
374 ZFONF105    (0)   :  0.003 0.003 0.004 0.125 0.005 0.003 0.009 0.814 0.031 0.004 
375 ZFONF106    (0)   :  0.005 0.003 0.002 0.007 0.003 0.002 0.004 0.965 0.005 0.002 
376 ZFONF107    (0)   :  0.015 0.015 0.043 0.008 0.017 0.043 0.015 0.794 0.045 0.006 
377 ZFONF108    (0)   :  0.007 0.004 0.009 0.010 0.018 0.008 0.029 0.871 0.040 0.004 
378 ZFONF109    (9)   :  0.007 0.003 0.005 0.034 0.016 0.006 0.011 0.887 0.028 0.003 
379 ZFONF110    (0)   :  0.002 0.002 0.002 0.017 0.005 0.002 0.005 0.950 0.012 0.003 
380 ZFONF111    (0)   :  0.012 0.009 0.020 0.020 0.008 0.016 0.006 0.794 0.094 0.021 
381 ZFONF112    (0)   :  0.012 0.003 0.003 0.182 0.007 0.003 0.014 0.760 0.014 0.003 
382 ZFONF113    (9)   :  0.003 0.002 0.004 0.009 0.006 0.004 0.007 0.936 0.020 0.007 
383 ZFONF115    (0)   :  0.008 0.003 0.004 0.017 0.006 0.003 0.011 0.935 0.009 0.004 
384 ZFONF116    (0)   :  0.008 0.004 0.004 0.022 0.005 0.003 0.012 0.930 0.008 0.004 
385 ZFONF117    (0)   :  0.006 0.005 0.005 0.046 0.012 0.004 0.039 0.316 0.562 0.005 
386 ZFONF118    (0)   :  0.011 0.004 0.004 0.015 0.009 0.002 0.011 0.910 0.029 0.005 
387 ZFONF119    (0)   :  0.003 0.003 0.004 0.019 0.010 0.005 0.004 0.939 0.008 0.005 
388 ZFONF120    (0)   :  0.003 0.003 0.004 0.039 0.019 0.005 0.004 0.899 0.014 0.010 
389 ZFONF121    (0)   :  0.004 0.003 0.004 0.087 0.005 0.004 0.007 0.867 0.014 0.005 
390 ZFONF122    (0)   :  0.010 0.004 0.006 0.008 0.019 0.003 0.019 0.624 0.298 0.009 
391 ZFONF123    (0)   :  0.004 0.006 0.013 0.024 0.005 0.039 0.004 0.892 0.009 0.005 
392 ZFONF124    (0)   :  0.003 0.003 0.004 0.025 0.008 0.006 0.006 0.926 0.015 0.003 
393 ZFONF125    (0)   :  0.004 0.007 0.027 0.140 0.036 0.038 0.007 0.671 0.056 0.014 
394 ZFONF126    (0)   :  0.007 0.004 0.004 0.007 0.014 0.003 0.010 0.923 0.019 0.008 
395 ZFONF201    (0)   :  0.062 0.084 0.016 0.622 0.030 0.028 0.004 0.094 0.051 0.011 
396 ZFONF202    (0)   :  0.005 0.003 0.003 0.900 0.010 0.002 0.003 0.055 0.012 0.007 
397 ZFONF203    (0)   :  0.004 0.003 0.004 0.952 0.007 0.003 0.003 0.008 0.006 0.010 
398 ZFONF204    (0)   :  0.010 0.006 0.008 0.910 0.034 0.007 0.003 0.007 0.009 0.006 
399 ZFONF206    (0)   :  0.011 0.011 0.022 0.912 0.009 0.013 0.003 0.006 0.005 0.007 
400 ZFONF207    (0)   :  0.004 0.003 0.005 0.959 0.004 0.003 0.004 0.006 0.005 0.005 
401 ZFONF208    (0)   :  0.005 0.005 0.004 0.868 0.009 0.004 0.006 0.048 0.044 0.008 
402 ZFONF209    (0)   :  0.013 0.011 0.008 0.895 0.030 0.008 0.010 0.008 0.013 0.007 
403 ZFONF210    (0)   :  0.003 0.003 0.002 0.954 0.004 0.002 0.008 0.009 0.011 0.003 
404 ZFONF211    (0)   :  0.004 0.004 0.010 0.861 0.014 0.015 0.015 0.035 0.027 0.015 
405 ZFONF212    (0)   :  0.003 0.003 0.002 0.955 0.003 0.002 0.006 0.010 0.012 0.003 
406 ZFONF214    (0)   :  0.003 0.002 0.006 0.903 0.008 0.006 0.003 0.044 0.011 0.014 
407 ZFONF215    (0)   :  0.003 0.002 0.003 0.955 0.005 0.002 0.004 0.016 0.006 0.004 
408 ZFONF216    (0)   :  0.002 0.002 0.003 0.967 0.004 0.003 0.006 0.005 0.006 0.004 
409 ZFONF217    (0)   :  0.004 0.002 0.003 0.915 0.004 0.003 0.004 0.054 0.007 0.004 
410 ZFONF218    (0)   :  0.003 0.003 0.007 0.955 0.003 0.008 0.004 0.005 0.006 0.005 
411 ZFONF219    (0)   :  0.002 0.002 0.002 0.975 0.003 0.002 0.003 0.005 0.004 0.002 
412 ZFONF220    (0)   :  0.006 0.002 0.003 0.935 0.006 0.003 0.004 0.033 0.005 0.004 
413 ZFONF222    (0)   :  0.003 0.003 0.005 0.962 0.003 0.007 0.004 0.004 0.004 0.006 
414 ZFONF223    (0)   :  0.005 0.004 0.006 0.952 0.004 0.007 0.003 0.009 0.004 0.006 
415 ZFONF224    (0)   :  0.002 0.002 0.002 0.973 0.003 0.002 0.004 0.004 0.004 0.003 
416 ZFONF225    (0)   :  0.002 0.002 0.003 0.968 0.003 0.002 0.004 0.007 0.005 0.003 
417 ZFONF226    (0)   :  0.003 0.003 0.003 0.954 0.006 0.003 0.004 0.008 0.007 0.008 
418 ZFONF227    (0)   :  0.002 0.002 0.002 0.974 0.003 0.002 0.004 0.005 0.004 0.003 
419 ZFONF228    (0)   :  0.006 0.004 0.004 0.941 0.005 0.004 0.012 0.009 0.009 0.004 
420 ZFONF230    (0)   :  0.002 0.002 0.003 0.957 0.005 0.002 0.003 0.013 0.009 0.004 
421 ZFONF231    (0)   :  0.003 0.002 0.005 0.948 0.006 0.005 0.004 0.009 0.008 0.011 
422 ZFONF232    (0)   :  0.003 0.002 0.003 0.969 0.003 0.002 0.003 0.008 0.004 0.003 
423 ZFONF233    (0)   :  0.003 0.002 0.003 0.969 0.005 0.002 0.005 0.005 0.004 0.003 
424 ZFONF234    (0)   :  0.006 0.005 0.024 0.897 0.009 0.004 0.013 0.012 0.021 0.008 
425 ZFONF235    (0)   :  0.002 0.002 0.003 0.975 0.003 0.002 0.003 0.004 0.003 0.003 
426 ZFONF236    (0)   :  0.029 0.020 0.020 0.842 0.019 0.012 0.029 0.013 0.011 0.005 
427 ZFONF238    (0)   :  0.004 0.003 0.003 0.959 0.006 0.002 0.003 0.008 0.006 0.007 
428 ZFONF239    (0)   :  0.012 0.005 0.006 0.946 0.011 0.004 0.004 0.005 0.004 0.004 
