

----------------------------------------------------
STRUCTURE by Pritchard, Stephens and Donnelly (2000)
     and Falush, Stephens and Pritchard (2003)
       Code by Pritchard, Falush and Hubisz
             Version 2.3.4 (Jul 2012)
----------------------------------------------------



Command line arguments:   bin\structure -m C:\Users\eschumacher\Documents\GitHub\GCC_QUAC_ZAIN\Data_Files\Structure_Files\ZAIN\ZAIN_wild_rebinned_nopopinfo\50-50\mainparams -e C:\Users\eschumacher\Documents\GitHub\GCC_QUAC_ZAIN\Data_Files\Structure_Files\ZAIN\ZAIN_wild_rebinned_nopopinfo\50-50\extraparams 
Input File:    C:\Users\eschumacher\Documents\GitHub\GCC_QUAC_ZAIN\Data_Files\Structure_Files\ZAIN\ZAIN_wild_rebinned_nopopinfo\project_data

Run parameters:
   751 individuals
   11 loci
   9 populations assumed
   50000 Burn-in period
   50000 Reps


--------------------------------------------
Overall proportion of membership of the
sample in each of the 9 clusters

Inferred Clusters
  1      2      3      4      5      6      7      8      9    
0.089  0.105  0.111  0.068  0.142  0.197  0.114  0.075  0.100  

--------------------------------------------

Allele-freq. divergence among pops (Net nucleotide distance),
computed using point estimates of P.

      1       2       3       4       5       6       7       8       9      
 1      -    0.0839  0.1059  0.3558  0.2457  0.2485  0.1606  0.1749  0.1991  
 2   0.0839     -    0.1183  0.3549  0.2441  0.2386  0.1874  0.1943  0.1682  
 3   0.1059  0.1183     -    0.2543  0.1428  0.1761  0.1088  0.0954  0.1017  
 4   0.3558  0.3549  0.2543     -    0.1751  0.1075  0.1818  0.1698  0.3437  
 5   0.2457  0.2441  0.1428  0.1751     -    0.1087  0.1237  0.1450  0.2865  
 6   0.2485  0.2386  0.1761  0.1075  0.1087     -    0.1665  0.1510  0.2746  
 7   0.1606  0.1874  0.1088  0.1818  0.1237  0.1665     -    0.1388  0.2139  
 8   0.1749  0.1943  0.0954  0.1698  0.1450  0.1510  0.1388     -    0.2262  
 9   0.1991  0.1682  0.1017  0.3437  0.2865  0.2746  0.2139  0.2262     -    

Average distances (expected heterozygosity) between individuals in same cluster:
cluster  1  : 0.3595 
cluster  2  : 0.4854 
cluster  3  : 0.5590 
cluster  4  : 0.3673 
cluster  5  : 0.3938 
cluster  6  : 0.4111 
cluster  7  : 0.4315 
cluster  8  : 0.4462 
cluster  9  : 0.4258 

--------------------------------------------
Estimated Ln Prob of Data   = -13811.8
Mean value of ln likelihood = -13434.7
Variance of ln likelihood   = 754.1
Mean value of alpha         = 0.0326

Mean value of Fst_1         = 0.4464
Mean value of Fst_2         = 0.4045
Mean value of Fst_3         = 0.1104
Mean value of Fst_4         = 0.4460
Mean value of Fst_5         = 0.4854
Mean value of Fst_6         = 0.3720
Mean value of Fst_7         = 0.4148
Mean value of Fst_8         = 0.3210
Mean value of Fst_9         = 0.4144


Inferred ancestry of individuals:
        Label (%Miss) :  Inferred clusters
  1    ZFB01    (0)   :  0.010 0.965 0.004 0.003 0.003 0.003 0.004 0.003 0.006 
  2    ZFB02    (0)   :  0.014 0.924 0.008 0.003 0.003 0.003 0.009 0.005 0.030 
  3    ZFB03    (0)   :  0.022 0.900 0.020 0.002 0.019 0.011 0.007 0.012 0.005 
  4    ZFB04    (0)   :  0.007 0.948 0.005 0.003 0.002 0.004 0.006 0.004 0.022 
  5    ZFB05    (0)   :  0.010 0.758 0.041 0.009 0.007 0.003 0.013 0.021 0.140 
  6    ZFB06    (0)   :  0.009 0.833 0.038 0.011 0.008 0.003 0.009 0.018 0.071 
  7    ZFB07    (9)   :  0.086 0.834 0.036 0.007 0.006 0.006 0.004 0.013 0.009 
  8    ZFB08    (0)   :  0.033 0.906 0.006 0.006 0.006 0.007 0.008 0.021 0.005 
  9    ZFB09    (0)   :  0.009 0.967 0.004 0.002 0.003 0.003 0.003 0.004 0.004 
 10    ZFB10    (0)   :  0.005 0.954 0.004 0.005 0.004 0.012 0.006 0.005 0.006 
 11    ZFB11    (0)   :  0.005 0.965 0.003 0.003 0.002 0.005 0.004 0.003 0.009 
 12    ZFB12    (0)   :  0.006 0.919 0.012 0.003 0.005 0.006 0.004 0.021 0.023 
 13    ZFB13    (0)   :  0.009 0.938 0.007 0.007 0.006 0.011 0.006 0.011 0.006 
 14    ZFB14    (0)   :  0.007 0.966 0.004 0.003 0.003 0.005 0.005 0.004 0.003 
 15    ZFB15    (0)   :  0.008 0.967 0.003 0.002 0.002 0.002 0.003 0.004 0.008 
 16    ZFB16    (0)   :  0.006 0.956 0.005 0.004 0.004 0.006 0.003 0.008 0.009 
 17    ZFB17    (0)   :  0.007 0.885 0.010 0.009 0.005 0.009 0.020 0.032 0.023 
 18    ZFB18    (0)   :  0.006 0.973 0.003 0.002 0.002 0.003 0.004 0.003 0.003 
 19    ZFB19    (0)   :  0.061 0.714 0.068 0.012 0.018 0.044 0.005 0.070 0.008 
 20    ZFB20    (0)   :  0.006 0.937 0.006 0.004 0.004 0.007 0.005 0.007 0.025 
 21    ZFB21    (0)   :  0.007 0.966 0.006 0.002 0.003 0.002 0.003 0.003 0.007 
 22    ZFB22    (0)   :  0.006 0.902 0.008 0.009 0.006 0.009 0.007 0.010 0.043 
 23    ZFB23    (0)   :  0.004 0.965 0.004 0.003 0.003 0.005 0.004 0.003 0.010 
 24    ZFB24    (0)   :  0.005 0.959 0.004 0.003 0.003 0.004 0.004 0.003 0.015 
 25    ZFB25    (0)   :  0.004 0.966 0.003 0.003 0.004 0.009 0.003 0.003 0.004 
 26    ZFB26    (0)   :  0.004 0.948 0.005 0.003 0.004 0.009 0.005 0.003 0.019 
 27    ZFB27    (0)   :  0.005 0.953 0.005 0.002 0.003 0.004 0.003 0.002 0.023 
 28    ZFB28    (0)   :  0.005 0.848 0.031 0.003 0.006 0.007 0.011 0.016 0.074 
 29    ZFB29    (0)   :  0.005 0.967 0.004 0.002 0.002 0.003 0.006 0.003 0.008 
 30    ZFB30    (0)   :  0.019 0.748 0.100 0.016 0.007 0.004 0.004 0.017 0.084 
 31    ZFB31    (0)   :  0.009 0.956 0.005 0.004 0.004 0.010 0.004 0.004 0.005 
 32    ZFB32    (0)   :  0.008 0.822 0.029 0.004 0.008 0.012 0.032 0.034 0.050 
 33    ZFB33    (0)   :  0.005 0.972 0.004 0.002 0.002 0.003 0.003 0.003 0.007 
 34    ZFB34    (0)   :  0.017 0.956 0.005 0.003 0.003 0.003 0.005 0.005 0.004 
 35    ZFB35    (0)   :  0.017 0.950 0.005 0.003 0.004 0.005 0.005 0.004 0.007 
 36  ZFBP101    (0)   :  0.007 0.012 0.011 0.047 0.089 0.667 0.141 0.017 0.009 
 37  ZFBP102    (0)   :  0.007 0.017 0.014 0.015 0.021 0.887 0.017 0.009 0.013 
 38  ZFBP103    (0)   :  0.004 0.008 0.009 0.016 0.312 0.370 0.264 0.009 0.007 
 39  ZFBP104    (0)   :  0.028 0.020 0.015 0.008 0.079 0.800 0.004 0.039 0.006 
 40  ZFBP105    (0)   :  0.006 0.005 0.005 0.005 0.029 0.934 0.006 0.006 0.004 
 41  ZFBP106    (0)   :  0.003 0.003 0.003 0.009 0.048 0.919 0.007 0.005 0.003 
 42  ZFBP107    (0)   :  0.005 0.006 0.012 0.004 0.057 0.883 0.009 0.008 0.015 
 43  ZFBP108    (0)   :  0.004 0.003 0.003 0.004 0.007 0.971 0.003 0.003 0.003 
 44  ZFBP109    (0)   :  0.006 0.003 0.005 0.005 0.006 0.965 0.004 0.004 0.002 
 45  ZFBP110    (0)   :  0.015 0.063 0.039 0.006 0.173 0.646 0.034 0.016 0.008 
 46  ZFBP111    (0)   :  0.003 0.003 0.005 0.216 0.065 0.680 0.005 0.019 0.004 
 47  ZFBP112    (0)   :  0.005 0.003 0.004 0.041 0.011 0.912 0.011 0.008 0.005 
 48  ZFBP113    (0)   :  0.004 0.003 0.004 0.004 0.006 0.967 0.003 0.006 0.003 
 49  ZFBP114    (0)   :  0.004 0.003 0.006 0.006 0.011 0.954 0.006 0.003 0.006 
 50  ZFBP115    (0)   :  0.003 0.003 0.005 0.017 0.427 0.517 0.014 0.010 0.004 
 51  ZFBP116    (0)   :  0.003 0.003 0.005 0.006 0.011 0.959 0.004 0.007 0.003 
 52  ZFBP117    (0)   :  0.003 0.003 0.004 0.006 0.007 0.963 0.007 0.004 0.002 
 53  ZFBP118    (0)   :  0.003 0.004 0.006 0.008 0.010 0.955 0.005 0.003 0.007 
 54  ZFBP119    (0)   :  0.004 0.003 0.006 0.018 0.125 0.791 0.035 0.015 0.003 
 55  ZFBP120    (0)   :  0.006 0.005 0.006 0.005 0.025 0.938 0.004 0.007 0.005 
 56  ZFBP121    (0)   :  0.006 0.005 0.004 0.006 0.012 0.953 0.008 0.005 0.003 
 57  ZFBP122    (9)   :  0.004 0.003 0.003 0.011 0.011 0.953 0.004 0.007 0.003 
 58  ZFBP123    (0)   :  0.005 0.003 0.005 0.014 0.007 0.938 0.013 0.009 0.007 
 59  ZFBP124    (0)   :  0.008 0.005 0.004 0.005 0.006 0.960 0.005 0.004 0.004 
 60  ZFBP125    (0)   :  0.002 0.002 0.003 0.016 0.012 0.951 0.007 0.004 0.002 
 61  ZFBP126    (0)   :  0.006 0.011 0.015 0.006 0.006 0.897 0.027 0.020 0.011 
 62  ZFBP127    (0)   :  0.004 0.003 0.004 0.005 0.069 0.895 0.015 0.003 0.003 
 63  ZFBP128    (0)   :  0.004 0.003 0.002 0.021 0.015 0.936 0.011 0.004 0.002 
 64  ZFBP129    (0)   :  0.006 0.004 0.005 0.122 0.006 0.839 0.010 0.005 0.003 
 65  ZFBP130    (0)   :  0.002 0.002 0.003 0.050 0.015 0.901 0.017 0.007 0.003 
 66  ZFBP131    (0)   :  0.004 0.003 0.003 0.004 0.004 0.969 0.004 0.005 0.003 
 67  ZFBP132    (0)   :  0.003 0.004 0.003 0.004 0.009 0.968 0.004 0.003 0.003 
 68  ZFBP133    (0)   :  0.005 0.003 0.002 0.174 0.004 0.797 0.007 0.005 0.002 
 69  ZFBP134    (0)   :  0.004 0.004 0.004 0.015 0.158 0.758 0.042 0.011 0.003 
 70  ZFBP135    (0)   :  0.009 0.016 0.009 0.014 0.044 0.642 0.254 0.008 0.005 
 71  ZFBP136    (0)   :  0.004 0.003 0.005 0.046 0.041 0.787 0.100 0.007 0.007 
 72  ZFBP201    (0)   :  0.005 0.004 0.006 0.005 0.010 0.952 0.005 0.007 0.006 
 73  ZFBP202    (0)   :  0.007 0.005 0.004 0.008 0.011 0.953 0.004 0.005 0.003 
 74  ZFBP203    (0)   :  0.007 0.006 0.024 0.018 0.007 0.868 0.006 0.025 0.040 
 75  ZFBP204    (0)   :  0.005 0.004 0.005 0.021 0.053 0.880 0.019 0.008 0.005 
 76  ZFBP205    (0)   :  0.004 0.002 0.004 0.011 0.004 0.955 0.009 0.005 0.005 
 77  ZFBP206    (0)   :  0.008 0.003 0.005 0.045 0.005 0.901 0.014 0.011 0.007 
 78  ZFBP207    (0)   :  0.004 0.004 0.004 0.008 0.188 0.771 0.013 0.005 0.003 
 79  ZFBP208    (0)   :  0.004 0.003 0.007 0.009 0.005 0.941 0.008 0.012 0.011 
 80  ZFBP209    (0)   :  0.004 0.002 0.003 0.084 0.004 0.889 0.007 0.005 0.002 
 81  ZFBP210    (0)   :  0.005 0.004 0.006 0.010 0.010 0.943 0.005 0.010 0.007 
 82  ZFBP211    (0)   :  0.006 0.005 0.004 0.004 0.008 0.960 0.005 0.005 0.003 
 83  ZFBP212    (0)   :  0.004 0.007 0.003 0.005 0.034 0.938 0.003 0.003 0.003 
 84  ZFBP213    (0)   :  0.020 0.004 0.005 0.011 0.010 0.922 0.014 0.009 0.005 
 85  ZFBP214    (0)   :  0.018 0.007 0.010 0.091 0.039 0.752 0.043 0.035 0.004 
 86  ZFBP215    (0)   :  0.005 0.003 0.003 0.007 0.006 0.964 0.006 0.004 0.002 
 87  ZFBP216    (0)   :  0.005 0.004 0.009 0.005 0.009 0.932 0.005 0.024 0.006 
 88  ZFBP217    (0)   :  0.007 0.008 0.007 0.250 0.074 0.622 0.007 0.022 0.004 
 89  ZFBP218    (0)   :  0.004 0.002 0.003 0.012 0.005 0.963 0.003 0.005 0.003 
 90  ZFBP219    (0)   :  0.004 0.003 0.004 0.004 0.006 0.967 0.003 0.006 0.004 
 91  ZFBP220    (0)   :  0.003 0.002 0.004 0.035 0.022 0.910 0.015 0.006 0.003 
 92  ZFBP221    (0)   :  0.004 0.003 0.003 0.008 0.026 0.944 0.003 0.006 0.003 
 93  ZFBP222    (0)   :  0.006 0.004 0.004 0.008 0.003 0.955 0.007 0.008 0.005 
 94  ZFBP223    (0)   :  0.006 0.010 0.008 0.008 0.141 0.809 0.008 0.005 0.005 
 95  ZFBP224    (0)   :  0.008 0.003 0.005 0.005 0.006 0.955 0.006 0.006 0.004 
 96  ZFBP225    (0)   :  0.003 0.003 0.009 0.378 0.093 0.474 0.012 0.019 0.009 
 97  ZFBP226    (0)   :  0.004 0.003 0.004 0.005 0.007 0.965 0.004 0.005 0.004 
 98  ZFBP227    (0)   :  0.022 0.009 0.033 0.007 0.050 0.718 0.006 0.147 0.008 
 99  ZFBP228    (0)   :  0.005 0.004 0.005 0.008 0.159 0.794 0.018 0.004 0.003 
100  ZFBP229    (0)   :  0.003 0.002 0.004 0.016 0.008 0.952 0.006 0.006 0.003 
101  ZFBP230    (0)   :  0.004 0.003 0.004 0.033 0.021 0.900 0.022 0.009 0.003 
102  ZFBP231    (0)   :  0.005 0.004 0.005 0.005 0.008 0.958 0.006 0.005 0.004 
103  ZFBP232    (0)   :  0.003 0.003 0.003 0.007 0.005 0.968 0.004 0.004 0.003 
104  ZFBP233    (0)   :  0.008 0.005 0.005 0.020 0.011 0.932 0.006 0.010 0.004 
105   ZFCC01    (0)   :  0.019 0.005 0.004 0.004 0.004 0.004 0.951 0.004 0.005 
106   ZFCC03    (0)   :  0.008 0.003 0.003 0.005 0.006 0.004 0.964 0.003 0.003 
107   ZFCC04    (0)   :  0.007 0.003 0.004 0.007 0.005 0.004 0.963 0.004 0.003 
108   ZFCC05    (0)   :  0.011 0.004 0.005 0.006 0.008 0.005 0.951 0.006 0.004 
109   ZFCC08    (0)   :  0.011 0.002 0.003 0.015 0.007 0.009 0.943 0.006 0.002 
110   ZFCC09    (0)   :  0.012 0.004 0.003 0.004 0.005 0.004 0.961 0.003 0.003 
111   ZFCC10    (0)   :  0.046 0.004 0.004 0.004 0.004 0.004 0.927 0.004 0.003 
112   ZFCC11    (0)   :  0.013 0.004 0.004 0.004 0.006 0.005 0.958 0.004 0.003 
113   ZFCC12    (0)   :  0.036 0.010 0.014 0.005 0.008 0.006 0.864 0.008 0.050 
114   ZFCC13    (0)   :  0.004 0.003 0.006 0.007 0.013 0.010 0.939 0.010 0.007 
115   ZFCC14    (0)   :  0.010 0.007 0.005 0.007 0.004 0.009 0.950 0.003 0.005 
116   ZFCC15    (0)   :  0.006 0.004 0.005 0.005 0.005 0.004 0.958 0.009 0.006 
117   ZFCC16    (0)   :  0.006 0.005 0.004 0.004 0.004 0.004 0.964 0.005 0.004 
118   ZFCC17    (0)   :  0.006 0.005 0.005 0.003 0.004 0.003 0.964 0.004 0.007 
119   ZFCC18    (0)   :  0.010 0.003 0.004 0.006 0.005 0.004 0.960 0.004 0.004 
120   ZFCC19    (0)   :  0.003 0.005 0.006 0.004 0.003 0.003 0.961 0.009 0.007 
121   ZFCC20    (0)   :  0.004 0.004 0.004 0.005 0.006 0.004 0.964 0.006 0.003 
122   ZFCC21    (0)   :  0.006 0.005 0.006 0.032 0.006 0.026 0.866 0.047 0.006 
123   ZFCC22    (0)   :  0.013 0.003 0.004 0.044 0.020 0.177 0.726 0.008 0.004 
124   ZFCC26    (0)   :  0.006 0.004 0.004 0.004 0.005 0.003 0.967 0.004 0.004 
125   ZFCC27    (0)   :  0.005 0.003 0.003 0.004 0.004 0.004 0.971 0.003 0.003 
126   ZFCC29    (0)   :  0.006 0.008 0.004 0.005 0.005 0.004 0.954 0.010 0.004 
127   ZFCC30    (0)   :  0.004 0.003 0.003 0.005 0.006 0.003 0.968 0.004 0.003 
128   ZFCC32    (0)   :  0.008 0.003 0.006 0.005 0.006 0.005 0.950 0.010 0.007 
129   ZFCC33    (0)   :  0.006 0.006 0.007 0.003 0.005 0.004 0.961 0.005 0.004 
130   ZFCC34    (0)   :  0.017 0.018 0.006 0.016 0.051 0.048 0.824 0.006 0.015 
131   ZFCC35    (0)   :  0.004 0.002 0.003 0.005 0.004 0.004 0.971 0.003 0.003 
132   ZFCC36    (0)   :  0.005 0.004 0.007 0.012 0.007 0.008 0.934 0.012 0.011 
133   ZFCC37    (0)   :  0.049 0.010 0.017 0.006 0.008 0.008 0.849 0.010 0.043 
134   ZFCC40    (0)   :  0.010 0.005 0.004 0.004 0.003 0.006 0.960 0.003 0.006 
135   ZFCC42    (0)   :  0.005 0.018 0.021 0.014 0.058 0.007 0.343 0.005 0.529 
136   ZFCC44    (0)   :  0.003 0.003 0.004 0.003 0.005 0.003 0.973 0.003 0.004 
137   ZFCC45    (9)   :  0.016 0.007 0.012 0.004 0.006 0.005 0.930 0.008 0.012 
138   ZFCC46    (0)   :  0.003 0.003 0.003 0.024 0.012 0.007 0.938 0.006 0.003 
139   ZFCC47    (0)   :  0.040 0.006 0.006 0.006 0.007 0.005 0.898 0.005 0.027 
140   ZFCC48    (0)   :  0.006 0.005 0.004 0.034 0.006 0.020 0.910 0.012 0.004 
141   ZFCC50    (0)   :  0.005 0.004 0.003 0.004 0.003 0.003 0.969 0.004 0.004 
142   ZFCC51    (0)   :  0.006 0.004 0.004 0.004 0.006 0.003 0.969 0.003 0.003 
143   ZFCC52    (0)   :  0.005 0.004 0.003 0.009 0.006 0.010 0.953 0.005 0.006 
144   ZFCC53    (0)   :  0.005 0.003 0.003 0.003 0.004 0.003 0.973 0.003 0.003 
145  ZFCNS01    (0)   :  0.003 0.002 0.008 0.003 0.959 0.004 0.005 0.011 0.005 
146  ZFCNS02    (0)   :  0.004 0.003 0.003 0.005 0.967 0.004 0.008 0.003 0.003 
147  ZFCNS05    (0)   :  0.005 0.005 0.004 0.006 0.957 0.007 0.010 0.005 0.003 
148  ZFCNS06    (0)   :  0.004 0.004 0.003 0.006 0.963 0.005 0.009 0.003 0.003 
149  ZFCNS07    (0)   :  0.004 0.004 0.004 0.017 0.952 0.009 0.005 0.004 0.003 
150  ZFCNS10    (0)   :  0.003 0.003 0.003 0.005 0.972 0.004 0.004 0.003 0.003 
151  ZFCNS11    (0)   :  0.003 0.003 0.005 0.004 0.967 0.004 0.005 0.006 0.004 
152  ZFCNS15    (0)   :  0.004 0.004 0.004 0.005 0.963 0.011 0.004 0.003 0.003 
153  ZFCNS17    (0)   :  0.003 0.003 0.004 0.005 0.962 0.006 0.012 0.003 0.003 
154  ZFCNS18    (0)   :  0.003 0.003 0.003 0.004 0.972 0.005 0.005 0.003 0.003 
155  ZFCNS19    (0)   :  0.004 0.003 0.003 0.005 0.969 0.003 0.008 0.004 0.003 
156  ZFCNS20    (0)   :  0.003 0.003 0.004 0.011 0.953 0.011 0.007 0.004 0.003 
157  ZFCNS21    (0)   :  0.003 0.003 0.003 0.003 0.973 0.003 0.006 0.003 0.002 
158  ZFCNS22    (0)   :  0.004 0.005 0.004 0.006 0.957 0.012 0.006 0.004 0.003 
159  ZFCNS23    (0)   :  0.007 0.005 0.009 0.014 0.911 0.006 0.025 0.011 0.011 
160  ZFCNS24    (0)   :  0.003 0.003 0.003 0.005 0.959 0.005 0.016 0.003 0.003 
161  ZFCNS25    (0)   :  0.003 0.003 0.004 0.007 0.960 0.009 0.008 0.003 0.003 
162  ZFCNS26    (0)   :  0.004 0.004 0.003 0.004 0.968 0.008 0.004 0.003 0.002 
163  ZFCNS27    (0)   :  0.004 0.004 0.004 0.007 0.951 0.021 0.004 0.003 0.003 
164  ZFCNS28    (0)   :  0.004 0.004 0.003 0.005 0.965 0.005 0.007 0.004 0.003 
165  ZFCNS29    (0)   :  0.004 0.003 0.004 0.005 0.961 0.007 0.010 0.004 0.003 
166  ZFCNS30    (0)   :  0.004 0.004 0.004 0.003 0.967 0.005 0.008 0.004 0.003 
167  ZFCNS31    (0)   :  0.003 0.003 0.003 0.005 0.971 0.005 0.004 0.004 0.003 
168  ZFCNS32    (0)   :  0.005 0.004 0.003 0.005 0.966 0.005 0.006 0.004 0.003 
169  ZFCNS33    (0)   :  0.004 0.003 0.003 0.005 0.970 0.004 0.004 0.004 0.003 
170  ZFCNS34    (0)   :  0.004 0.003 0.004 0.005 0.953 0.005 0.019 0.005 0.003 
171  ZFCNS35    (0)   :  0.004 0.004 0.003 0.004 0.968 0.004 0.005 0.003 0.003 
172  ZFCNS36    (0)   :  0.004 0.003 0.003 0.006 0.940 0.004 0.032 0.004 0.003 
173  ZFCNS37    (0)   :  0.004 0.003 0.004 0.003 0.971 0.004 0.005 0.003 0.003 
174  ZFCNS39    (0)   :  0.003 0.002 0.003 0.006 0.969 0.004 0.006 0.004 0.002 
175  ZFCNS40    (0)   :  0.003 0.003 0.003 0.012 0.946 0.005 0.020 0.005 0.003 
176  ZFCNS41    (0)   :  0.006 0.005 0.006 0.005 0.946 0.011 0.009 0.008 0.004 
177  ZFCNS42    (0)   :  0.003 0.003 0.004 0.003 0.972 0.005 0.004 0.003 0.003 
178  ZFCNS43    (0)   :  0.003 0.003 0.003 0.003 0.970 0.004 0.008 0.003 0.002 
179  ZFCNS44    (0)   :  0.003 0.003 0.003 0.003 0.974 0.004 0.005 0.003 0.002 
180  ZFCNS46    (0)   :  0.004 0.003 0.004 0.004 0.968 0.006 0.006 0.004 0.003 
181  ZFCNS47    (0)   :  0.004 0.003 0.003 0.003 0.972 0.004 0.005 0.003 0.002 
182  ZFCNS48    (0)   :  0.004 0.003 0.004 0.005 0.968 0.005 0.005 0.003 0.003 
183  ZFCNS49    (0)   :  0.003 0.003 0.003 0.003 0.973 0.007 0.003 0.003 0.002 
184   ZFCR01    (0)   :  0.155 0.023 0.735 0.019 0.003 0.026 0.017 0.006 0.016 
185   ZFCR02    (0)   :  0.007 0.442 0.272 0.071 0.014 0.060 0.073 0.041 0.020 
186   ZFCR03    (0)   :  0.055 0.237 0.127 0.046 0.005 0.097 0.092 0.236 0.106 
187   ZFCR04    (0)   :  0.120 0.401 0.252 0.047 0.033 0.033 0.019 0.055 0.040 
188   ZFCR05    (0)   :  0.177 0.086 0.338 0.008 0.005 0.008 0.051 0.300 0.028 
189   ZFCR06    (0)   :  0.045 0.109 0.488 0.045 0.120 0.117 0.026 0.043 0.008 
190   ZFCR07    (0)   :  0.012 0.046 0.417 0.004 0.056 0.010 0.022 0.421 0.012 
191   ZFCR08    (0)   :  0.078 0.020 0.700 0.029 0.007 0.023 0.090 0.008 0.045 
192   ZFCR09    (0)   :  0.030 0.165 0.051 0.026 0.043 0.180 0.048 0.040 0.418 
193   ZFCR11    (0)   :  0.102 0.169 0.295 0.003 0.084 0.046 0.014 0.263 0.023 
194   ZFCR12    (0)   :  0.007 0.031 0.311 0.029 0.191 0.027 0.016 0.383 0.005 
195   ZFCR13    (0)   :  0.006 0.022 0.438 0.006 0.011 0.105 0.007 0.402 0.004 
196   ZFCR14    (0)   :  0.031 0.071 0.367 0.035 0.008 0.010 0.019 0.449 0.010 
197   ZFCR15    (0)   :  0.033 0.190 0.495 0.102 0.009 0.026 0.023 0.111 0.012 
198   ZFCR16    (0)   :  0.019 0.251 0.573 0.052 0.005 0.025 0.010 0.060 0.005 
199   ZFCR18    (0)   :  0.008 0.790 0.033 0.024 0.019 0.045 0.066 0.009 0.007 
200   ZFCR19    (0)   :  0.019 0.329 0.060 0.321 0.007 0.022 0.015 0.101 0.125 
201   ZFCR20    (0)   :  0.257 0.117 0.150 0.021 0.009 0.127 0.020 0.268 0.031 
202   ZFCR21    (0)   :  0.023 0.028 0.361 0.017 0.006 0.012 0.027 0.521 0.005 
203   ZFCR22    (0)   :  0.003 0.049 0.206 0.019 0.004 0.009 0.005 0.699 0.007 
204   ZFCR23    (0)   :  0.010 0.080 0.320 0.007 0.014 0.180 0.004 0.349 0.037 
205   ZFCR24    (9)   :  0.034 0.101 0.093 0.007 0.006 0.524 0.008 0.206 0.021 
206   ZFCR25    (0)   :  0.022 0.046 0.399 0.004 0.004 0.004 0.009 0.500 0.011 
207   ZFCR26    (0)   :  0.013 0.005 0.039 0.022 0.009 0.018 0.024 0.762 0.108 
208   ZFCR27    (9)   :  0.052 0.020 0.851 0.004 0.003 0.004 0.006 0.042 0.018 
209   ZFCR28    (0)   :  0.010 0.005 0.629 0.134 0.033 0.163 0.012 0.009 0.006 
210   ZFCR29    (0)   :  0.043 0.135 0.067 0.006 0.004 0.010 0.008 0.719 0.009 
211   ZFCR30    (0)   :  0.009 0.027 0.216 0.005 0.006 0.005 0.006 0.715 0.011 
212   ZFCR31    (0)   :  0.027 0.413 0.065 0.032 0.120 0.166 0.028 0.072 0.076 
213   ZFCR33    (0)   :  0.053 0.007 0.812 0.011 0.012 0.010 0.029 0.031 0.034 
214   ZFCR34    (0)   :  0.006 0.198 0.161 0.016 0.027 0.037 0.016 0.507 0.033 
215   ZFCR35    (0)   :  0.009 0.851 0.039 0.012 0.016 0.010 0.028 0.027 0.008 
216   ZFCR36    (0)   :  0.013 0.355 0.135 0.005 0.012 0.009 0.009 0.433 0.031 
217   ZFCR37    (0)   :  0.065 0.043 0.133 0.004 0.004 0.004 0.059 0.651 0.036 
218   ZFCR38    (0)   :  0.061 0.007 0.806 0.013 0.010 0.008 0.037 0.029 0.028 
219   ZFCR39    (0)   :  0.011 0.023 0.618 0.041 0.008 0.054 0.095 0.010 0.140 
220   ZFCR40    (0)   :  0.015 0.022 0.789 0.005 0.007 0.012 0.027 0.076 0.047 
221   ZFCR41    (0)   :  0.017 0.027 0.341 0.024 0.071 0.012 0.076 0.428 0.005 
222   ZFCR42    (0)   :  0.018 0.019 0.420 0.032 0.022 0.031 0.070 0.357 0.031 
223   ZFCR43    (0)   :  0.015 0.170 0.429 0.008 0.006 0.107 0.007 0.252 0.006 
224  ZFENP25    (0)   :  0.044 0.005 0.900 0.010 0.004 0.008 0.017 0.007 0.005 
225  ZFENP26    (0)   :  0.006 0.007 0.961 0.003 0.004 0.002 0.004 0.004 0.009 
226  ZFENP27    (0)   :  0.035 0.019 0.484 0.015 0.045 0.020 0.332 0.006 0.045 
227  ZFENP28    (0)   :  0.024 0.009 0.913 0.005 0.006 0.004 0.010 0.012 0.016 
228  ZFENP29    (0)   :  0.005 0.004 0.958 0.004 0.004 0.004 0.008 0.008 0.006 
229  ZFENP30    (0)   :  0.010 0.007 0.884 0.008 0.007 0.005 0.052 0.012 0.015 
230  ZFENP31    (0)   :  0.021 0.016 0.287 0.006 0.009 0.010 0.075 0.009 0.568 
231  ZFENP32    (0)   :  0.045 0.252 0.269 0.007 0.043 0.023 0.032 0.016 0.314 
232  ZFENP33    (0)   :  0.046 0.013 0.863 0.004 0.006 0.006 0.007 0.037 0.017 
233  ZFENP34    (0)   :  0.580 0.030 0.299 0.006 0.011 0.011 0.039 0.008 0.015 
234  ZFENP35    (0)   :  0.008 0.014 0.902 0.005 0.020 0.009 0.006 0.009 0.028 
235  ZFENP36    (0)   :  0.006 0.009 0.950 0.002 0.006 0.003 0.003 0.008 0.012 
236  ZFENP37    (0)   :  0.347 0.014 0.505 0.004 0.010 0.008 0.009 0.027 0.078 
237  ZFENP38    (0)   :  0.028 0.011 0.431 0.005 0.013 0.005 0.025 0.455 0.026 
238  ZFENP39    (0)   :  0.025 0.015 0.910 0.003 0.005 0.004 0.010 0.014 0.014 
239  ZFENP40    (0)   :  0.022 0.016 0.902 0.003 0.005 0.008 0.010 0.007 0.028 
240  ZFENP41    (0)   :  0.016 0.015 0.885 0.006 0.007 0.006 0.046 0.006 0.012 
241  ZFENP42    (0)   :  0.004 0.003 0.812 0.004 0.004 0.003 0.006 0.040 0.122 
242  ZFENP43    (0)   :  0.026 0.008 0.743 0.006 0.060 0.008 0.039 0.086 0.024 
243  ZFENP44    (0)   :  0.014 0.006 0.847 0.003 0.013 0.007 0.018 0.028 0.065 
244  ZFENP45    (0)   :  0.010 0.007 0.480 0.306 0.011 0.031 0.023 0.044 0.088 
245  ZFENP46    (0)   :  0.040 0.008 0.834 0.004 0.014 0.015 0.004 0.055 0.026 
246  ZFENP47    (0)   :  0.016 0.047 0.361 0.138 0.004 0.015 0.080 0.008 0.329 
247  ZFENP48    (0)   :  0.576 0.016 0.195 0.022 0.014 0.029 0.084 0.024 0.040 
248  ZFENP49    (0)   :  0.005 0.052 0.825 0.018 0.008 0.020 0.032 0.028 0.012 
249  ZFENP50    (0)   :  0.006 0.007 0.812 0.007 0.010 0.032 0.005 0.085 0.037 
250  ZFENP51    (0)   :  0.017 0.029 0.493 0.047 0.006 0.004 0.010 0.022 0.372 
251  ZFENP52    (0)   :  0.004 0.003 0.941 0.004 0.013 0.005 0.011 0.012 0.007 
252  ZFENP53    (0)   :  0.010 0.007 0.860 0.025 0.015 0.031 0.009 0.024 0.019 
253  ZFENP54    (0)   :  0.010 0.025 0.831 0.011 0.010 0.047 0.023 0.035 0.009 
254  ZFENP55    (0)   :  0.029 0.040 0.234 0.004 0.004 0.005 0.004 0.661 0.019 
255  ZFENP56    (0)   :  0.009 0.017 0.821 0.005 0.012 0.004 0.008 0.112 0.013 
256  ZFENP57    (0)   :  0.019 0.012 0.864 0.002 0.010 0.005 0.005 0.020 0.063 
257  ZFENP58    (0)   :  0.006 0.026 0.682 0.119 0.018 0.010 0.074 0.049 0.017 
258  ZFENP59    (0)   :  0.009 0.012 0.868 0.004 0.004 0.005 0.057 0.009 0.032 
259  ZFENP60    (0)   :  0.038 0.027 0.869 0.011 0.007 0.009 0.010 0.015 0.013 
260  ZFENP61    (0)   :  0.023 0.019 0.917 0.003 0.004 0.003 0.012 0.010 0.008 
261 ZFFDSP01    (0)   :  0.005 0.005 0.003 0.018 0.027 0.928 0.005 0.007 0.003 
262 ZFFDSP02    (0)   :  0.004 0.003 0.003 0.005 0.006 0.968 0.005 0.004 0.002 
263 ZFFDSP04    (0)   :  0.005 0.005 0.002 0.014 0.005 0.958 0.004 0.005 0.002 
264 ZFFDSP05    (0)   :  0.003 0.004 0.004 0.010 0.011 0.954 0.004 0.007 0.003 
265 ZFFDSP06    (0)   :  0.005 0.002 0.002 0.013 0.005 0.960 0.006 0.005 0.002 
266 ZFFDSP07    (0)   :  0.005 0.003 0.005 0.030 0.006 0.921 0.017 0.009 0.005 
267 ZFFDSP08    (0)   :  0.004 0.003 0.005 0.073 0.021 0.865 0.015 0.010 0.005 
268 ZFFDSP10    (0)   :  0.004 0.003 0.004 0.010 0.009 0.954 0.005 0.006 0.003 
269 ZFFDSP11    (0)   :  0.004 0.005 0.003 0.008 0.006 0.960 0.004 0.007 0.003 
270 ZFFDSP12    (0)   :  0.003 0.003 0.003 0.010 0.007 0.964 0.004 0.004 0.003 
271 ZFFDSP13    (0)   :  0.004 0.004 0.007 0.006 0.435 0.509 0.017 0.015 0.004 
272 ZFFDSP14    (0)   :  0.006 0.003 0.003 0.020 0.005 0.948 0.006 0.006 0.003 
273 ZFFDSP16    (0)   :  0.007 0.006 0.005 0.004 0.012 0.948 0.006 0.008 0.003 
274 ZFFDSP17    (0)   :  0.005 0.003 0.004 0.010 0.007 0.958 0.005 0.007 0.002 
275 ZFFDSP18    (0)   :  0.008 0.007 0.003 0.017 0.005 0.948 0.006 0.005 0.003 
276 ZFFDSP19    (0)   :  0.008 0.005 0.003 0.016 0.059 0.883 0.018 0.004 0.003 
277 ZFFDSP21    (0)   :  0.004 0.003 0.003 0.005 0.119 0.842 0.015 0.004 0.002 
278 ZFFDSP22    (0)   :  0.003 0.002 0.003 0.083 0.006 0.889 0.005 0.006 0.002 
279 ZFFDSP23    (0)   :  0.003 0.003 0.003 0.141 0.025 0.813 0.005 0.005 0.002 
280 ZFFDSP24    (0)   :  0.005 0.005 0.003 0.007 0.036 0.930 0.005 0.006 0.003 
281 ZFFDSP26    (9)   :  0.004 0.004 0.003 0.014 0.016 0.945 0.006 0.006 0.003 
282 ZFFDSP27    (0)   :  0.006 0.004 0.003 0.007 0.010 0.960 0.004 0.004 0.003 
283 ZFFDSP28    (0)   :  0.034 0.038 0.009 0.007 0.010 0.861 0.011 0.015 0.016 
284 ZFFDSP30    (0)   :  0.008 0.062 0.005 0.010 0.188 0.706 0.007 0.008 0.006 
285 ZFFDSP31    (0)   :  0.009 0.003 0.004 0.006 0.011 0.953 0.006 0.005 0.002 
286 ZFFDSP32    (0)   :  0.005 0.002 0.003 0.006 0.006 0.967 0.004 0.004 0.003 
287 ZFFDSP33    (0)   :  0.004 0.003 0.003 0.006 0.008 0.969 0.003 0.003 0.003 
288 ZFFDSP34    (0)   :  0.004 0.003 0.003 0.011 0.007 0.958 0.007 0.005 0.002 
289 ZFFDSP35    (0)   :  0.005 0.006 0.003 0.008 0.015 0.951 0.005 0.005 0.003 
290 ZFFDSP37    (0)   :  0.005 0.004 0.004 0.004 0.008 0.965 0.004 0.004 0.002 
291 ZFFDSP38    (0)   :  0.004 0.005 0.003 0.005 0.008 0.964 0.004 0.004 0.003 
292 ZFFDSP39    (0)   :  0.003 0.003 0.003 0.009 0.040 0.932 0.003 0.004 0.002 
293 ZFFDSP40    (0)   :  0.005 0.005 0.003 0.005 0.038 0.935 0.003 0.004 0.003 
294 ZFFDSP42    (0)   :  0.004 0.004 0.003 0.058 0.025 0.892 0.006 0.006 0.002 
295 ZFFDSP43    (0)   :  0.004 0.004 0.003 0.010 0.013 0.957 0.004 0.003 0.002 
296 ZFFDSP44    (0)   :  0.005 0.005 0.003 0.005 0.020 0.950 0.003 0.005 0.003 
297 ZFFDSP45    (0)   :  0.004 0.004 0.003 0.005 0.013 0.959 0.005 0.005 0.002 
298 ZFFDSP46    (0)   :  0.004 0.005 0.003 0.008 0.015 0.952 0.006 0.004 0.002 
299 ZFFDSP47    (0)   :  0.004 0.004 0.003 0.017 0.157 0.803 0.004 0.006 0.003 
300 ZFFDSP48    (0)   :  0.004 0.004 0.004 0.009 0.120 0.848 0.005 0.004 0.003 
301    ZFI01    (0)   :  0.032 0.886 0.010 0.005 0.007 0.005 0.011 0.008 0.036 
302    ZFI02    (0)   :  0.020 0.935 0.006 0.005 0.006 0.005 0.005 0.006 0.013 
303    ZFI03    (0)   :  0.054 0.908 0.005 0.003 0.007 0.004 0.006 0.008 0.005 
304    ZFI04    (0)   :  0.841 0.114 0.007 0.003 0.005 0.004 0.004 0.006 0.017 
305    ZFI05    (0)   :  0.007 0.955 0.007 0.003 0.009 0.005 0.004 0.005 0.005 
306    ZFI06    (0)   :  0.037 0.806 0.022 0.003 0.078 0.024 0.005 0.012 0.014 
307    ZFI07    (0)   :  0.636 0.331 0.006 0.003 0.005 0.004 0.005 0.006 0.006 
308    ZFI08    (0)   :  0.095 0.858 0.011 0.003 0.004 0.004 0.006 0.010 0.009 
309    ZFI09    (0)   :  0.022 0.939 0.008 0.003 0.005 0.004 0.004 0.005 0.009 
310    ZFI10    (0)   :  0.025 0.918 0.007 0.004 0.020 0.005 0.005 0.008 0.010 
311    ZFI11    (0)   :  0.109 0.842 0.007 0.003 0.006 0.004 0.005 0.006 0.018 
312    ZFI12    (0)   :  0.099 0.853 0.006 0.004 0.011 0.005 0.007 0.012 0.004 
313    ZFI13    (0)   :  0.016 0.942 0.009 0.002 0.006 0.004 0.008 0.006 0.007 
314    ZFI14    (0)   :  0.009 0.956 0.004 0.003 0.006 0.008 0.005 0.004 0.005 
315    ZFI15    (0)   :  0.009 0.963 0.006 0.002 0.004 0.004 0.004 0.004 0.004 
316    ZFI16    (0)   :  0.020 0.953 0.005 0.002 0.004 0.003 0.004 0.005 0.003 
317    ZFI17    (0)   :  0.068 0.889 0.009 0.003 0.008 0.004 0.005 0.007 0.008 
318    ZFI18    (0)   :  0.022 0.945 0.008 0.002 0.005 0.003 0.003 0.005 0.007 
319    ZFI19    (9)   :  0.015 0.959 0.004 0.002 0.004 0.003 0.003 0.006 0.004 
320    ZFI20    (0)   :  0.009 0.962 0.004 0.003 0.005 0.005 0.003 0.005 0.004 
321    ZFI21    (0)   :  0.006 0.961 0.003 0.003 0.008 0.008 0.004 0.004 0.004 
322    ZFI22    (0)   :  0.031 0.931 0.005 0.004 0.004 0.005 0.007 0.005 0.009 
323    ZFI23    (0)   :  0.036 0.930 0.006 0.003 0.006 0.004 0.005 0.006 0.004 
324    ZFI24    (0)   :  0.057 0.898 0.006 0.004 0.008 0.005 0.008 0.010 0.004 
325    ZFI25    (0)   :  0.049 0.911 0.007 0.004 0.005 0.005 0.008 0.006 0.005 
326    ZFI26    (0)   :  0.097 0.864 0.008 0.003 0.005 0.004 0.008 0.008 0.005 
327    ZFI27    (0)   :  0.027 0.918 0.008 0.003 0.018 0.005 0.006 0.010 0.005 
328    ZFK01    (0)   :  0.004 0.005 0.010 0.007 0.013 0.009 0.933 0.009 0.010 
329    ZFK02    (0)   :  0.005 0.009 0.013 0.007 0.012 0.010 0.924 0.012 0.007 
330    ZFK03    (0)   :  0.005 0.007 0.011 0.006 0.008 0.008 0.928 0.009 0.017 
331    ZFK04    (0)   :  0.009 0.017 0.013 0.005 0.009 0.007 0.849 0.010 0.082 
332    ZFK05    (0)   :  0.010 0.011 0.014 0.005 0.011 0.005 0.784 0.007 0.154 
333    ZFK06    (0)   :  0.012 0.021 0.025 0.004 0.007 0.006 0.901 0.010 0.013 
334    ZFK07    (0)   :  0.004 0.004 0.009 0.009 0.011 0.008 0.923 0.012 0.021 
335    ZFK08    (0)   :  0.012 0.018 0.040 0.006 0.006 0.011 0.689 0.054 0.163 
336    ZFK10    (0)   :  0.010 0.018 0.013 0.005 0.007 0.008 0.907 0.012 0.020 
337    ZFK11    (0)   :  0.008 0.007 0.019 0.004 0.007 0.007 0.896 0.008 0.044 
338    ZFK12    (0)   :  0.004 0.004 0.010 0.014 0.009 0.011 0.906 0.033 0.009 
339    ZFK13    (0)   :  0.004 0.004 0.011 0.012 0.019 0.043 0.857 0.013 0.037 
340    ZFK14    (0)   :  0.004 0.004 0.006 0.011 0.013 0.013 0.928 0.007 0.014 
341    ZFK15    (0)   :  0.005 0.007 0.016 0.009 0.020 0.048 0.755 0.013 0.126 
342    ZFK16    (0)   :  0.004 0.003 0.009 0.009 0.016 0.022 0.912 0.012 0.013 
343   ZFLB01    (0)   :  0.005 0.008 0.005 0.004 0.008 0.010 0.003 0.004 0.952 
344   ZFLB02    (0)   :  0.055 0.009 0.096 0.005 0.004 0.004 0.003 0.008 0.817 
345   ZFLB03    (0)   :  0.009 0.008 0.131 0.006 0.033 0.006 0.005 0.009 0.793 
346   ZFLB04    (0)   :  0.006 0.024 0.009 0.006 0.190 0.023 0.008 0.004 0.730 
347   ZFLB05    (0)   :  0.006 0.014 0.007 0.003 0.016 0.006 0.003 0.004 0.940 
348   ZFLB06    (0)   :  0.005 0.004 0.008 0.004 0.006 0.007 0.011 0.004 0.951 
349   ZFLB07    (0)   :  0.005 0.006 0.122 0.013 0.143 0.027 0.025 0.023 0.637 
350   ZFLB08    (0)   :  0.037 0.012 0.061 0.004 0.006 0.005 0.004 0.010 0.860 
351   ZFLB09    (9)   :  0.005 0.005 0.007 0.003 0.004 0.005 0.005 0.004 0.962 
352   ZFLB10    (0)   :  0.003 0.006 0.005 0.002 0.007 0.004 0.003 0.003 0.965 
353   ZFLB11    (0)   :  0.003 0.003 0.006 0.009 0.006 0.006 0.013 0.007 0.948 
354   ZFLB12    (0)   :  0.005 0.004 0.007 0.002 0.004 0.003 0.005 0.004 0.966 
355   ZFLB13    (0)   :  0.007 0.004 0.046 0.004 0.012 0.011 0.013 0.013 0.889 
356  ZFLTI01    (0)   :  0.006 0.005 0.005 0.034 0.682 0.193 0.059 0.014 0.002 
357  ZFLTI02    (0)   :  0.010 0.003 0.004 0.014 0.896 0.023 0.040 0.008 0.002 
358  ZFLTI03    (0)   :  0.006 0.003 0.003 0.015 0.931 0.025 0.008 0.007 0.002 
359  ZFLTI04    (0)   :  0.007 0.005 0.004 0.007 0.917 0.037 0.011 0.009 0.003 
360  ZFLTI05    (0)   :  0.006 0.003 0.003 0.006 0.953 0.017 0.006 0.004 0.002 
361  ZFLTI06    (0)   :  0.005 0.006 0.003 0.025 0.763 0.181 0.008 0.006 0.003 
362  ZFLTI07    (0)   :  0.007 0.006 0.004 0.007 0.814 0.140 0.010 0.008 0.003 
363  ZFLTI08    (0)   :  0.012 0.004 0.004 0.006 0.946 0.012 0.006 0.008 0.003 
364  ZFLTI09    (0)   :  0.013 0.005 0.003 0.007 0.820 0.135 0.007 0.007 0.003 
365  ZFLTI10    (0)   :  0.009 0.004 0.004 0.007 0.587 0.361 0.019 0.006 0.002 
366  ZFLTI11    (0)   :  0.007 0.003 0.003 0.029 0.872 0.072 0.006 0.006 0.003 
367  ZFLTI12    (0)   :  0.008 0.003 0.004 0.028 0.862 0.065 0.021 0.007 0.002 
368  ZFLTI13    (0)   :  0.005 0.004 0.004 0.012 0.934 0.013 0.015 0.010 0.002 
369  ZFLTI14    (0)   :  0.012 0.003 0.005 0.005 0.892 0.026 0.049 0.006 0.002 
370 ZFONF101    (0)   :  0.003 0.002 0.002 0.007 0.004 0.973 0.002 0.003 0.002 
371 ZFONF102    (0)   :  0.004 0.005 0.009 0.028 0.005 0.930 0.004 0.005 0.011 
372 ZFONF103    (0)   :  0.006 0.004 0.006 0.019 0.062 0.880 0.013 0.007 0.004 
373 ZFONF104    (0)   :  0.003 0.002 0.002 0.029 0.006 0.949 0.004 0.003 0.002 
374 ZFONF105    (0)   :  0.003 0.003 0.004 0.137 0.022 0.819 0.005 0.005 0.003 
375 ZFONF106    (0)   :  0.005 0.003 0.002 0.007 0.004 0.970 0.003 0.002 0.002 
376 ZFONF107    (0)   :  0.018 0.014 0.045 0.009 0.015 0.830 0.017 0.006 0.047 
377 ZFONF108    (0)   :  0.009 0.004 0.008 0.012 0.019 0.919 0.018 0.004 0.008 
378 ZFONF109    (9)   :  0.008 0.003 0.005 0.032 0.013 0.914 0.015 0.004 0.006 
379 ZFONF110    (0)   :  0.002 0.002 0.002 0.015 0.006 0.962 0.005 0.003 0.002 
380 ZFONF111    (0)   :  0.012 0.009 0.021 0.017 0.011 0.881 0.010 0.021 0.017 
381 ZFONF112    (0)   :  0.010 0.003 0.003 0.188 0.015 0.768 0.006 0.003 0.003 
382 ZFONF113    (9)   :  0.004 0.003 0.005 0.010 0.013 0.949 0.006 0.007 0.004 
383 ZFONF115    (0)   :  0.008 0.004 0.003 0.017 0.009 0.945 0.007 0.004 0.003 
384 ZFONF116    (0)   :  0.009 0.004 0.004 0.024 0.009 0.937 0.005 0.004 0.003 
385 ZFONF117    (0)   :  0.005 0.005 0.005 0.055 0.358 0.553 0.010 0.006 0.004 
386 ZFONF118    (0)   :  0.012 0.004 0.003 0.015 0.020 0.929 0.008 0.006 0.002 
387 ZFONF119    (0)   :  0.004 0.003 0.004 0.028 0.005 0.935 0.010 0.006 0.007 
388 ZFONF120    (0)   :  0.003 0.003 0.004 0.053 0.006 0.891 0.023 0.011 0.006 
389 ZFONF121    (0)   :  0.004 0.004 0.004 0.124 0.008 0.843 0.005 0.005 0.004 
390 ZFONF122    (0)   :  0.010 0.004 0.006 0.008 0.056 0.881 0.023 0.010 0.003 
391 ZFONF123    (0)   :  0.005 0.007 0.014 0.037 0.004 0.885 0.006 0.005 0.038 
392 ZFONF124    (0)   :  0.004 0.002 0.005 0.029 0.008 0.935 0.008 0.003 0.006 
393 ZFONF125    (0)   :  0.004 0.008 0.033 0.162 0.010 0.697 0.034 0.013 0.039 
394 ZFONF126    (0)   :  0.008 0.004 0.004 0.010 0.013 0.937 0.013 0.008 0.003 
395 ZFONF201    (0)   :  0.073 0.090 0.015 0.656 0.011 0.089 0.031 0.012 0.024 
396 ZFONF202    (0)   :  0.005 0.003 0.003 0.927 0.005 0.041 0.009 0.006 0.002 
397 ZFONF203    (0)   :  0.004 0.003 0.004 0.955 0.004 0.009 0.007 0.011 0.003 
398 ZFONF204    (0)   :  0.010 0.006 0.009 0.918 0.006 0.006 0.033 0.006 0.007 
399 ZFONF206    (0)   :  0.011 0.012 0.020 0.919 0.003 0.006 0.009 0.006 0.014 
400 ZFONF207    (0)   :  0.004 0.003 0.004 0.966 0.004 0.006 0.004 0.005 0.003 
401 ZFONF208    (0)   :  0.005 0.004 0.005 0.895 0.013 0.055 0.010 0.009 0.004 
402 ZFONF209    (0)   :  0.013 0.011 0.007 0.908 0.011 0.009 0.026 0.007 0.008 
403 ZFONF210    (0)   :  0.003 0.003 0.002 0.965 0.008 0.009 0.004 0.003 0.002 
404 ZFONF211    (0)   :  0.005 0.004 0.010 0.887 0.021 0.034 0.013 0.013 0.014 
405 ZFONF212    (0)   :  0.003 0.003 0.002 0.964 0.008 0.011 0.003 0.003 0.003 
406 ZFONF214    (0)   :  0.003 0.002 0.005 0.930 0.005 0.029 0.007 0.012 0.006 
407 ZFONF215    (0)   :  0.003 0.002 0.003 0.962 0.005 0.015 0.005 0.004 0.002 
408 ZFONF216    (0)   :  0.002 0.002 0.003 0.972 0.005 0.005 0.004 0.004 0.003 
409 ZFONF217    (0)   :  0.004 0.002 0.002 0.944 0.005 0.031 0.004 0.003 0.003 
410 ZFONF218    (0)   :  0.003 0.003 0.007 0.961 0.005 0.005 0.004 0.005 0.007 
411 ZFONF219    (0)   :  0.002 0.002 0.002 0.978 0.003 0.005 0.003 0.002 0.002 
412 ZFONF220    (0)   :  0.006 0.003 0.003 0.949 0.004 0.023 0.005 0.005 0.003 
413 ZFONF222    (0)   :  0.003 0.003 0.005 0.966 0.004 0.004 0.004 0.005 0.007 
414 ZFONF223    (0)   :  0.005 0.004 0.007 0.957 0.003 0.007 0.003 0.007 0.008 
415 ZFONF224    (0)   :  0.002 0.002 0.003 0.976 0.004 0.004 0.003 0.003 0.002 
416 ZFONF225    (0)   :  0.002 0.002 0.002 0.974 0.004 0.007 0.003 0.003 0.002 
417 ZFONF226    (0)   :  0.003 0.003 0.003 0.963 0.005 0.008 0.005 0.007 0.003 
418 ZFONF227    (0)   :  0.002 0.002 0.002 0.978 0.004 0.004 0.003 0.003 0.002 
419 ZFONF228    (0)   :  0.007 0.004 0.005 0.948 0.013 0.011 0.005 0.005 0.004 
420 ZFONF230    (0)   :  0.003 0.002 0.003 0.966 0.005 0.012 0.004 0.003 0.002 
421 ZFONF231    (0)   :  0.003 0.002 0.004 0.957 0.006 0.008 0.007 0.009 0.004 
422 ZFONF232    (0)   :  0.003 0.002 0.003 0.974 0.004 0.007 0.003 0.003 0.002 
423 ZFONF233    (0)   :  0.003 0.002 0.003 0.972 0.004 0.006 0.004 0.003 0.003 
424 ZFONF234    (0)   :  0.006 0.005 0.030 0.908 0.016 0.013 0.010 0.008 0.004 
425 ZFONF235    (0)   :  0.002 0.002 0.003 0.978 0.004 0.005 0.003 0.003 0.002 
426 ZFONF236    (0)   :  0.029 0.019 0.023 0.851 0.024 0.015 0.022 0.005 0.013 
427 ZFONF238    (0)   :  0.004 0.003 0.003 0.963 0.004 0.009 0.005 0.007 0.002 
428 ZFONF239    (0)   :  0.012 0.005 0.005 0.950 0.003 0.005 0.011 0.004 0.004 
429 ZFONF240    (0)   :  0.002 0.002 0.002 0.973 0.005 0.005 0.006 0.003 0.002 
430 ZFONF241    (0)   :  0.015 0.007 0.008 0.926 0.015 0.015 0.005 0.005 0.004 
431 ZFONF242    (0)   :  0.002 0.002 0.003 0.971 0.004 0.008 0.005 0.003 0.002 
432 ZFONF243    (0)   :  0.003 0.003 0.003 0.962 0.011 0.006 0.004 0.005 0.003 
433 ZFONF244    (0)   :  0.002 0.002 0.003 0.972 0.004 0.007 0.004 0.003 0.003 
434 ZFONF245    (0)   :  0.002 0.002 0.003 0.973 0.007 0.005 0.005 0.003 0.002 
435   ZFOS01    (0)   :  0.005 0.003 0.004 0.010 0.018 0.022 0.925 0.008 0.003 
436   ZFOS02    (0)   :  0.047 0.009 0.011 0.010 0.025 0.041 0.842 0.008 0.007 
437   ZFOS03    (0)   :  0.007 0.011 0.009 0.004 0.006 0.010 0.918 0.011 0.022 
438   ZFOS04    (0)   :  0.011 0.019 0.009 0.007 0.037 0.106 0.801 0.006 0.004 
439   ZFOS05    (0)   :  0.008 0.005 0.007 0.011 0.024 0.039 0.895 0.008 0.003 
440   ZFOS06    (0)   :  0.006 0.005 0.007 0.014 0.018 0.012 0.924 0.011 0.005 
441   ZFOS07    (0)   :  0.013 0.017 0.005 0.004 0.005 0.006 0.942 0.005 0.004 
442   ZFOS08    (0)   :  0.015 0.020 0.006 0.006 0.015 0.018 0.913 0.004 0.003 
443   ZFOS09    (0)   :  0.014 0.017 0.017 0.009 0.020 0.106 0.791 0.015 0.012 
444   ZFOS10    (0)   :  0.029 0.019 0.018 0.002 0.006 0.004 0.905 0.004 0.013 
445   ZFOS11    (0)   :  0.008 0.027 0.076 0.008 0.222 0.018 0.618 0.017 0.007 
446   ZFOS12    (0)   :  0.015 0.036 0.090 0.008 0.033 0.028 0.638 0.123 0.028 
447   ZFOS13    (0)   :  0.011 0.010 0.007 0.004 0.013 0.013 0.924 0.013 0.004 
448   ZFOS14    (0)   :  0.008 0.161 0.014 0.006 0.148 0.014 0.608 0.029 0.012 
449   ZFOS15    (0)   :  0.005 0.006 0.005 0.003 0.005 0.003 0.966 0.004 0.003 
450   ZFOS16    (0)   :  0.010 0.012 0.010 0.010 0.034 0.041 0.867 0.006 0.009 
451   ZFOS17    (0)   :  0.009 0.006 0.005 0.005 0.005 0.004 0.952 0.007 0.006 
452   ZFOS18    (0)   :  0.010 0.005 0.012 0.003 0.010 0.005 0.944 0.005 0.006 
453   ZFOS19    (0)   :  0.004 0.004 0.005 0.004 0.005 0.004 0.962 0.008 0.004 
454   ZFOS20    (0)   :  0.006 0.010 0.006 0.008 0.007 0.006 0.947 0.004 0.005 
455   ZFOS21    (0)   :  0.006 0.006 0.005 0.005 0.017 0.019 0.932 0.004 0.007 
456   ZFOS22    (0)   :  0.003 0.003 0.005 0.006 0.010 0.006 0.953 0.009 0.004 
457   ZFOS23    (0)   :  0.008 0.252 0.019 0.002 0.006 0.003 0.686 0.011 0.012 
458   ZFOS24    (0)   :  0.004 0.003 0.006 0.003 0.009 0.004 0.964 0.004 0.003 
459   ZFOS25    (0)   :  0.026 0.012 0.013 0.019 0.476 0.017 0.407 0.025 0.005 
460   ZFOS26    (0)   :  0.020 0.010 0.013 0.007 0.250 0.197 0.488 0.010 0.004 
461   ZFOS27    (0)   :  0.006 0.008 0.005 0.009 0.018 0.029 0.916 0.004 0.006 
462   ZFOS28    (0)   :  0.021 0.014 0.011 0.004 0.019 0.009 0.904 0.007 0.012 
463   ZFOS29    (0)   :  0.005 0.016 0.006 0.009 0.010 0.010 0.930 0.004 0.009 
