

----------------------------------------------------
STRUCTURE by Pritchard, Stephens and Donnelly (2000)
     and Falush, Stephens and Pritchard (2003)
       Code by Pritchard, Falush and Hubisz
             Version 2.3.4 (Jul 2012)
----------------------------------------------------



Command line arguments:   bin\structure -m C:\Users\eschumacher\Documents\GitHub\GCC_QUAC_ZAIN\Data_Files\Structure_Files\ZAIN\ZAIN_wild_rebinned_nopopinfo\50-50\mainparams -e C:\Users\eschumacher\Documents\GitHub\GCC_QUAC_ZAIN\Data_Files\Structure_Files\ZAIN\ZAIN_wild_rebinned_nopopinfo\50-50\extraparams 
Input File:    C:\Users\eschumacher\Documents\GitHub\GCC_QUAC_ZAIN\Data_Files\Structure_Files\ZAIN\ZAIN_wild_rebinned_nopopinfo\project_data

Run parameters:
   751 individuals
   11 loci
   8 populations assumed
   50000 Burn-in period
   50000 Reps


--------------------------------------------
Overall proportion of membership of the
sample in each of the 8 clusters

Inferred Clusters
  1      2      3      4      5      6      7      8    
0.069  0.091  0.106  0.170  0.116  0.106  0.145  0.198  

--------------------------------------------

Allele-freq. divergence among pops (Net nucleotide distance),
computed using point estimates of P.

      1       2       3       4       5       6       7       8      
 1      -    0.3514  0.3411  0.1991  0.1800  0.3510  0.1720  0.1065  
 2   0.3514     -    0.1934  0.1090  0.1582  0.0812  0.2425  0.2454  
 3   0.3411  0.1934     -    0.1310  0.2098  0.1644  0.2819  0.2727  
 4   0.1991  0.1090  0.1310     -    0.1005  0.1240  0.1210  0.1453  
 5   0.1800  0.1582  0.2098  0.1005     -    0.1843  0.1221  0.1649  
 6   0.3510  0.0812  0.1644  0.1240  0.1843     -    0.2411  0.2367  
 7   0.1720  0.2425  0.2819  0.1210  0.1221  0.2411     -    0.1071  
 8   0.1065  0.2454  0.2727  0.1453  0.1649  0.2367  0.1071     -    

Average distances (expected heterozygosity) between individuals in same cluster:
cluster  1  : 0.3690 
cluster  2  : 0.3641 
cluster  3  : 0.4287 
cluster  4  : 0.5602 
cluster  5  : 0.4327 
cluster  6  : 0.4854 
cluster  7  : 0.3959 
cluster  8  : 0.4114 

--------------------------------------------
Estimated Ln Prob of Data   = -14015.4
Mean value of ln likelihood = -13669.4
Variance of ln likelihood   = 692.0
Mean value of alpha         = 0.0330

Mean value of Fst_1         = 0.4301
Mean value of Fst_2         = 0.4371
Mean value of Fst_3         = 0.4091
Mean value of Fst_4         = 0.1158
Mean value of Fst_5         = 0.4038
Mean value of Fst_6         = 0.3973
Mean value of Fst_7         = 0.4769
Mean value of Fst_8         = 0.3590


Inferred ancestry of individuals:
        Label (%Miss) :  Inferred clusters
  1    ZFB01    (0)   :  0.003 0.009 0.006 0.003 0.004 0.968 0.003 0.004 
  2    ZFB02    (0)   :  0.003 0.012 0.032 0.007 0.009 0.931 0.003 0.003 
  3    ZFB03    (0)   :  0.003 0.026 0.005 0.022 0.007 0.904 0.022 0.013 
  4    ZFB04    (0)   :  0.003 0.007 0.022 0.004 0.006 0.952 0.002 0.004 
  5    ZFB05    (0)   :  0.011 0.011 0.137 0.032 0.013 0.787 0.007 0.003 
  6    ZFB06    (0)   :  0.012 0.010 0.072 0.030 0.011 0.855 0.007 0.003 
  7    ZFB07    (9)   :  0.007 0.075 0.010 0.024 0.005 0.867 0.005 0.006 
  8    ZFB08    (0)   :  0.006 0.027 0.006 0.010 0.008 0.929 0.007 0.008 
  9    ZFB09    (0)   :  0.002 0.008 0.004 0.005 0.004 0.972 0.003 0.003 
 10    ZFB10    (0)   :  0.006 0.005 0.006 0.004 0.005 0.958 0.004 0.013 
 11    ZFB11    (0)   :  0.003 0.005 0.009 0.003 0.005 0.967 0.003 0.005 
 12    ZFB12    (0)   :  0.004 0.006 0.023 0.018 0.004 0.932 0.006 0.007 
 13    ZFB13    (0)   :  0.007 0.010 0.006 0.009 0.006 0.947 0.006 0.010 
 14    ZFB14    (0)   :  0.003 0.008 0.004 0.004 0.005 0.970 0.003 0.004 
 15    ZFB15    (0)   :  0.002 0.007 0.008 0.004 0.003 0.971 0.002 0.002 
 16    ZFB16    (0)   :  0.004 0.007 0.008 0.005 0.004 0.963 0.004 0.006 
 17    ZFB17    (0)   :  0.011 0.007 0.021 0.020 0.021 0.905 0.006 0.009 
 18    ZFB18    (0)   :  0.002 0.005 0.003 0.003 0.004 0.976 0.002 0.003 
 19    ZFB19    (0)   :  0.012 0.067 0.008 0.114 0.005 0.728 0.017 0.049 
 20    ZFB20    (0)   :  0.004 0.006 0.025 0.006 0.004 0.945 0.003 0.006 
 21    ZFB21    (0)   :  0.002 0.008 0.007 0.004 0.003 0.970 0.003 0.003 
 22    ZFB22    (0)   :  0.009 0.005 0.037 0.010 0.007 0.917 0.006 0.009 
 23    ZFB23    (0)   :  0.003 0.003 0.009 0.003 0.004 0.970 0.003 0.004 
 24    ZFB24    (0)   :  0.003 0.005 0.014 0.004 0.004 0.964 0.003 0.004 
 25    ZFB25    (0)   :  0.004 0.004 0.004 0.003 0.004 0.967 0.004 0.010 
 26    ZFB26    (0)   :  0.003 0.004 0.020 0.004 0.005 0.951 0.004 0.009 
 27    ZFB27    (0)   :  0.003 0.004 0.023 0.003 0.004 0.956 0.003 0.004 
 28    ZFB28    (0)   :  0.003 0.005 0.076 0.028 0.011 0.863 0.005 0.007 
 29    ZFB29    (0)   :  0.002 0.005 0.009 0.004 0.005 0.969 0.002 0.003 
 30    ZFB30    (0)   :  0.018 0.020 0.119 0.058 0.004 0.769 0.008 0.004 
 31    ZFB31    (0)   :  0.004 0.007 0.005 0.004 0.004 0.961 0.004 0.010 
 32    ZFB32    (0)   :  0.005 0.009 0.056 0.034 0.032 0.843 0.009 0.013 
 33    ZFB33    (0)   :  0.002 0.006 0.007 0.003 0.003 0.973 0.002 0.003 
 34    ZFB34    (0)   :  0.003 0.018 0.004 0.005 0.006 0.957 0.004 0.004 
 35    ZFB35    (0)   :  0.003 0.011 0.006 0.004 0.005 0.960 0.005 0.005 
 36  ZFBP101    (0)   :  0.045 0.008 0.009 0.014 0.142 0.014 0.107 0.661 
 37  ZFBP102    (0)   :  0.012 0.008 0.012 0.015 0.019 0.019 0.020 0.895 
 38  ZFBP103    (0)   :  0.017 0.005 0.007 0.009 0.258 0.010 0.321 0.373 
 39  ZFBP104    (0)   :  0.007 0.033 0.009 0.029 0.004 0.025 0.055 0.838 
 40  ZFBP105    (0)   :  0.006 0.006 0.005 0.006 0.006 0.006 0.032 0.935 
 41  ZFBP106    (0)   :  0.009 0.004 0.003 0.004 0.008 0.003 0.046 0.923 
 42  ZFBP107    (0)   :  0.005 0.005 0.015 0.011 0.009 0.006 0.075 0.873 
 43  ZFBP108    (0)   :  0.004 0.004 0.003 0.003 0.003 0.003 0.007 0.973 
 44  ZFBP109    (0)   :  0.006 0.004 0.002 0.004 0.004 0.003 0.008 0.968 
 45  ZFBP110    (0)   :  0.007 0.015 0.009 0.032 0.036 0.065 0.181 0.656 
 46  ZFBP111    (0)   :  0.211 0.003 0.004 0.009 0.005 0.003 0.064 0.703 
 47  ZFBP112    (0)   :  0.039 0.004 0.005 0.006 0.013 0.003 0.013 0.918 
 48  ZFBP113    (0)   :  0.004 0.004 0.004 0.004 0.003 0.003 0.005 0.972 
 49  ZFBP114    (0)   :  0.006 0.004 0.007 0.005 0.006 0.003 0.015 0.955 
 50  ZFBP115    (0)   :  0.019 0.003 0.003 0.007 0.014 0.002 0.420 0.531 
 51  ZFBP116    (0)   :  0.006 0.003 0.004 0.006 0.004 0.003 0.010 0.964 
 52  ZFBP117    (0)   :  0.007 0.004 0.002 0.004 0.007 0.003 0.008 0.965 
 53  ZFBP118    (0)   :  0.008 0.003 0.007 0.005 0.006 0.004 0.011 0.958 
 54  ZFBP119    (0)   :  0.022 0.005 0.003 0.008 0.036 0.003 0.114 0.809 
 55  ZFBP120    (0)   :  0.005 0.007 0.005 0.006 0.004 0.006 0.029 0.938 
 56  ZFBP121    (0)   :  0.005 0.006 0.003 0.004 0.009 0.004 0.010 0.958 
 57  ZFBP122    (9)   :  0.012 0.004 0.004 0.005 0.005 0.003 0.012 0.957 
 58  ZFBP123    (0)   :  0.017 0.005 0.007 0.007 0.014 0.003 0.007 0.942 
 59  ZFBP124    (0)   :  0.005 0.008 0.004 0.004 0.005 0.005 0.006 0.964 
 60  ZFBP125    (0)   :  0.014 0.002 0.002 0.003 0.006 0.002 0.012 0.957 
 61  ZFBP126    (0)   :  0.007 0.006 0.012 0.020 0.026 0.012 0.006 0.912 
 62  ZFBP127    (0)   :  0.004 0.004 0.003 0.004 0.014 0.003 0.074 0.895 
 63  ZFBP128    (0)   :  0.023 0.004 0.002 0.003 0.011 0.004 0.015 0.939 
 64  ZFBP129    (0)   :  0.142 0.007 0.003 0.006 0.009 0.005 0.007 0.822 
 65  ZFBP130    (0)   :  0.056 0.002 0.003 0.004 0.018 0.002 0.016 0.899 
 66  ZFBP131    (0)   :  0.005 0.005 0.003 0.004 0.003 0.003 0.004 0.973 
 67  ZFBP132    (0)   :  0.004 0.003 0.003 0.003 0.004 0.004 0.010 0.970 
 68  ZFBP133    (0)   :  0.140 0.005 0.002 0.003 0.007 0.003 0.004 0.835 
 69  ZFBP134    (0)   :  0.017 0.004 0.003 0.005 0.049 0.004 0.168 0.751 
 70  ZFBP135    (0)   :  0.012 0.009 0.005 0.009 0.266 0.015 0.033 0.651 
 71  ZFBP136    (0)   :  0.054 0.004 0.007 0.006 0.123 0.004 0.042 0.761 
 72  ZFBP201    (0)   :  0.005 0.005 0.006 0.006 0.006 0.005 0.008 0.960 
 73  ZFBP202    (0)   :  0.008 0.007 0.003 0.004 0.004 0.005 0.015 0.954 
 74  ZFBP203    (0)   :  0.019 0.006 0.048 0.029 0.006 0.006 0.008 0.880 
 75  ZFBP204    (0)   :  0.019 0.005 0.005 0.007 0.018 0.004 0.048 0.894 
 76  ZFBP205    (0)   :  0.012 0.004 0.005 0.004 0.009 0.002 0.004 0.959 
 77  ZFBP206    (0)   :  0.056 0.009 0.007 0.006 0.016 0.003 0.006 0.897 
 78  ZFBP207    (0)   :  0.008 0.005 0.003 0.004 0.012 0.004 0.197 0.767 
 79  ZFBP208    (0)   :  0.009 0.004 0.011 0.009 0.008 0.003 0.005 0.950 
 80  ZFBP209    (0)   :  0.080 0.004 0.002 0.003 0.007 0.003 0.004 0.897 
 81  ZFBP210    (0)   :  0.011 0.004 0.008 0.007 0.005 0.004 0.010 0.951 
 82  ZFBP211    (0)   :  0.006 0.006 0.003 0.004 0.005 0.005 0.008 0.964 
 83  ZFBP212    (0)   :  0.005 0.004 0.003 0.003 0.003 0.006 0.043 0.932 
 84  ZFBP213    (0)   :  0.012 0.018 0.005 0.007 0.015 0.004 0.011 0.928 
 85  ZFBP214    (0)   :  0.073 0.018 0.004 0.014 0.046 0.007 0.042 0.797 
 86  ZFBP215    (0)   :  0.007 0.005 0.003 0.003 0.005 0.003 0.006 0.968 
 87  ZFBP216    (0)   :  0.006 0.005 0.006 0.014 0.005 0.004 0.010 0.951 
 88  ZFBP217    (0)   :  0.216 0.006 0.004 0.012 0.007 0.008 0.066 0.681 
 89  ZFBP218    (0)   :  0.012 0.003 0.003 0.004 0.003 0.002 0.005 0.968 
 90  ZFBP219    (0)   :  0.005 0.003 0.003 0.005 0.003 0.003 0.006 0.973 
 91  ZFBP220    (0)   :  0.030 0.003 0.003 0.004 0.015 0.003 0.029 0.913 
 92  ZFBP221    (0)   :  0.007 0.004 0.003 0.004 0.003 0.004 0.025 0.950 
 93  ZFBP222    (0)   :  0.009 0.006 0.004 0.005 0.008 0.004 0.004 0.961 
 94  ZFBP223    (0)   :  0.011 0.005 0.005 0.007 0.008 0.008 0.165 0.791 
 95  ZFBP224    (0)   :  0.006 0.008 0.004 0.006 0.006 0.003 0.007 0.960 
 96  ZFBP225    (0)   :  0.383 0.003 0.009 0.011 0.013 0.003 0.123 0.455 
 97  ZFBP226    (0)   :  0.005 0.004 0.004 0.005 0.004 0.003 0.007 0.969 
 98  ZFBP227    (0)   :  0.008 0.031 0.013 0.108 0.007 0.014 0.034 0.784 
 99  ZFBP228    (0)   :  0.007 0.005 0.003 0.005 0.017 0.004 0.159 0.801 
100  ZFBP229    (0)   :  0.020 0.003 0.003 0.005 0.006 0.003 0.006 0.954 
101  ZFBP230    (0)   :  0.035 0.004 0.003 0.007 0.022 0.003 0.030 0.897 
102  ZFBP231    (0)   :  0.006 0.005 0.004 0.005 0.006 0.004 0.008 0.963 
103  ZFBP232    (0)   :  0.007 0.003 0.003 0.003 0.004 0.003 0.005 0.971 
104  ZFBP233    (0)   :  0.015 0.007 0.004 0.006 0.006 0.005 0.011 0.947 
105   ZFCC01    (0)   :  0.005 0.020 0.005 0.004 0.954 0.005 0.004 0.004 
106   ZFCC03    (0)   :  0.006 0.009 0.003 0.003 0.966 0.003 0.006 0.004 
107   ZFCC04    (0)   :  0.006 0.007 0.004 0.004 0.967 0.003 0.004 0.004 
108   ZFCC05    (0)   :  0.006 0.011 0.004 0.005 0.956 0.004 0.008 0.006 
109   ZFCC08    (0)   :  0.016 0.011 0.003 0.004 0.949 0.002 0.007 0.008 
110   ZFCC09    (0)   :  0.003 0.011 0.003 0.003 0.966 0.004 0.006 0.004 
111   ZFCC10    (0)   :  0.004 0.044 0.004 0.004 0.934 0.004 0.003 0.005 
112   ZFCC11    (0)   :  0.005 0.012 0.003 0.004 0.962 0.004 0.006 0.005 
113   ZFCC12    (0)   :  0.005 0.037 0.047 0.011 0.877 0.010 0.007 0.006 
114   ZFCC13    (0)   :  0.008 0.004 0.007 0.007 0.949 0.003 0.011 0.009 
115   ZFCC14    (0)   :  0.007 0.010 0.005 0.004 0.953 0.007 0.004 0.009 
116   ZFCC15    (0)   :  0.005 0.005 0.005 0.007 0.965 0.004 0.005 0.004 
117   ZFCC16    (0)   :  0.005 0.006 0.004 0.005 0.968 0.005 0.004 0.004 
118   ZFCC17    (0)   :  0.004 0.006 0.008 0.004 0.967 0.005 0.004 0.003 
119   ZFCC18    (0)   :  0.006 0.011 0.004 0.004 0.961 0.004 0.006 0.004 
120   ZFCC19    (0)   :  0.004 0.003 0.007 0.007 0.968 0.005 0.004 0.003 
121   ZFCC20    (0)   :  0.005 0.004 0.003 0.005 0.968 0.004 0.007 0.003 
122   ZFCC21    (0)   :  0.032 0.007 0.006 0.014 0.902 0.005 0.006 0.028 
123   ZFCC22    (0)   :  0.047 0.015 0.005 0.005 0.715 0.004 0.022 0.188 
124   ZFCC26    (0)   :  0.004 0.006 0.004 0.004 0.970 0.004 0.004 0.003 
125   ZFCC27    (0)   :  0.004 0.005 0.003 0.004 0.973 0.003 0.005 0.004 
126   ZFCC29    (0)   :  0.005 0.006 0.004 0.007 0.961 0.008 0.005 0.004 
127   ZFCC30    (0)   :  0.006 0.004 0.003 0.004 0.972 0.003 0.006 0.003 
128   ZFCC32    (0)   :  0.006 0.008 0.007 0.008 0.956 0.004 0.007 0.004 
129   ZFCC33    (0)   :  0.003 0.006 0.004 0.005 0.965 0.007 0.005 0.004 
130   ZFCC34    (0)   :  0.015 0.013 0.012 0.006 0.853 0.019 0.038 0.043 
131   ZFCC35    (0)   :  0.004 0.005 0.003 0.003 0.975 0.002 0.005 0.003 
132   ZFCC36    (0)   :  0.012 0.005 0.012 0.009 0.943 0.004 0.006 0.009 
133   ZFCC37    (0)   :  0.006 0.050 0.039 0.016 0.864 0.009 0.008 0.009 
134   ZFCC40    (0)   :  0.004 0.011 0.006 0.003 0.963 0.004 0.003 0.006 
135   ZFCC42    (0)   :  0.014 0.006 0.550 0.009 0.340 0.018 0.057 0.006 
136   ZFCC44    (0)   :  0.003 0.003 0.004 0.003 0.975 0.003 0.006 0.003 
137   ZFCC45    (9)   :  0.004 0.020 0.013 0.010 0.935 0.007 0.005 0.005 
138   ZFCC46    (0)   :  0.025 0.003 0.003 0.004 0.939 0.003 0.013 0.009 
139   ZFCC47    (0)   :  0.008 0.039 0.025 0.005 0.905 0.007 0.006 0.005 
140   ZFCC48    (0)   :  0.035 0.007 0.003 0.005 0.922 0.005 0.005 0.018 
141   ZFCC50    (0)   :  0.004 0.005 0.004 0.004 0.972 0.004 0.004 0.003 
142   ZFCC51    (0)   :  0.004 0.005 0.003 0.003 0.973 0.004 0.006 0.003 
143   ZFCC52    (0)   :  0.011 0.004 0.006 0.004 0.956 0.004 0.007 0.009 
144   ZFCC53    (0)   :  0.004 0.005 0.003 0.003 0.974 0.004 0.004 0.003 
145  ZFCNS01    (0)   :  0.003 0.003 0.006 0.008 0.005 0.002 0.968 0.004 
146  ZFCNS02    (0)   :  0.006 0.003 0.003 0.003 0.008 0.003 0.969 0.004 
147  ZFCNS05    (0)   :  0.006 0.005 0.003 0.004 0.010 0.005 0.959 0.007 
148  ZFCNS06    (0)   :  0.006 0.004 0.003 0.004 0.010 0.003 0.966 0.005 
149  ZFCNS07    (0)   :  0.016 0.004 0.003 0.004 0.005 0.004 0.956 0.009 
150  ZFCNS10    (0)   :  0.005 0.003 0.003 0.003 0.004 0.003 0.975 0.004 
151  ZFCNS11    (0)   :  0.004 0.003 0.004 0.005 0.005 0.003 0.972 0.003 
152  ZFCNS15    (0)   :  0.005 0.003 0.003 0.004 0.004 0.004 0.963 0.014 
153  ZFCNS17    (0)   :  0.006 0.003 0.003 0.003 0.010 0.003 0.967 0.006 
154  ZFCNS18    (0)   :  0.004 0.003 0.003 0.003 0.005 0.003 0.975 0.005 
155  ZFCNS19    (0)   :  0.005 0.004 0.003 0.003 0.006 0.003 0.973 0.003 
156  ZFCNS20    (0)   :  0.012 0.003 0.003 0.004 0.007 0.003 0.958 0.009 
157  ZFCNS21    (0)   :  0.003 0.003 0.003 0.003 0.007 0.003 0.975 0.003 
158  ZFCNS22    (0)   :  0.006 0.004 0.003 0.004 0.007 0.006 0.960 0.011 
159  ZFCNS23    (0)   :  0.016 0.007 0.011 0.010 0.024 0.005 0.921 0.006 
160  ZFCNS24    (0)   :  0.005 0.003 0.003 0.003 0.015 0.003 0.963 0.005 
161  ZFCNS25    (0)   :  0.008 0.003 0.003 0.004 0.010 0.003 0.961 0.009 
162  ZFCNS26    (0)   :  0.004 0.004 0.002 0.003 0.004 0.004 0.973 0.006 
163  ZFCNS27    (0)   :  0.007 0.003 0.003 0.004 0.004 0.003 0.961 0.015 
164  ZFCNS28    (0)   :  0.006 0.004 0.003 0.003 0.006 0.004 0.969 0.005 
165  ZFCNS29    (0)   :  0.005 0.004 0.003 0.004 0.011 0.003 0.962 0.008 
166  ZFCNS30    (0)   :  0.003 0.004 0.003 0.004 0.008 0.003 0.969 0.005 
167  ZFCNS31    (0)   :  0.005 0.004 0.003 0.003 0.005 0.004 0.972 0.005 
168  ZFCNS32    (0)   :  0.005 0.004 0.003 0.003 0.006 0.004 0.971 0.004 
169  ZFCNS33    (0)   :  0.005 0.004 0.003 0.003 0.005 0.003 0.973 0.004 
170  ZFCNS34    (0)   :  0.005 0.004 0.003 0.004 0.019 0.003 0.956 0.005 
171  ZFCNS35    (0)   :  0.004 0.005 0.002 0.003 0.005 0.004 0.971 0.004 
172  ZFCNS36    (0)   :  0.007 0.004 0.003 0.003 0.038 0.003 0.938 0.005 
173  ZFCNS37    (0)   :  0.003 0.004 0.003 0.004 0.006 0.003 0.974 0.004 
174  ZFCNS39    (0)   :  0.006 0.003 0.003 0.003 0.006 0.002 0.973 0.004 
175  ZFCNS40    (0)   :  0.013 0.003 0.002 0.004 0.019 0.003 0.950 0.006 
176  ZFCNS41    (0)   :  0.005 0.005 0.005 0.008 0.010 0.004 0.953 0.010 
177  ZFCNS42    (0)   :  0.004 0.003 0.002 0.004 0.005 0.003 0.974 0.005 
178  ZFCNS43    (0)   :  0.004 0.004 0.003 0.003 0.008 0.003 0.973 0.003 
179  ZFCNS44    (0)   :  0.003 0.003 0.003 0.003 0.005 0.003 0.976 0.004 
180  ZFCNS46    (0)   :  0.004 0.004 0.003 0.004 0.006 0.003 0.970 0.006 
181  ZFCNS47    (0)   :  0.003 0.004 0.002 0.003 0.006 0.003 0.974 0.004 
182  ZFCNS48    (0)   :  0.005 0.004 0.003 0.004 0.006 0.003 0.970 0.006 
183  ZFCNS49    (0)   :  0.004 0.003 0.003 0.003 0.003 0.003 0.974 0.007 
184   ZFCR01    (0)   :  0.023 0.340 0.037 0.495 0.016 0.045 0.004 0.039 
185   ZFCR02    (0)   :  0.052 0.006 0.017 0.536 0.059 0.278 0.010 0.042 
186   ZFCR03    (0)   :  0.050 0.060 0.091 0.368 0.088 0.233 0.005 0.105 
187   ZFCR04    (0)   :  0.051 0.133 0.042 0.226 0.023 0.451 0.040 0.035 
188   ZFCR05    (0)   :  0.005 0.075 0.011 0.840 0.020 0.039 0.004 0.006 
189   ZFCR06    (0)   :  0.035 0.049 0.009 0.515 0.030 0.122 0.123 0.118 
190   ZFCR07    (0)   :  0.004 0.009 0.009 0.881 0.014 0.028 0.045 0.011 
191   ZFCR08    (0)   :  0.085 0.257 0.107 0.321 0.162 0.027 0.011 0.030 
192   ZFCR09    (0)   :  0.029 0.032 0.439 0.057 0.052 0.165 0.046 0.179 
193   ZFCR11    (0)   :  0.003 0.062 0.010 0.730 0.011 0.090 0.061 0.034 
194   ZFCR12    (0)   :  0.030 0.006 0.004 0.727 0.012 0.016 0.179 0.026 
195   ZFCR13    (0)   :  0.006 0.005 0.003 0.871 0.006 0.013 0.009 0.086 
196   ZFCR14    (0)   :  0.011 0.013 0.005 0.917 0.011 0.027 0.006 0.009 
197   ZFCR15    (0)   :  0.066 0.017 0.012 0.746 0.018 0.102 0.012 0.027 
198   ZFCR16    (0)   :  0.026 0.012 0.007 0.795 0.010 0.126 0.004 0.020 
199   ZFCR18    (0)   :  0.025 0.009 0.008 0.036 0.070 0.792 0.018 0.041 
200   ZFCR19    (0)   :  0.260 0.017 0.098 0.272 0.018 0.299 0.007 0.029 
201   ZFCR20    (0)   :  0.021 0.229 0.033 0.396 0.022 0.136 0.008 0.155 
202   ZFCR21    (0)   :  0.011 0.013 0.003 0.915 0.021 0.017 0.006 0.014 
203   ZFCR22    (0)   :  0.019 0.003 0.005 0.936 0.005 0.016 0.004 0.011 
204   ZFCR23    (0)   :  0.008 0.007 0.025 0.694 0.004 0.046 0.014 0.202 
205   ZFCR24    (9)   :  0.009 0.038 0.018 0.305 0.009 0.084 0.006 0.532 
206   ZFCR25    (0)   :  0.003 0.012 0.006 0.951 0.006 0.014 0.003 0.004 
207   ZFCR26    (0)   :  0.023 0.025 0.062 0.840 0.021 0.007 0.006 0.017 
208   ZFCR27    (9)   :  0.003 0.059 0.035 0.870 0.005 0.021 0.003 0.003 
209   ZFCR28    (0)   :  0.102 0.012 0.007 0.633 0.010 0.006 0.025 0.205 
210   ZFCR29    (0)   :  0.008 0.050 0.007 0.771 0.011 0.132 0.004 0.017 
211   ZFCR30    (0)   :  0.006 0.007 0.006 0.956 0.005 0.009 0.006 0.005 
212   ZFCR31    (0)   :  0.030 0.022 0.060 0.181 0.022 0.405 0.111 0.169 
213   ZFCR33    (0)   :  0.015 0.098 0.077 0.742 0.034 0.008 0.014 0.012 
214   ZFCR34    (0)   :  0.019 0.006 0.020 0.758 0.021 0.115 0.029 0.033 
215   ZFCR35    (0)   :  0.014 0.011 0.009 0.058 0.031 0.851 0.015 0.012 
216   ZFCR36    (0)   :  0.006 0.011 0.012 0.739 0.008 0.206 0.010 0.009 
217   ZFCR37    (0)   :  0.005 0.021 0.010 0.905 0.034 0.015 0.004 0.004 
218   ZFCR38    (0)   :  0.011 0.077 0.048 0.803 0.037 0.010 0.007 0.006 
219   ZFCR39    (0)   :  0.092 0.014 0.404 0.208 0.169 0.032 0.009 0.072 
220   ZFCR40    (0)   :  0.005 0.017 0.053 0.845 0.030 0.027 0.008 0.015 
221   ZFCR41    (0)   :  0.013 0.009 0.003 0.886 0.036 0.012 0.030 0.010 
222   ZFCR42    (0)   :  0.019 0.009 0.013 0.876 0.034 0.008 0.015 0.026 
223   ZFCR43    (0)   :  0.008 0.013 0.005 0.778 0.006 0.096 0.006 0.088 
224  ZFENP25    (0)   :  0.010 0.102 0.008 0.841 0.019 0.007 0.004 0.008 
225  ZFENP26    (0)   :  0.003 0.010 0.023 0.938 0.005 0.014 0.004 0.003 
226  ZFENP27    (0)   :  0.013 0.072 0.135 0.276 0.382 0.043 0.061 0.018 
227  ZFENP28    (0)   :  0.004 0.030 0.030 0.899 0.012 0.013 0.007 0.004 
228  ZFENP29    (0)   :  0.003 0.006 0.009 0.961 0.008 0.006 0.004 0.003 
229  ZFENP30    (0)   :  0.006 0.009 0.036 0.869 0.060 0.008 0.007 0.006 
230  ZFENP31    (0)   :  0.006 0.022 0.796 0.038 0.095 0.021 0.011 0.010 
231  ZFENP32    (0)   :  0.007 0.044 0.421 0.156 0.034 0.270 0.045 0.024 
232  ZFENP33    (0)   :  0.003 0.053 0.025 0.885 0.007 0.014 0.005 0.006 
233  ZFENP34    (0)   :  0.008 0.757 0.019 0.098 0.058 0.033 0.016 0.012 
234  ZFENP35    (0)   :  0.006 0.011 0.103 0.811 0.008 0.029 0.021 0.011 
235  ZFENP36    (0)   :  0.002 0.009 0.028 0.931 0.004 0.015 0.007 0.003 
236  ZFENP37    (0)   :  0.004 0.358 0.098 0.502 0.009 0.014 0.009 0.006 
237  ZFENP38    (0)   :  0.004 0.011 0.010 0.938 0.015 0.006 0.011 0.006 
238  ZFENP39    (0)   :  0.003 0.037 0.032 0.890 0.013 0.018 0.005 0.004 
239  ZFENP40    (0)   :  0.004 0.048 0.099 0.786 0.013 0.035 0.007 0.008 
240  ZFENP41    (0)   :  0.011 0.031 0.064 0.717 0.136 0.025 0.009 0.006 
241  ZFENP42    (0)   :  0.004 0.004 0.251 0.724 0.005 0.004 0.004 0.003 
242  ZFENP43    (0)   :  0.004 0.025 0.024 0.846 0.036 0.007 0.052 0.006 
243  ZFENP44    (0)   :  0.003 0.028 0.158 0.731 0.033 0.007 0.030 0.010 
244  ZFENP45    (0)   :  0.307 0.011 0.122 0.491 0.025 0.011 0.011 0.022 
245  ZFENP46    (0)   :  0.004 0.037 0.031 0.896 0.003 0.008 0.011 0.010 
246  ZFENP47    (0)   :  0.198 0.019 0.538 0.067 0.107 0.052 0.004 0.015 
247  ZFENP48    (0)   :  0.023 0.641 0.053 0.138 0.090 0.015 0.015 0.024 
248  ZFENP49    (0)   :  0.017 0.007 0.020 0.807 0.030 0.096 0.007 0.015 
249  ZFENP50    (0)   :  0.007 0.007 0.035 0.896 0.005 0.007 0.009 0.034 
250  ZFENP51    (0)   :  0.079 0.022 0.662 0.168 0.015 0.040 0.008 0.005 
251  ZFENP52    (0)   :  0.003 0.004 0.011 0.943 0.015 0.003 0.017 0.005 
252  ZFENP53    (0)   :  0.015 0.007 0.024 0.908 0.008 0.006 0.011 0.021 
253  ZFENP54    (0)   :  0.011 0.011 0.013 0.867 0.030 0.013 0.011 0.045 
254  ZFENP55    (0)   :  0.004 0.014 0.010 0.936 0.004 0.023 0.004 0.005 
255  ZFENP56    (0)   :  0.004 0.008 0.012 0.946 0.006 0.012 0.008 0.003 
256  ZFENP57    (0)   :  0.003 0.018 0.125 0.822 0.006 0.012 0.011 0.005 
257  ZFENP58    (0)   :  0.076 0.005 0.017 0.804 0.052 0.023 0.014 0.008 
258  ZFENP59    (0)   :  0.004 0.015 0.190 0.569 0.190 0.021 0.006 0.006 
259  ZFENP60    (0)   :  0.010 0.060 0.023 0.835 0.010 0.048 0.006 0.009 
260  ZFENP61    (0)   :  0.003 0.028 0.020 0.893 0.015 0.035 0.004 0.003 
261 ZFFDSP01    (0)   :  0.018 0.004 0.003 0.004 0.005 0.006 0.028 0.932 
262 ZFFDSP02    (0)   :  0.006 0.004 0.002 0.004 0.004 0.003 0.006 0.970 
263 ZFFDSP04    (0)   :  0.013 0.005 0.002 0.003 0.004 0.004 0.005 0.964 
264 ZFFDSP05    (0)   :  0.011 0.003 0.003 0.005 0.004 0.004 0.015 0.954 
265 ZFFDSP06    (0)   :  0.012 0.004 0.002 0.003 0.006 0.003 0.005 0.964 
266 ZFFDSP07    (0)   :  0.034 0.005 0.005 0.005 0.018 0.003 0.005 0.924 
267 ZFFDSP08    (0)   :  0.070 0.004 0.004 0.007 0.017 0.003 0.022 0.873 
268 ZFFDSP10    (0)   :  0.010 0.004 0.003 0.005 0.005 0.003 0.009 0.960 
269 ZFFDSP11    (0)   :  0.009 0.004 0.003 0.005 0.004 0.004 0.005 0.965 
270 ZFFDSP12    (0)   :  0.011 0.003 0.003 0.003 0.004 0.003 0.006 0.969 
271 ZFFDSP13    (0)   :  0.006 0.004 0.004 0.008 0.017 0.004 0.473 0.483 
272 ZFFDSP14    (0)   :  0.021 0.006 0.003 0.004 0.008 0.003 0.005 0.950 
273 ZFFDSP16    (0)   :  0.005 0.007 0.003 0.007 0.006 0.006 0.013 0.954 
274 ZFFDSP17    (0)   :  0.010 0.005 0.003 0.004 0.006 0.003 0.008 0.962 
275 ZFFDSP18    (0)   :  0.016 0.008 0.002 0.003 0.006 0.005 0.005 0.953 
276 ZFFDSP19    (0)   :  0.026 0.009 0.003 0.004 0.018 0.004 0.071 0.865 
277 ZFFDSP21    (0)   :  0.007 0.004 0.003 0.004 0.013 0.003 0.124 0.843 
278 ZFFDSP22    (0)   :  0.064 0.003 0.002 0.004 0.006 0.002 0.006 0.912 
279 ZFFDSP23    (0)   :  0.115 0.003 0.002 0.004 0.005 0.003 0.031 0.838 
280 ZFFDSP24    (0)   :  0.007 0.005 0.003 0.005 0.005 0.005 0.035 0.935 
281 ZFFDSP26    (9)   :  0.015 0.004 0.003 0.004 0.005 0.004 0.014 0.951 
282 ZFFDSP27    (0)   :  0.006 0.006 0.003 0.004 0.004 0.004 0.011 0.963 
283 ZFFDSP28    (0)   :  0.008 0.036 0.016 0.012 0.011 0.044 0.010 0.863 
284 ZFFDSP30    (0)   :  0.008 0.008 0.006 0.005 0.006 0.061 0.188 0.717 
285 ZFFDSP31    (0)   :  0.007 0.008 0.002 0.004 0.006 0.003 0.013 0.957 
286 ZFFDSP32    (0)   :  0.006 0.005 0.003 0.004 0.003 0.002 0.007 0.970 
287 ZFFDSP33    (0)   :  0.005 0.004 0.003 0.003 0.003 0.003 0.008 0.972 
288 ZFFDSP34    (0)   :  0.012 0.004 0.002 0.003 0.006 0.003 0.009 0.961 
289 ZFFDSP35    (0)   :  0.008 0.004 0.002 0.003 0.004 0.005 0.015 0.958 
290 ZFFDSP37    (0)   :  0.004 0.005 0.003 0.003 0.004 0.004 0.009 0.968 
291 ZFFDSP38    (0)   :  0.005 0.005 0.003 0.004 0.004 0.005 0.008 0.967 
292 ZFFDSP39    (0)   :  0.010 0.003 0.002 0.003 0.003 0.004 0.047 0.928 
293 ZFFDSP40    (0)   :  0.005 0.004 0.003 0.003 0.003 0.005 0.026 0.950 
294 ZFFDSP42    (0)   :  0.062 0.004 0.002 0.004 0.006 0.004 0.027 0.892 
295 ZFFDSP43    (0)   :  0.009 0.004 0.002 0.003 0.004 0.004 0.014 0.959 
296 ZFFDSP44    (0)   :  0.006 0.005 0.003 0.004 0.003 0.005 0.026 0.948 
297 ZFFDSP45    (0)   :  0.005 0.004 0.002 0.004 0.005 0.005 0.011 0.963 
298 ZFFDSP46    (0)   :  0.009 0.005 0.002 0.004 0.006 0.005 0.016 0.954 
299 ZFFDSP47    (0)   :  0.020 0.003 0.003 0.004 0.004 0.004 0.182 0.780 
300 ZFFDSP48    (0)   :  0.007 0.004 0.003 0.004 0.005 0.004 0.101 0.873 
301    ZFI01    (0)   :  0.005 0.031 0.032 0.010 0.011 0.899 0.006 0.005 
302    ZFI02    (0)   :  0.005 0.024 0.010 0.007 0.004 0.939 0.006 0.005 
303    ZFI03    (0)   :  0.003 0.041 0.005 0.007 0.006 0.927 0.006 0.004 
304    ZFI04    (0)   :  0.003 0.841 0.016 0.007 0.004 0.120 0.004 0.004 
305    ZFI05    (0)   :  0.003 0.007 0.005 0.006 0.005 0.960 0.009 0.005 
306    ZFI06    (0)   :  0.003 0.032 0.014 0.019 0.005 0.824 0.079 0.023 
307    ZFI07    (0)   :  0.003 0.636 0.005 0.005 0.005 0.337 0.005 0.004 
308    ZFI08    (0)   :  0.004 0.109 0.011 0.016 0.006 0.847 0.004 0.004 
309    ZFI09    (0)   :  0.003 0.021 0.009 0.007 0.005 0.946 0.006 0.004 
310    ZFI10    (0)   :  0.004 0.031 0.010 0.008 0.005 0.912 0.023 0.005 
311    ZFI11    (0)   :  0.003 0.111 0.018 0.007 0.005 0.847 0.006 0.004 
312    ZFI12    (0)   :  0.004 0.081 0.004 0.010 0.007 0.878 0.011 0.005 
313    ZFI13    (0)   :  0.003 0.017 0.007 0.007 0.008 0.949 0.005 0.004 
314    ZFI14    (0)   :  0.003 0.008 0.005 0.005 0.005 0.960 0.007 0.008 
315    ZFI15    (0)   :  0.002 0.009 0.004 0.005 0.004 0.967 0.004 0.004 
316    ZFI16    (0)   :  0.002 0.016 0.003 0.005 0.004 0.960 0.005 0.004 
317    ZFI17    (0)   :  0.003 0.045 0.009 0.008 0.005 0.918 0.008 0.004 
318    ZFI18    (0)   :  0.002 0.020 0.008 0.006 0.003 0.951 0.005 0.003 
319    ZFI19    (9)   :  0.002 0.013 0.004 0.005 0.004 0.965 0.004 0.003 
320    ZFI20    (0)   :  0.004 0.009 0.004 0.005 0.004 0.964 0.005 0.005 
321    ZFI21    (0)   :  0.003 0.006 0.003 0.004 0.004 0.963 0.008 0.009 
322    ZFI22    (0)   :  0.005 0.027 0.009 0.005 0.007 0.939 0.004 0.005 
323    ZFI23    (0)   :  0.003 0.033 0.005 0.007 0.005 0.937 0.006 0.004 
324    ZFI24    (0)   :  0.003 0.055 0.004 0.008 0.008 0.907 0.010 0.005 
325    ZFI25    (0)   :  0.005 0.054 0.005 0.008 0.007 0.911 0.005 0.005 
326    ZFI26    (0)   :  0.003 0.070 0.004 0.008 0.008 0.898 0.005 0.004 
327    ZFI27    (0)   :  0.003 0.032 0.005 0.010 0.007 0.922 0.017 0.005 
328    ZFK01    (0)   :  0.007 0.004 0.011 0.010 0.942 0.005 0.012 0.009 
329    ZFK02    (0)   :  0.006 0.005 0.007 0.009 0.942 0.008 0.013 0.009 
330    ZFK03    (0)   :  0.006 0.006 0.017 0.009 0.938 0.008 0.009 0.009 
331    ZFK04    (0)   :  0.005 0.009 0.080 0.012 0.863 0.016 0.008 0.007 
332    ZFK05    (0)   :  0.004 0.010 0.162 0.007 0.793 0.009 0.009 0.005 
333    ZFK06    (0)   :  0.004 0.011 0.012 0.017 0.925 0.019 0.007 0.006 
334    ZFK07    (0)   :  0.008 0.004 0.020 0.009 0.938 0.004 0.009 0.008 
335    ZFK08    (0)   :  0.007 0.011 0.116 0.056 0.774 0.020 0.007 0.010 
336    ZFK10    (0)   :  0.005 0.011 0.021 0.010 0.918 0.021 0.007 0.008 
337    ZFK11    (0)   :  0.005 0.008 0.049 0.011 0.902 0.008 0.009 0.007 
338    ZFK12    (0)   :  0.015 0.004 0.009 0.026 0.920 0.004 0.009 0.013 
339    ZFK13    (0)   :  0.016 0.004 0.036 0.013 0.872 0.004 0.017 0.039 
340    ZFK14    (0)   :  0.012 0.004 0.012 0.006 0.940 0.004 0.009 0.012 
341    ZFK15    (0)   :  0.009 0.006 0.117 0.011 0.787 0.007 0.017 0.045 
342    ZFK16    (0)   :  0.010 0.004 0.013 0.010 0.928 0.003 0.014 0.018 
343   ZFLB01    (0)   :  0.004 0.006 0.956 0.005 0.003 0.008 0.007 0.011 
344   ZFLB02    (0)   :  0.005 0.053 0.893 0.028 0.003 0.009 0.004 0.004 
345   ZFLB03    (0)   :  0.007 0.008 0.906 0.028 0.006 0.008 0.032 0.006 
346   ZFLB04    (0)   :  0.006 0.006 0.747 0.007 0.008 0.026 0.176 0.024 
347   ZFLB05    (0)   :  0.003 0.006 0.949 0.005 0.003 0.013 0.015 0.006 
348   ZFLB06    (0)   :  0.004 0.004 0.961 0.005 0.010 0.004 0.006 0.006 
349   ZFLB07    (0)   :  0.017 0.005 0.721 0.046 0.032 0.006 0.143 0.030 
350   ZFLB08    (0)   :  0.004 0.034 0.915 0.020 0.004 0.011 0.006 0.005 
351   ZFLB09    (9)   :  0.003 0.005 0.966 0.005 0.005 0.006 0.004 0.005 
352   ZFLB10    (0)   :  0.002 0.003 0.970 0.004 0.003 0.006 0.007 0.004 
353   ZFLB11    (0)   :  0.008 0.003 0.953 0.007 0.014 0.003 0.006 0.006 
354   ZFLB12    (0)   :  0.002 0.005 0.972 0.005 0.005 0.004 0.003 0.003 
355   ZFLB13    (0)   :  0.004 0.008 0.922 0.024 0.011 0.004 0.015 0.011 
356  ZFLTI01    (0)   :  0.031 0.006 0.002 0.007 0.055 0.005 0.716 0.179 
357  ZFLTI02    (0)   :  0.015 0.010 0.002 0.006 0.038 0.003 0.903 0.023 
358  ZFLTI03    (0)   :  0.014 0.006 0.002 0.004 0.009 0.003 0.936 0.026 
359  ZFLTI04    (0)   :  0.009 0.007 0.003 0.006 0.011 0.005 0.925 0.034 
360  ZFLTI05    (0)   :  0.006 0.006 0.003 0.004 0.006 0.003 0.956 0.017 
361  ZFLTI06    (0)   :  0.024 0.005 0.003 0.004 0.007 0.006 0.794 0.158 
362  ZFLTI07    (0)   :  0.007 0.006 0.003 0.006 0.009 0.007 0.834 0.129 
363  ZFLTI08    (0)   :  0.006 0.012 0.003 0.006 0.006 0.004 0.951 0.012 
364  ZFLTI09    (0)   :  0.007 0.013 0.003 0.004 0.008 0.006 0.838 0.121 
365  ZFLTI10    (0)   :  0.007 0.010 0.003 0.005 0.018 0.005 0.622 0.330 
366  ZFLTI11    (0)   :  0.036 0.007 0.003 0.004 0.006 0.003 0.856 0.084 
367  ZFLTI12    (0)   :  0.029 0.008 0.003 0.005 0.020 0.003 0.865 0.067 
368  ZFLTI13    (0)   :  0.011 0.005 0.002 0.005 0.016 0.004 0.942 0.015 
369  ZFLTI14    (0)   :  0.005 0.010 0.002 0.005 0.037 0.003 0.917 0.020 
370 ZFONF101    (0)   :  0.007 0.003 0.003 0.003 0.002 0.002 0.004 0.976 
371 ZFONF102    (0)   :  0.026 0.004 0.011 0.007 0.003 0.005 0.005 0.939 
372 ZFONF103    (0)   :  0.024 0.006 0.003 0.007 0.014 0.004 0.073 0.869 
373 ZFONF104    (0)   :  0.027 0.003 0.002 0.002 0.004 0.002 0.005 0.954 
374 ZFONF105    (0)   :  0.150 0.003 0.003 0.005 0.005 0.003 0.020 0.812 
375 ZFONF106    (0)   :  0.008 0.005 0.002 0.002 0.004 0.003 0.004 0.972 
376 ZFONF107    (0)   :  0.009 0.019 0.054 0.024 0.015 0.015 0.017 0.846 
377 ZFONF108    (0)   :  0.011 0.007 0.008 0.006 0.017 0.004 0.024 0.923 
378 ZFONF109    (9)   :  0.034 0.008 0.005 0.004 0.016 0.003 0.013 0.915 
379 ZFONF110    (0)   :  0.015 0.002 0.002 0.003 0.005 0.002 0.007 0.964 
380 ZFONF111    (0)   :  0.018 0.013 0.017 0.024 0.007 0.009 0.012 0.898 
381 ZFONF112    (0)   :  0.246 0.018 0.003 0.003 0.007 0.003 0.017 0.703 
382 ZFONF113    (9)   :  0.010 0.004 0.005 0.005 0.006 0.003 0.011 0.957 
383 ZFONF115    (0)   :  0.016 0.007 0.003 0.004 0.006 0.003 0.010 0.950 
384 ZFONF116    (0)   :  0.032 0.008 0.003 0.005 0.005 0.004 0.010 0.932 
385 ZFONF117    (0)   :  0.049 0.005 0.003 0.005 0.009 0.004 0.375 0.549 
386 ZFONF118    (0)   :  0.015 0.012 0.002 0.004 0.009 0.004 0.017 0.937 
387 ZFONF119    (0)   :  0.025 0.003 0.006 0.004 0.012 0.003 0.005 0.941 
388 ZFONF120    (0)   :  0.048 0.003 0.005 0.005 0.023 0.003 0.007 0.905 
389 ZFONF121    (0)   :  0.124 0.005 0.004 0.004 0.005 0.004 0.009 0.846 
390 ZFONF122    (0)   :  0.008 0.011 0.003 0.007 0.025 0.005 0.065 0.876 
391 ZFONF123    (0)   :  0.040 0.005 0.040 0.010 0.006 0.007 0.005 0.888 
392 ZFONF124    (0)   :  0.029 0.004 0.006 0.004 0.009 0.003 0.009 0.938 
393 ZFONF125    (0)   :  0.171 0.004 0.042 0.028 0.040 0.008 0.010 0.696 
394 ZFONF126    (0)   :  0.009 0.008 0.003 0.006 0.014 0.004 0.013 0.943 
395 ZFONF201    (0)   :  0.673 0.073 0.025 0.015 0.031 0.091 0.011 0.082 
396 ZFONF202    (0)   :  0.934 0.004 0.002 0.004 0.009 0.003 0.005 0.039 
397 ZFONF203    (0)   :  0.964 0.004 0.003 0.005 0.007 0.003 0.004 0.009 
398 ZFONF204    (0)   :  0.927 0.010 0.007 0.008 0.031 0.006 0.006 0.006 
399 ZFONF206    (0)   :  0.931 0.011 0.013 0.016 0.008 0.011 0.004 0.006 
400 ZFONF207    (0)   :  0.970 0.004 0.003 0.004 0.004 0.003 0.005 0.006 
401 ZFONF208    (0)   :  0.906 0.004 0.004 0.005 0.009 0.005 0.012 0.054 
402 ZFONF209    (0)   :  0.913 0.014 0.008 0.007 0.026 0.012 0.012 0.008 
403 ZFONF210    (0)   :  0.966 0.003 0.002 0.003 0.004 0.003 0.010 0.009 
404 ZFONF211    (0)   :  0.904 0.004 0.012 0.010 0.013 0.004 0.020 0.033 
405 ZFONF212    (0)   :  0.968 0.003 0.002 0.003 0.003 0.003 0.008 0.011 
406 ZFONF214    (0)   :  0.944 0.003 0.006 0.007 0.007 0.002 0.006 0.026 
407 ZFONF215    (0)   :  0.964 0.003 0.002 0.003 0.005 0.002 0.005 0.016 
408 ZFONF216    (0)   :  0.974 0.002 0.003 0.003 0.004 0.002 0.006 0.005 
409 ZFONF217    (0)   :  0.944 0.004 0.003 0.003 0.005 0.002 0.006 0.033 
410 ZFONF218    (0)   :  0.966 0.003 0.007 0.006 0.003 0.003 0.005 0.005 
411 ZFONF219    (0)   :  0.981 0.002 0.002 0.003 0.003 0.002 0.003 0.005 
412 ZFONF220    (0)   :  0.949 0.005 0.003 0.004 0.005 0.002 0.004 0.027 
413 ZFONF222    (0)   :  0.971 0.003 0.007 0.005 0.004 0.003 0.004 0.004 
414 ZFONF223    (0)   :  0.962 0.005 0.008 0.008 0.004 0.004 0.003 0.008 
415 ZFONF224    (0)   :  0.979 0.003 0.002 0.003 0.003 0.002 0.004 0.004 
416 ZFONF225    (0)   :  0.975 0.002 0.002 0.003 0.004 0.002 0.004 0.008 
417 ZFONF226    (0)   :  0.967 0.003 0.003 0.004 0.006 0.003 0.005 0.009 
418 ZFONF227    (0)   :  0.980 0.002 0.002 0.002 0.003 0.002 0.004 0.005 
419 ZFONF228    (0)   :  0.954 0.007 0.004 0.004 0.005 0.004 0.013 0.010 
420 ZFONF230    (0)   :  0.968 0.002 0.002 0.003 0.004 0.002 0.005 0.012 
421 ZFONF231    (0)   :  0.966 0.003 0.004 0.005 0.006 0.002 0.006 0.008 
422 ZFONF232    (0)   :  0.976 0.003 0.002 0.003 0.003 0.002 0.004 0.008 
423 ZFONF233    (0)   :  0.975 0.003 0.003 0.003 0.005 0.002 0.005 0.005 
424 ZFONF234    (0)   :  0.924 0.006 0.006 0.015 0.013 0.005 0.017 0.014 
425 ZFONF235    (0)   :  0.980 0.002 0.002 0.003 0.003 0.002 0.004 0.004 
426 ZFONF236    (0)   :  0.866 0.029 0.014 0.014 0.020 0.020 0.024 0.014 
427 ZFONF238    (0)   :  0.969 0.004 0.002 0.004 0.006 0.003 0.004 0.008 
428 ZFONF239    (0)   :  0.956 0.011 0.004 0.005 0.011 0.005 0.004 0.005 
429 ZFONF240    (0)   :  0.977 0.002 0.002 0.002 0.005 0.002 0.005 0.005 
430 ZFONF241    (0)   :  0.934 0.014 0.004 0.007 0.005 0.007 0.013 0.016 
431 ZFONF242    (0)   :  0.972 0.002 0.002 0.003 0.005 0.002 0.004 0.009 
432 ZFONF243    (0)   :  0.965 0.003 0.003 0.003 0.004 0.003 0.012 0.006 
433 ZFONF244    (0)   :  0.975 0.002 0.003 0.003 0.004 0.002 0.004 0.007 
434 ZFONF245    (0)   :  0.974 0.002 0.002 0.003 0.005 0.002 0.007 0.005 
435   ZFOS01    (0)   :  0.009 0.005 0.003 0.006 0.934 0.003 0.017 0.023 
436   ZFOS02    (0)   :  0.009 0.047 0.007 0.010 0.851 0.009 0.024 0.044 
437   ZFOS03    (0)   :  0.005 0.008 0.023 0.010 0.927 0.010 0.006 0.011 
438   ZFOS04    (0)   :  0.007 0.010 0.004 0.007 0.805 0.019 0.045 0.103 
439   ZFOS05    (0)   :  0.013 0.008 0.003 0.008 0.904 0.005 0.019 0.040 
440   ZFOS06    (0)   :  0.014 0.005 0.006 0.009 0.925 0.005 0.022 0.013 
441   ZFOS07    (0)   :  0.004 0.012 0.004 0.005 0.944 0.018 0.005 0.007 
442   ZFOS08    (0)   :  0.006 0.017 0.003 0.005 0.917 0.020 0.016 0.016 
443   ZFOS09    (0)   :  0.011 0.017 0.012 0.016 0.798 0.016 0.022 0.107 
444   ZFOS10    (0)   :  0.002 0.029 0.012 0.011 0.918 0.017 0.007 0.003 
445   ZFOS11    (0)   :  0.007 0.009 0.007 0.073 0.635 0.034 0.222 0.014 
446   ZFOS12    (0)   :  0.009 0.020 0.028 0.206 0.626 0.045 0.036 0.028 
447   ZFOS13    (0)   :  0.005 0.014 0.005 0.009 0.926 0.012 0.016 0.013 
448   ZFOS14    (0)   :  0.007 0.009 0.012 0.029 0.592 0.170 0.170 0.012 
449   ZFOS15    (0)   :  0.003 0.005 0.003 0.005 0.969 0.006 0.006 0.004 
450   ZFOS16    (0)   :  0.010 0.011 0.009 0.008 0.872 0.012 0.036 0.042 
451   ZFOS17    (0)   :  0.006 0.009 0.008 0.006 0.955 0.006 0.006 0.004 
452   ZFOS18    (0)   :  0.003 0.011 0.007 0.008 0.951 0.006 0.010 0.005 
453   ZFOS19    (0)   :  0.004 0.004 0.004 0.006 0.970 0.004 0.005 0.003 
454   ZFOS20    (0)   :  0.008 0.006 0.005 0.005 0.954 0.010 0.006 0.006 
455   ZFOS21    (0)   :  0.005 0.006 0.006 0.004 0.934 0.006 0.020 0.019 
456   ZFOS22    (0)   :  0.005 0.003 0.005 0.007 0.960 0.003 0.011 0.006 
457   ZFOS23    (0)   :  0.002 0.008 0.012 0.021 0.696 0.251 0.007 0.003 
458   ZFOS24    (0)   :  0.003 0.004 0.004 0.005 0.969 0.003 0.008 0.004 
459   ZFOS25    (0)   :  0.018 0.031 0.005 0.021 0.370 0.016 0.520 0.018 
460   ZFOS26    (0)   :  0.008 0.019 0.004 0.011 0.501 0.012 0.230 0.215 
461   ZFOS27    (0)   :  0.008 0.006 0.006 0.004 0.922 0.008 0.016 0.029 
462   ZFOS28    (0)   :  0.004 0.016 0.013 0.010 0.922 0.012 0.014 0.008 
463   ZFOS29    (0)   :  0.009 0.005 0.010 0.005 0.937 0.014 0.010 0.009 
464   ZFOS30    (0)   :  0.009 0.005 0.004 0.005 0.956 0.005 0.006 0.009 
465   ZFOS31    (0)   :  0.034 0.004 0.004 0.028 0.816 0.076 0.013 0.026 
466   ZFOS32    (0)   :  0.009 0.013 0.005 0.007 0.916 0.011 0.016 0.023 
467   ZFPB01    (0)   :  0.003 0.004 0.975 0.004 0.004 0.004 0.003 0.003 
468   ZFPB02    (0)   :  0.014 0.003 0.958 0.007 0.004 0.003 0.005 0.006 
469   ZFPB03    (0)   :  0.004 0.003 0.963 0.003 0.007 0.004 0.009 0.007 
470   ZFPB05    (0)   :  0.005 0.002 0.977 0.004 0.003 0.003 0.004 0.003 
471   ZFPB06    (0)   :  0.003 0.004 0.974 0.004 0.006 0.004 0.003 0.003 
472   ZFPB07    (0)   :  0.008 0.002 0.970 0.004 0.004 0.003 0.003 0.007 
473   ZFPB08    (0)   :  0.005 0.003 0.964 0.004 0.008 0.004 0.004 0.007 
474   ZFPB10    (0)   :  0.003 0.003 0.973 0.005 0.004 0.004 0.005 0.003 
475   ZFPB11    (0)   :  0.004 0.003 0.974 0.006 0.005 0.003 0.003 0.003 
476   ZFPB12    (0)   :  0.004 0.003 0.974 0.005 0.004 0.003 0.004 0.003 
477   ZFPB13    (0)   :  0.005 0.003 0.973 0.004 0.003 0.004 0.004 0.005 
478   ZFPB14    (0)   :  0.007 0.002 0.969 0.004 0.004 0.003 0.003 0.007 
479   ZFPB15    (0)   :  0.006 0.003 0.966 0.004 0.005 0.003 0.004 0.009 
480   ZFPB17    (0)   :  0.003 0.003 0.977 0.004 0.004 0.003 0.003 0.003 
481   ZFPB18    (0)   :  0.004 0.002 0.976 0.004 0.004 0.002 0.003 0.004 
482   ZFPB19    (0)   :  0.004 0.005 0.966 0.004 0.006 0.006 0.004 0.006 
483   ZFPB20    (0)   :  0.002 0.003 0.982 0.003 0.002 0.003 0.002 0.003 
484   ZFPB21    (0)   :  0.004 0.003 0.973 0.003 0.004 0.004 0.003 0.006 
485   ZFPB22    (0)   :  0.002 0.003 0.981 0.004 0.003 0.003 0.002 0.003 
486   ZFPB23    (0)   :  0.004 0.003 0.972 0.004 0.004 0.004 0.004 0.005 
487   ZFSF01    (0)   :  0.003 0.032 0.003 0.235 0.006 0.711 0.005 0.005 
488   ZFSF02    (0)   :  0.008 0.009 0.004 0.420 0.013 0.503 0.017 0.026 
489   ZFSF03    (0)   :  0.003 0.036 0.014 0.323 0.005 0.607 0.005 0.006 
490   ZFSF04    (0)   :  0.015 0.030 0.007 0.019 0.018 0.886 0.008 0.017 
491  ZFSW101    (0)   :  0.014 0.722 0.009 0.008 0.008 0.049 0.012 0.177 
492  ZFSW102    (0)   :  0.009 0.833 0.015 0.013 0.024 0.087 0.005 0.014 
493  ZFSW103    (0)   :  0.009 0.925 0.005 0.008 0.006 0.017 0.015 0.015 
494  ZFSW104    (9)   :  0.022 0.051 0.010 0.022 0.031 0.834 0.009 0.020 
495  ZFSW105    (0)   :  0.021 0.589 0.004 0.007 0.008 0.224 0.007 0.141 
496  ZFSW106    (0)   :  0.063 0.663 0.025 0.143 0.007 0.053 0.013 0.033 
497  ZFSW107    (0)   :  0.006 0.906 0.047 0.007 0.007 0.015 0.004 0.009 
498  ZFSW108    (0)   :  0.003 0.948 0.010 0.006 0.004 0.023 0.003 0.003 
499  ZFSW109    (0)   :  0.005 0.955 0.007 0.004 0.006 0.015 0.004 0.004 
500  ZFSW110    (0)   :  0.011 0.922 0.011 0.009 0.008 0.014 0.008 0.017 
501  ZFSW111    (0)   :  0.030 0.683 0.019 0.007 0.025 0.019 0.008 0.208 
502  ZFSW112    (0)   :  0.009 0.918 0.005 0.005 0.016 0.012 0.007 0.028 
503  ZFSW113    (0)   :  0.008 0.196 0.007 0.103 0.019 0.467 0.022 0.179 
