

----------------------------------------------------
STRUCTURE by Pritchard, Stephens and Donnelly (2000)
     and Falush, Stephens and Pritchard (2003)
       Code by Pritchard, Falush and Hubisz
             Version 2.3.4 (Jul 2012)
----------------------------------------------------



Command line arguments:   bin\structure -m C:\Users\eschumacher\Documents\GitHub\GCC_QUAC_ZAIN\Data_Files\Structure_Files\ZAIN\ZAIN_wild_rebinned_nopopinfo\50-50\mainparams -e C:\Users\eschumacher\Documents\GitHub\GCC_QUAC_ZAIN\Data_Files\Structure_Files\ZAIN\ZAIN_wild_rebinned_nopopinfo\50-50\extraparams 
Input File:    C:\Users\eschumacher\Documents\GitHub\GCC_QUAC_ZAIN\Data_Files\Structure_Files\ZAIN\ZAIN_wild_rebinned_nopopinfo\project_data

Run parameters:
   751 individuals
   11 loci
   13 populations assumed
   50000 Burn-in period
   50000 Reps


--------------------------------------------
Overall proportion of membership of the
sample in each of the 13 clusters

Inferred Clusters
  1      2      3      4      5      6      7      8      9     10     11     12     13    
0.088  0.076  0.062  0.103  0.033  0.095  0.067  0.054  0.084  0.101  0.073  0.071  0.093  

--------------------------------------------

Allele-freq. divergence among pops (Net nucleotide distance),
computed using point estimates of P.

      1       2       3       4       5       6       7       8       9      10      11      12      13      
 1      -    0.2117  0.2101  0.2154  0.2013  0.2656  0.2038  0.2112  0.1808  0.1480  0.1766  0.2704  0.1731  
 2   0.2117     -    0.1270  0.2563  0.2004  0.2800  0.2643  0.0697  0.2577  0.1955  0.1423  0.0402  0.0742  
 3   0.2101  0.1270     -    0.3706  0.2872  0.3627  0.2981  0.1128  0.3764  0.2748  0.1765  0.1660  0.1358  
 4   0.2154  0.2563  0.3706     -    0.2595  0.1790  0.3044  0.2709  0.0886  0.1251  0.2003  0.2731  0.2666  
 5   0.2013  0.2004  0.2872  0.2595     -    0.2341  0.2495  0.2004  0.2702  0.1620  0.1850  0.2673  0.1947  
 6   0.2656  0.2800  0.3627  0.1790  0.2341     -    0.3716  0.3014  0.2123  0.1102  0.2379  0.3455  0.2964  
 7   0.2038  0.2643  0.2981  0.3044  0.2495  0.3716     -    0.2335  0.3064  0.2088  0.2529  0.2770  0.1329  
 8   0.2112  0.0697  0.1128  0.2709  0.2004  0.3014  0.2335     -    0.2815  0.2014  0.1905  0.0886  0.1077  
 9   0.1808  0.2577  0.3764  0.0886  0.2702  0.2123  0.3064  0.2815     -    0.1120  0.1843  0.3065  0.2729  
10   0.1480  0.1955  0.2748  0.1251  0.1620  0.1102  0.2088  0.2014  0.1120     -    0.1044  0.2417  0.1636  
11   0.1766  0.1423  0.1765  0.2003  0.1850  0.2379  0.2529  0.1905  0.1843  0.1044     -    0.2035  0.1207  
12   0.2704  0.0402  0.1660  0.2731  0.2673  0.3455  0.2770  0.0886  0.3065  0.2417  0.2035     -    0.0775  
13   0.1731  0.0742  0.1358  0.2666  0.1947  0.2964  0.1329  0.1077  0.2729  0.1636  0.1207  0.0775     -    

Average distances (expected heterozygosity) between individuals in same cluster:
cluster  1  : 0.3914 
cluster  2  : 0.3915 
cluster  3  : 0.3599 
cluster  4  : 0.4819 
cluster  5  : 0.2381 
cluster  6  : 0.4145 
cluster  7  : 0.2232 
cluster  8  : 0.4027 
cluster  9  : 0.3430 
cluster 10  : 0.5485 
cluster 11  : 0.4480 
cluster 12  : 0.3147 
cluster 13  : 0.4261 

--------------------------------------------
Estimated Ln Prob of Data   = -13370.9
Mean value of ln likelihood = -12864.7
Variance of ln likelihood   = 1012.3
Mean value of alpha         = 0.0330

Mean value of Fst_1         = 0.4059
Mean value of Fst_2         = 0.3555
Mean value of Fst_3         = 0.4317
Mean value of Fst_4         = 0.4336
Mean value of Fst_5         = 0.6449
Mean value of Fst_6         = 0.4357
Mean value of Fst_7         = 0.6606
Mean value of Fst_8         = 0.3722
Mean value of Fst_9         = 0.4903
Mean value of Fst_10         = 0.1451
Mean value of Fst_11         = 0.3276
Mean value of Fst_12         = 0.4895
Mean value of Fst_13         = 0.4011


Inferred ancestry of individuals:
        Label (%Miss) :  Inferred clusters
  1    ZFB01    (0)   :  0.004 0.004 0.003 0.952 0.002 0.006 0.003 0.003 0.009 0.003 0.003 0.004 0.003 
  2    ZFB02    (0)   :  0.010 0.004 0.003 0.907 0.006 0.035 0.002 0.003 0.011 0.007 0.005 0.003 0.002 
  3    ZFB03    (0)   :  0.006 0.010 0.002 0.865 0.006 0.004 0.021 0.005 0.022 0.018 0.012 0.013 0.014 
  4    ZFB04    (0)   :  0.005 0.005 0.003 0.929 0.008 0.024 0.002 0.003 0.007 0.006 0.004 0.004 0.003 
  5    ZFB05    (0)   :  0.008 0.004 0.010 0.719 0.044 0.120 0.009 0.003 0.011 0.043 0.020 0.002 0.005 
  6    ZFB06    (0)   :  0.008 0.004 0.011 0.795 0.024 0.068 0.009 0.003 0.009 0.042 0.018 0.002 0.005 
  7    ZFB07    (9)   :  0.004 0.007 0.008 0.796 0.007 0.009 0.005 0.006 0.089 0.042 0.013 0.010 0.006 
  8    ZFB08    (0)   :  0.007 0.007 0.007 0.882 0.010 0.005 0.006 0.009 0.025 0.006 0.019 0.009 0.008 
  9    ZFB09    (0)   :  0.004 0.003 0.003 0.956 0.003 0.004 0.003 0.003 0.008 0.004 0.004 0.003 0.003 
 10    ZFB10    (0)   :  0.004 0.011 0.005 0.912 0.006 0.006 0.002 0.007 0.004 0.003 0.005 0.028 0.006 
 11    ZFB11    (0)   :  0.004 0.005 0.003 0.948 0.004 0.009 0.002 0.004 0.005 0.004 0.003 0.006 0.003 
 12    ZFB12    (0)   :  0.005 0.009 0.003 0.893 0.003 0.024 0.004 0.005 0.006 0.012 0.022 0.007 0.006 
 13    ZFB13    (0)   :  0.004 0.008 0.007 0.901 0.013 0.006 0.005 0.012 0.009 0.006 0.012 0.011 0.007 
 14    ZFB14    (0)   :  0.005 0.004 0.003 0.949 0.005 0.004 0.003 0.004 0.007 0.004 0.004 0.006 0.003 
 15    ZFB15    (0)   :  0.002 0.003 0.002 0.958 0.003 0.008 0.002 0.002 0.007 0.003 0.003 0.003 0.002 
 16    ZFB16    (0)   :  0.003 0.006 0.004 0.927 0.011 0.009 0.003 0.005 0.006 0.005 0.008 0.008 0.005 
 17    ZFB17    (0)   :  0.013 0.014 0.009 0.855 0.027 0.021 0.002 0.004 0.007 0.008 0.024 0.006 0.008 
 18    ZFB18    (0)   :  0.004 0.003 0.002 0.961 0.003 0.003 0.003 0.003 0.005 0.003 0.003 0.004 0.003 
 19    ZFB19    (0)   :  0.004 0.036 0.011 0.666 0.005 0.007 0.006 0.015 0.050 0.061 0.055 0.063 0.020 
 20    ZFB20    (0)   :  0.003 0.008 0.004 0.903 0.018 0.026 0.003 0.005 0.006 0.005 0.008 0.006 0.005 
 21    ZFB21    (0)   :  0.003 0.002 0.002 0.954 0.004 0.007 0.004 0.003 0.008 0.006 0.003 0.003 0.003 
 22    ZFB22    (0)   :  0.007 0.009 0.009 0.887 0.005 0.036 0.003 0.004 0.006 0.007 0.010 0.009 0.008 
 23    ZFB23    (0)   :  0.004 0.004 0.003 0.947 0.006 0.011 0.003 0.004 0.003 0.004 0.003 0.005 0.003 
 24    ZFB24    (0)   :  0.004 0.004 0.003 0.940 0.006 0.017 0.003 0.004 0.005 0.004 0.003 0.006 0.003 
 25    ZFB25    (0)   :  0.004 0.008 0.003 0.935 0.003 0.004 0.003 0.005 0.004 0.003 0.003 0.020 0.005 
 26    ZFB26    (0)   :  0.004 0.007 0.003 0.916 0.010 0.021 0.003 0.007 0.004 0.005 0.003 0.012 0.005 
 27    ZFB27    (0)   :  0.003 0.004 0.003 0.932 0.003 0.029 0.002 0.004 0.004 0.005 0.002 0.006 0.003 
 28    ZFB28    (0)   :  0.010 0.008 0.003 0.820 0.012 0.074 0.004 0.006 0.005 0.031 0.016 0.006 0.006 
 29    ZFB29    (0)   :  0.005 0.003 0.002 0.951 0.008 0.010 0.002 0.003 0.005 0.004 0.003 0.003 0.002 
 30    ZFB30    (0)   :  0.004 0.004 0.017 0.699 0.005 0.090 0.008 0.004 0.020 0.121 0.017 0.004 0.006 
 31    ZFB31    (0)   :  0.005 0.008 0.004 0.927 0.004 0.005 0.003 0.006 0.007 0.004 0.003 0.019 0.005 
 32    ZFB32    (0)   :  0.024 0.019 0.004 0.785 0.023 0.047 0.008 0.008 0.008 0.027 0.031 0.009 0.008 
 33    ZFB33    (0)   :  0.003 0.003 0.002 0.960 0.003 0.006 0.003 0.003 0.006 0.004 0.003 0.003 0.002 
 34    ZFB34    (0)   :  0.007 0.004 0.003 0.942 0.004 0.004 0.003 0.003 0.015 0.005 0.005 0.003 0.003 
 35    ZFB35    (0)   :  0.004 0.005 0.003 0.932 0.006 0.008 0.004 0.004 0.014 0.005 0.005 0.006 0.004 
 36  ZFBP101    (0)   :  0.062 0.311 0.039 0.009 0.106 0.006 0.018 0.063 0.006 0.008 0.012 0.157 0.203 
 37  ZFBP102    (0)   :  0.010 0.352 0.015 0.014 0.033 0.009 0.004 0.145 0.007 0.011 0.008 0.151 0.241 
 38  ZFBP103    (0)   :  0.138 0.082 0.011 0.007 0.039 0.006 0.032 0.011 0.004 0.008 0.006 0.234 0.422 
 39  ZFBP104    (0)   :  0.004 0.036 0.008 0.018 0.005 0.007 0.008 0.023 0.024 0.015 0.032 0.640 0.179 
 40  ZFBP105    (0)   :  0.006 0.172 0.005 0.005 0.008 0.005 0.017 0.410 0.006 0.007 0.008 0.281 0.070 
 41  ZFBP106    (0)   :  0.008 0.189 0.010 0.003 0.013 0.003 0.018 0.121 0.003 0.004 0.005 0.584 0.040 
 42  ZFBP107    (0)   :  0.008 0.032 0.004 0.007 0.065 0.025 0.019 0.190 0.005 0.020 0.007 0.494 0.124 
 43  ZFBP108    (0)   :  0.003 0.139 0.006 0.002 0.005 0.003 0.007 0.055 0.004 0.003 0.003 0.760 0.010 
 44  ZFBP109    (0)   :  0.006 0.671 0.005 0.003 0.004 0.002 0.006 0.158 0.012 0.004 0.004 0.072 0.053 
 45  ZFBP110    (0)   :  0.026 0.519 0.006 0.037 0.039 0.007 0.089 0.034 0.011 0.025 0.011 0.073 0.123 
 46  ZFBP111    (0)   :  0.004 0.372 0.126 0.003 0.006 0.003 0.010 0.039 0.002 0.004 0.011 0.166 0.253 
 47  ZFBP112    (0)   :  0.008 0.854 0.033 0.003 0.009 0.004 0.008 0.018 0.003 0.004 0.006 0.037 0.012 
 48  ZFBP113    (0)   :  0.003 0.274 0.004 0.003 0.004 0.004 0.003 0.006 0.003 0.004 0.006 0.679 0.008 
 49  ZFBP114    (0)   :  0.004 0.045 0.005 0.003 0.010 0.004 0.005 0.806 0.004 0.005 0.003 0.042 0.064 
 50  ZFBP115    (0)   :  0.008 0.035 0.013 0.002 0.008 0.003 0.015 0.051 0.003 0.004 0.007 0.030 0.821 
 51  ZFBP116    (0)   :  0.004 0.183 0.006 0.002 0.006 0.004 0.006 0.019 0.003 0.005 0.007 0.741 0.016 
 52  ZFBP117    (0)   :  0.015 0.108 0.009 0.003 0.008 0.003 0.009 0.254 0.004 0.006 0.005 0.553 0.023 
 53  ZFBP118    (0)   :  0.004 0.044 0.010 0.004 0.016 0.008 0.004 0.542 0.003 0.007 0.004 0.302 0.052 
 54  ZFBP119    (0)   :  0.030 0.033 0.019 0.003 0.013 0.002 0.017 0.593 0.004 0.005 0.019 0.041 0.221 
 55  ZFBP120    (0)   :  0.005 0.170 0.006 0.006 0.007 0.005 0.018 0.222 0.008 0.008 0.011 0.447 0.087 
 56  ZFBP121    (0)   :  0.010 0.339 0.005 0.005 0.009 0.003 0.009 0.405 0.006 0.005 0.005 0.183 0.016 
 57  ZFBP122    (9)   :  0.004 0.472 0.012 0.003 0.006 0.003 0.006 0.035 0.004 0.004 0.007 0.425 0.020 
 58  ZFBP123    (0)   :  0.007 0.896 0.011 0.003 0.021 0.004 0.005 0.009 0.004 0.004 0.006 0.022 0.010 
 59  ZFBP124    (0)   :  0.007 0.496 0.004 0.005 0.011 0.004 0.005 0.273 0.018 0.004 0.005 0.143 0.024 
 60  ZFBP125    (0)   :  0.007 0.030 0.017 0.002 0.006 0.002 0.009 0.161 0.002 0.003 0.004 0.729 0.026 
 61  ZFBP126    (0)   :  0.014 0.313 0.006 0.009 0.020 0.009 0.003 0.011 0.004 0.013 0.015 0.570 0.013 
 62  ZFBP127    (0)   :  0.018 0.631 0.005 0.003 0.007 0.003 0.090 0.062 0.004 0.004 0.004 0.049 0.120 
 63  ZFBP128    (0)   :  0.023 0.080 0.038 0.003 0.009 0.002 0.019 0.012 0.004 0.002 0.004 0.784 0.020 
 64  ZFBP129    (0)   :  0.012 0.168 0.138 0.005 0.010 0.003 0.009 0.278 0.010 0.006 0.005 0.347 0.009 
 65  ZFBP130    (0)   :  0.035 0.088 0.075 0.002 0.012 0.003 0.014 0.106 0.002 0.004 0.007 0.606 0.045 
 66  ZFBP131    (0)   :  0.004 0.362 0.005 0.003 0.003 0.003 0.003 0.084 0.004 0.004 0.004 0.516 0.005 
 67  ZFBP132    (0)   :  0.004 0.375 0.004 0.005 0.005 0.003 0.022 0.239 0.003 0.004 0.003 0.311 0.021 
 68  ZFBP133    (0)   :  0.007 0.658 0.033 0.002 0.003 0.002 0.003 0.009 0.003 0.002 0.005 0.266 0.007 
 69  ZFBP134    (0)   :  0.025 0.204 0.010 0.004 0.003 0.003 0.011 0.012 0.003 0.003 0.010 0.058 0.653 
 70  ZFBP135    (0)   :  0.182 0.171 0.013 0.013 0.073 0.004 0.021 0.049 0.006 0.007 0.006 0.414 0.040 
 71  ZFBP136    (0)   :  0.029 0.634 0.027 0.003 0.109 0.004 0.018 0.026 0.003 0.004 0.006 0.052 0.085 
 72  ZFBP201    (0)   :  0.004 0.930 0.004 0.004 0.005 0.004 0.007 0.006 0.004 0.004 0.005 0.017 0.007 
 73  ZFBP202    (0)   :  0.005 0.375 0.011 0.005 0.007 0.003 0.018 0.095 0.010 0.005 0.007 0.425 0.033 
 74  ZFBP203    (0)   :  0.004 0.796 0.013 0.007 0.007 0.035 0.005 0.015 0.006 0.024 0.021 0.057 0.010 
 75  ZFBP204    (0)   :  0.017 0.230 0.028 0.004 0.044 0.006 0.026 0.373 0.005 0.007 0.011 0.112 0.138 
 76  ZFBP205    (0)   :  0.005 0.803 0.008 0.002 0.007 0.003 0.003 0.121 0.003 0.003 0.005 0.012 0.024 
 77  ZFBP206    (0)   :  0.006 0.918 0.010 0.003 0.013 0.004 0.005 0.006 0.004 0.004 0.006 0.015 0.006 
 78  ZFBP207    (0)   :  0.013 0.060 0.009 0.005 0.009 0.004 0.129 0.586 0.004 0.006 0.007 0.009 0.160 
 79  ZFBP208    (0)   :  0.004 0.938 0.005 0.002 0.007 0.005 0.003 0.006 0.004 0.004 0.006 0.011 0.006 
 80  ZFBP209    (0)   :  0.009 0.858 0.043 0.002 0.003 0.002 0.003 0.020 0.003 0.002 0.004 0.043 0.006 
 81  ZFBP210    (0)   :  0.003 0.938 0.006 0.003 0.004 0.005 0.006 0.006 0.003 0.003 0.006 0.009 0.007 
 82  ZFBP211    (0)   :  0.004 0.091 0.004 0.007 0.009 0.003 0.010 0.669 0.006 0.004 0.005 0.176 0.011 
 83  ZFBP212    (0)   :  0.003 0.297 0.006 0.008 0.003 0.003 0.065 0.057 0.004 0.004 0.003 0.459 0.088 
 84  ZFBP213    (0)   :  0.008 0.873 0.007 0.004 0.020 0.005 0.013 0.014 0.012 0.005 0.008 0.023 0.009 
 85  ZFBP214    (0)   :  0.028 0.848 0.015 0.004 0.015 0.003 0.021 0.010 0.008 0.006 0.020 0.008 0.014 
 86  ZFBP215    (0)   :  0.005 0.424 0.008 0.003 0.005 0.002 0.006 0.024 0.004 0.003 0.004 0.503 0.008 
 87  ZFBP216    (0)   :  0.005 0.744 0.005 0.004 0.007 0.005 0.006 0.063 0.005 0.008 0.019 0.096 0.033 
 88  ZFBP217    (0)   :  0.006 0.795 0.075 0.004 0.004 0.004 0.025 0.012 0.004 0.005 0.015 0.011 0.039 
 89  ZFBP218    (0)   :  0.004 0.545 0.016 0.002 0.003 0.003 0.004 0.226 0.007 0.003 0.005 0.144 0.038 
 90  ZFBP219    (0)   :  0.003 0.409 0.004 0.002 0.004 0.003 0.003 0.008 0.003 0.004 0.005 0.545 0.007 
 91  ZFBP220    (0)   :  0.021 0.538 0.036 0.002 0.008 0.003 0.015 0.027 0.003 0.003 0.007 0.251 0.084 
 92  ZFBP221    (0)   :  0.004 0.270 0.009 0.004 0.002 0.003 0.008 0.095 0.006 0.003 0.005 0.126 0.465 
 93  ZFBP222    (0)   :  0.007 0.885 0.006 0.003 0.004 0.004 0.003 0.014 0.004 0.003 0.006 0.057 0.004 
 94  ZFBP223    (0)   :  0.008 0.525 0.008 0.007 0.007 0.004 0.252 0.082 0.006 0.006 0.004 0.041 0.050 
 95  ZFBP224    (0)   :  0.004 0.918 0.004 0.003 0.009 0.003 0.005 0.009 0.005 0.005 0.006 0.019 0.008 
 96  ZFBP225    (0)   :  0.011 0.248 0.239 0.003 0.008 0.008 0.021 0.023 0.003 0.006 0.013 0.120 0.297 
 97  ZFBP226    (0)   :  0.003 0.650 0.005 0.003 0.005 0.004 0.005 0.091 0.004 0.004 0.005 0.212 0.009 
 98  ZFBP227    (0)   :  0.007 0.373 0.006 0.009 0.012 0.008 0.010 0.064 0.022 0.034 0.122 0.171 0.161 
 99  ZFBP228    (0)   :  0.019 0.147 0.008 0.004 0.006 0.003 0.096 0.242 0.005 0.004 0.005 0.190 0.271 
100  ZFBP229    (0)   :  0.007 0.202 0.025 0.002 0.003 0.003 0.005 0.083 0.003 0.004 0.007 0.634 0.022 
101  ZFBP230    (0)   :  0.028 0.644 0.028 0.003 0.008 0.003 0.011 0.053 0.003 0.005 0.010 0.095 0.108 
102  ZFBP231    (0)   :  0.005 0.073 0.005 0.006 0.022 0.005 0.007 0.794 0.008 0.007 0.008 0.037 0.022 
103  ZFBP232    (0)   :  0.005 0.157 0.008 0.003 0.005 0.003 0.004 0.541 0.003 0.003 0.004 0.256 0.008 
104  ZFBP233    (0)   :  0.004 0.765 0.022 0.006 0.008 0.003 0.008 0.078 0.008 0.004 0.008 0.055 0.030 
105   ZFCC01    (0)   :  0.932 0.005 0.004 0.004 0.008 0.005 0.005 0.003 0.018 0.004 0.004 0.003 0.004 
106   ZFCC03    (0)   :  0.948 0.005 0.005 0.003 0.005 0.003 0.008 0.004 0.006 0.003 0.003 0.004 0.003 
107   ZFCC04    (0)   :  0.936 0.005 0.006 0.004 0.012 0.004 0.005 0.003 0.007 0.004 0.005 0.003 0.004 
108   ZFCC05    (0)   :  0.865 0.009 0.007 0.005 0.046 0.005 0.019 0.004 0.013 0.007 0.007 0.006 0.007 
109   ZFCC08    (0)   :  0.899 0.013 0.018 0.002 0.010 0.003 0.004 0.013 0.009 0.003 0.007 0.007 0.011 
110   ZFCC09    (0)   :  0.944 0.003 0.003 0.004 0.006 0.003 0.008 0.006 0.010 0.003 0.003 0.003 0.004 
111   ZFCC10    (0)   :  0.919 0.005 0.004 0.004 0.009 0.004 0.004 0.005 0.033 0.004 0.003 0.003 0.003 
112   ZFCC11    (0)   :  0.932 0.006 0.005 0.004 0.008 0.004 0.011 0.004 0.011 0.005 0.004 0.004 0.004 
113   ZFCC12    (0)   :  0.785 0.009 0.005 0.010 0.037 0.062 0.009 0.004 0.040 0.017 0.008 0.006 0.008 
114   ZFCC13    (0)   :  0.904 0.013 0.007 0.004 0.007 0.007 0.008 0.006 0.004 0.006 0.011 0.008 0.014 
115   ZFCC14    (0)   :  0.898 0.010 0.008 0.009 0.025 0.007 0.005 0.007 0.009 0.005 0.004 0.009 0.004 
116   ZFCC15    (0)   :  0.944 0.004 0.004 0.003 0.006 0.005 0.005 0.003 0.005 0.005 0.008 0.004 0.004 
117   ZFCC16    (0)   :  0.940 0.004 0.004 0.005 0.014 0.005 0.004 0.003 0.005 0.004 0.005 0.003 0.003 
118   ZFCC17    (0)   :  0.895 0.003 0.003 0.006 0.052 0.011 0.005 0.003 0.005 0.004 0.004 0.003 0.004 
119   ZFCC18    (0)   :  0.935 0.005 0.006 0.003 0.008 0.004 0.008 0.003 0.009 0.004 0.004 0.004 0.004 
120   ZFCC19    (0)   :  0.942 0.003 0.003 0.005 0.010 0.009 0.003 0.003 0.003 0.006 0.008 0.003 0.003 
121   ZFCC20    (0)   :  0.935 0.004 0.005 0.004 0.012 0.004 0.009 0.003 0.004 0.004 0.006 0.004 0.007 
122   ZFCC21    (0)   :  0.711 0.112 0.029 0.007 0.013 0.006 0.003 0.008 0.007 0.008 0.058 0.025 0.013 
123   ZFCC22    (0)   :  0.550 0.202 0.043 0.003 0.010 0.005 0.006 0.030 0.018 0.004 0.008 0.046 0.076 
124   ZFCC26    (0)   :  0.947 0.004 0.004 0.005 0.009 0.004 0.004 0.003 0.006 0.004 0.004 0.003 0.003 
125   ZFCC27    (0)   :  0.954 0.003 0.003 0.003 0.006 0.003 0.007 0.004 0.004 0.003 0.003 0.003 0.004 
126   ZFCC29    (0)   :  0.920 0.005 0.005 0.008 0.017 0.005 0.005 0.004 0.006 0.005 0.011 0.003 0.005 
127   ZFCC30    (0)   :  0.945 0.004 0.005 0.003 0.007 0.003 0.010 0.004 0.004 0.004 0.004 0.003 0.004 
128   ZFCC32    (0)   :  0.925 0.005 0.005 0.004 0.010 0.009 0.006 0.005 0.008 0.006 0.009 0.003 0.006 
129   ZFCC33    (0)   :  0.603 0.005 0.004 0.010 0.332 0.004 0.007 0.004 0.008 0.010 0.005 0.004 0.005 
130   ZFCC34    (0)   :  0.597 0.050 0.018 0.023 0.049 0.021 0.071 0.061 0.023 0.005 0.007 0.047 0.029 
131   ZFCC35    (0)   :  0.954 0.003 0.004 0.002 0.007 0.004 0.004 0.005 0.004 0.003 0.003 0.002 0.004 
132   ZFCC36    (0)   :  0.897 0.014 0.010 0.003 0.010 0.014 0.005 0.005 0.005 0.006 0.016 0.007 0.008 
133   ZFCC37    (0)   :  0.778 0.014 0.007 0.010 0.030 0.047 0.008 0.006 0.054 0.019 0.010 0.008 0.011 
134   ZFCC40    (0)   :  0.929 0.008 0.004 0.004 0.014 0.009 0.003 0.004 0.009 0.004 0.003 0.006 0.004 
135   ZFCC42    (0)   :  0.068 0.007 0.006 0.023 0.424 0.369 0.051 0.005 0.007 0.023 0.005 0.003 0.009 
136   ZFCC44    (0)   :  0.941 0.003 0.003 0.003 0.016 0.005 0.009 0.004 0.003 0.004 0.002 0.003 0.004 
137   ZFCC45    (9)   :  0.848 0.007 0.004 0.009 0.047 0.019 0.009 0.004 0.019 0.017 0.008 0.005 0.005 
138   ZFCC46    (0)   :  0.859 0.016 0.037 0.004 0.014 0.005 0.010 0.011 0.003 0.003 0.008 0.011 0.019 
139   ZFCC47    (0)   :  0.873 0.004 0.006 0.006 0.009 0.031 0.006 0.008 0.036 0.006 0.005 0.003 0.006 
140   ZFCC48    (0)   :  0.799 0.073 0.036 0.005 0.014 0.004 0.003 0.009 0.006 0.004 0.017 0.019 0.013 
141   ZFCC50    (0)   :  0.952 0.003 0.003 0.004 0.009 0.005 0.003 0.003 0.005 0.003 0.004 0.002 0.003 
142   ZFCC51    (0)   :  0.953 0.003 0.003 0.004 0.004 0.003 0.010 0.003 0.005 0.003 0.003 0.003 0.003 
143   ZFCC52    (0)   :  0.851 0.024 0.013 0.004 0.040 0.010 0.006 0.011 0.005 0.004 0.007 0.012 0.012 
144   ZFCC53    (0)   :  0.957 0.003 0.003 0.003 0.005 0.003 0.006 0.003 0.005 0.003 0.003 0.002 0.003 
145  ZFCNS01    (0)   :  0.007 0.009 0.003 0.002 0.003 0.022 0.817 0.004 0.003 0.029 0.047 0.006 0.048 
146  ZFCNS02    (0)   :  0.005 0.003 0.004 0.002 0.003 0.002 0.959 0.005 0.003 0.003 0.003 0.003 0.005 
147  ZFCNS05    (0)   :  0.007 0.007 0.005 0.005 0.006 0.003 0.934 0.007 0.005 0.003 0.005 0.007 0.007 
148  ZFCNS06    (0)   :  0.005 0.004 0.004 0.003 0.003 0.002 0.957 0.004 0.003 0.003 0.003 0.004 0.005 
149  ZFCNS07    (0)   :  0.004 0.004 0.009 0.003 0.003 0.002 0.942 0.010 0.003 0.003 0.003 0.005 0.008 
150  ZFCNS10    (0)   :  0.004 0.008 0.005 0.003 0.003 0.003 0.929 0.007 0.003 0.003 0.003 0.009 0.020 
151  ZFCNS11    (0)   :  0.008 0.007 0.005 0.002 0.003 0.011 0.901 0.004 0.003 0.013 0.020 0.005 0.018 
152  ZFCNS15    (0)   :  0.003 0.009 0.007 0.003 0.007 0.003 0.887 0.013 0.003 0.004 0.004 0.031 0.026 
153  ZFCNS17    (0)   :  0.006 0.004 0.004 0.003 0.004 0.002 0.956 0.005 0.003 0.003 0.003 0.004 0.004 
154  ZFCNS18    (0)   :  0.005 0.008 0.005 0.003 0.003 0.003 0.934 0.005 0.003 0.003 0.003 0.010 0.014 
155  ZFCNS19    (0)   :  0.005 0.003 0.004 0.003 0.003 0.002 0.962 0.003 0.003 0.003 0.003 0.003 0.004 
156  ZFCNS20    (0)   :  0.005 0.009 0.018 0.003 0.008 0.003 0.905 0.014 0.003 0.003 0.004 0.013 0.011 
157  ZFCNS21    (0)   :  0.004 0.003 0.003 0.002 0.004 0.002 0.963 0.003 0.003 0.003 0.002 0.003 0.006 
158  ZFCNS22    (0)   :  0.006 0.009 0.006 0.005 0.006 0.003 0.918 0.011 0.005 0.003 0.005 0.015 0.011 
159  ZFCNS23    (0)   :  0.014 0.008 0.011 0.004 0.025 0.010 0.890 0.004 0.006 0.008 0.010 0.003 0.006 
160  ZFCNS24    (0)   :  0.008 0.005 0.007 0.002 0.011 0.003 0.930 0.008 0.003 0.003 0.004 0.006 0.010 
161  ZFCNS25    (0)   :  0.005 0.007 0.009 0.003 0.008 0.003 0.919 0.016 0.003 0.003 0.004 0.010 0.011 
162  ZFCNS26    (0)   :  0.003 0.004 0.004 0.003 0.003 0.002 0.955 0.005 0.003 0.003 0.003 0.005 0.008 
163  ZFCNS27    (0)   :  0.003 0.008 0.008 0.003 0.007 0.003 0.865 0.025 0.003 0.003 0.004 0.030 0.038 
164  ZFCNS28    (0)   :  0.004 0.004 0.004 0.003 0.003 0.002 0.958 0.003 0.003 0.003 0.003 0.004 0.005 
165  ZFCNS29    (0)   :  0.008 0.007 0.004 0.004 0.007 0.003 0.932 0.008 0.005 0.004 0.004 0.007 0.008 
166  ZFCNS30    (0)   :  0.007 0.005 0.003 0.004 0.005 0.002 0.945 0.004 0.005 0.003 0.004 0.004 0.008 
167  ZFCNS31    (0)   :  0.003 0.004 0.004 0.003 0.003 0.002 0.959 0.004 0.003 0.003 0.003 0.004 0.006 
168  ZFCNS32    (0)   :  0.005 0.005 0.007 0.003 0.006 0.003 0.933 0.007 0.004 0.003 0.005 0.007 0.013 
169  ZFCNS33    (0)   :  0.004 0.003 0.004 0.003 0.003 0.002 0.962 0.003 0.003 0.003 0.003 0.003 0.005 
170  ZFCNS34    (0)   :  0.012 0.005 0.004 0.003 0.007 0.003 0.938 0.006 0.005 0.003 0.005 0.004 0.006 
171  ZFCNS35    (0)   :  0.008 0.013 0.004 0.018 0.003 0.002 0.884 0.012 0.012 0.003 0.004 0.014 0.024 
172  ZFCNS36    (0)   :  0.011 0.006 0.009 0.002 0.010 0.003 0.927 0.009 0.003 0.003 0.004 0.005 0.008 
173  ZFCNS37    (0)   :  0.005 0.005 0.008 0.003 0.006 0.002 0.788 0.008 0.005 0.009 0.005 0.006 0.149 
174  ZFCNS39    (0)   :  0.017 0.009 0.022 0.002 0.006 0.003 0.881 0.006 0.003 0.005 0.011 0.006 0.028 
175  ZFCNS40    (0)   :  0.031 0.009 0.109 0.002 0.012 0.003 0.609 0.016 0.003 0.005 0.007 0.005 0.190 
176  ZFCNS41    (0)   :  0.015 0.016 0.005 0.005 0.011 0.004 0.211 0.015 0.006 0.007 0.009 0.011 0.684 
177  ZFCNS42    (0)   :  0.003 0.004 0.003 0.003 0.003 0.002 0.957 0.005 0.003 0.003 0.002 0.005 0.006 
178  ZFCNS43    (0)   :  0.004 0.003 0.003 0.002 0.004 0.002 0.962 0.003 0.003 0.003 0.003 0.003 0.005 
179  ZFCNS44    (0)   :  0.006 0.008 0.003 0.003 0.004 0.003 0.932 0.004 0.002 0.003 0.002 0.010 0.019 
180  ZFCNS46    (0)   :  0.005 0.006 0.004 0.003 0.006 0.003 0.936 0.005 0.004 0.004 0.005 0.008 0.012 
181  ZFCNS47    (0)   :  0.005 0.003 0.003 0.002 0.003 0.002 0.959 0.003 0.003 0.003 0.003 0.003 0.007 
182  ZFCNS48    (0)   :  0.006 0.013 0.005 0.004 0.005 0.003 0.886 0.009 0.004 0.003 0.004 0.015 0.040 
183  ZFCNS49    (0)   :  0.003 0.008 0.004 0.004 0.003 0.003 0.873 0.008 0.003 0.003 0.003 0.030 0.056 
184   ZFCR01    (0)   :  0.025 0.042 0.015 0.025 0.003 0.018 0.003 0.008 0.114 0.706 0.007 0.030 0.004 
185   ZFCR02    (0)   :  0.065 0.049 0.036 0.549 0.047 0.018 0.007 0.080 0.007 0.096 0.028 0.009 0.010 
186   ZFCR03    (0)   :  0.026 0.163 0.025 0.272 0.050 0.108 0.003 0.020 0.037 0.040 0.211 0.038 0.006 
187   ZFCR04    (0)   :  0.026 0.014 0.032 0.385 0.007 0.030 0.013 0.016 0.100 0.264 0.046 0.026 0.040 
188   ZFCR05    (0)   :  0.073 0.008 0.007 0.098 0.007 0.025 0.004 0.007 0.178 0.262 0.321 0.007 0.006 
189   ZFCR06    (0)   :  0.037 0.037 0.028 0.118 0.006 0.009 0.061 0.074 0.030 0.431 0.043 0.067 0.058 
190   ZFCR07    (0)   :  0.012 0.014 0.003 0.047 0.049 0.014 0.055 0.005 0.012 0.308 0.433 0.011 0.034 
191   ZFCR08    (0)   :  0.069 0.035 0.026 0.022 0.036 0.038 0.004 0.007 0.070 0.648 0.008 0.025 0.011 
192   ZFCR09    (0)   :  0.028 0.134 0.018 0.130 0.012 0.410 0.012 0.064 0.025 0.035 0.032 0.046 0.054 
193   ZFCR11    (0)   :  0.017 0.007 0.003 0.246 0.005 0.021 0.010 0.029 0.103 0.181 0.234 0.010 0.134 
194   ZFCR12    (0)   :  0.017 0.009 0.022 0.042 0.009 0.005 0.129 0.017 0.006 0.218 0.418 0.021 0.085 
195   ZFCR13    (0)   :  0.006 0.016 0.005 0.019 0.007 0.003 0.007 0.055 0.006 0.356 0.405 0.106 0.010 
196   ZFCR14    (0)   :  0.023 0.009 0.043 0.088 0.007 0.010 0.006 0.008 0.031 0.276 0.479 0.011 0.009 
197   ZFCR15    (0)   :  0.018 0.030 0.111 0.193 0.013 0.010 0.004 0.014 0.038 0.398 0.134 0.021 0.014 
198   ZFCR16    (0)   :  0.010 0.042 0.047 0.280 0.005 0.005 0.003 0.019 0.019 0.477 0.068 0.017 0.008 
199   ZFCR18    (0)   :  0.021 0.013 0.013 0.771 0.065 0.004 0.009 0.058 0.006 0.012 0.008 0.008 0.010 
200   ZFCR19    (0)   :  0.013 0.012 0.307 0.343 0.006 0.124 0.005 0.016 0.016 0.033 0.090 0.026 0.010 
201   ZFCR20    (0)   :  0.010 0.169 0.011 0.140 0.034 0.028 0.004 0.016 0.163 0.142 0.186 0.086 0.011 
202   ZFCR21    (0)   :  0.024 0.014 0.019 0.028 0.007 0.004 0.003 0.007 0.022 0.265 0.587 0.010 0.009 
203   ZFCR22    (0)   :  0.004 0.011 0.014 0.056 0.007 0.007 0.003 0.008 0.003 0.113 0.760 0.009 0.005 
204   ZFCR23    (0)   :  0.003 0.081 0.005 0.040 0.003 0.032 0.004 0.023 0.010 0.194 0.414 0.171 0.019 
205   ZFCR24    (9)   :  0.009 0.085 0.006 0.072 0.010 0.021 0.004 0.018 0.033 0.087 0.206 0.441 0.007 
206   ZFCR25    (0)   :  0.009 0.004 0.004 0.051 0.008 0.012 0.003 0.003 0.021 0.297 0.580 0.004 0.005 
207   ZFCR26    (0)   :  0.023 0.015 0.019 0.005 0.009 0.100 0.006 0.017 0.010 0.016 0.758 0.011 0.010 
208   ZFCR27    (9)   :  0.007 0.004 0.003 0.021 0.003 0.019 0.003 0.003 0.046 0.835 0.048 0.004 0.003 
209   ZFCR28    (0)   :  0.010 0.260 0.058 0.005 0.006 0.005 0.021 0.038 0.007 0.540 0.012 0.022 0.016 
210   ZFCR29    (0)   :  0.007 0.010 0.004 0.137 0.005 0.008 0.002 0.007 0.026 0.033 0.743 0.012 0.006 
211   ZFCR30    (0)   :  0.005 0.004 0.005 0.026 0.005 0.013 0.005 0.004 0.009 0.127 0.785 0.005 0.006 
212   ZFCR31    (0)   :  0.014 0.111 0.022 0.435 0.024 0.049 0.038 0.071 0.019 0.032 0.060 0.053 0.073 
213   ZFCR33    (0)   :  0.035 0.014 0.013 0.007 0.010 0.030 0.006 0.007 0.052 0.777 0.025 0.009 0.015 
214   ZFCR34    (0)   :  0.016 0.039 0.011 0.174 0.004 0.030 0.010 0.009 0.006 0.123 0.515 0.031 0.032 
215   ZFCR35    (0)   :  0.025 0.007 0.009 0.847 0.009 0.010 0.011 0.006 0.009 0.025 0.019 0.012 0.011 
216   ZFCR36    (0)   :  0.011 0.012 0.005 0.347 0.005 0.032 0.014 0.005 0.013 0.099 0.438 0.011 0.008 
217   ZFCR37    (0)   :  0.055 0.005 0.004 0.041 0.019 0.031 0.004 0.003 0.065 0.141 0.623 0.004 0.005 
218   ZFCR38    (0)   :  0.043 0.011 0.012 0.007 0.012 0.029 0.008 0.007 0.058 0.765 0.032 0.006 0.009 
219   ZFCR39    (0)   :  0.086 0.090 0.030 0.021 0.029 0.190 0.003 0.034 0.012 0.460 0.010 0.021 0.014 
220   ZFCR40    (0)   :  0.038 0.015 0.005 0.022 0.006 0.049 0.004 0.004 0.015 0.725 0.084 0.019 0.014 
221   ZFCR41    (0)   :  0.096 0.011 0.019 0.043 0.007 0.005 0.014 0.008 0.016 0.225 0.428 0.008 0.120 
222   ZFCR42    (0)   :  0.064 0.034 0.025 0.020 0.012 0.039 0.012 0.018 0.015 0.348 0.353 0.035 0.025 
223   ZFCR43    (0)   :  0.007 0.008 0.006 0.173 0.005 0.006 0.004 0.060 0.014 0.341 0.218 0.152 0.006 
224  ZFENP25    (0)   :  0.019 0.014 0.010 0.005 0.006 0.005 0.003 0.004 0.043 0.872 0.007 0.008 0.005 
225  ZFENP26    (0)   :  0.004 0.003 0.003 0.006 0.004 0.008 0.003 0.003 0.006 0.949 0.004 0.003 0.005 
226  ZFENP27    (0)   :  0.192 0.038 0.014 0.021 0.043 0.047 0.046 0.006 0.038 0.494 0.008 0.021 0.030 
227  ZFENP28    (0)   :  0.012 0.004 0.005 0.011 0.005 0.013 0.010 0.005 0.020 0.897 0.011 0.004 0.005 
228  ZFENP29    (0)   :  0.009 0.004 0.004 0.004 0.007 0.006 0.004 0.003 0.004 0.937 0.009 0.005 0.004 
229  ZFENP30    (0)   :  0.030 0.005 0.007 0.007 0.101 0.014 0.009 0.007 0.008 0.792 0.011 0.004 0.005 
230  ZFENP31    (0)   :  0.013 0.005 0.003 0.015 0.366 0.392 0.007 0.012 0.017 0.155 0.006 0.004 0.004 
231  ZFENP32    (0)   :  0.011 0.028 0.007 0.246 0.119 0.256 0.028 0.025 0.036 0.202 0.013 0.009 0.020 
232  ZFENP33    (0)   :  0.005 0.009 0.004 0.015 0.039 0.017 0.005 0.006 0.044 0.807 0.035 0.008 0.008 
233  ZFENP34    (0)   :  0.022 0.007 0.005 0.026 0.084 0.011 0.011 0.009 0.630 0.176 0.008 0.005 0.006 
234  ZFENP35    (0)   :  0.005 0.008 0.005 0.014 0.007 0.027 0.013 0.005 0.007 0.871 0.007 0.014 0.017 
235  ZFENP36    (0)   :  0.003 0.003 0.002 0.009 0.007 0.012 0.012 0.003 0.006 0.928 0.008 0.003 0.004 
236  ZFENP37    (0)   :  0.009 0.009 0.004 0.014 0.010 0.065 0.010 0.005 0.303 0.531 0.023 0.008 0.009 
237  ZFENP38    (0)   :  0.020 0.008 0.005 0.010 0.014 0.024 0.022 0.005 0.026 0.483 0.368 0.006 0.009 
238  ZFENP39    (0)   :  0.012 0.004 0.003 0.015 0.006 0.011 0.004 0.003 0.022 0.901 0.011 0.005 0.005 
239  ZFENP40    (0)   :  0.007 0.010 0.004 0.017 0.013 0.023 0.006 0.008 0.018 0.873 0.007 0.009 0.006 
240  ZFENP41    (0)   :  0.054 0.008 0.007 0.015 0.035 0.012 0.008 0.006 0.016 0.819 0.006 0.007 0.007 
241  ZFENP42    (0)   :  0.006 0.004 0.005 0.003 0.010 0.140 0.003 0.003 0.004 0.771 0.043 0.003 0.005 
242  ZFENP43    (0)   :  0.039 0.010 0.007 0.008 0.008 0.029 0.059 0.007 0.033 0.668 0.090 0.009 0.034 
243  ZFENP44    (0)   :  0.012 0.008 0.003 0.005 0.021 0.064 0.011 0.004 0.018 0.812 0.022 0.007 0.012 
244  ZFENP45    (0)   :  0.015 0.025 0.295 0.007 0.018 0.078 0.008 0.033 0.010 0.442 0.034 0.021 0.013 
245  ZFENP46    (0)   :  0.003 0.013 0.005 0.009 0.013 0.029 0.008 0.009 0.032 0.770 0.064 0.023 0.023 
246  ZFENP47    (0)   :  0.078 0.014 0.144 0.056 0.017 0.330 0.004 0.015 0.017 0.298 0.006 0.014 0.005 
247  ZFENP48    (0)   :  0.017 0.015 0.013 0.013 0.250 0.022 0.008 0.017 0.551 0.069 0.012 0.006 0.007 
248  ZFENP49    (0)   :  0.010 0.016 0.018 0.072 0.202 0.013 0.005 0.017 0.007 0.586 0.024 0.023 0.009 
249  ZFENP50    (0)   :  0.004 0.048 0.007 0.007 0.006 0.034 0.004 0.024 0.007 0.745 0.081 0.020 0.014 
250  ZFENP51    (0)   :  0.008 0.004 0.048 0.035 0.031 0.339 0.006 0.004 0.017 0.483 0.017 0.004 0.004 
251  ZFENP52    (0)   :  0.010 0.005 0.005 0.003 0.007 0.008 0.012 0.005 0.003 0.908 0.012 0.005 0.017 
252  ZFENP53    (0)   :  0.008 0.032 0.023 0.005 0.008 0.018 0.011 0.042 0.008 0.781 0.023 0.023 0.016 
253  ZFENP54    (0)   :  0.022 0.069 0.009 0.037 0.027 0.011 0.004 0.039 0.009 0.695 0.038 0.023 0.015 
254  ZFENP55    (0)   :  0.004 0.005 0.004 0.040 0.011 0.016 0.005 0.006 0.029 0.227 0.644 0.005 0.004 
255  ZFENP56    (0)   :  0.007 0.004 0.005 0.014 0.012 0.014 0.011 0.004 0.009 0.802 0.104 0.004 0.010 
256  ZFENP57    (0)   :  0.005 0.007 0.002 0.013 0.014 0.070 0.014 0.003 0.018 0.816 0.026 0.004 0.008 
257  ZFENP58    (0)   :  0.020 0.022 0.131 0.027 0.301 0.012 0.017 0.008 0.005 0.401 0.036 0.004 0.014 
258  ZFENP59    (0)   :  0.059 0.005 0.004 0.012 0.027 0.039 0.005 0.005 0.009 0.815 0.010 0.005 0.005 
259  ZFENP60    (0)   :  0.012 0.012 0.012 0.029 0.006 0.014 0.007 0.008 0.029 0.839 0.012 0.012 0.007 
260  ZFENP61    (0)   :  0.013 0.003 0.003 0.022 0.007 0.008 0.004 0.003 0.020 0.898 0.010 0.004 0.004 
261 ZFFDSP01    (0)   :  0.004 0.711 0.012 0.005 0.004 0.003 0.016 0.008 0.004 0.003 0.007 0.183 0.040 
262 ZFFDSP02    (0)   :  0.003 0.025 0.004 0.002 0.003 0.002 0.003 0.004 0.004 0.003 0.003 0.938 0.006 
263 ZFFDSP04    (0)   :  0.004 0.428 0.010 0.004 0.003 0.002 0.003 0.010 0.004 0.002 0.005 0.514 0.009 
264 ZFFDSP05    (0)   :  0.004 0.034 0.009 0.003 0.003 0.004 0.005 0.012 0.003 0.004 0.010 0.872 0.038 
265 ZFFDSP06    (0)   :  0.012 0.433 0.015 0.003 0.004 0.002 0.003 0.105 0.010 0.003 0.005 0.371 0.035 
266 ZFFDSP07    (0)   :  0.013 0.613 0.050 0.003 0.033 0.005 0.005 0.021 0.004 0.005 0.009 0.233 0.007 
267 ZFFDSP08    (0)   :  0.014 0.417 0.111 0.003 0.039 0.005 0.014 0.170 0.004 0.005 0.011 0.167 0.042 
268 ZFFDSP10    (0)   :  0.006 0.312 0.019 0.004 0.016 0.005 0.005 0.019 0.004 0.006 0.008 0.573 0.024 
269 ZFFDSP11    (0)   :  0.004 0.437 0.008 0.004 0.003 0.003 0.004 0.025 0.004 0.003 0.007 0.484 0.013 
270 ZFFDSP12    (0)   :  0.004 0.473 0.012 0.002 0.005 0.003 0.005 0.306 0.003 0.004 0.004 0.166 0.013 
271 ZFFDSP13    (0)   :  0.012 0.089 0.005 0.004 0.009 0.003 0.022 0.021 0.004 0.006 0.009 0.084 0.733 
272 ZFFDSP14    (0)   :  0.007 0.558 0.026 0.003 0.010 0.004 0.004 0.010 0.006 0.004 0.007 0.356 0.006 
273 ZFFDSP16    (0)   :  0.007 0.854 0.004 0.005 0.004 0.003 0.011 0.014 0.007 0.006 0.007 0.068 0.010 
274 ZFFDSP17    (0)   :  0.007 0.772 0.009 0.004 0.005 0.002 0.005 0.023 0.006 0.004 0.007 0.141 0.015 
275 ZFFDSP18    (0)   :  0.006 0.132 0.019 0.005 0.003 0.002 0.004 0.016 0.007 0.003 0.004 0.795 0.005 
276 ZFFDSP19    (0)   :  0.025 0.632 0.016 0.004 0.004 0.003 0.102 0.021 0.006 0.003 0.004 0.145 0.035 
277 ZFFDSP21    (0)   :  0.018 0.549 0.007 0.003 0.004 0.002 0.069 0.008 0.004 0.004 0.004 0.147 0.181 
278 ZFFDSP22    (0)   :  0.006 0.625 0.078 0.002 0.004 0.002 0.004 0.046 0.003 0.003 0.005 0.212 0.009 
279 ZFFDSP23    (0)   :  0.004 0.025 0.065 0.002 0.003 0.002 0.007 0.011 0.003 0.003 0.005 0.835 0.036 
280 ZFFDSP24    (0)   :  0.004 0.015 0.005 0.004 0.004 0.002 0.007 0.006 0.004 0.003 0.004 0.926 0.014 
281 ZFFDSP26    (9)   :  0.005 0.045 0.012 0.003 0.004 0.003 0.005 0.025 0.003 0.003 0.005 0.858 0.028 
282 ZFFDSP27    (0)   :  0.004 0.019 0.006 0.004 0.003 0.002 0.006 0.009 0.004 0.002 0.004 0.929 0.008 
283 ZFFDSP28    (0)   :  0.008 0.109 0.009 0.026 0.020 0.013 0.004 0.017 0.020 0.008 0.013 0.738 0.016 
284 ZFFDSP30    (0)   :  0.005 0.692 0.005 0.030 0.006 0.005 0.044 0.010 0.006 0.004 0.006 0.087 0.101 
285 ZFFDSP31    (0)   :  0.007 0.040 0.007 0.003 0.006 0.002 0.009 0.612 0.014 0.005 0.007 0.247 0.041 
286 ZFFDSP32    (0)   :  0.003 0.515 0.005 0.002 0.005 0.002 0.005 0.007 0.004 0.003 0.004 0.434 0.010 
287 ZFFDSP33    (0)   :  0.003 0.255 0.008 0.003 0.003 0.003 0.006 0.027 0.004 0.003 0.003 0.667 0.017 
288 ZFFDSP34    (0)   :  0.015 0.035 0.011 0.003 0.004 0.002 0.006 0.271 0.010 0.003 0.005 0.606 0.031 
289 ZFFDSP35    (0)   :  0.004 0.034 0.005 0.004 0.003 0.003 0.005 0.007 0.004 0.003 0.005 0.903 0.021 
290 ZFFDSP37    (0)   :  0.003 0.075 0.004 0.003 0.004 0.002 0.004 0.008 0.004 0.003 0.003 0.878 0.008 
291 ZFFDSP38    (0)   :  0.003 0.009 0.004 0.004 0.003 0.002 0.004 0.008 0.004 0.003 0.004 0.946 0.006 
292 ZFFDSP39    (0)   :  0.003 0.007 0.006 0.003 0.003 0.002 0.006 0.008 0.003 0.003 0.003 0.914 0.040 
293 ZFFDSP40    (0)   :  0.003 0.008 0.004 0.003 0.003 0.002 0.006 0.007 0.003 0.003 0.003 0.936 0.019 
294 ZFFDSP42    (0)   :  0.005 0.014 0.040 0.003 0.003 0.002 0.006 0.014 0.003 0.003 0.004 0.889 0.016 
295 ZFFDSP43    (0)   :  0.003 0.006 0.006 0.003 0.002 0.002 0.006 0.010 0.003 0.002 0.003 0.945 0.007 
296 ZFFDSP44    (0)   :  0.003 0.069 0.005 0.004 0.005 0.003 0.008 0.016 0.004 0.003 0.004 0.859 0.016 
297 ZFFDSP45    (0)   :  0.004 0.006 0.003 0.003 0.003 0.002 0.004 0.005 0.003 0.003 0.003 0.953 0.007 
298 ZFFDSP46    (0)   :  0.004 0.018 0.009 0.003 0.003 0.002 0.005 0.011 0.003 0.003 0.003 0.927 0.009 
299 ZFFDSP47    (0)   :  0.004 0.023 0.011 0.003 0.004 0.003 0.011 0.011 0.003 0.003 0.005 0.832 0.087 
300 ZFFDSP48    (0)   :  0.003 0.008 0.005 0.003 0.004 0.002 0.009 0.006 0.003 0.003 0.003 0.925 0.026 
301    ZFI01    (0)   :  0.011 0.007 0.005 0.843 0.014 0.029 0.010 0.004 0.048 0.010 0.010 0.004 0.005 
302    ZFI02    (0)   :  0.004 0.006 0.004 0.915 0.004 0.010 0.008 0.005 0.022 0.005 0.006 0.005 0.005 
303    ZFI03    (0)   :  0.006 0.004 0.003 0.881 0.006 0.005 0.009 0.004 0.059 0.007 0.008 0.003 0.004 
304    ZFI04    (0)   :  0.004 0.004 0.003 0.100 0.005 0.015 0.005 0.004 0.841 0.006 0.005 0.004 0.004 
305    ZFI05    (0)   :  0.004 0.005 0.003 0.923 0.008 0.005 0.018 0.005 0.008 0.006 0.005 0.005 0.005 
306    ZFI06    (0)   :  0.004 0.020 0.003 0.748 0.007 0.013 0.095 0.007 0.027 0.019 0.008 0.021 0.028 
307    ZFI07    (0)   :  0.004 0.004 0.003 0.348 0.007 0.005 0.005 0.003 0.602 0.006 0.005 0.004 0.004 
308    ZFI08    (0)   :  0.006 0.004 0.003 0.835 0.005 0.009 0.005 0.004 0.099 0.011 0.011 0.003 0.003 
309    ZFI09    (0)   :  0.005 0.004 0.003 0.922 0.005 0.008 0.007 0.004 0.021 0.007 0.005 0.004 0.005 
310    ZFI10    (0)   :  0.005 0.006 0.004 0.810 0.005 0.010 0.074 0.006 0.052 0.007 0.007 0.005 0.007 
311    ZFI11    (0)   :  0.005 0.004 0.003 0.807 0.009 0.014 0.009 0.003 0.124 0.007 0.007 0.003 0.005 
312    ZFI12    (0)   :  0.007 0.005 0.003 0.810 0.007 0.004 0.017 0.004 0.114 0.006 0.011 0.005 0.006 
313    ZFI13    (0)   :  0.007 0.006 0.003 0.911 0.018 0.007 0.006 0.004 0.016 0.008 0.006 0.004 0.005 
314    ZFI14    (0)   :  0.005 0.007 0.003 0.929 0.005 0.005 0.008 0.006 0.010 0.004 0.004 0.008 0.006 
315    ZFI15    (0)   :  0.004 0.004 0.002 0.946 0.006 0.004 0.005 0.004 0.008 0.006 0.004 0.004 0.003 
316    ZFI16    (0)   :  0.005 0.004 0.003 0.936 0.004 0.003 0.006 0.003 0.019 0.005 0.005 0.004 0.004 
317    ZFI17    (0)   :  0.005 0.004 0.003 0.862 0.006 0.007 0.012 0.004 0.074 0.009 0.006 0.004 0.005 
318    ZFI18    (0)   :  0.003 0.003 0.002 0.934 0.005 0.005 0.007 0.003 0.019 0.007 0.004 0.003 0.004 
319    ZFI19    (9)   :  0.003 0.003 0.002 0.946 0.006 0.004 0.005 0.003 0.012 0.004 0.005 0.003 0.003 
320    ZFI20    (0)   :  0.004 0.005 0.003 0.945 0.003 0.004 0.005 0.004 0.009 0.004 0.005 0.005 0.004 
321    ZFI21    (0)   :  0.003 0.012 0.003 0.932 0.004 0.003 0.007 0.004 0.005 0.003 0.004 0.009 0.009 
322    ZFI22    (0)   :  0.007 0.005 0.004 0.917 0.004 0.009 0.005 0.005 0.026 0.005 0.005 0.005 0.004 
323    ZFI23    (0)   :  0.005 0.004 0.003 0.910 0.005 0.004 0.009 0.004 0.036 0.006 0.006 0.004 0.004 
324    ZFI24    (0)   :  0.008 0.005 0.004 0.861 0.008 0.004 0.013 0.005 0.065 0.006 0.010 0.004 0.006 
325    ZFI25    (0)   :  0.009 0.005 0.004 0.883 0.006 0.004 0.006 0.006 0.054 0.007 0.006 0.005 0.004 
326    ZFI26    (0)   :  0.008 0.004 0.003 0.845 0.011 0.005 0.005 0.004 0.091 0.008 0.007 0.004 0.004 
327    ZFI27    (0)   :  0.005 0.006 0.003 0.855 0.014 0.005 0.038 0.005 0.041 0.007 0.009 0.005 0.008 
328    ZFK01    (0)   :  0.005 0.003 0.003 0.003 0.956 0.003 0.006 0.004 0.003 0.003 0.003 0.003 0.004 
329    ZFK02    (0)   :  0.005 0.003 0.004 0.003 0.954 0.003 0.007 0.004 0.003 0.004 0.004 0.004 0.004 
330    ZFK03    (0)   :  0.005 0.003 0.003 0.003 0.958 0.004 0.004 0.004 0.003 0.003 0.003 0.003 0.004 
331    ZFK04    (0)   :  0.004 0.003 0.003 0.004 0.959 0.004 0.004 0.003 0.004 0.004 0.003 0.003 0.003 
332    ZFK05    (0)   :  0.012 0.003 0.002 0.007 0.936 0.011 0.003 0.003 0.009 0.006 0.003 0.003 0.003 
333    ZFK06    (0)   :  0.011 0.004 0.003 0.009 0.934 0.006 0.004 0.003 0.009 0.007 0.004 0.003 0.003 
334    ZFK07    (0)   :  0.005 0.004 0.005 0.002 0.953 0.003 0.005 0.004 0.002 0.003 0.005 0.003 0.005 
335    ZFK08    (0)   :  0.004 0.004 0.003 0.003 0.955 0.005 0.003 0.003 0.004 0.004 0.005 0.003 0.004 
336    ZFK10    (0)   :  0.005 0.003 0.003 0.004 0.959 0.003 0.004 0.003 0.004 0.003 0.003 0.003 0.003 
337    ZFK11    (0)   :  0.011 0.003 0.003 0.006 0.937 0.008 0.004 0.004 0.009 0.006 0.003 0.003 0.003 
338    ZFK12    (0)   :  0.008 0.006 0.009 0.002 0.938 0.003 0.003 0.004 0.002 0.004 0.008 0.004 0.007 
339    ZFK13    (0)   :  0.007 0.022 0.009 0.003 0.886 0.007 0.005 0.011 0.003 0.003 0.005 0.019 0.018 
340    ZFK14    (0)   :  0.175 0.030 0.028 0.008 0.649 0.019 0.013 0.014 0.008 0.007 0.008 0.016 0.025 
341    ZFK15    (0)   :  0.006 0.015 0.005 0.005 0.908 0.011 0.004 0.010 0.003 0.003 0.003 0.016 0.011 
342    ZFK16    (0)   :  0.006 0.005 0.005 0.002 0.947 0.003 0.005 0.006 0.003 0.004 0.005 0.004 0.005 
343   ZFLB01    (0)   :  0.003 0.009 0.003 0.009 0.008 0.909 0.006 0.005 0.006 0.006 0.004 0.020 0.011 
344   ZFLB02    (0)   :  0.003 0.004 0.004 0.008 0.004 0.771 0.004 0.003 0.069 0.113 0.007 0.006 0.004 
345   ZFLB03    (0)   :  0.005 0.008 0.007 0.007 0.014 0.722 0.081 0.006 0.011 0.116 0.009 0.004 0.010 
346   ZFLB04    (0)   :  0.005 0.028 0.006 0.016 0.010 0.653 0.209 0.009 0.005 0.007 0.004 0.013 0.033 
