

----------------------------------------------------
STRUCTURE by Pritchard, Stephens and Donnelly (2000)
     and Falush, Stephens and Pritchard (2003)
       Code by Pritchard, Falush and Hubisz
             Version 2.3.4 (Jul 2012)
----------------------------------------------------



Command line arguments:   bin\structure -m C:\Users\eschumacher\Documents\GitHub\GCC_QUAC_ZAIN\Data_Files\Structure_Files\ZAIN\ZAIN_wild_rebinned_nopopinfo\50-50\mainparams -e C:\Users\eschumacher\Documents\GitHub\GCC_QUAC_ZAIN\Data_Files\Structure_Files\ZAIN\ZAIN_wild_rebinned_nopopinfo\50-50\extraparams 
Input File:    C:\Users\eschumacher\Documents\GitHub\GCC_QUAC_ZAIN\Data_Files\Structure_Files\ZAIN\ZAIN_wild_rebinned_nopopinfo\project_data

Run parameters:
   751 individuals
   11 loci
   15 populations assumed
   50000 Burn-in period
   50000 Reps


--------------------------------------------
Overall proportion of membership of the
sample in each of the 15 clusters

Inferred Clusters
  1      2      3      4      5      6      7      8      9     10     11     12     13     14     15    
0.032  0.069  0.058  0.067  0.057  0.071  0.049  0.049  0.099  0.051  0.107  0.056  0.061  0.088  0.086  

--------------------------------------------

Allele-freq. divergence among pops (Net nucleotide distance),
computed using point estimates of P.

      1       2       3       4       5       6       7       8       9      10      11      12      13      14      15      
 1      -    0.2873  0.2416  0.2468  0.1901  0.1915  0.1626  0.3269  0.1947  0.1547  0.2344  0.1943  0.2831  0.2654  0.1999  
 2   0.2873     -    0.1811  0.3113  0.2130  0.2930  0.1445  0.3770  0.2885  0.1167  0.2917  0.1198  0.3984  0.1080  0.1924  
 3   0.2416  0.1811     -    0.3780  0.2436  0.3016  0.1504  0.2267  0.3108  0.1474  0.3172  0.1361  0.3623  0.1559  0.2721  
 4   0.2468  0.3113  0.3780     -    0.2561  0.2347  0.1976  0.4602  0.1378  0.2148  0.2678  0.2670  0.2984  0.2985  0.2031  
 5   0.1901  0.2130  0.2436  0.2561     -    0.1924  0.1211  0.3850  0.1333  0.1308  0.1862  0.1273  0.1887  0.2328  0.1914  
 6   0.1915  0.2930  0.3016  0.2347  0.1924     -    0.1892  0.3876  0.0813  0.2097  0.0510  0.1493  0.1063  0.2670  0.2044  
 7   0.1626  0.1445  0.1504  0.1976  0.1211  0.1892     -    0.1947  0.1615  0.0337  0.2168  0.0882  0.2642  0.1469  0.1632  
 8   0.3269  0.3770  0.2267  0.4602  0.3850  0.3876  0.1947     -    0.3788  0.1987  0.3957  0.2809  0.4688  0.3158  0.3596  
 9   0.1947  0.2885  0.3108  0.1378  0.1333  0.0813  0.1615  0.3788     -    0.1750  0.0660  0.1547  0.1324  0.2654  0.1761  
10   0.1547  0.1167  0.1474  0.2148  0.1308  0.2097  0.0337  0.1987  0.1750     -    0.2186  0.0743  0.3025  0.1331  0.1546  
11   0.2344  0.2917  0.3172  0.2678  0.1862  0.0510  0.2168  0.3957  0.0660  0.2186     -    0.1461  0.1436  0.2574  0.2404  
12   0.1943  0.1198  0.1361  0.2670  0.1273  0.1493  0.0882  0.2809  0.1547  0.0743  0.1461     -    0.2071  0.0973  0.1325  
13   0.2831  0.3984  0.3623  0.2984  0.1887  0.1063  0.2642  0.4688  0.1324  0.3025  0.1436  0.2071     -    0.3799  0.2095  
14   0.2654  0.1080  0.1559  0.2985  0.2328  0.2670  0.1469  0.3158  0.2654  0.1331  0.2574  0.0973  0.3799     -    0.2250  
15   0.1999  0.1924  0.2721  0.2031  0.1914  0.2044  0.1632  0.3596  0.1761  0.1546  0.2404  0.1325  0.2095  0.2250     -    

Average distances (expected heterozygosity) between individuals in same cluster:
cluster  1  : 0.2430 
cluster  2  : 0.2990 
cluster  3  : 0.3745 
cluster  4  : 0.2239 
cluster  5  : 0.3814 
cluster  6  : 0.4112 
cluster  7  : 0.5473 
cluster  8  : 0.2451 
cluster  9  : 0.4234 
cluster 10  : 0.4969 
cluster 11  : 0.3603 
cluster 12  : 0.6034 
cluster 13  : 0.3565 
cluster 14  : 0.4652 
cluster 15  : 0.3901 

--------------------------------------------
Estimated Ln Prob of Data   = -12991.1
Mean value of ln likelihood = -12454.4
Variance of ln likelihood   = 1073.3
Mean value of alpha         = 0.0317

Mean value of Fst_1         = 0.6344
Mean value of Fst_2         = 0.5187
Mean value of Fst_3         = 0.5455
Mean value of Fst_4         = 0.6704
Mean value of Fst_5         = 0.4289
Mean value of Fst_6         = 0.3708
Mean value of Fst_7         = 0.1535
Mean value of Fst_8         = 0.6394
Mean value of Fst_9         = 0.4466
Mean value of Fst_10         = 0.1769
Mean value of Fst_11         = 0.4662
Mean value of Fst_12         = 0.1532
Mean value of Fst_13         = 0.4702
Mean value of Fst_14         = 0.4658
Mean value of Fst_15         = 0.4140


Inferred ancestry of individuals:
        Label (%Miss) :  Inferred clusters
  1    ZFB01    (0)   :  0.002 0.009 0.006 0.003 0.004 0.003 0.003 0.005 0.003 0.004 0.004 0.005 0.003 0.945 0.004 
  2    ZFB02    (0)   :  0.008 0.014 0.075 0.002 0.004 0.003 0.005 0.014 0.003 0.010 0.004 0.024 0.003 0.819 0.012 
  3    ZFB03    (0)   :  0.005 0.020 0.008 0.016 0.009 0.006 0.013 0.003 0.013 0.018 0.011 0.014 0.002 0.855 0.005 
  4    ZFB04    (0)   :  0.008 0.006 0.040 0.002 0.003 0.003 0.005 0.013 0.003 0.007 0.005 0.010 0.003 0.887 0.006 
  5    ZFB05    (0)   :  0.037 0.009 0.053 0.009 0.029 0.003 0.029 0.075 0.004 0.039 0.003 0.008 0.009 0.686 0.008 
  6    ZFB06    (0)   :  0.019 0.008 0.027 0.008 0.018 0.003 0.039 0.063 0.005 0.031 0.003 0.007 0.010 0.753 0.007 
  7    ZFB07    (9)   :  0.006 0.061 0.006 0.004 0.013 0.005 0.026 0.008 0.005 0.051 0.006 0.009 0.005 0.791 0.003 
  8    ZFB08    (0)   :  0.010 0.026 0.013 0.005 0.021 0.009 0.007 0.003 0.008 0.006 0.010 0.014 0.007 0.854 0.006 
  9    ZFB09    (0)   :  0.003 0.008 0.005 0.003 0.004 0.002 0.003 0.003 0.002 0.004 0.003 0.006 0.002 0.949 0.004 
 10    ZFB10    (0)   :  0.008 0.004 0.007 0.002 0.004 0.010 0.003 0.004 0.008 0.004 0.021 0.013 0.006 0.900 0.005 
 11    ZFB11    (0)   :  0.004 0.004 0.005 0.002 0.003 0.004 0.003 0.011 0.003 0.003 0.005 0.006 0.002 0.940 0.004 
 12    ZFB12    (0)   :  0.003 0.005 0.018 0.004 0.019 0.004 0.008 0.019 0.005 0.013 0.007 0.012 0.003 0.877 0.004 
 13    ZFB13    (0)   :  0.013 0.007 0.015 0.005 0.013 0.011 0.006 0.003 0.008 0.006 0.011 0.038 0.007 0.852 0.004 
 14    ZFB14    (0)   :  0.004 0.006 0.004 0.003 0.004 0.004 0.003 0.003 0.003 0.005 0.005 0.008 0.003 0.943 0.004 
 15    ZFB15    (0)   :  0.003 0.008 0.012 0.002 0.003 0.002 0.003 0.006 0.002 0.004 0.002 0.005 0.002 0.943 0.002 
 16    ZFB16    (0)   :  0.013 0.004 0.018 0.003 0.008 0.006 0.005 0.004 0.006 0.005 0.008 0.011 0.004 0.902 0.002 
 17    ZFB17    (0)   :  0.030 0.005 0.008 0.002 0.025 0.005 0.007 0.023 0.007 0.010 0.009 0.015 0.008 0.832 0.012 
 18    ZFB18    (0)   :  0.002 0.005 0.003 0.002 0.003 0.003 0.003 0.003 0.002 0.004 0.003 0.008 0.002 0.953 0.004 
 19    ZFB19    (0)   :  0.006 0.031 0.010 0.006 0.030 0.020 0.027 0.005 0.021 0.049 0.043 0.275 0.009 0.465 0.004 
 20    ZFB20    (0)   :  0.022 0.005 0.033 0.002 0.009 0.006 0.005 0.015 0.005 0.008 0.008 0.013 0.005 0.862 0.003 
 21    ZFB21    (0)   :  0.004 0.006 0.007 0.003 0.003 0.002 0.005 0.006 0.002 0.006 0.002 0.004 0.002 0.946 0.002 
 22    ZFB22    (0)   :  0.005 0.005 0.026 0.002 0.009 0.005 0.007 0.020 0.009 0.006 0.008 0.013 0.008 0.868 0.007 
 23    ZFB23    (0)   :  0.005 0.003 0.005 0.003 0.003 0.004 0.004 0.013 0.003 0.003 0.004 0.005 0.002 0.939 0.003 
 24    ZFB24    (0)   :  0.006 0.005 0.009 0.002 0.003 0.004 0.003 0.016 0.003 0.003 0.004 0.005 0.002 0.931 0.003 
 25    ZFB25    (0)   :  0.003 0.003 0.003 0.003 0.003 0.005 0.003 0.004 0.005 0.003 0.012 0.004 0.003 0.943 0.004 
 26    ZFB26    (0)   :  0.009 0.004 0.007 0.003 0.003 0.006 0.005 0.026 0.004 0.004 0.008 0.003 0.003 0.913 0.004 
 27    ZFB27    (0)   :  0.003 0.004 0.006 0.002 0.002 0.003 0.004 0.048 0.003 0.003 0.004 0.004 0.002 0.906 0.004 
 28    ZFB28    (0)   :  0.009 0.004 0.009 0.004 0.010 0.004 0.016 0.118 0.004 0.024 0.006 0.012 0.002 0.771 0.007 
 29    ZFB29    (0)   :  0.007 0.004 0.009 0.002 0.003 0.003 0.004 0.008 0.002 0.004 0.003 0.008 0.002 0.937 0.004 
 30    ZFB30    (0)   :  0.004 0.022 0.007 0.006 0.014 0.004 0.098 0.144 0.005 0.028 0.004 0.008 0.010 0.642 0.003 
 31    ZFB31    (0)   :  0.003 0.006 0.005 0.003 0.003 0.006 0.003 0.006 0.005 0.005 0.012 0.014 0.003 0.922 0.004 
 32    ZFB32    (0)   :  0.019 0.007 0.015 0.006 0.030 0.006 0.019 0.054 0.007 0.020 0.011 0.014 0.004 0.768 0.019 
 33    ZFB33    (0)   :  0.003 0.005 0.009 0.002 0.003 0.002 0.003 0.004 0.002 0.004 0.003 0.004 0.002 0.951 0.003 
 34    ZFB34    (0)   :  0.003 0.019 0.005 0.003 0.004 0.003 0.004 0.002 0.003 0.005 0.003 0.007 0.003 0.929 0.006 
 35    ZFB35    (0)   :  0.006 0.012 0.010 0.004 0.004 0.004 0.004 0.004 0.004 0.005 0.006 0.004 0.003 0.927 0.004 
 36  ZFBP101    (0)   :  0.098 0.004 0.010 0.016 0.010 0.133 0.005 0.003 0.399 0.009 0.199 0.013 0.044 0.010 0.049 
 37  ZFBP102    (0)   :  0.033 0.005 0.015 0.004 0.007 0.380 0.006 0.003 0.324 0.016 0.155 0.015 0.014 0.012 0.010 
 38  ZFBP103    (0)   :  0.047 0.003 0.009 0.020 0.005 0.020 0.005 0.003 0.670 0.009 0.101 0.011 0.011 0.007 0.078 
 39  ZFBP104    (0)   :  0.006 0.019 0.008 0.008 0.026 0.070 0.011 0.003 0.467 0.013 0.327 0.018 0.007 0.015 0.004 
 40  ZFBP105    (0)   :  0.007 0.005 0.005 0.010 0.009 0.574 0.006 0.005 0.114 0.007 0.236 0.008 0.005 0.005 0.004 
 41  ZFBP106    (0)   :  0.013 0.003 0.003 0.022 0.005 0.425 0.003 0.003 0.098 0.004 0.396 0.004 0.010 0.003 0.007 
 42  ZFBP107    (0)   :  0.034 0.005 0.007 0.018 0.009 0.396 0.017 0.026 0.204 0.011 0.249 0.006 0.005 0.008 0.006 
 43  ZFBP108    (0)   :  0.005 0.003 0.003 0.007 0.003 0.117 0.003 0.003 0.010 0.003 0.829 0.003 0.005 0.002 0.003 
 44  ZFBP109    (0)   :  0.004 0.007 0.002 0.005 0.004 0.787 0.005 0.002 0.033 0.005 0.127 0.005 0.005 0.004 0.004 
 45  ZFBP110    (0)   :  0.038 0.009 0.008 0.103 0.009 0.100 0.017 0.003 0.257 0.024 0.307 0.055 0.007 0.040 0.023 
 46  ZFBP111    (0)   :  0.005 0.003 0.003 0.010 0.012 0.104 0.005 0.004 0.344 0.003 0.357 0.003 0.140 0.002 0.004 
 47  ZFBP112    (0)   :  0.013 0.003 0.004 0.010 0.007 0.039 0.003 0.005 0.015 0.004 0.828 0.005 0.048 0.003 0.012 
 48  ZFBP113    (0)   :  0.003 0.003 0.003 0.003 0.005 0.009 0.003 0.003 0.008 0.003 0.943 0.004 0.004 0.003 0.003 
 49  ZFBP114    (0)   :  0.009 0.003 0.003 0.004 0.003 0.895 0.006 0.005 0.031 0.005 0.020 0.003 0.005 0.003 0.003 
 50  ZFBP115    (0)   :  0.008 0.003 0.003 0.015 0.007 0.062 0.003 0.004 0.843 0.004 0.023 0.003 0.012 0.002 0.007 
 51  ZFBP116    (0)   :  0.006 0.002 0.003 0.006 0.008 0.058 0.005 0.004 0.029 0.005 0.858 0.004 0.006 0.003 0.004 
 52  ZFBP117    (0)   :  0.005 0.003 0.002 0.007 0.004 0.487 0.004 0.002 0.019 0.005 0.434 0.006 0.008 0.003 0.010 
 53  ZFBP118    (0)   :  0.016 0.003 0.003 0.004 0.004 0.716 0.010 0.009 0.045 0.005 0.166 0.003 0.008 0.004 0.004 
 54  ZFBP119    (0)   :  0.013 0.004 0.002 0.014 0.017 0.699 0.004 0.002 0.165 0.006 0.023 0.005 0.018 0.003 0.024 
 55  ZFBP120    (0)   :  0.006 0.006 0.004 0.015 0.008 0.246 0.007 0.004 0.097 0.007 0.577 0.006 0.004 0.006 0.004 
 56  ZFBP121    (0)   :  0.008 0.006 0.003 0.007 0.004 0.701 0.004 0.003 0.018 0.005 0.216 0.007 0.006 0.005 0.009 
 57  ZFBP122    (9)   :  0.005 0.004 0.003 0.006 0.007 0.104 0.003 0.003 0.028 0.004 0.814 0.004 0.009 0.003 0.004 
 58  ZFBP123    (0)   :  0.045 0.004 0.005 0.005 0.009 0.062 0.004 0.007 0.012 0.005 0.811 0.004 0.015 0.002 0.009 
 59  ZFBP124    (0)   :  0.008 0.011 0.004 0.005 0.004 0.733 0.004 0.004 0.021 0.004 0.181 0.004 0.005 0.005 0.006 
 60  ZFBP125    (0)   :  0.006 0.002 0.002 0.009 0.005 0.611 0.003 0.002 0.039 0.003 0.289 0.004 0.016 0.002 0.007 
 61  ZFBP126    (0)   :  0.020 0.004 0.013 0.003 0.013 0.012 0.007 0.003 0.014 0.013 0.852 0.019 0.006 0.008 0.013 
 62  ZFBP127    (0)   :  0.006 0.004 0.003 0.088 0.003 0.457 0.006 0.003 0.171 0.004 0.228 0.003 0.005 0.003 0.017 
 63  ZFBP128    (0)   :  0.008 0.003 0.002 0.014 0.004 0.025 0.002 0.002 0.018 0.003 0.875 0.004 0.023 0.004 0.014 
 64  ZFBP129    (0)   :  0.009 0.008 0.003 0.008 0.005 0.298 0.005 0.002 0.006 0.007 0.489 0.007 0.138 0.004 0.011 
 65  ZFBP130    (0)   :  0.010 0.002 0.002 0.013 0.008 0.266 0.003 0.004 0.054 0.003 0.527 0.004 0.074 0.002 0.027 
 66  ZFBP131    (0)   :  0.003 0.004 0.003 0.003 0.004 0.040 0.003 0.003 0.004 0.003 0.915 0.004 0.004 0.003 0.003 
 67  ZFBP132    (0)   :  0.005 0.003 0.002 0.018 0.003 0.321 0.004 0.003 0.019 0.003 0.600 0.004 0.004 0.005 0.004 
 68  ZFBP133    (0)   :  0.003 0.003 0.002 0.003 0.005 0.012 0.002 0.002 0.006 0.002 0.907 0.004 0.041 0.002 0.005 
 69  ZFBP134    (0)   :  0.003 0.003 0.003 0.010 0.010 0.015 0.003 0.003 0.770 0.003 0.136 0.005 0.011 0.003 0.022 
 70  ZFBP135    (0)   :  0.058 0.005 0.007 0.021 0.006 0.169 0.004 0.002 0.068 0.010 0.400 0.032 0.015 0.012 0.192 
 71  ZFBP136    (0)   :  0.198 0.003 0.004 0.016 0.008 0.177 0.004 0.008 0.189 0.005 0.292 0.006 0.041 0.004 0.044 
 72  ZFBP201    (0)   :  0.005 0.004 0.004 0.007 0.005 0.008 0.005 0.006 0.008 0.005 0.926 0.005 0.004 0.004 0.004 
 73  ZFBP202    (0)   :  0.005 0.008 0.003 0.012 0.007 0.136 0.005 0.003 0.032 0.005 0.762 0.005 0.009 0.005 0.004 
 74  ZFBP203    (0)   :  0.007 0.005 0.019 0.004 0.019 0.036 0.023 0.049 0.012 0.018 0.776 0.009 0.013 0.005 0.004 
 75  ZFBP204    (0)   :  0.032 0.004 0.004 0.013 0.010 0.700 0.005 0.005 0.095 0.007 0.089 0.005 0.018 0.003 0.011 
 76  ZFBP205    (0)   :  0.012 0.004 0.003 0.003 0.007 0.518 0.004 0.005 0.019 0.005 0.387 0.007 0.016 0.002 0.009 
 77  ZFBP206    (0)   :  0.022 0.006 0.005 0.004 0.011 0.018 0.004 0.006 0.007 0.004 0.879 0.004 0.021 0.003 0.006 
 78  ZFBP207    (0)   :  0.006 0.004 0.003 0.147 0.005 0.678 0.004 0.004 0.102 0.005 0.017 0.005 0.006 0.005 0.009 
 79  ZFBP208    (0)   :  0.013 0.004 0.005 0.003 0.012 0.017 0.005 0.011 0.007 0.006 0.900 0.005 0.006 0.002 0.004 
 80  ZFBP209    (0)   :  0.003 0.005 0.002 0.003 0.005 0.327 0.002 0.002 0.009 0.002 0.500 0.005 0.121 0.002 0.010 
 81  ZFBP210    (0)   :  0.005 0.004 0.005 0.007 0.009 0.023 0.005 0.007 0.010 0.005 0.901 0.003 0.007 0.004 0.004 
 82  ZFBP211    (0)   :  0.008 0.006 0.003 0.008 0.005 0.703 0.004 0.003 0.009 0.004 0.229 0.003 0.004 0.006 0.004 
 83  ZFBP212    (0)   :  0.003 0.004 0.003 0.029 0.003 0.045 0.003 0.003 0.050 0.003 0.838 0.003 0.005 0.006 0.002 
 84  ZFBP213    (0)   :  0.026 0.015 0.006 0.012 0.013 0.043 0.005 0.004 0.009 0.008 0.829 0.006 0.009 0.006 0.010 
 85  ZFBP214    (0)   :  0.026 0.016 0.003 0.032 0.044 0.029 0.009 0.004 0.028 0.010 0.681 0.012 0.059 0.006 0.042 
 86  ZFBP215    (0)   :  0.006 0.004 0.003 0.006 0.004 0.047 0.003 0.002 0.008 0.003 0.896 0.004 0.007 0.003 0.005 
 87  ZFBP216    (0)   :  0.006 0.005 0.005 0.006 0.029 0.156 0.009 0.008 0.064 0.011 0.680 0.007 0.005 0.004 0.005 
 88  ZFBP217    (0)   :  0.004 0.006 0.002 0.041 0.027 0.040 0.011 0.005 0.061 0.006 0.650 0.005 0.128 0.006 0.008 
 89  ZFBP218    (0)   :  0.003 0.010 0.003 0.003 0.006 0.423 0.003 0.004 0.033 0.003 0.488 0.004 0.013 0.002 0.004 
 90  ZFBP219    (0)   :  0.003 0.003 0.003 0.003 0.005 0.013 0.003 0.003 0.008 0.003 0.939 0.003 0.004 0.002 0.003 
 91  ZFBP220    (0)   :  0.009 0.003 0.003 0.015 0.006 0.079 0.003 0.003 0.131 0.004 0.675 0.004 0.043 0.002 0.019 
 92  ZFBP221    (0)   :  0.002 0.006 0.003 0.007 0.006 0.169 0.003 0.004 0.588 0.003 0.190 0.004 0.008 0.004 0.003 
 93  ZFBP222    (0)   :  0.004 0.004 0.004 0.003 0.006 0.013 0.003 0.005 0.005 0.004 0.929 0.006 0.006 0.003 0.005 
 94  ZFBP223    (0)   :  0.009 0.005 0.003 0.226 0.005 0.155 0.007 0.005 0.074 0.007 0.471 0.006 0.009 0.008 0.008 
 95  ZFBP224    (0)   :  0.014 0.008 0.004 0.006 0.009 0.022 0.005 0.004 0.009 0.008 0.893 0.005 0.005 0.003 0.005 
 96  ZFBP225    (0)   :  0.010 0.003 0.004 0.022 0.015 0.039 0.006 0.010 0.259 0.007 0.358 0.006 0.249 0.003 0.009 
 97  ZFBP226    (0)   :  0.005 0.003 0.003 0.004 0.005 0.186 0.004 0.004 0.013 0.005 0.751 0.003 0.005 0.003 0.004 
 98  ZFBP227    (0)   :  0.011 0.016 0.010 0.009 0.119 0.176 0.020 0.004 0.276 0.030 0.291 0.017 0.007 0.008 0.006 
 99  ZFBP228    (0)   :  0.005 0.005 0.003 0.080 0.004 0.253 0.005 0.002 0.349 0.004 0.252 0.005 0.007 0.004 0.021 
100  ZFBP229    (0)   :  0.004 0.002 0.003 0.005 0.006 0.167 0.004 0.003 0.025 0.004 0.738 0.005 0.024 0.002 0.007 
101  ZFBP230    (0)   :  0.010 0.003 0.003 0.013 0.010 0.166 0.005 0.004 0.238 0.004 0.455 0.008 0.044 0.003 0.033 
102  ZFBP231    (0)   :  0.014 0.006 0.004 0.006 0.006 0.889 0.004 0.004 0.013 0.006 0.031 0.004 0.005 0.004 0.004 
103  ZFBP232    (0)   :  0.004 0.003 0.003 0.004 0.004 0.781 0.002 0.003 0.009 0.003 0.167 0.003 0.007 0.003 0.004 
104  ZFBP233    (0)   :  0.010 0.010 0.004 0.006 0.013 0.508 0.005 0.004 0.037 0.005 0.362 0.005 0.021 0.006 0.004 
105   ZFCC01    (0)   :  0.009 0.021 0.007 0.005 0.004 0.003 0.004 0.004 0.003 0.004 0.004 0.005 0.004 0.005 0.918 
106   ZFCC03    (0)   :  0.005 0.007 0.003 0.008 0.003 0.003 0.003 0.003 0.003 0.003 0.004 0.004 0.004 0.003 0.944 
107   ZFCC04    (0)   :  0.013 0.006 0.004 0.005 0.005 0.003 0.004 0.004 0.004 0.005 0.004 0.004 0.006 0.004 0.929 
108   ZFCC05    (0)   :  0.044 0.013 0.006 0.016 0.008 0.005 0.006 0.005 0.007 0.009 0.007 0.005 0.006 0.006 0.858 
109   ZFCC08    (0)   :  0.009 0.009 0.003 0.005 0.009 0.011 0.003 0.003 0.009 0.003 0.009 0.005 0.018 0.002 0.902 
110   ZFCC09    (0)   :  0.006 0.011 0.003 0.008 0.003 0.004 0.003 0.003 0.003 0.003 0.002 0.003 0.003 0.003 0.939 
111   ZFCC10    (0)   :  0.009 0.035 0.004 0.004 0.004 0.004 0.003 0.003 0.003 0.004 0.004 0.004 0.003 0.004 0.912 
112   ZFCC11    (0)   :  0.008 0.011 0.004 0.012 0.005 0.004 0.004 0.003 0.004 0.005 0.005 0.004 0.004 0.003 0.922 
113   ZFCC12    (0)   :  0.036 0.017 0.128 0.008 0.007 0.005 0.010 0.004 0.008 0.015 0.007 0.019 0.006 0.007 0.723 
114   ZFCC13    (0)   :  0.008 0.004 0.005 0.009 0.012 0.007 0.005 0.010 0.012 0.008 0.010 0.004 0.007 0.004 0.897 
115   ZFCC14    (0)   :  0.025 0.008 0.004 0.005 0.004 0.007 0.005 0.006 0.004 0.006 0.010 0.011 0.007 0.008 0.892 
116   ZFCC15    (0)   :  0.006 0.005 0.005 0.005 0.009 0.003 0.005 0.004 0.004 0.005 0.003 0.005 0.003 0.003 0.935 
117   ZFCC16    (0)   :  0.015 0.005 0.006 0.003 0.005 0.003 0.003 0.003 0.003 0.005 0.003 0.005 0.004 0.004 0.932 
118   ZFCC17    (0)   :  0.047 0.006 0.011 0.006 0.004 0.003 0.005 0.008 0.003 0.004 0.003 0.003 0.003 0.006 0.887 
119   ZFCC18    (0)   :  0.009 0.010 0.005 0.009 0.005 0.003 0.004 0.004 0.004 0.004 0.004 0.004 0.006 0.004 0.927 
120   ZFCC19    (0)   :  0.010 0.003 0.006 0.003 0.007 0.003 0.005 0.008 0.003 0.006 0.003 0.005 0.003 0.004 0.931 
121   ZFCC20    (0)   :  0.011 0.004 0.005 0.008 0.007 0.003 0.003 0.003 0.006 0.005 0.003 0.004 0.005 0.004 0.929 
122   ZFCC21    (0)   :  0.012 0.005 0.004 0.003 0.041 0.011 0.004 0.008 0.013 0.011 0.059 0.027 0.032 0.005 0.766 
123   ZFCC22    (0)   :  0.012 0.018 0.004 0.006 0.010 0.078 0.003 0.005 0.077 0.004 0.116 0.005 0.040 0.003 0.618 
124   ZFCC26    (0)   :  0.009 0.006 0.005 0.004 0.005 0.003 0.003 0.003 0.003 0.004 0.003 0.004 0.004 0.004 0.940 
125   ZFCC27    (0)   :  0.005 0.005 0.003 0.006 0.004 0.003 0.003 0.003 0.003 0.004 0.003 0.003 0.003 0.003 0.949 
126   ZFCC29    (0)   :  0.019 0.006 0.006 0.005 0.009 0.004 0.004 0.003 0.005 0.007 0.004 0.006 0.005 0.008 0.907 
127   ZFCC30    (0)   :  0.007 0.003 0.003 0.010 0.004 0.003 0.003 0.004 0.004 0.004 0.003 0.003 0.005 0.003 0.942 
128   ZFCC32    (0)   :  0.010 0.008 0.008 0.006 0.013 0.004 0.006 0.006 0.006 0.006 0.003 0.004 0.005 0.004 0.912 
129   ZFCC33    (0)   :  0.322 0.007 0.005 0.008 0.005 0.004 0.005 0.004 0.004 0.017 0.004 0.007 0.004 0.010 0.593 
130   ZFCC34    (0)   :  0.043 0.020 0.029 0.066 0.007 0.083 0.007 0.008 0.035 0.005 0.051 0.008 0.019 0.023 0.597 
131   ZFCC35    (0)   :  0.007 0.004 0.002 0.003 0.004 0.005 0.003 0.004 0.004 0.003 0.003 0.003 0.004 0.002 0.950 
132   ZFCC36    (0)   :  0.011 0.004 0.007 0.004 0.016 0.006 0.005 0.017 0.008 0.006 0.009 0.004 0.009 0.004 0.890 
133   ZFCC37    (0)   :  0.031 0.023 0.092 0.008 0.011 0.009 0.011 0.005 0.009 0.017 0.010 0.032 0.005 0.007 0.730 
134   ZFCC40    (0)   :  0.014 0.009 0.004 0.003 0.003 0.004 0.004 0.013 0.003 0.004 0.007 0.005 0.003 0.004 0.919 
135   ZFCC42    (0)   :  0.526 0.006 0.163 0.045 0.005 0.005 0.048 0.066 0.011 0.012 0.004 0.021 0.006 0.036 0.045 
136   ZFCC44    (0)   :  0.014 0.003 0.003 0.009 0.003 0.003 0.005 0.008 0.003 0.003 0.003 0.003 0.003 0.003 0.936 
137   ZFCC45    (9)   :  0.051 0.017 0.011 0.009 0.007 0.004 0.017 0.017 0.005 0.019 0.006 0.007 0.004 0.009 0.817 
138   ZFCC46    (0)   :  0.014 0.003 0.003 0.009 0.008 0.012 0.003 0.004 0.019 0.004 0.011 0.004 0.035 0.003 0.866 
139   ZFCC47    (0)   :  0.008 0.021 0.057 0.005 0.005 0.007 0.006 0.004 0.006 0.004 0.003 0.008 0.006 0.005 0.853 
140   ZFCC48    (0)   :  0.014 0.005 0.003 0.003 0.011 0.011 0.003 0.004 0.010 0.006 0.039 0.013 0.034 0.004 0.840 
141   ZFCC50    (0)   :  0.009 0.004 0.005 0.003 0.003 0.003 0.004 0.004 0.003 0.003 0.003 0.004 0.003 0.004 0.945 
142   ZFCC51    (0)   :  0.004 0.006 0.003 0.010 0.003 0.003 0.003 0.002 0.003 0.003 0.003 0.003 0.003 0.003 0.947 
143   ZFCC52    (0)   :  0.044 0.004 0.007 0.005 0.008 0.014 0.004 0.007 0.010 0.004 0.014 0.005 0.014 0.004 0.855 
144   ZFCC53    (0)   :  0.005 0.005 0.003 0.005 0.003 0.003 0.003 0.003 0.003 0.003 0.002 0.003 0.003 0.003 0.953 
145  ZFCNS01    (0)   :  0.003 0.003 0.009 0.810 0.042 0.004 0.025 0.023 0.029 0.030 0.006 0.006 0.003 0.002 0.005 
146  ZFCNS02    (0)   :  0.003 0.003 0.002 0.956 0.003 0.004 0.003 0.002 0.004 0.002 0.003 0.002 0.004 0.002 0.005 
147  ZFCNS05    (0)   :  0.006 0.006 0.003 0.931 0.005 0.007 0.003 0.002 0.007 0.004 0.006 0.003 0.005 0.005 0.007 
148  ZFCNS06    (0)   :  0.004 0.003 0.002 0.955 0.003 0.004 0.003 0.002 0.004 0.002 0.004 0.002 0.004 0.003 0.005 
149  ZFCNS07    (0)   :  0.003 0.003 0.002 0.944 0.003 0.008 0.003 0.002 0.006 0.003 0.005 0.003 0.009 0.003 0.003 
150  ZFCNS10    (0)   :  0.003 0.002 0.002 0.931 0.003 0.006 0.003 0.004 0.019 0.002 0.008 0.002 0.006 0.003 0.005 
151  ZFCNS11    (0)   :  0.003 0.003 0.007 0.892 0.019 0.004 0.012 0.011 0.015 0.012 0.006 0.005 0.004 0.002 0.006 
152  ZFCNS15    (0)   :  0.006 0.003 0.003 0.880 0.004 0.016 0.003 0.002 0.043 0.004 0.019 0.003 0.007 0.004 0.003 
153  ZFCNS17    (0)   :  0.004 0.003 0.002 0.956 0.003 0.004 0.003 0.002 0.004 0.003 0.003 0.003 0.004 0.002 0.004 
154  ZFCNS18    (0)   :  0.004 0.003 0.002 0.932 0.003 0.006 0.003 0.005 0.016 0.003 0.009 0.002 0.004 0.003 0.005 
155  ZFCNS19    (0)   :  0.003 0.003 0.002 0.959 0.003 0.003 0.003 0.002 0.004 0.002 0.002 0.002 0.003 0.002 0.005 
156  ZFCNS20    (0)   :  0.008 0.003 0.003 0.911 0.004 0.014 0.003 0.002 0.013 0.003 0.010 0.003 0.014 0.003 0.004 
157  ZFCNS21    (0)   :  0.004 0.003 0.002 0.960 0.003 0.003 0.003 0.002 0.005 0.003 0.003 0.002 0.002 0.002 0.004 
158  ZFCNS22    (0)   :  0.006 0.004 0.003 0.921 0.005 0.010 0.003 0.002 0.011 0.004 0.013 0.004 0.005 0.005 0.005 
159  ZFCNS23    (0)   :  0.021 0.005 0.008 0.888 0.009 0.005 0.006 0.010 0.005 0.008 0.005 0.005 0.010 0.003 0.012 
160  ZFCNS24    (0)   :  0.011 0.003 0.003 0.932 0.004 0.007 0.003 0.002 0.008 0.003 0.005 0.003 0.006 0.002 0.008 
161  ZFCNS25    (0)   :  0.009 0.003 0.003 0.918 0.004 0.015 0.003 0.002 0.013 0.003 0.007 0.003 0.009 0.002 0.005 
162  ZFCNS26    (0)   :  0.003 0.003 0.002 0.953 0.003 0.004 0.003 0.002 0.008 0.003 0.004 0.002 0.004 0.003 0.003 
163  ZFCNS27    (0)   :  0.006 0.003 0.003 0.869 0.004 0.025 0.003 0.002 0.043 0.004 0.020 0.004 0.009 0.003 0.003 
164  ZFCNS28    (0)   :  0.003 0.004 0.002 0.955 0.003 0.003 0.003 0.002 0.005 0.003 0.004 0.002 0.004 0.003 0.004 
165  ZFCNS29    (0)   :  0.007 0.005 0.003 0.930 0.005 0.008 0.004 0.002 0.009 0.004 0.006 0.004 0.004 0.003 0.007 
166  ZFCNS30    (0)   :  0.006 0.005 0.002 0.940 0.005 0.004 0.003 0.002 0.008 0.004 0.004 0.003 0.003 0.004 0.006 
167  ZFCNS31    (0)   :  0.003 0.003 0.002 0.957 0.003 0.004 0.003 0.002 0.005 0.003 0.003 0.002 0.004 0.003 0.003 
168  ZFCNS32    (0)   :  0.006 0.004 0.003 0.934 0.005 0.006 0.003 0.002 0.011 0.003 0.006 0.003 0.006 0.003 0.005 
169  ZFCNS33    (0)   :  0.003 0.003 0.002 0.959 0.003 0.003 0.002 0.002 0.005 0.003 0.003 0.002 0.004 0.002 0.003 
170  ZFCNS34    (0)   :  0.007 0.004 0.003 0.934 0.005 0.005 0.003 0.002 0.006 0.004 0.004 0.003 0.004 0.003 0.011 
171  ZFCNS35    (0)   :  0.003 0.009 0.003 0.882 0.003 0.012 0.003 0.002 0.025 0.003 0.011 0.012 0.004 0.019 0.009 
172  ZFCNS36    (0)   :  0.009 0.003 0.003 0.931 0.005 0.007 0.003 0.002 0.007 0.003 0.004 0.003 0.008 0.002 0.008 
173  ZFCNS37    (0)   :  0.006 0.004 0.002 0.807 0.004 0.008 0.008 0.002 0.123 0.011 0.005 0.003 0.008 0.003 0.005 
174  ZFCNS39    (0)   :  0.006 0.002 0.002 0.878 0.013 0.008 0.006 0.004 0.026 0.004 0.007 0.005 0.020 0.002 0.016 
175  ZFCNS40    (0)   :  0.011 0.003 0.003 0.639 0.008 0.017 0.005 0.003 0.152 0.004 0.006 0.004 0.114 0.002 0.029 
176  ZFCNS41    (0)   :  0.011 0.005 0.004 0.241 0.010 0.018 0.008 0.004 0.644 0.011 0.011 0.009 0.005 0.005 0.014 
177  ZFCNS42    (0)   :  0.003 0.003 0.002 0.956 0.003 0.004 0.003 0.002 0.006 0.003 0.004 0.002 0.003 0.003 0.003 
178  ZFCNS43    (0)   :  0.003 0.003 0.002 0.959 0.003 0.003 0.003 0.002 0.005 0.003 0.003 0.002 0.003 0.003 0.004 
179  ZFCNS44    (0)   :  0.003 0.003 0.002 0.937 0.002 0.005 0.003 0.004 0.015 0.003 0.009 0.002 0.003 0.003 0.005 
180  ZFCNS46    (0)   :  0.005 0.004 0.002 0.936 0.005 0.006 0.004 0.002 0.009 0.004 0.006 0.003 0.004 0.003 0.005 
181  ZFCNS47    (0)   :  0.004 0.003 0.002 0.958 0.003 0.003 0.003 0.002 0.005 0.003 0.003 0.002 0.003 0.003 0.004 
182  ZFCNS48    (0)   :  0.005 0.004 0.003 0.891 0.005 0.011 0.003 0.004 0.038 0.004 0.014 0.003 0.005 0.004 0.007 
183  ZFCNS49    (0)   :  0.003 0.003 0.002 0.891 0.003 0.009 0.003 0.004 0.050 0.003 0.016 0.003 0.004 0.005 0.003 
184   ZFCR01    (0)   :  0.003 0.018 0.015 0.003 0.004 0.008 0.039 0.006 0.004 0.060 0.014 0.809 0.006 0.007 0.006 
185   ZFCR02    (0)   :  0.013 0.004 0.007 0.005 0.006 0.026 0.009 0.010 0.005 0.021 0.008 0.840 0.010 0.014 0.021 
186   ZFCR03    (0)   :  0.057 0.010 0.033 0.003 0.015 0.013 0.016 0.029 0.005 0.009 0.015 0.753 0.007 0.020 0.014 
187   ZFCR04    (0)   :  0.006 0.057 0.017 0.010 0.010 0.016 0.034 0.022 0.029 0.188 0.015 0.371 0.020 0.185 0.019 
188   ZFCR05    (0)   :  0.004 0.015 0.008 0.003 0.011 0.003 0.012 0.008 0.003 0.029 0.004 0.876 0.003 0.010 0.010 
189   ZFCR06    (0)   :  0.006 0.010 0.008 0.072 0.006 0.027 0.011 0.003 0.026 0.024 0.021 0.743 0.010 0.019 0.014 
190   ZFCR07    (0)   :  0.035 0.007 0.008 0.048 0.041 0.005 0.018 0.005 0.029 0.624 0.011 0.131 0.004 0.025 0.008 
191   ZFCR08    (0)   :  0.035 0.074 0.024 0.004 0.006 0.013 0.081 0.032 0.012 0.486 0.022 0.077 0.047 0.020 0.066 
192   ZFCR09    (0)   :  0.021 0.011 0.153 0.017 0.016 0.049 0.048 0.070 0.037 0.018 0.041 0.409 0.013 0.070 0.026 
193   ZFCR11    (0)   :  0.004 0.016 0.012 0.011 0.020 0.020 0.019 0.005 0.045 0.049 0.004 0.760 0.002 0.023 0.007 
194   ZFCR12    (0)   :  0.010 0.004 0.003 0.118 0.014 0.010 0.007 0.004 0.059 0.016 0.010 0.714 0.014 0.006 0.010 
195   ZFCR13    (0)   :  0.007 0.006 0.003 0.007 0.143 0.062 0.164 0.003 0.011 0.393 0.069 0.088 0.006 0.029 0.009 
196   ZFCR14    (0)   :  0.007 0.011 0.005 0.007 0.040 0.007 0.018 0.005 0.010 0.022 0.008 0.825 0.013 0.015 0.010 
197   ZFCR15    (0)   :  0.010 0.019 0.005 0.005 0.023 0.021 0.068 0.012 0.015 0.126 0.022 0.556 0.039 0.067 0.011 
198   ZFCR16    (0)   :  0.004 0.008 0.004 0.003 0.011 0.015 0.041 0.003 0.005 0.038 0.017 0.786 0.020 0.038 0.007 
199   ZFCR18    (0)   :  0.027 0.008 0.006 0.006 0.007 0.017 0.009 0.003 0.005 0.020 0.004 0.607 0.004 0.265 0.011 
200   ZFCR19    (0)   :  0.005 0.006 0.080 0.007 0.009 0.018 0.007 0.004 0.011 0.007 0.016 0.753 0.044 0.022 0.011 
201   ZFCR20    (0)   :  0.033 0.024 0.029 0.005 0.048 0.011 0.013 0.005 0.009 0.045 0.042 0.701 0.007 0.023 0.006 
202   ZFCR21    (0)   :  0.008 0.004 0.003 0.004 0.030 0.004 0.015 0.004 0.005 0.008 0.005 0.883 0.010 0.003 0.012 
203   ZFCR22    (0)   :  0.007 0.002 0.006 0.003 0.060 0.006 0.013 0.004 0.006 0.005 0.007 0.857 0.015 0.006 0.005 
204   ZFCR23    (0)   :  0.004 0.004 0.011 0.005 0.046 0.020 0.097 0.053 0.031 0.030 0.077 0.603 0.005 0.010 0.003 
205   ZFCR24    (9)   :  0.010 0.028 0.042 0.004 0.066 0.041 0.137 0.004 0.008 0.016 0.514 0.055 0.006 0.063 0.007 
206   ZFCR25    (0)   :  0.006 0.010 0.008 0.003 0.013 0.003 0.022 0.002 0.005 0.009 0.004 0.897 0.004 0.007 0.005 
207   ZFCR26    (0)   :  0.008 0.010 0.093 0.005 0.308 0.016 0.015 0.004 0.010 0.012 0.009 0.469 0.018 0.004 0.019 
208   ZFCR27    (9)   :  0.003 0.017 0.047 0.003 0.030 0.003 0.183 0.004 0.003 0.214 0.004 0.472 0.003 0.010 0.005 
209   ZFCR28    (0)   :  0.008 0.006 0.005 0.029 0.006 0.040 0.229 0.008 0.022 0.038 0.088 0.442 0.065 0.005 0.010 
210   ZFCR29    (0)   :  0.004 0.005 0.008 0.002 0.015 0.004 0.004 0.004 0.004 0.005 0.005 0.926 0.005 0.007 0.004 
211   ZFCR30    (0)   :  0.009 0.007 0.008 0.010 0.045 0.006 0.011 0.005 0.013 0.026 0.007 0.830 0.009 0.007 0.006 
212   ZFCR31    (0)   :  0.026 0.012 0.062 0.045 0.025 0.061 0.022 0.015 0.060 0.020 0.046 0.390 0.018 0.186 0.011 
213   ZFCR33    (0)   :  0.009 0.037 0.022 0.009 0.026 0.008 0.120 0.017 0.018 0.613 0.009 0.052 0.019 0.006 0.036 
214   ZFCR34    (0)   :  0.004 0.006 0.008 0.010 0.246 0.009 0.039 0.015 0.035 0.095 0.031 0.304 0.011 0.169 0.018 
215   ZFCR35    (0)   :  0.004 0.008 0.016 0.004 0.005 0.004 0.006 0.014 0.006 0.027 0.008 0.761 0.004 0.120 0.011 
216   ZFCR36    (0)   :  0.006 0.006 0.014 0.019 0.019 0.005 0.010 0.017 0.009 0.015 0.007 0.817 0.004 0.043 0.007 
217   ZFCR37    (0)   :  0.014 0.047 0.043 0.004 0.500 0.003 0.031 0.018 0.004 0.197 0.004 0.038 0.004 0.041 0.052 
218   ZFCR38    (0)   :  0.013 0.039 0.053 0.008 0.027 0.008 0.147 0.007 0.009 0.486 0.008 0.132 0.012 0.006 0.046 
219   ZFCR39    (0)   :  0.032 0.008 0.019 0.003 0.007 0.037 0.020 0.167 0.016 0.458 0.039 0.086 0.019 0.016 0.072 
220   ZFCR40    (0)   :  0.007 0.014 0.012 0.004 0.013 0.007 0.077 0.041 0.015 0.172 0.015 0.579 0.004 0.012 0.029 
221   ZFCR41    (0)   :  0.006 0.006 0.003 0.012 0.015 0.008 0.012 0.003 0.128 0.017 0.007 0.723 0.024 0.006 0.029 
222   ZFCR42    (0)   :  0.021 0.009 0.012 0.017 0.072 0.015 0.037 0.018 0.028 0.209 0.027 0.464 0.023 0.007 0.044 
223   ZFCR43    (0)   :  0.005 0.011 0.004 0.006 0.009 0.036 0.009 0.004 0.006 0.057 0.029 0.791 0.004 0.026 0.004 
224  ZFENP25    (0)   :  0.006 0.024 0.004 0.003 0.006 0.004 0.045 0.005 0.005 0.834 0.012 0.024 0.010 0.004 0.015 
225  ZFENP26    (0)   :  0.004 0.005 0.005 0.003 0.004 0.003 0.089 0.007 0.004 0.854 0.002 0.008 0.003 0.006 0.004 
226  ZFENP27    (0)   :  0.037 0.020 0.023 0.057 0.004 0.007 0.069 0.015 0.036 0.383 0.026 0.113 0.010 0.014 0.185 
227  ZFENP28    (0)   :  0.005 0.036 0.017 0.011 0.010 0.005 0.344 0.010 0.005 0.508 0.003 0.021 0.004 0.008 0.013 
228  ZFENP29    (0)   :  0.006 0.004 0.005 0.005 0.007 0.003 0.233 0.005 0.004 0.682 0.004 0.027 0.003 0.004 0.008 
229  ZFENP30    (0)   :  0.075 0.007 0.008 0.009 0.014 0.008 0.145 0.009 0.004 0.665 0.005 0.009 0.007 0.007 0.027 
230  ZFENP31    (0)   :  0.358 0.026 0.043 0.005 0.011 0.009 0.095 0.200 0.005 0.187 0.004 0.017 0.003 0.026 0.011 
231  ZFENP32    (0)   :  0.096 0.016 0.024 0.024 0.011 0.027 0.045 0.073 0.016 0.380 0.013 0.071 0.007 0.186 0.010 
232  ZFENP33    (0)   :  0.020 0.019 0.009 0.004 0.022 0.005 0.024 0.005 0.006 0.856 0.006 0.010 0.003 0.008 0.004 
233  ZFENP34    (0)   :  0.069 0.334 0.023 0.008 0.007 0.006 0.028 0.005 0.005 0.446 0.004 0.018 0.003 0.028 0.016 
234  ZFENP35    (0)   :  0.007 0.007 0.006 0.016 0.010 0.006 0.260 0.071 0.019 0.556 0.011 0.005 0.006 0.017 0.005 
235  ZFENP36    (0)   :  0.005 0.005 0.008 0.011 0.007 0.003 0.141 0.011 0.004 0.784 0.003 0.005 0.002 0.010 0.003 
236  ZFENP37    (0)   :  0.008 0.278 0.009 0.009 0.023 0.005 0.040 0.051 0.007 0.533 0.008 0.006 0.004 0.012 0.007 
237  ZFENP38    (0)   :  0.014 0.022 0.017 0.016 0.331 0.005 0.129 0.017 0.008 0.401 0.006 0.009 0.005 0.008 0.014 
238  ZFENP39    (0)   :  0.005 0.014 0.006 0.004 0.007 0.003 0.009 0.008 0.004 0.900 0.003 0.021 0.002 0.008 0.007 
239  ZFENP40    (0)   :  0.007 0.007 0.007 0.005 0.005 0.006 0.005 0.012 0.004 0.907 0.007 0.011 0.003 0.008 0.005 
240  ZFENP41    (0)   :  0.024 0.010 0.005 0.010 0.005 0.006 0.016 0.011 0.007 0.840 0.006 0.010 0.005 0.012 0.033 
241  ZFENP42    (0)   :  0.011 0.004 0.006 0.003 0.051 0.003 0.199 0.254 0.005 0.433 0.003 0.014 0.004 0.004 0.006 
242  ZFENP43    (0)   :  0.007 0.029 0.021 0.066 0.068 0.006 0.163 0.014 0.039 0.520 0.007 0.014 0.005 0.007 0.033 
243  ZFENP44    (0)   :  0.012 0.010 0.007 0.007 0.008 0.004 0.013 0.023 0.006 0.886 0.005 0.005 0.002 0.003 0.007 
244  ZFENP45    (0)   :  0.017 0.011 0.014 0.008 0.042 0.028 0.216 0.085 0.013 0.213 0.025 0.013 0.294 0.007 0.014 
245  ZFENP46    (0)   :  0.009 0.023 0.012 0.007 0.038 0.010 0.080 0.008 0.016 0.755 0.016 0.010 0.004 0.008 0.003 
246  ZFENP47    (0)   :  0.015 0.007 0.014 0.003 0.005 0.012 0.016 0.127 0.004 0.463 0.009 0.111 0.122 0.047 0.044 
247  ZFENP48    (0)   :  0.253 0.442 0.027 0.007 0.015 0.013 0.053 0.010 0.005 0.092 0.009 0.032 0.011 0.014 0.018 
248  ZFENP49    (0)   :  0.114 0.004 0.017 0.005 0.007 0.012 0.045 0.004 0.006 0.468 0.012 0.259 0.013 0.024 0.008 
249  ZFENP50    (0)   :  0.005 0.007 0.022 0.004 0.060 0.025 0.250 0.044 0.015 0.489 0.037 0.024 0.006 0.007 0.004 
250  ZFENP51    (0)   :  0.037 0.014 0.379 0.007 0.012 0.003 0.130 0.035 0.004 0.280 0.003 0.020 0.044 0.024 0.008 
251  ZFENP52    (0)   :  0.006 0.004 0.005 0.008 0.010 0.004 0.893 0.006 0.012 0.029 0.004 0.005 0.004 0.003 0.007 
252  ZFENP53    (0)   :  0.008 0.012 0.010 0.009 0.028 0.044 0.502 0.029 0.020 0.255 0.029 0.016 0.025 0.006 0.008 
253  ZFENP54    (0)   :  0.026 0.009 0.009 0.005 0.019 0.031 0.152 0.009 0.012 0.228 0.030 0.425 0.006 0.019 0.021 
254  ZFENP55    (0)   :  0.009 0.022 0.029 0.004 0.404 0.005 0.075 0.009 0.005 0.338 0.005 0.041 0.004 0.047 0.003 
255  ZFENP56    (0)   :  0.008 0.007 0.020 0.008 0.055 0.004 0.118 0.005 0.008 0.735 0.004 0.007 0.005 0.010 0.006 
256  ZFENP57    (0)   :  0.016 0.024 0.018 0.012 0.022 0.003 0.364 0.058 0.007 0.429 0.006 0.020 0.002 0.016 0.005 
257  ZFENP58    (0)   :  0.301 0.005 0.015 0.015 0.023 0.008 0.225 0.005 0.012 0.182 0.007 0.042 0.115 0.025 0.021 
258  ZFENP59    (0)   :  0.043 0.008 0.009 0.005 0.008 0.006 0.147 0.044 0.005 0.605 0.004 0.034 0.004 0.017 0.062 
259  ZFENP60    (0)   :  0.005 0.028 0.009 0.007 0.013 0.010 0.101 0.012 0.009 0.708 0.011 0.035 0.014 0.029 0.009 
260  ZFENP61    (0)   :  0.006 0.009 0.006 0.004 0.007 0.002 0.006 0.005 0.003 0.918 0.003 0.013 0.002 0.009 0.008 
261 ZFFDSP01    (0)   :  0.003 0.004 0.003 0.011 0.007 0.013 0.003 0.003 0.041 0.003 0.881 0.004 0.016 0.005 0.004 
262 ZFFDSP02    (0)   :  0.003 0.003 0.002 0.003 0.003 0.006 0.002 0.002 0.009 0.003 0.950 0.004 0.004 0.003 0.004 
263 ZFFDSP04    (0)   :  0.003 0.004 0.002 0.003 0.005 0.020 0.002 0.002 0.012 0.002 0.920 0.005 0.011 0.004 0.004 
264 ZFFDSP05    (0)   :  0.003 0.003 0.003 0.005 0.006 0.036 0.003 0.003 0.134 0.003 0.777 0.005 0.010 0.003 0.004 
265 ZFFDSP06    (0)   :  0.003 0.012 0.002 0.003 0.005 0.375 0.003 0.002 0.047 0.003 0.504 0.005 0.019 0.003 0.013 
266 ZFFDSP07    (0)   :  0.024 0.004 0.004 0.004 0.008 0.075 0.004 0.005 0.007 0.005 0.803 0.005 0.036 0.002 0.013 
267 ZFFDSP08    (0)   :  0.038 0.003 0.004 0.011 0.015 0.535 0.004 0.004 0.040 0.005 0.247 0.004 0.076 0.003 0.010 
268 ZFFDSP10    (0)   :  0.007 0.003 0.003 0.004 0.005 0.031 0.003 0.003 0.018 0.004 0.899 0.004 0.010 0.003 0.004 
269 ZFFDSP11    (0)   :  0.003 0.004 0.003 0.003 0.006 0.027 0.003 0.003 0.014 0.003 0.913 0.005 0.006 0.004 0.004 
270 ZFFDSP12    (0)   :  0.005 0.003 0.003 0.004 0.004 0.701 0.003 0.003 0.012 0.004 0.241 0.003 0.008 0.003 0.003 
271 ZFFDSP13    (0)   :  0.008 0.004 0.003 0.013 0.008 0.027 0.005 0.004 0.862 0.006 0.041 0.005 0.005 0.004 0.007 
272 ZFFDSP14    (0)   :  0.006 0.004 0.003 0.003 0.006 0.009 0.003 0.003 0.005 0.003 0.927 0.004 0.016 0.002 0.005 
273 ZFFDSP16    (0)   :  0.005 0.006 0.003 0.014 0.007 0.016 0.006 0.004 0.010 0.007 0.896 0.008 0.004 0.006 0.007 
274 ZFFDSP17    (0)   :  0.005 0.006 0.003 0.005 0.008 0.030 0.004 0.002 0.014 0.004 0.896 0.005 0.008 0.004 0.006 
275 ZFFDSP18    (0)   :  0.003 0.005 0.003 0.004 0.004 0.031 0.002 0.002 0.006 0.003 0.909 0.006 0.013 0.005 0.005 
276 ZFFDSP19    (0)   :  0.003 0.006 0.003 0.126 0.004 0.024 0.003 0.002 0.029 0.003 0.752 0.004 0.014 0.004 0.023 
277 ZFFDSP21    (0)   :  0.004 0.005 0.002 0.078 0.004 0.018 0.003 0.003 0.217 0.004 0.626 0.005 0.006 0.003 0.023 
278 ZFFDSP22    (0)   :  0.004 0.003 0.002 0.004 0.005 0.117 0.003 0.002 0.011 0.003 0.753 0.004 0.082 0.002 0.006 
279 ZFFDSP23    (0)   :  0.003 0.004 0.002 0.009 0.006 0.029 0.003 0.002 0.110 0.003 0.685 0.004 0.135 0.002 0.004 
280 ZFFDSP24    (0)   :  0.004 0.004 0.003 0.010 0.005 0.013 0.003 0.002 0.055 0.003 0.879 0.003 0.005 0.005 0.005 
281 ZFFDSP26    (9)   :  0.004 0.003 0.003 0.007 0.005 0.122 0.003 0.003 0.078 0.003 0.741 0.005 0.015 0.003 0.005 
282 ZFFDSP27    (0)   :  0.003 0.004 0.003 0.007 0.003 0.016 0.003 0.002 0.015 0.003 0.923 0.005 0.006 0.004 0.003 
283 ZFFDSP28    (0)   :  0.016 0.019 0.016 0.004 0.010 0.057 0.008 0.005 0.024 0.004 0.786 0.011 0.007 0.026 0.006 
284 ZFFDSP30    (0)   :  0.006 0.005 0.004 0.032 0.007 0.024 0.004 0.007 0.175 0.004 0.667 0.006 0.007 0.046 0.005 
285 ZFFDSP31    (0)   :  0.006 0.011 0.002 0.009 0.005 0.821 0.005 0.002 0.027 0.004 0.088 0.004 0.006 0.004 0.004 
286 ZFFDSP32    (0)   :  0.004 0.003 0.002 0.004 0.004 0.009 0.003 0.002 0.009 0.003 0.942 0.003 0.005 0.002 0.003 
287 ZFFDSP33    (0)   :  0.003 0.003 0.002 0.005 0.003 0.038 0.002 0.003 0.012 0.003 0.912 0.003 0.006 0.002 0.002 
288 ZFFDSP34    (0)   :  0.005 0.006 0.002 0.006 0.007 0.701 0.003 0.002 0.040 0.003 0.194 0.004 0.014 0.004 0.010 
289 ZFFDSP35    (0)   :  0.004 0.004 0.002 0.005 0.004 0.014 0.003 0.002 0.056 0.003 0.885 0.004 0.006 0.005 0.004 
290 ZFFDSP37    (0)   :  0.003 0.003 0.002 0.004 0.003 0.008 0.003 0.002 0.009 0.003 0.945 0.003 0.004 0.003 0.003 
291 ZFFDSP38    (0)   :  0.003 0.004 0.002 0.005 0.004 0.019 0.003 0.002 0.008 0.003 0.932 0.003 0.005 0.004 0.003 
292 ZFFDSP39    (0)   :  0.003 0.003 0.002 0.009 0.003 0.033 0.003 0.002 0.411 0.003 0.510 0.004 0.009 0.003 0.003 
293 ZFFDSP40    (0)   :  0.004 0.004 0.002 0.009 0.003 0.025 0.003 0.002 0.143 0.003 0.785 0.004 0.005 0.004 0.003 
294 ZFFDSP42    (0)   :  0.003 0.003 0.002 0.008 0.005 0.047 0.003 0.002 0.059 0.003 0.781 0.004 0.071 0.004 0.005 
295 ZFFDSP43    (0)   :  0.003 0.003 0.002 0.012 0.003 0.058 0.003 0.002 0.025 0.003 0.866 0.004 0.010 0.003 0.003 
296 ZFFDSP44    (0)   :  0.005 0.004 0.003 0.008 0.004 0.034 0.003 0.003 0.034 0.003 0.883 0.003 0.005 0.005 0.003 
297 ZFFDSP45    (0)   :  0.004 0.004 0.002 0.006 0.004 0.026 0.003 0.002 0.016 0.003 0.914 0.004 0.004 0.004 0.004 
298 ZFFDSP46    (0)   :  0.004 0.003 0.002 0.007 0.005 0.016 0.003 0.002 0.017 0.003 0.918 0.004 0.009 0.003 0.004 
299 ZFFDSP47    (0)   :  0.004 0.003 0.003 0.016 0.005 0.031 0.003 0.003 0.428 0.003 0.477 0.003 0.015 0.004 0.003 
300 ZFFDSP48    (0)   :  0.004 0.003 0.002 0.014 0.004 0.019 0.003 0.002 0.236 0.004 0.690 0.004 0.007 0.004 0.003 
301    ZFI01    (0)   :  0.013 0.029 0.125 0.009 0.009 0.005 0.009 0.007 0.004 0.011 0.005 0.030 0.004 0.732 0.009 
302    ZFI02    (0)   :  0.003 0.016 0.054 0.009 0.007 0.004 0.006 0.004 0.005 0.004 0.005 0.019 0.004 0.856 0.004 
303    ZFI03    (0)   :  0.005 0.050 0.010 0.008 0.007 0.004 0.005 0.003 0.004 0.007 0.004 0.010 0.003 0.875 0.005 
304    ZFI04    (0)   :  0.005 0.706 0.114 0.006 0.006 0.003 0.010 0.005 0.004 0.006 0.004 0.006 0.003 0.117 0.004 
305    ZFI05    (0)   :  0.008 0.006 0.005 0.013 0.004 0.004 0.007 0.004 0.005 0.007 0.005 0.006 0.003 0.920 0.004 
