

----------------------------------------------------
STRUCTURE by Pritchard, Stephens and Donnelly (2000)
     and Falush, Stephens and Pritchard (2003)
       Code by Pritchard, Falush and Hubisz
             Version 2.3.4 (Jul 2012)
----------------------------------------------------



Command line arguments:   bin\structure -m C:\Users\eschumacher\Documents\GitHub\GCC_QUAC_ZAIN\Data_Files\Structure_Files\ZAIN\ZAIN_wild_rebinned_nopopinfo\50-50\mainparams -e C:\Users\eschumacher\Documents\GitHub\GCC_QUAC_ZAIN\Data_Files\Structure_Files\ZAIN\ZAIN_wild_rebinned_nopopinfo\50-50\extraparams 
Input File:    C:\Users\eschumacher\Documents\GitHub\GCC_QUAC_ZAIN\Data_Files\Structure_Files\ZAIN\ZAIN_wild_rebinned_nopopinfo\project_data

Run parameters:
   751 individuals
   11 loci
   11 populations assumed
   50000 Burn-in period
   50000 Reps


--------------------------------------------
Overall proportion of membership of the
sample in each of the 11 clusters

Inferred Clusters
  1      2      3      4      5      6      7      8      9     10     11    
0.062  0.158  0.065  0.084  0.053  0.100  0.120  0.070  0.110  0.068  0.110  

--------------------------------------------

Allele-freq. divergence among pops (Net nucleotide distance),
computed using point estimates of P.

      1       2       3       4       5       6       7       8       9      10      11      
 1      -    0.2864  0.3488  0.1599  0.2138  0.1419  0.2891  0.2145  0.2249  0.3622  0.1277  
 2   0.2864     -    0.1119  0.2525  0.3695  0.2432  0.0476  0.1624  0.1753  0.2415  0.1803  
 3   0.3488  0.1119     -    0.3660  0.4507  0.3625  0.1240  0.1773  0.1864  0.2911  0.2535  
 4   0.1599  0.2525  0.3660     -    0.3457  0.0901  0.2583  0.1853  0.1651  0.2972  0.1072  
 5   0.2138  0.3695  0.4507  0.3457     -    0.3011  0.3588  0.3537  0.3073  0.4402  0.1807  
 6   0.1419  0.2432  0.3625  0.0901  0.3011     -    0.2479  0.2054  0.1933  0.2968  0.1195  
 7   0.2891  0.0476  0.1240  0.2583  0.3588  0.2479     -    0.1234  0.1423  0.1383  0.1483  
 8   0.2145  0.1624  0.1773  0.1853  0.3537  0.2054  0.1234     -    0.1477  0.2464  0.0994  
 9   0.2249  0.1753  0.1864  0.1651  0.3073  0.1933  0.1423  0.1477     -    0.1754  0.1091  
10   0.3622  0.2415  0.2911  0.2972  0.4402  0.2968  0.1383  0.2464  0.1754     -    0.1985  
11   0.1277  0.1803  0.2535  0.1072  0.1807  0.1195  0.1483  0.0994  0.1091  0.1985     -    

Average distances (expected heterozygosity) between individuals in same cluster:
cluster  1  : 0.3855 
cluster  2  : 0.4056 
cluster  3  : 0.3627 
cluster  4  : 0.3493 
cluster  5  : 0.2610 
cluster  6  : 0.4824 
cluster  7  : 0.4306 
cluster  8  : 0.4248 
cluster  9  : 0.4270 
cluster 10  : 0.2299 
cluster 11  : 0.5664 

--------------------------------------------
Estimated Ln Prob of Data   = -13325.6
Mean value of ln likelihood = -12911.4
Variance of ln likelihood   = 828.4
Mean value of alpha         = 0.0320

Mean value of Fst_1         = 0.5411
Mean value of Fst_2         = 0.3845
Mean value of Fst_3         = 0.4512
Mean value of Fst_4         = 0.4563
Mean value of Fst_5         = 0.6161
Mean value of Fst_6         = 0.4097
Mean value of Fst_7         = 0.4236
Mean value of Fst_8         = 0.3706
Mean value of Fst_9         = 0.4106
Mean value of Fst_10         = 0.6576
Mean value of Fst_11         = 0.1082


Inferred ancestry of individuals:
        Label (%Miss) :  Inferred clusters
  1    ZFB01    (0)   :  0.006 0.004 0.003 0.008 0.005 0.958 0.003 0.003 0.004 0.003 0.003 
  2    ZFB02    (0)   :  0.059 0.003 0.003 0.013 0.013 0.882 0.003 0.005 0.009 0.002 0.008 
  3    ZFB03    (0)   :  0.008 0.009 0.002 0.020 0.003 0.887 0.013 0.011 0.006 0.020 0.019 
  4    ZFB04    (0)   :  0.031 0.004 0.003 0.006 0.013 0.924 0.003 0.004 0.005 0.002 0.006 
  5    ZFB05    (0)   :  0.066 0.003 0.010 0.011 0.096 0.717 0.005 0.028 0.012 0.009 0.044 
  6    ZFB06    (0)   :  0.028 0.003 0.010 0.010 0.075 0.799 0.005 0.017 0.009 0.009 0.036 
  7    ZFB07    (9)   :  0.006 0.007 0.007 0.092 0.014 0.809 0.006 0.014 0.004 0.005 0.036 
  8    ZFB08    (0)   :  0.013 0.007 0.006 0.023 0.003 0.899 0.007 0.022 0.009 0.006 0.006 
  9    ZFB09    (0)   :  0.005 0.003 0.003 0.008 0.003 0.962 0.003 0.004 0.004 0.003 0.004 
 10    ZFB10    (0)   :  0.007 0.012 0.005 0.004 0.004 0.945 0.008 0.004 0.005 0.002 0.004 
 11    ZFB11    (0)   :  0.006 0.005 0.003 0.004 0.011 0.956 0.003 0.003 0.005 0.002 0.004 
 12    ZFB12    (0)   :  0.025 0.006 0.003 0.005 0.019 0.894 0.007 0.021 0.004 0.004 0.012 
 13    ZFB13    (0)   :  0.014 0.009 0.007 0.008 0.003 0.924 0.007 0.012 0.005 0.004 0.007 
 14    ZFB14    (0)   :  0.005 0.004 0.003 0.007 0.003 0.960 0.003 0.003 0.004 0.003 0.004 
 15    ZFB15    (0)   :  0.010 0.003 0.002 0.007 0.006 0.959 0.002 0.003 0.003 0.002 0.003 
 16    ZFB16    (0)   :  0.016 0.006 0.004 0.006 0.004 0.941 0.005 0.007 0.003 0.003 0.005 
 17    ZFB17    (0)   :  0.009 0.009 0.010 0.006 0.025 0.872 0.009 0.028 0.018 0.002 0.012 
 18    ZFB18    (0)   :  0.003 0.003 0.002 0.005 0.003 0.969 0.002 0.003 0.004 0.002 0.003 
 19    ZFB19    (0)   :  0.011 0.037 0.011 0.068 0.005 0.695 0.032 0.061 0.004 0.007 0.069 
 20    ZFB20    (0)   :  0.028 0.006 0.004 0.005 0.016 0.915 0.004 0.008 0.005 0.002 0.006 
 21    ZFB21    (0)   :  0.008 0.002 0.002 0.007 0.007 0.956 0.003 0.003 0.003 0.003 0.006 
 22    ZFB22    (0)   :  0.020 0.008 0.009 0.005 0.023 0.896 0.010 0.011 0.007 0.002 0.008 
 23    ZFB23    (0)   :  0.005 0.005 0.002 0.003 0.015 0.952 0.003 0.003 0.004 0.003 0.004 
 24    ZFB24    (0)   :  0.009 0.004 0.003 0.005 0.017 0.947 0.003 0.003 0.004 0.002 0.003 
 25    ZFB25    (0)   :  0.003 0.008 0.003 0.004 0.005 0.960 0.005 0.003 0.003 0.003 0.003 
 26    ZFB26    (0)   :  0.008 0.008 0.003 0.004 0.028 0.928 0.005 0.003 0.005 0.003 0.004 
 27    ZFB27    (0)   :  0.006 0.004 0.002 0.004 0.057 0.911 0.003 0.002 0.003 0.002 0.004 
 28    ZFB28    (0)   :  0.013 0.005 0.003 0.005 0.133 0.790 0.005 0.011 0.009 0.004 0.023 
 29    ZFB29    (0)   :  0.010 0.003 0.002 0.005 0.008 0.955 0.002 0.003 0.005 0.002 0.005 
 30    ZFB30    (0)   :  0.007 0.004 0.010 0.017 0.246 0.640 0.005 0.014 0.004 0.007 0.046 
 31    ZFB31    (0)   :  0.004 0.008 0.004 0.007 0.006 0.951 0.006 0.003 0.004 0.003 0.004 
 32    ZFB32    (0)   :  0.019 0.009 0.004 0.010 0.064 0.796 0.008 0.031 0.028 0.007 0.025 
 33    ZFB33    (0)   :  0.010 0.002 0.002 0.006 0.005 0.961 0.003 0.003 0.003 0.002 0.004 
 34    ZFB34    (0)   :  0.005 0.004 0.003 0.016 0.002 0.950 0.003 0.004 0.005 0.003 0.005 
 35    ZFB35    (0)   :  0.011 0.005 0.003 0.014 0.005 0.940 0.004 0.005 0.005 0.004 0.005 
 36  ZFBP101    (0)   :  0.014 0.186 0.034 0.005 0.003 0.012 0.634 0.012 0.080 0.012 0.009 
 37  ZFBP102    (0)   :  0.018 0.307 0.011 0.006 0.003 0.016 0.599 0.010 0.016 0.005 0.010 
 38  ZFBP103    (0)   :  0.009 0.062 0.008 0.004 0.003 0.008 0.769 0.007 0.107 0.015 0.008 
 39  ZFBP104    (0)   :  0.010 0.196 0.007 0.025 0.003 0.020 0.682 0.032 0.004 0.007 0.015 
 40  ZFBP105    (0)   :  0.004 0.712 0.005 0.006 0.005 0.006 0.234 0.007 0.005 0.011 0.006 
 41  ZFBP106    (0)   :  0.003 0.760 0.009 0.003 0.003 0.003 0.185 0.005 0.008 0.018 0.004 
 42  ZFBP107    (0)   :  0.007 0.449 0.005 0.005 0.031 0.006 0.453 0.007 0.008 0.017 0.012 
 43  ZFBP108    (0)   :  0.003 0.958 0.004 0.003 0.003 0.002 0.012 0.003 0.003 0.005 0.003 
 44  ZFBP109    (0)   :  0.002 0.949 0.005 0.005 0.002 0.003 0.015 0.004 0.004 0.005 0.005 
 45  ZFBP110    (0)   :  0.010 0.216 0.005 0.011 0.003 0.045 0.587 0.011 0.032 0.053 0.027 
 46  ZFBP111    (0)   :  0.003 0.289 0.106 0.003 0.004 0.003 0.566 0.011 0.004 0.009 0.003 
 47  ZFBP112    (0)   :  0.005 0.870 0.046 0.005 0.005 0.003 0.028 0.007 0.015 0.012 0.004 
 48  ZFBP113    (0)   :  0.003 0.945 0.004 0.004 0.004 0.003 0.020 0.006 0.003 0.004 0.004 
 49  ZFBP114    (0)   :  0.004 0.752 0.008 0.004 0.010 0.003 0.197 0.003 0.007 0.004 0.008 
 50  ZFBP115    (0)   :  0.003 0.068 0.011 0.003 0.003 0.002 0.877 0.007 0.008 0.014 0.004 
 51  ZFBP116    (0)   :  0.003 0.916 0.006 0.003 0.004 0.002 0.041 0.009 0.004 0.006 0.005 
 52  ZFBP117    (0)   :  0.002 0.946 0.006 0.004 0.002 0.003 0.017 0.004 0.007 0.005 0.004 
 53  ZFBP118    (0)   :  0.004 0.862 0.014 0.003 0.013 0.004 0.079 0.003 0.006 0.004 0.008 
 54  ZFBP119    (0)   :  0.003 0.452 0.019 0.004 0.002 0.003 0.455 0.013 0.028 0.017 0.004 
 55  ZFBP120    (0)   :  0.004 0.724 0.005 0.007 0.005 0.005 0.220 0.007 0.004 0.012 0.006 
 56  ZFBP121    (0)   :  0.003 0.919 0.005 0.006 0.003 0.005 0.036 0.004 0.008 0.007 0.004 
 57  ZFBP122    (9)   :  0.003 0.855 0.011 0.003 0.003 0.003 0.101 0.006 0.004 0.006 0.004 
 58  ZFBP123    (0)   :  0.005 0.922 0.015 0.004 0.007 0.003 0.012 0.009 0.013 0.005 0.004 
 59  ZFBP124    (0)   :  0.004 0.938 0.005 0.007 0.004 0.004 0.022 0.004 0.005 0.005 0.004 
 60  ZFBP125    (0)   :  0.002 0.922 0.015 0.002 0.002 0.002 0.032 0.004 0.006 0.008 0.003 
 61  ZFBP126    (0)   :  0.018 0.702 0.007 0.006 0.003 0.012 0.185 0.023 0.025 0.003 0.016 
 62  ZFBP127    (0)   :  0.003 0.656 0.005 0.005 0.003 0.002 0.208 0.003 0.021 0.089 0.005 
 63  ZFBP128    (0)   :  0.002 0.888 0.030 0.004 0.002 0.003 0.030 0.004 0.017 0.016 0.003 
 64  ZFBP129    (0)   :  0.003 0.828 0.124 0.006 0.002 0.004 0.007 0.005 0.009 0.007 0.005 
 65  ZFBP130    (0)   :  0.002 0.819 0.073 0.002 0.004 0.002 0.049 0.009 0.024 0.013 0.003 
 66  ZFBP131    (0)   :  0.003 0.961 0.004 0.004 0.003 0.003 0.006 0.004 0.004 0.003 0.003 
 67  ZFBP132    (0)   :  0.002 0.946 0.004 0.003 0.003 0.004 0.015 0.003 0.004 0.013 0.003 
 68  ZFBP133    (0)   :  0.002 0.864 0.098 0.004 0.002 0.002 0.009 0.005 0.006 0.003 0.002 
 69  ZFBP134    (0)   :  0.003 0.057 0.010 0.004 0.003 0.003 0.887 0.011 0.011 0.007 0.003 
 70  ZFBP135    (0)   :  0.008 0.423 0.015 0.008 0.002 0.018 0.246 0.007 0.247 0.015 0.008 
 71  ZFBP136    (0)   :  0.006 0.491 0.044 0.004 0.013 0.003 0.267 0.008 0.141 0.018 0.005 
 72  ZFBP201    (0)   :  0.004 0.928 0.004 0.005 0.008 0.004 0.019 0.007 0.005 0.010 0.005 
 73  ZFBP202    (0)   :  0.003 0.919 0.008 0.007 0.003 0.004 0.033 0.005 0.004 0.009 0.004 
 74  ZFBP203    (0)   :  0.020 0.823 0.017 0.006 0.052 0.005 0.021 0.025 0.005 0.005 0.021 
 75  ZFBP204    (0)   :  0.005 0.666 0.020 0.005 0.005 0.004 0.242 0.009 0.021 0.017 0.006 
 76  ZFBP205    (0)   :  0.004 0.948 0.011 0.004 0.005 0.002 0.009 0.006 0.007 0.003 0.003 
 77  ZFBP206    (0)   :  0.005 0.909 0.030 0.006 0.007 0.003 0.009 0.010 0.013 0.004 0.004 
 78  ZFBP207    (0)   :  0.003 0.582 0.007 0.005 0.004 0.004 0.303 0.004 0.012 0.072 0.005 
 79  ZFBP208    (0)   :  0.007 0.926 0.007 0.004 0.014 0.003 0.010 0.013 0.007 0.003 0.006 
 80  ZFBP209    (0)   :  0.002 0.895 0.068 0.003 0.002 0.002 0.009 0.005 0.007 0.003 0.003 
 81  ZFBP210    (0)   :  0.005 0.921 0.009 0.004 0.011 0.004 0.015 0.010 0.004 0.010 0.006 
 82  ZFBP211    (0)   :  0.004 0.945 0.004 0.005 0.003 0.005 0.011 0.005 0.005 0.010 0.004 
 83  ZFBP212    (0)   :  0.003 0.690 0.006 0.004 0.003 0.008 0.238 0.003 0.003 0.038 0.003 
 84  ZFBP213    (0)   :  0.005 0.921 0.009 0.013 0.004 0.004 0.009 0.010 0.009 0.010 0.005 
 85  ZFBP214    (0)   :  0.004 0.749 0.065 0.016 0.005 0.006 0.032 0.040 0.041 0.034 0.009 
 86  ZFBP215    (0)   :  0.003 0.950 0.006 0.004 0.002 0.003 0.013 0.004 0.005 0.006 0.003 
 87  ZFBP216    (0)   :  0.005 0.758 0.006 0.005 0.006 0.004 0.173 0.024 0.005 0.006 0.008 
 88  ZFBP217    (0)   :  0.003 0.627 0.165 0.006 0.005 0.005 0.107 0.022 0.006 0.047 0.006 
 89  ZFBP218    (0)   :  0.003 0.946 0.009 0.003 0.003 0.002 0.019 0.006 0.003 0.003 0.003 
 90  ZFBP219    (0)   :  0.003 0.953 0.004 0.003 0.004 0.002 0.014 0.006 0.003 0.003 0.004 
 91  ZFBP220    (0)   :  0.003 0.626 0.035 0.003 0.003 0.003 0.283 0.007 0.017 0.016 0.004 
 92  ZFBP221    (0)   :  0.003 0.472 0.008 0.004 0.003 0.004 0.488 0.005 0.003 0.007 0.003 
 93  ZFBP222    (0)   :  0.004 0.948 0.007 0.005 0.005 0.003 0.006 0.007 0.007 0.003 0.004 
 94  ZFBP223    (0)   :  0.004 0.605 0.008 0.006 0.006 0.008 0.158 0.005 0.009 0.184 0.007 
 95  ZFBP224    (0)   :  0.004 0.942 0.005 0.008 0.004 0.003 0.012 0.006 0.005 0.005 0.005 
 96  ZFBP225    (0)   :  0.005 0.230 0.235 0.003 0.011 0.003 0.458 0.016 0.012 0.020 0.008 
 97  ZFBP226    (0)   :  0.004 0.937 0.005 0.003 0.005 0.003 0.026 0.006 0.004 0.005 0.004 
 98  ZFBP227    (0)   :  0.012 0.371 0.007 0.020 0.004 0.010 0.408 0.126 0.007 0.008 0.028 
 99  ZFBP228    (0)   :  0.003 0.341 0.009 0.005 0.003 0.005 0.548 0.004 0.016 0.062 0.004 
100  ZFBP229    (0)   :  0.002 0.892 0.018 0.003 0.003 0.002 0.058 0.007 0.006 0.004 0.004 
101  ZFBP230    (0)   :  0.003 0.467 0.036 0.003 0.003 0.003 0.442 0.009 0.019 0.010 0.004 
102  ZFBP231    (0)   :  0.004 0.946 0.005 0.005 0.004 0.004 0.011 0.005 0.005 0.006 0.005 
103  ZFBP232    (0)   :  0.003 0.959 0.007 0.003 0.003 0.003 0.009 0.003 0.004 0.004 0.003 
104  ZFBP233    (0)   :  0.004 0.917 0.015 0.006 0.004 0.005 0.022 0.011 0.006 0.006 0.005 
105   ZFCC01    (0)   :  0.006 0.004 0.004 0.018 0.003 0.004 0.003 0.004 0.944 0.005 0.004 
106   ZFCC03    (0)   :  0.003 0.004 0.005 0.009 0.003 0.003 0.003 0.003 0.954 0.009 0.003 
107   ZFCC04    (0)   :  0.004 0.004 0.005 0.007 0.003 0.003 0.004 0.004 0.957 0.005 0.004 
108   ZFCC05    (0)   :  0.004 0.006 0.006 0.011 0.004 0.004 0.005 0.006 0.938 0.012 0.004 
109   ZFCC08    (0)   :  0.003 0.011 0.013 0.011 0.002 0.002 0.007 0.006 0.937 0.005 0.003 
110   ZFCC09    (0)   :  0.004 0.004 0.004 0.011 0.003 0.003 0.003 0.003 0.954 0.009 0.003 
111   ZFCC10    (0)   :  0.004 0.005 0.004 0.050 0.003 0.004 0.003 0.003 0.916 0.004 0.004 
112   ZFCC11    (0)   :  0.003 0.005 0.004 0.011 0.003 0.004 0.004 0.004 0.949 0.010 0.004 
113   ZFCC12    (0)   :  0.114 0.005 0.005 0.021 0.004 0.008 0.007 0.007 0.810 0.007 0.012 
114   ZFCC13    (0)   :  0.005 0.008 0.006 0.004 0.009 0.004 0.012 0.011 0.926 0.009 0.006 
115   ZFCC14    (0)   :  0.004 0.010 0.007 0.010 0.005 0.007 0.005 0.003 0.940 0.004 0.005 
116   ZFCC15    (0)   :  0.006 0.004 0.005 0.006 0.005 0.004 0.005 0.010 0.948 0.004 0.005 
117   ZFCC16    (0)   :  0.006 0.004 0.005 0.006 0.003 0.004 0.003 0.005 0.957 0.004 0.004 
118   ZFCC17    (0)   :  0.008 0.003 0.003 0.005 0.006 0.005 0.003 0.004 0.955 0.005 0.004 
119   ZFCC18    (0)   :  0.004 0.004 0.005 0.010 0.003 0.003 0.004 0.004 0.951 0.007 0.003 
120   ZFCC19    (0)   :  0.006 0.003 0.003 0.003 0.007 0.005 0.003 0.008 0.953 0.003 0.006 
121   ZFCC20    (0)   :  0.004 0.004 0.005 0.004 0.002 0.003 0.005 0.006 0.955 0.007 0.004 
122   ZFCC21    (0)   :  0.004 0.033 0.030 0.006 0.007 0.005 0.012 0.038 0.854 0.003 0.008 
123   ZFCC22    (0)   :  0.004 0.168 0.042 0.016 0.006 0.003 0.066 0.007 0.676 0.007 0.004 
124   ZFCC26    (0)   :  0.004 0.003 0.004 0.005 0.003 0.004 0.003 0.004 0.961 0.004 0.004 
125   ZFCC27    (0)   :  0.003 0.003 0.004 0.005 0.003 0.003 0.003 0.003 0.963 0.007 0.003 
126   ZFCC29    (0)   :  0.006 0.004 0.005 0.006 0.003 0.007 0.005 0.009 0.945 0.005 0.005 
127   ZFCC30    (0)   :  0.003 0.003 0.005 0.004 0.003 0.002 0.004 0.004 0.961 0.009 0.003 
128   ZFCC32    (0)   :  0.007 0.004 0.005 0.007 0.006 0.003 0.005 0.010 0.942 0.005 0.005 
129   ZFCC33    (0)   :  0.004 0.004 0.003 0.005 0.004 0.006 0.004 0.005 0.952 0.007 0.006 
130   ZFCC34    (0)   :  0.021 0.044 0.016 0.016 0.008 0.021 0.029 0.006 0.784 0.050 0.005 
131   ZFCC35    (0)   :  0.002 0.003 0.004 0.004 0.003 0.002 0.004 0.003 0.966 0.004 0.003 
132   ZFCC36    (0)   :  0.007 0.006 0.010 0.004 0.015 0.003 0.007 0.016 0.921 0.004 0.006 
133   ZFCC37    (0)   :  0.084 0.008 0.007 0.040 0.004 0.007 0.011 0.009 0.804 0.007 0.018 
134   ZFCC40    (0)   :  0.004 0.006 0.004 0.010 0.008 0.004 0.004 0.003 0.950 0.003 0.004 
135   ZFCC42    (0)   :  0.260 0.006 0.010 0.009 0.129 0.035 0.013 0.007 0.407 0.083 0.042 
136   ZFCC44    (0)   :  0.002 0.003 0.003 0.003 0.005 0.003 0.003 0.002 0.962 0.010 0.004 
137   ZFCC45    (9)   :  0.010 0.005 0.004 0.016 0.014 0.006 0.004 0.008 0.916 0.007 0.010 
138   ZFCC46    (0)   :  0.003 0.007 0.022 0.003 0.004 0.003 0.012 0.006 0.928 0.009 0.003 
139   ZFCC47    (0)   :  0.055 0.004 0.007 0.027 0.003 0.006 0.005 0.005 0.878 0.005 0.004 
140   ZFCC48    (0)   :  0.003 0.022 0.029 0.006 0.004 0.005 0.009 0.009 0.905 0.004 0.004 
141   ZFCC50    (0)   :  0.005 0.003 0.003 0.004 0.003 0.004 0.003 0.004 0.963 0.003 0.004 
142   ZFCC51    (0)   :  0.003 0.003 0.003 0.005 0.003 0.004 0.003 0.003 0.957 0.012 0.003 
143   ZFCC52    (0)   :  0.006 0.009 0.011 0.004 0.006 0.004 0.007 0.006 0.939 0.005 0.004 
144   ZFCC53    (0)   :  0.003 0.003 0.003 0.005 0.003 0.003 0.003 0.003 0.964 0.006 0.003 
145  ZFCNS01    (0)   :  0.010 0.005 0.003 0.003 0.029 0.002 0.031 0.048 0.006 0.837 0.026 
146  ZFCNS02    (0)   :  0.003 0.003 0.004 0.003 0.002 0.002 0.004 0.003 0.005 0.969 0.003 
147  ZFCNS05    (0)   :  0.003 0.007 0.006 0.005 0.002 0.005 0.009 0.005 0.007 0.947 0.003 
148  ZFCNS06    (0)   :  0.002 0.004 0.004 0.003 0.002 0.003 0.005 0.003 0.004 0.967 0.003 
149  ZFCNS07    (0)   :  0.003 0.006 0.009 0.003 0.002 0.003 0.006 0.003 0.004 0.959 0.003 
150  ZFCNS10    (0)   :  0.002 0.008 0.005 0.003 0.005 0.003 0.018 0.003 0.004 0.948 0.003 
151  ZFCNS11    (0)   :  0.007 0.005 0.005 0.003 0.013 0.002 0.014 0.019 0.007 0.912 0.012 
152  ZFCNS15    (0)   :  0.003 0.015 0.007 0.003 0.002 0.003 0.037 0.004 0.003 0.918 0.003 
153  ZFCNS17    (0)   :  0.002 0.004 0.004 0.002 0.002 0.002 0.005 0.003 0.005 0.968 0.003 
154  ZFCNS18    (0)   :  0.002 0.008 0.004 0.003 0.004 0.003 0.017 0.003 0.005 0.948 0.003 
155  ZFCNS19    (0)   :  0.002 0.003 0.004 0.003 0.002 0.002 0.004 0.003 0.005 0.970 0.003 
156  ZFCNS20    (0)   :  0.003 0.012 0.013 0.003 0.003 0.003 0.013 0.004 0.005 0.938 0.003 
157  ZFCNS21    (0)   :  0.002 0.003 0.002 0.003 0.002 0.002 0.005 0.003 0.004 0.971 0.003 
158  ZFCNS22    (0)   :  0.003 0.011 0.005 0.005 0.003 0.005 0.012 0.005 0.006 0.942 0.004 
159  ZFCNS23    (0)   :  0.009 0.006 0.015 0.006 0.013 0.004 0.006 0.012 0.020 0.901 0.009 
160  ZFCNS24    (0)   :  0.003 0.005 0.006 0.003 0.002 0.002 0.008 0.004 0.009 0.954 0.003 
161  ZFCNS25    (0)   :  0.003 0.010 0.009 0.003 0.002 0.002 0.014 0.004 0.006 0.942 0.003 
162  ZFCNS26    (0)   :  0.002 0.004 0.003 0.003 0.002 0.003 0.006 0.003 0.003 0.968 0.003 
163  ZFCNS27    (0)   :  0.003 0.018 0.008 0.003 0.003 0.003 0.058 0.004 0.004 0.892 0.004 
164  ZFCNS28    (0)   :  0.003 0.004 0.004 0.004 0.002 0.003 0.005 0.003 0.003 0.967 0.003 
165  ZFCNS29    (0)   :  0.003 0.007 0.004 0.004 0.002 0.003 0.007 0.004 0.008 0.953 0.003 
166  ZFCNS30    (0)   :  0.003 0.004 0.003 0.004 0.002 0.004 0.007 0.004 0.006 0.960 0.003 
167  ZFCNS31    (0)   :  0.002 0.004 0.004 0.003 0.002 0.003 0.005 0.003 0.003 0.968 0.003 
168  ZFCNS32    (0)   :  0.003 0.006 0.007 0.003 0.002 0.003 0.009 0.004 0.005 0.955 0.003 
169  ZFCNS33    (0)   :  0.002 0.003 0.004 0.003 0.002 0.003 0.004 0.003 0.003 0.970 0.003 
170  ZFCNS34    (0)   :  0.003 0.005 0.004 0.004 0.002 0.003 0.005 0.005 0.009 0.957 0.003 
171  ZFCNS35    (0)   :  0.003 0.014 0.004 0.017 0.002 0.024 0.031 0.004 0.007 0.892 0.003 
172  ZFCNS36    (0)   :  0.003 0.006 0.008 0.003 0.002 0.002 0.007 0.004 0.012 0.951 0.003 
173  ZFCNS37    (0)   :  0.002 0.005 0.008 0.004 0.002 0.003 0.099 0.004 0.005 0.860 0.007 
174  ZFCNS39    (0)   :  0.002 0.008 0.024 0.002 0.005 0.002 0.022 0.013 0.017 0.898 0.005 
175  ZFCNS40    (0)   :  0.003 0.008 0.129 0.003 0.003 0.002 0.107 0.009 0.029 0.701 0.005 
176  ZFCNS41    (0)   :  0.004 0.015 0.005 0.006 0.004 0.006 0.662 0.011 0.015 0.264 0.007 
177  ZFCNS42    (0)   :  0.002 0.004 0.003 0.003 0.002 0.003 0.006 0.003 0.003 0.969 0.003 
178  ZFCNS43    (0)   :  0.002 0.003 0.003 0.003 0.002 0.002 0.004 0.003 0.004 0.971 0.003 
179  ZFCNS44    (0)   :  0.002 0.007 0.003 0.003 0.004 0.003 0.016 0.002 0.005 0.951 0.003 
180  ZFCNS46    (0)   :  0.003 0.006 0.004 0.004 0.002 0.003 0.011 0.004 0.005 0.954 0.004 
181  ZFCNS47    (0)   :  0.002 0.003 0.003 0.003 0.002 0.002 0.004 0.003 0.004 0.971 0.003 
182  ZFCNS48    (0)   :  0.003 0.013 0.005 0.004 0.004 0.004 0.025 0.005 0.007 0.927 0.003 
183  ZFCNS49    (0)   :  0.002 0.012 0.004 0.003 0.004 0.004 0.060 0.003 0.003 0.902 0.003 
184   ZFCR01    (0)   :  0.025 0.027 0.018 0.138 0.005 0.020 0.006 0.005 0.015 0.003 0.738 
185   ZFCR02    (0)   :  0.010 0.050 0.047 0.007 0.014 0.324 0.011 0.024 0.055 0.007 0.452 
186   ZFCR03    (0)   :  0.092 0.135 0.042 0.046 0.038 0.255 0.010 0.156 0.073 0.003 0.150 
187   ZFCR04    (0)   :  0.019 0.024 0.036 0.102 0.030 0.365 0.046 0.044 0.020 0.014 0.301 
188   ZFCR05    (0)   :  0.012 0.007 0.007 0.157 0.020 0.072 0.006 0.201 0.039 0.003 0.476 
189   ZFCR06    (0)   :  0.013 0.084 0.036 0.034 0.003 0.083 0.096 0.028 0.024 0.066 0.532 
190   ZFCR07    (0)   :  0.019 0.008 0.004 0.010 0.007 0.039 0.034 0.251 0.016 0.061 0.551 
191   ZFCR08    (0)   :  0.024 0.024 0.029 0.090 0.035 0.022 0.014 0.007 0.096 0.004 0.654 
192   ZFCR09    (0)   :  0.295 0.130 0.020 0.027 0.064 0.156 0.142 0.028 0.050 0.015 0.074 
193   ZFCR11    (0)   :  0.022 0.033 0.003 0.075 0.007 0.196 0.117 0.143 0.011 0.010 0.382 
194   ZFCR12    (0)   :  0.004 0.017 0.031 0.006 0.005 0.029 0.101 0.215 0.015 0.106 0.472 
195   ZFCR13    (0)   :  0.004 0.100 0.006 0.006 0.003 0.018 0.014 0.220 0.007 0.008 0.614 
196   ZFCR14    (0)   :  0.006 0.010 0.029 0.027 0.009 0.078 0.010 0.338 0.018 0.006 0.468 
197   ZFCR15    (0)   :  0.006 0.027 0.104 0.022 0.013 0.167 0.018 0.074 0.017 0.004 0.548 
198   ZFCR16    (0)   :  0.006 0.022 0.036 0.013 0.003 0.206 0.010 0.043 0.010 0.003 0.648 
199   ZFCR18    (0)   :  0.005 0.036 0.022 0.008 0.005 0.779 0.020 0.008 0.057 0.017 0.042 
200   ZFCR19    (0)   :  0.161 0.019 0.330 0.018 0.005 0.309 0.012 0.065 0.015 0.005 0.062 
201   ZFCR20    (0)   :  0.091 0.142 0.016 0.199 0.005 0.088 0.015 0.283 0.016 0.005 0.139 
202   ZFCR21    (0)   :  0.004 0.015 0.017 0.021 0.004 0.022 0.015 0.314 0.028 0.003 0.558 
203   ZFCR22    (0)   :  0.012 0.010 0.018 0.003 0.003 0.037 0.008 0.543 0.005 0.003 0.359 
204   ZFCR23    (0)   :  0.012 0.143 0.006 0.008 0.036 0.045 0.076 0.179 0.004 0.004 0.486 
205   ZFCR24    (9)   :  0.055 0.536 0.006 0.032 0.005 0.087 0.012 0.132 0.009 0.003 0.122 
206   ZFCR25    (0)   :  0.031 0.004 0.004 0.014 0.003 0.026 0.006 0.247 0.007 0.003 0.655 
207   ZFCR26    (0)   :  0.124 0.024 0.027 0.010 0.006 0.005 0.017 0.707 0.030 0.008 0.041 
208   ZFCR27    (9)   :  0.072 0.004 0.003 0.034 0.004 0.016 0.003 0.037 0.005 0.003 0.819 
209   ZFCR28    (0)   :  0.004 0.172 0.112 0.009 0.007 0.005 0.024 0.007 0.012 0.022 0.626 
210   ZFCR29    (0)   :  0.013 0.010 0.007 0.042 0.005 0.173 0.009 0.589 0.008 0.002 0.143 
211   ZFCR30    (0)   :  0.014 0.006 0.008 0.009 0.007 0.023 0.009 0.457 0.006 0.005 0.456 
212   ZFCR31    (0)   :  0.094 0.131 0.032 0.025 0.015 0.370 0.138 0.059 0.019 0.042 0.075 
213   ZFCR33    (0)   :  0.017 0.010 0.011 0.067 0.023 0.006 0.013 0.019 0.024 0.007 0.804 
214   ZFCR34    (0)   :  0.011 0.025 0.012 0.006 0.018 0.226 0.049 0.402 0.017 0.011 0.221 
215   ZFCR35    (0)   :  0.009 0.008 0.011 0.008 0.007 0.839 0.012 0.020 0.028 0.012 0.046 
216   ZFCR36    (0)   :  0.016 0.008 0.005 0.012 0.023 0.336 0.009 0.274 0.009 0.016 0.292 
217   ZFCR37    (0)   :  0.048 0.004 0.004 0.060 0.021 0.041 0.004 0.620 0.050 0.004 0.144 
218   ZFCR38    (0)   :  0.050 0.007 0.011 0.043 0.007 0.007 0.009 0.026 0.032 0.007 0.801 
219   ZFCR39    (0)   :  0.024 0.051 0.025 0.012 0.168 0.021 0.019 0.009 0.095 0.003 0.574 
220   ZFCR40    (0)   :  0.013 0.013 0.005 0.013 0.031 0.021 0.016 0.049 0.026 0.004 0.810 
221   ZFCR41    (0)   :  0.004 0.010 0.019 0.015 0.003 0.030 0.070 0.231 0.054 0.013 0.550 
222   ZFCR42    (0)   :  0.018 0.033 0.029 0.013 0.023 0.013 0.034 0.206 0.063 0.013 0.556 
223   ZFCR43    (0)   :  0.006 0.116 0.007 0.012 0.004 0.140 0.010 0.135 0.006 0.005 0.558 
224  ZFENP25    (0)   :  0.005 0.009 0.010 0.046 0.005 0.005 0.005 0.006 0.015 0.003 0.893 
225  ZFENP26    (0)   :  0.007 0.002 0.003 0.005 0.008 0.006 0.004 0.004 0.004 0.003 0.954 
226  ZFENP27    (0)   :  0.034 0.019 0.011 0.036 0.016 0.020 0.024 0.007 0.326 0.037 0.470 
227  ZFENP28    (0)   :  0.016 0.004 0.004 0.020 0.008 0.009 0.005 0.011 0.010 0.009 0.904 
228  ZFENP29    (0)   :  0.005 0.004 0.004 0.005 0.005 0.004 0.004 0.008 0.008 0.005 0.949 
229  ZFENP30    (0)   :  0.010 0.006 0.006 0.008 0.011 0.007 0.005 0.012 0.047 0.010 0.876 
230  ZFENP31    (0)   :  0.086 0.010 0.006 0.041 0.233 0.038 0.007 0.018 0.064 0.009 0.488 
231  ZFENP32    (0)   :  0.045 0.024 0.009 0.040 0.137 0.299 0.022 0.019 0.027 0.029 0.347 
232  ZFENP33    (0)   :  0.020 0.006 0.003 0.049 0.012 0.014 0.007 0.051 0.007 0.005 0.825 
233  ZFENP34    (0)   :  0.024 0.009 0.005 0.578 0.008 0.036 0.009 0.009 0.038 0.015 0.269 
234  ZFENP35    (0)   :  0.005 0.008 0.005 0.009 0.083 0.015 0.018 0.010 0.006 0.015 0.828 
235  ZFENP36    (0)   :  0.011 0.003 0.002 0.006 0.012 0.009 0.004 0.009 0.003 0.011 0.931 
236  ZFENP37    (0)   :  0.011 0.006 0.004 0.445 0.115 0.012 0.010 0.030 0.009 0.010 0.347 
237  ZFENP38    (0)   :  0.024 0.005 0.004 0.029 0.029 0.011 0.007 0.480 0.022 0.019 0.369 
238  ZFENP39    (0)   :  0.010 0.004 0.003 0.022 0.010 0.013 0.004 0.010 0.009 0.004 0.913 
239  ZFENP40    (0)   :  0.014 0.008 0.004 0.020 0.029 0.017 0.006 0.007 0.008 0.006 0.882 
240  ZFENP41    (0)   :  0.006 0.006 0.005 0.015 0.026 0.016 0.007 0.006 0.052 0.009 0.851 
241  ZFENP42    (0)   :  0.006 0.003 0.004 0.004 0.209 0.004 0.004 0.053 0.007 0.003 0.703 
242  ZFENP43    (0)   :  0.037 0.006 0.005 0.033 0.017 0.008 0.031 0.099 0.040 0.064 0.661 
243  ZFENP44    (0)   :  0.013 0.009 0.003 0.026 0.138 0.006 0.023 0.052 0.023 0.018 0.689 
244  ZFENP45    (0)   :  0.015 0.028 0.328 0.013 0.156 0.008 0.022 0.054 0.023 0.010 0.344 
245  ZFENP46    (0)   :  0.015 0.013 0.004 0.037 0.027 0.009 0.018 0.080 0.004 0.007 0.786 
246  ZFENP47    (0)   :  0.026 0.014 0.109 0.015 0.179 0.101 0.006 0.007 0.103 0.003 0.435 
247  ZFENP48    (0)   :  0.046 0.024 0.023 0.554 0.020 0.015 0.012 0.025 0.092 0.015 0.174 
248  ZFENP49    (0)   :  0.032 0.017 0.017 0.006 0.004 0.040 0.011 0.021 0.029 0.006 0.817 
249  ZFENP50    (0)   :  0.018 0.027 0.006 0.006 0.032 0.007 0.015 0.060 0.004 0.004 0.820 
250  ZFENP51    (0)   :  0.515 0.004 0.060 0.012 0.027 0.021 0.005 0.017 0.011 0.009 0.320 
251  ZFENP52    (0)   :  0.006 0.004 0.004 0.004 0.010 0.003 0.014 0.013 0.011 0.012 0.920 
252  ZFENP53    (0)   :  0.010 0.029 0.022 0.009 0.018 0.006 0.019 0.026 0.008 0.010 0.843 
253  ZFENP54    (0)   :  0.008 0.038 0.008 0.009 0.007 0.023 0.017 0.026 0.023 0.004 0.837 
254  ZFENP55    (0)   :  0.033 0.005 0.004 0.027 0.012 0.044 0.004 0.654 0.004 0.004 0.209 
255  ZFENP56    (0)   :  0.021 0.003 0.005 0.009 0.007 0.014 0.009 0.091 0.007 0.011 0.821 
256  ZFENP57    (0)   :  0.017 0.004 0.002 0.018 0.058 0.011 0.007 0.018 0.005 0.011 0.847 
257  ZFENP58    (0)   :  0.023 0.009 0.112 0.006 0.006 0.021 0.016 0.034 0.061 0.014 0.698 
258  ZFENP59    (0)   :  0.008 0.004 0.004 0.010 0.037 0.019 0.005 0.010 0.059 0.005 0.838 
259  ZFENP60    (0)   :  0.012 0.009 0.011 0.036 0.014 0.028 0.007 0.013 0.010 0.007 0.853 
260  ZFENP61    (0)   :  0.008 0.003 0.003 0.020 0.007 0.021 0.004 0.010 0.012 0.004 0.908 
261 ZFFDSP01    (0)   :  0.003 0.812 0.022 0.006 0.003 0.006 0.118 0.007 0.005 0.017 0.003 
262 ZFFDSP02    (0)   :  0.002 0.952 0.005 0.004 0.002 0.003 0.016 0.005 0.004 0.003 0.003 
263 ZFFDSP04    (0)   :  0.002 0.938 0.011 0.005 0.002 0.005 0.021 0.006 0.004 0.003 0.002 
264 ZFFDSP05    (0)   :  0.003 0.563 0.010 0.004 0.003 0.004 0.392 0.007 0.004 0.006 0.003 
265 ZFFDSP06    (0)   :  0.002 0.945 0.012 0.004 0.002 0.003 0.016 0.005 0.006 0.003 0.003 
266 ZFFDSP07    (0)   :  0.004 0.925 0.024 0.004 0.005 0.003 0.007 0.008 0.013 0.004 0.004 
267 ZFFDSP08    (0)   :  0.004 0.831 0.071 0.003 0.004 0.002 0.043 0.010 0.015 0.011 0.005 
268 ZFFDSP10    (0)   :  0.003 0.903 0.014 0.004 0.003 0.004 0.047 0.007 0.005 0.006 0.004 
269 ZFFDSP11    (0)   :  0.004 0.903 0.008 0.004 0.003 0.005 0.055 0.008 0.004 0.004 0.003 
270 ZFFDSP12    (0)   :  0.003 0.956 0.008 0.003 0.002 0.002 0.012 0.004 0.003 0.004 0.003 
271 ZFFDSP13    (0)   :  0.003 0.046 0.004 0.004 0.004 0.003 0.901 0.009 0.008 0.013 0.005 
272 ZFFDSP14    (0)   :  0.003 0.947 0.015 0.005 0.003 0.002 0.006 0.006 0.006 0.003 0.003 
273 ZFFDSP16    (0)   :  0.003 0.919 0.004 0.007 0.004 0.006 0.021 0.008 0.006 0.014 0.007 
274 ZFFDSP17    (0)   :  0.002 0.941 0.008 0.005 0.002 0.004 0.017 0.007 0.006 0.004 0.004 
275 ZFFDSP18    (0)   :  0.003 0.945 0.012 0.007 0.002 0.005 0.009 0.004 0.005 0.005 0.003 
276 ZFFDSP19    (0)   :  0.003 0.743 0.022 0.008 0.002 0.004 0.044 0.004 0.022 0.144 0.003 
277 ZFFDSP21    (0)   :  0.002 0.497 0.011 0.009 0.003 0.003 0.387 0.004 0.017 0.063 0.004 
278 ZFFDSP22    (0)   :  0.002 0.896 0.064 0.003 0.002 0.002 0.013 0.006 0.005 0.004 0.003 
279 ZFFDSP23    (0)   :  0.002 0.629 0.155 0.005 0.002 0.002 0.181 0.005 0.005 0.010 0.003 
280 ZFFDSP24    (0)   :  0.003 0.564 0.007 0.005 0.002 0.006 0.386 0.005 0.005 0.013 0.003 
281 ZFFDSP26    (9)   :  0.003 0.734 0.013 0.004 0.003 0.004 0.221 0.005 0.005 0.006 0.003 
282 ZFFDSP27    (0)   :  0.003 0.926 0.008 0.006 0.002 0.004 0.033 0.004 0.004 0.008 0.003 
283 ZFFDSP28    (0)   :  0.021 0.814 0.008 0.027 0.006 0.036 0.052 0.013 0.008 0.005 0.009 
284 ZFFDSP30    (0)   :  0.006 0.312 0.010 0.008 0.009 0.049 0.549 0.010 0.008 0.034 0.005 
285 ZFFDSP31    (0)   :  0.002 0.939 0.006 0.008 0.002 0.003 0.018 0.005 0.005 0.007 0.004 
286 ZFFDSP32    (0)   :  0.003 0.950 0.006 0.004 0.003 0.002 0.016 0.005 0.003 0.005 0.003 
287 ZFFDSP33    (0)   :  0.003 0.943 0.005 0.004 0.003 0.003 0.026 0.003 0.003 0.006 0.003 
288 ZFFDSP34    (0)   :  0.002 0.936 0.011 0.004 0.002 0.003 0.019 0.006 0.008 0.005 0.003 
289 ZFFDSP35    (0)   :  0.003 0.613 0.008 0.004 0.002 0.005 0.346 0.005 0.004 0.006 0.003 
290 ZFFDSP37    (0)   :  0.003 0.935 0.004 0.005 0.002 0.004 0.030 0.004 0.004 0.006 0.003 
291 ZFFDSP38    (0)   :  0.003 0.949 0.005 0.005 0.003 0.005 0.013 0.004 0.004 0.006 0.003 
292 ZFFDSP39    (0)   :  0.002 0.222 0.008 0.003 0.002 0.003 0.743 0.003 0.003 0.007 0.003 
293 ZFFDSP40    (0)   :  0.002 0.464 0.005 0.004 0.003 0.005 0.499 0.004 0.004 0.007 0.003 
294 ZFFDSP42    (0)   :  0.002 0.772 0.084 0.004 0.002 0.004 0.106 0.006 0.006 0.010 0.003 
295 ZFFDSP43    (0)   :  0.002 0.921 0.009 0.004 0.002 0.004 0.036 0.003 0.004 0.011 0.003 
296 ZFFDSP44    (0)   :  0.003 0.761 0.005 0.005 0.003 0.005 0.197 0.005 0.004 0.010 0.003 
297 ZFFDSP45    (0)   :  0.002 0.920 0.005 0.004 0.002 0.005 0.041 0.005 0.005 0.008 0.003 
298 ZFFDSP46    (0)   :  0.002 0.893 0.012 0.005 0.002 0.004 0.059 0.005 0.005 0.010 0.003 
299 ZFFDSP47    (0)   :  0.003 0.251 0.012 0.003 0.003 0.004 0.699 0.005 0.003 0.014 0.003 
300 ZFFDSP48    (0)   :  0.003 0.277 0.005 0.004 0.003 0.004 0.682 0.004 0.004 0.011 0.003 
301    ZFI01    (0)   :  0.113 0.005 0.005 0.031 0.007 0.798 0.005 0.008 0.010 0.009 0.009 
302    ZFI02    (0)   :  0.043 0.005 0.004 0.021 0.004 0.894 0.005 0.006 0.004 0.008 0.006 
303    ZFI03    (0)   :  0.009 0.004 0.003 0.050 0.003 0.895 0.005 0.008 0.007 0.009 0.006 
304    ZFI04    (0)   :  0.109 0.004 0.003 0.738 0.005 0.114 0.004 0.006 0.004 0.007 0.006 
305    ZFI05    (0)   :  0.006 0.004 0.003 0.008 0.004 0.938 0.005 0.004 0.005 0.016 0.007 
306    ZFI06    (0)   :  0.036 0.015 0.003 0.031 0.003 0.754 0.035 0.009 0.004 0.088 0.021 
307    ZFI07    (0)   :  0.008 0.004 0.003 0.618 0.004 0.339 0.004 0.006 0.005 0.005 0.005 
308    ZFI08    (0)   :  0.057 0.004 0.003 0.128 0.004 0.765 0.004 0.012 0.005 0.004 0.014 
309    ZFI09    (0)   :  0.029 0.004 0.003 0.020 0.003 0.913 0.004 0.005 0.004 0.007 0.008 
310    ZFI10    (0)   :  0.028 0.006 0.004 0.042 0.006 0.818 0.008 0.008 0.005 0.069 0.007 
311    ZFI11    (0)   :  0.143 0.004 0.003 0.090 0.004 0.720 0.005 0.007 0.005 0.013 0.006 
312    ZFI12    (0)   :  0.009 0.004 0.003 0.107 0.003 0.828 0.005 0.012 0.007 0.015 0.006 
313    ZFI13    (0)   :  0.008 0.005 0.003 0.019 0.008 0.924 0.005 0.006 0.008 0.007 0.008 
314    ZFI14    (0)   :  0.005 0.007 0.003 0.009 0.004 0.946 0.006 0.004 0.005 0.006 0.005 
315    ZFI15    (0)   :  0.005 0.003 0.002 0.008 0.003 0.956 0.003 0.004 0.005 0.005 0.005 
316    ZFI16    (0)   :  0.004 0.004 0.003 0.017 0.003 0.948 0.004 0.005 0.004 0.006 0.005 
317    ZFI17    (0)   :  0.011 0.004 0.003 0.072 0.006 0.866 0.005 0.007 0.005 0.013 0.008 
318    ZFI18    (0)   :  0.008 0.003 0.002 0.016 0.007 0.941 0.004 0.004 0.003 0.006 0.006 
319    ZFI19    (9)   :  0.006 0.003 0.002 0.011 0.003 0.953 0.004 0.006 0.003 0.005 0.004 
320    ZFI20    (0)   :  0.004 0.005 0.003 0.010 0.004 0.953 0.005 0.005 0.004 0.004 0.004 
321    ZFI21    (0)   :  0.003 0.007 0.003 0.006 0.003 0.950 0.009 0.004 0.003 0.007 0.004 
322    ZFI22    (0)   :  0.028 0.005 0.004 0.024 0.003 0.911 0.004 0.005 0.006 0.005 0.005 
323    ZFI23    (0)   :  0.007 0.003 0.002 0.032 0.003 0.924 0.004 0.006 0.005 0.008 0.005 
324    ZFI24    (0)   :  0.008 0.005 0.004 0.051 0.003 0.887 0.006 0.011 0.008 0.012 0.006 
325    ZFI25    (0)   :  0.012 0.005 0.004 0.056 0.003 0.887 0.004 0.007 0.007 0.007 0.008 
326    ZFI26    (0)   :  0.009 0.004 0.003 0.078 0.003 0.870 0.004 0.007 0.008 0.005 0.007 
327    ZFI27    (0)   :  0.008 0.005 0.003 0.045 0.003 0.865 0.007 0.012 0.006 0.038 0.007 
328    ZFK01    (0)   :  0.012 0.009 0.006 0.004 0.007 0.005 0.011 0.011 0.912 0.012 0.010 
329    ZFK02    (0)   :  0.017 0.010 0.007 0.005 0.004 0.007 0.010 0.014 0.895 0.017 0.013 
330    ZFK03    (0)   :  0.031 0.008 0.006 0.006 0.008 0.007 0.007 0.010 0.896 0.010 0.012 
331    ZFK04    (0)   :  0.343 0.007 0.007 0.007 0.008 0.012 0.009 0.010 0.564 0.020 0.014 
332    ZFK05    (0)   :  0.217 0.005 0.004 0.008 0.020 0.009 0.006 0.006 0.699 0.014 0.013 
333    ZFK06    (0)   :  0.045 0.007 0.004 0.010 0.005 0.019 0.006 0.011 0.837 0.008 0.049 
334    ZFK07    (0)   :  0.019 0.008 0.009 0.003 0.013 0.004 0.010 0.014 0.903 0.008 0.010 
335    ZFK08    (0)   :  0.360 0.013 0.009 0.008 0.011 0.013 0.014 0.064 0.471 0.005 0.031 
336    ZFK10    (0)   :  0.114 0.008 0.007 0.009 0.005 0.014 0.007 0.011 0.795 0.013 0.014 
337    ZFK11    (0)   :  0.037 0.007 0.004 0.007 0.027 0.008 0.007 0.011 0.854 0.008 0.029 
338    ZFK12    (0)   :  0.009 0.012 0.014 0.004 0.006 0.004 0.014 0.040 0.879 0.005 0.013 
339    ZFK13    (0)   :  0.011 0.040 0.011 0.003 0.032 0.004 0.034 0.019 0.828 0.007 0.010 
340    ZFK14    (0)   :  0.009 0.012 0.011 0.004 0.014 0.004 0.011 0.008 0.914 0.008 0.005 
341    ZFK15    (0)   :  0.057 0.046 0.008 0.006 0.052 0.007 0.027 0.014 0.762 0.007 0.014 
342    ZFK16    (0)   :  0.007 0.018 0.012 0.003 0.019 0.003 0.019 0.020 0.882 0.009 0.009 
343   ZFLB01    (0)   :  0.011 0.020 0.009 0.006 0.893 0.009 0.025 0.008 0.004 0.007 0.007 
344   ZFLB02    (0)   :  0.004 0.004 0.003 0.023 0.921 0.007 0.004 0.005 0.003 0.004 0.021 
345   ZFLB03    (0)   :  0.003 0.004 0.004 0.006 0.917 0.005 0.006 0.006 0.004 0.029 0.018 
346   ZFLB04    (0)   :  0.011 0.018 0.009 0.010 0.658 0.027 0.025 0.007 0.009 0.219 0.007 
347   ZFLB05    (0)   :  0.018 0.011 0.006 0.008 0.888 0.014 0.018 0.009 0.004 0.017 0.009 
348   ZFLB06    (0)   :  0.018 0.014 0.009 0.005 0.896 0.005 0.012 0.009 0.015 0.007 0.012 
349   ZFLB07    (0)   :  0.019 0.017 0.014 0.013 0.595 0.012 0.039 0.108 0.014 0.076 0.092 
350   ZFLB08    (0)   :  0.008 0.004 0.003 0.027 0.899 0.012 0.006 0.008 0.004 0.008 0.020 
351   ZFLB09    (9)   :  0.014 0.005 0.003 0.009 0.932 0.009 0.005 0.005 0.007 0.005 0.007 
352   ZFLB10    (0)   :  0.010 0.003 0.002 0.004 0.952 0.007 0.004 0.003 0.004 0.005 0.005 
353   ZFLB11    (0)   :  0.006 0.004 0.005 0.004 0.951 0.003 0.004 0.006 0.008 0.003 0.005 
354   ZFLB12    (0)   :  0.007 0.003 0.002 0.005 0.957 0.005 0.003 0.004 0.004 0.004 0.006 
355   ZFLB13    (0)   :  0.013 0.015 0.004 0.020 0.805 0.005 0.028 0.025 0.016 0.018 0.051 
356  ZFLTI01    (0)   :  0.003 0.017 0.010 0.005 0.002 0.003 0.912 0.008 0.028 0.008 0.004 
357  ZFLTI02    (0)   :  0.002 0.014 0.012 0.009 0.002 0.003 0.850 0.006 0.065 0.033 0.004 
358  ZFLTI03    (0)   :  0.002 0.009 0.010 0.005 0.002 0.002 0.940 0.005 0.008 0.014 0.003 
359  ZFLTI04    (0)   :  0.004 0.011 0.006 0.006 0.003 0.005 0.922 0.007 0.011 0.021 0.005 
360  ZFLTI05    (0)   :  0.002 0.008 0.004 0.006 0.002 0.003 0.942 0.004 0.007 0.018 0.003 
361  ZFLTI06    (0)   :  0.002 0.010 0.009 0.004 0.002 0.004 0.948 0.004 0.006 0.007 0.003 
362  ZFLTI07    (0)   :  0.002 0.010 0.004 0.004 0.002 0.005 0.951 0.005 0.006 0.007 0.004 
363  ZFLTI08    (0)   :  0.003 0.008 0.004 0.012 0.002 0.004 0.924 0.008 0.005 0.025 0.004 
364  ZFLTI09    (0)   :  0.003 0.015 0.005 0.009 0.002 0.005 0.939 0.005 0.005 0.008 0.003 
365  ZFLTI10    (0)   :  0.002 0.016 0.005 0.007 0.002 0.004 0.942 0.004 0.009 0.006 0.004 
366  ZFLTI11    (0)   :  0.003 0.015 0.019 0.006 0.002 0.003 0.928 0.004 0.008 0.009 0.003 
367  ZFLTI12    (0)   :  0.002 0.014 0.012 0.006 0.002 0.003 0.927 0.005 0.016 0.010 0.003 
368  ZFLTI13    (0)   :  0.003 0.007 0.013 0.005 0.002 0.004 0.877 0.008 0.022 0.054 0.004 
369  ZFLTI14    (0)   :  0.003 0.054 0.005 0.015 0.002 0.004 0.604 0.006 0.095 0.208 0.005 
370 ZFONF101    (0)   :  0.002 0.966 0.005 0.003 0.003 0.002 0.007 0.003 0.002 0.003 0.003 
371 ZFONF102    (0)   :  0.008 0.921 0.023 0.004 0.014 0.005 0.006 0.004 0.003 0.003 0.008 
372 ZFONF103    (0)   :  0.004 0.737 0.019 0.005 0.003 0.004 0.144 0.008 0.013 0.056 0.006 
373 ZFONF104    (0)   :  0.002 0.935 0.027 0.003 0.002 0.002 0.017 0.003 0.004 0.003 0.002 
374 ZFONF105    (0)   :  0.003 0.806 0.128 0.003 0.003 0.002 0.033 0.005 0.005 0.008 0.003 
375 ZFONF106    (0)   :  0.002 0.964 0.006 0.005 0.002 0.003 0.005 0.002 0.003 0.004 0.002 
376 ZFONF107    (0)   :  0.015 0.775 0.009 0.013 0.069 0.013 0.035 0.006 0.016 0.015 0.035 
377 ZFONF108    (0)   :  0.005 0.869 0.008 0.007 0.012 0.004 0.034 0.004 0.018 0.029 0.009 
378 ZFONF109    (9)   :  0.004 0.882 0.035 0.008 0.007 0.003 0.025 0.004 0.017 0.010 0.005 
379 ZFONF110    (0)   :  0.002 0.950 0.016 0.002 0.002 0.002 0.010 0.003 0.005 0.005 0.002 
380 ZFONF111    (0)   :  0.012 0.797 0.017 0.011 0.019 0.009 0.078 0.022 0.008 0.006 0.022 
381 ZFONF112    (0)   :  0.003 0.761 0.182 0.011 0.002 0.003 0.012 0.003 0.006 0.013 0.003 
382 ZFONF113    (9)   :  0.003 0.932 0.010 0.004 0.005 0.002 0.020 0.007 0.006 0.007 0.004 
383 ZFONF115    (0)   :  0.003 0.938 0.014 0.007 0.003 0.004 0.009 0.004 0.006 0.010 0.004 
384 ZFONF116    (0)   :  0.003 0.932 0.020 0.006 0.003 0.004 0.008 0.005 0.006 0.010 0.004 
385 ZFONF117    (0)   :  0.004 0.311 0.051 0.005 0.003 0.004 0.557 0.006 0.010 0.043 0.005 
386 ZFONF118    (0)   :  0.003 0.915 0.014 0.010 0.002 0.004 0.023 0.006 0.009 0.012 0.003 
387 ZFONF119    (0)   :  0.004 0.937 0.017 0.003 0.005 0.003 0.009 0.005 0.008 0.004 0.003 
388 ZFONF120    (0)   :  0.004 0.901 0.036 0.003 0.005 0.003 0.011 0.010 0.020 0.004 0.004 
389 ZFONF121    (0)   :  0.004 0.874 0.081 0.004 0.004 0.003 0.012 0.005 0.005 0.006 0.003 
390 ZFONF122    (0)   :  0.003 0.643 0.009 0.011 0.003 0.004 0.277 0.009 0.020 0.017 0.005 
391 ZFONF123    (0)   :  0.010 0.848 0.036 0.004 0.064 0.006 0.008 0.004 0.006 0.004 0.011 
392 ZFONF124    (0)   :  0.004 0.913 0.031 0.004 0.008 0.002 0.017 0.003 0.008 0.006 0.005 
393 ZFONF125    (0)   :  0.011 0.591 0.192 0.004 0.068 0.007 0.050 0.014 0.033 0.007 0.025 
394 ZFONF126    (0)   :  0.003 0.918 0.009 0.007 0.002 0.004 0.020 0.009 0.014 0.010 0.004 
395 ZFONF201    (0)   :  0.015 0.087 0.611 0.059 0.042 0.072 0.052 0.010 0.034 0.004 0.014 
396 ZFONF202    (0)   :  0.002 0.060 0.896 0.004 0.002 0.003 0.011 0.006 0.010 0.003 0.003 
397 ZFONF203    (0)   :  0.003 0.008 0.950 0.004 0.003 0.003 0.005 0.010 0.007 0.003 0.004 
