

----------------------------------------------------
STRUCTURE by Pritchard, Stephens and Donnelly (2000)
     and Falush, Stephens and Pritchard (2003)
       Code by Pritchard, Falush and Hubisz
             Version 2.3.4 (Jul 2012)
----------------------------------------------------



Command line arguments:   bin\structure -m C:\Users\eschumacher\Documents\GitHub\GCC_QUAC_ZAIN\Data_Files\Structure_Files\ZAIN\ZAIN_og_allpop_STR\50-50\mainparams -e C:\Users\eschumacher\Documents\GitHub\GCC_QUAC_ZAIN\Data_Files\Structure_Files\ZAIN\ZAIN_og_allpop_STR\50-50\extraparams 
Input File:    C:\Users\eschumacher\Documents\GitHub\GCC_QUAC_ZAIN\Data_Files\Structure_Files\ZAIN\ZAIN_og_allpop_STR\project_data

Run parameters:
   1135 individuals
   11 loci
   4 populations assumed
   50000 Burn-in period
   50000 Reps


--------------------------------------------
Proportion of membership of each pre-defined
 population in each of the 4 clusters

Given    Inferred Clusters              Number of
 Pop       1      2      3      4      Individuals

  1:     0.023  0.010  0.956  0.011      303
  2:     0.035  0.006  0.953  0.006       15
  3:     0.032  0.003  0.958  0.007        2
  4:     0.006  0.007  0.984  0.004        2
  5:     0.050  0.012  0.922  0.016        7
  6:     0.035  0.008  0.942  0.015       13
  7:     0.019  0.002  0.976  0.003       13
  8:     0.007  0.018  0.967  0.008        7
  9:     0.013  0.025  0.951  0.011       11
 10:     0.039  0.018  0.934  0.009        9
 11:     0.913  0.008  0.070  0.009       35
 12:     0.009  0.946  0.006  0.038       36
 13:     0.009  0.976  0.005  0.010       33
 14:     0.025  0.022  0.004  0.949       40
 15:     0.005  0.117  0.004  0.875       40
 16:     0.870  0.071  0.016  0.043       40
 17:     0.896  0.028  0.032  0.043       37
 18:     0.006  0.982  0.004  0.008       40
 19:     0.941  0.007  0.005  0.046       28
 20:     0.109  0.016  0.004  0.871       14
 21:     0.959  0.013  0.007  0.021       13
 22:     0.005  0.828  0.004  0.163       14
 23:     0.007  0.977  0.005  0.010       25
 24:     0.015  0.956  0.007  0.022       40
 25:     0.033  0.023  0.025  0.919       32
 26:     0.965  0.008  0.019  0.008       21
 27:     0.961  0.009  0.020  0.010        4
 28:     0.945  0.029  0.008  0.019       23
 29:     0.980  0.007  0.004  0.010       39
 30:     0.987  0.004  0.004  0.005       38
 31:     0.006  0.868  0.005  0.121       45
 32:     0.008  0.894  0.007  0.092       28
 33:     0.965  0.006  0.022  0.007        6
 34:     0.838  0.086  0.015  0.062       40
 35:     0.887  0.061  0.025  0.026       42
--------------------------------------------

Allele-freq. divergence among pops (Net nucleotide distance),
computed using point estimates of P.

      1       2       3       4      
 1      -    0.1554  0.1574  0.1138  
 2   0.1554     -    0.2553  0.1098  
 3   0.1574  0.2553     -    0.2553  
 4   0.1138  0.1098  0.2553     -    

Average distances (expected heterozygosity) between individuals in same cluster:
cluster  1  : 0.5689 
cluster  2  : 0.4590 
cluster  3  : 0.5740 
cluster  4  : 0.4396 

--------------------------------------------
Estimated Ln Prob of Data   = -26001.4
Mean value of ln likelihood = -25748.7
Variance of ln likelihood   = 505.6
Mean value of alpha         = 0.0328

Mean value of Fst_1         = 0.2153
Mean value of Fst_2         = 0.4087
Mean value of Fst_3         = 0.1985
Mean value of Fst_4         = 0.4522


Inferred ancestry of individuals:
        Label (%Miss) Pop:  Inferred clusters
  1 TMA-ZAIN-G-    (9)    1 :  0.101 0.003 0.893 0.004 
  2 TMA-ZAIN-G-    (0)    1 :  0.079 0.024 0.819 0.078 
  3 TMA-ZAIN-G-    (0)    1 :  0.004 0.006 0.986 0.004 
  4 TMA-ZAIN-G-    (0)    1 :  0.006 0.004 0.985 0.006 
  5 TMA-ZAIN-G-    (0)    1 :  0.080 0.003 0.913 0.004 
  6 TMA-ZAIN-G-    (0)    1 :  0.005 0.005 0.985 0.005 
  7 TMA-ZAIN-G-    (0)    1 :  0.004 0.005 0.986 0.005 
  8 TMA-ZAIN-G-    (0)    1 :  0.003 0.007 0.986 0.004 
  9 TMA-ZAIN-G-    (9)    1 :  0.032 0.073 0.871 0.024 
 10 TMA-ZAIN-G-    (0)    1 :  0.003 0.007 0.986 0.004 
 11 TMA-ZAIN-G-    (0)    1 :  0.005 0.025 0.960 0.010 
 12 TMA-ZAIN-G-    (0)    1 :  0.005 0.008 0.982 0.004 
 13 TMA-ZAIN-G-    (9)    1 :  0.004 0.007 0.985 0.005 
 14 TMA-ZAIN-G-    (9)    1 :  0.011 0.005 0.964 0.020 
 15 TMA-ZAIN-G-    (0)    1 :  0.007 0.003 0.969 0.021 
 16 TMA-ZAIN-G-    (0)    1 :  0.004 0.006 0.988 0.002 
 17 TMA-ZAIN-G-    (9)    1 :  0.003 0.003 0.990 0.003 
 18 TMA-ZAIN-G-    (0)    1 :  0.026 0.002 0.968 0.004 
 19 TMA-ZAIN-G-    (0)    1 :  0.011 0.003 0.984 0.003 
 20 TMA-ZAIN-G-    (0)    1 :  0.016 0.002 0.978 0.004 
 21 TMA-ZAIN-G-    (0)    1 :  0.006 0.003 0.988 0.003 
 22 TMA-ZAIN-G-    (0)    1 :  0.020 0.002 0.974 0.003 
 23 TMA-ZAIN-G-    (0)    1 :  0.015 0.002 0.980 0.003 
 24 TMA-ZAIN-G-    (9)    1 :  0.003 0.006 0.987 0.003 
 25 TMA-ZAIN-G-    (9)    1 :  0.092 0.006 0.900 0.002 
 26 TMA-ZAIN-G-    (9)    1 :  0.003 0.006 0.975 0.016 
 27 TMA-ZAIN-G-    (0)    1 :  0.040 0.003 0.935 0.021 
 28 TMA-ZAIN-G-    (0)    1 :  0.331 0.060 0.598 0.010 
 29 TMA-ZAIN-G-    (0)    1 :  0.006 0.019 0.971 0.004 
 30 TMA-ZAIN-G-    (0)    1 :  0.012 0.059 0.919 0.010 
 31 TMA-ZAIN-G-    (0)    1 :  0.010 0.003 0.982 0.005 
 32 TMA-ZAIN-G-    (9)    1 :  0.005 0.004 0.988 0.003 
 33 TMA-ZAIN-G-   (18)    1 :  0.004 0.006 0.986 0.003 
 34 TMA-ZAIN-G-    (0)    1 :  0.004 0.008 0.985 0.003 
 35 TMA-ZAIN-G-    (9)    1 :  0.004 0.005 0.987 0.004 
 36 TMA-ZAIN-G-    (0)    1 :  0.003 0.006 0.986 0.005 
 37 TMA-ZAIN-G-    (9)    1 :  0.004 0.006 0.986 0.004 
 38 TMA-ZAIN-G-   (18)    1 :  0.017 0.003 0.976 0.005 
 39 TMA-ZAIN-G-    (0)    1 :  0.003 0.013 0.981 0.003 
 40 TMA-ZAIN-G-    (0)    1 :  0.003 0.008 0.987 0.002 
 41 TMA-ZAIN-G-    (0)    1 :  0.003 0.010 0.981 0.005 
 42 TMA-ZAIN-G-    (9)    1 :  0.004 0.007 0.980 0.009 
 43 TMA-ZAIN-G-    (0)    1 :  0.009 0.004 0.945 0.043 
 44 TMA-ZAIN-G-    (0)    1 :  0.008 0.007 0.976 0.010 
 45 TMA-ZAIN-G-    (0)    1 :  0.006 0.006 0.983 0.005 
 46 TMA-ZAIN-G-    (0)    1 :  0.007 0.003 0.987 0.004 
 47 TMA-ZAIN-G-    (0)    1 :  0.005 0.003 0.978 0.014 
 48 TMA-ZAIN-G-    (0)    1 :  0.004 0.004 0.983 0.009 
 49 TMA-ZAIN-G-    (9)    1 :  0.069 0.005 0.923 0.003 
 50 TMA-ZAIN-G-    (0)    1 :  0.018 0.003 0.976 0.003 
 51 TMA-ZAIN-G-    (0)    1 :  0.088 0.027 0.680 0.206 
 52 TMA-ZAIN-G-    (0)    1 :  0.048 0.078 0.781 0.093 
 53 TMA-ZAIN-G-    (0)    1 :  0.023 0.004 0.950 0.023 
 54 TMA-ZAIN-G-    (0)    1 :  0.003 0.004 0.970 0.023 
 55 TMA-ZAIN-G-    (0)    1 :  0.003 0.004 0.970 0.023 
 56 TMA-ZAIN-G-    (0)    1 :  0.004 0.003 0.987 0.005 
 57 TMA-ZAIN-G-    (0)    1 :  0.004 0.004 0.984 0.008 
 58 TMA-ZAIN-G-    (0)    1 :  0.015 0.003 0.979 0.003 
 59 TMA-ZAIN-G-    (0)    1 :  0.004 0.006 0.984 0.005 
 60 TMA-ZAIN-G-    (0)    1 :  0.022 0.003 0.967 0.007 
 61 TMA-ZAIN-G-    (0)    1 :  0.011 0.003 0.980 0.005 
 62 TMA-ZAIN-G-    (9)    1 :  0.040 0.004 0.951 0.005 
 63 TMA-ZAIN-G-    (0)    1 :  0.036 0.003 0.953 0.009 
 64 TMA-ZAIN-G-    (0)    1 :  0.003 0.048 0.945 0.005 
 65 TMA-ZAIN-G-    (9)    1 :  0.003 0.007 0.985 0.005 
 66 TMA-ZAIN-G-    (0)    1 :  0.003 0.017 0.975 0.004 
 67 TMA-ZAIN-G-    (0)    1 :  0.003 0.012 0.981 0.003 
 68 TMA-ZAIN-G-    (0)    1 :  0.003 0.013 0.979 0.006 
 69 TMA-ZAIN-G-    (0)    1 :  0.006 0.021 0.963 0.010 
 70 TMA-ZAIN-G-    (0)    1 :  0.004 0.028 0.959 0.009 
 71 TMA-ZAIN-G-    (0)    1 :  0.004 0.102 0.875 0.019 
 72 TMA-ZAIN-G-    (0)    1 :  0.003 0.011 0.981 0.005 
 73 TMA-ZAIN-G-    (0)    1 :  0.003 0.027 0.959 0.010 
 74 TMA-ZAIN-G-    (0)    1 :  0.004 0.023 0.962 0.010 
 75 TMA-ZAIN-G-    (0)    1 :  0.005 0.042 0.899 0.054 
 76 TMA-ZAIN-G-    (0)    1 :  0.006 0.035 0.939 0.020 
 77 TMA-ZAIN-G-    (0)    1 :  0.003 0.008 0.986 0.003 
 78 TMA-ZAIN-G-    (0)    1 :  0.005 0.004 0.987 0.004 
 79 TMA-ZAIN-G-    (0)    1 :  0.004 0.005 0.987 0.004 
 80 TMA-ZAIN-G-    (0)    1 :  0.003 0.008 0.986 0.004 
 81 TMA-ZAIN-G-    (0)    1 :  0.005 0.010 0.976 0.009 
 82 TMA-ZAIN-G-    (0)    1 :  0.004 0.028 0.957 0.011 
 83 TMA-ZAIN-G-    (9)    1 :  0.004 0.012 0.980 0.004 
 84 TMA-ZAIN-G-    (0)    1 :  0.003 0.004 0.989 0.003 
 85 TMA-ZAIN-G-    (0)    1 :  0.016 0.002 0.976 0.005 
 86 TMA-ZAIN-G-    (0)    1 :  0.009 0.003 0.983 0.005 
 87 TMA-ZAIN-G-    (0)    1 :  0.015 0.003 0.976 0.006 
 88 TMA-ZAIN-G-    (0)    1 :  0.005 0.004 0.987 0.005 
 89 TMA-ZAIN-G-    (0)    1 :  0.005 0.003 0.984 0.007 
 90 TMA-ZAIN-G-    (0)    1 :  0.009 0.003 0.984 0.005 
 91 TMA-ZAIN-G-    (0)    1 :  0.005 0.003 0.984 0.007 
 92 TMA-ZAIN-G-    (0)    1 :  0.006 0.003 0.985 0.005 
 93 TMA-ZAIN-G-    (0)    1 :  0.005 0.003 0.984 0.008 
 94 TMA-ZAIN-G-    (0)    1 :  0.009 0.003 0.982 0.006 
 95 TMA-ZAIN-G-    (0)    1 :  0.387 0.079 0.525 0.009 
 96 TMA-ZAIN-G-    (0)    1 :  0.130 0.015 0.843 0.012 
 97 TMA-ZAIN-G-    (0)    1 :  0.140 0.005 0.850 0.005 
 98 TMA-ZAIN-G-    (0)    1 :  0.067 0.031 0.889 0.014 
 99 TMA-ZAIN-G-    (0)    1 :  0.021 0.025 0.948 0.005 
100 TMA-ZAIN-G-    (0)    1 :  0.024 0.002 0.964 0.010 
101 TMA-ZAIN-G-    (0)    1 :  0.014 0.003 0.980 0.003 
102 TMA-ZAIN-G-    (0)    1 :  0.009 0.003 0.983 0.004 
103 TMA-ZAIN-G-    (0)    1 :  0.020 0.003 0.975 0.003 
104 TMA-ZAIN-G-    (0)    1 :  0.217 0.010 0.767 0.006 
105 TMA-ZAIN-G-    (0)    1 :  0.017 0.003 0.977 0.003 
106 TMA-ZAIN-G-    (0)    1 :  0.003 0.009 0.984 0.004 
107 TMA-ZAIN-G-    (0)    1 :  0.003 0.023 0.969 0.004 
108 TMA-ZAIN-G-    (9)    1 :  0.008 0.004 0.981 0.007 
109 TMA-ZAIN-G-    (0)    1 :  0.007 0.005 0.984 0.004 
110 TMA-ZAIN-G-    (0)    1 :  0.006 0.005 0.987 0.003 
111 TMA-ZAIN-G-    (9)    1 :  0.010 0.004 0.983 0.003 
112 TMA-ZAIN-G-    (0)    1 :  0.005 0.004 0.988 0.004 
113 TMA-ZAIN-G-    (0)    1 :  0.011 0.005 0.980 0.004 
114 TMA-ZAIN-G-    (0)    1 :  0.067 0.003 0.927 0.003 
115 TMA-ZAIN-G-    (0)    1 :  0.162 0.003 0.831 0.004 
116 TMA-ZAIN-G-    (0)    1 :  0.004 0.008 0.984 0.004 
117 TMA-ZAIN-G-    (0)    1 :  0.003 0.005 0.986 0.006 
118 TMA-ZAIN-G-    (0)    1 :  0.004 0.005 0.987 0.004 
119 TMA-ZAIN-G-    (0)    1 :  0.004 0.007 0.986 0.003 
120 TMA-ZAIN-G-    (0)    1 :  0.005 0.005 0.986 0.004 
121 TMA-ZAIN-G-    (0)    1 :  0.004 0.008 0.984 0.004 
122 TMA-ZAIN-G-    (0)    1 :  0.004 0.005 0.987 0.004 
123 TMA-ZAIN-G-    (0)    1 :  0.309 0.003 0.684 0.004 
124 TMA-ZAIN-G-    (0)    1 :  0.004 0.006 0.987 0.003 
125 TMA-ZAIN-G-    (0)    1 :  0.003 0.005 0.981 0.011 
126 TMA-ZAIN-G-    (0)    1 :  0.004 0.004 0.986 0.006 
127 TMA-ZAIN-G-    (0)    1 :  0.003 0.006 0.988 0.003 
128 TMA-ZAIN-G-    (0)    1 :  0.004 0.006 0.987 0.003 
129 TMA-ZAIN-G-    (0)    1 :  0.004 0.009 0.983 0.005 
130 TMA-ZAIN-G-    (0)    1 :  0.004 0.004 0.983 0.009 
131 TMA-ZAIN-G-    (0)    1 :  0.004 0.005 0.988 0.003 
132 TMA-ZAIN-G-    (0)    1 :  0.003 0.006 0.985 0.006 
133 TMA-ZAIN-G-    (0)    1 :  0.003 0.005 0.987 0.005 
134 TMA-ZAIN-G-    (0)    1 :  0.003 0.005 0.984 0.008 
135 TMA-ZAIN-G-    (0)    1 :  0.003 0.011 0.983 0.003 
136 TMA-ZAIN-G-    (0)    1 :  0.003 0.012 0.979 0.006 
137 TMA-ZAIN-G-    (0)    1 :  0.004 0.008 0.986 0.003 
138 TMA-ZAIN-G-    (0)    1 :  0.003 0.011 0.979 0.006 
139 TMA-ZAIN-G-    (0)    1 :  0.003 0.009 0.981 0.007 
140 TMA-ZAIN-G-    (0)    1 :  0.003 0.008 0.986 0.003 
141 TMA-ZAIN-G-    (0)    1 :  0.004 0.006 0.986 0.003 
142 TMA-ZAIN-G-    (9)    1 :  0.003 0.007 0.986 0.003 
143 TMA-ZAIN-G-    (0)    1 :  0.004 0.008 0.985 0.003 
144 TMA-ZAIN-G-    (0)    1 :  0.004 0.006 0.986 0.005 
145 TMA-ZAIN-G-    (0)    1 :  0.003 0.011 0.983 0.004 
146 TMA-ZAIN-G-    (0)    1 :  0.004 0.024 0.962 0.010 
147 TMA-ZAIN-G-    (9)    1 :  0.003 0.009 0.984 0.004 
148 TMA-ZAIN-G-    (0)    1 :  0.003 0.016 0.947 0.034 
149 TMA-ZAIN-G-    (0)    1 :  0.003 0.006 0.985 0.005 
150 TMA-ZAIN-G-    (0)    1 :  0.003 0.017 0.968 0.012 
151 TMA-ZAIN-G-    (0)    1 :  0.004 0.007 0.985 0.004 
152 TMA-ZAIN-G-    (0)    1 :  0.005 0.007 0.983 0.004 
153 TMA-ZAIN-G-    (0)    1 :  0.003 0.010 0.983 0.004 
154 TMA-ZAIN-G-    (0)    1 :  0.003 0.006 0.988 0.003 
155 TMA-ZAIN-G-    (0)    1 :  0.003 0.011 0.983 0.003 
156 TMA-ZAIN-G-    (9)    1 :  0.008 0.008 0.975 0.010 
157 TMA-ZAIN-G-    (0)    1 :  0.005 0.007 0.982 0.005 
158 TMA-ZAIN-G-    (0)    1 :  0.004 0.017 0.972 0.007 
159 TMA-ZAIN-G-    (0)    1 :  0.004 0.031 0.955 0.011 
160 TMA-ZAIN-G-    (0)    1 :  0.003 0.013 0.980 0.003 
161 TMA-ZAIN-G-    (0)    1 :  0.003 0.008 0.983 0.005 
162 TMA-ZAIN-G-    (0)    1 :  0.003 0.011 0.983 0.003 
163 TMA-ZAIN-G-    (0)    1 :  0.003 0.009 0.985 0.003 
164 TMA-ZAIN-G-    (0)    1 :  0.004 0.006 0.986 0.003 
165 TMA-ZAIN-G-    (0)    1 :  0.004 0.015 0.979 0.003 
166 TMA-ZAIN-G-    (0)    1 :  0.003 0.011 0.982 0.004 
167 TMA-ZAIN-G-    (0)    1 :  0.004 0.007 0.986 0.003 
168 TMA-ZAIN-G-    (0)    1 :  0.006 0.011 0.977 0.007 
169 TMA-ZAIN-G-    (0)    1 :  0.003 0.015 0.979 0.003 
170 TMA-ZAIN-G-    (0)    1 :  0.005 0.009 0.981 0.004 
171 TMA-ZAIN-G-    (0)    1 :  0.003 0.013 0.980 0.004 
172 TMA-ZAIN-G-    (0)    1 :  0.005 0.006 0.985 0.004 
173 TMA-ZAIN-G-    (0)    1 :  0.006 0.006 0.983 0.005 
174 TMA-ZAIN-G-    (0)    1 :  0.003 0.013 0.980 0.004 
175 TMA-ZAIN-G-    (0)    1 :  0.004 0.026 0.958 0.011 
176 TMA-ZAIN-G-    (0)    1 :  0.004 0.026 0.959 0.011 
177 TMA-ZAIN-G-    (0)    1 :  0.007 0.066 0.849 0.078 
178 TMA-ZAIN-G-    (0)    1 :  0.011 0.009 0.972 0.008 
179 TMA-ZAIN-G-    (0)    1 :  0.006 0.024 0.952 0.018 
180 TMA-ZAIN-G-    (0)    1 :  0.003 0.006 0.987 0.004 
181 TMA-ZAIN-G-    (0)    1 :  0.004 0.010 0.977 0.008 
182 TMA-ZAIN-G-    (0)    1 :  0.006 0.006 0.977 0.012 
183 TMA-ZAIN-G-    (0)    1 :  0.004 0.007 0.982 0.007 
184 TMA-ZAIN-G-    (0)    1 :  0.003 0.010 0.982 0.005 
185 TMA-ZAIN-G-    (0)    1 :  0.003 0.009 0.984 0.004 
186 TMA-ZAIN-G-    (9)    1 :  0.004 0.007 0.985 0.004 
187 TMA-ZAIN-G-    (0)    1 :  0.005 0.014 0.977 0.003 
188 TMA-ZAIN-G-    (0)    1 :  0.002 0.014 0.981 0.003 
189 TMA-ZAIN-G-    (0)    1 :  0.003 0.017 0.978 0.003 
190 TMA-ZAIN-G-    (0)    1 :  0.009 0.017 0.944 0.030 
191 TMA-ZAIN-G-    (0)    1 :  0.002 0.024 0.971 0.003 
192 TMA-ZAIN-G-    (0)    1 :  0.004 0.011 0.980 0.004 
193 TMA-ZAIN-G-    (0)    1 :  0.007 0.004 0.864 0.126 
194 TMA-ZAIN-G-    (0)    1 :  0.007 0.004 0.917 0.072 
195 TMA-ZAIN-G-    (0)    1 :  0.008 0.009 0.743 0.241 
196 TMA-ZAIN-G-    (0)    1 :  0.008 0.006 0.946 0.041 
197 TMA-ZAIN-G-    (0)    1 :  0.004 0.004 0.954 0.038 
198 TMA-ZAIN-G-    (0)    1 :  0.007 0.006 0.946 0.041 
199 TMA-ZAIN-G-    (0)    1 :  0.003 0.006 0.986 0.004 
200 TMA-ZAIN-G-    (0)    1 :  0.116 0.003 0.873 0.008 
201 TMA-ZAIN-G-    (0)    1 :  0.009 0.003 0.985 0.003 
202 TMA-ZAIN-G-    (0)    1 :  0.054 0.003 0.938 0.006 
203 TMA-ZAIN-G-    (0)    1 :  0.013 0.005 0.950 0.031 
204 TMA-ZAIN-G-    (9)    1 :  0.038 0.018 0.854 0.089 
205 TMA-ZAIN-G-    (0)    1 :  0.006 0.003 0.987 0.004 
206 TMA-ZAIN-G-    (9)    1 :  0.012 0.003 0.975 0.009 
207 TMA-ZAIN-G-    (9)    1 :  0.005 0.005 0.984 0.006 
208 TMA-ZAIN-G-    (0)    1 :  0.003 0.011 0.983 0.003 
209 TMA-ZAIN-G-    (0)    1 :  0.003 0.005 0.978 0.014 
210 TMA-ZAIN-G-    (0)    1 :  0.004 0.006 0.979 0.010 
211 TMA-ZAIN-G-    (0)    1 :  0.004 0.005 0.987 0.005 
212 TMA-ZAIN-G-    (0)    1 :  0.006 0.006 0.984 0.005 
213 TMA-ZAIN-G-    (0)    1 :  0.003 0.007 0.985 0.005 
214 TMA-ZAIN-G-    (0)    1 :  0.003 0.008 0.986 0.004 
215 TMA-ZAIN-G-    (0)    1 :  0.004 0.004 0.990 0.002 
216 TMA-ZAIN-G-    (0)    1 :  0.003 0.005 0.987 0.005 
217 TMA-ZAIN-G-    (0)    1 :  0.003 0.008 0.984 0.005 
218 TMA-ZAIN-G-    (0)    1 :  0.108 0.024 0.859 0.008 
219 TMA-ZAIN-G-    (0)    1 :  0.107 0.014 0.868 0.011 
220 TMA-ZAIN-G-    (0)    1 :  0.460 0.007 0.529 0.004 
221 TMA-ZAIN-G-    (0)    1 :  0.122 0.065 0.804 0.009 
222 TMA-ZAIN-G-    (0)    1 :  0.011 0.002 0.984 0.003 
223 TMA-ZAIN-G-    (0)    1 :  0.211 0.002 0.785 0.003 
224 TMA-ZAIN-G-    (0)    1 :  0.022 0.002 0.972 0.003 
225 TMA-ZAIN-G-    (0)    1 :  0.236 0.002 0.759 0.004 
226 TMA-ZAIN-G-    (0)    1 :  0.051 0.002 0.943 0.004 
227 TMA-ZAIN-G-    (0)    1 :  0.030 0.002 0.963 0.004 
228 TMA-ZAIN-G-    (0)    1 :  0.063 0.004 0.926 0.007 
229 TMA-ZAIN-G-    (0)    1 :  0.030 0.002 0.965 0.003 
230 TMA-ZAIN-G-    (0)    1 :  0.009 0.005 0.972 0.014 
231 TMA-ZAIN-G-    (0)    1 :  0.012 0.003 0.982 0.003 
232 TMA-ZAIN-G-    (9)    1 :  0.008 0.003 0.986 0.003 
233 TMA-ZAIN-G-    (0)    1 :  0.037 0.004 0.955 0.004 
234 TMA-ZAIN-G-    (0)    1 :  0.020 0.003 0.971 0.006 
235 TMA-ZAIN-G-    (0)    1 :  0.172 0.004 0.817 0.007 
236 TMA-ZAIN-G-    (0)    1 :  0.127 0.002 0.866 0.005 
237 TMA-ZAIN-G-    (0)    1 :  0.010 0.003 0.983 0.004 
238 TMA-ZAIN-G-    (0)    1 :  0.015 0.003 0.979 0.003 
239 TMA-ZAIN-G-    (0)    1 :  0.004 0.003 0.988 0.005 
240 TMA-ZAIN-G-    (0)    1 :  0.006 0.002 0.988 0.004 
241 TMA-ZAIN-G-    (0)    1 :  0.005 0.003 0.989 0.003 
242 TMA-ZAIN-G-    (0)    1 :  0.005 0.003 0.989 0.002 
243 TMA-ZAIN-G-    (0)    1 :  0.004 0.003 0.990 0.003 
244 TMA-ZAIN-G-    (0)    1 :  0.004 0.003 0.990 0.002 
245 TMA-ZAIN-G-    (9)    1 :  0.006 0.003 0.989 0.002 
246 TMA-ZAIN-G-    (0)    1 :  0.005 0.002 0.990 0.003 
247 TMA-ZAIN-G-    (0)    1 :  0.005 0.003 0.990 0.003 
248 TMA-ZAIN-G-    (0)    1 :  0.011 0.003 0.982 0.004 
249 TMA-ZAIN-G-    (0)    1 :  0.011 0.002 0.982 0.004 
250 TMA-ZAIN-G-    (0)    1 :  0.006 0.003 0.988 0.004 
251 TMA-ZAIN-G-    (0)    1 :  0.006 0.003 0.972 0.019 
252 TMA-ZAIN-G-    (0)    1 :  0.003 0.010 0.877 0.110 
253 TMA-ZAIN-G-    (0)    1 :  0.003 0.005 0.969 0.023 
254 TMA-ZAIN-G-    (9)    1 :  0.004 0.006 0.985 0.005 
255 TMA-ZAIN-G-    (0)    1 :  0.004 0.005 0.976 0.015 
256 TMA-ZAIN-G-    (0)    1 :  0.004 0.004 0.965 0.027 
257 TMA-ZAIN-G-    (0)    1 :  0.003 0.003 0.946 0.048 
258 TMA-ZAIN-G-    (0)    1 :  0.003 0.004 0.966 0.027 
259 TMA-ZAIN-G-    (0)    1 :  0.004 0.004 0.962 0.030 
260 TMA-ZAIN-G-    (0)    1 :  0.004 0.004 0.969 0.023 
261 TMA-ZAIN-G-   (18)    1 :  0.006 0.004 0.974 0.015 
262 TMA-ZAIN-G-    (0)    1 :  0.004 0.003 0.956 0.037 
263 TMA-ZAIN-G-    (0)    1 :  0.004 0.003 0.968 0.024 
264 TMA-ZAIN-G-    (0)    1 :  0.004 0.004 0.973 0.019 
265 TMA-ZAIN-G-    (0)    1 :  0.004 0.004 0.984 0.007 
266 TMA-ZAIN-G-    (0)    1 :  0.004 0.004 0.982 0.010 
267 TMA-ZAIN-G-    (0)    1 :  0.006 0.004 0.984 0.006 
268 TMA-ZAIN-G-    (0)    1 :  0.055 0.003 0.940 0.003 
269 TMA-ZAIN-G-    (0)    1 :  0.021 0.002 0.973 0.004 
270 TMA-ZAIN-G-    (0)    1 :  0.014 0.003 0.979 0.004 
271 TMA-ZAIN-G-    (0)    1 :  0.028 0.002 0.966 0.003 
272 TMA-ZAIN-G-    (0)    1 :  0.015 0.002 0.979 0.003 
273 TMA-ZAIN-G-    (0)    1 :  0.021 0.002 0.974 0.003 
274 TMA-ZAIN-G-    (0)    1 :  0.011 0.003 0.982 0.003 
275 TMA-ZAIN-G-    (0)    1 :  0.032 0.002 0.964 0.002 
276 TMA-ZAIN-G-    (0)    1 :  0.029 0.002 0.967 0.002 
277 TMA-ZAIN-G-    (0)    1 :  0.008 0.003 0.986 0.003 
278 TMA-ZAIN-G-    (0)    1 :  0.009 0.002 0.985 0.003 
279 TMA-ZAIN-G-    (0)    1 :  0.011 0.002 0.984 0.003 
280 TMA-ZAIN-G-    (0)    1 :  0.016 0.002 0.979 0.003 
281 TMA-ZAIN-G-    (0)    1 :  0.012 0.003 0.981 0.004 
282 TMA-ZAIN-G-    (9)    1 :  0.012 0.003 0.983 0.003 
283 TMA-ZAIN-G-    (0)    1 :  0.012 0.002 0.983 0.003 
284 TMA-ZAIN-G-    (0)    1 :  0.015 0.003 0.978 0.004 
285 TMA-ZAIN-G-    (0)    1 :  0.009 0.003 0.985 0.003 
286 TMA-ZAIN-G-    (0)    1 :  0.017 0.002 0.978 0.003 
287 TMA-ZAIN-G-    (0)    1 :  0.012 0.003 0.982 0.003 
288 TMA-ZAIN-G-    (0)    1 :  0.012 0.003 0.981 0.003 
289 TMA-ZAIN-G-    (0)    1 :  0.007 0.003 0.987 0.003 
290 TMA-ZAIN-G-    (0)    1 :  0.016 0.003 0.978 0.003 
291 TMA-ZAIN-G-    (0)    1 :  0.582 0.029 0.379 0.010 
292 TMA-ZAIN-G-    (0)    1 :  0.004 0.005 0.988 0.003 
293 TMA-ZAIN-G-    (0)    1 :  0.003 0.004 0.990 0.003 
294 TMA-ZAIN-G-    (0)    1 :  0.004 0.025 0.957 0.014 
295 TMA-ZAIN-G-    (9)    1 :  0.006 0.015 0.967 0.012 
296 TMA-ZAIN-G-    (0)    1 :  0.005 0.004 0.987 0.004 
297 TMA-ZAIN-G-    (0)    1 :  0.004 0.005 0.988 0.004 
298 TMA-ZAIN-G-    (0)    1 :  0.004 0.005 0.986 0.004 
299 TMA-ZAIN-G-    (0)    1 :  0.003 0.012 0.982 0.003 
300 TMA-ZAIN-G-    (0)    1 :  0.004 0.040 0.943 0.012 
301 TMA-ZAIN-G-    (0)    1 :  0.003 0.010 0.983 0.004 
302 TMA-ZAIN-G-    (9)    1 :  0.004 0.006 0.986 0.004 
303 TMA-ZAIN-G-    (0)    1 :  0.108 0.063 0.780 0.050 
304 TMA-ZAIN-G-    (0)    2 :  0.004 0.006 0.984 0.006 
305 TMA-ZAIN-G-    (0)    2 :  0.003 0.006 0.988 0.003 
306 TMA-ZAIN-G-    (0)    2 :  0.003 0.006 0.985 0.006 
307 TMA-ZAIN-G-    (0)    2 :  0.003 0.008 0.984 0.005 
308 TMA-ZAIN-G-    (0)    2 :  0.006 0.003 0.971 0.019 
309 TMA-ZAIN-G-    (0)    2 :  0.003 0.008 0.985 0.003 
310 TMA-ZAIN-G-    (0)    2 :  0.004 0.009 0.984 0.003 
311 TMA-ZAIN-G-    (0)    2 :  0.006 0.004 0.986 0.004 
312 TMA-ZAIN-G-    (0)    2 :  0.007 0.005 0.983 0.005 
313 TMA-ZAIN-G-    (0)    2 :  0.003 0.007 0.973 0.017 
314 TMA-ZAIN-G-    (0)    2 :  0.336 0.007 0.650 0.007 
315 TMA-ZAIN-G-    (0)    2 :  0.005 0.004 0.989 0.003 
316 TMA-ZAIN-G-    (0)    2 :  0.009 0.003 0.985 0.003 
317 TMA-ZAIN-G-    (0)    2 :  0.125 0.003 0.870 0.003 
318 TMA-ZAIN-G-    (9)    2 :  0.014 0.003 0.980 0.003 
319 TMA-ZAIN-G-    (0)    3 :  0.058 0.003 0.930 0.010 
320 TMA-ZAIN-G-    (0)    3 :  0.006 0.004 0.986 0.003 
321 TMA-ZAIN-G-    (0)    4 :  0.005 0.008 0.984 0.003 
322 TMA-ZAIN-G-    (0)    4 :  0.006 0.005 0.985 0.004 
323 TMA-ZAIN-G-    (0)    5 :  0.011 0.004 0.982 0.003 
324 TMA-ZAIN-G-    (0)    5 :  0.007 0.005 0.982 0.006 
325 TMA-ZAIN-G-    (0)    5 :  0.279 0.040 0.673 0.008 
326 TMA-ZAIN-G-    (0)    5 :  0.033 0.022 0.898 0.047 
327 TMA-ZAIN-G-    (0)    5 :  0.005 0.004 0.952 0.039 
328 TMA-ZAIN-G-    (0)    5 :  0.009 0.004 0.980 0.007 
329 TMA-ZAIN-G-    (0)    5 :  0.003 0.006 0.986 0.004 
330 TMA-ZAIN-G-    (0)    6 :  0.003 0.006 0.985 0.006 
331 TMA-ZAIN-G-    (0)    6 :  0.022 0.065 0.854 0.059 
332 TMA-ZAIN-G-    (0)    6 :  0.005 0.007 0.977 0.012 
333 TMA-ZAIN-G-    (0)    6 :  0.006 0.004 0.895 0.095 
334 TMA-ZAIN-G-    (0)    6 :  0.020 0.002 0.974 0.003 
335 TMA-ZAIN-G-    (0)    6 :  0.017 0.002 0.979 0.002 
336 TMA-ZAIN-G-    (0)    6 :  0.013 0.002 0.981 0.003 
337 TMA-ZAIN-G-    (9)    6 :  0.013 0.003 0.981 0.003 
338 TMA-ZAIN-G-    (0)    6 :  0.082 0.002 0.913 0.002 
339 TMA-ZAIN-G-    (0)    6 :  0.147 0.002 0.849 0.003 
340 TMA-ZAIN-G-    (0)    6 :  0.039 0.002 0.956 0.003 
341 TMA-ZAIN-G-    (0)    6 :  0.021 0.002 0.974 0.002 
342 TMA-ZAIN-G-    (0)    6 :  0.062 0.002 0.933 0.003 
343 TMA-ZAIN-G-    (0)    7 :  0.051 0.002 0.944 0.002 
344 TMA-ZAIN-G-    (0)    7 :  0.010 0.003 0.985 0.003 
345 TMA-ZAIN-G-    (0)    7 :  0.027 0.002 0.969 0.002 
346 TMA-ZAIN-G-    (0)    7 :  0.030 0.002 0.966 0.002 
347 TMA-ZAIN-G-    (9)    7 :  0.016 0.002 0.979 0.002 
348 TMA-ZAIN-G-    (0)    7 :  0.009 0.003 0.984 0.004 
349 TMA-ZAIN-G-    (0)    7 :  0.010 0.002 0.985 0.003 
350 TMA-ZAIN-G-    (0)    7 :  0.013 0.003 0.982 0.003 
351 TMA-ZAIN-G-    (0)    7 :  0.010 0.003 0.984 0.003 
352 TMA-ZAIN-G-    (0)    7 :  0.020 0.002 0.974 0.003 
353 TMA-ZAIN-G-    (0)    7 :  0.010 0.003 0.984 0.003 
354 TMA-ZAIN-G-    (0)    7 :  0.024 0.002 0.971 0.002 
355 TMA-ZAIN-G-    (0)    7 :  0.020 0.003 0.975 0.003 
356 TMA-ZAIN-G-    (0)    8 :  0.003 0.008 0.987 0.003 
357 TMA-ZAIN-G-    (0)    8 :  0.004 0.005 0.987 0.004 
358 TMA-ZAIN-G-    (0)    8 :  0.005 0.022 0.962 0.011 
359 TMA-ZAIN-G-    (0)    8 :  0.004 0.005 0.987 0.003 
360 TMA-ZAIN-G-    (0)    8 :  0.003 0.011 0.984 0.002 
361 TMA-ZAIN-G-    (0)    8 :  0.025 0.070 0.875 0.030 
362 TMA-ZAIN-G-    (0)    8 :  0.003 0.006 0.988 0.003 
363 TMA-ZAIN-G-    (0)    9 :  0.004 0.005 0.987 0.004 
364 TMA-ZAIN-G-    (0)    9 :  0.073 0.002 0.922 0.003 
365 TMA-ZAIN-G-    (0)    9 :  0.005 0.006 0.986 0.003 
366 TMA-ZAIN-G-    (0)    9 :  0.005 0.033 0.941 0.021 
367 TMA-ZAIN-G-    (0)    9 :  0.008 0.005 0.980 0.007 
368 TMA-ZAIN-G-    (0)    9 :  0.004 0.041 0.935 0.020 
369 TMA-ZAIN-G-    (0)    9 :  0.003 0.008 0.985 0.004 
370 TMA-ZAIN-G-    (0)    9 :  0.024 0.134 0.808 0.034 
371 TMA-ZAIN-G-    (0)    9 :  0.004 0.011 0.982 0.003 
372 TMA-ZAIN-G-    (0)    9 :  0.003 0.025 0.969 0.004 
373 TMA-ZAIN-G-    (0)    9 :  0.007 0.005 0.969 0.019 
374 TMA-ZAIN-G-    (0)   10 :  0.005 0.004 0.983 0.007 
375 TMA-ZAIN-G-    (0)   10 :  0.006 0.003 0.987 0.003 
376 TMA-ZAIN-G-    (9)   10 :  0.003 0.009 0.985 0.003 
377 TMA-ZAIN-G-    (0)   10 :  0.002 0.014 0.981 0.003 
378 TMA-ZAIN-G-    (0)   10 :  0.003 0.018 0.976 0.003 
379 TMA-ZAIN-G-    (0)   10 :  0.003 0.008 0.985 0.004 
380 TMA-ZAIN-G-    (0)   10 :  0.003 0.028 0.959 0.010 
381 TMA-ZAIN-G-    (9)   10 :  0.033 0.065 0.873 0.030 
382 TMA-ZAIN-G-    (9)   10 :  0.294 0.013 0.675 0.018 
383    ZFB01    (0)   11 :  0.864 0.006 0.124 0.006 
384    ZFB02    (0)   11 :  0.979 0.003 0.012 0.006 
385    ZFB03    (0)   11 :  0.957 0.007 0.022 0.014 
386    ZFB04    (0)   11 :  0.981 0.004 0.012 0.004 
387    ZFB05    (0)   11 :  0.963 0.003 0.025 0.008 
388    ZFB06    (0)   11 :  0.969 0.003 0.022 0.006 
389    ZFB07    (9)   11 :  0.979 0.009 0.006 0.006 
390    ZFB08    (0)   11 :  0.973 0.006 0.013 0.007 
391    ZFB09    (0)   11 :  0.962 0.004 0.030 0.004 
392    ZFB10    (0)   11 :  0.918 0.013 0.063 0.006 
393    ZFB11    (0)   11 :  0.637 0.007 0.349 0.007 
394    ZFB12    (0)   11 :  0.899 0.006 0.089 0.006 
395    ZFB13    (0)   11 :  0.979 0.008 0.008 0.005 
396    ZFB14    (0)   11 :  0.959 0.007 0.027 0.007 
397    ZFB15    (0)   11 :  0.965 0.003 0.030 0.003 
398    ZFB16    (0)   11 :  0.978 0.004 0.015 0.003 
399    ZFB17    (0)   11 :  0.968 0.004 0.023 0.004 
400    ZFB18    (0)   11 :  0.930 0.006 0.058 0.006 
401    ZFB19    (0)   11 :  0.960 0.024 0.011 0.005 
402    ZFB20    (0)   11 :  0.961 0.004 0.032 0.003 
403    ZFB21    (0)   11 :  0.967 0.003 0.026 0.004 
404    ZFB22    (0)   11 :  0.919 0.005 0.073 0.004 
405    ZFB23    (0)   11 :  0.931 0.010 0.053 0.006 
406    ZFB24    (0)   11 :  0.852 0.007 0.137 0.004 
407    ZFB25    (0)   11 :  0.802 0.026 0.161 0.011 
408    ZFB26    (0)   11 :  0.910 0.015 0.068 0.007 
409    ZFB27    (0)   11 :  0.639 0.006 0.349 0.006 
410    ZFB28    (0)   11 :  0.649 0.008 0.292 0.051 
411    ZFB29    (0)   11 :  0.911 0.004 0.080 0.005 
412    ZFB30    (0)   11 :  0.929 0.006 0.061 0.004 
413    ZFB31    (0)   11 :  0.948 0.027 0.019 0.006 
414    ZFB32    (0)   11 :  0.819 0.011 0.089 0.081 
415    ZFB33    (0)   11 :  0.941 0.004 0.052 0.004 
416    ZFB34    (0)   11 :  0.978 0.005 0.011 0.006 
417    ZFB35    (0)   11 :  0.971 0.007 0.015 0.006 
418  ZFBP101    (0)   12 :  0.017 0.848 0.011 0.124 
419  ZFBP102    (0)   12 :  0.024 0.938 0.013 0.024 
420  ZFBP103    (0)   12 :  0.009 0.657 0.006 0.328 
421  ZFBP104    (0)   12 :  0.065 0.909 0.021 0.005 
422  ZFBP105    (0)   12 :  0.008 0.976 0.008 0.008 
423  ZFBP106    (0)   12 :  0.004 0.980 0.003 0.012 
424  ZFBP107    (0)   12 :  0.016 0.960 0.009 0.015 
425  ZFBP108    (0)   12 :  0.003 0.989 0.004 0.004 
426  ZFBP109    (0)   12 :  0.004 0.980 0.011 0.004 
427  ZFBP110    (0)   12 :  0.028 0.686 0.021 0.265 
428  ZFBP111    (0)   12 :  0.003 0.989 0.003 0.005 
429  ZFBP112    (0)   12 :  0.006 0.982 0.005 0.007 
430  ZFBP113    (0)   12 :  0.005 0.988 0.004 0.004 
431  ZFBP114    (0)   12 :  0.005 0.982 0.005 0.008 
432  ZFBP115    (0)   12 :  0.004 0.978 0.004 0.014 
433  ZFBP116    (0)   12 :  0.004 0.987 0.004 0.005 
434  ZFBP117    (0)   12 :  0.003 0.986 0.004 0.008 
435  ZFBP118    (0)   12 :  0.005 0.984 0.005 0.006 
436  ZFBP119    (0)   12 :  0.005 0.966 0.003 0.026 
437  ZFBP120    (0)   12 :  0.007 0.980 0.006 0.006 
438  ZFBP121    (0)   12 :  0.005 0.978 0.005 0.011 
439  ZFBP122    (9)   12 :  0.004 0.987 0.004 0.005 
440  ZFBP123    (0)   12 :  0.006 0.979 0.004 0.011 
441  ZFBP124    (0)   12 :  0.006 0.982 0.005 0.007 
442  ZFBP125    (0)   12 :  0.003 0.987 0.003 0.007 
443  ZFBP126    (0)   12 :  0.023 0.936 0.013 0.028 
444  ZFBP127    (0)   12 :  0.004 0.979 0.005 0.012 
445  ZFBP128    (0)   12 :  0.004 0.986 0.004 0.007 
446  ZFBP129    (0)   12 :  0.004 0.984 0.004 0.008 
447  ZFBP130    (0)   12 :  0.003 0.986 0.003 0.008 
448  ZFBP131    (0)   12 :  0.005 0.987 0.004 0.004 
449  ZFBP132    (0)   12 :  0.004 0.986 0.004 0.007 
450  ZFBP133    (0)   12 :  0.003 0.989 0.003 0.005 
451  ZFBP134    (0)   12 :  0.004 0.977 0.005 0.014 
452  ZFBP135    (0)   12 :  0.016 0.675 0.010 0.299 
453  ZFBP136    (0)   12 :  0.005 0.921 0.005 0.069 
454  ZFBP201    (0)   13 :  0.007 0.978 0.006 0.008 
455  ZFBP202    (0)   13 :  0.005 0.986 0.004 0.005 
456  ZFBP203    (0)   13 :  0.018 0.969 0.008 0.005 
457  ZFBP204    (0)   13 :  0.006 0.967 0.005 0.022 
458  ZFBP205    (0)   13 :  0.004 0.986 0.004 0.006 
459  ZFBP206    (0)   13 :  0.007 0.979 0.004 0.010 
460  ZFBP207    (0)   13 :  0.004 0.970 0.003 0.023 
461  ZFBP208    (0)   13 :  0.008 0.980 0.005 0.007 
462  ZFBP209    (0)   13 :  0.003 0.988 0.004 0.006 
463  ZFBP210    (0)   13 :  0.007 0.981 0.005 0.007 
464  ZFBP211    (0)   13 :  0.005 0.984 0.005 0.007 
465  ZFBP212    (0)   13 :  0.004 0.987 0.004 0.005 
466  ZFBP213    (0)   13 :  0.008 0.973 0.004 0.014 
467  ZFBP214    (0)   13 :  0.009 0.939 0.005 0.047 
468  ZFBP215    (0)   13 :  0.004 0.986 0.004 0.006 
469  ZFBP216    (0)   13 :  0.010 0.976 0.007 0.007 
470  ZFBP217    (0)   13 :  0.004 0.984 0.004 0.008 
471  ZFBP218    (0)   13 :  0.003 0.991 0.003 0.003 
472  ZFBP219    (0)   13 :  0.005 0.989 0.004 0.003 
473  ZFBP220    (0)   13 :  0.004 0.982 0.004 0.010 
474  ZFBP221    (0)   13 :  0.004 0.989 0.004 0.004 
475  ZFBP222    (0)   13 :  0.006 0.982 0.005 0.007 
476  ZFBP223    (0)   13 :  0.007 0.957 0.005 0.032 
477  ZFBP224    (0)   13 :  0.007 0.981 0.005 0.007 
478  ZFBP225    (0)   13 :  0.004 0.981 0.004 0.011 
479  ZFBP226    (0)   13 :  0.005 0.986 0.004 0.005 
480  ZFBP227    (0)   13 :  0.102 0.868 0.021 0.009 
481  ZFBP228    (0)   13 :  0.004 0.977 0.004 0.015 
482  ZFBP229    (0)   13 :  0.003 0.988 0.003 0.005 
483  ZFBP230    (0)   13 :  0.004 0.980 0.005 0.010 
484  ZFBP231    (0)   13 :  0.005 0.984 0.005 0.006 
485  ZFBP232    (0)   13 :  0.004 0.988 0.004 0.005 
486  ZFBP233    (0)   13 :  0.005 0.983 0.007 0.006 
487   ZFCC01    (0)   14 :  0.012 0.005 0.006 0.977 
488   ZFCC03    (0)   14 :  0.005 0.005 0.003 0.988 
489   ZFCC04    (0)   14 :  0.007 0.005 0.003 0.984 
490   ZFCC05    (0)   14 :  0.008 0.006 0.004 0.983 
491   ZFCC08    (0)   14 :  0.006 0.022 0.003 0.969 
492   ZFCC09    (0)   14 :  0.006 0.004 0.002 0.988 
493   ZFCC10    (0)   14 :  0.012 0.005 0.005 0.978 
494   ZFCC11    (0)   14 :  0.006 0.005 0.006 0.983 
495   ZFCC12    (0)   14 :  0.081 0.005 0.005 0.909 
496   ZFCC13    (0)   14 :  0.008 0.012 0.005 0.975 
497   ZFCC14    (0)   14 :  0.015 0.007 0.004 0.973 
498   ZFCC15    (0)   14 :  0.010 0.005 0.004 0.981 
499   ZFCC16    (0)   14 :  0.009 0.004 0.003 0.984 
500   ZFCC17    (0)   14 :  0.011 0.003 0.003 0.983 
501   ZFCC18    (0)   14 :  0.007 0.005 0.003 0.985 
502   ZFCC19    (0)   14 :  0.018 0.004 0.006 0.973 
503   ZFCC20    (0)   14 :  0.006 0.004 0.003 0.987 
504   ZFCC21    (0)   14 :  0.047 0.094 0.005 0.854 
505   ZFCC22    (0)   14 :  0.015 0.473 0.005 0.507 
506   ZFCC26    (0)   14 :  0.007 0.004 0.003 0.986 
507   ZFCC27    (0)   14 :  0.004 0.004 0.004 0.988 
508   ZFCC29    (0)   14 :  0.014 0.005 0.003 0.978 
509   ZFCC30    (0)   14 :  0.003 0.004 0.004 0.989 
510   ZFCC32    (0)   14 :  0.014 0.005 0.003 0.978 
511   ZFCC33    (0)   14 :  0.009 0.004 0.003 0.984 
512   ZFCC34    (0)   14 :  0.014 0.027 0.004 0.955 
513   ZFCC35    (0)   14 :  0.004 0.005 0.004 0.986 
514   ZFCC36    (0)   14 :  0.015 0.013 0.004 0.968 
515   ZFCC37    (0)   14 :  0.086 0.009 0.006 0.898 
516   ZFCC40    (0)   14 :  0.011 0.007 0.008 0.974 
517   ZFCC42    (0)   14 :  0.399 0.006 0.008 0.586 
518   ZFCC44    (0)   14 :  0.004 0.003 0.003 0.990 
519   ZFCC45    (9)   14 :  0.041 0.005 0.005 0.949 
520   ZFCC46    (0)   14 :  0.004 0.014 0.003 0.979 
521   ZFCC47    (0)   14 :  0.043 0.007 0.004 0.946 
522   ZFCC48    (0)   14 :  0.014 0.059 0.004 0.922 
523   ZFCC50    (0)   14 :  0.008 0.004 0.003 0.985 
524   ZFCC51    (0)   14 :  0.004 0.004 0.002 0.990 
525   ZFCC52    (0)   14 :  0.005 0.011 0.006 0.977 
526   ZFCC53    (0)   14 :  0.005 0.004 0.004 0.988 
527  ZFCNS01    (0)   15 :  0.008 0.020 0.005 0.966 
528  ZFCNS02    (0)   15 :  0.003 0.012 0.003 0.982 
529  ZFCNS05    (0)   15 :  0.005 0.016 0.004 0.974 
530  ZFCNS06    (0)   15 :  0.005 0.013 0.003 0.978 
531  ZFCNS07    (0)   15 :  0.005 0.441 0.005 0.550 
532  ZFCNS10    (0)   15 :  0.004 0.089 0.004 0.904 
533  ZFCNS11    (0)   15 :  0.005 0.011 0.004 0.980 
534  ZFCNS15    (0)   15 :  0.007 0.819 0.005 0.169 
535  ZFCNS17    (0)   15 :  0.004 0.011 0.003 0.982 
536  ZFCNS18    (0)   15 :  0.004 0.036 0.004 0.956 
537  ZFCNS19    (0)   15 :  0.004 0.006 0.003 0.987 
538  ZFCNS20    (0)   15 :  0.005 0.145 0.004 0.845 
539  ZFCNS21    (0)   15 :  0.004 0.007 0.003 0.986 
540  ZFCNS22    (0)   15 :  0.006 0.159 0.006 0.829 
541  ZFCNS23    (0)   15 :  0.004 0.014 0.003 0.978 
542  ZFCNS24    (0)   15 :  0.003 0.007 0.003 0.987 
543  ZFCNS25    (0)   15 :  0.004 0.063 0.004 0.929 
544  ZFCNS26    (0)   15 :  0.006 0.355 0.005 0.634 
545  ZFCNS27    (0)   15 :  0.006 0.922 0.004 0.068 
546  ZFCNS28    (0)   15 :  0.006 0.023 0.004 0.967 
547  ZFCNS29    (0)   15 :  0.004 0.011 0.004 0.982 
548  ZFCNS30    (0)   15 :  0.005 0.008 0.003 0.984 
549  ZFCNS31    (0)   15 :  0.005 0.060 0.004 0.930 
550  ZFCNS32    (0)   15 :  0.006 0.035 0.003 0.956 
551  ZFCNS33    (0)   15 :  0.004 0.028 0.003 0.965 
552  ZFCNS34    (0)   15 :  0.003 0.006 0.003 0.989 
553  ZFCNS35    (0)   15 :  0.006 0.021 0.005 0.967 
554  ZFCNS36    (0)   15 :  0.003 0.007 0.003 0.988 
555  ZFCNS37    (0)   15 :  0.005 0.061 0.007 0.927 
556  ZFCNS39    (0)   15 :  0.003 0.012 0.003 0.982 
557  ZFCNS40    (0)   15 :  0.004 0.040 0.004 0.952 
558  ZFCNS41    (0)   15 :  0.010 0.212 0.012 0.766 
559  ZFCNS42    (0)   15 :  0.005 0.054 0.005 0.936 
560  ZFCNS43    (0)   15 :  0.004 0.007 0.003 0.986 
561  ZFCNS44    (0)   15 :  0.004 0.016 0.003 0.976 
562  ZFCNS45    (0)   15 :  0.004 0.009 0.003 0.984 
563  ZFCNS46    (0)   15 :  0.004 0.025 0.004 0.966 
564  ZFCNS47    (0)   15 :  0.004 0.011 0.003 0.982 
565  ZFCNS48    (0)   15 :  0.004 0.049 0.004 0.944 
566  ZFCNS49    (0)   15 :  0.005 0.822 0.004 0.169 
567   ZFCR01    (0)   16 :  0.962 0.018 0.013 0.007 
568   ZFCR02    (0)   16 :  0.845 0.072 0.058 0.025 
569   ZFCR03    (0)   16 :  0.968 0.020 0.004 0.008 
570   ZFCR04    (0)   16 :  0.958 0.020 0.007 0.016 
571   ZFCR05    (0)   16 :  0.976 0.007 0.005 0.012 
572   ZFCR06    (0)   16 :  0.590 0.256 0.029 0.124 
573   ZFCR07    (0)   16 :  0.770 0.026 0.007 0.197 
574   ZFCR08    (0)   16 :  0.906 0.050 0.010 0.034 
575   ZFCR09    (0)   16 :  0.899 0.050 0.012 0.039 
576   ZFCR11    (0)   16 :  0.869 0.100 0.013 0.018 
577   ZFCR12    (0)   16 :  0.580 0.108 0.005 0.307 
578   ZFCR13    (0)   16 :  0.801 0.160 0.026 0.013 
579   ZFCR14    (0)   16 :  0.943 0.024 0.011 0.022 
580   ZFCR15    (0)   16 :  0.961 0.023 0.004 0.012 
581   ZFCR16    (0)   16 :  0.898 0.040 0.055 0.007 
582   ZFCR18    (0)   16 :  0.939 0.007 0.043 0.011 
583   ZFCR19    (0)   16 :  0.886 0.082 0.008 0.024 
584   ZFCR20    (0)   16 :  0.941 0.040 0.010 0.010 
585   ZFCR21    (0)   16 :  0.963 0.017 0.003 0.017 
586   ZFCR22    (0)   16 :  0.958 0.028 0.005 0.008 
587   ZFCR23    (0)   16 :  0.914 0.049 0.032 0.004 
588   ZFCR24    (9)   16 :  0.579 0.403 0.010 0.009 
589   ZFCR25    (0)   16 :  0.983 0.008 0.003 0.006 
590   ZFCR26    (0)   16 :  0.917 0.054 0.005 0.024 
591   ZFCR27    (9)   16 :  0.984 0.003 0.009 0.004 
592   ZFCR28    (0)   16 :  0.513 0.458 0.009 0.020 
593   ZFCR29    (0)   16 :  0.979 0.011 0.004 0.006 
594   ZFCR30    (0)   16 :  0.957 0.022 0.004 0.016 
595   ZFCR31    (0)   16 :  0.828 0.114 0.008 0.051 
596   ZFCR33    (0)   16 :  0.909 0.025 0.006 0.060 
597   ZFCR34    (0)   16 :  0.891 0.056 0.012 0.041 
598   ZFCR35    (0)   16 :  0.982 0.006 0.004 0.008 
599   ZFCR36    (0)   16 :  0.967 0.010 0.010 0.014 
600   ZFCR37    (0)   16 :  0.959 0.008 0.008 0.025 
601   ZFCR38    (0)   16 :  0.938 0.018 0.005 0.039 
602   ZFCR39    (0)   16 :  0.717 0.104 0.123 0.056 
603   ZFCR40    (0)   16 :  0.964 0.013 0.006 0.017 
604   ZFCR41    (0)   16 :  0.620 0.115 0.005 0.259 
605   ZFCR42    (0)   16 :  0.762 0.096 0.008 0.135 
606   ZFCR43    (0)   16 :  0.831 0.102 0.058 0.008 
607  ZFENP25    (0)   17 :  0.965 0.011 0.015 0.009 
608  ZFENP26    (0)   17 :  0.961 0.006 0.027 0.006 
609  ZFENP27    (0)   17 :  0.614 0.024 0.009 0.353 
610  ZFENP28    (0)   17 :  0.968 0.007 0.005 0.020 
611  ZFENP29    (0)   17 :  0.977 0.006 0.004 0.013 
612  ZFENP30    (0)   17 :  0.915 0.009 0.005 0.071 
613  ZFENP31    (0)   17 :  0.928 0.011 0.007 0.054 
614  ZFENP32    (0)   17 :  0.946 0.012 0.007 0.035 
615  ZFENP33    (0)   17 :  0.982 0.006 0.003 0.009 
616  ZFENP34    (0)   17 :  0.972 0.005 0.006 0.017 
617  ZFENP35    (0)   17 :  0.970 0.010 0.009 0.011 
618  ZFENP36    (0)   17 :  0.986 0.004 0.005 0.006 
619  ZFENP37    (0)   17 :  0.979 0.006 0.004 0.011 
620  ZFENP38    (0)   17 :  0.922 0.017 0.005 0.055 
621  ZFENP39    (0)   17 :  0.979 0.005 0.004 0.012 
622  ZFENP40    (0)   17 :  0.980 0.006 0.006 0.009 
623  ZFENP41    (0)   17 :  0.856 0.011 0.031 0.102 
624  ZFENP42    (0)   17 :  0.975 0.006 0.010 0.009 
625  ZFENP43    (0)   17 :  0.761 0.036 0.011 0.192 
626  ZFENP44    (0)   17 :  0.952 0.009 0.007 0.031 
627  ZFENP45    (0)   17 :  0.598 0.374 0.009 0.019 
628  ZFENP46    (0)   17 :  0.968 0.013 0.014 0.005 
629  ZFENP47    (0)   17 :  0.851 0.034 0.093 0.022 
630  ZFENP48    (0)   17 :  0.950 0.013 0.004 0.032 
631  ZFENP49    (0)   17 :  0.954 0.019 0.003 0.023 
632  ZFENP50    (0)   17 :  0.633 0.044 0.306 0.018 
633  ZFENP51    (0)   17 :  0.954 0.027 0.013 0.007 
634  ZFENP52    (0)   17 :  0.798 0.020 0.137 0.046 
635  ZFENP53    (0)   17 :  0.731 0.050 0.206 0.013 
636  ZFENP54    (0)   17 :  0.752 0.172 0.047 0.030 
637  ZFENP55    (0)   17 :  0.981 0.006 0.008 0.005 
638  ZFENP56    (0)   17 :  0.922 0.014 0.039 0.024 
639  ZFENP57    (0)   17 :  0.977 0.005 0.009 0.010 
640  ZFENP58    (0)   17 :  0.621 0.029 0.115 0.235 
641  ZFENP59    (0)   17 :  0.932 0.007 0.004 0.057 
642  ZFENP60    (0)   17 :  0.982 0.007 0.005 0.007 
643  ZFENP61    (0)   17 :  0.976 0.004 0.009 0.011 
644 ZFFDSP01    (0)   18 :  0.004 0.987 0.003 0.006 
645 ZFFDSP02    (0)   18 :  0.003 0.989 0.003 0.005 
646 ZFFDSP04    (0)   18 :  0.004 0.988 0.004 0.004 
647 ZFFDSP05    (0)   18 :  0.005 0.986 0.004 0.005 
648 ZFFDSP06    (0)   18 :  0.003 0.988 0.003 0.005 
649 ZFFDSP07    (0)   18 :  0.006 0.978 0.004 0.013 
650 ZFFDSP08    (0)   18 :  0.004 0.979 0.003 0.013 
651 ZFFDSP10    (0)   18 :  0.004 0.986 0.004 0.006 
652 ZFFDSP11    (0)   18 :  0.005 0.985 0.005 0.005 
653 ZFFDSP12    (0)   18 :  0.003 0.989 0.004 0.005 
654 ZFFDSP13    (0)   18 :  0.006 0.966 0.006 0.023 
655 ZFFDSP14    (0)   18 :  0.005 0.986 0.003 0.006 
656 ZFFDSP16    (0)   18 :  0.007 0.978 0.005 0.009 
657 ZFFDSP17    (0)   18 :  0.004 0.987 0.004 0.005 
658 ZFFDSP18    (0)   18 :  0.005 0.985 0.004 0.007 
659 ZFFDSP19    (0)   18 :  0.005 0.974 0.004 0.017 
660 ZFFDSP21    (0)   18 :  0.003 0.978 0.003 0.016 
661 ZFFDSP22    (0)   18 :  0.003 0.989 0.003 0.004 
662 ZFFDSP23    (0)   18 :  0.003 0.990 0.003 0.005 
663 ZFFDSP24    (0)   18 :  0.005 0.983 0.003 0.009 
664 ZFFDSP26    (9)   18 :  0.004 0.986 0.004 0.006 
665 ZFFDSP27    (0)   18 :  0.005 0.986 0.004 0.005 
