

----------------------------------------------------
STRUCTURE by Pritchard, Stephens and Donnelly (2000)
     and Falush, Stephens and Pritchard (2003)
       Code by Pritchard, Falush and Hubisz
             Version 2.3.4 (Jul 2012)
----------------------------------------------------



Command line arguments:   bin\structure -m C:\Users\eschumacher\Documents\GitHub\GCC_QUAC_ZAIN\Data_Files\Structure_Files\ZAIN\ZAIN_og_allpop_STR\50-50\mainparams -e C:\Users\eschumacher\Documents\GitHub\GCC_QUAC_ZAIN\Data_Files\Structure_Files\ZAIN\ZAIN_og_allpop_STR\50-50\extraparams 
Input File:    C:\Users\eschumacher\Documents\GitHub\GCC_QUAC_ZAIN\Data_Files\Structure_Files\ZAIN\ZAIN_og_allpop_STR\project_data

Run parameters:
   1135 individuals
   11 loci
   8 populations assumed
   50000 Burn-in period
   50000 Reps


--------------------------------------------
Proportion of membership of each pre-defined
 population in each of the 8 clusters

Given    Inferred Clusters                                          Number of
 Pop       1      2      3      4      5      6      7      8      Individuals

  1:     0.010  0.008  0.013  0.011  0.009  0.354  0.008  0.587      303
  2:     0.009  0.008  0.009  0.015  0.009  0.303  0.005  0.642       15
  3:     0.017  0.004  0.122  0.006  0.088  0.274  0.003  0.485        2
  4:     0.016  0.005  0.056  0.004  0.011  0.175  0.006  0.728        2
  5:     0.006  0.008  0.112  0.008  0.008  0.269  0.009  0.580        7
  6:     0.005  0.004  0.010  0.011  0.010  0.679  0.003  0.280       13
  7:     0.004  0.002  0.003  0.002  0.006  0.976  0.002  0.004       13
  8:     0.007  0.009  0.012  0.005  0.005  0.011  0.009  0.943        7
  9:     0.006  0.008  0.007  0.009  0.008  0.114  0.010  0.837       11
 10:     0.017  0.007  0.034  0.007  0.009  0.168  0.013  0.745        9
 11:     0.134  0.009  0.016  0.007  0.774  0.034  0.009  0.018       35
 12:     0.009  0.145  0.007  0.029  0.006  0.006  0.792  0.007       36
 13:     0.007  0.090  0.009  0.009  0.004  0.004  0.871  0.005       33
 14:     0.009  0.008  0.007  0.944  0.014  0.004  0.012  0.003       40
 15:     0.004  0.970  0.004  0.009  0.003  0.003  0.005  0.003       40
 16:     0.118  0.039  0.588  0.034  0.115  0.015  0.072  0.019       40
 17:     0.078  0.015  0.785  0.041  0.028  0.022  0.019  0.012       37
 18:     0.009  0.114  0.004  0.007  0.004  0.003  0.855  0.005       40
 19:     0.852  0.009  0.006  0.038  0.079  0.007  0.005  0.004       28
 20:     0.007  0.010  0.023  0.914  0.028  0.004  0.011  0.003       14
 21:     0.007  0.017  0.910  0.007  0.044  0.006  0.006  0.004       13
 22:     0.007  0.906  0.004  0.015  0.003  0.003  0.059  0.004       14
 23:     0.007  0.048  0.010  0.011  0.004  0.006  0.910  0.004       25
 24:     0.007  0.010  0.013  0.016  0.005  0.003  0.940  0.007       40
 25:     0.013  0.052  0.017  0.859  0.017  0.008  0.017  0.017       32
 26:     0.004  0.004  0.960  0.005  0.010  0.006  0.005  0.006       21
 27:     0.340  0.020  0.066  0.026  0.391  0.120  0.017  0.019        4
 28:     0.807  0.009  0.017  0.015  0.105  0.009  0.034  0.005       23
 29:     0.956  0.004  0.008  0.007  0.013  0.003  0.004  0.003       39
 30:     0.010  0.004  0.011  0.005  0.958  0.005  0.004  0.003       38
 31:     0.005  0.858  0.007  0.008  0.004  0.004  0.110  0.004       45
 32:     0.006  0.559  0.020  0.018  0.005  0.007  0.377  0.009       28
 33:     0.824  0.008  0.028  0.008  0.069  0.030  0.005  0.029        6
 34:     0.051  0.062  0.716  0.027  0.059  0.024  0.053  0.008       40
 35:     0.023  0.022  0.881  0.013  0.029  0.010  0.015  0.008       42
--------------------------------------------

Allele-freq. divergence among pops (Net nucleotide distance),
computed using point estimates of P.

      1       2       3       4       5       6       7       8      
 1      -    0.2073  0.1133  0.1510  0.0940  0.2411  0.2349  0.3035  
 2   0.2073     -    0.1367  0.1176  0.2591  0.3262  0.0906  0.2927  
 3   0.1133  0.1367     -    0.1130  0.1047  0.1588  0.1619  0.2410  
 4   0.1510  0.1176  0.1130     -    0.1934  0.3077  0.1518  0.3048  
 5   0.0940  0.2591  0.1047  0.1934     -    0.1725  0.2536  0.2337  
 6   0.2411  0.3262  0.1588  0.3077  0.1725     -    0.3558  0.1645  
 7   0.2349  0.0906  0.1619  0.1518  0.2536  0.3558     -    0.2815  
 8   0.3035  0.2927  0.2410  0.3048  0.2337  0.1645  0.2815     -    

Average distances (expected heterozygosity) between individuals in same cluster:
cluster  1  : 0.4137 
cluster  2  : 0.4128 
cluster  3  : 0.5661 
cluster  4  : 0.4312 
cluster  5  : 0.4933 
cluster  6  : 0.5155 
cluster  7  : 0.4361 
cluster  8  : 0.4811 

--------------------------------------------
Estimated Ln Prob of Data   = -23234.1
Mean value of ln likelihood = -22761.0
Variance of ln likelihood   = 946.1
Mean value of alpha         = 0.0314

Mean value of Fst_1         = 0.4241
Mean value of Fst_2         = 0.5337
Mean value of Fst_3         = 0.1833
Mean value of Fst_4         = 0.4872
Mean value of Fst_5         = 0.4350
Mean value of Fst_6         = 0.2918
Mean value of Fst_7         = 0.3934
Mean value of Fst_8         = 0.3314


Inferred ancestry of individuals:
        Label (%Miss) Pop:  Inferred clusters
  1 TMA-ZAIN-G-    (9)    1 :  0.048 0.003 0.012 0.003 0.171 0.597 0.004 0.162 
  2 TMA-ZAIN-G-    (0)    1 :  0.076 0.007 0.013 0.100 0.032 0.620 0.085 0.065 
  3 TMA-ZAIN-G-    (0)    1 :  0.003 0.003 0.002 0.003 0.003 0.004 0.004 0.978 
  4 TMA-ZAIN-G-    (0)    1 :  0.021 0.003 0.009 0.027 0.062 0.084 0.003 0.790 
  5 TMA-ZAIN-G-    (0)    1 :  0.024 0.003 0.005 0.005 0.020 0.929 0.007 0.006 
  6 TMA-ZAIN-G-    (0)    1 :  0.006 0.003 0.019 0.006 0.015 0.052 0.005 0.893 
  7 TMA-ZAIN-G-    (0)    1 :  0.005 0.005 0.004 0.005 0.004 0.008 0.005 0.964 
  8 TMA-ZAIN-G-    (0)    1 :  0.003 0.004 0.003 0.004 0.003 0.003 0.004 0.977 
  9 TMA-ZAIN-G-    (9)    1 :  0.020 0.019 0.021 0.014 0.018 0.005 0.034 0.869 
 10 TMA-ZAIN-G-    (0)    1 :  0.002 0.004 0.004 0.003 0.003 0.004 0.004 0.977 
 11 TMA-ZAIN-G-    (0)    1 :  0.004 0.031 0.006 0.007 0.004 0.006 0.005 0.937 
 12 TMA-ZAIN-G-    (0)    1 :  0.005 0.003 0.003 0.004 0.003 0.003 0.005 0.974 
 13 TMA-ZAIN-G-    (9)    1 :  0.008 0.009 0.006 0.003 0.009 0.039 0.005 0.920 
 14 TMA-ZAIN-G-    (9)    1 :  0.008 0.006 0.008 0.012 0.011 0.006 0.004 0.946 
 15 TMA-ZAIN-G-    (0)    1 :  0.008 0.005 0.005 0.012 0.006 0.004 0.002 0.960 
 16 TMA-ZAIN-G-    (0)    1 :  0.003 0.003 0.004 0.002 0.003 0.004 0.004 0.976 
 17 TMA-ZAIN-G-    (9)    1 :  0.004 0.003 0.004 0.004 0.006 0.007 0.002 0.970 
 18 TMA-ZAIN-G-    (0)    1 :  0.016 0.002 0.005 0.006 0.005 0.945 0.003 0.018 
 19 TMA-ZAIN-G-    (0)    1 :  0.010 0.004 0.005 0.003 0.006 0.890 0.003 0.080 
 20 TMA-ZAIN-G-    (0)    1 :  0.003 0.002 0.005 0.004 0.003 0.976 0.002 0.003 
 21 TMA-ZAIN-G-    (0)    1 :  0.002 0.004 0.016 0.005 0.003 0.954 0.008 0.008 
 22 TMA-ZAIN-G-    (0)    1 :  0.004 0.002 0.003 0.003 0.005 0.978 0.002 0.003 
 23 TMA-ZAIN-G-    (0)    1 :  0.004 0.003 0.004 0.002 0.004 0.975 0.002 0.005 
 24 TMA-ZAIN-G-    (9)    1 :  0.003 0.025 0.003 0.003 0.005 0.868 0.059 0.034 
 25 TMA-ZAIN-G-    (9)    1 :  0.024 0.002 0.039 0.002 0.005 0.844 0.031 0.053 
 26 TMA-ZAIN-G-    (9)    1 :  0.002 0.006 0.004 0.029 0.002 0.080 0.004 0.873 
 27 TMA-ZAIN-G-    (0)    1 :  0.015 0.006 0.045 0.140 0.010 0.732 0.007 0.044 
 28 TMA-ZAIN-G-    (0)    1 :  0.020 0.023 0.241 0.009 0.072 0.377 0.052 0.206 
 29 TMA-ZAIN-G-    (0)    1 :  0.002 0.003 0.203 0.003 0.002 0.022 0.016 0.748 
 30 TMA-ZAIN-G-    (0)    1 :  0.005 0.031 0.022 0.009 0.015 0.009 0.044 0.865 
 31 TMA-ZAIN-G-    (0)    1 :  0.010 0.004 0.004 0.008 0.005 0.958 0.004 0.007 
 32 TMA-ZAIN-G-    (9)    1 :  0.018 0.005 0.003 0.003 0.004 0.626 0.012 0.330 
 33 TMA-ZAIN-G-   (18)    1 :  0.004 0.003 0.003 0.003 0.003 0.004 0.004 0.977 
 34 TMA-ZAIN-G-    (0)    1 :  0.006 0.003 0.002 0.005 0.003 0.067 0.007 0.906 
 35 TMA-ZAIN-G-    (9)    1 :  0.005 0.003 0.003 0.003 0.003 0.004 0.004 0.974 
 36 TMA-ZAIN-G-    (0)    1 :  0.003 0.004 0.002 0.003 0.003 0.004 0.003 0.977 
 37 TMA-ZAIN-G-    (9)    1 :  0.004 0.003 0.005 0.006 0.005 0.009 0.005 0.962 
 38 TMA-ZAIN-G-   (18)    1 :  0.025 0.004 0.009 0.006 0.158 0.501 0.005 0.293 
 39 TMA-ZAIN-G-    (0)    1 :  0.002 0.003 0.004 0.003 0.003 0.004 0.007 0.973 
 40 TMA-ZAIN-G-    (0)    1 :  0.002 0.003 0.003 0.003 0.003 0.003 0.005 0.979 
 41 TMA-ZAIN-G-    (0)    1 :  0.003 0.005 0.003 0.003 0.003 0.003 0.004 0.975 
 42 TMA-ZAIN-G-    (9)    1 :  0.003 0.007 0.003 0.004 0.003 0.003 0.003 0.974 
 43 TMA-ZAIN-G-    (0)    1 :  0.009 0.005 0.005 0.018 0.007 0.005 0.003 0.947 
 44 TMA-ZAIN-G-    (0)    1 :  0.002 0.032 0.022 0.023 0.004 0.878 0.022 0.018 
 45 TMA-ZAIN-G-    (0)    1 :  0.004 0.003 0.007 0.006 0.007 0.007 0.005 0.961 
 46 TMA-ZAIN-G-    (0)    1 :  0.002 0.003 0.005 0.003 0.003 0.978 0.003 0.003 
 47 TMA-ZAIN-G-    (0)    1 :  0.004 0.003 0.014 0.033 0.005 0.059 0.003 0.878 
 48 TMA-ZAIN-G-    (0)    1 :  0.004 0.006 0.005 0.009 0.004 0.025 0.005 0.942 
 49 TMA-ZAIN-G-    (9)    1 :  0.013 0.003 0.298 0.004 0.011 0.448 0.010 0.212 
 50 TMA-ZAIN-G-    (0)    1 :  0.004 0.011 0.083 0.002 0.004 0.818 0.006 0.071 
 51 TMA-ZAIN-G-    (0)    1 :  0.007 0.113 0.102 0.203 0.013 0.521 0.010 0.032 
 52 TMA-ZAIN-G-    (0)    1 :  0.009 0.051 0.041 0.157 0.059 0.409 0.022 0.252 
 53 TMA-ZAIN-G-    (0)    1 :  0.004 0.053 0.009 0.092 0.006 0.794 0.003 0.039 
 54 TMA-ZAIN-G-    (0)    1 :  0.004 0.009 0.005 0.016 0.003 0.075 0.003 0.885 
 55 TMA-ZAIN-G-    (0)    1 :  0.003 0.011 0.007 0.018 0.003 0.104 0.003 0.851 
 56 TMA-ZAIN-G-    (0)    1 :  0.015 0.004 0.016 0.032 0.031 0.129 0.003 0.770 
 57 TMA-ZAIN-G-    (0)    1 :  0.005 0.004 0.004 0.014 0.005 0.221 0.003 0.743 
 58 TMA-ZAIN-G-    (0)    1 :  0.005 0.006 0.013 0.005 0.006 0.896 0.004 0.064 
 59 TMA-ZAIN-G-    (0)    1 :  0.004 0.019 0.005 0.006 0.004 0.820 0.034 0.108 
 60 TMA-ZAIN-G-    (0)    1 :  0.023 0.006 0.010 0.009 0.010 0.908 0.004 0.030 
 61 TMA-ZAIN-G-    (0)    1 :  0.006 0.003 0.004 0.004 0.006 0.964 0.005 0.007 
 62 TMA-ZAIN-G-    (9)    1 :  0.057 0.005 0.020 0.016 0.067 0.782 0.011 0.043 
 63 TMA-ZAIN-G-    (0)    1 :  0.074 0.004 0.007 0.015 0.020 0.865 0.004 0.012 
 64 TMA-ZAIN-G-    (0)    1 :  0.002 0.003 0.003 0.003 0.002 0.003 0.025 0.959 
 65 TMA-ZAIN-G-    (9)    1 :  0.003 0.003 0.002 0.004 0.003 0.003 0.005 0.978 
 66 TMA-ZAIN-G-    (0)    1 :  0.002 0.003 0.003 0.003 0.002 0.003 0.010 0.973 
 67 TMA-ZAIN-G-    (0)    1 :  0.002 0.003 0.008 0.003 0.006 0.009 0.011 0.958 
 68 TMA-ZAIN-G-    (0)    1 :  0.002 0.003 0.002 0.003 0.002 0.002 0.009 0.975 
 69 TMA-ZAIN-G-    (0)    1 :  0.006 0.004 0.012 0.007 0.009 0.016 0.023 0.924 
 70 TMA-ZAIN-G-    (0)    1 :  0.003 0.008 0.005 0.005 0.003 0.005 0.013 0.959 
 71 TMA-ZAIN-G-    (0)    1 :  0.002 0.016 0.005 0.007 0.003 0.004 0.027 0.936 
 72 TMA-ZAIN-G-    (0)    1 :  0.003 0.005 0.003 0.003 0.003 0.005 0.005 0.973 
 73 TMA-ZAIN-G-    (0)    1 :  0.002 0.006 0.004 0.019 0.002 0.054 0.012 0.900 
 74 TMA-ZAIN-G-    (0)    1 :  0.004 0.007 0.013 0.007 0.008 0.017 0.014 0.931 
 75 TMA-ZAIN-G-    (0)    1 :  0.003 0.021 0.006 0.018 0.003 0.005 0.016 0.929 
 76 TMA-ZAIN-G-    (0)    1 :  0.003 0.013 0.054 0.008 0.016 0.040 0.018 0.848 
 77 TMA-ZAIN-G-    (0)    1 :  0.002 0.004 0.005 0.003 0.003 0.006 0.005 0.971 
 78 TMA-ZAIN-G-    (0)    1 :  0.004 0.003 0.017 0.005 0.011 0.032 0.004 0.924 
 79 TMA-ZAIN-G-    (0)    1 :  0.003 0.004 0.009 0.004 0.005 0.013 0.004 0.959 
 80 TMA-ZAIN-G-    (0)    1 :  0.002 0.003 0.004 0.004 0.003 0.004 0.005 0.976 
 81 TMA-ZAIN-G-    (0)    1 :  0.003 0.006 0.007 0.006 0.004 0.007 0.006 0.961 
 82 TMA-ZAIN-G-    (0)    1 :  0.003 0.005 0.003 0.007 0.003 0.003 0.013 0.963 
 83 TMA-ZAIN-G-    (9)    1 :  0.005 0.004 0.003 0.009 0.003 0.059 0.008 0.909 
 84 TMA-ZAIN-G-    (0)    1 :  0.003 0.003 0.011 0.003 0.009 0.020 0.005 0.947 
 85 TMA-ZAIN-G-    (0)    1 :  0.006 0.002 0.004 0.004 0.011 0.947 0.002 0.024 
 86 TMA-ZAIN-G-    (0)    1 :  0.004 0.003 0.007 0.009 0.017 0.810 0.004 0.147 
 87 TMA-ZAIN-G-    (0)    1 :  0.005 0.002 0.004 0.004 0.009 0.963 0.002 0.010 
 88 TMA-ZAIN-G-    (0)    1 :  0.006 0.004 0.004 0.005 0.006 0.401 0.007 0.567 
 89 TMA-ZAIN-G-    (0)    1 :  0.005 0.006 0.006 0.014 0.014 0.377 0.004 0.574 
 90 TMA-ZAIN-G-    (0)    1 :  0.006 0.002 0.013 0.008 0.011 0.727 0.003 0.229 
 91 TMA-ZAIN-G-    (0)    1 :  0.004 0.005 0.004 0.018 0.007 0.574 0.004 0.384 
 92 TMA-ZAIN-G-    (0)    1 :  0.004 0.003 0.010 0.006 0.005 0.862 0.003 0.108 
 93 TMA-ZAIN-G-    (0)    1 :  0.003 0.008 0.006 0.029 0.004 0.671 0.005 0.275 
 94 TMA-ZAIN-G-    (0)    1 :  0.004 0.003 0.005 0.006 0.006 0.958 0.003 0.014 
 95 TMA-ZAIN-G-    (0)    1 :  0.011 0.073 0.090 0.007 0.019 0.663 0.107 0.031 
 96 TMA-ZAIN-G-    (0)    1 :  0.025 0.005 0.221 0.006 0.167 0.056 0.005 0.516 
 97 TMA-ZAIN-G-    (0)    1 :  0.081 0.008 0.004 0.007 0.007 0.874 0.013 0.006 
 98 TMA-ZAIN-G-    (0)    1 :  0.166 0.009 0.003 0.007 0.003 0.750 0.056 0.007 
 99 TMA-ZAIN-G-    (0)    1 :  0.019 0.017 0.004 0.003 0.004 0.630 0.240 0.083 
100 TMA-ZAIN-G-    (0)    1 :  0.012 0.003 0.007 0.026 0.007 0.937 0.003 0.004 
101 TMA-ZAIN-G-    (0)    1 :  0.023 0.005 0.006 0.005 0.005 0.887 0.020 0.049 
102 TMA-ZAIN-G-    (0)    1 :  0.010 0.008 0.004 0.003 0.004 0.942 0.006 0.023 
103 TMA-ZAIN-G-    (0)    1 :  0.046 0.003 0.004 0.003 0.005 0.915 0.003 0.021 
104 TMA-ZAIN-G-    (0)    1 :  0.373 0.003 0.003 0.003 0.003 0.607 0.004 0.004 
105 TMA-ZAIN-G-    (0)    1 :  0.081 0.003 0.004 0.003 0.004 0.866 0.004 0.035 
106 TMA-ZAIN-G-    (0)    1 :  0.003 0.005 0.002 0.003 0.003 0.003 0.004 0.977 
107 TMA-ZAIN-G-    (0)    1 :  0.003 0.005 0.003 0.003 0.003 0.004 0.018 0.961 
108 TMA-ZAIN-G-    (9)    1 :  0.014 0.004 0.006 0.019 0.018 0.493 0.006 0.440 
109 TMA-ZAIN-G-    (0)    1 :  0.040 0.003 0.014 0.004 0.039 0.130 0.005 0.764 
110 TMA-ZAIN-G-    (0)    1 :  0.005 0.004 0.020 0.003 0.013 0.188 0.005 0.762 
111 TMA-ZAIN-G-    (9)    1 :  0.016 0.003 0.004 0.007 0.009 0.841 0.013 0.106 
112 TMA-ZAIN-G-    (0)    1 :  0.006 0.006 0.004 0.004 0.004 0.401 0.006 0.568 
113 TMA-ZAIN-G-    (0)    1 :  0.012 0.006 0.003 0.006 0.017 0.855 0.047 0.052 
114 TMA-ZAIN-G-    (0)    1 :  0.009 0.003 0.005 0.003 0.018 0.950 0.007 0.006 
115 TMA-ZAIN-G-    (0)    1 :  0.069 0.003 0.006 0.007 0.103 0.789 0.009 0.013 
116 TMA-ZAIN-G-    (0)    1 :  0.004 0.003 0.002 0.004 0.003 0.003 0.006 0.976 
117 TMA-ZAIN-G-    (0)    1 :  0.003 0.004 0.003 0.004 0.003 0.004 0.004 0.975 
118 TMA-ZAIN-G-    (0)    1 :  0.004 0.003 0.002 0.003 0.003 0.003 0.004 0.977 
119 TMA-ZAIN-G-    (0)    1 :  0.006 0.003 0.005 0.003 0.005 0.008 0.006 0.964 
120 TMA-ZAIN-G-    (0)    1 :  0.005 0.003 0.003 0.003 0.003 0.004 0.004 0.975 
121 TMA-ZAIN-G-    (0)    1 :  0.004 0.003 0.003 0.003 0.003 0.003 0.005 0.976 
122 TMA-ZAIN-G-    (0)    1 :  0.004 0.003 0.005 0.005 0.005 0.008 0.005 0.964 
123 TMA-ZAIN-G-    (0)    1 :  0.054 0.003 0.007 0.004 0.113 0.804 0.003 0.010 
124 TMA-ZAIN-G-    (0)    1 :  0.004 0.006 0.003 0.003 0.003 0.004 0.003 0.974 
125 TMA-ZAIN-G-    (0)    1 :  0.002 0.004 0.002 0.005 0.002 0.003 0.003 0.979 
126 TMA-ZAIN-G-    (0)    1 :  0.004 0.007 0.002 0.003 0.003 0.003 0.003 0.975 
127 TMA-ZAIN-G-    (0)    1 :  0.003 0.006 0.003 0.002 0.002 0.003 0.003 0.978 
128 TMA-ZAIN-G-    (0)    1 :  0.003 0.004 0.003 0.003 0.003 0.003 0.003 0.978 
129 TMA-ZAIN-G-    (0)    1 :  0.004 0.008 0.003 0.003 0.003 0.004 0.004 0.971 
130 TMA-ZAIN-G-    (0)    1 :  0.005 0.005 0.002 0.005 0.003 0.003 0.002 0.974 
131 TMA-ZAIN-G-    (0)    1 :  0.004 0.005 0.003 0.003 0.003 0.004 0.003 0.975 
132 TMA-ZAIN-G-    (0)    1 :  0.003 0.004 0.003 0.005 0.002 0.003 0.004 0.976 
133 TMA-ZAIN-G-    (0)    1 :  0.002 0.004 0.005 0.004 0.003 0.005 0.003 0.973 
134 TMA-ZAIN-G-    (0)    1 :  0.003 0.005 0.003 0.004 0.003 0.003 0.003 0.975 
135 TMA-ZAIN-G-    (0)    1 :  0.002 0.004 0.003 0.002 0.003 0.004 0.006 0.976 
136 TMA-ZAIN-G-    (0)    1 :  0.002 0.003 0.004 0.005 0.003 0.004 0.007 0.972 
137 TMA-ZAIN-G-    (0)    1 :  0.003 0.003 0.003 0.002 0.004 0.005 0.005 0.975 
138 TMA-ZAIN-G-    (0)    1 :  0.003 0.005 0.002 0.003 0.003 0.003 0.005 0.977 
139 TMA-ZAIN-G-    (0)    1 :  0.003 0.004 0.003 0.004 0.003 0.003 0.004 0.976 
140 TMA-ZAIN-G-    (0)    1 :  0.003 0.004 0.003 0.002 0.003 0.004 0.005 0.975 
141 TMA-ZAIN-G-    (0)    1 :  0.004 0.004 0.003 0.003 0.004 0.004 0.003 0.975 
142 TMA-ZAIN-G-    (9)    1 :  0.003 0.003 0.003 0.002 0.003 0.004 0.005 0.977 
143 TMA-ZAIN-G-    (0)    1 :  0.003 0.004 0.003 0.002 0.003 0.004 0.004 0.976 
144 TMA-ZAIN-G-    (0)    1 :  0.003 0.004 0.005 0.005 0.003 0.005 0.004 0.971 
145 TMA-ZAIN-G-    (0)    1 :  0.002 0.002 0.002 0.004 0.002 0.002 0.006 0.980 
146 TMA-ZAIN-G-    (0)    1 :  0.002 0.007 0.003 0.005 0.003 0.003 0.009 0.966 
147 TMA-ZAIN-G-    (9)    1 :  0.002 0.003 0.003 0.003 0.003 0.003 0.005 0.977 
148 TMA-ZAIN-G-    (0)    1 :  0.002 0.015 0.003 0.009 0.003 0.003 0.005 0.960 
149 TMA-ZAIN-G-    (0)    1 :  0.005 0.007 0.003 0.003 0.003 0.009 0.004 0.966 
150 TMA-ZAIN-G-    (0)    1 :  0.005 0.010 0.003 0.005 0.003 0.006 0.010 0.957 
151 TMA-ZAIN-G-    (0)    1 :  0.004 0.002 0.002 0.003 0.003 0.002 0.005 0.978 
152 TMA-ZAIN-G-    (0)    1 :  0.006 0.002 0.002 0.004 0.003 0.003 0.004 0.975 
153 TMA-ZAIN-G-    (0)    1 :  0.003 0.004 0.002 0.003 0.002 0.003 0.005 0.978 
154 TMA-ZAIN-G-    (0)    1 :  0.004 0.003 0.002 0.002 0.003 0.003 0.004 0.979 
155 TMA-ZAIN-G-    (0)    1 :  0.004 0.003 0.002 0.002 0.003 0.003 0.006 0.976 
156 TMA-ZAIN-G-    (9)    1 :  0.009 0.005 0.003 0.006 0.004 0.004 0.004 0.965 
157 TMA-ZAIN-G-    (0)    1 :  0.006 0.004 0.003 0.004 0.005 0.003 0.004 0.971 
158 TMA-ZAIN-G-    (0)    1 :  0.003 0.006 0.004 0.004 0.003 0.004 0.008 0.968 
159 TMA-ZAIN-G-    (0)    1 :  0.003 0.006 0.003 0.005 0.003 0.003 0.009 0.967 
160 TMA-ZAIN-G-    (0)    1 :  0.003 0.002 0.002 0.003 0.003 0.003 0.009 0.974 
161 TMA-ZAIN-G-    (0)    1 :  0.003 0.004 0.002 0.004 0.002 0.003 0.004 0.978 
162 TMA-ZAIN-G-    (0)    1 :  0.005 0.004 0.002 0.002 0.002 0.005 0.007 0.973 
163 TMA-ZAIN-G-    (0)    1 :  0.003 0.002 0.002 0.002 0.003 0.003 0.005 0.980 
164 TMA-ZAIN-G-    (0)    1 :  0.005 0.003 0.003 0.004 0.003 0.004 0.005 0.974 
165 TMA-ZAIN-G-    (0)    1 :  0.003 0.003 0.002 0.002 0.003 0.003 0.007 0.977 
166 TMA-ZAIN-G-    (0)    1 :  0.002 0.003 0.002 0.003 0.002 0.003 0.005 0.979 
167 TMA-ZAIN-G-    (0)    1 :  0.003 0.004 0.004 0.003 0.004 0.006 0.005 0.972 
168 TMA-ZAIN-G-    (0)    1 :  0.005 0.003 0.003 0.006 0.005 0.003 0.008 0.967 
169 TMA-ZAIN-G-    (0)    1 :  0.003 0.003 0.002 0.003 0.003 0.003 0.012 0.971 
170 TMA-ZAIN-G-    (0)    1 :  0.007 0.003 0.008 0.003 0.011 0.012 0.006 0.949 
171 TMA-ZAIN-G-    (0)    1 :  0.003 0.003 0.002 0.003 0.003 0.003 0.008 0.974 
172 TMA-ZAIN-G-    (0)    1 :  0.004 0.004 0.005 0.003 0.005 0.005 0.004 0.970 
173 TMA-ZAIN-G-    (0)    1 :  0.004 0.004 0.006 0.004 0.005 0.005 0.003 0.970 
174 TMA-ZAIN-G-    (0)    1 :  0.002 0.003 0.002 0.003 0.002 0.003 0.006 0.979 
175 TMA-ZAIN-G-    (0)    1 :  0.003 0.009 0.003 0.006 0.003 0.004 0.011 0.960 
176 TMA-ZAIN-G-    (0)    1 :  0.003 0.009 0.004 0.005 0.003 0.004 0.010 0.962 
177 TMA-ZAIN-G-    (0)    1 :  0.004 0.032 0.008 0.020 0.005 0.004 0.014 0.915 
178 TMA-ZAIN-G-    (0)    1 :  0.006 0.004 0.009 0.007 0.007 0.005 0.005 0.956 
179 TMA-ZAIN-G-    (0)    1 :  0.003 0.008 0.005 0.008 0.004 0.003 0.008 0.960 
180 TMA-ZAIN-G-    (0)    1 :  0.003 0.004 0.003 0.003 0.003 0.004 0.004 0.975 
181 TMA-ZAIN-G-    (0)    1 :  0.004 0.009 0.003 0.004 0.004 0.003 0.004 0.968 
182 TMA-ZAIN-G-    (0)    1 :  0.007 0.010 0.003 0.005 0.005 0.004 0.003 0.962 
183 TMA-ZAIN-G-    (0)    1 :  0.004 0.007 0.004 0.003 0.004 0.004 0.004 0.972 
184 TMA-ZAIN-G-    (0)    1 :  0.004 0.009 0.003 0.003 0.003 0.008 0.005 0.966 
185 TMA-ZAIN-G-    (0)    1 :  0.003 0.007 0.004 0.003 0.003 0.012 0.006 0.962 
186 TMA-ZAIN-G-    (9)    1 :  0.003 0.006 0.006 0.003 0.003 0.006 0.004 0.970 
187 TMA-ZAIN-G-    (0)    1 :  0.004 0.006 0.004 0.003 0.004 0.004 0.005 0.969 
188 TMA-ZAIN-G-    (0)    1 :  0.002 0.006 0.002 0.002 0.002 0.003 0.005 0.977 
189 TMA-ZAIN-G-    (0)    1 :  0.002 0.007 0.002 0.002 0.002 0.003 0.004 0.977 
190 TMA-ZAIN-G-    (0)    1 :  0.005 0.009 0.010 0.016 0.006 0.004 0.006 0.945 
191 TMA-ZAIN-G-    (0)    1 :  0.003 0.025 0.003 0.002 0.002 0.009 0.006 0.951 
192 TMA-ZAIN-G-    (0)    1 :  0.004 0.007 0.004 0.003 0.004 0.004 0.004 0.971 
193 TMA-ZAIN-G-    (0)    1 :  0.008 0.012 0.005 0.024 0.006 0.004 0.003 0.940 
194 TMA-ZAIN-G-    (0)    1 :  0.006 0.006 0.007 0.032 0.006 0.005 0.003 0.935 
195 TMA-ZAIN-G-    (0)    1 :  0.009 0.033 0.007 0.045 0.006 0.004 0.004 0.892 
196 TMA-ZAIN-G-    (0)    1 :  0.009 0.008 0.005 0.011 0.007 0.004 0.003 0.953 
197 TMA-ZAIN-G-    (0)    1 :  0.004 0.008 0.004 0.010 0.004 0.004 0.003 0.963 
198 TMA-ZAIN-G-    (0)    1 :  0.006 0.007 0.004 0.011 0.006 0.004 0.003 0.958 
199 TMA-ZAIN-G-    (0)    1 :  0.002 0.005 0.004 0.003 0.003 0.005 0.004 0.974 
200 TMA-ZAIN-G-    (0)    1 :  0.009 0.002 0.019 0.012 0.018 0.935 0.002 0.003 
201 TMA-ZAIN-G-    (0)    1 :  0.002 0.002 0.006 0.003 0.003 0.977 0.003 0.004 
202 TMA-ZAIN-G-    (0)    1 :  0.008 0.003 0.031 0.009 0.024 0.915 0.003 0.006 
203 TMA-ZAIN-G-    (0)    1 :  0.022 0.008 0.005 0.013 0.012 0.005 0.003 0.932 
204 TMA-ZAIN-G-    (9)    1 :  0.007 0.071 0.037 0.011 0.005 0.848 0.013 0.007 
205 TMA-ZAIN-G-    (0)    1 :  0.002 0.004 0.010 0.005 0.004 0.872 0.004 0.101 
206 TMA-ZAIN-G-    (9)    1 :  0.006 0.006 0.023 0.011 0.012 0.917 0.006 0.019 
207 TMA-ZAIN-G-    (9)    1 :  0.004 0.003 0.006 0.012 0.007 0.008 0.004 0.957 
208 TMA-ZAIN-G-    (0)    1 :  0.002 0.003 0.003 0.003 0.002 0.003 0.005 0.980 
209 TMA-ZAIN-G-    (0)    1 :  0.002 0.006 0.002 0.006 0.002 0.003 0.003 0.975 
210 TMA-ZAIN-G-    (0)    1 :  0.004 0.004 0.004 0.007 0.004 0.003 0.004 0.970 
211 TMA-ZAIN-G-    (0)    1 :  0.004 0.005 0.005 0.003 0.007 0.011 0.003 0.962 
212 TMA-ZAIN-G-    (0)    1 :  0.004 0.003 0.005 0.006 0.005 0.004 0.005 0.969 
213 TMA-ZAIN-G-    (0)    1 :  0.003 0.006 0.003 0.003 0.003 0.004 0.004 0.975 
214 TMA-ZAIN-G-    (0)    1 :  0.002 0.004 0.003 0.002 0.003 0.003 0.004 0.979 
215 TMA-ZAIN-G-    (0)    1 :  0.002 0.003 0.079 0.002 0.004 0.082 0.003 0.824 
216 TMA-ZAIN-G-    (0)    1 :  0.002 0.004 0.004 0.003 0.003 0.005 0.003 0.976 
217 TMA-ZAIN-G-    (0)    1 :  0.003 0.004 0.002 0.003 0.003 0.003 0.004 0.978 
218 TMA-ZAIN-G-    (0)    1 :  0.008 0.014 0.117 0.007 0.012 0.755 0.050 0.039 
219 TMA-ZAIN-G-    (0)    1 :  0.004 0.013 0.075 0.010 0.017 0.855 0.014 0.012 
220 TMA-ZAIN-G-    (0)    1 :  0.185 0.005 0.113 0.005 0.015 0.594 0.013 0.072 
221 TMA-ZAIN-G-    (0)    1 :  0.003 0.030 0.086 0.006 0.030 0.756 0.050 0.038 
222 TMA-ZAIN-G-    (0)    1 :  0.005 0.004 0.005 0.003 0.003 0.954 0.003 0.022 
223 TMA-ZAIN-G-    (0)    1 :  0.004 0.002 0.025 0.003 0.007 0.950 0.002 0.006 
224 TMA-ZAIN-G-    (0)    1 :  0.004 0.004 0.014 0.003 0.007 0.899 0.002 0.066 
225 TMA-ZAIN-G-    (0)    1 :  0.011 0.003 0.034 0.004 0.009 0.932 0.002 0.006 
226 TMA-ZAIN-G-    (0)    1 :  0.008 0.002 0.011 0.003 0.013 0.947 0.002 0.013 
227 TMA-ZAIN-G-    (0)    1 :  0.009 0.004 0.015 0.005 0.012 0.940 0.003 0.012 
228 TMA-ZAIN-G-    (0)    1 :  0.005 0.017 0.035 0.014 0.013 0.852 0.010 0.055 
229 TMA-ZAIN-G-    (0)    1 :  0.004 0.002 0.011 0.003 0.005 0.958 0.009 0.008 
230 TMA-ZAIN-G-    (0)    1 :  0.013 0.021 0.021 0.023 0.011 0.546 0.009 0.355 
231 TMA-ZAIN-G-    (0)    1 :  0.007 0.003 0.004 0.003 0.003 0.964 0.003 0.012 
232 TMA-ZAIN-G-    (9)    1 :  0.005 0.004 0.004 0.003 0.003 0.967 0.004 0.010 
233 TMA-ZAIN-G-    (0)    1 :  0.004 0.003 0.056 0.005 0.003 0.775 0.012 0.142 
234 TMA-ZAIN-G-    (0)    1 :  0.013 0.003 0.009 0.013 0.005 0.946 0.004 0.007 
235 TMA-ZAIN-G-    (0)    1 :  0.025 0.006 0.021 0.016 0.102 0.780 0.010 0.040 
236 TMA-ZAIN-G-    (0)    1 :  0.010 0.003 0.021 0.004 0.032 0.914 0.003 0.014 
237 TMA-ZAIN-G-    (0)    1 :  0.004 0.004 0.009 0.005 0.007 0.844 0.006 0.121 
238 TMA-ZAIN-G-    (0)    1 :  0.003 0.004 0.008 0.002 0.005 0.958 0.004 0.016 
239 TMA-ZAIN-G-    (0)    1 :  0.002 0.047 0.005 0.040 0.003 0.790 0.012 0.101 
240 TMA-ZAIN-G-    (0)    1 :  0.002 0.002 0.005 0.004 0.003 0.978 0.003 0.003 
241 TMA-ZAIN-G-    (0)    1 :  0.002 0.004 0.004 0.003 0.004 0.970 0.006 0.008 
242 TMA-ZAIN-G-    (0)    1 :  0.002 0.004 0.008 0.003 0.004 0.962 0.008 0.010 
243 TMA-ZAIN-G-    (0)    1 :  0.002 0.005 0.007 0.005 0.003 0.955 0.011 0.012 
244 TMA-ZAIN-G-    (0)    1 :  0.002 0.005 0.007 0.003 0.004 0.947 0.013 0.019 
245 TMA-ZAIN-G-    (9)    1 :  0.002 0.003 0.005 0.002 0.003 0.976 0.003 0.005 
246 TMA-ZAIN-G-    (0)    1 :  0.002 0.002 0.007 0.004 0.003 0.975 0.003 0.004 
247 TMA-ZAIN-G-    (0)    1 :  0.002 0.004 0.014 0.005 0.003 0.958 0.008 0.008 
248 TMA-ZAIN-G-    (0)    1 :  0.003 0.003 0.014 0.007 0.006 0.953 0.006 0.007 
249 TMA-ZAIN-G-    (0)    1 :  0.003 0.003 0.014 0.007 0.005 0.960 0.003 0.004 
250 TMA-ZAIN-G-    (0)    1 :  0.002 0.006 0.015 0.004 0.003 0.956 0.006 0.008 
251 TMA-ZAIN-G-    (0)    1 :  0.008 0.004 0.009 0.048 0.015 0.081 0.002 0.833 
252 TMA-ZAIN-G-    (0)    1 :  0.003 0.008 0.007 0.059 0.003 0.014 0.006 0.900 
253 TMA-ZAIN-G-    (0)    1 :  0.004 0.005 0.004 0.020 0.003 0.042 0.004 0.918 
254 TMA-ZAIN-G-    (9)    1 :  0.005 0.003 0.005 0.006 0.003 0.019 0.004 0.956 
255 TMA-ZAIN-G-    (0)    1 :  0.008 0.004 0.004 0.041 0.015 0.230 0.005 0.692 
256 TMA-ZAIN-G-    (0)    1 :  0.004 0.008 0.005 0.019 0.003 0.105 0.003 0.852 
257 TMA-ZAIN-G-    (0)    1 :  0.004 0.006 0.007 0.045 0.006 0.051 0.002 0.879 
258 TMA-ZAIN-G-    (0)    1 :  0.003 0.003 0.007 0.031 0.003 0.030 0.003 0.921 
259 TMA-ZAIN-G-    (0)    1 :  0.003 0.006 0.008 0.184 0.005 0.309 0.003 0.482 
260 TMA-ZAIN-G-    (0)    1 :  0.003 0.005 0.009 0.098 0.003 0.220 0.006 0.656 
261 TMA-ZAIN-G-   (18)    1 :  0.010 0.004 0.007 0.049 0.024 0.014 0.003 0.889 
262 TMA-ZAIN-G-    (0)    1 :  0.004 0.004 0.008 0.043 0.006 0.048 0.002 0.884 
263 TMA-ZAIN-G-    (0)    1 :  0.007 0.005 0.006 0.091 0.005 0.203 0.003 0.680 
264 TMA-ZAIN-G-    (0)    1 :  0.009 0.005 0.005 0.046 0.004 0.179 0.004 0.749 
265 TMA-ZAIN-G-    (0)    1 :  0.003 0.009 0.013 0.022 0.003 0.521 0.008 0.421 
266 TMA-ZAIN-G-    (0)    1 :  0.004 0.005 0.006 0.009 0.004 0.022 0.003 0.948 
267 TMA-ZAIN-G-    (0)    1 :  0.005 0.005 0.006 0.011 0.004 0.936 0.007 0.028 
268 TMA-ZAIN-G-    (0)    1 :  0.007 0.002 0.003 0.003 0.017 0.962 0.002 0.004 
269 TMA-ZAIN-G-    (0)    1 :  0.006 0.002 0.003 0.003 0.006 0.973 0.002 0.005 
270 TMA-ZAIN-G-    (0)    1 :  0.004 0.002 0.003 0.003 0.006 0.974 0.002 0.005 
271 TMA-ZAIN-G-    (0)    1 :  0.004 0.002 0.003 0.003 0.011 0.970 0.002 0.003 
272 TMA-ZAIN-G-    (0)    1 :  0.004 0.002 0.003 0.002 0.004 0.979 0.002 0.004 
273 TMA-ZAIN-G-    (0)    1 :  0.003 0.002 0.003 0.002 0.004 0.982 0.002 0.003 
274 TMA-ZAIN-G-    (0)    1 :  0.004 0.006 0.004 0.003 0.005 0.969 0.004 0.006 
275 TMA-ZAIN-G-    (0)    1 :  0.003 0.002 0.003 0.002 0.006 0.979 0.002 0.003 
276 TMA-ZAIN-G-    (0)    1 :  0.003 0.002 0.002 0.002 0.011 0.975 0.002 0.003 
277 TMA-ZAIN-G-    (0)    1 :  0.003 0.003 0.004 0.002 0.004 0.976 0.003 0.004 
278 TMA-ZAIN-G-    (0)    1 :  0.003 0.002 0.003 0.002 0.003 0.981 0.002 0.003 
279 TMA-ZAIN-G-    (0)    1 :  0.003 0.003 0.004 0.002 0.003 0.979 0.002 0.004 
280 TMA-ZAIN-G-    (0)    1 :  0.005 0.003 0.004 0.002 0.004 0.976 0.002 0.004 
281 TMA-ZAIN-G-    (0)    1 :  0.004 0.003 0.003 0.003 0.004 0.978 0.002 0.003 
282 TMA-ZAIN-G-    (9)    1 :  0.003 0.002 0.004 0.002 0.004 0.979 0.002 0.003 
283 TMA-ZAIN-G-    (0)    1 :  0.004 0.002 0.004 0.003 0.004 0.974 0.002 0.006 
284 TMA-ZAIN-G-    (0)    1 :  0.006 0.003 0.005 0.004 0.007 0.964 0.003 0.008 
285 TMA-ZAIN-G-    (0)    1 :  0.003 0.004 0.004 0.003 0.003 0.975 0.003 0.005 
286 TMA-ZAIN-G-    (0)    1 :  0.004 0.002 0.003 0.003 0.005 0.978 0.002 0.003 
287 TMA-ZAIN-G-    (0)    1 :  0.004 0.004 0.003 0.003 0.004 0.975 0.004 0.004 
288 TMA-ZAIN-G-    (0)    1 :  0.006 0.007 0.005 0.002 0.004 0.959 0.004 0.012 
289 TMA-ZAIN-G-    (0)    1 :  0.004 0.005 0.003 0.003 0.004 0.974 0.003 0.005 
290 TMA-ZAIN-G-    (0)    1 :  0.010 0.004 0.004 0.003 0.006 0.963 0.003 0.006 
291 TMA-ZAIN-G-    (0)    1 :  0.008 0.022 0.299 0.006 0.024 0.593 0.033 0.015 
292 TMA-ZAIN-G-    (0)    1 :  0.004 0.004 0.006 0.002 0.008 0.011 0.004 0.960 
293 TMA-ZAIN-G-    (0)    1 :  0.003 0.003 0.004 0.003 0.003 0.006 0.003 0.975 
294 TMA-ZAIN-G-    (0)    1 :  0.003 0.008 0.005 0.009 0.004 0.004 0.012 0.955 
295 TMA-ZAIN-G-    (9)    1 :  0.003 0.008 0.010 0.009 0.005 0.008 0.010 0.947 
296 TMA-ZAIN-G-    (0)    1 :  0.005 0.004 0.004 0.004 0.005 0.008 0.003 0.966 
297 TMA-ZAIN-G-    (0)    1 :  0.004 0.004 0.003 0.003 0.004 0.005 0.003 0.973 
298 TMA-ZAIN-G-    (0)    1 :  0.004 0.003 0.005 0.006 0.008 0.009 0.004 0.961 
299 TMA-ZAIN-G-    (0)    1 :  0.003 0.003 0.005 0.002 0.005 0.008 0.007 0.968 
300 TMA-ZAIN-G-    (0)    1 :  0.002 0.013 0.008 0.006 0.003 0.005 0.011 0.951 
301 TMA-ZAIN-G-    (0)    1 :  0.003 0.004 0.004 0.003 0.003 0.005 0.005 0.973 
302 TMA-ZAIN-G-    (9)    1 :  0.003 0.004 0.003 0.003 0.003 0.004 0.004 0.975 
303 TMA-ZAIN-G-    (0)    1 :  0.006 0.197 0.012 0.059 0.015 0.687 0.007 0.018 
304 TMA-ZAIN-G-    (0)    2 :  0.005 0.004 0.004 0.005 0.004 0.031 0.006 0.940 
305 TMA-ZAIN-G-    (0)    2 :  0.003 0.004 0.003 0.003 0.004 0.005 0.004 0.975 
306 TMA-ZAIN-G-    (0)    2 :  0.004 0.005 0.003 0.007 0.003 0.171 0.004 0.802 
307 TMA-ZAIN-G-    (0)    2 :  0.004 0.004 0.004 0.004 0.004 0.019 0.007 0.953 
308 TMA-ZAIN-G-    (0)    2 :  0.004 0.050 0.009 0.164 0.005 0.603 0.003 0.161 
309 TMA-ZAIN-G-    (0)    2 :  0.003 0.008 0.003 0.002 0.003 0.004 0.003 0.974 
310 TMA-ZAIN-G-    (0)    2 :  0.002 0.003 0.005 0.004 0.006 0.007 0.005 0.967 
311 TMA-ZAIN-G-    (0)    2 :  0.009 0.004 0.004 0.005 0.010 0.007 0.003 0.957 
312 TMA-ZAIN-G-    (0)    2 :  0.005 0.003 0.008 0.006 0.006 0.007 0.004 0.961 
313 TMA-ZAIN-G-    (0)    2 :  0.005 0.006 0.003 0.010 0.003 0.010 0.005 0.957 
314 TMA-ZAIN-G-    (0)    2 :  0.079 0.010 0.022 0.007 0.051 0.816 0.007 0.008 
315 TMA-ZAIN-G-    (0)    2 :  0.003 0.003 0.007 0.003 0.007 0.470 0.007 0.500 
316 TMA-ZAIN-G-    (0)    2 :  0.003 0.003 0.011 0.003 0.010 0.523 0.009 0.438 
317 TMA-ZAIN-G-    (0)    2 :  0.006 0.002 0.040 0.002 0.007 0.907 0.005 0.031 
318 TMA-ZAIN-G-    (9)    2 :  0.004 0.003 0.005 0.004 0.007 0.968 0.003 0.006 
319 TMA-ZAIN-G-    (0)    3 :  0.031 0.004 0.072 0.010 0.172 0.408 0.003 0.300 
320 TMA-ZAIN-G-    (0)    3 :  0.003 0.004 0.172 0.003 0.004 0.140 0.003 0.671 
321 TMA-ZAIN-G-    (0)    4 :  0.025 0.006 0.017 0.003 0.014 0.175 0.008 0.753 
322 TMA-ZAIN-G-    (0)    4 :  0.007 0.004 0.095 0.004 0.008 0.175 0.004 0.703 
323 TMA-ZAIN-G-    (0)    5 :  0.004 0.014 0.032 0.007 0.006 0.684 0.006 0.248 
324 TMA-ZAIN-G-    (0)    5 :  0.008 0.003 0.004 0.007 0.006 0.005 0.004 0.963 
325 TMA-ZAIN-G-    (0)    5 :  0.003 0.010 0.374 0.005 0.022 0.491 0.029 0.066 
326 TMA-ZAIN-G-    (0)    5 :  0.003 0.010 0.362 0.014 0.006 0.029 0.005 0.572 
327 TMA-ZAIN-G-    (0)    5 :  0.005 0.007 0.004 0.013 0.004 0.003 0.003 0.960 
328 TMA-ZAIN-G-    (0)    5 :  0.016 0.010 0.008 0.007 0.006 0.669 0.010 0.273 
329 TMA-ZAIN-G-    (0)    5 :  0.003 0.004 0.004 0.004 0.003 0.005 0.004 0.975 
330 TMA-ZAIN-G-    (0)    6 :  0.003 0.003 0.003 0.005 0.002 0.003 0.003 0.978 
331 TMA-ZAIN-G-    (0)    6 :  0.012 0.016 0.085 0.086 0.033 0.046 0.017 0.704 
332 TMA-ZAIN-G-    (0)    6 :  0.004 0.005 0.004 0.006 0.004 0.003 0.003 0.972 
333 TMA-ZAIN-G-    (0)    6 :  0.007 0.009 0.004 0.020 0.006 0.004 0.002 0.948 
334 TMA-ZAIN-G-    (0)    6 :  0.003 0.002 0.004 0.003 0.005 0.979 0.002 0.003 
335 TMA-ZAIN-G-    (0)    6 :  0.002 0.002 0.003 0.002 0.009 0.977 0.002 0.004 
336 TMA-ZAIN-G-    (0)    6 :  0.004 0.002 0.004 0.003 0.005 0.974 0.002 0.006 
337 TMA-ZAIN-G-    (9)    6 :  0.006 0.003 0.004 0.003 0.005 0.974 0.003 0.005 
338 TMA-ZAIN-G-    (0)    6 :  0.004 0.002 0.003 0.002 0.014 0.970 0.002 0.003 
339 TMA-ZAIN-G-    (0)    6 :  0.004 0.002 0.004 0.002 0.014 0.971 0.002 0.002 
340 TMA-ZAIN-G-    (0)    6 :  0.003 0.002 0.003 0.002 0.008 0.978 0.002 0.003 
341 TMA-ZAIN-G-    (0)    6 :  0.004 0.002 0.003 0.002 0.008 0.976 0.002 0.004 
342 TMA-ZAIN-G-    (0)    6 :  0.003 0.002 0.003 0.002 0.016 0.968 0.002 0.004 
343 TMA-ZAIN-G-    (0)    7 :  0.004 0.002 0.003 0.002 0.008 0.976 0.002 0.003 
344 TMA-ZAIN-G-    (0)    7 :  0.003 0.003 0.004 0.002 0.003 0.979 0.002 0.004 
345 TMA-ZAIN-G-    (0)    7 :  0.002 0.002 0.003 0.002 0.010 0.977 0.002 0.002 
346 TMA-ZAIN-G-    (0)    7 :  0.003 0.002 0.003 0.002 0.008 0.978 0.002 0.003 
347 TMA-ZAIN-G-    (9)    7 :  0.003 0.002 0.003 0.002 0.004 0.980 0.002 0.003 
348 TMA-ZAIN-G-    (0)    7 :  0.004 0.003 0.004 0.003 0.004 0.976 0.003 0.004 
349 TMA-ZAIN-G-    (0)    7 :  0.003 0.002 0.003 0.002 0.004 0.979 0.003 0.003 
350 TMA-ZAIN-G-    (0)    7 :  0.004 0.003 0.004 0.002 0.005 0.974 0.002 0.006 
351 TMA-ZAIN-G-    (0)    7 :  0.003 0.002 0.003 0.002 0.004 0.979 0.002 0.003 
352 TMA-ZAIN-G-    (0)    7 :  0.003 0.002 0.003 0.003 0.015 0.968 0.002 0.004 
353 TMA-ZAIN-G-    (0)    7 :  0.005 0.004 0.004 0.003 0.004 0.974 0.003 0.005 
354 TMA-ZAIN-G-    (0)    7 :  0.003 0.003 0.003 0.002 0.005 0.978 0.002 0.004 
355 TMA-ZAIN-G-    (0)    7 :  0.004 0.003 0.003 0.002 0.007 0.972 0.002 0.005 
356 TMA-ZAIN-G-    (0)    8 :  0.003 0.002 0.002 0.003 0.002 0.010 0.006 0.973 
357 TMA-ZAIN-G-    (0)    8 :  0.004 0.004 0.003 0.003 0.003 0.004 0.004 0.975 
358 TMA-ZAIN-G-    (0)    8 :  0.006 0.017 0.004 0.005 0.004 0.009 0.010 0.946 
359 TMA-ZAIN-G-    (0)    8 :  0.003 0.002 0.057 0.004 0.003 0.036 0.005 0.891 
360 TMA-ZAIN-G-    (0)    8 :  0.003 0.003 0.003 0.002 0.002 0.003 0.006 0.978 
361 TMA-ZAIN-G-    (0)    8 :  0.030 0.033 0.009 0.014 0.012 0.004 0.026 0.872 
362 TMA-ZAIN-G-    (0)    8 :  0.003 0.003 0.007 0.003 0.005 0.008 0.004 0.967 
363 TMA-ZAIN-G-    (0)    9 :  0.003 0.005 0.007 0.004 0.004 0.013 0.004 0.961 
364 TMA-ZAIN-G-    (0)    9 :  0.007 0.003 0.008 0.003 0.016 0.944 0.003 0.017 
365 TMA-ZAIN-G-    (0)    9 :  0.003 0.004 0.013 0.003 0.015 0.266 0.007 0.689 
366 TMA-ZAIN-G-    (0)    9 :  0.002 0.007 0.008 0.026 0.004 0.006 0.020 0.925 
367 TMA-ZAIN-G-    (0)    9 :  0.018 0.004 0.004 0.011 0.015 0.007 0.003 0.937 
368 TMA-ZAIN-G-    (0)    9 :  0.002 0.011 0.005 0.012 0.003 0.005 0.016 0.945 
369 TMA-ZAIN-G-    (0)    9 :  0.002 0.005 0.003 0.002 0.002 0.003 0.004 0.980 
370 TMA-ZAIN-G-    (0)    9 :  0.020 0.034 0.020 0.018 0.019 0.004 0.035 0.850 
371 TMA-ZAIN-G-    (0)    9 :  0.004 0.004 0.003 0.003 0.003 0.004 0.006 0.974 
372 TMA-ZAIN-G-    (0)    9 :  0.002 0.004 0.003 0.004 0.003 0.004 0.010 0.970 
373 TMA-ZAIN-G-    (0)    9 :  0.005 0.007 0.009 0.009 0.006 0.005 0.003 0.956 
374 TMA-ZAIN-G-    (0)   10 :  0.045 0.006 0.018 0.005 0.014 0.089 0.004 0.820 
375 TMA-ZAIN-G-    (0)   10 :  0.005 0.006 0.061 0.002 0.005 0.351 0.003 0.568 
376 TMA-ZAIN-G-    (9)   10 :  0.004 0.003 0.002 0.002 0.003 0.003 0.006 0.977 
377 TMA-ZAIN-G-    (0)   10 :  0.002 0.003 0.002 0.002 0.002 0.002 0.006 0.979 
378 TMA-ZAIN-G-    (0)   10 :  0.003 0.003 0.002 0.002 0.002 0.003 0.008 0.977 
379 TMA-ZAIN-G-    (0)   10 :  0.003 0.003 0.002 0.003 0.002 0.002 0.005 0.979 
380 TMA-ZAIN-G-    (0)   10 :  0.002 0.006 0.004 0.007 0.003 0.003 0.011 0.965 
381 TMA-ZAIN-G-    (9)   10 :  0.009 0.017 0.180 0.027 0.014 0.258 0.063 0.431 
382 TMA-ZAIN-G-    (9)   10 :  0.083 0.017 0.036 0.011 0.032 0.805 0.009 0.007 
383    ZFB01    (0)   11 :  0.051 0.004 0.004 0.005 0.884 0.009 0.005 0.038 
384    ZFB02    (0)   11 :  0.016 0.003 0.006 0.008 0.952 0.006 0.003 0.006 
385    ZFB03    (0)   11 :  0.305 0.034 0.012 0.007 0.599 0.022 0.006 0.015 
386    ZFB04    (0)   11 :  0.007 0.003 0.005 0.004 0.968 0.004 0.003 0.006 
387    ZFB05    (0)   11 :  0.010 0.007 0.021 0.008 0.918 0.019 0.005 0.012 
388    ZFB06    (0)   11 :  0.012 0.009 0.017 0.007 0.926 0.013 0.005 0.012 
389    ZFB07    (9)   11 :  0.754 0.011 0.029 0.006 0.170 0.008 0.014 0.007 
390    ZFB08    (0)   11 :  0.238 0.007 0.006 0.009 0.715 0.011 0.006 0.008 
391    ZFB09    (0)   11 :  0.085 0.004 0.004 0.005 0.882 0.007 0.004 0.009 
392    ZFB10    (0)   11 :  0.020 0.005 0.004 0.007 0.931 0.007 0.013 0.013 
393    ZFB11    (0)   11 :  0.049 0.004 0.005 0.006 0.823 0.026 0.007 0.080 
394    ZFB12    (0)   11 :  0.040 0.016 0.008 0.003 0.896 0.011 0.005 0.020 
395    ZFB13    (0)   11 :  0.219 0.007 0.007 0.005 0.738 0.011 0.009 0.004 
396    ZFB14    (0)   11 :  0.332 0.005 0.004 0.007 0.617 0.016 0.007 0.012 
397    ZFB15    (0)   11 :  0.008 0.002 0.004 0.003 0.968 0.007 0.002 0.006 
398    ZFB16    (0)   11 :  0.012 0.003 0.004 0.003 0.963 0.007 0.004 0.005 
399    ZFB17    (0)   11 :  0.015 0.008 0.018 0.018 0.894 0.012 0.013 0.023 
400    ZFB18    (0)   11 :  0.089 0.004 0.004 0.006 0.869 0.007 0.005 0.017 
401    ZFB19    (0)   11 :  0.439 0.017 0.044 0.004 0.422 0.016 0.045 0.013 
402    ZFB20    (0)   11 :  0.007 0.003 0.004 0.003 0.966 0.008 0.003 0.006 
403    ZFB21    (0)   11 :  0.035 0.004 0.006 0.004 0.929 0.014 0.003 0.005 
404    ZFB22    (0)   11 :  0.008 0.007 0.011 0.007 0.898 0.011 0.012 0.045 
405    ZFB23    (0)   11 :  0.024 0.018 0.007 0.004 0.921 0.007 0.007 0.012 
406    ZFB24    (0)   11 :  0.007 0.004 0.004 0.003 0.949 0.006 0.005 0.023 
407    ZFB25    (0)   11 :  0.097 0.010 0.005 0.007 0.794 0.018 0.034 0.036 
408    ZFB26    (0)   11 :  0.006 0.007 0.006 0.005 0.946 0.007 0.012 0.012 
409    ZFB27    (0)   11 :  0.031 0.004 0.006 0.004 0.846 0.058 0.007 0.043 
410    ZFB28    (0)   11 :  0.187 0.039 0.037 0.011 0.127 0.579 0.009 0.010 
411    ZFB29    (0)   11 :  0.011 0.002 0.005 0.007 0.952 0.008 0.003 0.012 
412    ZFB30    (0)   11 :  0.058 0.007 0.214 0.004 0.642 0.029 0.010 0.037 
413    ZFB31    (0)   11 :  0.618 0.010 0.008 0.006 0.302 0.015 0.028 0.013 
414    ZFB32    (0)   11 :  0.309 0.033 0.030 0.026 0.384 0.178 0.011 0.029 
415    ZFB33    (0)   11 :  0.010 0.003 0.004 0.003 0.961 0.007 0.003 0.009 
416    ZFB34    (0)   11 :  0.521 0.004 0.004 0.007 0.438 0.008 0.004 0.013 
417    ZFB35    (0)   11 :  0.064 0.006 0.005 0.006 0.899 0.005 0.006 0.009 
418  ZFBP101    (0)   12 :  0.016 0.173 0.011 0.115 0.016 0.010 0.654 0.007 
419  ZFBP102    (0)   12 :  0.019 0.034 0.012 0.023 0.024 0.013 0.868 0.008 
420  ZFBP103    (0)   12 :  0.008 0.574 0.008 0.207 0.015 0.005 0.175 0.007 
421  ZFBP104    (0)   12 :  0.051 0.378 0.025 0.004 0.016 0.019 0.504 0.004 
422  ZFBP105    (0)   12 :  0.011 0.252 0.007 0.006 0.005 0.013 0.701 0.005 
423  ZFBP106    (0)   12 :  0.004 0.167 0.004 0.008 0.004 0.003 0.805 0.005 
424  ZFBP107    (0)   12 :  0.007 0.432 0.028 0.012 0.009 0.019 0.487 0.006 
425  ZFBP108    (0)   12 :  0.004 0.011 0.004 0.003 0.003 0.002 0.969 0.005 
426  ZFBP109    (0)   12 :  0.007 0.013 0.004 0.004 0.003 0.003 0.953 0.015 
427  ZFBP110    (0)   12 :  0.064 0.684 0.018 0.051 0.018 0.013 0.126 0.025 
428  ZFBP111    (0)   12 :  0.002 0.017 0.004 0.004 0.003 0.002 0.965 0.004 
429  ZFBP112    (0)   12 :  0.004 0.009 0.006 0.006 0.004 0.005 0.962 0.004 
430  ZFBP113    (0)   12 :  0.005 0.009 0.006 0.003 0.003 0.004 0.966 0.004 
431  ZFBP114    (0)   12 :  0.004 0.016 0.008 0.009 0.004 0.004 0.949 0.005 
432  ZFBP115    (0)   12 :  0.003 0.645 0.006 0.008 0.003 0.003 0.328 0.004 
433  ZFBP116    (0)   12 :  0.003 0.020 0.006 0.004 0.003 0.003 0.956 0.004 
434  ZFBP117    (0)   12 :  0.004 0.011 0.004 0.008 0.003 0.003 0.963 0.005 
435  ZFBP118    (0)   12 :  0.003 0.011 0.008 0.006 0.004 0.004 0.957 0.006 
436  ZFBP119    (0)   12 :  0.005 0.298 0.006 0.029 0.003 0.003 0.652 0.005 
