

----------------------------------------------------
STRUCTURE by Pritchard, Stephens and Donnelly (2000)
     and Falush, Stephens and Pritchard (2003)
       Code by Pritchard, Falush and Hubisz
             Version 2.3.4 (Jul 2012)
----------------------------------------------------



Command line arguments:   bin\structure -m C:\Users\eschumacher\Documents\GitHub\GCC_QUAC_ZAIN\Data_Files\Structure_Files\ZAIN\ZAIN_og_allpop_STR\50-50\mainparams -e C:\Users\eschumacher\Documents\GitHub\GCC_QUAC_ZAIN\Data_Files\Structure_Files\ZAIN\ZAIN_og_allpop_STR\50-50\extraparams 
Input File:    C:\Users\eschumacher\Documents\GitHub\GCC_QUAC_ZAIN\Data_Files\Structure_Files\ZAIN\ZAIN_og_allpop_STR\project_data

Run parameters:
   1135 individuals
   11 loci
   4 populations assumed
   50000 Burn-in period
   50000 Reps


--------------------------------------------
Proportion of membership of each pre-defined
 population in each of the 4 clusters

Given    Inferred Clusters              Number of
 Pop       1      2      3      4      Individuals

  1:     0.011  0.012  0.602  0.375      303
  2:     0.009  0.014  0.670  0.307       15
  3:     0.004  0.083  0.466  0.447        2
  4:     0.006  0.042  0.723  0.229        2
  5:     0.017  0.027  0.578  0.379        7
  6:     0.007  0.017  0.285  0.691       13
  7:     0.003  0.004  0.005  0.988       13
  8:     0.015  0.011  0.960  0.013        7
  9:     0.015  0.011  0.857  0.117       11
 10:     0.015  0.036  0.744  0.205        9
 11:     0.010  0.857  0.074  0.059       35
 12:     0.978  0.009  0.007  0.006       36
 13:     0.978  0.010  0.007  0.006       33
 14:     0.528  0.446  0.010  0.016       40
 15:     0.987  0.005  0.004  0.003       40
 16:     0.073  0.895  0.020  0.013       40
 17:     0.038  0.907  0.019  0.036       37
 18:     0.983  0.008  0.006  0.003       40
 19:     0.027  0.954  0.004  0.014       28
 20:     0.283  0.697  0.005  0.015       14
 21:     0.019  0.961  0.005  0.015       13
 22:     0.987  0.005  0.005  0.003       14
 23:     0.981  0.008  0.005  0.006       25
 24:     0.977  0.010  0.009  0.004       40
 25:     0.631  0.313  0.040  0.016       32
 26:     0.009  0.927  0.013  0.051       21
 27:     0.012  0.924  0.018  0.046        4
 28:     0.026  0.955  0.007  0.012       23
 29:     0.007  0.984  0.004  0.004       39
 30:     0.005  0.983  0.004  0.009       38
 31:     0.984  0.007  0.005  0.004       45
 32:     0.980  0.008  0.006  0.006       28
 33:     0.008  0.944  0.030  0.019        6
 34:     0.131  0.826  0.008  0.036       40
 35:     0.080  0.865  0.019  0.037       42
--------------------------------------------

Allele-freq. divergence among pops (Net nucleotide distance),
computed using point estimates of P.

      1       2       3       4      
 1      -    0.1318  0.2607  0.3085  
 2   0.1318     -    0.2319  0.1588  
 3   0.2607  0.2319     -    0.1549  
 4   0.3085  0.1588  0.1549     -    

Average distances (expected heterozygosity) between individuals in same cluster:
cluster  1  : 0.4787 
cluster  2  : 0.5590 
cluster  3  : 0.4857 
cluster  4  : 0.5282 

--------------------------------------------
Estimated Ln Prob of Data   = -25538.5
Mean value of ln likelihood = -25117.9
Variance of ln likelihood   = 841.1
Mean value of alpha         = 0.0368

Mean value of Fst_1         = 0.4293
Mean value of Fst_2         = 0.2297
Mean value of Fst_3         = 0.2852
Mean value of Fst_4         = 0.2285


Inferred ancestry of individuals:
        Label (%Miss) Pop:  Inferred clusters
  1 TMA-ZAIN-G-    (9)    1 :  0.005 0.049 0.099 0.848 
  2 TMA-ZAIN-G-    (0)    1 :  0.128 0.108 0.068 0.696 
  3 TMA-ZAIN-G-    (0)    1 :  0.004 0.003 0.989 0.004 
  4 TMA-ZAIN-G-    (0)    1 :  0.004 0.047 0.803 0.146 
  5 TMA-ZAIN-G-    (0)    1 :  0.006 0.014 0.008 0.973 
  6 TMA-ZAIN-G-    (0)    1 :  0.005 0.017 0.922 0.055 
  7 TMA-ZAIN-G-    (0)    1 :  0.005 0.006 0.978 0.010 
  8 TMA-ZAIN-G-    (0)    1 :  0.005 0.003 0.988 0.004 
  9 TMA-ZAIN-G-    (9)    1 :  0.065 0.051 0.878 0.006 
 10 TMA-ZAIN-G-    (0)    1 :  0.004 0.003 0.988 0.004 
 11 TMA-ZAIN-G-    (0)    1 :  0.014 0.006 0.974 0.007 
 12 TMA-ZAIN-G-    (0)    1 :  0.005 0.004 0.987 0.003 
 13 TMA-ZAIN-G-    (9)    1 :  0.007 0.008 0.938 0.047 
 14 TMA-ZAIN-G-    (9)    1 :  0.006 0.011 0.976 0.008 
 15 TMA-ZAIN-G-    (0)    1 :  0.004 0.006 0.985 0.005 
 16 TMA-ZAIN-G-    (0)    1 :  0.004 0.004 0.988 0.005 
 17 TMA-ZAIN-G-    (9)    1 :  0.003 0.005 0.982 0.009 
 18 TMA-ZAIN-G-    (0)    1 :  0.004 0.010 0.019 0.968 
 19 TMA-ZAIN-G-    (0)    1 :  0.004 0.007 0.103 0.886 
 20 TMA-ZAIN-G-    (0)    1 :  0.003 0.005 0.004 0.987 
 21 TMA-ZAIN-G-    (0)    1 :  0.006 0.004 0.009 0.980 
 22 TMA-ZAIN-G-    (0)    1 :  0.003 0.005 0.003 0.990 
 23 TMA-ZAIN-G-    (0)    1 :  0.003 0.004 0.007 0.986 
 24 TMA-ZAIN-G-    (9)    1 :  0.046 0.004 0.048 0.902 
 25 TMA-ZAIN-G-    (9)    1 :  0.010 0.032 0.050 0.908 
 26 TMA-ZAIN-G-    (9)    1 :  0.008 0.003 0.915 0.073 
 27 TMA-ZAIN-G-    (0)    1 :  0.013 0.055 0.072 0.859 
 28 TMA-ZAIN-G-    (0)    1 :  0.059 0.227 0.139 0.575 
 29 TMA-ZAIN-G-    (0)    1 :  0.012 0.028 0.816 0.144 
 30 TMA-ZAIN-G-    (0)    1 :  0.075 0.024 0.880 0.021 
 31 TMA-ZAIN-G-    (0)    1 :  0.005 0.008 0.008 0.979 
 32 TMA-ZAIN-G-    (9)    1 :  0.009 0.006 0.332 0.654 
 33 TMA-ZAIN-G-   (18)    1 :  0.005 0.003 0.988 0.004 
 34 TMA-ZAIN-G-    (0)    1 :  0.006 0.004 0.936 0.055 
 35 TMA-ZAIN-G-    (9)    1 :  0.005 0.004 0.986 0.006 
 36 TMA-ZAIN-G-    (0)    1 :  0.005 0.003 0.988 0.004 
 37 TMA-ZAIN-G-    (9)    1 :  0.005 0.006 0.978 0.011 
 38 TMA-ZAIN-G-   (18)    1 :  0.005 0.039 0.264 0.692 
 39 TMA-ZAIN-G-    (0)    1 :  0.006 0.003 0.986 0.005 
 40 TMA-ZAIN-G-    (0)    1 :  0.004 0.003 0.989 0.004 
 41 TMA-ZAIN-G-    (0)    1 :  0.005 0.004 0.988 0.004 
 42 TMA-ZAIN-G-    (9)    1 :  0.006 0.003 0.988 0.003 
 43 TMA-ZAIN-G-    (0)    1 :  0.005 0.009 0.980 0.006 
 44 TMA-ZAIN-G-    (0)    1 :  0.046 0.012 0.029 0.913 
 45 TMA-ZAIN-G-    (0)    1 :  0.005 0.007 0.980 0.009 
 46 TMA-ZAIN-G-    (0)    1 :  0.003 0.004 0.004 0.989 
 47 TMA-ZAIN-G-    (0)    1 :  0.004 0.010 0.926 0.061 
 48 TMA-ZAIN-G-    (0)    1 :  0.007 0.006 0.962 0.025 
 49 TMA-ZAIN-G-    (9)    1 :  0.011 0.044 0.095 0.849 
 50 TMA-ZAIN-G-    (0)    1 :  0.007 0.007 0.066 0.921 
 51 TMA-ZAIN-G-    (0)    1 :  0.259 0.069 0.062 0.611 
 52 TMA-ZAIN-G-    (0)    1 :  0.114 0.068 0.200 0.618 
 53 TMA-ZAIN-G-    (0)    1 :  0.065 0.015 0.099 0.821 
 54 TMA-ZAIN-G-    (0)    1 :  0.008 0.006 0.917 0.070 
 55 TMA-ZAIN-G-    (0)    1 :  0.007 0.005 0.897 0.091 
 56 TMA-ZAIN-G-    (0)    1 :  0.004 0.033 0.763 0.200 
 57 TMA-ZAIN-G-    (0)    1 :  0.005 0.006 0.789 0.199 
 58 TMA-ZAIN-G-    (0)    1 :  0.005 0.010 0.076 0.909 
 59 TMA-ZAIN-G-    (0)    1 :  0.031 0.005 0.137 0.826 
 60 TMA-ZAIN-G-    (0)    1 :  0.006 0.019 0.034 0.941 
 61 TMA-ZAIN-G-    (0)    1 :  0.005 0.007 0.008 0.980 
 62 TMA-ZAIN-G-    (9)    1 :  0.010 0.041 0.054 0.895 
 63 TMA-ZAIN-G-    (0)    1 :  0.005 0.027 0.017 0.951 
 64 TMA-ZAIN-G-    (0)    1 :  0.012 0.003 0.982 0.003 
 65 TMA-ZAIN-G-    (9)    1 :  0.005 0.003 0.989 0.004 
 66 TMA-ZAIN-G-    (0)    1 :  0.008 0.003 0.986 0.003 
 67 TMA-ZAIN-G-    (0)    1 :  0.007 0.006 0.977 0.010 
 68 TMA-ZAIN-G-    (0)    1 :  0.006 0.003 0.988 0.003 
 69 TMA-ZAIN-G-    (0)    1 :  0.013 0.011 0.959 0.017 
 70 TMA-ZAIN-G-    (0)    1 :  0.011 0.004 0.979 0.006 
 71 TMA-ZAIN-G-    (0)    1 :  0.025 0.004 0.966 0.005 
 72 TMA-ZAIN-G-    (0)    1 :  0.006 0.003 0.985 0.005 
 73 TMA-ZAIN-G-    (0)    1 :  0.013 0.004 0.936 0.047 
 74 TMA-ZAIN-G-    (0)    1 :  0.014 0.008 0.958 0.021 
 75 TMA-ZAIN-G-    (0)    1 :  0.026 0.005 0.963 0.006 
 76 TMA-ZAIN-G-    (0)    1 :  0.022 0.023 0.903 0.052 
 77 TMA-ZAIN-G-    (0)    1 :  0.006 0.004 0.983 0.007 
 78 TMA-ZAIN-G-    (0)    1 :  0.004 0.011 0.946 0.038 
 79 TMA-ZAIN-G-    (0)    1 :  0.004 0.006 0.974 0.015 
 80 TMA-ZAIN-G-    (0)    1 :  0.004 0.004 0.987 0.005 
 81 TMA-ZAIN-G-    (0)    1 :  0.008 0.006 0.977 0.008 
 82 TMA-ZAIN-G-    (0)    1 :  0.011 0.004 0.982 0.004 
 83 TMA-ZAIN-G-    (9)    1 :  0.007 0.004 0.942 0.047 
 84 TMA-ZAIN-G-    (0)    1 :  0.004 0.007 0.964 0.025 
 85 TMA-ZAIN-G-    (0)    1 :  0.003 0.007 0.029 0.961 
 86 TMA-ZAIN-G-    (0)    1 :  0.004 0.011 0.156 0.829 
 87 TMA-ZAIN-G-    (0)    1 :  0.003 0.007 0.013 0.977 
 88 TMA-ZAIN-G-    (0)    1 :  0.005 0.006 0.586 0.403 
 89 TMA-ZAIN-G-    (0)    1 :  0.008 0.011 0.619 0.362 
 90 TMA-ZAIN-G-    (0)    1 :  0.004 0.020 0.254 0.723 
 91 TMA-ZAIN-G-    (0)    1 :  0.006 0.008 0.410 0.576 
 92 TMA-ZAIN-G-    (0)    1 :  0.004 0.007 0.118 0.871 
 93 TMA-ZAIN-G-    (0)    1 :  0.008 0.007 0.337 0.648 
 94 TMA-ZAIN-G-    (0)    1 :  0.004 0.007 0.017 0.972 
 95 TMA-ZAIN-G-    (0)    1 :  0.127 0.061 0.028 0.784 
 96 TMA-ZAIN-G-    (0)    1 :  0.007 0.315 0.497 0.180 
 97 TMA-ZAIN-G-    (0)    1 :  0.007 0.012 0.007 0.974 
 98 TMA-ZAIN-G-    (0)    1 :  0.030 0.012 0.008 0.950 
 99 TMA-ZAIN-G-    (0)    1 :  0.059 0.009 0.174 0.759 
100 TMA-ZAIN-G-    (0)    1 :  0.005 0.012 0.005 0.978 
101 TMA-ZAIN-G-    (0)    1 :  0.012 0.009 0.040 0.939 
102 TMA-ZAIN-G-    (0)    1 :  0.007 0.006 0.025 0.962 
103 TMA-ZAIN-G-    (0)    1 :  0.004 0.010 0.021 0.965 
104 TMA-ZAIN-G-    (0)    1 :  0.008 0.024 0.007 0.960 
105 TMA-ZAIN-G-    (0)    1 :  0.004 0.010 0.034 0.952 
106 TMA-ZAIN-G-    (0)    1 :  0.006 0.003 0.988 0.004 
107 TMA-ZAIN-G-    (0)    1 :  0.008 0.004 0.984 0.004 
108 TMA-ZAIN-G-    (9)    1 :  0.006 0.014 0.465 0.515 
109 TMA-ZAIN-G-    (0)    1 :  0.005 0.044 0.747 0.204 
110 TMA-ZAIN-G-    (0)    1 :  0.005 0.012 0.775 0.208 
111 TMA-ZAIN-G-    (9)    1 :  0.008 0.009 0.113 0.870 
112 TMA-ZAIN-G-    (0)    1 :  0.008 0.006 0.564 0.422 
113 TMA-ZAIN-G-    (0)    1 :  0.023 0.010 0.072 0.895 
114 TMA-ZAIN-G-    (0)    1 :  0.005 0.009 0.007 0.979 
115 TMA-ZAIN-G-    (0)    1 :  0.008 0.032 0.016 0.944 
116 TMA-ZAIN-G-    (0)    1 :  0.005 0.003 0.988 0.004 
117 TMA-ZAIN-G-    (0)    1 :  0.005 0.004 0.987 0.004 
118 TMA-ZAIN-G-    (0)    1 :  0.004 0.003 0.989 0.004 
119 TMA-ZAIN-G-    (0)    1 :  0.005 0.006 0.981 0.009 
120 TMA-ZAIN-G-    (0)    1 :  0.004 0.004 0.986 0.005 
121 TMA-ZAIN-G-    (0)    1 :  0.005 0.004 0.987 0.004 
122 TMA-ZAIN-G-    (0)    1 :  0.005 0.006 0.980 0.009 
123 TMA-ZAIN-G-    (0)    1 :  0.004 0.030 0.014 0.952 
124 TMA-ZAIN-G-    (0)    1 :  0.005 0.004 0.987 0.005 
125 TMA-ZAIN-G-    (0)    1 :  0.005 0.003 0.989 0.004 
126 TMA-ZAIN-G-    (0)    1 :  0.004 0.003 0.988 0.004 
127 TMA-ZAIN-G-    (0)    1 :  0.004 0.003 0.989 0.004 
128 TMA-ZAIN-G-    (0)    1 :  0.005 0.004 0.988 0.004 
129 TMA-ZAIN-G-    (0)    1 :  0.006 0.004 0.986 0.005 
130 TMA-ZAIN-G-    (0)    1 :  0.005 0.004 0.987 0.004 
131 TMA-ZAIN-G-    (0)    1 :  0.004 0.004 0.987 0.005 
132 TMA-ZAIN-G-    (0)    1 :  0.005 0.003 0.989 0.003 
133 TMA-ZAIN-G-    (0)    1 :  0.005 0.004 0.986 0.006 
134 TMA-ZAIN-G-    (0)    1 :  0.004 0.003 0.988 0.004 
135 TMA-ZAIN-G-    (0)    1 :  0.005 0.003 0.987 0.004 
136 TMA-ZAIN-G-    (0)    1 :  0.006 0.004 0.985 0.005 
137 TMA-ZAIN-G-    (0)    1 :  0.005 0.004 0.987 0.004 
138 TMA-ZAIN-G-    (0)    1 :  0.006 0.003 0.988 0.003 
139 TMA-ZAIN-G-    (0)    1 :  0.006 0.003 0.987 0.004 
140 TMA-ZAIN-G-    (0)    1 :  0.005 0.003 0.987 0.005 
141 TMA-ZAIN-G-    (0)    1 :  0.005 0.004 0.987 0.004 
142 TMA-ZAIN-G-    (9)    1 :  0.005 0.003 0.988 0.004 
143 TMA-ZAIN-G-    (0)    1 :  0.005 0.004 0.988 0.004 
144 TMA-ZAIN-G-    (0)    1 :  0.005 0.005 0.984 0.006 
145 TMA-ZAIN-G-    (0)    1 :  0.004 0.003 0.990 0.003 
146 TMA-ZAIN-G-    (0)    1 :  0.009 0.004 0.984 0.004 
147 TMA-ZAIN-G-    (9)    1 :  0.006 0.003 0.988 0.004 
148 TMA-ZAIN-G-    (0)    1 :  0.012 0.004 0.981 0.004 
149 TMA-ZAIN-G-    (0)    1 :  0.007 0.004 0.980 0.010 
150 TMA-ZAIN-G-    (0)    1 :  0.012 0.004 0.976 0.008 
151 TMA-ZAIN-G-    (0)    1 :  0.004 0.004 0.989 0.003 
152 TMA-ZAIN-G-    (0)    1 :  0.004 0.004 0.988 0.003 
153 TMA-ZAIN-G-    (0)    1 :  0.005 0.003 0.988 0.003 
154 TMA-ZAIN-G-    (0)    1 :  0.004 0.003 0.990 0.003 
155 TMA-ZAIN-G-    (0)    1 :  0.005 0.003 0.988 0.004 
156 TMA-ZAIN-G-    (9)    1 :  0.006 0.005 0.984 0.004 
157 TMA-ZAIN-G-    (0)    1 :  0.005 0.005 0.986 0.004 
158 TMA-ZAIN-G-    (0)    1 :  0.007 0.004 0.984 0.004 
159 TMA-ZAIN-G-    (0)    1 :  0.011 0.004 0.982 0.003 
160 TMA-ZAIN-G-    (0)    1 :  0.006 0.003 0.988 0.003 
161 TMA-ZAIN-G-    (0)    1 :  0.005 0.003 0.988 0.003 
162 TMA-ZAIN-G-    (0)    1 :  0.007 0.003 0.984 0.006 
163 TMA-ZAIN-G-    (0)    1 :  0.005 0.003 0.989 0.003 
164 TMA-ZAIN-G-    (0)    1 :  0.004 0.004 0.987 0.005 
165 TMA-ZAIN-G-    (0)    1 :  0.005 0.003 0.989 0.003 
166 TMA-ZAIN-G-    (0)    1 :  0.005 0.003 0.989 0.003 
167 TMA-ZAIN-G-    (0)    1 :  0.005 0.004 0.984 0.006 
168 TMA-ZAIN-G-    (0)    1 :  0.007 0.005 0.984 0.004 
169 TMA-ZAIN-G-    (0)    1 :  0.006 0.003 0.987 0.004 
170 TMA-ZAIN-G-    (0)    1 :  0.006 0.009 0.972 0.013 
171 TMA-ZAIN-G-    (0)    1 :  0.006 0.003 0.987 0.004 
172 TMA-ZAIN-G-    (0)    1 :  0.005 0.005 0.985 0.006 
173 TMA-ZAIN-G-    (0)    1 :  0.004 0.005 0.985 0.005 
174 TMA-ZAIN-G-    (0)    1 :  0.005 0.002 0.989 0.003 
175 TMA-ZAIN-G-    (0)    1 :  0.012 0.004 0.980 0.004 
176 TMA-ZAIN-G-    (0)    1 :  0.011 0.004 0.982 0.004 
177 TMA-ZAIN-G-    (0)    1 :  0.032 0.007 0.957 0.004 
178 TMA-ZAIN-G-    (0)    1 :  0.006 0.009 0.978 0.006 
179 TMA-ZAIN-G-    (0)    1 :  0.011 0.004 0.981 0.004 
180 TMA-ZAIN-G-    (0)    1 :  0.005 0.004 0.986 0.006 
181 TMA-ZAIN-G-    (0)    1 :  0.006 0.004 0.986 0.004 
182 TMA-ZAIN-G-    (0)    1 :  0.006 0.005 0.984 0.005 
183 TMA-ZAIN-G-    (0)    1 :  0.005 0.004 0.986 0.004 
184 TMA-ZAIN-G-    (0)    1 :  0.008 0.003 0.979 0.010 
185 TMA-ZAIN-G-    (0)    1 :  0.007 0.004 0.975 0.014 
186 TMA-ZAIN-G-    (9)    1 :  0.005 0.004 0.982 0.008 
187 TMA-ZAIN-G-    (0)    1 :  0.006 0.005 0.984 0.005 
188 TMA-ZAIN-G-    (0)    1 :  0.006 0.003 0.988 0.004 
189 TMA-ZAIN-G-    (0)    1 :  0.006 0.003 0.988 0.003 
190 TMA-ZAIN-G-    (0)    1 :  0.009 0.008 0.979 0.005 
191 TMA-ZAIN-G-    (0)    1 :  0.010 0.003 0.977 0.010 
192 TMA-ZAIN-G-    (0)    1 :  0.006 0.004 0.985 0.005 
193 TMA-ZAIN-G-    (0)    1 :  0.007 0.008 0.981 0.005 
194 TMA-ZAIN-G-    (0)    1 :  0.005 0.008 0.981 0.006 
195 TMA-ZAIN-G-    (0)    1 :  0.015 0.010 0.970 0.005 
196 TMA-ZAIN-G-    (0)    1 :  0.006 0.007 0.982 0.004 
197 TMA-ZAIN-G-    (0)    1 :  0.006 0.005 0.985 0.005 
198 TMA-ZAIN-G-    (0)    1 :  0.006 0.007 0.982 0.005 
199 TMA-ZAIN-G-    (0)    1 :  0.005 0.003 0.985 0.006 
200 TMA-ZAIN-G-    (0)    1 :  0.003 0.018 0.004 0.975 
201 TMA-ZAIN-G-    (0)    1 :  0.003 0.004 0.005 0.988 
202 TMA-ZAIN-G-    (0)    1 :  0.004 0.018 0.008 0.970 
203 TMA-ZAIN-G-    (0)    1 :  0.006 0.010 0.977 0.006 
204 TMA-ZAIN-G-    (9)    1 :  0.094 0.022 0.009 0.875 
205 TMA-ZAIN-G-    (0)    1 :  0.005 0.005 0.085 0.904 
206 TMA-ZAIN-G-    (9)    1 :  0.006 0.014 0.020 0.960 
207 TMA-ZAIN-G-    (9)    1 :  0.005 0.008 0.979 0.009 
208 TMA-ZAIN-G-    (0)    1 :  0.004 0.003 0.990 0.003 
209 TMA-ZAIN-G-    (0)    1 :  0.005 0.003 0.989 0.004 
210 TMA-ZAIN-G-    (0)    1 :  0.005 0.004 0.986 0.004 
211 TMA-ZAIN-G-    (0)    1 :  0.005 0.006 0.978 0.011 
212 TMA-ZAIN-G-    (0)    1 :  0.005 0.006 0.985 0.005 
213 TMA-ZAIN-G-    (0)    1 :  0.006 0.003 0.986 0.005 
214 TMA-ZAIN-G-    (0)    1 :  0.005 0.003 0.988 0.004 
215 TMA-ZAIN-G-    (0)    1 :  0.004 0.017 0.881 0.098 
216 TMA-ZAIN-G-    (0)    1 :  0.004 0.003 0.987 0.006 
217 TMA-ZAIN-G-    (0)    1 :  0.005 0.003 0.988 0.004 
218 TMA-ZAIN-G-    (0)    1 :  0.031 0.017 0.036 0.917 
219 TMA-ZAIN-G-    (0)    1 :  0.011 0.014 0.010 0.965 
220 TMA-ZAIN-G-    (0)    1 :  0.009 0.250 0.083 0.658 
221 TMA-ZAIN-G-    (0)    1 :  0.037 0.018 0.022 0.923 
222 TMA-ZAIN-G-    (0)    1 :  0.004 0.006 0.023 0.967 
223 TMA-ZAIN-G-    (0)    1 :  0.003 0.010 0.007 0.980 
224 TMA-ZAIN-G-    (0)    1 :  0.004 0.009 0.058 0.930 
225 TMA-ZAIN-G-    (0)    1 :  0.003 0.016 0.007 0.974 
226 TMA-ZAIN-G-    (0)    1 :  0.003 0.011 0.016 0.970 
227 TMA-ZAIN-G-    (0)    1 :  0.004 0.014 0.013 0.969 
228 TMA-ZAIN-G-    (0)    1 :  0.018 0.029 0.075 0.878 
229 TMA-ZAIN-G-    (0)    1 :  0.005 0.007 0.007 0.982 
230 TMA-ZAIN-G-    (0)    1 :  0.022 0.031 0.349 0.598 
231 TMA-ZAIN-G-    (0)    1 :  0.004 0.006 0.017 0.973 
232 TMA-ZAIN-G-    (9)    1 :  0.004 0.004 0.010 0.981 
233 TMA-ZAIN-G-    (0)    1 :  0.009 0.012 0.127 0.852 
234 TMA-ZAIN-G-    (0)    1 :  0.005 0.011 0.009 0.975 
235 TMA-ZAIN-G-    (0)    1 :  0.009 0.056 0.038 0.897 
236 TMA-ZAIN-G-    (0)    1 :  0.003 0.015 0.015 0.966 
237 TMA-ZAIN-G-    (0)    1 :  0.006 0.010 0.135 0.849 
238 TMA-ZAIN-G-    (0)    1 :  0.004 0.006 0.014 0.976 
239 TMA-ZAIN-G-    (0)    1 :  0.050 0.004 0.143 0.803 
240 TMA-ZAIN-G-    (0)    1 :  0.003 0.004 0.004 0.989 
241 TMA-ZAIN-G-    (0)    1 :  0.006 0.004 0.009 0.982 
242 TMA-ZAIN-G-    (0)    1 :  0.006 0.004 0.010 0.980 
243 TMA-ZAIN-G-    (0)    1 :  0.009 0.004 0.014 0.973 
244 TMA-ZAIN-G-    (0)    1 :  0.009 0.004 0.021 0.966 
245 TMA-ZAIN-G-    (9)    1 :  0.003 0.004 0.005 0.988 
246 TMA-ZAIN-G-    (0)    1 :  0.004 0.004 0.005 0.987 
247 TMA-ZAIN-G-    (0)    1 :  0.007 0.005 0.009 0.980 
248 TMA-ZAIN-G-    (0)    1 :  0.005 0.007 0.008 0.979 
249 TMA-ZAIN-G-    (0)    1 :  0.004 0.007 0.006 0.983 
250 TMA-ZAIN-G-    (0)    1 :  0.006 0.005 0.008 0.981 
251 TMA-ZAIN-G-    (0)    1 :  0.005 0.015 0.905 0.075 
252 TMA-ZAIN-G-    (0)    1 :  0.013 0.005 0.969 0.014 
253 TMA-ZAIN-G-    (0)    1 :  0.006 0.005 0.952 0.037 
254 TMA-ZAIN-G-    (9)    1 :  0.005 0.005 0.973 0.018 
255 TMA-ZAIN-G-    (0)    1 :  0.008 0.016 0.734 0.241 
256 TMA-ZAIN-G-    (0)    1 :  0.008 0.005 0.896 0.091 
257 TMA-ZAIN-G-    (0)    1 :  0.005 0.008 0.941 0.046 
258 TMA-ZAIN-G-    (0)    1 :  0.005 0.006 0.960 0.029 
259 TMA-ZAIN-G-    (0)    1 :  0.009 0.010 0.758 0.224 
260 TMA-ZAIN-G-    (0)    1 :  0.010 0.008 0.815 0.167 
261 TMA-ZAIN-G-   (18)    1 :  0.005 0.016 0.962 0.016 
262 TMA-ZAIN-G-    (0)    1 :  0.004 0.008 0.944 0.044 
263 TMA-ZAIN-G-    (0)    1 :  0.007 0.010 0.833 0.150 
264 TMA-ZAIN-G-    (0)    1 :  0.007 0.008 0.840 0.144 
265 TMA-ZAIN-G-    (0)    1 :  0.012 0.006 0.476 0.506 
266 TMA-ZAIN-G-    (0)    1 :  0.005 0.006 0.966 0.023 
267 TMA-ZAIN-G-    (0)    1 :  0.007 0.007 0.029 0.957 
268 TMA-ZAIN-G-    (0)    1 :  0.003 0.006 0.004 0.987 
269 TMA-ZAIN-G-    (0)    1 :  0.003 0.005 0.005 0.987 
270 TMA-ZAIN-G-    (0)    1 :  0.003 0.005 0.006 0.987 
271 TMA-ZAIN-G-    (0)    1 :  0.003 0.005 0.004 0.988 
272 TMA-ZAIN-G-    (0)    1 :  0.002 0.004 0.005 0.989 
273 TMA-ZAIN-G-    (0)    1 :  0.002 0.004 0.003 0.991 
274 TMA-ZAIN-G-    (0)    1 :  0.005 0.005 0.007 0.983 
275 TMA-ZAIN-G-    (0)    1 :  0.002 0.004 0.003 0.991 
276 TMA-ZAIN-G-    (0)    1 :  0.003 0.004 0.004 0.989 
277 TMA-ZAIN-G-    (0)    1 :  0.004 0.004 0.005 0.987 
278 TMA-ZAIN-G-    (0)    1 :  0.002 0.004 0.003 0.990 
279 TMA-ZAIN-G-    (0)    1 :  0.003 0.004 0.005 0.988 
280 TMA-ZAIN-G-    (0)    1 :  0.003 0.004 0.005 0.988 
281 TMA-ZAIN-G-    (0)    1 :  0.003 0.005 0.004 0.988 
282 TMA-ZAIN-G-    (9)    1 :  0.003 0.004 0.003 0.990 
283 TMA-ZAIN-G-    (0)    1 :  0.003 0.006 0.006 0.985 
284 TMA-ZAIN-G-    (0)    1 :  0.003 0.008 0.009 0.980 
285 TMA-ZAIN-G-    (0)    1 :  0.004 0.004 0.006 0.987 
286 TMA-ZAIN-G-    (0)    1 :  0.003 0.005 0.003 0.989 
287 TMA-ZAIN-G-    (0)    1 :  0.004 0.005 0.004 0.987 
288 TMA-ZAIN-G-    (0)    1 :  0.006 0.006 0.012 0.977 
289 TMA-ZAIN-G-    (0)    1 :  0.004 0.004 0.007 0.985 
290 TMA-ZAIN-G-    (0)    1 :  0.004 0.007 0.007 0.983 
291 TMA-ZAIN-G-    (0)    1 :  0.061 0.079 0.016 0.844 
292 TMA-ZAIN-G-    (0)    1 :  0.005 0.006 0.975 0.014 
293 TMA-ZAIN-G-    (0)    1 :  0.004 0.004 0.985 0.007 
294 TMA-ZAIN-G-    (0)    1 :  0.013 0.005 0.977 0.005 
295 TMA-ZAIN-G-    (9)    1 :  0.012 0.007 0.972 0.009 
296 TMA-ZAIN-G-    (0)    1 :  0.004 0.006 0.981 0.009 
297 TMA-ZAIN-G-    (0)    1 :  0.004 0.004 0.986 0.006 
298 TMA-ZAIN-G-    (0)    1 :  0.004 0.007 0.981 0.008 
299 TMA-ZAIN-G-    (0)    1 :  0.005 0.005 0.983 0.007 
300 TMA-ZAIN-G-    (0)    1 :  0.014 0.005 0.975 0.006 
301 TMA-ZAIN-G-    (0)    1 :  0.006 0.004 0.985 0.006 
302 TMA-ZAIN-G-    (9)    1 :  0.005 0.003 0.987 0.005 
303 TMA-ZAIN-G-    (0)    1 :  0.193 0.016 0.040 0.752 
304 TMA-ZAIN-G-    (0)    2 :  0.007 0.006 0.957 0.030 
305 TMA-ZAIN-G-    (0)    2 :  0.004 0.004 0.987 0.005 
306 TMA-ZAIN-G-    (0)    2 :  0.006 0.003 0.831 0.159 
307 TMA-ZAIN-G-    (0)    2 :  0.007 0.005 0.966 0.022 
308 TMA-ZAIN-G-    (0)    2 :  0.050 0.010 0.402 0.539 
309 TMA-ZAIN-G-    (0)    2 :  0.006 0.003 0.987 0.004 
310 TMA-ZAIN-G-    (0)    2 :  0.005 0.005 0.982 0.008 
311 TMA-ZAIN-G-    (0)    2 :  0.004 0.008 0.980 0.008 
312 TMA-ZAIN-G-    (0)    2 :  0.005 0.008 0.978 0.009 
313 TMA-ZAIN-G-    (0)    2 :  0.010 0.004 0.976 0.010 
314 TMA-ZAIN-G-    (0)    2 :  0.020 0.114 0.011 0.855 
315 TMA-ZAIN-G-    (0)    2 :  0.005 0.006 0.514 0.475 
316 TMA-ZAIN-G-    (0)    2 :  0.005 0.009 0.452 0.534 
317 TMA-ZAIN-G-    (0)    2 :  0.004 0.016 0.021 0.959 
318 TMA-ZAIN-G-    (9)    2 :  0.004 0.006 0.007 0.983 
319 TMA-ZAIN-G-    (0)    3 :  0.004 0.131 0.239 0.627 
320 TMA-ZAIN-G-    (0)    3 :  0.005 0.034 0.693 0.268 
321 TMA-ZAIN-G-    (0)    4 :  0.008 0.030 0.732 0.231 
322 TMA-ZAIN-G-    (0)    4 :  0.005 0.054 0.714 0.228 
323 TMA-ZAIN-G-    (0)    5 :  0.015 0.006 0.222 0.757 
324 TMA-ZAIN-G-    (0)    5 :  0.005 0.007 0.982 0.006 
325 TMA-ZAIN-G-    (0)    5 :  0.044 0.040 0.022 0.894 
326 TMA-ZAIN-G-    (0)    5 :  0.027 0.113 0.610 0.250 
327 TMA-ZAIN-G-    (0)    5 :  0.006 0.004 0.985 0.005 
328 TMA-ZAIN-G-    (0)    5 :  0.014 0.012 0.238 0.736 
329 TMA-ZAIN-G-    (0)    5 :  0.005 0.004 0.985 0.006 
330 TMA-ZAIN-G-    (0)    6 :  0.005 0.003 0.988 0.004 
331 TMA-ZAIN-G-    (0)    6 :  0.049 0.162 0.710 0.079 
332 TMA-ZAIN-G-    (0)    6 :  0.005 0.005 0.987 0.003 
333 TMA-ZAIN-G-    (0)    6 :  0.006 0.006 0.983 0.005 
334 TMA-ZAIN-G-    (0)    6 :  0.003 0.004 0.004 0.989 
335 TMA-ZAIN-G-    (0)    6 :  0.002 0.004 0.005 0.989 
336 TMA-ZAIN-G-    (0)    6 :  0.003 0.005 0.008 0.985 
337 TMA-ZAIN-G-    (9)    6 :  0.003 0.005 0.005 0.987 
338 TMA-ZAIN-G-    (0)    6 :  0.002 0.006 0.003 0.989 
339 TMA-ZAIN-G-    (0)    6 :  0.002 0.005 0.002 0.990 
340 TMA-ZAIN-G-    (0)    6 :  0.002 0.004 0.004 0.990 
341 TMA-ZAIN-G-    (0)    6 :  0.003 0.005 0.005 0.988 
342 TMA-ZAIN-G-    (0)    6 :  0.002 0.005 0.005 0.989 
343 TMA-ZAIN-G-    (0)    7 :  0.002 0.004 0.003 0.990 
344 TMA-ZAIN-G-    (0)    7 :  0.003 0.004 0.004 0.989 
345 TMA-ZAIN-G-    (0)    7 :  0.002 0.004 0.003 0.990 
346 TMA-ZAIN-G-    (0)    7 :  0.002 0.004 0.003 0.991 
347 TMA-ZAIN-G-    (9)    7 :  0.002 0.004 0.004 0.990 
348 TMA-ZAIN-G-    (0)    7 :  0.003 0.005 0.005 0.986 
349 TMA-ZAIN-G-    (0)    7 :  0.003 0.004 0.004 0.989 
350 TMA-ZAIN-G-    (0)    7 :  0.003 0.004 0.006 0.986 
351 TMA-ZAIN-G-    (0)    7 :  0.003 0.004 0.004 0.989 
352 TMA-ZAIN-G-    (0)    7 :  0.003 0.005 0.006 0.987 
353 TMA-ZAIN-G-    (0)    7 :  0.003 0.005 0.006 0.986 
354 TMA-ZAIN-G-    (0)    7 :  0.003 0.004 0.004 0.988 
355 TMA-ZAIN-G-    (0)    7 :  0.003 0.005 0.008 0.984 
356 TMA-ZAIN-G-    (0)    8 :  0.004 0.003 0.985 0.008 
357 TMA-ZAIN-G-    (0)    8 :  0.005 0.004 0.987 0.005 
358 TMA-ZAIN-G-    (0)    8 :  0.013 0.006 0.971 0.010 
359 TMA-ZAIN-G-    (0)    8 :  0.004 0.022 0.920 0.053 
360 TMA-ZAIN-G-    (0)    8 :  0.004 0.003 0.989 0.004 
361 TMA-ZAIN-G-    (0)    8 :  0.071 0.036 0.888 0.005 
362 TMA-ZAIN-G-    (0)    8 :  0.004 0.006 0.982 0.009 
363 TMA-ZAIN-G-    (0)    9 :  0.004 0.005 0.976 0.014 
364 TMA-ZAIN-G-    (0)    9 :  0.003 0.009 0.019 0.968 
365 TMA-ZAIN-G-    (0)    9 :  0.006 0.021 0.708 0.266 
366 TMA-ZAIN-G-    (0)    9 :  0.020 0.006 0.966 0.008 
367 TMA-ZAIN-G-    (0)    9 :  0.005 0.012 0.974 0.009 
368 TMA-ZAIN-G-    (0)    9 :  0.018 0.005 0.972 0.005 
369 TMA-ZAIN-G-    (0)    9 :  0.005 0.003 0.989 0.003 
370 TMA-ZAIN-G-    (0)    9 :  0.086 0.042 0.868 0.004 
371 TMA-ZAIN-G-    (0)    9 :  0.005 0.003 0.987 0.004 
372 TMA-ZAIN-G-    (0)    9 :  0.007 0.003 0.985 0.004 
373 TMA-ZAIN-G-    (0)    9 :  0.006 0.008 0.980 0.006 
374 TMA-ZAIN-G-    (0)   10 :  0.006 0.040 0.817 0.137 
375 TMA-ZAIN-G-    (0)   10 :  0.004 0.013 0.549 0.433 
376 TMA-ZAIN-G-    (9)   10 :  0.005 0.003 0.988 0.004 
377 TMA-ZAIN-G-    (0)   10 :  0.005 0.003 0.989 0.003 
378 TMA-ZAIN-G-    (0)   10 :  0.005 0.002 0.989 0.003 
379 TMA-ZAIN-G-    (0)   10 :  0.005 0.003 0.989 0.003 
380 TMA-ZAIN-G-    (0)   10 :  0.011 0.003 0.982 0.004 
381 TMA-ZAIN-G-    (9)   10 :  0.070 0.121 0.379 0.430 
382 TMA-ZAIN-G-    (9)   10 :  0.028 0.133 0.009 0.830 
383    ZFB01    (0)   11 :  0.006 0.728 0.238 0.029 
384    ZFB02    (0)   11 :  0.003 0.968 0.015 0.014 
385    ZFB03    (0)   11 :  0.008 0.936 0.028 0.027 
386    ZFB04    (0)   11 :  0.004 0.966 0.017 0.014 
387    ZFB05    (0)   11 :  0.004 0.917 0.023 0.055 
388    ZFB06    (0)   11 :  0.004 0.925 0.025 0.046 
389    ZFB07    (9)   11 :  0.010 0.976 0.006 0.008 
390    ZFB08    (0)   11 :  0.007 0.949 0.018 0.026 
391    ZFB09    (0)   11 :  0.004 0.920 0.042 0.034 
392    ZFB10    (0)   11 :  0.010 0.863 0.088 0.039 
393    ZFB11    (0)   11 :  0.006 0.583 0.359 0.052 
394    ZFB12    (0)   11 :  0.008 0.796 0.155 0.041 
395    ZFB13    (0)   11 :  0.009 0.963 0.007 0.021 
396    ZFB14    (0)   11 :  0.008 0.940 0.025 0.028 
397    ZFB15    (0)   11 :  0.003 0.896 0.036 0.066 
398    ZFB16    (0)   11 :  0.004 0.925 0.016 0.055 
399    ZFB17    (0)   11 :  0.004 0.932 0.031 0.033 
400    ZFB18    (0)   11 :  0.006 0.883 0.080 0.030 
401    ZFB19    (0)   11 :  0.020 0.949 0.014 0.017 
402    ZFB20    (0)   11 :  0.004 0.878 0.031 0.087 
403    ZFB21    (0)   11 :  0.004 0.887 0.024 0.085 
404    ZFB22    (0)   11 :  0.005 0.832 0.095 0.068 
405    ZFB23    (0)   11 :  0.010 0.862 0.093 0.035 
406    ZFB24    (0)   11 :  0.005 0.691 0.281 0.022 
407    ZFB25    (0)   11 :  0.021 0.753 0.145 0.081 
408    ZFB26    (0)   11 :  0.014 0.845 0.107 0.035 
409    ZFB27    (0)   11 :  0.006 0.595 0.210 0.188 
410    ZFB28    (0)   11 :  0.068 0.350 0.016 0.566 
411    ZFB29    (0)   11 :  0.004 0.847 0.114 0.036 
412    ZFB30    (0)   11 :  0.008 0.859 0.082 0.052 
413    ZFB31    (0)   11 :  0.021 0.936 0.014 0.029 
414    ZFB32    (0)   11 :  0.018 0.858 0.041 0.083 
415    ZFB33    (0)   11 :  0.004 0.864 0.074 0.058 
416    ZFB34    (0)   11 :  0.006 0.970 0.015 0.009 
417    ZFB35    (0)   11 :  0.007 0.958 0.023 0.012 
418  ZFBP101    (0)   12 :  0.974 0.012 0.006 0.008 
419  ZFBP102    (0)   12 :  0.969 0.013 0.008 0.010 
420  ZFBP103    (0)   12 :  0.980 0.010 0.006 0.005 
421  ZFBP104    (0)   12 :  0.897 0.058 0.005 0.040 
422  ZFBP105    (0)   12 :  0.974 0.008 0.006 0.013 
423  ZFBP106    (0)   12 :  0.987 0.004 0.005 0.003 
424  ZFBP107    (0)   12 :  0.967 0.014 0.006 0.014 
425  ZFBP108    (0)   12 :  0.987 0.004 0.006 0.003 
426  ZFBP109    (0)   12 :  0.957 0.005 0.034 0.005 
427  ZFBP110    (0)   12 :  0.956 0.023 0.010 0.012 
428  ZFBP111    (0)   12 :  0.988 0.004 0.005 0.002 
429  ZFBP112    (0)   12 :  0.981 0.007 0.006 0.006 
430  ZFBP113    (0)   12 :  0.983 0.006 0.006 0.005 
431  ZFBP114    (0)   12 :  0.983 0.006 0.007 0.004 
432  ZFBP115    (0)   12 :  0.987 0.005 0.005 0.003 
433  ZFBP116    (0)   12 :  0.986 0.005 0.005 0.004 
434  ZFBP117    (0)   12 :  0.989 0.004 0.005 0.002 
435  ZFBP118    (0)   12 :  0.983 0.006 0.007 0.004 
436  ZFBP119    (0)   12 :  0.988 0.005 0.005 0.003 
437  ZFBP120    (0)   12 :  0.979 0.007 0.007 0.008 
438  ZFBP121    (0)   12 :  0.984 0.005 0.006 0.005 
439  ZFBP122    (9)   12 :  0.986 0.005 0.007 0.003 
440  ZFBP123    (0)   12 :  0.983 0.008 0.005 0.004 
441  ZFBP124    (0)   12 :  0.981 0.008 0.006 0.005 
442  ZFBP125    (0)   12 :  0.990 0.003 0.005 0.002 
443  ZFBP126    (0)   12 :  0.968 0.016 0.010 0.006 
444  ZFBP127    (0)   12 :  0.981 0.004 0.012 0.003 
445  ZFBP128    (0)   12 :  0.987 0.004 0.006 0.003 
446  ZFBP129    (0)   12 :  0.987 0.005 0.006 0.003 
447  ZFBP130    (0)   12 :  0.988 0.004 0.005 0.003 
448  ZFBP131    (0)   12 :  0.982 0.006 0.009 0.004 
449  ZFBP132    (0)   12 :  0.985 0.004 0.009 0.003 
450  ZFBP133    (0)   12 :  0.987 0.004 0.006 0.003 
451  ZFBP134    (0)   12 :  0.986 0.005 0.005 0.004 
452  ZFBP135    (0)   12 :  0.965 0.018 0.007 0.009 
453  ZFBP136    (0)   12 :  0.983 0.007 0.004 0.006 
454  ZFBP201    (0)   13 :  0.977 0.009 0.009 0.005 
455  ZFBP202    (0)   13 :  0.983 0.005 0.007 0.004 
456  ZFBP203    (0)   13 :  0.948 0.028 0.007 0.017 
457  ZFBP204    (0)   13 :  0.984 0.006 0.005 0.005 
458  ZFBP205    (0)   13 :  0.985 0.006 0.006 0.004 
459  ZFBP206    (0)   13 :  0.978 0.011 0.006 0.005 
460  ZFBP207    (0)   13 :  0.990 0.004 0.003 0.003 
461  ZFBP208    (0)   13 :  0.974 0.013 0.007 0.006 
462  ZFBP209    (0)   13 :  0.982 0.003 0.012 0.002 
463  ZFBP210    (0)   13 :  0.978 0.008 0.009 0.005 
464  ZFBP211    (0)   13 :  0.985 0.005 0.006 0.003 
465  ZFBP212    (0)   13 :  0.986 0.005 0.007 0.003 
466  ZFBP213    (0)   13 :  0.979 0.011 0.006 0.004 
467  ZFBP214    (0)   13 :  0.980 0.010 0.006 0.003 
468  ZFBP215    (0)   13 :  0.985 0.005 0.007 0.003 
469  ZFBP216    (0)   13 :  0.971 0.011 0.009 0.009 
470  ZFBP217    (0)   13 :  0.986 0.004 0.008 0.003 
471  ZFBP218    (0)   13 :  0.987 0.005 0.006 0.003 
472  ZFBP219    (0)   13 :  0.985 0.005 0.006 0.003 
473  ZFBP220    (0)   13 :  0.986 0.005 0.006 0.003 
474  ZFBP221    (0)   13 :  0.987 0.004 0.005 0.004 
475  ZFBP222    (0)   13 :  0.978 0.009 0.007 0.005 
476  ZFBP223    (0)   13 :  0.983 0.007 0.007 0.004 
477  ZFBP224    (0)   13 :  0.982 0.007 0.007 0.004 
478  ZFBP225    (0)   13 :  0.987 0.005 0.005 0.003 
479  ZFBP226    (0)   13 :  0.984 0.006 0.007 0.004 
480  ZFBP227    (0)   13 :  0.865 0.093 0.005 0.037 
481  ZFBP228    (0)   13 :  0.987 0.005 0.005 0.003 
482  ZFBP229    (0)   13 :  0.986 0.004 0.007 0.003 
483  ZFBP230    (0)   13 :  0.985 0.005 0.006 0.005 
484  ZFBP231    (0)   13 :  0.983 0.006 0.005 0.006 
485  ZFBP232    (0)   13 :  0.986 0.004 0.005 0.004 
486  ZFBP233    (0)   13 :  0.979 0.006 0.010 0.005 
487   ZFCC01    (0)   14 :  0.294 0.640 0.029 0.037 
488   ZFCC03    (0)   14 :  0.921 0.067 0.007 0.004 
489   ZFCC04    (0)   14 :  0.554 0.433 0.008 0.004 
490   ZFCC05    (0)   14 :  0.581 0.400 0.007 0.012 
491   ZFCC08    (0)   14 :  0.977 0.015 0.005 0.003 
492   ZFCC09    (0)   14 :  0.634 0.357 0.006 0.004 
493   ZFCC10    (0)   14 :  0.156 0.785 0.011 0.048 
494   ZFCC11    (0)   14 :  0.803 0.116 0.010 0.072 
495   ZFCC12    (0)   14 :  0.127 0.859 0.010 0.004 
496   ZFCC13    (0)   14 :  0.915 0.071 0.008 0.005 
497   ZFCC14    (0)   14 :  0.196 0.785 0.015 0.004 
498   ZFCC15    (0)   14 :  0.494 0.491 0.011 0.004 
499   ZFCC16    (0)   14 :  0.164 0.822 0.010 0.004 
500   ZFCC17    (0)   14 :  0.300 0.675 0.021 0.004 
501   ZFCC18    (0)   14 :  0.632 0.357 0.007 0.003 
502   ZFCC19    (0)   14 :  0.212 0.730 0.018 0.041 
503   ZFCC20    (0)   14 :  0.710 0.275 0.008 0.006 
504   ZFCC21    (0)   14 :  0.544 0.447 0.005 0.004 
505   ZFCC22    (0)   14 :  0.979 0.013 0.004 0.003 
506   ZFCC26    (0)   14 :  0.448 0.538 0.010 0.004 
507   ZFCC27    (0)   14 :  0.842 0.084 0.010 0.063 
508   ZFCC29    (0)   14 :  0.246 0.740 0.011 0.004 
509   ZFCC30    (0)   14 :  0.894 0.039 0.009 0.058 
510   ZFCC32    (0)   14 :  0.468 0.521 0.008 0.003 
511   ZFCC33    (0)   14 :  0.220 0.764 0.008 0.008 
512   ZFCC34    (0)   14 :  0.643 0.346 0.008 0.003 
513   ZFCC35    (0)   14 :  0.838 0.089 0.008 0.065 
514   ZFCC36    (0)   14 :  0.421 0.564 0.011 0.004 
515   ZFCC37    (0)   14 :  0.096 0.892 0.008 0.004 
516   ZFCC40    (0)   14 :  0.182 0.746 0.018 0.054 
517   ZFCC42    (0)   14 :  0.064 0.923 0.007 0.006 
518   ZFCC44    (0)   14 :  0.874 0.108 0.010 0.007 
519   ZFCC45    (9)   14 :  0.119 0.864 0.012 0.005 
520   ZFCC46    (0)   14 :  0.893 0.099 0.005 0.003 
521   ZFCC47    (0)   14 :  0.539 0.450 0.007 0.004 
522   ZFCC48    (0)   14 :  0.733 0.258 0.006 0.004 
523   ZFCC50    (0)   14 :  0.430 0.552 0.015 0.003 
524   ZFCC51    (0)   14 :  0.731 0.259 0.007 0.003 
525   ZFCC52    (0)   14 :  0.651 0.299 0.007 0.043 
526   ZFCC53    (0)   14 :  0.595 0.353 0.015 0.037 
527  ZFCNS01    (0)   15 :  0.982 0.008 0.005 0.006 
528  ZFCNS02    (0)   15 :  0.988 0.005 0.004 0.003 
529  ZFCNS05    (0)   15 :  0.985 0.006 0.005 0.004 
530  ZFCNS06    (0)   15 :  0.987 0.006 0.004 0.003 
531  ZFCNS07    (0)   15 :  0.987 0.005 0.004 0.003 
532  ZFCNS10    (0)   15 :  0.989 0.004 0.004 0.003 
533  ZFCNS11    (0)   15 :  0.985 0.006 0.004 0.004 
534  ZFCNS15    (0)   15 :  0.986 0.006 0.005 0.003 
535  ZFCNS17    (0)   15 :  0.988 0.005 0.004 0.003 
536  ZFCNS18    (0)   15 :  0.988 0.005 0.004 0.003 
537  ZFCNS19    (0)   15 :  0.987 0.005 0.005 0.003 
538  ZFCNS20    (0)   15 :  0.987 0.005 0.005 0.003 
539  ZFCNS21    (0)   15 :  0.987 0.004 0.005 0.003 
540  ZFCNS22    (0)   15 :  0.986 0.006 0.005 0.004 
541  ZFCNS23    (0)   15 :  0.984 0.009 0.004 0.004 
542  ZFCNS24    (0)   15 :  0.988 0.005 0.004 0.003 
543  ZFCNS25    (0)   15 :  0.988 0.005 0.004 0.003 
544  ZFCNS26    (0)   15 :  0.987 0.006 0.004 0.003 
545  ZFCNS27    (0)   15 :  0.987 0.006 0.004 0.003 
546  ZFCNS28    (0)   15 :  0.987 0.006 0.004 0.003 
547  ZFCNS29    (0)   15 :  0.987 0.005 0.004 0.004 
548  ZFCNS30    (0)   15 :  0.986 0.006 0.004 0.003 
549  ZFCNS31    (0)   15 :  0.987 0.005 0.005 0.003 
550  ZFCNS32    (0)   15 :  0.987 0.005 0.004 0.003 
551  ZFCNS33    (0)   15 :  0.988 0.005 0.004 0.003 
552  ZFCNS34    (0)   15 :  0.987 0.006 0.004 0.003 
553  ZFCNS35    (0)   15 :  0.986 0.006 0.004 0.005 
554  ZFCNS36    (0)   15 :  0.988 0.005 0.004 0.003 
555  ZFCNS37    (0)   15 :  0.986 0.006 0.005 0.004 
556  ZFCNS39    (0)   15 :  0.989 0.004 0.004 0.003 
557  ZFCNS40    (0)   15 :  0.988 0.004 0.005 0.003 
558  ZFCNS41    (0)   15 :  0.979 0.008 0.005 0.008 
559  ZFCNS42    (0)   15 :  0.988 0.005 0.004 0.003 
560  ZFCNS43    (0)   15 :  0.987 0.006 0.004 0.003 
561  ZFCNS44    (0)   15 :  0.988 0.004 0.004 0.003 
562  ZFCNS45    (0)   15 :  0.989 0.005 0.004 0.003 
563  ZFCNS46    (0)   15 :  0.987 0.005 0.005 0.003 
564  ZFCNS47    (0)   15 :  0.987 0.005 0.004 0.003 
565  ZFCNS48    (0)   15 :  0.988 0.004 0.004 0.003 
566  ZFCNS49    (0)   15 :  0.987 0.005 0.005 0.003 
567   ZFCR01    (0)   16 :  0.017 0.954 0.024 0.004 
568   ZFCR02    (0)   16 :  0.047 0.867 0.060 0.027 
569   ZFCR03    (0)   16 :  0.016 0.974 0.005 0.004 
570   ZFCR04    (0)   16 :  0.019 0.966 0.011 0.004 
571   ZFCR05    (0)   16 :  0.006 0.983 0.006 0.005 
572   ZFCR06    (0)   16 :  0.335 0.631 0.026 0.007 
573   ZFCR07    (0)   16 :  0.060 0.930 0.005 0.005 
574   ZFCR08    (0)   16 :  0.041 0.938 0.016 0.005 
575   ZFCR09    (0)   16 :  0.048 0.932 0.008 0.012 
576   ZFCR11    (0)   16 :  0.104 0.872 0.016 0.008 
577   ZFCR12    (0)   16 :  0.277 0.713 0.006 0.003 
578   ZFCR13    (0)   16 :  0.132 0.824 0.022 0.023 
579   ZFCR14    (0)   16 :  0.019 0.959 0.014 0.007 
580   ZFCR15    (0)   16 :  0.016 0.976 0.004 0.004 
581   ZFCR16    (0)   16 :  0.024 0.782 0.188 0.006 
582   ZFCR18    (0)   16 :  0.007 0.882 0.024 0.086 
583   ZFCR19    (0)   16 :  0.062 0.923 0.010 0.005 
584   ZFCR20    (0)   16 :  0.028 0.949 0.012 0.011 
585   ZFCR21    (0)   16 :  0.016 0.976 0.003 0.005 
586   ZFCR22    (0)   16 :  0.021 0.966 0.007 0.007 
587   ZFCR23    (0)   16 :  0.035 0.899 0.039 0.027 
588   ZFCR24    (9)   16 :  0.319 0.654 0.019 0.008 
589   ZFCR25    (0)   16 :  0.008 0.986 0.003 0.003 
590   ZFCR26    (0)   16 :  0.041 0.950 0.004 0.005 
591   ZFCR27    (9)   16 :  0.004 0.962 0.006 0.028 
592   ZFCR28    (0)   16 :  0.448 0.532 0.013 0.007 
593   ZFCR29    (0)   16 :  0.010 0.980 0.004 0.006 
594   ZFCR30    (0)   16 :  0.022 0.969 0.005 0.004 
595   ZFCR31    (0)   16 :  0.119 0.863 0.013 0.005 
596   ZFCR33    (0)   16 :  0.028 0.960 0.007 0.005 
597   ZFCR34    (0)   16 :  0.065 0.914 0.014 0.007 
598   ZFCR35    (0)   16 :  0.006 0.984 0.004 0.007 
599   ZFCR36    (0)   16 :  0.013 0.965 0.013 0.009 
600   ZFCR37    (0)   16 :  0.009 0.973 0.005 0.012 
601   ZFCR38    (0)   16 :  0.017 0.972 0.006 0.005 
602   ZFCR39    (0)   16 :  0.078 0.783 0.039 0.100 
603   ZFCR40    (0)   16 :  0.014 0.974 0.007 0.004 
604   ZFCR41    (0)   16 :  0.212 0.773 0.012 0.003 
605   ZFCR42    (0)   16 :  0.122 0.864 0.008 0.006 
606   ZFCR43    (0)   16 :  0.061 0.827 0.095 0.016 
607  ZFENP25    (0)   17 :  0.011 0.960 0.014 0.015 
608  ZFENP26    (0)   17 :  0.008 0.879 0.008 0.105 
609  ZFENP27    (0)   17 :  0.201 0.773 0.020 0.006 
610  ZFENP28    (0)   17 :  0.009 0.980 0.005 0.006 
611  ZFENP29    (0)   17 :  0.006 0.980 0.004 0.010 
612  ZFENP30    (0)   17 :  0.011 0.973 0.004 0.012 
613  ZFENP31    (0)   17 :  0.011 0.973 0.005 0.011 
614  ZFENP32    (0)   17 :  0.019 0.952 0.004 0.026 
615  ZFENP33    (0)   17 :  0.007 0.984 0.003 0.006 
616  ZFENP34    (0)   17 :  0.006 0.983 0.005 0.006 
617  ZFENP35    (0)   17 :  0.015 0.951 0.008 0.026 
618  ZFENP36    (0)   17 :  0.005 0.974 0.003 0.018 
619  ZFENP37    (0)   17 :  0.008 0.982 0.004 0.006 
620  ZFENP38    (0)   17 :  0.023 0.959 0.004 0.014 
621  ZFENP39    (0)   17 :  0.006 0.984 0.004 0.006 
622  ZFENP40    (0)   17 :  0.007 0.981 0.006 0.006 
623  ZFENP41    (0)   17 :  0.014 0.920 0.005 0.060 
624  ZFENP42    (0)   17 :  0.007 0.959 0.006 0.028 
625  ZFENP43    (0)   17 :  0.109 0.868 0.015 0.008 
626  ZFENP44    (0)   17 :  0.010 0.976 0.005 0.009 
627  ZFENP45    (0)   17 :  0.407 0.571 0.009 0.013 
628  ZFENP46    (0)   17 :  0.025 0.896 0.005 0.075 
629  ZFENP47    (0)   17 :  0.056 0.775 0.015 0.154 
630  ZFENP48    (0)   17 :  0.012 0.978 0.004 0.006 
631  ZFENP49    (0)   17 :  0.018 0.974 0.003 0.005 
632  ZFENP50    (0)   17 :  0.040 0.635 0.122 0.204 
633  ZFENP51    (0)   17 :  0.020 0.938 0.011 0.031 
634  ZFENP52    (0)   17 :  0.031 0.839 0.095 0.034 
635  ZFENP53    (0)   17 :  0.052 0.743 0.143 0.062 
636  ZFENP54    (0)   17 :  0.137 0.782 0.057 0.024 
637  ZFENP55    (0)   17 :  0.007 0.964 0.006 0.023 
638  ZFENP56    (0)   17 :  0.063 0.729 0.014 0.194 
639  ZFENP57    (0)   17 :  0.007 0.965 0.004 0.024 
640  ZFENP58    (0)   17 :  0.035 0.868 0.075 0.022 
641  ZFENP59    (0)   17 :  0.008 0.981 0.003 0.007 
642  ZFENP60    (0)   17 :  0.007 0.982 0.005 0.005 
643  ZFENP61    (0)   17 :  0.005 0.931 0.004 0.060 
644 ZFFDSP01    (0)   18 :  0.987 0.005 0.005 0.003 
645 ZFFDSP02    (0)   18 :  0.987 0.004 0.006 0.003 
646 ZFFDSP04    (0)   18 :  0.985 0.005 0.006 0.005 
647 ZFFDSP05    (0)   18 :  0.984 0.005 0.006 0.004 
648 ZFFDSP06    (0)   18 :  0.988 0.004 0.005 0.003 
649 ZFFDSP07    (0)   18 :  0.985 0.007 0.004 0.004 
650 ZFFDSP08    (0)   18 :  0.987 0.005 0.005 0.003 
651 ZFFDSP10    (0)   18 :  0.985 0.005 0.006 0.003 
652 ZFFDSP11    (0)   18 :  0.982 0.006 0.006 0.005 
653 ZFFDSP12    (0)   18 :  0.986 0.004 0.007 0.003 
654 ZFFDSP13    (0)   18 :  0.983 0.007 0.005 0.005 
655 ZFFDSP14    (0)   18 :  0.986 0.006 0.005 0.003 
656 ZFFDSP16    (0)   18 :  0.980 0.007 0.009 0.004 
657 ZFFDSP17    (0)   18 :  0.986 0.004 0.007 0.003 
658 ZFFDSP18    (0)   18 :  0.985 0.006 0.005 0.004 
659 ZFFDSP19    (0)   18 :  0.986 0.005 0.006 0.003 
660 ZFFDSP21    (0)   18 :  0.988 0.004 0.006 0.002 
661 ZFFDSP22    (0)   18 :  0.988 0.004 0.006 0.002 
662 ZFFDSP23    (0)   18 :  0.990 0.003 0.004 0.002 
663 ZFFDSP24    (0)   18 :  0.987 0.006 0.005 0.003 
664 ZFFDSP26    (9)   18 :  0.987 0.004 0.005 0.004 
665 ZFFDSP27    (0)   18 :  0.985 0.005 0.006 0.004 
