

----------------------------------------------------
STRUCTURE by Pritchard, Stephens and Donnelly (2000)
     and Falush, Stephens and Pritchard (2003)
       Code by Pritchard, Falush and Hubisz
             Version 2.3.4 (Jul 2012)
----------------------------------------------------



Command line arguments:   bin\structure -m C:\Users\eschumacher\Documents\GitHub\GCC_QUAC_ZAIN\Data_Files\Structure_Files\ZAIN\ZAIN_og_allpop_STR\50-50\mainparams -e C:\Users\eschumacher\Documents\GitHub\GCC_QUAC_ZAIN\Data_Files\Structure_Files\ZAIN\ZAIN_og_allpop_STR\50-50\extraparams 
Input File:    C:\Users\eschumacher\Documents\GitHub\GCC_QUAC_ZAIN\Data_Files\Structure_Files\ZAIN\ZAIN_og_allpop_STR\project_data

Run parameters:
   1135 individuals
   11 loci
   10 populations assumed
   50000 Burn-in period
   50000 Reps


--------------------------------------------
Proportion of membership of each pre-defined
 population in each of the 10 clusters

Given    Inferred Clusters                                                        Number of
 Pop       1      2      3      4      5      6      7      8      9     10      Individuals

  1:     0.113  0.006  0.502  0.005  0.007  0.007  0.007  0.277  0.007  0.067      303
  2:     0.111  0.006  0.521  0.005  0.013  0.005  0.010  0.314  0.009  0.006       15
  3:     0.012  0.003  0.354  0.003  0.003  0.005  0.017  0.455  0.087  0.060        2
  4:     0.099  0.007  0.493  0.005  0.015  0.003  0.007  0.355  0.011  0.005        2
  5:     0.041  0.006  0.474  0.008  0.007  0.008  0.005  0.383  0.033  0.035        7
  6:     0.674  0.003  0.270  0.004  0.004  0.012  0.005  0.013  0.007  0.008       13
  7:     0.967  0.002  0.005  0.003  0.003  0.002  0.003  0.008  0.003  0.004       13
  8:     0.005  0.009  0.917  0.009  0.005  0.005  0.006  0.017  0.004  0.022        7
  9:     0.014  0.009  0.819  0.007  0.006  0.009  0.008  0.105  0.007  0.016       11
 10:     0.013  0.009  0.585  0.006  0.008  0.005  0.010  0.340  0.008  0.016        9
 11:     0.014  0.007  0.033  0.006  0.008  0.007  0.840  0.029  0.014  0.042       35
 12:     0.005  0.787  0.006  0.140  0.009  0.027  0.007  0.006  0.008  0.005       36
 13:     0.004  0.859  0.005  0.087  0.014  0.009  0.005  0.004  0.007  0.005       33
 14:     0.004  0.011  0.003  0.007  0.006  0.940  0.012  0.003  0.007  0.006       40
 15:     0.003  0.005  0.003  0.965  0.004  0.009  0.003  0.003  0.003  0.002       40
 16:     0.008  0.057  0.017  0.029  0.167  0.029  0.164  0.019  0.498  0.011       40
 17:     0.008  0.019  0.009  0.014  0.057  0.033  0.056  0.026  0.754  0.023       37
 18:     0.003  0.855  0.005  0.109  0.006  0.006  0.007  0.003  0.004  0.003       40
 19:     0.007  0.004  0.003  0.013  0.006  0.038  0.916  0.004  0.006  0.003       28
 20:     0.003  0.010  0.002  0.009  0.014  0.923  0.012  0.004  0.015  0.009       14
 21:     0.003  0.014  0.003  0.047  0.027  0.018  0.027  0.003  0.059  0.799       13
 22:     0.002  0.066  0.004  0.893  0.007  0.015  0.005  0.003  0.003  0.002       14
 23:     0.005  0.897  0.004  0.049  0.006  0.011  0.005  0.005  0.008  0.011       25
 24:     0.003  0.930  0.006  0.009  0.008  0.016  0.006  0.004  0.013  0.005       40
 25:     0.006  0.017  0.014  0.047  0.014  0.854  0.012  0.014  0.014  0.008       32
 26:     0.002  0.003  0.003  0.003  0.003  0.004  0.004  0.003  0.004  0.972       21
 27:     0.044  0.010  0.012  0.008  0.159  0.013  0.653  0.064  0.031  0.006        4
 28:     0.007  0.023  0.004  0.008  0.025  0.012  0.892  0.008  0.019  0.003       23
 29:     0.003  0.005  0.003  0.006  0.010  0.008  0.941  0.003  0.017  0.003       39
 30:     0.016  0.004  0.003  0.004  0.010  0.007  0.904  0.004  0.026  0.022       38
 31:     0.003  0.112  0.005  0.841  0.014  0.008  0.004  0.003  0.005  0.005       45
 32:     0.004  0.373  0.008  0.553  0.007  0.017  0.005  0.005  0.011  0.016       28
 33:     0.005  0.005  0.013  0.007  0.009  0.007  0.886  0.016  0.043  0.009        6
 34:     0.006  0.010  0.005  0.014  0.913  0.006  0.013  0.006  0.023  0.004       40
 35:     0.007  0.014  0.006  0.020  0.023  0.013  0.016  0.009  0.861  0.032       42
--------------------------------------------

Allele-freq. divergence among pops (Net nucleotide distance),
computed using point estimates of P.

      1       2       3       4       5       6       7       8       9      10      
 1      -    0.4482  0.2746  0.4054  0.2987  0.4064  0.2634  0.1268  0.2492  0.2834  
 2   0.4482     -    0.2846  0.0934  0.1423  0.1542  0.2233  0.3092  0.1823  0.3683  
 3   0.2746  0.2846     -    0.3018  0.3224  0.3248  0.2651  0.1028  0.2637  0.3114  
 4   0.4054  0.0934  0.3018     -    0.1398  0.1209  0.2093  0.2833  0.1398  0.3665  
 5   0.2987  0.1423  0.3224  0.1398     -    0.1428  0.1554  0.2267  0.1001  0.3419  
 6   0.4064  0.1542  0.3248  0.1209  0.1428     -    0.1456  0.2388  0.1059  0.3195  
 7   0.2634  0.2233  0.2651  0.2093  0.1554  0.1456     -    0.1704  0.0721  0.2773  
 8   0.1268  0.3092  0.1028  0.2833  0.2267  0.2388  0.1704     -    0.1557  0.2404  
 9   0.2492  0.1823  0.2637  0.1398  0.1001  0.1059  0.0721  0.1557     -    0.1898  
10   0.2834  0.3683  0.3114  0.3665  0.3419  0.3195  0.2773  0.2404  0.1898     -    

Average distances (expected heterozygosity) between individuals in same cluster:
cluster  1  : 0.3644 
cluster  2  : 0.4341 
cluster  3  : 0.4587 
cluster  4  : 0.4106 
cluster  5  : 0.4240 
cluster  6  : 0.4309 
cluster  7  : 0.4853 
cluster  8  : 0.5641 
cluster  9  : 0.5660 
cluster 10  : 0.3517 

--------------------------------------------
Estimated Ln Prob of Data   = -22465.9
Mean value of ln likelihood = -21956.9
Variance of ln likelihood   = 1017.9
Mean value of alpha         = 0.0304

Mean value of Fst_1         = 0.5706
Mean value of Fst_2         = 0.4092
Mean value of Fst_3         = 0.3581
Mean value of Fst_4         = 0.5478
Mean value of Fst_5         = 0.4338
Mean value of Fst_6         = 0.4928
Mean value of Fst_7         = 0.3966
Mean value of Fst_8         = 0.2152
Mean value of Fst_9         = 0.1635
Mean value of Fst_10         = 0.5632


Inferred ancestry of individuals:
        Label (%Miss) Pop:  Inferred clusters
  1 TMA-ZAIN-G-    (9)    1 :  0.009 0.003 0.011 0.003 0.004 0.004 0.047 0.907 0.010 0.004 
  2 TMA-ZAIN-G-    (0)    1 :  0.011 0.030 0.013 0.008 0.006 0.038 0.041 0.830 0.015 0.008 
  3 TMA-ZAIN-G-    (0)    1 :  0.003 0.004 0.970 0.003 0.003 0.003 0.003 0.005 0.002 0.002 
  4 TMA-ZAIN-G-    (0)    1 :  0.027 0.004 0.385 0.003 0.003 0.012 0.020 0.535 0.006 0.004 
  5 TMA-ZAIN-G-    (0)    1 :  0.017 0.003 0.003 0.002 0.012 0.003 0.008 0.946 0.003 0.002 
  6 TMA-ZAIN-G-    (0)    1 :  0.027 0.005 0.718 0.004 0.011 0.007 0.008 0.177 0.010 0.033 
  7 TMA-ZAIN-G-    (0)    1 :  0.007 0.004 0.943 0.004 0.004 0.005 0.005 0.019 0.005 0.005 
  8 TMA-ZAIN-G-    (0)    1 :  0.002 0.004 0.970 0.004 0.003 0.004 0.003 0.006 0.002 0.002 
  9 TMA-ZAIN-G-    (9)    1 :  0.005 0.027 0.861 0.018 0.028 0.012 0.018 0.005 0.013 0.012 
 10 TMA-ZAIN-G-    (0)    1 :  0.003 0.004 0.969 0.003 0.005 0.003 0.002 0.004 0.003 0.003 
 11 TMA-ZAIN-G-    (0)    1 :  0.006 0.005 0.926 0.029 0.005 0.008 0.003 0.007 0.005 0.005 
 12 TMA-ZAIN-G-    (0)    1 :  0.002 0.004 0.971 0.003 0.003 0.004 0.004 0.004 0.003 0.003 
 13 TMA-ZAIN-G-    (9)    1 :  0.075 0.005 0.852 0.010 0.003 0.004 0.009 0.030 0.005 0.007 
 14 TMA-ZAIN-G-    (9)    1 :  0.005 0.004 0.920 0.005 0.004 0.012 0.009 0.019 0.008 0.015 
 15 TMA-ZAIN-G-    (0)    1 :  0.003 0.002 0.853 0.005 0.003 0.012 0.006 0.105 0.007 0.004 
 16 TMA-ZAIN-G-    (0)    1 :  0.004 0.004 0.972 0.003 0.003 0.002 0.003 0.004 0.003 0.004 
 17 TMA-ZAIN-G-    (9)    1 :  0.013 0.002 0.910 0.003 0.004 0.007 0.008 0.042 0.008 0.003 
 18 TMA-ZAIN-G-    (0)    1 :  0.016 0.002 0.004 0.002 0.004 0.003 0.006 0.955 0.005 0.003 
 19 TMA-ZAIN-G-    (0)    1 :  0.042 0.003 0.049 0.004 0.007 0.002 0.008 0.870 0.010 0.006 
 20 TMA-ZAIN-G-    (0)    1 :  0.123 0.002 0.003 0.002 0.004 0.003 0.003 0.835 0.016 0.010 
 21 TMA-ZAIN-G-    (0)    1 :  0.162 0.003 0.003 0.003 0.003 0.002 0.003 0.016 0.002 0.804 
 22 TMA-ZAIN-G-    (0)    1 :  0.973 0.002 0.002 0.002 0.004 0.002 0.004 0.006 0.003 0.002 
 23 TMA-ZAIN-G-    (0)    1 :  0.973 0.002 0.004 0.002 0.003 0.002 0.003 0.004 0.004 0.003 
 24 TMA-ZAIN-G-    (9)    1 :  0.742 0.124 0.074 0.034 0.003 0.004 0.003 0.009 0.003 0.004 
 25 TMA-ZAIN-G-    (9)    1 :  0.009 0.007 0.011 0.002 0.013 0.002 0.011 0.895 0.041 0.009 
 26 TMA-ZAIN-G-    (9)    1 :  0.025 0.007 0.485 0.009 0.004 0.018 0.002 0.399 0.003 0.048 
 27 TMA-ZAIN-G-    (0)    1 :  0.012 0.004 0.009 0.004 0.009 0.040 0.013 0.872 0.014 0.023 
 28 TMA-ZAIN-G-    (0)    1 :  0.009 0.014 0.024 0.008 0.219 0.005 0.013 0.690 0.011 0.007 
 29 TMA-ZAIN-G-    (0)    1 :  0.004 0.108 0.191 0.007 0.006 0.003 0.002 0.661 0.012 0.005 
 30 TMA-ZAIN-G-    (0)    1 :  0.009 0.030 0.834 0.023 0.054 0.007 0.007 0.019 0.013 0.005 
 31 TMA-ZAIN-G-    (0)    1 :  0.039 0.003 0.003 0.003 0.003 0.004 0.005 0.934 0.003 0.003 
 32 TMA-ZAIN-G-    (9)    1 :  0.096 0.007 0.162 0.004 0.002 0.003 0.006 0.713 0.004 0.003 
 33 TMA-ZAIN-G-   (18)    1 :  0.003 0.004 0.971 0.003 0.003 0.002 0.003 0.006 0.002 0.002 
 34 TMA-ZAIN-G-    (0)    1 :  0.051 0.007 0.861 0.003 0.003 0.005 0.004 0.055 0.002 0.011 
 35 TMA-ZAIN-G-    (9)    1 :  0.003 0.004 0.961 0.003 0.004 0.004 0.004 0.012 0.003 0.002 
 36 TMA-ZAIN-G-    (0)    1 :  0.003 0.004 0.969 0.005 0.003 0.004 0.003 0.006 0.003 0.002 
 37 TMA-ZAIN-G-    (9)    1 :  0.005 0.005 0.924 0.003 0.006 0.007 0.004 0.032 0.004 0.010 
 38 TMA-ZAIN-G-   (18)    1 :  0.009 0.004 0.041 0.003 0.003 0.004 0.021 0.902 0.006 0.006 
 39 TMA-ZAIN-G-    (0)    1 :  0.003 0.006 0.965 0.003 0.003 0.003 0.002 0.004 0.003 0.008 
 40 TMA-ZAIN-G-    (0)    1 :  0.002 0.004 0.973 0.003 0.002 0.002 0.002 0.004 0.002 0.005 
 41 TMA-ZAIN-G-    (0)    1 :  0.003 0.004 0.970 0.004 0.002 0.003 0.003 0.004 0.003 0.004 
 42 TMA-ZAIN-G-    (9)    1 :  0.002 0.003 0.966 0.007 0.002 0.005 0.003 0.006 0.003 0.002 
 43 TMA-ZAIN-G-    (0)    1 :  0.003 0.003 0.894 0.006 0.003 0.028 0.009 0.044 0.005 0.005 
 44 TMA-ZAIN-G-    (0)    1 :  0.091 0.009 0.092 0.023 0.010 0.011 0.003 0.031 0.007 0.723 
 45 TMA-ZAIN-G-    (0)    1 :  0.005 0.005 0.947 0.003 0.003 0.006 0.005 0.009 0.006 0.012 
 46 TMA-ZAIN-G-    (0)    1 :  0.182 0.003 0.003 0.003 0.002 0.003 0.003 0.025 0.003 0.771 
 47 TMA-ZAIN-G-    (0)    1 :  0.003 0.003 0.012 0.003 0.004 0.013 0.003 0.952 0.003 0.005 
 48 TMA-ZAIN-G-    (0)    1 :  0.039 0.005 0.784 0.007 0.005 0.011 0.004 0.134 0.004 0.007 
 49 TMA-ZAIN-G-    (9)    1 :  0.012 0.005 0.018 0.003 0.005 0.003 0.006 0.915 0.027 0.006 
 50 TMA-ZAIN-G-    (0)    1 :  0.014 0.004 0.023 0.008 0.004 0.002 0.004 0.901 0.021 0.020 
 51 TMA-ZAIN-G-    (0)    1 :  0.017 0.014 0.013 0.049 0.065 0.094 0.007 0.650 0.038 0.054 
 52 TMA-ZAIN-G-    (0)    1 :  0.017 0.014 0.050 0.012 0.017 0.028 0.007 0.833 0.010 0.013 
 53 TMA-ZAIN-G-    (0)    1 :  0.008 0.005 0.005 0.015 0.015 0.017 0.004 0.912 0.013 0.003 
 54 TMA-ZAIN-G-    (0)    1 :  0.005 0.003 0.014 0.006 0.005 0.011 0.003 0.948 0.004 0.002 
 55 TMA-ZAIN-G-    (0)    1 :  0.008 0.003 0.018 0.008 0.005 0.008 0.002 0.941 0.004 0.003 
 56 TMA-ZAIN-G-    (0)    1 :  0.028 0.003 0.380 0.004 0.007 0.010 0.006 0.549 0.009 0.003 
 57 TMA-ZAIN-G-    (0)    1 :  0.004 0.004 0.008 0.003 0.003 0.006 0.003 0.965 0.002 0.002 
 58 TMA-ZAIN-G-    (0)    1 :  0.136 0.003 0.013 0.004 0.008 0.003 0.017 0.803 0.008 0.006 
 59 TMA-ZAIN-G-    (0)    1 :  0.043 0.012 0.038 0.008 0.005 0.004 0.004 0.878 0.004 0.004 
 60 TMA-ZAIN-G-    (0)    1 :  0.009 0.003 0.007 0.004 0.005 0.007 0.011 0.937 0.008 0.008 
 61 TMA-ZAIN-G-    (0)    1 :  0.036 0.003 0.004 0.003 0.003 0.004 0.005 0.933 0.004 0.005 
 62 TMA-ZAIN-G-    (9)    1 :  0.006 0.008 0.014 0.004 0.008 0.006 0.028 0.893 0.009 0.024 
 63 TMA-ZAIN-G-    (0)    1 :  0.056 0.002 0.006 0.003 0.004 0.010 0.023 0.885 0.007 0.003 
 64 TMA-ZAIN-G-    (0)    1 :  0.002 0.029 0.948 0.004 0.003 0.003 0.002 0.004 0.003 0.002 
 65 TMA-ZAIN-G-    (9)    1 :  0.003 0.004 0.971 0.003 0.003 0.004 0.003 0.005 0.002 0.002 
 66 TMA-ZAIN-G-    (0)    1 :  0.002 0.011 0.966 0.003 0.003 0.003 0.002 0.004 0.003 0.002 
 67 TMA-ZAIN-G-    (0)    1 :  0.009 0.009 0.940 0.002 0.005 0.003 0.004 0.010 0.007 0.011 
 68 TMA-ZAIN-G-    (0)    1 :  0.002 0.009 0.967 0.003 0.002 0.004 0.002 0.006 0.002 0.002 
 69 TMA-ZAIN-G-    (0)    1 :  0.013 0.024 0.878 0.005 0.006 0.008 0.007 0.033 0.011 0.014 
 70 TMA-ZAIN-G-    (0)    1 :  0.005 0.010 0.951 0.007 0.006 0.004 0.003 0.005 0.004 0.004 
 71 TMA-ZAIN-G-    (0)    1 :  0.003 0.019 0.939 0.012 0.006 0.007 0.002 0.004 0.004 0.003 
 72 TMA-ZAIN-G-    (0)    1 :  0.005 0.004 0.966 0.004 0.004 0.004 0.003 0.005 0.003 0.003 
 73 TMA-ZAIN-G-    (0)    1 :  0.046 0.010 0.862 0.006 0.006 0.017 0.002 0.035 0.004 0.012 
 74 TMA-ZAIN-G-    (0)    1 :  0.012 0.015 0.902 0.007 0.008 0.006 0.004 0.020 0.015 0.011 
 75 TMA-ZAIN-G-    (0)    1 :  0.004 0.013 0.916 0.017 0.014 0.016 0.003 0.009 0.005 0.003 
 76 TMA-ZAIN-G-    (0)    1 :  0.026 0.015 0.818 0.011 0.011 0.009 0.005 0.013 0.023 0.068 
 77 TMA-ZAIN-G-    (0)    1 :  0.005 0.004 0.959 0.004 0.003 0.003 0.003 0.005 0.004 0.010 
 78 TMA-ZAIN-G-    (0)    1 :  0.018 0.003 0.892 0.003 0.004 0.004 0.006 0.022 0.012 0.036 
 79 TMA-ZAIN-G-    (0)    1 :  0.008 0.003 0.920 0.004 0.003 0.004 0.003 0.009 0.006 0.040 
 80 TMA-ZAIN-G-    (0)    1 :  0.003 0.005 0.967 0.003 0.003 0.004 0.002 0.005 0.002 0.007 
 81 TMA-ZAIN-G-    (0)    1 :  0.005 0.005 0.946 0.006 0.005 0.006 0.003 0.008 0.005 0.011 
 82 TMA-ZAIN-G-    (0)    1 :  0.003 0.013 0.956 0.005 0.004 0.007 0.003 0.006 0.002 0.002 
 83 TMA-ZAIN-G-    (9)    1 :  0.045 0.007 0.867 0.004 0.005 0.009 0.004 0.043 0.002 0.013 
 84 TMA-ZAIN-G-    (0)    1 :  0.010 0.004 0.882 0.002 0.003 0.002 0.004 0.008 0.006 0.080 
 85 TMA-ZAIN-G-    (0)    1 :  0.078 0.002 0.017 0.002 0.003 0.004 0.006 0.880 0.004 0.003 
 86 TMA-ZAIN-G-    (0)    1 :  0.042 0.003 0.066 0.003 0.004 0.006 0.004 0.851 0.004 0.016 
 87 TMA-ZAIN-G-    (0)    1 :  0.601 0.002 0.013 0.002 0.003 0.005 0.007 0.352 0.006 0.009 
 88 TMA-ZAIN-G-    (0)    1 :  0.007 0.009 0.081 0.004 0.002 0.004 0.005 0.877 0.003 0.008 
 89 TMA-ZAIN-G-    (0)    1 :  0.008 0.006 0.026 0.005 0.002 0.005 0.004 0.932 0.003 0.010 
 90 TMA-ZAIN-G-    (0)    1 :  0.008 0.003 0.017 0.002 0.004 0.005 0.004 0.945 0.004 0.008 
 91 TMA-ZAIN-G-    (0)    1 :  0.006 0.003 0.019 0.003 0.003 0.005 0.004 0.947 0.003 0.007 
 92 TMA-ZAIN-G-    (0)    1 :  0.012 0.003 0.010 0.003 0.005 0.005 0.004 0.938 0.005 0.016 
 93 TMA-ZAIN-G-    (0)    1 :  0.008 0.003 0.006 0.003 0.006 0.005 0.003 0.955 0.004 0.006 
 94 TMA-ZAIN-G-    (0)    1 :  0.011 0.003 0.005 0.003 0.004 0.005 0.004 0.952 0.004 0.009 
 95 TMA-ZAIN-G-    (0)    1 :  0.155 0.045 0.029 0.033 0.249 0.004 0.011 0.407 0.041 0.026 
 96 TMA-ZAIN-G-    (0)    1 :  0.024 0.004 0.296 0.004 0.101 0.007 0.046 0.412 0.097 0.009 
 97 TMA-ZAIN-G-    (0)    1 :  0.016 0.005 0.004 0.004 0.003 0.004 0.022 0.934 0.005 0.004 
 98 TMA-ZAIN-G-    (0)    1 :  0.015 0.016 0.004 0.006 0.003 0.005 0.030 0.916 0.003 0.002 
 99 TMA-ZAIN-G-    (0)    1 :  0.017 0.087 0.094 0.014 0.003 0.003 0.010 0.758 0.004 0.009 
100 TMA-ZAIN-G-    (0)    1 :  0.016 0.002 0.003 0.002 0.003 0.009 0.007 0.941 0.005 0.013 
101 TMA-ZAIN-G-    (0)    1 :  0.012 0.006 0.009 0.003 0.004 0.003 0.006 0.950 0.004 0.004 
102 TMA-ZAIN-G-    (0)    1 :  0.869 0.008 0.042 0.005 0.004 0.004 0.013 0.045 0.006 0.003 
103 TMA-ZAIN-G-    (0)    1 :  0.490 0.004 0.025 0.003 0.004 0.003 0.027 0.437 0.005 0.003 
104 TMA-ZAIN-G-    (0)    1 :  0.394 0.007 0.005 0.004 0.004 0.004 0.235 0.341 0.004 0.003 
105 TMA-ZAIN-G-    (0)    1 :  0.330 0.004 0.026 0.003 0.004 0.003 0.025 0.598 0.005 0.002 
106 TMA-ZAIN-G-    (0)    1 :  0.003 0.004 0.972 0.005 0.002 0.002 0.003 0.004 0.002 0.002 
107 TMA-ZAIN-G-    (0)    1 :  0.003 0.014 0.959 0.004 0.003 0.003 0.003 0.005 0.003 0.002 
108 TMA-ZAIN-G-    (9)    1 :  0.029 0.005 0.199 0.004 0.003 0.010 0.009 0.725 0.005 0.010 
109 TMA-ZAIN-G-    (0)    1 :  0.007 0.008 0.351 0.005 0.011 0.003 0.005 0.602 0.004 0.003 
110 TMA-ZAIN-G-    (0)    1 :  0.096 0.005 0.514 0.005 0.009 0.003 0.005 0.304 0.013 0.046 
111 TMA-ZAIN-G-    (9)    1 :  0.086 0.008 0.069 0.003 0.005 0.004 0.010 0.803 0.004 0.008 
112 TMA-ZAIN-G-    (0)    1 :  0.170 0.005 0.441 0.006 0.006 0.003 0.004 0.356 0.005 0.004 
113 TMA-ZAIN-G-    (0)    1 :  0.125 0.021 0.022 0.005 0.007 0.004 0.032 0.777 0.005 0.002 
114 TMA-ZAIN-G-    (0)    1 :  0.029 0.004 0.004 0.002 0.007 0.003 0.008 0.936 0.004 0.004 
115 TMA-ZAIN-G-    (0)    1 :  0.029 0.004 0.007 0.003 0.008 0.004 0.045 0.892 0.005 0.004 
116 TMA-ZAIN-G-    (0)    1 :  0.003 0.006 0.968 0.002 0.003 0.004 0.003 0.007 0.002 0.002 
117 TMA-ZAIN-G-    (0)    1 :  0.003 0.004 0.965 0.003 0.004 0.004 0.003 0.008 0.003 0.002 
118 TMA-ZAIN-G-    (0)    1 :  0.003 0.004 0.970 0.003 0.003 0.003 0.004 0.006 0.002 0.002 
119 TMA-ZAIN-G-    (0)    1 :  0.007 0.005 0.944 0.002 0.003 0.003 0.006 0.018 0.004 0.007 
120 TMA-ZAIN-G-    (0)    1 :  0.004 0.004 0.966 0.003 0.003 0.003 0.004 0.007 0.003 0.002 
121 TMA-ZAIN-G-    (0)    1 :  0.003 0.005 0.968 0.003 0.005 0.004 0.003 0.006 0.003 0.002 
122 TMA-ZAIN-G-    (0)    1 :  0.006 0.004 0.935 0.003 0.007 0.006 0.005 0.019 0.004 0.011 
123 TMA-ZAIN-G-    (0)    1 :  0.155 0.003 0.010 0.003 0.003 0.004 0.153 0.652 0.012 0.005 
124 TMA-ZAIN-G-    (0)    1 :  0.004 0.003 0.967 0.006 0.003 0.002 0.003 0.006 0.004 0.002 
125 TMA-ZAIN-G-    (0)    1 :  0.002 0.003 0.967 0.005 0.003 0.007 0.002 0.007 0.003 0.002 
126 TMA-ZAIN-G-    (0)    1 :  0.003 0.002 0.966 0.007 0.002 0.004 0.003 0.008 0.003 0.002 
127 TMA-ZAIN-G-    (0)    1 :  0.002 0.003 0.973 0.005 0.002 0.002 0.002 0.004 0.002 0.003 
128 TMA-ZAIN-G-    (0)    1 :  0.003 0.003 0.972 0.004 0.004 0.003 0.003 0.005 0.002 0.002 
129 TMA-ZAIN-G-    (0)    1 :  0.003 0.004 0.964 0.007 0.003 0.003 0.003 0.007 0.003 0.002 
130 TMA-ZAIN-G-    (0)    1 :  0.003 0.003 0.942 0.006 0.003 0.006 0.004 0.029 0.003 0.002 
131 TMA-ZAIN-G-    (0)    1 :  0.003 0.003 0.968 0.005 0.003 0.002 0.003 0.006 0.003 0.002 
132 TMA-ZAIN-G-    (0)    1 :  0.002 0.003 0.967 0.005 0.004 0.005 0.003 0.007 0.002 0.002 
133 TMA-ZAIN-G-    (0)    1 :  0.004 0.003 0.960 0.004 0.003 0.004 0.002 0.008 0.003 0.008 
134 TMA-ZAIN-G-    (0)    1 :  0.003 0.003 0.961 0.006 0.002 0.006 0.003 0.010 0.003 0.005 
135 TMA-ZAIN-G-    (0)    1 :  0.003 0.005 0.969 0.004 0.002 0.003 0.002 0.004 0.002 0.006 
136 TMA-ZAIN-G-    (0)    1 :  0.004 0.007 0.958 0.003 0.004 0.007 0.002 0.006 0.003 0.005 
137 TMA-ZAIN-G-    (0)    1 :  0.002 0.004 0.970 0.003 0.002 0.003 0.003 0.006 0.003 0.005 
138 TMA-ZAIN-G-    (0)    1 :  0.002 0.004 0.971 0.005 0.002 0.004 0.003 0.004 0.002 0.002 
139 TMA-ZAIN-G-    (0)    1 :  0.002 0.004 0.967 0.004 0.002 0.005 0.003 0.005 0.002 0.005 
140 TMA-ZAIN-G-    (0)    1 :  0.004 0.004 0.970 0.003 0.003 0.002 0.003 0.004 0.003 0.004 
141 TMA-ZAIN-G-    (0)    1 :  0.004 0.004 0.970 0.004 0.003 0.003 0.003 0.005 0.003 0.003 
142 TMA-ZAIN-G-    (9)    1 :  0.003 0.005 0.971 0.003 0.003 0.002 0.003 0.004 0.002 0.003 
143 TMA-ZAIN-G-    (0)    1 :  0.003 0.004 0.972 0.004 0.003 0.002 0.003 0.004 0.002 0.002 
144 TMA-ZAIN-G-    (0)    1 :  0.005 0.004 0.956 0.004 0.006 0.006 0.003 0.007 0.004 0.006 
145 TMA-ZAIN-G-    (0)    1 :  0.002 0.005 0.976 0.003 0.003 0.003 0.002 0.003 0.002 0.002 
146 TMA-ZAIN-G-    (0)    1 :  0.003 0.007 0.963 0.007 0.003 0.005 0.003 0.004 0.003 0.003 
147 TMA-ZAIN-G-    (9)    1 :  0.003 0.004 0.971 0.003 0.002 0.003 0.002 0.005 0.002 0.004 
148 TMA-ZAIN-G-    (0)    1 :  0.003 0.005 0.949 0.017 0.003 0.010 0.002 0.005 0.003 0.003 
149 TMA-ZAIN-G-    (0)    1 :  0.015 0.006 0.940 0.008 0.003 0.004 0.005 0.014 0.003 0.003 
150 TMA-ZAIN-G-    (0)    1 :  0.013 0.011 0.931 0.013 0.005 0.006 0.004 0.012 0.002 0.002 
151 TMA-ZAIN-G-    (0)    1 :  0.002 0.004 0.974 0.002 0.002 0.003 0.004 0.004 0.002 0.003 
152 TMA-ZAIN-G-    (0)    1 :  0.002 0.005 0.970 0.002 0.002 0.004 0.004 0.005 0.002 0.003 
153 TMA-ZAIN-G-    (0)    1 :  0.002 0.004 0.973 0.005 0.002 0.003 0.002 0.004 0.002 0.002 
154 TMA-ZAIN-G-    (0)    1 :  0.002 0.004 0.975 0.002 0.002 0.003 0.003 0.005 0.002 0.002 
155 TMA-ZAIN-G-    (0)    1 :  0.003 0.005 0.974 0.003 0.002 0.002 0.003 0.004 0.002 0.002 
156 TMA-ZAIN-G-    (9)    1 :  0.002 0.004 0.953 0.005 0.002 0.007 0.007 0.013 0.003 0.003 
157 TMA-ZAIN-G-    (0)    1 :  0.003 0.003 0.969 0.004 0.002 0.004 0.005 0.005 0.003 0.003 
158 TMA-ZAIN-G-    (0)    1 :  0.003 0.006 0.964 0.005 0.004 0.004 0.003 0.005 0.003 0.003 
159 TMA-ZAIN-G-    (0)    1 :  0.002 0.010 0.963 0.005 0.004 0.005 0.003 0.004 0.003 0.002 
160 TMA-ZAIN-G-    (0)    1 :  0.002 0.008 0.970 0.002 0.002 0.003 0.003 0.004 0.002 0.002 
161 TMA-ZAIN-G-    (0)    1 :  0.002 0.004 0.972 0.005 0.003 0.004 0.002 0.004 0.002 0.002 
162 TMA-ZAIN-G-    (0)    1 :  0.008 0.009 0.957 0.004 0.002 0.002 0.005 0.009 0.002 0.002 
163 TMA-ZAIN-G-    (0)    1 :  0.002 0.004 0.976 0.003 0.002 0.002 0.003 0.003 0.002 0.002 
164 TMA-ZAIN-G-    (0)    1 :  0.003 0.005 0.963 0.003 0.003 0.004 0.004 0.008 0.003 0.004 
165 TMA-ZAIN-G-    (0)    1 :  0.002 0.006 0.973 0.003 0.002 0.002 0.003 0.004 0.002 0.002 
166 TMA-ZAIN-G-    (0)    1 :  0.002 0.005 0.974 0.003 0.002 0.003 0.002 0.004 0.002 0.002 
167 TMA-ZAIN-G-    (0)    1 :  0.005 0.005 0.964 0.004 0.004 0.003 0.003 0.005 0.003 0.004 
168 TMA-ZAIN-G-    (0)    1 :  0.003 0.006 0.961 0.004 0.003 0.005 0.005 0.006 0.004 0.003 
169 TMA-ZAIN-G-    (0)    1 :  0.002 0.008 0.971 0.003 0.002 0.003 0.003 0.004 0.002 0.002 
170 TMA-ZAIN-G-    (0)    1 :  0.007 0.005 0.936 0.003 0.003 0.003 0.008 0.012 0.010 0.012 
171 TMA-ZAIN-G-    (0)    1 :  0.003 0.008 0.970 0.003 0.002 0.003 0.003 0.003 0.002 0.003 
172 TMA-ZAIN-G-    (0)    1 :  0.003 0.003 0.965 0.004 0.003 0.003 0.004 0.005 0.004 0.006 
173 TMA-ZAIN-G-    (0)    1 :  0.004 0.004 0.963 0.004 0.003 0.004 0.004 0.005 0.005 0.005 
174 TMA-ZAIN-G-    (0)    1 :  0.002 0.005 0.974 0.003 0.003 0.003 0.002 0.003 0.002 0.002 
175 TMA-ZAIN-G-    (0)    1 :  0.003 0.009 0.959 0.007 0.004 0.006 0.003 0.004 0.003 0.003 
176 TMA-ZAIN-G-    (0)    1 :  0.003 0.009 0.960 0.008 0.004 0.005 0.003 0.004 0.003 0.003 
177 TMA-ZAIN-G-    (0)    1 :  0.003 0.011 0.920 0.024 0.006 0.018 0.004 0.005 0.006 0.005 
178 TMA-ZAIN-G-    (0)    1 :  0.004 0.005 0.949 0.004 0.004 0.006 0.006 0.005 0.008 0.009 
179 TMA-ZAIN-G-    (0)    1 :  0.002 0.006 0.958 0.007 0.003 0.008 0.003 0.004 0.004 0.004 
180 TMA-ZAIN-G-    (0)    1 :  0.003 0.004 0.962 0.004 0.004 0.004 0.003 0.008 0.003 0.006 
181 TMA-ZAIN-G-    (0)    1 :  0.002 0.004 0.964 0.007 0.002 0.004 0.004 0.006 0.003 0.003 
182 TMA-ZAIN-G-    (0)    1 :  0.003 0.003 0.947 0.011 0.003 0.006 0.005 0.014 0.004 0.004 
183 TMA-ZAIN-G-    (0)    1 :  0.003 0.003 0.967 0.006 0.002 0.003 0.003 0.005 0.003 0.003 
184 TMA-ZAIN-G-    (0)    1 :  0.013 0.007 0.936 0.013 0.003 0.003 0.004 0.014 0.003 0.003 
185 TMA-ZAIN-G-    (0)    1 :  0.027 0.006 0.924 0.009 0.005 0.004 0.003 0.015 0.004 0.004 
186 TMA-ZAIN-G-    (9)    1 :  0.006 0.003 0.959 0.005 0.006 0.003 0.002 0.005 0.005 0.005 
187 TMA-ZAIN-G-    (0)    1 :  0.004 0.005 0.965 0.005 0.003 0.003 0.004 0.004 0.004 0.004 
188 TMA-ZAIN-G-    (0)    1 :  0.003 0.004 0.972 0.005 0.002 0.002 0.002 0.005 0.002 0.002 
189 TMA-ZAIN-G-    (0)    1 :  0.002 0.004 0.974 0.006 0.002 0.002 0.002 0.003 0.002 0.003 
190 TMA-ZAIN-G-    (0)    1 :  0.003 0.006 0.940 0.008 0.007 0.014 0.004 0.006 0.006 0.006 
191 TMA-ZAIN-G-    (0)    1 :  0.015 0.006 0.932 0.027 0.002 0.002 0.003 0.008 0.002 0.003 
192 TMA-ZAIN-G-    (0)    1 :  0.003 0.004 0.961 0.006 0.002 0.003 0.003 0.004 0.003 0.011 
193 TMA-ZAIN-G-    (0)    1 :  0.003 0.003 0.885 0.017 0.003 0.036 0.007 0.034 0.006 0.005 
194 TMA-ZAIN-G-    (0)    1 :  0.004 0.003 0.802 0.009 0.003 0.042 0.005 0.117 0.007 0.007 
195 TMA-ZAIN-G-    (0)    1 :  0.003 0.004 0.868 0.032 0.005 0.058 0.007 0.010 0.008 0.005 
196 TMA-ZAIN-G-    (0)    1 :  0.003 0.003 0.940 0.009 0.003 0.014 0.007 0.011 0.006 0.005 
197 TMA-ZAIN-G-    (0)    1 :  0.003 0.003 0.918 0.009 0.003 0.016 0.004 0.036 0.004 0.003 
198 TMA-ZAIN-G-    (0)    1 :  0.003 0.003 0.945 0.008 0.002 0.013 0.006 0.008 0.005 0.006 
199 TMA-ZAIN-G-    (0)    1 :  0.005 0.003 0.963 0.005 0.004 0.003 0.002 0.006 0.003 0.004 
200 TMA-ZAIN-G-    (0)    1 :  0.408 0.002 0.003 0.003 0.004 0.005 0.007 0.015 0.006 0.545 
201 TMA-ZAIN-G-    (0)    1 :  0.391 0.002 0.012 0.002 0.004 0.003 0.003 0.022 0.003 0.558 
202 TMA-ZAIN-G-    (0)    1 :  0.008 0.003 0.005 0.004 0.002 0.002 0.005 0.005 0.003 0.964 
203 TMA-ZAIN-G-    (0)    1 :  0.004 0.003 0.881 0.009 0.003 0.016 0.016 0.058 0.006 0.005 
204 TMA-ZAIN-G-    (9)    1 :  0.108 0.003 0.005 0.008 0.005 0.012 0.007 0.092 0.012 0.747 
205 TMA-ZAIN-G-    (0)    1 :  0.016 0.002 0.085 0.004 0.004 0.003 0.003 0.102 0.004 0.777 
206 TMA-ZAIN-G-    (9)    1 :  0.105 0.006 0.019 0.005 0.007 0.009 0.012 0.309 0.007 0.521 
207 TMA-ZAIN-G-    (9)    1 :  0.011 0.004 0.887 0.003 0.011 0.024 0.010 0.033 0.012 0.004 
208 TMA-ZAIN-G-    (0)    1 :  0.002 0.005 0.974 0.002 0.003 0.002 0.002 0.003 0.002 0.003 
209 TMA-ZAIN-G-    (0)    1 :  0.003 0.003 0.963 0.006 0.002 0.008 0.002 0.007 0.003 0.002 
210 TMA-ZAIN-G-    (0)    1 :  0.003 0.003 0.960 0.005 0.003 0.008 0.004 0.008 0.003 0.003 
211 TMA-ZAIN-G-    (0)    1 :  0.009 0.003 0.939 0.005 0.003 0.003 0.005 0.018 0.006 0.009 
212 TMA-ZAIN-G-    (0)    1 :  0.003 0.004 0.958 0.003 0.003 0.005 0.004 0.006 0.004 0.010 
213 TMA-ZAIN-G-    (0)    1 :  0.004 0.004 0.965 0.006 0.003 0.003 0.003 0.006 0.003 0.003 
214 TMA-ZAIN-G-    (0)    1 :  0.003 0.003 0.972 0.004 0.002 0.003 0.002 0.004 0.003 0.003 
215 TMA-ZAIN-G-    (0)    1 :  0.011 0.003 0.850 0.003 0.003 0.002 0.003 0.027 0.080 0.019 
216 TMA-ZAIN-G-    (0)    1 :  0.004 0.003 0.965 0.005 0.003 0.003 0.002 0.006 0.003 0.004 
217 TMA-ZAIN-G-    (0)    1 :  0.003 0.004 0.973 0.005 0.002 0.003 0.002 0.004 0.002 0.002 
218 TMA-ZAIN-G-    (0)    1 :  0.006 0.011 0.014 0.006 0.015 0.003 0.004 0.902 0.026 0.013 
219 TMA-ZAIN-G-    (0)    1 :  0.005 0.004 0.006 0.005 0.005 0.005 0.004 0.858 0.010 0.097 
220 TMA-ZAIN-G-    (0)    1 :  0.016 0.006 0.018 0.003 0.068 0.003 0.045 0.793 0.044 0.005 
221 TMA-ZAIN-G-    (0)    1 :  0.012 0.018 0.011 0.012 0.013 0.004 0.005 0.760 0.020 0.145 
222 TMA-ZAIN-G-    (0)    1 :  0.009 0.002 0.008 0.003 0.003 0.002 0.004 0.955 0.005 0.008 
223 TMA-ZAIN-G-    (0)    1 :  0.026 0.002 0.006 0.002 0.006 0.002 0.005 0.866 0.070 0.014 
224 TMA-ZAIN-G-    (0)    1 :  0.016 0.002 0.016 0.003 0.003 0.003 0.005 0.933 0.010 0.009 
225 TMA-ZAIN-G-    (0)    1 :  0.041 0.002 0.006 0.003 0.009 0.003 0.008 0.796 0.099 0.034 
226 TMA-ZAIN-G-    (0)    1 :  0.019 0.002 0.007 0.002 0.006 0.003 0.008 0.914 0.015 0.024 
227 TMA-ZAIN-G-    (0)    1 :  0.018 0.003 0.010 0.003 0.006 0.003 0.008 0.827 0.058 0.064 
228 TMA-ZAIN-G-    (0)    1 :  0.125 0.006 0.054 0.009 0.027 0.007 0.007 0.716 0.045 0.006 
229 TMA-ZAIN-G-    (0)    1 :  0.076 0.004 0.005 0.002 0.007 0.003 0.005 0.865 0.015 0.019 
230 TMA-ZAIN-G-    (0)    1 :  0.014 0.007 0.060 0.020 0.014 0.016 0.004 0.848 0.014 0.003 
231 TMA-ZAIN-G-    (0)    1 :  0.712 0.008 0.068 0.005 0.003 0.012 0.007 0.158 0.010 0.018 
232 TMA-ZAIN-G-    (9)    1 :  0.728 0.019 0.073 0.013 0.003 0.005 0.005 0.141 0.010 0.004 
233 TMA-ZAIN-G-    (0)    1 :  0.020 0.003 0.023 0.002 0.004 0.003 0.003 0.884 0.045 0.013 
234 TMA-ZAIN-G-    (0)    1 :  0.078 0.003 0.004 0.003 0.004 0.006 0.008 0.864 0.011 0.020 
235 TMA-ZAIN-G-    (0)    1 :  0.014 0.005 0.013 0.004 0.003 0.009 0.026 0.871 0.019 0.036 
236 TMA-ZAIN-G-    (0)    1 :  0.084 0.002 0.022 0.003 0.003 0.004 0.018 0.550 0.014 0.300 
237 TMA-ZAIN-G-    (0)    1 :  0.015 0.004 0.044 0.003 0.003 0.003 0.005 0.913 0.005 0.006 
238 TMA-ZAIN-G-    (0)    1 :  0.045 0.003 0.015 0.003 0.003 0.002 0.005 0.795 0.005 0.124 
239 TMA-ZAIN-G-    (0)    1 :  0.027 0.003 0.008 0.004 0.002 0.006 0.002 0.446 0.002 0.500 
240 TMA-ZAIN-G-    (0)    1 :  0.028 0.002 0.003 0.002 0.003 0.003 0.002 0.011 0.003 0.944 
241 TMA-ZAIN-G-    (0)    1 :  0.015 0.003 0.004 0.002 0.002 0.002 0.002 0.007 0.003 0.959 
242 TMA-ZAIN-G-    (0)    1 :  0.013 0.003 0.004 0.002 0.003 0.002 0.002 0.006 0.002 0.963 
243 TMA-ZAIN-G-    (0)    1 :  0.007 0.003 0.005 0.002 0.002 0.002 0.002 0.005 0.002 0.970 
244 TMA-ZAIN-G-    (0)    1 :  0.013 0.003 0.006 0.002 0.003 0.002 0.002 0.007 0.003 0.959 
245 TMA-ZAIN-G-    (9)    1 :  0.026 0.002 0.003 0.002 0.003 0.002 0.002 0.007 0.003 0.952 
246 TMA-ZAIN-G-    (0)    1 :  0.008 0.002 0.003 0.002 0.003 0.002 0.002 0.004 0.002 0.973 
247 TMA-ZAIN-G-    (0)    1 :  0.006 0.002 0.003 0.002 0.003 0.002 0.002 0.003 0.002 0.976 
248 TMA-ZAIN-G-    (0)    1 :  0.012 0.002 0.004 0.002 0.003 0.002 0.002 0.006 0.003 0.963 
249 TMA-ZAIN-G-    (0)    1 :  0.008 0.002 0.003 0.002 0.002 0.003 0.002 0.004 0.003 0.972 
250 TMA-ZAIN-G-    (0)    1 :  0.006 0.002 0.003 0.002 0.003 0.002 0.002 0.003 0.002 0.974 
251 TMA-ZAIN-G-    (0)    1 :  0.003 0.003 0.009 0.004 0.004 0.009 0.003 0.960 0.003 0.002 
252 TMA-ZAIN-G-    (0)    1 :  0.003 0.017 0.025 0.019 0.008 0.117 0.003 0.802 0.004 0.003 
253 TMA-ZAIN-G-    (0)    1 :  0.003 0.004 0.021 0.005 0.002 0.015 0.003 0.940 0.002 0.005 
254 TMA-ZAIN-G-    (9)    1 :  0.006 0.008 0.112 0.003 0.007 0.006 0.004 0.845 0.003 0.004 
255 TMA-ZAIN-G-    (0)    1 :  0.037 0.006 0.037 0.004 0.003 0.028 0.019 0.857 0.004 0.004 
256 TMA-ZAIN-G-    (0)    1 :  0.005 0.003 0.020 0.008 0.002 0.010 0.003 0.938 0.002 0.008 
257 TMA-ZAIN-G-    (0)    1 :  0.004 0.002 0.006 0.004 0.002 0.011 0.002 0.963 0.003 0.003 
258 TMA-ZAIN-G-    (0)    1 :  0.003 0.003 0.007 0.003 0.003 0.014 0.002 0.960 0.003 0.004 
259 TMA-ZAIN-G-    (0)    1 :  0.005 0.003 0.008 0.003 0.004 0.019 0.002 0.947 0.003 0.006 
260 TMA-ZAIN-G-    (0)    1 :  0.005 0.004 0.010 0.004 0.005 0.019 0.002 0.942 0.003 0.004 
261 TMA-ZAIN-G-   (18)    1 :  0.004 0.005 0.020 0.004 0.008 0.013 0.005 0.935 0.003 0.003 
262 TMA-ZAIN-G-    (0)    1 :  0.003 0.002 0.006 0.004 0.002 0.011 0.002 0.965 0.003 0.003 
263 TMA-ZAIN-G-    (0)    1 :  0.004 0.003 0.006 0.004 0.003 0.011 0.003 0.961 0.003 0.003 
264 TMA-ZAIN-G-    (0)    1 :  0.004 0.003 0.008 0.003 0.003 0.008 0.004 0.962 0.002 0.002 
265 TMA-ZAIN-G-    (0)    1 :  0.007 0.005 0.039 0.005 0.003 0.006 0.003 0.909 0.004 0.018 
266 TMA-ZAIN-G-    (0)    1 :  0.009 0.003 0.092 0.005 0.009 0.006 0.003 0.865 0.004 0.004 
267 TMA-ZAIN-G-    (0)    1 :  0.466 0.012 0.055 0.007 0.014 0.027 0.004 0.393 0.008 0.013 
268 TMA-ZAIN-G-    (0)    1 :  0.973 0.002 0.003 0.002 0.003 0.002 0.005 0.004 0.003 0.002 
269 TMA-ZAIN-G-    (0)    1 :  0.971 0.002 0.003 0.002 0.003 0.003 0.005 0.006 0.003 0.002 
270 TMA-ZAIN-G-    (0)    1 :  0.969 0.002 0.003 0.002 0.003 0.003 0.005 0.007 0.003 0.002 
271 TMA-ZAIN-G-    (0)    1 :  0.971 0.002 0.003 0.002 0.004 0.003 0.005 0.005 0.003 0.002 
272 TMA-ZAIN-G-    (0)    1 :  0.974 0.002 0.003 0.002 0.003 0.002 0.003 0.004 0.003 0.002 
273 TMA-ZAIN-G-    (0)    1 :  0.977 0.002 0.002 0.002 0.003 0.002 0.003 0.004 0.003 0.003 
274 TMA-ZAIN-G-    (0)    1 :  0.963 0.003 0.006 0.004 0.004 0.002 0.003 0.007 0.004 0.003 
275 TMA-ZAIN-G-    (0)    1 :  0.980 0.002 0.002 0.002 0.002 0.002 0.003 0.003 0.002 0.002 
276 TMA-ZAIN-G-    (0)    1 :  0.964 0.005 0.006 0.003 0.002 0.002 0.005 0.006 0.003 0.004 
277 TMA-ZAIN-G-    (0)    1 :  0.951 0.007 0.008 0.004 0.003 0.003 0.005 0.009 0.004 0.007 
278 TMA-ZAIN-G-    (0)    1 :  0.976 0.002 0.002 0.002 0.003 0.002 0.002 0.004 0.003 0.004 
279 TMA-ZAIN-G-    (0)    1 :  0.976 0.002 0.003 0.002 0.003 0.002 0.003 0.004 0.003 0.003 
280 TMA-ZAIN-G-    (0)    1 :  0.969 0.002 0.004 0.003 0.003 0.002 0.004 0.005 0.004 0.003 
281 TMA-ZAIN-G-    (0)    1 :  0.969 0.002 0.003 0.003 0.003 0.002 0.004 0.006 0.003 0.004 
282 TMA-ZAIN-G-    (9)    1 :  0.973 0.002 0.003 0.002 0.004 0.003 0.003 0.004 0.003 0.003 
283 TMA-ZAIN-G-    (0)    1 :  0.779 0.004 0.017 0.003 0.010 0.011 0.010 0.148 0.010 0.009 
284 TMA-ZAIN-G-    (0)    1 :  0.609 0.004 0.020 0.003 0.009 0.010 0.011 0.318 0.011 0.006 
285 TMA-ZAIN-G-    (0)    1 :  0.896 0.006 0.014 0.004 0.008 0.011 0.007 0.037 0.007 0.009 
286 TMA-ZAIN-G-    (0)    1 :  0.969 0.002 0.003 0.002 0.005 0.003 0.004 0.006 0.003 0.004 
287 TMA-ZAIN-G-    (0)    1 :  0.972 0.002 0.003 0.003 0.003 0.002 0.003 0.005 0.003 0.004 
288 TMA-ZAIN-G-    (0)    1 :  0.945 0.003 0.013 0.004 0.006 0.002 0.005 0.014 0.005 0.003 
289 TMA-ZAIN-G-    (0)    1 :  0.968 0.003 0.005 0.003 0.005 0.002 0.003 0.006 0.003 0.003 
290 TMA-ZAIN-G-    (0)    1 :  0.940 0.003 0.008 0.004 0.009 0.003 0.009 0.017 0.005 0.002 
291 TMA-ZAIN-G-    (0)    1 :  0.067 0.017 0.009 0.014 0.040 0.004 0.008 0.718 0.111 0.012 
292 TMA-ZAIN-G-    (0)    1 :  0.010 0.003 0.946 0.004 0.003 0.002 0.005 0.009 0.006 0.011 
293 TMA-ZAIN-G-    (0)    1 :  0.003 0.003 0.957 0.003 0.003 0.004 0.003 0.009 0.003 0.013 
294 TMA-ZAIN-G-    (0)    1 :  0.004 0.009 0.947 0.007 0.006 0.010 0.003 0.005 0.004 0.006 
295 TMA-ZAIN-G-    (9)    1 :  0.008 0.008 0.929 0.006 0.015 0.010 0.003 0.007 0.006 0.008 
296 TMA-ZAIN-G-    (0)    1 :  0.007 0.003 0.952 0.004 0.004 0.004 0.005 0.011 0.005 0.005 
297 TMA-ZAIN-G-    (0)    1 :  0.005 0.003 0.964 0.004 0.004 0.003 0.004 0.007 0.003 0.004 
298 TMA-ZAIN-G-    (0)    1 :  0.010 0.004 0.919 0.003 0.005 0.014 0.011 0.021 0.008 0.006 
299 TMA-ZAIN-G-    (0)    1 :  0.006 0.005 0.959 0.003 0.002 0.002 0.003 0.005 0.005 0.008 
300 TMA-ZAIN-G-    (0)    1 :  0.006 0.010 0.935 0.011 0.011 0.007 0.002 0.005 0.004 0.008 
301 TMA-ZAIN-G-    (0)    1 :  0.004 0.004 0.965 0.004 0.003 0.003 0.003 0.004 0.003 0.008 
302 TMA-ZAIN-G-    (9)    1 :  0.003 0.003 0.971 0.004 0.002 0.003 0.003 0.005 0.003 0.003 
303 TMA-ZAIN-G-    (0)    1 :  0.010 0.008 0.004 0.015 0.010 0.007 0.006 0.927 0.007 0.005 
304 TMA-ZAIN-G-    (0)    2 :  0.007 0.011 0.222 0.008 0.006 0.005 0.004 0.730 0.003 0.005 
305 TMA-ZAIN-G-    (0)    2 :  0.004 0.004 0.966 0.003 0.003 0.003 0.003 0.005 0.003 0.006 
306 TMA-ZAIN-G-    (0)    2 :  0.079 0.007 0.423 0.006 0.003 0.005 0.003 0.466 0.003 0.004 
307 TMA-ZAIN-G-    (0)    2 :  0.011 0.020 0.466 0.009 0.006 0.004 0.003 0.469 0.003 0.008 
308 TMA-ZAIN-G-    (0)    2 :  0.012 0.003 0.006 0.006 0.006 0.008 0.003 0.949 0.004 0.005 
309 TMA-ZAIN-G-    (0)    2 :  0.003 0.003 0.970 0.007 0.003 0.002 0.003 0.004 0.003 0.002 
310 TMA-ZAIN-G-    (0)    2 :  0.010 0.005 0.934 0.003 0.005 0.006 0.007 0.010 0.009 0.010 
311 TMA-ZAIN-G-    (0)    2 :  0.011 0.003 0.901 0.004 0.005 0.010 0.019 0.037 0.008 0.002 
312 TMA-ZAIN-G-    (0)    2 :  0.007 0.003 0.947 0.003 0.007 0.005 0.005 0.009 0.008 0.006 
313 TMA-ZAIN-G-    (0)    2 :  0.013 0.007 0.794 0.009 0.003 0.015 0.005 0.149 0.003 0.002 
314 TMA-ZAIN-G-    (0)    2 :  0.447 0.005 0.041 0.006 0.120 0.005 0.079 0.277 0.016 0.005 
315 TMA-ZAIN-G-    (0)    2 :  0.358 0.004 0.592 0.002 0.005 0.003 0.003 0.017 0.005 0.010 
316 TMA-ZAIN-G-    (0)    2 :  0.372 0.004 0.543 0.002 0.005 0.003 0.007 0.040 0.015 0.008 
317 TMA-ZAIN-G-    (0)    2 :  0.043 0.003 0.007 0.002 0.006 0.002 0.006 0.878 0.047 0.005 
318 TMA-ZAIN-G-    (9)    2 :  0.283 0.003 0.005 0.003 0.005 0.004 0.006 0.673 0.005 0.013 
319 TMA-ZAIN-G-    (0)    3 :  0.019 0.002 0.049 0.003 0.004 0.008 0.031 0.783 0.071 0.029 
320 TMA-ZAIN-G-    (0)    3 :  0.005 0.003 0.658 0.004 0.003 0.003 0.003 0.126 0.104 0.091 
321 TMA-ZAIN-G-    (0)    4 :  0.191 0.007 0.712 0.005 0.022 0.003 0.010 0.036 0.008 0.005 
322 TMA-ZAIN-G-    (0)    4 :  0.006 0.007 0.273 0.005 0.009 0.004 0.004 0.674 0.013 0.005 
323 TMA-ZAIN-G-    (0)    5 :  0.008 0.004 0.012 0.003 0.003 0.002 0.005 0.923 0.006 0.033 
324 TMA-ZAIN-G-    (0)    5 :  0.004 0.005 0.947 0.003 0.004 0.008 0.007 0.013 0.004 0.006 
325 TMA-ZAIN-G-    (0)    5 :  0.010 0.015 0.026 0.009 0.026 0.004 0.007 0.660 0.101 0.142 
326 TMA-ZAIN-G-    (0)    5 :  0.004 0.005 0.164 0.013 0.006 0.011 0.004 0.690 0.094 0.008 
327 TMA-ZAIN-G-    (0)    5 :  0.003 0.003 0.904 0.010 0.003 0.019 0.004 0.047 0.004 0.003 
328 TMA-ZAIN-G-    (0)    5 :  0.252 0.010 0.301 0.012 0.005 0.007 0.008 0.340 0.020 0.046 
329 TMA-ZAIN-G-    (0)    5 :  0.003 0.004 0.963 0.004 0.003 0.004 0.003 0.008 0.003 0.006 
330 TMA-ZAIN-G-    (0)    6 :  0.003 0.004 0.968 0.003 0.004 0.005 0.002 0.007 0.003 0.002 
331 TMA-ZAIN-G-    (0)    6 :  0.019 0.016 0.662 0.014 0.014 0.092 0.017 0.061 0.048 0.057 
332 TMA-ZAIN-G-    (0)    6 :  0.002 0.003 0.965 0.005 0.002 0.007 0.004 0.005 0.003 0.004 
333 TMA-ZAIN-G-    (0)    6 :  0.003 0.003 0.883 0.014 0.003 0.034 0.006 0.046 0.006 0.004 
334 TMA-ZAIN-G-    (0)    6 :  0.969 0.002 0.002 0.002 0.003 0.003 0.005 0.006 0.006 0.003 
335 TMA-ZAIN-G-    (0)    6 :  0.977 0.002 0.003 0.002 0.002 0.002 0.003 0.003 0.002 0.004 
336 TMA-ZAIN-G-    (0)    6 :  0.959 0.002 0.006 0.002 0.003 0.003 0.004 0.009 0.004 0.008 
337 TMA-ZAIN-G-    (9)    6 :  0.967 0.003 0.004 0.002 0.005 0.003 0.005 0.006 0.003 0.003 
338 TMA-ZAIN-G-    (0)    6 :  0.972 0.002 0.003 0.002 0.003 0.002 0.005 0.005 0.003 0.003 
339 TMA-ZAIN-G-    (0)    6 :  0.973 0.002 0.002 0.002 0.003 0.002 0.005 0.004 0.005 0.003 
340 TMA-ZAIN-G-    (0)    6 :  0.978 0.002 0.002 0.002 0.002 0.002 0.003 0.003 0.003 0.003 
341 TMA-ZAIN-G-    (0)    6 :  0.977 0.002 0.003 0.002 0.002 0.002 0.003 0.003 0.002 0.003 
342 TMA-ZAIN-G-    (0)    6 :  0.966 0.002 0.004 0.002 0.002 0.002 0.004 0.006 0.003 0.009 
343 TMA-ZAIN-G-    (0)    7 :  0.976 0.002 0.003 0.002 0.002 0.002 0.004 0.004 0.002 0.003 
344 TMA-ZAIN-G-    (0)    7 :  0.974 0.002 0.003 0.003 0.003 0.002 0.003 0.004 0.003 0.003 
345 TMA-ZAIN-G-    (0)    7 :  0.977 0.002 0.003 0.002 0.003 0.002 0.003 0.003 0.002 0.004 
346 TMA-ZAIN-G-    (0)    7 :  0.919 0.002 0.018 0.002 0.002 0.002 0.003 0.045 0.004 0.004 
347 TMA-ZAIN-G-    (9)    7 :  0.978 0.002 0.002 0.002 0.003 0.002 0.003 0.003 0.002 0.003 
348 TMA-ZAIN-G-    (0)    7 :  0.969 0.002 0.003 0.002 0.004 0.003 0.003 0.006 0.003 0.003 
349 TMA-ZAIN-G-    (0)    7 :  0.958 0.006 0.007 0.004 0.003 0.002 0.004 0.008 0.003 0.005 
350 TMA-ZAIN-G-    (0)    7 :  0.961 0.002 0.004 0.003 0.004 0.003 0.004 0.009 0.005 0.005 
351 TMA-ZAIN-G-    (0)    7 :  0.977 0.002 0.002 0.002 0.003 0.002 0.002 0.004 0.003 0.003 
352 TMA-ZAIN-G-    (0)    7 :  0.970 0.002 0.004 0.002 0.003 0.003 0.004 0.005 0.003 0.004 
353 TMA-ZAIN-G-    (0)    7 :  0.966 0.002 0.004 0.004 0.004 0.002 0.004 0.006 0.003 0.004 
354 TMA-ZAIN-G-    (0)    7 :  0.976 0.002 0.003 0.003 0.003 0.002 0.003 0.003 0.003 0.003 
355 TMA-ZAIN-G-    (0)    7 :  0.971 0.002 0.005 0.003 0.003 0.002 0.004 0.003 0.003 0.003 
356 TMA-ZAIN-G-    (0)    8 :  0.002 0.007 0.928 0.002 0.003 0.003 0.002 0.049 0.002 0.002 
357 TMA-ZAIN-G-    (0)    8 :  0.004 0.003 0.967 0.004 0.003 0.003 0.003 0.007 0.003 0.002 
358 TMA-ZAIN-G-    (0)    8 :  0.018 0.012 0.914 0.019 0.008 0.005 0.006 0.013 0.003 0.003 
359 TMA-ZAIN-G-    (0)    8 :  0.002 0.005 0.829 0.002 0.003 0.004 0.003 0.032 0.007 0.114 
360 TMA-ZAIN-G-    (0)    8 :  0.002 0.006 0.971 0.003 0.002 0.003 0.002 0.005 0.003 0.004 
361 TMA-ZAIN-G-    (0)    8 :  0.003 0.024 0.872 0.031 0.016 0.015 0.020 0.007 0.009 0.002 
362 TMA-ZAIN-G-    (0)    8 :  0.005 0.004 0.942 0.003 0.003 0.003 0.004 0.006 0.005 0.027 
363 TMA-ZAIN-G-    (0)    9 :  0.010 0.003 0.936 0.004 0.005 0.004 0.003 0.018 0.008 0.009 
364 TMA-ZAIN-G-    (0)    9 :  0.018 0.003 0.008 0.002 0.011 0.002 0.008 0.937 0.006 0.005 
365 TMA-ZAIN-G-    (0)    9 :  0.095 0.005 0.729 0.004 0.005 0.002 0.014 0.032 0.009 0.104 
366 TMA-ZAIN-G-    (0)    9 :  0.005 0.019 0.901 0.006 0.012 0.026 0.003 0.008 0.005 0.014 
367 TMA-ZAIN-G-    (0)    9 :  0.007 0.003 0.800 0.004 0.005 0.019 0.032 0.118 0.010 0.002 
