

----------------------------------------------------
STRUCTURE by Pritchard, Stephens and Donnelly (2000)
     and Falush, Stephens and Pritchard (2003)
       Code by Pritchard, Falush and Hubisz
             Version 2.3.4 (Jul 2012)
----------------------------------------------------



Command line arguments:   bin\structure -m C:\Users\eschumacher\Documents\GitHub\GCC_QUAC_ZAIN\Data_Files\Structure_Files\ZAIN\ZAIN_og_allpop_STR\50-50\mainparams -e C:\Users\eschumacher\Documents\GitHub\GCC_QUAC_ZAIN\Data_Files\Structure_Files\ZAIN\ZAIN_og_allpop_STR\50-50\extraparams 
Input File:    C:\Users\eschumacher\Documents\GitHub\GCC_QUAC_ZAIN\Data_Files\Structure_Files\ZAIN\ZAIN_og_allpop_STR\project_data

Run parameters:
   1135 individuals
   11 loci
   8 populations assumed
   50000 Burn-in period
   50000 Reps


--------------------------------------------
Proportion of membership of each pre-defined
 population in each of the 8 clusters

Given    Inferred Clusters                                          Number of
 Pop       1      2      3      4      5      6      7      8      Individuals

  1:     0.008  0.010  0.012  0.010  0.362  0.011  0.008  0.580      303
  2:     0.008  0.004  0.009  0.011  0.307  0.016  0.005  0.640       15
  3:     0.004  0.002  0.137  0.045  0.346  0.007  0.004  0.454        2
  4:     0.005  0.004  0.056  0.014  0.196  0.004  0.007  0.715        2
  5:     0.010  0.012  0.101  0.005  0.296  0.008  0.009  0.558        7
  6:     0.004  0.003  0.010  0.006  0.683  0.012  0.004  0.279       13
  7:     0.003  0.002  0.003  0.004  0.979  0.002  0.002  0.004       13
  8:     0.009  0.007  0.012  0.006  0.012  0.005  0.009  0.941        7
  9:     0.008  0.010  0.007  0.007  0.116  0.008  0.010  0.834       11
 10:     0.007  0.010  0.032  0.014  0.181  0.007  0.012  0.737        9
 11:     0.007  0.005  0.022  0.871  0.039  0.007  0.011  0.038       35
 12:     0.054  0.024  0.007  0.007  0.005  0.033  0.865  0.006       36
 13:     0.032  0.032  0.009  0.005  0.004  0.009  0.903  0.005       33
 14:     0.007  0.008  0.009  0.014  0.004  0.944  0.011  0.003       40
 15:     0.968  0.005  0.004  0.003  0.003  0.008  0.006  0.003       40
 16:     0.030  0.035  0.581  0.229  0.013  0.033  0.060  0.018       40
 17:     0.016  0.019  0.784  0.092  0.024  0.040  0.013  0.012       37
 18:     0.038  0.016  0.004  0.006  0.003  0.006  0.924  0.004       40
 19:     0.012  0.003  0.006  0.927  0.005  0.038  0.006  0.003       28
 20:     0.009  0.007  0.023  0.012  0.004  0.930  0.012  0.003       14
 21:     0.016  0.003  0.948  0.009  0.005  0.007  0.007  0.004       13
 22:     0.864  0.013  0.004  0.005  0.003  0.017  0.091  0.004       14
 23:     0.028  0.037  0.010  0.005  0.006  0.010  0.899  0.004       25
 24:     0.008  0.948  0.006  0.007  0.004  0.008  0.015  0.006       40
 25:     0.043  0.007  0.019  0.015  0.009  0.860  0.027  0.018       32
 26:     0.004  0.004  0.965  0.005  0.006  0.005  0.005  0.007       21
 27:     0.013  0.007  0.056  0.758  0.103  0.022  0.022  0.019        4
 28:     0.007  0.013  0.009  0.914  0.006  0.014  0.032  0.005       23
 29:     0.006  0.005  0.009  0.958  0.003  0.009  0.006  0.003       39
 30:     0.004  0.004  0.033  0.936  0.009  0.007  0.005  0.003       38
 31:     0.775  0.061  0.008  0.005  0.004  0.009  0.133  0.005       45
 32:     0.403  0.025  0.020  0.005  0.007  0.019  0.514  0.009       28
 33:     0.009  0.006  0.021  0.926  0.010  0.008  0.006  0.014        6
 34:     0.048  0.076  0.716  0.074  0.030  0.027  0.022  0.007       40
 35:     0.020  0.011  0.898  0.028  0.009  0.013  0.013  0.009       42
--------------------------------------------

Allele-freq. divergence among pops (Net nucleotide distance),
computed using point estimates of P.

      1       2       3       4       5       6       7       8      
 1      -    0.1750  0.1471  0.2166  0.3326  0.1216  0.1077  0.3058  
 2   0.1750     -    0.2329  0.3135  0.4461  0.1826  0.1106  0.3669  
 3   0.1471  0.2329     -    0.0841  0.1560  0.1141  0.1660  0.2416  
 4   0.2166  0.3135  0.0841     -    0.1865  0.1454  0.2118  0.2518  
 5   0.3326  0.4461  0.1560  0.1865     -    0.3048  0.3445  0.1621  
 6   0.1216  0.1826  0.1141  0.1454  0.3048     -    0.1654  0.3050  
 7   0.1077  0.1106  0.1660  0.2118  0.3445  0.1654     -    0.2757  
 8   0.3058  0.3669  0.2416  0.2518  0.1621  0.3050  0.2757     -    

Average distances (expected heterozygosity) between individuals in same cluster:
cluster  1  : 0.3943 
cluster  2  : 0.3632 
cluster  3  : 0.5634 
cluster  4  : 0.4922 
cluster  5  : 0.5173 
cluster  6  : 0.4325 
cluster  7  : 0.4130 
cluster  8  : 0.4790 

--------------------------------------------
Estimated Ln Prob of Data   = -23198.0
Mean value of ln likelihood = -22729.3
Variance of ln likelihood   = 937.4
Mean value of alpha         = 0.0318

Mean value of Fst_1         = 0.5453
Mean value of Fst_2         = 0.4984
Mean value of Fst_3         = 0.1969
Mean value of Fst_4         = 0.3968
Mean value of Fst_5         = 0.2983
Mean value of Fst_6         = 0.4838
Mean value of Fst_7         = 0.4311
Mean value of Fst_8         = 0.3382


Inferred ancestry of individuals:
        Label (%Miss) Pop:  Inferred clusters
  1 TMA-ZAIN-G-    (9)    1 :  0.003 0.003 0.010 0.132 0.713 0.004 0.004 0.132 
  2 TMA-ZAIN-G-    (0)    1 :  0.007 0.009 0.012 0.057 0.629 0.109 0.123 0.055 
  3 TMA-ZAIN-G-    (0)    1 :  0.004 0.004 0.003 0.004 0.003 0.003 0.003 0.977 
  4 TMA-ZAIN-G-    (0)    1 :  0.003 0.003 0.012 0.050 0.104 0.032 0.003 0.793 
  5 TMA-ZAIN-G-    (0)    1 :  0.003 0.004 0.005 0.025 0.944 0.005 0.007 0.007 
  6 TMA-ZAIN-G-    (0)    1 :  0.004 0.007 0.020 0.010 0.051 0.007 0.004 0.897 
  7 TMA-ZAIN-G-    (0)    1 :  0.005 0.003 0.004 0.005 0.009 0.005 0.005 0.965 
  8 TMA-ZAIN-G-    (0)    1 :  0.003 0.004 0.002 0.003 0.003 0.004 0.004 0.976 
  9 TMA-ZAIN-G-    (9)    1 :  0.019 0.022 0.018 0.021 0.005 0.012 0.038 0.866 
 10 TMA-ZAIN-G-    (0)    1 :  0.003 0.004 0.004 0.003 0.004 0.003 0.004 0.975 
 11 TMA-ZAIN-G-    (0)    1 :  0.033 0.005 0.006 0.004 0.006 0.007 0.006 0.934 
 12 TMA-ZAIN-G-    (0)    1 :  0.003 0.003 0.003 0.004 0.003 0.004 0.006 0.974 
 13 TMA-ZAIN-G-    (9)    1 :  0.009 0.003 0.006 0.010 0.043 0.003 0.006 0.919 
 14 TMA-ZAIN-G-    (9)    1 :  0.006 0.004 0.009 0.010 0.007 0.012 0.004 0.949 
 15 TMA-ZAIN-G-    (0)    1 :  0.004 0.004 0.005 0.007 0.004 0.010 0.002 0.964 
 16 TMA-ZAIN-G-    (0)    1 :  0.003 0.002 0.003 0.003 0.004 0.002 0.006 0.976 
 17 TMA-ZAIN-G-    (9)    1 :  0.003 0.002 0.004 0.005 0.008 0.004 0.003 0.971 
 18 TMA-ZAIN-G-    (0)    1 :  0.002 0.002 0.005 0.011 0.954 0.005 0.004 0.016 
 19 TMA-ZAIN-G-    (0)    1 :  0.004 0.002 0.006 0.009 0.890 0.002 0.003 0.084 
 20 TMA-ZAIN-G-    (0)    1 :  0.002 0.003 0.006 0.003 0.976 0.005 0.003 0.003 
 21 TMA-ZAIN-G-    (0)    1 :  0.003 0.007 0.016 0.002 0.951 0.005 0.007 0.009 
 22 TMA-ZAIN-G-    (0)    1 :  0.002 0.002 0.003 0.005 0.980 0.003 0.002 0.003 
 23 TMA-ZAIN-G-    (0)    1 :  0.003 0.002 0.003 0.005 0.977 0.002 0.002 0.005 
 24 TMA-ZAIN-G-    (9)    1 :  0.017 0.091 0.002 0.003 0.821 0.003 0.035 0.028 
 25 TMA-ZAIN-G-    (9)    1 :  0.002 0.010 0.047 0.021 0.846 0.002 0.015 0.058 
 26 TMA-ZAIN-G-    (9)    1 :  0.005 0.004 0.004 0.002 0.082 0.026 0.004 0.874 
 27 TMA-ZAIN-G-    (0)    1 :  0.006 0.008 0.046 0.011 0.749 0.130 0.006 0.044 
 28 TMA-ZAIN-G-    (0)    1 :  0.022 0.043 0.166 0.041 0.502 0.010 0.060 0.155 
 29 TMA-ZAIN-G-    (0)    1 :  0.003 0.291 0.127 0.002 0.116 0.003 0.003 0.454 
 30 TMA-ZAIN-G-    (0)    1 :  0.024 0.025 0.017 0.007 0.010 0.008 0.042 0.867 
 31 TMA-ZAIN-G-    (0)    1 :  0.003 0.003 0.004 0.007 0.963 0.008 0.004 0.007 
 32 TMA-ZAIN-G-    (9)    1 :  0.005 0.003 0.004 0.009 0.658 0.004 0.024 0.294 
 33 TMA-ZAIN-G-   (18)    1 :  0.004 0.004 0.003 0.003 0.004 0.003 0.004 0.975 
 34 TMA-ZAIN-G-    (0)    1 :  0.003 0.004 0.002 0.004 0.067 0.005 0.009 0.906 
 35 TMA-ZAIN-G-    (9)    1 :  0.003 0.004 0.003 0.004 0.005 0.004 0.004 0.974 
 36 TMA-ZAIN-G-    (0)    1 :  0.005 0.003 0.003 0.003 0.004 0.003 0.004 0.976 
 37 TMA-ZAIN-G-    (9)    1 :  0.003 0.004 0.006 0.004 0.009 0.006 0.005 0.964 
 38 TMA-ZAIN-G-   (18)    1 :  0.003 0.004 0.012 0.075 0.619 0.006 0.006 0.274 
 39 TMA-ZAIN-G-    (0)    1 :  0.003 0.003 0.003 0.002 0.004 0.003 0.008 0.973 
 40 TMA-ZAIN-G-    (0)    1 :  0.003 0.002 0.003 0.002 0.003 0.002 0.006 0.979 
 41 TMA-ZAIN-G-    (0)    1 :  0.005 0.003 0.003 0.003 0.003 0.003 0.004 0.975 
 42 TMA-ZAIN-G-    (9)    1 :  0.007 0.003 0.003 0.003 0.003 0.005 0.004 0.974 
 43 TMA-ZAIN-G-    (0)    1 :  0.007 0.005 0.005 0.008 0.005 0.019 0.003 0.950 
 44 TMA-ZAIN-G-    (0)    1 :  0.028 0.011 0.021 0.003 0.879 0.021 0.022 0.016 
 45 TMA-ZAIN-G-    (0)    1 :  0.003 0.003 0.007 0.005 0.006 0.006 0.007 0.963 
 46 TMA-ZAIN-G-    (0)    1 :  0.002 0.002 0.005 0.002 0.978 0.003 0.003 0.003 
 47 TMA-ZAIN-G-    (0)    1 :  0.003 0.002 0.014 0.005 0.055 0.037 0.003 0.880 
 48 TMA-ZAIN-G-    (0)    1 :  0.006 0.003 0.005 0.004 0.022 0.008 0.005 0.946 
 49 TMA-ZAIN-G-    (9)    1 :  0.003 0.029 0.186 0.012 0.661 0.004 0.005 0.101 
 50 TMA-ZAIN-G-    (0)    1 :  0.012 0.002 0.054 0.004 0.856 0.002 0.010 0.062 
 51 TMA-ZAIN-G-    (0)    1 :  0.113 0.020 0.082 0.009 0.535 0.202 0.006 0.032 
 52 TMA-ZAIN-G-    (0)    1 :  0.052 0.013 0.045 0.019 0.445 0.130 0.044 0.253 
 53 TMA-ZAIN-G-    (0)    1 :  0.060 0.003 0.008 0.005 0.801 0.085 0.004 0.033 
 54 TMA-ZAIN-G-    (0)    1 :  0.010 0.003 0.006 0.003 0.079 0.018 0.004 0.877 
 55 TMA-ZAIN-G-    (0)    1 :  0.012 0.002 0.008 0.003 0.101 0.019 0.003 0.852 
 56 TMA-ZAIN-G-    (0)    1 :  0.004 0.003 0.014 0.026 0.154 0.039 0.003 0.758 
 57 TMA-ZAIN-G-    (0)    1 :  0.004 0.003 0.004 0.006 0.215 0.015 0.004 0.749 
 58 TMA-ZAIN-G-    (0)    1 :  0.006 0.003 0.014 0.006 0.894 0.005 0.005 0.068 
 59 TMA-ZAIN-G-    (0)    1 :  0.012 0.009 0.005 0.004 0.802 0.007 0.051 0.110 
 60 TMA-ZAIN-G-    (0)    1 :  0.006 0.003 0.012 0.014 0.918 0.010 0.005 0.031 
 61 TMA-ZAIN-G-    (0)    1 :  0.003 0.003 0.004 0.007 0.964 0.005 0.006 0.007 
 62 TMA-ZAIN-G-    (9)    1 :  0.004 0.006 0.022 0.068 0.824 0.012 0.013 0.049 
 63 TMA-ZAIN-G-    (0)    1 :  0.004 0.002 0.007 0.043 0.911 0.016 0.005 0.013 
 64 TMA-ZAIN-G-    (0)    1 :  0.003 0.332 0.002 0.002 0.003 0.002 0.003 0.652 
 65 TMA-ZAIN-G-    (9)    1 :  0.003 0.009 0.002 0.003 0.004 0.004 0.004 0.972 
 66 TMA-ZAIN-G-    (0)    1 :  0.003 0.145 0.003 0.002 0.003 0.003 0.003 0.837 
 67 TMA-ZAIN-G-    (0)    1 :  0.002 0.114 0.011 0.004 0.010 0.003 0.004 0.852 
 68 TMA-ZAIN-G-    (0)    1 :  0.004 0.171 0.003 0.002 0.003 0.003 0.003 0.811 
 69 TMA-ZAIN-G-    (0)    1 :  0.004 0.190 0.011 0.008 0.019 0.005 0.004 0.759 
 70 TMA-ZAIN-G-    (0)    1 :  0.008 0.020 0.005 0.003 0.005 0.005 0.011 0.943 
 71 TMA-ZAIN-G-    (0)    1 :  0.016 0.009 0.005 0.002 0.004 0.008 0.033 0.923 
 72 TMA-ZAIN-G-    (0)    1 :  0.005 0.006 0.003 0.003 0.004 0.003 0.006 0.970 
 73 TMA-ZAIN-G-    (0)    1 :  0.007 0.007 0.004 0.002 0.051 0.019 0.013 0.897 
 74 TMA-ZAIN-G-    (0)    1 :  0.007 0.012 0.014 0.005 0.015 0.007 0.014 0.927 
 75 TMA-ZAIN-G-    (0)    1 :  0.021 0.011 0.006 0.003 0.004 0.020 0.014 0.921 
 76 TMA-ZAIN-G-    (0)    1 :  0.013 0.014 0.053 0.007 0.040 0.008 0.019 0.846 
 77 TMA-ZAIN-G-    (0)    1 :  0.004 0.004 0.004 0.002 0.006 0.003 0.006 0.970 
 78 TMA-ZAIN-G-    (0)    1 :  0.003 0.003 0.016 0.007 0.032 0.004 0.005 0.930 
 79 TMA-ZAIN-G-    (0)    1 :  0.004 0.003 0.009 0.003 0.013 0.004 0.004 0.960 
 80 TMA-ZAIN-G-    (0)    1 :  0.002 0.004 0.004 0.002 0.004 0.004 0.005 0.974 
 81 TMA-ZAIN-G-    (0)    1 :  0.006 0.003 0.008 0.003 0.008 0.006 0.009 0.957 
 82 TMA-ZAIN-G-    (0)    1 :  0.006 0.025 0.003 0.003 0.004 0.007 0.007 0.946 
 83 TMA-ZAIN-G-    (9)    1 :  0.003 0.006 0.003 0.004 0.055 0.009 0.006 0.913 
 84 TMA-ZAIN-G-    (0)    1 :  0.003 0.002 0.012 0.004 0.020 0.003 0.006 0.950 
 85 TMA-ZAIN-G-    (0)    1 :  0.002 0.002 0.004 0.006 0.957 0.004 0.002 0.023 
 86 TMA-ZAIN-G-    (0)    1 :  0.003 0.003 0.007 0.007 0.836 0.010 0.004 0.130 
 87 TMA-ZAIN-G-    (0)    1 :  0.002 0.002 0.004 0.006 0.968 0.004 0.002 0.011 
 88 TMA-ZAIN-G-    (0)    1 :  0.004 0.004 0.004 0.005 0.415 0.006 0.005 0.556 
 89 TMA-ZAIN-G-    (0)    1 :  0.007 0.006 0.006 0.008 0.394 0.014 0.004 0.559 
 90 TMA-ZAIN-G-    (0)    1 :  0.002 0.003 0.010 0.008 0.760 0.010 0.004 0.203 
 91 TMA-ZAIN-G-    (0)    1 :  0.005 0.005 0.005 0.005 0.592 0.017 0.004 0.367 
 92 TMA-ZAIN-G-    (0)    1 :  0.003 0.003 0.008 0.004 0.876 0.006 0.003 0.097 
 93 TMA-ZAIN-G-    (0)    1 :  0.010 0.008 0.006 0.004 0.686 0.026 0.003 0.258 
 94 TMA-ZAIN-G-    (0)    1 :  0.003 0.003 0.006 0.005 0.959 0.007 0.003 0.014 
 95 TMA-ZAIN-G-    (0)    1 :  0.044 0.063 0.064 0.013 0.691 0.006 0.091 0.027 
 96 TMA-ZAIN-G-    (0)    1 :  0.005 0.006 0.266 0.122 0.079 0.008 0.006 0.508 
 97 TMA-ZAIN-G-    (0)    1 :  0.006 0.003 0.005 0.038 0.920 0.006 0.016 0.006 
 98 TMA-ZAIN-G-    (0)    1 :  0.011 0.004 0.003 0.045 0.819 0.008 0.104 0.006 
 99 TMA-ZAIN-G-    (0)    1 :  0.016 0.008 0.005 0.013 0.656 0.003 0.170 0.128 
100 TMA-ZAIN-G-    (0)    1 :  0.003 0.003 0.006 0.009 0.947 0.024 0.004 0.004 
101 TMA-ZAIN-G-    (0)    1 :  0.005 0.005 0.006 0.013 0.886 0.005 0.028 0.053 
102 TMA-ZAIN-G-    (0)    1 :  0.009 0.004 0.005 0.006 0.942 0.003 0.007 0.024 
103 TMA-ZAIN-G-    (0)    1 :  0.003 0.002 0.004 0.018 0.947 0.003 0.004 0.019 
104 TMA-ZAIN-G-    (0)    1 :  0.005 0.002 0.003 0.176 0.789 0.005 0.014 0.006 
105 TMA-ZAIN-G-    (0)    1 :  0.003 0.002 0.004 0.030 0.921 0.003 0.006 0.031 
106 TMA-ZAIN-G-    (0)    1 :  0.005 0.004 0.003 0.003 0.003 0.002 0.004 0.975 
107 TMA-ZAIN-G-    (0)    1 :  0.004 0.004 0.003 0.003 0.003 0.003 0.019 0.960 
108 TMA-ZAIN-G-    (9)    1 :  0.004 0.004 0.006 0.016 0.525 0.023 0.007 0.414 
109 TMA-ZAIN-G-    (0)    1 :  0.004 0.004 0.019 0.049 0.165 0.004 0.004 0.751 
110 TMA-ZAIN-G-    (0)    1 :  0.004 0.003 0.020 0.007 0.194 0.003 0.006 0.762 
111 TMA-ZAIN-G-    (9)    1 :  0.004 0.006 0.005 0.014 0.847 0.007 0.014 0.103 
112 TMA-ZAIN-G-    (0)    1 :  0.006 0.003 0.005 0.005 0.401 0.003 0.007 0.569 
113 TMA-ZAIN-G-    (0)    1 :  0.005 0.011 0.004 0.013 0.845 0.006 0.063 0.054 
114 TMA-ZAIN-G-    (0)    1 :  0.003 0.003 0.005 0.012 0.960 0.003 0.008 0.005 
115 TMA-ZAIN-G-    (0)    1 :  0.003 0.005 0.007 0.112 0.841 0.007 0.010 0.014 
116 TMA-ZAIN-G-    (0)    1 :  0.002 0.004 0.002 0.004 0.003 0.003 0.005 0.976 
117 TMA-ZAIN-G-    (0)    1 :  0.004 0.005 0.003 0.003 0.004 0.004 0.004 0.974 
118 TMA-ZAIN-G-    (0)    1 :  0.003 0.003 0.003 0.004 0.003 0.003 0.004 0.978 
119 TMA-ZAIN-G-    (0)    1 :  0.002 0.005 0.005 0.007 0.008 0.003 0.006 0.963 
120 TMA-ZAIN-G-    (0)    1 :  0.004 0.003 0.003 0.004 0.004 0.004 0.004 0.974 
121 TMA-ZAIN-G-    (0)    1 :  0.003 0.006 0.003 0.003 0.003 0.004 0.004 0.974 
122 TMA-ZAIN-G-    (0)    1 :  0.003 0.004 0.005 0.004 0.009 0.005 0.005 0.965 
123 TMA-ZAIN-G-    (0)    1 :  0.003 0.003 0.008 0.117 0.849 0.005 0.003 0.012 
124 TMA-ZAIN-G-    (0)    1 :  0.006 0.002 0.003 0.003 0.004 0.003 0.004 0.974 
125 TMA-ZAIN-G-    (0)    1 :  0.005 0.004 0.002 0.002 0.003 0.006 0.003 0.976 
126 TMA-ZAIN-G-    (0)    1 :  0.007 0.002 0.003 0.003 0.003 0.003 0.003 0.976 
127 TMA-ZAIN-G-    (0)    1 :  0.006 0.002 0.002 0.002 0.003 0.002 0.003 0.979 
128 TMA-ZAIN-G-    (0)    1 :  0.005 0.004 0.003 0.003 0.004 0.003 0.003 0.976 
129 TMA-ZAIN-G-    (0)    1 :  0.009 0.003 0.003 0.003 0.004 0.003 0.004 0.970 
130 TMA-ZAIN-G-    (0)    1 :  0.006 0.002 0.003 0.004 0.004 0.004 0.003 0.974 
131 TMA-ZAIN-G-    (0)    1 :  0.007 0.002 0.003 0.004 0.004 0.003 0.003 0.975 
132 TMA-ZAIN-G-    (0)    1 :  0.005 0.004 0.002 0.003 0.003 0.005 0.004 0.976 
133 TMA-ZAIN-G-    (0)    1 :  0.005 0.004 0.005 0.002 0.005 0.004 0.003 0.973 
134 TMA-ZAIN-G-    (0)    1 :  0.006 0.003 0.003 0.003 0.004 0.004 0.003 0.975 
135 TMA-ZAIN-G-    (0)    1 :  0.004 0.003 0.003 0.003 0.003 0.002 0.006 0.975 
136 TMA-ZAIN-G-    (0)    1 :  0.003 0.015 0.004 0.003 0.004 0.005 0.005 0.961 
137 TMA-ZAIN-G-    (0)    1 :  0.003 0.003 0.003 0.003 0.004 0.002 0.005 0.976 
138 TMA-ZAIN-G-    (0)    1 :  0.005 0.003 0.003 0.003 0.003 0.003 0.005 0.975 
139 TMA-ZAIN-G-    (0)    1 :  0.004 0.003 0.003 0.003 0.003 0.004 0.005 0.975 
140 TMA-ZAIN-G-    (0)    1 :  0.003 0.003 0.003 0.003 0.004 0.002 0.006 0.975 
141 TMA-ZAIN-G-    (0)    1 :  0.004 0.002 0.003 0.004 0.004 0.003 0.005 0.974 
142 TMA-ZAIN-G-    (9)    1 :  0.003 0.003 0.003 0.003 0.003 0.003 0.006 0.975 
143 TMA-ZAIN-G-    (0)    1 :  0.004 0.003 0.003 0.003 0.003 0.002 0.005 0.976 
144 TMA-ZAIN-G-    (0)    1 :  0.004 0.003 0.005 0.003 0.005 0.005 0.004 0.971 
145 TMA-ZAIN-G-    (0)    1 :  0.003 0.006 0.002 0.002 0.002 0.004 0.005 0.976 
146 TMA-ZAIN-G-    (0)    1 :  0.007 0.005 0.003 0.003 0.003 0.005 0.010 0.964 
147 TMA-ZAIN-G-    (9)    1 :  0.003 0.004 0.003 0.003 0.004 0.003 0.006 0.975 
148 TMA-ZAIN-G-    (0)    1 :  0.018 0.004 0.003 0.003 0.003 0.009 0.007 0.953 
149 TMA-ZAIN-G-    (0)    1 :  0.006 0.002 0.003 0.004 0.008 0.003 0.007 0.968 
150 TMA-ZAIN-G-    (0)    1 :  0.010 0.011 0.003 0.004 0.007 0.006 0.009 0.951 
151 TMA-ZAIN-G-    (0)    1 :  0.003 0.003 0.003 0.003 0.003 0.003 0.005 0.978 
152 TMA-ZAIN-G-    (0)    1 :  0.002 0.003 0.003 0.005 0.003 0.004 0.006 0.975 
153 TMA-ZAIN-G-    (0)    1 :  0.004 0.003 0.002 0.003 0.003 0.003 0.005 0.977 
154 TMA-ZAIN-G-    (0)    1 :  0.002 0.002 0.002 0.003 0.003 0.003 0.006 0.979 
155 TMA-ZAIN-G-    (0)    1 :  0.003 0.004 0.002 0.003 0.004 0.002 0.007 0.975 
156 TMA-ZAIN-G-    (9)    1 :  0.004 0.002 0.004 0.008 0.004 0.006 0.006 0.967 
157 TMA-ZAIN-G-    (0)    1 :  0.004 0.003 0.003 0.006 0.004 0.004 0.005 0.972 
158 TMA-ZAIN-G-    (0)    1 :  0.006 0.004 0.004 0.003 0.003 0.004 0.008 0.967 
159 TMA-ZAIN-G-    (0)    1 :  0.006 0.008 0.003 0.003 0.003 0.005 0.011 0.960 
160 TMA-ZAIN-G-    (0)    1 :  0.002 0.005 0.002 0.003 0.003 0.003 0.009 0.972 
161 TMA-ZAIN-G-    (0)    1 :  0.004 0.003 0.002 0.003 0.002 0.003 0.004 0.978 
162 TMA-ZAIN-G-    (0)    1 :  0.004 0.003 0.002 0.003 0.006 0.003 0.009 0.970 
163 TMA-ZAIN-G-    (0)    1 :  0.003 0.003 0.002 0.003 0.003 0.002 0.006 0.979 
164 TMA-ZAIN-G-    (0)    1 :  0.002 0.003 0.003 0.004 0.004 0.004 0.006 0.973 
165 TMA-ZAIN-G-    (0)    1 :  0.003 0.003 0.002 0.003 0.003 0.002 0.008 0.975 
166 TMA-ZAIN-G-    (0)    1 :  0.003 0.003 0.002 0.002 0.003 0.003 0.007 0.977 
167 TMA-ZAIN-G-    (0)    1 :  0.004 0.003 0.004 0.003 0.005 0.003 0.007 0.971 
168 TMA-ZAIN-G-    (0)    1 :  0.003 0.009 0.003 0.006 0.004 0.006 0.005 0.964 
169 TMA-ZAIN-G-    (0)    1 :  0.002 0.023 0.002 0.003 0.003 0.003 0.005 0.960 
170 TMA-ZAIN-G-    (0)    1 :  0.004 0.005 0.009 0.010 0.012 0.003 0.005 0.953 
171 TMA-ZAIN-G-    (0)    1 :  0.003 0.008 0.002 0.003 0.003 0.003 0.006 0.972 
172 TMA-ZAIN-G-    (0)    1 :  0.004 0.002 0.005 0.004 0.005 0.003 0.005 0.972 
173 TMA-ZAIN-G-    (0)    1 :  0.004 0.003 0.006 0.004 0.005 0.004 0.004 0.970 
174 TMA-ZAIN-G-    (0)    1 :  0.003 0.004 0.003 0.002 0.003 0.003 0.006 0.976 
175 TMA-ZAIN-G-    (0)    1 :  0.008 0.007 0.004 0.003 0.003 0.007 0.012 0.956 
176 TMA-ZAIN-G-    (0)    1 :  0.008 0.005 0.004 0.003 0.004 0.006 0.013 0.958 
177 TMA-ZAIN-G-    (0)    1 :  0.032 0.008 0.007 0.004 0.004 0.023 0.022 0.900 
178 TMA-ZAIN-G-    (0)    1 :  0.004 0.003 0.009 0.008 0.005 0.007 0.007 0.958 
179 TMA-ZAIN-G-    (0)    1 :  0.008 0.005 0.005 0.003 0.003 0.009 0.009 0.957 
180 TMA-ZAIN-G-    (0)    1 :  0.004 0.004 0.004 0.003 0.004 0.003 0.004 0.974 
181 TMA-ZAIN-G-    (0)    1 :  0.009 0.003 0.003 0.004 0.003 0.003 0.004 0.970 
182 TMA-ZAIN-G-    (0)    1 :  0.010 0.002 0.004 0.005 0.004 0.005 0.004 0.965 
183 TMA-ZAIN-G-    (0)    1 :  0.008 0.003 0.003 0.003 0.003 0.003 0.003 0.973 
184 TMA-ZAIN-G-    (0)    1 :  0.010 0.003 0.003 0.004 0.008 0.003 0.006 0.964 
185 TMA-ZAIN-G-    (0)    1 :  0.006 0.003 0.004 0.003 0.012 0.004 0.007 0.961 
186 TMA-ZAIN-G-    (9)    1 :  0.006 0.003 0.006 0.003 0.007 0.003 0.004 0.969 
187 TMA-ZAIN-G-    (0)    1 :  0.006 0.003 0.004 0.004 0.005 0.003 0.006 0.969 
188 TMA-ZAIN-G-    (0)    1 :  0.006 0.003 0.002 0.002 0.003 0.002 0.005 0.976 
189 TMA-ZAIN-G-    (0)    1 :  0.008 0.006 0.003 0.002 0.003 0.002 0.004 0.973 
190 TMA-ZAIN-G-    (0)    1 :  0.009 0.010 0.009 0.005 0.005 0.017 0.005 0.940 
191 TMA-ZAIN-G-    (0)    1 :  0.024 0.003 0.003 0.003 0.008 0.002 0.006 0.951 
192 TMA-ZAIN-G-    (0)    1 :  0.007 0.004 0.004 0.004 0.004 0.003 0.004 0.969 
193 TMA-ZAIN-G-    (0)    1 :  0.013 0.003 0.005 0.007 0.004 0.026 0.003 0.938 
194 TMA-ZAIN-G-    (0)    1 :  0.008 0.003 0.007 0.006 0.005 0.033 0.003 0.936 
195 TMA-ZAIN-G-    (0)    1 :  0.040 0.007 0.007 0.007 0.004 0.049 0.004 0.883 
196 TMA-ZAIN-G-    (0)    1 :  0.010 0.004 0.005 0.008 0.004 0.011 0.003 0.956 
197 TMA-ZAIN-G-    (0)    1 :  0.008 0.003 0.004 0.004 0.004 0.011 0.002 0.963 
198 TMA-ZAIN-G-    (0)    1 :  0.008 0.004 0.004 0.007 0.004 0.011 0.003 0.959 
199 TMA-ZAIN-G-    (0)    1 :  0.006 0.003 0.004 0.003 0.005 0.003 0.004 0.973 
200 TMA-ZAIN-G-    (0)    1 :  0.002 0.002 0.025 0.012 0.942 0.011 0.002 0.004 
201 TMA-ZAIN-G-    (0)    1 :  0.003 0.002 0.006 0.003 0.977 0.003 0.003 0.004 
202 TMA-ZAIN-G-    (0)    1 :  0.003 0.002 0.033 0.011 0.933 0.009 0.004 0.006 
203 TMA-ZAIN-G-    (0)    1 :  0.008 0.002 0.006 0.017 0.005 0.014 0.004 0.944 
204 TMA-ZAIN-G-    (9)    1 :  0.070 0.007 0.036 0.007 0.843 0.010 0.020 0.008 
205 TMA-ZAIN-G-    (0)    1 :  0.004 0.004 0.010 0.003 0.860 0.005 0.004 0.111 
206 TMA-ZAIN-G-    (9)    1 :  0.006 0.008 0.023 0.007 0.924 0.010 0.003 0.019 
207 TMA-ZAIN-G-    (9)    1 :  0.003 0.005 0.006 0.005 0.007 0.011 0.003 0.958 
208 TMA-ZAIN-G-    (0)    1 :  0.002 0.004 0.003 0.002 0.003 0.002 0.005 0.978 
209 TMA-ZAIN-G-    (0)    1 :  0.006 0.003 0.002 0.002 0.003 0.005 0.003 0.976 
210 TMA-ZAIN-G-    (0)    1 :  0.005 0.004 0.003 0.004 0.004 0.007 0.004 0.969 
211 TMA-ZAIN-G-    (0)    1 :  0.005 0.003 0.006 0.006 0.010 0.003 0.003 0.964 
212 TMA-ZAIN-G-    (0)    1 :  0.004 0.003 0.005 0.004 0.004 0.005 0.005 0.970 
213 TMA-ZAIN-G-    (0)    1 :  0.006 0.002 0.004 0.003 0.004 0.003 0.005 0.974 
214 TMA-ZAIN-G-    (0)    1 :  0.004 0.003 0.003 0.003 0.003 0.003 0.004 0.976 
215 TMA-ZAIN-G-    (0)    1 :  0.003 0.002 0.086 0.003 0.069 0.002 0.004 0.831 
216 TMA-ZAIN-G-    (0)    1 :  0.005 0.002 0.004 0.003 0.005 0.003 0.003 0.975 
217 TMA-ZAIN-G-    (0)    1 :  0.005 0.005 0.002 0.003 0.003 0.003 0.004 0.976 
218 TMA-ZAIN-G-    (0)    1 :  0.012 0.058 0.090 0.008 0.768 0.006 0.015 0.042 
219 TMA-ZAIN-G-    (0)    1 :  0.011 0.014 0.065 0.009 0.867 0.010 0.012 0.012 
220 TMA-ZAIN-G-    (0)    1 :  0.004 0.018 0.109 0.160 0.638 0.005 0.008 0.057 
221 TMA-ZAIN-G-    (0)    1 :  0.020 0.036 0.079 0.007 0.775 0.006 0.041 0.036 
222 TMA-ZAIN-G-    (0)    1 :  0.004 0.004 0.006 0.004 0.956 0.003 0.003 0.020 
223 TMA-ZAIN-G-    (0)    1 :  0.002 0.002 0.027 0.005 0.952 0.003 0.002 0.006 
224 TMA-ZAIN-G-    (0)    1 :  0.005 0.002 0.011 0.005 0.917 0.003 0.003 0.055 
225 TMA-ZAIN-G-    (0)    1 :  0.003 0.002 0.030 0.010 0.944 0.004 0.002 0.005 
226 TMA-ZAIN-G-    (0)    1 :  0.002 0.002 0.012 0.010 0.955 0.003 0.003 0.012 
227 TMA-ZAIN-G-    (0)    1 :  0.003 0.002 0.015 0.011 0.949 0.004 0.004 0.012 
228 TMA-ZAIN-G-    (0)    1 :  0.015 0.010 0.031 0.006 0.871 0.012 0.009 0.045 
229 TMA-ZAIN-G-    (0)    1 :  0.002 0.023 0.011 0.004 0.947 0.003 0.002 0.007 
230 TMA-ZAIN-G-    (0)    1 :  0.031 0.010 0.020 0.014 0.598 0.022 0.007 0.298 
231 TMA-ZAIN-G-    (0)    1 :  0.003 0.002 0.004 0.005 0.962 0.003 0.003 0.016 
232 TMA-ZAIN-G-    (9)    1 :  0.005 0.004 0.003 0.004 0.967 0.003 0.004 0.010 
233 TMA-ZAIN-G-    (0)    1 :  0.003 0.026 0.052 0.003 0.848 0.004 0.003 0.059 
234 TMA-ZAIN-G-    (0)    1 :  0.003 0.003 0.008 0.009 0.954 0.012 0.004 0.007 
235 TMA-ZAIN-G-    (0)    1 :  0.006 0.003 0.024 0.049 0.847 0.018 0.014 0.040 
236 TMA-ZAIN-G-    (0)    1 :  0.003 0.002 0.022 0.013 0.939 0.004 0.003 0.014 
237 TMA-ZAIN-G-    (0)    1 :  0.004 0.004 0.014 0.006 0.832 0.004 0.008 0.128 
238 TMA-ZAIN-G-    (0)    1 :  0.003 0.003 0.008 0.004 0.960 0.002 0.005 0.014 
239 TMA-ZAIN-G-    (0)    1 :  0.047 0.034 0.004 0.002 0.802 0.032 0.004 0.075 
240 TMA-ZAIN-G-    (0)    1 :  0.003 0.002 0.006 0.002 0.977 0.003 0.003 0.003 
241 TMA-ZAIN-G-    (0)    1 :  0.003 0.003 0.005 0.002 0.966 0.003 0.008 0.008 
242 TMA-ZAIN-G-    (0)    1 :  0.004 0.005 0.008 0.002 0.960 0.003 0.009 0.010 
243 TMA-ZAIN-G-    (0)    1 :  0.004 0.006 0.007 0.002 0.950 0.005 0.012 0.013 
244 TMA-ZAIN-G-    (0)    1 :  0.004 0.006 0.008 0.002 0.940 0.003 0.017 0.020 
245 TMA-ZAIN-G-    (9)    1 :  0.003 0.002 0.007 0.003 0.975 0.002 0.004 0.005 
246 TMA-ZAIN-G-    (0)    1 :  0.003 0.003 0.006 0.002 0.975 0.004 0.003 0.004 
247 TMA-ZAIN-G-    (0)    1 :  0.004 0.008 0.013 0.002 0.953 0.005 0.007 0.008 
248 TMA-ZAIN-G-    (0)    1 :  0.003 0.004 0.015 0.004 0.954 0.007 0.005 0.008 
249 TMA-ZAIN-G-    (0)    1 :  0.003 0.003 0.014 0.004 0.961 0.007 0.003 0.005 
250 TMA-ZAIN-G-    (0)    1 :  0.006 0.011 0.013 0.002 0.954 0.003 0.003 0.008 
251 TMA-ZAIN-G-    (0)    1 :  0.005 0.003 0.009 0.012 0.082 0.053 0.003 0.835 
252 TMA-ZAIN-G-    (0)    1 :  0.009 0.013 0.007 0.003 0.017 0.060 0.004 0.887 
253 TMA-ZAIN-G-    (0)    1 :  0.005 0.003 0.004 0.003 0.048 0.021 0.004 0.911 
254 TMA-ZAIN-G-    (9)    1 :  0.003 0.004 0.005 0.004 0.020 0.005 0.004 0.956 
255 TMA-ZAIN-G-    (0)    1 :  0.005 0.007 0.005 0.015 0.257 0.056 0.004 0.652 
256 TMA-ZAIN-G-    (0)    1 :  0.011 0.002 0.005 0.004 0.106 0.020 0.004 0.849 
257 TMA-ZAIN-G-    (0)    1 :  0.006 0.002 0.008 0.005 0.049 0.047 0.002 0.880 
258 TMA-ZAIN-G-    (0)    1 :  0.004 0.004 0.008 0.003 0.029 0.033 0.003 0.917 
259 TMA-ZAIN-G-    (0)    1 :  0.008 0.005 0.008 0.004 0.326 0.191 0.003 0.454 
260 TMA-ZAIN-G-    (0)    1 :  0.005 0.024 0.007 0.003 0.247 0.092 0.004 0.618 
261 TMA-ZAIN-G-   (18)    1 :  0.004 0.006 0.007 0.018 0.014 0.054 0.004 0.895 
262 TMA-ZAIN-G-    (0)    1 :  0.005 0.002 0.008 0.005 0.055 0.043 0.002 0.880 
263 TMA-ZAIN-G-    (0)    1 :  0.006 0.003 0.006 0.007 0.199 0.087 0.003 0.690 
264 TMA-ZAIN-G-    (0)    1 :  0.005 0.003 0.005 0.006 0.170 0.045 0.004 0.760 
265 TMA-ZAIN-G-    (0)    1 :  0.012 0.009 0.011 0.003 0.544 0.023 0.007 0.392 
266 TMA-ZAIN-G-    (0)    1 :  0.005 0.004 0.007 0.004 0.024 0.009 0.003 0.945 
267 TMA-ZAIN-G-    (0)    1 :  0.005 0.007 0.006 0.005 0.936 0.011 0.006 0.025 
268 TMA-ZAIN-G-    (0)    1 :  0.002 0.002 0.003 0.012 0.972 0.003 0.002 0.004 
269 TMA-ZAIN-G-    (0)    1 :  0.002 0.002 0.003 0.006 0.977 0.003 0.002 0.005 
270 TMA-ZAIN-G-    (0)    1 :  0.002 0.002 0.003 0.005 0.977 0.003 0.002 0.004 
271 TMA-ZAIN-G-    (0)    1 :  0.002 0.002 0.003 0.007 0.976 0.003 0.003 0.003 
272 TMA-ZAIN-G-    (0)    1 :  0.002 0.002 0.003 0.004 0.980 0.002 0.002 0.004 
273 TMA-ZAIN-G-    (0)    1 :  0.002 0.002 0.004 0.004 0.983 0.002 0.002 0.003 
274 TMA-ZAIN-G-    (0)    1 :  0.006 0.004 0.004 0.004 0.968 0.003 0.004 0.007 
275 TMA-ZAIN-G-    (0)    1 :  0.002 0.002 0.003 0.005 0.982 0.002 0.002 0.003 
276 TMA-ZAIN-G-    (0)    1 :  0.002 0.002 0.002 0.005 0.981 0.002 0.002 0.003 
277 TMA-ZAIN-G-    (0)    1 :  0.003 0.003 0.004 0.003 0.977 0.003 0.004 0.004 
278 TMA-ZAIN-G-    (0)    1 :  0.002 0.002 0.004 0.003 0.982 0.003 0.002 0.003 
279 TMA-ZAIN-G-    (0)    1 :  0.003 0.002 0.003 0.003 0.980 0.002 0.002 0.004 
280 TMA-ZAIN-G-    (0)    1 :  0.003 0.002 0.004 0.005 0.978 0.002 0.002 0.004 
281 TMA-ZAIN-G-    (0)    1 :  0.003 0.002 0.003 0.005 0.980 0.002 0.002 0.003 
282 TMA-ZAIN-G-    (9)    1 :  0.002 0.002 0.003 0.004 0.981 0.003 0.003 0.003 
283 TMA-ZAIN-G-    (0)    1 :  0.002 0.002 0.005 0.004 0.976 0.003 0.003 0.005 
284 TMA-ZAIN-G-    (0)    1 :  0.003 0.002 0.005 0.006 0.969 0.004 0.003 0.008 
285 TMA-ZAIN-G-    (0)    1 :  0.004 0.004 0.004 0.003 0.975 0.003 0.003 0.005 
286 TMA-ZAIN-G-    (0)    1 :  0.002 0.002 0.003 0.005 0.980 0.003 0.002 0.003 
287 TMA-ZAIN-G-    (0)    1 :  0.004 0.004 0.003 0.004 0.974 0.002 0.003 0.004 
288 TMA-ZAIN-G-    (0)    1 :  0.007 0.004 0.005 0.006 0.959 0.002 0.005 0.012 
289 TMA-ZAIN-G-    (0)    1 :  0.005 0.005 0.004 0.004 0.971 0.002 0.004 0.005 
290 TMA-ZAIN-G-    (0)    1 :  0.005 0.002 0.005 0.009 0.967 0.003 0.004 0.007 
291 TMA-ZAIN-G-    (0)    1 :  0.022 0.031 0.234 0.019 0.643 0.007 0.027 0.017 
292 TMA-ZAIN-G-    (0)    1 :  0.004 0.002 0.007 0.006 0.012 0.002 0.005 0.962 
293 TMA-ZAIN-G-    (0)    1 :  0.003 0.003 0.005 0.003 0.005 0.003 0.003 0.975 
294 TMA-ZAIN-G-    (0)    1 :  0.007 0.009 0.005 0.003 0.004 0.009 0.012 0.951 
295 TMA-ZAIN-G-    (9)    1 :  0.008 0.008 0.010 0.003 0.009 0.009 0.010 0.943 
296 TMA-ZAIN-G-    (0)    1 :  0.005 0.002 0.004 0.005 0.008 0.003 0.004 0.968 
297 TMA-ZAIN-G-    (0)    1 :  0.004 0.003 0.003 0.004 0.005 0.003 0.004 0.974 
298 TMA-ZAIN-G-    (0)    1 :  0.003 0.003 0.005 0.006 0.008 0.007 0.005 0.963 
299 TMA-ZAIN-G-    (0)    1 :  0.003 0.005 0.005 0.004 0.006 0.002 0.007 0.969 
300 TMA-ZAIN-G-    (0)    1 :  0.012 0.019 0.007 0.003 0.005 0.008 0.010 0.938 
301 TMA-ZAIN-G-    (0)    1 :  0.004 0.004 0.004 0.003 0.005 0.003 0.005 0.972 
302 TMA-ZAIN-G-    (9)    1 :  0.004 0.003 0.003 0.003 0.004 0.003 0.006 0.974 
303 TMA-ZAIN-G-    (0)    1 :  0.193 0.005 0.011 0.010 0.694 0.057 0.011 0.019 
304 TMA-ZAIN-G-    (0)    2 :  0.005 0.006 0.005 0.005 0.033 0.006 0.005 0.936 
305 TMA-ZAIN-G-    (0)    2 :  0.003 0.003 0.003 0.003 0.005 0.003 0.005 0.975 
306 TMA-ZAIN-G-    (0)    2 :  0.005 0.003 0.003 0.004 0.174 0.007 0.005 0.799 
307 TMA-ZAIN-G-    (0)    2 :  0.005 0.009 0.004 0.004 0.022 0.004 0.006 0.947 
308 TMA-ZAIN-G-    (0)    2 :  0.054 0.004 0.009 0.004 0.620 0.172 0.003 0.134 
309 TMA-ZAIN-G-    (0)    2 :  0.008 0.003 0.003 0.003 0.004 0.002 0.004 0.973 
310 TMA-ZAIN-G-    (0)    2 :  0.003 0.003 0.006 0.004 0.006 0.004 0.005 0.968 
311 TMA-ZAIN-G-    (0)    2 :  0.003 0.002 0.004 0.010 0.008 0.005 0.004 0.964 
312 TMA-ZAIN-G-    (0)    2 :  0.004 0.003 0.008 0.005 0.007 0.005 0.004 0.964 
313 TMA-ZAIN-G-    (0)    2 :  0.007 0.004 0.002 0.004 0.009 0.011 0.006 0.956 
314 TMA-ZAIN-G-    (0)    2 :  0.011 0.006 0.029 0.094 0.835 0.007 0.010 0.008 
315 TMA-ZAIN-G-    (0)    2 :  0.003 0.004 0.006 0.004 0.472 0.003 0.008 0.501 
316 TMA-ZAIN-G-    (0)    2 :  0.002 0.004 0.009 0.005 0.523 0.003 0.007 0.447 
317 TMA-ZAIN-G-    (0)    2 :  0.003 0.002 0.040 0.006 0.912 0.002 0.005 0.029 
318 TMA-ZAIN-G-    (9)    2 :  0.003 0.003 0.006 0.005 0.970 0.004 0.003 0.006 
319 TMA-ZAIN-G-    (0)    3 :  0.004 0.002 0.088 0.087 0.569 0.011 0.003 0.237 
320 TMA-ZAIN-G-    (0)    3 :  0.004 0.003 0.187 0.003 0.124 0.003 0.005 0.672 
321 TMA-ZAIN-G-    (0)    4 :  0.006 0.005 0.021 0.022 0.203 0.003 0.008 0.731 
322 TMA-ZAIN-G-    (0)    4 :  0.003 0.003 0.091 0.006 0.188 0.004 0.005 0.699 
323 TMA-ZAIN-G-    (0)    5 :  0.022 0.021 0.035 0.005 0.758 0.009 0.003 0.146 
324 TMA-ZAIN-G-    (0)    5 :  0.003 0.003 0.005 0.007 0.005 0.008 0.005 0.964 
325 TMA-ZAIN-G-    (0)    5 :  0.010 0.017 0.300 0.006 0.578 0.006 0.037 0.047 
326 TMA-ZAIN-G-    (0)    5 :  0.012 0.005 0.355 0.004 0.032 0.014 0.005 0.573 
327 TMA-ZAIN-G-    (0)    5 :  0.009 0.004 0.003 0.004 0.004 0.012 0.003 0.961 
328 TMA-ZAIN-G-    (0)    5 :  0.012 0.029 0.008 0.008 0.692 0.007 0.005 0.239 
329 TMA-ZAIN-G-    (0)    5 :  0.004 0.004 0.004 0.003 0.004 0.004 0.004 0.974 
330 TMA-ZAIN-G-    (0)    6 :  0.004 0.004 0.003 0.003 0.003 0.004 0.003 0.976 
331 TMA-ZAIN-G-    (0)    6 :  0.014 0.008 0.088 0.021 0.054 0.097 0.022 0.695 
332 TMA-ZAIN-G-    (0)    6 :  0.005 0.004 0.003 0.004 0.003 0.006 0.003 0.972 
333 TMA-ZAIN-G-    (0)    6 :  0.010 0.003 0.005 0.006 0.004 0.021 0.002 0.949 
334 TMA-ZAIN-G-    (0)    6 :  0.002 0.002 0.004 0.004 0.980 0.003 0.002 0.003 
335 TMA-ZAIN-G-    (0)    6 :  0.002 0.002 0.003 0.004 0.982 0.002 0.002 0.004 
336 TMA-ZAIN-G-    (0)    6 :  0.002 0.002 0.004 0.004 0.977 0.003 0.002 0.006 
337 TMA-ZAIN-G-    (9)    6 :  0.003 0.002 0.004 0.005 0.976 0.003 0.003 0.004 
338 TMA-ZAIN-G-    (0)    6 :  0.002 0.002 0.003 0.008 0.979 0.002 0.002 0.003 
339 TMA-ZAIN-G-    (0)    6 :  0.002 0.002 0.003 0.007 0.980 0.002 0.002 0.002 
340 TMA-ZAIN-G-    (0)    6 :  0.002 0.002 0.003 0.005 0.982 0.002 0.002 0.003 
341 TMA-ZAIN-G-    (0)    6 :  0.002 0.002 0.003 0.006 0.980 0.002 0.002 0.004 
342 TMA-ZAIN-G-    (0)    6 :  0.002 0.002 0.003 0.006 0.979 0.002 0.002 0.004 
343 TMA-ZAIN-G-    (0)    7 :  0.002 0.002 0.003 0.006 0.981 0.002 0.002 0.003 
344 TMA-ZAIN-G-    (0)    7 :  0.003 0.002 0.004 0.003 0.979 0.002 0.002 0.004 
345 TMA-ZAIN-G-    (0)    7 :  0.002 0.002 0.003 0.004 0.983 0.002 0.002 0.002 
346 TMA-ZAIN-G-    (0)    7 :  0.002 0.002 0.003 0.004 0.983 0.002 0.002 0.003 
347 TMA-ZAIN-G-    (9)    7 :  0.002 0.002 0.003 0.004 0.982 0.002 0.002 0.003 
348 TMA-ZAIN-G-    (0)    7 :  0.003 0.002 0.004 0.004 0.978 0.003 0.003 0.004 
349 TMA-ZAIN-G-    (0)    7 :  0.002 0.003 0.003 0.004 0.980 0.002 0.003 0.003 
350 TMA-ZAIN-G-    (0)    7 :  0.003 0.002 0.004 0.005 0.977 0.002 0.002 0.005 
351 TMA-ZAIN-G-    (0)    7 :  0.002 0.002 0.004 0.003 0.980 0.002 0.002 0.003 
352 TMA-ZAIN-G-    (0)    7 :  0.002 0.002 0.003 0.005 0.978 0.003 0.002 0.005 
353 TMA-ZAIN-G-    (0)    7 :  0.004 0.002 0.004 0.004 0.976 0.002 0.003 0.005 
354 TMA-ZAIN-G-    (0)    7 :  0.003 0.002 0.004 0.004 0.980 0.002 0.003 0.003 
355 TMA-ZAIN-G-    (0)    7 :  0.003 0.002 0.003 0.006 0.975 0.002 0.003 0.006 
356 TMA-ZAIN-G-    (0)    8 :  0.002 0.010 0.002 0.003 0.011 0.003 0.004 0.965 
357 TMA-ZAIN-G-    (0)    8 :  0.005 0.004 0.003 0.004 0.004 0.003 0.004 0.974 
358 TMA-ZAIN-G-    (0)    8 :  0.020 0.009 0.004 0.005 0.008 0.005 0.009 0.940 
359 TMA-ZAIN-G-    (0)    8 :  0.002 0.005 0.053 0.003 0.044 0.004 0.004 0.885 
360 TMA-ZAIN-G-    (0)    8 :  0.002 0.005 0.003 0.002 0.003 0.003 0.006 0.975 
361 TMA-ZAIN-G-    (0)    8 :  0.031 0.014 0.009 0.020 0.004 0.013 0.030 0.878 
362 TMA-ZAIN-G-    (0)    8 :  0.003 0.003 0.006 0.004 0.009 0.002 0.005 0.968 
363 TMA-ZAIN-G-    (0)    9 :  0.005 0.003 0.007 0.003 0.012 0.004 0.004 0.962 
364 TMA-ZAIN-G-    (0)    9 :  0.003 0.003 0.007 0.010 0.956 0.002 0.004 0.016 
365 TMA-ZAIN-G-    (0)    9 :  0.004 0.004 0.011 0.007 0.274 0.003 0.009 0.689 
366 TMA-ZAIN-G-    (0)    9 :  0.007 0.030 0.007 0.003 0.007 0.024 0.014 0.908 
367 TMA-ZAIN-G-    (0)    9 :  0.004 0.002 0.005 0.019 0.008 0.011 0.004 0.948 
368 TMA-ZAIN-G-    (0)    9 :  0.010 0.027 0.005 0.003 0.005 0.013 0.012 0.925 
369 TMA-ZAIN-G-    (0)    9 :  0.006 0.004 0.003 0.002 0.003 0.002 0.003 0.976 
370 TMA-ZAIN-G-    (0)    9 :  0.031 0.024 0.018 0.017 0.004 0.018 0.038 0.850 
371 TMA-ZAIN-G-    (0)    9 :  0.003 0.005 0.002 0.003 0.004 0.003 0.006 0.973 
372 TMA-ZAIN-G-    (0)    9 :  0.004 0.007 0.003 0.003 0.004 0.004 0.011 0.965 
373 TMA-ZAIN-G-    (0)    9 :  0.008 0.004 0.008 0.005 0.004 0.009 0.003 0.959 
374 TMA-ZAIN-G-    (0)   10 :  0.006 0.002 0.022 0.035 0.118 0.005 0.004 0.807 
375 TMA-ZAIN-G-    (0)   10 :  0.007 0.002 0.062 0.004 0.355 0.002 0.004 0.563 
376 TMA-ZAIN-G-    (9)   10 :  0.003 0.003 0.002 0.003 0.004 0.002 0.008 0.975 
377 TMA-ZAIN-G-    (0)   10 :  0.003 0.004 0.002 0.002 0.003 0.003 0.007 0.977 
378 TMA-ZAIN-G-    (0)   10 :  0.003 0.005 0.002 0.003 0.003 0.002 0.008 0.974 
379 TMA-ZAIN-G-    (0)   10 :  0.003 0.006 0.002 0.003 0.002 0.003 0.005 0.977 
380 TMA-ZAIN-G-    (0)   10 :  0.006 0.014 0.004 0.002 0.003 0.007 0.010 0.954 
381 TMA-ZAIN-G-    (9)   10 :  0.014 0.044 0.147 0.011 0.310 0.027 0.051 0.396 
382 TMA-ZAIN-G-    (9)   10 :  0.020 0.007 0.043 0.061 0.835 0.012 0.014 0.007 
383    ZFB01    (0)   11 :  0.004 0.003 0.006 0.892 0.011 0.004 0.006 0.073 
384    ZFB02    (0)   11 :  0.003 0.003 0.007 0.960 0.008 0.007 0.004 0.008 
385    ZFB03    (0)   11 :  0.010 0.003 0.006 0.948 0.012 0.005 0.006 0.011 
386    ZFB04    (0)   11 :  0.003 0.003 0.008 0.955 0.007 0.006 0.006 0.012 
387    ZFB05    (0)   11 :  0.010 0.014 0.084 0.753 0.091 0.018 0.003 0.027 
388    ZFB06    (0)   11 :  0.012 0.015 0.059 0.824 0.051 0.008 0.003 0.029 
389    ZFB07    (9)   11 :  0.007 0.004 0.014 0.946 0.006 0.006 0.011 0.005 
390    ZFB08    (0)   11 :  0.005 0.004 0.005 0.960 0.008 0.006 0.005 0.007 
391    ZFB09    (0)   11 :  0.003 0.003 0.004 0.963 0.011 0.004 0.003 0.010 
392    ZFB10    (0)   11 :  0.005 0.005 0.006 0.894 0.014 0.007 0.026 0.042 
393    ZFB11    (0)   11 :  0.003 0.003 0.007 0.778 0.029 0.006 0.010 0.163 
394    ZFB12    (0)   11 :  0.006 0.003 0.006 0.911 0.021 0.003 0.006 0.044 
395    ZFB13    (0)   11 :  0.005 0.004 0.005 0.964 0.007 0.004 0.007 0.003 
396    ZFB14    (0)   11 :  0.004 0.003 0.004 0.961 0.008 0.005 0.007 0.009 
397    ZFB15    (0)   11 :  0.003 0.002 0.006 0.953 0.018 0.003 0.003 0.013 
398    ZFB16    (0)   11 :  0.004 0.003 0.007 0.954 0.016 0.004 0.006 0.008 
399    ZFB17    (0)   11 :  0.007 0.011 0.029 0.842 0.031 0.021 0.013 0.047 
400    ZFB18    (0)   11 :  0.003 0.003 0.003 0.953 0.009 0.005 0.005 0.019 
401    ZFB19    (0)   11 :  0.011 0.007 0.015 0.914 0.007 0.004 0.034 0.008 
402    ZFB20    (0)   11 :  0.003 0.003 0.008 0.932 0.030 0.004 0.006 0.014 
403    ZFB21    (0)   11 :  0.003 0.002 0.005 0.950 0.024 0.003 0.003 0.009 
404    ZFB22    (0)   11 :  0.006 0.008 0.016 0.796 0.031 0.007 0.011 0.123 
405    ZFB23    (0)   11 :  0.006 0.004 0.011 0.903 0.019 0.005 0.012 0.041 
406    ZFB24    (0)   11 :  0.003 0.003 0.009 0.827 0.018 0.005 0.008 0.127 
407    ZFB25    (0)   11 :  0.007 0.006 0.005 0.842 0.025 0.007 0.051 0.056 
408    ZFB26    (0)   11 :  0.007 0.005 0.015 0.847 0.023 0.007 0.037 0.059 
409    ZFB27    (0)   11 :  0.004 0.003 0.016 0.726 0.099 0.005 0.009 0.139 
410    ZFB28    (0)   11 :  0.046 0.004 0.033 0.327 0.548 0.013 0.017 0.012 
411    ZFB29    (0)   11 :  0.002 0.003 0.007 0.918 0.021 0.008 0.004 0.038 
412    ZFB30    (0)   11 :  0.010 0.011 0.316 0.488 0.056 0.005 0.005 0.109 
413    ZFB31    (0)   11 :  0.006 0.005 0.005 0.935 0.008 0.005 0.029 0.007 
414    ZFB32    (0)   11 :  0.014 0.004 0.030 0.819 0.080 0.018 0.013 0.023 
415    ZFB33    (0)   11 :  0.003 0.002 0.005 0.940 0.018 0.003 0.004 0.025 
416    ZFB34    (0)   11 :  0.003 0.003 0.004 0.969 0.004 0.005 0.004 0.006 
417    ZFB35    (0)   11 :  0.005 0.003 0.005 0.953 0.006 0.006 0.009 0.012 
418  ZFBP101    (0)   12 :  0.082 0.038 0.008 0.012 0.009 0.155 0.689 0.007 
419  ZFBP102    (0)   12 :  0.019 0.014 0.011 0.017 0.009 0.021 0.900 0.009 
420  ZFBP103    (0)   12 :  0.301 0.015 0.007 0.008 0.004 0.261 0.396 0.007 
421  ZFBP104    (0)   12 :  0.080 0.008 0.031 0.038 0.021 0.004 0.814 0.004 
422  ZFBP105    (0)   12 :  0.027 0.005 0.005 0.005 0.009 0.005 0.938 0.004 
423  ZFBP106    (0)   12 :  0.040 0.009 0.004 0.004 0.002 0.007 0.930 0.004 
424  ZFBP107    (0)   12 :  0.054 0.005 0.017 0.006 0.010 0.008 0.895 0.005 
425  ZFBP108    (0)   12 :  0.007 0.004 0.003 0.003 0.002 0.003 0.974 0.003 
426  ZFBP109    (0)   12 :  0.006 0.006 0.003 0.003 0.002 0.003 0.966 0.009 
427  ZFBP110    (0)   12 :  0.171 0.006 0.020 0.039 0.013 0.045 0.691 0.015 
428  ZFBP111    (0)   12 :  0.070 0.220 0.006 0.003 0.002 0.005 0.685 0.009 
429  ZFBP112    (0)   12 :  0.010 0.037 0.005 0.004 0.005 0.012 0.922 0.005 
430  ZFBP113    (0)   12 :  0.007 0.004 0.004 0.003 0.003 0.003 0.972 0.004 
431  ZFBP114    (0)   12 :  0.013 0.006 0.006 0.003 0.004 0.006 0.956 0.006 
432  ZFBP115    (0)   12 :  0.462 0.016 0.006 0.003 0.003 0.013 0.494 0.005 
433  ZFBP116    (0)   12 :  0.008 0.006 0.004 0.003 0.003 0.004 0.969 0.003 
434  ZFBP117    (0)   12 :  0.008 0.006 0.003 0.003 0.002 0.006 0.968 0.004 
435  ZFBP118    (0)   12 :  0.011 0.008 0.007 0.003 0.004 0.005 0.956 0.007 
436  ZFBP119    (0)   12 :  0.133 0.017 0.005 0.003 0.003 0.039 0.795 0.005 
