

----------------------------------------------------
STRUCTURE by Pritchard, Stephens and Donnelly (2000)
     and Falush, Stephens and Pritchard (2003)
       Code by Pritchard, Falush and Hubisz
             Version 2.3.4 (Jul 2012)
----------------------------------------------------



Command line arguments:   bin\structure -m C:\Users\eschumacher\Documents\GitHub\GCC_QUAC_ZAIN\Data_Files\Structure_Files\ZAIN\ZAIN_og_allpop_STR\50-50\mainparams -e C:\Users\eschumacher\Documents\GitHub\GCC_QUAC_ZAIN\Data_Files\Structure_Files\ZAIN\ZAIN_og_allpop_STR\50-50\extraparams 
Input File:    C:\Users\eschumacher\Documents\GitHub\GCC_QUAC_ZAIN\Data_Files\Structure_Files\ZAIN\ZAIN_og_allpop_STR\project_data

Run parameters:
   1135 individuals
   11 loci
   3 populations assumed
   50000 Burn-in period
   50000 Reps


--------------------------------------------
Proportion of membership of each pre-defined
 population in each of the 3 clusters

Given    Inferred Clusters       Number of
 Pop       1      2      3      Individuals

  1:     0.311  0.678  0.010      303
  2:     0.219  0.774  0.007       15
  3:     0.299  0.696  0.005        2
  4:     0.128  0.865  0.007        2
  5:     0.283  0.706  0.010        7
  6:     0.674  0.317  0.008       13
  7:     0.960  0.036  0.004       13
  8:     0.010  0.972  0.018        7
  9:     0.081  0.899  0.019       11
 10:     0.157  0.832  0.012        9
 11:     0.943  0.044  0.014       35
 12:     0.010  0.010  0.980       36
 13:     0.011  0.009  0.979       33
 14:     0.277  0.010  0.713       40
 15:     0.006  0.006  0.987       40
 16:     0.814  0.020  0.165       40
 17:     0.906  0.018  0.076       37
 18:     0.007  0.008  0.985       40
 19:     0.949  0.006  0.045       28
 20:     0.516  0.008  0.476       14
 21:     0.949  0.007  0.044       13
 22:     0.006  0.007  0.987       14
 23:     0.010  0.008  0.982       25
 24:     0.009  0.011  0.980       40
 25:     0.213  0.043  0.744       32
 26:     0.967  0.019  0.014       21
 27:     0.960  0.012  0.028        4
 28:     0.932  0.010  0.058       23
 29:     0.975  0.007  0.018       39
 30:     0.987  0.005  0.008       38
 31:     0.008  0.007  0.985       45
 32:     0.010  0.009  0.981       28
 33:     0.964  0.022  0.014        6
 34:     0.726  0.010  0.264       40
 35:     0.870  0.018  0.112       42
--------------------------------------------

Allele-freq. divergence among pops (Net nucleotide distance),
computed using point estimates of P.

      1       2       3      
 1      -    0.1778  0.1577  
 2   0.1778     -    0.2560  
 3   0.1577  0.2560     -    

Average distances (expected heterozygosity) between individuals in same cluster:
cluster  1  : 0.6050 
cluster  2  : 0.4984 
cluster  3  : 0.4813 

--------------------------------------------
Estimated Ln Prob of Data   = -26805.6
Mean value of ln likelihood = -26435.0
Variance of ln likelihood   = 741.2
Mean value of alpha         = 0.0522

Mean value of Fst_1         = 0.1886
Mean value of Fst_2         = 0.2783
Mean value of Fst_3         = 0.4022


Inferred ancestry of individuals:
        Label (%Miss) Pop:  Inferred clusters
  1 TMA-ZAIN-G-    (9)    1 :  0.545 0.450 0.005 
  2 TMA-ZAIN-G-    (0)    1 :  0.625 0.336 0.038 
  3 TMA-ZAIN-G-    (0)    1 :  0.005 0.988 0.007 
  4 TMA-ZAIN-G-    (0)    1 :  0.045 0.949 0.005 
  5 TMA-ZAIN-G-    (0)    1 :  0.954 0.033 0.013 
  6 TMA-ZAIN-G-    (0)    1 :  0.023 0.970 0.008 
  7 TMA-ZAIN-G-    (0)    1 :  0.009 0.984 0.007 
  8 TMA-ZAIN-G-    (0)    1 :  0.005 0.988 0.007 
  9 TMA-ZAIN-G-    (9)    1 :  0.044 0.883 0.072 
 10 TMA-ZAIN-G-    (0)    1 :  0.005 0.989 0.007 
 11 TMA-ZAIN-G-    (0)    1 :  0.008 0.975 0.018 
 12 TMA-ZAIN-G-    (0)    1 :  0.006 0.987 0.007 
 13 TMA-ZAIN-G-    (9)    1 :  0.016 0.975 0.009 
 14 TMA-ZAIN-G-    (9)    1 :  0.015 0.976 0.009 
 15 TMA-ZAIN-G-    (0)    1 :  0.008 0.986 0.006 
 16 TMA-ZAIN-G-    (0)    1 :  0.006 0.988 0.006 
 17 TMA-ZAIN-G-    (9)    1 :  0.007 0.989 0.004 
 18 TMA-ZAIN-G-    (0)    1 :  0.748 0.248 0.004 
 19 TMA-ZAIN-G-    (0)    1 :  0.479 0.516 0.004 
 20 TMA-ZAIN-G-    (0)    1 :  0.982 0.012 0.005 
 21 TMA-ZAIN-G-    (0)    1 :  0.966 0.026 0.008 
 22 TMA-ZAIN-G-    (0)    1 :  0.989 0.008 0.004 
 23 TMA-ZAIN-G-    (0)    1 :  0.900 0.096 0.004 
 24 TMA-ZAIN-G-    (9)    1 :  0.633 0.316 0.051 
 25 TMA-ZAIN-G-    (9)    1 :  0.532 0.463 0.005 
 26 TMA-ZAIN-G-    (9)    1 :  0.009 0.981 0.010 
 27 TMA-ZAIN-G-    (0)    1 :  0.705 0.286 0.009 
 28 TMA-ZAIN-G-    (0)    1 :  0.650 0.327 0.023 
 29 TMA-ZAIN-G-    (0)    1 :  0.099 0.886 0.015 
 30 TMA-ZAIN-G-    (0)    1 :  0.028 0.881 0.091 
 31 TMA-ZAIN-G-    (0)    1 :  0.968 0.025 0.007 
 32 TMA-ZAIN-G-    (9)    1 :  0.105 0.887 0.008 
 33 TMA-ZAIN-G-   (18)    1 :  0.005 0.989 0.006 
 34 TMA-ZAIN-G-    (0)    1 :  0.010 0.984 0.007 
 35 TMA-ZAIN-G-    (9)    1 :  0.006 0.988 0.006 
 36 TMA-ZAIN-G-    (0)    1 :  0.004 0.989 0.006 
 37 TMA-ZAIN-G-    (9)    1 :  0.008 0.986 0.007 
 38 TMA-ZAIN-G-   (18)    1 :  0.260 0.734 0.005 
 39 TMA-ZAIN-G-    (0)    1 :  0.005 0.987 0.008 
 40 TMA-ZAIN-G-    (0)    1 :  0.004 0.990 0.006 
 41 TMA-ZAIN-G-    (0)    1 :  0.005 0.987 0.007 
 42 TMA-ZAIN-G-    (9)    1 :  0.005 0.987 0.008 
 43 TMA-ZAIN-G-    (0)    1 :  0.011 0.980 0.009 
 44 TMA-ZAIN-G-    (0)    1 :  0.864 0.122 0.014 
 45 TMA-ZAIN-G-    (0)    1 :  0.010 0.982 0.008 
 46 TMA-ZAIN-G-    (0)    1 :  0.980 0.014 0.006 
 47 TMA-ZAIN-G-    (0)    1 :  0.013 0.981 0.006 
 48 TMA-ZAIN-G-    (0)    1 :  0.009 0.983 0.008 
 49 TMA-ZAIN-G-    (9)    1 :  0.732 0.260 0.008 
 50 TMA-ZAIN-G-    (0)    1 :  0.595 0.400 0.005 
 51 TMA-ZAIN-G-    (0)    1 :  0.680 0.176 0.144 
 52 TMA-ZAIN-G-    (0)    1 :  0.449 0.485 0.066 
 53 TMA-ZAIN-G-    (0)    1 :  0.619 0.370 0.011 
 54 TMA-ZAIN-G-    (0)    1 :  0.010 0.981 0.008 
 55 TMA-ZAIN-G-    (0)    1 :  0.011 0.982 0.008 
 56 TMA-ZAIN-G-    (0)    1 :  0.069 0.926 0.005 
 57 TMA-ZAIN-G-    (0)    1 :  0.012 0.982 0.006 
 58 TMA-ZAIN-G-    (0)    1 :  0.590 0.405 0.005 
 59 TMA-ZAIN-G-    (0)    1 :  0.241 0.746 0.013 
 60 TMA-ZAIN-G-    (0)    1 :  0.654 0.339 0.007 
 61 TMA-ZAIN-G-    (0)    1 :  0.932 0.056 0.012 
 62 TMA-ZAIN-G-    (9)    1 :  0.905 0.086 0.010 
 63 TMA-ZAIN-G-    (0)    1 :  0.963 0.031 0.006 
 64 TMA-ZAIN-G-    (0)    1 :  0.004 0.979 0.017 
 65 TMA-ZAIN-G-    (9)    1 :  0.004 0.989 0.007 
 66 TMA-ZAIN-G-    (0)    1 :  0.004 0.985 0.011 
 67 TMA-ZAIN-G-    (0)    1 :  0.008 0.983 0.009 
 68 TMA-ZAIN-G-    (0)    1 :  0.004 0.987 0.010 
 69 TMA-ZAIN-G-    (0)    1 :  0.014 0.967 0.019 
 70 TMA-ZAIN-G-    (0)    1 :  0.006 0.976 0.018 
 71 TMA-ZAIN-G-    (0)    1 :  0.005 0.955 0.040 
 72 TMA-ZAIN-G-    (0)    1 :  0.005 0.986 0.009 
 73 TMA-ZAIN-G-    (0)    1 :  0.009 0.976 0.015 
 74 TMA-ZAIN-G-    (0)    1 :  0.011 0.969 0.020 
 75 TMA-ZAIN-G-    (0)    1 :  0.007 0.952 0.041 
 76 TMA-ZAIN-G-    (0)    1 :  0.030 0.940 0.030 
 77 TMA-ZAIN-G-    (0)    1 :  0.006 0.987 0.007 
 78 TMA-ZAIN-G-    (0)    1 :  0.020 0.975 0.005 
 79 TMA-ZAIN-G-    (0)    1 :  0.010 0.984 0.006 
 80 TMA-ZAIN-G-    (0)    1 :  0.005 0.989 0.007 
 81 TMA-ZAIN-G-    (0)    1 :  0.008 0.981 0.011 
 82 TMA-ZAIN-G-    (0)    1 :  0.005 0.978 0.017 
 83 TMA-ZAIN-G-    (9)    1 :  0.012 0.979 0.009 
 84 TMA-ZAIN-G-    (0)    1 :  0.012 0.982 0.005 
 85 TMA-ZAIN-G-    (0)    1 :  0.491 0.505 0.004 
 86 TMA-ZAIN-G-    (0)    1 :  0.254 0.741 0.005 
 87 TMA-ZAIN-G-    (0)    1 :  0.691 0.305 0.004 
 88 TMA-ZAIN-G-    (0)    1 :  0.029 0.964 0.007 
 89 TMA-ZAIN-G-    (0)    1 :  0.041 0.953 0.007 
 90 TMA-ZAIN-G-    (0)    1 :  0.167 0.828 0.005 
 91 TMA-ZAIN-G-    (0)    1 :  0.133 0.861 0.006 
 92 TMA-ZAIN-G-    (0)    1 :  0.056 0.938 0.006 
 93 TMA-ZAIN-G-    (0)    1 :  0.051 0.942 0.007 
 94 TMA-ZAIN-G-    (0)    1 :  0.393 0.601 0.006 
 95 TMA-ZAIN-G-    (0)    1 :  0.865 0.089 0.047 
 96 TMA-ZAIN-G-    (0)    1 :  0.467 0.524 0.009 
 97 TMA-ZAIN-G-    (0)    1 :  0.972 0.020 0.008 
 98 TMA-ZAIN-G-    (0)    1 :  0.920 0.043 0.037 
 99 TMA-ZAIN-G-    (0)    1 :  0.523 0.459 0.018 
100 TMA-ZAIN-G-    (0)    1 :  0.984 0.009 0.006 
101 TMA-ZAIN-G-    (0)    1 :  0.909 0.078 0.013 
102 TMA-ZAIN-G-    (0)    1 :  0.737 0.255 0.008 
103 TMA-ZAIN-G-    (0)    1 :  0.847 0.148 0.005 
104 TMA-ZAIN-G-    (0)    1 :  0.979 0.016 0.005 
105 TMA-ZAIN-G-    (0)    1 :  0.764 0.231 0.005 
106 TMA-ZAIN-G-    (0)    1 :  0.004 0.988 0.008 
107 TMA-ZAIN-G-    (0)    1 :  0.005 0.984 0.011 
108 TMA-ZAIN-G-    (9)    1 :  0.138 0.856 0.006 
109 TMA-ZAIN-G-    (0)    1 :  0.147 0.846 0.007 
110 TMA-ZAIN-G-    (0)    1 :  0.032 0.962 0.006 
111 TMA-ZAIN-G-    (9)    1 :  0.579 0.414 0.007 
112 TMA-ZAIN-G-    (0)    1 :  0.169 0.824 0.007 
113 TMA-ZAIN-G-    (0)    1 :  0.652 0.326 0.022 
114 TMA-ZAIN-G-    (0)    1 :  0.955 0.033 0.012 
115 TMA-ZAIN-G-    (0)    1 :  0.922 0.063 0.015 
116 TMA-ZAIN-G-    (0)    1 :  0.004 0.989 0.007 
117 TMA-ZAIN-G-    (0)    1 :  0.005 0.989 0.007 
118 TMA-ZAIN-G-    (0)    1 :  0.005 0.988 0.007 
119 TMA-ZAIN-G-    (0)    1 :  0.009 0.984 0.007 
120 TMA-ZAIN-G-    (0)    1 :  0.006 0.988 0.006 
121 TMA-ZAIN-G-    (0)    1 :  0.005 0.987 0.008 
122 TMA-ZAIN-G-    (0)    1 :  0.008 0.986 0.007 
123 TMA-ZAIN-G-    (0)    1 :  0.965 0.029 0.005 
124 TMA-ZAIN-G-    (0)    1 :  0.006 0.988 0.007 
125 TMA-ZAIN-G-    (0)    1 :  0.004 0.990 0.006 
126 TMA-ZAIN-G-    (0)    1 :  0.005 0.989 0.007 
127 TMA-ZAIN-G-    (0)    1 :  0.004 0.990 0.006 
128 TMA-ZAIN-G-    (0)    1 :  0.005 0.988 0.006 
129 TMA-ZAIN-G-    (0)    1 :  0.005 0.987 0.008 
130 TMA-ZAIN-G-    (0)    1 :  0.005 0.989 0.006 
131 TMA-ZAIN-G-    (0)    1 :  0.005 0.989 0.006 
132 TMA-ZAIN-G-    (0)    1 :  0.004 0.988 0.007 
133 TMA-ZAIN-G-    (0)    1 :  0.006 0.988 0.006 
134 TMA-ZAIN-G-    (0)    1 :  0.005 0.988 0.007 
135 TMA-ZAIN-G-    (0)    1 :  0.005 0.987 0.008 
136 TMA-ZAIN-G-    (0)    1 :  0.005 0.985 0.010 
137 TMA-ZAIN-G-    (0)    1 :  0.006 0.988 0.007 
138 TMA-ZAIN-G-    (0)    1 :  0.004 0.987 0.009 
139 TMA-ZAIN-G-    (0)    1 :  0.005 0.987 0.008 
140 TMA-ZAIN-G-    (0)    1 :  0.006 0.987 0.007 
141 TMA-ZAIN-G-    (0)    1 :  0.006 0.988 0.006 
142 TMA-ZAIN-G-    (9)    1 :  0.005 0.988 0.007 
143 TMA-ZAIN-G-    (0)    1 :  0.005 0.988 0.007 
144 TMA-ZAIN-G-    (0)    1 :  0.006 0.987 0.007 
145 TMA-ZAIN-G-    (0)    1 :  0.004 0.990 0.007 
146 TMA-ZAIN-G-    (0)    1 :  0.005 0.981 0.014 
147 TMA-ZAIN-G-    (9)    1 :  0.004 0.988 0.008 
148 TMA-ZAIN-G-    (0)    1 :  0.005 0.978 0.018 
149 TMA-ZAIN-G-    (0)    1 :  0.006 0.986 0.008 
150 TMA-ZAIN-G-    (0)    1 :  0.006 0.976 0.018 
151 TMA-ZAIN-G-    (0)    1 :  0.005 0.989 0.007 
152 TMA-ZAIN-G-    (0)    1 :  0.006 0.987 0.007 
153 TMA-ZAIN-G-    (0)    1 :  0.004 0.988 0.008 
154 TMA-ZAIN-G-    (0)    1 :  0.005 0.990 0.006 
155 TMA-ZAIN-G-    (0)    1 :  0.005 0.988 0.007 
156 TMA-ZAIN-G-    (9)    1 :  0.008 0.983 0.009 
157 TMA-ZAIN-G-    (0)    1 :  0.007 0.986 0.008 
158 TMA-ZAIN-G-    (0)    1 :  0.006 0.983 0.011 
159 TMA-ZAIN-G-    (0)    1 :  0.005 0.979 0.016 
160 TMA-ZAIN-G-    (0)    1 :  0.004 0.988 0.008 
161 TMA-ZAIN-G-    (0)    1 :  0.004 0.988 0.008 
162 TMA-ZAIN-G-    (0)    1 :  0.005 0.988 0.007 
163 TMA-ZAIN-G-    (0)    1 :  0.004 0.990 0.006 
164 TMA-ZAIN-G-    (0)    1 :  0.006 0.988 0.007 
165 TMA-ZAIN-G-    (0)    1 :  0.005 0.988 0.007 
166 TMA-ZAIN-G-    (0)    1 :  0.004 0.989 0.007 
167 TMA-ZAIN-G-    (0)    1 :  0.006 0.986 0.007 
168 TMA-ZAIN-G-    (0)    1 :  0.007 0.983 0.010 
169 TMA-ZAIN-G-    (0)    1 :  0.004 0.986 0.010 
170 TMA-ZAIN-G-    (0)    1 :  0.014 0.978 0.008 
171 TMA-ZAIN-G-    (0)    1 :  0.004 0.987 0.009 
172 TMA-ZAIN-G-    (0)    1 :  0.008 0.986 0.007 
173 TMA-ZAIN-G-    (0)    1 :  0.008 0.985 0.007 
174 TMA-ZAIN-G-    (0)    1 :  0.004 0.988 0.008 
175 TMA-ZAIN-G-    (0)    1 :  0.006 0.977 0.018 
176 TMA-ZAIN-G-    (0)    1 :  0.005 0.979 0.016 
177 TMA-ZAIN-G-    (0)    1 :  0.008 0.941 0.051 
178 TMA-ZAIN-G-    (0)    1 :  0.014 0.977 0.009 
179 TMA-ZAIN-G-    (0)    1 :  0.007 0.976 0.017 
180 TMA-ZAIN-G-    (0)    1 :  0.005 0.988 0.007 
181 TMA-ZAIN-G-    (0)    1 :  0.006 0.983 0.011 
182 TMA-ZAIN-G-    (0)    1 :  0.008 0.984 0.009 
183 TMA-ZAIN-G-    (0)    1 :  0.006 0.986 0.008 
184 TMA-ZAIN-G-    (0)    1 :  0.006 0.985 0.009 
185 TMA-ZAIN-G-    (0)    1 :  0.006 0.984 0.010 
186 TMA-ZAIN-G-    (9)    1 :  0.007 0.985 0.008 
187 TMA-ZAIN-G-    (0)    1 :  0.007 0.984 0.009 
188 TMA-ZAIN-G-    (0)    1 :  0.004 0.988 0.008 
189 TMA-ZAIN-G-    (0)    1 :  0.004 0.988 0.008 
190 TMA-ZAIN-G-    (0)    1 :  0.011 0.972 0.018 
191 TMA-ZAIN-G-    (0)    1 :  0.005 0.984 0.011 
192 TMA-ZAIN-G-    (0)    1 :  0.007 0.984 0.008 
193 TMA-ZAIN-G-    (0)    1 :  0.010 0.980 0.010 
194 TMA-ZAIN-G-    (0)    1 :  0.011 0.980 0.009 
195 TMA-ZAIN-G-    (0)    1 :  0.012 0.959 0.029 
196 TMA-ZAIN-G-    (0)    1 :  0.010 0.980 0.009 
197 TMA-ZAIN-G-    (0)    1 :  0.007 0.985 0.008 
198 TMA-ZAIN-G-    (0)    1 :  0.009 0.981 0.010 
199 TMA-ZAIN-G-    (0)    1 :  0.006 0.987 0.007 
200 TMA-ZAIN-G-    (0)    1 :  0.989 0.007 0.004 
201 TMA-ZAIN-G-    (0)    1 :  0.961 0.035 0.005 
202 TMA-ZAIN-G-    (0)    1 :  0.981 0.013 0.005 
203 TMA-ZAIN-G-    (0)    1 :  0.016 0.974 0.011 
204 TMA-ZAIN-G-    (9)    1 :  0.926 0.048 0.026 
205 TMA-ZAIN-G-    (0)    1 :  0.665 0.329 0.006 
206 TMA-ZAIN-G-    (9)    1 :  0.941 0.050 0.008 
207 TMA-ZAIN-G-    (9)    1 :  0.008 0.985 0.007 
208 TMA-ZAIN-G-    (0)    1 :  0.004 0.990 0.006 
209 TMA-ZAIN-G-    (0)    1 :  0.004 0.988 0.008 
210 TMA-ZAIN-G-    (0)    1 :  0.006 0.986 0.008 
211 TMA-ZAIN-G-    (0)    1 :  0.009 0.984 0.007 
212 TMA-ZAIN-G-    (0)    1 :  0.007 0.985 0.007 
213 TMA-ZAIN-G-    (0)    1 :  0.005 0.988 0.007 
214 TMA-ZAIN-G-    (0)    1 :  0.005 0.988 0.007 
215 TMA-ZAIN-G-    (0)    1 :  0.032 0.963 0.005 
216 TMA-ZAIN-G-    (0)    1 :  0.006 0.988 0.006 
217 TMA-ZAIN-G-    (0)    1 :  0.004 0.988 0.008 
218 TMA-ZAIN-G-    (0)    1 :  0.808 0.172 0.020 
219 TMA-ZAIN-G-    (0)    1 :  0.772 0.221 0.008 
220 TMA-ZAIN-G-    (0)    1 :  0.750 0.244 0.006 
221 TMA-ZAIN-G-    (0)    1 :  0.603 0.383 0.014 
222 TMA-ZAIN-G-    (0)    1 :  0.746 0.248 0.006 
223 TMA-ZAIN-G-    (0)    1 :  0.958 0.038 0.004 
224 TMA-ZAIN-G-    (0)    1 :  0.483 0.512 0.004 
225 TMA-ZAIN-G-    (0)    1 :  0.978 0.018 0.004 
226 TMA-ZAIN-G-    (0)    1 :  0.769 0.227 0.004 
227 TMA-ZAIN-G-    (0)    1 :  0.955 0.040 0.005 
228 TMA-ZAIN-G-    (0)    1 :  0.631 0.363 0.006 
229 TMA-ZAIN-G-    (0)    1 :  0.971 0.022 0.007 
230 TMA-ZAIN-G-    (0)    1 :  0.324 0.667 0.009 
231 TMA-ZAIN-G-    (0)    1 :  0.726 0.269 0.005 
232 TMA-ZAIN-G-    (9)    1 :  0.867 0.126 0.008 
233 TMA-ZAIN-G-    (0)    1 :  0.497 0.496 0.006 
234 TMA-ZAIN-G-    (0)    1 :  0.973 0.020 0.007 
235 TMA-ZAIN-G-    (0)    1 :  0.848 0.136 0.016 
236 TMA-ZAIN-G-    (0)    1 :  0.907 0.088 0.005 
237 TMA-ZAIN-G-    (0)    1 :  0.410 0.583 0.006 
238 TMA-ZAIN-G-    (0)    1 :  0.636 0.358 0.005 
239 TMA-ZAIN-G-    (0)    1 :  0.599 0.387 0.014 
240 TMA-ZAIN-G-    (0)    1 :  0.980 0.014 0.006 
241 TMA-ZAIN-G-    (0)    1 :  0.943 0.047 0.010 
242 TMA-ZAIN-G-    (0)    1 :  0.957 0.035 0.008 
243 TMA-ZAIN-G-    (0)    1 :  0.930 0.056 0.013 
244 TMA-ZAIN-G-    (0)    1 :  0.914 0.075 0.011 
245 TMA-ZAIN-G-    (9)    1 :  0.978 0.017 0.005 
246 TMA-ZAIN-G-    (0)    1 :  0.986 0.009 0.005 
247 TMA-ZAIN-G-    (0)    1 :  0.971 0.021 0.008 
248 TMA-ZAIN-G-    (0)    1 :  0.972 0.022 0.007 
249 TMA-ZAIN-G-    (0)    1 :  0.984 0.010 0.005 
250 TMA-ZAIN-G-    (0)    1 :  0.979 0.014 0.007 
251 TMA-ZAIN-G-    (0)    1 :  0.018 0.975 0.007 
252 TMA-ZAIN-G-    (0)    1 :  0.007 0.973 0.020 
253 TMA-ZAIN-G-    (0)    1 :  0.008 0.985 0.008 
254 TMA-ZAIN-G-    (9)    1 :  0.008 0.986 0.006 
255 TMA-ZAIN-G-    (0)    1 :  0.117 0.874 0.009 
256 TMA-ZAIN-G-    (0)    1 :  0.010 0.982 0.008 
257 TMA-ZAIN-G-    (0)    1 :  0.010 0.983 0.007 
258 TMA-ZAIN-G-    (0)    1 :  0.008 0.985 0.007 
259 TMA-ZAIN-G-    (0)    1 :  0.021 0.971 0.008 
260 TMA-ZAIN-G-    (0)    1 :  0.015 0.974 0.011 
261 TMA-ZAIN-G-   (18)    1 :  0.015 0.977 0.008 
262 TMA-ZAIN-G-    (0)    1 :  0.011 0.982 0.007 
263 TMA-ZAIN-G-    (0)    1 :  0.018 0.975 0.008 
264 TMA-ZAIN-G-    (0)    1 :  0.015 0.977 0.008 
265 TMA-ZAIN-G-    (0)    1 :  0.030 0.961 0.008 
266 TMA-ZAIN-G-    (0)    1 :  0.009 0.984 0.007 
267 TMA-ZAIN-G-    (0)    1 :  0.440 0.551 0.009 
268 TMA-ZAIN-G-    (0)    1 :  0.977 0.019 0.004 
269 TMA-ZAIN-G-    (0)    1 :  0.926 0.070 0.004 
270 TMA-ZAIN-G-    (0)    1 :  0.917 0.079 0.004 
271 TMA-ZAIN-G-    (0)    1 :  0.973 0.023 0.004 
272 TMA-ZAIN-G-    (0)    1 :  0.939 0.057 0.004 
273 TMA-ZAIN-G-    (0)    1 :  0.981 0.016 0.003 
274 TMA-ZAIN-G-    (0)    1 :  0.956 0.035 0.009 
275 TMA-ZAIN-G-    (0)    1 :  0.983 0.014 0.003 
276 TMA-ZAIN-G-    (0)    1 :  0.977 0.019 0.004 
277 TMA-ZAIN-G-    (0)    1 :  0.979 0.015 0.006 
278 TMA-ZAIN-G-    (0)    1 :  0.977 0.019 0.004 
279 TMA-ZAIN-G-    (0)    1 :  0.971 0.025 0.004 
280 TMA-ZAIN-G-    (0)    1 :  0.967 0.028 0.004 
281 TMA-ZAIN-G-    (0)    1 :  0.973 0.023 0.004 
282 TMA-ZAIN-G-    (9)    1 :  0.987 0.009 0.004 
283 TMA-ZAIN-G-    (0)    1 :  0.971 0.025 0.004 
284 TMA-ZAIN-G-    (0)    1 :  0.960 0.035 0.005 
285 TMA-ZAIN-G-    (0)    1 :  0.966 0.027 0.007 
286 TMA-ZAIN-G-    (0)    1 :  0.988 0.008 0.004 
287 TMA-ZAIN-G-    (0)    1 :  0.978 0.015 0.007 
288 TMA-ZAIN-G-    (0)    1 :  0.911 0.080 0.009 
289 TMA-ZAIN-G-    (0)    1 :  0.958 0.033 0.009 
290 TMA-ZAIN-G-    (0)    1 :  0.974 0.021 0.005 
291 TMA-ZAIN-G-    (0)    1 :  0.951 0.034 0.014 
292 TMA-ZAIN-G-    (0)    1 :  0.010 0.984 0.006 
293 TMA-ZAIN-G-    (0)    1 :  0.006 0.989 0.005 
294 TMA-ZAIN-G-    (0)    1 :  0.006 0.974 0.020 
295 TMA-ZAIN-G-    (9)    1 :  0.009 0.973 0.017 
296 TMA-ZAIN-G-    (0)    1 :  0.008 0.986 0.006 
297 TMA-ZAIN-G-    (0)    1 :  0.006 0.988 0.006 
298 TMA-ZAIN-G-    (0)    1 :  0.008 0.985 0.007 
299 TMA-ZAIN-G-    (0)    1 :  0.006 0.986 0.007 
300 TMA-ZAIN-G-    (0)    1 :  0.006 0.970 0.024 
301 TMA-ZAIN-G-    (0)    1 :  0.006 0.986 0.008 
302 TMA-ZAIN-G-    (9)    1 :  0.005 0.987 0.008 
303 TMA-ZAIN-G-    (0)    1 :  0.612 0.340 0.048 
304 TMA-ZAIN-G-    (0)    2 :  0.009 0.982 0.008 
305 TMA-ZAIN-G-    (0)    2 :  0.005 0.989 0.006 
306 TMA-ZAIN-G-    (0)    2 :  0.016 0.977 0.007 
307 TMA-ZAIN-G-    (0)    2 :  0.007 0.984 0.009 
308 TMA-ZAIN-G-    (0)    2 :  0.094 0.897 0.009 
309 TMA-ZAIN-G-    (0)    2 :  0.005 0.988 0.007 
310 TMA-ZAIN-G-    (0)    2 :  0.007 0.986 0.006 
311 TMA-ZAIN-G-    (0)    2 :  0.009 0.985 0.006 
312 TMA-ZAIN-G-    (0)    2 :  0.011 0.982 0.006 
313 TMA-ZAIN-G-    (0)    2 :  0.006 0.983 0.011 
314 TMA-ZAIN-G-    (0)    2 :  0.831 0.165 0.005 
315 TMA-ZAIN-G-    (0)    2 :  0.288 0.707 0.005 
316 TMA-ZAIN-G-    (0)    2 :  0.371 0.624 0.005 
317 TMA-ZAIN-G-    (0)    2 :  0.658 0.337 0.005 
318 TMA-ZAIN-G-    (9)    2 :  0.967 0.027 0.006 
319 TMA-ZAIN-G-    (0)    3 :  0.513 0.482 0.005 
320 TMA-ZAIN-G-    (0)    3 :  0.085 0.909 0.006 
321 TMA-ZAIN-G-    (0)    4 :  0.118 0.874 0.009 
322 TMA-ZAIN-G-    (0)    4 :  0.138 0.856 0.006 
323 TMA-ZAIN-G-    (0)    5 :  0.540 0.454 0.007 
324 TMA-ZAIN-G-    (0)    5 :  0.009 0.984 0.007 
325 TMA-ZAIN-G-    (0)    5 :  0.749 0.239 0.012 
326 TMA-ZAIN-G-    (0)    5 :  0.316 0.660 0.024 
327 TMA-ZAIN-G-    (0)    5 :  0.007 0.985 0.008 
328 TMA-ZAIN-G-    (0)    5 :  0.358 0.633 0.008 
329 TMA-ZAIN-G-    (0)    5 :  0.006 0.988 0.007 
330 TMA-ZAIN-G-    (0)    6 :  0.004 0.989 0.007 
331 TMA-ZAIN-G-    (0)    6 :  0.151 0.794 0.055 
332 TMA-ZAIN-G-    (0)    6 :  0.006 0.986 0.008 
333 TMA-ZAIN-G-    (0)    6 :  0.009 0.983 0.009 
334 TMA-ZAIN-G-    (0)    6 :  0.976 0.020 0.004 
335 TMA-ZAIN-G-    (0)    6 :  0.943 0.054 0.003 
336 TMA-ZAIN-G-    (0)    6 :  0.876 0.120 0.004 
337 TMA-ZAIN-G-    (9)    6 :  0.963 0.032 0.004 
338 TMA-ZAIN-G-    (0)    6 :  0.989 0.008 0.003 
339 TMA-ZAIN-G-    (0)    6 :  0.992 0.005 0.003 
340 TMA-ZAIN-G-    (0)    6 :  0.961 0.036 0.003 
341 TMA-ZAIN-G-    (0)    6 :  0.953 0.044 0.003 
342 TMA-ZAIN-G-    (0)    6 :  0.944 0.053 0.003 
343 TMA-ZAIN-G-    (0)    7 :  0.983 0.014 0.003 
344 TMA-ZAIN-G-    (0)    7 :  0.967 0.029 0.004 
345 TMA-ZAIN-G-    (0)    7 :  0.990 0.007 0.003 
346 TMA-ZAIN-G-    (0)    7 :  0.967 0.030 0.003 
347 TMA-ZAIN-G-    (9)    7 :  0.979 0.017 0.003 
348 TMA-ZAIN-G-    (0)    7 :  0.961 0.035 0.004 
349 TMA-ZAIN-G-    (0)    7 :  0.984 0.011 0.005 
350 TMA-ZAIN-G-    (0)    7 :  0.901 0.095 0.004 
351 TMA-ZAIN-G-    (0)    7 :  0.974 0.022 0.004 
352 TMA-ZAIN-G-    (0)    7 :  0.922 0.074 0.004 
353 TMA-ZAIN-G-    (0)    7 :  0.959 0.036 0.005 
354 TMA-ZAIN-G-    (0)    7 :  0.975 0.021 0.004 
355 TMA-ZAIN-G-    (0)    7 :  0.919 0.077 0.004 
356 TMA-ZAIN-G-    (0)    8 :  0.004 0.991 0.006 
357 TMA-ZAIN-G-    (0)    8 :  0.006 0.988 0.006 
358 TMA-ZAIN-G-    (0)    8 :  0.008 0.974 0.019 
359 TMA-ZAIN-G-    (0)    8 :  0.012 0.983 0.005 
360 TMA-ZAIN-G-    (0)    8 :  0.004 0.989 0.007 
361 TMA-ZAIN-G-    (0)    8 :  0.031 0.894 0.075 
362 TMA-ZAIN-G-    (0)    8 :  0.008 0.986 0.006 
363 TMA-ZAIN-G-    (0)    9 :  0.008 0.986 0.006 
364 TMA-ZAIN-G-    (0)    9 :  0.674 0.322 0.005 
365 TMA-ZAIN-G-    (0)    9 :  0.129 0.865 0.007 
366 TMA-ZAIN-G-    (0)    9 :  0.008 0.966 0.026 
367 TMA-ZAIN-G-    (0)    9 :  0.012 0.981 0.007 
368 TMA-ZAIN-G-    (0)    9 :  0.006 0.967 0.027 
369 TMA-ZAIN-G-    (0)    9 :  0.004 0.989 0.007 
370 TMA-ZAIN-G-    (0)    9 :  0.036 0.861 0.103 
371 TMA-ZAIN-G-    (0)    9 :  0.005 0.987 0.008 
372 TMA-ZAIN-G-    (0)    9 :  0.004 0.985 0.011 
373 TMA-ZAIN-G-    (0)    9 :  0.012 0.980 0.008 
374 TMA-ZAIN-G-    (0)   10 :  0.093 0.900 0.008 
375 TMA-ZAIN-G-    (0)   10 :  0.049 0.946 0.005 
376 TMA-ZAIN-G-    (9)   10 :  0.005 0.989 0.006 
377 TMA-ZAIN-G-    (0)   10 :  0.004 0.988 0.008 
378 TMA-ZAIN-G-    (0)   10 :  0.004 0.989 0.007 
379 TMA-ZAIN-G-    (0)   10 :  0.004 0.989 0.007 
380 TMA-ZAIN-G-    (0)   10 :  0.004 0.980 0.016 
381 TMA-ZAIN-G-    (9)   10 :  0.312 0.645 0.044 
382 TMA-ZAIN-G-    (9)   10 :  0.935 0.059 0.006 
383    ZFB01    (0)   11 :  0.863 0.127 0.011 
384    ZFB02    (0)   11 :  0.981 0.013 0.006 
385    ZFB03    (0)   11 :  0.966 0.016 0.018 
386    ZFB04    (0)   11 :  0.981 0.014 0.006 
387    ZFB05    (0)   11 :  0.981 0.013 0.006 
388    ZFB06    (0)   11 :  0.981 0.013 0.006 
389    ZFB07    (9)   11 :  0.972 0.010 0.018 
390    ZFB08    (0)   11 :  0.973 0.011 0.016 
391    ZFB09    (0)   11 :  0.971 0.021 0.008 
392    ZFB10    (0)   11 :  0.935 0.044 0.021 
393    ZFB11    (0)   11 :  0.728 0.262 0.010 
394    ZFB12    (0)   11 :  0.907 0.081 0.012 
395    ZFB13    (0)   11 :  0.978 0.007 0.015 
396    ZFB14    (0)   11 :  0.963 0.023 0.014 
397    ZFB15    (0)   11 :  0.980 0.015 0.005 
398    ZFB16    (0)   11 :  0.985 0.008 0.007 
399    ZFB17    (0)   11 :  0.976 0.017 0.007 
400    ZFB18    (0)   11 :  0.945 0.045 0.011 
401    ZFB19    (0)   11 :  0.948 0.011 0.041 
402    ZFB20    (0)   11 :  0.976 0.018 0.006 
403    ZFB21    (0)   11 :  0.981 0.014 0.006 
404    ZFB22    (0)   11 :  0.942 0.051 0.008 
405    ZFB23    (0)   11 :  0.932 0.047 0.020 
406    ZFB24    (0)   11 :  0.828 0.162 0.010 
407    ZFB25    (0)   11 :  0.881 0.079 0.040 
408    ZFB26    (0)   11 :  0.926 0.049 0.025 
409    ZFB27    (0)   11 :  0.862 0.128 0.010 
410    ZFB28    (0)   11 :  0.966 0.022 0.012 
411    ZFB29    (0)   11 :  0.934 0.059 0.007 
412    ZFB30    (0)   11 :  0.951 0.037 0.012 
413    ZFB31    (0)   11 :  0.950 0.019 0.031 
414    ZFB32    (0)   11 :  0.946 0.023 0.031 
415    ZFB33    (0)   11 :  0.961 0.033 0.006 
416    ZFB34    (0)   11 :  0.973 0.015 0.012 
417    ZFB35    (0)   11 :  0.967 0.019 0.013 
418  ZFBP101    (0)   12 :  0.011 0.009 0.980 
419  ZFBP102    (0)   12 :  0.012 0.010 0.978 
420  ZFBP103    (0)   12 :  0.008 0.008 0.984 
421  ZFBP104    (0)   12 :  0.096 0.007 0.897 
422  ZFBP105    (0)   12 :  0.014 0.008 0.978 
423  ZFBP106    (0)   12 :  0.006 0.007 0.987 
424  ZFBP107    (0)   12 :  0.020 0.009 0.971 
425  ZFBP108    (0)   12 :  0.005 0.008 0.987 
426  ZFBP109    (0)   12 :  0.007 0.041 0.953 
427  ZFBP110    (0)   12 :  0.016 0.014 0.970 
428  ZFBP111    (0)   12 :  0.004 0.007 0.988 
429  ZFBP112    (0)   12 :  0.009 0.009 0.982 
430  ZFBP113    (0)   12 :  0.008 0.009 0.983 
431  ZFBP114    (0)   12 :  0.008 0.010 0.982 
432  ZFBP115    (0)   12 :  0.005 0.007 0.988 
433  ZFBP116    (0)   12 :  0.006 0.007 0.986 
434  ZFBP117    (0)   12 :  0.004 0.007 0.988 
435  ZFBP118    (0)   12 :  0.006 0.010 0.983 
436  ZFBP119    (0)   12 :  0.005 0.007 0.989 
437  ZFBP120    (0)   12 :  0.011 0.008 0.981 
438  ZFBP121    (0)   12 :  0.008 0.010 0.982 
439  ZFBP122    (9)   12 :  0.006 0.009 0.985 
440  ZFBP123    (0)   12 :  0.008 0.008 0.985 
441  ZFBP124    (0)   12 :  0.010 0.009 0.982 
442  ZFBP125    (0)   12 :  0.004 0.007 0.989 
443  ZFBP126    (0)   12 :  0.011 0.011 0.978 
444  ZFBP127    (0)   12 :  0.005 0.017 0.978 
445  ZFBP128    (0)   12 :  0.006 0.008 0.986 
446  ZFBP129    (0)   12 :  0.006 0.009 0.986 
447  ZFBP130    (0)   12 :  0.004 0.007 0.988 
448  ZFBP131    (0)   12 :  0.007 0.014 0.980 
449  ZFBP132    (0)   12 :  0.005 0.011 0.984 
450  ZFBP133    (0)   12 :  0.004 0.008 0.987 
451  ZFBP134    (0)   12 :  0.007 0.008 0.985 
452  ZFBP135    (0)   12 :  0.013 0.009 0.978 
453  ZFBP136    (0)   12 :  0.009 0.006 0.985 
454  ZFBP201    (0)   13 :  0.010 0.012 0.979 
455  ZFBP202    (0)   13 :  0.007 0.009 0.984 
456  ZFBP203    (0)   13 :  0.033 0.010 0.956 
457  ZFBP204    (0)   13 :  0.008 0.007 0.986 
458  ZFBP205    (0)   13 :  0.006 0.008 0.986 
459  ZFBP206    (0)   13 :  0.009 0.008 0.983 
460  ZFBP207    (0)   13 :  0.005 0.006 0.990 
461  ZFBP208    (0)   13 :  0.011 0.011 0.978 
462  ZFBP209    (0)   13 :  0.004 0.018 0.978 
463  ZFBP210    (0)   13 :  0.009 0.012 0.979 
464  ZFBP211    (0)   13 :  0.006 0.010 0.984 
465  ZFBP212    (0)   13 :  0.006 0.010 0.984 
466  ZFBP213    (0)   13 :  0.009 0.008 0.983 
467  ZFBP214    (0)   13 :  0.008 0.009 0.984 
468  ZFBP215    (0)   13 :  0.006 0.010 0.984 
469  ZFBP216    (0)   13 :  0.014 0.012 0.974 
470  ZFBP217    (0)   13 :  0.005 0.010 0.985 
471  ZFBP218    (0)   13 :  0.005 0.007 0.987 
472  ZFBP219    (0)   13 :  0.007 0.008 0.985 
473  ZFBP220    (0)   13 :  0.005 0.008 0.987 
474  ZFBP221    (0)   13 :  0.008 0.007 0.986 
475  ZFBP222    (0)   13 :  0.010 0.010 0.981 
476  ZFBP223    (0)   13 :  0.008 0.010 0.982 
477  ZFBP224    (0)   13 :  0.008 0.010 0.983 
478  ZFBP225    (0)   13 :  0.006 0.007 0.987 
479  ZFBP226    (0)   13 :  0.008 0.010 0.982 
480  ZFBP227    (0)   13 :  0.118 0.008 0.874 
481  ZFBP228    (0)   13 :  0.006 0.008 0.986 
482  ZFBP229    (0)   13 :  0.005 0.008 0.987 
483  ZFBP230    (0)   13 :  0.007 0.008 0.985 
484  ZFBP231    (0)   13 :  0.008 0.009 0.983 
485  ZFBP232    (0)   13 :  0.005 0.009 0.986 
486  ZFBP233    (0)   13 :  0.008 0.015 0.977 
487   ZFCC01    (0)   14 :  0.530 0.021 0.449 
488   ZFCC03    (0)   14 :  0.025 0.009 0.967 
489   ZFCC04    (0)   14 :  0.285 0.008 0.706 
490   ZFCC05    (0)   14 :  0.243 0.009 0.748 
491   ZFCC08    (0)   14 :  0.009 0.006 0.985 
492   ZFCC09    (0)   14 :  0.122 0.008 0.870 
493   ZFCC10    (0)   14 :  0.576 0.013 0.412 
494   ZFCC11    (0)   14 :  0.257 0.014 0.729 
495   ZFCC12    (0)   14 :  0.530 0.011 0.459 
496   ZFCC13    (0)   14 :  0.029 0.009 0.962 
497   ZFCC14    (0)   14 :  0.451 0.012 0.537 
498   ZFCC15    (0)   14 :  0.190 0.008 0.802 
499   ZFCC16    (0)   14 :  0.368 0.010 0.622 
500   ZFCC17    (0)   14 :  0.466 0.012 0.522 
501   ZFCC18    (0)   14 :  0.112 0.008 0.880 
502   ZFCC19    (0)   14 :  0.592 0.015 0.393 
503   ZFCC20    (0)   14 :  0.086 0.009 0.904 
504   ZFCC21    (0)   14 :  0.071 0.007 0.922 
505   ZFCC22    (0)   14 :  0.009 0.006 0.985 
506   ZFCC26    (0)   14 :  0.244 0.009 0.747 
507   ZFCC27    (0)   14 :  0.204 0.015 0.780 
508   ZFCC29    (0)   14 :  0.408 0.008 0.585 
509   ZFCC30    (0)   14 :  0.157 0.014 0.829 
510   ZFCC32    (0)   14 :  0.267 0.008 0.726 
511   ZFCC33    (0)   14 :  0.462 0.008 0.530 
512   ZFCC34    (0)   14 :  0.170 0.008 0.822 
513   ZFCC35    (0)   14 :  0.211 0.011 0.778 
514   ZFCC36    (0)   14 :  0.199 0.008 0.793 
515   ZFCC37    (0)   14 :  0.535 0.009 0.456 
516   ZFCC40    (0)   14 :  0.556 0.018 0.425 
517   ZFCC42    (0)   14 :  0.702 0.013 0.285 
518   ZFCC44    (0)   14 :  0.041 0.012 0.947 
519   ZFCC45    (9)   14 :  0.572 0.014 0.414 
520   ZFCC46    (0)   14 :  0.022 0.006 0.972 
521   ZFCC47    (0)   14 :  0.296 0.007 0.698 
522   ZFCC48    (0)   14 :  0.043 0.007 0.950 
523   ZFCC50    (0)   14 :  0.359 0.012 0.629 
524   ZFCC51    (0)   14 :  0.079 0.008 0.913 
525   ZFCC52    (0)   14 :  0.283 0.009 0.708 
526   ZFCC53    (0)   14 :  0.321 0.012 0.667 
527  ZFCNS01    (0)   15 :  0.010 0.006 0.983 
528  ZFCNS02    (0)   15 :  0.006 0.005 0.989 
529  ZFCNS05    (0)   15 :  0.007 0.006 0.987 
530  ZFCNS06    (0)   15 :  0.006 0.006 0.988 
531  ZFCNS07    (0)   15 :  0.006 0.006 0.988 
532  ZFCNS10    (0)   15 :  0.005 0.006 0.989 
533  ZFCNS11    (0)   15 :  0.007 0.006 0.987 
534  ZFCNS15    (0)   15 :  0.006 0.007 0.987 
535  ZFCNS17    (0)   15 :  0.006 0.006 0.988 
536  ZFCNS18    (0)   15 :  0.005 0.006 0.989 
537  ZFCNS19    (0)   15 :  0.006 0.006 0.988 
538  ZFCNS20    (0)   15 :  0.006 0.007 0.987 
539  ZFCNS21    (0)   15 :  0.006 0.006 0.988 
540  ZFCNS22    (0)   15 :  0.007 0.007 0.986 
541  ZFCNS23    (0)   15 :  0.008 0.006 0.986 
542  ZFCNS24    (0)   15 :  0.006 0.006 0.988 
543  ZFCNS25    (0)   15 :  0.005 0.006 0.988 
544  ZFCNS26    (0)   15 :  0.007 0.006 0.988 
545  ZFCNS27    (0)   15 :  0.006 0.006 0.987 
546  ZFCNS28    (0)   15 :  0.007 0.007 0.987 
547  ZFCNS29    (0)   15 :  0.006 0.007 0.987 
548  ZFCNS30    (0)   15 :  0.007 0.007 0.987 
549  ZFCNS31    (0)   15 :  0.006 0.006 0.987 
550  ZFCNS32    (0)   15 :  0.007 0.005 0.988 
551  ZFCNS33    (0)   15 :  0.006 0.006 0.988 
552  ZFCNS34    (0)   15 :  0.007 0.006 0.988 
553  ZFCNS35    (0)   15 :  0.008 0.007 0.985 
554  ZFCNS36    (0)   15 :  0.006 0.006 0.989 
555  ZFCNS37    (0)   15 :  0.007 0.007 0.986 
556  ZFCNS39    (0)   15 :  0.005 0.006 0.989 
557  ZFCNS40    (0)   15 :  0.005 0.006 0.989 
558  ZFCNS41    (0)   15 :  0.011 0.008 0.981 
559  ZFCNS42    (0)   15 :  0.006 0.006 0.988 
560  ZFCNS43    (0)   15 :  0.006 0.006 0.988 
561  ZFCNS44    (0)   15 :  0.005 0.006 0.989 
562  ZFCNS45    (0)   15 :  0.006 0.006 0.988 
563  ZFCNS46    (0)   15 :  0.006 0.007 0.987 
564  ZFCNS47    (0)   15 :  0.006 0.006 0.988 
565  ZFCNS48    (0)   15 :  0.006 0.006 0.988 
566  ZFCNS49    (0)   15 :  0.006 0.006 0.988 
567   ZFCR01    (0)   16 :  0.898 0.048 0.053 
568   ZFCR02    (0)   16 :  0.894 0.028 0.077 
569   ZFCR03    (0)   16 :  0.933 0.008 0.059 
570   ZFCR04    (0)   16 :  0.946 0.014 0.040 
571   ZFCR05    (0)   16 :  0.976 0.009 0.014 
572   ZFCR06    (0)   16 :  0.545 0.020 0.435 
573   ZFCR07    (0)   16 :  0.684 0.008 0.308 
574   ZFCR08    (0)   16 :  0.843 0.026 0.131 
575   ZFCR09    (0)   16 :  0.845 0.013 0.142 
576   ZFCR11    (0)   16 :  0.790 0.014 0.196 
577   ZFCR12    (0)   16 :  0.514 0.007 0.479 
578   ZFCR13    (0)   16 :  0.651 0.022 0.327 
579   ZFCR14    (0)   16 :  0.896 0.015 0.089 
580   ZFCR15    (0)   16 :  0.931 0.006 0.063 
581   ZFCR16    (0)   16 :  0.733 0.192 0.075 
582   ZFCR18    (0)   16 :  0.971 0.016 0.013 
583   ZFCR19    (0)   16 :  0.761 0.012 0.227 
584   ZFCR20    (0)   16 :  0.883 0.011 0.106 
585   ZFCR21    (0)   16 :  0.927 0.005 0.068 
586   ZFCR22    (0)   16 :  0.892 0.007 0.102 
587   ZFCR23    (0)   16 :  0.891 0.046 0.062 
588   ZFCR24    (9)   16 :  0.478 0.015 0.507 
589   ZFCR25    (0)   16 :  0.971 0.005 0.024 
590   ZFCR26    (0)   16 :  0.812 0.006 0.182 
591   ZFCR27    (9)   16 :  0.984 0.010 0.007 
592   ZFCR28    (0)   16 :  0.410 0.012 0.577 
593   ZFCR29    (0)   16 :  0.971 0.006 0.023 
594   ZFCR30    (0)   16 :  0.887 0.008 0.105 
595   ZFCR31    (0)   16 :  0.673 0.016 0.311 
596   ZFCR33    (0)   16 :  0.857 0.013 0.130 
597   ZFCR34    (0)   16 :  0.715 0.018 0.267 
598   ZFCR35    (0)   16 :  0.982 0.005 0.013 
599   ZFCR36    (0)   16 :  0.948 0.014 0.038 
600   ZFCR37    (0)   16 :  0.963 0.008 0.029 
601   ZFCR38    (0)   16 :  0.919 0.011 0.071 
602   ZFCR39    (0)   16 :  0.866 0.038 0.096 
603   ZFCR40    (0)   16 :  0.936 0.012 0.053 
604   ZFCR41    (0)   16 :  0.498 0.008 0.494 
605   ZFCR42    (0)   16 :  0.562 0.013 0.426 
606   ZFCR43    (0)   16 :  0.743 0.074 0.183 
607  ZFENP25    (0)   17 :  0.950 0.023 0.026 
608  ZFENP26    (0)   17 :  0.972 0.014 0.014 
609  ZFENP27    (0)   17 :  0.609 0.015 0.376 
610  ZFENP28    (0)   17 :  0.968 0.007 0.025 
611  ZFENP29    (0)   17 :  0.977 0.005 0.018 
612  ZFENP30    (0)   17 :  0.957 0.006 0.038 
613  ZFENP31    (0)   17 :  0.961 0.009 0.030 
614  ZFENP32    (0)   17 :  0.957 0.007 0.036 
615  ZFENP33    (0)   17 :  0.976 0.005 0.019 
616  ZFENP34    (0)   17 :  0.979 0.008 0.013 
617  ZFENP35    (0)   17 :  0.962 0.010 0.028 
618  ZFENP36    (0)   17 :  0.986 0.005 0.008 
619  ZFENP37    (0)   17 :  0.976 0.006 0.017 
620  ZFENP38    (0)   17 :  0.879 0.006 0.115 
621  ZFENP39    (0)   17 :  0.979 0.006 0.015 
622  ZFENP40    (0)   17 :  0.977 0.010 0.013 
623  ZFENP41    (0)   17 :  0.963 0.009 0.029 
624  ZFENP42    (0)   17 :  0.970 0.013 0.017 
625  ZFENP43    (0)   17 :  0.710 0.015 0.275 
626  ZFENP44    (0)   17 :  0.957 0.010 0.033 
627  ZFENP45    (0)   17 :  0.397 0.009 0.594 
628  ZFENP46    (0)   17 :  0.955 0.007 0.039 
629  ZFENP47    (0)   17 :  0.901 0.024 0.075 
630  ZFENP48    (0)   17 :  0.955 0.006 0.040 
631  ZFENP49    (0)   17 :  0.911 0.005 0.085 
632  ZFENP50    (0)   17 :  0.811 0.143 0.046 
633  ZFENP51    (0)   17 :  0.970 0.008 0.022 
634  ZFENP52    (0)   17 :  0.820 0.039 0.141 
635  ZFENP53    (0)   17 :  0.830 0.072 0.097 
636  ZFENP54    (0)   17 :  0.754 0.025 0.221 
637  ZFENP55    (0)   17 :  0.981 0.006 0.013 
638  ZFENP56    (0)   17 :  0.927 0.025 0.049 
639  ZFENP57    (0)   17 :  0.978 0.007 0.015 
640  ZFENP58    (0)   17 :  0.746 0.094 0.159 
641  ZFENP59    (0)   17 :  0.966 0.005 0.029 
642  ZFENP60    (0)   17 :  0.976 0.009 0.015 
643  ZFENP61    (0)   17 :  0.984 0.005 0.011 
644 ZFFDSP01    (0)   18 :  0.007 0.007 0.985 
645 ZFFDSP02    (0)   18 :  0.005 0.008 0.987 
646 ZFFDSP04    (0)   18 :  0.008 0.008 0.985 
647 ZFFDSP05    (0)   18 :  0.008 0.008 0.984 
648 ZFFDSP06    (0)   18 :  0.005 0.006 0.988 
649 ZFFDSP07    (0)   18 :  0.007 0.006 0.987 
650 ZFFDSP08    (0)   18 :  0.006 0.006 0.988 
651 ZFFDSP10    (0)   18 :  0.006 0.007 0.987 
652 ZFFDSP11    (0)   18 :  0.009 0.009 0.982 
653 ZFFDSP12    (0)   18 :  0.005 0.010 0.985 
654 ZFFDSP13    (0)   18 :  0.010 0.008 0.983 
655 ZFFDSP14    (0)   18 :  0.006 0.007 0.987 
656 ZFFDSP16    (0)   18 :  0.008 0.014 0.979 
657 ZFFDSP17    (0)   18 :  0.006 0.009 0.985 
658 ZFFDSP18    (0)   18 :  0.007 0.009 0.984 
659 ZFFDSP19    (0)   18 :  0.006 0.008 0.986 
660 ZFFDSP21    (0)   18 :  0.005 0.007 0.988 
661 ZFFDSP22    (0)   18 :  0.004 0.008 0.988 
662 ZFFDSP23    (0)   18 :  0.004 0.006 0.990 
663 ZFFDSP24    (0)   18 :  0.006 0.007 0.987 
664 ZFFDSP26    (9)   18 :  0.006 0.007 0.986 
665 ZFFDSP27    (0)   18 :  0.007 0.008 0.986 
666 ZFFDSP28    (0)   18 :  0.037 0.008 0.955 
667 ZFFDSP30    (0)   18 :  0.014 0.008 0.978 
668 ZFFDSP31    (0)   18 :  0.005 0.005 0.989 
669 ZFFDSP32    (0)   18 :  0.006 0.009 0.986 
670 ZFFDSP33    (0)   18 :  0.005 0.010 0.985 
671 ZFFDSP34    (0)   18 :  0.005 0.006 0.989 
672 ZFFDSP35    (0)   18 :  0.006 0.007 0.987 
673 ZFFDSP37    (0)   18 :  0.006 0.009 0.986 
674 ZFFDSP38    (0)   18 :  0.005 0.007 0.988 
675 ZFFDSP39    (0)   18 :  0.005 0.007 0.988 
676 ZFFDSP40    (0)   18 :  0.007 0.008 0.985 
677 ZFFDSP42    (0)   18 :  0.005 0.007 0.989 
678 ZFFDSP43    (0)   18 :  0.005 0.006 0.989 
679 ZFFDSP44    (0)   18 :  0.007 0.008 0.985 
680 ZFFDSP45    (0)   18 :  0.006 0.009 0.986 
681 ZFFDSP46    (0)   18 :  0.005 0.007 0.987 
682 ZFFDSP47    (0)   18 :  0.005 0.006 0.988 
683 ZFFDSP48    (0)   18 :  0.006 0.007 0.988 
684    ZFI01    (0)   19 :  0.980 0.004 0.016 
685    ZFI02    (0)   19 :  0.969 0.005 0.025 
686    ZFI03    (0)   19 :  0.980 0.006 0.014 
687    ZFI04    (0)   19 :  0.985 0.005 0.011 
688    ZFI05    (0)   19 :  0.965 0.005 0.031 
689    ZFI06    (0)   19 :  0.926 0.006 0.068 
690    ZFI07    (0)   19 :  0.985 0.006 0.009 
691    ZFI08    (0)   19 :  0.987 0.004 0.009 
692    ZFI09    (0)   19 :  0.985 0.004 0.012 
693    ZFI10    (0)   19 :  0.914 0.009 0.076 
694    ZFI11    (0)   19 :  0.986 0.005 0.009 
695    ZFI12    (0)   19 :  0.968 0.005 0.027 
696    ZFI13    (0)   19 :  0.983 0.005 0.011 
697    ZFI14    (0)   19 :  0.952 0.011 0.038 
698    ZFI15    (0)   19 :  0.982 0.007 0.012 
699    ZFI16    (0)   19 :  0.983 0.005 0.011 
700    ZFI17    (0)   19 :  0.983 0.006 0.012 
701    ZFI18    (0)   19 :  0.986 0.007 0.007 
702    ZFI19    (9)   19 :  0.987 0.006 0.007 
703    ZFI20    (0)   19 :  0.979 0.004 0.017 
704    ZFI21    (0)   19 :  0.925 0.008 0.066 
705    ZFI22    (0)   19 :  0.973 0.010 0.016 
706    ZFI23    (0)   19 :  0.983 0.006 0.011 
707    ZFI24    (0)   19 :  0.972 0.005 0.023 
708    ZFI25    (0)   19 :  0.971 0.007 0.022 
709    ZFI26    (0)   19 :  0.986 0.004 0.009 
710    ZFI27    (0)   19 :  0.957 0.004 0.038 
711    ZFK01    (0)   19 :  0.340 0.007 0.653 
712    ZFK02    (0)   20 :  0.401 0.005 0.594 
713    ZFK03    (0)   20 :  0.511 0.006 0.483 
714    ZFK04    (0)   20 :  0.778 0.010 0.212 
715    ZFK05    (0)   20 :  0.852 0.017 0.131 
716    ZFK06    (0)   20 :  0.895 0.006 0.099 
717    ZFK07    (0)   20 :  0.255 0.007 0.737 
718    ZFK08    (0)   20 :  0.951 0.005 0.045 
719    ZFK10    (0)   20 :  0.689 0.008 0.303 
720    ZFK11    (0)   20 :  0.862 0.006 0.132 
721    ZFK12    (0)   20 :  0.300 0.007 0.694 
722    ZFK13    (0)   20 :  0.093 0.009 0.898 
723    ZFK14    (0)   20 :  0.082 0.008 0.909 
724    ZFK15    (0)   20 :  0.522 0.007 0.471 
725    ZFK16    (0)   20 :  0.037 0.008 0.954 
726   ZFLB01    (0)   21 :  0.972 0.008 0.019 
727   ZFLB02    (0)   21 :  0.982 0.010 0.008 
728   ZFLB03    (0)   21 :  0.957 0.007 0.036 
729   ZFLB04    (0)   21 :  0.785 0.007 0.208 
730   ZFLB05    (0)   21 :  0.979 0.008 0.014 
731   ZFLB06    (0)   21 :  0.972 0.007 0.020 
732   ZFLB07    (0)   21 :  0.813 0.005 0.182 
733   ZFLB08    (0)   21 :  0.987 0.006 0.007 
734   ZFLB09    (9)   21 :  0.982 0.007 0.011 
735   ZFLB10    (0)   21 :  0.979 0.007 0.014 
736   ZFLB11    (0)   21 :  0.965 0.011 0.024 
737   ZFLB12    (0)   21 :  0.988 0.005 0.006 
738   ZFLB13    (0)   21 :  0.975 0.006 0.019 
739  ZFLTI01    (0)   22 :  0.005 0.007 0.988 
740  ZFLTI02    (0)   22 :  0.005 0.006 0.989 
741  ZFLTI03    (0)   22 :  0.005 0.006 0.989 
742  ZFLTI04    (0)   22 :  0.009 0.007 0.984 
743  ZFLTI05    (0)   22 :  0.005 0.006 0.989 
744  ZFLTI06    (0)   22 :  0.006 0.008 0.986 
745  ZFLTI07    (0)   22 :  0.007 0.008 0.985 
746  ZFLTI08    (0)   22 :  0.007 0.007 0.985 
747  ZFLTI09    (0)   22 :  0.007 0.007 0.985 
748  ZFLTI10    (0)   22 :  0.006 0.007 0.987 
749  ZFLTI11    (0)   22 :  0.005 0.007 0.988 
750  ZFLTI12    (0)   22 :  0.005 0.007 0.988 
751  ZFLTI13    (0)   22 :  0.006 0.007 0.988 
752  ZFLTI14    (0)   22 :  0.006 0.006 0.989 
753 ZFONF101    (0)   23 :  0.005 0.008 0.987 
754 ZFONF102    (0)   23 :  0.009 0.007 0.984 
755 ZFONF103    (0)   23 :  0.006 0.007 0.987 
756 ZFONF104    (0)   23 :  0.004 0.007 0.990 
757 ZFONF105    (0)   23 :  0.004 0.007 0.989 
758 ZFONF106    (0)   23 :  0.005 0.006 0.988 
759 ZFONF107    (0)   23 :  0.060 0.010 0.930 
