

----------------------------------------------------
STRUCTURE by Pritchard, Stephens and Donnelly (2000)
     and Falush, Stephens and Pritchard (2003)
       Code by Pritchard, Falush and Hubisz
             Version 2.3.4 (Jul 2012)
----------------------------------------------------



Command line arguments:   bin\structure -m C:\Users\eschumacher\Documents\GitHub\GCC_QUAC_ZAIN\Data_Files\Structure_Files\ZAIN\ZAIN_og_allpop_STR\50-50\mainparams -e C:\Users\eschumacher\Documents\GitHub\GCC_QUAC_ZAIN\Data_Files\Structure_Files\ZAIN\ZAIN_og_allpop_STR\50-50\extraparams 
Input File:    C:\Users\eschumacher\Documents\GitHub\GCC_QUAC_ZAIN\Data_Files\Structure_Files\ZAIN\ZAIN_og_allpop_STR\project_data

Run parameters:
   1135 individuals
   11 loci
   4 populations assumed
   50000 Burn-in period
   50000 Reps


--------------------------------------------
Proportion of membership of each pre-defined
 population in each of the 4 clusters

Given    Inferred Clusters              Number of
 Pop       1      2      3      4      Individuals

  1:     0.011  0.603  0.012  0.374      303
  2:     0.009  0.672  0.013  0.306       15
  3:     0.004  0.450  0.075  0.470        2
  4:     0.006  0.722  0.036  0.235        2
  5:     0.018  0.578  0.026  0.378        7
  6:     0.007  0.284  0.016  0.693       13
  7:     0.003  0.005  0.005  0.988       13
  8:     0.015  0.959  0.011  0.015        7
  9:     0.015  0.857  0.010  0.118       11
 10:     0.016  0.743  0.032  0.209        9
 11:     0.010  0.078  0.847  0.065       35
 12:     0.978  0.007  0.009  0.006       36
 13:     0.978  0.007  0.010  0.006       33
 14:     0.506  0.011  0.466  0.017       40
 15:     0.986  0.004  0.006  0.004       40
 16:     0.073  0.020  0.893  0.013       40
 17:     0.039  0.019  0.898  0.044       37
 18:     0.983  0.006  0.008  0.004       40
 19:     0.027  0.004  0.954  0.014       28
 20:     0.279  0.005  0.700  0.016       14
 21:     0.029  0.005  0.897  0.069       13
 22:     0.987  0.005  0.005  0.003       14
 23:     0.981  0.005  0.008  0.006       25
 24:     0.977  0.009  0.010  0.004       40
 25:     0.618  0.041  0.324  0.017       32
 26:     0.013  0.012  0.750  0.225       21
 27:     0.011  0.019  0.927  0.043        4
 28:     0.024  0.007  0.957  0.012       23
 29:     0.007  0.005  0.984  0.004       39
 30:     0.005  0.004  0.982  0.010       38
 31:     0.984  0.005  0.007  0.004       45
 32:     0.980  0.006  0.008  0.006       28
 33:     0.007  0.030  0.945  0.018        6
 34:     0.125  0.008  0.835  0.033       40
 35:     0.080  0.018  0.858  0.044       42
--------------------------------------------

Allele-freq. divergence among pops (Net nucleotide distance),
computed using point estimates of P.

      1       2       3       4      
 1      -    0.2609  0.1313  0.3041  
 2   0.2609     -    0.2334  0.1531  
 3   0.1313  0.2334     -    0.1558  
 4   0.3041  0.1531  0.1558     -    

Average distances (expected heterozygosity) between individuals in same cluster:
cluster  1  : 0.4782 
cluster  2  : 0.4857 
cluster  3  : 0.5573 
cluster  4  : 0.5346 

--------------------------------------------
Estimated Ln Prob of Data   = -25630.6
Mean value of ln likelihood = -25117.9
Variance of ln likelihood   = 1025.3
Mean value of alpha         = 0.0374

Mean value of Fst_1         = 0.4308
Mean value of Fst_2         = 0.2931
Mean value of Fst_3         = 0.2328
Mean value of Fst_4         = 0.2303


Inferred ancestry of individuals:
        Label (%Miss) Pop:  Inferred clusters
  1 TMA-ZAIN-G-    (9)    1 :  0.004 0.110 0.061 0.825 
  2 TMA-ZAIN-G-    (0)    1 :  0.118 0.084 0.092 0.706 
  3 TMA-ZAIN-G-    (0)    1 :  0.004 0.988 0.003 0.004 
  4 TMA-ZAIN-G-    (0)    1 :  0.004 0.802 0.047 0.147 
  5 TMA-ZAIN-G-    (0)    1 :  0.006 0.008 0.017 0.969 
  6 TMA-ZAIN-G-    (0)    1 :  0.006 0.914 0.019 0.061 
  7 TMA-ZAIN-G-    (0)    1 :  0.006 0.977 0.006 0.011 
  8 TMA-ZAIN-G-    (0)    1 :  0.005 0.988 0.003 0.004 
  9 TMA-ZAIN-G-    (9)    1 :  0.063 0.879 0.051 0.008 
 10 TMA-ZAIN-G-    (0)    1 :  0.005 0.987 0.003 0.005 
 11 TMA-ZAIN-G-    (0)    1 :  0.014 0.972 0.007 0.008 
 12 TMA-ZAIN-G-    (0)    1 :  0.005 0.987 0.004 0.003 
 13 TMA-ZAIN-G-    (9)    1 :  0.007 0.940 0.008 0.045 
 14 TMA-ZAIN-G-    (9)    1 :  0.006 0.975 0.010 0.009 
 15 TMA-ZAIN-G-    (0)    1 :  0.004 0.984 0.007 0.005 
 16 TMA-ZAIN-G-    (0)    1 :  0.004 0.986 0.004 0.006 
 17 TMA-ZAIN-G-    (9)    1 :  0.003 0.983 0.005 0.008 
 18 TMA-ZAIN-G-    (0)    1 :  0.004 0.024 0.011 0.961 
 19 TMA-ZAIN-G-    (0)    1 :  0.004 0.115 0.008 0.873 
 20 TMA-ZAIN-G-    (0)    1 :  0.003 0.004 0.005 0.988 
 21 TMA-ZAIN-G-    (0)    1 :  0.006 0.008 0.004 0.982 
 22 TMA-ZAIN-G-    (0)    1 :  0.003 0.003 0.005 0.989 
 23 TMA-ZAIN-G-    (0)    1 :  0.003 0.007 0.005 0.985 
 24 TMA-ZAIN-G-    (9)    1 :  0.051 0.054 0.004 0.891 
 25 TMA-ZAIN-G-    (9)    1 :  0.013 0.054 0.033 0.901 
 26 TMA-ZAIN-G-    (9)    1 :  0.008 0.915 0.003 0.074 
 27 TMA-ZAIN-G-    (0)    1 :  0.013 0.067 0.045 0.875 
 28 TMA-ZAIN-G-    (0)    1 :  0.061 0.156 0.251 0.532 
 29 TMA-ZAIN-G-    (0)    1 :  0.013 0.803 0.023 0.161 
 30 TMA-ZAIN-G-    (0)    1 :  0.077 0.878 0.026 0.020 
 31 TMA-ZAIN-G-    (0)    1 :  0.005 0.010 0.008 0.977 
 32 TMA-ZAIN-G-    (9)    1 :  0.009 0.360 0.007 0.625 
 33 TMA-ZAIN-G-   (18)    1 :  0.005 0.987 0.004 0.004 
 34 TMA-ZAIN-G-    (0)    1 :  0.005 0.941 0.004 0.050 
 35 TMA-ZAIN-G-    (9)    1 :  0.005 0.986 0.004 0.005 
 36 TMA-ZAIN-G-    (0)    1 :  0.005 0.987 0.003 0.004 
 37 TMA-ZAIN-G-    (9)    1 :  0.005 0.978 0.006 0.012 
 38 TMA-ZAIN-G-   (18)    1 :  0.006 0.285 0.041 0.669 
 39 TMA-ZAIN-G-    (0)    1 :  0.006 0.986 0.003 0.005 
 40 TMA-ZAIN-G-    (0)    1 :  0.004 0.989 0.003 0.004 
 41 TMA-ZAIN-G-    (0)    1 :  0.006 0.987 0.003 0.004 
 42 TMA-ZAIN-G-    (9)    1 :  0.006 0.988 0.003 0.003 
 43 TMA-ZAIN-G-    (0)    1 :  0.005 0.981 0.008 0.006 
 44 TMA-ZAIN-G-    (0)    1 :  0.044 0.029 0.012 0.916 
 45 TMA-ZAIN-G-    (0)    1 :  0.005 0.979 0.007 0.008 
 46 TMA-ZAIN-G-    (0)    1 :  0.003 0.004 0.003 0.989 
 47 TMA-ZAIN-G-    (0)    1 :  0.004 0.927 0.010 0.059 
 48 TMA-ZAIN-G-    (0)    1 :  0.008 0.959 0.006 0.027 
 49 TMA-ZAIN-G-    (9)    1 :  0.012 0.094 0.039 0.855 
 50 TMA-ZAIN-G-    (0)    1 :  0.008 0.074 0.006 0.912 
 51 TMA-ZAIN-G-    (0)    1 :  0.260 0.052 0.066 0.621 
 52 TMA-ZAIN-G-    (0)    1 :  0.127 0.202 0.057 0.615 
 53 TMA-ZAIN-G-    (0)    1 :  0.062 0.103 0.018 0.816 
 54 TMA-ZAIN-G-    (0)    1 :  0.008 0.924 0.006 0.062 
 55 TMA-ZAIN-G-    (0)    1 :  0.007 0.900 0.005 0.088 
 56 TMA-ZAIN-G-    (0)    1 :  0.004 0.762 0.035 0.198 
 57 TMA-ZAIN-G-    (0)    1 :  0.006 0.802 0.007 0.186 
 58 TMA-ZAIN-G-    (0)    1 :  0.006 0.076 0.011 0.907 
 59 TMA-ZAIN-G-    (0)    1 :  0.031 0.128 0.006 0.835 
 60 TMA-ZAIN-G-    (0)    1 :  0.006 0.037 0.018 0.939 
 61 TMA-ZAIN-G-    (0)    1 :  0.005 0.009 0.007 0.979 
 62 TMA-ZAIN-G-    (9)    1 :  0.010 0.051 0.034 0.905 
 63 TMA-ZAIN-G-    (0)    1 :  0.005 0.018 0.027 0.950 
 64 TMA-ZAIN-G-    (0)    1 :  0.014 0.980 0.003 0.003 
 65 TMA-ZAIN-G-    (9)    1 :  0.005 0.989 0.003 0.003 
 66 TMA-ZAIN-G-    (0)    1 :  0.007 0.987 0.003 0.003 
 67 TMA-ZAIN-G-    (0)    1 :  0.006 0.975 0.006 0.012 
 68 TMA-ZAIN-G-    (0)    1 :  0.007 0.987 0.003 0.003 
 69 TMA-ZAIN-G-    (0)    1 :  0.016 0.954 0.012 0.018 
 70 TMA-ZAIN-G-    (0)    1 :  0.011 0.978 0.004 0.006 
 71 TMA-ZAIN-G-    (0)    1 :  0.025 0.967 0.004 0.004 
 72 TMA-ZAIN-G-    (0)    1 :  0.006 0.985 0.004 0.005 
 73 TMA-ZAIN-G-    (0)    1 :  0.012 0.939 0.004 0.045 
 74 TMA-ZAIN-G-    (0)    1 :  0.012 0.960 0.009 0.019 
 75 TMA-ZAIN-G-    (0)    1 :  0.023 0.967 0.006 0.005 
 76 TMA-ZAIN-G-    (0)    1 :  0.022 0.901 0.023 0.054 
 77 TMA-ZAIN-G-    (0)    1 :  0.006 0.983 0.004 0.008 
 78 TMA-ZAIN-G-    (0)    1 :  0.004 0.941 0.012 0.042 
 79 TMA-ZAIN-G-    (0)    1 :  0.005 0.973 0.006 0.017 
 80 TMA-ZAIN-G-    (0)    1 :  0.005 0.987 0.003 0.005 
 81 TMA-ZAIN-G-    (0)    1 :  0.008 0.976 0.006 0.011 
 82 TMA-ZAIN-G-    (0)    1 :  0.010 0.982 0.004 0.004 
 83 TMA-ZAIN-G-    (9)    1 :  0.007 0.943 0.004 0.045 
 84 TMA-ZAIN-G-    (0)    1 :  0.004 0.960 0.007 0.029 
 85 TMA-ZAIN-G-    (0)    1 :  0.003 0.034 0.007 0.956 
 86 TMA-ZAIN-G-    (0)    1 :  0.004 0.149 0.012 0.836 
 87 TMA-ZAIN-G-    (0)    1 :  0.003 0.014 0.006 0.977 
 88 TMA-ZAIN-G-    (0)    1 :  0.006 0.589 0.006 0.399 
 89 TMA-ZAIN-G-    (0)    1 :  0.008 0.615 0.010 0.367 
 90 TMA-ZAIN-G-    (0)    1 :  0.004 0.257 0.017 0.723 
 91 TMA-ZAIN-G-    (0)    1 :  0.007 0.421 0.008 0.564 
 92 TMA-ZAIN-G-    (0)    1 :  0.004 0.149 0.008 0.839 
 93 TMA-ZAIN-G-    (0)    1 :  0.008 0.354 0.007 0.630 
 94 TMA-ZAIN-G-    (0)    1 :  0.004 0.019 0.008 0.969 
 95 TMA-ZAIN-G-    (0)    1 :  0.138 0.025 0.060 0.776 
 96 TMA-ZAIN-G-    (0)    1 :  0.007 0.499 0.337 0.157 
 97 TMA-ZAIN-G-    (0)    1 :  0.007 0.007 0.014 0.972 
 98 TMA-ZAIN-G-    (0)    1 :  0.035 0.009 0.016 0.941 
 99 TMA-ZAIN-G-    (0)    1 :  0.065 0.168 0.009 0.758 
100 TMA-ZAIN-G-    (0)    1 :  0.005 0.005 0.012 0.977 
101 TMA-ZAIN-G-    (0)    1 :  0.013 0.049 0.010 0.929 
102 TMA-ZAIN-G-    (0)    1 :  0.008 0.029 0.007 0.956 
103 TMA-ZAIN-G-    (0)    1 :  0.004 0.025 0.011 0.959 
104 TMA-ZAIN-G-    (0)    1 :  0.010 0.008 0.038 0.945 
105 TMA-ZAIN-G-    (0)    1 :  0.005 0.043 0.013 0.939 
106 TMA-ZAIN-G-    (0)    1 :  0.006 0.987 0.003 0.004 
107 TMA-ZAIN-G-    (0)    1 :  0.010 0.983 0.003 0.004 
108 TMA-ZAIN-G-    (9)    1 :  0.007 0.463 0.015 0.515 
109 TMA-ZAIN-G-    (0)    1 :  0.005 0.753 0.049 0.192 
110 TMA-ZAIN-G-    (0)    1 :  0.005 0.766 0.012 0.216 
111 TMA-ZAIN-G-    (9)    1 :  0.009 0.121 0.011 0.859 
112 TMA-ZAIN-G-    (0)    1 :  0.008 0.571 0.007 0.414 
113 TMA-ZAIN-G-    (0)    1 :  0.024 0.086 0.012 0.879 
114 TMA-ZAIN-G-    (0)    1 :  0.005 0.007 0.010 0.978 
115 TMA-ZAIN-G-    (0)    1 :  0.009 0.017 0.039 0.935 
116 TMA-ZAIN-G-    (0)    1 :  0.005 0.988 0.003 0.004 
117 TMA-ZAIN-G-    (0)    1 :  0.005 0.986 0.004 0.005 
118 TMA-ZAIN-G-    (0)    1 :  0.004 0.987 0.004 0.004 
119 TMA-ZAIN-G-    (0)    1 :  0.005 0.979 0.006 0.010 
120 TMA-ZAIN-G-    (0)    1 :  0.004 0.986 0.004 0.005 
121 TMA-ZAIN-G-    (0)    1 :  0.005 0.987 0.004 0.004 
122 TMA-ZAIN-G-    (0)    1 :  0.005 0.978 0.006 0.010 
123 TMA-ZAIN-G-    (0)    1 :  0.004 0.013 0.029 0.954 
124 TMA-ZAIN-G-    (0)    1 :  0.005 0.987 0.004 0.005 
125 TMA-ZAIN-G-    (0)    1 :  0.005 0.990 0.003 0.003 
126 TMA-ZAIN-G-    (0)    1 :  0.004 0.988 0.003 0.004 
127 TMA-ZAIN-G-    (0)    1 :  0.004 0.989 0.003 0.003 
128 TMA-ZAIN-G-    (0)    1 :  0.005 0.987 0.003 0.004 
129 TMA-ZAIN-G-    (0)    1 :  0.006 0.986 0.004 0.005 
130 TMA-ZAIN-G-    (0)    1 :  0.004 0.988 0.004 0.004 
131 TMA-ZAIN-G-    (0)    1 :  0.004 0.988 0.004 0.005 
132 TMA-ZAIN-G-    (0)    1 :  0.005 0.988 0.003 0.003 
133 TMA-ZAIN-G-    (0)    1 :  0.005 0.984 0.004 0.007 
134 TMA-ZAIN-G-    (0)    1 :  0.005 0.987 0.003 0.005 
135 TMA-ZAIN-G-    (0)    1 :  0.005 0.987 0.003 0.004 
136 TMA-ZAIN-G-    (0)    1 :  0.006 0.986 0.004 0.005 
137 TMA-ZAIN-G-    (0)    1 :  0.005 0.987 0.004 0.005 
138 TMA-ZAIN-G-    (0)    1 :  0.006 0.988 0.003 0.003 
139 TMA-ZAIN-G-    (0)    1 :  0.005 0.988 0.003 0.004 
140 TMA-ZAIN-G-    (0)    1 :  0.004 0.987 0.004 0.005 
141 TMA-ZAIN-G-    (0)    1 :  0.005 0.987 0.004 0.005 
142 TMA-ZAIN-G-    (9)    1 :  0.005 0.987 0.004 0.004 
143 TMA-ZAIN-G-    (0)    1 :  0.005 0.988 0.003 0.004 
144 TMA-ZAIN-G-    (0)    1 :  0.005 0.985 0.004 0.006 
145 TMA-ZAIN-G-    (0)    1 :  0.005 0.990 0.003 0.003 
146 TMA-ZAIN-G-    (0)    1 :  0.010 0.982 0.004 0.004 
147 TMA-ZAIN-G-    (9)    1 :  0.005 0.988 0.003 0.004 
148 TMA-ZAIN-G-    (0)    1 :  0.012 0.981 0.003 0.004 
149 TMA-ZAIN-G-    (0)    1 :  0.006 0.982 0.004 0.008 
150 TMA-ZAIN-G-    (0)    1 :  0.013 0.976 0.004 0.007 
151 TMA-ZAIN-G-    (0)    1 :  0.004 0.989 0.003 0.003 
152 TMA-ZAIN-G-    (0)    1 :  0.004 0.988 0.004 0.003 
153 TMA-ZAIN-G-    (0)    1 :  0.005 0.989 0.003 0.003 
154 TMA-ZAIN-G-    (0)    1 :  0.004 0.990 0.003 0.003 
155 TMA-ZAIN-G-    (0)    1 :  0.006 0.987 0.003 0.004 
156 TMA-ZAIN-G-    (9)    1 :  0.006 0.984 0.006 0.004 
157 TMA-ZAIN-G-    (0)    1 :  0.005 0.986 0.005 0.004 
158 TMA-ZAIN-G-    (0)    1 :  0.008 0.983 0.005 0.005 
159 TMA-ZAIN-G-    (0)    1 :  0.011 0.982 0.004 0.003 
160 TMA-ZAIN-G-    (0)    1 :  0.005 0.989 0.003 0.003 
161 TMA-ZAIN-G-    (0)    1 :  0.005 0.989 0.003 0.003 
162 TMA-ZAIN-G-    (0)    1 :  0.005 0.985 0.003 0.006 
163 TMA-ZAIN-G-    (0)    1 :  0.005 0.989 0.003 0.003 
164 TMA-ZAIN-G-    (0)    1 :  0.005 0.986 0.004 0.005 
165 TMA-ZAIN-G-    (0)    1 :  0.005 0.988 0.003 0.004 
166 TMA-ZAIN-G-    (0)    1 :  0.005 0.990 0.003 0.003 
167 TMA-ZAIN-G-    (0)    1 :  0.005 0.984 0.004 0.007 
168 TMA-ZAIN-G-    (0)    1 :  0.007 0.983 0.005 0.005 
169 TMA-ZAIN-G-    (0)    1 :  0.006 0.987 0.003 0.004 
170 TMA-ZAIN-G-    (0)    1 :  0.006 0.970 0.010 0.015 
171 TMA-ZAIN-G-    (0)    1 :  0.006 0.987 0.003 0.004 
172 TMA-ZAIN-G-    (0)    1 :  0.005 0.984 0.005 0.006 
173 TMA-ZAIN-G-    (0)    1 :  0.005 0.984 0.005 0.006 
174 TMA-ZAIN-G-    (0)    1 :  0.006 0.988 0.003 0.003 
175 TMA-ZAIN-G-    (0)    1 :  0.011 0.980 0.004 0.004 
176 TMA-ZAIN-G-    (0)    1 :  0.012 0.980 0.003 0.004 
177 TMA-ZAIN-G-    (0)    1 :  0.031 0.957 0.007 0.004 
178 TMA-ZAIN-G-    (0)    1 :  0.006 0.978 0.009 0.006 
179 TMA-ZAIN-G-    (0)    1 :  0.010 0.981 0.005 0.004 
180 TMA-ZAIN-G-    (0)    1 :  0.005 0.986 0.004 0.005 
181 TMA-ZAIN-G-    (0)    1 :  0.007 0.985 0.004 0.004 
182 TMA-ZAIN-G-    (0)    1 :  0.006 0.984 0.005 0.005 
183 TMA-ZAIN-G-    (0)    1 :  0.005 0.986 0.004 0.004 
184 TMA-ZAIN-G-    (0)    1 :  0.008 0.979 0.004 0.008 
185 TMA-ZAIN-G-    (0)    1 :  0.008 0.975 0.004 0.014 
186 TMA-ZAIN-G-    (9)    1 :  0.005 0.982 0.004 0.008 
187 TMA-ZAIN-G-    (0)    1 :  0.006 0.983 0.005 0.005 
188 TMA-ZAIN-G-    (0)    1 :  0.006 0.987 0.003 0.004 
189 TMA-ZAIN-G-    (0)    1 :  0.005 0.989 0.003 0.003 
190 TMA-ZAIN-G-    (0)    1 :  0.010 0.977 0.008 0.005 
191 TMA-ZAIN-G-    (0)    1 :  0.010 0.977 0.003 0.010 
192 TMA-ZAIN-G-    (0)    1 :  0.006 0.984 0.004 0.005 
193 TMA-ZAIN-G-    (0)    1 :  0.008 0.980 0.007 0.005 
194 TMA-ZAIN-G-    (0)    1 :  0.006 0.979 0.009 0.007 
195 TMA-ZAIN-G-    (0)    1 :  0.015 0.970 0.010 0.005 
196 TMA-ZAIN-G-    (0)    1 :  0.007 0.981 0.008 0.005 
197 TMA-ZAIN-G-    (0)    1 :  0.005 0.985 0.005 0.005 
198 TMA-ZAIN-G-    (0)    1 :  0.007 0.982 0.007 0.004 
199 TMA-ZAIN-G-    (0)    1 :  0.005 0.984 0.003 0.007 
200 TMA-ZAIN-G-    (0)    1 :  0.003 0.004 0.015 0.978 
201 TMA-ZAIN-G-    (0)    1 :  0.003 0.006 0.004 0.988 
202 TMA-ZAIN-G-    (0)    1 :  0.004 0.007 0.016 0.974 
203 TMA-ZAIN-G-    (0)    1 :  0.006 0.976 0.011 0.006 
204 TMA-ZAIN-G-    (9)    1 :  0.085 0.009 0.022 0.884 
205 TMA-ZAIN-G-    (0)    1 :  0.005 0.084 0.005 0.907 
206 TMA-ZAIN-G-    (9)    1 :  0.006 0.017 0.012 0.964 
207 TMA-ZAIN-G-    (9)    1 :  0.005 0.978 0.008 0.009 
208 TMA-ZAIN-G-    (0)    1 :  0.004 0.990 0.003 0.003 
209 TMA-ZAIN-G-    (0)    1 :  0.006 0.987 0.003 0.004 
210 TMA-ZAIN-G-    (0)    1 :  0.005 0.986 0.004 0.004 
211 TMA-ZAIN-G-    (0)    1 :  0.004 0.977 0.007 0.012 
212 TMA-ZAIN-G-    (0)    1 :  0.005 0.985 0.005 0.005 
213 TMA-ZAIN-G-    (0)    1 :  0.006 0.986 0.004 0.005 
214 TMA-ZAIN-G-    (0)    1 :  0.005 0.989 0.003 0.004 
215 TMA-ZAIN-G-    (0)    1 :  0.004 0.877 0.016 0.104 
216 TMA-ZAIN-G-    (0)    1 :  0.005 0.986 0.003 0.006 
217 TMA-ZAIN-G-    (0)    1 :  0.005 0.988 0.003 0.004 
218 TMA-ZAIN-G-    (0)    1 :  0.034 0.037 0.020 0.908 
219 TMA-ZAIN-G-    (0)    1 :  0.013 0.011 0.015 0.961 
220 TMA-ZAIN-G-    (0)    1 :  0.011 0.075 0.240 0.674 
221 TMA-ZAIN-G-    (0)    1 :  0.041 0.020 0.015 0.924 
222 TMA-ZAIN-G-    (0)    1 :  0.004 0.023 0.006 0.967 
223 TMA-ZAIN-G-    (0)    1 :  0.003 0.007 0.011 0.979 
224 TMA-ZAIN-G-    (0)    1 :  0.004 0.061 0.009 0.926 
225 TMA-ZAIN-G-    (0)    1 :  0.003 0.007 0.015 0.975 
226 TMA-ZAIN-G-    (0)    1 :  0.003 0.014 0.010 0.973 
227 TMA-ZAIN-G-    (0)    1 :  0.004 0.012 0.013 0.970 
228 TMA-ZAIN-G-    (0)    1 :  0.018 0.085 0.034 0.863 
229 TMA-ZAIN-G-    (0)    1 :  0.005 0.007 0.007 0.981 
230 TMA-ZAIN-G-    (0)    1 :  0.021 0.370 0.037 0.572 
231 TMA-ZAIN-G-    (0)    1 :  0.004 0.019 0.006 0.971 
232 TMA-ZAIN-G-    (9)    1 :  0.004 0.011 0.005 0.980 
233 TMA-ZAIN-G-    (0)    1 :  0.008 0.138 0.012 0.842 
234 TMA-ZAIN-G-    (0)    1 :  0.006 0.008 0.012 0.974 
235 TMA-ZAIN-G-    (0)    1 :  0.009 0.038 0.041 0.911 
236 TMA-ZAIN-G-    (0)    1 :  0.003 0.015 0.016 0.966 
237 TMA-ZAIN-G-    (0)    1 :  0.007 0.133 0.009 0.852 
238 TMA-ZAIN-G-    (0)    1 :  0.004 0.015 0.004 0.976 
239 TMA-ZAIN-G-    (0)    1 :  0.049 0.143 0.004 0.804 
240 TMA-ZAIN-G-    (0)    1 :  0.003 0.004 0.003 0.989 
241 TMA-ZAIN-G-    (0)    1 :  0.005 0.008 0.004 0.983 
242 TMA-ZAIN-G-    (0)    1 :  0.006 0.009 0.004 0.981 
243 TMA-ZAIN-G-    (0)    1 :  0.008 0.013 0.004 0.975 
244 TMA-ZAIN-G-    (0)    1 :  0.009 0.019 0.004 0.969 
245 TMA-ZAIN-G-    (9)    1 :  0.004 0.005 0.004 0.988 
246 TMA-ZAIN-G-    (0)    1 :  0.004 0.004 0.004 0.988 
247 TMA-ZAIN-G-    (0)    1 :  0.006 0.008 0.004 0.982 
248 TMA-ZAIN-G-    (0)    1 :  0.005 0.008 0.006 0.981 
249 TMA-ZAIN-G-    (0)    1 :  0.004 0.005 0.006 0.985 
250 TMA-ZAIN-G-    (0)    1 :  0.006 0.007 0.005 0.982 
251 TMA-ZAIN-G-    (0)    1 :  0.005 0.912 0.016 0.068 
252 TMA-ZAIN-G-    (0)    1 :  0.012 0.968 0.006 0.015 
253 TMA-ZAIN-G-    (0)    1 :  0.007 0.950 0.005 0.038 
254 TMA-ZAIN-G-    (9)    1 :  0.005 0.974 0.005 0.016 
255 TMA-ZAIN-G-    (0)    1 :  0.008 0.746 0.020 0.226 
256 TMA-ZAIN-G-    (0)    1 :  0.008 0.898 0.005 0.089 
257 TMA-ZAIN-G-    (0)    1 :  0.005 0.940 0.008 0.048 
258 TMA-ZAIN-G-    (0)    1 :  0.005 0.961 0.006 0.028 
259 TMA-ZAIN-G-    (0)    1 :  0.008 0.766 0.011 0.215 
260 TMA-ZAIN-G-    (0)    1 :  0.011 0.818 0.007 0.163 
261 TMA-ZAIN-G-   (18)    1 :  0.006 0.960 0.017 0.017 
262 TMA-ZAIN-G-    (0)    1 :  0.004 0.940 0.008 0.047 
263 TMA-ZAIN-G-    (0)    1 :  0.006 0.842 0.010 0.142 
264 TMA-ZAIN-G-    (0)    1 :  0.007 0.849 0.008 0.136 
265 TMA-ZAIN-G-    (0)    1 :  0.013 0.465 0.006 0.515 
266 TMA-ZAIN-G-    (0)    1 :  0.005 0.966 0.007 0.022 
267 TMA-ZAIN-G-    (0)    1 :  0.008 0.030 0.007 0.955 
268 TMA-ZAIN-G-    (0)    1 :  0.003 0.005 0.007 0.985 
269 TMA-ZAIN-G-    (0)    1 :  0.003 0.006 0.006 0.986 
270 TMA-ZAIN-G-    (0)    1 :  0.003 0.006 0.005 0.986 
271 TMA-ZAIN-G-    (0)    1 :  0.003 0.004 0.006 0.986 
272 TMA-ZAIN-G-    (0)    1 :  0.002 0.004 0.004 0.989 
273 TMA-ZAIN-G-    (0)    1 :  0.002 0.003 0.004 0.991 
274 TMA-ZAIN-G-    (0)    1 :  0.005 0.007 0.005 0.983 
275 TMA-ZAIN-G-    (0)    1 :  0.002 0.004 0.004 0.990 
276 TMA-ZAIN-G-    (0)    1 :  0.002 0.004 0.004 0.990 
277 TMA-ZAIN-G-    (0)    1 :  0.004 0.005 0.004 0.987 
278 TMA-ZAIN-G-    (0)    1 :  0.003 0.004 0.004 0.990 
279 TMA-ZAIN-G-    (0)    1 :  0.003 0.005 0.004 0.988 
280 TMA-ZAIN-G-    (0)    1 :  0.003 0.005 0.005 0.987 
281 TMA-ZAIN-G-    (0)    1 :  0.003 0.005 0.005 0.988 
282 TMA-ZAIN-G-    (9)    1 :  0.003 0.003 0.004 0.989 
283 TMA-ZAIN-G-    (0)    1 :  0.003 0.006 0.006 0.985 
284 TMA-ZAIN-G-    (0)    1 :  0.004 0.010 0.008 0.979 
285 TMA-ZAIN-G-    (0)    1 :  0.004 0.006 0.004 0.986 
286 TMA-ZAIN-G-    (0)    1 :  0.003 0.003 0.005 0.989 
287 TMA-ZAIN-G-    (0)    1 :  0.005 0.005 0.004 0.986 
288 TMA-ZAIN-G-    (0)    1 :  0.006 0.014 0.006 0.973 
289 TMA-ZAIN-G-    (0)    1 :  0.005 0.007 0.005 0.984 
290 TMA-ZAIN-G-    (0)    1 :  0.004 0.008 0.007 0.980 
291 TMA-ZAIN-G-    (0)    1 :  0.069 0.017 0.079 0.836 
292 TMA-ZAIN-G-    (0)    1 :  0.005 0.976 0.006 0.013 
293 TMA-ZAIN-G-    (0)    1 :  0.004 0.986 0.004 0.006 
294 TMA-ZAIN-G-    (0)    1 :  0.012 0.979 0.004 0.005 
295 TMA-ZAIN-G-    (9)    1 :  0.012 0.972 0.007 0.010 
296 TMA-ZAIN-G-    (0)    1 :  0.005 0.980 0.006 0.010 
297 TMA-ZAIN-G-    (0)    1 :  0.005 0.985 0.004 0.006 
298 TMA-ZAIN-G-    (0)    1 :  0.005 0.980 0.007 0.009 
299 TMA-ZAIN-G-    (0)    1 :  0.005 0.982 0.004 0.008 
300 TMA-ZAIN-G-    (0)    1 :  0.017 0.971 0.004 0.007 
301 TMA-ZAIN-G-    (0)    1 :  0.006 0.984 0.004 0.006 
302 TMA-ZAIN-G-    (9)    1 :  0.005 0.988 0.003 0.004 
303 TMA-ZAIN-G-    (0)    1 :  0.193 0.042 0.017 0.748 
304 TMA-ZAIN-G-    (0)    2 :  0.007 0.957 0.006 0.030 
305 TMA-ZAIN-G-    (0)    2 :  0.005 0.986 0.004 0.005 
306 TMA-ZAIN-G-    (0)    2 :  0.007 0.841 0.004 0.148 
307 TMA-ZAIN-G-    (0)    2 :  0.007 0.966 0.005 0.022 
308 TMA-ZAIN-G-    (0)    2 :  0.043 0.425 0.009 0.523 
309 TMA-ZAIN-G-    (0)    2 :  0.005 0.987 0.003 0.004 
310 TMA-ZAIN-G-    (0)    2 :  0.005 0.981 0.006 0.008 
311 TMA-ZAIN-G-    (0)    2 :  0.004 0.981 0.007 0.008 
312 TMA-ZAIN-G-    (0)    2 :  0.004 0.978 0.008 0.009 
313 TMA-ZAIN-G-    (0)    2 :  0.009 0.977 0.004 0.010 
314 TMA-ZAIN-G-    (0)    2 :  0.017 0.011 0.098 0.874 
315 TMA-ZAIN-G-    (0)    2 :  0.005 0.510 0.006 0.479 
316 TMA-ZAIN-G-    (0)    2 :  0.005 0.452 0.009 0.534 
317 TMA-ZAIN-G-    (0)    2 :  0.004 0.025 0.017 0.954 
318 TMA-ZAIN-G-    (9)    2 :  0.004 0.006 0.006 0.984 
319 TMA-ZAIN-G-    (0)    3 :  0.004 0.218 0.120 0.659 
320 TMA-ZAIN-G-    (0)    3 :  0.005 0.683 0.030 0.282 
321 TMA-ZAIN-G-    (0)    4 :  0.007 0.736 0.028 0.229 
322 TMA-ZAIN-G-    (0)    4 :  0.005 0.709 0.044 0.241 
323 TMA-ZAIN-G-    (0)    5 :  0.018 0.216 0.007 0.759 
324 TMA-ZAIN-G-    (0)    5 :  0.004 0.983 0.008 0.005 
325 TMA-ZAIN-G-    (0)    5 :  0.050 0.023 0.039 0.888 
326 TMA-ZAIN-G-    (0)    5 :  0.030 0.603 0.108 0.259 
327 TMA-ZAIN-G-    (0)    5 :  0.005 0.985 0.005 0.005 
328 TMA-ZAIN-G-    (0)    5 :  0.014 0.253 0.011 0.723 
329 TMA-ZAIN-G-    (0)    5 :  0.005 0.986 0.004 0.006 
330 TMA-ZAIN-G-    (0)    6 :  0.005 0.988 0.003 0.004 
331 TMA-ZAIN-G-    (0)    6 :  0.050 0.698 0.144 0.108 
332 TMA-ZAIN-G-    (0)    6 :  0.005 0.987 0.005 0.004 
333 TMA-ZAIN-G-    (0)    6 :  0.006 0.982 0.007 0.005 
334 TMA-ZAIN-G-    (0)    6 :  0.003 0.004 0.005 0.988 
335 TMA-ZAIN-G-    (0)    6 :  0.002 0.005 0.004 0.989 
336 TMA-ZAIN-G-    (0)    6 :  0.003 0.008 0.005 0.985 
337 TMA-ZAIN-G-    (9)    6 :  0.003 0.006 0.005 0.985 
338 TMA-ZAIN-G-    (0)    6 :  0.002 0.003 0.006 0.988 
339 TMA-ZAIN-G-    (0)    6 :  0.002 0.003 0.006 0.989 
340 TMA-ZAIN-G-    (0)    6 :  0.002 0.004 0.005 0.990 
341 TMA-ZAIN-G-    (0)    6 :  0.003 0.004 0.005 0.988 
342 TMA-ZAIN-G-    (0)    6 :  0.002 0.004 0.005 0.989 
343 TMA-ZAIN-G-    (0)    7 :  0.002 0.003 0.005 0.990 
344 TMA-ZAIN-G-    (0)    7 :  0.003 0.005 0.004 0.988 
345 TMA-ZAIN-G-    (0)    7 :  0.002 0.003 0.004 0.991 
346 TMA-ZAIN-G-    (0)    7 :  0.002 0.003 0.004 0.990 
347 TMA-ZAIN-G-    (9)    7 :  0.003 0.004 0.004 0.990 
348 TMA-ZAIN-G-    (0)    7 :  0.003 0.006 0.005 0.985 
349 TMA-ZAIN-G-    (0)    7 :  0.003 0.004 0.004 0.989 
350 TMA-ZAIN-G-    (0)    7 :  0.003 0.006 0.005 0.986 
351 TMA-ZAIN-G-    (0)    7 :  0.003 0.004 0.005 0.988 
352 TMA-ZAIN-G-    (0)    7 :  0.003 0.006 0.005 0.986 
353 TMA-ZAIN-G-    (0)    7 :  0.004 0.007 0.005 0.985 
354 TMA-ZAIN-G-    (0)    7 :  0.003 0.005 0.005 0.988 
355 TMA-ZAIN-G-    (0)    7 :  0.003 0.007 0.005 0.984 
356 TMA-ZAIN-G-    (0)    8 :  0.004 0.985 0.003 0.008 
357 TMA-ZAIN-G-    (0)    8 :  0.005 0.986 0.004 0.005 
358 TMA-ZAIN-G-    (0)    8 :  0.014 0.971 0.005 0.010 
359 TMA-ZAIN-G-    (0)    8 :  0.004 0.910 0.021 0.065 
360 TMA-ZAIN-G-    (0)    8 :  0.004 0.989 0.003 0.004 
361 TMA-ZAIN-G-    (0)    8 :  0.072 0.889 0.035 0.005 
362 TMA-ZAIN-G-    (0)    8 :  0.004 0.980 0.006 0.010 
363 TMA-ZAIN-G-    (0)    9 :  0.004 0.976 0.005 0.015 
364 TMA-ZAIN-G-    (0)    9 :  0.003 0.020 0.009 0.968 
365 TMA-ZAIN-G-    (0)    9 :  0.006 0.706 0.018 0.270 
366 TMA-ZAIN-G-    (0)    9 :  0.018 0.966 0.007 0.009 
367 TMA-ZAIN-G-    (0)    9 :  0.005 0.974 0.012 0.009 
368 TMA-ZAIN-G-    (0)    9 :  0.019 0.971 0.005 0.006 
369 TMA-ZAIN-G-    (0)    9 :  0.005 0.989 0.003 0.004 
370 TMA-ZAIN-G-    (0)    9 :  0.085 0.868 0.041 0.006 
371 TMA-ZAIN-G-    (0)    9 :  0.006 0.987 0.003 0.004 
372 TMA-ZAIN-G-    (0)    9 :  0.007 0.985 0.003 0.004 
373 TMA-ZAIN-G-    (0)    9 :  0.005 0.981 0.008 0.006 
374 TMA-ZAIN-G-    (0)   10 :  0.005 0.818 0.040 0.138 
375 TMA-ZAIN-G-    (0)   10 :  0.005 0.553 0.016 0.427 
376 TMA-ZAIN-G-    (9)   10 :  0.005 0.988 0.003 0.004 
377 TMA-ZAIN-G-    (0)   10 :  0.006 0.989 0.003 0.003 
378 TMA-ZAIN-G-    (0)   10 :  0.005 0.989 0.003 0.003 
379 TMA-ZAIN-G-    (0)   10 :  0.005 0.989 0.003 0.003 
380 TMA-ZAIN-G-    (0)   10 :  0.011 0.981 0.004 0.004 
381 TMA-ZAIN-G-    (9)   10 :  0.077 0.368 0.107 0.448 
382 TMA-ZAIN-G-    (9)   10 :  0.025 0.009 0.110 0.856 
383    ZFB01    (0)   11 :  0.005 0.249 0.715 0.032 
384    ZFB02    (0)   11 :  0.004 0.016 0.965 0.015 
385    ZFB03    (0)   11 :  0.008 0.027 0.937 0.028 
386    ZFB04    (0)   11 :  0.004 0.019 0.962 0.015 
387    ZFB05    (0)   11 :  0.004 0.023 0.906 0.067 
388    ZFB06    (0)   11 :  0.004 0.023 0.922 0.051 
389    ZFB07    (9)   11 :  0.010 0.007 0.974 0.008 
390    ZFB08    (0)   11 :  0.008 0.018 0.948 0.026 
391    ZFB09    (0)   11 :  0.005 0.047 0.915 0.033 
392    ZFB10    (0)   11 :  0.011 0.108 0.836 0.044 
393    ZFB11    (0)   11 :  0.006 0.380 0.562 0.052 
394    ZFB12    (0)   11 :  0.007 0.159 0.791 0.043 
395    ZFB13    (0)   11 :  0.008 0.007 0.965 0.019 
396    ZFB14    (0)   11 :  0.008 0.026 0.939 0.027 
397    ZFB15    (0)   11 :  0.003 0.035 0.894 0.068 
398    ZFB16    (0)   11 :  0.005 0.017 0.922 0.056 
399    ZFB17    (0)   11 :  0.004 0.032 0.922 0.042 
400    ZFB18    (0)   11 :  0.006 0.086 0.879 0.030 
401    ZFB19    (0)   11 :  0.022 0.014 0.944 0.021 
402    ZFB20    (0)   11 :  0.004 0.032 0.871 0.092 
403    ZFB21    (0)   11 :  0.004 0.024 0.888 0.085 
404    ZFB22    (0)   11 :  0.005 0.106 0.812 0.077 
405    ZFB23    (0)   11 :  0.011 0.102 0.848 0.040 
406    ZFB24    (0)   11 :  0.005 0.322 0.653 0.020 
407    ZFB25    (0)   11 :  0.025 0.150 0.742 0.083 
408    ZFB26    (0)   11 :  0.015 0.117 0.824 0.044 
409    ZFB27    (0)   11 :  0.007 0.198 0.541 0.255 
410    ZFB28    (0)   11 :  0.071 0.015 0.318 0.596 
411    ZFB29    (0)   11 :  0.004 0.114 0.840 0.042 
412    ZFB30    (0)   11 :  0.007 0.092 0.829 0.072 
413    ZFB31    (0)   11 :  0.024 0.015 0.933 0.029 
414    ZFB32    (0)   11 :  0.019 0.040 0.851 0.090 
415    ZFB33    (0)   11 :  0.004 0.079 0.857 0.059 
416    ZFB34    (0)   11 :  0.006 0.017 0.968 0.009 
417    ZFB35    (0)   11 :  0.009 0.024 0.954 0.013 
418  ZFBP101    (0)   12 :  0.970 0.006 0.014 0.009 
419  ZFBP102    (0)   12 :  0.969 0.007 0.014 0.010 
420  ZFBP103    (0)   12 :  0.979 0.006 0.010 0.005 
421  ZFBP104    (0)   12 :  0.894 0.005 0.063 0.038 
422  ZFBP105    (0)   12 :  0.974 0.006 0.008 0.013 
423  ZFBP106    (0)   12 :  0.988 0.005 0.004 0.003 
424  ZFBP107    (0)   12 :  0.966 0.006 0.013 0.014 
425  ZFBP108    (0)   12 :  0.987 0.006 0.004 0.003 
426  ZFBP109    (0)   12 :  0.956 0.035 0.005 0.004 
427  ZFBP110    (0)   12 :  0.953 0.010 0.027 0.011 
428  ZFBP111    (0)   12 :  0.989 0.005 0.004 0.003 
429  ZFBP112    (0)   12 :  0.980 0.006 0.007 0.007 
430  ZFBP113    (0)   12 :  0.983 0.006 0.006 0.005 
431  ZFBP114    (0)   12 :  0.983 0.006 0.006 0.005 
432  ZFBP115    (0)   12 :  0.987 0.005 0.004 0.003 
433  ZFBP116    (0)   12 :  0.985 0.005 0.006 0.004 
434  ZFBP117    (0)   12 :  0.988 0.005 0.004 0.003 
435  ZFBP118    (0)   12 :  0.983 0.007 0.006 0.004 
436  ZFBP119    (0)   12 :  0.988 0.005 0.005 0.003 
437  ZFBP120    (0)   12 :  0.980 0.006 0.006 0.007 
438  ZFBP121    (0)   12 :  0.984 0.005 0.006 0.005 
439  ZFBP122    (9)   12 :  0.985 0.007 0.005 0.003 
440  ZFBP123    (0)   12 :  0.982 0.005 0.008 0.004 
441  ZFBP124    (0)   12 :  0.981 0.006 0.007 0.005 
442  ZFBP125    (0)   12 :  0.990 0.005 0.003 0.002 
443  ZFBP126    (0)   12 :  0.965 0.011 0.017 0.006 
444  ZFBP127    (0)   12 :  0.981 0.012 0.004 0.003 
445  ZFBP128    (0)   12 :  0.987 0.005 0.004 0.003 
446  ZFBP129    (0)   12 :  0.985 0.006 0.005 0.003 
447  ZFBP130    (0)   12 :  0.988 0.005 0.004 0.003 
448  ZFBP131    (0)   12 :  0.981 0.009 0.006 0.004 
449  ZFBP132    (0)   12 :  0.985 0.008 0.004 0.003 
450  ZFBP133    (0)   12 :  0.987 0.006 0.004 0.002 
451  ZFBP134    (0)   12 :  0.986 0.005 0.005 0.004 
452  ZFBP135    (0)   12 :  0.966 0.007 0.019 0.009 
453  ZFBP136    (0)   12 :  0.982 0.004 0.007 0.006 
454  ZFBP201    (0)   13 :  0.978 0.008 0.009 0.005 
455  ZFBP202    (0)   13 :  0.983 0.007 0.005 0.004 
456  ZFBP203    (0)   13 :  0.948 0.007 0.029 0.017 
457  ZFBP204    (0)   13 :  0.983 0.005 0.007 0.005 
458  ZFBP205    (0)   13 :  0.984 0.007 0.006 0.004 
459  ZFBP206    (0)   13 :  0.979 0.005 0.011 0.004 
460  ZFBP207    (0)   13 :  0.989 0.004 0.004 0.003 
461  ZFBP208    (0)   13 :  0.975 0.007 0.011 0.007 
462  ZFBP209    (0)   13 :  0.980 0.014 0.004 0.002 
463  ZFBP210    (0)   13 :  0.979 0.009 0.008 0.005 
464  ZFBP211    (0)   13 :  0.984 0.007 0.005 0.004 
465  ZFBP212    (0)   13 :  0.985 0.008 0.005 0.003 
466  ZFBP213    (0)   13 :  0.978 0.006 0.011 0.004 
467  ZFBP214    (0)   13 :  0.979 0.006 0.011 0.004 
468  ZFBP215    (0)   13 :  0.985 0.007 0.005 0.003 
469  ZFBP216    (0)   13 :  0.972 0.008 0.009 0.011 
470  ZFBP217    (0)   13 :  0.985 0.008 0.004 0.003 
471  ZFBP218    (0)   13 :  0.987 0.005 0.004 0.003 
472  ZFBP219    (0)   13 :  0.985 0.006 0.005 0.003 
473  ZFBP220    (0)   13 :  0.986 0.006 0.005 0.003 
474  ZFBP221    (0)   13 :  0.987 0.005 0.004 0.004 
475  ZFBP222    (0)   13 :  0.978 0.007 0.009 0.005 
476  ZFBP223    (0)   13 :  0.982 0.007 0.007 0.004 
477  ZFBP224    (0)   13 :  0.981 0.007 0.008 0.004 
478  ZFBP225    (0)   13 :  0.986 0.005 0.005 0.004 
479  ZFBP226    (0)   13 :  0.984 0.006 0.005 0.004 
480  ZFBP227    (0)   13 :  0.865 0.006 0.091 0.039 
481  ZFBP228    (0)   13 :  0.987 0.006 0.004 0.003 
482  ZFBP229    (0)   13 :  0.986 0.007 0.004 0.003 
483  ZFBP230    (0)   13 :  0.984 0.007 0.005 0.004 
484  ZFBP231    (0)   13 :  0.982 0.005 0.007 0.007 
485  ZFBP232    (0)   13 :  0.986 0.006 0.004 0.004 
486  ZFBP233    (0)   13 :  0.977 0.011 0.007 0.006 
487   ZFCC01    (0)   14 :  0.255 0.029 0.679 0.037 
488   ZFCC03    (0)   14 :  0.890 0.009 0.096 0.005 
489   ZFCC04    (0)   14 :  0.512 0.011 0.473 0.004 
490   ZFCC05    (0)   14 :  0.561 0.007 0.419 0.013 
491   ZFCC08    (0)   14 :  0.971 0.005 0.020 0.003 
492   ZFCC09    (0)   14 :  0.600 0.008 0.389 0.004 
493   ZFCC10    (0)   14 :  0.130 0.010 0.814 0.045 
494   ZFCC11    (0)   14 :  0.748 0.011 0.166 0.075 
495   ZFCC12    (0)   14 :  0.110 0.010 0.875 0.004 
496   ZFCC13    (0)   14 :  0.899 0.009 0.086 0.006 
497   ZFCC14    (0)   14 :  0.185 0.015 0.796 0.005 
498   ZFCC15    (0)   14 :  0.465 0.010 0.521 0.004 
499   ZFCC16    (0)   14 :  0.149 0.010 0.837 0.004 
500   ZFCC17    (0)   14 :  0.277 0.020 0.698 0.004 
501   ZFCC18    (0)   14 :  0.604 0.010 0.382 0.004 
502   ZFCC19    (0)   14 :  0.178 0.021 0.760 0.041 
503   ZFCC20    (0)   14 :  0.680 0.008 0.306 0.006 
504   ZFCC21    (0)   14 :  0.518 0.006 0.472 0.004 
505   ZFCC22    (0)   14 :  0.978 0.005 0.014 0.003 
506   ZFCC26    (0)   14 :  0.403 0.012 0.582 0.004 
507   ZFCC27    (0)   14 :  0.800 0.010 0.118 0.072 
508   ZFCC29    (0)   14 :  0.219 0.010 0.767 0.003 
509   ZFCC30    (0)   14 :  0.867 0.009 0.060 0.064 
510   ZFCC32    (0)   14 :  0.433 0.009 0.554 0.004 
511   ZFCC33    (0)   14 :  0.209 0.008 0.774 0.009 
512   ZFCC34    (0)   14 :  0.638 0.008 0.351 0.004 
513   ZFCC35    (0)   14 :  0.818 0.008 0.097 0.077 
514   ZFCC36    (0)   14 :  0.400 0.011 0.585 0.005 
515   ZFCC37    (0)   14 :  0.109 0.008 0.879 0.004 
516   ZFCC40    (0)   14 :  0.178 0.018 0.749 0.055 
517   ZFCC42    (0)   14 :  0.059 0.007 0.928 0.006 
518   ZFCC44    (0)   14 :  0.862 0.011 0.117 0.009 
519   ZFCC45    (9)   14 :  0.103 0.013 0.879 0.005 
520   ZFCC46    (0)   14 :  0.887 0.004 0.106 0.003 
521   ZFCC47    (0)   14 :  0.523 0.007 0.466 0.004 
522   ZFCC48    (0)   14 :  0.723 0.005 0.268 0.004 
523   ZFCC50    (0)   14 :  0.403 0.018 0.576 0.003 
524   ZFCC51    (0)   14 :  0.705 0.008 0.284 0.003 
525   ZFCC52    (0)   14 :  0.616 0.008 0.327 0.049 
526   ZFCC53    (0)   14 :  0.555 0.016 0.392 0.038 
527  ZFCNS01    (0)   15 :  0.981 0.005 0.008 0.006 
528  ZFCNS02    (0)   15 :  0.987 0.004 0.005 0.003 
529  ZFCNS05    (0)   15 :  0.984 0.005 0.007 0.004 
530  ZFCNS06    (0)   15 :  0.987 0.004 0.006 0.003 
531  ZFCNS07    (0)   15 :  0.987 0.004 0.005 0.003 
532  ZFCNS10    (0)   15 :  0.989 0.004 0.004 0.003 
533  ZFCNS11    (0)   15 :  0.985 0.004 0.006 0.004 
534  ZFCNS15    (0)   15 :  0.986 0.005 0.005 0.003 
535  ZFCNS17    (0)   15 :  0.987 0.005 0.005 0.003 
536  ZFCNS18    (0)   15 :  0.989 0.004 0.005 0.003 
537  ZFCNS19    (0)   15 :  0.987 0.004 0.006 0.003 
538  ZFCNS20    (0)   15 :  0.987 0.005 0.005 0.003 
539  ZFCNS21    (0)   15 :  0.987 0.005 0.005 0.003 
540  ZFCNS22    (0)   15 :  0.985 0.005 0.007 0.004 
541  ZFCNS23    (0)   15 :  0.983 0.004 0.009 0.004 
542  ZFCNS24    (0)   15 :  0.988 0.004 0.004 0.003 
543  ZFCNS25    (0)   15 :  0.988 0.004 0.005 0.003 
544  ZFCNS26    (0)   15 :  0.986 0.005 0.006 0.004 
545  ZFCNS27    (0)   15 :  0.987 0.004 0.005 0.003 
546  ZFCNS28    (0)   15 :  0.986 0.004 0.006 0.004 
547  ZFCNS29    (0)   15 :  0.987 0.004 0.006 0.003 
548  ZFCNS30    (0)   15 :  0.986 0.005 0.006 0.004 
549  ZFCNS31    (0)   15 :  0.986 0.005 0.006 0.003 
550  ZFCNS32    (0)   15 :  0.986 0.004 0.006 0.004 
551  ZFCNS33    (0)   15 :  0.987 0.004 0.006 0.003 
552  ZFCNS34    (0)   15 :  0.986 0.004 0.006 0.003 
553  ZFCNS35    (0)   15 :  0.986 0.004 0.005 0.005 
554  ZFCNS36    (0)   15 :  0.988 0.004 0.004 0.003 
555  ZFCNS37    (0)   15 :  0.985 0.005 0.006 0.004 
556  ZFCNS39    (0)   15 :  0.989 0.004 0.004 0.003 
557  ZFCNS40    (0)   15 :  0.988 0.004 0.005 0.003 
558  ZFCNS41    (0)   15 :  0.978 0.005 0.009 0.008 
559  ZFCNS42    (0)   15 :  0.986 0.005 0.005 0.003 
560  ZFCNS43    (0)   15 :  0.987 0.005 0.005 0.003 
561  ZFCNS44    (0)   15 :  0.988 0.004 0.004 0.003 
562  ZFCNS45    (0)   15 :  0.988 0.004 0.005 0.003 
563  ZFCNS46    (0)   15 :  0.986 0.005 0.006 0.003 
564  ZFCNS47    (0)   15 :  0.988 0.004 0.005 0.003 
565  ZFCNS48    (0)   15 :  0.988 0.004 0.005 0.003 
566  ZFCNS49    (0)   15 :  0.987 0.004 0.005 0.003 
567   ZFCR01    (0)   16 :  0.016 0.026 0.953 0.004 
568   ZFCR02    (0)   16 :  0.049 0.063 0.861 0.027 
569   ZFCR03    (0)   16 :  0.016 0.005 0.975 0.004 
570   ZFCR04    (0)   16 :  0.021 0.011 0.964 0.004 
571   ZFCR05    (0)   16 :  0.006 0.005 0.984 0.005 
572   ZFCR06    (0)   16 :  0.329 0.027 0.638 0.006 
573   ZFCR07    (0)   16 :  0.055 0.005 0.935 0.005 
574   ZFCR08    (0)   16 :  0.045 0.016 0.934 0.005 
575   ZFCR09    (0)   16 :  0.056 0.008 0.922 0.015 
576   ZFCR11    (0)   16 :  0.102 0.016 0.875 0.007 
577   ZFCR12    (0)   16 :  0.261 0.007 0.729 0.003 
578   ZFCR13    (0)   16 :  0.129 0.023 0.825 0.023 
579   ZFCR14    (0)   16 :  0.021 0.014 0.956 0.008 
580   ZFCR15    (0)   16 :  0.018 0.004 0.973 0.004 
581   ZFCR16    (0)   16 :  0.020 0.189 0.786 0.006 
582   ZFCR18    (0)   16 :  0.008 0.023 0.882 0.087 
583   ZFCR19    (0)   16 :  0.056 0.010 0.928 0.005 
584   ZFCR20    (0)   16 :  0.028 0.012 0.950 0.010 
585   ZFCR21    (0)   16 :  0.015 0.003 0.978 0.005 
586   ZFCR22    (0)   16 :  0.019 0.007 0.966 0.008 
587   ZFCR23    (0)   16 :  0.040 0.044 0.887 0.030 
588   ZFCR24    (9)   16 :  0.317 0.022 0.652 0.008 
589   ZFCR25    (0)   16 :  0.008 0.003 0.986 0.003 
590   ZFCR26    (0)   16 :  0.038 0.004 0.952 0.005 
591   ZFCR27    (9)   16 :  0.004 0.006 0.963 0.027 
592   ZFCR28    (0)   16 :  0.456 0.013 0.522 0.009 
593   ZFCR29    (0)   16 :  0.009 0.004 0.980 0.007 
594   ZFCR30    (0)   16 :  0.020 0.005 0.971 0.004 
595   ZFCR31    (0)   16 :  0.124 0.014 0.857 0.005 
596   ZFCR33    (0)   16 :  0.029 0.008 0.957 0.006 
597   ZFCR34    (0)   16 :  0.066 0.015 0.911 0.007 
598   ZFCR35    (0)   16 :  0.006 0.004 0.983 0.007 
599   ZFCR36    (0)   16 :  0.014 0.015 0.960 0.010 
600   ZFCR37    (0)   16 :  0.009 0.006 0.974 0.012 
601   ZFCR38    (0)   16 :  0.017 0.007 0.972 0.005 
602   ZFCR39    (0)   16 :  0.083 0.039 0.760 0.118 
603   ZFCR40    (0)   16 :  0.014 0.008 0.973 0.005 
604   ZFCR41    (0)   16 :  0.213 0.012 0.772 0.003 
605   ZFCR42    (0)   16 :  0.117 0.009 0.869 0.005 
606   ZFCR43    (0)   16 :  0.063 0.100 0.821 0.017 
607  ZFENP25    (0)   17 :  0.013 0.015 0.958 0.014 
608  ZFENP26    (0)   17 :  0.009 0.009 0.873 0.108 
609  ZFENP27    (0)   17 :  0.179 0.019 0.794 0.007 
610  ZFENP28    (0)   17 :  0.008 0.004 0.980 0.007 
611  ZFENP29    (0)   17 :  0.006 0.004 0.978 0.012 
612  ZFENP30    (0)   17 :  0.011 0.004 0.970 0.016 
613  ZFENP31    (0)   17 :  0.012 0.005 0.965 0.019 
614  ZFENP32    (0)   17 :  0.024 0.004 0.932 0.040 
615  ZFENP33    (0)   17 :  0.008 0.003 0.982 0.007 
616  ZFENP34    (0)   17 :  0.006 0.005 0.983 0.006 
617  ZFENP35    (0)   17 :  0.019 0.007 0.924 0.050 
618  ZFENP36    (0)   17 :  0.005 0.003 0.974 0.017 
619  ZFENP37    (0)   17 :  0.008 0.004 0.982 0.007 
620  ZFENP38    (0)   17 :  0.027 0.004 0.951 0.018 
621  ZFENP39    (0)   17 :  0.005 0.004 0.983 0.008 
622  ZFENP40    (0)   17 :  0.006 0.007 0.978 0.009 
623  ZFENP41    (0)   17 :  0.013 0.006 0.906 0.075 
624  ZFENP42    (0)   17 :  0.014 0.007 0.856 0.123 
625  ZFENP43    (0)   17 :  0.100 0.014 0.879 0.008 
626  ZFENP44    (0)   17 :  0.012 0.006 0.968 0.013 
627  ZFENP45    (0)   17 :  0.405 0.009 0.569 0.017 
628  ZFENP46    (0)   17 :  0.024 0.005 0.886 0.085 
629  ZFENP47    (0)   17 :  0.074 0.016 0.708 0.203 
630  ZFENP48    (0)   17 :  0.014 0.004 0.977 0.005 
631  ZFENP49    (0)   17 :  0.019 0.003 0.973 0.006 
632  ZFENP50    (0)   17 :  0.040 0.126 0.614 0.219 
633  ZFENP51    (0)   17 :  0.022 0.008 0.933 0.036 
634  ZFENP52    (0)   17 :  0.033 0.091 0.836 0.041 
635  ZFENP53    (0)   17 :  0.057 0.142 0.721 0.080 
636  ZFENP54    (0)   17 :  0.132 0.060 0.783 0.024 
637  ZFENP55    (0)   17 :  0.007 0.006 0.964 0.023 
638  ZFENP56    (0)   17 :  0.057 0.016 0.751 0.176 
639  ZFENP57    (0)   17 :  0.007 0.005 0.936 0.052 
640  ZFENP58    (0)   17 :  0.042 0.072 0.862 0.024 
641  ZFENP59    (0)   17 :  0.009 0.003 0.978 0.010 
642  ZFENP60    (0)   17 :  0.007 0.006 0.981 0.006 
643  ZFENP61    (0)   17 :  0.005 0.003 0.927 0.065 
644 ZFFDSP01    (0)   18 :  0.986 0.006 0.005 0.003 
645 ZFFDSP02    (0)   18 :  0.987 0.006 0.005 0.002 
646 ZFFDSP04    (0)   18 :  0.984 0.006 0.005 0.005 
647 ZFFDSP05    (0)   18 :  0.984 0.005 0.006 0.005 
648 ZFFDSP06    (0)   18 :  0.988 0.005 0.004 0.003 
649 ZFFDSP07    (0)   18 :  0.984 0.004 0.007 0.004 
650 ZFFDSP08    (0)   18 :  0.987 0.004 0.005 0.003 
651 ZFFDSP10    (0)   18 :  0.986 0.006 0.005 0.003 
652 ZFFDSP11    (0)   18 :  0.982 0.006 0.006 0.006 
653 ZFFDSP12    (0)   18 :  0.985 0.008 0.004 0.003 
654 ZFFDSP13    (0)   18 :  0.982 0.005 0.006 0.007 
655 ZFFDSP14    (0)   18 :  0.986 0.005 0.006 0.003 
656 ZFFDSP16    (0)   18 :  0.979 0.009 0.008 0.004 
657 ZFFDSP17    (0)   18 :  0.986 0.007 0.004 0.003 
658 ZFFDSP18    (0)   18 :  0.985 0.006 0.006 0.004 
659 ZFFDSP19    (0)   18 :  0.987 0.005 0.005 0.003 
660 ZFFDSP21    (0)   18 :  0.987 0.006 0.004 0.003 
661 ZFFDSP22    (0)   18 :  0.988 0.006 0.004 0.002 
662 ZFFDSP23    (0)   18 :  0.990 0.005 0.003 0.002 
663 ZFFDSP24    (0)   18 :  0.986 0.005 0.005 0.003 
664 ZFFDSP26    (9)   18 :  0.986 0.005 0.004 0.004 
665 ZFFDSP27    (0)   18 :  0.985 0.006 0.006 0.004 
