

----------------------------------------------------
STRUCTURE by Pritchard, Stephens and Donnelly (2000)
     and Falush, Stephens and Pritchard (2003)
       Code by Pritchard, Falush and Hubisz
             Version 2.3.4 (Jul 2012)
----------------------------------------------------



Command line arguments:   bin\structure -m C:\Users\eschumacher\Documents\GitHub\GCC_QUAC_ZAIN\Data_Files\Structure_Files\ZAIN\ZAIN_og_allpop_STR\50-50\mainparams -e C:\Users\eschumacher\Documents\GitHub\GCC_QUAC_ZAIN\Data_Files\Structure_Files\ZAIN\ZAIN_og_allpop_STR\50-50\extraparams 
Input File:    C:\Users\eschumacher\Documents\GitHub\GCC_QUAC_ZAIN\Data_Files\Structure_Files\ZAIN\ZAIN_og_allpop_STR\project_data

Run parameters:
   1135 individuals
   11 loci
   5 populations assumed
   50000 Burn-in period
   50000 Reps


--------------------------------------------
Proportion of membership of each pre-defined
 population in each of the 5 clusters

Given    Inferred Clusters                     Number of
 Pop       1      2      3      4      5      Individuals

  1:     0.009  0.364  0.011  0.013  0.603      303
  2:     0.005  0.311  0.019  0.010  0.655       15
  3:     0.004  0.521  0.006  0.050  0.419        2
  4:     0.007  0.246  0.004  0.027  0.716        2
  5:     0.015  0.376  0.015  0.018  0.576        7
  6:     0.005  0.695  0.013  0.008  0.279       13
  7:     0.003  0.985  0.003  0.005  0.005       13
  8:     0.012  0.021  0.008  0.008  0.951        7
  9:     0.013  0.120  0.010  0.008  0.849       11
 10:     0.013  0.214  0.008  0.018  0.747        9
 11:     0.010  0.069  0.013  0.840  0.068       35
 12:     0.941  0.006  0.037  0.009  0.006       36
 13:     0.971  0.005  0.010  0.009  0.005       33
 14:     0.023  0.006  0.943  0.024  0.004       40
 15:     0.126  0.003  0.860  0.005  0.005       40
 16:     0.073  0.018  0.044  0.847  0.019       40
 17:     0.037  0.091  0.068  0.788  0.017       37
 18:     0.978  0.003  0.008  0.007  0.005       40
 19:     0.008  0.009  0.045  0.933  0.004       28
 20:     0.015  0.006  0.896  0.079  0.003       14
 21:     0.038  0.353  0.124  0.480  0.005       13
 22:     0.837  0.003  0.150  0.006  0.005       14
 23:     0.971  0.007  0.011  0.006  0.005       25
 24:     0.951  0.004  0.022  0.015  0.009       40
 25:     0.025  0.017  0.906  0.030  0.022       32
 26:     0.019  0.836  0.046  0.091  0.007       21
 27:     0.009  0.020  0.010  0.945  0.016        4
 28:     0.023  0.007  0.012  0.953  0.006       23
 29:     0.006  0.004  0.008  0.978  0.004       39
 30:     0.004  0.010  0.005  0.978  0.003       38
 31:     0.866  0.004  0.118  0.007  0.005       45
 32:     0.888  0.007  0.091  0.007  0.006       28
 33:     0.006  0.014  0.007  0.950  0.023        6
 34:     0.096  0.026  0.063  0.808  0.007       40
 35:     0.077  0.083  0.038  0.784  0.018       42
--------------------------------------------

Allele-freq. divergence among pops (Net nucleotide distance),
computed using point estimates of P.

      1       2       3       4       5      
 1      -    0.3103  0.1096  0.1580  0.2687  
 2   0.3103     -    0.2767  0.1488  0.1525  
 3   0.1096  0.2767     -    0.1123  0.2917  
 4   0.1580  0.1488  0.1123     -    0.2360  
 5   0.2687  0.1525  0.2917  0.2360     -    

Average distances (expected heterozygosity) between individuals in same cluster:
cluster  1  : 0.4589 
cluster  2  : 0.5453 
cluster  3  : 0.4395 
cluster  4  : 0.5505 
cluster  5  : 0.4844 

--------------------------------------------
Estimated Ln Prob of Data   = -24747.7
Mean value of ln likelihood = -24381.0
Variance of ln likelihood   = 733.4
Mean value of alpha         = 0.0345

Mean value of Fst_1         = 0.4125
Mean value of Fst_2         = 0.2310
Mean value of Fst_3         = 0.4540
Mean value of Fst_4         = 0.2271
Mean value of Fst_5         = 0.3069


Inferred ancestry of individuals:
        Label (%Miss) Pop:  Inferred clusters
  1 TMA-ZAIN-G-    (9)    1 :  0.004 0.591 0.004 0.184 0.217 
  2 TMA-ZAIN-G-    (0)    1 :  0.064 0.720 0.048 0.036 0.131 
  3 TMA-ZAIN-G-    (0)    1 :  0.004 0.003 0.004 0.003 0.986 
  4 TMA-ZAIN-G-    (0)    1 :  0.003 0.114 0.022 0.039 0.822 
  5 TMA-ZAIN-G-    (0)    1 :  0.008 0.931 0.005 0.045 0.011 
  6 TMA-ZAIN-G-    (0)    1 :  0.005 0.058 0.007 0.013 0.917 
  7 TMA-ZAIN-G-    (0)    1 :  0.005 0.008 0.005 0.005 0.976 
  8 TMA-ZAIN-G-    (0)    1 :  0.005 0.003 0.003 0.003 0.986 
  9 TMA-ZAIN-G-    (9)    1 :  0.055 0.010 0.021 0.033 0.881 
 10 TMA-ZAIN-G-    (0)    1 :  0.005 0.005 0.003 0.003 0.984 
 11 TMA-ZAIN-G-    (0)    1 :  0.014 0.006 0.010 0.005 0.965 
 12 TMA-ZAIN-G-    (0)    1 :  0.005 0.003 0.004 0.004 0.985 
 13 TMA-ZAIN-G-    (9)    1 :  0.007 0.036 0.004 0.008 0.945 
 14 TMA-ZAIN-G-    (9)    1 :  0.005 0.010 0.015 0.010 0.961 
 15 TMA-ZAIN-G-    (0)    1 :  0.003 0.004 0.011 0.006 0.975 
 16 TMA-ZAIN-G-    (0)    1 :  0.004 0.005 0.003 0.004 0.985 
 17 TMA-ZAIN-G-    (9)    1 :  0.003 0.007 0.004 0.005 0.981 
 18 TMA-ZAIN-G-    (0)    1 :  0.004 0.934 0.005 0.017 0.040 
 19 TMA-ZAIN-G-    (0)    1 :  0.003 0.810 0.004 0.014 0.168 
 20 TMA-ZAIN-G-    (0)    1 :  0.003 0.984 0.004 0.004 0.004 
 21 TMA-ZAIN-G-    (0)    1 :  0.004 0.986 0.003 0.003 0.005 
 22 TMA-ZAIN-G-    (0)    1 :  0.002 0.985 0.003 0.006 0.003 
 23 TMA-ZAIN-G-    (0)    1 :  0.003 0.980 0.003 0.006 0.008 
 24 TMA-ZAIN-G-    (9)    1 :  0.080 0.851 0.007 0.004 0.057 
 25 TMA-ZAIN-G-    (9)    1 :  0.021 0.858 0.002 0.034 0.085 
 26 TMA-ZAIN-G-    (9)    1 :  0.005 0.068 0.016 0.002 0.908 
 27 TMA-ZAIN-G-    (0)    1 :  0.008 0.891 0.034 0.019 0.048 
 28 TMA-ZAIN-G-    (0)    1 :  0.070 0.550 0.010 0.236 0.133 
 29 TMA-ZAIN-G-    (0)    1 :  0.016 0.208 0.004 0.007 0.764 
 30 TMA-ZAIN-G-    (0)    1 :  0.070 0.017 0.014 0.022 0.878 
 31 TMA-ZAIN-G-    (0)    1 :  0.005 0.965 0.008 0.010 0.011 
 32 TMA-ZAIN-G-    (9)    1 :  0.010 0.454 0.004 0.007 0.525 
 33 TMA-ZAIN-G-   (18)    1 :  0.005 0.003 0.003 0.003 0.986 
 34 TMA-ZAIN-G-    (0)    1 :  0.006 0.038 0.005 0.003 0.948 
 35 TMA-ZAIN-G-    (9)    1 :  0.004 0.004 0.004 0.004 0.984 
 36 TMA-ZAIN-G-    (0)    1 :  0.004 0.004 0.004 0.003 0.985 
 37 TMA-ZAIN-G-    (9)    1 :  0.005 0.010 0.005 0.005 0.976 
 38 TMA-ZAIN-G-   (18)    1 :  0.006 0.575 0.005 0.062 0.352 
 39 TMA-ZAIN-G-    (0)    1 :  0.007 0.005 0.003 0.003 0.982 
 40 TMA-ZAIN-G-    (0)    1 :  0.005 0.004 0.003 0.002 0.986 
 41 TMA-ZAIN-G-    (0)    1 :  0.006 0.004 0.004 0.003 0.983 
 42 TMA-ZAIN-G-    (9)    1 :  0.004 0.003 0.006 0.003 0.984 
 43 TMA-ZAIN-G-    (0)    1 :  0.003 0.006 0.025 0.008 0.958 
 44 TMA-ZAIN-G-    (0)    1 :  0.029 0.912 0.032 0.007 0.019 
 45 TMA-ZAIN-G-    (0)    1 :  0.005 0.009 0.005 0.006 0.974 
 46 TMA-ZAIN-G-    (0)    1 :  0.003 0.988 0.003 0.003 0.004 
 47 TMA-ZAIN-G-    (0)    1 :  0.003 0.049 0.014 0.007 0.927 
 48 TMA-ZAIN-G-    (0)    1 :  0.006 0.022 0.009 0.005 0.959 
 49 TMA-ZAIN-G-    (9)    1 :  0.015 0.854 0.004 0.031 0.096 
 50 TMA-ZAIN-G-    (0)    1 :  0.009 0.890 0.003 0.007 0.091 
 51 TMA-ZAIN-G-    (0)    1 :  0.026 0.586 0.358 0.013 0.017 
 52 TMA-ZAIN-G-    (0)    1 :  0.068 0.557 0.125 0.043 0.207 
 53 TMA-ZAIN-G-    (0)    1 :  0.010 0.782 0.146 0.009 0.052 
 54 TMA-ZAIN-G-    (0)    1 :  0.004 0.039 0.015 0.005 0.936 
 55 TMA-ZAIN-G-    (0)    1 :  0.004 0.063 0.017 0.005 0.912 
 56 TMA-ZAIN-G-    (0)    1 :  0.004 0.165 0.023 0.035 0.774 
 57 TMA-ZAIN-G-    (0)    1 :  0.004 0.090 0.009 0.008 0.889 
 58 TMA-ZAIN-G-    (0)    1 :  0.006 0.883 0.005 0.012 0.093 
 59 TMA-ZAIN-G-    (0)    1 :  0.044 0.783 0.009 0.006 0.158 
 60 TMA-ZAIN-G-    (0)    1 :  0.006 0.920 0.010 0.016 0.048 
 61 TMA-ZAIN-G-    (0)    1 :  0.006 0.969 0.005 0.008 0.011 
 62 TMA-ZAIN-G-    (9)    1 :  0.010 0.917 0.008 0.033 0.032 
 63 TMA-ZAIN-G-    (0)    1 :  0.005 0.927 0.011 0.037 0.020 
 64 TMA-ZAIN-G-    (0)    1 :  0.016 0.003 0.003 0.002 0.976 
 65 TMA-ZAIN-G-    (9)    1 :  0.004 0.003 0.004 0.003 0.986 
 66 TMA-ZAIN-G-    (0)    1 :  0.009 0.003 0.003 0.003 0.982 
 67 TMA-ZAIN-G-    (0)    1 :  0.007 0.011 0.003 0.005 0.975 
 68 TMA-ZAIN-G-    (0)    1 :  0.007 0.003 0.004 0.002 0.984 
 69 TMA-ZAIN-G-    (0)    1 :  0.014 0.019 0.008 0.011 0.948 
 70 TMA-ZAIN-G-    (0)    1 :  0.014 0.006 0.006 0.004 0.970 
 71 TMA-ZAIN-G-    (0)    1 :  0.025 0.004 0.012 0.003 0.956 
 72 TMA-ZAIN-G-    (0)    1 :  0.006 0.004 0.004 0.003 0.983 
 73 TMA-ZAIN-G-    (0)    1 :  0.011 0.034 0.013 0.003 0.938 
 74 TMA-ZAIN-G-    (0)    1 :  0.013 0.019 0.008 0.007 0.954 
 75 TMA-ZAIN-G-    (0)    1 :  0.019 0.005 0.026 0.005 0.945 
 76 TMA-ZAIN-G-    (0)    1 :  0.022 0.061 0.012 0.016 0.889 
 77 TMA-ZAIN-G-    (0)    1 :  0.005 0.007 0.004 0.003 0.981 
 78 TMA-ZAIN-G-    (0)    1 :  0.004 0.044 0.005 0.008 0.939 
 79 TMA-ZAIN-G-    (0)    1 :  0.004 0.020 0.005 0.004 0.966 
 80 TMA-ZAIN-G-    (0)    1 :  0.005 0.005 0.004 0.003 0.984 
 81 TMA-ZAIN-G-    (0)    1 :  0.007 0.010 0.008 0.005 0.970 
 82 TMA-ZAIN-G-    (0)    1 :  0.010 0.003 0.006 0.004 0.976 
 83 TMA-ZAIN-G-    (9)    1 :  0.006 0.038 0.006 0.004 0.946 
 84 TMA-ZAIN-G-    (0)    1 :  0.005 0.037 0.003 0.006 0.950 
 85 TMA-ZAIN-G-    (0)    1 :  0.003 0.939 0.004 0.008 0.047 
 86 TMA-ZAIN-G-    (0)    1 :  0.003 0.861 0.004 0.007 0.125 
 87 TMA-ZAIN-G-    (0)    1 :  0.003 0.973 0.004 0.006 0.014 
 88 TMA-ZAIN-G-    (0)    1 :  0.006 0.379 0.005 0.006 0.604 
 89 TMA-ZAIN-G-    (0)    1 :  0.005 0.324 0.014 0.010 0.647 
 90 TMA-ZAIN-G-    (0)    1 :  0.003 0.694 0.006 0.013 0.283 
 91 TMA-ZAIN-G-    (0)    1 :  0.004 0.544 0.014 0.007 0.432 
 92 TMA-ZAIN-G-    (0)    1 :  0.004 0.815 0.006 0.006 0.170 
 93 TMA-ZAIN-G-    (0)    1 :  0.005 0.596 0.023 0.005 0.371 
 94 TMA-ZAIN-G-    (0)    1 :  0.004 0.961 0.007 0.006 0.022 
 95 TMA-ZAIN-G-    (0)    1 :  0.157 0.748 0.014 0.060 0.021 
 96 TMA-ZAIN-G-    (0)    1 :  0.007 0.132 0.005 0.350 0.506 
 97 TMA-ZAIN-G-    (0)    1 :  0.010 0.945 0.007 0.031 0.008 
 98 TMA-ZAIN-G-    (0)    1 :  0.079 0.868 0.010 0.033 0.009 
 99 TMA-ZAIN-G-    (0)    1 :  0.134 0.719 0.005 0.011 0.131 
100 TMA-ZAIN-G-    (0)    1 :  0.004 0.969 0.012 0.009 0.006 
101 TMA-ZAIN-G-    (0)    1 :  0.017 0.894 0.007 0.014 0.068 
102 TMA-ZAIN-G-    (0)    1 :  0.010 0.932 0.006 0.009 0.044 
103 TMA-ZAIN-G-    (0)    1 :  0.005 0.937 0.004 0.018 0.037 
104 TMA-ZAIN-G-    (0)    1 :  0.015 0.835 0.005 0.136 0.009 
105 TMA-ZAIN-G-    (0)    1 :  0.005 0.896 0.004 0.029 0.066 
106 TMA-ZAIN-G-    (0)    1 :  0.006 0.003 0.003 0.002 0.985 
107 TMA-ZAIN-G-    (0)    1 :  0.012 0.004 0.003 0.003 0.978 
108 TMA-ZAIN-G-    (9)    1 :  0.006 0.465 0.014 0.014 0.501 
109 TMA-ZAIN-G-    (0)    1 :  0.005 0.131 0.005 0.084 0.774 
110 TMA-ZAIN-G-    (0)    1 :  0.006 0.172 0.003 0.011 0.807 
111 TMA-ZAIN-G-    (9)    1 :  0.010 0.814 0.006 0.013 0.158 
112 TMA-ZAIN-G-    (0)    1 :  0.006 0.369 0.004 0.009 0.611 
113 TMA-ZAIN-G-    (0)    1 :  0.041 0.801 0.007 0.020 0.131 
114 TMA-ZAIN-G-    (0)    1 :  0.007 0.966 0.003 0.016 0.008 
115 TMA-ZAIN-G-    (0)    1 :  0.011 0.878 0.005 0.083 0.023 
116 TMA-ZAIN-G-    (0)    1 :  0.006 0.003 0.003 0.003 0.984 
117 TMA-ZAIN-G-    (0)    1 :  0.004 0.004 0.004 0.003 0.984 
118 TMA-ZAIN-G-    (0)    1 :  0.004 0.003 0.003 0.003 0.986 
119 TMA-ZAIN-G-    (0)    1 :  0.005 0.009 0.003 0.006 0.977 
120 TMA-ZAIN-G-    (0)    1 :  0.004 0.004 0.004 0.004 0.984 
121 TMA-ZAIN-G-    (0)    1 :  0.005 0.004 0.004 0.003 0.985 
122 TMA-ZAIN-G-    (0)    1 :  0.005 0.009 0.005 0.005 0.975 
123 TMA-ZAIN-G-    (0)    1 :  0.004 0.908 0.005 0.070 0.013 
124 TMA-ZAIN-G-    (0)    1 :  0.005 0.004 0.003 0.004 0.984 
125 TMA-ZAIN-G-    (0)    1 :  0.003 0.003 0.006 0.002 0.985 
126 TMA-ZAIN-G-    (0)    1 :  0.004 0.003 0.005 0.003 0.985 
127 TMA-ZAIN-G-    (0)    1 :  0.004 0.003 0.003 0.003 0.986 
128 TMA-ZAIN-G-    (0)    1 :  0.005 0.003 0.003 0.003 0.985 
129 TMA-ZAIN-G-    (0)    1 :  0.006 0.004 0.004 0.003 0.983 
130 TMA-ZAIN-G-    (0)    1 :  0.004 0.003 0.005 0.004 0.984 
131 TMA-ZAIN-G-    (0)    1 :  0.004 0.004 0.003 0.004 0.985 
132 TMA-ZAIN-G-    (0)    1 :  0.005 0.003 0.004 0.003 0.985 
133 TMA-ZAIN-G-    (0)    1 :  0.004 0.006 0.005 0.003 0.982 
134 TMA-ZAIN-G-    (0)    1 :  0.004 0.005 0.006 0.003 0.983 
135 TMA-ZAIN-G-    (0)    1 :  0.006 0.005 0.003 0.003 0.984 
136 TMA-ZAIN-G-    (0)    1 :  0.007 0.005 0.005 0.003 0.981 
137 TMA-ZAIN-G-    (0)    1 :  0.006 0.005 0.003 0.004 0.984 
138 TMA-ZAIN-G-    (0)    1 :  0.005 0.003 0.004 0.003 0.985 
139 TMA-ZAIN-G-    (0)    1 :  0.005 0.004 0.004 0.003 0.985 
140 TMA-ZAIN-G-    (0)    1 :  0.005 0.005 0.003 0.003 0.984 
141 TMA-ZAIN-G-    (0)    1 :  0.005 0.004 0.003 0.004 0.984 
142 TMA-ZAIN-G-    (9)    1 :  0.005 0.004 0.003 0.003 0.985 
143 TMA-ZAIN-G-    (0)    1 :  0.005 0.004 0.003 0.003 0.985 
144 TMA-ZAIN-G-    (0)    1 :  0.005 0.006 0.005 0.004 0.980 
145 TMA-ZAIN-G-    (0)    1 :  0.005 0.003 0.003 0.002 0.987 
146 TMA-ZAIN-G-    (0)    1 :  0.009 0.004 0.006 0.003 0.978 
147 TMA-ZAIN-G-    (9)    1 :  0.005 0.004 0.003 0.003 0.985 
148 TMA-ZAIN-G-    (0)    1 :  0.008 0.004 0.015 0.003 0.971 
149 TMA-ZAIN-G-    (0)    1 :  0.006 0.007 0.005 0.004 0.979 
150 TMA-ZAIN-G-    (0)    1 :  0.011 0.006 0.007 0.004 0.972 
151 TMA-ZAIN-G-    (0)    1 :  0.004 0.003 0.003 0.003 0.987 
152 TMA-ZAIN-G-    (0)    1 :  0.004 0.003 0.004 0.004 0.985 
153 TMA-ZAIN-G-    (0)    1 :  0.005 0.003 0.003 0.003 0.986 
154 TMA-ZAIN-G-    (0)    1 :  0.004 0.003 0.003 0.003 0.988 
155 TMA-ZAIN-G-    (0)    1 :  0.006 0.003 0.002 0.003 0.985 
156 TMA-ZAIN-G-    (9)    1 :  0.005 0.004 0.006 0.005 0.979 
157 TMA-ZAIN-G-    (0)    1 :  0.005 0.004 0.004 0.005 0.982 
158 TMA-ZAIN-G-    (0)    1 :  0.008 0.004 0.005 0.004 0.980 
159 TMA-ZAIN-G-    (0)    1 :  0.011 0.003 0.006 0.003 0.977 
160 TMA-ZAIN-G-    (0)    1 :  0.007 0.003 0.003 0.003 0.984 
161 TMA-ZAIN-G-    (0)    1 :  0.005 0.003 0.004 0.003 0.985 
162 TMA-ZAIN-G-    (0)    1 :  0.007 0.005 0.003 0.003 0.983 
163 TMA-ZAIN-G-    (0)    1 :  0.005 0.003 0.003 0.003 0.987 
164 TMA-ZAIN-G-    (0)    1 :  0.005 0.004 0.004 0.004 0.983 
165 TMA-ZAIN-G-    (0)    1 :  0.006 0.003 0.003 0.003 0.985 
166 TMA-ZAIN-G-    (0)    1 :  0.005 0.003 0.003 0.002 0.986 
167 TMA-ZAIN-G-    (0)    1 :  0.006 0.006 0.004 0.004 0.981 
168 TMA-ZAIN-G-    (0)    1 :  0.006 0.005 0.006 0.005 0.979 
169 TMA-ZAIN-G-    (0)    1 :  0.008 0.003 0.003 0.003 0.983 
170 TMA-ZAIN-G-    (0)    1 :  0.006 0.015 0.004 0.010 0.966 
171 TMA-ZAIN-G-    (0)    1 :  0.007 0.003 0.003 0.003 0.984 
172 TMA-ZAIN-G-    (0)    1 :  0.004 0.005 0.004 0.005 0.982 
173 TMA-ZAIN-G-    (0)    1 :  0.005 0.005 0.004 0.004 0.981 
174 TMA-ZAIN-G-    (0)    1 :  0.006 0.003 0.003 0.003 0.985 
175 TMA-ZAIN-G-    (0)    1 :  0.011 0.004 0.008 0.004 0.974 
176 TMA-ZAIN-G-    (0)    1 :  0.011 0.004 0.007 0.003 0.976 
177 TMA-ZAIN-G-    (0)    1 :  0.023 0.004 0.032 0.006 0.935 
178 TMA-ZAIN-G-    (0)    1 :  0.006 0.006 0.006 0.009 0.972 
179 TMA-ZAIN-G-    (0)    1 :  0.010 0.004 0.010 0.004 0.972 
180 TMA-ZAIN-G-    (0)    1 :  0.005 0.005 0.004 0.003 0.983 
181 TMA-ZAIN-G-    (0)    1 :  0.006 0.004 0.005 0.004 0.980 
182 TMA-ZAIN-G-    (0)    1 :  0.005 0.004 0.008 0.005 0.978 
183 TMA-ZAIN-G-    (0)    1 :  0.005 0.004 0.005 0.004 0.982 
184 TMA-ZAIN-G-    (0)    1 :  0.007 0.008 0.005 0.004 0.977 
185 TMA-ZAIN-G-    (0)    1 :  0.008 0.012 0.004 0.004 0.973 
186 TMA-ZAIN-G-    (9)    1 :  0.006 0.008 0.004 0.004 0.978 
187 TMA-ZAIN-G-    (0)    1 :  0.007 0.005 0.003 0.005 0.980 
188 TMA-ZAIN-G-    (0)    1 :  0.006 0.003 0.003 0.002 0.985 
189 TMA-ZAIN-G-    (0)    1 :  0.007 0.003 0.003 0.002 0.984 
190 TMA-ZAIN-G-    (0)    1 :  0.008 0.005 0.015 0.007 0.965 
191 TMA-ZAIN-G-    (0)    1 :  0.015 0.008 0.003 0.003 0.971 
192 TMA-ZAIN-G-    (0)    1 :  0.006 0.006 0.004 0.004 0.980 
193 TMA-ZAIN-G-    (0)    1 :  0.004 0.005 0.051 0.007 0.933 
194 TMA-ZAIN-G-    (0)    1 :  0.003 0.007 0.030 0.007 0.953 
195 TMA-ZAIN-G-    (0)    1 :  0.008 0.005 0.085 0.008 0.894 
196 TMA-ZAIN-G-    (0)    1 :  0.005 0.005 0.017 0.007 0.967 
197 TMA-ZAIN-G-    (0)    1 :  0.003 0.004 0.019 0.004 0.970 
198 TMA-ZAIN-G-    (0)    1 :  0.004 0.005 0.017 0.005 0.969 
199 TMA-ZAIN-G-    (0)    1 :  0.005 0.005 0.004 0.003 0.982 
200 TMA-ZAIN-G-    (0)    1 :  0.002 0.982 0.004 0.008 0.003 
201 TMA-ZAIN-G-    (0)    1 :  0.002 0.987 0.003 0.003 0.005 
202 TMA-ZAIN-G-    (0)    1 :  0.003 0.984 0.003 0.005 0.004 
203 TMA-ZAIN-G-    (0)    1 :  0.004 0.006 0.018 0.011 0.961 
204 TMA-ZAIN-G-    (9)    1 :  0.021 0.887 0.077 0.008 0.007 
205 TMA-ZAIN-G-    (0)    1 :  0.004 0.923 0.004 0.004 0.065 
206 TMA-ZAIN-G-    (9)    1 :  0.005 0.970 0.007 0.006 0.012 
207 TMA-ZAIN-G-    (9)    1 :  0.004 0.008 0.007 0.006 0.975 
208 TMA-ZAIN-G-    (0)    1 :  0.005 0.003 0.003 0.003 0.986 
209 TMA-ZAIN-G-    (0)    1 :  0.004 0.003 0.008 0.003 0.983 
210 TMA-ZAIN-G-    (0)    1 :  0.004 0.004 0.008 0.004 0.980 
211 TMA-ZAIN-G-    (0)    1 :  0.004 0.012 0.004 0.005 0.975 
212 TMA-ZAIN-G-    (0)    1 :  0.005 0.005 0.005 0.005 0.980 
213 TMA-ZAIN-G-    (0)    1 :  0.005 0.005 0.004 0.003 0.983 
214 TMA-ZAIN-G-    (0)    1 :  0.005 0.003 0.003 0.003 0.986 
215 TMA-ZAIN-G-    (0)    1 :  0.004 0.125 0.002 0.017 0.852 
216 TMA-ZAIN-G-    (0)    1 :  0.004 0.006 0.004 0.003 0.984 
217 TMA-ZAIN-G-    (0)    1 :  0.005 0.003 0.004 0.003 0.985 
218 TMA-ZAIN-G-    (0)    1 :  0.058 0.874 0.007 0.018 0.043 
219 TMA-ZAIN-G-    (0)    1 :  0.015 0.955 0.008 0.009 0.013 
220 TMA-ZAIN-G-    (0)    1 :  0.011 0.569 0.005 0.317 0.099 
221 TMA-ZAIN-G-    (0)    1 :  0.051 0.910 0.006 0.012 0.021 
222 TMA-ZAIN-G-    (0)    1 :  0.005 0.955 0.004 0.006 0.031 
223 TMA-ZAIN-G-    (0)    1 :  0.002 0.978 0.003 0.011 0.006 
224 TMA-ZAIN-G-    (0)    1 :  0.003 0.897 0.004 0.007 0.088 
225 TMA-ZAIN-G-    (0)    1 :  0.003 0.975 0.003 0.013 0.006 
226 TMA-ZAIN-G-    (0)    1 :  0.003 0.971 0.003 0.008 0.014 
227 TMA-ZAIN-G-    (0)    1 :  0.004 0.966 0.004 0.013 0.012 
228 TMA-ZAIN-G-    (0)    1 :  0.014 0.845 0.021 0.037 0.082 
229 TMA-ZAIN-G-    (0)    1 :  0.006 0.978 0.003 0.006 0.007 
230 TMA-ZAIN-G-    (0)    1 :  0.011 0.465 0.027 0.057 0.440 
231 TMA-ZAIN-G-    (0)    1 :  0.004 0.963 0.004 0.006 0.024 
232 TMA-ZAIN-G-    (9)    1 :  0.005 0.976 0.003 0.004 0.012 
233 TMA-ZAIN-G-    (0)    1 :  0.008 0.806 0.005 0.017 0.164 
234 TMA-ZAIN-G-    (0)    1 :  0.005 0.966 0.009 0.009 0.010 
235 TMA-ZAIN-G-    (0)    1 :  0.012 0.921 0.006 0.021 0.040 
236 TMA-ZAIN-G-    (0)    1 :  0.003 0.975 0.004 0.007 0.012 
237 TMA-ZAIN-G-    (0)    1 :  0.006 0.827 0.005 0.006 0.156 
238 TMA-ZAIN-G-    (0)    1 :  0.005 0.971 0.003 0.004 0.018 
239 TMA-ZAIN-G-    (0)    1 :  0.012 0.831 0.082 0.003 0.073 
240 TMA-ZAIN-G-    (0)    1 :  0.003 0.988 0.003 0.003 0.004 
241 TMA-ZAIN-G-    (0)    1 :  0.005 0.984 0.003 0.003 0.006 
242 TMA-ZAIN-G-    (0)    1 :  0.005 0.985 0.002 0.003 0.006 
243 TMA-ZAIN-G-    (0)    1 :  0.006 0.980 0.003 0.003 0.008 
244 TMA-ZAIN-G-    (0)    1 :  0.008 0.977 0.003 0.003 0.010 
245 TMA-ZAIN-G-    (9)    1 :  0.003 0.988 0.002 0.003 0.004 
246 TMA-ZAIN-G-    (0)    1 :  0.003 0.988 0.003 0.003 0.003 
247 TMA-ZAIN-G-    (0)    1 :  0.004 0.986 0.003 0.003 0.005 
248 TMA-ZAIN-G-    (0)    1 :  0.004 0.984 0.004 0.004 0.005 
249 TMA-ZAIN-G-    (0)    1 :  0.003 0.987 0.003 0.003 0.004 
250 TMA-ZAIN-G-    (0)    1 :  0.004 0.986 0.003 0.003 0.004 
251 TMA-ZAIN-G-    (0)    1 :  0.003 0.036 0.021 0.014 0.926 
252 TMA-ZAIN-G-    (0)    1 :  0.007 0.011 0.040 0.005 0.938 
253 TMA-ZAIN-G-    (0)    1 :  0.004 0.030 0.012 0.004 0.949 
254 TMA-ZAIN-G-    (9)    1 :  0.004 0.011 0.004 0.005 0.976 
255 TMA-ZAIN-G-    (0)    1 :  0.004 0.200 0.021 0.023 0.752 
256 TMA-ZAIN-G-    (0)    1 :  0.004 0.080 0.022 0.005 0.890 
257 TMA-ZAIN-G-    (0)    1 :  0.003 0.032 0.039 0.006 0.920 
258 TMA-ZAIN-G-    (0)    1 :  0.003 0.024 0.017 0.004 0.952 
259 TMA-ZAIN-G-    (0)    1 :  0.004 0.218 0.073 0.007 0.698 
260 TMA-ZAIN-G-    (0)    1 :  0.005 0.140 0.036 0.006 0.813 
261 TMA-ZAIN-G-   (18)    1 :  0.004 0.013 0.024 0.014 0.945 
262 TMA-ZAIN-G-    (0)    1 :  0.003 0.030 0.028 0.006 0.933 
263 TMA-ZAIN-G-    (0)    1 :  0.003 0.099 0.030 0.008 0.859 
264 TMA-ZAIN-G-    (0)    1 :  0.005 0.081 0.018 0.008 0.888 
265 TMA-ZAIN-G-    (0)    1 :  0.008 0.552 0.025 0.004 0.411 
266 TMA-ZAIN-G-    (0)    1 :  0.004 0.017 0.009 0.006 0.964 
267 TMA-ZAIN-G-    (0)    1 :  0.007 0.941 0.009 0.006 0.037 
268 TMA-ZAIN-G-    (0)    1 :  0.003 0.979 0.003 0.011 0.005 
269 TMA-ZAIN-G-    (0)    1 :  0.002 0.980 0.003 0.007 0.007 
270 TMA-ZAIN-G-    (0)    1 :  0.003 0.981 0.004 0.006 0.007 
271 TMA-ZAIN-G-    (0)    1 :  0.003 0.980 0.003 0.008 0.005 
272 TMA-ZAIN-G-    (0)    1 :  0.002 0.986 0.003 0.004 0.005 
273 TMA-ZAIN-G-    (0)    1 :  0.002 0.988 0.002 0.004 0.003 
274 TMA-ZAIN-G-    (0)    1 :  0.006 0.974 0.005 0.006 0.009 
275 TMA-ZAIN-G-    (0)    1 :  0.002 0.987 0.002 0.005 0.003 
276 TMA-ZAIN-G-    (0)    1 :  0.002 0.987 0.002 0.004 0.004 
277 TMA-ZAIN-G-    (0)    1 :  0.004 0.984 0.003 0.004 0.005 
278 TMA-ZAIN-G-    (0)    1 :  0.002 0.988 0.003 0.003 0.003 
279 TMA-ZAIN-G-    (0)    1 :  0.003 0.985 0.003 0.005 0.005 
280 TMA-ZAIN-G-    (0)    1 :  0.003 0.983 0.003 0.006 0.006 
281 TMA-ZAIN-G-    (0)    1 :  0.003 0.985 0.003 0.005 0.005 
282 TMA-ZAIN-G-    (9)    1 :  0.003 0.986 0.003 0.005 0.003 
283 TMA-ZAIN-G-    (0)    1 :  0.003 0.982 0.003 0.006 0.006 
284 TMA-ZAIN-G-    (0)    1 :  0.004 0.972 0.005 0.009 0.010 
285 TMA-ZAIN-G-    (0)    1 :  0.004 0.982 0.004 0.004 0.006 
286 TMA-ZAIN-G-    (0)    1 :  0.003 0.985 0.003 0.006 0.003 
287 TMA-ZAIN-G-    (0)    1 :  0.005 0.980 0.004 0.005 0.005 
288 TMA-ZAIN-G-    (0)    1 :  0.008 0.962 0.004 0.008 0.018 
289 TMA-ZAIN-G-    (0)    1 :  0.005 0.979 0.004 0.005 0.007 
290 TMA-ZAIN-G-    (0)    1 :  0.004 0.969 0.004 0.013 0.010 
291 TMA-ZAIN-G-    (0)    1 :  0.066 0.811 0.014 0.094 0.016 
292 TMA-ZAIN-G-    (0)    1 :  0.005 0.013 0.003 0.006 0.973 
293 TMA-ZAIN-G-    (0)    1 :  0.003 0.007 0.004 0.003 0.982 
294 TMA-ZAIN-G-    (0)    1 :  0.013 0.005 0.011 0.004 0.968 
295 TMA-ZAIN-G-    (9)    1 :  0.011 0.008 0.010 0.006 0.965 
296 TMA-ZAIN-G-    (0)    1 :  0.004 0.007 0.005 0.006 0.978 
297 TMA-ZAIN-G-    (0)    1 :  0.004 0.006 0.004 0.004 0.982 
298 TMA-ZAIN-G-    (0)    1 :  0.004 0.010 0.005 0.005 0.975 
299 TMA-ZAIN-G-    (0)    1 :  0.006 0.008 0.003 0.004 0.979 
300 TMA-ZAIN-G-    (0)    1 :  0.018 0.006 0.010 0.004 0.962 
301 TMA-ZAIN-G-    (0)    1 :  0.005 0.006 0.004 0.003 0.981 
302 TMA-ZAIN-G-    (9)    1 :  0.005 0.004 0.004 0.003 0.984 
303 TMA-ZAIN-G-    (0)    1 :  0.053 0.716 0.173 0.015 0.043 
304 TMA-ZAIN-G-    (0)    2 :  0.006 0.023 0.006 0.005 0.959 
305 TMA-ZAIN-G-    (0)    2 :  0.005 0.005 0.003 0.003 0.984 
306 TMA-ZAIN-G-    (0)    2 :  0.005 0.113 0.008 0.003 0.870 
307 TMA-ZAIN-G-    (0)    2 :  0.007 0.020 0.004 0.004 0.964 
308 TMA-ZAIN-G-    (0)    2 :  0.005 0.610 0.217 0.006 0.163 
309 TMA-ZAIN-G-    (0)    2 :  0.005 0.004 0.003 0.003 0.985 
310 TMA-ZAIN-G-    (0)    2 :  0.005 0.008 0.004 0.004 0.978 
311 TMA-ZAIN-G-    (0)    2 :  0.004 0.006 0.005 0.008 0.977 
312 TMA-ZAIN-G-    (0)    2 :  0.004 0.008 0.005 0.007 0.977 
313 TMA-ZAIN-G-    (0)    2 :  0.006 0.007 0.011 0.004 0.972 
314 TMA-ZAIN-G-    (0)    2 :  0.006 0.924 0.005 0.053 0.012 
315 TMA-ZAIN-G-    (0)    2 :  0.006 0.495 0.003 0.006 0.490 
316 TMA-ZAIN-G-    (0)    2 :  0.005 0.545 0.003 0.009 0.438 
317 TMA-ZAIN-G-    (0)    2 :  0.005 0.919 0.003 0.031 0.043 
318 TMA-ZAIN-G-    (9)    2 :  0.004 0.980 0.004 0.006 0.006 
319 TMA-ZAIN-G-    (0)    3 :  0.003 0.691 0.009 0.093 0.204 
320 TMA-ZAIN-G-    (0)    3 :  0.005 0.351 0.004 0.007 0.633 
321 TMA-ZAIN-G-    (0)    4 :  0.010 0.223 0.003 0.033 0.731 
322 TMA-ZAIN-G-    (0)    4 :  0.005 0.268 0.004 0.022 0.701 
323 TMA-ZAIN-G-    (0)    5 :  0.011 0.731 0.012 0.005 0.241 
324 TMA-ZAIN-G-    (0)    5 :  0.004 0.006 0.006 0.007 0.977 
325 TMA-ZAIN-G-    (0)    5 :  0.053 0.894 0.008 0.026 0.019 
326 TMA-ZAIN-G-    (0)    5 :  0.017 0.307 0.048 0.072 0.556 
327 TMA-ZAIN-G-    (0)    5 :  0.004 0.004 0.017 0.004 0.971 
328 TMA-ZAIN-G-    (0)    5 :  0.015 0.681 0.011 0.008 0.284 
329 TMA-ZAIN-G-    (0)    5 :  0.005 0.006 0.004 0.003 0.982 
330 TMA-ZAIN-G-    (0)    6 :  0.004 0.003 0.004 0.003 0.985 
331 TMA-ZAIN-G-    (0)    6 :  0.031 0.160 0.099 0.043 0.668 
332 TMA-ZAIN-G-    (0)    6 :  0.005 0.004 0.006 0.004 0.981 
333 TMA-ZAIN-G-    (0)    6 :  0.003 0.005 0.039 0.005 0.949 
334 TMA-ZAIN-G-    (0)    6 :  0.003 0.985 0.003 0.005 0.004 
335 TMA-ZAIN-G-    (0)    6 :  0.002 0.988 0.002 0.004 0.005 
336 TMA-ZAIN-G-    (0)    6 :  0.003 0.981 0.003 0.005 0.008 
337 TMA-ZAIN-G-    (9)    6 :  0.003 0.981 0.003 0.006 0.006 
338 TMA-ZAIN-G-    (0)    6 :  0.002 0.983 0.003 0.009 0.003 
339 TMA-ZAIN-G-    (0)    6 :  0.002 0.986 0.002 0.007 0.002 
340 TMA-ZAIN-G-    (0)    6 :  0.002 0.988 0.002 0.004 0.004 
341 TMA-ZAIN-G-    (0)    6 :  0.003 0.986 0.002 0.005 0.005 
342 TMA-ZAIN-G-    (0)    6 :  0.002 0.986 0.002 0.005 0.004 
343 TMA-ZAIN-G-    (0)    7 :  0.002 0.987 0.002 0.006 0.003 
344 TMA-ZAIN-G-    (0)    7 :  0.003 0.985 0.003 0.004 0.004 
345 TMA-ZAIN-G-    (0)    7 :  0.002 0.989 0.002 0.004 0.003 
346 TMA-ZAIN-G-    (0)    7 :  0.002 0.988 0.002 0.005 0.004 
347 TMA-ZAIN-G-    (9)    7 :  0.002 0.987 0.002 0.004 0.004 
348 TMA-ZAIN-G-    (0)    7 :  0.003 0.981 0.004 0.005 0.007 
349 TMA-ZAIN-G-    (0)    7 :  0.003 0.986 0.003 0.004 0.004 
350 TMA-ZAIN-G-    (0)    7 :  0.003 0.983 0.003 0.004 0.007 
351 TMA-ZAIN-G-    (0)    7 :  0.003 0.986 0.003 0.004 0.005 
352 TMA-ZAIN-G-    (0)    7 :  0.002 0.982 0.003 0.005 0.007 
353 TMA-ZAIN-G-    (0)    7 :  0.003 0.980 0.004 0.006 0.007 
354 TMA-ZAIN-G-    (0)    7 :  0.003 0.984 0.002 0.006 0.005 
355 TMA-ZAIN-G-    (0)    7 :  0.003 0.980 0.003 0.006 0.008 
356 TMA-ZAIN-G-    (0)    8 :  0.005 0.005 0.003 0.002 0.985 
357 TMA-ZAIN-G-    (0)    8 :  0.005 0.005 0.004 0.004 0.983 
358 TMA-ZAIN-G-    (0)    8 :  0.014 0.008 0.007 0.005 0.965 
359 TMA-ZAIN-G-    (0)    8 :  0.005 0.109 0.003 0.006 0.876 
360 TMA-ZAIN-G-    (0)    8 :  0.005 0.004 0.002 0.003 0.986 
361 TMA-ZAIN-G-    (0)    8 :  0.048 0.004 0.031 0.030 0.888 
362 TMA-ZAIN-G-    (0)    8 :  0.004 0.011 0.003 0.005 0.977 
363 TMA-ZAIN-G-    (0)    9 :  0.004 0.013 0.005 0.004 0.974 
364 TMA-ZAIN-G-    (0)    9 :  0.003 0.959 0.003 0.015 0.020 
365 TMA-ZAIN-G-    (0)    9 :  0.008 0.306 0.003 0.007 0.676 
366 TMA-ZAIN-G-    (0)    9 :  0.017 0.009 0.019 0.004 0.951 
367 TMA-ZAIN-G-    (0)    9 :  0.004 0.006 0.007 0.012 0.970 
368 TMA-ZAIN-G-    (0)    9 :  0.018 0.005 0.014 0.004 0.959 
369 TMA-ZAIN-G-    (0)    9 :  0.005 0.004 0.003 0.003 0.986 
370 TMA-ZAIN-G-    (0)    9 :  0.067 0.008 0.032 0.028 0.865 
371 TMA-ZAIN-G-    (0)    9 :  0.006 0.004 0.003 0.004 0.984 
372 TMA-ZAIN-G-    (0)    9 :  0.011 0.004 0.004 0.003 0.979 
373 TMA-ZAIN-G-    (0)    9 :  0.004 0.006 0.012 0.007 0.971 
374 TMA-ZAIN-G-    (0)   10 :  0.005 0.084 0.006 0.061 0.844 
375 TMA-ZAIN-G-    (0)   10 :  0.004 0.371 0.003 0.010 0.611 
376 TMA-ZAIN-G-    (9)   10 :  0.005 0.004 0.003 0.003 0.985 
377 TMA-ZAIN-G-    (0)   10 :  0.006 0.003 0.003 0.002 0.986 
378 TMA-ZAIN-G-    (0)   10 :  0.007 0.003 0.002 0.003 0.986 
379 TMA-ZAIN-G-    (0)   10 :  0.005 0.003 0.003 0.003 0.987 
380 TMA-ZAIN-G-    (0)   10 :  0.011 0.004 0.007 0.003 0.975 
381 TMA-ZAIN-G-    (9)   10 :  0.067 0.506 0.034 0.048 0.344 
382 TMA-ZAIN-G-    (9)   10 :  0.008 0.948 0.009 0.025 0.010 
383    ZFB01    (0)   11 :  0.006 0.024 0.005 0.751 0.214 
384    ZFB02    (0)   11 :  0.004 0.018 0.005 0.957 0.015 
385    ZFB03    (0)   11 :  0.006 0.015 0.010 0.951 0.018 
386    ZFB04    (0)   11 :  0.006 0.020 0.005 0.948 0.021 
387    ZFB05    (0)   11 :  0.003 0.070 0.014 0.894 0.019 
388    ZFB06    (0)   11 :  0.003 0.038 0.006 0.937 0.016 
389    ZFB07    (9)   11 :  0.014 0.009 0.007 0.963 0.007 
390    ZFB08    (0)   11 :  0.005 0.013 0.007 0.963 0.012 
391    ZFB09    (0)   11 :  0.004 0.016 0.004 0.947 0.029 
392    ZFB10    (0)   11 :  0.018 0.039 0.006 0.830 0.107 
393    ZFB11    (0)   11 :  0.007 0.069 0.006 0.559 0.359 
394    ZFB12    (0)   11 :  0.006 0.025 0.006 0.850 0.113 
395    ZFB13    (0)   11 :  0.008 0.011 0.006 0.971 0.005 
396    ZFB14    (0)   11 :  0.008 0.015 0.006 0.952 0.019 
397    ZFB15    (0)   11 :  0.004 0.057 0.003 0.906 0.030 
398    ZFB16    (0)   11 :  0.005 0.042 0.004 0.935 0.014 
399    ZFB17    (0)   11 :  0.005 0.041 0.006 0.922 0.026 
400    ZFB18    (0)   11 :  0.006 0.019 0.005 0.914 0.056 
401    ZFB19    (0)   11 :  0.028 0.013 0.005 0.941 0.013 
402    ZFB20    (0)   11 :  0.005 0.086 0.004 0.879 0.027 
403    ZFB21    (0)   11 :  0.004 0.055 0.004 0.920 0.017 
404    ZFB22    (0)   11 :  0.006 0.071 0.004 0.832 0.087 
405    ZFB23    (0)   11 :  0.012 0.043 0.010 0.832 0.102 
406    ZFB24    (0)   11 :  0.006 0.031 0.005 0.663 0.294 
407    ZFB25    (0)   11 :  0.038 0.087 0.014 0.718 0.143 
408    ZFB26    (0)   11 :  0.023 0.073 0.011 0.777 0.116 
409    ZFB27    (0)   11 :  0.008 0.390 0.011 0.428 0.163 
410    ZFB28    (0)   11 :  0.033 0.640 0.121 0.193 0.012 
411    ZFB29    (0)   11 :  0.005 0.039 0.005 0.858 0.093 
412    ZFB30    (0)   11 :  0.008 0.122 0.006 0.787 0.078 
413    ZFB31    (0)   11 :  0.031 0.026 0.006 0.922 0.014 
414    ZFB32    (0)   11 :  0.013 0.112 0.124 0.704 0.048 
415    ZFB33    (0)   11 :  0.004 0.052 0.004 0.878 0.062 
416    ZFB34    (0)   11 :  0.005 0.007 0.006 0.970 0.012 
417    ZFB35    (0)   11 :  0.010 0.012 0.007 0.949 0.023 
418  ZFBP101    (0)   12 :  0.851 0.011 0.111 0.019 0.008 
419  ZFBP102    (0)   12 :  0.928 0.014 0.026 0.024 0.008 
420  ZFBP103    (0)   12 :  0.653 0.004 0.327 0.009 0.007 
421  ZFBP104    (0)   12 :  0.900 0.030 0.005 0.062 0.003 
422  ZFBP105    (0)   12 :  0.968 0.010 0.008 0.009 0.005 
423  ZFBP106    (0)   12 :  0.977 0.003 0.012 0.004 0.004 
424  ZFBP107    (0)   12 :  0.948 0.017 0.016 0.013 0.006 
425  ZFBP108    (0)   12 :  0.985 0.003 0.004 0.004 0.004 
426  ZFBP109    (0)   12 :  0.967 0.003 0.005 0.004 0.021 
427  ZFBP110    (0)   12 :  0.678 0.010 0.254 0.036 0.022 
428  ZFBP111    (0)   12 :  0.985 0.002 0.005 0.003 0.004 
429  ZFBP112    (0)   12 :  0.974 0.006 0.009 0.006 0.005 
430  ZFBP113    (0)   12 :  0.982 0.005 0.004 0.005 0.004 
431  ZFBP114    (0)   12 :  0.975 0.005 0.009 0.005 0.006 
432  ZFBP115    (0)   12 :  0.973 0.003 0.016 0.004 0.005 
433  ZFBP116    (0)   12 :  0.983 0.003 0.006 0.004 0.004 
434  ZFBP117    (0)   12 :  0.982 0.002 0.007 0.004 0.005 
435  ZFBP118    (0)   12 :  0.979 0.005 0.006 0.004 0.005 
436  ZFBP119    (0)   12 :  0.959 0.003 0.029 0.005 0.005 
437  ZFBP120    (0)   12 :  0.974 0.007 0.007 0.008 0.005 
438  ZFBP121    (0)   12 :  0.974 0.004 0.010 0.006 0.006 
439  ZFBP122    (9)   12 :  0.982 0.003 0.006 0.004 0.005 
440  ZFBP123    (0)   12 :  0.973 0.004 0.012 0.006 0.004 
441  ZFBP124    (0)   12 :  0.978 0.004 0.006 0.007 0.005 
442  ZFBP125    (0)   12 :  0.984 0.002 0.007 0.003 0.004 
443  ZFBP126    (0)   12 :  0.923 0.009 0.029 0.027 0.011 
444  ZFBP127    (0)   12 :  0.975 0.003 0.011 0.004 0.008 
445  ZFBP128    (0)   12 :  0.982 0.003 0.007 0.003 0.005 
446  ZFBP129    (0)   12 :  0.979 0.003 0.008 0.005 0.005 
447  ZFBP130    (0)   12 :  0.982 0.002 0.008 0.003 0.005 
448  ZFBP131    (0)   12 :  0.981 0.003 0.005 0.005 0.006 
449  ZFBP132    (0)   12 :  0.981 0.003 0.007 0.004 0.006 
450  ZFBP133    (0)   12 :  0.985 0.002 0.005 0.004 0.004 
451  ZFBP134    (0)   12 :  0.972 0.003 0.015 0.004 0.006 
452  ZFBP135    (0)   12 :  0.697 0.008 0.264 0.022 0.009 
453  ZFBP136    (0)   12 :  0.918 0.006 0.068 0.005 0.004 
454  ZFBP201    (0)   13 :  0.972 0.005 0.010 0.007 0.006 
455  ZFBP202    (0)   13 :  0.980 0.004 0.005 0.006 0.006 
456  ZFBP203    (0)   13 :  0.957 0.015 0.006 0.015 0.006 
457  ZFBP204    (0)   13 :  0.962 0.005 0.023 0.005 0.005 
458  ZFBP205    (0)   13 :  0.981 0.003 0.007 0.004 0.005 
459  ZFBP206    (0)   13 :  0.974 0.004 0.009 0.007 0.005 
460  ZFBP207    (0)   13 :  0.967 0.003 0.023 0.004 0.003 
461  ZFBP208    (0)   13 :  0.974 0.006 0.007 0.008 0.005 
462  ZFBP209    (0)   13 :  0.981 0.002 0.005 0.003 0.008 
463  ZFBP210    (0)   13 :  0.974 0.005 0.007 0.008 0.006 
464  ZFBP211    (0)   13 :  0.978 0.004 0.006 0.005 0.006 
465  ZFBP212    (0)   13 :  0.982 0.003 0.005 0.004 0.006 
466  ZFBP213    (0)   13 :  0.966 0.004 0.014 0.010 0.005 
467  ZFBP214    (0)   13 :  0.932 0.004 0.048 0.009 0.008 
468  ZFBP215    (0)   13 :  0.981 0.003 0.007 0.004 0.005 
469  ZFBP216    (0)   13 :  0.970 0.009 0.006 0.009 0.006 
470  ZFBP217    (0)   13 :  0.980 0.002 0.007 0.004 0.006 
471  ZFBP218    (0)   13 :  0.986 0.003 0.004 0.004 0.004 
472  ZFBP219    (0)   13 :  0.984 0.003 0.004 0.004 0.005 
473  ZFBP220    (0)   13 :  0.979 0.003 0.009 0.004 0.005 
474  ZFBP221    (0)   13 :  0.984 0.004 0.004 0.004 0.004 
475  ZFBP222    (0)   13 :  0.976 0.004 0.007 0.007 0.006 
476  ZFBP223    (0)   13 :  0.948 0.004 0.034 0.007 0.006 
477  ZFBP224    (0)   13 :  0.978 0.004 0.007 0.006 0.005 
478  ZFBP225    (0)   13 :  0.976 0.004 0.012 0.004 0.005 
479  ZFBP226    (0)   13 :  0.982 0.004 0.005 0.005 0.005 
480  ZFBP227    (0)   13 :  0.860 0.028 0.009 0.099 0.005 
481  ZFBP228    (0)   13 :  0.971 0.003 0.015 0.004 0.006 
482  ZFBP229    (0)   13 :  0.982 0.003 0.006 0.004 0.005 
483  ZFBP230    (0)   13 :  0.976 0.004 0.010 0.004 0.005 
484  ZFBP231    (0)   13 :  0.978 0.004 0.007 0.006 0.005 
485  ZFBP232    (0)   13 :  0.983 0.003 0.005 0.003 0.005 
486  ZFBP233    (0)   13 :  0.976 0.004 0.007 0.006 0.007 
487   ZFCC01    (0)   14 :  0.005 0.006 0.970 0.015 0.004 
488   ZFCC03    (0)   14 :  0.005 0.003 0.983 0.006 0.003 
489   ZFCC04    (0)   14 :  0.006 0.003 0.980 0.008 0.003 
490   ZFCC05    (0)   14 :  0.006 0.004 0.977 0.009 0.004 
491   ZFCC08    (0)   14 :  0.024 0.002 0.964 0.007 0.003 
492   ZFCC09    (0)   14 :  0.004 0.002 0.984 0.007 0.002 
493   ZFCC10    (0)   14 :  0.006 0.007 0.968 0.016 0.003 
494   ZFCC11    (0)   14 :  0.005 0.007 0.978 0.006 0.004 
495   ZFCC12    (0)   14 :  0.006 0.009 0.876 0.105 0.004 
496   ZFCC13    (0)   14 :  0.013 0.005 0.971 0.007 0.005 
497   ZFCC14    (0)   14 :  0.009 0.004 0.967 0.016 0.005 
498   ZFCC15    (0)   14 :  0.005 0.004 0.976 0.011 0.004 
499   ZFCC16    (0)   14 :  0.004 0.003 0.980 0.009 0.003 
500   ZFCC17    (0)   14 :  0.003 0.003 0.981 0.010 0.003 
501   ZFCC18    (0)   14 :  0.005 0.003 0.981 0.007 0.004 
502   ZFCC19    (0)   14 :  0.004 0.012 0.967 0.014 0.003 
503   ZFCC20    (0)   14 :  0.005 0.002 0.984 0.006 0.003 
504   ZFCC21    (0)   14 :  0.114 0.005 0.812 0.062 0.006 
505   ZFCC22    (0)   14 :  0.491 0.004 0.483 0.016 0.006 
506   ZFCC26    (0)   14 :  0.004 0.003 0.982 0.008 0.003 
507   ZFCC27    (0)   14 :  0.004 0.005 0.984 0.004 0.003 
508   ZFCC29    (0)   14 :  0.005 0.003 0.971 0.018 0.003 
509   ZFCC30    (0)   14 :  0.004 0.005 0.983 0.004 0.003 
510   ZFCC32    (0)   14 :  0.005 0.004 0.973 0.014 0.003 
511   ZFCC33    (0)   14 :  0.004 0.005 0.981 0.008 0.003 
512   ZFCC34    (0)   14 :  0.026 0.003 0.951 0.014 0.005 
513   ZFCC35    (0)   14 :  0.005 0.006 0.982 0.004 0.003 
514   ZFCC36    (0)   14 :  0.012 0.005 0.964 0.014 0.005 
515   ZFCC37    (0)   14 :  0.009 0.009 0.874 0.105 0.004 
516   ZFCC40    (0)   14 :  0.007 0.011 0.966 0.010 0.005 
517   ZFCC42    (0)   14 :  0.006 0.042 0.664 0.285 0.003 
518   ZFCC44    (0)   14 :  0.003 0.003 0.987 0.004 0.003 
519   ZFCC45    (9)   14 :  0.006 0.008 0.947 0.035 0.004 
520   ZFCC46    (0)   14 :  0.014 0.003 0.975 0.004 0.004 
521   ZFCC47    (0)   14 :  0.007 0.008 0.924 0.059 0.003 
522   ZFCC48    (0)   14 :  0.060 0.003 0.913 0.018 0.005 
523   ZFCC50    (0)   14 :  0.004 0.003 0.982 0.008 0.003 
524   ZFCC51    (0)   14 :  0.004 0.002 0.987 0.004 0.003 
525   ZFCC52    (0)   14 :  0.012 0.008 0.971 0.005 0.004 
526   ZFCC53    (0)   14 :  0.003 0.005 0.983 0.005 0.003 
527  ZFCNS01    (0)   15 :  0.019 0.007 0.961 0.009 0.005 
528  ZFCNS02    (0)   15 :  0.013 0.003 0.977 0.004 0.004 
529  ZFCNS05    (0)   15 :  0.022 0.003 0.963 0.006 0.005 
530  ZFCNS06    (0)   15 :  0.013 0.003 0.975 0.005 0.004 
531  ZFCNS07    (0)   15 :  0.503 0.003 0.482 0.005 0.006 
532  ZFCNS10    (0)   15 :  0.099 0.003 0.889 0.004 0.005 
533  ZFCNS11    (0)   15 :  0.012 0.004 0.974 0.005 0.004 
534  ZFCNS15    (0)   15 :  0.852 0.003 0.132 0.007 0.007 
535  ZFCNS17    (0)   15 :  0.011 0.003 0.978 0.003 0.005 
536  ZFCNS18    (0)   15 :  0.035 0.003 0.953 0.004 0.005 
537  ZFCNS19    (0)   15 :  0.007 0.003 0.983 0.005 0.003 
538  ZFCNS20    (0)   15 :  0.142 0.003 0.843 0.005 0.007 
539  ZFCNS21    (0)   15 :  0.008 0.003 0.981 0.004 0.004 
540  ZFCNS22    (0)   15 :  0.192 0.004 0.788 0.007 0.009 
541  ZFCNS23    (0)   15 :  0.014 0.003 0.973 0.006 0.004 
542  ZFCNS24    (0)   15 :  0.009 0.002 0.983 0.004 0.003 
543  ZFCNS25    (0)   15 :  0.085 0.003 0.902 0.004 0.005 
544  ZFCNS26    (0)   15 :  0.408 0.003 0.574 0.007 0.007 
545  ZFCNS27    (0)   15 :  0.906 0.004 0.079 0.006 0.005 
546  ZFCNS28    (0)   15 :  0.026 0.003 0.958 0.007 0.006 
547  ZFCNS29    (0)   15 :  0.018 0.003 0.970 0.004 0.005 
548  ZFCNS30    (0)   15 :  0.008 0.003 0.980 0.005 0.004 
549  ZFCNS31    (0)   15 :  0.076 0.003 0.910 0.006 0.006 
550  ZFCNS32    (0)   15 :  0.042 0.003 0.944 0.006 0.004 
551  ZFCNS33    (0)   15 :  0.034 0.003 0.955 0.005 0.004 
552  ZFCNS34    (0)   15 :  0.006 0.003 0.985 0.004 0.003 
553  ZFCNS35    (0)   15 :  0.025 0.006 0.957 0.007 0.004 
554  ZFCNS36    (0)   15 :  0.007 0.002 0.984 0.004 0.003 
555  ZFCNS37    (0)   15 :  0.090 0.003 0.889 0.006 0.011 
556  ZFCNS39    (0)   15 :  0.012 0.002 0.979 0.003 0.004 
557  ZFCNS40    (0)   15 :  0.049 0.003 0.936 0.004 0.007 
558  ZFCNS41    (0)   15 :  0.259 0.012 0.709 0.011 0.009 
559  ZFCNS42    (0)   15 :  0.067 0.003 0.918 0.005 0.006 
560  ZFCNS43    (0)   15 :  0.007 0.003 0.983 0.004 0.003 
561  ZFCNS44    (0)   15 :  0.020 0.003 0.968 0.004 0.005 
562  ZFCNS45    (0)   15 :  0.011 0.003 0.979 0.004 0.004 
563  ZFCNS46    (0)   15 :  0.029 0.003 0.957 0.005 0.006 
564  ZFCNS47    (0)   15 :  0.012 0.003 0.977 0.004 0.004 
565  ZFCNS48    (0)   15 :  0.053 0.003 0.935 0.004 0.005 
566  ZFCNS49    (0)   15 :  0.841 0.003 0.146 0.005 0.005 
567   ZFCR01    (0)   16 :  0.018 0.004 0.006 0.953 0.019 
568   ZFCR02    (0)   16 :  0.064 0.031 0.032 0.801 0.072 
569   ZFCR03    (0)   16 :  0.020 0.005 0.010 0.959 0.005 
570   ZFCR04    (0)   16 :  0.028 0.005 0.014 0.942 0.011 
571   ZFCR05    (0)   16 :  0.008 0.005 0.013 0.967 0.007 
572   ZFCR06    (0)   16 :  0.244 0.006 0.073 0.647 0.030 
573   ZFCR07    (0)   16 :  0.028 0.010 0.161 0.797 0.004 
574   ZFCR08    (0)   16 :  0.073 0.008 0.042 0.855 0.022 
575   ZFCR09    (0)   16 :  0.059 0.025 0.058 0.847 0.011 
576   ZFCR11    (0)   16 :  0.084 0.007 0.019 0.876 0.015 
577   ZFCR12    (0)   16 :  0.135 0.003 0.252 0.604 0.006 
578   ZFCR13    (0)   16 :  0.145 0.014 0.011 0.809 0.021 
579   ZFCR14    (0)   16 :  0.027 0.007 0.024 0.926 0.015 
580   ZFCR15    (0)   16 :  0.036 0.005 0.017 0.937 0.005 
581   ZFCR16    (0)   16 :  0.030 0.005 0.006 0.812 0.147 
582   ZFCR18    (0)   16 :  0.009 0.055 0.016 0.889 0.032 
583   ZFCR19    (0)   16 :  0.091 0.005 0.024 0.869 0.011 
584   ZFCR20    (0)   16 :  0.034 0.008 0.010 0.939 0.010 
585   ZFCR21    (0)   16 :  0.017 0.005 0.017 0.959 0.003 
586   ZFCR22    (0)   16 :  0.032 0.006 0.008 0.948 0.006 
587   ZFCR23    (0)   16 :  0.072 0.032 0.005 0.850 0.041 
588   ZFCR24    (9)   16 :  0.439 0.006 0.008 0.535 0.012 
589   ZFCR25    (0)   16 :  0.008 0.002 0.006 0.981 0.003 
590   ZFCR26    (0)   16 :  0.053 0.005 0.026 0.912 0.005 
591   ZFCR27    (9)   16 :  0.003 0.015 0.004 0.973 0.005 
