

----------------------------------------------------
STRUCTURE by Pritchard, Stephens and Donnelly (2000)
     and Falush, Stephens and Pritchard (2003)
       Code by Pritchard, Falush and Hubisz
             Version 2.3.4 (Jul 2012)
----------------------------------------------------



Command line arguments:   bin\structure -m C:\Users\eschumacher\Documents\GitHub\GCC_QUAC_ZAIN\Data_Files\Structure_Files\ZAIN\ZAIN_og_allpop_STR\50-50\mainparams -e C:\Users\eschumacher\Documents\GitHub\GCC_QUAC_ZAIN\Data_Files\Structure_Files\ZAIN\ZAIN_og_allpop_STR\50-50\extraparams 
Input File:    C:\Users\eschumacher\Documents\GitHub\GCC_QUAC_ZAIN\Data_Files\Structure_Files\ZAIN\ZAIN_og_allpop_STR\project_data

Run parameters:
   1135 individuals
   11 loci
   4 populations assumed
   50000 Burn-in period
   50000 Reps


--------------------------------------------
Proportion of membership of each pre-defined
 population in each of the 4 clusters

Given    Inferred Clusters              Number of
 Pop       1      2      3      4      Individuals

  1:     0.602  0.375  0.011  0.012      303
  2:     0.672  0.306  0.008  0.014       15
  3:     0.451  0.470  0.004  0.075        2
  4:     0.725  0.229  0.007  0.039        2
  5:     0.579  0.377  0.018  0.026        7
  6:     0.286  0.691  0.006  0.017       13
  7:     0.005  0.988  0.003  0.004       13
  8:     0.959  0.014  0.015  0.012        7
  9:     0.857  0.118  0.015  0.011       11
 10:     0.745  0.203  0.015  0.037        9
 11:     0.074  0.061  0.010  0.856       35
 12:     0.007  0.006  0.978  0.009       36
 13:     0.007  0.005  0.978  0.010       33
 14:     0.010  0.017  0.512  0.461       40
 15:     0.005  0.004  0.987  0.005       40
 16:     0.021  0.012  0.072  0.895       40
 17:     0.019  0.035  0.037  0.909       37
 18:     0.006  0.003  0.983  0.008       40
 19:     0.004  0.015  0.026  0.955       28
 20:     0.005  0.015  0.274  0.707       14
 21:     0.005  0.015  0.018  0.962       13
 22:     0.005  0.003  0.987  0.005       14
 23:     0.005  0.006  0.981  0.008       25
 24:     0.009  0.004  0.977  0.010       40
 25:     0.041  0.016  0.621  0.323       32
 26:     0.013  0.050  0.009  0.928       21
 27:     0.019  0.045  0.011  0.926        4
 28:     0.007  0.013  0.025  0.955       23
 29:     0.005  0.004  0.007  0.984       39
 30:     0.004  0.009  0.004  0.983       38
 31:     0.005  0.004  0.984  0.007       45
 32:     0.006  0.006  0.980  0.008       28
 33:     0.031  0.019  0.008  0.943        6
 34:     0.008  0.034  0.127  0.831       40
 35:     0.018  0.034  0.077  0.870       42
--------------------------------------------

Allele-freq. divergence among pops (Net nucleotide distance),
computed using point estimates of P.

      1       2       3       4      
 1      -    0.1548  0.2607  0.2316  
 2   0.1548     -    0.3087  0.1589  
 3   0.2607  0.3087     -    0.1313  
 4   0.2316  0.1589  0.1313     -    

Average distances (expected heterozygosity) between individuals in same cluster:
cluster  1  : 0.4859 
cluster  2  : 0.5282 
cluster  3  : 0.4784 
cluster  4  : 0.5595 

--------------------------------------------
Estimated Ln Prob of Data   = -25569.2
Mean value of ln likelihood = -25122.3
Variance of ln likelihood   = 894.0
Mean value of alpha         = 0.0370

Mean value of Fst_1         = 0.2849
Mean value of Fst_2         = 0.2290
Mean value of Fst_3         = 0.4308
Mean value of Fst_4         = 0.2314


Inferred ancestry of individuals:
        Label (%Miss) Pop:  Inferred clusters
  1 TMA-ZAIN-G-    (9)    1 :  0.108 0.831 0.004 0.057 
  2 TMA-ZAIN-G-    (0)    1 :  0.075 0.684 0.133 0.108 
  3 TMA-ZAIN-G-    (0)    1 :  0.988 0.004 0.004 0.003 
  4 TMA-ZAIN-G-    (0)    1 :  0.803 0.148 0.004 0.045 
  5 TMA-ZAIN-G-    (0)    1 :  0.008 0.974 0.006 0.013 
  6 TMA-ZAIN-G-    (0)    1 :  0.918 0.058 0.006 0.018 
  7 TMA-ZAIN-G-    (0)    1 :  0.977 0.011 0.006 0.006 
  8 TMA-ZAIN-G-    (0)    1 :  0.988 0.004 0.005 0.003 
  9 TMA-ZAIN-G-    (9)    1 :  0.877 0.006 0.068 0.049 
 10 TMA-ZAIN-G-    (0)    1 :  0.987 0.005 0.004 0.004 
 11 TMA-ZAIN-G-    (0)    1 :  0.974 0.008 0.013 0.005 
 12 TMA-ZAIN-G-    (0)    1 :  0.988 0.003 0.005 0.004 
 13 TMA-ZAIN-G-    (9)    1 :  0.939 0.045 0.008 0.008 
 14 TMA-ZAIN-G-    (9)    1 :  0.975 0.008 0.006 0.011 
 15 TMA-ZAIN-G-    (0)    1 :  0.985 0.005 0.004 0.006 
 16 TMA-ZAIN-G-    (0)    1 :  0.987 0.005 0.004 0.004 
 17 TMA-ZAIN-G-    (9)    1 :  0.982 0.010 0.003 0.005 
 18 TMA-ZAIN-G-    (0)    1 :  0.021 0.966 0.004 0.009 
 19 TMA-ZAIN-G-    (0)    1 :  0.095 0.895 0.003 0.007 
 20 TMA-ZAIN-G-    (0)    1 :  0.004 0.988 0.003 0.005 
 21 TMA-ZAIN-G-    (0)    1 :  0.010 0.979 0.007 0.005 
 22 TMA-ZAIN-G-    (0)    1 :  0.003 0.990 0.003 0.005 
 23 TMA-ZAIN-G-    (0)    1 :  0.006 0.986 0.003 0.005 
 24 TMA-ZAIN-G-    (9)    1 :  0.053 0.899 0.045 0.004 
 25 TMA-ZAIN-G-    (9)    1 :  0.051 0.907 0.010 0.032 
 26 TMA-ZAIN-G-    (9)    1 :  0.910 0.077 0.009 0.004 
 27 TMA-ZAIN-G-    (0)    1 :  0.072 0.861 0.013 0.054 
 28 TMA-ZAIN-G-    (0)    1 :  0.131 0.592 0.055 0.223 
 29 TMA-ZAIN-G-    (0)    1 :  0.814 0.143 0.013 0.030 
 30 TMA-ZAIN-G-    (0)    1 :  0.877 0.024 0.075 0.024 
 31 TMA-ZAIN-G-    (0)    1 :  0.008 0.979 0.005 0.008 
 32 TMA-ZAIN-G-    (9)    1 :  0.324 0.661 0.009 0.007 
 33 TMA-ZAIN-G-   (18)    1 :  0.988 0.004 0.004 0.003 
 34 TMA-ZAIN-G-    (0)    1 :  0.936 0.055 0.006 0.004 
 35 TMA-ZAIN-G-    (9)    1 :  0.986 0.005 0.004 0.004 
 36 TMA-ZAIN-G-    (0)    1 :  0.988 0.004 0.005 0.003 
 37 TMA-ZAIN-G-    (9)    1 :  0.979 0.010 0.005 0.006 
 38 TMA-ZAIN-G-   (18)    1 :  0.271 0.686 0.005 0.038 
 39 TMA-ZAIN-G-    (0)    1 :  0.986 0.005 0.005 0.003 
 40 TMA-ZAIN-G-    (0)    1 :  0.989 0.004 0.004 0.003 
 41 TMA-ZAIN-G-    (0)    1 :  0.987 0.004 0.005 0.004 
 42 TMA-ZAIN-G-    (9)    1 :  0.988 0.003 0.005 0.003 
 43 TMA-ZAIN-G-    (0)    1 :  0.981 0.005 0.006 0.008 
 44 TMA-ZAIN-G-    (0)    1 :  0.028 0.911 0.049 0.012 
 45 TMA-ZAIN-G-    (0)    1 :  0.979 0.008 0.006 0.008 
 46 TMA-ZAIN-G-    (0)    1 :  0.004 0.989 0.003 0.004 
 47 TMA-ZAIN-G-    (0)    1 :  0.929 0.056 0.004 0.011 
 48 TMA-ZAIN-G-    (0)    1 :  0.959 0.029 0.007 0.006 
 49 TMA-ZAIN-G-    (9)    1 :  0.103 0.830 0.010 0.056 
 50 TMA-ZAIN-G-    (0)    1 :  0.066 0.921 0.008 0.006 
 51 TMA-ZAIN-G-    (0)    1 :  0.058 0.618 0.261 0.064 
 52 TMA-ZAIN-G-    (0)    1 :  0.209 0.603 0.108 0.080 
 53 TMA-ZAIN-G-    (0)    1 :  0.099 0.823 0.061 0.017 
 54 TMA-ZAIN-G-    (0)    1 :  0.915 0.072 0.007 0.005 
 55 TMA-ZAIN-G-    (0)    1 :  0.903 0.084 0.007 0.006 
 56 TMA-ZAIN-G-    (0)    1 :  0.757 0.205 0.004 0.035 
 57 TMA-ZAIN-G-    (0)    1 :  0.793 0.195 0.005 0.007 
 58 TMA-ZAIN-G-    (0)    1 :  0.069 0.913 0.006 0.012 
 59 TMA-ZAIN-G-    (0)    1 :  0.129 0.836 0.029 0.006 
 60 TMA-ZAIN-G-    (0)    1 :  0.038 0.940 0.006 0.016 
 61 TMA-ZAIN-G-    (0)    1 :  0.008 0.980 0.005 0.007 
 62 TMA-ZAIN-G-    (9)    1 :  0.056 0.892 0.011 0.041 
 63 TMA-ZAIN-G-    (0)    1 :  0.015 0.955 0.005 0.024 
 64 TMA-ZAIN-G-    (0)    1 :  0.982 0.003 0.012 0.003 
 65 TMA-ZAIN-G-    (9)    1 :  0.989 0.004 0.005 0.003 
 66 TMA-ZAIN-G-    (0)    1 :  0.987 0.003 0.007 0.003 
 67 TMA-ZAIN-G-    (0)    1 :  0.977 0.011 0.006 0.006 
 68 TMA-ZAIN-G-    (0)    1 :  0.989 0.003 0.006 0.003 
 69 TMA-ZAIN-G-    (0)    1 :  0.954 0.020 0.013 0.013 
 70 TMA-ZAIN-G-    (0)    1 :  0.979 0.006 0.011 0.004 
 71 TMA-ZAIN-G-    (0)    1 :  0.964 0.004 0.028 0.004 
 72 TMA-ZAIN-G-    (0)    1 :  0.985 0.006 0.006 0.003 
 73 TMA-ZAIN-G-    (0)    1 :  0.937 0.046 0.013 0.004 
 74 TMA-ZAIN-G-    (0)    1 :  0.962 0.020 0.011 0.007 
 75 TMA-ZAIN-G-    (0)    1 :  0.964 0.006 0.024 0.005 
 76 TMA-ZAIN-G-    (0)    1 :  0.904 0.053 0.021 0.023 
 77 TMA-ZAIN-G-    (0)    1 :  0.983 0.008 0.005 0.004 
 78 TMA-ZAIN-G-    (0)    1 :  0.948 0.036 0.004 0.012 
 79 TMA-ZAIN-G-    (0)    1 :  0.974 0.015 0.005 0.006 
 80 TMA-ZAIN-G-    (0)    1 :  0.987 0.005 0.005 0.003 
 81 TMA-ZAIN-G-    (0)    1 :  0.977 0.009 0.008 0.005 
 82 TMA-ZAIN-G-    (0)    1 :  0.982 0.004 0.011 0.004 
 83 TMA-ZAIN-G-    (9)    1 :  0.942 0.046 0.007 0.004 
 84 TMA-ZAIN-G-    (0)    1 :  0.964 0.024 0.004 0.008 
 85 TMA-ZAIN-G-    (0)    1 :  0.030 0.961 0.003 0.007 
 86 TMA-ZAIN-G-    (0)    1 :  0.154 0.829 0.004 0.013 
 87 TMA-ZAIN-G-    (0)    1 :  0.012 0.978 0.003 0.007 
 88 TMA-ZAIN-G-    (0)    1 :  0.584 0.403 0.007 0.007 
 89 TMA-ZAIN-G-    (0)    1 :  0.620 0.363 0.008 0.010 
 90 TMA-ZAIN-G-    (0)    1 :  0.234 0.745 0.004 0.017 
 91 TMA-ZAIN-G-    (0)    1 :  0.418 0.568 0.006 0.007 
 92 TMA-ZAIN-G-    (0)    1 :  0.142 0.847 0.004 0.008 
 93 TMA-ZAIN-G-    (0)    1 :  0.334 0.651 0.009 0.006 
 94 TMA-ZAIN-G-    (0)    1 :  0.018 0.971 0.004 0.007 
 95 TMA-ZAIN-G-    (0)    1 :  0.030 0.778 0.123 0.069 
 96 TMA-ZAIN-G-    (0)    1 :  0.499 0.162 0.007 0.332 
 97 TMA-ZAIN-G-    (0)    1 :  0.007 0.974 0.006 0.012 
 98 TMA-ZAIN-G-    (0)    1 :  0.008 0.952 0.028 0.012 
 99 TMA-ZAIN-G-    (0)    1 :  0.170 0.756 0.065 0.008 
100 TMA-ZAIN-G-    (0)    1 :  0.005 0.980 0.005 0.011 
101 TMA-ZAIN-G-    (0)    1 :  0.044 0.935 0.012 0.010 
102 TMA-ZAIN-G-    (0)    1 :  0.027 0.961 0.007 0.005 
103 TMA-ZAIN-G-    (0)    1 :  0.024 0.963 0.004 0.010 
104 TMA-ZAIN-G-    (0)    1 :  0.008 0.960 0.008 0.024 
105 TMA-ZAIN-G-    (0)    1 :  0.035 0.951 0.004 0.010 
106 TMA-ZAIN-G-    (0)    1 :  0.988 0.004 0.005 0.003 
107 TMA-ZAIN-G-    (0)    1 :  0.983 0.004 0.009 0.003 
108 TMA-ZAIN-G-    (9)    1 :  0.436 0.542 0.007 0.014 
109 TMA-ZAIN-G-    (0)    1 :  0.750 0.195 0.005 0.050 
110 TMA-ZAIN-G-    (0)    1 :  0.778 0.203 0.005 0.014 
111 TMA-ZAIN-G-    (9)    1 :  0.120 0.860 0.009 0.011 
112 TMA-ZAIN-G-    (0)    1 :  0.572 0.416 0.006 0.006 
113 TMA-ZAIN-G-    (0)    1 :  0.074 0.892 0.024 0.009 
114 TMA-ZAIN-G-    (0)    1 :  0.006 0.980 0.005 0.009 
115 TMA-ZAIN-G-    (0)    1 :  0.019 0.941 0.007 0.033 
116 TMA-ZAIN-G-    (0)    1 :  0.988 0.004 0.005 0.003 
117 TMA-ZAIN-G-    (0)    1 :  0.987 0.005 0.004 0.004 
118 TMA-ZAIN-G-    (0)    1 :  0.988 0.004 0.004 0.004 
119 TMA-ZAIN-G-    (0)    1 :  0.979 0.010 0.005 0.006 
120 TMA-ZAIN-G-    (0)    1 :  0.987 0.005 0.004 0.004 
121 TMA-ZAIN-G-    (0)    1 :  0.987 0.004 0.006 0.003 
122 TMA-ZAIN-G-    (0)    1 :  0.979 0.010 0.005 0.006 
123 TMA-ZAIN-G-    (0)    1 :  0.013 0.954 0.004 0.028 
124 TMA-ZAIN-G-    (0)    1 :  0.987 0.005 0.004 0.004 
125 TMA-ZAIN-G-    (0)    1 :  0.990 0.003 0.005 0.003 
126 TMA-ZAIN-G-    (0)    1 :  0.988 0.004 0.004 0.003 
127 TMA-ZAIN-G-    (0)    1 :  0.989 0.004 0.004 0.003 
128 TMA-ZAIN-G-    (0)    1 :  0.989 0.004 0.004 0.003 
129 TMA-ZAIN-G-    (0)    1 :  0.986 0.005 0.006 0.004 
130 TMA-ZAIN-G-    (0)    1 :  0.988 0.004 0.005 0.004 
131 TMA-ZAIN-G-    (0)    1 :  0.987 0.005 0.004 0.004 
132 TMA-ZAIN-G-    (0)    1 :  0.988 0.004 0.005 0.003 
133 TMA-ZAIN-G-    (0)    1 :  0.986 0.006 0.004 0.004 
134 TMA-ZAIN-G-    (0)    1 :  0.988 0.005 0.005 0.003 
135 TMA-ZAIN-G-    (0)    1 :  0.987 0.004 0.005 0.003 
136 TMA-ZAIN-G-    (0)    1 :  0.985 0.004 0.007 0.004 
137 TMA-ZAIN-G-    (0)    1 :  0.987 0.005 0.004 0.004 
138 TMA-ZAIN-G-    (0)    1 :  0.988 0.003 0.006 0.003 
139 TMA-ZAIN-G-    (0)    1 :  0.988 0.004 0.005 0.003 
140 TMA-ZAIN-G-    (0)    1 :  0.987 0.005 0.004 0.004 
141 TMA-ZAIN-G-    (0)    1 :  0.987 0.005 0.005 0.004 
142 TMA-ZAIN-G-    (9)    1 :  0.988 0.004 0.005 0.003 
143 TMA-ZAIN-G-    (0)    1 :  0.988 0.004 0.005 0.003 
144 TMA-ZAIN-G-    (0)    1 :  0.983 0.006 0.005 0.005 
145 TMA-ZAIN-G-    (0)    1 :  0.990 0.003 0.005 0.003 
146 TMA-ZAIN-G-    (0)    1 :  0.982 0.004 0.010 0.004 
147 TMA-ZAIN-G-    (9)    1 :  0.988 0.004 0.005 0.003 
148 TMA-ZAIN-G-    (0)    1 :  0.981 0.004 0.012 0.003 
149 TMA-ZAIN-G-    (0)    1 :  0.981 0.009 0.006 0.004 
150 TMA-ZAIN-G-    (0)    1 :  0.976 0.007 0.013 0.004 
151 TMA-ZAIN-G-    (0)    1 :  0.989 0.003 0.004 0.003 
152 TMA-ZAIN-G-    (0)    1 :  0.988 0.003 0.004 0.004 
153 TMA-ZAIN-G-    (0)    1 :  0.989 0.003 0.005 0.003 
154 TMA-ZAIN-G-    (0)    1 :  0.990 0.003 0.004 0.003 
155 TMA-ZAIN-G-    (0)    1 :  0.988 0.004 0.005 0.003 
156 TMA-ZAIN-G-    (9)    1 :  0.985 0.004 0.006 0.006 
157 TMA-ZAIN-G-    (0)    1 :  0.987 0.004 0.005 0.005 
158 TMA-ZAIN-G-    (0)    1 :  0.984 0.004 0.007 0.004 
159 TMA-ZAIN-G-    (0)    1 :  0.984 0.003 0.009 0.004 
160 TMA-ZAIN-G-    (0)    1 :  0.987 0.004 0.006 0.003 
161 TMA-ZAIN-G-    (0)    1 :  0.989 0.003 0.005 0.003 
162 TMA-ZAIN-G-    (0)    1 :  0.984 0.006 0.006 0.004 
163 TMA-ZAIN-G-    (0)    1 :  0.990 0.003 0.004 0.003 
164 TMA-ZAIN-G-    (0)    1 :  0.986 0.005 0.005 0.004 
165 TMA-ZAIN-G-    (0)    1 :  0.988 0.003 0.005 0.003 
166 TMA-ZAIN-G-    (0)    1 :  0.989 0.003 0.005 0.003 
167 TMA-ZAIN-G-    (0)    1 :  0.985 0.006 0.005 0.004 
168 TMA-ZAIN-G-    (0)    1 :  0.984 0.005 0.007 0.005 
169 TMA-ZAIN-G-    (0)    1 :  0.988 0.004 0.006 0.003 
170 TMA-ZAIN-G-    (0)    1 :  0.970 0.014 0.006 0.010 
171 TMA-ZAIN-G-    (0)    1 :  0.987 0.004 0.006 0.003 
172 TMA-ZAIN-G-    (0)    1 :  0.985 0.005 0.004 0.005 
173 TMA-ZAIN-G-    (0)    1 :  0.985 0.006 0.004 0.005 
174 TMA-ZAIN-G-    (0)    1 :  0.989 0.003 0.005 0.003 
175 TMA-ZAIN-G-    (0)    1 :  0.980 0.004 0.012 0.004 
176 TMA-ZAIN-G-    (0)    1 :  0.981 0.004 0.011 0.004 
177 TMA-ZAIN-G-    (0)    1 :  0.959 0.004 0.030 0.007 
178 TMA-ZAIN-G-    (0)    1 :  0.979 0.007 0.006 0.008 
179 TMA-ZAIN-G-    (0)    1 :  0.981 0.004 0.011 0.005 
180 TMA-ZAIN-G-    (0)    1 :  0.987 0.005 0.005 0.003 
181 TMA-ZAIN-G-    (0)    1 :  0.985 0.004 0.007 0.004 
182 TMA-ZAIN-G-    (0)    1 :  0.984 0.005 0.006 0.005 
183 TMA-ZAIN-G-    (0)    1 :  0.987 0.004 0.005 0.004 
184 TMA-ZAIN-G-    (0)    1 :  0.980 0.009 0.007 0.004 
185 TMA-ZAIN-G-    (0)    1 :  0.974 0.015 0.007 0.004 
186 TMA-ZAIN-G-    (9)    1 :  0.982 0.009 0.005 0.005 
187 TMA-ZAIN-G-    (0)    1 :  0.984 0.005 0.006 0.004 
188 TMA-ZAIN-G-    (0)    1 :  0.987 0.004 0.006 0.003 
189 TMA-ZAIN-G-    (0)    1 :  0.989 0.003 0.005 0.003 
190 TMA-ZAIN-G-    (0)    1 :  0.976 0.005 0.011 0.008 
191 TMA-ZAIN-G-    (0)    1 :  0.978 0.009 0.009 0.003 
192 TMA-ZAIN-G-    (0)    1 :  0.985 0.005 0.005 0.004 
193 TMA-ZAIN-G-    (0)    1 :  0.981 0.005 0.006 0.007 
194 TMA-ZAIN-G-    (0)    1 :  0.980 0.007 0.006 0.008 
195 TMA-ZAIN-G-    (0)    1 :  0.970 0.005 0.016 0.009 
196 TMA-ZAIN-G-    (0)    1 :  0.981 0.005 0.007 0.008 
197 TMA-ZAIN-G-    (0)    1 :  0.986 0.004 0.005 0.005 
198 TMA-ZAIN-G-    (0)    1 :  0.983 0.004 0.006 0.006 
199 TMA-ZAIN-G-    (0)    1 :  0.985 0.007 0.005 0.004 
200 TMA-ZAIN-G-    (0)    1 :  0.004 0.975 0.003 0.018 
201 TMA-ZAIN-G-    (0)    1 :  0.005 0.988 0.003 0.004 
202 TMA-ZAIN-G-    (0)    1 :  0.007 0.972 0.005 0.017 
203 TMA-ZAIN-G-    (0)    1 :  0.976 0.006 0.006 0.012 
204 TMA-ZAIN-G-    (9)    1 :  0.009 0.876 0.093 0.022 
205 TMA-ZAIN-G-    (0)    1 :  0.087 0.903 0.005 0.005 
206 TMA-ZAIN-G-    (9)    1 :  0.020 0.959 0.007 0.015 
207 TMA-ZAIN-G-    (9)    1 :  0.979 0.009 0.004 0.007 
208 TMA-ZAIN-G-    (0)    1 :  0.990 0.003 0.004 0.003 
209 TMA-ZAIN-G-    (0)    1 :  0.988 0.003 0.005 0.003 
210 TMA-ZAIN-G-    (0)    1 :  0.986 0.004 0.006 0.004 
211 TMA-ZAIN-G-    (0)    1 :  0.977 0.012 0.004 0.006 
212 TMA-ZAIN-G-    (0)    1 :  0.984 0.005 0.006 0.005 
213 TMA-ZAIN-G-    (0)    1 :  0.987 0.005 0.005 0.003 
214 TMA-ZAIN-G-    (0)    1 :  0.988 0.004 0.005 0.003 
215 TMA-ZAIN-G-    (0)    1 :  0.877 0.100 0.004 0.019 
216 TMA-ZAIN-G-    (0)    1 :  0.986 0.005 0.005 0.004 
217 TMA-ZAIN-G-    (0)    1 :  0.988 0.003 0.006 0.003 
218 TMA-ZAIN-G-    (0)    1 :  0.031 0.922 0.028 0.019 
219 TMA-ZAIN-G-    (0)    1 :  0.012 0.962 0.011 0.015 
220 TMA-ZAIN-G-    (0)    1 :  0.079 0.674 0.010 0.237 
221 TMA-ZAIN-G-    (0)    1 :  0.021 0.923 0.038 0.017 
222 TMA-ZAIN-G-    (0)    1 :  0.021 0.969 0.004 0.006 
223 TMA-ZAIN-G-    (0)    1 :  0.007 0.980 0.003 0.011 
224 TMA-ZAIN-G-    (0)    1 :  0.057 0.931 0.003 0.008 
225 TMA-ZAIN-G-    (0)    1 :  0.007 0.975 0.003 0.016 
226 TMA-ZAIN-G-    (0)    1 :  0.015 0.972 0.003 0.010 
227 TMA-ZAIN-G-    (0)    1 :  0.014 0.969 0.004 0.013 
228 TMA-ZAIN-G-    (0)    1 :  0.072 0.881 0.019 0.028 
229 TMA-ZAIN-G-    (0)    1 :  0.007 0.982 0.004 0.007 
230 TMA-ZAIN-G-    (0)    1 :  0.371 0.582 0.019 0.028 
231 TMA-ZAIN-G-    (0)    1 :  0.016 0.975 0.004 0.005 
232 TMA-ZAIN-G-    (9)    1 :  0.009 0.982 0.004 0.004 
233 TMA-ZAIN-G-    (0)    1 :  0.133 0.846 0.008 0.013 
234 TMA-ZAIN-G-    (0)    1 :  0.008 0.976 0.006 0.010 
235 TMA-ZAIN-G-    (0)    1 :  0.041 0.894 0.009 0.056 
236 TMA-ZAIN-G-    (0)    1 :  0.015 0.965 0.003 0.017 
237 TMA-ZAIN-G-    (0)    1 :  0.125 0.859 0.006 0.010 
238 TMA-ZAIN-G-    (0)    1 :  0.015 0.976 0.004 0.005 
239 TMA-ZAIN-G-    (0)    1 :  0.146 0.799 0.051 0.005 
240 TMA-ZAIN-G-    (0)    1 :  0.004 0.989 0.003 0.004 
241 TMA-ZAIN-G-    (0)    1 :  0.010 0.981 0.006 0.003 
242 TMA-ZAIN-G-    (0)    1 :  0.010 0.980 0.006 0.004 
243 TMA-ZAIN-G-    (0)    1 :  0.016 0.972 0.008 0.004 
244 TMA-ZAIN-G-    (0)    1 :  0.019 0.968 0.009 0.004 
245 TMA-ZAIN-G-    (9)    1 :  0.005 0.987 0.003 0.004 
246 TMA-ZAIN-G-    (0)    1 :  0.005 0.988 0.003 0.004 
247 TMA-ZAIN-G-    (0)    1 :  0.009 0.980 0.007 0.004 
248 TMA-ZAIN-G-    (0)    1 :  0.009 0.978 0.005 0.008 
249 TMA-ZAIN-G-    (0)    1 :  0.005 0.984 0.004 0.007 
250 TMA-ZAIN-G-    (0)    1 :  0.008 0.982 0.006 0.005 
251 TMA-ZAIN-G-    (0)    1 :  0.905 0.074 0.005 0.016 
252 TMA-ZAIN-G-    (0)    1 :  0.965 0.017 0.013 0.005 
253 TMA-ZAIN-G-    (0)    1 :  0.948 0.041 0.006 0.005 
254 TMA-ZAIN-G-    (9)    1 :  0.972 0.019 0.004 0.005 
255 TMA-ZAIN-G-    (0)    1 :  0.739 0.234 0.008 0.020 
256 TMA-ZAIN-G-    (0)    1 :  0.893 0.094 0.008 0.005 
257 TMA-ZAIN-G-    (0)    1 :  0.938 0.049 0.005 0.008 
258 TMA-ZAIN-G-    (0)    1 :  0.963 0.027 0.005 0.006 
259 TMA-ZAIN-G-    (0)    1 :  0.755 0.226 0.010 0.010 
260 TMA-ZAIN-G-    (0)    1 :  0.809 0.175 0.009 0.007 
261 TMA-ZAIN-G-   (18)    1 :  0.963 0.017 0.005 0.015 
262 TMA-ZAIN-G-    (0)    1 :  0.940 0.047 0.004 0.009 
263 TMA-ZAIN-G-    (0)    1 :  0.842 0.141 0.006 0.011 
264 TMA-ZAIN-G-    (0)    1 :  0.832 0.152 0.008 0.008 
265 TMA-ZAIN-G-    (0)    1 :  0.468 0.512 0.012 0.008 
266 TMA-ZAIN-G-    (0)    1 :  0.967 0.022 0.005 0.006 
267 TMA-ZAIN-G-    (0)    1 :  0.031 0.955 0.007 0.006 
268 TMA-ZAIN-G-    (0)    1 :  0.004 0.986 0.003 0.007 
269 TMA-ZAIN-G-    (0)    1 :  0.006 0.986 0.003 0.005 
270 TMA-ZAIN-G-    (0)    1 :  0.006 0.986 0.003 0.006 
271 TMA-ZAIN-G-    (0)    1 :  0.004 0.987 0.003 0.006 
272 TMA-ZAIN-G-    (0)    1 :  0.005 0.989 0.002 0.004 
273 TMA-ZAIN-G-    (0)    1 :  0.003 0.991 0.002 0.004 
274 TMA-ZAIN-G-    (0)    1 :  0.008 0.982 0.005 0.005 
275 TMA-ZAIN-G-    (0)    1 :  0.003 0.991 0.002 0.004 
276 TMA-ZAIN-G-    (0)    1 :  0.004 0.990 0.002 0.004 
277 TMA-ZAIN-G-    (0)    1 :  0.005 0.987 0.004 0.004 
278 TMA-ZAIN-G-    (0)    1 :  0.004 0.990 0.003 0.004 
279 TMA-ZAIN-G-    (0)    1 :  0.004 0.989 0.003 0.004 
280 TMA-ZAIN-G-    (0)    1 :  0.005 0.988 0.003 0.004 
281 TMA-ZAIN-G-    (0)    1 :  0.004 0.988 0.003 0.005 
282 TMA-ZAIN-G-    (9)    1 :  0.003 0.990 0.003 0.004 
283 TMA-ZAIN-G-    (0)    1 :  0.006 0.985 0.003 0.005 
284 TMA-ZAIN-G-    (0)    1 :  0.009 0.979 0.004 0.008 
285 TMA-ZAIN-G-    (0)    1 :  0.005 0.987 0.004 0.004 
286 TMA-ZAIN-G-    (0)    1 :  0.003 0.989 0.003 0.005 
287 TMA-ZAIN-G-    (0)    1 :  0.005 0.987 0.004 0.004 
288 TMA-ZAIN-G-    (0)    1 :  0.014 0.974 0.006 0.006 
289 TMA-ZAIN-G-    (0)    1 :  0.007 0.985 0.004 0.004 
290 TMA-ZAIN-G-    (0)    1 :  0.007 0.982 0.004 0.007 
291 TMA-ZAIN-G-    (0)    1 :  0.017 0.832 0.062 0.089 
292 TMA-ZAIN-G-    (0)    1 :  0.976 0.013 0.004 0.007 
293 TMA-ZAIN-G-    (0)    1 :  0.986 0.006 0.004 0.004 
294 TMA-ZAIN-G-    (0)    1 :  0.977 0.005 0.013 0.005 
295 TMA-ZAIN-G-    (9)    1 :  0.972 0.010 0.012 0.007 
296 TMA-ZAIN-G-    (0)    1 :  0.981 0.009 0.004 0.006 
297 TMA-ZAIN-G-    (0)    1 :  0.985 0.006 0.004 0.004 
298 TMA-ZAIN-G-    (0)    1 :  0.980 0.009 0.005 0.007 
299 TMA-ZAIN-G-    (0)    1 :  0.982 0.008 0.006 0.005 
300 TMA-ZAIN-G-    (0)    1 :  0.971 0.006 0.018 0.004 
301 TMA-ZAIN-G-    (0)    1 :  0.984 0.006 0.006 0.004 
302 TMA-ZAIN-G-    (9)    1 :  0.987 0.005 0.005 0.004 
303 TMA-ZAIN-G-    (0)    1 :  0.048 0.749 0.184 0.018 
304 TMA-ZAIN-G-    (0)    2 :  0.954 0.033 0.007 0.006 
305 TMA-ZAIN-G-    (0)    2 :  0.986 0.005 0.004 0.004 
306 TMA-ZAIN-G-    (0)    2 :  0.830 0.160 0.006 0.004 
307 TMA-ZAIN-G-    (0)    2 :  0.965 0.023 0.007 0.005 
308 TMA-ZAIN-G-    (0)    2 :  0.423 0.530 0.038 0.009 
309 TMA-ZAIN-G-    (0)    2 :  0.987 0.005 0.005 0.003 
310 TMA-ZAIN-G-    (0)    2 :  0.983 0.007 0.005 0.006 
311 TMA-ZAIN-G-    (0)    2 :  0.979 0.009 0.004 0.008 
312 TMA-ZAIN-G-    (0)    2 :  0.979 0.008 0.005 0.008 
313 TMA-ZAIN-G-    (0)    2 :  0.976 0.010 0.009 0.004 
314 TMA-ZAIN-G-    (0)    2 :  0.011 0.856 0.019 0.114 
315 TMA-ZAIN-G-    (0)    2 :  0.517 0.472 0.005 0.007 
316 TMA-ZAIN-G-    (0)    2 :  0.456 0.530 0.005 0.009 
317 TMA-ZAIN-G-    (0)    2 :  0.024 0.957 0.004 0.015 
318 TMA-ZAIN-G-    (9)    2 :  0.007 0.984 0.004 0.006 
319 TMA-ZAIN-G-    (0)    3 :  0.220 0.660 0.004 0.116 
320 TMA-ZAIN-G-    (0)    3 :  0.681 0.279 0.005 0.035 
321 TMA-ZAIN-G-    (0)    4 :  0.737 0.226 0.009 0.028 
322 TMA-ZAIN-G-    (0)    4 :  0.713 0.233 0.005 0.049 
323 TMA-ZAIN-G-    (0)    5 :  0.197 0.778 0.018 0.007 
324 TMA-ZAIN-G-    (0)    5 :  0.982 0.006 0.005 0.007 
325 TMA-ZAIN-G-    (0)    5 :  0.025 0.892 0.047 0.036 
326 TMA-ZAIN-G-    (0)    5 :  0.612 0.247 0.030 0.112 
327 TMA-ZAIN-G-    (0)    5 :  0.985 0.005 0.005 0.005 
328 TMA-ZAIN-G-    (0)    5 :  0.267 0.708 0.013 0.012 
329 TMA-ZAIN-G-    (0)    5 :  0.986 0.005 0.005 0.004 
330 TMA-ZAIN-G-    (0)    6 :  0.989 0.004 0.004 0.003 
331 TMA-ZAIN-G-    (0)    6 :  0.713 0.070 0.047 0.170 
332 TMA-ZAIN-G-    (0)    6 :  0.987 0.003 0.005 0.004 
333 TMA-ZAIN-G-    (0)    6 :  0.983 0.004 0.005 0.007 
334 TMA-ZAIN-G-    (0)    6 :  0.004 0.989 0.003 0.005 
335 TMA-ZAIN-G-    (0)    6 :  0.005 0.989 0.002 0.004 
336 TMA-ZAIN-G-    (0)    6 :  0.007 0.985 0.003 0.005 
337 TMA-ZAIN-G-    (9)    6 :  0.006 0.986 0.003 0.005 
338 TMA-ZAIN-G-    (0)    6 :  0.003 0.989 0.002 0.006 
339 TMA-ZAIN-G-    (0)    6 :  0.003 0.990 0.002 0.005 
340 TMA-ZAIN-G-    (0)    6 :  0.003 0.991 0.002 0.004 
341 TMA-ZAIN-G-    (0)    6 :  0.004 0.989 0.002 0.004 
342 TMA-ZAIN-G-    (0)    6 :  0.004 0.988 0.002 0.006 
343 TMA-ZAIN-G-    (0)    7 :  0.003 0.991 0.002 0.004 
344 TMA-ZAIN-G-    (0)    7 :  0.005 0.988 0.003 0.004 
345 TMA-ZAIN-G-    (0)    7 :  0.003 0.991 0.002 0.004 
346 TMA-ZAIN-G-    (0)    7 :  0.003 0.991 0.002 0.004 
347 TMA-ZAIN-G-    (9)    7 :  0.004 0.990 0.002 0.004 
348 TMA-ZAIN-G-    (0)    7 :  0.005 0.987 0.003 0.005 
349 TMA-ZAIN-G-    (0)    7 :  0.004 0.989 0.003 0.004 
350 TMA-ZAIN-G-    (0)    7 :  0.006 0.987 0.003 0.005 
351 TMA-ZAIN-G-    (0)    7 :  0.004 0.989 0.003 0.004 
352 TMA-ZAIN-G-    (0)    7 :  0.006 0.987 0.002 0.005 
353 TMA-ZAIN-G-    (0)    7 :  0.006 0.986 0.003 0.005 
354 TMA-ZAIN-G-    (0)    7 :  0.005 0.988 0.003 0.004 
355 TMA-ZAIN-G-    (0)    7 :  0.007 0.985 0.003 0.005 
356 TMA-ZAIN-G-    (0)    8 :  0.986 0.008 0.004 0.003 
357 TMA-ZAIN-G-    (0)    8 :  0.986 0.005 0.005 0.004 
358 TMA-ZAIN-G-    (0)    8 :  0.968 0.012 0.015 0.005 
359 TMA-ZAIN-G-    (0)    8 :  0.915 0.054 0.004 0.026 
360 TMA-ZAIN-G-    (0)    8 :  0.989 0.004 0.005 0.003 
361 TMA-ZAIN-G-    (0)    8 :  0.889 0.005 0.071 0.035 
362 TMA-ZAIN-G-    (0)    8 :  0.981 0.010 0.004 0.006 
363 TMA-ZAIN-G-    (0)    9 :  0.976 0.014 0.005 0.006 
364 TMA-ZAIN-G-    (0)    9 :  0.020 0.968 0.003 0.009 
365 TMA-ZAIN-G-    (0)    9 :  0.704 0.267 0.007 0.022 
366 TMA-ZAIN-G-    (0)    9 :  0.968 0.007 0.019 0.006 
367 TMA-ZAIN-G-    (0)    9 :  0.973 0.010 0.005 0.012 
368 TMA-ZAIN-G-    (0)    9 :  0.973 0.006 0.016 0.005 
369 TMA-ZAIN-G-    (0)    9 :  0.989 0.004 0.005 0.003 
370 TMA-ZAIN-G-    (0)    9 :  0.868 0.005 0.086 0.041 
371 TMA-ZAIN-G-    (0)    9 :  0.987 0.004 0.005 0.004 
372 TMA-ZAIN-G-    (0)    9 :  0.985 0.004 0.007 0.003 
373 TMA-ZAIN-G-    (0)    9 :  0.980 0.006 0.005 0.009 
374 TMA-ZAIN-G-    (0)   10 :  0.809 0.151 0.006 0.034 
375 TMA-ZAIN-G-    (0)   10 :  0.539 0.442 0.004 0.014 
376 TMA-ZAIN-G-    (9)   10 :  0.988 0.004 0.005 0.003 
377 TMA-ZAIN-G-    (0)   10 :  0.990 0.003 0.005 0.002 
378 TMA-ZAIN-G-    (0)   10 :  0.989 0.003 0.005 0.003 
379 TMA-ZAIN-G-    (0)   10 :  0.989 0.003 0.005 0.003 
380 TMA-ZAIN-G-    (0)   10 :  0.982 0.004 0.011 0.004 
381 TMA-ZAIN-G-    (9)   10 :  0.411 0.386 0.063 0.139 
382 TMA-ZAIN-G-    (9)   10 :  0.008 0.832 0.028 0.131 
383    ZFB01    (0)   11 :  0.239 0.031 0.006 0.725 
384    ZFB02    (0)   11 :  0.015 0.013 0.004 0.968 
385    ZFB03    (0)   11 :  0.028 0.029 0.009 0.935 
386    ZFB04    (0)   11 :  0.017 0.013 0.004 0.966 
387    ZFB05    (0)   11 :  0.022 0.062 0.004 0.912 
388    ZFB06    (0)   11 :  0.023 0.043 0.004 0.930 
389    ZFB07    (9)   11 :  0.007 0.008 0.010 0.975 
390    ZFB08    (0)   11 :  0.018 0.024 0.007 0.950 
391    ZFB09    (0)   11 :  0.041 0.033 0.005 0.922 
392    ZFB10    (0)   11 :  0.087 0.040 0.012 0.862 
393    ZFB11    (0)   11 :  0.366 0.055 0.005 0.574 
394    ZFB12    (0)   11 :  0.160 0.044 0.007 0.789 
395    ZFB13    (0)   11 :  0.007 0.022 0.009 0.963 
396    ZFB14    (0)   11 :  0.022 0.031 0.007 0.939 
397    ZFB15    (0)   11 :  0.032 0.069 0.003 0.896 
398    ZFB16    (0)   11 :  0.016 0.056 0.004 0.924 
399    ZFB17    (0)   11 :  0.028 0.038 0.004 0.930 
400    ZFB18    (0)   11 :  0.080 0.030 0.006 0.884 
401    ZFB19    (0)   11 :  0.013 0.017 0.022 0.948 
402    ZFB20    (0)   11 :  0.031 0.092 0.004 0.873 
403    ZFB21    (0)   11 :  0.022 0.087 0.004 0.887 
404    ZFB22    (0)   11 :  0.098 0.065 0.005 0.833 
405    ZFB23    (0)   11 :  0.094 0.032 0.011 0.863 
406    ZFB24    (0)   11 :  0.284 0.024 0.006 0.686 
407    ZFB25    (0)   11 :  0.146 0.078 0.022 0.753 
408    ZFB26    (0)   11 :  0.107 0.034 0.013 0.846 
409    ZFB27    (0)   11 :  0.218 0.193 0.007 0.583 
410    ZFB28    (0)   11 :  0.014 0.569 0.067 0.349 
411    ZFB29    (0)   11 :  0.112 0.038 0.004 0.845 
412    ZFB30    (0)   11 :  0.077 0.057 0.007 0.860 
413    ZFB31    (0)   11 :  0.014 0.028 0.022 0.936 
414    ZFB32    (0)   11 :  0.043 0.088 0.019 0.850 
415    ZFB33    (0)   11 :  0.070 0.061 0.004 0.865 
416    ZFB34    (0)   11 :  0.017 0.009 0.006 0.968 
417    ZFB35    (0)   11 :  0.024 0.013 0.008 0.955 
418  ZFBP101    (0)   12 :  0.006 0.008 0.973 0.013 
419  ZFBP102    (0)   12 :  0.008 0.010 0.968 0.015 
420  ZFBP103    (0)   12 :  0.006 0.005 0.980 0.010 
421  ZFBP104    (0)   12 :  0.005 0.038 0.894 0.064 
422  ZFBP105    (0)   12 :  0.006 0.014 0.973 0.008 
423  ZFBP106    (0)   12 :  0.004 0.003 0.988 0.005 
424  ZFBP107    (0)   12 :  0.007 0.013 0.966 0.014 
425  ZFBP108    (0)   12 :  0.005 0.003 0.987 0.004 
426  ZFBP109    (0)   12 :  0.034 0.005 0.957 0.005 
427  ZFBP110    (0)   12 :  0.010 0.011 0.955 0.024 
428  ZFBP111    (0)   12 :  0.005 0.002 0.989 0.004 
429  ZFBP112    (0)   12 :  0.006 0.007 0.980 0.007 
430  ZFBP113    (0)   12 :  0.006 0.006 0.982 0.006 
431  ZFBP114    (0)   12 :  0.007 0.004 0.983 0.006 
432  ZFBP115    (0)   12 :  0.005 0.003 0.987 0.005 
433  ZFBP116    (0)   12 :  0.005 0.004 0.986 0.005 
434  ZFBP117    (0)   12 :  0.005 0.003 0.988 0.004 
435  ZFBP118    (0)   12 :  0.007 0.004 0.984 0.006 
436  ZFBP119    (0)   12 :  0.005 0.003 0.988 0.004 
437  ZFBP120    (0)   12 :  0.006 0.008 0.978 0.008 
438  ZFBP121    (0)   12 :  0.006 0.005 0.984 0.006 
439  ZFBP122    (9)   12 :  0.007 0.003 0.986 0.004 
440  ZFBP123    (0)   12 :  0.006 0.005 0.981 0.008 
441  ZFBP124    (0)   12 :  0.006 0.006 0.981 0.007 
442  ZFBP125    (0)   12 :  0.005 0.003 0.989 0.003 
443  ZFBP126    (0)   12 :  0.010 0.006 0.966 0.018 
444  ZFBP127    (0)   12 :  0.012 0.003 0.981 0.004 
445  ZFBP128    (0)   12 :  0.006 0.004 0.986 0.004 
446  ZFBP129    (0)   12 :  0.006 0.003 0.987 0.004 
447  ZFBP130    (0)   12 :  0.005 0.003 0.988 0.004 
448  ZFBP131    (0)   12 :  0.009 0.004 0.981 0.006 
449  ZFBP132    (0)   12 :  0.008 0.003 0.985 0.004 
450  ZFBP133    (0)   12 :  0.006 0.002 0.987 0.004 
451  ZFBP134    (0)   12 :  0.005 0.004 0.985 0.005 
452  ZFBP135    (0)   12 :  0.007 0.010 0.966 0.017 
453  ZFBP136    (0)   12 :  0.004 0.006 0.983 0.007 
454  ZFBP201    (0)   13 :  0.009 0.005 0.977 0.010 
455  ZFBP202    (0)   13 :  0.008 0.004 0.982 0.006 
456  ZFBP203    (0)   13 :  0.007 0.017 0.946 0.030 
457  ZFBP204    (0)   13 :  0.005 0.005 0.984 0.006 
458  ZFBP205    (0)   13 :  0.007 0.004 0.984 0.005 
459  ZFBP206    (0)   13 :  0.006 0.004 0.980 0.010 
460  ZFBP207    (0)   13 :  0.004 0.003 0.989 0.004 
461  ZFBP208    (0)   13 :  0.007 0.006 0.976 0.011 
462  ZFBP209    (0)   13 :  0.014 0.002 0.980 0.004 
463  ZFBP210    (0)   13 :  0.010 0.005 0.977 0.009 
464  ZFBP211    (0)   13 :  0.007 0.004 0.985 0.005 
465  ZFBP212    (0)   13 :  0.007 0.003 0.986 0.004 
466  ZFBP213    (0)   13 :  0.006 0.004 0.980 0.010 
467  ZFBP214    (0)   13 :  0.007 0.004 0.981 0.008 
468  ZFBP215    (0)   13 :  0.007 0.003 0.986 0.005 
469  ZFBP216    (0)   13 :  0.008 0.009 0.973 0.009 
470  ZFBP217    (0)   13 :  0.008 0.003 0.985 0.004 
471  ZFBP218    (0)   13 :  0.005 0.003 0.988 0.004 
472  ZFBP219    (0)   13 :  0.006 0.004 0.985 0.005 
473  ZFBP220    (0)   13 :  0.005 0.003 0.987 0.004 
474  ZFBP221    (0)   13 :  0.005 0.004 0.987 0.005 
475  ZFBP222    (0)   13 :  0.006 0.005 0.980 0.009 
476  ZFBP223    (0)   13 :  0.007 0.004 0.983 0.006 
477  ZFBP224    (0)   13 :  0.007 0.004 0.982 0.007 
478  ZFBP225    (0)   13 :  0.005 0.004 0.986 0.005 
479  ZFBP226    (0)   13 :  0.006 0.004 0.983 0.006 
480  ZFBP227    (0)   13 :  0.005 0.035 0.863 0.097 
481  ZFBP228    (0)   13 :  0.006 0.003 0.987 0.004 
482  ZFBP229    (0)   13 :  0.006 0.003 0.987 0.004 
483  ZFBP230    (0)   13 :  0.006 0.005 0.985 0.005 
484  ZFBP231    (0)   13 :  0.005 0.006 0.983 0.006 
485  ZFBP232    (0)   13 :  0.006 0.004 0.985 0.005 
486  ZFBP233    (0)   13 :  0.010 0.006 0.978 0.007 
487   ZFCC01    (0)   14 :  0.029 0.037 0.262 0.672 
488   ZFCC03    (0)   14 :  0.010 0.004 0.906 0.079 
489   ZFCC04    (0)   14 :  0.009 0.004 0.533 0.454 
490   ZFCC05    (0)   14 :  0.007 0.012 0.568 0.413 
491   ZFCC08    (0)   14 :  0.005 0.004 0.975 0.017 
492   ZFCC09    (0)   14 :  0.007 0.003 0.617 0.372 
493   ZFCC10    (0)   14 :  0.011 0.048 0.129 0.812 
494   ZFCC11    (0)   14 :  0.011 0.072 0.768 0.150 
495   ZFCC12    (0)   14 :  0.009 0.004 0.116 0.871 
496   ZFCC13    (0)   14 :  0.007 0.005 0.903 0.085 
497   ZFCC14    (0)   14 :  0.015 0.004 0.178 0.803 
498   ZFCC15    (0)   14 :  0.011 0.004 0.479 0.506 
499   ZFCC16    (0)   14 :  0.010 0.004 0.156 0.830 
500   ZFCC17    (0)   14 :  0.020 0.004 0.281 0.696 
501   ZFCC18    (0)   14 :  0.008 0.004 0.612 0.376 
502   ZFCC19    (0)   14 :  0.019 0.040 0.189 0.752 
503   ZFCC20    (0)   14 :  0.008 0.007 0.683 0.302 
504   ZFCC21    (0)   14 :  0.005 0.004 0.542 0.449 
505   ZFCC22    (0)   14 :  0.005 0.003 0.980 0.012 
506   ZFCC26    (0)   14 :  0.014 0.004 0.401 0.582 
507   ZFCC27    (0)   14 :  0.010 0.065 0.825 0.099 
508   ZFCC29    (0)   14 :  0.011 0.004 0.226 0.759 
509   ZFCC30    (0)   14 :  0.010 0.060 0.880 0.050 
510   ZFCC32    (0)   14 :  0.009 0.004 0.435 0.552 
511   ZFCC33    (0)   14 :  0.007 0.010 0.210 0.773 
512   ZFCC34    (0)   14 :  0.007 0.003 0.639 0.351 
513   ZFCC35    (0)   14 :  0.009 0.068 0.827 0.096 
514   ZFCC36    (0)   14 :  0.011 0.004 0.386 0.599 
515   ZFCC37    (0)   14 :  0.008 0.004 0.098 0.889 
516   ZFCC40    (0)   14 :  0.017 0.054 0.185 0.744 
517   ZFCC42    (0)   14 :  0.007 0.005 0.053 0.934 
518   ZFCC44    (0)   14 :  0.010 0.007 0.866 0.117 
519   ZFCC45    (9)   14 :  0.012 0.005 0.112 0.870 
520   ZFCC46    (0)   14 :  0.005 0.003 0.889 0.103 
521   ZFCC47    (0)   14 :  0.006 0.004 0.534 0.457 
522   ZFCC48    (0)   14 :  0.005 0.003 0.724 0.267 
523   ZFCC50    (0)   14 :  0.020 0.003 0.395 0.582 
524   ZFCC51    (0)   14 :  0.007 0.003 0.728 0.262 
525   ZFCC52    (0)   14 :  0.008 0.046 0.629 0.317 
526   ZFCC53    (0)   14 :  0.015 0.038 0.571 0.376 
527  ZFCNS01    (0)   15 :  0.005 0.006 0.981 0.008 
528  ZFCNS02    (0)   15 :  0.004 0.004 0.988 0.005 
529  ZFCNS05    (0)   15 :  0.004 0.004 0.985 0.007 
530  ZFCNS06    (0)   15 :  0.004 0.003 0.987 0.005 
531  ZFCNS07    (0)   15 :  0.004 0.003 0.987 0.005 
532  ZFCNS10    (0)   15 :  0.004 0.003 0.989 0.004 
533  ZFCNS11    (0)   15 :  0.004 0.004 0.985 0.007 
534  ZFCNS15    (0)   15 :  0.005 0.003 0.985 0.006 
535  ZFCNS17    (0)   15 :  0.004 0.003 0.988 0.005 
536  ZFCNS18    (0)   15 :  0.004 0.003 0.988 0.004 
537  ZFCNS19    (0)   15 :  0.004 0.003 0.987 0.005 
538  ZFCNS20    (0)   15 :  0.005 0.003 0.986 0.006 
539  ZFCNS21    (0)   15 :  0.005 0.003 0.987 0.005 
540  ZFCNS22    (0)   15 :  0.005 0.003 0.985 0.007 
541  ZFCNS23    (0)   15 :  0.004 0.004 0.983 0.008 
542  ZFCNS24    (0)   15 :  0.004 0.003 0.988 0.005 
543  ZFCNS25    (0)   15 :  0.004 0.003 0.988 0.005 
544  ZFCNS26    (0)   15 :  0.005 0.003 0.987 0.005 
545  ZFCNS27    (0)   15 :  0.005 0.004 0.987 0.005 
546  ZFCNS28    (0)   15 :  0.005 0.004 0.986 0.006 
547  ZFCNS29    (0)   15 :  0.005 0.003 0.987 0.005 
548  ZFCNS30    (0)   15 :  0.004 0.003 0.987 0.006 
549  ZFCNS31    (0)   15 :  0.005 0.003 0.987 0.005 
550  ZFCNS32    (0)   15 :  0.004 0.003 0.986 0.006 
551  ZFCNS33    (0)   15 :  0.004 0.003 0.987 0.005 
552  ZFCNS34    (0)   15 :  0.004 0.003 0.988 0.005 
553  ZFCNS35    (0)   15 :  0.004 0.005 0.986 0.005 
554  ZFCNS36    (0)   15 :  0.004 0.003 0.988 0.005 
555  ZFCNS37    (0)   15 :  0.005 0.003 0.986 0.006 
556  ZFCNS39    (0)   15 :  0.004 0.003 0.989 0.004 
557  ZFCNS40    (0)   15 :  0.005 0.003 0.988 0.004 
558  ZFCNS41    (0)   15 :  0.006 0.008 0.977 0.008 
559  ZFCNS42    (0)   15 :  0.005 0.003 0.987 0.005 
560  ZFCNS43    (0)   15 :  0.005 0.003 0.987 0.005 
561  ZFCNS44    (0)   15 :  0.004 0.003 0.988 0.005 
562  ZFCNS45    (0)   15 :  0.004 0.003 0.988 0.005 
563  ZFCNS46    (0)   15 :  0.005 0.003 0.986 0.006 
564  ZFCNS47    (0)   15 :  0.004 0.003 0.988 0.005 
565  ZFCNS48    (0)   15 :  0.004 0.003 0.988 0.005 
566  ZFCNS49    (0)   15 :  0.004 0.003 0.988 0.004 
567   ZFCR01    (0)   16 :  0.023 0.004 0.016 0.957 
568   ZFCR02    (0)   16 :  0.063 0.025 0.049 0.863 
569   ZFCR03    (0)   16 :  0.005 0.004 0.017 0.973 
570   ZFCR04    (0)   16 :  0.011 0.004 0.019 0.966 
571   ZFCR05    (0)   16 :  0.006 0.004 0.006 0.984 
572   ZFCR06    (0)   16 :  0.029 0.008 0.323 0.640 
573   ZFCR07    (0)   16 :  0.005 0.005 0.059 0.931 
574   ZFCR08    (0)   16 :  0.016 0.005 0.041 0.937 
575   ZFCR09    (0)   16 :  0.009 0.012 0.052 0.928 
576   ZFCR11    (0)   16 :  0.016 0.008 0.102 0.874 
577   ZFCR12    (0)   16 :  0.007 0.003 0.260 0.730 
578   ZFCR13    (0)   16 :  0.026 0.025 0.120 0.830 
579   ZFCR14    (0)   16 :  0.014 0.007 0.019 0.960 
580   ZFCR15    (0)   16 :  0.004 0.004 0.017 0.975 
581   ZFCR16    (0)   16 :  0.199 0.006 0.018 0.777 
582   ZFCR18    (0)   16 :  0.023 0.084 0.007 0.885 
583   ZFCR19    (0)   16 :  0.009 0.005 0.054 0.932 
584   ZFCR20    (0)   16 :  0.013 0.010 0.030 0.947 
585   ZFCR21    (0)   16 :  0.003 0.005 0.017 0.976 
586   ZFCR22    (0)   16 :  0.006 0.007 0.020 0.967 
587   ZFCR23    (0)   16 :  0.043 0.026 0.037 0.894 
588   ZFCR24    (9)   16 :  0.022 0.008 0.315 0.655 
589   ZFCR25    (0)   16 :  0.003 0.003 0.008 0.986 
590   ZFCR26    (0)   16 :  0.005 0.005 0.037 0.954 
591   ZFCR27    (9)   16 :  0.007 0.026 0.004 0.963 
592   ZFCR28    (0)   16 :  0.014 0.009 0.456 0.522 
593   ZFCR29    (0)   16 :  0.003 0.007 0.010 0.980 
594   ZFCR30    (0)   16 :  0.005 0.004 0.019 0.972 
595   ZFCR31    (0)   16 :  0.014 0.005 0.119 0.862 
596   ZFCR33    (0)   16 :  0.008 0.004 0.030 0.958 
597   ZFCR34    (0)   16 :  0.013 0.007 0.063 0.918 
598   ZFCR35    (0)   16 :  0.004 0.007 0.005 0.984 
599   ZFCR36    (0)   16 :  0.015 0.009 0.014 0.962 
600   ZFCR37    (0)   16 :  0.006 0.013 0.009 0.972 
601   ZFCR38    (0)   16 :  0.006 0.004 0.015 0.975 
602   ZFCR39    (0)   16 :  0.042 0.092 0.076 0.790 
603   ZFCR40    (0)   16 :  0.007 0.004 0.013 0.976 
604   ZFCR41    (0)   16 :  0.011 0.003 0.217 0.769 
605   ZFCR42    (0)   16 :  0.009 0.005 0.114 0.872 
606   ZFCR43    (0)   16 :  0.105 0.017 0.059 0.819 
607  ZFENP25    (0)   17 :  0.014 0.016 0.011 0.959 
608  ZFENP26    (0)   17 :  0.009 0.110 0.008 0.873 
609  ZFENP27    (0)   17 :  0.020 0.006 0.180 0.793 
610  ZFENP28    (0)   17 :  0.005 0.006 0.008 0.981 
611  ZFENP29    (0)   17 :  0.003 0.010 0.007 0.980 
612  ZFENP30    (0)   17 :  0.003 0.012 0.011 0.973 
613  ZFENP31    (0)   17 :  0.005 0.011 0.011 0.972 
614  ZFENP32    (0)   17 :  0.004 0.029 0.021 0.945 
615  ZFENP33    (0)   17 :  0.003 0.007 0.007 0.983 
616  ZFENP34    (0)   17 :  0.005 0.006 0.006 0.983 
617  ZFENP35    (0)   17 :  0.007 0.022 0.013 0.958 
618  ZFENP36    (0)   17 :  0.003 0.017 0.005 0.975 
619  ZFENP37    (0)   17 :  0.004 0.006 0.008 0.982 
620  ZFENP38    (0)   17 :  0.004 0.013 0.023 0.960 
621  ZFENP39    (0)   17 :  0.004 0.006 0.005 0.985 
622  ZFENP40    (0)   17 :  0.006 0.007 0.006 0.980 
623  ZFENP41    (0)   17 :  0.006 0.058 0.013 0.923 
624  ZFENP42    (0)   17 :  0.007 0.026 0.008 0.960 
625  ZFENP43    (0)   17 :  0.014 0.008 0.095 0.883 
626  ZFENP44    (0)   17 :  0.007 0.009 0.011 0.973 
627  ZFENP45    (0)   17 :  0.009 0.014 0.394 0.583 
628  ZFENP46    (0)   17 :  0.005 0.080 0.020 0.895 
629  ZFENP47    (0)   17 :  0.015 0.156 0.057 0.773 
630  ZFENP48    (0)   17 :  0.004 0.005 0.013 0.978 
631  ZFENP49    (0)   17 :  0.003 0.006 0.017 0.974 
632  ZFENP50    (0)   17 :  0.121 0.192 0.045 0.642 
633  ZFENP51    (0)   17 :  0.010 0.028 0.021 0.941 
634  ZFENP52    (0)   17 :  0.089 0.038 0.033 0.841 
635  ZFENP53    (0)   17 :  0.143 0.055 0.040 0.762 
636  ZFENP54    (0)   17 :  0.052 0.024 0.144 0.780 
637  ZFENP55    (0)   17 :  0.007 0.025 0.006 0.962 
638  ZFENP56    (0)   17 :  0.015 0.175 0.060 0.750 
639  ZFENP57    (0)   17 :  0.005 0.026 0.007 0.962 
640  ZFENP58    (0)   17 :  0.071 0.026 0.037 0.865 
641  ZFENP59    (0)   17 :  0.003 0.007 0.008 0.982 
642  ZFENP60    (0)   17 :  0.006 0.006 0.007 0.982 
643  ZFENP61    (0)   17 :  0.003 0.065 0.004 0.927 
644 ZFFDSP01    (0)   18 :  0.005 0.003 0.987 0.005 
645 ZFFDSP02    (0)   18 :  0.006 0.002 0.987 0.005 
646 ZFFDSP04    (0)   18 :  0.006 0.005 0.984 0.005 
647 ZFFDSP05    (0)   18 :  0.006 0.005 0.984 0.005 
648 ZFFDSP06    (0)   18 :  0.005 0.003 0.988 0.004 
649 ZFFDSP07    (0)   18 :  0.005 0.004 0.984 0.007 
650 ZFFDSP08    (0)   18 :  0.005 0.003 0.987 0.005 
651 ZFFDSP10    (0)   18 :  0.005 0.003 0.986 0.006 
652 ZFFDSP11    (0)   18 :  0.007 0.005 0.981 0.007 
653 ZFFDSP12    (0)   18 :  0.007 0.003 0.987 0.004 
654 ZFFDSP13    (0)   18 :  0.006 0.006 0.982 0.006 
655 ZFFDSP14    (0)   18 :  0.006 0.003 0.985 0.006 
656 ZFFDSP16    (0)   18 :  0.010 0.004 0.979 0.007 
657 ZFFDSP17    (0)   18 :  0.007 0.003 0.986 0.005 
658 ZFFDSP18    (0)   18 :  0.006 0.004 0.985 0.006 
659 ZFFDSP19    (0)   18 :  0.006 0.003 0.987 0.005 
660 ZFFDSP21    (0)   18 :  0.006 0.003 0.987 0.004 
661 ZFFDSP22    (0)   18 :  0.006 0.002 0.988 0.004 
662 ZFFDSP23    (0)   18 :  0.005 0.002 0.990 0.003 
663 ZFFDSP24    (0)   18 :  0.005 0.003 0.987 0.005 
664 ZFFDSP26    (9)   18 :  0.005 0.004 0.987 0.005 
665 ZFFDSP27    (0)   18 :  0.006 0.004 0.985 0.005 
