

----------------------------------------------------
STRUCTURE by Pritchard, Stephens and Donnelly (2000)
     and Falush, Stephens and Pritchard (2003)
       Code by Pritchard, Falush and Hubisz
             Version 2.3.4 (Jul 2012)
----------------------------------------------------



Command line arguments:   bin\structure -m C:\Users\eschumacher\Documents\GitHub\GCC_QUAC_ZAIN\Data_Files\Structure_Files\ZAIN\ZAIN_og_allpop_STR\50-50\mainparams -e C:\Users\eschumacher\Documents\GitHub\GCC_QUAC_ZAIN\Data_Files\Structure_Files\ZAIN\ZAIN_og_allpop_STR\50-50\extraparams 
Input File:    C:\Users\eschumacher\Documents\GitHub\GCC_QUAC_ZAIN\Data_Files\Structure_Files\ZAIN\ZAIN_og_allpop_STR\project_data

Run parameters:
   1135 individuals
   11 loci
   5 populations assumed
   50000 Burn-in period
   50000 Reps


--------------------------------------------
Proportion of membership of each pre-defined
 population in each of the 5 clusters

Given    Inferred Clusters                     Number of
 Pop       1      2      3      4      5      Individuals

  1:     0.011  0.602  0.009  0.013  0.364      303
  2:     0.019  0.654  0.005  0.011  0.312       15
  3:     0.006  0.415  0.004  0.042  0.532        2
  4:     0.004  0.717  0.008  0.031  0.241        2
  5:     0.016  0.570  0.016  0.019  0.379        7
  6:     0.013  0.280  0.005  0.009  0.694       13
  7:     0.003  0.005  0.003  0.005  0.984       13
  8:     0.008  0.951  0.013  0.007  0.021        7
  9:     0.010  0.848  0.013  0.008  0.121       11
 10:     0.008  0.742  0.014  0.017  0.218        9
 11:     0.014  0.068  0.010  0.840  0.069       35
 12:     0.038  0.006  0.941  0.010  0.006       36
 13:     0.011  0.005  0.970  0.009  0.005       33
 14:     0.945  0.004  0.023  0.023  0.006       40
 15:     0.862  0.005  0.125  0.005  0.003       40
 16:     0.045  0.019  0.073  0.845  0.018       40
 17:     0.069  0.017  0.036  0.787  0.091       37
 18:     0.008  0.005  0.977  0.007  0.003       40
 19:     0.046  0.004  0.008  0.933  0.009       28
 20:     0.894  0.003  0.015  0.082  0.006       14
 21:     0.132  0.005  0.035  0.480  0.348       13
 22:     0.154  0.005  0.832  0.006  0.003       14
 23:     0.011  0.005  0.971  0.006  0.007       25
 24:     0.022  0.009  0.950  0.015  0.004       40
 25:     0.908  0.022  0.023  0.030  0.017       32
 26:     0.050  0.007  0.018  0.089  0.835       21
 27:     0.010  0.015  0.010  0.944  0.021        4
 28:     0.012  0.006  0.023  0.952  0.007       23
 29:     0.008  0.004  0.006  0.978  0.004       39
 30:     0.005  0.003  0.004  0.978  0.010       38
 31:     0.121  0.005  0.864  0.007  0.004       45
 32:     0.091  0.006  0.888  0.007  0.007       28
 33:     0.007  0.025  0.006  0.948  0.014        6
 34:     0.065  0.007  0.097  0.804  0.027       40
 35:     0.040  0.017  0.077  0.781  0.084       42
--------------------------------------------

Allele-freq. divergence among pops (Net nucleotide distance),
computed using point estimates of P.

      1       2       3       4       5      
 1      -    0.2916  0.1094  0.1122  0.2767  
 2   0.2916     -    0.2688  0.2362  0.1527  
 3   0.1094  0.2688     -    0.1582  0.3108  
 4   0.1122  0.2362  0.1582     -    0.1490  
 5   0.2767  0.1527  0.3108  0.1490     -    

Average distances (expected heterozygosity) between individuals in same cluster:
cluster  1  : 0.4401 
cluster  2  : 0.4842 
cluster  3  : 0.4588 
cluster  4  : 0.5504 
cluster  5  : 0.5452 

--------------------------------------------
Estimated Ln Prob of Data   = -24755.7
Mean value of ln likelihood = -24381.8
Variance of ln likelihood   = 747.9
Mean value of alpha         = 0.0347

Mean value of Fst_1         = 0.4500
Mean value of Fst_2         = 0.3089
Mean value of Fst_3         = 0.4122
Mean value of Fst_4         = 0.2274
Mean value of Fst_5         = 0.2334


Inferred ancestry of individuals:
        Label (%Miss) Pop:  Inferred clusters
  1 TMA-ZAIN-G-    (9)    1 :  0.004 0.225 0.004 0.188 0.578 
  2 TMA-ZAIN-G-    (0)    1 :  0.045 0.108 0.066 0.043 0.738 
  3 TMA-ZAIN-G-    (0)    1 :  0.003 0.985 0.004 0.003 0.004 
  4 TMA-ZAIN-G-    (0)    1 :  0.023 0.818 0.003 0.042 0.113 
  5 TMA-ZAIN-G-    (0)    1 :  0.006 0.011 0.008 0.045 0.931 
  6 TMA-ZAIN-G-    (0)    1 :  0.007 0.915 0.005 0.013 0.060 
  7 TMA-ZAIN-G-    (0)    1 :  0.007 0.975 0.005 0.006 0.008 
  8 TMA-ZAIN-G-    (0)    1 :  0.004 0.985 0.005 0.003 0.003 
  9 TMA-ZAIN-G-    (9)    1 :  0.021 0.882 0.053 0.036 0.009 
 10 TMA-ZAIN-G-    (0)    1 :  0.003 0.984 0.005 0.003 0.005 
 11 TMA-ZAIN-G-    (0)    1 :  0.010 0.964 0.015 0.004 0.007 
 12 TMA-ZAIN-G-    (0)    1 :  0.004 0.983 0.005 0.004 0.004 
 13 TMA-ZAIN-G-    (9)    1 :  0.004 0.943 0.006 0.008 0.038 
 14 TMA-ZAIN-G-    (9)    1 :  0.014 0.961 0.004 0.011 0.010 
 15 TMA-ZAIN-G-    (0)    1 :  0.010 0.977 0.003 0.006 0.004 
 16 TMA-ZAIN-G-    (0)    1 :  0.003 0.984 0.005 0.004 0.005 
 17 TMA-ZAIN-G-    (9)    1 :  0.004 0.982 0.003 0.005 0.006 
 18 TMA-ZAIN-G-    (0)    1 :  0.006 0.040 0.004 0.017 0.933 
 19 TMA-ZAIN-G-    (0)    1 :  0.004 0.154 0.004 0.014 0.825 
 20 TMA-ZAIN-G-    (0)    1 :  0.005 0.004 0.003 0.004 0.984 
 21 TMA-ZAIN-G-    (0)    1 :  0.003 0.005 0.004 0.003 0.985 
 22 TMA-ZAIN-G-    (0)    1 :  0.003 0.003 0.003 0.007 0.985 
 23 TMA-ZAIN-G-    (0)    1 :  0.003 0.008 0.003 0.006 0.980 
 24 TMA-ZAIN-G-    (9)    1 :  0.008 0.062 0.078 0.004 0.848 
 25 TMA-ZAIN-G-    (9)    1 :  0.002 0.073 0.023 0.039 0.864 
 26 TMA-ZAIN-G-    (9)    1 :  0.016 0.906 0.005 0.003 0.071 
 27 TMA-ZAIN-G-    (0)    1 :  0.034 0.053 0.009 0.020 0.884 
 28 TMA-ZAIN-G-    (0)    1 :  0.011 0.151 0.069 0.257 0.512 
 29 TMA-ZAIN-G-    (0)    1 :  0.004 0.761 0.016 0.008 0.212 
 30 TMA-ZAIN-G-    (0)    1 :  0.015 0.877 0.070 0.021 0.016 
 31 TMA-ZAIN-G-    (0)    1 :  0.009 0.011 0.005 0.010 0.964 
 32 TMA-ZAIN-G-    (9)    1 :  0.004 0.510 0.009 0.007 0.469 
 33 TMA-ZAIN-G-   (18)    1 :  0.003 0.985 0.005 0.004 0.003 
 34 TMA-ZAIN-G-    (0)    1 :  0.005 0.951 0.006 0.004 0.034 
 35 TMA-ZAIN-G-    (9)    1 :  0.004 0.984 0.004 0.004 0.004 
 36 TMA-ZAIN-G-    (0)    1 :  0.005 0.985 0.004 0.003 0.003 
 37 TMA-ZAIN-G-    (9)    1 :  0.005 0.974 0.005 0.005 0.011 
 38 TMA-ZAIN-G-   (18)    1 :  0.006 0.344 0.005 0.060 0.585 
 39 TMA-ZAIN-G-    (0)    1 :  0.003 0.982 0.006 0.003 0.006 
 40 TMA-ZAIN-G-    (0)    1 :  0.003 0.986 0.005 0.003 0.004 
 41 TMA-ZAIN-G-    (0)    1 :  0.004 0.984 0.005 0.003 0.004 
 42 TMA-ZAIN-G-    (9)    1 :  0.005 0.984 0.004 0.003 0.003 
 43 TMA-ZAIN-G-    (0)    1 :  0.022 0.961 0.004 0.008 0.006 
 44 TMA-ZAIN-G-    (0)    1 :  0.033 0.017 0.026 0.007 0.917 
 45 TMA-ZAIN-G-    (0)    1 :  0.005 0.974 0.005 0.006 0.009 
 46 TMA-ZAIN-G-    (0)    1 :  0.003 0.003 0.003 0.003 0.988 
 47 TMA-ZAIN-G-    (0)    1 :  0.014 0.924 0.003 0.007 0.053 
 48 TMA-ZAIN-G-    (0)    1 :  0.009 0.958 0.005 0.005 0.024 
 49 TMA-ZAIN-G-    (9)    1 :  0.004 0.085 0.015 0.027 0.869 
 50 TMA-ZAIN-G-    (0)    1 :  0.003 0.091 0.009 0.006 0.891 
 51 TMA-ZAIN-G-    (0)    1 :  0.354 0.018 0.028 0.013 0.586 
 52 TMA-ZAIN-G-    (0)    1 :  0.122 0.203 0.070 0.047 0.558 
 53 TMA-ZAIN-G-    (0)    1 :  0.147 0.049 0.010 0.009 0.785 
 54 TMA-ZAIN-G-    (0)    1 :  0.019 0.924 0.004 0.005 0.048 
 55 TMA-ZAIN-G-    (0)    1 :  0.016 0.914 0.004 0.005 0.061 
 56 TMA-ZAIN-G-    (0)    1 :  0.028 0.770 0.004 0.033 0.165 
 57 TMA-ZAIN-G-    (0)    1 :  0.009 0.871 0.004 0.007 0.109 
 58 TMA-ZAIN-G-    (0)    1 :  0.005 0.094 0.006 0.011 0.885 
 59 TMA-ZAIN-G-    (0)    1 :  0.009 0.170 0.041 0.006 0.773 
 60 TMA-ZAIN-G-    (0)    1 :  0.011 0.047 0.006 0.014 0.922 
 61 TMA-ZAIN-G-    (0)    1 :  0.005 0.010 0.006 0.008 0.971 
 62 TMA-ZAIN-G-    (9)    1 :  0.010 0.037 0.011 0.033 0.909 
 63 TMA-ZAIN-G-    (0)    1 :  0.013 0.022 0.005 0.044 0.916 
 64 TMA-ZAIN-G-    (0)    1 :  0.003 0.974 0.017 0.002 0.003 
 65 TMA-ZAIN-G-    (9)    1 :  0.004 0.986 0.004 0.003 0.003 
 66 TMA-ZAIN-G-    (0)    1 :  0.004 0.982 0.009 0.003 0.003 
 67 TMA-ZAIN-G-    (0)    1 :  0.003 0.973 0.008 0.005 0.010 
 68 TMA-ZAIN-G-    (0)    1 :  0.004 0.984 0.007 0.002 0.003 
 69 TMA-ZAIN-G-    (0)    1 :  0.008 0.951 0.013 0.009 0.018 
 70 TMA-ZAIN-G-    (0)    1 :  0.006 0.973 0.011 0.004 0.005 
 71 TMA-ZAIN-G-    (0)    1 :  0.012 0.953 0.027 0.004 0.004 
 72 TMA-ZAIN-G-    (0)    1 :  0.004 0.981 0.006 0.003 0.005 
 73 TMA-ZAIN-G-    (0)    1 :  0.014 0.937 0.012 0.004 0.033 
 74 TMA-ZAIN-G-    (0)    1 :  0.007 0.954 0.014 0.007 0.018 
 75 TMA-ZAIN-G-    (0)    1 :  0.029 0.945 0.017 0.005 0.005 
 76 TMA-ZAIN-G-    (0)    1 :  0.012 0.889 0.025 0.015 0.059 
 77 TMA-ZAIN-G-    (0)    1 :  0.004 0.980 0.006 0.003 0.008 
 78 TMA-ZAIN-G-    (0)    1 :  0.004 0.944 0.004 0.009 0.038 
 79 TMA-ZAIN-G-    (0)    1 :  0.006 0.964 0.004 0.005 0.021 
 80 TMA-ZAIN-G-    (0)    1 :  0.003 0.984 0.005 0.003 0.005 
 81 TMA-ZAIN-G-    (0)    1 :  0.008 0.971 0.008 0.004 0.009 
 82 TMA-ZAIN-G-    (0)    1 :  0.006 0.976 0.010 0.004 0.003 
 83 TMA-ZAIN-G-    (9)    1 :  0.007 0.948 0.006 0.004 0.035 
 84 TMA-ZAIN-G-    (0)    1 :  0.003 0.954 0.004 0.005 0.033 
 85 TMA-ZAIN-G-    (0)    1 :  0.004 0.045 0.003 0.008 0.941 
 86 TMA-ZAIN-G-    (0)    1 :  0.004 0.122 0.003 0.007 0.864 
 87 TMA-ZAIN-G-    (0)    1 :  0.004 0.015 0.003 0.006 0.972 
 88 TMA-ZAIN-G-    (0)    1 :  0.006 0.606 0.005 0.006 0.377 
 89 TMA-ZAIN-G-    (0)    1 :  0.015 0.635 0.005 0.009 0.336 
 90 TMA-ZAIN-G-    (0)    1 :  0.007 0.304 0.003 0.013 0.673 
 91 TMA-ZAIN-G-    (0)    1 :  0.014 0.425 0.004 0.006 0.550 
 92 TMA-ZAIN-G-    (0)    1 :  0.006 0.187 0.003 0.006 0.798 
 93 TMA-ZAIN-G-    (0)    1 :  0.021 0.377 0.005 0.005 0.592 
 94 TMA-ZAIN-G-    (0)    1 :  0.007 0.022 0.004 0.006 0.961 
 95 TMA-ZAIN-G-    (0)    1 :  0.013 0.023 0.161 0.060 0.743 
 96 TMA-ZAIN-G-    (0)    1 :  0.006 0.504 0.007 0.347 0.137 
 97 TMA-ZAIN-G-    (0)    1 :  0.008 0.007 0.010 0.028 0.947 
 98 TMA-ZAIN-G-    (0)    1 :  0.011 0.010 0.078 0.027 0.874 
 99 TMA-ZAIN-G-    (0)    1 :  0.004 0.140 0.128 0.011 0.717 
100 TMA-ZAIN-G-    (0)    1 :  0.013 0.006 0.004 0.008 0.969 
101 TMA-ZAIN-G-    (0)    1 :  0.007 0.074 0.018 0.016 0.885 
102 TMA-ZAIN-G-    (0)    1 :  0.005 0.044 0.010 0.008 0.932 
103 TMA-ZAIN-G-    (0)    1 :  0.003 0.037 0.005 0.019 0.936 
104 TMA-ZAIN-G-    (0)    1 :  0.006 0.010 0.013 0.138 0.833 
105 TMA-ZAIN-G-    (0)    1 :  0.004 0.061 0.005 0.034 0.896 
106 TMA-ZAIN-G-    (0)    1 :  0.003 0.985 0.005 0.003 0.004 
107 TMA-ZAIN-G-    (0)    1 :  0.003 0.977 0.013 0.003 0.004 
108 TMA-ZAIN-G-    (9)    1 :  0.014 0.522 0.006 0.012 0.446 
109 TMA-ZAIN-G-    (0)    1 :  0.005 0.765 0.005 0.074 0.150 
110 TMA-ZAIN-G-    (0)    1 :  0.004 0.810 0.005 0.012 0.169 
111 TMA-ZAIN-G-    (9)    1 :  0.006 0.160 0.010 0.012 0.812 
112 TMA-ZAIN-G-    (0)    1 :  0.004 0.606 0.006 0.007 0.377 
113 TMA-ZAIN-G-    (0)    1 :  0.007 0.134 0.040 0.018 0.801 
114 TMA-ZAIN-G-    (0)    1 :  0.003 0.009 0.007 0.015 0.966 
115 TMA-ZAIN-G-    (0)    1 :  0.006 0.022 0.011 0.080 0.881 
116 TMA-ZAIN-G-    (0)    1 :  0.003 0.984 0.005 0.003 0.004 
117 TMA-ZAIN-G-    (0)    1 :  0.004 0.985 0.004 0.003 0.004 
118 TMA-ZAIN-G-    (0)    1 :  0.004 0.985 0.004 0.003 0.004 
119 TMA-ZAIN-G-    (0)    1 :  0.003 0.978 0.005 0.006 0.008 
120 TMA-ZAIN-G-    (0)    1 :  0.004 0.984 0.004 0.004 0.004 
121 TMA-ZAIN-G-    (0)    1 :  0.004 0.984 0.005 0.003 0.004 
122 TMA-ZAIN-G-    (0)    1 :  0.005 0.976 0.005 0.005 0.009 
123 TMA-ZAIN-G-    (0)    1 :  0.004 0.012 0.004 0.062 0.917 
124 TMA-ZAIN-G-    (0)    1 :  0.004 0.984 0.004 0.004 0.005 
125 TMA-ZAIN-G-    (0)    1 :  0.006 0.986 0.003 0.002 0.003 
126 TMA-ZAIN-G-    (0)    1 :  0.004 0.985 0.004 0.003 0.004 
127 TMA-ZAIN-G-    (0)    1 :  0.003 0.987 0.004 0.003 0.003 
128 TMA-ZAIN-G-    (0)    1 :  0.003 0.986 0.005 0.003 0.003 
129 TMA-ZAIN-G-    (0)    1 :  0.004 0.983 0.006 0.003 0.004 
130 TMA-ZAIN-G-    (0)    1 :  0.006 0.983 0.003 0.004 0.004 
131 TMA-ZAIN-G-    (0)    1 :  0.003 0.986 0.004 0.004 0.004 
132 TMA-ZAIN-G-    (0)    1 :  0.005 0.985 0.004 0.003 0.003 
133 TMA-ZAIN-G-    (0)    1 :  0.005 0.982 0.004 0.003 0.006 
134 TMA-ZAIN-G-    (0)    1 :  0.006 0.982 0.004 0.003 0.005 
135 TMA-ZAIN-G-    (0)    1 :  0.003 0.983 0.006 0.003 0.004 
136 TMA-ZAIN-G-    (0)    1 :  0.005 0.981 0.006 0.003 0.005 
137 TMA-ZAIN-G-    (0)    1 :  0.003 0.983 0.005 0.003 0.005 
138 TMA-ZAIN-G-    (0)    1 :  0.004 0.984 0.006 0.003 0.003 
139 TMA-ZAIN-G-    (0)    1 :  0.005 0.984 0.005 0.003 0.003 
140 TMA-ZAIN-G-    (0)    1 :  0.003 0.984 0.005 0.003 0.005 
141 TMA-ZAIN-G-    (0)    1 :  0.004 0.984 0.004 0.004 0.004 
142 TMA-ZAIN-G-    (9)    1 :  0.003 0.985 0.005 0.003 0.004 
143 TMA-ZAIN-G-    (0)    1 :  0.003 0.985 0.005 0.003 0.004 
144 TMA-ZAIN-G-    (0)    1 :  0.005 0.981 0.005 0.004 0.006 
145 TMA-ZAIN-G-    (0)    1 :  0.003 0.986 0.006 0.002 0.003 
146 TMA-ZAIN-G-    (0)    1 :  0.006 0.978 0.009 0.003 0.004 
147 TMA-ZAIN-G-    (9)    1 :  0.003 0.985 0.005 0.003 0.004 
148 TMA-ZAIN-G-    (0)    1 :  0.016 0.970 0.007 0.003 0.004 
149 TMA-ZAIN-G-    (0)    1 :  0.004 0.980 0.006 0.003 0.007 
150 TMA-ZAIN-G-    (0)    1 :  0.008 0.971 0.011 0.004 0.006 
151 TMA-ZAIN-G-    (0)    1 :  0.003 0.986 0.004 0.003 0.003 
152 TMA-ZAIN-G-    (0)    1 :  0.003 0.985 0.005 0.004 0.003 
153 TMA-ZAIN-G-    (0)    1 :  0.003 0.986 0.005 0.003 0.003 
154 TMA-ZAIN-G-    (0)    1 :  0.003 0.987 0.004 0.003 0.003 
155 TMA-ZAIN-G-    (0)    1 :  0.002 0.985 0.006 0.003 0.003 
156 TMA-ZAIN-G-    (9)    1 :  0.006 0.979 0.005 0.006 0.004 
157 TMA-ZAIN-G-    (0)    1 :  0.004 0.983 0.005 0.005 0.004 
158 TMA-ZAIN-G-    (0)    1 :  0.005 0.979 0.008 0.004 0.004 
159 TMA-ZAIN-G-    (0)    1 :  0.006 0.976 0.012 0.003 0.003 
160 TMA-ZAIN-G-    (0)    1 :  0.003 0.984 0.006 0.003 0.003 
161 TMA-ZAIN-G-    (0)    1 :  0.004 0.986 0.005 0.003 0.003 
162 TMA-ZAIN-G-    (0)    1 :  0.003 0.983 0.007 0.003 0.005 
163 TMA-ZAIN-G-    (0)    1 :  0.003 0.987 0.005 0.003 0.002 
164 TMA-ZAIN-G-    (0)    1 :  0.003 0.983 0.005 0.004 0.005 
165 TMA-ZAIN-G-    (0)    1 :  0.003 0.985 0.007 0.003 0.003 
166 TMA-ZAIN-G-    (0)    1 :  0.003 0.987 0.005 0.002 0.003 
167 TMA-ZAIN-G-    (0)    1 :  0.003 0.982 0.005 0.004 0.006 
168 TMA-ZAIN-G-    (0)    1 :  0.006 0.979 0.006 0.005 0.005 
169 TMA-ZAIN-G-    (0)    1 :  0.003 0.983 0.008 0.003 0.003 
170 TMA-ZAIN-G-    (0)    1 :  0.004 0.967 0.006 0.009 0.014 
171 TMA-ZAIN-G-    (0)    1 :  0.003 0.984 0.006 0.003 0.004 
172 TMA-ZAIN-G-    (0)    1 :  0.004 0.981 0.005 0.005 0.006 
173 TMA-ZAIN-G-    (0)    1 :  0.004 0.981 0.005 0.005 0.005 
174 TMA-ZAIN-G-    (0)    1 :  0.003 0.986 0.006 0.002 0.003 
175 TMA-ZAIN-G-    (0)    1 :  0.008 0.974 0.012 0.004 0.003 
176 TMA-ZAIN-G-    (0)    1 :  0.008 0.975 0.010 0.003 0.004 
177 TMA-ZAIN-G-    (0)    1 :  0.032 0.933 0.024 0.006 0.004 
178 TMA-ZAIN-G-    (0)    1 :  0.007 0.972 0.005 0.009 0.007 
179 TMA-ZAIN-G-    (0)    1 :  0.010 0.972 0.010 0.004 0.004 
180 TMA-ZAIN-G-    (0)    1 :  0.004 0.983 0.004 0.003 0.005 
181 TMA-ZAIN-G-    (0)    1 :  0.005 0.981 0.006 0.004 0.004 
182 TMA-ZAIN-G-    (0)    1 :  0.008 0.978 0.004 0.006 0.004 
183 TMA-ZAIN-G-    (0)    1 :  0.005 0.982 0.005 0.004 0.004 
184 TMA-ZAIN-G-    (0)    1 :  0.005 0.978 0.007 0.003 0.007 
185 TMA-ZAIN-G-    (0)    1 :  0.004 0.974 0.007 0.004 0.011 
186 TMA-ZAIN-G-    (9)    1 :  0.003 0.980 0.005 0.004 0.008 
187 TMA-ZAIN-G-    (0)    1 :  0.003 0.979 0.008 0.004 0.005 
188 TMA-ZAIN-G-    (0)    1 :  0.003 0.985 0.006 0.002 0.003 
189 TMA-ZAIN-G-    (0)    1 :  0.003 0.985 0.007 0.002 0.003 
190 TMA-ZAIN-G-    (0)    1 :  0.015 0.966 0.008 0.007 0.005 
191 TMA-ZAIN-G-    (0)    1 :  0.003 0.973 0.013 0.003 0.008 
192 TMA-ZAIN-G-    (0)    1 :  0.004 0.980 0.006 0.004 0.007 
193 TMA-ZAIN-G-    (0)    1 :  0.056 0.929 0.004 0.006 0.005 
194 TMA-ZAIN-G-    (0)    1 :  0.029 0.954 0.004 0.007 0.007 
195 TMA-ZAIN-G-    (0)    1 :  0.088 0.892 0.007 0.008 0.005 
196 TMA-ZAIN-G-    (0)    1 :  0.018 0.967 0.004 0.007 0.004 
197 TMA-ZAIN-G-    (0)    1 :  0.017 0.970 0.003 0.005 0.004 
198 TMA-ZAIN-G-    (0)    1 :  0.020 0.966 0.004 0.005 0.005 
199 TMA-ZAIN-G-    (0)    1 :  0.003 0.982 0.005 0.003 0.006 
200 TMA-ZAIN-G-    (0)    1 :  0.005 0.003 0.002 0.007 0.983 
201 TMA-ZAIN-G-    (0)    1 :  0.003 0.004 0.003 0.003 0.987 
202 TMA-ZAIN-G-    (0)    1 :  0.004 0.004 0.003 0.005 0.984 
203 TMA-ZAIN-G-    (0)    1 :  0.020 0.958 0.004 0.012 0.006 
204 TMA-ZAIN-G-    (9)    1 :  0.078 0.006 0.020 0.009 0.886 
205 TMA-ZAIN-G-    (0)    1 :  0.004 0.061 0.003 0.004 0.928 
206 TMA-ZAIN-G-    (9)    1 :  0.008 0.010 0.005 0.007 0.971 
207 TMA-ZAIN-G-    (9)    1 :  0.008 0.975 0.004 0.006 0.007 
208 TMA-ZAIN-G-    (0)    1 :  0.003 0.987 0.005 0.003 0.003 
209 TMA-ZAIN-G-    (0)    1 :  0.007 0.983 0.004 0.002 0.003 
210 TMA-ZAIN-G-    (0)    1 :  0.008 0.979 0.004 0.004 0.004 
211 TMA-ZAIN-G-    (0)    1 :  0.004 0.974 0.004 0.006 0.012 
212 TMA-ZAIN-G-    (0)    1 :  0.005 0.980 0.005 0.005 0.005 
213 TMA-ZAIN-G-    (0)    1 :  0.004 0.983 0.005 0.003 0.005 
214 TMA-ZAIN-G-    (0)    1 :  0.004 0.985 0.004 0.003 0.004 
215 TMA-ZAIN-G-    (0)    1 :  0.002 0.855 0.004 0.016 0.123 
216 TMA-ZAIN-G-    (0)    1 :  0.004 0.983 0.004 0.003 0.006 
217 TMA-ZAIN-G-    (0)    1 :  0.004 0.985 0.005 0.003 0.003 
218 TMA-ZAIN-G-    (0)    1 :  0.008 0.043 0.063 0.018 0.869 
219 TMA-ZAIN-G-    (0)    1 :  0.008 0.012 0.017 0.011 0.951 
220 TMA-ZAIN-G-    (0)    1 :  0.004 0.100 0.010 0.336 0.550 
221 TMA-ZAIN-G-    (0)    1 :  0.007 0.020 0.056 0.011 0.907 
222 TMA-ZAIN-G-    (0)    1 :  0.004 0.030 0.004 0.006 0.956 
223 TMA-ZAIN-G-    (0)    1 :  0.003 0.006 0.003 0.010 0.978 
224 TMA-ZAIN-G-    (0)    1 :  0.004 0.087 0.004 0.007 0.899 
225 TMA-ZAIN-G-    (0)    1 :  0.004 0.006 0.003 0.014 0.974 
226 TMA-ZAIN-G-    (0)    1 :  0.003 0.015 0.003 0.008 0.971 
227 TMA-ZAIN-G-    (0)    1 :  0.004 0.012 0.004 0.011 0.969 
228 TMA-ZAIN-G-    (0)    1 :  0.020 0.081 0.013 0.039 0.846 
229 TMA-ZAIN-G-    (0)    1 :  0.003 0.008 0.006 0.007 0.976 
230 TMA-ZAIN-G-    (0)    1 :  0.026 0.450 0.011 0.062 0.451 
231 TMA-ZAIN-G-    (0)    1 :  0.004 0.023 0.004 0.006 0.963 
232 TMA-ZAIN-G-    (9)    1 :  0.003 0.013 0.005 0.005 0.974 
233 TMA-ZAIN-G-    (0)    1 :  0.005 0.171 0.007 0.017 0.800 
234 TMA-ZAIN-G-    (0)    1 :  0.008 0.010 0.005 0.010 0.967 
235 TMA-ZAIN-G-    (0)    1 :  0.006 0.037 0.011 0.022 0.924 
236 TMA-ZAIN-G-    (0)    1 :  0.004 0.012 0.003 0.008 0.973 
237 TMA-ZAIN-G-    (0)    1 :  0.005 0.148 0.007 0.007 0.832 
238 TMA-ZAIN-G-    (0)    1 :  0.003 0.018 0.005 0.004 0.970 
239 TMA-ZAIN-G-    (0)    1 :  0.077 0.083 0.010 0.002 0.827 
240 TMA-ZAIN-G-    (0)    1 :  0.003 0.004 0.003 0.003 0.988 
241 TMA-ZAIN-G-    (0)    1 :  0.003 0.006 0.004 0.003 0.984 
242 TMA-ZAIN-G-    (0)    1 :  0.003 0.006 0.005 0.003 0.984 
243 TMA-ZAIN-G-    (0)    1 :  0.003 0.008 0.006 0.003 0.980 
244 TMA-ZAIN-G-    (0)    1 :  0.003 0.011 0.007 0.003 0.977 
245 TMA-ZAIN-G-    (9)    1 :  0.002 0.004 0.003 0.003 0.988 
246 TMA-ZAIN-G-    (0)    1 :  0.003 0.003 0.003 0.003 0.988 
247 TMA-ZAIN-G-    (0)    1 :  0.003 0.005 0.004 0.003 0.986 
248 TMA-ZAIN-G-    (0)    1 :  0.004 0.006 0.004 0.004 0.983 
249 TMA-ZAIN-G-    (0)    1 :  0.003 0.004 0.003 0.003 0.987 
250 TMA-ZAIN-G-    (0)    1 :  0.003 0.004 0.003 0.003 0.987 
251 TMA-ZAIN-G-    (0)    1 :  0.025 0.925 0.003 0.015 0.032 
252 TMA-ZAIN-G-    (0)    1 :  0.045 0.933 0.007 0.005 0.011 
253 TMA-ZAIN-G-    (0)    1 :  0.012 0.951 0.004 0.004 0.029 
254 TMA-ZAIN-G-    (9)    1 :  0.004 0.973 0.004 0.005 0.013 
255 TMA-ZAIN-G-    (0)    1 :  0.022 0.754 0.005 0.023 0.196 
256 TMA-ZAIN-G-    (0)    1 :  0.025 0.879 0.004 0.005 0.087 
257 TMA-ZAIN-G-    (0)    1 :  0.040 0.913 0.003 0.006 0.038 
258 TMA-ZAIN-G-    (0)    1 :  0.019 0.950 0.003 0.005 0.023 
259 TMA-ZAIN-G-    (0)    1 :  0.089 0.650 0.004 0.007 0.250 
260 TMA-ZAIN-G-    (0)    1 :  0.040 0.805 0.005 0.007 0.143 
261 TMA-ZAIN-G-   (18)    1 :  0.024 0.944 0.004 0.016 0.012 
262 TMA-ZAIN-G-    (0)    1 :  0.030 0.932 0.003 0.007 0.029 
263 TMA-ZAIN-G-    (0)    1 :  0.028 0.859 0.003 0.009 0.101 
264 TMA-ZAIN-G-    (0)    1 :  0.019 0.884 0.004 0.008 0.084 
265 TMA-ZAIN-G-    (0)    1 :  0.023 0.419 0.008 0.004 0.545 
266 TMA-ZAIN-G-    (0)    1 :  0.010 0.963 0.004 0.006 0.017 
267 TMA-ZAIN-G-    (0)    1 :  0.010 0.038 0.007 0.006 0.940 
268 TMA-ZAIN-G-    (0)    1 :  0.003 0.005 0.003 0.011 0.978 
269 TMA-ZAIN-G-    (0)    1 :  0.003 0.007 0.003 0.007 0.980 
270 TMA-ZAIN-G-    (0)    1 :  0.004 0.007 0.003 0.006 0.981 
271 TMA-ZAIN-G-    (0)    1 :  0.003 0.005 0.003 0.009 0.980 
272 TMA-ZAIN-G-    (0)    1 :  0.003 0.005 0.002 0.005 0.985 
273 TMA-ZAIN-G-    (0)    1 :  0.002 0.003 0.002 0.004 0.988 
274 TMA-ZAIN-G-    (0)    1 :  0.005 0.008 0.006 0.006 0.976 
275 TMA-ZAIN-G-    (0)    1 :  0.002 0.003 0.002 0.004 0.988 
276 TMA-ZAIN-G-    (0)    1 :  0.002 0.004 0.003 0.005 0.987 
277 TMA-ZAIN-G-    (0)    1 :  0.003 0.005 0.004 0.004 0.984 
278 TMA-ZAIN-G-    (0)    1 :  0.003 0.004 0.002 0.003 0.988 
279 TMA-ZAIN-G-    (0)    1 :  0.003 0.005 0.003 0.005 0.985 
280 TMA-ZAIN-G-    (0)    1 :  0.003 0.005 0.003 0.005 0.983 
281 TMA-ZAIN-G-    (0)    1 :  0.003 0.004 0.003 0.005 0.985 
282 TMA-ZAIN-G-    (9)    1 :  0.003 0.003 0.003 0.004 0.986 
283 TMA-ZAIN-G-    (0)    1 :  0.004 0.006 0.003 0.005 0.981 
284 TMA-ZAIN-G-    (0)    1 :  0.005 0.011 0.004 0.009 0.972 
285 TMA-ZAIN-G-    (0)    1 :  0.004 0.006 0.005 0.004 0.982 
286 TMA-ZAIN-G-    (0)    1 :  0.003 0.004 0.003 0.006 0.984 
287 TMA-ZAIN-G-    (0)    1 :  0.004 0.005 0.005 0.005 0.981 
288 TMA-ZAIN-G-    (0)    1 :  0.005 0.017 0.007 0.009 0.962 
289 TMA-ZAIN-G-    (0)    1 :  0.004 0.007 0.005 0.004 0.979 
290 TMA-ZAIN-G-    (0)    1 :  0.004 0.009 0.005 0.013 0.969 
291 TMA-ZAIN-G-    (0)    1 :  0.016 0.013 0.067 0.081 0.823 
292 TMA-ZAIN-G-    (0)    1 :  0.003 0.973 0.004 0.006 0.014 
293 TMA-ZAIN-G-    (0)    1 :  0.004 0.982 0.003 0.003 0.007 
294 TMA-ZAIN-G-    (0)    1 :  0.010 0.969 0.013 0.004 0.005 
295 TMA-ZAIN-G-    (9)    1 :  0.010 0.965 0.011 0.006 0.008 
296 TMA-ZAIN-G-    (0)    1 :  0.005 0.978 0.004 0.005 0.007 
297 TMA-ZAIN-G-    (0)    1 :  0.004 0.982 0.004 0.004 0.006 
298 TMA-ZAIN-G-    (0)    1 :  0.006 0.976 0.005 0.005 0.009 
299 TMA-ZAIN-G-    (0)    1 :  0.003 0.978 0.006 0.004 0.009 
300 TMA-ZAIN-G-    (0)    1 :  0.010 0.965 0.014 0.004 0.007 
301 TMA-ZAIN-G-    (0)    1 :  0.004 0.980 0.006 0.003 0.006 
302 TMA-ZAIN-G-    (9)    1 :  0.004 0.984 0.005 0.003 0.004 
303 TMA-ZAIN-G-    (0)    1 :  0.174 0.046 0.055 0.015 0.710 
304 TMA-ZAIN-G-    (0)    2 :  0.006 0.960 0.005 0.005 0.025 
305 TMA-ZAIN-G-    (0)    2 :  0.003 0.984 0.004 0.003 0.005 
306 TMA-ZAIN-G-    (0)    2 :  0.008 0.870 0.006 0.004 0.113 
307 TMA-ZAIN-G-    (0)    2 :  0.004 0.964 0.007 0.004 0.020 
308 TMA-ZAIN-G-    (0)    2 :  0.217 0.163 0.005 0.007 0.609 
309 TMA-ZAIN-G-    (0)    2 :  0.003 0.983 0.006 0.004 0.004 
310 TMA-ZAIN-G-    (0)    2 :  0.004 0.978 0.005 0.004 0.009 
311 TMA-ZAIN-G-    (0)    2 :  0.005 0.976 0.004 0.008 0.007 
312 TMA-ZAIN-G-    (0)    2 :  0.005 0.975 0.004 0.007 0.009 
313 TMA-ZAIN-G-    (0)    2 :  0.012 0.971 0.006 0.004 0.008 
314 TMA-ZAIN-G-    (0)    2 :  0.005 0.012 0.006 0.056 0.921 
315 TMA-ZAIN-G-    (0)    2 :  0.003 0.489 0.005 0.005 0.498 
316 TMA-ZAIN-G-    (0)    2 :  0.003 0.433 0.006 0.007 0.552 
317 TMA-ZAIN-G-    (0)    2 :  0.003 0.042 0.004 0.035 0.916 
318 TMA-ZAIN-G-    (9)    2 :  0.005 0.006 0.004 0.006 0.979 
319 TMA-ZAIN-G-    (0)    3 :  0.008 0.200 0.003 0.076 0.712 
320 TMA-ZAIN-G-    (0)    3 :  0.004 0.631 0.005 0.008 0.353 
321 TMA-ZAIN-G-    (0)    4 :  0.004 0.735 0.010 0.037 0.214 
322 TMA-ZAIN-G-    (0)    4 :  0.004 0.698 0.005 0.025 0.268 
323 TMA-ZAIN-G-    (0)    5 :  0.013 0.225 0.012 0.006 0.745 
324 TMA-ZAIN-G-    (0)    5 :  0.006 0.977 0.004 0.007 0.006 
325 TMA-ZAIN-G-    (0)    5 :  0.009 0.019 0.056 0.028 0.888 
326 TMA-ZAIN-G-    (0)    5 :  0.048 0.555 0.017 0.076 0.303 
327 TMA-ZAIN-G-    (0)    5 :  0.017 0.971 0.004 0.004 0.004 
328 TMA-ZAIN-G-    (0)    5 :  0.013 0.262 0.017 0.007 0.701 
329 TMA-ZAIN-G-    (0)    5 :  0.005 0.982 0.004 0.003 0.006 
330 TMA-ZAIN-G-    (0)    6 :  0.005 0.985 0.004 0.003 0.003 
331 TMA-ZAIN-G-    (0)    6 :  0.100 0.674 0.029 0.047 0.151 
332 TMA-ZAIN-G-    (0)    6 :  0.007 0.981 0.004 0.004 0.004 
333 TMA-ZAIN-G-    (0)    6 :  0.033 0.953 0.003 0.006 0.004 
334 TMA-ZAIN-G-    (0)    6 :  0.003 0.004 0.002 0.005 0.986 
335 TMA-ZAIN-G-    (0)    6 :  0.002 0.005 0.002 0.004 0.987 
336 TMA-ZAIN-G-    (0)    6 :  0.003 0.009 0.002 0.005 0.980 
337 TMA-ZAIN-G-    (9)    6 :  0.003 0.006 0.003 0.007 0.980 
338 TMA-ZAIN-G-    (0)    6 :  0.002 0.003 0.002 0.008 0.984 
339 TMA-ZAIN-G-    (0)    6 :  0.002 0.002 0.002 0.008 0.985 
340 TMA-ZAIN-G-    (0)    6 :  0.002 0.004 0.002 0.005 0.987 
341 TMA-ZAIN-G-    (0)    6 :  0.003 0.005 0.003 0.005 0.985 
342 TMA-ZAIN-G-    (0)    6 :  0.002 0.004 0.002 0.006 0.986 
343 TMA-ZAIN-G-    (0)    7 :  0.002 0.003 0.002 0.006 0.987 
344 TMA-ZAIN-G-    (0)    7 :  0.003 0.005 0.003 0.004 0.985 
345 TMA-ZAIN-G-    (0)    7 :  0.002 0.003 0.002 0.004 0.989 
346 TMA-ZAIN-G-    (0)    7 :  0.002 0.004 0.002 0.005 0.987 
347 TMA-ZAIN-G-    (9)    7 :  0.003 0.004 0.002 0.005 0.987 
348 TMA-ZAIN-G-    (0)    7 :  0.004 0.006 0.003 0.006 0.981 
349 TMA-ZAIN-G-    (0)    7 :  0.003 0.004 0.003 0.004 0.986 
350 TMA-ZAIN-G-    (0)    7 :  0.003 0.007 0.003 0.005 0.982 
351 TMA-ZAIN-G-    (0)    7 :  0.003 0.004 0.002 0.005 0.985 
352 TMA-ZAIN-G-    (0)    7 :  0.003 0.006 0.002 0.005 0.983 
353 TMA-ZAIN-G-    (0)    7 :  0.004 0.007 0.003 0.006 0.981 
354 TMA-ZAIN-G-    (0)    7 :  0.002 0.005 0.003 0.006 0.984 
355 TMA-ZAIN-G-    (0)    7 :  0.003 0.008 0.003 0.006 0.979 
356 TMA-ZAIN-G-    (0)    8 :  0.002 0.985 0.005 0.002 0.006 
357 TMA-ZAIN-G-    (0)    8 :  0.004 0.984 0.004 0.004 0.005 
358 TMA-ZAIN-G-    (0)    8 :  0.008 0.962 0.016 0.005 0.009 
359 TMA-ZAIN-G-    (0)    8 :  0.004 0.877 0.004 0.007 0.108 
360 TMA-ZAIN-G-    (0)    8 :  0.003 0.986 0.005 0.003 0.004 
361 TMA-ZAIN-G-    (0)    8 :  0.032 0.888 0.052 0.025 0.004 
362 TMA-ZAIN-G-    (0)    8 :  0.003 0.977 0.004 0.004 0.012 
363 TMA-ZAIN-G-    (0)    9 :  0.005 0.973 0.005 0.005 0.013 
364 TMA-ZAIN-G-    (0)    9 :  0.003 0.023 0.003 0.015 0.956 
365 TMA-ZAIN-G-    (0)    9 :  0.003 0.668 0.008 0.007 0.314 
366 TMA-ZAIN-G-    (0)    9 :  0.020 0.947 0.019 0.004 0.009 
367 TMA-ZAIN-G-    (0)    9 :  0.009 0.969 0.004 0.011 0.007 
368 TMA-ZAIN-G-    (0)    9 :  0.015 0.958 0.017 0.004 0.005 
369 TMA-ZAIN-G-    (0)    9 :  0.003 0.986 0.005 0.003 0.004 
370 TMA-ZAIN-G-    (0)    9 :  0.031 0.867 0.067 0.028 0.007 
371 TMA-ZAIN-G-    (0)    9 :  0.003 0.984 0.006 0.003 0.004 
372 TMA-ZAIN-G-    (0)    9 :  0.004 0.979 0.010 0.003 0.004 
373 TMA-ZAIN-G-    (0)    9 :  0.011 0.971 0.004 0.007 0.006 
374 TMA-ZAIN-G-    (0)   10 :  0.007 0.847 0.005 0.055 0.087 
375 TMA-ZAIN-G-    (0)   10 :  0.003 0.584 0.004 0.008 0.400 
376 TMA-ZAIN-G-    (9)   10 :  0.003 0.985 0.005 0.003 0.004 
377 TMA-ZAIN-G-    (0)   10 :  0.003 0.986 0.006 0.002 0.003 
378 TMA-ZAIN-G-    (0)   10 :  0.003 0.986 0.006 0.003 0.003 
379 TMA-ZAIN-G-    (0)   10 :  0.003 0.987 0.005 0.003 0.003 
380 TMA-ZAIN-G-    (0)   10 :  0.008 0.974 0.012 0.003 0.004 
381 TMA-ZAIN-G-    (9)   10 :  0.034 0.322 0.075 0.051 0.518 
382 TMA-ZAIN-G-    (9)   10 :  0.009 0.011 0.008 0.026 0.945 
383    ZFB01    (0)   11 :  0.006 0.210 0.006 0.750 0.028 
384    ZFB02    (0)   11 :  0.007 0.016 0.004 0.958 0.015 
385    ZFB03    (0)   11 :  0.012 0.018 0.006 0.948 0.016 
386    ZFB04    (0)   11 :  0.005 0.021 0.006 0.949 0.020 
387    ZFB05    (0)   11 :  0.015 0.018 0.003 0.890 0.073 
388    ZFB06    (0)   11 :  0.010 0.016 0.003 0.921 0.050 
389    ZFB07    (9)   11 :  0.007 0.007 0.011 0.967 0.008 
390    ZFB08    (0)   11 :  0.007 0.012 0.005 0.965 0.011 
391    ZFB09    (0)   11 :  0.004 0.030 0.004 0.943 0.018 
392    ZFB10    (0)   11 :  0.007 0.103 0.017 0.829 0.043 
393    ZFB11    (0)   11 :  0.006 0.361 0.007 0.567 0.059 
394    ZFB12    (0)   11 :  0.006 0.113 0.006 0.848 0.026 
395    ZFB13    (0)   11 :  0.005 0.005 0.008 0.970 0.012 
396    ZFB14    (0)   11 :  0.006 0.020 0.009 0.950 0.015 
397    ZFB15    (0)   11 :  0.003 0.029 0.003 0.905 0.059 
398    ZFB16    (0)   11 :  0.004 0.014 0.005 0.936 0.042 
399    ZFB17    (0)   11 :  0.006 0.027 0.005 0.924 0.037 
400    ZFB18    (0)   11 :  0.006 0.063 0.006 0.907 0.018 
401    ZFB19    (0)   11 :  0.005 0.012 0.030 0.939 0.013 
402    ZFB20    (0)   11 :  0.003 0.030 0.005 0.877 0.085 
403    ZFB21    (0)   11 :  0.004 0.019 0.004 0.919 0.054 
404    ZFB22    (0)   11 :  0.004 0.096 0.006 0.817 0.077 
405    ZFB23    (0)   11 :  0.012 0.097 0.011 0.829 0.050 
406    ZFB24    (0)   11 :  0.005 0.280 0.006 0.674 0.035 
407    ZFB25    (0)   11 :  0.012 0.138 0.039 0.726 0.085 
408    ZFB26    (0)   11 :  0.013 0.115 0.024 0.775 0.073 
409    ZFB27    (0)   11 :  0.010 0.159 0.008 0.436 0.388 
410    ZFB28    (0)   11 :  0.116 0.013 0.032 0.205 0.634 
411    ZFB29    (0)   11 :  0.006 0.092 0.004 0.853 0.044 
412    ZFB30    (0)   11 :  0.006 0.073 0.009 0.790 0.121 
413    ZFB31    (0)   11 :  0.007 0.016 0.032 0.924 0.021 
414    ZFB32    (0)   11 :  0.132 0.040 0.012 0.699 0.117 
415    ZFB33    (0)   11 :  0.004 0.066 0.004 0.874 0.051 
416    ZFB34    (0)   11 :  0.006 0.012 0.005 0.970 0.007 
417    ZFB35    (0)   11 :  0.008 0.023 0.009 0.947 0.013 
418  ZFBP101    (0)   12 :  0.106 0.007 0.857 0.020 0.010 
419  ZFBP102    (0)   12 :  0.023 0.009 0.929 0.026 0.014 
420  ZFBP103    (0)   12 :  0.319 0.007 0.659 0.009 0.005 
421  ZFBP104    (0)   12 :  0.006 0.004 0.900 0.062 0.028 
422  ZFBP105    (0)   12 :  0.009 0.005 0.968 0.008 0.010 
423  ZFBP106    (0)   12 :  0.012 0.004 0.976 0.004 0.003 
424  ZFBP107    (0)   12 :  0.016 0.006 0.949 0.011 0.018 
425  ZFBP108    (0)   12 :  0.004 0.004 0.985 0.004 0.003 
426  ZFBP109    (0)   12 :  0.005 0.018 0.970 0.004 0.004 
427  ZFBP110    (0)   12 :  0.259 0.020 0.672 0.039 0.009 
428  ZFBP111    (0)   12 :  0.005 0.004 0.985 0.003 0.002 
429  ZFBP112    (0)   12 :  0.008 0.005 0.976 0.006 0.005 
430  ZFBP113    (0)   12 :  0.004 0.004 0.982 0.005 0.004 
431  ZFBP114    (0)   12 :  0.008 0.006 0.976 0.005 0.005 
432  ZFBP115    (0)   12 :  0.017 0.004 0.972 0.004 0.003 
433  ZFBP116    (0)   12 :  0.006 0.004 0.983 0.004 0.003 
434  ZFBP117    (0)   12 :  0.008 0.005 0.982 0.004 0.002 
435  ZFBP118    (0)   12 :  0.006 0.006 0.978 0.005 0.005 
436  ZFBP119    (0)   12 :  0.028 0.005 0.960 0.005 0.003 
437  ZFBP120    (0)   12 :  0.007 0.005 0.974 0.008 0.006 
438  ZFBP121    (0)   12 :  0.012 0.006 0.972 0.005 0.004 
439  ZFBP122    (9)   12 :  0.006 0.005 0.982 0.004 0.003 
440  ZFBP123    (0)   12 :  0.014 0.004 0.971 0.006 0.005 
441  ZFBP124    (0)   12 :  0.008 0.005 0.977 0.006 0.004 
442  ZFBP125    (0)   12 :  0.008 0.004 0.983 0.003 0.002 
443  ZFBP126    (0)   12 :  0.027 0.011 0.924 0.028 0.010 
444  ZFBP127    (0)   12 :  0.014 0.010 0.970 0.004 0.003 
445  ZFBP128    (0)   12 :  0.007 0.005 0.982 0.004 0.003 
446  ZFBP129    (0)   12 :  0.008 0.005 0.979 0.005 0.003 
447  ZFBP130    (0)   12 :  0.008 0.005 0.982 0.003 0.003 
448  ZFBP131    (0)   12 :  0.004 0.006 0.982 0.005 0.003 
449  ZFBP132    (0)   12 :  0.008 0.006 0.980 0.003 0.003 
450  ZFBP133    (0)   12 :  0.005 0.005 0.985 0.003 0.002 
451  ZFBP134    (0)   12 :  0.015 0.005 0.971 0.004 0.004 
452  ZFBP135    (0)   12 :  0.279 0.008 0.684 0.021 0.009 
453  ZFBP136    (0)   12 :  0.072 0.004 0.913 0.005 0.006 
454  ZFBP201    (0)   13 :  0.009 0.007 0.972 0.008 0.005 
455  ZFBP202    (0)   13 :  0.005 0.006 0.979 0.006 0.004 
456  ZFBP203    (0)   13 :  0.007 0.005 0.957 0.016 0.015 
457  ZFBP204    (0)   13 :  0.019 0.004 0.965 0.006 0.005 
458  ZFBP205    (0)   13 :  0.007 0.005 0.981 0.004 0.003 
459  ZFBP206    (0)   13 :  0.012 0.005 0.973 0.007 0.004 
460  ZFBP207    (0)   13 :  0.024 0.004 0.966 0.004 0.003 
461  ZFBP208    (0)   13 :  0.007 0.006 0.972 0.009 0.006 
462  ZFBP209    (0)   13 :  0.006 0.008 0.981 0.003 0.002 
463  ZFBP210    (0)   13 :  0.009 0.006 0.974 0.006 0.004 
464  ZFBP211    (0)   13 :  0.007 0.006 0.978 0.005 0.004 
465  ZFBP212    (0)   13 :  0.005 0.006 0.982 0.004 0.003 
466  ZFBP213    (0)   13 :  0.015 0.005 0.965 0.010 0.005 
467  ZFBP214    (0)   13 :  0.051 0.007 0.930 0.009 0.004 
468  ZFBP215    (0)   13 :  0.006 0.006 0.981 0.004 0.003 
469  ZFBP216    (0)   13 :  0.006 0.006 0.972 0.009 0.008 
470  ZFBP217    (0)   13 :  0.009 0.006 0.978 0.004 0.003 
471  ZFBP218    (0)   13 :  0.003 0.004 0.986 0.004 0.003 
472  ZFBP219    (0)   13 :  0.004 0.005 0.984 0.005 0.003 
473  ZFBP220    (0)   13 :  0.010 0.005 0.978 0.004 0.003 
474  ZFBP221    (0)   13 :  0.004 0.004 0.984 0.004 0.003 
475  ZFBP222    (0)   13 :  0.008 0.006 0.975 0.007 0.004 
476  ZFBP223    (0)   13 :  0.037 0.007 0.946 0.007 0.004 
477  ZFBP224    (0)   13 :  0.008 0.006 0.976 0.006 0.004 
478  ZFBP225    (0)   13 :  0.012 0.004 0.975 0.004 0.004 
479  ZFBP226    (0)   13 :  0.005 0.005 0.981 0.005 0.004 
480  ZFBP227    (0)   13 :  0.009 0.005 0.860 0.096 0.031 
481  ZFBP228    (0)   13 :  0.016 0.006 0.970 0.005 0.003 
482  ZFBP229    (0)   13 :  0.006 0.005 0.983 0.004 0.003 
483  ZFBP230    (0)   13 :  0.011 0.006 0.975 0.004 0.004 
484  ZFBP231    (0)   13 :  0.007 0.005 0.976 0.006 0.005 
485  ZFBP232    (0)   13 :  0.005 0.005 0.982 0.004 0.003 
486  ZFBP233    (0)   13 :  0.007 0.007 0.976 0.005 0.005 
487   ZFCC01    (0)   14 :  0.970 0.004 0.005 0.014 0.007 
488   ZFCC03    (0)   14 :  0.983 0.003 0.005 0.006 0.003 
489   ZFCC04    (0)   14 :  0.980 0.003 0.005 0.008 0.003 
490   ZFCC05    (0)   14 :  0.977 0.004 0.007 0.008 0.004 
491   ZFCC08    (0)   14 :  0.965 0.004 0.022 0.006 0.002 
492   ZFCC09    (0)   14 :  0.984 0.002 0.005 0.006 0.002 
493   ZFCC10    (0)   14 :  0.971 0.003 0.005 0.014 0.007 
494   ZFCC11    (0)   14 :  0.978 0.004 0.005 0.006 0.007 
495   ZFCC12    (0)   14 :  0.898 0.003 0.005 0.084 0.009 
496   ZFCC13    (0)   14 :  0.971 0.005 0.012 0.007 0.005 
497   ZFCC14    (0)   14 :  0.966 0.005 0.009 0.016 0.004 
498   ZFCC15    (0)   14 :  0.978 0.004 0.006 0.009 0.004 
499   ZFCC16    (0)   14 :  0.981 0.003 0.005 0.009 0.003 
500   ZFCC17    (0)   14 :  0.981 0.003 0.003 0.009 0.003 
501   ZFCC18    (0)   14 :  0.982 0.004 0.005 0.007 0.003 
502   ZFCC19    (0)   14 :  0.966 0.003 0.004 0.015 0.012 
503   ZFCC20    (0)   14 :  0.984 0.003 0.005 0.005 0.003 
504   ZFCC21    (0)   14 :  0.821 0.006 0.111 0.057 0.005 
505   ZFCC22    (0)   14 :  0.505 0.006 0.471 0.014 0.004 
506   ZFCC26    (0)   14 :  0.983 0.003 0.005 0.007 0.003 
507   ZFCC27    (0)   14 :  0.982 0.003 0.004 0.005 0.006 
508   ZFCC29    (0)   14 :  0.971 0.003 0.005 0.018 0.003 
509   ZFCC30    (0)   14 :  0.984 0.003 0.004 0.004 0.005 
510   ZFCC32    (0)   14 :  0.973 0.003 0.006 0.014 0.004 
511   ZFCC33    (0)   14 :  0.980 0.003 0.004 0.009 0.005 
512   ZFCC34    (0)   14 :  0.944 0.006 0.034 0.013 0.004 
513   ZFCC35    (0)   14 :  0.982 0.003 0.005 0.004 0.006 
514   ZFCC36    (0)   14 :  0.964 0.005 0.013 0.013 0.005 
515   ZFCC37    (0)   14 :  0.882 0.004 0.010 0.096 0.009 
516   ZFCC40    (0)   14 :  0.967 0.005 0.007 0.010 0.012 
517   ZFCC42    (0)   14 :  0.678 0.003 0.005 0.267 0.047 
518   ZFCC44    (0)   14 :  0.987 0.003 0.003 0.004 0.003 
519   ZFCC45    (9)   14 :  0.942 0.004 0.005 0.041 0.008 
520   ZFCC46    (0)   14 :  0.976 0.004 0.014 0.004 0.002 
521   ZFCC47    (0)   14 :  0.929 0.003 0.007 0.055 0.007 
522   ZFCC48    (0)   14 :  0.925 0.005 0.052 0.015 0.003 
523   ZFCC50    (0)   14 :  0.982 0.003 0.004 0.009 0.003 
524   ZFCC51    (0)   14 :  0.986 0.003 0.004 0.005 0.002 
525   ZFCC52    (0)   14 :  0.969 0.004 0.013 0.006 0.008 
526   ZFCC53    (0)   14 :  0.984 0.003 0.003 0.005 0.005 
527  ZFCNS01    (0)   15 :  0.958 0.005 0.021 0.009 0.007 
528  ZFCNS02    (0)   15 :  0.978 0.003 0.012 0.003 0.003 
529  ZFCNS05    (0)   15 :  0.966 0.005 0.019 0.006 0.003 
530  ZFCNS06    (0)   15 :  0.974 0.005 0.013 0.005 0.003 
531  ZFCNS07    (0)   15 :  0.509 0.006 0.476 0.006 0.003 
532  ZFCNS10    (0)   15 :  0.891 0.005 0.097 0.004 0.003 
533  ZFCNS11    (0)   15 :  0.972 0.004 0.014 0.005 0.004 
534  ZFCNS15    (0)   15 :  0.133 0.006 0.850 0.007 0.004 
535  ZFCNS17    (0)   15 :  0.978 0.005 0.011 0.004 0.003 
536  ZFCNS18    (0)   15 :  0.952 0.005 0.036 0.004 0.003 
537  ZFCNS19    (0)   15 :  0.981 0.003 0.008 0.004 0.003 
538  ZFCNS20    (0)   15 :  0.804 0.007 0.180 0.005 0.003 
539  ZFCNS21    (0)   15 :  0.981 0.004 0.009 0.004 0.002 
540  ZFCNS22    (0)   15 :  0.806 0.009 0.174 0.007 0.003 
541  ZFCNS23    (0)   15 :  0.971 0.004 0.017 0.005 0.003 
542  ZFCNS24    (0)   15 :  0.982 0.003 0.009 0.004 0.003 
543  ZFCNS25    (0)   15 :  0.928 0.005 0.060 0.004 0.003 
544  ZFCNS26    (0)   15 :  0.591 0.006 0.392 0.007 0.003 
545  ZFCNS27    (0)   15 :  0.066 0.005 0.919 0.006 0.004 
546  ZFCNS28    (0)   15 :  0.960 0.006 0.025 0.007 0.003 
547  ZFCNS29    (0)   15 :  0.970 0.005 0.017 0.005 0.003 
548  ZFCNS30    (0)   15 :  0.980 0.004 0.009 0.005 0.003 
549  ZFCNS31    (0)   15 :  0.909 0.006 0.076 0.005 0.003 
550  ZFCNS32    (0)   15 :  0.947 0.005 0.039 0.007 0.003 
551  ZFCNS33    (0)   15 :  0.951 0.004 0.037 0.005 0.003 
552  ZFCNS34    (0)   15 :  0.985 0.003 0.005 0.004 0.003 
553  ZFCNS35    (0)   15 :  0.957 0.004 0.025 0.007 0.006 
554  ZFCNS36    (0)   15 :  0.984 0.003 0.007 0.004 0.003 
555  ZFCNS37    (0)   15 :  0.903 0.011 0.077 0.006 0.003 
556  ZFCNS39    (0)   15 :  0.976 0.004 0.014 0.004 0.003 
557  ZFCNS40    (0)   15 :  0.942 0.007 0.045 0.004 0.003 
558  ZFCNS41    (0)   15 :  0.716 0.009 0.252 0.011 0.012 
559  ZFCNS42    (0)   15 :  0.919 0.007 0.066 0.005 0.003 
560  ZFCNS43    (0)   15 :  0.981 0.003 0.008 0.005 0.003 
561  ZFCNS44    (0)   15 :  0.970 0.005 0.017 0.004 0.003 
562  ZFCNS45    (0)   15 :  0.979 0.004 0.011 0.004 0.003 
563  ZFCNS46    (0)   15 :  0.958 0.005 0.029 0.005 0.003 
564  ZFCNS47    (0)   15 :  0.974 0.004 0.016 0.004 0.003 
565  ZFCNS48    (0)   15 :  0.934 0.005 0.055 0.004 0.003 
566  ZFCNS49    (0)   15 :  0.152 0.006 0.833 0.006 0.003 
567   ZFCR01    (0)   16 :  0.006 0.024 0.016 0.950 0.004 
568   ZFCR02    (0)   16 :  0.031 0.076 0.066 0.800 0.027 
569   ZFCR03    (0)   16 :  0.009 0.005 0.019 0.962 0.005 
570   ZFCR04    (0)   16 :  0.016 0.011 0.025 0.942 0.005 
571   ZFCR05    (0)   16 :  0.015 0.006 0.008 0.967 0.005 
572   ZFCR06    (0)   16 :  0.076 0.035 0.230 0.651 0.007 
573   ZFCR07    (0)   16 :  0.162 0.004 0.026 0.799 0.009 
574   ZFCR08    (0)   16 :  0.046 0.022 0.085 0.839 0.008 
575   ZFCR09    (0)   16 :  0.059 0.010 0.068 0.839 0.025 
576   ZFCR11    (0)   16 :  0.019 0.014 0.084 0.877 0.006 
577   ZFCR12    (0)   16 :  0.257 0.005 0.131 0.603 0.003 
578   ZFCR13    (0)   16 :  0.011 0.020 0.157 0.795 0.016 
579   ZFCR14    (0)   16 :  0.025 0.015 0.026 0.927 0.007 
580   ZFCR15    (0)   16 :  0.017 0.005 0.040 0.933 0.005 
581   ZFCR16    (0)   16 :  0.007 0.149 0.039 0.800 0.005 
582   ZFCR18    (0)   16 :  0.017 0.033 0.009 0.883 0.058 
583   ZFCR19    (0)   16 :  0.025 0.012 0.091 0.868 0.005 
584   ZFCR20    (0)   16 :  0.009 0.009 0.032 0.942 0.008 
585   ZFCR21    (0)   16 :  0.016 0.003 0.018 0.958 0.004 
586   ZFCR22    (0)   16 :  0.009 0.006 0.033 0.947 0.006 
587   ZFCR23    (0)   16 :  0.005 0.041 0.070 0.855 0.029 
588   ZFCR24    (9)   16 :  0.007 0.012 0.435 0.540 0.006 
589   ZFCR25    (0)   16 :  0.007 0.003 0.008 0.980 0.003 
590   ZFCR26    (0)   16 :  0.026 0.005 0.055 0.909 0.005 
591   ZFCR27    (9)   16 :  0.004 0.005 0.003 0.973 0.015 
