

----------------------------------------------------
STRUCTURE by Pritchard, Stephens and Donnelly (2000)
     and Falush, Stephens and Pritchard (2003)
       Code by Pritchard, Falush and Hubisz
             Version 2.3.4 (Jul 2012)
----------------------------------------------------



Command line arguments:   bin\structure -m C:\Users\eschumacher\Documents\GitHub\GCC_QUAC_ZAIN\Data_Files\Structure_Files\ZAIN\ZAIN_rebinned_allpop_str\50-50\mainparams -e C:\Users\eschumacher\Documents\GitHub\GCC_QUAC_ZAIN\Data_Files\Structure_Files\ZAIN\ZAIN_rebinned_allpop_str\50-50\extraparams 
Input File:    C:\Users\eschumacher\Documents\GitHub\GCC_QUAC_ZAIN\Data_Files\Structure_Files\ZAIN\ZAIN_rebinned_allpop_str\project_data

Run parameters:
   1133 individuals
   11 loci
   17 populations assumed
   50000 Burn-in period
   50000 Reps


--------------------------------------------
Proportion of membership of each pre-defined
 population in each of the 17 clusters

Given    Inferred Clusters                                                                                                         Number of
 Pop       1      2      3      4      5      6      7      8      9     10     11     12     13     14     15     16     17      Individuals

  1:     0.041  0.068  0.044  0.023  0.071  0.065  0.031  0.055  0.083  0.083  0.062  0.057  0.086  0.034  0.072  0.064  0.061      303
  2:     0.023  0.011  0.014  0.038  0.153  0.072  0.027  0.037  0.093  0.058  0.122  0.042  0.105  0.027  0.100  0.031  0.046       15
  3:     0.018  0.011  0.223  0.013  0.005  0.017  0.008  0.012  0.079  0.372  0.051  0.009  0.050  0.009  0.016  0.020  0.087        2
  4:     0.020  0.006  0.006  0.196  0.028  0.055  0.065  0.052  0.057  0.074  0.185  0.018  0.030  0.020  0.111  0.060  0.016        2
  5:     0.019  0.014  0.162  0.014  0.012  0.122  0.043  0.062  0.014  0.320  0.044  0.007  0.018  0.043  0.049  0.021  0.036        7
  6:     0.030  0.006  0.075  0.005  0.005  0.007  0.005  0.059  0.008  0.006  0.030  0.006  0.640  0.006  0.099  0.005  0.007       13
  7:     0.006  0.007  0.004  0.005  0.003  0.005  0.009  0.005  0.004  0.009  0.006  0.007  0.914  0.003  0.005  0.004  0.004       13
  8:     0.021  0.020  0.050  0.012  0.008  0.102  0.011  0.121  0.031  0.014  0.041  0.006  0.006  0.055  0.037  0.428  0.036        7
  9:     0.021  0.005  0.043  0.023  0.008  0.089  0.006  0.066  0.045  0.011  0.286  0.061  0.014  0.019  0.230  0.036  0.037       11
 10:     0.012  0.011  0.014  0.060  0.013  0.046  0.061  0.077  0.028  0.089  0.107  0.029  0.008  0.014  0.040  0.347  0.043        9
 11:     0.010  0.023  0.004  0.008  0.005  0.007  0.012  0.005  0.008  0.010  0.007  0.864  0.012  0.004  0.005  0.008  0.006       35
 12:     0.017  0.004  0.013  0.008  0.017  0.137  0.006  0.051  0.239  0.006  0.166  0.006  0.004  0.022  0.077  0.137  0.089       36
 13:     0.009  0.006  0.022  0.011  0.008  0.334  0.006  0.016  0.192  0.006  0.158  0.004  0.004  0.024  0.043  0.064  0.096       33
 14:     0.043  0.007  0.009  0.009  0.815  0.015  0.011  0.010  0.011  0.006  0.014  0.006  0.014  0.010  0.006  0.007  0.007       40
 15:     0.006  0.003  0.877  0.005  0.006  0.006  0.004  0.019  0.010  0.004  0.008  0.003  0.003  0.007  0.024  0.007  0.007       39
 16:     0.015  0.018  0.012  0.323  0.023  0.033  0.041  0.013  0.024  0.141  0.023  0.191  0.052  0.026  0.021  0.024  0.020       40
 17:     0.047  0.049  0.010  0.058  0.018  0.012  0.060  0.011  0.015  0.599  0.012  0.029  0.037  0.017  0.009  0.009  0.010       37
 18:     0.008  0.003  0.012  0.005  0.006  0.153  0.005  0.027  0.075  0.003  0.084  0.004  0.003  0.021  0.039  0.523  0.027       40
 19:     0.041  0.004  0.016  0.008  0.005  0.006  0.095  0.006  0.006  0.008  0.006  0.759  0.021  0.003  0.006  0.005  0.004       28
 20:     0.911  0.005  0.005  0.005  0.012  0.006  0.004  0.007  0.006  0.004  0.008  0.004  0.004  0.006  0.005  0.004  0.005       14
 21:     0.023  0.792  0.027  0.014  0.007  0.008  0.013  0.011  0.011  0.024  0.012  0.010  0.013  0.005  0.011  0.009  0.008       13
 22:     0.005  0.002  0.014  0.005  0.007  0.007  0.004  0.902  0.007  0.003  0.008  0.003  0.002  0.005  0.012  0.008  0.005       14
 23:     0.007  0.004  0.008  0.005  0.006  0.024  0.006  0.023  0.034  0.004  0.112  0.003  0.003  0.021  0.010  0.018  0.712       25
 24:     0.006  0.006  0.006  0.005  0.008  0.014  0.006  0.009  0.010  0.005  0.014  0.005  0.005  0.874  0.008  0.011  0.010       40
 25:     0.036  0.009  0.016  0.018  0.638  0.023  0.014  0.060  0.029  0.012  0.026  0.034  0.010  0.009  0.029  0.023  0.013       32
 26:     0.004  0.950  0.003  0.003  0.003  0.003  0.003  0.002  0.003  0.004  0.003  0.003  0.004  0.003  0.003  0.003  0.003       20
 27:     0.013  0.003  0.004  0.194  0.006  0.012  0.021  0.016  0.009  0.049  0.008  0.597  0.033  0.005  0.007  0.016  0.008        4
 28:     0.012  0.004  0.004  0.026  0.009  0.070  0.384  0.009  0.011  0.013  0.013  0.304  0.054  0.012  0.011  0.052  0.013       23
 29:     0.006  0.004  0.004  0.007  0.006  0.005  0.907  0.005  0.004  0.007  0.004  0.012  0.012  0.004  0.004  0.005  0.004       39
 30:     0.014  0.007  0.004  0.005  0.004  0.005  0.010  0.004  0.006  0.006  0.005  0.011  0.900  0.004  0.004  0.005  0.005       38
 31:     0.007  0.005  0.145  0.011  0.009  0.035  0.005  0.075  0.044  0.006  0.051  0.004  0.004  0.045  0.509  0.027  0.020       45
 32:     0.017  0.011  0.120  0.007  0.012  0.107  0.005  0.068  0.144  0.009  0.105  0.004  0.004  0.018  0.250  0.054  0.067       28
 33:     0.005  0.011  0.008  0.010  0.007  0.006  0.456  0.007  0.006  0.023  0.013  0.419  0.006  0.006  0.004  0.007  0.005        6
 34:     0.011  0.004  0.009  0.843  0.006  0.009  0.016  0.009  0.007  0.024  0.008  0.012  0.008  0.013  0.009  0.006  0.006       40
 35:     0.020  0.040  0.009  0.031  0.010  0.007  0.012  0.011  0.012  0.751  0.009  0.016  0.029  0.011  0.016  0.006  0.008       42
--------------------------------------------

Allele-freq. divergence among pops (Net nucleotide distance),
computed using point estimates of P.

      1       2       3       4       5       6       7       8       9      10      11      12      13      14      15      16      17      
 1      -    0.3397  0.2446  0.1765  0.2096  0.2136  0.2566  0.1860  0.2100  0.1492  0.1710  0.2502  0.2430  0.2878  0.2112  0.2845  0.2210  
 2   0.3397     -    0.4730  0.3660  0.3907  0.4180  0.3753  0.4664  0.4059  0.2117  0.3713  0.3205  0.2090  0.4865  0.3779  0.4735  0.4016  
 3   0.2446  0.4730     -    0.2424  0.2119  0.2767  0.3110  0.1780  0.2554  0.2014  0.2352  0.3193  0.3800  0.2975  0.1439  0.3119  0.2581  
 4   0.1765  0.3660  0.2424     -    0.1931  0.1383  0.1846  0.1352  0.1997  0.1003  0.1341  0.2067  0.2070  0.1827  0.1343  0.2173  0.2071  
 5   0.2096  0.3907  0.2119  0.1931     -    0.2291  0.1949  0.1905  0.2964  0.1776  0.2355  0.2246  0.2928  0.2343  0.2313  0.3026  0.2531  
 6   0.2136  0.4180  0.2767  0.1383  0.2291     -    0.2538  0.1037  0.0612  0.2117  0.0394  0.2548  0.3258  0.1220  0.1036  0.0397  0.0932  
 7   0.2566  0.3753  0.3110  0.1846  0.1949  0.2538     -    0.2676  0.3049  0.1178  0.2836  0.0984  0.1613  0.3963  0.3014  0.3085  0.3117  
 8   0.1860  0.4664  0.1780  0.1352  0.1905  0.1037  0.2676     -    0.1280  0.1905  0.0782  0.2785  0.3465  0.1658  0.0643  0.1151  0.1677  
 9   0.2100  0.4059  0.2554  0.1997  0.2964  0.0612  0.3049  0.1280     -    0.2184  0.0410  0.2878  0.3377  0.1861  0.1000  0.0733  0.0767  
10   0.1492  0.2117  0.2014  0.1003  0.1776  0.2117  0.1178  0.1905  0.2184     -    0.1973  0.1347  0.1327  0.2940  0.1679  0.2620  0.2078  
11   0.1710  0.3713  0.2352  0.1341  0.2355  0.0394  0.2836  0.0782  0.0410  0.1973     -    0.2649  0.3044  0.1061  0.0662  0.0747  0.0787  
12   0.2502  0.3205  0.3193  0.2067  0.2246  0.2548  0.0984  0.2785  0.2878  0.1347  0.2649     -    0.1493  0.3820  0.2952  0.2869  0.2885  
13   0.2430  0.2090  0.3800  0.2070  0.2928  0.3258  0.1613  0.3465  0.3377  0.1327  0.3044  0.1493     -    0.3888  0.3189  0.3938  0.3232  
14   0.2878  0.4865  0.2975  0.1827  0.2343  0.1220  0.3963  0.1658  0.1861  0.2940  0.1061  0.3820  0.3888     -    0.1538  0.1750  0.1258  
15   0.2112  0.3779  0.1439  0.1343  0.2313  0.1036  0.3014  0.0643  0.1000  0.1679  0.0662  0.2952  0.3189  0.1538     -    0.1046  0.1330  
16   0.2845  0.4735  0.3119  0.2173  0.3026  0.0397  0.3085  0.1151  0.0733  0.2620  0.0747  0.2869  0.3938  0.1750  0.1046     -    0.1231  
17   0.2210  0.4016  0.2581  0.2071  0.2531  0.0932  0.3117  0.1677  0.0767  0.2078  0.0787  0.2885  0.3232  0.1258  0.1330  0.1231     -    

Average distances (expected heterozygosity) between individuals in same cluster:
cluster  1  : 0.2566 
cluster  2  : 0.2332 
cluster  3  : 0.2261 
cluster  4  : 0.4541 
cluster  5  : 0.3610 
cluster  6  : 0.3803 
cluster  7  : 0.3267 
cluster  8  : 0.3543 
cluster  9  : 0.3029 
cluster 10  : 0.5251 
cluster 11  : 0.4070 
cluster 12  : 0.4877 
cluster 13  : 0.3706 
cluster 14  : 0.3469 
cluster 15  : 0.4317 
cluster 16  : 0.3186 
cluster 17  : 0.3883 

--------------------------------------------
Estimated Ln Prob of Data   = -20014.9
Mean value of ln likelihood = -18937.4
Variance of ln likelihood   = 2154.8
Mean value of alpha         = 0.0342

Mean value of Fst_1         = 0.6050
Mean value of Fst_2         = 0.6712
Mean value of Fst_3         = 0.6234
Mean value of Fst_4         = 0.3141
Mean value of Fst_5         = 0.4739
Mean value of Fst_6         = 0.3942
Mean value of Fst_7         = 0.5298
Mean value of Fst_8         = 0.5237
Mean value of Fst_9         = 0.4223
Mean value of Fst_10         = 0.1776
Mean value of Fst_11         = 0.3093
Mean value of Fst_12         = 0.4205
Mean value of Fst_13         = 0.5783
Mean value of Fst_14         = 0.4447
Mean value of Fst_15         = 0.3357
Mean value of Fst_16         = 0.4738
Mean value of Fst_17         = 0.4107


Inferred ancestry of individuals:
        Label (%Miss) Pop:  Inferred clusters
  1 TMA-ZAIN-G-    (9)    1 :  0.008 0.003 0.037 0.021 0.011 0.057 0.030 0.011 0.007 0.036 0.070 0.630 0.016 0.007 0.044 0.007 0.005 
  2 TMA-ZAIN-G-    (0)    1 :  0.013 0.003 0.007 0.007 0.016 0.021 0.016 0.005 0.030 0.010 0.056 0.673 0.009 0.004 0.010 0.009 0.112 
  3 TMA-ZAIN-G-    (0)    1 :  0.007 0.003 0.024 0.014 0.008 0.539 0.005 0.085 0.024 0.004 0.085 0.005 0.003 0.064 0.039 0.076 0.015 
  4 TMA-ZAIN-G-    (0)    1 :  0.574 0.003 0.014 0.005 0.015 0.145 0.009 0.013 0.033 0.005 0.025 0.005 0.005 0.038 0.009 0.089 0.013 
  5 TMA-ZAIN-G-    (0)    1 :  0.005 0.004 0.002 0.005 0.006 0.004 0.007 0.003 0.003 0.003 0.003 0.941 0.006 0.002 0.002 0.003 0.002 
  6 TMA-ZAIN-G-    (0)    1 :  0.033 0.030 0.012 0.163 0.014 0.322 0.016 0.099 0.007 0.031 0.138 0.022 0.020 0.042 0.021 0.016 0.012 
  7 TMA-ZAIN-G-    (0)    1 :  0.076 0.005 0.030 0.012 0.010 0.066 0.013 0.155 0.082 0.009 0.452 0.008 0.005 0.007 0.025 0.027 0.018 
  8 TMA-ZAIN-G-    (0)    1 :  0.004 0.002 0.004 0.005 0.009 0.015 0.004 0.893 0.008 0.003 0.012 0.004 0.003 0.009 0.007 0.012 0.008 
  9 TMA-ZAIN-G-    (9)    1 :  0.006 0.004 0.007 0.021 0.005 0.164 0.006 0.017 0.168 0.006 0.427 0.006 0.006 0.018 0.063 0.033 0.043 
 10 TMA-ZAIN-G-    (0)    1 :  0.011 0.004 0.012 0.027 0.009 0.122 0.004 0.047 0.292 0.006 0.256 0.003 0.004 0.028 0.129 0.021 0.027 
 11 TMA-ZAIN-G-    (0)    1 :  0.018 0.005 0.008 0.006 0.005 0.023 0.007 0.010 0.255 0.006 0.548 0.004 0.005 0.005 0.079 0.007 0.011 
 12 TMA-ZAIN-G-    (0)    1 :  0.005 0.004 0.021 0.007 0.005 0.454 0.005 0.015 0.027 0.006 0.020 0.005 0.003 0.004 0.030 0.384 0.006 
 13 TMA-ZAIN-G-    (9)    1 :  0.013 0.015 0.116 0.011 0.013 0.017 0.026 0.036 0.145 0.021 0.158 0.031 0.071 0.018 0.110 0.042 0.156 
 14 TMA-ZAIN-G-    (9)    1 :  0.005 0.018 0.773 0.010 0.009 0.013 0.003 0.007 0.029 0.009 0.014 0.003 0.007 0.006 0.070 0.009 0.016 
 15 TMA-ZAIN-G-    (0)    1 :  0.004 0.002 0.577 0.005 0.007 0.066 0.004 0.007 0.004 0.005 0.109 0.003 0.002 0.007 0.189 0.005 0.004 
 16 TMA-ZAIN-G-    (0)    1 :  0.005 0.005 0.005 0.006 0.003 0.276 0.005 0.007 0.359 0.005 0.029 0.003 0.004 0.005 0.019 0.254 0.009 
 17 TMA-ZAIN-G-    (9)    1 :  0.100 0.003 0.012 0.013 0.019 0.009 0.006 0.079 0.010 0.016 0.017 0.009 0.015 0.006 0.673 0.008 0.005 
 18 TMA-ZAIN-G-    (0)    1 :  0.019 0.004 0.008 0.020 0.044 0.009 0.685 0.011 0.004 0.114 0.004 0.038 0.010 0.006 0.007 0.013 0.004 
 19 TMA-ZAIN-G-    (0)    1 :  0.043 0.014 0.012 0.156 0.004 0.018 0.028 0.073 0.028 0.524 0.020 0.011 0.013 0.005 0.022 0.021 0.007 
 20 TMA-ZAIN-G-    (0)    1 :  0.007 0.019 0.004 0.007 0.033 0.004 0.040 0.004 0.003 0.763 0.004 0.028 0.070 0.004 0.003 0.003 0.005 
 21 TMA-ZAIN-G-    (0)    1 :  0.003 0.956 0.002 0.003 0.003 0.003 0.003 0.002 0.002 0.003 0.003 0.003 0.005 0.003 0.003 0.002 0.002 
 22 TMA-ZAIN-G-    (0)    1 :  0.005 0.004 0.003 0.005 0.005 0.003 0.016 0.003 0.003 0.007 0.002 0.011 0.925 0.002 0.002 0.002 0.002 
 23 TMA-ZAIN-G-    (0)    1 :  0.006 0.005 0.004 0.009 0.003 0.004 0.010 0.006 0.005 0.009 0.004 0.005 0.914 0.003 0.005 0.004 0.004 
 24 TMA-ZAIN-G-    (9)    1 :  0.003 0.007 0.013 0.003 0.006 0.004 0.006 0.003 0.008 0.003 0.015 0.006 0.626 0.068 0.017 0.007 0.205 
 25 TMA-ZAIN-G-    (9)    1 :  0.003 0.008 0.003 0.007 0.004 0.067 0.010 0.003 0.007 0.555 0.110 0.133 0.013 0.004 0.006 0.006 0.062 
 26 TMA-ZAIN-G-    (9)    1 :  0.010 0.073 0.015 0.005 0.377 0.075 0.005 0.021 0.025 0.008 0.270 0.005 0.008 0.007 0.053 0.007 0.037 
 27 TMA-ZAIN-G-    (0)    1 :  0.022 0.025 0.073 0.615 0.013 0.007 0.011 0.011 0.009 0.061 0.016 0.083 0.016 0.009 0.019 0.003 0.005 
 28 TMA-ZAIN-G-    (0)    1 :  0.005 0.003 0.008 0.899 0.004 0.006 0.016 0.009 0.005 0.010 0.006 0.006 0.005 0.004 0.005 0.005 0.004 
 29 TMA-ZAIN-G-    (0)    1 :  0.003 0.004 0.005 0.005 0.016 0.004 0.004 0.004 0.004 0.224 0.004 0.003 0.004 0.700 0.005 0.004 0.005 
 30 TMA-ZAIN-G-    (0)    1 :  0.007 0.004 0.054 0.433 0.005 0.036 0.004 0.013 0.044 0.029 0.040 0.004 0.005 0.029 0.169 0.041 0.082 
 31 TMA-ZAIN-G-    (0)    1 :  0.019 0.009 0.006 0.007 0.059 0.004 0.027 0.006 0.006 0.011 0.006 0.810 0.013 0.005 0.003 0.003 0.007 
 32 TMA-ZAIN-G-    (9)    1 :  0.005 0.010 0.008 0.005 0.004 0.192 0.467 0.004 0.012 0.034 0.119 0.022 0.047 0.004 0.035 0.025 0.008 
 33 TMA-ZAIN-G-   (18)    1 :  0.004 0.002 0.005 0.006 0.003 0.318 0.004 0.018 0.011 0.003 0.552 0.004 0.003 0.008 0.020 0.034 0.005 
 34 TMA-ZAIN-G-    (0)    1 :  0.005 0.013 0.005 0.005 0.005 0.555 0.075 0.006 0.012 0.009 0.184 0.028 0.015 0.004 0.011 0.056 0.010 
 35 TMA-ZAIN-G-    (9)    1 :  0.006 0.003 0.011 0.008 0.008 0.570 0.013 0.007 0.007 0.006 0.279 0.004 0.003 0.019 0.032 0.015 0.009 
 36 TMA-ZAIN-G-    (0)    1 :  0.006 0.003 0.089 0.006 0.015 0.090 0.005 0.043 0.027 0.005 0.355 0.003 0.003 0.009 0.135 0.011 0.195 
 37 TMA-ZAIN-G-    (9)    1 :  0.010 0.004 0.003 0.007 0.005 0.295 0.004 0.009 0.006 0.004 0.618 0.003 0.003 0.006 0.010 0.006 0.007 
 38 TMA-ZAIN-G-   (18)    1 :  0.009 0.007 0.017 0.005 0.007 0.141 0.013 0.005 0.011 0.040 0.172 0.495 0.022 0.005 0.034 0.009 0.008 
 39 TMA-ZAIN-G-    (0)    1 :  0.009 0.007 0.004 0.008 0.007 0.071 0.003 0.017 0.066 0.004 0.056 0.004 0.003 0.012 0.059 0.079 0.592 
 40 TMA-ZAIN-G-    (0)    1 :  0.017 0.010 0.004 0.004 0.005 0.042 0.003 0.010 0.030 0.004 0.220 0.003 0.003 0.006 0.463 0.084 0.093 
 41 TMA-ZAIN-G-    (0)    1 :  0.003 0.003 0.021 0.004 0.005 0.021 0.002 0.023 0.017 0.003 0.032 0.003 0.002 0.005 0.659 0.020 0.176 
 42 TMA-ZAIN-G-    (9)    1 :  0.005 0.002 0.073 0.004 0.015 0.006 0.003 0.043 0.005 0.003 0.007 0.003 0.002 0.009 0.803 0.008 0.008 
 43 TMA-ZAIN-G-    (0)    1 :  0.004 0.002 0.914 0.003 0.005 0.004 0.003 0.016 0.007 0.004 0.004 0.003 0.002 0.012 0.010 0.003 0.005 
 44 TMA-ZAIN-G-    (0)    1 :  0.007 0.758 0.004 0.003 0.003 0.019 0.004 0.009 0.055 0.010 0.057 0.005 0.006 0.009 0.007 0.010 0.035 
 45 TMA-ZAIN-G-    (0)    1 :  0.015 0.011 0.017 0.011 0.008 0.210 0.004 0.020 0.368 0.007 0.091 0.007 0.005 0.007 0.140 0.067 0.011 
 46 TMA-ZAIN-G-    (0)    1 :  0.006 0.945 0.003 0.003 0.004 0.002 0.004 0.003 0.003 0.004 0.003 0.004 0.007 0.002 0.002 0.002 0.003 
 47 TMA-ZAIN-G-    (0)    1 :  0.012 0.005 0.003 0.004 0.928 0.006 0.005 0.005 0.003 0.004 0.003 0.003 0.003 0.004 0.004 0.005 0.003 
 48 TMA-ZAIN-G-    (0)    1 :  0.130 0.016 0.050 0.044 0.169 0.039 0.007 0.147 0.080 0.012 0.102 0.005 0.028 0.015 0.131 0.013 0.012 
 49 TMA-ZAIN-G-    (9)    1 :  0.017 0.003 0.004 0.012 0.007 0.040 0.025 0.007 0.011 0.764 0.010 0.005 0.008 0.043 0.007 0.030 0.005 
 50 TMA-ZAIN-G-    (0)    1 :  0.006 0.005 0.008 0.023 0.003 0.005 0.004 0.012 0.006 0.778 0.008 0.015 0.005 0.003 0.086 0.009 0.025 
 51 TMA-ZAIN-G-    (0)    1 :  0.016 0.011 0.057 0.022 0.014 0.008 0.006 0.011 0.013 0.781 0.011 0.007 0.005 0.006 0.021 0.003 0.008 
 52 TMA-ZAIN-G-    (0)    1 :  0.129 0.007 0.016 0.026 0.031 0.008 0.007 0.009 0.008 0.712 0.007 0.006 0.008 0.003 0.007 0.011 0.006 
 53 TMA-ZAIN-G-    (0)    1 :  0.053 0.004 0.045 0.008 0.070 0.006 0.010 0.011 0.020 0.488 0.014 0.227 0.009 0.005 0.012 0.003 0.015 
 54 TMA-ZAIN-G-    (0)    1 :  0.004 0.004 0.010 0.010 0.891 0.006 0.008 0.010 0.007 0.009 0.005 0.004 0.005 0.003 0.012 0.006 0.004 
 55 TMA-ZAIN-G-    (0)    1 :  0.004 0.005 0.019 0.024 0.807 0.008 0.007 0.016 0.010 0.025 0.007 0.003 0.009 0.003 0.042 0.009 0.003 
 56 TMA-ZAIN-G-    (0)    1 :  0.380 0.004 0.024 0.057 0.048 0.027 0.004 0.082 0.036 0.031 0.057 0.008 0.010 0.020 0.178 0.011 0.022 
 57 TMA-ZAIN-G-    (0)    1 :  0.013 0.003 0.005 0.005 0.826 0.014 0.006 0.006 0.011 0.025 0.010 0.010 0.004 0.008 0.005 0.039 0.010 
 58 TMA-ZAIN-G-    (0)    1 :  0.015 0.006 0.009 0.148 0.046 0.011 0.127 0.050 0.007 0.309 0.012 0.015 0.191 0.009 0.021 0.020 0.004 
 59 TMA-ZAIN-G-    (0)    1 :  0.029 0.018 0.009 0.026 0.015 0.027 0.028 0.053 0.052 0.013 0.166 0.486 0.022 0.012 0.018 0.015 0.012 
 60 TMA-ZAIN-G-    (0)    1 :  0.036 0.011 0.132 0.131 0.016 0.007 0.133 0.020 0.017 0.170 0.022 0.262 0.010 0.006 0.013 0.006 0.005 
 61 TMA-ZAIN-G-    (0)    1 :  0.031 0.013 0.004 0.006 0.014 0.005 0.014 0.004 0.003 0.011 0.005 0.859 0.018 0.003 0.003 0.003 0.003 
 62 TMA-ZAIN-G-    (9)    1 :  0.003 0.016 0.005 0.038 0.010 0.037 0.008 0.007 0.023 0.014 0.014 0.759 0.011 0.005 0.021 0.016 0.013 
 63 TMA-ZAIN-G-    (0)    1 :  0.016 0.005 0.015 0.017 0.016 0.010 0.179 0.011 0.007 0.026 0.007 0.645 0.018 0.003 0.010 0.012 0.003 
 64 TMA-ZAIN-G-    (0)    1 :  0.004 0.002 0.005 0.003 0.003 0.005 0.002 0.003 0.008 0.002 0.007 0.002 0.002 0.932 0.005 0.005 0.009 
 65 TMA-ZAIN-G-    (9)    1 :  0.005 0.002 0.006 0.006 0.007 0.048 0.004 0.011 0.007 0.003 0.008 0.003 0.003 0.859 0.007 0.017 0.006 
 66 TMA-ZAIN-G-    (0)    1 :  0.005 0.003 0.005 0.004 0.004 0.021 0.003 0.006 0.034 0.002 0.024 0.002 0.003 0.855 0.008 0.011 0.011 
 67 TMA-ZAIN-G-    (0)    1 :  0.004 0.016 0.003 0.013 0.005 0.047 0.003 0.006 0.059 0.010 0.024 0.004 0.009 0.668 0.012 0.015 0.102 
 68 TMA-ZAIN-G-    (0)    1 :  0.004 0.002 0.005 0.003 0.004 0.005 0.003 0.008 0.005 0.003 0.004 0.002 0.003 0.934 0.005 0.005 0.004 
 69 TMA-ZAIN-G-    (0)    1 :  0.020 0.024 0.015 0.006 0.008 0.052 0.025 0.007 0.029 0.019 0.018 0.009 0.020 0.689 0.005 0.027 0.028 
 70 TMA-ZAIN-G-    (0)    1 :  0.005 0.003 0.005 0.004 0.003 0.010 0.003 0.004 0.040 0.004 0.030 0.003 0.004 0.012 0.005 0.009 0.856 
 71 TMA-ZAIN-G-    (0)    1 :  0.004 0.004 0.003 0.004 0.003 0.012 0.003 0.004 0.049 0.003 0.009 0.003 0.003 0.004 0.006 0.011 0.875 
 72 TMA-ZAIN-G-    (0)    1 :  0.004 0.003 0.006 0.007 0.006 0.014 0.004 0.006 0.011 0.004 0.009 0.003 0.003 0.013 0.009 0.006 0.893 
 73 TMA-ZAIN-G-    (0)    1 :  0.004 0.020 0.003 0.011 0.011 0.011 0.012 0.006 0.009 0.013 0.006 0.015 0.017 0.005 0.005 0.007 0.844 
 74 TMA-ZAIN-G-    (0)    1 :  0.003 0.005 0.003 0.004 0.004 0.011 0.004 0.004 0.008 0.006 0.007 0.005 0.004 0.005 0.006 0.010 0.909 
 75 TMA-ZAIN-G-    (0)    1 :  0.004 0.003 0.004 0.005 0.007 0.013 0.004 0.006 0.010 0.004 0.006 0.004 0.003 0.004 0.005 0.007 0.912 
 76 TMA-ZAIN-G-    (0)    1 :  0.003 0.020 0.003 0.004 0.003 0.012 0.003 0.004 0.039 0.009 0.008 0.004 0.009 0.004 0.005 0.008 0.861 
 77 TMA-ZAIN-G-    (0)    1 :  0.008 0.006 0.005 0.005 0.004 0.005 0.003 0.004 0.009 0.005 0.007 0.002 0.004 0.005 0.007 0.004 0.918 
 78 TMA-ZAIN-G-    (0)    1 :  0.009 0.010 0.005 0.006 0.006 0.014 0.005 0.005 0.031 0.011 0.007 0.005 0.008 0.004 0.004 0.006 0.863 
 79 TMA-ZAIN-G-    (0)    1 :  0.027 0.010 0.007 0.004 0.004 0.009 0.004 0.005 0.025 0.007 0.008 0.003 0.005 0.004 0.007 0.005 0.866 
 80 TMA-ZAIN-G-    (0)    1 :  0.006 0.007 0.004 0.007 0.012 0.059 0.003 0.011 0.054 0.004 0.016 0.003 0.003 0.022 0.018 0.081 0.692 
 81 TMA-ZAIN-G-    (0)    1 :  0.031 0.009 0.008 0.007 0.005 0.019 0.004 0.010 0.234 0.008 0.024 0.003 0.005 0.004 0.011 0.012 0.606 
 82 TMA-ZAIN-G-    (0)    1 :  0.008 0.003 0.006 0.006 0.017 0.353 0.008 0.013 0.270 0.005 0.029 0.004 0.003 0.189 0.007 0.038 0.042 
 83 TMA-ZAIN-G-    (9)    1 :  0.004 0.016 0.005 0.022 0.010 0.650 0.029 0.018 0.011 0.009 0.051 0.023 0.018 0.022 0.008 0.096 0.010 
 84 TMA-ZAIN-G-    (0)    1 :  0.010 0.037 0.005 0.005 0.004 0.011 0.003 0.007 0.239 0.010 0.018 0.004 0.008 0.005 0.009 0.013 0.611 
 85 TMA-ZAIN-G-    (0)    1 :  0.944 0.002 0.003 0.004 0.004 0.003 0.004 0.004 0.004 0.004 0.003 0.004 0.004 0.003 0.003 0.003 0.003 
 86 TMA-ZAIN-G-    (0)    1 :  0.898 0.006 0.003 0.005 0.005 0.010 0.003 0.008 0.010 0.004 0.013 0.004 0.004 0.005 0.008 0.009 0.005 
 87 TMA-ZAIN-G-    (0)    1 :  0.944 0.003 0.003 0.003 0.003 0.003 0.004 0.003 0.004 0.004 0.003 0.004 0.006 0.002 0.003 0.003 0.003 
 88 TMA-ZAIN-G-    (0)    1 :  0.370 0.008 0.017 0.011 0.069 0.111 0.017 0.010 0.042 0.010 0.020 0.149 0.008 0.032 0.007 0.099 0.020 
 89 TMA-ZAIN-G-    (0)    1 :  0.302 0.017 0.037 0.004 0.350 0.026 0.011 0.008 0.048 0.008 0.024 0.046 0.017 0.022 0.010 0.033 0.038 
 90 TMA-ZAIN-G-    (0)    1 :  0.830 0.005 0.004 0.005 0.029 0.028 0.030 0.005 0.006 0.006 0.007 0.004 0.004 0.011 0.004 0.019 0.004 
 91 TMA-ZAIN-G-    (0)    1 :  0.746 0.005 0.013 0.018 0.037 0.010 0.006 0.014 0.015 0.006 0.013 0.079 0.006 0.010 0.007 0.007 0.008 
 92 TMA-ZAIN-G-    (0)    1 :  0.535 0.032 0.014 0.027 0.250 0.008 0.015 0.009 0.013 0.026 0.010 0.007 0.028 0.006 0.008 0.004 0.010 
 93 TMA-ZAIN-G-    (0)    1 :  0.197 0.013 0.025 0.103 0.510 0.007 0.009 0.007 0.008 0.022 0.008 0.054 0.014 0.007 0.007 0.004 0.007 
 94 TMA-ZAIN-G-    (0)    1 :  0.729 0.006 0.007 0.014 0.045 0.005 0.018 0.004 0.005 0.007 0.005 0.127 0.011 0.004 0.003 0.003 0.004 
 95 TMA-ZAIN-G-    (0)    1 :  0.005 0.004 0.016 0.847 0.004 0.005 0.017 0.004 0.004 0.034 0.007 0.004 0.008 0.007 0.017 0.007 0.011 
 96 TMA-ZAIN-G-    (0)    1 :  0.009 0.005 0.018 0.758 0.005 0.007 0.005 0.006 0.004 0.058 0.007 0.006 0.009 0.004 0.090 0.007 0.003 
 97 TMA-ZAIN-G-    (0)    1 :  0.008 0.006 0.006 0.005 0.014 0.004 0.228 0.009 0.009 0.028 0.008 0.632 0.006 0.006 0.003 0.003 0.025 
 98 TMA-ZAIN-G-    (0)    1 :  0.006 0.004 0.005 0.003 0.011 0.003 0.226 0.010 0.007 0.004 0.007 0.664 0.004 0.004 0.003 0.003 0.036 
 99 TMA-ZAIN-G-    (0)    1 :  0.004 0.013 0.005 0.008 0.004 0.037 0.040 0.020 0.044 0.005 0.200 0.565 0.006 0.009 0.018 0.011 0.012 
100 TMA-ZAIN-G-    (0)    1 :  0.025 0.030 0.005 0.007 0.015 0.003 0.013 0.004 0.004 0.037 0.005 0.831 0.007 0.005 0.003 0.002 0.005 
101 TMA-ZAIN-G-    (0)    1 :  0.003 0.006 0.006 0.009 0.009 0.006 0.097 0.006 0.032 0.024 0.044 0.731 0.005 0.005 0.005 0.006 0.006 
102 TMA-ZAIN-G-    (0)    1 :  0.031 0.009 0.016 0.012 0.007 0.013 0.473 0.006 0.008 0.030 0.012 0.010 0.288 0.009 0.029 0.033 0.012 
103 TMA-ZAIN-G-    (0)    1 :  0.030 0.004 0.005 0.011 0.004 0.011 0.797 0.010 0.010 0.021 0.008 0.011 0.046 0.005 0.008 0.011 0.007 
104 TMA-ZAIN-G-    (0)    1 :  0.003 0.004 0.003 0.003 0.003 0.003 0.944 0.003 0.002 0.005 0.003 0.005 0.007 0.002 0.003 0.003 0.003 
105 TMA-ZAIN-G-    (0)    1 :  0.047 0.003 0.005 0.011 0.004 0.012 0.819 0.011 0.012 0.012 0.009 0.008 0.018 0.005 0.008 0.012 0.007 
106 TMA-ZAIN-G-    (0)    1 :  0.007 0.003 0.084 0.007 0.005 0.024 0.004 0.035 0.042 0.004 0.196 0.003 0.003 0.049 0.397 0.058 0.078 
107 TMA-ZAIN-G-    (0)    1 :  0.007 0.003 0.012 0.006 0.007 0.114 0.005 0.018 0.047 0.005 0.323 0.004 0.003 0.014 0.018 0.310 0.104 
108 TMA-ZAIN-G-    (9)    1 :  0.042 0.015 0.017 0.007 0.009 0.203 0.020 0.009 0.020 0.030 0.373 0.185 0.025 0.004 0.024 0.008 0.009 
109 TMA-ZAIN-G-    (0)    1 :  0.014 0.004 0.026 0.037 0.058 0.103 0.026 0.075 0.020 0.007 0.018 0.265 0.005 0.099 0.087 0.148 0.007 
110 TMA-ZAIN-G-    (0)    1 :  0.020 0.096 0.017 0.024 0.013 0.091 0.032 0.078 0.080 0.073 0.206 0.037 0.068 0.007 0.062 0.081 0.015 
111 TMA-ZAIN-G-    (9)    1 :  0.005 0.018 0.004 0.015 0.017 0.207 0.132 0.007 0.025 0.068 0.008 0.143 0.176 0.008 0.008 0.134 0.025 
112 TMA-ZAIN-G-    (0)    1 :  0.015 0.011 0.029 0.032 0.015 0.060 0.207 0.045 0.125 0.056 0.039 0.086 0.041 0.022 0.152 0.051 0.013 
113 TMA-ZAIN-G-    (0)    1 :  0.005 0.005 0.005 0.004 0.016 0.007 0.013 0.006 0.014 0.004 0.009 0.866 0.010 0.007 0.004 0.009 0.015 
114 TMA-ZAIN-G-    (0)    1 :  0.006 0.008 0.002 0.004 0.004 0.004 0.005 0.002 0.003 0.004 0.003 0.938 0.008 0.002 0.002 0.003 0.002 
115 TMA-ZAIN-G-    (0)    1 :  0.003 0.004 0.003 0.004 0.004 0.004 0.008 0.003 0.003 0.004 0.003 0.939 0.006 0.003 0.003 0.004 0.004 
116 TMA-ZAIN-G-    (0)    1 :  0.005 0.002 0.005 0.005 0.009 0.714 0.006 0.012 0.008 0.003 0.012 0.004 0.003 0.008 0.006 0.187 0.010 
117 TMA-ZAIN-G-    (0)    1 :  0.029 0.003 0.051 0.031 0.033 0.334 0.007 0.087 0.046 0.006 0.086 0.005 0.003 0.160 0.032 0.024 0.064 
118 TMA-ZAIN-G-    (0)    1 :  0.006 0.003 0.015 0.008 0.007 0.693 0.006 0.010 0.008 0.004 0.010 0.004 0.003 0.016 0.009 0.190 0.008 
119 TMA-ZAIN-G-    (0)    1 :  0.004 0.013 0.005 0.012 0.008 0.635 0.014 0.010 0.011 0.014 0.010 0.013 0.012 0.019 0.006 0.185 0.029 
120 TMA-ZAIN-G-    (0)    1 :  0.011 0.003 0.032 0.013 0.009 0.757 0.008 0.011 0.009 0.007 0.012 0.005 0.004 0.012 0.008 0.086 0.014 
121 TMA-ZAIN-G-    (0)    1 :  0.006 0.002 0.009 0.014 0.007 0.775 0.007 0.021 0.007 0.004 0.059 0.004 0.003 0.039 0.012 0.021 0.010 
122 TMA-ZAIN-G-    (0)    1 :  0.032 0.004 0.008 0.018 0.007 0.219 0.004 0.044 0.009 0.004 0.602 0.003 0.003 0.010 0.010 0.012 0.010 
123 TMA-ZAIN-G-    (0)    1 :  0.010 0.004 0.013 0.007 0.006 0.006 0.022 0.005 0.005 0.016 0.005 0.864 0.017 0.004 0.005 0.005 0.005 
124 TMA-ZAIN-G-    (0)    1 :  0.006 0.003 0.006 0.005 0.003 0.007 0.004 0.908 0.007 0.004 0.008 0.004 0.003 0.003 0.019 0.007 0.004 
125 TMA-ZAIN-G-    (0)    1 :  0.005 0.002 0.009 0.004 0.023 0.005 0.003 0.905 0.005 0.003 0.005 0.002 0.002 0.011 0.008 0.005 0.004 
126 TMA-ZAIN-G-    (0)    1 :  0.005 0.003 0.015 0.003 0.006 0.006 0.004 0.906 0.007 0.003 0.006 0.003 0.003 0.003 0.012 0.011 0.004 
127 TMA-ZAIN-G-    (0)    1 :  0.005 0.003 0.007 0.004 0.003 0.007 0.003 0.873 0.012 0.003 0.009 0.003 0.003 0.005 0.048 0.012 0.004 
128 TMA-ZAIN-G-    (0)    1 :  0.005 0.003 0.006 0.007 0.004 0.010 0.003 0.892 0.008 0.003 0.017 0.003 0.003 0.011 0.013 0.007 0.004 
129 TMA-ZAIN-G-    (0)    1 :  0.005 0.002 0.008 0.004 0.004 0.007 0.004 0.915 0.005 0.004 0.010 0.004 0.003 0.004 0.011 0.005 0.004 
130 TMA-ZAIN-G-    (0)    1 :  0.005 0.002 0.014 0.004 0.014 0.006 0.005 0.908 0.005 0.003 0.004 0.004 0.003 0.004 0.008 0.008 0.004 
131 TMA-ZAIN-G-    (0)    1 :  0.007 0.003 0.008 0.006 0.004 0.006 0.004 0.898 0.007 0.004 0.006 0.003 0.003 0.004 0.029 0.007 0.004 
132 TMA-ZAIN-G-    (0)    1 :  0.005 0.002 0.007 0.007 0.014 0.012 0.003 0.873 0.009 0.003 0.016 0.003 0.003 0.016 0.013 0.008 0.007 
133 TMA-ZAIN-G-    (0)    1 :  0.054 0.020 0.121 0.013 0.024 0.017 0.003 0.057 0.022 0.015 0.030 0.003 0.006 0.101 0.396 0.049 0.071 
134 TMA-ZAIN-G-    (0)    1 :  0.039 0.012 0.237 0.005 0.025 0.007 0.003 0.272 0.014 0.007 0.043 0.003 0.004 0.070 0.085 0.119 0.057 
135 TMA-ZAIN-G-    (0)    1 :  0.030 0.011 0.018 0.003 0.012 0.031 0.003 0.062 0.055 0.004 0.150 0.004 0.003 0.026 0.040 0.491 0.056 
136 TMA-ZAIN-G-    (0)    1 :  0.005 0.006 0.007 0.008 0.015 0.132 0.004 0.025 0.024 0.004 0.134 0.005 0.004 0.512 0.030 0.057 0.029 
137 TMA-ZAIN-G-    (0)    1 :  0.018 0.012 0.004 0.003 0.005 0.010 0.004 0.014 0.015 0.005 0.015 0.005 0.004 0.004 0.008 0.854 0.019 
138 TMA-ZAIN-G-    (0)    1 :  0.004 0.003 0.027 0.004 0.018 0.101 0.004 0.319 0.060 0.003 0.124 0.004 0.003 0.012 0.052 0.249 0.015 
139 TMA-ZAIN-G-    (0)    1 :  0.011 0.008 0.018 0.003 0.072 0.079 0.003 0.203 0.027 0.004 0.060 0.004 0.003 0.012 0.031 0.407 0.054 
140 TMA-ZAIN-G-    (0)    1 :  0.005 0.004 0.006 0.009 0.003 0.193 0.004 0.019 0.388 0.005 0.177 0.004 0.004 0.008 0.033 0.124 0.014 
141 TMA-ZAIN-G-    (0)    1 :  0.009 0.003 0.021 0.006 0.005 0.033 0.006 0.033 0.621 0.005 0.166 0.005 0.004 0.006 0.016 0.039 0.021 
142 TMA-ZAIN-G-    (9)    1 :  0.006 0.003 0.006 0.006 0.004 0.150 0.003 0.013 0.545 0.003 0.109 0.003 0.003 0.011 0.016 0.105 0.013 
143 TMA-ZAIN-G-    (0)    1 :  0.006 0.003 0.010 0.010 0.005 0.180 0.005 0.075 0.107 0.004 0.430 0.004 0.003 0.012 0.036 0.098 0.013 
144 TMA-ZAIN-G-    (0)    1 :  0.011 0.008 0.014 0.023 0.022 0.338 0.004 0.082 0.030 0.009 0.124 0.003 0.005 0.006 0.105 0.207 0.007 
145 TMA-ZAIN-G-    (0)    1 :  0.006 0.002 0.006 0.007 0.016 0.053 0.003 0.052 0.087 0.003 0.059 0.003 0.002 0.316 0.018 0.324 0.043 
146 TMA-ZAIN-G-    (0)    1 :  0.004 0.002 0.004 0.003 0.003 0.010 0.003 0.004 0.634 0.003 0.298 0.003 0.003 0.005 0.004 0.007 0.011 
147 TMA-ZAIN-G-    (9)    1 :  0.004 0.004 0.005 0.004 0.004 0.008 0.003 0.006 0.404 0.003 0.518 0.003 0.003 0.008 0.007 0.008 0.010 
148 TMA-ZAIN-G-    (0)    1 :  0.004 0.003 0.037 0.003 0.014 0.006 0.003 0.018 0.470 0.003 0.399 0.002 0.003 0.004 0.018 0.006 0.007 
149 TMA-ZAIN-G-    (0)    1 :  0.019 0.005 0.018 0.012 0.030 0.016 0.019 0.034 0.258 0.008 0.507 0.014 0.014 0.006 0.021 0.011 0.009 
150 TMA-ZAIN-G-    (0)    1 :  0.010 0.004 0.013 0.010 0.053 0.050 0.038 0.013 0.083 0.005 0.560 0.008 0.011 0.083 0.012 0.029 0.017 
151 TMA-ZAIN-G-    (0)    1 :  0.003 0.003 0.017 0.005 0.004 0.138 0.003 0.006 0.009 0.003 0.009 0.003 0.002 0.008 0.153 0.627 0.006 
152 TMA-ZAIN-G-    (0)    1 :  0.003 0.003 0.014 0.005 0.005 0.347 0.004 0.006 0.014 0.003 0.009 0.004 0.002 0.006 0.012 0.560 0.004 
153 TMA-ZAIN-G-    (0)    1 :  0.004 0.003 0.029 0.004 0.012 0.110 0.004 0.036 0.025 0.003 0.047 0.003 0.002 0.013 0.073 0.619 0.013 
154 TMA-ZAIN-G-    (0)    1 :  0.004 0.002 0.004 0.004 0.004 0.053 0.003 0.007 0.014 0.003 0.005 0.003 0.002 0.004 0.006 0.879 0.004 
155 TMA-ZAIN-G-    (0)    1 :  0.005 0.003 0.006 0.004 0.003 0.012 0.004 0.008 0.013 0.003 0.015 0.003 0.003 0.006 0.008 0.895 0.007 
156 TMA-ZAIN-G-    (9)    1 :  0.003 0.003 0.075 0.003 0.009 0.092 0.005 0.027 0.024 0.004 0.012 0.006 0.002 0.003 0.047 0.679 0.004 
157 TMA-ZAIN-G-    (0)    1 :  0.004 0.003 0.128 0.004 0.005 0.037 0.006 0.016 0.081 0.004 0.041 0.003 0.003 0.006 0.084 0.569 0.007 
158 TMA-ZAIN-G-    (0)    1 :  0.004 0.003 0.004 0.006 0.004 0.425 0.004 0.008 0.182 0.006 0.014 0.003 0.003 0.005 0.012 0.300 0.018 
159 TMA-ZAIN-G-    (0)    1 :  0.004 0.002 0.004 0.004 0.005 0.084 0.004 0.014 0.213 0.003 0.038 0.004 0.003 0.018 0.007 0.437 0.156 
160 TMA-ZAIN-G-    (0)    1 :  0.005 0.003 0.005 0.003 0.008 0.152 0.005 0.008 0.061 0.003 0.023 0.004 0.002 0.023 0.005 0.562 0.129 
161 TMA-ZAIN-G-    (0)    1 :  0.007 0.003 0.021 0.006 0.025 0.151 0.004 0.149 0.075 0.005 0.097 0.003 0.002 0.007 0.074 0.355 0.016 
162 TMA-ZAIN-G-    (0)    1 :  0.009 0.005 0.003 0.008 0.009 0.012 0.017 0.005 0.005 0.004 0.007 0.012 0.012 0.005 0.008 0.874 0.005 
163 TMA-ZAIN-G-    (0)    1 :  0.003 0.002 0.003 0.003 0.003 0.047 0.003 0.006 0.010 0.003 0.007 0.003 0.002 0.004 0.005 0.893 0.005 
164 TMA-ZAIN-G-    (0)    1 :  0.012 0.005 0.004 0.006 0.008 0.343 0.005 0.010 0.035 0.004 0.021 0.004 0.004 0.007 0.006 0.520 0.006 
165 TMA-ZAIN-G-    (0)    1 :  0.003 0.002 0.004 0.004 0.003 0.245 0.004 0.010 0.025 0.003 0.026 0.004 0.003 0.006 0.007 0.644 0.008 
166 TMA-ZAIN-G-    (0)    1 :  0.006 0.002 0.005 0.004 0.011 0.079 0.003 0.055 0.274 0.003 0.067 0.003 0.002 0.012 0.025 0.424 0.024 
167 TMA-ZAIN-G-    (0)    1 :  0.007 0.004 0.007 0.007 0.004 0.078 0.005 0.013 0.627 0.006 0.123 0.005 0.004 0.004 0.018 0.019 0.068 
168 TMA-ZAIN-G-    (0)    1 :  0.006 0.003 0.019 0.004 0.005 0.017 0.005 0.006 0.865 0.004 0.016 0.005 0.003 0.009 0.007 0.005 0.021 
169 TMA-ZAIN-G-    (0)    1 :  0.004 0.002 0.005 0.004 0.004 0.011 0.003 0.005 0.884 0.003 0.013 0.003 0.002 0.034 0.004 0.009 0.010 
170 TMA-ZAIN-G-    (0)    1 :  0.005 0.014 0.054 0.008 0.004 0.032 0.011 0.030 0.605 0.029 0.060 0.029 0.009 0.012 0.045 0.032 0.019 
171 TMA-ZAIN-G-    (0)    1 :  0.003 0.002 0.004 0.003 0.003 0.011 0.003 0.004 0.916 0.002 0.010 0.003 0.003 0.009 0.004 0.006 0.013 
172 TMA-ZAIN-G-    (0)    1 :  0.005 0.004 0.013 0.005 0.003 0.014 0.003 0.021 0.736 0.005 0.017 0.003 0.003 0.004 0.147 0.010 0.006 
173 TMA-ZAIN-G-    (0)    1 :  0.006 0.004 0.021 0.009 0.005 0.026 0.004 0.034 0.464 0.007 0.028 0.003 0.003 0.006 0.358 0.011 0.012 
174 TMA-ZAIN-G-    (0)    1 :  0.005 0.003 0.005 0.005 0.007 0.047 0.003 0.432 0.174 0.003 0.134 0.003 0.002 0.042 0.073 0.045 0.019 
175 TMA-ZAIN-G-    (0)    1 :  0.004 0.003 0.004 0.003 0.004 0.017 0.003 0.006 0.808 0.003 0.063 0.003 0.003 0.006 0.004 0.007 0.061 
176 TMA-ZAIN-G-    (0)    1 :  0.004 0.003 0.004 0.003 0.003 0.012 0.003 0.005 0.848 0.003 0.068 0.003 0.003 0.005 0.004 0.009 0.020 
177 TMA-ZAIN-G-    (0)    1 :  0.004 0.003 0.008 0.003 0.003 0.008 0.003 0.004 0.895 0.003 0.034 0.003 0.002 0.003 0.007 0.007 0.010 
178 TMA-ZAIN-G-    (0)    1 :  0.005 0.005 0.040 0.007 0.004 0.104 0.004 0.010 0.472 0.005 0.085 0.005 0.003 0.004 0.219 0.013 0.015 
179 TMA-ZAIN-G-    (0)    1 :  0.005 0.003 0.013 0.004 0.003 0.019 0.003 0.008 0.813 0.003 0.072 0.003 0.002 0.006 0.024 0.011 0.007 
180 TMA-ZAIN-G-    (0)    1 :  0.027 0.012 0.030 0.014 0.011 0.046 0.004 0.369 0.024 0.006 0.090 0.003 0.005 0.084 0.254 0.017 0.004 
181 TMA-ZAIN-G-    (0)    1 :  0.004 0.003 0.083 0.004 0.005 0.013 0.005 0.018 0.008 0.004 0.010 0.005 0.002 0.005 0.781 0.042 0.009 
182 TMA-ZAIN-G-    (0)    1 :  0.006 0.003 0.181 0.005 0.004 0.016 0.006 0.389 0.022 0.005 0.043 0.008 0.003 0.003 0.260 0.043 0.005 
183 TMA-ZAIN-G-    (0)    1 :  0.005 0.003 0.055 0.004 0.003 0.020 0.004 0.009 0.010 0.004 0.014 0.004 0.003 0.005 0.841 0.011 0.006 
184 TMA-ZAIN-G-    (0)    1 :  0.018 0.005 0.029 0.012 0.015 0.029 0.023 0.021 0.014 0.008 0.017 0.024 0.015 0.007 0.715 0.038 0.010 
185 TMA-ZAIN-G-    (0)    1 :  0.011 0.006 0.004 0.033 0.018 0.012 0.011 0.030 0.008 0.009 0.009 0.010 0.017 0.005 0.800 0.011 0.006 
186 TMA-ZAIN-G-    (9)    1 :  0.005 0.004 0.005 0.010 0.006 0.018 0.004 0.047 0.017 0.007 0.009 0.003 0.004 0.005 0.833 0.013 0.010 
187 TMA-ZAIN-G-    (0)    1 :  0.005 0.003 0.012 0.005 0.003 0.008 0.004 0.013 0.011 0.004 0.016 0.004 0.003 0.015 0.812 0.043 0.038 
188 TMA-ZAIN-G-    (0)    1 :  0.003 0.002 0.006 0.005 0.004 0.011 0.004 0.016 0.005 0.003 0.029 0.003 0.003 0.022 0.823 0.021 0.041 
189 TMA-ZAIN-G-    (0)    1 :  0.003 0.003 0.005 0.003 0.002 0.005 0.002 0.011 0.006 0.003 0.007 0.002 0.002 0.006 0.927 0.006 0.004 
190 TMA-ZAIN-G-    (0)    1 :  0.004 0.003 0.027 0.006 0.006 0.029 0.003 0.009 0.044 0.006 0.069 0.003 0.003 0.017 0.740 0.005 0.025 
191 TMA-ZAIN-G-    (0)    1 :  0.014 0.007 0.004 0.008 0.007 0.006 0.010 0.007 0.008 0.006 0.018 0.009 0.016 0.004 0.863 0.006 0.008 
192 TMA-ZAIN-G-    (0)    1 :  0.016 0.022 0.014 0.003 0.004 0.005 0.003 0.015 0.009 0.008 0.008 0.004 0.004 0.004 0.858 0.010 0.013 
193 TMA-ZAIN-G-    (0)    1 :  0.003 0.002 0.950 0.003 0.004 0.003 0.003 0.004 0.003 0.003 0.003 0.002 0.002 0.004 0.005 0.003 0.003 
194 TMA-ZAIN-G-    (0)    1 :  0.005 0.008 0.764 0.020 0.015 0.007 0.003 0.036 0.011 0.011 0.007 0.002 0.005 0.013 0.084 0.004 0.006 
195 TMA-ZAIN-G-    (0)    1 :  0.004 0.002 0.728 0.005 0.007 0.014 0.003 0.032 0.027 0.010 0.029 0.003 0.002 0.036 0.068 0.004 0.024 
196 TMA-ZAIN-G-    (0)    1 :  0.004 0.003 0.883 0.008 0.007 0.009 0.003 0.010 0.006 0.004 0.010 0.003 0.002 0.016 0.021 0.008 0.005 
197 TMA-ZAIN-G-    (0)    1 :  0.008 0.002 0.891 0.005 0.005 0.007 0.003 0.012 0.011 0.003 0.008 0.003 0.003 0.011 0.010 0.009 0.010 
198 TMA-ZAIN-G-    (0)    1 :  0.004 0.005 0.889 0.003 0.004 0.009 0.002 0.007 0.017 0.003 0.011 0.003 0.002 0.007 0.017 0.009 0.008 
199 TMA-ZAIN-G-    (0)    1 :  0.005 0.004 0.006 0.009 0.006 0.012 0.003 0.042 0.010 0.005 0.008 0.003 0.003 0.005 0.855 0.014 0.010 
200 TMA-ZAIN-G-    (0)    1 :  0.006 0.769 0.049 0.015 0.009 0.006 0.027 0.004 0.005 0.030 0.005 0.017 0.040 0.005 0.005 0.003 0.005 
201 TMA-ZAIN-G-    (0)    1 :  0.008 0.794 0.006 0.021 0.006 0.014 0.012 0.011 0.012 0.014 0.014 0.005 0.037 0.017 0.006 0.007 0.016 
202 TMA-ZAIN-G-    (0)    1 :  0.003 0.914 0.016 0.004 0.002 0.004 0.006 0.006 0.004 0.007 0.006 0.009 0.003 0.002 0.006 0.005 0.002 
203 TMA-ZAIN-G-    (0)    1 :  0.005 0.002 0.764 0.005 0.004 0.024 0.012 0.052 0.015 0.004 0.030 0.018 0.003 0.004 0.023 0.027 0.008 
204 TMA-ZAIN-G-    (9)    1 :  0.110 0.742 0.004 0.006 0.015 0.004 0.006 0.004 0.006 0.041 0.009 0.017 0.019 0.005 0.005 0.003 0.006 
205 TMA-ZAIN-G-    (0)    1 :  0.011 0.773 0.008 0.004 0.008 0.025 0.008 0.009 0.007 0.026 0.015 0.007 0.005 0.004 0.007 0.077 0.007 
206 TMA-ZAIN-G-    (9)    1 :  0.147 0.615 0.021 0.014 0.016 0.018 0.026 0.011 0.029 0.015 0.020 0.024 0.010 0.007 0.014 0.008 0.007 
207 TMA-ZAIN-G-    (9)    1 :  0.052 0.004 0.007 0.045 0.038 0.614 0.006 0.011 0.014 0.019 0.017 0.009 0.010 0.037 0.016 0.089 0.013 
208 TMA-ZAIN-G-    (0)    1 :  0.002 0.004 0.004 0.008 0.005 0.524 0.003 0.006 0.131 0.003 0.184 0.003 0.002 0.034 0.021 0.051 0.013 
209 TMA-ZAIN-G-    (0)    1 :  0.008 0.003 0.209 0.004 0.073 0.032 0.003 0.185 0.237 0.004 0.051 0.003 0.003 0.014 0.065 0.050 0.055 
210 TMA-ZAIN-G-    (0)    1 :  0.013 0.003 0.318 0.010 0.014 0.022 0.005 0.064 0.119 0.005 0.106 0.004 0.003 0.087 0.110 0.060 0.058 
211 TMA-ZAIN-G-    (0)    1 :  0.009 0.020 0.060 0.017 0.011 0.026 0.007 0.369 0.093 0.020 0.151 0.010 0.014 0.019 0.109 0.026 0.038 
212 TMA-ZAIN-G-    (0)    1 :  0.014 0.006 0.023 0.010 0.006 0.053 0.003 0.038 0.121 0.005 0.451 0.003 0.003 0.011 0.216 0.034 0.004 
213 TMA-ZAIN-G-    (0)    1 :  0.004 0.004 0.028 0.005 0.008 0.032 0.004 0.050 0.272 0.006 0.190 0.003 0.004 0.008 0.185 0.171 0.025 
214 TMA-ZAIN-G-    (0)    1 :  0.005 0.004 0.027 0.005 0.010 0.051 0.003 0.193 0.179 0.005 0.059 0.003 0.004 0.062 0.135 0.181 0.073 
215 TMA-ZAIN-G-    (0)    1 :  0.003 0.010 0.004 0.004 0.002 0.043 0.003 0.009 0.396 0.244 0.044 0.003 0.005 0.004 0.179 0.022 0.025 
216 TMA-ZAIN-G-    (0)    1 :  0.006 0.005 0.018 0.008 0.016 0.037 0.003 0.148 0.170 0.006 0.019 0.003 0.004 0.007 0.506 0.027 0.017 
217 TMA-ZAIN-G-    (0)    1 :  0.007 0.003 0.053 0.003 0.008 0.017 0.003 0.172 0.296 0.003 0.099 0.003 0.003 0.131 0.044 0.056 0.098 
218 TMA-ZAIN-G-    (0)    1 :  0.004 0.003 0.003 0.013 0.005 0.006 0.008 0.012 0.013 0.895 0.003 0.005 0.003 0.009 0.006 0.006 0.004 
219 TMA-ZAIN-G-    (0)    1 :  0.013 0.009 0.003 0.006 0.007 0.005 0.005 0.008 0.004 0.912 0.003 0.005 0.004 0.003 0.004 0.005 0.004 
220 TMA-ZAIN-G-    (0)    1 :  0.011 0.003 0.005 0.092 0.006 0.085 0.111 0.006 0.010 0.579 0.038 0.006 0.008 0.012 0.008 0.015 0.006 
221 TMA-ZAIN-G-    (0)    1 :  0.011 0.026 0.006 0.011 0.004 0.008 0.003 0.014 0.011 0.852 0.009 0.004 0.005 0.005 0.017 0.008 0.006 
222 TMA-ZAIN-G-    (0)    1 :  0.020 0.005 0.004 0.005 0.009 0.017 0.038 0.012 0.011 0.825 0.008 0.006 0.006 0.011 0.006 0.013 0.006 
223 TMA-ZAIN-G-    (0)    1 :  0.014 0.005 0.003 0.017 0.005 0.006 0.005 0.005 0.005 0.898 0.006 0.006 0.008 0.005 0.004 0.004 0.004 
