

----------------------------------------------------
STRUCTURE by Pritchard, Stephens and Donnelly (2000)
     and Falush, Stephens and Pritchard (2003)
       Code by Pritchard, Falush and Hubisz
             Version 2.3.4 (Jul 2012)
----------------------------------------------------



Command line arguments:   bin\structure -m C:\Users\eschumacher\Documents\GitHub\GCC_QUAC_ZAIN\Data_Files\Structure_Files\ZAIN\ZAIN_rebinned_allpop_str\50-50\mainparams -e C:\Users\eschumacher\Documents\GitHub\GCC_QUAC_ZAIN\Data_Files\Structure_Files\ZAIN\ZAIN_rebinned_allpop_str\50-50\extraparams 
Input File:    C:\Users\eschumacher\Documents\GitHub\GCC_QUAC_ZAIN\Data_Files\Structure_Files\ZAIN\ZAIN_rebinned_allpop_str\project_data

Run parameters:
   1133 individuals
   11 loci
   11 populations assumed
   50000 Burn-in period
   50000 Reps


--------------------------------------------
Proportion of membership of each pre-defined
 population in each of the 11 clusters

Given    Inferred Clusters                                                               Number of
 Pop       1      2      3      4      5      6      7      8      9     10     11      Individuals

  1:     0.054  0.145  0.099  0.077  0.040  0.045  0.086  0.139  0.143  0.142  0.030      303
  2:     0.016  0.167  0.073  0.179  0.046  0.026  0.056  0.118  0.156  0.105  0.057       15
  3:     0.219  0.029  0.410  0.005  0.012  0.017  0.009  0.042  0.194  0.048  0.016        2
  4:     0.008  0.235  0.097  0.039  0.031  0.022  0.042  0.133  0.071  0.026  0.297        2
  5:     0.206  0.075  0.361  0.014  0.058  0.022  0.033  0.140  0.055  0.018  0.019        7
  6:     0.101  0.153  0.009  0.007  0.009  0.039  0.016  0.010  0.014  0.632  0.011       13
  7:     0.006  0.006  0.017  0.004  0.003  0.010  0.016  0.006  0.005  0.916  0.011       13
  8:     0.054  0.193  0.018  0.011  0.099  0.036  0.012  0.486  0.061  0.015  0.014        7
  9:     0.054  0.338  0.015  0.012  0.026  0.026  0.049  0.192  0.224  0.018  0.047       11
 10:     0.024  0.072  0.126  0.024  0.021  0.019  0.089  0.399  0.147  0.010  0.068        9
 11:     0.005  0.007  0.013  0.006  0.005  0.013  0.891  0.011  0.009  0.032  0.009       35
 12:     0.016  0.171  0.007  0.021  0.025  0.024  0.006  0.334  0.383  0.004  0.008       36
 13:     0.023  0.082  0.007  0.010  0.033  0.011  0.005  0.449  0.361  0.006  0.014       33
 14:     0.010  0.008  0.006  0.870  0.011  0.040  0.007  0.011  0.010  0.018  0.009       40
 15:     0.926  0.025  0.004  0.006  0.006  0.006  0.004  0.007  0.007  0.003  0.005       39
 16:     0.013  0.022  0.162  0.026  0.031  0.016  0.204  0.041  0.035  0.057  0.393       40
 17:     0.011  0.011  0.688  0.020  0.019  0.043  0.049  0.012  0.015  0.073  0.060       37
 18:     0.011  0.096  0.004  0.006  0.020  0.007  0.005  0.732  0.111  0.003  0.005       40
 19:     0.013  0.006  0.007  0.004  0.003  0.041  0.901  0.006  0.005  0.008  0.007       28
 20:     0.005  0.005  0.004  0.013  0.006  0.944  0.004  0.005  0.005  0.005  0.005       14
 21:     0.040  0.011  0.054  0.007  0.005  0.022  0.008  0.008  0.010  0.827  0.008       13
 22:     0.029  0.889  0.004  0.022  0.009  0.006  0.006  0.014  0.013  0.003  0.006       14
 23:     0.008  0.022  0.005  0.007  0.027  0.009  0.004  0.027  0.883  0.004  0.005       25
 24:     0.006  0.009  0.005  0.008  0.925  0.006  0.007  0.013  0.011  0.005  0.005       40
 25:     0.019  0.053  0.013  0.755  0.009  0.039  0.029  0.028  0.023  0.009  0.021       32
 26:     0.005  0.005  0.006  0.005  0.006  0.006  0.003  0.005  0.006  0.950  0.004       20
 27:     0.004  0.010  0.044  0.007  0.006  0.016  0.669  0.016  0.008  0.008  0.212        4
 28:     0.006  0.014  0.012  0.010  0.013  0.012  0.801  0.064  0.018  0.020  0.031       23
 29:     0.007  0.006  0.017  0.009  0.005  0.006  0.922  0.007  0.005  0.007  0.011       39
 30:     0.004  0.006  0.010  0.006  0.005  0.022  0.050  0.007  0.007  0.874  0.010       38
 31:     0.164  0.651  0.006  0.009  0.052  0.008  0.005  0.045  0.045  0.005  0.011       45
 32:     0.156  0.363  0.010  0.014  0.025  0.019  0.005  0.194  0.200  0.007  0.008       28
 33:     0.008  0.004  0.019  0.006  0.005  0.005  0.924  0.005  0.004  0.009  0.010        6
 34:     0.009  0.012  0.030  0.006  0.013  0.012  0.012  0.007  0.007  0.006  0.886       40
 35:     0.010  0.021  0.815  0.009  0.011  0.016  0.016  0.007  0.010  0.054  0.030       42
--------------------------------------------

Allele-freq. divergence among pops (Net nucleotide distance),
computed using point estimates of P.

      1       2       3       4       5       6       7       8       9      10      11      
 1      -    0.1306  0.1822  0.1914  0.2690  0.2302  0.2750  0.2496  0.2189  0.3540  0.2121  
 2   0.1306     -    0.1525  0.1851  0.1264  0.1750  0.2351  0.0581  0.0702  0.2898  0.1107  
 3   0.1822  0.1525     -    0.1588  0.2749  0.1423  0.0947  0.2106  0.1818  0.1104  0.0866  
 4   0.1914  0.1851  0.1588     -    0.2117  0.1940  0.1748  0.2352  0.2205  0.2689  0.1659  
 5   0.2690  0.1264  0.2749  0.2117     -    0.2688  0.3428  0.1276  0.1084  0.3660  0.1685  
 6   0.2302  0.1750  0.1423  0.1940  0.2688     -    0.2228  0.2222  0.1795  0.2300  0.1607  
 7   0.2750  0.2351  0.0947  0.1748  0.3428  0.2228     -    0.2344  0.2410  0.1545  0.1537  
 8   0.2496  0.0581  0.2106  0.2352  0.1276  0.2222  0.2344     -    0.0441  0.3264  0.1587  
 9   0.2189  0.0702  0.1818  0.2205  0.1084  0.1795  0.2410  0.0441     -    0.2851  0.1605  
10   0.3540  0.2898  0.1104  0.2689  0.3660  0.2300  0.1545  0.3264  0.2851     -    0.2069  
11   0.2121  0.1107  0.0866  0.1659  0.1685  0.1607  0.1537  0.1587  0.1605  0.2069     -    

Average distances (expected heterozygosity) between individuals in same cluster:
cluster  1  : 0.2628 
cluster  2  : 0.4358 
cluster  3  : 0.5322 
cluster  4  : 0.3882 
cluster  5  : 0.3585 
cluster  6  : 0.2652 
cluster  7  : 0.4748 
cluster  8  : 0.3708 
cluster  9  : 0.4025 
cluster 10  : 0.4138 
cluster 11  : 0.4777 

--------------------------------------------
Estimated Ln Prob of Data   = -21011.0
Mean value of ln likelihood = -20338.8
Variance of ln likelihood   = 1344.4
Mean value of alpha         = 0.0341

Mean value of Fst_1         = 0.5581
Mean value of Fst_2         = 0.3351
Mean value of Fst_3         = 0.1484
Mean value of Fst_4         = 0.4260
Mean value of Fst_5         = 0.4361
Mean value of Fst_6         = 0.5937
Mean value of Fst_7         = 0.3592
Mean value of Fst_8         = 0.3674
Mean value of Fst_9         = 0.3039
Mean value of Fst_10         = 0.4296
Mean value of Fst_11         = 0.2693


Inferred ancestry of individuals:
        Label (%Miss) Pop:  Inferred clusters
  1 TMA-ZAIN-G-    (9)    1 :  0.097 0.037 0.054 0.013 0.009 0.010 0.732 0.015 0.010 0.006 0.019 
  2 TMA-ZAIN-G-    (0)    1 :  0.008 0.015 0.033 0.020 0.005 0.018 0.679 0.022 0.183 0.006 0.010 
  3 TMA-ZAIN-G-    (0)    1 :  0.033 0.263 0.006 0.012 0.117 0.011 0.006 0.481 0.047 0.003 0.021 
  4 TMA-ZAIN-G-    (0)    1 :  0.017 0.013 0.005 0.028 0.074 0.621 0.013 0.185 0.033 0.004 0.005 
  5 TMA-ZAIN-G-    (0)    1 :  0.002 0.002 0.003 0.005 0.002 0.005 0.962 0.003 0.002 0.005 0.006 
  6 TMA-ZAIN-G-    (0)    1 :  0.019 0.094 0.029 0.020 0.090 0.049 0.045 0.084 0.045 0.022 0.504 
  7 TMA-ZAIN-G-    (0)    1 :  0.054 0.241 0.012 0.014 0.009 0.126 0.015 0.193 0.308 0.007 0.021 
  8 TMA-ZAIN-G-    (0)    1 :  0.007 0.856 0.004 0.026 0.023 0.006 0.007 0.039 0.024 0.003 0.008 
  9 TMA-ZAIN-G-    (9)    1 :  0.008 0.354 0.006 0.005 0.033 0.010 0.008 0.263 0.276 0.005 0.032 
 10 TMA-ZAIN-G-    (0)    1 :  0.014 0.423 0.006 0.009 0.039 0.012 0.003 0.188 0.268 0.004 0.033 
 11 TMA-ZAIN-G-    (0)    1 :  0.009 0.176 0.009 0.006 0.006 0.019 0.006 0.145 0.614 0.005 0.006 
 12 TMA-ZAIN-G-    (0)    1 :  0.014 0.017 0.004 0.004 0.005 0.004 0.004 0.929 0.009 0.003 0.006 
 13 TMA-ZAIN-G-    (9)    1 :  0.122 0.239 0.035 0.025 0.017 0.016 0.044 0.069 0.351 0.066 0.015 
 14 TMA-ZAIN-G-    (9)    1 :  0.880 0.035 0.009 0.008 0.006 0.005 0.003 0.012 0.019 0.012 0.011 
 15 TMA-ZAIN-G-    (0)    1 :  0.898 0.051 0.008 0.006 0.009 0.003 0.003 0.006 0.007 0.002 0.007 
 16 TMA-ZAIN-G-    (0)    1 :  0.006 0.020 0.005 0.003 0.005 0.006 0.003 0.907 0.034 0.005 0.006 
 17 TMA-ZAIN-G-    (9)    1 :  0.023 0.793 0.019 0.014 0.006 0.078 0.009 0.016 0.007 0.010 0.025 
 18 TMA-ZAIN-G-    (0)    1 :  0.013 0.010 0.196 0.048 0.007 0.013 0.661 0.014 0.004 0.006 0.028 
 19 TMA-ZAIN-G-    (0)    1 :  0.015 0.049 0.616 0.005 0.005 0.048 0.014 0.025 0.015 0.026 0.182 
 20 TMA-ZAIN-G-    (0)    1 :  0.004 0.003 0.851 0.028 0.005 0.006 0.034 0.003 0.004 0.054 0.008 
 21 TMA-ZAIN-G-    (0)    1 :  0.002 0.005 0.004 0.005 0.005 0.004 0.003 0.004 0.004 0.958 0.005 
 22 TMA-ZAIN-G-    (0)    1 :  0.003 0.003 0.013 0.007 0.002 0.009 0.050 0.003 0.003 0.898 0.009 
 23 TMA-ZAIN-G-    (0)    1 :  0.007 0.007 0.035 0.004 0.004 0.010 0.019 0.007 0.006 0.873 0.028 
 24 TMA-ZAIN-G-    (9)    1 :  0.032 0.014 0.003 0.006 0.153 0.003 0.007 0.009 0.100 0.669 0.004 
 25 TMA-ZAIN-G-    (9)    1 :  0.005 0.007 0.776 0.004 0.004 0.003 0.080 0.012 0.091 0.007 0.009 
 26 TMA-ZAIN-G-    (9)    1 :  0.017 0.115 0.015 0.466 0.008 0.011 0.007 0.054 0.273 0.028 0.006 
 27 TMA-ZAIN-G-    (0)    1 :  0.073 0.012 0.069 0.015 0.010 0.021 0.055 0.006 0.007 0.019 0.713 
 28 TMA-ZAIN-G-    (0)    1 :  0.009 0.007 0.013 0.005 0.005 0.005 0.010 0.005 0.004 0.004 0.932 
 29 TMA-ZAIN-G-    (0)    1 :  0.006 0.005 0.224 0.018 0.722 0.004 0.003 0.004 0.005 0.004 0.005 
 30 TMA-ZAIN-G-    (0)    1 :  0.085 0.167 0.035 0.006 0.041 0.007 0.004 0.063 0.110 0.005 0.478 
 31 TMA-ZAIN-G-    (0)    1 :  0.006 0.004 0.014 0.056 0.006 0.020 0.864 0.004 0.009 0.012 0.006 
 32 TMA-ZAIN-G-    (9)    1 :  0.034 0.034 0.134 0.006 0.005 0.005 0.572 0.144 0.024 0.036 0.006 
 33 TMA-ZAIN-G-   (18)    1 :  0.008 0.494 0.004 0.004 0.015 0.004 0.005 0.373 0.082 0.003 0.007 
 34 TMA-ZAIN-G-    (0)    1 :  0.009 0.028 0.020 0.008 0.008 0.005 0.171 0.596 0.123 0.021 0.010 
 35 TMA-ZAIN-G-    (9)    1 :  0.063 0.192 0.019 0.012 0.082 0.011 0.018 0.397 0.185 0.004 0.017 
 36 TMA-ZAIN-G-    (0)    1 :  0.174 0.270 0.005 0.015 0.011 0.007 0.003 0.049 0.455 0.003 0.007 
 37 TMA-ZAIN-G-    (9)    1 :  0.008 0.213 0.010 0.010 0.015 0.040 0.008 0.330 0.329 0.008 0.029 
 38 TMA-ZAIN-G-   (18)    1 :  0.093 0.043 0.126 0.007 0.008 0.010 0.598 0.057 0.035 0.017 0.007 
 39 TMA-ZAIN-G-    (0)    1 :  0.004 0.052 0.004 0.009 0.012 0.007 0.003 0.070 0.827 0.005 0.007 
 40 TMA-ZAIN-G-    (0)    1 :  0.005 0.531 0.005 0.005 0.007 0.015 0.003 0.196 0.224 0.005 0.004 
 41 TMA-ZAIN-G-    (0)    1 :  0.051 0.663 0.004 0.006 0.008 0.003 0.003 0.026 0.228 0.003 0.006 
 42 TMA-ZAIN-G-    (9)    1 :  0.092 0.861 0.004 0.008 0.006 0.004 0.003 0.007 0.009 0.002 0.003 
 43 TMA-ZAIN-G-    (0)    1 :  0.956 0.008 0.003 0.005 0.008 0.004 0.003 0.003 0.005 0.002 0.003 
 44 TMA-ZAIN-G-    (0)    1 :  0.005 0.012 0.017 0.004 0.012 0.009 0.005 0.028 0.112 0.793 0.003 
 45 TMA-ZAIN-G-    (0)    1 :  0.022 0.201 0.009 0.008 0.006 0.018 0.005 0.621 0.096 0.006 0.009 
 46 TMA-ZAIN-G-    (0)    1 :  0.004 0.003 0.006 0.005 0.003 0.009 0.004 0.003 0.005 0.956 0.003 
 47 TMA-ZAIN-G-    (0)    1 :  0.004 0.004 0.004 0.951 0.004 0.013 0.004 0.005 0.003 0.004 0.005 
 48 TMA-ZAIN-G-    (0)    1 :  0.066 0.344 0.011 0.199 0.019 0.201 0.006 0.043 0.041 0.022 0.047 
 49 TMA-ZAIN-G-    (9)    1 :  0.005 0.008 0.853 0.007 0.039 0.021 0.013 0.029 0.009 0.005 0.012 
 50 TMA-ZAIN-G-    (0)    1 :  0.009 0.047 0.867 0.003 0.004 0.005 0.010 0.008 0.019 0.005 0.022 
 51 TMA-ZAIN-G-    (0)    1 :  0.060 0.018 0.839 0.016 0.007 0.016 0.007 0.005 0.009 0.007 0.018 
 52 TMA-ZAIN-G-    (0)    1 :  0.015 0.008 0.771 0.032 0.003 0.117 0.006 0.011 0.006 0.008 0.023 
 53 TMA-ZAIN-G-    (0)    1 :  0.028 0.009 0.737 0.048 0.004 0.060 0.085 0.005 0.009 0.006 0.009 
 54 TMA-ZAIN-G-    (0)    1 :  0.010 0.009 0.007 0.939 0.003 0.004 0.004 0.005 0.005 0.004 0.009 
 55 TMA-ZAIN-G-    (0)    1 :  0.020 0.023 0.019 0.885 0.003 0.003 0.004 0.008 0.005 0.007 0.022 
 56 TMA-ZAIN-G-    (0)    1 :  0.042 0.255 0.032 0.075 0.028 0.421 0.007 0.029 0.040 0.007 0.063 
 57 TMA-ZAIN-G-    (0)    1 :  0.005 0.006 0.026 0.898 0.007 0.013 0.009 0.019 0.008 0.003 0.006 
 58 TMA-ZAIN-G-    (0)    1 :  0.010 0.021 0.433 0.043 0.006 0.011 0.047 0.014 0.006 0.122 0.287 
 59 TMA-ZAIN-G-    (0)    1 :  0.013 0.051 0.013 0.023 0.031 0.066 0.617 0.047 0.075 0.027 0.036 
 60 TMA-ZAIN-G-    (0)    1 :  0.148 0.018 0.145 0.020 0.009 0.044 0.500 0.010 0.011 0.008 0.086 
 61 TMA-ZAIN-G-    (0)    1 :  0.003 0.003 0.010 0.010 0.003 0.031 0.904 0.004 0.003 0.022 0.007 
 62 TMA-ZAIN-G-    (9)    1 :  0.007 0.035 0.022 0.013 0.009 0.003 0.732 0.057 0.024 0.023 0.076 
 63 TMA-ZAIN-G-    (0)    1 :  0.007 0.005 0.010 0.012 0.003 0.012 0.927 0.006 0.004 0.006 0.008 
 64 TMA-ZAIN-G-    (0)    1 :  0.005 0.006 0.002 0.003 0.959 0.004 0.002 0.005 0.008 0.002 0.003 
 65 TMA-ZAIN-G-    (9)    1 :  0.006 0.008 0.003 0.007 0.936 0.005 0.003 0.019 0.006 0.003 0.005 
 66 TMA-ZAIN-G-    (0)    1 :  0.005 0.009 0.003 0.004 0.929 0.005 0.003 0.015 0.021 0.003 0.004 
 67 TMA-ZAIN-G-    (0)    1 :  0.004 0.013 0.010 0.005 0.822 0.004 0.004 0.027 0.084 0.013 0.014 
 68 TMA-ZAIN-G-    (0)    1 :  0.006 0.007 0.003 0.005 0.959 0.004 0.002 0.004 0.004 0.002 0.003 
 69 TMA-ZAIN-G-    (0)    1 :  0.017 0.007 0.026 0.009 0.759 0.025 0.020 0.061 0.046 0.023 0.007 
 70 TMA-ZAIN-G-    (0)    1 :  0.006 0.007 0.004 0.003 0.020 0.004 0.003 0.021 0.923 0.004 0.005 
 71 TMA-ZAIN-G-    (0)    1 :  0.003 0.006 0.003 0.003 0.005 0.003 0.003 0.011 0.956 0.003 0.004 
 72 TMA-ZAIN-G-    (0)    1 :  0.009 0.015 0.005 0.009 0.015 0.005 0.003 0.019 0.907 0.004 0.009 
 73 TMA-ZAIN-G-    (0)    1 :  0.004 0.007 0.024 0.019 0.006 0.004 0.022 0.013 0.850 0.027 0.024 
 74 TMA-ZAIN-G-    (0)    1 :  0.004 0.007 0.011 0.007 0.007 0.003 0.007 0.017 0.922 0.007 0.007 
 75 TMA-ZAIN-G-    (0)    1 :  0.006 0.007 0.006 0.010 0.006 0.005 0.005 0.015 0.930 0.003 0.007 
 76 TMA-ZAIN-G-    (0)    1 :  0.003 0.004 0.015 0.004 0.006 0.003 0.005 0.012 0.920 0.022 0.006 
 77 TMA-ZAIN-G-    (0)    1 :  0.007 0.008 0.007 0.005 0.006 0.010 0.003 0.006 0.937 0.006 0.006 
 78 TMA-ZAIN-G-    (0)    1 :  0.006 0.007 0.020 0.009 0.005 0.011 0.006 0.016 0.892 0.018 0.009 
 79 TMA-ZAIN-G-    (0)    1 :  0.008 0.009 0.010 0.006 0.004 0.048 0.004 0.007 0.888 0.012 0.005 
 80 TMA-ZAIN-G-    (0)    1 :  0.005 0.028 0.005 0.013 0.029 0.007 0.003 0.149 0.750 0.006 0.006 
 81 TMA-ZAIN-G-    (0)    1 :  0.007 0.011 0.008 0.005 0.005 0.025 0.003 0.016 0.905 0.007 0.007 
 82 TMA-ZAIN-G-    (0)    1 :  0.007 0.012 0.006 0.021 0.254 0.010 0.007 0.186 0.486 0.003 0.008 
 83 TMA-ZAIN-G-    (9)    1 :  0.005 0.019 0.017 0.024 0.059 0.006 0.051 0.701 0.047 0.031 0.039 
 84 TMA-ZAIN-G-    (0)    1 :  0.006 0.008 0.010 0.004 0.005 0.009 0.003 0.015 0.916 0.017 0.006 
 85 TMA-ZAIN-G-    (0)    1 :  0.003 0.003 0.004 0.004 0.003 0.963 0.004 0.003 0.003 0.004 0.004 
 86 TMA-ZAIN-G-    (0)    1 :  0.003 0.007 0.004 0.005 0.005 0.949 0.003 0.008 0.006 0.005 0.005 
 87 TMA-ZAIN-G-    (0)    1 :  0.003 0.003 0.004 0.003 0.002 0.965 0.005 0.003 0.003 0.005 0.004 
 88 TMA-ZAIN-G-    (0)    1 :  0.018 0.017 0.009 0.069 0.045 0.435 0.211 0.134 0.044 0.010 0.007 
 89 TMA-ZAIN-G-    (0)    1 :  0.047 0.015 0.010 0.453 0.029 0.290 0.031 0.038 0.046 0.035 0.005 
 90 TMA-ZAIN-G-    (0)    1 :  0.004 0.004 0.009 0.042 0.017 0.859 0.020 0.029 0.006 0.004 0.006 
 91 TMA-ZAIN-G-    (0)    1 :  0.013 0.008 0.007 0.045 0.011 0.826 0.048 0.009 0.009 0.006 0.018 
 92 TMA-ZAIN-G-    (0)    1 :  0.012 0.010 0.037 0.322 0.006 0.526 0.008 0.007 0.010 0.036 0.026 
 93 TMA-ZAIN-G-    (0)    1 :  0.024 0.007 0.025 0.502 0.007 0.263 0.036 0.005 0.007 0.016 0.108 
 94 TMA-ZAIN-G-    (0)    1 :  0.006 0.004 0.009 0.048 0.005 0.784 0.113 0.004 0.004 0.008 0.014 
 95 TMA-ZAIN-G-    (0)    1 :  0.013 0.010 0.018 0.004 0.007 0.005 0.007 0.005 0.008 0.005 0.919 
 96 TMA-ZAIN-G-    (0)    1 :  0.018 0.033 0.042 0.005 0.004 0.009 0.005 0.010 0.004 0.006 0.864 
 97 TMA-ZAIN-G-    (0)    1 :  0.007 0.005 0.018 0.013 0.007 0.009 0.915 0.005 0.012 0.006 0.005 
 98 TMA-ZAIN-G-    (0)    1 :  0.006 0.004 0.005 0.011 0.005 0.007 0.941 0.004 0.011 0.004 0.003 
 99 TMA-ZAIN-G-    (0)    1 :  0.008 0.045 0.007 0.003 0.022 0.005 0.758 0.084 0.045 0.015 0.009 
100 TMA-ZAIN-G-    (0)    1 :  0.007 0.004 0.025 0.021 0.005 0.030 0.877 0.003 0.006 0.016 0.006 
101 TMA-ZAIN-G-    (0)    1 :  0.007 0.005 0.009 0.012 0.006 0.004 0.922 0.008 0.017 0.005 0.005 
102 TMA-ZAIN-G-    (0)    1 :  0.034 0.035 0.141 0.009 0.013 0.033 0.462 0.050 0.023 0.175 0.024 
103 TMA-ZAIN-G-    (0)    1 :  0.008 0.013 0.060 0.006 0.006 0.025 0.819 0.021 0.011 0.014 0.017 
104 TMA-ZAIN-G-    (0)    1 :  0.004 0.004 0.007 0.005 0.003 0.003 0.955 0.004 0.004 0.006 0.005 
105 TMA-ZAIN-G-    (0)    1 :  0.009 0.014 0.025 0.006 0.006 0.041 0.829 0.028 0.011 0.008 0.022 
106 TMA-ZAIN-G-    (0)    1 :  0.099 0.507 0.004 0.005 0.042 0.007 0.004 0.062 0.259 0.003 0.007 
107 TMA-ZAIN-G-    (0)    1 :  0.009 0.020 0.005 0.006 0.009 0.005 0.004 0.344 0.590 0.003 0.005 
108 TMA-ZAIN-G-    (9)    1 :  0.067 0.174 0.104 0.013 0.010 0.053 0.240 0.139 0.142 0.043 0.014 
109 TMA-ZAIN-G-    (0)    1 :  0.023 0.181 0.008 0.055 0.180 0.014 0.313 0.157 0.015 0.005 0.049 
110 TMA-ZAIN-G-    (0)    1 :  0.019 0.204 0.103 0.016 0.009 0.023 0.066 0.265 0.115 0.143 0.037 
111 TMA-ZAIN-G-    (9)    1 :  0.004 0.021 0.072 0.028 0.013 0.007 0.493 0.195 0.039 0.103 0.026 
112 TMA-ZAIN-G-    (0)    1 :  0.038 0.236 0.099 0.029 0.020 0.015 0.257 0.150 0.049 0.050 0.056 
113 TMA-ZAIN-G-    (0)    1 :  0.006 0.006 0.005 0.023 0.011 0.006 0.897 0.014 0.019 0.009 0.004 
114 TMA-ZAIN-G-    (0)    1 :  0.002 0.003 0.005 0.004 0.003 0.007 0.956 0.003 0.003 0.010 0.004 
115 TMA-ZAIN-G-    (0)    1 :  0.004 0.003 0.004 0.004 0.003 0.003 0.959 0.004 0.004 0.006 0.007 
116 TMA-ZAIN-G-    (0)    1 :  0.006 0.009 0.004 0.011 0.011 0.005 0.005 0.928 0.013 0.003 0.006 
117 TMA-ZAIN-G-    (0)    1 :  0.073 0.214 0.010 0.046 0.278 0.054 0.008 0.136 0.132 0.004 0.046 
118 TMA-ZAIN-G-    (0)    1 :  0.019 0.015 0.006 0.010 0.028 0.006 0.005 0.882 0.016 0.003 0.011 
119 TMA-ZAIN-G-    (0)    1 :  0.006 0.008 0.022 0.011 0.034 0.005 0.025 0.806 0.043 0.020 0.021 
120 TMA-ZAIN-G-    (0)    1 :  0.064 0.024 0.010 0.013 0.023 0.014 0.009 0.786 0.028 0.004 0.025 
121 TMA-ZAIN-G-    (0)    1 :  0.022 0.085 0.007 0.024 0.157 0.011 0.013 0.579 0.052 0.004 0.047 
122 TMA-ZAIN-G-    (0)    1 :  0.013 0.164 0.007 0.013 0.037 0.105 0.005 0.334 0.207 0.006 0.109 
123 TMA-ZAIN-G-    (0)    1 :  0.011 0.005 0.015 0.005 0.004 0.008 0.928 0.005 0.005 0.007 0.006 
124 TMA-ZAIN-G-    (0)    1 :  0.009 0.943 0.005 0.004 0.004 0.007 0.005 0.008 0.006 0.003 0.006 
125 TMA-ZAIN-G-    (0)    1 :  0.025 0.802 0.005 0.097 0.040 0.008 0.002 0.007 0.007 0.002 0.005 
126 TMA-ZAIN-G-    (0)    1 :  0.035 0.908 0.004 0.009 0.005 0.007 0.004 0.016 0.005 0.003 0.005 
127 TMA-ZAIN-G-    (0)    1 :  0.010 0.947 0.003 0.004 0.006 0.006 0.003 0.010 0.005 0.003 0.004 
128 TMA-ZAIN-G-    (0)    1 :  0.010 0.914 0.004 0.006 0.022 0.006 0.004 0.011 0.009 0.003 0.012 
129 TMA-ZAIN-G-    (0)    1 :  0.015 0.931 0.004 0.007 0.006 0.006 0.006 0.010 0.006 0.003 0.006 
130 TMA-ZAIN-G-    (0)    1 :  0.083 0.795 0.005 0.046 0.010 0.007 0.007 0.027 0.008 0.003 0.009 
131 TMA-ZAIN-G-    (0)    1 :  0.013 0.934 0.006 0.004 0.004 0.009 0.004 0.009 0.006 0.003 0.008 
132 TMA-ZAIN-G-    (0)    1 :  0.014 0.841 0.003 0.033 0.044 0.007 0.004 0.024 0.016 0.003 0.011 
133 TMA-ZAIN-G-    (0)    1 :  0.094 0.602 0.016 0.028 0.083 0.043 0.003 0.049 0.058 0.011 0.012 
134 TMA-ZAIN-G-    (0)    1 :  0.246 0.478 0.007 0.024 0.060 0.044 0.003 0.073 0.053 0.007 0.004 
135 TMA-ZAIN-G-    (0)    1 :  0.018 0.236 0.005 0.012 0.025 0.030 0.004 0.492 0.169 0.006 0.004 
136 TMA-ZAIN-G-    (0)    1 :  0.009 0.082 0.004 0.016 0.610 0.006 0.006 0.185 0.067 0.005 0.010 
137 TMA-ZAIN-G-    (0)    1 :  0.006 0.062 0.007 0.007 0.006 0.023 0.006 0.797 0.075 0.008 0.004 
138 TMA-ZAIN-G-    (0)    1 :  0.023 0.604 0.003 0.016 0.013 0.004 0.004 0.305 0.021 0.002 0.004 
139 TMA-ZAIN-G-    (0)    1 :  0.017 0.347 0.004 0.078 0.014 0.013 0.005 0.461 0.052 0.005 0.003 
140 TMA-ZAIN-G-    (0)    1 :  0.006 0.087 0.004 0.003 0.008 0.005 0.004 0.727 0.142 0.004 0.010 
141 TMA-ZAIN-G-    (0)    1 :  0.026 0.099 0.005 0.006 0.008 0.013 0.006 0.309 0.518 0.003 0.007 
142 TMA-ZAIN-G-    (9)    1 :  0.007 0.049 0.004 0.004 0.011 0.007 0.004 0.669 0.236 0.003 0.006 
143 TMA-ZAIN-G-    (0)    1 :  0.011 0.261 0.004 0.005 0.016 0.007 0.004 0.611 0.068 0.003 0.010 
144 TMA-ZAIN-G-    (0)    1 :  0.014 0.109 0.010 0.026 0.006 0.010 0.003 0.779 0.017 0.006 0.019 
145 TMA-ZAIN-G-    (0)    1 :  0.008 0.045 0.003 0.016 0.311 0.005 0.003 0.451 0.146 0.002 0.009 
146 TMA-ZAIN-G-    (0)    1 :  0.005 0.007 0.003 0.003 0.005 0.005 0.003 0.108 0.854 0.003 0.003 
147 TMA-ZAIN-G-    (9)    1 :  0.006 0.010 0.004 0.004 0.009 0.005 0.003 0.178 0.774 0.003 0.004 
148 TMA-ZAIN-G-    (0)    1 :  0.115 0.088 0.004 0.038 0.005 0.005 0.003 0.139 0.596 0.003 0.003 
149 TMA-ZAIN-G-    (0)    1 :  0.044 0.120 0.010 0.072 0.007 0.029 0.023 0.248 0.418 0.013 0.016 
150 TMA-ZAIN-G-    (0)    1 :  0.021 0.027 0.009 0.100 0.058 0.014 0.023 0.341 0.380 0.011 0.016 
151 TMA-ZAIN-G-    (0)    1 :  0.015 0.052 0.003 0.005 0.011 0.003 0.003 0.892 0.009 0.002 0.005 
152 TMA-ZAIN-G-    (0)    1 :  0.008 0.008 0.003 0.004 0.006 0.003 0.003 0.953 0.006 0.002 0.004 
153 TMA-ZAIN-G-    (0)    1 :  0.025 0.091 0.003 0.012 0.013 0.004 0.003 0.823 0.020 0.002 0.004 
154 TMA-ZAIN-G-    (0)    1 :  0.005 0.008 0.003 0.004 0.005 0.004 0.003 0.955 0.006 0.002 0.004 
155 TMA-ZAIN-G-    (0)    1 :  0.007 0.012 0.003 0.003 0.008 0.005 0.005 0.930 0.020 0.003 0.004 
156 TMA-ZAIN-G-    (9)    1 :  0.044 0.042 0.004 0.011 0.003 0.003 0.005 0.876 0.006 0.003 0.004 
157 TMA-ZAIN-G-    (0)    1 :  0.107 0.066 0.004 0.007 0.006 0.004 0.004 0.777 0.018 0.003 0.004 
158 TMA-ZAIN-G-    (0)    1 :  0.004 0.010 0.005 0.004 0.005 0.003 0.003 0.933 0.025 0.003 0.005 
159 TMA-ZAIN-G-    (0)    1 :  0.004 0.008 0.003 0.005 0.011 0.004 0.004 0.686 0.269 0.002 0.003 
160 TMA-ZAIN-G-    (0)    1 :  0.004 0.007 0.003 0.007 0.016 0.004 0.004 0.836 0.113 0.002 0.004 
161 TMA-ZAIN-G-    (0)    1 :  0.024 0.132 0.005 0.023 0.007 0.007 0.003 0.759 0.030 0.003 0.006 
162 TMA-ZAIN-G-    (0)    1 :  0.004 0.010 0.006 0.013 0.006 0.011 0.020 0.897 0.009 0.013 0.011 
163 TMA-ZAIN-G-    (0)    1 :  0.003 0.006 0.003 0.003 0.004 0.003 0.003 0.963 0.008 0.002 0.003 
164 TMA-ZAIN-G-    (0)    1 :  0.004 0.008 0.003 0.006 0.006 0.007 0.004 0.942 0.011 0.003 0.005 
165 TMA-ZAIN-G-    (0)    1 :  0.003 0.009 0.003 0.004 0.006 0.003 0.004 0.939 0.024 0.002 0.004 
166 TMA-ZAIN-G-    (0)    1 :  0.006 0.087 0.003 0.010 0.012 0.006 0.003 0.693 0.173 0.002 0.004 
167 TMA-ZAIN-G-    (0)    1 :  0.007 0.033 0.006 0.005 0.005 0.008 0.006 0.104 0.816 0.005 0.007 
168 TMA-ZAIN-G-    (0)    1 :  0.035 0.011 0.005 0.005 0.012 0.005 0.006 0.029 0.884 0.003 0.005 
169 TMA-ZAIN-G-    (0)    1 :  0.005 0.009 0.003 0.005 0.096 0.006 0.003 0.038 0.828 0.003 0.004 
170 TMA-ZAIN-G-    (0)    1 :  0.112 0.158 0.035 0.004 0.023 0.005 0.016 0.080 0.552 0.008 0.008 
171 TMA-ZAIN-G-    (0)    1 :  0.004 0.006 0.003 0.004 0.016 0.005 0.003 0.024 0.930 0.003 0.003 
172 TMA-ZAIN-G-    (0)    1 :  0.021 0.820 0.005 0.003 0.005 0.006 0.004 0.049 0.077 0.004 0.005 
173 TMA-ZAIN-G-    (0)    1 :  0.019 0.870 0.006 0.004 0.006 0.006 0.004 0.029 0.044 0.004 0.008 
174 TMA-ZAIN-G-    (0)    1 :  0.006 0.711 0.003 0.009 0.048 0.005 0.003 0.080 0.127 0.002 0.005 
175 TMA-ZAIN-G-    (0)    1 :  0.005 0.006 0.003 0.004 0.006 0.005 0.003 0.038 0.924 0.003 0.004 
176 TMA-ZAIN-G-    (0)    1 :  0.005 0.009 0.003 0.003 0.005 0.006 0.003 0.044 0.914 0.003 0.004 
177 TMA-ZAIN-G-    (0)    1 :  0.030 0.040 0.005 0.003 0.004 0.005 0.004 0.154 0.747 0.003 0.004 
178 TMA-ZAIN-G-    (0)    1 :  0.076 0.486 0.007 0.004 0.005 0.006 0.005 0.213 0.185 0.004 0.008 
179 TMA-ZAIN-G-    (0)    1 :  0.044 0.147 0.005 0.004 0.009 0.007 0.004 0.268 0.503 0.003 0.006 
180 TMA-ZAIN-G-    (0)    1 :  0.023 0.789 0.005 0.012 0.068 0.033 0.004 0.033 0.014 0.007 0.012 
181 TMA-ZAIN-G-    (0)    1 :  0.176 0.725 0.004 0.005 0.007 0.004 0.006 0.048 0.019 0.003 0.004 
182 TMA-ZAIN-G-    (0)    1 :  0.134 0.785 0.005 0.005 0.003 0.006 0.007 0.037 0.010 0.003 0.005 
183 TMA-ZAIN-G-    (0)    1 :  0.233 0.684 0.004 0.003 0.006 0.005 0.004 0.040 0.015 0.003 0.004 
184 TMA-ZAIN-G-    (0)    1 :  0.036 0.769 0.012 0.020 0.009 0.021 0.031 0.060 0.012 0.014 0.016 
185 TMA-ZAIN-G-    (0)    1 :  0.005 0.850 0.011 0.021 0.006 0.013 0.012 0.012 0.008 0.021 0.043 
186 TMA-ZAIN-G-    (9)    1 :  0.005 0.929 0.008 0.005 0.005 0.005 0.003 0.013 0.011 0.005 0.011 
187 TMA-ZAIN-G-    (0)    1 :  0.019 0.876 0.005 0.003 0.013 0.004 0.004 0.028 0.040 0.003 0.005 
188 TMA-ZAIN-G-    (0)    1 :  0.011 0.906 0.003 0.004 0.016 0.003 0.003 0.014 0.033 0.002 0.004 
189 TMA-ZAIN-G-    (0)    1 :  0.009 0.949 0.003 0.003 0.011 0.003 0.002 0.007 0.006 0.003 0.004 
190 TMA-ZAIN-G-    (0)    1 :  0.075 0.780 0.007 0.005 0.022 0.004 0.003 0.025 0.069 0.003 0.007 
191 TMA-ZAIN-G-    (0)    1 :  0.005 0.893 0.009 0.010 0.005 0.015 0.012 0.008 0.013 0.020 0.010 
192 TMA-ZAIN-G-    (0)    1 :  0.026 0.908 0.007 0.004 0.004 0.015 0.004 0.007 0.012 0.010 0.003 
193 TMA-ZAIN-G-    (0)    1 :  0.967 0.004 0.003 0.004 0.003 0.004 0.002 0.003 0.003 0.002 0.003 
194 TMA-ZAIN-G-    (0)    1 :  0.877 0.049 0.010 0.015 0.009 0.004 0.003 0.005 0.006 0.006 0.016 
195 TMA-ZAIN-G-    (0)    1 :  0.811 0.067 0.012 0.006 0.035 0.004 0.003 0.016 0.040 0.002 0.005 
196 TMA-ZAIN-G-    (0)    1 :  0.945 0.011 0.003 0.006 0.010 0.004 0.003 0.006 0.005 0.003 0.005 
197 TMA-ZAIN-G-    (0)    1 :  0.942 0.009 0.004 0.005 0.008 0.007 0.003 0.007 0.009 0.003 0.004 
198 TMA-ZAIN-G-    (0)    1 :  0.946 0.010 0.003 0.005 0.006 0.004 0.003 0.008 0.010 0.003 0.003 
199 TMA-ZAIN-G-    (0)    1 :  0.008 0.937 0.005 0.006 0.004 0.004 0.003 0.011 0.009 0.004 0.009 
200 TMA-ZAIN-G-    (0)    1 :  0.043 0.004 0.098 0.004 0.003 0.006 0.017 0.003 0.003 0.802 0.017 
201 TMA-ZAIN-G-    (0)    1 :  0.003 0.003 0.026 0.003 0.005 0.006 0.007 0.004 0.004 0.928 0.011 
202 TMA-ZAIN-G-    (0)    1 :  0.037 0.009 0.039 0.002 0.003 0.004 0.017 0.006 0.004 0.870 0.008 
203 TMA-ZAIN-G-    (0)    1 :  0.840 0.069 0.004 0.006 0.004 0.005 0.021 0.029 0.014 0.003 0.006 
204 TMA-ZAIN-G-    (9)    1 :  0.008 0.008 0.033 0.029 0.009 0.088 0.006 0.005 0.020 0.789 0.006 
205 TMA-ZAIN-G-    (0)    1 :  0.008 0.009 0.110 0.012 0.006 0.023 0.007 0.087 0.030 0.703 0.005 
206 TMA-ZAIN-G-    (9)    1 :  0.061 0.017 0.085 0.011 0.009 0.155 0.015 0.010 0.012 0.615 0.012 
207 TMA-ZAIN-G-    (9)    1 :  0.010 0.029 0.028 0.070 0.067 0.077 0.009 0.582 0.033 0.008 0.086 
208 TMA-ZAIN-G-    (0)    1 :  0.005 0.041 0.004 0.005 0.063 0.002 0.003 0.538 0.327 0.003 0.010 
209 TMA-ZAIN-G-    (0)    1 :  0.249 0.387 0.004 0.057 0.020 0.009 0.003 0.097 0.168 0.003 0.003 
210 TMA-ZAIN-G-    (0)    1 :  0.407 0.196 0.004 0.015 0.106 0.013 0.004 0.105 0.138 0.003 0.009 
211 TMA-ZAIN-G-    (0)    1 :  0.112 0.556 0.027 0.013 0.031 0.010 0.012 0.060 0.136 0.021 0.022 
212 TMA-ZAIN-G-    (0)    1 :  0.025 0.532 0.005 0.008 0.019 0.025 0.003 0.328 0.037 0.005 0.014 
213 TMA-ZAIN-G-    (0)    1 :  0.036 0.520 0.005 0.009 0.006 0.004 0.003 0.323 0.083 0.004 0.005 
214 TMA-ZAIN-G-    (0)    1 :  0.030 0.645 0.004 0.008 0.053 0.004 0.003 0.168 0.078 0.003 0.004 
215 TMA-ZAIN-G-    (0)    1 :  0.005 0.320 0.274 0.003 0.005 0.003 0.003 0.126 0.247 0.009 0.005 
216 TMA-ZAIN-G-    (0)    1 :  0.009 0.916 0.005 0.008 0.005 0.004 0.003 0.024 0.014 0.004 0.006 
217 TMA-ZAIN-G-    (0)    1 :  0.097 0.409 0.004 0.008 0.140 0.007 0.003 0.112 0.213 0.003 0.003 
218 TMA-ZAIN-G-    (0)    1 :  0.003 0.008 0.940 0.005 0.008 0.004 0.006 0.005 0.006 0.004 0.011 
219 TMA-ZAIN-G-    (0)    1 :  0.003 0.005 0.943 0.007 0.003 0.012 0.005 0.004 0.004 0.006 0.006 
220 TMA-ZAIN-G-    (0)    1 :  0.007 0.009 0.789 0.008 0.014 0.011 0.051 0.028 0.012 0.005 0.066 
221 TMA-ZAIN-G-    (0)    1 :  0.007 0.017 0.907 0.005 0.006 0.011 0.004 0.009 0.008 0.014 0.012 
222 TMA-ZAIN-G-    (0)    1 :  0.005 0.008 0.906 0.008 0.010 0.018 0.015 0.012 0.008 0.006 0.006 
223 TMA-ZAIN-G-    (0)    1 :  0.003 0.004 0.931 0.005 0.004 0.013 0.006 0.005 0.004 0.008 0.017 
224 TMA-ZAIN-G-    (0)    1 :  0.008 0.015 0.827 0.007 0.005 0.093 0.010 0.006 0.007 0.009 0.013 
225 TMA-ZAIN-G-    (0)    1 :  0.010 0.005 0.943 0.003 0.002 0.005 0.008 0.004 0.004 0.007 0.010 
226 TMA-ZAIN-G-    (0)    1 :  0.020 0.008 0.908 0.005 0.005 0.009 0.010 0.007 0.007 0.008 0.012 
227 TMA-ZAIN-G-    (0)    1 :  0.017 0.008 0.920 0.004 0.004 0.005 0.008 0.008 0.008 0.010 0.007 
228 TMA-ZAIN-G-    (0)    1 :  0.007 0.010 0.874 0.005 0.009 0.016 0.013 0.015 0.023 0.010 0.018 
229 TMA-ZAIN-G-    (0)    1 :  0.003 0.003 0.918 0.006 0.008 0.007 0.014 0.003 0.004 0.026 0.009 
230 TMA-ZAIN-G-    (0)    1 :  0.014 0.029 0.577 0.011 0.013 0.277 0.017 0.007 0.039 0.006 0.009 
231 TMA-ZAIN-G-    (0)    1 :  0.009 0.011 0.359 0.013 0.012 0.053 0.109 0.039 0.028 0.351 0.015 
232 TMA-ZAIN-G-    (9)    1 :  0.008 0.028 0.298 0.010 0.035 0.018 0.203 0.010 0.012 0.373 0.005 
233 TMA-ZAIN-G-    (0)    1 :  0.008 0.014 0.834 0.012 0.045 0.022 0.005 0.011 0.022 0.013 0.014 
234 TMA-ZAIN-G-    (0)    1 :  0.010 0.004 0.727 0.027 0.007 0.005 0.161 0.009 0.005 0.036 0.009 
235 TMA-ZAIN-G-    (0)    1 :  0.022 0.033 0.720 0.009 0.005 0.027 0.084 0.014 0.039 0.015 0.032 
236 TMA-ZAIN-G-    (0)    1 :  0.025 0.011 0.824 0.004 0.007 0.047 0.030 0.012 0.013 0.018 0.007 
237 TMA-ZAIN-G-    (0)    1 :  0.009 0.027 0.388 0.006 0.012 0.145 0.146 0.028 0.212 0.008 0.019 
238 TMA-ZAIN-G-    (0)    1 :  0.007 0.027 0.824 0.003 0.005 0.006 0.039 0.034 0.031 0.017 0.007 
239 TMA-ZAIN-G-    (0)    1 :  0.131 0.034 0.010 0.025 0.016 0.023 0.005 0.004 0.004 0.746 0.003 
240 TMA-ZAIN-G-    (0)    1 :  0.004 0.003 0.007 0.006 0.003 0.009 0.003 0.003 0.005 0.955 0.003 
241 TMA-ZAIN-G-    (0)    1 :  0.004 0.005 0.005 0.005 0.004 0.005 0.004 0.006 0.013 0.946 0.002 
242 TMA-ZAIN-G-    (0)    1 :  0.003 0.004 0.005 0.004 0.005 0.003 0.003 0.006 0.007 0.956 0.003 
243 TMA-ZAIN-G-    (0)    1 :  0.004 0.006 0.004 0.005 0.009 0.005 0.003 0.008 0.014 0.937 0.003 
244 TMA-ZAIN-G-    (0)    1 :  0.003 0.006 0.005 0.004 0.009 0.003 0.004 0.014 0.014 0.935 0.003 
245 TMA-ZAIN-G-    (9)    1 :  0.003 0.003 0.005 0.003 0.002 0.003 0.003 0.003 0.003 0.968 0.003 
246 TMA-ZAIN-G-    (0)    1 :  0.003 0.003 0.005 0.003 0.003 0.005 0.003 0.003 0.003 0.966 0.004 
247 TMA-ZAIN-G-    (0)    1 :  0.002 0.005 0.003 0.004 0.005 0.004 0.002 0.004 0.004 0.961 0.005 
248 TMA-ZAIN-G-    (0)    1 :  0.010 0.007 0.007 0.004 0.005 0.004 0.004 0.006 0.006 0.941 0.004 
249 TMA-ZAIN-G-    (0)    1 :  0.007 0.005 0.007 0.003 0.003 0.004 0.003 0.003 0.003 0.956 0.005 
250 TMA-ZAIN-G-    (0)    1 :  0.004 0.004 0.006 0.003 0.006 0.005 0.003 0.003 0.003 0.959 0.005 
251 TMA-ZAIN-G-    (0)    1 :  0.005 0.005 0.004 0.952 0.004 0.009 0.006 0.004 0.003 0.003 0.005 
252 TMA-ZAIN-G-    (0)    1 :  0.005 0.008 0.007 0.875 0.029 0.004 0.004 0.027 0.036 0.003 0.003 
253 TMA-ZAIN-G-    (0)    1 :  0.005 0.004 0.003 0.955 0.005 0.004 0.005 0.008 0.004 0.004 0.003 
254 TMA-ZAIN-G-    (9)    1 :  0.006 0.008 0.004 0.919 0.010 0.006 0.006 0.024 0.009 0.003 0.006 
255 TMA-ZAIN-G-    (0)    1 :  0.004 0.004 0.004 0.940 0.006 0.004 0.008 0.006 0.004 0.016 0.003 
256 TMA-ZAIN-G-    (0)    1 :  0.026 0.008 0.007 0.898 0.005 0.019 0.007 0.008 0.007 0.010 0.004 
257 TMA-ZAIN-G-    (0)    1 :  0.013 0.004 0.005 0.945 0.003 0.013 0.004 0.003 0.004 0.005 0.003 
258 TMA-ZAIN-G-    (0)    1 :  0.004 0.003 0.003 0.965 0.004 0.006 0.003 0.003 0.003 0.003 0.003 
259 TMA-ZAIN-G-    (0)    1 :  0.005 0.004 0.004 0.941 0.005 0.020 0.003 0.003 0.004 0.006 0.005 
260 TMA-ZAIN-G-    (0)    1 :  0.007 0.004 0.004 0.942 0.009 0.014 0.003 0.003 0.004 0.005 0.005 
261 TMA-ZAIN-G-   (18)    1 :  0.009 0.006 0.005 0.915 0.009 0.024 0.005 0.006 0.004 0.004 0.013 
262 TMA-ZAIN-G-    (0)    1 :  0.005 0.003 0.004 0.960 0.003 0.008 0.004 0.003 0.003 0.003 0.003 
263 TMA-ZAIN-G-    (0)    1 :  0.004 0.003 0.004 0.957 0.003 0.008 0.005 0.004 0.003 0.004 0.004 
264 TMA-ZAIN-G-    (0)    1 :  0.006 0.003 0.004 0.952 0.004 0.008 0.008 0.005 0.004 0.003 0.004 
265 TMA-ZAIN-G-    (0)    1 :  0.013 0.024 0.250 0.147 0.027 0.447 0.011 0.024 0.021 0.011 0.026 
266 TMA-ZAIN-G-    (0)    1 :  0.055 0.096 0.013 0.642 0.021 0.019 0.012 0.038 0.017 0.009 0.078 
267 TMA-ZAIN-G-    (0)    1 :  0.008 0.011 0.020 0.167 0.015 0.260 0.027 0.009 0.023 0.317 0.143 
268 TMA-ZAIN-G-    (0)    1 :  0.003 0.004 0.005 0.005 0.004 0.008 0.066 0.004 0.004 0.887 0.009 
269 TMA-ZAIN-G-    (0)    1 :  0.004 0.006 0.025 0.005 0.004 0.072 0.248 0.006 0.007 0.600 0.023 
270 TMA-ZAIN-G-    (0)    1 :  0.004 0.005 0.018 0.006 0.004 0.154 0.068 0.005 0.006 0.718 0.014 
271 TMA-ZAIN-G-    (0)    1 :  0.003 0.004 0.007 0.005 0.003 0.023 0.035 0.006 0.005 0.900 0.010 
272 TMA-ZAIN-G-    (0)    1 :  0.004 0.005 0.060 0.004 0.003 0.029 0.029 0.005 0.005 0.835 0.022 
273 TMA-ZAIN-G-    (0)    1 :  0.003 0.003 0.032 0.004 0.002 0.009 0.017 0.002 0.003 0.917 0.007 
274 TMA-ZAIN-G-    (0)    1 :  0.050 0.024 0.017 0.010 0.009 0.009 0.029 0.009 0.016 0.809 0.019 
275 TMA-ZAIN-G-    (0)    1 :  0.003 0.004 0.009 0.002 0.002 0.003 0.006 0.004 0.003 0.958 0.006 
276 TMA-ZAIN-G-    (0)    1 :  0.003 0.003 0.005 0.003 0.003 0.006 0.008 0.004 0.004 0.959 0.003 
277 TMA-ZAIN-G-    (0)    1 :  0.005 0.003 0.006 0.006 0.004 0.004 0.008 0.004 0.005 0.950 0.005 
278 TMA-ZAIN-G-    (0)    1 :  0.003 0.003 0.006 0.004 0.003 0.009 0.005 0.003 0.003 0.955 0.005 
279 TMA-ZAIN-G-    (0)    1 :  0.006 0.006 0.017 0.004 0.003 0.004 0.010 0.004 0.004 0.926 0.015 
280 TMA-ZAIN-G-    (0)    1 :  0.009 0.010 0.120 0.004 0.002 0.006 0.098 0.006 0.005 0.726 0.015 
281 TMA-ZAIN-G-    (0)    1 :  0.006 0.005 0.015 0.004 0.003 0.008 0.038 0.004 0.004 0.905 0.009 
282 TMA-ZAIN-G-    (9)    1 :  0.003 0.003 0.006 0.005 0.003 0.006 0.014 0.003 0.003 0.947 0.007 
283 TMA-ZAIN-G-    (0)    1 :  0.004 0.010 0.055 0.109 0.006 0.031 0.075 0.016 0.011 0.614 0.070 
284 TMA-ZAIN-G-    (0)    1 :  0.006 0.013 0.112 0.124 0.004 0.047 0.153 0.018 0.009 0.442 0.072 
285 TMA-ZAIN-G-    (0)    1 :  0.012 0.021 0.018 0.032 0.023 0.007 0.029 0.016 0.021 0.795 0.027 
286 TMA-ZAIN-G-    (0)    1 :  0.003 0.003 0.008 0.008 0.003 0.011 0.038 0.003 0.003 0.906 0.013 
287 TMA-ZAIN-G-    (0)    1 :  0.014 0.011 0.007 0.006 0.009 0.006 0.024 0.005 0.011 0.890 0.016 
288 TMA-ZAIN-G-    (0)    1 :  0.055 0.035 0.051 0.014 0.009 0.010 0.083 0.014 0.022 0.522 0.186 
289 TMA-ZAIN-G-    (0)    1 :  0.028 0.017 0.014 0.010 0.014 0.011 0.020 0.009 0.018 0.833 0.027 
290 TMA-ZAIN-G-    (0)    1 :  0.010 0.012 0.032 0.009 0.003 0.008 0.393 0.010 0.007 0.439 0.078 
291 TMA-ZAIN-G-    (0)    1 :  0.005 0.005 0.904 0.008 0.004 0.008 0.011 0.005 0.004 0.011 0.036 
292 TMA-ZAIN-G-    (0)    1 :  0.026 0.106 0.022 0.004 0.006 0.009 0.009 0.162 0.635 0.011 0.009 
293 TMA-ZAIN-G-    (0)    1 :  0.033 0.122 0.012 0.013 0.033 0.055 0.004 0.323 0.378 0.009 0.017 
294 TMA-ZAIN-G-    (0)    1 :  0.004 0.013 0.004 0.004 0.011 0.013 0.003 0.072 0.866 0.004 0.006 
295 TMA-ZAIN-G-    (9)    1 :  0.006 0.017 0.007 0.005 0.012 0.015 0.004 0.100 0.813 0.007 0.015 
296 TMA-ZAIN-G-    (0)    1 :  0.049 0.063 0.012 0.008 0.006 0.040 0.012 0.346 0.443 0.006 0.015 
297 TMA-ZAIN-G-    (0)    1 :  0.116 0.071 0.008 0.024 0.025 0.021 0.005 0.620 0.091 0.007 0.012 
298 TMA-ZAIN-G-    (0)    1 :  0.004 0.011 0.010 0.013 0.012 0.151 0.009 0.065 0.704 0.012 0.009 
299 TMA-ZAIN-G-    (0)    1 :  0.004 0.005 0.005 0.003 0.007 0.003 0.004 0.011 0.950 0.005 0.003 
300 TMA-ZAIN-G-    (0)    1 :  0.008 0.029 0.006 0.006 0.033 0.009 0.003 0.023 0.868 0.005 0.011 
301 TMA-ZAIN-G-    (0)    1 :  0.037 0.075 0.008 0.005 0.027 0.013 0.005 0.051 0.764 0.006 0.008 
302 TMA-ZAIN-G-    (9)    1 :  0.019 0.058 0.005 0.006 0.008 0.014 0.004 0.196 0.682 0.003 0.006 
303 TMA-ZAIN-G-    (0)    1 :  0.057 0.017 0.860 0.021 0.002 0.007 0.010 0.004 0.003 0.005 0.012 
304 TMA-ZAIN-G-    (0)    2 :  0.044 0.115 0.006 0.522 0.144 0.015 0.016 0.090 0.022 0.008 0.016 
305 TMA-ZAIN-G-    (0)    2 :  0.015 0.070 0.005 0.007 0.019 0.023 0.004 0.388 0.457 0.004 0.008 
306 TMA-ZAIN-G-    (0)    2 :  0.022 0.052 0.010 0.394 0.017 0.008 0.099 0.170 0.193 0.024 0.012 
307 TMA-ZAIN-G-    (0)    2 :  0.017 0.120 0.005 0.363 0.323 0.014 0.010 0.102 0.021 0.013 0.013 
308 TMA-ZAIN-G-    (0)    2 :  0.015 0.007 0.098 0.718 0.011 0.015 0.028 0.004 0.005 0.015 0.085 
309 TMA-ZAIN-G-    (0)    2 :  0.019 0.920 0.004 0.003 0.006 0.006 0.003 0.014 0.017 0.003 0.005 
310 TMA-ZAIN-G-    (0)    2 :  0.004 0.066 0.012 0.009 0.011 0.055 0.006 0.172 0.629 0.025 0.013 
311 TMA-ZAIN-G-    (0)    2 :  0.016 0.098 0.020 0.027 0.007 0.107 0.033 0.515 0.145 0.007 0.023 
312 TMA-ZAIN-G-    (0)    2 :  0.021 0.824 0.013 0.009 0.009 0.006 0.005 0.042 0.035 0.004 0.031 
313 TMA-ZAIN-G-    (0)    2 :  0.020 0.085 0.005 0.536 0.036 0.027 0.010 0.077 0.188 0.005 0.011 
314 TMA-ZAIN-G-    (0)    2 :  0.010 0.022 0.038 0.013 0.007 0.016 0.242 0.007 0.007 0.258 0.381 
315 TMA-ZAIN-G-    (0)    2 :  0.007 0.067 0.022 0.014 0.037 0.031 0.007 0.082 0.326 0.373 0.033 
316 TMA-ZAIN-G-    (0)    2 :  0.006 0.050 0.045 0.015 0.053 0.024 0.010 0.098 0.261 0.392 0.046 
317 TMA-ZAIN-G-    (0)    2 :  0.010 0.006 0.715 0.016 0.005 0.011 0.054 0.007 0.022 0.029 0.126 
318 TMA-ZAIN-G-    (9)    2 :  0.010 0.006 0.097 0.031 0.010 0.030 0.319 0.006 0.015 0.419 0.057 
319 TMA-ZAIN-G-    (0)    3 :  0.428 0.009 0.392 0.006 0.003 0.023 0.014 0.004 0.005 0.089 0.026 
320 TMA-ZAIN-G-    (0)    3 :  0.009 0.048 0.427 0.004 0.020 0.010 0.005 0.080 0.383 0.006 0.007 
321 TMA-ZAIN-G-    (0)    4 :  0.007 0.330 0.015 0.007 0.017 0.018 0.027 0.096 0.068 0.045 0.371 
322 TMA-ZAIN-G-    (0)    4 :  0.008 0.140 0.180 0.070 0.044 0.026 0.057 0.169 0.075 0.008 0.222 
323 TMA-ZAIN-G-    (0)    5 :  0.061 0.033 0.822 0.009 0.025 0.007 0.007 0.010 0.007 0.010 0.008 
324 TMA-ZAIN-G-    (0)    5 :  0.032 0.017 0.007 0.016 0.011 0.019 0.006 0.864 0.009 0.004 0.015 
325 TMA-ZAIN-G-    (0)    5 :  0.006 0.016 0.888 0.006 0.007 0.011 0.004 0.012 0.010 0.021 0.018 
326 TMA-ZAIN-G-    (0)    5 :  0.347 0.023 0.571 0.019 0.006 0.005 0.002 0.010 0.005 0.003 0.009 
327 TMA-ZAIN-G-    (0)    5 :  0.872 0.046 0.004 0.012 0.029 0.009 0.003 0.007 0.008 0.003 0.007 
328 TMA-ZAIN-G-    (0)    5 :  0.074 0.069 0.228 0.018 0.210 0.015 0.207 0.031 0.011 0.075 0.061 
329 TMA-ZAIN-G-    (0)    5 :  0.048 0.320 0.009 0.018 0.117 0.085 0.004 0.048 0.332 0.006 0.013 
330 TMA-ZAIN-G-    (0)    6 :  0.018 0.773 0.005 0.029 0.059 0.013 0.003 0.022 0.058 0.003 0.017 
331 TMA-ZAIN-G-    (0)    6 :  0.008 0.546 0.016 0.015 0.005 0.288 0.008 0.017 0.071 0.017 0.009 
332 TMA-ZAIN-G-    (0)    6 :  0.294 0.619 0.003 0.005 0.009 0.004 0.002 0.042 0.012 0.002 0.007 
333 TMA-ZAIN-G-    (0)    6 :  0.963 0.009 0.003 0.004 0.004 0.003 0.003 0.003 0.004 0.002 0.003 
334 TMA-ZAIN-G-    (0)    6 :  0.003 0.003 0.011 0.005 0.003 0.015 0.013 0.004 0.004 0.929 0.010 
335 TMA-ZAIN-G-    (0)    6 :  0.003 0.004 0.005 0.003 0.006 0.010 0.003 0.005 0.005 0.949 0.006 
336 TMA-ZAIN-G-    (0)    6 :  0.006 0.007 0.012 0.007 0.006 0.080 0.012 0.007 0.010 0.826 0.027 
337 TMA-ZAIN-G-    (9)    6 :  0.003 0.006 0.025 0.006 0.004 0.014 0.088 0.007 0.007 0.800 0.040 
338 TMA-ZAIN-G-    (0)    6 :  0.003 0.003 0.008 0.006 0.003 0.008 0.034 0.004 0.004 0.917 0.009 
339 TMA-ZAIN-G-    (0)    6 :  0.002 0.002 0.006 0.003 0.002 0.004 0.016 0.002 0.002 0.956 0.003 
