

----------------------------------------------------
STRUCTURE by Pritchard, Stephens and Donnelly (2000)
     and Falush, Stephens and Pritchard (2003)
       Code by Pritchard, Falush and Hubisz
             Version 2.3.4 (Jul 2012)
----------------------------------------------------



Command line arguments:   bin\structure -m C:\Users\eschumacher\Documents\GitHub\GCC_QUAC_ZAIN\Data_Files\Structure_Files\ZAIN\ZAIN_rebinned_allpop_str\50-50\mainparams -e C:\Users\eschumacher\Documents\GitHub\GCC_QUAC_ZAIN\Data_Files\Structure_Files\ZAIN\ZAIN_rebinned_allpop_str\50-50\extraparams 
Input File:    C:\Users\eschumacher\Documents\GitHub\GCC_QUAC_ZAIN\Data_Files\Structure_Files\ZAIN\ZAIN_rebinned_allpop_str\project_data

Run parameters:
   1133 individuals
   11 loci
   15 populations assumed
   50000 Burn-in period
   50000 Reps


--------------------------------------------
Proportion of membership of each pre-defined
 population in each of the 15 clusters

Given    Inferred Clusters                                                                                           Number of
 Pop       1      2      3      4      5      6      7      8      9     10     11     12     13     14     15      Individuals

  1:     0.070  0.047  0.093  0.037  0.026  0.073  0.103  0.081  0.079  0.054  0.093  0.036  0.130  0.041  0.036      303
  2:     0.066  0.015  0.137  0.035  0.032  0.151  0.145  0.027  0.065  0.036  0.048  0.027  0.065  0.022  0.128       15
  3:     0.019  0.222  0.026  0.010  0.013  0.005  0.094  0.371  0.103  0.012  0.024  0.008  0.045  0.019  0.030        2
  4:     0.093  0.006  0.173  0.019  0.214  0.024  0.106  0.039  0.019  0.015  0.073  0.047  0.015  0.017  0.140        2
  5:     0.054  0.183  0.062  0.044  0.017  0.014  0.055  0.327  0.046  0.007  0.079  0.025  0.010  0.020  0.058        7
  6:     0.073  0.080  0.114  0.005  0.011  0.005  0.008  0.009  0.008  0.014  0.006  0.018  0.599  0.040  0.009       13
  7:     0.007  0.005  0.006  0.004  0.011  0.004  0.006  0.015  0.004  0.014  0.005  0.023  0.873  0.010  0.014       13
  8:     0.156  0.054  0.050  0.071  0.017  0.009  0.051  0.018  0.046  0.008  0.460  0.012  0.013  0.027  0.008        7
  9:     0.091  0.052  0.265  0.024  0.022  0.008  0.264  0.011  0.061  0.045  0.078  0.006  0.013  0.020  0.040       11
 10:     0.088  0.016  0.060  0.019  0.065  0.014  0.062  0.074  0.080  0.025  0.368  0.047  0.011  0.014  0.057        9
 11:     0.006  0.004  0.006  0.005  0.009  0.005  0.007  0.012  0.006  0.882  0.008  0.011  0.017  0.009  0.013       35
 12:     0.108  0.014  0.113  0.023  0.008  0.014  0.308  0.006  0.167  0.006  0.200  0.006  0.004  0.016  0.008       36
 13:     0.026  0.022  0.066  0.032  0.014  0.009  0.514  0.006  0.147  0.004  0.131  0.007  0.005  0.009  0.007       33
 14:     0.012  0.010  0.006  0.011  0.008  0.835  0.015  0.006  0.008  0.006  0.009  0.011  0.017  0.038  0.008       40
 15:     0.018  0.898  0.021  0.007  0.006  0.006  0.008  0.004  0.007  0.004  0.007  0.004  0.003  0.006  0.004       39
 16:     0.013  0.011  0.015  0.012  0.053  0.014  0.022  0.053  0.015  0.051  0.022  0.022  0.032  0.013  0.653       40
 17:     0.011  0.010  0.009  0.016  0.047  0.019  0.013  0.561  0.012  0.021  0.009  0.057  0.073  0.044  0.098       37
 18:     0.045  0.012  0.059  0.020  0.006  0.006  0.178  0.004  0.038  0.005  0.607  0.005  0.003  0.008  0.004       40
 19:     0.006  0.013  0.006  0.003  0.008  0.005  0.006  0.008  0.004  0.785  0.005  0.094  0.007  0.041  0.010       28
 20:     0.007  0.005  0.005  0.006  0.005  0.015  0.007  0.004  0.005  0.004  0.004  0.004  0.005  0.920  0.004       14
 21:     0.008  0.035  0.012  0.005  0.008  0.007  0.014  0.058  0.008  0.008  0.006  0.011  0.791  0.021  0.009       13
 22:     0.910  0.016  0.015  0.005  0.005  0.008  0.007  0.003  0.005  0.003  0.008  0.004  0.002  0.005  0.003       14
 23:     0.039  0.008  0.013  0.022  0.006  0.006  0.112  0.004  0.749  0.003  0.018  0.005  0.004  0.007  0.004       25
 24:     0.009  0.006  0.008  0.894  0.006  0.008  0.013  0.005  0.011  0.006  0.012  0.006  0.005  0.005  0.007       40
 25:     0.085  0.018  0.031  0.009  0.017  0.648  0.026  0.011  0.016  0.033  0.024  0.014  0.009  0.033  0.025       32
 26:     0.004  0.004  0.005  0.006  0.004  0.005  0.006  0.006  0.006  0.004  0.004  0.003  0.934  0.005  0.004       20
 27:     0.017  0.005  0.007  0.005  0.154  0.006  0.008  0.042  0.007  0.547  0.016  0.025  0.007  0.015  0.138        4
 28:     0.011  0.005  0.010  0.009  0.014  0.008  0.021  0.008  0.013  0.227  0.071  0.382  0.018  0.011  0.190       23
 29:     0.005  0.004  0.004  0.004  0.007  0.006  0.005  0.007  0.004  0.012  0.005  0.916  0.006  0.005  0.008       39
 30:     0.006  0.004  0.005  0.005  0.010  0.006  0.007  0.009  0.006  0.039  0.007  0.045  0.813  0.024  0.013       38
 31:     0.091  0.152  0.553  0.047  0.013  0.009  0.053  0.006  0.023  0.004  0.027  0.004  0.004  0.007  0.006       45
 32:     0.102  0.135  0.300  0.021  0.008  0.012  0.180  0.011  0.102  0.005  0.089  0.005  0.007  0.018  0.006       28
 33:     0.008  0.007  0.005  0.005  0.006  0.007  0.011  0.019  0.005  0.440  0.007  0.412  0.008  0.005  0.057        6
 34:     0.009  0.009  0.010  0.012  0.851  0.006  0.007  0.020  0.006  0.015  0.006  0.017  0.007  0.011  0.015       40
 35:     0.011  0.009  0.018  0.011  0.021  0.009  0.009  0.737  0.008  0.017  0.006  0.012  0.053  0.017  0.061       42
--------------------------------------------

Allele-freq. divergence among pops (Net nucleotide distance),
computed using point estimates of P.

      1       2       3       4       5       6       7       8       9      10      11      12      13      14      15      
 1      -    0.1685  0.0481  0.1417  0.1375  0.1806  0.0766  0.1830  0.1229  0.2609  0.0879  0.2611  0.3444  0.1769  0.1404  
 2   0.1685     -    0.1426  0.2855  0.2381  0.2047  0.2394  0.1932  0.2482  0.3064  0.2989  0.3042  0.3760  0.2450  0.2302  
 3   0.0481  0.1426     -    0.1409  0.1422  0.2234  0.0617  0.1622  0.1061  0.2766  0.0889  0.2906  0.2965  0.2033  0.1437  
 4   0.1417  0.2855  0.1409     -    0.1901  0.2272  0.1299  0.2913  0.1214  0.3769  0.1552  0.3914  0.3828  0.2867  0.2111  
 5   0.1375  0.2381  0.1422  0.1901     -    0.2038  0.1658  0.1148  0.2104  0.2317  0.2209  0.1990  0.2605  0.1800  0.1130  
 6   0.1806  0.2047  0.2234  0.2272  0.2038     -    0.2505  0.1824  0.2448  0.2237  0.2795  0.1941  0.2895  0.2123  0.1239  
 7   0.0766  0.2394  0.0617  0.1299  0.1658  0.2505     -    0.2002  0.0538  0.2635  0.0484  0.2797  0.2990  0.1881  0.1537  
 8   0.1830  0.1932  0.1622  0.2913  0.1148  0.1824  0.2002     -    0.2023  0.1393  0.2556  0.1250  0.1213  0.1519  0.0616  
 9   0.1229  0.2482  0.1061  0.1214  0.2104  0.2448  0.0538  0.2023     -    0.2759  0.0937  0.3018  0.3080  0.2115  0.1603  
10   0.2609  0.3064  0.2766  0.3769  0.2317  0.2237  0.2635  0.1393  0.2759     -    0.2772  0.0950  0.1765  0.2484  0.0851  
11   0.0879  0.2989  0.0889  0.1552  0.2209  0.2795  0.0484  0.2556  0.0937  0.2772     -    0.2981  0.3764  0.2721  0.1663  
12   0.2611  0.3042  0.2906  0.3914  0.1990  0.1941  0.2797  0.1250  0.3018  0.0950  0.2981     -    0.2079  0.2571  0.0987  
13   0.3444  0.3760  0.2965  0.3828  0.2605  0.2895  0.2990  0.1213  0.3080  0.1765  0.3764  0.2079     -    0.2458  0.1397  
14   0.1769  0.2450  0.2033  0.2867  0.1800  0.2123  0.1881  0.1519  0.2115  0.2484  0.2721  0.2571  0.2458     -    0.1672  
15   0.1404  0.2302  0.1437  0.2111  0.1130  0.1239  0.1537  0.0616  0.1603  0.0851  0.1663  0.0987  0.1397  0.1672     -    

Average distances (expected heterozygosity) between individuals in same cluster:
cluster  1  : 0.3750 
cluster  2  : 0.2413 
cluster  3  : 0.4399 
cluster  4  : 0.3491 
cluster  5  : 0.3789 
cluster  6  : 0.3696 
cluster  7  : 0.3718 
cluster  8  : 0.5173 
cluster  9  : 0.3900 
cluster 10  : 0.4797 
cluster 11  : 0.3308 
cluster 12  : 0.3241 
cluster 13  : 0.4007 
cluster 14  : 0.2471 
cluster 15  : 0.6198 

--------------------------------------------
Estimated Ln Prob of Data   = -20537.2
Mean value of ln likelihood = -19613.4
Variance of ln likelihood   = 1847.6
Mean value of alpha         = 0.0340

Mean value of Fst_1         = 0.4884
Mean value of Fst_2         = 0.6055
Mean value of Fst_3         = 0.3379
Mean value of Fst_4         = 0.4544
Mean value of Fst_5         = 0.4239
Mean value of Fst_6         = 0.4584
Mean value of Fst_7         = 0.3740
Mean value of Fst_8         = 0.1785
Mean value of Fst_9         = 0.3884
Mean value of Fst_10         = 0.4378
Mean value of Fst_11         = 0.4411
Mean value of Fst_12         = 0.5255
Mean value of Fst_13         = 0.4442
Mean value of Fst_14         = 0.6350
Mean value of Fst_15         = 0.1346


Inferred ancestry of individuals:
        Label (%Miss) Pop:  Inferred clusters
  1 TMA-ZAIN-G-    (9)    1 :  0.015 0.049 0.040 0.008 0.016 0.011 0.011 0.022 0.006 0.499 0.013 0.031 0.006 0.007 0.266 
  2 TMA-ZAIN-G-    (0)    1 :  0.005 0.007 0.007 0.004 0.004 0.013 0.009 0.006 0.058 0.216 0.009 0.013 0.005 0.012 0.633 
  3 TMA-ZAIN-G-    (0)    1 :  0.323 0.031 0.094 0.124 0.036 0.009 0.094 0.006 0.022 0.006 0.232 0.006 0.003 0.008 0.006 
  4 TMA-ZAIN-G-    (0)    1 :  0.019 0.017 0.009 0.064 0.006 0.017 0.087 0.004 0.021 0.005 0.141 0.009 0.004 0.590 0.006 
  5 TMA-ZAIN-G-    (0)    1 :  0.003 0.002 0.002 0.002 0.004 0.006 0.003 0.003 0.002 0.935 0.003 0.009 0.005 0.004 0.016 
  6 TMA-ZAIN-G-    (0)    1 :  0.169 0.013 0.032 0.070 0.400 0.018 0.060 0.022 0.017 0.039 0.039 0.015 0.025 0.038 0.043 
  7 TMA-ZAIN-G-    (0)    1 :  0.352 0.028 0.042 0.009 0.016 0.012 0.325 0.009 0.024 0.009 0.046 0.012 0.006 0.101 0.009 
  8 TMA-ZAIN-G-    (0)    1 :  0.914 0.004 0.007 0.008 0.005 0.008 0.009 0.003 0.008 0.004 0.015 0.004 0.002 0.004 0.004 
  9 TMA-ZAIN-G-    (9)    1 :  0.033 0.008 0.261 0.033 0.033 0.005 0.348 0.006 0.110 0.006 0.115 0.006 0.005 0.007 0.025 
 10 TMA-ZAIN-G-    (0)    1 :  0.115 0.012 0.246 0.037 0.042 0.009 0.407 0.005 0.048 0.003 0.052 0.004 0.004 0.010 0.006 
 11 TMA-ZAIN-G-    (0)    1 :  0.011 0.008 0.107 0.004 0.005 0.005 0.803 0.007 0.012 0.005 0.007 0.005 0.004 0.012 0.005 
 12 TMA-ZAIN-G-    (0)    1 :  0.017 0.026 0.040 0.005 0.008 0.005 0.073 0.005 0.008 0.006 0.787 0.005 0.003 0.005 0.007 
 13 TMA-ZAIN-G-    (9)    1 :  0.053 0.120 0.211 0.016 0.012 0.016 0.115 0.027 0.233 0.036 0.040 0.033 0.052 0.013 0.024 
 14 TMA-ZAIN-G-    (9)    1 :  0.009 0.813 0.063 0.007 0.013 0.009 0.022 0.010 0.018 0.003 0.009 0.003 0.012 0.005 0.005 
 15 TMA-ZAIN-G-    (0)    1 :  0.018 0.724 0.161 0.009 0.007 0.006 0.008 0.006 0.006 0.003 0.008 0.003 0.002 0.003 0.036 
 16 TMA-ZAIN-G-    (0)    1 :  0.010 0.006 0.024 0.005 0.008 0.003 0.446 0.006 0.016 0.003 0.457 0.004 0.004 0.005 0.004 
 17 TMA-ZAIN-G-    (9)    1 :  0.090 0.014 0.689 0.006 0.014 0.017 0.006 0.012 0.005 0.008 0.011 0.005 0.008 0.100 0.014 
 18 TMA-ZAIN-G-    (0)    1 :  0.009 0.007 0.006 0.005 0.014 0.035 0.004 0.063 0.004 0.021 0.011 0.513 0.007 0.014 0.287 
 19 TMA-ZAIN-G-    (0)    1 :  0.058 0.011 0.024 0.005 0.204 0.004 0.020 0.541 0.008 0.009 0.021 0.020 0.019 0.040 0.015 
 20 TMA-ZAIN-G-    (0)    1 :  0.004 0.004 0.003 0.005 0.007 0.037 0.004 0.713 0.005 0.030 0.003 0.046 0.060 0.006 0.073 
 21 TMA-ZAIN-G-    (0)    1 :  0.004 0.002 0.004 0.005 0.005 0.005 0.005 0.004 0.003 0.003 0.004 0.002 0.947 0.004 0.003 
 22 TMA-ZAIN-G-    (0)    1 :  0.004 0.003 0.003 0.002 0.010 0.007 0.003 0.013 0.003 0.046 0.003 0.085 0.800 0.009 0.011 
 23 TMA-ZAIN-G-    (0)    1 :  0.010 0.007 0.007 0.004 0.025 0.004 0.007 0.038 0.005 0.012 0.006 0.046 0.797 0.010 0.023 
 24 TMA-ZAIN-G-    (9)    1 :  0.003 0.023 0.020 0.102 0.003 0.006 0.009 0.003 0.159 0.006 0.008 0.007 0.638 0.003 0.009 
 25 TMA-ZAIN-G-    (9)    1 :  0.003 0.004 0.008 0.004 0.005 0.004 0.007 0.189 0.047 0.062 0.009 0.008 0.008 0.003 0.642 
 26 TMA-ZAIN-G-    (9)    1 :  0.034 0.014 0.184 0.009 0.004 0.415 0.063 0.009 0.137 0.008 0.028 0.006 0.028 0.012 0.050 
 27 TMA-ZAIN-G-    (0)    1 :  0.014 0.072 0.021 0.009 0.230 0.012 0.014 0.043 0.005 0.083 0.004 0.016 0.019 0.022 0.435 
 28 TMA-ZAIN-G-    (0)    1 :  0.007 0.007 0.005 0.004 0.926 0.004 0.004 0.007 0.004 0.005 0.004 0.012 0.003 0.004 0.004 
 29 TMA-ZAIN-G-    (0)    1 :  0.005 0.005 0.005 0.708 0.005 0.016 0.004 0.224 0.005 0.003 0.004 0.004 0.004 0.003 0.005 
 30 TMA-ZAIN-G-    (0)    1 :  0.017 0.050 0.162 0.034 0.494 0.005 0.049 0.020 0.095 0.004 0.049 0.004 0.004 0.007 0.007 
 31 TMA-ZAIN-G-    (0)    1 :  0.007 0.006 0.004 0.006 0.005 0.068 0.007 0.012 0.009 0.763 0.004 0.024 0.012 0.022 0.054 
 32 TMA-ZAIN-G-    (9)    1 :  0.008 0.009 0.059 0.004 0.004 0.005 0.040 0.018 0.014 0.022 0.073 0.288 0.013 0.005 0.435 
 33 TMA-ZAIN-G-   (18)    1 :  0.096 0.006 0.398 0.017 0.009 0.004 0.187 0.004 0.013 0.005 0.225 0.005 0.003 0.004 0.026 
 34 TMA-ZAIN-G-    (0)    1 :  0.019 0.007 0.035 0.006 0.005 0.005 0.179 0.010 0.035 0.043 0.467 0.085 0.015 0.005 0.085 
 35 TMA-ZAIN-G-    (9)    1 :  0.041 0.031 0.222 0.089 0.027 0.013 0.193 0.009 0.065 0.007 0.186 0.024 0.003 0.010 0.081 
 36 TMA-ZAIN-G-    (0)    1 :  0.064 0.108 0.341 0.010 0.007 0.011 0.052 0.005 0.353 0.004 0.021 0.005 0.003 0.007 0.010 
 37 TMA-ZAIN-G-    (9)    1 :  0.080 0.006 0.184 0.015 0.036 0.011 0.267 0.006 0.044 0.007 0.123 0.006 0.007 0.039 0.171 
 38 TMA-ZAIN-G-   (18)    1 :  0.010 0.038 0.064 0.006 0.005 0.006 0.026 0.018 0.013 0.414 0.031 0.012 0.007 0.009 0.341 
 39 TMA-ZAIN-G-    (0)    1 :  0.022 0.004 0.053 0.013 0.009 0.007 0.036 0.004 0.775 0.003 0.056 0.003 0.004 0.008 0.004 
 40 TMA-ZAIN-G-    (0)    1 :  0.016 0.004 0.751 0.007 0.004 0.005 0.025 0.004 0.079 0.003 0.076 0.002 0.005 0.015 0.004 
 41 TMA-ZAIN-G-    (0)    1 :  0.028 0.030 0.690 0.006 0.004 0.005 0.009 0.003 0.185 0.003 0.022 0.003 0.003 0.003 0.006 
 42 TMA-ZAIN-G-    (9)    1 :  0.042 0.095 0.794 0.009 0.003 0.016 0.005 0.003 0.008 0.003 0.007 0.003 0.002 0.005 0.005 
 43 TMA-ZAIN-G-    (0)    1 :  0.013 0.932 0.007 0.009 0.004 0.005 0.004 0.004 0.005 0.003 0.003 0.003 0.002 0.004 0.003 
 44 TMA-ZAIN-G-    (0)    1 :  0.008 0.005 0.010 0.008 0.003 0.004 0.098 0.018 0.049 0.007 0.009 0.004 0.763 0.008 0.006 
 45 TMA-ZAIN-G-    (0)    1 :  0.023 0.015 0.154 0.005 0.008 0.009 0.633 0.006 0.013 0.005 0.098 0.004 0.005 0.010 0.010 
 46 TMA-ZAIN-G-    (0)    1 :  0.003 0.004 0.003 0.003 0.003 0.005 0.004 0.006 0.005 0.004 0.002 0.003 0.942 0.009 0.004 
 47 TMA-ZAIN-G-    (0)    1 :  0.006 0.003 0.003 0.004 0.004 0.935 0.003 0.004 0.003 0.003 0.005 0.005 0.003 0.014 0.004 
 48 TMA-ZAIN-G-    (0)    1 :  0.188 0.051 0.163 0.018 0.068 0.167 0.114 0.013 0.013 0.005 0.017 0.008 0.033 0.132 0.011 
 49 TMA-ZAIN-G-    (9)    1 :  0.009 0.004 0.008 0.044 0.014 0.007 0.022 0.776 0.006 0.005 0.037 0.030 0.005 0.019 0.014 
 50 TMA-ZAIN-G-    (0)    1 :  0.012 0.008 0.075 0.003 0.029 0.003 0.006 0.777 0.025 0.019 0.008 0.004 0.005 0.005 0.020 
 51 TMA-ZAIN-G-    (0)    1 :  0.009 0.051 0.020 0.007 0.019 0.014 0.012 0.817 0.008 0.007 0.004 0.006 0.006 0.013 0.008 
 52 TMA-ZAIN-G-    (0)    1 :  0.009 0.014 0.007 0.003 0.021 0.026 0.006 0.770 0.006 0.007 0.009 0.007 0.008 0.103 0.005 
 53 TMA-ZAIN-G-    (0)    1 :  0.013 0.044 0.012 0.005 0.010 0.068 0.016 0.508 0.014 0.219 0.003 0.009 0.006 0.051 0.022 
 54 TMA-ZAIN-G-    (0)    1 :  0.010 0.010 0.011 0.004 0.010 0.904 0.006 0.007 0.004 0.003 0.006 0.007 0.005 0.004 0.009 
 55 TMA-ZAIN-G-    (0)    1 :  0.014 0.022 0.033 0.003 0.021 0.828 0.008 0.022 0.004 0.003 0.008 0.008 0.007 0.003 0.016 
 56 TMA-ZAIN-G-    (0)    1 :  0.132 0.028 0.197 0.021 0.082 0.051 0.038 0.036 0.026 0.009 0.014 0.004 0.008 0.343 0.012 
 57 TMA-ZAIN-G-    (0)    1 :  0.009 0.006 0.006 0.008 0.004 0.840 0.009 0.028 0.011 0.010 0.033 0.007 0.003 0.010 0.018 
 58 TMA-ZAIN-G-    (0)    1 :  0.027 0.010 0.014 0.006 0.071 0.025 0.008 0.087 0.003 0.012 0.010 0.072 0.053 0.014 0.590 
 59 TMA-ZAIN-G-    (0)    1 :  0.079 0.010 0.034 0.012 0.025 0.014 0.116 0.013 0.017 0.454 0.021 0.032 0.024 0.031 0.117 
 60 TMA-ZAIN-G-    (0)    1 :  0.020 0.125 0.016 0.007 0.078 0.015 0.019 0.104 0.006 0.206 0.007 0.133 0.009 0.032 0.225 
 61 TMA-ZAIN-G-    (0)    1 :  0.004 0.004 0.003 0.003 0.006 0.014 0.004 0.008 0.003 0.873 0.003 0.016 0.017 0.028 0.013 
 62 TMA-ZAIN-G-    (9)    1 :  0.009 0.005 0.019 0.008 0.035 0.010 0.021 0.016 0.013 0.734 0.023 0.007 0.014 0.003 0.082 
 63 TMA-ZAIN-G-    (0)    1 :  0.012 0.012 0.009 0.003 0.011 0.017 0.008 0.019 0.003 0.548 0.013 0.168 0.009 0.016 0.152 
 64 TMA-ZAIN-G-    (0)    1 :  0.004 0.005 0.005 0.944 0.003 0.003 0.007 0.002 0.008 0.002 0.004 0.002 0.002 0.003 0.002 
 65 TMA-ZAIN-G-    (9)    1 :  0.009 0.007 0.006 0.906 0.006 0.007 0.010 0.003 0.006 0.003 0.023 0.004 0.003 0.005 0.004 
 66 TMA-ZAIN-G-    (0)    1 :  0.010 0.005 0.010 0.891 0.005 0.004 0.026 0.003 0.018 0.003 0.012 0.003 0.003 0.005 0.003 
 67 TMA-ZAIN-G-    (0)    1 :  0.009 0.003 0.014 0.726 0.015 0.005 0.044 0.010 0.115 0.004 0.025 0.003 0.014 0.004 0.009 
 68 TMA-ZAIN-G-    (0)    1 :  0.009 0.006 0.006 0.942 0.004 0.005 0.005 0.003 0.004 0.002 0.005 0.003 0.002 0.004 0.002 
 69 TMA-ZAIN-G-    (0)    1 :  0.007 0.016 0.006 0.715 0.007 0.008 0.053 0.022 0.037 0.011 0.032 0.028 0.024 0.023 0.011 
 70 TMA-ZAIN-G-    (0)    1 :  0.004 0.005 0.007 0.011 0.005 0.003 0.041 0.004 0.893 0.003 0.009 0.003 0.004 0.004 0.004 
 71 TMA-ZAIN-G-    (0)    1 :  0.004 0.003 0.006 0.004 0.003 0.003 0.013 0.003 0.934 0.003 0.010 0.003 0.003 0.004 0.003 
 72 TMA-ZAIN-G-    (0)    1 :  0.007 0.007 0.009 0.012 0.009 0.007 0.012 0.004 0.908 0.003 0.007 0.004 0.003 0.004 0.004 
 73 TMA-ZAIN-G-    (0)    1 :  0.006 0.003 0.005 0.005 0.007 0.013 0.008 0.014 0.846 0.015 0.008 0.013 0.020 0.004 0.033 
 74 TMA-ZAIN-G-    (0)    1 :  0.005 0.003 0.006 0.004 0.004 0.005 0.008 0.006 0.919 0.006 0.010 0.004 0.005 0.003 0.012 
 75 TMA-ZAIN-G-    (0)    1 :  0.006 0.004 0.005 0.005 0.005 0.007 0.008 0.004 0.926 0.004 0.008 0.004 0.003 0.004 0.005 
 76 TMA-ZAIN-G-    (0)    1 :  0.004 0.003 0.004 0.006 0.004 0.003 0.018 0.009 0.908 0.004 0.009 0.003 0.015 0.003 0.006 
 77 TMA-ZAIN-G-    (0)    1 :  0.005 0.006 0.009 0.006 0.007 0.004 0.007 0.005 0.927 0.003 0.004 0.003 0.004 0.007 0.003 
 78 TMA-ZAIN-G-    (0)    1 :  0.006 0.005 0.006 0.004 0.007 0.006 0.010 0.011 0.901 0.005 0.007 0.005 0.009 0.010 0.008 
 79 TMA-ZAIN-G-    (0)    1 :  0.005 0.006 0.008 0.003 0.006 0.004 0.009 0.008 0.905 0.003 0.005 0.004 0.008 0.023 0.004 
 80 TMA-ZAIN-G-    (0)    1 :  0.013 0.004 0.022 0.019 0.007 0.011 0.026 0.003 0.803 0.003 0.073 0.003 0.004 0.006 0.005 
 81 TMA-ZAIN-G-    (0)    1 :  0.010 0.007 0.011 0.005 0.010 0.005 0.027 0.008 0.868 0.003 0.012 0.004 0.005 0.022 0.004 
 82 TMA-ZAIN-G-    (0)    1 :  0.020 0.007 0.008 0.187 0.008 0.015 0.379 0.004 0.263 0.004 0.077 0.009 0.003 0.008 0.007 
 83 TMA-ZAIN-G-    (9)    1 :  0.039 0.006 0.011 0.051 0.020 0.017 0.136 0.012 0.019 0.033 0.550 0.048 0.022 0.006 0.031 
 84 TMA-ZAIN-G-    (0)    1 :  0.006 0.006 0.011 0.005 0.006 0.004 0.021 0.008 0.888 0.004 0.012 0.003 0.012 0.010 0.004 
 85 TMA-ZAIN-G-    (0)    1 :  0.004 0.004 0.003 0.003 0.005 0.003 0.004 0.004 0.003 0.004 0.003 0.004 0.003 0.950 0.004 
 86 TMA-ZAIN-G-    (0)    1 :  0.008 0.003 0.008 0.005 0.005 0.005 0.012 0.004 0.005 0.004 0.009 0.003 0.005 0.918 0.004 
 87 TMA-ZAIN-G-    (0)    1 :  0.003 0.003 0.003 0.002 0.004 0.003 0.003 0.004 0.003 0.004 0.003 0.005 0.005 0.951 0.003 
 88 TMA-ZAIN-G-    (0)    1 :  0.020 0.018 0.012 0.059 0.012 0.082 0.058 0.007 0.038 0.200 0.132 0.021 0.010 0.308 0.022 
 89 TMA-ZAIN-G-    (0)    1 :  0.018 0.052 0.015 0.028 0.004 0.361 0.039 0.008 0.041 0.063 0.035 0.011 0.033 0.283 0.010 
 90 TMA-ZAIN-G-    (0)    1 :  0.005 0.004 0.004 0.014 0.007 0.037 0.012 0.007 0.004 0.004 0.023 0.035 0.004 0.830 0.009 
 91 TMA-ZAIN-G-    (0)    1 :  0.014 0.014 0.008 0.012 0.020 0.037 0.014 0.005 0.009 0.097 0.008 0.006 0.006 0.738 0.013 
 92 TMA-ZAIN-G-    (0)    1 :  0.010 0.013 0.009 0.006 0.038 0.314 0.013 0.035 0.012 0.007 0.005 0.017 0.039 0.469 0.013 
 93 TMA-ZAIN-G-    (0)    1 :  0.007 0.022 0.006 0.007 0.162 0.523 0.007 0.015 0.006 0.044 0.004 0.010 0.012 0.156 0.019 
 94 TMA-ZAIN-G-    (0)    1 :  0.005 0.007 0.003 0.005 0.016 0.047 0.005 0.009 0.005 0.144 0.003 0.022 0.009 0.701 0.018 
 95 TMA-ZAIN-G-    (0)    1 :  0.004 0.015 0.016 0.007 0.881 0.004 0.005 0.018 0.009 0.005 0.006 0.017 0.005 0.004 0.007 
 96 TMA-ZAIN-G-    (0)    1 :  0.006 0.018 0.121 0.004 0.699 0.005 0.005 0.081 0.003 0.008 0.010 0.006 0.009 0.008 0.018 
 97 TMA-ZAIN-G-    (0)    1 :  0.010 0.008 0.004 0.007 0.005 0.014 0.007 0.029 0.022 0.570 0.004 0.247 0.006 0.008 0.059 
 98 TMA-ZAIN-G-    (0)    1 :  0.016 0.005 0.004 0.004 0.003 0.014 0.006 0.004 0.039 0.682 0.003 0.200 0.004 0.007 0.008 
 99 TMA-ZAIN-G-    (0)    1 :  0.039 0.005 0.023 0.010 0.006 0.004 0.203 0.006 0.014 0.605 0.015 0.042 0.009 0.004 0.014 
100 TMA-ZAIN-G-    (0)    1 :  0.004 0.005 0.003 0.006 0.007 0.018 0.005 0.033 0.005 0.723 0.003 0.013 0.012 0.022 0.141 
101 TMA-ZAIN-G-    (0)    1 :  0.008 0.006 0.004 0.005 0.006 0.009 0.038 0.016 0.006 0.527 0.005 0.063 0.005 0.003 0.300 
102 TMA-ZAIN-G-    (0)    1 :  0.008 0.014 0.022 0.009 0.013 0.005 0.012 0.031 0.012 0.011 0.013 0.678 0.083 0.043 0.047 
103 TMA-ZAIN-G-    (0)    1 :  0.009 0.005 0.007 0.005 0.011 0.004 0.010 0.025 0.008 0.009 0.010 0.836 0.013 0.031 0.016 
104 TMA-ZAIN-G-    (0)    1 :  0.003 0.003 0.002 0.002 0.003 0.004 0.003 0.005 0.003 0.006 0.003 0.951 0.006 0.003 0.005 
105 TMA-ZAIN-G-    (0)    1 :  0.011 0.005 0.008 0.005 0.014 0.004 0.011 0.010 0.007 0.008 0.011 0.844 0.006 0.044 0.009 
106 TMA-ZAIN-G-    (0)    1 :  0.056 0.093 0.549 0.054 0.007 0.006 0.065 0.004 0.088 0.004 0.055 0.004 0.003 0.008 0.004 
107 TMA-ZAIN-G-    (0)    1 :  0.042 0.012 0.024 0.015 0.007 0.007 0.296 0.005 0.155 0.004 0.413 0.005 0.003 0.006 0.006 
108 TMA-ZAIN-G-    (9)    1 :  0.030 0.025 0.119 0.007 0.007 0.009 0.156 0.025 0.028 0.158 0.042 0.018 0.019 0.034 0.326 
109 TMA-ZAIN-G-    (0)    1 :  0.143 0.026 0.095 0.111 0.019 0.047 0.025 0.007 0.008 0.203 0.140 0.014 0.005 0.013 0.143 
110 TMA-ZAIN-G-    (0)    1 :  0.110 0.016 0.100 0.007 0.026 0.013 0.246 0.086 0.026 0.053 0.095 0.034 0.117 0.020 0.051 
111 TMA-ZAIN-G-    (9)    1 :  0.010 0.004 0.010 0.012 0.013 0.022 0.032 0.059 0.043 0.112 0.171 0.124 0.075 0.007 0.307 
112 TMA-ZAIN-G-    (0)    1 :  0.105 0.037 0.168 0.025 0.018 0.016 0.074 0.039 0.019 0.070 0.065 0.199 0.029 0.012 0.124 
113 TMA-ZAIN-G-    (0)    1 :  0.010 0.006 0.005 0.009 0.003 0.024 0.013 0.004 0.020 0.800 0.011 0.014 0.009 0.006 0.066 
114 TMA-ZAIN-G-    (0)    1 :  0.003 0.002 0.002 0.002 0.003 0.004 0.003 0.004 0.003 0.943 0.003 0.005 0.009 0.006 0.007 
115 TMA-ZAIN-G-    (0)    1 :  0.003 0.003 0.003 0.003 0.003 0.004 0.003 0.004 0.003 0.933 0.005 0.007 0.005 0.003 0.017 
116 TMA-ZAIN-G-    (0)    1 :  0.025 0.007 0.007 0.011 0.009 0.014 0.032 0.004 0.016 0.005 0.843 0.010 0.003 0.007 0.007 
117 TMA-ZAIN-G-    (0)    1 :  0.308 0.060 0.046 0.231 0.057 0.027 0.054 0.008 0.099 0.006 0.053 0.009 0.003 0.031 0.008 
118 TMA-ZAIN-G-    (0)    1 :  0.022 0.035 0.021 0.037 0.026 0.010 0.020 0.008 0.015 0.005 0.776 0.008 0.004 0.007 0.006 
119 TMA-ZAIN-G-    (0)    1 :  0.018 0.006 0.007 0.023 0.018 0.012 0.037 0.020 0.045 0.016 0.733 0.021 0.014 0.005 0.025 
120 TMA-ZAIN-G-    (0)    1 :  0.036 0.101 0.020 0.031 0.056 0.013 0.035 0.013 0.028 0.008 0.617 0.015 0.003 0.016 0.007 
121 TMA-ZAIN-G-    (0)    1 :  0.148 0.021 0.049 0.210 0.069 0.020 0.113 0.006 0.034 0.009 0.279 0.017 0.003 0.011 0.010 
122 TMA-ZAIN-G-    (0)    1 :  0.197 0.009 0.062 0.029 0.119 0.012 0.254 0.005 0.056 0.005 0.121 0.006 0.008 0.101 0.016 
123 TMA-ZAIN-G-    (0)    1 :  0.005 0.010 0.005 0.004 0.007 0.005 0.005 0.011 0.005 0.893 0.005 0.018 0.007 0.009 0.011 
124 TMA-ZAIN-G-    (0)    1 :  0.912 0.006 0.025 0.004 0.007 0.003 0.008 0.005 0.004 0.004 0.007 0.005 0.003 0.007 0.004 
125 TMA-ZAIN-G-    (0)    1 :  0.906 0.009 0.011 0.011 0.004 0.026 0.004 0.003 0.005 0.002 0.005 0.002 0.002 0.005 0.004 
126 TMA-ZAIN-G-    (0)    1 :  0.912 0.018 0.017 0.004 0.004 0.006 0.005 0.004 0.004 0.003 0.010 0.004 0.003 0.005 0.004 
127 TMA-ZAIN-G-    (0)    1 :  0.876 0.007 0.066 0.005 0.004 0.004 0.008 0.003 0.004 0.003 0.007 0.003 0.003 0.004 0.003 
128 TMA-ZAIN-G-    (0)    1 :  0.911 0.006 0.013 0.012 0.010 0.005 0.010 0.003 0.005 0.003 0.008 0.004 0.003 0.005 0.003 
129 TMA-ZAIN-G-    (0)    1 :  0.926 0.008 0.012 0.005 0.005 0.004 0.006 0.004 0.005 0.004 0.006 0.005 0.003 0.006 0.003 
130 TMA-ZAIN-G-    (0)    1 :  0.913 0.016 0.007 0.004 0.005 0.014 0.005 0.003 0.004 0.004 0.009 0.005 0.002 0.005 0.004 
131 TMA-ZAIN-G-    (0)    1 :  0.890 0.008 0.046 0.004 0.007 0.003 0.006 0.004 0.004 0.003 0.006 0.005 0.003 0.007 0.003 
132 TMA-ZAIN-G-    (0)    1 :  0.894 0.007 0.019 0.015 0.009 0.012 0.010 0.003 0.007 0.003 0.008 0.003 0.002 0.005 0.003 
133 TMA-ZAIN-G-    (0)    1 :  0.047 0.115 0.498 0.084 0.017 0.027 0.022 0.016 0.078 0.003 0.033 0.003 0.010 0.041 0.005 
134 TMA-ZAIN-G-    (0)    1 :  0.247 0.260 0.155 0.077 0.005 0.022 0.015 0.009 0.070 0.004 0.077 0.003 0.008 0.044 0.004 
135 TMA-ZAIN-G-    (0)    1 :  0.110 0.015 0.125 0.024 0.004 0.013 0.075 0.005 0.094 0.004 0.476 0.003 0.006 0.039 0.003 
136 TMA-ZAIN-G-    (0)    1 :  0.040 0.006 0.046 0.588 0.010 0.015 0.143 0.004 0.034 0.008 0.086 0.003 0.005 0.005 0.006 
137 TMA-ZAIN-G-    (0)    1 :  0.021 0.005 0.018 0.005 0.004 0.006 0.016 0.008 0.030 0.007 0.841 0.003 0.009 0.024 0.004 
138 TMA-ZAIN-G-    (0)    1 :  0.476 0.026 0.095 0.012 0.004 0.016 0.088 0.003 0.019 0.004 0.244 0.003 0.002 0.004 0.004 
139 TMA-ZAIN-G-    (0)    1 :  0.309 0.016 0.051 0.010 0.003 0.080 0.040 0.005 0.062 0.006 0.392 0.003 0.006 0.013 0.004 
140 TMA-ZAIN-G-    (0)    1 :  0.023 0.006 0.061 0.008 0.010 0.003 0.613 0.004 0.022 0.003 0.230 0.003 0.004 0.005 0.004 
141 TMA-ZAIN-G-    (0)    1 :  0.112 0.021 0.040 0.007 0.007 0.006 0.602 0.006 0.070 0.005 0.096 0.008 0.003 0.012 0.005 
142 TMA-ZAIN-G-    (9)    1 :  0.023 0.006 0.034 0.012 0.007 0.004 0.571 0.003 0.030 0.003 0.291 0.004 0.003 0.006 0.004 
143 TMA-ZAIN-G-    (0)    1 :  0.179 0.011 0.111 0.013 0.014 0.004 0.374 0.004 0.023 0.004 0.244 0.005 0.003 0.007 0.004 
144 TMA-ZAIN-G-    (0)    1 :  0.079 0.012 0.158 0.007 0.037 0.032 0.182 0.015 0.009 0.003 0.431 0.005 0.008 0.013 0.010 
145 TMA-ZAIN-G-    (0)    1 :  0.096 0.007 0.024 0.300 0.007 0.015 0.097 0.003 0.059 0.002 0.372 0.003 0.002 0.006 0.005 
146 TMA-ZAIN-G-    (0)    1 :  0.006 0.004 0.005 0.005 0.003 0.003 0.926 0.003 0.021 0.003 0.008 0.003 0.003 0.004 0.003 
147 TMA-ZAIN-G-    (9)    1 :  0.007 0.005 0.007 0.007 0.004 0.004 0.930 0.003 0.011 0.003 0.008 0.003 0.003 0.004 0.003 
148 TMA-ZAIN-G-    (0)    1 :  0.046 0.068 0.033 0.004 0.003 0.025 0.785 0.003 0.012 0.003 0.006 0.003 0.003 0.004 0.003 
149 TMA-ZAIN-G-    (0)    1 :  0.062 0.029 0.038 0.007 0.013 0.052 0.691 0.008 0.011 0.016 0.012 0.022 0.010 0.021 0.010 
150 TMA-ZAIN-G-    (0)    1 :  0.029 0.019 0.017 0.057 0.016 0.064 0.679 0.007 0.017 0.012 0.028 0.027 0.008 0.011 0.010 
151 TMA-ZAIN-G-    (0)    1 :  0.006 0.019 0.156 0.007 0.004 0.004 0.011 0.003 0.006 0.003 0.768 0.003 0.002 0.003 0.005 
152 TMA-ZAIN-G-    (0)    1 :  0.007 0.015 0.012 0.005 0.005 0.004 0.015 0.003 0.005 0.004 0.912 0.003 0.002 0.003 0.005 
153 TMA-ZAIN-G-    (0)    1 :  0.039 0.029 0.105 0.015 0.005 0.014 0.079 0.003 0.013 0.003 0.683 0.004 0.002 0.003 0.003 
154 TMA-ZAIN-G-    (0)    1 :  0.007 0.004 0.006 0.004 0.004 0.004 0.008 0.003 0.004 0.002 0.941 0.003 0.002 0.004 0.003 
155 TMA-ZAIN-G-    (0)    1 :  0.012 0.006 0.009 0.008 0.004 0.003 0.017 0.004 0.008 0.004 0.911 0.004 0.003 0.005 0.003 
156 TMA-ZAIN-G-    (9)    1 :  0.035 0.077 0.054 0.003 0.003 0.011 0.041 0.004 0.005 0.005 0.744 0.005 0.003 0.003 0.005 
157 TMA-ZAIN-G-    (0)    1 :  0.025 0.125 0.105 0.006 0.004 0.006 0.181 0.004 0.010 0.004 0.512 0.005 0.003 0.005 0.004 
158 TMA-ZAIN-G-    (0)    1 :  0.008 0.004 0.013 0.006 0.006 0.004 0.240 0.006 0.028 0.003 0.666 0.003 0.004 0.003 0.006 
159 TMA-ZAIN-G-    (0)    1 :  0.018 0.005 0.008 0.013 0.003 0.006 0.226 0.003 0.201 0.004 0.497 0.005 0.002 0.004 0.005 
160 TMA-ZAIN-G-    (0)    1 :  0.011 0.005 0.006 0.020 0.003 0.008 0.099 0.002 0.142 0.004 0.683 0.005 0.002 0.005 0.005 
161 TMA-ZAIN-G-    (0)    1 :  0.212 0.022 0.081 0.007 0.005 0.024 0.129 0.005 0.019 0.003 0.477 0.003 0.003 0.006 0.004 
162 TMA-ZAIN-G-    (0)    1 :  0.006 0.004 0.009 0.005 0.006 0.009 0.007 0.005 0.006 0.012 0.884 0.016 0.010 0.010 0.011 
163 TMA-ZAIN-G-    (0)    1 :  0.006 0.003 0.005 0.004 0.003 0.003 0.012 0.002 0.005 0.003 0.944 0.003 0.002 0.003 0.003 
164 TMA-ZAIN-G-    (0)    1 :  0.009 0.004 0.006 0.009 0.006 0.008 0.085 0.004 0.007 0.005 0.827 0.005 0.005 0.013 0.007 
165 TMA-ZAIN-G-    (0)    1 :  0.010 0.003 0.007 0.006 0.004 0.003 0.082 0.003 0.009 0.003 0.857 0.004 0.002 0.003 0.003 
166 TMA-ZAIN-G-    (0)    1 :  0.194 0.006 0.044 0.012 0.004 0.010 0.231 0.003 0.041 0.003 0.434 0.003 0.002 0.006 0.006 
167 TMA-ZAIN-G-    (0)    1 :  0.022 0.009 0.027 0.004 0.010 0.004 0.663 0.006 0.188 0.005 0.038 0.006 0.004 0.008 0.005 
168 TMA-ZAIN-G-    (0)    1 :  0.008 0.034 0.013 0.012 0.005 0.005 0.464 0.005 0.420 0.007 0.009 0.005 0.003 0.006 0.005 
169 TMA-ZAIN-G-    (0)    1 :  0.009 0.005 0.006 0.063 0.004 0.004 0.417 0.003 0.452 0.003 0.019 0.003 0.002 0.006 0.003 
170 TMA-ZAIN-G-    (0)    1 :  0.067 0.076 0.145 0.023 0.006 0.004 0.367 0.044 0.141 0.022 0.062 0.009 0.010 0.006 0.019 
171 TMA-ZAIN-G-    (0)    1 :  0.006 0.004 0.005 0.015 0.004 0.003 0.457 0.003 0.476 0.003 0.011 0.004 0.003 0.004 0.003 
172 TMA-ZAIN-G-    (0)    1 :  0.042 0.019 0.667 0.005 0.005 0.003 0.185 0.006 0.023 0.003 0.023 0.004 0.004 0.006 0.004 
173 TMA-ZAIN-G-    (0)    1 :  0.061 0.018 0.759 0.005 0.008 0.004 0.085 0.007 0.018 0.003 0.012 0.003 0.003 0.008 0.005 
174 TMA-ZAIN-G-    (0)    1 :  0.748 0.004 0.062 0.022 0.005 0.006 0.080 0.003 0.018 0.003 0.033 0.003 0.002 0.004 0.004 
175 TMA-ZAIN-G-    (0)    1 :  0.007 0.005 0.006 0.006 0.004 0.003 0.626 0.003 0.312 0.003 0.011 0.003 0.003 0.005 0.003 
176 TMA-ZAIN-G-    (0)    1 :  0.007 0.005 0.008 0.006 0.004 0.003 0.847 0.003 0.084 0.003 0.016 0.003 0.003 0.005 0.003 
177 TMA-ZAIN-G-    (0)    1 :  0.006 0.012 0.015 0.004 0.003 0.003 0.903 0.004 0.023 0.003 0.011 0.003 0.003 0.004 0.003 
178 TMA-ZAIN-G-    (0)    1 :  0.015 0.033 0.435 0.004 0.007 0.004 0.432 0.006 0.022 0.005 0.019 0.004 0.004 0.005 0.006 
179 TMA-ZAIN-G-    (0)    1 :  0.013 0.016 0.074 0.007 0.004 0.004 0.832 0.003 0.015 0.003 0.017 0.003 0.002 0.005 0.004 
180 TMA-ZAIN-G-    (0)    1 :  0.444 0.027 0.265 0.095 0.019 0.011 0.057 0.006 0.005 0.004 0.021 0.004 0.007 0.030 0.005 
181 TMA-ZAIN-G-    (0)    1 :  0.021 0.108 0.770 0.005 0.004 0.005 0.010 0.004 0.010 0.006 0.043 0.004 0.003 0.004 0.004 
182 TMA-ZAIN-G-    (0)    1 :  0.333 0.179 0.367 0.003 0.005 0.005 0.031 0.005 0.005 0.007 0.041 0.006 0.003 0.006 0.004 
183 TMA-ZAIN-G-    (0)    1 :  0.010 0.064 0.863 0.004 0.004 0.004 0.009 0.004 0.006 0.004 0.012 0.004 0.003 0.004 0.004 
184 TMA-ZAIN-G-    (0)    1 :  0.032 0.021 0.755 0.008 0.012 0.017 0.016 0.009 0.010 0.020 0.034 0.022 0.009 0.018 0.017 
185 TMA-ZAIN-G-    (0)    1 :  0.027 0.004 0.817 0.006 0.034 0.018 0.009 0.008 0.006 0.010 0.011 0.012 0.012 0.012 0.016 
186 TMA-ZAIN-G-    (9)    1 :  0.050 0.005 0.850 0.006 0.014 0.005 0.012 0.008 0.012 0.003 0.014 0.004 0.005 0.005 0.007 
187 TMA-ZAIN-G-    (0)    1 :  0.013 0.016 0.852 0.015 0.005 0.003 0.009 0.005 0.035 0.004 0.028 0.004 0.003 0.004 0.004 
188 TMA-ZAIN-G-    (0)    1 :  0.012 0.006 0.878 0.022 0.005 0.004 0.007 0.003 0.029 0.003 0.018 0.003 0.002 0.003 0.004 
189 TMA-ZAIN-G-    (0)    1 :  0.013 0.006 0.935 0.007 0.004 0.002 0.006 0.003 0.004 0.002 0.006 0.003 0.002 0.003 0.002 
190 TMA-ZAIN-G-    (0)    1 :  0.010 0.024 0.838 0.016 0.007 0.006 0.043 0.005 0.027 0.003 0.007 0.003 0.003 0.004 0.005 
191 TMA-ZAIN-G-    (0)    1 :  0.008 0.004 0.888 0.004 0.007 0.007 0.008 0.006 0.008 0.009 0.006 0.010 0.012 0.013 0.009 
192 TMA-ZAIN-G-    (0)    1 :  0.012 0.018 0.893 0.004 0.003 0.004 0.006 0.007 0.011 0.005 0.008 0.003 0.009 0.014 0.003 
193 TMA-ZAIN-G-    (0)    1 :  0.004 0.955 0.005 0.003 0.003 0.005 0.003 0.003 0.003 0.002 0.003 0.003 0.002 0.003 0.003 
194 TMA-ZAIN-G-    (0)    1 :  0.025 0.819 0.050 0.012 0.025 0.016 0.007 0.013 0.006 0.002 0.004 0.003 0.007 0.005 0.006 
195 TMA-ZAIN-G-    (0)    1 :  0.025 0.770 0.058 0.036 0.005 0.007 0.037 0.014 0.027 0.003 0.006 0.003 0.002 0.004 0.004 
196 TMA-ZAIN-G-    (0)    1 :  0.011 0.907 0.018 0.013 0.008 0.006 0.007 0.003 0.005 0.003 0.006 0.003 0.002 0.004 0.004 
197 TMA-ZAIN-G-    (0)    1 :  0.011 0.911 0.010 0.012 0.005 0.004 0.008 0.004 0.009 0.003 0.007 0.003 0.003 0.007 0.003 
198 TMA-ZAIN-G-    (0)    1 :  0.008 0.916 0.016 0.006 0.003 0.005 0.011 0.003 0.009 0.003 0.008 0.003 0.003 0.004 0.003 
199 TMA-ZAIN-G-    (0)    1 :  0.037 0.006 0.881 0.005 0.010 0.007 0.009 0.006 0.007 0.003 0.012 0.003 0.004 0.005 0.005 
200 TMA-ZAIN-G-    (0)    1 :  0.003 0.051 0.005 0.003 0.013 0.004 0.004 0.119 0.003 0.013 0.002 0.013 0.736 0.006 0.025 
201 TMA-ZAIN-G-    (0)    1 :  0.003 0.003 0.003 0.006 0.012 0.004 0.004 0.034 0.004 0.005 0.003 0.012 0.889 0.006 0.011 
202 TMA-ZAIN-G-    (0)    1 :  0.005 0.036 0.013 0.004 0.007 0.002 0.008 0.041 0.003 0.020 0.005 0.011 0.823 0.004 0.017 
203 TMA-ZAIN-G-    (0)    1 :  0.064 0.785 0.029 0.004 0.005 0.005 0.019 0.004 0.009 0.026 0.026 0.012 0.002 0.005 0.007 
204 TMA-ZAIN-G-    (9)    1 :  0.008 0.007 0.006 0.012 0.005 0.024 0.014 0.041 0.017 0.006 0.004 0.004 0.765 0.058 0.030 
205 TMA-ZAIN-G-    (0)    1 :  0.013 0.008 0.008 0.007 0.005 0.013 0.018 0.118 0.014 0.006 0.084 0.007 0.674 0.019 0.008 
206 TMA-ZAIN-G-    (9)    1 :  0.009 0.056 0.022 0.009 0.012 0.013 0.019 0.089 0.009 0.018 0.006 0.010 0.559 0.157 0.011 
207 TMA-ZAIN-G-    (9)    1 :  0.037 0.012 0.032 0.089 0.120 0.055 0.061 0.024 0.024 0.008 0.410 0.007 0.008 0.072 0.043 
208 TMA-ZAIN-G-    (0)    1 :  0.014 0.004 0.037 0.074 0.014 0.006 0.699 0.004 0.023 0.003 0.109 0.003 0.003 0.003 0.005 
209 TMA-ZAIN-G-    (0)    1 :  0.425 0.178 0.085 0.014 0.003 0.038 0.097 0.004 0.075 0.003 0.060 0.003 0.003 0.009 0.004 
210 TMA-ZAIN-G-    (0)    1 :  0.074 0.353 0.149 0.098 0.012 0.014 0.119 0.004 0.076 0.004 0.074 0.004 0.003 0.011 0.005 
211 TMA-ZAIN-G-    (0)    1 :  0.603 0.041 0.107 0.019 0.018 0.008 0.056 0.024 0.042 0.010 0.022 0.008 0.021 0.009 0.012 
212 TMA-ZAIN-G-    (0)    1 :  0.067 0.019 0.277 0.015 0.011 0.006 0.539 0.004 0.006 0.004 0.029 0.003 0.004 0.013 0.005 
213 TMA-ZAIN-G-    (0)    1 :  0.067 0.030 0.442 0.007 0.006 0.007 0.233 0.005 0.042 0.003 0.142 0.004 0.004 0.005 0.003 
214 TMA-ZAIN-G-    (0)    1 :  0.229 0.031 0.295 0.052 0.004 0.008 0.084 0.005 0.095 0.003 0.180 0.003 0.004 0.004 0.004 
215 TMA-ZAIN-G-    (0)    1 :  0.013 0.004 0.497 0.004 0.004 0.002 0.114 0.216 0.070 0.003 0.042 0.003 0.009 0.003 0.015 
216 TMA-ZAIN-G-    (0)    1 :  0.167 0.013 0.681 0.007 0.008 0.012 0.040 0.007 0.016 0.003 0.026 0.003 0.005 0.006 0.005 
217 TMA-ZAIN-G-    (0)    1 :  0.268 0.077 0.109 0.122 0.003 0.007 0.172 0.004 0.151 0.003 0.067 0.004 0.003 0.006 0.003 
218 TMA-ZAIN-G-    (0)    1 :  0.012 0.003 0.006 0.008 0.013 0.006 0.007 0.901 0.006 0.006 0.008 0.009 0.003 0.004 0.009 
219 TMA-ZAIN-G-    (0)    1 :  0.008 0.003 0.004 0.004 0.007 0.009 0.004 0.918 0.004 0.005 0.005 0.005 0.006 0.012 0.007 
220 TMA-ZAIN-G-    (0)    1 :  0.006 0.005 0.009 0.013 0.210 0.006 0.014 0.294 0.007 0.007 0.018 0.104 0.004 0.012 0.290 
221 TMA-ZAIN-G-    (0)    1 :  0.012 0.006 0.016 0.005 0.011 0.004 0.011 0.886 0.006 0.004 0.008 0.003 0.011 0.010 0.005 
222 TMA-ZAIN-G-    (0)    1 :  0.011 0.005 0.006 0.013 0.006 0.010 0.014 0.828 0.007 0.006 0.015 0.045 0.006 0.019 0.011 
223 TMA-ZAIN-G-    (0)    1 :  0.005 0.002 0.005 0.005 0.015 0.005 0.006 0.903 0.004 0.007 0.004 0.005 0.007 0.014 0.014 
224 TMA-ZAIN-G-    (0)    1 :  0.024 0.008 0.011 0.005 0.012 0.007 0.006 0.764 0.005 0.008 0.005 0.016 0.010 0.102 0.018 
225 TMA-ZAIN-G-    (0)    1 :  0.004 0.010 0.005 0.002 0.011 0.003 0.004 0.919 0.003 0.007 0.003 0.011 0.006 0.005 0.006 
226 TMA-ZAIN-G-    (0)    1 :  0.006 0.023 0.011 0.005 0.012 0.005 0.008 0.865 0.008 0.014 0.008 0.006 0.006 0.008 0.016 
227 TMA-ZAIN-G-    (0)    1 :  0.005 0.018 0.011 0.004 0.006 0.004 0.010 0.884 0.007 0.011 0.009 0.007 0.011 0.005 0.008 
228 TMA-ZAIN-G-    (0)    1 :  0.009 0.007 0.011 0.009 0.015 0.005 0.020 0.796 0.026 0.020 0.013 0.007 0.009 0.017 0.036 
229 TMA-ZAIN-G-    (0)    1 :  0.003 0.003 0.003 0.007 0.008 0.006 0.004 0.892 0.004 0.016 0.003 0.015 0.020 0.007 0.012 
230 TMA-ZAIN-G-    (0)    1 :  0.048 0.012 0.019 0.014 0.011 0.013 0.029 0.472 0.036 0.022 0.005 0.018 0.007 0.279 0.016 
231 TMA-ZAIN-G-    (0)    1 :  0.013 0.009 0.010 0.008 0.010 0.008 0.022 0.168 0.029 0.008 0.020 0.283 0.302 0.078 0.032 
232 TMA-ZAIN-G-    (9)    1 :  0.032 0.006 0.015 0.029 0.004 0.010 0.012 0.186 0.009 0.050 0.010 0.130 0.445 0.019 0.044 
233 TMA-ZAIN-G-    (0)    1 :  0.026 0.007 0.010 0.046 0.007 0.011 0.013 0.756 0.026 0.004 0.013 0.006 0.015 0.018 0.041 
234 TMA-ZAIN-G-    (0)    1 :  0.004 0.011 0.005 0.005 0.005 0.019 0.007 0.335 0.005 0.019 0.006 0.168 0.038 0.005 0.367 
235 TMA-ZAIN-G-    (0)    1 :  0.004 0.018 0.043 0.004 0.017 0.007 0.006 0.236 0.038 0.139 0.007 0.008 0.014 0.033 0.424 
236 TMA-ZAIN-G-    (0)    1 :  0.009 0.027 0.012 0.007 0.007 0.003 0.015 0.759 0.013 0.030 0.011 0.007 0.019 0.049 0.032 
237 TMA-ZAIN-G-    (0)    1 :  0.040 0.008 0.018 0.010 0.014 0.005 0.063 0.362 0.163 0.059 0.021 0.035 0.010 0.117 0.074 
238 TMA-ZAIN-G-    (0)    1 :  0.022 0.005 0.018 0.005 0.005 0.003 0.020 0.777 0.026 0.041 0.030 0.012 0.015 0.006 0.016 
239 TMA-ZAIN-G-    (0)    1 :  0.009 0.095 0.047 0.019 0.003 0.034 0.005 0.007 0.003 0.005 0.004 0.003 0.731 0.023 0.011 
240 TMA-ZAIN-G-    (0)    1 :  0.003 0.004 0.003 0.003 0.003 0.006 0.004 0.008 0.005 0.003 0.002 0.003 0.940 0.008 0.004 
241 TMA-ZAIN-G-    (0)    1 :  0.004 0.004 0.005 0.005 0.002 0.005 0.010 0.006 0.012 0.004 0.005 0.003 0.927 0.005 0.004 
242 TMA-ZAIN-G-    (0)    1 :  0.004 0.003 0.005 0.005 0.003 0.003 0.007 0.004 0.006 0.004 0.006 0.003 0.941 0.003 0.004 
243 TMA-ZAIN-G-    (0)    1 :  0.006 0.003 0.006 0.008 0.003 0.005 0.013 0.005 0.013 0.003 0.006 0.002 0.916 0.005 0.004 
244 TMA-ZAIN-G-    (0)    1 :  0.004 0.003 0.007 0.008 0.003 0.003 0.014 0.004 0.015 0.005 0.014 0.003 0.911 0.003 0.004 
245 TMA-ZAIN-G-    (9)    1 :  0.003 0.003 0.003 0.002 0.003 0.003 0.003 0.005 0.003 0.004 0.003 0.003 0.955 0.003 0.003 
246 TMA-ZAIN-G-    (0)    1 :  0.003 0.002 0.003 0.003 0.004 0.003 0.003 0.004 0.003 0.002 0.003 0.002 0.957 0.004 0.003 
247 TMA-ZAIN-G-    (0)    1 :  0.003 0.002 0.005 0.005 0.005 0.004 0.005 0.004 0.003 0.002 0.004 0.002 0.950 0.004 0.003 
248 TMA-ZAIN-G-    (0)    1 :  0.004 0.009 0.010 0.004 0.004 0.004 0.008 0.008 0.006 0.006 0.005 0.003 0.920 0.004 0.006 
249 TMA-ZAIN-G-    (0)    1 :  0.003 0.007 0.006 0.003 0.004 0.003 0.004 0.006 0.003 0.003 0.003 0.002 0.943 0.005 0.004 
250 TMA-ZAIN-G-    (0)    1 :  0.003 0.004 0.005 0.005 0.005 0.003 0.004 0.007 0.003 0.003 0.003 0.002 0.946 0.004 0.003 
251 TMA-ZAIN-G-    (0)    1 :  0.006 0.005 0.004 0.004 0.006 0.934 0.004 0.004 0.003 0.005 0.004 0.006 0.003 0.010 0.005 
252 TMA-ZAIN-G-    (0)    1 :  0.005 0.004 0.006 0.020 0.003 0.859 0.041 0.007 0.026 0.003 0.010 0.004 0.003 0.004 0.005 
253 TMA-ZAIN-G-    (0)    1 :  0.005 0.005 0.004 0.004 0.003 0.937 0.005 0.003 0.004 0.003 0.010 0.007 0.004 0.004 0.003 
254 TMA-ZAIN-G-    (9)    1 :  0.013 0.005 0.007 0.009 0.006 0.881 0.014 0.004 0.007 0.005 0.024 0.010 0.003 0.006 0.005 
