

----------------------------------------------------
STRUCTURE by Pritchard, Stephens and Donnelly (2000)
     and Falush, Stephens and Pritchard (2003)
       Code by Pritchard, Falush and Hubisz
             Version 2.3.4 (Jul 2012)
----------------------------------------------------



Command line arguments:   bin\structure -m C:\Users\eschumacher\Documents\GitHub\GCC_QUAC_ZAIN\Data_Files\Structure_Files\ZAIN\ZAIN_rebinned_allpop_str\50-50\mainparams -e C:\Users\eschumacher\Documents\GitHub\GCC_QUAC_ZAIN\Data_Files\Structure_Files\ZAIN\ZAIN_rebinned_allpop_str\50-50\extraparams 
Input File:    C:\Users\eschumacher\Documents\GitHub\GCC_QUAC_ZAIN\Data_Files\Structure_Files\ZAIN\ZAIN_rebinned_allpop_str\project_data

Run parameters:
   1133 individuals
   11 loci
   3 populations assumed
   50000 Burn-in period
   50000 Reps


--------------------------------------------
Proportion of membership of each pre-defined
 population in each of the 3 clusters

Given    Inferred Clusters       Number of
 Pop       1      2      3      Individuals

  1:     0.163  0.363  0.475      303
  2:     0.275  0.292  0.433       15
  3:     0.254  0.398  0.349        2
  4:     0.069  0.351  0.579        2
  5:     0.264  0.416  0.319        7
  6:     0.107  0.697  0.195       13
  7:     0.006  0.989  0.005       13
  8:     0.024  0.018  0.958        7
  9:     0.134  0.116  0.749       11
 10:     0.110  0.261  0.629        9
 11:     0.008  0.979  0.013       35
 12:     0.040  0.009  0.950       36
 13:     0.015  0.011  0.975       33
 14:     0.956  0.027  0.017       40
 15:     0.881  0.006  0.113       39
 16:     0.055  0.864  0.081       40
 17:     0.045  0.919  0.035       37
 18:     0.010  0.006  0.984       40
 19:     0.051  0.938  0.011       28
 20:     0.838  0.139  0.023       14
 21:     0.022  0.964  0.015       13
 22:     0.215  0.006  0.779       14
 23:     0.012  0.008  0.979       25
 24:     0.035  0.018  0.947       40
 25:     0.928  0.046  0.027       32
 26:     0.009  0.981  0.010       20
 27:     0.014  0.971  0.015        4
 28:     0.033  0.913  0.054       23
 29:     0.015  0.975  0.010       39
 30:     0.006  0.988  0.006       38
 31:     0.145  0.008  0.847       45
 32:     0.107  0.008  0.884       28
 33:     0.011  0.980  0.010        6
 34:     0.093  0.802  0.105       40
 35:     0.034  0.902  0.064       42
--------------------------------------------

Allele-freq. divergence among pops (Net nucleotide distance),
computed using point estimates of P.

      1       2       3      
 1      -    0.1173  0.1052  
 2   0.1173     -    0.1595  
 3   0.1052  0.1595     -    

Average distances (expected heterozygosity) between individuals in same cluster:
cluster  1  : 0.4517 
cluster  2  : 0.5646 
cluster  3  : 0.4576 

--------------------------------------------
Estimated Ln Prob of Data   = -24538.2
Mean value of ln likelihood = -24303.2
Variance of ln likelihood   = 469.9
Mean value of alpha         = 0.0436

Mean value of Fst_1         = 0.3344
Mean value of Fst_2         = 0.1620
Mean value of Fst_3         = 0.2562


Inferred ancestry of individuals:
        Label (%Miss) Pop:  Inferred clusters
  1 TMA-ZAIN-G-    (9)    1 :  0.041 0.933 0.026 
  2 TMA-ZAIN-G-    (0)    1 :  0.090 0.779 0.131 
  3 TMA-ZAIN-G-    (0)    1 :  0.025 0.006 0.970 
  4 TMA-ZAIN-G-    (0)    1 :  0.840 0.028 0.133 
  5 TMA-ZAIN-G-    (0)    1 :  0.007 0.988 0.005 
  6 TMA-ZAIN-G-    (0)    1 :  0.176 0.124 0.701 
  7 TMA-ZAIN-G-    (0)    1 :  0.092 0.016 0.892 
  8 TMA-ZAIN-G-    (0)    1 :  0.023 0.006 0.971 
  9 TMA-ZAIN-G-    (9)    1 :  0.008 0.009 0.983 
 10 TMA-ZAIN-G-    (0)    1 :  0.020 0.006 0.975 
 11 TMA-ZAIN-G-    (0)    1 :  0.010 0.008 0.982 
 12 TMA-ZAIN-G-    (0)    1 :  0.009 0.004 0.986 
 13 TMA-ZAIN-G-    (9)    1 :  0.055 0.112 0.832 
 14 TMA-ZAIN-G-    (9)    1 :  0.877 0.010 0.113 
 15 TMA-ZAIN-G-    (0)    1 :  0.843 0.007 0.150 
 16 TMA-ZAIN-G-    (0)    1 :  0.006 0.006 0.988 
 17 TMA-ZAIN-G-    (9)    1 :  0.130 0.021 0.848 
 18 TMA-ZAIN-G-    (0)    1 :  0.037 0.954 0.009 
 19 TMA-ZAIN-G-    (0)    1 :  0.029 0.906 0.065 
 20 TMA-ZAIN-G-    (0)    1 :  0.010 0.985 0.005 
 21 TMA-ZAIN-G-    (0)    1 :  0.008 0.982 0.010 
 22 TMA-ZAIN-G-    (0)    1 :  0.006 0.991 0.003 
 23 TMA-ZAIN-G-    (0)    1 :  0.006 0.986 0.008 
 24 TMA-ZAIN-G-    (9)    1 :  0.028 0.835 0.137 
 25 TMA-ZAIN-G-    (9)    1 :  0.005 0.885 0.110 
 26 TMA-ZAIN-G-    (9)    1 :  0.576 0.039 0.385 
 27 TMA-ZAIN-G-    (0)    1 :  0.241 0.734 0.026 
 28 TMA-ZAIN-G-    (0)    1 :  0.032 0.945 0.023 
 29 TMA-ZAIN-G-    (0)    1 :  0.095 0.241 0.665 
 30 TMA-ZAIN-G-    (0)    1 :  0.042 0.198 0.760 
 31 TMA-ZAIN-G-    (0)    1 :  0.029 0.964 0.007 
 32 TMA-ZAIN-G-    (9)    1 :  0.015 0.835 0.149 
 33 TMA-ZAIN-G-   (18)    1 :  0.007 0.006 0.987 
 34 TMA-ZAIN-G-    (0)    1 :  0.017 0.141 0.842 
 35 TMA-ZAIN-G-    (9)    1 :  0.024 0.009 0.967 
 36 TMA-ZAIN-G-    (0)    1 :  0.031 0.006 0.964 
 37 TMA-ZAIN-G-    (9)    1 :  0.016 0.012 0.972 
 38 TMA-ZAIN-G-   (18)    1 :  0.065 0.799 0.135 
 39 TMA-ZAIN-G-    (0)    1 :  0.008 0.006 0.986 
 40 TMA-ZAIN-G-    (0)    1 :  0.007 0.005 0.989 
 41 TMA-ZAIN-G-    (0)    1 :  0.016 0.004 0.980 
 42 TMA-ZAIN-G-    (9)    1 :  0.111 0.004 0.885 
 43 TMA-ZAIN-G-    (0)    1 :  0.969 0.005 0.026 
 44 TMA-ZAIN-G-    (0)    1 :  0.010 0.944 0.046 
 45 TMA-ZAIN-G-    (0)    1 :  0.025 0.009 0.965 
 46 TMA-ZAIN-G-    (0)    1 :  0.008 0.986 0.006 
 47 TMA-ZAIN-G-    (0)    1 :  0.985 0.007 0.008 
 48 TMA-ZAIN-G-    (0)    1 :  0.867 0.017 0.116 
 49 TMA-ZAIN-G-    (9)    1 :  0.012 0.928 0.060 
 50 TMA-ZAIN-G-    (0)    1 :  0.010 0.889 0.100 
 51 TMA-ZAIN-G-    (0)    1 :  0.295 0.648 0.057 
 52 TMA-ZAIN-G-    (0)    1 :  0.211 0.728 0.061 
 53 TMA-ZAIN-G-    (0)    1 :  0.310 0.665 0.024 
 54 TMA-ZAIN-G-    (0)    1 :  0.984 0.010 0.007 
 55 TMA-ZAIN-G-    (0)    1 :  0.979 0.013 0.008 
 56 TMA-ZAIN-G-    (0)    1 :  0.864 0.030 0.107 
 57 TMA-ZAIN-G-    (0)    1 :  0.974 0.017 0.009 
 58 TMA-ZAIN-G-    (0)    1 :  0.073 0.903 0.024 
 59 TMA-ZAIN-G-    (0)    1 :  0.035 0.906 0.060 
 60 TMA-ZAIN-G-    (0)    1 :  0.117 0.865 0.019 
 61 TMA-ZAIN-G-    (0)    1 :  0.014 0.981 0.006 
 62 TMA-ZAIN-G-    (9)    1 :  0.026 0.943 0.031 
 63 TMA-ZAIN-G-    (0)    1 :  0.040 0.951 0.009 
 64 TMA-ZAIN-G-    (0)    1 :  0.011 0.003 0.985 
 65 TMA-ZAIN-G-    (9)    1 :  0.041 0.004 0.955 
 66 TMA-ZAIN-G-    (0)    1 :  0.013 0.004 0.984 
 67 TMA-ZAIN-G-    (0)    1 :  0.006 0.009 0.984 
 68 TMA-ZAIN-G-    (0)    1 :  0.032 0.003 0.965 
 69 TMA-ZAIN-G-    (0)    1 :  0.016 0.018 0.966 
 70 TMA-ZAIN-G-    (0)    1 :  0.007 0.007 0.986 
 71 TMA-ZAIN-G-    (0)    1 :  0.005 0.005 0.990 
 72 TMA-ZAIN-G-    (0)    1 :  0.013 0.006 0.981 
 73 TMA-ZAIN-G-    (0)    1 :  0.022 0.088 0.891 
 74 TMA-ZAIN-G-    (0)    1 :  0.009 0.021 0.970 
 75 TMA-ZAIN-G-    (0)    1 :  0.013 0.008 0.979 
 76 TMA-ZAIN-G-    (0)    1 :  0.005 0.038 0.957 
 77 TMA-ZAIN-G-    (0)    1 :  0.012 0.009 0.979 
 78 TMA-ZAIN-G-    (0)    1 :  0.017 0.057 0.926 
 79 TMA-ZAIN-G-    (0)    1 :  0.029 0.026 0.945 
 80 TMA-ZAIN-G-    (0)    1 :  0.011 0.006 0.983 
 81 TMA-ZAIN-G-    (0)    1 :  0.015 0.012 0.973 
 82 TMA-ZAIN-G-    (0)    1 :  0.011 0.005 0.984 
 83 TMA-ZAIN-G-    (9)    1 :  0.030 0.103 0.867 
 84 TMA-ZAIN-G-    (0)    1 :  0.008 0.025 0.967 
 85 TMA-ZAIN-G-    (0)    1 :  0.409 0.572 0.019 
 86 TMA-ZAIN-G-    (0)    1 :  0.664 0.292 0.045 
 87 TMA-ZAIN-G-    (0)    1 :  0.092 0.896 0.012 
 88 TMA-ZAIN-G-    (0)    1 :  0.667 0.207 0.126 
 89 TMA-ZAIN-G-    (0)    1 :  0.952 0.027 0.020 
 90 TMA-ZAIN-G-    (0)    1 :  0.943 0.044 0.014 
 91 TMA-ZAIN-G-    (0)    1 :  0.919 0.068 0.012 
 92 TMA-ZAIN-G-    (0)    1 :  0.961 0.031 0.009 
 93 TMA-ZAIN-G-    (0)    1 :  0.931 0.063 0.006 
 94 TMA-ZAIN-G-    (0)    1 :  0.633 0.360 0.008 
 95 TMA-ZAIN-G-    (0)    1 :  0.016 0.954 0.030 
 96 TMA-ZAIN-G-    (0)    1 :  0.124 0.632 0.244 
 97 TMA-ZAIN-G-    (0)    1 :  0.011 0.982 0.008 
 98 TMA-ZAIN-G-    (0)    1 :  0.010 0.982 0.008 
 99 TMA-ZAIN-G-    (0)    1 :  0.007 0.878 0.115 
100 TMA-ZAIN-G-    (0)    1 :  0.020 0.975 0.005 
101 TMA-ZAIN-G-    (0)    1 :  0.011 0.973 0.017 
102 TMA-ZAIN-G-    (0)    1 :  0.022 0.949 0.029 
103 TMA-ZAIN-G-    (0)    1 :  0.013 0.974 0.013 
104 TMA-ZAIN-G-    (0)    1 :  0.009 0.985 0.006 
105 TMA-ZAIN-G-    (0)    1 :  0.017 0.966 0.017 
106 TMA-ZAIN-G-    (0)    1 :  0.014 0.005 0.982 
107 TMA-ZAIN-G-    (0)    1 :  0.007 0.005 0.988 
108 TMA-ZAIN-G-    (9)    1 :  0.209 0.439 0.352 
109 TMA-ZAIN-G-    (0)    1 :  0.266 0.289 0.445 
110 TMA-ZAIN-G-    (0)    1 :  0.066 0.523 0.411 
111 TMA-ZAIN-G-    (9)    1 :  0.021 0.919 0.061 
112 TMA-ZAIN-G-    (0)    1 :  0.131 0.516 0.353 
113 TMA-ZAIN-G-    (0)    1 :  0.021 0.946 0.033 
114 TMA-ZAIN-G-    (0)    1 :  0.005 0.990 0.005 
115 TMA-ZAIN-G-    (0)    1 :  0.010 0.982 0.008 
116 TMA-ZAIN-G-    (0)    1 :  0.014 0.006 0.980 
117 TMA-ZAIN-G-    (0)    1 :  0.126 0.007 0.867 
118 TMA-ZAIN-G-    (0)    1 :  0.016 0.006 0.978 
119 TMA-ZAIN-G-    (0)    1 :  0.011 0.015 0.974 
120 TMA-ZAIN-G-    (0)    1 :  0.028 0.008 0.964 
121 TMA-ZAIN-G-    (0)    1 :  0.024 0.006 0.969 
122 TMA-ZAIN-G-    (0)    1 :  0.032 0.010 0.958 
123 TMA-ZAIN-G-    (0)    1 :  0.018 0.974 0.009 
124 TMA-ZAIN-G-    (0)    1 :  0.017 0.008 0.975 
125 TMA-ZAIN-G-    (0)    1 :  0.663 0.004 0.334 
126 TMA-ZAIN-G-    (0)    1 :  0.180 0.006 0.814 
127 TMA-ZAIN-G-    (0)    1 :  0.014 0.004 0.981 
128 TMA-ZAIN-G-    (0)    1 :  0.017 0.006 0.977 
129 TMA-ZAIN-G-    (0)    1 :  0.028 0.008 0.964 
130 TMA-ZAIN-G-    (0)    1 :  0.712 0.006 0.282 
131 TMA-ZAIN-G-    (0)    1 :  0.031 0.007 0.961 
132 TMA-ZAIN-G-    (0)    1 :  0.131 0.005 0.864 
133 TMA-ZAIN-G-    (0)    1 :  0.149 0.008 0.844 
134 TMA-ZAIN-G-    (0)    1 :  0.234 0.006 0.761 
135 TMA-ZAIN-G-    (0)    1 :  0.009 0.006 0.986 
136 TMA-ZAIN-G-    (0)    1 :  0.023 0.005 0.971 
137 TMA-ZAIN-G-    (0)    1 :  0.009 0.008 0.983 
138 TMA-ZAIN-G-    (0)    1 :  0.016 0.004 0.980 
139 TMA-ZAIN-G-    (0)    1 :  0.028 0.006 0.966 
140 TMA-ZAIN-G-    (0)    1 :  0.007 0.006 0.988 
141 TMA-ZAIN-G-    (0)    1 :  0.013 0.007 0.981 
142 TMA-ZAIN-G-    (9)    1 :  0.007 0.005 0.988 
143 TMA-ZAIN-G-    (0)    1 :  0.009 0.005 0.986 
144 TMA-ZAIN-G-    (0)    1 :  0.017 0.007 0.976 
145 TMA-ZAIN-G-    (0)    1 :  0.011 0.003 0.986 
146 TMA-ZAIN-G-    (0)    1 :  0.007 0.004 0.989 
147 TMA-ZAIN-G-    (9)    1 :  0.007 0.005 0.988 
148 TMA-ZAIN-G-    (0)    1 :  0.025 0.004 0.971 
149 TMA-ZAIN-G-    (0)    1 :  0.084 0.036 0.879 
150 TMA-ZAIN-G-    (0)    1 :  0.053 0.034 0.913 
151 TMA-ZAIN-G-    (0)    1 :  0.011 0.004 0.985 
152 TMA-ZAIN-G-    (0)    1 :  0.010 0.004 0.985 
153 TMA-ZAIN-G-    (0)    1 :  0.011 0.004 0.984 
154 TMA-ZAIN-G-    (0)    1 :  0.010 0.005 0.985 
155 TMA-ZAIN-G-    (0)    1 :  0.006 0.005 0.989 
156 TMA-ZAIN-G-    (9)    1 :  0.030 0.006 0.964 
157 TMA-ZAIN-G-    (0)    1 :  0.017 0.005 0.977 
158 TMA-ZAIN-G-    (0)    1 :  0.007 0.005 0.988 
159 TMA-ZAIN-G-    (0)    1 :  0.007 0.005 0.988 
160 TMA-ZAIN-G-    (0)    1 :  0.008 0.005 0.987 
161 TMA-ZAIN-G-    (0)    1 :  0.013 0.004 0.983 
162 TMA-ZAIN-G-    (0)    1 :  0.025 0.030 0.945 
163 TMA-ZAIN-G-    (0)    1 :  0.006 0.004 0.990 
164 TMA-ZAIN-G-    (0)    1 :  0.011 0.006 0.982 
165 TMA-ZAIN-G-    (0)    1 :  0.006 0.005 0.990 
166 TMA-ZAIN-G-    (0)    1 :  0.009 0.004 0.987 
167 TMA-ZAIN-G-    (0)    1 :  0.010 0.009 0.981 
168 TMA-ZAIN-G-    (0)    1 :  0.014 0.006 0.980 
169 TMA-ZAIN-G-    (0)    1 :  0.008 0.004 0.988 
170 TMA-ZAIN-G-    (0)    1 :  0.012 0.017 0.971 
171 TMA-ZAIN-G-    (0)    1 :  0.007 0.005 0.989 
172 TMA-ZAIN-G-    (0)    1 :  0.011 0.006 0.983 
173 TMA-ZAIN-G-    (0)    1 :  0.018 0.007 0.975 
174 TMA-ZAIN-G-    (0)    1 :  0.010 0.004 0.987 
175 TMA-ZAIN-G-    (0)    1 :  0.009 0.005 0.986 
176 TMA-ZAIN-G-    (0)    1 :  0.007 0.005 0.988 
177 TMA-ZAIN-G-    (0)    1 :  0.009 0.005 0.987 
178 TMA-ZAIN-G-    (0)    1 :  0.018 0.008 0.974 
179 TMA-ZAIN-G-    (0)    1 :  0.010 0.005 0.985 
180 TMA-ZAIN-G-    (0)    1 :  0.047 0.006 0.948 
181 TMA-ZAIN-G-    (0)    1 :  0.052 0.005 0.943 
182 TMA-ZAIN-G-    (0)    1 :  0.272 0.009 0.719 
183 TMA-ZAIN-G-    (0)    1 :  0.055 0.006 0.939 
184 TMA-ZAIN-G-    (0)    1 :  0.162 0.036 0.802 
185 TMA-ZAIN-G-    (0)    1 :  0.085 0.053 0.862 
186 TMA-ZAIN-G-    (9)    1 :  0.012 0.009 0.979 
187 TMA-ZAIN-G-    (0)    1 :  0.010 0.007 0.983 
188 TMA-ZAIN-G-    (0)    1 :  0.009 0.005 0.986 
189 TMA-ZAIN-G-    (0)    1 :  0.006 0.004 0.990 
190 TMA-ZAIN-G-    (0)    1 :  0.025 0.005 0.970 
191 TMA-ZAIN-G-    (0)    1 :  0.024 0.037 0.939 
192 TMA-ZAIN-G-    (0)    1 :  0.015 0.007 0.978 
193 TMA-ZAIN-G-    (0)    1 :  0.986 0.004 0.010 
194 TMA-ZAIN-G-    (0)    1 :  0.979 0.006 0.015 
195 TMA-ZAIN-G-    (0)    1 :  0.638 0.006 0.356 
196 TMA-ZAIN-G-    (0)    1 :  0.917 0.006 0.077 
197 TMA-ZAIN-G-    (0)    1 :  0.968 0.005 0.027 
198 TMA-ZAIN-G-    (0)    1 :  0.896 0.005 0.099 
199 TMA-ZAIN-G-    (0)    1 :  0.023 0.007 0.969 
200 TMA-ZAIN-G-    (0)    1 :  0.012 0.983 0.004 
201 TMA-ZAIN-G-    (0)    1 :  0.006 0.987 0.007 
202 TMA-ZAIN-G-    (0)    1 :  0.009 0.981 0.010 
203 TMA-ZAIN-G-    (0)    1 :  0.849 0.012 0.139 
204 TMA-ZAIN-G-    (9)    1 :  0.050 0.933 0.017 
205 TMA-ZAIN-G-    (0)    1 :  0.019 0.946 0.035 
206 TMA-ZAIN-G-    (9)    1 :  0.085 0.902 0.013 
207 TMA-ZAIN-G-    (9)    1 :  0.121 0.023 0.855 
208 TMA-ZAIN-G-    (0)    1 :  0.005 0.004 0.990 
209 TMA-ZAIN-G-    (0)    1 :  0.221 0.004 0.774 
210 TMA-ZAIN-G-    (0)    1 :  0.146 0.006 0.848 
211 TMA-ZAIN-G-    (0)    1 :  0.036 0.014 0.950 
212 TMA-ZAIN-G-    (0)    1 :  0.022 0.006 0.972 
213 TMA-ZAIN-G-    (0)    1 :  0.016 0.006 0.978 
214 TMA-ZAIN-G-    (0)    1 :  0.013 0.005 0.982 
215 TMA-ZAIN-G-    (0)    1 :  0.005 0.119 0.876 
216 TMA-ZAIN-G-    (0)    1 :  0.029 0.006 0.965 
217 TMA-ZAIN-G-    (0)    1 :  0.016 0.004 0.980 
218 TMA-ZAIN-G-    (0)    1 :  0.011 0.940 0.050 
219 TMA-ZAIN-G-    (0)    1 :  0.020 0.970 0.011 
220 TMA-ZAIN-G-    (0)    1 :  0.010 0.969 0.021 
221 TMA-ZAIN-G-    (0)    1 :  0.023 0.950 0.028 
222 TMA-ZAIN-G-    (0)    1 :  0.023 0.951 0.026 
223 TMA-ZAIN-G-    (0)    1 :  0.007 0.986 0.007 
224 TMA-ZAIN-G-    (0)    1 :  0.065 0.894 0.040 
225 TMA-ZAIN-G-    (0)    1 :  0.011 0.983 0.006 
226 TMA-ZAIN-G-    (0)    1 :  0.026 0.960 0.013 
227 TMA-ZAIN-G-    (0)    1 :  0.013 0.975 0.012 
228 TMA-ZAIN-G-    (0)    1 :  0.016 0.934 0.050 
229 TMA-ZAIN-G-    (0)    1 :  0.006 0.985 0.009 
230 TMA-ZAIN-G-    (0)    1 :  0.268 0.489 0.244 
231 TMA-ZAIN-G-    (0)    1 :  0.015 0.967 0.018 
232 TMA-ZAIN-G-    (9)    1 :  0.011 0.975 0.014 
233 TMA-ZAIN-G-    (0)    1 :  0.049 0.794 0.157 
234 TMA-ZAIN-G-    (0)    1 :  0.020 0.972 0.007 
235 TMA-ZAIN-G-    (0)    1 :  0.040 0.889 0.070 
236 TMA-ZAIN-G-    (0)    1 :  0.017 0.969 0.014 
237 TMA-ZAIN-G-    (0)    1 :  0.050 0.816 0.135 
238 TMA-ZAIN-G-    (0)    1 :  0.007 0.981 0.012 
239 TMA-ZAIN-G-    (0)    1 :  0.251 0.728 0.021 
240 TMA-ZAIN-G-    (0)    1 :  0.009 0.985 0.005 
241 TMA-ZAIN-G-    (0)    1 :  0.009 0.978 0.013 
242 TMA-ZAIN-G-    (0)    1 :  0.005 0.983 0.012 
243 TMA-ZAIN-G-    (0)    1 :  0.010 0.971 0.019 
244 TMA-ZAIN-G-    (0)    1 :  0.006 0.973 0.021 
245 TMA-ZAIN-G-    (9)    1 :  0.005 0.988 0.007 
246 TMA-ZAIN-G-    (0)    1 :  0.005 0.989 0.005 
247 TMA-ZAIN-G-    (0)    1 :  0.006 0.984 0.010 
248 TMA-ZAIN-G-    (0)    1 :  0.008 0.982 0.010 
249 TMA-ZAIN-G-    (0)    1 :  0.007 0.987 0.006 
250 TMA-ZAIN-G-    (0)    1 :  0.007 0.987 0.006 
251 TMA-ZAIN-G-    (0)    1 :  0.987 0.007 0.006 
252 TMA-ZAIN-G-    (0)    1 :  0.920 0.009 0.071 
253 TMA-ZAIN-G-    (0)    1 :  0.982 0.007 0.010 
254 TMA-ZAIN-G-    (9)    1 :  0.965 0.009 0.025 
255 TMA-ZAIN-G-    (0)    1 :  0.963 0.029 0.008 
256 TMA-ZAIN-G-    (0)    1 :  0.982 0.010 0.008 
257 TMA-ZAIN-G-    (0)    1 :  0.991 0.005 0.004 
258 TMA-ZAIN-G-    (0)    1 :  0.989 0.005 0.006 
259 TMA-ZAIN-G-    (0)    1 :  0.988 0.007 0.005 
260 TMA-ZAIN-G-    (0)    1 :  0.987 0.007 0.006 
261 TMA-ZAIN-G-   (18)    1 :  0.985 0.007 0.008 
262 TMA-ZAIN-G-    (0)    1 :  0.990 0.006 0.005 
263 TMA-ZAIN-G-    (0)    1 :  0.984 0.010 0.006 
264 TMA-ZAIN-G-    (0)    1 :  0.985 0.009 0.006 
265 TMA-ZAIN-G-    (0)    1 :  0.755 0.183 0.062 
266 TMA-ZAIN-G-    (0)    1 :  0.969 0.011 0.020 
267 TMA-ZAIN-G-    (0)    1 :  0.206 0.772 0.022 
268 TMA-ZAIN-G-    (0)    1 :  0.006 0.990 0.005 
269 TMA-ZAIN-G-    (0)    1 :  0.007 0.987 0.006 
270 TMA-ZAIN-G-    (0)    1 :  0.009 0.985 0.007 
271 TMA-ZAIN-G-    (0)    1 :  0.006 0.990 0.005 
272 TMA-ZAIN-G-    (0)    1 :  0.005 0.988 0.006 
273 TMA-ZAIN-G-    (0)    1 :  0.004 0.992 0.004 
274 TMA-ZAIN-G-    (0)    1 :  0.014 0.977 0.010 
275 TMA-ZAIN-G-    (0)    1 :  0.004 0.992 0.004 
276 TMA-ZAIN-G-    (0)    1 :  0.004 0.991 0.005 
277 TMA-ZAIN-G-    (0)    1 :  0.007 0.988 0.005 
278 TMA-ZAIN-G-    (0)    1 :  0.006 0.989 0.004 
279 TMA-ZAIN-G-    (0)    1 :  0.005 0.990 0.005 
280 TMA-ZAIN-G-    (0)    1 :  0.005 0.990 0.005 
281 TMA-ZAIN-G-    (0)    1 :  0.006 0.989 0.005 
282 TMA-ZAIN-G-    (9)    1 :  0.005 0.991 0.004 
283 TMA-ZAIN-G-    (0)    1 :  0.013 0.982 0.005 
284 TMA-ZAIN-G-    (0)    1 :  0.020 0.974 0.007 
285 TMA-ZAIN-G-    (0)    1 :  0.011 0.981 0.008 
286 TMA-ZAIN-G-    (0)    1 :  0.005 0.991 0.003 
287 TMA-ZAIN-G-    (0)    1 :  0.008 0.985 0.007 
288 TMA-ZAIN-G-    (0)    1 :  0.019 0.964 0.017 
289 TMA-ZAIN-G-    (0)    1 :  0.011 0.980 0.010 
290 TMA-ZAIN-G-    (0)    1 :  0.009 0.985 0.006 
291 TMA-ZAIN-G-    (0)    1 :  0.012 0.980 0.008 
292 TMA-ZAIN-G-    (0)    1 :  0.009 0.017 0.974 
293 TMA-ZAIN-G-    (0)    1 :  0.026 0.008 0.966 
294 TMA-ZAIN-G-    (0)    1 :  0.010 0.005 0.985 
295 TMA-ZAIN-G-    (9)    1 :  0.012 0.009 0.979 
296 TMA-ZAIN-G-    (0)    1 :  0.024 0.013 0.963 
297 TMA-ZAIN-G-    (0)    1 :  0.024 0.008 0.968 
298 TMA-ZAIN-G-    (0)    1 :  0.052 0.028 0.921 
299 TMA-ZAIN-G-    (0)    1 :  0.005 0.008 0.986 
300 TMA-ZAIN-G-    (0)    1 :  0.009 0.006 0.985 
301 TMA-ZAIN-G-    (0)    1 :  0.015 0.009 0.977 
302 TMA-ZAIN-G-    (9)    1 :  0.011 0.005 0.984 
303 TMA-ZAIN-G-    (0)    1 :  0.247 0.740 0.014 
304 TMA-ZAIN-G-    (0)    2 :  0.939 0.010 0.051 
305 TMA-ZAIN-G-    (0)    2 :  0.012 0.005 0.983 
306 TMA-ZAIN-G-    (0)    2 :  0.469 0.146 0.385 
307 TMA-ZAIN-G-    (0)    2 :  0.809 0.013 0.178 
308 TMA-ZAIN-G-    (0)    2 :  0.792 0.198 0.009 
309 TMA-ZAIN-G-    (0)    2 :  0.011 0.005 0.983 
310 TMA-ZAIN-G-    (0)    2 :  0.017 0.022 0.961 
311 TMA-ZAIN-G-    (0)    2 :  0.088 0.031 0.881 
312 TMA-ZAIN-G-    (0)    2 :  0.036 0.012 0.952 
313 TMA-ZAIN-G-    (0)    2 :  0.870 0.010 0.120 
314 TMA-ZAIN-G-    (0)    2 :  0.013 0.977 0.010 
315 TMA-ZAIN-G-    (0)    2 :  0.017 0.478 0.505 
316 TMA-ZAIN-G-    (0)    2 :  0.014 0.546 0.440 
317 TMA-ZAIN-G-    (0)    2 :  0.020 0.955 0.025 
318 TMA-ZAIN-G-    (9)    2 :  0.017 0.976 0.007 
319 TMA-ZAIN-G-    (0)    3 :  0.496 0.481 0.023 
320 TMA-ZAIN-G-    (0)    3 :  0.011 0.314 0.675 
321 TMA-ZAIN-G-    (0)    4 :  0.020 0.341 0.639 
322 TMA-ZAIN-G-    (0)    4 :  0.119 0.362 0.520 
323 TMA-ZAIN-G-    (0)    5 :  0.114 0.780 0.107 
324 TMA-ZAIN-G-    (0)    5 :  0.124 0.009 0.867 
325 TMA-ZAIN-G-    (0)    5 :  0.015 0.969 0.016 
326 TMA-ZAIN-G-    (0)    5 :  0.433 0.468 0.099 
327 TMA-ZAIN-G-    (0)    5 :  0.968 0.005 0.027 
328 TMA-ZAIN-G-    (0)    5 :  0.134 0.677 0.189 
329 TMA-ZAIN-G-    (0)    5 :  0.061 0.008 0.931 
330 TMA-ZAIN-G-    (0)    6 :  0.098 0.005 0.897 
331 TMA-ZAIN-G-    (0)    6 :  0.205 0.151 0.644 
332 TMA-ZAIN-G-    (0)    6 :  0.077 0.004 0.919 
333 TMA-ZAIN-G-    (0)    6 :  0.965 0.005 0.030 
334 TMA-ZAIN-G-    (0)    6 :  0.006 0.990 0.004 
335 TMA-ZAIN-G-    (0)    6 :  0.005 0.988 0.006 
336 TMA-ZAIN-G-    (0)    6 :  0.009 0.981 0.010 
337 TMA-ZAIN-G-    (9)    6 :  0.006 0.987 0.007 
338 TMA-ZAIN-G-    (0)    6 :  0.005 0.992 0.003 
339 TMA-ZAIN-G-    (0)    6 :  0.004 0.993 0.003 
340 TMA-ZAIN-G-    (0)    6 :  0.004 0.991 0.005 
341 TMA-ZAIN-G-    (0)    6 :  0.004 0.990 0.006 
342 TMA-ZAIN-G-    (0)    6 :  0.005 0.989 0.006 
343 TMA-ZAIN-G-    (0)    7 :  0.004 0.992 0.004 
344 TMA-ZAIN-G-    (0)    7 :  0.006 0.989 0.005 
345 TMA-ZAIN-G-    (0)    7 :  0.005 0.992 0.004 
346 TMA-ZAIN-G-    (0)    7 :  0.004 0.992 0.004 
347 TMA-ZAIN-G-    (9)    7 :  0.005 0.991 0.005 
348 TMA-ZAIN-G-    (0)    7 :  0.008 0.986 0.007 
349 TMA-ZAIN-G-    (0)    7 :  0.005 0.990 0.004 
350 TMA-ZAIN-G-    (0)    7 :  0.007 0.986 0.007 
351 TMA-ZAIN-G-    (0)    7 :  0.006 0.989 0.005 
352 TMA-ZAIN-G-    (0)    7 :  0.007 0.986 0.008 
353 TMA-ZAIN-G-    (0)    7 :  0.007 0.987 0.006 
354 TMA-ZAIN-G-    (0)    7 :  0.004 0.991 0.005 
355 TMA-ZAIN-G-    (0)    7 :  0.005 0.987 0.008 
356 TMA-ZAIN-G-    (0)    8 :  0.018 0.008 0.974 
357 TMA-ZAIN-G-    (0)    8 :  0.036 0.008 0.956 
358 TMA-ZAIN-G-    (0)    8 :  0.053 0.056 0.892 
359 TMA-ZAIN-G-    (0)    8 :  0.019 0.028 0.954 
360 TMA-ZAIN-G-    (0)    8 :  0.006 0.005 0.989 
361 TMA-ZAIN-G-    (0)    8 :  0.030 0.009 0.961 
362 TMA-ZAIN-G-    (0)    8 :  0.005 0.012 0.983 
363 TMA-ZAIN-G-    (0)    9 :  0.074 0.013 0.912 
364 TMA-ZAIN-G-    (0)    9 :  0.020 0.957 0.024 
365 TMA-ZAIN-G-    (0)    9 :  0.007 0.242 0.750 
366 TMA-ZAIN-G-    (0)    9 :  0.016 0.007 0.976 
367 TMA-ZAIN-G-    (0)    9 :  0.509 0.024 0.468 
368 TMA-ZAIN-G-    (0)    9 :  0.015 0.006 0.979 
369 TMA-ZAIN-G-    (0)    9 :  0.015 0.004 0.981 
370 TMA-ZAIN-G-    (0)    9 :  0.013 0.006 0.981 
371 TMA-ZAIN-G-    (0)    9 :  0.007 0.005 0.988 
372 TMA-ZAIN-G-    (0)    9 :  0.008 0.005 0.987 
373 TMA-ZAIN-G-    (0)    9 :  0.793 0.008 0.199 
374 TMA-ZAIN-G-    (0)   10 :  0.675 0.240 0.085 
375 TMA-ZAIN-G-    (0)   10 :  0.089 0.529 0.382 
376 TMA-ZAIN-G-    (9)   10 :  0.005 0.005 0.990 
377 TMA-ZAIN-G-    (0)   10 :  0.006 0.004 0.991 
378 TMA-ZAIN-G-    (0)   10 :  0.006 0.004 0.990 
379 TMA-ZAIN-G-    (0)   10 :  0.009 0.004 0.987 
380 TMA-ZAIN-G-    (0)   10 :  0.009 0.004 0.987 
381 TMA-ZAIN-G-    (9)   10 :  0.185 0.573 0.241 
382 TMA-ZAIN-G-    (9)   10 :  0.009 0.982 0.009 
383    ZFB01    (0)   11 :  0.007 0.984 0.009 
384    ZFB02    (0)   11 :  0.008 0.988 0.004 
385    ZFB03    (0)   11 :  0.016 0.975 0.009 
386    ZFB04    (0)   11 :  0.006 0.989 0.005 
387    ZFB05    (0)   11 :  0.010 0.986 0.004 
388    ZFB06    (0)   11 :  0.008 0.987 0.004 
389    ZFB07    (9)   11 :  0.009 0.980 0.012 
390    ZFB08    (0)   11 :  0.011 0.979 0.010 
391    ZFB09    (0)   11 :  0.006 0.988 0.006 
392    ZFB10    (0)   11 :  0.008 0.973 0.020 
393    ZFB11    (0)   11 :  0.007 0.976 0.017 
394    ZFB12    (0)   11 :  0.007 0.985 0.009 
395    ZFB13    (0)   11 :  0.007 0.981 0.012 
396    ZFB14    (0)   11 :  0.009 0.977 0.013 
397    ZFB15    (0)   11 :  0.004 0.992 0.003 
398    ZFB16    (0)   11 :  0.004 0.990 0.006 
399    ZFB17    (0)   11 :  0.006 0.988 0.006 
400    ZFB18    (0)   11 :  0.008 0.983 0.009 
401    ZFB19    (0)   11 :  0.008 0.955 0.037 
402    ZFB20    (0)   11 :  0.004 0.990 0.006 
403    ZFB21    (0)   11 :  0.005 0.990 0.004 
404    ZFB22    (0)   11 :  0.005 0.989 0.006 
405    ZFB23    (0)   11 :  0.009 0.976 0.014 
406    ZFB24    (0)   11 :  0.006 0.984 0.010 
407    ZFB25    (0)   11 :  0.009 0.936 0.055 
408    ZFB26    (0)   11 :  0.007 0.968 0.025 
409    ZFB27    (0)   11 :  0.006 0.982 0.012 
410    ZFB28    (0)   11 :  0.013 0.978 0.010 
411    ZFB29    (0)   11 :  0.007 0.987 0.006 
412    ZFB30    (0)   11 :  0.007 0.984 0.009 
413    ZFB31    (0)   11 :  0.008 0.946 0.046 
414    ZFB32    (0)   11 :  0.037 0.945 0.018 
415    ZFB33    (0)   11 :  0.005 0.990 0.005 
416    ZFB34    (0)   11 :  0.011 0.982 0.007 
417    ZFB35    (0)   11 :  0.009 0.981 0.010 
418  ZFBP101    (0)   12 :  0.117 0.013 0.870 
419  ZFBP102    (0)   12 :  0.022 0.017 0.962 
420  ZFBP103    (0)   12 :  0.328 0.008 0.665 
421  ZFBP104    (0)   12 :  0.008 0.084 0.908 
422  ZFBP105    (0)   12 :  0.010 0.008 0.982 
423  ZFBP106    (0)   12 :  0.014 0.005 0.981 
424  ZFBP107    (0)   12 :  0.013 0.014 0.973 
425  ZFBP108    (0)   12 :  0.005 0.005 0.990 
426  ZFBP109    (0)   12 :  0.005 0.004 0.991 
427  ZFBP110    (0)   12 :  0.266 0.023 0.711 
428  ZFBP111    (0)   12 :  0.007 0.004 0.989 
429  ZFBP112    (0)   12 :  0.012 0.007 0.982 
430  ZFBP113    (0)   12 :  0.005 0.006 0.989 
431  ZFBP114    (0)   12 :  0.009 0.006 0.985 
432  ZFBP115    (0)   12 :  0.019 0.005 0.975 
433  ZFBP116    (0)   12 :  0.006 0.005 0.989 
434  ZFBP117    (0)   12 :  0.009 0.004 0.987 
435  ZFBP118    (0)   12 :  0.006 0.006 0.988 
436  ZFBP119    (0)   12 :  0.037 0.005 0.958 
437  ZFBP120    (0)   12 :  0.007 0.008 0.985 
438  ZFBP121    (0)   12 :  0.011 0.006 0.983 
439  ZFBP122    (9)   12 :  0.007 0.005 0.987 
440  ZFBP123    (0)   12 :  0.018 0.008 0.974 
441  ZFBP124    (0)   12 :  0.010 0.009 0.982 
442  ZFBP125    (0)   12 :  0.009 0.004 0.988 
443  ZFBP126    (0)   12 :  0.024 0.017 0.960 
444  ZFBP127    (0)   12 :  0.016 0.004 0.980 
445  ZFBP128    (0)   12 :  0.010 0.004 0.986 
446  ZFBP129    (0)   12 :  0.009 0.005 0.986 
447  ZFBP130    (0)   12 :  0.012 0.004 0.985 
448  ZFBP131    (0)   12 :  0.005 0.006 0.989 
449  ZFBP132    (0)   12 :  0.009 0.004 0.986 
450  ZFBP133    (0)   12 :  0.007 0.004 0.989 
451  ZFBP134    (0)   12 :  0.020 0.005 0.975 
452  ZFBP135    (0)   12 :  0.258 0.014 0.728 
453  ZFBP136    (0)   12 :  0.111 0.007 0.883 
454  ZFBP201    (0)   13 :  0.012 0.009 0.978 
455  ZFBP202    (0)   13 :  0.007 0.006 0.987 
456  ZFBP203    (0)   13 :  0.008 0.023 0.969 
457  ZFBP204    (0)   13 :  0.027 0.007 0.966 
458  ZFBP205    (0)   13 :  0.011 0.006 0.983 
459  ZFBP206    (0)   13 :  0.016 0.009 0.974 
460  ZFBP207    (0)   13 :  0.035 0.006 0.960 
461  ZFBP208    (0)   13 :  0.010 0.010 0.979 
462  ZFBP209    (0)   13 :  0.007 0.004 0.989 
463  ZFBP210    (0)   13 :  0.011 0.009 0.980 
464  ZFBP211    (0)   13 :  0.007 0.006 0.987 
465  ZFBP212    (0)   13 :  0.007 0.006 0.988 
466  ZFBP213    (0)   13 :  0.020 0.011 0.968 
467  ZFBP214    (0)   13 :  0.091 0.009 0.900 
468  ZFBP215    (0)   13 :  0.008 0.004 0.987 
469  ZFBP216    (0)   13 :  0.008 0.010 0.981 
470  ZFBP217    (0)   13 :  0.013 0.005 0.982 
471  ZFBP218    (0)   13 :  0.004 0.004 0.991 
472  ZFBP219    (0)   13 :  0.005 0.005 0.990 
473  ZFBP220    (0)   13 :  0.015 0.005 0.981 
474  ZFBP221    (0)   13 :  0.006 0.005 0.989 
475  ZFBP222    (0)   13 :  0.009 0.008 0.984 
476  ZFBP223    (0)   13 :  0.039 0.008 0.952 
477  ZFBP224    (0)   13 :  0.009 0.007 0.984 
478  ZFBP225    (0)   13 :  0.018 0.006 0.977 
479  ZFBP226    (0)   13 :  0.006 0.006 0.988 
480  ZFBP227    (0)   13 :  0.011 0.122 0.867 
481  ZFBP228    (0)   13 :  0.018 0.005 0.976 
482  ZFBP229    (0)   13 :  0.009 0.005 0.986 
483  ZFBP230    (0)   13 :  0.014 0.005 0.981 
484  ZFBP231    (0)   13 :  0.009 0.007 0.985 
485  ZFBP232    (0)   13 :  0.006 0.004 0.989 
486  ZFBP233    (0)   13 :  0.008 0.007 0.985 
487   ZFCC01    (0)   14 :  0.982 0.013 0.005 
488   ZFCC03    (0)   14 :  0.988 0.006 0.006 
489   ZFCC04    (0)   14 :  0.986 0.009 0.006 
490   ZFCC05    (0)   14 :  0.983 0.010 0.007 
491   ZFCC08    (0)   14 :  0.974 0.006 0.020 
492   ZFCC09    (0)   14 :  0.988 0.008 0.005 
493   ZFCC10    (0)   14 :  0.978 0.015 0.006 
494   ZFCC11    (0)   14 :  0.988 0.006 0.006 
495   ZFCC12    (0)   14 :  0.926 0.067 0.007 
496   ZFCC13    (0)   14 :  0.979 0.009 0.012 
497   ZFCC14    (0)   14 :  0.971 0.019 0.010 
498   ZFCC15    (0)   14 :  0.982 0.012 0.007 
499   ZFCC16    (0)   14 :  0.985 0.010 0.006 
500   ZFCC17    (0)   14 :  0.983 0.012 0.004 
501   ZFCC18    (0)   14 :  0.987 0.007 0.006 
502   ZFCC19    (0)   14 :  0.978 0.017 0.005 
503   ZFCC20    (0)   14 :  0.988 0.006 0.006 
504   ZFCC21    (0)   14 :  0.903 0.028 0.069 
505   ZFCC22    (0)   14 :  0.700 0.012 0.288 
506   ZFCC26    (0)   14 :  0.987 0.008 0.006 
507   ZFCC27    (0)   14 :  0.990 0.005 0.005 
508   ZFCC29    (0)   14 :  0.978 0.016 0.006 
509   ZFCC30    (0)   14 :  0.991 0.004 0.005 
510   ZFCC32    (0)   14 :  0.979 0.015 0.006 
511   ZFCC33    (0)   14 :  0.979 0.015 0.005 
512   ZFCC34    (0)   14 :  0.955 0.015 0.030 
513   ZFCC35    (0)   14 :  0.989 0.005 0.006 
514   ZFCC36    (0)   14 :  0.969 0.017 0.014 
515   ZFCC37    (0)   14 :  0.910 0.079 0.011 
516   ZFCC40    (0)   14 :  0.979 0.012 0.008 
517   ZFCC42    (0)   14 :  0.529 0.462 0.009 
518   ZFCC44    (0)   14 :  0.991 0.005 0.004 
519   ZFCC45    (9)   14 :  0.944 0.050 0.006 
520   ZFCC46    (0)   14 :  0.979 0.006 0.015 
521   ZFCC47    (0)   14 :  0.957 0.036 0.007 
522   ZFCC48    (0)   14 :  0.944 0.011 0.045 
523   ZFCC50    (0)   14 :  0.985 0.010 0.005 
524   ZFCC51    (0)   14 :  0.990 0.005 0.005 
525   ZFCC52    (0)   14 :  0.978 0.008 0.014 
526   ZFCC53    (0)   14 :  0.990 0.005 0.004 
527  ZFCNS01    (0)   15 :  0.969 0.010 0.021 
528  ZFCNS02    (0)   15 :  0.978 0.004 0.018 
529  ZFCNS05    (0)   15 :  0.969 0.006 0.024 
530  ZFCNS06    (0)   15 :  0.980 0.006 0.015 
531  ZFCNS07    (0)   15 :  0.629 0.006 0.365 
532  ZFCNS10    (0)   15 :  0.920 0.005 0.075 
533  ZFCNS11    (0)   15 :  0.979 0.007 0.015 
534  ZFCNS15    (0)   15 :  0.164 0.007 0.828 
535  ZFCNS17    (0)   15 :  0.980 0.005 0.015 
536  ZFCNS18    (0)   15 :  0.959 0.005 0.036 
537  ZFCNS19    (0)   15 :  0.987 0.005 0.008 
538  ZFCNS20    (0)   15 :  0.875 0.006 0.119 
539  ZFCNS21    (0)   15 :  0.985 0.005 0.010 
540  ZFCNS22    (0)   15 :  0.855 0.008 0.136 
541  ZFCNS23    (0)   15 :  0.981 0.006 0.014 
542  ZFCNS24    (0)   15 :  0.984 0.005 0.012 
543  ZFCNS25    (0)   15 :  0.912 0.005 0.083 
544  ZFCNS26    (0)   15 :  0.675 0.007 0.318 
545  ZFCNS27    (0)   15 :  0.072 0.007 0.922 
546  ZFCNS28    (0)   15 :  0.969 0.008 0.024 
547  ZFCNS29    (0)   15 :  0.978 0.005 0.017 
548  ZFCNS30    (0)   15 :  0.983 0.006 0.011 
549  ZFCNS31    (0)   15 :  0.938 0.007 0.056 
550  ZFCNS32    (0)   15 :  0.955 0.007 0.038 
551  ZFCNS33    (0)   15 :  0.966 0.006 0.028 
552  ZFCNS34    (0)   15 :  0.988 0.005 0.008 
553  ZFCNS35    (0)   15 :  0.970 0.007 0.023 
554  ZFCNS36    (0)   15 :  0.986 0.004 0.009 
555  ZFCNS37    (0)   15 :  0.965 0.006 0.029 
556  ZFCNS39    (0)   15 :  0.982 0.004 0.013 
557  ZFCNS40    (0)   15 :  0.975 0.004 0.020 
558  ZFCNS41    (0)   15 :  0.847 0.011 0.142 
559  ZFCNS42    (0)   15 :  0.935 0.006 0.059 
560  ZFCNS43    (0)   15 :  0.986 0.005 0.009 
561  ZFCNS44    (0)   15 :  0.974 0.005 0.021 
562  ZFCNS46    (0)   15 :  0.967 0.006 0.028 
563  ZFCNS47    (0)   15 :  0.981 0.005 0.014 
564  ZFCNS48    (0)   15 :  0.949 0.005 0.046 
565  ZFCNS49    (0)   15 :  0.198 0.007 0.796 
566   ZFCR01    (0)   16 :  0.011 0.962 0.027 
567   ZFCR02    (0)   16 :  0.023 0.864 0.113 
568   ZFCR03    (0)   16 :  0.012 0.953 0.036 
569   ZFCR04    (0)   16 :  0.018 0.962 0.020 
570   ZFCR05    (0)   16 :  0.015 0.977 0.008 
571   ZFCR06    (0)   16 :  0.113 0.587 0.300 
572   ZFCR07    (0)   16 :  0.255 0.710 0.035 
573   ZFCR08    (0)   16 :  0.034 0.914 0.051 
574   ZFCR09    (0)   16 :  0.041 0.890 0.069 
575   ZFCR11    (0)   16 :  0.031 0.895 0.074 
576   ZFCR12    (0)   16 :  0.330 0.563 0.107 
577   ZFCR13    (0)   16 :  0.022 0.838 0.140 
578   ZFCR14    (0)   16 :  0.030 0.936 0.033 
579   ZFCR15    (0)   16 :  0.015 0.959 0.026 
580   ZFCR16    (0)   16 :  0.014 0.920 0.066 
581   ZFCR18    (0)   16 :  0.011 0.979 0.009 
582   ZFCR19    (0)   16 :  0.031 0.861 0.107 
583   ZFCR20    (0)   16 :  0.016 0.922 0.062 
584   ZFCR21    (0)   16 :  0.031 0.939 0.030 
585   ZFCR22    (0)   16 :  0.014 0.944 0.042 
586   ZFCR23    (0)   16 :  0.006 0.920 0.074 
587   ZFCR24    (9)   16 :  0.010 0.573 0.417 
588   ZFCR25    (0)   16 :  0.011 0.977 0.013 
589   ZFCR26    (0)   16 :  0.033 0.900 0.067 
590   ZFCR27    (9)   16 :  0.006 0.989 0.005 
591   ZFCR28    (0)   16 :  0.026 0.513 0.461 
592   ZFCR29    (0)   16 :  0.009 0.973 0.018 
593   ZFCR30    (0)   16 :  0.028 0.937 0.035 
594   ZFCR31    (0)   16 :  0.057 0.818 0.125 
595   ZFCR33    (0)   16 :  0.096 0.865 0.039 
596   ZFCR34    (0)   16 :  0.076 0.846 0.078 
597   ZFCR35    (0)   16 :  0.014 0.979 0.008 
598   ZFCR36    (0)   16 :  0.022 0.964 0.015 
599   ZFCR37    (0)   16 :  0.037 0.951 0.012 
600   ZFCR38    (0)   16 :  0.053 0.928 0.020 
601   ZFCR39    (0)   16 :  0.020 0.816 0.164 
602   ZFCR40    (0)   16 :  0.028 0.949 0.023 
603   ZFCR41    (0)   16 :  0.383 0.524 0.093 
604   ZFCR42    (0)   16 :  0.186 0.677 0.136 
605   ZFCR43    (0)   16 :  0.013 0.899 0.088 
606  ZFENP25    (0)   17 :  0.017 0.968 0.015 
607  ZFENP26    (0)   17 :  0.011 0.980 0.009 
608  ZFENP27    (0)   17 :  0.366 0.609 0.025 
609  ZFENP28    (0)   17 :  0.025 0.966 0.009 
610  ZFENP29    (0)   17 :  0.020 0.971 0.009 
611  ZFENP30    (0)   17 :  0.066 0.923 0.011 
612  ZFENP31    (0)   17 :  0.036 0.951 0.013 
613  ZFENP32    (0)   17 :  0.032 0.952 0.016 
614  ZFENP33    (0)   17 :  0.011 0.979 0.010 
615  ZFENP34    (0)   17 :  0.017 0.976 0.007 
616  ZFENP35    (0)   17 :  0.017 0.969 0.014 
617  ZFENP36    (0)   17 :  0.008 0.988 0.005 
618  ZFENP37    (0)   17 :  0.017 0.974 0.009 
619  ZFENP38    (0)   17 :  0.096 0.880 0.025 
620  ZFENP39    (0)   17 :  0.020 0.973 0.007 
621  ZFENP40    (0)   17 :  0.012 0.979 0.009 
622  ZFENP41    (0)   17 :  0.071 0.918 0.011 
623  ZFENP42    (0)   17 :  0.013 0.978 0.008 
624  ZFENP43    (0)   17 :  0.215 0.746 0.039 
625  ZFENP44    (0)   17 :  0.045 0.941 0.014 
626  ZFENP45    (0)   17 :  0.031 0.616 0.353 
627  ZFENP46    (0)   17 :  0.007 0.974 0.019 
628  ZFENP47    (0)   17 :  0.019 0.945 0.036 
629  ZFENP48    (0)   17 :  0.032 0.950 0.018 
630  ZFENP49    (0)   17 :  0.034 0.935 0.031 
631  ZFENP50    (0)   17 :  0.007 0.842 0.151 
632  ZFENP51    (0)   17 :  0.009 0.981 0.011 
633  ZFENP52    (0)   17 :  0.096 0.865 0.039 
634  ZFENP53    (0)   17 :  0.018 0.935 0.047 
635  ZFENP54    (0)   17 :  0.027 0.734 0.239 
636  ZFENP55    (0)   17 :  0.006 0.986 0.008 
637  ZFENP56    (0)   17 :  0.038 0.946 0.016 
638  ZFENP57    (0)   17 :  0.014 0.979 0.007 
639  ZFENP58    (0)   17 :  0.141 0.818 0.041 
640  ZFENP59    (0)   17 :  0.060 0.930 0.010 
641  ZFENP60    (0)   17 :  0.010 0.981 0.009 
642  ZFENP61    (0)   17 :  0.016 0.979 0.005 
643 ZFFDSP01    (0)   18 :  0.009 0.005 0.986 
644 ZFFDSP02    (0)   18 :  0.006 0.004 0.990 
645 ZFFDSP04    (0)   18 :  0.006 0.005 0.989 
646 ZFFDSP05    (0)   18 :  0.007 0.005 0.988 
647 ZFFDSP06    (0)   18 :  0.007 0.004 0.989 
648 ZFFDSP07    (0)   18 :  0.018 0.008 0.974 
649 ZFFDSP08    (0)   18 :  0.017 0.006 0.977 
650 ZFFDSP10    (0)   18 :  0.007 0.006 0.987 
651 ZFFDSP11    (0)   18 :  0.006 0.006 0.988 
652 ZFFDSP12    (0)   18 :  0.006 0.004 0.990 
653 ZFFDSP13    (0)   18 :  0.031 0.007 0.962 
654 ZFFDSP14    (0)   18 :  0.010 0.005 0.985 
655 ZFFDSP16    (0)   18 :  0.014 0.008 0.978 
656 ZFFDSP17    (0)   18 :  0.007 0.005 0.988 
657 ZFFDSP18    (0)   18 :  0.009 0.006 0.986 
658 ZFFDSP19    (0)   18 :  0.028 0.005 0.967 
659 ZFFDSP21    (0)   18 :  0.022 0.004 0.974 
660 ZFFDSP22    (0)   18 :  0.007 0.004 0.989 
661 ZFFDSP23    (0)   18 :  0.007 0.004 0.989 
662 ZFFDSP24    (0)   18 :  0.009 0.006 0.985 
663 ZFFDSP26    (9)   18 :  0.008 0.005 0.987 
664 ZFFDSP27    (0)   18 :  0.007 0.005 0.988 
665 ZFFDSP28    (0)   18 :  0.021 0.045 0.935 
666 ZFFDSP30    (0)   18 :  0.026 0.010 0.964 
667 ZFFDSP31    (0)   18 :  0.009 0.005 0.986 
668 ZFFDSP32    (0)   18 :  0.006 0.004 0.989 
669 ZFFDSP33    (0)   18 :  0.005 0.004 0.991 
670 ZFFDSP34    (0)   18 :  0.009 0.005 0.986 
671 ZFFDSP35    (0)   18 :  0.007 0.005 0.989 
672 ZFFDSP37    (0)   18 :  0.007 0.005 0.988 
673 ZFFDSP38    (0)   18 :  0.007 0.005 0.988 
674 ZFFDSP39    (0)   18 :  0.006 0.004 0.990 
675 ZFFDSP40    (0)   18 :  0.006 0.005 0.989 
676 ZFFDSP42    (0)   18 :  0.008 0.004 0.988 
677 ZFFDSP43    (0)   18 :  0.006 0.004 0.989 
678 ZFFDSP44    (0)   18 :  0.007 0.006 0.987 
679 ZFFDSP45    (0)   18 :  0.008 0.005 0.987 
680 ZFFDSP46    (0)   18 :  0.009 0.005 0.986 
681 ZFFDSP47    (0)   18 :  0.007 0.005 0.988 
682 ZFFDSP48    (0)   18 :  0.009 0.005 0.986 
683    ZFI01    (0)   19 :  0.021 0.971 0.008 
684    ZFI02    (0)   19 :  0.011 0.976 0.013 
685    ZFI03    (0)   19 :  0.017 0.975 0.008 
686    ZFI04    (0)   19 :  0.009 0.985 0.006 
687    ZFI05    (0)   19 :  0.027 0.962 0.011 
688    ZFI06    (0)   19 :  0.025 0.943 0.032 
689    ZFI07    (0)   19 :  0.010 0.983 0.007 
690    ZFI08    (0)   19 :  0.009 0.986 0.005 
691    ZFI09    (0)   19 :  0.011 0.981 0.007 
692    ZFI10    (0)   19 :  0.033 0.950 0.017 
693    ZFI11    (0)   19 :  0.012 0.983 0.005 
694    ZFI12    (0)   19 :  0.028 0.963 0.009 
695    ZFI13    (0)   19 :  0.013 0.979 0.008 
696    ZFI14    (0)   19 :  0.018 0.954 0.028 
697    ZFI15    (0)   19 :  0.011 0.983 0.007 
698    ZFI16    (0)   19 :  0.011 0.981 0.008 
699    ZFI17    (0)   19 :  0.011 0.982 0.007 
700    ZFI18    (0)   19 :  0.007 0.988 0.006 
701    ZFI19    (9)   19 :  0.008 0.987 0.005 
702    ZFI20    (0)   19 :  0.010 0.979 0.010 
703    ZFI21    (0)   19 :  0.022 0.942 0.036 
704    ZFI22    (0)   19 :  0.014 0.974 0.012 
705    ZFI23    (0)   19 :  0.013 0.979 0.008 
706    ZFI24    (0)   19 :  0.030 0.960 0.010 
707    ZFI25    (0)   19 :  0.015 0.972 0.012 
708    ZFI26    (0)   19 :  0.015 0.979 0.006 
709    ZFI27    (0)   19 :  0.041 0.947 0.012 
710    ZFK01    (0)   19 :  0.972 0.015 0.013 
711    ZFK02    (0)   20 :  0.963 0.024 0.013 
712    ZFK03    (0)   20 :  0.952 0.037 0.011 
713    ZFK04    (0)   20 :  0.761 0.226 0.013 
714    ZFK05    (0)   20 :  0.812 0.180 0.008 
715    ZFK06    (0)   20 :  0.735 0.253 0.012 
716    ZFK07    (0)   20 :  0.971 0.016 0.014 
717    ZFK08    (0)   20 :  0.210 0.772 0.018 
718    ZFK10    (0)   20 :  0.840 0.147 0.014 
719    ZFK11    (0)   20 :  0.887 0.103 0.011 
720    ZFK12    (0)   20 :  0.962 0.016 0.023 
721    ZFK13    (0)   20 :  0.908 0.022 0.070 
722    ZFK14    (0)   20 :  0.972 0.010 0.018 
723    ZFK15    (0)   20 :  0.820 0.127 0.052 
724    ZFK16    (0)   20 :  0.947 0.011 0.042 
725   ZFLB01    (0)   21 :  0.007 0.979 0.014 
726   ZFLB02    (0)   21 :  0.005 0.989 0.006 
727   ZFLB03    (0)   21 :  0.033 0.957 0.011 
728   ZFLB04    (0)   21 :  0.077 0.879 0.044 
729   ZFLB05    (0)   21 :  0.008 0.984 0.008 
730   ZFLB06    (0)   21 :  0.014 0.974 0.012 
731   ZFLB07    (0)   21 :  0.075 0.884 0.041 
732   ZFLB08    (0)   21 :  0.006 0.989 0.005 
733   ZFLB09    (9)   21 :  0.007 0.984 0.009 
734   ZFLB10    (0)   21 :  0.010 0.981 0.009 
735   ZFLB11    (0)   21 :  0.018 0.968 0.014 
736   ZFLB12    (0)   21 :  0.006 0.989 0.005 
737   ZFLB13    (0)   21 :  0.013 0.976 0.011 
738  ZFLTI01    (0)   22 :  0.146 0.005 0.849 
739  ZFLTI02    (0)   22 :  0.706 0.007 0.287 
740  ZFLTI03    (0)   22 :  0.098 0.005 0.897 
741  ZFLTI04    (0)   22 :  0.168 0.008 0.824 
742  ZFLTI05    (0)   22 :  0.092 0.005 0.903 
743  ZFLTI06    (0)   22 :  0.012 0.004 0.984 
744  ZFLTI07    (0)   22 :  0.025 0.005 0.970 
745  ZFLTI08    (0)   22 :  0.133 0.009 0.858 
746  ZFLTI09    (0)   22 :  0.024 0.007 0.969 
747  ZFLTI10    (0)   22 :  0.035 0.005 0.960 
748  ZFLTI11    (0)   22 :  0.021 0.004 0.974 
749  ZFLTI12    (0)   22 :  0.065 0.005 0.930 
750  ZFLTI13    (0)   22 :  0.564 0.006 0.429 
751  ZFLTI14    (0)   22 :  0.916 0.007 0.078 
752 ZFONF101    (0)   23 :  0.004 0.004 0.993 
753 ZFONF102    (0)   23 :  0.004 0.006 0.990 
754 ZFONF103    (0)   23 :  0.020 0.006 0.975 
755 ZFONF104    (0)   23 :  0.006 0.003 0.991 
756 ZFONF105    (0)   23 :  0.007 0.004 0.989 
757 ZFONF106    (0)   23 :  0.006 0.005 0.989 
758 ZFONF107    (0)   23 :  0.022 0.042 0.936 
