

----------------------------------------------------
STRUCTURE by Pritchard, Stephens and Donnelly (2000)
     and Falush, Stephens and Pritchard (2003)
       Code by Pritchard, Falush and Hubisz
             Version 2.3.4 (Jul 2012)
----------------------------------------------------



Command line arguments:   bin\structure -m C:\Users\eschumacher\Documents\GitHub\GCC_QUAC_ZAIN\Data_Files\Structure_Files\ZAIN\ZAIN_rebinned_allpop_str\50-50\mainparams -e C:\Users\eschumacher\Documents\GitHub\GCC_QUAC_ZAIN\Data_Files\Structure_Files\ZAIN\ZAIN_rebinned_allpop_str\50-50\extraparams 
Input File:    C:\Users\eschumacher\Documents\GitHub\GCC_QUAC_ZAIN\Data_Files\Structure_Files\ZAIN\ZAIN_rebinned_allpop_str\project_data

Run parameters:
   1133 individuals
   11 loci
   17 populations assumed
   50000 Burn-in period
   50000 Reps


--------------------------------------------
Proportion of membership of each pre-defined
 population in each of the 17 clusters

Given    Inferred Clusters                                                                                                         Number of
 Pop       1      2      3      4      5      6      7      8      9     10     11     12     13     14     15     16     17      Individuals

  1:     0.060  0.055  0.066  0.043  0.084  0.060  0.060  0.072  0.031  0.037  0.064  0.024  0.132  0.065  0.056  0.050  0.040      303
  2:     0.046  0.059  0.075  0.014  0.060  0.031  0.061  0.154  0.022  0.035  0.105  0.041  0.096  0.131  0.022  0.031  0.019       15
  3:     0.010  0.023  0.012  0.215  0.381  0.058  0.008  0.005  0.008  0.008  0.075  0.012  0.041  0.106  0.012  0.009  0.017        2
  4:     0.020  0.067  0.111  0.006  0.070  0.013  0.034  0.030  0.018  0.073  0.101  0.208  0.017  0.120  0.052  0.039  0.019        2
  5:     0.007  0.064  0.048  0.160  0.320  0.033  0.071  0.012  0.039  0.050  0.024  0.014  0.016  0.041  0.024  0.062  0.017        7
  6:     0.014  0.008  0.094  0.075  0.008  0.008  0.014  0.006  0.007  0.018  0.017  0.011  0.596  0.025  0.005  0.056  0.037       13
  7:     0.013  0.005  0.006  0.005  0.016  0.004  0.009  0.004  0.004  0.021  0.006  0.010  0.866  0.007  0.005  0.007  0.010       13
  8:     0.007  0.035  0.039  0.042  0.017  0.037  0.101  0.008  0.055  0.011  0.031  0.012  0.014  0.041  0.417  0.109  0.024        7
  9:     0.062  0.101  0.213  0.044  0.010  0.036  0.047  0.008  0.020  0.007  0.148  0.026  0.014  0.150  0.032  0.065  0.018       11
 10:     0.032  0.027  0.044  0.015  0.087  0.051  0.066  0.014  0.021  0.056  0.044  0.059  0.013  0.035  0.352  0.073  0.012        9
 11:     0.875  0.007  0.005  0.005  0.011  0.006  0.007  0.005  0.004  0.011  0.008  0.008  0.017  0.008  0.008  0.005  0.010       35
 12:     0.006  0.189  0.061  0.012  0.006  0.083  0.059  0.016  0.019  0.006  0.201  0.008  0.004  0.171  0.104  0.039  0.015       36
 13:     0.004  0.381  0.032  0.019  0.006  0.090  0.068  0.007  0.023  0.006  0.143  0.011  0.005  0.135  0.048  0.013  0.008       33
 14:     0.006  0.012  0.006  0.009  0.006  0.006  0.015  0.816  0.010  0.011  0.012  0.008  0.017  0.010  0.007  0.010  0.038       40
 15:     0.003  0.007  0.023  0.870  0.004  0.007  0.007  0.006  0.007  0.004  0.010  0.005  0.003  0.010  0.007  0.020  0.006       39
 16:     0.199  0.032  0.021  0.011  0.151  0.018  0.032  0.022  0.026  0.041  0.021  0.310  0.053  0.018  0.021  0.012  0.014       40
 17:     0.024  0.015  0.009  0.010  0.614  0.010  0.012  0.019  0.016  0.057  0.013  0.053  0.074  0.012  0.009  0.011  0.045       37
 18:     0.004  0.129  0.034  0.011  0.003  0.026  0.085  0.006  0.019  0.005  0.079  0.005  0.003  0.090  0.466  0.025  0.008       40
 19:     0.760  0.006  0.006  0.016  0.008  0.004  0.007  0.005  0.003  0.105  0.006  0.008  0.008  0.006  0.005  0.006  0.041       28
 20:     0.004  0.006  0.005  0.005  0.004  0.005  0.006  0.014  0.006  0.004  0.008  0.005  0.005  0.007  0.005  0.007  0.905       14
 21:     0.008  0.011  0.012  0.035  0.055  0.007  0.006  0.007  0.005  0.011  0.013  0.007  0.778  0.011  0.006  0.007  0.020       13
 22:     0.003  0.006  0.012  0.013  0.003  0.005  0.008  0.007  0.005  0.004  0.008  0.004  0.002  0.009  0.008  0.896  0.005       14
 23:     0.003  0.033  0.010  0.008  0.004  0.702  0.021  0.006  0.021  0.005  0.071  0.005  0.004  0.060  0.017  0.023  0.007       25
 24:     0.005  0.013  0.008  0.006  0.005  0.010  0.014  0.008  0.865  0.006  0.011  0.005  0.005  0.013  0.011  0.009  0.005       40
 25:     0.035  0.022  0.026  0.016  0.012  0.013  0.019  0.642  0.009  0.014  0.031  0.018  0.009  0.029  0.022  0.051  0.033       32
 26:     0.004  0.006  0.005  0.005  0.006  0.006  0.005  0.005  0.006  0.003  0.007  0.004  0.920  0.006  0.004  0.003  0.005       20
 27:     0.610  0.009  0.007  0.004  0.051  0.007  0.012  0.006  0.005  0.025  0.009  0.190  0.007  0.009  0.018  0.016  0.014        4
 28:     0.304  0.032  0.010  0.004  0.013  0.013  0.040  0.008  0.011  0.423  0.013  0.026  0.019  0.014  0.051  0.008  0.012       23
 29:     0.012  0.005  0.004  0.004  0.008  0.004  0.005  0.006  0.004  0.913  0.004  0.007  0.006  0.004  0.005  0.005  0.006       39
 30:     0.036  0.008  0.005  0.004  0.010  0.006  0.007  0.006  0.005  0.048  0.007  0.010  0.805  0.007  0.006  0.006  0.025       38
 31:     0.004  0.042  0.473  0.141  0.006  0.020  0.021  0.009  0.044  0.005  0.052  0.011  0.004  0.065  0.023  0.072  0.007       45
 32:     0.005  0.108  0.225  0.113  0.009  0.064  0.043  0.011  0.017  0.005  0.117  0.007  0.007  0.152  0.046  0.058  0.014       28
 33:     0.460  0.005  0.005  0.008  0.022  0.005  0.007  0.008  0.006  0.417  0.009  0.010  0.008  0.010  0.007  0.008  0.005        6
 34:     0.013  0.007  0.009  0.009  0.025  0.006  0.009  0.006  0.013  0.016  0.007  0.841  0.006  0.008  0.006  0.009  0.012       40
 35:     0.017  0.009  0.016  0.009  0.764  0.008  0.007  0.010  0.011  0.012  0.011  0.027  0.053  0.010  0.006  0.012  0.016       42
--------------------------------------------

Allele-freq. divergence among pops (Net nucleotide distance),
computed using point estimates of P.

      1       2       3       4       5       6       7       8       9      10      11      12      13      14      15      16      17      
 1      -    0.2717  0.3028  0.3225  0.1321  0.2910  0.2515  0.2225  0.3834  0.0915  0.2769  0.2062  0.1747  0.2587  0.2970  0.2840  0.2510  
 2   0.2717     -    0.0991  0.2755  0.2123  0.0831  0.0595  0.2616  0.1548  0.2736  0.0165  0.1630  0.3175  0.0253  0.0514  0.1262  0.2135  
 3   0.3028  0.0991     -    0.1491  0.1765  0.1433  0.1267  0.2370  0.1585  0.3061  0.0800  0.1398  0.3136  0.0595  0.1195  0.0725  0.2245  
 4   0.3225  0.2755  0.1491     -    0.2075  0.2632  0.2712  0.2140  0.3028  0.3123  0.2392  0.2485  0.3886  0.2169  0.3268  0.1863  0.2552  
 5   0.1321  0.2123  0.1765  0.2075     -    0.2135  0.2278  0.1795  0.2984  0.1162  0.2066  0.1031  0.1184  0.1845  0.2768  0.1989  0.1555  
 6   0.2910  0.0831  0.1433  0.2632  0.2135     -    0.1101  0.2552  0.1288  0.3117  0.0706  0.2108  0.3197  0.0722  0.1337  0.1783  0.2281  
 7   0.2515  0.0595  0.1267  0.2712  0.2278  0.1101     -    0.2169  0.1128  0.2586  0.0772  0.1371  0.3494  0.0632  0.0702  0.0989  0.2127  
 8   0.2225  0.2616  0.2370  0.2140  0.1795  0.2552  0.2169     -    0.2353  0.1937  0.2648  0.1946  0.2934  0.2415  0.3040  0.1955  0.2172  
 9   0.3834  0.1548  0.1585  0.3028  0.2984  0.1288  0.1128  0.2353     -    0.3943  0.1465  0.1845  0.3923  0.1256  0.1807  0.1745  0.2973  
10   0.0915  0.2736  0.3061  0.3123  0.1162  0.3117  0.2586  0.1937  0.3943     -    0.2908  0.1824  0.2029  0.2735  0.3136  0.2694  0.2541  
11   0.2769  0.0165  0.0800  0.2392  0.2066  0.0706  0.0772  0.2648  0.1465  0.2908     -    0.1685  0.3119  0.0092  0.0764  0.1052  0.1919  
12   0.2062  0.1630  0.1398  0.2485  0.1031  0.2108  0.1371  0.1946  0.1845  0.1824  0.1685     -    0.2345  0.1408  0.2267  0.1396  0.1817  
13   0.1747  0.3175  0.3136  0.3886  0.1184  0.3197  0.3494  0.2934  0.3923  0.2029  0.3119  0.2345     -    0.2898  0.4068  0.3687  0.2499  
14   0.2587  0.0253  0.0595  0.2169  0.1845  0.0722  0.0632  0.2415  0.1256  0.2735  0.0092  0.1408  0.2898     -    0.0687  0.0781  0.1782  
15   0.2970  0.0514  0.1195  0.3268  0.2768  0.1337  0.0702  0.3040  0.1807  0.3136  0.0764  0.2267  0.4068  0.0687     -    0.1285  0.2993  
16   0.2840  0.1262  0.0725  0.1863  0.1989  0.1783  0.0989  0.1955  0.1745  0.2694  0.1052  0.1396  0.3687  0.0781  0.1285     -    0.1934  
17   0.2510  0.2135  0.2245  0.2552  0.1555  0.2281  0.2127  0.2172  0.2973  0.2541  0.1919  0.1817  0.2499  0.1782  0.2993  0.1934     -    

Average distances (expected heterozygosity) between individuals in same cluster:
cluster  1  : 0.4891 
cluster  2  : 0.3615 
cluster  3  : 0.4261 
cluster  4  : 0.2198 
cluster  5  : 0.5230 
cluster  6  : 0.3860 
cluster  7  : 0.3757 
cluster  8  : 0.3625 
cluster  9  : 0.3471 
cluster 10  : 0.3336 
cluster 11  : 0.3565 
cluster 12  : 0.4517 
cluster 13  : 0.3976 
cluster 14  : 0.4068 
cluster 15  : 0.3089 
cluster 16  : 0.3457 
cluster 17  : 0.2424 

--------------------------------------------
Estimated Ln Prob of Data   = -20525.7
Mean value of ln likelihood = -19475.4
Variance of ln likelihood   = 2100.5
Mean value of alpha         = 0.0348

Mean value of Fst_1         = 0.4154
Mean value of Fst_2         = 0.4259
Mean value of Fst_3         = 0.3404
Mean value of Fst_4         = 0.6343
Mean value of Fst_5         = 0.1873
Mean value of Fst_6         = 0.4127
Mean value of Fst_7         = 0.3780
Mean value of Fst_8         = 0.4770
Mean value of Fst_9         = 0.4411
Mean value of Fst_10         = 0.5269
Mean value of Fst_11         = 0.3903
Mean value of Fst_12         = 0.3166
Mean value of Fst_13         = 0.4516
Mean value of Fst_14         = 0.3264
Mean value of Fst_15         = 0.4939
Mean value of Fst_16         = 0.5337
Mean value of Fst_17         = 0.6464


Inferred ancestry of individuals:
        Label (%Miss) Pop:  Inferred clusters
  1 TMA-ZAIN-G-    (9)    1 :  0.614 0.006 0.029 0.023 0.031 0.005 0.203 0.008 0.006 0.023 0.006 0.013 0.006 0.007 0.005 0.008 0.006 
  2 TMA-ZAIN-G-    (0)    1 :  0.632 0.013 0.008 0.008 0.011 0.109 0.095 0.022 0.004 0.023 0.017 0.004 0.006 0.018 0.009 0.004 0.018 
  3 TMA-ZAIN-G-    (0)    1 :  0.004 0.022 0.017 0.012 0.004 0.009 0.774 0.006 0.024 0.004 0.022 0.009 0.003 0.025 0.033 0.025 0.006 
  4 TMA-ZAIN-G-    (0)    1 :  0.006 0.093 0.007 0.015 0.005 0.010 0.121 0.017 0.034 0.008 0.018 0.006 0.004 0.019 0.078 0.011 0.548 
  5 TMA-ZAIN-G-    (0)    1 :  0.941 0.003 0.002 0.002 0.004 0.002 0.003 0.006 0.002 0.008 0.003 0.005 0.005 0.003 0.003 0.003 0.005 
  6 TMA-ZAIN-G-    (0)    1 :  0.020 0.021 0.012 0.010 0.027 0.012 0.611 0.012 0.029 0.013 0.017 0.078 0.028 0.031 0.011 0.038 0.030 
  7 TMA-ZAIN-G-    (0)    1 :  0.009 0.057 0.023 0.033 0.009 0.017 0.095 0.011 0.007 0.012 0.208 0.013 0.005 0.250 0.032 0.135 0.084 
  8 TMA-ZAIN-G-    (0)    1 :  0.004 0.009 0.007 0.004 0.003 0.008 0.020 0.010 0.008 0.004 0.009 0.005 0.002 0.010 0.013 0.882 0.004 
  9 TMA-ZAIN-G-    (9)    1 :  0.005 0.100 0.034 0.007 0.005 0.038 0.159 0.005 0.017 0.005 0.196 0.019 0.005 0.364 0.020 0.014 0.006 
 10 TMA-ZAIN-G-    (0)    1 :  0.003 0.164 0.106 0.012 0.006 0.027 0.053 0.009 0.025 0.003 0.270 0.035 0.004 0.217 0.020 0.038 0.010 
 11 TMA-ZAIN-G-    (0)    1 :  0.005 0.037 0.082 0.008 0.006 0.012 0.009 0.005 0.004 0.006 0.432 0.005 0.004 0.350 0.006 0.011 0.016 
 12 TMA-ZAIN-G-    (0)    1 :  0.005 0.290 0.032 0.022 0.005 0.007 0.059 0.005 0.005 0.006 0.060 0.008 0.003 0.063 0.412 0.016 0.005 
 13 TMA-ZAIN-G-    (9)    1 :  0.032 0.027 0.055 0.089 0.021 0.139 0.009 0.013 0.014 0.034 0.139 0.011 0.054 0.298 0.026 0.027 0.013 
 14 TMA-ZAIN-G-    (9)    1 :  0.003 0.026 0.072 0.764 0.009 0.018 0.006 0.007 0.006 0.003 0.023 0.011 0.012 0.019 0.007 0.007 0.005 
 15 TMA-ZAIN-G-    (0)    1 :  0.003 0.004 0.091 0.567 0.004 0.004 0.280 0.006 0.006 0.003 0.005 0.005 0.002 0.006 0.004 0.009 0.003 
 16 TMA-ZAIN-G-    (0)    1 :  0.003 0.614 0.017 0.005 0.004 0.009 0.012 0.003 0.004 0.005 0.132 0.006 0.004 0.052 0.117 0.007 0.005 
 17 TMA-ZAIN-G-    (9)    1 :  0.009 0.007 0.645 0.013 0.015 0.005 0.027 0.020 0.007 0.007 0.009 0.014 0.008 0.012 0.008 0.086 0.108 
 18 TMA-ZAIN-G-    (0)    1 :  0.034 0.006 0.008 0.009 0.107 0.004 0.008 0.043 0.006 0.699 0.004 0.017 0.006 0.005 0.017 0.012 0.016 
 19 TMA-ZAIN-G-    (0)    1 :  0.011 0.016 0.018 0.011 0.519 0.007 0.020 0.004 0.005 0.026 0.025 0.139 0.028 0.030 0.025 0.069 0.046 
 20 TMA-ZAIN-G-    (0)    1 :  0.031 0.004 0.003 0.004 0.792 0.005 0.004 0.032 0.005 0.039 0.004 0.008 0.054 0.003 0.003 0.003 0.007 
 21 TMA-ZAIN-G-    (0)    1 :  0.003 0.005 0.005 0.002 0.004 0.003 0.004 0.005 0.005 0.002 0.005 0.005 0.936 0.005 0.004 0.004 0.004 
 22 TMA-ZAIN-G-    (0)    1 :  0.046 0.004 0.003 0.003 0.015 0.003 0.004 0.007 0.002 0.076 0.003 0.011 0.807 0.003 0.002 0.003 0.010 
 23 TMA-ZAIN-G-    (0)    1 :  0.010 0.008 0.007 0.007 0.032 0.005 0.005 0.004 0.003 0.045 0.008 0.027 0.803 0.009 0.006 0.010 0.011 
 24 TMA-ZAIN-G-    (9)    1 :  0.007 0.007 0.013 0.015 0.003 0.192 0.005 0.006 0.079 0.008 0.011 0.004 0.629 0.010 0.007 0.003 0.003 
 25 TMA-ZAIN-G-    (9)    1 :  0.151 0.004 0.004 0.003 0.443 0.021 0.310 0.004 0.004 0.011 0.006 0.008 0.016 0.005 0.004 0.003 0.003 
 26 TMA-ZAIN-G-    (9)    1 :  0.006 0.015 0.033 0.007 0.007 0.038 0.282 0.491 0.008 0.005 0.028 0.005 0.021 0.029 0.008 0.011 0.009 
 27 TMA-ZAIN-G-    (0)    1 :  0.088 0.010 0.017 0.083 0.068 0.005 0.009 0.015 0.010 0.013 0.013 0.602 0.020 0.011 0.003 0.011 0.021 
 28 TMA-ZAIN-G-    (0)    1 :  0.006 0.005 0.005 0.009 0.011 0.004 0.007 0.005 0.004 0.015 0.005 0.892 0.004 0.005 0.005 0.011 0.005 
 29 TMA-ZAIN-G-    (0)    1 :  0.003 0.004 0.006 0.005 0.226 0.005 0.004 0.015 0.700 0.003 0.004 0.005 0.004 0.004 0.004 0.004 0.003 
 30 TMA-ZAIN-G-    (0)    1 :  0.004 0.038 0.143 0.047 0.028 0.073 0.023 0.006 0.028 0.004 0.054 0.427 0.004 0.069 0.032 0.011 0.007 
 31 TMA-ZAIN-G-    (0)    1 :  0.822 0.005 0.003 0.007 0.011 0.008 0.005 0.054 0.005 0.025 0.006 0.006 0.010 0.005 0.004 0.006 0.018 
 32 TMA-ZAIN-G-    (9)    1 :  0.021 0.012 0.017 0.007 0.023 0.006 0.352 0.005 0.003 0.466 0.008 0.006 0.034 0.008 0.022 0.005 0.004 
 33 TMA-ZAIN-G-   (18)    1 :  0.004 0.017 0.020 0.006 0.004 0.005 0.801 0.003 0.007 0.005 0.022 0.007 0.003 0.029 0.040 0.025 0.003 
 34 TMA-ZAIN-G-    (0)    1 :  0.024 0.019 0.005 0.004 0.006 0.007 0.816 0.004 0.004 0.037 0.009 0.006 0.016 0.009 0.024 0.006 0.005 
 35 TMA-ZAIN-G-    (9)    1 :  0.003 0.013 0.005 0.006 0.004 0.006 0.908 0.005 0.008 0.006 0.006 0.005 0.003 0.006 0.007 0.006 0.005 
 36 TMA-ZAIN-G-    (0)    1 :  0.003 0.015 0.132 0.096 0.005 0.237 0.297 0.014 0.014 0.004 0.045 0.006 0.003 0.069 0.009 0.045 0.006 
 37 TMA-ZAIN-G-    (9)    1 :  0.004 0.008 0.005 0.003 0.004 0.005 0.873 0.005 0.007 0.004 0.024 0.006 0.004 0.022 0.007 0.007 0.013 
 38 TMA-ZAIN-G-   (18)    1 :  0.449 0.008 0.015 0.011 0.035 0.007 0.393 0.006 0.004 0.015 0.009 0.005 0.014 0.007 0.008 0.004 0.010 
 39 TMA-ZAIN-G-    (0)    1 :  0.004 0.059 0.050 0.004 0.004 0.576 0.057 0.008 0.012 0.003 0.061 0.008 0.005 0.075 0.051 0.016 0.009 
 40 TMA-ZAIN-G-    (0)    1 :  0.004 0.016 0.489 0.004 0.005 0.097 0.151 0.006 0.007 0.003 0.046 0.004 0.006 0.055 0.082 0.009 0.018 
 41 TMA-ZAIN-G-    (0)    1 :  0.003 0.011 0.653 0.020 0.003 0.156 0.075 0.005 0.005 0.003 0.009 0.004 0.003 0.011 0.015 0.021 0.003 
 42 TMA-ZAIN-G-    (9)    1 :  0.003 0.005 0.777 0.085 0.003 0.008 0.010 0.018 0.009 0.003 0.006 0.004 0.002 0.008 0.009 0.046 0.005 
 43 TMA-ZAIN-G-    (0)    1 :  0.003 0.004 0.011 0.904 0.004 0.005 0.005 0.005 0.012 0.003 0.006 0.003 0.002 0.004 0.003 0.022 0.004 
 44 TMA-ZAIN-G-    (0)    1 :  0.007 0.036 0.007 0.004 0.012 0.038 0.008 0.003 0.007 0.005 0.064 0.003 0.743 0.041 0.007 0.007 0.009 
 45 TMA-ZAIN-G-    (0)    1 :  0.006 0.513 0.083 0.015 0.007 0.009 0.022 0.008 0.005 0.004 0.157 0.008 0.005 0.086 0.046 0.015 0.012 
 46 TMA-ZAIN-G-    (0)    1 :  0.004 0.004 0.003 0.004 0.007 0.006 0.002 0.005 0.003 0.004 0.005 0.003 0.933 0.004 0.002 0.003 0.009 
 47 TMA-ZAIN-G-    (0)    1 :  0.003 0.004 0.004 0.004 0.004 0.003 0.006 0.925 0.004 0.005 0.003 0.005 0.003 0.004 0.005 0.005 0.013 
 48 TMA-ZAIN-G-    (0)    1 :  0.005 0.073 0.089 0.042 0.010 0.011 0.014 0.188 0.015 0.008 0.094 0.043 0.026 0.157 0.011 0.095 0.118 
 49 TMA-ZAIN-G-    (9)    1 :  0.006 0.031 0.008 0.004 0.749 0.006 0.026 0.007 0.043 0.027 0.010 0.011 0.005 0.009 0.030 0.009 0.020 
 50 TMA-ZAIN-G-    (0)    1 :  0.017 0.005 0.091 0.008 0.764 0.026 0.006 0.003 0.003 0.005 0.007 0.024 0.005 0.009 0.010 0.012 0.005 
 51 TMA-ZAIN-G-    (0)    1 :  0.007 0.010 0.024 0.056 0.779 0.008 0.007 0.015 0.007 0.006 0.011 0.022 0.007 0.011 0.003 0.010 0.017 
 52 TMA-ZAIN-G-    (0)    1 :  0.006 0.009 0.007 0.017 0.689 0.006 0.006 0.029 0.003 0.006 0.010 0.032 0.009 0.013 0.011 0.010 0.137 
 53 TMA-ZAIN-G-    (0)    1 :  0.268 0.012 0.015 0.058 0.424 0.018 0.004 0.071 0.006 0.011 0.018 0.008 0.006 0.013 0.003 0.013 0.051 
 54 TMA-ZAIN-G-    (0)    1 :  0.004 0.008 0.011 0.011 0.008 0.004 0.004 0.886 0.003 0.008 0.007 0.011 0.004 0.008 0.007 0.011 0.004 
 55 TMA-ZAIN-G-    (0)    1 :  0.003 0.011 0.042 0.022 0.021 0.003 0.003 0.801 0.003 0.007 0.010 0.026 0.007 0.012 0.009 0.016 0.003 
 56 TMA-ZAIN-G-    (0)    1 :  0.008 0.030 0.138 0.024 0.026 0.021 0.024 0.046 0.017 0.004 0.060 0.064 0.007 0.090 0.011 0.058 0.370 
 57 TMA-ZAIN-G-    (0)    1 :  0.010 0.011 0.005 0.006 0.022 0.009 0.015 0.815 0.008 0.006 0.009 0.005 0.003 0.010 0.050 0.005 0.009 
 58 TMA-ZAIN-G-    (0)    1 :  0.021 0.009 0.017 0.008 0.283 0.003 0.012 0.044 0.008 0.168 0.009 0.196 0.132 0.012 0.017 0.043 0.017 
 59 TMA-ZAIN-G-    (0)    1 :  0.493 0.038 0.020 0.009 0.013 0.012 0.030 0.015 0.010 0.032 0.107 0.025 0.023 0.090 0.014 0.039 0.030 
 60 TMA-ZAIN-G-    (0)    1 :  0.297 0.014 0.015 0.139 0.172 0.005 0.009 0.017 0.006 0.124 0.021 0.100 0.009 0.016 0.006 0.023 0.027 
 61 TMA-ZAIN-G-    (0)    1 :  0.870 0.004 0.003 0.004 0.009 0.003 0.006 0.013 0.003 0.016 0.004 0.006 0.016 0.004 0.003 0.004 0.032 
 62 TMA-ZAIN-G-    (9)    1 :  0.749 0.042 0.022 0.005 0.017 0.013 0.016 0.010 0.006 0.008 0.015 0.040 0.014 0.016 0.019 0.006 0.003 
 63 TMA-ZAIN-G-    (0)    1 :  0.631 0.011 0.009 0.013 0.023 0.003 0.007 0.018 0.003 0.199 0.007 0.015 0.010 0.008 0.012 0.013 0.017 
 64 TMA-ZAIN-G-    (0)    1 :  0.002 0.007 0.005 0.005 0.002 0.009 0.005 0.003 0.927 0.002 0.008 0.003 0.002 0.008 0.004 0.004 0.004 
 65 TMA-ZAIN-G-    (9)    1 :  0.003 0.015 0.007 0.006 0.003 0.006 0.081 0.009 0.806 0.004 0.008 0.006 0.003 0.008 0.020 0.009 0.005 
 66 TMA-ZAIN-G-    (0)    1 :  0.003 0.027 0.009 0.005 0.002 0.013 0.015 0.004 0.837 0.003 0.033 0.004 0.003 0.023 0.009 0.007 0.005 
 67 TMA-ZAIN-G-    (0)    1 :  0.004 0.074 0.012 0.003 0.010 0.109 0.017 0.005 0.642 0.003 0.036 0.015 0.013 0.034 0.014 0.007 0.004 
 68 TMA-ZAIN-G-    (0)    1 :  0.002 0.005 0.005 0.007 0.003 0.004 0.005 0.005 0.929 0.003 0.005 0.003 0.002 0.005 0.005 0.009 0.004 
 69 TMA-ZAIN-G-    (0)    1 :  0.009 0.068 0.005 0.014 0.021 0.030 0.028 0.007 0.675 0.025 0.021 0.006 0.021 0.015 0.028 0.007 0.020 
 70 TMA-ZAIN-G-    (0)    1 :  0.003 0.022 0.007 0.005 0.004 0.847 0.006 0.003 0.013 0.003 0.027 0.004 0.004 0.037 0.007 0.004 0.004 
 71 TMA-ZAIN-G-    (0)    1 :  0.003 0.035 0.007 0.003 0.003 0.876 0.008 0.003 0.004 0.003 0.020 0.003 0.003 0.010 0.010 0.004 0.004 
 72 TMA-ZAIN-G-    (0)    1 :  0.003 0.012 0.007 0.006 0.004 0.888 0.008 0.006 0.010 0.003 0.012 0.007 0.003 0.014 0.005 0.005 0.004 
 73 TMA-ZAIN-G-    (0)    1 :  0.017 0.010 0.005 0.003 0.016 0.831 0.016 0.013 0.005 0.015 0.007 0.017 0.022 0.007 0.008 0.005 0.004 
 74 TMA-ZAIN-G-    (0)    1 :  0.005 0.016 0.006 0.003 0.005 0.900 0.011 0.005 0.004 0.004 0.007 0.004 0.005 0.008 0.009 0.005 0.003 
 75 TMA-ZAIN-G-    (0)    1 :  0.004 0.010 0.005 0.005 0.004 0.908 0.009 0.007 0.005 0.005 0.007 0.005 0.003 0.006 0.008 0.006 0.005 
 76 TMA-ZAIN-G-    (0)    1 :  0.004 0.044 0.005 0.003 0.007 0.869 0.007 0.003 0.005 0.003 0.011 0.004 0.013 0.008 0.008 0.004 0.003 
 77 TMA-ZAIN-G-    (0)    1 :  0.003 0.007 0.008 0.005 0.005 0.908 0.006 0.004 0.005 0.003 0.009 0.006 0.005 0.010 0.004 0.005 0.008 
 78 TMA-ZAIN-G-    (0)    1 :  0.005 0.024 0.005 0.005 0.010 0.857 0.008 0.006 0.004 0.005 0.016 0.007 0.010 0.017 0.007 0.006 0.009 
 79 TMA-ZAIN-G-    (0)    1 :  0.003 0.012 0.007 0.006 0.007 0.823 0.006 0.004 0.004 0.004 0.018 0.005 0.008 0.055 0.005 0.005 0.028 
 80 TMA-ZAIN-G-    (0)    1 :  0.003 0.079 0.018 0.004 0.004 0.621 0.020 0.011 0.021 0.003 0.042 0.007 0.005 0.081 0.066 0.010 0.006 
 81 TMA-ZAIN-G-    (0)    1 :  0.004 0.082 0.010 0.009 0.007 0.693 0.019 0.005 0.005 0.004 0.066 0.009 0.006 0.027 0.012 0.010 0.033 
 82 TMA-ZAIN-G-    (0)    1 :  0.004 0.487 0.006 0.006 0.004 0.038 0.151 0.013 0.103 0.006 0.100 0.007 0.002 0.017 0.035 0.012 0.007 
 83 TMA-ZAIN-G-    (9)    1 :  0.020 0.056 0.006 0.004 0.008 0.009 0.694 0.010 0.016 0.022 0.016 0.019 0.016 0.021 0.066 0.012 0.004 
 84 TMA-ZAIN-G-    (0)    1 :  0.004 0.073 0.010 0.006 0.009 0.726 0.012 0.004 0.005 0.003 0.065 0.006 0.016 0.029 0.014 0.007 0.011 
 85 TMA-ZAIN-G-    (0)    1 :  0.005 0.004 0.003 0.003 0.004 0.003 0.004 0.003 0.003 0.004 0.004 0.004 0.003 0.003 0.003 0.004 0.943 
 86 TMA-ZAIN-G-    (0)    1 :  0.004 0.012 0.009 0.003 0.004 0.005 0.011 0.005 0.006 0.003 0.013 0.005 0.006 0.011 0.009 0.009 0.885 
 87 TMA-ZAIN-G-    (0)    1 :  0.004 0.003 0.003 0.003 0.004 0.003 0.003 0.003 0.003 0.004 0.003 0.004 0.005 0.003 0.003 0.004 0.945 
 88 TMA-ZAIN-G-    (0)    1 :  0.176 0.075 0.007 0.015 0.008 0.019 0.085 0.088 0.030 0.020 0.025 0.011 0.012 0.036 0.081 0.010 0.302 
 89 TMA-ZAIN-G-    (0)    1 :  0.045 0.032 0.010 0.033 0.008 0.031 0.023 0.394 0.021 0.012 0.037 0.004 0.025 0.045 0.027 0.006 0.247 
 90 TMA-ZAIN-G-    (0)    1 :  0.004 0.018 0.004 0.004 0.005 0.004 0.028 0.033 0.012 0.030 0.005 0.006 0.004 0.005 0.020 0.005 0.813 
 91 TMA-ZAIN-G-    (0)    1 :  0.092 0.013 0.007 0.014 0.006 0.007 0.012 0.037 0.011 0.007 0.017 0.019 0.006 0.011 0.008 0.013 0.719 
 92 TMA-ZAIN-G-    (0)    1 :  0.007 0.013 0.008 0.013 0.035 0.010 0.007 0.293 0.007 0.016 0.011 0.025 0.035 0.011 0.004 0.007 0.497 
 93 TMA-ZAIN-G-    (0)    1 :  0.055 0.010 0.006 0.026 0.022 0.007 0.006 0.541 0.007 0.009 0.008 0.107 0.013 0.009 0.003 0.007 0.164 
 94 TMA-ZAIN-G-    (0)    1 :  0.151 0.005 0.003 0.007 0.009 0.004 0.005 0.051 0.005 0.017 0.006 0.016 0.008 0.005 0.003 0.005 0.699 
 95 TMA-ZAIN-G-    (0)    1 :  0.005 0.005 0.017 0.015 0.025 0.010 0.004 0.004 0.007 0.017 0.006 0.859 0.005 0.007 0.006 0.004 0.005 
 96 TMA-ZAIN-G-    (0)    1 :  0.007 0.005 0.125 0.015 0.077 0.003 0.008 0.005 0.003 0.006 0.005 0.707 0.007 0.005 0.008 0.007 0.008 
 97 TMA-ZAIN-G-    (0)    1 :  0.671 0.006 0.003 0.007 0.027 0.027 0.004 0.015 0.006 0.189 0.008 0.005 0.006 0.006 0.003 0.010 0.008 
 98 TMA-ZAIN-G-    (0)    1 :  0.685 0.005 0.003 0.005 0.004 0.035 0.004 0.012 0.004 0.202 0.007 0.003 0.004 0.006 0.003 0.013 0.006 
 99 TMA-ZAIN-G-    (0)    1 :  0.586 0.013 0.017 0.005 0.005 0.011 0.026 0.004 0.008 0.035 0.122 0.006 0.009 0.118 0.012 0.020 0.003 
100 TMA-ZAIN-G-    (0)    1 :  0.860 0.004 0.003 0.006 0.031 0.005 0.003 0.018 0.005 0.011 0.005 0.006 0.010 0.004 0.003 0.004 0.023 
101 TMA-ZAIN-G-    (0)    1 :  0.766 0.008 0.005 0.007 0.018 0.006 0.005 0.009 0.005 0.060 0.045 0.007 0.005 0.040 0.006 0.006 0.003 
102 TMA-ZAIN-G-    (0)    1 :  0.011 0.011 0.021 0.012 0.034 0.014 0.006 0.005 0.009 0.706 0.011 0.014 0.067 0.013 0.013 0.008 0.043 
103 TMA-ZAIN-G-    (0)    1 :  0.009 0.011 0.007 0.005 0.018 0.007 0.008 0.004 0.005 0.833 0.009 0.012 0.013 0.010 0.010 0.010 0.031 
104 TMA-ZAIN-G-    (0)    1 :  0.006 0.003 0.002 0.003 0.005 0.003 0.003 0.003 0.002 0.945 0.003 0.004 0.005 0.003 0.003 0.004 0.003 
105 TMA-ZAIN-G-    (0)    1 :  0.009 0.012 0.008 0.005 0.010 0.006 0.009 0.004 0.004 0.831 0.011 0.011 0.007 0.010 0.012 0.010 0.041 
106 TMA-ZAIN-G-    (0)    1 :  0.004 0.022 0.359 0.076 0.004 0.070 0.024 0.006 0.044 0.004 0.128 0.006 0.003 0.165 0.049 0.030 0.008 
107 TMA-ZAIN-G-    (0)    1 :  0.004 0.080 0.014 0.011 0.004 0.099 0.029 0.006 0.012 0.005 0.191 0.006 0.003 0.266 0.247 0.017 0.006 
108 TMA-ZAIN-G-    (9)    1 :  0.149 0.021 0.019 0.023 0.034 0.011 0.553 0.012 0.006 0.018 0.030 0.008 0.032 0.018 0.008 0.009 0.051 
109 TMA-ZAIN-G-    (0)    1 :  0.270 0.028 0.059 0.026 0.007 0.007 0.073 0.047 0.099 0.025 0.023 0.028 0.005 0.073 0.154 0.064 0.014 
110 TMA-ZAIN-G-    (0)    1 :  0.047 0.070 0.047 0.016 0.101 0.014 0.074 0.013 0.007 0.038 0.135 0.020 0.120 0.182 0.056 0.039 0.021 
111 TMA-ZAIN-G-    (9)    1 :  0.164 0.113 0.009 0.004 0.092 0.034 0.082 0.019 0.009 0.169 0.019 0.019 0.120 0.013 0.121 0.006 0.007 
112 TMA-ZAIN-G-    (0)    1 :  0.082 0.072 0.137 0.031 0.058 0.014 0.042 0.019 0.020 0.237 0.082 0.025 0.028 0.053 0.051 0.037 0.011 
113 TMA-ZAIN-G-    (0)    1 :  0.860 0.011 0.004 0.005 0.004 0.014 0.008 0.018 0.008 0.014 0.011 0.003 0.008 0.009 0.011 0.006 0.005 
114 TMA-ZAIN-G-    (0)    1 :  0.940 0.003 0.002 0.002 0.004 0.003 0.003 0.004 0.003 0.005 0.003 0.004 0.009 0.003 0.003 0.003 0.005 
115 TMA-ZAIN-G-    (0)    1 :  0.940 0.003 0.003 0.003 0.004 0.003 0.004 0.004 0.003 0.007 0.003 0.004 0.005 0.003 0.004 0.003 0.003 
116 TMA-ZAIN-G-    (0)    1 :  0.004 0.069 0.005 0.005 0.003 0.008 0.648 0.009 0.008 0.006 0.006 0.006 0.003 0.009 0.197 0.011 0.004 
117 TMA-ZAIN-G-    (0)    1 :  0.004 0.044 0.023 0.037 0.006 0.040 0.545 0.024 0.086 0.006 0.031 0.021 0.003 0.037 0.020 0.049 0.022 
118 TMA-ZAIN-G-    (0)    1 :  0.004 0.055 0.010 0.018 0.005 0.012 0.521 0.008 0.016 0.006 0.009 0.010 0.003 0.010 0.295 0.010 0.005 
119 TMA-ZAIN-G-    (0)    1 :  0.013 0.074 0.005 0.004 0.012 0.027 0.610 0.008 0.016 0.014 0.008 0.011 0.012 0.009 0.163 0.009 0.004 
120 TMA-ZAIN-G-    (0)    1 :  0.005 0.064 0.009 0.031 0.007 0.013 0.623 0.009 0.012 0.009 0.013 0.012 0.003 0.016 0.152 0.011 0.010 
121 TMA-ZAIN-G-    (0)    1 :  0.003 0.031 0.008 0.005 0.003 0.007 0.850 0.006 0.022 0.005 0.007 0.009 0.002 0.012 0.013 0.011 0.005 
122 TMA-ZAIN-G-    (0)    1 :  0.003 0.014 0.012 0.006 0.004 0.010 0.700 0.007 0.010 0.004 0.048 0.019 0.005 0.069 0.011 0.034 0.043 
123 TMA-ZAIN-G-    (0)    1 :  0.876 0.006 0.005 0.013 0.012 0.006 0.007 0.007 0.004 0.019 0.006 0.007 0.008 0.006 0.005 0.005 0.011 
124 TMA-ZAIN-G-    (0)    1 :  0.004 0.006 0.020 0.006 0.004 0.004 0.007 0.003 0.003 0.005 0.008 0.005 0.003 0.010 0.006 0.901 0.006 
125 TMA-ZAIN-G-    (0)    1 :  0.002 0.005 0.010 0.008 0.003 0.005 0.004 0.023 0.012 0.002 0.005 0.004 0.002 0.007 0.005 0.897 0.005 
126 TMA-ZAIN-G-    (0)    1 :  0.003 0.006 0.019 0.015 0.003 0.004 0.005 0.005 0.004 0.004 0.006 0.004 0.002 0.010 0.010 0.894 0.005 
127 TMA-ZAIN-G-    (0)    1 :  0.003 0.009 0.040 0.007 0.003 0.004 0.006 0.003 0.005 0.003 0.012 0.004 0.003 0.011 0.011 0.872 0.004 
128 TMA-ZAIN-G-    (0)    1 :  0.003 0.008 0.013 0.006 0.003 0.005 0.019 0.005 0.010 0.004 0.009 0.007 0.003 0.012 0.006 0.884 0.005 
129 TMA-ZAIN-G-    (0)    1 :  0.004 0.005 0.010 0.007 0.003 0.004 0.009 0.004 0.004 0.005 0.008 0.004 0.003 0.011 0.006 0.907 0.005 
130 TMA-ZAIN-G-    (0)    1 :  0.004 0.005 0.005 0.015 0.003 0.004 0.007 0.014 0.004 0.005 0.004 0.004 0.002 0.006 0.008 0.904 0.005 
131 TMA-ZAIN-G-    (0)    1 :  0.003 0.006 0.014 0.008 0.004 0.003 0.006 0.004 0.004 0.004 0.007 0.006 0.003 0.008 0.006 0.909 0.007 
132 TMA-ZAIN-G-    (0)    1 :  0.003 0.009 0.015 0.007 0.003 0.006 0.017 0.014 0.014 0.004 0.012 0.007 0.002 0.011 0.008 0.863 0.005 
133 TMA-ZAIN-G-    (0)    1 :  0.003 0.013 0.209 0.087 0.012 0.043 0.013 0.021 0.065 0.003 0.075 0.015 0.009 0.339 0.025 0.037 0.032 
134 TMA-ZAIN-G-    (0)    1 :  0.003 0.008 0.047 0.159 0.005 0.030 0.008 0.017 0.038 0.003 0.077 0.005 0.005 0.372 0.062 0.131 0.029 
135 TMA-ZAIN-G-    (0)    1 :  0.004 0.027 0.016 0.008 0.004 0.025 0.010 0.006 0.012 0.003 0.122 0.003 0.004 0.601 0.118 0.024 0.012 
136 TMA-ZAIN-G-    (0)    1 :  0.004 0.070 0.017 0.006 0.004 0.021 0.032 0.017 0.340 0.003 0.088 0.008 0.005 0.330 0.031 0.019 0.005 
137 TMA-ZAIN-G-    (0)    1 :  0.005 0.012 0.009 0.005 0.006 0.017 0.015 0.005 0.005 0.004 0.036 0.003 0.007 0.194 0.644 0.014 0.018 
138 TMA-ZAIN-G-    (0)    1 :  0.004 0.072 0.022 0.016 0.003 0.011 0.020 0.013 0.010 0.004 0.132 0.004 0.003 0.444 0.090 0.150 0.003 
139 TMA-ZAIN-G-    (0)    1 :  0.005 0.038 0.012 0.011 0.003 0.033 0.034 0.044 0.009 0.004 0.099 0.004 0.004 0.417 0.176 0.100 0.007 
140 TMA-ZAIN-G-    (0)    1 :  0.004 0.242 0.024 0.006 0.004 0.010 0.028 0.004 0.009 0.004 0.253 0.008 0.004 0.331 0.053 0.013 0.005 
141 TMA-ZAIN-G-    (0)    1 :  0.005 0.130 0.014 0.020 0.005 0.026 0.028 0.005 0.006 0.006 0.376 0.007 0.003 0.302 0.028 0.030 0.010 
142 TMA-ZAIN-G-    (9)    1 :  0.003 0.332 0.012 0.006 0.003 0.012 0.021 0.004 0.011 0.003 0.360 0.006 0.003 0.147 0.057 0.013 0.006 
143 TMA-ZAIN-G-    (0)    1 :  0.004 0.076 0.023 0.008 0.004 0.013 0.088 0.005 0.012 0.004 0.210 0.009 0.003 0.418 0.063 0.055 0.006 
144 TMA-ZAIN-G-    (0)    1 :  0.003 0.208 0.063 0.009 0.009 0.007 0.026 0.016 0.006 0.004 0.154 0.021 0.006 0.303 0.105 0.047 0.011 
145 TMA-ZAIN-G-    (0)    1 :  0.002 0.094 0.015 0.006 0.003 0.034 0.029 0.015 0.258 0.003 0.086 0.006 0.002 0.051 0.361 0.031 0.005 
146 TMA-ZAIN-G-    (0)    1 :  0.003 0.088 0.005 0.004 0.003 0.018 0.005 0.003 0.004 0.003 0.576 0.003 0.003 0.267 0.008 0.005 0.004 
147 TMA-ZAIN-G-    (9)    1 :  0.003 0.022 0.008 0.004 0.003 0.009 0.006 0.003 0.008 0.003 0.562 0.004 0.003 0.343 0.008 0.006 0.004 
148 TMA-ZAIN-G-    (0)    1 :  0.003 0.039 0.019 0.041 0.003 0.010 0.004 0.016 0.004 0.003 0.484 0.003 0.003 0.336 0.005 0.022 0.004 
149 TMA-ZAIN-G-    (0)    1 :  0.013 0.017 0.016 0.018 0.008 0.010 0.014 0.031 0.005 0.020 0.282 0.011 0.012 0.488 0.009 0.024 0.021 
150 TMA-ZAIN-G-    (0)    1 :  0.009 0.026 0.009 0.011 0.007 0.016 0.056 0.052 0.083 0.041 0.214 0.010 0.008 0.407 0.029 0.013 0.009 
151 TMA-ZAIN-G-    (0)    1 :  0.003 0.029 0.156 0.015 0.003 0.005 0.023 0.004 0.007 0.003 0.008 0.004 0.002 0.006 0.724 0.005 0.003 
152 TMA-ZAIN-G-    (0)    1 :  0.005 0.112 0.014 0.016 0.003 0.004 0.044 0.005 0.005 0.003 0.012 0.005 0.003 0.007 0.752 0.006 0.003 
153 TMA-ZAIN-G-    (0)    1 :  0.003 0.101 0.068 0.026 0.003 0.015 0.022 0.013 0.015 0.005 0.059 0.004 0.003 0.112 0.514 0.035 0.004 
154 TMA-ZAIN-G-    (0)    1 :  0.003 0.026 0.006 0.004 0.003 0.004 0.014 0.004 0.004 0.003 0.007 0.003 0.002 0.006 0.901 0.007 0.004 
155 TMA-ZAIN-G-    (0)    1 :  0.004 0.013 0.008 0.006 0.004 0.007 0.009 0.003 0.006 0.005 0.016 0.004 0.003 0.044 0.852 0.010 0.006 
156 TMA-ZAIN-G-    (9)    1 :  0.005 0.111 0.052 0.077 0.004 0.004 0.013 0.010 0.003 0.006 0.021 0.004 0.003 0.020 0.632 0.032 0.003 
157 TMA-ZAIN-G-    (0)    1 :  0.004 0.113 0.052 0.128 0.004 0.008 0.013 0.005 0.007 0.006 0.059 0.004 0.003 0.149 0.420 0.019 0.005 
158 TMA-ZAIN-G-    (0)    1 :  0.003 0.579 0.011 0.004 0.005 0.017 0.014 0.004 0.005 0.004 0.049 0.005 0.003 0.015 0.271 0.006 0.004 
159 TMA-ZAIN-G-    (0)    1 :  0.004 0.179 0.007 0.005 0.003 0.133 0.014 0.005 0.014 0.004 0.110 0.003 0.002 0.078 0.424 0.011 0.004 
160 TMA-ZAIN-G-    (0)    1 :  0.004 0.137 0.005 0.005 0.003 0.113 0.055 0.008 0.019 0.005 0.043 0.003 0.002 0.038 0.547 0.008 0.004 
161 TMA-ZAIN-G-    (0)    1 :  0.003 0.120 0.047 0.015 0.004 0.013 0.018 0.016 0.007 0.004 0.168 0.006 0.003 0.284 0.205 0.085 0.005 
162 TMA-ZAIN-G-    (0)    1 :  0.013 0.009 0.008 0.003 0.005 0.005 0.008 0.009 0.004 0.018 0.006 0.009 0.010 0.007 0.872 0.005 0.010 
163 TMA-ZAIN-G-    (0)    1 :  0.003 0.057 0.004 0.002 0.002 0.006 0.007 0.003 0.004 0.003 0.013 0.003 0.002 0.012 0.870 0.005 0.003 
164 TMA-ZAIN-G-    (0)    1 :  0.005 0.262 0.006 0.004 0.004 0.008 0.064 0.007 0.008 0.006 0.032 0.006 0.005 0.025 0.534 0.012 0.012 
165 TMA-ZAIN-G-    (0)    1 :  0.004 0.191 0.007 0.003 0.003 0.009 0.056 0.003 0.006 0.004 0.041 0.004 0.003 0.043 0.608 0.010 0.003 
166 TMA-ZAIN-G-    (0)    1 :  0.003 0.173 0.019 0.005 0.003 0.023 0.025 0.009 0.013 0.003 0.193 0.004 0.002 0.078 0.401 0.040 0.006 
167 TMA-ZAIN-G-    (0)    1 :  0.005 0.275 0.013 0.008 0.006 0.046 0.016 0.005 0.004 0.005 0.325 0.008 0.005 0.248 0.013 0.009 0.008 
168 TMA-ZAIN-G-    (0)    1 :  0.005 0.475 0.006 0.022 0.005 0.036 0.011 0.006 0.009 0.005 0.380 0.005 0.003 0.017 0.005 0.005 0.006 
169 TMA-ZAIN-G-    (0)    1 :  0.003 0.479 0.004 0.005 0.003 0.028 0.009 0.004 0.028 0.003 0.393 0.004 0.002 0.017 0.007 0.006 0.005 
170 TMA-ZAIN-G-    (0)    1 :  0.030 0.224 0.076 0.061 0.035 0.023 0.032 0.004 0.022 0.012 0.306 0.009 0.012 0.078 0.038 0.033 0.006 
171 TMA-ZAIN-G-    (0)    1 :  0.003 0.476 0.004 0.004 0.003 0.040 0.007 0.003 0.011 0.003 0.400 0.003 0.003 0.026 0.007 0.004 0.004 
172 TMA-ZAIN-G-    (0)    1 :  0.003 0.248 0.243 0.018 0.006 0.011 0.005 0.003 0.005 0.003 0.338 0.005 0.004 0.064 0.011 0.027 0.005 
173 TMA-ZAIN-G-    (0)    1 :  0.003 0.172 0.353 0.022 0.007 0.015 0.009 0.005 0.007 0.004 0.235 0.008 0.003 0.081 0.009 0.057 0.007 
174 TMA-ZAIN-G-    (0)    1 :  0.003 0.095 0.070 0.004 0.003 0.019 0.040 0.007 0.043 0.003 0.189 0.006 0.003 0.108 0.056 0.346 0.004 
175 TMA-ZAIN-G-    (0)    1 :  0.003 0.356 0.004 0.004 0.003 0.066 0.008 0.004 0.006 0.003 0.430 0.003 0.003 0.091 0.007 0.005 0.005 
176 TMA-ZAIN-G-    (0)    1 :  0.003 0.386 0.005 0.004 0.003 0.024 0.006 0.003 0.005 0.003 0.441 0.003 0.003 0.094 0.008 0.005 0.004 
177 TMA-ZAIN-G-    (0)    1 :  0.003 0.435 0.010 0.011 0.004 0.010 0.005 0.003 0.003 0.003 0.427 0.003 0.003 0.065 0.007 0.005 0.004 
178 TMA-ZAIN-G-    (0)    1 :  0.006 0.356 0.144 0.039 0.006 0.012 0.012 0.004 0.004 0.004 0.249 0.007 0.003 0.131 0.010 0.008 0.005 
179 TMA-ZAIN-G-    (0)    1 :  0.003 0.316 0.036 0.015 0.004 0.008 0.008 0.004 0.006 0.003 0.466 0.004 0.002 0.099 0.013 0.009 0.005 
180 TMA-ZAIN-G-    (0)    1 :  0.004 0.027 0.236 0.029 0.006 0.004 0.063 0.012 0.093 0.004 0.058 0.012 0.006 0.079 0.016 0.327 0.024 
181 TMA-ZAIN-G-    (0)    1 :  0.005 0.010 0.725 0.105 0.004 0.010 0.014 0.005 0.005 0.004 0.011 0.004 0.003 0.028 0.048 0.016 0.004 
182 TMA-ZAIN-G-    (0)    1 :  0.007 0.014 0.220 0.175 0.004 0.004 0.016 0.004 0.003 0.006 0.038 0.005 0.003 0.076 0.029 0.389 0.006 
183 TMA-ZAIN-G-    (0)    1 :  0.004 0.009 0.795 0.071 0.004 0.006 0.046 0.004 0.004 0.004 0.012 0.004 0.003 0.011 0.011 0.008 0.005 
184 TMA-ZAIN-G-    (0)    1 :  0.022 0.016 0.646 0.032 0.008 0.011 0.027 0.017 0.007 0.024 0.019 0.012 0.011 0.067 0.043 0.018 0.019 
185 TMA-ZAIN-G-    (0)    1 :  0.010 0.010 0.762 0.004 0.009 0.006 0.008 0.019 0.005 0.012 0.022 0.035 0.013 0.028 0.011 0.031 0.013 
186 TMA-ZAIN-G-    (9)    1 :  0.003 0.019 0.786 0.005 0.007 0.010 0.007 0.005 0.006 0.004 0.029 0.012 0.005 0.024 0.014 0.059 0.005 
187 TMA-ZAIN-G-    (0)    1 :  0.004 0.009 0.772 0.015 0.005 0.037 0.008 0.003 0.015 0.004 0.015 0.005 0.003 0.042 0.045 0.014 0.005 
188 TMA-ZAIN-G-    (0)    1 :  0.003 0.005 0.788 0.006 0.003 0.044 0.041 0.004 0.026 0.003 0.008 0.004 0.002 0.017 0.024 0.017 0.003 
189 TMA-ZAIN-G-    (0)    1 :  0.002 0.006 0.918 0.005 0.003 0.004 0.005 0.002 0.007 0.003 0.008 0.003 0.003 0.008 0.006 0.013 0.003 
190 TMA-ZAIN-G-    (0)    1 :  0.003 0.036 0.758 0.020 0.005 0.028 0.033 0.005 0.019 0.003 0.041 0.007 0.003 0.022 0.005 0.008 0.004 
191 TMA-ZAIN-G-    (0)    1 :  0.010 0.006 0.863 0.004 0.007 0.008 0.009 0.008 0.005 0.010 0.009 0.007 0.013 0.014 0.006 0.007 0.014 
192 TMA-ZAIN-G-    (0)    1 :  0.005 0.007 0.835 0.014 0.009 0.015 0.006 0.005 0.004 0.003 0.015 0.003 0.011 0.021 0.010 0.015 0.021 
193 TMA-ZAIN-G-    (0)    1 :  0.002 0.003 0.005 0.948 0.003 0.003 0.003 0.004 0.004 0.003 0.003 0.003 0.002 0.003 0.003 0.004 0.003 
194 TMA-ZAIN-G-    (0)    1 :  0.002 0.009 0.097 0.736 0.013 0.007 0.006 0.018 0.012 0.003 0.011 0.022 0.006 0.012 0.003 0.039 0.005 
195 TMA-ZAIN-G-    (0)    1 :  0.003 0.021 0.083 0.703 0.009 0.024 0.007 0.006 0.036 0.003 0.027 0.005 0.003 0.022 0.004 0.042 0.004 
196 TMA-ZAIN-G-    (0)    1 :  0.003 0.007 0.025 0.867 0.004 0.005 0.011 0.007 0.018 0.003 0.008 0.007 0.003 0.009 0.008 0.011 0.004 
197 TMA-ZAIN-G-    (0)    1 :  0.003 0.009 0.010 0.877 0.004 0.011 0.008 0.005 0.012 0.003 0.011 0.005 0.003 0.011 0.009 0.011 0.009 
198 TMA-ZAIN-G-    (0)    1 :  0.003 0.011 0.020 0.879 0.003 0.009 0.008 0.005 0.007 0.003 0.014 0.003 0.003 0.012 0.010 0.006 0.004 
199 TMA-ZAIN-G-    (0)    1 :  0.003 0.012 0.835 0.006 0.005 0.007 0.008 0.006 0.005 0.004 0.019 0.009 0.003 0.023 0.013 0.035 0.005 
200 TMA-ZAIN-G-    (0)    1 :  0.016 0.005 0.007 0.051 0.128 0.003 0.004 0.004 0.004 0.014 0.004 0.016 0.731 0.004 0.002 0.003 0.006 
201 TMA-ZAIN-G-    (0)    1 :  0.005 0.004 0.003 0.003 0.035 0.004 0.004 0.003 0.006 0.014 0.005 0.011 0.884 0.004 0.003 0.003 0.006 
202 TMA-ZAIN-G-    (0)    1 :  0.025 0.007 0.016 0.040 0.047 0.003 0.006 0.002 0.004 0.010 0.007 0.008 0.803 0.007 0.005 0.005 0.004 
203 TMA-ZAIN-G-    (0)    1 :  0.016 0.012 0.019 0.758 0.004 0.007 0.035 0.004 0.004 0.010 0.021 0.005 0.003 0.030 0.023 0.045 0.005 
204 TMA-ZAIN-G-    (9)    1 :  0.007 0.011 0.008 0.007 0.037 0.018 0.007 0.028 0.010 0.004 0.022 0.005 0.755 0.016 0.004 0.008 0.054 
205 TMA-ZAIN-G-    (0)    1 :  0.008 0.017 0.008 0.007 0.058 0.009 0.022 0.014 0.006 0.006 0.020 0.005 0.692 0.030 0.067 0.011 0.020 
206 TMA-ZAIN-G-    (9)    1 :  0.014 0.019 0.021 0.053 0.091 0.007 0.014 0.012 0.008 0.010 0.019 0.010 0.549 0.014 0.005 0.007 0.146 
207 TMA-ZAIN-G-    (9)    1 :  0.010 0.146 0.020 0.008 0.022 0.016 0.219 0.052 0.058 0.007 0.053 0.054 0.008 0.110 0.148 0.011 0.057 
208 TMA-ZAIN-G-    (0)    1 :  0.003 0.279 0.027 0.004 0.004 0.016 0.078 0.005 0.050 0.003 0.157 0.010 0.003 0.310 0.043 0.007 0.003 
209 TMA-ZAIN-G-    (0)    1 :  0.003 0.087 0.030 0.191 0.004 0.044 0.008 0.064 0.013 0.003 0.158 0.004 0.003 0.208 0.039 0.133 0.009 
210 TMA-ZAIN-G-    (0)    1 :  0.004 0.036 0.084 0.320 0.005 0.050 0.017 0.015 0.082 0.004 0.105 0.009 0.003 0.149 0.055 0.048 0.013 
211 TMA-ZAIN-G-    (0)    1 :  0.010 0.029 0.104 0.065 0.022 0.044 0.037 0.010 0.024 0.008 0.134 0.016 0.017 0.179 0.023 0.270 0.009 
212 TMA-ZAIN-G-    (0)    1 :  0.004 0.120 0.207 0.026 0.004 0.005 0.045 0.006 0.011 0.003 0.279 0.009 0.004 0.203 0.026 0.037 0.012 
213 TMA-ZAIN-G-    (0)    1 :  0.003 0.069 0.050 0.017 0.004 0.010 0.004 0.006 0.005 0.004 0.181 0.005 0.004 0.585 0.032 0.018 0.004 
214 TMA-ZAIN-G-    (0)    1 :  0.003 0.072 0.055 0.016 0.004 0.034 0.005 0.007 0.030 0.003 0.149 0.004 0.003 0.456 0.053 0.102 0.004 
215 TMA-ZAIN-G-    (0)    1 :  0.003 0.159 0.194 0.004 0.227 0.033 0.033 0.002 0.004 0.003 0.184 0.004 0.009 0.116 0.013 0.010 0.003 
216 TMA-ZAIN-G-    (0)    1 :  0.003 0.100 0.306 0.016 0.006 0.010 0.006 0.015 0.006 0.003 0.143 0.007 0.004 0.220 0.016 0.134 0.006 
217 TMA-ZAIN-G-    (0)    1 :  0.003 0.031 0.019 0.035 0.003 0.046 0.005 0.006 0.071 0.003 0.203 0.003 0.003 0.453 0.018 0.093 0.005 
218 TMA-ZAIN-G-    (0)    1 :  0.006 0.012 0.007 0.003 0.886 0.004 0.005 0.006 0.009 0.007 0.008 0.014 0.003 0.004 0.007 0.014 0.005 
219 TMA-ZAIN-G-    (0)    1 :  0.005 0.005 0.005 0.003 0.913 0.004 0.004 0.008 0.004 0.004 0.004 0.007 0.006 0.004 0.005 0.008 0.012 
220 TMA-ZAIN-G-    (0)    1 :  0.009 0.013 0.006 0.004 0.458 0.005 0.231 0.005 0.008 0.067 0.006 0.151 0.005 0.005 0.010 0.005 0.010 
221 TMA-ZAIN-G-    (0)    1 :  0.004 0.011 0.018 0.005 0.865 0.006 0.006 0.005 0.004 0.003 0.011 0.009 0.012 0.010 0.008 0.015 0.009 
222 TMA-ZAIN-G-    (0)    1 :  0.006 0.019 0.006 0.005 0.809 0.007 0.014 0.009 0.011 0.039 0.009 0.005 0.007 0.007 0.014 0.014 0.019 
223 TMA-ZAIN-G-    (0)    1 :  0.007 0.006 0.004 0.003 0.897 0.004 0.006 0.004 0.005 0.005 0.005 0.017 0.007 0.005 0.004 0.005 0.015 
