

----------------------------------------------------
STRUCTURE by Pritchard, Stephens and Donnelly (2000)
     and Falush, Stephens and Pritchard (2003)
       Code by Pritchard, Falush and Hubisz
             Version 2.3.4 (Jul 2012)
----------------------------------------------------



Command line arguments:   bin\structure -m C:\Users\eschumacher\Documents\GitHub\GCC_QUAC_ZAIN\Data_Files\Structure_Files\ZAIN\ZAIN_rebinned_allpop_str\50-50\mainparams -e C:\Users\eschumacher\Documents\GitHub\GCC_QUAC_ZAIN\Data_Files\Structure_Files\ZAIN\ZAIN_rebinned_allpop_str\50-50\extraparams 
Input File:    C:\Users\eschumacher\Documents\GitHub\GCC_QUAC_ZAIN\Data_Files\Structure_Files\ZAIN\ZAIN_rebinned_allpop_str\project_data

Run parameters:
   1133 individuals
   11 loci
   17 populations assumed
   50000 Burn-in period
   50000 Reps


--------------------------------------------
Proportion of membership of each pre-defined
 population in each of the 17 clusters

Given    Inferred Clusters                                                                                                         Number of
 Pop       1      2      3      4      5      6      7      8      9     10     11     12     13     14     15     16     17      Individuals

  1:     0.082  0.054  0.033  0.033  0.072  0.073  0.044  0.024  0.062  0.040  0.106  0.075  0.065  0.048  0.072  0.055  0.063      303
  2:     0.046  0.034  0.026  0.024  0.151  0.096  0.014  0.033  0.041  0.021  0.044  0.145  0.028  0.105  0.081  0.038  0.072       15
  3:     0.364  0.011  0.008  0.009  0.005  0.017  0.221  0.012  0.072  0.018  0.031  0.112  0.016  0.037  0.041  0.011  0.015        2
  4:     0.055  0.047  0.049  0.019  0.024  0.114  0.006  0.203  0.015  0.017  0.011  0.135  0.061  0.101  0.065  0.016  0.062        2
  5:     0.318  0.066  0.032  0.040  0.012  0.050  0.161  0.015  0.043  0.017  0.012  0.024  0.022  0.037  0.047  0.007  0.096        7
  6:     0.008  0.060  0.014  0.007  0.006  0.103  0.076  0.009  0.008  0.035  0.378  0.020  0.005  0.239  0.008  0.011  0.013       13
  7:     0.013  0.006  0.018  0.003  0.004  0.006  0.005  0.008  0.004  0.009  0.550  0.006  0.005  0.340  0.005  0.011  0.007       13
  8:     0.016  0.115  0.010  0.056  0.008  0.041  0.044  0.014  0.034  0.024  0.015  0.034  0.440  0.007  0.040  0.007  0.095        7
  9:     0.010  0.065  0.006  0.020  0.008  0.238  0.045  0.021  0.042  0.019  0.009  0.197  0.044  0.035  0.086  0.048  0.105       11
 10:     0.092  0.080  0.054  0.018  0.013  0.043  0.013  0.062  0.057  0.012  0.011  0.037  0.359  0.016  0.030  0.026  0.077        9
 11:     0.012  0.005  0.011  0.004  0.005  0.005  0.004  0.009  0.005  0.009  0.019  0.007  0.008  0.014  0.007  0.868  0.007       35
 12:     0.006  0.047  0.006  0.022  0.016  0.075  0.012  0.008  0.086  0.015  0.004  0.230  0.125  0.006  0.251  0.005  0.086       36
 13:     0.006  0.015  0.006  0.026  0.008  0.045  0.020  0.012  0.099  0.009  0.005  0.188  0.065  0.005  0.341  0.004  0.147       33
 14:     0.006  0.010  0.011  0.010  0.817  0.006  0.009  0.008  0.007  0.039  0.013  0.012  0.007  0.011  0.012  0.006  0.017       40
 15:     0.004  0.019  0.004  0.007  0.006  0.024  0.877  0.006  0.007  0.006  0.003  0.009  0.007  0.003  0.008  0.003  0.007       39
 16:     0.089  0.013  0.029  0.018  0.017  0.018  0.011  0.144  0.016  0.013  0.027  0.017  0.018  0.418  0.026  0.100  0.028       40
 17:     0.562  0.010  0.057  0.016  0.018  0.008  0.010  0.051  0.009  0.046  0.066  0.012  0.008  0.078  0.014  0.023  0.011       37
 18:     0.003  0.026  0.005  0.021  0.006  0.038  0.012  0.006  0.029  0.008  0.003  0.096  0.517  0.004  0.107  0.004  0.113       40
 19:     0.008  0.006  0.093  0.003  0.005  0.006  0.014  0.007  0.004  0.040  0.006  0.006  0.005  0.015  0.006  0.770  0.007       28
 20:     0.004  0.007  0.004  0.006  0.014  0.005  0.005  0.005  0.005  0.908  0.005  0.007  0.005  0.004  0.006  0.004  0.006       14
 21:     0.051  0.009  0.012  0.005  0.007  0.012  0.031  0.010  0.007  0.021  0.778  0.012  0.007  0.010  0.011  0.009  0.009       13
 22:     0.003  0.903  0.004  0.005  0.007  0.011  0.013  0.005  0.005  0.005  0.002  0.008  0.008  0.003  0.006  0.003  0.007       14
 23:     0.004  0.024  0.006  0.019  0.006  0.010  0.008  0.006  0.715  0.007  0.004  0.098  0.018  0.004  0.032  0.003  0.038       25
 24:     0.005  0.008  0.006  0.874  0.008  0.008  0.006  0.006  0.010  0.005  0.005  0.012  0.011  0.006  0.012  0.005  0.014       40
 25:     0.010  0.057  0.013  0.009  0.637  0.029  0.018  0.017  0.014  0.033  0.009  0.029  0.023  0.022  0.026  0.033  0.021       32
 26:     0.005  0.003  0.003  0.005  0.004  0.004  0.004  0.003  0.005  0.004  0.934  0.005  0.003  0.004  0.005  0.003  0.005       20
 27:     0.044  0.016  0.021  0.005  0.006  0.007  0.004  0.169  0.007  0.013  0.006  0.008  0.016  0.110  0.010  0.548  0.011        4
 28:     0.010  0.009  0.357  0.009  0.008  0.010  0.005  0.016  0.012  0.011  0.014  0.012  0.051  0.175  0.024  0.238  0.039       23
 29:     0.007  0.005  0.908  0.004  0.006  0.004  0.004  0.007  0.004  0.006  0.005  0.004  0.005  0.010  0.005  0.012  0.005       39
 30:     0.008  0.005  0.034  0.004  0.005  0.004  0.004  0.008  0.005  0.021  0.510  0.007  0.006  0.338  0.007  0.027  0.006       38
 31:     0.006  0.073  0.004  0.045  0.009  0.511  0.144  0.012  0.020  0.007  0.004  0.052  0.026  0.005  0.044  0.004  0.031       45
 32:     0.010  0.064  0.005  0.018  0.011  0.252  0.122  0.007  0.068  0.016  0.008  0.157  0.056  0.005  0.122  0.005  0.074       28
 33:     0.021  0.008  0.417  0.005  0.007  0.004  0.007  0.008  0.005  0.005  0.010  0.012  0.006  0.042  0.005  0.432  0.008        6
 34:     0.020  0.008  0.017  0.012  0.006  0.009  0.009  0.842  0.006  0.011  0.006  0.007  0.006  0.012  0.007  0.014  0.008       40
 35:     0.734  0.011  0.012  0.011  0.009  0.016  0.009  0.023  0.008  0.018  0.049  0.010  0.006  0.050  0.010  0.017  0.007       42
--------------------------------------------

Allele-freq. divergence among pops (Net nucleotide distance),
computed using point estimates of P.

      1       2       3       4       5       6       7       8       9      10      11      12      13      14      15      16      17      
 1      -    0.1937  0.1234  0.2963  0.1832  0.1686  0.2004  0.1105  0.2087  0.1529  0.1376  0.1931  0.2674  0.0603  0.2095  0.1384  0.2134  
 2   0.1937     -    0.2710  0.1686  0.1925  0.0656  0.1798  0.1441  0.1700  0.1901  0.3864  0.0884  0.1190  0.2049  0.1210  0.2796  0.0890  
 3   0.1234  0.2710     -    0.3991  0.1970  0.3035  0.3111  0.1957  0.3141  0.2596  0.2545  0.2863  0.3142  0.0902  0.2837  0.0976  0.2575  
 4   0.2963  0.1686  0.3991     -    0.2339  0.1533  0.2977  0.1916  0.1258  0.2936  0.4094  0.1313  0.1747  0.2585  0.1602  0.3847  0.1044  
 5   0.1832  0.1925  0.1970  0.2339     -    0.2318  0.2112  0.2043  0.2530  0.2154  0.3132  0.2541  0.3016  0.1607  0.2665  0.2267  0.2158  
 6   0.1686  0.0656  0.3035  0.1533  0.2318     -    0.1443  0.1437  0.1324  0.2155  0.3168  0.0649  0.1060  0.1928  0.0922  0.2937  0.1001  
 7   0.2004  0.1798  0.3111  0.2977  0.2112  0.1443     -    0.2454  0.2583  0.2509  0.4012  0.2288  0.3149  0.2716  0.2632  0.3154  0.2581  
 8   0.1105  0.1441  0.1957  0.1916  0.2043  0.1437  0.2454     -    0.2173  0.1825  0.2860  0.1608  0.2334  0.1217  0.1786  0.2253  0.1352  
 9   0.2087  0.1700  0.3141  0.1258  0.2530  0.1324  0.2583  0.2173     -    0.2239  0.3314  0.0670  0.1244  0.2054  0.0731  0.2896  0.0940  
10   0.1529  0.1901  0.2596  0.2936  0.2154  0.2155  0.2509  0.1825  0.2239     -    0.2678  0.1821  0.2896  0.1731  0.2092  0.2511  0.2002  
11   0.1376  0.3864  0.2545  0.4094  0.3132  0.3168  0.4012  0.2860  0.3314  0.2678     -    0.3087  0.4084  0.1080  0.3313  0.2138  0.3448  
12   0.1931  0.0884  0.2863  0.1313  0.2541  0.0649  0.2288  0.1608  0.0670  0.1821  0.3087     -    0.0667  0.1895  0.0174  0.2673  0.0459  
13   0.2674  0.1190  0.3142  0.1747  0.3016  0.1060  0.3149  0.2334  0.1244  0.2896  0.4084  0.0667     -    0.2355  0.0505  0.2911  0.0556  
14   0.0603  0.2049  0.0902  0.2585  0.1607  0.1928  0.2716  0.1217  0.2054  0.1731  0.1080  0.1895  0.2355     -    0.1976  0.0777  0.1853  
15   0.2095  0.1210  0.2837  0.1602  0.2665  0.0922  0.2632  0.1786  0.0731  0.2092  0.3313  0.0174  0.0505  0.1976     -    0.2705  0.0436  
16   0.1384  0.2796  0.0976  0.3847  0.2267  0.2937  0.3154  0.2253  0.2896  0.2511  0.2138  0.2673  0.2911  0.0777  0.2705     -    0.2460  
17   0.2134  0.0890  0.2575  0.1044  0.2158  0.1001  0.2581  0.1352  0.0940  0.2002  0.3448  0.0459  0.0556  0.1853  0.0436  0.2460     -    

Average distances (expected heterozygosity) between individuals in same cluster:
cluster  1  : 0.5201 
cluster  2  : 0.3504 
cluster  3  : 0.3217 
cluster  4  : 0.3459 
cluster  5  : 0.3625 
cluster  6  : 0.4316 
cluster  7  : 0.2262 
cluster  8  : 0.4049 
cluster  9  : 0.3875 
cluster 10  : 0.2454 
cluster 11  : 0.3701 
cluster 12  : 0.3813 
cluster 13  : 0.3178 
cluster 14  : 0.5783 
cluster 15  : 0.3471 
cluster 16  : 0.4811 
cluster 17  : 0.3947 

--------------------------------------------
Estimated Ln Prob of Data   = -46907.9
Mean value of ln likelihood = -19251.6
Variance of ln likelihood   = 55312.6
Mean value of alpha         = 0.0340

Mean value of Fst_1         = 0.1798
Mean value of Fst_2         = 0.5356
Mean value of Fst_3         = 0.5336
Mean value of Fst_4         = 0.4534
Mean value of Fst_5         = 0.4725
Mean value of Fst_6         = 0.3318
Mean value of Fst_7         = 0.6262
Mean value of Fst_8         = 0.3846
Mean value of Fst_9         = 0.4090
Mean value of Fst_10         = 0.6376
Mean value of Fst_11         = 0.5297
Mean value of Fst_12         = 0.3389
Mean value of Fst_13         = 0.4760
Mean value of Fst_14         = 0.3180
Mean value of Fst_15         = 0.4265
Mean value of Fst_16         = 0.4447
Mean value of Fst_17         = 0.3725


Inferred ancestry of individuals:
        Label (%Miss) Pop:  Inferred clusters
  1 TMA-ZAIN-G-    (9)    1 :  0.029 0.011 0.022 0.007 0.009 0.035 0.029 0.014 0.005 0.007 0.006 0.006 0.007 0.047 0.010 0.602 0.153 
  2 TMA-ZAIN-G-    (0)    1 :  0.011 0.004 0.016 0.004 0.018 0.009 0.007 0.004 0.103 0.015 0.005 0.011 0.007 0.217 0.025 0.494 0.051 
  3 TMA-ZAIN-G-    (0)    1 :  0.004 0.041 0.005 0.045 0.008 0.021 0.017 0.018 0.012 0.007 0.003 0.033 0.058 0.004 0.086 0.005 0.634 
  4 TMA-ZAIN-G-    (0)    1 :  0.005 0.012 0.009 0.043 0.018 0.008 0.015 0.006 0.010 0.554 0.004 0.021 0.091 0.005 0.076 0.005 0.117 
  5 TMA-ZAIN-G-    (0)    1 :  0.003 0.003 0.009 0.002 0.006 0.002 0.002 0.004 0.002 0.005 0.005 0.003 0.003 0.025 0.003 0.919 0.003 
  6 TMA-ZAIN-G-    (0)    1 :  0.023 0.056 0.012 0.033 0.013 0.017 0.010 0.157 0.012 0.029 0.025 0.025 0.012 0.023 0.034 0.021 0.497 
  7 TMA-ZAIN-G-    (0)    1 :  0.009 0.153 0.010 0.007 0.011 0.029 0.035 0.016 0.021 0.079 0.005 0.344 0.033 0.008 0.080 0.009 0.153 
  8 TMA-ZAIN-G-    (0)    1 :  0.003 0.884 0.004 0.007 0.009 0.007 0.004 0.005 0.008 0.004 0.002 0.009 0.013 0.004 0.011 0.004 0.021 
  9 TMA-ZAIN-G-    (9)    1 :  0.006 0.017 0.005 0.018 0.004 0.076 0.007 0.031 0.056 0.006 0.004 0.334 0.036 0.009 0.132 0.006 0.253 
 10 TMA-ZAIN-G-    (0)    1 :  0.006 0.044 0.004 0.030 0.009 0.120 0.011 0.038 0.029 0.009 0.004 0.279 0.022 0.005 0.304 0.003 0.084 
 11 TMA-ZAIN-G-    (0)    1 :  0.006 0.008 0.006 0.004 0.005 0.071 0.007 0.005 0.014 0.011 0.004 0.728 0.006 0.005 0.027 0.004 0.089 
 12 TMA-ZAIN-G-    (0)    1 :  0.006 0.016 0.005 0.005 0.005 0.043 0.028 0.009 0.008 0.005 0.003 0.024 0.548 0.004 0.140 0.006 0.144 
 13 TMA-ZAIN-G-    (9)    1 :  0.022 0.035 0.032 0.013 0.013 0.093 0.096 0.010 0.152 0.012 0.035 0.313 0.032 0.038 0.043 0.030 0.030 
 14 TMA-ZAIN-G-    (9)    1 :  0.010 0.009 0.003 0.006 0.007 0.067 0.779 0.011 0.017 0.005 0.014 0.019 0.007 0.006 0.030 0.003 0.008 
 15 TMA-ZAIN-G-    (0)    1 :  0.005 0.009 0.003 0.007 0.006 0.124 0.584 0.005 0.004 0.004 0.002 0.005 0.005 0.004 0.011 0.003 0.218 
 16 TMA-ZAIN-G-    (0)    1 :  0.004 0.007 0.004 0.005 0.003 0.015 0.005 0.006 0.008 0.004 0.004 0.069 0.184 0.004 0.654 0.003 0.021 
 17 TMA-ZAIN-G-    (9)    1 :  0.016 0.079 0.006 0.006 0.019 0.667 0.013 0.014 0.005 0.105 0.006 0.009 0.008 0.012 0.008 0.009 0.019 
 18 TMA-ZAIN-G-    (0)    1 :  0.071 0.008 0.495 0.005 0.037 0.006 0.008 0.012 0.004 0.014 0.005 0.004 0.011 0.281 0.005 0.027 0.007 
 19 TMA-ZAIN-G-    (0)    1 :  0.519 0.070 0.019 0.004 0.004 0.020 0.011 0.184 0.007 0.040 0.021 0.022 0.022 0.011 0.017 0.011 0.015 
 20 TMA-ZAIN-G-    (0)    1 :  0.738 0.004 0.043 0.005 0.034 0.003 0.003 0.006 0.005 0.006 0.041 0.003 0.003 0.066 0.004 0.031 0.004 
 21 TMA-ZAIN-G-    (0)    1 :  0.004 0.003 0.003 0.004 0.005 0.004 0.002 0.004 0.003 0.004 0.944 0.004 0.003 0.004 0.004 0.003 0.004 
 22 TMA-ZAIN-G-    (0)    1 :  0.011 0.003 0.059 0.002 0.005 0.003 0.003 0.009 0.003 0.007 0.501 0.003 0.002 0.344 0.003 0.039 0.003 
 23 TMA-ZAIN-G-    (0)    1 :  0.028 0.008 0.034 0.003 0.004 0.006 0.006 0.018 0.005 0.010 0.494 0.007 0.005 0.354 0.006 0.009 0.004 
 24 TMA-ZAIN-G-    (9)    1 :  0.003 0.003 0.007 0.075 0.006 0.016 0.014 0.003 0.195 0.003 0.404 0.012 0.008 0.231 0.007 0.006 0.006 
 25 TMA-ZAIN-G-    (9)    1 :  0.484 0.003 0.010 0.004 0.004 0.007 0.003 0.007 0.046 0.003 0.010 0.003 0.004 0.065 0.011 0.130 0.204 
 26 TMA-ZAIN-G-    (9)    1 :  0.008 0.019 0.005 0.008 0.445 0.065 0.011 0.004 0.048 0.011 0.041 0.022 0.007 0.008 0.030 0.007 0.260 
 27 TMA-ZAIN-G-    (0)    1 :  0.053 0.010 0.013 0.009 0.014 0.023 0.075 0.380 0.005 0.020 0.023 0.012 0.004 0.244 0.011 0.091 0.012 
 28 TMA-ZAIN-G-    (0)    1 :  0.009 0.008 0.012 0.004 0.004 0.004 0.007 0.911 0.003 0.005 0.003 0.005 0.004 0.004 0.004 0.006 0.007 
 29 TMA-ZAIN-G-    (0)    1 :  0.221 0.004 0.004 0.704 0.016 0.005 0.005 0.005 0.005 0.003 0.004 0.004 0.004 0.004 0.004 0.003 0.004 
 30 TMA-ZAIN-G-    (0)    1 :  0.019 0.010 0.004 0.027 0.005 0.134 0.051 0.485 0.085 0.007 0.004 0.050 0.044 0.005 0.040 0.004 0.025 
 31 TMA-ZAIN-G-    (0)    1 :  0.012 0.006 0.027 0.006 0.064 0.003 0.006 0.005 0.009 0.021 0.010 0.007 0.004 0.032 0.006 0.778 0.005 
 32 TMA-ZAIN-G-    (9)    1 :  0.021 0.005 0.442 0.003 0.004 0.024 0.007 0.004 0.007 0.004 0.017 0.007 0.018 0.053 0.035 0.026 0.322 
 33 TMA-ZAIN-G-   (18)    1 :  0.004 0.021 0.005 0.008 0.003 0.024 0.005 0.007 0.006 0.003 0.003 0.017 0.037 0.004 0.055 0.004 0.795 
 34 TMA-ZAIN-G-    (0)    1 :  0.008 0.006 0.038 0.004 0.004 0.005 0.004 0.005 0.007 0.004 0.015 0.010 0.024 0.015 0.104 0.025 0.722 
 35 TMA-ZAIN-G-    (9)    1 :  0.005 0.006 0.006 0.009 0.006 0.013 0.008 0.006 0.006 0.006 0.003 0.007 0.008 0.004 0.108 0.004 0.797 
 36 TMA-ZAIN-G-    (0)    1 :  0.005 0.050 0.005 0.011 0.015 0.174 0.103 0.006 0.246 0.007 0.002 0.041 0.011 0.004 0.030 0.003 0.284 
 37 TMA-ZAIN-G-    (9)    1 :  0.004 0.008 0.004 0.005 0.005 0.006 0.003 0.007 0.005 0.010 0.004 0.010 0.006 0.004 0.052 0.004 0.863 
 38 TMA-ZAIN-G-   (18)    1 :  0.033 0.005 0.014 0.005 0.006 0.022 0.012 0.005 0.007 0.010 0.010 0.007 0.008 0.026 0.026 0.465 0.340 
 39 TMA-ZAIN-G-    (0)    1 :  0.004 0.015 0.003 0.013 0.008 0.061 0.004 0.009 0.587 0.009 0.006 0.057 0.076 0.004 0.077 0.004 0.062 
 40 TMA-ZAIN-G-    (0)    1 :  0.004 0.010 0.003 0.007 0.005 0.498 0.004 0.004 0.092 0.017 0.007 0.039 0.104 0.003 0.024 0.004 0.174 
 41 TMA-ZAIN-G-    (0)    1 :  0.003 0.025 0.002 0.006 0.005 0.652 0.022 0.004 0.177 0.003 0.003 0.007 0.013 0.004 0.020 0.003 0.050 
 42 TMA-ZAIN-G-    (9)    1 :  0.003 0.048 0.003 0.008 0.015 0.802 0.071 0.003 0.008 0.005 0.002 0.006 0.008 0.004 0.005 0.003 0.007 
 43 TMA-ZAIN-G-    (0)    1 :  0.004 0.016 0.003 0.012 0.005 0.011 0.914 0.003 0.004 0.004 0.002 0.004 0.003 0.002 0.005 0.003 0.004 
 44 TMA-ZAIN-G-    (0)    1 :  0.012 0.007 0.004 0.008 0.003 0.008 0.004 0.003 0.035 0.007 0.756 0.070 0.007 0.005 0.039 0.005 0.026 
 45 TMA-ZAIN-G-    (0)    1 :  0.006 0.014 0.004 0.005 0.007 0.087 0.014 0.010 0.009 0.013 0.008 0.125 0.058 0.008 0.587 0.006 0.040 
 46 TMA-ZAIN-G-    (0)    1 :  0.005 0.003 0.004 0.003 0.005 0.003 0.003 0.003 0.004 0.008 0.939 0.004 0.002 0.004 0.004 0.003 0.003 
 47 TMA-ZAIN-G-    (0)    1 :  0.004 0.005 0.004 0.004 0.926 0.004 0.004 0.005 0.003 0.013 0.004 0.003 0.005 0.003 0.004 0.003 0.005 
 48 TMA-ZAIN-G-    (0)    1 :  0.011 0.140 0.007 0.014 0.169 0.121 0.047 0.058 0.014 0.111 0.025 0.158 0.012 0.017 0.068 0.005 0.025 
 49 TMA-ZAIN-G-    (9)    1 :  0.759 0.008 0.026 0.038 0.007 0.007 0.004 0.012 0.006 0.020 0.004 0.010 0.031 0.011 0.022 0.005 0.027 
 50 TMA-ZAIN-G-    (0)    1 :  0.770 0.012 0.004 0.003 0.003 0.081 0.008 0.028 0.027 0.005 0.005 0.006 0.010 0.010 0.005 0.017 0.006 
 51 TMA-ZAIN-G-    (0)    1 :  0.792 0.010 0.007 0.006 0.014 0.019 0.052 0.022 0.007 0.015 0.008 0.012 0.004 0.007 0.011 0.007 0.009 
 52 TMA-ZAIN-G-    (0)    1 :  0.723 0.009 0.006 0.003 0.029 0.007 0.015 0.026 0.005 0.124 0.008 0.009 0.010 0.006 0.008 0.006 0.006 
 53 TMA-ZAIN-G-    (0)    1 :  0.450 0.011 0.011 0.005 0.069 0.013 0.051 0.010 0.017 0.056 0.006 0.018 0.003 0.021 0.014 0.239 0.006 
 54 TMA-ZAIN-G-    (0)    1 :  0.008 0.013 0.008 0.003 0.884 0.012 0.010 0.011 0.004 0.004 0.004 0.007 0.007 0.008 0.008 0.003 0.005 
 55 TMA-ZAIN-G-    (0)    1 :  0.022 0.015 0.007 0.003 0.802 0.043 0.020 0.023 0.004 0.003 0.007 0.009 0.010 0.015 0.010 0.003 0.004 
 56 TMA-ZAIN-G-    (0)    1 :  0.033 0.065 0.003 0.019 0.047 0.181 0.028 0.068 0.021 0.360 0.006 0.072 0.012 0.012 0.031 0.009 0.032 
 57 TMA-ZAIN-G-    (0)    1 :  0.023 0.005 0.006 0.008 0.821 0.005 0.005 0.004 0.010 0.009 0.003 0.010 0.044 0.011 0.011 0.010 0.015 
 58 TMA-ZAIN-G-    (0)    1 :  0.197 0.037 0.079 0.006 0.028 0.016 0.009 0.092 0.004 0.015 0.032 0.009 0.012 0.433 0.007 0.013 0.010 
 59 TMA-ZAIN-G-    (0)    1 :  0.012 0.045 0.030 0.012 0.014 0.023 0.010 0.021 0.012 0.030 0.019 0.127 0.013 0.060 0.050 0.472 0.051 
 60 TMA-ZAIN-G-    (0)    1 :  0.130 0.018 0.137 0.006 0.018 0.013 0.141 0.093 0.005 0.032 0.010 0.018 0.006 0.112 0.015 0.236 0.010 
 61 TMA-ZAIN-G-    (0)    1 :  0.009 0.004 0.013 0.003 0.015 0.003 0.003 0.006 0.003 0.029 0.015 0.004 0.003 0.016 0.004 0.866 0.005 
 62 TMA-ZAIN-G-    (9)    1 :  0.015 0.007 0.008 0.006 0.010 0.018 0.006 0.037 0.015 0.003 0.015 0.014 0.017 0.054 0.033 0.723 0.022 
 63 TMA-ZAIN-G-    (0)    1 :  0.020 0.012 0.137 0.003 0.018 0.009 0.013 0.015 0.003 0.016 0.007 0.007 0.012 0.103 0.009 0.608 0.007 
 64 TMA-ZAIN-G-    (0)    1 :  0.002 0.004 0.002 0.933 0.003 0.005 0.005 0.003 0.009 0.003 0.002 0.007 0.005 0.002 0.006 0.002 0.005 
 65 TMA-ZAIN-G-    (9)    1 :  0.003 0.008 0.004 0.853 0.007 0.006 0.005 0.006 0.006 0.005 0.002 0.009 0.017 0.003 0.012 0.003 0.051 
 66 TMA-ZAIN-G-    (0)    1 :  0.003 0.006 0.003 0.855 0.004 0.008 0.005 0.005 0.013 0.005 0.003 0.029 0.010 0.003 0.030 0.002 0.017 
 67 TMA-ZAIN-G-    (0)    1 :  0.010 0.007 0.003 0.672 0.005 0.012 0.003 0.014 0.097 0.004 0.014 0.032 0.016 0.009 0.076 0.004 0.020 
 68 TMA-ZAIN-G-    (0)    1 :  0.003 0.008 0.003 0.934 0.005 0.006 0.006 0.004 0.004 0.004 0.002 0.005 0.004 0.002 0.005 0.002 0.005 
 69 TMA-ZAIN-G-    (0)    1 :  0.021 0.007 0.031 0.682 0.008 0.005 0.015 0.006 0.027 0.018 0.023 0.023 0.024 0.014 0.049 0.010 0.036 
 70 TMA-ZAIN-G-    (0)    1 :  0.004 0.004 0.003 0.012 0.003 0.006 0.005 0.004 0.832 0.004 0.004 0.077 0.008 0.003 0.021 0.003 0.007 
 71 TMA-ZAIN-G-    (0)    1 :  0.003 0.004 0.003 0.004 0.003 0.006 0.003 0.003 0.873 0.004 0.003 0.015 0.010 0.003 0.050 0.003 0.009 
 72 TMA-ZAIN-G-    (0)    1 :  0.004 0.005 0.003 0.011 0.006 0.009 0.006 0.008 0.886 0.004 0.003 0.014 0.007 0.004 0.018 0.003 0.008 
 73 TMA-ZAIN-G-    (0)    1 :  0.012 0.005 0.013 0.006 0.011 0.005 0.003 0.010 0.838 0.004 0.019 0.006 0.007 0.027 0.010 0.014 0.010 
 74 TMA-ZAIN-G-    (0)    1 :  0.006 0.005 0.004 0.004 0.005 0.005 0.003 0.004 0.902 0.003 0.005 0.008 0.009 0.007 0.014 0.005 0.011 
 75 TMA-ZAIN-G-    (0)    1 :  0.004 0.005 0.004 0.005 0.007 0.005 0.004 0.005 0.911 0.005 0.003 0.006 0.007 0.004 0.014 0.004 0.008 
 76 TMA-ZAIN-G-    (0)    1 :  0.009 0.004 0.003 0.005 0.003 0.005 0.003 0.004 0.854 0.003 0.015 0.012 0.007 0.007 0.056 0.004 0.007 
 77 TMA-ZAIN-G-    (0)    1 :  0.006 0.004 0.003 0.005 0.004 0.008 0.006 0.005 0.913 0.008 0.005 0.008 0.004 0.003 0.008 0.003 0.006 
 78 TMA-ZAIN-G-    (0)    1 :  0.011 0.005 0.005 0.004 0.007 0.005 0.005 0.008 0.859 0.009 0.011 0.012 0.006 0.006 0.034 0.005 0.008 
 79 TMA-ZAIN-G-    (0)    1 :  0.008 0.005 0.004 0.004 0.004 0.007 0.006 0.005 0.870 0.025 0.009 0.015 0.006 0.004 0.020 0.003 0.005 
 80 TMA-ZAIN-G-    (0)    1 :  0.004 0.010 0.002 0.022 0.011 0.018 0.004 0.007 0.685 0.006 0.005 0.034 0.087 0.004 0.078 0.003 0.018 
 81 TMA-ZAIN-G-    (0)    1 :  0.009 0.010 0.004 0.005 0.005 0.010 0.008 0.009 0.643 0.030 0.007 0.051 0.011 0.004 0.174 0.004 0.017 
 82 TMA-ZAIN-G-    (0)    1 :  0.004 0.014 0.006 0.120 0.014 0.007 0.006 0.007 0.042 0.007 0.003 0.042 0.027 0.004 0.536 0.004 0.158 
 83 TMA-ZAIN-G-    (9)    1 :  0.008 0.012 0.023 0.019 0.009 0.006 0.004 0.012 0.008 0.004 0.017 0.020 0.078 0.019 0.115 0.019 0.627 
 84 TMA-ZAIN-G-    (0)    1 :  0.009 0.007 0.003 0.005 0.004 0.011 0.005 0.005 0.690 0.011 0.022 0.043 0.012 0.005 0.152 0.004 0.012 
 85 TMA-ZAIN-G-    (0)    1 :  0.004 0.004 0.004 0.003 0.003 0.003 0.004 0.004 0.003 0.944 0.003 0.004 0.003 0.004 0.004 0.004 0.003 
 86 TMA-ZAIN-G-    (0)    1 :  0.004 0.009 0.003 0.006 0.005 0.009 0.003 0.005 0.005 0.895 0.006 0.012 0.009 0.003 0.012 0.004 0.011 
 87 TMA-ZAIN-G-    (0)    1 :  0.004 0.003 0.004 0.002 0.003 0.003 0.003 0.004 0.003 0.944 0.004 0.003 0.003 0.004 0.004 0.005 0.003 
 88 TMA-ZAIN-G-    (0)    1 :  0.008 0.010 0.017 0.030 0.074 0.008 0.019 0.011 0.021 0.321 0.010 0.027 0.103 0.015 0.070 0.177 0.079 
 89 TMA-ZAIN-G-    (0)    1 :  0.008 0.007 0.010 0.020 0.386 0.012 0.042 0.004 0.036 0.255 0.022 0.038 0.027 0.012 0.043 0.053 0.026 
 90 TMA-ZAIN-G-    (0)    1 :  0.006 0.005 0.030 0.013 0.032 0.004 0.004 0.006 0.004 0.820 0.004 0.006 0.019 0.007 0.013 0.004 0.025 
 91 TMA-ZAIN-G-    (0)    1 :  0.006 0.013 0.007 0.012 0.037 0.008 0.014 0.021 0.008 0.720 0.006 0.015 0.007 0.012 0.012 0.090 0.012 
 92 TMA-ZAIN-G-    (0)    1 :  0.031 0.008 0.014 0.006 0.312 0.008 0.014 0.032 0.009 0.464 0.034 0.011 0.005 0.021 0.013 0.008 0.008 
 93 TMA-ZAIN-G-    (0)    1 :  0.019 0.007 0.009 0.008 0.528 0.006 0.028 0.143 0.006 0.136 0.013 0.008 0.003 0.022 0.008 0.051 0.006 
 94 TMA-ZAIN-G-    (0)    1 :  0.009 0.005 0.019 0.004 0.055 0.003 0.007 0.017 0.005 0.687 0.007 0.006 0.003 0.015 0.005 0.147 0.005 
 95 TMA-ZAIN-G-    (0)    1 :  0.021 0.004 0.016 0.007 0.004 0.015 0.016 0.865 0.011 0.005 0.005 0.006 0.006 0.008 0.004 0.004 0.004 
 96 TMA-ZAIN-G-    (0)    1 :  0.070 0.006 0.005 0.003 0.005 0.112 0.017 0.716 0.003 0.008 0.007 0.004 0.009 0.015 0.005 0.007 0.008 
 97 TMA-ZAIN-G-    (0)    1 :  0.025 0.007 0.242 0.006 0.014 0.004 0.007 0.005 0.026 0.008 0.006 0.008 0.003 0.042 0.007 0.585 0.005 
 98 TMA-ZAIN-G-    (0)    1 :  0.004 0.012 0.209 0.004 0.011 0.003 0.005 0.003 0.042 0.006 0.004 0.007 0.003 0.007 0.006 0.668 0.005 
 99 TMA-ZAIN-G-    (0)    1 :  0.005 0.021 0.033 0.009 0.003 0.018 0.006 0.006 0.012 0.004 0.010 0.207 0.010 0.015 0.014 0.581 0.046 
100 TMA-ZAIN-G-    (0)    1 :  0.036 0.004 0.012 0.006 0.018 0.003 0.006 0.005 0.005 0.024 0.019 0.004 0.003 0.090 0.004 0.758 0.004 
101 TMA-ZAIN-G-    (0)    1 :  0.016 0.006 0.065 0.005 0.008 0.004 0.006 0.007 0.006 0.003 0.005 0.051 0.006 0.205 0.007 0.590 0.009 
102 TMA-ZAIN-G-    (0)    1 :  0.032 0.007 0.583 0.009 0.006 0.025 0.015 0.011 0.013 0.042 0.046 0.013 0.018 0.153 0.010 0.011 0.007 
103 TMA-ZAIN-G-    (0)    1 :  0.022 0.008 0.807 0.005 0.004 0.007 0.005 0.012 0.007 0.030 0.011 0.009 0.011 0.028 0.010 0.012 0.009 
104 TMA-ZAIN-G-    (0)    1 :  0.004 0.003 0.945 0.002 0.003 0.003 0.003 0.004 0.003 0.003 0.005 0.003 0.003 0.005 0.003 0.006 0.003 
105 TMA-ZAIN-G-    (0)    1 :  0.011 0.011 0.823 0.005 0.004 0.008 0.005 0.012 0.006 0.050 0.005 0.010 0.010 0.011 0.011 0.008 0.009 
106 TMA-ZAIN-G-    (0)    1 :  0.004 0.036 0.004 0.042 0.005 0.424 0.090 0.007 0.085 0.007 0.003 0.143 0.054 0.003 0.034 0.003 0.055 
107 TMA-ZAIN-G-    (0)    1 :  0.005 0.015 0.005 0.014 0.008 0.016 0.011 0.007 0.090 0.006 0.003 0.394 0.312 0.004 0.047 0.004 0.060 
108 TMA-ZAIN-G-    (9)    1 :  0.032 0.009 0.017 0.005 0.013 0.020 0.021 0.006 0.012 0.051 0.025 0.019 0.007 0.032 0.046 0.152 0.532 
109 TMA-ZAIN-G-    (0)    1 :  0.007 0.059 0.017 0.112 0.050 0.087 0.026 0.022 0.007 0.012 0.004 0.030 0.149 0.089 0.030 0.223 0.075 
110 TMA-ZAIN-G-    (0)    1 :  0.084 0.056 0.038 0.007 0.012 0.064 0.016 0.023 0.016 0.018 0.101 0.193 0.071 0.057 0.102 0.048 0.095 
111 TMA-ZAIN-G-    (9)    1 :  0.055 0.008 0.123 0.010 0.020 0.009 0.004 0.012 0.027 0.006 0.048 0.014 0.115 0.298 0.072 0.103 0.076 
112 TMA-ZAIN-G-    (0)    1 :  0.052 0.039 0.196 0.023 0.017 0.136 0.029 0.026 0.012 0.013 0.021 0.069 0.059 0.095 0.099 0.072 0.046 
113 TMA-ZAIN-G-    (0)    1 :  0.005 0.006 0.012 0.008 0.019 0.004 0.006 0.003 0.017 0.006 0.008 0.011 0.010 0.059 0.014 0.803 0.008 
114 TMA-ZAIN-G-    (0)    1 :  0.004 0.002 0.005 0.002 0.003 0.002 0.002 0.003 0.003 0.006 0.008 0.003 0.003 0.012 0.003 0.935 0.003 
115 TMA-ZAIN-G-    (0)    1 :  0.004 0.003 0.007 0.003 0.004 0.003 0.004 0.004 0.003 0.003 0.005 0.003 0.005 0.038 0.004 0.905 0.004 
116 TMA-ZAIN-G-    (0)    1 :  0.003 0.010 0.006 0.008 0.008 0.005 0.005 0.006 0.009 0.005 0.002 0.007 0.143 0.004 0.144 0.004 0.632 
117 TMA-ZAIN-G-    (0)    1 :  0.007 0.077 0.007 0.151 0.028 0.028 0.041 0.034 0.058 0.028 0.003 0.040 0.023 0.006 0.085 0.005 0.379 
118 TMA-ZAIN-G-    (0)    1 :  0.005 0.010 0.006 0.016 0.007 0.009 0.019 0.010 0.010 0.005 0.003 0.008 0.241 0.004 0.123 0.004 0.522 
119 TMA-ZAIN-G-    (0)    1 :  0.014 0.011 0.013 0.017 0.008 0.006 0.004 0.011 0.028 0.004 0.012 0.008 0.192 0.014 0.114 0.012 0.532 
120 TMA-ZAIN-G-    (0)    1 :  0.007 0.014 0.009 0.013 0.008 0.010 0.031 0.020 0.012 0.010 0.003 0.010 0.139 0.005 0.141 0.005 0.563 
121 TMA-ZAIN-G-    (0)    1 :  0.004 0.014 0.005 0.030 0.007 0.008 0.008 0.014 0.009 0.006 0.002 0.009 0.019 0.004 0.128 0.003 0.732 
122 TMA-ZAIN-G-    (0)    1 :  0.004 0.042 0.004 0.010 0.007 0.013 0.008 0.028 0.012 0.039 0.005 0.051 0.016 0.004 0.043 0.004 0.710 
123 TMA-ZAIN-G-    (0)    1 :  0.013 0.005 0.020 0.004 0.006 0.004 0.012 0.007 0.005 0.010 0.006 0.005 0.004 0.014 0.006 0.873 0.006 
124 TMA-ZAIN-G-    (0)    1 :  0.004 0.912 0.005 0.003 0.003 0.016 0.006 0.005 0.004 0.006 0.003 0.008 0.007 0.003 0.006 0.004 0.006 
125 TMA-ZAIN-G-    (0)    1 :  0.003 0.903 0.002 0.011 0.022 0.010 0.009 0.004 0.005 0.005 0.002 0.005 0.005 0.003 0.005 0.002 0.004 
126 TMA-ZAIN-G-    (0)    1 :  0.003 0.908 0.004 0.004 0.006 0.013 0.014 0.004 0.003 0.005 0.003 0.008 0.008 0.003 0.006 0.003 0.005 
127 TMA-ZAIN-G-    (0)    1 :  0.003 0.887 0.003 0.005 0.003 0.035 0.007 0.004 0.004 0.005 0.003 0.010 0.010 0.003 0.009 0.003 0.007 
128 TMA-ZAIN-G-    (0)    1 :  0.003 0.891 0.004 0.012 0.004 0.013 0.006 0.010 0.005 0.005 0.003 0.010 0.006 0.003 0.007 0.003 0.017 
129 TMA-ZAIN-G-    (0)    1 :  0.004 0.910 0.005 0.004 0.004 0.011 0.007 0.005 0.004 0.006 0.003 0.010 0.005 0.003 0.005 0.005 0.009 
130 TMA-ZAIN-G-    (0)    1 :  0.004 0.911 0.005 0.004 0.013 0.005 0.014 0.004 0.004 0.005 0.002 0.004 0.007 0.003 0.005 0.004 0.006 
131 TMA-ZAIN-G-    (0)    1 :  0.004 0.908 0.004 0.004 0.004 0.018 0.009 0.006 0.004 0.007 0.002 0.007 0.007 0.003 0.005 0.003 0.006 
132 TMA-ZAIN-G-    (0)    1 :  0.003 0.869 0.004 0.017 0.011 0.015 0.008 0.008 0.006 0.005 0.002 0.013 0.009 0.003 0.009 0.003 0.016 
133 TMA-ZAIN-G-    (0)    1 :  0.018 0.050 0.003 0.088 0.021 0.391 0.110 0.015 0.071 0.048 0.014 0.100 0.040 0.005 0.013 0.003 0.012 
134 TMA-ZAIN-G-    (0)    1 :  0.007 0.247 0.003 0.057 0.026 0.102 0.208 0.005 0.058 0.037 0.009 0.119 0.100 0.003 0.007 0.003 0.009 
135 TMA-ZAIN-G-    (0)    1 :  0.005 0.047 0.003 0.021 0.010 0.037 0.013 0.003 0.040 0.026 0.007 0.396 0.345 0.003 0.022 0.004 0.019 
136 TMA-ZAIN-G-    (0)    1 :  0.004 0.024 0.003 0.460 0.016 0.029 0.006 0.009 0.028 0.004 0.006 0.256 0.050 0.006 0.037 0.006 0.056 
137 TMA-ZAIN-G-    (0)    1 :  0.006 0.019 0.004 0.004 0.005 0.008 0.004 0.004 0.020 0.019 0.009 0.050 0.819 0.004 0.010 0.005 0.011 
138 TMA-ZAIN-G-    (0)    1 :  0.003 0.262 0.004 0.012 0.015 0.055 0.023 0.004 0.015 0.004 0.002 0.306 0.189 0.003 0.047 0.004 0.052 
139 TMA-ZAIN-G-    (0)    1 :  0.004 0.174 0.003 0.011 0.076 0.021 0.016 0.004 0.042 0.010 0.006 0.175 0.361 0.003 0.031 0.005 0.058 
140 TMA-ZAIN-G-    (0)    1 :  0.004 0.018 0.004 0.009 0.003 0.034 0.006 0.012 0.014 0.004 0.004 0.379 0.111 0.004 0.324 0.004 0.065 
141 TMA-ZAIN-G-    (0)    1 :  0.005 0.040 0.006 0.006 0.005 0.019 0.021 0.007 0.030 0.010 0.003 0.455 0.042 0.004 0.292 0.005 0.048 
142 TMA-ZAIN-G-    (9)    1 :  0.003 0.012 0.004 0.011 0.004 0.020 0.006 0.007 0.011 0.006 0.003 0.279 0.129 0.003 0.438 0.003 0.061 
143 TMA-ZAIN-G-    (0)    1 :  0.004 0.069 0.005 0.012 0.005 0.040 0.010 0.011 0.014 0.006 0.003 0.384 0.095 0.003 0.087 0.004 0.249 
144 TMA-ZAIN-G-    (0)    1 :  0.010 0.070 0.004 0.006 0.024 0.129 0.011 0.031 0.008 0.011 0.008 0.222 0.238 0.008 0.115 0.003 0.103 
145 TMA-ZAIN-G-    (0)    1 :  0.003 0.046 0.003 0.278 0.016 0.017 0.006 0.007 0.042 0.006 0.002 0.062 0.379 0.004 0.088 0.003 0.038 
146 TMA-ZAIN-G-    (0)    1 :  0.003 0.005 0.003 0.005 0.003 0.005 0.005 0.003 0.022 0.004 0.003 0.739 0.008 0.003 0.119 0.003 0.067 
147 TMA-ZAIN-G-    (9)    1 :  0.003 0.006 0.003 0.008 0.004 0.005 0.004 0.003 0.011 0.004 0.003 0.831 0.008 0.003 0.022 0.003 0.080 
148 TMA-ZAIN-G-    (0)    1 :  0.003 0.018 0.003 0.004 0.012 0.014 0.030 0.003 0.010 0.004 0.003 0.794 0.005 0.003 0.025 0.003 0.066 
149 TMA-ZAIN-G-    (0)    1 :  0.007 0.024 0.019 0.005 0.026 0.015 0.014 0.011 0.008 0.021 0.009 0.715 0.008 0.011 0.014 0.013 0.080 
150 TMA-ZAIN-G-    (0)    1 :  0.005 0.011 0.046 0.057 0.045 0.008 0.009 0.010 0.012 0.010 0.006 0.632 0.025 0.010 0.012 0.009 0.093 
151 TMA-ZAIN-G-    (0)    1 :  0.003 0.006 0.003 0.006 0.004 0.132 0.016 0.004 0.005 0.003 0.002 0.006 0.728 0.003 0.031 0.003 0.044 
152 TMA-ZAIN-G-    (0)    1 :  0.003 0.006 0.004 0.006 0.004 0.013 0.017 0.005 0.004 0.003 0.003 0.008 0.743 0.003 0.079 0.005 0.094 
153 TMA-ZAIN-G-    (0)    1 :  0.003 0.039 0.004 0.013 0.012 0.093 0.027 0.004 0.014 0.004 0.002 0.075 0.597 0.003 0.058 0.003 0.049 
154 TMA-ZAIN-G-    (0)    1 :  0.003 0.006 0.003 0.004 0.004 0.006 0.004 0.003 0.004 0.004 0.002 0.006 0.911 0.003 0.020 0.003 0.014 
155 TMA-ZAIN-G-    (0)    1 :  0.004 0.009 0.004 0.006 0.003 0.009 0.006 0.005 0.006 0.006 0.003 0.018 0.894 0.003 0.012 0.004 0.010 
156 TMA-ZAIN-G-    (9)    1 :  0.004 0.032 0.005 0.003 0.010 0.050 0.079 0.004 0.004 0.003 0.003 0.013 0.704 0.004 0.050 0.005 0.025 
157 TMA-ZAIN-G-    (0)    1 :  0.004 0.017 0.005 0.007 0.005 0.080 0.140 0.004 0.007 0.005 0.003 0.070 0.573 0.003 0.057 0.004 0.015 
158 TMA-ZAIN-G-    (0)    1 :  0.005 0.007 0.003 0.005 0.005 0.011 0.004 0.006 0.016 0.003 0.003 0.022 0.317 0.004 0.545 0.003 0.041 
159 TMA-ZAIN-G-    (0)    1 :  0.003 0.012 0.004 0.016 0.005 0.006 0.004 0.003 0.159 0.004 0.002 0.124 0.461 0.004 0.160 0.004 0.029 
160 TMA-ZAIN-G-    (0)    1 :  0.003 0.009 0.006 0.025 0.008 0.005 0.005 0.003 0.123 0.005 0.002 0.042 0.605 0.004 0.100 0.004 0.051 
161 TMA-ZAIN-G-    (0)    1 :  0.005 0.128 0.004 0.007 0.023 0.077 0.020 0.007 0.015 0.007 0.003 0.203 0.347 0.004 0.095 0.003 0.053 
162 TMA-ZAIN-G-    (0)    1 :  0.005 0.005 0.015 0.004 0.009 0.008 0.003 0.007 0.005 0.010 0.007 0.006 0.875 0.011 0.008 0.013 0.008 
163 TMA-ZAIN-G-    (0)    1 :  0.002 0.005 0.003 0.004 0.003 0.005 0.002 0.003 0.005 0.003 0.002 0.008 0.927 0.003 0.013 0.002 0.010 
164 TMA-ZAIN-G-    (0)    1 :  0.004 0.011 0.005 0.009 0.007 0.006 0.004 0.007 0.006 0.012 0.005 0.029 0.579 0.005 0.151 0.004 0.156 
165 TMA-ZAIN-G-    (0)    1 :  0.003 0.011 0.004 0.006 0.003 0.007 0.003 0.004 0.009 0.003 0.003 0.037 0.673 0.003 0.109 0.004 0.117 
166 TMA-ZAIN-G-    (0)    1 :  0.003 0.041 0.003 0.012 0.009 0.021 0.006 0.004 0.021 0.005 0.002 0.115 0.395 0.004 0.322 0.003 0.035 
167 TMA-ZAIN-G-    (0)    1 :  0.006 0.010 0.005 0.004 0.004 0.013 0.007 0.008 0.049 0.007 0.004 0.346 0.016 0.005 0.490 0.004 0.023 
168 TMA-ZAIN-G-    (0)    1 :  0.004 0.005 0.005 0.009 0.005 0.006 0.020 0.005 0.044 0.006 0.003 0.118 0.005 0.004 0.743 0.004 0.012 
169 TMA-ZAIN-G-    (0)    1 :  0.003 0.005 0.003 0.032 0.004 0.005 0.005 0.004 0.038 0.004 0.002 0.111 0.010 0.003 0.757 0.003 0.011 
170 TMA-ZAIN-G-    (0)    1 :  0.038 0.040 0.012 0.016 0.004 0.071 0.061 0.008 0.022 0.005 0.013 0.142 0.036 0.013 0.451 0.031 0.036 
171 TMA-ZAIN-G-    (0)    1 :  0.002 0.004 0.003 0.014 0.003 0.004 0.004 0.003 0.054 0.004 0.002 0.130 0.008 0.003 0.749 0.003 0.009 
172 TMA-ZAIN-G-    (0)    1 :  0.005 0.026 0.003 0.004 0.003 0.259 0.015 0.004 0.010 0.005 0.003 0.137 0.011 0.003 0.501 0.003 0.006 
173 TMA-ZAIN-G-    (0)    1 :  0.007 0.042 0.004 0.006 0.004 0.435 0.019 0.009 0.013 0.006 0.003 0.125 0.010 0.004 0.296 0.003 0.013 
174 TMA-ZAIN-G-    (0)    1 :  0.003 0.411 0.003 0.041 0.007 0.083 0.005 0.005 0.022 0.004 0.002 0.132 0.046 0.003 0.160 0.003 0.071 
175 TMA-ZAIN-G-    (0)    1 :  0.003 0.005 0.003 0.007 0.004 0.005 0.005 0.004 0.091 0.004 0.003 0.288 0.009 0.003 0.537 0.003 0.028 
176 TMA-ZAIN-G-    (0)    1 :  0.003 0.005 0.003 0.005 0.003 0.005 0.004 0.003 0.029 0.004 0.003 0.252 0.011 0.003 0.641 0.003 0.024 
177 TMA-ZAIN-G-    (0)    1 :  0.004 0.004 0.003 0.003 0.003 0.009 0.010 0.003 0.012 0.004 0.003 0.169 0.007 0.003 0.749 0.003 0.012 
178 TMA-ZAIN-G-    (0)    1 :  0.005 0.008 0.004 0.004 0.004 0.216 0.035 0.006 0.011 0.005 0.004 0.140 0.012 0.004 0.516 0.005 0.022 
179 TMA-ZAIN-G-    (0)    1 :  0.003 0.008 0.003 0.006 0.004 0.023 0.014 0.004 0.008 0.005 0.003 0.211 0.012 0.003 0.660 0.003 0.028 
180 TMA-ZAIN-G-    (0)    1 :  0.006 0.394 0.004 0.086 0.010 0.226 0.027 0.018 0.004 0.025 0.010 0.069 0.017 0.005 0.026 0.004 0.068 
181 TMA-ZAIN-G-    (0)    1 :  0.004 0.018 0.004 0.005 0.005 0.767 0.094 0.003 0.008 0.004 0.003 0.011 0.043 0.004 0.011 0.005 0.012 
182 TMA-ZAIN-G-    (0)    1 :  0.005 0.384 0.006 0.003 0.004 0.266 0.184 0.005 0.005 0.006 0.003 0.044 0.036 0.003 0.016 0.008 0.022 
183 TMA-ZAIN-G-    (0)    1 :  0.005 0.008 0.004 0.004 0.003 0.834 0.058 0.004 0.006 0.005 0.003 0.011 0.011 0.003 0.010 0.004 0.029 
184 TMA-ZAIN-G-    (0)    1 :  0.008 0.018 0.023 0.008 0.017 0.693 0.033 0.010 0.012 0.019 0.008 0.027 0.047 0.016 0.018 0.020 0.022 
185 TMA-ZAIN-G-    (0)    1 :  0.008 0.035 0.012 0.005 0.020 0.789 0.004 0.031 0.006 0.011 0.010 0.015 0.010 0.016 0.009 0.010 0.009 
186 TMA-ZAIN-G-    (9)    1 :  0.007 0.065 0.004 0.006 0.005 0.802 0.005 0.012 0.012 0.005 0.004 0.013 0.015 0.006 0.026 0.003 0.008 
187 TMA-ZAIN-G-    (0)    1 :  0.005 0.015 0.004 0.014 0.003 0.808 0.012 0.005 0.035 0.005 0.003 0.023 0.045 0.003 0.009 0.004 0.007 
188 TMA-ZAIN-G-    (0)    1 :  0.004 0.016 0.004 0.024 0.004 0.822 0.006 0.005 0.044 0.003 0.002 0.011 0.020 0.003 0.005 0.003 0.024 
189 TMA-ZAIN-G-    (0)    1 :  0.003 0.013 0.002 0.007 0.002 0.922 0.005 0.003 0.004 0.004 0.003 0.006 0.007 0.002 0.006 0.002 0.005 
190 TMA-ZAIN-G-    (0)    1 :  0.005 0.008 0.003 0.020 0.006 0.756 0.023 0.007 0.028 0.004 0.003 0.028 0.005 0.004 0.046 0.003 0.051 
191 TMA-ZAIN-G-    (0)    1 :  0.006 0.007 0.010 0.004 0.007 0.870 0.004 0.007 0.007 0.013 0.011 0.012 0.006 0.011 0.007 0.009 0.008 
192 TMA-ZAIN-G-    (0)    1 :  0.009 0.015 0.003 0.004 0.004 0.863 0.013 0.003 0.012 0.016 0.015 0.010 0.011 0.003 0.007 0.005 0.006 
193 TMA-ZAIN-G-    (0)    1 :  0.003 0.004 0.003 0.004 0.004 0.005 0.948 0.003 0.003 0.003 0.002 0.003 0.003 0.002 0.003 0.002 0.003 
194 TMA-ZAIN-G-    (0)    1 :  0.012 0.032 0.003 0.012 0.015 0.081 0.766 0.024 0.007 0.005 0.007 0.009 0.003 0.005 0.009 0.002 0.006 
195 TMA-ZAIN-G-    (0)    1 :  0.010 0.034 0.003 0.035 0.006 0.080 0.717 0.005 0.026 0.004 0.003 0.030 0.004 0.003 0.021 0.003 0.015 
196 TMA-ZAIN-G-    (0)    1 :  0.003 0.011 0.003 0.015 0.007 0.022 0.882 0.008 0.006 0.004 0.003 0.008 0.007 0.003 0.006 0.003 0.010 
197 TMA-ZAIN-G-    (0)    1 :  0.004 0.011 0.003 0.012 0.005 0.010 0.892 0.005 0.009 0.008 0.003 0.009 0.007 0.003 0.009 0.003 0.008 
198 TMA-ZAIN-G-    (0)    1 :  0.003 0.007 0.002 0.007 0.005 0.019 0.891 0.003 0.009 0.003 0.003 0.012 0.010 0.002 0.012 0.003 0.009 
199 TMA-ZAIN-G-    (0)    1 :  0.005 0.038 0.004 0.004 0.006 0.858 0.006 0.009 0.008 0.005 0.004 0.013 0.013 0.005 0.013 0.003 0.007 
200 TMA-ZAIN-G-    (0)    1 :  0.105 0.003 0.019 0.004 0.005 0.006 0.049 0.015 0.004 0.006 0.723 0.003 0.002 0.029 0.004 0.016 0.004 
201 TMA-ZAIN-G-    (0)    1 :  0.030 0.006 0.014 0.009 0.005 0.004 0.004 0.014 0.008 0.006 0.843 0.007 0.004 0.024 0.007 0.005 0.008 
202 TMA-ZAIN-G-    (0)    1 :  0.042 0.005 0.009 0.003 0.002 0.011 0.031 0.006 0.003 0.003 0.833 0.006 0.005 0.010 0.006 0.017 0.007 
203 TMA-ZAIN-G-    (0)    1 :  0.004 0.044 0.010 0.004 0.004 0.027 0.767 0.004 0.008 0.005 0.003 0.026 0.023 0.004 0.015 0.020 0.032 
204 TMA-ZAIN-G-    (9)    1 :  0.037 0.006 0.005 0.008 0.023 0.006 0.006 0.005 0.014 0.084 0.744 0.013 0.003 0.018 0.009 0.009 0.009 
205 TMA-ZAIN-G-    (0)    1 :  0.062 0.010 0.007 0.005 0.011 0.007 0.007 0.005 0.009 0.015 0.715 0.020 0.075 0.005 0.014 0.007 0.026 
206 TMA-ZAIN-G-    (9)    1 :  0.074 0.008 0.015 0.008 0.013 0.020 0.039 0.013 0.006 0.157 0.556 0.015 0.007 0.011 0.024 0.019 0.016 
207 TMA-ZAIN-G-    (9)    1 :  0.019 0.015 0.007 0.058 0.043 0.020 0.008 0.058 0.015 0.059 0.006 0.038 0.159 0.022 0.112 0.009 0.352 
208 TMA-ZAIN-G-    (0)    1 :  0.004 0.007 0.003 0.061 0.006 0.030 0.004 0.011 0.018 0.002 0.003 0.421 0.068 0.004 0.178 0.003 0.178 
209 TMA-ZAIN-G-    (0)    1 :  0.004 0.179 0.003 0.012 0.060 0.055 0.209 0.004 0.061 0.007 0.003 0.193 0.048 0.004 0.142 0.003 0.014 
210 TMA-ZAIN-G-    (0)    1 :  0.005 0.050 0.004 0.090 0.013 0.096 0.349 0.011 0.056 0.012 0.003 0.160 0.071 0.004 0.045 0.004 0.028 
211 TMA-ZAIN-G-    (0)    1 :  0.020 0.374 0.008 0.024 0.010 0.103 0.059 0.016 0.042 0.009 0.018 0.169 0.026 0.013 0.043 0.010 0.056 
212 TMA-ZAIN-G-    (0)    1 :  0.004 0.043 0.003 0.013 0.006 0.266 0.025 0.011 0.005 0.014 0.005 0.263 0.037 0.005 0.154 0.004 0.142 
213 TMA-ZAIN-G-    (0)    1 :  0.005 0.034 0.004 0.007 0.007 0.207 0.022 0.005 0.023 0.004 0.004 0.495 0.116 0.004 0.049 0.003 0.012 
214 TMA-ZAIN-G-    (0)    1 :  0.005 0.152 0.003 0.057 0.009 0.168 0.027 0.005 0.058 0.005 0.004 0.250 0.150 0.004 0.094 0.003 0.007 
215 TMA-ZAIN-G-    (0)    1 :  0.241 0.010 0.003 0.005 0.002 0.257 0.004 0.005 0.034 0.003 0.009 0.118 0.023 0.005 0.248 0.003 0.029 
216 TMA-ZAIN-G-    (0)    1 :  0.005 0.139 0.003 0.006 0.015 0.527 0.017 0.007 0.013 0.005 0.005 0.084 0.025 0.005 0.133 0.003 0.007 
217 TMA-ZAIN-G-    (0)    1 :  0.004 0.172 0.004 0.107 0.007 0.044 0.042 0.003 0.094 0.006 0.003 0.398 0.044 0.003 0.053 0.003 0.014 
218 TMA-ZAIN-G-    (0)    1 :  0.883 0.013 0.008 0.009 0.006 0.006 0.003 0.016 0.004 0.005 0.003 0.005 0.007 0.007 0.015 0.006 0.005 
219 TMA-ZAIN-G-    (0)    1 :  0.906 0.008 0.005 0.004 0.009 0.005 0.003 0.007 0.004 0.012 0.007 0.003 0.005 0.006 0.004 0.005 0.004 
220 TMA-ZAIN-G-    (0)    1 :  0.515 0.005 0.082 0.011 0.005 0.006 0.004 0.144 0.006 0.010 0.004 0.007 0.011 0.015 0.022 0.007 0.146 
221 TMA-ZAIN-G-    (0)    1 :  0.868 0.014 0.003 0.005 0.004 0.016 0.005 0.010 0.005 0.009 0.017 0.010 0.008 0.004 0.010 0.004 0.007 
222 TMA-ZAIN-G-    (0)    1 :  0.818 0.013 0.037 0.011 0.009 0.006 0.004 0.005 0.007 0.019 0.006 0.008 0.013 0.008 0.016 0.005 0.013 
223 TMA-ZAIN-G-    (0)    1 :  0.896 0.005 0.005 0.005 0.005 0.004 0.003 0.012 0.005 0.015 0.008 0.005 0.004 0.012 0.005 0.007 0.006 
