

----------------------------------------------------
STRUCTURE by Pritchard, Stephens and Donnelly (2000)
     and Falush, Stephens and Pritchard (2003)
       Code by Pritchard, Falush and Hubisz
             Version 2.3.4 (Jul 2012)
----------------------------------------------------



Command line arguments:   bin\structure -m C:\Users\eschumacher\Documents\GitHub\GCC_QUAC_ZAIN\Data_Files\Structure_Files\ZAIN\ZAIN_rebinned_allpop_str\50-50\mainparams -e C:\Users\eschumacher\Documents\GitHub\GCC_QUAC_ZAIN\Data_Files\Structure_Files\ZAIN\ZAIN_rebinned_allpop_str\50-50\extraparams 
Input File:    C:\Users\eschumacher\Documents\GitHub\GCC_QUAC_ZAIN\Data_Files\Structure_Files\ZAIN\ZAIN_rebinned_allpop_str\project_data

Run parameters:
   1133 individuals
   11 loci
   6 populations assumed
   50000 Burn-in period
   50000 Reps


--------------------------------------------
Proportion of membership of each pre-defined
 population in each of the 6 clusters

Given    Inferred Clusters                            Number of
 Pop       1      2      3      4      5      6      Individuals

  1:     0.120  0.098  0.153  0.116  0.194  0.319      303
  2:     0.136  0.064  0.102  0.220  0.180  0.299       15
  3:     0.604  0.012  0.035  0.009  0.125  0.215        2
  4:     0.304  0.070  0.061  0.053  0.177  0.335        2
  5:     0.404  0.038  0.026  0.024  0.291  0.217        7
  6:     0.013  0.017  0.667  0.021  0.240  0.042       13
  7:     0.016  0.018  0.951  0.005  0.006  0.005       13
  8:     0.016  0.013  0.009  0.015  0.185  0.761        7
  9:     0.084  0.031  0.018  0.016  0.389  0.462       11
 10:     0.183  0.122  0.010  0.040  0.080  0.564        9
 11:     0.012  0.934  0.033  0.008  0.006  0.008       35
 12:     0.009  0.008  0.005  0.026  0.146  0.805       36
 13:     0.011  0.006  0.006  0.009  0.086  0.882       33
 14:     0.005  0.007  0.019  0.950  0.008  0.010       40
 15:     0.004  0.004  0.003  0.013  0.970  0.006       39
 16:     0.664  0.168  0.053  0.027  0.025  0.063       40
 17:     0.764  0.067  0.103  0.034  0.012  0.020       37
 18:     0.005  0.007  0.004  0.006  0.120  0.858       40
 19:     0.008  0.932  0.008  0.039  0.009  0.005       28
 20:     0.018  0.009  0.030  0.921  0.010  0.013       14
 21:     0.021  0.009  0.914  0.010  0.037  0.010       13
 22:     0.005  0.006  0.003  0.015  0.943  0.029       14
 23:     0.006  0.006  0.006  0.009  0.047  0.926       25
 24:     0.019  0.007  0.006  0.022  0.020  0.927       40
 25:     0.023  0.022  0.009  0.870  0.055  0.022       32
 26:     0.005  0.003  0.977  0.005  0.005  0.006       20
 27:     0.207  0.755  0.007  0.011  0.009  0.011        4
 28:     0.023  0.902  0.017  0.013  0.011  0.033       23
 29:     0.016  0.957  0.007  0.009  0.006  0.006       39
 30:     0.010  0.051  0.920  0.008  0.005  0.006       38
 31:     0.009  0.005  0.005  0.008  0.887  0.086       45
 32:     0.011  0.006  0.011  0.014  0.566  0.393       28
 33:     0.030  0.942  0.008  0.007  0.007  0.005        6
 34:     0.909  0.020  0.008  0.014  0.024  0.025       40
 35:     0.849  0.019  0.081  0.012  0.022  0.016       42
--------------------------------------------

Allele-freq. divergence among pops (Net nucleotide distance),
computed using point estimates of P.

      1       2       3       4       5       6      
 1      -    0.0884  0.1202  0.0961  0.1014  0.1399  
 2   0.0884     -    0.1425  0.1417  0.2035  0.2192  
 3   0.1202  0.1425     -    0.2091  0.2649  0.2767  
 4   0.0961  0.1417  0.2091     -    0.1144  0.1498  
 5   0.1014  0.2035  0.2649  0.1144     -    0.0762  
 6   0.1399  0.2192  0.2767  0.1498  0.0762     -    

Average distances (expected heterozygosity) between individuals in same cluster:
cluster  1  : 0.5575 
cluster  2  : 0.4840 
cluster  3  : 0.4279 
cluster  4  : 0.4385 
cluster  5  : 0.4345 
cluster  6  : 0.4322 

--------------------------------------------
Estimated Ln Prob of Data   = -22217.8
Mean value of ln likelihood = -21818.9
Variance of ln likelihood   = 797.7
Mean value of alpha         = 0.0340

Mean value of Fst_1         = 0.1203
Mean value of Fst_2         = 0.3238
Mean value of Fst_3         = 0.4107
Mean value of Fst_4         = 0.4198
Mean value of Fst_5         = 0.3766
Mean value of Fst_6         = 0.2697


Inferred ancestry of individuals:
        Label (%Miss) Pop:  Inferred clusters
  1 TMA-ZAIN-G-    (9)    1 :  0.078 0.803 0.006 0.024 0.071 0.018 
  2 TMA-ZAIN-G-    (0)    1 :  0.046 0.757 0.006 0.025 0.022 0.144 
  3 TMA-ZAIN-G-    (0)    1 :  0.007 0.007 0.003 0.013 0.185 0.785 
  4 TMA-ZAIN-G-    (0)    1 :  0.014 0.017 0.009 0.775 0.039 0.147 
  5 TMA-ZAIN-G-    (0)    1 :  0.004 0.980 0.005 0.006 0.002 0.003 
  6 TMA-ZAIN-G-    (0)    1 :  0.165 0.036 0.042 0.066 0.159 0.532 
  7 TMA-ZAIN-G-    (0)    1 :  0.018 0.018 0.008 0.030 0.568 0.358 
  8 TMA-ZAIN-G-    (0)    1 :  0.006 0.007 0.003 0.023 0.656 0.305 
  9 TMA-ZAIN-G-    (9)    1 :  0.016 0.014 0.005 0.006 0.196 0.763 
 10 TMA-ZAIN-G-    (0)    1 :  0.011 0.003 0.004 0.011 0.188 0.782 
 11 TMA-ZAIN-G-    (0)    1 :  0.009 0.007 0.006 0.007 0.253 0.717 
 12 TMA-ZAIN-G-    (0)    1 :  0.006 0.007 0.003 0.005 0.039 0.941 
 13 TMA-ZAIN-G-    (9)    1 :  0.033 0.054 0.102 0.019 0.567 0.225 
 14 TMA-ZAIN-G-    (9)    1 :  0.006 0.004 0.005 0.007 0.972 0.007 
 15 TMA-ZAIN-G-    (0)    1 :  0.006 0.003 0.003 0.005 0.978 0.005 
 16 TMA-ZAIN-G-    (0)    1 :  0.007 0.004 0.005 0.005 0.020 0.960 
 17 TMA-ZAIN-G-    (9)    1 :  0.053 0.015 0.017 0.034 0.864 0.017 
 18 TMA-ZAIN-G-    (0)    1 :  0.191 0.720 0.006 0.055 0.017 0.011 
 19 TMA-ZAIN-G-    (0)    1 :  0.931 0.015 0.011 0.006 0.026 0.011 
 20 TMA-ZAIN-G-    (0)    1 :  0.835 0.036 0.103 0.020 0.003 0.003 
 21 TMA-ZAIN-G-    (0)    1 :  0.005 0.003 0.980 0.005 0.003 0.005 
 22 TMA-ZAIN-G-    (0)    1 :  0.012 0.045 0.930 0.007 0.003 0.003 
 23 TMA-ZAIN-G-    (0)    1 :  0.036 0.024 0.921 0.005 0.008 0.007 
 24 TMA-ZAIN-G-    (9)    1 :  0.004 0.011 0.791 0.007 0.053 0.133 
 25 TMA-ZAIN-G-    (9)    1 :  0.831 0.116 0.010 0.004 0.007 0.032 
 26 TMA-ZAIN-G-    (9)    1 :  0.016 0.010 0.035 0.522 0.127 0.289 
 27 TMA-ZAIN-G-    (0)    1 :  0.866 0.056 0.012 0.023 0.036 0.006 
 28 TMA-ZAIN-G-    (0)    1 :  0.959 0.011 0.004 0.007 0.011 0.008 
 29 TMA-ZAIN-G-    (0)    1 :  0.370 0.004 0.004 0.065 0.041 0.516 
 30 TMA-ZAIN-G-    (0)    1 :  0.371 0.004 0.005 0.007 0.447 0.166 
 31 TMA-ZAIN-G-    (0)    1 :  0.013 0.914 0.015 0.047 0.005 0.006 
 32 TMA-ZAIN-G-    (9)    1 :  0.018 0.916 0.008 0.005 0.028 0.025 
 33 TMA-ZAIN-G-   (18)    1 :  0.007 0.007 0.003 0.004 0.297 0.682 
 34 TMA-ZAIN-G-    (0)    1 :  0.011 0.324 0.018 0.008 0.017 0.622 
 35 TMA-ZAIN-G-    (9)    1 :  0.013 0.019 0.004 0.011 0.101 0.852 
 36 TMA-ZAIN-G-    (0)    1 :  0.007 0.005 0.003 0.014 0.603 0.369 
 37 TMA-ZAIN-G-    (9)    1 :  0.016 0.011 0.008 0.014 0.091 0.860 
 38 TMA-ZAIN-G-   (18)    1 :  0.024 0.901 0.008 0.006 0.043 0.018 
 39 TMA-ZAIN-G-    (0)    1 :  0.006 0.003 0.006 0.008 0.012 0.964 
 40 TMA-ZAIN-G-    (0)    1 :  0.004 0.004 0.004 0.006 0.096 0.886 
 41 TMA-ZAIN-G-    (0)    1 :  0.006 0.003 0.003 0.005 0.748 0.236 
 42 TMA-ZAIN-G-    (9)    1 :  0.004 0.003 0.002 0.006 0.977 0.007 
 43 TMA-ZAIN-G-    (0)    1 :  0.004 0.004 0.003 0.011 0.973 0.006 
 44 TMA-ZAIN-G-    (0)    1 :  0.015 0.005 0.853 0.005 0.020 0.102 
 45 TMA-ZAIN-G-    (0)    1 :  0.012 0.008 0.009 0.015 0.417 0.538 
 46 TMA-ZAIN-G-    (0)    1 :  0.004 0.004 0.981 0.005 0.003 0.003 
 47 TMA-ZAIN-G-    (0)    1 :  0.004 0.004 0.003 0.980 0.004 0.004 
 48 TMA-ZAIN-G-    (0)    1 :  0.024 0.006 0.027 0.643 0.237 0.063 
 49 TMA-ZAIN-G-    (9)    1 :  0.919 0.023 0.006 0.011 0.006 0.035 
 50 TMA-ZAIN-G-    (0)    1 :  0.951 0.006 0.007 0.003 0.023 0.009 
 51 TMA-ZAIN-G-    (0)    1 :  0.908 0.007 0.009 0.025 0.044 0.008 
 52 TMA-ZAIN-G-    (0)    1 :  0.846 0.007 0.014 0.110 0.013 0.010 
 53 TMA-ZAIN-G-    (0)    1 :  0.628 0.133 0.010 0.187 0.032 0.010 
 54 TMA-ZAIN-G-    (0)    1 :  0.010 0.005 0.005 0.963 0.012 0.006 
 55 TMA-ZAIN-G-    (0)    1 :  0.031 0.005 0.009 0.909 0.040 0.007 
 56 TMA-ZAIN-G-    (0)    1 :  0.083 0.009 0.009 0.729 0.112 0.058 
 57 TMA-ZAIN-G-    (0)    1 :  0.014 0.008 0.003 0.959 0.006 0.010 
 58 TMA-ZAIN-G-    (0)    1 :  0.882 0.022 0.055 0.023 0.011 0.007 
 59 TMA-ZAIN-G-    (0)    1 :  0.045 0.668 0.039 0.073 0.062 0.113 
 60 TMA-ZAIN-G-    (0)    1 :  0.503 0.362 0.010 0.044 0.069 0.013 
 61 TMA-ZAIN-G-    (0)    1 :  0.010 0.944 0.022 0.018 0.003 0.003 
 62 TMA-ZAIN-G-    (9)    1 :  0.043 0.866 0.028 0.012 0.021 0.030 
 63 TMA-ZAIN-G-    (0)    1 :  0.010 0.959 0.007 0.014 0.006 0.004 
 64 TMA-ZAIN-G-    (0)    1 :  0.004 0.002 0.003 0.006 0.014 0.972 
 65 TMA-ZAIN-G-    (9)    1 :  0.005 0.003 0.003 0.019 0.023 0.948 
 66 TMA-ZAIN-G-    (0)    1 :  0.004 0.002 0.003 0.008 0.016 0.968 
 67 TMA-ZAIN-G-    (0)    1 :  0.011 0.004 0.011 0.005 0.006 0.963 
 68 TMA-ZAIN-G-    (0)    1 :  0.004 0.003 0.002 0.018 0.063 0.910 
 69 TMA-ZAIN-G-    (0)    1 :  0.010 0.007 0.014 0.011 0.007 0.951 
 70 TMA-ZAIN-G-    (0)    1 :  0.007 0.004 0.006 0.004 0.011 0.968 
 71 TMA-ZAIN-G-    (0)    1 :  0.005 0.003 0.004 0.004 0.006 0.978 
 72 TMA-ZAIN-G-    (0)    1 :  0.009 0.005 0.005 0.010 0.044 0.926 
 73 TMA-ZAIN-G-    (0)    1 :  0.042 0.030 0.040 0.018 0.008 0.862 
 74 TMA-ZAIN-G-    (0)    1 :  0.022 0.010 0.014 0.007 0.009 0.938 
 75 TMA-ZAIN-G-    (0)    1 :  0.011 0.006 0.004 0.012 0.013 0.954 
 76 TMA-ZAIN-G-    (0)    1 :  0.024 0.007 0.060 0.004 0.005 0.900 
 77 TMA-ZAIN-G-    (0)    1 :  0.013 0.004 0.012 0.010 0.030 0.931 
 78 TMA-ZAIN-G-    (0)    1 :  0.053 0.011 0.058 0.019 0.013 0.844 
 79 TMA-ZAIN-G-    (0)    1 :  0.022 0.005 0.052 0.026 0.057 0.838 
 80 TMA-ZAIN-G-    (0)    1 :  0.005 0.003 0.006 0.010 0.009 0.968 
 81 TMA-ZAIN-G-    (0)    1 :  0.015 0.005 0.014 0.011 0.021 0.934 
 82 TMA-ZAIN-G-    (0)    1 :  0.005 0.004 0.003 0.011 0.007 0.970 
 83 TMA-ZAIN-G-    (9)    1 :  0.022 0.064 0.035 0.021 0.012 0.846 
 84 TMA-ZAIN-G-    (0)    1 :  0.016 0.005 0.046 0.006 0.010 0.917 
 85 TMA-ZAIN-G-    (0)    1 :  0.138 0.028 0.023 0.793 0.009 0.009 
 86 TMA-ZAIN-G-    (0)    1 :  0.024 0.007 0.036 0.903 0.013 0.017 
 87 TMA-ZAIN-G-    (0)    1 :  0.064 0.034 0.189 0.695 0.009 0.009 
 88 TMA-ZAIN-G-    (0)    1 :  0.012 0.167 0.013 0.634 0.040 0.134 
 89 TMA-ZAIN-G-    (0)    1 :  0.006 0.017 0.019 0.904 0.020 0.034 
 90 TMA-ZAIN-G-    (0)    1 :  0.013 0.007 0.009 0.957 0.007 0.008 
 91 TMA-ZAIN-G-    (0)    1 :  0.012 0.020 0.007 0.944 0.010 0.008 
 92 TMA-ZAIN-G-    (0)    1 :  0.020 0.006 0.018 0.939 0.010 0.007 
 93 TMA-ZAIN-G-    (0)    1 :  0.021 0.016 0.009 0.941 0.008 0.005 
 94 TMA-ZAIN-G-    (0)    1 :  0.022 0.048 0.013 0.907 0.005 0.005 
 95 TMA-ZAIN-G-    (0)    1 :  0.938 0.010 0.009 0.005 0.025 0.014 
 96 TMA-ZAIN-G-    (0)    1 :  0.923 0.005 0.005 0.007 0.052 0.008 
 97 TMA-ZAIN-G-    (0)    1 :  0.014 0.957 0.007 0.010 0.006 0.007 
 98 TMA-ZAIN-G-    (0)    1 :  0.005 0.972 0.004 0.009 0.005 0.006 
 99 TMA-ZAIN-G-    (0)    1 :  0.009 0.849 0.014 0.005 0.026 0.097 
100 TMA-ZAIN-G-    (0)    1 :  0.019 0.929 0.018 0.024 0.005 0.005 
101 TMA-ZAIN-G-    (0)    1 :  0.009 0.964 0.005 0.007 0.005 0.010 
102 TMA-ZAIN-G-    (0)    1 :  0.074 0.668 0.163 0.016 0.043 0.036 
103 TMA-ZAIN-G-    (0)    1 :  0.027 0.930 0.014 0.008 0.010 0.011 
104 TMA-ZAIN-G-    (0)    1 :  0.006 0.977 0.006 0.004 0.004 0.003 
105 TMA-ZAIN-G-    (0)    1 :  0.020 0.936 0.009 0.011 0.011 0.013 
106 TMA-ZAIN-G-    (0)    1 :  0.004 0.004 0.003 0.005 0.735 0.250 
107 TMA-ZAIN-G-    (0)    1 :  0.006 0.005 0.003 0.005 0.014 0.968 
108 TMA-ZAIN-G-    (9)    1 :  0.052 0.457 0.047 0.027 0.269 0.147 
109 TMA-ZAIN-G-    (0)    1 :  0.041 0.319 0.005 0.062 0.197 0.375 
110 TMA-ZAIN-G-    (0)    1 :  0.114 0.092 0.176 0.029 0.337 0.251 
111 TMA-ZAIN-G-    (9)    1 :  0.059 0.711 0.078 0.035 0.016 0.102 
112 TMA-ZAIN-G-    (0)    1 :  0.140 0.308 0.048 0.028 0.273 0.203 
113 TMA-ZAIN-G-    (0)    1 :  0.005 0.948 0.008 0.016 0.007 0.016 
114 TMA-ZAIN-G-    (0)    1 :  0.006 0.974 0.010 0.004 0.003 0.003 
115 TMA-ZAIN-G-    (0)    1 :  0.005 0.979 0.006 0.004 0.003 0.004 
116 TMA-ZAIN-G-    (0)    1 :  0.005 0.009 0.003 0.014 0.007 0.963 
117 TMA-ZAIN-G-    (0)    1 :  0.012 0.007 0.003 0.037 0.259 0.682 
118 TMA-ZAIN-G-    (0)    1 :  0.006 0.006 0.003 0.011 0.010 0.964 
119 TMA-ZAIN-G-    (0)    1 :  0.010 0.015 0.007 0.009 0.007 0.952 
120 TMA-ZAIN-G-    (0)    1 :  0.012 0.010 0.004 0.019 0.021 0.935 
121 TMA-ZAIN-G-    (0)    1 :  0.009 0.007 0.003 0.017 0.030 0.934 
122 TMA-ZAIN-G-    (0)    1 :  0.014 0.006 0.007 0.025 0.057 0.891 
123 TMA-ZAIN-G-    (0)    1 :  0.014 0.960 0.008 0.006 0.007 0.005 
124 TMA-ZAIN-G-    (0)    1 :  0.005 0.006 0.003 0.004 0.972 0.010 
125 TMA-ZAIN-G-    (0)    1 :  0.005 0.003 0.002 0.050 0.926 0.014 
126 TMA-ZAIN-G-    (0)    1 :  0.004 0.004 0.002 0.007 0.971 0.011 
127 TMA-ZAIN-G-    (0)    1 :  0.004 0.003 0.003 0.004 0.975 0.011 
128 TMA-ZAIN-G-    (0)    1 :  0.006 0.005 0.003 0.008 0.935 0.044 
129 TMA-ZAIN-G-    (0)    1 :  0.005 0.006 0.003 0.005 0.972 0.009 
130 TMA-ZAIN-G-    (0)    1 :  0.006 0.007 0.003 0.027 0.946 0.012 
131 TMA-ZAIN-G-    (0)    1 :  0.007 0.004 0.003 0.005 0.974 0.008 
132 TMA-ZAIN-G-    (0)    1 :  0.006 0.004 0.003 0.034 0.870 0.084 
133 TMA-ZAIN-G-    (0)    1 :  0.012 0.003 0.011 0.027 0.839 0.108 
134 TMA-ZAIN-G-    (0)    1 :  0.006 0.003 0.008 0.021 0.905 0.057 
135 TMA-ZAIN-G-    (0)    1 :  0.004 0.005 0.005 0.006 0.041 0.939 
136 TMA-ZAIN-G-    (0)    1 :  0.004 0.003 0.005 0.017 0.021 0.949 
137 TMA-ZAIN-G-    (0)    1 :  0.005 0.009 0.005 0.007 0.035 0.940 
138 TMA-ZAIN-G-    (0)    1 :  0.003 0.005 0.003 0.010 0.588 0.390 
139 TMA-ZAIN-G-    (0)    1 :  0.004 0.006 0.004 0.049 0.154 0.783 
140 TMA-ZAIN-G-    (0)    1 :  0.006 0.004 0.005 0.004 0.048 0.932 
141 TMA-ZAIN-G-    (0)    1 :  0.007 0.007 0.004 0.007 0.161 0.815 
142 TMA-ZAIN-G-    (9)    1 :  0.005 0.004 0.003 0.005 0.025 0.958 
143 TMA-ZAIN-G-    (0)    1 :  0.006 0.005 0.003 0.005 0.137 0.844 
144 TMA-ZAIN-G-    (0)    1 :  0.015 0.004 0.006 0.035 0.112 0.828 
145 TMA-ZAIN-G-    (0)    1 :  0.004 0.002 0.002 0.007 0.010 0.974 
146 TMA-ZAIN-G-    (0)    1 :  0.004 0.004 0.003 0.004 0.009 0.976 
147 TMA-ZAIN-G-    (9)    1 :  0.004 0.003 0.004 0.005 0.009 0.975 
148 TMA-ZAIN-G-    (0)    1 :  0.005 0.004 0.003 0.045 0.243 0.700 
149 TMA-ZAIN-G-    (0)    1 :  0.017 0.030 0.018 0.111 0.130 0.694 
150 TMA-ZAIN-G-    (0)    1 :  0.013 0.024 0.015 0.103 0.023 0.822 
151 TMA-ZAIN-G-    (0)    1 :  0.004 0.005 0.002 0.005 0.045 0.939 
152 TMA-ZAIN-G-    (0)    1 :  0.004 0.006 0.002 0.005 0.014 0.969 
153 TMA-ZAIN-G-    (0)    1 :  0.004 0.004 0.003 0.015 0.109 0.865 
154 TMA-ZAIN-G-    (0)    1 :  0.004 0.005 0.002 0.006 0.012 0.969 
155 TMA-ZAIN-G-    (0)    1 :  0.004 0.007 0.003 0.004 0.019 0.963 
156 TMA-ZAIN-G-    (9)    1 :  0.006 0.025 0.003 0.022 0.341 0.602 
157 TMA-ZAIN-G-    (0)    1 :  0.005 0.009 0.003 0.008 0.406 0.569 
158 TMA-ZAIN-G-    (0)    1 :  0.006 0.004 0.003 0.005 0.010 0.972 
159 TMA-ZAIN-G-    (0)    1 :  0.003 0.005 0.003 0.004 0.007 0.978 
160 TMA-ZAIN-G-    (0)    1 :  0.003 0.006 0.003 0.006 0.005 0.977 
161 TMA-ZAIN-G-    (0)    1 :  0.006 0.004 0.003 0.023 0.099 0.865 
162 TMA-ZAIN-G-    (0)    1 :  0.013 0.040 0.017 0.019 0.009 0.903 
163 TMA-ZAIN-G-    (0)    1 :  0.004 0.004 0.002 0.004 0.007 0.980 
164 TMA-ZAIN-G-    (0)    1 :  0.004 0.006 0.003 0.009 0.009 0.969 
165 TMA-ZAIN-G-    (0)    1 :  0.004 0.005 0.003 0.004 0.009 0.976 
166 TMA-ZAIN-G-    (0)    1 :  0.004 0.004 0.002 0.007 0.025 0.958 
167 TMA-ZAIN-G-    (0)    1 :  0.009 0.007 0.006 0.007 0.078 0.894 
168 TMA-ZAIN-G-    (0)    1 :  0.006 0.007 0.003 0.006 0.032 0.944 
169 TMA-ZAIN-G-    (0)    1 :  0.004 0.003 0.003 0.005 0.006 0.979 
170 TMA-ZAIN-G-    (0)    1 :  0.029 0.023 0.012 0.005 0.246 0.685 
171 TMA-ZAIN-G-    (0)    1 :  0.003 0.003 0.003 0.005 0.006 0.979 
172 TMA-ZAIN-G-    (0)    1 :  0.005 0.004 0.004 0.004 0.878 0.104 
173 TMA-ZAIN-G-    (0)    1 :  0.007 0.003 0.004 0.005 0.914 0.066 
174 TMA-ZAIN-G-    (0)    1 :  0.004 0.003 0.002 0.007 0.101 0.882 
175 TMA-ZAIN-G-    (0)    1 :  0.004 0.004 0.003 0.005 0.007 0.977 
176 TMA-ZAIN-G-    (0)    1 :  0.004 0.004 0.003 0.005 0.012 0.972 
177 TMA-ZAIN-G-    (0)    1 :  0.006 0.005 0.004 0.004 0.101 0.881 
178 TMA-ZAIN-G-    (0)    1 :  0.006 0.005 0.004 0.005 0.884 0.097 
179 TMA-ZAIN-G-    (0)    1 :  0.006 0.004 0.003 0.006 0.246 0.735 
180 TMA-ZAIN-G-    (0)    1 :  0.008 0.004 0.007 0.017 0.846 0.119 
181 TMA-ZAIN-G-    (0)    1 :  0.004 0.004 0.003 0.004 0.972 0.013 
182 TMA-ZAIN-G-    (0)    1 :  0.004 0.006 0.003 0.005 0.974 0.007 
183 TMA-ZAIN-G-    (0)    1 :  0.004 0.004 0.003 0.004 0.977 0.009 
184 TMA-ZAIN-G-    (0)    1 :  0.018 0.048 0.019 0.030 0.829 0.057 
185 TMA-ZAIN-G-    (0)    1 :  0.046 0.018 0.037 0.045 0.816 0.039 
186 TMA-ZAIN-G-    (9)    1 :  0.015 0.004 0.007 0.007 0.922 0.046 
187 TMA-ZAIN-G-    (0)    1 :  0.005 0.004 0.003 0.003 0.950 0.035 
188 TMA-ZAIN-G-    (0)    1 :  0.004 0.003 0.003 0.003 0.951 0.036 
189 TMA-ZAIN-G-    (0)    1 :  0.004 0.003 0.003 0.003 0.976 0.012 
190 TMA-ZAIN-G-    (0)    1 :  0.007 0.003 0.003 0.005 0.942 0.040 
191 TMA-ZAIN-G-    (0)    1 :  0.014 0.020 0.033 0.017 0.897 0.019 
192 TMA-ZAIN-G-    (0)    1 :  0.005 0.004 0.009 0.006 0.965 0.012 
193 TMA-ZAIN-G-    (0)    1 :  0.004 0.003 0.003 0.008 0.978 0.004 
194 TMA-ZAIN-G-    (0)    1 :  0.006 0.003 0.003 0.011 0.972 0.005 
195 TMA-ZAIN-G-    (0)    1 :  0.004 0.003 0.003 0.006 0.975 0.009 
196 TMA-ZAIN-G-    (0)    1 :  0.004 0.004 0.003 0.005 0.978 0.006 
197 TMA-ZAIN-G-    (0)    1 :  0.004 0.003 0.003 0.011 0.972 0.006 
198 TMA-ZAIN-G-    (0)    1 :  0.003 0.003 0.003 0.006 0.977 0.007 
199 TMA-ZAIN-G-    (0)    1 :  0.009 0.003 0.005 0.008 0.957 0.017 
200 TMA-ZAIN-G-    (0)    1 :  0.039 0.014 0.929 0.004 0.012 0.003 
201 TMA-ZAIN-G-    (0)    1 :  0.013 0.006 0.970 0.004 0.003 0.004 
202 TMA-ZAIN-G-    (0)    1 :  0.013 0.014 0.948 0.003 0.018 0.005 
203 TMA-ZAIN-G-    (0)    1 :  0.004 0.007 0.003 0.005 0.976 0.005 
204 TMA-ZAIN-G-    (9)    1 :  0.020 0.005 0.918 0.040 0.007 0.010 
205 TMA-ZAIN-G-    (0)    1 :  0.035 0.007 0.807 0.015 0.008 0.128 
206 TMA-ZAIN-G-    (9)    1 :  0.031 0.016 0.866 0.023 0.047 0.017 
207 TMA-ZAIN-G-    (9)    1 :  0.042 0.015 0.010 0.124 0.013 0.797 
208 TMA-ZAIN-G-    (0)    1 :  0.004 0.003 0.003 0.004 0.006 0.981 
209 TMA-ZAIN-G-    (0)    1 :  0.004 0.003 0.002 0.023 0.901 0.066 
210 TMA-ZAIN-G-    (0)    1 :  0.006 0.004 0.003 0.013 0.895 0.080 
211 TMA-ZAIN-G-    (0)    1 :  0.030 0.012 0.025 0.012 0.780 0.141 
212 TMA-ZAIN-G-    (0)    1 :  0.007 0.004 0.006 0.015 0.641 0.328 
213 TMA-ZAIN-G-    (0)    1 :  0.006 0.004 0.004 0.007 0.757 0.222 
214 TMA-ZAIN-G-    (0)    1 :  0.005 0.003 0.003 0.007 0.379 0.603 
215 TMA-ZAIN-G-    (0)    1 :  0.265 0.004 0.014 0.003 0.179 0.536 
216 TMA-ZAIN-G-    (0)    1 :  0.008 0.003 0.006 0.008 0.928 0.047 
217 TMA-ZAIN-G-    (0)    1 :  0.004 0.004 0.003 0.007 0.328 0.655 
218 TMA-ZAIN-G-    (0)    1 :  0.974 0.005 0.004 0.004 0.006 0.006 
219 TMA-ZAIN-G-    (0)    1 :  0.964 0.005 0.012 0.010 0.006 0.004 
220 TMA-ZAIN-G-    (0)    1 :  0.894 0.063 0.004 0.010 0.006 0.022 
221 TMA-ZAIN-G-    (0)    1 :  0.934 0.005 0.024 0.008 0.018 0.010 
222 TMA-ZAIN-G-    (0)    1 :  0.918 0.033 0.009 0.018 0.008 0.015 
223 TMA-ZAIN-G-    (0)    1 :  0.970 0.007 0.010 0.006 0.003 0.004 
224 TMA-ZAIN-G-    (0)    1 :  0.928 0.015 0.018 0.019 0.015 0.006 
225 TMA-ZAIN-G-    (0)    1 :  0.962 0.011 0.011 0.004 0.008 0.003 
226 TMA-ZAIN-G-    (0)    1 :  0.956 0.013 0.010 0.006 0.010 0.006 
227 TMA-ZAIN-G-    (0)    1 :  0.934 0.013 0.027 0.005 0.014 0.007 
228 TMA-ZAIN-G-    (0)    1 :  0.945 0.015 0.011 0.007 0.007 0.015 
229 TMA-ZAIN-G-    (0)    1 :  0.908 0.026 0.052 0.007 0.003 0.004 
230 TMA-ZAIN-G-    (0)    1 :  0.785 0.043 0.008 0.059 0.069 0.036 
231 TMA-ZAIN-G-    (0)    1 :  0.176 0.175 0.536 0.036 0.016 0.061 
232 TMA-ZAIN-G-    (9)    1 :  0.103 0.306 0.476 0.015 0.047 0.052 
233 TMA-ZAIN-G-    (0)    1 :  0.915 0.006 0.024 0.016 0.012 0.027 
234 TMA-ZAIN-G-    (0)    1 :  0.638 0.280 0.048 0.019 0.006 0.008 
235 TMA-ZAIN-G-    (0)    1 :  0.799 0.108 0.020 0.012 0.044 0.017 
236 TMA-ZAIN-G-    (0)    1 :  0.804 0.091 0.067 0.008 0.020 0.011 
237 TMA-ZAIN-G-    (0)    1 :  0.513 0.231 0.013 0.027 0.076 0.140 
238 TMA-ZAIN-G-    (0)    1 :  0.867 0.056 0.031 0.006 0.020 0.020 
239 TMA-ZAIN-G-    (0)    1 :  0.005 0.006 0.762 0.074 0.141 0.011 
240 TMA-ZAIN-G-    (0)    1 :  0.004 0.004 0.980 0.006 0.003 0.003 
241 TMA-ZAIN-G-    (0)    1 :  0.004 0.004 0.975 0.005 0.005 0.008 
242 TMA-ZAIN-G-    (0)    1 :  0.004 0.003 0.978 0.004 0.004 0.007 
243 TMA-ZAIN-G-    (0)    1 :  0.004 0.003 0.972 0.006 0.005 0.010 
244 TMA-ZAIN-G-    (0)    1 :  0.004 0.004 0.968 0.004 0.005 0.015 
245 TMA-ZAIN-G-    (9)    1 :  0.003 0.004 0.984 0.003 0.003 0.003 
246 TMA-ZAIN-G-    (0)    1 :  0.005 0.002 0.983 0.004 0.003 0.003 
247 TMA-ZAIN-G-    (0)    1 :  0.005 0.002 0.981 0.004 0.003 0.005 
248 TMA-ZAIN-G-    (0)    1 :  0.006 0.004 0.972 0.004 0.008 0.006 
249 TMA-ZAIN-G-    (0)    1 :  0.005 0.003 0.980 0.003 0.005 0.003 
250 TMA-ZAIN-G-    (0)    1 :  0.005 0.002 0.982 0.003 0.004 0.004 
251 TMA-ZAIN-G-    (0)    1 :  0.005 0.005 0.003 0.978 0.005 0.004 
252 TMA-ZAIN-G-    (0)    1 :  0.010 0.003 0.003 0.895 0.012 0.075 
253 TMA-ZAIN-G-    (0)    1 :  0.003 0.005 0.004 0.977 0.005 0.006 
254 TMA-ZAIN-G-    (9)    1 :  0.005 0.008 0.003 0.961 0.007 0.017 
255 TMA-ZAIN-G-    (0)    1 :  0.003 0.011 0.016 0.958 0.005 0.006 
256 TMA-ZAIN-G-    (0)    1 :  0.004 0.006 0.007 0.970 0.008 0.006 
257 TMA-ZAIN-G-    (0)    1 :  0.004 0.004 0.003 0.981 0.005 0.003 
258 TMA-ZAIN-G-    (0)    1 :  0.003 0.004 0.003 0.983 0.004 0.003 
259 TMA-ZAIN-G-    (0)    1 :  0.004 0.003 0.004 0.981 0.004 0.004 
260 TMA-ZAIN-G-    (0)    1 :  0.004 0.003 0.004 0.980 0.004 0.004 
261 TMA-ZAIN-G-   (18)    1 :  0.006 0.005 0.004 0.972 0.007 0.006 
262 TMA-ZAIN-G-    (0)    1 :  0.004 0.004 0.003 0.982 0.004 0.003 
263 TMA-ZAIN-G-    (0)    1 :  0.004 0.006 0.004 0.979 0.004 0.004 
264 TMA-ZAIN-G-    (0)    1 :  0.004 0.008 0.004 0.975 0.004 0.005 
265 TMA-ZAIN-G-    (0)    1 :  0.179 0.017 0.016 0.718 0.024 0.047 
266 TMA-ZAIN-G-    (0)    1 :  0.035 0.018 0.011 0.735 0.161 0.040 
267 TMA-ZAIN-G-    (0)    1 :  0.059 0.022 0.288 0.604 0.011 0.015 
268 TMA-ZAIN-G-    (0)    1 :  0.007 0.074 0.906 0.005 0.003 0.004 
269 TMA-ZAIN-G-    (0)    1 :  0.032 0.268 0.679 0.009 0.006 0.006 
270 TMA-ZAIN-G-    (0)    1 :  0.020 0.082 0.876 0.011 0.005 0.006 
271 TMA-ZAIN-G-    (0)    1 :  0.008 0.032 0.944 0.007 0.004 0.006 
272 TMA-ZAIN-G-    (0)    1 :  0.043 0.028 0.915 0.005 0.004 0.005 
273 TMA-ZAIN-G-    (0)    1 :  0.013 0.015 0.962 0.004 0.003 0.003 
274 TMA-ZAIN-G-    (0)    1 :  0.023 0.034 0.895 0.010 0.027 0.011 
275 TMA-ZAIN-G-    (0)    1 :  0.008 0.007 0.976 0.003 0.004 0.003 
276 TMA-ZAIN-G-    (0)    1 :  0.005 0.008 0.977 0.003 0.003 0.004 
277 TMA-ZAIN-G-    (0)    1 :  0.006 0.010 0.970 0.006 0.004 0.004 
278 TMA-ZAIN-G-    (0)    1 :  0.006 0.006 0.977 0.005 0.003 0.003 
279 TMA-ZAIN-G-    (0)    1 :  0.015 0.011 0.960 0.004 0.006 0.004 
280 TMA-ZAIN-G-    (0)    1 :  0.052 0.112 0.817 0.004 0.009 0.005 
281 TMA-ZAIN-G-    (0)    1 :  0.012 0.045 0.929 0.005 0.005 0.004 
282 TMA-ZAIN-G-    (9)    1 :  0.007 0.012 0.969 0.005 0.003 0.003 
283 TMA-ZAIN-G-    (0)    1 :  0.132 0.092 0.613 0.142 0.009 0.012 
284 TMA-ZAIN-G-    (0)    1 :  0.178 0.174 0.442 0.183 0.011 0.011 
285 TMA-ZAIN-G-    (0)    1 :  0.040 0.043 0.829 0.041 0.023 0.025 
286 TMA-ZAIN-G-    (0)    1 :  0.010 0.033 0.942 0.009 0.003 0.003 
287 TMA-ZAIN-G-    (0)    1 :  0.008 0.024 0.947 0.006 0.009 0.006 
288 TMA-ZAIN-G-    (0)    1 :  0.186 0.108 0.613 0.013 0.060 0.020 
289 TMA-ZAIN-G-    (0)    1 :  0.017 0.023 0.921 0.010 0.018 0.011 
290 TMA-ZAIN-G-    (0)    1 :  0.091 0.430 0.451 0.009 0.013 0.006 
291 TMA-ZAIN-G-    (0)    1 :  0.957 0.011 0.015 0.008 0.005 0.004 
292 TMA-ZAIN-G-    (0)    1 :  0.023 0.012 0.015 0.005 0.208 0.737 
293 TMA-ZAIN-G-    (0)    1 :  0.011 0.005 0.008 0.019 0.034 0.923 
294 TMA-ZAIN-G-    (0)    1 :  0.005 0.003 0.004 0.006 0.009 0.973 
295 TMA-ZAIN-G-    (9)    1 :  0.010 0.004 0.008 0.009 0.016 0.952 
296 TMA-ZAIN-G-    (0)    1 :  0.018 0.018 0.008 0.013 0.121 0.822 
297 TMA-ZAIN-G-    (0)    1 :  0.011 0.006 0.006 0.015 0.080 0.882 
298 TMA-ZAIN-G-    (0)    1 :  0.020 0.015 0.025 0.063 0.013 0.863 
299 TMA-ZAIN-G-    (0)    1 :  0.006 0.004 0.007 0.004 0.007 0.972 
300 TMA-ZAIN-G-    (0)    1 :  0.007 0.003 0.007 0.007 0.029 0.947 
301 TMA-ZAIN-G-    (0)    1 :  0.006 0.006 0.008 0.008 0.069 0.902 
302 TMA-ZAIN-G-    (9)    1 :  0.006 0.004 0.004 0.007 0.122 0.857 
303 TMA-ZAIN-G-    (0)    1 :  0.858 0.020 0.007 0.041 0.071 0.004 
304 TMA-ZAIN-G-    (0)    2 :  0.011 0.016 0.008 0.588 0.179 0.197 
305 TMA-ZAIN-G-    (0)    2 :  0.005 0.004 0.004 0.008 0.027 0.952 
306 TMA-ZAIN-G-    (0)    2 :  0.013 0.157 0.025 0.401 0.078 0.325 
307 TMA-ZAIN-G-    (0)    2 :  0.007 0.009 0.010 0.482 0.163 0.329 
308 TMA-ZAIN-G-    (0)    2 :  0.113 0.032 0.019 0.821 0.009 0.006 
309 TMA-ZAIN-G-    (0)    2 :  0.004 0.003 0.003 0.004 0.959 0.028 
310 TMA-ZAIN-G-    (0)    2 :  0.019 0.008 0.034 0.019 0.011 0.908 
311 TMA-ZAIN-G-    (0)    2 :  0.038 0.060 0.009 0.071 0.158 0.664 
312 TMA-ZAIN-G-    (0)    2 :  0.024 0.005 0.006 0.010 0.871 0.084 
313 TMA-ZAIN-G-    (0)    2 :  0.007 0.014 0.005 0.775 0.089 0.110 
314 TMA-ZAIN-G-    (0)    2 :  0.531 0.252 0.169 0.017 0.021 0.010 
315 TMA-ZAIN-G-    (0)    2 :  0.057 0.007 0.399 0.021 0.063 0.452 
316 TMA-ZAIN-G-    (0)    2 :  0.133 0.010 0.389 0.017 0.053 0.398 
317 TMA-ZAIN-G-    (0)    2 :  0.914 0.041 0.018 0.014 0.006 0.007 
318 TMA-ZAIN-G-    (9)    2 :  0.157 0.344 0.434 0.049 0.008 0.007 
319 TMA-ZAIN-G-    (0)    3 :  0.726 0.017 0.057 0.012 0.182 0.005 
320 TMA-ZAIN-G-    (0)    3 :  0.483 0.006 0.012 0.006 0.068 0.426 
321 TMA-ZAIN-G-    (0)    4 :  0.140 0.073 0.113 0.014 0.274 0.385 
322 TMA-ZAIN-G-    (0)    4 :  0.468 0.066 0.010 0.092 0.079 0.285 
323 TMA-ZAIN-G-    (0)    5 :  0.914 0.007 0.014 0.012 0.042 0.011 
324 TMA-ZAIN-G-    (0)    5 :  0.010 0.011 0.004 0.034 0.063 0.878 
325 TMA-ZAIN-G-    (0)    5 :  0.911 0.005 0.054 0.007 0.012 0.010 
326 TMA-ZAIN-G-    (0)    5 :  0.638 0.003 0.004 0.047 0.294 0.015 
327 TMA-ZAIN-G-    (0)    5 :  0.004 0.003 0.003 0.019 0.964 0.006 
328 TMA-ZAIN-G-    (0)    5 :  0.336 0.235 0.095 0.020 0.222 0.093 
329 TMA-ZAIN-G-    (0)    5 :  0.013 0.004 0.008 0.029 0.440 0.506 
330 TMA-ZAIN-G-    (0)    6 :  0.010 0.004 0.003 0.038 0.695 0.251 
331 TMA-ZAIN-G-    (0)    6 :  0.057 0.029 0.072 0.176 0.432 0.232 
332 TMA-ZAIN-G-    (0)    6 :  0.004 0.003 0.002 0.004 0.973 0.014 
333 TMA-ZAIN-G-    (0)    6 :  0.004 0.003 0.002 0.007 0.979 0.004 
334 TMA-ZAIN-G-    (0)    6 :  0.012 0.013 0.962 0.007 0.003 0.004 
335 TMA-ZAIN-G-    (0)    6 :  0.005 0.004 0.978 0.004 0.004 0.005 
336 TMA-ZAIN-G-    (0)    6 :  0.018 0.015 0.939 0.012 0.008 0.008 
337 TMA-ZAIN-G-    (9)    6 :  0.034 0.079 0.869 0.007 0.005 0.006 
338 TMA-ZAIN-G-    (0)    6 :  0.009 0.031 0.948 0.006 0.003 0.004 
339 TMA-ZAIN-G-    (0)    6 :  0.005 0.013 0.974 0.004 0.002 0.002 
340 TMA-ZAIN-G-    (0)    6 :  0.005 0.007 0.979 0.003 0.003 0.003 
341 TMA-ZAIN-G-    (0)    6 :  0.005 0.010 0.973 0.003 0.005 0.005 
342 TMA-ZAIN-G-    (0)    6 :  0.007 0.009 0.971 0.005 0.004 0.005 
343 TMA-ZAIN-G-    (0)    7 :  0.007 0.028 0.956 0.003 0.003 0.003 
344 TMA-ZAIN-G-    (0)    7 :  0.012 0.008 0.966 0.005 0.006 0.004 
345 TMA-ZAIN-G-    (0)    7 :  0.004 0.005 0.981 0.004 0.003 0.003 
346 TMA-ZAIN-G-    (0)    7 :  0.017 0.032 0.932 0.004 0.009 0.006 
347 TMA-ZAIN-G-    (9)    7 :  0.006 0.009 0.976 0.003 0.003 0.003 
348 TMA-ZAIN-G-    (0)    7 :  0.016 0.022 0.944 0.008 0.005 0.005 
349 TMA-ZAIN-G-    (0)    7 :  0.007 0.016 0.965 0.005 0.003 0.004 
350 TMA-ZAIN-G-    (0)    7 :  0.075 0.029 0.879 0.005 0.008 0.005 
351 TMA-ZAIN-G-    (0)    7 :  0.007 0.008 0.973 0.005 0.004 0.003 
352 TMA-ZAIN-G-    (0)    7 :  0.008 0.008 0.965 0.007 0.005 0.007 
353 TMA-ZAIN-G-    (0)    7 :  0.025 0.046 0.905 0.005 0.012 0.006 
354 TMA-ZAIN-G-    (0)    7 :  0.012 0.007 0.966 0.003 0.007 0.005 
355 TMA-ZAIN-G-    (0)    7 :  0.008 0.014 0.955 0.003 0.011 0.008 
356 TMA-ZAIN-G-    (0)    8 :  0.013 0.003 0.002 0.019 0.003 0.959 
357 TMA-ZAIN-G-    (0)    8 :  0.012 0.015 0.004 0.016 0.308 0.645 
358 TMA-ZAIN-G-    (0)    8 :  0.035 0.047 0.029 0.028 0.268 0.594 
359 TMA-ZAIN-G-    (0)    8 :  0.025 0.007 0.010 0.023 0.006 0.930 
360 TMA-ZAIN-G-    (0)    8 :  0.005 0.003 0.004 0.005 0.006 0.976 
361 TMA-ZAIN-G-    (0)    8 :  0.011 0.012 0.004 0.012 0.701 0.261 
362 TMA-ZAIN-G-    (0)    8 :  0.008 0.005 0.013 0.004 0.005 0.965 
363 TMA-ZAIN-G-    (0)    9 :  0.058 0.005 0.013 0.019 0.677 0.227 
364 TMA-ZAIN-G-    (0)    9 :  0.757 0.174 0.014 0.020 0.016 0.020 
365 TMA-ZAIN-G-    (0)    9 :  0.051 0.008 0.132 0.005 0.031 0.774 
366 TMA-ZAIN-G-    (0)    9 :  0.005 0.004 0.006 0.015 0.007 0.964 
367 TMA-ZAIN-G-    (0)    9 :  0.023 0.125 0.006 0.084 0.710 0.051 
368 TMA-ZAIN-G-    (0)    9 :  0.006 0.004 0.005 0.012 0.017 0.956 
369 TMA-ZAIN-G-    (0)    9 :  0.005 0.003 0.003 0.005 0.935 0.050 
370 TMA-ZAIN-G-    (0)    9 :  0.009 0.010 0.003 0.005 0.878 0.094 
371 TMA-ZAIN-G-    (0)    9 :  0.004 0.005 0.004 0.006 0.008 0.974 
372 TMA-ZAIN-G-    (0)    9 :  0.004 0.005 0.003 0.006 0.015 0.968 
373 TMA-ZAIN-G-    (0)    9 :  0.005 0.003 0.004 0.005 0.979 0.004 
374 TMA-ZAIN-G-    (0)   10 :  0.062 0.309 0.008 0.172 0.427 0.022 
375 TMA-ZAIN-G-    (0)   10 :  0.743 0.042 0.008 0.007 0.178 0.022 
376 TMA-ZAIN-G-    (9)   10 :  0.004 0.006 0.003 0.004 0.011 0.972 
377 TMA-ZAIN-G-    (0)   10 :  0.003 0.003 0.002 0.004 0.009 0.979 
378 TMA-ZAIN-G-    (0)   10 :  0.003 0.004 0.002 0.004 0.011 0.975 
379 TMA-ZAIN-G-    (0)   10 :  0.004 0.004 0.002 0.017 0.017 0.956 
380 TMA-ZAIN-G-    (0)   10 :  0.004 0.003 0.003 0.006 0.011 0.973 
381 TMA-ZAIN-G-    (9)   10 :  0.624 0.009 0.011 0.136 0.050 0.169 
382 TMA-ZAIN-G-    (9)   10 :  0.201 0.720 0.053 0.010 0.009 0.006 
383    ZFB01    (0)   11 :  0.004 0.975 0.009 0.004 0.003 0.005 
384    ZFB02    (0)   11 :  0.006 0.940 0.039 0.009 0.003 0.003 
385    ZFB03    (0)   11 :  0.008 0.971 0.005 0.005 0.007 0.004 
386    ZFB04    (0)   11 :  0.005 0.944 0.037 0.006 0.003 0.004 
387    ZFB05    (0)   11 :  0.037 0.822 0.117 0.012 0.008 0.005 
388    ZFB06    (0)   11 :  0.031 0.891 0.057 0.008 0.008 0.006 
389    ZFB07    (9)   11 :  0.010 0.959 0.011 0.005 0.007 0.007 
390    ZFB08    (0)   11 :  0.009 0.967 0.006 0.007 0.005 0.007 
391    ZFB09    (0)   11 :  0.004 0.981 0.005 0.004 0.003 0.003 
392    ZFB10    (0)   11 :  0.005 0.957 0.011 0.006 0.006 0.015 
393    ZFB11    (0)   11 :  0.005 0.957 0.017 0.008 0.004 0.009 
394    ZFB12    (0)   11 :  0.020 0.927 0.033 0.005 0.009 0.007 
395    ZFB13    (0)   11 :  0.011 0.962 0.006 0.005 0.006 0.009 
396    ZFB14    (0)   11 :  0.004 0.978 0.004 0.005 0.004 0.005 
397    ZFB15    (0)   11 :  0.004 0.971 0.015 0.003 0.003 0.003 
398    ZFB16    (0)   11 :  0.007 0.962 0.017 0.004 0.005 0.005 
399    ZFB17    (0)   11 :  0.023 0.892 0.032 0.029 0.010 0.014 
400    ZFB18    (0)   11 :  0.004 0.981 0.004 0.004 0.003 0.004 
401    ZFB19    (0)   11 :  0.022 0.929 0.007 0.004 0.013 0.024 
402    ZFB20    (0)   11 :  0.007 0.941 0.039 0.004 0.004 0.005 
403    ZFB21    (0)   11 :  0.006 0.974 0.011 0.003 0.003 0.003 
404    ZFB22    (0)   11 :  0.012 0.863 0.093 0.010 0.009 0.015 
405    ZFB23    (0)   11 :  0.007 0.947 0.027 0.006 0.005 0.008 
406    ZFB24    (0)   11 :  0.006 0.938 0.038 0.007 0.004 0.008 
407    ZFB25    (0)   11 :  0.005 0.960 0.006 0.005 0.007 0.017 
408    ZFB26    (0)   11 :  0.006 0.895 0.061 0.010 0.007 0.021 
409    ZFB27    (0)   11 :  0.005 0.893 0.085 0.005 0.004 0.007 
410    ZFB28    (0)   11 :  0.034 0.837 0.103 0.012 0.008 0.006 
411    ZFB29    (0)   11 :  0.006 0.960 0.019 0.009 0.003 0.004 
412    ZFB30    (0)   11 :  0.041 0.780 0.152 0.005 0.012 0.010 
413    ZFB31    (0)   11 :  0.004 0.967 0.007 0.004 0.006 0.012 
414    ZFB32    (0)   11 :  0.043 0.838 0.059 0.036 0.013 0.012 
415    ZFB33    (0)   11 :  0.004 0.974 0.012 0.004 0.003 0.003 
416    ZFB34    (0)   11 :  0.005 0.980 0.004 0.004 0.003 0.003 
417    ZFB35    (0)   11 :  0.005 0.967 0.010 0.006 0.006 0.006 
418  ZFBP101    (0)   12 :  0.014 0.014 0.008 0.103 0.226 0.635 
419  ZFBP102    (0)   12 :  0.016 0.017 0.011 0.021 0.095 0.839 
420  ZFBP103    (0)   12 :  0.011 0.009 0.007 0.198 0.566 0.209 
421  ZFBP104    (0)   12 :  0.042 0.046 0.017 0.004 0.396 0.496 
422  ZFBP105    (0)   12 :  0.008 0.007 0.006 0.005 0.305 0.669 
423  ZFBP106    (0)   12 :  0.005 0.004 0.003 0.008 0.111 0.869 
424  ZFBP107    (0)   12 :  0.012 0.007 0.013 0.008 0.469 0.491 
425  ZFBP108    (0)   12 :  0.004 0.004 0.003 0.003 0.011 0.975 
426  ZFBP109    (0)   12 :  0.003 0.005 0.002 0.004 0.011 0.975 
427  ZFBP110    (0)   12 :  0.047 0.051 0.008 0.047 0.655 0.191 
428  ZFBP111    (0)   12 :  0.004 0.002 0.003 0.004 0.025 0.962 
429  ZFBP112    (0)   12 :  0.006 0.004 0.006 0.009 0.013 0.962 
430  ZFBP113    (0)   12 :  0.006 0.004 0.004 0.004 0.010 0.973 
431  ZFBP114    (0)   12 :  0.004 0.004 0.005 0.007 0.025 0.955 
432  ZFBP115    (0)   12 :  0.007 0.003 0.004 0.008 0.754 0.224 
433  ZFBP116    (0)   12 :  0.007 0.003 0.004 0.004 0.019 0.963 
434  ZFBP117    (0)   12 :  0.004 0.003 0.003 0.006 0.012 0.971 
435  ZFBP118    (0)   12 :  0.005 0.003 0.005 0.005 0.016 0.966 
436  ZFBP119    (0)   12 :  0.009 0.004 0.003 0.028 0.236 0.720 
437  ZFBP120    (0)   12 :  0.008 0.008 0.005 0.004 0.245 0.730 
438  ZFBP121    (0)   12 :  0.005 0.007 0.003 0.009 0.021 0.955 
439  ZFBP122    (9)   12 :  0.005 0.004 0.004 0.005 0.024 0.959 
440  ZFBP123    (0)   12 :  0.006 0.004 0.006 0.014 0.010 0.960 
441  ZFBP124    (0)   12 :  0.005 0.009 0.004 0.006 0.015 0.961 
442  ZFBP125    (0)   12 :  0.004 0.003 0.002 0.006 0.025 0.961 
443  ZFBP126    (0)   12 :  0.022 0.012 0.011 0.029 0.011 0.914 
444  ZFBP127    (0)   12 :  0.005 0.004 0.003 0.016 0.172 0.800 
445  ZFBP128    (0)   12 :  0.004 0.004 0.002 0.007 0.012 0.970 
446  ZFBP129    (0)   12 :  0.005 0.005 0.003 0.008 0.006 0.973 
447  ZFBP130    (0)   12 :  0.005 0.002 0.003 0.010 0.015 0.965 
448  ZFBP131    (0)   12 :  0.005 0.004 0.004 0.004 0.005 0.978 
449  ZFBP132    (0)   12 :  0.005 0.005 0.003 0.004 0.024 0.959 
450  ZFBP133    (0)   12 :  0.003 0.003 0.002 0.007 0.005 0.980 
451  ZFBP134    (0)   12 :  0.005 0.004 0.003 0.036 0.529 0.423 
452  ZFBP135    (0)   12 :  0.011 0.022 0.006 0.215 0.108 0.637 
453  ZFBP136    (0)   12 :  0.006 0.004 0.007 0.071 0.089 0.824 
454  ZFBP201    (0)   13 :  0.009 0.007 0.007 0.006 0.021 0.951 
455  ZFBP202    (0)   13 :  0.005 0.006 0.004 0.004 0.025 0.956 
456  ZFBP203    (0)   13 :  0.021 0.005 0.028 0.006 0.010 0.929 
457  ZFBP204    (0)   13 :  0.008 0.005 0.006 0.016 0.175 0.790 
458  ZFBP205    (0)   13 :  0.004 0.003 0.004 0.008 0.005 0.975 
459  ZFBP206    (0)   13 :  0.005 0.004 0.006 0.015 0.006 0.963 
460  ZFBP207    (0)   13 :  0.006 0.007 0.004 0.016 0.541 0.426 
461  ZFBP208    (0)   13 :  0.009 0.004 0.012 0.009 0.007 0.959 
462  ZFBP209    (0)   13 :  0.003 0.003 0.002 0.006 0.005 0.981 
463  ZFBP210    (0)   13 :  0.008 0.005 0.008 0.005 0.016 0.957 
464  ZFBP211    (0)   13 :  0.005 0.006 0.004 0.005 0.014 0.965 
465  ZFBP212    (0)   13 :  0.004 0.008 0.004 0.003 0.265 0.717 
466  ZFBP213    (0)   13 :  0.007 0.008 0.005 0.016 0.011 0.953 
467  ZFBP214    (0)   13 :  0.015 0.010 0.004 0.042 0.033 0.895 
468  ZFBP215    (0)   13 :  0.004 0.004 0.003 0.007 0.009 0.974 
469  ZFBP216    (0)   13 :  0.018 0.005 0.009 0.006 0.046 0.916 
470  ZFBP217    (0)   13 :  0.006 0.005 0.003 0.006 0.025 0.954 
471  ZFBP218    (0)   13 :  0.004 0.003 0.003 0.003 0.006 0.980 
472  ZFBP219    (0)   13 :  0.006 0.003 0.004 0.003 0.009 0.974 
473  ZFBP220    (0)   13 :  0.005 0.003 0.004 0.009 0.036 0.944 
474  ZFBP221    (0)   13 :  0.005 0.006 0.004 0.003 0.148 0.834 
475  ZFBP222    (0)   13 :  0.005 0.005 0.005 0.009 0.005 0.971 
476  ZFBP223    (0)   13 :  0.010 0.011 0.006 0.013 0.549 0.410 
477  ZFBP224    (0)   13 :  0.007 0.006 0.004 0.008 0.012 0.964 
478  ZFBP225    (0)   13 :  0.006 0.003 0.005 0.011 0.096 0.879 
479  ZFBP226    (0)   13 :  0.006 0.004 0.005 0.004 0.013 0.968 
480  ZFBP227    (0)   13 :  0.146 0.028 0.021 0.007 0.203 0.595 
481  ZFBP228    (0)   13 :  0.005 0.005 0.003 0.014 0.453 0.519 
482  ZFBP229    (0)   13 :  0.005 0.003 0.003 0.005 0.013 0.971 
483  ZFBP230    (0)   13 :  0.006 0.004 0.004 0.013 0.040 0.934 
484  ZFBP231    (0)   13 :  0.006 0.006 0.004 0.007 0.018 0.958 
485  ZFBP232    (0)   13 :  0.003 0.004 0.003 0.004 0.007 0.979 
486  ZFBP233    (0)   13 :  0.006 0.007 0.004 0.006 0.019 0.958 
487   ZFCC01    (0)   14 :  0.004 0.009 0.005 0.975 0.004 0.004 
488   ZFCC03    (0)   14 :  0.004 0.005 0.003 0.979 0.005 0.004 
489   ZFCC04    (0)   14 :  0.004 0.004 0.004 0.980 0.004 0.004 
490   ZFCC05    (0)   14 :  0.006 0.007 0.004 0.971 0.007 0.005 
491   ZFCC08    (0)   14 :  0.004 0.005 0.003 0.972 0.007 0.009 
492   ZFCC09    (0)   14 :  0.004 0.007 0.003 0.977 0.005 0.004 
493   ZFCC10    (0)   14 :  0.004 0.014 0.004 0.971 0.004 0.004 
494   ZFCC11    (0)   14 :  0.004 0.006 0.004 0.977 0.005 0.005 
495   ZFCC12    (0)   14 :  0.010 0.015 0.032 0.929 0.007 0.006 
496   ZFCC13    (0)   14 :  0.006 0.004 0.006 0.962 0.013 0.008 
497   ZFCC14    (0)   14 :  0.005 0.010 0.005 0.966 0.005 0.009 
498   ZFCC15    (0)   14 :  0.007 0.005 0.006 0.973 0.005 0.004 
499   ZFCC16    (0)   14 :  0.004 0.005 0.004 0.979 0.003 0.004 
500   ZFCC17    (0)   14 :  0.004 0.005 0.007 0.977 0.004 0.003 
501   ZFCC18    (0)   14 :  0.004 0.005 0.004 0.977 0.005 0.005 
502   ZFCC19    (0)   14 :  0.007 0.004 0.006 0.976 0.004 0.003 
503   ZFCC20    (0)   14 :  0.004 0.004 0.003 0.979 0.006 0.004 
504   ZFCC21    (0)   14 :  0.011 0.007 0.006 0.938 0.007 0.031 
505   ZFCC22    (0)   14 :  0.005 0.006 0.004 0.822 0.022 0.141 
506   ZFCC26    (0)   14 :  0.004 0.005 0.003 0.979 0.004 0.004 
507   ZFCC27    (0)   14 :  0.004 0.004 0.003 0.981 0.004 0.004 
508   ZFCC29    (0)   14 :  0.007 0.007 0.004 0.973 0.005 0.004 
509   ZFCC30    (0)   14 :  0.004 0.003 0.003 0.981 0.006 0.004 
510   ZFCC32    (0)   14 :  0.007 0.005 0.006 0.971 0.006 0.004 
511   ZFCC33    (0)   14 :  0.007 0.007 0.005 0.973 0.005 0.004 
512   ZFCC34    (0)   14 :  0.006 0.017 0.013 0.893 0.035 0.038 
513   ZFCC35    (0)   14 :  0.003 0.004 0.003 0.982 0.004 0.004 
514   ZFCC36    (0)   14 :  0.007 0.004 0.010 0.964 0.006 0.008 
515   ZFCC37    (0)   14 :  0.011 0.018 0.031 0.923 0.009 0.008 
516   ZFCC40    (0)   14 :  0.003 0.006 0.005 0.976 0.004 0.006 
517   ZFCC42    (0)   14 :  0.015 0.020 0.514 0.387 0.057 0.007 
518   ZFCC44    (0)   14 :  0.004 0.003 0.003 0.982 0.005 0.003 
519   ZFCC45    (9)   14 :  0.011 0.010 0.014 0.954 0.006 0.005 
520   ZFCC46    (0)   14 :  0.004 0.003 0.003 0.968 0.011 0.011 
521   ZFCC47    (0)   14 :  0.004 0.013 0.018 0.955 0.006 0.005 
522   ZFCC48    (0)   14 :  0.005 0.005 0.003 0.956 0.007 0.024 
523   ZFCC50    (0)   14 :  0.004 0.005 0.004 0.980 0.004 0.003 
524   ZFCC51    (0)   14 :  0.003 0.004 0.003 0.981 0.005 0.003 
525   ZFCC52    (0)   14 :  0.004 0.004 0.006 0.969 0.007 0.009 
526   ZFCC53    (0)   14 :  0.003 0.004 0.003 0.982 0.004 0.003 
527  ZFCNS01    (0)   15 :  0.008 0.003 0.005 0.006 0.975 0.003 
528  ZFCNS02    (0)   15 :  0.004 0.003 0.003 0.010 0.974 0.005 
529  ZFCNS05    (0)   15 :  0.005 0.005 0.003 0.012 0.966 0.007 
