

----------------------------------------------------
STRUCTURE by Pritchard, Stephens and Donnelly (2000)
     and Falush, Stephens and Pritchard (2003)
       Code by Pritchard, Falush and Hubisz
             Version 2.3.4 (Jul 2012)
----------------------------------------------------



Command line arguments:   bin\structure -m C:\Users\eschumacher\Documents\GitHub\GCC_QUAC_ZAIN\Data_Files\Structure_Files\ZAIN\ZAIN_rebinned_allpop_str\50-50\mainparams -e C:\Users\eschumacher\Documents\GitHub\GCC_QUAC_ZAIN\Data_Files\Structure_Files\ZAIN\ZAIN_rebinned_allpop_str\50-50\extraparams 
Input File:    C:\Users\eschumacher\Documents\GitHub\GCC_QUAC_ZAIN\Data_Files\Structure_Files\ZAIN\ZAIN_rebinned_allpop_str\project_data

Run parameters:
   1133 individuals
   11 loci
   8 populations assumed
   50000 Burn-in period
   50000 Reps


--------------------------------------------
Proportion of membership of each pre-defined
 population in each of the 8 clusters

Given    Inferred Clusters                                          Number of
 Pop       1      2      3      4      5      6      7      8      Individuals

  1:     0.112  0.204  0.042  0.114  0.095  0.056  0.151  0.225      303
  2:     0.203  0.274  0.055  0.115  0.069  0.016  0.108  0.159       15
  3:     0.008  0.089  0.012  0.390  0.017  0.239  0.078  0.167        2
  4:     0.041  0.398  0.033  0.262  0.072  0.007  0.053  0.133        2
  5:     0.020  0.121  0.059  0.360  0.048  0.217  0.025  0.151        7
  6:     0.016  0.155  0.009  0.013  0.016  0.117  0.661  0.013       13
  7:     0.005  0.007  0.004  0.015  0.016  0.006  0.944  0.005       13
  8:     0.025  0.259  0.097  0.017  0.012  0.058  0.009  0.522        7
  9:     0.014  0.411  0.037  0.079  0.030  0.086  0.020  0.323       11
 10:     0.037  0.088  0.029  0.170  0.123  0.031  0.012  0.510        9
 11:     0.008  0.008  0.005  0.012  0.922  0.005  0.032  0.009       35
 12:     0.026  0.308  0.028  0.008  0.007  0.014  0.005  0.605       36
 13:     0.009  0.163  0.033  0.010  0.005  0.019  0.006  0.755       33
 14:     0.933  0.007  0.009  0.005  0.007  0.010  0.020  0.009       40
 15:     0.007  0.018  0.006  0.004  0.004  0.951  0.003  0.007       39
 16:     0.025  0.027  0.029  0.616  0.180  0.012  0.053  0.057       40
 17:     0.033  0.011  0.019  0.737  0.067  0.012  0.109  0.013       37
 18:     0.007  0.271  0.025  0.004  0.006  0.013  0.003  0.671       40
 19:     0.038  0.006  0.003  0.007  0.918  0.013  0.008  0.005       28
 20:     0.902  0.015  0.008  0.016  0.009  0.007  0.031  0.012       14
 21:     0.009  0.012  0.006  0.017  0.008  0.043  0.895  0.009       13
 22:     0.024  0.901  0.009  0.005  0.006  0.038  0.003  0.016       14
 23:     0.009  0.061  0.042  0.006  0.005  0.012  0.006  0.859       25
 24:     0.008  0.009  0.947  0.005  0.007  0.006  0.005  0.012       40
 25:     0.847  0.049  0.008  0.022  0.022  0.018  0.009  0.024       32
 26:     0.005  0.005  0.006  0.005  0.003  0.004  0.966  0.006       20
 27:     0.011  0.012  0.007  0.212  0.735  0.004  0.007  0.012        4
 28:     0.012  0.019  0.015  0.022  0.865  0.006  0.018  0.044       23
 29:     0.009  0.005  0.005  0.015  0.947  0.006  0.007  0.006       39
 30:     0.008  0.006  0.005  0.010  0.050  0.004  0.910  0.007       38
 31:     0.009  0.677  0.055  0.008  0.005  0.184  0.005  0.057       45
 32:     0.016  0.515  0.026  0.010  0.005  0.163  0.009  0.256       28
 33:     0.007  0.005  0.005  0.027  0.936  0.008  0.008  0.005        6
 34:     0.014  0.024  0.044  0.861  0.026  0.012  0.008  0.012       40
 35:     0.012  0.023  0.011  0.836  0.019  0.011  0.078  0.009       42
--------------------------------------------

Allele-freq. divergence among pops (Net nucleotide distance),
computed using point estimates of P.

      1       2       3       4       5       6       7       8      
 1      -    0.1406  0.1807  0.1008  0.1440  0.1574  0.2126  0.1684  
 2   0.1406     -    0.1118  0.1165  0.2168  0.1342  0.2706  0.0402  
 3   0.1807  0.1118     -    0.2112  0.3278  0.2581  0.3503  0.1024  
 4   0.1008  0.1165  0.2112     -    0.0912  0.1674  0.1220  0.1530  
 5   0.1440  0.2168  0.3278  0.0912     -    0.2631  0.1449  0.2186  
 6   0.1574  0.1342  0.2581  0.1674  0.2631     -    0.3364  0.2200  
 7   0.2126  0.2706  0.3503  0.1220  0.1449  0.3364     -    0.2863  
 8   0.1684  0.0402  0.1024  0.1530  0.2186  0.2200  0.2863     -    

Average distances (expected heterozygosity) between individuals in same cluster:
cluster  1  : 0.4362 
cluster  2  : 0.4384 
cluster  3  : 0.3641 
cluster  4  : 0.5525 
cluster  5  : 0.4805 
cluster  6  : 0.2772 
cluster  7  : 0.4230 
cluster  8  : 0.4080 

--------------------------------------------
Estimated Ln Prob of Data   = -21593.3
Mean value of ln likelihood = -21080.3
Variance of ln likelihood   = 1026.0
Mean value of alpha         = 0.0337

Mean value of Fst_1         = 0.4088
Mean value of Fst_2         = 0.3055
Mean value of Fst_3         = 0.4243
Mean value of Fst_4         = 0.1335
Mean value of Fst_5         = 0.3403
Mean value of Fst_6         = 0.5483
Mean value of Fst_7         = 0.4209
Mean value of Fst_8         = 0.3094


Inferred ancestry of individuals:
        Label (%Miss) Pop:  Inferred clusters
  1 TMA-ZAIN-G-    (9)    1 :  0.017 0.031 0.012 0.050 0.777 0.099 0.005 0.010 
  2 TMA-ZAIN-G-    (0)    1 :  0.027 0.038 0.005 0.030 0.719 0.008 0.007 0.166 
  3 TMA-ZAIN-G-    (0)    1 :  0.013 0.651 0.120 0.007 0.006 0.027 0.003 0.172 
  4 TMA-ZAIN-G-    (0)    1 :  0.721 0.049 0.046 0.015 0.019 0.019 0.010 0.122 
  5 TMA-ZAIN-G-    (0)    1 :  0.006 0.003 0.003 0.004 0.975 0.002 0.005 0.003 
  6 TMA-ZAIN-G-    (0)    1 :  0.074 0.325 0.186 0.148 0.072 0.029 0.048 0.118 
  7 TMA-ZAIN-G-    (0)    1 :  0.029 0.565 0.009 0.013 0.014 0.044 0.007 0.319 
  8 TMA-ZAIN-G-    (0)    1 :  0.018 0.910 0.024 0.004 0.006 0.006 0.003 0.029 
  9 TMA-ZAIN-G-    (9)    1 :  0.006 0.758 0.032 0.007 0.007 0.008 0.004 0.177 
 10 TMA-ZAIN-G-    (0)    1 :  0.010 0.668 0.033 0.008 0.003 0.012 0.004 0.262 
 11 TMA-ZAIN-G-    (0)    1 :  0.009 0.670 0.008 0.007 0.006 0.008 0.006 0.287 
 12 TMA-ZAIN-G-    (0)    1 :  0.005 0.039 0.006 0.005 0.005 0.016 0.003 0.921 
 13 TMA-ZAIN-G-    (9)    1 :  0.023 0.491 0.019 0.034 0.047 0.087 0.090 0.208 
 14 TMA-ZAIN-G-    (9)    1 :  0.007 0.022 0.007 0.008 0.003 0.930 0.009 0.013 
 15 TMA-ZAIN-G-    (0)    1 :  0.005 0.021 0.008 0.005 0.003 0.950 0.002 0.005 
 16 TMA-ZAIN-G-    (0)    1 :  0.004 0.036 0.005 0.005 0.004 0.007 0.004 0.935 
 17 TMA-ZAIN-G-    (9)    1 :  0.027 0.843 0.005 0.035 0.009 0.052 0.011 0.018 
 18 TMA-ZAIN-G-    (0)    1 :  0.043 0.012 0.009 0.136 0.767 0.017 0.006 0.010 
 19 TMA-ZAIN-G-    (0)    1 :  0.005 0.031 0.005 0.907 0.013 0.012 0.012 0.014 
 20 TMA-ZAIN-G-    (0)    1 :  0.022 0.003 0.004 0.835 0.041 0.004 0.087 0.003 
 21 TMA-ZAIN-G-    (0)    1 :  0.005 0.004 0.005 0.004 0.003 0.002 0.972 0.004 
 22 TMA-ZAIN-G-    (0)    1 :  0.007 0.003 0.002 0.013 0.042 0.003 0.926 0.003 
 23 TMA-ZAIN-G-    (0)    1 :  0.005 0.009 0.004 0.043 0.022 0.007 0.905 0.006 
 24 TMA-ZAIN-G-    (9)    1 :  0.005 0.019 0.194 0.004 0.007 0.035 0.689 0.046 
 25 TMA-ZAIN-G-    (9)    1 :  0.004 0.021 0.005 0.796 0.115 0.007 0.010 0.042 
 26 TMA-ZAIN-G-    (9)    1 :  0.463 0.314 0.008 0.012 0.010 0.018 0.040 0.136 
 27 TMA-ZAIN-G-    (0)    1 :  0.024 0.016 0.011 0.793 0.076 0.060 0.014 0.007 
 28 TMA-ZAIN-G-    (0)    1 :  0.007 0.009 0.008 0.942 0.012 0.012 0.004 0.006 
 29 TMA-ZAIN-G-    (0)    1 :  0.012 0.005 0.727 0.239 0.004 0.006 0.004 0.004 
 30 TMA-ZAIN-G-    (0)    1 :  0.008 0.324 0.070 0.377 0.004 0.092 0.005 0.120 
 31 TMA-ZAIN-G-    (0)    1 :  0.046 0.004 0.006 0.010 0.909 0.005 0.013 0.007 
 32 TMA-ZAIN-G-    (9)    1 :  0.004 0.042 0.005 0.017 0.835 0.043 0.012 0.042 
 33 TMA-ZAIN-G-   (18)    1 :  0.004 0.832 0.018 0.005 0.005 0.009 0.003 0.124 
 34 TMA-ZAIN-G-    (0)    1 :  0.007 0.058 0.013 0.011 0.285 0.008 0.018 0.601 
 35 TMA-ZAIN-G-    (9)    1 :  0.017 0.351 0.134 0.014 0.033 0.099 0.004 0.348 
 36 TMA-ZAIN-G-    (0)    1 :  0.011 0.677 0.010 0.005 0.004 0.098 0.003 0.193 
 37 TMA-ZAIN-G-    (9)    1 :  0.019 0.655 0.018 0.012 0.009 0.007 0.008 0.272 
 38 TMA-ZAIN-G-   (18)    1 :  0.006 0.041 0.007 0.026 0.805 0.080 0.012 0.022 
 39 TMA-ZAIN-G-    (0)    1 :  0.009 0.133 0.009 0.005 0.003 0.004 0.006 0.832 
 40 TMA-ZAIN-G-    (0)    1 :  0.005 0.628 0.005 0.004 0.003 0.006 0.004 0.345 
 41 TMA-ZAIN-G-    (0)    1 :  0.005 0.817 0.007 0.005 0.003 0.053 0.003 0.108 
 42 TMA-ZAIN-G-    (9)    1 :  0.008 0.748 0.006 0.004 0.003 0.204 0.002 0.025 
 43 TMA-ZAIN-G-    (0)    1 :  0.005 0.007 0.007 0.003 0.003 0.969 0.003 0.004 
 44 TMA-ZAIN-G-    (0)    1 :  0.005 0.026 0.017 0.012 0.005 0.005 0.831 0.100 
 45 TMA-ZAIN-G-    (0)    1 :  0.009 0.469 0.005 0.008 0.005 0.018 0.006 0.480 
 46 TMA-ZAIN-G-    (0)    1 :  0.006 0.003 0.003 0.004 0.003 0.004 0.973 0.003 
 47 TMA-ZAIN-G-    (0)    1 :  0.971 0.004 0.004 0.004 0.004 0.004 0.003 0.004 
 48 TMA-ZAIN-G-    (0)    1 :  0.599 0.263 0.016 0.018 0.006 0.032 0.023 0.042 
 49 TMA-ZAIN-G-    (9)    1 :  0.012 0.006 0.047 0.880 0.022 0.005 0.006 0.022 
 50 TMA-ZAIN-G-    (0)    1 :  0.003 0.021 0.003 0.940 0.007 0.007 0.006 0.013 
 51 TMA-ZAIN-G-    (0)    1 :  0.023 0.016 0.006 0.841 0.007 0.090 0.009 0.007 
 52 TMA-ZAIN-G-    (0)    1 :  0.102 0.009 0.003 0.830 0.006 0.022 0.014 0.013 
 53 TMA-ZAIN-G-    (0)    1 :  0.169 0.018 0.006 0.573 0.167 0.042 0.012 0.012 
 54 TMA-ZAIN-G-    (0)    1 :  0.947 0.009 0.004 0.009 0.005 0.013 0.005 0.006 
 55 TMA-ZAIN-G-    (0)    1 :  0.883 0.026 0.003 0.032 0.005 0.033 0.009 0.008 
 56 TMA-ZAIN-G-    (0)    1 :  0.612 0.165 0.039 0.099 0.009 0.022 0.010 0.044 
 57 TMA-ZAIN-G-    (0)    1 :  0.945 0.005 0.008 0.014 0.007 0.005 0.004 0.011 
 58 TMA-ZAIN-G-    (0)    1 :  0.027 0.016 0.005 0.837 0.026 0.008 0.075 0.006 
 59 TMA-ZAIN-G-    (0)    1 :  0.054 0.079 0.036 0.037 0.655 0.014 0.033 0.092 
 60 TMA-ZAIN-G-    (0)    1 :  0.033 0.017 0.008 0.349 0.431 0.142 0.008 0.011 
 61 TMA-ZAIN-G-    (0)    1 :  0.017 0.003 0.003 0.009 0.941 0.003 0.020 0.003 
 62 TMA-ZAIN-G-    (9)    1 :  0.011 0.035 0.011 0.045 0.817 0.008 0.025 0.048 
 63 TMA-ZAIN-G-    (0)    1 :  0.013 0.005 0.003 0.014 0.947 0.006 0.007 0.005 
 64 TMA-ZAIN-G-    (0)    1 :  0.004 0.006 0.971 0.003 0.002 0.005 0.002 0.007 
 65 TMA-ZAIN-G-    (9)    1 :  0.007 0.007 0.959 0.003 0.003 0.005 0.002 0.012 
 66 TMA-ZAIN-G-    (0)    1 :  0.004 0.012 0.953 0.003 0.003 0.005 0.003 0.017 
 67 TMA-ZAIN-G-    (0)    1 :  0.005 0.015 0.893 0.012 0.004 0.004 0.013 0.054 
 68 TMA-ZAIN-G-    (0)    1 :  0.005 0.006 0.968 0.003 0.002 0.007 0.002 0.006 
 69 TMA-ZAIN-G-    (0)    1 :  0.013 0.010 0.803 0.019 0.022 0.018 0.030 0.085 
 70 TMA-ZAIN-G-    (0)    1 :  0.004 0.021 0.042 0.006 0.003 0.006 0.005 0.912 
 71 TMA-ZAIN-G-    (0)    1 :  0.003 0.008 0.005 0.004 0.003 0.003 0.003 0.970 
 72 TMA-ZAIN-G-    (0)    1 :  0.010 0.096 0.047 0.009 0.004 0.018 0.005 0.811 
 73 TMA-ZAIN-G-    (0)    1 :  0.016 0.013 0.006 0.031 0.025 0.005 0.039 0.864 
 74 TMA-ZAIN-G-    (0)    1 :  0.005 0.019 0.009 0.017 0.009 0.005 0.012 0.925 
 75 TMA-ZAIN-G-    (0)    1 :  0.009 0.015 0.006 0.008 0.005 0.008 0.004 0.945 
 76 TMA-ZAIN-G-    (0)    1 :  0.003 0.008 0.008 0.019 0.006 0.004 0.043 0.908 
 77 TMA-ZAIN-G-    (0)    1 :  0.009 0.094 0.008 0.010 0.003 0.013 0.009 0.853 
 78 TMA-ZAIN-G-    (0)    1 :  0.016 0.028 0.007 0.030 0.009 0.007 0.043 0.859 
 79 TMA-ZAIN-G-    (0)    1 :  0.017 0.124 0.005 0.014 0.005 0.012 0.032 0.791 
 80 TMA-ZAIN-G-    (0)    1 :  0.010 0.049 0.020 0.005 0.003 0.004 0.005 0.905 
 81 TMA-ZAIN-G-    (0)    1 :  0.011 0.035 0.005 0.010 0.004 0.009 0.010 0.915 
 82 TMA-ZAIN-G-    (0)    1 :  0.012 0.012 0.098 0.005 0.005 0.006 0.003 0.858 
 83 TMA-ZAIN-G-    (9)    1 :  0.022 0.046 0.114 0.023 0.083 0.006 0.031 0.675 
 84 TMA-ZAIN-G-    (0)    1 :  0.006 0.027 0.006 0.014 0.004 0.005 0.035 0.903 
 85 TMA-ZAIN-G-    (0)    1 :  0.798 0.009 0.006 0.123 0.024 0.006 0.024 0.009 
 86 TMA-ZAIN-G-    (0)    1 :  0.859 0.024 0.011 0.021 0.009 0.005 0.050 0.022 
 87 TMA-ZAIN-G-    (0)    1 :  0.672 0.011 0.006 0.057 0.036 0.006 0.201 0.011 
 88 TMA-ZAIN-G-    (0)    1 :  0.584 0.044 0.042 0.013 0.172 0.022 0.012 0.110 
 89 TMA-ZAIN-G-    (0)    1 :  0.854 0.019 0.018 0.006 0.020 0.028 0.021 0.034 
 90 TMA-ZAIN-G-    (0)    1 :  0.948 0.007 0.006 0.009 0.007 0.005 0.008 0.009 
 91 TMA-ZAIN-G-    (0)    1 :  0.923 0.010 0.008 0.012 0.022 0.009 0.008 0.009 
 92 TMA-ZAIN-G-    (0)    1 :  0.927 0.008 0.004 0.022 0.006 0.010 0.017 0.006 
 93 TMA-ZAIN-G-    (0)    1 :  0.924 0.005 0.006 0.020 0.016 0.014 0.009 0.004 
 94 TMA-ZAIN-G-    (0)    1 :  0.908 0.004 0.003 0.022 0.042 0.005 0.010 0.004 
 95 TMA-ZAIN-G-    (0)    1 :  0.005 0.022 0.018 0.897 0.009 0.030 0.007 0.013 
 96 TMA-ZAIN-G-    (0)    1 :  0.007 0.033 0.005 0.902 0.005 0.034 0.005 0.009 
 97 TMA-ZAIN-G-    (0)    1 :  0.009 0.005 0.006 0.010 0.949 0.006 0.006 0.008 
 98 TMA-ZAIN-G-    (0)    1 :  0.009 0.004 0.004 0.004 0.963 0.005 0.004 0.007 
 99 TMA-ZAIN-G-    (0)    1 :  0.004 0.083 0.024 0.006 0.815 0.008 0.014 0.047 
100 TMA-ZAIN-G-    (0)    1 :  0.027 0.004 0.004 0.015 0.923 0.006 0.016 0.005 
101 TMA-ZAIN-G-    (0)    1 :  0.009 0.007 0.005 0.008 0.949 0.005 0.005 0.011 
102 TMA-ZAIN-G-    (0)    1 :  0.014 0.038 0.014 0.059 0.629 0.036 0.165 0.045 
103 TMA-ZAIN-G-    (0)    1 :  0.010 0.011 0.005 0.027 0.910 0.007 0.015 0.014 
104 TMA-ZAIN-G-    (0)    1 :  0.004 0.004 0.002 0.006 0.970 0.004 0.006 0.004 
105 TMA-ZAIN-G-    (0)    1 :  0.011 0.013 0.006 0.021 0.914 0.008 0.008 0.018 
106 TMA-ZAIN-G-    (0)    1 :  0.006 0.699 0.046 0.004 0.003 0.084 0.003 0.155 
107 TMA-ZAIN-G-    (0)    1 :  0.005 0.034 0.008 0.004 0.004 0.008 0.003 0.933 
108 TMA-ZAIN-G-    (9)    1 :  0.022 0.284 0.014 0.053 0.369 0.089 0.053 0.115 
109 TMA-ZAIN-G-    (0)    1 :  0.047 0.297 0.214 0.039 0.348 0.018 0.005 0.033 
110 TMA-ZAIN-G-    (0)    1 :  0.025 0.426 0.009 0.106 0.077 0.022 0.167 0.168 
111 TMA-ZAIN-G-    (9)    1 :  0.029 0.025 0.018 0.066 0.615 0.004 0.086 0.157 
112 TMA-ZAIN-G-    (0)    1 :  0.028 0.334 0.022 0.143 0.285 0.040 0.054 0.094 
113 TMA-ZAIN-G-    (0)    1 :  0.015 0.007 0.010 0.005 0.930 0.006 0.009 0.018 
114 TMA-ZAIN-G-    (0)    1 :  0.004 0.003 0.003 0.005 0.968 0.002 0.011 0.003 
115 TMA-ZAIN-G-    (0)    1 :  0.004 0.003 0.003 0.004 0.973 0.004 0.005 0.004 
116 TMA-ZAIN-G-    (0)    1 :  0.011 0.014 0.018 0.004 0.007 0.005 0.002 0.939 
117 TMA-ZAIN-G-    (0)    1 :  0.073 0.349 0.253 0.019 0.009 0.082 0.004 0.211 
118 TMA-ZAIN-G-    (0)    1 :  0.009 0.024 0.050 0.007 0.006 0.022 0.003 0.880 
119 TMA-ZAIN-G-    (0)    1 :  0.009 0.012 0.030 0.008 0.013 0.005 0.006 0.916 
120 TMA-ZAIN-G-    (0)    1 :  0.014 0.033 0.039 0.014 0.010 0.069 0.004 0.816 
121 TMA-ZAIN-G-    (0)    1 :  0.033 0.155 0.274 0.014 0.026 0.022 0.003 0.472 
122 TMA-ZAIN-G-    (0)    1 :  0.027 0.543 0.042 0.015 0.005 0.010 0.008 0.350 
123 TMA-ZAIN-G-    (0)    1 :  0.006 0.005 0.004 0.011 0.949 0.011 0.009 0.005 
124 TMA-ZAIN-G-    (0)    1 :  0.005 0.961 0.004 0.006 0.005 0.010 0.003 0.007 
125 TMA-ZAIN-G-    (0)    1 :  0.085 0.796 0.051 0.004 0.002 0.051 0.002 0.008 
126 TMA-ZAIN-G-    (0)    1 :  0.010 0.920 0.005 0.005 0.004 0.044 0.003 0.009 
127 TMA-ZAIN-G-    (0)    1 :  0.005 0.962 0.006 0.004 0.003 0.012 0.003 0.006 
128 TMA-ZAIN-G-    (0)    1 :  0.007 0.941 0.022 0.005 0.004 0.008 0.003 0.009 
129 TMA-ZAIN-G-    (0)    1 :  0.007 0.943 0.005 0.005 0.006 0.022 0.003 0.007 
130 TMA-ZAIN-G-    (0)    1 :  0.049 0.833 0.011 0.006 0.007 0.077 0.003 0.014 
131 TMA-ZAIN-G-    (0)    1 :  0.006 0.950 0.004 0.006 0.004 0.020 0.003 0.007 
132 TMA-ZAIN-G-    (0)    1 :  0.031 0.879 0.043 0.005 0.004 0.018 0.003 0.018 
133 TMA-ZAIN-G-    (0)    1 :  0.030 0.800 0.051 0.011 0.003 0.061 0.010 0.033 
134 TMA-ZAIN-G-    (0)    1 :  0.027 0.718 0.042 0.005 0.003 0.153 0.007 0.045 
135 TMA-ZAIN-G-    (0)    1 :  0.008 0.746 0.023 0.004 0.004 0.011 0.005 0.201 
136 TMA-ZAIN-G-    (0)    1 :  0.013 0.181 0.674 0.005 0.007 0.008 0.005 0.106 
137 TMA-ZAIN-G-    (0)    1 :  0.005 0.317 0.008 0.004 0.006 0.007 0.004 0.648 
138 TMA-ZAIN-G-    (0)    1 :  0.008 0.924 0.010 0.003 0.004 0.010 0.002 0.039 
139 TMA-ZAIN-G-    (0)    1 :  0.030 0.812 0.012 0.004 0.005 0.012 0.004 0.121 
140 TMA-ZAIN-G-    (0)    1 :  0.004 0.395 0.011 0.005 0.004 0.007 0.004 0.570 
141 TMA-ZAIN-G-    (0)    1 :  0.007 0.295 0.007 0.005 0.005 0.021 0.004 0.656 
142 TMA-ZAIN-G-    (9)    1 :  0.006 0.212 0.013 0.005 0.003 0.008 0.003 0.751 
143 TMA-ZAIN-G-    (0)    1 :  0.005 0.744 0.014 0.005 0.004 0.009 0.003 0.216 
144 TMA-ZAIN-G-    (0)    1 :  0.031 0.422 0.007 0.015 0.004 0.017 0.005 0.499 
145 TMA-ZAIN-G-    (0)    1 :  0.011 0.086 0.248 0.005 0.003 0.006 0.002 0.639 
146 TMA-ZAIN-G-    (0)    1 :  0.004 0.062 0.006 0.003 0.003 0.006 0.003 0.913 
147 TMA-ZAIN-G-    (9)    1 :  0.005 0.282 0.013 0.004 0.003 0.006 0.004 0.683 
148 TMA-ZAIN-G-    (0)    1 :  0.023 0.532 0.006 0.004 0.003 0.067 0.003 0.362 
149 TMA-ZAIN-G-    (0)    1 :  0.060 0.622 0.007 0.011 0.023 0.020 0.016 0.240 
150 TMA-ZAIN-G-    (0)    1 :  0.089 0.251 0.121 0.011 0.031 0.017 0.014 0.465 
151 TMA-ZAIN-G-    (0)    1 :  0.006 0.057 0.017 0.004 0.004 0.021 0.002 0.889 
152 TMA-ZAIN-G-    (0)    1 :  0.005 0.011 0.008 0.004 0.004 0.010 0.002 0.955 
153 TMA-ZAIN-G-    (0)    1 :  0.018 0.270 0.028 0.004 0.005 0.040 0.003 0.632 
154 TMA-ZAIN-G-    (0)    1 :  0.006 0.017 0.006 0.004 0.004 0.006 0.002 0.954 
155 TMA-ZAIN-G-    (0)    1 :  0.004 0.046 0.012 0.004 0.006 0.009 0.003 0.917 
156 TMA-ZAIN-G-    (9)    1 :  0.019 0.252 0.007 0.005 0.013 0.076 0.003 0.625 
157 TMA-ZAIN-G-    (0)    1 :  0.008 0.251 0.013 0.005 0.008 0.159 0.003 0.553 
158 TMA-ZAIN-G-    (0)    1 :  0.005 0.016 0.005 0.005 0.003 0.004 0.003 0.959 
159 TMA-ZAIN-G-    (0)    1 :  0.004 0.015 0.008 0.003 0.004 0.004 0.002 0.959 
160 TMA-ZAIN-G-    (0)    1 :  0.005 0.007 0.011 0.003 0.005 0.003 0.002 0.964 
161 TMA-ZAIN-G-    (0)    1 :  0.017 0.346 0.007 0.006 0.003 0.024 0.002 0.593 
162 TMA-ZAIN-G-    (0)    1 :  0.019 0.022 0.006 0.010 0.034 0.004 0.017 0.887 
163 TMA-ZAIN-G-    (0)    1 :  0.003 0.014 0.005 0.003 0.003 0.003 0.002 0.966 
164 TMA-ZAIN-G-    (0)    1 :  0.008 0.017 0.007 0.004 0.005 0.005 0.004 0.949 
165 TMA-ZAIN-G-    (0)    1 :  0.003 0.028 0.007 0.003 0.005 0.004 0.003 0.948 
166 TMA-ZAIN-G-    (0)    1 :  0.007 0.141 0.009 0.004 0.003 0.005 0.002 0.829 
167 TMA-ZAIN-G-    (0)    1 :  0.006 0.165 0.005 0.007 0.006 0.008 0.005 0.797 
168 TMA-ZAIN-G-    (0)    1 :  0.006 0.015 0.021 0.005 0.005 0.027 0.003 0.917 
169 TMA-ZAIN-G-    (0)    1 :  0.006 0.012 0.145 0.004 0.004 0.005 0.003 0.821 
170 TMA-ZAIN-G-    (0)    1 :  0.005 0.147 0.024 0.021 0.017 0.086 0.010 0.691 
171 TMA-ZAIN-G-    (0)    1 :  0.005 0.009 0.023 0.003 0.004 0.005 0.003 0.950 
172 TMA-ZAIN-G-    (0)    1 :  0.004 0.898 0.005 0.005 0.003 0.022 0.004 0.059 
173 TMA-ZAIN-G-    (0)    1 :  0.005 0.920 0.006 0.007 0.004 0.021 0.004 0.034 
174 TMA-ZAIN-G-    (0)    1 :  0.009 0.811 0.046 0.004 0.003 0.006 0.002 0.119 
175 TMA-ZAIN-G-    (0)    1 :  0.005 0.008 0.008 0.003 0.003 0.005 0.003 0.964 
176 TMA-ZAIN-G-    (0)    1 :  0.004 0.024 0.006 0.004 0.003 0.005 0.003 0.951 
177 TMA-ZAIN-G-    (0)    1 :  0.004 0.038 0.004 0.004 0.004 0.018 0.003 0.925 
178 TMA-ZAIN-G-    (0)    1 :  0.004 0.615 0.005 0.006 0.005 0.074 0.004 0.287 
179 TMA-ZAIN-G-    (0)    1 :  0.005 0.242 0.008 0.005 0.003 0.030 0.003 0.704 
180 TMA-ZAIN-G-    (0)    1 :  0.013 0.892 0.049 0.006 0.004 0.020 0.005 0.011 
181 TMA-ZAIN-G-    (0)    1 :  0.006 0.682 0.008 0.004 0.006 0.240 0.003 0.051 
182 TMA-ZAIN-G-    (0)    1 :  0.006 0.766 0.003 0.005 0.007 0.190 0.003 0.020 
183 TMA-ZAIN-G-    (0)    1 :  0.004 0.511 0.007 0.005 0.005 0.432 0.003 0.033 
184 TMA-ZAIN-G-    (0)    1 :  0.022 0.840 0.010 0.012 0.032 0.040 0.016 0.028 
185 TMA-ZAIN-G-    (0)    1 :  0.024 0.900 0.006 0.019 0.014 0.006 0.021 0.010 
186 TMA-ZAIN-G-    (9)    1 :  0.005 0.953 0.005 0.010 0.004 0.006 0.005 0.012 
187 TMA-ZAIN-G-    (0)    1 :  0.003 0.930 0.007 0.006 0.004 0.021 0.003 0.025 
188 TMA-ZAIN-G-    (0)    1 :  0.004 0.943 0.009 0.004 0.003 0.012 0.003 0.022 
189 TMA-ZAIN-G-    (0)    1 :  0.003 0.954 0.014 0.003 0.003 0.014 0.003 0.007 
190 TMA-ZAIN-G-    (0)    1 :  0.005 0.799 0.022 0.008 0.003 0.117 0.003 0.042 
191 TMA-ZAIN-G-    (0)    1 :  0.011 0.925 0.005 0.009 0.013 0.006 0.019 0.011 
192 TMA-ZAIN-G-    (0)    1 :  0.004 0.935 0.005 0.004 0.003 0.036 0.006 0.007 
193 TMA-ZAIN-G-    (0)    1 :  0.005 0.004 0.003 0.003 0.002 0.977 0.002 0.003 
194 TMA-ZAIN-G-    (0)    1 :  0.010 0.019 0.009 0.010 0.002 0.941 0.005 0.005 
195 TMA-ZAIN-G-    (0)    1 :  0.006 0.060 0.038 0.012 0.003 0.847 0.002 0.032 
196 TMA-ZAIN-G-    (0)    1 :  0.004 0.009 0.009 0.003 0.003 0.964 0.002 0.005 
197 TMA-ZAIN-G-    (0)    1 :  0.006 0.009 0.009 0.004 0.003 0.960 0.003 0.007 
198 TMA-ZAIN-G-    (0)    1 :  0.004 0.011 0.007 0.003 0.003 0.959 0.003 0.009 
199 TMA-ZAIN-G-    (0)    1 :  0.006 0.959 0.005 0.007 0.003 0.008 0.004 0.009 
200 TMA-ZAIN-G-    (0)    1 :  0.004 0.004 0.003 0.035 0.016 0.045 0.890 0.003 
201 TMA-ZAIN-G-    (0)    1 :  0.004 0.004 0.004 0.012 0.006 0.003 0.964 0.004 
202 TMA-ZAIN-G-    (0)    1 :  0.002 0.008 0.003 0.014 0.014 0.034 0.920 0.005 
203 TMA-ZAIN-G-    (0)    1 :  0.005 0.040 0.004 0.004 0.017 0.913 0.002 0.014 
204 TMA-ZAIN-G-    (9)    1 :  0.036 0.007 0.012 0.016 0.005 0.008 0.905 0.011 
205 TMA-ZAIN-G-    (0)    1 :  0.013 0.013 0.008 0.028 0.006 0.007 0.801 0.124 
206 TMA-ZAIN-G-    (9)    1 :  0.023 0.020 0.010 0.033 0.015 0.066 0.818 0.014 
207 TMA-ZAIN-G-    (9)    1 :  0.124 0.091 0.125 0.090 0.014 0.013 0.013 0.530 
208 TMA-ZAIN-G-    (0)    1 :  0.004 0.269 0.063 0.005 0.003 0.005 0.003 0.649 
209 TMA-ZAIN-G-    (0)    1 :  0.049 0.568 0.016 0.004 0.003 0.202 0.003 0.155 
210 TMA-ZAIN-G-    (0)    1 :  0.017 0.321 0.112 0.005 0.004 0.377 0.003 0.160 
211 TMA-ZAIN-G-    (0)    1 :  0.015 0.701 0.027 0.031 0.013 0.073 0.024 0.116 
212 TMA-ZAIN-G-    (0)    1 :  0.010 0.841 0.015 0.006 0.003 0.017 0.005 0.102 
213 TMA-ZAIN-G-    (0)    1 :  0.005 0.882 0.006 0.004 0.004 0.017 0.004 0.078 
214 TMA-ZAIN-G-    (0)    1 :  0.007 0.885 0.023 0.004 0.003 0.018 0.003 0.057 
215 TMA-ZAIN-G-    (0)    1 :  0.003 0.636 0.005 0.219 0.004 0.005 0.013 0.115 
216 TMA-ZAIN-G-    (0)    1 :  0.009 0.947 0.005 0.006 0.003 0.010 0.004 0.016 
217 TMA-ZAIN-G-    (0)    1 :  0.008 0.744 0.084 0.003 0.003 0.055 0.003 0.099 
218 TMA-ZAIN-G-    (0)    1 :  0.005 0.007 0.011 0.957 0.005 0.004 0.004 0.007 
219 TMA-ZAIN-G-    (0)    1 :  0.009 0.006 0.003 0.958 0.005 0.004 0.012 0.004 
220 TMA-ZAIN-G-    (0)    1 :  0.010 0.008 0.015 0.866 0.068 0.006 0.004 0.023 
221 TMA-ZAIN-G-    (0)    1 :  0.009 0.020 0.007 0.917 0.004 0.008 0.024 0.010 
222 TMA-ZAIN-G-    (0)    1 :  0.019 0.009 0.012 0.893 0.036 0.006 0.010 0.016 
223 TMA-ZAIN-G-    (0)    1 :  0.006 0.004 0.003 0.964 0.007 0.003 0.010 0.004 
224 TMA-ZAIN-G-    (0)    1 :  0.017 0.013 0.005 0.920 0.013 0.009 0.017 0.005 
225 TMA-ZAIN-G-    (0)    1 :  0.005 0.004 0.003 0.953 0.012 0.011 0.009 0.004 
226 TMA-ZAIN-G-    (0)    1 :  0.006 0.007 0.005 0.934 0.014 0.018 0.009 0.007 
227 TMA-ZAIN-G-    (0)    1 :  0.005 0.009 0.004 0.917 0.011 0.021 0.026 0.008 
228 TMA-ZAIN-G-    (0)    1 :  0.008 0.009 0.008 0.921 0.017 0.007 0.013 0.018 
229 TMA-ZAIN-G-    (0)    1 :  0.007 0.003 0.010 0.891 0.028 0.003 0.056 0.004 
230 TMA-ZAIN-G-    (0)    1 :  0.055 0.059 0.016 0.768 0.036 0.027 0.008 0.030 
231 TMA-ZAIN-G-    (0)    1 :  0.030 0.015 0.013 0.133 0.144 0.012 0.565 0.089 
232 TMA-ZAIN-G-    (9)    1 :  0.014 0.039 0.056 0.069 0.273 0.013 0.520 0.015 
233 TMA-ZAIN-G-    (0)    1 :  0.016 0.012 0.040 0.881 0.005 0.008 0.023 0.016 
234 TMA-ZAIN-G-    (0)    1 :  0.023 0.004 0.006 0.586 0.309 0.011 0.052 0.010 
235 TMA-ZAIN-G-    (0)    1 :  0.011 0.024 0.005 0.765 0.119 0.024 0.020 0.032 
236 TMA-ZAIN-G-    (0)    1 :  0.007 0.014 0.007 0.797 0.069 0.027 0.067 0.012 
237 TMA-ZAIN-G-    (0)    1 :  0.028 0.069 0.023 0.474 0.212 0.018 0.014 0.163 
238 TMA-ZAIN-G-    (0)    1 :  0.005 0.030 0.005 0.837 0.054 0.009 0.035 0.025 
239 TMA-ZAIN-G-    (0)    1 :  0.031 0.023 0.017 0.004 0.005 0.154 0.763 0.003 
240 TMA-ZAIN-G-    (0)    1 :  0.006 0.003 0.003 0.004 0.003 0.004 0.973 0.003 
241 TMA-ZAIN-G-    (0)    1 :  0.005 0.005 0.005 0.003 0.004 0.004 0.964 0.009 
242 TMA-ZAIN-G-    (0)    1 :  0.004 0.005 0.005 0.004 0.003 0.003 0.969 0.007 
243 TMA-ZAIN-G-    (0)    1 :  0.006 0.007 0.008 0.004 0.003 0.004 0.957 0.011 
244 TMA-ZAIN-G-    (0)    1 :  0.004 0.009 0.009 0.004 0.004 0.003 0.950 0.016 
245 TMA-ZAIN-G-    (9)    1 :  0.004 0.003 0.002 0.004 0.003 0.003 0.978 0.003 
246 TMA-ZAIN-G-    (0)    1 :  0.003 0.003 0.003 0.004 0.002 0.002 0.979 0.003 
247 TMA-ZAIN-G-    (0)    1 :  0.004 0.004 0.006 0.004 0.002 0.002 0.974 0.004 
248 TMA-ZAIN-G-    (0)    1 :  0.004 0.006 0.005 0.005 0.004 0.009 0.960 0.006 
249 TMA-ZAIN-G-    (0)    1 :  0.004 0.004 0.003 0.006 0.003 0.007 0.971 0.003 
250 TMA-ZAIN-G-    (0)    1 :  0.003 0.004 0.006 0.005 0.003 0.004 0.972 0.003 
251 TMA-ZAIN-G-    (0)    1 :  0.970 0.004 0.004 0.005 0.005 0.006 0.003 0.004 
252 TMA-ZAIN-G-    (0)    1 :  0.868 0.012 0.047 0.007 0.004 0.006 0.003 0.054 
253 TMA-ZAIN-G-    (0)    1 :  0.967 0.004 0.006 0.003 0.005 0.005 0.003 0.007 
254 TMA-ZAIN-G-    (9)    1 :  0.935 0.009 0.015 0.005 0.010 0.005 0.003 0.019 
255 TMA-ZAIN-G-    (0)    1 :  0.946 0.004 0.008 0.003 0.012 0.004 0.017 0.005 
256 TMA-ZAIN-G-    (0)    1 :  0.952 0.006 0.005 0.004 0.006 0.015 0.006 0.007 
257 TMA-ZAIN-G-    (0)    1 :  0.967 0.004 0.003 0.004 0.003 0.012 0.003 0.003 
258 TMA-ZAIN-G-    (0)    1 :  0.975 0.003 0.004 0.003 0.004 0.005 0.003 0.003 
259 TMA-ZAIN-G-    (0)    1 :  0.971 0.004 0.005 0.004 0.003 0.005 0.005 0.003 
260 TMA-ZAIN-G-    (0)    1 :  0.965 0.004 0.010 0.004 0.004 0.005 0.004 0.003 
261 TMA-ZAIN-G-   (18)    1 :  0.957 0.006 0.011 0.006 0.004 0.007 0.004 0.005 
262 TMA-ZAIN-G-    (0)    1 :  0.973 0.004 0.003 0.003 0.004 0.007 0.003 0.003 
263 TMA-ZAIN-G-    (0)    1 :  0.972 0.004 0.004 0.003 0.005 0.005 0.003 0.004 
264 TMA-ZAIN-G-    (0)    1 :  0.966 0.003 0.005 0.004 0.008 0.006 0.003 0.005 
265 TMA-ZAIN-G-    (0)    1 :  0.687 0.025 0.037 0.181 0.017 0.012 0.018 0.023 
266 TMA-ZAIN-G-    (0)    1 :  0.734 0.098 0.023 0.027 0.014 0.073 0.009 0.021 
267 TMA-ZAIN-G-    (0)    1 :  0.574 0.013 0.014 0.060 0.019 0.007 0.297 0.016 
268 TMA-ZAIN-G-    (0)    1 :  0.006 0.004 0.004 0.007 0.077 0.003 0.895 0.004 
269 TMA-ZAIN-G-    (0)    1 :  0.009 0.007 0.005 0.030 0.260 0.004 0.680 0.007 
270 TMA-ZAIN-G-    (0)    1 :  0.012 0.005 0.004 0.018 0.071 0.004 0.880 0.006 
271 TMA-ZAIN-G-    (0)    1 :  0.007 0.005 0.003 0.008 0.030 0.003 0.939 0.005 
272 TMA-ZAIN-G-    (0)    1 :  0.005 0.005 0.003 0.048 0.028 0.003 0.903 0.005 
273 TMA-ZAIN-G-    (0)    1 :  0.004 0.003 0.002 0.017 0.015 0.003 0.954 0.003 
274 TMA-ZAIN-G-    (0)    1 :  0.009 0.021 0.009 0.022 0.030 0.052 0.844 0.011 
275 TMA-ZAIN-G-    (0)    1 :  0.003 0.004 0.002 0.007 0.006 0.003 0.972 0.003 
276 TMA-ZAIN-G-    (0)    1 :  0.003 0.003 0.003 0.005 0.008 0.002 0.971 0.004 
277 TMA-ZAIN-G-    (0)    1 :  0.006 0.004 0.005 0.006 0.009 0.005 0.961 0.005 
278 TMA-ZAIN-G-    (0)    1 :  0.005 0.003 0.003 0.005 0.006 0.003 0.972 0.003 
279 TMA-ZAIN-G-    (0)    1 :  0.004 0.005 0.003 0.014 0.011 0.006 0.953 0.004 
280 TMA-ZAIN-G-    (0)    1 :  0.004 0.008 0.002 0.046 0.105 0.009 0.821 0.005 
281 TMA-ZAIN-G-    (0)    1 :  0.005 0.005 0.003 0.013 0.036 0.006 0.928 0.004 
282 TMA-ZAIN-G-    (9)    1 :  0.006 0.003 0.003 0.007 0.011 0.003 0.964 0.003 
283 TMA-ZAIN-G-    (0)    1 :  0.134 0.013 0.007 0.111 0.090 0.004 0.625 0.015 
284 TMA-ZAIN-G-    (0)    1 :  0.155 0.015 0.004 0.192 0.176 0.005 0.441 0.012 
285 TMA-ZAIN-G-    (0)    1 :  0.033 0.026 0.029 0.025 0.037 0.012 0.815 0.022 
286 TMA-ZAIN-G-    (0)    1 :  0.009 0.003 0.003 0.011 0.028 0.003 0.939 0.003 
287 TMA-ZAIN-G-    (0)    1 :  0.006 0.009 0.010 0.009 0.024 0.014 0.920 0.008 
288 TMA-ZAIN-G-    (0)    1 :  0.012 0.042 0.012 0.158 0.088 0.070 0.596 0.022 
289 TMA-ZAIN-G-    (0)    1 :  0.011 0.016 0.016 0.015 0.022 0.028 0.880 0.013 
290 TMA-ZAIN-G-    (0)    1 :  0.010 0.011 0.003 0.089 0.425 0.010 0.444 0.007 
291 TMA-ZAIN-G-    (0)    1 :  0.007 0.004 0.003 0.949 0.012 0.005 0.015 0.004 
292 TMA-ZAIN-G-    (0)    1 :  0.005 0.220 0.007 0.018 0.010 0.023 0.014 0.704 
293 TMA-ZAIN-G-    (0)    1 :  0.017 0.681 0.018 0.009 0.004 0.013 0.008 0.249 
294 TMA-ZAIN-G-    (0)    1 :  0.006 0.027 0.012 0.004 0.003 0.005 0.004 0.939 
295 TMA-ZAIN-G-    (9)    1 :  0.009 0.056 0.016 0.009 0.004 0.005 0.008 0.893 
296 TMA-ZAIN-G-    (0)    1 :  0.012 0.586 0.007 0.011 0.010 0.029 0.007 0.338 
297 TMA-ZAIN-G-    (0)    1 :  0.028 0.181 0.032 0.009 0.005 0.143 0.005 0.597 
298 TMA-ZAIN-G-    (0)    1 :  0.065 0.087 0.009 0.016 0.014 0.005 0.027 0.777 
299 TMA-ZAIN-G-    (0)    1 :  0.003 0.007 0.009 0.005 0.004 0.005 0.007 0.959 
300 TMA-ZAIN-G-    (0)    1 :  0.008 0.178 0.075 0.010 0.003 0.010 0.006 0.710 
301 TMA-ZAIN-G-    (0)    1 :  0.008 0.311 0.022 0.007 0.005 0.029 0.008 0.611 
302 TMA-ZAIN-G-    (9)    1 :  0.006 0.159 0.008 0.005 0.004 0.017 0.003 0.797 
303 TMA-ZAIN-G-    (0)    1 :  0.030 0.022 0.002 0.797 0.018 0.120 0.007 0.004 
304 TMA-ZAIN-G-    (0)    2 :  0.575 0.136 0.170 0.008 0.017 0.045 0.009 0.040 
305 TMA-ZAIN-G-    (0)    2 :  0.010 0.553 0.021 0.005 0.004 0.012 0.005 0.390 
306 TMA-ZAIN-G-    (0)    2 :  0.333 0.273 0.017 0.011 0.138 0.022 0.035 0.171 
307 TMA-ZAIN-G-    (0)    2 :  0.401 0.163 0.364 0.006 0.014 0.014 0.011 0.027 
308 TMA-ZAIN-G-    (0)    2 :  0.797 0.006 0.015 0.110 0.031 0.015 0.023 0.004 
309 TMA-ZAIN-G-    (0)    2 :  0.004 0.940 0.007 0.004 0.003 0.028 0.003 0.011 
310 TMA-ZAIN-G-    (0)    2 :  0.020 0.330 0.011 0.014 0.006 0.003 0.030 0.584 
311 TMA-ZAIN-G-    (0)    2 :  0.055 0.400 0.009 0.027 0.044 0.016 0.009 0.440 
312 TMA-ZAIN-G-    (0)    2 :  0.008 0.893 0.009 0.020 0.005 0.022 0.005 0.039 
313 TMA-ZAIN-G-    (0)    2 :  0.728 0.099 0.035 0.006 0.013 0.022 0.005 0.093 
314 TMA-ZAIN-G-    (0)    2 :  0.020 0.030 0.013 0.333 0.357 0.016 0.224 0.007 
315 TMA-ZAIN-G-    (0)    2 :  0.021 0.162 0.072 0.033 0.007 0.007 0.410 0.288 
316 TMA-ZAIN-G-    (0)    2 :  0.018 0.116 0.070 0.093 0.010 0.006 0.408 0.279 
317 TMA-ZAIN-G-    (0)    2 :  0.012 0.006 0.003 0.906 0.034 0.007 0.022 0.008 
318 TMA-ZAIN-G-    (9)    2 :  0.044 0.007 0.010 0.151 0.345 0.011 0.424 0.009 
319 TMA-ZAIN-G-    (0)    3 :  0.010 0.009 0.003 0.331 0.028 0.467 0.146 0.005 
320 TMA-ZAIN-G-    (0)    3 :  0.006 0.168 0.021 0.450 0.006 0.011 0.010 0.329 
321 TMA-ZAIN-G-    (0)    4 :  0.012 0.602 0.019 0.102 0.071 0.007 0.100 0.087 
322 TMA-ZAIN-G-    (0)    4 :  0.069 0.194 0.048 0.421 0.073 0.008 0.007 0.180 
323 TMA-ZAIN-G-    (0)    5 :  0.013 0.028 0.017 0.858 0.007 0.054 0.017 0.006 
324 TMA-ZAIN-G-    (0)    5 :  0.036 0.042 0.023 0.008 0.008 0.046 0.004 0.833 
325 TMA-ZAIN-G-    (0)    5 :  0.008 0.014 0.005 0.899 0.004 0.006 0.053 0.010 
326 TMA-ZAIN-G-    (0)    5 :  0.017 0.014 0.005 0.579 0.003 0.368 0.003 0.010 
327 TMA-ZAIN-G-    (0)    5 :  0.010 0.026 0.027 0.005 0.003 0.918 0.003 0.007 
328 TMA-ZAIN-G-    (0)    5 :  0.021 0.050 0.265 0.159 0.308 0.087 0.089 0.021 
329 TMA-ZAIN-G-    (0)    5 :  0.033 0.670 0.073 0.009 0.004 0.037 0.007 0.166 
330 TMA-ZAIN-G-    (0)    6 :  0.036 0.824 0.054 0.008 0.004 0.025 0.003 0.045 
331 TMA-ZAIN-G-    (0)    6 :  0.110 0.698 0.007 0.042 0.022 0.009 0.067 0.045 
332 TMA-ZAIN-G-    (0)    6 :  0.005 0.447 0.014 0.005 0.002 0.485 0.003 0.038 
333 TMA-ZAIN-G-    (0)    6 :  0.004 0.005 0.003 0.003 0.003 0.976 0.002 0.003 
334 TMA-ZAIN-G-    (0)    6 :  0.008 0.003 0.003 0.012 0.011 0.003 0.956 0.004 
335 TMA-ZAIN-G-    (0)    6 :  0.004 0.004 0.005 0.005 0.004 0.003 0.970 0.005 
336 TMA-ZAIN-G-    (0)    6 :  0.013 0.008 0.006 0.016 0.013 0.006 0.929 0.008 
337 TMA-ZAIN-G-    (9)    6 :  0.008 0.006 0.004 0.040 0.079 0.004 0.853 0.006 
338 TMA-ZAIN-G-    (0)    6 :  0.007 0.003 0.003 0.009 0.031 0.003 0.939 0.004 
339 TMA-ZAIN-G-    (0)    6 :  0.003 0.002 0.002 0.005 0.013 0.002 0.970 0.002 
340 TMA-ZAIN-G-    (0)    6 :  0.003 0.003 0.003 0.005 0.006 0.002 0.974 0.003 
341 TMA-ZAIN-G-    (0)    6 :  0.003 0.005 0.004 0.006 0.009 0.004 0.965 0.004 
342 TMA-ZAIN-G-    (0)    6 :  0.005 0.004 0.004 0.006 0.007 0.003 0.966 0.004 
343 TMA-ZAIN-G-    (0)    7 :  0.003 0.004 0.003 0.006 0.027 0.003 0.952 0.003 
344 TMA-ZAIN-G-    (0)    7 :  0.004 0.006 0.003 0.012 0.007 0.006 0.957 0.005 
345 TMA-ZAIN-G-    (0)    7 :  0.005 0.003 0.003 0.004 0.005 0.003 0.975 0.003 
346 TMA-ZAIN-G-    (0)    7 :  0.005 0.013 0.003 0.014 0.028 0.013 0.921 0.004 
347 TMA-ZAIN-G-    (9)    7 :  0.003 0.003 0.003 0.006 0.007 0.003 0.971 0.003 
348 TMA-ZAIN-G-    (0)    7 :  0.009 0.005 0.004 0.014 0.020 0.005 0.937 0.005 
349 TMA-ZAIN-G-    (0)    7 :  0.005 0.003 0.003 0.007 0.013 0.004 0.960 0.004 
350 TMA-ZAIN-G-    (0)    7 :  0.006 0.010 0.005 0.066 0.025 0.007 0.875 0.007 
351 TMA-ZAIN-G-    (0)    7 :  0.005 0.003 0.004 0.007 0.008 0.004 0.966 0.003 
352 TMA-ZAIN-G-    (0)    7 :  0.008 0.006 0.007 0.007 0.008 0.003 0.955 0.007 
353 TMA-ZAIN-G-    (0)    7 :  0.005 0.011 0.003 0.026 0.038 0.013 0.897 0.006 
354 TMA-ZAIN-G-    (0)    7 :  0.003 0.008 0.002 0.012 0.007 0.005 0.957 0.005 
355 TMA-ZAIN-G-    (0)    7 :  0.003 0.014 0.004 0.008 0.013 0.007 0.942 0.008 
356 TMA-ZAIN-G-    (0)    8 :  0.014 0.004 0.103 0.012 0.003 0.002 0.002 0.859 
357 TMA-ZAIN-G-    (0)    8 :  0.013 0.142 0.083 0.012 0.011 0.367 0.004 0.369 
358 TMA-ZAIN-G-    (0)    8 :  0.024 0.728 0.087 0.024 0.044 0.011 0.021 0.062 
359 TMA-ZAIN-G-    (0)    8 :  0.103 0.015 0.362 0.054 0.011 0.004 0.022 0.428 
360 TMA-ZAIN-G-    (0)    8 :  0.005 0.012 0.018 0.004 0.003 0.003 0.003 0.951 
361 TMA-ZAIN-G-    (0)    8 :  0.010 0.904 0.016 0.008 0.009 0.017 0.003 0.033 
362 TMA-ZAIN-G-    (0)    8 :  0.004 0.010 0.007 0.007 0.004 0.003 0.011 0.954 
363 TMA-ZAIN-G-    (0)    9 :  0.018 0.678 0.015 0.038 0.004 0.064 0.010 0.172 
364 TMA-ZAIN-G-    (0)    9 :  0.017 0.017 0.014 0.697 0.204 0.011 0.017 0.022 
365 TMA-ZAIN-G-    (0)    9 :  0.005 0.430 0.042 0.076 0.012 0.004 0.157 0.274 
366 TMA-ZAIN-G-    (0)    9 :  0.019 0.045 0.133 0.005 0.004 0.004 0.006 0.784 
367 TMA-ZAIN-G-    (0)    9 :  0.057 0.768 0.006 0.017 0.087 0.033 0.005 0.027 
368 TMA-ZAIN-G-    (0)    9 :  0.015 0.092 0.110 0.006 0.005 0.008 0.005 0.761 
369 TMA-ZAIN-G-    (0)    9 :  0.004 0.931 0.026 0.004 0.002 0.017 0.003 0.012 
370 TMA-ZAIN-G-    (0)    9 :  0.004 0.941 0.008 0.005 0.004 0.018 0.003 0.016 
371 TMA-ZAIN-G-    (0)    9 :  0.005 0.010 0.022 0.004 0.004 0.006 0.003 0.945 
372 TMA-ZAIN-G-    (0)    9 :  0.008 0.417 0.028 0.004 0.004 0.005 0.004 0.530 
373 TMA-ZAIN-G-    (0)    9 :  0.005 0.187 0.006 0.009 0.004 0.778 0.005 0.006 
374 TMA-ZAIN-G-    (0)   10 :  0.169 0.243 0.007 0.058 0.336 0.143 0.007 0.038 
375 TMA-ZAIN-G-    (0)   10 :  0.006 0.169 0.010 0.688 0.039 0.061 0.009 0.018 
376 TMA-ZAIN-G-    (9)   10 :  0.004 0.019 0.004 0.005 0.005 0.004 0.003 0.956 
377 TMA-ZAIN-G-    (0)   10 :  0.005 0.014 0.016 0.003 0.003 0.005 0.002 0.954 
378 TMA-ZAIN-G-    (0)   10 :  0.004 0.013 0.011 0.003 0.004 0.007 0.002 0.957 
379 TMA-ZAIN-G-    (0)   10 :  0.023 0.021 0.012 0.003 0.003 0.024 0.002 0.911 
380 TMA-ZAIN-G-    (0)   10 :  0.008 0.246 0.080 0.006 0.003 0.012 0.003 0.643 
381 TMA-ZAIN-G-    (9)   10 :  0.109 0.052 0.115 0.582 0.009 0.016 0.010 0.106 
382 TMA-ZAIN-G-    (9)   10 :  0.009 0.018 0.003 0.184 0.705 0.010 0.065 0.005 
383    ZFB01    (0)   11 :  0.004 0.004 0.003 0.004 0.968 0.003 0.009 0.005 
384    ZFB02    (0)   11 :  0.009 0.003 0.003 0.006 0.939 0.002 0.034 0.004 
385    ZFB03    (0)   11 :  0.005 0.005 0.003 0.008 0.962 0.008 0.005 0.005 
386    ZFB04    (0)   11 :  0.006 0.004 0.003 0.005 0.938 0.002 0.037 0.005 
387    ZFB05    (0)   11 :  0.013 0.006 0.011 0.044 0.800 0.011 0.111 0.003 
388    ZFB06    (0)   11 :  0.007 0.006 0.012 0.028 0.881 0.012 0.051 0.003 
389    ZFB07    (9)   11 :  0.005 0.008 0.004 0.011 0.947 0.005 0.010 0.008 
390    ZFB08    (0)   11 :  0.006 0.007 0.006 0.009 0.955 0.004 0.007 0.006 
391    ZFB09    (0)   11 :  0.004 0.003 0.003 0.005 0.974 0.003 0.005 0.003 
392    ZFB10    (0)   11 :  0.006 0.012 0.006 0.005 0.937 0.002 0.011 0.021 
393    ZFB11    (0)   11 :  0.008 0.006 0.004 0.004 0.947 0.003 0.017 0.011 
394    ZFB12    (0)   11 :  0.005 0.009 0.004 0.022 0.906 0.008 0.038 0.009 
395    ZFB13    (0)   11 :  0.005 0.008 0.006 0.012 0.949 0.004 0.006 0.009 
396    ZFB14    (0)   11 :  0.005 0.004 0.003 0.004 0.970 0.003 0.004 0.006 
397    ZFB15    (0)   11 :  0.003 0.003 0.002 0.004 0.965 0.003 0.017 0.003 
398    ZFB16    (0)   11 :  0.004 0.006 0.004 0.007 0.952 0.003 0.017 0.006 
399    ZFB17    (0)   11 :  0.027 0.014 0.014 0.020 0.884 0.004 0.026 0.011 
400    ZFB18    (0)   11 :  0.004 0.003 0.003 0.004 0.976 0.003 0.004 0.004 
401    ZFB19    (0)   11 :  0.004 0.028 0.009 0.023 0.893 0.005 0.008 0.029 
402    ZFB20    (0)   11 :  0.004 0.006 0.004 0.006 0.932 0.003 0.039 0.006 
403    ZFB21    (0)   11 :  0.004 0.003 0.002 0.006 0.966 0.004 0.012 0.003 
404    ZFB22    (0)   11 :  0.009 0.013 0.013 0.012 0.855 0.004 0.083 0.012 
405    ZFB23    (0)   11 :  0.007 0.006 0.003 0.006 0.938 0.004 0.024 0.011 
406    ZFB24    (0)   11 :  0.007 0.006 0.004 0.005 0.931 0.003 0.036 0.009 
407    ZFB25    (0)   11 :  0.004 0.013 0.006 0.004 0.938 0.004 0.006 0.025 
408    ZFB26    (0)   11 :  0.011 0.014 0.005 0.006 0.872 0.004 0.059 0.029 
409    ZFB27    (0)   11 :  0.005 0.007 0.003 0.005 0.887 0.003 0.081 0.009 
410    ZFB28    (0)   11 :  0.013 0.010 0.003 0.037 0.819 0.006 0.104 0.008 
411    ZFB29    (0)   11 :  0.009 0.003 0.002 0.005 0.953 0.002 0.020 0.004 
412    ZFB30    (0)   11 :  0.005 0.011 0.014 0.037 0.762 0.012 0.152 0.006 
413    ZFB31    (0)   11 :  0.004 0.010 0.005 0.004 0.953 0.004 0.006 0.014 
414    ZFB32    (0)   11 :  0.039 0.015 0.005 0.045 0.809 0.010 0.059 0.017 
415    ZFB33    (0)   11 :  0.003 0.003 0.003 0.004 0.967 0.003 0.013 0.004 
416    ZFB34    (0)   11 :  0.005 0.003 0.003 0.005 0.973 0.003 0.004 0.004 
417    ZFB35    (0)   11 :  0.006 0.006 0.004 0.005 0.958 0.004 0.010 0.007 
418  ZFBP101    (0)   12 :  0.092 0.690 0.041 0.010 0.010 0.016 0.007 0.135 
419  ZFBP102    (0)   12 :  0.018 0.794 0.011 0.011 0.012 0.005 0.009 0.140 
420  ZFBP103    (0)   12 :  0.118 0.776 0.010 0.007 0.006 0.019 0.005 0.058 
421  ZFBP104    (0)   12 :  0.004 0.717 0.008 0.038 0.037 0.008 0.015 0.173 
422  ZFBP105    (0)   12 :  0.005 0.362 0.007 0.006 0.006 0.013 0.005 0.597 
423  ZFBP106    (0)   12 :  0.009 0.198 0.015 0.005 0.004 0.018 0.003 0.749 
424  ZFBP107    (0)   12 :  0.006 0.702 0.005 0.009 0.005 0.015 0.009 0.250 
425  ZFBP108    (0)   12 :  0.003 0.014 0.005 0.003 0.003 0.006 0.003 0.962 
426  ZFBP109    (0)   12 :  0.004 0.076 0.007 0.003 0.004 0.005 0.002 0.899 
427  ZFBP110    (0)   12 :  0.036 0.398 0.006 0.036 0.040 0.106 0.007 0.371 
428  ZFBP111    (0)   12 :  0.005 0.465 0.133 0.005 0.003 0.010 0.003 0.376 
429  ZFBP112    (0)   12 :  0.032 0.114 0.114 0.006 0.005 0.020 0.005 0.704 
430  ZFBP113    (0)   12 :  0.004 0.018 0.005 0.005 0.004 0.004 0.004 0.957 
431  ZFBP114    (0)   12 :  0.006 0.427 0.010 0.005 0.004 0.008 0.004 0.536 
432  ZFBP115    (0)   12 :  0.010 0.881 0.012 0.005 0.003 0.022 0.003 0.064 
433  ZFBP116    (0)   12 :  0.004 0.071 0.007 0.006 0.003 0.007 0.004 0.897 
434  ZFBP117    (0)   12 :  0.006 0.015 0.007 0.004 0.003 0.006 0.002 0.956 
435  ZFBP118    (0)   12 :  0.005 0.228 0.016 0.007 0.003 0.010 0.005 0.727 
