

----------------------------------------------------
STRUCTURE by Pritchard, Stephens and Donnelly (2000)
     and Falush, Stephens and Pritchard (2003)
       Code by Pritchard, Falush and Hubisz
             Version 2.3.4 (Jul 2012)
----------------------------------------------------



Command line arguments:   bin\structure -m C:\Users\eschumacher\Documents\GitHub\GCC_QUAC_ZAIN\Data_Files\Structure_Files\ZAIN\ZAIN_rebinned_allpop_str\50-50\mainparams -e C:\Users\eschumacher\Documents\GitHub\GCC_QUAC_ZAIN\Data_Files\Structure_Files\ZAIN\ZAIN_rebinned_allpop_str\50-50\extraparams 
Input File:    C:\Users\eschumacher\Documents\GitHub\GCC_QUAC_ZAIN\Data_Files\Structure_Files\ZAIN\ZAIN_rebinned_allpop_str\project_data

Run parameters:
   1133 individuals
   11 loci
   5 populations assumed
   50000 Burn-in period
   50000 Reps


--------------------------------------------
Proportion of membership of each pre-defined
 population in each of the 5 clusters

Given    Inferred Clusters                     Number of
 Pop       1      2      3      4      5      Individuals

  1:     0.178  0.076  0.132  0.150  0.465      303
  2:     0.173  0.014  0.118  0.264  0.431       15
  3:     0.014  0.017  0.651  0.071  0.247        2
  4:     0.102  0.007  0.352  0.040  0.499        2
  5:     0.054  0.029  0.391  0.225  0.302        7
  6:     0.669  0.016  0.017  0.102  0.196       13
  7:     0.941  0.028  0.022  0.004  0.004       13
  8:     0.012  0.014  0.015  0.020  0.939        7
  9:     0.037  0.006  0.088  0.129  0.739       11
 10:     0.113  0.007  0.213  0.087  0.581        9
 11:     0.943  0.026  0.013  0.007  0.011       35
 12:     0.007  0.005  0.008  0.034  0.946       36
 13:     0.006  0.007  0.010  0.012  0.966       33
 14:     0.021  0.010  0.009  0.942  0.017       40
 15:     0.005  0.004  0.006  0.883  0.103       39
 16:     0.186  0.021  0.706  0.026  0.061       40
 17:     0.087  0.056  0.815  0.026  0.015       37
 18:     0.005  0.003  0.005  0.008  0.979       40
 19:     0.933  0.004  0.011  0.043  0.008       28
 20:     0.061  0.030  0.123  0.760  0.025       14
 21:     0.015  0.901  0.041  0.025  0.018       13
 22:     0.005  0.002  0.006  0.200  0.786       14
 23:     0.006  0.009  0.006  0.010  0.969       25
 24:     0.007  0.008  0.023  0.026  0.936       40
 25:     0.039  0.014  0.030  0.891  0.025       32
 26:     0.003  0.987  0.003  0.003  0.003       20
 27:     0.636  0.003  0.340  0.009  0.012        4
 28:     0.930  0.004  0.032  0.011  0.023       23
 29:     0.951  0.004  0.030  0.009  0.007       39
 30:     0.964  0.019  0.009  0.005  0.004       38
 31:     0.005  0.005  0.010  0.141  0.840       45
 32:     0.005  0.012  0.009  0.098  0.876       28
 33:     0.899  0.006  0.079  0.009  0.006        6
 34:     0.023  0.004  0.920  0.025  0.028       40
 35:     0.031  0.063  0.860  0.014  0.032       42
--------------------------------------------

Allele-freq. divergence among pops (Net nucleotide distance),
computed using point estimates of P.

      1       2       3       4       5      
 1      -    0.2354  0.0702  0.1551  0.2031  
 2   0.2354     -    0.2312  0.3245  0.3532  
 3   0.0702  0.2312     -    0.0848  0.1175  
 4   0.1551  0.3245  0.0848     -    0.1088  
 5   0.2031  0.3532  0.1175  0.1088     -    

Average distances (expected heterozygosity) between individuals in same cluster:
cluster  1  : 0.5028 
cluster  2  : 0.2605 
cluster  3  : 0.5579 
cluster  4  : 0.4473 
cluster  5  : 0.4558 

--------------------------------------------
Estimated Ln Prob of Data   = -22911.0
Mean value of ln likelihood = -22564.5
Variance of ln likelihood   = 693.2
Mean value of alpha         = 0.0340

Mean value of Fst_1         = 0.3128
Mean value of Fst_2         = 0.6006
Mean value of Fst_3         = 0.1195
Mean value of Fst_4         = 0.3352
Mean value of Fst_5         = 0.2699


Inferred ancestry of individuals:
        Label (%Miss) Pop:  Inferred clusters
  1 TMA-ZAIN-G-    (9)    1 :  0.632 0.004 0.226 0.101 0.038 
  2 TMA-ZAIN-G-    (0)    1 :  0.633 0.005 0.085 0.046 0.231 
  3 TMA-ZAIN-G-    (0)    1 :  0.005 0.003 0.006 0.018 0.969 
  4 TMA-ZAIN-G-    (0)    1 :  0.032 0.005 0.021 0.800 0.142 
  5 TMA-ZAIN-G-    (0)    1 :  0.984 0.003 0.006 0.004 0.003 
  6 TMA-ZAIN-G-    (0)    1 :  0.049 0.034 0.171 0.216 0.530 
  7 TMA-ZAIN-G-    (0)    1 :  0.015 0.005 0.019 0.083 0.878 
  8 TMA-ZAIN-G-    (0)    1 :  0.005 0.002 0.005 0.018 0.970 
  9 TMA-ZAIN-G-    (9)    1 :  0.007 0.004 0.007 0.006 0.976 
 10 TMA-ZAIN-G-    (0)    1 :  0.004 0.004 0.009 0.012 0.971 
 11 TMA-ZAIN-G-    (0)    1 :  0.006 0.005 0.007 0.009 0.973 
 12 TMA-ZAIN-G-    (0)    1 :  0.004 0.002 0.005 0.008 0.981 
 13 TMA-ZAIN-G-    (9)    1 :  0.098 0.033 0.035 0.036 0.797 
 14 TMA-ZAIN-G-    (9)    1 :  0.005 0.011 0.009 0.873 0.102 
 15 TMA-ZAIN-G-    (0)    1 :  0.005 0.003 0.015 0.874 0.103 
 16 TMA-ZAIN-G-    (0)    1 :  0.005 0.004 0.006 0.005 0.981 
 17 TMA-ZAIN-G-    (9)    1 :  0.014 0.004 0.057 0.094 0.832 
 18 TMA-ZAIN-G-    (0)    1 :  0.428 0.004 0.510 0.043 0.014 
 19 TMA-ZAIN-G-    (0)    1 :  0.014 0.006 0.956 0.008 0.016 
 20 TMA-ZAIN-G-    (0)    1 :  0.081 0.036 0.872 0.008 0.003 
 21 TMA-ZAIN-G-    (0)    1 :  0.003 0.988 0.003 0.003 0.003 
 22 TMA-ZAIN-G-    (0)    1 :  0.978 0.008 0.008 0.004 0.002 
 23 TMA-ZAIN-G-    (0)    1 :  0.919 0.011 0.059 0.005 0.006 
 24 TMA-ZAIN-G-    (9)    1 :  0.835 0.019 0.006 0.025 0.115 
 25 TMA-ZAIN-G-    (9)    1 :  0.052 0.009 0.902 0.005 0.033 
 26 TMA-ZAIN-G-    (9)    1 :  0.011 0.147 0.014 0.358 0.471 
 27 TMA-ZAIN-G-    (0)    1 :  0.036 0.012 0.887 0.058 0.008 
 28 TMA-ZAIN-G-    (0)    1 :  0.010 0.003 0.969 0.009 0.009 
 29 TMA-ZAIN-G-    (0)    1 :  0.004 0.004 0.398 0.132 0.462 
 30 TMA-ZAIN-G-    (0)    1 :  0.005 0.005 0.434 0.030 0.526 
 31 TMA-ZAIN-G-    (0)    1 :  0.928 0.009 0.022 0.034 0.008 
 32 TMA-ZAIN-G-    (9)    1 :  0.848 0.006 0.033 0.014 0.100 
 33 TMA-ZAIN-G-   (18)    1 :  0.004 0.003 0.006 0.005 0.982 
 34 TMA-ZAIN-G-    (0)    1 :  0.207 0.018 0.015 0.010 0.750 
 35 TMA-ZAIN-G-    (9)    1 :  0.008 0.003 0.011 0.016 0.963 
 36 TMA-ZAIN-G-    (0)    1 :  0.005 0.003 0.006 0.026 0.961 
 37 TMA-ZAIN-G-    (9)    1 :  0.007 0.008 0.012 0.013 0.959 
 38 TMA-ZAIN-G-   (18)    1 :  0.768 0.007 0.101 0.044 0.080 
 39 TMA-ZAIN-G-    (0)    1 :  0.004 0.011 0.006 0.007 0.973 
 40 TMA-ZAIN-G-    (0)    1 :  0.003 0.007 0.004 0.005 0.980 
 41 TMA-ZAIN-G-    (0)    1 :  0.003 0.004 0.005 0.015 0.974 
 42 TMA-ZAIN-G-    (9)    1 :  0.003 0.002 0.004 0.094 0.897 
 43 TMA-ZAIN-G-    (0)    1 :  0.004 0.003 0.005 0.970 0.018 
 44 TMA-ZAIN-G-    (0)    1 :  0.006 0.865 0.019 0.006 0.105 
 45 TMA-ZAIN-G-    (0)    1 :  0.006 0.011 0.008 0.018 0.957 
 46 TMA-ZAIN-G-    (0)    1 :  0.005 0.985 0.003 0.004 0.003 
 47 TMA-ZAIN-G-    (0)    1 :  0.005 0.007 0.006 0.976 0.005 
 48 TMA-ZAIN-G-    (0)    1 :  0.009 0.014 0.019 0.850 0.108 
 49 TMA-ZAIN-G-    (9)    1 :  0.019 0.003 0.946 0.009 0.023 
 50 TMA-ZAIN-G-    (0)    1 :  0.006 0.008 0.967 0.004 0.014 
 51 TMA-ZAIN-G-    (0)    1 :  0.006 0.014 0.902 0.067 0.012 
 52 TMA-ZAIN-G-    (0)    1 :  0.008 0.014 0.906 0.057 0.014 
 53 TMA-ZAIN-G-    (0)    1 :  0.065 0.005 0.823 0.097 0.011 
 54 TMA-ZAIN-G-    (0)    1 :  0.008 0.004 0.010 0.971 0.006 
 55 TMA-ZAIN-G-    (0)    1 :  0.009 0.008 0.019 0.957 0.006 
 56 TMA-ZAIN-G-    (0)    1 :  0.012 0.004 0.232 0.617 0.135 
 57 TMA-ZAIN-G-    (0)    1 :  0.010 0.003 0.024 0.956 0.008 
 58 TMA-ZAIN-G-    (0)    1 :  0.193 0.005 0.743 0.043 0.016 
 59 TMA-ZAIN-G-    (0)    1 :  0.687 0.024 0.074 0.071 0.145 
 60 TMA-ZAIN-G-    (0)    1 :  0.131 0.008 0.774 0.073 0.014 
 61 TMA-ZAIN-G-    (0)    1 :  0.973 0.007 0.008 0.008 0.004 
 62 TMA-ZAIN-G-    (9)    1 :  0.863 0.019 0.051 0.023 0.045 
 63 TMA-ZAIN-G-    (0)    1 :  0.942 0.004 0.025 0.022 0.006 
 64 TMA-ZAIN-G-    (0)    1 :  0.002 0.003 0.004 0.009 0.983 
 65 TMA-ZAIN-G-    (9)    1 :  0.003 0.002 0.005 0.037 0.953 
 66 TMA-ZAIN-G-    (0)    1 :  0.003 0.003 0.004 0.009 0.981 
 67 TMA-ZAIN-G-    (0)    1 :  0.006 0.014 0.012 0.005 0.963 
 68 TMA-ZAIN-G-    (0)    1 :  0.003 0.002 0.003 0.024 0.968 
 69 TMA-ZAIN-G-    (0)    1 :  0.014 0.020 0.012 0.012 0.941 
 70 TMA-ZAIN-G-    (0)    1 :  0.005 0.005 0.007 0.006 0.977 
 71 TMA-ZAIN-G-    (0)    1 :  0.003 0.004 0.004 0.004 0.985 
 72 TMA-ZAIN-G-    (0)    1 :  0.005 0.004 0.007 0.012 0.973 
 73 TMA-ZAIN-G-    (0)    1 :  0.033 0.039 0.037 0.010 0.881 
 74 TMA-ZAIN-G-    (0)    1 :  0.013 0.019 0.032 0.007 0.930 
 75 TMA-ZAIN-G-    (0)    1 :  0.006 0.003 0.009 0.010 0.972 
 76 TMA-ZAIN-G-    (0)    1 :  0.014 0.099 0.023 0.004 0.860 
 77 TMA-ZAIN-G-    (0)    1 :  0.005 0.016 0.008 0.010 0.962 
 78 TMA-ZAIN-G-    (0)    1 :  0.018 0.075 0.043 0.013 0.850 
 79 TMA-ZAIN-G-    (0)    1 :  0.007 0.084 0.015 0.016 0.878 
 80 TMA-ZAIN-G-    (0)    1 :  0.004 0.011 0.005 0.008 0.972 
 81 TMA-ZAIN-G-    (0)    1 :  0.005 0.018 0.012 0.012 0.953 
 82 TMA-ZAIN-G-    (0)    1 :  0.004 0.002 0.005 0.009 0.980 
 83 TMA-ZAIN-G-    (9)    1 :  0.065 0.032 0.022 0.017 0.864 
 84 TMA-ZAIN-G-    (0)    1 :  0.007 0.115 0.014 0.006 0.858 
 85 TMA-ZAIN-G-    (0)    1 :  0.140 0.005 0.666 0.174 0.015 
 86 TMA-ZAIN-G-    (0)    1 :  0.061 0.033 0.307 0.549 0.050 
 87 TMA-ZAIN-G-    (0)    1 :  0.692 0.017 0.205 0.076 0.010 
 88 TMA-ZAIN-G-    (0)    1 :  0.248 0.011 0.021 0.583 0.137 
 89 TMA-ZAIN-G-    (0)    1 :  0.024 0.018 0.007 0.936 0.014 
 90 TMA-ZAIN-G-    (0)    1 :  0.022 0.010 0.146 0.810 0.012 
 91 TMA-ZAIN-G-    (0)    1 :  0.065 0.008 0.048 0.867 0.011 
 92 TMA-ZAIN-G-    (0)    1 :  0.011 0.045 0.059 0.878 0.007 
 93 TMA-ZAIN-G-    (0)    1 :  0.057 0.011 0.056 0.870 0.006 
 94 TMA-ZAIN-G-    (0)    1 :  0.158 0.019 0.155 0.662 0.005 
 95 TMA-ZAIN-G-    (0)    1 :  0.013 0.004 0.953 0.012 0.019 
 96 TMA-ZAIN-G-    (0)    1 :  0.005 0.004 0.957 0.013 0.021 
 97 TMA-ZAIN-G-    (0)    1 :  0.949 0.007 0.021 0.014 0.009 
 98 TMA-ZAIN-G-    (0)    1 :  0.970 0.005 0.007 0.011 0.008 
 99 TMA-ZAIN-G-    (0)    1 :  0.770 0.030 0.007 0.008 0.185 
100 TMA-ZAIN-G-    (0)    1 :  0.895 0.020 0.052 0.027 0.006 
101 TMA-ZAIN-G-    (0)    1 :  0.941 0.006 0.022 0.014 0.017 
102 TMA-ZAIN-G-    (0)    1 :  0.930 0.007 0.026 0.015 0.023 
103 TMA-ZAIN-G-    (0)    1 :  0.962 0.004 0.018 0.008 0.009 
104 TMA-ZAIN-G-    (0)    1 :  0.981 0.003 0.007 0.005 0.004 
105 TMA-ZAIN-G-    (0)    1 :  0.956 0.003 0.020 0.010 0.011 
106 TMA-ZAIN-G-    (0)    1 :  0.003 0.003 0.005 0.012 0.977 
107 TMA-ZAIN-G-    (0)    1 :  0.004 0.003 0.005 0.006 0.983 
108 TMA-ZAIN-G-    (9)    1 :  0.307 0.020 0.104 0.172 0.397 
109 TMA-ZAIN-G-    (0)    1 :  0.194 0.004 0.109 0.219 0.475 
110 TMA-ZAIN-G-    (0)    1 :  0.153 0.116 0.113 0.054 0.563 
111 TMA-ZAIN-G-    (9)    1 :  0.898 0.013 0.025 0.014 0.050 
112 TMA-ZAIN-G-    (0)    1 :  0.248 0.013 0.259 0.132 0.348 
113 TMA-ZAIN-G-    (0)    1 :  0.941 0.005 0.008 0.019 0.027 
114 TMA-ZAIN-G-    (0)    1 :  0.982 0.005 0.006 0.003 0.003 
115 TMA-ZAIN-G-    (0)    1 :  0.979 0.004 0.007 0.005 0.005 
116 TMA-ZAIN-G-    (0)    1 :  0.006 0.002 0.005 0.010 0.977 
117 TMA-ZAIN-G-    (0)    1 :  0.005 0.003 0.008 0.110 0.874 
118 TMA-ZAIN-G-    (0)    1 :  0.005 0.003 0.006 0.012 0.974 
119 TMA-ZAIN-G-    (0)    1 :  0.017 0.008 0.011 0.009 0.955 
120 TMA-ZAIN-G-    (0)    1 :  0.007 0.003 0.009 0.023 0.957 
121 TMA-ZAIN-G-    (0)    1 :  0.005 0.003 0.007 0.022 0.964 
122 TMA-ZAIN-G-    (0)    1 :  0.006 0.010 0.011 0.020 0.953 
123 TMA-ZAIN-G-    (0)    1 :  0.960 0.004 0.019 0.010 0.007 
124 TMA-ZAIN-G-    (0)    1 :  0.006 0.003 0.012 0.013 0.966 
125 TMA-ZAIN-G-    (0)    1 :  0.003 0.002 0.007 0.673 0.315 
126 TMA-ZAIN-G-    (0)    1 :  0.005 0.003 0.007 0.159 0.826 
127 TMA-ZAIN-G-    (0)    1 :  0.003 0.003 0.004 0.010 0.979 
128 TMA-ZAIN-G-    (0)    1 :  0.004 0.003 0.007 0.010 0.976 
129 TMA-ZAIN-G-    (0)    1 :  0.008 0.003 0.008 0.030 0.951 
130 TMA-ZAIN-G-    (0)    1 :  0.006 0.002 0.008 0.731 0.253 
131 TMA-ZAIN-G-    (0)    1 :  0.005 0.003 0.022 0.031 0.939 
132 TMA-ZAIN-G-    (0)    1 :  0.003 0.003 0.006 0.096 0.893 
133 TMA-ZAIN-G-    (0)    1 :  0.004 0.013 0.011 0.106 0.867 
134 TMA-ZAIN-G-    (0)    1 :  0.004 0.006 0.006 0.200 0.784 
135 TMA-ZAIN-G-    (0)    1 :  0.004 0.008 0.004 0.007 0.977 
136 TMA-ZAIN-G-    (0)    1 :  0.004 0.005 0.004 0.017 0.969 
137 TMA-ZAIN-G-    (0)    1 :  0.006 0.007 0.005 0.007 0.975 
138 TMA-ZAIN-G-    (0)    1 :  0.004 0.003 0.003 0.013 0.978 
139 TMA-ZAIN-G-    (0)    1 :  0.004 0.006 0.004 0.025 0.962 
140 TMA-ZAIN-G-    (0)    1 :  0.004 0.004 0.005 0.005 0.982 
141 TMA-ZAIN-G-    (0)    1 :  0.005 0.003 0.007 0.011 0.975 
142 TMA-ZAIN-G-    (9)    1 :  0.003 0.004 0.005 0.006 0.983 
143 TMA-ZAIN-G-    (0)    1 :  0.004 0.003 0.005 0.006 0.982 
144 TMA-ZAIN-G-    (0)    1 :  0.004 0.006 0.010 0.014 0.966 
145 TMA-ZAIN-G-    (0)    1 :  0.003 0.002 0.003 0.009 0.983 
146 TMA-ZAIN-G-    (0)    1 :  0.004 0.003 0.004 0.005 0.984 
147 TMA-ZAIN-G-    (9)    1 :  0.003 0.004 0.004 0.006 0.983 
148 TMA-ZAIN-G-    (0)    1 :  0.003 0.003 0.004 0.020 0.970 
149 TMA-ZAIN-G-    (0)    1 :  0.039 0.009 0.018 0.060 0.875 
150 TMA-ZAIN-G-    (0)    1 :  0.038 0.007 0.013 0.037 0.905 
151 TMA-ZAIN-G-    (0)    1 :  0.003 0.003 0.004 0.009 0.982 
152 TMA-ZAIN-G-    (0)    1 :  0.004 0.002 0.004 0.009 0.982 
153 TMA-ZAIN-G-    (0)    1 :  0.003 0.003 0.004 0.009 0.982 
154 TMA-ZAIN-G-    (0)    1 :  0.004 0.002 0.004 0.007 0.982 
155 TMA-ZAIN-G-    (0)    1 :  0.005 0.003 0.005 0.005 0.983 
156 TMA-ZAIN-G-    (9)    1 :  0.005 0.003 0.005 0.024 0.963 
157 TMA-ZAIN-G-    (0)    1 :  0.004 0.003 0.004 0.014 0.975 
158 TMA-ZAIN-G-    (0)    1 :  0.004 0.003 0.006 0.006 0.981 
159 TMA-ZAIN-G-    (0)    1 :  0.004 0.002 0.004 0.005 0.985 
160 TMA-ZAIN-G-    (0)    1 :  0.005 0.002 0.003 0.006 0.984 
161 TMA-ZAIN-G-    (0)    1 :  0.003 0.002 0.005 0.011 0.979 
162 TMA-ZAIN-G-    (0)    1 :  0.032 0.007 0.012 0.016 0.933 
163 TMA-ZAIN-G-    (0)    1 :  0.003 0.002 0.003 0.004 0.987 
164 TMA-ZAIN-G-    (0)    1 :  0.006 0.004 0.005 0.008 0.977 
165 TMA-ZAIN-G-    (0)    1 :  0.004 0.002 0.003 0.005 0.986 
166 TMA-ZAIN-G-    (0)    1 :  0.003 0.003 0.004 0.007 0.983 
167 TMA-ZAIN-G-    (0)    1 :  0.007 0.005 0.008 0.008 0.973 
168 TMA-ZAIN-G-    (0)    1 :  0.005 0.003 0.005 0.011 0.976 
169 TMA-ZAIN-G-    (0)    1 :  0.003 0.003 0.004 0.005 0.985 
170 TMA-ZAIN-G-    (0)    1 :  0.013 0.014 0.017 0.011 0.945 
171 TMA-ZAIN-G-    (0)    1 :  0.004 0.003 0.004 0.005 0.984 
172 TMA-ZAIN-G-    (0)    1 :  0.004 0.006 0.007 0.009 0.975 
173 TMA-ZAIN-G-    (0)    1 :  0.004 0.005 0.010 0.014 0.967 
174 TMA-ZAIN-G-    (0)    1 :  0.003 0.003 0.004 0.007 0.984 
175 TMA-ZAIN-G-    (0)    1 :  0.004 0.003 0.004 0.006 0.983 
176 TMA-ZAIN-G-    (0)    1 :  0.004 0.003 0.004 0.006 0.983 
177 TMA-ZAIN-G-    (0)    1 :  0.004 0.004 0.005 0.007 0.981 
178 TMA-ZAIN-G-    (0)    1 :  0.006 0.006 0.008 0.014 0.966 
179 TMA-ZAIN-G-    (0)    1 :  0.003 0.004 0.005 0.009 0.979 
180 TMA-ZAIN-G-    (0)    1 :  0.004 0.006 0.006 0.037 0.948 
181 TMA-ZAIN-G-    (0)    1 :  0.005 0.003 0.006 0.043 0.944 
182 TMA-ZAIN-G-    (0)    1 :  0.009 0.003 0.008 0.264 0.716 
183 TMA-ZAIN-G-    (0)    1 :  0.004 0.004 0.007 0.056 0.929 
184 TMA-ZAIN-G-    (0)    1 :  0.036 0.008 0.020 0.132 0.803 
185 TMA-ZAIN-G-    (0)    1 :  0.031 0.016 0.043 0.060 0.851 
186 TMA-ZAIN-G-    (9)    1 :  0.005 0.006 0.018 0.007 0.964 
187 TMA-ZAIN-G-    (0)    1 :  0.005 0.004 0.007 0.007 0.977 
188 TMA-ZAIN-G-    (0)    1 :  0.004 0.002 0.005 0.007 0.982 
189 TMA-ZAIN-G-    (0)    1 :  0.003 0.003 0.004 0.005 0.985 
190 TMA-ZAIN-G-    (0)    1 :  0.004 0.005 0.008 0.020 0.964 
191 TMA-ZAIN-G-    (0)    1 :  0.028 0.016 0.016 0.013 0.927 
192 TMA-ZAIN-G-    (0)    1 :  0.004 0.012 0.005 0.011 0.968 
193 TMA-ZAIN-G-    (0)    1 :  0.003 0.003 0.005 0.981 0.008 
194 TMA-ZAIN-G-    (0)    1 :  0.004 0.005 0.008 0.971 0.012 
195 TMA-ZAIN-G-    (0)    1 :  0.004 0.003 0.014 0.627 0.353 
196 TMA-ZAIN-G-    (0)    1 :  0.004 0.003 0.005 0.934 0.053 
197 TMA-ZAIN-G-    (0)    1 :  0.004 0.003 0.005 0.966 0.021 
198 TMA-ZAIN-G-    (0)    1 :  0.004 0.005 0.004 0.913 0.074 
199 TMA-ZAIN-G-    (0)    1 :  0.005 0.005 0.012 0.018 0.960 
200 TMA-ZAIN-G-    (0)    1 :  0.061 0.837 0.052 0.040 0.010 
201 TMA-ZAIN-G-    (0)    1 :  0.041 0.858 0.048 0.024 0.029 
202 TMA-ZAIN-G-    (0)    1 :  0.005 0.983 0.005 0.004 0.004 
203 TMA-ZAIN-G-    (0)    1 :  0.016 0.003 0.007 0.853 0.122 
204 TMA-ZAIN-G-    (9)    1 :  0.032 0.883 0.055 0.026 0.004 
205 TMA-ZAIN-G-    (0)    1 :  0.007 0.891 0.025 0.008 0.069 
206 TMA-ZAIN-G-    (9)    1 :  0.073 0.671 0.067 0.143 0.045 
207 TMA-ZAIN-G-    (9)    1 :  0.016 0.004 0.046 0.094 0.841 
208 TMA-ZAIN-G-    (0)    1 :  0.003 0.003 0.004 0.004 0.986 
209 TMA-ZAIN-G-    (0)    1 :  0.003 0.003 0.005 0.195 0.795 
210 TMA-ZAIN-G-    (0)    1 :  0.004 0.003 0.007 0.130 0.856 
211 TMA-ZAIN-G-    (0)    1 :  0.009 0.013 0.020 0.044 0.914 
212 TMA-ZAIN-G-    (0)    1 :  0.004 0.005 0.006 0.017 0.968 
213 TMA-ZAIN-G-    (0)    1 :  0.004 0.004 0.006 0.012 0.974 
214 TMA-ZAIN-G-    (0)    1 :  0.003 0.003 0.004 0.012 0.978 
215 TMA-ZAIN-G-    (0)    1 :  0.005 0.020 0.212 0.003 0.760 
216 TMA-ZAIN-G-    (0)    1 :  0.004 0.006 0.007 0.020 0.963 
217 TMA-ZAIN-G-    (0)    1 :  0.003 0.003 0.003 0.014 0.977 
218 TMA-ZAIN-G-    (0)    1 :  0.005 0.004 0.979 0.005 0.007 
219 TMA-ZAIN-G-    (0)    1 :  0.005 0.026 0.957 0.008 0.005 
220 TMA-ZAIN-G-    (0)    1 :  0.037 0.003 0.938 0.009 0.014 
221 TMA-ZAIN-G-    (0)    1 :  0.006 0.061 0.911 0.009 0.014 
222 TMA-ZAIN-G-    (0)    1 :  0.022 0.008 0.945 0.013 0.013 
223 TMA-ZAIN-G-    (0)    1 :  0.007 0.008 0.977 0.005 0.003 
224 TMA-ZAIN-G-    (0)    1 :  0.016 0.009 0.947 0.019 0.008 
225 TMA-ZAIN-G-    (0)    1 :  0.010 0.012 0.967 0.007 0.004 
226 TMA-ZAIN-G-    (0)    1 :  0.013 0.007 0.963 0.010 0.006 
227 TMA-ZAIN-G-    (0)    1 :  0.011 0.051 0.923 0.008 0.008 
228 TMA-ZAIN-G-    (0)    1 :  0.021 0.006 0.952 0.007 0.014 
229 TMA-ZAIN-G-    (0)    1 :  0.030 0.021 0.941 0.004 0.003 
230 TMA-ZAIN-G-    (0)    1 :  0.020 0.004 0.877 0.058 0.040 
231 TMA-ZAIN-G-    (0)    1 :  0.702 0.049 0.197 0.025 0.027 
232 TMA-ZAIN-G-    (9)    1 :  0.769 0.025 0.112 0.033 0.062 
233 TMA-ZAIN-G-    (0)    1 :  0.006 0.036 0.926 0.012 0.020 
234 TMA-ZAIN-G-    (0)    1 :  0.256 0.040 0.673 0.024 0.007 
235 TMA-ZAIN-G-    (0)    1 :  0.092 0.009 0.845 0.025 0.030 
236 TMA-ZAIN-G-    (0)    1 :  0.117 0.050 0.805 0.015 0.013 
237 TMA-ZAIN-G-    (0)    1 :  0.135 0.006 0.705 0.032 0.122 
238 TMA-ZAIN-G-    (0)    1 :  0.075 0.042 0.856 0.007 0.020 
239 TMA-ZAIN-G-    (0)    1 :  0.015 0.701 0.010 0.266 0.008 
240 TMA-ZAIN-G-    (0)    1 :  0.003 0.987 0.004 0.004 0.003 
241 TMA-ZAIN-G-    (0)    1 :  0.003 0.987 0.003 0.003 0.004 
242 TMA-ZAIN-G-    (0)    1 :  0.003 0.988 0.003 0.003 0.003 
243 TMA-ZAIN-G-    (0)    1 :  0.003 0.988 0.003 0.003 0.004 
244 TMA-ZAIN-G-    (0)    1 :  0.003 0.987 0.003 0.003 0.005 
245 TMA-ZAIN-G-    (9)    1 :  0.004 0.988 0.003 0.003 0.003 
246 TMA-ZAIN-G-    (0)    1 :  0.003 0.989 0.003 0.003 0.003 
247 TMA-ZAIN-G-    (0)    1 :  0.002 0.990 0.003 0.002 0.003 
248 TMA-ZAIN-G-    (0)    1 :  0.004 0.986 0.003 0.004 0.003 
249 TMA-ZAIN-G-    (0)    1 :  0.003 0.988 0.003 0.003 0.002 
250 TMA-ZAIN-G-    (0)    1 :  0.003 0.988 0.003 0.003 0.003 
251 TMA-ZAIN-G-    (0)    1 :  0.007 0.002 0.007 0.980 0.004 
252 TMA-ZAIN-G-    (0)    1 :  0.004 0.006 0.011 0.905 0.074 
253 TMA-ZAIN-G-    (0)    1 :  0.008 0.007 0.004 0.974 0.008 
254 TMA-ZAIN-G-    (9)    1 :  0.008 0.004 0.006 0.955 0.027 
255 TMA-ZAIN-G-    (0)    1 :  0.058 0.005 0.005 0.925 0.007 
256 TMA-ZAIN-G-    (0)    1 :  0.008 0.013 0.004 0.969 0.006 
257 TMA-ZAIN-G-    (0)    1 :  0.004 0.005 0.004 0.984 0.003 
258 TMA-ZAIN-G-    (0)    1 :  0.004 0.005 0.004 0.983 0.004 
259 TMA-ZAIN-G-    (0)    1 :  0.005 0.007 0.005 0.979 0.004 
260 TMA-ZAIN-G-    (0)    1 :  0.005 0.006 0.005 0.979 0.005 
261 TMA-ZAIN-G-   (18)    1 :  0.006 0.003 0.008 0.977 0.006 
262 TMA-ZAIN-G-    (0)    1 :  0.005 0.004 0.004 0.983 0.004 
263 TMA-ZAIN-G-    (0)    1 :  0.009 0.004 0.005 0.976 0.005 
264 TMA-ZAIN-G-    (0)    1 :  0.012 0.003 0.005 0.976 0.005 
265 TMA-ZAIN-G-    (0)    1 :  0.017 0.045 0.229 0.657 0.052 
266 TMA-ZAIN-G-    (0)    1 :  0.007 0.006 0.013 0.959 0.015 
267 TMA-ZAIN-G-    (0)    1 :  0.268 0.067 0.364 0.270 0.030 
268 TMA-ZAIN-G-    (0)    1 :  0.984 0.004 0.005 0.004 0.003 
269 TMA-ZAIN-G-    (0)    1 :  0.973 0.005 0.013 0.005 0.004 
270 TMA-ZAIN-G-    (0)    1 :  0.968 0.007 0.014 0.006 0.005 
271 TMA-ZAIN-G-    (0)    1 :  0.979 0.007 0.007 0.004 0.004 
272 TMA-ZAIN-G-    (0)    1 :  0.917 0.010 0.064 0.004 0.005 
273 TMA-ZAIN-G-    (0)    1 :  0.935 0.024 0.034 0.004 0.003 
274 TMA-ZAIN-G-    (0)    1 :  0.952 0.012 0.017 0.012 0.007 
275 TMA-ZAIN-G-    (0)    1 :  0.971 0.012 0.010 0.003 0.003 
276 TMA-ZAIN-G-    (0)    1 :  0.980 0.009 0.005 0.003 0.003 
277 TMA-ZAIN-G-    (0)    1 :  0.891 0.090 0.010 0.005 0.004 
278 TMA-ZAIN-G-    (0)    1 :  0.834 0.142 0.015 0.006 0.004 
279 TMA-ZAIN-G-    (0)    1 :  0.952 0.018 0.022 0.004 0.004 
280 TMA-ZAIN-G-    (0)    1 :  0.948 0.014 0.029 0.004 0.004 
281 TMA-ZAIN-G-    (0)    1 :  0.951 0.030 0.011 0.004 0.004 
282 TMA-ZAIN-G-    (9)    1 :  0.945 0.039 0.009 0.004 0.003 
283 TMA-ZAIN-G-    (0)    1 :  0.901 0.025 0.057 0.012 0.005 
284 TMA-ZAIN-G-    (0)    1 :  0.916 0.015 0.042 0.020 0.006 
285 TMA-ZAIN-G-    (0)    1 :  0.891 0.075 0.019 0.009 0.006 
286 TMA-ZAIN-G-    (0)    1 :  0.968 0.016 0.008 0.005 0.003 
287 TMA-ZAIN-G-    (0)    1 :  0.968 0.015 0.008 0.005 0.005 
288 TMA-ZAIN-G-    (0)    1 :  0.932 0.006 0.037 0.014 0.011 
289 TMA-ZAIN-G-    (0)    1 :  0.959 0.012 0.015 0.008 0.007 
290 TMA-ZAIN-G-    (0)    1 :  0.970 0.005 0.015 0.006 0.005 
291 TMA-ZAIN-G-    (0)    1 :  0.012 0.010 0.967 0.007 0.004 
292 TMA-ZAIN-G-    (0)    1 :  0.012 0.015 0.017 0.008 0.948 
293 TMA-ZAIN-G-    (0)    1 :  0.005 0.017 0.009 0.018 0.952 
294 TMA-ZAIN-G-    (0)    1 :  0.003 0.006 0.005 0.006 0.979 
295 TMA-ZAIN-G-    (9)    1 :  0.006 0.008 0.012 0.009 0.965 
296 TMA-ZAIN-G-    (0)    1 :  0.011 0.005 0.014 0.017 0.952 
297 TMA-ZAIN-G-    (0)    1 :  0.007 0.005 0.008 0.017 0.964 
298 TMA-ZAIN-G-    (0)    1 :  0.020 0.009 0.021 0.033 0.918 
299 TMA-ZAIN-G-    (0)    1 :  0.006 0.011 0.008 0.005 0.971 
300 TMA-ZAIN-G-    (0)    1 :  0.004 0.008 0.007 0.008 0.973 
301 TMA-ZAIN-G-    (0)    1 :  0.005 0.012 0.007 0.011 0.965 
302 TMA-ZAIN-G-    (9)    1 :  0.004 0.003 0.006 0.009 0.977 
303 TMA-ZAIN-G-    (0)    1 :  0.013 0.004 0.891 0.085 0.008 
304 TMA-ZAIN-G-    (0)    2 :  0.011 0.007 0.007 0.937 0.038 
305 TMA-ZAIN-G-    (0)    2 :  0.004 0.006 0.005 0.010 0.975 
306 TMA-ZAIN-G-    (0)    2 :  0.181 0.026 0.017 0.328 0.448 
307 TMA-ZAIN-G-    (0)    2 :  0.008 0.017 0.006 0.816 0.153 
308 TMA-ZAIN-G-    (0)    2 :  0.063 0.016 0.146 0.770 0.005 
309 TMA-ZAIN-G-    (0)    2 :  0.004 0.003 0.006 0.009 0.978 
310 TMA-ZAIN-G-    (0)    2 :  0.011 0.015 0.018 0.013 0.944 
311 TMA-ZAIN-G-    (0)    2 :  0.033 0.003 0.035 0.066 0.864 
312 TMA-ZAIN-G-    (0)    2 :  0.007 0.006 0.044 0.028 0.915 
313 TMA-ZAIN-G-    (0)    2 :  0.011 0.003 0.006 0.876 0.104 
314 TMA-ZAIN-G-    (0)    2 :  0.751 0.003 0.186 0.036 0.024 
315 TMA-ZAIN-G-    (0)    2 :  0.307 0.023 0.109 0.016 0.544 
316 TMA-ZAIN-G-    (0)    2 :  0.332 0.018 0.173 0.015 0.463 
317 TMA-ZAIN-G-    (0)    2 :  0.041 0.010 0.931 0.011 0.007 
318 TMA-ZAIN-G-    (9)    2 :  0.834 0.049 0.080 0.027 0.010 
319 TMA-ZAIN-G-    (0)    3 :  0.021 0.013 0.823 0.133 0.010 
320 TMA-ZAIN-G-    (0)    3 :  0.006 0.022 0.478 0.009 0.485 
321 TMA-ZAIN-G-    (0)    4 :  0.172 0.009 0.143 0.015 0.662 
322 TMA-ZAIN-G-    (0)    4 :  0.032 0.006 0.561 0.065 0.336 
323 TMA-ZAIN-G-    (0)    5 :  0.007 0.021 0.926 0.024 0.021 
324 TMA-ZAIN-G-    (0)    5 :  0.006 0.004 0.008 0.093 0.888 
325 TMA-ZAIN-G-    (0)    5 :  0.005 0.147 0.833 0.007 0.009 
326 TMA-ZAIN-G-    (0)    5 :  0.003 0.005 0.665 0.286 0.041 
327 TMA-ZAIN-G-    (0)    5 :  0.004 0.003 0.006 0.964 0.023 
328 TMA-ZAIN-G-    (0)    5 :  0.347 0.012 0.286 0.151 0.203 
329 TMA-ZAIN-G-    (0)    5 :  0.004 0.008 0.010 0.048 0.929 
330 TMA-ZAIN-G-    (0)    6 :  0.004 0.002 0.010 0.104 0.880 
331 TMA-ZAIN-G-    (0)    6 :  0.070 0.030 0.073 0.141 0.686 
332 TMA-ZAIN-G-    (0)    6 :  0.003 0.003 0.005 0.066 0.923 
333 TMA-ZAIN-G-    (0)    6 :  0.004 0.003 0.006 0.971 0.017 
334 TMA-ZAIN-G-    (0)    6 :  0.943 0.033 0.017 0.004 0.003 
335 TMA-ZAIN-G-    (0)    6 :  0.955 0.026 0.010 0.004 0.005 
336 TMA-ZAIN-G-    (0)    6 :  0.910 0.034 0.041 0.008 0.008 
337 TMA-ZAIN-G-    (9)    6 :  0.956 0.010 0.026 0.004 0.005 
338 TMA-ZAIN-G-    (0)    6 :  0.982 0.005 0.006 0.003 0.003 
339 TMA-ZAIN-G-    (0)    6 :  0.975 0.014 0.006 0.003 0.002 
340 TMA-ZAIN-G-    (0)    6 :  0.971 0.014 0.008 0.003 0.004 
341 TMA-ZAIN-G-    (0)    6 :  0.973 0.013 0.006 0.003 0.004 
342 TMA-ZAIN-G-    (0)    6 :  0.955 0.026 0.009 0.005 0.005 
343 TMA-ZAIN-G-    (0)    7 :  0.978 0.010 0.006 0.003 0.003 
344 TMA-ZAIN-G-    (0)    7 :  0.925 0.042 0.024 0.005 0.005 
345 TMA-ZAIN-G-    (0)    7 :  0.940 0.048 0.006 0.004 0.003 
346 TMA-ZAIN-G-    (0)    7 :  0.962 0.019 0.011 0.004 0.004 
347 TMA-ZAIN-G-    (9)    7 :  0.953 0.026 0.014 0.003 0.004 
348 TMA-ZAIN-G-    (0)    7 :  0.935 0.029 0.026 0.006 0.005 
349 TMA-ZAIN-G-    (0)    7 :  0.950 0.034 0.010 0.003 0.003 
350 TMA-ZAIN-G-    (0)    7 :  0.837 0.034 0.118 0.005 0.006 
351 TMA-ZAIN-G-    (0)    7 :  0.932 0.045 0.014 0.004 0.004 
352 TMA-ZAIN-G-    (0)    7 :  0.970 0.011 0.009 0.005 0.006 
353 TMA-ZAIN-G-    (0)    7 :  0.927 0.033 0.029 0.006 0.006 
354 TMA-ZAIN-G-    (0)    7 :  0.966 0.013 0.012 0.003 0.005 
355 TMA-ZAIN-G-    (0)    7 :  0.963 0.016 0.010 0.004 0.007 
356 TMA-ZAIN-G-    (0)    8 :  0.003 0.002 0.018 0.014 0.962 
357 TMA-ZAIN-G-    (0)    8 :  0.006 0.003 0.009 0.042 0.940 
358 TMA-ZAIN-G-    (0)    8 :  0.050 0.009 0.026 0.033 0.881 
359 TMA-ZAIN-G-    (0)    8 :  0.008 0.036 0.027 0.012 0.918 
360 TMA-ZAIN-G-    (0)    8 :  0.003 0.005 0.006 0.005 0.981 
361 TMA-ZAIN-G-    (0)    8 :  0.008 0.003 0.013 0.028 0.949 
362 TMA-ZAIN-G-    (0)    8 :  0.006 0.038 0.009 0.004 0.944 
363 TMA-ZAIN-G-    (0)    9 :  0.007 0.010 0.073 0.065 0.846 
364 TMA-ZAIN-G-    (0)    9 :  0.174 0.005 0.783 0.019 0.019 
365 TMA-ZAIN-G-    (0)    9 :  0.170 0.010 0.041 0.005 0.775 
366 TMA-ZAIN-G-    (0)    9 :  0.004 0.010 0.006 0.013 0.967 
367 TMA-ZAIN-G-    (0)    9 :  0.031 0.002 0.026 0.482 0.458 
368 TMA-ZAIN-G-    (0)    9 :  0.004 0.005 0.005 0.011 0.975 
369 TMA-ZAIN-G-    (0)    9 :  0.003 0.003 0.006 0.012 0.976 
370 TMA-ZAIN-G-    (0)    9 :  0.005 0.004 0.007 0.010 0.974 
371 TMA-ZAIN-G-    (0)    9 :  0.005 0.003 0.004 0.006 0.982 
372 TMA-ZAIN-G-    (0)    9 :  0.004 0.004 0.004 0.005 0.983 
373 TMA-ZAIN-G-    (0)    9 :  0.004 0.005 0.017 0.795 0.178 
374 TMA-ZAIN-G-    (0)   10 :  0.188 0.003 0.115 0.619 0.075 
375 TMA-ZAIN-G-    (0)   10 :  0.016 0.006 0.895 0.017 0.066 
376 TMA-ZAIN-G-    (9)   10 :  0.005 0.003 0.004 0.004 0.985 
377 TMA-ZAIN-G-    (0)   10 :  0.003 0.003 0.003 0.005 0.987 
378 TMA-ZAIN-G-    (0)   10 :  0.004 0.002 0.003 0.005 0.986 
379 TMA-ZAIN-G-    (0)   10 :  0.004 0.002 0.003 0.007 0.983 
380 TMA-ZAIN-G-    (0)   10 :  0.003 0.005 0.004 0.006 0.982 
381 TMA-ZAIN-G-    (9)   10 :  0.009 0.017 0.711 0.107 0.157 
382 TMA-ZAIN-G-    (9)   10 :  0.783 0.023 0.178 0.008 0.008 
383    ZFB01    (0)   11 :  0.977 0.008 0.004 0.004 0.006 
384    ZFB02    (0)   11 :  0.977 0.010 0.005 0.005 0.004 
385    ZFB03    (0)   11 :  0.960 0.004 0.017 0.012 0.007 
386    ZFB04    (0)   11 :  0.967 0.019 0.005 0.004 0.006 
387    ZFB05    (0)   11 :  0.887 0.042 0.043 0.020 0.008 
388    ZFB06    (0)   11 :  0.895 0.029 0.049 0.019 0.008 
389    ZFB07    (9)   11 :  0.948 0.012 0.021 0.007 0.012 
390    ZFB08    (0)   11 :  0.974 0.003 0.011 0.007 0.006 
391    ZFB09    (0)   11 :  0.983 0.003 0.006 0.004 0.004 
392    ZFB10    (0)   11 :  0.957 0.009 0.005 0.006 0.023 
393    ZFB11    (0)   11 :  0.960 0.019 0.005 0.005 0.011 
394    ZFB12    (0)   11 :  0.978 0.005 0.007 0.005 0.006 
395    ZFB13    (0)   11 :  0.974 0.003 0.011 0.004 0.008 
396    ZFB14    (0)   11 :  0.979 0.003 0.006 0.005 0.007 
397    ZFB15    (0)   11 :  0.981 0.008 0.005 0.003 0.003 
398    ZFB16    (0)   11 :  0.978 0.006 0.007 0.003 0.005 
399    ZFB17    (0)   11 :  0.896 0.033 0.034 0.016 0.021 
400    ZFB18    (0)   11 :  0.982 0.003 0.005 0.005 0.005 
401    ZFB19    (0)   11 :  0.904 0.005 0.049 0.006 0.035 
402    ZFB20    (0)   11 :  0.975 0.012 0.006 0.003 0.004 
403    ZFB21    (0)   11 :  0.981 0.006 0.007 0.003 0.003 
404    ZFB22    (0)   11 :  0.906 0.047 0.014 0.010 0.023 
405    ZFB23    (0)   11 :  0.945 0.029 0.006 0.007 0.012 
406    ZFB24    (0)   11 :  0.956 0.026 0.005 0.005 0.008 
407    ZFB25    (0)   11 :  0.929 0.014 0.005 0.007 0.046 
408    ZFB26    (0)   11 :  0.873 0.088 0.006 0.007 0.026 
409    ZFB27    (0)   11 :  0.852 0.131 0.004 0.004 0.009 
410    ZFB28    (0)   11 :  0.941 0.030 0.013 0.009 0.006 
411    ZFB29    (0)   11 :  0.979 0.008 0.005 0.004 0.004 
412    ZFB30    (0)   11 :  0.693 0.240 0.048 0.008 0.012 
413    ZFB31    (0)   11 :  0.955 0.009 0.006 0.006 0.025 
414    ZFB32    (0)   11 :  0.929 0.015 0.019 0.028 0.010 
415    ZFB33    (0)   11 :  0.980 0.008 0.004 0.003 0.004 
416    ZFB34    (0)   11 :  0.981 0.003 0.006 0.005 0.005 
417    ZFB35    (0)   11 :  0.974 0.007 0.006 0.006 0.007 
418  ZFBP101    (0)   12 :  0.013 0.003 0.013 0.099 0.872 
419  ZFBP102    (0)   12 :  0.015 0.003 0.012 0.016 0.953 
420  ZFBP103    (0)   12 :  0.007 0.003 0.008 0.304 0.679 
421  ZFBP104    (0)   12 :  0.048 0.003 0.051 0.005 0.892 
422  ZFBP105    (0)   12 :  0.008 0.005 0.007 0.007 0.974 
423  ZFBP106    (0)   12 :  0.004 0.004 0.005 0.009 0.978 
424  ZFBP107    (0)   12 :  0.008 0.018 0.011 0.010 0.954 
425  ZFBP108    (0)   12 :  0.003 0.003 0.003 0.004 0.986 
426  ZFBP109    (0)   12 :  0.003 0.002 0.003 0.004 0.987 
427  ZFBP110    (0)   12 :  0.019 0.003 0.037 0.203 0.738 
428  ZFBP111    (0)   12 :  0.003 0.003 0.004 0.006 0.985 
429  ZFBP112    (0)   12 :  0.005 0.007 0.005 0.009 0.974 
430  ZFBP113    (0)   12 :  0.004 0.005 0.005 0.003 0.982 
431  ZFBP114    (0)   12 :  0.004 0.009 0.004 0.006 0.976 
432  ZFBP115    (0)   12 :  0.003 0.004 0.007 0.016 0.970 
433  ZFBP116    (0)   12 :  0.003 0.005 0.006 0.005 0.981 
434  ZFBP117    (0)   12 :  0.003 0.002 0.004 0.007 0.983 
435  ZFBP118    (0)   12 :  0.003 0.010 0.004 0.006 0.977 
436  ZFBP119    (0)   12 :  0.004 0.002 0.008 0.025 0.961 
437  ZFBP120    (0)   12 :  0.007 0.004 0.007 0.006 0.976 
438  ZFBP121    (0)   12 :  0.005 0.003 0.005 0.010 0.977 
439  ZFBP122    (9)   12 :  0.004 0.004 0.005 0.006 0.982 
440  ZFBP123    (0)   12 :  0.005 0.012 0.007 0.012 0.964 
441  ZFBP124    (0)   12 :  0.008 0.005 0.004 0.007 0.976 
442  ZFBP125    (0)   12 :  0.003 0.003 0.004 0.007 0.983 
443  ZFBP126    (0)   12 :  0.012 0.003 0.020 0.018 0.946 
444  ZFBP127    (0)   12 :  0.003 0.003 0.004 0.012 0.978 
445  ZFBP128    (0)   12 :  0.004 0.003 0.004 0.009 0.982 
446  ZFBP129    (0)   12 :  0.004 0.003 0.005 0.008 0.981 
447  ZFBP130    (0)   12 :  0.003 0.004 0.004 0.008 0.981 
448  ZFBP131    (0)   12 :  0.004 0.004 0.005 0.004 0.983 
449  ZFBP132    (0)   12 :  0.003 0.004 0.004 0.007 0.982 
450  ZFBP133    (0)   12 :  0.003 0.002 0.003 0.005 0.986 
451  ZFBP134    (0)   12 :  0.004 0.003 0.004 0.015 0.974 
452  ZFBP135    (0)   12 :  0.016 0.002 0.010 0.234 0.737 
453  ZFBP136    (0)   12 :  0.004 0.013 0.006 0.095 0.882 
454  ZFBP201    (0)   13 :  0.007 0.009 0.007 0.009 0.968 
455  ZFBP202    (0)   13 :  0.005 0.003 0.004 0.005 0.982 
456  ZFBP203    (0)   13 :  0.011 0.050 0.021 0.006 0.912 
457  ZFBP204    (0)   13 :  0.004 0.005 0.007 0.023 0.960 
458  ZFBP205    (0)   13 :  0.004 0.007 0.005 0.007 0.978 
459  ZFBP206    (0)   13 :  0.007 0.009 0.007 0.013 0.963 
460  ZFBP207    (0)   13 :  0.004 0.004 0.005 0.027 0.960 
461  ZFBP208    (0)   13 :  0.006 0.018 0.009 0.007 0.961 
462  ZFBP209    (0)   13 :  0.003 0.002 0.003 0.006 0.986 
463  ZFBP210    (0)   13 :  0.006 0.010 0.008 0.009 0.967 
464  ZFBP211    (0)   13 :  0.005 0.003 0.005 0.006 0.981 
465  ZFBP212    (0)   13 :  0.004 0.003 0.004 0.005 0.983 
466  ZFBP213    (0)   13 :  0.008 0.005 0.007 0.016 0.964 
467  ZFBP214    (0)   13 :  0.007 0.004 0.010 0.071 0.908 
468  ZFBP215    (0)   13 :  0.004 0.003 0.004 0.007 0.982 
469  ZFBP216    (0)   13 :  0.006 0.007 0.014 0.005 0.968 
470  ZFBP217    (0)   13 :  0.004 0.003 0.005 0.010 0.979 
471  ZFBP218    (0)   13 :  0.003 0.004 0.003 0.004 0.986 
472  ZFBP219    (0)   13 :  0.004 0.004 0.005 0.004 0.984 
473  ZFBP220    (0)   13 :  0.003 0.004 0.005 0.010 0.978 
474  ZFBP221    (0)   13 :  0.005 0.004 0.004 0.005 0.983 
475  ZFBP222    (0)   13 :  0.006 0.006 0.006 0.008 0.974 
476  ZFBP223    (0)   13 :  0.006 0.006 0.007 0.035 0.945 
477  ZFBP224    (0)   13 :  0.005 0.005 0.007 0.007 0.977 
478  ZFBP225    (0)   13 :  0.003 0.007 0.006 0.015 0.968 
479  ZFBP226    (0)   13 :  0.004 0.005 0.005 0.005 0.981 
480  ZFBP227    (0)   13 :  0.040 0.004 0.141 0.008 0.807 
481  ZFBP228    (0)   13 :  0.004 0.003 0.004 0.014 0.975 
482  ZFBP229    (0)   13 :  0.003 0.003 0.004 0.006 0.984 
483  ZFBP230    (0)   13 :  0.004 0.003 0.006 0.011 0.976 
484  ZFBP231    (0)   13 :  0.005 0.004 0.005 0.006 0.979 
485  ZFBP232    (0)   13 :  0.003 0.003 0.003 0.005 0.985 
486  ZFBP233    (0)   13 :  0.005 0.004 0.006 0.006 0.979 
487   ZFCC01    (0)   14 :  0.016 0.004 0.005 0.970 0.004 
488   ZFCC03    (0)   14 :  0.005 0.003 0.004 0.984 0.004 
489   ZFCC04    (0)   14 :  0.008 0.004 0.006 0.977 0.005 
490   ZFCC05    (0)   14 :  0.008 0.004 0.008 0.974 0.006 
491   ZFCC08    (0)   14 :  0.005 0.003 0.004 0.973 0.015 
492   ZFCC09    (0)   14 :  0.008 0.004 0.004 0.980 0.004 
493   ZFCC10    (0)   14 :  0.022 0.004 0.005 0.964 0.005 
494   ZFCC11    (0)   14 :  0.006 0.003 0.004 0.981 0.005 
495   ZFCC12    (0)   14 :  0.092 0.005 0.014 0.882 0.005 
496   ZFCC13    (0)   14 :  0.005 0.011 0.008 0.966 0.009 
497   ZFCC14    (0)   14 :  0.018 0.008 0.008 0.959 0.008 
498   ZFCC15    (0)   14 :  0.009 0.006 0.010 0.970 0.005 
499   ZFCC16    (0)   14 :  0.011 0.004 0.007 0.974 0.004 
500   ZFCC17    (0)   14 :  0.013 0.010 0.006 0.968 0.003 
501   ZFCC18    (0)   14 :  0.008 0.004 0.004 0.979 0.005 
502   ZFCC19    (0)   14 :  0.013 0.013 0.013 0.957 0.004 
503   ZFCC20    (0)   14 :  0.005 0.003 0.006 0.983 0.004 
504   ZFCC21    (0)   14 :  0.018 0.010 0.041 0.856 0.074 
505   ZFCC22    (0)   14 :  0.012 0.011 0.007 0.639 0.331 
506   ZFCC26    (0)   14 :  0.008 0.003 0.006 0.979 0.004 
507   ZFCC27    (0)   14 :  0.004 0.003 0.004 0.985 0.004 
508   ZFCC29    (0)   14 :  0.016 0.004 0.013 0.963 0.005 
509   ZFCC30    (0)   14 :  0.003 0.004 0.003 0.986 0.004 
510   ZFCC32    (0)   14 :  0.013 0.007 0.009 0.964 0.005 
511   ZFCC33    (0)   14 :  0.013 0.005 0.011 0.967 0.004 
512   ZFCC34    (0)   14 :  0.023 0.007 0.007 0.931 0.032 
513   ZFCC35    (0)   14 :  0.004 0.006 0.004 0.981 0.005 
514   ZFCC36    (0)   14 :  0.009 0.029 0.012 0.939 0.011 
515   ZFCC37    (0)   14 :  0.086 0.006 0.039 0.859 0.009 
516   ZFCC40    (0)   14 :  0.010 0.017 0.005 0.962 0.006 
517   ZFCC42    (0)   14 :  0.240 0.135 0.027 0.593 0.005 
518   ZFCC44    (0)   14 :  0.003 0.007 0.004 0.982 0.003 
519   ZFCC45    (9)   14 :  0.038 0.018 0.015 0.924 0.005 
520   ZFCC46    (0)   14 :  0.004 0.005 0.005 0.974 0.012 
521   ZFCC47    (0)   14 :  0.064 0.004 0.008 0.918 0.006 
522   ZFCC48    (0)   14 :  0.009 0.006 0.010 0.934 0.042 
523   ZFCC50    (0)   14 :  0.008 0.005 0.007 0.976 0.004 
524   ZFCC51    (0)   14 :  0.005 0.003 0.004 0.986 0.003 
525   ZFCC52    (0)   14 :  0.006 0.008 0.006 0.969 0.011 
526   ZFCC53    (0)   14 :  0.005 0.003 0.004 0.984 0.003 
527  ZFCNS01    (0)   15 :  0.005 0.010 0.018 0.951 0.015 
528  ZFCNS02    (0)   15 :  0.003 0.003 0.004 0.980 0.011 
529  ZFCNS05    (0)   15 :  0.006 0.003 0.005 0.970 0.016 
530  ZFCNS06    (0)   15 :  0.005 0.003 0.004 0.976 0.012 
531  ZFCNS07    (0)   15 :  0.005 0.004 0.007 0.652 0.333 
532  ZFCNS10    (0)   15 :  0.003 0.004 0.004 0.932 0.057 
533  ZFCNS11    (0)   15 :  0.004 0.006 0.008 0.971 0.010 
534  ZFCNS15    (0)   15 :  0.006 0.003 0.008 0.151 0.832 
535  ZFCNS17    (0)   15 :  0.003 0.003 0.004 0.981 0.008 
536  ZFCNS18    (0)   15 :  0.004 0.004 0.004 0.961 0.027 
537  ZFCNS19    (0)   15 :  0.004 0.003 0.004 0.983 0.006 
538  ZFCNS20    (0)   15 :  0.004 0.004 0.006 0.881 0.105 
539  ZFCNS21    (0)   15 :  0.004 0.003 0.005 0.982 0.007 
540  ZFCNS22    (0)   15 :  0.007 0.003 0.008 0.856 0.126 
541  ZFCNS23    (0)   15 :  0.005 0.004 0.005 0.977 0.010 
542  ZFCNS24    (0)   15 :  0.003 0.003 0.004 0.982 0.007 
543  ZFCNS25    (0)   15 :  0.004 0.003 0.006 0.949 0.038 
544  ZFCNS26    (0)   15 :  0.007 0.003 0.007 0.723 0.260 
545  ZFCNS27    (0)   15 :  0.005 0.004 0.010 0.065 0.917 
546  ZFCNS28    (0)   15 :  0.007 0.003 0.005 0.970 0.015 
547  ZFCNS29    (0)   15 :  0.004 0.003 0.005 0.975 0.013 
548  ZFCNS30    (0)   15 :  0.005 0.003 0.006 0.979 0.007 
549  ZFCNS31    (0)   15 :  0.005 0.003 0.005 0.946 0.040 
550  ZFCNS32    (0)   15 :  0.006 0.003 0.005 0.956 0.029 
551  ZFCNS33    (0)   15 :  0.004 0.003 0.005 0.971 0.017 
552  ZFCNS34    (0)   15 :  0.003 0.003 0.004 0.984 0.005 
553  ZFCNS35    (0)   15 :  0.006 0.003 0.004 0.971 0.015 
554  ZFCNS36    (0)   15 :  0.003 0.003 0.004 0.984 0.006 
555  ZFCNS37    (0)   15 :  0.004 0.003 0.008 0.961 0.024 
556  ZFCNS39    (0)   15 :  0.003 0.003 0.005 0.981 0.009 
557  ZFCNS40    (0)   15 :  0.003 0.003 0.005 0.975 0.014 
558  ZFCNS41    (0)   15 :  0.008 0.005 0.015 0.843 0.129 
559  ZFCNS42    (0)   15 :  0.004 0.003 0.006 0.939 0.047 
560  ZFCNS43    (0)   15 :  0.004 0.003 0.004 0.982 0.007 
561  ZFCNS44    (0)   15 :  0.004 0.004 0.004 0.972 0.015 
562  ZFCNS46    (0)   15 :  0.004 0.003 0.006 0.967 0.020 
563  ZFCNS47    (0)   15 :  0.004 0.003 0.005 0.977 0.012 
564  ZFCNS48    (0)   15 :  0.004 0.004 0.005 0.955 0.032 
565  ZFCNS49    (0)   15 :  0.005 0.004 0.006 0.212 0.773 
566   ZFCR01    (0)   16 :  0.379 0.008 0.560 0.011 0.042 
567   ZFCR02    (0)   16 :  0.051 0.013 0.903 0.011 0.022 
568   ZFCR03    (0)   16 :  0.673 0.038 0.202 0.023 0.064 
569   ZFCR04    (0)   16 :  0.750 0.043 0.113 0.036 0.058 
570   ZFCR05    (0)   16 :  0.086 0.008 0.891 0.010 0.005 
571   ZFCR06    (0)   16 :  0.066 0.004 0.665 0.099 0.166 
572   ZFCR07    (0)   16 :  0.026 0.006 0.923 0.034 0.011 
573   ZFCR08    (0)   16 :  0.165 0.070 0.638 0.054 0.073 
574   ZFCR09    (0)   16 :  0.584 0.073 0.112 0.095 0.135 
575   ZFCR11    (0)   16 :  0.073 0.005 0.885 0.014 0.022 
576   ZFCR12    (0)   16 :  0.010 0.005 0.842 0.090 0.053 
577   ZFCR13    (0)   16 :  0.006 0.003 0.961 0.007 0.022 
578   ZFCR14    (0)   16 :  0.022 0.005 0.955 0.009 0.008 
579   ZFCR15    (0)   16 :  0.036 0.020 0.899 0.015 0.029 
580   ZFCR16    (0)   16 :  0.031 0.005 0.938 0.008 0.018 
581   ZFCR18    (0)   16 :  0.685 0.005 0.272 0.023 0.014 
582   ZFCR19    (0)   16 :  0.414 0.005 0.409 0.027 0.145 
583   ZFCR20    (0)   16 :  0.856 0.004 0.086 0.010 0.044 
584   ZFCR21    (0)   16 :  0.012 0.003 0.961 0.011 0.013 
585   ZFCR22    (0)   16 :  0.008 0.003 0.974 0.005 0.010 
586   ZFCR23    (0)   16 :  0.041 0.057 0.742 0.006 0.155 
587   ZFCR24    (9)   16 :  0.103 0.007 0.381 0.012 0.497 
588   ZFCR25    (0)   16 :  0.017 0.003 0.971 0.005 0.004 
589   ZFCR26    (0)   16 :  0.192 0.004 0.748 0.015 0.041 
590   ZFCR27    (9)   16 :  0.108 0.005 0.879 0.004 0.003 
