

----------------------------------------------------
STRUCTURE by Pritchard, Stephens and Donnelly (2000)
     and Falush, Stephens and Pritchard (2003)
       Code by Pritchard, Falush and Hubisz
             Version 2.3.4 (Jul 2012)
----------------------------------------------------



Command line arguments:   bin\structure -m C:\Users\eschumacher\Documents\GitHub\GCC_QUAC_ZAIN\Data_Files\Structure_Files\ZAIN\ZAIN_rebinned_allpop_str\50-50\mainparams -e C:\Users\eschumacher\Documents\GitHub\GCC_QUAC_ZAIN\Data_Files\Structure_Files\ZAIN\ZAIN_rebinned_allpop_str\50-50\extraparams 
Input File:    C:\Users\eschumacher\Documents\GitHub\GCC_QUAC_ZAIN\Data_Files\Structure_Files\ZAIN\ZAIN_rebinned_allpop_str\project_data

Run parameters:
   1133 individuals
   11 loci
   11 populations assumed
   50000 Burn-in period
   50000 Reps


--------------------------------------------
Proportion of membership of each pre-defined
 population in each of the 11 clusters

Given    Inferred Clusters                                                               Number of
 Pop       1      2      3      4      5      6      7      8      9     10     11      Individuals

  1:     0.093  0.148  0.039  0.141  0.085  0.071  0.047  0.053  0.143  0.077  0.103      303
  2:     0.108  0.169  0.044  0.159  0.058  0.012  0.027  0.015  0.128  0.181  0.099       15
  3:     0.088  0.023  0.009  0.223  0.012  0.014  0.019  0.246  0.033  0.005  0.327        2
  4:     0.073  0.315  0.029  0.076  0.060  0.007  0.022  0.007  0.145  0.028  0.239        2
  5:     0.020  0.073  0.061  0.057  0.039  0.028  0.021  0.208  0.140  0.013  0.340        7
  6:     0.659  0.155  0.008  0.015  0.006  0.005  0.033  0.098  0.008  0.007  0.006       13
  7:     0.947  0.005  0.003  0.004  0.008  0.007  0.006  0.005  0.004  0.004  0.008       13
  8:     0.008  0.192  0.100  0.060  0.011  0.025  0.033  0.055  0.490  0.011  0.015        7
  9:     0.016  0.339  0.029  0.221  0.036  0.006  0.024  0.056  0.197  0.011  0.065       11
 10:     0.009  0.072  0.023  0.147  0.108  0.011  0.020  0.027  0.400  0.025  0.157        9
 11:     0.016  0.007  0.005  0.009  0.878  0.043  0.013  0.004  0.010  0.005  0.010       35
 12:     0.005  0.171  0.024  0.389  0.007  0.004  0.024  0.016  0.332  0.021  0.007       36
 13:     0.005  0.083  0.031  0.352  0.005  0.007  0.011  0.021  0.465  0.009  0.009       33
 14:     0.015  0.008  0.011  0.010  0.008  0.007  0.042  0.010  0.011  0.872  0.006       40
 15:     0.003  0.026  0.006  0.008  0.004  0.003  0.006  0.927  0.007  0.006  0.004       39
 16:     0.049  0.023  0.029  0.038  0.185  0.016  0.017  0.012  0.044  0.023  0.564       40
 17:     0.046  0.010  0.017  0.014  0.074  0.061  0.050  0.011  0.010  0.022  0.683       37
 18:     0.003  0.105  0.020  0.114  0.005  0.003  0.007  0.011  0.722  0.006  0.004       40
 19:     0.022  0.006  0.003  0.005  0.889  0.004  0.041  0.014  0.006  0.005  0.007       28
 20:     0.005  0.006  0.006  0.005  0.004  0.005  0.944  0.005  0.005  0.012  0.004       14
 21:     0.017  0.014  0.006  0.011  0.011  0.836  0.027  0.032  0.011  0.008  0.027       13
 22:     0.003  0.894  0.008  0.013  0.006  0.002  0.007  0.028  0.013  0.022  0.004       14
 23:     0.004  0.019  0.027  0.880  0.004  0.005  0.009  0.008  0.033  0.007  0.005       25
 24:     0.005  0.009  0.925  0.012  0.006  0.006  0.006  0.006  0.013  0.008  0.005       40
 25:     0.010  0.054  0.009  0.023  0.030  0.009  0.040  0.019  0.028  0.756  0.021       32
 26:     0.004  0.003  0.003  0.003  0.003  0.968  0.004  0.003  0.003  0.003  0.003       20
 27:     0.025  0.012  0.007  0.009  0.708  0.003  0.015  0.004  0.017  0.008  0.194        4
 28:     0.053  0.015  0.014  0.017  0.778  0.005  0.011  0.005  0.072  0.011  0.020       23
 29:     0.019  0.006  0.005  0.005  0.918  0.004  0.006  0.006  0.007  0.009  0.015       39
 30:     0.936  0.004  0.004  0.005  0.011  0.007  0.014  0.004  0.005  0.004  0.006       38
 31:     0.005  0.662  0.051  0.045  0.005  0.005  0.008  0.161  0.044  0.009  0.007       45
 32:     0.004  0.359  0.026  0.206  0.005  0.012  0.018  0.158  0.191  0.013  0.008       28
 33:     0.006  0.004  0.005  0.004  0.915  0.016  0.006  0.007  0.004  0.007  0.026        6
 34:     0.014  0.023  0.041  0.011  0.025  0.004  0.020  0.011  0.014  0.010  0.827       40
 35:     0.039  0.022  0.011  0.012  0.020  0.059  0.022  0.010  0.007  0.011  0.787       42
--------------------------------------------

Allele-freq. divergence among pops (Net nucleotide distance),
computed using point estimates of P.

      1       2       3       4       5       6       7       8       9      10      11      
 1      -    0.2958  0.3703  0.2961  0.1248  0.2058  0.2320  0.3534  0.3312  0.2713  0.1307  
 2   0.2958     -    0.1252  0.0694  0.2332  0.3780  0.1738  0.1309  0.0569  0.1834  0.1194  
 3   0.3703  0.1252     -    0.1105  0.3423  0.4643  0.2655  0.2691  0.1255  0.2117  0.2195  
 4   0.2961  0.0694  0.1105     -    0.2389  0.3689  0.1785  0.2184  0.0433  0.2195  0.1584  
 5   0.1248  0.2332  0.3423  0.2389     -    0.3135  0.2211  0.2730  0.2308  0.1740  0.0980  
 6   0.2058  0.3780  0.4643  0.3689  0.3135     -    0.3275  0.4464  0.4129  0.3694  0.2458  
 7   0.2320  0.1738  0.2655  0.1785  0.2211  0.3275     -    0.2261  0.2194  0.1897  0.1350  
 8   0.3534  0.1309  0.2691  0.2184  0.2730  0.4464  0.2261     -    0.2482  0.1905  0.1761  
 9   0.3312  0.0569  0.1255  0.0433  0.2308  0.4129  0.2194  0.2482     -    0.2307  0.1724  
10   0.2713  0.1834  0.2117  0.2195  0.1740  0.3694  0.1897  0.1905  0.2307     -    0.1442  
11   0.1307  0.1194  0.2195  0.1584  0.0980  0.2458  0.1350  0.1761  0.1724  0.1442     -    

Average distances (expected heterozygosity) between individuals in same cluster:
cluster  1  : 0.3786 
cluster  2  : 0.4356 
cluster  3  : 0.3571 
cluster  4  : 0.4028 
cluster  5  : 0.4758 
cluster  6  : 0.2456 
cluster  7  : 0.2703 
cluster  8  : 0.2620 
cluster  9  : 0.3735 
cluster 10  : 0.3880 
cluster 11  : 0.5491 

--------------------------------------------
Estimated Ln Prob of Data   = -20675.4
Mean value of ln likelihood = -19991.6
Variance of ln likelihood   = 1367.6
Mean value of alpha         = 0.0340

Mean value of Fst_1         = 0.5567
Mean value of Fst_2         = 0.3288
Mean value of Fst_3         = 0.4308
Mean value of Fst_4         = 0.2954
Mean value of Fst_5         = 0.3617
Mean value of Fst_6         = 0.6432
Mean value of Fst_7         = 0.5782
Mean value of Fst_8         = 0.5671
Mean value of Fst_9         = 0.3609
Mean value of Fst_10         = 0.4258
Mean value of Fst_11         = 0.1456


Inferred ancestry of individuals:
        Label (%Miss) Pop:  Inferred clusters
  1 TMA-ZAIN-G-    (9)    1 :  0.011 0.035 0.010 0.008 0.759 0.003 0.011 0.082 0.014 0.014 0.052 
  2 TMA-ZAIN-G-    (0)    1 :  0.010 0.015 0.005 0.182 0.706 0.004 0.016 0.008 0.017 0.021 0.015 
  3 TMA-ZAIN-G-    (0)    1 :  0.004 0.250 0.090 0.039 0.006 0.003 0.009 0.035 0.547 0.010 0.006 
  4 TMA-ZAIN-G-    (0)    1 :  0.005 0.015 0.060 0.025 0.011 0.003 0.630 0.017 0.210 0.019 0.006 
  5 TMA-ZAIN-G-    (0)    1 :  0.006 0.002 0.002 0.003 0.962 0.004 0.005 0.002 0.003 0.006 0.004 
  6 TMA-ZAIN-G-    (0)    1 :  0.032 0.218 0.167 0.057 0.075 0.041 0.074 0.024 0.170 0.035 0.106 
  7 TMA-ZAIN-G-    (0)    1 :  0.007 0.241 0.009 0.273 0.015 0.005 0.124 0.057 0.241 0.015 0.014 
  8 TMA-ZAIN-G-    (0)    1 :  0.003 0.854 0.023 0.024 0.007 0.002 0.005 0.008 0.043 0.026 0.005 
  9 TMA-ZAIN-G-    (9)    1 :  0.005 0.383 0.033 0.276 0.008 0.004 0.009 0.008 0.258 0.005 0.010 
 10 TMA-ZAIN-G-    (0)    1 :  0.004 0.481 0.037 0.225 0.003 0.004 0.012 0.014 0.203 0.008 0.009 
 11 TMA-ZAIN-G-    (0)    1 :  0.005 0.192 0.005 0.568 0.006 0.005 0.023 0.009 0.174 0.005 0.006 
 12 TMA-ZAIN-G-    (0)    1 :  0.003 0.019 0.005 0.009 0.004 0.003 0.004 0.012 0.933 0.004 0.005 
 13 TMA-ZAIN-G-    (9)    1 :  0.091 0.247 0.018 0.338 0.036 0.020 0.014 0.123 0.067 0.023 0.021 
 14 TMA-ZAIN-G-    (9)    1 :  0.007 0.044 0.007 0.017 0.003 0.018 0.006 0.869 0.013 0.007 0.009 
 15 TMA-ZAIN-G-    (0)    1 :  0.002 0.074 0.009 0.007 0.003 0.002 0.004 0.877 0.008 0.007 0.006 
 16 TMA-ZAIN-G-    (0)    1 :  0.004 0.023 0.005 0.042 0.003 0.005 0.006 0.006 0.896 0.003 0.006 
 17 TMA-ZAIN-G-    (9)    1 :  0.017 0.805 0.005 0.008 0.009 0.003 0.079 0.024 0.013 0.017 0.019 
 18 TMA-ZAIN-G-    (0)    1 :  0.008 0.012 0.008 0.005 0.774 0.004 0.014 0.015 0.014 0.048 0.098 
 19 TMA-ZAIN-G-    (0)    1 :  0.010 0.030 0.005 0.012 0.013 0.006 0.036 0.013 0.018 0.004 0.854 
 20 TMA-ZAIN-G-    (0)    1 :  0.091 0.003 0.004 0.004 0.039 0.035 0.008 0.004 0.003 0.027 0.783 
 21 TMA-ZAIN-G-    (0)    1 :  0.005 0.003 0.003 0.002 0.003 0.971 0.003 0.002 0.003 0.003 0.003 
 22 TMA-ZAIN-G-    (0)    1 :  0.958 0.002 0.002 0.003 0.011 0.004 0.005 0.003 0.002 0.004 0.006 
 23 TMA-ZAIN-G-    (0)    1 :  0.948 0.005 0.003 0.004 0.007 0.004 0.005 0.005 0.004 0.003 0.011 
 24 TMA-ZAIN-G-    (9)    1 :  0.660 0.013 0.139 0.117 0.006 0.009 0.004 0.028 0.011 0.007 0.003 
 25 TMA-ZAIN-G-    (9)    1 :  0.012 0.011 0.005 0.100 0.112 0.008 0.004 0.006 0.013 0.004 0.725 
 26 TMA-ZAIN-G-    (9)    1 :  0.009 0.167 0.008 0.259 0.007 0.086 0.010 0.027 0.035 0.383 0.008 
 27 TMA-ZAIN-G-    (0)    1 :  0.011 0.017 0.011 0.006 0.081 0.015 0.028 0.060 0.006 0.016 0.749 
 28 TMA-ZAIN-G-    (0)    1 :  0.007 0.009 0.008 0.006 0.011 0.003 0.006 0.012 0.008 0.008 0.924 
 29 TMA-ZAIN-G-    (0)    1 :  0.004 0.005 0.707 0.005 0.003 0.005 0.004 0.005 0.004 0.019 0.240 
 30 TMA-ZAIN-G-    (0)    1 :  0.005 0.259 0.056 0.144 0.004 0.004 0.008 0.079 0.067 0.006 0.366 
 31 TMA-ZAIN-G-    (0)    1 :  0.012 0.004 0.006 0.008 0.864 0.009 0.020 0.006 0.004 0.057 0.010 
 32 TMA-ZAIN-G-    (9)    1 :  0.044 0.031 0.004 0.025 0.705 0.008 0.005 0.028 0.123 0.006 0.020 
 33 TMA-ZAIN-G-   (18)    1 :  0.003 0.480 0.014 0.086 0.005 0.003 0.004 0.008 0.388 0.004 0.005 
 34 TMA-ZAIN-G-    (0)    1 :  0.023 0.027 0.007 0.092 0.174 0.013 0.005 0.008 0.630 0.008 0.013 
 35 TMA-ZAIN-G-    (9)    1 :  0.005 0.192 0.079 0.148 0.022 0.003 0.011 0.065 0.450 0.013 0.014 
 36 TMA-ZAIN-G-    (0)    1 :  0.003 0.331 0.009 0.417 0.004 0.003 0.007 0.148 0.056 0.016 0.006 
 37 TMA-ZAIN-G-    (9)    1 :  0.006 0.242 0.015 0.306 0.007 0.009 0.045 0.008 0.342 0.011 0.011 
 38 TMA-ZAIN-G-   (18)    1 :  0.021 0.039 0.007 0.029 0.740 0.006 0.009 0.072 0.045 0.006 0.026 
 39 TMA-ZAIN-G-    (0)    1 :  0.003 0.053 0.012 0.819 0.003 0.007 0.008 0.004 0.078 0.008 0.005 
 40 TMA-ZAIN-G-    (0)    1 :  0.003 0.513 0.007 0.263 0.003 0.010 0.017 0.005 0.169 0.005 0.004 
 41 TMA-ZAIN-G-    (0)    1 :  0.003 0.693 0.008 0.207 0.003 0.004 0.003 0.047 0.024 0.005 0.004 
 42 TMA-ZAIN-G-    (9)    1 :  0.003 0.868 0.007 0.010 0.003 0.002 0.004 0.085 0.007 0.008 0.004 
 43 TMA-ZAIN-G-    (0)    1 :  0.003 0.007 0.007 0.005 0.003 0.002 0.004 0.958 0.003 0.005 0.004 
 44 TMA-ZAIN-G-    (0)    1 :  0.007 0.017 0.016 0.088 0.005 0.802 0.009 0.004 0.042 0.003 0.008 
 45 TMA-ZAIN-G-    (0)    1 :  0.005 0.216 0.006 0.099 0.005 0.011 0.013 0.020 0.608 0.008 0.009 
 46 TMA-ZAIN-G-    (0)    1 :  0.007 0.002 0.002 0.003 0.004 0.962 0.006 0.003 0.002 0.004 0.004 
 47 TMA-ZAIN-G-    (0)    1 :  0.003 0.004 0.004 0.003 0.004 0.005 0.012 0.003 0.005 0.952 0.004 
 48 TMA-ZAIN-G-    (0)    1 :  0.027 0.359 0.020 0.051 0.006 0.014 0.190 0.054 0.049 0.209 0.019 
 49 TMA-ZAIN-G-    (9)    1 :  0.008 0.006 0.049 0.008 0.020 0.004 0.018 0.004 0.030 0.008 0.846 
 50 TMA-ZAIN-G-    (0)    1 :  0.005 0.030 0.003 0.016 0.007 0.007 0.005 0.008 0.007 0.003 0.909 
 51 TMA-ZAIN-G-    (0)    1 :  0.006 0.017 0.006 0.010 0.007 0.015 0.017 0.086 0.005 0.020 0.811 
 52 TMA-ZAIN-G-    (0)    1 :  0.009 0.010 0.003 0.008 0.006 0.011 0.182 0.021 0.014 0.044 0.691 
 53 TMA-ZAIN-G-    (0)    1 :  0.016 0.018 0.006 0.018 0.206 0.005 0.098 0.049 0.007 0.100 0.476 
 54 TMA-ZAIN-G-    (0)    1 :  0.006 0.010 0.004 0.005 0.005 0.003 0.004 0.010 0.006 0.939 0.009 
 55 TMA-ZAIN-G-    (0)    1 :  0.009 0.023 0.003 0.005 0.004 0.005 0.003 0.021 0.009 0.892 0.025 
 56 TMA-ZAIN-G-    (0)    1 :  0.010 0.294 0.025 0.029 0.006 0.005 0.450 0.035 0.034 0.059 0.052 
 57 TMA-ZAIN-G-    (0)    1 :  0.005 0.006 0.007 0.008 0.007 0.003 0.012 0.005 0.021 0.909 0.019 
 58 TMA-ZAIN-G-    (0)    1 :  0.140 0.016 0.006 0.005 0.027 0.005 0.011 0.007 0.011 0.027 0.745 
 59 TMA-ZAIN-G-    (0)    1 :  0.023 0.065 0.030 0.083 0.611 0.019 0.064 0.011 0.044 0.026 0.024 
 60 TMA-ZAIN-G-    (0)    1 :  0.009 0.021 0.007 0.011 0.459 0.008 0.051 0.119 0.009 0.021 0.284 
 61 TMA-ZAIN-G-    (0)    1 :  0.024 0.003 0.003 0.003 0.895 0.015 0.030 0.003 0.003 0.012 0.009 
 62 TMA-ZAIN-G-    (9)    1 :  0.011 0.037 0.009 0.026 0.766 0.037 0.003 0.006 0.052 0.015 0.039 
 63 TMA-ZAIN-G-    (0)    1 :  0.009 0.005 0.003 0.004 0.928 0.005 0.012 0.006 0.006 0.012 0.009 
 64 TMA-ZAIN-G-    (0)    1 :  0.002 0.005 0.960 0.008 0.002 0.002 0.003 0.005 0.005 0.003 0.003 
 65 TMA-ZAIN-G-    (9)    1 :  0.003 0.007 0.941 0.007 0.003 0.002 0.005 0.005 0.016 0.007 0.003 
 66 TMA-ZAIN-G-    (0)    1 :  0.003 0.010 0.933 0.019 0.003 0.003 0.005 0.005 0.013 0.004 0.003 
 67 TMA-ZAIN-G-    (0)    1 :  0.010 0.013 0.817 0.085 0.004 0.016 0.004 0.003 0.030 0.006 0.012 
 68 TMA-ZAIN-G-    (0)    1 :  0.002 0.007 0.960 0.004 0.002 0.002 0.005 0.006 0.005 0.004 0.003 
 69 TMA-ZAIN-G-    (0)    1 :  0.026 0.008 0.764 0.032 0.021 0.029 0.023 0.016 0.055 0.009 0.017 
 70 TMA-ZAIN-G-    (0)    1 :  0.004 0.006 0.014 0.936 0.003 0.004 0.004 0.006 0.016 0.003 0.004 
 71 TMA-ZAIN-G-    (0)    1 :  0.003 0.007 0.004 0.952 0.003 0.003 0.003 0.003 0.015 0.003 0.003 
 72 TMA-ZAIN-G-    (0)    1 :  0.004 0.022 0.023 0.897 0.004 0.003 0.005 0.010 0.017 0.008 0.007 
 73 TMA-ZAIN-G-    (0)    1 :  0.024 0.006 0.007 0.856 0.018 0.025 0.004 0.004 0.014 0.019 0.022 
 74 TMA-ZAIN-G-    (0)    1 :  0.006 0.007 0.006 0.924 0.006 0.008 0.003 0.004 0.018 0.006 0.010 
 75 TMA-ZAIN-G-    (0)    1 :  0.003 0.007 0.005 0.930 0.005 0.003 0.005 0.005 0.018 0.012 0.006 
 76 TMA-ZAIN-G-    (0)    1 :  0.013 0.005 0.006 0.908 0.005 0.033 0.003 0.004 0.011 0.004 0.009 
 77 TMA-ZAIN-G-    (0)    1 :  0.004 0.009 0.006 0.937 0.003 0.008 0.010 0.007 0.006 0.004 0.005 
 78 TMA-ZAIN-G-    (0)    1 :  0.012 0.008 0.005 0.890 0.006 0.021 0.012 0.006 0.015 0.009 0.016 
 79 TMA-ZAIN-G-    (0)    1 :  0.006 0.007 0.004 0.886 0.004 0.022 0.044 0.007 0.009 0.005 0.007 
 80 TMA-ZAIN-G-    (0)    1 :  0.003 0.021 0.022 0.765 0.003 0.008 0.007 0.005 0.149 0.013 0.005 
 81 TMA-ZAIN-G-    (0)    1 :  0.005 0.010 0.005 0.910 0.003 0.009 0.026 0.007 0.012 0.005 0.007 
 82 TMA-ZAIN-G-    (0)    1 :  0.003 0.013 0.249 0.440 0.008 0.002 0.010 0.008 0.239 0.020 0.007 
 83 TMA-ZAIN-G-    (9)    1 :  0.031 0.017 0.041 0.029 0.043 0.023 0.005 0.005 0.770 0.016 0.019 
 84 TMA-ZAIN-G-    (0)    1 :  0.008 0.009 0.005 0.900 0.004 0.034 0.010 0.005 0.015 0.003 0.009 
 85 TMA-ZAIN-G-    (0)    1 :  0.005 0.003 0.003 0.003 0.004 0.003 0.964 0.004 0.004 0.003 0.004 
 86 TMA-ZAIN-G-    (0)    1 :  0.004 0.007 0.005 0.007 0.004 0.006 0.946 0.003 0.009 0.005 0.004 
 87 TMA-ZAIN-G-    (0)    1 :  0.006 0.003 0.002 0.003 0.005 0.003 0.964 0.003 0.003 0.003 0.004 
 88 TMA-ZAIN-G-    (0)    1 :  0.009 0.018 0.049 0.048 0.185 0.010 0.452 0.017 0.137 0.067 0.008 
 89 TMA-ZAIN-G-    (0)    1 :  0.022 0.015 0.033 0.044 0.031 0.023 0.312 0.042 0.038 0.434 0.006 
 90 TMA-ZAIN-G-    (0)    1 :  0.004 0.005 0.016 0.005 0.020 0.005 0.866 0.004 0.028 0.043 0.006 
 91 TMA-ZAIN-G-    (0)    1 :  0.006 0.009 0.011 0.010 0.044 0.006 0.839 0.011 0.008 0.046 0.010 
 92 TMA-ZAIN-G-    (0)    1 :  0.026 0.009 0.007 0.011 0.009 0.032 0.555 0.014 0.007 0.293 0.037 
 93 TMA-ZAIN-G-    (0)    1 :  0.018 0.007 0.009 0.008 0.041 0.012 0.329 0.022 0.005 0.489 0.059 
 94 TMA-ZAIN-G-    (0)    1 :  0.011 0.004 0.004 0.005 0.100 0.006 0.796 0.006 0.004 0.051 0.015 
 95 TMA-ZAIN-G-    (0)    1 :  0.015 0.023 0.017 0.018 0.008 0.004 0.005 0.027 0.008 0.004 0.873 
 96 TMA-ZAIN-G-    (0)    1 :  0.006 0.057 0.006 0.005 0.004 0.004 0.010 0.025 0.012 0.006 0.865 
 97 TMA-ZAIN-G-    (0)    1 :  0.006 0.004 0.006 0.012 0.922 0.006 0.009 0.008 0.004 0.012 0.012 
 98 TMA-ZAIN-G-    (0)    1 :  0.004 0.004 0.004 0.011 0.943 0.005 0.007 0.006 0.004 0.009 0.004 
 99 TMA-ZAIN-G-    (0)    1 :  0.007 0.041 0.023 0.035 0.743 0.025 0.005 0.008 0.103 0.003 0.007 
100 TMA-ZAIN-G-    (0)    1 :  0.008 0.004 0.005 0.005 0.873 0.031 0.032 0.006 0.003 0.019 0.013 
101 TMA-ZAIN-G-    (0)    1 :  0.005 0.005 0.006 0.015 0.926 0.006 0.004 0.006 0.008 0.011 0.008 
102 TMA-ZAIN-G-    (0)    1 :  0.563 0.026 0.014 0.022 0.202 0.007 0.022 0.026 0.073 0.012 0.032 
103 TMA-ZAIN-G-    (0)    1 :  0.059 0.012 0.006 0.010 0.817 0.004 0.027 0.007 0.023 0.006 0.029 
104 TMA-ZAIN-G-    (0)    1 :  0.010 0.004 0.002 0.003 0.956 0.004 0.003 0.004 0.004 0.005 0.006 
105 TMA-ZAIN-G-    (0)    1 :  0.036 0.014 0.006 0.011 0.819 0.003 0.042 0.008 0.034 0.007 0.021 
106 TMA-ZAIN-G-    (0)    1 :  0.003 0.567 0.049 0.203 0.003 0.003 0.007 0.095 0.059 0.006 0.004 
107 TMA-ZAIN-G-    (0)    1 :  0.003 0.019 0.009 0.617 0.004 0.002 0.005 0.009 0.320 0.006 0.005 
108 TMA-ZAIN-G-    (9)    1 :  0.043 0.171 0.009 0.137 0.299 0.020 0.067 0.079 0.122 0.015 0.039 
109 TMA-ZAIN-G-    (0)    1 :  0.005 0.210 0.165 0.013 0.316 0.004 0.014 0.020 0.166 0.049 0.037 
110 TMA-ZAIN-G-    (0)    1 :  0.079 0.230 0.009 0.109 0.053 0.120 0.021 0.021 0.268 0.016 0.073 
111 TMA-ZAIN-G-    (9)    1 :  0.114 0.018 0.017 0.046 0.491 0.026 0.008 0.004 0.191 0.023 0.062 
112 TMA-ZAIN-G-    (0)    1 :  0.065 0.248 0.021 0.046 0.266 0.012 0.014 0.040 0.160 0.024 0.103 
113 TMA-ZAIN-G-    (0)    1 :  0.010 0.006 0.010 0.020 0.900 0.005 0.006 0.006 0.012 0.021 0.004 
114 TMA-ZAIN-G-    (0)    1 :  0.012 0.002 0.003 0.003 0.950 0.009 0.006 0.002 0.004 0.004 0.005 
115 TMA-ZAIN-G-    (0)    1 :  0.007 0.003 0.003 0.003 0.961 0.004 0.003 0.003 0.004 0.004 0.005 
116 TMA-ZAIN-G-    (0)    1 :  0.003 0.008 0.010 0.013 0.006 0.002 0.005 0.005 0.933 0.010 0.004 
117 TMA-ZAIN-G-    (0)    1 :  0.004 0.201 0.282 0.116 0.011 0.003 0.058 0.076 0.184 0.050 0.016 
118 TMA-ZAIN-G-    (0)    1 :  0.003 0.013 0.021 0.010 0.006 0.003 0.006 0.016 0.907 0.009 0.006 
119 TMA-ZAIN-G-    (0)    1 :  0.018 0.008 0.026 0.038 0.025 0.017 0.005 0.005 0.827 0.010 0.022 
120 TMA-ZAIN-G-    (0)    1 :  0.005 0.019 0.025 0.031 0.008 0.004 0.016 0.054 0.813 0.013 0.013 
121 TMA-ZAIN-G-    (0)    1 :  0.004 0.081 0.126 0.034 0.011 0.003 0.012 0.024 0.674 0.021 0.011 
122 TMA-ZAIN-G-    (0)    1 :  0.006 0.223 0.039 0.194 0.006 0.009 0.117 0.013 0.365 0.012 0.017 
123 TMA-ZAIN-G-    (0)    1 :  0.019 0.005 0.004 0.005 0.923 0.005 0.007 0.012 0.005 0.005 0.012 
124 TMA-ZAIN-G-    (0)    1 :  0.003 0.946 0.004 0.006 0.006 0.002 0.007 0.008 0.008 0.004 0.006 
125 TMA-ZAIN-G-    (0)    1 :  0.002 0.801 0.030 0.008 0.003 0.002 0.007 0.025 0.006 0.111 0.004 
126 TMA-ZAIN-G-    (0)    1 :  0.003 0.905 0.005 0.007 0.004 0.002 0.007 0.037 0.016 0.009 0.004 
127 TMA-ZAIN-G-    (0)    1 :  0.003 0.948 0.006 0.006 0.003 0.003 0.005 0.010 0.009 0.004 0.003 
128 TMA-ZAIN-G-    (0)    1 :  0.003 0.916 0.024 0.008 0.004 0.002 0.006 0.010 0.015 0.006 0.005 
129 TMA-ZAIN-G-    (0)    1 :  0.003 0.933 0.006 0.007 0.007 0.002 0.007 0.015 0.008 0.006 0.005 
130 TMA-ZAIN-G-    (0)    1 :  0.003 0.809 0.010 0.007 0.007 0.002 0.007 0.073 0.029 0.046 0.007 
131 TMA-ZAIN-G-    (0)    1 :  0.003 0.940 0.004 0.006 0.005 0.002 0.009 0.012 0.008 0.004 0.006 
132 TMA-ZAIN-G-    (0)    1 :  0.003 0.849 0.045 0.016 0.004 0.003 0.006 0.015 0.022 0.033 0.005 
133 TMA-ZAIN-G-    (0)    1 :  0.006 0.574 0.085 0.070 0.003 0.020 0.045 0.118 0.046 0.022 0.012 
134 TMA-ZAIN-G-    (0)    1 :  0.004 0.438 0.081 0.060 0.003 0.013 0.039 0.282 0.054 0.021 0.006 
135 TMA-ZAIN-G-    (0)    1 :  0.004 0.215 0.029 0.231 0.004 0.011 0.030 0.020 0.440 0.012 0.004 
136 TMA-ZAIN-G-    (0)    1 :  0.004 0.092 0.608 0.068 0.007 0.006 0.005 0.007 0.179 0.019 0.005 
137 TMA-ZAIN-G-    (0)    1 :  0.004 0.056 0.006 0.121 0.005 0.014 0.021 0.006 0.755 0.007 0.006 
138 TMA-ZAIN-G-    (0)    1 :  0.003 0.621 0.012 0.022 0.004 0.003 0.004 0.026 0.290 0.014 0.003 
139 TMA-ZAIN-G-    (0)    1 :  0.003 0.355 0.013 0.072 0.004 0.009 0.013 0.017 0.428 0.081 0.004 
140 TMA-ZAIN-G-    (0)    1 :  0.004 0.113 0.009 0.143 0.003 0.004 0.005 0.005 0.703 0.004 0.006 
141 TMA-ZAIN-G-    (0)    1 :  0.004 0.105 0.009 0.498 0.006 0.003 0.014 0.024 0.326 0.006 0.005 
142 TMA-ZAIN-G-    (9)    1 :  0.003 0.053 0.012 0.201 0.003 0.003 0.007 0.007 0.701 0.004 0.004 
143 TMA-ZAIN-G-    (0)    1 :  0.003 0.286 0.013 0.074 0.004 0.003 0.006 0.010 0.590 0.005 0.005 
144 TMA-ZAIN-G-    (0)    1 :  0.005 0.130 0.006 0.018 0.003 0.007 0.010 0.012 0.773 0.026 0.012 
145 TMA-ZAIN-G-    (0)    1 :  0.002 0.048 0.284 0.151 0.003 0.002 0.006 0.007 0.476 0.015 0.005 
146 TMA-ZAIN-G-    (0)    1 :  0.003 0.007 0.005 0.836 0.003 0.003 0.005 0.005 0.127 0.003 0.003 
147 TMA-ZAIN-G-    (9)    1 :  0.003 0.013 0.010 0.738 0.003 0.004 0.006 0.006 0.209 0.005 0.003 
148 TMA-ZAIN-G-    (0)    1 :  0.003 0.107 0.005 0.575 0.003 0.003 0.005 0.112 0.147 0.035 0.004 
149 TMA-ZAIN-G-    (0)    1 :  0.021 0.147 0.008 0.341 0.022 0.006 0.027 0.039 0.308 0.069 0.012 
150 TMA-ZAIN-G-    (0)    1 :  0.017 0.025 0.043 0.265 0.020 0.005 0.017 0.019 0.487 0.093 0.010 
151 TMA-ZAIN-G-    (0)    1 :  0.002 0.051 0.009 0.009 0.003 0.002 0.003 0.014 0.898 0.004 0.003 
152 TMA-ZAIN-G-    (0)    1 :  0.002 0.008 0.005 0.006 0.004 0.002 0.003 0.007 0.954 0.004 0.003 
153 TMA-ZAIN-G-    (0)    1 :  0.002 0.098 0.017 0.022 0.003 0.002 0.003 0.027 0.809 0.012 0.003 
154 TMA-ZAIN-G-    (0)    1 :  0.002 0.008 0.005 0.007 0.003 0.002 0.004 0.005 0.955 0.005 0.003 
155 TMA-ZAIN-G-    (0)    1 :  0.003 0.012 0.008 0.014 0.004 0.002 0.005 0.006 0.938 0.003 0.004 
156 TMA-ZAIN-G-    (9)    1 :  0.003 0.045 0.003 0.007 0.005 0.003 0.003 0.048 0.868 0.011 0.004 
157 TMA-ZAIN-G-    (0)    1 :  0.003 0.068 0.007 0.022 0.004 0.003 0.005 0.110 0.768 0.006 0.004 
158 TMA-ZAIN-G-    (0)    1 :  0.003 0.009 0.004 0.023 0.003 0.003 0.003 0.004 0.938 0.004 0.005 
159 TMA-ZAIN-G-    (0)    1 :  0.003 0.008 0.011 0.284 0.004 0.002 0.004 0.004 0.672 0.005 0.003 
160 TMA-ZAIN-G-    (0)    1 :  0.003 0.006 0.014 0.095 0.005 0.002 0.004 0.004 0.858 0.006 0.003 
161 TMA-ZAIN-G-    (0)    1 :  0.003 0.155 0.007 0.048 0.003 0.003 0.006 0.021 0.727 0.021 0.006 
162 TMA-ZAIN-G-    (0)    1 :  0.016 0.012 0.006 0.011 0.021 0.005 0.011 0.004 0.896 0.012 0.007 
163 TMA-ZAIN-G-    (0)    1 :  0.002 0.007 0.004 0.007 0.003 0.002 0.003 0.003 0.964 0.003 0.003 
164 TMA-ZAIN-G-    (0)    1 :  0.003 0.007 0.005 0.010 0.004 0.003 0.007 0.004 0.948 0.005 0.004 
165 TMA-ZAIN-G-    (0)    1 :  0.002 0.009 0.006 0.021 0.004 0.003 0.003 0.004 0.942 0.003 0.003 
166 TMA-ZAIN-G-    (0)    1 :  0.002 0.081 0.011 0.178 0.003 0.003 0.005 0.006 0.698 0.010 0.004 
167 TMA-ZAIN-G-    (0)    1 :  0.005 0.053 0.005 0.778 0.005 0.004 0.007 0.007 0.124 0.005 0.006 
168 TMA-ZAIN-G-    (0)    1 :  0.003 0.010 0.012 0.892 0.006 0.004 0.006 0.030 0.028 0.004 0.005 
169 TMA-ZAIN-G-    (0)    1 :  0.003 0.007 0.085 0.838 0.004 0.002 0.006 0.005 0.042 0.005 0.003 
170 TMA-ZAIN-G-    (0)    1 :  0.007 0.144 0.021 0.592 0.014 0.011 0.005 0.113 0.070 0.004 0.018 
171 TMA-ZAIN-G-    (0)    1 :  0.003 0.005 0.015 0.939 0.003 0.003 0.004 0.004 0.017 0.004 0.003 
172 TMA-ZAIN-G-    (0)    1 :  0.004 0.811 0.005 0.094 0.004 0.005 0.006 0.019 0.044 0.004 0.005 
173 TMA-ZAIN-G-    (0)    1 :  0.003 0.871 0.006 0.052 0.004 0.004 0.006 0.019 0.023 0.005 0.007 
174 TMA-ZAIN-G-    (0)    1 :  0.003 0.659 0.056 0.146 0.003 0.003 0.005 0.006 0.105 0.010 0.004 
175 TMA-ZAIN-G-    (0)    1 :  0.004 0.006 0.007 0.935 0.004 0.003 0.005 0.005 0.026 0.004 0.003 
176 TMA-ZAIN-G-    (0)    1 :  0.003 0.009 0.005 0.894 0.003 0.003 0.005 0.005 0.066 0.003 0.003 
177 TMA-ZAIN-G-    (0)    1 :  0.003 0.031 0.004 0.764 0.004 0.004 0.005 0.031 0.145 0.003 0.005 
178 TMA-ZAIN-G-    (0)    1 :  0.004 0.463 0.005 0.230 0.005 0.006 0.005 0.076 0.195 0.004 0.007 
179 TMA-ZAIN-G-    (0)    1 :  0.003 0.131 0.009 0.510 0.004 0.004 0.007 0.042 0.279 0.005 0.006 
180 TMA-ZAIN-G-    (0)    1 :  0.006 0.816 0.063 0.013 0.004 0.009 0.032 0.014 0.027 0.010 0.007 
181 TMA-ZAIN-G-    (0)    1 :  0.003 0.718 0.006 0.016 0.005 0.003 0.004 0.179 0.058 0.005 0.004 
182 TMA-ZAIN-G-    (0)    1 :  0.003 0.787 0.003 0.008 0.007 0.003 0.006 0.132 0.040 0.006 0.004 
183 TMA-ZAIN-G-    (0)    1 :  0.003 0.672 0.006 0.014 0.004 0.003 0.004 0.247 0.039 0.003 0.004 
184 TMA-ZAIN-G-    (0)    1 :  0.019 0.786 0.008 0.014 0.028 0.006 0.019 0.028 0.061 0.020 0.010 
185 TMA-ZAIN-G-    (0)    1 :  0.026 0.877 0.005 0.008 0.012 0.008 0.013 0.004 0.009 0.023 0.017 
186 TMA-ZAIN-G-    (9)    1 :  0.005 0.935 0.006 0.011 0.004 0.005 0.005 0.005 0.011 0.004 0.009 
187 TMA-ZAIN-G-    (0)    1 :  0.004 0.871 0.013 0.044 0.004 0.003 0.004 0.023 0.025 0.003 0.005 
188 TMA-ZAIN-G-    (0)    1 :  0.003 0.910 0.015 0.035 0.003 0.002 0.003 0.008 0.014 0.004 0.004 
189 TMA-ZAIN-G-    (0)    1 :  0.002 0.949 0.011 0.007 0.003 0.003 0.003 0.009 0.007 0.003 0.003 
190 TMA-ZAIN-G-    (0)    1 :  0.003 0.768 0.024 0.078 0.003 0.004 0.004 0.083 0.022 0.005 0.007 
191 TMA-ZAIN-G-    (0)    1 :  0.021 0.889 0.005 0.018 0.012 0.009 0.015 0.005 0.008 0.009 0.008 
192 TMA-ZAIN-G-    (0)    1 :  0.004 0.899 0.004 0.012 0.004 0.024 0.014 0.023 0.007 0.004 0.005 
193 TMA-ZAIN-G-    (0)    1 :  0.003 0.004 0.003 0.003 0.002 0.002 0.004 0.967 0.003 0.004 0.003 
194 TMA-ZAIN-G-    (0)    1 :  0.006 0.041 0.010 0.007 0.002 0.008 0.005 0.888 0.005 0.014 0.014 
195 TMA-ZAIN-G-    (0)    1 :  0.002 0.080 0.034 0.041 0.003 0.003 0.005 0.800 0.016 0.006 0.010 
196 TMA-ZAIN-G-    (0)    1 :  0.002 0.010 0.010 0.005 0.003 0.003 0.004 0.947 0.006 0.006 0.004 
197 TMA-ZAIN-G-    (0)    1 :  0.003 0.010 0.009 0.008 0.003 0.002 0.007 0.942 0.007 0.005 0.004 
198 TMA-ZAIN-G-    (0)    1 :  0.003 0.012 0.007 0.010 0.003 0.004 0.004 0.942 0.009 0.004 0.003 
199 TMA-ZAIN-G-    (0)    1 :  0.004 0.943 0.005 0.008 0.003 0.004 0.004 0.007 0.010 0.006 0.006 
200 TMA-ZAIN-G-    (0)    1 :  0.049 0.005 0.006 0.006 0.030 0.795 0.008 0.053 0.004 0.011 0.033 
201 TMA-ZAIN-G-    (0)    1 :  0.057 0.011 0.023 0.019 0.011 0.807 0.012 0.008 0.015 0.009 0.028 
202 TMA-ZAIN-G-    (0)    1 :  0.004 0.005 0.002 0.003 0.007 0.954 0.003 0.012 0.004 0.002 0.005 
203 TMA-ZAIN-G-    (0)    1 :  0.003 0.051 0.004 0.015 0.025 0.002 0.005 0.858 0.028 0.006 0.005 
204 TMA-ZAIN-G-    (9)    1 :  0.021 0.004 0.005 0.006 0.015 0.775 0.120 0.005 0.003 0.019 0.026 
205 TMA-ZAIN-G-    (0)    1 :  0.005 0.008 0.006 0.019 0.007 0.838 0.012 0.009 0.072 0.008 0.017 
206 TMA-ZAIN-G-    (9)    1 :  0.016 0.018 0.007 0.017 0.029 0.617 0.214 0.022 0.018 0.020 0.022 
207 TMA-ZAIN-G-    (9)    1 :  0.013 0.028 0.065 0.029 0.012 0.004 0.079 0.010 0.639 0.078 0.043 
208 TMA-ZAIN-G-    (0)    1 :  0.003 0.024 0.045 0.178 0.003 0.004 0.002 0.004 0.729 0.005 0.005 
209 TMA-ZAIN-G-    (0)    1 :  0.003 0.377 0.017 0.157 0.003 0.003 0.009 0.253 0.115 0.059 0.003 
210 TMA-ZAIN-G-    (0)    1 :  0.003 0.211 0.113 0.136 0.004 0.003 0.015 0.403 0.093 0.014 0.006 
211 TMA-ZAIN-G-    (0)    1 :  0.017 0.589 0.026 0.115 0.011 0.025 0.010 0.102 0.066 0.013 0.024 
212 TMA-ZAIN-G-    (0)    1 :  0.004 0.562 0.018 0.027 0.003 0.008 0.025 0.022 0.316 0.008 0.006 
213 TMA-ZAIN-G-    (0)    1 :  0.004 0.569 0.007 0.081 0.004 0.004 0.005 0.031 0.283 0.008 0.005 
214 TMA-ZAIN-G-    (0)    1 :  0.003 0.660 0.046 0.104 0.003 0.003 0.005 0.027 0.136 0.009 0.004 
215 TMA-ZAIN-G-    (0)    1 :  0.008 0.349 0.006 0.332 0.004 0.015 0.003 0.006 0.078 0.003 0.196 
216 TMA-ZAIN-G-    (0)    1 :  0.004 0.919 0.005 0.014 0.003 0.005 0.005 0.010 0.024 0.007 0.005 
217 TMA-ZAIN-G-    (0)    1 :  0.003 0.396 0.122 0.276 0.004 0.003 0.007 0.102 0.076 0.009 0.004 
218 TMA-ZAIN-G-    (0)    1 :  0.004 0.008 0.012 0.007 0.005 0.004 0.005 0.004 0.005 0.005 0.942 
219 TMA-ZAIN-G-    (0)    1 :  0.005 0.006 0.003 0.004 0.005 0.021 0.017 0.004 0.004 0.007 0.924 
220 TMA-ZAIN-G-    (0)    1 :  0.006 0.007 0.012 0.010 0.059 0.003 0.011 0.007 0.034 0.007 0.845 
221 TMA-ZAIN-G-    (0)    1 :  0.006 0.024 0.007 0.010 0.004 0.054 0.014 0.007 0.011 0.005 0.857 
222 TMA-ZAIN-G-    (0)    1 :  0.007 0.008 0.013 0.009 0.034 0.010 0.026 0.005 0.015 0.014 0.858 
223 TMA-ZAIN-G-    (0)    1 :  0.008 0.004 0.003 0.004 0.007 0.008 0.012 0.003 0.004 0.004 0.943 
224 TMA-ZAIN-G-    (0)    1 :  0.017 0.015 0.004 0.006 0.012 0.008 0.117 0.008 0.004 0.007 0.800 
225 TMA-ZAIN-G-    (0)    1 :  0.007 0.005 0.002 0.004 0.011 0.010 0.006 0.011 0.004 0.004 0.937 
226 TMA-ZAIN-G-    (0)    1 :  0.010 0.007 0.005 0.008 0.015 0.008 0.009 0.018 0.007 0.005 0.909 
227 TMA-ZAIN-G-    (0)    1 :  0.007 0.008 0.004 0.009 0.013 0.048 0.007 0.020 0.009 0.004 0.871 
228 TMA-ZAIN-G-    (0)    1 :  0.023 0.008 0.008 0.024 0.018 0.005 0.017 0.007 0.014 0.006 0.869 
229 TMA-ZAIN-G-    (0)    1 :  0.034 0.003 0.010 0.005 0.027 0.021 0.009 0.003 0.003 0.006 0.880 
230 TMA-ZAIN-G-    (0)    1 :  0.016 0.046 0.019 0.060 0.044 0.003 0.370 0.016 0.008 0.016 0.402 
231 TMA-ZAIN-G-    (0)    1 :  0.538 0.013 0.015 0.043 0.092 0.024 0.083 0.013 0.049 0.031 0.100 
232 TMA-ZAIN-G-    (9)    1 :  0.596 0.036 0.072 0.021 0.148 0.018 0.020 0.013 0.013 0.016 0.046 
233 TMA-ZAIN-G-    (0)    1 :  0.008 0.010 0.043 0.024 0.006 0.036 0.028 0.009 0.009 0.012 0.816 
234 TMA-ZAIN-G-    (0)    1 :  0.033 0.004 0.006 0.006 0.278 0.055 0.007 0.011 0.011 0.027 0.561 
235 TMA-ZAIN-G-    (0)    1 :  0.020 0.032 0.005 0.041 0.170 0.014 0.032 0.025 0.014 0.008 0.638 
236 TMA-ZAIN-G-    (0)    1 :  0.019 0.011 0.007 0.015 0.096 0.074 0.100 0.030 0.011 0.005 0.632 
237 TMA-ZAIN-G-    (0)    1 :  0.015 0.021 0.014 0.197 0.262 0.006 0.200 0.012 0.022 0.007 0.243 
238 TMA-ZAIN-G-    (0)    1 :  0.017 0.023 0.004 0.030 0.050 0.047 0.008 0.008 0.030 0.004 0.779 
239 TMA-ZAIN-G-    (0)    1 :  0.021 0.020 0.008 0.004 0.020 0.681 0.100 0.078 0.004 0.051 0.011 
240 TMA-ZAIN-G-    (0)    1 :  0.004 0.003 0.002 0.003 0.003 0.968 0.005 0.003 0.002 0.004 0.003 
241 TMA-ZAIN-G-    (0)    1 :  0.003 0.003 0.003 0.004 0.003 0.967 0.004 0.003 0.003 0.003 0.003 
242 TMA-ZAIN-G-    (0)    1 :  0.004 0.003 0.003 0.003 0.003 0.971 0.002 0.002 0.003 0.003 0.003 
243 TMA-ZAIN-G-    (0)    1 :  0.003 0.003 0.003 0.005 0.003 0.968 0.003 0.003 0.004 0.003 0.003 
244 TMA-ZAIN-G-    (0)    1 :  0.003 0.003 0.004 0.005 0.003 0.965 0.002 0.003 0.005 0.003 0.003 
245 TMA-ZAIN-G-    (9)    1 :  0.005 0.003 0.002 0.003 0.003 0.971 0.003 0.002 0.003 0.003 0.003 
246 TMA-ZAIN-G-    (0)    1 :  0.003 0.002 0.002 0.002 0.002 0.973 0.003 0.003 0.002 0.003 0.003 
247 TMA-ZAIN-G-    (0)    1 :  0.003 0.003 0.003 0.002 0.002 0.975 0.003 0.002 0.003 0.002 0.003 
248 TMA-ZAIN-G-    (0)    1 :  0.004 0.003 0.003 0.004 0.003 0.965 0.003 0.005 0.003 0.003 0.004 
249 TMA-ZAIN-G-    (0)    1 :  0.004 0.003 0.002 0.003 0.003 0.971 0.003 0.004 0.002 0.003 0.003 
250 TMA-ZAIN-G-    (0)    1 :  0.003 0.003 0.003 0.002 0.002 0.972 0.003 0.003 0.002 0.002 0.003 
251 TMA-ZAIN-G-    (0)    1 :  0.004 0.004 0.004 0.003 0.005 0.002 0.009 0.005 0.004 0.954 0.005 
252 TMA-ZAIN-G-    (0)    1 :  0.003 0.007 0.025 0.036 0.003 0.004 0.004 0.004 0.026 0.881 0.006 
253 TMA-ZAIN-G-    (0)    1 :  0.003 0.004 0.005 0.004 0.005 0.005 0.004 0.004 0.009 0.954 0.003 
254 TMA-ZAIN-G-    (9)    1 :  0.003 0.008 0.009 0.008 0.006 0.004 0.006 0.005 0.022 0.925 0.004 
255 TMA-ZAIN-G-    (0)    1 :  0.023 0.004 0.006 0.004 0.010 0.004 0.004 0.004 0.006 0.932 0.003 
256 TMA-ZAIN-G-    (0)    1 :  0.007 0.008 0.005 0.007 0.007 0.016 0.022 0.024 0.008 0.891 0.005 
257 TMA-ZAIN-G-    (0)    1 :  0.004 0.004 0.003 0.003 0.004 0.005 0.013 0.012 0.003 0.945 0.004 
258 TMA-ZAIN-G-    (0)    1 :  0.003 0.003 0.004 0.003 0.003 0.004 0.005 0.004 0.003 0.964 0.003 
259 TMA-ZAIN-G-    (0)    1 :  0.005 0.004 0.005 0.003 0.004 0.006 0.022 0.006 0.003 0.937 0.005 
260 TMA-ZAIN-G-    (0)    1 :  0.005 0.004 0.008 0.004 0.003 0.005 0.015 0.006 0.003 0.942 0.004 
261 TMA-ZAIN-G-   (18)    1 :  0.005 0.007 0.009 0.005 0.005 0.003 0.021 0.009 0.006 0.923 0.007 
262 TMA-ZAIN-G-    (0)    1 :  0.003 0.003 0.003 0.003 0.004 0.003 0.008 0.006 0.003 0.959 0.004 
263 TMA-ZAIN-G-    (0)    1 :  0.004 0.003 0.003 0.003 0.005 0.003 0.008 0.004 0.004 0.959 0.004 
264 TMA-ZAIN-G-    (0)    1 :  0.004 0.003 0.003 0.004 0.006 0.003 0.007 0.005 0.005 0.955 0.004 
265 TMA-ZAIN-G-    (0)    1 :  0.006 0.029 0.021 0.027 0.015 0.020 0.450 0.012 0.026 0.164 0.230 
266 TMA-ZAIN-G-    (0)    1 :  0.013 0.117 0.023 0.019 0.013 0.007 0.020 0.060 0.042 0.659 0.025 
267 TMA-ZAIN-G-    (0)    1 :  0.392 0.012 0.024 0.025 0.017 0.026 0.268 0.007 0.011 0.171 0.047 
268 TMA-ZAIN-G-    (0)    1 :  0.963 0.003 0.003 0.003 0.008 0.003 0.005 0.003 0.003 0.003 0.004 
269 TMA-ZAIN-G-    (0)    1 :  0.944 0.003 0.003 0.004 0.014 0.003 0.012 0.003 0.004 0.004 0.007 
270 TMA-ZAIN-G-    (0)    1 :  0.930 0.004 0.003 0.004 0.009 0.004 0.028 0.003 0.004 0.004 0.007 
271 TMA-ZAIN-G-    (0)    1 :  0.954 0.003 0.003 0.004 0.008 0.004 0.009 0.002 0.004 0.004 0.005 
272 TMA-ZAIN-G-    (0)    1 :  0.948 0.003 0.002 0.004 0.008 0.004 0.011 0.003 0.004 0.003 0.009 
273 TMA-ZAIN-G-    (0)    1 :  0.957 0.003 0.002 0.003 0.008 0.006 0.006 0.003 0.002 0.003 0.007 
274 TMA-ZAIN-G-    (0)    1 :  0.908 0.012 0.007 0.009 0.010 0.006 0.007 0.020 0.005 0.007 0.011 
275 TMA-ZAIN-G-    (0)    1 :  0.969 0.003 0.002 0.003 0.004 0.004 0.003 0.003 0.003 0.002 0.004 
276 TMA-ZAIN-G-    (0)    1 :  0.958 0.003 0.004 0.005 0.007 0.005 0.004 0.003 0.004 0.003 0.004 
277 TMA-ZAIN-G-    (0)    1 :  0.932 0.004 0.005 0.006 0.008 0.020 0.004 0.005 0.005 0.006 0.006 
278 TMA-ZAIN-G-    (0)    1 :  0.956 0.003 0.003 0.003 0.004 0.010 0.007 0.003 0.002 0.004 0.005 
279 TMA-ZAIN-G-    (0)    1 :  0.959 0.004 0.002 0.003 0.006 0.005 0.004 0.004 0.003 0.003 0.008 
280 TMA-ZAIN-G-    (0)    1 :  0.927 0.006 0.002 0.004 0.022 0.007 0.005 0.006 0.004 0.003 0.014 
281 TMA-ZAIN-G-    (0)    1 :  0.940 0.004 0.003 0.004 0.015 0.008 0.006 0.005 0.003 0.004 0.008 
282 TMA-ZAIN-G-    (9)    1 :  0.957 0.003 0.002 0.003 0.007 0.008 0.005 0.003 0.003 0.004 0.006 
283 TMA-ZAIN-G-    (0)    1 :  0.700 0.010 0.006 0.010 0.039 0.010 0.028 0.004 0.016 0.131 0.046 
284 TMA-ZAIN-G-    (0)    1 :  0.587 0.015 0.005 0.010 0.077 0.009 0.049 0.005 0.020 0.129 0.094 
285 TMA-ZAIN-G-    (0)    1 :  0.817 0.017 0.016 0.018 0.023 0.018 0.007 0.008 0.013 0.043 0.019 
286 TMA-ZAIN-G-    (0)    1 :  0.953 0.003 0.002 0.003 0.008 0.007 0.008 0.003 0.003 0.005 0.006 
287 TMA-ZAIN-G-    (0)    1 :  0.942 0.006 0.006 0.006 0.008 0.007 0.006 0.007 0.003 0.005 0.005 
288 TMA-ZAIN-G-    (0)    1 :  0.827 0.027 0.008 0.016 0.021 0.004 0.008 0.039 0.009 0.010 0.031 
289 TMA-ZAIN-G-    (0)    1 :  0.921 0.008 0.008 0.008 0.009 0.006 0.007 0.013 0.005 0.006 0.008 
290 TMA-ZAIN-G-    (0)    1 :  0.830 0.011 0.003 0.006 0.093 0.004 0.007 0.009 0.010 0.007 0.021 
291 TMA-ZAIN-G-    (0)    1 :  0.013 0.005 0.003 0.004 0.009 0.009 0.010 0.005 0.004 0.007 0.930 
292 TMA-ZAIN-G-    (0)    1 :  0.011 0.105 0.006 0.649 0.009 0.013 0.009 0.025 0.155 0.004 0.015 
293 TMA-ZAIN-G-    (0)    1 :  0.004 0.086 0.027 0.241 0.004 0.025 0.063 0.026 0.499 0.012 0.012 
294 TMA-ZAIN-G-    (0)    1 :  0.004 0.012 0.011 0.862 0.003 0.005 0.012 0.005 0.078 0.004 0.004 
295 TMA-ZAIN-G-    (9)    1 :  0.007 0.017 0.014 0.813 0.003 0.007 0.016 0.006 0.101 0.006 0.009 
296 TMA-ZAIN-G-    (0)    1 :  0.007 0.059 0.006 0.314 0.013 0.005 0.046 0.054 0.477 0.008 0.012 
297 TMA-ZAIN-G-    (0)    1 :  0.007 0.076 0.026 0.098 0.005 0.005 0.022 0.115 0.615 0.022 0.009 
298 TMA-ZAIN-G-    (0)    1 :  0.012 0.011 0.009 0.729 0.008 0.005 0.143 0.004 0.055 0.014 0.009 
299 TMA-ZAIN-G-    (0)    1 :  0.004 0.006 0.007 0.947 0.004 0.006 0.003 0.004 0.011 0.003 0.004 
300 TMA-ZAIN-G-    (0)    1 :  0.005 0.030 0.034 0.873 0.003 0.007 0.009 0.007 0.021 0.005 0.007 
301 TMA-ZAIN-G-    (0)    1 :  0.004 0.075 0.034 0.761 0.005 0.014 0.015 0.032 0.049 0.005 0.008 
302 TMA-ZAIN-G-    (9)    1 :  0.004 0.068 0.007 0.697 0.004 0.003 0.015 0.015 0.177 0.005 0.005 
303 TMA-ZAIN-G-    (0)    1 :  0.010 0.030 0.002 0.004 0.015 0.004 0.009 0.108 0.004 0.031 0.783 
304 TMA-ZAIN-G-    (0)    2 :  0.008 0.121 0.140 0.019 0.015 0.009 0.013 0.036 0.110 0.520 0.010 
305 TMA-ZAIN-G-    (0)    2 :  0.004 0.063 0.022 0.343 0.004 0.005 0.020 0.012 0.515 0.007 0.006 
306 TMA-ZAIN-G-    (0)    2 :  0.031 0.049 0.017 0.153 0.084 0.013 0.007 0.023 0.224 0.389 0.010 
307 TMA-ZAIN-G-    (0)    2 :  0.010 0.136 0.311 0.015 0.011 0.014 0.013 0.014 0.109 0.360 0.006 
308 TMA-ZAIN-G-    (0)    2 :  0.017 0.007 0.014 0.004 0.032 0.019 0.014 0.015 0.005 0.727 0.146 
309 TMA-ZAIN-G-    (0)    2 :  0.003 0.916 0.008 0.019 0.003 0.003 0.005 0.022 0.014 0.003 0.004 
310 TMA-ZAIN-G-    (0)    2 :  0.016 0.070 0.009 0.698 0.006 0.010 0.051 0.004 0.112 0.011 0.013 
311 TMA-ZAIN-G-    (0)    2 :  0.014 0.098 0.008 0.165 0.034 0.002 0.099 0.017 0.509 0.031 0.023 
312 TMA-ZAIN-G-    (0)    2 :  0.006 0.831 0.009 0.048 0.005 0.004 0.006 0.017 0.044 0.010 0.020 
313 TMA-ZAIN-G-    (0)    2 :  0.007 0.081 0.037 0.160 0.011 0.003 0.028 0.021 0.087 0.558 0.006 
314 TMA-ZAIN-G-    (0)    2 :  0.384 0.035 0.008 0.009 0.295 0.003 0.023 0.018 0.010 0.015 0.200 
315 TMA-ZAIN-G-    (0)    2 :  0.340 0.057 0.032 0.398 0.006 0.012 0.041 0.007 0.073 0.015 0.020 
316 TMA-ZAIN-G-    (0)    2 :  0.372 0.060 0.034 0.324 0.008 0.009 0.028 0.006 0.094 0.017 0.047 
317 TMA-ZAIN-G-    (0)    2 :  0.036 0.005 0.003 0.016 0.039 0.008 0.010 0.007 0.005 0.013 0.858 
318 TMA-ZAIN-G-    (9)    2 :  0.370 0.006 0.011 0.016 0.310 0.071 0.049 0.012 0.005 0.038 0.111 
319 TMA-ZAIN-G-    (0)    3 :  0.170 0.008 0.003 0.005 0.019 0.013 0.026 0.482 0.004 0.006 0.263 
320 TMA-ZAIN-G-    (0)    3 :  0.005 0.038 0.015 0.440 0.006 0.016 0.012 0.011 0.062 0.004 0.390 
321 TMA-ZAIN-G-    (0)    4 :  0.138 0.482 0.021 0.069 0.049 0.009 0.021 0.007 0.111 0.009 0.084 
322 TMA-ZAIN-G-    (0)    4 :  0.008 0.148 0.037 0.083 0.072 0.005 0.022 0.007 0.178 0.047 0.393 
323 TMA-ZAIN-G-    (0)    5 :  0.007 0.028 0.019 0.006 0.006 0.025 0.007 0.056 0.008 0.013 0.826 
324 TMA-ZAIN-G-    (0)    5 :  0.004 0.018 0.011 0.008 0.006 0.005 0.019 0.032 0.877 0.013 0.008 
325 TMA-ZAIN-G-    (0)    5 :  0.006 0.012 0.005 0.008 0.004 0.134 0.012 0.005 0.009 0.005 0.800 
326 TMA-ZAIN-G-    (0)    5 :  0.003 0.018 0.005 0.006 0.002 0.005 0.005 0.346 0.013 0.020 0.577 
327 TMA-ZAIN-G-    (0)    5 :  0.003 0.048 0.028 0.009 0.003 0.003 0.008 0.876 0.007 0.011 0.005 
328 TMA-ZAIN-G-    (0)    5 :  0.113 0.062 0.246 0.010 0.249 0.016 0.019 0.090 0.024 0.016 0.155 
329 TMA-ZAIN-G-    (0)    5 :  0.004 0.323 0.110 0.354 0.005 0.009 0.075 0.050 0.043 0.016 0.010 
330 TMA-ZAIN-G-    (0)    6 :  0.003 0.763 0.052 0.071 0.004 0.002 0.013 0.023 0.028 0.032 0.009 
331 TMA-ZAIN-G-    (0)    6 :  0.008 0.542 0.005 0.076 0.009 0.013 0.297 0.007 0.014 0.015 0.013 
332 TMA-ZAIN-G-    (0)    6 :  0.002 0.665 0.011 0.011 0.003 0.003 0.004 0.265 0.027 0.005 0.004 
333 TMA-ZAIN-G-    (0)    6 :  0.002 0.014 0.003 0.004 0.003 0.002 0.004 0.957 0.003 0.004 0.004 
334 TMA-ZAIN-G-    (0)    6 :  0.952 0.003 0.002 0.003 0.007 0.007 0.009 0.003 0.003 0.005 0.007 
335 TMA-ZAIN-G-    (0)    6 :  0.961 0.003 0.004 0.004 0.003 0.005 0.007 0.003 0.003 0.003 0.004 
336 TMA-ZAIN-G-    (0)    6 :  0.901 0.005 0.004 0.007 0.005 0.008 0.046 0.004 0.005 0.006 0.009 
337 TMA-ZAIN-G-    (9)    6 :  0.946 0.004 0.003 0.005 0.013 0.005 0.007 0.003 0.004 0.004 0.007 
338 TMA-ZAIN-G-    (0)    6 :  0.959 0.003 0.003 0.003 0.009 0.003 0.005 0.003 0.003 0.004 0.005 
339 TMA-ZAIN-G-    (0)    6 :  0.967 0.002 0.002 0.002 0.007 0.006 0.003 0.002 0.002 0.003 0.004 
