

----------------------------------------------------
STRUCTURE by Pritchard, Stephens and Donnelly (2000)
     and Falush, Stephens and Pritchard (2003)
       Code by Pritchard, Falush and Hubisz
             Version 2.3.4 (Jul 2012)
----------------------------------------------------



Command line arguments:   bin\structure -m C:\Users\eschumacher\Documents\GitHub\GCC_QUAC_ZAIN\Data_Files\Structure_Files\ZAIN\ZAIN_rebinned_allpop_str\50-50\mainparams -e C:\Users\eschumacher\Documents\GitHub\GCC_QUAC_ZAIN\Data_Files\Structure_Files\ZAIN\ZAIN_rebinned_allpop_str\50-50\extraparams 
Input File:    C:\Users\eschumacher\Documents\GitHub\GCC_QUAC_ZAIN\Data_Files\Structure_Files\ZAIN\ZAIN_rebinned_allpop_str\project_data

Run parameters:
   1133 individuals
   11 loci
   14 populations assumed
   50000 Burn-in period
   50000 Reps


--------------------------------------------
Proportion of membership of each pre-defined
 population in each of the 14 clusters

Given    Inferred Clusters                                                                                    Number of
 Pop       1      2      3      4      5      6      7      8      9     10     11     12     13     14      Individuals

  1:     0.116  0.038  0.085  0.053  0.028  0.089  0.105  0.098  0.050  0.124  0.032  0.085  0.069  0.028      303
  2:     0.156  0.041  0.098  0.038  0.026  0.096  0.057  0.178  0.016  0.140  0.074  0.034  0.012  0.033       15
  3:     0.065  0.011  0.149  0.010  0.008  0.052  0.030  0.006  0.227  0.018  0.031  0.369  0.012  0.012        2
  4:     0.139  0.022  0.027  0.015  0.036  0.024  0.092  0.030  0.007  0.184  0.151  0.047  0.006  0.220        2
  5:     0.047  0.043  0.076  0.007  0.033  0.014  0.093  0.016  0.205  0.070  0.033  0.330  0.015  0.019        7
  6:     0.023  0.008  0.017  0.007  0.006  0.656  0.009  0.013  0.099  0.130  0.008  0.010  0.007  0.007       13
  7:     0.004  0.003  0.004  0.008  0.009  0.926  0.004  0.004  0.004  0.005  0.008  0.009  0.007  0.006       13
  8:     0.063  0.064  0.051  0.008  0.012  0.007  0.508  0.013  0.056  0.151  0.009  0.018  0.022  0.019        7
  9:     0.317  0.020  0.067  0.045  0.007  0.013  0.092  0.011  0.046  0.293  0.047  0.013  0.005  0.024       11
 10:     0.054  0.021  0.109  0.029  0.054  0.008  0.393  0.026  0.023  0.068  0.045  0.096  0.010  0.065        9
 11:     0.007  0.004  0.006  0.881  0.011  0.013  0.008  0.006  0.004  0.005  0.015  0.010  0.021  0.009       35
 12:     0.353  0.026  0.205  0.006  0.006  0.004  0.211  0.024  0.014  0.124  0.009  0.006  0.004  0.008       36
 13:     0.516  0.034  0.169  0.004  0.006  0.004  0.146  0.010  0.020  0.058  0.007  0.006  0.006  0.014       33
 14:     0.012  0.009  0.007  0.006  0.010  0.014  0.007  0.893  0.009  0.007  0.008  0.005  0.007  0.007       40
 15:     0.008  0.006  0.007  0.004  0.004  0.003  0.006  0.006  0.913  0.026  0.003  0.004  0.003  0.006       39
 16:     0.022  0.013  0.017  0.045  0.020  0.034  0.023  0.016  0.012  0.016  0.665  0.050  0.014  0.055       40
 17:     0.014  0.016  0.012  0.024  0.057  0.037  0.009  0.028  0.010  0.010  0.105  0.575  0.052  0.051       37
 18:     0.188  0.020  0.054  0.005  0.006  0.003  0.631  0.006  0.011  0.059  0.005  0.004  0.003  0.006       40
 19:     0.007  0.003  0.004  0.784  0.089  0.022  0.005  0.036  0.013  0.006  0.011  0.008  0.004  0.008       28
 20:     0.023  0.009  0.017  0.009  0.007  0.064  0.010  0.766  0.009  0.013  0.011  0.023  0.015  0.024       14
 21:     0.015  0.006  0.010  0.010  0.013  0.015  0.010  0.009  0.028  0.013  0.010  0.028  0.816  0.017       13
 22:     0.012  0.008  0.010  0.004  0.008  0.003  0.013  0.015  0.024  0.885  0.004  0.004  0.002  0.007       14
 23:     0.122  0.022  0.778  0.003  0.006  0.003  0.018  0.006  0.007  0.017  0.004  0.004  0.004  0.006       25
 24:     0.013  0.906  0.011  0.005  0.006  0.005  0.011  0.007  0.006  0.008  0.006  0.005  0.005  0.006       40
 25:     0.029  0.008  0.017  0.025  0.015  0.009  0.026  0.733  0.020  0.054  0.031  0.011  0.009  0.014       32
 26:     0.003  0.003  0.003  0.003  0.003  0.004  0.003  0.003  0.003  0.003  0.003  0.004  0.961  0.003       20
 27:     0.008  0.005  0.008  0.498  0.019  0.032  0.016  0.008  0.005  0.009  0.204  0.038  0.003  0.146        4
 28:     0.017  0.009  0.013  0.194  0.319  0.058  0.071  0.009  0.005  0.010  0.271  0.008  0.004  0.012       23
 29:     0.005  0.004  0.004  0.012  0.916  0.012  0.005  0.006  0.004  0.004  0.009  0.007  0.004  0.007       39
 30:     0.005  0.004  0.005  0.011  0.010  0.923  0.005  0.005  0.004  0.004  0.006  0.006  0.006  0.005       38
 31:     0.079  0.050  0.025  0.004  0.004  0.004  0.030  0.008  0.160  0.607  0.005  0.006  0.005  0.012       45
 32:     0.238  0.023  0.119  0.005  0.005  0.004  0.109  0.017  0.155  0.290  0.006  0.010  0.011  0.008       28
 33:     0.009  0.005  0.005  0.429  0.433  0.006  0.006  0.006  0.007  0.005  0.052  0.021  0.011  0.006        6
 34:     0.007  0.012  0.006  0.014  0.018  0.010  0.006  0.006  0.009  0.011  0.015  0.018  0.004  0.862       40
 35:     0.010  0.010  0.008  0.017  0.012  0.031  0.006  0.011  0.009  0.019  0.059  0.743  0.041  0.023       42
--------------------------------------------

Allele-freq. divergence among pops (Net nucleotide distance),
computed using point estimates of P.

      1       2       3       4       5       6       7       8       9      10      11      12      13      14      
 1      -    0.1283  0.0453  0.2560  0.2768  0.2953  0.0440  0.1907  0.2160  0.0589  0.1457  0.1854  0.3674  0.1579  
 2   0.1283     -    0.1151  0.3738  0.3929  0.3754  0.1463  0.1979  0.2751  0.1356  0.2084  0.2841  0.4753  0.1877  
 3   0.0453  0.1151     -    0.2672  0.2961  0.3032  0.0783  0.1913  0.2321  0.1018  0.1494  0.1889  0.3845  0.1963  
 4   0.2560  0.3738  0.2672     -    0.1010  0.1464  0.2655  0.1941  0.2990  0.2624  0.0847  0.1380  0.3158  0.2308  
 5   0.2768  0.3929  0.2961  0.1010     -    0.1615  0.2894  0.1752  0.3004  0.2714  0.1034  0.1255  0.3769  0.2002  
 6   0.2953  0.3754  0.3032  0.1464  0.1615     -    0.3589  0.2381  0.3597  0.3012  0.1273  0.1301  0.2067  0.2227  
 7   0.0440  0.1463  0.0783  0.2655  0.2894  0.3589     -    0.2264  0.2768  0.0799  0.1510  0.2383  0.4498  0.2059  
 8   0.1907  0.1979  0.1913  0.1941  0.1752  0.2381  0.2264     -    0.1697  0.1551  0.1001  0.1346  0.3350  0.1589  
 9   0.2160  0.2751  0.2321  0.2990  0.3004  0.3597  0.2768  0.1697     -    0.1304  0.2251  0.1825  0.4554  0.2266  
10   0.0589  0.1356  0.1018  0.2624  0.2714  0.3012  0.0799  0.1551  0.1304     -    0.1342  0.1536  0.3893  0.1271  
11   0.1457  0.2084  0.1494  0.0847  0.1034  0.1273  0.1510  0.1001  0.2251  0.1342     -    0.0638  0.2637  0.1148  
12   0.1854  0.2841  0.1889  0.1380  0.1255  0.1301  0.2383  0.1346  0.1825  0.1536  0.0638     -    0.2103  0.1090  
13   0.3674  0.4753  0.3845  0.3158  0.3769  0.2067  0.4498  0.3350  0.4554  0.3893  0.2637  0.2103     -    0.3887  
14   0.1579  0.1877  0.1963  0.2308  0.2002  0.2227  0.2059  0.1589  0.2266  0.1271  0.1148  0.1090  0.3887     -    

Average distances (expected heterozygosity) between individuals in same cluster:
cluster  1  : 0.3788 
cluster  2  : 0.3497 
cluster  3  : 0.3994 
cluster  4  : 0.4797 
cluster  5  : 0.3160 
cluster  6  : 0.3781 
cluster  7  : 0.3466 
cluster  8  : 0.4166 
cluster  9  : 0.2544 
cluster 10  : 0.4317 
cluster 11  : 0.6153 
cluster 12  : 0.5172 
cluster 13  : 0.2398 
cluster 14  : 0.3804 

--------------------------------------------
Estimated Ln Prob of Data   = -20216.1
Mean value of ln likelihood = -19370.5
Variance of ln likelihood   = 1691.3
Mean value of alpha         = 0.0331

Mean value of Fst_1         = 0.3552
Mean value of Fst_2         = 0.4630
Mean value of Fst_3         = 0.3722
Mean value of Fst_4         = 0.4364
Mean value of Fst_5         = 0.5188
Mean value of Fst_6         = 0.5596
Mean value of Fst_7         = 0.4058
Mean value of Fst_8         = 0.4330
Mean value of Fst_9         = 0.5903
Mean value of Fst_10         = 0.3722
Mean value of Fst_11         = 0.1397
Mean value of Fst_12         = 0.1690
Mean value of Fst_13         = 0.6583
Mean value of Fst_14         = 0.4209


Inferred ancestry of individuals:
        Label (%Miss) Pop:  Inferred clusters
  1 TMA-ZAIN-G-    (9)    1 :  0.010 0.009 0.009 0.442 0.033 0.012 0.016 0.010 0.059 0.025 0.324 0.029 0.003 0.018 
  2 TMA-ZAIN-G-    (0)    1 :  0.008 0.004 0.085 0.306 0.015 0.007 0.008 0.013 0.006 0.005 0.529 0.006 0.003 0.004 
  3 TMA-ZAIN-G-    (0)    1 :  0.097 0.115 0.035 0.007 0.007 0.003 0.416 0.011 0.038 0.218 0.007 0.005 0.003 0.038 
  4 TMA-ZAIN-G-    (0)    1 :  0.126 0.044 0.031 0.017 0.010 0.017 0.138 0.510 0.024 0.029 0.018 0.016 0.004 0.015 
  5 TMA-ZAIN-G-    (0)    1 :  0.003 0.003 0.002 0.934 0.009 0.007 0.003 0.005 0.002 0.002 0.019 0.003 0.004 0.004 
  6 TMA-ZAIN-G-    (0)    1 :  0.064 0.060 0.021 0.038 0.022 0.014 0.068 0.025 0.015 0.088 0.046 0.022 0.018 0.499 
  7 TMA-ZAIN-G-    (0)    1 :  0.653 0.007 0.038 0.009 0.015 0.006 0.053 0.020 0.041 0.110 0.010 0.011 0.004 0.021 
  8 TMA-ZAIN-G-    (0)    1 :  0.024 0.020 0.025 0.006 0.006 0.003 0.038 0.019 0.006 0.832 0.007 0.003 0.002 0.009 
  9 TMA-ZAIN-G-    (9)    1 :  0.495 0.026 0.174 0.007 0.005 0.005 0.094 0.005 0.007 0.113 0.016 0.005 0.004 0.043 
 10 TMA-ZAIN-G-    (0)    1 :  0.507 0.031 0.099 0.003 0.003 0.004 0.060 0.009 0.013 0.209 0.005 0.005 0.004 0.048 
 11 TMA-ZAIN-G-    (0)    1 :  0.822 0.004 0.012 0.004 0.005 0.004 0.007 0.005 0.008 0.107 0.006 0.006 0.004 0.006 
 12 TMA-ZAIN-G-    (0)    1 :  0.054 0.004 0.008 0.006 0.004 0.003 0.848 0.005 0.022 0.024 0.006 0.005 0.003 0.007 
 13 TMA-ZAIN-G-    (9)    1 :  0.206 0.019 0.214 0.028 0.025 0.071 0.041 0.019 0.128 0.178 0.021 0.025 0.016 0.010 
 14 TMA-ZAIN-G-    (9)    1 :  0.021 0.007 0.019 0.003 0.003 0.008 0.007 0.007 0.835 0.042 0.005 0.009 0.020 0.013 
 15 TMA-ZAIN-G-    (0)    1 :  0.006 0.008 0.007 0.003 0.003 0.002 0.012 0.005 0.807 0.103 0.029 0.007 0.003 0.006 
 16 TMA-ZAIN-G-    (0)    1 :  0.543 0.005 0.017 0.003 0.004 0.004 0.377 0.004 0.006 0.016 0.004 0.005 0.005 0.007 
 17 TMA-ZAIN-G-    (9)    1 :  0.007 0.006 0.006 0.010 0.006 0.021 0.030 0.027 0.022 0.787 0.023 0.022 0.003 0.028 
 18 TMA-ZAIN-G-    (0)    1 :  0.004 0.005 0.004 0.023 0.397 0.009 0.009 0.037 0.007 0.006 0.420 0.061 0.004 0.013 
 19 TMA-ZAIN-G-    (0)    1 :  0.021 0.005 0.010 0.012 0.021 0.011 0.029 0.005 0.012 0.036 0.014 0.596 0.011 0.217 
 20 TMA-ZAIN-G-    (0)    1 :  0.004 0.005 0.005 0.031 0.045 0.074 0.004 0.029 0.003 0.003 0.046 0.724 0.023 0.007 
 21 TMA-ZAIN-G-    (0)    1 :  0.003 0.003 0.002 0.003 0.003 0.005 0.002 0.003 0.002 0.002 0.003 0.003 0.964 0.003 
 22 TMA-ZAIN-G-    (0)    1 :  0.002 0.002 0.002 0.010 0.015 0.937 0.002 0.004 0.003 0.002 0.004 0.006 0.004 0.005 
 23 TMA-ZAIN-G-    (0)    1 :  0.004 0.003 0.004 0.005 0.009 0.926 0.004 0.004 0.005 0.005 0.007 0.012 0.004 0.007 
 24 TMA-ZAIN-G-    (9)    1 :  0.014 0.112 0.163 0.005 0.006 0.638 0.008 0.005 0.020 0.009 0.006 0.003 0.008 0.003 
 25 TMA-ZAIN-G-    (9)    1 :  0.006 0.004 0.076 0.091 0.008 0.008 0.010 0.003 0.004 0.004 0.510 0.265 0.006 0.005 
 26 TMA-ZAIN-G-    (9)    1 :  0.035 0.010 0.182 0.006 0.006 0.008 0.050 0.416 0.026 0.126 0.044 0.009 0.079 0.004 
 27 TMA-ZAIN-G-    (0)    1 :  0.016 0.010 0.006 0.076 0.013 0.016 0.005 0.017 0.072 0.016 0.399 0.056 0.029 0.269 
 28 TMA-ZAIN-G-    (0)    1 :  0.005 0.004 0.004 0.005 0.012 0.004 0.004 0.004 0.006 0.005 0.004 0.009 0.003 0.932 
 29 TMA-ZAIN-G-    (0)    1 :  0.004 0.714 0.005 0.003 0.003 0.004 0.004 0.012 0.005 0.005 0.005 0.226 0.004 0.005 
 30 TMA-ZAIN-G-    (0)    1 :  0.063 0.035 0.127 0.004 0.004 0.004 0.060 0.005 0.068 0.075 0.007 0.021 0.004 0.524 
 31 TMA-ZAIN-G-    (0)    1 :  0.007 0.006 0.009 0.772 0.029 0.012 0.004 0.058 0.007 0.004 0.067 0.011 0.010 0.005 
 32 TMA-ZAIN-G-    (9)    1 :  0.017 0.004 0.029 0.030 0.266 0.029 0.139 0.005 0.012 0.018 0.421 0.020 0.007 0.004 
 33 TMA-ZAIN-G-   (18)    1 :  0.076 0.017 0.067 0.004 0.005 0.003 0.460 0.004 0.008 0.325 0.016 0.004 0.003 0.008 
 34 TMA-ZAIN-G-    (0)    1 :  0.108 0.006 0.063 0.041 0.074 0.016 0.569 0.006 0.008 0.019 0.065 0.010 0.011 0.005 
 35 TMA-ZAIN-G-    (9)    1 :  0.090 0.085 0.161 0.006 0.021 0.004 0.350 0.010 0.042 0.117 0.068 0.011 0.003 0.031 
 36 TMA-ZAIN-G-    (0)    1 :  0.030 0.009 0.474 0.004 0.005 0.003 0.037 0.014 0.155 0.248 0.007 0.005 0.002 0.007 
 37 TMA-ZAIN-G-    (9)    1 :  0.137 0.019 0.134 0.008 0.007 0.006 0.302 0.017 0.007 0.139 0.162 0.007 0.011 0.043 
 38 TMA-ZAIN-G-   (18)    1 :  0.020 0.006 0.032 0.426 0.013 0.012 0.045 0.006 0.040 0.020 0.342 0.027 0.005 0.005 
 39 TMA-ZAIN-G-    (0)    1 :  0.035 0.012 0.824 0.003 0.003 0.003 0.059 0.008 0.003 0.028 0.005 0.004 0.006 0.008 
 40 TMA-ZAIN-G-    (0)    1 :  0.035 0.006 0.260 0.003 0.003 0.003 0.329 0.006 0.005 0.326 0.005 0.005 0.009 0.005 
 41 TMA-ZAIN-G-    (0)    1 :  0.009 0.007 0.253 0.003 0.002 0.002 0.021 0.004 0.047 0.634 0.006 0.003 0.004 0.005 
 42 TMA-ZAIN-G-    (9)    1 :  0.005 0.005 0.010 0.003 0.003 0.002 0.008 0.007 0.082 0.862 0.005 0.004 0.002 0.003 
 43 TMA-ZAIN-G-    (0)    1 :  0.004 0.008 0.005 0.002 0.003 0.002 0.003 0.004 0.947 0.009 0.003 0.003 0.002 0.004 
 44 TMA-ZAIN-G-    (0)    1 :  0.099 0.013 0.048 0.005 0.004 0.006 0.012 0.004 0.005 0.010 0.006 0.012 0.772 0.003 
 45 TMA-ZAIN-G-    (0)    1 :  0.713 0.005 0.014 0.005 0.004 0.004 0.095 0.008 0.013 0.106 0.010 0.007 0.009 0.008 
 46 TMA-ZAIN-G-    (0)    1 :  0.003 0.002 0.003 0.004 0.004 0.006 0.002 0.004 0.003 0.002 0.004 0.004 0.956 0.002 
 47 TMA-ZAIN-G-    (0)    1 :  0.003 0.004 0.003 0.003 0.004 0.003 0.005 0.951 0.003 0.004 0.005 0.003 0.003 0.004 
 48 TMA-ZAIN-G-    (0)    1 :  0.148 0.017 0.020 0.006 0.008 0.020 0.021 0.399 0.045 0.219 0.011 0.010 0.012 0.064 
 49 TMA-ZAIN-G-    (9)    1 :  0.018 0.044 0.006 0.005 0.026 0.007 0.034 0.010 0.004 0.007 0.013 0.811 0.003 0.012 
 50 TMA-ZAIN-G-    (0)    1 :  0.006 0.003 0.022 0.016 0.004 0.005 0.009 0.003 0.008 0.062 0.017 0.810 0.005 0.028 
 51 TMA-ZAIN-G-    (0)    1 :  0.014 0.007 0.007 0.007 0.006 0.005 0.004 0.015 0.048 0.016 0.007 0.833 0.010 0.020 
 52 TMA-ZAIN-G-    (0)    1 :  0.008 0.003 0.005 0.006 0.006 0.009 0.009 0.046 0.012 0.007 0.006 0.851 0.008 0.024 
 53 TMA-ZAIN-G-    (0)    1 :  0.016 0.005 0.013 0.176 0.009 0.008 0.004 0.097 0.033 0.011 0.021 0.594 0.004 0.010 
 54 TMA-ZAIN-G-    (0)    1 :  0.007 0.004 0.005 0.003 0.008 0.006 0.007 0.900 0.013 0.013 0.009 0.009 0.004 0.011 
 55 TMA-ZAIN-G-    (0)    1 :  0.010 0.003 0.005 0.003 0.008 0.009 0.009 0.797 0.026 0.049 0.018 0.025 0.006 0.030 
 56 TMA-ZAIN-G-    (0)    1 :  0.067 0.032 0.044 0.017 0.004 0.013 0.025 0.317 0.034 0.200 0.018 0.066 0.004 0.158 
 57 TMA-ZAIN-G-    (0)    1 :  0.009 0.008 0.010 0.009 0.006 0.004 0.024 0.880 0.005 0.005 0.013 0.020 0.003 0.005 
 58 TMA-ZAIN-G-    (0)    1 :  0.009 0.007 0.004 0.011 0.086 0.117 0.013 0.030 0.012 0.022 0.432 0.132 0.007 0.116 
 59 TMA-ZAIN-G-    (0)    1 :  0.141 0.014 0.032 0.436 0.030 0.027 0.025 0.029 0.013 0.044 0.150 0.014 0.017 0.027 
 60 TMA-ZAIN-G-    (0)    1 :  0.025 0.006 0.007 0.216 0.133 0.011 0.007 0.023 0.131 0.019 0.183 0.133 0.012 0.095 
 61 TMA-ZAIN-G-    (0)    1 :  0.004 0.003 0.003 0.882 0.014 0.020 0.003 0.019 0.004 0.003 0.014 0.009 0.014 0.007 
 62 TMA-ZAIN-G-    (9)    1 :  0.019 0.006 0.013 0.744 0.008 0.011 0.023 0.008 0.004 0.015 0.081 0.016 0.018 0.034 
 63 TMA-ZAIN-G-    (0)    1 :  0.008 0.003 0.004 0.564 0.139 0.017 0.010 0.018 0.011 0.010 0.182 0.018 0.004 0.011 
 64 TMA-ZAIN-G-    (0)    1 :  0.007 0.951 0.008 0.002 0.002 0.002 0.004 0.003 0.005 0.005 0.002 0.002 0.002 0.003 
 65 TMA-ZAIN-G-    (9)    1 :  0.009 0.922 0.006 0.003 0.004 0.002 0.020 0.006 0.005 0.008 0.004 0.003 0.002 0.006 
 66 TMA-ZAIN-G-    (0)    1 :  0.025 0.908 0.015 0.003 0.003 0.003 0.013 0.004 0.005 0.010 0.003 0.003 0.003 0.005 
 67 TMA-ZAIN-G-    (0)    1 :  0.039 0.744 0.109 0.004 0.003 0.010 0.024 0.005 0.003 0.010 0.008 0.010 0.018 0.014 
 68 TMA-ZAIN-G-    (0)    1 :  0.005 0.952 0.004 0.002 0.003 0.002 0.005 0.004 0.006 0.007 0.002 0.002 0.002 0.004 
 69 TMA-ZAIN-G-    (0)    1 :  0.045 0.732 0.028 0.011 0.031 0.021 0.034 0.010 0.015 0.006 0.011 0.024 0.025 0.006 
 70 TMA-ZAIN-G-    (0)    1 :  0.044 0.016 0.892 0.003 0.003 0.004 0.008 0.003 0.005 0.005 0.004 0.004 0.004 0.005 
 71 TMA-ZAIN-G-    (0)    1 :  0.014 0.004 0.940 0.003 0.003 0.003 0.009 0.003 0.003 0.005 0.003 0.003 0.004 0.003 
 72 TMA-ZAIN-G-    (0)    1 :  0.013 0.014 0.914 0.003 0.004 0.004 0.008 0.006 0.006 0.009 0.005 0.004 0.003 0.008 
 73 TMA-ZAIN-G-    (0)    1 :  0.006 0.005 0.861 0.013 0.011 0.016 0.008 0.008 0.003 0.005 0.027 0.010 0.019 0.006 
 74 TMA-ZAIN-G-    (0)    1 :  0.009 0.005 0.916 0.006 0.004 0.005 0.011 0.004 0.004 0.006 0.014 0.007 0.006 0.004 
 75 TMA-ZAIN-G-    (0)    1 :  0.009 0.005 0.932 0.004 0.005 0.003 0.008 0.007 0.005 0.006 0.005 0.004 0.002 0.005 
 76 TMA-ZAIN-G-    (0)    1 :  0.016 0.005 0.900 0.005 0.003 0.010 0.007 0.003 0.003 0.004 0.006 0.010 0.023 0.004 
 77 TMA-ZAIN-G-    (0)    1 :  0.007 0.005 0.937 0.002 0.003 0.004 0.005 0.005 0.006 0.007 0.004 0.005 0.006 0.006 
 78 TMA-ZAIN-G-    (0)    1 :  0.015 0.004 0.896 0.005 0.005 0.009 0.007 0.008 0.005 0.006 0.007 0.013 0.012 0.008 
 79 TMA-ZAIN-G-    (0)    1 :  0.011 0.003 0.922 0.003 0.004 0.004 0.005 0.006 0.006 0.006 0.004 0.007 0.013 0.005 
 80 TMA-ZAIN-G-    (0)    1 :  0.025 0.024 0.817 0.003 0.003 0.003 0.076 0.009 0.004 0.015 0.005 0.004 0.007 0.007 
 81 TMA-ZAIN-G-    (0)    1 :  0.028 0.005 0.897 0.003 0.004 0.004 0.011 0.006 0.008 0.009 0.004 0.007 0.007 0.008 
 82 TMA-ZAIN-G-    (0)    1 :  0.451 0.177 0.206 0.004 0.010 0.003 0.097 0.015 0.006 0.009 0.007 0.005 0.002 0.008 
 83 TMA-ZAIN-G-    (9)    1 :  0.096 0.046 0.026 0.025 0.039 0.024 0.636 0.013 0.006 0.018 0.027 0.010 0.018 0.018 
 84 TMA-ZAIN-G-    (0)    1 :  0.023 0.005 0.889 0.003 0.003 0.006 0.011 0.004 0.005 0.008 0.005 0.008 0.023 0.006 
 85 TMA-ZAIN-G-    (0)    1 :  0.019 0.008 0.009 0.039 0.009 0.225 0.012 0.370 0.012 0.014 0.051 0.090 0.004 0.137 
 86 TMA-ZAIN-G-    (0)    1 :  0.052 0.010 0.019 0.013 0.005 0.071 0.021 0.683 0.004 0.020 0.017 0.027 0.015 0.041 
 87 TMA-ZAIN-G-    (0)    1 :  0.013 0.005 0.013 0.015 0.014 0.635 0.010 0.192 0.005 0.008 0.017 0.043 0.007 0.022 
 88 TMA-ZAIN-G-    (0)    1 :  0.068 0.046 0.058 0.208 0.015 0.009 0.102 0.409 0.022 0.015 0.021 0.009 0.010 0.010 
 89 TMA-ZAIN-G-    (0)    1 :  0.032 0.017 0.044 0.041 0.007 0.013 0.033 0.737 0.029 0.011 0.008 0.007 0.016 0.004 
 90 TMA-ZAIN-G-    (0)    1 :  0.011 0.007 0.006 0.006 0.009 0.009 0.011 0.870 0.005 0.007 0.009 0.022 0.007 0.022 
 91 TMA-ZAIN-G-    (0)    1 :  0.016 0.009 0.009 0.070 0.004 0.007 0.007 0.796 0.012 0.011 0.016 0.010 0.006 0.026 
 92 TMA-ZAIN-G-    (0)    1 :  0.011 0.004 0.006 0.005 0.010 0.012 0.005 0.844 0.010 0.008 0.007 0.029 0.025 0.025 
 93 TMA-ZAIN-G-    (0)    1 :  0.006 0.005 0.005 0.028 0.007 0.009 0.004 0.800 0.013 0.005 0.012 0.011 0.009 0.086 
 94 TMA-ZAIN-G-    (0)    1 :  0.005 0.003 0.005 0.089 0.011 0.010 0.004 0.802 0.006 0.004 0.014 0.014 0.009 0.024 
 95 TMA-ZAIN-G-    (0)    1 :  0.006 0.006 0.009 0.004 0.016 0.008 0.005 0.004 0.014 0.011 0.007 0.018 0.003 0.889 
 96 TMA-ZAIN-G-    (0)    1 :  0.005 0.004 0.004 0.007 0.005 0.008 0.016 0.005 0.028 0.049 0.020 0.077 0.006 0.768 
 97 TMA-ZAIN-G-    (0)    1 :  0.007 0.007 0.019 0.559 0.263 0.006 0.004 0.014 0.007 0.005 0.067 0.031 0.007 0.005 
 98 TMA-ZAIN-G-    (0)    1 :  0.008 0.004 0.027 0.668 0.239 0.004 0.003 0.013 0.006 0.004 0.011 0.005 0.004 0.003 
 99 TMA-ZAIN-G-    (0)    1 :  0.199 0.010 0.017 0.611 0.049 0.006 0.021 0.004 0.006 0.042 0.011 0.006 0.012 0.007 
100 TMA-ZAIN-G-    (0)    1 :  0.005 0.006 0.005 0.741 0.012 0.006 0.003 0.020 0.005 0.003 0.121 0.035 0.035 0.006 
101 TMA-ZAIN-G-    (0)    1 :  0.036 0.005 0.006 0.541 0.099 0.005 0.006 0.007 0.006 0.005 0.261 0.013 0.006 0.005 
102 TMA-ZAIN-G-    (0)    1 :  0.015 0.010 0.011 0.008 0.448 0.331 0.028 0.009 0.017 0.019 0.055 0.030 0.009 0.011 
103 TMA-ZAIN-G-    (0)    1 :  0.011 0.005 0.008 0.011 0.808 0.057 0.011 0.007 0.005 0.009 0.017 0.032 0.004 0.015 
104 TMA-ZAIN-G-    (0)    1 :  0.002 0.002 0.003 0.006 0.951 0.007 0.003 0.003 0.003 0.003 0.005 0.005 0.004 0.003 
105 TMA-ZAIN-G-    (0)    1 :  0.013 0.006 0.008 0.010 0.854 0.025 0.014 0.008 0.005 0.010 0.012 0.015 0.003 0.018 
106 TMA-ZAIN-G-    (0)    1 :  0.113 0.049 0.167 0.003 0.004 0.003 0.064 0.006 0.108 0.466 0.004 0.004 0.003 0.007 
107 TMA-ZAIN-G-    (0)    1 :  0.292 0.013 0.216 0.004 0.005 0.003 0.407 0.006 0.013 0.021 0.008 0.005 0.003 0.006 
108 TMA-ZAIN-G-    (9)    1 :  0.114 0.008 0.076 0.192 0.013 0.017 0.083 0.015 0.037 0.064 0.341 0.021 0.011 0.007 
109 TMA-ZAIN-G-    (0)    1 :  0.026 0.129 0.009 0.194 0.018 0.005 0.160 0.039 0.028 0.198 0.167 0.006 0.004 0.018 
110 TMA-ZAIN-G-    (0)    1 :  0.283 0.007 0.032 0.042 0.033 0.063 0.157 0.017 0.016 0.127 0.040 0.068 0.088 0.029 
111 TMA-ZAIN-G-    (9)    1 :  0.026 0.010 0.033 0.102 0.078 0.082 0.160 0.019 0.004 0.009 0.411 0.035 0.018 0.012 
112 TMA-ZAIN-G-    (0)    1 :  0.093 0.025 0.026 0.071 0.181 0.031 0.080 0.018 0.040 0.223 0.140 0.043 0.011 0.017 
113 TMA-ZAIN-G-    (0)    1 :  0.013 0.009 0.017 0.791 0.011 0.011 0.011 0.018 0.005 0.005 0.096 0.004 0.005 0.003 
114 TMA-ZAIN-G-    (0)    1 :  0.003 0.002 0.002 0.943 0.005 0.008 0.003 0.004 0.002 0.003 0.010 0.004 0.008 0.003 
115 TMA-ZAIN-G-    (0)    1 :  0.003 0.003 0.003 0.923 0.007 0.006 0.004 0.004 0.003 0.003 0.030 0.004 0.004 0.003 
116 TMA-ZAIN-G-    (0)    1 :  0.022 0.010 0.013 0.004 0.007 0.003 0.895 0.010 0.006 0.008 0.006 0.004 0.002 0.008 
117 TMA-ZAIN-G-    (0)    1 :  0.098 0.264 0.150 0.007 0.012 0.004 0.079 0.055 0.076 0.155 0.011 0.009 0.003 0.077 
118 TMA-ZAIN-G-    (0)    1 :  0.016 0.032 0.014 0.005 0.007 0.003 0.833 0.009 0.026 0.019 0.005 0.006 0.003 0.019 
119 TMA-ZAIN-G-    (0)    1 :  0.026 0.022 0.038 0.015 0.016 0.013 0.779 0.009 0.006 0.008 0.026 0.015 0.012 0.015 
120 TMA-ZAIN-G-    (0)    1 :  0.028 0.026 0.029 0.007 0.015 0.004 0.693 0.014 0.081 0.027 0.006 0.013 0.004 0.052 
121 TMA-ZAIN-G-    (0)    1 :  0.103 0.191 0.046 0.010 0.018 0.004 0.414 0.018 0.024 0.069 0.012 0.008 0.003 0.080 
122 TMA-ZAIN-G-    (0)    1 :  0.265 0.037 0.105 0.006 0.005 0.005 0.180 0.027 0.010 0.103 0.015 0.006 0.009 0.227 
123 TMA-ZAIN-G-    (0)    1 :  0.006 0.004 0.005 0.892 0.017 0.016 0.004 0.007 0.010 0.005 0.011 0.012 0.004 0.006 
124 TMA-ZAIN-G-    (0)    1 :  0.009 0.004 0.005 0.004 0.005 0.003 0.008 0.004 0.007 0.931 0.004 0.005 0.002 0.008 
125 TMA-ZAIN-G-    (0)    1 :  0.007 0.033 0.007 0.002 0.003 0.002 0.006 0.055 0.022 0.848 0.005 0.004 0.002 0.005 
126 TMA-ZAIN-G-    (0)    1 :  0.009 0.005 0.005 0.004 0.004 0.003 0.018 0.009 0.033 0.897 0.004 0.004 0.002 0.005 
127 TMA-ZAIN-G-    (0)    1 :  0.008 0.005 0.004 0.003 0.003 0.002 0.008 0.004 0.009 0.940 0.003 0.003 0.003 0.004 
128 TMA-ZAIN-G-    (0)    1 :  0.016 0.020 0.006 0.004 0.005 0.003 0.012 0.006 0.007 0.890 0.004 0.003 0.002 0.021 
129 TMA-ZAIN-G-    (0)    1 :  0.010 0.006 0.006 0.005 0.006 0.003 0.009 0.006 0.013 0.919 0.004 0.004 0.002 0.006 
130 TMA-ZAIN-G-    (0)    1 :  0.007 0.008 0.007 0.006 0.008 0.003 0.022 0.034 0.049 0.836 0.006 0.005 0.002 0.007 
131 TMA-ZAIN-G-    (0)    1 :  0.007 0.004 0.004 0.004 0.005 0.003 0.008 0.004 0.012 0.929 0.004 0.005 0.002 0.009 
132 TMA-ZAIN-G-    (0)    1 :  0.034 0.044 0.012 0.003 0.004 0.003 0.019 0.026 0.012 0.818 0.004 0.003 0.002 0.014 
133 TMA-ZAIN-G-    (0)    1 :  0.020 0.094 0.108 0.003 0.003 0.006 0.059 0.037 0.155 0.449 0.006 0.019 0.022 0.018 
134 TMA-ZAIN-G-    (0)    1 :  0.016 0.072 0.072 0.004 0.003 0.004 0.104 0.037 0.313 0.343 0.004 0.009 0.013 0.005 
135 TMA-ZAIN-G-    (0)    1 :  0.102 0.031 0.106 0.005 0.004 0.004 0.528 0.021 0.023 0.153 0.004 0.005 0.011 0.003 
136 TMA-ZAIN-G-    (0)    1 :  0.114 0.605 0.042 0.008 0.004 0.004 0.112 0.015 0.007 0.061 0.007 0.004 0.006 0.010 
137 TMA-ZAIN-G-    (0)    1 :  0.014 0.005 0.038 0.006 0.004 0.004 0.872 0.008 0.005 0.018 0.004 0.007 0.013 0.004 
138 TMA-ZAIN-G-    (0)    1 :  0.136 0.015 0.011 0.004 0.003 0.002 0.310 0.017 0.030 0.459 0.004 0.003 0.002 0.004 
139 TMA-ZAIN-G-    (0)    1 :  0.051 0.016 0.040 0.005 0.003 0.003 0.540 0.085 0.026 0.214 0.004 0.004 0.007 0.003 
140 TMA-ZAIN-G-    (0)    1 :  0.628 0.008 0.043 0.003 0.003 0.004 0.221 0.004 0.006 0.056 0.004 0.004 0.004 0.012 
141 TMA-ZAIN-G-    (0)    1 :  0.677 0.006 0.109 0.005 0.006 0.004 0.106 0.006 0.022 0.040 0.005 0.005 0.003 0.008 
142 TMA-ZAIN-G-    (9)    1 :  0.578 0.011 0.039 0.003 0.004 0.003 0.312 0.004 0.006 0.023 0.004 0.004 0.003 0.007 
143 TMA-ZAIN-G-    (0)    1 :  0.430 0.013 0.022 0.004 0.005 0.003 0.353 0.005 0.010 0.129 0.004 0.004 0.003 0.015 
144 TMA-ZAIN-G-    (0)    1 :  0.202 0.006 0.010 0.003 0.004 0.006 0.507 0.033 0.013 0.148 0.008 0.012 0.008 0.040 
145 TMA-ZAIN-G-    (0)    1 :  0.108 0.312 0.086 0.002 0.003 0.002 0.411 0.015 0.007 0.035 0.006 0.003 0.002 0.007 
146 TMA-ZAIN-G-    (0)    1 :  0.937 0.004 0.019 0.003 0.003 0.003 0.008 0.003 0.005 0.005 0.003 0.003 0.003 0.003 
147 TMA-ZAIN-G-    (9)    1 :  0.937 0.007 0.012 0.003 0.003 0.003 0.008 0.004 0.005 0.006 0.003 0.003 0.003 0.004 
148 TMA-ZAIN-G-    (0)    1 :  0.863 0.004 0.010 0.002 0.003 0.003 0.006 0.018 0.050 0.028 0.003 0.004 0.003 0.003 
149 TMA-ZAIN-G-    (0)    1 :  0.765 0.005 0.013 0.015 0.026 0.018 0.013 0.045 0.024 0.039 0.011 0.009 0.005 0.012 
150 TMA-ZAIN-G-    (0)    1 :  0.708 0.067 0.014 0.013 0.033 0.015 0.035 0.049 0.015 0.016 0.009 0.007 0.004 0.016 
151 TMA-ZAIN-G-    (0)    1 :  0.012 0.007 0.006 0.003 0.003 0.002 0.884 0.004 0.020 0.045 0.005 0.003 0.003 0.004 
152 TMA-ZAIN-G-    (0)    1 :  0.012 0.005 0.004 0.004 0.003 0.002 0.928 0.004 0.013 0.010 0.005 0.003 0.003 0.004 
153 TMA-ZAIN-G-    (0)    1 :  0.107 0.013 0.015 0.003 0.004 0.003 0.715 0.012 0.030 0.086 0.003 0.003 0.003 0.005 
154 TMA-ZAIN-G-    (0)    1 :  0.009 0.004 0.005 0.003 0.003 0.002 0.948 0.004 0.004 0.007 0.003 0.003 0.002 0.003 
155 TMA-ZAIN-G-    (0)    1 :  0.029 0.007 0.010 0.004 0.004 0.003 0.909 0.003 0.006 0.011 0.003 0.004 0.002 0.004 
156 TMA-ZAIN-G-    (9)    1 :  0.073 0.003 0.005 0.006 0.005 0.002 0.762 0.009 0.063 0.056 0.005 0.004 0.003 0.003 
157 TMA-ZAIN-G-    (0)    1 :  0.243 0.006 0.011 0.004 0.005 0.003 0.532 0.006 0.105 0.072 0.003 0.004 0.003 0.004 
158 TMA-ZAIN-G-    (0)    1 :  0.245 0.005 0.033 0.003 0.003 0.003 0.668 0.004 0.004 0.011 0.006 0.006 0.003 0.006 
159 TMA-ZAIN-G-    (0)    1 :  0.183 0.014 0.264 0.004 0.005 0.002 0.496 0.005 0.005 0.009 0.005 0.004 0.002 0.003 
160 TMA-ZAIN-G-    (0)    1 :  0.055 0.019 0.145 0.004 0.005 0.002 0.738 0.007 0.005 0.006 0.005 0.003 0.002 0.003 
161 TMA-ZAIN-G-    (0)    1 :  0.158 0.008 0.023 0.003 0.004 0.003 0.590 0.025 0.028 0.140 0.004 0.006 0.003 0.006 
162 TMA-ZAIN-G-    (0)    1 :  0.008 0.005 0.006 0.012 0.017 0.014 0.888 0.009 0.003 0.008 0.012 0.005 0.005 0.007 
163 TMA-ZAIN-G-    (0)    1 :  0.010 0.004 0.005 0.002 0.003 0.002 0.952 0.003 0.003 0.005 0.003 0.003 0.002 0.003 
164 TMA-ZAIN-G-    (0)    1 :  0.081 0.007 0.008 0.004 0.005 0.004 0.849 0.009 0.004 0.007 0.006 0.004 0.005 0.007 
165 TMA-ZAIN-G-    (0)    1 :  0.066 0.006 0.009 0.003 0.004 0.003 0.882 0.003 0.003 0.008 0.004 0.003 0.002 0.004 
166 TMA-ZAIN-G-    (0)    1 :  0.357 0.012 0.059 0.003 0.003 0.002 0.479 0.010 0.006 0.053 0.006 0.003 0.003 0.004 
167 TMA-ZAIN-G-    (0)    1 :  0.622 0.005 0.272 0.005 0.005 0.005 0.033 0.005 0.007 0.018 0.005 0.006 0.004 0.008 
168 TMA-ZAIN-G-    (0)    1 :  0.652 0.011 0.257 0.006 0.005 0.003 0.009 0.005 0.026 0.008 0.005 0.005 0.003 0.005 
169 TMA-ZAIN-G-    (0)    1 :  0.581 0.073 0.293 0.003 0.003 0.003 0.016 0.005 0.005 0.006 0.003 0.003 0.002 0.003 
170 TMA-ZAIN-G-    (0)    1 :  0.580 0.020 0.087 0.023 0.009 0.009 0.048 0.004 0.061 0.082 0.020 0.039 0.013 0.007 
171 TMA-ZAIN-G-    (0)    1 :  0.603 0.016 0.337 0.003 0.003 0.003 0.011 0.004 0.004 0.005 0.003 0.003 0.003 0.003 
172 TMA-ZAIN-G-    (0)    1 :  0.449 0.006 0.026 0.003 0.003 0.003 0.020 0.004 0.026 0.440 0.004 0.006 0.004 0.005 
173 TMA-ZAIN-G-    (0)    1 :  0.217 0.006 0.030 0.003 0.003 0.003 0.016 0.005 0.021 0.672 0.005 0.007 0.004 0.009 
174 TMA-ZAIN-G-    (0)    1 :  0.283 0.061 0.053 0.003 0.003 0.002 0.064 0.008 0.005 0.500 0.005 0.003 0.003 0.006 
175 TMA-ZAIN-G-    (0)    1 :  0.606 0.007 0.339 0.003 0.004 0.003 0.013 0.004 0.004 0.005 0.003 0.003 0.003 0.003 
176 TMA-ZAIN-G-    (0)    1 :  0.812 0.005 0.134 0.003 0.003 0.003 0.013 0.003 0.005 0.006 0.003 0.003 0.003 0.004 
177 TMA-ZAIN-G-    (0)    1 :  0.929 0.003 0.015 0.003 0.003 0.003 0.010 0.003 0.011 0.007 0.003 0.004 0.003 0.003 
178 TMA-ZAIN-G-    (0)    1 :  0.783 0.003 0.019 0.005 0.004 0.003 0.019 0.004 0.039 0.097 0.005 0.007 0.005 0.007 
179 TMA-ZAIN-G-    (0)    1 :  0.905 0.006 0.018 0.003 0.003 0.002 0.011 0.004 0.015 0.020 0.004 0.003 0.003 0.004 
180 TMA-ZAIN-G-    (0)    1 :  0.065 0.066 0.006 0.004 0.004 0.006 0.023 0.018 0.020 0.750 0.005 0.006 0.009 0.018 
181 TMA-ZAIN-G-    (0)    1 :  0.019 0.006 0.017 0.005 0.004 0.003 0.072 0.004 0.189 0.667 0.004 0.004 0.003 0.003 
182 TMA-ZAIN-G-    (0)    1 :  0.042 0.003 0.006 0.007 0.006 0.003 0.036 0.005 0.139 0.737 0.004 0.005 0.003 0.005 
183 TMA-ZAIN-G-    (0)    1 :  0.022 0.005 0.012 0.005 0.004 0.003 0.036 0.003 0.208 0.685 0.005 0.004 0.003 0.004 
184 TMA-ZAIN-G-    (0)    1 :  0.021 0.007 0.013 0.024 0.022 0.017 0.049 0.016 0.033 0.755 0.018 0.008 0.005 0.011 
185 TMA-ZAIN-G-    (0)    1 :  0.013 0.005 0.007 0.010 0.011 0.024 0.010 0.017 0.004 0.836 0.014 0.010 0.008 0.031 
186 TMA-ZAIN-G-    (9)    1 :  0.011 0.005 0.012 0.003 0.004 0.005 0.010 0.004 0.005 0.913 0.005 0.007 0.005 0.012 
187 TMA-ZAIN-G-    (0)    1 :  0.016 0.017 0.058 0.004 0.003 0.004 0.035 0.003 0.019 0.825 0.004 0.005 0.003 0.005 
188 TMA-ZAIN-G-    (0)    1 :  0.007 0.019 0.068 0.003 0.003 0.003 0.029 0.003 0.007 0.843 0.005 0.004 0.002 0.004 
189 TMA-ZAIN-G-    (0)    1 :  0.006 0.009 0.005 0.002 0.002 0.002 0.006 0.003 0.007 0.944 0.003 0.003 0.003 0.004 
190 TMA-ZAIN-G-    (0)    1 :  0.130 0.025 0.073 0.003 0.003 0.003 0.012 0.005 0.106 0.615 0.006 0.008 0.004 0.008 
191 TMA-ZAIN-G-    (0)    1 :  0.012 0.004 0.012 0.010 0.011 0.019 0.007 0.009 0.005 0.874 0.012 0.007 0.009 0.009 
192 TMA-ZAIN-G-    (0)    1 :  0.006 0.004 0.019 0.005 0.003 0.005 0.010 0.006 0.021 0.879 0.003 0.009 0.028 0.003 
193 TMA-ZAIN-G-    (0)    1 :  0.003 0.004 0.003 0.002 0.003 0.002 0.003 0.004 0.960 0.005 0.003 0.003 0.002 0.003 
194 TMA-ZAIN-G-    (0)    1 :  0.008 0.011 0.007 0.002 0.003 0.005 0.004 0.010 0.845 0.058 0.005 0.012 0.008 0.022 
195 TMA-ZAIN-G-    (0)    1 :  0.040 0.035 0.032 0.002 0.003 0.002 0.007 0.006 0.805 0.046 0.004 0.011 0.002 0.005 
196 TMA-ZAIN-G-    (0)    1 :  0.006 0.011 0.005 0.003 0.003 0.002 0.006 0.005 0.932 0.012 0.003 0.003 0.003 0.006 
197 TMA-ZAIN-G-    (0)    1 :  0.008 0.010 0.008 0.002 0.003 0.003 0.007 0.005 0.929 0.010 0.004 0.003 0.002 0.005 
198 TMA-ZAIN-G-    (0)    1 :  0.011 0.007 0.008 0.003 0.002 0.002 0.008 0.004 0.929 0.012 0.003 0.003 0.004 0.003 
199 TMA-ZAIN-G-    (0)    1 :  0.008 0.004 0.008 0.003 0.003 0.004 0.010 0.005 0.006 0.927 0.004 0.005 0.004 0.009 
200 TMA-ZAIN-G-    (0)    1 :  0.006 0.005 0.005 0.018 0.026 0.033 0.004 0.009 0.042 0.005 0.016 0.024 0.788 0.019 
201 TMA-ZAIN-G-    (0)    1 :  0.014 0.019 0.015 0.006 0.015 0.044 0.009 0.011 0.007 0.009 0.014 0.018 0.793 0.026 
202 TMA-ZAIN-G-    (0)    1 :  0.005 0.002 0.003 0.009 0.007 0.003 0.005 0.002 0.014 0.006 0.005 0.007 0.929 0.004 
203 TMA-ZAIN-G-    (0)    1 :  0.027 0.004 0.010 0.029 0.013 0.003 0.031 0.005 0.811 0.050 0.008 0.004 0.002 0.005 
204 TMA-ZAIN-G-    (9)    1 :  0.006 0.004 0.007 0.021 0.006 0.021 0.003 0.032 0.004 0.004 0.034 0.061 0.790 0.006 
205 TMA-ZAIN-G-    (0)    1 :  0.012 0.004 0.013 0.008 0.007 0.005 0.092 0.007 0.008 0.007 0.006 0.030 0.796 0.005 
206 TMA-ZAIN-G-    (9)    1 :  0.037 0.008 0.017 0.037 0.041 0.015 0.015 0.037 0.024 0.020 0.020 0.028 0.672 0.028 
207 TMA-ZAIN-G-    (9)    1 :  0.046 0.084 0.028 0.010 0.008 0.011 0.465 0.092 0.011 0.032 0.047 0.035 0.004 0.127 
208 TMA-ZAIN-G-    (0)    1 :  0.667 0.087 0.026 0.003 0.003 0.002 0.142 0.005 0.005 0.032 0.006 0.004 0.004 0.016 
209 TMA-ZAIN-G-    (0)    1 :  0.166 0.019 0.085 0.003 0.003 0.002 0.070 0.052 0.277 0.308 0.005 0.004 0.003 0.003 
210 TMA-ZAIN-G-    (0)    1 :  0.171 0.102 0.088 0.004 0.004 0.003 0.066 0.014 0.365 0.161 0.005 0.004 0.003 0.010 
211 TMA-ZAIN-G-    (0)    1 :  0.181 0.024 0.061 0.010 0.008 0.015 0.043 0.016 0.088 0.483 0.013 0.023 0.017 0.019 
212 TMA-ZAIN-G-    (0)    1 :  0.730 0.011 0.008 0.003 0.003 0.003 0.039 0.007 0.018 0.155 0.004 0.004 0.005 0.010 
213 TMA-ZAIN-G-    (0)    1 :  0.350 0.006 0.038 0.003 0.004 0.003 0.173 0.007 0.030 0.368 0.003 0.005 0.003 0.006 
214 TMA-ZAIN-G-    (0)    1 :  0.099 0.056 0.066 0.003 0.003 0.003 0.161 0.007 0.030 0.557 0.004 0.005 0.003 0.004 
215 TMA-ZAIN-G-    (0)    1 :  0.221 0.005 0.147 0.003 0.003 0.006 0.072 0.003 0.005 0.229 0.012 0.280 0.010 0.004 
216 TMA-ZAIN-G-    (0)    1 :  0.031 0.005 0.012 0.003 0.003 0.004 0.018 0.006 0.007 0.891 0.004 0.005 0.005 0.006 
217 TMA-ZAIN-G-    (0)    1 :  0.196 0.146 0.151 0.003 0.004 0.003 0.058 0.008 0.094 0.323 0.003 0.004 0.003 0.003 
218 TMA-ZAIN-G-    (0)    1 :  0.006 0.008 0.005 0.005 0.008 0.003 0.007 0.006 0.003 0.008 0.008 0.916 0.003 0.015 
219 TMA-ZAIN-G-    (0)    1 :  0.004 0.003 0.004 0.005 0.005 0.004 0.005 0.010 0.003 0.005 0.007 0.928 0.009 0.008 
220 TMA-ZAIN-G-    (0)    1 :  0.012 0.012 0.010 0.008 0.095 0.008 0.023 0.008 0.005 0.007 0.229 0.394 0.003 0.187 
221 TMA-ZAIN-G-    (0)    1 :  0.012 0.006 0.007 0.005 0.003 0.005 0.008 0.005 0.006 0.017 0.005 0.882 0.031 0.011 
222 TMA-ZAIN-G-    (0)    1 :  0.011 0.010 0.007 0.005 0.037 0.005 0.014 0.012 0.004 0.007 0.011 0.867 0.005 0.006 
223 TMA-ZAIN-G-    (0)    1 :  0.005 0.004 0.004 0.006 0.004 0.007 0.004 0.006 0.002 0.005 0.014 0.921 0.006 0.013 
224 TMA-ZAIN-G-    (0)    1 :  0.007 0.005 0.006 0.007 0.011 0.013 0.006 0.011 0.007 0.016 0.011 0.884 0.004 0.012 
225 TMA-ZAIN-G-    (0)    1 :  0.004 0.002 0.003 0.006 0.011 0.006 0.003 0.004 0.010 0.005 0.006 0.922 0.006 0.010 
226 TMA-ZAIN-G-    (0)    1 :  0.009 0.005 0.007 0.017 0.006 0.007 0.007 0.005 0.021 0.006 0.014 0.877 0.006 0.011 
227 TMA-ZAIN-G-    (0)    1 :  0.010 0.004 0.008 0.011 0.006 0.005 0.008 0.004 0.016 0.007 0.009 0.886 0.020 0.007 
228 TMA-ZAIN-G-    (0)    1 :  0.020 0.008 0.029 0.019 0.006 0.021 0.012 0.007 0.007 0.009 0.030 0.815 0.005 0.013 
229 TMA-ZAIN-G-    (0)    1 :  0.004 0.007 0.003 0.013 0.014 0.016 0.003 0.007 0.002 0.003 0.013 0.895 0.012 0.009 
230 TMA-ZAIN-G-    (0)    1 :  0.042 0.012 0.040 0.014 0.014 0.009 0.006 0.033 0.017 0.027 0.020 0.752 0.003 0.012 
231 TMA-ZAIN-G-    (0)    1 :  0.035 0.011 0.036 0.007 0.163 0.379 0.023 0.026 0.011 0.010 0.055 0.192 0.041 0.009 
232 TMA-ZAIN-G-    (9)    1 :  0.017 0.051 0.013 0.028 0.061 0.550 0.012 0.014 0.011 0.026 0.043 0.157 0.015 0.004 
233 TMA-ZAIN-G-    (0)    1 :  0.013 0.044 0.026 0.005 0.006 0.007 0.010 0.016 0.007 0.013 0.049 0.780 0.015 0.009 
234 TMA-ZAIN-G-    (0)    1 :  0.007 0.005 0.004 0.020 0.183 0.028 0.007 0.017 0.011 0.004 0.309 0.361 0.039 0.005 
235 TMA-ZAIN-G-    (0)    1 :  0.008 0.004 0.036 0.136 0.008 0.019 0.010 0.010 0.018 0.020 0.396 0.308 0.010 0.018 
236 TMA-ZAIN-G-    (0)    1 :  0.014 0.006 0.013 0.029 0.007 0.011 0.012 0.005 0.023 0.010 0.024 0.815 0.023 0.007 
237 TMA-ZAIN-G-    (0)    1 :  0.080 0.012 0.174 0.046 0.023 0.011 0.025 0.009 0.009 0.024 0.098 0.469 0.004 0.015 
238 TMA-ZAIN-G-    (0)    1 :  0.021 0.004 0.025 0.046 0.013 0.011 0.031 0.003 0.006 0.018 0.017 0.784 0.016 0.005 
239 TMA-ZAIN-G-    (0)    1 :  0.003 0.011 0.004 0.024 0.005 0.021 0.004 0.093 0.084 0.025 0.026 0.021 0.676 0.004 
240 TMA-ZAIN-G-    (0)    1 :  0.003 0.002 0.003 0.003 0.003 0.004 0.002 0.004 0.003 0.002 0.003 0.004 0.961 0.002 
241 TMA-ZAIN-G-    (0)    1 :  0.004 0.003 0.004 0.003 0.003 0.004 0.003 0.003 0.003 0.003 0.003 0.003 0.959 0.002 
242 TMA-ZAIN-G-    (0)    1 :  0.003 0.003 0.003 0.003 0.002 0.004 0.003 0.003 0.002 0.003 0.003 0.003 0.963 0.002 
243 TMA-ZAIN-G-    (0)    1 :  0.004 0.003 0.005 0.002 0.002 0.003 0.003 0.003 0.003 0.003 0.003 0.003 0.961 0.002 
244 TMA-ZAIN-G-    (0)    1 :  0.005 0.004 0.006 0.003 0.002 0.003 0.005 0.002 0.002 0.003 0.003 0.003 0.955 0.002 
245 TMA-ZAIN-G-    (9)    1 :  0.003 0.002 0.002 0.003 0.003 0.005 0.002 0.003 0.002 0.003 0.003 0.003 0.964 0.002 
246 TMA-ZAIN-G-    (0)    1 :  0.002 0.002 0.002 0.002 0.002 0.003 0.002 0.003 0.003 0.003 0.003 0.003 0.967 0.003 
247 TMA-ZAIN-G-    (0)    1 :  0.003 0.003 0.002 0.002 0.002 0.003 0.002 0.003 0.002 0.003 0.002 0.003 0.969 0.003 
248 TMA-ZAIN-G-    (0)    1 :  0.004 0.003 0.004 0.003 0.003 0.004 0.003 0.003 0.004 0.003 0.003 0.004 0.956 0.003 
249 TMA-ZAIN-G-    (0)    1 :  0.003 0.002 0.003 0.002 0.002 0.003 0.002 0.003 0.004 0.003 0.003 0.003 0.964 0.003 
250 TMA-ZAIN-G-    (0)    1 :  0.002 0.003 0.002 0.002 0.002 0.003 0.002 0.003 0.003 0.003 0.002 0.003 0.966 0.003 
251 TMA-ZAIN-G-    (0)    1 :  0.004 0.004 0.003 0.005 0.005 0.003 0.005 0.945 0.005 0.004 0.005 0.004 0.002 0.006 
252 TMA-ZAIN-G-    (0)    1 :  0.043 0.029 0.027 0.003 0.004 0.002 0.012 0.851 0.005 0.005 0.005 0.007 0.003 0.003 
253 TMA-ZAIN-G-    (0)    1 :  0.005 0.005 0.004 0.003 0.008 0.002 0.011 0.939 0.005 0.004 0.003 0.003 0.004 0.003 
254 TMA-ZAIN-G-    (9)    1 :  0.015 0.013 0.008 0.005 0.015 0.003 0.032 0.874 0.005 0.009 0.008 0.004 0.003 0.007 
255 TMA-ZAIN-G-    (0)    1 :  0.005 0.008 0.004 0.007 0.014 0.026 0.007 0.902 0.004 0.004 0.009 0.003 0.003 0.003 
256 TMA-ZAIN-G-    (0)    1 :  0.008 0.004 0.005 0.004 0.010 0.005 0.006 0.915 0.017 0.006 0.004 0.004 0.008 0.003 
257 TMA-ZAIN-G-    (0)    1 :  0.003 0.003 0.003 0.003 0.004 0.003 0.003 0.948 0.012 0.003 0.003 0.004 0.004 0.003 
258 TMA-ZAIN-G-    (0)    1 :  0.003 0.004 0.003 0.002 0.004 0.002 0.004 0.957 0.005 0.003 0.003 0.003 0.003 0.003 
259 TMA-ZAIN-G-    (0)    1 :  0.003 0.005 0.003 0.003 0.004 0.004 0.003 0.952 0.005 0.004 0.003 0.004 0.004 0.004 
260 TMA-ZAIN-G-    (0)    1 :  0.004 0.008 0.004 0.003 0.004 0.004 0.003 0.945 0.005 0.004 0.003 0.003 0.004 0.005 
261 TMA-ZAIN-G-   (18)    1 :  0.005 0.010 0.005 0.004 0.004 0.005 0.005 0.923 0.007 0.006 0.006 0.004 0.003 0.014 
262 TMA-ZAIN-G-    (0)    1 :  0.003 0.003 0.003 0.003 0.004 0.003 0.003 0.955 0.006 0.003 0.004 0.003 0.003 0.003 
263 TMA-ZAIN-G-    (0)    1 :  0.003 0.003 0.003 0.004 0.008 0.003 0.004 0.948 0.004 0.003 0.005 0.003 0.003 0.004 
264 TMA-ZAIN-G-    (0)    1 :  0.004 0.004 0.003 0.005 0.014 0.004 0.005 0.939 0.006 0.003 0.004 0.003 0.003 0.004 
265 TMA-ZAIN-G-    (0)    1 :  0.060 0.022 0.013 0.005 0.024 0.007 0.019 0.548 0.012 0.026 0.034 0.181 0.020 0.030 
266 TMA-ZAIN-G-    (0)    1 :  0.020 0.015 0.008 0.010 0.012 0.008 0.023 0.678 0.046 0.066 0.009 0.011 0.005 0.088 
267 TMA-ZAIN-G-    (0)    1 :  0.036 0.020 0.021 0.015 0.028 0.323 0.007 0.376 0.007 0.012 0.034 0.016 0.033 0.072 
268 TMA-ZAIN-G-    (0)    1 :  0.003 0.003 0.003 0.006 0.009 0.949 0.003 0.003 0.003 0.003 0.004 0.004 0.003 0.004 
269 TMA-ZAIN-G-    (0)    1 :  0.004 0.003 0.004 0.011 0.009 0.932 0.003 0.004 0.003 0.003 0.006 0.007 0.003 0.006 
270 TMA-ZAIN-G-    (0)    1 :  0.004 0.003 0.004 0.010 0.009 0.933 0.004 0.005 0.003 0.003 0.006 0.006 0.004 0.006 
271 TMA-ZAIN-G-    (0)    1 :  0.004 0.003 0.003 0.007 0.007 0.945 0.003 0.004 0.003 0.003 0.005 0.004 0.004 0.005 
272 TMA-ZAIN-G-    (0)    1 :  0.004 0.002 0.004 0.008 0.008 0.935 0.003 0.003 0.003 0.004 0.005 0.009 0.004 0.008 
