

----------------------------------------------------
STRUCTURE by Pritchard, Stephens and Donnelly (2000)
     and Falush, Stephens and Pritchard (2003)
       Code by Pritchard, Falush and Hubisz
             Version 2.3.4 (Jul 2012)
----------------------------------------------------



Command line arguments:   bin\structure -m C:\Users\eschumacher\Documents\GitHub\GCC_QUAC_ZAIN\Data_Files\Structure_Files\ZAIN\ZAIN_rebinned_allpop_str\50-50\mainparams -e C:\Users\eschumacher\Documents\GitHub\GCC_QUAC_ZAIN\Data_Files\Structure_Files\ZAIN\ZAIN_rebinned_allpop_str\50-50\extraparams 
Input File:    C:\Users\eschumacher\Documents\GitHub\GCC_QUAC_ZAIN\Data_Files\Structure_Files\ZAIN\ZAIN_rebinned_allpop_str\project_data

Run parameters:
   1133 individuals
   11 loci
   11 populations assumed
   50000 Burn-in period
   50000 Reps


--------------------------------------------
Proportion of membership of each pre-defined
 population in each of the 11 clusters

Given    Inferred Clusters                                                               Number of
 Pop       1      2      3      4      5      6      7      8      9     10     11      Individuals

  1:     0.066  0.097  0.140  0.139  0.040  0.144  0.029  0.105  0.039  0.148  0.052      303
  2:     0.057  0.064  0.102  0.114  0.032  0.161  0.050  0.193  0.046  0.164  0.016       15
  3:     0.012  0.416  0.045  0.041  0.009  0.196  0.014  0.007  0.013  0.030  0.216        2
  4:     0.018  0.093  0.019  0.153  0.067  0.079  0.264  0.046  0.029  0.223  0.007        2
  5:     0.009  0.349  0.016  0.137  0.050  0.068  0.016  0.016  0.047  0.083  0.210        7
  6:     0.014  0.012  0.634  0.009  0.019  0.024  0.013  0.015  0.009  0.154  0.097       13
  7:     0.014  0.018  0.903  0.005  0.023  0.005  0.011  0.005  0.004  0.007  0.005       13
  8:     0.009  0.023  0.016  0.499  0.015  0.073  0.014  0.022  0.079  0.195  0.057        7
  9:     0.065  0.015  0.016  0.194  0.008  0.236  0.037  0.014  0.026  0.336  0.052       11
 10:     0.064  0.106  0.010  0.399  0.059  0.150  0.066  0.027  0.020  0.073  0.025        9
 11:     0.916  0.011  0.018  0.008  0.011  0.007  0.009  0.006  0.004  0.006  0.004       35
 12:     0.007  0.007  0.005  0.340  0.006  0.389  0.008  0.029  0.026  0.169  0.016       36
 13:     0.004  0.007  0.006  0.468  0.006  0.352  0.013  0.010  0.032  0.079  0.022       33
 14:     0.005  0.005  0.019  0.009  0.011  0.008  0.008  0.909  0.009  0.007  0.011       40
 15:     0.004  0.004  0.003  0.007  0.004  0.007  0.005  0.007  0.006  0.026  0.927       39
 16:     0.203  0.174  0.054  0.046  0.043  0.034  0.348  0.026  0.033  0.024  0.013       40
 17:     0.026  0.688  0.077  0.011  0.057  0.016  0.054  0.031  0.018  0.011  0.010       37
 18:     0.005  0.004  0.003  0.732  0.006  0.110  0.006  0.006  0.019  0.099  0.011       40
 19:     0.787  0.009  0.009  0.006  0.113  0.005  0.009  0.038  0.004  0.006  0.014       28
 20:     0.009  0.019  0.032  0.011  0.007  0.021  0.016  0.858  0.008  0.012  0.007       14
 21:     0.008  0.055  0.835  0.008  0.010  0.010  0.007  0.009  0.005  0.012  0.041       13
 22:     0.004  0.004  0.003  0.013  0.008  0.013  0.006  0.019  0.009  0.892  0.030       14
 23:     0.003  0.005  0.004  0.027  0.006  0.890  0.005  0.007  0.025  0.020  0.008       25
 24:     0.006  0.005  0.005  0.013  0.006  0.011  0.005  0.008  0.925  0.009  0.006       40
 25:     0.026  0.013  0.009  0.026  0.014  0.021  0.016  0.796  0.008  0.052  0.018       32
 26:     0.004  0.006  0.953  0.005  0.003  0.006  0.004  0.005  0.006  0.005  0.004       20
 27:     0.646  0.051  0.008  0.015  0.029  0.009  0.212  0.010  0.006  0.010  0.005        4
 28:     0.288  0.014  0.017  0.076  0.510  0.018  0.033  0.011  0.014  0.014  0.005       23
 29:     0.012  0.008  0.006  0.005  0.938  0.004  0.007  0.006  0.004  0.004  0.004       39
 30:     0.032  0.010  0.863  0.007  0.050  0.007  0.010  0.008  0.005  0.005  0.004       38
 31:     0.005  0.006  0.005  0.045  0.004  0.046  0.011  0.009  0.052  0.656  0.162       45
 32:     0.005  0.010  0.007  0.194  0.005  0.210  0.008  0.018  0.025  0.362  0.157       28
 33:     0.511  0.026  0.007  0.007  0.403  0.007  0.011  0.007  0.006  0.006  0.008        6
 34:     0.011  0.023  0.006  0.007  0.016  0.007  0.889  0.007  0.013  0.011  0.009       40
 35:     0.017  0.821  0.054  0.008  0.012  0.010  0.026  0.011  0.011  0.021  0.009       42
--------------------------------------------

Allele-freq. divergence among pops (Net nucleotide distance),
computed using point estimates of P.

      1       2       3       4       5       6       7       8       9      10      11      
 1      -    0.1206  0.1617  0.2458  0.0850  0.2464  0.1905  0.1762  0.3538  0.2474  0.2930  
 2   0.1206     -    0.1108  0.2068  0.1089  0.1764  0.0905  0.1199  0.2718  0.1487  0.1816  
 3   0.1617  0.1108     -    0.3229  0.1903  0.2808  0.2163  0.2257  0.3649  0.2877  0.3552  
 4   0.2458  0.2068  0.3229     -    0.2594  0.0437  0.1591  0.1948  0.1280  0.0576  0.2495  
 5   0.0850  0.1089  0.1903  0.2594     -    0.2690  0.1693  0.1611  0.3700  0.2547  0.2900  
 6   0.2464  0.1764  0.2808  0.0437  0.2690     -    0.1609  0.1744  0.1091  0.0688  0.2177  
 7   0.1905  0.0905  0.2163  0.1591  0.1693  0.1609     -    0.1340  0.1695  0.1107  0.2153  
 8   0.1762  0.1199  0.2257  0.1948  0.1611  0.1744  0.1340     -    0.1883  0.1458  0.1637  
 9   0.3538  0.2718  0.3649  0.1280  0.3700  0.1091  0.1695  0.1883     -    0.1266  0.2698  
10   0.2474  0.1487  0.2877  0.0576  0.2547  0.0688  0.1107  0.1458  0.1266     -    0.1303  
11   0.2930  0.1816  0.3552  0.2495  0.2900  0.2177  0.2153  0.1637  0.2698  0.1303     -    

Average distances (expected heterozygosity) between individuals in same cluster:
cluster  1  : 0.5016 
cluster  2  : 0.5332 
cluster  3  : 0.4145 
cluster  4  : 0.3724 
cluster  5  : 0.3478 
cluster  6  : 0.4035 
cluster  7  : 0.4595 
cluster  8  : 0.4286 
cluster  9  : 0.3568 
cluster 10  : 0.4371 
cluster 11  : 0.2608 

--------------------------------------------
Estimated Ln Prob of Data   = -20945.6
Mean value of ln likelihood = -20252.5
Variance of ln likelihood   = 1386.1
Mean value of alpha         = 0.0338

Mean value of Fst_1         = 0.3592
Mean value of Fst_2         = 0.1485
Mean value of Fst_3         = 0.4310
Mean value of Fst_4         = 0.3746
Mean value of Fst_5         = 0.4900
Mean value of Fst_6         = 0.3061
Mean value of Fst_7         = 0.2878
Mean value of Fst_8         = 0.4214
Mean value of Fst_9         = 0.4460
Mean value of Fst_10         = 0.3377
Mean value of Fst_11         = 0.5740


Inferred ancestry of individuals:
        Label (%Miss) Pop:  Inferred clusters
  1 TMA-ZAIN-G-    (9)    1 :  0.741 0.032 0.006 0.013 0.031 0.010 0.028 0.016 0.013 0.029 0.081 
  2 TMA-ZAIN-G-    (0)    1 :  0.776 0.013 0.005 0.014 0.013 0.134 0.008 0.015 0.004 0.012 0.007 
  3 TMA-ZAIN-G-    (0)    1 :  0.006 0.005 0.003 0.489 0.006 0.052 0.023 0.010 0.111 0.255 0.037 
  4 TMA-ZAIN-G-    (0)    1 :  0.015 0.017 0.009 0.176 0.014 0.051 0.013 0.605 0.047 0.028 0.025 
  5 TMA-ZAIN-G-    (0)    1 :  0.960 0.003 0.005 0.003 0.010 0.003 0.005 0.005 0.002 0.002 0.002 
  6 TMA-ZAIN-G-    (0)    1 :  0.040 0.024 0.024 0.086 0.027 0.042 0.524 0.035 0.078 0.102 0.017 
  7 TMA-ZAIN-G-    (0)    1 :  0.011 0.013 0.006 0.210 0.016 0.400 0.023 0.029 0.008 0.241 0.041 
  8 TMA-ZAIN-G-    (0)    1 :  0.007 0.004 0.003 0.044 0.006 0.028 0.009 0.018 0.027 0.847 0.008 
  9 TMA-ZAIN-G-    (9)    1 :  0.011 0.006 0.005 0.224 0.006 0.342 0.036 0.006 0.032 0.324 0.008 
 10 TMA-ZAIN-G-    (0)    1 :  0.003 0.006 0.004 0.194 0.003 0.285 0.032 0.011 0.041 0.408 0.013 
 11 TMA-ZAIN-G-    (0)    1 :  0.005 0.007 0.006 0.117 0.007 0.659 0.006 0.008 0.005 0.170 0.010 
 12 TMA-ZAIN-G-    (0)    1 :  0.004 0.005 0.003 0.931 0.005 0.010 0.006 0.004 0.004 0.017 0.011 
 13 TMA-ZAIN-G-    (9)    1 :  0.036 0.034 0.063 0.068 0.037 0.339 0.013 0.026 0.022 0.250 0.113 
 14 TMA-ZAIN-G-    (9)    1 :  0.003 0.009 0.012 0.013 0.003 0.019 0.012 0.007 0.007 0.039 0.875 
 15 TMA-ZAIN-G-    (0)    1 :  0.004 0.006 0.002 0.006 0.003 0.006 0.007 0.004 0.008 0.068 0.885 
 16 TMA-ZAIN-G-    (0)    1 :  0.003 0.005 0.004 0.903 0.004 0.042 0.006 0.003 0.004 0.019 0.006 
 17 TMA-ZAIN-G-    (9)    1 :  0.013 0.027 0.012 0.013 0.008 0.008 0.023 0.028 0.005 0.842 0.021 
 18 TMA-ZAIN-G-    (0)    1 :  0.026 0.125 0.006 0.011 0.719 0.004 0.027 0.053 0.007 0.010 0.012 
 19 TMA-ZAIN-G-    (0)    1 :  0.011 0.626 0.027 0.029 0.024 0.015 0.194 0.007 0.005 0.049 0.013 
 20 TMA-ZAIN-G-    (0)    1 :  0.037 0.817 0.056 0.003 0.042 0.004 0.007 0.022 0.005 0.003 0.003 
 21 TMA-ZAIN-G-    (0)    1 :  0.003 0.004 0.961 0.004 0.003 0.004 0.005 0.005 0.006 0.004 0.002 
 22 TMA-ZAIN-G-    (0)    1 :  0.035 0.010 0.854 0.003 0.070 0.003 0.009 0.006 0.002 0.003 0.003 
 23 TMA-ZAIN-G-    (0)    1 :  0.009 0.032 0.854 0.006 0.042 0.007 0.027 0.005 0.003 0.007 0.007 
 24 TMA-ZAIN-G-    (9)    1 :  0.007 0.004 0.658 0.010 0.008 0.087 0.004 0.005 0.172 0.012 0.032 
 25 TMA-ZAIN-G-    (9)    1 :  0.219 0.636 0.008 0.009 0.010 0.090 0.010 0.003 0.004 0.007 0.004 
 26 TMA-ZAIN-G-    (9)    1 :  0.011 0.016 0.034 0.031 0.008 0.247 0.005 0.455 0.008 0.164 0.019 
 27 TMA-ZAIN-G-    (0)    1 :  0.085 0.092 0.019 0.005 0.012 0.008 0.659 0.020 0.009 0.015 0.078 
 28 TMA-ZAIN-G-    (0)    1 :  0.006 0.012 0.003 0.005 0.015 0.004 0.931 0.005 0.004 0.006 0.009 
 29 TMA-ZAIN-G-    (0)    1 :  0.003 0.225 0.004 0.004 0.004 0.005 0.005 0.012 0.728 0.004 0.006 
 30 TMA-ZAIN-G-    (0)    1 :  0.004 0.032 0.004 0.059 0.004 0.123 0.499 0.006 0.041 0.146 0.080 
 31 TMA-ZAIN-G-    (0)    1 :  0.885 0.011 0.011 0.004 0.026 0.007 0.006 0.037 0.005 0.004 0.005 
 32 TMA-ZAIN-G-    (9)    1 :  0.106 0.068 0.019 0.121 0.513 0.052 0.005 0.005 0.006 0.072 0.034 
 33 TMA-ZAIN-G-   (18)    1 :  0.006 0.004 0.003 0.278 0.004 0.079 0.007 0.005 0.016 0.589 0.009 
 34 TMA-ZAIN-G-    (0)    1 :  0.079 0.016 0.017 0.587 0.129 0.111 0.007 0.006 0.007 0.034 0.008 
 35 TMA-ZAIN-G-    (9)    1 :  0.012 0.015 0.004 0.340 0.031 0.160 0.016 0.013 0.096 0.239 0.072 
 36 TMA-ZAIN-G-    (0)    1 :  0.004 0.005 0.003 0.031 0.004 0.446 0.006 0.015 0.011 0.321 0.154 
 37 TMA-ZAIN-G-    (9)    1 :  0.012 0.010 0.008 0.255 0.008 0.358 0.039 0.017 0.017 0.268 0.009 
 38 TMA-ZAIN-G-   (18)    1 :  0.772 0.036 0.009 0.027 0.016 0.026 0.005 0.007 0.007 0.035 0.060 
 39 TMA-ZAIN-G-    (0)    1 :  0.004 0.004 0.005 0.086 0.003 0.804 0.008 0.008 0.011 0.064 0.003 
 40 TMA-ZAIN-G-    (0)    1 :  0.004 0.004 0.005 0.154 0.003 0.219 0.005 0.006 0.007 0.589 0.005 
 41 TMA-ZAIN-G-    (0)    1 :  0.003 0.004 0.003 0.025 0.002 0.207 0.006 0.005 0.007 0.701 0.037 
 42 TMA-ZAIN-G-    (9)    1 :  0.003 0.004 0.002 0.007 0.003 0.009 0.003 0.007 0.006 0.864 0.092 
 43 TMA-ZAIN-G-    (0)    1 :  0.003 0.004 0.002 0.003 0.003 0.005 0.003 0.005 0.008 0.007 0.956 
 44 TMA-ZAIN-G-    (0)    1 :  0.006 0.022 0.795 0.033 0.004 0.102 0.003 0.005 0.012 0.014 0.005 
 45 TMA-ZAIN-G-    (0)    1 :  0.006 0.008 0.007 0.672 0.004 0.091 0.010 0.010 0.006 0.169 0.019 
 46 TMA-ZAIN-G-    (0)    1 :  0.003 0.005 0.963 0.003 0.003 0.005 0.003 0.006 0.003 0.003 0.004 
 47 TMA-ZAIN-G-    (0)    1 :  0.003 0.004 0.003 0.005 0.005 0.003 0.004 0.959 0.004 0.005 0.004 
 48 TMA-ZAIN-G-    (0)    1 :  0.005 0.012 0.022 0.043 0.008 0.048 0.052 0.514 0.017 0.238 0.040 
 49 TMA-ZAIN-G-    (9)    1 :  0.005 0.842 0.005 0.034 0.028 0.009 0.013 0.010 0.043 0.008 0.004 
 50 TMA-ZAIN-G-    (0)    1 :  0.013 0.859 0.005 0.009 0.005 0.020 0.025 0.004 0.004 0.048 0.009 
 51 TMA-ZAIN-G-    (0)    1 :  0.007 0.857 0.006 0.006 0.006 0.009 0.019 0.016 0.006 0.015 0.053 
 52 TMA-ZAIN-G-    (0)    1 :  0.007 0.858 0.011 0.009 0.006 0.008 0.022 0.054 0.003 0.008 0.014 
 53 TMA-ZAIN-G-    (0)    1 :  0.142 0.655 0.006 0.006 0.010 0.013 0.010 0.109 0.005 0.010 0.033 
 54 TMA-ZAIN-G-    (0)    1 :  0.004 0.007 0.005 0.007 0.007 0.006 0.013 0.924 0.004 0.012 0.011 
 55 TMA-ZAIN-G-    (0)    1 :  0.003 0.028 0.008 0.010 0.008 0.006 0.031 0.831 0.003 0.043 0.028 
 56 TMA-ZAIN-G-    (0)    1 :  0.014 0.043 0.008 0.036 0.004 0.050 0.139 0.475 0.034 0.164 0.031 
 57 TMA-ZAIN-G-    (0)    1 :  0.008 0.019 0.003 0.017 0.006 0.008 0.005 0.915 0.008 0.006 0.005 
 58 TMA-ZAIN-G-    (0)    1 :  0.024 0.341 0.124 0.016 0.132 0.006 0.270 0.044 0.008 0.026 0.010 
 59 TMA-ZAIN-G-    (0)    1 :  0.571 0.023 0.032 0.058 0.031 0.099 0.045 0.038 0.019 0.070 0.014 
 60 TMA-ZAIN-G-    (0)    1 :  0.309 0.209 0.010 0.010 0.120 0.011 0.126 0.031 0.007 0.022 0.145 
 61 TMA-ZAIN-G-    (0)    1 :  0.910 0.009 0.018 0.004 0.018 0.004 0.008 0.019 0.003 0.003 0.004 
 62 TMA-ZAIN-G-    (9)    1 :  0.841 0.020 0.014 0.023 0.008 0.016 0.039 0.009 0.008 0.017 0.005 
 63 TMA-ZAIN-G-    (0)    1 :  0.655 0.023 0.010 0.010 0.236 0.005 0.016 0.018 0.003 0.010 0.013 
 64 TMA-ZAIN-G-    (0)    1 :  0.002 0.003 0.002 0.005 0.002 0.008 0.003 0.003 0.960 0.006 0.005 
 65 TMA-ZAIN-G-    (9)    1 :  0.003 0.003 0.002 0.021 0.004 0.006 0.006 0.007 0.935 0.007 0.006 
 66 TMA-ZAIN-G-    (0)    1 :  0.003 0.003 0.003 0.014 0.003 0.020 0.004 0.005 0.932 0.009 0.005 
 67 TMA-ZAIN-G-    (0)    1 :  0.004 0.009 0.014 0.030 0.003 0.084 0.015 0.005 0.820 0.012 0.004 
 68 TMA-ZAIN-G-    (0)    1 :  0.002 0.003 0.002 0.004 0.003 0.005 0.003 0.005 0.960 0.006 0.007 
 69 TMA-ZAIN-G-    (0)    1 :  0.012 0.029 0.025 0.059 0.038 0.039 0.008 0.013 0.754 0.007 0.016 
 70 TMA-ZAIN-G-    (0)    1 :  0.003 0.004 0.004 0.025 0.003 0.921 0.004 0.004 0.021 0.007 0.005 
 71 TMA-ZAIN-G-    (0)    1 :  0.003 0.003 0.003 0.019 0.003 0.949 0.003 0.003 0.004 0.006 0.003 
 72 TMA-ZAIN-G-    (0)    1 :  0.003 0.005 0.004 0.018 0.004 0.897 0.010 0.008 0.023 0.019 0.009 
 73 TMA-ZAIN-G-    (0)    1 :  0.024 0.021 0.023 0.014 0.016 0.850 0.020 0.015 0.007 0.006 0.004 
 74 TMA-ZAIN-G-    (0)    1 :  0.008 0.010 0.007 0.017 0.005 0.923 0.007 0.006 0.006 0.007 0.003 
 75 TMA-ZAIN-G-    (0)    1 :  0.005 0.006 0.003 0.020 0.005 0.923 0.008 0.009 0.007 0.007 0.005 
 76 TMA-ZAIN-G-    (0)    1 :  0.007 0.014 0.019 0.012 0.004 0.921 0.005 0.004 0.005 0.006 0.003 
 77 TMA-ZAIN-G-    (0)    1 :  0.003 0.006 0.006 0.006 0.003 0.942 0.006 0.006 0.006 0.009 0.007 
 78 TMA-ZAIN-G-    (0)    1 :  0.007 0.022 0.018 0.015 0.007 0.894 0.009 0.010 0.006 0.007 0.006 
 79 TMA-ZAIN-G-    (0)    1 :  0.004 0.010 0.011 0.007 0.004 0.929 0.005 0.008 0.004 0.009 0.007 
 80 TMA-ZAIN-G-    (0)    1 :  0.003 0.004 0.005 0.166 0.003 0.743 0.006 0.013 0.026 0.026 0.004 
 81 TMA-ZAIN-G-    (0)    1 :  0.004 0.007 0.007 0.012 0.004 0.931 0.007 0.008 0.004 0.010 0.006 
 82 TMA-ZAIN-G-    (0)    1 :  0.005 0.005 0.003 0.234 0.012 0.464 0.008 0.019 0.233 0.011 0.007 
 83 TMA-ZAIN-G-    (9)    1 :  0.032 0.013 0.025 0.731 0.046 0.036 0.034 0.015 0.047 0.016 0.005 
 84 TMA-ZAIN-G-    (0)    1 :  0.004 0.010 0.015 0.010 0.003 0.931 0.005 0.005 0.005 0.007 0.005 
 85 TMA-ZAIN-G-    (0)    1 :  0.033 0.110 0.024 0.010 0.016 0.012 0.069 0.704 0.005 0.010 0.007 
 86 TMA-ZAIN-G-    (0)    1 :  0.011 0.016 0.058 0.024 0.006 0.022 0.030 0.799 0.010 0.020 0.005 
 87 TMA-ZAIN-G-    (0)    1 :  0.036 0.087 0.185 0.012 0.022 0.014 0.025 0.600 0.005 0.010 0.005 
 88 TMA-ZAIN-G-    (0)    1 :  0.172 0.010 0.014 0.127 0.014 0.058 0.010 0.520 0.039 0.018 0.017 
 89 TMA-ZAIN-G-    (0)    1 :  0.035 0.007 0.023 0.032 0.007 0.038 0.004 0.790 0.018 0.014 0.032 
 90 TMA-ZAIN-G-    (0)    1 :  0.005 0.015 0.008 0.011 0.011 0.007 0.013 0.912 0.007 0.007 0.005 
 91 TMA-ZAIN-G-    (0)    1 :  0.059 0.011 0.007 0.009 0.005 0.010 0.018 0.850 0.011 0.010 0.010 
 92 TMA-ZAIN-G-    (0)    1 :  0.005 0.021 0.017 0.005 0.008 0.007 0.015 0.899 0.004 0.007 0.011 
 93 TMA-ZAIN-G-    (0)    1 :  0.028 0.013 0.010 0.005 0.006 0.006 0.045 0.862 0.005 0.006 0.015 
 94 TMA-ZAIN-G-    (0)    1 :  0.073 0.017 0.010 0.004 0.011 0.005 0.016 0.849 0.003 0.004 0.007 
 95 TMA-ZAIN-G-    (0)    1 :  0.004 0.026 0.005 0.005 0.019 0.008 0.897 0.004 0.007 0.010 0.014 
 96 TMA-ZAIN-G-    (0)    1 :  0.005 0.055 0.006 0.010 0.005 0.004 0.852 0.005 0.004 0.034 0.019 
 97 TMA-ZAIN-G-    (0)    1 :  0.754 0.023 0.006 0.004 0.167 0.015 0.005 0.012 0.006 0.004 0.006 
 98 TMA-ZAIN-G-    (0)    1 :  0.748 0.004 0.004 0.003 0.200 0.016 0.003 0.010 0.004 0.004 0.004 
 99 TMA-ZAIN-G-    (0)    1 :  0.691 0.006 0.010 0.073 0.033 0.113 0.008 0.004 0.011 0.044 0.007 
100 TMA-ZAIN-G-    (0)    1 :  0.914 0.024 0.010 0.003 0.010 0.004 0.007 0.015 0.005 0.003 0.005 
101 TMA-ZAIN-G-    (0)    1 :  0.823 0.018 0.005 0.016 0.078 0.027 0.008 0.007 0.004 0.007 0.007 
102 TMA-ZAIN-G-    (0)    1 :  0.010 0.038 0.070 0.012 0.800 0.013 0.014 0.008 0.007 0.015 0.012 
103 TMA-ZAIN-G-    (0)    1 :  0.011 0.022 0.012 0.009 0.906 0.007 0.011 0.006 0.005 0.007 0.005 
104 TMA-ZAIN-G-    (0)    1 :  0.007 0.005 0.006 0.003 0.962 0.003 0.003 0.003 0.002 0.003 0.003 
105 TMA-ZAIN-G-    (0)    1 :  0.008 0.013 0.007 0.011 0.917 0.009 0.011 0.007 0.005 0.009 0.005 
106 TMA-ZAIN-G-    (0)    1 :  0.004 0.004 0.003 0.073 0.004 0.230 0.006 0.006 0.047 0.521 0.101 
107 TMA-ZAIN-G-    (0)    1 :  0.004 0.004 0.002 0.297 0.005 0.638 0.005 0.006 0.009 0.018 0.010 
108 TMA-ZAIN-G-    (9)    1 :  0.424 0.050 0.030 0.085 0.025 0.148 0.011 0.020 0.014 0.139 0.054 
109 TMA-ZAIN-G-    (0)    1 :  0.298 0.007 0.004 0.155 0.030 0.015 0.039 0.053 0.137 0.235 0.027 
110 TMA-ZAIN-G-    (0)    1 :  0.059 0.104 0.125 0.255 0.046 0.118 0.030 0.022 0.008 0.212 0.020 
111 TMA-ZAIN-G-    (9)    1 :  0.212 0.074 0.109 0.268 0.211 0.044 0.021 0.027 0.016 0.016 0.004 
112 TMA-ZAIN-G-    (0)    1 :  0.098 0.073 0.035 0.155 0.230 0.050 0.034 0.023 0.030 0.225 0.047 
113 TMA-ZAIN-G-    (0)    1 :  0.924 0.004 0.008 0.009 0.012 0.011 0.003 0.012 0.007 0.005 0.005 
114 TMA-ZAIN-G-    (0)    1 :  0.961 0.004 0.009 0.003 0.005 0.003 0.004 0.004 0.002 0.002 0.002 
115 TMA-ZAIN-G-    (0)    1 :  0.959 0.004 0.005 0.004 0.007 0.003 0.005 0.004 0.003 0.003 0.003 
116 TMA-ZAIN-G-    (0)    1 :  0.005 0.004 0.003 0.930 0.007 0.012 0.007 0.009 0.011 0.008 0.005 
117 TMA-ZAIN-G-    (0)    1 :  0.008 0.011 0.004 0.140 0.013 0.147 0.052 0.058 0.259 0.225 0.085 
118 TMA-ZAIN-G-    (0)    1 :  0.005 0.006 0.003 0.882 0.007 0.014 0.013 0.008 0.027 0.016 0.018 
119 TMA-ZAIN-G-    (0)    1 :  0.020 0.020 0.016 0.814 0.021 0.037 0.019 0.009 0.030 0.009 0.005 
120 TMA-ZAIN-G-    (0)    1 :  0.006 0.010 0.004 0.788 0.014 0.024 0.023 0.017 0.025 0.024 0.064 
121 TMA-ZAIN-G-    (0)    1 :  0.009 0.007 0.003 0.568 0.023 0.052 0.043 0.019 0.177 0.079 0.022 
122 TMA-ZAIN-G-    (0)    1 :  0.005 0.007 0.008 0.341 0.006 0.250 0.140 0.031 0.032 0.167 0.013 
123 TMA-ZAIN-G-    (0)    1 :  0.912 0.011 0.008 0.006 0.022 0.005 0.007 0.007 0.004 0.005 0.012 
124 TMA-ZAIN-G-    (0)    1 :  0.004 0.005 0.003 0.009 0.005 0.005 0.006 0.004 0.004 0.945 0.009 
125 TMA-ZAIN-G-    (0)    1 :  0.002 0.004 0.002 0.007 0.003 0.007 0.006 0.070 0.041 0.829 0.028 
126 TMA-ZAIN-G-    (0)    1 :  0.004 0.004 0.002 0.011 0.004 0.007 0.004 0.009 0.005 0.921 0.027 
127 TMA-ZAIN-G-    (0)    1 :  0.003 0.003 0.003 0.009 0.003 0.005 0.004 0.004 0.005 0.950 0.010 
128 TMA-ZAIN-G-    (0)    1 :  0.004 0.004 0.003 0.015 0.004 0.010 0.013 0.007 0.021 0.912 0.008 
129 TMA-ZAIN-G-    (0)    1 :  0.005 0.004 0.003 0.008 0.007 0.008 0.006 0.007 0.006 0.932 0.014 
130 TMA-ZAIN-G-    (0)    1 :  0.006 0.005 0.003 0.025 0.008 0.007 0.008 0.041 0.009 0.807 0.081 
131 TMA-ZAIN-G-    (0)    1 :  0.004 0.005 0.003 0.008 0.005 0.006 0.008 0.005 0.004 0.938 0.014 
132 TMA-ZAIN-G-    (0)    1 :  0.004 0.003 0.003 0.022 0.004 0.016 0.011 0.027 0.040 0.855 0.015 
133 TMA-ZAIN-G-    (0)    1 :  0.003 0.013 0.010 0.033 0.003 0.067 0.010 0.030 0.061 0.689 0.082 
134 TMA-ZAIN-G-    (0)    1 :  0.004 0.007 0.008 0.053 0.003 0.061 0.004 0.030 0.057 0.548 0.225 
135 TMA-ZAIN-G-    (0)    1 :  0.005 0.005 0.006 0.437 0.004 0.195 0.003 0.017 0.025 0.284 0.019 
136 TMA-ZAIN-G-    (0)    1 :  0.009 0.004 0.005 0.186 0.005 0.063 0.010 0.017 0.599 0.095 0.008 
137 TMA-ZAIN-G-    (0)    1 :  0.008 0.008 0.009 0.777 0.004 0.095 0.004 0.010 0.006 0.074 0.006 
138 TMA-ZAIN-G-    (0)    1 :  0.004 0.003 0.003 0.329 0.004 0.020 0.004 0.014 0.012 0.580 0.028 
139 TMA-ZAIN-G-    (0)    1 :  0.006 0.004 0.005 0.429 0.004 0.040 0.004 0.067 0.013 0.413 0.016 
140 TMA-ZAIN-G-    (0)    1 :  0.003 0.004 0.005 0.703 0.004 0.155 0.009 0.004 0.009 0.097 0.006 
141 TMA-ZAIN-G-    (0)    1 :  0.005 0.006 0.004 0.341 0.006 0.498 0.008 0.008 0.007 0.092 0.025 
142 TMA-ZAIN-G-    (9)    1 :  0.003 0.004 0.003 0.681 0.004 0.233 0.006 0.005 0.013 0.041 0.006 
143 TMA-ZAIN-G-    (0)    1 :  0.004 0.004 0.003 0.590 0.004 0.082 0.011 0.006 0.013 0.274 0.010 
144 TMA-ZAIN-G-    (0)    1 :  0.003 0.009 0.006 0.789 0.004 0.015 0.018 0.027 0.006 0.111 0.013 
145 TMA-ZAIN-G-    (0)    1 :  0.003 0.003 0.002 0.479 0.003 0.141 0.008 0.012 0.293 0.049 0.006 
146 TMA-ZAIN-G-    (0)    1 :  0.003 0.004 0.003 0.094 0.003 0.870 0.003 0.003 0.005 0.007 0.005 
147 TMA-ZAIN-G-    (9)    1 :  0.003 0.004 0.003 0.185 0.003 0.766 0.004 0.004 0.010 0.011 0.006 
148 TMA-ZAIN-G-    (0)    1 :  0.003 0.004 0.003 0.138 0.003 0.598 0.003 0.034 0.005 0.088 0.122 
149 TMA-ZAIN-G-    (0)    1 :  0.019 0.011 0.013 0.264 0.028 0.401 0.016 0.076 0.008 0.124 0.040 
150 TMA-ZAIN-G-    (0)    1 :  0.013 0.009 0.011 0.402 0.040 0.323 0.016 0.085 0.056 0.023 0.023 
151 TMA-ZAIN-G-    (0)    1 :  0.003 0.003 0.002 0.904 0.003 0.008 0.006 0.004 0.009 0.043 0.016 
152 TMA-ZAIN-G-    (0)    1 :  0.004 0.003 0.002 0.954 0.003 0.006 0.004 0.004 0.005 0.007 0.007 
153 TMA-ZAIN-G-    (0)    1 :  0.003 0.003 0.002 0.809 0.004 0.021 0.004 0.011 0.015 0.102 0.026 
154 TMA-ZAIN-G-    (0)    1 :  0.003 0.003 0.002 0.956 0.004 0.006 0.004 0.005 0.004 0.008 0.005 
155 TMA-ZAIN-G-    (0)    1 :  0.004 0.003 0.003 0.932 0.005 0.018 0.004 0.003 0.009 0.012 0.006 
156 TMA-ZAIN-G-    (9)    1 :  0.005 0.004 0.003 0.870 0.005 0.007 0.004 0.009 0.003 0.048 0.042 
157 TMA-ZAIN-G-    (0)    1 :  0.003 0.004 0.003 0.787 0.005 0.019 0.004 0.005 0.006 0.056 0.107 
158 TMA-ZAIN-G-    (0)    1 :  0.003 0.004 0.003 0.940 0.003 0.020 0.005 0.004 0.004 0.010 0.004 
159 TMA-ZAIN-G-    (0)    1 :  0.004 0.003 0.002 0.732 0.004 0.224 0.003 0.005 0.010 0.008 0.004 
160 TMA-ZAIN-G-    (0)    1 :  0.004 0.003 0.002 0.860 0.005 0.091 0.003 0.006 0.015 0.007 0.004 
161 TMA-ZAIN-G-    (0)    1 :  0.003 0.005 0.003 0.761 0.003 0.034 0.006 0.021 0.007 0.138 0.020 
162 TMA-ZAIN-G-    (0)    1 :  0.017 0.006 0.012 0.891 0.022 0.011 0.010 0.012 0.006 0.011 0.004 
163 TMA-ZAIN-G-    (0)    1 :  0.003 0.003 0.002 0.962 0.003 0.008 0.003 0.003 0.004 0.007 0.003 
164 TMA-ZAIN-G-    (0)    1 :  0.004 0.003 0.003 0.943 0.005 0.014 0.005 0.007 0.006 0.007 0.004 
165 TMA-ZAIN-G-    (0)    1 :  0.004 0.003 0.002 0.945 0.004 0.017 0.004 0.003 0.006 0.009 0.003 
166 TMA-ZAIN-G-    (0)    1 :  0.003 0.003 0.002 0.731 0.003 0.163 0.004 0.009 0.010 0.067 0.005 
167 TMA-ZAIN-G-    (0)    1 :  0.004 0.006 0.005 0.129 0.005 0.794 0.007 0.005 0.005 0.032 0.008 
168 TMA-ZAIN-G-    (0)    1 :  0.008 0.005 0.003 0.019 0.005 0.890 0.006 0.005 0.013 0.011 0.036 
169 TMA-ZAIN-G-    (0)    1 :  0.003 0.003 0.003 0.031 0.003 0.850 0.004 0.005 0.085 0.008 0.005 
170 TMA-ZAIN-G-    (0)    1 :  0.019 0.035 0.008 0.096 0.008 0.551 0.008 0.004 0.024 0.150 0.098 
171 TMA-ZAIN-G-    (0)    1 :  0.003 0.003 0.003 0.025 0.004 0.931 0.003 0.004 0.015 0.005 0.004 
172 TMA-ZAIN-G-    (0)    1 :  0.004 0.006 0.004 0.055 0.004 0.087 0.005 0.004 0.005 0.804 0.021 
173 TMA-ZAIN-G-    (0)    1 :  0.003 0.006 0.004 0.026 0.003 0.048 0.008 0.005 0.006 0.874 0.017 
174 TMA-ZAIN-G-    (0)    1 :  0.003 0.003 0.002 0.089 0.003 0.161 0.006 0.008 0.054 0.663 0.006 
175 TMA-ZAIN-G-    (0)    1 :  0.003 0.003 0.003 0.025 0.004 0.938 0.003 0.004 0.006 0.005 0.004 
176 TMA-ZAIN-G-    (0)    1 :  0.003 0.003 0.003 0.082 0.004 0.879 0.003 0.004 0.005 0.008 0.006 
177 TMA-ZAIN-G-    (0)    1 :  0.005 0.005 0.003 0.213 0.003 0.698 0.004 0.004 0.004 0.028 0.033 
178 TMA-ZAIN-G-    (0)    1 :  0.005 0.007 0.004 0.227 0.004 0.157 0.008 0.004 0.005 0.502 0.075 
179 TMA-ZAIN-G-    (0)    1 :  0.004 0.005 0.003 0.313 0.003 0.472 0.006 0.005 0.009 0.138 0.043 
180 TMA-ZAIN-G-    (0)    1 :  0.004 0.006 0.007 0.036 0.004 0.013 0.014 0.019 0.063 0.815 0.020 
181 TMA-ZAIN-G-    (0)    1 :  0.005 0.003 0.003 0.046 0.004 0.015 0.004 0.004 0.006 0.760 0.149 
182 TMA-ZAIN-G-    (0)    1 :  0.007 0.004 0.003 0.044 0.007 0.008 0.004 0.005 0.003 0.788 0.127 
183 TMA-ZAIN-G-    (0)    1 :  0.005 0.004 0.003 0.026 0.004 0.012 0.004 0.004 0.005 0.750 0.184 
184 TMA-ZAIN-G-    (0)    1 :  0.027 0.010 0.014 0.039 0.028 0.014 0.014 0.021 0.008 0.799 0.027 
185 TMA-ZAIN-G-    (0)    1 :  0.011 0.010 0.019 0.013 0.014 0.008 0.045 0.022 0.005 0.848 0.005 
186 TMA-ZAIN-G-    (9)    1 :  0.003 0.006 0.005 0.012 0.004 0.011 0.013 0.005 0.006 0.930 0.006 
187 TMA-ZAIN-G-    (0)    1 :  0.004 0.005 0.003 0.027 0.004 0.029 0.006 0.003 0.012 0.888 0.020 
188 TMA-ZAIN-G-    (0)    1 :  0.003 0.003 0.002 0.013 0.003 0.027 0.004 0.003 0.013 0.921 0.007 
189 TMA-ZAIN-G-    (0)    1 :  0.002 0.003 0.003 0.007 0.003 0.006 0.004 0.003 0.010 0.951 0.009 
190 TMA-ZAIN-G-    (0)    1 :  0.003 0.007 0.003 0.024 0.003 0.079 0.007 0.004 0.025 0.751 0.093 
191 TMA-ZAIN-G-    (0)    1 :  0.012 0.008 0.019 0.008 0.014 0.016 0.010 0.011 0.005 0.892 0.005 
192 TMA-ZAIN-G-    (0)    1 :  0.004 0.007 0.008 0.007 0.003 0.013 0.003 0.005 0.005 0.919 0.026 
193 TMA-ZAIN-G-    (0)    1 :  0.002 0.003 0.002 0.003 0.003 0.003 0.003 0.004 0.004 0.005 0.968 
194 TMA-ZAIN-G-    (0)    1 :  0.002 0.010 0.007 0.006 0.003 0.008 0.018 0.011 0.010 0.043 0.883 
195 TMA-ZAIN-G-    (0)    1 :  0.002 0.012 0.002 0.016 0.003 0.040 0.005 0.005 0.038 0.060 0.816 
196 TMA-ZAIN-G-    (0)    1 :  0.003 0.003 0.002 0.006 0.003 0.005 0.006 0.005 0.010 0.014 0.943 
197 TMA-ZAIN-G-    (0)    1 :  0.003 0.003 0.003 0.007 0.003 0.009 0.004 0.005 0.010 0.010 0.942 
198 TMA-ZAIN-G-    (0)    1 :  0.003 0.003 0.003 0.008 0.003 0.009 0.003 0.005 0.007 0.011 0.947 
199 TMA-ZAIN-G-    (0)    1 :  0.003 0.005 0.004 0.012 0.003 0.009 0.009 0.006 0.004 0.938 0.006 
200 TMA-ZAIN-G-    (0)    1 :  0.015 0.116 0.776 0.003 0.013 0.003 0.014 0.004 0.003 0.004 0.049 
201 TMA-ZAIN-G-    (0)    1 :  0.005 0.028 0.923 0.004 0.012 0.004 0.010 0.004 0.006 0.003 0.003 
202 TMA-ZAIN-G-    (0)    1 :  0.023 0.036 0.859 0.006 0.008 0.004 0.007 0.003 0.003 0.010 0.040 
203 TMA-ZAIN-G-    (0)    1 :  0.027 0.004 0.002 0.029 0.013 0.014 0.005 0.005 0.004 0.058 0.838 
204 TMA-ZAIN-G-    (9)    1 :  0.006 0.056 0.838 0.005 0.004 0.019 0.006 0.042 0.010 0.007 0.007 
205 TMA-ZAIN-G-    (0)    1 :  0.007 0.131 0.694 0.089 0.006 0.029 0.005 0.016 0.006 0.009 0.007 
206 TMA-ZAIN-G-    (9)    1 :  0.020 0.123 0.691 0.011 0.011 0.015 0.012 0.024 0.010 0.020 0.063 
207 TMA-ZAIN-G-    (9)    1 :  0.011 0.035 0.010 0.585 0.009 0.035 0.116 0.099 0.063 0.026 0.011 
208 TMA-ZAIN-G-    (0)    1 :  0.003 0.004 0.003 0.593 0.003 0.282 0.010 0.004 0.059 0.034 0.005 
209 TMA-ZAIN-G-    (0)    1 :  0.003 0.004 0.003 0.106 0.003 0.159 0.004 0.050 0.017 0.385 0.266 
210 TMA-ZAIN-G-    (0)    1 :  0.003 0.005 0.003 0.100 0.004 0.152 0.009 0.016 0.098 0.213 0.396 
211 TMA-ZAIN-G-    (0)    1 :  0.012 0.025 0.021 0.062 0.008 0.146 0.023 0.016 0.025 0.553 0.109 
212 TMA-ZAIN-G-    (0)    1 :  0.004 0.005 0.006 0.377 0.003 0.036 0.013 0.010 0.018 0.504 0.025 
213 TMA-ZAIN-G-    (0)    1 :  0.003 0.005 0.004 0.324 0.004 0.069 0.005 0.008 0.007 0.543 0.029 
214 TMA-ZAIN-G-    (0)    1 :  0.003 0.004 0.003 0.147 0.003 0.070 0.004 0.007 0.038 0.693 0.028 
215 TMA-ZAIN-G-    (0)    1 :  0.003 0.264 0.009 0.094 0.003 0.308 0.005 0.002 0.005 0.302 0.005 
216 TMA-ZAIN-G-    (0)    1 :  0.003 0.005 0.004 0.021 0.003 0.013 0.006 0.007 0.005 0.922 0.010 
217 TMA-ZAIN-G-    (0)    1 :  0.004 0.004 0.003 0.093 0.004 0.241 0.003 0.008 0.128 0.420 0.092 
218 TMA-ZAIN-G-    (0)    1 :  0.005 0.935 0.004 0.006 0.007 0.006 0.012 0.005 0.009 0.008 0.003 
219 TMA-ZAIN-G-    (0)    1 :  0.005 0.947 0.007 0.004 0.004 0.004 0.006 0.009 0.004 0.006 0.003 
220 TMA-ZAIN-G-    (0)    1 :  0.009 0.689 0.005 0.023 0.148 0.011 0.078 0.009 0.014 0.009 0.006 
221 TMA-ZAIN-G-    (0)    1 :  0.004 0.915 0.016 0.008 0.003 0.009 0.009 0.006 0.006 0.017 0.006 
222 TMA-ZAIN-G-    (0)    1 :  0.006 0.888 0.006 0.014 0.037 0.009 0.006 0.011 0.010 0.008 0.004 
223 TMA-ZAIN-G-    (0)    1 :  0.007 0.942 0.007 0.004 0.005 0.004 0.013 0.006 0.004 0.004 0.003 
224 TMA-ZAIN-G-    (0)    1 :  0.008 0.898 0.010 0.005 0.013 0.006 0.014 0.016 0.005 0.018 0.008 
225 TMA-ZAIN-G-    (0)    1 :  0.007 0.936 0.007 0.004 0.011 0.004 0.009 0.004 0.002 0.005 0.010 
226 TMA-ZAIN-G-    (0)    1 :  0.014 0.911 0.006 0.007 0.006 0.007 0.010 0.006 0.005 0.008 0.018 
227 TMA-ZAIN-G-    (0)    1 :  0.010 0.915 0.012 0.009 0.006 0.008 0.006 0.004 0.004 0.008 0.017 
228 TMA-ZAIN-G-    (0)    1 :  0.016 0.888 0.008 0.014 0.007 0.022 0.014 0.007 0.008 0.009 0.007 
229 TMA-ZAIN-G-    (0)    1 :  0.012 0.919 0.021 0.003 0.014 0.004 0.009 0.006 0.007 0.003 0.003 
230 TMA-ZAIN-G-    (0)    1 :  0.022 0.769 0.005 0.011 0.016 0.062 0.011 0.037 0.013 0.037 0.017 
231 TMA-ZAIN-G-    (0)    1 :  0.010 0.232 0.380 0.027 0.254 0.036 0.012 0.018 0.009 0.014 0.009 
232 TMA-ZAIN-G-    (9)    1 :  0.044 0.278 0.427 0.012 0.142 0.011 0.005 0.013 0.035 0.025 0.009 
233 TMA-ZAIN-G-    (0)    1 :  0.005 0.852 0.011 0.010 0.006 0.020 0.014 0.016 0.046 0.012 0.007 
234 TMA-ZAIN-G-    (0)    1 :  0.024 0.651 0.037 0.010 0.223 0.005 0.009 0.019 0.006 0.004 0.011 
235 TMA-ZAIN-G-    (0)    1 :  0.204 0.614 0.016 0.014 0.009 0.039 0.035 0.012 0.005 0.033 0.020 
236 TMA-ZAIN-G-    (0)    1 :  0.026 0.873 0.019 0.012 0.006 0.012 0.006 0.005 0.007 0.011 0.023 
237 TMA-ZAIN-G-    (0)    1 :  0.095 0.485 0.008 0.038 0.037 0.250 0.019 0.011 0.015 0.031 0.011 
238 TMA-ZAIN-G-    (0)    1 :  0.052 0.814 0.017 0.026 0.017 0.027 0.007 0.004 0.005 0.026 0.006 
239 TMA-ZAIN-G-    (0)    1 :  0.007 0.008 0.750 0.004 0.004 0.004 0.003 0.034 0.017 0.041 0.129 
240 TMA-ZAIN-G-    (0)    1 :  0.004 0.007 0.961 0.003 0.004 0.005 0.003 0.006 0.003 0.003 0.004 
241 TMA-ZAIN-G-    (0)    1 :  0.005 0.005 0.949 0.006 0.003 0.012 0.002 0.005 0.005 0.005 0.004 
242 TMA-ZAIN-G-    (0)    1 :  0.004 0.005 0.957 0.007 0.003 0.006 0.003 0.004 0.005 0.004 0.002 
243 TMA-ZAIN-G-    (0)    1 :  0.003 0.004 0.941 0.008 0.002 0.015 0.003 0.005 0.008 0.006 0.004 
244 TMA-ZAIN-G-    (0)    1 :  0.005 0.005 0.932 0.015 0.003 0.015 0.003 0.003 0.009 0.006 0.003 
245 TMA-ZAIN-G-    (9)    1 :  0.004 0.005 0.967 0.003 0.004 0.003 0.003 0.003 0.002 0.003 0.003 
246 TMA-ZAIN-G-    (0)    1 :  0.002 0.004 0.970 0.003 0.003 0.003 0.003 0.003 0.003 0.003 0.002 
247 TMA-ZAIN-G-    (0)    1 :  0.002 0.004 0.964 0.004 0.002 0.004 0.004 0.004 0.005 0.004 0.002 
248 TMA-ZAIN-G-    (0)    1 :  0.005 0.007 0.943 0.006 0.003 0.006 0.005 0.004 0.005 0.007 0.010 
249 TMA-ZAIN-G-    (0)    1 :  0.004 0.006 0.959 0.003 0.002 0.003 0.004 0.004 0.003 0.004 0.007 
250 TMA-ZAIN-G-    (0)    1 :  0.002 0.006 0.961 0.003 0.002 0.003 0.005 0.003 0.006 0.004 0.004 
251 TMA-ZAIN-G-    (0)    1 :  0.005 0.004 0.003 0.005 0.006 0.003 0.005 0.957 0.004 0.004 0.006 
252 TMA-ZAIN-G-    (0)    1 :  0.003 0.008 0.003 0.035 0.005 0.036 0.003 0.859 0.035 0.008 0.005 
253 TMA-ZAIN-G-    (0)    1 :  0.003 0.003 0.004 0.010 0.010 0.004 0.003 0.949 0.005 0.004 0.005 
254 TMA-ZAIN-G-    (9)    1 :  0.005 0.004 0.003 0.023 0.013 0.010 0.005 0.911 0.014 0.008 0.005 
255 TMA-ZAIN-G-    (0)    1 :  0.007 0.004 0.019 0.007 0.020 0.004 0.003 0.919 0.007 0.004 0.005 
256 TMA-ZAIN-G-    (0)    1 :  0.005 0.004 0.007 0.006 0.010 0.006 0.003 0.930 0.004 0.006 0.019 
257 TMA-ZAIN-G-    (0)    1 :  0.003 0.004 0.004 0.003 0.004 0.003 0.003 0.958 0.003 0.004 0.012 
258 TMA-ZAIN-G-    (0)    1 :  0.003 0.003 0.003 0.004 0.005 0.003 0.003 0.965 0.004 0.003 0.005 
259 TMA-ZAIN-G-    (0)    1 :  0.003 0.004 0.005 0.003 0.003 0.003 0.005 0.959 0.005 0.003 0.006 
260 TMA-ZAIN-G-    (0)    1 :  0.003 0.003 0.004 0.003 0.004 0.004 0.005 0.954 0.010 0.004 0.006 
261 TMA-ZAIN-G-   (18)    1 :  0.004 0.004 0.003 0.005 0.005 0.005 0.012 0.937 0.009 0.007 0.008 
262 TMA-ZAIN-G-    (0)    1 :  0.004 0.003 0.003 0.003 0.004 0.003 0.003 0.964 0.003 0.003 0.006 
263 TMA-ZAIN-G-    (0)    1 :  0.004 0.004 0.004 0.004 0.009 0.003 0.004 0.957 0.003 0.004 0.005 
264 TMA-ZAIN-G-    (0)    1 :  0.004 0.004 0.003 0.005 0.015 0.004 0.004 0.947 0.004 0.004 0.006 
265 TMA-ZAIN-G-    (0)    1 :  0.006 0.202 0.015 0.023 0.027 0.025 0.032 0.597 0.035 0.026 0.012 
266 TMA-ZAIN-G-    (0)    1 :  0.012 0.013 0.007 0.030 0.013 0.014 0.064 0.702 0.018 0.079 0.049 
267 TMA-ZAIN-G-    (0)    1 :  0.015 0.022 0.278 0.012 0.040 0.025 0.089 0.485 0.014 0.011 0.007 
268 TMA-ZAIN-G-    (0)    1 :  0.036 0.005 0.829 0.004 0.096 0.004 0.009 0.006 0.004 0.004 0.003 
269 TMA-ZAIN-G-    (0)    1 :  0.151 0.031 0.602 0.007 0.155 0.008 0.023 0.008 0.005 0.006 0.004 
270 TMA-ZAIN-G-    (0)    1 :  0.068 0.026 0.797 0.006 0.051 0.007 0.019 0.012 0.005 0.005 0.004 
271 TMA-ZAIN-G-    (0)    1 :  0.026 0.008 0.892 0.005 0.037 0.005 0.010 0.007 0.004 0.004 0.003 
272 TMA-ZAIN-G-    (0)    1 :  0.026 0.056 0.837 0.004 0.026 0.005 0.030 0.005 0.003 0.005 0.003 
273 TMA-ZAIN-G-    (0)    1 :  0.015 0.032 0.912 0.003 0.016 0.003 0.007 0.004 0.002 0.003 0.003 
274 TMA-ZAIN-G-    (0)    1 :  0.009 0.018 0.722 0.008 0.135 0.012 0.017 0.008 0.008 0.020 0.042 
275 TMA-ZAIN-G-    (0)    1 :  0.005 0.008 0.952 0.004 0.009 0.003 0.007 0.003 0.002 0.004 0.003 
276 TMA-ZAIN-G-    (0)    1 :  0.012 0.005 0.956 0.004 0.004 0.004 0.003 0.003 0.003 0.003 0.002 
277 TMA-ZAIN-G-    (0)    1 :  0.008 0.006 0.944 0.004 0.009 0.005 0.005 0.006 0.005 0.003 0.005 
278 TMA-ZAIN-G-    (0)    1 :  0.006 0.006 0.958 0.003 0.006 0.003 0.005 0.005 0.003 0.003 0.003 
279 TMA-ZAIN-G-    (0)    1 :  0.006 0.015 0.911 0.004 0.027 0.004 0.014 0.004 0.002 0.006 0.006 
280 TMA-ZAIN-G-    (0)    1 :  0.043 0.130 0.661 0.006 0.118 0.005 0.014 0.004 0.002 0.009 0.008 
281 TMA-ZAIN-G-    (0)    1 :  0.036 0.018 0.873 0.004 0.035 0.004 0.009 0.005 0.003 0.005 0.006 
282 TMA-ZAIN-G-    (9)    1 :  0.012 0.006 0.940 0.003 0.015 0.003 0.006 0.005 0.003 0.003 0.003 
283 TMA-ZAIN-G-    (0)    1 :  0.029 0.036 0.575 0.012 0.168 0.007 0.063 0.092 0.005 0.008 0.004 
284 TMA-ZAIN-G-    (0)    1 :  0.030 0.074 0.406 0.013 0.295 0.007 0.044 0.112 0.003 0.012 0.005 
285 TMA-ZAIN-G-    (0)    1 :  0.015 0.018 0.753 0.013 0.086 0.017 0.021 0.023 0.021 0.023 0.010 
286 TMA-ZAIN-G-    (0)    1 :  0.017 0.008 0.866 0.003 0.072 0.004 0.014 0.008 0.003 0.003 0.003 
287 TMA-ZAIN-G-    (0)    1 :  0.010 0.007 0.820 0.005 0.097 0.011 0.013 0.006 0.009 0.009 0.013 
288 TMA-ZAIN-G-    (0)    1 :  0.009 0.026 0.348 0.008 0.442 0.013 0.095 0.007 0.006 0.019 0.025 
289 TMA-ZAIN-G-    (0)    1 :  0.009 0.010 0.755 0.008 0.118 0.016 0.024 0.009 0.014 0.014 0.023 
290 TMA-ZAIN-G-    (0)    1 :  0.013 0.012 0.260 0.005 0.663 0.004 0.024 0.005 0.003 0.006 0.005 
291 TMA-ZAIN-G-    (0)    1 :  0.011 0.893 0.011 0.005 0.017 0.004 0.036 0.009 0.004 0.006 0.004 
292 TMA-ZAIN-G-    (0)    1 :  0.009 0.021 0.013 0.153 0.008 0.656 0.009 0.005 0.006 0.097 0.023 
293 TMA-ZAIN-G-    (0)    1 :  0.005 0.017 0.011 0.398 0.004 0.343 0.021 0.022 0.036 0.111 0.033 
294 TMA-ZAIN-G-    (0)    1 :  0.003 0.004 0.004 0.076 0.004 0.870 0.006 0.007 0.010 0.012 0.004 
295 TMA-ZAIN-G-    (9)    1 :  0.003 0.007 0.008 0.104 0.004 0.820 0.014 0.007 0.013 0.014 0.005 
296 TMA-ZAIN-G-    (0)    1 :  0.009 0.010 0.006 0.371 0.016 0.437 0.016 0.012 0.006 0.067 0.050 
297 TMA-ZAIN-G-    (0)    1 :  0.005 0.008 0.006 0.627 0.005 0.089 0.011 0.028 0.026 0.080 0.113 
298 TMA-ZAIN-G-    (0)    1 :  0.016 0.014 0.017 0.043 0.008 0.835 0.012 0.035 0.007 0.009 0.004 
299 TMA-ZAIN-G-    (0)    1 :  0.004 0.005 0.004 0.014 0.003 0.946 0.003 0.003 0.007 0.006 0.004 
300 TMA-ZAIN-G-    (0)    1 :  0.002 0.006 0.005 0.025 0.003 0.871 0.012 0.006 0.033 0.032 0.006 
301 TMA-ZAIN-G-    (0)    1 :  0.006 0.009 0.007 0.046 0.004 0.758 0.007 0.006 0.026 0.098 0.033 
302 TMA-ZAIN-G-    (9)    1 :  0.003 0.005 0.003 0.156 0.005 0.739 0.006 0.006 0.007 0.051 0.019 
303 TMA-ZAIN-G-    (0)    1 :  0.015 0.846 0.005 0.004 0.010 0.003 0.013 0.019 0.002 0.019 0.063 
304 TMA-ZAIN-G-    (0)    2 :  0.018 0.007 0.007 0.080 0.013 0.019 0.016 0.555 0.144 0.102 0.038 
305 TMA-ZAIN-G-    (0)    2 :  0.003 0.005 0.004 0.436 0.004 0.437 0.010 0.010 0.019 0.059 0.013 
306 TMA-ZAIN-G-    (0)    2 :  0.106 0.009 0.022 0.174 0.062 0.167 0.010 0.340 0.020 0.062 0.028 
307 TMA-ZAIN-G-    (0)    2 :  0.013 0.005 0.011 0.091 0.009 0.017 0.011 0.405 0.306 0.116 0.016 
308 TMA-ZAIN-G-    (0)    2 :  0.009 0.071 0.014 0.004 0.055 0.004 0.059 0.750 0.011 0.007 0.016 
309 TMA-ZAIN-G-    (0)    2 :  0.003 0.004 0.003 0.012 0.004 0.020 0.005 0.004 0.007 0.919 0.020 
310 TMA-ZAIN-G-    (0)    2 :  0.008 0.015 0.025 0.117 0.005 0.740 0.016 0.016 0.011 0.044 0.004 
311 TMA-ZAIN-G-    (0)    2 :  0.037 0.023 0.008 0.501 0.031 0.185 0.027 0.052 0.008 0.109 0.018 
312 TMA-ZAIN-G-    (0)    2 :  0.005 0.012 0.004 0.046 0.005 0.036 0.038 0.008 0.009 0.816 0.021 
313 TMA-ZAIN-G-    (0)    2 :  0.013 0.004 0.004 0.059 0.011 0.127 0.010 0.640 0.032 0.078 0.021 
314 TMA-ZAIN-G-    (0)    2 :  0.183 0.027 0.238 0.008 0.172 0.008 0.304 0.014 0.008 0.026 0.011 
315 TMA-ZAIN-G-    (0)    2 :  0.006 0.017 0.374 0.092 0.014 0.327 0.036 0.019 0.051 0.057 0.007 
316 TMA-ZAIN-G-    (0)    2 :  0.012 0.042 0.395 0.083 0.010 0.296 0.042 0.016 0.047 0.052 0.006 
317 TMA-ZAIN-G-    (0)    2 :  0.073 0.656 0.028 0.007 0.052 0.022 0.126 0.015 0.005 0.007 0.009 
318 TMA-ZAIN-G-    (9)    2 :  0.369 0.068 0.397 0.006 0.030 0.017 0.040 0.046 0.011 0.006 0.010 
319 TMA-ZAIN-G-    (0)    3 :  0.020 0.408 0.085 0.005 0.012 0.005 0.021 0.009 0.003 0.009 0.424 
320 TMA-ZAIN-G-    (0)    3 :  0.005 0.424 0.006 0.077 0.006 0.386 0.008 0.005 0.023 0.051 0.009 
321 TMA-ZAIN-G-    (0)    4 :  0.017 0.016 0.030 0.103 0.037 0.073 0.376 0.009 0.014 0.318 0.007 
322 TMA-ZAIN-G-    (0)    4 :  0.019 0.171 0.007 0.203 0.097 0.086 0.153 0.084 0.045 0.129 0.007 
323 TMA-ZAIN-G-    (0)    5 :  0.008 0.811 0.012 0.009 0.008 0.007 0.009 0.011 0.026 0.030 0.069 
324 TMA-ZAIN-G-    (0)    5 :  0.004 0.007 0.004 0.867 0.008 0.011 0.016 0.021 0.009 0.020 0.033 
325 TMA-ZAIN-G-    (0)    5 :  0.004 0.899 0.022 0.012 0.003 0.010 0.015 0.007 0.006 0.016 0.006 
326 TMA-ZAIN-G-    (0)    5 :  0.002 0.575 0.003 0.010 0.003 0.005 0.009 0.015 0.006 0.022 0.350 
327 TMA-ZAIN-G-    (0)    5 :  0.003 0.004 0.003 0.007 0.003 0.009 0.008 0.011 0.030 0.044 0.877 
328 TMA-ZAIN-G-    (0)    5 :  0.038 0.137 0.063 0.019 0.318 0.010 0.039 0.015 0.172 0.098 0.092 
329 TMA-ZAIN-G-    (0)    5 :  0.004 0.009 0.006 0.034 0.004 0.422 0.016 0.031 0.078 0.353 0.041 
330 TMA-ZAIN-G-    (0)    6 :  0.004 0.006 0.003 0.028 0.005 0.076 0.017 0.032 0.067 0.744 0.020 
331 TMA-ZAIN-G-    (0)    6 :  0.030 0.056 0.063 0.021 0.006 0.176 0.016 0.097 0.006 0.520 0.009 
332 TMA-ZAIN-G-    (0)    6 :  0.003 0.003 0.002 0.028 0.002 0.008 0.007 0.004 0.010 0.688 0.244 
333 TMA-ZAIN-G-    (0)    6 :  0.003 0.004 0.002 0.003 0.003 0.004 0.003 0.004 0.004 0.008 0.962 
334 TMA-ZAIN-G-    (0)    6 :  0.013 0.010 0.934 0.004 0.010 0.004 0.009 0.006 0.003 0.004 0.003 
335 TMA-ZAIN-G-    (0)    6 :  0.004 0.004 0.956 0.004 0.003 0.005 0.006 0.004 0.006 0.004 0.003 
336 TMA-ZAIN-G-    (0)    6 :  0.011 0.014 0.872 0.008 0.021 0.012 0.030 0.013 0.005 0.008 0.006 
337 TMA-ZAIN-G-    (9)    6 :  0.052 0.026 0.726 0.006 0.117 0.006 0.048 0.007 0.004 0.006 0.003 
338 TMA-ZAIN-G-    (0)    6 :  0.023 0.008 0.884 0.004 0.052 0.003 0.010 0.007 0.003 0.003 0.003 
339 TMA-ZAIN-G-    (0)    6 :  0.016 0.006 0.954 0.002 0.007 0.002 0.004 0.003 0.002 0.002 0.002 
