

----------------------------------------------------
STRUCTURE by Pritchard, Stephens and Donnelly (2000)
     and Falush, Stephens and Pritchard (2003)
       Code by Pritchard, Falush and Hubisz
             Version 2.3.4 (Jul 2012)
----------------------------------------------------



Command line arguments:   bin\structure -m C:\Users\eschumacher\Documents\GitHub\GCC_QUAC_ZAIN\Data_Files\Structure_Files\ZAIN\ZAIN_rebinned_allpop_str\50-50\mainparams -e C:\Users\eschumacher\Documents\GitHub\GCC_QUAC_ZAIN\Data_Files\Structure_Files\ZAIN\ZAIN_rebinned_allpop_str\50-50\extraparams 
Input File:    C:\Users\eschumacher\Documents\GitHub\GCC_QUAC_ZAIN\Data_Files\Structure_Files\ZAIN\ZAIN_rebinned_allpop_str\project_data

Run parameters:
   1133 individuals
   11 loci
   16 populations assumed
   50000 Burn-in period
   50000 Reps


--------------------------------------------
Proportion of membership of each pre-defined
 population in each of the 16 clusters

Given    Inferred Clusters                                                                                                  Number of
 Pop       1      2      3      4      5      6      7      8      9     10     11     12     13     14     15     16      Individuals

  1:     0.031  0.034  0.046  0.094  0.041  0.058  0.081  0.085  0.074  0.072  0.024  0.060  0.070  0.068  0.086  0.076      303
  2:     0.027  0.031  0.014  0.142  0.024  0.045  0.123  0.059  0.041  0.156  0.038  0.043  0.060  0.012  0.104  0.080       15
  3:     0.008  0.010  0.220  0.100  0.017  0.011  0.018  0.374  0.024  0.005  0.015  0.013  0.095  0.011  0.055  0.025        2
  4:     0.066  0.023  0.006  0.104  0.019  0.021  0.174  0.077  0.081  0.027  0.217  0.072  0.018  0.007  0.027  0.062        2
  5:     0.044  0.050  0.173  0.018  0.020  0.008  0.052  0.323  0.023  0.012  0.014  0.063  0.046  0.014  0.017  0.124        7
  6:     0.006  0.006  0.077  0.012  0.032  0.006  0.113  0.006  0.004  0.005  0.005  0.064  0.008  0.005  0.642  0.007       13
  7:     0.009  0.003  0.004  0.004  0.006  0.008  0.005  0.009  0.004  0.003  0.006  0.005  0.004  0.007  0.917  0.006       13
  8:     0.011  0.061  0.051  0.034  0.022  0.007  0.043  0.014  0.421  0.008  0.012  0.138  0.035  0.020  0.006  0.116        7
  9:     0.007  0.024  0.048  0.228  0.020  0.061  0.252  0.011  0.053  0.008  0.025  0.076  0.050  0.005  0.015  0.116       11
 10:     0.057  0.019  0.014  0.045  0.014  0.039  0.045  0.097  0.368  0.014  0.059  0.080  0.066  0.009  0.008  0.067        9
 11:     0.011  0.004  0.005  0.008  0.010  0.872  0.006  0.011  0.008  0.005  0.008  0.005  0.006  0.022  0.013  0.007       35
 12:     0.006  0.023  0.013  0.271  0.017  0.006  0.097  0.006  0.184  0.017  0.008  0.068  0.126  0.004  0.004  0.149       36
 13:     0.006  0.024  0.021  0.230  0.009  0.004  0.057  0.006  0.110  0.008  0.011  0.019  0.126  0.006  0.005  0.358       33
 14:     0.011  0.010  0.009  0.013  0.043  0.006  0.006  0.006  0.008  0.822  0.009  0.011  0.007  0.007  0.014  0.016       40
 15:     0.004  0.007  0.888  0.009  0.006  0.003  0.022  0.004  0.007  0.006  0.005  0.019  0.007  0.003  0.003  0.006       39
 16:     0.043  0.027  0.012  0.024  0.015  0.189  0.023  0.143  0.027  0.023  0.329  0.014  0.022  0.019  0.052  0.038       40
 17:     0.059  0.017  0.010  0.014  0.048  0.029  0.009  0.606  0.009  0.019  0.058  0.011  0.011  0.050  0.038  0.012       37
 18:     0.006  0.020  0.012  0.100  0.008  0.004  0.047  0.003  0.547  0.006  0.005  0.032  0.031  0.003  0.003  0.173       40
 19:     0.102  0.003  0.016  0.006  0.041  0.757  0.006  0.008  0.005  0.005  0.008  0.006  0.004  0.004  0.022  0.006       28
 20:     0.004  0.006  0.005  0.007  0.917  0.004  0.005  0.004  0.005  0.013  0.005  0.007  0.005  0.005  0.004  0.006       14
 21:     0.013  0.006  0.028  0.014  0.024  0.010  0.012  0.026  0.009  0.007  0.015  0.011  0.008  0.794  0.013  0.009       13
 22:     0.005  0.005  0.014  0.008  0.005  0.003  0.014  0.003  0.008  0.007  0.005  0.908  0.005  0.002  0.002  0.007       14
 23:     0.006  0.022  0.008  0.122  0.007  0.003  0.011  0.004  0.019  0.006  0.005  0.030  0.726  0.004  0.003  0.024       25
 24:     0.006  0.884  0.006  0.011  0.006  0.005  0.008  0.005  0.011  0.008  0.005  0.009  0.010  0.006  0.005  0.015       40
 25:     0.014  0.009  0.017  0.031  0.036  0.035  0.032  0.012  0.025  0.647  0.018  0.069  0.015  0.009  0.010  0.021       32
 26:     0.003  0.003  0.003  0.003  0.004  0.003  0.003  0.004  0.003  0.003  0.003  0.002  0.003  0.954  0.004  0.003       20
 27:     0.023  0.005  0.005  0.008  0.014  0.598  0.008  0.053  0.016  0.006  0.194  0.016  0.007  0.003  0.033  0.012        4
 28:     0.416  0.011  0.005  0.012  0.012  0.293  0.011  0.013  0.054  0.009  0.026  0.010  0.014  0.004  0.050  0.060       23
 29:     0.911  0.004  0.004  0.004  0.006  0.012  0.004  0.007  0.005  0.006  0.007  0.005  0.004  0.004  0.012  0.005       39
 30:     0.011  0.004  0.004  0.006  0.014  0.011  0.004  0.006  0.005  0.004  0.005  0.004  0.005  0.006  0.905  0.005       38
 31:     0.005  0.046  0.147  0.050  0.007  0.004  0.541  0.006  0.029  0.009  0.011  0.080  0.021  0.005  0.004  0.036       45
 32:     0.005  0.019  0.126  0.151  0.017  0.004  0.281  0.009  0.068  0.012  0.007  0.082  0.083  0.011  0.004  0.121       28
 33:     0.470  0.006  0.008  0.010  0.005  0.411  0.005  0.024  0.006  0.007  0.011  0.007  0.005  0.011  0.006  0.007        6
 34:     0.017  0.013  0.009  0.007  0.011  0.012  0.010  0.024  0.006  0.006  0.851  0.009  0.006  0.004  0.008  0.008       40
 35:     0.012  0.011  0.009  0.010  0.020  0.016  0.018  0.760  0.006  0.010  0.032  0.011  0.008  0.040  0.029  0.007       42
--------------------------------------------

Allele-freq. divergence among pops (Net nucleotide distance),
computed using point estimates of P.

      1       2       3       4       5       6       7       8       9      10      11      12      13      14      15      16      
 1      -    0.3904  0.3059  0.2917  0.2558  0.0961  0.2917  0.1157  0.3025  0.1915  0.1816  0.2613  0.3043  0.3730  0.1592  0.2508  
 2   0.3904     -    0.2910  0.1497  0.2852  0.3776  0.1483  0.2895  0.1695  0.2308  0.1802  0.1565  0.1237  0.4834  0.3859  0.1149  
 3   0.3059  0.2910     -    0.2341  0.2428  0.3142  0.1434  0.1965  0.3010  0.2080  0.2366  0.1717  0.2527  0.4691  0.3755  0.2703  
 4   0.2917  0.1497  0.2341     -    0.1856  0.2757  0.0722  0.2037  0.0660  0.2697  0.1724  0.0966  0.0626  0.3827  0.3160  0.0514  
 5   0.2558  0.2852  0.2428  0.1856     -    0.2505  0.2055  0.1488  0.2765  0.2087  0.1754  0.1813  0.2146  0.3401  0.2435  0.2094  
 6   0.0961  0.3776  0.3142  0.2757  0.2505     -    0.2855  0.1331  0.2838  0.2214  0.2051  0.2710  0.2810  0.3186  0.1485  0.2503  
 7   0.2917  0.1483  0.1434  0.0722  0.2055  0.2855     -    0.1627  0.0896  0.2266  0.1297  0.0573  0.1179  0.3728  0.3123  0.0935  
 8   0.1157  0.2895  0.1965  0.2037  0.1488  0.1331  0.1627     -    0.2514  0.1743  0.0984  0.1842  0.2032  0.2123  0.1322  0.2083  
 9   0.3025  0.1695  0.3010  0.0660  0.2765  0.2838  0.0896  0.2514     -    0.2950  0.2092  0.1045  0.1051  0.4622  0.3843  0.0400  
10   0.1915  0.2308  0.2080  0.2697  0.2087  0.2214  0.2266  0.1743  0.2950     -    0.1893  0.1857  0.2490  0.3876  0.2898  0.2247  
11   0.1816  0.1802  0.2366  0.1724  0.1754  0.2051  0.1297  0.0984  0.2092  0.1893     -    0.1307  0.2008  0.3650  0.2058  0.1354  
12   0.2613  0.1565  0.1717  0.0966  0.1813  0.2710  0.0573  0.1842  0.1045  0.1857  0.1307     -    0.1487  0.4586  0.3401  0.0923  
13   0.3043  0.1237  0.2527  0.0626  0.2146  0.2810  0.1179  0.2032  0.1051  0.2490  0.2008  0.1487     -    0.3955  0.3194  0.0816  
14   0.3730  0.4834  0.4691  0.3827  0.3401  0.3186  0.3728  0.2123  0.4622  0.3876  0.3650  0.4586  0.3955     -    0.2090  0.4133  
15   0.1592  0.3859  0.3755  0.3160  0.2435  0.1485  0.3123  0.1322  0.3843  0.2898  0.2058  0.3401  0.3194  0.2090     -    0.3218  
16   0.2508  0.1149  0.2703  0.0514  0.2094  0.2503  0.0935  0.2083  0.0400  0.2247  0.1354  0.0923  0.0816  0.4133  0.3218     -    

Average distances (expected heterozygosity) between individuals in same cluster:
cluster  1  : 0.3331 
cluster  2  : 0.3486 
cluster  3  : 0.2346 
cluster  4  : 0.3420 
cluster  5  : 0.2550 
cluster  6  : 0.4897 
cluster  7  : 0.4362 
cluster  8  : 0.5273 
cluster  9  : 0.3263 
cluster 10  : 0.3650 
cluster 11  : 0.4554 
cluster 12  : 0.3626 
cluster 13  : 0.3895 
cluster 14  : 0.2340 
cluster 15  : 0.3718 
cluster 16  : 0.3882 

--------------------------------------------
Estimated Ln Prob of Data   = -20015.5
Mean value of ln likelihood = -19023.5
Variance of ln likelihood   = 1984.0
Mean value of alpha         = 0.0341

Mean value of Fst_1         = 0.5120
Mean value of Fst_2         = 0.4501
Mean value of Fst_3         = 0.6035
Mean value of Fst_4         = 0.3684
Mean value of Fst_5         = 0.6196
Mean value of Fst_6         = 0.4102
Mean value of Fst_7         = 0.3318
Mean value of Fst_8         = 0.1712
Mean value of Fst_9         = 0.4448
Mean value of Fst_10         = 0.4679
Mean value of Fst_11         = 0.3131
Mean value of Fst_12         = 0.5136
Mean value of Fst_13         = 0.3973
Mean value of Fst_14         = 0.6696
Mean value of Fst_15         = 0.5784
Mean value of Fst_16         = 0.3772


Inferred ancestry of individuals:
        Label (%Miss) Pop:  Inferred clusters
  1 TMA-ZAIN-G-    (9)    1 :  0.027 0.008 0.056 0.007 0.009 0.645 0.044 0.049 0.007 0.011 0.021 0.014 0.006 0.003 0.014 0.079 
  2 TMA-ZAIN-G-    (0)    1 :  0.017 0.004 0.007 0.013 0.017 0.688 0.012 0.010 0.011 0.016 0.006 0.005 0.155 0.004 0.007 0.029 
  3 TMA-ZAIN-G-    (0)    1 :  0.005 0.065 0.022 0.028 0.007 0.005 0.041 0.004 0.063 0.008 0.015 0.097 0.015 0.003 0.003 0.617 
  4 TMA-ZAIN-G-    (0)    1 :  0.010 0.043 0.015 0.021 0.572 0.006 0.008 0.005 0.090 0.017 0.005 0.015 0.015 0.003 0.005 0.168 
  5 TMA-ZAIN-G-    (0)    1 :  0.010 0.002 0.002 0.003 0.005 0.942 0.002 0.003 0.003 0.006 0.004 0.003 0.002 0.004 0.006 0.003 
  6 TMA-ZAIN-G-    (0)    1 :  0.016 0.051 0.014 0.018 0.030 0.022 0.028 0.028 0.015 0.017 0.182 0.111 0.013 0.033 0.019 0.404 
  7 TMA-ZAIN-G-    (0)    1 :  0.012 0.007 0.029 0.480 0.083 0.008 0.025 0.009 0.029 0.010 0.013 0.186 0.015 0.005 0.006 0.084 
  8 TMA-ZAIN-G-    (0)    1 :  0.004 0.008 0.004 0.008 0.004 0.004 0.005 0.003 0.012 0.010 0.005 0.906 0.008 0.002 0.003 0.015 
  9 TMA-ZAIN-G-    (9)    1 :  0.005 0.019 0.008 0.320 0.010 0.008 0.123 0.006 0.061 0.004 0.020 0.018 0.081 0.004 0.005 0.308 
 10 TMA-ZAIN-G-    (0)    1 :  0.003 0.033 0.013 0.403 0.010 0.003 0.194 0.006 0.040 0.009 0.033 0.066 0.039 0.004 0.004 0.139 
 11 TMA-ZAIN-G-    (0)    1 :  0.006 0.004 0.007 0.820 0.011 0.004 0.082 0.006 0.006 0.004 0.005 0.010 0.008 0.004 0.004 0.018 
 12 TMA-ZAIN-G-    (0)    1 :  0.005 0.005 0.023 0.020 0.005 0.005 0.033 0.005 0.473 0.005 0.010 0.016 0.007 0.003 0.003 0.381 
 13 TMA-ZAIN-G-    (9)    1 :  0.031 0.015 0.120 0.243 0.012 0.027 0.128 0.020 0.048 0.012 0.010 0.046 0.183 0.015 0.073 0.016 
 14 TMA-ZAIN-G-    (9)    1 :  0.003 0.007 0.795 0.023 0.005 0.003 0.068 0.008 0.010 0.008 0.010 0.008 0.017 0.019 0.007 0.010 
 15 TMA-ZAIN-G-    (0)    1 :  0.003 0.009 0.709 0.005 0.004 0.003 0.135 0.006 0.005 0.006 0.006 0.012 0.005 0.002 0.002 0.089 
 16 TMA-ZAIN-G-    (0)    1 :  0.004 0.004 0.006 0.127 0.005 0.003 0.027 0.006 0.635 0.003 0.007 0.009 0.015 0.005 0.005 0.139 
 17 TMA-ZAIN-G-    (9)    1 :  0.006 0.006 0.013 0.008 0.096 0.009 0.668 0.018 0.010 0.017 0.013 0.102 0.005 0.003 0.013 0.013 
 18 TMA-ZAIN-G-    (0)    1 :  0.692 0.006 0.008 0.004 0.018 0.030 0.007 0.119 0.010 0.049 0.021 0.011 0.004 0.004 0.011 0.008 
 19 TMA-ZAIN-G-    (0)    1 :  0.024 0.005 0.012 0.024 0.047 0.011 0.025 0.552 0.023 0.004 0.149 0.077 0.007 0.013 0.011 0.016 
 20 TMA-ZAIN-G-    (0)    1 :  0.036 0.005 0.004 0.004 0.007 0.027 0.003 0.773 0.003 0.031 0.008 0.003 0.005 0.021 0.067 0.004 
 21 TMA-ZAIN-G-    (0)    1 :  0.003 0.003 0.002 0.003 0.003 0.003 0.003 0.003 0.002 0.003 0.003 0.002 0.002 0.958 0.005 0.003 
 22 TMA-ZAIN-G-    (0)    1 :  0.016 0.002 0.003 0.003 0.005 0.009 0.002 0.006 0.002 0.004 0.005 0.003 0.003 0.004 0.931 0.003 
 23 TMA-ZAIN-G-    (0)    1 :  0.010 0.003 0.005 0.005 0.005 0.004 0.005 0.009 0.004 0.003 0.009 0.005 0.004 0.005 0.920 0.004 
 24 TMA-ZAIN-G-    (9)    1 :  0.006 0.078 0.017 0.013 0.003 0.006 0.015 0.003 0.007 0.006 0.003 0.003 0.197 0.007 0.631 0.005 
 25 TMA-ZAIN-G-    (9)    1 :  0.011 0.004 0.003 0.003 0.003 0.129 0.008 0.612 0.007 0.004 0.006 0.003 0.087 0.006 0.011 0.102 
 26 TMA-ZAIN-G-    (9)    1 :  0.006 0.008 0.020 0.018 0.010 0.006 0.107 0.009 0.011 0.400 0.005 0.022 0.110 0.077 0.009 0.181 
 27 TMA-ZAIN-G-    (0)    1 :  0.013 0.008 0.078 0.014 0.022 0.082 0.017 0.064 0.003 0.012 0.626 0.011 0.005 0.023 0.013 0.007 
 28 TMA-ZAIN-G-    (0)    1 :  0.014 0.005 0.009 0.006 0.005 0.006 0.005 0.014 0.004 0.005 0.902 0.008 0.004 0.003 0.004 0.005 
 29 TMA-ZAIN-G-    (0)    1 :  0.004 0.703 0.005 0.004 0.004 0.003 0.005 0.226 0.004 0.016 0.005 0.004 0.006 0.004 0.004 0.004 
 30 TMA-ZAIN-G-    (0)    1 :  0.005 0.032 0.057 0.051 0.008 0.004 0.169 0.032 0.048 0.006 0.444 0.014 0.091 0.004 0.005 0.032 
 31 TMA-ZAIN-G-    (0)    1 :  0.021 0.005 0.006 0.006 0.020 0.834 0.003 0.011 0.004 0.049 0.006 0.007 0.007 0.008 0.010 0.004 
 32 TMA-ZAIN-G-    (9)    1 :  0.369 0.004 0.009 0.007 0.005 0.035 0.035 0.043 0.022 0.005 0.006 0.005 0.008 0.011 0.072 0.365 
 33 TMA-ZAIN-G-   (18)    1 :  0.004 0.009 0.005 0.013 0.003 0.004 0.049 0.003 0.036 0.003 0.006 0.022 0.006 0.002 0.003 0.832 
 34 TMA-ZAIN-G-    (0)    1 :  0.044 0.004 0.004 0.012 0.004 0.028 0.009 0.007 0.027 0.005 0.006 0.007 0.010 0.015 0.018 0.801 
 35 TMA-ZAIN-G-    (9)    1 :  0.007 0.010 0.008 0.005 0.006 0.004 0.014 0.005 0.006 0.006 0.006 0.008 0.008 0.002 0.003 0.902 
 36 TMA-ZAIN-G-    (0)    1 :  0.005 0.010 0.123 0.024 0.008 0.004 0.234 0.006 0.014 0.015 0.006 0.056 0.332 0.002 0.003 0.159 
 37 TMA-ZAIN-G-    (9)    1 :  0.004 0.007 0.004 0.015 0.012 0.004 0.021 0.005 0.012 0.005 0.008 0.012 0.016 0.004 0.004 0.866 
 38 TMA-ZAIN-G-   (18)    1 :  0.016 0.006 0.023 0.008 0.009 0.520 0.037 0.042 0.010 0.006 0.005 0.005 0.009 0.005 0.020 0.279 
 39 TMA-ZAIN-G-    (0)    1 :  0.003 0.011 0.004 0.038 0.008 0.003 0.057 0.004 0.074 0.008 0.008 0.016 0.696 0.006 0.003 0.060 
 40 TMA-ZAIN-G-    (0)    1 :  0.003 0.007 0.004 0.035 0.017 0.004 0.650 0.004 0.087 0.005 0.004 0.012 0.085 0.010 0.003 0.070 
 41 TMA-ZAIN-G-    (0)    1 :  0.003 0.006 0.031 0.007 0.003 0.003 0.635 0.003 0.028 0.005 0.005 0.031 0.206 0.003 0.002 0.029 
 42 TMA-ZAIN-G-    (9)    1 :  0.003 0.009 0.092 0.004 0.005 0.003 0.787 0.003 0.008 0.014 0.004 0.048 0.009 0.002 0.002 0.006 
 43 TMA-ZAIN-G-    (0)    1 :  0.003 0.011 0.923 0.005 0.004 0.003 0.009 0.004 0.003 0.005 0.003 0.016 0.005 0.002 0.003 0.004 
 44 TMA-ZAIN-G-    (0)    1 :  0.005 0.010 0.004 0.085 0.007 0.005 0.010 0.009 0.014 0.003 0.003 0.009 0.041 0.764 0.005 0.026 
 45 TMA-ZAIN-G-    (0)    1 :  0.004 0.006 0.016 0.368 0.014 0.007 0.207 0.008 0.140 0.010 0.012 0.020 0.014 0.012 0.005 0.156 
 46 TMA-ZAIN-G-    (0)    1 :  0.004 0.002 0.004 0.003 0.006 0.004 0.002 0.004 0.002 0.004 0.003 0.003 0.003 0.948 0.006 0.002 
 47 TMA-ZAIN-G-    (0)    1 :  0.005 0.004 0.003 0.003 0.012 0.003 0.004 0.004 0.005 0.933 0.005 0.005 0.003 0.004 0.003 0.006 
 48 TMA-ZAIN-G-    (0)    1 :  0.006 0.015 0.049 0.136 0.134 0.005 0.146 0.012 0.018 0.175 0.051 0.162 0.014 0.015 0.029 0.035 
 49 TMA-ZAIN-G-    (9)    1 :  0.025 0.042 0.004 0.009 0.021 0.005 0.007 0.779 0.031 0.007 0.012 0.008 0.006 0.003 0.007 0.034 
 50 TMA-ZAIN-G-    (0)    1 :  0.004 0.003 0.008 0.007 0.005 0.014 0.071 0.800 0.010 0.003 0.022 0.012 0.026 0.005 0.005 0.005 
 51 TMA-ZAIN-G-    (0)    1 :  0.006 0.006 0.056 0.015 0.014 0.007 0.021 0.797 0.004 0.014 0.017 0.009 0.008 0.010 0.005 0.009 
 52 TMA-ZAIN-G-    (0)    1 :  0.007 0.003 0.016 0.007 0.125 0.005 0.007 0.719 0.012 0.030 0.030 0.010 0.007 0.008 0.008 0.007 
 53 TMA-ZAIN-G-    (0)    1 :  0.011 0.005 0.037 0.020 0.053 0.179 0.011 0.568 0.004 0.061 0.008 0.012 0.013 0.004 0.009 0.007 
 54 TMA-ZAIN-G-    (0)    1 :  0.007 0.003 0.010 0.006 0.004 0.003 0.011 0.008 0.007 0.900 0.010 0.011 0.004 0.004 0.005 0.006 
 55 TMA-ZAIN-G-    (0)    1 :  0.007 0.003 0.021 0.008 0.003 0.003 0.041 0.021 0.010 0.820 0.025 0.014 0.003 0.005 0.009 0.007 
 56 TMA-ZAIN-G-    (0)    1 :  0.004 0.020 0.027 0.052 0.379 0.009 0.215 0.031 0.016 0.054 0.055 0.072 0.024 0.005 0.010 0.027 
 57 TMA-ZAIN-G-    (0)    1 :  0.007 0.009 0.005 0.010 0.010 0.009 0.005 0.029 0.036 0.840 0.004 0.006 0.009 0.003 0.004 0.013 
 58 TMA-ZAIN-G-    (0)    1 :  0.126 0.008 0.008 0.008 0.016 0.015 0.020 0.309 0.015 0.043 0.177 0.043 0.004 0.007 0.191 0.011 
 59 TMA-ZAIN-G-    (0)    1 :  0.025 0.012 0.010 0.153 0.036 0.501 0.027 0.015 0.021 0.016 0.028 0.067 0.015 0.016 0.024 0.034 
 60 TMA-ZAIN-G-    (0)    1 :  0.138 0.006 0.129 0.022 0.040 0.262 0.016 0.182 0.006 0.017 0.126 0.021 0.005 0.011 0.010 0.009 
 61 TMA-ZAIN-G-    (0)    1 :  0.015 0.003 0.003 0.004 0.032 0.865 0.003 0.009 0.003 0.012 0.006 0.004 0.003 0.012 0.020 0.005 
 62 TMA-ZAIN-G-    (9)    1 :  0.008 0.006 0.005 0.014 0.003 0.772 0.019 0.016 0.017 0.010 0.040 0.008 0.014 0.018 0.010 0.038 
 63 TMA-ZAIN-G-    (0)    1 :  0.196 0.003 0.014 0.008 0.017 0.637 0.011 0.024 0.012 0.016 0.017 0.012 0.003 0.005 0.016 0.010 
 64 TMA-ZAIN-G-    (0)    1 :  0.002 0.939 0.005 0.008 0.004 0.002 0.005 0.002 0.004 0.003 0.003 0.004 0.008 0.002 0.002 0.005 
 65 TMA-ZAIN-G-    (9)    1 :  0.004 0.879 0.006 0.007 0.005 0.003 0.007 0.003 0.018 0.007 0.005 0.008 0.006 0.002 0.003 0.038 
 66 TMA-ZAIN-G-    (0)    1 :  0.003 0.874 0.005 0.029 0.005 0.003 0.009 0.003 0.011 0.004 0.004 0.008 0.016 0.003 0.003 0.023 
 67 TMA-ZAIN-G-    (0)    1 :  0.003 0.694 0.003 0.036 0.004 0.004 0.013 0.010 0.021 0.005 0.014 0.008 0.109 0.018 0.010 0.050 
 68 TMA-ZAIN-G-    (0)    1 :  0.003 0.938 0.006 0.005 0.004 0.002 0.005 0.003 0.004 0.004 0.003 0.009 0.004 0.002 0.002 0.005 
 69 TMA-ZAIN-G-    (0)    1 :  0.027 0.699 0.015 0.020 0.020 0.010 0.006 0.022 0.030 0.007 0.006 0.007 0.032 0.023 0.020 0.057 
 70 TMA-ZAIN-G-    (0)    1 :  0.003 0.011 0.005 0.037 0.004 0.003 0.007 0.004 0.008 0.003 0.005 0.004 0.889 0.004 0.004 0.009 
 71 TMA-ZAIN-G-    (0)    1 :  0.003 0.004 0.003 0.013 0.004 0.003 0.006 0.003 0.013 0.003 0.003 0.004 0.919 0.004 0.003 0.011 
 72 TMA-ZAIN-G-    (0)    1 :  0.004 0.013 0.005 0.009 0.004 0.003 0.009 0.004 0.008 0.006 0.007 0.006 0.898 0.003 0.004 0.016 
 73 TMA-ZAIN-G-    (0)    1 :  0.012 0.005 0.003 0.005 0.004 0.015 0.005 0.012 0.008 0.012 0.015 0.006 0.848 0.020 0.017 0.013 
 74 TMA-ZAIN-G-    (0)    1 :  0.004 0.004 0.003 0.007 0.003 0.006 0.006 0.007 0.010 0.005 0.004 0.005 0.913 0.005 0.004 0.013 
 75 TMA-ZAIN-G-    (0)    1 :  0.005 0.005 0.005 0.006 0.005 0.004 0.005 0.005 0.008 0.007 0.005 0.006 0.917 0.002 0.003 0.012 
 76 TMA-ZAIN-G-    (0)    1 :  0.003 0.005 0.003 0.015 0.003 0.005 0.005 0.008 0.008 0.003 0.004 0.004 0.895 0.020 0.008 0.009 
 77 TMA-ZAIN-G-    (0)    1 :  0.003 0.006 0.006 0.007 0.008 0.002 0.009 0.005 0.005 0.004 0.005 0.004 0.921 0.006 0.004 0.006 
 78 TMA-ZAIN-G-    (0)    1 :  0.005 0.005 0.005 0.011 0.009 0.005 0.005 0.010 0.007 0.006 0.007 0.006 0.886 0.011 0.008 0.013 
 79 TMA-ZAIN-G-    (0)    1 :  0.004 0.004 0.006 0.010 0.022 0.003 0.007 0.007 0.006 0.004 0.005 0.005 0.895 0.010 0.005 0.007 
 80 TMA-ZAIN-G-    (0)    1 :  0.003 0.022 0.004 0.020 0.006 0.003 0.018 0.004 0.118 0.011 0.006 0.011 0.728 0.007 0.003 0.037 
 81 TMA-ZAIN-G-    (0)    1 :  0.004 0.005 0.007 0.036 0.029 0.003 0.011 0.006 0.013 0.005 0.007 0.010 0.833 0.008 0.004 0.020 
 82 TMA-ZAIN-G-    (0)    1 :  0.007 0.181 0.007 0.117 0.008 0.004 0.007 0.005 0.042 0.014 0.006 0.015 0.101 0.002 0.003 0.483 
 83 TMA-ZAIN-G-    (9)    1 :  0.027 0.026 0.005 0.016 0.005 0.021 0.007 0.009 0.077 0.009 0.020 0.017 0.010 0.017 0.020 0.715 
 84 TMA-ZAIN-G-    (0)    1 :  0.003 0.005 0.006 0.033 0.010 0.004 0.011 0.007 0.016 0.003 0.006 0.006 0.847 0.022 0.006 0.013 
 85 TMA-ZAIN-G-    (0)    1 :  0.004 0.003 0.003 0.004 0.947 0.004 0.003 0.004 0.003 0.003 0.004 0.004 0.003 0.002 0.005 0.003 
 86 TMA-ZAIN-G-    (0)    1 :  0.003 0.006 0.003 0.011 0.909 0.004 0.009 0.004 0.009 0.005 0.005 0.008 0.006 0.006 0.004 0.010 
 87 TMA-ZAIN-G-    (0)    1 :  0.005 0.002 0.003 0.003 0.947 0.004 0.003 0.004 0.003 0.003 0.004 0.003 0.003 0.003 0.006 0.003 
 88 TMA-ZAIN-G-    (0)    1 :  0.018 0.038 0.016 0.027 0.335 0.172 0.009 0.010 0.108 0.088 0.010 0.013 0.026 0.008 0.009 0.113 
 89 TMA-ZAIN-G-    (0)    1 :  0.011 0.024 0.039 0.044 0.272 0.046 0.015 0.009 0.034 0.387 0.004 0.009 0.040 0.019 0.018 0.029 
 90 TMA-ZAIN-G-    (0)    1 :  0.037 0.012 0.004 0.005 0.828 0.004 0.005 0.006 0.020 0.029 0.005 0.005 0.004 0.004 0.004 0.028 
 91 TMA-ZAIN-G-    (0)    1 :  0.006 0.011 0.013 0.018 0.741 0.091 0.007 0.006 0.008 0.038 0.017 0.015 0.008 0.005 0.005 0.010 
 92 TMA-ZAIN-G-    (0)    1 :  0.014 0.006 0.013 0.013 0.507 0.007 0.009 0.030 0.005 0.279 0.027 0.008 0.011 0.034 0.026 0.010 
 93 TMA-ZAIN-G-    (0)    1 :  0.009 0.007 0.026 0.008 0.200 0.053 0.007 0.025 0.004 0.511 0.102 0.008 0.007 0.012 0.014 0.007 
 94 TMA-ZAIN-G-    (0)    1 :  0.018 0.005 0.007 0.006 0.721 0.137 0.003 0.008 0.003 0.048 0.014 0.004 0.005 0.005 0.010 0.005 
 95 TMA-ZAIN-G-    (0)    1 :  0.020 0.007 0.016 0.005 0.005 0.004 0.016 0.020 0.006 0.004 0.868 0.004 0.010 0.003 0.008 0.004 
 96 TMA-ZAIN-G-    (0)    1 :  0.005 0.004 0.015 0.004 0.008 0.006 0.092 0.067 0.008 0.004 0.759 0.006 0.003 0.005 0.009 0.005 
 97 TMA-ZAIN-G-    (0)    1 :  0.228 0.006 0.007 0.008 0.007 0.643 0.004 0.027 0.003 0.014 0.006 0.010 0.024 0.005 0.006 0.004 
 98 TMA-ZAIN-G-    (0)    1 :  0.231 0.004 0.004 0.008 0.006 0.670 0.003 0.004 0.003 0.012 0.003 0.013 0.030 0.003 0.004 0.004 
 99 TMA-ZAIN-G-    (0)    1 :  0.043 0.010 0.006 0.189 0.004 0.585 0.020 0.006 0.013 0.004 0.006 0.021 0.012 0.013 0.006 0.061 
100 TMA-ZAIN-G-    (0)    1 :  0.012 0.005 0.005 0.004 0.021 0.845 0.003 0.034 0.003 0.016 0.008 0.004 0.004 0.027 0.006 0.004 
101 TMA-ZAIN-G-    (0)    1 :  0.097 0.005 0.006 0.064 0.003 0.742 0.005 0.023 0.006 0.010 0.008 0.007 0.005 0.005 0.005 0.008 
102 TMA-ZAIN-G-    (0)    1 :  0.501 0.009 0.016 0.012 0.032 0.010 0.024 0.032 0.030 0.006 0.013 0.007 0.012 0.010 0.276 0.011 
103 TMA-ZAIN-G-    (0)    1 :  0.817 0.005 0.005 0.009 0.029 0.009 0.008 0.023 0.009 0.004 0.011 0.009 0.007 0.004 0.041 0.009 
104 TMA-ZAIN-G-    (0)    1 :  0.946 0.002 0.003 0.003 0.003 0.006 0.002 0.005 0.003 0.003 0.003 0.003 0.003 0.004 0.008 0.003 
105 TMA-ZAIN-G-    (0)    1 :  0.831 0.005 0.005 0.012 0.045 0.007 0.007 0.011 0.012 0.005 0.012 0.011 0.007 0.003 0.017 0.011 
106 TMA-ZAIN-G-    (0)    1 :  0.004 0.049 0.088 0.139 0.008 0.004 0.438 0.004 0.076 0.006 0.006 0.052 0.096 0.003 0.003 0.024 
107 TMA-ZAIN-G-    (0)    1 :  0.005 0.015 0.014 0.250 0.007 0.004 0.023 0.006 0.415 0.008 0.007 0.032 0.118 0.002 0.003 0.091 
108 TMA-ZAIN-G-    (9)    1 :  0.020 0.007 0.025 0.038 0.049 0.185 0.056 0.047 0.010 0.010 0.008 0.013 0.013 0.017 0.029 0.473 
109 TMA-ZAIN-G-    (0)    1 :  0.024 0.109 0.027 0.020 0.014 0.280 0.109 0.008 0.129 0.052 0.032 0.086 0.007 0.004 0.006 0.092 
110 TMA-ZAIN-G-    (0)    1 :  0.036 0.006 0.017 0.230 0.018 0.038 0.080 0.071 0.081 0.013 0.019 0.090 0.017 0.097 0.066 0.120 
111 TMA-ZAIN-G-    (9)    1 :  0.147 0.010 0.004 0.011 0.006 0.155 0.009 0.072 0.159 0.019 0.015 0.008 0.040 0.019 0.158 0.167 
112 TMA-ZAIN-G-    (0)    1 :  0.216 0.022 0.032 0.079 0.012 0.090 0.182 0.057 0.072 0.019 0.030 0.067 0.020 0.012 0.037 0.053 
113 TMA-ZAIN-G-    (0)    1 :  0.011 0.007 0.005 0.012 0.005 0.877 0.004 0.004 0.010 0.017 0.004 0.007 0.014 0.005 0.010 0.008 
114 TMA-ZAIN-G-    (0)    1 :  0.005 0.002 0.002 0.003 0.005 0.941 0.002 0.004 0.003 0.003 0.004 0.003 0.003 0.007 0.009 0.003 
115 TMA-ZAIN-G-    (0)    1 :  0.008 0.003 0.004 0.003 0.003 0.941 0.003 0.004 0.004 0.004 0.004 0.003 0.003 0.004 0.006 0.004 
116 TMA-ZAIN-G-    (0)    1 :  0.007 0.010 0.005 0.007 0.004 0.004 0.006 0.003 0.146 0.009 0.005 0.014 0.011 0.002 0.003 0.763 
117 TMA-ZAIN-G-    (0)    1 :  0.009 0.176 0.053 0.039 0.030 0.005 0.044 0.008 0.025 0.028 0.030 0.144 0.066 0.003 0.004 0.337 
118 TMA-ZAIN-G-    (0)    1 :  0.007 0.018 0.021 0.007 0.006 0.004 0.012 0.005 0.262 0.009 0.011 0.013 0.012 0.003 0.003 0.608 
119 TMA-ZAIN-G-    (0)    1 :  0.015 0.017 0.005 0.008 0.005 0.013 0.006 0.015 0.170 0.009 0.012 0.010 0.031 0.012 0.012 0.659 
120 TMA-ZAIN-G-    (0)    1 :  0.010 0.016 0.046 0.010 0.012 0.005 0.011 0.008 0.161 0.011 0.014 0.018 0.016 0.003 0.004 0.656 
121 TMA-ZAIN-G-    (0)    1 :  0.005 0.035 0.008 0.008 0.006 0.004 0.013 0.004 0.013 0.008 0.012 0.022 0.010 0.003 0.003 0.847 
122 TMA-ZAIN-G-    (0)    1 :  0.004 0.018 0.009 0.078 0.065 0.004 0.026 0.006 0.043 0.011 0.054 0.110 0.026 0.006 0.004 0.535 
123 TMA-ZAIN-G-    (0)    1 :  0.019 0.004 0.012 0.006 0.010 0.875 0.005 0.014 0.005 0.007 0.007 0.005 0.006 0.004 0.017 0.006 
124 TMA-ZAIN-G-    (0)    1 :  0.005 0.003 0.007 0.008 0.006 0.004 0.034 0.004 0.007 0.003 0.005 0.898 0.004 0.003 0.003 0.006 
125 TMA-ZAIN-G-    (0)    1 :  0.002 0.013 0.009 0.004 0.005 0.002 0.010 0.003 0.004 0.021 0.004 0.908 0.005 0.002 0.002 0.004 
126 TMA-ZAIN-G-    (0)    1 :  0.004 0.004 0.018 0.007 0.005 0.003 0.020 0.003 0.010 0.006 0.004 0.903 0.004 0.003 0.002 0.005 
127 TMA-ZAIN-G-    (0)    1 :  0.003 0.005 0.008 0.011 0.004 0.003 0.054 0.003 0.010 0.003 0.004 0.875 0.003 0.003 0.002 0.007 
128 TMA-ZAIN-G-    (0)    1 :  0.004 0.011 0.005 0.010 0.006 0.003 0.022 0.003 0.006 0.005 0.008 0.895 0.004 0.003 0.003 0.012 
129 TMA-ZAIN-G-    (0)    1 :  0.005 0.004 0.008 0.008 0.005 0.004 0.014 0.003 0.005 0.004 0.004 0.918 0.004 0.003 0.003 0.007 
130 TMA-ZAIN-G-    (0)    1 :  0.005 0.004 0.016 0.004 0.005 0.004 0.008 0.004 0.008 0.014 0.005 0.909 0.005 0.002 0.003 0.006 
131 TMA-ZAIN-G-    (0)    1 :  0.005 0.003 0.009 0.007 0.007 0.003 0.023 0.004 0.007 0.003 0.006 0.908 0.004 0.002 0.003 0.005 
132 TMA-ZAIN-G-    (0)    1 :  0.004 0.013 0.006 0.012 0.005 0.003 0.013 0.003 0.007 0.012 0.008 0.891 0.006 0.002 0.002 0.012 
133 TMA-ZAIN-G-    (0)    1 :  0.003 0.102 0.123 0.025 0.047 0.003 0.432 0.015 0.048 0.024 0.012 0.053 0.073 0.019 0.006 0.014 
134 TMA-ZAIN-G-    (0)    1 :  0.003 0.069 0.230 0.026 0.041 0.003 0.108 0.007 0.090 0.024 0.004 0.297 0.072 0.012 0.004 0.011 
135 TMA-ZAIN-G-    (0)    1 :  0.003 0.027 0.018 0.142 0.037 0.004 0.054 0.005 0.528 0.015 0.003 0.065 0.055 0.011 0.003 0.030 
136 TMA-ZAIN-G-    (0)    1 :  0.003 0.520 0.007 0.062 0.005 0.006 0.035 0.004 0.069 0.015 0.008 0.035 0.031 0.007 0.004 0.186 
137 TMA-ZAIN-G-    (0)    1 :  0.004 0.005 0.004 0.016 0.022 0.005 0.012 0.006 0.854 0.005 0.004 0.018 0.020 0.011 0.004 0.011 
138 TMA-ZAIN-G-    (0)    1 :  0.004 0.013 0.023 0.101 0.004 0.004 0.061 0.003 0.240 0.016 0.004 0.406 0.018 0.003 0.003 0.098 
139 TMA-ZAIN-G-    (0)    1 :  0.003 0.013 0.018 0.033 0.011 0.005 0.039 0.005 0.372 0.081 0.003 0.238 0.055 0.010 0.003 0.111 
140 TMA-ZAIN-G-    (0)    1 :  0.003 0.008 0.005 0.489 0.004 0.003 0.049 0.004 0.208 0.003 0.010 0.018 0.017 0.004 0.004 0.171 
141 TMA-ZAIN-G-    (0)    1 :  0.006 0.005 0.018 0.722 0.011 0.005 0.022 0.005 0.048 0.006 0.007 0.042 0.037 0.003 0.004 0.061 
142 TMA-ZAIN-G-    (9)    1 :  0.004 0.013 0.006 0.534 0.005 0.003 0.021 0.004 0.199 0.004 0.006 0.015 0.018 0.003 0.003 0.162 
143 TMA-ZAIN-G-    (0)    1 :  0.005 0.013 0.009 0.304 0.007 0.004 0.047 0.004 0.113 0.005 0.010 0.091 0.015 0.003 0.003 0.367 
144 TMA-ZAIN-G-    (0)    1 :  0.005 0.007 0.014 0.067 0.014 0.003 0.135 0.011 0.310 0.030 0.029 0.068 0.009 0.009 0.006 0.283 
145 TMA-ZAIN-G-    (0)    1 :  0.003 0.265 0.006 0.066 0.006 0.003 0.020 0.003 0.461 0.017 0.007 0.048 0.041 0.002 0.002 0.050 
146 TMA-ZAIN-G-    (0)    1 :  0.003 0.004 0.004 0.927 0.004 0.003 0.005 0.003 0.007 0.003 0.003 0.004 0.014 0.003 0.003 0.012 
147 TMA-ZAIN-G-    (9)    1 :  0.003 0.007 0.005 0.925 0.004 0.003 0.006 0.003 0.008 0.004 0.004 0.005 0.009 0.003 0.003 0.010 
148 TMA-ZAIN-G-    (0)    1 :  0.003 0.004 0.042 0.848 0.004 0.003 0.022 0.003 0.006 0.021 0.003 0.024 0.008 0.002 0.002 0.006 
149 TMA-ZAIN-G-    (0)    1 :  0.021 0.005 0.024 0.734 0.022 0.013 0.026 0.007 0.011 0.039 0.011 0.036 0.009 0.005 0.016 0.020 
150 TMA-ZAIN-G-    (0)    1 :  0.044 0.085 0.016 0.469 0.011 0.009 0.016 0.006 0.039 0.074 0.009 0.020 0.014 0.004 0.012 0.173 
151 TMA-ZAIN-G-    (0)    1 :  0.003 0.009 0.018 0.006 0.003 0.003 0.125 0.003 0.747 0.004 0.005 0.005 0.005 0.003 0.002 0.059 
152 TMA-ZAIN-G-    (0)    1 :  0.004 0.006 0.015 0.009 0.003 0.004 0.010 0.003 0.632 0.004 0.004 0.006 0.005 0.003 0.002 0.290 
153 TMA-ZAIN-G-    (0)    1 :  0.004 0.014 0.027 0.029 0.003 0.003 0.090 0.003 0.677 0.013 0.005 0.034 0.013 0.002 0.002 0.080 
154 TMA-ZAIN-G-    (0)    1 :  0.004 0.004 0.004 0.007 0.004 0.003 0.006 0.003 0.903 0.004 0.003 0.008 0.004 0.002 0.002 0.039 
155 TMA-ZAIN-G-    (0)    1 :  0.005 0.006 0.006 0.018 0.005 0.004 0.009 0.003 0.909 0.003 0.004 0.010 0.006 0.002 0.003 0.009 
156 TMA-ZAIN-G-    (9)    1 :  0.006 0.003 0.072 0.015 0.003 0.006 0.053 0.004 0.716 0.010 0.004 0.031 0.005 0.003 0.003 0.068 
157 TMA-ZAIN-G-    (0)    1 :  0.005 0.005 0.134 0.055 0.005 0.004 0.070 0.004 0.649 0.005 0.004 0.018 0.007 0.003 0.003 0.030 
158 TMA-ZAIN-G-    (0)    1 :  0.003 0.005 0.004 0.025 0.003 0.003 0.012 0.005 0.651 0.004 0.006 0.007 0.019 0.003 0.003 0.246 
159 TMA-ZAIN-G-    (0)    1 :  0.004 0.014 0.005 0.095 0.004 0.004 0.007 0.004 0.582 0.004 0.004 0.015 0.169 0.002 0.003 0.084 
160 TMA-ZAIN-G-    (0)    1 :  0.006 0.022 0.004 0.033 0.004 0.004 0.005 0.003 0.605 0.008 0.003 0.008 0.135 0.002 0.003 0.154 
161 TMA-ZAIN-G-    (0)    1 :  0.004 0.007 0.021 0.075 0.007 0.003 0.072 0.006 0.464 0.026 0.007 0.179 0.018 0.003 0.003 0.106 
162 TMA-ZAIN-G-    (0)    1 :  0.016 0.005 0.003 0.006 0.009 0.012 0.008 0.005 0.881 0.009 0.008 0.005 0.006 0.005 0.013 0.009 
163 TMA-ZAIN-G-    (0)    1 :  0.003 0.004 0.002 0.008 0.003 0.003 0.005 0.002 0.926 0.003 0.003 0.005 0.005 0.002 0.002 0.024 
164 TMA-ZAIN-G-    (0)    1 :  0.006 0.008 0.004 0.026 0.011 0.004 0.007 0.004 0.502 0.008 0.006 0.011 0.009 0.005 0.004 0.386 
165 TMA-ZAIN-G-    (0)    1 :  0.004 0.007 0.004 0.026 0.003 0.004 0.008 0.003 0.600 0.003 0.004 0.010 0.009 0.003 0.003 0.310 
166 TMA-ZAIN-G-    (0)    1 :  0.003 0.012 0.005 0.136 0.006 0.003 0.033 0.003 0.627 0.010 0.004 0.077 0.031 0.003 0.002 0.047 
167 TMA-ZAIN-G-    (0)    1 :  0.005 0.005 0.007 0.690 0.008 0.005 0.024 0.006 0.028 0.005 0.007 0.012 0.102 0.004 0.005 0.088 
168 TMA-ZAIN-G-    (0)    1 :  0.005 0.011 0.021 0.674 0.005 0.006 0.008 0.004 0.007 0.005 0.005 0.006 0.146 0.003 0.003 0.091 
169 TMA-ZAIN-G-    (0)    1 :  0.003 0.058 0.005 0.639 0.004 0.003 0.005 0.003 0.015 0.004 0.004 0.008 0.163 0.002 0.002 0.080 
170 TMA-ZAIN-G-    (0)    1 :  0.009 0.018 0.057 0.530 0.005 0.019 0.088 0.035 0.048 0.004 0.008 0.034 0.052 0.015 0.010 0.067 
171 TMA-ZAIN-G-    (0)    1 :  0.003 0.014 0.004 0.700 0.004 0.003 0.004 0.003 0.012 0.003 0.003 0.005 0.177 0.002 0.003 0.059 
172 TMA-ZAIN-G-    (0)    1 :  0.003 0.005 0.017 0.338 0.006 0.003 0.521 0.005 0.021 0.003 0.006 0.030 0.016 0.005 0.003 0.018 
173 TMA-ZAIN-G-    (0)    1 :  0.004 0.006 0.018 0.191 0.008 0.003 0.649 0.006 0.015 0.004 0.007 0.040 0.017 0.004 0.003 0.023 
174 TMA-ZAIN-G-    (0)    1 :  0.003 0.034 0.005 0.140 0.005 0.003 0.092 0.003 0.057 0.007 0.005 0.577 0.023 0.003 0.002 0.040 
175 TMA-ZAIN-G-    (0)    1 :  0.004 0.006 0.005 0.695 0.005 0.003 0.005 0.003 0.010 0.003 0.003 0.006 0.222 0.003 0.003 0.025 
176 TMA-ZAIN-G-    (0)    1 :  0.004 0.005 0.004 0.888 0.004 0.003 0.005 0.003 0.014 0.003 0.003 0.005 0.037 0.003 0.003 0.016 
177 TMA-ZAIN-G-    (0)    1 :  0.003 0.004 0.011 0.906 0.004 0.003 0.012 0.004 0.010 0.003 0.003 0.005 0.012 0.003 0.003 0.014 
178 TMA-ZAIN-G-    (0)    1 :  0.004 0.004 0.041 0.444 0.005 0.005 0.358 0.006 0.019 0.004 0.007 0.008 0.019 0.005 0.003 0.067 
179 TMA-ZAIN-G-    (0)    1 :  0.003 0.006 0.015 0.855 0.005 0.003 0.041 0.003 0.019 0.003 0.004 0.008 0.010 0.003 0.002 0.019 
180 TMA-ZAIN-G-    (0)    1 :  0.004 0.096 0.026 0.053 0.026 0.003 0.247 0.006 0.018 0.011 0.015 0.417 0.005 0.012 0.005 0.055 
181 TMA-ZAIN-G-    (0)    1 :  0.004 0.005 0.096 0.010 0.004 0.005 0.777 0.004 0.040 0.005 0.004 0.019 0.010 0.003 0.002 0.012 
182 TMA-ZAIN-G-    (0)    1 :  0.006 0.003 0.166 0.043 0.005 0.007 0.278 0.005 0.026 0.005 0.005 0.425 0.004 0.003 0.003 0.015 
183 TMA-ZAIN-G-    (0)    1 :  0.004 0.004 0.054 0.009 0.004 0.004 0.862 0.004 0.009 0.003 0.004 0.009 0.006 0.003 0.003 0.017 
184 TMA-ZAIN-G-    (0)    1 :  0.024 0.007 0.028 0.016 0.018 0.021 0.737 0.009 0.037 0.016 0.012 0.020 0.011 0.005 0.014 0.024 
185 TMA-ZAIN-G-    (0)    1 :  0.012 0.005 0.004 0.008 0.011 0.010 0.810 0.008 0.011 0.020 0.032 0.029 0.007 0.006 0.016 0.012 
186 TMA-ZAIN-G-    (9)    1 :  0.004 0.005 0.005 0.009 0.005 0.003 0.844 0.007 0.017 0.005 0.012 0.051 0.011 0.005 0.005 0.011 
187 TMA-ZAIN-G-    (0)    1 :  0.004 0.016 0.013 0.015 0.004 0.004 0.830 0.004 0.042 0.003 0.005 0.013 0.033 0.003 0.003 0.007 
188 TMA-ZAIN-G-    (0)    1 :  0.003 0.022 0.007 0.006 0.003 0.003 0.848 0.003 0.019 0.004 0.005 0.016 0.042 0.002 0.003 0.014 
189 TMA-ZAIN-G-    (0)    1 :  0.003 0.007 0.006 0.007 0.003 0.002 0.931 0.003 0.006 0.002 0.003 0.011 0.005 0.003 0.002 0.006 
190 TMA-ZAIN-G-    (0)    1 :  0.003 0.017 0.031 0.033 0.004 0.003 0.802 0.005 0.007 0.005 0.007 0.011 0.021 0.003 0.003 0.045 
191 TMA-ZAIN-G-    (0)    1 :  0.009 0.004 0.004 0.010 0.013 0.009 0.880 0.006 0.008 0.007 0.007 0.006 0.008 0.006 0.015 0.006 
192 TMA-ZAIN-G-    (0)    1 :  0.004 0.004 0.017 0.008 0.015 0.004 0.870 0.006 0.009 0.004 0.003 0.018 0.011 0.019 0.003 0.005 
193 TMA-ZAIN-G-    (0)    1 :  0.003 0.003 0.954 0.003 0.003 0.002 0.004 0.003 0.003 0.004 0.003 0.004 0.003 0.002 0.002 0.003 
194 TMA-ZAIN-G-    (0)    1 :  0.003 0.013 0.789 0.008 0.005 0.002 0.069 0.012 0.004 0.015 0.022 0.030 0.006 0.008 0.005 0.007 
195 TMA-ZAIN-G-    (0)    1 :  0.003 0.038 0.741 0.032 0.005 0.003 0.077 0.009 0.006 0.007 0.005 0.027 0.024 0.003 0.002 0.019 
196 TMA-ZAIN-G-    (0)    1 :  0.003 0.015 0.900 0.006 0.004 0.003 0.018 0.003 0.007 0.006 0.007 0.010 0.005 0.003 0.002 0.008 
197 TMA-ZAIN-G-    (0)    1 :  0.003 0.010 0.903 0.011 0.007 0.003 0.010 0.004 0.008 0.005 0.004 0.013 0.009 0.002 0.003 0.007 
198 TMA-ZAIN-G-    (0)    1 :  0.002 0.007 0.901 0.014 0.003 0.003 0.018 0.003 0.011 0.004 0.003 0.007 0.009 0.005 0.002 0.008 
199 TMA-ZAIN-G-    (0)    1 :  0.004 0.004 0.006 0.007 0.004 0.003 0.884 0.005 0.013 0.006 0.009 0.030 0.008 0.004 0.003 0.009 
200 TMA-ZAIN-G-    (0)    1 :  0.027 0.005 0.046 0.006 0.006 0.018 0.005 0.034 0.003 0.009 0.019 0.004 0.005 0.772 0.035 0.006 
201 TMA-ZAIN-G-    (0)    1 :  0.014 0.017 0.006 0.015 0.010 0.005 0.007 0.016 0.009 0.007 0.023 0.012 0.014 0.791 0.038 0.015 
202 TMA-ZAIN-G-    (0)    1 :  0.007 0.003 0.015 0.004 0.003 0.010 0.006 0.008 0.005 0.002 0.004 0.005 0.002 0.918 0.004 0.004 
203 TMA-ZAIN-G-    (0)    1 :  0.015 0.004 0.770 0.023 0.005 0.020 0.032 0.004 0.025 0.004 0.004 0.054 0.009 0.002 0.003 0.025 
204 TMA-ZAIN-G-    (9)    1 :  0.007 0.004 0.004 0.007 0.096 0.019 0.004 0.047 0.003 0.017 0.007 0.004 0.007 0.751 0.017 0.004 
205 TMA-ZAIN-G-    (0)    1 :  0.007 0.004 0.009 0.011 0.011 0.007 0.007 0.028 0.080 0.008 0.005 0.010 0.008 0.779 0.005 0.023 
206 TMA-ZAIN-G-    (9)    1 :  0.026 0.007 0.019 0.026 0.169 0.021 0.015 0.024 0.009 0.015 0.016 0.011 0.009 0.605 0.011 0.017 
207 TMA-ZAIN-G-    (9)    1 :  0.007 0.039 0.007 0.009 0.050 0.010 0.017 0.023 0.117 0.040 0.062 0.014 0.015 0.004 0.009 0.578 
208 TMA-ZAIN-G-    (0)    1 :  0.003 0.042 0.003 0.199 0.002 0.002 0.026 0.003 0.070 0.005 0.009 0.007 0.016 0.004 0.002 0.606 
209 TMA-ZAIN-G-    (0)    1 :  0.003 0.013 0.215 0.130 0.009 0.003 0.083 0.004 0.087 0.049 0.004 0.288 0.068 0.003 0.003 0.040 
210 TMA-ZAIN-G-    (0)    1 :  0.004 0.083 0.321 0.199 0.013 0.004 0.117 0.005 0.077 0.015 0.008 0.069 0.055 0.003 0.003 0.024 
211 TMA-ZAIN-G-    (0)    1 :  0.007 0.022 0.052 0.131 0.008 0.010 0.108 0.020 0.030 0.010 0.015 0.485 0.039 0.022 0.016 0.026 
212 TMA-ZAIN-G-    (0)    1 :  0.003 0.012 0.019 0.526 0.014 0.003 0.246 0.004 0.038 0.005 0.011 0.040 0.005 0.006 0.003 0.064 
213 TMA-ZAIN-G-    (0)    1 :  0.004 0.007 0.027 0.308 0.004 0.003 0.294 0.005 0.240 0.007 0.005 0.046 0.027 0.004 0.004 0.015 
214 TMA-ZAIN-G-    (0)    1 :  0.003 0.056 0.030 0.074 0.006 0.003 0.191 0.005 0.277 0.009 0.005 0.212 0.086 0.004 0.004 0.036 
215 TMA-ZAIN-G-    (0)    1 :  0.003 0.005 0.004 0.121 0.003 0.003 0.369 0.244 0.044 0.002 0.004 0.012 0.051 0.010 0.006 0.118 
216 TMA-ZAIN-G-    (0)    1 :  0.003 0.006 0.015 0.032 0.006 0.003 0.694 0.006 0.042 0.012 0.007 0.123 0.017 0.006 0.005 0.023 
217 TMA-ZAIN-G-    (0)    1 :  0.003 0.131 0.064 0.264 0.007 0.003 0.048 0.003 0.082 0.007 0.003 0.234 0.120 0.003 0.003 0.024 
218 TMA-ZAIN-G-    (0)    1 :  0.008 0.008 0.003 0.006 0.004 0.005 0.006 0.905 0.006 0.005 0.012 0.012 0.004 0.003 0.003 0.008 
219 TMA-ZAIN-G-    (0)    1 :  0.005 0.003 0.003 0.003 0.011 0.005 0.004 0.917 0.005 0.007 0.007 0.007 0.004 0.010 0.004 0.005 
220 TMA-ZAIN-G-    (0)    1 :  0.099 0.011 0.005 0.007 0.011 0.007 0.007 0.635 0.013 0.006 0.068 0.007 0.006 0.003 0.008 0.109 
221 TMA-ZAIN-G-    (0)    1 :  0.003 0.005 0.005 0.011 0.010 0.004 0.019 0.855 0.008 0.004 0.011 0.013 0.006 0.031 0.005 0.008 
222 TMA-ZAIN-G-    (0)    1 :  0.042 0.010 0.004 0.008 0.020 0.005 0.006 0.829 0.014 0.009 0.006 0.014 0.007 0.005 0.006 0.016 
223 TMA-ZAIN-G-    (0)    1 :  0.005 0.005 0.003 0.005 0.013 0.006 0.004 0.907 0.004 0.005 0.015 0.005 0.004 0.006 0.007 0.006 
224 TMA-ZAIN-G-    (0)    1 :  0.018 0.004 0.008 0.006 0.107 0.007 0.014 0.754 0.006 0.006 0.013 0.027 0.005 0.006 0.013 0.005 
225 TMA-ZAIN-G-    (0)    1 :  0.010 0.002 0.010 0.004 0.005 0.006 0.006 0.917 0.004 0.003 0.009 0.004 0.003 0.007 0.005 0.004 
226 TMA-ZAIN-G-    (0)    1 :  0.006 0.005 0.019 0.008 0.009 0.015 0.012 0.869 0.007 0.005 0.012 0.005 0.007 0.006 0.007 0.007 
227 TMA-ZAIN-G-    (0)    1 :  0.007 0.004 0.018 0.010 0.005 0.010 0.011 0.870 0.008 0.004 0.007 0.005 0.007 0.022 0.006 0.008 
228 TMA-ZAIN-G-    (0)    1 :  0.006 0.008 0.007 0.018 0.016 0.018 0.011 0.813 0.012 0.005 0.013 0.008 0.026 0.004 0.018 0.017 
229 TMA-ZAIN-G-    (0)    1 :  0.017 0.008 0.003 0.004 0.008 0.014 0.003 0.890 0.003 0.005 0.008 0.003 0.003 0.013 0.015 0.004 
230 TMA-ZAIN-G-    (0)    1 :  0.023 0.013 0.011 0.051 0.290 0.027 0.025 0.436 0.005 0.010 0.011 0.049 0.024 0.003 0.011 0.011 
231 TMA-ZAIN-G-    (0)    1 :  0.242 0.011 0.009 0.021 0.087 0.009 0.010 0.141 0.023 0.014 0.009 0.013 0.029 0.045 0.318 0.018 
232 TMA-ZAIN-G-    (9)    1 :  0.081 0.043 0.009 0.011 0.018 0.023 0.019 0.110 0.013 0.013 0.004 0.036 0.009 0.012 0.585 0.013 
233 TMA-ZAIN-G-    (0)    1 :  0.006 0.044 0.007 0.016 0.023 0.005 0.009 0.762 0.013 0.010 0.022 0.023 0.027 0.020 0.007 0.007 
234 TMA-ZAIN-G-    (0)    1 :  0.240 0.007 0.014 0.005 0.006 0.021 0.005 0.576 0.007 0.026 0.008 0.004 0.005 0.040 0.025 0.012 
235 TMA-ZAIN-G-    (0)    1 :  0.011 0.004 0.020 0.007 0.036 0.202 0.068 0.493 0.010 0.008 0.031 0.004 0.056 0.013 0.023 0.012 
236 TMA-ZAIN-G-    (0)    1 :  0.007 0.007 0.024 0.017 0.051 0.028 0.011 0.767 0.011 0.004 0.007 0.008 0.011 0.023 0.010 0.014 
237 TMA-ZAIN-G-    (0)    1 :  0.040 0.010 0.007 0.137 0.103 0.077 0.013 0.391 0.020 0.005 0.014 0.026 0.123 0.005 0.012 0.019 
238 TMA-ZAIN-G-    (0)    1 :  0.014 0.004 0.005 0.026 0.006 0.039 0.017 0.764 0.028 0.003 0.006 0.018 0.021 0.018 0.011 0.020 
