

----------------------------------------------------
STRUCTURE by Pritchard, Stephens and Donnelly (2000)
     and Falush, Stephens and Pritchard (2003)
       Code by Pritchard, Falush and Hubisz
             Version 2.3.4 (Jul 2012)
----------------------------------------------------



Command line arguments:   bin\structure -m C:\Users\eschumacher\Documents\GitHub\GCC_QUAC_ZAIN\Data_Files\Structure_Files\ZAIN\ZAIN_rebinned_allpop_str\50-50\mainparams -e C:\Users\eschumacher\Documents\GitHub\GCC_QUAC_ZAIN\Data_Files\Structure_Files\ZAIN\ZAIN_rebinned_allpop_str\50-50\extraparams 
Input File:    C:\Users\eschumacher\Documents\GitHub\GCC_QUAC_ZAIN\Data_Files\Structure_Files\ZAIN\ZAIN_rebinned_allpop_str\project_data

Run parameters:
   1133 individuals
   11 loci
   6 populations assumed
   50000 Burn-in period
   50000 Reps


--------------------------------------------
Proportion of membership of each pre-defined
 population in each of the 6 clusters

Given    Inferred Clusters                            Number of
 Pop       1      2      3      4      5      6      Individuals

  1:     0.098  0.195  0.153  0.318  0.115  0.120      303
  2:     0.067  0.181  0.104  0.297  0.219  0.132       15
  3:     0.010  0.120  0.038  0.224  0.009  0.599        2
  4:     0.071  0.171  0.057  0.340  0.052  0.310        2
  5:     0.037  0.285  0.026  0.225  0.023  0.404        7
  6:     0.017  0.245  0.669  0.037  0.020  0.013       13
  7:     0.017  0.006  0.951  0.005  0.005  0.016       13
  8:     0.013  0.201  0.009  0.747  0.015  0.015        7
  9:     0.033  0.389  0.017  0.464  0.016  0.081       11
 10:     0.121  0.079  0.011  0.565  0.039  0.185        9
 11:     0.934  0.006  0.033  0.008  0.008  0.012       35
 12:     0.008  0.150  0.005  0.802  0.026  0.009       36
 13:     0.006  0.094  0.006  0.875  0.009  0.011       33
 14:     0.007  0.008  0.019  0.010  0.951  0.005       40
 15:     0.004  0.970  0.003  0.006  0.013  0.004       39
 16:     0.174  0.027  0.053  0.063  0.026  0.657       40
 17:     0.069  0.012  0.103  0.020  0.035  0.761       37
 18:     0.008  0.119  0.004  0.859  0.007  0.005       40
 19:     0.933  0.009  0.008  0.005  0.039  0.007       28
 20:     0.008  0.010  0.028  0.013  0.924  0.017       14
 21:     0.009  0.037  0.914  0.010  0.010  0.020       13
 22:     0.006  0.945  0.003  0.027  0.015  0.005       14
 23:     0.006  0.049  0.006  0.923  0.009  0.006       25
 24:     0.006  0.019  0.006  0.927  0.022  0.019       40
 25:     0.023  0.052  0.009  0.021  0.872  0.022       32
 26:     0.003  0.004  0.977  0.006  0.005  0.005       20
 27:     0.763  0.009  0.007  0.010  0.011  0.200        4
 28:     0.903  0.011  0.017  0.033  0.013  0.023       23
 29:     0.958  0.006  0.007  0.006  0.009  0.015       39
 30:     0.050  0.005  0.920  0.006  0.008  0.010       38
 31:     0.005  0.888  0.005  0.086  0.008  0.009       45
 32:     0.006  0.577  0.011  0.382  0.014  0.010       28
 33:     0.943  0.006  0.008  0.005  0.007  0.031        6
 34:     0.021  0.024  0.008  0.024  0.014  0.908       40
 35:     0.020  0.022  0.080  0.017  0.012  0.849       42
--------------------------------------------

Allele-freq. divergence among pops (Net nucleotide distance),
computed using point estimates of P.

      1       2       3       4       5       6      
 1      -    0.2029  0.1424  0.2191  0.1415  0.0885  
 2   0.2029     -    0.2646  0.0758  0.1142  0.1012  
 3   0.1424  0.2646     -    0.2770  0.2091  0.1204  
 4   0.2191  0.0758  0.2770     -    0.1497  0.1401  
 5   0.1415  0.1142  0.2091  0.1497     -    0.0961  
 6   0.0885  0.1012  0.1204  0.1401  0.0961     -    

Average distances (expected heterozygosity) between individuals in same cluster:
cluster  1  : 0.4844 
cluster  2  : 0.4353 
cluster  3  : 0.4279 
cluster  4  : 0.4320 
cluster  5  : 0.4385 
cluster  6  : 0.5570 

--------------------------------------------
Estimated Ln Prob of Data   = -22212.0
Mean value of ln likelihood = -21818.2
Variance of ln likelihood   = 787.7
Mean value of alpha         = 0.0338

Mean value of Fst_1         = 0.3248
Mean value of Fst_2         = 0.3749
Mean value of Fst_3         = 0.4164
Mean value of Fst_4         = 0.2712
Mean value of Fst_5         = 0.4211
Mean value of Fst_6         = 0.1234


Inferred ancestry of individuals:
        Label (%Miss) Pop:  Inferred clusters
  1 TMA-ZAIN-G-    (9)    1 :  0.799 0.071 0.006 0.017 0.025 0.082 
  2 TMA-ZAIN-G-    (0)    1 :  0.765 0.023 0.006 0.143 0.025 0.038 
  3 TMA-ZAIN-G-    (0)    1 :  0.005 0.163 0.003 0.811 0.010 0.007 
  4 TMA-ZAIN-G-    (0)    1 :  0.018 0.041 0.009 0.146 0.773 0.013 
  5 TMA-ZAIN-G-    (0)    1 :  0.980 0.002 0.005 0.003 0.006 0.005 
  6 TMA-ZAIN-G-    (0)    1 :  0.033 0.164 0.043 0.515 0.058 0.186 
  7 TMA-ZAIN-G-    (0)    1 :  0.016 0.573 0.008 0.354 0.031 0.017 
  8 TMA-ZAIN-G-    (0)    1 :  0.008 0.688 0.003 0.275 0.021 0.006 
  9 TMA-ZAIN-G-    (9)    1 :  0.013 0.225 0.005 0.736 0.006 0.015 
 10 TMA-ZAIN-G-    (0)    1 :  0.003 0.205 0.004 0.765 0.011 0.011 
 11 TMA-ZAIN-G-    (0)    1 :  0.007 0.270 0.006 0.702 0.008 0.007 
 12 TMA-ZAIN-G-    (0)    1 :  0.006 0.038 0.003 0.943 0.005 0.005 
 13 TMA-ZAIN-G-    (9)    1 :  0.050 0.565 0.109 0.225 0.020 0.031 
 14 TMA-ZAIN-G-    (9)    1 :  0.004 0.969 0.005 0.009 0.008 0.006 
 15 TMA-ZAIN-G-    (0)    1 :  0.004 0.976 0.002 0.005 0.006 0.006 
 16 TMA-ZAIN-G-    (0)    1 :  0.004 0.019 0.005 0.962 0.004 0.006 
 17 TMA-ZAIN-G-    (9)    1 :  0.015 0.856 0.018 0.022 0.035 0.054 
 18 TMA-ZAIN-G-    (0)    1 :  0.734 0.020 0.006 0.011 0.052 0.178 
 19 TMA-ZAIN-G-    (0)    1 :  0.014 0.027 0.013 0.013 0.006 0.926 
 20 TMA-ZAIN-G-    (0)    1 :  0.042 0.003 0.089 0.003 0.021 0.842 
 21 TMA-ZAIN-G-    (0)    1 :  0.003 0.003 0.980 0.004 0.005 0.005 
 22 TMA-ZAIN-G-    (0)    1 :  0.057 0.003 0.921 0.003 0.006 0.010 
 23 TMA-ZAIN-G-    (0)    1 :  0.021 0.008 0.923 0.006 0.006 0.036 
 24 TMA-ZAIN-G-    (9)    1 :  0.011 0.052 0.789 0.138 0.006 0.004 
 25 TMA-ZAIN-G-    (9)    1 :  0.108 0.007 0.011 0.034 0.004 0.835 
 26 TMA-ZAIN-G-    (9)    1 :  0.013 0.175 0.044 0.272 0.480 0.016 
 27 TMA-ZAIN-G-    (0)    1 :  0.050 0.037 0.013 0.007 0.017 0.877 
 28 TMA-ZAIN-G-    (0)    1 :  0.011 0.011 0.004 0.008 0.007 0.958 
 29 TMA-ZAIN-G-    (0)    1 :  0.004 0.042 0.004 0.520 0.059 0.372 
 30 TMA-ZAIN-G-    (0)    1 :  0.004 0.480 0.005 0.145 0.007 0.358 
 31 TMA-ZAIN-G-    (0)    1 :  0.925 0.005 0.013 0.006 0.040 0.011 
 32 TMA-ZAIN-G-    (9)    1 :  0.911 0.028 0.009 0.029 0.004 0.017 
 33 TMA-ZAIN-G-   (18)    1 :  0.007 0.283 0.003 0.696 0.004 0.007 
 34 TMA-ZAIN-G-    (0)    1 :  0.330 0.018 0.016 0.617 0.008 0.010 
 35 TMA-ZAIN-G-    (9)    1 :  0.017 0.096 0.004 0.856 0.011 0.017 
 36 TMA-ZAIN-G-    (0)    1 :  0.004 0.606 0.003 0.364 0.017 0.006 
 37 TMA-ZAIN-G-    (9)    1 :  0.010 0.070 0.007 0.881 0.015 0.018 
 38 TMA-ZAIN-G-   (18)    1 :  0.886 0.046 0.011 0.020 0.006 0.030 
 39 TMA-ZAIN-G-    (0)    1 :  0.003 0.017 0.006 0.959 0.008 0.006 
 40 TMA-ZAIN-G-    (0)    1 :  0.004 0.094 0.004 0.888 0.005 0.004 
 41 TMA-ZAIN-G-    (0)    1 :  0.003 0.752 0.003 0.231 0.005 0.006 
 42 TMA-ZAIN-G-    (9)    1 :  0.003 0.977 0.002 0.007 0.006 0.003 
 43 TMA-ZAIN-G-    (0)    1 :  0.003 0.973 0.003 0.006 0.010 0.004 
 44 TMA-ZAIN-G-    (0)    1 :  0.005 0.019 0.853 0.102 0.005 0.016 
 45 TMA-ZAIN-G-    (0)    1 :  0.007 0.387 0.008 0.574 0.014 0.010 
 46 TMA-ZAIN-G-    (0)    1 :  0.003 0.004 0.980 0.003 0.006 0.004 
 47 TMA-ZAIN-G-    (0)    1 :  0.004 0.004 0.003 0.004 0.980 0.004 
 48 TMA-ZAIN-G-    (0)    1 :  0.006 0.226 0.027 0.057 0.661 0.023 
 49 TMA-ZAIN-G-    (9)    1 :  0.023 0.006 0.005 0.033 0.012 0.921 
 50 TMA-ZAIN-G-    (0)    1 :  0.006 0.023 0.006 0.009 0.003 0.952 
 51 TMA-ZAIN-G-    (0)    1 :  0.007 0.047 0.009 0.009 0.024 0.904 
 52 TMA-ZAIN-G-    (0)    1 :  0.007 0.013 0.014 0.010 0.102 0.854 
 53 TMA-ZAIN-G-    (0)    1 :  0.134 0.034 0.009 0.011 0.155 0.657 
 54 TMA-ZAIN-G-    (0)    1 :  0.005 0.011 0.005 0.006 0.964 0.009 
 55 TMA-ZAIN-G-    (0)    1 :  0.005 0.038 0.008 0.007 0.911 0.030 
 56 TMA-ZAIN-G-    (0)    1 :  0.009 0.119 0.010 0.064 0.677 0.120 
 57 TMA-ZAIN-G-    (0)    1 :  0.008 0.005 0.003 0.010 0.961 0.013 
 58 TMA-ZAIN-G-    (0)    1 :  0.024 0.010 0.059 0.006 0.023 0.878 
 59 TMA-ZAIN-G-    (0)    1 :  0.669 0.060 0.038 0.110 0.069 0.054 
 60 TMA-ZAIN-G-    (0)    1 :  0.358 0.072 0.009 0.013 0.041 0.507 
 61 TMA-ZAIN-G-    (0)    1 :  0.943 0.003 0.022 0.004 0.018 0.011 
 62 TMA-ZAIN-G-    (9)    1 :  0.870 0.022 0.025 0.030 0.011 0.042 
 63 TMA-ZAIN-G-    (0)    1 :  0.960 0.006 0.007 0.004 0.012 0.010 
 64 TMA-ZAIN-G-    (0)    1 :  0.002 0.014 0.003 0.972 0.006 0.003 
 65 TMA-ZAIN-G-    (9)    1 :  0.003 0.023 0.003 0.951 0.016 0.004 
 66 TMA-ZAIN-G-    (0)    1 :  0.003 0.016 0.003 0.968 0.007 0.004 
 67 TMA-ZAIN-G-    (0)    1 :  0.004 0.005 0.010 0.965 0.005 0.011 
 68 TMA-ZAIN-G-    (0)    1 :  0.002 0.065 0.002 0.908 0.019 0.004 
 69 TMA-ZAIN-G-    (0)    1 :  0.007 0.007 0.014 0.951 0.011 0.009 
 70 TMA-ZAIN-G-    (0)    1 :  0.003 0.009 0.005 0.971 0.005 0.007 
 71 TMA-ZAIN-G-    (0)    1 :  0.003 0.006 0.004 0.979 0.004 0.004 
 72 TMA-ZAIN-G-    (0)    1 :  0.004 0.051 0.005 0.922 0.009 0.009 
 73 TMA-ZAIN-G-    (0)    1 :  0.027 0.008 0.041 0.861 0.021 0.042 
 74 TMA-ZAIN-G-    (0)    1 :  0.011 0.010 0.014 0.936 0.007 0.022 
 75 TMA-ZAIN-G-    (0)    1 :  0.006 0.011 0.005 0.956 0.013 0.010 
 76 TMA-ZAIN-G-    (0)    1 :  0.008 0.005 0.059 0.902 0.004 0.022 
 77 TMA-ZAIN-G-    (0)    1 :  0.004 0.037 0.012 0.925 0.009 0.012 
 78 TMA-ZAIN-G-    (0)    1 :  0.011 0.014 0.060 0.846 0.019 0.049 
 79 TMA-ZAIN-G-    (0)    1 :  0.006 0.070 0.051 0.829 0.024 0.020 
 80 TMA-ZAIN-G-    (0)    1 :  0.003 0.008 0.006 0.968 0.010 0.005 
 81 TMA-ZAIN-G-    (0)    1 :  0.005 0.020 0.013 0.935 0.015 0.013 
 82 TMA-ZAIN-G-    (0)    1 :  0.005 0.008 0.003 0.971 0.009 0.005 
 83 TMA-ZAIN-G-    (9)    1 :  0.073 0.012 0.032 0.839 0.021 0.023 
 84 TMA-ZAIN-G-    (0)    1 :  0.005 0.010 0.049 0.915 0.006 0.016 
 85 TMA-ZAIN-G-    (0)    1 :  0.023 0.009 0.021 0.009 0.803 0.135 
 86 TMA-ZAIN-G-    (0)    1 :  0.008 0.010 0.036 0.017 0.907 0.023 
 87 TMA-ZAIN-G-    (0)    1 :  0.040 0.008 0.202 0.010 0.667 0.073 
 88 TMA-ZAIN-G-    (0)    1 :  0.170 0.038 0.012 0.117 0.652 0.011 
 89 TMA-ZAIN-G-    (0)    1 :  0.019 0.020 0.018 0.032 0.904 0.006 
 90 TMA-ZAIN-G-    (0)    1 :  0.007 0.006 0.008 0.008 0.958 0.014 
 91 TMA-ZAIN-G-    (0)    1 :  0.022 0.010 0.007 0.009 0.939 0.013 
 92 TMA-ZAIN-G-    (0)    1 :  0.006 0.010 0.018 0.006 0.936 0.025 
 93 TMA-ZAIN-G-    (0)    1 :  0.018 0.008 0.009 0.005 0.938 0.021 
 94 TMA-ZAIN-G-    (0)    1 :  0.044 0.005 0.011 0.004 0.921 0.015 
 95 TMA-ZAIN-G-    (0)    1 :  0.009 0.023 0.008 0.014 0.005 0.941 
 96 TMA-ZAIN-G-    (0)    1 :  0.005 0.048 0.005 0.009 0.008 0.926 
 97 TMA-ZAIN-G-    (0)    1 :  0.960 0.005 0.007 0.007 0.010 0.011 
 98 TMA-ZAIN-G-    (0)    1 :  0.974 0.004 0.004 0.005 0.008 0.004 
 99 TMA-ZAIN-G-    (0)    1 :  0.839 0.024 0.017 0.109 0.004 0.008 
100 TMA-ZAIN-G-    (0)    1 :  0.931 0.005 0.017 0.004 0.025 0.017 
101 TMA-ZAIN-G-    (0)    1 :  0.964 0.005 0.005 0.009 0.009 0.008 
102 TMA-ZAIN-G-    (0)    1 :  0.677 0.041 0.161 0.038 0.013 0.069 
103 TMA-ZAIN-G-    (0)    1 :  0.926 0.011 0.014 0.011 0.009 0.029 
104 TMA-ZAIN-G-    (0)    1 :  0.976 0.004 0.005 0.004 0.005 0.006 
105 TMA-ZAIN-G-    (0)    1 :  0.937 0.012 0.008 0.014 0.010 0.019 
106 TMA-ZAIN-G-    (0)    1 :  0.003 0.729 0.003 0.255 0.005 0.004 
107 TMA-ZAIN-G-    (0)    1 :  0.005 0.013 0.003 0.969 0.005 0.005 
108 TMA-ZAIN-G-    (9)    1 :  0.452 0.278 0.049 0.138 0.026 0.058 
109 TMA-ZAIN-G-    (0)    1 :  0.317 0.231 0.006 0.335 0.058 0.054 
110 TMA-ZAIN-G-    (0)    1 :  0.093 0.320 0.161 0.263 0.031 0.132 
111 TMA-ZAIN-G-    (9)    1 :  0.715 0.015 0.077 0.101 0.034 0.058 
112 TMA-ZAIN-G-    (0)    1 :  0.308 0.250 0.047 0.218 0.034 0.143 
113 TMA-ZAIN-G-    (0)    1 :  0.953 0.006 0.007 0.015 0.014 0.005 
114 TMA-ZAIN-G-    (0)    1 :  0.972 0.002 0.013 0.003 0.005 0.005 
115 TMA-ZAIN-G-    (0)    1 :  0.979 0.003 0.006 0.003 0.004 0.005 
116 TMA-ZAIN-G-    (0)    1 :  0.008 0.008 0.003 0.965 0.013 0.005 
117 TMA-ZAIN-G-    (0)    1 :  0.006 0.283 0.003 0.665 0.031 0.011 
118 TMA-ZAIN-G-    (0)    1 :  0.007 0.011 0.003 0.964 0.009 0.006 
119 TMA-ZAIN-G-    (0)    1 :  0.015 0.007 0.008 0.951 0.009 0.010 
120 TMA-ZAIN-G-    (0)    1 :  0.010 0.024 0.004 0.936 0.017 0.010 
121 TMA-ZAIN-G-    (0)    1 :  0.008 0.022 0.003 0.943 0.016 0.008 
122 TMA-ZAIN-G-    (0)    1 :  0.006 0.058 0.007 0.888 0.026 0.014 
123 TMA-ZAIN-G-    (0)    1 :  0.963 0.006 0.010 0.005 0.005 0.011 
124 TMA-ZAIN-G-    (0)    1 :  0.005 0.970 0.003 0.011 0.005 0.006 
125 TMA-ZAIN-G-    (0)    1 :  0.003 0.927 0.002 0.017 0.046 0.005 
126 TMA-ZAIN-G-    (0)    1 :  0.004 0.971 0.003 0.010 0.008 0.004 
127 TMA-ZAIN-G-    (0)    1 :  0.003 0.974 0.003 0.013 0.004 0.003 
128 TMA-ZAIN-G-    (0)    1 :  0.004 0.933 0.003 0.047 0.007 0.006 
129 TMA-ZAIN-G-    (0)    1 :  0.006 0.971 0.003 0.010 0.005 0.005 
130 TMA-ZAIN-G-    (0)    1 :  0.007 0.949 0.003 0.013 0.024 0.005 
131 TMA-ZAIN-G-    (0)    1 :  0.004 0.974 0.003 0.008 0.005 0.006 
132 TMA-ZAIN-G-    (0)    1 :  0.004 0.868 0.003 0.081 0.039 0.006 
133 TMA-ZAIN-G-    (0)    1 :  0.003 0.836 0.012 0.107 0.030 0.012 
134 TMA-ZAIN-G-    (0)    1 :  0.003 0.910 0.008 0.055 0.019 0.005 
135 TMA-ZAIN-G-    (0)    1 :  0.005 0.050 0.005 0.930 0.007 0.004 
136 TMA-ZAIN-G-    (0)    1 :  0.003 0.018 0.004 0.950 0.020 0.004 
137 TMA-ZAIN-G-    (0)    1 :  0.009 0.035 0.005 0.940 0.007 0.005 
138 TMA-ZAIN-G-    (0)    1 :  0.005 0.586 0.003 0.392 0.011 0.004 
139 TMA-ZAIN-G-    (0)    1 :  0.006 0.160 0.004 0.775 0.051 0.004 
140 TMA-ZAIN-G-    (0)    1 :  0.004 0.049 0.004 0.933 0.004 0.006 
141 TMA-ZAIN-G-    (0)    1 :  0.007 0.205 0.004 0.770 0.007 0.007 
142 TMA-ZAIN-G-    (9)    1 :  0.004 0.023 0.004 0.960 0.005 0.005 
143 TMA-ZAIN-G-    (0)    1 :  0.005 0.142 0.003 0.839 0.006 0.006 
144 TMA-ZAIN-G-    (0)    1 :  0.004 0.112 0.005 0.827 0.035 0.016 
145 TMA-ZAIN-G-    (0)    1 :  0.003 0.009 0.002 0.973 0.009 0.004 
146 TMA-ZAIN-G-    (0)    1 :  0.004 0.009 0.003 0.977 0.004 0.004 
147 TMA-ZAIN-G-    (9)    1 :  0.003 0.010 0.004 0.975 0.004 0.004 
148 TMA-ZAIN-G-    (0)    1 :  0.003 0.254 0.003 0.694 0.041 0.004 
149 TMA-ZAIN-G-    (0)    1 :  0.032 0.137 0.019 0.689 0.107 0.016 
150 TMA-ZAIN-G-    (0)    1 :  0.027 0.022 0.014 0.822 0.101 0.014 
151 TMA-ZAIN-G-    (0)    1 :  0.004 0.045 0.002 0.939 0.005 0.004 
152 TMA-ZAIN-G-    (0)    1 :  0.006 0.015 0.002 0.967 0.006 0.004 
153 TMA-ZAIN-G-    (0)    1 :  0.004 0.103 0.003 0.870 0.016 0.004 
154 TMA-ZAIN-G-    (0)    1 :  0.005 0.013 0.002 0.970 0.006 0.004 
155 TMA-ZAIN-G-    (0)    1 :  0.007 0.018 0.003 0.964 0.004 0.005 
156 TMA-ZAIN-G-    (9)    1 :  0.028 0.379 0.003 0.560 0.025 0.005 
157 TMA-ZAIN-G-    (0)    1 :  0.009 0.421 0.003 0.555 0.007 0.005 
158 TMA-ZAIN-G-    (0)    1 :  0.004 0.010 0.003 0.971 0.005 0.006 
159 TMA-ZAIN-G-    (0)    1 :  0.005 0.008 0.002 0.977 0.005 0.004 
160 TMA-ZAIN-G-    (0)    1 :  0.006 0.005 0.002 0.978 0.005 0.003 
161 TMA-ZAIN-G-    (0)    1 :  0.004 0.104 0.003 0.862 0.021 0.006 
162 TMA-ZAIN-G-    (0)    1 :  0.038 0.008 0.017 0.903 0.020 0.013 
163 TMA-ZAIN-G-    (0)    1 :  0.005 0.007 0.002 0.979 0.004 0.003 
164 TMA-ZAIN-G-    (0)    1 :  0.007 0.010 0.003 0.967 0.009 0.004 
165 TMA-ZAIN-G-    (0)    1 :  0.005 0.009 0.003 0.976 0.004 0.003 
166 TMA-ZAIN-G-    (0)    1 :  0.003 0.022 0.002 0.962 0.006 0.004 
167 TMA-ZAIN-G-    (0)    1 :  0.007 0.074 0.006 0.897 0.007 0.010 
168 TMA-ZAIN-G-    (0)    1 :  0.008 0.031 0.004 0.944 0.008 0.006 
169 TMA-ZAIN-G-    (0)    1 :  0.003 0.006 0.003 0.979 0.005 0.004 
170 TMA-ZAIN-G-    (0)    1 :  0.019 0.260 0.012 0.676 0.005 0.028 
171 TMA-ZAIN-G-    (0)    1 :  0.004 0.006 0.003 0.980 0.004 0.003 
172 TMA-ZAIN-G-    (0)    1 :  0.004 0.877 0.004 0.104 0.004 0.007 
173 TMA-ZAIN-G-    (0)    1 :  0.003 0.913 0.004 0.068 0.005 0.007 
174 TMA-ZAIN-G-    (0)    1 :  0.003 0.106 0.002 0.878 0.007 0.004 
175 TMA-ZAIN-G-    (0)    1 :  0.004 0.008 0.003 0.976 0.005 0.004 
176 TMA-ZAIN-G-    (0)    1 :  0.004 0.012 0.004 0.972 0.005 0.004 
177 TMA-ZAIN-G-    (0)    1 :  0.004 0.103 0.004 0.880 0.004 0.005 
178 TMA-ZAIN-G-    (0)    1 :  0.005 0.888 0.004 0.092 0.005 0.007 
179 TMA-ZAIN-G-    (0)    1 :  0.004 0.240 0.003 0.744 0.005 0.005 
180 TMA-ZAIN-G-    (0)    1 :  0.004 0.870 0.007 0.094 0.017 0.007 
181 TMA-ZAIN-G-    (0)    1 :  0.004 0.972 0.002 0.014 0.004 0.003 
182 TMA-ZAIN-G-    (0)    1 :  0.006 0.975 0.003 0.007 0.006 0.004 
183 TMA-ZAIN-G-    (0)    1 :  0.004 0.975 0.003 0.011 0.004 0.004 
184 TMA-ZAIN-G-    (0)    1 :  0.051 0.831 0.017 0.052 0.033 0.016 
185 TMA-ZAIN-G-    (0)    1 :  0.021 0.821 0.035 0.038 0.043 0.042 
186 TMA-ZAIN-G-    (9)    1 :  0.004 0.922 0.006 0.047 0.006 0.015 
187 TMA-ZAIN-G-    (0)    1 :  0.004 0.948 0.003 0.035 0.003 0.006 
188 TMA-ZAIN-G-    (0)    1 :  0.003 0.948 0.003 0.038 0.003 0.004 
189 TMA-ZAIN-G-    (0)    1 :  0.003 0.974 0.003 0.015 0.003 0.003 
190 TMA-ZAIN-G-    (0)    1 :  0.003 0.943 0.003 0.041 0.004 0.006 
191 TMA-ZAIN-G-    (0)    1 :  0.018 0.898 0.035 0.018 0.017 0.014 
192 TMA-ZAIN-G-    (0)    1 :  0.004 0.966 0.009 0.011 0.006 0.005 
193 TMA-ZAIN-G-    (0)    1 :  0.003 0.978 0.003 0.004 0.008 0.004 
194 TMA-ZAIN-G-    (0)    1 :  0.003 0.973 0.003 0.004 0.011 0.006 
195 TMA-ZAIN-G-    (0)    1 :  0.003 0.975 0.003 0.008 0.006 0.005 
196 TMA-ZAIN-G-    (0)    1 :  0.003 0.979 0.003 0.005 0.006 0.004 
197 TMA-ZAIN-G-    (0)    1 :  0.004 0.970 0.003 0.007 0.012 0.004 
198 TMA-ZAIN-G-    (0)    1 :  0.003 0.978 0.003 0.007 0.006 0.003 
199 TMA-ZAIN-G-    (0)    1 :  0.003 0.952 0.004 0.025 0.006 0.009 
200 TMA-ZAIN-G-    (0)    1 :  0.018 0.011 0.931 0.003 0.004 0.033 
201 TMA-ZAIN-G-    (0)    1 :  0.006 0.004 0.968 0.004 0.004 0.013 
202 TMA-ZAIN-G-    (0)    1 :  0.014 0.019 0.946 0.005 0.002 0.013 
203 TMA-ZAIN-G-    (0)    1 :  0.008 0.974 0.003 0.005 0.006 0.004 
204 TMA-ZAIN-G-    (9)    1 :  0.005 0.007 0.925 0.010 0.035 0.018 
205 TMA-ZAIN-G-    (0)    1 :  0.007 0.008 0.803 0.125 0.014 0.042 
206 TMA-ZAIN-G-    (9)    1 :  0.016 0.043 0.861 0.018 0.026 0.035 
207 TMA-ZAIN-G-    (9)    1 :  0.015 0.014 0.011 0.791 0.125 0.044 
208 TMA-ZAIN-G-    (0)    1 :  0.003 0.007 0.003 0.981 0.004 0.004 
209 TMA-ZAIN-G-    (0)    1 :  0.003 0.890 0.003 0.073 0.028 0.004 
210 TMA-ZAIN-G-    (0)    1 :  0.004 0.884 0.003 0.092 0.013 0.005 
211 TMA-ZAIN-G-    (0)    1 :  0.012 0.762 0.026 0.156 0.014 0.030 
212 TMA-ZAIN-G-    (0)    1 :  0.004 0.604 0.006 0.367 0.012 0.007 
213 TMA-ZAIN-G-    (0)    1 :  0.004 0.764 0.004 0.216 0.007 0.005 
214 TMA-ZAIN-G-    (0)    1 :  0.003 0.393 0.003 0.590 0.006 0.004 
215 TMA-ZAIN-G-    (0)    1 :  0.004 0.173 0.013 0.530 0.003 0.277 
216 TMA-ZAIN-G-    (0)    1 :  0.003 0.935 0.005 0.041 0.008 0.007 
217 TMA-ZAIN-G-    (0)    1 :  0.003 0.389 0.003 0.595 0.007 0.003 
218 TMA-ZAIN-G-    (0)    1 :  0.006 0.006 0.004 0.006 0.004 0.973 
219 TMA-ZAIN-G-    (0)    1 :  0.005 0.005 0.011 0.004 0.009 0.966 
220 TMA-ZAIN-G-    (0)    1 :  0.066 0.006 0.004 0.020 0.010 0.894 
221 TMA-ZAIN-G-    (0)    1 :  0.006 0.020 0.024 0.011 0.009 0.931 
222 TMA-ZAIN-G-    (0)    1 :  0.034 0.009 0.010 0.016 0.018 0.913 
223 TMA-ZAIN-G-    (0)    1 :  0.007 0.003 0.010 0.003 0.006 0.971 
224 TMA-ZAIN-G-    (0)    1 :  0.013 0.015 0.016 0.005 0.016 0.934 
225 TMA-ZAIN-G-    (0)    1 :  0.011 0.007 0.010 0.003 0.005 0.964 
226 TMA-ZAIN-G-    (0)    1 :  0.016 0.010 0.009 0.006 0.006 0.953 
227 TMA-ZAIN-G-    (0)    1 :  0.012 0.011 0.028 0.007 0.005 0.937 
228 TMA-ZAIN-G-    (0)    1 :  0.015 0.008 0.010 0.012 0.007 0.946 
229 TMA-ZAIN-G-    (0)    1 :  0.026 0.003 0.052 0.004 0.007 0.909 
230 TMA-ZAIN-G-    (0)    1 :  0.040 0.071 0.008 0.032 0.051 0.798 
231 TMA-ZAIN-G-    (0)    1 :  0.164 0.015 0.551 0.071 0.031 0.167 
232 TMA-ZAIN-G-    (9)    1 :  0.291 0.047 0.485 0.047 0.016 0.114 
233 TMA-ZAIN-G-    (0)    1 :  0.006 0.011 0.019 0.027 0.017 0.921 
234 TMA-ZAIN-G-    (0)    1 :  0.302 0.006 0.052 0.008 0.019 0.613 
235 TMA-ZAIN-G-    (0)    1 :  0.110 0.047 0.024 0.020 0.012 0.788 
236 TMA-ZAIN-G-    (0)    1 :  0.079 0.018 0.063 0.010 0.007 0.822 
237 TMA-ZAIN-G-    (0)    1 :  0.249 0.063 0.014 0.150 0.028 0.495 
238 TMA-ZAIN-G-    (0)    1 :  0.069 0.017 0.036 0.022 0.006 0.852 
239 TMA-ZAIN-G-    (0)    1 :  0.006 0.140 0.763 0.014 0.072 0.005 
240 TMA-ZAIN-G-    (0)    1 :  0.004 0.003 0.980 0.003 0.006 0.004 
241 TMA-ZAIN-G-    (0)    1 :  0.004 0.004 0.977 0.007 0.005 0.003 
242 TMA-ZAIN-G-    (0)    1 :  0.003 0.004 0.978 0.007 0.004 0.004 
243 TMA-ZAIN-G-    (0)    1 :  0.003 0.005 0.971 0.011 0.006 0.004 
244 TMA-ZAIN-G-    (0)    1 :  0.004 0.005 0.967 0.015 0.004 0.005 
245 TMA-ZAIN-G-    (9)    1 :  0.003 0.003 0.984 0.003 0.003 0.003 
246 TMA-ZAIN-G-    (0)    1 :  0.003 0.003 0.984 0.003 0.003 0.004 
247 TMA-ZAIN-G-    (0)    1 :  0.002 0.003 0.981 0.005 0.004 0.005 
248 TMA-ZAIN-G-    (0)    1 :  0.004 0.008 0.972 0.006 0.004 0.006 
249 TMA-ZAIN-G-    (0)    1 :  0.003 0.005 0.980 0.003 0.003 0.005 
250 TMA-ZAIN-G-    (0)    1 :  0.003 0.005 0.981 0.004 0.003 0.005 
251 TMA-ZAIN-G-    (0)    1 :  0.005 0.005 0.003 0.004 0.979 0.004 
252 TMA-ZAIN-G-    (0)    1 :  0.004 0.012 0.003 0.079 0.890 0.011 
253 TMA-ZAIN-G-    (0)    1 :  0.006 0.004 0.003 0.006 0.978 0.003 
254 TMA-ZAIN-G-    (9)    1 :  0.008 0.007 0.003 0.017 0.961 0.005 
255 TMA-ZAIN-G-    (0)    1 :  0.011 0.004 0.016 0.006 0.959 0.003 
256 TMA-ZAIN-G-    (0)    1 :  0.005 0.008 0.006 0.006 0.971 0.004 
257 TMA-ZAIN-G-    (0)    1 :  0.003 0.005 0.003 0.003 0.982 0.004 
258 TMA-ZAIN-G-    (0)    1 :  0.004 0.003 0.003 0.004 0.983 0.003 
259 TMA-ZAIN-G-    (0)    1 :  0.004 0.004 0.004 0.003 0.981 0.004 
260 TMA-ZAIN-G-    (0)    1 :  0.003 0.004 0.004 0.004 0.980 0.005 
261 TMA-ZAIN-G-   (18)    1 :  0.005 0.007 0.004 0.006 0.973 0.006 
262 TMA-ZAIN-G-    (0)    1 :  0.005 0.004 0.003 0.003 0.982 0.003 
263 TMA-ZAIN-G-    (0)    1 :  0.006 0.004 0.004 0.004 0.979 0.004 
264 TMA-ZAIN-G-    (0)    1 :  0.009 0.004 0.003 0.004 0.975 0.004 
265 TMA-ZAIN-G-    (0)    1 :  0.018 0.024 0.016 0.040 0.728 0.174 
266 TMA-ZAIN-G-    (0)    1 :  0.020 0.166 0.010 0.037 0.734 0.033 
267 TMA-ZAIN-G-    (0)    1 :  0.022 0.012 0.263 0.016 0.609 0.077 
268 TMA-ZAIN-G-    (0)    1 :  0.072 0.003 0.909 0.004 0.006 0.007 
269 TMA-ZAIN-G-    (0)    1 :  0.282 0.005 0.669 0.006 0.009 0.029 
270 TMA-ZAIN-G-    (0)    1 :  0.069 0.005 0.893 0.006 0.011 0.016 
271 TMA-ZAIN-G-    (0)    1 :  0.032 0.004 0.943 0.004 0.007 0.009 
272 TMA-ZAIN-G-    (0)    1 :  0.031 0.004 0.905 0.004 0.005 0.050 
273 TMA-ZAIN-G-    (0)    1 :  0.017 0.003 0.959 0.003 0.004 0.014 
274 TMA-ZAIN-G-    (0)    1 :  0.032 0.029 0.896 0.011 0.009 0.023 
275 TMA-ZAIN-G-    (0)    1 :  0.006 0.004 0.977 0.003 0.003 0.007 
276 TMA-ZAIN-G-    (0)    1 :  0.009 0.003 0.978 0.004 0.003 0.004 
277 TMA-ZAIN-G-    (0)    1 :  0.009 0.004 0.970 0.004 0.006 0.007 
278 TMA-ZAIN-G-    (0)    1 :  0.006 0.003 0.977 0.003 0.005 0.006 
279 TMA-ZAIN-G-    (0)    1 :  0.011 0.006 0.960 0.004 0.004 0.015 
280 TMA-ZAIN-G-    (0)    1 :  0.107 0.010 0.822 0.005 0.004 0.052 
281 TMA-ZAIN-G-    (0)    1 :  0.041 0.006 0.934 0.004 0.005 0.011 
282 TMA-ZAIN-G-    (9)    1 :  0.012 0.003 0.971 0.003 0.005 0.007 
283 TMA-ZAIN-G-    (0)    1 :  0.099 0.009 0.628 0.013 0.148 0.103 
284 TMA-ZAIN-G-    (0)    1 :  0.171 0.010 0.455 0.012 0.191 0.161 
285 TMA-ZAIN-G-    (0)    1 :  0.048 0.022 0.830 0.027 0.040 0.032 
286 TMA-ZAIN-G-    (0)    1 :  0.035 0.003 0.939 0.003 0.009 0.011 
287 TMA-ZAIN-G-    (0)    1 :  0.024 0.009 0.947 0.007 0.005 0.008 
288 TMA-ZAIN-G-    (0)    1 :  0.121 0.058 0.606 0.020 0.014 0.181 
289 TMA-ZAIN-G-    (0)    1 :  0.022 0.018 0.918 0.012 0.011 0.019 
290 TMA-ZAIN-G-    (0)    1 :  0.443 0.013 0.449 0.006 0.010 0.079 
291 TMA-ZAIN-G-    (0)    1 :  0.011 0.005 0.014 0.004 0.008 0.957 
292 TMA-ZAIN-G-    (0)    1 :  0.012 0.209 0.016 0.737 0.005 0.021 
293 TMA-ZAIN-G-    (0)    1 :  0.005 0.029 0.008 0.933 0.015 0.010 
294 TMA-ZAIN-G-    (0)    1 :  0.003 0.009 0.004 0.973 0.007 0.004 
295 TMA-ZAIN-G-    (9)    1 :  0.004 0.011 0.009 0.959 0.008 0.010 
296 TMA-ZAIN-G-    (0)    1 :  0.018 0.121 0.006 0.823 0.013 0.018 
297 TMA-ZAIN-G-    (0)    1 :  0.006 0.071 0.007 0.893 0.015 0.009 
298 TMA-ZAIN-G-    (0)    1 :  0.016 0.011 0.026 0.862 0.066 0.019 
299 TMA-ZAIN-G-    (0)    1 :  0.005 0.007 0.007 0.971 0.004 0.006 
300 TMA-ZAIN-G-    (0)    1 :  0.003 0.020 0.006 0.956 0.006 0.008 
301 TMA-ZAIN-G-    (0)    1 :  0.006 0.074 0.008 0.896 0.009 0.007 
302 TMA-ZAIN-G-    (9)    1 :  0.004 0.136 0.004 0.843 0.006 0.006 
303 TMA-ZAIN-G-    (0)    1 :  0.017 0.062 0.007 0.004 0.044 0.867 
304 TMA-ZAIN-G-    (0)    2 :  0.015 0.186 0.009 0.191 0.590 0.009 
305 TMA-ZAIN-G-    (0)    2 :  0.004 0.030 0.004 0.947 0.009 0.006 
306 TMA-ZAIN-G-    (0)    2 :  0.162 0.074 0.024 0.342 0.385 0.014 
307 TMA-ZAIN-G-    (0)    2 :  0.010 0.172 0.011 0.323 0.476 0.008 
308 TMA-ZAIN-G-    (0)    2 :  0.029 0.011 0.019 0.006 0.821 0.114 
309 TMA-ZAIN-G-    (0)    2 :  0.003 0.968 0.003 0.019 0.003 0.004 
310 TMA-ZAIN-G-    (0)    2 :  0.007 0.013 0.035 0.907 0.021 0.016 
311 TMA-ZAIN-G-    (0)    2 :  0.065 0.165 0.009 0.653 0.068 0.041 
312 TMA-ZAIN-G-    (0)    2 :  0.005 0.871 0.005 0.082 0.010 0.027 
313 TMA-ZAIN-G-    (0)    2 :  0.013 0.075 0.004 0.113 0.788 0.006 
314 TMA-ZAIN-G-    (0)    2 :  0.280 0.023 0.181 0.011 0.017 0.488 
315 TMA-ZAIN-G-    (0)    2 :  0.007 0.064 0.394 0.447 0.018 0.069 
316 TMA-ZAIN-G-    (0)    2 :  0.011 0.053 0.393 0.401 0.017 0.124 
317 TMA-ZAIN-G-    (0)    2 :  0.038 0.006 0.020 0.006 0.012 0.917 
318 TMA-ZAIN-G-    (9)    2 :  0.350 0.008 0.444 0.009 0.047 0.143 
319 TMA-ZAIN-G-    (0)    3 :  0.014 0.191 0.066 0.006 0.012 0.711 
320 TMA-ZAIN-G-    (0)    3 :  0.006 0.049 0.009 0.443 0.006 0.486 
321 TMA-ZAIN-G-    (0)    4 :  0.075 0.266 0.105 0.393 0.013 0.148 
322 TMA-ZAIN-G-    (0)    4 :  0.066 0.075 0.008 0.287 0.091 0.473 
323 TMA-ZAIN-G-    (0)    5 :  0.007 0.042 0.015 0.010 0.012 0.915 
324 TMA-ZAIN-G-    (0)    5 :  0.011 0.067 0.004 0.876 0.032 0.010 
325 TMA-ZAIN-G-    (0)    5 :  0.004 0.012 0.047 0.012 0.008 0.916 
326 TMA-ZAIN-G-    (0)    5 :  0.003 0.298 0.004 0.016 0.044 0.636 
327 TMA-ZAIN-G-    (0)    5 :  0.003 0.967 0.003 0.006 0.017 0.004 
328 TMA-ZAIN-G-    (0)    5 :  0.229 0.200 0.101 0.117 0.017 0.337 
329 TMA-ZAIN-G-    (0)    5 :  0.005 0.411 0.007 0.536 0.030 0.011 
330 TMA-ZAIN-G-    (0)    6 :  0.004 0.701 0.003 0.249 0.034 0.009 
331 TMA-ZAIN-G-    (0)    6 :  0.032 0.493 0.080 0.179 0.157 0.059 
332 TMA-ZAIN-G-    (0)    6 :  0.003 0.972 0.002 0.014 0.004 0.005 
333 TMA-ZAIN-G-    (0)    6 :  0.003 0.979 0.003 0.004 0.007 0.004 
334 TMA-ZAIN-G-    (0)    6 :  0.012 0.003 0.962 0.003 0.007 0.012 
335 TMA-ZAIN-G-    (0)    6 :  0.004 0.004 0.978 0.005 0.004 0.005 
336 TMA-ZAIN-G-    (0)    6 :  0.015 0.008 0.940 0.009 0.013 0.016 
337 TMA-ZAIN-G-    (9)    6 :  0.073 0.005 0.879 0.006 0.008 0.029 
338 TMA-ZAIN-G-    (0)    6 :  0.033 0.003 0.947 0.004 0.006 0.008 
339 TMA-ZAIN-G-    (0)    6 :  0.013 0.002 0.974 0.002 0.004 0.005 
340 TMA-ZAIN-G-    (0)    6 :  0.006 0.003 0.980 0.003 0.003 0.005 
341 TMA-ZAIN-G-    (0)    6 :  0.010 0.005 0.973 0.005 0.003 0.005 
342 TMA-ZAIN-G-    (0)    6 :  0.008 0.004 0.970 0.005 0.005 0.007 
343 TMA-ZAIN-G-    (0)    7 :  0.023 0.003 0.961 0.003 0.003 0.007 
344 TMA-ZAIN-G-    (0)    7 :  0.008 0.006 0.965 0.004 0.005 0.012 
345 TMA-ZAIN-G-    (0)    7 :  0.004 0.003 0.981 0.003 0.005 0.004 
346 TMA-ZAIN-G-    (0)    7 :  0.030 0.010 0.933 0.006 0.005 0.017 
347 TMA-ZAIN-G-    (9)    7 :  0.008 0.003 0.976 0.003 0.003 0.006 
348 TMA-ZAIN-G-    (0)    7 :  0.021 0.005 0.945 0.005 0.009 0.016 
349 TMA-ZAIN-G-    (0)    7 :  0.015 0.003 0.967 0.004 0.004 0.007 
350 TMA-ZAIN-G-    (0)    7 :  0.033 0.008 0.871 0.006 0.006 0.077 
351 TMA-ZAIN-G-    (0)    7 :  0.008 0.004 0.974 0.003 0.005 0.006 
352 TMA-ZAIN-G-    (0)    7 :  0.007 0.005 0.965 0.008 0.007 0.007 
353 TMA-ZAIN-G-    (0)    7 :  0.045 0.012 0.905 0.006 0.005 0.027 
354 TMA-ZAIN-G-    (0)    7 :  0.007 0.007 0.968 0.004 0.003 0.012 
355 TMA-ZAIN-G-    (0)    7 :  0.014 0.011 0.953 0.010 0.003 0.008 
356 TMA-ZAIN-G-    (0)    8 :  0.003 0.003 0.002 0.958 0.020 0.013 
357 TMA-ZAIN-G-    (0)    8 :  0.014 0.312 0.004 0.645 0.014 0.011 
358 TMA-ZAIN-G-    (0)    8 :  0.047 0.295 0.027 0.567 0.028 0.036 
359 TMA-ZAIN-G-    (0)    8 :  0.007 0.006 0.010 0.932 0.021 0.024 
360 TMA-ZAIN-G-    (0)    8 :  0.003 0.005 0.003 0.977 0.006 0.005 
361 TMA-ZAIN-G-    (0)    8 :  0.013 0.780 0.003 0.182 0.012 0.010 
362 TMA-ZAIN-G-    (0)    8 :  0.005 0.005 0.013 0.965 0.004 0.007 
363 TMA-ZAIN-G-    (0)    9 :  0.005 0.678 0.012 0.237 0.021 0.048 
364 TMA-ZAIN-G-    (0)    9 :  0.188 0.016 0.013 0.024 0.019 0.739 
365 TMA-ZAIN-G-    (0)    9 :  0.009 0.017 0.134 0.791 0.004 0.044 
366 TMA-ZAIN-G-    (0)    9 :  0.004 0.006 0.006 0.967 0.013 0.005 
367 TMA-ZAIN-G-    (0)    9 :  0.128 0.714 0.006 0.047 0.082 0.023 
368 TMA-ZAIN-G-    (0)    9 :  0.004 0.018 0.004 0.957 0.012 0.005 
369 TMA-ZAIN-G-    (0)    9 :  0.002 0.909 0.003 0.075 0.005 0.005 
370 TMA-ZAIN-G-    (0)    9 :  0.007 0.916 0.003 0.061 0.005 0.008 
371 TMA-ZAIN-G-    (0)    9 :  0.005 0.009 0.003 0.973 0.005 0.004 
372 TMA-ZAIN-G-    (0)    9 :  0.004 0.019 0.003 0.965 0.005 0.003 
373 TMA-ZAIN-G-    (0)    9 :  0.003 0.980 0.003 0.004 0.004 0.005 
374 TMA-ZAIN-G-    (0)   10 :  0.299 0.410 0.008 0.025 0.186 0.072 
375 TMA-ZAIN-G-    (0)   10 :  0.033 0.174 0.007 0.025 0.006 0.754 
376 TMA-ZAIN-G-    (9)   10 :  0.005 0.011 0.003 0.972 0.004 0.005 
377 TMA-ZAIN-G-    (0)   10 :  0.003 0.009 0.003 0.979 0.004 0.003 
378 TMA-ZAIN-G-    (0)   10 :  0.005 0.012 0.002 0.975 0.004 0.003 
379 TMA-ZAIN-G-    (0)   10 :  0.004 0.019 0.002 0.955 0.017 0.003 
380 TMA-ZAIN-G-    (0)   10 :  0.003 0.013 0.003 0.970 0.006 0.004 
381 TMA-ZAIN-G-    (9)   10 :  0.009 0.057 0.011 0.178 0.114 0.631 
382 TMA-ZAIN-G-    (9)   10 :  0.730 0.010 0.056 0.005 0.009 0.190 
383    ZFB01    (0)   11 :  0.975 0.004 0.009 0.004 0.004 0.004 
384    ZFB02    (0)   11 :  0.947 0.003 0.032 0.003 0.009 0.005 
385    ZFB03    (0)   11 :  0.972 0.007 0.005 0.004 0.004 0.008 
386    ZFB04    (0)   11 :  0.949 0.003 0.033 0.004 0.006 0.005 
387    ZFB05    (0)   11 :  0.808 0.007 0.129 0.005 0.012 0.039 
388    ZFB06    (0)   11 :  0.890 0.008 0.055 0.006 0.008 0.034 
389    ZFB07    (9)   11 :  0.959 0.007 0.011 0.007 0.005 0.011 
390    ZFB08    (0)   11 :  0.968 0.005 0.006 0.006 0.006 0.008 
391    ZFB09    (0)   11 :  0.981 0.003 0.005 0.003 0.004 0.005 
392    ZFB10    (0)   11 :  0.959 0.006 0.010 0.014 0.006 0.004 
393    ZFB11    (0)   11 :  0.960 0.004 0.016 0.008 0.007 0.004 
394    ZFB12    (0)   11 :  0.926 0.009 0.035 0.007 0.004 0.019 
395    ZFB13    (0)   11 :  0.964 0.006 0.006 0.008 0.005 0.011 
396    ZFB14    (0)   11 :  0.977 0.004 0.004 0.005 0.005 0.005 
397    ZFB15    (0)   11 :  0.972 0.003 0.015 0.003 0.003 0.004 
398    ZFB16    (0)   11 :  0.963 0.005 0.016 0.006 0.004 0.007 
399    ZFB17    (0)   11 :  0.892 0.009 0.031 0.014 0.031 0.023 
400    ZFB18    (0)   11 :  0.982 0.003 0.004 0.004 0.004 0.004 
401    ZFB19    (0)   11 :  0.934 0.014 0.007 0.023 0.004 0.018 
402    ZFB20    (0)   11 :  0.939 0.004 0.040 0.005 0.004 0.007 
403    ZFB21    (0)   11 :  0.970 0.003 0.015 0.003 0.004 0.006 
404    ZFB22    (0)   11 :  0.865 0.009 0.090 0.014 0.009 0.012 
405    ZFB23    (0)   11 :  0.950 0.005 0.024 0.008 0.007 0.006 
406    ZFB24    (0)   11 :  0.941 0.004 0.036 0.007 0.007 0.005 
407    ZFB25    (0)   11 :  0.961 0.008 0.006 0.017 0.005 0.004 
408    ZFB26    (0)   11 :  0.897 0.007 0.058 0.020 0.011 0.006 
409    ZFB27    (0)   11 :  0.896 0.004 0.082 0.008 0.005 0.004 
410    ZFB28    (0)   11 :  0.840 0.007 0.101 0.007 0.012 0.032 
411    ZFB29    (0)   11 :  0.962 0.003 0.018 0.004 0.008 0.006 
412    ZFB30    (0)   11 :  0.776 0.012 0.157 0.010 0.005 0.040 
413    ZFB31    (0)   11 :  0.967 0.007 0.007 0.011 0.004 0.004 
414    ZFB32    (0)   11 :  0.834 0.014 0.057 0.011 0.037 0.048 
415    ZFB33    (0)   11 :  0.973 0.003 0.012 0.004 0.004 0.004 
416    ZFB34    (0)   11 :  0.981 0.003 0.004 0.003 0.005 0.004 
417    ZFB35    (0)   11 :  0.967 0.005 0.011 0.006 0.007 0.005 
418  ZFBP101    (0)   12 :  0.014 0.208 0.008 0.650 0.106 0.014 
419  ZFBP102    (0)   12 :  0.016 0.108 0.011 0.826 0.024 0.016 
420  ZFBP103    (0)   12 :  0.009 0.611 0.008 0.168 0.192 0.012 
421  ZFBP104    (0)   12 :  0.047 0.463 0.015 0.428 0.005 0.043 
422  ZFBP105    (0)   12 :  0.008 0.317 0.005 0.656 0.006 0.008 
423  ZFBP106    (0)   12 :  0.004 0.133 0.003 0.847 0.008 0.005 
424  ZFBP107    (0)   12 :  0.007 0.490 0.014 0.471 0.008 0.011 
425  ZFBP108    (0)   12 :  0.004 0.012 0.003 0.974 0.003 0.004 
426  ZFBP109    (0)   12 :  0.005 0.010 0.002 0.975 0.004 0.004 
427  ZFBP110    (0)   12 :  0.052 0.670 0.009 0.177 0.049 0.043 
428  ZFBP111    (0)   12 :  0.003 0.027 0.003 0.958 0.005 0.004 
429  ZFBP112    (0)   12 :  0.004 0.012 0.006 0.965 0.009 0.005 
430  ZFBP113    (0)   12 :  0.004 0.010 0.004 0.972 0.004 0.005 
431  ZFBP114    (0)   12 :  0.004 0.031 0.005 0.949 0.006 0.005 
432  ZFBP115    (0)   12 :  0.003 0.693 0.004 0.286 0.009 0.006 
433  ZFBP116    (0)   12 :  0.003 0.016 0.004 0.967 0.005 0.006 
434  ZFBP117    (0)   12 :  0.003 0.011 0.002 0.971 0.007 0.005 
435  ZFBP118    (0)   12 :  0.003 0.016 0.006 0.965 0.005 0.005 
436  ZFBP119    (0)   12 :  0.004 0.235 0.003 0.724 0.026 0.008 
437  ZFBP120    (0)   12 :  0.006 0.241 0.006 0.735 0.005 0.007 
438  ZFBP121    (0)   12 :  0.006 0.023 0.003 0.954 0.008 0.005 
439  ZFBP122    (9)   12 :  0.004 0.018 0.004 0.965 0.005 0.005 
440  ZFBP123    (0)   12 :  0.004 0.011 0.006 0.959 0.015 0.006 
441  ZFBP124    (0)   12 :  0.009 0.012 0.004 0.964 0.006 0.004 
442  ZFBP125    (0)   12 :  0.003 0.024 0.002 0.962 0.005 0.003 
443  ZFBP126    (0)   12 :  0.012 0.015 0.011 0.906 0.033 0.022 
444  ZFBP127    (0)   12 :  0.004 0.178 0.003 0.794 0.016 0.005 
445  ZFBP128    (0)   12 :  0.004 0.013 0.003 0.970 0.007 0.003 
446  ZFBP129    (0)   12 :  0.005 0.007 0.003 0.973 0.008 0.005 
447  ZFBP130    (0)   12 :  0.002 0.013 0.003 0.968 0.010 0.004 
448  ZFBP131    (0)   12 :  0.004 0.005 0.004 0.978 0.005 0.004 
449  ZFBP132    (0)   12 :  0.005 0.022 0.003 0.961 0.004 0.004 
450  ZFBP133    (0)   12 :  0.003 0.004 0.002 0.981 0.006 0.003 
451  ZFBP134    (0)   12 :  0.004 0.548 0.004 0.405 0.034 0.005 
452  ZFBP135    (0)   12 :  0.022 0.104 0.005 0.653 0.205 0.011 
453  ZFBP136    (0)   12 :  0.004 0.098 0.007 0.804 0.080 0.006 
454  ZFBP201    (0)   13 :  0.007 0.018 0.007 0.953 0.006 0.009 
455  ZFBP202    (0)   13 :  0.007 0.023 0.003 0.958 0.004 0.005 
456  ZFBP203    (0)   13 :  0.005 0.008 0.028 0.934 0.005 0.019 
457  ZFBP204    (0)   13 :  0.005 0.203 0.005 0.762 0.017 0.008 
458  ZFBP205    (0)   13 :  0.003 0.006 0.004 0.975 0.007 0.004 
459  ZFBP206    (0)   13 :  0.005 0.006 0.006 0.961 0.016 0.005 
460  ZFBP207    (0)   13 :  0.007 0.622 0.004 0.343 0.019 0.006 
461  ZFBP208    (0)   13 :  0.004 0.007 0.011 0.963 0.007 0.008 
462  ZFBP209    (0)   13 :  0.003 0.004 0.002 0.981 0.006 0.003 
463  ZFBP210    (0)   13 :  0.006 0.015 0.008 0.957 0.005 0.009 
464  ZFBP211    (0)   13 :  0.006 0.017 0.004 0.962 0.006 0.006 
465  ZFBP212    (0)   13 :  0.007 0.330 0.003 0.652 0.003 0.005 
466  ZFBP213    (0)   13 :  0.010 0.012 0.006 0.946 0.020 0.006 
467  ZFBP214    (0)   13 :  0.012 0.032 0.004 0.897 0.041 0.014 
468  ZFBP215    (0)   13 :  0.004 0.008 0.003 0.975 0.006 0.004 
469  ZFBP216    (0)   13 :  0.005 0.042 0.008 0.924 0.006 0.015 
470  ZFBP217    (0)   13 :  0.005 0.022 0.003 0.959 0.006 0.006 
471  ZFBP218    (0)   13 :  0.003 0.007 0.003 0.980 0.003 0.004 
472  ZFBP219    (0)   13 :  0.004 0.008 0.004 0.976 0.003 0.005 
473  ZFBP220    (0)   13 :  0.003 0.041 0.003 0.939 0.009 0.005 
474  ZFBP221    (0)   13 :  0.006 0.182 0.004 0.800 0.003 0.005 
475  ZFBP222    (0)   13 :  0.005 0.005 0.005 0.971 0.009 0.005 
476  ZFBP223    (0)   13 :  0.010 0.595 0.006 0.368 0.012 0.009 
477  ZFBP224    (0)   13 :  0.006 0.010 0.005 0.965 0.007 0.007 
478  ZFBP225    (0)   13 :  0.003 0.092 0.006 0.882 0.011 0.006 
479  ZFBP226    (0)   13 :  0.004 0.019 0.005 0.962 0.005 0.005 
480  ZFBP227    (0)   13 :  0.028 0.196 0.025 0.607 0.007 0.138 
481  ZFBP228    (0)   13 :  0.005 0.457 0.003 0.516 0.014 0.004 
482  ZFBP229    (0)   13 :  0.003 0.012 0.003 0.972 0.005 0.005 
483  ZFBP230    (0)   13 :  0.004 0.042 0.004 0.932 0.012 0.006 
484  ZFBP231    (0)   13 :  0.007 0.018 0.004 0.958 0.006 0.007 
485  ZFBP232    (0)   13 :  0.003 0.007 0.003 0.978 0.005 0.003 
486  ZFBP233    (0)   13 :  0.007 0.017 0.004 0.961 0.006 0.006 
487   ZFCC01    (0)   14 :  0.008 0.004 0.005 0.004 0.975 0.004 
488   ZFCC03    (0)   14 :  0.005 0.005 0.003 0.004 0.980 0.003 
489   ZFCC04    (0)   14 :  0.005 0.004 0.004 0.004 0.979 0.004 
490   ZFCC05    (0)   14 :  0.006 0.007 0.004 0.006 0.971 0.006 
491   ZFCC08    (0)   14 :  0.004 0.007 0.003 0.009 0.973 0.004 
492   ZFCC09    (0)   14 :  0.007 0.005 0.004 0.004 0.977 0.003 
493   ZFCC10    (0)   14 :  0.013 0.004 0.003 0.004 0.971 0.003 
494   ZFCC11    (0)   14 :  0.006 0.005 0.003 0.004 0.977 0.004 
495   ZFCC12    (0)   14 :  0.016 0.008 0.031 0.005 0.931 0.010 
496   ZFCC13    (0)   14 :  0.004 0.010 0.007 0.007 0.966 0.006 
497   ZFCC14    (0)   14 :  0.010 0.005 0.004 0.009 0.967 0.005 
498   ZFCC15    (0)   14 :  0.005 0.005 0.006 0.004 0.974 0.006 
499   ZFCC16    (0)   14 :  0.005 0.004 0.004 0.003 0.979 0.004 
500   ZFCC17    (0)   14 :  0.005 0.004 0.007 0.004 0.976 0.004 
501   ZFCC18    (0)   14 :  0.005 0.005 0.004 0.005 0.978 0.004 
502   ZFCC19    (0)   14 :  0.005 0.003 0.006 0.003 0.976 0.006 
503   ZFCC20    (0)   14 :  0.004 0.006 0.003 0.004 0.978 0.004 
504   ZFCC21    (0)   14 :  0.006 0.007 0.006 0.029 0.941 0.011 
505   ZFCC22    (0)   14 :  0.007 0.021 0.004 0.135 0.828 0.005 
506   ZFCC26    (0)   14 :  0.005 0.004 0.003 0.004 0.979 0.004 
507   ZFCC27    (0)   14 :  0.004 0.005 0.003 0.004 0.981 0.003 
508   ZFCC29    (0)   14 :  0.008 0.005 0.004 0.004 0.973 0.007 
509   ZFCC30    (0)   14 :  0.003 0.006 0.003 0.003 0.981 0.003 
510   ZFCC32    (0)   14 :  0.005 0.006 0.006 0.004 0.972 0.006 
511   ZFCC33    (0)   14 :  0.008 0.005 0.004 0.004 0.973 0.006 
512   ZFCC34    (0)   14 :  0.016 0.029 0.012 0.036 0.901 0.006 
513   ZFCC35    (0)   14 :  0.004 0.004 0.003 0.004 0.982 0.003 
514   ZFCC36    (0)   14 :  0.004 0.007 0.010 0.009 0.962 0.008 
515   ZFCC37    (0)   14 :  0.018 0.009 0.030 0.008 0.924 0.011 
516   ZFCC40    (0)   14 :  0.006 0.004 0.006 0.005 0.976 0.003 
517   ZFCC42    (0)   14 :  0.017 0.050 0.517 0.009 0.392 0.014 
518   ZFCC44    (0)   14 :  0.003 0.006 0.003 0.003 0.981 0.003 
519   ZFCC45    (9)   14 :  0.011 0.006 0.012 0.005 0.955 0.011 
520   ZFCC46    (0)   14 :  0.003 0.011 0.003 0.009 0.968 0.004 
521   ZFCC47    (0)   14 :  0.013 0.005 0.018 0.005 0.954 0.005 
522   ZFCC48    (0)   14 :  0.006 0.006 0.003 0.021 0.958 0.006 
523   ZFCC50    (0)   14 :  0.005 0.003 0.004 0.003 0.981 0.004 
524   ZFCC51    (0)   14 :  0.005 0.006 0.003 0.003 0.980 0.003 
525   ZFCC52    (0)   14 :  0.004 0.006 0.006 0.010 0.970 0.004 
526   ZFCC53    (0)   14 :  0.004 0.004 0.003 0.003 0.982 0.003 
527  ZFCNS01    (0)   15 :  0.003 0.974 0.005 0.004 0.006 0.007 
528  ZFCNS02    (0)   15 :  0.004 0.973 0.003 0.005 0.012 0.004 
529  ZFCNS05    (0)   15 :  0.006 0.965 0.003 0.008 0.013 0.005 
