

----------------------------------------------------
STRUCTURE by Pritchard, Stephens and Donnelly (2000)
     and Falush, Stephens and Pritchard (2003)
       Code by Pritchard, Falush and Hubisz
             Version 2.3.4 (Jul 2012)
----------------------------------------------------



Command line arguments:   bin\structure -m C:\Users\eschumacher\Documents\GitHub\GCC_QUAC_ZAIN\Data_Files\Structure_Files\ZAIN\ZAIN_rebinned_allpop_str\50-50\mainparams -e C:\Users\eschumacher\Documents\GitHub\GCC_QUAC_ZAIN\Data_Files\Structure_Files\ZAIN\ZAIN_rebinned_allpop_str\50-50\extraparams 
Input File:    C:\Users\eschumacher\Documents\GitHub\GCC_QUAC_ZAIN\Data_Files\Structure_Files\ZAIN\ZAIN_rebinned_allpop_str\project_data

Run parameters:
   1133 individuals
   11 loci
   10 populations assumed
   50000 Burn-in period
   50000 Reps


--------------------------------------------
Proportion of membership of each pre-defined
 population in each of the 10 clusters

Given    Inferred Clusters                                                        Number of
 Pop       1      2      3      4      5      6      7      8      9     10      Individuals

  1:     0.165  0.037  0.050  0.110  0.107  0.123  0.114  0.073  0.108  0.112      303
  2:     0.169  0.038  0.015  0.089  0.144  0.200  0.111  0.013  0.177  0.043       15
  3:     0.047  0.012  0.215  0.413  0.030  0.072  0.160  0.018  0.008  0.025        2
  4:     0.098  0.027  0.006  0.274  0.292  0.121  0.042  0.006  0.027  0.107        2
  5:     0.077  0.042  0.210  0.325  0.073  0.048  0.046  0.028  0.015  0.135        7
  6:     0.653  0.006  0.082  0.012  0.127  0.066  0.015  0.016  0.018  0.006       13
  7:     0.918  0.004  0.004  0.023  0.006  0.005  0.005  0.026  0.005  0.004       13
  8:     0.010  0.065  0.052  0.016  0.066  0.214  0.057  0.032  0.017  0.471        7
  9:     0.054  0.030  0.073  0.059  0.300  0.120  0.179  0.006  0.013  0.166       11
 10:     0.101  0.024  0.019  0.158  0.078  0.084  0.116  0.008  0.025  0.387        9
 11:     0.894  0.006  0.006  0.012  0.009  0.011  0.011  0.025  0.007  0.020       35
 12:     0.006  0.023  0.014  0.008  0.133  0.249  0.262  0.005  0.018  0.283       36
 13:     0.006  0.035  0.023  0.010  0.082  0.097  0.290  0.008  0.010  0.438       33
 14:     0.011  0.009  0.008  0.006  0.006  0.009  0.008  0.009  0.926  0.009       40
 15:     0.004  0.007  0.929  0.004  0.020  0.013  0.007  0.004  0.006  0.007       39
 16:     0.200  0.029  0.012  0.602  0.026  0.019  0.031  0.017  0.024  0.040       40
 17:     0.089  0.015  0.011  0.745  0.009  0.011  0.015  0.061  0.034  0.009       37
 18:     0.004  0.021  0.012  0.004  0.095  0.109  0.074  0.003  0.006  0.670       40
 19:     0.885  0.003  0.025  0.009  0.012  0.008  0.006  0.004  0.038  0.010       28
 20:     0.016  0.009  0.007  0.017  0.010  0.025  0.017  0.013  0.877  0.010       14
 21:     0.014  0.007  0.030  0.031  0.015  0.014  0.011  0.859  0.010  0.010       13
 22:     0.004  0.007  0.029  0.004  0.046  0.878  0.007  0.002  0.013  0.009       14
 23:     0.004  0.027  0.009  0.004  0.016  0.067  0.835  0.005  0.007  0.027       25
 24:     0.007  0.923  0.006  0.005  0.009  0.010  0.012  0.006  0.008  0.013       40
 25:     0.022  0.008  0.016  0.020  0.034  0.054  0.017  0.009  0.795  0.024       32
 26:     0.003  0.003  0.003  0.003  0.003  0.003  0.003  0.972  0.003  0.003       20
 27:     0.596  0.005  0.004  0.330  0.008  0.016  0.007  0.003  0.011  0.020        4
 28:     0.810  0.013  0.005  0.032  0.011  0.012  0.013  0.003  0.018  0.083       23
 29:     0.912  0.005  0.007  0.032  0.006  0.007  0.006  0.004  0.012  0.010       39
 30:     0.941  0.004  0.003  0.008  0.004  0.005  0.005  0.018  0.006  0.004       38
 31:     0.005  0.050  0.160  0.008  0.599  0.094  0.035  0.005  0.010  0.034       45
 32:     0.005  0.022  0.142  0.007  0.308  0.213  0.130  0.013  0.014  0.147       28
 33:     0.864  0.005  0.008  0.078  0.005  0.017  0.005  0.007  0.006  0.006        6
 34:     0.039  0.044  0.012  0.820  0.023  0.021  0.011  0.004  0.014  0.013       40
 35:     0.030  0.011  0.010  0.823  0.019  0.015  0.010  0.061  0.015  0.007       42
--------------------------------------------

Allele-freq. divergence among pops (Net nucleotide distance),
computed using point estimates of P.

      1       2       3       4       5       6       7       8       9      10      
 1      -    0.3257  0.2778  0.0744  0.2364  0.2192  0.2370  0.2401  0.1485  0.2474  
 2   0.3257     -    0.2739  0.2248  0.1299  0.1182  0.1129  0.4621  0.1920  0.1356  
 3   0.2778  0.2739     -    0.1794  0.1363  0.1647  0.2314  0.4448  0.1674  0.2654  
 4   0.0744  0.2248  0.1794     -    0.1268  0.1304  0.1655  0.2368  0.1050  0.1830  
 5   0.2364  0.1299  0.1363  0.1268     -    0.0303  0.0780  0.3583  0.1653  0.0670  
 6   0.2192  0.1182  0.1647  0.1304  0.0303     -    0.0615  0.3911  0.1393  0.0493  
 7   0.2370  0.1129  0.2314  0.1655  0.0780  0.0615     -    0.3686  0.1812  0.0582  
 8   0.2401  0.4621  0.4448  0.2368  0.3583  0.3911  0.3686     -    0.3172  0.4189  
 9   0.1485  0.1920  0.1674  0.1050  0.1653  0.1393  0.1812  0.3172     -    0.2045  
10   0.2474  0.1356  0.2654  0.1830  0.0670  0.0493  0.0582  0.4189  0.2045     -    

Average distances (expected heterozygosity) between individuals in same cluster:
cluster  1  : 0.4938 
cluster  2  : 0.3565 
cluster  3  : 0.2560 
cluster  4  : 0.5514 
cluster  5  : 0.4421 
cluster  6  : 0.4101 
cluster  7  : 0.3973 
cluster  8  : 0.2492 
cluster  9  : 0.4306 
cluster 10  : 0.3617 

--------------------------------------------
Estimated Ln Prob of Data   = -21369.5
Mean value of ln likelihood = -20705.0
Variance of ln likelihood   = 1329.1
Mean value of alpha         = 0.0343

Mean value of Fst_1         = 0.3622
Mean value of Fst_2         = 0.4161
Mean value of Fst_3         = 0.5608
Mean value of Fst_4         = 0.1537
Mean value of Fst_5         = 0.2913
Mean value of Fst_6         = 0.3281
Mean value of Fst_7         = 0.3058
Mean value of Fst_8         = 0.6388
Mean value of Fst_9         = 0.4091
Mean value of Fst_10         = 0.3620


Inferred ancestry of individuals:
        Label (%Miss) Pop:  Inferred clusters
  1 TMA-ZAIN-G-    (9)    1 :  0.627 0.008 0.109 0.127 0.075 0.015 0.009 0.003 0.011 0.016 
  2 TMA-ZAIN-G-    (0)    1 :  0.603 0.005 0.010 0.020 0.046 0.008 0.233 0.004 0.044 0.025 
  3 TMA-ZAIN-G-    (0)    1 :  0.005 0.085 0.026 0.007 0.116 0.438 0.032 0.003 0.010 0.279 
  4 TMA-ZAIN-G-    (0)    1 :  0.026 0.038 0.020 0.016 0.022 0.073 0.049 0.005 0.600 0.151 
  5 TMA-ZAIN-G-    (0)    1 :  0.968 0.003 0.002 0.005 0.002 0.003 0.003 0.003 0.006 0.004 
  6 TMA-ZAIN-G-    (0)    1 :  0.063 0.118 0.019 0.100 0.071 0.413 0.037 0.054 0.045 0.079 
  7 TMA-ZAIN-G-    (0)    1 :  0.009 0.007 0.027 0.011 0.077 0.715 0.068 0.005 0.020 0.061 
  8 TMA-ZAIN-G-    (0)    1 :  0.004 0.011 0.005 0.004 0.016 0.919 0.010 0.002 0.010 0.020 
  9 TMA-ZAIN-G-    (9)    1 :  0.008 0.031 0.010 0.008 0.402 0.110 0.211 0.004 0.005 0.211 
 10 TMA-ZAIN-G-    (0)    1 :  0.004 0.037 0.013 0.009 0.443 0.265 0.115 0.004 0.010 0.100 
 11 TMA-ZAIN-G-    (0)    1 :  0.005 0.007 0.008 0.006 0.168 0.592 0.169 0.006 0.007 0.031 
 12 TMA-ZAIN-G-    (0)    1 :  0.004 0.005 0.013 0.005 0.019 0.011 0.009 0.003 0.004 0.926 
 13 TMA-ZAIN-G-    (9)    1 :  0.092 0.018 0.108 0.032 0.240 0.133 0.278 0.030 0.027 0.042 
 14 TMA-ZAIN-G-    (9)    1 :  0.005 0.006 0.860 0.008 0.057 0.011 0.018 0.016 0.007 0.013 
 15 TMA-ZAIN-G-    (0)    1 :  0.003 0.009 0.813 0.005 0.138 0.010 0.007 0.003 0.006 0.007 
 16 TMA-ZAIN-G-    (0)    1 :  0.004 0.005 0.006 0.005 0.031 0.020 0.028 0.005 0.003 0.893 
 17 TMA-ZAIN-G-    (9)    1 :  0.017 0.009 0.022 0.023 0.713 0.128 0.007 0.003 0.069 0.010 
 18 TMA-ZAIN-G-    (0)    1 :  0.486 0.007 0.011 0.380 0.008 0.010 0.004 0.004 0.065 0.023 
 19 TMA-ZAIN-G-    (0)    1 :  0.017 0.005 0.012 0.866 0.023 0.037 0.010 0.006 0.006 0.018 
 20 TMA-ZAIN-G-    (0)    1 :  0.067 0.004 0.003 0.853 0.003 0.003 0.004 0.038 0.022 0.003 
 21 TMA-ZAIN-G-    (0)    1 :  0.003 0.003 0.002 0.003 0.003 0.003 0.002 0.976 0.003 0.003 
 22 TMA-ZAIN-G-    (0)    1 :  0.965 0.002 0.003 0.007 0.003 0.003 0.003 0.007 0.005 0.002 
 23 TMA-ZAIN-G-    (0)    1 :  0.895 0.004 0.005 0.054 0.007 0.008 0.007 0.011 0.004 0.006 
 24 TMA-ZAIN-G-    (9)    1 :  0.668 0.117 0.027 0.004 0.032 0.004 0.120 0.014 0.006 0.008 
 25 TMA-ZAIN-G-    (9)    1 :  0.057 0.005 0.006 0.767 0.049 0.006 0.085 0.009 0.005 0.011 
 26 TMA-ZAIN-G-    (9)    1 :  0.007 0.009 0.023 0.010 0.245 0.048 0.145 0.094 0.395 0.024 
 27 TMA-ZAIN-G-    (0)    1 :  0.045 0.010 0.062 0.819 0.017 0.007 0.006 0.012 0.016 0.006 
 28 TMA-ZAIN-G-    (0)    1 :  0.009 0.008 0.013 0.926 0.008 0.012 0.006 0.003 0.007 0.008 
 29 TMA-ZAIN-G-    (0)    1 :  0.004 0.714 0.006 0.241 0.005 0.005 0.005 0.004 0.012 0.004 
 30 TMA-ZAIN-G-    (0)    1 :  0.005 0.041 0.063 0.320 0.380 0.025 0.101 0.004 0.008 0.053 
 31 TMA-ZAIN-G-    (0)    1 :  0.828 0.008 0.008 0.018 0.005 0.010 0.013 0.009 0.095 0.006 
 32 TMA-ZAIN-G-    (9)    1 :  0.582 0.005 0.033 0.031 0.148 0.010 0.023 0.010 0.007 0.151 
 33 TMA-ZAIN-G-   (18)    1 :  0.005 0.018 0.006 0.004 0.611 0.085 0.030 0.003 0.004 0.234 
 34 TMA-ZAIN-G-    (0)    1 :  0.107 0.006 0.010 0.026 0.048 0.016 0.071 0.022 0.008 0.686 
 35 TMA-ZAIN-G-    (9)    1 :  0.011 0.073 0.040 0.014 0.350 0.042 0.116 0.003 0.018 0.333 
 36 TMA-ZAIN-G-    (0)    1 :  0.004 0.010 0.127 0.005 0.447 0.059 0.315 0.003 0.011 0.020 
 37 TMA-ZAIN-G-    (9)    1 :  0.007 0.016 0.006 0.015 0.456 0.130 0.140 0.010 0.019 0.200 
 38 TMA-ZAIN-G-   (18)    1 :  0.512 0.008 0.088 0.079 0.194 0.012 0.036 0.007 0.012 0.052 
 39 TMA-ZAIN-G-    (0)    1 :  0.003 0.011 0.004 0.005 0.064 0.024 0.814 0.007 0.007 0.062 
 40 TMA-ZAIN-G-    (0)    1 :  0.003 0.006 0.004 0.004 0.797 0.028 0.095 0.011 0.007 0.046 
 41 TMA-ZAIN-G-    (0)    1 :  0.003 0.006 0.026 0.004 0.800 0.018 0.119 0.003 0.005 0.015 
 42 TMA-ZAIN-G-    (9)    1 :  0.003 0.010 0.176 0.004 0.743 0.027 0.012 0.002 0.015 0.008 
 43 TMA-ZAIN-G-    (0)    1 :  0.003 0.008 0.957 0.003 0.007 0.007 0.004 0.002 0.004 0.004 
 44 TMA-ZAIN-G-    (0)    1 :  0.006 0.012 0.004 0.008 0.017 0.033 0.073 0.809 0.004 0.034 
 45 TMA-ZAIN-G-    (0)    1 :  0.006 0.006 0.020 0.010 0.341 0.064 0.053 0.011 0.011 0.477 
 46 TMA-ZAIN-G-    (0)    1 :  0.004 0.002 0.003 0.004 0.002 0.003 0.003 0.971 0.005 0.002 
 47 TMA-ZAIN-G-    (0)    1 :  0.003 0.004 0.004 0.004 0.004 0.005 0.003 0.004 0.963 0.005 
 48 TMA-ZAIN-G-    (0)    1 :  0.012 0.014 0.031 0.022 0.129 0.224 0.036 0.016 0.483 0.033 
 49 TMA-ZAIN-G-    (9)    1 :  0.017 0.044 0.005 0.871 0.006 0.007 0.007 0.004 0.010 0.029 
 50 TMA-ZAIN-G-    (0)    1 :  0.006 0.003 0.008 0.890 0.049 0.008 0.019 0.007 0.003 0.006 
 51 TMA-ZAIN-G-    (0)    1 :  0.007 0.006 0.096 0.806 0.021 0.011 0.011 0.014 0.023 0.005 
 52 TMA-ZAIN-G-    (0)    1 :  0.008 0.003 0.024 0.792 0.009 0.012 0.009 0.014 0.116 0.013 
 53 TMA-ZAIN-G-    (0)    1 :  0.153 0.006 0.037 0.571 0.014 0.014 0.018 0.004 0.177 0.006 
 54 TMA-ZAIN-G-    (0)    1 :  0.005 0.004 0.014 0.010 0.013 0.009 0.005 0.004 0.928 0.007 
 55 TMA-ZAIN-G-    (0)    1 :  0.008 0.003 0.029 0.033 0.042 0.017 0.006 0.007 0.845 0.011 
 56 TMA-ZAIN-G-    (0)    1 :  0.018 0.035 0.018 0.109 0.148 0.118 0.042 0.005 0.482 0.026 
 57 TMA-ZAIN-G-    (0)    1 :  0.007 0.009 0.006 0.016 0.006 0.007 0.010 0.003 0.914 0.022 
 58 TMA-ZAIN-G-    (0)    1 :  0.330 0.008 0.011 0.516 0.029 0.032 0.004 0.006 0.045 0.019 
 59 TMA-ZAIN-G-    (0)    1 :  0.618 0.023 0.011 0.028 0.050 0.126 0.055 0.016 0.036 0.036 
 60 TMA-ZAIN-G-    (0)    1 :  0.219 0.006 0.121 0.584 0.014 0.016 0.007 0.008 0.018 0.007 
 61 TMA-ZAIN-G-    (0)    1 :  0.950 0.003 0.003 0.007 0.003 0.004 0.003 0.008 0.013 0.004 
 62 TMA-ZAIN-G-    (9)    1 :  0.676 0.012 0.009 0.057 0.043 0.026 0.026 0.014 0.012 0.126 
 63 TMA-ZAIN-G-    (0)    1 :  0.901 0.003 0.012 0.030 0.008 0.007 0.004 0.004 0.021 0.010 
 64 TMA-ZAIN-G-    (0)    1 :  0.002 0.958 0.005 0.003 0.006 0.006 0.009 0.002 0.003 0.005 
 65 TMA-ZAIN-G-    (9)    1 :  0.003 0.935 0.006 0.004 0.007 0.009 0.006 0.002 0.007 0.020 
 66 TMA-ZAIN-G-    (0)    1 :  0.003 0.922 0.005 0.003 0.010 0.017 0.020 0.003 0.004 0.014 
 67 TMA-ZAIN-G-    (0)    1 :  0.006 0.786 0.004 0.011 0.015 0.013 0.111 0.017 0.005 0.032 
 68 TMA-ZAIN-G-    (0)    1 :  0.002 0.961 0.007 0.003 0.005 0.007 0.004 0.002 0.004 0.005 
 69 TMA-ZAIN-G-    (0)    1 :  0.028 0.751 0.016 0.019 0.007 0.013 0.049 0.032 0.012 0.074 
 70 TMA-ZAIN-G-    (0)    1 :  0.003 0.012 0.006 0.004 0.007 0.006 0.934 0.004 0.004 0.021 
 71 TMA-ZAIN-G-    (0)    1 :  0.003 0.004 0.003 0.004 0.006 0.005 0.954 0.004 0.003 0.015 
 72 TMA-ZAIN-G-    (0)    1 :  0.004 0.015 0.008 0.005 0.014 0.008 0.928 0.003 0.006 0.009 
 73 TMA-ZAIN-G-    (0)    1 :  0.028 0.006 0.004 0.024 0.007 0.006 0.868 0.031 0.017 0.010 
 74 TMA-ZAIN-G-    (0)    1 :  0.005 0.005 0.004 0.008 0.007 0.007 0.936 0.007 0.005 0.016 
 75 TMA-ZAIN-G-    (0)    1 :  0.004 0.005 0.005 0.006 0.006 0.007 0.940 0.003 0.008 0.015 
 76 TMA-ZAIN-G-    (0)    1 :  0.006 0.005 0.003 0.007 0.005 0.005 0.925 0.029 0.004 0.010 
 77 TMA-ZAIN-G-    (0)    1 :  0.003 0.006 0.007 0.005 0.013 0.006 0.942 0.008 0.005 0.005 
 78 TMA-ZAIN-G-    (0)    1 :  0.008 0.005 0.006 0.013 0.006 0.009 0.920 0.017 0.008 0.009 
 79 TMA-ZAIN-G-    (0)    1 :  0.004 0.004 0.007 0.007 0.008 0.008 0.931 0.018 0.007 0.006 
 80 TMA-ZAIN-G-    (0)    1 :  0.003 0.020 0.004 0.004 0.026 0.018 0.823 0.007 0.011 0.084 
 81 TMA-ZAIN-G-    (0)    1 :  0.004 0.005 0.008 0.007 0.014 0.013 0.921 0.008 0.007 0.012 
 82 TMA-ZAIN-G-    (0)    1 :  0.005 0.178 0.007 0.006 0.009 0.027 0.538 0.003 0.015 0.212 
 83 TMA-ZAIN-G-    (9)    1 :  0.050 0.036 0.006 0.024 0.013 0.038 0.021 0.033 0.019 0.761 
 84 TMA-ZAIN-G-    (0)    1 :  0.004 0.005 0.005 0.007 0.009 0.010 0.915 0.028 0.005 0.011 
 85 TMA-ZAIN-G-    (0)    1 :  0.063 0.006 0.006 0.111 0.010 0.017 0.009 0.004 0.764 0.010 
 86 TMA-ZAIN-G-    (0)    1 :  0.015 0.009 0.004 0.022 0.017 0.025 0.017 0.012 0.859 0.019 
 87 TMA-ZAIN-G-    (0)    1 :  0.249 0.005 0.005 0.046 0.007 0.013 0.014 0.011 0.641 0.009 
 88 TMA-ZAIN-G-    (0)    1 :  0.128 0.030 0.020 0.013 0.018 0.050 0.070 0.010 0.542 0.120 
 89 TMA-ZAIN-G-    (0)    1 :  0.019 0.017 0.027 0.005 0.015 0.023 0.045 0.015 0.799 0.035 
 90 TMA-ZAIN-G-    (0)    1 :  0.009 0.007 0.005 0.015 0.006 0.010 0.006 0.007 0.923 0.012 
 91 TMA-ZAIN-G-    (0)    1 :  0.020 0.007 0.009 0.011 0.008 0.014 0.010 0.006 0.907 0.009 
 92 TMA-ZAIN-G-    (0)    1 :  0.008 0.004 0.010 0.025 0.009 0.007 0.009 0.025 0.899 0.005 
 93 TMA-ZAIN-G-    (0)    1 :  0.021 0.006 0.013 0.020 0.006 0.006 0.006 0.009 0.910 0.004 
 94 TMA-ZAIN-G-    (0)    1 :  0.041 0.004 0.006 0.015 0.004 0.005 0.005 0.009 0.908 0.004 
 95 TMA-ZAIN-G-    (0)    1 :  0.011 0.017 0.027 0.868 0.035 0.005 0.019 0.004 0.005 0.009 
 96 TMA-ZAIN-G-    (0)    1 :  0.006 0.005 0.017 0.815 0.125 0.006 0.004 0.004 0.007 0.011 
 97 TMA-ZAIN-G-    (0)    1 :  0.883 0.010 0.011 0.025 0.006 0.011 0.023 0.008 0.017 0.005 
 98 TMA-ZAIN-G-    (0)    1 :  0.907 0.006 0.008 0.006 0.006 0.014 0.025 0.005 0.017 0.006 
 99 TMA-ZAIN-G-    (0)    1 :  0.638 0.011 0.006 0.006 0.036 0.233 0.014 0.019 0.003 0.035 
100 TMA-ZAIN-G-    (0)    1 :  0.834 0.006 0.012 0.055 0.006 0.007 0.008 0.023 0.046 0.004 
101 TMA-ZAIN-G-    (0)    1 :  0.841 0.008 0.007 0.028 0.006 0.063 0.018 0.006 0.014 0.009 
102 TMA-ZAIN-G-    (0)    1 :  0.847 0.007 0.028 0.024 0.035 0.009 0.015 0.007 0.008 0.020 
103 TMA-ZAIN-G-    (0)    1 :  0.906 0.004 0.007 0.028 0.007 0.008 0.007 0.003 0.007 0.021 
104 TMA-ZAIN-G-    (0)    1 :  0.957 0.003 0.005 0.006 0.004 0.006 0.004 0.004 0.005 0.005 
105 TMA-ZAIN-G-    (0)    1 :  0.894 0.004 0.007 0.024 0.009 0.010 0.008 0.003 0.010 0.030 
106 TMA-ZAIN-G-    (0)    1 :  0.004 0.047 0.080 0.005 0.617 0.068 0.119 0.003 0.007 0.052 
107 TMA-ZAIN-G-    (0)    1 :  0.004 0.016 0.012 0.005 0.029 0.211 0.319 0.003 0.006 0.396 
108 TMA-ZAIN-G-    (9)    1 :  0.250 0.007 0.051 0.076 0.376 0.033 0.077 0.019 0.041 0.069 
109 TMA-ZAIN-G-    (0)    1 :  0.217 0.137 0.021 0.086 0.092 0.224 0.010 0.004 0.074 0.134 
110 TMA-ZAIN-G-    (0)    1 :  0.112 0.007 0.019 0.082 0.135 0.261 0.054 0.145 0.019 0.166 
111 TMA-ZAIN-G-    (9)    1 :  0.668 0.013 0.004 0.054 0.012 0.016 0.031 0.013 0.018 0.170 
112 TMA-ZAIN-G-    (0)    1 :  0.270 0.016 0.032 0.164 0.178 0.191 0.032 0.013 0.023 0.082 
113 TMA-ZAIN-G-    (0)    1 :  0.828 0.016 0.007 0.006 0.009 0.023 0.049 0.006 0.023 0.034 
114 TMA-ZAIN-G-    (0)    1 :  0.966 0.003 0.002 0.005 0.003 0.003 0.003 0.005 0.005 0.004 
115 TMA-ZAIN-G-    (0)    1 :  0.956 0.003 0.005 0.006 0.004 0.004 0.005 0.004 0.005 0.008 
116 TMA-ZAIN-G-    (0)    1 :  0.004 0.009 0.006 0.004 0.008 0.014 0.011 0.002 0.010 0.932 
117 TMA-ZAIN-G-    (0)    1 :  0.006 0.174 0.064 0.012 0.085 0.440 0.097 0.003 0.040 0.078 
118 TMA-ZAIN-G-    (0)    1 :  0.005 0.032 0.024 0.008 0.016 0.023 0.016 0.003 0.009 0.865 
119 TMA-ZAIN-G-    (0)    1 :  0.026 0.029 0.006 0.025 0.008 0.013 0.047 0.019 0.010 0.815 
120 TMA-ZAIN-G-    (0)    1 :  0.008 0.027 0.082 0.014 0.025 0.042 0.029 0.004 0.016 0.754 
121 TMA-ZAIN-G-    (0)    1 :  0.009 0.186 0.024 0.012 0.068 0.149 0.043 0.003 0.025 0.482 
122 TMA-ZAIN-G-    (0)    1 :  0.006 0.034 0.009 0.013 0.214 0.425 0.097 0.010 0.025 0.168 
123 TMA-ZAIN-G-    (0)    1 :  0.915 0.004 0.019 0.027 0.007 0.006 0.006 0.004 0.006 0.006 
124 TMA-ZAIN-G-    (0)    1 :  0.004 0.004 0.009 0.005 0.136 0.822 0.005 0.002 0.004 0.008 
125 TMA-ZAIN-G-    (0)    1 :  0.002 0.030 0.022 0.004 0.054 0.828 0.006 0.002 0.045 0.006 
126 TMA-ZAIN-G-    (0)    1 :  0.004 0.005 0.039 0.004 0.042 0.877 0.005 0.003 0.009 0.013 
127 TMA-ZAIN-G-    (0)    1 :  0.003 0.006 0.010 0.003 0.105 0.853 0.004 0.003 0.004 0.008 
128 TMA-ZAIN-G-    (0)    1 :  0.003 0.017 0.007 0.004 0.079 0.864 0.006 0.002 0.006 0.010 
129 TMA-ZAIN-G-    (0)    1 :  0.004 0.005 0.012 0.004 0.035 0.921 0.005 0.002 0.006 0.006 
130 TMA-ZAIN-G-    (0)    1 :  0.004 0.006 0.054 0.005 0.025 0.858 0.005 0.002 0.026 0.015 
131 TMA-ZAIN-G-    (0)    1 :  0.004 0.004 0.013 0.006 0.165 0.790 0.005 0.003 0.005 0.007 
132 TMA-ZAIN-G-    (0)    1 :  0.003 0.027 0.011 0.005 0.080 0.836 0.008 0.002 0.017 0.012 
133 TMA-ZAIN-G-    (0)    1 :  0.004 0.080 0.106 0.015 0.271 0.380 0.057 0.020 0.039 0.027 
134 TMA-ZAIN-G-    (0)    1 :  0.003 0.032 0.140 0.005 0.040 0.693 0.030 0.009 0.022 0.024 
135 TMA-ZAIN-G-    (0)    1 :  0.004 0.019 0.008 0.004 0.046 0.701 0.066 0.010 0.009 0.133 
136 TMA-ZAIN-G-    (0)    1 :  0.006 0.521 0.009 0.006 0.047 0.208 0.051 0.007 0.016 0.129 
137 TMA-ZAIN-G-    (0)    1 :  0.006 0.006 0.006 0.005 0.033 0.330 0.055 0.015 0.009 0.535 
138 TMA-ZAIN-G-    (0)    1 :  0.003 0.008 0.011 0.003 0.045 0.835 0.011 0.003 0.007 0.075 
139 TMA-ZAIN-G-    (0)    1 :  0.004 0.010 0.007 0.004 0.023 0.776 0.027 0.008 0.032 0.109 
140 TMA-ZAIN-G-    (0)    1 :  0.004 0.009 0.006 0.006 0.129 0.143 0.081 0.005 0.004 0.613 
141 TMA-ZAIN-G-    (0)    1 :  0.004 0.008 0.020 0.005 0.052 0.561 0.178 0.003 0.006 0.162 
142 TMA-ZAIN-G-    (9)    1 :  0.003 0.012 0.007 0.005 0.054 0.167 0.109 0.004 0.004 0.635 
143 TMA-ZAIN-G-    (0)    1 :  0.003 0.013 0.008 0.005 0.103 0.612 0.025 0.003 0.004 0.224 
144 TMA-ZAIN-G-    (0)    1 :  0.004 0.006 0.015 0.012 0.129 0.223 0.018 0.008 0.026 0.559 
145 TMA-ZAIN-G-    (0)    1 :  0.003 0.304 0.006 0.004 0.033 0.189 0.099 0.002 0.011 0.349 
146 TMA-ZAIN-G-    (0)    1 :  0.003 0.006 0.005 0.003 0.009 0.359 0.563 0.003 0.004 0.043 
147 TMA-ZAIN-G-    (9)    1 :  0.003 0.011 0.006 0.003 0.013 0.760 0.172 0.004 0.004 0.022 
148 TMA-ZAIN-G-    (0)    1 :  0.003 0.006 0.027 0.003 0.023 0.780 0.131 0.003 0.010 0.014 
149 TMA-ZAIN-G-    (0)    1 :  0.025 0.006 0.009 0.013 0.022 0.848 0.023 0.008 0.032 0.015 
150 TMA-ZAIN-G-    (0)    1 :  0.036 0.151 0.008 0.010 0.013 0.581 0.054 0.005 0.054 0.086 
151 TMA-ZAIN-G-    (0)    1 :  0.003 0.008 0.010 0.003 0.121 0.006 0.007 0.002 0.004 0.837 
152 TMA-ZAIN-G-    (0)    1 :  0.003 0.006 0.007 0.003 0.008 0.006 0.005 0.002 0.004 0.955 
153 TMA-ZAIN-G-    (0)    1 :  0.003 0.014 0.031 0.003 0.117 0.051 0.022 0.002 0.012 0.744 
154 TMA-ZAIN-G-    (0)    1 :  0.003 0.005 0.005 0.003 0.007 0.010 0.006 0.002 0.004 0.956 
155 TMA-ZAIN-G-    (0)    1 :  0.004 0.009 0.007 0.004 0.010 0.030 0.015 0.003 0.003 0.915 
156 TMA-ZAIN-G-    (9)    1 :  0.004 0.003 0.058 0.004 0.058 0.029 0.006 0.003 0.011 0.824 
157 TMA-ZAIN-G-    (0)    1 :  0.004 0.006 0.129 0.004 0.088 0.048 0.018 0.003 0.007 0.693 
158 TMA-ZAIN-G-    (0)    1 :  0.003 0.004 0.004 0.005 0.011 0.008 0.019 0.003 0.004 0.939 
159 TMA-ZAIN-G-    (0)    1 :  0.003 0.012 0.004 0.003 0.008 0.043 0.216 0.002 0.005 0.702 
160 TMA-ZAIN-G-    (0)    1 :  0.004 0.016 0.004 0.003 0.006 0.014 0.125 0.002 0.006 0.819 
161 TMA-ZAIN-G-    (0)    1 :  0.003 0.007 0.020 0.005 0.077 0.430 0.023 0.003 0.014 0.420 
162 TMA-ZAIN-G-    (0)    1 :  0.028 0.006 0.003 0.010 0.017 0.010 0.007 0.008 0.016 0.895 
163 TMA-ZAIN-G-    (0)    1 :  0.003 0.004 0.003 0.003 0.006 0.009 0.006 0.002 0.003 0.961 
164 TMA-ZAIN-G-    (0)    1 :  0.004 0.006 0.004 0.004 0.006 0.014 0.008 0.003 0.006 0.945 
165 TMA-ZAIN-G-    (0)    1 :  0.004 0.006 0.003 0.003 0.008 0.017 0.012 0.002 0.003 0.941 
166 TMA-ZAIN-G-    (0)    1 :  0.003 0.011 0.006 0.004 0.066 0.301 0.086 0.003 0.008 0.515 
167 TMA-ZAIN-G-    (0)    1 :  0.005 0.004 0.009 0.007 0.050 0.095 0.705 0.004 0.005 0.115 
168 TMA-ZAIN-G-    (0)    1 :  0.005 0.011 0.038 0.005 0.016 0.011 0.886 0.004 0.005 0.019 
169 TMA-ZAIN-G-    (0)    1 :  0.003 0.058 0.005 0.004 0.007 0.015 0.877 0.003 0.005 0.023 
170 TMA-ZAIN-G-    (0)    1 :  0.012 0.027 0.110 0.024 0.258 0.065 0.410 0.014 0.004 0.076 
171 TMA-ZAIN-G-    (0)    1 :  0.003 0.010 0.004 0.003 0.005 0.012 0.939 0.003 0.004 0.018 
172 TMA-ZAIN-G-    (0)    1 :  0.004 0.004 0.017 0.005 0.801 0.082 0.040 0.004 0.004 0.037 
173 TMA-ZAIN-G-    (0)    1 :  0.004 0.006 0.020 0.006 0.808 0.096 0.030 0.004 0.005 0.021 
174 TMA-ZAIN-G-    (0)    1 :  0.003 0.026 0.005 0.004 0.134 0.739 0.037 0.003 0.006 0.044 
175 TMA-ZAIN-G-    (0)    1 :  0.004 0.007 0.005 0.003 0.008 0.021 0.923 0.003 0.004 0.023 
176 TMA-ZAIN-G-    (0)    1 :  0.004 0.005 0.006 0.004 0.011 0.051 0.846 0.003 0.004 0.067 
177 TMA-ZAIN-G-    (0)    1 :  0.004 0.004 0.037 0.005 0.112 0.047 0.601 0.004 0.004 0.182 
178 TMA-ZAIN-G-    (0)    1 :  0.004 0.005 0.041 0.006 0.749 0.027 0.068 0.005 0.005 0.092 
179 TMA-ZAIN-G-    (0)    1 :  0.003 0.010 0.035 0.004 0.378 0.094 0.231 0.004 0.005 0.234 
180 TMA-ZAIN-G-    (0)    1 :  0.004 0.050 0.021 0.005 0.173 0.708 0.007 0.007 0.010 0.015 
181 TMA-ZAIN-G-    (0)    1 :  0.004 0.005 0.119 0.004 0.788 0.024 0.011 0.003 0.005 0.037 
182 TMA-ZAIN-G-    (0)    1 :  0.006 0.003 0.207 0.005 0.496 0.227 0.007 0.003 0.006 0.041 
183 TMA-ZAIN-G-    (0)    1 :  0.004 0.004 0.090 0.004 0.859 0.012 0.008 0.003 0.004 0.012 
184 TMA-ZAIN-G-    (0)    1 :  0.028 0.008 0.027 0.013 0.791 0.052 0.013 0.007 0.027 0.035 
185 TMA-ZAIN-G-    (0)    1 :  0.019 0.005 0.005 0.017 0.871 0.032 0.007 0.008 0.025 0.010 
186 TMA-ZAIN-G-    (9)    1 :  0.004 0.006 0.006 0.008 0.896 0.042 0.012 0.005 0.006 0.015 
187 TMA-ZAIN-G-    (0)    1 :  0.004 0.017 0.021 0.005 0.852 0.030 0.038 0.003 0.003 0.026 
188 TMA-ZAIN-G-    (0)    1 :  0.003 0.023 0.007 0.003 0.890 0.023 0.028 0.002 0.004 0.018 
189 TMA-ZAIN-G-    (0)    1 :  0.002 0.008 0.007 0.003 0.947 0.015 0.006 0.003 0.003 0.006 
190 TMA-ZAIN-G-    (0)    1 :  0.003 0.014 0.031 0.006 0.886 0.011 0.030 0.003 0.005 0.011 
191 TMA-ZAIN-G-    (0)    1 :  0.016 0.004 0.004 0.009 0.925 0.008 0.008 0.009 0.011 0.006 
192 TMA-ZAIN-G-    (0)    1 :  0.004 0.004 0.019 0.005 0.905 0.020 0.011 0.021 0.005 0.006 
193 TMA-ZAIN-G-    (0)    1 :  0.003 0.003 0.970 0.003 0.005 0.004 0.003 0.002 0.004 0.003 
194 TMA-ZAIN-G-    (0)    1 :  0.004 0.010 0.896 0.012 0.035 0.013 0.007 0.008 0.012 0.005 
195 TMA-ZAIN-G-    (0)    1 :  0.003 0.031 0.807 0.008 0.058 0.036 0.035 0.003 0.006 0.014 
196 TMA-ZAIN-G-    (0)    1 :  0.003 0.009 0.943 0.004 0.013 0.008 0.006 0.003 0.005 0.006 
197 TMA-ZAIN-G-    (0)    1 :  0.003 0.011 0.936 0.004 0.010 0.012 0.009 0.002 0.006 0.007 
198 TMA-ZAIN-G-    (0)    1 :  0.003 0.007 0.930 0.003 0.020 0.009 0.010 0.004 0.005 0.010 
199 TMA-ZAIN-G-    (0)    1 :  0.004 0.004 0.007 0.006 0.917 0.032 0.008 0.003 0.006 0.013 
200 TMA-ZAIN-G-    (0)    1 :  0.047 0.007 0.060 0.039 0.006 0.006 0.006 0.813 0.012 0.005 
201 TMA-ZAIN-G-    (0)    1 :  0.026 0.026 0.007 0.027 0.010 0.016 0.022 0.837 0.013 0.016 
202 TMA-ZAIN-G-    (0)    1 :  0.006 0.003 0.012 0.005 0.006 0.004 0.003 0.956 0.002 0.004 
203 TMA-ZAIN-G-    (0)    1 :  0.011 0.004 0.852 0.005 0.036 0.051 0.011 0.002 0.005 0.023 
204 TMA-ZAIN-G-    (9)    1 :  0.029 0.005 0.005 0.039 0.005 0.005 0.007 0.835 0.067 0.003 
205 TMA-ZAIN-G-    (0)    1 :  0.006 0.005 0.009 0.015 0.006 0.019 0.014 0.846 0.008 0.072 
206 TMA-ZAIN-G-    (9)    1 :  0.041 0.011 0.029 0.041 0.034 0.030 0.027 0.696 0.063 0.027 
207 TMA-ZAIN-G-    (9)    1 :  0.014 0.079 0.012 0.067 0.030 0.201 0.035 0.005 0.124 0.436 
208 TMA-ZAIN-G-    (0)    1 :  0.003 0.063 0.004 0.005 0.064 0.414 0.115 0.005 0.004 0.325 
209 TMA-ZAIN-G-    (0)    1 :  0.003 0.009 0.115 0.004 0.039 0.719 0.048 0.003 0.026 0.034 
210 TMA-ZAIN-G-    (0)    1 :  0.004 0.099 0.367 0.006 0.158 0.188 0.093 0.003 0.014 0.070 
211 TMA-ZAIN-G-    (0)    1 :  0.015 0.020 0.046 0.027 0.191 0.592 0.049 0.027 0.010 0.024 
212 TMA-ZAIN-G-    (0)    1 :  0.004 0.015 0.017 0.006 0.662 0.140 0.014 0.008 0.010 0.125 
213 TMA-ZAIN-G-    (0)    1 :  0.004 0.007 0.023 0.006 0.283 0.477 0.053 0.005 0.006 0.137 
214 TMA-ZAIN-G-    (0)    1 :  0.004 0.028 0.019 0.005 0.091 0.714 0.048 0.005 0.006 0.080 
215 TMA-ZAIN-G-    (0)    1 :  0.006 0.005 0.005 0.176 0.539 0.055 0.139 0.019 0.003 0.055 
216 TMA-ZAIN-G-    (0)    1 :  0.004 0.007 0.020 0.007 0.505 0.394 0.016 0.007 0.012 0.028 
217 TMA-ZAIN-G-    (0)    1 :  0.003 0.047 0.027 0.003 0.030 0.799 0.051 0.003 0.005 0.032 
218 TMA-ZAIN-G-    (0)    1 :  0.005 0.010 0.004 0.947 0.006 0.008 0.007 0.004 0.004 0.004 
219 TMA-ZAIN-G-    (0)    1 :  0.005 0.003 0.004 0.934 0.005 0.007 0.004 0.025 0.010 0.004 
220 TMA-ZAIN-G-    (0)    1 :  0.033 0.011 0.006 0.881 0.011 0.006 0.009 0.003 0.009 0.031 
221 TMA-ZAIN-G-    (0)    1 :  0.006 0.006 0.007 0.866 0.023 0.018 0.009 0.047 0.007 0.010 
222 TMA-ZAIN-G-    (0)    1 :  0.024 0.013 0.006 0.889 0.007 0.010 0.009 0.009 0.017 0.016 
223 TMA-ZAIN-G-    (0)    1 :  0.008 0.004 0.003 0.956 0.004 0.004 0.004 0.008 0.007 0.004 
224 TMA-ZAIN-G-    (0)    1 :  0.025 0.004 0.009 0.891 0.013 0.022 0.007 0.009 0.014 0.005 
225 TMA-ZAIN-G-    (0)    1 :  0.009 0.002 0.011 0.946 0.006 0.003 0.003 0.011 0.005 0.004 
226 TMA-ZAIN-G-    (0)    1 :  0.016 0.005 0.021 0.913 0.011 0.005 0.008 0.008 0.006 0.008 
227 TMA-ZAIN-G-    (0)    1 :  0.012 0.004 0.023 0.874 0.011 0.007 0.008 0.047 0.004 0.009 
228 TMA-ZAIN-G-    (0)    1 :  0.029 0.008 0.007 0.880 0.011 0.011 0.029 0.005 0.007 0.013 
229 TMA-ZAIN-G-    (0)    1 :  0.037 0.009 0.003 0.911 0.003 0.003 0.005 0.021 0.008 0.003 
230 TMA-ZAIN-G-    (0)    1 :  0.050 0.016 0.020 0.672 0.030 0.088 0.057 0.004 0.055 0.008 
231 TMA-ZAIN-G-    (0)    1 :  0.647 0.010 0.014 0.160 0.016 0.026 0.042 0.046 0.024 0.016 
232 TMA-ZAIN-G-    (9)    1 :  0.782 0.029 0.018 0.043 0.030 0.056 0.012 0.017 0.009 0.005 
233 TMA-ZAIN-G-    (0)    1 :  0.006 0.042 0.008 0.836 0.009 0.017 0.025 0.035 0.014 0.007 
234 TMA-ZAIN-G-    (0)    1 :  0.217 0.007 0.010 0.680 0.004 0.004 0.006 0.038 0.021 0.011 
235 TMA-ZAIN-G-    (0)    1 :  0.231 0.004 0.025 0.588 0.071 0.006 0.041 0.009 0.013 0.012 
236 TMA-ZAIN-G-    (0)    1 :  0.143 0.007 0.028 0.704 0.014 0.012 0.014 0.057 0.008 0.013 
237 TMA-ZAIN-G-    (0)    1 :  0.181 0.014 0.013 0.416 0.023 0.079 0.232 0.006 0.013 0.023 
238 TMA-ZAIN-G-    (0)    1 :  0.067 0.005 0.007 0.768 0.023 0.028 0.024 0.048 0.005 0.025 
239 TMA-ZAIN-G-    (0)    1 :  0.026 0.009 0.085 0.017 0.023 0.006 0.004 0.707 0.120 0.004 
240 TMA-ZAIN-G-    (0)    1 :  0.003 0.002 0.003 0.003 0.003 0.003 0.003 0.973 0.004 0.002 
241 TMA-ZAIN-G-    (0)    1 :  0.003 0.003 0.003 0.003 0.003 0.003 0.005 0.970 0.003 0.003 
242 TMA-ZAIN-G-    (0)    1 :  0.003 0.003 0.002 0.003 0.003 0.003 0.003 0.973 0.003 0.004 
243 TMA-ZAIN-G-    (0)    1 :  0.003 0.003 0.003 0.003 0.003 0.003 0.004 0.971 0.003 0.004 
244 TMA-ZAIN-G-    (0)    1 :  0.003 0.004 0.003 0.003 0.004 0.004 0.006 0.966 0.003 0.005 
245 TMA-ZAIN-G-    (9)    1 :  0.004 0.002 0.003 0.003 0.003 0.003 0.003 0.975 0.003 0.003 
246 TMA-ZAIN-G-    (0)    1 :  0.003 0.002 0.003 0.003 0.003 0.003 0.003 0.976 0.003 0.002 
247 TMA-ZAIN-G-    (0)    1 :  0.002 0.003 0.002 0.003 0.003 0.002 0.002 0.977 0.003 0.003 
248 TMA-ZAIN-G-    (0)    1 :  0.004 0.003 0.005 0.004 0.004 0.003 0.004 0.968 0.003 0.004 
249 TMA-ZAIN-G-    (0)    1 :  0.003 0.002 0.004 0.003 0.003 0.002 0.003 0.974 0.003 0.002 
250 TMA-ZAIN-G-    (0)    1 :  0.003 0.003 0.003 0.003 0.003 0.002 0.002 0.976 0.003 0.002 
251 TMA-ZAIN-G-    (0)    1 :  0.004 0.004 0.006 0.005 0.004 0.005 0.004 0.002 0.961 0.005 
252 TMA-ZAIN-G-    (0)    1 :  0.003 0.032 0.005 0.006 0.009 0.012 0.036 0.003 0.860 0.033 
253 TMA-ZAIN-G-    (0)    1 :  0.004 0.005 0.005 0.003 0.004 0.005 0.004 0.005 0.953 0.012 
254 TMA-ZAIN-G-    (9)    1 :  0.005 0.013 0.005 0.004 0.008 0.012 0.009 0.003 0.906 0.034 
255 TMA-ZAIN-G-    (0)    1 :  0.014 0.008 0.004 0.004 0.004 0.005 0.005 0.004 0.943 0.008 
256 TMA-ZAIN-G-    (0)    1 :  0.007 0.005 0.020 0.004 0.006 0.007 0.006 0.010 0.929 0.007 
257 TMA-ZAIN-G-    (0)    1 :  0.004 0.003 0.013 0.004 0.003 0.004 0.003 0.004 0.960 0.003 
258 TMA-ZAIN-G-    (0)    1 :  0.003 0.005 0.006 0.003 0.003 0.004 0.003 0.004 0.967 0.004 
259 TMA-ZAIN-G-    (0)    1 :  0.004 0.005 0.005 0.004 0.003 0.004 0.003 0.005 0.963 0.003 
260 TMA-ZAIN-G-    (0)    1 :  0.004 0.009 0.006 0.004 0.004 0.005 0.004 0.004 0.957 0.003 
261 TMA-ZAIN-G-   (18)    1 :  0.005 0.011 0.008 0.006 0.006 0.008 0.004 0.003 0.945 0.005 
262 TMA-ZAIN-G-    (0)    1 :  0.003 0.003 0.006 0.003 0.003 0.004 0.003 0.003 0.967 0.003 
263 TMA-ZAIN-G-    (0)    1 :  0.004 0.004 0.005 0.004 0.003 0.004 0.003 0.003 0.965 0.005 
264 TMA-ZAIN-G-    (0)    1 :  0.006 0.004 0.006 0.004 0.003 0.004 0.004 0.003 0.960 0.006 
265 TMA-ZAIN-G-    (0)    1 :  0.016 0.033 0.014 0.206 0.026 0.050 0.020 0.029 0.582 0.023 
266 TMA-ZAIN-G-    (0)    1 :  0.017 0.021 0.057 0.023 0.044 0.078 0.010 0.007 0.715 0.028 
267 TMA-ZAIN-G-    (0)    1 :  0.120 0.012 0.006 0.068 0.008 0.014 0.015 0.041 0.708 0.008 
268 TMA-ZAIN-G-    (0)    1 :  0.966 0.003 0.003 0.005 0.003 0.004 0.004 0.004 0.004 0.003 
269 TMA-ZAIN-G-    (0)    1 :  0.951 0.004 0.004 0.012 0.004 0.006 0.005 0.004 0.005 0.005 
270 TMA-ZAIN-G-    (0)    1 :  0.943 0.004 0.004 0.013 0.004 0.006 0.006 0.007 0.007 0.005 
271 TMA-ZAIN-G-    (0)    1 :  0.960 0.003 0.003 0.006 0.003 0.004 0.004 0.008 0.005 0.004 
272 TMA-ZAIN-G-    (0)    1 :  0.881 0.003 0.003 0.076 0.005 0.005 0.006 0.010 0.005 0.005 
273 TMA-ZAIN-G-    (0)    1 :  0.917 0.002 0.003 0.037 0.003 0.003 0.004 0.024 0.004 0.003 
274 TMA-ZAIN-G-    (0)    1 :  0.917 0.006 0.016 0.012 0.015 0.004 0.009 0.011 0.006 0.005 
275 TMA-ZAIN-G-    (0)    1 :  0.953 0.002 0.003 0.011 0.005 0.003 0.003 0.012 0.003 0.004 
276 TMA-ZAIN-G-    (0)    1 :  0.963 0.003 0.002 0.005 0.003 0.003 0.004 0.009 0.003 0.004 
277 TMA-ZAIN-G-    (0)    1 :  0.865 0.004 0.005 0.010 0.003 0.003 0.005 0.095 0.006 0.004 
278 TMA-ZAIN-G-    (0)    1 :  0.838 0.004 0.003 0.014 0.004 0.004 0.004 0.119 0.006 0.003 
279 TMA-ZAIN-G-    (0)    1 :  0.931 0.003 0.004 0.023 0.005 0.005 0.004 0.016 0.004 0.004 
280 TMA-ZAIN-G-    (0)    1 :  0.935 0.003 0.005 0.025 0.005 0.005 0.004 0.012 0.004 0.004 
281 TMA-ZAIN-G-    (0)    1 :  0.935 0.003 0.004 0.014 0.004 0.004 0.004 0.024 0.005 0.004 
282 TMA-ZAIN-G-    (9)    1 :  0.931 0.003 0.003 0.010 0.003 0.003 0.003 0.036 0.005 0.003 
283 TMA-ZAIN-G-    (0)    1 :  0.883 0.003 0.004 0.031 0.005 0.005 0.006 0.026 0.032 0.005 
284 TMA-ZAIN-G-    (0)    1 :  0.852 0.003 0.005 0.045 0.007 0.007 0.006 0.014 0.053 0.007 
285 TMA-ZAIN-G-    (0)    1 :  0.861 0.007 0.006 0.013 0.010 0.003 0.010 0.075 0.011 0.005 
286 TMA-ZAIN-G-    (0)    1 :  0.954 0.002 0.003 0.007 0.003 0.003 0.003 0.016 0.007 0.003 
287 TMA-ZAIN-G-    (0)    1 :  0.939 0.005 0.006 0.006 0.007 0.003 0.007 0.017 0.006 0.003 
288 TMA-ZAIN-G-    (0)    1 :  0.878 0.007 0.025 0.023 0.030 0.005 0.012 0.006 0.007 0.007 
289 TMA-ZAIN-G-    (0)    1 :  0.926 0.007 0.010 0.011 0.012 0.003 0.009 0.011 0.007 0.004 
290 TMA-ZAIN-G-    (0)    1 :  0.946 0.003 0.006 0.013 0.006 0.006 0.004 0.004 0.006 0.005 
291 TMA-ZAIN-G-    (0)    1 :  0.012 0.003 0.005 0.944 0.004 0.004 0.004 0.010 0.008 0.004 
292 TMA-ZAIN-G-    (0)    1 :  0.013 0.008 0.024 0.022 0.116 0.342 0.336 0.021 0.005 0.113 
293 TMA-ZAIN-G-    (0)    1 :  0.004 0.018 0.010 0.008 0.025 0.865 0.012 0.031 0.015 0.013 
294 TMA-ZAIN-G-    (0)    1 :  0.004 0.011 0.005 0.005 0.015 0.086 0.750 0.006 0.008 0.111 
295 TMA-ZAIN-G-    (9)    1 :  0.006 0.017 0.006 0.012 0.030 0.048 0.729 0.008 0.009 0.135 
296 TMA-ZAIN-G-    (0)    1 :  0.007 0.006 0.015 0.007 0.009 0.900 0.024 0.006 0.009 0.018 
297 TMA-ZAIN-G-    (0)    1 :  0.006 0.022 0.113 0.009 0.028 0.281 0.059 0.006 0.025 0.450 
298 TMA-ZAIN-G-    (0)    1 :  0.019 0.007 0.004 0.018 0.010 0.098 0.767 0.005 0.045 0.026 
299 TMA-ZAIN-G-    (0)    1 :  0.004 0.007 0.004 0.004 0.007 0.008 0.947 0.005 0.003 0.011 
300 TMA-ZAIN-G-    (0)    1 :  0.003 0.034 0.007 0.008 0.121 0.014 0.772 0.008 0.007 0.025 
301 TMA-ZAIN-G-    (0)    1 :  0.004 0.029 0.033 0.007 0.093 0.039 0.751 0.011 0.006 0.027 
302 TMA-ZAIN-G-    (9)    1 :  0.004 0.008 0.018 0.006 0.068 0.337 0.424 0.003 0.006 0.127 
303 TMA-ZAIN-G-    (0)    1 :  0.017 0.002 0.116 0.778 0.031 0.012 0.003 0.004 0.033 0.004 
304 TMA-ZAIN-G-    (0)    2 :  0.011 0.134 0.035 0.008 0.068 0.116 0.011 0.008 0.552 0.056 
305 TMA-ZAIN-G-    (0)    2 :  0.003 0.014 0.007 0.005 0.022 0.873 0.024 0.006 0.009 0.036 
306 TMA-ZAIN-G-    (0)    2 :  0.126 0.013 0.012 0.013 0.013 0.540 0.015 0.028 0.223 0.018 
307 TMA-ZAIN-G-    (0)    2 :  0.011 0.241 0.016 0.005 0.119 0.117 0.011 0.012 0.410 0.058 
308 TMA-ZAIN-G-    (0)    2 :  0.043 0.013 0.014 0.121 0.005 0.006 0.005 0.016 0.773 0.004 
309 TMA-ZAIN-G-    (0)    2 :  0.004 0.007 0.029 0.005 0.853 0.066 0.016 0.003 0.004 0.013 
310 TMA-ZAIN-G-    (0)    2 :  0.013 0.012 0.004 0.020 0.135 0.055 0.625 0.011 0.025 0.100 
311 TMA-ZAIN-G-    (0)    2 :  0.020 0.007 0.013 0.021 0.025 0.639 0.058 0.002 0.038 0.177 
312 TMA-ZAIN-G-    (0)    2 :  0.006 0.011 0.027 0.025 0.701 0.116 0.046 0.005 0.011 0.050 
313 TMA-ZAIN-G-    (0)    2 :  0.012 0.024 0.018 0.006 0.026 0.276 0.097 0.004 0.499 0.038 
314 TMA-ZAIN-G-    (0)    2 :  0.797 0.010 0.022 0.061 0.050 0.017 0.010 0.003 0.019 0.010 
315 TMA-ZAIN-G-    (0)    2 :  0.314 0.039 0.007 0.042 0.063 0.087 0.375 0.020 0.019 0.035 
316 TMA-ZAIN-G-    (0)    2 :  0.361 0.034 0.006 0.057 0.064 0.080 0.328 0.014 0.021 0.035 
317 TMA-ZAIN-G-    (0)    2 :  0.046 0.004 0.007 0.886 0.006 0.006 0.017 0.009 0.014 0.005 
318 TMA-ZAIN-G-    (9)    2 :  0.773 0.014 0.014 0.068 0.007 0.009 0.020 0.050 0.040 0.005 
319 TMA-ZAIN-G-    (0)    3 :  0.088 0.004 0.420 0.430 0.015 0.007 0.005 0.016 0.011 0.004 
320 TMA-ZAIN-G-    (0)    3 :  0.006 0.020 0.010 0.395 0.046 0.136 0.315 0.019 0.006 0.047 
321 TMA-ZAIN-G-    (0)    4 :  0.158 0.026 0.007 0.118 0.486 0.058 0.041 0.008 0.012 0.086 
322 TMA-ZAIN-G-    (0)    4 :  0.038 0.029 0.006 0.429 0.098 0.184 0.043 0.005 0.041 0.127 
323 TMA-ZAIN-G-    (0)    5 :  0.007 0.020 0.068 0.802 0.018 0.037 0.005 0.025 0.012 0.006 
324 TMA-ZAIN-G-    (0)    5 :  0.005 0.010 0.033 0.009 0.023 0.015 0.011 0.005 0.020 0.869 
325 TMA-ZAIN-G-    (0)    5 :  0.005 0.005 0.006 0.803 0.012 0.010 0.007 0.138 0.007 0.008 
326 TMA-ZAIN-G-    (0)    5 :  0.003 0.005 0.357 0.568 0.015 0.013 0.005 0.005 0.017 0.013 
327 TMA-ZAIN-G-    (0)    5 :  0.003 0.031 0.860 0.005 0.021 0.050 0.008 0.003 0.012 0.008 
328 TMA-ZAIN-G-    (0)    5 :  0.509 0.134 0.106 0.077 0.108 0.018 0.010 0.011 0.011 0.016 
329 TMA-ZAIN-G-    (0)    5 :  0.005 0.089 0.044 0.010 0.318 0.196 0.275 0.009 0.029 0.025 
330 TMA-ZAIN-G-    (0)    6 :  0.003 0.031 0.014 0.006 0.107 0.788 0.020 0.002 0.016 0.014 
331 TMA-ZAIN-G-    (0)    6 :  0.033 0.006 0.008 0.042 0.575 0.025 0.117 0.029 0.152 0.014 
332 TMA-ZAIN-G-    (0)    6 :  0.002 0.006 0.061 0.003 0.904 0.006 0.005 0.003 0.004 0.005 
333 TMA-ZAIN-G-    (0)    6 :  0.003 0.003 0.952 0.004 0.021 0.003 0.004 0.002 0.004 0.003 
334 TMA-ZAIN-G-    (0)    6 :  0.924 0.003 0.003 0.016 0.004 0.004 0.004 0.032 0.007 0.003 
335 TMA-ZAIN-G-    (0)    6 :  0.930 0.007 0.003 0.009 0.005 0.005 0.007 0.024 0.005 0.005 
336 TMA-ZAIN-G-    (0)    6 :  0.890 0.006 0.004 0.022 0.007 0.009 0.012 0.031 0.014 0.006 
337 TMA-ZAIN-G-    (9)    6 :  0.934 0.004 0.003 0.024 0.005 0.005 0.006 0.010 0.005 0.005 
338 TMA-ZAIN-G-    (0)    6 :  0.968 0.003 0.003 0.007 0.003 0.003 0.003 0.005 0.004 0.003 
339 TMA-ZAIN-G-    (0)    6 :  0.963 0.002 0.002 0.006 0.002 0.002 0.002 0.014 0.004 0.002 
340 TMA-ZAIN-G-    (0)    6 :  0.953 0.004 0.003 0.008 0.004 0.004 0.005 0.013 0.004 0.004 
341 TMA-ZAIN-G-    (0)    6 :  0.954 0.004 0.003 0.006 0.004 0.005 0.005 0.012 0.003 0.004 
342 TMA-ZAIN-G-    (0)    6 :  0.928 0.005 0.003 0.010 0.004 0.005 0.007 0.027 0.007 0.004 
343 TMA-ZAIN-G-    (0)    7 :  0.963 0.003 0.003 0.007 0.003 0.003 0.003 0.010 0.003 0.003 
344 TMA-ZAIN-G-    (0)    7 :  0.903 0.003 0.004 0.021 0.006 0.006 0.005 0.044 0.004 0.004 
345 TMA-ZAIN-G-    (0)    7 :  0.929 0.003 0.003 0.007 0.003 0.003 0.003 0.043 0.005 0.003 
346 TMA-ZAIN-G-    (0)    7 :  0.922 0.003 0.006 0.018 0.014 0.003 0.004 0.024 0.004 0.004 
347 TMA-ZAIN-G-    (9)    7 :  0.942 0.003 0.003 0.011 0.004 0.003 0.004 0.022 0.004 0.004 
348 TMA-ZAIN-G-    (0)    7 :  0.903 0.004 0.004 0.035 0.004 0.005 0.005 0.028 0.007 0.005 
349 TMA-ZAIN-G-    (0)    7 :  0.938 0.003 0.004 0.008 0.004 0.003 0.004 0.030 0.004 0.003 
350 TMA-ZAIN-G-    (0)    7 :  0.802 0.007 0.005 0.120 0.007 0.010 0.010 0.026 0.007 0.007 
351 TMA-ZAIN-G-    (0)    7 :  0.912 0.004 0.004 0.015 0.004 0.004 0.004 0.044 0.006 0.003 
352 TMA-ZAIN-G-    (0)    7 :  0.942 0.007 0.003 0.007 0.005 0.006 0.007 0.011 0.007 0.006 
353 TMA-ZAIN-G-    (0)    7 :  0.908 0.003 0.006 0.030 0.006 0.006 0.004 0.026 0.005 0.005 
354 TMA-ZAIN-G-    (0)    7 :  0.942 0.003 0.004 0.014 0.008 0.005 0.004 0.013 0.003 0.005 
355 TMA-ZAIN-G-    (0)    7 :  0.935 0.004 0.004 0.010 0.008 0.007 0.006 0.015 0.004 0.007 
356 TMA-ZAIN-G-    (0)    8 :  0.003 0.030 0.002 0.009 0.004 0.005 0.007 0.002 0.010 0.928 
357 TMA-ZAIN-G-    (0)    8 :  0.007 0.060 0.323 0.010 0.154 0.041 0.061 0.003 0.011 0.331 
358 TMA-ZAIN-G-    (0)    8 :  0.036 0.053 0.012 0.024 0.217 0.539 0.045 0.009 0.024 0.041 
359 TMA-ZAIN-G-    (0)    8 :  0.008 0.278 0.005 0.047 0.009 0.020 0.081 0.088 0.057 0.406 
360 TMA-ZAIN-G-    (0)    8 :  0.003 0.017 0.003 0.006 0.025 0.016 0.173 0.010 0.008 0.738 
361 TMA-ZAIN-G-    (0)    8 :  0.005 0.010 0.014 0.005 0.048 0.864 0.012 0.003 0.007 0.033 
362 TMA-ZAIN-G-    (0)    8 :  0.007 0.007 0.003 0.011 0.007 0.010 0.022 0.106 0.004 0.823 
363 TMA-ZAIN-G-    (0)    9 :  0.006 0.015 0.039 0.023 0.654 0.070 0.123 0.011 0.016 0.042 
364 TMA-ZAIN-G-    (0)    9 :  0.333 0.020 0.015 0.528 0.018 0.020 0.026 0.006 0.021 0.012 
365 TMA-ZAIN-G-    (0)    9 :  0.194 0.031 0.004 0.035 0.121 0.161 0.049 0.014 0.005 0.386 
366 TMA-ZAIN-G-    (0)    9 :  0.004 0.091 0.004 0.005 0.027 0.185 0.553 0.010 0.019 0.101 
