

----------------------------------------------------
STRUCTURE by Pritchard, Stephens and Donnelly (2000)
     and Falush, Stephens and Pritchard (2003)
       Code by Pritchard, Falush and Hubisz
             Version 2.3.4 (Jul 2012)
----------------------------------------------------



Command line arguments:   bin\structure -m C:\Users\eschumacher\Documents\GitHub\GCC_QUAC_ZAIN\Data_Files\Structure_Files\ZAIN\ZAIN_rebinned_allpop_str\50-50\mainparams -e C:\Users\eschumacher\Documents\GitHub\GCC_QUAC_ZAIN\Data_Files\Structure_Files\ZAIN\ZAIN_rebinned_allpop_str\50-50\extraparams 
Input File:    C:\Users\eschumacher\Documents\GitHub\GCC_QUAC_ZAIN\Data_Files\Structure_Files\ZAIN\ZAIN_rebinned_allpop_str\project_data

Run parameters:
   1133 individuals
   11 loci
   13 populations assumed
   50000 Burn-in period
   50000 Reps


--------------------------------------------
Proportion of membership of each pre-defined
 population in each of the 13 clusters

Given    Inferred Clusters                                                                             Number of
 Pop       1      2      3      4      5      6      7      8      9     10     11     12     13      Individuals

  1:     0.064  0.037  0.050  0.136  0.075  0.108  0.039  0.027  0.090  0.043  0.099  0.114  0.117      303
  2:     0.053  0.039  0.015  0.102  0.160  0.058  0.031  0.050  0.062  0.023  0.089  0.141  0.178       15
  3:     0.012  0.011  0.209  0.043  0.005  0.029  0.010  0.013  0.410  0.017  0.136  0.025  0.080        2
  4:     0.023  0.025  0.007  0.020  0.029  0.092  0.067  0.254  0.074  0.021  0.039  0.202  0.147        2
  5:     0.008  0.053  0.202  0.015  0.014  0.113  0.050  0.017  0.344  0.021  0.052  0.063  0.048        7
  6:     0.014  0.008  0.093  0.611  0.007  0.009  0.018  0.012  0.009  0.040  0.012  0.126  0.042       13
  7:     0.014  0.004  0.006  0.892  0.004  0.005  0.022  0.010  0.015  0.010  0.005  0.007  0.006       13
  8:     0.008  0.081  0.056  0.014  0.010  0.468  0.012  0.013  0.017  0.031  0.051  0.100  0.140        7
  9:     0.062  0.025  0.058  0.017  0.010  0.131  0.007  0.031  0.012  0.024  0.119  0.303  0.200       11
 10:     0.059  0.020  0.022  0.009  0.020  0.383  0.053  0.064  0.104  0.017  0.116  0.071  0.062        9
 11:     0.900  0.005  0.005  0.018  0.005  0.008  0.011  0.009  0.011  0.010  0.006  0.006  0.007       35
 12:     0.006  0.024  0.014  0.004  0.017  0.250  0.006  0.008  0.006  0.019  0.233  0.126  0.286       36
 13:     0.005  0.035  0.022  0.006  0.009  0.293  0.006  0.013  0.007  0.011  0.226  0.066  0.301       33
 14:     0.006  0.011  0.010  0.017  0.851  0.011  0.011  0.009  0.006  0.039  0.009  0.007  0.013       40
 15:     0.004  0.007  0.914  0.003  0.006  0.006  0.004  0.005  0.004  0.006  0.007  0.023  0.011       39
 16:     0.194  0.029  0.013  0.054  0.025  0.039  0.045  0.347  0.159  0.015  0.029  0.023  0.026       40
 17:     0.026  0.017  0.010  0.071  0.020  0.010  0.058  0.054  0.649  0.047  0.014  0.010  0.013       37
 18:     0.005  0.020  0.012  0.003  0.006  0.648  0.006  0.006  0.004  0.007  0.060  0.081  0.143       40
 19:     0.776  0.003  0.015  0.008  0.005  0.005  0.112  0.008  0.008  0.041  0.005  0.006  0.006       28
 20:     0.004  0.006  0.005  0.005  0.013  0.005  0.004  0.005  0.004  0.932  0.005  0.005  0.007       14
 21:     0.008  0.005  0.036  0.814  0.007  0.007  0.010  0.007  0.052  0.021  0.009  0.012  0.012       13
 22:     0.004  0.008  0.027  0.002  0.017  0.012  0.007  0.006  0.004  0.006  0.009  0.459  0.439       14
 23:     0.003  0.025  0.009  0.004  0.006  0.023  0.005  0.005  0.004  0.008  0.803  0.015  0.089       25
 24:     0.006  0.908  0.006  0.005  0.008  0.012  0.006  0.005  0.006  0.006  0.012  0.008  0.012       40
 25:     0.034  0.009  0.019  0.009  0.705  0.028  0.014  0.020  0.012  0.036  0.019  0.046  0.049       32
 26:     0.004  0.006  0.004  0.942  0.005  0.004  0.003  0.004  0.006  0.005  0.006  0.005  0.006       20
 27:     0.625  0.006  0.005  0.008  0.007  0.016  0.026  0.210  0.051  0.016  0.009  0.010  0.012        4
 28:     0.291  0.013  0.005  0.018  0.009  0.082  0.476  0.033  0.013  0.013  0.017  0.013  0.018       23
 29:     0.012  0.004  0.004  0.006  0.006  0.005  0.928  0.007  0.008  0.006  0.004  0.004  0.005       39
 30:     0.034  0.005  0.004  0.832  0.006  0.007  0.050  0.010  0.009  0.024  0.006  0.005  0.007       38
 31:     0.005  0.049  0.159  0.005  0.009  0.031  0.004  0.011  0.006  0.008  0.030  0.600  0.083       45
 32:     0.005  0.022  0.148  0.007  0.013  0.129  0.005  0.008  0.010  0.018  0.125  0.292  0.218       28
 33:     0.462  0.006  0.009  0.008  0.008  0.007  0.435  0.011  0.028  0.005  0.006  0.005  0.013        6
 34:     0.012  0.013  0.009  0.006  0.006  0.006  0.016  0.869  0.024  0.011  0.007  0.011  0.009       40
 35:     0.017  0.011  0.010  0.055  0.009  0.007  0.013  0.029  0.792  0.017  0.009  0.019  0.012       42
--------------------------------------------

Allele-freq. divergence among pops (Net nucleotide distance),
computed using point estimates of P.

      1       2       3       4       5       6       7       8       9      10      11      12      13      
 1      -    0.3635  0.3006  0.1686  0.2110  0.2600  0.0882  0.1952  0.1262  0.2435  0.2608  0.2615  0.2405  
 2   0.3635     -    0.2764  0.3753  0.2197  0.1397  0.3781  0.1727  0.2798  0.2782  0.1139  0.1325  0.1161  
 3   0.3006  0.2764     -    0.3651  0.1970  0.2743  0.2956  0.2220  0.1870  0.2375  0.2344  0.1335  0.1851  
 4   0.1686  0.3753  0.3651     -    0.2806  0.3518  0.1970  0.2235  0.1159  0.2401  0.2977  0.2956  0.2908  
 5   0.2110  0.2197  0.1970  0.2806     -    0.2545  0.1860  0.1779  0.1664  0.2044  0.2317  0.2005  0.2042  
 6   0.2600  0.1397  0.2743  0.3518  0.2545     -    0.2739  0.1774  0.2293  0.2464  0.0687  0.0733  0.0358  
 7   0.0882  0.3781  0.2956  0.1970  0.1860  0.2739     -    0.1734  0.1124  0.2487  0.2847  0.2694  0.2509  
 8   0.1952  0.1727  0.2220  0.2235  0.1779  0.1774  0.1734     -    0.0940  0.1687  0.1782  0.1167  0.1267  
 9   0.1262  0.2798  0.1870  0.1159  0.1664  0.2293  0.1124  0.0940     -    0.1477  0.1907  0.1555  0.1687  
10   0.2435  0.2782  0.2375  0.2401  0.2044  0.2464  0.2487  0.1687  0.1477     -    0.1964  0.1881  0.1626  
11   0.2608  0.1139  0.2344  0.2977  0.2317  0.0687  0.2847  0.1782  0.1907  0.1964     -    0.0904  0.0446  
12   0.2615  0.1325  0.1335  0.2956  0.2005  0.0733  0.2694  0.1167  0.1555  0.1881  0.0904     -    0.0289  
13   0.2405  0.1161  0.1851  0.2908  0.2042  0.0358  0.2509  0.1267  0.1687  0.1626  0.0446  0.0289     -    

Average distances (expected heterozygosity) between individuals in same cluster:
cluster  1  : 0.4964 
cluster  2  : 0.3539 
cluster  3  : 0.2547 
cluster  4  : 0.4073 
cluster  5  : 0.3781 
cluster  6  : 0.3530 
cluster  7  : 0.3420 
cluster  8  : 0.4606 
cluster  9  : 0.5319 
cluster 10  : 0.2544 
cluster 11  : 0.3984 
cluster 12  : 0.4392 
cluster 13  : 0.4088 

--------------------------------------------
Estimated Ln Prob of Data   = -20768.7
Mean value of ln likelihood = -19873.4
Variance of ln likelihood   = 1790.5
Mean value of alpha         = 0.0344

Mean value of Fst_1         = 0.3805
Mean value of Fst_2         = 0.4395
Mean value of Fst_3         = 0.5726
Mean value of Fst_4         = 0.4338
Mean value of Fst_5         = 0.4417
Mean value of Fst_6         = 0.3980
Mean value of Fst_7         = 0.5079
Mean value of Fst_8         = 0.2936
Mean value of Fst_9         = 0.1560
Mean value of Fst_10         = 0.6108
Mean value of Fst_11         = 0.3457
Mean value of Fst_12         = 0.3344
Mean value of Fst_13         = 0.3531


Inferred ancestry of individuals:
        Label (%Miss) Pop:  Inferred clusters
  1 TMA-ZAIN-G-    (9)    1 :  0.713 0.009 0.076 0.006 0.014 0.017 0.032 0.026 0.034 0.011 0.011 0.039 0.012 
  2 TMA-ZAIN-G-    (0)    1 :  0.726 0.004 0.007 0.005 0.019 0.013 0.018 0.007 0.011 0.012 0.155 0.017 0.008 
  3 TMA-ZAIN-G-    (0)    1 :  0.007 0.101 0.031 0.003 0.011 0.350 0.007 0.018 0.005 0.010 0.030 0.174 0.254 
  4 TMA-ZAIN-G-    (0)    1 :  0.006 0.066 0.018 0.005 0.021 0.169 0.011 0.005 0.005 0.603 0.026 0.011 0.054 
  5 TMA-ZAIN-G-    (0)    1 :  0.951 0.002 0.002 0.005 0.006 0.003 0.010 0.005 0.004 0.004 0.003 0.002 0.003 
  6 TMA-ZAIN-G-    (0)    1 :  0.043 0.085 0.016 0.022 0.021 0.059 0.026 0.428 0.029 0.043 0.026 0.069 0.132 
  7 TMA-ZAIN-G-    (0)    1 :  0.009 0.008 0.035 0.005 0.014 0.072 0.013 0.012 0.009 0.084 0.053 0.089 0.596 
  8 TMA-ZAIN-G-    (0)    1 :  0.005 0.017 0.005 0.002 0.019 0.027 0.005 0.008 0.003 0.005 0.014 0.438 0.451 
  9 TMA-ZAIN-G-    (9)    1 :  0.011 0.035 0.008 0.004 0.004 0.167 0.005 0.029 0.005 0.008 0.187 0.259 0.276 
 10 TMA-ZAIN-G-    (0)    1 :  0.003 0.036 0.013 0.004 0.010 0.089 0.004 0.029 0.007 0.011 0.096 0.316 0.383 
 11 TMA-ZAIN-G-    (0)    1 :  0.004 0.006 0.007 0.005 0.005 0.020 0.006 0.005 0.007 0.015 0.087 0.132 0.700 
 12 TMA-ZAIN-G-    (0)    1 :  0.005 0.005 0.019 0.003 0.004 0.853 0.004 0.007 0.005 0.005 0.008 0.027 0.055 
 13 TMA-ZAIN-G-    (9)    1 :  0.037 0.019 0.110 0.060 0.016 0.041 0.039 0.014 0.029 0.015 0.235 0.214 0.170 
 14 TMA-ZAIN-G-    (9)    1 :  0.003 0.006 0.851 0.012 0.007 0.011 0.003 0.010 0.009 0.006 0.016 0.049 0.017 
 15 TMA-ZAIN-G-    (0)    1 :  0.003 0.010 0.831 0.002 0.007 0.009 0.003 0.006 0.008 0.004 0.009 0.101 0.006 
 16 TMA-ZAIN-G-    (0)    1 :  0.003 0.004 0.006 0.004 0.003 0.646 0.004 0.007 0.005 0.005 0.024 0.021 0.268 
 17 TMA-ZAIN-G-    (9)    1 :  0.010 0.007 0.028 0.008 0.019 0.018 0.007 0.019 0.019 0.095 0.006 0.728 0.035 
 18 TMA-ZAIN-G-    (0)    1 :  0.028 0.007 0.010 0.006 0.045 0.012 0.730 0.022 0.102 0.018 0.004 0.009 0.008 
 19 TMA-ZAIN-G-    (0)    1 :  0.012 0.005 0.013 0.024 0.005 0.024 0.025 0.170 0.576 0.050 0.011 0.042 0.044 
 20 TMA-ZAIN-G-    (0)    1 :  0.031 0.005 0.004 0.058 0.031 0.003 0.044 0.007 0.799 0.007 0.004 0.003 0.004 
 21 TMA-ZAIN-G-    (0)    1 :  0.003 0.005 0.002 0.952 0.005 0.004 0.003 0.005 0.004 0.004 0.004 0.005 0.005 
 22 TMA-ZAIN-G-    (0)    1 :  0.042 0.002 0.004 0.838 0.007 0.003 0.067 0.009 0.011 0.009 0.003 0.003 0.003 
 23 TMA-ZAIN-G-    (0)    1 :  0.011 0.003 0.007 0.827 0.004 0.007 0.048 0.028 0.034 0.010 0.006 0.008 0.008 
 24 TMA-ZAIN-G-    (9)    1 :  0.008 0.111 0.026 0.649 0.007 0.007 0.008 0.004 0.003 0.003 0.148 0.018 0.009 
 25 TMA-ZAIN-G-    (9)    1 :  0.196 0.004 0.004 0.009 0.004 0.014 0.008 0.008 0.605 0.003 0.120 0.018 0.005 
 26 TMA-ZAIN-G-    (9)    1 :  0.010 0.008 0.018 0.025 0.456 0.034 0.006 0.006 0.013 0.009 0.220 0.156 0.040 
 27 TMA-ZAIN-G-    (0)    1 :  0.084 0.008 0.074 0.018 0.016 0.005 0.013 0.643 0.080 0.022 0.006 0.018 0.013 
 28 TMA-ZAIN-G-    (0)    1 :  0.006 0.004 0.008 0.003 0.005 0.005 0.014 0.923 0.011 0.005 0.004 0.006 0.006 
 29 TMA-ZAIN-G-    (0)    1 :  0.003 0.713 0.005 0.004 0.015 0.004 0.004 0.005 0.228 0.004 0.005 0.005 0.004 
 30 TMA-ZAIN-G-    (0)    1 :  0.004 0.033 0.064 0.005 0.006 0.051 0.004 0.437 0.038 0.007 0.112 0.201 0.039 
 31 TMA-ZAIN-G-    (0)    1 :  0.853 0.005 0.006 0.010 0.049 0.004 0.025 0.006 0.010 0.017 0.007 0.004 0.005 
 32 TMA-ZAIN-G-    (9)    1 :  0.067 0.005 0.023 0.029 0.005 0.156 0.472 0.005 0.050 0.005 0.043 0.113 0.026 
 33 TMA-ZAIN-G-   (18)    1 :  0.005 0.012 0.008 0.003 0.004 0.356 0.004 0.007 0.003 0.004 0.051 0.438 0.104 
 34 TMA-ZAIN-G-    (0)    1 :  0.075 0.006 0.008 0.018 0.006 0.586 0.100 0.008 0.016 0.005 0.075 0.036 0.060 
 35 TMA-ZAIN-G-    (9)    1 :  0.007 0.063 0.042 0.003 0.013 0.355 0.027 0.019 0.010 0.010 0.122 0.255 0.075 
 36 TMA-ZAIN-G-    (0)    1 :  0.004 0.010 0.136 0.003 0.016 0.026 0.005 0.007 0.005 0.008 0.407 0.326 0.049 
 37 TMA-ZAIN-G-    (9)    1 :  0.009 0.016 0.006 0.008 0.013 0.253 0.007 0.043 0.009 0.053 0.139 0.315 0.128 
 38 TMA-ZAIN-G-   (18)    1 :  0.710 0.006 0.050 0.008 0.006 0.043 0.015 0.005 0.034 0.008 0.032 0.066 0.018 
 39 TMA-ZAIN-G-    (0)    1 :  0.004 0.011 0.004 0.004 0.007 0.064 0.003 0.008 0.004 0.007 0.808 0.048 0.028 
 40 TMA-ZAIN-G-    (0)    1 :  0.004 0.007 0.005 0.005 0.005 0.206 0.003 0.004 0.005 0.018 0.181 0.534 0.024 
 41 TMA-ZAIN-G-    (0)    1 :  0.003 0.006 0.041 0.003 0.005 0.016 0.003 0.005 0.004 0.003 0.194 0.705 0.015 
 42 TMA-ZAIN-G-    (9)    1 :  0.003 0.007 0.122 0.002 0.015 0.009 0.003 0.004 0.003 0.005 0.013 0.800 0.015 
 43 TMA-ZAIN-G-    (0)    1 :  0.003 0.008 0.948 0.002 0.005 0.004 0.003 0.003 0.003 0.004 0.005 0.006 0.006 
 44 TMA-ZAIN-G-    (0)    1 :  0.006 0.010 0.005 0.778 0.004 0.019 0.004 0.003 0.018 0.009 0.066 0.012 0.067 
 45 TMA-ZAIN-G-    (0)    1 :  0.006 0.005 0.016 0.006 0.008 0.302 0.004 0.009 0.007 0.013 0.031 0.207 0.386 
 46 TMA-ZAIN-G-    (0)    1 :  0.004 0.003 0.004 0.949 0.005 0.003 0.003 0.003 0.006 0.010 0.005 0.003 0.004 
 47 TMA-ZAIN-G-    (0)    1 :  0.003 0.004 0.004 0.003 0.944 0.005 0.004 0.005 0.004 0.012 0.003 0.004 0.004 
 48 TMA-ZAIN-G-    (0)    1 :  0.006 0.017 0.053 0.026 0.185 0.023 0.008 0.049 0.012 0.155 0.028 0.233 0.207 
 49 TMA-ZAIN-G-    (9)    1 :  0.005 0.045 0.005 0.006 0.007 0.033 0.032 0.011 0.803 0.023 0.008 0.008 0.015 
 50 TMA-ZAIN-G-    (0)    1 :  0.015 0.003 0.009 0.006 0.003 0.009 0.004 0.023 0.839 0.006 0.023 0.053 0.008 
 51 TMA-ZAIN-G-    (0)    1 :  0.007 0.007 0.054 0.007 0.015 0.005 0.006 0.018 0.829 0.014 0.009 0.017 0.013 
 52 TMA-ZAIN-G-    (0)    1 :  0.005 0.003 0.015 0.010 0.031 0.010 0.007 0.023 0.750 0.123 0.006 0.007 0.009 
 53 TMA-ZAIN-G-    (0)    1 :  0.190 0.005 0.041 0.006 0.066 0.004 0.010 0.010 0.561 0.061 0.013 0.012 0.022 
 54 TMA-ZAIN-G-    (0)    1 :  0.003 0.003 0.010 0.004 0.924 0.006 0.007 0.009 0.007 0.004 0.005 0.011 0.006 
 55 TMA-ZAIN-G-    (0)    1 :  0.003 0.003 0.019 0.008 0.864 0.009 0.006 0.022 0.020 0.003 0.004 0.029 0.009 
 56 TMA-ZAIN-G-    (0)    1 :  0.009 0.023 0.032 0.006 0.050 0.017 0.004 0.049 0.029 0.413 0.027 0.245 0.096 
 57 TMA-ZAIN-G-    (0)    1 :  0.010 0.007 0.006 0.003 0.874 0.028 0.006 0.005 0.028 0.008 0.010 0.006 0.008 
 58 TMA-ZAIN-G-    (0)    1 :  0.021 0.007 0.009 0.122 0.042 0.016 0.126 0.254 0.346 0.014 0.004 0.023 0.017 
 59 TMA-ZAIN-G-    (0)    1 :  0.535 0.015 0.013 0.025 0.021 0.032 0.031 0.046 0.019 0.042 0.035 0.047 0.140 
 60 TMA-ZAIN-G-    (0)    1 :  0.305 0.007 0.136 0.011 0.021 0.007 0.129 0.130 0.167 0.038 0.007 0.018 0.024 
 61 TMA-ZAIN-G-    (0)    1 :  0.883 0.003 0.004 0.018 0.013 0.004 0.019 0.006 0.009 0.031 0.003 0.004 0.004 
 62 TMA-ZAIN-G-    (9)    1 :  0.813 0.007 0.006 0.016 0.011 0.024 0.008 0.043 0.017 0.003 0.015 0.021 0.016 
 63 TMA-ZAIN-G-    (0)    1 :  0.641 0.003 0.014 0.010 0.017 0.012 0.218 0.020 0.022 0.017 0.005 0.011 0.010 
 64 TMA-ZAIN-G-    (0)    1 :  0.002 0.952 0.005 0.002 0.003 0.005 0.002 0.003 0.002 0.003 0.009 0.005 0.006 
 65 TMA-ZAIN-G-    (9)    1 :  0.003 0.917 0.006 0.002 0.007 0.024 0.004 0.006 0.003 0.005 0.007 0.008 0.008 
 66 TMA-ZAIN-G-    (0)    1 :  0.003 0.905 0.005 0.003 0.004 0.015 0.003 0.004 0.003 0.005 0.021 0.010 0.021 
 67 TMA-ZAIN-G-    (0)    1 :  0.005 0.765 0.003 0.014 0.005 0.026 0.003 0.014 0.010 0.004 0.110 0.014 0.025 
 68 TMA-ZAIN-G-    (0)    1 :  0.002 0.951 0.006 0.002 0.004 0.005 0.003 0.003 0.003 0.004 0.004 0.005 0.006 
 69 TMA-ZAIN-G-    (0)    1 :  0.010 0.735 0.016 0.025 0.008 0.048 0.034 0.007 0.026 0.022 0.033 0.006 0.030 
 70 TMA-ZAIN-G-    (0)    1 :  0.003 0.013 0.005 0.004 0.003 0.013 0.003 0.004 0.005 0.004 0.920 0.007 0.017 
 71 TMA-ZAIN-G-    (0)    1 :  0.003 0.004 0.003 0.003 0.003 0.012 0.003 0.003 0.003 0.003 0.944 0.006 0.009 
 72 TMA-ZAIN-G-    (0)    1 :  0.003 0.015 0.007 0.003 0.007 0.008 0.004 0.008 0.005 0.004 0.914 0.010 0.011 
 73 TMA-ZAIN-G-    (0)    1 :  0.019 0.006 0.004 0.022 0.015 0.010 0.017 0.018 0.017 0.004 0.856 0.006 0.006 
 74 TMA-ZAIN-G-    (0)    1 :  0.007 0.005 0.004 0.006 0.006 0.010 0.004 0.006 0.009 0.003 0.927 0.006 0.007 
 75 TMA-ZAIN-G-    (0)    1 :  0.004 0.006 0.005 0.003 0.008 0.010 0.005 0.006 0.005 0.004 0.930 0.006 0.008 
 76 TMA-ZAIN-G-    (0)    1 :  0.005 0.005 0.003 0.016 0.004 0.010 0.004 0.004 0.010 0.003 0.921 0.004 0.011 
 77 TMA-ZAIN-G-    (0)    1 :  0.003 0.006 0.006 0.005 0.004 0.005 0.003 0.005 0.005 0.009 0.933 0.008 0.007 
 78 TMA-ZAIN-G-    (0)    1 :  0.006 0.005 0.005 0.012 0.007 0.009 0.005 0.008 0.013 0.009 0.905 0.005 0.011 
 79 TMA-ZAIN-G-    (0)    1 :  0.003 0.004 0.007 0.009 0.005 0.006 0.004 0.005 0.009 0.029 0.903 0.007 0.009 
 80 TMA-ZAIN-G-    (0)    1 :  0.003 0.023 0.004 0.004 0.011 0.083 0.003 0.007 0.004 0.007 0.812 0.016 0.024 
 81 TMA-ZAIN-G-    (0)    1 :  0.003 0.005 0.007 0.005 0.005 0.013 0.004 0.008 0.007 0.023 0.890 0.011 0.019 
 82 TMA-ZAIN-G-    (0)    1 :  0.005 0.204 0.006 0.003 0.017 0.142 0.010 0.007 0.005 0.009 0.355 0.010 0.226 
 83 TMA-ZAIN-G-    (9)    1 :  0.032 0.054 0.006 0.025 0.016 0.670 0.049 0.036 0.014 0.005 0.026 0.012 0.057 
 84 TMA-ZAIN-G-    (0)    1 :  0.004 0.006 0.005 0.012 0.004 0.010 0.003 0.006 0.008 0.010 0.909 0.010 0.013 
 85 TMA-ZAIN-G-    (0)    1 :  0.004 0.003 0.004 0.003 0.003 0.004 0.004 0.004 0.004 0.956 0.003 0.003 0.004 
 86 TMA-ZAIN-G-    (0)    1 :  0.004 0.006 0.003 0.005 0.005 0.008 0.003 0.005 0.003 0.935 0.006 0.007 0.009 
 87 TMA-ZAIN-G-    (0)    1 :  0.004 0.002 0.003 0.004 0.004 0.003 0.005 0.004 0.004 0.957 0.004 0.003 0.003 
 88 TMA-ZAIN-G-    (0)    1 :  0.190 0.057 0.018 0.011 0.080 0.168 0.020 0.009 0.009 0.351 0.036 0.012 0.039 
 89 TMA-ZAIN-G-    (0)    1 :  0.058 0.029 0.048 0.029 0.410 0.032 0.010 0.005 0.010 0.276 0.045 0.015 0.032 
 90 TMA-ZAIN-G-    (0)    1 :  0.004 0.014 0.004 0.004 0.033 0.026 0.042 0.006 0.007 0.843 0.005 0.005 0.007 
 91 TMA-ZAIN-G-    (0)    1 :  0.086 0.012 0.014 0.006 0.048 0.008 0.006 0.017 0.007 0.768 0.008 0.008 0.011 
 92 TMA-ZAIN-G-    (0)    1 :  0.007 0.006 0.013 0.038 0.366 0.006 0.013 0.028 0.029 0.465 0.012 0.009 0.009 
 93 TMA-ZAIN-G-    (0)    1 :  0.058 0.007 0.028 0.015 0.543 0.005 0.010 0.097 0.026 0.191 0.007 0.007 0.009 
 94 TMA-ZAIN-G-    (0)    1 :  0.138 0.004 0.006 0.009 0.051 0.004 0.023 0.014 0.008 0.730 0.005 0.004 0.005 
 95 TMA-ZAIN-G-    (0)    1 :  0.004 0.007 0.014 0.005 0.004 0.005 0.021 0.885 0.023 0.005 0.009 0.014 0.004 
 96 TMA-ZAIN-G-    (0)    1 :  0.006 0.004 0.023 0.007 0.005 0.009 0.005 0.812 0.056 0.008 0.003 0.056 0.005 
 97 TMA-ZAIN-G-    (0)    1 :  0.709 0.006 0.006 0.006 0.014 0.004 0.186 0.005 0.023 0.007 0.021 0.004 0.008 
 98 TMA-ZAIN-G-    (0)    1 :  0.718 0.004 0.005 0.004 0.012 0.003 0.206 0.003 0.004 0.006 0.024 0.004 0.008 
 99 TMA-ZAIN-G-    (0)    1 :  0.629 0.008 0.006 0.011 0.005 0.022 0.033 0.007 0.006 0.004 0.018 0.025 0.226 
100 TMA-ZAIN-G-    (0)    1 :  0.887 0.004 0.005 0.010 0.016 0.003 0.010 0.008 0.025 0.021 0.004 0.003 0.004 
101 TMA-ZAIN-G-    (0)    1 :  0.789 0.005 0.007 0.005 0.010 0.006 0.076 0.009 0.018 0.003 0.009 0.006 0.058 
102 TMA-ZAIN-G-    (0)    1 :  0.010 0.007 0.012 0.070 0.005 0.012 0.763 0.013 0.029 0.038 0.012 0.018 0.009 
103 TMA-ZAIN-G-    (0)    1 :  0.010 0.005 0.005 0.013 0.004 0.010 0.873 0.011 0.023 0.026 0.007 0.008 0.008 
104 TMA-ZAIN-G-    (0)    1 :  0.007 0.002 0.003 0.005 0.003 0.003 0.956 0.004 0.005 0.003 0.003 0.003 0.003 
105 TMA-ZAIN-G-    (0)    1 :  0.007 0.005 0.005 0.006 0.004 0.012 0.882 0.010 0.010 0.035 0.007 0.008 0.010 
106 TMA-ZAIN-G-    (0)    1 :  0.003 0.049 0.088 0.003 0.005 0.055 0.005 0.006 0.004 0.007 0.130 0.573 0.071 
107 TMA-ZAIN-G-    (0)    1 :  0.004 0.015 0.013 0.003 0.007 0.396 0.005 0.006 0.005 0.005 0.232 0.035 0.274 
108 TMA-ZAIN-G-    (9)    1 :  0.346 0.010 0.039 0.026 0.012 0.084 0.024 0.010 0.045 0.054 0.086 0.183 0.080 
109 TMA-ZAIN-G-    (0)    1 :  0.291 0.115 0.026 0.005 0.052 0.158 0.023 0.032 0.008 0.013 0.010 0.143 0.124 
110 TMA-ZAIN-G-    (0)    1 :  0.055 0.008 0.016 0.130 0.015 0.163 0.040 0.028 0.097 0.021 0.038 0.126 0.263 
111 TMA-ZAIN-G-    (9)    1 :  0.181 0.017 0.004 0.114 0.028 0.253 0.190 0.023 0.095 0.007 0.053 0.010 0.026 
112 TMA-ZAIN-G-    (0)    1 :  0.098 0.023 0.037 0.032 0.022 0.094 0.223 0.030 0.059 0.013 0.028 0.201 0.140 
113 TMA-ZAIN-G-    (0)    1 :  0.901 0.008 0.005 0.009 0.017 0.009 0.012 0.003 0.005 0.005 0.013 0.005 0.009 
114 TMA-ZAIN-G-    (0)    1 :  0.953 0.003 0.002 0.009 0.004 0.003 0.006 0.004 0.004 0.005 0.003 0.002 0.003 
115 TMA-ZAIN-G-    (0)    1 :  0.952 0.003 0.003 0.005 0.004 0.004 0.008 0.004 0.004 0.003 0.003 0.003 0.003 
116 TMA-ZAIN-G-    (0)    1 :  0.004 0.009 0.006 0.003 0.012 0.904 0.007 0.007 0.004 0.005 0.015 0.007 0.016 
117 TMA-ZAIN-G-    (0)    1 :  0.007 0.220 0.066 0.004 0.038 0.095 0.009 0.039 0.009 0.034 0.119 0.114 0.247 
118 TMA-ZAIN-G-    (0)    1 :  0.005 0.030 0.025 0.003 0.010 0.841 0.007 0.013 0.006 0.006 0.014 0.019 0.022 
119 TMA-ZAIN-G-    (0)    1 :  0.019 0.023 0.006 0.018 0.011 0.790 0.017 0.018 0.020 0.004 0.043 0.008 0.023 
120 TMA-ZAIN-G-    (0)    1 :  0.006 0.026 0.082 0.005 0.015 0.717 0.013 0.026 0.011 0.015 0.026 0.022 0.036 
121 TMA-ZAIN-G-    (0)    1 :  0.009 0.181 0.023 0.003 0.021 0.473 0.018 0.046 0.007 0.013 0.040 0.064 0.102 
122 TMA-ZAIN-G-    (0)    1 :  0.006 0.030 0.011 0.007 0.013 0.221 0.005 0.116 0.006 0.110 0.079 0.133 0.262 
123 TMA-ZAIN-G-    (0)    1 :  0.897 0.004 0.012 0.008 0.006 0.005 0.020 0.007 0.014 0.012 0.006 0.005 0.005 
124 TMA-ZAIN-G-    (0)    1 :  0.004 0.004 0.008 0.003 0.004 0.008 0.006 0.007 0.005 0.008 0.005 0.558 0.380 
125 TMA-ZAIN-G-    (0)    1 :  0.002 0.028 0.023 0.002 0.069 0.007 0.003 0.005 0.004 0.008 0.006 0.428 0.415 
126 TMA-ZAIN-G-    (0)    1 :  0.004 0.004 0.026 0.003 0.009 0.011 0.004 0.004 0.004 0.006 0.004 0.489 0.431 
127 TMA-ZAIN-G-    (0)    1 :  0.003 0.006 0.011 0.003 0.004 0.008 0.003 0.004 0.003 0.005 0.004 0.520 0.427 
128 TMA-ZAIN-G-    (0)    1 :  0.004 0.019 0.008 0.003 0.006 0.011 0.004 0.012 0.003 0.006 0.006 0.502 0.415 
129 TMA-ZAIN-G-    (0)    1 :  0.005 0.005 0.011 0.003 0.005 0.007 0.006 0.005 0.004 0.006 0.006 0.493 0.442 
130 TMA-ZAIN-G-    (0)    1 :  0.006 0.009 0.054 0.003 0.040 0.022 0.007 0.006 0.005 0.007 0.006 0.427 0.409 
131 TMA-ZAIN-G-    (0)    1 :  0.003 0.004 0.013 0.003 0.004 0.009 0.005 0.008 0.006 0.010 0.005 0.551 0.381 
132 TMA-ZAIN-G-    (0)    1 :  0.003 0.032 0.012 0.003 0.026 0.018 0.004 0.010 0.003 0.006 0.012 0.452 0.419 
133 TMA-ZAIN-G-    (0)    1 :  0.003 0.086 0.112 0.013 0.025 0.034 0.003 0.014 0.019 0.042 0.070 0.386 0.194 
134 TMA-ZAIN-G-    (0)    1 :  0.004 0.050 0.225 0.007 0.019 0.062 0.003 0.004 0.006 0.039 0.050 0.198 0.334 
135 TMA-ZAIN-G-    (0)    1 :  0.005 0.024 0.016 0.006 0.010 0.324 0.003 0.004 0.005 0.028 0.080 0.086 0.409 
136 TMA-ZAIN-G-    (0)    1 :  0.008 0.569 0.007 0.006 0.013 0.117 0.004 0.010 0.004 0.005 0.044 0.055 0.158 
137 TMA-ZAIN-G-    (0)    1 :  0.007 0.006 0.006 0.009 0.006 0.685 0.004 0.004 0.006 0.022 0.042 0.027 0.177 
138 TMA-ZAIN-G-    (0)    1 :  0.004 0.010 0.021 0.003 0.016 0.206 0.003 0.004 0.003 0.004 0.012 0.230 0.483 
139 TMA-ZAIN-G-    (0)    1 :  0.005 0.012 0.014 0.005 0.063 0.304 0.003 0.003 0.004 0.010 0.036 0.129 0.410 
140 TMA-ZAIN-G-    (0)    1 :  0.003 0.008 0.006 0.004 0.004 0.410 0.003 0.008 0.004 0.005 0.041 0.089 0.414 
141 TMA-ZAIN-G-    (0)    1 :  0.005 0.008 0.021 0.003 0.006 0.140 0.006 0.007 0.005 0.012 0.125 0.042 0.621 
142 TMA-ZAIN-G-    (9)    1 :  0.003 0.013 0.007 0.003 0.004 0.430 0.004 0.006 0.003 0.006 0.081 0.048 0.392 
143 TMA-ZAIN-G-    (0)    1 :  0.004 0.013 0.010 0.003 0.005 0.285 0.004 0.009 0.004 0.006 0.026 0.103 0.529 
144 TMA-ZAIN-G-    (0)    1 :  0.003 0.006 0.014 0.006 0.030 0.496 0.004 0.023 0.011 0.012 0.012 0.142 0.240 
145 TMA-ZAIN-G-    (0)    1 :  0.003 0.277 0.006 0.002 0.017 0.395 0.003 0.007 0.003 0.006 0.092 0.030 0.158 
146 TMA-ZAIN-G-    (0)    1 :  0.003 0.005 0.005 0.003 0.003 0.017 0.003 0.003 0.003 0.005 0.270 0.008 0.671 
147 TMA-ZAIN-G-    (9)    1 :  0.003 0.010 0.005 0.003 0.004 0.014 0.003 0.004 0.003 0.005 0.095 0.010 0.842 
148 TMA-ZAIN-G-    (0)    1 :  0.003 0.005 0.040 0.003 0.016 0.009 0.003 0.003 0.004 0.005 0.075 0.028 0.807 
149 TMA-ZAIN-G-    (0)    1 :  0.015 0.006 0.017 0.013 0.033 0.013 0.020 0.014 0.008 0.024 0.020 0.028 0.789 
150 TMA-ZAIN-G-    (0)    1 :  0.011 0.106 0.012 0.010 0.051 0.044 0.041 0.013 0.007 0.012 0.042 0.013 0.639 
151 TMA-ZAIN-G-    (0)    1 :  0.003 0.009 0.018 0.002 0.005 0.847 0.003 0.005 0.003 0.003 0.007 0.086 0.008 
152 TMA-ZAIN-G-    (0)    1 :  0.004 0.005 0.011 0.002 0.004 0.938 0.003 0.004 0.003 0.003 0.005 0.008 0.010 
153 TMA-ZAIN-G-    (0)    1 :  0.003 0.014 0.034 0.003 0.014 0.714 0.004 0.004 0.003 0.004 0.013 0.103 0.089 
154 TMA-ZAIN-G-    (0)    1 :  0.003 0.004 0.005 0.002 0.004 0.944 0.004 0.004 0.003 0.004 0.005 0.008 0.011 
155 TMA-ZAIN-G-    (0)    1 :  0.004 0.008 0.007 0.003 0.003 0.910 0.005 0.004 0.004 0.005 0.010 0.012 0.027 
156 TMA-ZAIN-G-    (9)    1 :  0.005 0.003 0.068 0.003 0.013 0.781 0.005 0.004 0.004 0.003 0.006 0.062 0.042 
157 TMA-ZAIN-G-    (0)    1 :  0.004 0.007 0.124 0.003 0.006 0.576 0.005 0.004 0.004 0.005 0.012 0.087 0.163 
158 TMA-ZAIN-G-    (0)    1 :  0.003 0.005 0.004 0.003 0.004 0.779 0.004 0.006 0.006 0.003 0.026 0.011 0.146 
159 TMA-ZAIN-G-    (0)    1 :  0.004 0.012 0.005 0.003 0.005 0.586 0.004 0.004 0.003 0.004 0.231 0.008 0.132 
160 TMA-ZAIN-G-    (0)    1 :  0.004 0.018 0.004 0.002 0.007 0.788 0.005 0.003 0.003 0.005 0.117 0.006 0.037 
161 TMA-ZAIN-G-    (0)    1 :  0.003 0.007 0.021 0.003 0.023 0.468 0.004 0.006 0.005 0.006 0.024 0.113 0.320 
162 TMA-ZAIN-G-    (0)    1 :  0.015 0.005 0.004 0.010 0.011 0.884 0.019 0.010 0.006 0.010 0.008 0.010 0.008 
163 TMA-ZAIN-G-    (0)    1 :  0.003 0.004 0.003 0.002 0.003 0.954 0.003 0.003 0.003 0.003 0.005 0.006 0.008 
164 TMA-ZAIN-G-    (0)    1 :  0.004 0.007 0.004 0.004 0.006 0.890 0.005 0.005 0.003 0.009 0.008 0.007 0.048 
165 TMA-ZAIN-G-    (0)    1 :  0.004 0.006 0.003 0.003 0.003 0.890 0.004 0.004 0.003 0.003 0.011 0.007 0.059 
166 TMA-ZAIN-G-    (0)    1 :  0.003 0.011 0.006 0.002 0.010 0.488 0.003 0.004 0.003 0.006 0.077 0.065 0.323 
167 TMA-ZAIN-G-    (0)    1 :  0.005 0.004 0.008 0.004 0.004 0.075 0.006 0.008 0.007 0.008 0.488 0.036 0.347 
168 TMA-ZAIN-G-    (0)    1 :  0.007 0.011 0.035 0.003 0.005 0.013 0.005 0.005 0.006 0.005 0.609 0.013 0.284 
169 TMA-ZAIN-G-    (0)    1 :  0.003 0.059 0.005 0.003 0.005 0.018 0.003 0.004 0.003 0.006 0.618 0.006 0.268 
170 TMA-ZAIN-G-    (0)    1 :  0.019 0.021 0.094 0.010 0.004 0.065 0.009 0.008 0.039 0.005 0.267 0.168 0.292 
171 TMA-ZAIN-G-    (0)    1 :  0.003 0.014 0.004 0.003 0.004 0.013 0.004 0.004 0.003 0.005 0.659 0.005 0.282 
172 TMA-ZAIN-G-    (0)    1 :  0.004 0.005 0.022 0.004 0.003 0.033 0.004 0.005 0.006 0.006 0.037 0.617 0.254 
173 TMA-ZAIN-G-    (0)    1 :  0.003 0.006 0.022 0.004 0.004 0.020 0.004 0.007 0.006 0.007 0.028 0.748 0.140 
174 TMA-ZAIN-G-    (0)    1 :  0.003 0.034 0.005 0.002 0.008 0.057 0.003 0.005 0.003 0.005 0.044 0.340 0.491 
175 TMA-ZAIN-G-    (0)    1 :  0.004 0.006 0.005 0.003 0.004 0.018 0.004 0.004 0.003 0.005 0.642 0.006 0.297 
176 TMA-ZAIN-G-    (0)    1 :  0.003 0.005 0.006 0.003 0.003 0.033 0.004 0.004 0.003 0.005 0.499 0.010 0.422 
177 TMA-ZAIN-G-    (0)    1 :  0.004 0.005 0.027 0.003 0.003 0.095 0.004 0.003 0.005 0.005 0.299 0.058 0.489 
178 TMA-ZAIN-G-    (0)    1 :  0.005 0.004 0.040 0.004 0.004 0.062 0.004 0.007 0.007 0.005 0.038 0.432 0.389 
179 TMA-ZAIN-G-    (0)    1 :  0.003 0.008 0.023 0.003 0.004 0.113 0.003 0.005 0.004 0.006 0.107 0.205 0.516 
180 TMA-ZAIN-G-    (0)    1 :  0.004 0.060 0.025 0.006 0.011 0.018 0.004 0.011 0.006 0.026 0.007 0.463 0.360 
181 TMA-ZAIN-G-    (0)    1 :  0.005 0.006 0.149 0.003 0.005 0.053 0.004 0.004 0.004 0.003 0.014 0.733 0.017 
182 TMA-ZAIN-G-    (0)    1 :  0.008 0.003 0.156 0.003 0.005 0.033 0.007 0.005 0.005 0.006 0.008 0.638 0.124 
183 TMA-ZAIN-G-    (0)    1 :  0.005 0.005 0.161 0.003 0.004 0.032 0.004 0.005 0.004 0.004 0.011 0.746 0.015 
184 TMA-ZAIN-G-    (0)    1 :  0.023 0.007 0.029 0.012 0.019 0.040 0.026 0.012 0.011 0.018 0.012 0.763 0.029 
185 TMA-ZAIN-G-    (0)    1 :  0.010 0.006 0.004 0.019 0.021 0.011 0.014 0.033 0.009 0.013 0.007 0.835 0.019 
186 TMA-ZAIN-G-    (9)    1 :  0.003 0.006 0.005 0.005 0.005 0.014 0.004 0.011 0.008 0.005 0.009 0.903 0.023 
187 TMA-ZAIN-G-    (0)    1 :  0.004 0.017 0.021 0.003 0.003 0.037 0.004 0.005 0.005 0.004 0.044 0.830 0.023 
188 TMA-ZAIN-G-    (0)    1 :  0.003 0.022 0.009 0.003 0.004 0.022 0.003 0.005 0.004 0.003 0.065 0.845 0.012 
189 TMA-ZAIN-G-    (0)    1 :  0.002 0.010 0.008 0.002 0.002 0.006 0.003 0.003 0.003 0.003 0.005 0.938 0.012 
190 TMA-ZAIN-G-    (0)    1 :  0.003 0.022 0.076 0.003 0.005 0.012 0.003 0.007 0.007 0.004 0.058 0.730 0.072 
191 TMA-ZAIN-G-    (0)    1 :  0.011 0.005 0.005 0.016 0.008 0.009 0.013 0.009 0.008 0.013 0.013 0.879 0.011 
192 TMA-ZAIN-G-    (0)    1 :  0.005 0.004 0.021 0.011 0.005 0.008 0.003 0.003 0.009 0.018 0.015 0.883 0.015 
193 TMA-ZAIN-G-    (0)    1 :  0.002 0.003 0.960 0.002 0.004 0.003 0.003 0.003 0.003 0.004 0.004 0.005 0.003 
194 TMA-ZAIN-G-    (0)    1 :  0.003 0.011 0.860 0.006 0.014 0.005 0.003 0.020 0.010 0.005 0.006 0.046 0.012 
195 TMA-ZAIN-G-    (0)    1 :  0.003 0.032 0.798 0.002 0.006 0.010 0.003 0.005 0.011 0.004 0.030 0.053 0.043 
196 TMA-ZAIN-G-    (0)    1 :  0.003 0.011 0.931 0.002 0.006 0.006 0.003 0.006 0.004 0.004 0.005 0.012 0.007 
197 TMA-ZAIN-G-    (0)    1 :  0.003 0.010 0.926 0.003 0.005 0.008 0.003 0.004 0.004 0.007 0.008 0.009 0.011 
198 TMA-ZAIN-G-    (0)    1 :  0.003 0.006 0.929 0.003 0.004 0.009 0.003 0.003 0.003 0.004 0.009 0.013 0.010 
199 TMA-ZAIN-G-    (0)    1 :  0.003 0.005 0.006 0.004 0.006 0.011 0.003 0.010 0.005 0.005 0.008 0.913 0.020 
200 TMA-ZAIN-G-    (0)    1 :  0.014 0.003 0.050 0.783 0.004 0.003 0.012 0.015 0.098 0.006 0.003 0.005 0.003 
201 TMA-ZAIN-G-    (0)    1 :  0.005 0.005 0.003 0.912 0.003 0.004 0.013 0.009 0.029 0.006 0.005 0.004 0.004 
202 TMA-ZAIN-G-    (0)    1 :  0.022 0.004 0.038 0.847 0.002 0.006 0.009 0.008 0.038 0.004 0.003 0.013 0.006 
203 TMA-ZAIN-G-    (0)    1 :  0.023 0.004 0.822 0.003 0.005 0.029 0.013 0.005 0.004 0.005 0.011 0.041 0.035 
204 TMA-ZAIN-G-    (9)    1 :  0.008 0.010 0.007 0.783 0.028 0.004 0.004 0.005 0.038 0.074 0.018 0.009 0.010 
205 TMA-ZAIN-G-    (0)    1 :  0.008 0.006 0.008 0.697 0.013 0.091 0.006 0.005 0.091 0.025 0.015 0.010 0.025 
206 TMA-ZAIN-G-    (9)    1 :  0.018 0.010 0.057 0.589 0.014 0.008 0.011 0.012 0.086 0.149 0.010 0.018 0.018 
207 TMA-ZAIN-G-    (9)    1 :  0.010 0.080 0.012 0.008 0.064 0.495 0.008 0.101 0.031 0.079 0.026 0.024 0.062 
208 TMA-ZAIN-G-    (0)    1 :  0.003 0.070 0.004 0.003 0.005 0.255 0.003 0.011 0.004 0.003 0.069 0.034 0.536 
209 TMA-ZAIN-G-    (0)    1 :  0.003 0.017 0.193 0.003 0.050 0.064 0.003 0.004 0.004 0.008 0.079 0.153 0.420 
210 TMA-ZAIN-G-    (0)    1 :  0.004 0.088 0.381 0.003 0.016 0.083 0.004 0.009 0.005 0.014 0.097 0.121 0.177 
211 TMA-ZAIN-G-    (0)    1 :  0.012 0.023 0.067 0.021 0.012 0.033 0.010 0.020 0.024 0.010 0.059 0.325 0.384 
212 TMA-ZAIN-G-    (0)    1 :  0.004 0.014 0.019 0.004 0.006 0.083 0.003 0.012 0.005 0.017 0.010 0.396 0.428 
213 TMA-ZAIN-G-    (0)    1 :  0.003 0.007 0.026 0.004 0.007 0.140 0.004 0.006 0.006 0.004 0.039 0.319 0.435 
214 TMA-ZAIN-G-    (0)    1 :  0.003 0.045 0.023 0.004 0.007 0.126 0.003 0.004 0.005 0.004 0.057 0.308 0.410 
215 TMA-ZAIN-G-    (0)    1 :  0.003 0.005 0.005 0.009 0.002 0.057 0.003 0.004 0.261 0.003 0.163 0.336 0.148 
216 TMA-ZAIN-G-    (0)    1 :  0.003 0.006 0.013 0.005 0.010 0.028 0.003 0.008 0.006 0.005 0.014 0.658 0.240 
217 TMA-ZAIN-G-    (0)    1 :  0.003 0.087 0.070 0.003 0.006 0.048 0.004 0.003 0.004 0.006 0.094 0.159 0.514 
218 TMA-ZAIN-G-    (0)    1 :  0.005 0.008 0.003 0.004 0.006 0.006 0.007 0.014 0.924 0.005 0.005 0.006 0.007 
219 TMA-ZAIN-G-    (0)    1 :  0.005 0.004 0.003 0.006 0.007 0.005 0.005 0.007 0.932 0.012 0.004 0.005 0.005 
220 TMA-ZAIN-G-    (0)    1 :  0.009 0.015 0.006 0.004 0.006 0.031 0.142 0.070 0.670 0.012 0.012 0.011 0.011 
221 TMA-ZAIN-G-    (0)    1 :  0.004 0.005 0.006 0.012 0.005 0.008 0.003 0.011 0.900 0.010 0.007 0.016 0.013 
222 TMA-ZAIN-G-    (0)    1 :  0.005 0.012 0.005 0.006 0.009 0.015 0.040 0.005 0.857 0.021 0.008 0.007 0.011 
223 TMA-ZAIN-G-    (0)    1 :  0.007 0.005 0.003 0.007 0.004 0.004 0.005 0.014 0.923 0.014 0.005 0.004 0.004 
224 TMA-ZAIN-G-    (0)    1 :  0.008 0.005 0.009 0.009 0.008 0.005 0.016 0.013 0.786 0.106 0.006 0.017 0.010 
225 TMA-ZAIN-G-    (0)    1 :  0.007 0.002 0.010 0.007 0.003 0.004 0.010 0.009 0.929 0.005 0.004 0.005 0.004 
226 TMA-ZAIN-G-    (0)    1 :  0.014 0.005 0.021 0.007 0.005 0.007 0.007 0.011 0.890 0.009 0.007 0.009 0.008 
227 TMA-ZAIN-G-    (0)    1 :  0.011 0.004 0.017 0.010 0.004 0.008 0.006 0.007 0.903 0.006 0.007 0.010 0.008 
228 TMA-ZAIN-G-    (0)    1 :  0.018 0.008 0.006 0.010 0.006 0.014 0.006 0.017 0.847 0.016 0.026 0.010 0.016 
229 TMA-ZAIN-G-    (0)    1 :  0.013 0.008 0.003 0.019 0.006 0.003 0.015 0.007 0.910 0.008 0.004 0.003 0.003 
230 TMA-ZAIN-G-    (0)    1 :  0.022 0.015 0.015 0.006 0.012 0.006 0.030 0.012 0.450 0.315 0.037 0.030 0.052 
231 TMA-ZAIN-G-    (0)    1 :  0.010 0.010 0.008 0.327 0.009 0.021 0.304 0.012 0.164 0.081 0.024 0.010 0.021 
232 TMA-ZAIN-G-    (9)    1 :  0.052 0.034 0.009 0.459 0.011 0.012 0.135 0.005 0.211 0.021 0.010 0.021 0.020 
233 TMA-ZAIN-G-    (0)    1 :  0.005 0.043 0.007 0.014 0.011 0.010 0.006 0.016 0.809 0.021 0.026 0.013 0.019 
234 TMA-ZAIN-G-    (0)    1 :  0.025 0.006 0.011 0.040 0.028 0.010 0.219 0.007 0.633 0.005 0.005 0.004 0.007 
235 TMA-ZAIN-G-    (0)    1 :  0.211 0.005 0.018 0.018 0.007 0.013 0.011 0.034 0.550 0.032 0.047 0.046 0.007 
236 TMA-ZAIN-G-    (0)    1 :  0.035 0.007 0.021 0.019 0.004 0.012 0.008 0.007 0.808 0.042 0.012 0.011 0.013 
237 TMA-ZAIN-G-    (0)    1 :  0.099 0.012 0.009 0.010 0.006 0.024 0.053 0.016 0.364 0.139 0.182 0.020 0.066 
238 TMA-ZAIN-G-    (0)    1 :  0.047 0.005 0.007 0.018 0.003 0.030 0.015 0.007 0.793 0.006 0.026 0.019 0.023 
239 TMA-ZAIN-G-    (0)    1 :  0.007 0.018 0.124 0.740 0.028 0.005 0.003 0.003 0.008 0.021 0.004 0.032 0.007 
240 TMA-ZAIN-G-    (0)    1 :  0.004 0.003 0.004 0.948 0.006 0.003 0.003 0.002 0.007 0.008 0.005 0.003 0.004 
241 TMA-ZAIN-G-    (0)    1 :  0.004 0.005 0.004 0.936 0.005 0.005 0.003 0.002 0.006 0.005 0.013 0.005 0.008 
242 TMA-ZAIN-G-    (0)    1 :  0.004 0.005 0.003 0.948 0.004 0.007 0.003 0.003 0.004 0.003 0.006 0.004 0.006 
243 TMA-ZAIN-G-    (0)    1 :  0.004 0.009 0.004 0.925 0.005 0.007 0.002 0.003 0.006 0.005 0.013 0.006 0.011 
244 TMA-ZAIN-G-    (0)    1 :  0.005 0.008 0.003 0.918 0.004 0.015 0.003 0.003 0.005 0.003 0.014 0.007 0.011 
245 TMA-ZAIN-G-    (9)    1 :  0.004 0.002 0.002 0.961 0.003 0.003 0.004 0.002 0.005 0.003 0.003 0.003 0.003 
246 TMA-ZAIN-G-    (0)    1 :  0.002 0.003 0.002 0.961 0.003 0.003 0.002 0.004 0.005 0.005 0.003 0.003 0.003 
247 TMA-ZAIN-G-    (0)    1 :  0.002 0.005 0.002 0.956 0.004 0.004 0.002 0.005 0.004 0.003 0.004 0.005 0.004 
248 TMA-ZAIN-G-    (0)    1 :  0.006 0.004 0.011 0.929 0.004 0.006 0.003 0.005 0.009 0.004 0.006 0.007 0.006 
249 TMA-ZAIN-G-    (0)    1 :  0.004 0.003 0.007 0.950 0.003 0.003 0.003 0.005 0.006 0.004 0.003 0.005 0.004 
250 TMA-ZAIN-G-    (0)    1 :  0.003 0.006 0.004 0.952 0.003 0.003 0.002 0.005 0.006 0.005 0.003 0.005 0.003 
251 TMA-ZAIN-G-    (0)    1 :  0.005 0.004 0.005 0.003 0.943 0.004 0.006 0.006 0.004 0.009 0.003 0.004 0.004 
252 TMA-ZAIN-G-    (0)    1 :  0.003 0.024 0.004 0.003 0.864 0.021 0.004 0.003 0.007 0.004 0.030 0.007 0.026 
253 TMA-ZAIN-G-    (0)    1 :  0.003 0.005 0.004 0.004 0.945 0.009 0.007 0.003 0.003 0.005 0.004 0.004 0.005 
254 TMA-ZAIN-G-    (9)    1 :  0.005 0.010 0.005 0.003 0.897 0.026 0.011 0.006 0.004 0.006 0.008 0.008 0.011 
255 TMA-ZAIN-G-    (0)    1 :  0.006 0.007 0.004 0.019 0.921 0.007 0.013 0.003 0.003 0.004 0.004 0.004 0.005 
256 TMA-ZAIN-G-    (0)    1 :  0.005 0.005 0.026 0.011 0.880 0.008 0.012 0.004 0.005 0.019 0.008 0.008 0.010 
257 TMA-ZAIN-G-    (0)    1 :  0.003 0.003 0.013 0.004 0.937 0.003 0.004 0.003 0.004 0.013 0.004 0.004 0.004 
258 TMA-ZAIN-G-    (0)    1 :  0.003 0.004 0.005 0.003 0.958 0.003 0.004 0.003 0.003 0.006 0.003 0.003 0.003 
259 TMA-ZAIN-G-    (0)    1 :  0.004 0.005 0.005 0.006 0.933 0.003 0.004 0.005 0.004 0.021 0.003 0.004 0.004 
260 TMA-ZAIN-G-    (0)    1 :  0.003 0.008 0.006 0.005 0.935 0.003 0.004 0.006 0.004 0.014 0.004 0.004 0.005 
261 TMA-ZAIN-G-   (18)    1 :  0.005 0.009 0.008 0.004 0.907 0.006 0.005 0.013 0.005 0.020 0.005 0.006 0.006 
262 TMA-ZAIN-G-    (0)    1 :  0.004 0.003 0.006 0.003 0.951 0.003 0.004 0.003 0.004 0.009 0.003 0.003 0.004 
263 TMA-ZAIN-G-    (0)    1 :  0.004 0.004 0.004 0.004 0.946 0.005 0.008 0.004 0.004 0.008 0.003 0.003 0.004 
264 TMA-ZAIN-G-    (0)    1 :  0.005 0.004 0.005 0.003 0.938 0.005 0.012 0.004 0.004 0.008 0.004 0.003 0.004 
265 TMA-ZAIN-G-    (0)    1 :  0.005 0.022 0.012 0.011 0.161 0.019 0.019 0.023 0.246 0.393 0.016 0.021 0.052 
266 TMA-ZAIN-G-    (0)    1 :  0.009 0.022 0.050 0.008 0.618 0.028 0.013 0.077 0.011 0.020 0.011 0.068 0.065 
267 TMA-ZAIN-G-    (0)    1 :  0.020 0.016 0.007 0.306 0.169 0.008 0.049 0.112 0.023 0.235 0.019 0.011 0.026 
268 TMA-ZAIN-G-    (0)    1 :  0.039 0.004 0.003 0.799 0.005 0.004 0.111 0.008 0.006 0.009 0.004 0.003 0.005 
269 TMA-ZAIN-G-    (0)    1 :  0.177 0.005 0.004 0.471 0.005 0.006 0.161 0.024 0.021 0.106 0.008 0.005 0.007 
270 TMA-ZAIN-G-    (0)    1 :  0.083 0.004 0.004 0.605 0.005 0.005 0.060 0.016 0.018 0.184 0.006 0.004 0.006 
271 TMA-ZAIN-G-    (0)    1 :  0.033 0.003 0.003 0.861 0.006 0.005 0.031 0.010 0.007 0.027 0.005 0.004 0.005 
272 TMA-ZAIN-G-    (0)    1 :  0.027 0.003 0.004 0.802 0.004 0.004 0.028 0.028 0.049 0.036 0.005 0.005 0.005 
273 TMA-ZAIN-G-    (0)    1 :  0.017 0.002 0.003 0.900 0.003 0.003 0.017 0.007 0.030 0.009 0.003 0.003 0.003 
274 TMA-ZAIN-G-    (0)    1 :  0.009 0.008 0.043 0.706 0.009 0.007 0.129 0.017 0.019 0.009 0.013 0.024 0.006 
275 TMA-ZAIN-G-    (0)    1 :  0.005 0.002 0.003 0.945 0.003 0.004 0.009 0.006 0.009 0.003 0.003 0.004 0.004 
276 TMA-ZAIN-G-    (0)    1 :  0.012 0.003 0.002 0.945 0.002 0.004 0.005 0.004 0.005 0.006 0.004 0.003 0.004 
277 TMA-ZAIN-G-    (0)    1 :  0.010 0.004 0.005 0.932 0.007 0.004 0.009 0.005 0.005 0.004 0.006 0.003 0.004 
278 TMA-ZAIN-G-    (0)    1 :  0.006 0.003 0.003 0.945 0.004 0.003 0.005 0.005 0.007 0.009 0.003 0.003 0.003 
279 TMA-ZAIN-G-    (0)    1 :  0.006 0.003 0.006 0.900 0.004 0.004 0.026 0.015 0.017 0.004 0.004 0.006 0.005 
280 TMA-ZAIN-G-    (0)    1 :  0.048 0.003 0.008 0.646 0.003 0.006 0.140 0.015 0.103 0.007 0.004 0.009 0.007 
281 TMA-ZAIN-G-    (0)    1 :  0.039 0.003 0.007 0.862 0.004 0.004 0.036 0.008 0.013 0.010 0.004 0.005 0.005 
282 TMA-ZAIN-G-    (9)    1 :  0.012 0.003 0.003 0.930 0.005 0.003 0.015 0.007 0.006 0.006 0.003 0.003 0.004 
283 TMA-ZAIN-G-    (0)    1 :  0.032 0.005 0.004 0.575 0.078 0.013 0.149 0.064 0.029 0.025 0.009 0.008 0.009 
284 TMA-ZAIN-G-    (0)    1 :  0.032 0.003 0.005 0.387 0.087 0.012 0.290 0.056 0.054 0.048 0.006 0.009 0.010 
285 TMA-ZAIN-G-    (0)    1 :  0.015 0.020 0.012 0.754 0.024 0.012 0.065 0.020 0.017 0.006 0.029 0.021 0.005 
286 TMA-ZAIN-G-    (0)    1 :  0.024 0.003 0.003 0.838 0.008 0.004 0.073 0.017 0.008 0.011 0.003 0.003 0.004 
287 TMA-ZAIN-G-    (0)    1 :  0.011 0.009 0.013 0.803 0.005 0.005 0.099 0.014 0.007 0.007 0.013 0.011 0.003 
288 TMA-ZAIN-G-    (0)    1 :  0.009 0.006 0.023 0.339 0.008 0.007 0.437 0.094 0.027 0.007 0.012 0.024 0.006 
289 TMA-ZAIN-G-    (0)    1 :  0.011 0.013 0.023 0.741 0.009 0.007 0.106 0.024 0.011 0.010 0.020 0.017 0.006 
290 TMA-ZAIN-G-    (0)    1 :  0.017 0.003 0.006 0.269 0.006 0.005 0.627 0.032 0.014 0.005 0.004 0.006 0.007 
291 TMA-ZAIN-G-    (0)    1 :  0.010 0.004 0.005 0.012 0.009 0.005 0.020 0.040 0.874 0.009 0.004 0.005 0.004 
292 TMA-ZAIN-G-    (0)    1 :  0.011 0.007 0.027 0.017 0.004 0.113 0.010 0.010 0.028 0.009 0.215 0.080 0.471 
