

----------------------------------------------------
STRUCTURE by Pritchard, Stephens and Donnelly (2000)
     and Falush, Stephens and Pritchard (2003)
       Code by Pritchard, Falush and Hubisz
             Version 2.3.4 (Jul 2012)
----------------------------------------------------



Command line arguments:   bin\structure -m C:\Users\eschumacher\Documents\GitHub\GCC_QUAC_ZAIN\Data_Files\Structure_Files\ZAIN\ZAIN_rebinned_allpop_str\50-50\mainparams -e C:\Users\eschumacher\Documents\GitHub\GCC_QUAC_ZAIN\Data_Files\Structure_Files\ZAIN\ZAIN_rebinned_allpop_str\50-50\extraparams 
Input File:    C:\Users\eschumacher\Documents\GitHub\GCC_QUAC_ZAIN\Data_Files\Structure_Files\ZAIN\ZAIN_rebinned_allpop_str\project_data

Run parameters:
   1133 individuals
   11 loci
   15 populations assumed
   50000 Burn-in period
   50000 Reps


--------------------------------------------
Proportion of membership of each pre-defined
 population in each of the 15 clusters

Given    Inferred Clusters                                                                                           Number of
 Pop       1      2      3      4      5      6      7      8      9     10     11     12     13     14     15      Individuals

  1:     0.068  0.073  0.092  0.064  0.074  0.054  0.060  0.046  0.063  0.137  0.072  0.033  0.083  0.039  0.042      303
  2:     0.032  0.152  0.082  0.039  0.072  0.040  0.068  0.014  0.053  0.100  0.098  0.024  0.168  0.036  0.022       15
  3:     0.015  0.006  0.314  0.089  0.027  0.011  0.009  0.242  0.014  0.077  0.014  0.007  0.144  0.012  0.020        2
  4:     0.061  0.025  0.161  0.015  0.081  0.055  0.073  0.007  0.027  0.033  0.158  0.020  0.174  0.091  0.020        2
  5:     0.029  0.012  0.324  0.039  0.044  0.060  0.091  0.166  0.009  0.023  0.050  0.043  0.041  0.051  0.018        7
  6:     0.005  0.006  0.011  0.008  0.008  0.063  0.013  0.076  0.015  0.605  0.105  0.006  0.021  0.017  0.040       13
  7:     0.006  0.004  0.013  0.004  0.005  0.007  0.009  0.005  0.013  0.884  0.006  0.004  0.007  0.022  0.010       13
  8:     0.434  0.009  0.016  0.039  0.028  0.122  0.099  0.049  0.007  0.014  0.038  0.062  0.045  0.011  0.028        7
  9:     0.052  0.008  0.021  0.048  0.119  0.071  0.087  0.050  0.064  0.017  0.239  0.024  0.174  0.007  0.020       11
 10:     0.368  0.013  0.104  0.061  0.040  0.088  0.079  0.014  0.047  0.017  0.044  0.020  0.028  0.066  0.013        9
 11:     0.009  0.005  0.010  0.006  0.008  0.005  0.007  0.005  0.890  0.018  0.006  0.004  0.008  0.011  0.010       35
 12:     0.136  0.016  0.006  0.101  0.252  0.055  0.064  0.013  0.006  0.004  0.072  0.021  0.230  0.006  0.016       36
 13:     0.070  0.008  0.008  0.106  0.390  0.015  0.094  0.021  0.004  0.005  0.042  0.026  0.195  0.007  0.009       33
 14:     0.008  0.829  0.006  0.007  0.013  0.011  0.018  0.009  0.006  0.017  0.006  0.010  0.010  0.011  0.038       40
 15:     0.007  0.006  0.005  0.007  0.008  0.020  0.007  0.883  0.003  0.004  0.023  0.007  0.010  0.004  0.006       39
 16:     0.026  0.022  0.455  0.020  0.034  0.014  0.057  0.011  0.178  0.051  0.023  0.027  0.020  0.046  0.014       40
 17:     0.008  0.021  0.631  0.010  0.015  0.010  0.013  0.011  0.030  0.102  0.008  0.017  0.012  0.062  0.050       37
 18:     0.523  0.006  0.004  0.029  0.110  0.030  0.096  0.012  0.004  0.003  0.041  0.020  0.108  0.005  0.008       40
 19:     0.005  0.006  0.008  0.004  0.006  0.006  0.007  0.016  0.772  0.008  0.006  0.003  0.006  0.105  0.041       28
 20:     0.005  0.014  0.004  0.005  0.007  0.007  0.007  0.005  0.004  0.005  0.005  0.006  0.006  0.004  0.916       14
 21:     0.007  0.007  0.020  0.007  0.013  0.008  0.008  0.037  0.008  0.828  0.013  0.005  0.011  0.010  0.019       13
 22:     0.009  0.007  0.004  0.005  0.006  0.906  0.008  0.015  0.003  0.002  0.011  0.005  0.009  0.004  0.005       14
 23:     0.019  0.006  0.004  0.725  0.051  0.028  0.035  0.007  0.003  0.004  0.011  0.021  0.072  0.005  0.007       25
 24:     0.012  0.008  0.005  0.010  0.012  0.009  0.014  0.006  0.006  0.005  0.008  0.880  0.013  0.006  0.006       40
 25:     0.025  0.657  0.018  0.015  0.025  0.059  0.022  0.017  0.036  0.009  0.028  0.009  0.030  0.015  0.035       32
 26:     0.004  0.005  0.005  0.006  0.007  0.003  0.006  0.004  0.004  0.930  0.006  0.006  0.006  0.003  0.005       20
 27:     0.021  0.007  0.196  0.008  0.010  0.020  0.027  0.005  0.634  0.008  0.008  0.006  0.010  0.026  0.016        4
 28:     0.059  0.009  0.023  0.014  0.022  0.009  0.040  0.005  0.304  0.020  0.011  0.013  0.015  0.443  0.012       23
 29:     0.005  0.006  0.009  0.004  0.005  0.005  0.005  0.004  0.011  0.006  0.004  0.004  0.005  0.922  0.006       39
 30:     0.007  0.006  0.009  0.006  0.008  0.006  0.007  0.004  0.035  0.820  0.005  0.005  0.007  0.050  0.024       38
 31:     0.027  0.009  0.007  0.021  0.044  0.072  0.026  0.146  0.005  0.005  0.518  0.045  0.063  0.005  0.008       45
 32:     0.061  0.011  0.008  0.073  0.117  0.066  0.056  0.120  0.005  0.007  0.242  0.017  0.197  0.005  0.015       28
 33:     0.007  0.007  0.032  0.005  0.005  0.008  0.007  0.008  0.447  0.008  0.005  0.007  0.011  0.437  0.005        6
 34:     0.010  0.010  0.678  0.009  0.013  0.019  0.095  0.011  0.035  0.008  0.024  0.035  0.015  0.020  0.018       40
 35:     0.007  0.010  0.763  0.009  0.011  0.011  0.009  0.011  0.018  0.073  0.020  0.012  0.010  0.019  0.019       42
--------------------------------------------

Allele-freq. divergence among pops (Net nucleotide distance),
computed using point estimates of P.

      1       2       3       4       5       6       7       8       9      10      11      12      13      14      15      
 1      -    0.2927  0.2306  0.1183  0.0570  0.1150  0.0682  0.3121  0.2865  0.3881  0.1060  0.1697  0.0586  0.3017  0.2847  
 2   0.2927     -    0.1621  0.2484  0.2651  0.1891  0.1982  0.2095  0.2182  0.2862  0.2283  0.2306  0.2418  0.1903  0.2128  
 3   0.2306  0.1621     -    0.1911  0.1862  0.1578  0.1556  0.1984  0.1321  0.1350  0.1406  0.2406  0.1536  0.1133  0.1492  
 4   0.1183  0.2484  0.1911     -    0.0721  0.1614  0.1004  0.2563  0.2821  0.3098  0.1298  0.1248  0.0634  0.3036  0.2188  
 5   0.0570  0.2651  0.1862  0.0721     -    0.1230  0.0656  0.2655  0.2750  0.3157  0.0951  0.1592  0.0252  0.2828  0.2055  
 6   0.1150  0.1891  0.1578  0.1614  0.1230     -    0.0820  0.1813  0.2757  0.3582  0.0656  0.1637  0.0747  0.2639  0.1868  
 7   0.0682  0.1982  0.1556  0.1004  0.0656  0.0820     -    0.2524  0.2373  0.3165  0.1016  0.0969  0.0561  0.2417  0.1890  
 8   0.3121  0.2095  0.1984  0.2563  0.2655  0.1813  0.2524     -    0.3144  0.3782  0.1466  0.2972  0.2157  0.3060  0.2505  
 9   0.2865  0.2182  0.1321  0.2821  0.2750  0.2757  0.2373  0.3144     -    0.1697  0.2921  0.3752  0.2552  0.0885  0.2456  
10   0.3881  0.2862  0.1350  0.3098  0.3157  0.3582  0.3165  0.3782  0.1697     -    0.3037  0.3842  0.2850  0.1960  0.2443  
11   0.1060  0.2283  0.1406  0.1298  0.0951  0.0656  0.1016  0.1466  0.2921  0.3037     -    0.1495  0.0556  0.2959  0.2149  
12   0.1697  0.2306  0.2406  0.1248  0.1592  0.1637  0.0969  0.2972  0.3752  0.3842  0.1495     -    0.1269  0.3871  0.2899  
13   0.0586  0.2418  0.1536  0.0634  0.0252  0.0747  0.0561  0.2157  0.2552  0.2850  0.0556  0.1269     -    0.2687  0.1780  
14   0.3017  0.1903  0.1133  0.3036  0.2828  0.2639  0.2417  0.3060  0.0885  0.1960  0.2959  0.3871  0.2687     -    0.2508  
15   0.2847  0.2128  0.1492  0.2188  0.2055  0.1868  0.1890  0.2505  0.2456  0.2443  0.2149  0.2899  0.1780  0.2508     -    

Average distances (expected heterozygosity) between individuals in same cluster:
cluster  1  : 0.3226 
cluster  2  : 0.3676 
cluster  3  : 0.5426 
cluster  4  : 0.3894 
cluster  5  : 0.3394 
cluster  6  : 0.3520 
cluster  7  : 0.4047 
cluster  8  : 0.2275 
cluster  9  : 0.4921 
cluster 10  : 0.4037 
cluster 11  : 0.4295 
cluster 12  : 0.3496 
cluster 13  : 0.4028 
cluster 14  : 0.3400 
cluster 15  : 0.2462 

--------------------------------------------
Estimated Ln Prob of Data   = -21861.0
Mean value of ln likelihood = -19804.8
Variance of ln likelihood   = 4112.4
Mean value of alpha         = 0.0352

Mean value of Fst_1         = 0.4275
Mean value of Fst_2         = 0.4619
Mean value of Fst_3         = 0.1754
Mean value of Fst_4         = 0.3848
Mean value of Fst_5         = 0.4073
Mean value of Fst_6         = 0.5134
Mean value of Fst_7         = 0.3414
Mean value of Fst_8         = 0.6170
Mean value of Fst_9         = 0.4037
Mean value of Fst_10         = 0.4465
Mean value of Fst_11         = 0.3168
Mean value of Fst_12         = 0.4221
Mean value of Fst_13         = 0.2820
Mean value of Fst_14         = 0.5185
Mean value of Fst_15         = 0.6265


Inferred ancestry of individuals:
        Label (%Miss) Pop:  Inferred clusters
  1 TMA-ZAIN-G-    (9)    1 :  0.011 0.010 0.036 0.005 0.006 0.010 0.160 0.034 0.638 0.006 0.034 0.007 0.006 0.028 0.007 
  2 TMA-ZAIN-G-    (0)    1 :  0.010 0.019 0.007 0.142 0.016 0.005 0.057 0.007 0.668 0.005 0.010 0.004 0.010 0.026 0.014 
  3 TMA-ZAIN-G-    (0)    1 :  0.072 0.007 0.005 0.011 0.018 0.056 0.703 0.017 0.005 0.003 0.023 0.034 0.035 0.005 0.006 
  4 TMA-ZAIN-G-    (0)    1 :  0.092 0.017 0.005 0.013 0.087 0.013 0.105 0.018 0.006 0.004 0.007 0.036 0.022 0.009 0.566 
  5 TMA-ZAIN-G-    (0)    1 :  0.003 0.005 0.004 0.002 0.003 0.003 0.004 0.002 0.948 0.005 0.002 0.002 0.003 0.009 0.005 
  6 TMA-ZAIN-G-    (0)    1 :  0.013 0.012 0.040 0.014 0.009 0.053 0.673 0.010 0.022 0.031 0.015 0.037 0.028 0.017 0.027 
  7 TMA-ZAIN-G-    (0)    1 :  0.034 0.010 0.010 0.020 0.091 0.179 0.140 0.034 0.009 0.006 0.023 0.008 0.337 0.012 0.087 
  8 TMA-ZAIN-G-    (0)    1 :  0.013 0.009 0.003 0.008 0.009 0.895 0.019 0.004 0.004 0.002 0.007 0.008 0.009 0.004 0.004 
  9 TMA-ZAIN-G-    (9)    1 :  0.038 0.005 0.007 0.060 0.120 0.017 0.169 0.007 0.008 0.004 0.089 0.022 0.441 0.006 0.006 
 10 TMA-ZAIN-G-    (0)    1 :  0.026 0.010 0.009 0.031 0.324 0.053 0.077 0.012 0.003 0.004 0.165 0.030 0.243 0.004 0.011 
 11 TMA-ZAIN-G-    (0)    1 :  0.007 0.005 0.006 0.014 0.152 0.011 0.020 0.009 0.005 0.005 0.083 0.005 0.659 0.007 0.013 
 12 TMA-ZAIN-G-    (0)    1 :  0.669 0.006 0.007 0.009 0.076 0.016 0.065 0.028 0.006 0.003 0.046 0.005 0.051 0.005 0.006 
 13 TMA-ZAIN-G-    (9)    1 :  0.031 0.013 0.021 0.120 0.036 0.026 0.010 0.083 0.036 0.054 0.071 0.013 0.434 0.037 0.013 
 14 TMA-ZAIN-G-    (9)    1 :  0.008 0.007 0.009 0.018 0.026 0.008 0.007 0.796 0.003 0.011 0.071 0.007 0.020 0.003 0.005 
 15 TMA-ZAIN-G-    (0)    1 :  0.007 0.006 0.004 0.004 0.004 0.009 0.249 0.623 0.003 0.002 0.069 0.006 0.006 0.003 0.003 
 16 TMA-ZAIN-G-    (0)    1 :  0.182 0.003 0.005 0.009 0.676 0.008 0.011 0.005 0.003 0.004 0.015 0.005 0.066 0.004 0.005 
 17 TMA-ZAIN-G-    (9)    1 :  0.010 0.023 0.016 0.005 0.007 0.087 0.017 0.016 0.009 0.009 0.655 0.007 0.012 0.007 0.120 
 18 TMA-ZAIN-G-    (0)    1 :  0.014 0.042 0.077 0.004 0.006 0.013 0.009 0.009 0.030 0.007 0.008 0.007 0.005 0.749 0.019 
 19 TMA-ZAIN-G-    (0)    1 :  0.019 0.004 0.724 0.007 0.014 0.058 0.028 0.012 0.009 0.017 0.018 0.005 0.026 0.022 0.038 
 20 TMA-ZAIN-G-    (0)    1 :  0.003 0.028 0.767 0.005 0.004 0.003 0.004 0.004 0.034 0.087 0.003 0.004 0.003 0.043 0.008 
 21 TMA-ZAIN-G-    (0)    1 :  0.004 0.005 0.005 0.003 0.005 0.004 0.006 0.002 0.003 0.942 0.005 0.005 0.005 0.003 0.004 
 22 TMA-ZAIN-G-    (0)    1 :  0.003 0.007 0.011 0.003 0.003 0.003 0.004 0.003 0.042 0.822 0.003 0.003 0.003 0.081 0.010 
 23 TMA-ZAIN-G-    (0)    1 :  0.007 0.004 0.042 0.006 0.008 0.010 0.007 0.007 0.011 0.825 0.008 0.003 0.010 0.045 0.010 
 24 TMA-ZAIN-G-    (9)    1 :  0.008 0.006 0.004 0.194 0.007 0.003 0.005 0.017 0.007 0.632 0.017 0.078 0.011 0.008 0.003 
 25 TMA-ZAIN-G-    (9)    1 :  0.008 0.005 0.443 0.035 0.004 0.003 0.289 0.003 0.155 0.021 0.006 0.004 0.004 0.016 0.003 
 26 TMA-ZAIN-G-    (9)    1 :  0.019 0.485 0.006 0.054 0.019 0.014 0.273 0.010 0.006 0.026 0.052 0.007 0.015 0.005 0.009 
 27 TMA-ZAIN-G-    (0)    1 :  0.005 0.015 0.635 0.004 0.015 0.013 0.058 0.055 0.105 0.014 0.028 0.011 0.009 0.012 0.022 
 28 TMA-ZAIN-G-    (0)    1 :  0.008 0.007 0.803 0.005 0.007 0.015 0.085 0.011 0.007 0.004 0.007 0.007 0.009 0.020 0.006 
 29 TMA-ZAIN-G-    (0)    1 :  0.004 0.017 0.240 0.005 0.004 0.004 0.004 0.006 0.003 0.004 0.006 0.690 0.004 0.004 0.004 
 30 TMA-ZAIN-G-    (0)    1 :  0.042 0.007 0.298 0.082 0.039 0.017 0.059 0.052 0.004 0.004 0.266 0.035 0.083 0.005 0.008 
 31 TMA-ZAIN-G-    (0)    1 :  0.004 0.050 0.010 0.008 0.006 0.006 0.005 0.006 0.835 0.011 0.003 0.006 0.005 0.027 0.018 
 32 TMA-ZAIN-G-    (9)    1 :  0.045 0.005 0.013 0.009 0.012 0.005 0.310 0.008 0.025 0.034 0.024 0.003 0.008 0.493 0.005 
 33 TMA-ZAIN-G-   (18)    1 :  0.099 0.004 0.005 0.006 0.016 0.024 0.762 0.005 0.004 0.003 0.030 0.009 0.025 0.005 0.004 
 34 TMA-ZAIN-G-    (0)    1 :  0.080 0.006 0.008 0.009 0.029 0.006 0.736 0.005 0.026 0.019 0.005 0.004 0.011 0.051 0.005 
 35 TMA-ZAIN-G-    (9)    1 :  0.054 0.006 0.005 0.010 0.015 0.006 0.851 0.010 0.004 0.003 0.009 0.010 0.006 0.006 0.006 
 36 TMA-ZAIN-G-    (0)    1 :  0.017 0.015 0.004 0.257 0.017 0.046 0.285 0.117 0.004 0.002 0.149 0.010 0.067 0.004 0.007 
 37 TMA-ZAIN-G-    (9)    1 :  0.044 0.005 0.004 0.011 0.009 0.010 0.860 0.003 0.004 0.005 0.011 0.007 0.010 0.004 0.013 
 38 TMA-ZAIN-G-   (18)    1 :  0.021 0.006 0.014 0.009 0.008 0.005 0.337 0.015 0.513 0.015 0.021 0.005 0.007 0.016 0.009 
 39 TMA-ZAIN-G-    (0)    1 :  0.069 0.007 0.005 0.649 0.057 0.019 0.053 0.004 0.004 0.005 0.041 0.013 0.063 0.003 0.009 
 40 TMA-ZAIN-G-    (0)    1 :  0.120 0.005 0.004 0.123 0.018 0.010 0.169 0.004 0.004 0.006 0.464 0.006 0.046 0.003 0.019 
 41 TMA-ZAIN-G-    (0)    1 :  0.020 0.005 0.004 0.168 0.008 0.023 0.059 0.022 0.003 0.003 0.666 0.006 0.008 0.003 0.003 
 42 TMA-ZAIN-G-    (9)    1 :  0.008 0.018 0.003 0.010 0.005 0.058 0.009 0.098 0.003 0.002 0.761 0.009 0.007 0.003 0.005 
 43 TMA-ZAIN-G-    (0)    1 :  0.004 0.004 0.003 0.005 0.005 0.018 0.004 0.915 0.003 0.003 0.012 0.012 0.005 0.003 0.004 
 44 TMA-ZAIN-G-    (0)    1 :  0.008 0.004 0.008 0.043 0.062 0.007 0.014 0.005 0.006 0.767 0.008 0.007 0.049 0.004 0.009 
 45 TMA-ZAIN-G-    (0)    1 :  0.056 0.007 0.007 0.009 0.684 0.015 0.021 0.012 0.006 0.005 0.098 0.005 0.061 0.003 0.010 
 46 TMA-ZAIN-G-    (0)    1 :  0.003 0.005 0.004 0.005 0.005 0.003 0.003 0.004 0.004 0.942 0.003 0.003 0.004 0.004 0.010 
 47 TMA-ZAIN-G-    (0)    1 :  0.005 0.933 0.004 0.004 0.004 0.005 0.006 0.004 0.003 0.004 0.004 0.004 0.004 0.005 0.012 
 48 TMA-ZAIN-G-    (0)    1 :  0.016 0.200 0.018 0.012 0.087 0.117 0.021 0.040 0.006 0.027 0.106 0.016 0.205 0.007 0.122 
 49 TMA-ZAIN-G-    (9)    1 :  0.030 0.007 0.778 0.005 0.021 0.006 0.020 0.004 0.006 0.006 0.005 0.046 0.008 0.035 0.021 
 50 TMA-ZAIN-G-    (0)    1 :  0.009 0.003 0.830 0.027 0.005 0.011 0.006 0.008 0.009 0.007 0.066 0.003 0.008 0.005 0.005 
 51 TMA-ZAIN-G-    (0)    1 :  0.003 0.018 0.761 0.010 0.013 0.010 0.009 0.093 0.008 0.007 0.026 0.006 0.012 0.007 0.017 
 52 TMA-ZAIN-G-    (0)    1 :  0.016 0.043 0.630 0.007 0.009 0.012 0.010 0.023 0.005 0.009 0.010 0.003 0.017 0.006 0.200 
 53 TMA-ZAIN-G-    (0)    1 :  0.004 0.103 0.277 0.025 0.022 0.015 0.008 0.060 0.345 0.008 0.016 0.007 0.025 0.012 0.073 
 54 TMA-ZAIN-G-    (0)    1 :  0.007 0.905 0.009 0.004 0.008 0.011 0.005 0.011 0.003 0.004 0.010 0.003 0.008 0.007 0.004 
 55 TMA-ZAIN-G-    (0)    1 :  0.009 0.835 0.023 0.004 0.009 0.015 0.005 0.022 0.003 0.007 0.041 0.003 0.013 0.008 0.003 
 56 TMA-ZAIN-G-    (0)    1 :  0.011 0.049 0.040 0.020 0.028 0.065 0.033 0.021 0.009 0.009 0.209 0.020 0.085 0.004 0.397 
 57 TMA-ZAIN-G-    (0)    1 :  0.042 0.834 0.020 0.011 0.010 0.007 0.017 0.006 0.010 0.004 0.005 0.006 0.009 0.007 0.012 
 58 TMA-ZAIN-G-    (0)    1 :  0.016 0.040 0.527 0.003 0.007 0.041 0.027 0.009 0.015 0.132 0.017 0.007 0.010 0.134 0.013 
 59 TMA-ZAIN-G-    (0)    1 :  0.018 0.017 0.020 0.014 0.064 0.061 0.048 0.010 0.511 0.024 0.028 0.013 0.107 0.030 0.036 
 60 TMA-ZAIN-G-    (0)    1 :  0.006 0.016 0.299 0.005 0.017 0.023 0.016 0.132 0.285 0.009 0.015 0.007 0.014 0.119 0.037 
 61 TMA-ZAIN-G-    (0)    1 :  0.004 0.014 0.009 0.003 0.004 0.004 0.006 0.004 0.882 0.017 0.003 0.003 0.004 0.013 0.030 
 62 TMA-ZAIN-G-    (9)    1 :  0.024 0.010 0.022 0.012 0.036 0.007 0.021 0.005 0.794 0.013 0.019 0.006 0.019 0.009 0.003 
 63 TMA-ZAIN-G-    (0)    1 :  0.014 0.017 0.022 0.003 0.010 0.012 0.008 0.015 0.629 0.010 0.011 0.003 0.007 0.223 0.016 
 64 TMA-ZAIN-G-    (0)    1 :  0.004 0.003 0.003 0.009 0.008 0.004 0.005 0.005 0.002 0.002 0.005 0.936 0.007 0.002 0.004 
 65 TMA-ZAIN-G-    (9)    1 :  0.018 0.008 0.004 0.006 0.009 0.009 0.069 0.007 0.003 0.003 0.007 0.842 0.008 0.004 0.005 
 66 TMA-ZAIN-G-    (0)    1 :  0.011 0.004 0.003 0.016 0.028 0.006 0.015 0.005 0.003 0.003 0.009 0.862 0.026 0.003 0.005 
 67 TMA-ZAIN-G-    (0)    1 :  0.020 0.005 0.012 0.090 0.084 0.007 0.017 0.003 0.004 0.012 0.012 0.694 0.034 0.003 0.004 
 68 TMA-ZAIN-G-    (0)    1 :  0.005 0.005 0.003 0.005 0.005 0.009 0.005 0.006 0.002 0.003 0.005 0.936 0.005 0.003 0.004 
 69 TMA-ZAIN-G-    (0)    1 :  0.032 0.008 0.014 0.037 0.057 0.007 0.027 0.016 0.010 0.024 0.005 0.693 0.020 0.030 0.021 
 70 TMA-ZAIN-G-    (0)    1 :  0.009 0.003 0.004 0.823 0.027 0.004 0.007 0.005 0.003 0.004 0.007 0.012 0.084 0.003 0.004 
 71 TMA-ZAIN-G-    (0)    1 :  0.011 0.003 0.004 0.898 0.035 0.004 0.008 0.003 0.003 0.003 0.007 0.004 0.009 0.003 0.004 
 72 TMA-ZAIN-G-    (0)    1 :  0.006 0.007 0.005 0.906 0.012 0.006 0.008 0.006 0.003 0.003 0.009 0.011 0.010 0.004 0.004 
 73 TMA-ZAIN-G-    (0)    1 :  0.009 0.015 0.018 0.847 0.008 0.005 0.013 0.003 0.020 0.024 0.005 0.006 0.007 0.016 0.004 
 74 TMA-ZAIN-G-    (0)    1 :  0.010 0.005 0.005 0.918 0.009 0.005 0.011 0.003 0.005 0.005 0.005 0.005 0.007 0.004 0.003 
 75 TMA-ZAIN-G-    (0)    1 :  0.008 0.007 0.005 0.917 0.012 0.006 0.009 0.004 0.004 0.003 0.005 0.005 0.006 0.005 0.005 
 76 TMA-ZAIN-G-    (0)    1 :  0.008 0.003 0.006 0.880 0.045 0.004 0.006 0.003 0.005 0.014 0.005 0.005 0.009 0.003 0.003 
 77 TMA-ZAIN-G-    (0)    1 :  0.004 0.004 0.005 0.923 0.008 0.005 0.005 0.006 0.003 0.004 0.007 0.005 0.012 0.003 0.008 
 78 TMA-ZAIN-G-    (0)    1 :  0.007 0.007 0.008 0.887 0.020 0.006 0.007 0.005 0.005 0.010 0.005 0.004 0.015 0.006 0.010 
 79 TMA-ZAIN-G-    (0)    1 :  0.005 0.004 0.006 0.874 0.011 0.005 0.005 0.006 0.004 0.007 0.006 0.003 0.036 0.004 0.022 
 80 TMA-ZAIN-G-    (0)    1 :  0.083 0.011 0.004 0.705 0.054 0.010 0.020 0.004 0.003 0.004 0.016 0.021 0.056 0.003 0.006 
 81 TMA-ZAIN-G-    (0)    1 :  0.012 0.006 0.008 0.775 0.074 0.009 0.015 0.008 0.004 0.006 0.010 0.005 0.033 0.004 0.032 
 82 TMA-ZAIN-G-    (0)    1 :  0.028 0.014 0.005 0.037 0.641 0.015 0.114 0.007 0.004 0.003 0.007 0.094 0.018 0.006 0.008 
 83 TMA-ZAIN-G-    (9)    1 :  0.126 0.010 0.012 0.009 0.040 0.012 0.661 0.004 0.020 0.020 0.008 0.019 0.022 0.031 0.005 
 84 TMA-ZAIN-G-    (0)    1 :  0.015 0.004 0.007 0.825 0.053 0.007 0.010 0.006 0.004 0.013 0.011 0.005 0.026 0.003 0.011 
 85 TMA-ZAIN-G-    (0)    1 :  0.003 0.003 0.004 0.003 0.004 0.004 0.004 0.003 0.004 0.003 0.003 0.003 0.004 0.004 0.949 
 86 TMA-ZAIN-G-    (0)    1 :  0.010 0.005 0.004 0.005 0.011 0.009 0.011 0.003 0.004 0.006 0.009 0.006 0.011 0.003 0.904 
 87 TMA-ZAIN-G-    (0)    1 :  0.003 0.003 0.004 0.003 0.004 0.004 0.004 0.003 0.004 0.005 0.003 0.003 0.004 0.005 0.949 
 88 TMA-ZAIN-G-    (0)    1 :  0.089 0.087 0.010 0.020 0.078 0.010 0.075 0.016 0.175 0.010 0.009 0.031 0.044 0.020 0.326 
 89 TMA-ZAIN-G-    (0)    1 :  0.030 0.398 0.006 0.037 0.038 0.008 0.024 0.040 0.044 0.029 0.012 0.024 0.044 0.011 0.254 
 90 TMA-ZAIN-G-    (0)    1 :  0.021 0.035 0.007 0.004 0.015 0.005 0.028 0.004 0.004 0.004 0.004 0.010 0.006 0.032 0.820 
 91 TMA-ZAIN-G-    (0)    1 :  0.007 0.048 0.013 0.008 0.015 0.015 0.014 0.014 0.095 0.006 0.007 0.011 0.012 0.007 0.729 
 92 TMA-ZAIN-G-    (0)    1 :  0.004 0.339 0.039 0.010 0.015 0.007 0.009 0.013 0.007 0.040 0.011 0.006 0.012 0.014 0.473 
 93 TMA-ZAIN-G-    (0)    1 :  0.004 0.577 0.069 0.007 0.009 0.007 0.015 0.026 0.074 0.016 0.007 0.008 0.009 0.008 0.163 
 94 TMA-ZAIN-G-    (0)    1 :  0.003 0.059 0.014 0.005 0.005 0.005 0.006 0.007 0.151 0.008 0.003 0.005 0.005 0.021 0.704 
 95 TMA-ZAIN-G-    (0)    1 :  0.008 0.005 0.765 0.019 0.006 0.005 0.071 0.021 0.005 0.006 0.031 0.015 0.011 0.028 0.006 
 96 TMA-ZAIN-G-    (0)    1 :  0.013 0.006 0.705 0.003 0.005 0.008 0.069 0.017 0.005 0.005 0.140 0.005 0.005 0.005 0.010 
 97 TMA-ZAIN-G-    (0)    1 :  0.004 0.017 0.017 0.026 0.007 0.010 0.004 0.007 0.693 0.007 0.004 0.006 0.006 0.184 0.007 
 98 TMA-ZAIN-G-    (0)    1 :  0.003 0.011 0.004 0.034 0.006 0.013 0.004 0.005 0.691 0.004 0.003 0.004 0.005 0.207 0.006 
 99 TMA-ZAIN-G-    (0)    1 :  0.014 0.004 0.005 0.012 0.028 0.021 0.038 0.006 0.605 0.009 0.020 0.008 0.184 0.042 0.004 
100 TMA-ZAIN-G-    (0)    1 :  0.003 0.018 0.017 0.005 0.006 0.004 0.004 0.006 0.877 0.012 0.003 0.005 0.004 0.010 0.026 
101 TMA-ZAIN-G-    (0)    1 :  0.007 0.009 0.016 0.006 0.019 0.007 0.004 0.007 0.774 0.005 0.005 0.005 0.061 0.070 0.003 
102 TMA-ZAIN-G-    (0)    1 :  0.014 0.005 0.020 0.012 0.009 0.008 0.007 0.011 0.010 0.071 0.023 0.009 0.014 0.744 0.043 
103 TMA-ZAIN-G-    (0)    1 :  0.009 0.004 0.014 0.007 0.009 0.008 0.008 0.005 0.010 0.013 0.008 0.005 0.009 0.862 0.027 
104 TMA-ZAIN-G-    (0)    1 :  0.003 0.004 0.005 0.003 0.003 0.004 0.003 0.003 0.006 0.006 0.003 0.002 0.003 0.951 0.003 
105 TMA-ZAIN-G-    (0)    1 :  0.011 0.004 0.011 0.007 0.010 0.010 0.009 0.004 0.008 0.006 0.007 0.005 0.010 0.856 0.041 
106 TMA-ZAIN-G-    (0)    1 :  0.058 0.006 0.004 0.078 0.025 0.036 0.033 0.088 0.003 0.003 0.409 0.049 0.196 0.004 0.007 
107 TMA-ZAIN-G-    (0)    1 :  0.276 0.007 0.005 0.090 0.059 0.022 0.031 0.011 0.004 0.003 0.016 0.014 0.450 0.005 0.007 
108 TMA-ZAIN-G-    (9)    1 :  0.020 0.013 0.026 0.013 0.031 0.009 0.547 0.023 0.163 0.037 0.023 0.006 0.014 0.024 0.052 
109 TMA-ZAIN-G-    (0)    1 :  0.143 0.052 0.024 0.008 0.021 0.075 0.079 0.026 0.274 0.005 0.074 0.110 0.069 0.029 0.013 
110 TMA-ZAIN-G-    (0)    1 :  0.071 0.015 0.090 0.018 0.090 0.056 0.085 0.017 0.060 0.127 0.069 0.008 0.230 0.045 0.021 
111 TMA-ZAIN-G-    (9)    1 :  0.154 0.021 0.076 0.037 0.089 0.008 0.059 0.004 0.195 0.120 0.011 0.012 0.018 0.189 0.007 
112 TMA-ZAIN-G-    (0)    1 :  0.056 0.017 0.053 0.015 0.089 0.049 0.043 0.036 0.088 0.031 0.162 0.023 0.072 0.251 0.012 
113 TMA-ZAIN-G-    (0)    1 :  0.010 0.018 0.004 0.015 0.014 0.007 0.008 0.005 0.867 0.009 0.004 0.008 0.009 0.015 0.006 
114 TMA-ZAIN-G-    (0)    1 :  0.003 0.004 0.004 0.003 0.003 0.003 0.003 0.002 0.947 0.009 0.002 0.002 0.003 0.006 0.006 
115 TMA-ZAIN-G-    (0)    1 :  0.005 0.004 0.004 0.004 0.003 0.003 0.004 0.004 0.945 0.005 0.003 0.003 0.003 0.008 0.003 
116 TMA-ZAIN-G-    (0)    1 :  0.286 0.010 0.004 0.010 0.030 0.014 0.598 0.005 0.004 0.003 0.006 0.009 0.009 0.007 0.006 
117 TMA-ZAIN-G-    (0)    1 :  0.023 0.025 0.009 0.045 0.043 0.077 0.523 0.043 0.005 0.003 0.026 0.113 0.036 0.007 0.021 
118 TMA-ZAIN-G-    (0)    1 :  0.391 0.009 0.006 0.011 0.018 0.012 0.464 0.019 0.005 0.003 0.014 0.021 0.014 0.007 0.006 
119 TMA-ZAIN-G-    (0)    1 :  0.257 0.008 0.017 0.034 0.038 0.011 0.547 0.005 0.015 0.012 0.005 0.020 0.009 0.016 0.004 
120 TMA-ZAIN-G-    (0)    1 :  0.232 0.011 0.010 0.017 0.027 0.018 0.559 0.046 0.005 0.003 0.011 0.016 0.024 0.011 0.011 
121 TMA-ZAIN-G-    (0)    1 :  0.046 0.008 0.004 0.009 0.019 0.021 0.803 0.008 0.004 0.003 0.012 0.036 0.015 0.006 0.007 
122 TMA-ZAIN-G-    (0)    1 :  0.021 0.006 0.006 0.012 0.016 0.045 0.772 0.007 0.004 0.005 0.012 0.011 0.037 0.004 0.042 
123 TMA-ZAIN-G-    (0)    1 :  0.005 0.006 0.011 0.005 0.006 0.006 0.006 0.013 0.889 0.007 0.005 0.004 0.005 0.020 0.011 
124 TMA-ZAIN-G-    (0)    1 :  0.006 0.003 0.004 0.004 0.005 0.919 0.007 0.006 0.004 0.003 0.015 0.003 0.009 0.005 0.007 
125 TMA-ZAIN-G-    (0)    1 :  0.005 0.027 0.003 0.005 0.005 0.895 0.004 0.009 0.002 0.002 0.018 0.011 0.006 0.003 0.005 
126 TMA-ZAIN-G-    (0)    1 :  0.011 0.006 0.003 0.004 0.007 0.907 0.005 0.016 0.003 0.003 0.012 0.004 0.010 0.004 0.006 
127 TMA-ZAIN-G-    (0)    1 :  0.011 0.003 0.003 0.004 0.009 0.890 0.006 0.007 0.003 0.003 0.036 0.005 0.014 0.003 0.005 
128 TMA-ZAIN-G-    (0)    1 :  0.007 0.005 0.004 0.005 0.008 0.891 0.020 0.005 0.003 0.003 0.018 0.012 0.010 0.004 0.005 
129 TMA-ZAIN-G-    (0)    1 :  0.006 0.004 0.004 0.004 0.005 0.917 0.008 0.009 0.004 0.003 0.011 0.004 0.011 0.005 0.006 
130 TMA-ZAIN-G-    (0)    1 :  0.008 0.014 0.004 0.004 0.005 0.910 0.006 0.016 0.004 0.002 0.006 0.005 0.006 0.005 0.005 
131 TMA-ZAIN-G-    (0)    1 :  0.006 0.004 0.005 0.004 0.006 0.911 0.006 0.007 0.003 0.003 0.022 0.003 0.008 0.004 0.007 
132 TMA-ZAIN-G-    (0)    1 :  0.008 0.013 0.003 0.007 0.010 0.875 0.020 0.008 0.003 0.002 0.017 0.014 0.011 0.004 0.004 
133 TMA-ZAIN-G-    (0)    1 :  0.028 0.025 0.018 0.059 0.012 0.040 0.015 0.117 0.003 0.012 0.235 0.086 0.302 0.003 0.044 
134 TMA-ZAIN-G-    (0)    1 :  0.083 0.024 0.006 0.045 0.005 0.200 0.008 0.205 0.003 0.007 0.025 0.041 0.311 0.003 0.033 
135 TMA-ZAIN-G-    (0)    1 :  0.161 0.006 0.003 0.022 0.010 0.019 0.010 0.008 0.004 0.004 0.013 0.013 0.706 0.003 0.015 
136 TMA-ZAIN-G-    (0)    1 :  0.037 0.015 0.005 0.021 0.024 0.019 0.038 0.006 0.005 0.004 0.020 0.384 0.412 0.003 0.005 
137 TMA-ZAIN-G-    (0)    1 :  0.746 0.006 0.006 0.022 0.010 0.016 0.011 0.006 0.006 0.008 0.008 0.005 0.126 0.004 0.022 
138 TMA-ZAIN-G-    (0)    1 :  0.156 0.012 0.003 0.012 0.031 0.168 0.020 0.019 0.004 0.002 0.027 0.009 0.530 0.004 0.003 
139 TMA-ZAIN-G-    (0)    1 :  0.267 0.054 0.004 0.038 0.013 0.106 0.038 0.014 0.005 0.004 0.014 0.011 0.418 0.003 0.008 
140 TMA-ZAIN-G-    (0)    1 :  0.137 0.004 0.006 0.015 0.267 0.017 0.035 0.007 0.004 0.004 0.034 0.009 0.453 0.004 0.005 
141 TMA-ZAIN-G-    (0)    1 :  0.058 0.006 0.005 0.042 0.257 0.045 0.029 0.025 0.006 0.003 0.023 0.007 0.476 0.007 0.013 
142 TMA-ZAIN-G-    (9)    1 :  0.149 0.004 0.004 0.013 0.547 0.012 0.034 0.006 0.003 0.003 0.017 0.009 0.188 0.004 0.006 
143 TMA-ZAIN-G-    (0)    1 :  0.105 0.005 0.005 0.014 0.065 0.077 0.133 0.009 0.004 0.003 0.038 0.012 0.521 0.004 0.006 
144 TMA-ZAIN-G-    (0)    1 :  0.207 0.020 0.015 0.008 0.074 0.055 0.040 0.009 0.004 0.007 0.078 0.007 0.460 0.004 0.011 
145 TMA-ZAIN-G-    (0)    1 :  0.354 0.013 0.004 0.044 0.112 0.053 0.038 0.006 0.003 0.002 0.018 0.284 0.060 0.003 0.006 
146 TMA-ZAIN-G-    (0)    1 :  0.008 0.003 0.003 0.025 0.446 0.005 0.007 0.004 0.003 0.003 0.005 0.005 0.475 0.003 0.004 
147 TMA-ZAIN-G-    (9)    1 :  0.009 0.004 0.003 0.011 0.231 0.006 0.010 0.005 0.003 0.003 0.007 0.009 0.693 0.003 0.004 
148 TMA-ZAIN-G-    (0)    1 :  0.006 0.014 0.003 0.013 0.182 0.020 0.005 0.034 0.003 0.003 0.019 0.004 0.685 0.003 0.005 
149 TMA-ZAIN-G-    (0)    1 :  0.008 0.026 0.007 0.009 0.028 0.024 0.013 0.013 0.013 0.011 0.014 0.005 0.789 0.021 0.020 
150 TMA-ZAIN-G-    (0)    1 :  0.020 0.039 0.007 0.014 0.027 0.008 0.048 0.009 0.009 0.009 0.008 0.061 0.685 0.045 0.010 
151 TMA-ZAIN-G-    (0)    1 :  0.776 0.004 0.004 0.005 0.021 0.006 0.024 0.017 0.003 0.002 0.119 0.007 0.005 0.003 0.003 
152 TMA-ZAIN-G-    (0)    1 :  0.834 0.004 0.003 0.004 0.040 0.006 0.054 0.015 0.004 0.002 0.013 0.006 0.006 0.004 0.003 
153 TMA-ZAIN-G-    (0)    1 :  0.644 0.014 0.003 0.013 0.039 0.034 0.024 0.027 0.003 0.003 0.059 0.014 0.116 0.004 0.004 
154 TMA-ZAIN-G-    (0)    1 :  0.915 0.004 0.003 0.004 0.024 0.008 0.010 0.005 0.003 0.002 0.006 0.004 0.006 0.003 0.004 
155 TMA-ZAIN-G-    (0)    1 :  0.881 0.003 0.004 0.007 0.011 0.010 0.008 0.007 0.004 0.003 0.009 0.006 0.038 0.005 0.006 
156 TMA-ZAIN-G-    (9)    1 :  0.730 0.010 0.004 0.004 0.053 0.033 0.015 0.072 0.005 0.003 0.043 0.003 0.016 0.005 0.003 
157 TMA-ZAIN-G-    (0)    1 :  0.555 0.006 0.004 0.008 0.057 0.018 0.010 0.128 0.004 0.003 0.068 0.006 0.124 0.005 0.005 
158 TMA-ZAIN-G-    (0)    1 :  0.361 0.004 0.006 0.016 0.531 0.007 0.014 0.004 0.003 0.003 0.012 0.006 0.026 0.004 0.003 
159 TMA-ZAIN-G-    (0)    1 :  0.451 0.005 0.004 0.140 0.186 0.014 0.015 0.004 0.004 0.002 0.008 0.015 0.142 0.004 0.004 
160 TMA-ZAIN-G-    (0)    1 :  0.614 0.009 0.003 0.123 0.122 0.009 0.034 0.005 0.005 0.003 0.005 0.024 0.036 0.006 0.004 
161 TMA-ZAIN-G-    (0)    1 :  0.295 0.018 0.005 0.014 0.052 0.110 0.022 0.016 0.003 0.003 0.055 0.007 0.391 0.003 0.006 
162 TMA-ZAIN-G-    (0)    1 :  0.884 0.011 0.006 0.006 0.006 0.005 0.006 0.003 0.013 0.010 0.007 0.005 0.009 0.018 0.011 
163 TMA-ZAIN-G-    (0)    1 :  0.931 0.003 0.002 0.005 0.012 0.005 0.008 0.003 0.003 0.002 0.005 0.004 0.011 0.003 0.003 
164 TMA-ZAIN-G-    (0)    1 :  0.653 0.009 0.005 0.008 0.144 0.012 0.083 0.005 0.005 0.005 0.007 0.009 0.037 0.006 0.013 
165 TMA-ZAIN-G-    (0)    1 :  0.762 0.003 0.003 0.009 0.070 0.009 0.053 0.004 0.004 0.003 0.007 0.007 0.060 0.004 0.003 
166 TMA-ZAIN-G-    (0)    1 :  0.381 0.009 0.003 0.023 0.354 0.053 0.030 0.005 0.003 0.002 0.022 0.010 0.095 0.003 0.006 
167 TMA-ZAIN-G-    (0)    1 :  0.016 0.005 0.006 0.060 0.449 0.011 0.021 0.008 0.005 0.004 0.018 0.005 0.380 0.006 0.008 
168 TMA-ZAIN-G-    (0)    1 :  0.006 0.006 0.005 0.052 0.840 0.007 0.011 0.020 0.005 0.003 0.006 0.010 0.019 0.005 0.006 
169 TMA-ZAIN-G-    (0)    1 :  0.010 0.004 0.003 0.033 0.860 0.006 0.009 0.005 0.003 0.002 0.004 0.032 0.020 0.003 0.004 
170 TMA-ZAIN-G-    (0)    1 :  0.041 0.004 0.027 0.032 0.478 0.045 0.032 0.074 0.034 0.014 0.087 0.019 0.094 0.014 0.006 
171 TMA-ZAIN-G-    (0)    1 :  0.008 0.004 0.003 0.050 0.862 0.005 0.007 0.004 0.003 0.003 0.004 0.011 0.030 0.003 0.004 
172 TMA-ZAIN-G-    (0)    1 :  0.016 0.003 0.006 0.011 0.452 0.038 0.006 0.018 0.003 0.004 0.337 0.005 0.090 0.003 0.006 
173 TMA-ZAIN-G-    (0)    1 :  0.013 0.005 0.007 0.017 0.195 0.042 0.009 0.021 0.003 0.003 0.583 0.006 0.083 0.004 0.008 
174 TMA-ZAIN-G-    (0)    1 :  0.046 0.006 0.003 0.024 0.157 0.483 0.056 0.004 0.003 0.002 0.088 0.033 0.086 0.003 0.005 
175 TMA-ZAIN-G-    (0)    1 :  0.008 0.003 0.003 0.120 0.750 0.006 0.009 0.005 0.003 0.003 0.005 0.007 0.070 0.004 0.005 
176 TMA-ZAIN-G-    (0)    1 :  0.009 0.003 0.003 0.034 0.785 0.006 0.006 0.004 0.003 0.003 0.006 0.005 0.124 0.003 0.005 
177 TMA-ZAIN-G-    (0)    1 :  0.008 0.003 0.003 0.010 0.896 0.005 0.006 0.010 0.003 0.003 0.010 0.004 0.033 0.003 0.004 
178 TMA-ZAIN-G-    (0)    1 :  0.013 0.004 0.006 0.016 0.500 0.010 0.016 0.045 0.006 0.004 0.258 0.004 0.110 0.004 0.005 
179 TMA-ZAIN-G-    (0)    1 :  0.013 0.004 0.004 0.008 0.848 0.009 0.010 0.013 0.003 0.003 0.028 0.006 0.045 0.003 0.006 
180 TMA-ZAIN-G-    (0)    1 :  0.017 0.010 0.007 0.005 0.027 0.389 0.086 0.028 0.004 0.007 0.182 0.096 0.111 0.004 0.026 
181 TMA-ZAIN-G-    (0)    1 :  0.054 0.005 0.004 0.011 0.008 0.019 0.013 0.117 0.005 0.003 0.724 0.005 0.024 0.004 0.004 
182 TMA-ZAIN-G-    (0)    1 :  0.034 0.005 0.005 0.005 0.018 0.386 0.018 0.202 0.007 0.003 0.248 0.003 0.055 0.006 0.006 
183 TMA-ZAIN-G-    (0)    1 :  0.012 0.004 0.004 0.006 0.009 0.010 0.048 0.095 0.004 0.003 0.777 0.004 0.014 0.004 0.005 
184 TMA-ZAIN-G-    (0)    1 :  0.041 0.018 0.009 0.013 0.015 0.018 0.024 0.031 0.022 0.011 0.678 0.008 0.065 0.026 0.021 
185 TMA-ZAIN-G-    (0)    1 :  0.011 0.021 0.013 0.006 0.008 0.029 0.010 0.004 0.012 0.014 0.799 0.006 0.040 0.013 0.014 
186 TMA-ZAIN-G-    (9)    1 :  0.014 0.006 0.008 0.010 0.017 0.048 0.008 0.005 0.004 0.004 0.838 0.006 0.023 0.004 0.006 
187 TMA-ZAIN-G-    (0)    1 :  0.047 0.003 0.004 0.042 0.008 0.015 0.006 0.018 0.004 0.003 0.786 0.016 0.038 0.004 0.005 
188 TMA-ZAIN-G-    (0)    1 :  0.025 0.004 0.004 0.048 0.004 0.016 0.029 0.006 0.003 0.002 0.808 0.027 0.017 0.003 0.003 
189 TMA-ZAIN-G-    (0)    1 :  0.007 0.002 0.003 0.004 0.005 0.015 0.006 0.007 0.002 0.003 0.924 0.007 0.008 0.003 0.004 
190 TMA-ZAIN-G-    (0)    1 :  0.006 0.005 0.005 0.026 0.044 0.008 0.032 0.019 0.003 0.003 0.810 0.015 0.016 0.003 0.004 
191 TMA-ZAIN-G-    (0)    1 :  0.007 0.008 0.007 0.008 0.008 0.008 0.008 0.004 0.010 0.014 0.876 0.005 0.011 0.011 0.015 
192 TMA-ZAIN-G-    (0)    1 :  0.011 0.006 0.007 0.016 0.006 0.015 0.006 0.016 0.005 0.013 0.847 0.004 0.023 0.003 0.022 
193 TMA-ZAIN-G-    (0)    1 :  0.003 0.004 0.003 0.003 0.003 0.004 0.003 0.953 0.002 0.002 0.005 0.003 0.003 0.003 0.003 
194 TMA-ZAIN-G-    (0)    1 :  0.004 0.017 0.016 0.007 0.009 0.033 0.007 0.768 0.003 0.007 0.096 0.014 0.012 0.003 0.005 
195 TMA-ZAIN-G-    (0)    1 :  0.004 0.006 0.008 0.024 0.029 0.040 0.013 0.713 0.003 0.003 0.091 0.032 0.027 0.003 0.004 
196 TMA-ZAIN-G-    (0)    1 :  0.008 0.008 0.005 0.005 0.006 0.011 0.012 0.885 0.003 0.003 0.020 0.018 0.010 0.003 0.004 
197 TMA-ZAIN-G-    (0)    1 :  0.008 0.005 0.003 0.011 0.010 0.013 0.009 0.892 0.003 0.003 0.011 0.012 0.010 0.003 0.009 
198 TMA-ZAIN-G-    (0)    1 :  0.011 0.004 0.003 0.009 0.013 0.007 0.008 0.894 0.003 0.003 0.018 0.007 0.011 0.003 0.004 
199 TMA-ZAIN-G-    (0)    1 :  0.014 0.007 0.006 0.008 0.010 0.035 0.009 0.007 0.003 0.004 0.859 0.004 0.026 0.004 0.005 
200 TMA-ZAIN-G-    (0)    1 :  0.002 0.003 0.049 0.003 0.004 0.003 0.004 0.054 0.015 0.832 0.006 0.003 0.003 0.012 0.006 
201 TMA-ZAIN-G-    (0)    1 :  0.004 0.004 0.015 0.004 0.005 0.003 0.005 0.003 0.005 0.925 0.003 0.005 0.004 0.010 0.006 
202 TMA-ZAIN-G-    (0)    1 :  0.005 0.002 0.017 0.003 0.007 0.005 0.006 0.040 0.019 0.862 0.013 0.003 0.005 0.008 0.004 
203 TMA-ZAIN-G-    (0)    1 :  0.023 0.005 0.004 0.008 0.013 0.055 0.030 0.768 0.019 0.003 0.025 0.004 0.029 0.010 0.005 
204 TMA-ZAIN-G-    (9)    1 :  0.004 0.025 0.016 0.020 0.016 0.008 0.008 0.006 0.006 0.788 0.009 0.011 0.014 0.005 0.063 
205 TMA-ZAIN-G-    (0)    1 :  0.080 0.013 0.022 0.011 0.013 0.012 0.022 0.008 0.007 0.734 0.007 0.006 0.037 0.007 0.021 
206 TMA-ZAIN-G-    (9)    1 :  0.006 0.013 0.027 0.008 0.023 0.008 0.017 0.061 0.019 0.620 0.022 0.010 0.014 0.011 0.143 
207 TMA-ZAIN-G-    (9)    1 :  0.198 0.068 0.031 0.019 0.044 0.018 0.277 0.009 0.010 0.009 0.024 0.070 0.149 0.008 0.066 
208 TMA-ZAIN-G-    (0)    1 :  0.060 0.006 0.005 0.019 0.210 0.007 0.071 0.004 0.003 0.003 0.029 0.058 0.521 0.003 0.002 
209 TMA-ZAIN-G-    (0)    1 :  0.051 0.056 0.004 0.052 0.137 0.141 0.007 0.215 0.003 0.003 0.037 0.013 0.271 0.003 0.007 
210 TMA-ZAIN-G-    (0)    1 :  0.067 0.016 0.006 0.064 0.051 0.061 0.020 0.346 0.004 0.003 0.100 0.087 0.159 0.005 0.013 
211 TMA-ZAIN-G-    (0)    1 :  0.026 0.012 0.023 0.053 0.039 0.320 0.043 0.068 0.012 0.019 0.122 0.023 0.222 0.009 0.009 
212 TMA-ZAIN-G-    (0)    1 :  0.049 0.006 0.005 0.005 0.227 0.050 0.100 0.023 0.004 0.005 0.349 0.015 0.139 0.003 0.018 
213 TMA-ZAIN-G-    (0)    1 :  0.076 0.006 0.005 0.012 0.029 0.022 0.005 0.020 0.003 0.004 0.065 0.005 0.741 0.004 0.004 
214 TMA-ZAIN-G-    (0)    1 :  0.099 0.008 0.005 0.038 0.039 0.118 0.005 0.018 0.003 0.003 0.064 0.034 0.558 0.003 0.005 
215 TMA-ZAIN-G-    (0)    1 :  0.028 0.002 0.184 0.061 0.166 0.012 0.026 0.004 0.004 0.012 0.315 0.005 0.174 0.003 0.003 
216 TMA-ZAIN-G-    (0)    1 :  0.024 0.014 0.007 0.013 0.115 0.146 0.006 0.017 0.003 0.005 0.409 0.007 0.225 0.003 0.005 
217 TMA-ZAIN-G-    (0)    1 :  0.028 0.006 0.003 0.048 0.036 0.104 0.005 0.042 0.003 0.003 0.023 0.065 0.626 0.003 0.006 
218 TMA-ZAIN-G-    (0)    1 :  0.005 0.005 0.907 0.004 0.014 0.013 0.005 0.004 0.005 0.005 0.007 0.012 0.004 0.007 0.005 
219 TMA-ZAIN-G-    (0)    1 :  0.004 0.008 0.912 0.004 0.004 0.009 0.004 0.004 0.005 0.010 0.005 0.003 0.004 0.005 0.018 
220 TMA-ZAIN-G-    (0)    1 :  0.013 0.005 0.635 0.005 0.010 0.005 0.207 0.005 0.006 0.004 0.008 0.008 0.006 0.074 0.008 
221 TMA-ZAIN-G-    (0)    1 :  0.010 0.004 0.862 0.006 0.013 0.018 0.008 0.005 0.005 0.018 0.020 0.005 0.010 0.004 0.011 
222 TMA-ZAIN-G-    (0)    1 :  0.014 0.014 0.773 0.007 0.021 0.017 0.014 0.006 0.006 0.010 0.007 0.014 0.008 0.063 0.027 
223 TMA-ZAIN-G-    (0)    1 :  0.004 0.004 0.926 0.004 0.004 0.004 0.006 0.003 0.007 0.009 0.003 0.004 0.004 0.005 0.013 
224 TMA-ZAIN-G-    (0)    1 :  0.005 0.008 0.677 0.005 0.005 0.038 0.004 0.008 0.013 0.022 0.017 0.005 0.007 0.037 0.148 
225 TMA-ZAIN-G-    (0)    1 :  0.003 0.004 0.916 0.003 0.005 0.004 0.004 0.014 0.009 0.008 0.006 0.003 0.004 0.012 0.006 
226 TMA-ZAIN-G-    (0)    1 :  0.007 0.004 0.864 0.008 0.010 0.005 0.008 0.021 0.024 0.009 0.010 0.005 0.007 0.007 0.010 
227 TMA-ZAIN-G-    (0)    1 :  0.009 0.004 0.852 0.008 0.014 0.005 0.008 0.024 0.014 0.021 0.014 0.004 0.010 0.008 0.006 
228 TMA-ZAIN-G-    (0)    1 :  0.010 0.005 0.783 0.033 0.029 0.006 0.013 0.007 0.034 0.018 0.009 0.009 0.017 0.007 0.020 
229 TMA-ZAIN-G-    (0)    1 :  0.003 0.007 0.829 0.003 0.007 0.003 0.003 0.003 0.024 0.063 0.003 0.013 0.003 0.027 0.010 
230 TMA-ZAIN-G-    (0)    1 :  0.004 0.013 0.278 0.041 0.051 0.066 0.008 0.012 0.048 0.010 0.026 0.019 0.023 0.046 0.353 
231 TMA-ZAIN-G-    (0)    1 :  0.020 0.009 0.053 0.035 0.030 0.013 0.011 0.010 0.011 0.387 0.010 0.008 0.020 0.313 0.070 
232 TMA-ZAIN-G-    (9)    1 :  0.012 0.009 0.048 0.007 0.018 0.044 0.009 0.006 0.055 0.552 0.019 0.034 0.009 0.156 0.023 
233 TMA-ZAIN-G-    (0)    1 :  0.008 0.011 0.763 0.030 0.018 0.019 0.007 0.008 0.005 0.026 0.008 0.048 0.015 0.006 0.027 
234 TMA-ZAIN-G-    (0)    1 :  0.008 0.029 0.535 0.005 0.013 0.004 0.009 0.017 0.030 0.058 0.006 0.007 0.005 0.267 0.007 
235 TMA-ZAIN-G-    (0)    1 :  0.008 0.009 0.365 0.066 0.011 0.004 0.010 0.020 0.339 0.025 0.080 0.005 0.007 0.014 0.038 
236 TMA-ZAIN-G-    (0)    1 :  0.011 0.004 0.615 0.013 0.012 0.007 0.015 0.033 0.096 0.062 0.011 0.008 0.017 0.016 0.079 
237 TMA-ZAIN-G-    (0)    1 :  0.013 0.005 0.262 0.155 0.047 0.022 0.021 0.009 0.140 0.012 0.014 0.014 0.065 0.065 0.155 
238 TMA-ZAIN-G-    (0)    1 :  0.026 0.003 0.724 0.027 0.011 0.014 0.027 0.007 0.051 0.035 0.012 0.004 0.038 0.013 0.008 
239 TMA-ZAIN-G-    (0)    1 :  0.003 0.040 0.005 0.003 0.004 0.007 0.045 0.076 0.005 0.722 0.030 0.020 0.009 0.003 0.028 
240 TMA-ZAIN-G-    (0)    1 :  0.002 0.006 0.004 0.005 0.004 0.003 0.003 0.004 0.004 0.942 0.003 0.003 0.004 0.004 0.009 
241 TMA-ZAIN-G-    (0)    1 :  0.006 0.005 0.004 0.012 0.012 0.003 0.005 0.005 0.004 0.920 0.005 0.004 0.008 0.003 0.005 
242 TMA-ZAIN-G-    (0)    1 :  0.007 0.004 0.004 0.006 0.008 0.003 0.006 0.003 0.004 0.933 0.005 0.005 0.007 0.003 0.003 
243 TMA-ZAIN-G-    (0)    1 :  0.007 0.005 0.004 0.013 0.014 0.004 0.007 0.004 0.003 0.907 0.006 0.008 0.011 0.002 0.005 
244 TMA-ZAIN-G-    (0)    1 :  0.015 0.003 0.004 0.014 0.016 0.003 0.010 0.003 0.005 0.892 0.008 0.008 0.014 0.003 0.003 
245 TMA-ZAIN-G-    (9)    1 :  0.003 0.003 0.004 0.003 0.004 0.003 0.003 0.003 0.004 0.954 0.004 0.002 0.003 0.004 0.003 
246 TMA-ZAIN-G-    (0)    1 :  0.003 0.003 0.004 0.003 0.003 0.003 0.003 0.002 0.003 0.956 0.003 0.003 0.003 0.003 0.004 
247 TMA-ZAIN-G-    (0)    1 :  0.004 0.004 0.004 0.003 0.005 0.003 0.005 0.002 0.002 0.946 0.005 0.005 0.005 0.002 0.004 
248 TMA-ZAIN-G-    (0)    1 :  0.006 0.004 0.007 0.006 0.008 0.003 0.007 0.010 0.006 0.918 0.008 0.004 0.006 0.003 0.004 
249 TMA-ZAIN-G-    (0)    1 :  0.003 0.003 0.005 0.003 0.004 0.003 0.004 0.007 0.004 0.944 0.006 0.003 0.004 0.003 0.005 
250 TMA-ZAIN-G-    (0)    1 :  0.003 0.003 0.005 0.003 0.003 0.003 0.005 0.004 0.002 0.945 0.006 0.006 0.004 0.002 0.004 
251 TMA-ZAIN-G-    (0)    1 :  0.004 0.934 0.004 0.003 0.004 0.006 0.005 0.005 0.005 0.003 0.004 0.004 0.003 0.006 0.009 
252 TMA-ZAIN-G-    (0)    1 :  0.008 0.844 0.004 0.022 0.043 0.005 0.017 0.004 0.003 0.003 0.006 0.018 0.015 0.004 0.004 
253 TMA-ZAIN-G-    (0)    1 :  0.011 0.930 0.003 0.004 0.006 0.005 0.007 0.004 0.003 0.004 0.004 0.005 0.004 0.007 0.004 
254 TMA-ZAIN-G-    (9)    1 :  0.028 0.844 0.005 0.008 0.019 0.013 0.031 0.005 0.005 0.003 0.007 0.009 0.007 0.011 0.006 
