

----------------------------------------------------
STRUCTURE by Pritchard, Stephens and Donnelly (2000)
     and Falush, Stephens and Pritchard (2003)
       Code by Pritchard, Falush and Hubisz
             Version 2.3.4 (Jul 2012)
----------------------------------------------------



Command line arguments:   bin\structure -m C:\Users\eschumacher\Documents\GitHub\GCC_QUAC_ZAIN\Data_Files\Structure_Files\ZAIN\ZAIN_rebinned_allpop_str\50-50\mainparams -e C:\Users\eschumacher\Documents\GitHub\GCC_QUAC_ZAIN\Data_Files\Structure_Files\ZAIN\ZAIN_rebinned_allpop_str\50-50\extraparams 
Input File:    C:\Users\eschumacher\Documents\GitHub\GCC_QUAC_ZAIN\Data_Files\Structure_Files\ZAIN\ZAIN_rebinned_allpop_str\project_data

Run parameters:
   1133 individuals
   11 loci
   14 populations assumed
   50000 Burn-in period
   50000 Reps


--------------------------------------------
Proportion of membership of each pre-defined
 population in each of the 14 clusters

Given    Inferred Clusters                                                                                    Number of
 Pop       1      2      3      4      5      6      7      8      9     10     11     12     13     14      Individuals

  1:     0.072  0.043  0.093  0.027  0.083  0.093  0.060  0.073  0.139  0.080  0.074  0.081  0.035  0.047      303
  2:     0.056  0.023  0.070  0.053  0.118  0.141  0.045  0.164  0.103  0.086  0.041  0.054  0.031  0.014       15
  3:     0.101  0.019  0.406  0.015  0.018  0.094  0.013  0.006  0.048  0.023  0.029  0.010  0.009  0.209        2
  4:     0.021  0.019  0.091  0.274  0.156  0.098  0.074  0.029  0.020  0.059  0.081  0.047  0.024  0.007        2
  5:     0.049  0.018  0.344  0.018  0.052  0.017  0.062  0.013  0.019  0.126  0.026  0.032  0.053  0.171        7
  6:     0.009  0.038  0.009  0.010  0.113  0.011  0.067  0.006  0.622  0.009  0.005  0.015  0.006  0.080       13
  7:     0.004  0.010  0.016  0.010  0.006  0.006  0.007  0.004  0.900  0.007  0.005  0.015  0.004  0.005       13
  8:     0.038  0.025  0.018  0.013  0.042  0.033  0.139  0.009  0.012  0.122  0.424  0.009  0.063  0.051        7
  9:     0.052  0.021  0.013  0.040  0.255  0.224  0.078  0.009  0.015  0.113  0.056  0.048  0.025  0.050       11
 10:     0.065  0.014  0.123  0.062  0.045  0.051  0.089  0.015  0.011  0.069  0.361  0.062  0.020  0.013        9
 11:     0.009  0.013  0.013  0.009  0.007  0.010  0.006  0.005  0.032  0.010  0.013  0.865  0.005  0.005       35
 12:     0.137  0.018  0.006  0.008  0.096  0.269  0.070  0.018  0.004  0.151  0.179  0.006  0.024  0.014       36
 13:     0.133  0.009  0.006  0.011  0.058  0.244  0.020  0.009  0.005  0.351  0.100  0.005  0.028  0.021       33
 14:     0.008  0.041  0.006  0.009  0.006  0.013  0.011  0.838  0.017  0.016  0.008  0.008  0.011  0.009       40
 15:     0.007  0.006  0.004  0.005  0.022  0.009  0.020  0.006  0.003  0.006  0.007  0.004  0.007  0.893       39
 16:     0.025  0.015  0.146  0.377  0.020  0.024  0.014  0.024  0.056  0.036  0.025  0.202  0.025  0.011       40
 17:     0.012  0.043  0.661  0.059  0.009  0.014  0.011  0.019  0.075  0.012  0.009  0.047  0.018  0.010       37
 18:     0.033  0.008  0.004  0.006  0.043  0.101  0.033  0.006  0.003  0.171  0.556  0.005  0.020  0.012       40
 19:     0.004  0.040  0.007  0.007  0.006  0.006  0.005  0.005  0.008  0.006  0.005  0.883  0.003  0.014       28
 20:     0.005  0.926  0.004  0.005  0.005  0.007  0.007  0.012  0.005  0.006  0.004  0.004  0.006  0.005       14
 21:     0.008  0.021  0.055  0.008  0.012  0.015  0.008  0.007  0.804  0.007  0.007  0.009  0.006  0.035       13
 22:     0.005  0.005  0.003  0.005  0.013  0.007  0.913  0.008  0.002  0.007  0.008  0.004  0.005  0.014       14
 23:     0.737  0.007  0.004  0.005  0.012  0.119  0.031  0.006  0.004  0.023  0.019  0.004  0.022  0.008       25
 24:     0.011  0.006  0.005  0.005  0.008  0.012  0.009  0.008  0.005  0.014  0.011  0.006  0.893  0.006       40
 25:     0.016  0.038  0.012  0.020  0.030  0.029  0.064  0.675  0.010  0.022  0.025  0.032  0.009  0.016       32
 26:     0.006  0.006  0.006  0.004  0.006  0.007  0.003  0.005  0.934  0.005  0.004  0.003  0.006  0.005       20
 27:     0.008  0.016  0.041  0.215  0.007  0.008  0.014  0.006  0.008  0.012  0.017  0.639  0.006  0.004        4
 28:     0.016  0.012  0.011  0.026  0.014  0.014  0.010  0.010  0.022  0.047  0.048  0.753  0.012  0.005       23
 29:     0.005  0.007  0.017  0.010  0.005  0.006  0.007  0.009  0.007  0.007  0.007  0.904  0.005  0.007       39
 30:     0.006  0.023  0.010  0.010  0.005  0.008  0.006  0.006  0.852  0.007  0.007  0.052  0.005  0.004       38
 31:     0.023  0.008  0.006  0.011  0.534  0.048  0.084  0.009  0.005  0.038  0.031  0.005  0.048  0.151       45
 32:     0.095  0.017  0.010  0.007  0.281  0.147  0.080  0.012  0.007  0.122  0.065  0.005  0.020  0.133       28
 33:     0.004  0.006  0.017  0.009  0.004  0.006  0.006  0.007  0.009  0.005  0.005  0.911  0.004  0.007        6
 34:     0.006  0.012  0.030  0.863  0.010  0.007  0.010  0.006  0.006  0.009  0.006  0.012  0.014  0.009       40
 35:     0.009  0.017  0.786  0.032  0.018  0.011  0.012  0.010  0.055  0.008  0.007  0.016  0.012  0.009       42
--------------------------------------------

Allele-freq. divergence among pops (Net nucleotide distance),
computed using point estimates of P.

      1       2       3       4       5       6       7       8       9      10      11      12      13      14      
 1      -    0.2113  0.2027  0.1932  0.1151  0.0602  0.1460  0.2450  0.3045  0.0785  0.1021  0.2699  0.1224  0.2506  
 2   0.2113     -    0.1467  0.1689  0.2032  0.1825  0.1804  0.2042  0.2349  0.2045  0.2721  0.2270  0.2825  0.2432  
 3   0.2027  0.1467     -    0.0920  0.1646  0.2045  0.1860  0.1703  0.1125  0.2057  0.2529  0.0987  0.2892  0.1971  
 4   0.1932  0.1689  0.0920     -    0.1283  0.1680  0.1290  0.1797  0.2129  0.1320  0.2054  0.1598  0.1778  0.2312  
 5   0.1151  0.2032  0.1646  0.1283     -    0.0722  0.0576  0.2243  0.2935  0.0902  0.0890  0.2695  0.1462  0.1421  
 6   0.0602  0.1825  0.2045  0.1680  0.0722     -    0.0976  0.2653  0.3008  0.0483  0.0666  0.2643  0.1451  0.2348  
 7   0.1460  0.1804  0.1860  0.1290  0.0576  0.0976     -    0.1844  0.3466  0.0903  0.1031  0.2475  0.1555  0.1713  
 8   0.2450  0.2042  0.1703  0.1797  0.2243  0.2653  0.1844     -    0.2795  0.2215  0.2913  0.1837  0.2275  0.2065  
 9   0.3045  0.2349  0.1125  0.2129  0.2935  0.3008  0.3466  0.2795     -    0.3166  0.3743  0.1588  0.3790  0.3709  
10   0.0785  0.2045  0.2057  0.1320  0.0902  0.0483  0.0903  0.2215  0.3166     -    0.0380  0.2295  0.1155  0.2644  
11   0.1021  0.2721  0.2529  0.2054  0.0890  0.0666  0.1031  0.2913  0.3743  0.0380     -    0.2729  0.1665  0.2977  
12   0.2699  0.2270  0.0987  0.1598  0.2695  0.2643  0.2475  0.1837  0.1588  0.2295  0.2729     -    0.3600  0.2911  
13   0.1224  0.2825  0.2892  0.1778  0.1462  0.1451  0.1555  0.2275  0.3790  0.1155  0.1665  0.3600     -    0.2883  
14   0.2506  0.2432  0.1971  0.2312  0.1421  0.2348  0.1713  0.2065  0.3709  0.2644  0.2977  0.2911  0.2883     -    

Average distances (expected heterozygosity) between individuals in same cluster:
cluster  1  : 0.3919 
cluster  2  : 0.2606 
cluster  3  : 0.5254 
cluster  4  : 0.4748 
cluster  5  : 0.4372 
cluster  6  : 0.3430 
cluster  7  : 0.3627 
cluster  8  : 0.3721 
cluster  9  : 0.4068 
cluster 10  : 0.3904 
cluster 11  : 0.3269 
cluster 12  : 0.4677 
cluster 13  : 0.3528 
cluster 14  : 0.2372 

--------------------------------------------
Estimated Ln Prob of Data   = -20808.6
Mean value of ln likelihood = -19932.9
Variance of ln likelihood   = 1751.5
Mean value of alpha         = 0.0347

Mean value of Fst_1         = 0.3771
Mean value of Fst_2         = 0.6084
Mean value of Fst_3         = 0.1729
Mean value of Fst_4         = 0.2866
Mean value of Fst_5         = 0.3094
Mean value of Fst_6         = 0.3589
Mean value of Fst_7         = 0.4992
Mean value of Fst_8         = 0.4551
Mean value of Fst_9         = 0.4457
Mean value of Fst_10         = 0.3550
Mean value of Fst_11         = 0.4377
Mean value of Fst_12         = 0.3896
Mean value of Fst_13         = 0.4301
Mean value of Fst_14         = 0.5905


Inferred ancestry of individuals:
        Label (%Miss) Pop:  Inferred clusters
  1 TMA-ZAIN-G-    (9)    1 :  0.006 0.008 0.055 0.021 0.051 0.007 0.012 0.010 0.008 0.081 0.007 0.667 0.006 0.061 
  2 TMA-ZAIN-G-    (0)    1 :  0.196 0.018 0.015 0.010 0.015 0.011 0.005 0.025 0.007 0.033 0.014 0.640 0.004 0.008 
  3 TMA-ZAIN-G-    (0)    1 :  0.013 0.009 0.004 0.013 0.037 0.026 0.088 0.008 0.003 0.644 0.067 0.005 0.062 0.022 
  4 TMA-ZAIN-G-    (0)    1 :  0.017 0.596 0.005 0.005 0.009 0.031 0.013 0.017 0.004 0.141 0.093 0.009 0.046 0.015 
  5 TMA-ZAIN-G-    (0)    1 :  0.002 0.005 0.003 0.006 0.002 0.003 0.003 0.006 0.005 0.003 0.003 0.954 0.003 0.002 
  6 TMA-ZAIN-G-    (0)    1 :  0.015 0.033 0.032 0.241 0.023 0.019 0.096 0.013 0.029 0.401 0.015 0.024 0.046 0.011 
  7 TMA-ZAIN-G-    (0)    1 :  0.023 0.077 0.010 0.013 0.030 0.424 0.207 0.011 0.005 0.123 0.028 0.009 0.008 0.032 
  8 TMA-ZAIN-G-    (0)    1 :  0.008 0.004 0.003 0.005 0.007 0.009 0.911 0.010 0.002 0.014 0.011 0.004 0.008 0.004 
  9 TMA-ZAIN-G-    (9)    1 :  0.093 0.008 0.006 0.030 0.141 0.286 0.024 0.005 0.004 0.290 0.073 0.007 0.025 0.008 
 10 TMA-ZAIN-G-    (0)    1 :  0.043 0.012 0.006 0.029 0.188 0.400 0.070 0.010 0.004 0.143 0.044 0.003 0.035 0.012 
 11 TMA-ZAIN-G-    (0)    1 :  0.011 0.010 0.005 0.006 0.089 0.816 0.010 0.005 0.004 0.020 0.007 0.004 0.004 0.008 
 12 TMA-ZAIN-G-    (0)    1 :  0.008 0.005 0.006 0.008 0.030 0.018 0.015 0.004 0.003 0.489 0.382 0.005 0.005 0.021 
 13 TMA-ZAIN-G-    (9)    1 :  0.189 0.015 0.029 0.015 0.156 0.222 0.041 0.019 0.069 0.020 0.059 0.038 0.017 0.111 
 14 TMA-ZAIN-G-    (9)    1 :  0.017 0.006 0.008 0.011 0.074 0.019 0.009 0.008 0.012 0.012 0.009 0.003 0.006 0.807 
 15 TMA-ZAIN-G-    (0)    1 :  0.005 0.003 0.006 0.006 0.118 0.005 0.009 0.007 0.002 0.101 0.007 0.003 0.008 0.719 
 16 TMA-ZAIN-G-    (0)    1 :  0.014 0.006 0.005 0.006 0.026 0.165 0.008 0.003 0.005 0.262 0.486 0.003 0.005 0.005 
 17 TMA-ZAIN-G-    (9)    1 :  0.005 0.102 0.017 0.016 0.672 0.006 0.095 0.019 0.009 0.019 0.008 0.009 0.006 0.016 
 18 TMA-ZAIN-G-    (0)    1 :  0.004 0.012 0.174 0.023 0.009 0.005 0.014 0.043 0.006 0.010 0.016 0.667 0.006 0.011 
 19 TMA-ZAIN-G-    (0)    1 :  0.009 0.039 0.589 0.120 0.023 0.025 0.077 0.004 0.031 0.021 0.029 0.014 0.006 0.013 
 20 TMA-ZAIN-G-    (0)    1 :  0.005 0.006 0.832 0.009 0.003 0.004 0.004 0.032 0.054 0.004 0.003 0.036 0.004 0.004 
 21 TMA-ZAIN-G-    (0)    1 :  0.003 0.004 0.004 0.005 0.005 0.005 0.003 0.005 0.946 0.005 0.004 0.003 0.005 0.002 
 22 TMA-ZAIN-G-    (0)    1 :  0.003 0.008 0.014 0.009 0.003 0.003 0.003 0.007 0.880 0.003 0.002 0.059 0.002 0.003 
 23 TMA-ZAIN-G-    (0)    1 :  0.006 0.009 0.032 0.026 0.007 0.008 0.009 0.004 0.859 0.006 0.006 0.016 0.003 0.007 
 24 TMA-ZAIN-G-    (9)    1 :  0.165 0.003 0.004 0.004 0.022 0.013 0.003 0.007 0.647 0.005 0.009 0.007 0.091 0.021 
 25 TMA-ZAIN-G-    (9)    1 :  0.102 0.003 0.685 0.008 0.009 0.004 0.003 0.004 0.010 0.088 0.008 0.068 0.004 0.004 
 26 TMA-ZAIN-G-    (9)    1 :  0.118 0.011 0.011 0.006 0.097 0.023 0.016 0.473 0.025 0.182 0.015 0.006 0.009 0.011 
 27 TMA-ZAIN-G-    (0)    1 :  0.005 0.022 0.056 0.711 0.014 0.013 0.008 0.013 0.017 0.008 0.003 0.052 0.007 0.070 
 28 TMA-ZAIN-G-    (0)    1 :  0.004 0.005 0.014 0.916 0.005 0.006 0.010 0.004 0.004 0.006 0.005 0.009 0.005 0.008 
 29 TMA-ZAIN-G-    (0)    1 :  0.005 0.003 0.221 0.005 0.005 0.004 0.004 0.016 0.004 0.004 0.004 0.003 0.716 0.005 
 30 TMA-ZAIN-G-    (0)    1 :  0.094 0.008 0.029 0.440 0.185 0.039 0.014 0.005 0.004 0.032 0.045 0.004 0.033 0.067 
 31 TMA-ZAIN-G-    (0)    1 :  0.009 0.022 0.016 0.006 0.004 0.007 0.007 0.062 0.012 0.004 0.004 0.836 0.006 0.006 
 32 TMA-ZAIN-G-    (9)    1 :  0.006 0.007 0.088 0.008 0.032 0.006 0.005 0.006 0.091 0.425 0.022 0.291 0.003 0.012 
 33 TMA-ZAIN-G-   (18)    1 :  0.006 0.003 0.004 0.006 0.054 0.027 0.024 0.003 0.003 0.819 0.033 0.004 0.009 0.005 
 34 TMA-ZAIN-G-    (0)    1 :  0.009 0.004 0.012 0.009 0.006 0.012 0.007 0.006 0.023 0.832 0.022 0.051 0.004 0.004 
 35 TMA-ZAIN-G-    (9)    1 :  0.008 0.006 0.005 0.007 0.009 0.006 0.007 0.005 0.003 0.916 0.007 0.004 0.009 0.008 
 36 TMA-ZAIN-G-    (0)    1 :  0.330 0.007 0.005 0.006 0.215 0.032 0.056 0.014 0.003 0.168 0.014 0.004 0.010 0.138 
 37 TMA-ZAIN-G-    (9)    1 :  0.018 0.014 0.005 0.011 0.032 0.022 0.016 0.005 0.004 0.842 0.014 0.005 0.008 0.004 
 38 TMA-ZAIN-G-   (18)    1 :  0.011 0.012 0.093 0.006 0.046 0.013 0.006 0.008 0.032 0.304 0.012 0.411 0.006 0.041 
 39 TMA-ZAIN-G-    (0)    1 :  0.694 0.009 0.004 0.009 0.070 0.037 0.015 0.008 0.005 0.054 0.074 0.003 0.015 0.004 
 40 TMA-ZAIN-G-    (0)    1 :  0.087 0.014 0.004 0.004 0.632 0.028 0.015 0.005 0.005 0.093 0.099 0.003 0.007 0.005 
 41 TMA-ZAIN-G-    (0)    1 :  0.213 0.003 0.004 0.004 0.642 0.006 0.031 0.005 0.002 0.025 0.024 0.003 0.006 0.031 
 42 TMA-ZAIN-G-    (9)    1 :  0.009 0.005 0.003 0.004 0.795 0.005 0.044 0.014 0.002 0.006 0.009 0.003 0.008 0.093 
 43 TMA-ZAIN-G-    (0)    1 :  0.005 0.004 0.004 0.003 0.008 0.005 0.013 0.005 0.003 0.004 0.003 0.003 0.010 0.931 
 44 TMA-ZAIN-G-    (0)    1 :  0.044 0.008 0.013 0.003 0.009 0.111 0.007 0.004 0.756 0.017 0.009 0.005 0.008 0.005 
 45 TMA-ZAIN-G-    (0)    1 :  0.017 0.013 0.008 0.013 0.198 0.392 0.023 0.010 0.006 0.185 0.108 0.005 0.006 0.016 
 46 TMA-ZAIN-G-    (0)    1 :  0.005 0.009 0.006 0.003 0.003 0.005 0.003 0.006 0.943 0.003 0.003 0.004 0.003 0.004 
 47 TMA-ZAIN-G-    (0)    1 :  0.004 0.013 0.004 0.004 0.004 0.003 0.005 0.939 0.004 0.005 0.005 0.004 0.004 0.004 
 48 TMA-ZAIN-G-    (0)    1 :  0.015 0.154 0.013 0.046 0.159 0.128 0.139 0.189 0.028 0.034 0.019 0.006 0.017 0.051 
 49 TMA-ZAIN-G-    (9)    1 :  0.006 0.019 0.805 0.012 0.008 0.009 0.009 0.006 0.006 0.032 0.026 0.013 0.046 0.004 
 50 TMA-ZAIN-G-    (0)    1 :  0.024 0.006 0.807 0.021 0.077 0.005 0.012 0.003 0.006 0.005 0.010 0.011 0.003 0.008 
 51 TMA-ZAIN-G-    (0)    1 :  0.009 0.013 0.804 0.022 0.022 0.012 0.011 0.015 0.007 0.009 0.004 0.007 0.007 0.057 
 52 TMA-ZAIN-G-    (0)    1 :  0.007 0.126 0.725 0.032 0.008 0.008 0.010 0.030 0.009 0.007 0.012 0.006 0.003 0.016 
 53 TMA-ZAIN-G-    (0)    1 :  0.013 0.065 0.620 0.011 0.013 0.015 0.010 0.050 0.007 0.005 0.003 0.144 0.005 0.038 
 54 TMA-ZAIN-G-    (0)    1 :  0.004 0.005 0.007 0.010 0.011 0.006 0.012 0.909 0.004 0.006 0.007 0.004 0.003 0.012 
 55 TMA-ZAIN-G-    (0)    1 :  0.004 0.004 0.022 0.023 0.037 0.007 0.016 0.834 0.008 0.007 0.010 0.004 0.003 0.022 
 56 TMA-ZAIN-G-    (0)    1 :  0.024 0.392 0.031 0.057 0.210 0.041 0.090 0.053 0.009 0.027 0.014 0.006 0.021 0.024 
 57 TMA-ZAIN-G-    (0)    1 :  0.011 0.009 0.026 0.005 0.005 0.009 0.006 0.854 0.004 0.016 0.033 0.008 0.008 0.005 
 58 TMA-ZAIN-G-    (0)    1 :  0.004 0.012 0.389 0.268 0.016 0.008 0.037 0.042 0.124 0.011 0.015 0.060 0.007 0.009 
 59 TMA-ZAIN-G-    (0)    1 :  0.023 0.040 0.013 0.028 0.025 0.136 0.046 0.017 0.025 0.039 0.019 0.563 0.019 0.008 
 60 TMA-ZAIN-G-    (0)    1 :  0.006 0.038 0.118 0.079 0.015 0.028 0.024 0.021 0.009 0.008 0.006 0.498 0.007 0.141 
 61 TMA-ZAIN-G-    (0)    1 :  0.003 0.033 0.009 0.006 0.003 0.004 0.004 0.012 0.019 0.005 0.003 0.891 0.003 0.003 
 62 TMA-ZAIN-G-    (9)    1 :  0.020 0.003 0.022 0.075 0.040 0.023 0.010 0.012 0.017 0.066 0.039 0.661 0.006 0.006 
 63 TMA-ZAIN-G-    (0)    1 :  0.003 0.015 0.011 0.009 0.005 0.005 0.006 0.011 0.007 0.006 0.006 0.906 0.003 0.007 
 64 TMA-ZAIN-G-    (0)    1 :  0.008 0.004 0.002 0.003 0.005 0.007 0.004 0.003 0.002 0.005 0.004 0.002 0.945 0.005 
 65 TMA-ZAIN-G-    (9)    1 :  0.006 0.005 0.003 0.006 0.007 0.007 0.009 0.007 0.003 0.032 0.017 0.003 0.890 0.006 
 66 TMA-ZAIN-G-    (0)    1 :  0.015 0.005 0.003 0.004 0.011 0.031 0.007 0.004 0.003 0.016 0.012 0.003 0.882 0.005 
 67 TMA-ZAIN-G-    (0)    1 :  0.108 0.004 0.009 0.014 0.013 0.036 0.007 0.005 0.013 0.047 0.021 0.004 0.716 0.003 
 68 TMA-ZAIN-G-    (0)    1 :  0.004 0.004 0.002 0.003 0.005 0.004 0.009 0.004 0.002 0.005 0.004 0.002 0.943 0.006 
 69 TMA-ZAIN-G-    (0)    1 :  0.035 0.024 0.025 0.007 0.006 0.029 0.007 0.009 0.026 0.058 0.029 0.018 0.711 0.015 
 70 TMA-ZAIN-G-    (0)    1 :  0.853 0.004 0.004 0.005 0.007 0.076 0.004 0.003 0.004 0.010 0.010 0.003 0.012 0.005 
 71 TMA-ZAIN-G-    (0)    1 :  0.922 0.003 0.003 0.003 0.007 0.015 0.004 0.003 0.003 0.012 0.012 0.003 0.004 0.003 
 72 TMA-ZAIN-G-    (0)    1 :  0.903 0.004 0.004 0.007 0.009 0.010 0.006 0.007 0.004 0.015 0.007 0.003 0.013 0.007 
 73 TMA-ZAIN-G-    (0)    1 :  0.853 0.004 0.017 0.020 0.005 0.006 0.005 0.015 0.024 0.014 0.008 0.020 0.005 0.003 
 74 TMA-ZAIN-G-    (0)    1 :  0.926 0.003 0.005 0.005 0.006 0.006 0.005 0.005 0.005 0.011 0.009 0.005 0.005 0.003 
 75 TMA-ZAIN-G-    (0)    1 :  0.923 0.005 0.005 0.006 0.005 0.007 0.006 0.007 0.003 0.012 0.008 0.004 0.005 0.005 
 76 TMA-ZAIN-G-    (0)    1 :  0.922 0.003 0.008 0.004 0.005 0.011 0.004 0.003 0.012 0.011 0.007 0.004 0.004 0.003 
 77 TMA-ZAIN-G-    (0)    1 :  0.928 0.007 0.005 0.005 0.010 0.007 0.005 0.004 0.004 0.006 0.005 0.003 0.006 0.005 
 78 TMA-ZAIN-G-    (0)    1 :  0.897 0.009 0.012 0.007 0.006 0.010 0.006 0.006 0.010 0.015 0.008 0.005 0.004 0.005 
 79 TMA-ZAIN-G-    (0)    1 :  0.903 0.026 0.006 0.005 0.008 0.010 0.004 0.005 0.008 0.006 0.005 0.004 0.004 0.007 
 80 TMA-ZAIN-G-    (0)    1 :  0.741 0.006 0.004 0.006 0.016 0.018 0.011 0.010 0.004 0.030 0.131 0.003 0.017 0.004 
 81 TMA-ZAIN-G-    (0)    1 :  0.848 0.026 0.007 0.007 0.011 0.035 0.011 0.005 0.005 0.018 0.012 0.004 0.005 0.008 
 82 TMA-ZAIN-G-    (0)    1 :  0.107 0.008 0.005 0.006 0.007 0.145 0.018 0.017 0.003 0.433 0.045 0.006 0.193 0.006 
 83 TMA-ZAIN-G-    (9)    1 :  0.009 0.005 0.012 0.029 0.007 0.015 0.018 0.014 0.025 0.694 0.111 0.034 0.024 0.005 
 84 TMA-ZAIN-G-    (0)    1 :  0.864 0.011 0.008 0.006 0.011 0.036 0.007 0.004 0.011 0.013 0.016 0.003 0.005 0.005 
 85 TMA-ZAIN-G-    (0)    1 :  0.003 0.952 0.004 0.004 0.003 0.004 0.004 0.003 0.004 0.004 0.003 0.004 0.003 0.004 
 86 TMA-ZAIN-G-    (0)    1 :  0.005 0.920 0.004 0.005 0.008 0.010 0.008 0.005 0.005 0.010 0.009 0.003 0.005 0.003 
 87 TMA-ZAIN-G-    (0)    1 :  0.003 0.953 0.004 0.004 0.003 0.004 0.004 0.003 0.005 0.004 0.003 0.005 0.003 0.003 
 88 TMA-ZAIN-G-    (0)    1 :  0.030 0.419 0.009 0.009 0.011 0.028 0.014 0.059 0.012 0.106 0.089 0.165 0.033 0.018 
 89 TMA-ZAIN-G-    (0)    1 :  0.045 0.346 0.009 0.004 0.014 0.040 0.010 0.354 0.030 0.030 0.032 0.023 0.031 0.033 
 90 TMA-ZAIN-G-    (0)    1 :  0.004 0.843 0.006 0.005 0.004 0.005 0.005 0.036 0.004 0.032 0.021 0.015 0.013 0.004 
 91 TMA-ZAIN-G-    (0)    1 :  0.008 0.804 0.007 0.019 0.007 0.013 0.012 0.034 0.006 0.009 0.007 0.051 0.010 0.013 
 92 TMA-ZAIN-G-    (0)    1 :  0.011 0.520 0.037 0.027 0.010 0.013 0.007 0.301 0.032 0.008 0.005 0.009 0.006 0.013 
 93 TMA-ZAIN-G-    (0)    1 :  0.007 0.241 0.025 0.100 0.007 0.009 0.006 0.503 0.015 0.007 0.003 0.045 0.007 0.024 
 94 TMA-ZAIN-G-    (0)    1 :  0.005 0.767 0.009 0.016 0.003 0.006 0.005 0.052 0.009 0.005 0.003 0.109 0.005 0.007 
 95 TMA-ZAIN-G-    (0)    1 :  0.010 0.005 0.026 0.884 0.017 0.006 0.004 0.004 0.005 0.004 0.006 0.006 0.007 0.015 
 96 TMA-ZAIN-G-    (0)    1 :  0.004 0.008 0.060 0.780 0.087 0.005 0.006 0.005 0.006 0.006 0.008 0.006 0.004 0.017 
 97 TMA-ZAIN-G-    (0)    1 :  0.017 0.007 0.018 0.005 0.004 0.010 0.006 0.012 0.007 0.004 0.004 0.892 0.007 0.008 
 98 TMA-ZAIN-G-    (0)    1 :  0.014 0.007 0.005 0.003 0.004 0.009 0.008 0.011 0.004 0.004 0.004 0.917 0.005 0.006 
 99 TMA-ZAIN-G-    (0)    1 :  0.007 0.005 0.006 0.008 0.035 0.113 0.011 0.003 0.012 0.079 0.018 0.682 0.016 0.006 
100 TMA-ZAIN-G-    (0)    1 :  0.006 0.034 0.026 0.006 0.003 0.006 0.005 0.024 0.015 0.004 0.003 0.856 0.005 0.007 
101 TMA-ZAIN-G-    (0)    1 :  0.010 0.004 0.009 0.006 0.004 0.030 0.006 0.012 0.005 0.005 0.005 0.891 0.006 0.006 
102 TMA-ZAIN-G-    (0)    1 :  0.016 0.036 0.125 0.021 0.057 0.018 0.009 0.009 0.198 0.015 0.054 0.401 0.012 0.029 
103 TMA-ZAIN-G-    (0)    1 :  0.008 0.029 0.067 0.020 0.010 0.016 0.013 0.006 0.016 0.022 0.022 0.758 0.006 0.007 
104 TMA-ZAIN-G-    (0)    1 :  0.003 0.003 0.006 0.005 0.003 0.004 0.005 0.005 0.006 0.004 0.004 0.945 0.002 0.004 
105 TMA-ZAIN-G-    (0)    1 :  0.008 0.046 0.029 0.019 0.012 0.016 0.016 0.006 0.008 0.030 0.030 0.767 0.006 0.008 
106 TMA-ZAIN-G-    (0)    1 :  0.097 0.008 0.004 0.007 0.479 0.110 0.045 0.007 0.003 0.020 0.081 0.004 0.047 0.089 
107 TMA-ZAIN-G-    (0)    1 :  0.126 0.006 0.005 0.007 0.023 0.257 0.028 0.008 0.003 0.090 0.412 0.005 0.015 0.015 
108 TMA-ZAIN-G-    (9)    1 :  0.015 0.048 0.069 0.010 0.049 0.050 0.011 0.015 0.043 0.509 0.010 0.137 0.006 0.030 
109 TMA-ZAIN-G-    (0)    1 :  0.009 0.018 0.009 0.062 0.071 0.015 0.075 0.056 0.006 0.081 0.161 0.267 0.145 0.025 
110 TMA-ZAIN-G-    (0)    1 :  0.023 0.019 0.114 0.026 0.064 0.242 0.070 0.015 0.135 0.125 0.090 0.055 0.007 0.016 
111 TMA-ZAIN-G-    (9)    1 :  0.045 0.006 0.087 0.021 0.014 0.015 0.009 0.018 0.118 0.143 0.113 0.393 0.012 0.004 
112 TMA-ZAIN-G-    (0)    1 :  0.017 0.015 0.111 0.054 0.163 0.065 0.067 0.025 0.047 0.068 0.092 0.233 0.016 0.029 
113 TMA-ZAIN-G-    (0)    1 :  0.024 0.006 0.005 0.004 0.005 0.015 0.009 0.020 0.008 0.010 0.017 0.862 0.010 0.006 
114 TMA-ZAIN-G-    (0)    1 :  0.003 0.007 0.005 0.005 0.003 0.004 0.002 0.004 0.010 0.004 0.003 0.947 0.003 0.002 
115 TMA-ZAIN-G-    (0)    1 :  0.004 0.003 0.004 0.005 0.003 0.003 0.003 0.004 0.005 0.005 0.004 0.950 0.003 0.004 
116 TMA-ZAIN-G-    (0)    1 :  0.010 0.005 0.003 0.006 0.006 0.007 0.014 0.009 0.003 0.783 0.136 0.005 0.009 0.005 
117 TMA-ZAIN-G-    (0)    1 :  0.079 0.030 0.007 0.028 0.038 0.035 0.135 0.033 0.003 0.374 0.021 0.006 0.158 0.053 
118 TMA-ZAIN-G-    (0)    1 :  0.011 0.005 0.005 0.009 0.009 0.007 0.011 0.008 0.003 0.674 0.215 0.006 0.017 0.018 
119 TMA-ZAIN-G-    (0)    1 :  0.042 0.004 0.016 0.015 0.006 0.010 0.013 0.010 0.014 0.676 0.152 0.016 0.022 0.005 
120 TMA-ZAIN-G-    (0)    1 :  0.014 0.010 0.006 0.012 0.011 0.011 0.017 0.009 0.003 0.755 0.100 0.006 0.013 0.032 
121 TMA-ZAIN-G-    (0)    1 :  0.011 0.006 0.004 0.011 0.014 0.008 0.022 0.008 0.003 0.852 0.014 0.005 0.033 0.009 
122 TMA-ZAIN-G-    (0)    1 :  0.025 0.078 0.006 0.043 0.025 0.096 0.107 0.008 0.006 0.513 0.057 0.004 0.021 0.009 
123 TMA-ZAIN-G-    (0)    1 :  0.005 0.009 0.017 0.006 0.005 0.005 0.005 0.005 0.009 0.006 0.005 0.908 0.004 0.012 
124 TMA-ZAIN-G-    (0)    1 :  0.004 0.006 0.004 0.005 0.030 0.007 0.911 0.003 0.003 0.006 0.007 0.004 0.003 0.007 
125 TMA-ZAIN-G-    (0)    1 :  0.005 0.005 0.003 0.004 0.009 0.005 0.913 0.022 0.002 0.004 0.005 0.002 0.011 0.009 
126 TMA-ZAIN-G-    (0)    1 :  0.004 0.005 0.004 0.004 0.011 0.006 0.918 0.006 0.003 0.006 0.010 0.003 0.004 0.017 
127 TMA-ZAIN-G-    (0)    1 :  0.004 0.005 0.003 0.004 0.060 0.012 0.875 0.003 0.003 0.007 0.011 0.003 0.005 0.008 
128 TMA-ZAIN-G-    (0)    1 :  0.004 0.005 0.003 0.007 0.010 0.008 0.915 0.004 0.003 0.013 0.008 0.003 0.012 0.005 
129 TMA-ZAIN-G-    (0)    1 :  0.004 0.006 0.004 0.005 0.010 0.007 0.927 0.004 0.003 0.007 0.006 0.005 0.005 0.007 
130 TMA-ZAIN-G-    (0)    1 :  0.004 0.005 0.004 0.005 0.007 0.004 0.917 0.015 0.002 0.006 0.008 0.004 0.004 0.016 
131 TMA-ZAIN-G-    (0)    1 :  0.004 0.007 0.004 0.005 0.018 0.007 0.920 0.004 0.003 0.006 0.007 0.003 0.003 0.009 
132 TMA-ZAIN-G-    (0)    1 :  0.007 0.005 0.003 0.007 0.018 0.012 0.882 0.014 0.003 0.013 0.008 0.003 0.018 0.007 
133 TMA-ZAIN-G-    (0)    1 :  0.073 0.051 0.015 0.011 0.476 0.022 0.043 0.026 0.010 0.014 0.050 0.003 0.092 0.115 
134 TMA-ZAIN-G-    (0)    1 :  0.062 0.040 0.008 0.004 0.097 0.017 0.278 0.026 0.008 0.010 0.142 0.003 0.062 0.242 
135 TMA-ZAIN-G-    (0)    1 :  0.060 0.035 0.005 0.004 0.051 0.095 0.072 0.013 0.006 0.027 0.586 0.004 0.026 0.017 
136 TMA-ZAIN-G-    (0)    1 :  0.036 0.005 0.004 0.008 0.042 0.068 0.037 0.014 0.006 0.124 0.063 0.005 0.581 0.006 
137 TMA-ZAIN-G-    (0)    1 :  0.019 0.017 0.006 0.004 0.010 0.012 0.015 0.005 0.006 0.019 0.873 0.004 0.005 0.005 
138 TMA-ZAIN-G-    (0)    1 :  0.020 0.005 0.003 0.004 0.084 0.075 0.358 0.020 0.002 0.095 0.288 0.004 0.013 0.029 
139 TMA-ZAIN-G-    (0)    1 :  0.059 0.012 0.004 0.003 0.034 0.029 0.222 0.076 0.005 0.095 0.427 0.004 0.012 0.019 
140 TMA-ZAIN-G-    (0)    1 :  0.015 0.005 0.004 0.009 0.051 0.462 0.015 0.004 0.004 0.202 0.212 0.003 0.009 0.006 
141 TMA-ZAIN-G-    (0)    1 :  0.042 0.011 0.005 0.006 0.021 0.691 0.050 0.005 0.003 0.075 0.059 0.005 0.007 0.019 
142 TMA-ZAIN-G-    (9)    1 :  0.021 0.006 0.003 0.006 0.019 0.545 0.017 0.004 0.003 0.184 0.171 0.003 0.011 0.006 
143 TMA-ZAIN-G-    (0)    1 :  0.015 0.007 0.004 0.010 0.060 0.288 0.100 0.005 0.003 0.357 0.125 0.004 0.013 0.010 
144 TMA-ZAIN-G-    (0)    1 :  0.008 0.014 0.013 0.025 0.134 0.054 0.077 0.031 0.007 0.347 0.264 0.004 0.007 0.016 
145 TMA-ZAIN-G-    (0)    1 :  0.047 0.005 0.003 0.007 0.020 0.056 0.053 0.015 0.002 0.055 0.438 0.003 0.288 0.006 
146 TMA-ZAIN-G-    (0)    1 :  0.016 0.004 0.003 0.003 0.005 0.931 0.005 0.003 0.003 0.009 0.008 0.003 0.004 0.004 
147 TMA-ZAIN-G-    (9)    1 :  0.008 0.004 0.003 0.004 0.006 0.932 0.006 0.003 0.003 0.008 0.009 0.003 0.007 0.005 
148 TMA-ZAIN-G-    (0)    1 :  0.009 0.004 0.003 0.003 0.024 0.842 0.027 0.018 0.003 0.007 0.007 0.003 0.004 0.049 
149 TMA-ZAIN-G-    (0)    1 :  0.010 0.023 0.009 0.015 0.028 0.720 0.046 0.051 0.013 0.025 0.013 0.018 0.005 0.022 
150 TMA-ZAIN-G-    (0)    1 :  0.016 0.014 0.007 0.013 0.015 0.547 0.018 0.088 0.010 0.110 0.038 0.025 0.084 0.015 
151 TMA-ZAIN-G-    (0)    1 :  0.006 0.003 0.003 0.005 0.141 0.007 0.006 0.004 0.002 0.102 0.692 0.003 0.010 0.017 
152 TMA-ZAIN-G-    (0)    1 :  0.005 0.003 0.003 0.005 0.010 0.009 0.007 0.004 0.002 0.342 0.585 0.004 0.006 0.013 
153 TMA-ZAIN-G-    (0)    1 :  0.013 0.003 0.003 0.004 0.081 0.030 0.035 0.013 0.003 0.055 0.715 0.004 0.013 0.026 
154 TMA-ZAIN-G-    (0)    1 :  0.005 0.004 0.003 0.003 0.006 0.007 0.008 0.004 0.002 0.037 0.911 0.003 0.004 0.004 
155 TMA-ZAIN-G-    (0)    1 :  0.007 0.006 0.004 0.004 0.008 0.013 0.010 0.003 0.003 0.011 0.916 0.004 0.006 0.006 
156 TMA-ZAIN-G-    (9)    1 :  0.005 0.003 0.004 0.004 0.054 0.016 0.033 0.010 0.003 0.086 0.702 0.006 0.003 0.071 
157 TMA-ZAIN-G-    (0)    1 :  0.008 0.005 0.005 0.004 0.078 0.057 0.019 0.005 0.003 0.033 0.637 0.005 0.006 0.136 
158 TMA-ZAIN-G-    (0)    1 :  0.020 0.003 0.006 0.006 0.015 0.032 0.007 0.004 0.003 0.356 0.536 0.003 0.005 0.004 
159 TMA-ZAIN-G-    (0)    1 :  0.182 0.004 0.004 0.004 0.008 0.127 0.017 0.005 0.002 0.060 0.564 0.004 0.015 0.005 
160 TMA-ZAIN-G-    (0)    1 :  0.149 0.005 0.003 0.003 0.005 0.036 0.009 0.008 0.003 0.130 0.618 0.005 0.023 0.004 
161 TMA-ZAIN-G-    (0)    1 :  0.021 0.008 0.005 0.006 0.084 0.063 0.178 0.021 0.003 0.137 0.440 0.003 0.008 0.022 
162 TMA-ZAIN-G-    (0)    1 :  0.006 0.011 0.007 0.010 0.008 0.006 0.005 0.012 0.012 0.011 0.889 0.016 0.005 0.003 
163 TMA-ZAIN-G-    (0)    1 :  0.006 0.003 0.002 0.003 0.006 0.009 0.006 0.003 0.002 0.027 0.924 0.003 0.004 0.003 
164 TMA-ZAIN-G-    (0)    1 :  0.008 0.012 0.004 0.006 0.007 0.026 0.010 0.008 0.005 0.403 0.495 0.005 0.007 0.004 
165 TMA-ZAIN-G-    (0)    1 :  0.009 0.004 0.003 0.004 0.008 0.027 0.011 0.003 0.003 0.259 0.656 0.004 0.006 0.003 
166 TMA-ZAIN-G-    (0)    1 :  0.038 0.006 0.003 0.004 0.035 0.112 0.093 0.010 0.002 0.070 0.606 0.003 0.012 0.005 
167 TMA-ZAIN-G-    (0)    1 :  0.112 0.008 0.008 0.008 0.023 0.666 0.015 0.005 0.005 0.104 0.030 0.004 0.004 0.007 
168 TMA-ZAIN-G-    (0)    1 :  0.177 0.006 0.005 0.005 0.008 0.646 0.006 0.006 0.003 0.090 0.007 0.005 0.011 0.026 
169 TMA-ZAIN-G-    (0)    1 :  0.160 0.005 0.003 0.003 0.006 0.660 0.007 0.005 0.002 0.064 0.017 0.003 0.061 0.005 
170 TMA-ZAIN-G-    (0)    1 :  0.057 0.006 0.043 0.009 0.090 0.545 0.032 0.004 0.014 0.069 0.040 0.017 0.016 0.058 
171 TMA-ZAIN-G-    (0)    1 :  0.182 0.004 0.003 0.003 0.004 0.711 0.005 0.003 0.003 0.052 0.009 0.003 0.014 0.003 
172 TMA-ZAIN-G-    (0)    1 :  0.020 0.006 0.006 0.005 0.562 0.284 0.033 0.004 0.004 0.026 0.025 0.004 0.005 0.017 
173 TMA-ZAIN-G-    (0)    1 :  0.018 0.007 0.006 0.007 0.699 0.139 0.041 0.004 0.004 0.029 0.017 0.003 0.006 0.017 
174 TMA-ZAIN-G-    (0)    1 :  0.028 0.005 0.003 0.005 0.102 0.133 0.565 0.007 0.003 0.051 0.055 0.003 0.035 0.005 
175 TMA-ZAIN-G-    (0)    1 :  0.178 0.005 0.003 0.004 0.005 0.744 0.005 0.003 0.003 0.026 0.010 0.003 0.007 0.004 
176 TMA-ZAIN-G-    (0)    1 :  0.053 0.004 0.003 0.003 0.006 0.871 0.006 0.003 0.003 0.020 0.015 0.003 0.004 0.005 
177 TMA-ZAIN-G-    (0)    1 :  0.019 0.004 0.004 0.003 0.013 0.877 0.005 0.003 0.003 0.036 0.013 0.003 0.004 0.014 
178 TMA-ZAIN-G-    (0)    1 :  0.018 0.005 0.006 0.007 0.354 0.428 0.010 0.004 0.004 0.094 0.019 0.005 0.005 0.041 
179 TMA-ZAIN-G-    (0)    1 :  0.015 0.005 0.004 0.004 0.052 0.821 0.009 0.004 0.003 0.039 0.019 0.003 0.006 0.018 
180 TMA-ZAIN-G-    (0)    1 :  0.006 0.029 0.006 0.014 0.300 0.059 0.360 0.011 0.007 0.055 0.019 0.004 0.097 0.032 
181 TMA-ZAIN-G-    (0)    1 :  0.010 0.004 0.004 0.004 0.740 0.009 0.019 0.005 0.003 0.014 0.060 0.005 0.005 0.120 
182 TMA-ZAIN-G-    (0)    1 :  0.005 0.006 0.005 0.005 0.306 0.031 0.408 0.005 0.003 0.018 0.034 0.007 0.003 0.164 
183 TMA-ZAIN-G-    (0)    1 :  0.006 0.005 0.004 0.004 0.840 0.010 0.009 0.004 0.003 0.022 0.014 0.004 0.004 0.072 
184 TMA-ZAIN-G-    (0)    1 :  0.011 0.020 0.011 0.014 0.747 0.016 0.023 0.019 0.012 0.024 0.043 0.026 0.007 0.027 
185 TMA-ZAIN-G-    (0)    1 :  0.008 0.013 0.008 0.039 0.811 0.007 0.034 0.020 0.015 0.011 0.011 0.012 0.006 0.005 
186 TMA-ZAIN-G-    (9)    1 :  0.011 0.005 0.006 0.011 0.859 0.009 0.050 0.006 0.004 0.011 0.014 0.003 0.006 0.005 
187 TMA-ZAIN-G-    (0)    1 :  0.032 0.005 0.004 0.004 0.843 0.014 0.014 0.003 0.003 0.007 0.036 0.004 0.014 0.015 
188 TMA-ZAIN-G-    (0)    1 :  0.038 0.003 0.003 0.005 0.865 0.008 0.013 0.004 0.003 0.012 0.016 0.003 0.020 0.006 
189 TMA-ZAIN-G-    (0)    1 :  0.005 0.003 0.003 0.003 0.934 0.006 0.013 0.002 0.002 0.005 0.007 0.002 0.007 0.006 
190 TMA-ZAIN-G-    (0)    1 :  0.023 0.004 0.005 0.006 0.809 0.035 0.009 0.006 0.003 0.047 0.006 0.003 0.016 0.028 
191 TMA-ZAIN-G-    (0)    1 :  0.008 0.014 0.007 0.008 0.889 0.010 0.008 0.009 0.015 0.006 0.006 0.010 0.004 0.004 
192 TMA-ZAIN-G-    (0)    1 :  0.011 0.014 0.007 0.003 0.891 0.007 0.016 0.004 0.009 0.005 0.010 0.004 0.004 0.015 
193 TMA-ZAIN-G-    (0)    1 :  0.004 0.003 0.003 0.003 0.005 0.003 0.004 0.005 0.002 0.003 0.003 0.002 0.004 0.956 
194 TMA-ZAIN-G-    (0)    1 :  0.007 0.005 0.012 0.021 0.058 0.008 0.038 0.014 0.006 0.008 0.004 0.002 0.012 0.805 
195 TMA-ZAIN-G-    (0)    1 :  0.024 0.004 0.011 0.005 0.071 0.032 0.029 0.006 0.003 0.019 0.006 0.003 0.036 0.751 
196 TMA-ZAIN-G-    (0)    1 :  0.005 0.004 0.003 0.006 0.015 0.006 0.011 0.007 0.003 0.009 0.007 0.003 0.014 0.907 
197 TMA-ZAIN-G-    (0)    1 :  0.010 0.008 0.003 0.004 0.011 0.010 0.011 0.005 0.003 0.008 0.008 0.003 0.012 0.905 
198 TMA-ZAIN-G-    (0)    1 :  0.008 0.004 0.003 0.003 0.017 0.013 0.007 0.004 0.003 0.008 0.011 0.003 0.007 0.910 
199 TMA-ZAIN-G-    (0)    1 :  0.009 0.004 0.005 0.009 0.881 0.007 0.037 0.007 0.003 0.010 0.013 0.003 0.005 0.006 
200 TMA-ZAIN-G-    (0)    1 :  0.003 0.006 0.130 0.019 0.007 0.003 0.003 0.004 0.746 0.004 0.002 0.018 0.004 0.050 
201 TMA-ZAIN-G-    (0)    1 :  0.004 0.006 0.039 0.011 0.004 0.005 0.003 0.003 0.900 0.004 0.003 0.008 0.006 0.003 
202 TMA-ZAIN-G-    (0)    1 :  0.003 0.004 0.051 0.008 0.014 0.008 0.004 0.002 0.832 0.006 0.005 0.020 0.004 0.038 
203 TMA-ZAIN-G-    (0)    1 :  0.009 0.005 0.004 0.005 0.028 0.023 0.057 0.005 0.003 0.027 0.029 0.019 0.004 0.783 
204 TMA-ZAIN-G-    (9)    1 :  0.019 0.084 0.045 0.005 0.008 0.023 0.007 0.025 0.752 0.006 0.004 0.005 0.012 0.007 
205 TMA-ZAIN-G-    (0)    1 :  0.013 0.024 0.088 0.005 0.008 0.013 0.011 0.012 0.691 0.033 0.080 0.007 0.006 0.007 
206 TMA-ZAIN-G-    (9)    1 :  0.008 0.158 0.082 0.011 0.023 0.020 0.008 0.011 0.586 0.013 0.005 0.014 0.009 0.051 
207 TMA-ZAIN-G-    (9)    1 :  0.014 0.052 0.018 0.045 0.016 0.008 0.014 0.039 0.008 0.647 0.088 0.009 0.034 0.008 
208 TMA-ZAIN-G-    (0)    1 :  0.021 0.002 0.004 0.008 0.033 0.209 0.007 0.005 0.003 0.598 0.066 0.003 0.039 0.003 
209 TMA-ZAIN-G-    (0)    1 :  0.078 0.009 0.004 0.004 0.083 0.116 0.272 0.059 0.003 0.030 0.103 0.003 0.016 0.220 
210 TMA-ZAIN-G-    (0)    1 :  0.052 0.012 0.005 0.009 0.117 0.211 0.076 0.013 0.003 0.021 0.064 0.004 0.088 0.324 
211 TMA-ZAIN-G-    (0)    1 :  0.059 0.009 0.022 0.016 0.100 0.140 0.478 0.009 0.021 0.027 0.025 0.011 0.024 0.059 
212 TMA-ZAIN-G-    (0)    1 :  0.005 0.014 0.004 0.011 0.243 0.502 0.050 0.006 0.004 0.079 0.043 0.003 0.013 0.023 
213 TMA-ZAIN-G-    (0)    1 :  0.034 0.004 0.005 0.005 0.334 0.288 0.047 0.008 0.004 0.018 0.213 0.004 0.007 0.028 
214 TMA-ZAIN-G-    (0)    1 :  0.093 0.005 0.005 0.004 0.196 0.079 0.222 0.009 0.004 0.027 0.268 0.003 0.052 0.032 
215 TMA-ZAIN-G-    (0)    1 :  0.058 0.003 0.228 0.005 0.412 0.097 0.013 0.002 0.010 0.127 0.031 0.003 0.005 0.004 
216 TMA-ZAIN-G-    (0)    1 :  0.014 0.006 0.006 0.007 0.716 0.031 0.118 0.013 0.005 0.023 0.037 0.003 0.007 0.014 
217 TMA-ZAIN-G-    (0)    1 :  0.132 0.006 0.004 0.003 0.056 0.254 0.225 0.008 0.003 0.016 0.090 0.003 0.132 0.068 
218 TMA-ZAIN-G-    (0)    1 :  0.005 0.005 0.914 0.013 0.006 0.006 0.012 0.005 0.004 0.006 0.006 0.006 0.008 0.003 
219 TMA-ZAIN-G-    (0)    1 :  0.004 0.011 0.927 0.007 0.005 0.003 0.008 0.008 0.006 0.004 0.005 0.005 0.003 0.003 
220 TMA-ZAIN-G-    (0)    1 :  0.008 0.011 0.695 0.078 0.007 0.008 0.006 0.006 0.004 0.115 0.016 0.029 0.012 0.005 
221 TMA-ZAIN-G-    (0)    1 :  0.007 0.010 0.883 0.009 0.018 0.011 0.013 0.005 0.013 0.008 0.008 0.004 0.005 0.007 
222 TMA-ZAIN-G-    (0)    1 :  0.007 0.019 0.868 0.005 0.006 0.008 0.013 0.009 0.006 0.016 0.012 0.016 0.010 0.005 
223 TMA-ZAIN-G-    (0)    1 :  0.005 0.013 0.918 0.015 0.004 0.005 0.005 0.005 0.008 0.006 0.004 0.006 0.005 0.002 
224 TMA-ZAIN-G-    (0)    1 :  0.006 0.101 0.787 0.011 0.011 0.007 0.026 0.007 0.010 0.006 0.006 0.010 0.005 0.008 
225 TMA-ZAIN-G-    (0)    1 :  0.003 0.005 0.932 0.009 0.006 0.004 0.004 0.003 0.007 0.004 0.003 0.008 0.002 0.010 
226 TMA-ZAIN-G-    (0)    1 :  0.008 0.010 0.879 0.011 0.012 0.009 0.005 0.005 0.006 0.008 0.007 0.011 0.006 0.022 
227 TMA-ZAIN-G-    (0)    1 :  0.007 0.006 0.890 0.007 0.012 0.011 0.005 0.004 0.012 0.010 0.008 0.009 0.004 0.016 
228 TMA-ZAIN-G-    (0)    1 :  0.029 0.018 0.820 0.017 0.012 0.019 0.008 0.005 0.011 0.019 0.013 0.014 0.009 0.007 
229 TMA-ZAIN-G-    (0)    1 :  0.003 0.007 0.915 0.009 0.003 0.004 0.003 0.006 0.021 0.004 0.003 0.013 0.008 0.002 
230 TMA-ZAIN-G-    (0)    1 :  0.034 0.263 0.466 0.014 0.021 0.048 0.060 0.012 0.007 0.009 0.006 0.036 0.013 0.012 
231 TMA-ZAIN-G-    (0)    1 :  0.024 0.051 0.301 0.013 0.010 0.023 0.014 0.011 0.367 0.028 0.036 0.103 0.010 0.010 
232 TMA-ZAIN-G-    (9)    1 :  0.009 0.019 0.226 0.006 0.018 0.009 0.039 0.011 0.379 0.010 0.010 0.232 0.027 0.006 
233 TMA-ZAIN-G-    (0)    1 :  0.031 0.019 0.778 0.017 0.010 0.015 0.024 0.010 0.016 0.008 0.014 0.005 0.046 0.008 
234 TMA-ZAIN-G-    (0)    1 :  0.005 0.005 0.681 0.008 0.005 0.005 0.005 0.028 0.039 0.012 0.008 0.183 0.007 0.011 
235 TMA-ZAIN-G-    (0)    1 :  0.054 0.038 0.581 0.042 0.074 0.007 0.004 0.009 0.019 0.014 0.011 0.121 0.005 0.022 
236 TMA-ZAIN-G-    (0)    1 :  0.012 0.042 0.804 0.008 0.013 0.016 0.008 0.004 0.016 0.015 0.013 0.021 0.006 0.023 
237 TMA-ZAIN-G-    (0)    1 :  0.141 0.097 0.365 0.020 0.015 0.131 0.030 0.005 0.010 0.017 0.018 0.134 0.010 0.008 
238 TMA-ZAIN-G-    (0)    1 :  0.027 0.006 0.781 0.007 0.017 0.025 0.020 0.003 0.019 0.025 0.030 0.028 0.005 0.006 
239 TMA-ZAIN-G-    (0)    1 :  0.003 0.027 0.010 0.003 0.036 0.004 0.007 0.032 0.732 0.022 0.003 0.004 0.019 0.098 
240 TMA-ZAIN-G-    (0)    1 :  0.005 0.009 0.007 0.002 0.003 0.005 0.003 0.006 0.943 0.003 0.002 0.003 0.003 0.004 
241 TMA-ZAIN-G-    (0)    1 :  0.012 0.006 0.005 0.002 0.005 0.012 0.004 0.005 0.925 0.005 0.007 0.004 0.005 0.004 
242 TMA-ZAIN-G-    (0)    1 :  0.006 0.003 0.004 0.003 0.005 0.008 0.003 0.004 0.939 0.007 0.007 0.003 0.005 0.003 
243 TMA-ZAIN-G-    (0)    1 :  0.014 0.006 0.005 0.003 0.006 0.016 0.005 0.005 0.910 0.007 0.008 0.003 0.009 0.004 
244 TMA-ZAIN-G-    (0)    1 :  0.014 0.003 0.005 0.003 0.008 0.013 0.004 0.004 0.902 0.013 0.017 0.004 0.008 0.003 
245 TMA-ZAIN-G-    (9)    1 :  0.003 0.003 0.004 0.003 0.003 0.004 0.003 0.003 0.958 0.003 0.003 0.004 0.002 0.003 
246 TMA-ZAIN-G-    (0)    1 :  0.003 0.005 0.005 0.004 0.003 0.003 0.003 0.003 0.957 0.003 0.003 0.002 0.003 0.002 
247 TMA-ZAIN-G-    (0)    1 :  0.004 0.004 0.004 0.005 0.005 0.005 0.003 0.004 0.948 0.005 0.004 0.002 0.005 0.002 
248 TMA-ZAIN-G-    (0)    1 :  0.006 0.004 0.010 0.005 0.009 0.008 0.003 0.004 0.920 0.008 0.005 0.004 0.004 0.009 
249 TMA-ZAIN-G-    (0)    1 :  0.003 0.005 0.006 0.004 0.006 0.004 0.003 0.003 0.944 0.004 0.003 0.003 0.003 0.008 
250 TMA-ZAIN-G-    (0)    1 :  0.003 0.004 0.006 0.005 0.006 0.003 0.003 0.003 0.947 0.005 0.003 0.003 0.006 0.004 
251 TMA-ZAIN-G-    (0)    1 :  0.003 0.010 0.004 0.005 0.003 0.004 0.006 0.939 0.003 0.004 0.004 0.006 0.004 0.005 
252 TMA-ZAIN-G-    (0)    1 :  0.023 0.004 0.006 0.003 0.006 0.029 0.004 0.850 0.003 0.038 0.008 0.003 0.019 0.004 
253 TMA-ZAIN-G-    (0)    1 :  0.004 0.004 0.003 0.003 0.004 0.004 0.005 0.939 0.004 0.009 0.009 0.004 0.004 0.004 
254 TMA-ZAIN-G-    (9)    1 :  0.007 0.006 0.004 0.006 0.007 0.010 0.011 0.865 0.003 0.032 0.024 0.008 0.012 0.005 
255 TMA-ZAIN-G-    (0)    1 :  0.004 0.005 0.004 0.003 0.004 0.005 0.005 0.922 0.017 0.007 0.006 0.008 0.007 0.004 
256 TMA-ZAIN-G-    (0)    1 :  0.007 0.024 0.006 0.004 0.008 0.010 0.009 0.865 0.010 0.007 0.009 0.007 0.005 0.028 
257 TMA-ZAIN-G-    (0)    1 :  0.004 0.012 0.004 0.003 0.003 0.003 0.005 0.935 0.004 0.003 0.003 0.004 0.003 0.012 
258 TMA-ZAIN-G-    (0)    1 :  0.003 0.006 0.003 0.003 0.003 0.003 0.004 0.955 0.003 0.004 0.003 0.003 0.004 0.004 
259 TMA-ZAIN-G-    (0)    1 :  0.003 0.020 0.004 0.005 0.004 0.003 0.004 0.931 0.005 0.003 0.003 0.003 0.005 0.005 
260 TMA-ZAIN-G-    (0)    1 :  0.004 0.015 0.004 0.005 0.004 0.005 0.005 0.930 0.004 0.004 0.003 0.003 0.008 0.006 
261 TMA-ZAIN-G-   (18)    1 :  0.004 0.021 0.005 0.014 0.006 0.005 0.011 0.894 0.004 0.007 0.005 0.005 0.010 0.008 
262 TMA-ZAIN-G-    (0)    1 :  0.003 0.008 0.004 0.003 0.003 0.003 0.004 0.950 0.003 0.003 0.003 0.004 0.003 0.006 
263 TMA-ZAIN-G-    (0)    1 :  0.003 0.008 0.004 0.004 0.003 0.003 0.004 0.947 0.004 0.004 0.004 0.006 0.003 0.004 
264 TMA-ZAIN-G-    (0)    1 :  0.004 0.008 0.004 0.004 0.003 0.004 0.004 0.939 0.003 0.006 0.005 0.007 0.004 0.005 
265 TMA-ZAIN-G-    (0)    1 :  0.009 0.385 0.244 0.025 0.021 0.074 0.028 0.126 0.011 0.016 0.018 0.011 0.020 0.011 
266 TMA-ZAIN-G-    (0)    1 :  0.009 0.020 0.013 0.055 0.040 0.024 0.132 0.572 0.010 0.036 0.020 0.008 0.018 0.042 
267 TMA-ZAIN-G-    (0)    1 :  0.016 0.244 0.021 0.136 0.008 0.030 0.016 0.146 0.313 0.018 0.006 0.027 0.015 0.007 
268 TMA-ZAIN-G-    (0)    1 :  0.004 0.009 0.006 0.008 0.003 0.005 0.004 0.004 0.871 0.005 0.004 0.071 0.004 0.003 
269 TMA-ZAIN-G-    (0)    1 :  0.008 0.085 0.031 0.024 0.004 0.007 0.008 0.005 0.560 0.008 0.005 0.246 0.005 0.004 
270 TMA-ZAIN-G-    (0)    1 :  0.006 0.170 0.016 0.016 0.004 0.006 0.007 0.006 0.655 0.006 0.004 0.098 0.004 0.003 
271 TMA-ZAIN-G-    (0)    1 :  0.004 0.025 0.007 0.011 0.004 0.006 0.006 0.005 0.883 0.007 0.005 0.031 0.003 0.003 
272 TMA-ZAIN-G-    (0)    1 :  0.005 0.031 0.065 0.026 0.004 0.006 0.006 0.003 0.809 0.005 0.005 0.028 0.003 0.004 
