

----------------------------------------------------
STRUCTURE by Pritchard, Stephens and Donnelly (2000)
     and Falush, Stephens and Pritchard (2003)
       Code by Pritchard, Falush and Hubisz
             Version 2.3.4 (Jul 2012)
----------------------------------------------------



Command line arguments:   bin\structure -m C:\Users\eschumacher\Documents\GitHub\GCC_QUAC_ZAIN\Data_Files\Structure_Files\ZAIN\ZAIN_rebinned_allpop_str\50-50\mainparams -e C:\Users\eschumacher\Documents\GitHub\GCC_QUAC_ZAIN\Data_Files\Structure_Files\ZAIN\ZAIN_rebinned_allpop_str\50-50\extraparams 
Input File:    C:\Users\eschumacher\Documents\GitHub\GCC_QUAC_ZAIN\Data_Files\Structure_Files\ZAIN\ZAIN_rebinned_allpop_str\project_data

Run parameters:
   1133 individuals
   11 loci
   3 populations assumed
   50000 Burn-in period
   50000 Reps


--------------------------------------------
Proportion of membership of each pre-defined
 population in each of the 3 clusters

Given    Inferred Clusters       Number of
 Pop       1      2      3      Individuals

  1:     0.162  0.363  0.476      303
  2:     0.277  0.292  0.432       15
  3:     0.260  0.396  0.343        2
  4:     0.063  0.348  0.589        2
  5:     0.260  0.415  0.324        7
  6:     0.108  0.698  0.194       13
  7:     0.006  0.989  0.005       13
  8:     0.024  0.018  0.958        7
  9:     0.135  0.117  0.748       11
 10:     0.108  0.260  0.632        9
 11:     0.009  0.979  0.013       35
 12:     0.040  0.010  0.950       36
 13:     0.015  0.011  0.974       33
 14:     0.956  0.027  0.017       40
 15:     0.879  0.006  0.115       39
 16:     0.055  0.864  0.081       40
 17:     0.046  0.919  0.035       37
 18:     0.010  0.006  0.984       40
 19:     0.051  0.937  0.012       28
 20:     0.838  0.138  0.024       14
 21:     0.021  0.964  0.015       13
 22:     0.212  0.006  0.782       14
 23:     0.012  0.008  0.980       25
 24:     0.035  0.018  0.947       40
 25:     0.927  0.046  0.027       32
 26:     0.009  0.981  0.010       20
 27:     0.015  0.970  0.015        4
 28:     0.034  0.912  0.054       23
 29:     0.015  0.975  0.010       39
 30:     0.006  0.988  0.006       38
 31:     0.143  0.008  0.849       45
 32:     0.105  0.008  0.886       28
 33:     0.010  0.980  0.010        6
 34:     0.093  0.802  0.105       40
 35:     0.035  0.901  0.064       42
--------------------------------------------

Allele-freq. divergence among pops (Net nucleotide distance),
computed using point estimates of P.

      1       2       3      
 1      -    0.1173  0.1055  
 2   0.1173     -    0.1595  
 3   0.1055  0.1595     -    

Average distances (expected heterozygosity) between individuals in same cluster:
cluster  1  : 0.4514 
cluster  2  : 0.5646 
cluster  3  : 0.4576 

--------------------------------------------
Estimated Ln Prob of Data   = -24541.5
Mean value of ln likelihood = -24303.0
Variance of ln likelihood   = 477.0
Mean value of alpha         = 0.0438

Mean value of Fst_1         = 0.3365
Mean value of Fst_2         = 0.1619
Mean value of Fst_3         = 0.2579


Inferred ancestry of individuals:
        Label (%Miss) Pop:  Inferred clusters
  1 TMA-ZAIN-G-    (9)    1 :  0.046 0.930 0.024 
  2 TMA-ZAIN-G-    (0)    1 :  0.102 0.770 0.128 
  3 TMA-ZAIN-G-    (0)    1 :  0.021 0.006 0.973 
  4 TMA-ZAIN-G-    (0)    1 :  0.830 0.026 0.144 
  5 TMA-ZAIN-G-    (0)    1 :  0.008 0.987 0.005 
  6 TMA-ZAIN-G-    (0)    1 :  0.177 0.126 0.697 
  7 TMA-ZAIN-G-    (0)    1 :  0.091 0.016 0.892 
  8 TMA-ZAIN-G-    (0)    1 :  0.020 0.005 0.975 
  9 TMA-ZAIN-G-    (9)    1 :  0.008 0.009 0.983 
 10 TMA-ZAIN-G-    (0)    1 :  0.015 0.006 0.979 
 11 TMA-ZAIN-G-    (0)    1 :  0.011 0.008 0.981 
 12 TMA-ZAIN-G-    (0)    1 :  0.009 0.005 0.986 
 13 TMA-ZAIN-G-    (9)    1 :  0.058 0.110 0.832 
 14 TMA-ZAIN-G-    (9)    1 :  0.880 0.009 0.110 
 15 TMA-ZAIN-G-    (0)    1 :  0.808 0.007 0.185 
 16 TMA-ZAIN-G-    (0)    1 :  0.007 0.006 0.988 
 17 TMA-ZAIN-G-    (9)    1 :  0.127 0.020 0.853 
 18 TMA-ZAIN-G-    (0)    1 :  0.034 0.956 0.010 
 19 TMA-ZAIN-G-    (0)    1 :  0.032 0.907 0.061 
 20 TMA-ZAIN-G-    (0)    1 :  0.010 0.986 0.004 
 21 TMA-ZAIN-G-    (0)    1 :  0.008 0.983 0.009 
 22 TMA-ZAIN-G-    (0)    1 :  0.006 0.991 0.003 
 23 TMA-ZAIN-G-    (0)    1 :  0.006 0.985 0.008 
 24 TMA-ZAIN-G-    (9)    1 :  0.026 0.832 0.141 
 25 TMA-ZAIN-G-    (9)    1 :  0.005 0.881 0.114 
 26 TMA-ZAIN-G-    (9)    1 :  0.572 0.038 0.390 
 27 TMA-ZAIN-G-    (0)    1 :  0.241 0.738 0.021 
 28 TMA-ZAIN-G-    (0)    1 :  0.031 0.946 0.024 
 29 TMA-ZAIN-G-    (0)    1 :  0.115 0.243 0.642 
 30 TMA-ZAIN-G-    (0)    1 :  0.041 0.190 0.769 
 31 TMA-ZAIN-G-    (0)    1 :  0.029 0.964 0.006 
 32 TMA-ZAIN-G-    (9)    1 :  0.016 0.841 0.142 
 33 TMA-ZAIN-G-   (18)    1 :  0.007 0.006 0.987 
 34 TMA-ZAIN-G-    (0)    1 :  0.018 0.140 0.842 
 35 TMA-ZAIN-G-    (9)    1 :  0.023 0.009 0.968 
 36 TMA-ZAIN-G-    (0)    1 :  0.030 0.005 0.965 
 37 TMA-ZAIN-G-    (9)    1 :  0.017 0.012 0.971 
 38 TMA-ZAIN-G-   (18)    1 :  0.072 0.789 0.139 
 39 TMA-ZAIN-G-    (0)    1 :  0.010 0.006 0.984 
 40 TMA-ZAIN-G-    (0)    1 :  0.007 0.005 0.988 
 41 TMA-ZAIN-G-    (0)    1 :  0.017 0.005 0.979 
 42 TMA-ZAIN-G-    (9)    1 :  0.105 0.004 0.891 
 43 TMA-ZAIN-G-    (0)    1 :  0.972 0.005 0.023 
 44 TMA-ZAIN-G-    (0)    1 :  0.011 0.943 0.046 
 45 TMA-ZAIN-G-    (0)    1 :  0.021 0.009 0.969 
 46 TMA-ZAIN-G-    (0)    1 :  0.009 0.986 0.006 
 47 TMA-ZAIN-G-    (0)    1 :  0.986 0.008 0.006 
 48 TMA-ZAIN-G-    (0)    1 :  0.864 0.017 0.119 
 49 TMA-ZAIN-G-    (9)    1 :  0.012 0.929 0.059 
 50 TMA-ZAIN-G-    (0)    1 :  0.011 0.886 0.102 
 51 TMA-ZAIN-G-    (0)    1 :  0.291 0.648 0.061 
 52 TMA-ZAIN-G-    (0)    1 :  0.214 0.729 0.058 
 53 TMA-ZAIN-G-    (0)    1 :  0.313 0.661 0.026 
 54 TMA-ZAIN-G-    (0)    1 :  0.983 0.009 0.008 
 55 TMA-ZAIN-G-    (0)    1 :  0.977 0.014 0.008 
 56 TMA-ZAIN-G-    (0)    1 :  0.865 0.028 0.107 
 57 TMA-ZAIN-G-    (0)    1 :  0.974 0.016 0.010 
 58 TMA-ZAIN-G-    (0)    1 :  0.069 0.909 0.023 
 59 TMA-ZAIN-G-    (0)    1 :  0.032 0.906 0.062 
 60 TMA-ZAIN-G-    (0)    1 :  0.122 0.856 0.022 
 61 TMA-ZAIN-G-    (0)    1 :  0.014 0.980 0.005 
 62 TMA-ZAIN-G-    (9)    1 :  0.025 0.943 0.032 
 63 TMA-ZAIN-G-    (0)    1 :  0.045 0.947 0.008 
 64 TMA-ZAIN-G-    (0)    1 :  0.012 0.003 0.985 
 65 TMA-ZAIN-G-    (9)    1 :  0.049 0.004 0.946 
 66 TMA-ZAIN-G-    (0)    1 :  0.013 0.004 0.983 
 67 TMA-ZAIN-G-    (0)    1 :  0.007 0.010 0.983 
 68 TMA-ZAIN-G-    (0)    1 :  0.032 0.003 0.964 
 69 TMA-ZAIN-G-    (0)    1 :  0.015 0.019 0.967 
 70 TMA-ZAIN-G-    (0)    1 :  0.008 0.007 0.986 
 71 TMA-ZAIN-G-    (0)    1 :  0.005 0.005 0.990 
 72 TMA-ZAIN-G-    (0)    1 :  0.014 0.007 0.980 
 73 TMA-ZAIN-G-    (0)    1 :  0.021 0.089 0.890 
 74 TMA-ZAIN-G-    (0)    1 :  0.009 0.020 0.971 
 75 TMA-ZAIN-G-    (0)    1 :  0.014 0.008 0.978 
 76 TMA-ZAIN-G-    (0)    1 :  0.005 0.039 0.955 
 77 TMA-ZAIN-G-    (0)    1 :  0.013 0.008 0.979 
 78 TMA-ZAIN-G-    (0)    1 :  0.020 0.059 0.920 
 79 TMA-ZAIN-G-    (0)    1 :  0.027 0.025 0.948 
 80 TMA-ZAIN-G-    (0)    1 :  0.011 0.007 0.983 
 81 TMA-ZAIN-G-    (0)    1 :  0.014 0.012 0.974 
 82 TMA-ZAIN-G-    (0)    1 :  0.011 0.005 0.984 
 83 TMA-ZAIN-G-    (9)    1 :  0.030 0.101 0.869 
 84 TMA-ZAIN-G-    (0)    1 :  0.008 0.026 0.967 
 85 TMA-ZAIN-G-    (0)    1 :  0.421 0.559 0.019 
 86 TMA-ZAIN-G-    (0)    1 :  0.640 0.310 0.050 
 87 TMA-ZAIN-G-    (0)    1 :  0.124 0.863 0.013 
 88 TMA-ZAIN-G-    (0)    1 :  0.650 0.214 0.136 
 89 TMA-ZAIN-G-    (0)    1 :  0.955 0.026 0.019 
 90 TMA-ZAIN-G-    (0)    1 :  0.940 0.045 0.015 
 91 TMA-ZAIN-G-    (0)    1 :  0.926 0.061 0.012 
 92 TMA-ZAIN-G-    (0)    1 :  0.955 0.037 0.008 
 93 TMA-ZAIN-G-    (0)    1 :  0.928 0.066 0.007 
 94 TMA-ZAIN-G-    (0)    1 :  0.630 0.363 0.008 
 95 TMA-ZAIN-G-    (0)    1 :  0.018 0.950 0.032 
 96 TMA-ZAIN-G-    (0)    1 :  0.124 0.643 0.234 
 97 TMA-ZAIN-G-    (0)    1 :  0.010 0.982 0.008 
 98 TMA-ZAIN-G-    (0)    1 :  0.011 0.981 0.008 
 99 TMA-ZAIN-G-    (0)    1 :  0.006 0.871 0.123 
100 TMA-ZAIN-G-    (0)    1 :  0.019 0.976 0.005 
101 TMA-ZAIN-G-    (0)    1 :  0.010 0.974 0.016 
102 TMA-ZAIN-G-    (0)    1 :  0.023 0.947 0.030 
103 TMA-ZAIN-G-    (0)    1 :  0.012 0.976 0.012 
104 TMA-ZAIN-G-    (0)    1 :  0.008 0.985 0.007 
105 TMA-ZAIN-G-    (0)    1 :  0.017 0.965 0.018 
106 TMA-ZAIN-G-    (0)    1 :  0.014 0.005 0.982 
107 TMA-ZAIN-G-    (0)    1 :  0.009 0.005 0.987 
108 TMA-ZAIN-G-    (9)    1 :  0.189 0.440 0.371 
109 TMA-ZAIN-G-    (0)    1 :  0.206 0.302 0.492 
110 TMA-ZAIN-G-    (0)    1 :  0.065 0.507 0.428 
111 TMA-ZAIN-G-    (9)    1 :  0.021 0.916 0.063 
112 TMA-ZAIN-G-    (0)    1 :  0.119 0.516 0.364 
113 TMA-ZAIN-G-    (0)    1 :  0.020 0.951 0.029 
114 TMA-ZAIN-G-    (0)    1 :  0.005 0.990 0.005 
115 TMA-ZAIN-G-    (0)    1 :  0.010 0.981 0.008 
116 TMA-ZAIN-G-    (0)    1 :  0.015 0.006 0.979 
117 TMA-ZAIN-G-    (0)    1 :  0.116 0.007 0.878 
118 TMA-ZAIN-G-    (0)    1 :  0.015 0.006 0.979 
119 TMA-ZAIN-G-    (0)    1 :  0.012 0.015 0.974 
120 TMA-ZAIN-G-    (0)    1 :  0.028 0.008 0.964 
121 TMA-ZAIN-G-    (0)    1 :  0.021 0.006 0.972 
122 TMA-ZAIN-G-    (0)    1 :  0.034 0.009 0.957 
123 TMA-ZAIN-G-    (0)    1 :  0.018 0.973 0.009 
124 TMA-ZAIN-G-    (0)    1 :  0.017 0.008 0.975 
125 TMA-ZAIN-G-    (0)    1 :  0.666 0.004 0.330 
126 TMA-ZAIN-G-    (0)    1 :  0.162 0.005 0.832 
127 TMA-ZAIN-G-    (0)    1 :  0.015 0.004 0.981 
128 TMA-ZAIN-G-    (0)    1 :  0.017 0.006 0.977 
129 TMA-ZAIN-G-    (0)    1 :  0.034 0.007 0.959 
130 TMA-ZAIN-G-    (0)    1 :  0.691 0.007 0.303 
131 TMA-ZAIN-G-    (0)    1 :  0.032 0.007 0.961 
132 TMA-ZAIN-G-    (0)    1 :  0.127 0.005 0.868 
133 TMA-ZAIN-G-    (0)    1 :  0.144 0.008 0.848 
134 TMA-ZAIN-G-    (0)    1 :  0.227 0.006 0.767 
135 TMA-ZAIN-G-    (0)    1 :  0.009 0.006 0.985 
136 TMA-ZAIN-G-    (0)    1 :  0.022 0.005 0.973 
137 TMA-ZAIN-G-    (0)    1 :  0.009 0.008 0.983 
138 TMA-ZAIN-G-    (0)    1 :  0.016 0.005 0.980 
139 TMA-ZAIN-G-    (0)    1 :  0.031 0.006 0.963 
140 TMA-ZAIN-G-    (0)    1 :  0.006 0.005 0.989 
141 TMA-ZAIN-G-    (0)    1 :  0.012 0.006 0.982 
142 TMA-ZAIN-G-    (9)    1 :  0.007 0.005 0.988 
143 TMA-ZAIN-G-    (0)    1 :  0.009 0.005 0.986 
144 TMA-ZAIN-G-    (0)    1 :  0.019 0.007 0.974 
145 TMA-ZAIN-G-    (0)    1 :  0.012 0.003 0.984 
146 TMA-ZAIN-G-    (0)    1 :  0.007 0.005 0.988 
147 TMA-ZAIN-G-    (9)    1 :  0.008 0.005 0.987 
148 TMA-ZAIN-G-    (0)    1 :  0.026 0.005 0.969 
149 TMA-ZAIN-G-    (0)    1 :  0.084 0.036 0.880 
150 TMA-ZAIN-G-    (0)    1 :  0.052 0.032 0.916 
151 TMA-ZAIN-G-    (0)    1 :  0.011 0.004 0.985 
152 TMA-ZAIN-G-    (0)    1 :  0.010 0.005 0.985 
153 TMA-ZAIN-G-    (0)    1 :  0.011 0.004 0.985 
154 TMA-ZAIN-G-    (0)    1 :  0.009 0.005 0.987 
155 TMA-ZAIN-G-    (0)    1 :  0.006 0.005 0.988 
156 TMA-ZAIN-G-    (9)    1 :  0.028 0.006 0.966 
157 TMA-ZAIN-G-    (0)    1 :  0.015 0.005 0.979 
158 TMA-ZAIN-G-    (0)    1 :  0.008 0.005 0.987 
159 TMA-ZAIN-G-    (0)    1 :  0.006 0.004 0.989 
160 TMA-ZAIN-G-    (0)    1 :  0.009 0.005 0.986 
161 TMA-ZAIN-G-    (0)    1 :  0.014 0.004 0.982 
162 TMA-ZAIN-G-    (0)    1 :  0.023 0.032 0.945 
163 TMA-ZAIN-G-    (0)    1 :  0.005 0.004 0.991 
164 TMA-ZAIN-G-    (0)    1 :  0.011 0.006 0.983 
165 TMA-ZAIN-G-    (0)    1 :  0.006 0.005 0.989 
166 TMA-ZAIN-G-    (0)    1 :  0.009 0.004 0.987 
167 TMA-ZAIN-G-    (0)    1 :  0.010 0.010 0.980 
168 TMA-ZAIN-G-    (0)    1 :  0.016 0.006 0.978 
169 TMA-ZAIN-G-    (0)    1 :  0.007 0.004 0.988 
170 TMA-ZAIN-G-    (0)    1 :  0.012 0.019 0.969 
171 TMA-ZAIN-G-    (0)    1 :  0.006 0.005 0.989 
172 TMA-ZAIN-G-    (0)    1 :  0.011 0.007 0.982 
173 TMA-ZAIN-G-    (0)    1 :  0.016 0.006 0.978 
174 TMA-ZAIN-G-    (0)    1 :  0.009 0.004 0.987 
175 TMA-ZAIN-G-    (0)    1 :  0.008 0.005 0.987 
176 TMA-ZAIN-G-    (0)    1 :  0.008 0.005 0.988 
177 TMA-ZAIN-G-    (0)    1 :  0.009 0.005 0.986 
178 TMA-ZAIN-G-    (0)    1 :  0.019 0.008 0.973 
179 TMA-ZAIN-G-    (0)    1 :  0.011 0.005 0.984 
180 TMA-ZAIN-G-    (0)    1 :  0.036 0.005 0.959 
181 TMA-ZAIN-G-    (0)    1 :  0.050 0.006 0.944 
182 TMA-ZAIN-G-    (0)    1 :  0.268 0.009 0.724 
183 TMA-ZAIN-G-    (0)    1 :  0.061 0.006 0.933 
184 TMA-ZAIN-G-    (0)    1 :  0.148 0.037 0.815 
185 TMA-ZAIN-G-    (0)    1 :  0.080 0.051 0.869 
186 TMA-ZAIN-G-    (9)    1 :  0.010 0.009 0.981 
187 TMA-ZAIN-G-    (0)    1 :  0.010 0.007 0.983 
188 TMA-ZAIN-G-    (0)    1 :  0.010 0.005 0.985 
189 TMA-ZAIN-G-    (0)    1 :  0.007 0.004 0.989 
190 TMA-ZAIN-G-    (0)    1 :  0.027 0.006 0.967 
191 TMA-ZAIN-G-    (0)    1 :  0.022 0.037 0.942 
192 TMA-ZAIN-G-    (0)    1 :  0.014 0.007 0.979 
193 TMA-ZAIN-G-    (0)    1 :  0.985 0.004 0.011 
194 TMA-ZAIN-G-    (0)    1 :  0.981 0.006 0.013 
195 TMA-ZAIN-G-    (0)    1 :  0.629 0.006 0.365 
196 TMA-ZAIN-G-    (0)    1 :  0.922 0.005 0.073 
197 TMA-ZAIN-G-    (0)    1 :  0.969 0.005 0.026 
198 TMA-ZAIN-G-    (0)    1 :  0.891 0.005 0.104 
199 TMA-ZAIN-G-    (0)    1 :  0.020 0.007 0.973 
200 TMA-ZAIN-G-    (0)    1 :  0.013 0.982 0.004 
201 TMA-ZAIN-G-    (0)    1 :  0.006 0.987 0.007 
202 TMA-ZAIN-G-    (0)    1 :  0.010 0.982 0.009 
203 TMA-ZAIN-G-    (0)    1 :  0.849 0.011 0.139 
204 TMA-ZAIN-G-    (9)    1 :  0.049 0.934 0.017 
205 TMA-ZAIN-G-    (0)    1 :  0.020 0.948 0.032 
206 TMA-ZAIN-G-    (9)    1 :  0.084 0.903 0.013 
207 TMA-ZAIN-G-    (9)    1 :  0.107 0.025 0.868 
208 TMA-ZAIN-G-    (0)    1 :  0.005 0.004 0.991 
209 TMA-ZAIN-G-    (0)    1 :  0.214 0.004 0.782 
210 TMA-ZAIN-G-    (0)    1 :  0.140 0.005 0.854 
211 TMA-ZAIN-G-    (0)    1 :  0.041 0.015 0.944 
212 TMA-ZAIN-G-    (0)    1 :  0.025 0.005 0.970 
213 TMA-ZAIN-G-    (0)    1 :  0.016 0.006 0.978 
214 TMA-ZAIN-G-    (0)    1 :  0.013 0.005 0.982 
215 TMA-ZAIN-G-    (0)    1 :  0.005 0.129 0.866 
216 TMA-ZAIN-G-    (0)    1 :  0.027 0.006 0.967 
217 TMA-ZAIN-G-    (0)    1 :  0.016 0.004 0.980 
218 TMA-ZAIN-G-    (0)    1 :  0.010 0.939 0.051 
219 TMA-ZAIN-G-    (0)    1 :  0.021 0.967 0.011 
220 TMA-ZAIN-G-    (0)    1 :  0.010 0.968 0.022 
221 TMA-ZAIN-G-    (0)    1 :  0.024 0.949 0.027 
222 TMA-ZAIN-G-    (0)    1 :  0.023 0.950 0.027 
223 TMA-ZAIN-G-    (0)    1 :  0.007 0.986 0.007 
224 TMA-ZAIN-G-    (0)    1 :  0.073 0.888 0.040 
225 TMA-ZAIN-G-    (0)    1 :  0.012 0.982 0.006 
226 TMA-ZAIN-G-    (0)    1 :  0.025 0.961 0.014 
227 TMA-ZAIN-G-    (0)    1 :  0.013 0.975 0.012 
228 TMA-ZAIN-G-    (0)    1 :  0.017 0.934 0.049 
229 TMA-ZAIN-G-    (0)    1 :  0.007 0.984 0.009 
230 TMA-ZAIN-G-    (0)    1 :  0.260 0.491 0.249 
231 TMA-ZAIN-G-    (0)    1 :  0.015 0.968 0.018 
232 TMA-ZAIN-G-    (9)    1 :  0.011 0.976 0.014 
233 TMA-ZAIN-G-    (0)    1 :  0.044 0.792 0.164 
234 TMA-ZAIN-G-    (0)    1 :  0.022 0.971 0.008 
235 TMA-ZAIN-G-    (0)    1 :  0.033 0.891 0.075 
236 TMA-ZAIN-G-    (0)    1 :  0.016 0.970 0.014 
237 TMA-ZAIN-G-    (0)    1 :  0.048 0.821 0.131 
238 TMA-ZAIN-G-    (0)    1 :  0.008 0.980 0.012 
239 TMA-ZAIN-G-    (0)    1 :  0.246 0.732 0.022 
240 TMA-ZAIN-G-    (0)    1 :  0.010 0.985 0.006 
241 TMA-ZAIN-G-    (0)    1 :  0.009 0.976 0.014 
242 TMA-ZAIN-G-    (0)    1 :  0.006 0.982 0.012 
243 TMA-ZAIN-G-    (0)    1 :  0.009 0.970 0.021 
244 TMA-ZAIN-G-    (0)    1 :  0.006 0.972 0.022 
245 TMA-ZAIN-G-    (9)    1 :  0.005 0.988 0.007 
246 TMA-ZAIN-G-    (0)    1 :  0.005 0.990 0.005 
247 TMA-ZAIN-G-    (0)    1 :  0.007 0.983 0.011 
248 TMA-ZAIN-G-    (0)    1 :  0.008 0.983 0.009 
249 TMA-ZAIN-G-    (0)    1 :  0.008 0.986 0.006 
250 TMA-ZAIN-G-    (0)    1 :  0.007 0.987 0.006 
251 TMA-ZAIN-G-    (0)    1 :  0.987 0.007 0.006 
252 TMA-ZAIN-G-    (0)    1 :  0.922 0.009 0.070 
253 TMA-ZAIN-G-    (0)    1 :  0.982 0.008 0.010 
254 TMA-ZAIN-G-    (9)    1 :  0.962 0.008 0.030 
255 TMA-ZAIN-G-    (0)    1 :  0.960 0.030 0.010 
256 TMA-ZAIN-G-    (0)    1 :  0.983 0.009 0.008 
257 TMA-ZAIN-G-    (0)    1 :  0.991 0.005 0.004 
258 TMA-ZAIN-G-    (0)    1 :  0.990 0.005 0.005 
259 TMA-ZAIN-G-    (0)    1 :  0.988 0.008 0.004 
260 TMA-ZAIN-G-    (0)    1 :  0.987 0.007 0.006 
261 TMA-ZAIN-G-   (18)    1 :  0.985 0.007 0.009 
262 TMA-ZAIN-G-    (0)    1 :  0.990 0.006 0.005 
263 TMA-ZAIN-G-    (0)    1 :  0.985 0.009 0.006 
264 TMA-ZAIN-G-    (0)    1 :  0.984 0.010 0.006 
265 TMA-ZAIN-G-    (0)    1 :  0.735 0.194 0.071 
266 TMA-ZAIN-G-    (0)    1 :  0.967 0.012 0.021 
267 TMA-ZAIN-G-    (0)    1 :  0.220 0.757 0.023 
268 TMA-ZAIN-G-    (0)    1 :  0.006 0.989 0.005 
269 TMA-ZAIN-G-    (0)    1 :  0.007 0.986 0.006 
270 TMA-ZAIN-G-    (0)    1 :  0.008 0.985 0.007 
271 TMA-ZAIN-G-    (0)    1 :  0.006 0.989 0.005 
272 TMA-ZAIN-G-    (0)    1 :  0.005 0.989 0.006 
273 TMA-ZAIN-G-    (0)    1 :  0.005 0.992 0.004 
274 TMA-ZAIN-G-    (0)    1 :  0.015 0.975 0.010 
275 TMA-ZAIN-G-    (0)    1 :  0.004 0.993 0.004 
276 TMA-ZAIN-G-    (0)    1 :  0.004 0.992 0.005 
277 TMA-ZAIN-G-    (0)    1 :  0.007 0.988 0.005 
278 TMA-ZAIN-G-    (0)    1 :  0.006 0.990 0.005 
279 TMA-ZAIN-G-    (0)    1 :  0.005 0.990 0.005 
280 TMA-ZAIN-G-    (0)    1 :  0.005 0.990 0.005 
281 TMA-ZAIN-G-    (0)    1 :  0.006 0.989 0.005 
282 TMA-ZAIN-G-    (9)    1 :  0.005 0.991 0.004 
283 TMA-ZAIN-G-    (0)    1 :  0.012 0.982 0.005 
284 TMA-ZAIN-G-    (0)    1 :  0.019 0.974 0.007 
285 TMA-ZAIN-G-    (0)    1 :  0.012 0.980 0.008 
286 TMA-ZAIN-G-    (0)    1 :  0.006 0.991 0.003 
287 TMA-ZAIN-G-    (0)    1 :  0.008 0.985 0.006 
288 TMA-ZAIN-G-    (0)    1 :  0.018 0.965 0.017 
289 TMA-ZAIN-G-    (0)    1 :  0.012 0.978 0.010 
290 TMA-ZAIN-G-    (0)    1 :  0.009 0.985 0.006 
291 TMA-ZAIN-G-    (0)    1 :  0.013 0.979 0.009 
292 TMA-ZAIN-G-    (0)    1 :  0.009 0.017 0.973 
293 TMA-ZAIN-G-    (0)    1 :  0.024 0.009 0.967 
294 TMA-ZAIN-G-    (0)    1 :  0.009 0.005 0.986 
295 TMA-ZAIN-G-    (9)    1 :  0.011 0.009 0.980 
296 TMA-ZAIN-G-    (0)    1 :  0.024 0.012 0.964 
297 TMA-ZAIN-G-    (0)    1 :  0.020 0.009 0.970 
298 TMA-ZAIN-G-    (0)    1 :  0.047 0.030 0.923 
299 TMA-ZAIN-G-    (0)    1 :  0.005 0.007 0.987 
300 TMA-ZAIN-G-    (0)    1 :  0.009 0.006 0.985 
301 TMA-ZAIN-G-    (0)    1 :  0.014 0.008 0.977 
302 TMA-ZAIN-G-    (9)    1 :  0.013 0.005 0.982 
303 TMA-ZAIN-G-    (0)    1 :  0.246 0.741 0.013 
304 TMA-ZAIN-G-    (0)    2 :  0.935 0.011 0.055 
305 TMA-ZAIN-G-    (0)    2 :  0.012 0.006 0.983 
306 TMA-ZAIN-G-    (0)    2 :  0.471 0.147 0.382 
307 TMA-ZAIN-G-    (0)    2 :  0.804 0.011 0.184 
308 TMA-ZAIN-G-    (0)    2 :  0.804 0.187 0.009 
309 TMA-ZAIN-G-    (0)    2 :  0.011 0.006 0.984 
310 TMA-ZAIN-G-    (0)    2 :  0.019 0.021 0.960 
311 TMA-ZAIN-G-    (0)    2 :  0.095 0.029 0.875 
312 TMA-ZAIN-G-    (0)    2 :  0.034 0.013 0.953 
313 TMA-ZAIN-G-    (0)    2 :  0.881 0.010 0.109 
314 TMA-ZAIN-G-    (0)    2 :  0.013 0.976 0.010 
315 TMA-ZAIN-G-    (0)    2 :  0.018 0.481 0.502 
316 TMA-ZAIN-G-    (0)    2 :  0.015 0.551 0.434 
317 TMA-ZAIN-G-    (0)    2 :  0.019 0.955 0.026 
318 TMA-ZAIN-G-    (9)    2 :  0.018 0.974 0.008 
319 TMA-ZAIN-G-    (0)    3 :  0.510 0.471 0.019 
320 TMA-ZAIN-G-    (0)    3 :  0.010 0.322 0.668 
321 TMA-ZAIN-G-    (0)    4 :  0.020 0.337 0.642 
322 TMA-ZAIN-G-    (0)    4 :  0.105 0.359 0.536 
323 TMA-ZAIN-G-    (0)    5 :  0.106 0.772 0.122 
324 TMA-ZAIN-G-    (0)    5 :  0.116 0.009 0.875 
325 TMA-ZAIN-G-    (0)    5 :  0.015 0.969 0.017 
326 TMA-ZAIN-G-    (0)    5 :  0.428 0.470 0.102 
327 TMA-ZAIN-G-    (0)    5 :  0.967 0.005 0.028 
328 TMA-ZAIN-G-    (0)    5 :  0.139 0.673 0.188 
329 TMA-ZAIN-G-    (0)    5 :  0.052 0.009 0.939 
330 TMA-ZAIN-G-    (0)    6 :  0.103 0.005 0.892 
331 TMA-ZAIN-G-    (0)    6 :  0.202 0.158 0.640 
332 TMA-ZAIN-G-    (0)    6 :  0.083 0.004 0.914 
333 TMA-ZAIN-G-    (0)    6 :  0.964 0.006 0.030 
334 TMA-ZAIN-G-    (0)    6 :  0.006 0.990 0.005 
335 TMA-ZAIN-G-    (0)    6 :  0.005 0.988 0.007 
336 TMA-ZAIN-G-    (0)    6 :  0.009 0.981 0.009 
337 TMA-ZAIN-G-    (9)    6 :  0.007 0.986 0.007 
338 TMA-ZAIN-G-    (0)    6 :  0.005 0.992 0.004 
339 TMA-ZAIN-G-    (0)    6 :  0.004 0.993 0.003 
340 TMA-ZAIN-G-    (0)    6 :  0.004 0.991 0.005 
341 TMA-ZAIN-G-    (0)    6 :  0.004 0.990 0.006 
342 TMA-ZAIN-G-    (0)    6 :  0.005 0.989 0.006 
343 TMA-ZAIN-G-    (0)    7 :  0.004 0.993 0.004 
344 TMA-ZAIN-G-    (0)    7 :  0.006 0.989 0.005 
345 TMA-ZAIN-G-    (0)    7 :  0.005 0.992 0.003 
346 TMA-ZAIN-G-    (0)    7 :  0.005 0.992 0.004 
347 TMA-ZAIN-G-    (9)    7 :  0.004 0.991 0.004 
348 TMA-ZAIN-G-    (0)    7 :  0.009 0.985 0.006 
349 TMA-ZAIN-G-    (0)    7 :  0.005 0.991 0.004 
350 TMA-ZAIN-G-    (0)    7 :  0.007 0.986 0.008 
351 TMA-ZAIN-G-    (0)    7 :  0.006 0.989 0.005 
352 TMA-ZAIN-G-    (0)    7 :  0.007 0.985 0.008 
353 TMA-ZAIN-G-    (0)    7 :  0.007 0.987 0.006 
354 TMA-ZAIN-G-    (0)    7 :  0.004 0.991 0.005 
355 TMA-ZAIN-G-    (0)    7 :  0.005 0.986 0.009 
356 TMA-ZAIN-G-    (0)    8 :  0.019 0.008 0.973 
357 TMA-ZAIN-G-    (0)    8 :  0.040 0.008 0.952 
358 TMA-ZAIN-G-    (0)    8 :  0.052 0.054 0.894 
359 TMA-ZAIN-G-    (0)    8 :  0.018 0.026 0.955 
360 TMA-ZAIN-G-    (0)    8 :  0.007 0.005 0.989 
361 TMA-ZAIN-G-    (0)    8 :  0.028 0.009 0.964 
362 TMA-ZAIN-G-    (0)    8 :  0.006 0.012 0.982 
363 TMA-ZAIN-G-    (0)    9 :  0.075 0.013 0.912 
364 TMA-ZAIN-G-    (0)    9 :  0.020 0.958 0.023 
365 TMA-ZAIN-G-    (0)    9 :  0.007 0.251 0.742 
366 TMA-ZAIN-G-    (0)    9 :  0.014 0.007 0.978 
367 TMA-ZAIN-G-    (0)    9 :  0.518 0.022 0.460 
368 TMA-ZAIN-G-    (0)    9 :  0.017 0.006 0.978 
369 TMA-ZAIN-G-    (0)    9 :  0.014 0.004 0.982 
370 TMA-ZAIN-G-    (0)    9 :  0.017 0.006 0.978 
371 TMA-ZAIN-G-    (0)    9 :  0.008 0.005 0.987 
372 TMA-ZAIN-G-    (0)    9 :  0.007 0.005 0.988 
373 TMA-ZAIN-G-    (0)    9 :  0.790 0.009 0.202 
374 TMA-ZAIN-G-    (0)   10 :  0.672 0.237 0.091 
375 TMA-ZAIN-G-    (0)   10 :  0.077 0.544 0.379 
376 TMA-ZAIN-G-    (9)   10 :  0.005 0.006 0.989 
377 TMA-ZAIN-G-    (0)   10 :  0.006 0.004 0.991 
378 TMA-ZAIN-G-    (0)   10 :  0.006 0.004 0.990 
379 TMA-ZAIN-G-    (0)   10 :  0.009 0.004 0.987 
380 TMA-ZAIN-G-    (0)   10 :  0.009 0.004 0.987 
381 TMA-ZAIN-G-    (9)   10 :  0.178 0.557 0.265 
382 TMA-ZAIN-G-    (9)   10 :  0.009 0.983 0.009 
383    ZFB01    (0)   11 :  0.007 0.984 0.009 
384    ZFB02    (0)   11 :  0.007 0.988 0.005 
385    ZFB03    (0)   11 :  0.017 0.974 0.010 
386    ZFB04    (0)   11 :  0.006 0.989 0.005 
387    ZFB05    (0)   11 :  0.010 0.985 0.004 
388    ZFB06    (0)   11 :  0.008 0.987 0.004 
389    ZFB07    (9)   11 :  0.008 0.978 0.013 
390    ZFB08    (0)   11 :  0.012 0.979 0.009 
391    ZFB09    (0)   11 :  0.007 0.987 0.006 
392    ZFB10    (0)   11 :  0.008 0.972 0.020 
393    ZFB11    (0)   11 :  0.007 0.976 0.016 
394    ZFB12    (0)   11 :  0.007 0.984 0.009 
395    ZFB13    (0)   11 :  0.007 0.981 0.012 
396    ZFB14    (0)   11 :  0.009 0.978 0.013 
397    ZFB15    (0)   11 :  0.004 0.992 0.004 
398    ZFB16    (0)   11 :  0.005 0.990 0.006 
399    ZFB17    (0)   11 :  0.006 0.988 0.006 
400    ZFB18    (0)   11 :  0.008 0.982 0.010 
401    ZFB19    (0)   11 :  0.007 0.957 0.036 
402    ZFB20    (0)   11 :  0.004 0.991 0.005 
403    ZFB21    (0)   11 :  0.005 0.991 0.005 
404    ZFB22    (0)   11 :  0.005 0.988 0.007 
405    ZFB23    (0)   11 :  0.009 0.977 0.014 
406    ZFB24    (0)   11 :  0.006 0.983 0.011 
407    ZFB25    (0)   11 :  0.009 0.934 0.057 
408    ZFB26    (0)   11 :  0.008 0.969 0.024 
409    ZFB27    (0)   11 :  0.005 0.982 0.013 
410    ZFB28    (0)   11 :  0.012 0.978 0.010 
411    ZFB29    (0)   11 :  0.006 0.988 0.006 
412    ZFB30    (0)   11 :  0.007 0.983 0.009 
413    ZFB31    (0)   11 :  0.008 0.948 0.044 
414    ZFB32    (0)   11 :  0.039 0.945 0.017 
415    ZFB33    (0)   11 :  0.005 0.990 0.005 
416    ZFB34    (0)   11 :  0.009 0.982 0.009 
417    ZFB35    (0)   11 :  0.010 0.980 0.010 
418  ZFBP101    (0)   12 :  0.127 0.013 0.861 
419  ZFBP102    (0)   12 :  0.022 0.017 0.961 
420  ZFBP103    (0)   12 :  0.324 0.008 0.668 
421  ZFBP104    (0)   12 :  0.007 0.087 0.906 
422  ZFBP105    (0)   12 :  0.011 0.010 0.980 
423  ZFBP106    (0)   12 :  0.013 0.005 0.982 
424  ZFBP107    (0)   12 :  0.013 0.014 0.973 
425  ZFBP108    (0)   12 :  0.005 0.005 0.990 
426  ZFBP109    (0)   12 :  0.005 0.004 0.991 
427  ZFBP110    (0)   12 :  0.260 0.020 0.719 
428  ZFBP111    (0)   12 :  0.007 0.004 0.989 
429  ZFBP112    (0)   12 :  0.011 0.007 0.982 
430  ZFBP113    (0)   12 :  0.005 0.006 0.989 
431  ZFBP114    (0)   12 :  0.009 0.007 0.984 
432  ZFBP115    (0)   12 :  0.019 0.005 0.976 
433  ZFBP116    (0)   12 :  0.006 0.005 0.988 
434  ZFBP117    (0)   12 :  0.010 0.004 0.986 
435  ZFBP118    (0)   12 :  0.007 0.006 0.988 
436  ZFBP119    (0)   12 :  0.034 0.005 0.961 
437  ZFBP120    (0)   12 :  0.008 0.008 0.984 
438  ZFBP121    (0)   12 :  0.013 0.006 0.981 
439  ZFBP122    (9)   12 :  0.008 0.005 0.987 
440  ZFBP123    (0)   12 :  0.018 0.009 0.974 
441  ZFBP124    (0)   12 :  0.010 0.008 0.982 
442  ZFBP125    (0)   12 :  0.009 0.004 0.987 
443  ZFBP126    (0)   12 :  0.024 0.018 0.958 
444  ZFBP127    (0)   12 :  0.016 0.004 0.980 
445  ZFBP128    (0)   12 :  0.010 0.004 0.985 
446  ZFBP129    (0)   12 :  0.010 0.005 0.985 
447  ZFBP130    (0)   12 :  0.011 0.004 0.985 
448  ZFBP131    (0)   12 :  0.006 0.005 0.989 
449  ZFBP132    (0)   12 :  0.008 0.005 0.987 
450  ZFBP133    (0)   12 :  0.007 0.004 0.989 
451  ZFBP134    (0)   12 :  0.023 0.005 0.972 
452  ZFBP135    (0)   12 :  0.257 0.014 0.730 
453  ZFBP136    (0)   12 :  0.108 0.007 0.885 
454  ZFBP201    (0)   13 :  0.012 0.010 0.978 
455  ZFBP202    (0)   13 :  0.007 0.005 0.988 
456  ZFBP203    (0)   13 :  0.008 0.022 0.970 
457  ZFBP204    (0)   13 :  0.027 0.006 0.966 
458  ZFBP205    (0)   13 :  0.010 0.006 0.984 
459  ZFBP206    (0)   13 :  0.017 0.010 0.973 
460  ZFBP207    (0)   13 :  0.035 0.005 0.960 
461  ZFBP208    (0)   13 :  0.010 0.011 0.979 
462  ZFBP209    (0)   13 :  0.007 0.004 0.989 
463  ZFBP210    (0)   13 :  0.013 0.009 0.978 
464  ZFBP211    (0)   13 :  0.008 0.006 0.986 
465  ZFBP212    (0)   13 :  0.007 0.006 0.988 
466  ZFBP213    (0)   13 :  0.021 0.010 0.969 
467  ZFBP214    (0)   13 :  0.097 0.009 0.894 
468  ZFBP215    (0)   13 :  0.008 0.005 0.987 
469  ZFBP216    (0)   13 :  0.008 0.010 0.981 
470  ZFBP217    (0)   13 :  0.012 0.005 0.983 
471  ZFBP218    (0)   13 :  0.005 0.005 0.991 
472  ZFBP219    (0)   13 :  0.005 0.006 0.989 
473  ZFBP220    (0)   13 :  0.013 0.004 0.983 
474  ZFBP221    (0)   13 :  0.006 0.005 0.989 
475  ZFBP222    (0)   13 :  0.010 0.008 0.982 
476  ZFBP223    (0)   13 :  0.041 0.008 0.950 
477  ZFBP224    (0)   13 :  0.010 0.008 0.983 
478  ZFBP225    (0)   13 :  0.018 0.006 0.976 
479  ZFBP226    (0)   13 :  0.006 0.006 0.987 
480  ZFBP227    (0)   13 :  0.011 0.120 0.869 
481  ZFBP228    (0)   13 :  0.019 0.005 0.976 
482  ZFBP229    (0)   13 :  0.008 0.004 0.988 
483  ZFBP230    (0)   13 :  0.016 0.005 0.980 
484  ZFBP231    (0)   13 :  0.008 0.007 0.986 
485  ZFBP232    (0)   13 :  0.006 0.004 0.989 
486  ZFBP233    (0)   13 :  0.009 0.007 0.984 
487   ZFCC01    (0)   14 :  0.982 0.013 0.006 
488   ZFCC03    (0)   14 :  0.989 0.005 0.006 
489   ZFCC04    (0)   14 :  0.985 0.009 0.006 
490   ZFCC05    (0)   14 :  0.984 0.010 0.007 
491   ZFCC08    (0)   14 :  0.974 0.006 0.020 
492   ZFCC09    (0)   14 :  0.987 0.008 0.005 
493   ZFCC10    (0)   14 :  0.981 0.013 0.006 
494   ZFCC11    (0)   14 :  0.987 0.007 0.007 
495   ZFCC12    (0)   14 :  0.931 0.061 0.007 
496   ZFCC13    (0)   14 :  0.978 0.010 0.012 
497   ZFCC14    (0)   14 :  0.973 0.018 0.009 
498   ZFCC15    (0)   14 :  0.981 0.012 0.007 
499   ZFCC16    (0)   14 :  0.984 0.011 0.006 
500   ZFCC17    (0)   14 :  0.983 0.013 0.004 
501   ZFCC18    (0)   14 :  0.986 0.008 0.006 
502   ZFCC19    (0)   14 :  0.974 0.021 0.005 
503   ZFCC20    (0)   14 :  0.989 0.006 0.005 
504   ZFCC21    (0)   14 :  0.901 0.029 0.069 
505   ZFCC22    (0)   14 :  0.717 0.012 0.271 
506   ZFCC26    (0)   14 :  0.987 0.008 0.005 
507   ZFCC27    (0)   14 :  0.990 0.005 0.005 
508   ZFCC29    (0)   14 :  0.979 0.015 0.006 
509   ZFCC30    (0)   14 :  0.990 0.004 0.005 
510   ZFCC32    (0)   14 :  0.978 0.016 0.006 
511   ZFCC33    (0)   14 :  0.981 0.014 0.005 
512   ZFCC34    (0)   14 :  0.949 0.016 0.034 
513   ZFCC35    (0)   14 :  0.989 0.005 0.006 
514   ZFCC36    (0)   14 :  0.970 0.017 0.013 
515   ZFCC37    (0)   14 :  0.909 0.079 0.012 
516   ZFCC40    (0)   14 :  0.978 0.014 0.008 
517   ZFCC42    (0)   14 :  0.534 0.459 0.008 
518   ZFCC44    (0)   14 :  0.991 0.005 0.004 
519   ZFCC45    (9)   14 :  0.941 0.053 0.006 
520   ZFCC46    (0)   14 :  0.980 0.006 0.014 
521   ZFCC47    (0)   14 :  0.957 0.036 0.007 
522   ZFCC48    (0)   14 :  0.944 0.011 0.044 
523   ZFCC50    (0)   14 :  0.984 0.011 0.005 
524   ZFCC51    (0)   14 :  0.990 0.005 0.005 
525   ZFCC52    (0)   14 :  0.978 0.008 0.015 
526   ZFCC53    (0)   14 :  0.989 0.006 0.004 
527  ZFCNS01    (0)   15 :  0.971 0.011 0.018 
528  ZFCNS02    (0)   15 :  0.980 0.004 0.016 
529  ZFCNS05    (0)   15 :  0.974 0.007 0.019 
530  ZFCNS06    (0)   15 :  0.981 0.005 0.013 
531  ZFCNS07    (0)   15 :  0.608 0.007 0.385 
532  ZFCNS10    (0)   15 :  0.922 0.005 0.073 
533  ZFCNS11    (0)   15 :  0.979 0.006 0.015 
534  ZFCNS15    (0)   15 :  0.156 0.007 0.837 
535  ZFCNS17    (0)   15 :  0.983 0.005 0.012 
536  ZFCNS18    (0)   15 :  0.958 0.005 0.037 
537  ZFCNS19    (0)   15 :  0.987 0.005 0.008 
538  ZFCNS20    (0)   15 :  0.854 0.006 0.140 
539  ZFCNS21    (0)   15 :  0.984 0.005 0.011 
540  ZFCNS22    (0)   15 :  0.830 0.008 0.162 
541  ZFCNS23    (0)   15 :  0.981 0.007 0.013 
542  ZFCNS24    (0)   15 :  0.984 0.005 0.012 
543  ZFCNS25    (0)   15 :  0.931 0.005 0.064 
544  ZFCNS26    (0)   15 :  0.652 0.008 0.340 
545  ZFCNS27    (0)   15 :  0.067 0.007 0.926 
546  ZFCNS28    (0)   15 :  0.971 0.006 0.022 
547  ZFCNS29    (0)   15 :  0.976 0.005 0.019 
548  ZFCNS30    (0)   15 :  0.983 0.006 0.011 
549  ZFCNS31    (0)   15 :  0.939 0.006 0.055 
550  ZFCNS32    (0)   15 :  0.960 0.007 0.033 
551  ZFCNS33    (0)   15 :  0.967 0.005 0.028 
552  ZFCNS34    (0)   15 :  0.989 0.005 0.007 
553  ZFCNS35    (0)   15 :  0.969 0.007 0.024 
554  ZFCNS36    (0)   15 :  0.987 0.005 0.008 
555  ZFCNS37    (0)   15 :  0.959 0.007 0.034 
556  ZFCNS39    (0)   15 :  0.984 0.004 0.012 
557  ZFCNS40    (0)   15 :  0.980 0.004 0.016 
558  ZFCNS41    (0)   15 :  0.856 0.011 0.133 
559  ZFCNS42    (0)   15 :  0.930 0.006 0.064 
560  ZFCNS43    (0)   15 :  0.986 0.005 0.009 
561  ZFCNS44    (0)   15 :  0.974 0.005 0.020 
562  ZFCNS46    (0)   15 :  0.966 0.006 0.028 
563  ZFCNS47    (0)   15 :  0.980 0.005 0.015 
564  ZFCNS48    (0)   15 :  0.949 0.005 0.046 
565  ZFCNS49    (0)   15 :  0.182 0.006 0.812 
566   ZFCR01    (0)   16 :  0.011 0.961 0.027 
567   ZFCR02    (0)   16 :  0.024 0.869 0.107 
568   ZFCR03    (0)   16 :  0.014 0.954 0.032 
569   ZFCR04    (0)   16 :  0.017 0.962 0.020 
570   ZFCR05    (0)   16 :  0.015 0.975 0.010 
571   ZFCR06    (0)   16 :  0.108 0.592 0.300 
572   ZFCR07    (0)   16 :  0.255 0.703 0.042 
573   ZFCR08    (0)   16 :  0.038 0.909 0.053 
574   ZFCR09    (0)   16 :  0.045 0.888 0.066 
575   ZFCR11    (0)   16 :  0.036 0.884 0.080 
576   ZFCR12    (0)   16 :  0.322 0.567 0.112 
577   ZFCR13    (0)   16 :  0.022 0.838 0.141 
578   ZFCR14    (0)   16 :  0.030 0.937 0.033 
579   ZFCR15    (0)   16 :  0.014 0.956 0.029 
580   ZFCR16    (0)   16 :  0.014 0.919 0.067 
581   ZFCR18    (0)   16 :  0.013 0.977 0.010 
582   ZFCR19    (0)   16 :  0.031 0.865 0.104 
583   ZFCR20    (0)   16 :  0.015 0.921 0.064 
584   ZFCR21    (0)   16 :  0.030 0.943 0.027 
585   ZFCR22    (0)   16 :  0.015 0.941 0.044 
586   ZFCR23    (0)   16 :  0.006 0.919 0.075 
587   ZFCR24    (9)   16 :  0.011 0.577 0.413 
588   ZFCR25    (0)   16 :  0.011 0.975 0.014 
589   ZFCR26    (0)   16 :  0.031 0.895 0.074 
590   ZFCR27    (9)   16 :  0.006 0.990 0.005 
591   ZFCR28    (0)   16 :  0.027 0.516 0.457 
592   ZFCR29    (0)   16 :  0.009 0.973 0.019 
593   ZFCR30    (0)   16 :  0.028 0.935 0.037 
594   ZFCR31    (0)   16 :  0.057 0.824 0.119 
595   ZFCR33    (0)   16 :  0.094 0.869 0.037 
596   ZFCR34    (0)   16 :  0.070 0.843 0.087 
597   ZFCR35    (0)   16 :  0.014 0.978 0.008 
598   ZFCR36    (0)   16 :  0.024 0.961 0.015 
599   ZFCR37    (0)   16 :  0.037 0.951 0.012 
600   ZFCR38    (0)   16 :  0.055 0.926 0.020 
601   ZFCR39    (0)   16 :  0.022 0.816 0.162 
602   ZFCR40    (0)   16 :  0.029 0.950 0.021 
603   ZFCR41    (0)   16 :  0.397 0.513 0.090 
604   ZFCR42    (0)   16 :  0.194 0.682 0.124 
605   ZFCR43    (0)   16 :  0.012 0.894 0.094 
606  ZFENP25    (0)   17 :  0.015 0.970 0.014 
607  ZFENP26    (0)   17 :  0.010 0.982 0.009 
608  ZFENP27    (0)   17 :  0.373 0.602 0.025 
609  ZFENP28    (0)   17 :  0.024 0.967 0.009 
610  ZFENP29    (0)   17 :  0.021 0.970 0.008 
611  ZFENP30    (0)   17 :  0.072 0.918 0.010 
612  ZFENP31    (0)   17 :  0.038 0.951 0.011 
613  ZFENP32    (0)   17 :  0.033 0.951 0.016 
614  ZFENP33    (0)   17 :  0.012 0.978 0.010 
615  ZFENP34    (0)   17 :  0.019 0.974 0.007 
616  ZFENP35    (0)   17 :  0.015 0.970 0.015 
617  ZFENP36    (0)   17 :  0.008 0.988 0.005 
618  ZFENP37    (0)   17 :  0.015 0.975 0.010 
619  ZFENP38    (0)   17 :  0.100 0.878 0.022 
620  ZFENP39    (0)   17 :  0.018 0.974 0.008 
621  ZFENP40    (0)   17 :  0.011 0.981 0.008 
622  ZFENP41    (0)   17 :  0.069 0.920 0.010 
623  ZFENP42    (0)   17 :  0.013 0.977 0.009 
624  ZFENP43    (0)   17 :  0.216 0.747 0.036 
625  ZFENP44    (0)   17 :  0.045 0.942 0.013 
626  ZFENP45    (0)   17 :  0.031 0.606 0.363 
627  ZFENP46    (0)   17 :  0.008 0.972 0.019 
628  ZFENP47    (0)   17 :  0.020 0.949 0.031 
629  ZFENP48    (0)   17 :  0.032 0.950 0.017 
630  ZFENP49    (0)   17 :  0.035 0.937 0.028 
631  ZFENP50    (0)   17 :  0.007 0.847 0.146 
632  ZFENP51    (0)   17 :  0.009 0.978 0.012 
633  ZFENP52    (0)   17 :  0.099 0.865 0.036 
634  ZFENP53    (0)   17 :  0.019 0.929 0.053 
635  ZFENP54    (0)   17 :  0.028 0.731 0.242 
636  ZFENP55    (0)   17 :  0.006 0.986 0.008 
637  ZFENP56    (0)   17 :  0.035 0.948 0.017 
638  ZFENP57    (0)   17 :  0.011 0.982 0.007 
639  ZFENP58    (0)   17 :  0.151 0.807 0.043 
640  ZFENP59    (0)   17 :  0.059 0.931 0.010 
641  ZFENP60    (0)   17 :  0.010 0.981 0.009 
642  ZFENP61    (0)   17 :  0.016 0.979 0.005 
643 ZFFDSP01    (0)   18 :  0.011 0.005 0.984 
644 ZFFDSP02    (0)   18 :  0.006 0.004 0.990 
645 ZFFDSP04    (0)   18 :  0.006 0.004 0.990 
646 ZFFDSP05    (0)   18 :  0.007 0.005 0.988 
647 ZFFDSP06    (0)   18 :  0.007 0.004 0.989 
648 ZFFDSP07    (0)   18 :  0.018 0.008 0.974 
649 ZFFDSP08    (0)   18 :  0.019 0.005 0.976 
650 ZFFDSP10    (0)   18 :  0.008 0.006 0.986 
651 ZFFDSP11    (0)   18 :  0.006 0.006 0.988 
652 ZFFDSP12    (0)   18 :  0.006 0.004 0.990 
653 ZFFDSP13    (0)   18 :  0.029 0.007 0.964 
654 ZFFDSP14    (0)   18 :  0.009 0.006 0.985 
655 ZFFDSP16    (0)   18 :  0.014 0.008 0.978 
656 ZFFDSP17    (0)   18 :  0.007 0.005 0.989 
657 ZFFDSP18    (0)   18 :  0.008 0.005 0.987 
658 ZFFDSP19    (0)   18 :  0.024 0.006 0.970 
659 ZFFDSP21    (0)   18 :  0.021 0.004 0.975 
660 ZFFDSP22    (0)   18 :  0.007 0.004 0.989 
661 ZFFDSP23    (0)   18 :  0.007 0.004 0.989 
662 ZFFDSP24    (0)   18 :  0.009 0.005 0.985 
663 ZFFDSP26    (9)   18 :  0.008 0.005 0.987 
664 ZFFDSP27    (0)   18 :  0.007 0.005 0.988 
665 ZFFDSP28    (0)   18 :  0.021 0.043 0.936 
666 ZFFDSP30    (0)   18 :  0.023 0.010 0.967 
667 ZFFDSP31    (0)   18 :  0.009 0.006 0.985 
668 ZFFDSP32    (0)   18 :  0.006 0.004 0.990 
669 ZFFDSP33    (0)   18 :  0.005 0.004 0.991 
670 ZFFDSP34    (0)   18 :  0.009 0.004 0.987 
671 ZFFDSP35    (0)   18 :  0.007 0.005 0.988 
672 ZFFDSP37    (0)   18 :  0.007 0.005 0.988 
673 ZFFDSP38    (0)   18 :  0.007 0.005 0.988 
674 ZFFDSP39    (0)   18 :  0.006 0.004 0.990 
675 ZFFDSP40    (0)   18 :  0.007 0.005 0.988 
676 ZFFDSP42    (0)   18 :  0.008 0.004 0.988 
677 ZFFDSP43    (0)   18 :  0.007 0.004 0.989 
678 ZFFDSP44    (0)   18 :  0.007 0.006 0.987 
679 ZFFDSP45    (0)   18 :  0.008 0.005 0.987 
680 ZFFDSP46    (0)   18 :  0.008 0.005 0.987 
681 ZFFDSP47    (0)   18 :  0.008 0.005 0.987 
682 ZFFDSP48    (0)   18 :  0.008 0.005 0.987 
683    ZFI01    (0)   19 :  0.019 0.973 0.008 
684    ZFI02    (0)   19 :  0.011 0.977 0.012 
685    ZFI03    (0)   19 :  0.020 0.973 0.007 
686    ZFI04    (0)   19 :  0.010 0.983 0.007 
687    ZFI05    (0)   19 :  0.026 0.963 0.011 
688    ZFI06    (0)   19 :  0.026 0.938 0.036 
689    ZFI07    (0)   19 :  0.010 0.983 0.007 
690    ZFI08    (0)   19 :  0.009 0.986 0.005 
691    ZFI09    (0)   19 :  0.011 0.981 0.008 
692    ZFI10    (0)   19 :  0.034 0.950 0.016 
693    ZFI11    (0)   19 :  0.011 0.983 0.005 
694    ZFI12    (0)   19 :  0.029 0.962 0.009 
695    ZFI13    (0)   19 :  0.013 0.978 0.009 
696    ZFI14    (0)   19 :  0.018 0.952 0.030 
697    ZFI15    (0)   19 :  0.011 0.981 0.008 
698    ZFI16    (0)   19 :  0.013 0.979 0.008 
699    ZFI17    (0)   19 :  0.010 0.983 0.007 
700    ZFI18    (0)   19 :  0.007 0.987 0.006 
701    ZFI19    (9)   19 :  0.008 0.986 0.005 
702    ZFI20    (0)   19 :  0.010 0.980 0.010 
703    ZFI21    (0)   19 :  0.018 0.947 0.035 
704    ZFI22    (0)   19 :  0.014 0.973 0.013 
705    ZFI23    (0)   19 :  0.013 0.979 0.008 
706    ZFI24    (0)   19 :  0.032 0.958 0.010 
707    ZFI25    (0)   19 :  0.014 0.974 0.012 
708    ZFI26    (0)   19 :  0.014 0.980 0.006 
709    ZFI27    (0)   19 :  0.045 0.943 0.012 
710    ZFK01    (0)   19 :  0.970 0.016 0.013 
711    ZFK02    (0)   20 :  0.966 0.022 0.012 
712    ZFK03    (0)   20 :  0.951 0.036 0.013 
713    ZFK04    (0)   20 :  0.764 0.223 0.013 
714    ZFK05    (0)   20 :  0.826 0.166 0.008 
715    ZFK06    (0)   20 :  0.723 0.265 0.012 
716    ZFK07    (0)   20 :  0.970 0.016 0.014 
717    ZFK08    (0)   20 :  0.211 0.771 0.019 
718    ZFK10    (0)   20 :  0.832 0.154 0.014 
719    ZFK11    (0)   20 :  0.886 0.104 0.010 
720    ZFK12    (0)   20 :  0.960 0.016 0.024 
721    ZFK13    (0)   20 :  0.896 0.021 0.083 
722    ZFK14    (0)   20 :  0.971 0.010 0.019 
723    ZFK15    (0)   20 :  0.830 0.120 0.049 
724    ZFK16    (0)   20 :  0.946 0.011 0.042 
725   ZFLB01    (0)   21 :  0.007 0.980 0.014 
726   ZFLB02    (0)   21 :  0.005 0.989 0.006 
727   ZFLB03    (0)   21 :  0.027 0.963 0.011 
728   ZFLB04    (0)   21 :  0.076 0.875 0.049 
729   ZFLB05    (0)   21 :  0.008 0.984 0.008 
730   ZFLB06    (0)   21 :  0.014 0.973 0.012 
731   ZFLB07    (0)   21 :  0.080 0.879 0.041 
732   ZFLB08    (0)   21 :  0.006 0.989 0.005 
733   ZFLB09    (9)   21 :  0.009 0.982 0.009 
734   ZFLB10    (0)   21 :  0.010 0.982 0.008 
735   ZFLB11    (0)   21 :  0.017 0.969 0.014 
736   ZFLB12    (0)   21 :  0.007 0.988 0.005 
737   ZFLB13    (0)   21 :  0.014 0.975 0.011 
738  ZFLTI01    (0)   22 :  0.148 0.005 0.847 
739  ZFLTI02    (0)   22 :  0.688 0.006 0.305 
740  ZFLTI03    (0)   22 :  0.097 0.005 0.898 
741  ZFLTI04    (0)   22 :  0.158 0.008 0.834 
742  ZFLTI05    (0)   22 :  0.085 0.006 0.909 
743  ZFLTI06    (0)   22 :  0.013 0.005 0.983 
744  ZFLTI07    (0)   22 :  0.025 0.006 0.970 
745  ZFLTI08    (0)   22 :  0.123 0.009 0.868 
746  ZFLTI09    (0)   22 :  0.027 0.006 0.966 
747  ZFLTI10    (0)   22 :  0.032 0.005 0.963 
748  ZFLTI11    (0)   22 :  0.016 0.005 0.979 
749  ZFLTI12    (0)   22 :  0.066 0.005 0.929 
750  ZFLTI13    (0)   22 :  0.571 0.007 0.422 
751  ZFLTI14    (0)   22 :  0.919 0.007 0.075 
752 ZFONF101    (0)   23 :  0.003 0.004 0.993 
753 ZFONF102    (0)   23 :  0.004 0.007 0.989 
754 ZFONF103    (0)   23 :  0.022 0.005 0.973 
755 ZFONF104    (0)   23 :  0.006 0.003 0.991 
756 ZFONF105    (0)   23 :  0.007 0.004 0.989 
757 ZFONF106    (0)   23 :  0.006 0.004 0.990 
758 ZFONF107    (0)   23 :  0.022 0.043 0.935 
