

----------------------------------------------------
STRUCTURE by Pritchard, Stephens and Donnelly (2000)
     and Falush, Stephens and Pritchard (2003)
       Code by Pritchard, Falush and Hubisz
             Version 2.3.4 (Jul 2012)
----------------------------------------------------



Command line arguments:   bin\structure -m C:\Users\eschumacher\Documents\GitHub\GCC_QUAC_ZAIN\Data_Files\Structure_Files\ZAIN\ZAIN_rebinned_allpop_str\50-50\mainparams -e C:\Users\eschumacher\Documents\GitHub\GCC_QUAC_ZAIN\Data_Files\Structure_Files\ZAIN\ZAIN_rebinned_allpop_str\50-50\extraparams 
Input File:    C:\Users\eschumacher\Documents\GitHub\GCC_QUAC_ZAIN\Data_Files\Structure_Files\ZAIN\ZAIN_rebinned_allpop_str\project_data

Run parameters:
   1133 individuals
   11 loci
   4 populations assumed
   50000 Burn-in period
   50000 Reps


--------------------------------------------
Proportion of membership of each pre-defined
 population in each of the 4 clusters

Given    Inferred Clusters              Number of
 Pop       1      2      3      4      Individuals

  1:     0.140  0.157  0.233  0.469      303
  2:     0.178  0.265  0.133  0.425       15
  3:     0.051  0.266  0.363  0.320        2
  4:     0.259  0.061  0.093  0.587        2
  5:     0.031  0.274  0.365  0.330        7
  6:     0.041  0.103  0.660  0.196       13
  7:     0.027  0.005  0.963  0.005       13
  8:     0.015  0.020  0.015  0.950        7
  9:     0.098  0.135  0.026  0.740       11
 10:     0.205  0.100  0.065  0.631        9
 11:     0.958  0.007  0.027  0.009       35
 12:     0.010  0.037  0.007  0.946       36
 13:     0.009  0.014  0.008  0.970       33
 14:     0.015  0.941  0.026  0.018       40
 15:     0.006  0.883  0.005  0.106       39
 16:     0.739  0.051  0.132  0.079       40
 17:     0.228  0.060  0.670  0.042       37
 18:     0.008  0.009  0.004  0.979       40
 19:     0.938  0.043  0.013  0.007       28
 20:     0.031  0.712  0.226  0.031       14
 21:     0.008  0.019  0.962  0.011       13
 22:     0.008  0.214  0.004  0.774       14
 23:     0.007  0.011  0.008  0.975       25
 24:     0.013  0.030  0.013  0.944       40
 25:     0.052  0.902  0.018  0.027       32
 26:     0.005  0.006  0.983  0.007       20
 27:     0.975  0.007  0.009  0.009        4
 28:     0.960  0.009  0.013  0.018       23
 29:     0.974  0.008  0.011  0.006       39
 30:     0.050  0.006  0.938  0.006       38
 31:     0.007  0.148  0.007  0.838       45
 32:     0.007  0.108  0.010  0.876       28
 33:     0.978  0.006  0.011  0.005        6
 34:     0.708  0.085  0.100  0.106       40
 35:     0.144  0.034  0.770  0.051       42
--------------------------------------------

Allele-freq. divergence among pops (Net nucleotide distance),
computed using point estimates of P.

      1       2       3       4      
 1      -    0.1204  0.0773  0.1588  
 2   0.1204     -    0.1598  0.1072  
 3   0.0773  0.1598     -    0.1982  
 4   0.1588  0.1072  0.1982     -    

Average distances (expected heterozygosity) between individuals in same cluster:
cluster  1  : 0.5429 
cluster  2  : 0.4462 
cluster  3  : 0.5102 
cluster  4  : 0.4561 

--------------------------------------------
Estimated Ln Prob of Data   = -23658.9
Mean value of ln likelihood = -23330.1
Variance of ln likelihood   = 657.6
Mean value of alpha         = 0.0397

Mean value of Fst_1         = 0.2164
Mean value of Fst_2         = 0.3304
Mean value of Fst_3         = 0.2118
Mean value of Fst_4         = 0.2651


Inferred ancestry of individuals:
        Label (%Miss) Pop:  Inferred clusters
  1 TMA-ZAIN-G-    (9)    1 :  0.963 0.018 0.009 0.011 
  2 TMA-ZAIN-G-    (0)    1 :  0.934 0.028 0.008 0.030 
  3 TMA-ZAIN-G-    (0)    1 :  0.007 0.020 0.004 0.969 
  4 TMA-ZAIN-G-    (0)    1 :  0.032 0.793 0.020 0.155 
  5 TMA-ZAIN-G-    (0)    1 :  0.986 0.005 0.006 0.003 
  6 TMA-ZAIN-G-    (0)    1 :  0.095 0.167 0.053 0.684 
  7 TMA-ZAIN-G-    (0)    1 :  0.022 0.074 0.010 0.894 
  8 TMA-ZAIN-G-    (0)    1 :  0.007 0.020 0.003 0.970 
  9 TMA-ZAIN-G-    (9)    1 :  0.010 0.007 0.006 0.977 
 10 TMA-ZAIN-G-    (0)    1 :  0.005 0.014 0.005 0.976 
 11 TMA-ZAIN-G-    (0)    1 :  0.007 0.010 0.008 0.975 
 12 TMA-ZAIN-G-    (0)    1 :  0.006 0.007 0.004 0.983 
 13 TMA-ZAIN-G-    (9)    1 :  0.061 0.045 0.093 0.801 
 14 TMA-ZAIN-G-    (9)    1 :  0.006 0.893 0.009 0.091 
 15 TMA-ZAIN-G-    (0)    1 :  0.014 0.892 0.005 0.090 
 16 TMA-ZAIN-G-    (0)    1 :  0.006 0.007 0.006 0.982 
 17 TMA-ZAIN-G-    (9)    1 :  0.017 0.117 0.020 0.846 
 18 TMA-ZAIN-G-    (0)    1 :  0.969 0.014 0.010 0.006 
 19 TMA-ZAIN-G-    (0)    1 :  0.249 0.038 0.605 0.108 
 20 TMA-ZAIN-G-    (0)    1 :  0.046 0.020 0.928 0.006 
 21 TMA-ZAIN-G-    (0)    1 :  0.004 0.005 0.986 0.006 
 22 TMA-ZAIN-G-    (0)    1 :  0.048 0.006 0.944 0.003 
 23 TMA-ZAIN-G-    (0)    1 :  0.045 0.006 0.944 0.006 
 24 TMA-ZAIN-G-    (9)    1 :  0.022 0.033 0.748 0.197 
 25 TMA-ZAIN-G-    (9)    1 :  0.898 0.004 0.070 0.028 
 26 TMA-ZAIN-G-    (9)    1 :  0.024 0.520 0.052 0.405 
 27 TMA-ZAIN-G-    (0)    1 :  0.693 0.234 0.050 0.023 
 28 TMA-ZAIN-G-    (0)    1 :  0.913 0.024 0.048 0.016 
 29 TMA-ZAIN-G-    (0)    1 :  0.005 0.109 0.255 0.632 
 30 TMA-ZAIN-G-    (0)    1 :  0.078 0.043 0.124 0.755 
 31 TMA-ZAIN-G-    (0)    1 :  0.962 0.019 0.014 0.006 
 32 TMA-ZAIN-G-    (9)    1 :  0.953 0.008 0.011 0.028 
 33 TMA-ZAIN-G-   (18)    1 :  0.008 0.006 0.004 0.982 
 34 TMA-ZAIN-G-    (0)    1 :  0.301 0.010 0.025 0.665 
 35 TMA-ZAIN-G-    (9)    1 :  0.016 0.022 0.005 0.957 
 36 TMA-ZAIN-G-    (0)    1 :  0.007 0.032 0.004 0.957 
 37 TMA-ZAIN-G-    (9)    1 :  0.012 0.014 0.007 0.966 
 38 TMA-ZAIN-G-   (18)    1 :  0.936 0.017 0.013 0.033 
 39 TMA-ZAIN-G-    (0)    1 :  0.004 0.008 0.007 0.981 
 40 TMA-ZAIN-G-    (0)    1 :  0.004 0.006 0.004 0.986 
 41 TMA-ZAIN-G-    (0)    1 :  0.004 0.015 0.004 0.977 
 42 TMA-ZAIN-G-    (9)    1 :  0.004 0.113 0.003 0.880 
 43 TMA-ZAIN-G-    (0)    1 :  0.005 0.968 0.004 0.022 
 44 TMA-ZAIN-G-    (0)    1 :  0.006 0.006 0.970 0.018 
 45 TMA-ZAIN-G-    (0)    1 :  0.009 0.022 0.008 0.961 
 46 TMA-ZAIN-G-    (0)    1 :  0.004 0.005 0.987 0.004 
 47 TMA-ZAIN-G-    (0)    1 :  0.008 0.979 0.006 0.006 
 48 TMA-ZAIN-G-    (0)    1 :  0.011 0.847 0.025 0.117 
 49 TMA-ZAIN-G-    (9)    1 :  0.076 0.025 0.763 0.136 
 50 TMA-ZAIN-G-    (0)    1 :  0.180 0.014 0.660 0.146 
 51 TMA-ZAIN-G-    (0)    1 :  0.110 0.297 0.538 0.055 
 52 TMA-ZAIN-G-    (0)    1 :  0.029 0.187 0.740 0.044 
 53 TMA-ZAIN-G-    (0)    1 :  0.539 0.319 0.099 0.043 
 54 TMA-ZAIN-G-    (0)    1 :  0.009 0.976 0.008 0.006 
 55 TMA-ZAIN-G-    (0)    1 :  0.009 0.970 0.014 0.007 
 56 TMA-ZAIN-G-    (0)    1 :  0.024 0.836 0.025 0.114 
 57 TMA-ZAIN-G-    (0)    1 :  0.013 0.962 0.015 0.009 
 58 TMA-ZAIN-G-    (0)    1 :  0.409 0.130 0.424 0.037 
 59 TMA-ZAIN-G-    (0)    1 :  0.894 0.035 0.026 0.045 
 60 TMA-ZAIN-G-    (0)    1 :  0.867 0.098 0.019 0.016 
 61 TMA-ZAIN-G-    (0)    1 :  0.962 0.009 0.025 0.004 
 62 TMA-ZAIN-G-    (9)    1 :  0.957 0.011 0.010 0.022 
 63 TMA-ZAIN-G-    (0)    1 :  0.966 0.018 0.011 0.005 
 64 TMA-ZAIN-G-    (0)    1 :  0.003 0.010 0.003 0.984 
 65 TMA-ZAIN-G-    (9)    1 :  0.005 0.042 0.003 0.950 
 66 TMA-ZAIN-G-    (0)    1 :  0.003 0.011 0.003 0.982 
 67 TMA-ZAIN-G-    (0)    1 :  0.007 0.006 0.014 0.973 
 68 TMA-ZAIN-G-    (0)    1 :  0.003 0.032 0.003 0.961 
 69 TMA-ZAIN-G-    (0)    1 :  0.012 0.013 0.020 0.956 
 70 TMA-ZAIN-G-    (0)    1 :  0.005 0.007 0.007 0.981 
 71 TMA-ZAIN-G-    (0)    1 :  0.004 0.004 0.005 0.987 
 72 TMA-ZAIN-G-    (0)    1 :  0.006 0.012 0.006 0.977 
 73 TMA-ZAIN-G-    (0)    1 :  0.050 0.013 0.052 0.885 
 74 TMA-ZAIN-G-    (0)    1 :  0.017 0.009 0.022 0.952 
 75 TMA-ZAIN-G-    (0)    1 :  0.008 0.014 0.006 0.972 
 76 TMA-ZAIN-G-    (0)    1 :  0.014 0.005 0.071 0.911 
 77 TMA-ZAIN-G-    (0)    1 :  0.005 0.011 0.013 0.971 
 78 TMA-ZAIN-G-    (0)    1 :  0.017 0.015 0.076 0.893 
 79 TMA-ZAIN-G-    (0)    1 :  0.007 0.022 0.059 0.912 
 80 TMA-ZAIN-G-    (0)    1 :  0.004 0.009 0.007 0.980 
 81 TMA-ZAIN-G-    (0)    1 :  0.007 0.013 0.017 0.964 
 82 TMA-ZAIN-G-    (0)    1 :  0.006 0.010 0.004 0.980 
 83 TMA-ZAIN-G-    (9)    1 :  0.097 0.020 0.040 0.843 
 84 TMA-ZAIN-G-    (0)    1 :  0.008 0.007 0.050 0.936 
 85 TMA-ZAIN-G-    (0)    1 :  0.307 0.295 0.375 0.023 
 86 TMA-ZAIN-G-    (0)    1 :  0.035 0.348 0.543 0.074 
 87 TMA-ZAIN-G-    (0)    1 :  0.069 0.057 0.860 0.013 
 88 TMA-ZAIN-G-    (0)    1 :  0.273 0.578 0.019 0.130 
 89 TMA-ZAIN-G-    (0)    1 :  0.020 0.938 0.024 0.018 
 90 TMA-ZAIN-G-    (0)    1 :  0.029 0.921 0.034 0.016 
 91 TMA-ZAIN-G-    (0)    1 :  0.087 0.882 0.018 0.013 
 92 TMA-ZAIN-G-    (0)    1 :  0.013 0.920 0.059 0.008 
 93 TMA-ZAIN-G-    (0)    1 :  0.075 0.905 0.014 0.006 
 94 TMA-ZAIN-G-    (0)    1 :  0.222 0.695 0.076 0.006 
 95 TMA-ZAIN-G-    (0)    1 :  0.578 0.017 0.373 0.032 
 96 TMA-ZAIN-G-    (0)    1 :  0.310 0.114 0.330 0.246 
 97 TMA-ZAIN-G-    (0)    1 :  0.973 0.009 0.011 0.006 
 98 TMA-ZAIN-G-    (0)    1 :  0.983 0.007 0.005 0.005 
 99 TMA-ZAIN-G-    (0)    1 :  0.915 0.006 0.010 0.070 
100 TMA-ZAIN-G-    (0)    1 :  0.962 0.016 0.018 0.004 
101 TMA-ZAIN-G-    (0)    1 :  0.978 0.007 0.007 0.007 
102 TMA-ZAIN-G-    (0)    1 :  0.650 0.032 0.279 0.039 
103 TMA-ZAIN-G-    (0)    1 :  0.960 0.009 0.021 0.010 
104 TMA-ZAIN-G-    (0)    1 :  0.982 0.006 0.008 0.004 
105 TMA-ZAIN-G-    (0)    1 :  0.966 0.011 0.013 0.010 
106 TMA-ZAIN-G-    (0)    1 :  0.005 0.014 0.004 0.978 
107 TMA-ZAIN-G-    (0)    1 :  0.005 0.007 0.004 0.984 
108 TMA-ZAIN-G-    (9)    1 :  0.567 0.119 0.048 0.267 
109 TMA-ZAIN-G-    (0)    1 :  0.386 0.164 0.006 0.444 
110 TMA-ZAIN-G-    (0)    1 :  0.286 0.057 0.179 0.478 
111 TMA-ZAIN-G-    (9)    1 :  0.921 0.012 0.029 0.037 
112 TMA-ZAIN-G-    (0)    1 :  0.462 0.114 0.081 0.343 
113 TMA-ZAIN-G-    (0)    1 :  0.966 0.011 0.010 0.013 
114 TMA-ZAIN-G-    (0)    1 :  0.982 0.004 0.011 0.004 
115 TMA-ZAIN-G-    (0)    1 :  0.984 0.005 0.006 0.005 
116 TMA-ZAIN-G-    (0)    1 :  0.011 0.013 0.003 0.973 
117 TMA-ZAIN-G-    (0)    1 :  0.009 0.125 0.005 0.862 
118 TMA-ZAIN-G-    (0)    1 :  0.009 0.015 0.004 0.973 
119 TMA-ZAIN-G-    (0)    1 :  0.025 0.010 0.009 0.956 
120 TMA-ZAIN-G-    (0)    1 :  0.013 0.024 0.005 0.958 
121 TMA-ZAIN-G-    (0)    1 :  0.009 0.023 0.004 0.964 
122 TMA-ZAIN-G-    (0)    1 :  0.009 0.027 0.009 0.955 
123 TMA-ZAIN-G-    (0)    1 :  0.967 0.010 0.017 0.006 
124 TMA-ZAIN-G-    (0)    1 :  0.010 0.017 0.005 0.967 
125 TMA-ZAIN-G-    (0)    1 :  0.004 0.700 0.003 0.293 
126 TMA-ZAIN-G-    (0)    1 :  0.007 0.187 0.004 0.802 
127 TMA-ZAIN-G-    (0)    1 :  0.004 0.013 0.004 0.979 
128 TMA-ZAIN-G-    (0)    1 :  0.006 0.015 0.004 0.976 
129 TMA-ZAIN-G-    (0)    1 :  0.010 0.029 0.005 0.956 
130 TMA-ZAIN-G-    (0)    1 :  0.011 0.716 0.004 0.269 
131 TMA-ZAIN-G-    (0)    1 :  0.009 0.029 0.006 0.956 
132 TMA-ZAIN-G-    (0)    1 :  0.006 0.130 0.004 0.861 
133 TMA-ZAIN-G-    (0)    1 :  0.005 0.133 0.011 0.851 
134 TMA-ZAIN-G-    (0)    1 :  0.005 0.222 0.006 0.767 
135 TMA-ZAIN-G-    (0)    1 :  0.005 0.008 0.006 0.981 
136 TMA-ZAIN-G-    (0)    1 :  0.005 0.018 0.005 0.972 
137 TMA-ZAIN-G-    (0)    1 :  0.007 0.008 0.007 0.978 
138 TMA-ZAIN-G-    (0)    1 :  0.005 0.014 0.003 0.978 
139 TMA-ZAIN-G-    (0)    1 :  0.005 0.026 0.004 0.964 
140 TMA-ZAIN-G-    (0)    1 :  0.005 0.006 0.005 0.984 
141 TMA-ZAIN-G-    (0)    1 :  0.007 0.011 0.005 0.978 
142 TMA-ZAIN-G-    (9)    1 :  0.005 0.007 0.004 0.985 
143 TMA-ZAIN-G-    (0)    1 :  0.006 0.008 0.004 0.982 
144 TMA-ZAIN-G-    (0)    1 :  0.006 0.017 0.007 0.970 
145 TMA-ZAIN-G-    (0)    1 :  0.004 0.011 0.003 0.983 
146 TMA-ZAIN-G-    (0)    1 :  0.004 0.006 0.004 0.986 
147 TMA-ZAIN-G-    (9)    1 :  0.004 0.006 0.004 0.985 
148 TMA-ZAIN-G-    (0)    1 :  0.004 0.024 0.004 0.968 
149 TMA-ZAIN-G-    (0)    1 :  0.040 0.065 0.025 0.870 
150 TMA-ZAIN-G-    (0)    1 :  0.038 0.045 0.021 0.896 
151 TMA-ZAIN-G-    (0)    1 :  0.005 0.010 0.003 0.982 
152 TMA-ZAIN-G-    (0)    1 :  0.006 0.010 0.003 0.981 
153 TMA-ZAIN-G-    (0)    1 :  0.004 0.010 0.003 0.982 
154 TMA-ZAIN-G-    (0)    1 :  0.006 0.008 0.003 0.982 
155 TMA-ZAIN-G-    (0)    1 :  0.007 0.005 0.004 0.984 
156 TMA-ZAIN-G-    (9)    1 :  0.009 0.029 0.004 0.958 
157 TMA-ZAIN-G-    (0)    1 :  0.006 0.015 0.004 0.975 
158 TMA-ZAIN-G-    (0)    1 :  0.006 0.007 0.004 0.983 
159 TMA-ZAIN-G-    (0)    1 :  0.005 0.006 0.003 0.986 
160 TMA-ZAIN-G-    (0)    1 :  0.007 0.007 0.003 0.983 
161 TMA-ZAIN-G-    (0)    1 :  0.004 0.012 0.003 0.980 
162 TMA-ZAIN-G-    (0)    1 :  0.043 0.018 0.017 0.922 
163 TMA-ZAIN-G-    (0)    1 :  0.005 0.005 0.003 0.987 
164 TMA-ZAIN-G-    (0)    1 :  0.008 0.009 0.004 0.978 
165 TMA-ZAIN-G-    (0)    1 :  0.006 0.005 0.004 0.985 
166 TMA-ZAIN-G-    (0)    1 :  0.005 0.009 0.003 0.984 
167 TMA-ZAIN-G-    (0)    1 :  0.008 0.008 0.007 0.976 
168 TMA-ZAIN-G-    (0)    1 :  0.006 0.014 0.004 0.975 
169 TMA-ZAIN-G-    (0)    1 :  0.005 0.007 0.004 0.985 
170 TMA-ZAIN-G-    (0)    1 :  0.018 0.011 0.014 0.957 
171 TMA-ZAIN-G-    (0)    1 :  0.004 0.006 0.004 0.985 
172 TMA-ZAIN-G-    (0)    1 :  0.006 0.010 0.006 0.978 
173 TMA-ZAIN-G-    (0)    1 :  0.005 0.016 0.007 0.972 
174 TMA-ZAIN-G-    (0)    1 :  0.004 0.008 0.003 0.985 
175 TMA-ZAIN-G-    (0)    1 :  0.005 0.007 0.004 0.984 
176 TMA-ZAIN-G-    (0)    1 :  0.004 0.006 0.004 0.985 
177 TMA-ZAIN-G-    (0)    1 :  0.005 0.009 0.004 0.982 
178 TMA-ZAIN-G-    (0)    1 :  0.009 0.017 0.006 0.969 
179 TMA-ZAIN-G-    (0)    1 :  0.004 0.010 0.004 0.982 
180 TMA-ZAIN-G-    (0)    1 :  0.005 0.032 0.005 0.958 
181 TMA-ZAIN-G-    (0)    1 :  0.007 0.047 0.004 0.942 
182 TMA-ZAIN-G-    (0)    1 :  0.014 0.284 0.005 0.698 
183 TMA-ZAIN-G-    (0)    1 :  0.006 0.052 0.004 0.937 
184 TMA-ZAIN-G-    (0)    1 :  0.042 0.133 0.023 0.801 
185 TMA-ZAIN-G-    (0)    1 :  0.034 0.074 0.044 0.847 
186 TMA-ZAIN-G-    (9)    1 :  0.006 0.009 0.011 0.973 
187 TMA-ZAIN-G-    (0)    1 :  0.007 0.010 0.005 0.978 
188 TMA-ZAIN-G-    (0)    1 :  0.005 0.010 0.004 0.981 
189 TMA-ZAIN-G-    (0)    1 :  0.004 0.006 0.004 0.986 
190 TMA-ZAIN-G-    (0)    1 :  0.005 0.026 0.005 0.964 
191 TMA-ZAIN-G-    (0)    1 :  0.028 0.018 0.032 0.923 
192 TMA-ZAIN-G-    (0)    1 :  0.005 0.014 0.007 0.973 
193 TMA-ZAIN-G-    (0)    1 :  0.004 0.982 0.004 0.010 
194 TMA-ZAIN-G-    (0)    1 :  0.004 0.976 0.006 0.014 
195 TMA-ZAIN-G-    (0)    1 :  0.006 0.690 0.006 0.299 
196 TMA-ZAIN-G-    (0)    1 :  0.006 0.932 0.004 0.058 
197 TMA-ZAIN-G-    (0)    1 :  0.005 0.963 0.005 0.027 
198 TMA-ZAIN-G-    (0)    1 :  0.005 0.905 0.004 0.086 
199 TMA-ZAIN-G-    (0)    1 :  0.006 0.024 0.008 0.963 
200 TMA-ZAIN-G-    (0)    1 :  0.013 0.014 0.969 0.004 
201 TMA-ZAIN-G-    (0)    1 :  0.006 0.004 0.985 0.005 
202 TMA-ZAIN-G-    (0)    1 :  0.010 0.010 0.971 0.009 
203 TMA-ZAIN-G-    (0)    1 :  0.031 0.850 0.004 0.115 
204 TMA-ZAIN-G-    (9)    1 :  0.006 0.018 0.967 0.009 
205 TMA-ZAIN-G-    (0)    1 :  0.007 0.012 0.963 0.019 
206 TMA-ZAIN-G-    (9)    1 :  0.016 0.056 0.915 0.014 
207 TMA-ZAIN-G-    (9)    1 :  0.024 0.098 0.020 0.858 
208 TMA-ZAIN-G-    (0)    1 :  0.004 0.005 0.004 0.988 
209 TMA-ZAIN-G-    (0)    1 :  0.004 0.209 0.004 0.783 
210 TMA-ZAIN-G-    (0)    1 :  0.005 0.147 0.004 0.844 
211 TMA-ZAIN-G-    (0)    1 :  0.011 0.041 0.016 0.932 
212 TMA-ZAIN-G-    (0)    1 :  0.005 0.021 0.005 0.969 
213 TMA-ZAIN-G-    (0)    1 :  0.005 0.015 0.005 0.975 
214 TMA-ZAIN-G-    (0)    1 :  0.004 0.013 0.004 0.979 
215 TMA-ZAIN-G-    (0)    1 :  0.006 0.004 0.215 0.775 
216 TMA-ZAIN-G-    (0)    1 :  0.004 0.027 0.007 0.962 
217 TMA-ZAIN-G-    (0)    1 :  0.004 0.015 0.004 0.977 
218 TMA-ZAIN-G-    (0)    1 :  0.084 0.022 0.818 0.075 
219 TMA-ZAIN-G-    (0)    1 :  0.024 0.033 0.924 0.019 
220 TMA-ZAIN-G-    (0)    1 :  0.965 0.007 0.017 0.012 
221 TMA-ZAIN-G-    (0)    1 :  0.009 0.015 0.962 0.015 
222 TMA-ZAIN-G-    (0)    1 :  0.118 0.038 0.785 0.059 
223 TMA-ZAIN-G-    (0)    1 :  0.035 0.007 0.951 0.007 
224 TMA-ZAIN-G-    (0)    1 :  0.077 0.078 0.807 0.038 
225 TMA-ZAIN-G-    (0)    1 :  0.055 0.015 0.923 0.007 
226 TMA-ZAIN-G-    (0)    1 :  0.267 0.036 0.679 0.018 
227 TMA-ZAIN-G-    (0)    1 :  0.030 0.021 0.930 0.019 
228 TMA-ZAIN-G-    (0)    1 :  0.259 0.021 0.661 0.059 
229 TMA-ZAIN-G-    (0)    1 :  0.039 0.006 0.948 0.007 
230 TMA-ZAIN-G-    (0)    1 :  0.252 0.258 0.221 0.269 
231 TMA-ZAIN-G-    (0)    1 :  0.180 0.024 0.751 0.044 
232 TMA-ZAIN-G-    (9)    1 :  0.138 0.019 0.812 0.031 
233 TMA-ZAIN-G-    (0)    1 :  0.023 0.071 0.752 0.154 
234 TMA-ZAIN-G-    (0)    1 :  0.484 0.051 0.451 0.014 
235 TMA-ZAIN-G-    (0)    1 :  0.795 0.031 0.115 0.059 
236 TMA-ZAIN-G-    (0)    1 :  0.178 0.021 0.778 0.023 
237 TMA-ZAIN-G-    (0)    1 :  0.679 0.057 0.102 0.161 
238 TMA-ZAIN-G-    (0)    1 :  0.139 0.011 0.793 0.057 
239 TMA-ZAIN-G-    (0)    1 :  0.008 0.215 0.753 0.024 
240 TMA-ZAIN-G-    (0)    1 :  0.004 0.005 0.986 0.004 
241 TMA-ZAIN-G-    (0)    1 :  0.005 0.006 0.980 0.009 
242 TMA-ZAIN-G-    (0)    1 :  0.005 0.005 0.982 0.009 
243 TMA-ZAIN-G-    (0)    1 :  0.004 0.006 0.977 0.013 
244 TMA-ZAIN-G-    (0)    1 :  0.006 0.004 0.969 0.021 
245 TMA-ZAIN-G-    (9)    1 :  0.005 0.004 0.987 0.004 
246 TMA-ZAIN-G-    (0)    1 :  0.003 0.003 0.989 0.004 
247 TMA-ZAIN-G-    (0)    1 :  0.003 0.004 0.987 0.006 
248 TMA-ZAIN-G-    (0)    1 :  0.005 0.008 0.979 0.009 
249 TMA-ZAIN-G-    (0)    1 :  0.004 0.005 0.986 0.005 
250 TMA-ZAIN-G-    (0)    1 :  0.004 0.004 0.988 0.004 
251 TMA-ZAIN-G-    (0)    1 :  0.009 0.980 0.004 0.006 
252 TMA-ZAIN-G-    (0)    1 :  0.006 0.925 0.008 0.061 
253 TMA-ZAIN-G-    (0)    1 :  0.009 0.977 0.005 0.009 
254 TMA-ZAIN-G-    (9)    1 :  0.015 0.954 0.005 0.027 
255 TMA-ZAIN-G-    (0)    1 :  0.025 0.936 0.031 0.008 
256 TMA-ZAIN-G-    (0)    1 :  0.008 0.975 0.009 0.007 
257 TMA-ZAIN-G-    (0)    1 :  0.005 0.986 0.005 0.004 
258 TMA-ZAIN-G-    (0)    1 :  0.005 0.986 0.004 0.004 
259 TMA-ZAIN-G-    (0)    1 :  0.005 0.982 0.009 0.004 
260 TMA-ZAIN-G-    (0)    1 :  0.006 0.982 0.007 0.005 
261 TMA-ZAIN-G-   (18)    1 :  0.008 0.980 0.006 0.006 
262 TMA-ZAIN-G-    (0)    1 :  0.005 0.986 0.005 0.004 
263 TMA-ZAIN-G-    (0)    1 :  0.011 0.978 0.006 0.005 
264 TMA-ZAIN-G-    (0)    1 :  0.014 0.976 0.005 0.005 
265 TMA-ZAIN-G-    (0)    1 :  0.041 0.657 0.241 0.061 
266 TMA-ZAIN-G-    (0)    1 :  0.009 0.964 0.008 0.019 
267 TMA-ZAIN-G-    (0)    1 :  0.118 0.166 0.692 0.025 
268 TMA-ZAIN-G-    (0)    1 :  0.118 0.006 0.871 0.005 
269 TMA-ZAIN-G-    (0)    1 :  0.357 0.006 0.630 0.006 
270 TMA-ZAIN-G-    (0)    1 :  0.107 0.007 0.881 0.006 
271 TMA-ZAIN-G-    (0)    1 :  0.064 0.005 0.926 0.005 
272 TMA-ZAIN-G-    (0)    1 :  0.060 0.005 0.931 0.005 
273 TMA-ZAIN-G-    (0)    1 :  0.026 0.004 0.967 0.003 
274 TMA-ZAIN-G-    (0)    1 :  0.031 0.019 0.938 0.012 
275 TMA-ZAIN-G-    (0)    1 :  0.008 0.003 0.986 0.003 
276 TMA-ZAIN-G-    (0)    1 :  0.010 0.004 0.982 0.004 
277 TMA-ZAIN-G-    (0)    1 :  0.017 0.007 0.970 0.006 
278 TMA-ZAIN-G-    (0)    1 :  0.007 0.005 0.984 0.003 
279 TMA-ZAIN-G-    (0)    1 :  0.016 0.005 0.976 0.004 
280 TMA-ZAIN-G-    (0)    1 :  0.152 0.005 0.837 0.005 
281 TMA-ZAIN-G-    (0)    1 :  0.077 0.006 0.912 0.005 
282 TMA-ZAIN-G-    (9)    1 :  0.018 0.005 0.973 0.004 
283 TMA-ZAIN-G-    (0)    1 :  0.077 0.032 0.881 0.010 
284 TMA-ZAIN-G-    (0)    1 :  0.203 0.049 0.736 0.012 
285 TMA-ZAIN-G-    (0)    1 :  0.029 0.029 0.926 0.015 
286 TMA-ZAIN-G-    (0)    1 :  0.026 0.006 0.965 0.003 
287 TMA-ZAIN-G-    (0)    1 :  0.023 0.009 0.960 0.008 
288 TMA-ZAIN-G-    (0)    1 :  0.156 0.029 0.793 0.023 
289 TMA-ZAIN-G-    (0)    1 :  0.027 0.014 0.947 0.013 
290 TMA-ZAIN-G-    (0)    1 :  0.436 0.010 0.547 0.007 
291 TMA-ZAIN-G-    (0)    1 :  0.116 0.028 0.840 0.016 
292 TMA-ZAIN-G-    (0)    1 :  0.012 0.008 0.018 0.961 
293 TMA-ZAIN-G-    (0)    1 :  0.005 0.022 0.010 0.963 
294 TMA-ZAIN-G-    (0)    1 :  0.004 0.008 0.006 0.982 
295 TMA-ZAIN-G-    (9)    1 :  0.006 0.010 0.010 0.974 
296 TMA-ZAIN-G-    (0)    1 :  0.015 0.020 0.009 0.956 
297 TMA-ZAIN-G-    (0)    1 :  0.007 0.021 0.007 0.965 
298 TMA-ZAIN-G-    (0)    1 :  0.016 0.039 0.038 0.907 
299 TMA-ZAIN-G-    (0)    1 :  0.006 0.005 0.009 0.980 
300 TMA-ZAIN-G-    (0)    1 :  0.004 0.008 0.008 0.980 
301 TMA-ZAIN-G-    (0)    1 :  0.006 0.012 0.009 0.972 
302 TMA-ZAIN-G-    (9)    1 :  0.005 0.010 0.005 0.980 
303 TMA-ZAIN-G-    (0)    1 :  0.551 0.247 0.189 0.013 
304 TMA-ZAIN-G-    (0)    2 :  0.014 0.926 0.009 0.050 
305 TMA-ZAIN-G-    (0)    2 :  0.005 0.012 0.005 0.978 
306 TMA-ZAIN-G-    (0)    2 :  0.200 0.361 0.046 0.394 
307 TMA-ZAIN-G-    (0)    2 :  0.011 0.810 0.011 0.168 
308 TMA-ZAIN-G-    (0)    2 :  0.117 0.768 0.106 0.008 
309 TMA-ZAIN-G-    (0)    2 :  0.006 0.010 0.004 0.979 
310 TMA-ZAIN-G-    (0)    2 :  0.010 0.014 0.034 0.942 
311 TMA-ZAIN-G-    (0)    2 :  0.063 0.084 0.014 0.840 
312 TMA-ZAIN-G-    (0)    2 :  0.010 0.033 0.012 0.946 
313 TMA-ZAIN-G-    (0)    2 :  0.015 0.875 0.006 0.104 
314 TMA-ZAIN-G-    (0)    2 :  0.690 0.012 0.289 0.009 
315 TMA-ZAIN-G-    (0)    2 :  0.010 0.015 0.486 0.489 
316 TMA-ZAIN-G-    (0)    2 :  0.014 0.012 0.529 0.445 
317 TMA-ZAIN-G-    (0)    2 :  0.882 0.016 0.086 0.016 
318 TMA-ZAIN-G-    (9)    2 :  0.619 0.023 0.351 0.008 
319 TMA-ZAIN-G-    (0)    3 :  0.090 0.523 0.366 0.021 
320 TMA-ZAIN-G-    (0)    3 :  0.012 0.010 0.360 0.619 
321 TMA-ZAIN-G-    (0)    4 :  0.178 0.018 0.132 0.672 
322 TMA-ZAIN-G-    (0)    4 :  0.339 0.104 0.055 0.502 
323 TMA-ZAIN-G-    (0)    5 :  0.014 0.129 0.737 0.120 
324 TMA-ZAIN-G-    (0)    5 :  0.011 0.111 0.005 0.873 
325 TMA-ZAIN-G-    (0)    5 :  0.010 0.014 0.963 0.013 
326 TMA-ZAIN-G-    (0)    5 :  0.006 0.452 0.486 0.057 
327 TMA-ZAIN-G-    (0)    5 :  0.005 0.966 0.005 0.024 
328 TMA-ZAIN-G-    (0)    5 :  0.168 0.197 0.349 0.286 
329 TMA-ZAIN-G-    (0)    5 :  0.006 0.049 0.007 0.938 
330 TMA-ZAIN-G-    (0)    6 :  0.006 0.103 0.004 0.887 
331 TMA-ZAIN-G-    (0)    6 :  0.069 0.139 0.100 0.692 
332 TMA-ZAIN-G-    (0)    6 :  0.004 0.085 0.003 0.908 
333 TMA-ZAIN-G-    (0)    6 :  0.006 0.971 0.004 0.019 
334 TMA-ZAIN-G-    (0)    6 :  0.016 0.006 0.974 0.004 
335 TMA-ZAIN-G-    (0)    6 :  0.006 0.004 0.986 0.005 
336 TMA-ZAIN-G-    (0)    6 :  0.013 0.008 0.971 0.008 
337 TMA-ZAIN-G-    (9)    6 :  0.334 0.006 0.653 0.007 
338 TMA-ZAIN-G-    (0)    6 :  0.026 0.004 0.966 0.004 
339 TMA-ZAIN-G-    (0)    6 :  0.019 0.004 0.974 0.003 
340 TMA-ZAIN-G-    (0)    6 :  0.009 0.003 0.985 0.004 
341 TMA-ZAIN-G-    (0)    6 :  0.012 0.004 0.978 0.006 
342 TMA-ZAIN-G-    (0)    6 :  0.009 0.004 0.982 0.005 
343 TMA-ZAIN-G-    (0)    7 :  0.034 0.003 0.959 0.004 
344 TMA-ZAIN-G-    (0)    7 :  0.009 0.005 0.981 0.004 
345 TMA-ZAIN-G-    (0)    7 :  0.006 0.004 0.988 0.003 
346 TMA-ZAIN-G-    (0)    7 :  0.031 0.007 0.957 0.006 
347 TMA-ZAIN-G-    (9)    7 :  0.013 0.004 0.979 0.004 
348 TMA-ZAIN-G-    (0)    7 :  0.055 0.008 0.931 0.005 
349 TMA-ZAIN-G-    (0)    7 :  0.017 0.005 0.974 0.005 
350 TMA-ZAIN-G-    (0)    7 :  0.068 0.007 0.917 0.008 
351 TMA-ZAIN-G-    (0)    7 :  0.011 0.006 0.980 0.004 
352 TMA-ZAIN-G-    (0)    7 :  0.009 0.005 0.980 0.007 
353 TMA-ZAIN-G-    (0)    7 :  0.068 0.008 0.918 0.006 
354 TMA-ZAIN-G-    (0)    7 :  0.008 0.003 0.984 0.004 
355 TMA-ZAIN-G-    (0)    7 :  0.018 0.005 0.969 0.009 
356 TMA-ZAIN-G-    (0)    8 :  0.005 0.016 0.010 0.969 
357 TMA-ZAIN-G-    (0)    8 :  0.009 0.036 0.006 0.950 
358 TMA-ZAIN-G-    (0)    8 :  0.053 0.038 0.033 0.876 
359 TMA-ZAIN-G-    (0)    8 :  0.015 0.015 0.026 0.944 
360 TMA-ZAIN-G-    (0)    8 :  0.005 0.006 0.005 0.984 
361 TMA-ZAIN-G-    (0)    8 :  0.014 0.024 0.005 0.957 
362 TMA-ZAIN-G-    (0)    8 :  0.006 0.005 0.016 0.973 
363 TMA-ZAIN-G-    (0)    9 :  0.009 0.068 0.017 0.906 
364 TMA-ZAIN-G-    (0)    9 :  0.932 0.021 0.022 0.024 
365 TMA-ZAIN-G-    (0)    9 :  0.016 0.006 0.206 0.772 
366 TMA-ZAIN-G-    (0)    9 :  0.006 0.015 0.007 0.972 
367 TMA-ZAIN-G-    (0)    9 :  0.082 0.469 0.008 0.441 
368 TMA-ZAIN-G-    (0)    9 :  0.006 0.013 0.005 0.976 
369 TMA-ZAIN-G-    (0)    9 :  0.004 0.015 0.004 0.978 
370 TMA-ZAIN-G-    (0)    9 :  0.010 0.012 0.005 0.973 
371 TMA-ZAIN-G-    (0)    9 :  0.006 0.007 0.004 0.983 
372 TMA-ZAIN-G-    (0)    9 :  0.005 0.007 0.004 0.984 
373 TMA-ZAIN-G-    (0)    9 :  0.007 0.849 0.007 0.137 
374 TMA-ZAIN-G-    (0)   10 :  0.350 0.573 0.014 0.063 
375 TMA-ZAIN-G-    (0)   10 :  0.315 0.080 0.195 0.410 
376 TMA-ZAIN-G-    (9)   10 :  0.006 0.004 0.003 0.986 
377 TMA-ZAIN-G-    (0)   10 :  0.003 0.006 0.003 0.988 
378 TMA-ZAIN-G-    (0)   10 :  0.005 0.005 0.003 0.986 
379 TMA-ZAIN-G-    (0)   10 :  0.005 0.008 0.003 0.984 
380 TMA-ZAIN-G-    (0)   10 :  0.004 0.007 0.004 0.985 
381 TMA-ZAIN-G-    (9)   10 :  0.277 0.202 0.255 0.266 
382 TMA-ZAIN-G-    (9)   10 :  0.877 0.010 0.105 0.008 
383    ZFB01    (0)   11 :  0.979 0.005 0.011 0.006 
384    ZFB02    (0)   11 :  0.947 0.007 0.042 0.004 
385    ZFB03    (0)   11 :  0.978 0.008 0.007 0.006 
386    ZFB04    (0)   11 :  0.944 0.005 0.045 0.006 
387    ZFB05    (0)   11 :  0.915 0.012 0.069 0.004 
388    ZFB06    (0)   11 :  0.954 0.008 0.034 0.004 
389    ZFB07    (9)   11 :  0.958 0.007 0.025 0.010 
390    ZFB08    (0)   11 :  0.981 0.006 0.007 0.006 
391    ZFB09    (0)   11 :  0.986 0.004 0.006 0.004 
392    ZFB10    (0)   11 :  0.968 0.005 0.011 0.015 
393    ZFB11    (0)   11 :  0.962 0.008 0.018 0.012 
394    ZFB12    (0)   11 :  0.979 0.005 0.010 0.006 
395    ZFB13    (0)   11 :  0.980 0.005 0.007 0.007 
396    ZFB14    (0)   11 :  0.982 0.006 0.006 0.006 
397    ZFB15    (0)   11 :  0.978 0.004 0.015 0.004 
398    ZFB16    (0)   11 :  0.976 0.004 0.015 0.006 
399    ZFB17    (0)   11 :  0.973 0.006 0.015 0.006 
400    ZFB18    (0)   11 :  0.986 0.004 0.005 0.004 
401    ZFB19    (0)   11 :  0.964 0.006 0.009 0.021 
402    ZFB20    (0)   11 :  0.964 0.004 0.027 0.005 
403    ZFB21    (0)   11 :  0.975 0.004 0.018 0.004 
404    ZFB22    (0)   11 :  0.956 0.004 0.034 0.006 
405    ZFB23    (0)   11 :  0.951 0.009 0.029 0.011 
406    ZFB24    (0)   11 :  0.946 0.007 0.038 0.010 
407    ZFB25    (0)   11 :  0.960 0.006 0.007 0.027 
408    ZFB26    (0)   11 :  0.884 0.011 0.079 0.027 
409    ZFB27    (0)   11 :  0.920 0.006 0.063 0.012 
410    ZFB28    (0)   11 :  0.939 0.012 0.042 0.007 
411    ZFB29    (0)   11 :  0.964 0.007 0.025 0.005 
412    ZFB30    (0)   11 :  0.836 0.009 0.145 0.010 
413    ZFB31    (0)   11 :  0.968 0.005 0.008 0.019 
414    ZFB32    (0)   11 :  0.935 0.031 0.024 0.010 
415    ZFB33    (0)   11 :  0.976 0.004 0.016 0.004 
416    ZFB34    (0)   11 :  0.985 0.005 0.006 0.004 
417    ZFB35    (0)   11 :  0.971 0.007 0.015 0.008 
418  ZFBP101    (0)   12 :  0.014 0.125 0.011 0.850 
419  ZFBP102    (0)   12 :  0.017 0.020 0.014 0.949 
420  ZFBP103    (0)   12 :  0.007 0.326 0.007 0.659 
421  ZFBP104    (0)   12 :  0.069 0.006 0.029 0.895 
422  ZFBP105    (0)   12 :  0.009 0.008 0.007 0.976 
423  ZFBP106    (0)   12 :  0.005 0.012 0.004 0.979 
424  ZFBP107    (0)   12 :  0.008 0.012 0.014 0.965 
425  ZFBP108    (0)   12 :  0.004 0.005 0.004 0.987 
426  ZFBP109    (0)   12 :  0.005 0.005 0.003 0.988 
427  ZFBP110    (0)   12 :  0.042 0.250 0.010 0.698 
428  ZFBP111    (0)   12 :  0.004 0.007 0.003 0.986 
429  ZFBP112    (0)   12 :  0.006 0.010 0.006 0.978 
430  ZFBP113    (0)   12 :  0.006 0.005 0.005 0.984 
431  ZFBP114    (0)   12 :  0.005 0.008 0.006 0.981 
432  ZFBP115    (0)   12 :  0.004 0.019 0.005 0.972 
433  ZFBP116    (0)   12 :  0.004 0.006 0.005 0.985 
434  ZFBP117    (0)   12 :  0.004 0.007 0.003 0.985 
435  ZFBP118    (0)   12 :  0.004 0.006 0.007 0.984 
436  ZFBP119    (0)   12 :  0.006 0.031 0.004 0.960 
437  ZFBP120    (0)   12 :  0.009 0.006 0.006 0.978 
438  ZFBP121    (0)   12 :  0.008 0.011 0.004 0.977 
439  ZFBP122    (9)   12 :  0.005 0.007 0.005 0.984 
440  ZFBP123    (0)   12 :  0.006 0.015 0.008 0.971 
441  ZFBP124    (0)   12 :  0.010 0.008 0.005 0.976 
442  ZFBP125    (0)   12 :  0.003 0.009 0.003 0.985 
443  ZFBP126    (0)   12 :  0.018 0.022 0.013 0.947 
444  ZFBP127    (0)   12 :  0.004 0.013 0.004 0.979 
445  ZFBP128    (0)   12 :  0.006 0.010 0.003 0.981 
446  ZFBP129    (0)   12 :  0.006 0.009 0.004 0.981 
447  ZFBP130    (0)   12 :  0.003 0.010 0.003 0.983 
448  ZFBP131    (0)   12 :  0.005 0.005 0.005 0.985 
449  ZFBP132    (0)   12 :  0.005 0.008 0.004 0.983 
450  ZFBP133    (0)   12 :  0.005 0.007 0.003 0.986 
451  ZFBP134    (0)   12 :  0.005 0.020 0.004 0.971 
452  ZFBP135    (0)   12 :  0.022 0.241 0.008 0.729 
453  ZFBP136    (0)   12 :  0.005 0.077 0.007 0.911 
454  ZFBP201    (0)   13 :  0.008 0.010 0.008 0.974 
455  ZFBP202    (0)   13 :  0.007 0.007 0.004 0.982 
456  ZFBP203    (0)   13 :  0.010 0.008 0.036 0.946 
457  ZFBP204    (0)   13 :  0.006 0.023 0.007 0.965 
458  ZFBP205    (0)   13 :  0.005 0.008 0.006 0.980 
459  ZFBP206    (0)   13 :  0.007 0.015 0.009 0.969 
460  ZFBP207    (0)   13 :  0.007 0.033 0.004 0.956 
461  ZFBP208    (0)   13 :  0.007 0.009 0.014 0.970 
462  ZFBP209    (0)   13 :  0.004 0.006 0.003 0.987 
463  ZFBP210    (0)   13 :  0.007 0.010 0.009 0.974 
464  ZFBP211    (0)   13 :  0.007 0.007 0.004 0.982 
465  ZFBP212    (0)   13 :  0.006 0.006 0.004 0.985 
466  ZFBP213    (0)   13 :  0.013 0.017 0.007 0.963 
467  ZFBP214    (0)   13 :  0.011 0.094 0.006 0.889 
468  ZFBP215    (0)   13 :  0.005 0.008 0.004 0.983 
469  ZFBP216    (0)   13 :  0.009 0.007 0.009 0.976 
470  ZFBP217    (0)   13 :  0.006 0.012 0.003 0.979 
471  ZFBP218    (0)   13 :  0.004 0.004 0.004 0.988 
472  ZFBP219    (0)   13 :  0.005 0.004 0.005 0.986 
473  ZFBP220    (0)   13 :  0.004 0.012 0.004 0.979 
474  ZFBP221    (0)   13 :  0.006 0.005 0.004 0.985 
475  ZFBP222    (0)   13 :  0.009 0.008 0.006 0.977 
476  ZFBP223    (0)   13 :  0.009 0.041 0.006 0.944 
477  ZFBP224    (0)   13 :  0.007 0.008 0.006 0.978 
478  ZFBP225    (0)   13 :  0.004 0.017 0.006 0.973 
479  ZFBP226    (0)   13 :  0.005 0.006 0.006 0.983 
480  ZFBP227    (0)   13 :  0.074 0.010 0.059 0.858 
481  ZFBP228    (0)   13 :  0.006 0.016 0.004 0.974 
482  ZFBP229    (0)   13 :  0.004 0.007 0.004 0.985 
483  ZFBP230    (0)   13 :  0.005 0.014 0.004 0.977 
484  ZFBP231    (0)   13 :  0.007 0.007 0.006 0.981 
485  ZFBP232    (0)   13 :  0.005 0.006 0.004 0.986 
486  ZFBP233    (0)   13 :  0.007 0.007 0.005 0.981 
487   ZFCC01    (0)   14 :  0.017 0.970 0.008 0.005 
488   ZFCC03    (0)   14 :  0.007 0.983 0.004 0.005 
489   ZFCC04    (0)   14 :  0.010 0.978 0.007 0.005 
490   ZFCC05    (0)   14 :  0.011 0.976 0.007 0.007 
491   ZFCC08    (0)   14 :  0.008 0.971 0.004 0.017 
492   ZFCC09    (0)   14 :  0.010 0.980 0.005 0.005 
493   ZFCC10    (0)   14 :  0.026 0.961 0.007 0.006 
494   ZFCC11    (0)   14 :  0.009 0.982 0.005 0.005 
495   ZFCC12    (0)   14 :  0.036 0.878 0.080 0.006 
496   ZFCC13    (0)   14 :  0.007 0.971 0.009 0.012 
497   ZFCC14    (0)   14 :  0.024 0.957 0.010 0.009 
498   ZFCC15    (0)   14 :  0.013 0.972 0.009 0.006 
499   ZFCC16    (0)   14 :  0.012 0.976 0.007 0.005 
500   ZFCC17    (0)   14 :  0.011 0.969 0.016 0.004 
501   ZFCC18    (0)   14 :  0.009 0.980 0.006 0.005 
502   ZFCC19    (0)   14 :  0.015 0.966 0.015 0.004 
503   ZFCC20    (0)   14 :  0.006 0.984 0.005 0.005 
504   ZFCC21    (0)   14 :  0.050 0.862 0.010 0.078 
505   ZFCC22    (0)   14 :  0.015 0.671 0.007 0.308 
506   ZFCC26    (0)   14 :  0.010 0.979 0.006 0.005 
507   ZFCC27    (0)   14 :  0.006 0.986 0.004 0.004 
508   ZFCC29    (0)   14 :  0.024 0.962 0.008 0.006 
509   ZFCC30    (0)   14 :  0.004 0.987 0.004 0.005 
510   ZFCC32    (0)   14 :  0.014 0.967 0.012 0.006 
511   ZFCC33    (0)   14 :  0.015 0.967 0.013 0.005 
512   ZFCC34    (0)   14 :  0.018 0.936 0.015 0.030 
513   ZFCC35    (0)   14 :  0.005 0.985 0.004 0.005 
514   ZFCC36    (0)   14 :  0.011 0.957 0.020 0.012 
515   ZFCC37    (0)   14 :  0.046 0.866 0.077 0.011 
516   ZFCC40    (0)   14 :  0.011 0.971 0.010 0.007 
517   ZFCC42    (0)   14 :  0.013 0.434 0.545 0.009 
518   ZFCC44    (0)   14 :  0.004 0.986 0.006 0.004 
519   ZFCC45    (9)   14 :  0.036 0.923 0.035 0.006 
520   ZFCC46    (0)   14 :  0.006 0.976 0.004 0.015 
521   ZFCC47    (0)   14 :  0.032 0.925 0.036 0.006 
522   ZFCC48    (0)   14 :  0.020 0.928 0.006 0.046 
523   ZFCC50    (0)   14 :  0.010 0.977 0.009 0.005 
524   ZFCC51    (0)   14 :  0.006 0.986 0.004 0.004 
525   ZFCC52    (0)   14 :  0.007 0.969 0.009 0.016 
526   ZFCC53    (0)   14 :  0.006 0.986 0.005 0.004 
527  ZFCNS01    (0)   15 :  0.006 0.964 0.013 0.016 
528  ZFCNS02    (0)   15 :  0.004 0.981 0.004 0.011 
529  ZFCNS05    (0)   15 :  0.008 0.970 0.004 0.017 
530  ZFCNS06    (0)   15 :  0.006 0.975 0.004 0.015 
531  ZFCNS07    (0)   15 :  0.008 0.635 0.005 0.352 
532  ZFCNS10    (0)   15 :  0.004 0.927 0.004 0.064 
533  ZFCNS11    (0)   15 :  0.005 0.976 0.007 0.012 
534  ZFCNS15    (0)   15 :  0.009 0.179 0.005 0.806 
535  ZFCNS17    (0)   15 :  0.004 0.980 0.004 0.012 
536  ZFCNS18    (0)   15 :  0.005 0.962 0.004 0.029 
537  ZFCNS19    (0)   15 :  0.005 0.984 0.004 0.007 
538  ZFCNS20    (0)   15 :  0.006 0.886 0.005 0.103 
539  ZFCNS21    (0)   15 :  0.005 0.982 0.004 0.009 
540  ZFCNS22    (0)   15 :  0.012 0.852 0.005 0.132 
541  ZFCNS23    (0)   15 :  0.006 0.978 0.005 0.011 
542  ZFCNS24    (0)   15 :  0.004 0.982 0.004 0.009 
543  ZFCNS25    (0)   15 :  0.005 0.937 0.004 0.054 
544  ZFCNS26    (0)   15 :  0.011 0.717 0.005 0.267 
545  ZFCNS27    (0)   15 :  0.007 0.069 0.006 0.918 
546  ZFCNS28    (0)   15 :  0.009 0.966 0.004 0.020 
547  ZFCNS29    (0)   15 :  0.005 0.974 0.004 0.017 
548  ZFCNS30    (0)   15 :  0.006 0.980 0.004 0.010 
549  ZFCNS31    (0)   15 :  0.007 0.938 0.004 0.051 
550  ZFCNS32    (0)   15 :  0.008 0.953 0.005 0.034 
551  ZFCNS33    (0)   15 :  0.006 0.971 0.004 0.019 
552  ZFCNS34    (0)   15 :  0.005 0.986 0.004 0.006 
553  ZFCNS35    (0)   15 :  0.009 0.965 0.004 0.022 
554  ZFCNS36    (0)   15 :  0.004 0.984 0.004 0.008 
555  ZFCNS37    (0)   15 :  0.007 0.962 0.005 0.026 
556  ZFCNS39    (0)   15 :  0.004 0.981 0.004 0.011 
557  ZFCNS40    (0)   15 :  0.004 0.976 0.004 0.016 
558  ZFCNS41    (0)   15 :  0.011 0.860 0.009 0.119 
559  ZFCNS42    (0)   15 :  0.007 0.941 0.005 0.048 
560  ZFCNS43    (0)   15 :  0.006 0.983 0.004 0.007 
561  ZFCNS44    (0)   15 :  0.005 0.973 0.004 0.018 
562  ZFCNS46    (0)   15 :  0.006 0.965 0.004 0.025 
563  ZFCNS47    (0)   15 :  0.006 0.978 0.004 0.013 
564  ZFCNS48    (0)   15 :  0.005 0.956 0.004 0.035 
565  ZFCNS49    (0)   15 :  0.007 0.222 0.005 0.766 
566   ZFCR01    (0)   16 :  0.862 0.010 0.084 0.043 
567   ZFCR02    (0)   16 :  0.820 0.026 0.020 0.134 
568   ZFCR03    (0)   16 :  0.866 0.017 0.083 0.034 
569   ZFCR04    (0)   16 :  0.940 0.014 0.028 0.018 
570   ZFCR05    (0)   16 :  0.960 0.013 0.018 0.009 
571   ZFCR06    (0)   16 :  0.661 0.058 0.033 0.248 
572   ZFCR07    (0)   16 :  0.669 0.217 0.077 0.038 
573   ZFCR08    (0)   16 :  0.196 0.071 0.634 0.099 
574   ZFCR09    (0)   16 :  0.352 0.076 0.399 0.174 
575   ZFCR11    (0)   16 :  0.923 0.016 0.013 0.047 
576   ZFCR12    (0)   16 :  0.639 0.243 0.013 0.105 
577   ZFCR13    (0)   16 :  0.917 0.018 0.015 0.050 
578   ZFCR14    (0)   16 :  0.934 0.025 0.015 0.025 
579   ZFCR15    (0)   16 :  0.919 0.017 0.031 0.034 
580   ZFCR16    (0)   16 :  0.876 0.011 0.025 0.088 
581   ZFCR18    (0)   16 :  0.968 0.015 0.007 0.010 
582   ZFCR19    (0)   16 :  0.770 0.026 0.134 0.070 
583   ZFCR20    (0)   16 :  0.921 0.010 0.029 0.039 
584   ZFCR21    (0)   16 :  0.924 0.026 0.025 0.026 
585   ZFCR22    (0)   16 :  0.908 0.013 0.034 0.044 
586   ZFCR23    (0)   16 :  0.731 0.005 0.174 0.089 
587   ZFCR24    (9)   16 :  0.645 0.009 0.032 0.313 
588   ZFCR25    (0)   16 :  0.970 0.008 0.011 0.011 
589   ZFCR26    (0)   16 :  0.704 0.028 0.205 0.062 
590   ZFCR27    (9)   16 :  0.889 0.005 0.102 0.004 
591   ZFCR28    (0)   16 :  0.158 0.023 0.317 0.501 
592   ZFCR29    (0)   16 :  0.971 0.006 0.011 0.013 
593   ZFCR30    (0)   16 :  0.930 0.020 0.016 0.035 
594   ZFCR31    (0)   16 :  0.799 0.052 0.043 0.106 
595   ZFCR33    (0)   16 :  0.145 0.188 0.597 0.070 
596   ZFCR34    (0)   16 :  0.828 0.057 0.048 0.066 
597   ZFCR35    (0)   16 :  0.972 0.008 0.014 0.006 
598   ZFCR36    (0)   16 :  0.963 0.014 0.013 0.010 
599   ZFCR37    (0)   16 :  0.700 0.048 0.238 0.014 
600   ZFCR38    (0)   16 :  0.258 0.069 0.648 0.026 
601   ZFCR39    (0)   16 :  0.022 0.026 0.753 0.199 
602   ZFCR40    (0)   16 :  0.800 0.028 0.149 0.023 
603   ZFCR41    (0)   16 :  0.556 0.315 0.006 0.122 
604   ZFCR42    (0)   16 :  0.519 0.196 0.164 0.121 
605   ZFCR43    (0)   16 :  0.961 0.007 0.007 0.024 
606  ZFENP25    (0)   17 :  0.236 0.047 0.682 0.035 
607  ZFENP26    (0)   17 :  0.016 0.008 0.970 0.006 
608  ZFENP27    (0)   17 :  0.257 0.396 0.322 0.025 
609  ZFENP28    (0)   17 :  0.298 0.028 0.664 0.009 
610  ZFENP29    (0)   17 :  0.233 0.045 0.710 0.011 
611  ZFENP30    (0)   17 :  0.035 0.087 0.867 0.012 
612  ZFENP31    (0)   17 :  0.014 0.022 0.956 0.008 
613  ZFENP32    (0)   17 :  0.253 0.067 0.640 0.041 
614  ZFENP33    (0)   17 :  0.175 0.013 0.800 0.011 
615  ZFENP34    (0)   17 :  0.836 0.019 0.137 0.007 
616  ZFENP35    (0)   17 :  0.026 0.020 0.938 0.016 
617  ZFENP36    (0)   17 :  0.091 0.008 0.896 0.005 
618  ZFENP37    (0)   17 :  0.306 0.027 0.653 0.014 
619  ZFENP38    (0)   17 :  0.198 0.134 0.641 0.027 
620  ZFENP39    (0)   17 :  0.441 0.032 0.518 0.008 
621  ZFENP40    (0)   17 :  0.274 0.016 0.700 0.011 
622  ZFENP41    (0)   17 :  0.056 0.173 0.753 0.018 
623  ZFENP42    (0)   17 :  0.010 0.013 0.968 0.009 
624  ZFENP43    (0)   17 :  0.110 0.223 0.631 0.036 
625  ZFENP44    (0)   17 :  0.025 0.059 0.898 0.018 
626  ZFENP45    (0)   17 :  0.042 0.031 0.539 0.388 
627  ZFENP46    (0)   17 :  0.091 0.009 0.872 0.029 
628  ZFENP47    (0)   17 :  0.085 0.072 0.748 0.095 
629  ZFENP48    (0)   17 :  0.816 0.038 0.126 0.020 
630  ZFENP49    (0)   17 :  0.721 0.032 0.217 0.030 
631  ZFENP50    (0)   17 :  0.030 0.006 0.788 0.176 
632  ZFENP51    (0)   17 :  0.014 0.007 0.972 0.008 
633  ZFENP52    (0)   17 :  0.012 0.078 0.883 0.028 
634  ZFENP53    (0)   17 :  0.022 0.021 0.895 0.063 
635  ZFENP54    (0)   17 :  0.580 0.031 0.131 0.258 
636  ZFENP55    (0)   17 :  0.811 0.006 0.175 0.008 
637  ZFENP56    (0)   17 :  0.083 0.044 0.857 0.017 
638  ZFENP57    (0)   17 :  0.051 0.016 0.923 0.009 
639  ZFENP58    (0)   17 :  0.165 0.196 0.574 0.065 
640  ZFENP59    (0)   17 :  0.096 0.137 0.752 0.014 
641  ZFENP60    (0)   17 :  0.620 0.011 0.359 0.010 
642  ZFENP61    (0)   17 :  0.325 0.033 0.635 0.007 
643 ZFFDSP01    (0)   18 :  0.006 0.008 0.004 0.982 
644 ZFFDSP02    (0)   18 :  0.005 0.006 0.003 0.986 
645 ZFFDSP04    (0)   18 :  0.006 0.005 0.003 0.986 
646 ZFFDSP05    (0)   18 :  0.006 0.006 0.004 0.984 
647 ZFFDSP06    (0)   18 :  0.005 0.006 0.003 0.986 
648 ZFFDSP07    (0)   18 :  0.007 0.016 0.007 0.971 
649 ZFFDSP08    (0)   18 :  0.004 0.017 0.005 0.974 
650 ZFFDSP10    (0)   18 :  0.006 0.007 0.005 0.983 
651 ZFFDSP11    (0)   18 :  0.007 0.005 0.005 0.983 
652 ZFFDSP12    (0)   18 :  0.004 0.005 0.004 0.988 
653 ZFFDSP13    (0)   18 :  0.007 0.028 0.006 0.958 
654 ZFFDSP14    (0)   18 :  0.006 0.008 0.004 0.982 
655 ZFFDSP16    (0)   18 :  0.010 0.013 0.005 0.972 
656 ZFFDSP17    (0)   18 :  0.005 0.006 0.003 0.985 
657 ZFFDSP18    (0)   18 :  0.010 0.008 0.003 0.980 
658 ZFFDSP19    (0)   18 :  0.007 0.023 0.004 0.967 
659 ZFFDSP21    (0)   18 :  0.004 0.021 0.003 0.971 
660 ZFFDSP22    (0)   18 :  0.004 0.006 0.003 0.987 
661 ZFFDSP23    (0)   18 :  0.004 0.006 0.003 0.987 
662 ZFFDSP24    (0)   18 :  0.007 0.009 0.004 0.980 
663 ZFFDSP26    (9)   18 :  0.005 0.007 0.003 0.984 
664 ZFFDSP27    (0)   18 :  0.008 0.007 0.004 0.982 
665 ZFFDSP28    (0)   18 :  0.056 0.015 0.022 0.907 
