

----------------------------------------------------
STRUCTURE by Pritchard, Stephens and Donnelly (2000)
     and Falush, Stephens and Pritchard (2003)
       Code by Pritchard, Falush and Hubisz
             Version 2.3.4 (Jul 2012)
----------------------------------------------------



Command line arguments:   bin\structure -m C:\Users\eschumacher\Documents\GitHub\GCC_QUAC_ZAIN\Data_Files\Structure_Files\ZAIN\ZAIN_rebinned_allpop_str\50-50\mainparams -e C:\Users\eschumacher\Documents\GitHub\GCC_QUAC_ZAIN\Data_Files\Structure_Files\ZAIN\ZAIN_rebinned_allpop_str\50-50\extraparams 
Input File:    C:\Users\eschumacher\Documents\GitHub\GCC_QUAC_ZAIN\Data_Files\Structure_Files\ZAIN\ZAIN_rebinned_allpop_str\project_data

Run parameters:
   1133 individuals
   11 loci
   10 populations assumed
   50000 Burn-in period
   50000 Reps


--------------------------------------------
Proportion of membership of each pre-defined
 population in each of the 10 clusters

Given    Inferred Clusters                                                        Number of
 Pop       1      2      3      4      5      6      7      8      9     10      Individuals

  1:     0.148  0.107  0.146  0.031  0.053  0.039  0.148  0.140  0.103  0.086      303
  2:     0.165  0.200  0.107  0.062  0.015  0.044  0.138  0.141  0.072  0.056       15
  3:     0.030  0.007  0.051  0.018  0.213  0.012  0.042  0.198  0.419  0.011        2
  4:     0.218  0.042  0.023  0.319  0.007  0.027  0.153  0.070  0.097  0.043        2
  5:     0.074  0.017  0.017  0.019  0.207  0.057  0.144  0.066  0.359  0.039        7
  6:     0.145  0.017  0.651  0.011  0.101  0.009  0.010  0.029  0.012  0.016       13
  7:     0.007  0.005  0.925  0.010  0.006  0.003  0.005  0.005  0.018  0.016       13
  8:     0.200  0.020  0.016  0.015  0.055  0.077  0.522  0.058  0.025  0.012        7
  9:     0.334  0.015  0.018  0.054  0.057  0.025  0.191  0.240  0.016  0.049       11
 10:     0.073  0.033  0.010  0.070  0.023  0.022  0.410  0.138  0.136  0.085        9
 11:     0.007  0.007  0.032  0.009  0.005  0.005  0.010  0.009  0.013  0.903       35
 12:     0.173  0.028  0.005  0.009  0.016  0.026  0.340  0.390  0.007  0.007       36
 13:     0.086  0.009  0.006  0.013  0.021  0.029  0.479  0.345  0.007  0.005       33
 14:     0.007  0.919  0.019  0.007  0.010  0.009  0.009  0.008  0.005  0.007       40
 15:     0.026  0.007  0.003  0.005  0.931  0.006  0.007  0.007  0.004  0.004       39
 16:     0.023  0.026  0.058  0.411  0.012  0.031  0.042  0.036  0.158  0.204       40
 17:     0.011  0.030  0.075  0.061  0.010  0.018  0.012  0.016  0.720  0.047       37
 18:     0.107  0.006  0.003  0.005  0.011  0.020  0.726  0.112  0.004  0.005       40
 19:     0.006  0.037  0.008  0.007  0.013  0.003  0.006  0.005  0.007  0.907       28
 20:     0.012  0.862  0.033  0.014  0.007  0.008  0.011  0.022  0.021  0.009       14
 21:     0.012  0.009  0.848  0.008  0.041  0.006  0.008  0.010  0.051  0.009       13
 22:     0.902  0.020  0.003  0.006  0.028  0.008  0.012  0.012  0.004  0.005       14
 23:     0.018  0.007  0.004  0.005  0.008  0.025  0.034  0.889  0.004  0.004       25
 24:     0.009  0.008  0.005  0.005  0.006  0.931  0.013  0.011  0.005  0.007       40
 25:     0.050  0.818  0.009  0.017  0.016  0.008  0.026  0.020  0.012  0.023       32
 26:     0.005  0.005  0.956  0.004  0.004  0.006  0.005  0.006  0.006  0.003       20
 27:     0.010  0.009  0.009  0.220  0.004  0.005  0.014  0.009  0.044  0.676        4
 28:     0.016  0.011  0.021  0.031  0.005  0.013  0.060  0.018  0.013  0.813       23
 29:     0.006  0.008  0.007  0.010  0.006  0.005  0.007  0.005  0.017  0.930       39
 30:     0.006  0.008  0.895  0.009  0.004  0.005  0.007  0.007  0.009  0.050       38
 31:     0.658  0.009  0.005  0.011  0.163  0.051  0.047  0.046  0.006  0.005       45
 32:     0.366  0.017  0.007  0.007  0.156  0.025  0.204  0.204  0.009  0.005       28
 33:     0.005  0.007  0.008  0.011  0.007  0.005  0.005  0.004  0.019  0.930        6
 34:     0.012  0.007  0.006  0.898  0.009  0.014  0.007  0.007  0.029  0.012       40
 35:     0.021  0.011  0.054  0.031  0.009  0.011  0.007  0.010  0.829  0.016       42
--------------------------------------------

Allele-freq. divergence among pops (Net nucleotide distance),
computed using point estimates of P.

      1       2       3       4       5       6       7       8       9      10      
 1      -    0.1455  0.2833  0.1084  0.1294  0.1254  0.0544  0.0695  0.1494  0.2318  
 2   0.1455     -    0.2192  0.1266  0.1635  0.1870  0.1901  0.1748  0.1179  0.1495  
 3   0.2833  0.2192     -    0.1999  0.3488  0.3596  0.3150  0.2779  0.1064  0.1503  
 4   0.1084  0.1266  0.1999     -    0.2096  0.1676  0.1512  0.1578  0.0832  0.1497  
 5   0.1294  0.1635  0.3488  0.2096     -    0.2668  0.2440  0.2170  0.1807  0.2736  
 6   0.1254  0.1870  0.3596  0.1676  0.2668     -    0.1233  0.1102  0.2709  0.3401  
 7   0.0544  0.1901  0.3150  0.1512  0.2440  0.1233     -    0.0427  0.2030  0.2299  
 8   0.0695  0.1748  0.2779  0.1578  0.2170  0.1102  0.0427     -    0.1767  0.2378  
 9   0.1494  0.1179  0.1064  0.0832  0.1807  0.2709  0.2030  0.1767     -    0.0932  
10   0.2318  0.1495  0.1503  0.1497  0.2736  0.3401  0.2299  0.2378  0.0932     -    

Average distances (expected heterozygosity) between individuals in same cluster:
cluster  1  : 0.4372 
cluster  2  : 0.4311 
cluster  3  : 0.4181 
cluster  4  : 0.4811 
cluster  5  : 0.2630 
cluster  6  : 0.3599 
cluster  7  : 0.3794 
cluster  8  : 0.4014 
cluster  9  : 0.5308 
cluster 10  : 0.4756 

--------------------------------------------
Estimated Ln Prob of Data   = -21205.0
Mean value of ln likelihood = -20564.6
Variance of ln likelihood   = 1280.8
Mean value of alpha         = 0.0335

Mean value of Fst_1         = 0.3278
Mean value of Fst_2         = 0.4185
Mean value of Fst_3         = 0.4332
Mean value of Fst_4         = 0.2693
Mean value of Fst_5         = 0.5655
Mean value of Fst_6         = 0.4300
Mean value of Fst_7         = 0.3444
Mean value of Fst_8         = 0.3003
Mean value of Fst_9         = 0.1557
Mean value of Fst_10         = 0.3623


Inferred ancestry of individuals:
        Label (%Miss) Pop:  Inferred clusters
  1 TMA-ZAIN-G-    (9)    1 :  0.041 0.014 0.006 0.027 0.100 0.010 0.016 0.008 0.058 0.720 
  2 TMA-ZAIN-G-    (0)    1 :  0.014 0.023 0.006 0.012 0.008 0.004 0.016 0.212 0.018 0.686 
  3 TMA-ZAIN-G-    (0)    1 :  0.238 0.012 0.003 0.020 0.030 0.096 0.552 0.036 0.006 0.007 
  4 TMA-ZAIN-G-    (0)    1 :  0.032 0.632 0.011 0.012 0.021 0.049 0.158 0.052 0.016 0.016 
  5 TMA-ZAIN-G-    (0)    1 :  0.002 0.006 0.005 0.005 0.002 0.002 0.003 0.002 0.004 0.968 
  6 TMA-ZAIN-G-    (0)    1 :  0.110 0.028 0.025 0.535 0.017 0.069 0.105 0.040 0.032 0.040 
  7 TMA-ZAIN-G-    (0)    1 :  0.254 0.032 0.007 0.020 0.058 0.009 0.265 0.331 0.012 0.014 
  8 TMA-ZAIN-G-    (0)    1 :  0.875 0.020 0.002 0.008 0.006 0.022 0.035 0.022 0.003 0.007 
  9 TMA-ZAIN-G-    (9)    1 :  0.256 0.006 0.004 0.032 0.008 0.024 0.217 0.441 0.005 0.006 
 10 TMA-ZAIN-G-    (0)    1 :  0.430 0.011 0.004 0.028 0.012 0.038 0.192 0.275 0.005 0.003 
 11 TMA-ZAIN-G-    (0)    1 :  0.177 0.007 0.005 0.006 0.010 0.006 0.234 0.540 0.008 0.007 
 12 TMA-ZAIN-G-    (0)    1 :  0.016 0.004 0.003 0.006 0.012 0.005 0.937 0.009 0.004 0.004 
 13 TMA-ZAIN-G-    (9)    1 :  0.287 0.027 0.072 0.016 0.106 0.020 0.067 0.320 0.039 0.046 
 14 TMA-ZAIN-G-    (9)    1 :  0.038 0.008 0.011 0.011 0.882 0.007 0.011 0.020 0.009 0.003 
 15 TMA-ZAIN-G-    (0)    1 :  0.080 0.005 0.002 0.007 0.876 0.009 0.007 0.006 0.006 0.003 
 16 TMA-ZAIN-G-    (0)    1 :  0.019 0.003 0.004 0.006 0.006 0.004 0.885 0.063 0.005 0.003 
 17 TMA-ZAIN-G-    (9)    1 :  0.836 0.028 0.012 0.028 0.028 0.006 0.018 0.007 0.026 0.011 
 18 TMA-ZAIN-G-    (0)    1 :  0.011 0.036 0.005 0.032 0.013 0.008 0.015 0.005 0.214 0.660 
 19 TMA-ZAIN-G-    (0)    1 :  0.053 0.006 0.020 0.153 0.014 0.006 0.027 0.017 0.691 0.013 
 20 TMA-ZAIN-G-    (0)    1 :  0.003 0.024 0.055 0.008 0.004 0.005 0.003 0.004 0.854 0.040 
 21 TMA-ZAIN-G-    (0)    1 :  0.004 0.005 0.964 0.005 0.002 0.005 0.004 0.004 0.004 0.003 
 22 TMA-ZAIN-G-    (0)    1 :  0.003 0.007 0.910 0.009 0.003 0.002 0.003 0.003 0.012 0.048 
 23 TMA-ZAIN-G-    (0)    1 :  0.009 0.005 0.879 0.027 0.007 0.004 0.006 0.007 0.037 0.021 
 24 TMA-ZAIN-G-    (9)    1 :  0.014 0.005 0.673 0.004 0.032 0.154 0.010 0.096 0.004 0.008 
 25 TMA-ZAIN-G-    (9)    1 :  0.008 0.004 0.008 0.018 0.005 0.004 0.012 0.096 0.757 0.089 
 26 TMA-ZAIN-G-    (9)    1 :  0.170 0.474 0.033 0.006 0.017 0.008 0.050 0.215 0.017 0.008 
 27 TMA-ZAIN-G-    (0)    1 :  0.013 0.018 0.017 0.741 0.069 0.008 0.006 0.007 0.076 0.046 
 28 TMA-ZAIN-G-    (0)    1 :  0.007 0.004 0.004 0.943 0.009 0.004 0.005 0.005 0.010 0.008 
 29 TMA-ZAIN-G-    (0)    1 :  0.005 0.010 0.004 0.006 0.005 0.734 0.004 0.005 0.224 0.003 
 30 TMA-ZAIN-G-    (0)    1 :  0.161 0.006 0.004 0.487 0.086 0.040 0.049 0.128 0.033 0.004 
 31 TMA-ZAIN-G-    (0)    1 :  0.005 0.052 0.012 0.007 0.006 0.006 0.005 0.009 0.016 0.883 
 32 TMA-ZAIN-G-    (9)    1 :  0.041 0.005 0.038 0.007 0.028 0.004 0.164 0.023 0.115 0.575 
 33 TMA-ZAIN-G-   (18)    1 :  0.490 0.004 0.003 0.006 0.008 0.014 0.413 0.053 0.004 0.005 
 34 TMA-ZAIN-G-    (0)    1 :  0.030 0.007 0.021 0.011 0.008 0.007 0.632 0.096 0.022 0.166 
 35 TMA-ZAIN-G-    (9)    1 :  0.205 0.012 0.003 0.016 0.064 0.073 0.470 0.123 0.015 0.018 
 36 TMA-ZAIN-G-    (0)    1 :  0.333 0.014 0.003 0.007 0.166 0.010 0.044 0.414 0.005 0.004 
 37 TMA-ZAIN-G-    (9)    1 :  0.260 0.016 0.008 0.033 0.007 0.016 0.393 0.248 0.012 0.007 
 38 TMA-ZAIN-G-   (18)    1 :  0.047 0.009 0.015 0.006 0.102 0.008 0.053 0.028 0.134 0.597 
 39 TMA-ZAIN-G-    (0)    1 :  0.058 0.009 0.005 0.006 0.004 0.012 0.088 0.811 0.004 0.003 
 40 TMA-ZAIN-G-    (0)    1 :  0.552 0.006 0.005 0.004 0.005 0.006 0.224 0.189 0.005 0.003 
 41 TMA-ZAIN-G-    (0)    1 :  0.702 0.005 0.003 0.006 0.039 0.007 0.022 0.211 0.004 0.002 
 42 TMA-ZAIN-G-    (9)    1 :  0.857 0.007 0.002 0.003 0.100 0.005 0.007 0.010 0.004 0.003 
 43 TMA-ZAIN-G-    (0)    1 :  0.007 0.004 0.002 0.003 0.961 0.008 0.003 0.004 0.003 0.003 
 44 TMA-ZAIN-G-    (0)    1 :  0.013 0.005 0.803 0.003 0.005 0.013 0.031 0.104 0.020 0.005 
 45 TMA-ZAIN-G-    (0)    1 :  0.227 0.011 0.007 0.011 0.018 0.006 0.596 0.111 0.009 0.005 
 46 TMA-ZAIN-G-    (0)    1 :  0.003 0.005 0.967 0.003 0.004 0.003 0.003 0.005 0.005 0.003 
 47 TMA-ZAIN-G-    (0)    1 :  0.004 0.965 0.003 0.004 0.004 0.004 0.005 0.004 0.004 0.004 
 48 TMA-ZAIN-G-    (0)    1 :  0.225 0.536 0.021 0.047 0.039 0.015 0.050 0.048 0.013 0.006 
 49 TMA-ZAIN-G-    (9)    1 :  0.009 0.009 0.006 0.013 0.004 0.038 0.028 0.008 0.874 0.012 
 50 TMA-ZAIN-G-    (0)    1 :  0.045 0.003 0.005 0.026 0.009 0.003 0.008 0.018 0.873 0.010 
 51 TMA-ZAIN-G-    (0)    1 :  0.018 0.019 0.006 0.021 0.061 0.007 0.006 0.008 0.847 0.008 
 52 TMA-ZAIN-G-    (0)    1 :  0.007 0.051 0.010 0.015 0.014 0.003 0.009 0.007 0.877 0.006 
 53 TMA-ZAIN-G-    (0)    1 :  0.010 0.096 0.007 0.010 0.027 0.005 0.005 0.012 0.727 0.102 
 54 TMA-ZAIN-G-    (0)    1 :  0.010 0.931 0.005 0.012 0.012 0.004 0.007 0.005 0.009 0.004 
 55 TMA-ZAIN-G-    (0)    1 :  0.038 0.844 0.009 0.031 0.028 0.003 0.010 0.006 0.025 0.005 
 56 TMA-ZAIN-G-    (0)    1 :  0.165 0.486 0.008 0.129 0.026 0.034 0.037 0.050 0.055 0.010 
 57 TMA-ZAIN-G-    (0)    1 :  0.006 0.915 0.003 0.006 0.005 0.008 0.020 0.008 0.022 0.007 
 58 TMA-ZAIN-G-    (0)    1 :  0.023 0.033 0.123 0.361 0.008 0.006 0.013 0.005 0.379 0.048 
 59 TMA-ZAIN-G-    (0)    1 :  0.056 0.042 0.028 0.044 0.013 0.032 0.057 0.089 0.015 0.625 
 60 TMA-ZAIN-G-    (0)    1 :  0.021 0.036 0.010 0.114 0.158 0.008 0.011 0.011 0.137 0.494 
 61 TMA-ZAIN-G-    (0)    1 :  0.003 0.016 0.025 0.006 0.003 0.003 0.004 0.004 0.008 0.928 
 62 TMA-ZAIN-G-    (9)    1 :  0.034 0.010 0.019 0.075 0.006 0.009 0.051 0.027 0.024 0.745 
 63 TMA-ZAIN-G-    (0)    1 :  0.005 0.012 0.007 0.010 0.007 0.003 0.006 0.004 0.011 0.935 
 64 TMA-ZAIN-G-    (0)    1 :  0.005 0.003 0.002 0.003 0.005 0.964 0.005 0.007 0.002 0.002 
 65 TMA-ZAIN-G-    (9)    1 :  0.008 0.007 0.003 0.006 0.005 0.937 0.022 0.007 0.003 0.003 
 66 TMA-ZAIN-G-    (0)    1 :  0.011 0.004 0.003 0.005 0.005 0.932 0.014 0.021 0.003 0.003 
 67 TMA-ZAIN-G-    (0)    1 :  0.014 0.005 0.013 0.013 0.003 0.819 0.030 0.089 0.010 0.004 
 68 TMA-ZAIN-G-    (0)    1 :  0.006 0.005 0.002 0.003 0.006 0.963 0.005 0.004 0.003 0.002 
 69 TMA-ZAIN-G-    (0)    1 :  0.008 0.013 0.027 0.008 0.020 0.777 0.059 0.040 0.028 0.021 
 70 TMA-ZAIN-G-    (0)    1 :  0.006 0.003 0.004 0.005 0.005 0.025 0.020 0.924 0.005 0.003 
 71 TMA-ZAIN-G-    (0)    1 :  0.005 0.003 0.003 0.004 0.003 0.005 0.011 0.960 0.003 0.003 
 72 TMA-ZAIN-G-    (0)    1 :  0.016 0.008 0.004 0.009 0.010 0.021 0.018 0.906 0.005 0.004 
 73 TMA-ZAIN-G-    (0)    1 :  0.007 0.016 0.029 0.027 0.004 0.007 0.014 0.852 0.021 0.022 
 74 TMA-ZAIN-G-    (0)    1 :  0.008 0.006 0.007 0.006 0.004 0.006 0.013 0.934 0.010 0.006 
 75 TMA-ZAIN-G-    (0)    1 :  0.007 0.009 0.003 0.007 0.005 0.006 0.018 0.934 0.006 0.005 
 76 TMA-ZAIN-G-    (0)    1 :  0.005 0.004 0.020 0.006 0.003 0.006 0.009 0.930 0.013 0.005 
 77 TMA-ZAIN-G-    (0)    1 :  0.010 0.005 0.006 0.005 0.007 0.005 0.006 0.947 0.006 0.003 
 78 TMA-ZAIN-G-    (0)    1 :  0.008 0.009 0.017 0.009 0.005 0.005 0.017 0.901 0.020 0.007 
 79 TMA-ZAIN-G-    (0)    1 :  0.008 0.008 0.011 0.005 0.007 0.004 0.007 0.937 0.011 0.004 
 80 TMA-ZAIN-G-    (0)    1 :  0.025 0.011 0.005 0.006 0.004 0.026 0.151 0.765 0.004 0.003 
 81 TMA-ZAIN-G-    (0)    1 :  0.009 0.007 0.006 0.007 0.008 0.005 0.013 0.935 0.008 0.003 
 82 TMA-ZAIN-G-    (0)    1 :  0.013 0.018 0.003 0.007 0.008 0.224 0.217 0.496 0.006 0.008 
 83 TMA-ZAIN-G-    (9)    1 :  0.014 0.018 0.031 0.043 0.005 0.043 0.762 0.024 0.016 0.045 
 84 TMA-ZAIN-G-    (0)    1 :  0.008 0.005 0.016 0.005 0.005 0.005 0.009 0.934 0.009 0.003 
 85 TMA-ZAIN-G-    (0)    1 :  0.011 0.682 0.029 0.082 0.006 0.006 0.010 0.011 0.135 0.026 
 86 TMA-ZAIN-G-    (0)    1 :  0.017 0.816 0.051 0.030 0.005 0.010 0.024 0.020 0.020 0.007 
 87 TMA-ZAIN-G-    (0)    1 :  0.011 0.574 0.220 0.027 0.006 0.006 0.012 0.014 0.097 0.034 
 88 TMA-ZAIN-G-    (0)    1 :  0.029 0.528 0.013 0.010 0.020 0.037 0.115 0.064 0.012 0.172 
 89 TMA-ZAIN-G-    (0)    1 :  0.014 0.802 0.028 0.004 0.033 0.019 0.033 0.038 0.009 0.020 
 90 TMA-ZAIN-G-    (0)    1 :  0.007 0.920 0.009 0.011 0.006 0.007 0.013 0.006 0.015 0.008 
 91 TMA-ZAIN-G-    (0)    1 :  0.009 0.893 0.008 0.017 0.008 0.008 0.009 0.010 0.010 0.027 
 92 TMA-ZAIN-G-    (0)    1 :  0.007 0.901 0.019 0.015 0.010 0.004 0.005 0.008 0.024 0.005 
 93 TMA-ZAIN-G-    (0)    1 :  0.006 0.895 0.009 0.033 0.012 0.005 0.005 0.006 0.014 0.017 
 94 TMA-ZAIN-G-    (0)    1 :  0.004 0.884 0.013 0.013 0.007 0.004 0.004 0.005 0.018 0.048 
 95 TMA-ZAIN-G-    (0)    1 :  0.010 0.004 0.006 0.918 0.015 0.007 0.005 0.007 0.021 0.006 
 96 TMA-ZAIN-G-    (0)    1 :  0.037 0.005 0.006 0.861 0.021 0.004 0.010 0.004 0.047 0.005 
 97 TMA-ZAIN-G-    (0)    1 :  0.004 0.012 0.006 0.004 0.007 0.006 0.004 0.011 0.017 0.927 
 98 TMA-ZAIN-G-    (0)    1 :  0.004 0.009 0.004 0.003 0.005 0.004 0.004 0.012 0.005 0.949 
 99 TMA-ZAIN-G-    (0)    1 :  0.038 0.004 0.013 0.009 0.007 0.020 0.116 0.029 0.007 0.757 
100 TMA-ZAIN-G-    (0)    1 :  0.004 0.029 0.015 0.007 0.007 0.005 0.004 0.006 0.027 0.896 
101 TMA-ZAIN-G-    (0)    1 :  0.005 0.009 0.005 0.006 0.006 0.006 0.009 0.014 0.009 0.932 
102 TMA-ZAIN-G-    (0)    1 :  0.039 0.013 0.187 0.022 0.032 0.013 0.047 0.027 0.157 0.464 
103 TMA-ZAIN-G-    (0)    1 :  0.012 0.009 0.015 0.018 0.008 0.006 0.021 0.011 0.054 0.846 
104 TMA-ZAIN-G-    (0)    1 :  0.004 0.004 0.006 0.005 0.004 0.002 0.004 0.003 0.006 0.961 
105 TMA-ZAIN-G-    (0)    1 :  0.014 0.010 0.008 0.021 0.008 0.006 0.030 0.011 0.035 0.858 
106 TMA-ZAIN-G-    (0)    1 :  0.565 0.006 0.003 0.007 0.097 0.049 0.069 0.198 0.004 0.003 
107 TMA-ZAIN-G-    (0)    1 :  0.016 0.006 0.003 0.005 0.009 0.011 0.380 0.561 0.005 0.004 
108 TMA-ZAIN-G-    (9)    1 :  0.184 0.026 0.049 0.016 0.067 0.011 0.153 0.136 0.106 0.252 
109 TMA-ZAIN-G-    (0)    1 :  0.214 0.054 0.005 0.049 0.023 0.157 0.167 0.011 0.007 0.312 
110 TMA-ZAIN-G-    (0)    1 :  0.200 0.023 0.137 0.031 0.018 0.008 0.264 0.128 0.118 0.072 
111 TMA-ZAIN-G-    (9)    1 :  0.020 0.028 0.099 0.031 0.004 0.016 0.167 0.047 0.070 0.518 
112 TMA-ZAIN-G-    (0)    1 :  0.264 0.028 0.051 0.061 0.036 0.015 0.141 0.043 0.107 0.253 
113 TMA-ZAIN-G-    (0)    1 :  0.006 0.015 0.008 0.004 0.006 0.010 0.013 0.020 0.005 0.912 
114 TMA-ZAIN-G-    (0)    1 :  0.003 0.004 0.011 0.004 0.002 0.002 0.003 0.003 0.005 0.962 
115 TMA-ZAIN-G-    (0)    1 :  0.003 0.004 0.005 0.005 0.004 0.003 0.004 0.003 0.004 0.966 
116 TMA-ZAIN-G-    (0)    1 :  0.008 0.010 0.003 0.006 0.005 0.011 0.933 0.014 0.004 0.006 
117 TMA-ZAIN-G-    (0)    1 :  0.210 0.061 0.004 0.045 0.076 0.249 0.182 0.151 0.012 0.010 
118 TMA-ZAIN-G-    (0)    1 :  0.013 0.009 0.003 0.008 0.016 0.019 0.910 0.012 0.005 0.005 
119 TMA-ZAIN-G-    (0)    1 :  0.009 0.009 0.018 0.017 0.005 0.036 0.814 0.047 0.020 0.024 
120 TMA-ZAIN-G-    (0)    1 :  0.022 0.016 0.004 0.018 0.055 0.020 0.828 0.021 0.008 0.007 
121 TMA-ZAIN-G-    (0)    1 :  0.070 0.021 0.003 0.035 0.020 0.127 0.662 0.041 0.008 0.012 
122 TMA-ZAIN-G-    (0)    1 :  0.160 0.027 0.007 0.129 0.012 0.038 0.437 0.177 0.007 0.006 
123 TMA-ZAIN-G-    (0)    1 :  0.004 0.005 0.009 0.007 0.012 0.003 0.005 0.005 0.014 0.936 
124 TMA-ZAIN-G-    (0)    1 :  0.948 0.005 0.003 0.007 0.009 0.004 0.009 0.006 0.005 0.005 
125 TMA-ZAIN-G-    (0)    1 :  0.843 0.060 0.002 0.005 0.029 0.041 0.006 0.007 0.004 0.002 
126 TMA-ZAIN-G-    (0)    1 :  0.912 0.009 0.003 0.004 0.039 0.005 0.015 0.005 0.004 0.004 
127 TMA-ZAIN-G-    (0)    1 :  0.951 0.004 0.003 0.004 0.011 0.006 0.009 0.006 0.003 0.003 
128 TMA-ZAIN-G-    (0)    1 :  0.922 0.006 0.003 0.010 0.008 0.020 0.014 0.009 0.003 0.004 
129 TMA-ZAIN-G-    (0)    1 :  0.942 0.006 0.003 0.005 0.013 0.006 0.008 0.007 0.004 0.006 
130 TMA-ZAIN-G-    (0)    1 :  0.807 0.037 0.002 0.008 0.082 0.009 0.036 0.008 0.005 0.006 
131 TMA-ZAIN-G-    (0)    1 :  0.944 0.005 0.003 0.008 0.014 0.004 0.008 0.005 0.005 0.004 
132 TMA-ZAIN-G-    (0)    1 :  0.873 0.023 0.003 0.009 0.013 0.037 0.021 0.015 0.003 0.004 
133 TMA-ZAIN-G-    (0)    1 :  0.608 0.038 0.013 0.011 0.110 0.075 0.057 0.068 0.017 0.003 
134 TMA-ZAIN-G-    (0)    1 :  0.505 0.034 0.008 0.004 0.243 0.060 0.072 0.061 0.008 0.003 
135 TMA-ZAIN-G-    (0)    1 :  0.262 0.015 0.006 0.003 0.017 0.027 0.498 0.162 0.005 0.004 
136 TMA-ZAIN-G-    (0)    1 :  0.094 0.017 0.005 0.008 0.008 0.596 0.186 0.075 0.004 0.007 
137 TMA-ZAIN-G-    (0)    1 :  0.063 0.008 0.008 0.004 0.005 0.006 0.790 0.104 0.007 0.005 
138 TMA-ZAIN-G-    (0)    1 :  0.585 0.013 0.003 0.004 0.027 0.012 0.331 0.020 0.003 0.004 
139 TMA-ZAIN-G-    (0)    1 :  0.369 0.062 0.005 0.003 0.019 0.013 0.474 0.046 0.004 0.005 
140 TMA-ZAIN-G-    (0)    1 :  0.138 0.004 0.005 0.009 0.006 0.010 0.672 0.149 0.004 0.003 
141 TMA-ZAIN-G-    (0)    1 :  0.100 0.008 0.003 0.006 0.025 0.007 0.302 0.537 0.006 0.006 
142 TMA-ZAIN-G-    (9)    1 :  0.053 0.005 0.003 0.006 0.007 0.015 0.696 0.208 0.004 0.003 
143 TMA-ZAIN-G-    (0)    1 :  0.251 0.005 0.003 0.010 0.010 0.015 0.624 0.074 0.004 0.005 
144 TMA-ZAIN-G-    (0)    1 :  0.105 0.021 0.005 0.017 0.012 0.005 0.807 0.015 0.008 0.003 
145 TMA-ZAIN-G-    (0)    1 :  0.049 0.012 0.002 0.008 0.007 0.301 0.489 0.125 0.004 0.003 
146 TMA-ZAIN-G-    (0)    1 :  0.006 0.004 0.003 0.003 0.005 0.005 0.148 0.818 0.004 0.003 
147 TMA-ZAIN-G-    (9)    1 :  0.011 0.005 0.003 0.004 0.007 0.011 0.318 0.636 0.003 0.003 
148 TMA-ZAIN-G-    (0)    1 :  0.096 0.030 0.003 0.003 0.119 0.005 0.223 0.513 0.004 0.003 
149 TMA-ZAIN-G-    (0)    1 :  0.122 0.088 0.014 0.016 0.038 0.008 0.423 0.255 0.012 0.023 
150 TMA-ZAIN-G-    (0)    1 :  0.022 0.085 0.014 0.019 0.019 0.043 0.614 0.154 0.009 0.021 
151 TMA-ZAIN-G-    (0)    1 :  0.045 0.004 0.002 0.005 0.014 0.009 0.908 0.007 0.003 0.003 
152 TMA-ZAIN-G-    (0)    1 :  0.007 0.004 0.002 0.004 0.008 0.006 0.958 0.006 0.003 0.003 
153 TMA-ZAIN-G-    (0)    1 :  0.097 0.009 0.002 0.004 0.023 0.015 0.824 0.018 0.003 0.004 
154 TMA-ZAIN-G-    (0)    1 :  0.009 0.004 0.002 0.004 0.005 0.005 0.959 0.006 0.003 0.003 
155 TMA-ZAIN-G-    (0)    1 :  0.014 0.003 0.003 0.004 0.007 0.010 0.931 0.021 0.004 0.004 
156 TMA-ZAIN-G-    (9)    1 :  0.051 0.009 0.003 0.004 0.043 0.004 0.871 0.006 0.004 0.005 
157 TMA-ZAIN-G-    (0)    1 :  0.065 0.006 0.003 0.004 0.097 0.005 0.796 0.016 0.004 0.004 
158 TMA-ZAIN-G-    (0)    1 :  0.012 0.004 0.003 0.005 0.004 0.005 0.937 0.023 0.004 0.003 
159 TMA-ZAIN-G-    (0)    1 :  0.010 0.005 0.002 0.004 0.004 0.010 0.680 0.277 0.004 0.004 
160 TMA-ZAIN-G-    (0)    1 :  0.006 0.007 0.002 0.003 0.004 0.015 0.830 0.125 0.003 0.005 
161 TMA-ZAIN-G-    (0)    1 :  0.120 0.018 0.003 0.006 0.023 0.007 0.782 0.034 0.005 0.003 
162 TMA-ZAIN-G-    (0)    1 :  0.011 0.012 0.013 0.011 0.004 0.006 0.908 0.008 0.007 0.021 
163 TMA-ZAIN-G-    (0)    1 :  0.007 0.003 0.002 0.003 0.003 0.004 0.967 0.007 0.003 0.003 
164 TMA-ZAIN-G-    (0)    1 :  0.009 0.006 0.003 0.005 0.004 0.006 0.951 0.008 0.004 0.004 
165 TMA-ZAIN-G-    (0)    1 :  0.009 0.003 0.002 0.004 0.004 0.005 0.948 0.018 0.003 0.004 
166 TMA-ZAIN-G-    (0)    1 :  0.084 0.008 0.002 0.004 0.006 0.010 0.701 0.179 0.003 0.003 
167 TMA-ZAIN-G-    (0)    1 :  0.032 0.005 0.005 0.007 0.008 0.005 0.097 0.832 0.006 0.005 
168 TMA-ZAIN-G-    (0)    1 :  0.012 0.005 0.003 0.005 0.031 0.012 0.022 0.898 0.005 0.007 
169 TMA-ZAIN-G-    (0)    1 :  0.008 0.005 0.003 0.003 0.005 0.073 0.025 0.872 0.003 0.003 
170 TMA-ZAIN-G-    (0)    1 :  0.159 0.004 0.008 0.008 0.103 0.020 0.074 0.580 0.030 0.014 
171 TMA-ZAIN-G-    (0)    1 :  0.006 0.004 0.003 0.003 0.004 0.017 0.013 0.944 0.003 0.003 
172 TMA-ZAIN-G-    (0)    1 :  0.805 0.004 0.004 0.005 0.022 0.005 0.055 0.092 0.005 0.004 
173 TMA-ZAIN-G-    (0)    1 :  0.862 0.005 0.003 0.007 0.018 0.006 0.033 0.057 0.006 0.004 
174 TMA-ZAIN-G-    (0)    1 :  0.705 0.008 0.002 0.005 0.005 0.047 0.083 0.138 0.003 0.003 
175 TMA-ZAIN-G-    (0)    1 :  0.006 0.004 0.003 0.004 0.004 0.007 0.031 0.935 0.003 0.003 
176 TMA-ZAIN-G-    (0)    1 :  0.008 0.004 0.003 0.003 0.005 0.005 0.047 0.918 0.003 0.004 
177 TMA-ZAIN-G-    (0)    1 :  0.028 0.004 0.003 0.004 0.033 0.004 0.156 0.758 0.005 0.004 
178 TMA-ZAIN-G-    (0)    1 :  0.535 0.005 0.004 0.007 0.064 0.005 0.170 0.198 0.007 0.005 
179 TMA-ZAIN-G-    (0)    1 :  0.153 0.005 0.003 0.005 0.040 0.010 0.289 0.488 0.005 0.003 
180 TMA-ZAIN-G-    (0)    1 :  0.816 0.018 0.007 0.011 0.019 0.070 0.039 0.012 0.005 0.004 
181 TMA-ZAIN-G-    (0)    1 :  0.748 0.005 0.002 0.004 0.159 0.006 0.051 0.016 0.004 0.005 
182 TMA-ZAIN-G-    (0)    1 :  0.773 0.005 0.003 0.004 0.148 0.003 0.040 0.011 0.005 0.008 
183 TMA-ZAIN-G-    (0)    1 :  0.691 0.004 0.003 0.004 0.229 0.006 0.039 0.016 0.004 0.004 
184 TMA-ZAIN-G-    (0)    1 :  0.784 0.022 0.015 0.017 0.034 0.008 0.058 0.020 0.011 0.031 
185 TMA-ZAIN-G-    (0)    1 :  0.859 0.022 0.021 0.046 0.005 0.006 0.011 0.007 0.012 0.012 
186 TMA-ZAIN-G-    (9)    1 :  0.935 0.005 0.005 0.012 0.005 0.005 0.012 0.010 0.007 0.003 
187 TMA-ZAIN-G-    (0)    1 :  0.886 0.003 0.003 0.005 0.018 0.012 0.030 0.033 0.005 0.004 
188 TMA-ZAIN-G-    (0)    1 :  0.916 0.003 0.003 0.004 0.010 0.015 0.015 0.027 0.004 0.003 
189 TMA-ZAIN-G-    (0)    1 :  0.954 0.002 0.003 0.004 0.009 0.009 0.007 0.007 0.003 0.002 
190 TMA-ZAIN-G-    (0)    1 :  0.777 0.005 0.003 0.007 0.085 0.023 0.026 0.064 0.007 0.003 
191 TMA-ZAIN-G-    (0)    1 :  0.900 0.011 0.021 0.012 0.005 0.005 0.008 0.015 0.010 0.013 
192 TMA-ZAIN-G-    (0)    1 :  0.919 0.005 0.008 0.003 0.026 0.005 0.008 0.015 0.007 0.004 
193 TMA-ZAIN-G-    (0)    1 :  0.005 0.004 0.002 0.003 0.970 0.003 0.003 0.003 0.003 0.002 
194 TMA-ZAIN-G-    (0)    1 :  0.043 0.011 0.006 0.017 0.890 0.009 0.005 0.007 0.010 0.002 
195 TMA-ZAIN-G-    (0)    1 :  0.064 0.005 0.002 0.004 0.821 0.031 0.017 0.041 0.011 0.003 
196 TMA-ZAIN-G-    (0)    1 :  0.011 0.005 0.003 0.006 0.947 0.010 0.007 0.006 0.003 0.003 
197 TMA-ZAIN-G-    (0)    1 :  0.009 0.006 0.003 0.004 0.947 0.009 0.007 0.008 0.003 0.003 
198 TMA-ZAIN-G-    (0)    1 :  0.014 0.004 0.003 0.003 0.946 0.007 0.008 0.009 0.003 0.003 
199 TMA-ZAIN-G-    (0)    1 :  0.945 0.006 0.004 0.009 0.006 0.005 0.011 0.007 0.005 0.003 
200 TMA-ZAIN-G-    (0)    1 :  0.004 0.004 0.804 0.018 0.048 0.003 0.003 0.003 0.096 0.017 
201 TMA-ZAIN-G-    (0)    1 :  0.004 0.004 0.932 0.008 0.003 0.005 0.004 0.004 0.029 0.007 
202 TMA-ZAIN-G-    (0)    1 :  0.010 0.003 0.877 0.007 0.036 0.004 0.006 0.004 0.035 0.018 
203 TMA-ZAIN-G-    (0)    1 :  0.054 0.006 0.003 0.006 0.858 0.004 0.027 0.014 0.004 0.024 
204 TMA-ZAIN-G-    (9)    1 :  0.008 0.040 0.841 0.006 0.007 0.012 0.006 0.021 0.053 0.005 
205 TMA-ZAIN-G-    (0)    1 :  0.009 0.013 0.701 0.005 0.006 0.007 0.091 0.029 0.132 0.006 
206 TMA-ZAIN-G-    (9)    1 :  0.021 0.024 0.731 0.014 0.065 0.010 0.011 0.014 0.094 0.016 
207 TMA-ZAIN-G-    (9)    1 :  0.029 0.105 0.011 0.099 0.009 0.055 0.609 0.036 0.036 0.012 
208 TMA-ZAIN-G-    (0)    1 :  0.028 0.004 0.003 0.008 0.004 0.035 0.794 0.118 0.003 0.003 
209 TMA-ZAIN-G-    (0)    1 :  0.383 0.047 0.003 0.004 0.268 0.017 0.102 0.170 0.004 0.003 
210 TMA-ZAIN-G-    (0)    1 :  0.224 0.016 0.003 0.009 0.392 0.107 0.093 0.148 0.005 0.004 
211 TMA-ZAIN-G-    (0)    1 :  0.588 0.015 0.023 0.021 0.097 0.032 0.062 0.124 0.025 0.011 
212 TMA-ZAIN-G-    (0)    1 :  0.524 0.011 0.006 0.011 0.024 0.019 0.361 0.036 0.005 0.003 
213 TMA-ZAIN-G-    (0)    1 :  0.527 0.008 0.004 0.005 0.032 0.006 0.334 0.076 0.005 0.003 
214 TMA-ZAIN-G-    (0)    1 :  0.672 0.007 0.003 0.003 0.031 0.043 0.148 0.086 0.004 0.003 
215 TMA-ZAIN-G-    (0)    1 :  0.315 0.003 0.008 0.004 0.005 0.006 0.118 0.268 0.270 0.003 
216 TMA-ZAIN-G-    (0)    1 :  0.927 0.008 0.004 0.006 0.008 0.005 0.021 0.012 0.005 0.003 
217 TMA-ZAIN-G-    (0)    1 :  0.416 0.008 0.003 0.003 0.095 0.144 0.085 0.238 0.004 0.004 
218 TMA-ZAIN-G-    (0)    1 :  0.009 0.005 0.003 0.014 0.004 0.009 0.006 0.005 0.940 0.005 
219 TMA-ZAIN-G-    (0)    1 :  0.005 0.009 0.006 0.007 0.003 0.003 0.004 0.004 0.953 0.005 
220 TMA-ZAIN-G-    (0)    1 :  0.008 0.009 0.004 0.070 0.006 0.013 0.030 0.011 0.801 0.047 
221 TMA-ZAIN-G-    (0)    1 :  0.017 0.006 0.013 0.011 0.007 0.005 0.009 0.008 0.920 0.004 
222 TMA-ZAIN-G-    (0)    1 :  0.007 0.010 0.006 0.005 0.004 0.009 0.012 0.007 0.923 0.016 
223 TMA-ZAIN-G-    (0)    1 :  0.005 0.006 0.008 0.015 0.003 0.005 0.004 0.004 0.944 0.006 
224 TMA-ZAIN-G-    (0)    1 :  0.016 0.013 0.009 0.010 0.008 0.005 0.006 0.007 0.917 0.010 
225 TMA-ZAIN-G-    (0)    1 :  0.005 0.003 0.006 0.010 0.010 0.002 0.004 0.004 0.947 0.009 
226 TMA-ZAIN-G-    (0)    1 :  0.008 0.006 0.006 0.011 0.021 0.005 0.008 0.007 0.917 0.010 
227 TMA-ZAIN-G-    (0)    1 :  0.008 0.004 0.010 0.007 0.015 0.004 0.008 0.008 0.927 0.009 
228 TMA-ZAIN-G-    (0)    1 :  0.011 0.007 0.009 0.015 0.007 0.008 0.014 0.023 0.896 0.010 
229 TMA-ZAIN-G-    (0)    1 :  0.003 0.006 0.020 0.009 0.003 0.007 0.003 0.004 0.934 0.012 
230 TMA-ZAIN-G-    (0)    1 :  0.038 0.037 0.006 0.010 0.018 0.013 0.009 0.059 0.786 0.024 
231 TMA-ZAIN-G-    (0)    1 :  0.011 0.022 0.348 0.015 0.009 0.010 0.041 0.027 0.431 0.086 
232 TMA-ZAIN-G-    (9)    1 :  0.026 0.011 0.377 0.005 0.009 0.035 0.010 0.012 0.312 0.202 
233 TMA-ZAIN-G-    (0)    1 :  0.012 0.015 0.013 0.016 0.007 0.040 0.011 0.024 0.856 0.005 
234 TMA-ZAIN-G-    (0)    1 :  0.004 0.019 0.032 0.009 0.010 0.006 0.009 0.005 0.734 0.171 
235 TMA-ZAIN-G-    (0)    1 :  0.030 0.012 0.015 0.049 0.021 0.005 0.016 0.036 0.727 0.089 
236 TMA-ZAIN-G-    (0)    1 :  0.013 0.005 0.020 0.007 0.023 0.007 0.011 0.012 0.883 0.018 
237 TMA-ZAIN-G-    (0)    1 :  0.033 0.010 0.007 0.017 0.009 0.011 0.031 0.270 0.518 0.094 
238 TMA-ZAIN-G-    (0)    1 :  0.027 0.004 0.016 0.007 0.006 0.005 0.033 0.030 0.831 0.042 
239 TMA-ZAIN-G-    (0)    1 :  0.037 0.033 0.753 0.003 0.136 0.016 0.005 0.004 0.009 0.004 
240 TMA-ZAIN-G-    (0)    1 :  0.003 0.007 0.964 0.002 0.004 0.003 0.003 0.005 0.007 0.003 
241 TMA-ZAIN-G-    (0)    1 :  0.005 0.005 0.951 0.002 0.004 0.005 0.006 0.013 0.006 0.004 
242 TMA-ZAIN-G-    (0)    1 :  0.004 0.003 0.961 0.003 0.003 0.005 0.006 0.007 0.004 0.003 
243 TMA-ZAIN-G-    (0)    1 :  0.006 0.006 0.942 0.003 0.004 0.009 0.008 0.014 0.005 0.003 
244 TMA-ZAIN-G-    (0)    1 :  0.007 0.004 0.936 0.003 0.003 0.009 0.015 0.015 0.005 0.004 
245 TMA-ZAIN-G-    (9)    1 :  0.003 0.003 0.971 0.002 0.003 0.002 0.003 0.003 0.005 0.003 
246 TMA-ZAIN-G-    (0)    1 :  0.003 0.004 0.970 0.004 0.002 0.003 0.003 0.003 0.006 0.002 
247 TMA-ZAIN-G-    (0)    1 :  0.004 0.004 0.965 0.005 0.002 0.005 0.004 0.004 0.004 0.002 
248 TMA-ZAIN-G-    (0)    1 :  0.006 0.004 0.948 0.004 0.010 0.005 0.007 0.006 0.007 0.004 
249 TMA-ZAIN-G-    (0)    1 :  0.004 0.004 0.961 0.004 0.007 0.003 0.004 0.003 0.007 0.003 
250 TMA-ZAIN-G-    (0)    1 :  0.004 0.003 0.963 0.005 0.004 0.006 0.003 0.003 0.005 0.002 
251 TMA-ZAIN-G-    (0)    1 :  0.005 0.961 0.003 0.006 0.005 0.004 0.004 0.003 0.004 0.005 
252 TMA-ZAIN-G-    (0)    1 :  0.007 0.863 0.003 0.003 0.005 0.039 0.035 0.033 0.008 0.004 
253 TMA-ZAIN-G-    (0)    1 :  0.004 0.958 0.003 0.003 0.004 0.006 0.009 0.004 0.003 0.005 
254 TMA-ZAIN-G-    (9)    1 :  0.009 0.917 0.003 0.005 0.005 0.013 0.025 0.009 0.004 0.009 
255 TMA-ZAIN-G-    (0)    1 :  0.004 0.938 0.017 0.003 0.004 0.008 0.007 0.004 0.004 0.010 
256 TMA-ZAIN-G-    (0)    1 :  0.006 0.938 0.007 0.004 0.017 0.005 0.006 0.005 0.005 0.006 
257 TMA-ZAIN-G-    (0)    1 :  0.004 0.959 0.004 0.003 0.014 0.003 0.003 0.003 0.004 0.003 
258 TMA-ZAIN-G-    (0)    1 :  0.003 0.969 0.003 0.003 0.005 0.004 0.004 0.003 0.003 0.003 
259 TMA-ZAIN-G-    (0)    1 :  0.004 0.965 0.004 0.004 0.005 0.005 0.003 0.003 0.004 0.003 
260 TMA-ZAIN-G-    (0)    1 :  0.004 0.959 0.004 0.005 0.006 0.009 0.003 0.004 0.003 0.003 
261 TMA-ZAIN-G-   (18)    1 :  0.007 0.941 0.004 0.012 0.008 0.010 0.006 0.004 0.005 0.004 
262 TMA-ZAIN-G-    (0)    1 :  0.003 0.968 0.003 0.003 0.007 0.003 0.003 0.003 0.003 0.004 
263 TMA-ZAIN-G-    (0)    1 :  0.003 0.963 0.003 0.004 0.005 0.004 0.005 0.003 0.004 0.006 
264 TMA-ZAIN-G-    (0)    1 :  0.003 0.958 0.003 0.004 0.006 0.005 0.005 0.004 0.004 0.008 
265 TMA-ZAIN-G-    (0)    1 :  0.028 0.589 0.013 0.033 0.013 0.031 0.023 0.023 0.235 0.012 
266 TMA-ZAIN-G-    (0)    1 :  0.073 0.701 0.009 0.064 0.063 0.020 0.032 0.013 0.012 0.013 
267 TMA-ZAIN-G-    (0)    1 :  0.011 0.500 0.289 0.111 0.007 0.011 0.010 0.020 0.021 0.020 
268 TMA-ZAIN-G-    (0)    1 :  0.003 0.006 0.916 0.007 0.003 0.004 0.004 0.004 0.006 0.047 
269 TMA-ZAIN-G-    (0)    1 :  0.006 0.008 0.697 0.028 0.004 0.004 0.006 0.008 0.029 0.210 
270 TMA-ZAIN-G-    (0)    1 :  0.005 0.011 0.865 0.018 0.004 0.004 0.006 0.006 0.017 0.065 
271 TMA-ZAIN-G-    (0)    1 :  0.004 0.007 0.926 0.011 0.003 0.003 0.005 0.005 0.006 0.031 
272 TMA-ZAIN-G-    (0)    1 :  0.005 0.005 0.859 0.026 0.003 0.003 0.005 0.005 0.061 0.027 
273 TMA-ZAIN-G-    (0)    1 :  0.003 0.004 0.927 0.007 0.003 0.002 0.003 0.003 0.031 0.017 
274 TMA-ZAIN-G-    (0)    1 :  0.023 0.008 0.818 0.022 0.047 0.009 0.008 0.015 0.022 0.027 
275 TMA-ZAIN-G-    (0)    1 :  0.004 0.003 0.961 0.006 0.003 0.002 0.004 0.003 0.008 0.007 
276 TMA-ZAIN-G-    (0)    1 :  0.003 0.003 0.965 0.003 0.002 0.003 0.004 0.004 0.005 0.008 
277 TMA-ZAIN-G-    (0)    1 :  0.004 0.006 0.953 0.005 0.005 0.005 0.004 0.005 0.006 0.008 
278 TMA-ZAIN-G-    (0)    1 :  0.003 0.005 0.963 0.005 0.003 0.003 0.003 0.003 0.007 0.005 
279 TMA-ZAIN-G-    (0)    1 :  0.005 0.004 0.937 0.013 0.005 0.003 0.004 0.005 0.015 0.010 
280 TMA-ZAIN-G-    (0)    1 :  0.009 0.004 0.731 0.013 0.009 0.002 0.006 0.004 0.128 0.094 
281 TMA-ZAIN-G-    (0)    1 :  0.005 0.005 0.906 0.009 0.006 0.003 0.004 0.004 0.018 0.041 
282 TMA-ZAIN-G-    (9)    1 :  0.003 0.005 0.957 0.006 0.003 0.003 0.003 0.003 0.006 0.011 
283 TMA-ZAIN-G-    (0)    1 :  0.009 0.127 0.626 0.083 0.004 0.006 0.017 0.009 0.053 0.066 
284 TMA-ZAIN-G-    (0)    1 :  0.014 0.157 0.457 0.085 0.006 0.003 0.015 0.009 0.095 0.160 
285 TMA-ZAIN-G-    (0)    1 :  0.021 0.028 0.795 0.034 0.011 0.024 0.016 0.022 0.021 0.028 
286 TMA-ZAIN-G-    (0)    1 :  0.003 0.008 0.921 0.014 0.003 0.002 0.004 0.004 0.009 0.032 
287 TMA-ZAIN-G-    (0)    1 :  0.011 0.006 0.897 0.015 0.014 0.010 0.005 0.011 0.007 0.025 
288 TMA-ZAIN-G-    (0)    1 :  0.033 0.015 0.511 0.211 0.049 0.009 0.014 0.021 0.057 0.080 
289 TMA-ZAIN-G-    (0)    1 :  0.017 0.010 0.842 0.034 0.026 0.014 0.007 0.018 0.012 0.019 
290 TMA-ZAIN-G-    (0)    1 :  0.011 0.009 0.445 0.077 0.010 0.003 0.008 0.006 0.029 0.401 
291 TMA-ZAIN-G-    (0)    1 :  0.005 0.008 0.011 0.035 0.004 0.004 0.005 0.004 0.913 0.011 
292 TMA-ZAIN-G-    (0)    1 :  0.095 0.005 0.012 0.010 0.025 0.007 0.171 0.643 0.023 0.010 
293 TMA-ZAIN-G-    (0)    1 :  0.092 0.024 0.012 0.015 0.026 0.022 0.602 0.188 0.015 0.005 
294 TMA-ZAIN-G-    (0)    1 :  0.013 0.007 0.004 0.006 0.004 0.011 0.074 0.874 0.004 0.003 
295 TMA-ZAIN-G-    (9)    1 :  0.015 0.007 0.008 0.014 0.005 0.013 0.104 0.823 0.007 0.004 
296 TMA-ZAIN-G-    (0)    1 :  0.058 0.011 0.006 0.015 0.048 0.006 0.580 0.251 0.011 0.013 
297 TMA-ZAIN-G-    (0)    1 :  0.066 0.026 0.006 0.012 0.117 0.024 0.639 0.096 0.008 0.005 
298 TMA-ZAIN-G-    (0)    1 :  0.012 0.039 0.019 0.013 0.004 0.008 0.039 0.838 0.014 0.014 
299 TMA-ZAIN-G-    (0)    1 :  0.007 0.003 0.005 0.003 0.004 0.008 0.012 0.950 0.005 0.003 
300 TMA-ZAIN-G-    (0)    1 :  0.036 0.007 0.006 0.011 0.007 0.029 0.024 0.872 0.005 0.003 
301 TMA-ZAIN-G-    (0)    1 :  0.078 0.005 0.007 0.008 0.033 0.029 0.049 0.777 0.009 0.005 
302 TMA-ZAIN-G-    (9)    1 :  0.060 0.006 0.003 0.006 0.016 0.007 0.150 0.744 0.005 0.004 
303 TMA-ZAIN-G-    (0)    1 :  0.018 0.020 0.005 0.014 0.058 0.002 0.004 0.004 0.866 0.010 
304 TMA-ZAIN-G-    (0)    2 :  0.118 0.566 0.008 0.016 0.038 0.128 0.087 0.017 0.006 0.015 
305 TMA-ZAIN-G-    (0)    2 :  0.061 0.011 0.004 0.008 0.012 0.019 0.635 0.242 0.004 0.004 
306 TMA-ZAIN-G-    (0)    2 :  0.049 0.386 0.030 0.012 0.026 0.019 0.250 0.112 0.009 0.109 
307 TMA-ZAIN-G-    (0)    2 :  0.120 0.405 0.012 0.012 0.015 0.308 0.099 0.014 0.005 0.011 
308 TMA-ZAIN-G-    (0)    2 :  0.005 0.770 0.013 0.064 0.013 0.013 0.004 0.004 0.087 0.026 
309 TMA-ZAIN-G-    (0)    2 :  0.916 0.004 0.003 0.005 0.021 0.007 0.013 0.024 0.004 0.003 
310 TMA-ZAIN-G-    (0)    2 :  0.052 0.019 0.025 0.017 0.003 0.010 0.133 0.719 0.015 0.007 
311 TMA-ZAIN-G-    (0)    2 :  0.114 0.062 0.009 0.032 0.017 0.007 0.515 0.177 0.026 0.042 
312 TMA-ZAIN-G-    (0)    2 :  0.821 0.008 0.005 0.035 0.018 0.009 0.040 0.048 0.010 0.005 
313 TMA-ZAIN-G-    (0)    2 :  0.073 0.661 0.005 0.009 0.021 0.029 0.057 0.129 0.004 0.013 
314 TMA-ZAIN-G-    (0)    2 :  0.021 0.015 0.255 0.426 0.010 0.007 0.008 0.010 0.038 0.210 
315 TMA-ZAIN-G-    (0)    2 :  0.054 0.018 0.381 0.044 0.008 0.047 0.094 0.330 0.017 0.007 
316 TMA-ZAIN-G-    (0)    2 :  0.055 0.018 0.392 0.058 0.006 0.047 0.116 0.254 0.042 0.012 
317 TMA-ZAIN-G-    (0)    2 :  0.006 0.018 0.027 0.135 0.009 0.005 0.007 0.023 0.711 0.061 
318 TMA-ZAIN-G-    (9)    2 :  0.006 0.045 0.441 0.053 0.010 0.010 0.006 0.014 0.097 0.319 
319 TMA-ZAIN-G-    (0)    3 :  0.013 0.009 0.095 0.028 0.416 0.003 0.004 0.006 0.411 0.016 
320 TMA-ZAIN-G-    (0)    3 :  0.046 0.005 0.006 0.007 0.009 0.021 0.081 0.391 0.428 0.005 
321 TMA-ZAIN-G-    (0)    4 :  0.289 0.010 0.038 0.403 0.007 0.016 0.121 0.074 0.014 0.027 
322 TMA-ZAIN-G-    (0)    4 :  0.147 0.074 0.009 0.235 0.007 0.037 0.185 0.067 0.180 0.059 
323 TMA-ZAIN-G-    (0)    5 :  0.028 0.011 0.010 0.008 0.064 0.026 0.011 0.006 0.827 0.008 
324 TMA-ZAIN-G-    (0)    5 :  0.019 0.017 0.004 0.015 0.031 0.009 0.887 0.008 0.006 0.005 
325 TMA-ZAIN-G-    (0)    5 :  0.016 0.007 0.020 0.015 0.006 0.007 0.012 0.010 0.904 0.004 
326 TMA-ZAIN-G-    (0)    5 :  0.021 0.014 0.003 0.008 0.357 0.006 0.009 0.005 0.573 0.002 
327 TMA-ZAIN-G-    (0)    5 :  0.047 0.014 0.003 0.008 0.880 0.027 0.007 0.008 0.004 0.003 
328 TMA-ZAIN-G-    (0)    5 :  0.063 0.021 0.074 0.065 0.069 0.235 0.028 0.012 0.188 0.245 
329 TMA-ZAIN-G-    (0)    5 :  0.323 0.036 0.007 0.015 0.042 0.092 0.054 0.413 0.013 0.005 
330 TMA-ZAIN-G-    (0)    6 :  0.752 0.034 0.003 0.016 0.022 0.063 0.029 0.073 0.006 0.004 
331 TMA-ZAIN-G-    (0)    6 :  0.440 0.132 0.052 0.016 0.010 0.006 0.019 0.248 0.064 0.014 
332 TMA-ZAIN-G-    (0)    6 :  0.641 0.005 0.002 0.006 0.283 0.010 0.037 0.010 0.003 0.002 
333 TMA-ZAIN-G-    (0)    6 :  0.012 0.004 0.002 0.003 0.963 0.003 0.003 0.003 0.004 0.003 
334 TMA-ZAIN-G-    (0)    6 :  0.004 0.007 0.945 0.010 0.003 0.003 0.004 0.004 0.010 0.011 
335 TMA-ZAIN-G-    (0)    6 :  0.004 0.004 0.959 0.006 0.003 0.006 0.005 0.005 0.004 0.004 
336 TMA-ZAIN-G-    (0)    6 :  0.009 0.011 0.898 0.026 0.005 0.006 0.007 0.010 0.015 0.012 
337 TMA-ZAIN-G-    (9)    6 :  0.005 0.007 0.845 0.031 0.003 0.004 0.007 0.006 0.017 0.075 
338 TMA-ZAIN-G-    (0)    6 :  0.003 0.006 0.918 0.009 0.003 0.003 0.003 0.004 0.009 0.041 
339 TMA-ZAIN-G-    (0)    6 :  0.002 0.004 0.963 0.003 0.002 0.002 0.002 0.002 0.006 0.013 
340 TMA-ZAIN-G-    (0)    6 :  0.003 0.003 0.967 0.004 0.002 0.003 0.003 0.003 0.006 0.007 
341 TMA-ZAIN-G-    (0)    6 :  0.005 0.003 0.957 0.005 0.003 0.004 0.005 0.004 0.005 0.009 
342 TMA-ZAIN-G-    (0)    6 :  0.004 0.005 0.953 0.006 0.003 0.004 0.004 0.005 0.008 0.008 
343 TMA-ZAIN-G-    (0)    7 :  0.004 0.003 0.939 0.005 0.003 0.002 0.003 0.003 0.008 0.030 
344 TMA-ZAIN-G-    (0)    7 :  0.006 0.004 0.943 0.011 0.006 0.003 0.005 0.004 0.010 0.008 
345 TMA-ZAIN-G-    (0)    7 :  0.003 0.005 0.969 0.004 0.003 0.003 0.003 0.003 0.004 0.005 
346 TMA-ZAIN-G-    (0)    7 :  0.011 0.005 0.901 0.006 0.011 0.003 0.005 0.006 0.031 0.022 
347 TMA-ZAIN-G-    (9)    7 :  0.003 0.003 0.962 0.006 0.003 0.003 0.003 0.003 0.007 0.008 
348 TMA-ZAIN-G-    (0)    7 :  0.005 0.009 0.918 0.018 0.004 0.004 0.005 0.005 0.010 0.022 
349 TMA-ZAIN-G-    (0)    7 :  0.003 0.004 0.951 0.005 0.004 0.003 0.003 0.004 0.008 0.014 
350 TMA-ZAIN-G-    (0)    7 :  0.009 0.006 0.817 0.027 0.008 0.005 0.007 0.008 0.089 0.026 
351 TMA-ZAIN-G-    (0)    7 :  0.003 0.005 0.957 0.008 0.004 0.003 0.003 0.004 0.006 0.007 
352 TMA-ZAIN-G-    (0)    7 :  0.006 0.008 0.938 0.010 0.003 0.006 0.007 0.008 0.006 0.008 
353 TMA-ZAIN-G-    (0)    7 :  0.011 0.005 0.866 0.015 0.013 0.003 0.007 0.006 0.033 0.040 
354 TMA-ZAIN-G-    (0)    7 :  0.009 0.003 0.942 0.009 0.005 0.002 0.006 0.004 0.012 0.007 
355 TMA-ZAIN-G-    (0)    7 :  0.014 0.003 0.926 0.009 0.007 0.004 0.010 0.007 0.008 0.012 
356 TMA-ZAIN-G-    (0)    8 :  0.004 0.009 0.002 0.004 0.002 0.040 0.918 0.007 0.011 0.003 
357 TMA-ZAIN-G-    (0)    8 :  0.106 0.010 0.003 0.013 0.334 0.055 0.396 0.067 0.008 0.009 
358 TMA-ZAIN-G-    (0)    8 :  0.476 0.024 0.020 0.046 0.017 0.123 0.098 0.130 0.023 0.043 
359 TMA-ZAIN-G-    (0)    8 :  0.010 0.076 0.021 0.017 0.004 0.279 0.423 0.068 0.093 0.009 
360 TMA-ZAIN-G-    (0)    8 :  0.025 0.008 0.005 0.005 0.003 0.013 0.856 0.075 0.007 0.003 
361 TMA-ZAIN-G-    (0)    8 :  0.775 0.009 0.003 0.015 0.023 0.020 0.104 0.034 0.006 0.012 
362 TMA-ZAIN-G-    (0)    8 :  0.007 0.005 0.053 0.007 0.003 0.009 0.859 0.026 0.025 0.007 
363 TMA-ZAIN-G-    (0)    9 :  0.354 0.017 0.009 0.053 0.077 0.012 0.074 0.374 0.024 0.004 
364 TMA-ZAIN-G-    (0)    9 :  0.025 0.029 0.031 0.343 0.014 0.015 0.013 0.050 0.082 0.398 
365 TMA-ZAIN-G-    (0)    9 :  0.128 0.004 0.125 0.128 0.004 0.029 0.470 0.078 0.023 0.010 
366 TMA-ZAIN-G-    (0)    9 :  0.015 0.017 0.006 0.011 0.004 0.070 0.122 0.748 0.004 0.003 
