

----------------------------------------------------
STRUCTURE by Pritchard, Stephens and Donnelly (2000)
     and Falush, Stephens and Pritchard (2003)
       Code by Pritchard, Falush and Hubisz
             Version 2.3.4 (Jul 2012)
----------------------------------------------------



Command line arguments:   bin\structure -m C:\Users\eschumacher\Documents\GitHub\GCC_QUAC_ZAIN\Data_Files\Structure_Files\ZAIN\ZAIN_rebinned_allpop_str\50-50\mainparams -e C:\Users\eschumacher\Documents\GitHub\GCC_QUAC_ZAIN\Data_Files\Structure_Files\ZAIN\ZAIN_rebinned_allpop_str\50-50\extraparams 
Input File:    C:\Users\eschumacher\Documents\GitHub\GCC_QUAC_ZAIN\Data_Files\Structure_Files\ZAIN\ZAIN_rebinned_allpop_str\project_data

Run parameters:
   1133 individuals
   11 loci
   5 populations assumed
   50000 Burn-in period
   50000 Reps


--------------------------------------------
Proportion of membership of each pre-defined
 population in each of the 5 clusters

Given    Inferred Clusters                     Number of
 Pop       1      2      3      4      5      Individuals

  1:     0.120  0.176  0.184  0.322  0.199      303
  2:     0.227  0.094  0.183  0.315  0.181       15
  3:     0.011  0.578  0.029  0.228  0.154        2
  4:     0.073  0.234  0.146  0.384  0.163        2
  5:     0.023  0.357  0.081  0.216  0.322        7
  6:     0.024  0.020  0.675  0.038  0.242       13
  7:     0.005  0.039  0.946  0.005  0.005       13
  8:     0.017  0.016  0.014  0.751  0.202        7
  9:     0.023  0.028  0.083  0.464  0.401       11
 10:     0.039  0.153  0.131  0.565  0.112        9
 11:     0.008  0.024  0.946  0.014  0.008       35
 12:     0.029  0.008  0.008  0.804  0.152       36
 13:     0.010  0.010  0.007  0.880  0.093       33
 14:     0.959  0.009  0.014  0.011  0.007       40
 15:     0.013  0.004  0.004  0.007  0.972       39
 16:     0.038  0.554  0.283  0.081  0.044       40
 17:     0.039  0.810  0.113  0.022  0.016       37
 18:     0.007  0.005  0.006  0.860  0.122       40
 19:     0.040  0.008  0.928  0.007  0.017       28
 20:     0.941  0.020  0.016  0.013  0.011       14
 21:     0.008  0.962  0.012  0.006  0.011       13
 22:     0.016  0.004  0.005  0.029  0.946       14
 23:     0.010  0.008  0.006  0.928  0.049       25
 24:     0.025  0.017  0.007  0.931  0.019       40
 25:     0.884  0.019  0.022  0.022  0.053       32
 26:     0.006  0.978  0.007  0.005  0.004       20
 27:     0.016  0.119  0.837  0.015  0.013        4
 28:     0.022  0.009  0.928  0.031  0.010       23
 29:     0.013  0.012  0.961  0.007  0.007       39
 30:     0.007  0.015  0.969  0.005  0.004       38
 31:     0.009  0.009  0.005  0.087  0.890       45
 32:     0.015  0.019  0.006  0.389  0.571       28
 33:     0.009  0.024  0.948  0.007  0.012        6
 34:     0.038  0.709  0.116  0.060  0.077       40
 35:     0.014  0.906  0.038  0.014  0.028       42
--------------------------------------------

Allele-freq. divergence among pops (Net nucleotide distance),
computed using point estimates of P.

      1       2       3       4       5      
 1      -    0.1138  0.1401  0.1479  0.1129  
 2   0.1138     -    0.0735  0.1665  0.1321  
 3   0.1401  0.0735     -    0.2160  0.2006  
 4   0.1479  0.1665  0.2160     -    0.0759  
 5   0.1129  0.1321  0.2006  0.0759     -    

Average distances (expected heterozygosity) between individuals in same cluster:
cluster  1  : 0.4402 
cluster  2  : 0.5605 
cluster  3  : 0.5066 
cluster  4  : 0.4321 
cluster  5  : 0.4347 

--------------------------------------------
Estimated Ln Prob of Data   = -22910.1
Mean value of ln likelihood = -22529.3
Variance of ln likelihood   = 761.5
Mean value of alpha         = 0.0366

Mean value of Fst_1         = 0.4215
Mean value of Fst_2         = 0.1529
Mean value of Fst_3         = 0.3215
Mean value of Fst_4         = 0.2685
Mean value of Fst_5         = 0.3759


Inferred ancestry of individuals:
        Label (%Miss) Pop:  Inferred clusters
  1 TMA-ZAIN-G-    (9)    1 :  0.025 0.038 0.775 0.023 0.138 
  2 TMA-ZAIN-G-    (0)    1 :  0.049 0.021 0.676 0.219 0.035 
  3 TMA-ZAIN-G-    (0)    1 :  0.011 0.005 0.005 0.816 0.162 
  4 TMA-ZAIN-G-    (0)    1 :  0.781 0.010 0.019 0.145 0.045 
  5 TMA-ZAIN-G-    (0)    1 :  0.007 0.004 0.983 0.003 0.003 
  6 TMA-ZAIN-G-    (0)    1 :  0.070 0.105 0.056 0.604 0.165 
  7 TMA-ZAIN-G-    (0)    1 :  0.035 0.012 0.015 0.369 0.568 
  8 TMA-ZAIN-G-    (0)    1 :  0.021 0.004 0.005 0.308 0.661 
  9 TMA-ZAIN-G-    (9)    1 :  0.007 0.007 0.014 0.733 0.238 
 10 TMA-ZAIN-G-    (0)    1 :  0.011 0.009 0.004 0.789 0.187 
 11 TMA-ZAIN-G-    (0)    1 :  0.010 0.009 0.007 0.718 0.257 
 12 TMA-ZAIN-G-    (0)    1 :  0.005 0.006 0.005 0.939 0.045 
 13 TMA-ZAIN-G-    (9)    1 :  0.029 0.047 0.129 0.254 0.541 
 14 TMA-ZAIN-G-    (9)    1 :  0.008 0.006 0.004 0.008 0.974 
 15 TMA-ZAIN-G-    (0)    1 :  0.007 0.005 0.003 0.006 0.979 
 16 TMA-ZAIN-G-    (0)    1 :  0.004 0.006 0.005 0.964 0.020 
 17 TMA-ZAIN-G-    (9)    1 :  0.042 0.026 0.026 0.019 0.887 
 18 TMA-ZAIN-G-    (0)    1 :  0.116 0.100 0.746 0.015 0.022 
 19 TMA-ZAIN-G-    (0)    1 :  0.011 0.811 0.051 0.031 0.096 
 20 TMA-ZAIN-G-    (0)    1 :  0.021 0.926 0.046 0.004 0.003 
 21 TMA-ZAIN-G-    (0)    1 :  0.007 0.980 0.007 0.004 0.003 
 22 TMA-ZAIN-G-    (0)    1 :  0.005 0.010 0.980 0.003 0.003 
 23 TMA-ZAIN-G-    (0)    1 :  0.005 0.038 0.944 0.006 0.007 
 24 TMA-ZAIN-G-    (9)    1 :  0.010 0.008 0.808 0.115 0.058 
 25 TMA-ZAIN-G-    (9)    1 :  0.005 0.788 0.109 0.086 0.012 
 26 TMA-ZAIN-G-    (9)    1 :  0.529 0.061 0.010 0.283 0.117 
 27 TMA-ZAIN-G-    (0)    1 :  0.027 0.831 0.067 0.010 0.065 
 28 TMA-ZAIN-G-    (0)    1 :  0.015 0.915 0.024 0.017 0.030 
 29 TMA-ZAIN-G-    (0)    1 :  0.063 0.312 0.004 0.578 0.042 
 30 TMA-ZAIN-G-    (0)    1 :  0.009 0.246 0.006 0.182 0.557 
 31 TMA-ZAIN-G-    (0)    1 :  0.072 0.013 0.901 0.009 0.007 
 32 TMA-ZAIN-G-    (9)    1 :  0.006 0.022 0.835 0.071 0.066 
 33 TMA-ZAIN-G-   (18)    1 :  0.005 0.004 0.005 0.703 0.283 
 34 TMA-ZAIN-G-    (0)    1 :  0.012 0.021 0.186 0.765 0.015 
 35 TMA-ZAIN-G-    (9)    1 :  0.014 0.007 0.010 0.869 0.100 
 36 TMA-ZAIN-G-    (0)    1 :  0.016 0.005 0.004 0.381 0.593 
 37 TMA-ZAIN-G-    (9)    1 :  0.016 0.016 0.009 0.894 0.066 
 38 TMA-ZAIN-G-   (18)    1 :  0.008 0.036 0.786 0.046 0.123 
 39 TMA-ZAIN-G-    (0)    1 :  0.009 0.007 0.004 0.968 0.012 
 40 TMA-ZAIN-G-    (0)    1 :  0.005 0.006 0.004 0.903 0.082 
 41 TMA-ZAIN-G-    (0)    1 :  0.006 0.005 0.003 0.264 0.722 
 42 TMA-ZAIN-G-    (9)    1 :  0.006 0.003 0.003 0.008 0.979 
 43 TMA-ZAIN-G-    (0)    1 :  0.010 0.004 0.004 0.007 0.975 
 44 TMA-ZAIN-G-    (0)    1 :  0.007 0.962 0.008 0.016 0.007 
 45 TMA-ZAIN-G-    (0)    1 :  0.016 0.015 0.008 0.529 0.431 
 46 TMA-ZAIN-G-    (0)    1 :  0.007 0.978 0.008 0.004 0.003 
 47 TMA-ZAIN-G-    (0)    1 :  0.983 0.004 0.004 0.005 0.004 
 48 TMA-ZAIN-G-    (0)    1 :  0.685 0.021 0.014 0.058 0.222 
 49 TMA-ZAIN-G-    (9)    1 :  0.026 0.828 0.045 0.094 0.007 
 50 TMA-ZAIN-G-    (0)    1 :  0.004 0.859 0.010 0.025 0.101 
 51 TMA-ZAIN-G-    (0)    1 :  0.027 0.876 0.007 0.010 0.081 
 52 TMA-ZAIN-G-    (0)    1 :  0.117 0.841 0.010 0.011 0.021 
 53 TMA-ZAIN-G-    (0)    1 :  0.290 0.396 0.240 0.018 0.056 
 54 TMA-ZAIN-G-    (0)    1 :  0.968 0.008 0.006 0.006 0.013 
 55 TMA-ZAIN-G-    (0)    1 :  0.919 0.021 0.009 0.008 0.043 
 56 TMA-ZAIN-G-    (0)    1 :  0.786 0.028 0.015 0.063 0.109 
 57 TMA-ZAIN-G-    (0)    1 :  0.970 0.009 0.005 0.011 0.005 
 58 TMA-ZAIN-G-    (0)    1 :  0.120 0.280 0.507 0.026 0.068 
 59 TMA-ZAIN-G-    (0)    1 :  0.074 0.045 0.694 0.117 0.070 
 60 TMA-ZAIN-G-    (0)    1 :  0.041 0.459 0.363 0.015 0.122 
 61 TMA-ZAIN-G-    (0)    1 :  0.016 0.009 0.967 0.004 0.004 
 62 TMA-ZAIN-G-    (9)    1 :  0.016 0.055 0.851 0.047 0.032 
 63 TMA-ZAIN-G-    (0)    1 :  0.020 0.014 0.951 0.006 0.010 
 64 TMA-ZAIN-G-    (0)    1 :  0.007 0.003 0.003 0.972 0.015 
 65 TMA-ZAIN-G-    (9)    1 :  0.020 0.004 0.003 0.947 0.026 
 66 TMA-ZAIN-G-    (0)    1 :  0.009 0.004 0.003 0.967 0.018 
 67 TMA-ZAIN-G-    (0)    1 :  0.005 0.013 0.006 0.970 0.006 
 68 TMA-ZAIN-G-    (0)    1 :  0.024 0.003 0.003 0.905 0.066 
 69 TMA-ZAIN-G-    (0)    1 :  0.012 0.012 0.010 0.959 0.008 
 70 TMA-ZAIN-G-    (0)    1 :  0.005 0.006 0.004 0.974 0.011 
 71 TMA-ZAIN-G-    (0)    1 :  0.004 0.005 0.004 0.981 0.006 
 72 TMA-ZAIN-G-    (0)    1 :  0.011 0.008 0.006 0.928 0.047 
 73 TMA-ZAIN-G-    (0)    1 :  0.021 0.062 0.045 0.865 0.008 
 74 TMA-ZAIN-G-    (0)    1 :  0.006 0.022 0.012 0.952 0.008 
 75 TMA-ZAIN-G-    (0)    1 :  0.012 0.007 0.007 0.960 0.014 
 76 TMA-ZAIN-G-    (0)    1 :  0.004 0.047 0.015 0.928 0.006 
 77 TMA-ZAIN-G-    (0)    1 :  0.012 0.018 0.005 0.934 0.031 
 78 TMA-ZAIN-G-    (0)    1 :  0.018 0.088 0.021 0.855 0.018 
 79 TMA-ZAIN-G-    (0)    1 :  0.025 0.075 0.008 0.837 0.055 
 80 TMA-ZAIN-G-    (0)    1 :  0.011 0.008 0.004 0.968 0.010 
 81 TMA-ZAIN-G-    (0)    1 :  0.014 0.023 0.006 0.941 0.016 
 82 TMA-ZAIN-G-    (0)    1 :  0.010 0.004 0.004 0.975 0.008 
 83 TMA-ZAIN-G-    (9)    1 :  0.023 0.038 0.072 0.855 0.011 
 84 TMA-ZAIN-G-    (0)    1 :  0.007 0.046 0.009 0.927 0.011 
 85 TMA-ZAIN-G-    (0)    1 :  0.896 0.020 0.065 0.010 0.009 
 86 TMA-ZAIN-G-    (0)    1 :  0.921 0.033 0.016 0.020 0.010 
 87 TMA-ZAIN-G-    (0)    1 :  0.709 0.038 0.236 0.009 0.008 
 88 TMA-ZAIN-G-    (0)    1 :  0.696 0.015 0.119 0.138 0.032 
 89 TMA-ZAIN-G-    (0)    1 :  0.917 0.011 0.021 0.032 0.020 
 90 TMA-ZAIN-G-    (0)    1 :  0.960 0.013 0.010 0.009 0.007 
 91 TMA-ZAIN-G-    (0)    1 :  0.949 0.013 0.019 0.009 0.010 
 92 TMA-ZAIN-G-    (0)    1 :  0.928 0.046 0.009 0.006 0.011 
 93 TMA-ZAIN-G-    (0)    1 :  0.944 0.021 0.020 0.006 0.008 
 94 TMA-ZAIN-G-    (0)    1 :  0.930 0.020 0.040 0.005 0.005 
 95 TMA-ZAIN-G-    (0)    1 :  0.007 0.869 0.029 0.031 0.064 
 96 TMA-ZAIN-G-    (0)    1 :  0.013 0.840 0.008 0.016 0.123 
 97 TMA-ZAIN-G-    (0)    1 :  0.016 0.017 0.949 0.010 0.008 
 98 TMA-ZAIN-G-    (0)    1 :  0.015 0.006 0.962 0.010 0.007 
 99 TMA-ZAIN-G-    (0)    1 :  0.004 0.013 0.758 0.190 0.035 
100 TMA-ZAIN-G-    (0)    1 :  0.033 0.037 0.917 0.006 0.008 
101 TMA-ZAIN-G-    (0)    1 :  0.015 0.011 0.943 0.024 0.007 
102 TMA-ZAIN-G-    (0)    1 :  0.009 0.018 0.927 0.016 0.029 
103 TMA-ZAIN-G-    (0)    1 :  0.009 0.011 0.961 0.010 0.009 
104 TMA-ZAIN-G-    (0)    1 :  0.006 0.006 0.979 0.004 0.005 
105 TMA-ZAIN-G-    (0)    1 :  0.012 0.009 0.957 0.012 0.010 
106 TMA-ZAIN-G-    (0)    1 :  0.006 0.004 0.003 0.279 0.707 
107 TMA-ZAIN-G-    (0)    1 :  0.006 0.004 0.004 0.971 0.015 
108 TMA-ZAIN-G-    (9)    1 :  0.035 0.131 0.310 0.152 0.372 
109 TMA-ZAIN-G-    (0)    1 :  0.075 0.035 0.278 0.400 0.212 
110 TMA-ZAIN-G-    (0)    1 :  0.031 0.235 0.199 0.280 0.255 
111 TMA-ZAIN-G-    (9)    1 :  0.030 0.029 0.854 0.076 0.011 
112 TMA-ZAIN-G-    (0)    1 :  0.032 0.165 0.312 0.183 0.307 
113 TMA-ZAIN-G-    (0)    1 :  0.027 0.006 0.924 0.034 0.009 
114 TMA-ZAIN-G-    (0)    1 :  0.005 0.006 0.982 0.004 0.003 
115 TMA-ZAIN-G-    (0)    1 :  0.005 0.005 0.980 0.005 0.005 
116 TMA-ZAIN-G-    (0)    1 :  0.015 0.003 0.006 0.967 0.009 
117 TMA-ZAIN-G-    (0)    1 :  0.036 0.007 0.005 0.679 0.273 
118 TMA-ZAIN-G-    (0)    1 :  0.012 0.004 0.005 0.968 0.011 
119 TMA-ZAIN-G-    (0)    1 :  0.010 0.009 0.013 0.959 0.008 
120 TMA-ZAIN-G-    (0)    1 :  0.020 0.007 0.008 0.943 0.022 
121 TMA-ZAIN-G-    (0)    1 :  0.019 0.005 0.006 0.942 0.027 
122 TMA-ZAIN-G-    (0)    1 :  0.024 0.013 0.006 0.896 0.060 
123 TMA-ZAIN-G-    (0)    1 :  0.007 0.012 0.963 0.006 0.011 
124 TMA-ZAIN-G-    (0)    1 :  0.005 0.005 0.004 0.011 0.976 
125 TMA-ZAIN-G-    (0)    1 :  0.049 0.003 0.003 0.017 0.928 
126 TMA-ZAIN-G-    (0)    1 :  0.009 0.004 0.004 0.010 0.973 
127 TMA-ZAIN-G-    (0)    1 :  0.004 0.004 0.003 0.014 0.975 
128 TMA-ZAIN-G-    (0)    1 :  0.008 0.004 0.004 0.043 0.941 
129 TMA-ZAIN-G-    (0)    1 :  0.005 0.004 0.006 0.011 0.974 
130 TMA-ZAIN-G-    (0)    1 :  0.027 0.004 0.005 0.015 0.948 
131 TMA-ZAIN-G-    (0)    1 :  0.006 0.004 0.004 0.009 0.977 
132 TMA-ZAIN-G-    (0)    1 :  0.035 0.004 0.004 0.088 0.869 
133 TMA-ZAIN-G-    (0)    1 :  0.035 0.019 0.004 0.138 0.805 
134 TMA-ZAIN-G-    (0)    1 :  0.028 0.009 0.004 0.069 0.890 
135 TMA-ZAIN-G-    (0)    1 :  0.007 0.006 0.005 0.931 0.051 
136 TMA-ZAIN-G-    (0)    1 :  0.020 0.005 0.004 0.949 0.022 
137 TMA-ZAIN-G-    (0)    1 :  0.007 0.007 0.006 0.935 0.046 
138 TMA-ZAIN-G-    (0)    1 :  0.012 0.003 0.004 0.381 0.599 
139 TMA-ZAIN-G-    (0)    1 :  0.054 0.005 0.005 0.789 0.147 
140 TMA-ZAIN-G-    (0)    1 :  0.004 0.006 0.005 0.925 0.060 
141 TMA-ZAIN-G-    (0)    1 :  0.008 0.006 0.006 0.810 0.170 
142 TMA-ZAIN-G-    (9)    1 :  0.006 0.005 0.004 0.953 0.032 
143 TMA-ZAIN-G-    (0)    1 :  0.006 0.005 0.005 0.822 0.162 
144 TMA-ZAIN-G-    (0)    1 :  0.037 0.011 0.005 0.809 0.138 
145 TMA-ZAIN-G-    (0)    1 :  0.011 0.003 0.003 0.974 0.010 
146 TMA-ZAIN-G-    (0)    1 :  0.004 0.004 0.004 0.979 0.009 
147 TMA-ZAIN-G-    (9)    1 :  0.005 0.004 0.003 0.978 0.010 
148 TMA-ZAIN-G-    (0)    1 :  0.047 0.004 0.004 0.676 0.269 
149 TMA-ZAIN-G-    (0)    1 :  0.129 0.013 0.035 0.670 0.153 
150 TMA-ZAIN-G-    (0)    1 :  0.122 0.009 0.029 0.817 0.023 
151 TMA-ZAIN-G-    (0)    1 :  0.006 0.004 0.003 0.939 0.049 
152 TMA-ZAIN-G-    (0)    1 :  0.006 0.004 0.004 0.969 0.017 
153 TMA-ZAIN-G-    (0)    1 :  0.017 0.004 0.004 0.851 0.125 
154 TMA-ZAIN-G-    (0)    1 :  0.008 0.004 0.004 0.972 0.012 
155 TMA-ZAIN-G-    (0)    1 :  0.004 0.004 0.006 0.967 0.020 
156 TMA-ZAIN-G-    (9)    1 :  0.026 0.004 0.011 0.581 0.378 
157 TMA-ZAIN-G-    (0)    1 :  0.008 0.005 0.007 0.545 0.435 
158 TMA-ZAIN-G-    (0)    1 :  0.006 0.005 0.004 0.974 0.011 
159 TMA-ZAIN-G-    (0)    1 :  0.005 0.003 0.004 0.980 0.008 
160 TMA-ZAIN-G-    (0)    1 :  0.006 0.003 0.004 0.981 0.006 
161 TMA-ZAIN-G-    (0)    1 :  0.027 0.005 0.003 0.841 0.124 
162 TMA-ZAIN-G-    (0)    1 :  0.027 0.011 0.041 0.911 0.010 
163 TMA-ZAIN-G-    (0)    1 :  0.004 0.003 0.004 0.982 0.008 
164 TMA-ZAIN-G-    (0)    1 :  0.009 0.005 0.005 0.971 0.010 
165 TMA-ZAIN-G-    (0)    1 :  0.004 0.003 0.004 0.979 0.009 
166 TMA-ZAIN-G-    (0)    1 :  0.008 0.003 0.003 0.962 0.023 
167 TMA-ZAIN-G-    (0)    1 :  0.007 0.007 0.008 0.905 0.072 
168 TMA-ZAIN-G-    (0)    1 :  0.007 0.006 0.005 0.947 0.035 
169 TMA-ZAIN-G-    (0)    1 :  0.006 0.003 0.003 0.981 0.006 
170 TMA-ZAIN-G-    (0)    1 :  0.005 0.033 0.017 0.682 0.263 
171 TMA-ZAIN-G-    (0)    1 :  0.005 0.004 0.004 0.982 0.006 
172 TMA-ZAIN-G-    (0)    1 :  0.005 0.007 0.004 0.109 0.874 
173 TMA-ZAIN-G-    (0)    1 :  0.005 0.007 0.004 0.054 0.930 
174 TMA-ZAIN-G-    (0)    1 :  0.008 0.004 0.003 0.898 0.087 
175 TMA-ZAIN-G-    (0)    1 :  0.006 0.004 0.004 0.977 0.009 
176 TMA-ZAIN-G-    (0)    1 :  0.005 0.004 0.004 0.976 0.011 
177 TMA-ZAIN-G-    (0)    1 :  0.005 0.006 0.004 0.880 0.106 
178 TMA-ZAIN-G-    (0)    1 :  0.005 0.007 0.005 0.092 0.892 
179 TMA-ZAIN-G-    (0)    1 :  0.005 0.005 0.003 0.704 0.282 
180 TMA-ZAIN-G-    (0)    1 :  0.018 0.009 0.005 0.124 0.843 
181 TMA-ZAIN-G-    (0)    1 :  0.005 0.004 0.004 0.013 0.975 
182 TMA-ZAIN-G-    (0)    1 :  0.005 0.004 0.005 0.008 0.978 
183 TMA-ZAIN-G-    (0)    1 :  0.004 0.004 0.004 0.010 0.979 
184 TMA-ZAIN-G-    (0)    1 :  0.039 0.015 0.053 0.053 0.839 
185 TMA-ZAIN-G-    (0)    1 :  0.057 0.035 0.041 0.047 0.820 
186 TMA-ZAIN-G-    (9)    1 :  0.007 0.011 0.005 0.041 0.936 
187 TMA-ZAIN-G-    (0)    1 :  0.003 0.004 0.004 0.040 0.949 
188 TMA-ZAIN-G-    (0)    1 :  0.004 0.004 0.003 0.045 0.945 
189 TMA-ZAIN-G-    (0)    1 :  0.003 0.004 0.003 0.014 0.976 
190 TMA-ZAIN-G-    (0)    1 :  0.005 0.007 0.003 0.043 0.942 
191 TMA-ZAIN-G-    (0)    1 :  0.021 0.021 0.035 0.023 0.901 
192 TMA-ZAIN-G-    (0)    1 :  0.007 0.012 0.004 0.013 0.964 
193 TMA-ZAIN-G-    (0)    1 :  0.010 0.004 0.003 0.004 0.979 
194 TMA-ZAIN-G-    (0)    1 :  0.014 0.005 0.003 0.004 0.973 
195 TMA-ZAIN-G-    (0)    1 :  0.006 0.004 0.003 0.009 0.978 
196 TMA-ZAIN-G-    (0)    1 :  0.006 0.004 0.003 0.006 0.981 
197 TMA-ZAIN-G-    (0)    1 :  0.012 0.004 0.003 0.008 0.973 
198 TMA-ZAIN-G-    (0)    1 :  0.006 0.004 0.003 0.008 0.980 
199 TMA-ZAIN-G-    (0)    1 :  0.008 0.007 0.005 0.025 0.955 
200 TMA-ZAIN-G-    (0)    1 :  0.005 0.941 0.043 0.003 0.007 
201 TMA-ZAIN-G-    (0)    1 :  0.006 0.974 0.011 0.006 0.004 
202 TMA-ZAIN-G-    (0)    1 :  0.003 0.975 0.007 0.004 0.011 
203 TMA-ZAIN-G-    (0)    1 :  0.006 0.004 0.005 0.007 0.978 
204 TMA-ZAIN-G-    (9)    1 :  0.021 0.961 0.007 0.006 0.005 
205 TMA-ZAIN-G-    (0)    1 :  0.011 0.967 0.007 0.009 0.006 
206 TMA-ZAIN-G-    (9)    1 :  0.018 0.949 0.016 0.006 0.012 
207 TMA-ZAIN-G-    (9)    1 :  0.134 0.021 0.017 0.814 0.014 
208 TMA-ZAIN-G-    (0)    1 :  0.004 0.004 0.003 0.982 0.007 
209 TMA-ZAIN-G-    (0)    1 :  0.028 0.004 0.003 0.070 0.894 
210 TMA-ZAIN-G-    (0)    1 :  0.017 0.004 0.004 0.083 0.892 
211 TMA-ZAIN-G-    (0)    1 :  0.014 0.038 0.018 0.156 0.775 
212 TMA-ZAIN-G-    (0)    1 :  0.014 0.010 0.005 0.341 0.631 
213 TMA-ZAIN-G-    (0)    1 :  0.009 0.005 0.004 0.230 0.751 
214 TMA-ZAIN-G-    (0)    1 :  0.007 0.005 0.004 0.598 0.386 
215 TMA-ZAIN-G-    (0)    1 :  0.003 0.287 0.005 0.499 0.206 
216 TMA-ZAIN-G-    (0)    1 :  0.008 0.008 0.004 0.062 0.918 
217 TMA-ZAIN-G-    (0)    1 :  0.008 0.003 0.003 0.662 0.323 
218 TMA-ZAIN-G-    (0)    1 :  0.008 0.960 0.007 0.013 0.012 
219 TMA-ZAIN-G-    (0)    1 :  0.013 0.967 0.006 0.005 0.008 
220 TMA-ZAIN-G-    (0)    1 :  0.018 0.694 0.222 0.057 0.010 
221 TMA-ZAIN-G-    (0)    1 :  0.006 0.973 0.005 0.005 0.011 
222 TMA-ZAIN-G-    (0)    1 :  0.039 0.855 0.062 0.032 0.013 
223 TMA-ZAIN-G-    (0)    1 :  0.007 0.971 0.013 0.005 0.004 
224 TMA-ZAIN-G-    (0)    1 :  0.025 0.895 0.036 0.009 0.035 
225 TMA-ZAIN-G-    (0)    1 :  0.005 0.967 0.015 0.004 0.010 
226 TMA-ZAIN-G-    (0)    1 :  0.008 0.950 0.022 0.007 0.013 
227 TMA-ZAIN-G-    (0)    1 :  0.006 0.959 0.014 0.007 0.015 
228 TMA-ZAIN-G-    (0)    1 :  0.012 0.876 0.063 0.031 0.017 
229 TMA-ZAIN-G-    (0)    1 :  0.008 0.946 0.038 0.004 0.003 
230 TMA-ZAIN-G-    (0)    1 :  0.103 0.504 0.129 0.069 0.196 
231 TMA-ZAIN-G-    (0)    1 :  0.029 0.211 0.709 0.033 0.020 
232 TMA-ZAIN-G-    (9)    1 :  0.010 0.109 0.786 0.025 0.070 
233 TMA-ZAIN-G-    (0)    1 :  0.020 0.907 0.008 0.046 0.019 
234 TMA-ZAIN-G-    (0)    1 :  0.032 0.670 0.279 0.012 0.007 
235 TMA-ZAIN-G-    (0)    1 :  0.019 0.400 0.430 0.034 0.117 
236 TMA-ZAIN-G-    (0)    1 :  0.007 0.869 0.090 0.013 0.021 
237 TMA-ZAIN-G-    (0)    1 :  0.049 0.261 0.427 0.181 0.082 
238 TMA-ZAIN-G-    (0)    1 :  0.005 0.852 0.080 0.032 0.031 
239 TMA-ZAIN-G-    (0)    1 :  0.170 0.756 0.009 0.010 0.055 
240 TMA-ZAIN-G-    (0)    1 :  0.007 0.979 0.007 0.003 0.003 
241 TMA-ZAIN-G-    (0)    1 :  0.007 0.974 0.006 0.008 0.005 
242 TMA-ZAIN-G-    (0)    1 :  0.004 0.978 0.006 0.007 0.004 
243 TMA-ZAIN-G-    (0)    1 :  0.005 0.976 0.004 0.009 0.005 
244 TMA-ZAIN-G-    (0)    1 :  0.004 0.968 0.007 0.015 0.005 
245 TMA-ZAIN-G-    (9)    1 :  0.004 0.980 0.008 0.004 0.003 
246 TMA-ZAIN-G-    (0)    1 :  0.004 0.987 0.004 0.003 0.003 
247 TMA-ZAIN-G-    (0)    1 :  0.004 0.985 0.004 0.004 0.003 
248 TMA-ZAIN-G-    (0)    1 :  0.004 0.979 0.006 0.006 0.006 
249 TMA-ZAIN-G-    (0)    1 :  0.004 0.985 0.004 0.003 0.004 
250 TMA-ZAIN-G-    (0)    1 :  0.003 0.986 0.004 0.003 0.004 
251 TMA-ZAIN-G-    (0)    1 :  0.982 0.004 0.005 0.004 0.005 
252 TMA-ZAIN-G-    (0)    1 :  0.899 0.010 0.003 0.074 0.013 
253 TMA-ZAIN-G-    (0)    1 :  0.980 0.004 0.005 0.007 0.005 
254 TMA-ZAIN-G-    (9)    1 :  0.962 0.005 0.005 0.020 0.008 
255 TMA-ZAIN-G-    (0)    1 :  0.969 0.004 0.016 0.006 0.005 
256 TMA-ZAIN-G-    (0)    1 :  0.972 0.005 0.006 0.006 0.010 
257 TMA-ZAIN-G-    (0)    1 :  0.983 0.004 0.004 0.003 0.006 
258 TMA-ZAIN-G-    (0)    1 :  0.985 0.004 0.003 0.004 0.004 
259 TMA-ZAIN-G-    (0)    1 :  0.983 0.005 0.004 0.004 0.005 
260 TMA-ZAIN-G-    (0)    1 :  0.982 0.004 0.004 0.005 0.005 
261 TMA-ZAIN-G-   (18)    1 :  0.977 0.005 0.005 0.006 0.007 
262 TMA-ZAIN-G-    (0)    1 :  0.984 0.003 0.004 0.003 0.005 
263 TMA-ZAIN-G-    (0)    1 :  0.983 0.004 0.005 0.004 0.004 
264 TMA-ZAIN-G-    (0)    1 :  0.980 0.004 0.006 0.005 0.005 
265 TMA-ZAIN-G-    (0)    1 :  0.678 0.230 0.020 0.046 0.025 
266 TMA-ZAIN-G-    (0)    1 :  0.738 0.020 0.024 0.042 0.177 
267 TMA-ZAIN-G-    (0)    1 :  0.783 0.089 0.107 0.013 0.009 
268 TMA-ZAIN-G-    (0)    1 :  0.005 0.005 0.983 0.004 0.003 
269 TMA-ZAIN-G-    (0)    1 :  0.006 0.012 0.972 0.005 0.005 
270 TMA-ZAIN-G-    (0)    1 :  0.009 0.015 0.966 0.005 0.005 
271 TMA-ZAIN-G-    (0)    1 :  0.006 0.007 0.980 0.004 0.003 
272 TMA-ZAIN-G-    (0)    1 :  0.005 0.039 0.946 0.005 0.005 
273 TMA-ZAIN-G-    (0)    1 :  0.004 0.072 0.917 0.003 0.004 
274 TMA-ZAIN-G-    (0)    1 :  0.008 0.015 0.958 0.007 0.012 
275 TMA-ZAIN-G-    (0)    1 :  0.003 0.013 0.976 0.004 0.004 
276 TMA-ZAIN-G-    (0)    1 :  0.004 0.007 0.982 0.004 0.003 
277 TMA-ZAIN-G-    (0)    1 :  0.006 0.022 0.963 0.004 0.004 
278 TMA-ZAIN-G-    (0)    1 :  0.007 0.043 0.942 0.004 0.004 
279 TMA-ZAIN-G-    (0)    1 :  0.004 0.029 0.957 0.004 0.005 
280 TMA-ZAIN-G-    (0)    1 :  0.004 0.042 0.945 0.004 0.005 
281 TMA-ZAIN-G-    (0)    1 :  0.006 0.029 0.958 0.004 0.005 
282 TMA-ZAIN-G-    (9)    1 :  0.005 0.016 0.972 0.003 0.003 
283 TMA-ZAIN-G-    (0)    1 :  0.028 0.045 0.917 0.005 0.005 
284 TMA-ZAIN-G-    (0)    1 :  0.057 0.035 0.894 0.006 0.007 
285 TMA-ZAIN-G-    (0)    1 :  0.010 0.044 0.933 0.006 0.007 
286 TMA-ZAIN-G-    (0)    1 :  0.007 0.013 0.974 0.003 0.003 
287 TMA-ZAIN-G-    (0)    1 :  0.006 0.011 0.972 0.005 0.006 
288 TMA-ZAIN-G-    (0)    1 :  0.009 0.015 0.944 0.010 0.024 
289 TMA-ZAIN-G-    (0)    1 :  0.007 0.014 0.963 0.007 0.009 
290 TMA-ZAIN-G-    (0)    1 :  0.006 0.011 0.972 0.004 0.007 
291 TMA-ZAIN-G-    (0)    1 :  0.011 0.957 0.020 0.006 0.007 
292 TMA-ZAIN-G-    (0)    1 :  0.006 0.022 0.014 0.777 0.181 
293 TMA-ZAIN-G-    (0)    1 :  0.017 0.014 0.005 0.929 0.034 
294 TMA-ZAIN-G-    (0)    1 :  0.008 0.006 0.004 0.974 0.009 
295 TMA-ZAIN-G-    (9)    1 :  0.009 0.010 0.006 0.964 0.012 
296 TMA-ZAIN-G-    (0)    1 :  0.014 0.011 0.014 0.803 0.157 
297 TMA-ZAIN-G-    (0)    1 :  0.014 0.009 0.008 0.892 0.077 
298 TMA-ZAIN-G-    (0)    1 :  0.074 0.023 0.019 0.873 0.011 
299 TMA-ZAIN-G-    (0)    1 :  0.004 0.007 0.005 0.977 0.007 
300 TMA-ZAIN-G-    (0)    1 :  0.007 0.010 0.004 0.942 0.037 
301 TMA-ZAIN-G-    (0)    1 :  0.009 0.010 0.006 0.913 0.062 
302 TMA-ZAIN-G-    (9)    1 :  0.007 0.005 0.004 0.847 0.136 
303 TMA-ZAIN-G-    (0)    1 :  0.078 0.779 0.025 0.005 0.113 
304 TMA-ZAIN-G-    (0)    2 :  0.594 0.011 0.012 0.199 0.183 
305 TMA-ZAIN-G-    (0)    2 :  0.009 0.006 0.004 0.943 0.039 
306 TMA-ZAIN-G-    (0)    2 :  0.439 0.017 0.119 0.365 0.060 
307 TMA-ZAIN-G-    (0)    2 :  0.473 0.009 0.009 0.376 0.133 
308 TMA-ZAIN-G-    (0)    2 :  0.832 0.093 0.058 0.007 0.009 
309 TMA-ZAIN-G-    (0)    2 :  0.004 0.004 0.003 0.024 0.966 
310 TMA-ZAIN-G-    (0)    2 :  0.024 0.030 0.013 0.920 0.014 
311 TMA-ZAIN-G-    (0)    2 :  0.081 0.016 0.046 0.660 0.197 
312 TMA-ZAIN-G-    (0)    2 :  0.010 0.012 0.006 0.072 0.899 
313 TMA-ZAIN-G-    (0)    2 :  0.806 0.005 0.012 0.101 0.075 
314 TMA-ZAIN-G-    (0)    2 :  0.035 0.035 0.861 0.019 0.051 
315 TMA-ZAIN-G-    (0)    2 :  0.027 0.067 0.335 0.533 0.038 
316 TMA-ZAIN-G-    (0)    2 :  0.022 0.100 0.371 0.476 0.031 
317 TMA-ZAIN-G-    (0)    2 :  0.014 0.902 0.058 0.015 0.010 
318 TMA-ZAIN-G-    (9)    2 :  0.041 0.096 0.843 0.010 0.010 
319 TMA-ZAIN-G-    (0)    3 :  0.016 0.698 0.052 0.006 0.228 
320 TMA-ZAIN-G-    (0)    3 :  0.006 0.459 0.006 0.449 0.079 
321 TMA-ZAIN-G-    (0)    4 :  0.015 0.117 0.203 0.431 0.234 
322 TMA-ZAIN-G-    (0)    4 :  0.132 0.350 0.089 0.337 0.091 
323 TMA-ZAIN-G-    (0)    5 :  0.017 0.844 0.009 0.018 0.112 
324 TMA-ZAIN-G-    (0)    5 :  0.033 0.008 0.007 0.879 0.072 
325 TMA-ZAIN-G-    (0)    5 :  0.006 0.978 0.005 0.005 0.006 
326 TMA-ZAIN-G-    (0)    5 :  0.043 0.582 0.003 0.013 0.358 
327 TMA-ZAIN-G-    (0)    5 :  0.019 0.004 0.003 0.007 0.967 
328 TMA-ZAIN-G-    (0)    5 :  0.014 0.069 0.536 0.050 0.330 
329 TMA-ZAIN-G-    (0)    5 :  0.030 0.013 0.005 0.541 0.411 
330 TMA-ZAIN-G-    (0)    6 :  0.044 0.005 0.004 0.241 0.706 
331 TMA-ZAIN-G-    (0)    6 :  0.202 0.100 0.050 0.198 0.450 
332 TMA-ZAIN-G-    (0)    6 :  0.005 0.004 0.003 0.012 0.976 
333 TMA-ZAIN-G-    (0)    6 :  0.007 0.004 0.003 0.005 0.981 
334 TMA-ZAIN-G-    (0)    6 :  0.008 0.027 0.958 0.004 0.003 
335 TMA-ZAIN-G-    (0)    6 :  0.005 0.017 0.967 0.006 0.005 
336 TMA-ZAIN-G-    (0)    6 :  0.017 0.035 0.933 0.008 0.007 
337 TMA-ZAIN-G-    (9)    6 :  0.005 0.015 0.970 0.005 0.005 
338 TMA-ZAIN-G-    (0)    6 :  0.004 0.006 0.984 0.003 0.003 
339 TMA-ZAIN-G-    (0)    6 :  0.004 0.008 0.982 0.002 0.002 
340 TMA-ZAIN-G-    (0)    6 :  0.004 0.012 0.977 0.004 0.003 
341 TMA-ZAIN-G-    (0)    6 :  0.004 0.008 0.979 0.005 0.004 
342 TMA-ZAIN-G-    (0)    6 :  0.008 0.020 0.964 0.005 0.004 
343 TMA-ZAIN-G-    (0)    7 :  0.003 0.008 0.983 0.003 0.003 
344 TMA-ZAIN-G-    (0)    7 :  0.005 0.041 0.944 0.005 0.005 
345 TMA-ZAIN-G-    (0)    7 :  0.005 0.014 0.975 0.003 0.003 
346 TMA-ZAIN-G-    (0)    7 :  0.004 0.016 0.972 0.003 0.004 
347 TMA-ZAIN-G-    (9)    7 :  0.004 0.018 0.971 0.004 0.004 
348 TMA-ZAIN-G-    (0)    7 :  0.008 0.052 0.930 0.005 0.005 
349 TMA-ZAIN-G-    (0)    7 :  0.004 0.016 0.972 0.004 0.004 
350 TMA-ZAIN-G-    (0)    7 :  0.007 0.211 0.768 0.007 0.007 
351 TMA-ZAIN-G-    (0)    7 :  0.006 0.025 0.961 0.004 0.004 
352 TMA-ZAIN-G-    (0)    7 :  0.008 0.011 0.969 0.007 0.005 
353 TMA-ZAIN-G-    (0)    7 :  0.006 0.062 0.922 0.005 0.006 
354 TMA-ZAIN-G-    (0)    7 :  0.003 0.018 0.969 0.004 0.005 
355 TMA-ZAIN-G-    (0)    7 :  0.004 0.014 0.969 0.007 0.006 
356 TMA-ZAIN-G-    (0)    8 :  0.017 0.009 0.003 0.967 0.003 
357 TMA-ZAIN-G-    (0)    8 :  0.017 0.007 0.010 0.673 0.292 
358 TMA-ZAIN-G-    (0)    8 :  0.035 0.026 0.064 0.560 0.315 
359 TMA-ZAIN-G-    (0)    8 :  0.026 0.040 0.006 0.922 0.006 
360 TMA-ZAIN-G-    (0)    8 :  0.006 0.005 0.003 0.979 0.006 
361 TMA-ZAIN-G-    (0)    8 :  0.013 0.006 0.008 0.188 0.785 
362 TMA-ZAIN-G-    (0)    8 :  0.005 0.016 0.006 0.967 0.006 
363 TMA-ZAIN-G-    (0)    9 :  0.025 0.029 0.008 0.217 0.720 
364 TMA-ZAIN-G-    (0)    9 :  0.053 0.216 0.630 0.052 0.049 
365 TMA-ZAIN-G-    (0)    9 :  0.006 0.020 0.185 0.760 0.029 
366 TMA-ZAIN-G-    (0)    9 :  0.015 0.006 0.004 0.968 0.006 
367 TMA-ZAIN-G-    (0)    9 :  0.116 0.010 0.064 0.040 0.770 
368 TMA-ZAIN-G-    (0)    9 :  0.012 0.006 0.004 0.960 0.018 
369 TMA-ZAIN-G-    (0)    9 :  0.005 0.004 0.002 0.065 0.923 
370 TMA-ZAIN-G-    (0)    9 :  0.005 0.006 0.006 0.100 0.883 
371 TMA-ZAIN-G-    (0)    9 :  0.006 0.004 0.005 0.977 0.009 
372 TMA-ZAIN-G-    (0)    9 :  0.006 0.004 0.004 0.965 0.021 
373 TMA-ZAIN-G-    (0)    9 :  0.006 0.005 0.003 0.005 0.982 
374 TMA-ZAIN-G-    (0)   10 :  0.187 0.035 0.279 0.024 0.474 
375 TMA-ZAIN-G-    (0)   10 :  0.010 0.497 0.055 0.033 0.405 
376 TMA-ZAIN-G-    (9)   10 :  0.004 0.004 0.004 0.976 0.012 
377 TMA-ZAIN-G-    (0)   10 :  0.004 0.003 0.003 0.981 0.009 
378 TMA-ZAIN-G-    (0)   10 :  0.005 0.003 0.004 0.977 0.012 
379 TMA-ZAIN-G-    (0)   10 :  0.021 0.003 0.004 0.951 0.022 
380 TMA-ZAIN-G-    (0)   10 :  0.007 0.004 0.003 0.973 0.014 
381 TMA-ZAIN-G-    (9)   10 :  0.109 0.669 0.012 0.163 0.047 
382 TMA-ZAIN-G-    (9)   10 :  0.007 0.159 0.814 0.007 0.013 
383    ZFB01    (0)   11 :  0.005 0.005 0.976 0.008 0.006 
384    ZFB02    (0)   11 :  0.011 0.008 0.973 0.004 0.003 
385    ZFB03    (0)   11 :  0.006 0.008 0.969 0.006 0.012 
386    ZFB04    (0)   11 :  0.008 0.011 0.969 0.007 0.005 
387    ZFB05    (0)   11 :  0.011 0.071 0.897 0.007 0.014 
388    ZFB06    (0)   11 :  0.007 0.047 0.924 0.008 0.015 
389    ZFB07    (9)   11 :  0.007 0.035 0.934 0.013 0.011 
390    ZFB08    (0)   11 :  0.007 0.005 0.976 0.006 0.006 
391    ZFB09    (0)   11 :  0.005 0.005 0.983 0.004 0.004 
392    ZFB10    (0)   11 :  0.010 0.007 0.941 0.033 0.008 
393    ZFB11    (0)   11 :  0.008 0.008 0.962 0.016 0.006 
394    ZFB12    (0)   11 :  0.004 0.007 0.977 0.006 0.006 
395    ZFB13    (0)   11 :  0.006 0.007 0.973 0.008 0.006 
396    ZFB14    (0)   11 :  0.007 0.005 0.975 0.008 0.005 
397    ZFB15    (0)   11 :  0.004 0.006 0.983 0.004 0.003 
398    ZFB16    (0)   11 :  0.004 0.008 0.977 0.006 0.005 
399    ZFB17    (0)   11 :  0.033 0.042 0.891 0.022 0.013 
400    ZFB18    (0)   11 :  0.005 0.004 0.980 0.007 0.004 
401    ZFB19    (0)   11 :  0.006 0.020 0.923 0.033 0.018 
402    ZFB20    (0)   11 :  0.004 0.009 0.978 0.005 0.005 
403    ZFB21    (0)   11 :  0.004 0.007 0.982 0.003 0.004 
404    ZFB22    (0)   11 :  0.014 0.026 0.918 0.027 0.015 
405    ZFB23    (0)   11 :  0.007 0.014 0.955 0.014 0.009 
406    ZFB24    (0)   11 :  0.006 0.011 0.965 0.012 0.006 
407    ZFB25    (0)   11 :  0.009 0.008 0.899 0.066 0.018 
408    ZFB26    (0)   11 :  0.013 0.030 0.897 0.048 0.013 
409    ZFB27    (0)   11 :  0.007 0.018 0.952 0.016 0.007 
410    ZFB28    (0)   11 :  0.009 0.021 0.956 0.006 0.008 
411    ZFB29    (0)   11 :  0.008 0.007 0.977 0.005 0.003 
412    ZFB30    (0)   11 :  0.005 0.329 0.634 0.016 0.015 
413    ZFB31    (0)   11 :  0.006 0.007 0.941 0.034 0.012 
414    ZFB32    (0)   11 :  0.018 0.021 0.935 0.010 0.016 
415    ZFB33    (0)   11 :  0.004 0.008 0.979 0.005 0.004 
416    ZFB34    (0)   11 :  0.007 0.005 0.978 0.005 0.004 
417    ZFB35    (0)   11 :  0.008 0.008 0.967 0.010 0.007 
418  ZFBP101    (0)   12 :  0.117 0.009 0.013 0.647 0.214 
419  ZFBP102    (0)   12 :  0.024 0.011 0.019 0.830 0.117 
420  ZFBP103    (0)   12 :  0.209 0.008 0.009 0.214 0.560 
421  ZFBP104    (0)   12 :  0.004 0.040 0.053 0.452 0.450 
422  ZFBP105    (0)   12 :  0.006 0.007 0.008 0.695 0.283 
423  ZFBP106    (0)   12 :  0.009 0.005 0.004 0.859 0.124 
424  ZFBP107    (0)   12 :  0.010 0.020 0.008 0.486 0.476 
425  ZFBP108    (0)   12 :  0.004 0.004 0.004 0.976 0.013 
426  ZFBP109    (0)   12 :  0.004 0.003 0.004 0.977 0.012 
427  ZFBP110    (0)   12 :  0.068 0.021 0.028 0.162 0.722 
428  ZFBP111    (0)   12 :  0.005 0.004 0.003 0.954 0.034 
429  ZFBP112    (0)   12 :  0.009 0.007 0.005 0.967 0.012 
430  ZFBP113    (0)   12 :  0.004 0.006 0.005 0.973 0.012 
431  ZFBP114    (0)   12 :  0.007 0.007 0.004 0.945 0.037 
432  ZFBP115    (0)   12 :  0.008 0.005 0.003 0.243 0.740 
433  ZFBP116    (0)   12 :  0.005 0.007 0.004 0.964 0.021 
434  ZFBP117    (0)   12 :  0.007 0.004 0.003 0.972 0.014 
435  ZFBP118    (0)   12 :  0.006 0.007 0.004 0.967 0.016 
436  ZFBP119    (0)   12 :  0.029 0.005 0.004 0.700 0.261 
437  ZFBP120    (0)   12 :  0.005 0.007 0.009 0.732 0.248 
438  ZFBP121    (0)   12 :  0.009 0.005 0.006 0.951 0.029 
439  ZFBP122    (9)   12 :  0.006 0.004 0.004 0.963 0.022 
440  ZFBP123    (0)   12 :  0.016 0.009 0.005 0.961 0.010 
441  ZFBP124    (0)   12 :  0.006 0.005 0.008 0.967 0.015 
442  ZFBP125    (0)   12 :  0.007 0.003 0.003 0.964 0.023 
443  ZFBP126    (0)   12 :  0.034 0.014 0.016 0.922 0.014 
444  ZFBP127    (0)   12 :  0.018 0.005 0.004 0.783 0.191 
445  ZFBP128    (0)   12 :  0.008 0.003 0.004 0.972 0.014 
446  ZFBP129    (0)   12 :  0.008 0.004 0.004 0.976 0.008 
447  ZFBP130    (0)   12 :  0.011 0.004 0.003 0.970 0.012 
448  ZFBP131    (0)   12 :  0.004 0.005 0.005 0.981 0.006 
449  ZFBP132    (0)   12 :  0.004 0.004 0.005 0.962 0.025 
450  ZFBP133    (0)   12 :  0.006 0.003 0.003 0.984 0.005 
451  ZFBP134    (0)   12 :  0.036 0.005 0.004 0.442 0.514 
452  ZFBP135    (0)   12 :  0.226 0.006 0.016 0.646 0.105 
453  ZFBP136    (0)   12 :  0.087 0.008 0.005 0.800 0.100 
454  ZFBP201    (0)   13 :  0.007 0.010 0.007 0.955 0.021 
455  ZFBP202    (0)   13 :  0.005 0.005 0.006 0.959 0.026 
456  ZFBP203    (0)   13 :  0.006 0.031 0.010 0.943 0.010 
457  ZFBP204    (0)   13 :  0.019 0.007 0.005 0.814 0.155 
458  ZFBP205    (0)   13 :  0.008 0.005 0.004 0.977 0.006 
459  ZFBP206    (0)   13 :  0.018 0.007 0.005 0.964 0.007 
460  ZFBP207    (0)   13 :  0.017 0.006 0.006 0.377 0.594 
461  ZFBP208    (0)   13 :  0.009 0.012 0.006 0.964 0.008 
462  ZFBP209    (0)   13 :  0.007 0.003 0.003 0.983 0.004 
463  ZFBP210    (0)   13 :  0.007 0.011 0.007 0.956 0.020 
464  ZFBP211    (0)   13 :  0.006 0.005 0.006 0.970 0.013 
465  ZFBP212    (0)   13 :  0.003 0.004 0.006 0.665 0.321 
466  ZFBP213    (0)   13 :  0.020 0.007 0.009 0.953 0.011 
467  ZFBP214    (0)   13 :  0.044 0.011 0.008 0.897 0.040 
468  ZFBP215    (0)   13 :  0.007 0.004 0.004 0.976 0.009 
469  ZFBP216    (0)   13 :  0.007 0.013 0.008 0.928 0.043 
470  ZFBP217    (0)   13 :  0.007 0.005 0.005 0.958 0.026 
471  ZFBP218    (0)   13 :  0.003 0.004 0.004 0.982 0.007 
472  ZFBP219    (0)   13 :  0.004 0.006 0.004 0.977 0.010 
473  ZFBP220    (0)   13 :  0.011 0.005 0.003 0.948 0.033 
474  ZFBP221    (0)   13 :  0.004 0.005 0.005 0.826 0.160 
475  ZFBP222    (0)   13 :  0.011 0.006 0.006 0.972 0.006 
476  ZFBP223    (0)   13 :  0.012 0.010 0.007 0.371 0.599 
477  ZFBP224    (0)   13 :  0.008 0.008 0.005 0.968 0.011 
478  ZFBP225    (0)   13 :  0.011 0.007 0.003 0.899 0.080 
479  ZFBP226    (0)   13 :  0.005 0.006 0.005 0.971 0.014 
480  ZFBP227    (0)   13 :  0.008 0.103 0.052 0.586 0.251 
481  ZFBP228    (0)   13 :  0.016 0.004 0.004 0.479 0.496 
482  ZFBP229    (0)   13 :  0.006 0.004 0.003 0.975 0.011 
483  ZFBP230    (0)   13 :  0.015 0.006 0.004 0.930 0.046 
484  ZFBP231    (0)   13 :  0.006 0.006 0.006 0.961 0.021 
485  ZFBP232    (0)   13 :  0.005 0.004 0.003 0.981 0.007 
486  ZFBP233    (0)   13 :  0.006 0.005 0.006 0.965 0.017 
487   ZFCC01    (0)   14 :  0.979 0.004 0.008 0.005 0.004 
488   ZFCC03    (0)   14 :  0.982 0.003 0.004 0.005 0.005 
489   ZFCC04    (0)   14 :  0.982 0.004 0.005 0.005 0.004 
490   ZFCC05    (0)   14 :  0.975 0.005 0.006 0.006 0.008 
491   ZFCC08    (0)   14 :  0.974 0.003 0.004 0.011 0.007 
492   ZFCC09    (0)   14 :  0.981 0.004 0.006 0.004 0.005 
493   ZFCC10    (0)   14 :  0.978 0.004 0.009 0.005 0.004 
494   ZFCC11    (0)   14 :  0.981 0.004 0.005 0.005 0.006 
495   ZFCC12    (0)   14 :  0.944 0.008 0.033 0.006 0.009 
496   ZFCC13    (0)   14 :  0.966 0.008 0.004 0.008 0.012 
497   ZFCC14    (0)   14 :  0.973 0.006 0.008 0.009 0.005 
498   ZFCC15    (0)   14 :  0.978 0.006 0.006 0.004 0.005 
499   ZFCC16    (0)   14 :  0.982 0.005 0.005 0.004 0.004 
500   ZFCC17    (0)   14 :  0.981 0.005 0.006 0.004 0.004 
501   ZFCC18    (0)   14 :  0.980 0.004 0.005 0.005 0.005 
502   ZFCC19    (0)   14 :  0.980 0.008 0.005 0.003 0.004 
503   ZFCC20    (0)   14 :  0.982 0.004 0.004 0.004 0.006 
504   ZFCC21    (0)   14 :  0.943 0.010 0.007 0.031 0.009 
505   ZFCC22    (0)   14 :  0.837 0.005 0.006 0.131 0.021 
506   ZFCC26    (0)   14 :  0.983 0.004 0.005 0.004 0.005 
507   ZFCC27    (0)   14 :  0.984 0.003 0.004 0.004 0.004 
508   ZFCC29    (0)   14 :  0.978 0.005 0.007 0.004 0.005 
509   ZFCC30    (0)   14 :  0.983 0.004 0.003 0.004 0.006 
510   ZFCC32    (0)   14 :  0.976 0.006 0.007 0.004 0.007 
511   ZFCC33    (0)   14 :  0.978 0.006 0.007 0.004 0.005 
512   ZFCC34    (0)   14 :  0.904 0.006 0.017 0.042 0.031 
513   ZFCC35    (0)   14 :  0.984 0.004 0.004 0.004 0.005 
514   ZFCC36    (0)   14 :  0.969 0.009 0.005 0.009 0.007 
515   ZFCC37    (0)   14 :  0.942 0.008 0.033 0.008 0.009 
516   ZFCC40    (0)   14 :  0.979 0.005 0.006 0.006 0.004 
517   ZFCC42    (0)   14 :  0.562 0.145 0.271 0.006 0.016 
518   ZFCC44    (0)   14 :  0.984 0.004 0.003 0.003 0.005 
519   ZFCC45    (9)   14 :  0.962 0.013 0.014 0.005 0.006 
520   ZFCC46    (0)   14 :  0.971 0.004 0.003 0.010 0.012 
521   ZFCC47    (0)   14 :  0.964 0.004 0.021 0.005 0.005 
522   ZFCC48    (0)   14 :  0.961 0.005 0.005 0.022 0.007 
523   ZFCC50    (0)   14 :  0.984 0.004 0.005 0.004 0.004 
524   ZFCC51    (0)   14 :  0.983 0.003 0.004 0.004 0.006 
525   ZFCC52    (0)   14 :  0.972 0.005 0.005 0.010 0.007 
526   ZFCC53    (0)   14 :  0.984 0.003 0.005 0.004 0.004 
527  ZFCNS01    (0)   15 :  0.007 0.008 0.004 0.004 0.977 
528  ZFCNS02    (0)   15 :  0.012 0.004 0.003 0.006 0.975 
529  ZFCNS05    (0)   15 :  0.014 0.004 0.005 0.008 0.969 
530  ZFCNS06    (0)   15 :  0.015 0.004 0.004 0.007 0.970 
531  ZFCNS07    (0)   15 :  0.005 0.004 0.004 0.013 0.973 
532  ZFCNS10    (0)   15 :  0.006 0.003 0.003 0.006 0.982 
533  ZFCNS11    (0)   15 :  0.007 0.005 0.004 0.004 0.980 
534  ZFCNS15    (0)   15 :  0.004 0.004 0.004 0.010 0.978 
535  ZFCNS17    (0)   15 :  0.016 0.004 0.004 0.007 0.970 
536  ZFCNS18    (0)   15 :  0.007 0.004 0.003 0.005 0.982 
537  ZFCNS19    (0)   15 :  0.013 0.004 0.003 0.005 0.975 
538  ZFCNS20    (0)   15 :  0.010 0.004 0.003 0.013 0.970 
539  ZFCNS21    (0)   15 :  0.010 0.004 0.003 0.004 0.979 
540  ZFCNS22    (0)   15 :  0.008 0.004 0.005 0.010 0.973 
541  ZFCNS23    (0)   15 :  0.028 0.009 0.007 0.007 0.948 
542  ZFCNS24    (0)   15 :  0.030 0.004 0.003 0.006 0.957 
543  ZFCNS25    (0)   15 :  0.013 0.004 0.004 0.009 0.970 
544  ZFCNS26    (0)   15 :  0.004 0.004 0.004 0.005 0.983 
545  ZFCNS27    (0)   15 :  0.004 0.004 0.004 0.013 0.975 
546  ZFCNS28    (0)   15 :  0.010 0.004 0.004 0.006 0.976 
547  ZFCNS29    (0)   15 :  0.015 0.004 0.004 0.008 0.969 
548  ZFCNS30    (0)   15 :  0.011 0.004 0.004 0.005 0.976 
549  ZFCNS31    (0)   15 :  0.006 0.004 0.004 0.006 0.980 
550  ZFCNS32    (0)   15 :  0.010 0.003 0.004 0.006 0.977 
551  ZFCNS33    (0)   15 :  0.006 0.003 0.004 0.005 0.981 
552  ZFCNS34    (0)   15 :  0.033 0.004 0.004 0.006 0.953 
553  ZFCNS35    (0)   15 :  0.008 0.004 0.004 0.005 0.979 
554  ZFCNS36    (0)   15 :  0.083 0.004 0.004 0.006 0.903 
555  ZFCNS37    (0)   15 :  0.007 0.004 0.003 0.004 0.981 
556  ZFCNS39    (0)   15 :  0.010 0.004 0.003 0.005 0.978 
557  ZFCNS40    (0)   15 :  0.036 0.004 0.003 0.008 0.949 
558  ZFCNS41    (0)   15 :  0.011 0.006 0.005 0.007 0.970 
559  ZFCNS42    (0)   15 :  0.006 0.004 0.003 0.006 0.981 
560  ZFCNS43    (0)   15 :  0.015 0.004 0.004 0.004 0.973 
561  ZFCNS44    (0)   15 :  0.008 0.004 0.003 0.004 0.981 
562  ZFCNS46    (0)   15 :  0.008 0.004 0.004 0.005 0.979 
563  ZFCNS47    (0)   15 :  0.008 0.004 0.004 0.004 0.980 
564  ZFCNS48    (0)   15 :  0.007 0.004 0.003 0.006 0.979 
565  ZFCNS49    (0)   15 :  0.004 0.004 0.003 0.006 0.983 
566   ZFCR01    (0)   16 :  0.024 0.265 0.582 0.119 0.010 
567   ZFCR02    (0)   16 :  0.034 0.541 0.311 0.091 0.023 
568   ZFCR03    (0)   16 :  0.066 0.114 0.705 0.101 0.014 
569   ZFCR04    (0)   16 :  0.028 0.168 0.717 0.043 0.043 
570   ZFCR05    (0)   16 :  0.055 0.453 0.461 0.020 0.010 
571   ZFCR06    (0)   16 :  0.052 0.380 0.198 0.150 0.220 
572   ZFCR07    (0)   16 :  0.033 0.597 0.182 0.012 0.176 
573   ZFCR08    (0)   16 :  0.092 0.764 0.089 0.047 0.008 
574   ZFCR09    (0)   16 :  0.066 0.139 0.600 0.126 0.069 
575   ZFCR11    (0)   16 :  0.016 0.198 0.569 0.031 0.186 
576   ZFCR12    (0)   16 :  0.017 0.644 0.017 0.040 0.282 
577   ZFCR13    (0)   16 :  0.009 0.898 0.012 0.057 0.024 
578   ZFCR14    (0)   16 :  0.030 0.784 0.137 0.030 0.018 
579   ZFCR15    (0)   16 :  0.017 0.891 0.060 0.022 0.010 
580   ZFCR16    (0)   16 :  0.024 0.731 0.153 0.083 0.009 
581   ZFCR18    (0)   16 :  0.040 0.027 0.900 0.019 0.013 
582   ZFCR19    (0)   16 :  0.042 0.058 0.592 0.282 0.026 
583   ZFCR20    (0)   16 :  0.014 0.018 0.896 0.060 0.012 
584   ZFCR21    (0)   16 :  0.052 0.854 0.031 0.042 0.021 
585   ZFCR22    (0)   16 :  0.011 0.918 0.038 0.025 0.008 
586   ZFCR23    (0)   16 :  0.005 0.815 0.036 0.105 0.040 
587   ZFCR24    (9)   16 :  0.015 0.298 0.171 0.507 0.010 
588   ZFCR25    (0)   16 :  0.010 0.906 0.072 0.006 0.006 
589   ZFCR26    (0)   16 :  0.071 0.109 0.612 0.172 0.036 
590   ZFCR27    (9)   16 :  0.007 0.793 0.191 0.005 0.004 
