

----------------------------------------------------
STRUCTURE by Pritchard, Stephens and Donnelly (2000)
     and Falush, Stephens and Pritchard (2003)
       Code by Pritchard, Falush and Hubisz
             Version 2.3.4 (Jul 2012)
----------------------------------------------------



Command line arguments:   bin\structure -m C:\Users\eschumacher\Documents\GitHub\GCC_QUAC_ZAIN\Data_Files\Structure_Files\ZAIN\ZAIN_rebinned_allpop_str\50-50\mainparams -e C:\Users\eschumacher\Documents\GitHub\GCC_QUAC_ZAIN\Data_Files\Structure_Files\ZAIN\ZAIN_rebinned_allpop_str\50-50\extraparams 
Input File:    C:\Users\eschumacher\Documents\GitHub\GCC_QUAC_ZAIN\Data_Files\Structure_Files\ZAIN\ZAIN_rebinned_allpop_str\project_data

Run parameters:
   1133 individuals
   11 loci
   16 populations assumed
   50000 Burn-in period
   50000 Reps


--------------------------------------------
Proportion of membership of each pre-defined
 population in each of the 16 clusters

Given    Inferred Clusters                                                                                                  Number of
 Pop       1      2      3      4      5      6      7      8      9     10     11     12     13     14     15     16      Individuals

  1:     0.082  0.068  0.052  0.036  0.081  0.082  0.073  0.024  0.069  0.085  0.099  0.049  0.024  0.029  0.108  0.040      303
  2:     0.041  0.012  0.035  0.032  0.040  0.113  0.159  0.037  0.058  0.094  0.141  0.016  0.059  0.024  0.116  0.023       15
  3:     0.339  0.012  0.009  0.012  0.023  0.041  0.005  0.011  0.091  0.052  0.094  0.235  0.036  0.008  0.014  0.018        2
  4:     0.035  0.006  0.013  0.018  0.074  0.104  0.023  0.200  0.018  0.024  0.109  0.007  0.166  0.036  0.152  0.017        2
  5:     0.327  0.013  0.007  0.048  0.045  0.093  0.012  0.016  0.052  0.014  0.033  0.199  0.029  0.035  0.058  0.019        7
  6:     0.007  0.006  0.006  0.009  0.007  0.018  0.007  0.007  0.010  0.642  0.020  0.093  0.005  0.005  0.128  0.030       13
  7:     0.011  0.007  0.008  0.003  0.004  0.005  0.003  0.006  0.004  0.914  0.004  0.004  0.006  0.010  0.005  0.006       13
  8:     0.015  0.018  0.007  0.063  0.466  0.088  0.009  0.018  0.035  0.006  0.059  0.058  0.008  0.011  0.114  0.024        7
  9:     0.011  0.005  0.044  0.021  0.055  0.226  0.008  0.022  0.047  0.013  0.159  0.040  0.041  0.007  0.282  0.018       11
 10:     0.102  0.009  0.027  0.016  0.391  0.102  0.019  0.066  0.052  0.008  0.035  0.021  0.022  0.059  0.058  0.013        9
 11:     0.011  0.021  0.867  0.004  0.008  0.007  0.005  0.009  0.005  0.012  0.007  0.004  0.015  0.011  0.005  0.009       35
 12:     0.006  0.004  0.006  0.023  0.168  0.201  0.019  0.008  0.122  0.004  0.300  0.014  0.008  0.005  0.094  0.017       36
 13:     0.006  0.006  0.004  0.027  0.089  0.351  0.008  0.012  0.114  0.004  0.296  0.021  0.006  0.006  0.042  0.008       33
 14:     0.006  0.006  0.007  0.011  0.008  0.018  0.826  0.008  0.007  0.014  0.011  0.009  0.009  0.010  0.008  0.043       40
 15:     0.004  0.003  0.004  0.006  0.007  0.007  0.006  0.006  0.007  0.003  0.009  0.900  0.003  0.004  0.026  0.006       39
 16:     0.047  0.013  0.042  0.012  0.018  0.026  0.014  0.053  0.015  0.034  0.019  0.011  0.648  0.020  0.015  0.013       40
 17:     0.524  0.055  0.023  0.016  0.008  0.011  0.020  0.049  0.009  0.039  0.014  0.010  0.105  0.059  0.009  0.049       37
 18:     0.004  0.003  0.005  0.021  0.570  0.153  0.006  0.006  0.035  0.003  0.123  0.011  0.004  0.006  0.042  0.008       40
 19:     0.008  0.004  0.777  0.003  0.005  0.006  0.005  0.007  0.004  0.020  0.006  0.013  0.010  0.086  0.006  0.040       28
 20:     0.004  0.005  0.004  0.006  0.005  0.006  0.013  0.005  0.005  0.004  0.007  0.005  0.004  0.004  0.006  0.919       14
 21:     0.025  0.795  0.011  0.006  0.009  0.011  0.008  0.015  0.008  0.013  0.013  0.027  0.009  0.013  0.012  0.025       13
 22:     0.004  0.002  0.004  0.008  0.013  0.013  0.018  0.006  0.009  0.003  0.014  0.023  0.004  0.008  0.865  0.006       14
 23:     0.004  0.004  0.003  0.023  0.019  0.081  0.006  0.006  0.739  0.003  0.072  0.008  0.004  0.006  0.015  0.007       25
 24:     0.005  0.005  0.005  0.889  0.011  0.015  0.008  0.006  0.010  0.005  0.011  0.006  0.006  0.006  0.008  0.005       40
 25:     0.010  0.009  0.031  0.009  0.027  0.027  0.666  0.017  0.016  0.009  0.035  0.020  0.029  0.012  0.051  0.033       32
 26:     0.004  0.954  0.003  0.003  0.003  0.003  0.003  0.003  0.003  0.004  0.003  0.003  0.003  0.003  0.003  0.003       20
 27:     0.039  0.003  0.489  0.005  0.015  0.010  0.007  0.149  0.007  0.030  0.008  0.004  0.192  0.020  0.009  0.014        4
 28:     0.008  0.004  0.206  0.009  0.063  0.033  0.008  0.012  0.012  0.059  0.014  0.005  0.230  0.317  0.010  0.010       23
 29:     0.007  0.004  0.012  0.004  0.005  0.005  0.006  0.007  0.004  0.012  0.005  0.004  0.009  0.906  0.004  0.006       39
 30:     0.006  0.006  0.011  0.004  0.005  0.005  0.004  0.005  0.005  0.904  0.006  0.004  0.006  0.010  0.004  0.014       38
 31:     0.006  0.005  0.004  0.049  0.032  0.047  0.008  0.011  0.021  0.004  0.069  0.155  0.005  0.004  0.574  0.007       45
 32:     0.010  0.011  0.005  0.021  0.077  0.144  0.013  0.008  0.081  0.004  0.206  0.147  0.005  0.005  0.246  0.017       28
 33:     0.017  0.011  0.388  0.005  0.006  0.009  0.007  0.006  0.005  0.007  0.007  0.007  0.059  0.457  0.005  0.005        6
 34:     0.019  0.004  0.015  0.012  0.006  0.007  0.005  0.845  0.006  0.011  0.007  0.009  0.015  0.018  0.010  0.010       40
 35:     0.719  0.041  0.016  0.010  0.006  0.008  0.010  0.022  0.008  0.031  0.012  0.009  0.061  0.012  0.016  0.020       42
--------------------------------------------

Allele-freq. divergence among pops (Net nucleotide distance),
computed using point estimates of P.

      1       2       3       4       5       6       7       8       9      10      11      12      13      14      15      16      
 1      -    0.2148  0.1418  0.2905  0.2542  0.1954  0.1825  0.1131  0.1997  0.1376  0.1917  0.1881  0.0685  0.1276  0.1589  0.1498  
 2   0.2148     -    0.3226  0.4835  0.4652  0.3868  0.3886  0.3966  0.3959  0.2102  0.3824  0.4637  0.2660  0.3812  0.3980  0.3411  
 3   0.1418  0.3226     -    0.3806  0.2793  0.2477  0.2281  0.2360  0.2799  0.1520  0.2644  0.3047  0.0902  0.1035  0.2707  0.2509  
 4   0.2905  0.4835  0.3806     -    0.1622  0.1020  0.2290  0.1931  0.1214  0.3851  0.1523  0.2813  0.2193  0.3984  0.1430  0.2858  
 5   0.2542  0.4652  0.2793  0.1622     -    0.0413  0.2846  0.2292  0.1055  0.3839  0.0543  0.2914  0.1723  0.3066  0.0919  0.2770  
 6   0.1954  0.3868  0.2477  0.1020  0.0413     -    0.2197  0.1411  0.0655  0.3072  0.0227  0.2369  0.1426  0.2637  0.0680  0.1870  
 7   0.1825  0.3886  0.2281  0.2290  0.2846  0.2197     -    0.2071  0.2442  0.2916  0.2612  0.2027  0.1297  0.1973  0.1988  0.2100  
 8   0.1131  0.3966  0.2360  0.1931  0.2292  0.1411  0.2071     -    0.2146  0.2327  0.1765  0.2350  0.1219  0.2039  0.1325  0.1819  
 9   0.1997  0.3959  0.2799  0.1214  0.1055  0.0655  0.2442  0.2146     -    0.3176  0.0612  0.2425  0.1711  0.3083  0.1276  0.2136  
10   0.1376  0.2102  0.1520  0.3851  0.3839  0.3072  0.2916  0.2327  0.3176     -    0.3124  0.3711  0.1333  0.1656  0.3144  0.2448  
11   0.1917  0.3824  0.2644  0.1523  0.0543  0.0227  0.2612  0.1765  0.0612  0.3124     -    0.2199  0.1656  0.2867  0.0702  0.1911  
12   0.1881  0.4637  0.3047  0.2813  0.2914  0.2369  0.2027  0.2350  0.2425  0.3711  0.2199     -    0.2386  0.3051  0.1331  0.2392  
13   0.0685  0.2660  0.0902  0.2193  0.1723  0.1426  0.1297  0.1219  0.1711  0.1333  0.1656  0.2386     -    0.1076  0.1460  0.1755  
14   0.1276  0.3812  0.1035  0.3984  0.3066  0.2637  0.1973  0.2039  0.3083  0.1656  0.2867  0.3051  0.1076     -    0.2773  0.2635  
15   0.1589  0.3980  0.2707  0.1430  0.0919  0.0680  0.1988  0.1325  0.1276  0.3144  0.0702  0.1331  0.1460  0.2773     -    0.1902  
16   0.1498  0.3411  0.2509  0.2858  0.2770  0.1870  0.2100  0.1819  0.2136  0.2448  0.1911  0.2392  0.1755  0.2635  0.1902     -    

Average distances (expected heterozygosity) between individuals in same cluster:
cluster  1  : 0.5194 
cluster  2  : 0.2341 
cluster  3  : 0.4760 
cluster  4  : 0.3470 
cluster  5  : 0.3298 
cluster  6  : 0.4086 
cluster  7  : 0.3657 
cluster  8  : 0.3771 
cluster  9  : 0.3924 
cluster 10  : 0.3713 
cluster 11  : 0.3554 
cluster 12  : 0.2467 
cluster 13  : 0.6104 
cluster 14  : 0.3145 
cluster 15  : 0.4281 
cluster 16  : 0.2508 

--------------------------------------------
Estimated Ln Prob of Data   = -19956.2
Mean value of ln likelihood = -19037.1
Variance of ln likelihood   = 1838.3
Mean value of alpha         = 0.0334

Mean value of Fst_1         = 0.1702
Mean value of Fst_2         = 0.6636
Mean value of Fst_3         = 0.4560
Mean value of Fst_4         = 0.4564
Mean value of Fst_5         = 0.4453
Mean value of Fst_6         = 0.3435
Mean value of Fst_7         = 0.4612
Mean value of Fst_8         = 0.4238
Mean value of Fst_9         = 0.4010
Mean value of Fst_10         = 0.5649
Mean value of Fst_11         = 0.3786
Mean value of Fst_12         = 0.5945
Mean value of Fst_13         = 0.1642
Mean value of Fst_14         = 0.5253
Mean value of Fst_15         = 0.3700
Mean value of Fst_16         = 0.6288


Inferred ancestry of individuals:
        Label (%Miss) Pop:  Inferred clusters
  1 TMA-ZAIN-G-    (9)    1 :  0.049 0.003 0.591 0.008 0.008 0.060 0.012 0.020 0.006 0.013 0.007 0.061 0.087 0.032 0.034 0.008 
  2 TMA-ZAIN-G-    (0)    1 :  0.008 0.003 0.417 0.004 0.010 0.028 0.017 0.005 0.104 0.007 0.013 0.007 0.337 0.017 0.007 0.015 
  3 TMA-ZAIN-G-    (0)    1 :  0.005 0.003 0.006 0.086 0.172 0.430 0.011 0.034 0.019 0.003 0.074 0.031 0.006 0.006 0.106 0.008 
  4 TMA-ZAIN-G-    (0)    1 :  0.005 0.003 0.006 0.047 0.128 0.107 0.016 0.007 0.014 0.004 0.042 0.014 0.005 0.009 0.011 0.580 
  5 TMA-ZAIN-G-    (0)    1 :  0.003 0.004 0.922 0.002 0.003 0.003 0.006 0.004 0.002 0.006 0.003 0.002 0.023 0.010 0.002 0.005 
  6 TMA-ZAIN-G-    (0)    1 :  0.022 0.020 0.028 0.048 0.026 0.311 0.016 0.300 0.016 0.018 0.023 0.016 0.035 0.017 0.075 0.031 
  7 TMA-ZAIN-G-    (0)    1 :  0.009 0.004 0.010 0.006 0.038 0.324 0.009 0.015 0.019 0.005 0.363 0.036 0.009 0.012 0.070 0.070 
  8 TMA-ZAIN-G-    (0)    1 :  0.003 0.002 0.006 0.021 0.038 0.039 0.021 0.009 0.018 0.003 0.027 0.006 0.007 0.006 0.788 0.006 
  9 TMA-ZAIN-G-    (9)    1 :  0.006 0.004 0.006 0.021 0.043 0.329 0.004 0.043 0.057 0.006 0.376 0.007 0.010 0.006 0.076 0.006 
 10 TMA-ZAIN-G-    (0)    1 :  0.006 0.003 0.003 0.033 0.028 0.199 0.009 0.040 0.039 0.004 0.450 0.011 0.005 0.004 0.155 0.011 
 11 TMA-ZAIN-G-    (0)    1 :  0.006 0.004 0.004 0.004 0.006 0.333 0.005 0.006 0.011 0.004 0.502 0.008 0.005 0.006 0.083 0.013 
 12 TMA-ZAIN-G-    (0)    1 :  0.006 0.003 0.006 0.005 0.617 0.163 0.005 0.009 0.007 0.003 0.104 0.024 0.006 0.006 0.031 0.005 
 13 TMA-ZAIN-G-    (9)    1 :  0.026 0.015 0.027 0.016 0.056 0.076 0.016 0.010 0.164 0.065 0.249 0.114 0.018 0.025 0.111 0.012 
 14 TMA-ZAIN-G-    (9)    1 :  0.009 0.018 0.003 0.006 0.009 0.013 0.007 0.012 0.018 0.007 0.026 0.821 0.005 0.003 0.037 0.005 
 15 TMA-ZAIN-G-    (0)    1 :  0.008 0.003 0.003 0.009 0.006 0.087 0.006 0.005 0.005 0.002 0.005 0.773 0.006 0.003 0.075 0.004 
 16 TMA-ZAIN-G-    (0)    1 :  0.005 0.005 0.003 0.004 0.357 0.135 0.003 0.007 0.009 0.004 0.436 0.005 0.004 0.005 0.013 0.005 
 17 TMA-ZAIN-G-    (9)    1 :  0.022 0.003 0.009 0.005 0.015 0.014 0.015 0.017 0.005 0.015 0.009 0.019 0.014 0.005 0.763 0.069 
 18 TMA-ZAIN-G-    (0)    1 :  0.050 0.004 0.022 0.004 0.009 0.005 0.030 0.009 0.003 0.009 0.004 0.006 0.456 0.370 0.005 0.014 
 19 TMA-ZAIN-G-    (0)    1 :  0.553 0.012 0.011 0.005 0.021 0.017 0.004 0.198 0.008 0.013 0.028 0.011 0.013 0.022 0.042 0.042 
 20 TMA-ZAIN-G-    (0)    1 :  0.697 0.022 0.032 0.005 0.003 0.004 0.037 0.006 0.005 0.078 0.003 0.004 0.043 0.049 0.003 0.007 
 21 TMA-ZAIN-G-    (0)    1 :  0.003 0.958 0.003 0.003 0.002 0.003 0.003 0.003 0.002 0.005 0.002 0.002 0.003 0.003 0.002 0.003 
 22 TMA-ZAIN-G-    (0)    1 :  0.006 0.004 0.010 0.002 0.002 0.003 0.005 0.005 0.002 0.926 0.003 0.003 0.005 0.016 0.002 0.005 
 23 TMA-ZAIN-G-    (0)    1 :  0.009 0.004 0.005 0.002 0.004 0.004 0.003 0.008 0.004 0.918 0.005 0.004 0.008 0.011 0.005 0.005 
 24 TMA-ZAIN-G-    (9)    1 :  0.003 0.007 0.006 0.074 0.008 0.009 0.005 0.003 0.201 0.633 0.013 0.016 0.005 0.006 0.007 0.003 
 25 TMA-ZAIN-G-    (9)    1 :  0.584 0.006 0.118 0.004 0.007 0.065 0.004 0.006 0.090 0.010 0.004 0.004 0.082 0.010 0.005 0.003 
 26 TMA-ZAIN-G-    (9)    1 :  0.009 0.071 0.007 0.007 0.010 0.279 0.394 0.004 0.081 0.008 0.017 0.017 0.011 0.005 0.071 0.010 
 27 TMA-ZAIN-G-    (0)    1 :  0.039 0.024 0.057 0.009 0.004 0.013 0.011 0.197 0.004 0.015 0.013 0.082 0.482 0.012 0.017 0.022 
 28 TMA-ZAIN-G-    (0)    1 :  0.010 0.003 0.006 0.004 0.004 0.005 0.004 0.922 0.004 0.003 0.005 0.007 0.004 0.011 0.005 0.004 
 29 TMA-ZAIN-G-    (0)    1 :  0.225 0.004 0.003 0.706 0.004 0.004 0.016 0.005 0.005 0.004 0.004 0.006 0.004 0.004 0.005 0.003 
 30 TMA-ZAIN-G-    (0)    1 :  0.019 0.003 0.004 0.033 0.053 0.036 0.004 0.523 0.108 0.004 0.061 0.064 0.006 0.004 0.070 0.006 
 31 TMA-ZAIN-G-    (0)    1 :  0.012 0.009 0.764 0.006 0.004 0.007 0.065 0.005 0.009 0.012 0.007 0.006 0.047 0.025 0.004 0.020 
 32 TMA-ZAIN-G-    (9)    1 :  0.052 0.009 0.032 0.004 0.040 0.274 0.005 0.004 0.011 0.040 0.013 0.017 0.062 0.417 0.015 0.005 
 33 TMA-ZAIN-G-   (18)    1 :  0.003 0.002 0.004 0.009 0.037 0.850 0.003 0.006 0.007 0.003 0.014 0.005 0.004 0.004 0.044 0.003 
 34 TMA-ZAIN-G-    (0)    1 :  0.009 0.013 0.036 0.005 0.101 0.681 0.005 0.004 0.014 0.015 0.023 0.005 0.018 0.059 0.007 0.005 
 35 TMA-ZAIN-G-    (9)    1 :  0.006 0.003 0.004 0.020 0.019 0.830 0.007 0.014 0.013 0.003 0.020 0.016 0.006 0.013 0.019 0.006 
 36 TMA-ZAIN-G-    (0)    1 :  0.005 0.002 0.003 0.009 0.013 0.298 0.012 0.006 0.276 0.003 0.023 0.135 0.004 0.004 0.199 0.006 
 37 TMA-ZAIN-G-    (9)    1 :  0.004 0.004 0.004 0.007 0.008 0.909 0.005 0.008 0.008 0.003 0.007 0.004 0.005 0.004 0.010 0.011 
 38 TMA-ZAIN-G-   (18)    1 :  0.051 0.005 0.552 0.005 0.012 0.226 0.006 0.005 0.010 0.014 0.011 0.032 0.033 0.013 0.016 0.009 
 39 TMA-ZAIN-G-    (0)    1 :  0.004 0.006 0.003 0.012 0.095 0.062 0.007 0.009 0.702 0.003 0.046 0.004 0.004 0.003 0.032 0.008 
 40 TMA-ZAIN-G-    (0)    1 :  0.005 0.010 0.004 0.007 0.219 0.178 0.005 0.005 0.158 0.003 0.025 0.005 0.004 0.003 0.356 0.016 
 41 TMA-ZAIN-G-    (0)    1 :  0.003 0.004 0.003 0.006 0.022 0.028 0.005 0.005 0.242 0.002 0.013 0.042 0.005 0.002 0.616 0.003 
 42 TMA-ZAIN-G-    (9)    1 :  0.003 0.002 0.003 0.005 0.006 0.007 0.008 0.003 0.009 0.002 0.005 0.074 0.004 0.003 0.862 0.004 
 43 TMA-ZAIN-G-    (0)    1 :  0.004 0.002 0.003 0.008 0.003 0.004 0.005 0.004 0.004 0.002 0.005 0.939 0.003 0.003 0.008 0.004 
 44 TMA-ZAIN-G-    (0)    1 :  0.010 0.766 0.005 0.009 0.011 0.051 0.003 0.003 0.039 0.005 0.070 0.004 0.005 0.004 0.007 0.007 
 45 TMA-ZAIN-G-    (0)    1 :  0.006 0.010 0.005 0.006 0.084 0.178 0.009 0.009 0.011 0.004 0.561 0.015 0.011 0.004 0.079 0.010 
 46 TMA-ZAIN-G-    (0)    1 :  0.004 0.948 0.004 0.002 0.002 0.002 0.004 0.003 0.003 0.007 0.003 0.003 0.003 0.004 0.002 0.006 
 47 TMA-ZAIN-G-    (0)    1 :  0.004 0.004 0.003 0.004 0.005 0.004 0.934 0.005 0.003 0.003 0.003 0.003 0.004 0.005 0.005 0.012 
 48 TMA-ZAIN-G-    (0)    1 :  0.011 0.012 0.005 0.014 0.016 0.071 0.174 0.056 0.013 0.019 0.120 0.055 0.009 0.008 0.272 0.144 
 49 TMA-ZAIN-G-    (9)    1 :  0.785 0.003 0.005 0.040 0.030 0.027 0.007 0.012 0.005 0.008 0.012 0.004 0.013 0.024 0.008 0.019 
 50 TMA-ZAIN-G-    (0)    1 :  0.798 0.005 0.014 0.003 0.012 0.005 0.003 0.027 0.025 0.004 0.006 0.009 0.016 0.004 0.064 0.005 
 51 TMA-ZAIN-G-    (0)    1 :  0.814 0.009 0.007 0.007 0.004 0.011 0.015 0.019 0.008 0.005 0.012 0.048 0.008 0.006 0.015 0.014 
 52 TMA-ZAIN-G-    (0)    1 :  0.730 0.007 0.005 0.003 0.010 0.007 0.028 0.030 0.006 0.008 0.007 0.013 0.005 0.007 0.006 0.130 
 53 TMA-ZAIN-G-    (0)    1 :  0.543 0.004 0.192 0.005 0.004 0.011 0.065 0.010 0.014 0.009 0.017 0.037 0.022 0.009 0.010 0.049 
 54 TMA-ZAIN-G-    (0)    1 :  0.008 0.003 0.003 0.003 0.006 0.005 0.902 0.011 0.004 0.005 0.008 0.010 0.008 0.008 0.011 0.004 
 55 TMA-ZAIN-G-    (0)    1 :  0.022 0.006 0.003 0.003 0.009 0.006 0.822 0.024 0.003 0.009 0.010 0.021 0.016 0.008 0.035 0.003 
 56 TMA-ZAIN-G-    (0)    1 :  0.036 0.005 0.009 0.022 0.017 0.040 0.049 0.085 0.024 0.009 0.060 0.035 0.013 0.003 0.242 0.351 
 57 TMA-ZAIN-G-    (0)    1 :  0.027 0.002 0.011 0.008 0.035 0.011 0.840 0.005 0.011 0.004 0.009 0.006 0.013 0.006 0.005 0.008 
 58 TMA-ZAIN-G-    (0)    1 :  0.106 0.006 0.011 0.007 0.014 0.010 0.026 0.101 0.004 0.110 0.007 0.010 0.478 0.075 0.021 0.013 
 59 TMA-ZAIN-G-    (0)    1 :  0.012 0.017 0.429 0.011 0.018 0.118 0.015 0.023 0.017 0.024 0.103 0.011 0.115 0.027 0.032 0.030 
 60 TMA-ZAIN-G-    (0)    1 :  0.122 0.011 0.200 0.006 0.006 0.013 0.016 0.088 0.006 0.011 0.019 0.122 0.185 0.145 0.018 0.033 
 61 TMA-ZAIN-G-    (0)    1 :  0.009 0.014 0.857 0.003 0.003 0.005 0.013 0.007 0.003 0.020 0.004 0.003 0.013 0.014 0.003 0.027 
 62 TMA-ZAIN-G-    (9)    1 :  0.019 0.014 0.728 0.007 0.018 0.021 0.009 0.040 0.012 0.010 0.016 0.005 0.078 0.007 0.013 0.003 
 63 TMA-ZAIN-G-    (0)    1 :  0.018 0.005 0.523 0.002 0.011 0.008 0.016 0.011 0.003 0.018 0.008 0.011 0.191 0.149 0.010 0.017 
 64 TMA-ZAIN-G-    (0)    1 :  0.002 0.002 0.002 0.942 0.004 0.006 0.003 0.003 0.009 0.002 0.006 0.005 0.002 0.002 0.005 0.003 
 65 TMA-ZAIN-G-    (9)    1 :  0.003 0.002 0.003 0.901 0.018 0.017 0.007 0.006 0.006 0.002 0.008 0.006 0.004 0.004 0.008 0.005 
 66 TMA-ZAIN-G-    (0)    1 :  0.002 0.003 0.003 0.889 0.010 0.019 0.004 0.005 0.013 0.002 0.026 0.005 0.003 0.003 0.008 0.005 
 67 TMA-ZAIN-G-    (0)    1 :  0.009 0.018 0.004 0.708 0.020 0.035 0.005 0.013 0.102 0.009 0.048 0.003 0.008 0.003 0.009 0.004 
 68 TMA-ZAIN-G-    (0)    1 :  0.003 0.002 0.002 0.943 0.005 0.005 0.004 0.003 0.004 0.002 0.005 0.005 0.002 0.003 0.007 0.004 
 69 TMA-ZAIN-G-    (0)    1 :  0.024 0.023 0.010 0.709 0.025 0.042 0.007 0.006 0.031 0.021 0.025 0.014 0.011 0.027 0.006 0.018 
 70 TMA-ZAIN-G-    (0)    1 :  0.005 0.004 0.003 0.011 0.008 0.010 0.003 0.004 0.887 0.004 0.041 0.005 0.004 0.003 0.005 0.004 
 71 TMA-ZAIN-G-    (0)    1 :  0.004 0.004 0.003 0.004 0.011 0.017 0.003 0.003 0.915 0.003 0.016 0.003 0.003 0.003 0.005 0.003 
 72 TMA-ZAIN-G-    (0)    1 :  0.004 0.003 0.003 0.011 0.007 0.011 0.006 0.008 0.906 0.003 0.013 0.006 0.004 0.004 0.008 0.004 
 73 TMA-ZAIN-G-    (0)    1 :  0.011 0.018 0.013 0.005 0.007 0.012 0.010 0.007 0.846 0.016 0.007 0.003 0.026 0.010 0.005 0.004 
 74 TMA-ZAIN-G-    (0)    1 :  0.006 0.005 0.005 0.004 0.008 0.008 0.004 0.004 0.920 0.005 0.007 0.003 0.009 0.003 0.005 0.003 
 75 TMA-ZAIN-G-    (0)    1 :  0.005 0.003 0.004 0.005 0.008 0.011 0.007 0.006 0.920 0.003 0.008 0.004 0.005 0.004 0.005 0.004 
 76 TMA-ZAIN-G-    (0)    1 :  0.009 0.021 0.004 0.005 0.008 0.017 0.003 0.004 0.887 0.009 0.014 0.003 0.005 0.003 0.004 0.003 
 77 TMA-ZAIN-G-    (0)    1 :  0.006 0.006 0.002 0.005 0.004 0.008 0.004 0.006 0.922 0.003 0.008 0.005 0.003 0.003 0.007 0.007 
 78 TMA-ZAIN-G-    (0)    1 :  0.011 0.010 0.005 0.004 0.007 0.009 0.006 0.007 0.889 0.007 0.015 0.005 0.006 0.005 0.005 0.008 
 79 TMA-ZAIN-G-    (0)    1 :  0.008 0.011 0.003 0.004 0.005 0.007 0.004 0.005 0.889 0.004 0.018 0.006 0.003 0.004 0.005 0.024 
 80 TMA-ZAIN-G-    (0)    1 :  0.004 0.007 0.003 0.020 0.098 0.034 0.010 0.007 0.736 0.003 0.048 0.004 0.005 0.003 0.013 0.006 
 81 TMA-ZAIN-G-    (0)    1 :  0.007 0.007 0.003 0.005 0.012 0.022 0.005 0.010 0.797 0.004 0.072 0.008 0.004 0.004 0.011 0.029 
 82 TMA-ZAIN-G-    (0)    1 :  0.005 0.002 0.004 0.156 0.060 0.394 0.014 0.007 0.096 0.003 0.225 0.007 0.006 0.007 0.007 0.006 
 83 TMA-ZAIN-G-    (9)    1 :  0.010 0.016 0.027 0.036 0.281 0.446 0.015 0.016 0.016 0.019 0.044 0.005 0.021 0.033 0.011 0.005 
 84 TMA-ZAIN-G-    (0)    1 :  0.008 0.028 0.004 0.006 0.016 0.017 0.004 0.007 0.812 0.006 0.064 0.005 0.004 0.003 0.008 0.010 
 85 TMA-ZAIN-G-    (0)    1 :  0.004 0.003 0.004 0.003 0.003 0.003 0.003 0.004 0.003 0.005 0.004 0.003 0.004 0.004 0.004 0.948 
 86 TMA-ZAIN-G-    (0)    1 :  0.003 0.008 0.004 0.006 0.009 0.011 0.005 0.005 0.006 0.004 0.010 0.003 0.004 0.003 0.009 0.911 
 87 TMA-ZAIN-G-    (0)    1 :  0.004 0.003 0.004 0.003 0.003 0.003 0.003 0.004 0.003 0.007 0.004 0.003 0.003 0.004 0.003 0.946 
 88 TMA-ZAIN-G-    (0)    1 :  0.010 0.009 0.192 0.046 0.114 0.070 0.084 0.011 0.028 0.008 0.050 0.018 0.017 0.020 0.011 0.314 
 89 TMA-ZAIN-G-    (0)    1 :  0.008 0.018 0.046 0.024 0.032 0.029 0.370 0.004 0.047 0.017 0.043 0.044 0.009 0.011 0.009 0.289 
 90 TMA-ZAIN-G-    (0)    1 :  0.006 0.004 0.004 0.011 0.020 0.019 0.035 0.006 0.004 0.004 0.007 0.004 0.010 0.031 0.004 0.831 
 91 TMA-ZAIN-G-    (0)    1 :  0.006 0.005 0.095 0.010 0.007 0.012 0.040 0.023 0.008 0.005 0.014 0.014 0.015 0.006 0.009 0.731 
 92 TMA-ZAIN-G-    (0)    1 :  0.030 0.031 0.007 0.006 0.004 0.009 0.284 0.041 0.011 0.027 0.012 0.013 0.012 0.016 0.009 0.487 
 93 TMA-ZAIN-G-    (0)    1 :  0.017 0.012 0.050 0.008 0.003 0.007 0.516 0.144 0.007 0.012 0.008 0.027 0.023 0.010 0.006 0.150 
 94 TMA-ZAIN-G-    (0)    1 :  0.008 0.006 0.144 0.005 0.003 0.005 0.051 0.019 0.005 0.010 0.004 0.006 0.018 0.019 0.003 0.694 
 95 TMA-ZAIN-G-    (0)    1 :  0.016 0.003 0.004 0.007 0.006 0.004 0.004 0.885 0.009 0.007 0.005 0.014 0.006 0.016 0.011 0.004 
 96 TMA-ZAIN-G-    (0)    1 :  0.073 0.006 0.008 0.004 0.014 0.006 0.005 0.739 0.003 0.009 0.005 0.029 0.022 0.005 0.064 0.009 
 97 TMA-ZAIN-G-    (0)    1 :  0.028 0.008 0.518 0.007 0.004 0.006 0.015 0.004 0.022 0.006 0.009 0.007 0.065 0.289 0.004 0.008 
 98 TMA-ZAIN-G-    (0)    1 :  0.004 0.004 0.643 0.005 0.003 0.006 0.014 0.003 0.043 0.004 0.008 0.005 0.009 0.237 0.005 0.007 
 99 TMA-ZAIN-G-    (0)    1 :  0.006 0.012 0.557 0.008 0.010 0.181 0.004 0.006 0.012 0.006 0.098 0.005 0.019 0.042 0.031 0.003 
100 TMA-ZAIN-G-    (0)    1 :  0.033 0.028 0.656 0.005 0.003 0.004 0.016 0.006 0.004 0.007 0.004 0.005 0.190 0.014 0.003 0.021 
101 TMA-ZAIN-G-    (0)    1 :  0.014 0.005 0.414 0.004 0.005 0.018 0.008 0.005 0.005 0.005 0.026 0.004 0.404 0.073 0.004 0.003 
102 TMA-ZAIN-G-    (0)    1 :  0.022 0.009 0.009 0.009 0.029 0.013 0.006 0.010 0.013 0.313 0.012 0.016 0.049 0.442 0.019 0.030 
103 TMA-ZAIN-G-    (0)    1 :  0.028 0.004 0.011 0.005 0.010 0.009 0.004 0.012 0.008 0.053 0.009 0.005 0.016 0.782 0.008 0.036 
104 TMA-ZAIN-G-    (0)    1 :  0.005 0.004 0.006 0.002 0.003 0.003 0.003 0.003 0.003 0.007 0.003 0.003 0.005 0.946 0.003 0.002 
105 TMA-ZAIN-G-    (0)    1 :  0.014 0.003 0.009 0.005 0.012 0.010 0.004 0.013 0.007 0.020 0.012 0.005 0.011 0.813 0.009 0.052 
106 TMA-ZAIN-G-    (0)    1 :  0.004 0.003 0.004 0.056 0.087 0.104 0.005 0.008 0.110 0.003 0.117 0.121 0.004 0.004 0.362 0.008 
107 TMA-ZAIN-G-    (0)    1 :  0.005 0.002 0.004 0.011 0.367 0.237 0.007 0.006 0.105 0.003 0.205 0.012 0.005 0.005 0.018 0.006 
108 TMA-ZAIN-G-    (9)    1 :  0.034 0.013 0.183 0.006 0.010 0.528 0.009 0.006 0.014 0.026 0.028 0.025 0.043 0.016 0.022 0.036 
109 TMA-ZAIN-G-    (0)    1 :  0.006 0.004 0.185 0.106 0.153 0.063 0.046 0.020 0.008 0.005 0.026 0.031 0.151 0.018 0.163 0.014 
110 TMA-ZAIN-G-    (0)    1 :  0.063 0.094 0.044 0.008 0.090 0.177 0.013 0.025 0.016 0.057 0.211 0.018 0.034 0.031 0.100 0.019 
111 TMA-ZAIN-G-    (9)    1 :  0.039 0.016 0.095 0.009 0.153 0.070 0.016 0.012 0.025 0.116 0.027 0.004 0.314 0.087 0.009 0.006 
112 TMA-ZAIN-G-    (0)    1 :  0.042 0.010 0.067 0.023 0.062 0.069 0.016 0.019 0.018 0.029 0.111 0.039 0.150 0.170 0.163 0.012 
113 TMA-ZAIN-G-    (0)    1 :  0.005 0.006 0.791 0.009 0.010 0.010 0.024 0.003 0.020 0.012 0.013 0.006 0.074 0.009 0.005 0.006 
114 TMA-ZAIN-G-    (0)    1 :  0.004 0.008 0.933 0.002 0.003 0.003 0.004 0.003 0.003 0.008 0.003 0.002 0.011 0.005 0.002 0.006 
115 TMA-ZAIN-G-    (0)    1 :  0.003 0.004 0.924 0.003 0.004 0.003 0.004 0.004 0.003 0.006 0.003 0.003 0.022 0.006 0.003 0.003 
116 TMA-ZAIN-G-    (0)    1 :  0.004 0.002 0.005 0.010 0.516 0.374 0.014 0.009 0.013 0.003 0.014 0.006 0.006 0.009 0.009 0.006 
117 TMA-ZAIN-G-    (0)    1 :  0.007 0.003 0.007 0.216 0.044 0.274 0.033 0.058 0.105 0.004 0.057 0.062 0.009 0.010 0.080 0.033 
118 TMA-ZAIN-G-    (0)    1 :  0.008 0.004 0.005 0.030 0.559 0.244 0.011 0.027 0.013 0.003 0.024 0.031 0.006 0.008 0.023 0.006 
119 TMA-ZAIN-G-    (0)    1 :  0.015 0.012 0.013 0.020 0.458 0.327 0.011 0.014 0.040 0.013 0.018 0.006 0.022 0.018 0.008 0.005 
120 TMA-ZAIN-G-    (0)    1 :  0.011 0.004 0.006 0.023 0.376 0.310 0.012 0.044 0.023 0.004 0.048 0.079 0.006 0.014 0.026 0.015 
121 TMA-ZAIN-G-    (0)    1 :  0.005 0.002 0.006 0.094 0.112 0.593 0.012 0.046 0.017 0.003 0.030 0.013 0.007 0.011 0.039 0.009 
122 TMA-ZAIN-G-    (0)    1 :  0.005 0.004 0.004 0.012 0.034 0.750 0.007 0.047 0.015 0.004 0.034 0.009 0.005 0.004 0.028 0.036 
123 TMA-ZAIN-G-    (0)    1 :  0.011 0.004 0.878 0.004 0.005 0.005 0.006 0.007 0.005 0.014 0.006 0.012 0.010 0.020 0.005 0.010 
124 TMA-ZAIN-G-    (0)    1 :  0.005 0.002 0.004 0.003 0.009 0.009 0.003 0.008 0.004 0.003 0.013 0.007 0.004 0.006 0.912 0.008 
125 TMA-ZAIN-G-    (0)    1 :  0.004 0.002 0.002 0.034 0.006 0.007 0.083 0.004 0.006 0.002 0.007 0.019 0.005 0.003 0.808 0.007 
126 TMA-ZAIN-G-    (0)    1 :  0.004 0.002 0.004 0.004 0.017 0.008 0.009 0.004 0.004 0.003 0.011 0.029 0.004 0.005 0.886 0.006 
127 TMA-ZAIN-G-    (0)    1 :  0.003 0.003 0.003 0.005 0.011 0.008 0.004 0.004 0.004 0.002 0.012 0.009 0.003 0.003 0.921 0.005 
128 TMA-ZAIN-G-    (0)    1 :  0.003 0.002 0.004 0.023 0.010 0.031 0.006 0.018 0.006 0.003 0.022 0.009 0.003 0.005 0.848 0.006 
129 TMA-ZAIN-G-    (0)    1 :  0.004 0.002 0.006 0.005 0.007 0.014 0.005 0.007 0.005 0.003 0.011 0.013 0.004 0.006 0.900 0.007 
130 TMA-ZAIN-G-    (0)    1 :  0.004 0.002 0.006 0.007 0.029 0.011 0.038 0.008 0.006 0.003 0.013 0.064 0.006 0.008 0.788 0.007 
131 TMA-ZAIN-G-    (0)    1 :  0.006 0.002 0.004 0.004 0.008 0.009 0.004 0.009 0.004 0.003 0.010 0.011 0.004 0.005 0.910 0.008 
132 TMA-ZAIN-G-    (0)    1 :  0.003 0.002 0.004 0.041 0.017 0.034 0.029 0.014 0.012 0.003 0.021 0.013 0.004 0.004 0.793 0.007 
133 TMA-ZAIN-G-    (0)    1 :  0.019 0.021 0.003 0.105 0.052 0.018 0.025 0.018 0.097 0.006 0.052 0.144 0.005 0.003 0.390 0.042 
134 TMA-ZAIN-G-    (0)    1 :  0.008 0.011 0.004 0.067 0.139 0.016 0.030 0.005 0.056 0.004 0.043 0.315 0.003 0.003 0.253 0.043 
135 TMA-ZAIN-G-    (0)    1 :  0.005 0.010 0.005 0.028 0.524 0.076 0.013 0.003 0.043 0.003 0.173 0.017 0.003 0.003 0.059 0.034 
136 TMA-ZAIN-G-    (0)    1 :  0.004 0.006 0.007 0.535 0.060 0.171 0.015 0.009 0.030 0.004 0.083 0.006 0.006 0.003 0.055 0.006 
137 TMA-ZAIN-G-    (0)    1 :  0.006 0.012 0.005 0.004 0.861 0.013 0.005 0.004 0.018 0.004 0.028 0.005 0.003 0.004 0.010 0.019 
138 TMA-ZAIN-G-    (0)    1 :  0.003 0.002 0.004 0.015 0.293 0.120 0.023 0.004 0.011 0.002 0.127 0.034 0.004 0.003 0.351 0.004 
139 TMA-ZAIN-G-    (0)    1 :  0.004 0.006 0.005 0.014 0.535 0.080 0.100 0.003 0.028 0.003 0.064 0.021 0.003 0.003 0.117 0.012 
140 TMA-ZAIN-G-    (0)    1 :  0.004 0.004 0.003 0.009 0.147 0.166 0.003 0.012 0.015 0.004 0.589 0.006 0.004 0.003 0.027 0.004 
141 TMA-ZAIN-G-    (0)    1 :  0.005 0.003 0.005 0.006 0.043 0.151 0.005 0.007 0.027 0.003 0.683 0.019 0.004 0.006 0.024 0.009 
142 TMA-ZAIN-G-    (9)    1 :  0.003 0.003 0.003 0.012 0.184 0.158 0.004 0.008 0.017 0.003 0.568 0.006 0.004 0.004 0.018 0.006 
143 TMA-ZAIN-G-    (0)    1 :  0.004 0.003 0.004 0.013 0.125 0.470 0.005 0.012 0.013 0.003 0.257 0.010 0.004 0.004 0.067 0.006 
144 TMA-ZAIN-G-    (0)    1 :  0.014 0.009 0.003 0.007 0.326 0.180 0.029 0.037 0.010 0.006 0.185 0.014 0.009 0.004 0.154 0.013 
145 TMA-ZAIN-G-    (0)    1 :  0.003 0.002 0.003 0.286 0.418 0.073 0.016 0.006 0.057 0.002 0.081 0.007 0.006 0.003 0.030 0.006 
146 TMA-ZAIN-G-    (0)    1 :  0.003 0.003 0.003 0.005 0.008 0.206 0.003 0.003 0.026 0.002 0.720 0.005 0.003 0.003 0.004 0.004 
147 TMA-ZAIN-G-    (9)    1 :  0.003 0.003 0.003 0.007 0.008 0.315 0.004 0.004 0.010 0.003 0.620 0.005 0.003 0.003 0.006 0.004 
148 TMA-ZAIN-G-    (0)    1 :  0.004 0.003 0.003 0.004 0.006 0.234 0.014 0.003 0.011 0.003 0.654 0.033 0.003 0.003 0.021 0.004 
149 TMA-ZAIN-G-    (0)    1 :  0.008 0.004 0.013 0.005 0.011 0.261 0.032 0.010 0.009 0.015 0.539 0.019 0.008 0.020 0.026 0.019 
150 TMA-ZAIN-G-    (0)    1 :  0.007 0.003 0.009 0.085 0.039 0.401 0.048 0.011 0.016 0.012 0.279 0.016 0.008 0.039 0.014 0.011 
151 TMA-ZAIN-G-    (0)    1 :  0.003 0.003 0.004 0.007 0.869 0.014 0.003 0.004 0.005 0.002 0.010 0.022 0.004 0.003 0.045 0.003 
152 TMA-ZAIN-G-    (0)    1 :  0.003 0.003 0.005 0.005 0.825 0.086 0.004 0.005 0.004 0.002 0.022 0.015 0.005 0.003 0.009 0.003 
153 TMA-ZAIN-G-    (0)    1 :  0.003 0.002 0.003 0.012 0.707 0.080 0.012 0.004 0.012 0.002 0.048 0.025 0.003 0.004 0.078 0.004 
154 TMA-ZAIN-G-    (0)    1 :  0.003 0.002 0.003 0.004 0.926 0.018 0.004 0.003 0.004 0.002 0.009 0.004 0.003 0.004 0.007 0.004 
155 TMA-ZAIN-G-    (0)    1 :  0.004 0.003 0.004 0.006 0.913 0.011 0.003 0.004 0.006 0.003 0.016 0.006 0.003 0.004 0.009 0.005 
156 TMA-ZAIN-G-    (9)    1 :  0.004 0.003 0.005 0.003 0.766 0.023 0.010 0.004 0.004 0.002 0.043 0.069 0.005 0.005 0.052 0.003 
157 TMA-ZAIN-G-    (0)    1 :  0.004 0.003 0.004 0.007 0.589 0.042 0.005 0.004 0.009 0.003 0.145 0.117 0.003 0.005 0.055 0.004 
158 TMA-ZAIN-G-    (0)    1 :  0.006 0.003 0.003 0.006 0.481 0.196 0.005 0.007 0.022 0.003 0.242 0.004 0.006 0.003 0.010 0.003 
159 TMA-ZAIN-G-    (0)    1 :  0.004 0.002 0.004 0.016 0.511 0.101 0.005 0.003 0.148 0.002 0.179 0.005 0.005 0.004 0.008 0.004 
160 TMA-ZAIN-G-    (0)    1 :  0.003 0.002 0.004 0.022 0.658 0.090 0.008 0.004 0.139 0.002 0.044 0.005 0.005 0.005 0.005 0.004 
161 TMA-ZAIN-G-    (0)    1 :  0.006 0.003 0.003 0.006 0.486 0.102 0.029 0.007 0.016 0.003 0.175 0.025 0.005 0.004 0.122 0.007 
162 TMA-ZAIN-G-    (0)    1 :  0.005 0.004 0.011 0.005 0.884 0.007 0.009 0.007 0.005 0.012 0.007 0.003 0.010 0.015 0.006 0.009 
163 TMA-ZAIN-G-    (0)    1 :  0.002 0.002 0.002 0.004 0.932 0.015 0.003 0.003 0.005 0.002 0.013 0.003 0.003 0.003 0.005 0.003 
164 TMA-ZAIN-G-    (0)    1 :  0.004 0.005 0.004 0.008 0.629 0.224 0.008 0.007 0.007 0.004 0.064 0.004 0.006 0.006 0.008 0.012 
165 TMA-ZAIN-G-    (0)    1 :  0.003 0.002 0.003 0.006 0.682 0.206 0.003 0.004 0.010 0.002 0.057 0.003 0.003 0.004 0.009 0.003 
166 TMA-ZAIN-G-    (0)    1 :  0.003 0.003 0.003 0.013 0.568 0.093 0.010 0.003 0.028 0.002 0.226 0.007 0.006 0.003 0.027 0.006 
167 TMA-ZAIN-G-    (0)    1 :  0.006 0.004 0.005 0.005 0.018 0.112 0.004 0.008 0.098 0.005 0.698 0.008 0.004 0.006 0.015 0.006 
168 TMA-ZAIN-G-    (0)    1 :  0.004 0.003 0.006 0.012 0.006 0.168 0.005 0.004 0.122 0.003 0.626 0.020 0.004 0.005 0.006 0.005 
169 TMA-ZAIN-G-    (0)    1 :  0.003 0.002 0.003 0.056 0.013 0.161 0.005 0.004 0.133 0.002 0.596 0.005 0.003 0.003 0.005 0.005 
170 TMA-ZAIN-G-    (0)    1 :  0.036 0.014 0.025 0.016 0.044 0.115 0.004 0.007 0.041 0.009 0.547 0.057 0.016 0.009 0.056 0.005 
171 TMA-ZAIN-G-    (0)    1 :  0.003 0.002 0.003 0.020 0.012 0.160 0.003 0.003 0.147 0.003 0.625 0.004 0.003 0.003 0.004 0.004 
172 TMA-ZAIN-G-    (0)    1 :  0.006 0.004 0.003 0.005 0.013 0.028 0.003 0.005 0.012 0.003 0.699 0.018 0.004 0.003 0.188 0.005 
173 TMA-ZAIN-G-    (0)    1 :  0.008 0.004 0.003 0.006 0.013 0.037 0.005 0.010 0.017 0.003 0.468 0.025 0.005 0.004 0.385 0.006 
174 TMA-ZAIN-G-    (0)    1 :  0.003 0.002 0.003 0.056 0.066 0.152 0.008 0.005 0.026 0.002 0.292 0.006 0.005 0.003 0.365 0.004 
175 TMA-ZAIN-G-    (0)    1 :  0.003 0.003 0.003 0.007 0.011 0.113 0.003 0.004 0.192 0.003 0.638 0.004 0.003 0.003 0.005 0.005 
176 TMA-ZAIN-G-    (0)    1 :  0.003 0.002 0.003 0.005 0.010 0.087 0.003 0.004 0.050 0.002 0.810 0.005 0.003 0.003 0.005 0.005 
177 TMA-ZAIN-G-    (0)    1 :  0.003 0.003 0.003 0.003 0.008 0.096 0.003 0.003 0.012 0.002 0.838 0.009 0.003 0.003 0.007 0.004 
178 TMA-ZAIN-G-    (0)    1 :  0.006 0.005 0.005 0.004 0.013 0.137 0.003 0.006 0.013 0.003 0.688 0.037 0.006 0.004 0.064 0.005 
179 TMA-ZAIN-G-    (0)    1 :  0.003 0.003 0.003 0.006 0.014 0.128 0.004 0.004 0.010 0.002 0.780 0.015 0.003 0.003 0.017 0.004 
180 TMA-ZAIN-G-    (0)    1 :  0.005 0.009 0.004 0.059 0.014 0.055 0.012 0.014 0.005 0.005 0.049 0.021 0.005 0.004 0.708 0.031 
181 TMA-ZAIN-G-    (0)    1 :  0.004 0.003 0.005 0.006 0.050 0.014 0.004 0.003 0.014 0.002 0.014 0.140 0.004 0.004 0.730 0.003 
182 TMA-ZAIN-G-    (0)    1 :  0.005 0.003 0.007 0.003 0.036 0.021 0.005 0.005 0.005 0.003 0.036 0.125 0.004 0.006 0.731 0.006 
183 TMA-ZAIN-G-    (0)    1 :  0.004 0.003 0.004 0.005 0.021 0.048 0.003 0.005 0.009 0.003 0.017 0.186 0.004 0.004 0.680 0.004 
184 TMA-ZAIN-G-    (0)    1 :  0.010 0.006 0.023 0.008 0.049 0.025 0.013 0.011 0.012 0.013 0.024 0.037 0.015 0.020 0.720 0.014 
185 TMA-ZAIN-G-    (0)    1 :  0.008 0.007 0.009 0.005 0.010 0.010 0.016 0.030 0.007 0.021 0.009 0.004 0.014 0.011 0.827 0.011 
186 TMA-ZAIN-G-    (9)    1 :  0.008 0.005 0.003 0.005 0.011 0.010 0.004 0.012 0.008 0.005 0.015 0.005 0.005 0.004 0.897 0.005 
187 TMA-ZAIN-G-    (0)    1 :  0.005 0.003 0.004 0.018 0.054 0.010 0.003 0.006 0.064 0.003 0.020 0.022 0.004 0.004 0.779 0.004 
188 TMA-ZAIN-G-    (0)    1 :  0.004 0.002 0.003 0.023 0.021 0.018 0.003 0.005 0.069 0.003 0.006 0.012 0.003 0.003 0.823 0.003 
189 TMA-ZAIN-G-    (0)    1 :  0.003 0.003 0.002 0.007 0.006 0.006 0.002 0.004 0.005 0.002 0.007 0.007 0.003 0.002 0.936 0.003 
190 TMA-ZAIN-G-    (0)    1 :  0.010 0.004 0.003 0.023 0.008 0.161 0.005 0.008 0.046 0.003 0.098 0.097 0.005 0.003 0.524 0.004 
191 TMA-ZAIN-G-    (0)    1 :  0.007 0.008 0.010 0.005 0.007 0.025 0.008 0.007 0.010 0.017 0.011 0.006 0.009 0.010 0.847 0.012 
192 TMA-ZAIN-G-    (0)    1 :  0.008 0.031 0.005 0.005 0.012 0.007 0.004 0.003 0.016 0.004 0.009 0.022 0.003 0.003 0.850 0.017 
193 TMA-ZAIN-G-    (0)    1 :  0.003 0.002 0.002 0.003 0.003 0.003 0.004 0.003 0.003 0.002 0.003 0.954 0.002 0.003 0.004 0.003 
194 TMA-ZAIN-G-    (0)    1 :  0.009 0.008 0.002 0.010 0.004 0.007 0.015 0.025 0.006 0.005 0.010 0.816 0.006 0.003 0.070 0.005 
195 TMA-ZAIN-G-    (0)    1 :  0.011 0.003 0.003 0.035 0.005 0.028 0.005 0.005 0.027 0.002 0.036 0.788 0.004 0.003 0.041 0.004 
196 TMA-ZAIN-G-    (0)    1 :  0.003 0.003 0.002 0.013 0.006 0.007 0.006 0.007 0.005 0.002 0.006 0.914 0.003 0.003 0.015 0.004 
197 TMA-ZAIN-G-    (0)    1 :  0.004 0.002 0.002 0.009 0.007 0.008 0.005 0.004 0.008 0.003 0.009 0.916 0.003 0.003 0.009 0.007 
198 TMA-ZAIN-G-    (0)    1 :  0.003 0.004 0.003 0.007 0.009 0.009 0.004 0.003 0.008 0.002 0.011 0.918 0.003 0.003 0.010 0.004 
199 TMA-ZAIN-G-    (0)    1 :  0.005 0.004 0.003 0.004 0.012 0.008 0.005 0.010 0.007 0.004 0.013 0.006 0.005 0.003 0.907 0.004 
200 TMA-ZAIN-G-    (0)    1 :  0.028 0.774 0.018 0.005 0.003 0.006 0.009 0.018 0.005 0.033 0.005 0.042 0.016 0.028 0.005 0.006 
201 TMA-ZAIN-G-    (0)    1 :  0.015 0.786 0.005 0.017 0.008 0.014 0.007 0.026 0.015 0.040 0.013 0.006 0.015 0.013 0.008 0.010 
202 TMA-ZAIN-G-    (0)    1 :  0.008 0.919 0.010 0.002 0.005 0.004 0.002 0.004 0.002 0.004 0.004 0.016 0.004 0.007 0.006 0.003 
203 TMA-ZAIN-G-    (0)    1 :  0.004 0.002 0.025 0.004 0.029 0.027 0.005 0.005 0.009 0.003 0.026 0.794 0.006 0.012 0.045 0.005 
204 TMA-ZAIN-G-    (9)    1 :  0.046 0.761 0.016 0.004 0.003 0.006 0.016 0.005 0.006 0.015 0.006 0.004 0.026 0.006 0.004 0.075 
205 TMA-ZAIN-G-    (0)    1 :  0.031 0.779 0.007 0.004 0.086 0.017 0.007 0.005 0.008 0.004 0.014 0.008 0.004 0.008 0.008 0.010 
206 TMA-ZAIN-G-    (9)    1 :  0.020 0.610 0.024 0.007 0.009 0.019 0.015 0.018 0.008 0.012 0.024 0.020 0.012 0.027 0.014 0.159 
207 TMA-ZAIN-G-    (9)    1 :  0.025 0.004 0.008 0.075 0.231 0.272 0.052 0.089 0.019 0.009 0.075 0.010 0.042 0.006 0.025 0.059 
208 TMA-ZAIN-G-    (0)    1 :  0.004 0.004 0.002 0.042 0.057 0.567 0.005 0.010 0.021 0.003 0.252 0.003 0.005 0.003 0.020 0.002 
209 TMA-ZAIN-G-    (0)    1 :  0.004 0.002 0.003 0.014 0.071 0.038 0.078 0.004 0.069 0.002 0.255 0.253 0.005 0.003 0.190 0.010 
210 TMA-ZAIN-G-    (0)    1 :  0.005 0.002 0.004 0.098 0.079 0.066 0.017 0.010 0.059 0.003 0.177 0.365 0.005 0.004 0.092 0.014 
211 TMA-ZAIN-G-    (0)    1 :  0.023 0.017 0.010 0.019 0.040 0.130 0.012 0.021 0.039 0.014 0.207 0.077 0.013 0.007 0.361 0.009 
212 TMA-ZAIN-G-    (0)    1 :  0.004 0.006 0.003 0.012 0.044 0.317 0.006 0.012 0.005 0.003 0.387 0.025 0.005 0.003 0.156 0.012 
213 TMA-ZAIN-G-    (0)    1 :  0.005 0.003 0.003 0.007 0.217 0.059 0.008 0.006 0.030 0.004 0.395 0.023 0.003 0.003 0.228 0.004 
214 TMA-ZAIN-G-    (0)    1 :  0.005 0.003 0.003 0.070 0.179 0.025 0.009 0.004 0.056 0.003 0.242 0.034 0.004 0.003 0.356 0.005 
215 TMA-ZAIN-G-    (0)    1 :  0.300 0.009 0.003 0.004 0.034 0.140 0.002 0.004 0.040 0.005 0.363 0.004 0.004 0.003 0.080 0.003 
216 TMA-ZAIN-G-    (0)    1 :  0.005 0.005 0.003 0.006 0.024 0.013 0.009 0.006 0.011 0.003 0.108 0.010 0.005 0.003 0.784 0.005 
217 TMA-ZAIN-G-    (0)    1 :  0.004 0.003 0.003 0.170 0.047 0.053 0.008 0.003 0.082 0.003 0.391 0.073 0.003 0.004 0.146 0.007 
218 TMA-ZAIN-G-    (0)    1 :  0.898 0.003 0.005 0.009 0.008 0.006 0.007 0.015 0.005 0.003 0.008 0.003 0.009 0.008 0.008 0.004 
219 TMA-ZAIN-G-    (0)    1 :  0.909 0.010 0.006 0.004 0.005 0.004 0.009 0.008 0.004 0.004 0.004 0.003 0.007 0.004 0.005 0.012 
220 TMA-ZAIN-G-    (0)    1 :  0.641 0.002 0.006 0.012 0.016 0.055 0.006 0.082 0.006 0.006 0.010 0.005 0.017 0.118 0.007 0.010 
221 TMA-ZAIN-G-    (0)    1 :  0.871 0.027 0.004 0.005 0.008 0.009 0.004 0.011 0.006 0.005 0.011 0.006 0.004 0.003 0.016 0.010 
222 TMA-ZAIN-G-    (0)    1 :  0.842 0.005 0.005 0.010 0.013 0.013 0.008 0.006 0.007 0.005 0.011 0.004 0.009 0.036 0.007 0.018 
223 TMA-ZAIN-G-    (0)    1 :  0.899 0.006 0.006 0.005 0.004 0.005 0.005 0.014 0.004 0.007 0.005 0.003 0.014 0.005 0.004 0.014 
224 TMA-ZAIN-G-    (0)    1 :  0.763 0.004 0.008 0.005 0.005 0.006 0.007 0.012 0.005 0.014 0.008 0.008 0.018 0.014 0.020 0.103 
225 TMA-ZAIN-G-    (0)    1 :  0.915 0.007 0.007 0.002 0.003 0.003 0.003 0.009 0.003 0.005 0.005 0.010 0.006 0.012 0.005 0.005 
226 TMA-ZAIN-G-    (0)    1 :  0.864 0.006 0.016 0.005 0.007 0.008 0.005 0.012 0.008 0.007 0.010 0.019 0.012 0.006 0.007 0.008 
227 TMA-ZAIN-G-    (0)    1 :  0.872 0.016 0.013 0.004 0.008 0.008 0.004 0.007 0.007 0.006 0.012 0.017 0.007 0.007 0.007 0.005 
228 TMA-ZAIN-G-    (0)    1 :  0.788 0.004 0.018 0.009 0.010 0.016 0.005 0.012 0.028 0.017 0.023 0.007 0.033 0.007 0.008 0.016 
229 TMA-ZAIN-G-    (0)    1 :  0.882 0.012 0.013 0.007 0.003 0.004 0.006 0.008 0.003 0.018 0.004 0.003 0.012 0.015 0.003 0.008 
230 TMA-ZAIN-G-    (0)    1 :  0.441 0.003 0.023 0.013 0.005 0.015 0.011 0.011 0.028 0.010 0.063 0.011 0.015 0.021 0.025 0.305 
231 TMA-ZAIN-G-    (0)    1 :  0.141 0.044 0.008 0.010 0.018 0.019 0.013 0.009 0.034 0.312 0.023 0.010 0.050 0.215 0.010 0.085 
232 TMA-ZAIN-G-    (9)    1 :  0.133 0.014 0.018 0.049 0.010 0.010 0.012 0.003 0.009 0.570 0.022 0.010 0.038 0.063 0.024 0.015 
233 TMA-ZAIN-G-    (0)    1 :  0.705 0.024 0.005 0.044 0.012 0.010 0.011 0.008 0.029 0.007 0.016 0.007 0.081 0.007 0.013 0.020 
234 TMA-ZAIN-G-    (0)    1 :  0.395 0.040 0.018 0.006 0.007 0.008 0.020 0.005 0.004 0.027 0.006 0.011 0.240 0.204 0.004 0.005 
235 TMA-ZAIN-G-    (0)    1 :  0.309 0.011 0.136 0.004 0.010 0.008 0.007 0.017 0.043 0.017 0.008 0.019 0.342 0.008 0.024 0.036 
236 TMA-ZAIN-G-    (0)    1 :  0.758 0.024 0.031 0.006 0.012 0.012 0.003 0.007 0.011 0.010 0.014 0.022 0.020 0.008 0.009 0.051 
237 TMA-ZAIN-G-    (0)    1 :  0.346 0.004 0.061 0.011 0.015 0.045 0.005 0.016 0.137 0.011 0.086 0.008 0.085 0.035 0.016 0.117 
238 TMA-ZAIN-G-    (0)    1 :  0.772 0.017 0.041 0.004 0.029 0.022 0.003 0.005 0.024 0.010 0.021 0.005 0.013 0.011 0.016 0.006 
