

----------------------------------------------------
STRUCTURE by Pritchard, Stephens and Donnelly (2000)
     and Falush, Stephens and Pritchard (2003)
       Code by Pritchard, Falush and Hubisz
             Version 2.3.4 (Jul 2012)
----------------------------------------------------



Command line arguments:   bin\structure -m C:\Users\eschumacher\Documents\GitHub\GCC_QUAC_ZAIN\Data_Files\Structure_Files\ZAIN\ZAIN_rebinned_allpop_str\50-50\mainparams -e C:\Users\eschumacher\Documents\GitHub\GCC_QUAC_ZAIN\Data_Files\Structure_Files\ZAIN\ZAIN_rebinned_allpop_str\50-50\extraparams 
Input File:    C:\Users\eschumacher\Documents\GitHub\GCC_QUAC_ZAIN\Data_Files\Structure_Files\ZAIN\ZAIN_rebinned_allpop_str\project_data

Run parameters:
   1133 individuals
   11 loci
   16 populations assumed
   50000 Burn-in period
   50000 Reps


--------------------------------------------
Proportion of membership of each pre-defined
 population in each of the 16 clusters

Given    Inferred Clusters                                                                                                  Number of
 Pop       1      2      3      4      5      6      7      8      9     10     11     12     13     14     15     16      Individuals

  1:     0.073  0.054  0.072  0.087  0.062  0.073  0.042  0.032  0.077  0.066  0.023  0.090  0.068  0.064  0.074  0.044      303
  2:     0.096  0.037  0.156  0.067  0.044  0.047  0.023  0.025  0.159  0.072  0.040  0.108  0.012  0.028  0.072  0.014       15
  3:     0.015  0.010  0.005  0.375  0.081  0.010  0.017  0.009  0.120  0.014  0.011  0.053  0.011  0.019  0.032  0.220        2
  4:     0.138  0.053  0.028  0.096  0.014  0.041  0.019  0.019  0.142  0.045  0.230  0.035  0.006  0.059  0.068  0.006        2
  5:     0.043  0.061  0.013  0.329  0.038  0.030  0.018  0.055  0.039  0.111  0.016  0.020  0.014  0.025  0.030  0.160        7
  6:     0.104  0.062  0.005  0.006  0.007  0.006  0.030  0.006  0.022  0.011  0.006  0.645  0.005  0.004  0.007  0.074       13
  7:     0.005  0.005  0.003  0.010  0.004  0.007  0.006  0.003  0.005  0.007  0.006  0.922  0.007  0.004  0.004  0.004       13
  8:     0.038  0.123  0.008  0.014  0.037  0.007  0.022  0.058  0.045  0.108  0.012  0.006  0.023  0.425  0.028  0.046        7
  9:     0.239  0.068  0.008  0.013  0.045  0.049  0.022  0.022  0.199  0.080  0.033  0.015  0.006  0.043  0.114  0.045       11
 10:     0.044  0.083  0.015  0.108  0.059  0.062  0.013  0.019  0.033  0.075  0.060  0.011  0.010  0.356  0.036  0.014        9
 11:     0.006  0.005  0.005  0.010  0.008  0.841  0.013  0.004  0.009  0.009  0.008  0.016  0.041  0.012  0.009  0.004       35
 12:     0.075  0.050  0.017  0.006  0.095  0.006  0.016  0.021  0.231  0.074  0.008  0.004  0.004  0.127  0.254  0.012       36
 13:     0.044  0.015  0.008  0.006  0.101  0.005  0.008  0.023  0.205  0.118  0.011  0.004  0.006  0.062  0.362  0.021       33
 14:     0.006  0.011  0.825  0.006  0.007  0.008  0.042  0.010  0.010  0.015  0.009  0.015  0.007  0.007  0.013  0.009       40
 15:     0.023  0.021  0.006  0.004  0.007  0.003  0.006  0.007  0.010  0.007  0.005  0.003  0.003  0.007  0.008  0.879       39
 16:     0.022  0.013  0.023  0.142  0.021  0.209  0.015  0.026  0.021  0.032  0.340  0.055  0.019  0.022  0.030  0.011       40
 17:     0.009  0.011  0.018  0.641  0.010  0.051  0.043  0.017  0.012  0.012  0.056  0.039  0.046  0.009  0.016  0.010       37
 18:     0.039  0.029  0.006  0.004  0.030  0.005  0.008  0.020  0.101  0.113  0.006  0.003  0.003  0.512  0.109  0.011       40
 19:     0.006  0.005  0.005  0.007  0.004  0.859  0.040  0.003  0.006  0.007  0.006  0.022  0.004  0.005  0.006  0.015       28
 20:     0.005  0.007  0.012  0.004  0.005  0.004  0.917  0.006  0.006  0.006  0.005  0.004  0.005  0.004  0.007  0.005       14
 21:     0.012  0.011  0.007  0.025  0.008  0.011  0.023  0.006  0.012  0.009  0.015  0.013  0.802  0.009  0.010  0.028       13
 22:     0.012  0.906  0.007  0.003  0.005  0.004  0.005  0.005  0.009  0.008  0.004  0.002  0.002  0.008  0.007  0.013       14
 23:     0.011  0.028  0.006  0.004  0.716  0.004  0.007  0.021  0.085  0.027  0.005  0.003  0.004  0.018  0.053  0.008       25
 24:     0.008  0.009  0.008  0.005  0.010  0.006  0.006  0.878  0.013  0.013  0.005  0.005  0.006  0.011  0.012  0.006       40
 25:     0.029  0.059  0.654  0.012  0.014  0.033  0.038  0.008  0.031  0.020  0.018  0.010  0.009  0.023  0.025  0.016       32
 26:     0.003  0.002  0.003  0.004  0.003  0.003  0.004  0.003  0.003  0.003  0.003  0.004  0.954  0.003  0.003  0.003       20
 27:     0.006  0.015  0.006  0.046  0.007  0.613  0.015  0.005  0.009  0.012  0.202  0.031  0.003  0.017  0.009  0.004        4
 28:     0.013  0.009  0.009  0.011  0.015  0.703  0.011  0.011  0.015  0.039  0.023  0.058  0.004  0.057  0.017  0.005       23
 29:     0.005  0.007  0.009  0.017  0.005  0.885  0.006  0.004  0.005  0.007  0.010  0.018  0.004  0.007  0.006  0.007       39
 30:     0.004  0.004  0.004  0.006  0.005  0.011  0.014  0.004  0.006  0.005  0.005  0.911  0.007  0.005  0.006  0.004       38
 31:     0.517  0.074  0.009  0.006  0.020  0.004  0.007  0.045  0.060  0.028  0.011  0.004  0.005  0.026  0.042  0.144       45
 32:     0.247  0.067  0.011  0.009  0.069  0.005  0.015  0.018  0.177  0.070  0.007  0.004  0.011  0.055  0.117  0.120       28
 33:     0.004  0.005  0.006  0.016  0.004  0.897  0.006  0.004  0.007  0.006  0.008  0.007  0.015  0.005  0.004  0.007        6
 34:     0.010  0.009  0.006  0.032  0.006  0.013  0.011  0.013  0.008  0.009  0.851  0.008  0.004  0.006  0.007  0.009       40
 35:     0.018  0.011  0.010  0.767  0.008  0.016  0.019  0.011  0.010  0.007  0.029  0.029  0.040  0.006  0.010  0.009       42
--------------------------------------------

Allele-freq. divergence among pops (Net nucleotide distance),
computed using point estimates of P.

      1       2       3       4       5       6       7       8       9      10      11      12      13      14      15      16      
 1      -    0.0650  0.2306  0.1696  0.1300  0.2788  0.2110  0.1520  0.0559  0.1070  0.1337  0.3153  0.3745  0.1068  0.0952  0.1462  
 2   0.0650     -    0.1899  0.1895  0.1634  0.2524  0.1849  0.1656  0.0769  0.0886  0.1338  0.3425  0.4646  0.1186  0.1248  0.1794  
 3   0.2306  0.1899     -    0.1734  0.2504  0.1871  0.2045  0.2327  0.2440  0.2122  0.1883  0.2851  0.3860  0.3003  0.2726  0.2121  
 4   0.1696  0.1895  0.1734     -    0.2079  0.1018  0.1463  0.2942  0.1841  0.2124  0.0980  0.1270  0.2122  0.2652  0.2160  0.2013  
 5   0.1300  0.1634  0.2504  0.2079     -    0.2773  0.2181  0.1253  0.0653  0.0986  0.2033  0.3202  0.3973  0.1236  0.0735  0.2573  
 6   0.2788  0.2524  0.1871  0.1018  0.2773     -    0.2297  0.3658  0.2488  0.2251  0.1696  0.1294  0.3235  0.2780  0.2671  0.2967  
 7   0.2110  0.1849  0.2045  0.1463  0.2181  0.2297     -    0.2871  0.1774  0.2021  0.1745  0.2378  0.3359  0.2888  0.2060  0.2446  
 8   0.1520  0.1656  0.2327  0.2942  0.1253  0.3658  0.2871     -    0.1253  0.1091  0.1813  0.3862  0.4825  0.1759  0.1632  0.2977  
 9   0.0559  0.0769  0.2440  0.1841  0.0653  0.2488  0.1774  0.1253     -    0.0523  0.1436  0.2942  0.3662  0.0618  0.0218  0.2215  
10   0.1070  0.0886  0.2122  0.2124  0.0986  0.2251  0.2021  0.1091  0.0523     -    0.1295  0.3255  0.4282  0.0588  0.0635  0.2583  
11   0.1337  0.1338  0.1883  0.0980  0.2033  0.1696  0.1745  0.1813  0.1436  0.1295     -    0.1989  0.3607  0.2179  0.1798  0.2414  
12   0.3153  0.3425  0.2851  0.1270  0.3202  0.1294  0.2378  0.3862  0.2942  0.3255  0.1989     -    0.2077  0.3952  0.3279  0.3760  
13   0.3745  0.4646  0.3860  0.2122  0.3973  0.3235  0.3359  0.4825  0.3662  0.4282  0.3607  0.2077     -    0.4756  0.3914  0.4716  
14   0.1068  0.1186  0.3003  0.2652  0.1236  0.2780  0.2888  0.1759  0.0618  0.0588  0.2179  0.3952  0.4756     -    0.0617  0.3166  
15   0.0952  0.1248  0.2726  0.2160  0.0735  0.2671  0.2060  0.1632  0.0218  0.0635  0.1798  0.3279  0.3914  0.0617     -    0.2684  
16   0.1462  0.1794  0.2121  0.2013  0.2573  0.2967  0.2446  0.2977  0.2215  0.2583  0.2414  0.3760  0.4716  0.3166  0.2684     -    

Average distances (expected heterozygosity) between individuals in same cluster:
cluster  1  : 0.4318 
cluster  2  : 0.3532 
cluster  3  : 0.3656 
cluster  4  : 0.5220 
cluster  5  : 0.3885 
cluster  6  : 0.4665 
cluster  7  : 0.2617 
cluster  8  : 0.3492 
cluster  9  : 0.4004 
cluster 10  : 0.3890 
cluster 11  : 0.4632 
cluster 12  : 0.3724 
cluster 13  : 0.2357 
cluster 14  : 0.3141 
cluster 15  : 0.3332 
cluster 16  : 0.2246 

--------------------------------------------
Estimated Ln Prob of Data   = -20203.1
Mean value of ln likelihood = -19238.3
Variance of ln likelihood   = 1929.6
Mean value of alpha         = 0.0341

Mean value of Fst_1         = 0.3210
Mean value of Fst_2         = 0.5142
Mean value of Fst_3         = 0.4634
Mean value of Fst_4         = 0.1811
Mean value of Fst_5         = 0.3989
Mean value of Fst_6         = 0.4039
Mean value of Fst_7         = 0.6048
Mean value of Fst_8         = 0.4351
Mean value of Fst_9         = 0.3087
Mean value of Fst_10         = 0.3610
Mean value of Fst_11         = 0.3057
Mean value of Fst_12         = 0.5748
Mean value of Fst_13         = 0.6678
Mean value of Fst_14         = 0.4816
Mean value of Fst_15         = 0.4217
Mean value of Fst_16         = 0.6313


Inferred ancestry of individuals:
        Label (%Miss) Pop:  Inferred clusters
  1 TMA-ZAIN-G-    (9)    1 :  0.043 0.009 0.008 0.029 0.004 0.654 0.007 0.006 0.005 0.167 0.014 0.013 0.004 0.006 0.005 0.026 
  2 TMA-ZAIN-G-    (0)    1 :  0.011 0.004 0.030 0.018 0.145 0.597 0.022 0.004 0.014 0.084 0.006 0.018 0.004 0.010 0.023 0.009 
  3 TMA-ZAIN-G-    (0)    1 :  0.021 0.039 0.007 0.004 0.009 0.004 0.007 0.028 0.032 0.757 0.010 0.003 0.003 0.045 0.016 0.015 
  4 TMA-ZAIN-G-    (0)    1 :  0.009 0.012 0.018 0.006 0.011 0.008 0.571 0.039 0.030 0.104 0.005 0.005 0.003 0.093 0.071 0.014 
  5 TMA-ZAIN-G-    (0)    1 :  0.002 0.003 0.006 0.003 0.002 0.946 0.005 0.002 0.003 0.003 0.005 0.006 0.004 0.003 0.003 0.002 
  6 TMA-ZAIN-G-    (0)    1 :  0.013 0.052 0.011 0.026 0.010 0.016 0.022 0.026 0.029 0.618 0.100 0.020 0.029 0.010 0.008 0.009 
  7 TMA-ZAIN-G-    (0)    1 :  0.023 0.213 0.010 0.009 0.022 0.010 0.071 0.007 0.310 0.142 0.011 0.006 0.005 0.029 0.102 0.030 
  8 TMA-ZAIN-G-    (0)    1 :  0.007 0.896 0.009 0.003 0.008 0.004 0.004 0.008 0.010 0.016 0.005 0.002 0.002 0.013 0.010 0.004 
  9 TMA-ZAIN-G-    (9)    1 :  0.079 0.018 0.005 0.005 0.049 0.006 0.007 0.021 0.434 0.190 0.027 0.006 0.004 0.035 0.107 0.007 
 10 TMA-ZAIN-G-    (0)    1 :  0.147 0.063 0.010 0.006 0.030 0.003 0.010 0.029 0.262 0.071 0.029 0.004 0.004 0.022 0.299 0.011 
 11 TMA-ZAIN-G-    (0)    1 :  0.092 0.012 0.004 0.006 0.012 0.005 0.014 0.005 0.604 0.026 0.005 0.004 0.004 0.006 0.193 0.008 
 12 TMA-ZAIN-G-    (0)    1 :  0.041 0.016 0.006 0.005 0.008 0.006 0.005 0.005 0.052 0.199 0.009 0.003 0.004 0.543 0.072 0.026 
 13 TMA-ZAIN-G-    (9)    1 :  0.098 0.031 0.013 0.023 0.127 0.030 0.012 0.014 0.365 0.012 0.011 0.078 0.019 0.030 0.046 0.091 
 14 TMA-ZAIN-G-    (9)    1 :  0.078 0.008 0.008 0.008 0.017 0.003 0.006 0.005 0.020 0.006 0.010 0.007 0.017 0.008 0.025 0.774 
 15 TMA-ZAIN-G-    (0)    1 :  0.094 0.009 0.006 0.004 0.004 0.003 0.003 0.006 0.005 0.271 0.005 0.002 0.002 0.004 0.004 0.576 
 16 TMA-ZAIN-G-    (0)    1 :  0.014 0.007 0.003 0.004 0.008 0.003 0.005 0.004 0.072 0.022 0.005 0.004 0.004 0.153 0.685 0.005 
 17 TMA-ZAIN-G-    (9)    1 :  0.665 0.083 0.020 0.018 0.005 0.008 0.100 0.006 0.016 0.021 0.012 0.013 0.003 0.008 0.008 0.013 
 18 TMA-ZAIN-G-    (0)    1 :  0.009 0.012 0.039 0.179 0.004 0.656 0.011 0.006 0.005 0.009 0.021 0.009 0.004 0.018 0.006 0.011 
 19 TMA-ZAIN-G-    (0)    1 :  0.023 0.071 0.004 0.586 0.008 0.014 0.041 0.004 0.027 0.019 0.127 0.014 0.010 0.025 0.016 0.011 
 20 TMA-ZAIN-G-    (0)    1 :  0.003 0.003 0.026 0.801 0.005 0.038 0.006 0.005 0.003 0.004 0.007 0.068 0.020 0.003 0.004 0.004 
 21 TMA-ZAIN-G-    (0)    1 :  0.003 0.002 0.003 0.003 0.002 0.003 0.003 0.002 0.003 0.002 0.003 0.005 0.959 0.002 0.002 0.002 
 22 TMA-ZAIN-G-    (0)    1 :  0.002 0.003 0.005 0.006 0.002 0.013 0.005 0.002 0.002 0.003 0.005 0.941 0.004 0.002 0.003 0.003 
 23 TMA-ZAIN-G-    (0)    1 :  0.005 0.006 0.003 0.011 0.004 0.006 0.005 0.003 0.005 0.004 0.008 0.923 0.005 0.004 0.004 0.005 
 24 TMA-ZAIN-G-    (9)    1 :  0.017 0.003 0.006 0.003 0.187 0.006 0.003 0.078 0.012 0.005 0.003 0.635 0.007 0.007 0.009 0.018 
 25 TMA-ZAIN-G-    (9)    1 :  0.005 0.003 0.004 0.567 0.044 0.079 0.004 0.004 0.004 0.244 0.007 0.017 0.007 0.005 0.004 0.003 
 26 TMA-ZAIN-G-    (9)    1 :  0.066 0.022 0.429 0.007 0.058 0.005 0.011 0.007 0.019 0.250 0.004 0.007 0.070 0.008 0.022 0.015 
 27 TMA-ZAIN-G-    (0)    1 :  0.021 0.009 0.016 0.055 0.005 0.076 0.024 0.008 0.009 0.009 0.650 0.014 0.021 0.003 0.012 0.069 
 28 TMA-ZAIN-G-    (0)    1 :  0.005 0.009 0.004 0.012 0.004 0.009 0.006 0.004 0.006 0.008 0.910 0.004 0.003 0.005 0.004 0.008 
 29 TMA-ZAIN-G-    (0)    1 :  0.005 0.004 0.015 0.223 0.005 0.003 0.003 0.708 0.004 0.004 0.005 0.004 0.004 0.004 0.004 0.005 
 30 TMA-ZAIN-G-    (0)    1 :  0.175 0.013 0.005 0.029 0.077 0.004 0.007 0.031 0.071 0.025 0.432 0.005 0.004 0.039 0.031 0.051 
 31 TMA-ZAIN-G-    (0)    1 :  0.004 0.007 0.064 0.012 0.008 0.824 0.021 0.006 0.006 0.004 0.006 0.013 0.009 0.004 0.007 0.006 
 32 TMA-ZAIN-G-    (9)    1 :  0.018 0.007 0.006 0.050 0.005 0.247 0.006 0.003 0.008 0.442 0.007 0.137 0.011 0.029 0.013 0.009 
 33 TMA-ZAIN-G-   (18)    1 :  0.029 0.019 0.003 0.004 0.005 0.004 0.004 0.007 0.021 0.839 0.006 0.003 0.002 0.036 0.013 0.005 
 34 TMA-ZAIN-G-    (0)    1 :  0.005 0.005 0.005 0.008 0.007 0.033 0.005 0.004 0.011 0.823 0.006 0.017 0.015 0.033 0.017 0.004 
 35 TMA-ZAIN-G-    (9)    1 :  0.010 0.006 0.005 0.004 0.007 0.005 0.005 0.009 0.006 0.909 0.006 0.003 0.002 0.009 0.008 0.006 
 36 TMA-ZAIN-G-    (0)    1 :  0.159 0.053 0.014 0.004 0.260 0.004 0.007 0.013 0.054 0.287 0.006 0.003 0.002 0.010 0.018 0.106 
 37 TMA-ZAIN-G-    (9)    1 :  0.009 0.009 0.005 0.004 0.008 0.004 0.010 0.007 0.009 0.906 0.006 0.003 0.005 0.006 0.006 0.003 
 38 TMA-ZAIN-G-   (18)    1 :  0.019 0.005 0.009 0.079 0.007 0.338 0.015 0.005 0.007 0.420 0.005 0.047 0.008 0.008 0.009 0.017 
 39 TMA-ZAIN-G-    (0)    1 :  0.067 0.017 0.008 0.004 0.603 0.003 0.008 0.013 0.069 0.050 0.008 0.003 0.008 0.069 0.065 0.004 
 40 TMA-ZAIN-G-    (0)    1 :  0.521 0.011 0.005 0.004 0.106 0.003 0.017 0.006 0.047 0.169 0.004 0.003 0.011 0.071 0.019 0.004 
 41 TMA-ZAIN-G-    (0)    1 :  0.669 0.024 0.005 0.003 0.162 0.003 0.003 0.005 0.008 0.063 0.004 0.003 0.003 0.014 0.013 0.018 
 42 TMA-ZAIN-G-    (9)    1 :  0.792 0.050 0.016 0.003 0.009 0.003 0.005 0.008 0.007 0.008 0.003 0.002 0.002 0.008 0.005 0.079 
 43 TMA-ZAIN-G-    (0)    1 :  0.011 0.019 0.005 0.004 0.005 0.003 0.004 0.012 0.005 0.005 0.003 0.002 0.002 0.003 0.005 0.913 
 44 TMA-ZAIN-G-    (0)    1 :  0.010 0.009 0.003 0.010 0.036 0.005 0.007 0.009 0.057 0.016 0.003 0.006 0.767 0.009 0.049 0.004 
 45 TMA-ZAIN-G-    (0)    1 :  0.090 0.016 0.007 0.005 0.010 0.005 0.011 0.005 0.104 0.031 0.009 0.004 0.008 0.046 0.638 0.012 
 46 TMA-ZAIN-G-    (0)    1 :  0.002 0.002 0.004 0.004 0.003 0.004 0.006 0.002 0.003 0.002 0.003 0.006 0.949 0.002 0.003 0.003 
 47 TMA-ZAIN-G-    (0)    1 :  0.004 0.005 0.930 0.004 0.003 0.004 0.013 0.004 0.003 0.006 0.004 0.003 0.005 0.005 0.004 0.003 
 48 TMA-ZAIN-G-    (0)    1 :  0.103 0.148 0.150 0.011 0.012 0.006 0.136 0.014 0.190 0.014 0.047 0.028 0.016 0.012 0.073 0.041 
 49 TMA-ZAIN-G-    (9)    1 :  0.008 0.008 0.006 0.791 0.006 0.011 0.019 0.040 0.012 0.026 0.012 0.008 0.003 0.028 0.018 0.004 
 50 TMA-ZAIN-G-    (0)    1 :  0.082 0.012 0.003 0.791 0.027 0.010 0.006 0.004 0.008 0.006 0.019 0.005 0.005 0.010 0.005 0.009 
 51 TMA-ZAIN-G-    (0)    1 :  0.025 0.010 0.015 0.791 0.007 0.007 0.015 0.007 0.012 0.008 0.021 0.005 0.010 0.003 0.012 0.054 
 52 TMA-ZAIN-G-    (0)    1 :  0.007 0.009 0.030 0.715 0.006 0.005 0.128 0.003 0.013 0.006 0.031 0.007 0.008 0.010 0.007 0.014 
 53 TMA-ZAIN-G-    (0)    1 :  0.010 0.010 0.053 0.645 0.011 0.118 0.065 0.004 0.010 0.005 0.009 0.010 0.004 0.003 0.010 0.033 
 54 TMA-ZAIN-G-    (0)    1 :  0.011 0.011 0.900 0.008 0.004 0.004 0.004 0.003 0.007 0.005 0.011 0.005 0.004 0.006 0.007 0.011 
 55 TMA-ZAIN-G-    (0)    1 :  0.041 0.016 0.816 0.023 0.004 0.004 0.003 0.003 0.011 0.004 0.023 0.008 0.006 0.009 0.009 0.019 
 56 TMA-ZAIN-G-    (0)    1 :  0.179 0.077 0.048 0.031 0.021 0.006 0.364 0.018 0.072 0.026 0.067 0.011 0.005 0.013 0.032 0.029 
 57 TMA-ZAIN-G-    (0)    1 :  0.006 0.006 0.833 0.028 0.010 0.009 0.009 0.008 0.010 0.013 0.005 0.004 0.003 0.042 0.010 0.005 
 58 TMA-ZAIN-G-    (0)    1 :  0.016 0.040 0.039 0.393 0.004 0.039 0.013 0.009 0.010 0.013 0.190 0.196 0.006 0.019 0.006 0.008 
 59 TMA-ZAIN-G-    (0)    1 :  0.021 0.039 0.014 0.013 0.018 0.541 0.038 0.018 0.103 0.046 0.024 0.024 0.018 0.014 0.063 0.008 
 60 TMA-ZAIN-G-    (0)    1 :  0.015 0.020 0.019 0.110 0.006 0.504 0.044 0.008 0.014 0.009 0.066 0.009 0.010 0.006 0.017 0.143 
 61 TMA-ZAIN-G-    (0)    1 :  0.003 0.003 0.011 0.010 0.003 0.872 0.034 0.003 0.004 0.005 0.006 0.022 0.014 0.003 0.004 0.004 
 62 TMA-ZAIN-G-    (9)    1 :  0.036 0.008 0.010 0.017 0.022 0.661 0.003 0.006 0.023 0.031 0.065 0.009 0.027 0.029 0.046 0.005 
 63 TMA-ZAIN-G-    (0)    1 :  0.005 0.006 0.011 0.011 0.003 0.896 0.015 0.003 0.004 0.006 0.007 0.010 0.004 0.006 0.005 0.007 
 64 TMA-ZAIN-G-    (0)    1 :  0.005 0.004 0.003 0.002 0.009 0.002 0.003 0.935 0.008 0.005 0.003 0.002 0.002 0.004 0.007 0.005 
 65 TMA-ZAIN-G-    (9)    1 :  0.007 0.010 0.008 0.003 0.006 0.003 0.005 0.836 0.010 0.067 0.005 0.003 0.002 0.020 0.009 0.007 
 66 TMA-ZAIN-G-    (0)    1 :  0.008 0.007 0.004 0.003 0.013 0.002 0.005 0.858 0.029 0.015 0.004 0.003 0.003 0.010 0.031 0.005 
 67 TMA-ZAIN-G-    (0)    1 :  0.014 0.007 0.005 0.009 0.087 0.004 0.004 0.672 0.039 0.020 0.016 0.010 0.016 0.016 0.080 0.003 
 68 TMA-ZAIN-G-    (0)    1 :  0.005 0.009 0.005 0.002 0.004 0.002 0.004 0.935 0.005 0.005 0.003 0.002 0.002 0.005 0.005 0.006 
 69 TMA-ZAIN-G-    (0)    1 :  0.006 0.007 0.008 0.020 0.031 0.015 0.021 0.693 0.019 0.030 0.006 0.020 0.024 0.027 0.059 0.016 
 70 TMA-ZAIN-G-    (0)    1 :  0.007 0.004 0.003 0.004 0.856 0.003 0.004 0.011 0.038 0.006 0.004 0.004 0.004 0.007 0.038 0.005 
 71 TMA-ZAIN-G-    (0)    1 :  0.006 0.005 0.003 0.003 0.888 0.003 0.004 0.004 0.011 0.009 0.003 0.003 0.004 0.011 0.041 0.003 
 72 TMA-ZAIN-G-    (0)    1 :  0.009 0.005 0.007 0.004 0.897 0.003 0.004 0.014 0.014 0.008 0.008 0.003 0.003 0.006 0.010 0.005 
 73 TMA-ZAIN-G-    (0)    1 :  0.005 0.006 0.013 0.013 0.841 0.015 0.004 0.005 0.006 0.016 0.017 0.021 0.020 0.008 0.009 0.003 
 74 TMA-ZAIN-G-    (0)    1 :  0.005 0.005 0.005 0.005 0.913 0.004 0.003 0.004 0.009 0.011 0.004 0.004 0.005 0.009 0.009 0.003 
 75 TMA-ZAIN-G-    (0)    1 :  0.005 0.005 0.007 0.004 0.917 0.004 0.005 0.004 0.006 0.008 0.005 0.003 0.003 0.007 0.012 0.004 
 76 TMA-ZAIN-G-    (0)    1 :  0.004 0.004 0.003 0.008 0.859 0.004 0.003 0.005 0.010 0.007 0.004 0.009 0.021 0.007 0.051 0.003 
 77 TMA-ZAIN-G-    (0)    1 :  0.008 0.004 0.004 0.005 0.917 0.002 0.007 0.005 0.010 0.005 0.005 0.003 0.006 0.004 0.007 0.005 
 78 TMA-ZAIN-G-    (0)    1 :  0.005 0.005 0.006 0.010 0.884 0.005 0.008 0.004 0.017 0.007 0.006 0.008 0.009 0.006 0.014 0.005 
 79 TMA-ZAIN-G-    (0)    1 :  0.006 0.005 0.004 0.007 0.876 0.003 0.022 0.004 0.021 0.006 0.005 0.005 0.011 0.005 0.014 0.007 
 80 TMA-ZAIN-G-    (0)    1 :  0.017 0.011 0.011 0.004 0.703 0.003 0.006 0.021 0.048 0.022 0.006 0.003 0.007 0.080 0.055 0.004 
 81 TMA-ZAIN-G-    (0)    1 :  0.011 0.011 0.006 0.006 0.742 0.004 0.030 0.005 0.030 0.019 0.007 0.004 0.009 0.012 0.099 0.007 
 82 TMA-ZAIN-G-    (0)    1 :  0.007 0.015 0.015 0.004 0.036 0.005 0.007 0.097 0.020 0.173 0.007 0.003 0.002 0.025 0.580 0.006 
 83 TMA-ZAIN-G-    (9)    1 :  0.007 0.016 0.010 0.008 0.008 0.021 0.005 0.016 0.026 0.725 0.015 0.018 0.017 0.084 0.021 0.004 
 84 TMA-ZAIN-G-    (0)    1 :  0.010 0.007 0.004 0.008 0.748 0.003 0.009 0.005 0.031 0.012 0.005 0.007 0.031 0.013 0.101 0.006 
 85 TMA-ZAIN-G-    (0)    1 :  0.003 0.004 0.004 0.004 0.003 0.004 0.946 0.003 0.004 0.004 0.004 0.004 0.002 0.003 0.004 0.004 
 86 TMA-ZAIN-G-    (0)    1 :  0.008 0.009 0.005 0.003 0.006 0.004 0.903 0.006 0.011 0.010 0.005 0.004 0.007 0.009 0.011 0.003 
 87 TMA-ZAIN-G-    (0)    1 :  0.003 0.004 0.004 0.004 0.003 0.004 0.948 0.002 0.003 0.003 0.004 0.006 0.003 0.003 0.003 0.003 
 88 TMA-ZAIN-G-    (0)    1 :  0.009 0.009 0.070 0.008 0.022 0.142 0.412 0.028 0.035 0.079 0.009 0.008 0.009 0.080 0.065 0.014 
 89 TMA-ZAIN-G-    (0)    1 :  0.010 0.007 0.329 0.008 0.038 0.027 0.350 0.022 0.040 0.026 0.004 0.015 0.017 0.028 0.045 0.034 
 90 TMA-ZAIN-G-    (0)    1 :  0.004 0.005 0.034 0.006 0.004 0.013 0.833 0.011 0.007 0.030 0.005 0.004 0.004 0.023 0.013 0.004 
 91 TMA-ZAIN-G-    (0)    1 :  0.007 0.013 0.035 0.006 0.008 0.042 0.793 0.010 0.012 0.012 0.015 0.005 0.006 0.008 0.014 0.012 
 92 TMA-ZAIN-G-    (0)    1 :  0.009 0.009 0.253 0.026 0.011 0.010 0.538 0.006 0.011 0.008 0.028 0.031 0.032 0.004 0.012 0.012 
 93 TMA-ZAIN-G-    (0)    1 :  0.006 0.007 0.483 0.025 0.007 0.040 0.249 0.007 0.008 0.006 0.099 0.017 0.011 0.004 0.009 0.022 
 94 TMA-ZAIN-G-    (0)    1 :  0.003 0.004 0.049 0.008 0.004 0.094 0.778 0.005 0.005 0.006 0.013 0.010 0.005 0.003 0.005 0.007 
 95 TMA-ZAIN-G-    (0)    1 :  0.019 0.004 0.004 0.030 0.011 0.006 0.005 0.007 0.007 0.003 0.868 0.008 0.003 0.006 0.005 0.015 
 96 TMA-ZAIN-G-    (0)    1 :  0.096 0.006 0.005 0.064 0.003 0.006 0.009 0.004 0.005 0.008 0.754 0.008 0.005 0.009 0.005 0.015 
 97 TMA-ZAIN-G-    (0)    1 :  0.004 0.006 0.011 0.017 0.016 0.885 0.008 0.007 0.007 0.004 0.005 0.006 0.005 0.003 0.009 0.007 
 98 TMA-ZAIN-G-    (0)    1 :  0.004 0.006 0.010 0.005 0.013 0.912 0.007 0.005 0.007 0.004 0.003 0.004 0.004 0.003 0.008 0.005 
 99 TMA-ZAIN-G-    (0)    1 :  0.031 0.009 0.003 0.006 0.005 0.659 0.005 0.014 0.116 0.067 0.007 0.007 0.019 0.016 0.031 0.006 
100 TMA-ZAIN-G-    (0)    1 :  0.004 0.004 0.021 0.021 0.006 0.840 0.034 0.005 0.005 0.004 0.005 0.008 0.030 0.003 0.006 0.007 
101 TMA-ZAIN-G-    (0)    1 :  0.004 0.006 0.013 0.010 0.009 0.885 0.004 0.006 0.022 0.005 0.005 0.004 0.006 0.005 0.012 0.006 
102 TMA-ZAIN-G-    (0)    1 :  0.037 0.008 0.009 0.049 0.011 0.146 0.021 0.011 0.016 0.014 0.011 0.537 0.007 0.077 0.021 0.026 
103 TMA-ZAIN-G-    (0)    1 :  0.011 0.013 0.006 0.049 0.008 0.688 0.027 0.005 0.015 0.021 0.019 0.081 0.004 0.028 0.018 0.007 
104 TMA-ZAIN-G-    (0)    1 :  0.004 0.006 0.005 0.008 0.003 0.934 0.003 0.002 0.003 0.004 0.004 0.009 0.004 0.004 0.003 0.004 
105 TMA-ZAIN-G-    (0)    1 :  0.012 0.017 0.007 0.027 0.008 0.725 0.041 0.006 0.017 0.021 0.020 0.034 0.003 0.032 0.024 0.007 
106 TMA-ZAIN-G-    (0)    1 :  0.428 0.035 0.006 0.004 0.085 0.004 0.007 0.045 0.158 0.031 0.006 0.003 0.003 0.059 0.040 0.085 
107 TMA-ZAIN-G-    (0)    1 :  0.013 0.021 0.007 0.005 0.082 0.004 0.007 0.013 0.471 0.045 0.006 0.003 0.003 0.256 0.055 0.011 
108 TMA-ZAIN-G-    (9)    1 :  0.024 0.010 0.014 0.050 0.011 0.100 0.059 0.006 0.014 0.593 0.009 0.036 0.020 0.007 0.028 0.020 
109 TMA-ZAIN-G-    (0)    1 :  0.074 0.046 0.062 0.008 0.007 0.270 0.017 0.138 0.048 0.097 0.047 0.006 0.004 0.135 0.020 0.021 
110 TMA-ZAIN-G-    (0)    1 :  0.059 0.066 0.014 0.075 0.016 0.043 0.020 0.006 0.219 0.104 0.021 0.071 0.114 0.085 0.072 0.016 
111 TMA-ZAIN-G-    (9)    1 :  0.012 0.008 0.018 0.077 0.036 0.336 0.006 0.009 0.016 0.069 0.019 0.156 0.021 0.157 0.056 0.004 
112 TMA-ZAIN-G-    (0)    1 :  0.159 0.047 0.020 0.105 0.014 0.206 0.014 0.016 0.061 0.050 0.040 0.066 0.013 0.063 0.095 0.031 
113 TMA-ZAIN-G-    (0)    1 :  0.004 0.008 0.017 0.005 0.023 0.852 0.006 0.010 0.012 0.010 0.004 0.010 0.005 0.013 0.018 0.006 
114 TMA-ZAIN-G-    (0)    1 :  0.003 0.002 0.004 0.005 0.003 0.934 0.007 0.003 0.003 0.004 0.004 0.010 0.009 0.004 0.003 0.002 
115 TMA-ZAIN-G-    (0)    1 :  0.003 0.003 0.004 0.003 0.003 0.943 0.003 0.003 0.003 0.005 0.004 0.006 0.004 0.005 0.004 0.003 
116 TMA-ZAIN-G-    (0)    1 :  0.006 0.010 0.010 0.003 0.008 0.005 0.005 0.008 0.011 0.682 0.006 0.003 0.002 0.221 0.016 0.005 
117 TMA-ZAIN-G-    (0)    1 :  0.028 0.076 0.024 0.006 0.057 0.005 0.023 0.108 0.034 0.512 0.023 0.003 0.003 0.017 0.037 0.043 
118 TMA-ZAIN-G-    (0)    1 :  0.011 0.010 0.008 0.005 0.010 0.005 0.005 0.018 0.011 0.590 0.009 0.003 0.003 0.283 0.014 0.016 
119 TMA-ZAIN-G-    (0)    1 :  0.005 0.010 0.009 0.014 0.028 0.014 0.004 0.015 0.010 0.631 0.012 0.011 0.013 0.205 0.015 0.004 
120 TMA-ZAIN-G-    (0)    1 :  0.010 0.015 0.008 0.007 0.011 0.006 0.010 0.012 0.016 0.673 0.012 0.004 0.003 0.159 0.017 0.038 
121 TMA-ZAIN-G-    (0)    1 :  0.012 0.014 0.008 0.004 0.008 0.004 0.005 0.026 0.012 0.855 0.010 0.003 0.002 0.020 0.010 0.007 
122 TMA-ZAIN-G-    (0)    1 :  0.018 0.052 0.008 0.004 0.010 0.004 0.040 0.013 0.047 0.721 0.030 0.004 0.007 0.017 0.019 0.007 
123 TMA-ZAIN-G-    (0)    1 :  0.005 0.004 0.005 0.015 0.005 0.894 0.009 0.004 0.005 0.007 0.006 0.016 0.004 0.004 0.005 0.012 
124 TMA-ZAIN-G-    (0)    1 :  0.019 0.910 0.003 0.004 0.004 0.004 0.006 0.003 0.009 0.008 0.005 0.003 0.003 0.006 0.006 0.006 
125 TMA-ZAIN-G-    (0)    1 :  0.009 0.908 0.020 0.003 0.005 0.002 0.005 0.013 0.006 0.004 0.004 0.002 0.002 0.005 0.005 0.009 
126 TMA-ZAIN-G-    (0)    1 :  0.020 0.897 0.006 0.003 0.004 0.003 0.005 0.004 0.010 0.006 0.004 0.003 0.002 0.012 0.006 0.015 
127 TMA-ZAIN-G-    (0)    1 :  0.055 0.864 0.003 0.003 0.004 0.003 0.004 0.005 0.014 0.006 0.004 0.002 0.003 0.012 0.010 0.007 
128 TMA-ZAIN-G-    (0)    1 :  0.012 0.897 0.004 0.003 0.004 0.003 0.005 0.011 0.012 0.016 0.007 0.003 0.003 0.006 0.009 0.006 
129 TMA-ZAIN-G-    (0)    1 :  0.011 0.912 0.004 0.004 0.005 0.004 0.005 0.004 0.014 0.009 0.005 0.003 0.002 0.005 0.005 0.008 
130 TMA-ZAIN-G-    (0)    1 :  0.006 0.909 0.014 0.004 0.004 0.004 0.005 0.004 0.005 0.008 0.004 0.003 0.002 0.008 0.004 0.016 
131 TMA-ZAIN-G-    (0)    1 :  0.017 0.915 0.003 0.004 0.003 0.003 0.007 0.004 0.008 0.006 0.005 0.003 0.003 0.005 0.005 0.008 
132 TMA-ZAIN-G-    (0)    1 :  0.013 0.883 0.012 0.003 0.006 0.003 0.005 0.013 0.012 0.015 0.007 0.003 0.002 0.008 0.009 0.006 
133 TMA-ZAIN-G-    (0)    1 :  0.300 0.044 0.023 0.013 0.062 0.003 0.047 0.087 0.216 0.011 0.013 0.006 0.017 0.031 0.012 0.114 
134 TMA-ZAIN-G-    (0)    1 :  0.040 0.212 0.021 0.006 0.056 0.003 0.033 0.049 0.246 0.007 0.005 0.004 0.010 0.078 0.006 0.224 
135 TMA-ZAIN-G-    (0)    1 :  0.017 0.027 0.008 0.004 0.026 0.003 0.018 0.014 0.629 0.010 0.003 0.003 0.008 0.205 0.015 0.010 
136 TMA-ZAIN-G-    (0)    1 :  0.023 0.022 0.015 0.004 0.022 0.004 0.005 0.389 0.379 0.048 0.007 0.004 0.007 0.039 0.029 0.006 
137 TMA-ZAIN-G-    (0)    1 :  0.008 0.015 0.005 0.005 0.019 0.004 0.020 0.004 0.094 0.010 0.004 0.004 0.014 0.780 0.008 0.005 
138 TMA-ZAIN-G-    (0)    1 :  0.041 0.179 0.015 0.003 0.011 0.004 0.004 0.011 0.466 0.038 0.004 0.003 0.003 0.174 0.027 0.020 
139 TMA-ZAIN-G-    (0)    1 :  0.017 0.128 0.056 0.004 0.037 0.005 0.009 0.010 0.382 0.046 0.003 0.003 0.007 0.258 0.021 0.014 
140 TMA-ZAIN-G-    (0)    1 :  0.042 0.018 0.004 0.004 0.015 0.004 0.004 0.009 0.430 0.053 0.010 0.004 0.004 0.102 0.291 0.006 
141 TMA-ZAIN-G-    (0)    1 :  0.023 0.045 0.005 0.005 0.032 0.006 0.010 0.006 0.445 0.046 0.006 0.004 0.003 0.050 0.295 0.020 
142 TMA-ZAIN-G-    (9)    1 :  0.016 0.012 0.004 0.004 0.013 0.003 0.005 0.011 0.225 0.051 0.006 0.003 0.003 0.103 0.534 0.006 
143 TMA-ZAIN-G-    (0)    1 :  0.040 0.060 0.005 0.004 0.012 0.004 0.006 0.013 0.471 0.212 0.011 0.003 0.003 0.090 0.058 0.009 
144 TMA-ZAIN-G-    (0)    1 :  0.089 0.051 0.021 0.011 0.008 0.003 0.011 0.006 0.443 0.066 0.023 0.005 0.008 0.196 0.050 0.009 
145 TMA-ZAIN-G-    (0)    1 :  0.018 0.049 0.018 0.003 0.043 0.003 0.005 0.293 0.063 0.040 0.006 0.002 0.002 0.345 0.103 0.006 
146 TMA-ZAIN-G-    (0)    1 :  0.006 0.005 0.003 0.003 0.020 0.003 0.004 0.005 0.480 0.007 0.003 0.003 0.003 0.007 0.445 0.004 
147 TMA-ZAIN-G-    (9)    1 :  0.007 0.006 0.004 0.003 0.010 0.003 0.004 0.008 0.664 0.026 0.003 0.003 0.003 0.009 0.241 0.005 
148 TMA-ZAIN-G-    (0)    1 :  0.019 0.018 0.015 0.004 0.010 0.003 0.005 0.004 0.623 0.005 0.003 0.003 0.003 0.005 0.246 0.037 
149 TMA-ZAIN-G-    (0)    1 :  0.019 0.027 0.026 0.008 0.009 0.015 0.021 0.005 0.690 0.035 0.012 0.018 0.005 0.008 0.084 0.018 
150 TMA-ZAIN-G-    (0)    1 :  0.007 0.013 0.044 0.006 0.014 0.022 0.011 0.061 0.606 0.109 0.011 0.015 0.004 0.023 0.044 0.010 
151 TMA-ZAIN-G-    (0)    1 :  0.152 0.006 0.004 0.003 0.005 0.003 0.003 0.007 0.006 0.068 0.005 0.002 0.003 0.701 0.018 0.015 
152 TMA-ZAIN-G-    (0)    1 :  0.014 0.006 0.005 0.003 0.004 0.005 0.003 0.006 0.007 0.147 0.005 0.002 0.003 0.743 0.032 0.015 
153 TMA-ZAIN-G-    (0)    1 :  0.078 0.030 0.013 0.003 0.013 0.004 0.004 0.012 0.113 0.033 0.004 0.003 0.002 0.634 0.029 0.027 
154 TMA-ZAIN-G-    (0)    1 :  0.006 0.007 0.004 0.003 0.004 0.003 0.004 0.004 0.005 0.017 0.003 0.002 0.002 0.915 0.020 0.004 
155 TMA-ZAIN-G-    (0)    1 :  0.009 0.010 0.003 0.003 0.006 0.004 0.005 0.006 0.027 0.009 0.004 0.003 0.003 0.890 0.011 0.006 
156 TMA-ZAIN-G-    (9)    1 :  0.051 0.023 0.009 0.004 0.004 0.005 0.003 0.003 0.016 0.022 0.004 0.002 0.003 0.739 0.029 0.082 
157 TMA-ZAIN-G-    (0)    1 :  0.070 0.019 0.005 0.004 0.008 0.004 0.005 0.005 0.107 0.018 0.004 0.003 0.003 0.549 0.058 0.138 
158 TMA-ZAIN-G-    (0)    1 :  0.012 0.008 0.004 0.006 0.020 0.003 0.003 0.005 0.023 0.032 0.006 0.003 0.003 0.328 0.540 0.004 
159 TMA-ZAIN-G-    (0)    1 :  0.007 0.014 0.005 0.003 0.146 0.005 0.004 0.015 0.139 0.024 0.004 0.002 0.002 0.414 0.213 0.005 
160 TMA-ZAIN-G-    (0)    1 :  0.005 0.010 0.008 0.003 0.126 0.005 0.004 0.023 0.039 0.061 0.004 0.003 0.002 0.576 0.127 0.005 
161 TMA-ZAIN-G-    (0)    1 :  0.054 0.127 0.019 0.005 0.014 0.003 0.006 0.007 0.350 0.034 0.006 0.003 0.002 0.312 0.042 0.017 
162 TMA-ZAIN-G-    (0)    1 :  0.008 0.005 0.011 0.005 0.005 0.015 0.011 0.005 0.007 0.007 0.009 0.015 0.005 0.882 0.006 0.003 
163 TMA-ZAIN-G-    (0)    1 :  0.005 0.006 0.003 0.002 0.005 0.003 0.003 0.004 0.009 0.010 0.003 0.002 0.002 0.929 0.013 0.003 
164 TMA-ZAIN-G-    (0)    1 :  0.007 0.013 0.009 0.004 0.007 0.005 0.014 0.009 0.032 0.132 0.006 0.004 0.005 0.633 0.116 0.004 
165 TMA-ZAIN-G-    (0)    1 :  0.008 0.010 0.003 0.003 0.010 0.004 0.003 0.006 0.047 0.110 0.004 0.003 0.003 0.707 0.077 0.003 
166 TMA-ZAIN-G-    (0)    1 :  0.025 0.053 0.010 0.003 0.028 0.003 0.006 0.013 0.094 0.025 0.004 0.002 0.003 0.420 0.306 0.005 
167 TMA-ZAIN-G-    (0)    1 :  0.016 0.013 0.005 0.006 0.063 0.005 0.007 0.005 0.357 0.020 0.008 0.005 0.004 0.020 0.459 0.007 
168 TMA-ZAIN-G-    (0)    1 :  0.007 0.006 0.006 0.004 0.044 0.005 0.006 0.011 0.028 0.017 0.005 0.003 0.003 0.006 0.828 0.020 
169 TMA-ZAIN-G-    (0)    1 :  0.005 0.006 0.004 0.003 0.024 0.003 0.004 0.039 0.017 0.011 0.003 0.002 0.002 0.011 0.861 0.005 
170 TMA-ZAIN-G-    (0)    1 :  0.093 0.048 0.004 0.040 0.029 0.023 0.006 0.018 0.104 0.052 0.008 0.011 0.017 0.049 0.434 0.063 
171 TMA-ZAIN-G-    (0)    1 :  0.004 0.004 0.003 0.003 0.041 0.003 0.004 0.012 0.028 0.013 0.003 0.003 0.002 0.007 0.867 0.003 
172 TMA-ZAIN-G-    (0)    1 :  0.319 0.033 0.003 0.005 0.011 0.003 0.005 0.005 0.106 0.008 0.005 0.003 0.004 0.015 0.458 0.016 
173 TMA-ZAIN-G-    (0)    1 :  0.519 0.041 0.005 0.006 0.016 0.003 0.008 0.006 0.109 0.011 0.008 0.003 0.004 0.012 0.231 0.019 
174 TMA-ZAIN-G-    (0)    1 :  0.096 0.456 0.006 0.003 0.019 0.003 0.005 0.034 0.126 0.049 0.005 0.002 0.003 0.044 0.145 0.004 
175 TMA-ZAIN-G-    (0)    1 :  0.005 0.005 0.004 0.003 0.106 0.003 0.004 0.006 0.090 0.009 0.003 0.003 0.003 0.009 0.745 0.004 
176 TMA-ZAIN-G-    (0)    1 :  0.005 0.005 0.003 0.003 0.019 0.003 0.004 0.005 0.099 0.006 0.003 0.003 0.003 0.009 0.827 0.004 
177 TMA-ZAIN-G-    (0)    1 :  0.012 0.005 0.003 0.003 0.008 0.003 0.004 0.003 0.047 0.005 0.003 0.002 0.003 0.007 0.883 0.009 
178 TMA-ZAIN-G-    (0)    1 :  0.241 0.009 0.004 0.005 0.016 0.005 0.005 0.004 0.163 0.024 0.007 0.003 0.005 0.013 0.461 0.034 
179 TMA-ZAIN-G-    (0)    1 :  0.033 0.010 0.004 0.003 0.009 0.002 0.005 0.006 0.086 0.014 0.004 0.002 0.003 0.014 0.790 0.015 
180 TMA-ZAIN-G-    (0)    1 :  0.239 0.363 0.010 0.006 0.005 0.003 0.026 0.092 0.085 0.066 0.014 0.004 0.011 0.019 0.025 0.030 
181 TMA-ZAIN-G-    (0)    1 :  0.706 0.018 0.005 0.004 0.009 0.005 0.004 0.005 0.016 0.014 0.004 0.003 0.003 0.064 0.009 0.131 
182 TMA-ZAIN-G-    (0)    1 :  0.278 0.404 0.005 0.004 0.004 0.007 0.006 0.003 0.044 0.019 0.005 0.003 0.003 0.028 0.020 0.167 
183 TMA-ZAIN-G-    (0)    1 :  0.841 0.008 0.004 0.004 0.007 0.004 0.005 0.004 0.010 0.027 0.004 0.003 0.003 0.012 0.009 0.057 
184 TMA-ZAIN-G-    (0)    1 :  0.694 0.019 0.018 0.010 0.010 0.025 0.018 0.008 0.043 0.033 0.013 0.016 0.005 0.043 0.013 0.031 
185 TMA-ZAIN-G-    (0)    1 :  0.799 0.028 0.019 0.008 0.007 0.010 0.011 0.006 0.022 0.009 0.035 0.018 0.006 0.010 0.007 0.004 
186 TMA-ZAIN-G-    (9)    1 :  0.834 0.045 0.005 0.007 0.010 0.004 0.005 0.006 0.028 0.007 0.011 0.004 0.004 0.012 0.014 0.005 
187 TMA-ZAIN-G-    (0)    1 :  0.801 0.015 0.003 0.005 0.035 0.004 0.005 0.016 0.032 0.007 0.005 0.003 0.003 0.044 0.008 0.014 
188 TMA-ZAIN-G-    (0)    1 :  0.822 0.017 0.004 0.003 0.042 0.003 0.003 0.023 0.012 0.030 0.004 0.003 0.002 0.020 0.005 0.005 
189 TMA-ZAIN-G-    (0)    1 :  0.929 0.011 0.002 0.003 0.004 0.002 0.003 0.007 0.007 0.005 0.003 0.002 0.003 0.006 0.006 0.005 
190 TMA-ZAIN-G-    (0)    1 :  0.802 0.009 0.006 0.005 0.026 0.003 0.003 0.017 0.018 0.036 0.005 0.003 0.003 0.005 0.042 0.018 
191 TMA-ZAIN-G-    (0)    1 :  0.874 0.006 0.008 0.007 0.008 0.010 0.014 0.004 0.012 0.008 0.008 0.015 0.007 0.006 0.008 0.004 
192 TMA-ZAIN-G-    (0)    1 :  0.854 0.015 0.005 0.007 0.013 0.003 0.016 0.004 0.019 0.005 0.003 0.004 0.024 0.008 0.006 0.014 
193 TMA-ZAIN-G-    (0)    1 :  0.005 0.004 0.004 0.003 0.003 0.003 0.003 0.003 0.003 0.003 0.003 0.002 0.002 0.003 0.003 0.952 
194 TMA-ZAIN-G-    (0)    1 :  0.098 0.033 0.015 0.011 0.006 0.002 0.005 0.012 0.012 0.006 0.019 0.005 0.008 0.004 0.008 0.755 
195 TMA-ZAIN-G-    (0)    1 :  0.093 0.036 0.006 0.008 0.026 0.003 0.004 0.039 0.023 0.011 0.005 0.002 0.003 0.004 0.025 0.710 
196 TMA-ZAIN-G-    (0)    1 :  0.020 0.010 0.007 0.004 0.005 0.003 0.004 0.017 0.010 0.012 0.008 0.002 0.003 0.007 0.006 0.881 
197 TMA-ZAIN-G-    (0)    1 :  0.010 0.011 0.005 0.003 0.009 0.003 0.008 0.012 0.011 0.008 0.005 0.003 0.002 0.007 0.009 0.893 
198 TMA-ZAIN-G-    (0)    1 :  0.021 0.008 0.005 0.003 0.008 0.002 0.004 0.006 0.012 0.009 0.003 0.002 0.005 0.010 0.014 0.888 
199 TMA-ZAIN-G-    (0)    1 :  0.852 0.044 0.006 0.005 0.009 0.003 0.005 0.005 0.020 0.009 0.008 0.003 0.004 0.012 0.009 0.006 
200 TMA-ZAIN-G-    (0)    1 :  0.005 0.004 0.010 0.039 0.005 0.023 0.007 0.006 0.004 0.007 0.019 0.038 0.773 0.003 0.005 0.052 
201 TMA-ZAIN-G-    (0)    1 :  0.006 0.011 0.006 0.015 0.014 0.008 0.011 0.016 0.013 0.014 0.025 0.036 0.796 0.008 0.014 0.006 
202 TMA-ZAIN-G-    (0)    1 :  0.006 0.005 0.002 0.007 0.002 0.008 0.003 0.002 0.005 0.004 0.004 0.004 0.925 0.004 0.004 0.015 
203 TMA-ZAIN-G-    (0)    1 :  0.030 0.050 0.005 0.004 0.008 0.019 0.005 0.003 0.033 0.037 0.005 0.003 0.002 0.023 0.014 0.760 
204 TMA-ZAIN-G-    (9)    1 :  0.004 0.004 0.024 0.048 0.007 0.013 0.101 0.004 0.006 0.005 0.007 0.024 0.741 0.003 0.005 0.005 
205 TMA-ZAIN-G-    (0)    1 :  0.006 0.010 0.008 0.022 0.007 0.006 0.009 0.004 0.022 0.025 0.005 0.005 0.782 0.075 0.007 0.008 
206 TMA-ZAIN-G-    (9)    1 :  0.014 0.011 0.017 0.016 0.007 0.027 0.180 0.007 0.014 0.019 0.012 0.010 0.609 0.008 0.031 0.017 
207 TMA-ZAIN-G-    (9)    1 :  0.021 0.014 0.052 0.022 0.019 0.010 0.050 0.054 0.092 0.413 0.061 0.011 0.004 0.145 0.025 0.007 
208 TMA-ZAIN-G-    (0)    1 :  0.033 0.007 0.004 0.004 0.018 0.003 0.002 0.053 0.458 0.141 0.010 0.003 0.004 0.064 0.192 0.004 
209 TMA-ZAIN-G-    (0)    1 :  0.042 0.170 0.054 0.004 0.050 0.003 0.009 0.012 0.254 0.009 0.003 0.003 0.003 0.048 0.131 0.206 
210 TMA-ZAIN-G-    (0)    1 :  0.096 0.061 0.015 0.005 0.054 0.004 0.011 0.085 0.161 0.021 0.009 0.003 0.003 0.066 0.057 0.349 
211 TMA-ZAIN-G-    (0)    1 :  0.103 0.392 0.010 0.020 0.041 0.009 0.008 0.020 0.175 0.043 0.015 0.015 0.021 0.021 0.044 0.063 
212 TMA-ZAIN-G-    (0)    1 :  0.332 0.047 0.006 0.004 0.005 0.003 0.015 0.015 0.209 0.078 0.011 0.003 0.007 0.037 0.204 0.024 
213 TMA-ZAIN-G-    (0)    1 :  0.128 0.026 0.006 0.004 0.015 0.003 0.004 0.005 0.641 0.005 0.004 0.003 0.004 0.081 0.049 0.020 
214 TMA-ZAIN-G-    (0)    1 :  0.092 0.132 0.007 0.005 0.050 0.003 0.004 0.039 0.473 0.005 0.004 0.003 0.004 0.114 0.046 0.019 
215 TMA-ZAIN-G-    (0)    1 :  0.270 0.009 0.002 0.229 0.031 0.003 0.003 0.005 0.134 0.028 0.004 0.006 0.011 0.021 0.241 0.003 
216 TMA-ZAIN-G-    (0)    1 :  0.504 0.118 0.013 0.006 0.011 0.003 0.006 0.006 0.183 0.007 0.006 0.004 0.005 0.022 0.093 0.014 
217 TMA-ZAIN-G-    (0)    1 :  0.037 0.120 0.006 0.003 0.065 0.003 0.006 0.085 0.516 0.007 0.003 0.003 0.003 0.034 0.071 0.038 
218 TMA-ZAIN-G-    (0)    1 :  0.006 0.011 0.006 0.905 0.004 0.006 0.004 0.009 0.004 0.005 0.010 0.003 0.003 0.005 0.013 0.003 
219 TMA-ZAIN-G-    (0)    1 :  0.004 0.007 0.008 0.916 0.004 0.005 0.013 0.004 0.004 0.004 0.006 0.004 0.010 0.005 0.004 0.003 
220 TMA-ZAIN-G-    (0)    1 :  0.006 0.006 0.005 0.589 0.006 0.023 0.010 0.009 0.007 0.184 0.114 0.007 0.003 0.012 0.014 0.004 
221 TMA-ZAIN-G-    (0)    1 :  0.020 0.014 0.004 0.854 0.006 0.004 0.010 0.005 0.010 0.007 0.010 0.005 0.026 0.008 0.012 0.005 
222 TMA-ZAIN-G-    (0)    1 :  0.006 0.013 0.008 0.855 0.006 0.013 0.018 0.011 0.008 0.015 0.006 0.005 0.005 0.012 0.015 0.004 
223 TMA-ZAIN-G-    (0)    1 :  0.005 0.005 0.005 0.904 0.004 0.006 0.013 0.005 0.005 0.006 0.018 0.007 0.006 0.004 0.005 0.003 
224 TMA-ZAIN-G-    (0)    1 :  0.011 0.029 0.006 0.779 0.005 0.010 0.091 0.005 0.007 0.005 0.012 0.013 0.005 0.006 0.007 0.007 
225 TMA-ZAIN-G-    (0)    1 :  0.006 0.004 0.003 0.922 0.003 0.008 0.005 0.002 0.004 0.004 0.009 0.006 0.007 0.003 0.005 0.010 
226 TMA-ZAIN-G-    (0)    1 :  0.012 0.004 0.004 0.866 0.007 0.011 0.008 0.005 0.007 0.010 0.011 0.006 0.006 0.007 0.011 0.024 
227 TMA-ZAIN-G-    (0)    1 :  0.011 0.004 0.004 0.866 0.007 0.010 0.005 0.004 0.010 0.007 0.007 0.005 0.021 0.008 0.013 0.018 
228 TMA-ZAIN-G-    (0)    1 :  0.010 0.007 0.005 0.798 0.028 0.013 0.017 0.008 0.014 0.013 0.015 0.020 0.005 0.013 0.028 0.007 
229 TMA-ZAIN-G-    (0)    1 :  0.003 0.003 0.006 0.905 0.003 0.014 0.007 0.009 0.003 0.003 0.008 0.015 0.011 0.002 0.006 0.002 
230 TMA-ZAIN-G-    (0)    1 :  0.018 0.053 0.011 0.462 0.026 0.026 0.279 0.011 0.021 0.008 0.012 0.010 0.003 0.005 0.043 0.011 
231 TMA-ZAIN-G-    (0)    1 :  0.008 0.010 0.017 0.207 0.019 0.054 0.059 0.012 0.021 0.017 0.011 0.461 0.020 0.025 0.049 0.010 
232 TMA-ZAIN-G-    (9)    1 :  0.019 0.039 0.012 0.116 0.009 0.133 0.014 0.038 0.009 0.010 0.004 0.543 0.013 0.011 0.022 0.008 
233 TMA-ZAIN-G-    (0)    1 :  0.010 0.023 0.009 0.762 0.027 0.005 0.021 0.045 0.012 0.007 0.017 0.007 0.016 0.013 0.017 0.007 
234 TMA-ZAIN-G-    (0)    1 :  0.005 0.004 0.030 0.644 0.005 0.189 0.005 0.007 0.004 0.010 0.009 0.031 0.030 0.008 0.009 0.011 
235 TMA-ZAIN-G-    (0)    1 :  0.079 0.004 0.009 0.528 0.060 0.159 0.039 0.005 0.006 0.012 0.021 0.019 0.013 0.010 0.012 0.023 
236 TMA-ZAIN-G-    (0)    1 :  0.013 0.008 0.003 0.766 0.012 0.020 0.048 0.006 0.015 0.016 0.008 0.010 0.025 0.013 0.012 0.025 
237 TMA-ZAIN-G-    (0)    1 :  0.013 0.027 0.005 0.381 0.129 0.119 0.100 0.011 0.075 0.022 0.014 0.011 0.005 0.013 0.065 0.008 
238 TMA-ZAIN-G-    (0)    1 :  0.015 0.016 0.003 0.755 0.022 0.027 0.006 0.004 0.034 0.031 0.006 0.013 0.023 0.029 0.012 0.005 
