

----------------------------------------------------
STRUCTURE by Pritchard, Stephens and Donnelly (2000)
     and Falush, Stephens and Pritchard (2003)
       Code by Pritchard, Falush and Hubisz
             Version 2.3.4 (Jul 2012)
----------------------------------------------------



Command line arguments:   bin\structure -m C:\Users\eschumacher\Documents\GitHub\GCC_QUAC_ZAIN\Data_Files\Structure_Files\ZAIN\ZAIN_rebinned_allpop_str\50-50\mainparams -e C:\Users\eschumacher\Documents\GitHub\GCC_QUAC_ZAIN\Data_Files\Structure_Files\ZAIN\ZAIN_rebinned_allpop_str\50-50\extraparams 
Input File:    C:\Users\eschumacher\Documents\GitHub\GCC_QUAC_ZAIN\Data_Files\Structure_Files\ZAIN\ZAIN_rebinned_allpop_str\project_data

Run parameters:
   1133 individuals
   11 loci
   8 populations assumed
   50000 Burn-in period
   50000 Reps


--------------------------------------------
Proportion of membership of each pre-defined
 population in each of the 8 clusters

Given    Inferred Clusters                                          Number of
 Pop       1      2      3      4      5      6      7      8      Individuals

  1:     0.075  0.112  0.117  0.205  0.041  0.168  0.057  0.224      303
  2:     0.013  0.204  0.093  0.298  0.053  0.174  0.017  0.149       15
  3:     0.019  0.008  0.467  0.080  0.018  0.040  0.200  0.168        2
  4:     0.007  0.038  0.299  0.393  0.030  0.093  0.008  0.133        2
  5:     0.029  0.017  0.339  0.125  0.044  0.072  0.224  0.151        7
  6:     0.017  0.018  0.012  0.149  0.009  0.661  0.124  0.011       13
  7:     0.027  0.005  0.023  0.005  0.004  0.928  0.004  0.004       13
  8:     0.015  0.021  0.015  0.266  0.085  0.010  0.058  0.530        7
  9:     0.006  0.015  0.066  0.408  0.040  0.051  0.090  0.325       11
 10:     0.008  0.036  0.171  0.083  0.030  0.117  0.031  0.524        9
 11:     0.026  0.007  0.012  0.011  0.006  0.919  0.006  0.014       35
 12:     0.004  0.024  0.008  0.318  0.027  0.006  0.014  0.599       36
 13:     0.006  0.009  0.010  0.170  0.034  0.005  0.018  0.747       33
 14:     0.009  0.941  0.006  0.007  0.009  0.011  0.007  0.009       40
 15:     0.003  0.007  0.004  0.017  0.006  0.003  0.952  0.007       39
 16:     0.019  0.026  0.631  0.025  0.032  0.199  0.013  0.053       40
 17:     0.062  0.035  0.762  0.011  0.016  0.091  0.011  0.012       37
 18:     0.003  0.006  0.004  0.264  0.023  0.005  0.014  0.680       40
 19:     0.004  0.039  0.010  0.010  0.003  0.903  0.024  0.007       28
 20:     0.012  0.916  0.016  0.013  0.008  0.015  0.007  0.012       14
 21:     0.876  0.010  0.033  0.016  0.007  0.014  0.032  0.011       13
 22:     0.002  0.022  0.005  0.900  0.009  0.004  0.041  0.017       14
 23:     0.008  0.009  0.006  0.066  0.048  0.005  0.011  0.846       25
 24:     0.006  0.008  0.005  0.009  0.947  0.007  0.006  0.012       40
 25:     0.009  0.851  0.022  0.048  0.008  0.019  0.018  0.024       32
 26:     0.978  0.003  0.003  0.003  0.003  0.003  0.003  0.003       20
 27:     0.003  0.012  0.338  0.014  0.006  0.611  0.004  0.013        4
 28:     0.003  0.020  0.029  0.014  0.014  0.866  0.005  0.048       23
 29:     0.004  0.012  0.031  0.006  0.005  0.928  0.006  0.008       39
 30:     0.018  0.006  0.008  0.004  0.004  0.951  0.003  0.005       38
 31:     0.005  0.009  0.008  0.671  0.054  0.005  0.190  0.057       45
 32:     0.015  0.016  0.008  0.505  0.026  0.005  0.172  0.253       28
 33:     0.007  0.006  0.080  0.007  0.005  0.882  0.008  0.006        6
 34:     0.004  0.014  0.851  0.023  0.048  0.036  0.013  0.012       40
 35:     0.064  0.015  0.839  0.024  0.011  0.029  0.010  0.008       42
--------------------------------------------

Allele-freq. divergence among pops (Net nucleotide distance),
computed using point estimates of P.

      1       2       3       4       5       6       7       8      
 1      -    0.3109  0.2337  0.3601  0.4494  0.2366  0.4284  0.3769  
 2   0.3109     -    0.0998  0.1408  0.1818  0.1441  0.1565  0.1683  
 3   0.2337  0.0998     -    0.1185  0.2155  0.0732  0.1656  0.1552  
 4   0.3601  0.1408  0.1185     -    0.1120  0.2139  0.1323  0.0394  
 5   0.4494  0.1818  0.2155  0.1120     -    0.3132  0.2555  0.1025  
 6   0.2366  0.1441  0.0732  0.2139  0.3132     -    0.2649  0.2225  
 7   0.4284  0.1565  0.1656  0.1323  0.2555  0.2649     -    0.2178  
 8   0.3769  0.1683  0.1552  0.0394  0.1025  0.2225  0.2178     -    

Average distances (expected heterozygosity) between individuals in same cluster:
cluster  1  : 0.2563 
cluster  2  : 0.4374 
cluster  3  : 0.5529 
cluster  4  : 0.4381 
cluster  5  : 0.3626 
cluster  6  : 0.4987 
cluster  7  : 0.2822 
cluster  8  : 0.4076 

--------------------------------------------
Estimated Ln Prob of Data   = -21591.5
Mean value of ln likelihood = -21085.0
Variance of ln likelihood   = 1013.0
Mean value of alpha         = 0.0337

Mean value of Fst_1         = 0.6093
Mean value of Fst_2         = 0.4139
Mean value of Fst_3         = 0.1431
Mean value of Fst_4         = 0.2982
Mean value of Fst_5         = 0.4218
Mean value of Fst_6         = 0.3474
Mean value of Fst_7         = 0.5429
Mean value of Fst_8         = 0.3037


Inferred ancestry of individuals:
        Label (%Miss) Pop:  Inferred clusters
  1 TMA-ZAIN-G-    (9)    1 :  0.004 0.013 0.114 0.035 0.009 0.652 0.160 0.013 
  2 TMA-ZAIN-G-    (0)    1 :  0.004 0.043 0.049 0.038 0.006 0.603 0.012 0.245 
  3 TMA-ZAIN-G-    (0)    1 :  0.003 0.011 0.007 0.633 0.121 0.006 0.031 0.189 
  4 TMA-ZAIN-G-    (0)    1 :  0.005 0.723 0.015 0.049 0.054 0.018 0.017 0.118 
  5 TMA-ZAIN-G-    (0)    1 :  0.003 0.007 0.005 0.003 0.003 0.974 0.002 0.003 
  6 TMA-ZAIN-G-    (0)    1 :  0.047 0.066 0.148 0.329 0.175 0.079 0.030 0.127 
  7 TMA-ZAIN-G-    (0)    1 :  0.006 0.029 0.015 0.541 0.009 0.012 0.042 0.346 
  8 TMA-ZAIN-G-    (0)    1 :  0.002 0.018 0.005 0.917 0.021 0.004 0.007 0.025 
  9 TMA-ZAIN-G-    (9)    1 :  0.003 0.006 0.007 0.784 0.034 0.008 0.008 0.152 
 10 TMA-ZAIN-G-    (0)    1 :  0.004 0.010 0.008 0.641 0.034 0.003 0.014 0.286 
 11 TMA-ZAIN-G-    (0)    1 :  0.006 0.009 0.008 0.746 0.009 0.006 0.008 0.208 
 12 TMA-ZAIN-G-    (0)    1 :  0.003 0.004 0.005 0.036 0.006 0.004 0.014 0.928 
 13 TMA-ZAIN-G-    (9)    1 :  0.041 0.022 0.036 0.565 0.019 0.091 0.068 0.156 
 14 TMA-ZAIN-G-    (9)    1 :  0.014 0.007 0.007 0.024 0.006 0.004 0.923 0.014 
 15 TMA-ZAIN-G-    (0)    1 :  0.002 0.004 0.005 0.014 0.008 0.003 0.959 0.005 
 16 TMA-ZAIN-G-    (0)    1 :  0.004 0.004 0.006 0.042 0.005 0.004 0.007 0.928 
 17 TMA-ZAIN-G-    (9)    1 :  0.004 0.026 0.050 0.805 0.008 0.012 0.077 0.018 
 18 TMA-ZAIN-G-    (0)    1 :  0.004 0.065 0.417 0.010 0.009 0.472 0.011 0.011 
 19 TMA-ZAIN-G-    (0)    1 :  0.006 0.006 0.909 0.031 0.006 0.015 0.012 0.014 
 20 TMA-ZAIN-G-    (0)    1 :  0.034 0.019 0.870 0.003 0.004 0.064 0.003 0.003 
 21 TMA-ZAIN-G-    (0)    1 :  0.981 0.003 0.003 0.003 0.003 0.003 0.002 0.002 
 22 TMA-ZAIN-G-    (0)    1 :  0.007 0.004 0.007 0.003 0.002 0.971 0.003 0.003 
 23 TMA-ZAIN-G-    (0)    1 :  0.009 0.004 0.061 0.007 0.004 0.903 0.005 0.006 
 24 TMA-ZAIN-G-    (9)    1 :  0.015 0.008 0.004 0.026 0.141 0.712 0.048 0.047 
 25 TMA-ZAIN-G-    (9)    1 :  0.010 0.004 0.845 0.017 0.005 0.052 0.010 0.057 
 26 TMA-ZAIN-G-    (9)    1 :  0.101 0.399 0.011 0.238 0.009 0.008 0.038 0.195 
 27 TMA-ZAIN-G-    (0)    1 :  0.013 0.018 0.848 0.011 0.009 0.040 0.056 0.006 
 28 TMA-ZAIN-G-    (0)    1 :  0.003 0.008 0.942 0.010 0.008 0.009 0.013 0.007 
 29 TMA-ZAIN-G-    (0)    1 :  0.005 0.013 0.242 0.005 0.722 0.004 0.006 0.004 
 30 TMA-ZAIN-G-    (0)    1 :  0.005 0.007 0.362 0.343 0.067 0.005 0.106 0.105 
 31 TMA-ZAIN-G-    (0)    1 :  0.009 0.087 0.020 0.006 0.007 0.853 0.008 0.010 
 32 TMA-ZAIN-G-    (9)    1 :  0.007 0.007 0.032 0.062 0.005 0.672 0.086 0.129 
 33 TMA-ZAIN-G-   (18)    1 :  0.003 0.004 0.005 0.688 0.017 0.004 0.012 0.268 
 34 TMA-ZAIN-G-    (0)    1 :  0.021 0.009 0.018 0.045 0.008 0.132 0.010 0.757 
 35 TMA-ZAIN-G-    (9)    1 :  0.003 0.013 0.017 0.237 0.101 0.011 0.116 0.501 
 36 TMA-ZAIN-G-    (0)    1 :  0.003 0.013 0.006 0.519 0.011 0.004 0.159 0.287 
 37 TMA-ZAIN-G-    (9)    1 :  0.009 0.017 0.012 0.485 0.017 0.006 0.010 0.443 
 38 TMA-ZAIN-G-   (18)    1 :  0.007 0.009 0.082 0.067 0.008 0.575 0.210 0.043 
 39 TMA-ZAIN-G-    (0)    1 :  0.010 0.009 0.005 0.154 0.011 0.003 0.004 0.806 
 40 TMA-ZAIN-G-    (0)    1 :  0.006 0.005 0.004 0.486 0.006 0.003 0.006 0.484 
 41 TMA-ZAIN-G-    (0)    1 :  0.004 0.005 0.004 0.722 0.009 0.003 0.077 0.176 
 42 TMA-ZAIN-G-    (9)    1 :  0.002 0.009 0.005 0.690 0.009 0.003 0.257 0.026 
 43 TMA-ZAIN-G-    (0)    1 :  0.002 0.005 0.003 0.006 0.007 0.003 0.970 0.004 
 44 TMA-ZAIN-G-    (0)    1 :  0.834 0.004 0.010 0.033 0.021 0.005 0.004 0.087 
 45 TMA-ZAIN-G-    (0)    1 :  0.010 0.010 0.009 0.470 0.005 0.006 0.019 0.472 
 46 TMA-ZAIN-G-    (0)    1 :  0.978 0.004 0.004 0.002 0.002 0.004 0.003 0.003 
 47 TMA-ZAIN-G-    (0)    1 :  0.004 0.972 0.004 0.004 0.004 0.003 0.004 0.004 
 48 TMA-ZAIN-G-    (0)    1 :  0.013 0.562 0.017 0.308 0.018 0.011 0.031 0.040 
 49 TMA-ZAIN-G-    (9)    1 :  0.004 0.011 0.894 0.007 0.044 0.018 0.005 0.019 
 50 TMA-ZAIN-G-    (0)    1 :  0.007 0.003 0.933 0.026 0.003 0.006 0.008 0.013 
 51 TMA-ZAIN-G-    (0)    1 :  0.015 0.023 0.835 0.017 0.006 0.006 0.090 0.007 
 52 TMA-ZAIN-G-    (0)    1 :  0.014 0.114 0.815 0.008 0.003 0.007 0.023 0.015 
 53 TMA-ZAIN-G-    (0)    1 :  0.005 0.162 0.696 0.010 0.005 0.081 0.031 0.009 
 54 TMA-ZAIN-G-    (0)    1 :  0.004 0.947 0.009 0.011 0.004 0.005 0.013 0.006 
 55 TMA-ZAIN-G-    (0)    1 :  0.006 0.886 0.032 0.026 0.003 0.008 0.031 0.007 
 56 TMA-ZAIN-G-    (0)    1 :  0.005 0.631 0.096 0.150 0.041 0.012 0.024 0.042 
 57 TMA-ZAIN-G-    (0)    1 :  0.003 0.947 0.014 0.006 0.008 0.005 0.005 0.013 
 58 TMA-ZAIN-G-    (0)    1 :  0.005 0.045 0.600 0.029 0.009 0.291 0.012 0.010 
 59 TMA-ZAIN-G-    (0)    1 :  0.017 0.050 0.033 0.104 0.029 0.655 0.019 0.094 
 60 TMA-ZAIN-G-    (0)    1 :  0.008 0.021 0.580 0.017 0.006 0.235 0.123 0.010 
 61 TMA-ZAIN-G-    (0)    1 :  0.007 0.015 0.009 0.004 0.003 0.955 0.003 0.004 
 62 TMA-ZAIN-G-    (9)    1 :  0.019 0.013 0.060 0.047 0.013 0.776 0.009 0.063 
 63 TMA-ZAIN-G-    (0)    1 :  0.004 0.017 0.022 0.008 0.003 0.929 0.010 0.007 
 64 TMA-ZAIN-G-    (0)    1 :  0.002 0.003 0.003 0.006 0.972 0.002 0.005 0.006 
 65 TMA-ZAIN-G-    (9)    1 :  0.002 0.007 0.003 0.008 0.961 0.003 0.005 0.010 
 66 TMA-ZAIN-G-    (0)    1 :  0.003 0.005 0.003 0.011 0.956 0.003 0.006 0.014 
 67 TMA-ZAIN-G-    (0)    1 :  0.017 0.005 0.012 0.017 0.892 0.006 0.004 0.047 
 68 TMA-ZAIN-G-    (0)    1 :  0.002 0.005 0.003 0.006 0.970 0.002 0.007 0.005 
 69 TMA-ZAIN-G-    (0)    1 :  0.031 0.015 0.020 0.010 0.802 0.025 0.019 0.079 
 70 TMA-ZAIN-G-    (0)    1 :  0.005 0.004 0.006 0.017 0.055 0.004 0.007 0.901 
 71 TMA-ZAIN-G-    (0)    1 :  0.004 0.003 0.004 0.007 0.005 0.003 0.004 0.971 
 72 TMA-ZAIN-G-    (0)    1 :  0.004 0.009 0.008 0.137 0.050 0.005 0.018 0.769 
 73 TMA-ZAIN-G-    (0)    1 :  0.037 0.013 0.031 0.011 0.007 0.029 0.005 0.868 
 74 TMA-ZAIN-G-    (0)    1 :  0.014 0.006 0.015 0.014 0.009 0.009 0.005 0.928 
 75 TMA-ZAIN-G-    (0)    1 :  0.003 0.008 0.009 0.014 0.006 0.005 0.008 0.946 
 76 TMA-ZAIN-G-    (0)    1 :  0.072 0.004 0.016 0.006 0.008 0.012 0.003 0.879 
 77 TMA-ZAIN-G-    (0)    1 :  0.016 0.009 0.010 0.076 0.008 0.004 0.013 0.864 
 78 TMA-ZAIN-G-    (0)    1 :  0.062 0.014 0.033 0.041 0.008 0.015 0.008 0.820 
 79 TMA-ZAIN-G-    (0)    1 :  0.069 0.015 0.013 0.142 0.006 0.006 0.013 0.736 
 80 TMA-ZAIN-G-    (0)    1 :  0.010 0.010 0.005 0.075 0.028 0.003 0.005 0.864 
 81 TMA-ZAIN-G-    (0)    1 :  0.017 0.011 0.010 0.036 0.005 0.005 0.009 0.908 
 82 TMA-ZAIN-G-    (0)    1 :  0.002 0.012 0.006 0.012 0.094 0.004 0.006 0.865 
 83 TMA-ZAIN-G-    (9)    1 :  0.031 0.024 0.023 0.033 0.103 0.061 0.006 0.718 
 84 TMA-ZAIN-G-    (0)    1 :  0.087 0.005 0.011 0.025 0.006 0.006 0.005 0.855 
 85 TMA-ZAIN-G-    (0)    1 :  0.004 0.749 0.139 0.012 0.006 0.073 0.007 0.010 
 86 TMA-ZAIN-G-    (0)    1 :  0.012 0.903 0.018 0.021 0.010 0.014 0.004 0.018 
 87 TMA-ZAIN-G-    (0)    1 :  0.011 0.670 0.052 0.009 0.005 0.237 0.005 0.010 
 88 TMA-ZAIN-G-    (0)    1 :  0.010 0.662 0.012 0.041 0.036 0.106 0.018 0.117 
 89 TMA-ZAIN-G-    (0)    1 :  0.016 0.874 0.006 0.017 0.017 0.016 0.021 0.033 
 90 TMA-ZAIN-G-    (0)    1 :  0.007 0.946 0.012 0.007 0.006 0.008 0.005 0.009 
 91 TMA-ZAIN-G-    (0)    1 :  0.006 0.929 0.011 0.010 0.008 0.017 0.009 0.009 
 92 TMA-ZAIN-G-    (0)    1 :  0.022 0.920 0.021 0.008 0.005 0.009 0.010 0.006 
 93 TMA-ZAIN-G-    (0)    1 :  0.009 0.921 0.021 0.006 0.005 0.020 0.013 0.005 
 94 TMA-ZAIN-G-    (0)    1 :  0.009 0.914 0.022 0.004 0.003 0.037 0.006 0.004 
 95 TMA-ZAIN-G-    (0)    1 :  0.003 0.005 0.889 0.023 0.020 0.014 0.033 0.014 
 96 TMA-ZAIN-G-    (0)    1 :  0.004 0.007 0.898 0.028 0.005 0.005 0.043 0.009 
 97 TMA-ZAIN-G-    (0)    1 :  0.008 0.018 0.025 0.008 0.009 0.908 0.011 0.013 
 98 TMA-ZAIN-G-    (0)    1 :  0.005 0.017 0.007 0.007 0.007 0.936 0.009 0.013 
 99 TMA-ZAIN-G-    (0)    1 :  0.022 0.004 0.007 0.173 0.017 0.702 0.007 0.068 
100 TMA-ZAIN-G-    (0)    1 :  0.022 0.038 0.047 0.005 0.006 0.862 0.011 0.007 
101 TMA-ZAIN-G-    (0)    1 :  0.006 0.016 0.023 0.018 0.009 0.897 0.008 0.023 
102 TMA-ZAIN-G-    (0)    1 :  0.007 0.008 0.029 0.023 0.008 0.881 0.025 0.019 
103 TMA-ZAIN-G-    (0)    1 :  0.004 0.009 0.024 0.007 0.005 0.933 0.007 0.011 
104 TMA-ZAIN-G-    (0)    1 :  0.003 0.005 0.007 0.004 0.003 0.969 0.005 0.004 
105 TMA-ZAIN-G-    (0)    1 :  0.003 0.011 0.023 0.009 0.004 0.926 0.007 0.016 
106 TMA-ZAIN-G-    (0)    1 :  0.003 0.006 0.005 0.688 0.047 0.003 0.089 0.159 
107 TMA-ZAIN-G-    (0)    1 :  0.003 0.005 0.004 0.022 0.009 0.004 0.009 0.944 
108 TMA-ZAIN-G-    (9)    1 :  0.023 0.038 0.080 0.248 0.010 0.273 0.146 0.181 
109 TMA-ZAIN-G-    (0)    1 :  0.004 0.062 0.089 0.323 0.188 0.249 0.022 0.063 
110 TMA-ZAIN-G-    (0)    1 :  0.145 0.021 0.076 0.446 0.008 0.117 0.024 0.163 
111 TMA-ZAIN-G-    (9)    1 :  0.014 0.025 0.047 0.020 0.016 0.763 0.004 0.110 
112 TMA-ZAIN-G-    (0)    1 :  0.013 0.034 0.202 0.305 0.021 0.260 0.037 0.130 
113 TMA-ZAIN-G-    (0)    1 :  0.006 0.027 0.007 0.014 0.018 0.870 0.007 0.052 
114 TMA-ZAIN-G-    (0)    1 :  0.006 0.005 0.005 0.003 0.003 0.973 0.002 0.004 
115 TMA-ZAIN-G-    (0)    1 :  0.004 0.004 0.006 0.004 0.003 0.968 0.005 0.005 
116 TMA-ZAIN-G-    (0)    1 :  0.002 0.012 0.004 0.012 0.016 0.004 0.005 0.944 
117 TMA-ZAIN-G-    (0)    1 :  0.003 0.060 0.017 0.379 0.229 0.008 0.084 0.219 
118 TMA-ZAIN-G-    (0)    1 :  0.004 0.010 0.008 0.022 0.046 0.004 0.022 0.884 
119 TMA-ZAIN-G-    (0)    1 :  0.007 0.010 0.009 0.010 0.025 0.010 0.005 0.924 
120 TMA-ZAIN-G-    (0)    1 :  0.004 0.014 0.015 0.027 0.042 0.007 0.069 0.822 
121 TMA-ZAIN-G-    (0)    1 :  0.003 0.034 0.014 0.142 0.260 0.013 0.028 0.506 
122 TMA-ZAIN-G-    (0)    1 :  0.010 0.029 0.014 0.449 0.043 0.005 0.011 0.438 
123 TMA-ZAIN-G-    (0)    1 :  0.004 0.006 0.023 0.007 0.004 0.933 0.017 0.006 
124 TMA-ZAIN-G-    (0)    1 :  0.003 0.005 0.005 0.960 0.004 0.005 0.011 0.008 
125 TMA-ZAIN-G-    (0)    1 :  0.002 0.075 0.005 0.814 0.047 0.002 0.046 0.008 
126 TMA-ZAIN-G-    (0)    1 :  0.003 0.010 0.005 0.912 0.005 0.003 0.049 0.013 
127 TMA-ZAIN-G-    (0)    1 :  0.003 0.004 0.003 0.964 0.007 0.003 0.010 0.006 
128 TMA-ZAIN-G-    (0)    1 :  0.003 0.007 0.005 0.942 0.022 0.004 0.009 0.008 
129 TMA-ZAIN-G-    (0)    1 :  0.003 0.007 0.005 0.949 0.006 0.005 0.019 0.008 
130 TMA-ZAIN-G-    (0)    1 :  0.002 0.043 0.006 0.835 0.011 0.005 0.083 0.014 
131 TMA-ZAIN-G-    (0)    1 :  0.003 0.005 0.007 0.955 0.004 0.004 0.016 0.007 
132 TMA-ZAIN-G-    (0)    1 :  0.003 0.027 0.005 0.890 0.041 0.004 0.016 0.015 
133 TMA-ZAIN-G-    (0)    1 :  0.015 0.028 0.012 0.754 0.060 0.003 0.089 0.039 
134 TMA-ZAIN-G-    (0)    1 :  0.011 0.027 0.005 0.676 0.050 0.003 0.180 0.048 
135 TMA-ZAIN-G-    (0)    1 :  0.008 0.009 0.003 0.715 0.022 0.004 0.012 0.226 
136 TMA-ZAIN-G-    (0)    1 :  0.006 0.013 0.005 0.183 0.672 0.008 0.007 0.104 
137 TMA-ZAIN-G-    (0)    1 :  0.007 0.006 0.004 0.350 0.007 0.004 0.006 0.616 
138 TMA-ZAIN-G-    (0)    1 :  0.002 0.008 0.003 0.927 0.009 0.003 0.011 0.037 
139 TMA-ZAIN-G-    (0)    1 :  0.006 0.027 0.003 0.832 0.012 0.004 0.011 0.104 
140 TMA-ZAIN-G-    (0)    1 :  0.004 0.004 0.005 0.405 0.009 0.004 0.007 0.561 
141 TMA-ZAIN-G-    (0)    1 :  0.003 0.007 0.006 0.294 0.007 0.005 0.021 0.657 
142 TMA-ZAIN-G-    (9)    1 :  0.003 0.005 0.005 0.201 0.014 0.003 0.007 0.761 
143 TMA-ZAIN-G-    (0)    1 :  0.003 0.005 0.005 0.753 0.015 0.004 0.008 0.207 
144 TMA-ZAIN-G-    (0)    1 :  0.008 0.031 0.013 0.442 0.007 0.004 0.016 0.480 
145 TMA-ZAIN-G-    (0)    1 :  0.002 0.011 0.005 0.073 0.228 0.003 0.007 0.672 
146 TMA-ZAIN-G-    (0)    1 :  0.003 0.004 0.003 0.087 0.006 0.003 0.006 0.888 
147 TMA-ZAIN-G-    (9)    1 :  0.004 0.005 0.004 0.393 0.013 0.003 0.007 0.571 
148 TMA-ZAIN-G-    (0)    1 :  0.003 0.015 0.004 0.663 0.007 0.003 0.054 0.250 
149 TMA-ZAIN-G-    (0)    1 :  0.007 0.039 0.010 0.795 0.007 0.022 0.012 0.107 
150 TMA-ZAIN-G-    (0)    1 :  0.005 0.077 0.011 0.367 0.162 0.031 0.014 0.333 
151 TMA-ZAIN-G-    (0)    1 :  0.003 0.005 0.004 0.047 0.013 0.003 0.020 0.905 
152 TMA-ZAIN-G-    (0)    1 :  0.002 0.005 0.004 0.010 0.007 0.003 0.010 0.959 
153 TMA-ZAIN-G-    (0)    1 :  0.002 0.019 0.004 0.335 0.034 0.004 0.039 0.563 
154 TMA-ZAIN-G-    (0)    1 :  0.002 0.006 0.004 0.017 0.006 0.003 0.006 0.956 
155 TMA-ZAIN-G-    (0)    1 :  0.003 0.004 0.004 0.047 0.012 0.004 0.008 0.917 
156 TMA-ZAIN-G-    (9)    1 :  0.003 0.021 0.005 0.279 0.006 0.007 0.070 0.608 
157 TMA-ZAIN-G-    (0)    1 :  0.003 0.007 0.005 0.250 0.013 0.005 0.167 0.551 
158 TMA-ZAIN-G-    (0)    1 :  0.003 0.005 0.005 0.018 0.004 0.003 0.004 0.958 
159 TMA-ZAIN-G-    (0)    1 :  0.002 0.004 0.003 0.013 0.008 0.003 0.004 0.962 
160 TMA-ZAIN-G-    (0)    1 :  0.002 0.006 0.003 0.007 0.012 0.004 0.003 0.963 
161 TMA-ZAIN-G-    (0)    1 :  0.003 0.020 0.005 0.393 0.007 0.003 0.023 0.547 
162 TMA-ZAIN-G-    (0)    1 :  0.008 0.022 0.012 0.026 0.006 0.034 0.004 0.887 
163 TMA-ZAIN-G-    (0)    1 :  0.002 0.004 0.003 0.013 0.005 0.003 0.003 0.968 
164 TMA-ZAIN-G-    (0)    1 :  0.004 0.008 0.005 0.018 0.008 0.004 0.005 0.948 
165 TMA-ZAIN-G-    (0)    1 :  0.003 0.003 0.003 0.024 0.007 0.004 0.004 0.952 
166 TMA-ZAIN-G-    (0)    1 :  0.002 0.007 0.003 0.144 0.009 0.003 0.005 0.827 
167 TMA-ZAIN-G-    (0)    1 :  0.005 0.006 0.007 0.163 0.005 0.006 0.008 0.800 
168 TMA-ZAIN-G-    (0)    1 :  0.003 0.006 0.005 0.011 0.018 0.004 0.028 0.924 
169 TMA-ZAIN-G-    (0)    1 :  0.003 0.006 0.004 0.014 0.163 0.003 0.006 0.802 
170 TMA-ZAIN-G-    (0)    1 :  0.015 0.005 0.024 0.143 0.023 0.012 0.084 0.694 
171 TMA-ZAIN-G-    (0)    1 :  0.003 0.005 0.003 0.007 0.023 0.003 0.004 0.952 
172 TMA-ZAIN-G-    (0)    1 :  0.005 0.004 0.006 0.901 0.005 0.004 0.020 0.056 
173 TMA-ZAIN-G-    (0)    1 :  0.004 0.005 0.007 0.914 0.006 0.003 0.024 0.037 
174 TMA-ZAIN-G-    (0)    1 :  0.003 0.008 0.004 0.833 0.042 0.003 0.005 0.102 
175 TMA-ZAIN-G-    (0)    1 :  0.003 0.005 0.004 0.010 0.010 0.004 0.005 0.959 
176 TMA-ZAIN-G-    (0)    1 :  0.003 0.004 0.003 0.024 0.007 0.003 0.006 0.950 
177 TMA-ZAIN-G-    (0)    1 :  0.004 0.004 0.004 0.066 0.004 0.003 0.022 0.892 
178 TMA-ZAIN-G-    (0)    1 :  0.006 0.005 0.007 0.598 0.004 0.004 0.064 0.311 
179 TMA-ZAIN-G-    (0)    1 :  0.003 0.005 0.005 0.234 0.008 0.003 0.028 0.714 
180 TMA-ZAIN-G-    (0)    1 :  0.007 0.013 0.005 0.883 0.054 0.004 0.020 0.013 
181 TMA-ZAIN-G-    (0)    1 :  0.003 0.005 0.004 0.692 0.008 0.004 0.237 0.047 
182 TMA-ZAIN-G-    (0)    1 :  0.003 0.006 0.005 0.729 0.003 0.005 0.229 0.021 
183 TMA-ZAIN-G-    (0)    1 :  0.003 0.004 0.004 0.458 0.007 0.004 0.485 0.036 
184 TMA-ZAIN-G-    (0)    1 :  0.006 0.019 0.014 0.878 0.008 0.025 0.029 0.021 
185 TMA-ZAIN-G-    (0)    1 :  0.010 0.020 0.022 0.913 0.005 0.018 0.005 0.007 
186 TMA-ZAIN-G-    (9)    1 :  0.005 0.006 0.009 0.953 0.006 0.004 0.006 0.012 
187 TMA-ZAIN-G-    (0)    1 :  0.003 0.003 0.005 0.919 0.008 0.004 0.026 0.032 
188 TMA-ZAIN-G-    (0)    1 :  0.002 0.004 0.004 0.923 0.009 0.003 0.024 0.031 
189 TMA-ZAIN-G-    (0)    1 :  0.003 0.003 0.003 0.955 0.014 0.002 0.013 0.006 
190 TMA-ZAIN-G-    (0)    1 :  0.004 0.005 0.008 0.757 0.027 0.003 0.150 0.046 
191 TMA-ZAIN-G-    (0)    1 :  0.009 0.010 0.010 0.934 0.005 0.014 0.008 0.010 
192 TMA-ZAIN-G-    (0)    1 :  0.014 0.004 0.004 0.926 0.005 0.003 0.036 0.007 
193 TMA-ZAIN-G-    (0)    1 :  0.002 0.004 0.003 0.004 0.004 0.002 0.977 0.003 
194 TMA-ZAIN-G-    (0)    1 :  0.007 0.009 0.010 0.020 0.008 0.003 0.939 0.004 
195 TMA-ZAIN-G-    (0)    1 :  0.003 0.005 0.010 0.071 0.038 0.003 0.841 0.029 
196 TMA-ZAIN-G-    (0)    1 :  0.003 0.005 0.004 0.009 0.008 0.003 0.963 0.005 
197 TMA-ZAIN-G-    (0)    1 :  0.002 0.006 0.004 0.010 0.009 0.003 0.958 0.008 
198 TMA-ZAIN-G-    (0)    1 :  0.004 0.004 0.003 0.010 0.007 0.003 0.961 0.008 
199 TMA-ZAIN-G-    (0)    1 :  0.004 0.006 0.007 0.958 0.005 0.004 0.008 0.009 
200 TMA-ZAIN-G-    (0)    1 :  0.829 0.013 0.036 0.006 0.008 0.043 0.058 0.006 
201 TMA-ZAIN-G-    (0)    1 :  0.849 0.016 0.031 0.014 0.029 0.031 0.010 0.021 
202 TMA-ZAIN-G-    (0)    1 :  0.966 0.002 0.005 0.005 0.002 0.005 0.011 0.003 
203 TMA-ZAIN-G-    (0)    1 :  0.002 0.006 0.005 0.033 0.004 0.009 0.929 0.013 
204 TMA-ZAIN-G-    (9)    1 :  0.875 0.045 0.040 0.004 0.005 0.022 0.005 0.004 
205 TMA-ZAIN-G-    (0)    1 :  0.873 0.008 0.018 0.012 0.006 0.007 0.008 0.068 
206 TMA-ZAIN-G-    (9)    1 :  0.699 0.069 0.046 0.037 0.013 0.060 0.034 0.041 
207 TMA-ZAIN-G-    (9)    1 :  0.005 0.129 0.079 0.120 0.102 0.015 0.012 0.538 
208 TMA-ZAIN-G-    (0)    1 :  0.004 0.004 0.005 0.372 0.055 0.003 0.005 0.554 
209 TMA-ZAIN-G-    (0)    1 :  0.003 0.045 0.004 0.578 0.017 0.003 0.202 0.147 
210 TMA-ZAIN-G-    (0)    1 :  0.003 0.017 0.006 0.288 0.123 0.004 0.403 0.157 
211 TMA-ZAIN-G-    (0)    1 :  0.026 0.012 0.028 0.690 0.030 0.016 0.093 0.105 
212 TMA-ZAIN-G-    (0)    1 :  0.008 0.008 0.005 0.798 0.014 0.003 0.018 0.145 
213 TMA-ZAIN-G-    (0)    1 :  0.003 0.005 0.004 0.873 0.006 0.004 0.019 0.086 
214 TMA-ZAIN-G-    (0)    1 :  0.003 0.006 0.004 0.892 0.025 0.003 0.015 0.052 
215 TMA-ZAIN-G-    (0)    1 :  0.020 0.003 0.213 0.613 0.006 0.005 0.006 0.135 
216 TMA-ZAIN-G-    (0)    1 :  0.005 0.007 0.005 0.953 0.005 0.003 0.009 0.012 
217 TMA-ZAIN-G-    (0)    1 :  0.003 0.007 0.003 0.741 0.085 0.003 0.055 0.102 
218 TMA-ZAIN-G-    (0)    1 :  0.004 0.005 0.961 0.007 0.009 0.005 0.004 0.006 
219 TMA-ZAIN-G-    (0)    1 :  0.025 0.010 0.944 0.006 0.003 0.005 0.004 0.004 
220 TMA-ZAIN-G-    (0)    1 :  0.003 0.010 0.906 0.007 0.014 0.029 0.007 0.025 
221 TMA-ZAIN-G-    (0)    1 :  0.059 0.008 0.882 0.022 0.007 0.005 0.008 0.010 
222 TMA-ZAIN-G-    (0)    1 :  0.009 0.016 0.914 0.008 0.012 0.022 0.006 0.014 
223 TMA-ZAIN-G-    (0)    1 :  0.008 0.006 0.966 0.004 0.003 0.007 0.003 0.003 
224 TMA-ZAIN-G-    (0)    1 :  0.009 0.016 0.923 0.017 0.005 0.016 0.009 0.006 
225 TMA-ZAIN-G-    (0)    1 :  0.012 0.004 0.952 0.004 0.002 0.011 0.010 0.004 
226 TMA-ZAIN-G-    (0)    1 :  0.008 0.006 0.935 0.009 0.005 0.013 0.018 0.007 
227 TMA-ZAIN-G-    (0)    1 :  0.045 0.005 0.898 0.009 0.004 0.012 0.020 0.008 
228 TMA-ZAIN-G-    (0)    1 :  0.006 0.007 0.919 0.010 0.008 0.024 0.007 0.018 
229 TMA-ZAIN-G-    (0)    1 :  0.022 0.007 0.927 0.003 0.007 0.029 0.003 0.003 
230 TMA-ZAIN-G-    (0)    1 :  0.004 0.050 0.808 0.051 0.015 0.026 0.024 0.023 
231 TMA-ZAIN-G-    (0)    1 :  0.048 0.028 0.201 0.020 0.011 0.644 0.014 0.034 
232 TMA-ZAIN-G-    (9)    1 :  0.023 0.010 0.057 0.058 0.034 0.785 0.024 0.008 
233 TMA-ZAIN-G-    (0)    1 :  0.034 0.016 0.871 0.012 0.039 0.006 0.008 0.015 
234 TMA-ZAIN-G-    (0)    1 :  0.038 0.021 0.669 0.004 0.006 0.243 0.010 0.009 
235 TMA-ZAIN-G-    (0)    1 :  0.010 0.011 0.763 0.024 0.005 0.124 0.029 0.033 
236 TMA-ZAIN-G-    (0)    1 :  0.058 0.007 0.772 0.013 0.007 0.108 0.022 0.012 
237 TMA-ZAIN-G-    (0)    1 :  0.005 0.024 0.557 0.062 0.021 0.158 0.023 0.149 
238 TMA-ZAIN-G-    (0)    1 :  0.044 0.005 0.819 0.025 0.005 0.068 0.009 0.025 
239 TMA-ZAIN-G-    (0)    1 :  0.727 0.097 0.014 0.015 0.008 0.022 0.113 0.003 
240 TMA-ZAIN-G-    (0)    1 :  0.979 0.004 0.003 0.002 0.002 0.003 0.003 0.003 
241 TMA-ZAIN-G-    (0)    1 :  0.978 0.003 0.003 0.003 0.003 0.003 0.003 0.004 
242 TMA-ZAIN-G-    (0)    1 :  0.980 0.003 0.003 0.003 0.003 0.003 0.002 0.004 
243 TMA-ZAIN-G-    (0)    1 :  0.977 0.003 0.003 0.003 0.004 0.003 0.003 0.004 
244 TMA-ZAIN-G-    (0)    1 :  0.975 0.003 0.003 0.004 0.004 0.004 0.003 0.006 
245 TMA-ZAIN-G-    (9)    1 :  0.982 0.003 0.003 0.002 0.002 0.004 0.002 0.003 
246 TMA-ZAIN-G-    (0)    1 :  0.982 0.003 0.003 0.003 0.002 0.003 0.003 0.002 
247 TMA-ZAIN-G-    (0)    1 :  0.982 0.003 0.003 0.003 0.003 0.002 0.002 0.003 
248 TMA-ZAIN-G-    (0)    1 :  0.975 0.003 0.004 0.003 0.003 0.003 0.005 0.004 
249 TMA-ZAIN-G-    (0)    1 :  0.980 0.003 0.003 0.003 0.002 0.003 0.004 0.002 
250 TMA-ZAIN-G-    (0)    1 :  0.981 0.003 0.003 0.003 0.003 0.003 0.003 0.002 
251 TMA-ZAIN-G-    (0)    1 :  0.002 0.971 0.004 0.004 0.004 0.005 0.006 0.004 
252 TMA-ZAIN-G-    (0)    1 :  0.004 0.868 0.007 0.012 0.043 0.003 0.006 0.058 
253 TMA-ZAIN-G-    (0)    1 :  0.005 0.967 0.003 0.004 0.006 0.004 0.005 0.007 
254 TMA-ZAIN-G-    (9)    1 :  0.004 0.939 0.005 0.009 0.014 0.005 0.006 0.018 
255 TMA-ZAIN-G-    (0)    1 :  0.004 0.959 0.003 0.004 0.008 0.013 0.004 0.005 
256 TMA-ZAIN-G-    (0)    1 :  0.009 0.949 0.004 0.005 0.005 0.006 0.015 0.006 
257 TMA-ZAIN-G-    (0)    1 :  0.004 0.969 0.004 0.004 0.003 0.003 0.011 0.003 
258 TMA-ZAIN-G-    (0)    1 :  0.004 0.974 0.003 0.003 0.005 0.003 0.005 0.004 
259 TMA-ZAIN-G-    (0)    1 :  0.005 0.971 0.004 0.004 0.005 0.004 0.005 0.003 
260 TMA-ZAIN-G-    (0)    1 :  0.004 0.967 0.004 0.004 0.008 0.003 0.006 0.003 
261 TMA-ZAIN-G-   (18)    1 :  0.003 0.956 0.006 0.007 0.011 0.005 0.008 0.005 
262 TMA-ZAIN-G-    (0)    1 :  0.003 0.974 0.004 0.003 0.003 0.004 0.007 0.003 
263 TMA-ZAIN-G-    (0)    1 :  0.003 0.972 0.003 0.004 0.004 0.005 0.005 0.004 
264 TMA-ZAIN-G-    (0)    1 :  0.003 0.969 0.004 0.004 0.004 0.006 0.006 0.005 
265 TMA-ZAIN-G-    (0)    1 :  0.028 0.671 0.184 0.030 0.037 0.014 0.011 0.025 
266 TMA-ZAIN-G-    (0)    1 :  0.007 0.724 0.032 0.092 0.023 0.021 0.080 0.021 
267 TMA-ZAIN-G-    (0)    1 :  0.043 0.734 0.066 0.011 0.013 0.115 0.006 0.012 
268 TMA-ZAIN-G-    (0)    1 :  0.004 0.004 0.005 0.003 0.003 0.974 0.003 0.003 
269 TMA-ZAIN-G-    (0)    1 :  0.005 0.006 0.011 0.005 0.004 0.961 0.004 0.005 
270 TMA-ZAIN-G-    (0)    1 :  0.007 0.007 0.011 0.005 0.004 0.957 0.004 0.005 
271 TMA-ZAIN-G-    (0)    1 :  0.007 0.006 0.006 0.004 0.003 0.968 0.003 0.004 
272 TMA-ZAIN-G-    (0)    1 :  0.010 0.005 0.068 0.005 0.003 0.900 0.003 0.005 
273 TMA-ZAIN-G-    (0)    1 :  0.026 0.004 0.045 0.003 0.002 0.914 0.003 0.003 
274 TMA-ZAIN-G-    (0)    1 :  0.011 0.006 0.011 0.009 0.006 0.936 0.015 0.006 
275 TMA-ZAIN-G-    (0)    1 :  0.014 0.003 0.009 0.004 0.002 0.962 0.003 0.003 
276 TMA-ZAIN-G-    (0)    1 :  0.008 0.003 0.005 0.003 0.003 0.971 0.003 0.003 
277 TMA-ZAIN-G-    (0)    1 :  0.107 0.006 0.010 0.004 0.004 0.861 0.004 0.004 
278 TMA-ZAIN-G-    (0)    1 :  0.115 0.006 0.015 0.003 0.003 0.850 0.003 0.004 
279 TMA-ZAIN-G-    (0)    1 :  0.017 0.004 0.017 0.005 0.003 0.947 0.004 0.004 
280 TMA-ZAIN-G-    (0)    1 :  0.013 0.004 0.025 0.006 0.003 0.942 0.004 0.004 
281 TMA-ZAIN-G-    (0)    1 :  0.027 0.005 0.014 0.004 0.003 0.940 0.004 0.003 
282 TMA-ZAIN-G-    (9)    1 :  0.037 0.005 0.008 0.003 0.003 0.938 0.003 0.003 
283 TMA-ZAIN-G-    (0)    1 :  0.026 0.033 0.028 0.005 0.003 0.896 0.004 0.005 
284 TMA-ZAIN-G-    (0)    1 :  0.014 0.058 0.038 0.007 0.003 0.868 0.005 0.007 
285 TMA-ZAIN-G-    (0)    1 :  0.071 0.010 0.015 0.007 0.007 0.878 0.007 0.006 
286 TMA-ZAIN-G-    (0)    1 :  0.015 0.007 0.007 0.003 0.002 0.960 0.003 0.003 
287 TMA-ZAIN-G-    (0)    1 :  0.016 0.006 0.006 0.005 0.004 0.954 0.006 0.004 
288 TMA-ZAIN-G-    (0)    1 :  0.006 0.007 0.026 0.017 0.007 0.903 0.024 0.010 
289 TMA-ZAIN-G-    (0)    1 :  0.013 0.006 0.011 0.007 0.008 0.940 0.009 0.006 
290 TMA-ZAIN-G-    (0)    1 :  0.004 0.006 0.014 0.006 0.003 0.957 0.006 0.004 
291 TMA-ZAIN-G-    (0)    1 :  0.010 0.007 0.953 0.005 0.003 0.012 0.005 0.004 
292 TMA-ZAIN-G-    (0)    1 :  0.019 0.005 0.019 0.275 0.007 0.012 0.019 0.645 
293 TMA-ZAIN-G-    (0)    1 :  0.020 0.017 0.008 0.771 0.016 0.004 0.011 0.152 
294 TMA-ZAIN-G-    (0)    1 :  0.005 0.007 0.004 0.038 0.012 0.003 0.005 0.925 
295 TMA-ZAIN-G-    (9)    1 :  0.008 0.008 0.009 0.070 0.017 0.005 0.005 0.879 
296 TMA-ZAIN-G-    (0)    1 :  0.006 0.011 0.010 0.691 0.009 0.010 0.025 0.238 
297 TMA-ZAIN-G-    (0)    1 :  0.005 0.029 0.007 0.208 0.030 0.006 0.113 0.602 
298 TMA-ZAIN-G-    (0)    1 :  0.008 0.067 0.021 0.120 0.009 0.019 0.005 0.751 
299 TMA-ZAIN-G-    (0)    1 :  0.008 0.003 0.006 0.008 0.010 0.005 0.004 0.956 
300 TMA-ZAIN-G-    (0)    1 :  0.009 0.007 0.010 0.183 0.077 0.004 0.010 0.700 
301 TMA-ZAIN-G-    (0)    1 :  0.014 0.007 0.007 0.417 0.023 0.005 0.028 0.499 
302 TMA-ZAIN-G-    (9)    1 :  0.003 0.006 0.006 0.185 0.008 0.004 0.016 0.773 
303 TMA-ZAIN-G-    (0)    1 :  0.004 0.031 0.798 0.019 0.002 0.012 0.130 0.004 
304 TMA-ZAIN-G-    (0)    2 :  0.008 0.575 0.010 0.142 0.170 0.014 0.050 0.031 
305 TMA-ZAIN-G-    (0)    2 :  0.006 0.010 0.005 0.632 0.020 0.004 0.010 0.313 
306 TMA-ZAIN-G-    (0)    2 :  0.023 0.323 0.015 0.361 0.021 0.123 0.015 0.119 
307 TMA-ZAIN-G-    (0)    2 :  0.013 0.407 0.007 0.172 0.338 0.010 0.014 0.039 
308 TMA-ZAIN-G-    (0)    2 :  0.016 0.791 0.116 0.005 0.014 0.038 0.016 0.004 
309 TMA-ZAIN-G-    (0)    2 :  0.003 0.004 0.004 0.944 0.006 0.003 0.024 0.012 
310 TMA-ZAIN-G-    (0)    2 :  0.012 0.020 0.016 0.373 0.012 0.011 0.004 0.552 
311 TMA-ZAIN-G-    (0)    2 :  0.003 0.056 0.026 0.435 0.007 0.028 0.015 0.430 
312 TMA-ZAIN-G-    (0)    2 :  0.004 0.009 0.016 0.899 0.007 0.005 0.022 0.037 
313 TMA-ZAIN-G-    (0)    2 :  0.003 0.740 0.006 0.100 0.034 0.010 0.020 0.086 
314 TMA-ZAIN-G-    (0)    2 :  0.003 0.024 0.076 0.035 0.013 0.813 0.026 0.009 
315 TMA-ZAIN-G-    (0)    2 :  0.023 0.027 0.054 0.194 0.058 0.327 0.007 0.309 
316 TMA-ZAIN-G-    (0)    2 :  0.018 0.021 0.072 0.168 0.069 0.376 0.006 0.270 
317 TMA-ZAIN-G-    (0)    2 :  0.009 0.012 0.913 0.006 0.004 0.040 0.006 0.010 
318 TMA-ZAIN-G-    (9)    2 :  0.048 0.041 0.058 0.008 0.014 0.805 0.015 0.011 
319 TMA-ZAIN-G-    (0)    3 :  0.017 0.009 0.492 0.009 0.004 0.074 0.390 0.005 
320 TMA-ZAIN-G-    (0)    3 :  0.022 0.006 0.442 0.151 0.033 0.006 0.009 0.332 
321 TMA-ZAIN-G-    (0)    4 :  0.008 0.014 0.122 0.568 0.024 0.155 0.007 0.102 
322 TMA-ZAIN-G-    (0)    4 :  0.005 0.062 0.475 0.217 0.036 0.030 0.009 0.165 
323 TMA-ZAIN-G-    (0)    5 :  0.025 0.012 0.838 0.028 0.019 0.008 0.063 0.006 
324 TMA-ZAIN-G-    (0)    5 :  0.005 0.028 0.009 0.039 0.025 0.005 0.042 0.848 
325 TMA-ZAIN-G-    (0)    5 :  0.141 0.006 0.816 0.012 0.005 0.005 0.006 0.009 
326 TMA-ZAIN-G-    (0)    5 :  0.005 0.014 0.576 0.011 0.005 0.003 0.376 0.010 
327 TMA-ZAIN-G-    (0)    5 :  0.003 0.012 0.005 0.028 0.024 0.003 0.918 0.007 
328 TMA-ZAIN-G-    (0)    5 :  0.012 0.015 0.119 0.081 0.154 0.479 0.127 0.014 
329 TMA-ZAIN-G-    (0)    5 :  0.010 0.031 0.011 0.672 0.074 0.004 0.038 0.160 
330 TMA-ZAIN-G-    (0)    6 :  0.003 0.036 0.008 0.841 0.048 0.003 0.021 0.039 
331 TMA-ZAIN-G-    (0)    6 :  0.034 0.136 0.042 0.704 0.007 0.042 0.008 0.027 
332 TMA-ZAIN-G-    (0)    6 :  0.004 0.005 0.006 0.347 0.017 0.002 0.579 0.040 
333 TMA-ZAIN-G-    (0)    6 :  0.002 0.004 0.003 0.005 0.003 0.002 0.978 0.003 
334 TMA-ZAIN-G-    (0)    6 :  0.032 0.007 0.013 0.003 0.003 0.936 0.003 0.004 
335 TMA-ZAIN-G-    (0)    6 :  0.026 0.005 0.008 0.005 0.006 0.943 0.003 0.005 
336 TMA-ZAIN-G-    (0)    6 :  0.032 0.013 0.021 0.007 0.006 0.908 0.004 0.009 
337 TMA-ZAIN-G-    (9)    6 :  0.010 0.005 0.019 0.005 0.004 0.949 0.003 0.005 
338 TMA-ZAIN-G-    (0)    6 :  0.005 0.004 0.006 0.003 0.002 0.974 0.003 0.003 
339 TMA-ZAIN-G-    (0)    6 :  0.015 0.004 0.006 0.002 0.002 0.967 0.002 0.002 
340 TMA-ZAIN-G-    (0)    6 :  0.015 0.004 0.007 0.004 0.003 0.960 0.002 0.004 
341 TMA-ZAIN-G-    (0)    6 :  0.011 0.003 0.006 0.004 0.004 0.965 0.003 0.004 
342 TMA-ZAIN-G-    (0)    6 :  0.030 0.007 0.009 0.005 0.004 0.938 0.003 0.005 
343 TMA-ZAIN-G-    (0)    7 :  0.010 0.003 0.006 0.003 0.003 0.970 0.002 0.003 
344 TMA-ZAIN-G-    (0)    7 :  0.047 0.005 0.020 0.005 0.003 0.910 0.005 0.005 
345 TMA-ZAIN-G-    (0)    7 :  0.042 0.005 0.006 0.003 0.003 0.937 0.003 0.003 
346 TMA-ZAIN-G-    (0)    7 :  0.023 0.004 0.015 0.005 0.003 0.940 0.007 0.004 
347 TMA-ZAIN-G-    (9)    7 :  0.024 0.003 0.012 0.004 0.003 0.948 0.003 0.003 
348 TMA-ZAIN-G-    (0)    7 :  0.031 0.007 0.022 0.004 0.004 0.923 0.004 0.005 
349 TMA-ZAIN-G-    (0)    7 :  0.031 0.004 0.009 0.003 0.003 0.944 0.003 0.004 
350 TMA-ZAIN-G-    (0)    7 :  0.033 0.006 0.140 0.008 0.005 0.797 0.005 0.006 
351 TMA-ZAIN-G-    (0)    7 :  0.037 0.005 0.012 0.004 0.004 0.932 0.003 0.003 
352 TMA-ZAIN-G-    (0)    7 :  0.011 0.007 0.008 0.006 0.006 0.952 0.003 0.007 
353 TMA-ZAIN-G-    (0)    7 :  0.030 0.005 0.028 0.007 0.003 0.916 0.006 0.004 
354 TMA-ZAIN-G-    (0)    7 :  0.013 0.003 0.014 0.006 0.003 0.953 0.004 0.004 
355 TMA-ZAIN-G-    (0)    7 :  0.016 0.003 0.010 0.008 0.004 0.948 0.004 0.007 
356 TMA-ZAIN-G-    (0)    8 :  0.002 0.014 0.010 0.004 0.066 0.003 0.002 0.899 
357 TMA-ZAIN-G-    (0)    8 :  0.003 0.012 0.010 0.141 0.079 0.008 0.362 0.385 
358 TMA-ZAIN-G-    (0)    8 :  0.006 0.023 0.024 0.776 0.072 0.037 0.012 0.050 
359 TMA-ZAIN-G-    (0)    8 :  0.055 0.079 0.046 0.013 0.339 0.008 0.005 0.455 
360 TMA-ZAIN-G-    (0)    8 :  0.004 0.005 0.005 0.014 0.017 0.003 0.003 0.948 
361 TMA-ZAIN-G-    (0)    8 :  0.003 0.009 0.008 0.905 0.015 0.006 0.019 0.036 
362 TMA-ZAIN-G-    (0)    8 :  0.030 0.004 0.007 0.010 0.007 0.005 0.003 0.935 
363 TMA-ZAIN-G-    (0)    9 :  0.011 0.016 0.030 0.682 0.017 0.006 0.065 0.173 
364 TMA-ZAIN-G-    (0)    9 :  0.006 0.022 0.596 0.020 0.017 0.297 0.019 0.023 
365 TMA-ZAIN-G-    (0)    9 :  0.015 0.005 0.038 0.405 0.036 0.199 0.004 0.297 
366 TMA-ZAIN-G-    (0)    9 :  0.009 0.021 0.005 0.051 0.143 0.005 0.004 0.763 
367 TMA-ZAIN-G-    (0)    9 :  0.003 0.059 0.022 0.804 0.005 0.035 0.037 0.034 
368 TMA-ZAIN-G-    (0)    9 :  0.005 0.015 0.006 0.090 0.126 0.005 0.009 0.744 
369 TMA-ZAIN-G-    (0)    9 :  0.003 0.005 0.005 0.926 0.026 0.003 0.021 0.012 
370 TMA-ZAIN-G-    (0)    9 :  0.003 0.004 0.004 0.944 0.009 0.004 0.021 0.011 
371 TMA-ZAIN-G-    (0)    9 :  0.003 0.004 0.004 0.012 0.020 0.004 0.007 0.945 
372 TMA-ZAIN-G-    (0)    9 :  0.004 0.007 0.004 0.382 0.028 0.004 0.005 0.566 
373 TMA-ZAIN-G-    (0)    9 :  0.005 0.005 0.008 0.169 0.006 0.004 0.796 0.005 
374 TMA-ZAIN-G-    (0)   10 :  0.003 0.182 0.119 0.278 0.007 0.240 0.133 0.038 
375 TMA-ZAIN-G-    (0)   10 :  0.015 0.007 0.677 0.188 0.009 0.027 0.057 0.020 
376 TMA-ZAIN-G-    (9)   10 :  0.003 0.003 0.004 0.016 0.004 0.004 0.005 0.961 
377 TMA-ZAIN-G-    (0)   10 :  0.002 0.004 0.003 0.012 0.015 0.002 0.005 0.957 
378 TMA-ZAIN-G-    (0)   10 :  0.002 0.004 0.003 0.017 0.013 0.003 0.007 0.952 
379 TMA-ZAIN-G-    (0)   10 :  0.002 0.023 0.003 0.020 0.011 0.003 0.030 0.907 
380 TMA-ZAIN-G-    (0)   10 :  0.004 0.007 0.005 0.144 0.078 0.003 0.011 0.749 
381 TMA-ZAIN-G-    (9)   10 :  0.011 0.083 0.572 0.058 0.128 0.008 0.016 0.123 
382 TMA-ZAIN-G-    (9)   10 :  0.027 0.008 0.155 0.018 0.003 0.767 0.015 0.006 
383    ZFB01    (0)   11 :  0.008 0.005 0.004 0.007 0.005 0.960 0.003 0.008 
384    ZFB02    (0)   11 :  0.010 0.010 0.006 0.004 0.003 0.960 0.002 0.005 
385    ZFB03    (0)   11 :  0.003 0.006 0.013 0.008 0.003 0.944 0.015 0.007 
386    ZFB04    (0)   11 :  0.019 0.007 0.004 0.006 0.003 0.951 0.002 0.007 
387    ZFB05    (0)   11 :  0.041 0.010 0.044 0.008 0.015 0.864 0.016 0.003 
388    ZFB06    (0)   11 :  0.030 0.006 0.035 0.008 0.014 0.886 0.017 0.003 
389    ZFB07    (9)   11 :  0.012 0.006 0.026 0.015 0.006 0.913 0.007 0.015 
390    ZFB08    (0)   11 :  0.003 0.007 0.008 0.006 0.005 0.961 0.005 0.005 
391    ZFB09    (0)   11 :  0.003 0.004 0.006 0.004 0.003 0.973 0.003 0.004 
392    ZFB10    (0)   11 :  0.011 0.008 0.005 0.019 0.007 0.908 0.003 0.040 
393    ZFB11    (0)   11 :  0.021 0.007 0.004 0.009 0.005 0.929 0.003 0.022 
394    ZFB12    (0)   11 :  0.005 0.003 0.007 0.004 0.003 0.962 0.009 0.006 
395    ZFB13    (0)   11 :  0.003 0.005 0.012 0.007 0.005 0.956 0.004 0.008 
396    ZFB14    (0)   11 :  0.003 0.007 0.006 0.006 0.004 0.961 0.004 0.010 
397    ZFB15    (0)   11 :  0.008 0.003 0.004 0.004 0.002 0.972 0.003 0.003 
398    ZFB16    (0)   11 :  0.006 0.004 0.007 0.006 0.003 0.965 0.003 0.006 
399    ZFB17    (0)   11 :  0.026 0.025 0.025 0.020 0.014 0.870 0.004 0.016 
400    ZFB18    (0)   11 :  0.003 0.005 0.005 0.005 0.004 0.967 0.003 0.007 
401    ZFB19    (0)   11 :  0.005 0.005 0.047 0.039 0.009 0.852 0.006 0.037 
402    ZFB20    (0)   11 :  0.014 0.004 0.005 0.006 0.003 0.961 0.003 0.005 
403    ZFB21    (0)   11 :  0.005 0.004 0.006 0.003 0.002 0.973 0.004 0.003 
404    ZFB22    (0)   11 :  0.041 0.010 0.011 0.019 0.016 0.883 0.004 0.016 
405    ZFB23    (0)   11 :  0.030 0.006 0.005 0.010 0.005 0.919 0.007 0.018 
406    ZFB24    (0)   11 :  0.033 0.006 0.004 0.007 0.004 0.928 0.003 0.013 
407    ZFB25    (0)   11 :  0.012 0.006 0.005 0.042 0.008 0.843 0.005 0.080 
408    ZFB26    (0)   11 :  0.080 0.012 0.007 0.023 0.006 0.819 0.005 0.049 
409    ZFB27    (0)   11 :  0.145 0.004 0.004 0.010 0.004 0.816 0.003 0.014 
410    ZFB28    (0)   11 :  0.029 0.008 0.010 0.008 0.003 0.927 0.008 0.007 
411    ZFB29    (0)   11 :  0.008 0.007 0.005 0.003 0.003 0.965 0.003 0.005 
412    ZFB30    (0)   11 :  0.236 0.004 0.039 0.011 0.014 0.677 0.013 0.006 
413    ZFB31    (0)   11 :  0.009 0.006 0.005 0.024 0.007 0.905 0.005 0.039 
414    ZFB32    (0)   11 :  0.014 0.019 0.019 0.012 0.004 0.905 0.012 0.014 
415    ZFB33    (0)   11 :  0.008 0.004 0.004 0.004 0.003 0.968 0.003 0.006 
416    ZFB34    (0)   11 :  0.003 0.007 0.007 0.005 0.004 0.966 0.004 0.006 
417    ZFB35    (0)   11 :  0.007 0.008 0.006 0.010 0.005 0.949 0.004 0.011 
418  ZFBP101    (0)   12 :  0.003 0.082 0.011 0.714 0.040 0.009 0.017 0.124 
419  ZFBP102    (0)   12 :  0.003 0.015 0.010 0.813 0.010 0.012 0.005 0.131 
420  ZFBP103    (0)   12 :  0.003 0.104 0.007 0.794 0.011 0.007 0.018 0.057 
421  ZFBP104    (0)   12 :  0.003 0.004 0.046 0.732 0.008 0.040 0.010 0.156 
422  ZFBP105    (0)   12 :  0.005 0.006 0.006 0.382 0.007 0.007 0.012 0.575 
423  ZFBP106    (0)   12 :  0.003 0.007 0.004 0.210 0.013 0.003 0.019 0.741 
424  ZFBP107    (0)   12 :  0.016 0.006 0.007 0.709 0.005 0.005 0.014 0.237 
425  ZFBP108    (0)   12 :  0.003 0.003 0.003 0.011 0.004 0.003 0.006 0.966 
426  ZFBP109    (0)   12 :  0.002 0.004 0.003 0.092 0.008 0.003 0.005 0.882 
427  ZFBP110    (0)   12 :  0.003 0.034 0.037 0.463 0.006 0.021 0.094 0.342 
428  ZFBP111    (0)   12 :  0.004 0.005 0.005 0.512 0.122 0.003 0.010 0.340 
429  ZFBP112    (0)   12 :  0.007 0.025 0.006 0.100 0.124 0.005 0.018 0.715 
430  ZFBP113    (0)   12 :  0.004 0.003 0.005 0.020 0.005 0.004 0.004 0.955 
431  ZFBP114    (0)   12 :  0.008 0.007 0.006 0.481 0.010 0.004 0.008 0.478 
432  ZFBP115    (0)   12 :  0.004 0.008 0.005 0.881 0.012 0.003 0.022 0.066 
433  ZFBP116    (0)   12 :  0.005 0.004 0.006 0.083 0.007 0.003 0.007 0.886 
434  ZFBP117    (0)   12 :  0.002 0.006 0.003 0.019 0.007 0.003 0.006 0.954 
435  ZFBP118    (0)   12 :  0.009 0.004 0.007 0.229 0.015 0.003 0.009 0.724 
