

----------------------------------------------------
STRUCTURE by Pritchard, Stephens and Donnelly (2000)
     and Falush, Stephens and Pritchard (2003)
       Code by Pritchard, Falush and Hubisz
             Version 2.3.4 (Jul 2012)
----------------------------------------------------



Command line arguments:   bin\structure -m C:\Users\eschumacher\Documents\GitHub\GCC_QUAC_ZAIN\Data_Files\Structure_Files\ZAIN\ZAIN_rebinned_allpop_str\50-50\mainparams -e C:\Users\eschumacher\Documents\GitHub\GCC_QUAC_ZAIN\Data_Files\Structure_Files\ZAIN\ZAIN_rebinned_allpop_str\50-50\extraparams 
Input File:    C:\Users\eschumacher\Documents\GitHub\GCC_QUAC_ZAIN\Data_Files\Structure_Files\ZAIN\ZAIN_rebinned_allpop_str\project_data

Run parameters:
   1133 individuals
   11 loci
   7 populations assumed
   50000 Burn-in period
   50000 Reps


--------------------------------------------
Proportion of membership of each pre-defined
 population in each of the 7 clusters

Given    Inferred Clusters                                   Number of
 Pop       1      2      3      4      5      6      7      Individuals

  1:     0.172  0.153  0.301  0.096  0.046  0.118  0.114      303
  2:     0.152  0.108  0.277  0.066  0.067  0.121  0.210       15
  3:     0.129  0.043  0.226  0.012  0.016  0.565  0.008        2
  4:     0.130  0.060  0.351  0.068  0.048  0.302  0.043        2
  5:     0.266  0.025  0.199  0.049  0.061  0.376  0.024        7
  6:     0.228  0.665  0.046  0.015  0.011  0.014  0.020       13
  7:     0.006  0.949  0.005  0.017  0.004  0.014  0.005       13
  8:     0.209  0.010  0.577  0.019  0.138  0.021  0.026        7
  9:     0.358  0.020  0.442  0.034  0.047  0.081  0.018       11
 10:     0.073  0.011  0.552  0.117  0.030  0.183  0.033        9
 11:     0.006  0.033  0.009  0.928  0.005  0.012  0.007       35
 12:     0.091  0.005  0.828  0.007  0.029  0.008  0.031       36
 13:     0.045  0.006  0.886  0.006  0.038  0.010  0.010       33
 14:     0.008  0.019  0.009  0.007  0.010  0.005  0.942       40
 15:     0.966  0.003  0.006  0.004  0.006  0.004  0.011       39
 16:     0.023  0.054  0.058  0.183  0.032  0.624  0.026       40
 17:     0.012  0.109  0.013  0.068  0.019  0.744  0.035       37
 18:     0.064  0.003  0.892  0.006  0.023  0.004  0.006       40
 19:     0.009  0.008  0.005  0.928  0.003  0.008  0.038       28
 20:     0.010  0.029  0.014  0.009  0.008  0.018  0.913       14
 21:     0.034  0.909  0.011  0.009  0.006  0.020  0.010       13
 22:     0.927  0.003  0.035  0.006  0.011  0.005  0.014       14
 23:     0.039  0.006  0.879  0.006  0.054  0.006  0.010       25
 24:     0.007  0.005  0.012  0.007  0.956  0.005  0.008       40
 25:     0.049  0.009  0.029  0.022  0.008  0.022  0.861       32
 26:     0.004  0.971  0.006  0.003  0.006  0.005  0.005       20
 27:     0.008  0.007  0.011  0.747  0.007  0.208  0.011        4
 28:     0.010  0.017  0.040  0.885  0.016  0.020  0.012       23
 29:     0.006  0.007  0.006  0.954  0.005  0.015  0.009       39
 30:     0.005  0.915  0.007  0.051  0.005  0.009  0.008       38
 31:     0.823  0.005  0.095  0.005  0.055  0.008  0.008       45
 32:     0.489  0.010  0.444  0.005  0.025  0.011  0.016       28
 33:     0.006  0.008  0.005  0.941  0.005  0.028  0.007        6
 34:     0.020  0.008  0.014  0.026  0.046  0.872  0.013       40
 35:     0.021  0.078  0.011  0.019  0.011  0.848  0.012       42
--------------------------------------------

Allele-freq. divergence among pops (Net nucleotide distance),
computed using point estimates of P.

      1       2       3       4       5       6       7      
 1      -    0.2712  0.0862  0.2097  0.1473  0.1056  0.1163  
 2   0.2712     -    0.2780  0.1433  0.3444  0.1210  0.2100  
 3   0.0862  0.2780     -    0.2131  0.0966  0.1441  0.1614  
 4   0.2097  0.1433  0.2131     -    0.3207  0.0902  0.1425  
 5   0.1473  0.3444  0.0966  0.3207     -    0.2068  0.1768  
 6   0.1056  0.1210  0.1441  0.0902  0.2068     -    0.0988  
 7   0.1163  0.2100  0.1614  0.1425  0.1768  0.0988     -    

Average distances (expected heterozygosity) between individuals in same cluster:
cluster  1  : 0.4262 
cluster  2  : 0.4259 
cluster  3  : 0.4150 
cluster  4  : 0.4820 
cluster  5  : 0.3683 
cluster  6  : 0.5530 
cluster  7  : 0.4381 

--------------------------------------------
Estimated Ln Prob of Data   = -21815.0
Mean value of ln likelihood = -21367.2
Variance of ln likelihood   = 895.7
Mean value of alpha         = 0.0337

Mean value of Fst_1         = 0.3816
Mean value of Fst_2         = 0.4179
Mean value of Fst_3         = 0.2894
Mean value of Fst_4         = 0.3391
Mean value of Fst_5         = 0.4247
Mean value of Fst_6         = 0.1325
Mean value of Fst_7         = 0.4177


Inferred ancestry of individuals:
        Label (%Miss) Pop:  Inferred clusters
  1 TMA-ZAIN-G-    (9)    1 :  0.076 0.006 0.018 0.799 0.016 0.065 0.020 
  2 TMA-ZAIN-G-    (0)    1 :  0.013 0.007 0.188 0.735 0.005 0.030 0.022 
  3 TMA-ZAIN-G-    (0)    1 :  0.251 0.004 0.503 0.011 0.208 0.011 0.014 
  4 TMA-ZAIN-G-    (0)    1 :  0.037 0.010 0.123 0.020 0.057 0.011 0.742 
  5 TMA-ZAIN-G-    (0)    1 :  0.002 0.005 0.003 0.978 0.002 0.004 0.005 
  6 TMA-ZAIN-G-    (0)    1 :  0.192 0.041 0.209 0.090 0.223 0.169 0.075 
  7 TMA-ZAIN-G-    (0)    1 :  0.265 0.007 0.663 0.013 0.010 0.015 0.027 
  8 TMA-ZAIN-G-    (0)    1 :  0.695 0.003 0.203 0.010 0.063 0.006 0.021 
  9 TMA-ZAIN-G-    (9)    1 :  0.101 0.005 0.801 0.010 0.065 0.012 0.006 
 10 TMA-ZAIN-G-    (0)    1 :  0.161 0.005 0.762 0.003 0.046 0.011 0.012 
 11 TMA-ZAIN-G-    (0)    1 :  0.143 0.006 0.824 0.006 0.006 0.009 0.007 
 12 TMA-ZAIN-G-    (0)    1 :  0.020 0.003 0.957 0.005 0.006 0.005 0.005 
 13 TMA-ZAIN-G-    (9)    1 :  0.390 0.093 0.398 0.052 0.017 0.029 0.020 
 14 TMA-ZAIN-G-    (9)    1 :  0.966 0.005 0.007 0.004 0.006 0.006 0.007 
 15 TMA-ZAIN-G-    (0)    1 :  0.970 0.003 0.006 0.003 0.007 0.006 0.005 
 16 TMA-ZAIN-G-    (0)    1 :  0.010 0.004 0.968 0.004 0.005 0.005 0.004 
 17 TMA-ZAIN-G-    (9)    1 :  0.848 0.021 0.019 0.017 0.006 0.053 0.036 
 18 TMA-ZAIN-G-    (0)    1 :  0.017 0.006 0.010 0.745 0.009 0.161 0.052 
 19 TMA-ZAIN-G-    (0)    1 :  0.025 0.009 0.015 0.013 0.005 0.927 0.006 
 20 TMA-ZAIN-G-    (0)    1 :  0.003 0.092 0.003 0.037 0.003 0.842 0.019 
 21 TMA-ZAIN-G-    (0)    1 :  0.003 0.974 0.004 0.003 0.006 0.004 0.005 
 22 TMA-ZAIN-G-    (0)    1 :  0.003 0.920 0.003 0.052 0.002 0.012 0.007 
 23 TMA-ZAIN-G-    (0)    1 :  0.008 0.919 0.007 0.021 0.003 0.037 0.005 
 24 TMA-ZAIN-G-    (9)    1 :  0.021 0.708 0.043 0.008 0.210 0.004 0.006 
 25 TMA-ZAIN-G-    (9)    1 :  0.007 0.011 0.048 0.095 0.005 0.831 0.004 
 26 TMA-ZAIN-G-    (9)    1 :  0.093 0.035 0.320 0.009 0.008 0.014 0.522 
 27 TMA-ZAIN-G-    (0)    1 :  0.043 0.012 0.007 0.061 0.008 0.850 0.019 
 28 TMA-ZAIN-G-    (0)    1 :  0.012 0.004 0.008 0.011 0.008 0.949 0.008 
 29 TMA-ZAIN-G-    (0)    1 :  0.006 0.004 0.004 0.003 0.730 0.240 0.013 
 30 TMA-ZAIN-G-    (0)    1 :  0.324 0.005 0.189 0.004 0.081 0.390 0.007 
 31 TMA-ZAIN-G-    (0)    1 :  0.005 0.013 0.006 0.915 0.005 0.010 0.046 
 32 TMA-ZAIN-G-    (9)    1 :  0.030 0.014 0.063 0.861 0.004 0.022 0.005 
 33 TMA-ZAIN-G-   (18)    1 :  0.155 0.003 0.807 0.006 0.020 0.006 0.004 
 34 TMA-ZAIN-G-    (0)    1 :  0.009 0.023 0.734 0.206 0.009 0.012 0.008 
 35 TMA-ZAIN-G-    (9)    1 :  0.133 0.004 0.748 0.018 0.069 0.017 0.010 
 36 TMA-ZAIN-G-    (0)    1 :  0.353 0.003 0.607 0.004 0.011 0.006 0.017 
 37 TMA-ZAIN-G-    (9)    1 :  0.042 0.007 0.898 0.008 0.016 0.014 0.015 
 38 TMA-ZAIN-G-   (18)    1 :  0.046 0.011 0.042 0.853 0.007 0.034 0.006 
 39 TMA-ZAIN-G-    (0)    1 :  0.009 0.005 0.960 0.003 0.009 0.005 0.008 
 40 TMA-ZAIN-G-    (0)    1 :  0.023 0.004 0.955 0.003 0.007 0.004 0.005 
 41 TMA-ZAIN-G-    (0)    1 :  0.634 0.003 0.342 0.003 0.008 0.006 0.005 
 42 TMA-ZAIN-G-    (9)    1 :  0.971 0.002 0.009 0.003 0.006 0.004 0.006 
 43 TMA-ZAIN-G-    (0)    1 :  0.967 0.003 0.005 0.004 0.010 0.004 0.007 
 44 TMA-ZAIN-G-    (0)    1 :  0.011 0.840 0.109 0.005 0.019 0.012 0.005 
 45 TMA-ZAIN-G-    (0)    1 :  0.099 0.006 0.866 0.006 0.006 0.009 0.009 
 46 TMA-ZAIN-G-    (0)    1 :  0.003 0.977 0.003 0.003 0.003 0.004 0.006 
 47 TMA-ZAIN-G-    (0)    1 :  0.004 0.003 0.004 0.004 0.004 0.004 0.976 
 48 TMA-ZAIN-G-    (0)    1 :  0.224 0.028 0.065 0.006 0.017 0.022 0.639 
 49 TMA-ZAIN-G-    (9)    1 :  0.006 0.006 0.020 0.022 0.045 0.891 0.010 
 50 TMA-ZAIN-G-    (0)    1 :  0.025 0.006 0.013 0.006 0.003 0.944 0.003 
 51 TMA-ZAIN-G-    (0)    1 :  0.051 0.009 0.008 0.006 0.006 0.894 0.025 
 52 TMA-ZAIN-G-    (0)    1 :  0.012 0.013 0.014 0.006 0.003 0.845 0.107 
 53 TMA-ZAIN-G-    (0)    1 :  0.025 0.010 0.013 0.121 0.005 0.647 0.179 
 54 TMA-ZAIN-G-    (0)    1 :  0.013 0.005 0.006 0.005 0.004 0.010 0.957 
 55 TMA-ZAIN-G-    (0)    1 :  0.043 0.008 0.008 0.005 0.003 0.029 0.905 
 56 TMA-ZAIN-G-    (0)    1 :  0.101 0.009 0.060 0.008 0.046 0.115 0.660 
 57 TMA-ZAIN-G-    (0)    1 :  0.005 0.004 0.009 0.007 0.010 0.015 0.950 
 58 TMA-ZAIN-G-    (0)    1 :  0.012 0.077 0.007 0.029 0.006 0.840 0.028 
 59 TMA-ZAIN-G-    (0)    1 :  0.046 0.032 0.117 0.663 0.039 0.047 0.056 
 60 TMA-ZAIN-G-    (0)    1 :  0.086 0.009 0.016 0.377 0.008 0.466 0.038 
 61 TMA-ZAIN-G-    (0)    1 :  0.003 0.021 0.003 0.943 0.003 0.008 0.017 
 62 TMA-ZAIN-G-    (9)    1 :  0.019 0.028 0.041 0.839 0.013 0.048 0.012 
 63 TMA-ZAIN-G-    (0)    1 :  0.006 0.008 0.005 0.956 0.003 0.011 0.013 
 64 TMA-ZAIN-G-    (0)    1 :  0.006 0.002 0.007 0.002 0.977 0.003 0.003 
 65 TMA-ZAIN-G-    (9)    1 :  0.006 0.002 0.011 0.003 0.967 0.004 0.006 
 66 TMA-ZAIN-G-    (0)    1 :  0.008 0.003 0.015 0.003 0.964 0.004 0.004 
 67 TMA-ZAIN-G-    (0)    1 :  0.006 0.013 0.057 0.004 0.904 0.010 0.005 
 68 TMA-ZAIN-G-    (0)    1 :  0.007 0.002 0.005 0.002 0.976 0.003 0.005 
 69 TMA-ZAIN-G-    (0)    1 :  0.012 0.028 0.064 0.021 0.841 0.019 0.014 
 70 TMA-ZAIN-G-    (0)    1 :  0.012 0.005 0.870 0.004 0.099 0.007 0.004 
 71 TMA-ZAIN-G-    (0)    1 :  0.004 0.003 0.977 0.003 0.006 0.004 0.003 
 72 TMA-ZAIN-G-    (0)    1 :  0.049 0.005 0.859 0.004 0.063 0.008 0.011 
 73 TMA-ZAIN-G-    (0)    1 :  0.007 0.037 0.871 0.025 0.007 0.036 0.017 
 74 TMA-ZAIN-G-    (0)    1 :  0.007 0.013 0.935 0.011 0.011 0.017 0.006 
 75 TMA-ZAIN-G-    (0)    1 :  0.010 0.004 0.957 0.005 0.006 0.008 0.010 
 76 TMA-ZAIN-G-    (0)    1 :  0.004 0.054 0.896 0.007 0.011 0.024 0.004 
 77 TMA-ZAIN-G-    (0)    1 :  0.017 0.009 0.944 0.003 0.008 0.009 0.009 
 78 TMA-ZAIN-G-    (0)    1 :  0.009 0.052 0.869 0.011 0.008 0.036 0.014 
 79 TMA-ZAIN-G-    (0)    1 :  0.021 0.028 0.909 0.005 0.006 0.014 0.017 
 80 TMA-ZAIN-G-    (0)    1 :  0.007 0.005 0.945 0.003 0.025 0.004 0.010 
 81 TMA-ZAIN-G-    (0)    1 :  0.011 0.009 0.952 0.004 0.005 0.010 0.009 
 82 TMA-ZAIN-G-    (0)    1 :  0.010 0.003 0.776 0.006 0.183 0.007 0.015 
 83 TMA-ZAIN-G-    (9)    1 :  0.012 0.034 0.687 0.077 0.143 0.025 0.022 
 84 TMA-ZAIN-G-    (0)    1 :  0.008 0.038 0.925 0.005 0.006 0.013 0.006 
 85 TMA-ZAIN-G-    (0)    1 :  0.009 0.024 0.010 0.023 0.006 0.140 0.789 
 86 TMA-ZAIN-G-    (0)    1 :  0.012 0.040 0.021 0.009 0.010 0.025 0.883 
 87 TMA-ZAIN-G-    (0)    1 :  0.007 0.189 0.013 0.039 0.005 0.058 0.688 
 88 TMA-ZAIN-G-    (0)    1 :  0.031 0.011 0.112 0.171 0.046 0.011 0.618 
 89 TMA-ZAIN-G-    (0)    1 :  0.021 0.019 0.033 0.019 0.019 0.005 0.884 
 90 TMA-ZAIN-G-    (0)    1 :  0.006 0.007 0.008 0.008 0.006 0.012 0.953 
 91 TMA-ZAIN-G-    (0)    1 :  0.010 0.007 0.008 0.019 0.007 0.011 0.938 
 92 TMA-ZAIN-G-    (0)    1 :  0.009 0.017 0.006 0.006 0.005 0.021 0.936 
 93 TMA-ZAIN-G-    (0)    1 :  0.008 0.010 0.006 0.018 0.006 0.021 0.932 
 94 TMA-ZAIN-G-    (0)    1 :  0.005 0.010 0.004 0.038 0.003 0.015 0.925 
 95 TMA-ZAIN-G-    (0)    1 :  0.032 0.008 0.016 0.010 0.021 0.908 0.005 
 96 TMA-ZAIN-G-    (0)    1 :  0.057 0.004 0.010 0.004 0.005 0.912 0.008 
 97 TMA-ZAIN-G-    (0)    1 :  0.005 0.007 0.007 0.954 0.006 0.011 0.010 
 98 TMA-ZAIN-G-    (0)    1 :  0.004 0.004 0.006 0.968 0.004 0.004 0.010 
 99 TMA-ZAIN-G-    (0)    1 :  0.024 0.017 0.087 0.834 0.027 0.007 0.004 
100 TMA-ZAIN-G-    (0)    1 :  0.005 0.018 0.005 0.926 0.004 0.017 0.026 
101 TMA-ZAIN-G-    (0)    1 :  0.005 0.005 0.011 0.959 0.005 0.007 0.008 
102 TMA-ZAIN-G-    (0)    1 :  0.046 0.171 0.052 0.643 0.012 0.063 0.012 
103 TMA-ZAIN-G-    (0)    1 :  0.010 0.013 0.015 0.917 0.005 0.031 0.009 
104 TMA-ZAIN-G-    (0)    1 :  0.004 0.006 0.004 0.973 0.002 0.006 0.004 
105 TMA-ZAIN-G-    (0)    1 :  0.012 0.008 0.017 0.928 0.006 0.020 0.010 
106 TMA-ZAIN-G-    (0)    1 :  0.676 0.003 0.262 0.003 0.044 0.005 0.006 
107 TMA-ZAIN-G-    (0)    1 :  0.012 0.003 0.964 0.004 0.008 0.004 0.005 
108 TMA-ZAIN-G-    (9)    1 :  0.206 0.053 0.254 0.397 0.013 0.056 0.021 
109 TMA-ZAIN-G-    (0)    1 :  0.190 0.005 0.087 0.367 0.254 0.044 0.053 
110 TMA-ZAIN-G-    (0)    1 :  0.183 0.148 0.427 0.082 0.011 0.120 0.030 
111 TMA-ZAIN-G-    (9)    1 :  0.012 0.082 0.118 0.671 0.022 0.062 0.032 
112 TMA-ZAIN-G-    (0)    1 :  0.268 0.044 0.170 0.301 0.026 0.162 0.029 
113 TMA-ZAIN-G-    (0)    1 :  0.006 0.008 0.017 0.940 0.010 0.005 0.014 
114 TMA-ZAIN-G-    (0)    1 :  0.003 0.010 0.003 0.971 0.003 0.006 0.005 
115 TMA-ZAIN-G-    (0)    1 :  0.003 0.005 0.004 0.977 0.003 0.005 0.003 
116 TMA-ZAIN-G-    (0)    1 :  0.007 0.003 0.945 0.007 0.020 0.004 0.013 
117 TMA-ZAIN-G-    (0)    1 :  0.345 0.004 0.283 0.011 0.264 0.021 0.071 
118 TMA-ZAIN-G-    (0)    1 :  0.017 0.003 0.918 0.007 0.038 0.007 0.010 
119 TMA-ZAIN-G-    (0)    1 :  0.008 0.007 0.898 0.018 0.047 0.010 0.012 
120 TMA-ZAIN-G-    (0)    1 :  0.039 0.004 0.877 0.011 0.043 0.012 0.015 
121 TMA-ZAIN-G-    (0)    1 :  0.074 0.003 0.565 0.025 0.285 0.013 0.035 
122 TMA-ZAIN-G-    (0)    1 :  0.043 0.007 0.854 0.005 0.044 0.016 0.031 
123 TMA-ZAIN-G-    (0)    1 :  0.007 0.008 0.005 0.960 0.004 0.012 0.006 
124 TMA-ZAIN-G-    (0)    1 :  0.965 0.003 0.012 0.005 0.005 0.005 0.004 
125 TMA-ZAIN-G-    (0)    1 :  0.897 0.002 0.011 0.002 0.040 0.005 0.043 
126 TMA-ZAIN-G-    (0)    1 :  0.964 0.003 0.011 0.004 0.005 0.004 0.009 
127 TMA-ZAIN-G-    (0)    1 :  0.967 0.003 0.013 0.003 0.007 0.004 0.004 
128 TMA-ZAIN-G-    (0)    1 :  0.908 0.003 0.022 0.005 0.049 0.006 0.007 
129 TMA-ZAIN-G-    (0)    1 :  0.960 0.003 0.015 0.006 0.006 0.004 0.005 
130 TMA-ZAIN-G-    (0)    1 :  0.939 0.002 0.013 0.007 0.010 0.005 0.024 
131 TMA-ZAIN-G-    (0)    1 :  0.969 0.003 0.009 0.004 0.005 0.006 0.005 
132 TMA-ZAIN-G-    (0)    1 :  0.793 0.003 0.060 0.004 0.097 0.006 0.037 
133 TMA-ZAIN-G-    (0)    1 :  0.755 0.015 0.082 0.003 0.088 0.017 0.040 
134 TMA-ZAIN-G-    (0)    1 :  0.856 0.009 0.051 0.003 0.051 0.006 0.023 
135 TMA-ZAIN-G-    (0)    1 :  0.046 0.004 0.908 0.004 0.022 0.004 0.012 
136 TMA-ZAIN-G-    (0)    1 :  0.039 0.005 0.189 0.009 0.739 0.006 0.014 
137 TMA-ZAIN-G-    (0)    1 :  0.016 0.004 0.958 0.006 0.006 0.005 0.005 
138 TMA-ZAIN-G-    (0)    1 :  0.371 0.002 0.585 0.005 0.015 0.003 0.018 
139 TMA-ZAIN-G-    (0)    1 :  0.088 0.003 0.825 0.005 0.016 0.003 0.060 
140 TMA-ZAIN-G-    (0)    1 :  0.021 0.004 0.953 0.003 0.009 0.006 0.004 
141 TMA-ZAIN-G-    (0)    1 :  0.061 0.003 0.910 0.006 0.008 0.006 0.007 
142 TMA-ZAIN-G-    (9)    1 :  0.016 0.003 0.954 0.004 0.013 0.004 0.005 
143 TMA-ZAIN-G-    (0)    1 :  0.061 0.003 0.904 0.004 0.016 0.005 0.006 
144 TMA-ZAIN-G-    (0)    1 :  0.038 0.005 0.915 0.004 0.007 0.010 0.021 
145 TMA-ZAIN-G-    (0)    1 :  0.021 0.002 0.699 0.003 0.256 0.005 0.012 
146 TMA-ZAIN-G-    (0)    1 :  0.007 0.003 0.974 0.003 0.006 0.003 0.004 
147 TMA-ZAIN-G-    (9)    1 :  0.008 0.004 0.969 0.003 0.009 0.003 0.005 
148 TMA-ZAIN-G-    (0)    1 :  0.081 0.003 0.877 0.003 0.005 0.004 0.027 
149 TMA-ZAIN-G-    (0)    1 :  0.052 0.021 0.793 0.030 0.006 0.015 0.083 
150 TMA-ZAIN-G-    (0)    1 :  0.018 0.017 0.800 0.028 0.045 0.012 0.079 
151 TMA-ZAIN-G-    (0)    1 :  0.028 0.002 0.944 0.004 0.013 0.004 0.005 
152 TMA-ZAIN-G-    (0)    1 :  0.011 0.002 0.965 0.005 0.008 0.004 0.006 
153 TMA-ZAIN-G-    (0)    1 :  0.053 0.003 0.912 0.004 0.015 0.003 0.010 
154 TMA-ZAIN-G-    (0)    1 :  0.008 0.002 0.968 0.004 0.007 0.004 0.007 
155 TMA-ZAIN-G-    (0)    1 :  0.013 0.003 0.962 0.006 0.010 0.004 0.003 
156 TMA-ZAIN-G-    (9)    1 :  0.108 0.003 0.858 0.010 0.005 0.004 0.012 
157 TMA-ZAIN-G-    (0)    1 :  0.176 0.003 0.791 0.006 0.012 0.004 0.007 
158 TMA-ZAIN-G-    (0)    1 :  0.007 0.003 0.972 0.003 0.005 0.005 0.005 
159 TMA-ZAIN-G-    (0)    1 :  0.006 0.002 0.970 0.004 0.010 0.003 0.004 
160 TMA-ZAIN-G-    (0)    1 :  0.005 0.002 0.966 0.005 0.014 0.003 0.005 
161 TMA-ZAIN-G-    (0)    1 :  0.037 0.002 0.931 0.003 0.006 0.006 0.014 
162 TMA-ZAIN-G-    (0)    1 :  0.007 0.015 0.907 0.035 0.008 0.010 0.019 
163 TMA-ZAIN-G-    (0)    1 :  0.005 0.002 0.977 0.004 0.005 0.003 0.004 
164 TMA-ZAIN-G-    (0)    1 :  0.007 0.003 0.963 0.005 0.009 0.004 0.008 
165 TMA-ZAIN-G-    (0)    1 :  0.007 0.002 0.971 0.005 0.007 0.003 0.004 
166 TMA-ZAIN-G-    (0)    1 :  0.011 0.002 0.966 0.004 0.008 0.003 0.006 
167 TMA-ZAIN-G-    (0)    1 :  0.023 0.005 0.948 0.006 0.005 0.007 0.006 
168 TMA-ZAIN-G-    (0)    1 :  0.022 0.003 0.926 0.006 0.032 0.005 0.006 
169 TMA-ZAIN-G-    (0)    1 :  0.010 0.003 0.690 0.004 0.281 0.004 0.007 
170 TMA-ZAIN-G-    (0)    1 :  0.140 0.011 0.782 0.017 0.024 0.022 0.005 
171 TMA-ZAIN-G-    (0)    1 :  0.006 0.003 0.933 0.004 0.046 0.003 0.004 
172 TMA-ZAIN-G-    (0)    1 :  0.666 0.004 0.309 0.004 0.007 0.006 0.004 
173 TMA-ZAIN-G-    (0)    1 :  0.823 0.004 0.149 0.003 0.008 0.008 0.005 
174 TMA-ZAIN-G-    (0)    1 :  0.116 0.002 0.793 0.003 0.073 0.004 0.007 
175 TMA-ZAIN-G-    (0)    1 :  0.007 0.003 0.966 0.004 0.011 0.004 0.005 
176 TMA-ZAIN-G-    (0)    1 :  0.009 0.003 0.970 0.004 0.006 0.003 0.004 
177 TMA-ZAIN-G-    (0)    1 :  0.031 0.003 0.951 0.004 0.004 0.004 0.004 
178 TMA-ZAIN-G-    (0)    1 :  0.487 0.004 0.486 0.005 0.006 0.007 0.005 
179 TMA-ZAIN-G-    (0)    1 :  0.080 0.003 0.895 0.003 0.009 0.005 0.005 
180 TMA-ZAIN-G-    (0)    1 :  0.805 0.008 0.051 0.005 0.105 0.008 0.017 
181 TMA-ZAIN-G-    (0)    1 :  0.963 0.002 0.016 0.004 0.006 0.003 0.005 
182 TMA-ZAIN-G-    (0)    1 :  0.968 0.003 0.011 0.006 0.003 0.004 0.005 
183 TMA-ZAIN-G-    (0)    1 :  0.970 0.003 0.010 0.004 0.006 0.004 0.003 
184 TMA-ZAIN-G-    (0)    1 :  0.816 0.020 0.058 0.049 0.010 0.017 0.030 
185 TMA-ZAIN-G-    (0)    1 :  0.776 0.040 0.068 0.019 0.012 0.043 0.043 
186 TMA-ZAIN-G-    (9)    1 :  0.892 0.006 0.062 0.003 0.013 0.017 0.007 
187 TMA-ZAIN-G-    (0)    1 :  0.886 0.003 0.081 0.004 0.018 0.005 0.003 
188 TMA-ZAIN-G-    (0)    1 :  0.883 0.003 0.082 0.003 0.021 0.005 0.004 
189 TMA-ZAIN-G-    (0)    1 :  0.967 0.003 0.010 0.002 0.012 0.003 0.003 
190 TMA-ZAIN-G-    (0)    1 :  0.891 0.003 0.063 0.003 0.027 0.008 0.005 
191 TMA-ZAIN-G-    (0)    1 :  0.857 0.035 0.050 0.019 0.008 0.016 0.016 
192 TMA-ZAIN-G-    (0)    1 :  0.951 0.011 0.017 0.004 0.005 0.005 0.007 
193 TMA-ZAIN-G-    (0)    1 :  0.975 0.003 0.004 0.003 0.005 0.004 0.007 
194 TMA-ZAIN-G-    (0)    1 :  0.969 0.003 0.004 0.003 0.005 0.005 0.010 
195 TMA-ZAIN-G-    (0)    1 :  0.961 0.003 0.012 0.003 0.011 0.006 0.006 
196 TMA-ZAIN-G-    (0)    1 :  0.973 0.003 0.005 0.003 0.008 0.004 0.005 
197 TMA-ZAIN-G-    (0)    1 :  0.965 0.003 0.006 0.003 0.008 0.004 0.010 
198 TMA-ZAIN-G-    (0)    1 :  0.971 0.003 0.007 0.003 0.007 0.004 0.005 
199 TMA-ZAIN-G-    (0)    1 :  0.925 0.005 0.043 0.004 0.007 0.010 0.007 
200 TMA-ZAIN-G-    (0)    1 :  0.013 0.919 0.003 0.017 0.003 0.040 0.004 
201 TMA-ZAIN-G-    (0)    1 :  0.003 0.966 0.004 0.006 0.005 0.013 0.004 
202 TMA-ZAIN-G-    (0)    1 :  0.020 0.942 0.005 0.013 0.003 0.014 0.002 
203 TMA-ZAIN-G-    (0)    1 :  0.969 0.003 0.007 0.007 0.004 0.004 0.006 
204 TMA-ZAIN-G-    (9)    1 :  0.007 0.915 0.009 0.004 0.011 0.014 0.039 
205 TMA-ZAIN-G-    (0)    1 :  0.008 0.804 0.126 0.007 0.009 0.031 0.015 
206 TMA-ZAIN-G-    (9)    1 :  0.046 0.857 0.015 0.014 0.014 0.031 0.023 
207 TMA-ZAIN-G-    (9)    1 :  0.022 0.012 0.656 0.013 0.111 0.078 0.108 
208 TMA-ZAIN-G-    (0)    1 :  0.009 0.003 0.933 0.003 0.044 0.005 0.004 
209 TMA-ZAIN-G-    (0)    1 :  0.833 0.003 0.106 0.003 0.014 0.004 0.037 
210 TMA-ZAIN-G-    (0)    1 :  0.773 0.003 0.133 0.004 0.068 0.006 0.014 
211 TMA-ZAIN-G-    (0)    1 :  0.682 0.025 0.217 0.010 0.028 0.027 0.011 
212 TMA-ZAIN-G-    (0)    1 :  0.385 0.005 0.558 0.004 0.027 0.008 0.013 
213 TMA-ZAIN-G-    (0)    1 :  0.302 0.004 0.665 0.004 0.009 0.005 0.011 
214 TMA-ZAIN-G-    (0)    1 :  0.458 0.004 0.453 0.003 0.068 0.004 0.009 
215 TMA-ZAIN-G-    (0)    1 :  0.051 0.010 0.664 0.003 0.006 0.263 0.003 
216 TMA-ZAIN-G-    (0)    1 :  0.877 0.005 0.092 0.003 0.007 0.008 0.008 
217 TMA-ZAIN-G-    (0)    1 :  0.480 0.003 0.335 0.003 0.167 0.004 0.008 
218 TMA-ZAIN-G-    (0)    1 :  0.006 0.004 0.006 0.006 0.010 0.964 0.004 
219 TMA-ZAIN-G-    (0)    1 :  0.005 0.012 0.004 0.005 0.004 0.962 0.009 
220 TMA-ZAIN-G-    (0)    1 :  0.007 0.004 0.022 0.064 0.014 0.879 0.010 
221 TMA-ZAIN-G-    (0)    1 :  0.019 0.020 0.011 0.005 0.008 0.929 0.008 
222 TMA-ZAIN-G-    (0)    1 :  0.008 0.010 0.014 0.032 0.014 0.904 0.019 
223 TMA-ZAIN-G-    (0)    1 :  0.003 0.010 0.004 0.008 0.003 0.966 0.006 
224 TMA-ZAIN-G-    (0)    1 :  0.015 0.017 0.006 0.014 0.004 0.929 0.015 
225 TMA-ZAIN-G-    (0)    1 :  0.007 0.009 0.004 0.010 0.002 0.964 0.005 
226 TMA-ZAIN-G-    (0)    1 :  0.009 0.008 0.006 0.014 0.005 0.952 0.006 
227 TMA-ZAIN-G-    (0)    1 :  0.014 0.022 0.008 0.013 0.004 0.935 0.005 
228 TMA-ZAIN-G-    (0)    1 :  0.008 0.013 0.017 0.017 0.008 0.930 0.007 
229 TMA-ZAIN-G-    (0)    1 :  0.003 0.061 0.003 0.027 0.010 0.888 0.008 
230 TMA-ZAIN-G-    (0)    1 :  0.059 0.008 0.030 0.037 0.021 0.790 0.055 
231 TMA-ZAIN-G-    (0)    1 :  0.016 0.545 0.074 0.167 0.014 0.149 0.036 
232 TMA-ZAIN-G-    (9)    1 :  0.040 0.506 0.026 0.286 0.057 0.071 0.013 
233 TMA-ZAIN-G-    (0)    1 :  0.010 0.022 0.014 0.005 0.036 0.897 0.016 
234 TMA-ZAIN-G-    (0)    1 :  0.006 0.053 0.009 0.304 0.006 0.601 0.021 
235 TMA-ZAIN-G-    (0)    1 :  0.045 0.021 0.026 0.108 0.005 0.784 0.012 
236 TMA-ZAIN-G-    (0)    1 :  0.016 0.060 0.013 0.067 0.006 0.831 0.007 
237 TMA-ZAIN-G-    (0)    1 :  0.046 0.015 0.170 0.224 0.025 0.491 0.027 
238 TMA-ZAIN-G-    (0)    1 :  0.017 0.031 0.030 0.058 0.005 0.853 0.006 
239 TMA-ZAIN-G-    (0)    1 :  0.132 0.766 0.005 0.005 0.027 0.005 0.059 
240 TMA-ZAIN-G-    (0)    1 :  0.003 0.976 0.003 0.004 0.003 0.004 0.006 
241 TMA-ZAIN-G-    (0)    1 :  0.004 0.970 0.009 0.004 0.005 0.004 0.005 
242 TMA-ZAIN-G-    (0)    1 :  0.003 0.973 0.006 0.003 0.006 0.004 0.004 
243 TMA-ZAIN-G-    (0)    1 :  0.005 0.962 0.012 0.003 0.008 0.004 0.005 
244 TMA-ZAIN-G-    (0)    1 :  0.005 0.957 0.016 0.004 0.010 0.004 0.004 
245 TMA-ZAIN-G-    (9)    1 :  0.003 0.981 0.003 0.004 0.002 0.003 0.003 
246 TMA-ZAIN-G-    (0)    1 :  0.003 0.981 0.003 0.002 0.003 0.004 0.004 
247 TMA-ZAIN-G-    (0)    1 :  0.003 0.977 0.004 0.002 0.005 0.004 0.004 
248 TMA-ZAIN-G-    (0)    1 :  0.007 0.966 0.007 0.004 0.005 0.007 0.004 
249 TMA-ZAIN-G-    (0)    1 :  0.005 0.977 0.004 0.003 0.003 0.005 0.003 
250 TMA-ZAIN-G-    (0)    1 :  0.005 0.976 0.003 0.003 0.005 0.005 0.003 
251 TMA-ZAIN-G-    (0)    1 :  0.005 0.003 0.004 0.005 0.004 0.005 0.974 
252 TMA-ZAIN-G-    (0)    1 :  0.008 0.003 0.051 0.003 0.050 0.008 0.876 
253 TMA-ZAIN-G-    (0)    1 :  0.005 0.004 0.006 0.006 0.006 0.003 0.971 
254 TMA-ZAIN-G-    (9)    1 :  0.007 0.003 0.016 0.008 0.013 0.005 0.948 
255 TMA-ZAIN-G-    (0)    1 :  0.005 0.016 0.005 0.011 0.007 0.003 0.952 
256 TMA-ZAIN-G-    (0)    1 :  0.010 0.007 0.007 0.006 0.005 0.004 0.962 
257 TMA-ZAIN-G-    (0)    1 :  0.006 0.004 0.003 0.004 0.003 0.004 0.977 
258 TMA-ZAIN-G-    (0)    1 :  0.004 0.003 0.003 0.003 0.005 0.003 0.979 
259 TMA-ZAIN-G-    (0)    1 :  0.004 0.004 0.003 0.003 0.005 0.004 0.976 
260 TMA-ZAIN-G-    (0)    1 :  0.005 0.004 0.004 0.003 0.008 0.004 0.972 
261 TMA-ZAIN-G-   (18)    1 :  0.007 0.004 0.005 0.005 0.010 0.006 0.963 
262 TMA-ZAIN-G-    (0)    1 :  0.005 0.003 0.003 0.004 0.003 0.004 0.978 
263 TMA-ZAIN-G-    (0)    1 :  0.004 0.004 0.004 0.006 0.004 0.003 0.976 
264 TMA-ZAIN-G-    (0)    1 :  0.005 0.003 0.005 0.008 0.004 0.004 0.972 
265 TMA-ZAIN-G-    (0)    1 :  0.020 0.017 0.026 0.014 0.035 0.190 0.698 
266 TMA-ZAIN-G-    (0)    1 :  0.155 0.010 0.035 0.018 0.028 0.032 0.723 
267 TMA-ZAIN-G-    (0)    1 :  0.010 0.291 0.014 0.023 0.015 0.058 0.591 
268 TMA-ZAIN-G-    (0)    1 :  0.003 0.898 0.004 0.078 0.004 0.007 0.006 
269 TMA-ZAIN-G-    (0)    1 :  0.006 0.695 0.006 0.254 0.005 0.025 0.009 
270 TMA-ZAIN-G-    (0)    1 :  0.005 0.871 0.006 0.075 0.004 0.026 0.013 
271 TMA-ZAIN-G-    (0)    1 :  0.003 0.946 0.006 0.028 0.003 0.008 0.007 
272 TMA-ZAIN-G-    (0)    1 :  0.004 0.913 0.005 0.029 0.003 0.039 0.005 
273 TMA-ZAIN-G-    (0)    1 :  0.003 0.958 0.003 0.017 0.002 0.013 0.004 
274 TMA-ZAIN-G-    (0)    1 :  0.036 0.878 0.013 0.033 0.010 0.019 0.010 
275 TMA-ZAIN-G-    (0)    1 :  0.004 0.974 0.003 0.006 0.002 0.007 0.003 
276 TMA-ZAIN-G-    (0)    1 :  0.003 0.976 0.004 0.007 0.003 0.004 0.003 
277 TMA-ZAIN-G-    (0)    1 :  0.004 0.965 0.005 0.009 0.005 0.006 0.006 
278 TMA-ZAIN-G-    (0)    1 :  0.003 0.976 0.003 0.005 0.003 0.006 0.005 
279 TMA-ZAIN-G-    (0)    1 :  0.006 0.956 0.004 0.011 0.003 0.015 0.004 
280 TMA-ZAIN-G-    (0)    1 :  0.010 0.841 0.006 0.084 0.002 0.052 0.005 
281 TMA-ZAIN-G-    (0)    1 :  0.006 0.934 0.005 0.036 0.003 0.012 0.005 
282 TMA-ZAIN-G-    (9)    1 :  0.003 0.968 0.003 0.012 0.003 0.007 0.005 
283 TMA-ZAIN-G-    (0)    1 :  0.009 0.645 0.014 0.092 0.008 0.080 0.153 
284 TMA-ZAIN-G-    (0)    1 :  0.012 0.456 0.015 0.189 0.004 0.150 0.175 
285 TMA-ZAIN-G-    (0)    1 :  0.024 0.831 0.021 0.040 0.029 0.023 0.033 
286 TMA-ZAIN-G-    (0)    1 :  0.003 0.939 0.003 0.031 0.003 0.011 0.009 
287 TMA-ZAIN-G-    (0)    1 :  0.012 0.930 0.006 0.029 0.009 0.008 0.006 
288 TMA-ZAIN-G-    (0)    1 :  0.063 0.603 0.024 0.112 0.013 0.171 0.014 
289 TMA-ZAIN-G-    (0)    1 :  0.022 0.903 0.012 0.023 0.015 0.014 0.010 
290 TMA-ZAIN-G-    (0)    1 :  0.012 0.443 0.008 0.455 0.003 0.070 0.009 
291 TMA-ZAIN-G-    (0)    1 :  0.005 0.015 0.004 0.010 0.003 0.955 0.008 
292 TMA-ZAIN-G-    (0)    1 :  0.055 0.012 0.894 0.009 0.006 0.019 0.005 
293 TMA-ZAIN-G-    (0)    1 :  0.049 0.008 0.882 0.005 0.025 0.013 0.019 
294 TMA-ZAIN-G-    (0)    1 :  0.006 0.004 0.963 0.003 0.012 0.004 0.007 
295 TMA-ZAIN-G-    (9)    1 :  0.011 0.008 0.943 0.004 0.017 0.010 0.007 
296 TMA-ZAIN-G-    (0)    1 :  0.053 0.007 0.894 0.014 0.007 0.013 0.012 
297 TMA-ZAIN-G-    (0)    1 :  0.106 0.006 0.823 0.005 0.027 0.009 0.025 
298 TMA-ZAIN-G-    (0)    1 :  0.009 0.020 0.878 0.013 0.011 0.014 0.056 
299 TMA-ZAIN-G-    (0)    1 :  0.005 0.008 0.962 0.004 0.012 0.005 0.004 
300 TMA-ZAIN-G-    (0)    1 :  0.034 0.007 0.863 0.003 0.076 0.009 0.008 
301 TMA-ZAIN-G-    (0)    1 :  0.066 0.007 0.882 0.005 0.025 0.007 0.008 
302 TMA-ZAIN-G-    (9)    1 :  0.043 0.003 0.932 0.003 0.007 0.005 0.006 
303 TMA-ZAIN-G-    (0)    1 :  0.064 0.006 0.005 0.018 0.002 0.866 0.037 
304 TMA-ZAIN-G-    (0)    2 :  0.129 0.009 0.056 0.021 0.202 0.010 0.573 
305 TMA-ZAIN-G-    (0)    2 :  0.021 0.004 0.939 0.004 0.018 0.005 0.009 
306 TMA-ZAIN-G-    (0)    2 :  0.057 0.024 0.364 0.137 0.020 0.014 0.384 
307 TMA-ZAIN-G-    (0)    2 :  0.079 0.014 0.055 0.013 0.442 0.007 0.390 
308 TMA-ZAIN-G-    (0)    2 :  0.008 0.017 0.004 0.032 0.015 0.108 0.816 
309 TMA-ZAIN-G-    (0)    2 :  0.944 0.003 0.033 0.003 0.010 0.004 0.003 
310 TMA-ZAIN-G-    (0)    2 :  0.007 0.026 0.919 0.007 0.010 0.014 0.018 
311 TMA-ZAIN-G-    (0)    2 :  0.061 0.008 0.786 0.044 0.011 0.034 0.057 
312 TMA-ZAIN-G-    (0)    2 :  0.791 0.006 0.148 0.005 0.015 0.025 0.011 
313 TMA-ZAIN-G-    (0)    2 :  0.075 0.004 0.100 0.013 0.036 0.006 0.766 
314 TMA-ZAIN-G-    (0)    2 :  0.024 0.231 0.012 0.300 0.013 0.400 0.019 
315 TMA-ZAIN-G-    (0)    2 :  0.033 0.413 0.379 0.007 0.105 0.042 0.021 
316 TMA-ZAIN-G-    (0)    2 :  0.032 0.412 0.339 0.012 0.093 0.094 0.017 
317 TMA-ZAIN-G-    (0)    2 :  0.006 0.019 0.008 0.042 0.003 0.910 0.012 
318 TMA-ZAIN-G-    (9)    2 :  0.007 0.430 0.008 0.347 0.010 0.143 0.056 
319 TMA-ZAIN-G-    (0)    3 :  0.220 0.075 0.007 0.018 0.004 0.664 0.011 
320 TMA-ZAIN-G-    (0)    3 :  0.038 0.010 0.446 0.006 0.028 0.466 0.006 
321 TMA-ZAIN-G-    (0)    4 :  0.204 0.112 0.421 0.077 0.043 0.129 0.014 
322 TMA-ZAIN-G-    (0)    4 :  0.055 0.007 0.281 0.059 0.052 0.475 0.071 
323 TMA-ZAIN-G-    (0)    5 :  0.046 0.014 0.008 0.007 0.018 0.895 0.012 
324 TMA-ZAIN-G-    (0)    5 :  0.049 0.004 0.873 0.009 0.027 0.008 0.030 
325 TMA-ZAIN-G-    (0)    5 :  0.011 0.047 0.012 0.004 0.005 0.912 0.008 
326 TMA-ZAIN-G-    (0)    5 :  0.299 0.004 0.012 0.003 0.007 0.634 0.042 
327 TMA-ZAIN-G-    (0)    5 :  0.959 0.003 0.005 0.003 0.012 0.004 0.013 
328 TMA-ZAIN-G-    (0)    5 :  0.133 0.096 0.019 0.311 0.260 0.163 0.018 
329 TMA-ZAIN-G-    (0)    5 :  0.362 0.009 0.466 0.005 0.100 0.015 0.042 
330 TMA-ZAIN-G-    (0)    6 :  0.682 0.003 0.162 0.004 0.094 0.012 0.043 
331 TMA-ZAIN-G-    (0)    6 :  0.303 0.075 0.378 0.026 0.008 0.055 0.155 
332 TMA-ZAIN-G-    (0)    6 :  0.962 0.002 0.017 0.002 0.008 0.005 0.004 
333 TMA-ZAIN-G-    (0)    6 :  0.976 0.002 0.004 0.003 0.004 0.004 0.007 
334 TMA-ZAIN-G-    (0)    6 :  0.003 0.960 0.004 0.012 0.003 0.011 0.007 
335 TMA-ZAIN-G-    (0)    6 :  0.003 0.974 0.004 0.004 0.006 0.005 0.004 
336 TMA-ZAIN-G-    (0)    6 :  0.007 0.933 0.009 0.013 0.007 0.019 0.012 
337 TMA-ZAIN-G-    (9)    6 :  0.005 0.865 0.007 0.071 0.004 0.041 0.007 
338 TMA-ZAIN-G-    (0)    6 :  0.003 0.947 0.004 0.029 0.003 0.008 0.006 
339 TMA-ZAIN-G-    (0)    6 :  0.002 0.971 0.002 0.014 0.002 0.005 0.004 
340 TMA-ZAIN-G-    (0)    6 :  0.003 0.978 0.003 0.006 0.003 0.005 0.003 
341 TMA-ZAIN-G-    (0)    6 :  0.004 0.971 0.005 0.008 0.004 0.005 0.003 
342 TMA-ZAIN-G-    (0)    6 :  0.004 0.968 0.005 0.008 0.004 0.007 0.005 
343 TMA-ZAIN-G-    (0)    7 :  0.003 0.954 0.003 0.028 0.002 0.007 0.003 
344 TMA-ZAIN-G-    (0)    7 :  0.005 0.963 0.004 0.008 0.003 0.012 0.005 
345 TMA-ZAIN-G-    (0)    7 :  0.003 0.978 0.002 0.005 0.003 0.005 0.004 
346 TMA-ZAIN-G-    (0)    7 :  0.010 0.932 0.007 0.027 0.003 0.015 0.005 
347 TMA-ZAIN-G-    (9)    7 :  0.003 0.974 0.003 0.008 0.003 0.006 0.003 
348 TMA-ZAIN-G-    (0)    7 :  0.005 0.939 0.005 0.021 0.005 0.016 0.009 
349 TMA-ZAIN-G-    (0)    7 :  0.003 0.965 0.004 0.014 0.004 0.007 0.004 
350 TMA-ZAIN-G-    (0)    7 :  0.008 0.890 0.007 0.026 0.005 0.060 0.005 
351 TMA-ZAIN-G-    (0)    7 :  0.004 0.970 0.003 0.007 0.004 0.007 0.005 
352 TMA-ZAIN-G-    (0)    7 :  0.005 0.957 0.008 0.008 0.007 0.008 0.008 
353 TMA-ZAIN-G-    (0)    7 :  0.013 0.902 0.008 0.048 0.003 0.021 0.005 
354 TMA-ZAIN-G-    (0)    7 :  0.007 0.963 0.006 0.007 0.002 0.012 0.003 
355 TMA-ZAIN-G-    (0)    7 :  0.010 0.951 0.010 0.013 0.004 0.009 0.003 
356 TMA-ZAIN-G-    (0)    8 :  0.003 0.002 0.780 0.003 0.182 0.013 0.017 
357 TMA-ZAIN-G-    (0)    8 :  0.430 0.004 0.458 0.014 0.072 0.011 0.012 
358 TMA-ZAIN-G-    (0)    8 :  0.267 0.027 0.295 0.080 0.261 0.040 0.030 
359 TMA-ZAIN-G-    (0)    8 :  0.008 0.021 0.409 0.013 0.391 0.056 0.102 
360 TMA-ZAIN-G-    (0)    8 :  0.006 0.003 0.959 0.004 0.019 0.005 0.005 
361 TMA-ZAIN-G-    (0)    8 :  0.749 0.004 0.183 0.011 0.030 0.011 0.012 
362 TMA-ZAIN-G-    (0)    8 :  0.005 0.012 0.958 0.005 0.008 0.008 0.004 
363 TMA-ZAIN-G-    (0)    9 :  0.518 0.014 0.371 0.005 0.022 0.046 0.024 
364 TMA-ZAIN-G-    (0)    9 :  0.017 0.015 0.023 0.201 0.015 0.712 0.017 
365 TMA-ZAIN-G-    (0)    9 :  0.028 0.160 0.682 0.012 0.041 0.071 0.005 
366 TMA-ZAIN-G-    (0)    9 :  0.008 0.006 0.794 0.004 0.165 0.006 0.017 
367 TMA-ZAIN-G-    (0)    9 :  0.651 0.006 0.087 0.125 0.008 0.028 0.095 
368 TMA-ZAIN-G-    (0)    9 :  0.019 0.005 0.797 0.006 0.153 0.006 0.014 
369 TMA-ZAIN-G-    (0)    9 :  0.907 0.003 0.037 0.003 0.041 0.005 0.005 
370 TMA-ZAIN-G-    (0)    9 :  0.794 0.003 0.169 0.008 0.013 0.008 0.005 
371 TMA-ZAIN-G-    (0)    9 :  0.008 0.003 0.943 0.005 0.031 0.004 0.006 
372 TMA-ZAIN-G-    (0)    9 :  0.013 0.003 0.950 0.004 0.019 0.004 0.006 
373 TMA-ZAIN-G-    (0)    9 :  0.976 0.003 0.004 0.003 0.004 0.005 0.005 
374 TMA-ZAIN-G-    (0)   10 :  0.392 0.007 0.048 0.323 0.007 0.057 0.166 
375 TMA-ZAIN-G-    (0)   10 :  0.178 0.009 0.030 0.035 0.010 0.732 0.006 
376 TMA-ZAIN-G-    (9)   10 :  0.007 0.003 0.975 0.004 0.005 0.004 0.003 
377 TMA-ZAIN-G-    (0)   10 :  0.008 0.002 0.962 0.003 0.018 0.003 0.004 
378 TMA-ZAIN-G-    (0)   10 :  0.009 0.002 0.965 0.004 0.013 0.003 0.004 
379 TMA-ZAIN-G-    (0)   10 :  0.009 0.002 0.957 0.003 0.016 0.003 0.010 
380 TMA-ZAIN-G-    (0)   10 :  0.011 0.003 0.920 0.003 0.052 0.004 0.007 
381 TMA-ZAIN-G-    (9)   10 :  0.036 0.011 0.107 0.010 0.143 0.602 0.091 
382 TMA-ZAIN-G-    (9)   10 :  0.009 0.063 0.008 0.669 0.003 0.237 0.010 
383    ZFB01    (0)   11 :  0.003 0.010 0.005 0.971 0.003 0.004 0.004 
384    ZFB02    (0)   11 :  0.003 0.036 0.003 0.941 0.003 0.006 0.008 
385    ZFB03    (0)   11 :  0.007 0.005 0.005 0.967 0.003 0.008 0.005 
386    ZFB04    (0)   11 :  0.003 0.027 0.005 0.951 0.003 0.005 0.007 
387    ZFB05    (0)   11 :  0.008 0.103 0.004 0.811 0.011 0.049 0.014 
388    ZFB06    (0)   11 :  0.008 0.058 0.004 0.883 0.011 0.030 0.007 
389    ZFB07    (9)   11 :  0.007 0.012 0.008 0.952 0.005 0.012 0.005 
390    ZFB08    (0)   11 :  0.007 0.006 0.007 0.960 0.006 0.008 0.007 
391    ZFB09    (0)   11 :  0.003 0.005 0.003 0.979 0.003 0.004 0.004 
392    ZFB10    (0)   11 :  0.005 0.011 0.020 0.946 0.007 0.005 0.006 
393    ZFB11    (0)   11 :  0.003 0.020 0.011 0.950 0.004 0.004 0.008 
394    ZFB12    (0)   11 :  0.009 0.035 0.008 0.921 0.004 0.019 0.005 
395    ZFB13    (0)   11 :  0.006 0.006 0.009 0.958 0.006 0.010 0.005 
396    ZFB14    (0)   11 :  0.004 0.004 0.005 0.975 0.003 0.004 0.005 
397    ZFB15    (0)   11 :  0.003 0.015 0.003 0.970 0.002 0.004 0.003 
398    ZFB16    (0)   11 :  0.005 0.016 0.007 0.957 0.004 0.007 0.004 
399    ZFB17    (0)   11 :  0.008 0.027 0.012 0.889 0.014 0.022 0.027 
400    ZFB18    (0)   11 :  0.003 0.004 0.004 0.978 0.003 0.004 0.004 
401    ZFB19    (0)   11 :  0.012 0.006 0.031 0.911 0.010 0.024 0.005 
402    ZFB20    (0)   11 :  0.004 0.047 0.006 0.927 0.004 0.007 0.004 
403    ZFB21    (0)   11 :  0.003 0.013 0.003 0.968 0.002 0.007 0.003 
404    ZFB22    (0)   11 :  0.008 0.087 0.013 0.858 0.013 0.012 0.008 
405    ZFB23    (0)   11 :  0.005 0.026 0.011 0.942 0.004 0.006 0.007 
406    ZFB24    (0)   11 :  0.004 0.038 0.009 0.933 0.004 0.005 0.007 
407    ZFB25    (0)   11 :  0.007 0.006 0.026 0.948 0.005 0.003 0.004 
408    ZFB26    (0)   11 :  0.007 0.062 0.030 0.879 0.006 0.006 0.011 
409    ZFB27    (0)   11 :  0.004 0.081 0.009 0.892 0.003 0.005 0.005 
410    ZFB28    (0)   11 :  0.008 0.108 0.009 0.824 0.003 0.035 0.013 
411    ZFB29    (0)   11 :  0.003 0.017 0.004 0.960 0.003 0.005 0.008 
412    ZFB30    (0)   11 :  0.011 0.153 0.007 0.775 0.015 0.034 0.005 
413    ZFB31    (0)   11 :  0.006 0.006 0.015 0.959 0.005 0.005 0.004 
414    ZFB32    (0)   11 :  0.015 0.062 0.019 0.819 0.004 0.048 0.032 
415    ZFB33    (0)   11 :  0.003 0.012 0.004 0.971 0.003 0.004 0.003 
416    ZFB34    (0)   11 :  0.003 0.004 0.004 0.976 0.003 0.005 0.005 
417    ZFB35    (0)   11 :  0.005 0.009 0.007 0.964 0.004 0.005 0.006 
418  ZFBP101    (0)   12 :  0.218 0.008 0.526 0.012 0.071 0.014 0.152 
419  ZFBP102    (0)   12 :  0.062 0.010 0.860 0.014 0.019 0.017 0.019 
420  ZFBP103    (0)   12 :  0.431 0.007 0.289 0.008 0.017 0.010 0.238 
421  ZFBP104    (0)   12 :  0.229 0.017 0.655 0.043 0.011 0.041 0.004 
422  ZFBP105    (0)   12 :  0.109 0.005 0.863 0.006 0.006 0.006 0.005 
423  ZFBP106    (0)   12 :  0.064 0.003 0.905 0.003 0.012 0.004 0.008 
424  ZFBP107    (0)   12 :  0.158 0.011 0.804 0.005 0.006 0.009 0.008 
425  ZFBP108    (0)   12 :  0.009 0.003 0.974 0.003 0.005 0.004 0.003 
426  ZFBP109    (0)   12 :  0.007 0.002 0.975 0.004 0.005 0.003 0.003 
427  ZFBP110    (0)   12 :  0.346 0.008 0.514 0.042 0.007 0.040 0.041 
428  ZFBP111    (0)   12 :  0.044 0.003 0.789 0.003 0.151 0.005 0.005 
429  ZFBP112    (0)   12 :  0.022 0.006 0.873 0.004 0.073 0.005 0.017 
430  ZFBP113    (0)   12 :  0.008 0.004 0.973 0.003 0.004 0.004 0.003 
431  ZFBP114    (0)   12 :  0.029 0.004 0.946 0.003 0.007 0.005 0.005 
432  ZFBP115    (0)   12 :  0.693 0.004 0.264 0.003 0.021 0.006 0.010 
433  ZFBP116    (0)   12 :  0.014 0.004 0.963 0.003 0.006 0.006 0.005 
434  ZFBP117    (0)   12 :  0.009 0.002 0.968 0.003 0.008 0.004 0.006 
435  ZFBP118    (0)   12 :  0.023 0.005 0.947 0.003 0.012 0.006 0.005 
436  ZFBP119    (0)   12 :  0.148 0.003 0.794 0.004 0.021 0.008 0.023 
437  ZFBP120    (0)   12 :  0.053 0.005 0.920 0.006 0.006 0.007 0.004 
438  ZFBP121    (0)   12 :  0.010 0.003 0.965 0.005 0.005 0.005 0.007 
439  ZFBP122    (9)   12 :  0.015 0.003 0.956 0.004 0.012 0.005 0.005 
440  ZFBP123    (0)   12 :  0.008 0.007 0.933 0.004 0.025 0.006 0.018 
441  ZFBP124    (0)   12 :  0.009 0.004 0.966 0.007 0.005 0.004 0.005 
442  ZFBP125    (0)   12 :  0.018 0.003 0.951 0.002 0.017 0.003 0.006 
443  ZFBP126    (0)   12 :  0.007 0.008 0.925 0.010 0.007 0.018 0.025 
444  ZFBP127    (0)   12 :  0.051 0.003 0.923 0.003 0.005 0.005 0.010 
445  ZFBP128    (0)   12 :  0.024 0.002 0.918 0.004 0.034 0.003 0.015 
446  ZFBP129    (0)   12 :  0.006 0.003 0.953 0.004 0.023 0.005 0.007 
447  ZFBP130    (0)   12 :  0.027 0.003 0.864 0.002 0.078 0.005 0.022 
448  ZFBP131    (0)   12 :  0.005 0.004 0.975 0.004 0.005 0.004 0.004 
449  ZFBP132    (0)   12 :  0.010 0.003 0.972 0.004 0.004 0.004 0.004 
450  ZFBP133    (0)   12 :  0.005 0.002 0.748 0.004 0.232 0.003 0.007 
451  ZFBP134    (0)   12 :  0.236 0.004 0.698 0.004 0.022 0.005 0.031 
452  ZFBP135    (0)   12 :  0.069 0.005 0.642 0.017 0.016 0.007 0.243 
453  ZFBP136    (0)   12 :  0.119 0.008 0.628 0.005 0.086 0.007 0.148 
454  ZFBP201    (0)   13 :  0.011 0.006 0.960 0.005 0.005 0.006 0.006 
455  ZFBP202    (0)   13 :  0.015 0.003 0.958 0.006 0.009 0.005 0.004 
456  ZFBP203    (0)   13 :  0.009 0.027 0.907 0.005 0.025 0.021 0.007 
457  ZFBP204    (0)   13 :  0.094 0.005 0.849 0.004 0.026 0.007 0.015 
458  ZFBP205    (0)   13 :  0.005 0.005 0.959 0.003 0.014 0.004 0.010 
459  ZFBP206    (0)   13 :  0.007 0.007 0.817 0.005 0.138 0.007 0.019 
460  ZFBP207    (0)   13 :  0.272 0.004 0.694 0.005 0.009 0.005 0.012 
461  ZFBP208    (0)   13 :  0.006 0.011 0.948 0.004 0.013 0.009 0.009 
462  ZFBP209    (0)   13 :  0.005 0.002 0.889 0.003 0.091 0.003 0.007 
463  ZFBP210    (0)   13 :  0.012 0.007 0.945 0.005 0.016 0.008 0.006 
464  ZFBP211    (0)   13 :  0.009 0.003 0.967 0.005 0.005 0.005 0.005 
465  ZFBP212    (0)   13 :  0.080 0.003 0.898 0.006 0.006 0.004 0.003 
466  ZFBP213    (0)   13 :  0.010 0.005 0.937 0.007 0.017 0.007 0.017 
467  ZFBP214    (0)   13 :  0.041 0.005 0.761 0.015 0.110 0.017 0.052 
468  ZFBP215    (0)   13 :  0.007 0.003 0.968 0.004 0.009 0.004 0.007 
469  ZFBP216    (0)   13 :  0.015 0.007 0.949 0.005 0.007 0.012 0.006 
470  ZFBP217    (0)   13 :  0.040 0.003 0.789 0.007 0.146 0.007 0.007 
471  ZFBP218    (0)   13 :  0.006 0.003 0.966 0.003 0.015 0.003 0.003 
472  ZFBP219    (0)   13 :  0.006 0.004 0.975 0.003 0.005 0.004 0.003 
473  ZFBP220    (0)   13 :  0.062 0.003 0.853 0.003 0.055 0.005 0.020 
474  ZFBP221    (0)   13 :  0.049 0.003 0.927 0.004 0.009 0.004 0.003 
475  ZFBP222    (0)   13 :  0.005 0.005 0.961 0.005 0.012 0.005 0.008 
476  ZFBP223    (0)   13 :  0.236 0.005 0.718 0.010 0.014 0.008 0.010 
477  ZFBP224    (0)   13 :  0.007 0.004 0.966 0.005 0.005 0.006 0.007 
478  ZFBP225    (0)   13 :  0.156 0.008 0.449 0.004 0.358 0.010 0.015 
479  ZFBP226    (0)   13 :  0.008 0.004 0.970 0.003 0.006 0.004 0.004 
