

----------------------------------------------------
STRUCTURE by Pritchard, Stephens and Donnelly (2000)
     and Falush, Stephens and Pritchard (2003)
       Code by Pritchard, Falush and Hubisz
             Version 2.3.4 (Jul 2012)
----------------------------------------------------



Command line arguments:   bin\structure -m C:\Users\eschumacher\Documents\GitHub\GCC_QUAC_ZAIN\Data_Files\Structure_Files\ZAIN\ZAIN_rebinned_allpop_str\50-50\mainparams -e C:\Users\eschumacher\Documents\GitHub\GCC_QUAC_ZAIN\Data_Files\Structure_Files\ZAIN\ZAIN_rebinned_allpop_str\50-50\extraparams 
Input File:    C:\Users\eschumacher\Documents\GitHub\GCC_QUAC_ZAIN\Data_Files\Structure_Files\ZAIN\ZAIN_rebinned_allpop_str\project_data

Run parameters:
   1133 individuals
   11 loci
   5 populations assumed
   50000 Burn-in period
   50000 Reps


--------------------------------------------
Proportion of membership of each pre-defined
 population in each of the 5 clusters

Given    Inferred Clusters                     Number of
 Pop       1      2      3      4      5      Individuals

  1:     0.324  0.164  0.111  0.201  0.200      303
  2:     0.314  0.116  0.096  0.217  0.257       15
  3:     0.269  0.113  0.024  0.246  0.348        2
  4:     0.300  0.072  0.062  0.182  0.384        2
  5:     0.227  0.043  0.049  0.266  0.415        7
  6:     0.040  0.676  0.018  0.248  0.019       13
  7:     0.005  0.961  0.020  0.007  0.008       13
  8:     0.759  0.010  0.014  0.196  0.020        7
  9:     0.473  0.021  0.066  0.394  0.046       11
 10:     0.555  0.014  0.149  0.112  0.170        9
 11:     0.009  0.032  0.943  0.006  0.009       35
 12:     0.813  0.006  0.009  0.158  0.013       36
 13:     0.885  0.007  0.007  0.091  0.011       33
 14:     0.038  0.024  0.017  0.026  0.895       40
 15:     0.007  0.003  0.004  0.979  0.007       39
 16:     0.071  0.061  0.257  0.038  0.573       40
 17:     0.028  0.172  0.101  0.017  0.682       37
 18:     0.864  0.004  0.008  0.118  0.006       40
 19:     0.005  0.010  0.935  0.010  0.039       28
 20:     0.041  0.113  0.014  0.028  0.804       14
 21:     0.011  0.925  0.009  0.040  0.015       13
 22:     0.031  0.003  0.006  0.952  0.008       14
 23:     0.928  0.007  0.006  0.051  0.008       25
 24:     0.922  0.007  0.008  0.022  0.041       40
 25:     0.043  0.011  0.045  0.125  0.776       32
 26:     0.007  0.979  0.004  0.005  0.005       20
 27:     0.012  0.008  0.855  0.012  0.114        4
 28:     0.033  0.017  0.922  0.011  0.016       23
 29:     0.006  0.008  0.962  0.006  0.017       39
 30:     0.007  0.932  0.046  0.006  0.009       38
 31:     0.092  0.006  0.005  0.888  0.009       45
 32:     0.401  0.011  0.006  0.568  0.013       28
 33:     0.006  0.009  0.962  0.008  0.015        6
 34:     0.031  0.012  0.067  0.040  0.850       40
 35:     0.024  0.116  0.058  0.031  0.770       42
--------------------------------------------

Allele-freq. divergence among pops (Net nucleotide distance),
computed using point estimates of P.

      1       2       3       4       5      
 1      -    0.2701  0.2133  0.0740  0.1239  
 2   0.2701     -    0.1334  0.2577  0.1343  
 3   0.2133  0.1334     -    0.1974  0.0882  
 4   0.0740  0.2577  0.1974     -    0.0849  
 5   0.1239  0.1343  0.0882  0.0849     -    

Average distances (expected heterozygosity) between individuals in same cluster:
cluster  1  : 0.4336 
cluster  2  : 0.4330 
cluster  3  : 0.4944 
cluster  4  : 0.4356 
cluster  5  : 0.5471 

--------------------------------------------
Estimated Ln Prob of Data   = -23039.5
Mean value of ln likelihood = -22639.2
Variance of ln likelihood   = 800.6
Mean value of alpha         = 0.0375

Mean value of Fst_1         = 0.2618
Mean value of Fst_2         = 0.4070
Mean value of Fst_3         = 0.2890
Mean value of Fst_4         = 0.3634
Mean value of Fst_5         = 0.1310


Inferred ancestry of individuals:
        Label (%Miss) Pop:  Inferred clusters
  1 TMA-ZAIN-G-    (9)    1 :  0.019 0.006 0.863 0.068 0.044 
  2 TMA-ZAIN-G-    (0)    1 :  0.086 0.006 0.874 0.015 0.019 
  3 TMA-ZAIN-G-    (0)    1 :  0.796 0.003 0.007 0.184 0.010 
  4 TMA-ZAIN-G-    (0)    1 :  0.397 0.024 0.054 0.076 0.448 
  5 TMA-ZAIN-G-    (0)    1 :  0.003 0.005 0.983 0.003 0.006 
  6 TMA-ZAIN-G-    (0)    1 :  0.482 0.042 0.041 0.184 0.251 
  7 TMA-ZAIN-G-    (0)    1 :  0.376 0.009 0.019 0.572 0.024 
  8 TMA-ZAIN-G-    (0)    1 :  0.283 0.003 0.007 0.696 0.011 
  9 TMA-ZAIN-G-    (9)    1 :  0.759 0.006 0.017 0.209 0.009 
 10 TMA-ZAIN-G-    (0)    1 :  0.750 0.005 0.004 0.229 0.013 
 11 TMA-ZAIN-G-    (0)    1 :  0.722 0.007 0.008 0.254 0.009 
 12 TMA-ZAIN-G-    (0)    1 :  0.944 0.003 0.007 0.041 0.006 
 13 TMA-ZAIN-G-    (9)    1 :  0.245 0.105 0.059 0.557 0.034 
 14 TMA-ZAIN-G-    (9)    1 :  0.008 0.005 0.004 0.976 0.007 
 15 TMA-ZAIN-G-    (0)    1 :  0.007 0.003 0.004 0.980 0.006 
 16 TMA-ZAIN-G-    (0)    1 :  0.958 0.005 0.004 0.026 0.006 
 17 TMA-ZAIN-G-    (9)    1 :  0.023 0.022 0.017 0.885 0.052 
 18 TMA-ZAIN-G-    (0)    1 :  0.012 0.007 0.685 0.017 0.279 
 19 TMA-ZAIN-G-    (0)    1 :  0.027 0.078 0.051 0.101 0.743 
 20 TMA-ZAIN-G-    (0)    1 :  0.003 0.139 0.048 0.003 0.807 
 21 TMA-ZAIN-G-    (0)    1 :  0.005 0.982 0.003 0.003 0.006 
 22 TMA-ZAIN-G-    (0)    1 :  0.003 0.939 0.044 0.003 0.010 
 23 TMA-ZAIN-G-    (0)    1 :  0.007 0.950 0.024 0.008 0.010 
 24 TMA-ZAIN-G-    (9)    1 :  0.144 0.781 0.011 0.058 0.005 
 25 TMA-ZAIN-G-    (9)    1 :  0.126 0.019 0.646 0.009 0.201 
 26 TMA-ZAIN-G-    (9)    1 :  0.223 0.104 0.018 0.391 0.264 
 27 TMA-ZAIN-G-    (0)    1 :  0.016 0.024 0.218 0.102 0.641 
 28 TMA-ZAIN-G-    (0)    1 :  0.009 0.007 0.025 0.013 0.946 
 29 TMA-ZAIN-G-    (0)    1 :  0.364 0.004 0.004 0.029 0.601 
 30 TMA-ZAIN-G-    (0)    1 :  0.187 0.007 0.005 0.501 0.300 
 31 TMA-ZAIN-G-    (0)    1 :  0.007 0.014 0.945 0.005 0.030 
 32 TMA-ZAIN-G-    (9)    1 :  0.022 0.009 0.942 0.019 0.008 
 33 TMA-ZAIN-G-   (18)    1 :  0.647 0.003 0.010 0.335 0.005 
 34 TMA-ZAIN-G-    (0)    1 :  0.608 0.019 0.344 0.019 0.009 
 35 TMA-ZAIN-G-    (9)    1 :  0.837 0.004 0.025 0.120 0.013 
 36 TMA-ZAIN-G-    (0)    1 :  0.378 0.003 0.005 0.604 0.010 
 37 TMA-ZAIN-G-    (9)    1 :  0.867 0.007 0.017 0.095 0.014 
 38 TMA-ZAIN-G-   (18)    1 :  0.018 0.008 0.936 0.030 0.009 
 39 TMA-ZAIN-G-    (0)    1 :  0.971 0.007 0.004 0.013 0.007 
 40 TMA-ZAIN-G-    (0)    1 :  0.876 0.005 0.005 0.109 0.005 
 41 TMA-ZAIN-G-    (0)    1 :  0.246 0.003 0.003 0.742 0.006 
 42 TMA-ZAIN-G-    (9)    1 :  0.008 0.003 0.004 0.981 0.004 
 43 TMA-ZAIN-G-    (0)    1 :  0.007 0.003 0.004 0.979 0.007 
 44 TMA-ZAIN-G-    (0)    1 :  0.106 0.857 0.006 0.020 0.012 
 45 TMA-ZAIN-G-    (0)    1 :  0.548 0.009 0.009 0.419 0.015 
 46 TMA-ZAIN-G-    (0)    1 :  0.004 0.983 0.004 0.004 0.005 
 47 TMA-ZAIN-G-    (0)    1 :  0.008 0.005 0.006 0.007 0.974 
 48 TMA-ZAIN-G-    (0)    1 :  0.067 0.059 0.013 0.460 0.401 
 49 TMA-ZAIN-G-    (9)    1 :  0.023 0.010 0.017 0.008 0.943 
 50 TMA-ZAIN-G-    (0)    1 :  0.027 0.032 0.024 0.108 0.810 
 51 TMA-ZAIN-G-    (0)    1 :  0.009 0.014 0.015 0.033 0.929 
 52 TMA-ZAIN-G-    (0)    1 :  0.011 0.013 0.008 0.006 0.962 
 53 TMA-ZAIN-G-    (0)    1 :  0.005 0.010 0.070 0.012 0.902 
 54 TMA-ZAIN-G-    (0)    1 :  0.006 0.005 0.007 0.019 0.963 
 55 TMA-ZAIN-G-    (0)    1 :  0.005 0.005 0.006 0.025 0.959 
 56 TMA-ZAIN-G-    (0)    1 :  0.069 0.011 0.013 0.150 0.757 
 57 TMA-ZAIN-G-    (0)    1 :  0.014 0.005 0.014 0.008 0.959 
 58 TMA-ZAIN-G-    (0)    1 :  0.010 0.121 0.037 0.018 0.814 
 59 TMA-ZAIN-G-    (0)    1 :  0.120 0.038 0.705 0.071 0.065 
 60 TMA-ZAIN-G-    (0)    1 :  0.020 0.011 0.603 0.132 0.234 
 61 TMA-ZAIN-G-    (0)    1 :  0.004 0.023 0.957 0.004 0.013 
 62 TMA-ZAIN-G-    (9)    1 :  0.028 0.020 0.904 0.022 0.025 
 63 TMA-ZAIN-G-    (0)    1 :  0.004 0.008 0.967 0.006 0.014 
 64 TMA-ZAIN-G-    (0)    1 :  0.972 0.003 0.002 0.017 0.006 
 65 TMA-ZAIN-G-    (9)    1 :  0.955 0.003 0.004 0.031 0.008 
 66 TMA-ZAIN-G-    (0)    1 :  0.970 0.003 0.003 0.018 0.006 
 67 TMA-ZAIN-G-    (0)    1 :  0.967 0.011 0.004 0.006 0.012 
 68 TMA-ZAIN-G-    (0)    1 :  0.918 0.003 0.003 0.067 0.009 
 69 TMA-ZAIN-G-    (0)    1 :  0.955 0.014 0.007 0.008 0.015 
 70 TMA-ZAIN-G-    (0)    1 :  0.974 0.006 0.004 0.011 0.006 
 71 TMA-ZAIN-G-    (0)    1 :  0.982 0.004 0.003 0.006 0.004 
 72 TMA-ZAIN-G-    (0)    1 :  0.921 0.005 0.005 0.058 0.011 
 73 TMA-ZAIN-G-    (0)    1 :  0.870 0.050 0.035 0.010 0.035 
 74 TMA-ZAIN-G-    (0)    1 :  0.946 0.017 0.012 0.009 0.016 
 75 TMA-ZAIN-G-    (0)    1 :  0.962 0.005 0.007 0.014 0.012 
 76 TMA-ZAIN-G-    (0)    1 :  0.912 0.061 0.009 0.006 0.012 
 77 TMA-ZAIN-G-    (0)    1 :  0.941 0.013 0.004 0.031 0.011 
 78 TMA-ZAIN-G-    (0)    1 :  0.859 0.064 0.014 0.016 0.047 
 79 TMA-ZAIN-G-    (0)    1 :  0.856 0.053 0.007 0.055 0.029 
 80 TMA-ZAIN-G-    (0)    1 :  0.974 0.006 0.003 0.009 0.007 
 81 TMA-ZAIN-G-    (0)    1 :  0.945 0.015 0.005 0.020 0.015 
 82 TMA-ZAIN-G-    (0)    1 :  0.978 0.003 0.005 0.008 0.007 
 83 TMA-ZAIN-G-    (9)    1 :  0.854 0.044 0.068 0.010 0.023 
 84 TMA-ZAIN-G-    (0)    1 :  0.922 0.051 0.006 0.010 0.012 
 85 TMA-ZAIN-G-    (0)    1 :  0.015 0.048 0.044 0.014 0.879 
 86 TMA-ZAIN-G-    (0)    1 :  0.060 0.157 0.016 0.031 0.736 
 87 TMA-ZAIN-G-    (0)    1 :  0.016 0.544 0.071 0.012 0.356 
 88 TMA-ZAIN-G-    (0)    1 :  0.300 0.022 0.370 0.101 0.207 
 89 TMA-ZAIN-G-    (0)    1 :  0.076 0.121 0.057 0.121 0.625 
 90 TMA-ZAIN-G-    (0)    1 :  0.013 0.011 0.011 0.009 0.956 
 91 TMA-ZAIN-G-    (0)    1 :  0.019 0.011 0.026 0.028 0.916 
 92 TMA-ZAIN-G-    (0)    1 :  0.007 0.019 0.007 0.010 0.958 
 93 TMA-ZAIN-G-    (0)    1 :  0.006 0.008 0.014 0.011 0.961 
 94 TMA-ZAIN-G-    (0)    1 :  0.006 0.025 0.062 0.007 0.900 
 95 TMA-ZAIN-G-    (0)    1 :  0.024 0.016 0.019 0.048 0.894 
 96 TMA-ZAIN-G-    (0)    1 :  0.014 0.010 0.011 0.102 0.863 
 97 TMA-ZAIN-G-    (0)    1 :  0.007 0.007 0.968 0.005 0.012 
 98 TMA-ZAIN-G-    (0)    1 :  0.006 0.004 0.979 0.005 0.006 
 99 TMA-ZAIN-G-    (0)    1 :  0.101 0.015 0.855 0.023 0.006 
100 TMA-ZAIN-G-    (0)    1 :  0.005 0.019 0.949 0.005 0.023 
101 TMA-ZAIN-G-    (0)    1 :  0.010 0.006 0.971 0.005 0.008 
102 TMA-ZAIN-G-    (0)    1 :  0.034 0.168 0.717 0.046 0.035 
103 TMA-ZAIN-G-    (0)    1 :  0.011 0.013 0.940 0.011 0.024 
104 TMA-ZAIN-G-    (0)    1 :  0.004 0.007 0.979 0.004 0.006 
105 TMA-ZAIN-G-    (0)    1 :  0.015 0.010 0.937 0.012 0.026 
106 TMA-ZAIN-G-    (0)    1 :  0.273 0.003 0.004 0.714 0.005 
107 TMA-ZAIN-G-    (0)    1 :  0.972 0.003 0.005 0.013 0.006 
108 TMA-ZAIN-G-    (9)    1 :  0.142 0.041 0.562 0.225 0.030 
109 TMA-ZAIN-G-    (0)    1 :  0.347 0.006 0.283 0.206 0.158 
110 TMA-ZAIN-G-    (0)    1 :  0.266 0.173 0.110 0.342 0.110 
111 TMA-ZAIN-G-    (9)    1 :  0.102 0.066 0.740 0.015 0.076 
112 TMA-ZAIN-G-    (0)    1 :  0.156 0.057 0.283 0.288 0.215 
113 TMA-ZAIN-G-    (0)    1 :  0.015 0.009 0.961 0.007 0.008 
114 TMA-ZAIN-G-    (0)    1 :  0.003 0.011 0.977 0.003 0.005 
115 TMA-ZAIN-G-    (0)    1 :  0.004 0.006 0.981 0.004 0.005 
116 TMA-ZAIN-G-    (0)    1 :  0.973 0.003 0.008 0.009 0.007 
117 TMA-ZAIN-G-    (0)    1 :  0.657 0.004 0.007 0.311 0.022 
118 TMA-ZAIN-G-    (0)    1 :  0.971 0.003 0.007 0.011 0.008 
119 TMA-ZAIN-G-    (0)    1 :  0.954 0.007 0.017 0.008 0.013 
120 TMA-ZAIN-G-    (0)    1 :  0.944 0.004 0.012 0.025 0.015 
121 TMA-ZAIN-G-    (0)    1 :  0.947 0.003 0.007 0.030 0.013 
122 TMA-ZAIN-G-    (0)    1 :  0.902 0.008 0.007 0.063 0.021 
123 TMA-ZAIN-G-    (0)    1 :  0.005 0.011 0.965 0.007 0.011 
124 TMA-ZAIN-G-    (0)    1 :  0.011 0.003 0.006 0.975 0.006 
125 TMA-ZAIN-G-    (0)    1 :  0.016 0.002 0.003 0.967 0.012 
126 TMA-ZAIN-G-    (0)    1 :  0.012 0.003 0.005 0.975 0.005 
127 TMA-ZAIN-G-    (0)    1 :  0.014 0.003 0.003 0.976 0.004 
128 TMA-ZAIN-G-    (0)    1 :  0.042 0.003 0.004 0.944 0.007 
129 TMA-ZAIN-G-    (0)    1 :  0.011 0.003 0.007 0.974 0.005 
130 TMA-ZAIN-G-    (0)    1 :  0.015 0.003 0.008 0.962 0.012 
131 TMA-ZAIN-G-    (0)    1 :  0.011 0.003 0.004 0.976 0.005 
132 TMA-ZAIN-G-    (0)    1 :  0.095 0.003 0.005 0.885 0.013 
133 TMA-ZAIN-G-    (0)    1 :  0.154 0.012 0.003 0.801 0.029 
134 TMA-ZAIN-G-    (0)    1 :  0.066 0.008 0.004 0.911 0.011 
135 TMA-ZAIN-G-    (0)    1 :  0.940 0.005 0.005 0.044 0.005 
136 TMA-ZAIN-G-    (0)    1 :  0.962 0.005 0.004 0.022 0.008 
137 TMA-ZAIN-G-    (0)    1 :  0.940 0.005 0.008 0.041 0.005 
138 TMA-ZAIN-G-    (0)    1 :  0.486 0.003 0.005 0.499 0.006 
139 TMA-ZAIN-G-    (0)    1 :  0.835 0.005 0.006 0.143 0.012 
140 TMA-ZAIN-G-    (0)    1 :  0.942 0.005 0.004 0.043 0.006 
141 TMA-ZAIN-G-    (0)    1 :  0.774 0.004 0.007 0.207 0.008 
142 TMA-ZAIN-G-    (9)    1 :  0.952 0.004 0.004 0.034 0.006 
143 TMA-ZAIN-G-    (0)    1 :  0.838 0.004 0.006 0.146 0.007 
144 TMA-ZAIN-G-    (0)    1 :  0.851 0.006 0.005 0.104 0.034 
145 TMA-ZAIN-G-    (0)    1 :  0.977 0.002 0.003 0.012 0.006 
146 TMA-ZAIN-G-    (0)    1 :  0.978 0.004 0.004 0.010 0.004 
147 TMA-ZAIN-G-    (9)    1 :  0.974 0.004 0.004 0.013 0.004 
148 TMA-ZAIN-G-    (0)    1 :  0.725 0.004 0.004 0.255 0.013 
149 TMA-ZAIN-G-    (0)    1 :  0.703 0.026 0.043 0.169 0.060 
150 TMA-ZAIN-G-    (0)    1 :  0.861 0.023 0.036 0.027 0.053 
151 TMA-ZAIN-G-    (0)    1 :  0.937 0.002 0.005 0.051 0.005 
152 TMA-ZAIN-G-    (0)    1 :  0.969 0.003 0.006 0.017 0.005 
153 TMA-ZAIN-G-    (0)    1 :  0.884 0.003 0.005 0.100 0.008 
154 TMA-ZAIN-G-    (0)    1 :  0.973 0.003 0.005 0.013 0.006 
155 TMA-ZAIN-G-    (0)    1 :  0.967 0.003 0.007 0.018 0.004 
156 TMA-ZAIN-G-    (9)    1 :  0.634 0.003 0.025 0.327 0.011 
157 TMA-ZAIN-G-    (0)    1 :  0.592 0.003 0.010 0.389 0.007 
158 TMA-ZAIN-G-    (0)    1 :  0.973 0.004 0.004 0.012 0.007 
159 TMA-ZAIN-G-    (0)    1 :  0.980 0.003 0.005 0.008 0.004 
160 TMA-ZAIN-G-    (0)    1 :  0.981 0.003 0.007 0.006 0.004 
161 TMA-ZAIN-G-    (0)    1 :  0.872 0.003 0.004 0.109 0.012 
162 TMA-ZAIN-G-    (0)    1 :  0.908 0.018 0.047 0.011 0.017 
163 TMA-ZAIN-G-    (0)    1 :  0.981 0.002 0.005 0.008 0.004 
164 TMA-ZAIN-G-    (0)    1 :  0.975 0.004 0.006 0.009 0.006 
165 TMA-ZAIN-G-    (0)    1 :  0.977 0.003 0.006 0.010 0.004 
166 TMA-ZAIN-G-    (0)    1 :  0.961 0.002 0.004 0.028 0.005 
167 TMA-ZAIN-G-    (0)    1 :  0.906 0.007 0.007 0.071 0.009 
168 TMA-ZAIN-G-    (0)    1 :  0.948 0.004 0.008 0.033 0.007 
169 TMA-ZAIN-G-    (0)    1 :  0.981 0.003 0.004 0.008 0.004 
170 TMA-ZAIN-G-    (0)    1 :  0.682 0.015 0.026 0.264 0.014 
171 TMA-ZAIN-G-    (0)    1 :  0.981 0.003 0.004 0.007 0.004 
172 TMA-ZAIN-G-    (0)    1 :  0.122 0.004 0.004 0.864 0.005 
173 TMA-ZAIN-G-    (0)    1 :  0.075 0.004 0.004 0.910 0.007 
174 TMA-ZAIN-G-    (0)    1 :  0.879 0.003 0.004 0.109 0.006 
175 TMA-ZAIN-G-    (0)    1 :  0.977 0.004 0.005 0.010 0.004 
176 TMA-ZAIN-G-    (0)    1 :  0.976 0.004 0.004 0.012 0.004 
177 TMA-ZAIN-G-    (0)    1 :  0.890 0.004 0.005 0.096 0.005 
178 TMA-ZAIN-G-    (0)    1 :  0.098 0.005 0.006 0.886 0.006 
179 TMA-ZAIN-G-    (0)    1 :  0.719 0.003 0.004 0.268 0.005 
180 TMA-ZAIN-G-    (0)    1 :  0.107 0.008 0.005 0.868 0.013 
181 TMA-ZAIN-G-    (0)    1 :  0.015 0.003 0.005 0.974 0.004 
182 TMA-ZAIN-G-    (0)    1 :  0.007 0.003 0.007 0.977 0.005 
183 TMA-ZAIN-G-    (0)    1 :  0.010 0.003 0.005 0.978 0.004 
184 TMA-ZAIN-G-    (0)    1 :  0.051 0.023 0.051 0.849 0.026 
185 TMA-ZAIN-G-    (0)    1 :  0.052 0.041 0.023 0.823 0.061 
186 TMA-ZAIN-G-    (9)    1 :  0.049 0.007 0.004 0.928 0.012 
187 TMA-ZAIN-G-    (0)    1 :  0.045 0.004 0.004 0.943 0.005 
188 TMA-ZAIN-G-    (0)    1 :  0.052 0.003 0.004 0.937 0.004 
189 TMA-ZAIN-G-    (0)    1 :  0.014 0.003 0.003 0.976 0.003 
190 TMA-ZAIN-G-    (0)    1 :  0.042 0.003 0.003 0.945 0.007 
191 TMA-ZAIN-G-    (0)    1 :  0.028 0.036 0.021 0.898 0.016 
192 TMA-ZAIN-G-    (0)    1 :  0.014 0.010 0.004 0.966 0.006 
193 TMA-ZAIN-G-    (0)    1 :  0.005 0.003 0.003 0.982 0.006 
194 TMA-ZAIN-G-    (0)    1 :  0.005 0.004 0.003 0.978 0.010 
195 TMA-ZAIN-G-    (0)    1 :  0.009 0.003 0.003 0.978 0.007 
196 TMA-ZAIN-G-    (0)    1 :  0.006 0.003 0.004 0.983 0.005 
197 TMA-ZAIN-G-    (0)    1 :  0.007 0.003 0.004 0.979 0.006 
198 TMA-ZAIN-G-    (0)    1 :  0.008 0.003 0.004 0.981 0.005 
199 TMA-ZAIN-G-    (0)    1 :  0.024 0.005 0.004 0.957 0.010 
200 TMA-ZAIN-G-    (0)    1 :  0.003 0.956 0.015 0.012 0.012 
201 TMA-ZAIN-G-    (0)    1 :  0.004 0.977 0.006 0.004 0.008 
202 TMA-ZAIN-G-    (0)    1 :  0.005 0.954 0.015 0.021 0.006 
203 TMA-ZAIN-G-    (0)    1 :  0.007 0.003 0.008 0.976 0.006 
204 TMA-ZAIN-G-    (9)    1 :  0.012 0.936 0.006 0.009 0.037 
205 TMA-ZAIN-G-    (0)    1 :  0.126 0.821 0.009 0.009 0.035 
206 TMA-ZAIN-G-    (9)    1 :  0.019 0.873 0.017 0.048 0.044 
207 TMA-ZAIN-G-    (9)    1 :  0.852 0.014 0.017 0.019 0.097 
208 TMA-ZAIN-G-    (0)    1 :  0.983 0.003 0.003 0.007 0.004 
209 TMA-ZAIN-G-    (0)    1 :  0.063 0.003 0.004 0.923 0.007 
210 TMA-ZAIN-G-    (0)    1 :  0.103 0.003 0.004 0.881 0.009 
211 TMA-ZAIN-G-    (0)    1 :  0.174 0.028 0.013 0.752 0.032 
212 TMA-ZAIN-G-    (0)    1 :  0.357 0.007 0.004 0.622 0.011 
213 TMA-ZAIN-G-    (0)    1 :  0.285 0.005 0.004 0.699 0.008 
214 TMA-ZAIN-G-    (0)    1 :  0.634 0.004 0.004 0.352 0.007 
215 TMA-ZAIN-G-    (0)    1 :  0.602 0.027 0.006 0.234 0.132 
216 TMA-ZAIN-G-    (0)    1 :  0.053 0.006 0.003 0.927 0.010 
217 TMA-ZAIN-G-    (0)    1 :  0.641 0.003 0.003 0.347 0.005 
218 TMA-ZAIN-G-    (0)    1 :  0.017 0.010 0.006 0.009 0.957 
219 TMA-ZAIN-G-    (0)    1 :  0.004 0.021 0.004 0.006 0.964 
220 TMA-ZAIN-G-    (0)    1 :  0.021 0.008 0.233 0.012 0.726 
221 TMA-ZAIN-G-    (0)    1 :  0.007 0.031 0.006 0.014 0.941 
222 TMA-ZAIN-G-    (0)    1 :  0.008 0.018 0.030 0.010 0.934 
223 TMA-ZAIN-G-    (0)    1 :  0.004 0.025 0.011 0.004 0.956 
224 TMA-ZAIN-G-    (0)    1 :  0.007 0.030 0.025 0.032 0.906 
225 TMA-ZAIN-G-    (0)    1 :  0.004 0.041 0.029 0.016 0.910 
226 TMA-ZAIN-G-    (0)    1 :  0.009 0.029 0.063 0.025 0.873 
227 TMA-ZAIN-G-    (0)    1 :  0.011 0.187 0.026 0.041 0.735 
228 TMA-ZAIN-G-    (0)    1 :  0.036 0.050 0.051 0.015 0.848 
229 TMA-ZAIN-G-    (0)    1 :  0.014 0.382 0.066 0.004 0.534 
230 TMA-ZAIN-G-    (0)    1 :  0.028 0.007 0.036 0.061 0.867 
231 TMA-ZAIN-G-    (0)    1 :  0.077 0.617 0.187 0.019 0.100 
232 TMA-ZAIN-G-    (9)    1 :  0.051 0.477 0.341 0.053 0.079 
233 TMA-ZAIN-G-    (0)    1 :  0.021 0.058 0.008 0.008 0.905 
234 TMA-ZAIN-G-    (0)    1 :  0.006 0.082 0.559 0.008 0.345 
235 TMA-ZAIN-G-    (0)    1 :  0.038 0.061 0.474 0.137 0.291 
236 TMA-ZAIN-G-    (0)    1 :  0.018 0.305 0.445 0.032 0.200 
237 TMA-ZAIN-G-    (0)    1 :  0.167 0.022 0.430 0.070 0.311 
238 TMA-ZAIN-G-    (0)    1 :  0.025 0.133 0.212 0.022 0.608 
239 TMA-ZAIN-G-    (0)    1 :  0.014 0.750 0.006 0.186 0.043 
240 TMA-ZAIN-G-    (0)    1 :  0.004 0.983 0.004 0.004 0.006 
241 TMA-ZAIN-G-    (0)    1 :  0.008 0.978 0.004 0.005 0.005 
242 TMA-ZAIN-G-    (0)    1 :  0.008 0.979 0.004 0.004 0.004 
243 TMA-ZAIN-G-    (0)    1 :  0.012 0.973 0.003 0.006 0.005 
244 TMA-ZAIN-G-    (0)    1 :  0.019 0.966 0.005 0.006 0.005 
245 TMA-ZAIN-G-    (9)    1 :  0.003 0.986 0.004 0.003 0.004 
246 TMA-ZAIN-G-    (0)    1 :  0.003 0.987 0.003 0.003 0.004 
247 TMA-ZAIN-G-    (0)    1 :  0.005 0.983 0.003 0.004 0.005 
248 TMA-ZAIN-G-    (0)    1 :  0.007 0.974 0.005 0.009 0.005 
249 TMA-ZAIN-G-    (0)    1 :  0.004 0.983 0.003 0.006 0.005 
250 TMA-ZAIN-G-    (0)    1 :  0.004 0.983 0.003 0.005 0.005 
251 TMA-ZAIN-G-    (0)    1 :  0.006 0.003 0.009 0.011 0.972 
252 TMA-ZAIN-G-    (0)    1 :  0.043 0.004 0.006 0.013 0.933 
253 TMA-ZAIN-G-    (0)    1 :  0.025 0.006 0.021 0.021 0.926 
254 TMA-ZAIN-G-    (9)    1 :  0.165 0.006 0.048 0.028 0.752 
255 TMA-ZAIN-G-    (0)    1 :  0.024 0.023 0.027 0.017 0.908 
256 TMA-ZAIN-G-    (0)    1 :  0.016 0.016 0.025 0.062 0.881 
257 TMA-ZAIN-G-    (0)    1 :  0.005 0.005 0.005 0.015 0.970 
258 TMA-ZAIN-G-    (0)    1 :  0.007 0.004 0.006 0.008 0.975 
259 TMA-ZAIN-G-    (0)    1 :  0.005 0.007 0.005 0.010 0.973 
260 TMA-ZAIN-G-    (0)    1 :  0.007 0.006 0.005 0.009 0.972 
261 TMA-ZAIN-G-   (18)    1 :  0.009 0.005 0.006 0.014 0.966 
262 TMA-ZAIN-G-    (0)    1 :  0.005 0.004 0.006 0.010 0.975 
263 TMA-ZAIN-G-    (0)    1 :  0.007 0.005 0.012 0.007 0.970 
264 TMA-ZAIN-G-    (0)    1 :  0.010 0.005 0.027 0.009 0.950 
265 TMA-ZAIN-G-    (0)    1 :  0.031 0.014 0.007 0.023 0.925 
266 TMA-ZAIN-G-    (0)    1 :  0.020 0.008 0.013 0.129 0.830 
267 TMA-ZAIN-G-    (0)    1 :  0.029 0.381 0.027 0.015 0.548 
268 TMA-ZAIN-G-    (0)    1 :  0.005 0.923 0.062 0.004 0.007 
269 TMA-ZAIN-G-    (0)    1 :  0.006 0.750 0.225 0.006 0.013 
270 TMA-ZAIN-G-    (0)    1 :  0.006 0.907 0.068 0.005 0.013 
271 TMA-ZAIN-G-    (0)    1 :  0.005 0.953 0.030 0.004 0.008 
272 TMA-ZAIN-G-    (0)    1 :  0.005 0.951 0.027 0.005 0.012 
273 TMA-ZAIN-G-    (0)    1 :  0.003 0.971 0.016 0.003 0.007 
274 TMA-ZAIN-G-    (0)    1 :  0.013 0.910 0.033 0.027 0.017 
275 TMA-ZAIN-G-    (0)    1 :  0.003 0.980 0.008 0.004 0.005 
276 TMA-ZAIN-G-    (0)    1 :  0.004 0.980 0.009 0.003 0.004 
277 TMA-ZAIN-G-    (0)    1 :  0.006 0.974 0.010 0.004 0.007 
278 TMA-ZAIN-G-    (0)    1 :  0.003 0.982 0.006 0.003 0.006 
279 TMA-ZAIN-G-    (0)    1 :  0.004 0.970 0.012 0.006 0.008 
280 TMA-ZAIN-G-    (0)    1 :  0.005 0.860 0.116 0.010 0.010 
281 TMA-ZAIN-G-    (0)    1 :  0.004 0.943 0.039 0.006 0.008 
282 TMA-ZAIN-G-    (9)    1 :  0.004 0.973 0.013 0.003 0.007 
283 TMA-ZAIN-G-    (0)    1 :  0.017 0.631 0.114 0.012 0.227 
284 TMA-ZAIN-G-    (0)    1 :  0.011 0.427 0.183 0.013 0.365 
285 TMA-ZAIN-G-    (0)    1 :  0.031 0.836 0.060 0.027 0.046 
286 TMA-ZAIN-G-    (0)    1 :  0.004 0.950 0.032 0.004 0.010 
287 TMA-ZAIN-G-    (0)    1 :  0.007 0.957 0.020 0.009 0.007 
288 TMA-ZAIN-G-    (0)    1 :  0.023 0.715 0.120 0.068 0.074 
289 TMA-ZAIN-G-    (0)    1 :  0.012 0.931 0.025 0.019 0.014 
290 TMA-ZAIN-G-    (0)    1 :  0.007 0.500 0.446 0.014 0.032 
291 TMA-ZAIN-G-    (0)    1 :  0.005 0.022 0.014 0.007 0.953 
292 TMA-ZAIN-G-    (0)    1 :  0.760 0.016 0.013 0.197 0.013 
293 TMA-ZAIN-G-    (0)    1 :  0.941 0.008 0.005 0.033 0.014 
294 TMA-ZAIN-G-    (0)    1 :  0.975 0.005 0.004 0.010 0.006 
295 TMA-ZAIN-G-    (9)    1 :  0.962 0.009 0.004 0.014 0.011 
296 TMA-ZAIN-G-    (0)    1 :  0.815 0.008 0.018 0.143 0.016 
297 TMA-ZAIN-G-    (0)    1 :  0.882 0.007 0.006 0.091 0.015 
298 TMA-ZAIN-G-    (0)    1 :  0.905 0.034 0.015 0.013 0.033 
299 TMA-ZAIN-G-    (0)    1 :  0.974 0.009 0.005 0.007 0.006 
300 TMA-ZAIN-G-    (0)    1 :  0.949 0.007 0.003 0.032 0.009 
301 TMA-ZAIN-G-    (0)    1 :  0.899 0.009 0.006 0.078 0.007 
302 TMA-ZAIN-G-    (9)    1 :  0.846 0.004 0.005 0.138 0.007 
303 TMA-ZAIN-G-    (0)    1 :  0.006 0.011 0.085 0.028 0.870 
304 TMA-ZAIN-G-    (0)    2 :  0.166 0.012 0.022 0.119 0.680 
305 TMA-ZAIN-G-    (0)    2 :  0.948 0.005 0.004 0.037 0.006 
306 TMA-ZAIN-G-    (0)    2 :  0.377 0.041 0.220 0.183 0.179 
307 TMA-ZAIN-G-    (0)    2 :  0.357 0.020 0.014 0.145 0.463 
308 TMA-ZAIN-G-    (0)    2 :  0.005 0.009 0.010 0.011 0.965 
309 TMA-ZAIN-G-    (0)    2 :  0.023 0.003 0.004 0.966 0.004 
310 TMA-ZAIN-G-    (0)    2 :  0.926 0.035 0.008 0.013 0.019 
311 TMA-ZAIN-G-    (0)    2 :  0.686 0.011 0.067 0.180 0.056 
312 TMA-ZAIN-G-    (0)    2 :  0.084 0.006 0.005 0.886 0.020 
313 TMA-ZAIN-G-    (0)    2 :  0.176 0.016 0.045 0.563 0.200 
314 TMA-ZAIN-G-    (0)    2 :  0.018 0.279 0.493 0.038 0.172 
315 TMA-ZAIN-G-    (0)    2 :  0.481 0.427 0.007 0.052 0.033 
316 TMA-ZAIN-G-    (0)    2 :  0.437 0.445 0.013 0.046 0.058 
317 TMA-ZAIN-G-    (0)    2 :  0.021 0.031 0.120 0.010 0.817 
318 TMA-ZAIN-G-    (9)    2 :  0.009 0.397 0.404 0.008 0.182 
319 TMA-ZAIN-G-    (0)    3 :  0.007 0.205 0.037 0.425 0.327 
320 TMA-ZAIN-G-    (0)    3 :  0.531 0.022 0.011 0.068 0.368 
321 TMA-ZAIN-G-    (0)    4 :  0.387 0.135 0.083 0.294 0.101 
322 TMA-ZAIN-G-    (0)    4 :  0.213 0.008 0.042 0.070 0.667 
323 TMA-ZAIN-G-    (0)    5 :  0.019 0.046 0.022 0.029 0.884 
324 TMA-ZAIN-G-    (0)    5 :  0.897 0.005 0.012 0.066 0.019 
325 TMA-ZAIN-G-    (0)    5 :  0.007 0.089 0.005 0.008 0.891 
326 TMA-ZAIN-G-    (0)    5 :  0.017 0.005 0.004 0.071 0.903 
327 TMA-ZAIN-G-    (0)    5 :  0.007 0.003 0.004 0.977 0.008 
328 TMA-ZAIN-G-    (0)    5 :  0.103 0.145 0.289 0.286 0.176 
329 TMA-ZAIN-G-    (0)    5 :  0.542 0.008 0.005 0.426 0.020 
330 TMA-ZAIN-G-    (0)    6 :  0.250 0.003 0.004 0.722 0.021 
331 TMA-ZAIN-G-    (0)    6 :  0.202 0.110 0.043 0.502 0.144 
332 TMA-ZAIN-G-    (0)    6 :  0.013 0.003 0.003 0.977 0.004 
333 TMA-ZAIN-G-    (0)    6 :  0.004 0.003 0.003 0.984 0.005 
334 TMA-ZAIN-G-    (0)    6 :  0.004 0.970 0.013 0.004 0.010 
335 TMA-ZAIN-G-    (0)    6 :  0.005 0.982 0.004 0.004 0.004 
336 TMA-ZAIN-G-    (0)    6 :  0.009 0.955 0.014 0.007 0.015 
337 TMA-ZAIN-G-    (9)    6 :  0.007 0.892 0.080 0.005 0.016 
338 TMA-ZAIN-G-    (0)    6 :  0.004 0.955 0.029 0.003 0.009 
339 TMA-ZAIN-G-    (0)    6 :  0.002 0.977 0.013 0.002 0.005 
340 TMA-ZAIN-G-    (0)    6 :  0.003 0.982 0.007 0.003 0.004 
341 TMA-ZAIN-G-    (0)    6 :  0.005 0.977 0.010 0.004 0.004 
342 TMA-ZAIN-G-    (0)    6 :  0.005 0.977 0.009 0.004 0.006 
343 TMA-ZAIN-G-    (0)    7 :  0.003 0.963 0.026 0.004 0.004 
344 TMA-ZAIN-G-    (0)    7 :  0.004 0.973 0.008 0.006 0.008 
345 TMA-ZAIN-G-    (0)    7 :  0.003 0.984 0.005 0.003 0.005 
346 TMA-ZAIN-G-    (0)    7 :  0.007 0.924 0.049 0.012 0.009 
347 TMA-ZAIN-G-    (9)    7 :  0.003 0.980 0.008 0.003 0.005 
348 TMA-ZAIN-G-    (0)    7 :  0.005 0.954 0.023 0.005 0.013 
349 TMA-ZAIN-G-    (0)    7 :  0.004 0.972 0.014 0.004 0.006 
350 TMA-ZAIN-G-    (0)    7 :  0.006 0.931 0.040 0.008 0.015 
351 TMA-ZAIN-G-    (0)    7 :  0.004 0.978 0.008 0.004 0.007 
352 TMA-ZAIN-G-    (0)    7 :  0.008 0.970 0.009 0.005 0.008 
353 TMA-ZAIN-G-    (0)    7 :  0.006 0.922 0.046 0.013 0.012 
354 TMA-ZAIN-G-    (0)    7 :  0.004 0.977 0.007 0.007 0.005 
355 TMA-ZAIN-G-    (0)    7 :  0.008 0.961 0.015 0.011 0.006 
356 TMA-ZAIN-G-    (0)    8 :  0.962 0.002 0.004 0.004 0.028 
357 TMA-ZAIN-G-    (0)    8 :  0.680 0.004 0.014 0.287 0.015 
358 TMA-ZAIN-G-    (0)    8 :  0.554 0.032 0.052 0.327 0.036 
359 TMA-ZAIN-G-    (0)    8 :  0.939 0.010 0.008 0.006 0.037 
360 TMA-ZAIN-G-    (0)    8 :  0.980 0.004 0.004 0.007 0.006 
361 TMA-ZAIN-G-    (0)    8 :  0.233 0.004 0.013 0.738 0.012 
362 TMA-ZAIN-G-    (0)    8 :  0.968 0.014 0.006 0.006 0.007 
363 TMA-ZAIN-G-    (0)    9 :  0.303 0.014 0.006 0.630 0.047 
364 TMA-ZAIN-G-    (0)    9 :  0.051 0.023 0.530 0.044 0.351 
365 TMA-ZAIN-G-    (0)    9 :  0.780 0.155 0.011 0.037 0.017 
366 TMA-ZAIN-G-    (0)    9 :  0.974 0.007 0.004 0.008 0.008 
367 TMA-ZAIN-G-    (0)    9 :  0.057 0.007 0.141 0.746 0.049 
368 TMA-ZAIN-G-    (0)    9 :  0.965 0.005 0.004 0.016 0.009 
369 TMA-ZAIN-G-    (0)    9 :  0.061 0.003 0.003 0.928 0.005 
370 TMA-ZAIN-G-    (0)    9 :  0.069 0.004 0.012 0.910 0.006 
371 TMA-ZAIN-G-    (0)    9 :  0.977 0.004 0.005 0.009 0.005 
372 TMA-ZAIN-G-    (0)    9 :  0.959 0.004 0.005 0.027 0.005 
373 TMA-ZAIN-G-    (0)    9 :  0.005 0.004 0.003 0.983 0.006 
374 TMA-ZAIN-G-    (0)   10 :  0.032 0.008 0.256 0.448 0.255 
375 TMA-ZAIN-G-    (0)   10 :  0.033 0.025 0.156 0.455 0.331 
376 TMA-ZAIN-G-    (9)   10 :  0.972 0.003 0.006 0.015 0.004 
377 TMA-ZAIN-G-    (0)   10 :  0.981 0.003 0.003 0.010 0.004 
378 TMA-ZAIN-G-    (0)   10 :  0.978 0.003 0.005 0.011 0.004 
379 TMA-ZAIN-G-    (0)   10 :  0.970 0.003 0.005 0.016 0.007 
380 TMA-ZAIN-G-    (0)   10 :  0.971 0.003 0.003 0.017 0.005 
381 TMA-ZAIN-G-    (9)   10 :  0.054 0.012 0.009 0.025 0.900 
382 TMA-ZAIN-G-    (9)   10 :  0.006 0.065 0.902 0.007 0.021 
383    ZFB01    (0)   11 :  0.005 0.011 0.976 0.004 0.004 
384    ZFB02    (0)   11 :  0.004 0.039 0.946 0.003 0.008 
385    ZFB03    (0)   11 :  0.005 0.006 0.977 0.007 0.006 
386    ZFB04    (0)   11 :  0.005 0.041 0.944 0.003 0.007 
387    ZFB05    (0)   11 :  0.005 0.107 0.843 0.008 0.037 
388    ZFB06    (0)   11 :  0.005 0.049 0.917 0.008 0.020 
389    ZFB07    (9)   11 :  0.009 0.010 0.966 0.007 0.008 
390    ZFB08    (0)   11 :  0.007 0.006 0.973 0.006 0.007 
391    ZFB09    (0)   11 :  0.003 0.006 0.984 0.003 0.004 
392    ZFB10    (0)   11 :  0.018 0.011 0.959 0.007 0.006 
393    ZFB11    (0)   11 :  0.009 0.018 0.963 0.004 0.005 
394    ZFB12    (0)   11 :  0.006 0.027 0.951 0.007 0.008 
395    ZFB13    (0)   11 :  0.009 0.008 0.969 0.006 0.008 
396    ZFB14    (0)   11 :  0.006 0.004 0.980 0.004 0.005 
397    ZFB15    (0)   11 :  0.003 0.017 0.973 0.003 0.004 
398    ZFB16    (0)   11 :  0.006 0.019 0.964 0.005 0.006 
399    ZFB17    (0)   11 :  0.014 0.033 0.919 0.009 0.025 
400    ZFB18    (0)   11 :  0.004 0.004 0.984 0.003 0.004 
401    ZFB19    (0)   11 :  0.024 0.008 0.946 0.014 0.009 
402    ZFB20    (0)   11 :  0.006 0.045 0.938 0.005 0.005 
403    ZFB21    (0)   11 :  0.003 0.014 0.975 0.003 0.005 
404    ZFB22    (0)   11 :  0.013 0.091 0.878 0.009 0.009 
405    ZFB23    (0)   11 :  0.009 0.026 0.952 0.006 0.006 
406    ZFB24    (0)   11 :  0.008 0.042 0.939 0.004 0.006 
407    ZFB25    (0)   11 :  0.022 0.007 0.959 0.008 0.005 
408    ZFB26    (0)   11 :  0.023 0.070 0.889 0.009 0.009 
409    ZFB27    (0)   11 :  0.009 0.079 0.902 0.005 0.006 
410    ZFB28    (0)   11 :  0.007 0.084 0.882 0.009 0.019 
411    ZFB29    (0)   11 :  0.005 0.023 0.963 0.003 0.007 
412    ZFB30    (0)   11 :  0.012 0.144 0.819 0.012 0.014 
413    ZFB31    (0)   11 :  0.014 0.007 0.967 0.007 0.005 
414    ZFB32    (0)   11 :  0.013 0.052 0.886 0.012 0.038 
415    ZFB33    (0)   11 :  0.004 0.013 0.975 0.003 0.005 
416    ZFB34    (0)   11 :  0.004 0.005 0.982 0.003 0.005 
417    ZFB35    (0)   11 :  0.007 0.012 0.970 0.005 0.005 
418  ZFBP101    (0)   12 :  0.684 0.010 0.014 0.250 0.042 
419  ZFBP102    (0)   12 :  0.861 0.011 0.016 0.094 0.018 
420  ZFBP103    (0)   12 :  0.185 0.011 0.013 0.740 0.051 
421  ZFBP104    (0)   12 :  0.426 0.019 0.052 0.475 0.028 
422  ZFBP105    (0)   12 :  0.673 0.006 0.008 0.307 0.006 
423  ZFBP106    (0)   12 :  0.839 0.004 0.004 0.145 0.007 
424  ZFBP107    (0)   12 :  0.487 0.017 0.007 0.478 0.011 
425  ZFBP108    (0)   12 :  0.978 0.004 0.004 0.011 0.004 
426  ZFBP109    (0)   12 :  0.977 0.003 0.005 0.012 0.004 
427  ZFBP110    (0)   12 :  0.192 0.009 0.058 0.690 0.050 
428  ZFBP111    (0)   12 :  0.958 0.003 0.003 0.031 0.005 
429  ZFBP112    (0)   12 :  0.966 0.007 0.004 0.015 0.008 
430  ZFBP113    (0)   12 :  0.972 0.005 0.004 0.014 0.005 
431  ZFBP114    (0)   12 :  0.949 0.006 0.005 0.035 0.005 
432  ZFBP115    (0)   12 :  0.255 0.004 0.003 0.730 0.008 
433  ZFBP116    (0)   12 :  0.960 0.005 0.004 0.025 0.007 
434  ZFBP117    (0)   12 :  0.972 0.003 0.004 0.016 0.006 
435  ZFBP118    (0)   12 :  0.970 0.006 0.004 0.015 0.005 
436  ZFBP119    (0)   12 :  0.696 0.003 0.005 0.281 0.015 
437  ZFBP120    (0)   12 :  0.744 0.006 0.008 0.237 0.006 
438  ZFBP121    (0)   12 :  0.954 0.004 0.008 0.027 0.007 
439  ZFBP122    (9)   12 :  0.959 0.004 0.004 0.027 0.006 
440  ZFBP123    (0)   12 :  0.969 0.007 0.005 0.011 0.009 
441  ZFBP124    (0)   12 :  0.962 0.005 0.010 0.018 0.005 
442  ZFBP125    (0)   12 :  0.966 0.003 0.003 0.024 0.005 
443  ZFBP126    (0)   12 :  0.934 0.010 0.013 0.016 0.027 
444  ZFBP127    (0)   12 :  0.805 0.003 0.004 0.179 0.009 
445  ZFBP128    (0)   12 :  0.973 0.003 0.005 0.015 0.005 
446  ZFBP129    (0)   12 :  0.977 0.003 0.006 0.008 0.007 
447  ZFBP130    (0)   12 :  0.972 0.003 0.002 0.015 0.007 
448  ZFBP131    (0)   12 :  0.981 0.004 0.004 0.006 0.004 
449  ZFBP132    (0)   12 :  0.959 0.003 0.005 0.028 0.005 
450  ZFBP133    (0)   12 :  0.985 0.002 0.004 0.005 0.004 
451  ZFBP134    (0)   12 :  0.500 0.004 0.004 0.477 0.015 
452  ZFBP135    (0)   12 :  0.766 0.008 0.032 0.147 0.047 
453  ZFBP136    (0)   12 :  0.877 0.009 0.004 0.094 0.016 
454  ZFBP201    (0)   13 :  0.951 0.007 0.008 0.025 0.009 
455  ZFBP202    (0)   13 :  0.956 0.004 0.007 0.028 0.005 
456  ZFBP203    (0)   13 :  0.937 0.029 0.007 0.011 0.016 
457  ZFBP204    (0)   13 :  0.790 0.006 0.005 0.188 0.011 
458  ZFBP205    (0)   13 :  0.979 0.005 0.004 0.006 0.006 
459  ZFBP206    (0)   13 :  0.972 0.008 0.005 0.007 0.008 
460  ZFBP207    (0)   13 :  0.392 0.004 0.008 0.586 0.009 
461  ZFBP208    (0)   13 :  0.965 0.013 0.004 0.008 0.010 
462  ZFBP209    (0)   13 :  0.985 0.002 0.003 0.005 0.004 
463  ZFBP210    (0)   13 :  0.959 0.008 0.006 0.019 0.008 
464  ZFBP211    (0)   13 :  0.964 0.004 0.008 0.018 0.006 
465  ZFBP212    (0)   13 :  0.709 0.004 0.008 0.276 0.004 
466  ZFBP213    (0)   13 :  0.958 0.006 0.011 0.013 0.011 
467  ZFBP214    (0)   13 :  0.918 0.006 0.012 0.037 0.027 
468  ZFBP215    (0)   13 :  0.977 0.003 0.005 0.010 0.005 
469  ZFBP216    (0)   13 :  0.919 0.010 0.005 0.055 0.011 
470  ZFBP217    (0)   13 :  0.958 0.003 0.006 0.027 0.006 
471  ZFBP218    (0)   13 :  0.982 0.003 0.003 0.008 0.004 
472  ZFBP219    (0)   13 :  0.976 0.004 0.004 0.011 0.005 
473  ZFBP220    (0)   13 :  0.938 0.004 0.003 0.047 0.008 
474  ZFBP221    (0)   13 :  0.824 0.004 0.007 0.161 0.004 
475  ZFBP222    (0)   13 :  0.977 0.005 0.005 0.006 0.007 
476  ZFBP223    (0)   13 :  0.418 0.007 0.012 0.552 0.011 
477  ZFBP224    (0)   13 :  0.969 0.005 0.006 0.012 0.008 
478  ZFBP225    (0)   13 :  0.899 0.006 0.004 0.081 0.010 
479  ZFBP226    (0)   13 :  0.969 0.006 0.004 0.016 0.005 
480  ZFBP227    (0)   13 :  0.602 0.033 0.036 0.242 0.087 
481  ZFBP228    (0)   13 :  0.561 0.003 0.006 0.421 0.009 
482  ZFBP229    (0)   13 :  0.972 0.003 0.004 0.015 0.006 
483  ZFBP230    (0)   13 :  0.927 0.004 0.004 0.056 0.009 
484  ZFBP231    (0)   13 :  0.964 0.005 0.006 0.019 0.006 
485  ZFBP232    (0)   13 :  0.979 0.003 0.004 0.010 0.004 
486  ZFBP233    (0)   13 :  0.963 0.005 0.008 0.018 0.006 
487   ZFCC01    (0)   14 :  0.007 0.007 0.020 0.006 0.960 
488   ZFCC03    (0)   14 :  0.010 0.004 0.011 0.014 0.961 
489   ZFCC04    (0)   14 :  0.007 0.005 0.009 0.008 0.971 
490   ZFCC05    (0)   14 :  0.011 0.005 0.009 0.014 0.962 
491   ZFCC08    (0)   14 :  0.078 0.004 0.015 0.034 0.869 
492   ZFCC09    (0)   14 :  0.009 0.005 0.025 0.020 0.940 
493   ZFCC10    (0)   14 :  0.011 0.006 0.073 0.006 0.904 
494   ZFCC11    (0)   14 :  0.009 0.004 0.009 0.010 0.967 
495   ZFCC12    (0)   14 :  0.009 0.045 0.021 0.012 0.912 
496   ZFCC13    (0)   14 :  0.021 0.008 0.006 0.036 0.929 
497   ZFCC14    (0)   14 :  0.023 0.007 0.028 0.009 0.934 
498   ZFCC15    (0)   14 :  0.006 0.005 0.008 0.009 0.972 
499   ZFCC16    (0)   14 :  0.006 0.007 0.011 0.006 0.970 
500   ZFCC17    (0)   14 :  0.004 0.013 0.010 0.008 0.965 
501   ZFCC18    (0)   14 :  0.009 0.005 0.012 0.011 0.962 
502   ZFCC19    (0)   14 :  0.004 0.007 0.007 0.005 0.977 
503   ZFCC20    (0)   14 :  0.006 0.004 0.006 0.016 0.968 
504   ZFCC21    (0)   14 :  0.127 0.006 0.015 0.012 0.840 
505   ZFCC22    (0)   14 :  0.681 0.014 0.029 0.058 0.219 
506   ZFCC26    (0)   14 :  0.006 0.005 0.009 0.008 0.972 
507   ZFCC27    (0)   14 :  0.007 0.004 0.006 0.011 0.972 
508   ZFCC29    (0)   14 :  0.007 0.006 0.014 0.008 0.966 
509   ZFCC30    (0)   14 :  0.006 0.004 0.004 0.015 0.970 
510   ZFCC32    (0)   14 :  0.007 0.007 0.014 0.013 0.958 
511   ZFCC33    (0)   14 :  0.006 0.006 0.009 0.008 0.971 
512   ZFCC34    (0)   14 :  0.100 0.065 0.109 0.304 0.422 
513   ZFCC35    (0)   14 :  0.009 0.004 0.008 0.012 0.967 
514   ZFCC36    (0)   14 :  0.021 0.014 0.008 0.012 0.946 
515   ZFCC37    (0)   14 :  0.017 0.045 0.022 0.012 0.905 
516   ZFCC40    (0)   14 :  0.016 0.013 0.018 0.007 0.945 
517   ZFCC42    (0)   14 :  0.017 0.524 0.014 0.105 0.341 
518   ZFCC44    (0)   14 :  0.006 0.005 0.004 0.018 0.967 
519   ZFCC45    (9)   14 :  0.006 0.012 0.022 0.008 0.952 
520   ZFCC46    (0)   14 :  0.039 0.005 0.008 0.111 0.837 
521   ZFCC47    (0)   14 :  0.012 0.028 0.035 0.032 0.893 
522   ZFCC48    (0)   14 :  0.158 0.005 0.020 0.013 0.804 
523   ZFCC50    (0)   14 :  0.005 0.007 0.008 0.007 0.974 
524   ZFCC51    (0)   14 :  0.006 0.004 0.009 0.024 0.957 
525   ZFCC52    (0)   14 :  0.033 0.011 0.007 0.020 0.929 
526   ZFCC53    (0)   14 :  0.005 0.005 0.008 0.009 0.974 
527  ZFCNS01    (0)   15 :  0.004 0.006 0.003 0.979 0.008 
528  ZFCNS02    (0)   15 :  0.007 0.003 0.004 0.980 0.006 
529  ZFCNS05    (0)   15 :  0.008 0.003 0.006 0.975 0.007 
530  ZFCNS06    (0)   15 :  0.007 0.003 0.005 0.978 0.007 
531  ZFCNS07    (0)   15 :  0.015 0.004 0.004 0.972 0.006 
532  ZFCNS10    (0)   15 :  0.006 0.003 0.003 0.983 0.005 
533  ZFCNS11    (0)   15 :  0.004 0.004 0.003 0.981 0.007 
534  ZFCNS15    (0)   15 :  0.009 0.003 0.005 0.979 0.004 
535  ZFCNS17    (0)   15 :  0.006 0.004 0.004 0.979 0.007 
536  ZFCNS18    (0)   15 :  0.006 0.003 0.004 0.982 0.005 
537  ZFCNS19    (0)   15 :  0.004 0.003 0.004 0.982 0.006 
538  ZFCNS20    (0)   15 :  0.014 0.003 0.004 0.972 0.007 
539  ZFCNS21    (0)   15 :  0.004 0.003 0.004 0.984 0.005 
540  ZFCNS22    (0)   15 :  0.011 0.004 0.006 0.974 0.006 
541  ZFCNS23    (0)   15 :  0.009 0.009 0.007 0.961 0.015 
542  ZFCNS24    (0)   15 :  0.006 0.003 0.003 0.976 0.011 
543  ZFCNS25    (0)   15 :  0.011 0.003 0.004 0.976 0.007 
544  ZFCNS26    (0)   15 :  0.006 0.003 0.005 0.981 0.005 
545  ZFCNS27    (0)   15 :  0.014 0.003 0.004 0.975 0.005 
546  ZFCNS28    (0)   15 :  0.007 0.003 0.006 0.978 0.006 
547  ZFCNS29    (0)   15 :  0.007 0.003 0.004 0.978 0.008 
548  ZFCNS30    (0)   15 :  0.005 0.003 0.005 0.980 0.007 
549  ZFCNS31    (0)   15 :  0.006 0.003 0.004 0.982 0.005 
550  ZFCNS32    (0)   15 :  0.006 0.003 0.005 0.979 0.006 
551  ZFCNS33    (0)   15 :  0.006 0.003 0.005 0.982 0.005 
552  ZFCNS34    (0)   15 :  0.007 0.004 0.005 0.973 0.011 
553  ZFCNS35    (0)   15 :  0.005 0.003 0.005 0.981 0.006 
554  ZFCNS36    (0)   15 :  0.006 0.004 0.004 0.975 0.011 
555  ZFCNS37    (0)   15 :  0.005 0.003 0.004 0.983 0.005 
556  ZFCNS39    (0)   15 :  0.005 0.003 0.003 0.982 0.006 
557  ZFCNS40    (0)   15 :  0.008 0.003 0.004 0.975 0.010 
558  ZFCNS41    (0)   15 :  0.007 0.005 0.005 0.973 0.010 
559  ZFCNS42    (0)   15 :  0.005 0.003 0.004 0.983 0.005 
560  ZFCNS43    (0)   15 :  0.004 0.003 0.004 0.982 0.007 
561  ZFCNS44    (0)   15 :  0.005 0.003 0.003 0.984 0.005 
562  ZFCNS46    (0)   15 :  0.006 0.003 0.004 0.981 0.006 
563  ZFCNS47    (0)   15 :  0.005 0.003 0.004 0.983 0.006 
564  ZFCNS48    (0)   15 :  0.007 0.003 0.004 0.981 0.006 
565  ZFCNS49    (0)   15 :  0.006 0.003 0.004 0.983 0.004 
566   ZFCR01    (0)   16 :  0.082 0.036 0.574 0.011 0.298 
567   ZFCR02    (0)   16 :  0.099 0.013 0.450 0.027 0.411 
568   ZFCR03    (0)   16 :  0.091 0.132 0.424 0.010 0.342 
569   ZFCR04    (0)   16 :  0.041 0.043 0.829 0.035 0.051 
570   ZFCR05    (0)   16 :  0.011 0.022 0.366 0.008 0.593 
571   ZFCR06    (0)   16 :  0.110 0.014 0.152 0.191 0.532 
572   ZFCR07    (0)   16 :  0.012 0.023 0.094 0.108 0.763 
573   ZFCR08    (0)   16 :  0.050 0.049 0.091 0.008 0.802 
574   ZFCR09    (0)   16 :  0.211 0.486 0.127 0.122 0.054 
575   ZFCR11    (0)   16 :  0.028 0.021 0.507 0.156 0.289 
576   ZFCR12    (0)   16 :  0.026 0.007 0.049 0.204 0.714 
577   ZFCR13    (0)   16 :  0.082 0.004 0.031 0.023 0.859 
578   ZFCR14    (0)   16 :  0.025 0.008 0.270 0.015 0.681 
579   ZFCR15    (0)   16 :  0.038 0.010 0.237 0.013 0.702 
580   ZFCR16    (0)   16 :  0.092 0.005 0.291 0.009 0.603 
581   ZFCR18    (0)   16 :  0.018 0.007 0.930 0.013 0.031 
582   ZFCR19    (0)   16 :  0.172 0.130 0.337 0.021 0.340 
583   ZFCR20    (0)   16 :  0.108 0.053 0.688 0.023 0.128 
584   ZFCR21    (0)   16 :  0.011 0.004 0.019 0.010 0.956 
585   ZFCR22    (0)   16 :  0.015 0.007 0.028 0.006 0.943 
586   ZFCR23    (0)   16 :  0.155 0.075 0.072 0.050 0.648 
587   ZFCR24    (9)   16 :  0.464 0.017 0.244 0.016 0.259 
588   ZFCR25    (0)   16 :  0.005 0.008 0.047 0.005 0.936 
589   ZFCR26    (0)   16 :  0.021 0.109 0.031 0.008 0.830 
590   ZFCR27    (9)   16 :  0.004 0.107 0.150 0.004 0.736 
