

----------------------------------------------------
STRUCTURE by Pritchard, Stephens and Donnelly (2000)
     and Falush, Stephens and Pritchard (2003)
       Code by Pritchard, Falush and Hubisz
             Version 2.3.4 (Jul 2012)
----------------------------------------------------



Command line arguments:   bin\structure -m C:\Users\eschumacher\Documents\GitHub\GCC_QUAC_ZAIN\Data_Files\Structure_Files\ZAIN\ZAIN_rebinned_allpop_str\50-50\mainparams -e C:\Users\eschumacher\Documents\GitHub\GCC_QUAC_ZAIN\Data_Files\Structure_Files\ZAIN\ZAIN_rebinned_allpop_str\50-50\extraparams 
Input File:    C:\Users\eschumacher\Documents\GitHub\GCC_QUAC_ZAIN\Data_Files\Structure_Files\ZAIN\ZAIN_rebinned_allpop_str\project_data

Run parameters:
   1133 individuals
   11 loci
   16 populations assumed
   50000 Burn-in period
   50000 Reps


--------------------------------------------
Proportion of membership of each pre-defined
 population in each of the 16 clusters

Given    Inferred Clusters                                                                                                  Number of
 Pop       1      2      3      4      5      6      7      8      9     10     11     12     13     14     15     16      Individuals

  1:     0.062  0.044  0.073  0.074  0.066  0.090  0.024  0.084  0.068  0.087  0.055  0.062  0.072  0.063  0.033  0.042      303
  2:     0.046  0.014  0.105  0.049  0.076  0.108  0.040  0.092  0.013  0.064  0.035  0.120  0.159  0.030  0.026  0.023       15
  3:     0.083  0.216  0.019  0.009  0.016  0.053  0.014  0.077  0.010  0.380  0.011  0.062  0.005  0.019  0.009  0.017        2
  4:     0.014  0.006  0.115  0.046  0.048  0.035  0.221  0.055  0.006  0.091  0.057  0.182  0.026  0.060  0.019  0.018        2
  5:     0.036  0.162  0.044  0.028  0.119  0.019  0.016  0.016  0.015  0.332  0.063  0.048  0.012  0.023  0.050  0.018        7
  6:     0.008  0.076  0.100  0.006  0.009  0.644  0.006  0.007  0.005  0.007  0.060  0.028  0.005  0.004  0.006  0.030       13
  7:     0.004  0.004  0.005  0.007  0.006  0.924  0.005  0.004  0.007  0.009  0.005  0.005  0.003  0.004  0.003  0.006       13
  8:     0.035  0.048  0.038  0.008  0.110  0.007  0.014  0.031  0.021  0.014  0.119  0.037  0.008  0.430  0.058  0.023        7
  9:     0.039  0.046  0.231  0.049  0.087  0.015  0.033  0.053  0.006  0.012  0.068  0.278  0.008  0.034  0.019  0.022       11
 10:     0.046  0.013  0.041  0.065  0.059  0.011  0.061  0.031  0.010  0.106  0.082  0.081  0.015  0.351  0.016  0.013        9
 11:     0.008  0.004  0.006  0.840  0.009  0.016  0.008  0.010  0.040  0.010  0.005  0.009  0.005  0.012  0.005  0.013       35
 12:     0.097  0.013  0.080  0.006  0.124  0.004  0.008  0.233  0.004  0.006  0.051  0.186  0.017  0.131  0.022  0.017       36
 13:     0.099  0.021  0.044  0.005  0.263  0.005  0.011  0.215  0.006  0.006  0.015  0.210  0.008  0.060  0.024  0.008       33
 14:     0.007  0.009  0.006  0.008  0.017  0.015  0.009  0.011  0.007  0.006  0.010  0.014  0.824  0.007  0.010  0.041       40
 15:     0.007  0.882  0.022  0.004  0.007  0.003  0.005  0.009  0.003  0.004  0.020  0.008  0.006  0.007  0.007  0.006       39
 16:     0.022  0.011  0.020  0.208  0.032  0.055  0.341  0.024  0.019  0.143  0.013  0.024  0.024  0.023  0.025  0.015       40
 17:     0.010  0.010  0.009  0.049  0.012  0.038  0.055  0.015  0.044  0.648  0.011  0.011  0.018  0.009  0.016  0.044       37
 18:     0.028  0.012  0.041  0.005  0.139  0.003  0.005  0.083  0.003  0.004  0.029  0.105  0.006  0.509  0.021  0.008       40
 19:     0.004  0.015  0.006  0.859  0.006  0.022  0.006  0.006  0.004  0.007  0.005  0.006  0.005  0.005  0.003  0.040       28
 20:     0.005  0.005  0.005  0.004  0.006  0.004  0.005  0.006  0.005  0.004  0.007  0.007  0.012  0.004  0.006  0.916       14
 21:     0.008  0.026  0.012  0.011  0.008  0.014  0.014  0.012  0.801  0.025  0.011  0.013  0.007  0.009  0.005  0.023       13
 22:     0.005  0.013  0.012  0.004  0.007  0.002  0.005  0.007  0.002  0.003  0.906  0.008  0.007  0.008  0.005  0.005       14
 23:     0.714  0.008  0.011  0.004  0.028  0.003  0.005  0.038  0.004  0.004  0.027  0.103  0.006  0.017  0.022  0.007       25
 24:     0.010  0.006  0.008  0.006  0.013  0.005  0.005  0.010  0.006  0.005  0.009  0.015  0.008  0.011  0.878  0.005       40
 25:     0.014  0.016  0.028  0.032  0.022  0.010  0.019  0.028  0.009  0.012  0.056  0.026  0.657  0.024  0.008  0.038       32
 26:     0.003  0.003  0.003  0.003  0.003  0.004  0.003  0.003  0.954  0.004  0.002  0.003  0.003  0.003  0.003  0.004       20
 27:     0.007  0.004  0.006  0.604  0.012  0.032  0.214  0.009  0.003  0.043  0.015  0.008  0.006  0.018  0.005  0.014        4
 28:     0.016  0.005  0.013  0.704  0.044  0.058  0.024  0.011  0.004  0.011  0.009  0.018  0.009  0.054  0.011  0.010       23
 29:     0.005  0.006  0.005  0.884  0.007  0.018  0.010  0.005  0.004  0.017  0.007  0.005  0.008  0.007  0.004  0.006       39
 30:     0.005  0.004  0.004  0.011  0.005  0.911  0.005  0.006  0.007  0.006  0.004  0.005  0.004  0.005  0.004  0.014       38
 31:     0.020  0.146  0.513  0.004  0.032  0.004  0.011  0.044  0.005  0.006  0.073  0.057  0.009  0.025  0.044  0.007       45
 32:     0.067  0.123  0.251  0.005  0.093  0.004  0.007  0.139  0.011  0.008  0.068  0.126  0.012  0.053  0.018  0.016       28
 33:     0.004  0.007  0.004  0.898  0.005  0.007  0.009  0.005  0.015  0.016  0.005  0.006  0.006  0.005  0.004  0.006        6
 34:     0.006  0.009  0.010  0.013  0.009  0.008  0.850  0.007  0.004  0.032  0.009  0.008  0.006  0.006  0.013  0.011       40
 35:     0.008  0.009  0.016  0.016  0.007  0.030  0.029  0.012  0.041  0.764  0.011  0.009  0.010  0.006  0.011  0.019       42
--------------------------------------------

Allele-freq. divergence among pops (Net nucleotide distance),
computed using point estimates of P.

      1       2       3       4       5       6       7       8       9      10      11      12      13      14      15      16      
 1      -    0.2564  0.1291  0.2765  0.0900  0.3196  0.2029  0.0730  0.3974  0.2071  0.1655  0.0716  0.2507  0.1223  0.1260  0.2192  
 2   0.2564     -    0.1446  0.2958  0.2648  0.3749  0.2392  0.2528  0.4706  0.2003  0.1773  0.2326  0.2107  0.3128  0.2956  0.2441  
 3   0.1291  0.1446     -    0.2779  0.0987  0.3143  0.1331  0.0958  0.3746  0.1684  0.0643  0.0590  0.2305  0.1051  0.1524  0.2093  
 4   0.2765  0.2958  0.2779     -    0.2291  0.1296  0.1694  0.2734  0.3238  0.1017  0.2521  0.2488  0.1871  0.2765  0.3658  0.2315  
 5   0.0900  0.2648  0.0987  0.2291     -    0.3209  0.1309  0.0606  0.4161  0.2078  0.0946  0.0291  0.2194  0.0436  0.1141  0.2037  
 6   0.3196  0.3749  0.3143  0.1296  0.3209     -    0.1988  0.3317  0.2078  0.1270  0.3429  0.2983  0.2852  0.3940  0.3865  0.2386  
 7   0.2029  0.2392  0.1331  0.1694  0.1309  0.1988     -    0.1951  0.3607  0.0978  0.1342  0.1308  0.1882  0.2170  0.1806  0.1739  
 8   0.0730  0.2528  0.0958  0.2734  0.0606  0.3317  0.1951     -    0.4007  0.2164  0.1253  0.0321  0.2896  0.0735  0.1795  0.2074  
 9   0.3974  0.4706  0.3746  0.3238  0.4161  0.2078  0.3607  0.4007     -    0.2121  0.4652  0.3654  0.3865  0.4742  0.4830  0.3367  
10   0.2071  0.2003  0.1684  0.1017  0.2078  0.1270  0.0978  0.2164  0.2121     -    0.1898  0.1918  0.1735  0.2636  0.2942  0.1471  
11   0.1655  0.1773  0.0643  0.2521  0.0946  0.3429  0.1342  0.1253  0.4652  0.1898     -    0.0775  0.1902  0.1171  0.1665  0.1857  
12   0.0716  0.2326  0.0590  0.2488  0.0291  0.2983  0.1308  0.0321  0.3654  0.1918  0.0775     -    0.2327  0.0659  0.1062  0.1740  
13   0.2507  0.2107  0.2305  0.1871  0.2194  0.2852  0.1882  0.2896  0.3865  0.1735  0.1902  0.2327     -    0.2999  0.2329  0.2059  
14   0.1223  0.3128  0.1051  0.2765  0.0436  0.3940  0.2170  0.0735  0.4742  0.2636  0.1171  0.0659  0.2999     -    0.1756  0.2861  
15   0.1260  0.2956  0.1524  0.3658  0.1141  0.3865  0.1806  0.1795  0.4830  0.2942  0.1665  0.1062  0.2329  0.1756     -    0.2865  
16   0.2192  0.2441  0.2093  0.2315  0.2037  0.2386  0.1739  0.2074  0.3367  0.1471  0.1857  0.1740  0.2059  0.2861  0.2865     -    

Average distances (expected heterozygosity) between individuals in same cluster:
cluster  1  : 0.3892 
cluster  2  : 0.2280 
cluster  3  : 0.4323 
cluster  4  : 0.4664 
cluster  5  : 0.3891 
cluster  6  : 0.3723 
cluster  7  : 0.4645 
cluster  8  : 0.3103 
cluster  9  : 0.2356 
cluster 10  : 0.5223 
cluster 11  : 0.3537 
cluster 12  : 0.4134 
cluster 13  : 0.3651 
cluster 14  : 0.3159 
cluster 15  : 0.3489 
cluster 16  : 0.2607 

--------------------------------------------
Estimated Ln Prob of Data   = -20208.7
Mean value of ln likelihood = -19235.8
Variance of ln likelihood   = 1946.0
Mean value of alpha         = 0.0342

Mean value of Fst_1         = 0.3920
Mean value of Fst_2         = 0.6128
Mean value of Fst_3         = 0.3230
Mean value of Fst_4         = 0.4019
Mean value of Fst_5         = 0.3710
Mean value of Fst_6         = 0.5792
Mean value of Fst_7         = 0.3078
Mean value of Fst_8         = 0.4108
Mean value of Fst_9         = 0.6696
Mean value of Fst_10         = 0.1822
Mean value of Fst_11         = 0.5214
Mean value of Fst_12         = 0.3023
Mean value of Fst_13         = 0.4664
Mean value of Fst_14         = 0.4709
Mean value of Fst_15         = 0.4339
Mean value of Fst_16         = 0.6046


Inferred ancestry of individuals:
        Label (%Miss) Pop:  Inferred clusters
  1 TMA-ZAIN-G-    (9)    1 :  0.005 0.040 0.043 0.655 0.088 0.017 0.016 0.006 0.003 0.039 0.009 0.050 0.008 0.006 0.007 0.007 
  2 TMA-ZAIN-G-    (0)    1 :  0.141 0.009 0.011 0.629 0.042 0.013 0.006 0.025 0.004 0.012 0.005 0.047 0.027 0.008 0.004 0.015 
  3 TMA-ZAIN-G-    (0)    1 :  0.011 0.022 0.029 0.005 0.612 0.003 0.013 0.024 0.003 0.004 0.063 0.081 0.009 0.066 0.049 0.007 
  4 TMA-ZAIN-G-    (0)    1 :  0.012 0.015 0.009 0.008 0.134 0.005 0.005 0.033 0.003 0.005 0.013 0.030 0.014 0.095 0.040 0.579 
  5 TMA-ZAIN-G-    (0)    1 :  0.002 0.002 0.002 0.946 0.003 0.007 0.006 0.003 0.004 0.003 0.003 0.003 0.006 0.003 0.002 0.005 
  6 TMA-ZAIN-G-    (0)    1 :  0.011 0.014 0.020 0.018 0.376 0.021 0.158 0.008 0.034 0.031 0.102 0.103 0.016 0.016 0.043 0.028 
  7 TMA-ZAIN-G-    (0)    1 :  0.018 0.034 0.024 0.010 0.109 0.006 0.012 0.109 0.005 0.009 0.184 0.352 0.010 0.030 0.007 0.081 
  8 TMA-ZAIN-G-    (0)    1 :  0.009 0.004 0.007 0.004 0.019 0.002 0.005 0.008 0.002 0.003 0.893 0.010 0.010 0.012 0.009 0.004 
  9 TMA-ZAIN-G-    (9)    1 :  0.048 0.007 0.067 0.005 0.159 0.006 0.023 0.181 0.004 0.005 0.016 0.423 0.005 0.025 0.019 0.007 
 10 TMA-ZAIN-G-    (0)    1 :  0.030 0.011 0.138 0.003 0.134 0.004 0.029 0.250 0.004 0.006 0.044 0.274 0.009 0.023 0.029 0.010 
 11 TMA-ZAIN-G-    (0)    1 :  0.011 0.008 0.092 0.005 0.018 0.005 0.006 0.402 0.005 0.006 0.010 0.396 0.006 0.006 0.005 0.017 
 12 TMA-ZAIN-G-    (0)    1 :  0.008 0.020 0.035 0.006 0.391 0.003 0.009 0.034 0.004 0.005 0.015 0.050 0.005 0.408 0.005 0.004 
 13 TMA-ZAIN-G-    (9)    1 :  0.169 0.109 0.102 0.029 0.013 0.079 0.012 0.136 0.019 0.023 0.030 0.201 0.014 0.036 0.014 0.014 
 14 TMA-ZAIN-G-    (9)    1 :  0.016 0.795 0.049 0.003 0.011 0.007 0.010 0.028 0.019 0.008 0.008 0.017 0.007 0.009 0.007 0.005 
 15 TMA-ZAIN-G-    (0)    1 :  0.004 0.629 0.083 0.003 0.147 0.002 0.005 0.004 0.002 0.005 0.009 0.086 0.007 0.005 0.007 0.003 
 16 TMA-ZAIN-G-    (0)    1 :  0.012 0.005 0.022 0.003 0.240 0.004 0.006 0.402 0.004 0.005 0.008 0.074 0.004 0.200 0.005 0.005 
 17 TMA-ZAIN-G-    (9)    1 :  0.004 0.014 0.670 0.008 0.012 0.016 0.014 0.010 0.003 0.016 0.081 0.014 0.018 0.008 0.006 0.104 
 18 TMA-ZAIN-G-    (0)    1 :  0.004 0.012 0.010 0.699 0.010 0.008 0.022 0.005 0.004 0.135 0.014 0.004 0.036 0.019 0.006 0.011 
 19 TMA-ZAIN-G-    (0)    1 :  0.008 0.011 0.026 0.014 0.020 0.014 0.137 0.024 0.012 0.572 0.068 0.022 0.004 0.023 0.005 0.040 
 20 TMA-ZAIN-G-    (0)    1 :  0.005 0.004 0.003 0.037 0.004 0.066 0.007 0.004 0.018 0.805 0.003 0.004 0.028 0.003 0.004 0.006 
 21 TMA-ZAIN-G-    (0)    1 :  0.002 0.002 0.003 0.003 0.003 0.005 0.004 0.002 0.958 0.003 0.002 0.003 0.003 0.002 0.003 0.003 
 22 TMA-ZAIN-G-    (0)    1 :  0.002 0.003 0.002 0.013 0.003 0.940 0.005 0.003 0.004 0.007 0.003 0.003 0.005 0.002 0.002 0.005 
 23 TMA-ZAIN-G-    (0)    1 :  0.004 0.005 0.005 0.006 0.004 0.923 0.007 0.005 0.004 0.010 0.006 0.005 0.003 0.004 0.003 0.006 
 24 TMA-ZAIN-G-    (9)    1 :  0.199 0.014 0.014 0.006 0.004 0.635 0.003 0.009 0.007 0.003 0.002 0.013 0.006 0.006 0.073 0.004 
 25 TMA-ZAIN-G-    (9)    1 :  0.053 0.003 0.006 0.076 0.129 0.015 0.008 0.006 0.007 0.598 0.003 0.079 0.004 0.006 0.004 0.004 
 26 TMA-ZAIN-G-    (9)    1 :  0.047 0.015 0.048 0.005 0.142 0.008 0.004 0.021 0.069 0.007 0.017 0.185 0.408 0.007 0.008 0.009 
 27 TMA-ZAIN-G-    (0)    1 :  0.005 0.066 0.015 0.070 0.009 0.015 0.653 0.012 0.024 0.059 0.009 0.013 0.013 0.003 0.010 0.024 
 28 TMA-ZAIN-G-    (0)    1 :  0.004 0.009 0.005 0.008 0.006 0.004 0.908 0.005 0.003 0.013 0.009 0.006 0.004 0.005 0.004 0.005 
 29 TMA-ZAIN-G-    (0)    1 :  0.005 0.006 0.006 0.003 0.004 0.004 0.005 0.004 0.004 0.226 0.004 0.004 0.015 0.004 0.703 0.003 
 30 TMA-ZAIN-G-    (0)    1 :  0.085 0.053 0.182 0.004 0.035 0.004 0.430 0.035 0.004 0.031 0.012 0.050 0.005 0.033 0.029 0.008 
 31 TMA-ZAIN-G-    (0)    1 :  0.009 0.006 0.003 0.832 0.005 0.012 0.006 0.007 0.010 0.013 0.007 0.006 0.056 0.004 0.006 0.019 
 32 TMA-ZAIN-G-    (9)    1 :  0.005 0.008 0.036 0.335 0.296 0.102 0.007 0.009 0.012 0.059 0.006 0.071 0.006 0.037 0.004 0.006 
 33 TMA-ZAIN-G-   (18)    1 :  0.005 0.005 0.021 0.004 0.509 0.003 0.006 0.013 0.002 0.004 0.018 0.362 0.003 0.033 0.008 0.004 
 34 TMA-ZAIN-G-    (0)    1 :  0.010 0.005 0.009 0.053 0.658 0.020 0.006 0.011 0.015 0.011 0.007 0.124 0.005 0.057 0.004 0.005 
 35 TMA-ZAIN-G-    (9)    1 :  0.010 0.010 0.018 0.006 0.674 0.003 0.007 0.009 0.003 0.006 0.007 0.201 0.006 0.016 0.017 0.006 
 36 TMA-ZAIN-G-    (0)    1 :  0.192 0.096 0.148 0.004 0.169 0.003 0.005 0.030 0.002 0.004 0.046 0.259 0.016 0.009 0.010 0.007 
 37 TMA-ZAIN-G-    (9)    1 :  0.007 0.003 0.005 0.003 0.520 0.003 0.006 0.007 0.004 0.004 0.010 0.401 0.005 0.006 0.005 0.010 
 38 TMA-ZAIN-G-   (18)    1 :  0.008 0.023 0.030 0.371 0.249 0.052 0.005 0.011 0.008 0.075 0.005 0.123 0.007 0.010 0.005 0.016 
 39 TMA-ZAIN-G-    (0)    1 :  0.616 0.004 0.054 0.003 0.060 0.003 0.009 0.040 0.008 0.004 0.015 0.080 0.007 0.076 0.012 0.009 
 40 TMA-ZAIN-G-    (0)    1 :  0.096 0.004 0.473 0.003 0.095 0.003 0.004 0.024 0.010 0.004 0.011 0.155 0.005 0.092 0.006 0.016 
 41 TMA-ZAIN-G-    (0)    1 :  0.167 0.020 0.661 0.003 0.035 0.003 0.004 0.011 0.003 0.003 0.025 0.031 0.005 0.020 0.005 0.003 
 42 TMA-ZAIN-G-    (9)    1 :  0.008 0.089 0.783 0.003 0.007 0.002 0.003 0.005 0.002 0.003 0.047 0.008 0.016 0.009 0.009 0.005 
 43 TMA-ZAIN-G-    (0)    1 :  0.005 0.922 0.009 0.003 0.004 0.003 0.003 0.006 0.002 0.003 0.015 0.004 0.005 0.003 0.010 0.004 
 44 TMA-ZAIN-G-    (0)    1 :  0.036 0.004 0.009 0.005 0.016 0.006 0.003 0.058 0.768 0.008 0.008 0.051 0.003 0.009 0.009 0.007 
 45 TMA-ZAIN-G-    (0)    1 :  0.011 0.013 0.116 0.005 0.188 0.004 0.010 0.364 0.009 0.007 0.019 0.173 0.008 0.055 0.005 0.012 
 46 TMA-ZAIN-G-    (0)    1 :  0.003 0.003 0.002 0.004 0.003 0.007 0.002 0.003 0.949 0.005 0.003 0.003 0.004 0.002 0.002 0.006 
 47 TMA-ZAIN-G-    (0)    1 :  0.003 0.004 0.004 0.004 0.006 0.003 0.005 0.003 0.004 0.004 0.005 0.004 0.932 0.005 0.004 0.012 
 48 TMA-ZAIN-G-    (0)    1 :  0.012 0.051 0.137 0.005 0.026 0.028 0.041 0.077 0.015 0.011 0.138 0.133 0.151 0.012 0.015 0.148 
 49 TMA-ZAIN-G-    (9)    1 :  0.006 0.004 0.007 0.013 0.028 0.007 0.012 0.011 0.003 0.795 0.008 0.012 0.006 0.027 0.042 0.018 
 50 TMA-ZAIN-G-    (0)    1 :  0.026 0.008 0.084 0.011 0.005 0.004 0.019 0.006 0.005 0.791 0.012 0.006 0.003 0.010 0.004 0.006 
 51 TMA-ZAIN-G-    (0)    1 :  0.008 0.054 0.025 0.006 0.009 0.005 0.021 0.013 0.009 0.790 0.010 0.011 0.015 0.003 0.007 0.013 
 52 TMA-ZAIN-G-    (0)    1 :  0.006 0.016 0.007 0.006 0.008 0.007 0.034 0.008 0.007 0.712 0.010 0.008 0.033 0.012 0.003 0.124 
 53 TMA-ZAIN-G-    (0)    1 :  0.011 0.036 0.010 0.135 0.005 0.010 0.009 0.015 0.004 0.627 0.011 0.010 0.048 0.003 0.005 0.061 
 54 TMA-ZAIN-G-    (0)    1 :  0.004 0.011 0.012 0.005 0.006 0.006 0.010 0.007 0.004 0.007 0.011 0.006 0.898 0.006 0.003 0.004 
 55 TMA-ZAIN-G-    (0)    1 :  0.004 0.021 0.039 0.004 0.006 0.009 0.024 0.009 0.006 0.022 0.015 0.008 0.817 0.010 0.003 0.004 
 56 TMA-ZAIN-G-    (0)    1 :  0.021 0.024 0.178 0.007 0.030 0.010 0.056 0.039 0.005 0.030 0.069 0.069 0.052 0.010 0.019 0.382 
 57 TMA-ZAIN-G-    (0)    1 :  0.010 0.005 0.005 0.008 0.014 0.004 0.005 0.011 0.003 0.027 0.006 0.010 0.832 0.039 0.009 0.013 
 58 TMA-ZAIN-G-    (0)    1 :  0.004 0.008 0.017 0.051 0.012 0.190 0.165 0.006 0.005 0.401 0.052 0.011 0.039 0.017 0.007 0.014 
 59 TMA-ZAIN-G-    (0)    1 :  0.017 0.009 0.021 0.541 0.037 0.025 0.023 0.052 0.017 0.011 0.037 0.124 0.014 0.015 0.017 0.040 
 60 TMA-ZAIN-G-    (0)    1 :  0.006 0.128 0.013 0.493 0.009 0.009 0.066 0.020 0.011 0.129 0.021 0.017 0.018 0.006 0.007 0.047 
 61 TMA-ZAIN-G-    (0)    1 :  0.003 0.003 0.003 0.869 0.005 0.023 0.006 0.003 0.015 0.010 0.004 0.004 0.010 0.003 0.003 0.035 
 62 TMA-ZAIN-G-    (9)    1 :  0.019 0.005 0.033 0.652 0.052 0.010 0.070 0.029 0.028 0.017 0.008 0.028 0.011 0.028 0.006 0.004 
 63 TMA-ZAIN-G-    (0)    1 :  0.003 0.007 0.005 0.897 0.006 0.010 0.008 0.004 0.004 0.009 0.006 0.004 0.012 0.007 0.002 0.013 
 64 TMA-ZAIN-G-    (0)    1 :  0.010 0.005 0.006 0.002 0.005 0.002 0.003 0.008 0.002 0.002 0.004 0.007 0.003 0.004 0.933 0.004 
 65 TMA-ZAIN-G-    (9)    1 :  0.005 0.005 0.007 0.003 0.053 0.002 0.005 0.007 0.002 0.003 0.010 0.008 0.007 0.017 0.859 0.005 
 66 TMA-ZAIN-G-    (0)    1 :  0.014 0.005 0.008 0.003 0.020 0.003 0.004 0.034 0.003 0.003 0.007 0.026 0.004 0.010 0.853 0.005 
 67 TMA-ZAIN-G-    (0)    1 :  0.101 0.003 0.013 0.004 0.036 0.009 0.014 0.055 0.017 0.009 0.007 0.034 0.005 0.016 0.673 0.004 
 68 TMA-ZAIN-G-    (0)    1 :  0.004 0.006 0.005 0.002 0.005 0.002 0.003 0.005 0.002 0.002 0.008 0.005 0.005 0.005 0.935 0.004 
 69 TMA-ZAIN-G-    (0)    1 :  0.033 0.015 0.006 0.019 0.049 0.019 0.006 0.028 0.024 0.024 0.007 0.018 0.008 0.026 0.699 0.019 
 70 TMA-ZAIN-G-    (0)    1 :  0.873 0.005 0.005 0.003 0.010 0.004 0.004 0.038 0.004 0.004 0.004 0.020 0.003 0.007 0.012 0.004 
 71 TMA-ZAIN-G-    (0)    1 :  0.883 0.003 0.006 0.003 0.011 0.003 0.003 0.040 0.004 0.003 0.004 0.014 0.003 0.012 0.004 0.004 
 72 TMA-ZAIN-G-    (0)    1 :  0.900 0.006 0.008 0.003 0.011 0.003 0.007 0.010 0.003 0.004 0.006 0.011 0.006 0.006 0.010 0.004 
 73 TMA-ZAIN-G-    (0)    1 :  0.846 0.003 0.005 0.015 0.012 0.019 0.016 0.007 0.021 0.014 0.006 0.007 0.011 0.007 0.005 0.003 
 74 TMA-ZAIN-G-    (0)    1 :  0.913 0.003 0.005 0.005 0.011 0.004 0.004 0.008 0.005 0.006 0.006 0.009 0.004 0.010 0.004 0.003 
 75 TMA-ZAIN-G-    (0)    1 :  0.915 0.004 0.005 0.004 0.011 0.003 0.005 0.009 0.003 0.004 0.006 0.006 0.007 0.008 0.005 0.005 
 76 TMA-ZAIN-G-    (0)    1 :  0.867 0.003 0.005 0.004 0.007 0.008 0.004 0.041 0.022 0.008 0.004 0.008 0.003 0.008 0.005 0.003 
 77 TMA-ZAIN-G-    (0)    1 :  0.916 0.005 0.009 0.003 0.006 0.004 0.005 0.008 0.006 0.005 0.004 0.008 0.004 0.004 0.006 0.007 
 78 TMA-ZAIN-G-    (0)    1 :  0.878 0.005 0.005 0.005 0.011 0.007 0.007 0.023 0.010 0.010 0.005 0.009 0.006 0.007 0.004 0.009 
 79 TMA-ZAIN-G-    (0)    1 :  0.865 0.006 0.007 0.003 0.007 0.005 0.005 0.025 0.011 0.007 0.005 0.016 0.004 0.005 0.003 0.025 
 80 TMA-ZAIN-G-    (0)    1 :  0.694 0.004 0.017 0.003 0.044 0.003 0.007 0.051 0.007 0.004 0.009 0.036 0.011 0.084 0.022 0.006 
 81 TMA-ZAIN-G-    (0)    1 :  0.708 0.007 0.013 0.003 0.019 0.005 0.007 0.135 0.008 0.007 0.009 0.026 0.005 0.012 0.005 0.030 
 82 TMA-ZAIN-G-    (0)    1 :  0.037 0.006 0.007 0.005 0.332 0.003 0.007 0.316 0.002 0.005 0.012 0.051 0.015 0.035 0.160 0.008 
 83 TMA-ZAIN-G-    (9)    1 :  0.010 0.005 0.007 0.028 0.628 0.021 0.024 0.013 0.018 0.010 0.018 0.051 0.012 0.124 0.026 0.005 
 84 TMA-ZAIN-G-    (0)    1 :  0.706 0.005 0.011 0.003 0.013 0.008 0.005 0.150 0.031 0.008 0.007 0.020 0.003 0.015 0.005 0.011 
 85 TMA-ZAIN-G-    (0)    1 :  0.003 0.003 0.003 0.004 0.004 0.005 0.004 0.004 0.002 0.004 0.004 0.003 0.003 0.003 0.003 0.947 
 86 TMA-ZAIN-G-    (0)    1 :  0.005 0.003 0.008 0.003 0.009 0.004 0.006 0.010 0.007 0.004 0.009 0.010 0.005 0.009 0.006 0.903 
 87 TMA-ZAIN-G-    (0)    1 :  0.003 0.003 0.003 0.004 0.004 0.006 0.003 0.003 0.003 0.004 0.003 0.004 0.003 0.003 0.002 0.948 
 88 TMA-ZAIN-G-    (0)    1 :  0.023 0.013 0.009 0.155 0.090 0.008 0.010 0.045 0.008 0.007 0.010 0.030 0.058 0.086 0.027 0.422 
 89 TMA-ZAIN-G-    (0)    1 :  0.039 0.032 0.012 0.021 0.028 0.015 0.004 0.048 0.018 0.008 0.007 0.027 0.363 0.030 0.023 0.326 
 90 TMA-ZAIN-G-    (0)    1 :  0.004 0.004 0.004 0.015 0.032 0.004 0.006 0.006 0.005 0.006 0.006 0.009 0.030 0.023 0.012 0.835 
 91 TMA-ZAIN-G-    (0)    1 :  0.008 0.012 0.008 0.053 0.011 0.005 0.017 0.014 0.005 0.006 0.013 0.013 0.035 0.007 0.011 0.782 
 92 TMA-ZAIN-G-    (0)    1 :  0.011 0.015 0.008 0.009 0.009 0.028 0.026 0.011 0.032 0.034 0.007 0.010 0.304 0.004 0.006 0.487 
 93 TMA-ZAIN-G-    (0)    1 :  0.006 0.026 0.006 0.042 0.007 0.015 0.098 0.008 0.011 0.026 0.007 0.008 0.491 0.003 0.008 0.238 
 94 TMA-ZAIN-G-    (0)    1 :  0.005 0.006 0.003 0.111 0.005 0.009 0.014 0.005 0.006 0.010 0.005 0.005 0.054 0.003 0.005 0.752 
 95 TMA-ZAIN-G-    (0)    1 :  0.011 0.016 0.018 0.007 0.004 0.007 0.858 0.005 0.004 0.039 0.004 0.007 0.004 0.006 0.007 0.005 
 96 TMA-ZAIN-G-    (0)    1 :  0.003 0.014 0.091 0.006 0.007 0.008 0.771 0.004 0.005 0.052 0.006 0.006 0.004 0.009 0.004 0.008 
 97 TMA-ZAIN-G-    (0)    1 :  0.014 0.007 0.004 0.886 0.004 0.006 0.004 0.010 0.006 0.016 0.006 0.006 0.012 0.003 0.006 0.009 
 98 TMA-ZAIN-G-    (0)    1 :  0.014 0.006 0.003 0.911 0.004 0.004 0.003 0.009 0.004 0.005 0.006 0.007 0.010 0.003 0.005 0.007 
 99 TMA-ZAIN-G-    (0)    1 :  0.005 0.006 0.031 0.658 0.055 0.006 0.007 0.047 0.021 0.005 0.008 0.111 0.003 0.018 0.014 0.005 
100 TMA-ZAIN-G-    (0)    1 :  0.006 0.007 0.003 0.838 0.004 0.008 0.005 0.005 0.030 0.021 0.004 0.005 0.024 0.003 0.005 0.032 
101 TMA-ZAIN-G-    (0)    1 :  0.009 0.006 0.004 0.883 0.005 0.004 0.004 0.020 0.006 0.009 0.005 0.018 0.011 0.005 0.006 0.004 
102 TMA-ZAIN-G-    (0)    1 :  0.013 0.025 0.034 0.117 0.023 0.554 0.010 0.011 0.008 0.061 0.007 0.020 0.010 0.073 0.012 0.021 
103 TMA-ZAIN-G-    (0)    1 :  0.008 0.007 0.011 0.679 0.027 0.081 0.016 0.016 0.005 0.057 0.013 0.012 0.005 0.028 0.006 0.027 
104 TMA-ZAIN-G-    (0)    1 :  0.003 0.004 0.004 0.936 0.004 0.008 0.004 0.003 0.004 0.006 0.005 0.003 0.005 0.004 0.002 0.004 
105 TMA-ZAIN-G-    (0)    1 :  0.008 0.007 0.012 0.713 0.030 0.046 0.020 0.020 0.003 0.025 0.017 0.016 0.007 0.032 0.006 0.040 
106 TMA-ZAIN-G-    (0)    1 :  0.072 0.083 0.424 0.003 0.026 0.003 0.007 0.045 0.003 0.004 0.036 0.184 0.005 0.051 0.045 0.008 
107 TMA-ZAIN-G-    (0)    1 :  0.096 0.012 0.016 0.004 0.098 0.003 0.006 0.060 0.003 0.005 0.020 0.370 0.007 0.281 0.015 0.006 
108 TMA-ZAIN-G-    (9)    1 :  0.010 0.020 0.025 0.128 0.359 0.036 0.010 0.024 0.019 0.052 0.009 0.239 0.012 0.007 0.005 0.044 
109 TMA-ZAIN-G-    (0)    1 :  0.008 0.026 0.084 0.272 0.086 0.006 0.046 0.017 0.004 0.008 0.063 0.033 0.058 0.149 0.123 0.016 
110 TMA-ZAIN-G-    (0)    1 :  0.020 0.018 0.072 0.045 0.101 0.075 0.022 0.075 0.098 0.091 0.063 0.190 0.013 0.089 0.007 0.020 
111 TMA-ZAIN-G-    (9)    1 :  0.033 0.004 0.011 0.322 0.121 0.161 0.019 0.030 0.020 0.077 0.008 0.019 0.018 0.143 0.010 0.006 
112 TMA-ZAIN-G-    (0)    1 :  0.015 0.029 0.156 0.202 0.063 0.072 0.052 0.100 0.015 0.091 0.048 0.042 0.024 0.063 0.014 0.014 
113 TMA-ZAIN-G-    (0)    1 :  0.021 0.005 0.005 0.851 0.011 0.011 0.004 0.019 0.005 0.004 0.007 0.011 0.016 0.014 0.011 0.005 
114 TMA-ZAIN-G-    (0)    1 :  0.003 0.002 0.002 0.932 0.004 0.012 0.005 0.003 0.010 0.005 0.003 0.003 0.004 0.004 0.002 0.006 
115 TMA-ZAIN-G-    (0)    1 :  0.004 0.004 0.003 0.943 0.005 0.006 0.005 0.003 0.004 0.004 0.003 0.003 0.004 0.005 0.003 0.003 
116 TMA-ZAIN-G-    (0)    1 :  0.009 0.005 0.006 0.005 0.689 0.003 0.005 0.009 0.002 0.003 0.013 0.015 0.011 0.211 0.009 0.005 
117 TMA-ZAIN-G-    (0)    1 :  0.058 0.046 0.033 0.005 0.410 0.003 0.028 0.037 0.003 0.008 0.090 0.064 0.026 0.023 0.140 0.025 
118 TMA-ZAIN-G-    (0)    1 :  0.009 0.015 0.009 0.005 0.691 0.003 0.008 0.011 0.003 0.005 0.010 0.008 0.008 0.196 0.015 0.005 
119 TMA-ZAIN-G-    (0)    1 :  0.035 0.005 0.005 0.017 0.585 0.013 0.013 0.013 0.013 0.015 0.011 0.013 0.009 0.230 0.019 0.005 
120 TMA-ZAIN-G-    (0)    1 :  0.013 0.038 0.011 0.006 0.694 0.004 0.014 0.012 0.003 0.008 0.014 0.013 0.009 0.137 0.013 0.010 
121 TMA-ZAIN-G-    (0)    1 :  0.010 0.009 0.013 0.005 0.794 0.003 0.012 0.009 0.003 0.004 0.023 0.039 0.008 0.017 0.046 0.006 
122 TMA-ZAIN-G-    (0)    1 :  0.010 0.008 0.012 0.004 0.400 0.004 0.018 0.014 0.005 0.004 0.046 0.411 0.007 0.011 0.013 0.036 
123 TMA-ZAIN-G-    (0)    1 :  0.006 0.013 0.005 0.893 0.005 0.018 0.005 0.006 0.004 0.013 0.004 0.005 0.006 0.004 0.004 0.008 
124 TMA-ZAIN-G-    (0)    1 :  0.004 0.007 0.018 0.004 0.006 0.003 0.006 0.006 0.002 0.004 0.912 0.008 0.003 0.007 0.003 0.007 
125 TMA-ZAIN-G-    (0)    1 :  0.005 0.008 0.010 0.002 0.004 0.002 0.004 0.005 0.002 0.003 0.904 0.005 0.024 0.004 0.013 0.005 
126 TMA-ZAIN-G-    (0)    1 :  0.004 0.014 0.015 0.003 0.006 0.002 0.004 0.008 0.003 0.003 0.905 0.006 0.006 0.013 0.004 0.006 
127 TMA-ZAIN-G-    (0)    1 :  0.004 0.007 0.038 0.003 0.006 0.003 0.003 0.011 0.003 0.003 0.887 0.009 0.003 0.012 0.005 0.004 
128 TMA-ZAIN-G-    (0)    1 :  0.005 0.006 0.011 0.003 0.012 0.003 0.007 0.007 0.003 0.003 0.901 0.014 0.005 0.007 0.010 0.005 
129 TMA-ZAIN-G-    (0)    1 :  0.004 0.008 0.009 0.004 0.007 0.003 0.004 0.006 0.003 0.003 0.918 0.010 0.004 0.006 0.004 0.005 
130 TMA-ZAIN-G-    (0)    1 :  0.004 0.015 0.006 0.004 0.006 0.003 0.004 0.004 0.002 0.003 0.915 0.004 0.013 0.008 0.004 0.005 
131 TMA-ZAIN-G-    (0)    1 :  0.004 0.008 0.020 0.003 0.006 0.003 0.005 0.008 0.002 0.005 0.910 0.006 0.004 0.006 0.004 0.006 
132 TMA-ZAIN-G-    (0)    1 :  0.007 0.006 0.015 0.003 0.013 0.003 0.007 0.009 0.002 0.003 0.876 0.014 0.013 0.008 0.017 0.005 
133 TMA-ZAIN-G-    (0)    1 :  0.068 0.121 0.394 0.003 0.014 0.005 0.014 0.028 0.016 0.015 0.040 0.086 0.023 0.037 0.089 0.046 
134 TMA-ZAIN-G-    (0)    1 :  0.055 0.234 0.090 0.003 0.008 0.004 0.005 0.019 0.011 0.006 0.235 0.104 0.023 0.104 0.061 0.038 
135 TMA-ZAIN-G-    (0)    1 :  0.036 0.015 0.038 0.003 0.017 0.003 0.004 0.074 0.010 0.004 0.044 0.317 0.010 0.374 0.025 0.027 
136 TMA-ZAIN-G-    (0)    1 :  0.027 0.006 0.030 0.004 0.077 0.004 0.009 0.021 0.006 0.004 0.026 0.272 0.018 0.045 0.445 0.005 
137 TMA-ZAIN-G-    (0)    1 :  0.021 0.005 0.009 0.004 0.017 0.004 0.004 0.013 0.012 0.005 0.016 0.053 0.005 0.811 0.004 0.017 
138 TMA-ZAIN-G-    (0)    1 :  0.016 0.026 0.053 0.004 0.069 0.003 0.004 0.059 0.003 0.003 0.268 0.260 0.017 0.199 0.013 0.004 
139 TMA-ZAIN-G-    (0)    1 :  0.047 0.016 0.028 0.004 0.056 0.003 0.003 0.028 0.007 0.004 0.166 0.164 0.074 0.377 0.013 0.010 
140 TMA-ZAIN-G-    (0)    1 :  0.014 0.006 0.038 0.004 0.126 0.004 0.011 0.390 0.005 0.004 0.018 0.247 0.004 0.117 0.008 0.005 
141 TMA-ZAIN-G-    (0)    1 :  0.026 0.020 0.017 0.006 0.040 0.003 0.006 0.588 0.003 0.005 0.033 0.204 0.005 0.030 0.006 0.009 
142 TMA-ZAIN-G-    (9)    1 :  0.012 0.006 0.015 0.003 0.137 0.003 0.006 0.541 0.003 0.003 0.013 0.120 0.004 0.117 0.011 0.006 
143 TMA-ZAIN-G-    (0)    1 :  0.013 0.009 0.041 0.004 0.223 0.003 0.009 0.136 0.003 0.004 0.067 0.379 0.004 0.086 0.013 0.006 
144 TMA-ZAIN-G-    (0)    1 :  0.007 0.012 0.112 0.003 0.273 0.005 0.022 0.044 0.007 0.011 0.063 0.209 0.023 0.192 0.005 0.011 
145 TMA-ZAIN-G-    (0)    1 :  0.044 0.006 0.020 0.003 0.057 0.002 0.006 0.072 0.002 0.003 0.050 0.078 0.015 0.349 0.287 0.005 
146 TMA-ZAIN-G-    (0)    1 :  0.014 0.004 0.005 0.003 0.007 0.002 0.003 0.734 0.003 0.003 0.004 0.201 0.003 0.006 0.004 0.004 
147 TMA-ZAIN-G-    (9)    1 :  0.009 0.004 0.006 0.003 0.008 0.003 0.004 0.570 0.003 0.003 0.006 0.357 0.004 0.008 0.008 0.004 
148 TMA-ZAIN-G-    (0)    1 :  0.010 0.033 0.017 0.002 0.006 0.003 0.003 0.582 0.003 0.003 0.019 0.289 0.017 0.006 0.004 0.004 
149 TMA-ZAIN-G-    (0)    1 :  0.009 0.018 0.019 0.016 0.016 0.016 0.012 0.360 0.005 0.008 0.029 0.419 0.036 0.010 0.005 0.021 
150 TMA-ZAIN-G-    (0)    1 :  0.016 0.012 0.010 0.021 0.050 0.014 0.013 0.172 0.004 0.006 0.013 0.484 0.060 0.032 0.081 0.012 
151 TMA-ZAIN-G-    (0)    1 :  0.006 0.018 0.139 0.003 0.077 0.002 0.004 0.009 0.003 0.003 0.005 0.009 0.004 0.708 0.007 0.003 
152 TMA-ZAIN-G-    (0)    1 :  0.004 0.015 0.013 0.004 0.281 0.002 0.005 0.012 0.003 0.003 0.007 0.009 0.005 0.629 0.006 0.003 
153 TMA-ZAIN-G-    (0)    1 :  0.013 0.028 0.079 0.003 0.079 0.003 0.005 0.037 0.003 0.003 0.034 0.083 0.013 0.597 0.016 0.004 
154 TMA-ZAIN-G-    (0)    1 :  0.005 0.004 0.006 0.003 0.047 0.002 0.003 0.010 0.002 0.003 0.008 0.005 0.004 0.891 0.004 0.004 
155 TMA-ZAIN-G-    (0)    1 :  0.007 0.006 0.007 0.004 0.012 0.003 0.004 0.014 0.002 0.004 0.010 0.022 0.003 0.892 0.006 0.005 
156 TMA-ZAIN-G-    (9)    1 :  0.004 0.075 0.054 0.005 0.070 0.002 0.004 0.028 0.003 0.004 0.029 0.014 0.009 0.691 0.003 0.003 
157 TMA-ZAIN-G-    (0)    1 :  0.008 0.126 0.070 0.004 0.033 0.003 0.004 0.114 0.003 0.004 0.019 0.054 0.005 0.539 0.007 0.005 
158 TMA-ZAIN-G-    (0)    1 :  0.021 0.004 0.015 0.003 0.299 0.003 0.006 0.226 0.003 0.005 0.007 0.045 0.004 0.350 0.005 0.003 
159 TMA-ZAIN-G-    (0)    1 :  0.162 0.005 0.007 0.004 0.055 0.002 0.004 0.225 0.002 0.003 0.015 0.067 0.005 0.424 0.016 0.004 
160 TMA-ZAIN-G-    (0)    1 :  0.121 0.004 0.005 0.005 0.134 0.003 0.004 0.074 0.002 0.003 0.008 0.038 0.009 0.560 0.026 0.004 
161 TMA-ZAIN-G-    (0)    1 :  0.017 0.019 0.062 0.003 0.133 0.002 0.005 0.069 0.003 0.004 0.150 0.179 0.022 0.316 0.008 0.006 
162 TMA-ZAIN-G-    (0)    1 :  0.005 0.003 0.007 0.014 0.009 0.014 0.009 0.005 0.005 0.005 0.005 0.007 0.011 0.886 0.005 0.010 
163 TMA-ZAIN-G-    (0)    1 :  0.006 0.003 0.005 0.003 0.040 0.002 0.003 0.011 0.002 0.002 0.005 0.009 0.003 0.899 0.004 0.003 
164 TMA-ZAIN-G-    (0)    1 :  0.008 0.004 0.007 0.005 0.253 0.004 0.007 0.031 0.005 0.004 0.012 0.049 0.009 0.580 0.008 0.013 
165 TMA-ZAIN-G-    (0)    1 :  0.008 0.004 0.008 0.004 0.244 0.002 0.004 0.041 0.002 0.003 0.009 0.072 0.003 0.587 0.006 0.003 
166 TMA-ZAIN-G-    (0)    1 :  0.031 0.005 0.024 0.003 0.070 0.002 0.004 0.219 0.003 0.003 0.076 0.118 0.010 0.415 0.011 0.006 
167 TMA-ZAIN-G-    (0)    1 :  0.078 0.007 0.018 0.006 0.079 0.005 0.007 0.577 0.004 0.006 0.012 0.166 0.004 0.018 0.004 0.008 
168 TMA-ZAIN-G-    (0)    1 :  0.020 0.019 0.006 0.005 0.015 0.003 0.005 0.878 0.003 0.005 0.005 0.013 0.005 0.005 0.008 0.006 
169 TMA-ZAIN-G-    (0)    1 :  0.011 0.004 0.004 0.003 0.013 0.002 0.004 0.898 0.002 0.003 0.006 0.009 0.004 0.008 0.026 0.004 
170 TMA-ZAIN-G-    (0)    1 :  0.023 0.053 0.078 0.028 0.036 0.011 0.009 0.555 0.016 0.030 0.038 0.057 0.004 0.042 0.015 0.006 
171 TMA-ZAIN-G-    (0)    1 :  0.015 0.003 0.004 0.003 0.009 0.003 0.003 0.919 0.002 0.002 0.004 0.010 0.003 0.006 0.009 0.004 
172 TMA-ZAIN-G-    (0)    1 :  0.009 0.014 0.255 0.003 0.013 0.003 0.005 0.613 0.004 0.005 0.023 0.026 0.003 0.013 0.004 0.005 
173 TMA-ZAIN-G-    (0)    1 :  0.013 0.021 0.499 0.003 0.020 0.003 0.008 0.320 0.004 0.006 0.034 0.039 0.005 0.011 0.006 0.007 
174 TMA-ZAIN-G-    (0)    1 :  0.018 0.004 0.092 0.003 0.048 0.002 0.005 0.164 0.003 0.003 0.424 0.131 0.007 0.052 0.040 0.004 
175 TMA-ZAIN-G-    (0)    1 :  0.076 0.004 0.004 0.003 0.010 0.003 0.003 0.824 0.003 0.003 0.005 0.039 0.004 0.008 0.007 0.004 
176 TMA-ZAIN-G-    (0)    1 :  0.018 0.004 0.005 0.003 0.009 0.002 0.003 0.893 0.002 0.003 0.004 0.032 0.003 0.009 0.005 0.004 
177 TMA-ZAIN-G-    (0)    1 :  0.007 0.010 0.008 0.003 0.010 0.002 0.003 0.895 0.003 0.003 0.004 0.034 0.003 0.007 0.003 0.004 
178 TMA-ZAIN-G-    (0)    1 :  0.015 0.038 0.258 0.005 0.080 0.003 0.007 0.400 0.004 0.006 0.009 0.147 0.004 0.014 0.004 0.005 
179 TMA-ZAIN-G-    (0)    1 :  0.008 0.014 0.031 0.003 0.023 0.002 0.004 0.823 0.003 0.003 0.009 0.052 0.004 0.010 0.007 0.005 
180 TMA-ZAIN-G-    (0)    1 :  0.004 0.030 0.240 0.004 0.054 0.004 0.014 0.032 0.012 0.006 0.377 0.085 0.009 0.015 0.087 0.027 
181 TMA-ZAIN-G-    (0)    1 :  0.009 0.101 0.758 0.005 0.012 0.002 0.004 0.008 0.003 0.004 0.017 0.010 0.005 0.053 0.005 0.004 
182 TMA-ZAIN-G-    (0)    1 :  0.004 0.182 0.243 0.007 0.021 0.003 0.005 0.024 0.003 0.004 0.422 0.034 0.005 0.035 0.003 0.006 
183 TMA-ZAIN-G-    (0)    1 :  0.006 0.063 0.832 0.004 0.024 0.003 0.004 0.010 0.003 0.004 0.008 0.016 0.004 0.010 0.004 0.005 
184 TMA-ZAIN-G-    (0)    1 :  0.011 0.029 0.723 0.023 0.028 0.016 0.012 0.012 0.006 0.010 0.017 0.023 0.017 0.044 0.007 0.021 
185 TMA-ZAIN-G-    (0)    1 :  0.006 0.004 0.806 0.011 0.010 0.017 0.030 0.006 0.006 0.009 0.028 0.017 0.019 0.012 0.005 0.012 
186 TMA-ZAIN-G-    (9)    1 :  0.011 0.005 0.828 0.004 0.011 0.004 0.013 0.015 0.004 0.007 0.054 0.013 0.005 0.014 0.006 0.005 
187 TMA-ZAIN-G-    (0)    1 :  0.034 0.015 0.818 0.004 0.008 0.003 0.005 0.010 0.003 0.004 0.015 0.017 0.003 0.043 0.014 0.004 
188 TMA-ZAIN-G-    (0)    1 :  0.039 0.006 0.825 0.003 0.017 0.003 0.004 0.006 0.002 0.003 0.016 0.026 0.004 0.022 0.020 0.003 
189 TMA-ZAIN-G-    (0)    1 :  0.004 0.006 0.928 0.002 0.006 0.002 0.003 0.006 0.003 0.003 0.010 0.007 0.002 0.006 0.007 0.004 
190 TMA-ZAIN-G-    (0)    1 :  0.026 0.026 0.756 0.003 0.037 0.003 0.007 0.038 0.003 0.005 0.009 0.056 0.005 0.006 0.016 0.004 
191 TMA-ZAIN-G-    (0)    1 :  0.007 0.004 0.876 0.010 0.006 0.016 0.008 0.009 0.007 0.007 0.007 0.013 0.008 0.006 0.004 0.014 
192 TMA-ZAIN-G-    (0)    1 :  0.011 0.015 0.863 0.004 0.005 0.004 0.003 0.007 0.023 0.007 0.016 0.010 0.004 0.009 0.004 0.015 
193 TMA-ZAIN-G-    (0)    1 :  0.003 0.952 0.005 0.002 0.003 0.002 0.003 0.004 0.002 0.003 0.004 0.003 0.004 0.003 0.003 0.003 
194 TMA-ZAIN-G-    (0)    1 :  0.007 0.778 0.072 0.002 0.006 0.006 0.022 0.010 0.009 0.011 0.033 0.009 0.015 0.004 0.013 0.004 
195 TMA-ZAIN-G-    (0)    1 :  0.025 0.739 0.068 0.003 0.015 0.003 0.004 0.028 0.003 0.009 0.034 0.025 0.006 0.004 0.032 0.004 
196 TMA-ZAIN-G-    (0)    1 :  0.005 0.888 0.022 0.003 0.008 0.002 0.007 0.005 0.003 0.004 0.010 0.009 0.006 0.007 0.015 0.004 
197 TMA-ZAIN-G-    (0)    1 :  0.010 0.892 0.010 0.003 0.009 0.003 0.005 0.012 0.002 0.004 0.012 0.008 0.005 0.007 0.012 0.008 
198 TMA-ZAIN-G-    (0)    1 :  0.009 0.892 0.020 0.003 0.008 0.002 0.003 0.014 0.005 0.003 0.007 0.011 0.004 0.009 0.007 0.004 
199 TMA-ZAIN-G-    (0)    1 :  0.008 0.006 0.872 0.003 0.009 0.004 0.009 0.009 0.003 0.005 0.034 0.011 0.006 0.013 0.004 0.004 
200 TMA-ZAIN-G-    (0)    1 :  0.006 0.050 0.005 0.026 0.006 0.036 0.021 0.005 0.779 0.031 0.004 0.006 0.010 0.003 0.006 0.007 
201 TMA-ZAIN-G-    (0)    1 :  0.016 0.006 0.006 0.008 0.015 0.036 0.020 0.013 0.797 0.018 0.011 0.015 0.006 0.007 0.018 0.009 
202 TMA-ZAIN-G-    (0)    1 :  0.002 0.015 0.006 0.008 0.004 0.004 0.004 0.004 0.923 0.007 0.005 0.006 0.002 0.005 0.003 0.003 
203 TMA-ZAIN-G-    (0)    1 :  0.008 0.764 0.025 0.018 0.025 0.003 0.005 0.014 0.002 0.003 0.059 0.032 0.005 0.026 0.004 0.005 
204 TMA-ZAIN-G-    (9)    1 :  0.007 0.005 0.004 0.014 0.004 0.018 0.007 0.006 0.733 0.051 0.004 0.007 0.018 0.003 0.006 0.113 
205 TMA-ZAIN-G-    (0)    1 :  0.007 0.008 0.006 0.006 0.025 0.005 0.005 0.008 0.784 0.024 0.010 0.014 0.008 0.075 0.004 0.010 
206 TMA-ZAIN-G-    (9)    1 :  0.007 0.017 0.013 0.022 0.021 0.011 0.016 0.032 0.614 0.021 0.011 0.016 0.015 0.008 0.007 0.167 
207 TMA-ZAIN-G-    (9)    1 :  0.014 0.007 0.018 0.009 0.566 0.009 0.056 0.013 0.004 0.020 0.012 0.046 0.043 0.096 0.041 0.047 
208 TMA-ZAIN-G-    (0)    1 :  0.017 0.004 0.022 0.003 0.388 0.003 0.010 0.165 0.004 0.003 0.006 0.274 0.005 0.046 0.049 0.002 
209 TMA-ZAIN-G-    (0)    1 :  0.061 0.215 0.065 0.003 0.023 0.003 0.004 0.210 0.002 0.004 0.163 0.107 0.065 0.051 0.014 0.009 
210 TMA-ZAIN-G-    (0)    1 :  0.051 0.314 0.113 0.004 0.021 0.003 0.009 0.143 0.003 0.005 0.058 0.100 0.014 0.064 0.086 0.014 
211 TMA-ZAIN-G-    (0)    1 :  0.042 0.058 0.109 0.010 0.033 0.016 0.017 0.103 0.021 0.019 0.376 0.134 0.011 0.023 0.020 0.007 
212 TMA-ZAIN-G-    (0)    1 :  0.005 0.022 0.236 0.003 0.075 0.003 0.010 0.142 0.006 0.004 0.038 0.389 0.006 0.035 0.013 0.013 
213 TMA-ZAIN-G-    (0)    1 :  0.021 0.024 0.163 0.003 0.018 0.004 0.004 0.322 0.004 0.005 0.033 0.295 0.007 0.088 0.006 0.004 
214 TMA-ZAIN-G-    (0)    1 :  0.071 0.026 0.163 0.003 0.023 0.004 0.004 0.194 0.004 0.005 0.165 0.169 0.010 0.108 0.046 0.005 
215 TMA-ZAIN-G-    (0)    1 :  0.036 0.004 0.244 0.003 0.042 0.006 0.004 0.315 0.010 0.239 0.010 0.058 0.002 0.019 0.004 0.003 
216 TMA-ZAIN-G-    (0)    1 :  0.013 0.018 0.532 0.003 0.026 0.004 0.008 0.148 0.005 0.006 0.133 0.052 0.015 0.025 0.007 0.005 
217 TMA-ZAIN-G-    (0)    1 :  0.073 0.045 0.035 0.003 0.010 0.003 0.003 0.339 0.003 0.003 0.146 0.186 0.007 0.029 0.109 0.006 
218 TMA-ZAIN-G-    (0)    1 :  0.004 0.003 0.007 0.005 0.006 0.003 0.011 0.011 0.003 0.906 0.011 0.004 0.005 0.006 0.009 0.004 
219 TMA-ZAIN-G-    (0)    1 :  0.004 0.003 0.004 0.004 0.004 0.004 0.006 0.004 0.011 0.915 0.008 0.004 0.007 0.005 0.003 0.012 
220 TMA-ZAIN-G-    (0)    1 :  0.007 0.005 0.006 0.029 0.116 0.008 0.103 0.010 0.003 0.642 0.006 0.026 0.006 0.014 0.011 0.010 
221 TMA-ZAIN-G-    (0)    1 :  0.006 0.006 0.017 0.003 0.007 0.005 0.011 0.012 0.029 0.853 0.015 0.009 0.004 0.008 0.005 0.010 
222 TMA-ZAIN-G-    (0)    1 :  0.007 0.004 0.006 0.017 0.015 0.006 0.006 0.012 0.005 0.852 0.013 0.008 0.007 0.012 0.011 0.018 
223 TMA-ZAIN-G-    (0)    1 :  0.004 0.002 0.004 0.006 0.006 0.007 0.016 0.004 0.006 0.904 0.005 0.006 0.005 0.004 0.005 0.014 
224 TMA-ZAIN-G-    (0)    1 :  0.005 0.007 0.012 0.013 0.006 0.013 0.013 0.009 0.005 0.760 0.029 0.007 0.007 0.006 0.005 0.104 
225 TMA-ZAIN-G-    (0)    1 :  0.003 0.010 0.005 0.009 0.004 0.006 0.009 0.005 0.007 0.922 0.004 0.004 0.003 0.003 0.002 0.005 
226 TMA-ZAIN-G-    (0)    1 :  0.008 0.023 0.011 0.009 0.009 0.006 0.012 0.010 0.006 0.869 0.005 0.007 0.005 0.006 0.005 0.009 
227 TMA-ZAIN-G-    (0)    1 :  0.008 0.017 0.010 0.009 0.009 0.006 0.007 0.013 0.021 0.869 0.004 0.008 0.004 0.007 0.003 0.005 
228 TMA-ZAIN-G-    (0)    1 :  0.029 0.006 0.011 0.013 0.017 0.031 0.015 0.029 0.005 0.782 0.007 0.014 0.005 0.011 0.008 0.017 
229 TMA-ZAIN-G-    (0)    1 :  0.003 0.003 0.003 0.017 0.003 0.017 0.009 0.006 0.013 0.898 0.003 0.003 0.005 0.003 0.008 0.007 
230 TMA-ZAIN-G-    (0)    1 :  0.027 0.011 0.019 0.040 0.009 0.015 0.012 0.082 0.003 0.424 0.053 0.018 0.011 0.005 0.011 0.261 
231 TMA-ZAIN-G-    (0)    1 :  0.020 0.011 0.008 0.061 0.028 0.455 0.011 0.029 0.022 0.207 0.013 0.017 0.019 0.028 0.010 0.061 
232 TMA-ZAIN-G-    (9)    1 :  0.008 0.007 0.018 0.134 0.011 0.533 0.004 0.021 0.018 0.118 0.036 0.008 0.013 0.011 0.043 0.017 
233 TMA-ZAIN-G-    (0)    1 :  0.027 0.008 0.009 0.005 0.008 0.007 0.022 0.018 0.021 0.752 0.020 0.012 0.010 0.012 0.050 0.018 
234 TMA-ZAIN-G-    (0)    1 :  0.005 0.010 0.004 0.162 0.012 0.032 0.008 0.006 0.025 0.671 0.004 0.006 0.033 0.008 0.007 0.005 
235 TMA-ZAIN-G-    (0)    1 :  0.059 0.023 0.073 0.143 0.013 0.020 0.028 0.008 0.013 0.546 0.004 0.008 0.008 0.011 0.004 0.040 
236 TMA-ZAIN-G-    (0)    1 :  0.012 0.025 0.013 0.022 0.013 0.011 0.008 0.014 0.023 0.765 0.008 0.014 0.004 0.011 0.006 0.051 
237 TMA-ZAIN-G-    (0)    1 :  0.137 0.008 0.013 0.139 0.019 0.011 0.013 0.075 0.005 0.362 0.023 0.067 0.005 0.015 0.010 0.099 
238 TMA-ZAIN-G-    (0)    1 :  0.027 0.005 0.015 0.026 0.020 0.011 0.006 0.014 0.020 0.760 0.016 0.031 0.003 0.034 0.004 0.005 
