

----------------------------------------------------
STRUCTURE by Pritchard, Stephens and Donnelly (2000)
     and Falush, Stephens and Pritchard (2003)
       Code by Pritchard, Falush and Hubisz
             Version 2.3.4 (Jul 2012)
----------------------------------------------------



Command line arguments:   bin\structure -m C:\Users\eschumacher\Documents\GitHub\GCC_QUAC_ZAIN\Data_Files\Structure_Files\ZAIN\ZAIN_rebinned_allpop_str\50-50\mainparams -e C:\Users\eschumacher\Documents\GitHub\GCC_QUAC_ZAIN\Data_Files\Structure_Files\ZAIN\ZAIN_rebinned_allpop_str\50-50\extraparams 
Input File:    C:\Users\eschumacher\Documents\GitHub\GCC_QUAC_ZAIN\Data_Files\Structure_Files\ZAIN\ZAIN_rebinned_allpop_str\project_data

Run parameters:
   1133 individuals
   11 loci
   9 populations assumed
   50000 Burn-in period
   50000 Reps


--------------------------------------------
Proportion of membership of each pre-defined
 population in each of the 9 clusters

Given    Inferred Clusters                                                 Number of
 Pop       1      2      3      4      5      6      7      8      9      Individuals

  1:     0.043  0.096  0.109  0.079  0.228  0.047  0.194  0.148  0.055      303
  2:     0.057  0.068  0.110  0.183  0.190  0.026  0.241  0.108  0.016       15
  3:     0.014  0.017  0.371  0.006  0.177  0.021  0.071  0.079  0.245        2
  4:     0.032  0.065  0.266  0.028  0.132  0.021  0.396  0.052  0.008        2
  5:     0.068  0.052  0.352  0.015  0.148  0.022  0.105  0.023  0.214        7
  6:     0.010  0.015  0.010  0.008  0.011  0.040  0.152  0.642  0.113       13
  7:     0.004  0.017  0.014  0.004  0.005  0.010  0.007  0.934  0.006       13
  8:     0.117  0.012  0.015  0.013  0.498  0.036  0.244  0.008  0.057        7
  9:     0.042  0.034  0.069  0.011  0.326  0.026  0.392  0.020  0.080       11
 10:     0.032  0.127  0.155  0.030  0.505  0.022  0.089  0.010  0.030        9
 11:     0.005  0.909  0.012  0.006  0.009  0.013  0.008  0.033  0.005       35
 12:     0.029  0.007  0.007  0.020  0.616  0.023  0.279  0.005  0.015       36
 13:     0.033  0.005  0.009  0.009  0.753  0.011  0.154  0.006  0.019       33
 14:     0.012  0.007  0.006  0.886  0.012  0.040  0.009  0.018  0.010       40
 15:     0.006  0.004  0.005  0.006  0.007  0.006  0.020  0.003  0.943       39
 16:     0.030  0.180  0.601  0.024  0.055  0.017  0.028  0.053  0.012       40
 17:     0.019  0.069  0.704  0.023  0.013  0.048  0.011  0.102  0.012       37
 18:     0.026  0.006  0.004  0.006  0.682  0.007  0.253  0.003  0.013       40
 19:     0.003  0.912  0.007  0.005  0.005  0.041  0.006  0.008  0.014       28
 20:     0.006  0.004  0.004  0.014  0.005  0.951  0.006  0.005  0.005       14
 21:     0.006  0.009  0.017  0.007  0.009  0.022  0.012  0.876  0.043       13
 22:     0.009  0.006  0.004  0.027  0.016  0.007  0.891  0.003  0.037       14
 23:     0.047  0.005  0.006  0.008  0.846  0.012  0.058  0.006  0.012       25
 24:     0.941  0.007  0.005  0.008  0.012  0.006  0.010  0.005  0.006       40
 25:     0.010  0.030  0.022  0.788  0.027  0.041  0.052  0.009  0.021       32
 26:     0.006  0.003  0.005  0.005  0.006  0.006  0.005  0.960  0.004       20
 27:     0.007  0.726  0.209  0.008  0.011  0.015  0.013  0.008  0.004        4
 28:     0.015  0.853  0.020  0.011  0.045  0.013  0.019  0.018  0.006       23
 29:     0.005  0.940  0.015  0.009  0.006  0.006  0.006  0.007  0.006       39
 30:     0.005  0.050  0.010  0.006  0.007  0.022  0.006  0.890  0.004       38
 31:     0.055  0.005  0.008  0.010  0.057  0.008  0.672  0.005  0.181       45
 32:     0.028  0.005  0.010  0.014  0.261  0.018  0.494  0.009  0.161       28
 33:     0.005  0.932  0.025  0.007  0.005  0.006  0.005  0.009  0.008        6
 34:     0.044  0.026  0.842  0.011  0.012  0.021  0.023  0.008  0.012       40
 35:     0.011  0.020  0.820  0.010  0.009  0.019  0.023  0.076  0.011       42
--------------------------------------------

Allele-freq. divergence among pops (Net nucleotide distance),
computed using point estimates of P.

      1       2       3       4       5       6       7       8       9      
 1      -    0.3297  0.2131  0.2042  0.1021  0.2608  0.1128  0.3558  0.2597  
 2   0.3297     -    0.0933  0.1689  0.2215  0.2169  0.2206  0.1495  0.2658  
 3   0.2131  0.0933     -    0.1389  0.1570  0.1348  0.1194  0.1264  0.1704  
 4   0.2042  0.1689  0.1389     -    0.2097  0.1891  0.1812  0.2616  0.1847  
 5   0.1021  0.2215  0.1570  0.2097     -    0.1918  0.0420  0.2938  0.2226  
 6   0.2608  0.2169  0.1348  0.1891  0.1918     -    0.1678  0.2263  0.2250  
 7   0.1128  0.2206  0.1194  0.1812  0.0420  0.1678     -    0.2786  0.1352  
 8   0.3558  0.1495  0.1264  0.2616  0.2938  0.2263  0.2786     -    0.3429  
 9   0.2597  0.2658  0.1704  0.1847  0.2226  0.2250  0.1352  0.3429     -    

Average distances (expected heterozygosity) between individuals in same cluster:
cluster  1  : 0.3636 
cluster  2  : 0.4797 
cluster  3  : 0.5533 
cluster  4  : 0.3960 
cluster  5  : 0.4064 
cluster  6  : 0.2659 
cluster  7  : 0.4372 
cluster  8  : 0.4186 
cluster  9  : 0.2743 

--------------------------------------------
Estimated Ln Prob of Data   = -21446.0
Mean value of ln likelihood = -20854.4
Variance of ln likelihood   = 1183.4
Mean value of alpha         = 0.0346

Mean value of Fst_1         = 0.4198
Mean value of Fst_2         = 0.3442
Mean value of Fst_3         = 0.1359
Mean value of Fst_4         = 0.4247
Mean value of Fst_5         = 0.3126
Mean value of Fst_6         = 0.5874
Mean value of Fst_7         = 0.3129
Mean value of Fst_8         = 0.4247
Mean value of Fst_9         = 0.5480


Inferred ancestry of individuals:
        Label (%Miss) Pop:  Inferred clusters
  1 TMA-ZAIN-G-    (9)    1 :  0.012 0.791 0.036 0.015 0.010 0.012 0.031 0.005 0.088 
  2 TMA-ZAIN-G-    (0)    1 :  0.005 0.728 0.017 0.022 0.164 0.017 0.032 0.006 0.009 
  3 TMA-ZAIN-G-    (0)    1 :  0.152 0.008 0.008 0.012 0.190 0.011 0.587 0.004 0.029 
  4 TMA-ZAIN-G-    (0)    1 :  0.101 0.015 0.005 0.030 0.158 0.647 0.021 0.005 0.020 
  5 TMA-ZAIN-G-    (0)    1 :  0.002 0.970 0.005 0.006 0.003 0.005 0.002 0.005 0.002 
  6 TMA-ZAIN-G-    (0)    1 :  0.189 0.077 0.133 0.037 0.122 0.075 0.300 0.045 0.023 
  7 TMA-ZAIN-G-    (0)    1 :  0.009 0.015 0.013 0.014 0.319 0.118 0.468 0.006 0.038 
  8 TMA-ZAIN-G-    (0)    1 :  0.021 0.006 0.005 0.024 0.027 0.006 0.902 0.003 0.006 
  9 TMA-ZAIN-G-    (9)    1 :  0.040 0.008 0.008 0.005 0.202 0.009 0.716 0.004 0.008 
 10 TMA-ZAIN-G-    (0)    1 :  0.037 0.003 0.009 0.010 0.302 0.011 0.613 0.004 0.011 
 11 TMA-ZAIN-G-    (0)    1 :  0.008 0.006 0.007 0.006 0.455 0.026 0.477 0.006 0.009 
 12 TMA-ZAIN-G-    (0)    1 :  0.006 0.005 0.005 0.005 0.922 0.004 0.037 0.002 0.013 
 13 TMA-ZAIN-G-    (9)    1 :  0.021 0.048 0.026 0.021 0.233 0.015 0.462 0.091 0.083 
 14 TMA-ZAIN-G-    (9)    1 :  0.007 0.003 0.009 0.007 0.012 0.005 0.027 0.010 0.920 
 15 TMA-ZAIN-G-    (0)    1 :  0.009 0.004 0.005 0.005 0.006 0.004 0.027 0.002 0.939 
 16 TMA-ZAIN-G-    (0)    1 :  0.005 0.004 0.006 0.003 0.926 0.006 0.039 0.004 0.007 
 17 TMA-ZAIN-G-    (9)    1 :  0.007 0.009 0.032 0.016 0.010 0.077 0.787 0.011 0.051 
 18 TMA-ZAIN-G-    (0)    1 :  0.008 0.749 0.135 0.052 0.009 0.014 0.012 0.006 0.015 
 19 TMA-ZAIN-G-    (0)    1 :  0.005 0.015 0.861 0.004 0.014 0.035 0.037 0.016 0.012 
 20 TMA-ZAIN-G-    (0)    1 :  0.004 0.038 0.818 0.025 0.003 0.007 0.003 0.098 0.003 
 21 TMA-ZAIN-G-    (0)    1 :  0.005 0.003 0.005 0.006 0.004 0.005 0.004 0.966 0.002 
 22 TMA-ZAIN-G-    (0)    1 :  0.002 0.054 0.012 0.007 0.003 0.009 0.003 0.907 0.003 
 23 TMA-ZAIN-G-    (0)    1 :  0.004 0.018 0.034 0.004 0.007 0.009 0.009 0.908 0.007 
 24 TMA-ZAIN-G-    (9)    1 :  0.212 0.008 0.004 0.007 0.034 0.003 0.018 0.682 0.034 
 25 TMA-ZAIN-G-    (9)    1 :  0.005 0.114 0.800 0.004 0.033 0.003 0.024 0.010 0.007 
 26 TMA-ZAIN-G-    (9)    1 :  0.009 0.009 0.011 0.448 0.140 0.012 0.321 0.037 0.013 
 27 TMA-ZAIN-G-    (0)    1 :  0.012 0.072 0.776 0.018 0.006 0.025 0.014 0.012 0.064 
 28 TMA-ZAIN-G-    (0)    1 :  0.008 0.012 0.934 0.007 0.007 0.006 0.009 0.004 0.013 
 29 TMA-ZAIN-G-    (0)    1 :  0.714 0.003 0.242 0.018 0.004 0.004 0.005 0.004 0.005 
 30 TMA-ZAIN-G-    (0)    1 :  0.066 0.004 0.368 0.007 0.117 0.009 0.338 0.005 0.086 
 31 TMA-ZAIN-G-    (0)    1 :  0.006 0.882 0.011 0.055 0.007 0.017 0.005 0.012 0.005 
 32 TMA-ZAIN-G-    (9)    1 :  0.004 0.852 0.014 0.005 0.035 0.004 0.039 0.010 0.036 
 33 TMA-ZAIN-G-   (18)    1 :  0.016 0.005 0.005 0.004 0.094 0.004 0.862 0.003 0.007 
 34 TMA-ZAIN-G-    (0)    1 :  0.015 0.304 0.012 0.008 0.563 0.006 0.066 0.015 0.009 
 35 TMA-ZAIN-G-    (9)    1 :  0.130 0.038 0.017 0.018 0.310 0.015 0.390 0.003 0.079 
 36 TMA-ZAIN-G-    (0)    1 :  0.011 0.004 0.006 0.011 0.167 0.007 0.704 0.003 0.087 
 37 TMA-ZAIN-G-    (9)    1 :  0.020 0.007 0.013 0.013 0.231 0.054 0.645 0.009 0.008 
 38 TMA-ZAIN-G-   (18)    1 :  0.008 0.802 0.030 0.007 0.020 0.009 0.043 0.013 0.070 
 39 TMA-ZAIN-G-    (0)    1 :  0.011 0.003 0.005 0.008 0.850 0.010 0.103 0.006 0.004 
 40 TMA-ZAIN-G-    (0)    1 :  0.007 0.003 0.004 0.004 0.321 0.012 0.638 0.004 0.006 
 41 TMA-ZAIN-G-    (0)    1 :  0.007 0.002 0.004 0.004 0.095 0.003 0.838 0.003 0.043 
 42 TMA-ZAIN-G-    (9)    1 :  0.007 0.003 0.003 0.011 0.017 0.004 0.788 0.002 0.165 
 43 TMA-ZAIN-G-    (0)    1 :  0.007 0.003 0.003 0.005 0.004 0.004 0.006 0.003 0.965 
 44 TMA-ZAIN-G-    (0)    1 :  0.017 0.005 0.011 0.004 0.101 0.011 0.026 0.820 0.005 
 45 TMA-ZAIN-G-    (0)    1 :  0.006 0.005 0.008 0.008 0.513 0.015 0.421 0.007 0.017 
 46 TMA-ZAIN-G-    (0)    1 :  0.003 0.004 0.004 0.005 0.004 0.008 0.003 0.967 0.004 
 47 TMA-ZAIN-G-    (0)    1 :  0.004 0.004 0.004 0.958 0.004 0.013 0.004 0.004 0.004 
 48 TMA-ZAIN-G-    (0)    1 :  0.022 0.007 0.022 0.227 0.054 0.181 0.390 0.028 0.069 
 49 TMA-ZAIN-G-    (9)    1 :  0.048 0.022 0.861 0.009 0.022 0.021 0.007 0.006 0.005 
 50 TMA-ZAIN-G-    (0)    1 :  0.003 0.006 0.931 0.003 0.011 0.005 0.027 0.006 0.008 
 51 TMA-ZAIN-G-    (0)    1 :  0.007 0.007 0.830 0.018 0.008 0.020 0.016 0.009 0.086 
 52 TMA-ZAIN-G-    (0)    1 :  0.003 0.006 0.715 0.048 0.013 0.171 0.011 0.010 0.024 
 53 TMA-ZAIN-G-    (0)    1 :  0.006 0.152 0.581 0.092 0.011 0.090 0.016 0.010 0.041 
 54 TMA-ZAIN-G-    (0)    1 :  0.004 0.005 0.008 0.950 0.006 0.004 0.009 0.005 0.009 
 55 TMA-ZAIN-G-    (0)    1 :  0.003 0.004 0.020 0.918 0.007 0.003 0.016 0.008 0.021 
 56 TMA-ZAIN-G-    (0)    1 :  0.029 0.006 0.046 0.085 0.034 0.478 0.273 0.007 0.041 
 57 TMA-ZAIN-G-    (0)    1 :  0.008 0.008 0.019 0.927 0.013 0.012 0.005 0.003 0.005 
 58 TMA-ZAIN-G-    (0)    1 :  0.006 0.033 0.812 0.030 0.007 0.011 0.015 0.079 0.008 
 59 TMA-ZAIN-G-    (0)    1 :  0.035 0.639 0.039 0.029 0.075 0.076 0.068 0.028 0.013 
 60 TMA-ZAIN-G-    (0)    1 :  0.008 0.460 0.289 0.022 0.010 0.047 0.016 0.008 0.140 
 61 TMA-ZAIN-G-    (0)    1 :  0.004 0.914 0.008 0.012 0.004 0.033 0.003 0.021 0.003 
 62 TMA-ZAIN-G-    (9)    1 :  0.011 0.808 0.048 0.015 0.046 0.004 0.035 0.026 0.007 
 63 TMA-ZAIN-G-    (0)    1 :  0.003 0.939 0.010 0.012 0.004 0.012 0.006 0.007 0.007 
 64 TMA-ZAIN-G-    (0)    1 :  0.968 0.002 0.003 0.003 0.007 0.004 0.005 0.003 0.006 
 65 TMA-ZAIN-G-    (9)    1 :  0.953 0.003 0.004 0.007 0.011 0.005 0.009 0.002 0.005 
 66 TMA-ZAIN-G-    (0)    1 :  0.949 0.003 0.003 0.004 0.016 0.005 0.011 0.003 0.005 
 67 TMA-ZAIN-G-    (0)    1 :  0.880 0.004 0.012 0.005 0.062 0.004 0.016 0.013 0.004 
 68 TMA-ZAIN-G-    (0)    1 :  0.964 0.002 0.003 0.005 0.005 0.005 0.007 0.002 0.007 
 69 TMA-ZAIN-G-    (0)    1 :  0.798 0.022 0.017 0.008 0.073 0.027 0.009 0.028 0.016 
 70 TMA-ZAIN-G-    (0)    1 :  0.050 0.004 0.006 0.004 0.902 0.005 0.019 0.005 0.007 
 71 TMA-ZAIN-G-    (0)    1 :  0.006 0.003 0.004 0.003 0.965 0.004 0.008 0.004 0.004 
 72 TMA-ZAIN-G-    (0)    1 :  0.052 0.004 0.009 0.010 0.763 0.007 0.133 0.005 0.018 
 73 TMA-ZAIN-G-    (0)    1 :  0.007 0.024 0.035 0.019 0.855 0.005 0.011 0.039 0.005 
 74 TMA-ZAIN-G-    (0)    1 :  0.008 0.008 0.017 0.007 0.926 0.004 0.014 0.012 0.005 
 75 TMA-ZAIN-G-    (0)    1 :  0.006 0.005 0.008 0.011 0.941 0.006 0.010 0.004 0.008 
 76 TMA-ZAIN-G-    (0)    1 :  0.008 0.006 0.020 0.004 0.899 0.004 0.006 0.050 0.004 
 77 TMA-ZAIN-G-    (0)    1 :  0.011 0.003 0.010 0.006 0.837 0.023 0.085 0.011 0.014 
 78 TMA-ZAIN-G-    (0)    1 :  0.007 0.009 0.035 0.012 0.844 0.023 0.019 0.043 0.008 
 79 TMA-ZAIN-G-    (0)    1 :  0.007 0.004 0.012 0.008 0.694 0.133 0.104 0.025 0.012 
 80 TMA-ZAIN-G-    (0)    1 :  0.025 0.003 0.005 0.010 0.883 0.008 0.056 0.006 0.004 
 81 TMA-ZAIN-G-    (0)    1 :  0.005 0.004 0.010 0.007 0.865 0.045 0.043 0.010 0.010 
 82 TMA-ZAIN-G-    (0)    1 :  0.140 0.006 0.006 0.014 0.806 0.009 0.010 0.003 0.007 
 83 TMA-ZAIN-G-    (9)    1 :  0.112 0.070 0.025 0.029 0.685 0.006 0.035 0.034 0.005 
 84 TMA-ZAIN-G-    (0)    1 :  0.006 0.004 0.014 0.005 0.890 0.014 0.020 0.040 0.006 
 85 TMA-ZAIN-G-    (0)    1 :  0.003 0.004 0.004 0.004 0.004 0.970 0.004 0.004 0.004 
 86 TMA-ZAIN-G-    (0)    1 :  0.006 0.004 0.004 0.005 0.007 0.959 0.008 0.005 0.003 
 87 TMA-ZAIN-G-    (0)    1 :  0.003 0.005 0.004 0.004 0.004 0.970 0.003 0.005 0.003 
 88 TMA-ZAIN-G-    (0)    1 :  0.058 0.233 0.009 0.082 0.122 0.433 0.031 0.012 0.021 
 89 TMA-ZAIN-G-    (0)    1 :  0.031 0.034 0.008 0.531 0.042 0.253 0.020 0.037 0.044 
 90 TMA-ZAIN-G-    (0)    1 :  0.017 0.023 0.008 0.055 0.019 0.863 0.005 0.005 0.004 
 91 TMA-ZAIN-G-    (0)    1 :  0.011 0.049 0.011 0.057 0.009 0.837 0.009 0.006 0.012 
 92 TMA-ZAIN-G-    (0)    1 :  0.007 0.010 0.041 0.311 0.008 0.563 0.009 0.038 0.013 
 93 TMA-ZAIN-G-    (0)    1 :  0.009 0.044 0.064 0.537 0.006 0.291 0.008 0.016 0.025 
 94 TMA-ZAIN-G-    (0)    1 :  0.005 0.106 0.019 0.066 0.004 0.781 0.004 0.010 0.005 
 95 TMA-ZAIN-G-    (0)    1 :  0.019 0.010 0.889 0.005 0.013 0.005 0.022 0.007 0.029 
 96 TMA-ZAIN-G-    (0)    1 :  0.006 0.005 0.889 0.006 0.009 0.011 0.035 0.005 0.035 
 97 TMA-ZAIN-G-    (0)    1 :  0.006 0.937 0.012 0.011 0.007 0.008 0.005 0.006 0.008 
 98 TMA-ZAIN-G-    (0)    1 :  0.005 0.952 0.004 0.011 0.007 0.007 0.004 0.004 0.005 
 99 TMA-ZAIN-G-    (0)    1 :  0.026 0.797 0.007 0.004 0.059 0.006 0.076 0.017 0.008 
100 TMA-ZAIN-G-    (0)    1 :  0.004 0.894 0.017 0.021 0.005 0.032 0.004 0.016 0.007 
101 TMA-ZAIN-G-    (0)    1 :  0.006 0.939 0.007 0.013 0.013 0.004 0.006 0.005 0.006 
102 TMA-ZAIN-G-    (0)    1 :  0.013 0.585 0.052 0.010 0.048 0.032 0.037 0.181 0.041 
103 TMA-ZAIN-G-    (0)    1 :  0.006 0.888 0.029 0.006 0.015 0.025 0.011 0.012 0.008 
104 TMA-ZAIN-G-    (0)    1 :  0.003 0.966 0.006 0.005 0.004 0.003 0.004 0.006 0.004 
105 TMA-ZAIN-G-    (0)    1 :  0.006 0.887 0.017 0.007 0.017 0.036 0.013 0.008 0.008 
106 TMA-ZAIN-G-    (0)    1 :  0.054 0.004 0.004 0.006 0.174 0.007 0.637 0.003 0.111 
107 TMA-ZAIN-G-    (0)    1 :  0.009 0.004 0.005 0.005 0.948 0.005 0.014 0.003 0.008 
108 TMA-ZAIN-G-    (9)    1 :  0.013 0.368 0.038 0.015 0.109 0.064 0.262 0.049 0.084 
109 TMA-ZAIN-G-    (0)    1 :  0.201 0.335 0.041 0.048 0.049 0.011 0.288 0.005 0.021 
110 TMA-ZAIN-G-    (0)    1 :  0.010 0.075 0.104 0.018 0.206 0.025 0.388 0.153 0.021 
111 TMA-ZAIN-G-    (9)    1 :  0.019 0.617 0.062 0.028 0.149 0.007 0.028 0.085 0.004 
112 TMA-ZAIN-G-    (0)    1 :  0.021 0.284 0.145 0.029 0.101 0.016 0.309 0.044 0.050 
113 TMA-ZAIN-G-    (0)    1 :  0.010 0.917 0.005 0.022 0.020 0.006 0.007 0.008 0.005 
114 TMA-ZAIN-G-    (0)    1 :  0.003 0.962 0.005 0.004 0.003 0.006 0.003 0.012 0.002 
115 TMA-ZAIN-G-    (0)    1 :  0.003 0.970 0.004 0.004 0.004 0.003 0.003 0.006 0.003 
116 TMA-ZAIN-G-    (0)    1 :  0.018 0.007 0.004 0.018 0.929 0.005 0.011 0.002 0.005 
117 TMA-ZAIN-G-    (0)    1 :  0.298 0.010 0.017 0.046 0.193 0.050 0.307 0.004 0.075 
118 TMA-ZAIN-G-    (0)    1 :  0.052 0.007 0.008 0.011 0.864 0.007 0.026 0.003 0.024 
119 TMA-ZAIN-G-    (0)    1 :  0.034 0.015 0.008 0.013 0.900 0.005 0.013 0.007 0.005 
120 TMA-ZAIN-G-    (0)    1 :  0.045 0.009 0.015 0.013 0.805 0.015 0.031 0.004 0.064 
121 TMA-ZAIN-G-    (0)    1 :  0.276 0.023 0.013 0.032 0.471 0.015 0.141 0.003 0.025 
122 TMA-ZAIN-G-    (0)    1 :  0.040 0.005 0.013 0.014 0.303 0.126 0.481 0.008 0.010 
123 TMA-ZAIN-G-    (0)    1 :  0.004 0.936 0.016 0.005 0.005 0.009 0.005 0.008 0.012 
124 TMA-ZAIN-G-    (0)    1 :  0.004 0.005 0.006 0.004 0.007 0.008 0.952 0.003 0.011 
125 TMA-ZAIN-G-    (0)    1 :  0.046 0.003 0.005 0.135 0.008 0.008 0.754 0.002 0.038 
126 TMA-ZAIN-G-    (0)    1 :  0.005 0.004 0.004 0.011 0.008 0.007 0.912 0.003 0.045 
127 TMA-ZAIN-G-    (0)    1 :  0.007 0.003 0.004 0.004 0.006 0.005 0.957 0.003 0.012 
128 TMA-ZAIN-G-    (0)    1 :  0.025 0.004 0.005 0.006 0.009 0.006 0.934 0.003 0.009 
129 TMA-ZAIN-G-    (0)    1 :  0.006 0.006 0.005 0.008 0.007 0.007 0.942 0.003 0.017 
130 TMA-ZAIN-G-    (0)    1 :  0.012 0.007 0.006 0.052 0.015 0.008 0.817 0.002 0.079 
131 TMA-ZAIN-G-    (0)    1 :  0.005 0.004 0.007 0.005 0.007 0.011 0.941 0.003 0.018 
132 TMA-ZAIN-G-    (0)    1 :  0.045 0.004 0.005 0.032 0.018 0.007 0.872 0.003 0.014 
133 TMA-ZAIN-G-    (0)    1 :  0.064 0.003 0.012 0.022 0.039 0.036 0.736 0.009 0.079 
134 TMA-ZAIN-G-    (0)    1 :  0.057 0.003 0.006 0.020 0.056 0.035 0.610 0.007 0.205 
135 TMA-ZAIN-G-    (0)    1 :  0.023 0.004 0.004 0.008 0.296 0.014 0.633 0.005 0.012 
136 TMA-ZAIN-G-    (0)    1 :  0.674 0.008 0.005 0.015 0.099 0.006 0.180 0.005 0.008 
137 TMA-ZAIN-G-    (0)    1 :  0.009 0.006 0.004 0.005 0.661 0.011 0.293 0.004 0.007 
138 TMA-ZAIN-G-    (0)    1 :  0.010 0.004 0.003 0.009 0.051 0.004 0.905 0.003 0.011 
139 TMA-ZAIN-G-    (0)    1 :  0.014 0.004 0.004 0.040 0.144 0.008 0.771 0.004 0.011 
140 TMA-ZAIN-G-    (0)    1 :  0.010 0.004 0.006 0.004 0.586 0.005 0.374 0.004 0.006 
141 TMA-ZAIN-G-    (0)    1 :  0.009 0.005 0.005 0.006 0.668 0.013 0.269 0.004 0.022 
142 TMA-ZAIN-G-    (9)    1 :  0.015 0.004 0.004 0.005 0.770 0.008 0.185 0.004 0.006 
143 TMA-ZAIN-G-    (0)    1 :  0.017 0.005 0.005 0.005 0.242 0.006 0.710 0.003 0.008 
144 TMA-ZAIN-G-    (0)    1 :  0.007 0.004 0.014 0.029 0.527 0.010 0.388 0.005 0.016 
145 TMA-ZAIN-G-    (0)    1 :  0.250 0.003 0.005 0.014 0.649 0.005 0.065 0.002 0.007 
146 TMA-ZAIN-G-    (0)    1 :  0.006 0.003 0.003 0.004 0.946 0.005 0.024 0.003 0.005 
147 TMA-ZAIN-G-    (9)    1 :  0.010 0.003 0.004 0.005 0.866 0.006 0.097 0.003 0.006 
148 TMA-ZAIN-G-    (0)    1 :  0.006 0.003 0.004 0.033 0.527 0.006 0.330 0.003 0.089 
149 TMA-ZAIN-G-    (0)    1 :  0.008 0.020 0.012 0.059 0.400 0.031 0.427 0.014 0.029 
150 TMA-ZAIN-G-    (0)    1 :  0.086 0.024 0.010 0.100 0.599 0.015 0.131 0.012 0.022 
151 TMA-ZAIN-G-    (0)    1 :  0.016 0.004 0.004 0.007 0.884 0.004 0.058 0.002 0.021 
152 TMA-ZAIN-G-    (0)    1 :  0.009 0.004 0.004 0.006 0.950 0.003 0.011 0.002 0.010 
153 TMA-ZAIN-G-    (0)    1 :  0.028 0.005 0.004 0.021 0.609 0.004 0.294 0.002 0.033 
154 TMA-ZAIN-G-    (0)    1 :  0.006 0.004 0.004 0.006 0.952 0.005 0.015 0.002 0.006 
155 TMA-ZAIN-G-    (0)    1 :  0.011 0.005 0.004 0.003 0.927 0.005 0.033 0.003 0.009 
156 TMA-ZAIN-G-    (9)    1 :  0.007 0.014 0.005 0.024 0.633 0.004 0.236 0.003 0.076 
157 TMA-ZAIN-G-    (0)    1 :  0.011 0.008 0.005 0.008 0.576 0.005 0.230 0.003 0.155 
158 TMA-ZAIN-G-    (0)    1 :  0.005 0.003 0.005 0.005 0.955 0.004 0.016 0.003 0.004 
159 TMA-ZAIN-G-    (0)    1 :  0.008 0.004 0.003 0.004 0.959 0.003 0.011 0.002 0.004 
160 TMA-ZAIN-G-    (0)    1 :  0.012 0.005 0.003 0.005 0.959 0.004 0.007 0.002 0.003 
161 TMA-ZAIN-G-    (0)    1 :  0.007 0.003 0.006 0.022 0.635 0.005 0.293 0.003 0.026 
162 TMA-ZAIN-G-    (0)    1 :  0.007 0.031 0.010 0.016 0.883 0.013 0.022 0.014 0.004 
163 TMA-ZAIN-G-    (0)    1 :  0.005 0.004 0.003 0.004 0.963 0.003 0.013 0.002 0.003 
164 TMA-ZAIN-G-    (0)    1 :  0.009 0.006 0.004 0.008 0.940 0.008 0.019 0.003 0.005 
165 TMA-ZAIN-G-    (0)    1 :  0.007 0.005 0.003 0.003 0.954 0.003 0.017 0.003 0.004 
166 TMA-ZAIN-G-    (0)    1 :  0.009 0.003 0.003 0.008 0.849 0.005 0.116 0.002 0.005 
167 TMA-ZAIN-G-    (0)    1 :  0.006 0.005 0.007 0.005 0.837 0.008 0.118 0.005 0.009 
168 TMA-ZAIN-G-    (0)    1 :  0.021 0.006 0.005 0.006 0.907 0.007 0.016 0.003 0.029 
169 TMA-ZAIN-G-    (0)    1 :  0.180 0.004 0.003 0.006 0.776 0.007 0.014 0.003 0.006 
170 TMA-ZAIN-G-    (0)    1 :  0.024 0.016 0.021 0.004 0.698 0.007 0.134 0.010 0.086 
171 TMA-ZAIN-G-    (0)    1 :  0.028 0.004 0.003 0.004 0.940 0.005 0.007 0.003 0.005 
172 TMA-ZAIN-G-    (0)    1 :  0.005 0.003 0.005 0.004 0.062 0.006 0.891 0.004 0.019 
173 TMA-ZAIN-G-    (0)    1 :  0.006 0.003 0.006 0.004 0.030 0.007 0.918 0.004 0.020 
174 TMA-ZAIN-G-    (0)    1 :  0.041 0.003 0.004 0.009 0.108 0.005 0.823 0.002 0.005 
175 TMA-ZAIN-G-    (0)    1 :  0.011 0.004 0.004 0.004 0.951 0.007 0.011 0.003 0.006 
176 TMA-ZAIN-G-    (0)    1 :  0.006 0.003 0.003 0.004 0.952 0.006 0.017 0.003 0.005 
177 TMA-ZAIN-G-    (0)    1 :  0.004 0.004 0.004 0.003 0.912 0.005 0.043 0.003 0.021 
178 TMA-ZAIN-G-    (0)    1 :  0.004 0.005 0.007 0.004 0.288 0.005 0.619 0.004 0.063 
179 TMA-ZAIN-G-    (0)    1 :  0.008 0.003 0.005 0.005 0.750 0.007 0.191 0.003 0.028 
180 TMA-ZAIN-G-    (0)    1 :  0.051 0.004 0.005 0.008 0.014 0.025 0.866 0.005 0.021 
181 TMA-ZAIN-G-    (0)    1 :  0.008 0.006 0.004 0.006 0.044 0.004 0.712 0.003 0.214 
182 TMA-ZAIN-G-    (0)    1 :  0.003 0.007 0.005 0.005 0.019 0.007 0.768 0.003 0.184 
183 TMA-ZAIN-G-    (0)    1 :  0.007 0.005 0.004 0.004 0.027 0.005 0.597 0.003 0.348 
184 TMA-ZAIN-G-    (0)    1 :  0.008 0.030 0.013 0.020 0.027 0.019 0.838 0.014 0.031 
185 TMA-ZAIN-G-    (0)    1 :  0.006 0.014 0.017 0.028 0.009 0.013 0.886 0.022 0.005 
186 TMA-ZAIN-G-    (9)    1 :  0.007 0.003 0.009 0.005 0.012 0.005 0.948 0.005 0.006 
187 TMA-ZAIN-G-    (0)    1 :  0.008 0.003 0.005 0.003 0.022 0.004 0.931 0.003 0.020 
188 TMA-ZAIN-G-    (0)    1 :  0.009 0.003 0.004 0.004 0.015 0.003 0.950 0.003 0.010 
189 TMA-ZAIN-G-    (0)    1 :  0.014 0.003 0.004 0.003 0.006 0.003 0.953 0.003 0.011 
190 TMA-ZAIN-G-    (0)    1 :  0.027 0.003 0.007 0.005 0.035 0.004 0.814 0.003 0.102 
191 TMA-ZAIN-G-    (0)    1 :  0.005 0.012 0.010 0.010 0.009 0.015 0.914 0.018 0.006 
192 TMA-ZAIN-G-    (0)    1 :  0.006 0.004 0.004 0.003 0.007 0.010 0.923 0.007 0.036 
193 TMA-ZAIN-G-    (0)    1 :  0.003 0.003 0.003 0.004 0.003 0.004 0.004 0.002 0.973 
194 TMA-ZAIN-G-    (0)    1 :  0.010 0.002 0.012 0.011 0.005 0.004 0.019 0.005 0.931 
195 TMA-ZAIN-G-    (0)    1 :  0.039 0.003 0.012 0.006 0.034 0.004 0.058 0.002 0.842 
196 TMA-ZAIN-G-    (0)    1 :  0.009 0.003 0.004 0.005 0.005 0.004 0.009 0.003 0.958 
197 TMA-ZAIN-G-    (0)    1 :  0.009 0.003 0.003 0.006 0.008 0.008 0.011 0.003 0.949 
198 TMA-ZAIN-G-    (0)    1 :  0.007 0.003 0.003 0.005 0.009 0.004 0.010 0.003 0.956 
199 TMA-ZAIN-G-    (0)    1 :  0.005 0.003 0.007 0.007 0.010 0.004 0.951 0.004 0.008 
200 TMA-ZAIN-G-    (0)    1 :  0.003 0.015 0.037 0.004 0.003 0.006 0.004 0.884 0.045 
201 TMA-ZAIN-G-    (0)    1 :  0.005 0.006 0.014 0.004 0.004 0.006 0.004 0.955 0.003 
202 TMA-ZAIN-G-    (0)    1 :  0.003 0.014 0.014 0.002 0.005 0.004 0.009 0.914 0.035 
203 TMA-ZAIN-G-    (0)    1 :  0.004 0.019 0.005 0.006 0.018 0.005 0.044 0.003 0.896 
204 TMA-ZAIN-G-    (9)    1 :  0.011 0.005 0.014 0.025 0.010 0.089 0.008 0.830 0.008 
205 TMA-ZAIN-G-    (0)    1 :  0.008 0.007 0.027 0.012 0.123 0.023 0.013 0.780 0.008 
206 TMA-ZAIN-G-    (9)    1 :  0.011 0.015 0.025 0.012 0.012 0.147 0.017 0.697 0.064 
207 TMA-ZAIN-G-    (9)    1 :  0.102 0.011 0.067 0.078 0.568 0.075 0.075 0.011 0.013 
208 TMA-ZAIN-G-    (0)    1 :  0.061 0.003 0.006 0.004 0.779 0.003 0.136 0.003 0.005 
209 TMA-ZAIN-G-    (0)    1 :  0.016 0.003 0.004 0.051 0.172 0.010 0.538 0.003 0.203 
210 TMA-ZAIN-G-    (0)    1 :  0.120 0.004 0.006 0.015 0.164 0.015 0.289 0.003 0.383 
211 TMA-ZAIN-G-    (0)    1 :  0.039 0.013 0.030 0.013 0.114 0.010 0.653 0.025 0.104 
212 TMA-ZAIN-G-    (0)    1 :  0.016 0.003 0.006 0.008 0.112 0.020 0.812 0.005 0.019 
213 TMA-ZAIN-G-    (0)    1 :  0.007 0.003 0.005 0.005 0.089 0.005 0.862 0.004 0.020 
214 TMA-ZAIN-G-    (0)    1 :  0.028 0.003 0.004 0.007 0.064 0.004 0.871 0.003 0.017 
215 TMA-ZAIN-G-    (0)    1 :  0.006 0.004 0.208 0.003 0.104 0.004 0.652 0.015 0.005 
216 TMA-ZAIN-G-    (0)    1 :  0.006 0.003 0.006 0.008 0.014 0.005 0.945 0.004 0.009 
217 TMA-ZAIN-G-    (0)    1 :  0.112 0.004 0.003 0.007 0.133 0.007 0.665 0.003 0.067 
218 TMA-ZAIN-G-    (0)    1 :  0.011 0.006 0.953 0.005 0.006 0.004 0.007 0.004 0.004 
219 TMA-ZAIN-G-    (0)    1 :  0.003 0.005 0.945 0.007 0.004 0.017 0.006 0.010 0.004 
220 TMA-ZAIN-G-    (0)    1 :  0.015 0.079 0.846 0.008 0.021 0.012 0.009 0.004 0.006 
221 TMA-ZAIN-G-    (0)    1 :  0.007 0.005 0.910 0.006 0.010 0.015 0.021 0.020 0.007 
222 TMA-ZAIN-G-    (0)    1 :  0.015 0.037 0.859 0.016 0.018 0.030 0.008 0.010 0.006 
223 TMA-ZAIN-G-    (0)    1 :  0.003 0.007 0.953 0.005 0.004 0.012 0.004 0.010 0.003 
224 TMA-ZAIN-G-    (0)    1 :  0.005 0.013 0.811 0.008 0.005 0.113 0.016 0.018 0.011 
225 TMA-ZAIN-G-    (0)    1 :  0.002 0.010 0.949 0.004 0.004 0.006 0.005 0.010 0.010 
226 TMA-ZAIN-G-    (0)    1 :  0.005 0.015 0.922 0.005 0.007 0.010 0.007 0.009 0.019 
227 TMA-ZAIN-G-    (0)    1 :  0.004 0.014 0.907 0.005 0.008 0.006 0.009 0.024 0.023 
228 TMA-ZAIN-G-    (0)    1 :  0.008 0.016 0.907 0.006 0.018 0.018 0.010 0.013 0.006 
229 TMA-ZAIN-G-    (0)    1 :  0.012 0.031 0.853 0.007 0.004 0.010 0.003 0.078 0.003 
230 TMA-ZAIN-G-    (0)    1 :  0.022 0.036 0.442 0.015 0.018 0.387 0.054 0.008 0.017 
231 TMA-ZAIN-G-    (0)    1 :  0.013 0.168 0.129 0.019 0.078 0.066 0.014 0.502 0.012 
232 TMA-ZAIN-G-    (9)    1 :  0.060 0.266 0.069 0.010 0.016 0.026 0.036 0.505 0.012 
233 TMA-ZAIN-G-    (0)    1 :  0.041 0.006 0.855 0.013 0.015 0.028 0.011 0.023 0.008 
234 TMA-ZAIN-G-    (0)    1 :  0.006 0.299 0.578 0.029 0.010 0.007 0.005 0.054 0.012 
235 TMA-ZAIN-G-    (0)    1 :  0.005 0.113 0.729 0.009 0.034 0.034 0.029 0.021 0.026 
236 TMA-ZAIN-G-    (0)    1 :  0.008 0.098 0.702 0.004 0.011 0.083 0.011 0.055 0.027 
237 TMA-ZAIN-G-    (0)    1 :  0.021 0.266 0.276 0.009 0.112 0.246 0.041 0.014 0.016 
238 TMA-ZAIN-G-    (0)    1 :  0.005 0.059 0.824 0.004 0.029 0.008 0.027 0.034 0.008 
239 TMA-ZAIN-G-    (0)    1 :  0.016 0.006 0.004 0.028 0.004 0.021 0.029 0.756 0.136 
240 TMA-ZAIN-G-    (0)    1 :  0.003 0.003 0.004 0.006 0.004 0.008 0.003 0.965 0.004 
241 TMA-ZAIN-G-    (0)    1 :  0.005 0.004 0.003 0.005 0.009 0.006 0.005 0.959 0.004 
242 TMA-ZAIN-G-    (0)    1 :  0.005 0.003 0.004 0.004 0.007 0.003 0.005 0.965 0.003 
243 TMA-ZAIN-G-    (0)    1 :  0.009 0.003 0.004 0.005 0.011 0.006 0.007 0.951 0.004 
244 TMA-ZAIN-G-    (0)    1 :  0.010 0.004 0.005 0.004 0.016 0.003 0.009 0.947 0.003 
245 TMA-ZAIN-G-    (9)    1 :  0.002 0.003 0.004 0.003 0.003 0.003 0.003 0.974 0.003 
246 TMA-ZAIN-G-    (0)    1 :  0.003 0.002 0.004 0.003 0.003 0.005 0.003 0.974 0.003 
247 TMA-ZAIN-G-    (0)    1 :  0.005 0.002 0.004 0.004 0.004 0.004 0.004 0.970 0.002 
248 TMA-ZAIN-G-    (0)    1 :  0.005 0.004 0.006 0.004 0.007 0.004 0.007 0.954 0.009 
249 TMA-ZAIN-G-    (0)    1 :  0.003 0.003 0.005 0.003 0.004 0.005 0.004 0.966 0.007 
250 TMA-ZAIN-G-    (0)    1 :  0.006 0.003 0.005 0.003 0.003 0.005 0.004 0.967 0.004 
251 TMA-ZAIN-G-    (0)    1 :  0.004 0.005 0.005 0.961 0.004 0.009 0.004 0.003 0.005 
252 TMA-ZAIN-G-    (0)    1 :  0.033 0.003 0.008 0.883 0.051 0.004 0.010 0.003 0.005 
253 TMA-ZAIN-G-    (0)    1 :  0.005 0.005 0.003 0.964 0.006 0.005 0.004 0.004 0.004 
254 TMA-ZAIN-G-    (9)    1 :  0.011 0.007 0.005 0.938 0.017 0.006 0.008 0.003 0.005 
255 TMA-ZAIN-G-    (0)    1 :  0.007 0.008 0.003 0.948 0.006 0.004 0.004 0.015 0.004 
256 TMA-ZAIN-G-    (0)    1 :  0.006 0.008 0.005 0.911 0.008 0.022 0.008 0.011 0.023 
257 TMA-ZAIN-G-    (0)    1 :  0.003 0.004 0.004 0.951 0.003 0.013 0.004 0.004 0.013 
258 TMA-ZAIN-G-    (0)    1 :  0.004 0.003 0.003 0.970 0.004 0.005 0.003 0.003 0.005 
259 TMA-ZAIN-G-    (0)    1 :  0.005 0.003 0.005 0.949 0.003 0.019 0.004 0.006 0.005 
260 TMA-ZAIN-G-    (0)    1 :  0.009 0.004 0.004 0.952 0.004 0.012 0.004 0.004 0.006 
261 TMA-ZAIN-G-   (18)    1 :  0.010 0.005 0.007 0.930 0.005 0.023 0.006 0.004 0.009 
262 TMA-ZAIN-G-    (0)    1 :  0.003 0.004 0.003 0.965 0.003 0.008 0.003 0.004 0.006 
263 TMA-ZAIN-G-    (0)    1 :  0.004 0.006 0.004 0.963 0.004 0.009 0.003 0.004 0.004 
264 TMA-ZAIN-G-    (0)    1 :  0.004 0.007 0.004 0.961 0.005 0.007 0.003 0.003 0.006 
265 TMA-ZAIN-G-    (0)    1 :  0.031 0.014 0.242 0.223 0.027 0.404 0.029 0.015 0.014 
266 TMA-ZAIN-G-    (0)    1 :  0.029 0.015 0.033 0.667 0.033 0.021 0.119 0.010 0.073 
267 TMA-ZAIN-G-    (0)    1 :  0.017 0.023 0.067 0.219 0.018 0.261 0.013 0.375 0.008 
268 TMA-ZAIN-G-    (0)    1 :  0.004 0.069 0.007 0.005 0.004 0.008 0.003 0.896 0.003 
269 TMA-ZAIN-G-    (0)    1 :  0.005 0.306 0.024 0.005 0.006 0.080 0.006 0.563 0.004 
270 TMA-ZAIN-G-    (0)    1 :  0.004 0.089 0.017 0.006 0.006 0.152 0.005 0.716 0.004 
271 TMA-ZAIN-G-    (0)    1 :  0.004 0.035 0.008 0.005 0.005 0.022 0.004 0.913 0.003 
272 TMA-ZAIN-G-    (0)    1 :  0.003 0.030 0.053 0.004 0.005 0.032 0.005 0.864 0.004 
273 TMA-ZAIN-G-    (0)    1 :  0.002 0.017 0.015 0.003 0.003 0.009 0.003 0.944 0.003 
274 TMA-ZAIN-G-    (0)    1 :  0.010 0.032 0.018 0.009 0.012 0.009 0.022 0.834 0.054 
275 TMA-ZAIN-G-    (0)    1 :  0.002 0.007 0.007 0.002 0.003 0.003 0.004 0.967 0.003 
276 TMA-ZAIN-G-    (0)    1 :  0.003 0.009 0.004 0.003 0.004 0.005 0.003 0.966 0.003 
277 TMA-ZAIN-G-    (0)    1 :  0.004 0.009 0.006 0.007 0.005 0.004 0.004 0.956 0.005 
278 TMA-ZAIN-G-    (0)    1 :  0.003 0.005 0.006 0.004 0.003 0.008 0.003 0.965 0.003 
279 TMA-ZAIN-G-    (0)    1 :  0.003 0.010 0.017 0.004 0.005 0.004 0.005 0.946 0.006 
280 TMA-ZAIN-G-    (0)    1 :  0.003 0.093 0.059 0.004 0.005 0.007 0.009 0.811 0.009 
281 TMA-ZAIN-G-    (0)    1 :  0.003 0.041 0.014 0.004 0.004 0.009 0.005 0.913 0.006 
282 TMA-ZAIN-G-    (9)    1 :  0.003 0.013 0.007 0.005 0.003 0.006 0.003 0.958 0.003 
283 TMA-ZAIN-G-    (0)    1 :  0.007 0.090 0.082 0.130 0.017 0.030 0.011 0.629 0.004 
284 TMA-ZAIN-G-    (0)    1 :  0.004 0.186 0.166 0.131 0.013 0.056 0.014 0.425 0.006 
285 TMA-ZAIN-G-    (0)    1 :  0.029 0.039 0.020 0.038 0.024 0.006 0.023 0.809 0.011 
286 TMA-ZAIN-G-    (0)    1 :  0.003 0.034 0.011 0.009 0.003 0.010 0.003 0.923 0.003 
287 TMA-ZAIN-G-    (0)    1 :  0.011 0.028 0.008 0.006 0.008 0.006 0.010 0.908 0.015 
288 TMA-ZAIN-G-    (0)    1 :  0.012 0.096 0.153 0.014 0.022 0.010 0.044 0.585 0.064 
289 TMA-ZAIN-G-    (0)    1 :  0.018 0.025 0.016 0.010 0.013 0.010 0.016 0.863 0.029 
290 TMA-ZAIN-G-    (0)    1 :  0.003 0.458 0.077 0.008 0.007 0.007 0.012 0.417 0.011 
291 TMA-ZAIN-G-    (0)    1 :  0.004 0.010 0.941 0.007 0.004 0.011 0.005 0.013 0.006 
292 TMA-ZAIN-G-    (0)    1 :  0.007 0.011 0.018 0.005 0.689 0.009 0.226 0.015 0.022 
293 TMA-ZAIN-G-    (0)    1 :  0.027 0.004 0.010 0.012 0.438 0.047 0.428 0.008 0.024 
294 TMA-ZAIN-G-    (0)    1 :  0.012 0.003 0.004 0.005 0.917 0.014 0.036 0.005 0.004 
295 TMA-ZAIN-G-    (9)    1 :  0.019 0.003 0.010 0.006 0.868 0.019 0.059 0.008 0.006 
296 TMA-ZAIN-G-    (0)    1 :  0.007 0.012 0.011 0.008 0.502 0.037 0.376 0.006 0.040 
297 TMA-ZAIN-G-    (0)    1 :  0.030 0.006 0.009 0.022 0.616 0.019 0.162 0.006 0.131 
298 TMA-ZAIN-G-    (0)    1 :  0.017 0.007 0.010 0.013 0.693 0.214 0.029 0.012 0.005 
299 TMA-ZAIN-G-    (0)    1 :  0.009 0.004 0.005 0.003 0.956 0.004 0.008 0.006 0.005 
300 TMA-ZAIN-G-    (0)    1 :  0.082 0.003 0.009 0.006 0.687 0.011 0.184 0.007 0.011 
301 TMA-ZAIN-G-    (0)    1 :  0.028 0.005 0.007 0.006 0.589 0.024 0.305 0.008 0.027 
302 TMA-ZAIN-G-    (9)    1 :  0.008 0.004 0.005 0.005 0.785 0.013 0.160 0.003 0.017 
303 TMA-ZAIN-G-    (0)    1 :  0.002 0.019 0.789 0.029 0.003 0.011 0.023 0.008 0.117 
304 TMA-ZAIN-G-    (0)    2 :  0.169 0.020 0.010 0.534 0.033 0.015 0.169 0.010 0.040 
305 TMA-ZAIN-G-    (0)    2 :  0.020 0.004 0.005 0.007 0.607 0.019 0.322 0.005 0.012 
306 TMA-ZAIN-G-    (0)    2 :  0.018 0.096 0.012 0.380 0.252 0.007 0.186 0.031 0.018 
307 TMA-ZAIN-G-    (0)    2 :  0.380 0.012 0.007 0.358 0.034 0.015 0.166 0.013 0.016 
308 TMA-ZAIN-G-    (0)    2 :  0.014 0.036 0.145 0.741 0.005 0.015 0.007 0.022 0.016 
309 TMA-ZAIN-G-    (0)    2 :  0.008 0.004 0.005 0.004 0.014 0.005 0.930 0.003 0.029 
310 TMA-ZAIN-G-    (0)    2 :  0.014 0.005 0.015 0.009 0.635 0.065 0.227 0.025 0.004 
311 TMA-ZAIN-G-    (0)    2 :  0.010 0.039 0.021 0.030 0.511 0.096 0.269 0.007 0.016 
312 TMA-ZAIN-G-    (0)    2 :  0.008 0.005 0.021 0.010 0.031 0.006 0.895 0.005 0.019 
313 TMA-ZAIN-G-    (0)    2 :  0.052 0.014 0.006 0.584 0.147 0.033 0.133 0.006 0.026 
314 TMA-ZAIN-G-    (0)    2 :  0.013 0.398 0.258 0.017 0.007 0.023 0.027 0.240 0.018 
315 TMA-ZAIN-G-    (0)    2 :  0.074 0.007 0.035 0.014 0.279 0.033 0.154 0.397 0.007 
316 TMA-ZAIN-G-    (0)    2 :  0.065 0.012 0.076 0.014 0.274 0.023 0.122 0.407 0.007 
317 TMA-ZAIN-G-    (0)    2 :  0.004 0.036 0.896 0.014 0.008 0.009 0.006 0.021 0.007 
318 TMA-ZAIN-G-    (9)    2 :  0.010 0.327 0.144 0.030 0.008 0.032 0.007 0.431 0.011 
319 TMA-ZAIN-G-    (0)    3 :  0.003 0.028 0.296 0.007 0.005 0.026 0.007 0.148 0.479 
320 TMA-ZAIN-G-    (0)    3 :  0.024 0.006 0.445 0.005 0.348 0.016 0.134 0.010 0.011 
321 TMA-ZAIN-G-    (0)    4 :  0.026 0.067 0.110 0.009 0.086 0.022 0.581 0.095 0.006 
322 TMA-ZAIN-G-    (0)    4 :  0.039 0.064 0.423 0.048 0.179 0.020 0.211 0.008 0.009 
323 TMA-ZAIN-G-    (0)    5 :  0.019 0.007 0.848 0.011 0.006 0.007 0.027 0.016 0.058 
324 TMA-ZAIN-G-    (0)    5 :  0.025 0.008 0.010 0.029 0.820 0.021 0.040 0.004 0.045 
325 TMA-ZAIN-G-    (0)    5 :  0.005 0.004 0.890 0.006 0.012 0.014 0.015 0.049 0.006 
326 TMA-ZAIN-G-    (0)    5 :  0.005 0.003 0.575 0.013 0.011 0.005 0.012 0.003 0.373 
327 TMA-ZAIN-G-    (0)    5 :  0.028 0.003 0.005 0.012 0.007 0.008 0.035 0.003 0.899 
328 TMA-ZAIN-G-    (0)    5 :  0.276 0.336 0.130 0.016 0.017 0.015 0.049 0.079 0.082 
329 TMA-ZAIN-G-    (0)    5 :  0.118 0.005 0.010 0.018 0.165 0.084 0.554 0.007 0.040 
330 TMA-ZAIN-G-    (0)    6 :  0.070 0.004 0.009 0.036 0.043 0.015 0.799 0.003 0.021 
331 TMA-ZAIN-G-    (0)    6 :  0.005 0.009 0.014 0.011 0.019 0.284 0.631 0.018 0.009 
332 TMA-ZAIN-G-    (0)    6 :  0.012 0.003 0.005 0.005 0.031 0.004 0.496 0.002 0.442 
333 TMA-ZAIN-G-    (0)    6 :  0.003 0.003 0.003 0.004 0.003 0.004 0.006 0.002 0.971 
334 TMA-ZAIN-G-    (0)    6 :  0.003 0.014 0.011 0.006 0.004 0.013 0.004 0.941 0.003 
335 TMA-ZAIN-G-    (0)    6 :  0.006 0.004 0.005 0.004 0.005 0.010 0.004 0.959 0.003 
336 TMA-ZAIN-G-    (0)    6 :  0.006 0.013 0.016 0.008 0.009 0.092 0.008 0.843 0.005 
337 TMA-ZAIN-G-    (9)    6 :  0.004 0.075 0.038 0.006 0.008 0.016 0.006 0.844 0.003 
338 TMA-ZAIN-G-    (0)    6 :  0.003 0.031 0.009 0.006 0.004 0.008 0.003 0.932 0.003 
339 TMA-ZAIN-G-    (0)    6 :  0.002 0.013 0.005 0.003 0.002 0.004 0.002 0.966 0.002 
340 TMA-ZAIN-G-    (0)    6 :  0.003 0.006 0.005 0.003 0.003 0.012 0.003 0.962 0.003 
341 TMA-ZAIN-G-    (0)    6 :  0.004 0.009 0.005 0.003 0.004 0.005 0.006 0.962 0.003 
342 TMA-ZAIN-G-    (0)    6 :  0.004 0.008 0.006 0.003 0.005 0.049 0.004 0.918 0.003 
343 TMA-ZAIN-G-    (0)    7 :  0.002 0.027 0.007 0.002 0.003 0.005 0.004 0.947 0.003 
344 TMA-ZAIN-G-    (0)    7 :  0.003 0.008 0.014 0.004 0.004 0.005 0.005 0.950 0.006 
345 TMA-ZAIN-G-    (0)    7 :  0.003 0.005 0.005 0.004 0.003 0.005 0.003 0.969 0.003 
346 TMA-ZAIN-G-    (0)    7 :  0.003 0.033 0.016 0.005 0.004 0.005 0.012 0.909 0.012 
347 TMA-ZAIN-G-    (9)    7 :  0.003 0.009 0.006 0.003 0.003 0.004 0.003 0.965 0.003 
348 TMA-ZAIN-G-    (0)    7 :  0.004 0.022 0.013 0.008 0.005 0.011 0.005 0.928 0.005 
349 TMA-ZAIN-G-    (0)    7 :  0.004 0.013 0.007 0.005 0.004 0.004 0.003 0.955 0.004 
350 TMA-ZAIN-G-    (0)    7 :  0.005 0.026 0.059 0.004 0.008 0.015 0.009 0.867 0.008 
351 TMA-ZAIN-G-    (0)    7 :  0.004 0.007 0.007 0.005 0.003 0.005 0.003 0.962 0.004 
352 TMA-ZAIN-G-    (0)    7 :  0.007 0.007 0.008 0.005 0.008 0.052 0.007 0.903 0.003 
353 TMA-ZAIN-G-    (0)    7 :  0.003 0.040 0.023 0.005 0.007 0.006 0.011 0.893 0.012 
354 TMA-ZAIN-G-    (0)    7 :  0.002 0.007 0.013 0.003 0.005 0.003 0.008 0.954 0.005 
355 TMA-ZAIN-G-    (0)    7 :  0.004 0.013 0.008 0.003 0.008 0.004 0.012 0.939 0.007 
356 TMA-ZAIN-G-    (0)    8 :  0.090 0.003 0.014 0.015 0.865 0.004 0.005 0.002 0.002 
357 TMA-ZAIN-G-    (0)    8 :  0.089 0.011 0.008 0.009 0.366 0.017 0.136 0.004 0.359 
358 TMA-ZAIN-G-    (0)    8 :  0.124 0.042 0.024 0.017 0.071 0.043 0.650 0.019 0.012 
359 TMA-ZAIN-G-    (0)    8 :  0.469 0.009 0.038 0.029 0.263 0.165 0.009 0.014 0.004 
360 TMA-ZAIN-G-    (0)    8 :  0.021 0.003 0.005 0.005 0.939 0.007 0.013 0.004 0.004 
361 TMA-ZAIN-G-    (0)    8 :  0.019 0.009 0.007 0.011 0.036 0.008 0.888 0.004 0.018 
362 TMA-ZAIN-G-    (0)    8 :  0.009 0.005 0.008 0.004 0.946 0.005 0.009 0.012 0.003 
363 TMA-ZAIN-G-    (0)    9 :  0.019 0.005 0.028 0.011 0.195 0.099 0.562 0.008 0.074 
364 TMA-ZAIN-G-    (0)    9 :  0.016 0.239 0.605 0.009 0.022 0.059 0.018 0.018 0.012 
365 TMA-ZAIN-G-    (0)    9 :  0.046 0.014 0.069 0.004 0.333 0.008 0.364 0.158 0.005 
366 TMA-ZAIN-G-    (0)    9 :  0.135 0.004 0.005 0.012 0.746 0.039 0.048 0.006 0.004 
367 TMA-ZAIN-G-    (0)    9 :  0.006 0.089 0.017 0.051 0.030 0.035 0.732 0.006 0.035 
368 TMA-ZAIN-G-    (0)    9 :  0.157 0.005 0.006 0.013 0.700 0.020 0.087 0.005 0.009 
369 TMA-ZAIN-G-    (0)    9 :  0.022 0.003 0.005 0.005 0.011 0.006 0.929 0.003 0.018 
370 TMA-ZAIN-G-    (0)    9 :  0.008 0.005 0.004 0.004 0.010 0.005 0.942 0.003 0.020 
371 TMA-ZAIN-G-    (0)    9 :  0.017 0.004 0.004 0.005 0.944 0.006 0.010 0.003 0.007 
372 TMA-ZAIN-G-    (0)    9 :  0.024 0.004 0.004 0.006 0.589 0.007 0.357 0.004 0.004 
373 TMA-ZAIN-G-    (0)    9 :  0.007 0.004 0.010 0.006 0.006 0.004 0.265 0.004 0.694 
374 TMA-ZAIN-G-    (0)   10 :  0.008 0.319 0.059 0.170 0.039 0.016 0.254 0.008 0.128 
375 TMA-ZAIN-G-    (0)   10 :  0.010 0.049 0.647 0.006 0.019 0.011 0.189 0.009 0.060 
376 TMA-ZAIN-G-    (9)   10 :  0.005 0.005 0.004 0.003 0.949 0.004 0.022 0.003 0.006 
377 TMA-ZAIN-G-    (0)   10 :  0.017 0.003 0.003 0.005 0.948 0.004 0.013 0.002 0.005 
378 TMA-ZAIN-G-    (0)   10 :  0.012 0.004 0.003 0.004 0.949 0.003 0.016 0.002 0.007 
379 TMA-ZAIN-G-    (0)   10 :  0.014 0.004 0.003 0.027 0.902 0.003 0.020 0.002 0.024 
380 TMA-ZAIN-G-    (0)   10 :  0.099 0.003 0.006 0.006 0.629 0.011 0.230 0.003 0.013 
381 TMA-ZAIN-G-    (9)   10 :  0.117 0.010 0.545 0.045 0.108 0.106 0.043 0.011 0.016 
382 TMA-ZAIN-G-    (9)   10 :  0.003 0.751 0.121 0.007 0.005 0.036 0.014 0.053 0.009 
383    ZFB01    (0)   11 :  0.003 0.964 0.004 0.004 0.005 0.003 0.004 0.009 0.003 
384    ZFB02    (0)   11 :  0.003 0.933 0.006 0.008 0.004 0.007 0.003 0.034 0.002 
385    ZFB03    (0)   11 :  0.003 0.955 0.008 0.005 0.005 0.006 0.005 0.005 0.009 
386    ZFB04    (0)   11 :  0.003 0.935 0.005 0.005 0.005 0.009 0.004 0.032 0.002 
387    ZFB05    (0)   11 :  0.011 0.737 0.042 0.006 0.003 0.069 0.006 0.114 0.012 
388    ZFB06    (0)   11 :  0.012 0.857 0.031 0.006 0.003 0.020 0.006 0.053 0.012 
389    ZFB07    (9)   11 :  0.004 0.941 0.010 0.004 0.009 0.009 0.008 0.010 0.005 
390    ZFB08    (0)   11 :  0.006 0.948 0.008 0.006 0.007 0.007 0.007 0.006 0.004 
391    ZFB09    (0)   11 :  0.003 0.971 0.005 0.004 0.003 0.003 0.003 0.004 0.003 
392    ZFB10    (0)   11 :  0.007 0.925 0.006 0.005 0.023 0.009 0.012 0.011 0.002 
393    ZFB11    (0)   11 :  0.004 0.936 0.005 0.006 0.012 0.010 0.006 0.019 0.003 
394    ZFB12    (0)   11 :  0.004 0.903 0.018 0.005 0.010 0.005 0.009 0.039 0.009 
395    ZFB13    (0)   11 :  0.006 0.937 0.011 0.004 0.010 0.012 0.009 0.007 0.005 
396    ZFB14    (0)   11 :  0.003 0.964 0.004 0.004 0.006 0.006 0.004 0.004 0.003 
397    ZFB15    (0)   11 :  0.002 0.965 0.004 0.003 0.003 0.004 0.003 0.013 0.003 
398    ZFB16    (0)   11 :  0.004 0.939 0.007 0.003 0.006 0.015 0.006 0.017 0.003 
