

----------------------------------------------------
STRUCTURE by Pritchard, Stephens and Donnelly (2000)
     and Falush, Stephens and Pritchard (2003)
       Code by Pritchard, Falush and Hubisz
             Version 2.3.4 (Jul 2012)
----------------------------------------------------



Command line arguments:   bin\structure -m C:\Users\eschumacher\Documents\GitHub\GCC_QUAC_ZAIN\Data_Files\Structure_Files\ZAIN\ZAIN_rebinned_allpop_str\50-50\mainparams -e C:\Users\eschumacher\Documents\GitHub\GCC_QUAC_ZAIN\Data_Files\Structure_Files\ZAIN\ZAIN_rebinned_allpop_str\50-50\extraparams 
Input File:    C:\Users\eschumacher\Documents\GitHub\GCC_QUAC_ZAIN\Data_Files\Structure_Files\ZAIN\ZAIN_rebinned_allpop_str\project_data

Run parameters:
   1133 individuals
   11 loci
   10 populations assumed
   50000 Burn-in period
   50000 Reps


--------------------------------------------
Proportion of membership of each pre-defined
 population in each of the 10 clusters

Given    Inferred Clusters                                                        Number of
 Pop       1      2      3      4      5      6      7      8      9     10      Individuals

  1:     0.107  0.153  0.054  0.108  0.039  0.086  0.148  0.137  0.072  0.097      303
  2:     0.201  0.141  0.017  0.102  0.045  0.059  0.165  0.151  0.013  0.107       15
  3:     0.008  0.038  0.250  0.332  0.009  0.015  0.028  0.219  0.016  0.086        2
  4:     0.031  0.169  0.007  0.248  0.027  0.056  0.312  0.063  0.006  0.080        2
  5:     0.016  0.142  0.207  0.340  0.057  0.043  0.082  0.065  0.029  0.020        7
  6:     0.017  0.009  0.101  0.009  0.008  0.007  0.148  0.025  0.007  0.669       13
  7:     0.004  0.004  0.005  0.007  0.003  0.009  0.005  0.004  0.007  0.952       13
  8:     0.019  0.505  0.055  0.018  0.077  0.012  0.204  0.074  0.028  0.009        7
  9:     0.015  0.211  0.053  0.075  0.029  0.032  0.348  0.216  0.006  0.016       11
 10:     0.032  0.401  0.025  0.158  0.024  0.112  0.078  0.150  0.013  0.009        9
 11:     0.007  0.010  0.004  0.010  0.005  0.890  0.007  0.009  0.043  0.016       35
 12:     0.028  0.362  0.016  0.008  0.024  0.007  0.174  0.373  0.004  0.005       36
 13:     0.010  0.487  0.021  0.010  0.029  0.005  0.085  0.341  0.007  0.005       33
 14:     0.923  0.009  0.010  0.006  0.009  0.007  0.007  0.008  0.008  0.015       40
 15:     0.007  0.007  0.933  0.005  0.006  0.004  0.025  0.007  0.003  0.003       39
 16:     0.026  0.045  0.012  0.580  0.029  0.183  0.023  0.038  0.016  0.049       40
 17:     0.034  0.010  0.011  0.716  0.017  0.076  0.010  0.015  0.062  0.049       37
 18:     0.006  0.735  0.011  0.004  0.019  0.005  0.103  0.110  0.003  0.003       40
 19:     0.037  0.006  0.014  0.007  0.003  0.896  0.006  0.005  0.004  0.021       28
 20:     0.837  0.011  0.008  0.019  0.009  0.008  0.014  0.022  0.013  0.058       14
 21:     0.010  0.012  0.031  0.030  0.007  0.011  0.015  0.012  0.856  0.016       13
 22:     0.019  0.013  0.027  0.004  0.008  0.006  0.906  0.012  0.002  0.003       14
 23:     0.007  0.043  0.008  0.004  0.025  0.004  0.021  0.879  0.005  0.004       25
 24:     0.008  0.013  0.006  0.005  0.931  0.007  0.009  0.011  0.006  0.004       40
 25:     0.816  0.027  0.016  0.021  0.008  0.023  0.051  0.020  0.009  0.010       32
 26:     0.003  0.003  0.003  0.003  0.003  0.003  0.003  0.003  0.972  0.004       20
 27:     0.010  0.018  0.004  0.204  0.007  0.705  0.012  0.009  0.003  0.029        4
 28:     0.011  0.069  0.005  0.020  0.014  0.792  0.016  0.018  0.005  0.051       23
 29:     0.009  0.006  0.006  0.014  0.005  0.926  0.006  0.005  0.004  0.018       39
 30:     0.005  0.005  0.004  0.006  0.004  0.011  0.004  0.006  0.006  0.949       38
 31:     0.009  0.049  0.163  0.008  0.051  0.005  0.660  0.046  0.005  0.004       45
 32:     0.017  0.206  0.160  0.008  0.026  0.005  0.367  0.197  0.012  0.004       28
 33:     0.007  0.005  0.008  0.024  0.005  0.922  0.005  0.004  0.015  0.006        6
 34:     0.013  0.014  0.011  0.847  0.040  0.025  0.022  0.011  0.004  0.013       40
 35:     0.014  0.008  0.010  0.800  0.011  0.020  0.023  0.012  0.060  0.041       42
--------------------------------------------

Allele-freq. divergence among pops (Net nucleotide distance),
computed using point estimates of P.

      1       2       3       4       5       6       7       8       9      10      
 1      -    0.1885  0.1630  0.1061  0.1875  0.1498  0.1449  0.1736  0.3202  0.2234  
 2   0.1885     -    0.2402  0.1657  0.1224  0.2270  0.0528  0.0408  0.4029  0.3197  
 3   0.1630  0.2402     -    0.1737  0.2667  0.2708  0.1289  0.2167  0.4408  0.3477  
 4   0.1061  0.1657  0.1737     -    0.2166  0.0959  0.1163  0.1535  0.2414  0.1259  
 5   0.1875  0.1224  0.2667  0.2166     -    0.3396  0.1245  0.1093  0.4579  0.3645  
 6   0.1498  0.2270  0.2708  0.0959  0.3396     -    0.2291  0.2354  0.3086  0.1213  
 7   0.1449  0.0528  0.1289  0.1163  0.1245  0.2291     -    0.0693  0.3724  0.2880  
 8   0.1736  0.0408  0.2167  0.1535  0.1093  0.2354  0.0693     -    0.3630  0.2882  
 9   0.3202  0.4029  0.4408  0.2414  0.4579  0.3086  0.3724  0.3630     -    0.2022  
10   0.2234  0.3197  0.3477  0.1259  0.3645  0.1213  0.2880  0.2882  0.2022     -    

Average distances (expected heterozygosity) between individuals in same cluster:
cluster  1  : 0.4302 
cluster  2  : 0.3804 
cluster  3  : 0.2638 
cluster  4  : 0.5485 
cluster  5  : 0.3585 
cluster  6  : 0.4763 
cluster  7  : 0.4370 
cluster  8  : 0.4046 
cluster  9  : 0.2509 
cluster 10  : 0.3827 

--------------------------------------------
Estimated Ln Prob of Data   = -20849.2
Mean value of ln likelihood = -20218.7
Variance of ln likelihood   = 1260.9
Mean value of alpha         = 0.0336

Mean value of Fst_1         = 0.4140
Mean value of Fst_2         = 0.3455
Mean value of Fst_3         = 0.5601
Mean value of Fst_4         = 0.1477
Mean value of Fst_5         = 0.4310
Mean value of Fst_6         = 0.3601
Mean value of Fst_7         = 0.3220
Mean value of Fst_8         = 0.2980
Mean value of Fst_9         = 0.6328
Mean value of Fst_10         = 0.5663


Inferred ancestry of individuals:
        Label (%Miss) Pop:  Inferred clusters
  1 TMA-ZAIN-G-    (9)    1 :  0.016 0.013 0.094 0.052 0.013 0.760 0.028 0.011 0.003 0.011 
  2 TMA-ZAIN-G-    (0)    1 :  0.020 0.017 0.007 0.020 0.004 0.710 0.009 0.199 0.004 0.009 
  3 TMA-ZAIN-G-    (0)    1 :  0.011 0.582 0.029 0.007 0.081 0.006 0.239 0.036 0.003 0.004 
  4 TMA-ZAIN-G-    (0)    1 :  0.627 0.171 0.019 0.017 0.042 0.019 0.030 0.054 0.005 0.015 
  5 TMA-ZAIN-G-    (0)    1 :  0.006 0.003 0.002 0.005 0.003 0.967 0.002 0.002 0.004 0.006 
  6 TMA-ZAIN-G-    (0)    1 :  0.061 0.206 0.024 0.123 0.148 0.065 0.231 0.055 0.048 0.037 
  7 TMA-ZAIN-G-    (0)    1 :  0.033 0.289 0.051 0.017 0.010 0.014 0.290 0.283 0.006 0.008 
  8 TMA-ZAIN-G-    (0)    1 :  0.017 0.036 0.006 0.005 0.019 0.007 0.883 0.023 0.002 0.003 
  9 TMA-ZAIN-G-    (9)    1 :  0.006 0.224 0.009 0.009 0.036 0.009 0.364 0.334 0.004 0.005 
 10 TMA-ZAIN-G-    (0)    1 :  0.013 0.208 0.014 0.010 0.042 0.003 0.442 0.260 0.004 0.004 
 11 TMA-ZAIN-G-    (0)    1 :  0.008 0.362 0.009 0.007 0.006 0.007 0.207 0.383 0.006 0.005 
 12 TMA-ZAIN-G-    (0)    1 :  0.004 0.937 0.011 0.004 0.005 0.004 0.019 0.011 0.003 0.002 
 13 TMA-ZAIN-G-    (9)    1 :  0.024 0.089 0.121 0.025 0.018 0.039 0.287 0.282 0.021 0.095 
 14 TMA-ZAIN-G-    (9)    1 :  0.009 0.012 0.878 0.009 0.007 0.003 0.040 0.018 0.018 0.007 
 15 TMA-ZAIN-G-    (0)    1 :  0.006 0.008 0.905 0.007 0.009 0.004 0.051 0.007 0.002 0.002 
 16 TMA-ZAIN-G-    (0)    1 :  0.004 0.890 0.006 0.006 0.005 0.003 0.020 0.057 0.005 0.004 
 17 TMA-ZAIN-G-    (9)    1 :  0.031 0.017 0.030 0.030 0.006 0.011 0.843 0.011 0.003 0.019 
 18 TMA-ZAIN-G-    (0)    1 :  0.047 0.015 0.017 0.139 0.007 0.747 0.012 0.005 0.004 0.008 
 19 TMA-ZAIN-G-    (0)    1 :  0.006 0.019 0.012 0.894 0.004 0.011 0.028 0.011 0.005 0.011 
 20 TMA-ZAIN-G-    (0)    1 :  0.021 0.003 0.003 0.805 0.004 0.038 0.003 0.004 0.040 0.080 
 21 TMA-ZAIN-G-    (0)    1 :  0.003 0.002 0.002 0.003 0.003 0.003 0.002 0.002 0.973 0.005 
 22 TMA-ZAIN-G-    (0)    1 :  0.004 0.002 0.003 0.006 0.002 0.013 0.003 0.003 0.004 0.961 
 23 TMA-ZAIN-G-    (0)    1 :  0.004 0.004 0.005 0.010 0.003 0.006 0.005 0.004 0.004 0.955 
 24 TMA-ZAIN-G-    (9)    1 :  0.006 0.010 0.028 0.003 0.130 0.006 0.014 0.133 0.008 0.661 
 25 TMA-ZAIN-G-    (9)    1 :  0.004 0.011 0.006 0.692 0.005 0.138 0.011 0.112 0.009 0.012 
 26 TMA-ZAIN-G-    (9)    1 :  0.409 0.027 0.035 0.009 0.008 0.007 0.151 0.257 0.089 0.008 
 27 TMA-ZAIN-G-    (0)    1 :  0.022 0.007 0.056 0.787 0.010 0.071 0.017 0.007 0.015 0.009 
 28 TMA-ZAIN-G-    (0)    1 :  0.007 0.007 0.011 0.932 0.008 0.011 0.010 0.006 0.003 0.006 
 29 TMA-ZAIN-G-    (0)    1 :  0.012 0.004 0.005 0.244 0.713 0.004 0.005 0.005 0.005 0.004 
 30 TMA-ZAIN-G-    (0)    1 :  0.007 0.082 0.076 0.377 0.055 0.004 0.240 0.149 0.004 0.005 
 31 TMA-ZAIN-G-    (0)    1 :  0.051 0.004 0.006 0.012 0.005 0.889 0.004 0.007 0.010 0.010 
 32 TMA-ZAIN-G-    (9)    1 :  0.005 0.101 0.034 0.015 0.004 0.737 0.027 0.028 0.007 0.042 
 33 TMA-ZAIN-G-   (18)    1 :  0.004 0.319 0.008 0.005 0.015 0.005 0.526 0.112 0.002 0.003 
 34 TMA-ZAIN-G-    (0)    1 :  0.007 0.593 0.009 0.011 0.008 0.194 0.028 0.114 0.014 0.022 
 35 TMA-ZAIN-G-    (9)    1 :  0.013 0.402 0.074 0.015 0.074 0.021 0.186 0.209 0.003 0.004 
 36 TMA-ZAIN-G-    (0)    1 :  0.016 0.039 0.167 0.005 0.009 0.004 0.270 0.483 0.003 0.003 
 37 TMA-ZAIN-G-    (9)    1 :  0.017 0.306 0.009 0.014 0.020 0.009 0.248 0.362 0.010 0.006 
 38 TMA-ZAIN-G-   (18)    1 :  0.006 0.030 0.083 0.027 0.007 0.755 0.028 0.035 0.006 0.025 
 39 TMA-ZAIN-G-    (0)    1 :  0.008 0.058 0.004 0.005 0.011 0.003 0.041 0.861 0.006 0.003 
 40 TMA-ZAIN-G-    (0)    1 :  0.005 0.135 0.005 0.005 0.008 0.003 0.547 0.281 0.009 0.003 
 41 TMA-ZAIN-G-    (0)    1 :  0.005 0.019 0.059 0.004 0.008 0.003 0.651 0.245 0.004 0.003 
 42 TMA-ZAIN-G-    (9)    1 :  0.007 0.008 0.124 0.004 0.007 0.003 0.830 0.013 0.002 0.002 
 43 TMA-ZAIN-G-    (0)    1 :  0.005 0.004 0.960 0.003 0.008 0.003 0.008 0.004 0.002 0.002 
 44 TMA-ZAIN-G-    (0)    1 :  0.004 0.041 0.004 0.008 0.014 0.004 0.016 0.093 0.810 0.006 
 45 TMA-ZAIN-G-    (0)    1 :  0.010 0.614 0.020 0.009 0.006 0.005 0.221 0.098 0.012 0.005 
 46 TMA-ZAIN-G-    (0)    1 :  0.005 0.002 0.003 0.004 0.002 0.004 0.002 0.003 0.969 0.006 
 47 TMA-ZAIN-G-    (0)    1 :  0.965 0.006 0.004 0.004 0.004 0.004 0.005 0.003 0.004 0.002 
 48 TMA-ZAIN-G-    (0)    1 :  0.544 0.055 0.032 0.020 0.017 0.006 0.247 0.044 0.013 0.023 
 49 TMA-ZAIN-G-    (9)    1 :  0.011 0.027 0.004 0.866 0.045 0.021 0.006 0.008 0.003 0.008 
 50 TMA-ZAIN-G-    (0)    1 :  0.003 0.006 0.007 0.915 0.003 0.006 0.030 0.016 0.008 0.005 
 51 TMA-ZAIN-G-    (0)    1 :  0.023 0.005 0.088 0.821 0.006 0.007 0.018 0.011 0.014 0.006 
 52 TMA-ZAIN-G-    (0)    1 :  0.101 0.016 0.022 0.808 0.003 0.006 0.009 0.010 0.014 0.010 
 53 TMA-ZAIN-G-    (0)    1 :  0.181 0.007 0.045 0.531 0.006 0.179 0.012 0.019 0.005 0.016 
 54 TMA-ZAIN-G-    (0)    1 :  0.935 0.008 0.013 0.009 0.004 0.005 0.012 0.005 0.004 0.006 
 55 TMA-ZAIN-G-    (0)    1 :  0.859 0.011 0.032 0.029 0.003 0.005 0.038 0.005 0.007 0.011 
 56 TMA-ZAIN-G-    (0)    1 :  0.534 0.043 0.019 0.114 0.038 0.010 0.172 0.052 0.005 0.014 
 57 TMA-ZAIN-G-    (0)    1 :  0.927 0.018 0.005 0.015 0.007 0.008 0.006 0.008 0.003 0.004 
 58 TMA-ZAIN-G-    (0)    1 :  0.029 0.014 0.008 0.735 0.007 0.038 0.019 0.005 0.005 0.141 
 59 TMA-ZAIN-G-    (0)    1 :  0.045 0.063 0.013 0.033 0.030 0.622 0.058 0.092 0.021 0.023 
 60 TMA-ZAIN-G-    (0)    1 :  0.031 0.009 0.147 0.317 0.008 0.438 0.020 0.011 0.009 0.008 
 61 TMA-ZAIN-G-    (0)    1 :  0.018 0.004 0.003 0.010 0.003 0.912 0.003 0.003 0.017 0.026 
 62 TMA-ZAIN-G-    (9)    1 :  0.011 0.053 0.007 0.040 0.011 0.767 0.036 0.028 0.036 0.012 
 63 TMA-ZAIN-G-    (0)    1 :  0.013 0.006 0.007 0.012 0.003 0.936 0.005 0.004 0.004 0.011 
 64 TMA-ZAIN-G-    (0)    1 :  0.003 0.005 0.005 0.002 0.964 0.002 0.005 0.007 0.002 0.002 
 65 TMA-ZAIN-G-    (9)    1 :  0.006 0.021 0.005 0.003 0.942 0.003 0.008 0.007 0.002 0.003 
 66 TMA-ZAIN-G-    (0)    1 :  0.004 0.014 0.005 0.003 0.937 0.003 0.009 0.020 0.003 0.003 
 67 TMA-ZAIN-G-    (0)    1 :  0.005 0.029 0.003 0.011 0.827 0.004 0.011 0.086 0.016 0.010 
 68 TMA-ZAIN-G-    (0)    1 :  0.004 0.005 0.006 0.003 0.964 0.002 0.007 0.004 0.002 0.002 
 69 TMA-ZAIN-G-    (0)    1 :  0.013 0.054 0.017 0.016 0.776 0.023 0.007 0.039 0.029 0.024 
 70 TMA-ZAIN-G-    (0)    1 :  0.004 0.017 0.005 0.004 0.018 0.003 0.007 0.936 0.004 0.004 
 71 TMA-ZAIN-G-    (0)    1 :  0.003 0.012 0.003 0.004 0.005 0.003 0.005 0.958 0.003 0.003 
 72 TMA-ZAIN-G-    (0)    1 :  0.007 0.015 0.009 0.006 0.020 0.004 0.020 0.912 0.003 0.004 
 73 TMA-ZAIN-G-    (0)    1 :  0.015 0.011 0.004 0.021 0.006 0.019 0.007 0.869 0.025 0.022 
 74 TMA-ZAIN-G-    (0)    1 :  0.006 0.016 0.004 0.008 0.007 0.007 0.007 0.932 0.007 0.006 
 75 TMA-ZAIN-G-    (0)    1 :  0.009 0.015 0.005 0.006 0.006 0.005 0.007 0.941 0.003 0.004 
 76 TMA-ZAIN-G-    (0)    1 :  0.003 0.010 0.003 0.009 0.006 0.005 0.004 0.918 0.029 0.012 
 77 TMA-ZAIN-G-    (0)    1 :  0.005 0.006 0.006 0.006 0.006 0.003 0.008 0.949 0.007 0.004 
 78 TMA-ZAIN-G-    (0)    1 :  0.011 0.019 0.006 0.014 0.005 0.007 0.008 0.899 0.020 0.012 
 79 TMA-ZAIN-G-    (0)    1 :  0.008 0.008 0.008 0.007 0.004 0.004 0.008 0.928 0.019 0.006 
 80 TMA-ZAIN-G-    (0)    1 :  0.012 0.128 0.005 0.005 0.023 0.003 0.028 0.787 0.007 0.003 
 81 TMA-ZAIN-G-    (0)    1 :  0.008 0.016 0.007 0.006 0.005 0.004 0.010 0.932 0.008 0.004 
 82 TMA-ZAIN-G-    (0)    1 :  0.015 0.221 0.007 0.006 0.193 0.007 0.012 0.533 0.003 0.003 
 83 TMA-ZAIN-G-    (9)    1 :  0.015 0.762 0.005 0.019 0.046 0.046 0.018 0.036 0.023 0.029 
 84 TMA-ZAIN-G-    (0)    1 :  0.004 0.013 0.005 0.007 0.005 0.003 0.007 0.912 0.035 0.007 
 85 TMA-ZAIN-G-    (0)    1 :  0.542 0.014 0.014 0.157 0.008 0.022 0.016 0.014 0.004 0.210 
 86 TMA-ZAIN-G-    (0)    1 :  0.806 0.028 0.004 0.027 0.011 0.008 0.023 0.023 0.012 0.058 
 87 TMA-ZAIN-G-    (0)    1 :  0.241 0.010 0.006 0.036 0.005 0.014 0.008 0.014 0.008 0.658 
 88 TMA-ZAIN-G-    (0)    1 :  0.561 0.112 0.019 0.012 0.032 0.146 0.027 0.071 0.011 0.010 
 89 TMA-ZAIN-G-    (0)    1 :  0.812 0.030 0.031 0.006 0.017 0.020 0.013 0.040 0.017 0.014 
 90 TMA-ZAIN-G-    (0)    1 :  0.924 0.011 0.006 0.016 0.007 0.007 0.007 0.007 0.007 0.008 
 91 TMA-ZAIN-G-    (0)    1 :  0.904 0.009 0.009 0.012 0.008 0.024 0.010 0.010 0.006 0.008 
 92 TMA-ZAIN-G-    (0)    1 :  0.897 0.006 0.013 0.025 0.005 0.006 0.007 0.008 0.024 0.012 
 93 TMA-ZAIN-G-    (0)    1 :  0.909 0.004 0.013 0.023 0.005 0.015 0.006 0.005 0.009 0.009 
 94 TMA-ZAIN-G-    (0)    1 :  0.900 0.004 0.006 0.016 0.003 0.042 0.004 0.005 0.008 0.012 
 95 TMA-ZAIN-G-    (0)    1 :  0.005 0.008 0.026 0.880 0.017 0.007 0.022 0.017 0.004 0.014 
 96 TMA-ZAIN-G-    (0)    1 :  0.006 0.011 0.029 0.870 0.005 0.005 0.060 0.004 0.004 0.006 
 97 TMA-ZAIN-G-    (0)    1 :  0.010 0.004 0.007 0.010 0.006 0.935 0.005 0.011 0.006 0.006 
 98 TMA-ZAIN-G-    (0)    1 :  0.009 0.004 0.005 0.004 0.004 0.952 0.004 0.010 0.004 0.004 
 99 TMA-ZAIN-G-    (0)    1 :  0.004 0.124 0.007 0.007 0.019 0.747 0.038 0.024 0.023 0.006 
100 TMA-ZAIN-G-    (0)    1 :  0.026 0.004 0.006 0.014 0.004 0.896 0.004 0.006 0.032 0.008 
101 TMA-ZAIN-G-    (0)    1 :  0.009 0.010 0.006 0.009 0.005 0.936 0.005 0.011 0.006 0.004 
102 TMA-ZAIN-G-    (0)    1 :  0.017 0.077 0.026 0.028 0.014 0.188 0.022 0.022 0.008 0.597 
103 TMA-ZAIN-G-    (0)    1 :  0.010 0.030 0.008 0.035 0.007 0.814 0.010 0.009 0.004 0.072 
104 TMA-ZAIN-G-    (0)    1 :  0.004 0.004 0.004 0.005 0.002 0.961 0.003 0.004 0.004 0.008 
105 TMA-ZAIN-G-    (0)    1 :  0.010 0.030 0.008 0.025 0.006 0.866 0.013 0.012 0.003 0.026 
106 TMA-ZAIN-G-    (0)    1 :  0.006 0.092 0.111 0.004 0.050 0.004 0.486 0.240 0.003 0.003 
107 TMA-ZAIN-G-    (0)    1 :  0.006 0.550 0.011 0.004 0.011 0.004 0.018 0.390 0.003 0.003 
108 TMA-ZAIN-G-    (9)    1 :  0.025 0.108 0.075 0.040 0.009 0.352 0.144 0.186 0.015 0.045 
109 TMA-ZAIN-G-    (0)    1 :  0.053 0.169 0.020 0.034 0.175 0.328 0.196 0.015 0.003 0.005 
110 TMA-ZAIN-G-    (0)    1 :  0.021 0.301 0.020 0.080 0.007 0.053 0.218 0.095 0.113 0.092 
111 TMA-ZAIN-G-    (9)    1 :  0.024 0.177 0.004 0.059 0.014 0.506 0.020 0.054 0.025 0.117 
112 TMA-ZAIN-G-    (0)    1 :  0.022 0.178 0.043 0.113 0.017 0.261 0.241 0.047 0.011 0.066 
113 TMA-ZAIN-G-    (0)    1 :  0.015 0.013 0.005 0.005 0.010 0.914 0.006 0.018 0.005 0.009 
114 TMA-ZAIN-G-    (0)    1 :  0.004 0.003 0.002 0.006 0.002 0.956 0.003 0.003 0.009 0.011 
115 TMA-ZAIN-G-    (0)    1 :  0.004 0.004 0.003 0.005 0.003 0.965 0.003 0.003 0.004 0.006 
116 TMA-ZAIN-G-    (0)    1 :  0.010 0.931 0.005 0.004 0.011 0.006 0.009 0.018 0.002 0.003 
117 TMA-ZAIN-G-    (0)    1 :  0.060 0.203 0.081 0.018 0.245 0.008 0.218 0.159 0.003 0.004 
118 TMA-ZAIN-G-    (0)    1 :  0.009 0.916 0.014 0.006 0.021 0.005 0.012 0.012 0.003 0.003 
119 TMA-ZAIN-G-    (0)    1 :  0.009 0.830 0.005 0.019 0.027 0.022 0.008 0.044 0.018 0.018 
120 TMA-ZAIN-G-    (0)    1 :  0.017 0.842 0.045 0.012 0.019 0.009 0.023 0.026 0.003 0.005 
121 TMA-ZAIN-G-    (0)    1 :  0.022 0.685 0.021 0.010 0.119 0.012 0.074 0.051 0.003 0.004 
122 TMA-ZAIN-G-    (0)    1 :  0.029 0.523 0.012 0.018 0.036 0.005 0.184 0.178 0.009 0.006 
123 TMA-ZAIN-G-    (0)    1 :  0.006 0.004 0.012 0.010 0.004 0.934 0.005 0.005 0.004 0.017 
124 TMA-ZAIN-G-    (0)    1 :  0.005 0.009 0.009 0.005 0.004 0.004 0.952 0.006 0.002 0.003 
125 TMA-ZAIN-G-    (0)    1 :  0.074 0.006 0.025 0.004 0.037 0.002 0.840 0.007 0.002 0.002 
126 TMA-ZAIN-G-    (0)    1 :  0.010 0.012 0.030 0.004 0.005 0.004 0.923 0.005 0.002 0.003 
127 TMA-ZAIN-G-    (0)    1 :  0.005 0.011 0.009 0.003 0.006 0.003 0.954 0.005 0.003 0.003 
128 TMA-ZAIN-G-    (0)    1 :  0.006 0.013 0.010 0.005 0.016 0.004 0.932 0.009 0.002 0.003 
129 TMA-ZAIN-G-    (0)    1 :  0.006 0.009 0.015 0.005 0.005 0.006 0.941 0.007 0.002 0.003 
130 TMA-ZAIN-G-    (0)    1 :  0.036 0.025 0.068 0.006 0.009 0.007 0.837 0.008 0.002 0.003 
131 TMA-ZAIN-G-    (0)    1 :  0.005 0.009 0.011 0.006 0.004 0.004 0.950 0.005 0.002 0.003 
132 TMA-ZAIN-G-    (0)    1 :  0.025 0.023 0.014 0.005 0.044 0.004 0.868 0.013 0.002 0.003 
133 TMA-ZAIN-G-    (0)    1 :  0.034 0.050 0.117 0.014 0.070 0.003 0.608 0.079 0.018 0.006 
134 TMA-ZAIN-G-    (0)    1 :  0.028 0.061 0.242 0.006 0.067 0.003 0.515 0.061 0.013 0.004 
135 TMA-ZAIN-G-    (0)    1 :  0.014 0.451 0.017 0.004 0.027 0.004 0.304 0.164 0.011 0.003 
136 TMA-ZAIN-G-    (0)    1 :  0.014 0.165 0.007 0.005 0.627 0.007 0.111 0.055 0.006 0.004 
137 TMA-ZAIN-G-    (0)    1 :  0.009 0.781 0.006 0.006 0.006 0.005 0.075 0.092 0.015 0.004 
138 TMA-ZAIN-G-    (0)    1 :  0.013 0.341 0.023 0.003 0.012 0.004 0.581 0.018 0.003 0.003 
139 TMA-ZAIN-G-    (0)    1 :  0.062 0.444 0.017 0.004 0.014 0.004 0.389 0.054 0.009 0.003 
140 TMA-ZAIN-G-    (0)    1 :  0.004 0.723 0.006 0.006 0.009 0.003 0.111 0.130 0.004 0.004 
141 TMA-ZAIN-G-    (0)    1 :  0.007 0.383 0.024 0.006 0.008 0.006 0.091 0.468 0.003 0.004 
142 TMA-ZAIN-G-    (9)    1 :  0.005 0.720 0.007 0.005 0.012 0.004 0.053 0.189 0.003 0.003 
143 TMA-ZAIN-G-    (0)    1 :  0.005 0.624 0.009 0.006 0.014 0.004 0.277 0.054 0.003 0.003 
144 TMA-ZAIN-G-    (0)    1 :  0.023 0.813 0.012 0.011 0.005 0.003 0.105 0.016 0.007 0.005 
145 TMA-ZAIN-G-    (0)    1 :  0.014 0.506 0.007 0.005 0.280 0.003 0.044 0.136 0.002 0.002 
146 TMA-ZAIN-G-    (0)    1 :  0.004 0.360 0.006 0.003 0.006 0.003 0.007 0.604 0.003 0.003 
147 TMA-ZAIN-G-    (9)    1 :  0.005 0.529 0.007 0.003 0.013 0.003 0.014 0.419 0.004 0.003 
148 TMA-ZAIN-G-    (0)    1 :  0.029 0.381 0.113 0.004 0.005 0.003 0.106 0.353 0.003 0.003 
149 TMA-ZAIN-G-    (0)    1 :  0.080 0.512 0.036 0.014 0.007 0.022 0.112 0.186 0.006 0.024 
150 TMA-ZAIN-G-    (0)    1 :  0.076 0.665 0.017 0.012 0.044 0.023 0.023 0.115 0.005 0.021 
151 TMA-ZAIN-G-    (0)    1 :  0.004 0.898 0.016 0.003 0.009 0.003 0.053 0.008 0.002 0.002 
152 TMA-ZAIN-G-    (0)    1 :  0.005 0.957 0.008 0.003 0.006 0.004 0.007 0.006 0.002 0.002 
153 TMA-ZAIN-G-    (0)    1 :  0.011 0.845 0.024 0.003 0.013 0.003 0.076 0.020 0.003 0.002 
154 TMA-ZAIN-G-    (0)    1 :  0.005 0.960 0.005 0.003 0.005 0.003 0.008 0.007 0.002 0.002 
155 TMA-ZAIN-G-    (0)    1 :  0.003 0.939 0.007 0.004 0.008 0.004 0.011 0.019 0.002 0.003 
156 TMA-ZAIN-G-    (9)    1 :  0.009 0.880 0.042 0.003 0.003 0.006 0.044 0.007 0.003 0.002 
157 TMA-ZAIN-G-    (0)    1 :  0.006 0.810 0.092 0.004 0.006 0.005 0.055 0.017 0.003 0.003 
158 TMA-ZAIN-G-    (0)    1 :  0.004 0.942 0.004 0.005 0.005 0.003 0.011 0.020 0.003 0.003 
159 TMA-ZAIN-G-    (0)    1 :  0.004 0.682 0.005 0.003 0.010 0.004 0.009 0.278 0.002 0.002 
160 TMA-ZAIN-G-    (0)    1 :  0.006 0.830 0.004 0.003 0.013 0.005 0.006 0.128 0.002 0.002 
161 TMA-ZAIN-G-    (0)    1 :  0.017 0.786 0.020 0.005 0.007 0.003 0.119 0.038 0.003 0.003 
162 TMA-ZAIN-G-    (0)    1 :  0.013 0.904 0.004 0.008 0.006 0.022 0.012 0.009 0.005 0.017 
163 TMA-ZAIN-G-    (0)    1 :  0.003 0.967 0.003 0.003 0.004 0.003 0.007 0.006 0.002 0.002 
164 TMA-ZAIN-G-    (0)    1 :  0.006 0.950 0.004 0.004 0.006 0.004 0.008 0.012 0.003 0.003 
165 TMA-ZAIN-G-    (0)    1 :  0.003 0.954 0.003 0.003 0.006 0.004 0.008 0.013 0.002 0.003 
166 TMA-ZAIN-G-    (0)    1 :  0.008 0.742 0.006 0.003 0.010 0.003 0.073 0.152 0.003 0.002 
167 TMA-ZAIN-G-    (0)    1 :  0.005 0.136 0.007 0.006 0.004 0.005 0.041 0.785 0.004 0.005 
168 TMA-ZAIN-G-    (0)    1 :  0.004 0.021 0.033 0.004 0.010 0.006 0.012 0.902 0.004 0.003 
169 TMA-ZAIN-G-    (0)    1 :  0.005 0.027 0.005 0.004 0.073 0.003 0.007 0.871 0.002 0.003 
170 TMA-ZAIN-G-    (0)    1 :  0.004 0.066 0.117 0.019 0.019 0.015 0.144 0.598 0.011 0.007 
171 TMA-ZAIN-G-    (0)    1 :  0.004 0.027 0.004 0.003 0.017 0.003 0.005 0.931 0.003 0.003 
172 TMA-ZAIN-G-    (0)    1 :  0.004 0.053 0.021 0.005 0.005 0.004 0.812 0.088 0.005 0.004 
173 TMA-ZAIN-G-    (0)    1 :  0.005 0.024 0.016 0.006 0.006 0.004 0.890 0.042 0.004 0.003 
174 TMA-ZAIN-G-    (0)    1 :  0.008 0.083 0.005 0.004 0.043 0.003 0.689 0.160 0.003 0.002 
175 TMA-ZAIN-G-    (0)    1 :  0.004 0.039 0.005 0.003 0.007 0.003 0.005 0.927 0.003 0.003 
176 TMA-ZAIN-G-    (0)    1 :  0.004 0.099 0.006 0.004 0.005 0.003 0.010 0.864 0.003 0.003 
177 TMA-ZAIN-G-    (0)    1 :  0.004 0.212 0.029 0.005 0.004 0.004 0.029 0.707 0.004 0.003 
178 TMA-ZAIN-G-    (0)    1 :  0.004 0.204 0.070 0.007 0.005 0.005 0.519 0.176 0.005 0.003 
179 TMA-ZAIN-G-    (0)    1 :  0.005 0.336 0.035 0.005 0.009 0.003 0.145 0.456 0.004 0.003 
180 TMA-ZAIN-G-    (0)    1 :  0.017 0.033 0.020 0.007 0.064 0.004 0.828 0.012 0.009 0.006 
181 TMA-ZAIN-G-    (0)    1 :  0.005 0.045 0.169 0.004 0.006 0.006 0.740 0.019 0.003 0.002 
182 TMA-ZAIN-G-    (0)    1 :  0.007 0.051 0.152 0.005 0.003 0.007 0.759 0.010 0.003 0.003 
183 TMA-ZAIN-G-    (0)    1 :  0.004 0.040 0.273 0.004 0.006 0.005 0.644 0.019 0.003 0.003 
184 TMA-ZAIN-G-    (0)    1 :  0.020 0.065 0.035 0.014 0.007 0.029 0.788 0.013 0.007 0.022 
185 TMA-ZAIN-G-    (0)    1 :  0.021 0.009 0.005 0.019 0.006 0.014 0.881 0.008 0.009 0.028 
186 TMA-ZAIN-G-    (9)    1 :  0.005 0.012 0.006 0.008 0.005 0.004 0.939 0.012 0.005 0.005 
187 TMA-ZAIN-G-    (0)    1 :  0.003 0.021 0.020 0.005 0.013 0.003 0.896 0.034 0.003 0.003 
188 TMA-ZAIN-G-    (0)    1 :  0.003 0.012 0.008 0.004 0.014 0.003 0.905 0.045 0.002 0.003 
189 TMA-ZAIN-G-    (0)    1 :  0.003 0.007 0.008 0.003 0.012 0.002 0.954 0.005 0.003 0.002 
190 TMA-ZAIN-G-    (0)    1 :  0.005 0.023 0.092 0.007 0.025 0.003 0.750 0.087 0.004 0.003 
191 TMA-ZAIN-G-    (0)    1 :  0.011 0.008 0.006 0.009 0.005 0.013 0.899 0.015 0.010 0.023 
192 TMA-ZAIN-G-    (0)    1 :  0.005 0.008 0.027 0.005 0.005 0.003 0.908 0.012 0.023 0.004 
193 TMA-ZAIN-G-    (0)    1 :  0.004 0.003 0.972 0.003 0.004 0.003 0.004 0.003 0.002 0.002 
194 TMA-ZAIN-G-    (0)    1 :  0.013 0.005 0.881 0.013 0.012 0.003 0.054 0.007 0.008 0.005 
195 TMA-ZAIN-G-    (0)    1 :  0.005 0.017 0.825 0.010 0.036 0.003 0.063 0.036 0.003 0.003 
196 TMA-ZAIN-G-    (0)    1 :  0.005 0.006 0.949 0.004 0.011 0.003 0.012 0.005 0.003 0.002 
197 TMA-ZAIN-G-    (0)    1 :  0.006 0.007 0.947 0.004 0.010 0.003 0.010 0.008 0.002 0.003 
198 TMA-ZAIN-G-    (0)    1 :  0.005 0.009 0.947 0.003 0.006 0.003 0.012 0.009 0.004 0.002 
199 TMA-ZAIN-G-    (0)    1 :  0.006 0.010 0.007 0.006 0.004 0.003 0.948 0.008 0.004 0.004 
200 TMA-ZAIN-G-    (0)    1 :  0.011 0.005 0.053 0.028 0.007 0.030 0.006 0.006 0.805 0.050 
201 TMA-ZAIN-G-    (0)    1 :  0.014 0.015 0.008 0.031 0.022 0.010 0.013 0.018 0.815 0.054 
202 TMA-ZAIN-G-    (0)    1 :  0.002 0.004 0.011 0.005 0.002 0.006 0.005 0.003 0.958 0.004 
203 TMA-ZAIN-G-    (0)    1 :  0.006 0.029 0.861 0.005 0.004 0.023 0.052 0.015 0.002 0.003 
204 TMA-ZAIN-G-    (9)    1 :  0.049 0.003 0.005 0.038 0.005 0.021 0.004 0.007 0.835 0.032 
205 TMA-ZAIN-G-    (0)    1 :  0.009 0.071 0.008 0.015 0.005 0.008 0.008 0.019 0.852 0.005 
206 TMA-ZAIN-G-    (9)    1 :  0.055 0.031 0.028 0.034 0.011 0.062 0.029 0.033 0.694 0.022 
207 TMA-ZAIN-G-    (9)    1 :  0.122 0.647 0.010 0.055 0.055 0.015 0.033 0.043 0.005 0.014 
208 TMA-ZAIN-G-    (0)    1 :  0.003 0.820 0.004 0.005 0.036 0.002 0.021 0.101 0.004 0.003 
209 TMA-ZAIN-G-    (0)    1 :  0.045 0.111 0.281 0.004 0.020 0.003 0.367 0.164 0.003 0.003 
210 TMA-ZAIN-G-    (0)    1 :  0.015 0.106 0.397 0.005 0.108 0.004 0.226 0.132 0.003 0.003 
211 TMA-ZAIN-G-    (0)    1 :  0.012 0.075 0.108 0.027 0.032 0.010 0.575 0.120 0.023 0.017 
212 TMA-ZAIN-G-    (0)    1 :  0.011 0.354 0.023 0.006 0.017 0.004 0.541 0.031 0.008 0.004 
213 TMA-ZAIN-G-    (0)    1 :  0.007 0.322 0.027 0.004 0.007 0.003 0.562 0.060 0.003 0.004 
214 TMA-ZAIN-G-    (0)    1 :  0.007 0.146 0.026 0.004 0.043 0.003 0.699 0.066 0.003 0.003 
215 TMA-ZAIN-G-    (0)    1 :  0.003 0.071 0.006 0.180 0.005 0.004 0.386 0.320 0.018 0.008 
216 TMA-ZAIN-G-    (0)    1 :  0.008 0.019 0.008 0.005 0.005 0.003 0.929 0.015 0.004 0.004 
217 TMA-ZAIN-G-    (0)    1 :  0.007 0.105 0.096 0.004 0.131 0.004 0.443 0.204 0.003 0.003 
218 TMA-ZAIN-G-    (0)    1 :  0.005 0.004 0.004 0.947 0.012 0.005 0.008 0.008 0.004 0.003 
219 TMA-ZAIN-G-    (0)    1 :  0.010 0.004 0.004 0.938 0.003 0.004 0.006 0.004 0.022 0.005 
220 TMA-ZAIN-G-    (0)    1 :  0.009 0.028 0.007 0.848 0.012 0.067 0.008 0.012 0.002 0.007 
221 TMA-ZAIN-G-    (0)    1 :  0.008 0.011 0.007 0.868 0.007 0.005 0.024 0.010 0.054 0.006 
222 TMA-ZAIN-G-    (0)    1 :  0.020 0.015 0.006 0.878 0.015 0.031 0.008 0.010 0.008 0.007 
223 TMA-ZAIN-G-    (0)    1 :  0.006 0.003 0.003 0.956 0.004 0.006 0.004 0.003 0.008 0.008 
224 TMA-ZAIN-G-    (0)    1 :  0.017 0.005 0.009 0.900 0.005 0.012 0.016 0.006 0.008 0.021 
225 TMA-ZAIN-G-    (0)    1 :  0.005 0.004 0.011 0.942 0.002 0.010 0.005 0.004 0.011 0.006 
226 TMA-ZAIN-G-    (0)    1 :  0.006 0.006 0.017 0.922 0.005 0.014 0.006 0.007 0.007 0.009 
227 TMA-ZAIN-G-    (0)    1 :  0.005 0.008 0.020 0.882 0.004 0.011 0.008 0.008 0.048 0.007 
228 TMA-ZAIN-G-    (0)    1 :  0.008 0.014 0.006 0.874 0.008 0.017 0.009 0.025 0.005 0.033 
229 TMA-ZAIN-G-    (0)    1 :  0.007 0.002 0.003 0.879 0.011 0.031 0.003 0.005 0.022 0.037 
230 TMA-ZAIN-G-    (0)    1 :  0.051 0.009 0.024 0.680 0.015 0.053 0.052 0.092 0.004 0.020 
231 TMA-ZAIN-G-    (0)    1 :  0.046 0.058 0.013 0.111 0.018 0.084 0.011 0.061 0.029 0.570 
232 TMA-ZAIN-G-    (9)    1 :  0.019 0.014 0.013 0.041 0.080 0.163 0.035 0.021 0.018 0.595 
233 TMA-ZAIN-G-    (0)    1 :  0.015 0.009 0.009 0.846 0.040 0.004 0.010 0.023 0.035 0.009 
234 TMA-ZAIN-G-    (0)    1 :  0.020 0.009 0.011 0.588 0.006 0.280 0.004 0.005 0.047 0.028 
235 TMA-ZAIN-G-    (0)    1 :  0.012 0.012 0.025 0.703 0.004 0.142 0.031 0.037 0.013 0.022 
236 TMA-ZAIN-G-    (0)    1 :  0.009 0.012 0.025 0.748 0.007 0.086 0.013 0.015 0.063 0.022 
237 TMA-ZAIN-G-    (0)    1 :  0.016 0.029 0.013 0.361 0.017 0.229 0.031 0.283 0.005 0.015 
238 TMA-ZAIN-G-    (0)    1 :  0.005 0.026 0.007 0.792 0.005 0.054 0.023 0.027 0.045 0.016 
239 TMA-ZAIN-G-    (0)    1 :  0.098 0.004 0.101 0.015 0.010 0.028 0.019 0.004 0.696 0.026 
240 TMA-ZAIN-G-    (0)    1 :  0.004 0.002 0.003 0.003 0.002 0.003 0.002 0.003 0.972 0.004 
241 TMA-ZAIN-G-    (0)    1 :  0.003 0.003 0.003 0.003 0.003 0.003 0.003 0.004 0.971 0.004 
242 TMA-ZAIN-G-    (0)    1 :  0.003 0.003 0.002 0.003 0.003 0.003 0.003 0.004 0.973 0.004 
243 TMA-ZAIN-G-    (0)    1 :  0.003 0.003 0.003 0.002 0.004 0.003 0.003 0.005 0.971 0.003 
244 TMA-ZAIN-G-    (0)    1 :  0.003 0.006 0.003 0.003 0.004 0.003 0.003 0.005 0.968 0.003 
245 TMA-ZAIN-G-    (9)    1 :  0.003 0.002 0.002 0.003 0.002 0.003 0.002 0.003 0.974 0.005 
246 TMA-ZAIN-G-    (0)    1 :  0.003 0.002 0.003 0.003 0.002 0.002 0.003 0.002 0.976 0.004 
247 TMA-ZAIN-G-    (0)    1 :  0.002 0.002 0.002 0.003 0.003 0.002 0.003 0.002 0.978 0.003 
248 TMA-ZAIN-G-    (0)    1 :  0.003 0.003 0.004 0.003 0.003 0.003 0.003 0.004 0.969 0.004 
249 TMA-ZAIN-G-    (0)    1 :  0.003 0.002 0.004 0.003 0.002 0.002 0.003 0.002 0.975 0.003 
250 TMA-ZAIN-G-    (0)    1 :  0.003 0.002 0.003 0.003 0.003 0.002 0.003 0.003 0.976 0.003 
251 TMA-ZAIN-G-    (0)    1 :  0.963 0.004 0.005 0.004 0.004 0.005 0.005 0.004 0.002 0.003 
252 TMA-ZAIN-G-    (0)    1 :  0.870 0.031 0.005 0.006 0.030 0.004 0.009 0.040 0.003 0.002 
253 TMA-ZAIN-G-    (0)    1 :  0.958 0.009 0.005 0.003 0.006 0.006 0.004 0.003 0.004 0.003 
254 TMA-ZAIN-G-    (9)    1 :  0.922 0.025 0.006 0.004 0.013 0.007 0.008 0.009 0.004 0.003 
255 TMA-ZAIN-G-    (0)    1 :  0.933 0.007 0.004 0.003 0.008 0.010 0.005 0.004 0.003 0.022 
256 TMA-ZAIN-G-    (0)    1 :  0.939 0.007 0.015 0.004 0.005 0.006 0.006 0.006 0.009 0.005 
257 TMA-ZAIN-G-    (0)    1 :  0.961 0.003 0.012 0.003 0.003 0.003 0.004 0.003 0.004 0.003 
258 TMA-ZAIN-G-    (0)    1 :  0.969 0.004 0.005 0.003 0.004 0.003 0.003 0.003 0.003 0.002 
259 TMA-ZAIN-G-    (0)    1 :  0.965 0.003 0.006 0.004 0.005 0.003 0.003 0.003 0.004 0.004 
260 TMA-ZAIN-G-    (0)    1 :  0.960 0.003 0.005 0.004 0.008 0.003 0.004 0.004 0.004 0.004 
261 TMA-ZAIN-G-   (18)    1 :  0.947 0.006 0.008 0.006 0.011 0.004 0.007 0.004 0.003 0.004 
262 TMA-ZAIN-G-    (0)    1 :  0.968 0.003 0.007 0.003 0.003 0.004 0.004 0.003 0.003 0.003 
263 TMA-ZAIN-G-    (0)    1 :  0.965 0.004 0.004 0.004 0.004 0.006 0.004 0.003 0.003 0.004 
264 TMA-ZAIN-G-    (0)    1 :  0.958 0.005 0.006 0.004 0.004 0.009 0.003 0.004 0.003 0.004 
265 TMA-ZAIN-G-    (0)    1 :  0.646 0.026 0.011 0.190 0.031 0.015 0.025 0.022 0.027 0.007 
266 TMA-ZAIN-G-    (0)    1 :  0.722 0.032 0.058 0.024 0.021 0.013 0.099 0.014 0.006 0.010 
267 TMA-ZAIN-G-    (0)    1 :  0.474 0.014 0.006 0.053 0.025 0.013 0.014 0.028 0.026 0.347 
268 TMA-ZAIN-G-    (0)    1 :  0.004 0.003 0.003 0.004 0.003 0.008 0.003 0.003 0.003 0.968 
269 TMA-ZAIN-G-    (0)    1 :  0.005 0.003 0.003 0.007 0.003 0.015 0.003 0.004 0.003 0.953 
270 TMA-ZAIN-G-    (0)    1 :  0.005 0.004 0.003 0.009 0.003 0.009 0.003 0.004 0.004 0.956 
271 TMA-ZAIN-G-    (0)    1 :  0.004 0.003 0.003 0.005 0.003 0.008 0.003 0.003 0.004 0.964 
272 TMA-ZAIN-G-    (0)    1 :  0.004 0.003 0.003 0.009 0.002 0.008 0.003 0.004 0.005 0.958 
273 TMA-ZAIN-G-    (0)    1 :  0.004 0.002 0.003 0.007 0.002 0.008 0.003 0.003 0.007 0.963 
274 TMA-ZAIN-G-    (0)    1 :  0.006 0.005 0.020 0.009 0.007 0.010 0.011 0.009 0.006 0.918 
275 TMA-ZAIN-G-    (0)    1 :  0.002 0.003 0.003 0.004 0.002 0.004 0.003 0.003 0.005 0.971 
276 TMA-ZAIN-G-    (0)    1 :  0.003 0.004 0.003 0.004 0.004 0.006 0.003 0.005 0.005 0.962 
277 TMA-ZAIN-G-    (0)    1 :  0.005 0.005 0.005 0.006 0.005 0.009 0.004 0.006 0.019 0.937 
278 TMA-ZAIN-G-    (0)    1 :  0.004 0.003 0.003 0.005 0.002 0.005 0.003 0.003 0.011 0.962 
279 TMA-ZAIN-G-    (0)    1 :  0.003 0.004 0.004 0.007 0.003 0.005 0.004 0.003 0.005 0.962 
280 TMA-ZAIN-G-    (0)    1 :  0.003 0.005 0.007 0.011 0.002 0.023 0.007 0.004 0.006 0.933 
281 TMA-ZAIN-G-    (0)    1 :  0.004 0.004 0.005 0.008 0.003 0.016 0.004 0.003 0.010 0.944 
282 TMA-ZAIN-G-    (9)    1 :  0.004 0.003 0.002 0.005 0.002 0.007 0.003 0.003 0.009 0.962 
283 TMA-ZAIN-G-    (0)    1 :  0.144 0.017 0.004 0.048 0.007 0.037 0.010 0.010 0.009 0.714 
284 TMA-ZAIN-G-    (0)    1 :  0.184 0.020 0.006 0.080 0.005 0.065 0.015 0.012 0.008 0.605 
285 TMA-ZAIN-G-    (0)    1 :  0.042 0.013 0.007 0.021 0.018 0.022 0.016 0.017 0.017 0.826 
286 TMA-ZAIN-G-    (0)    1 :  0.006 0.003 0.003 0.006 0.002 0.009 0.003 0.003 0.006 0.960 
287 TMA-ZAIN-G-    (0)    1 :  0.005 0.003 0.007 0.005 0.005 0.008 0.006 0.006 0.007 0.950 
288 TMA-ZAIN-G-    (0)    1 :  0.009 0.010 0.036 0.027 0.008 0.021 0.026 0.016 0.004 0.842 
289 TMA-ZAIN-G-    (0)    1 :  0.007 0.004 0.013 0.007 0.008 0.009 0.008 0.009 0.005 0.930 
290 TMA-ZAIN-G-    (0)    1 :  0.007 0.009 0.011 0.023 0.003 0.100 0.012 0.005 0.004 0.825 
291 TMA-ZAIN-G-    (0)    1 :  0.008 0.004 0.005 0.939 0.003 0.010 0.005 0.003 0.009 0.013 
292 TMA-ZAIN-G-    (0)    1 :  0.005 0.179 0.025 0.018 0.007 0.009 0.134 0.597 0.015 0.011 
293 TMA-ZAIN-G-    (0)    1 :  0.025 0.657 0.025 0.015 0.020 0.004 0.089 0.124 0.036 0.004 
294 TMA-ZAIN-G-    (0)    1 :  0.006 0.139 0.004 0.005 0.010 0.003 0.011 0.812 0.006 0.004 
295 TMA-ZAIN-G-    (9)    1 :  0.007 0.119 0.005 0.009 0.012 0.004 0.013 0.817 0.007 0.006 
296 TMA-ZAIN-G-    (0)    1 :  0.014 0.651 0.045 0.012 0.006 0.012 0.065 0.182 0.005 0.007 
297 TMA-ZAIN-G-    (0)    1 :  0.027 0.641 0.115 0.011 0.029 0.005 0.081 0.080 0.005 0.007 
298 TMA-ZAIN-G-    (0)    1 :  0.038 0.034 0.004 0.013 0.006 0.012 0.011 0.857 0.005 0.018 
299 TMA-ZAIN-G-    (0)    1 :  0.003 0.013 0.004 0.004 0.007 0.004 0.006 0.949 0.006 0.004 
300 TMA-ZAIN-G-    (0)    1 :  0.007 0.031 0.006 0.007 0.038 0.003 0.039 0.856 0.008 0.005 
301 TMA-ZAIN-G-    (0)    1 :  0.006 0.050 0.036 0.008 0.032 0.005 0.073 0.774 0.012 0.004 
302 TMA-ZAIN-G-    (9)    1 :  0.006 0.225 0.018 0.006 0.007 0.004 0.074 0.654 0.003 0.004 
303 TMA-ZAIN-G-    (0)    1 :  0.029 0.004 0.129 0.775 0.002 0.019 0.024 0.004 0.004 0.010 
304 TMA-ZAIN-G-    (0)    2 :  0.566 0.091 0.047 0.008 0.149 0.015 0.095 0.015 0.008 0.006 
305 TMA-ZAIN-G-    (0)    2 :  0.010 0.720 0.013 0.005 0.021 0.004 0.057 0.162 0.005 0.003 
306 TMA-ZAIN-G-    (0)    2 :  0.365 0.301 0.021 0.011 0.014 0.102 0.057 0.080 0.016 0.033 
307 TMA-ZAIN-G-    (0)    2 :  0.396 0.108 0.015 0.006 0.308 0.010 0.119 0.015 0.013 0.010 
308 TMA-ZAIN-G-    (0)    2 :  0.772 0.004 0.015 0.123 0.014 0.030 0.007 0.004 0.016 0.015 
309 TMA-ZAIN-G-    (0)    2 :  0.004 0.016 0.027 0.004 0.007 0.003 0.909 0.023 0.003 0.003 
310 TMA-ZAIN-G-    (0)    2 :  0.019 0.091 0.003 0.014 0.010 0.007 0.058 0.770 0.010 0.018 
311 TMA-ZAIN-G-    (0)    2 :  0.058 0.518 0.019 0.029 0.007 0.043 0.115 0.188 0.003 0.021 
312 TMA-ZAIN-G-    (0)    2 :  0.009 0.031 0.019 0.016 0.009 0.005 0.844 0.058 0.004 0.005 
313 TMA-ZAIN-G-    (0)    2 :  0.668 0.065 0.021 0.006 0.030 0.011 0.068 0.122 0.003 0.007 
314 TMA-ZAIN-G-    (0)    2 :  0.018 0.010 0.019 0.223 0.010 0.285 0.032 0.012 0.003 0.387 
315 TMA-ZAIN-G-    (0)    2 :  0.028 0.072 0.007 0.020 0.035 0.006 0.052 0.420 0.013 0.348 
316 TMA-ZAIN-G-    (0)    2 :  0.021 0.078 0.006 0.049 0.040 0.007 0.045 0.368 0.010 0.376 
317 TMA-ZAIN-G-    (0)    2 :  0.012 0.005 0.007 0.873 0.004 0.040 0.005 0.014 0.009 0.030 
318 TMA-ZAIN-G-    (9)    2 :  0.070 0.006 0.011 0.136 0.012 0.321 0.006 0.017 0.082 0.340 
319 TMA-ZAIN-G-    (0)    3 :  0.009 0.005 0.490 0.275 0.004 0.023 0.010 0.005 0.014 0.167 
320 TMA-ZAIN-G-    (0)    3 :  0.006 0.072 0.011 0.388 0.014 0.006 0.046 0.434 0.018 0.005 
321 TMA-ZAIN-G-    (0)    4 :  0.011 0.136 0.006 0.083 0.021 0.045 0.484 0.053 0.008 0.153 
322 TMA-ZAIN-G-    (0)    4 :  0.052 0.202 0.008 0.413 0.033 0.066 0.141 0.073 0.005 0.007 
323 TMA-ZAIN-G-    (0)    5 :  0.012 0.008 0.059 0.829 0.018 0.006 0.030 0.006 0.024 0.008 
324 TMA-ZAIN-G-    (0)    5 :  0.019 0.886 0.029 0.008 0.011 0.006 0.023 0.009 0.005 0.004 
325 TMA-ZAIN-G-    (0)    5 :  0.007 0.009 0.006 0.804 0.005 0.004 0.011 0.009 0.140 0.006 
326 TMA-ZAIN-G-    (0)    5 :  0.014 0.013 0.354 0.577 0.005 0.002 0.021 0.006 0.005 0.003 
327 TMA-ZAIN-G-    (0)    5 :  0.012 0.007 0.881 0.005 0.031 0.003 0.046 0.009 0.003 0.003 
328 TMA-ZAIN-G-    (0)    5 :  0.019 0.025 0.076 0.143 0.250 0.272 0.077 0.011 0.017 0.110 
329 TMA-ZAIN-G-    (0)    5 :  0.029 0.048 0.047 0.011 0.077 0.004 0.367 0.403 0.009 0.005 
330 TMA-ZAIN-G-    (0)    6 :  0.033 0.030 0.018 0.010 0.054 0.004 0.771 0.075 0.002 0.003 
331 TMA-ZAIN-G-    (0)    6 :  0.140 0.027 0.010 0.043 0.006 0.023 0.485 0.204 0.030 0.032 
332 TMA-ZAIN-G-    (0)    6 :  0.005 0.031 0.298 0.004 0.011 0.002 0.634 0.011 0.003 0.002 
333 TMA-ZAIN-G-    (0)    6 :  0.004 0.003 0.966 0.003 0.003 0.003 0.008 0.004 0.002 0.002 
334 TMA-ZAIN-G-    (0)    6 :  0.005 0.003 0.003 0.007 0.003 0.006 0.003 0.003 0.007 0.961 
335 TMA-ZAIN-G-    (0)    6 :  0.003 0.003 0.003 0.004 0.004 0.003 0.003 0.004 0.005 0.968 
336 TMA-ZAIN-G-    (0)    6 :  0.009 0.005 0.004 0.010 0.004 0.006 0.005 0.007 0.008 0.942 
337 TMA-ZAIN-G-    (9)    6 :  0.004 0.004 0.003 0.009 0.003 0.014 0.004 0.005 0.005 0.950 
338 TMA-ZAIN-G-    (0)    6 :  0.004 0.003 0.003 0.005 0.003 0.009 0.003 0.003 0.004 0.963 
339 TMA-ZAIN-G-    (0)    6 :  0.003 0.002 0.002 0.004 0.002 0.007 0.002 0.002 0.006 0.970 
340 TMA-ZAIN-G-    (0)    6 :  0.003 0.003 0.002 0.004 0.002 0.004 0.003 0.003 0.004 0.972 
341 TMA-ZAIN-G-    (0)    6 :  0.003 0.004 0.003 0.004 0.003 0.005 0.004 0.003 0.005 0.967 
342 TMA-ZAIN-G-    (0)    6 :  0.004 0.004 0.003 0.005 0.003 0.005 0.004 0.004 0.008 0.961 
343 TMA-ZAIN-G-    (0)    7 :  0.003 0.003 0.003 0.004 0.002 0.011 0.003 0.003 0.005 0.964 
344 TMA-ZAIN-G-    (0)    7 :  0.004 0.003 0.004 0.007 0.002 0.005 0.004 0.003 0.007 0.960 
345 TMA-ZAIN-G-    (0)    7 :  0.004 0.002 0.003 0.004 0.003 0.004 0.002 0.003 0.008 0.968 
346 TMA-ZAIN-G-    (0)    7 :  0.004 0.005 0.012 0.015 0.003 0.019 0.012 0.008 0.008 0.912 
347 TMA-ZAIN-G-    (9)    7 :  0.003 0.003 0.002 0.004 0.003 0.005 0.003 0.003 0.006 0.969 
348 TMA-ZAIN-G-    (0)    7 :  0.005 0.003 0.004 0.008 0.003 0.007 0.003 0.004 0.007 0.956 
349 TMA-ZAIN-G-    (0)    7 :  0.004 0.004 0.004 0.006 0.004 0.012 0.003 0.005 0.012 0.945 
350 TMA-ZAIN-G-    (0)    7 :  0.004 0.005 0.007 0.016 0.004 0.014 0.008 0.006 0.009 0.928 
351 TMA-ZAIN-G-    (0)    7 :  0.004 0.002 0.003 0.005 0.003 0.005 0.003 0.003 0.008 0.964 
352 TMA-ZAIN-G-    (0)    7 :  0.005 0.005 0.003 0.005 0.005 0.004 0.004 0.005 0.004 0.961 
353 TMA-ZAIN-G-    (0)    7 :  0.004 0.005 0.008 0.010 0.003 0.020 0.007 0.004 0.011 0.927 
354 TMA-ZAIN-G-    (0)    7 :  0.002 0.004 0.003 0.006 0.002 0.004 0.005 0.003 0.004 0.966 
355 TMA-ZAIN-G-    (0)    7 :  0.003 0.006 0.005 0.005 0.003 0.006 0.007 0.004 0.005 0.955 
356 TMA-ZAIN-G-    (0)    8 :  0.012 0.927 0.002 0.010 0.031 0.003 0.004 0.007 0.002 0.002 
357 TMA-ZAIN-G-    (0)    8 :  0.011 0.395 0.336 0.009 0.060 0.008 0.102 0.071 0.003 0.004 
358 TMA-ZAIN-G-    (0)    8 :  0.022 0.118 0.016 0.031 0.122 0.047 0.502 0.100 0.007 0.035 
359 TMA-ZAIN-G-    (0)    8 :  0.066 0.411 0.004 0.051 0.283 0.009 0.009 0.085 0.078 0.004 
360 TMA-ZAIN-G-    (0)    8 :  0.008 0.739 0.003 0.005 0.015 0.003 0.025 0.190 0.009 0.003 
361 TMA-ZAIN-G-    (0)    8 :  0.010 0.107 0.021 0.007 0.017 0.009 0.777 0.045 0.003 0.004 
362 TMA-ZAIN-G-    (0)    8 :  0.004 0.839 0.003 0.011 0.007 0.005 0.008 0.019 0.094 0.010 
363 TMA-ZAIN-G-    (0)    9 :  0.021 0.111 0.061 0.035 0.017 0.004 0.446 0.288 0.008 0.009 
364 TMA-ZAIN-G-    (0)    9 :  0.017 0.013 0.011 0.658 0.013 0.211 0.016 0.032 0.007 0.021 
365 TMA-ZAIN-G-    (0)    9 :  0.004 0.499 0.004 0.074 0.053 0.016 0.136 0.087 0.018 0.108 
366 TMA-ZAIN-G-    (0)    9 :  0.018 0.192 0.004 0.005 0.082 0.004 0.014 0.668 0.009 0.005 
