

----------------------------------------------------
STRUCTURE by Pritchard, Stephens and Donnelly (2000)
     and Falush, Stephens and Pritchard (2003)
       Code by Pritchard, Falush and Hubisz
             Version 2.3.4 (Jul 2012)
----------------------------------------------------



Command line arguments:   bin\structure -m C:\Users\eschumacher\Documents\GitHub\GCC_QUAC_ZAIN\Data_Files\Structure_Files\ZAIN\ZAIN_rebinned_allpop_str\50-50\mainparams -e C:\Users\eschumacher\Documents\GitHub\GCC_QUAC_ZAIN\Data_Files\Structure_Files\ZAIN\ZAIN_rebinned_allpop_str\50-50\extraparams 
Input File:    C:\Users\eschumacher\Documents\GitHub\GCC_QUAC_ZAIN\Data_Files\Structure_Files\ZAIN\ZAIN_rebinned_allpop_str\project_data

Run parameters:
   1133 individuals
   11 loci
   7 populations assumed
   50000 Burn-in period
   50000 Reps


--------------------------------------------
Proportion of membership of each pre-defined
 population in each of the 7 clusters

Given    Inferred Clusters                                   Number of
 Pop       1      2      3      4      5      6      7      Individuals

  1:     0.153  0.046  0.303  0.096  0.171  0.118  0.114      303
  2:     0.108  0.068  0.276  0.066  0.149  0.123  0.209       15
  3:     0.048  0.019  0.215  0.013  0.142  0.554  0.009        2
  4:     0.058  0.047  0.351  0.069  0.126  0.303  0.046        2
  5:     0.026  0.063  0.196  0.045  0.267  0.380  0.023        7
  6:     0.665  0.013  0.051  0.015  0.221  0.014  0.021       13
  7:     0.949  0.004  0.005  0.016  0.006  0.015  0.005       13
  8:     0.011  0.131  0.591  0.018  0.200  0.021  0.028        7
  9:     0.020  0.048  0.445  0.034  0.354  0.082  0.018       11
 10:     0.012  0.029  0.554  0.115  0.073  0.183  0.034        9
 11:     0.032  0.005  0.009  0.928  0.006  0.012  0.007       35
 12:     0.005  0.031  0.829  0.007  0.088  0.008  0.032       36
 13:     0.006  0.039  0.888  0.006  0.042  0.010  0.010       33
 14:     0.020  0.010  0.009  0.007  0.008  0.005  0.941       40
 15:     0.003  0.006  0.006  0.004  0.965  0.004  0.011       39
 16:     0.054  0.030  0.060  0.180  0.022  0.628  0.025       40
 17:     0.109  0.019  0.013  0.068  0.012  0.746  0.035       37
 18:     0.003  0.024  0.893  0.006  0.063  0.004  0.006       40
 19:     0.009  0.003  0.005  0.928  0.009  0.007  0.039       28
 20:     0.030  0.009  0.015  0.008  0.010  0.017  0.911       14
 21:     0.909  0.006  0.011  0.009  0.035  0.020  0.010       13
 22:     0.003  0.012  0.037  0.006  0.923  0.005  0.015       14
 23:     0.006  0.055  0.880  0.006  0.038  0.006  0.009       25
 24:     0.005  0.957  0.011  0.007  0.007  0.005  0.008       40
 25:     0.009  0.008  0.029  0.022  0.049  0.023  0.861       32
 26:     0.971  0.006  0.005  0.003  0.004  0.005  0.005       20
 27:     0.007  0.007  0.011  0.745  0.008  0.210  0.011        4
 28:     0.018  0.016  0.039  0.884  0.010  0.021  0.013       23
 29:     0.007  0.005  0.006  0.953  0.006  0.015  0.009       39
 30:     0.916  0.005  0.007  0.049  0.005  0.010  0.008       38
 31:     0.006  0.056  0.099  0.005  0.816  0.008  0.009       45
 32:     0.010  0.025  0.450  0.005  0.482  0.011  0.016       28
 33:     0.008  0.005  0.005  0.938  0.006  0.031  0.006        6
 34:     0.008  0.047  0.014  0.026  0.019  0.872  0.014       40
 35:     0.078  0.011  0.011  0.019  0.021  0.848  0.012       42
--------------------------------------------

Allele-freq. divergence among pops (Net nucleotide distance),
computed using point estimates of P.

      1       2       3       4       5       6       7      
 1      -    0.3443  0.2777  0.1431  0.2717  0.1208  0.2100  
 2   0.3443     -    0.0966  0.3208  0.1479  0.2065  0.1766  
 3   0.2777  0.0966     -    0.2126  0.0868  0.1435  0.1612  
 4   0.1431  0.3208  0.2126     -    0.2100  0.0899  0.1425  
 5   0.2717  0.1479  0.0868  0.2100     -    0.1058  0.1167  
 6   0.1208  0.2065  0.1435  0.0899  0.1058     -    0.0987  
 7   0.2100  0.1766  0.1612  0.1425  0.1167  0.0987     -    

Average distances (expected heterozygosity) between individuals in same cluster:
cluster  1  : 0.4261 
cluster  2  : 0.3677 
cluster  3  : 0.4155 
cluster  4  : 0.4821 
cluster  5  : 0.4251 
cluster  6  : 0.5533 
cluster  7  : 0.4379 

--------------------------------------------
Estimated Ln Prob of Data   = -21818.2
Mean value of ln likelihood = -21368.3
Variance of ln likelihood   = 899.8
Mean value of alpha         = 0.0339

Mean value of Fst_1         = 0.4129
Mean value of Fst_2         = 0.4235
Mean value of Fst_3         = 0.2884
Mean value of Fst_4         = 0.3361
Mean value of Fst_5         = 0.3860
Mean value of Fst_6         = 0.1297
Mean value of Fst_7         = 0.4160


Inferred ancestry of individuals:
        Label (%Miss) Pop:  Inferred clusters
  1 TMA-ZAIN-G-    (9)    1 :  0.007 0.017 0.018 0.801 0.070 0.066 0.021 
  2 TMA-ZAIN-G-    (0)    1 :  0.007 0.005 0.197 0.723 0.014 0.033 0.022 
  3 TMA-ZAIN-G-    (0)    1 :  0.004 0.208 0.488 0.010 0.266 0.010 0.015 
  4 TMA-ZAIN-G-    (0)    1 :  0.009 0.057 0.129 0.019 0.036 0.014 0.736 
  5 TMA-ZAIN-G-    (0)    1 :  0.005 0.002 0.003 0.977 0.002 0.004 0.006 
  6 TMA-ZAIN-G-    (0)    1 :  0.037 0.239 0.197 0.106 0.169 0.183 0.069 
  7 TMA-ZAIN-G-    (0)    1 :  0.007 0.010 0.666 0.014 0.255 0.017 0.030 
  8 TMA-ZAIN-G-    (0)    1 :  0.003 0.071 0.231 0.010 0.655 0.007 0.023 
  9 TMA-ZAIN-G-    (9)    1 :  0.005 0.046 0.818 0.010 0.103 0.013 0.006 
 10 TMA-ZAIN-G-    (0)    1 :  0.005 0.043 0.793 0.003 0.131 0.011 0.015 
 11 TMA-ZAIN-G-    (0)    1 :  0.005 0.007 0.809 0.005 0.157 0.009 0.007 
 12 TMA-ZAIN-G-    (0)    1 :  0.003 0.006 0.958 0.005 0.019 0.005 0.004 
 13 TMA-ZAIN-G-    (9)    1 :  0.096 0.020 0.431 0.050 0.349 0.031 0.023 
 14 TMA-ZAIN-G-    (9)    1 :  0.005 0.006 0.008 0.003 0.965 0.006 0.007 
 15 TMA-ZAIN-G-    (0)    1 :  0.003 0.007 0.005 0.003 0.971 0.006 0.006 
 16 TMA-ZAIN-G-    (0)    1 :  0.004 0.005 0.967 0.004 0.011 0.005 0.004 
 17 TMA-ZAIN-G-    (9)    1 :  0.021 0.007 0.023 0.015 0.839 0.058 0.036 
 18 TMA-ZAIN-G-    (0)    1 :  0.005 0.011 0.011 0.752 0.017 0.155 0.049 
 19 TMA-ZAIN-G-    (0)    1 :  0.014 0.005 0.018 0.013 0.028 0.915 0.007 
 20 TMA-ZAIN-G-    (0)    1 :  0.103 0.004 0.004 0.038 0.003 0.828 0.021 
 21 TMA-ZAIN-G-    (0)    1 :  0.974 0.006 0.004 0.003 0.004 0.004 0.005 
 22 TMA-ZAIN-G-    (0)    1 :  0.928 0.002 0.003 0.046 0.003 0.011 0.007 
 23 TMA-ZAIN-G-    (0)    1 :  0.918 0.003 0.007 0.020 0.009 0.038 0.005 
 24 TMA-ZAIN-G-    (9)    1 :  0.704 0.208 0.048 0.008 0.022 0.004 0.006 
 25 TMA-ZAIN-G-    (9)    1 :  0.010 0.005 0.051 0.101 0.007 0.822 0.004 
 26 TMA-ZAIN-G-    (9)    1 :  0.031 0.008 0.318 0.009 0.094 0.014 0.526 
 27 TMA-ZAIN-G-    (0)    1 :  0.014 0.010 0.008 0.068 0.042 0.838 0.020 
 28 TMA-ZAIN-G-    (0)    1 :  0.004 0.008 0.007 0.010 0.012 0.952 0.007 
 29 TMA-ZAIN-G-    (0)    1 :  0.004 0.728 0.005 0.003 0.006 0.242 0.012 
 30 TMA-ZAIN-G-    (0)    1 :  0.005 0.086 0.176 0.004 0.326 0.395 0.009 
 31 TMA-ZAIN-G-    (0)    1 :  0.013 0.006 0.006 0.917 0.005 0.010 0.043 
 32 TMA-ZAIN-G-    (9)    1 :  0.015 0.004 0.063 0.870 0.025 0.018 0.005 
 33 TMA-ZAIN-G-   (18)    1 :  0.003 0.020 0.805 0.005 0.155 0.007 0.005 
 34 TMA-ZAIN-G-    (0)    1 :  0.020 0.010 0.724 0.216 0.010 0.012 0.008 
 35 TMA-ZAIN-G-    (9)    1 :  0.004 0.078 0.732 0.023 0.132 0.019 0.011 
 36 TMA-ZAIN-G-    (0)    1 :  0.003 0.011 0.584 0.004 0.376 0.007 0.016 
 37 TMA-ZAIN-G-    (9)    1 :  0.007 0.017 0.899 0.008 0.042 0.013 0.014 
 38 TMA-ZAIN-G-   (18)    1 :  0.011 0.007 0.036 0.867 0.043 0.030 0.006 
 39 TMA-ZAIN-G-    (0)    1 :  0.006 0.012 0.957 0.003 0.009 0.005 0.008 
 40 TMA-ZAIN-G-    (0)    1 :  0.004 0.006 0.961 0.003 0.018 0.004 0.005 
 41 TMA-ZAIN-G-    (0)    1 :  0.003 0.008 0.337 0.003 0.638 0.005 0.005 
 42 TMA-ZAIN-G-    (9)    1 :  0.002 0.006 0.008 0.003 0.972 0.003 0.006 
 43 TMA-ZAIN-G-    (0)    1 :  0.003 0.011 0.005 0.004 0.964 0.004 0.009 
 44 TMA-ZAIN-G-    (0)    1 :  0.840 0.019 0.106 0.005 0.012 0.013 0.005 
 45 TMA-ZAIN-G-    (0)    1 :  0.006 0.005 0.887 0.006 0.080 0.007 0.009 
 46 TMA-ZAIN-G-    (0)    1 :  0.978 0.003 0.004 0.003 0.003 0.004 0.005 
 47 TMA-ZAIN-G-    (0)    1 :  0.003 0.004 0.005 0.004 0.004 0.004 0.976 
 48 TMA-ZAIN-G-    (0)    1 :  0.028 0.020 0.076 0.006 0.205 0.024 0.642 
 49 TMA-ZAIN-G-    (9)    1 :  0.006 0.045 0.019 0.024 0.005 0.890 0.011 
 50 TMA-ZAIN-G-    (0)    1 :  0.007 0.003 0.012 0.006 0.025 0.943 0.003 
 51 TMA-ZAIN-G-    (0)    1 :  0.010 0.006 0.008 0.007 0.051 0.896 0.022 
 52 TMA-ZAIN-G-    (0)    1 :  0.013 0.003 0.017 0.006 0.013 0.843 0.105 
 53 TMA-ZAIN-G-    (0)    1 :  0.009 0.005 0.012 0.122 0.029 0.651 0.171 
 54 TMA-ZAIN-G-    (0)    1 :  0.005 0.004 0.007 0.005 0.012 0.009 0.959 
 55 TMA-ZAIN-G-    (0)    1 :  0.009 0.003 0.009 0.005 0.045 0.030 0.898 
 56 TMA-ZAIN-G-    (0)    1 :  0.011 0.048 0.069 0.009 0.106 0.111 0.646 
 57 TMA-ZAIN-G-    (0)    1 :  0.003 0.009 0.011 0.008 0.005 0.012 0.952 
 58 TMA-ZAIN-G-    (0)    1 :  0.069 0.005 0.007 0.028 0.011 0.854 0.025 
 59 TMA-ZAIN-G-    (0)    1 :  0.029 0.041 0.112 0.669 0.044 0.038 0.067 
 60 TMA-ZAIN-G-    (0)    1 :  0.010 0.009 0.015 0.367 0.072 0.485 0.042 
 61 TMA-ZAIN-G-    (0)    1 :  0.024 0.003 0.004 0.939 0.003 0.009 0.018 
 62 TMA-ZAIN-G-    (9)    1 :  0.025 0.010 0.044 0.846 0.019 0.043 0.012 
 63 TMA-ZAIN-G-    (0)    1 :  0.007 0.003 0.004 0.956 0.006 0.011 0.013 
 64 TMA-ZAIN-G-    (0)    1 :  0.002 0.977 0.007 0.002 0.006 0.003 0.003 
 65 TMA-ZAIN-G-    (9)    1 :  0.002 0.965 0.012 0.003 0.006 0.003 0.008 
 66 TMA-ZAIN-G-    (0)    1 :  0.003 0.964 0.015 0.002 0.008 0.003 0.004 
 67 TMA-ZAIN-G-    (0)    1 :  0.012 0.918 0.045 0.004 0.006 0.011 0.005 
 68 TMA-ZAIN-G-    (0)    1 :  0.003 0.976 0.005 0.002 0.007 0.003 0.005 
 69 TMA-ZAIN-G-    (0)    1 :  0.028 0.843 0.058 0.024 0.013 0.020 0.013 
 70 TMA-ZAIN-G-    (0)    1 :  0.005 0.078 0.893 0.004 0.009 0.006 0.004 
 71 TMA-ZAIN-G-    (0)    1 :  0.003 0.006 0.976 0.003 0.005 0.004 0.003 
 72 TMA-ZAIN-G-    (0)    1 :  0.005 0.058 0.870 0.005 0.042 0.010 0.011 
 73 TMA-ZAIN-G-    (0)    1 :  0.039 0.007 0.874 0.025 0.006 0.033 0.016 
 74 TMA-ZAIN-G-    (0)    1 :  0.014 0.013 0.936 0.009 0.007 0.016 0.005 
 75 TMA-ZAIN-G-    (0)    1 :  0.004 0.007 0.958 0.005 0.009 0.008 0.009 
 76 TMA-ZAIN-G-    (0)    1 :  0.054 0.009 0.900 0.008 0.005 0.022 0.004 
 77 TMA-ZAIN-G-    (0)    1 :  0.010 0.009 0.943 0.003 0.018 0.009 0.009 
 78 TMA-ZAIN-G-    (0)    1 :  0.048 0.007 0.877 0.010 0.009 0.033 0.015 
 79 TMA-ZAIN-G-    (0)    1 :  0.034 0.006 0.910 0.004 0.015 0.015 0.016 
 80 TMA-ZAIN-G-    (0)    1 :  0.005 0.026 0.945 0.003 0.008 0.004 0.009 
 81 TMA-ZAIN-G-    (0)    1 :  0.010 0.004 0.954 0.004 0.010 0.009 0.009 
 82 TMA-ZAIN-G-    (0)    1 :  0.003 0.185 0.775 0.007 0.010 0.006 0.014 
 83 TMA-ZAIN-G-    (9)    1 :  0.033 0.132 0.700 0.080 0.010 0.025 0.020 
 84 TMA-ZAIN-G-    (0)    1 :  0.038 0.006 0.927 0.005 0.006 0.013 0.005 
 85 TMA-ZAIN-G-    (0)    1 :  0.024 0.006 0.012 0.026 0.008 0.145 0.780 
 86 TMA-ZAIN-G-    (0)    1 :  0.039 0.010 0.023 0.008 0.009 0.028 0.884 
 87 TMA-ZAIN-G-    (0)    1 :  0.196 0.005 0.014 0.036 0.008 0.063 0.678 
 88 TMA-ZAIN-G-    (0)    1 :  0.013 0.038 0.112 0.172 0.035 0.011 0.619 
 89 TMA-ZAIN-G-    (0)    1 :  0.016 0.019 0.033 0.018 0.018 0.006 0.890 
 90 TMA-ZAIN-G-    (0)    1 :  0.008 0.007 0.009 0.007 0.006 0.012 0.949 
 91 TMA-ZAIN-G-    (0)    1 :  0.007 0.007 0.009 0.021 0.010 0.013 0.932 
 92 TMA-ZAIN-G-    (0)    1 :  0.017 0.004 0.006 0.006 0.008 0.025 0.933 
 93 TMA-ZAIN-G-    (0)    1 :  0.009 0.005 0.005 0.017 0.008 0.022 0.934 
 94 TMA-ZAIN-G-    (0)    1 :  0.010 0.003 0.005 0.039 0.004 0.019 0.919 
 95 TMA-ZAIN-G-    (0)    1 :  0.009 0.021 0.014 0.010 0.031 0.910 0.005 
 96 TMA-ZAIN-G-    (0)    1 :  0.005 0.006 0.012 0.005 0.050 0.916 0.007 
 97 TMA-ZAIN-G-    (0)    1 :  0.006 0.006 0.007 0.953 0.005 0.012 0.010 
 98 TMA-ZAIN-G-    (0)    1 :  0.004 0.005 0.006 0.968 0.004 0.004 0.008 
 99 TMA-ZAIN-G-    (0)    1 :  0.015 0.028 0.077 0.842 0.025 0.008 0.004 
100 TMA-ZAIN-G-    (0)    1 :  0.020 0.005 0.005 0.922 0.005 0.017 0.026 
101 TMA-ZAIN-G-    (0)    1 :  0.005 0.006 0.011 0.957 0.005 0.008 0.008 
102 TMA-ZAIN-G-    (0)    1 :  0.179 0.013 0.051 0.638 0.045 0.061 0.013 
103 TMA-ZAIN-G-    (0)    1 :  0.015 0.006 0.014 0.921 0.010 0.026 0.009 
104 TMA-ZAIN-G-    (0)    1 :  0.006 0.002 0.004 0.973 0.004 0.006 0.004 
105 TMA-ZAIN-G-    (0)    1 :  0.008 0.006 0.015 0.929 0.011 0.021 0.010 
106 TMA-ZAIN-G-    (0)    1 :  0.003 0.042 0.263 0.003 0.680 0.004 0.005 
107 TMA-ZAIN-G-    (0)    1 :  0.003 0.009 0.966 0.004 0.009 0.005 0.005 
108 TMA-ZAIN-G-    (9)    1 :  0.052 0.015 0.239 0.415 0.201 0.050 0.029 
109 TMA-ZAIN-G-    (0)    1 :  0.005 0.309 0.072 0.374 0.147 0.050 0.043 
110 TMA-ZAIN-G-    (0)    1 :  0.146 0.010 0.416 0.089 0.183 0.128 0.028 
111 TMA-ZAIN-G-    (9)    1 :  0.079 0.022 0.119 0.681 0.013 0.056 0.030 
112 TMA-ZAIN-G-    (0)    1 :  0.049 0.024 0.170 0.311 0.280 0.138 0.027 
113 TMA-ZAIN-G-    (0)    1 :  0.008 0.009 0.016 0.941 0.005 0.005 0.014 
114 TMA-ZAIN-G-    (0)    1 :  0.011 0.003 0.003 0.971 0.002 0.005 0.004 
115 TMA-ZAIN-G-    (0)    1 :  0.006 0.003 0.003 0.976 0.003 0.005 0.004 
116 TMA-ZAIN-G-    (0)    1 :  0.003 0.027 0.937 0.008 0.007 0.004 0.013 
117 TMA-ZAIN-G-    (0)    1 :  0.004 0.281 0.274 0.011 0.327 0.020 0.083 
118 TMA-ZAIN-G-    (0)    1 :  0.003 0.044 0.912 0.007 0.017 0.007 0.010 
119 TMA-ZAIN-G-    (0)    1 :  0.008 0.048 0.898 0.018 0.007 0.011 0.011 
120 TMA-ZAIN-G-    (0)    1 :  0.004 0.036 0.880 0.010 0.041 0.012 0.017 
121 TMA-ZAIN-G-    (0)    1 :  0.003 0.245 0.626 0.021 0.063 0.011 0.031 
122 TMA-ZAIN-G-    (0)    1 :  0.007 0.051 0.830 0.006 0.055 0.015 0.036 
123 TMA-ZAIN-G-    (0)    1 :  0.009 0.003 0.005 0.960 0.006 0.010 0.006 
124 TMA-ZAIN-G-    (0)    1 :  0.003 0.005 0.014 0.005 0.961 0.007 0.005 
125 TMA-ZAIN-G-    (0)    1 :  0.002 0.041 0.011 0.003 0.894 0.005 0.044 
126 TMA-ZAIN-G-    (0)    1 :  0.003 0.005 0.012 0.004 0.963 0.004 0.008 
127 TMA-ZAIN-G-    (0)    1 :  0.003 0.007 0.014 0.003 0.966 0.004 0.004 
128 TMA-ZAIN-G-    (0)    1 :  0.003 0.056 0.025 0.005 0.897 0.006 0.007 
129 TMA-ZAIN-G-    (0)    1 :  0.003 0.006 0.013 0.006 0.962 0.005 0.005 
130 TMA-ZAIN-G-    (0)    1 :  0.003 0.009 0.014 0.007 0.936 0.005 0.027 
131 TMA-ZAIN-G-    (0)    1 :  0.003 0.006 0.009 0.004 0.967 0.006 0.005 
132 TMA-ZAIN-G-    (0)    1 :  0.003 0.097 0.059 0.004 0.789 0.005 0.042 
133 TMA-ZAIN-G-    (0)    1 :  0.015 0.090 0.104 0.003 0.730 0.016 0.041 
134 TMA-ZAIN-G-    (0)    1 :  0.009 0.058 0.067 0.003 0.830 0.007 0.027 
135 TMA-ZAIN-G-    (0)    1 :  0.004 0.022 0.908 0.004 0.047 0.004 0.011 
136 TMA-ZAIN-G-    (0)    1 :  0.005 0.735 0.190 0.009 0.042 0.006 0.014 
137 TMA-ZAIN-G-    (0)    1 :  0.004 0.006 0.962 0.006 0.012 0.004 0.006 
138 TMA-ZAIN-G-    (0)    1 :  0.003 0.017 0.605 0.005 0.349 0.004 0.018 
139 TMA-ZAIN-G-    (0)    1 :  0.004 0.018 0.830 0.005 0.079 0.003 0.062 
140 TMA-ZAIN-G-    (0)    1 :  0.004 0.010 0.951 0.004 0.022 0.005 0.005 
141 TMA-ZAIN-G-    (0)    1 :  0.004 0.007 0.917 0.005 0.054 0.006 0.007 
142 TMA-ZAIN-G-    (9)    1 :  0.003 0.014 0.954 0.003 0.016 0.004 0.005 
143 TMA-ZAIN-G-    (0)    1 :  0.003 0.017 0.900 0.005 0.064 0.006 0.006 
144 TMA-ZAIN-G-    (0)    1 :  0.005 0.007 0.917 0.004 0.034 0.011 0.023 
145 TMA-ZAIN-G-    (0)    1 :  0.002 0.300 0.657 0.004 0.020 0.005 0.013 
146 TMA-ZAIN-G-    (0)    1 :  0.003 0.006 0.975 0.003 0.006 0.003 0.004 
147 TMA-ZAIN-G-    (9)    1 :  0.003 0.010 0.967 0.003 0.008 0.004 0.005 
148 TMA-ZAIN-G-    (0)    1 :  0.003 0.005 0.892 0.003 0.065 0.004 0.028 
149 TMA-ZAIN-G-    (0)    1 :  0.019 0.007 0.797 0.030 0.049 0.016 0.081 
150 TMA-ZAIN-G-    (0)    1 :  0.018 0.033 0.817 0.027 0.016 0.013 0.076 
151 TMA-ZAIN-G-    (0)    1 :  0.002 0.014 0.941 0.004 0.030 0.004 0.005 
152 TMA-ZAIN-G-    (0)    1 :  0.002 0.009 0.964 0.005 0.010 0.004 0.006 
153 TMA-ZAIN-G-    (0)    1 :  0.003 0.015 0.912 0.003 0.054 0.004 0.010 
154 TMA-ZAIN-G-    (0)    1 :  0.002 0.007 0.967 0.005 0.009 0.004 0.007 
155 TMA-ZAIN-G-    (0)    1 :  0.003 0.011 0.961 0.005 0.013 0.004 0.003 
156 TMA-ZAIN-G-    (9)    1 :  0.003 0.004 0.868 0.010 0.099 0.005 0.012 
157 TMA-ZAIN-G-    (0)    1 :  0.003 0.010 0.804 0.006 0.165 0.005 0.007 
158 TMA-ZAIN-G-    (0)    1 :  0.003 0.005 0.971 0.004 0.007 0.005 0.005 
159 TMA-ZAIN-G-    (0)    1 :  0.002 0.010 0.971 0.004 0.005 0.003 0.004 
160 TMA-ZAIN-G-    (0)    1 :  0.002 0.015 0.964 0.005 0.004 0.003 0.006 
161 TMA-ZAIN-G-    (0)    1 :  0.003 0.007 0.929 0.003 0.041 0.006 0.012 
162 TMA-ZAIN-G-    (0)    1 :  0.016 0.007 0.907 0.033 0.007 0.010 0.021 
163 TMA-ZAIN-G-    (0)    1 :  0.002 0.005 0.977 0.003 0.005 0.003 0.004 
164 TMA-ZAIN-G-    (0)    1 :  0.003 0.008 0.963 0.006 0.007 0.004 0.009 
165 TMA-ZAIN-G-    (0)    1 :  0.002 0.006 0.974 0.004 0.006 0.003 0.004 
166 TMA-ZAIN-G-    (0)    1 :  0.002 0.008 0.965 0.003 0.011 0.004 0.007 
167 TMA-ZAIN-G-    (0)    1 :  0.005 0.005 0.950 0.006 0.021 0.007 0.006 
168 TMA-ZAIN-G-    (0)    1 :  0.003 0.032 0.925 0.006 0.023 0.005 0.006 
169 TMA-ZAIN-G-    (0)    1 :  0.003 0.293 0.678 0.005 0.010 0.004 0.008 
170 TMA-ZAIN-G-    (0)    1 :  0.010 0.029 0.762 0.015 0.159 0.022 0.004 
171 TMA-ZAIN-G-    (0)    1 :  0.003 0.053 0.927 0.004 0.006 0.003 0.005 
172 TMA-ZAIN-G-    (0)    1 :  0.005 0.007 0.324 0.004 0.650 0.007 0.004 
173 TMA-ZAIN-G-    (0)    1 :  0.004 0.009 0.155 0.003 0.816 0.008 0.005 
174 TMA-ZAIN-G-    (0)    1 :  0.003 0.081 0.775 0.003 0.126 0.005 0.007 
175 TMA-ZAIN-G-    (0)    1 :  0.003 0.012 0.963 0.004 0.008 0.004 0.005 
176 TMA-ZAIN-G-    (0)    1 :  0.003 0.006 0.972 0.003 0.008 0.003 0.004 
177 TMA-ZAIN-G-    (0)    1 :  0.003 0.004 0.962 0.004 0.019 0.004 0.004 
178 TMA-ZAIN-G-    (0)    1 :  0.004 0.006 0.471 0.005 0.502 0.007 0.005 
179 TMA-ZAIN-G-    (0)    1 :  0.003 0.008 0.905 0.003 0.072 0.005 0.004 
180 TMA-ZAIN-G-    (0)    1 :  0.010 0.102 0.051 0.004 0.806 0.009 0.018 
181 TMA-ZAIN-G-    (0)    1 :  0.003 0.006 0.021 0.005 0.958 0.004 0.005 
182 TMA-ZAIN-G-    (0)    1 :  0.003 0.003 0.013 0.006 0.966 0.005 0.005 
183 TMA-ZAIN-G-    (0)    1 :  0.003 0.005 0.012 0.004 0.968 0.004 0.004 
184 TMA-ZAIN-G-    (0)    1 :  0.021 0.012 0.068 0.048 0.803 0.015 0.033 
185 TMA-ZAIN-G-    (0)    1 :  0.040 0.012 0.084 0.018 0.756 0.045 0.046 
186 TMA-ZAIN-G-    (9)    1 :  0.007 0.011 0.065 0.004 0.889 0.017 0.007 
187 TMA-ZAIN-G-    (0)    1 :  0.003 0.022 0.098 0.004 0.864 0.006 0.003 
188 TMA-ZAIN-G-    (0)    1 :  0.003 0.023 0.099 0.003 0.864 0.005 0.004 
189 TMA-ZAIN-G-    (0)    1 :  0.003 0.013 0.012 0.003 0.964 0.003 0.003 
190 TMA-ZAIN-G-    (0)    1 :  0.004 0.025 0.062 0.003 0.893 0.008 0.005 
191 TMA-ZAIN-G-    (0)    1 :  0.036 0.007 0.042 0.020 0.863 0.014 0.017 
192 TMA-ZAIN-G-    (0)    1 :  0.012 0.005 0.017 0.004 0.948 0.006 0.008 
193 TMA-ZAIN-G-    (0)    1 :  0.003 0.005 0.004 0.003 0.975 0.004 0.007 
194 TMA-ZAIN-G-    (0)    1 :  0.004 0.006 0.004 0.003 0.968 0.005 0.010 
195 TMA-ZAIN-G-    (0)    1 :  0.003 0.010 0.011 0.003 0.960 0.006 0.006 
196 TMA-ZAIN-G-    (0)    1 :  0.003 0.007 0.005 0.003 0.973 0.004 0.005 
197 TMA-ZAIN-G-    (0)    1 :  0.003 0.007 0.006 0.003 0.965 0.004 0.011 
198 TMA-ZAIN-G-    (0)    1 :  0.003 0.007 0.006 0.003 0.971 0.003 0.006 
199 TMA-ZAIN-G-    (0)    1 :  0.005 0.007 0.038 0.004 0.929 0.010 0.007 
200 TMA-ZAIN-G-    (0)    1 :  0.927 0.003 0.003 0.014 0.013 0.035 0.004 
201 TMA-ZAIN-G-    (0)    1 :  0.965 0.004 0.004 0.006 0.003 0.013 0.004 
202 TMA-ZAIN-G-    (0)    1 :  0.942 0.003 0.006 0.013 0.019 0.014 0.003 
203 TMA-ZAIN-G-    (0)    1 :  0.003 0.003 0.008 0.007 0.969 0.004 0.006 
204 TMA-ZAIN-G-    (9)    1 :  0.910 0.011 0.009 0.005 0.008 0.015 0.043 
205 TMA-ZAIN-G-    (0)    1 :  0.804 0.007 0.125 0.007 0.008 0.034 0.014 
206 TMA-ZAIN-G-    (9)    1 :  0.854 0.013 0.017 0.015 0.041 0.032 0.028 
207 TMA-ZAIN-G-    (9)    1 :  0.012 0.090 0.679 0.013 0.019 0.064 0.124 
208 TMA-ZAIN-G-    (0)    1 :  0.003 0.048 0.929 0.003 0.009 0.005 0.004 
209 TMA-ZAIN-G-    (0)    1 :  0.003 0.013 0.093 0.003 0.852 0.003 0.033 
210 TMA-ZAIN-G-    (0)    1 :  0.003 0.074 0.136 0.004 0.762 0.005 0.016 
211 TMA-ZAIN-G-    (0)    1 :  0.023 0.031 0.216 0.012 0.676 0.028 0.014 
212 TMA-ZAIN-G-    (0)    1 :  0.005 0.025 0.596 0.004 0.350 0.007 0.013 
213 TMA-ZAIN-G-    (0)    1 :  0.004 0.007 0.683 0.004 0.285 0.006 0.011 
214 TMA-ZAIN-G-    (0)    1 :  0.004 0.064 0.468 0.003 0.446 0.005 0.010 
215 TMA-ZAIN-G-    (0)    1 :  0.010 0.007 0.637 0.003 0.080 0.260 0.003 
216 TMA-ZAIN-G-    (0)    1 :  0.005 0.008 0.112 0.003 0.855 0.008 0.009 
217 TMA-ZAIN-G-    (0)    1 :  0.003 0.158 0.340 0.004 0.483 0.004 0.008 
218 TMA-ZAIN-G-    (0)    1 :  0.005 0.010 0.005 0.005 0.006 0.965 0.005 
219 TMA-ZAIN-G-    (0)    1 :  0.012 0.003 0.004 0.005 0.005 0.962 0.009 
220 TMA-ZAIN-G-    (0)    1 :  0.004 0.014 0.020 0.073 0.007 0.871 0.010 
221 TMA-ZAIN-G-    (0)    1 :  0.022 0.007 0.012 0.004 0.017 0.932 0.006 
222 TMA-ZAIN-G-    (0)    1 :  0.010 0.014 0.016 0.032 0.009 0.901 0.018 
223 TMA-ZAIN-G-    (0)    1 :  0.010 0.004 0.004 0.007 0.003 0.966 0.006 
224 TMA-ZAIN-G-    (0)    1 :  0.018 0.005 0.006 0.013 0.016 0.926 0.017 
225 TMA-ZAIN-G-    (0)    1 :  0.011 0.002 0.004 0.010 0.007 0.962 0.005 
226 TMA-ZAIN-G-    (0)    1 :  0.009 0.005 0.007 0.015 0.010 0.949 0.005 
227 TMA-ZAIN-G-    (0)    1 :  0.023 0.004 0.008 0.013 0.013 0.935 0.004 
228 TMA-ZAIN-G-    (0)    1 :  0.012 0.007 0.018 0.016 0.007 0.932 0.008 
229 TMA-ZAIN-G-    (0)    1 :  0.070 0.009 0.003 0.024 0.003 0.884 0.007 
230 TMA-ZAIN-G-    (0)    1 :  0.007 0.018 0.028 0.027 0.054 0.812 0.055 
231 TMA-ZAIN-G-    (0)    1 :  0.548 0.013 0.076 0.150 0.015 0.165 0.033 
232 TMA-ZAIN-G-    (9)    1 :  0.528 0.058 0.026 0.269 0.039 0.065 0.014 
233 TMA-ZAIN-G-    (0)    1 :  0.024 0.039 0.013 0.005 0.011 0.892 0.016 
234 TMA-ZAIN-G-    (0)    1 :  0.049 0.007 0.007 0.322 0.006 0.590 0.019 
235 TMA-ZAIN-G-    (0)    1 :  0.023 0.005 0.026 0.101 0.048 0.784 0.013 
236 TMA-ZAIN-G-    (0)    1 :  0.064 0.007 0.013 0.072 0.019 0.818 0.007 
237 TMA-ZAIN-G-    (0)    1 :  0.012 0.028 0.167 0.228 0.051 0.486 0.027 
238 TMA-ZAIN-G-    (0)    1 :  0.034 0.005 0.030 0.051 0.016 0.858 0.005 
239 TMA-ZAIN-G-    (0)    1 :  0.766 0.029 0.006 0.006 0.127 0.005 0.060 
240 TMA-ZAIN-G-    (0)    1 :  0.977 0.003 0.003 0.004 0.003 0.005 0.006 
241 TMA-ZAIN-G-    (0)    1 :  0.970 0.005 0.008 0.004 0.004 0.004 0.005 
242 TMA-ZAIN-G-    (0)    1 :  0.973 0.005 0.007 0.003 0.003 0.004 0.004 
243 TMA-ZAIN-G-    (0)    1 :  0.963 0.009 0.012 0.003 0.005 0.004 0.005 
244 TMA-ZAIN-G-    (0)    1 :  0.957 0.009 0.018 0.004 0.004 0.004 0.003 
245 TMA-ZAIN-G-    (9)    1 :  0.981 0.002 0.003 0.004 0.003 0.004 0.003 
246 TMA-ZAIN-G-    (0)    1 :  0.981 0.003 0.003 0.002 0.003 0.004 0.004 
247 TMA-ZAIN-G-    (0)    1 :  0.976 0.006 0.004 0.002 0.003 0.005 0.004 
248 TMA-ZAIN-G-    (0)    1 :  0.967 0.004 0.006 0.004 0.008 0.006 0.004 
249 TMA-ZAIN-G-    (0)    1 :  0.976 0.003 0.003 0.003 0.006 0.006 0.003 
250 TMA-ZAIN-G-    (0)    1 :  0.976 0.006 0.003 0.003 0.005 0.005 0.003 
251 TMA-ZAIN-G-    (0)    1 :  0.003 0.004 0.004 0.004 0.005 0.005 0.975 
252 TMA-ZAIN-G-    (0)    1 :  0.003 0.052 0.049 0.004 0.008 0.008 0.876 
253 TMA-ZAIN-G-    (0)    1 :  0.004 0.006 0.006 0.005 0.005 0.003 0.971 
254 TMA-ZAIN-G-    (9)    1 :  0.003 0.012 0.016 0.008 0.007 0.004 0.950 
255 TMA-ZAIN-G-    (0)    1 :  0.017 0.009 0.006 0.009 0.004 0.004 0.951 
256 TMA-ZAIN-G-    (0)    1 :  0.007 0.004 0.006 0.007 0.009 0.004 0.963 
257 TMA-ZAIN-G-    (0)    1 :  0.004 0.003 0.003 0.004 0.006 0.004 0.977 
258 TMA-ZAIN-G-    (0)    1 :  0.003 0.005 0.003 0.004 0.004 0.003 0.978 
259 TMA-ZAIN-G-    (0)    1 :  0.004 0.005 0.003 0.003 0.005 0.004 0.975 
260 TMA-ZAIN-G-    (0)    1 :  0.004 0.009 0.004 0.004 0.005 0.005 0.971 
261 TMA-ZAIN-G-   (18)    1 :  0.004 0.011 0.005 0.004 0.008 0.006 0.962 
262 TMA-ZAIN-G-    (0)    1 :  0.003 0.003 0.003 0.004 0.005 0.003 0.979 
263 TMA-ZAIN-G-    (0)    1 :  0.003 0.004 0.004 0.006 0.004 0.003 0.976 
264 TMA-ZAIN-G-    (0)    1 :  0.003 0.005 0.004 0.009 0.004 0.004 0.970 
265 TMA-ZAIN-G-    (0)    1 :  0.015 0.032 0.023 0.019 0.020 0.183 0.709 
266 TMA-ZAIN-G-    (0)    1 :  0.010 0.026 0.030 0.020 0.156 0.030 0.728 
267 TMA-ZAIN-G-    (0)    1 :  0.277 0.014 0.016 0.020 0.010 0.061 0.602 
268 TMA-ZAIN-G-    (0)    1 :  0.901 0.005 0.004 0.075 0.003 0.006 0.006 
269 TMA-ZAIN-G-    (0)    1 :  0.689 0.005 0.006 0.253 0.005 0.031 0.010 
270 TMA-ZAIN-G-    (0)    1 :  0.862 0.005 0.006 0.088 0.005 0.024 0.011 
271 TMA-ZAIN-G-    (0)    1 :  0.937 0.003 0.005 0.034 0.004 0.009 0.007 
272 TMA-ZAIN-G-    (0)    1 :  0.911 0.003 0.005 0.027 0.004 0.045 0.006 
273 TMA-ZAIN-G-    (0)    1 :  0.960 0.002 0.003 0.016 0.003 0.012 0.004 
274 TMA-ZAIN-G-    (0)    1 :  0.878 0.009 0.014 0.035 0.034 0.020 0.009 
275 TMA-ZAIN-G-    (0)    1 :  0.974 0.002 0.004 0.007 0.004 0.007 0.003 
276 TMA-ZAIN-G-    (0)    1 :  0.975 0.003 0.004 0.008 0.003 0.004 0.003 
277 TMA-ZAIN-G-    (0)    1 :  0.966 0.005 0.005 0.009 0.004 0.006 0.006 
278 TMA-ZAIN-G-    (0)    1 :  0.973 0.003 0.003 0.005 0.003 0.007 0.005 
279 TMA-ZAIN-G-    (0)    1 :  0.957 0.003 0.005 0.011 0.006 0.015 0.004 
280 TMA-ZAIN-G-    (0)    1 :  0.821 0.002 0.006 0.094 0.010 0.063 0.004 
281 TMA-ZAIN-G-    (0)    1 :  0.930 0.003 0.004 0.038 0.006 0.014 0.005 
282 TMA-ZAIN-G-    (9)    1 :  0.966 0.003 0.003 0.013 0.003 0.006 0.005 
283 TMA-ZAIN-G-    (0)    1 :  0.638 0.007 0.017 0.100 0.008 0.090 0.139 
284 TMA-ZAIN-G-    (0)    1 :  0.448 0.004 0.015 0.172 0.011 0.165 0.186 
285 TMA-ZAIN-G-    (0)    1 :  0.830 0.028 0.023 0.037 0.021 0.027 0.033 
286 TMA-ZAIN-G-    (0)    1 :  0.944 0.003 0.003 0.028 0.003 0.010 0.009 
287 TMA-ZAIN-G-    (0)    1 :  0.937 0.009 0.007 0.023 0.011 0.008 0.006 
288 TMA-ZAIN-G-    (0)    1 :  0.612 0.012 0.025 0.111 0.065 0.162 0.013 
289 TMA-ZAIN-G-    (0)    1 :  0.901 0.015 0.012 0.026 0.020 0.015 0.011 
290 TMA-ZAIN-G-    (0)    1 :  0.440 0.003 0.008 0.437 0.013 0.091 0.008 
291 TMA-ZAIN-G-    (0)    1 :  0.014 0.004 0.005 0.011 0.005 0.955 0.008 
292 TMA-ZAIN-G-    (0)    1 :  0.012 0.006 0.898 0.009 0.052 0.018 0.005 
293 TMA-ZAIN-G-    (0)    1 :  0.008 0.028 0.889 0.004 0.043 0.012 0.015 
294 TMA-ZAIN-G-    (0)    1 :  0.004 0.013 0.960 0.003 0.007 0.004 0.008 
295 TMA-ZAIN-G-    (9)    1 :  0.007 0.014 0.949 0.004 0.008 0.010 0.009 
296 TMA-ZAIN-G-    (0)    1 :  0.006 0.006 0.903 0.012 0.048 0.012 0.012 
297 TMA-ZAIN-G-    (0)    1 :  0.006 0.029 0.811 0.006 0.114 0.010 0.024 
298 TMA-ZAIN-G-    (0)    1 :  0.021 0.008 0.888 0.012 0.006 0.015 0.050 
299 TMA-ZAIN-G-    (0)    1 :  0.007 0.012 0.961 0.005 0.006 0.006 0.003 
300 TMA-ZAIN-G-    (0)    1 :  0.007 0.067 0.877 0.003 0.029 0.009 0.008 
301 TMA-ZAIN-G-    (0)    1 :  0.008 0.021 0.892 0.005 0.060 0.007 0.008 
302 TMA-ZAIN-G-    (9)    1 :  0.003 0.007 0.933 0.004 0.042 0.005 0.006 
303 TMA-ZAIN-G-    (0)    1 :  0.007 0.002 0.005 0.015 0.072 0.860 0.038 
304 TMA-ZAIN-G-    (0)    2 :  0.008 0.217 0.055 0.021 0.123 0.010 0.567 
305 TMA-ZAIN-G-    (0)    2 :  0.004 0.019 0.936 0.004 0.022 0.006 0.009 
306 TMA-ZAIN-G-    (0)    2 :  0.028 0.020 0.337 0.152 0.063 0.012 0.389 
307 TMA-ZAIN-G-    (0)    2 :  0.013 0.448 0.061 0.012 0.069 0.007 0.391 
308 TMA-ZAIN-G-    (0)    2 :  0.018 0.015 0.005 0.032 0.009 0.108 0.813 
309 TMA-ZAIN-G-    (0)    2 :  0.003 0.010 0.035 0.003 0.942 0.004 0.003 
310 TMA-ZAIN-G-    (0)    2 :  0.028 0.009 0.917 0.007 0.007 0.015 0.017 
311 TMA-ZAIN-G-    (0)    2 :  0.009 0.008 0.794 0.049 0.057 0.028 0.056 
312 TMA-ZAIN-G-    (0)    2 :  0.005 0.017 0.146 0.005 0.784 0.033 0.011 
313 TMA-ZAIN-G-    (0)    2 :  0.005 0.040 0.099 0.014 0.067 0.006 0.769 
314 TMA-ZAIN-G-    (0)    2 :  0.214 0.012 0.010 0.287 0.021 0.438 0.018 
315 TMA-ZAIN-G-    (0)    2 :  0.411 0.097 0.395 0.008 0.031 0.042 0.016 
316 TMA-ZAIN-G-    (0)    2 :  0.417 0.100 0.340 0.011 0.026 0.089 0.018 
317 TMA-ZAIN-G-    (0)    2 :  0.021 0.004 0.009 0.036 0.007 0.912 0.012 
318 TMA-ZAIN-G-    (9)    2 :  0.437 0.010 0.008 0.348 0.008 0.140 0.050 
319 TMA-ZAIN-G-    (0)    3 :  0.088 0.004 0.008 0.021 0.231 0.638 0.012 
320 TMA-ZAIN-G-    (0)    3 :  0.009 0.035 0.422 0.006 0.052 0.470 0.006 
321 TMA-ZAIN-G-    (0)    4 :  0.108 0.041 0.432 0.078 0.192 0.135 0.014 
322 TMA-ZAIN-G-    (0)    4 :  0.007 0.052 0.270 0.061 0.059 0.472 0.079 
323 TMA-ZAIN-G-    (0)    5 :  0.014 0.016 0.009 0.007 0.044 0.899 0.012 
324 TMA-ZAIN-G-    (0)    5 :  0.004 0.022 0.870 0.009 0.053 0.009 0.034 
325 TMA-ZAIN-G-    (0)    5 :  0.049 0.006 0.011 0.005 0.012 0.911 0.007 
326 TMA-ZAIN-G-    (0)    5 :  0.004 0.008 0.013 0.003 0.311 0.627 0.035 
327 TMA-ZAIN-G-    (0)    5 :  0.003 0.012 0.005 0.003 0.960 0.004 0.013 
328 TMA-ZAIN-G-    (0)    5 :  0.101 0.265 0.019 0.284 0.117 0.197 0.016 
329 TMA-ZAIN-G-    (0)    5 :  0.009 0.110 0.448 0.005 0.370 0.015 0.044 
330 TMA-ZAIN-G-    (0)    6 :  0.003 0.108 0.159 0.004 0.667 0.013 0.046 
331 TMA-ZAIN-G-    (0)    6 :  0.063 0.011 0.439 0.027 0.236 0.058 0.167 
332 TMA-ZAIN-G-    (0)    6 :  0.002 0.008 0.017 0.002 0.961 0.005 0.004 
333 TMA-ZAIN-G-    (0)    6 :  0.002 0.004 0.004 0.003 0.976 0.004 0.006 
334 TMA-ZAIN-G-    (0)    6 :  0.961 0.003 0.004 0.011 0.003 0.011 0.007 
335 TMA-ZAIN-G-    (0)    6 :  0.974 0.006 0.004 0.004 0.004 0.005 0.004 
336 TMA-ZAIN-G-    (0)    6 :  0.932 0.006 0.009 0.013 0.007 0.018 0.014 
337 TMA-ZAIN-G-    (9)    6 :  0.876 0.004 0.007 0.069 0.004 0.031 0.007 
338 TMA-ZAIN-G-    (0)    6 :  0.940 0.003 0.004 0.033 0.003 0.010 0.007 
339 TMA-ZAIN-G-    (0)    6 :  0.972 0.002 0.002 0.013 0.002 0.005 0.003 
340 TMA-ZAIN-G-    (0)    6 :  0.977 0.003 0.003 0.007 0.002 0.005 0.003 
341 TMA-ZAIN-G-    (0)    6 :  0.971 0.004 0.004 0.008 0.004 0.005 0.003 
342 TMA-ZAIN-G-    (0)    6 :  0.968 0.004 0.005 0.007 0.004 0.007 0.005 
343 TMA-ZAIN-G-    (0)    7 :  0.956 0.002 0.003 0.026 0.004 0.006 0.003 
344 TMA-ZAIN-G-    (0)    7 :  0.962 0.003 0.005 0.007 0.006 0.012 0.005 
345 TMA-ZAIN-G-    (0)    7 :  0.979 0.003 0.003 0.004 0.003 0.004 0.004 
346 TMA-ZAIN-G-    (0)    7 :  0.933 0.003 0.006 0.029 0.009 0.015 0.004 
347 TMA-ZAIN-G-    (9)    7 :  0.973 0.003 0.003 0.008 0.003 0.006 0.003 
348 TMA-ZAIN-G-    (0)    7 :  0.940 0.004 0.005 0.020 0.005 0.016 0.009 
349 TMA-ZAIN-G-    (0)    7 :  0.963 0.003 0.004 0.014 0.003 0.008 0.005 
350 TMA-ZAIN-G-    (0)    7 :  0.876 0.005 0.007 0.028 0.008 0.071 0.005 
351 TMA-ZAIN-G-    (0)    7 :  0.970 0.004 0.003 0.007 0.003 0.007 0.005 
352 TMA-ZAIN-G-    (0)    7 :  0.960 0.006 0.008 0.008 0.004 0.007 0.007 
353 TMA-ZAIN-G-    (0)    7 :  0.906 0.003 0.008 0.040 0.013 0.025 0.006 
354 TMA-ZAIN-G-    (0)    7 :  0.964 0.002 0.005 0.007 0.007 0.011 0.003 
355 TMA-ZAIN-G-    (0)    7 :  0.954 0.004 0.010 0.011 0.011 0.008 0.003 
356 TMA-ZAIN-G-    (0)    8 :  0.002 0.139 0.819 0.004 0.003 0.014 0.020 
357 TMA-ZAIN-G-    (0)    8 :  0.004 0.080 0.450 0.015 0.427 0.010 0.015 
358 TMA-ZAIN-G-    (0)    8 :  0.030 0.265 0.288 0.073 0.266 0.048 0.031 
359 TMA-ZAIN-G-    (0)    8 :  0.022 0.373 0.424 0.013 0.006 0.054 0.108 
360 TMA-ZAIN-G-    (0)    8 :  0.003 0.022 0.957 0.003 0.006 0.004 0.005 
361 TMA-ZAIN-G-    (0)    8 :  0.004 0.030 0.244 0.013 0.686 0.011 0.012 
362 TMA-ZAIN-G-    (0)    8 :  0.012 0.010 0.957 0.005 0.004 0.008 0.004 
363 TMA-ZAIN-G-    (0)    9 :  0.014 0.022 0.371 0.005 0.524 0.044 0.020 
364 TMA-ZAIN-G-    (0)    9 :  0.016 0.014 0.021 0.197 0.017 0.717 0.019 
365 TMA-ZAIN-G-    (0)    9 :  0.155 0.042 0.680 0.013 0.026 0.079 0.005 
366 TMA-ZAIN-G-    (0)    9 :  0.006 0.175 0.783 0.004 0.008 0.005 0.018 
367 TMA-ZAIN-G-    (0)    9 :  0.006 0.009 0.090 0.129 0.652 0.022 0.093 
368 TMA-ZAIN-G-    (0)    9 :  0.004 0.149 0.801 0.006 0.018 0.006 0.015 
369 TMA-ZAIN-G-    (0)    9 :  0.003 0.046 0.038 0.003 0.901 0.005 0.005 
370 TMA-ZAIN-G-    (0)    9 :  0.004 0.017 0.210 0.008 0.748 0.008 0.005 
371 TMA-ZAIN-G-    (0)    9 :  0.003 0.025 0.950 0.005 0.008 0.004 0.005 
372 TMA-ZAIN-G-    (0)    9 :  0.003 0.020 0.951 0.004 0.012 0.004 0.006 
373 TMA-ZAIN-G-    (0)    9 :  0.003 0.004 0.004 0.003 0.977 0.005 0.004 
374 TMA-ZAIN-G-    (0)   10 :  0.008 0.006 0.060 0.306 0.377 0.066 0.177 
375 TMA-ZAIN-G-    (0)   10 :  0.008 0.010 0.025 0.038 0.183 0.728 0.007 
376 TMA-ZAIN-G-    (9)   10 :  0.003 0.004 0.973 0.005 0.007 0.004 0.003 
377 TMA-ZAIN-G-    (0)   10 :  0.002 0.015 0.965 0.003 0.008 0.003 0.005 
378 TMA-ZAIN-G-    (0)   10 :  0.002 0.012 0.966 0.004 0.009 0.003 0.004 
379 TMA-ZAIN-G-    (0)   10 :  0.002 0.017 0.956 0.004 0.010 0.003 0.009 
380 TMA-ZAIN-G-    (0)   10 :  0.003 0.059 0.912 0.003 0.012 0.004 0.007 
381 TMA-ZAIN-G-    (9)   10 :  0.011 0.136 0.120 0.010 0.035 0.599 0.089 
382 TMA-ZAIN-G-    (9)   10 :  0.065 0.003 0.008 0.661 0.011 0.241 0.009 
383    ZFB01    (0)   11 :  0.009 0.004 0.005 0.972 0.003 0.004 0.004 
384    ZFB02    (0)   11 :  0.040 0.003 0.004 0.938 0.003 0.005 0.008 
385    ZFB03    (0)   11 :  0.004 0.003 0.005 0.966 0.006 0.011 0.005 
386    ZFB04    (0)   11 :  0.034 0.003 0.004 0.945 0.003 0.005 0.006 
387    ZFB05    (0)   11 :  0.112 0.011 0.003 0.807 0.008 0.047 0.011 
388    ZFB06    (0)   11 :  0.049 0.012 0.003 0.886 0.008 0.033 0.008 
389    ZFB07    (9)   11 :  0.010 0.004 0.009 0.954 0.007 0.012 0.005 
390    ZFB08    (0)   11 :  0.006 0.006 0.007 0.962 0.005 0.008 0.007 
391    ZFB09    (0)   11 :  0.005 0.003 0.003 0.978 0.003 0.005 0.003 
392    ZFB10    (0)   11 :  0.010 0.007 0.019 0.949 0.005 0.005 0.007 
393    ZFB11    (0)   11 :  0.016 0.004 0.010 0.953 0.004 0.004 0.009 
394    ZFB12    (0)   11 :  0.038 0.004 0.009 0.918 0.008 0.019 0.005 
395    ZFB13    (0)   11 :  0.007 0.006 0.009 0.956 0.005 0.012 0.005 
396    ZFB14    (0)   11 :  0.004 0.003 0.006 0.973 0.004 0.005 0.005 
397    ZFB15    (0)   11 :  0.015 0.002 0.003 0.969 0.003 0.004 0.003 
398    ZFB16    (0)   11 :  0.015 0.004 0.006 0.957 0.005 0.009 0.004 
399    ZFB17    (0)   11 :  0.030 0.013 0.012 0.883 0.009 0.023 0.029 
400    ZFB18    (0)   11 :  0.004 0.003 0.004 0.978 0.003 0.004 0.004 
401    ZFB19    (0)   11 :  0.008 0.011 0.033 0.916 0.011 0.017 0.005 
402    ZFB20    (0)   11 :  0.043 0.004 0.006 0.932 0.004 0.007 0.004 
403    ZFB21    (0)   11 :  0.012 0.002 0.003 0.970 0.003 0.006 0.004 
404    ZFB22    (0)   11 :  0.085 0.014 0.013 0.860 0.008 0.012 0.009 
405    ZFB23    (0)   11 :  0.026 0.004 0.009 0.943 0.005 0.006 0.006 
406    ZFB24    (0)   11 :  0.037 0.004 0.010 0.933 0.004 0.005 0.008 
407    ZFB25    (0)   11 :  0.006 0.005 0.027 0.948 0.006 0.004 0.004 
408    ZFB26    (0)   11 :  0.060 0.005 0.026 0.885 0.007 0.007 0.010 
409    ZFB27    (0)   11 :  0.079 0.003 0.010 0.894 0.004 0.004 0.005 
410    ZFB28    (0)   11 :  0.104 0.003 0.009 0.832 0.008 0.033 0.012 
411    ZFB29    (0)   11 :  0.018 0.003 0.004 0.958 0.003 0.006 0.009 
412    ZFB30    (0)   11 :  0.142 0.014 0.007 0.781 0.012 0.040 0.006 
413    ZFB31    (0)   11 :  0.007 0.005 0.015 0.959 0.006 0.004 0.005 
414    ZFB32    (0)   11 :  0.059 0.005 0.018 0.826 0.014 0.045 0.033 
415    ZFB33    (0)   11 :  0.012 0.003 0.004 0.971 0.003 0.004 0.003 
416    ZFB34    (0)   11 :  0.004 0.003 0.004 0.977 0.003 0.005 0.005 
417    ZFB35    (0)   11 :  0.010 0.004 0.007 0.964 0.004 0.005 0.006 
418  ZFBP101    (0)   12 :  0.008 0.074 0.538 0.013 0.206 0.012 0.149 
419  ZFBP102    (0)   12 :  0.010 0.020 0.860 0.015 0.061 0.014 0.020 
420  ZFBP103    (0)   12 :  0.007 0.018 0.297 0.009 0.432 0.009 0.229 
421  ZFBP104    (0)   12 :  0.017 0.011 0.693 0.042 0.192 0.041 0.004 
422  ZFBP105    (0)   12 :  0.005 0.006 0.893 0.006 0.079 0.006 0.006 
423  ZFBP106    (0)   12 :  0.003 0.015 0.909 0.004 0.056 0.005 0.009 
424  ZFBP107    (0)   12 :  0.011 0.006 0.805 0.006 0.154 0.011 0.007 
425  ZFBP108    (0)   12 :  0.003 0.005 0.974 0.003 0.008 0.003 0.003 
426  ZFBP109    (0)   12 :  0.002 0.007 0.974 0.004 0.007 0.003 0.004 
427  ZFBP110    (0)   12 :  0.008 0.007 0.538 0.048 0.320 0.038 0.042 
428  ZFBP111    (0)   12 :  0.003 0.168 0.764 0.003 0.051 0.005 0.005 
429  ZFBP112    (0)   12 :  0.006 0.071 0.875 0.004 0.023 0.005 0.016 
430  ZFBP113    (0)   12 :  0.004 0.005 0.973 0.004 0.007 0.004 0.004 
431  ZFBP114    (0)   12 :  0.004 0.008 0.948 0.004 0.026 0.005 0.005 
432  ZFBP115    (0)   12 :  0.004 0.020 0.253 0.003 0.704 0.006 0.010 
433  ZFBP116    (0)   12 :  0.004 0.007 0.963 0.003 0.014 0.005 0.005 
434  ZFBP117    (0)   12 :  0.002 0.008 0.966 0.003 0.009 0.004 0.006 
435  ZFBP118    (0)   12 :  0.005 0.010 0.951 0.003 0.022 0.005 0.004 
436  ZFBP119    (0)   12 :  0.003 0.023 0.765 0.004 0.172 0.008 0.026 
437  ZFBP120    (0)   12 :  0.006 0.006 0.905 0.006 0.067 0.006 0.004 
438  ZFBP121    (0)   12 :  0.003 0.005 0.962 0.006 0.012 0.004 0.007 
439  ZFBP122    (9)   12 :  0.003 0.015 0.954 0.003 0.014 0.005 0.005 
440  ZFBP123    (0)   12 :  0.007 0.024 0.934 0.004 0.009 0.006 0.016 
441  ZFBP124    (0)   12 :  0.004 0.005 0.967 0.007 0.007 0.004 0.006 
442  ZFBP125    (0)   12 :  0.003 0.016 0.953 0.003 0.015 0.004 0.006 
443  ZFBP126    (0)   12 :  0.009 0.008 0.923 0.010 0.008 0.016 0.027 
444  ZFBP127    (0)   12 :  0.003 0.005 0.931 0.003 0.042 0.004 0.012 
445  ZFBP128    (0)   12 :  0.002 0.035 0.917 0.004 0.023 0.003 0.016 
446  ZFBP129    (0)   12 :  0.003 0.026 0.949 0.004 0.006 0.005 0.008 
447  ZFBP130    (0)   12 :  0.003 0.090 0.852 0.002 0.026 0.005 0.021 
448  ZFBP131    (0)   12 :  0.004 0.006 0.975 0.003 0.004 0.004 0.004 
449  ZFBP132    (0)   12 :  0.003 0.004 0.971 0.004 0.011 0.004 0.004 
450  ZFBP133    (0)   12 :  0.002 0.258 0.721 0.003 0.005 0.003 0.007 
451  ZFBP134    (0)   12 :  0.004 0.022 0.734 0.004 0.197 0.005 0.035 
452  ZFBP135    (0)   12 :  0.005 0.019 0.637 0.017 0.070 0.009 0.244 
453  ZFBP136    (0)   12 :  0.008 0.083 0.623 0.005 0.112 0.006 0.163 
454  ZFBP201    (0)   13 :  0.006 0.006 0.961 0.005 0.011 0.006 0.005 
455  ZFBP202    (0)   13 :  0.003 0.009 0.959 0.006 0.015 0.004 0.004 
456  ZFBP203    (0)   13 :  0.027 0.020 0.912 0.005 0.008 0.021 0.007 
457  ZFBP204    (0)   13 :  0.005 0.032 0.831 0.005 0.101 0.008 0.019 
458  ZFBP205    (0)   13 :  0.004 0.014 0.959 0.003 0.005 0.004 0.010 
459  ZFBP206    (0)   13 :  0.007 0.145 0.810 0.006 0.007 0.007 0.019 
460  ZFBP207    (0)   13 :  0.004 0.011 0.679 0.006 0.281 0.005 0.014 
461  ZFBP208    (0)   13 :  0.012 0.012 0.948 0.004 0.006 0.009 0.009 
462  ZFBP209    (0)   13 :  0.002 0.083 0.898 0.003 0.005 0.003 0.007 
463  ZFBP210    (0)   13 :  0.008 0.017 0.946 0.005 0.010 0.007 0.006 
464  ZFBP211    (0)   13 :  0.004 0.005 0.969 0.005 0.009 0.005 0.004 
465  ZFBP212    (0)   13 :  0.004 0.006 0.918 0.006 0.059 0.004 0.003 
466  ZFBP213    (0)   13 :  0.005 0.016 0.937 0.008 0.010 0.007 0.017 
467  ZFBP214    (0)   13 :  0.004 0.107 0.771 0.014 0.039 0.018 0.047 
468  ZFBP215    (0)   13 :  0.003 0.009 0.968 0.004 0.007 0.004 0.006 
469  ZFBP216    (0)   13 :  0.007 0.007 0.948 0.004 0.017 0.012 0.006 
470  ZFBP217    (0)   13 :  0.003 0.141 0.793 0.006 0.042 0.007 0.006 
471  ZFBP218    (0)   13 :  0.003 0.013 0.968 0.003 0.006 0.004 0.003 
472  ZFBP219    (0)   13 :  0.004 0.006 0.974 0.003 0.006 0.004 0.003 
473  ZFBP220    (0)   13 :  0.004 0.057 0.875 0.002 0.038 0.004 0.020 
474  ZFBP221    (0)   13 :  0.004 0.009 0.934 0.005 0.042 0.004 0.003 
475  ZFBP222    (0)   13 :  0.005 0.012 0.962 0.005 0.004 0.005 0.008 
476  ZFBP223    (0)   13 :  0.005 0.012 0.754 0.010 0.202 0.008 0.009 
477  ZFBP224    (0)   13 :  0.004 0.007 0.965 0.005 0.007 0.006 0.007 
478  ZFBP225    (0)   13 :  0.008 0.387 0.413 0.004 0.162 0.012 0.014 
479  ZFBP226    (0)   13 :  0.005 0.007 0.968 0.003 0.008 0.005 0.004 
