

----------------------------------------------------
STRUCTURE by Pritchard, Stephens and Donnelly (2000)
     and Falush, Stephens and Pritchard (2003)
       Code by Pritchard, Falush and Hubisz
             Version 2.3.4 (Jul 2012)
----------------------------------------------------



Command line arguments:   bin\structure -m C:\Users\eschumacher\Documents\GitHub\GCC_QUAC_ZAIN\Data_Files\Structure_Files\ZAIN\ZAIN_rebinned_allpop_str\50-50\mainparams -e C:\Users\eschumacher\Documents\GitHub\GCC_QUAC_ZAIN\Data_Files\Structure_Files\ZAIN\ZAIN_rebinned_allpop_str\50-50\extraparams 
Input File:    C:\Users\eschumacher\Documents\GitHub\GCC_QUAC_ZAIN\Data_Files\Structure_Files\ZAIN\ZAIN_rebinned_allpop_str\project_data

Run parameters:
   1133 individuals
   11 loci
   4 populations assumed
   50000 Burn-in period
   50000 Reps


--------------------------------------------
Proportion of membership of each pre-defined
 population in each of the 4 clusters

Given    Inferred Clusters              Number of
 Pop       1      2      3      4      Individuals

  1:     0.470  0.188  0.189  0.153      303
  2:     0.438  0.105  0.189  0.267       15
  3:     0.265  0.602  0.021  0.112        2
  4:     0.538  0.268  0.140  0.054        2
  5:     0.310  0.385  0.062  0.243        7
  6:     0.197  0.023  0.678  0.102       13
  7:     0.005  0.043  0.948  0.005       13
  8:     0.948  0.020  0.013  0.019        7
  9:     0.748  0.040  0.075  0.136       11
 10:     0.592  0.191  0.126  0.091        9
 11:     0.013  0.025  0.954  0.008       35
 12:     0.949  0.008  0.008  0.035       36
 13:     0.970  0.010  0.007  0.013       33
 14:     0.018  0.012  0.023  0.948       40
 15:     0.105  0.006  0.005  0.884       39
 16:     0.081  0.610  0.264  0.045       40
 17:     0.020  0.843  0.107  0.031       37
 18:     0.981  0.004  0.006  0.008       40
 19:     0.009  0.008  0.938  0.044       28
 20:     0.026  0.168  0.076  0.731       14
 21:     0.007  0.970  0.013  0.010       13
 22:     0.783  0.005  0.005  0.207       14
 23:     0.975  0.008  0.006  0.010       25
 24:     0.940  0.022  0.008  0.029       40
 25:     0.027  0.028  0.042  0.903       32
 26:     0.005  0.983  0.007  0.005       20
 27:     0.017  0.141  0.828  0.014        4
 28:     0.025  0.010  0.954  0.012       23
 29:     0.008  0.013  0.969  0.010       39
 30:     0.005  0.015  0.975  0.005       38
 31:     0.844  0.009  0.006  0.142       45
 32:     0.880  0.013  0.005  0.101       28
 33:     0.008  0.029  0.949  0.015        6
 34:     0.071  0.782  0.091  0.055       40
 35:     0.031  0.918  0.037  0.014       42
--------------------------------------------

Allele-freq. divergence among pops (Net nucleotide distance),
computed using point estimates of P.

      1       2       3       4      
 1      -    0.1383  0.1996  0.1081  
 2   0.1383     -    0.0705  0.1062  
 3   0.1996  0.0705     -    0.1532  
 4   0.1081  0.1062  0.1532     -    

Average distances (expected heterozygosity) between individuals in same cluster:
cluster  1  : 0.4565 
cluster  2  : 0.5640 
cluster  3  : 0.5071 
cluster  4  : 0.4481 

--------------------------------------------
Estimated Ln Prob of Data   = -23587.7
Mean value of ln likelihood = -23295.3
Variance of ln likelihood   = 584.8
Mean value of alpha         = 0.0373

Mean value of Fst_1         = 0.2668
Mean value of Fst_2         = 0.1401
Mean value of Fst_3         = 0.3097
Mean value of Fst_4         = 0.3415


Inferred ancestry of individuals:
        Label (%Miss) Pop:  Inferred clusters
  1 TMA-ZAIN-G-    (9)    1 :  0.054 0.052 0.791 0.103 
  2 TMA-ZAIN-G-    (0)    1 :  0.243 0.025 0.675 0.056 
  3 TMA-ZAIN-G-    (0)    1 :  0.972 0.005 0.005 0.019 
  4 TMA-ZAIN-G-    (0)    1 :  0.158 0.017 0.033 0.793 
  5 TMA-ZAIN-G-    (0)    1 :  0.003 0.005 0.987 0.004 
  6 TMA-ZAIN-G-    (0)    1 :  0.667 0.092 0.056 0.185 
  7 TMA-ZAIN-G-    (0)    1 :  0.889 0.012 0.016 0.083 
  8 TMA-ZAIN-G-    (0)    1 :  0.970 0.004 0.005 0.020 
  9 TMA-ZAIN-G-    (9)    1 :  0.978 0.006 0.008 0.008 
 10 TMA-ZAIN-G-    (0)    1 :  0.976 0.008 0.004 0.013 
 11 TMA-ZAIN-G-    (0)    1 :  0.978 0.008 0.005 0.009 
 12 TMA-ZAIN-G-    (0)    1 :  0.984 0.005 0.004 0.007 
 13 TMA-ZAIN-G-    (9)    1 :  0.814 0.039 0.106 0.042 
 14 TMA-ZAIN-G-    (9)    1 :  0.098 0.012 0.006 0.884 
 15 TMA-ZAIN-G-    (0)    1 :  0.146 0.009 0.005 0.840 
 16 TMA-ZAIN-G-    (0)    1 :  0.984 0.006 0.005 0.005 
 17 TMA-ZAIN-G-    (9)    1 :  0.859 0.022 0.016 0.103 
 18 TMA-ZAIN-G-    (0)    1 :  0.022 0.125 0.767 0.086 
 19 TMA-ZAIN-G-    (0)    1 :  0.042 0.892 0.050 0.016 
 20 TMA-ZAIN-G-    (0)    1 :  0.004 0.936 0.049 0.012 
 21 TMA-ZAIN-G-    (0)    1 :  0.004 0.985 0.007 0.004 
 22 TMA-ZAIN-G-    (0)    1 :  0.003 0.009 0.984 0.004 
 23 TMA-ZAIN-G-    (0)    1 :  0.007 0.043 0.946 0.005 
 24 TMA-ZAIN-G-    (9)    1 :  0.125 0.009 0.837 0.029 
 25 TMA-ZAIN-G-    (9)    1 :  0.066 0.839 0.089 0.006 
 26 TMA-ZAIN-G-    (9)    1 :  0.392 0.088 0.018 0.502 
 27 TMA-ZAIN-G-    (0)    1 :  0.012 0.835 0.055 0.098 
 28 TMA-ZAIN-G-    (0)    1 :  0.018 0.940 0.022 0.020 
 29 TMA-ZAIN-G-    (0)    1 :  0.517 0.341 0.004 0.138 
 30 TMA-ZAIN-G-    (0)    1 :  0.669 0.293 0.006 0.032 
 31 TMA-ZAIN-G-    (0)    1 :  0.008 0.014 0.945 0.033 
 32 TMA-ZAIN-G-    (9)    1 :  0.105 0.018 0.861 0.016 
 33 TMA-ZAIN-G-   (18)    1 :  0.984 0.005 0.005 0.006 
 34 TMA-ZAIN-G-    (0)    1 :  0.741 0.022 0.226 0.011 
 35 TMA-ZAIN-G-    (9)    1 :  0.966 0.007 0.008 0.019 
 36 TMA-ZAIN-G-    (0)    1 :  0.964 0.005 0.005 0.026 
 37 TMA-ZAIN-G-    (9)    1 :  0.966 0.012 0.008 0.013 
 38 TMA-ZAIN-G-   (18)    1 :  0.093 0.043 0.822 0.042 
 39 TMA-ZAIN-G-    (0)    1 :  0.981 0.008 0.004 0.007 
 40 TMA-ZAIN-G-    (0)    1 :  0.986 0.006 0.003 0.006 
 41 TMA-ZAIN-G-    (0)    1 :  0.976 0.005 0.003 0.016 
 42 TMA-ZAIN-G-    (9)    1 :  0.888 0.004 0.003 0.104 
 43 TMA-ZAIN-G-    (0)    1 :  0.020 0.005 0.004 0.972 
 44 TMA-ZAIN-G-    (0)    1 :  0.016 0.971 0.008 0.006 
 45 TMA-ZAIN-G-    (0)    1 :  0.963 0.011 0.006 0.020 
 46 TMA-ZAIN-G-    (0)    1 :  0.003 0.983 0.008 0.005 
 47 TMA-ZAIN-G-    (0)    1 :  0.006 0.009 0.006 0.980 
 48 TMA-ZAIN-G-    (0)    1 :  0.111 0.023 0.011 0.855 
 49 TMA-ZAIN-G-    (9)    1 :  0.059 0.877 0.047 0.018 
 50 TMA-ZAIN-G-    (0)    1 :  0.054 0.930 0.010 0.006 
 51 TMA-ZAIN-G-    (0)    1 :  0.021 0.895 0.007 0.077 
 52 TMA-ZAIN-G-    (0)    1 :  0.018 0.901 0.009 0.072 
 53 TMA-ZAIN-G-    (0)    1 :  0.041 0.497 0.245 0.217 
 54 TMA-ZAIN-G-    (0)    1 :  0.006 0.009 0.008 0.977 
 55 TMA-ZAIN-G-    (0)    1 :  0.008 0.017 0.009 0.967 
 56 TMA-ZAIN-G-    (0)    1 :  0.117 0.059 0.017 0.807 
 57 TMA-ZAIN-G-    (0)    1 :  0.008 0.018 0.010 0.963 
 58 TMA-ZAIN-G-    (0)    1 :  0.038 0.413 0.419 0.130 
 59 TMA-ZAIN-G-    (0)    1 :  0.148 0.061 0.715 0.076 
 60 TMA-ZAIN-G-    (0)    1 :  0.022 0.506 0.311 0.161 
 61 TMA-ZAIN-G-    (0)    1 :  0.004 0.010 0.976 0.009 
 62 TMA-ZAIN-G-    (9)    1 :  0.044 0.061 0.871 0.023 
 63 TMA-ZAIN-G-    (0)    1 :  0.007 0.013 0.956 0.025 
 64 TMA-ZAIN-G-    (0)    1 :  0.983 0.004 0.003 0.011 
 65 TMA-ZAIN-G-    (9)    1 :  0.953 0.004 0.004 0.040 
 66 TMA-ZAIN-G-    (0)    1 :  0.984 0.004 0.003 0.010 
 67 TMA-ZAIN-G-    (0)    1 :  0.974 0.014 0.006 0.006 
 68 TMA-ZAIN-G-    (0)    1 :  0.967 0.003 0.003 0.027 
 69 TMA-ZAIN-G-    (0)    1 :  0.956 0.016 0.014 0.014 
 70 TMA-ZAIN-G-    (0)    1 :  0.982 0.007 0.005 0.006 
 71 TMA-ZAIN-G-    (0)    1 :  0.987 0.005 0.003 0.004 
 72 TMA-ZAIN-G-    (0)    1 :  0.976 0.006 0.005 0.012 
 73 TMA-ZAIN-G-    (0)    1 :  0.882 0.058 0.047 0.013 
 74 TMA-ZAIN-G-    (0)    1 :  0.946 0.029 0.017 0.008 
 75 TMA-ZAIN-G-    (0)    1 :  0.976 0.007 0.006 0.011 
 76 TMA-ZAIN-G-    (0)    1 :  0.913 0.062 0.021 0.004 
 77 TMA-ZAIN-G-    (0)    1 :  0.971 0.014 0.005 0.010 
 78 TMA-ZAIN-G-    (0)    1 :  0.878 0.086 0.021 0.015 
 79 TMA-ZAIN-G-    (0)    1 :  0.911 0.059 0.008 0.023 
 80 TMA-ZAIN-G-    (0)    1 :  0.979 0.008 0.004 0.010 
 81 TMA-ZAIN-G-    (0)    1 :  0.962 0.020 0.006 0.011 
 82 TMA-ZAIN-G-    (0)    1 :  0.982 0.004 0.004 0.009 
 83 TMA-ZAIN-G-    (9)    1 :  0.860 0.042 0.080 0.018 
 84 TMA-ZAIN-G-    (0)    1 :  0.937 0.047 0.009 0.007 
 85 TMA-ZAIN-G-    (0)    1 :  0.028 0.243 0.319 0.410 
 86 TMA-ZAIN-G-    (0)    1 :  0.039 0.549 0.042 0.370 
 87 TMA-ZAIN-G-    (0)    1 :  0.012 0.162 0.748 0.077 
 88 TMA-ZAIN-G-    (0)    1 :  0.158 0.024 0.255 0.563 
 89 TMA-ZAIN-G-    (0)    1 :  0.015 0.012 0.023 0.950 
 90 TMA-ZAIN-G-    (0)    1 :  0.018 0.095 0.026 0.861 
 91 TMA-ZAIN-G-    (0)    1 :  0.014 0.037 0.079 0.870 
 92 TMA-ZAIN-G-    (0)    1 :  0.009 0.169 0.014 0.808 
 93 TMA-ZAIN-G-    (0)    1 :  0.007 0.050 0.061 0.883 
 94 TMA-ZAIN-G-    (0)    1 :  0.008 0.224 0.172 0.597 
 95 TMA-ZAIN-G-    (0)    1 :  0.041 0.905 0.032 0.022 
 96 TMA-ZAIN-G-    (0)    1 :  0.043 0.925 0.007 0.025 
 97 TMA-ZAIN-G-    (0)    1 :  0.009 0.017 0.961 0.014 
 98 TMA-ZAIN-G-    (0)    1 :  0.008 0.006 0.976 0.010 
 99 TMA-ZAIN-G-    (0)    1 :  0.200 0.013 0.779 0.008 
100 TMA-ZAIN-G-    (0)    1 :  0.006 0.042 0.926 0.026 
101 TMA-ZAIN-G-    (0)    1 :  0.016 0.014 0.958 0.012 
102 TMA-ZAIN-G-    (0)    1 :  0.024 0.021 0.938 0.017 
103 TMA-ZAIN-G-    (0)    1 :  0.010 0.011 0.971 0.008 
104 TMA-ZAIN-G-    (0)    1 :  0.005 0.005 0.984 0.006 
105 TMA-ZAIN-G-    (0)    1 :  0.012 0.010 0.968 0.010 
106 TMA-ZAIN-G-    (0)    1 :  0.980 0.005 0.004 0.012 
107 TMA-ZAIN-G-    (0)    1 :  0.985 0.004 0.004 0.007 
108 TMA-ZAIN-G-    (9)    1 :  0.387 0.144 0.322 0.148 
109 TMA-ZAIN-G-    (0)    1 :  0.484 0.047 0.246 0.223 
110 TMA-ZAIN-G-    (0)    1 :  0.514 0.237 0.190 0.059 
111 TMA-ZAIN-G-    (9)    1 :  0.053 0.029 0.903 0.015 
112 TMA-ZAIN-G-    (0)    1 :  0.363 0.244 0.272 0.121 
113 TMA-ZAIN-G-    (0)    1 :  0.025 0.007 0.951 0.018 
114 TMA-ZAIN-G-    (0)    1 :  0.003 0.006 0.987 0.004 
115 TMA-ZAIN-G-    (0)    1 :  0.006 0.006 0.983 0.006 
116 TMA-ZAIN-G-    (0)    1 :  0.979 0.004 0.006 0.011 
117 TMA-ZAIN-G-    (0)    1 :  0.876 0.006 0.006 0.112 
118 TMA-ZAIN-G-    (0)    1 :  0.977 0.005 0.005 0.014 
119 TMA-ZAIN-G-    (0)    1 :  0.964 0.010 0.016 0.010 
120 TMA-ZAIN-G-    (0)    1 :  0.961 0.006 0.008 0.024 
121 TMA-ZAIN-G-    (0)    1 :  0.963 0.005 0.006 0.026 
122 TMA-ZAIN-G-    (0)    1 :  0.959 0.014 0.006 0.021 
123 TMA-ZAIN-G-    (0)    1 :  0.007 0.010 0.971 0.012 
124 TMA-ZAIN-G-    (0)    1 :  0.972 0.007 0.007 0.014 
125 TMA-ZAIN-G-    (0)    1 :  0.333 0.004 0.003 0.660 
126 TMA-ZAIN-G-    (0)    1 :  0.823 0.005 0.005 0.166 
127 TMA-ZAIN-G-    (0)    1 :  0.980 0.004 0.003 0.013 
128 TMA-ZAIN-G-    (0)    1 :  0.977 0.005 0.004 0.013 
129 TMA-ZAIN-G-    (0)    1 :  0.957 0.006 0.008 0.030 
130 TMA-ZAIN-G-    (0)    1 :  0.251 0.005 0.007 0.737 
131 TMA-ZAIN-G-    (0)    1 :  0.959 0.009 0.006 0.026 
132 TMA-ZAIN-G-    (0)    1 :  0.862 0.005 0.004 0.130 
133 TMA-ZAIN-G-    (0)    1 :  0.858 0.015 0.004 0.122 
134 TMA-ZAIN-G-    (0)    1 :  0.767 0.008 0.004 0.221 
135 TMA-ZAIN-G-    (0)    1 :  0.982 0.006 0.004 0.008 
136 TMA-ZAIN-G-    (0)    1 :  0.969 0.005 0.004 0.021 
137 TMA-ZAIN-G-    (0)    1 :  0.979 0.007 0.006 0.008 
138 TMA-ZAIN-G-    (0)    1 :  0.979 0.003 0.004 0.014 
139 TMA-ZAIN-G-    (0)    1 :  0.966 0.005 0.004 0.025 
140 TMA-ZAIN-G-    (0)    1 :  0.985 0.006 0.004 0.005 
141 TMA-ZAIN-G-    (0)    1 :  0.979 0.006 0.006 0.010 
142 TMA-ZAIN-G-    (9)    1 :  0.985 0.005 0.004 0.006 
143 TMA-ZAIN-G-    (0)    1 :  0.984 0.005 0.004 0.007 
144 TMA-ZAIN-G-    (0)    1 :  0.970 0.010 0.005 0.015 
145 TMA-ZAIN-G-    (0)    1 :  0.984 0.004 0.003 0.010 
146 TMA-ZAIN-G-    (0)    1 :  0.987 0.004 0.004 0.005 
147 TMA-ZAIN-G-    (9)    1 :  0.986 0.004 0.004 0.006 
148 TMA-ZAIN-G-    (0)    1 :  0.970 0.004 0.004 0.022 
149 TMA-ZAIN-G-    (0)    1 :  0.880 0.015 0.038 0.066 
150 TMA-ZAIN-G-    (0)    1 :  0.909 0.012 0.039 0.040 
151 TMA-ZAIN-G-    (0)    1 :  0.984 0.004 0.003 0.009 
152 TMA-ZAIN-G-    (0)    1 :  0.984 0.004 0.004 0.009 
153 TMA-ZAIN-G-    (0)    1 :  0.983 0.003 0.004 0.010 
154 TMA-ZAIN-G-    (0)    1 :  0.983 0.004 0.005 0.009 
155 TMA-ZAIN-G-    (0)    1 :  0.985 0.004 0.006 0.005 
156 TMA-ZAIN-G-    (9)    1 :  0.963 0.004 0.006 0.027 
157 TMA-ZAIN-G-    (0)    1 :  0.978 0.004 0.004 0.013 
158 TMA-ZAIN-G-    (0)    1 :  0.984 0.005 0.005 0.007 
159 TMA-ZAIN-G-    (0)    1 :  0.986 0.003 0.004 0.006 
160 TMA-ZAIN-G-    (0)    1 :  0.985 0.003 0.005 0.006 
161 TMA-ZAIN-G-    (0)    1 :  0.980 0.005 0.003 0.012 
162 TMA-ZAIN-G-    (0)    1 :  0.934 0.011 0.036 0.018 
163 TMA-ZAIN-G-    (0)    1 :  0.989 0.003 0.004 0.005 
164 TMA-ZAIN-G-    (0)    1 :  0.980 0.005 0.006 0.009 
165 TMA-ZAIN-G-    (0)    1 :  0.987 0.003 0.005 0.004 
166 TMA-ZAIN-G-    (0)    1 :  0.985 0.004 0.003 0.008 
167 TMA-ZAIN-G-    (0)    1 :  0.978 0.007 0.007 0.009 
168 TMA-ZAIN-G-    (0)    1 :  0.978 0.005 0.005 0.012 
169 TMA-ZAIN-G-    (0)    1 :  0.987 0.004 0.004 0.006 
170 TMA-ZAIN-G-    (0)    1 :  0.958 0.018 0.013 0.011 
171 TMA-ZAIN-G-    (0)    1 :  0.986 0.004 0.004 0.006 
172 TMA-ZAIN-G-    (0)    1 :  0.978 0.008 0.004 0.009 
173 TMA-ZAIN-G-    (0)    1 :  0.974 0.009 0.004 0.013 
174 TMA-ZAIN-G-    (0)    1 :  0.986 0.004 0.003 0.007 
175 TMA-ZAIN-G-    (0)    1 :  0.985 0.004 0.004 0.007 
176 TMA-ZAIN-G-    (0)    1 :  0.986 0.004 0.004 0.006 
177 TMA-ZAIN-G-    (0)    1 :  0.983 0.005 0.004 0.007 
178 TMA-ZAIN-G-    (0)    1 :  0.970 0.009 0.006 0.015 
179 TMA-ZAIN-G-    (0)    1 :  0.984 0.004 0.003 0.009 
180 TMA-ZAIN-G-    (0)    1 :  0.957 0.006 0.004 0.033 
181 TMA-ZAIN-G-    (0)    1 :  0.944 0.005 0.005 0.046 
182 TMA-ZAIN-G-    (0)    1 :  0.724 0.007 0.009 0.260 
183 TMA-ZAIN-G-    (0)    1 :  0.934 0.006 0.005 0.056 
184 TMA-ZAIN-G-    (0)    1 :  0.801 0.016 0.040 0.144 
185 TMA-ZAIN-G-    (0)    1 :  0.858 0.036 0.036 0.070 
186 TMA-ZAIN-G-    (9)    1 :  0.972 0.014 0.005 0.009 
187 TMA-ZAIN-G-    (0)    1 :  0.979 0.006 0.006 0.009 
188 TMA-ZAIN-G-    (0)    1 :  0.983 0.004 0.004 0.009 
189 TMA-ZAIN-G-    (0)    1 :  0.987 0.004 0.003 0.006 
190 TMA-ZAIN-G-    (0)    1 :  0.970 0.007 0.004 0.020 
191 TMA-ZAIN-G-    (0)    1 :  0.933 0.017 0.032 0.017 
192 TMA-ZAIN-G-    (0)    1 :  0.977 0.007 0.005 0.011 
193 TMA-ZAIN-G-    (0)    1 :  0.008 0.005 0.003 0.984 
194 TMA-ZAIN-G-    (0)    1 :  0.013 0.008 0.004 0.975 
195 TMA-ZAIN-G-    (0)    1 :  0.350 0.008 0.004 0.638 
196 TMA-ZAIN-G-    (0)    1 :  0.060 0.005 0.004 0.930 
197 TMA-ZAIN-G-    (0)    1 :  0.026 0.005 0.004 0.965 
198 TMA-ZAIN-G-    (0)    1 :  0.075 0.005 0.004 0.916 
199 TMA-ZAIN-G-    (0)    1 :  0.968 0.009 0.005 0.018 
200 TMA-ZAIN-G-    (0)    1 :  0.004 0.940 0.046 0.011 
201 TMA-ZAIN-G-    (0)    1 :  0.005 0.979 0.011 0.005 
202 TMA-ZAIN-G-    (0)    1 :  0.006 0.979 0.008 0.006 
203 TMA-ZAIN-G-    (0)    1 :  0.121 0.006 0.017 0.856 
204 TMA-ZAIN-G-    (9)    1 :  0.006 0.974 0.009 0.011 
205 TMA-ZAIN-G-    (0)    1 :  0.010 0.975 0.007 0.008 
206 TMA-ZAIN-G-    (9)    1 :  0.007 0.945 0.016 0.032 
207 TMA-ZAIN-G-    (9)    1 :  0.859 0.025 0.020 0.096 
208 TMA-ZAIN-G-    (0)    1 :  0.989 0.004 0.003 0.004 
209 TMA-ZAIN-G-    (0)    1 :  0.787 0.004 0.003 0.206 
210 TMA-ZAIN-G-    (0)    1 :  0.853 0.006 0.004 0.137 
211 TMA-ZAIN-G-    (0)    1 :  0.923 0.022 0.010 0.045 
212 TMA-ZAIN-G-    (0)    1 :  0.966 0.008 0.004 0.022 
213 TMA-ZAIN-G-    (0)    1 :  0.976 0.005 0.005 0.014 
214 TMA-ZAIN-G-    (0)    1 :  0.980 0.004 0.004 0.012 
215 TMA-ZAIN-G-    (0)    1 :  0.746 0.245 0.006 0.004 
216 TMA-ZAIN-G-    (0)    1 :  0.961 0.008 0.004 0.026 
217 TMA-ZAIN-G-    (0)    1 :  0.980 0.004 0.004 0.013 
218 TMA-ZAIN-G-    (0)    1 :  0.015 0.969 0.008 0.008 
219 TMA-ZAIN-G-    (0)    1 :  0.006 0.977 0.006 0.010 
220 TMA-ZAIN-G-    (0)    1 :  0.043 0.752 0.189 0.016 
221 TMA-ZAIN-G-    (0)    1 :  0.007 0.982 0.005 0.006 
222 TMA-ZAIN-G-    (0)    1 :  0.032 0.890 0.054 0.024 
223 TMA-ZAIN-G-    (0)    1 :  0.005 0.977 0.013 0.005 
224 TMA-ZAIN-G-    (0)    1 :  0.016 0.922 0.029 0.033 
225 TMA-ZAIN-G-    (0)    1 :  0.005 0.970 0.018 0.008 
226 TMA-ZAIN-G-    (0)    1 :  0.008 0.961 0.017 0.014 
227 TMA-ZAIN-G-    (0)    1 :  0.008 0.967 0.014 0.011 
228 TMA-ZAIN-G-    (0)    1 :  0.024 0.923 0.043 0.010 
229 TMA-ZAIN-G-    (0)    1 :  0.004 0.954 0.037 0.005 
230 TMA-ZAIN-G-    (0)    1 :  0.144 0.618 0.099 0.140 
231 TMA-ZAIN-G-    (0)    1 :  0.029 0.249 0.699 0.024 
232 TMA-ZAIN-G-    (9)    1 :  0.063 0.132 0.774 0.032 
233 TMA-ZAIN-G-    (0)    1 :  0.032 0.944 0.008 0.017 
234 TMA-ZAIN-G-    (0)    1 :  0.010 0.698 0.260 0.032 
235 TMA-ZAIN-G-    (0)    1 :  0.069 0.568 0.324 0.039 
236 TMA-ZAIN-G-    (0)    1 :  0.015 0.890 0.082 0.013 
237 TMA-ZAIN-G-    (0)    1 :  0.197 0.320 0.426 0.057 
238 TMA-ZAIN-G-    (0)    1 :  0.037 0.873 0.082 0.008 
239 TMA-ZAIN-G-    (0)    1 :  0.013 0.754 0.012 0.221 
240 TMA-ZAIN-G-    (0)    1 :  0.004 0.984 0.007 0.005 
241 TMA-ZAIN-G-    (0)    1 :  0.007 0.979 0.008 0.005 
242 TMA-ZAIN-G-    (0)    1 :  0.007 0.982 0.007 0.004 
243 TMA-ZAIN-G-    (0)    1 :  0.008 0.983 0.005 0.004 
244 TMA-ZAIN-G-    (0)    1 :  0.012 0.976 0.008 0.004 
245 TMA-ZAIN-G-    (9)    1 :  0.004 0.983 0.008 0.004 
246 TMA-ZAIN-G-    (0)    1 :  0.003 0.990 0.004 0.003 
247 TMA-ZAIN-G-    (0)    1 :  0.005 0.988 0.004 0.003 
248 TMA-ZAIN-G-    (0)    1 :  0.006 0.983 0.006 0.005 
249 TMA-ZAIN-G-    (0)    1 :  0.004 0.988 0.004 0.004 
250 TMA-ZAIN-G-    (0)    1 :  0.003 0.990 0.004 0.003 
251 TMA-ZAIN-G-    (0)    1 :  0.005 0.005 0.008 0.982 
252 TMA-ZAIN-G-    (0)    1 :  0.071 0.014 0.004 0.911 
253 TMA-ZAIN-G-    (0)    1 :  0.008 0.005 0.008 0.979 
254 TMA-ZAIN-G-    (9)    1 :  0.025 0.006 0.008 0.961 
255 TMA-ZAIN-G-    (0)    1 :  0.008 0.006 0.054 0.932 
256 TMA-ZAIN-G-    (0)    1 :  0.007 0.006 0.009 0.978 
257 TMA-ZAIN-G-    (0)    1 :  0.003 0.004 0.004 0.988 
258 TMA-ZAIN-G-    (0)    1 :  0.004 0.005 0.004 0.987 
259 TMA-ZAIN-G-    (0)    1 :  0.004 0.008 0.006 0.982 
260 TMA-ZAIN-G-    (0)    1 :  0.004 0.006 0.005 0.984 
261 TMA-ZAIN-G-   (18)    1 :  0.009 0.006 0.006 0.980 
262 TMA-ZAIN-G-    (0)    1 :  0.004 0.005 0.005 0.986 
263 TMA-ZAIN-G-    (0)    1 :  0.004 0.006 0.010 0.980 
264 TMA-ZAIN-G-    (0)    1 :  0.006 0.005 0.012 0.978 
265 TMA-ZAIN-G-    (0)    1 :  0.050 0.363 0.020 0.567 
266 TMA-ZAIN-G-    (0)    1 :  0.016 0.012 0.009 0.964 
267 TMA-ZAIN-G-    (0)    1 :  0.027 0.439 0.272 0.262 
268 TMA-ZAIN-G-    (0)    1 :  0.004 0.006 0.986 0.004 
269 TMA-ZAIN-G-    (0)    1 :  0.005 0.009 0.981 0.005 
270 TMA-ZAIN-G-    (0)    1 :  0.006 0.013 0.976 0.006 
271 TMA-ZAIN-G-    (0)    1 :  0.004 0.008 0.983 0.004 
272 TMA-ZAIN-G-    (0)    1 :  0.006 0.065 0.924 0.005 
273 TMA-ZAIN-G-    (0)    1 :  0.003 0.068 0.925 0.004 
274 TMA-ZAIN-G-    (0)    1 :  0.008 0.016 0.964 0.011 
275 TMA-ZAIN-G-    (0)    1 :  0.004 0.014 0.979 0.003 
276 TMA-ZAIN-G-    (0)    1 :  0.004 0.007 0.986 0.003 
277 TMA-ZAIN-G-    (0)    1 :  0.004 0.024 0.966 0.006 
278 TMA-ZAIN-G-    (0)    1 :  0.004 0.055 0.936 0.005 
279 TMA-ZAIN-G-    (0)    1 :  0.005 0.028 0.963 0.004 
280 TMA-ZAIN-G-    (0)    1 :  0.005 0.042 0.948 0.004 
281 TMA-ZAIN-G-    (0)    1 :  0.004 0.040 0.951 0.005 
282 TMA-ZAIN-G-    (9)    1 :  0.003 0.018 0.974 0.004 
283 TMA-ZAIN-G-    (0)    1 :  0.005 0.064 0.918 0.013 
284 TMA-ZAIN-G-    (0)    1 :  0.007 0.041 0.934 0.018 
285 TMA-ZAIN-G-    (0)    1 :  0.007 0.047 0.935 0.011 
286 TMA-ZAIN-G-    (0)    1 :  0.003 0.013 0.979 0.005 
287 TMA-ZAIN-G-    (0)    1 :  0.005 0.011 0.977 0.006 
288 TMA-ZAIN-G-    (0)    1 :  0.014 0.018 0.954 0.014 
289 TMA-ZAIN-G-    (0)    1 :  0.008 0.015 0.968 0.009 
290 TMA-ZAIN-G-    (0)    1 :  0.006 0.011 0.976 0.007 
291 TMA-ZAIN-G-    (0)    1 :  0.006 0.965 0.019 0.010 
292 TMA-ZAIN-G-    (0)    1 :  0.960 0.019 0.012 0.009 
293 TMA-ZAIN-G-    (0)    1 :  0.961 0.014 0.005 0.020 
294 TMA-ZAIN-G-    (0)    1 :  0.983 0.006 0.004 0.007 
295 TMA-ZAIN-G-    (9)    1 :  0.974 0.012 0.006 0.008 
296 TMA-ZAIN-G-    (0)    1 :  0.959 0.010 0.012 0.019 
297 TMA-ZAIN-G-    (0)    1 :  0.966 0.008 0.007 0.019 
298 TMA-ZAIN-G-    (0)    1 :  0.917 0.026 0.021 0.036 
299 TMA-ZAIN-G-    (0)    1 :  0.980 0.009 0.006 0.005 
300 TMA-ZAIN-G-    (0)    1 :  0.979 0.009 0.004 0.009 
301 TMA-ZAIN-G-    (0)    1 :  0.973 0.010 0.006 0.012 
302 TMA-ZAIN-G-    (9)    1 :  0.981 0.005 0.004 0.010 
303 TMA-ZAIN-G-    (0)    1 :  0.011 0.799 0.029 0.161 
304 TMA-ZAIN-G-    (0)    2 :  0.045 0.008 0.012 0.935 
305 TMA-ZAIN-G-    (0)    2 :  0.978 0.006 0.005 0.011 
306 TMA-ZAIN-G-    (0)    2 :  0.440 0.029 0.190 0.342 
307 TMA-ZAIN-G-    (0)    2 :  0.177 0.009 0.009 0.805 
308 TMA-ZAIN-G-    (0)    2 :  0.007 0.115 0.094 0.784 
309 TMA-ZAIN-G-    (0)    2 :  0.980 0.006 0.005 0.010 
310 TMA-ZAIN-G-    (0)    2 :  0.945 0.029 0.012 0.014 
311 TMA-ZAIN-G-    (0)    2 :  0.859 0.017 0.041 0.083 
312 TMA-ZAIN-G-    (0)    2 :  0.940 0.020 0.008 0.032 
313 TMA-ZAIN-G-    (0)    2 :  0.113 0.005 0.012 0.870 
314 TMA-ZAIN-G-    (0)    2 :  0.036 0.054 0.864 0.046 
315 TMA-ZAIN-G-    (0)    2 :  0.549 0.119 0.314 0.019 
316 TMA-ZAIN-G-    (0)    2 :  0.478 0.150 0.356 0.016 
317 TMA-ZAIN-G-    (0)    2 :  0.012 0.911 0.060 0.016 
318 TMA-ZAIN-G-    (9)    2 :  0.010 0.102 0.861 0.027 
319 TMA-ZAIN-G-    (0)    3 :  0.013 0.737 0.035 0.215 
320 TMA-ZAIN-G-    (0)    3 :  0.517 0.467 0.007 0.009 
321 TMA-ZAIN-G-    (0)    4 :  0.673 0.118 0.194 0.014 
322 TMA-ZAIN-G-    (0)    4 :  0.403 0.417 0.086 0.094 
323 TMA-ZAIN-G-    (0)    5 :  0.042 0.906 0.009 0.044 
324 TMA-ZAIN-G-    (0)    5 :  0.884 0.008 0.006 0.102 
325 TMA-ZAIN-G-    (0)    5 :  0.006 0.984 0.005 0.006 
326 TMA-ZAIN-G-    (0)    5 :  0.036 0.625 0.003 0.335 
327 TMA-ZAIN-G-    (0)    5 :  0.027 0.005 0.004 0.964 
328 TMA-ZAIN-G-    (0)    5 :  0.244 0.152 0.405 0.199 
329 TMA-ZAIN-G-    (0)    5 :  0.928 0.013 0.005 0.054 
330 TMA-ZAIN-G-    (0)    6 :  0.897 0.006 0.004 0.093 
331 TMA-ZAIN-G-    (0)    6 :  0.673 0.113 0.059 0.156 
332 TMA-ZAIN-G-    (0)    6 :  0.928 0.005 0.003 0.064 
333 TMA-ZAIN-G-    (0)    6 :  0.024 0.006 0.004 0.965 
334 TMA-ZAIN-G-    (0)    6 :  0.004 0.031 0.960 0.005 
335 TMA-ZAIN-G-    (0)    6 :  0.006 0.018 0.972 0.004 
336 TMA-ZAIN-G-    (0)    6 :  0.008 0.051 0.931 0.009 
337 TMA-ZAIN-G-    (9)    6 :  0.006 0.017 0.973 0.005 
338 TMA-ZAIN-G-    (0)    6 :  0.003 0.006 0.987 0.004 
339 TMA-ZAIN-G-    (0)    6 :  0.003 0.009 0.986 0.003 
340 TMA-ZAIN-G-    (0)    6 :  0.004 0.013 0.979 0.004 
341 TMA-ZAIN-G-    (0)    6 :  0.005 0.008 0.983 0.004 
342 TMA-ZAIN-G-    (0)    6 :  0.005 0.021 0.969 0.005 
343 TMA-ZAIN-G-    (0)    7 :  0.003 0.007 0.986 0.003 
344 TMA-ZAIN-G-    (0)    7 :  0.005 0.044 0.946 0.005 
345 TMA-ZAIN-G-    (0)    7 :  0.003 0.015 0.978 0.004 
346 TMA-ZAIN-G-    (0)    7 :  0.003 0.016 0.977 0.004 
347 TMA-ZAIN-G-    (9)    7 :  0.004 0.017 0.975 0.004 
348 TMA-ZAIN-G-    (0)    7 :  0.005 0.060 0.928 0.006 
349 TMA-ZAIN-G-    (0)    7 :  0.004 0.017 0.976 0.004 
350 TMA-ZAIN-G-    (0)    7 :  0.007 0.226 0.762 0.006 
351 TMA-ZAIN-G-    (0)    7 :  0.004 0.027 0.963 0.005 
352 TMA-ZAIN-G-    (0)    7 :  0.006 0.013 0.976 0.005 
353 TMA-ZAIN-G-    (0)    7 :  0.006 0.079 0.909 0.006 
354 TMA-ZAIN-G-    (0)    7 :  0.005 0.018 0.973 0.003 
355 TMA-ZAIN-G-    (0)    7 :  0.007 0.016 0.972 0.005 
356 TMA-ZAIN-G-    (0)    8 :  0.967 0.014 0.004 0.015 
357 TMA-ZAIN-G-    (0)    8 :  0.954 0.007 0.006 0.033 
358 TMA-ZAIN-G-    (0)    8 :  0.887 0.023 0.055 0.035 
359 TMA-ZAIN-G-    (0)    8 :  0.919 0.060 0.008 0.013 
360 TMA-ZAIN-G-    (0)    8 :  0.986 0.006 0.004 0.005 
361 TMA-ZAIN-G-    (0)    8 :  0.957 0.008 0.008 0.026 
362 TMA-ZAIN-G-    (0)    8 :  0.969 0.019 0.007 0.004 
363 TMA-ZAIN-G-    (0)    9 :  0.894 0.028 0.007 0.071 
364 TMA-ZAIN-G-    (0)    9 :  0.055 0.334 0.557 0.054 
365 TMA-ZAIN-G-    (0)    9 :  0.771 0.027 0.195 0.007 
366 TMA-ZAIN-G-    (0)    9 :  0.973 0.008 0.005 0.014 
367 TMA-ZAIN-G-    (0)    9 :  0.466 0.010 0.036 0.488 
368 TMA-ZAIN-G-    (0)    9 :  0.976 0.006 0.005 0.014 
369 TMA-ZAIN-G-    (0)    9 :  0.979 0.005 0.003 0.013 
370 TMA-ZAIN-G-    (0)    9 :  0.977 0.006 0.005 0.012 
371 TMA-ZAIN-G-    (0)    9 :  0.985 0.004 0.005 0.006 
372 TMA-ZAIN-G-    (0)    9 :  0.984 0.004 0.004 0.007 
373 TMA-ZAIN-G-    (0)    9 :  0.169 0.012 0.005 0.814 
374 TMA-ZAIN-G-    (0)   10 :  0.073 0.032 0.235 0.659 
375 TMA-ZAIN-G-    (0)   10 :  0.193 0.734 0.035 0.038 
376 TMA-ZAIN-G-    (9)   10 :  0.987 0.004 0.005 0.004 
377 TMA-ZAIN-G-    (0)   10 :  0.989 0.003 0.003 0.005 
378 TMA-ZAIN-G-    (0)   10 :  0.987 0.003 0.004 0.006 
379 TMA-ZAIN-G-    (0)   10 :  0.985 0.003 0.004 0.008 
380 TMA-ZAIN-G-    (0)   10 :  0.985 0.005 0.003 0.006 
381 TMA-ZAIN-G-    (9)   10 :  0.119 0.784 0.012 0.085 
382 TMA-ZAIN-G-    (9)   10 :  0.009 0.147 0.835 0.009 
383    ZFB01    (0)   11 :  0.007 0.006 0.982 0.005 
384    ZFB02    (0)   11 :  0.004 0.009 0.981 0.005 
385    ZFB03    (0)   11 :  0.007 0.008 0.973 0.012 
386    ZFB04    (0)   11 :  0.006 0.012 0.977 0.004 
387    ZFB05    (0)   11 :  0.008 0.072 0.894 0.025 
388    ZFB06    (0)   11 :  0.009 0.058 0.915 0.018 
389    ZFB07    (9)   11 :  0.013 0.037 0.942 0.007 
390    ZFB08    (0)   11 :  0.007 0.006 0.979 0.007 
391    ZFB09    (0)   11 :  0.004 0.005 0.987 0.004 
392    ZFB10    (0)   11 :  0.024 0.008 0.961 0.006 
393    ZFB11    (0)   11 :  0.013 0.008 0.973 0.006 
394    ZFB12    (0)   11 :  0.006 0.007 0.983 0.005 
395    ZFB13    (0)   11 :  0.008 0.006 0.981 0.005 
396    ZFB14    (0)   11 :  0.007 0.005 0.983 0.006 
397    ZFB15    (0)   11 :  0.004 0.006 0.986 0.003 
398    ZFB16    (0)   11 :  0.005 0.007 0.984 0.004 
399    ZFB17    (0)   11 :  0.020 0.047 0.917 0.017 
400    ZFB18    (0)   11 :  0.006 0.005 0.984 0.005 
401    ZFB19    (0)   11 :  0.033 0.023 0.938 0.006 
402    ZFB20    (0)   11 :  0.005 0.009 0.983 0.003 
403    ZFB21    (0)   11 :  0.003 0.006 0.986 0.004 
404    ZFB22    (0)   11 :  0.025 0.028 0.937 0.010 
405    ZFB23    (0)   11 :  0.014 0.015 0.963 0.009 
406    ZFB24    (0)   11 :  0.010 0.010 0.975 0.005 
407    ZFB25    (0)   11 :  0.060 0.008 0.926 0.006 
408    ZFB26    (0)   11 :  0.041 0.030 0.921 0.008 
409    ZFB27    (0)   11 :  0.015 0.016 0.964 0.005 
410    ZFB28    (0)   11 :  0.007 0.022 0.959 0.011 
411    ZFB29    (0)   11 :  0.004 0.008 0.983 0.005 
412    ZFB30    (0)   11 :  0.016 0.332 0.641 0.011 
413    ZFB31    (0)   11 :  0.028 0.007 0.959 0.006 
414    ZFB32    (0)   11 :  0.013 0.020 0.938 0.028 
415    ZFB33    (0)   11 :  0.005 0.006 0.985 0.004 
416    ZFB34    (0)   11 :  0.005 0.005 0.984 0.006 
417    ZFB35    (0)   11 :  0.010 0.008 0.975 0.007 
418  ZFBP101    (0)   12 :  0.870 0.010 0.012 0.109 
419  ZFBP102    (0)   12 :  0.954 0.010 0.017 0.018 
420  ZFBP103    (0)   12 :  0.669 0.007 0.007 0.317 
421  ZFBP104    (0)   12 :  0.899 0.043 0.051 0.006 
422  ZFBP105    (0)   12 :  0.978 0.006 0.008 0.008 
423  ZFBP106    (0)   12 :  0.980 0.005 0.004 0.011 
424  ZFBP107    (0)   12 :  0.964 0.017 0.009 0.010 
425  ZFBP108    (0)   12 :  0.988 0.004 0.004 0.004 
426  ZFBP109    (0)   12 :  0.988 0.003 0.004 0.004 
427  ZFBP110    (0)   12 :  0.721 0.017 0.020 0.243 
428  ZFBP111    (0)   12 :  0.986 0.004 0.003 0.006 
429  ZFBP112    (0)   12 :  0.978 0.007 0.005 0.010 
430  ZFBP113    (0)   12 :  0.986 0.005 0.005 0.004 
431  ZFBP114    (0)   12 :  0.982 0.006 0.004 0.007 
432  ZFBP115    (0)   12 :  0.973 0.006 0.003 0.018 
433  ZFBP116    (0)   12 :  0.984 0.006 0.003 0.006 
434  ZFBP117    (0)   12 :  0.985 0.004 0.003 0.008 
435  ZFBP118    (0)   12 :  0.983 0.008 0.004 0.006 
436  ZFBP119    (0)   12 :  0.966 0.006 0.004 0.024 
437  ZFBP120    (0)   12 :  0.980 0.007 0.007 0.006 
438  ZFBP121    (0)   12 :  0.980 0.004 0.005 0.010 
439  ZFBP122    (9)   12 :  0.984 0.005 0.004 0.006 
440  ZFBP123    (0)   12 :  0.971 0.009 0.005 0.015 
441  ZFBP124    (0)   12 :  0.980 0.005 0.008 0.007 
442  ZFBP125    (0)   12 :  0.985 0.004 0.003 0.008 
443  ZFBP126    (0)   12 :  0.952 0.014 0.016 0.019 
444  ZFBP127    (0)   12 :  0.981 0.004 0.003 0.011 
445  ZFBP128    (0)   12 :  0.984 0.003 0.004 0.008 
446  ZFBP129    (0)   12 :  0.984 0.004 0.004 0.008 
447  ZFBP130    (0)   12 :  0.983 0.005 0.003 0.010 
448  ZFBP131    (0)   12 :  0.986 0.005 0.005 0.004 
449  ZFBP132    (0)   12 :  0.985 0.004 0.004 0.007 
450  ZFBP133    (0)   12 :  0.987 0.003 0.004 0.006 
451  ZFBP134    (0)   12 :  0.971 0.004 0.004 0.021 
452  ZFBP135    (0)   12 :  0.744 0.007 0.017 0.232 
453  ZFBP136    (0)   12 :  0.909 0.008 0.005 0.078 
454  ZFBP201    (0)   13 :  0.973 0.009 0.008 0.010 
455  ZFBP202    (0)   13 :  0.985 0.004 0.005 0.005 
456  ZFBP203    (0)   13 :  0.941 0.040 0.013 0.006 
457  ZFBP204    (0)   13 :  0.961 0.008 0.005 0.026 
458  ZFBP205    (0)   13 :  0.981 0.006 0.004 0.008 
459  ZFBP206    (0)   13 :  0.969 0.009 0.007 0.016 
460  ZFBP207    (0)   13 :  0.961 0.005 0.004 0.030 
461  ZFBP208    (0)   13 :  0.970 0.015 0.006 0.008 
462  ZFBP209    (0)   13 :  0.988 0.003 0.003 0.006 
463  ZFBP210    (0)   13 :  0.977 0.009 0.006 0.008 
464  ZFBP211    (0)   13 :  0.983 0.005 0.005 0.007 
465  ZFBP212    (0)   13 :  0.985 0.004 0.005 0.006 
466  ZFBP213    (0)   13 :  0.965 0.009 0.012 0.015 
467  ZFBP214    (0)   13 :  0.904 0.008 0.007 0.081 
468  ZFBP215    (0)   13 :  0.985 0.004 0.004 0.007 
469  ZFBP216    (0)   13 :  0.975 0.012 0.007 0.007 
470  ZFBP217    (0)   13 :  0.982 0.004 0.004 0.009 
471  ZFBP218    (0)   13 :  0.989 0.004 0.003 0.004 
472  ZFBP219    (0)   13 :  0.987 0.005 0.004 0.004 
473  ZFBP220    (0)   13 :  0.981 0.005 0.003 0.011 
474  ZFBP221    (0)   13 :  0.987 0.004 0.004 0.005 
475  ZFBP222    (0)   13 :  0.979 0.006 0.007 0.008 
476  ZFBP223    (0)   13 :  0.947 0.008 0.006 0.038 
477  ZFBP224    (0)   13 :  0.980 0.006 0.006 0.008 
478  ZFBP225    (0)   13 :  0.974 0.006 0.004 0.016 
479  ZFBP226    (0)   13 :  0.984 0.006 0.005 0.005 
480  ZFBP227    (0)   13 :  0.842 0.101 0.050 0.008 
481  ZFBP228    (0)   13 :  0.975 0.004 0.005 0.016 
482  ZFBP229    (0)   13 :  0.986 0.004 0.003 0.007 
483  ZFBP230    (0)   13 :  0.978 0.005 0.004 0.013 
484  ZFBP231    (0)   13 :  0.981 0.007 0.006 0.007 
485  ZFBP232    (0)   13 :  0.987 0.004 0.004 0.005 
486  ZFBP233    (0)   13 :  0.982 0.006 0.005 0.007 
487   ZFCC01    (0)   14 :  0.005 0.006 0.017 0.972 
488   ZFCC03    (0)   14 :  0.005 0.004 0.005 0.986 
489   ZFCC04    (0)   14 :  0.005 0.006 0.009 0.980 
490   ZFCC05    (0)   14 :  0.007 0.008 0.009 0.977 
491   ZFCC08    (0)   14 :  0.019 0.004 0.006 0.971 
492   ZFCC09    (0)   14 :  0.004 0.004 0.009 0.982 
493   ZFCC10    (0)   14 :  0.005 0.005 0.024 0.966 
494   ZFCC11    (0)   14 :  0.005 0.004 0.007 0.983 
495   ZFCC12    (0)   14 :  0.006 0.013 0.095 0.887 
496   ZFCC13    (0)   14 :  0.012 0.011 0.006 0.971 
497   ZFCC14    (0)   14 :  0.009 0.009 0.018 0.965 
498   ZFCC15    (0)   14 :  0.005 0.010 0.009 0.976 
499   ZFCC16    (0)   14 :  0.005 0.006 0.010 0.978 
500   ZFCC17    (0)   14 :  0.004 0.008 0.012 0.977 
501   ZFCC18    (0)   14 :  0.005 0.005 0.008 0.982 
502   ZFCC19    (0)   14 :  0.004 0.017 0.013 0.966 
503   ZFCC20    (0)   14 :  0.005 0.005 0.006 0.984 
504   ZFCC21    (0)   14 :  0.068 0.029 0.017 0.885 
505   ZFCC22    (0)   14 :  0.319 0.010 0.012 0.659 
506   ZFCC26    (0)   14 :  0.005 0.005 0.009 0.981 
507   ZFCC27    (0)   14 :  0.005 0.004 0.005 0.987 
508   ZFCC29    (0)   14 :  0.005 0.009 0.015 0.971 
509   ZFCC30    (0)   14 :  0.004 0.004 0.004 0.988 
510   ZFCC32    (0)   14 :  0.006 0.010 0.014 0.971 
511   ZFCC33    (0)   14 :  0.005 0.012 0.013 0.970 
512   ZFCC34    (0)   14 :  0.032 0.008 0.022 0.939 
513   ZFCC35    (0)   14 :  0.006 0.005 0.004 0.985 
514   ZFCC36    (0)   14 :  0.012 0.020 0.009 0.958 
515   ZFCC37    (0)   14 :  0.010 0.021 0.091 0.878 
516   ZFCC40    (0)   14 :  0.007 0.008 0.013 0.973 
517   ZFCC42    (0)   14 :  0.006 0.126 0.274 0.593 
518   ZFCC44    (0)   14 :  0.004 0.006 0.003 0.987 
519   ZFCC45    (9)   14 :  0.006 0.023 0.042 0.929 
520   ZFCC46    (0)   14 :  0.014 0.006 0.004 0.977 
521   ZFCC47    (0)   14 :  0.007 0.006 0.063 0.923 
522   ZFCC48    (0)   14 :  0.045 0.012 0.009 0.933 
523   ZFCC50    (0)   14 :  0.004 0.006 0.010 0.980 
524   ZFCC51    (0)   14 :  0.004 0.004 0.005 0.987 
525   ZFCC52    (0)   14 :  0.013 0.007 0.007 0.973 
526   ZFCC53    (0)   14 :  0.004 0.004 0.006 0.986 
527  ZFCNS01    (0)   15 :  0.018 0.017 0.006 0.959 
528  ZFCNS02    (0)   15 :  0.012 0.004 0.004 0.980 
529  ZFCNS05    (0)   15 :  0.018 0.005 0.006 0.971 
530  ZFCNS06    (0)   15 :  0.012 0.004 0.005 0.979 
531  ZFCNS07    (0)   15 :  0.297 0.006 0.005 0.692 
532  ZFCNS10    (0)   15 :  0.062 0.005 0.003 0.929 
533  ZFCNS11    (0)   15 :  0.013 0.009 0.004 0.974 
534  ZFCNS15    (0)   15 :  0.818 0.007 0.006 0.170 
535  ZFCNS17    (0)   15 :  0.011 0.004 0.004 0.981 
536  ZFCNS18    (0)   15 :  0.025 0.005 0.004 0.965 
537  ZFCNS19    (0)   15 :  0.006 0.005 0.004 0.985 
538  ZFCNS20    (0)   15 :  0.093 0.006 0.005 0.897 
539  ZFCNS21    (0)   15 :  0.008 0.005 0.004 0.983 
540  ZFCNS22    (0)   15 :  0.131 0.007 0.007 0.855 
541  ZFCNS23    (0)   15 :  0.012 0.005 0.005 0.978 
542  ZFCNS24    (0)   15 :  0.008 0.004 0.003 0.984 
543  ZFCNS25    (0)   15 :  0.057 0.005 0.004 0.934 
544  ZFCNS26    (0)   15 :  0.278 0.006 0.007 0.709 
545  ZFCNS27    (0)   15 :  0.920 0.007 0.006 0.067 
546  ZFCNS28    (0)   15 :  0.017 0.005 0.008 0.970 
547  ZFCNS29    (0)   15 :  0.018 0.005 0.005 0.972 
548  ZFCNS30    (0)   15 :  0.008 0.005 0.005 0.982 
549  ZFCNS31    (0)   15 :  0.041 0.005 0.006 0.947 
550  ZFCNS32    (0)   15 :  0.032 0.005 0.007 0.956 
551  ZFCNS33    (0)   15 :  0.024 0.004 0.005 0.966 
552  ZFCNS34    (0)   15 :  0.006 0.004 0.004 0.986 
553  ZFCNS35    (0)   15 :  0.018 0.004 0.008 0.970 
554  ZFCNS36    (0)   15 :  0.008 0.004 0.004 0.984 
555  ZFCNS37    (0)   15 :  0.029 0.007 0.005 0.959 
556  ZFCNS39    (0)   15 :  0.010 0.004 0.003 0.983 
557  ZFCNS40    (0)   15 :  0.014 0.005 0.003 0.977 
558  ZFCNS41    (0)   15 :  0.135 0.010 0.010 0.845 
559  ZFCNS42    (0)   15 :  0.052 0.005 0.005 0.938 
560  ZFCNS43    (0)   15 :  0.008 0.004 0.004 0.984 
561  ZFCNS44    (0)   15 :  0.018 0.005 0.004 0.973 
562  ZFCNS46    (0)   15 :  0.022 0.006 0.004 0.967 
563  ZFCNS47    (0)   15 :  0.011 0.004 0.004 0.980 
564  ZFCNS48    (0)   15 :  0.040 0.006 0.004 0.951 
565  ZFCNS49    (0)   15 :  0.786 0.006 0.005 0.202 
566   ZFCR01    (0)   16 :  0.091 0.318 0.577 0.015 
567   ZFCR02    (0)   16 :  0.057 0.760 0.166 0.016 
568   ZFCR03    (0)   16 :  0.075 0.152 0.747 0.026 
569   ZFCR04    (0)   16 :  0.056 0.174 0.732 0.038 
570   ZFCR05    (0)   16 :  0.017 0.582 0.377 0.024 
571   ZFCR06    (0)   16 :  0.244 0.428 0.134 0.193 
572   ZFCR07    (0)   16 :  0.024 0.721 0.107 0.148 
573   ZFCR08    (0)   16 :  0.034 0.855 0.076 0.034 
574   ZFCR09    (0)   16 :  0.132 0.147 0.613 0.108 
575   ZFCR11    (0)   16 :  0.110 0.461 0.395 0.033 
576   ZFCR12    (0)   16 :  0.091 0.675 0.017 0.217 
577   ZFCR13    (0)   16 :  0.050 0.925 0.012 0.013 
578   ZFCR14    (0)   16 :  0.026 0.862 0.092 0.021 
579   ZFCR15    (0)   16 :  0.017 0.924 0.049 0.010 
580   ZFCR16    (0)   16 :  0.045 0.839 0.105 0.012 
581   ZFCR18    (0)   16 :  0.018 0.035 0.917 0.031 
582   ZFCR19    (0)   16 :  0.237 0.118 0.597 0.048 
583   ZFCR20    (0)   16 :  0.047 0.021 0.922 0.010 
584   ZFCR21    (0)   16 :  0.041 0.900 0.032 0.028 
585   ZFCR22    (0)   16 :  0.016 0.949 0.029 0.007 
586   ZFCR23    (0)   16 :  0.117 0.833 0.044 0.006 
587   ZFCR24    (9)   16 :  0.459 0.347 0.181 0.013 
588   ZFCR25    (0)   16 :  0.007 0.928 0.059 0.007 
589   ZFCR26    (0)   16 :  0.164 0.192 0.593 0.051 
590   ZFCR27    (9)   16 :  0.004 0.806 0.184 0.006 
591   ZFCR28    (0)   16 :  0.379 0.591 0.008 0.023 
592   ZFCR29    (0)   16 :  0.026 0.364 0.599 0.011 
593   ZFCR30    (0)   16 :  0.014 0.950 0.026 0.009 
594   ZFCR31    (0)   16 :  0.230 0.162 0.533 0.075 
595   ZFCR33    (0)   16 :  0.018 0.871 0.064 0.048 
596   ZFCR34    (0)   16 :  0.032 0.872 0.040 0.056 
597   ZFCR35    (0)   16 :  0.026 0.103 0.827 0.044 
598   ZFCR36    (0)   16 :  0.013 0.750 0.214 0.023 
599   ZFCR37    (0)   16 :  0.008 0.914 0.049 0.028 
600   ZFCR38    (0)   16 :  0.011 0.872 0.088 0.029 
601   ZFCR39    (0)   16 :  0.105 0.685 0.191 0.020 
602   ZFCR40    (0)   16 :  0.009 0.952 0.025 0.014 
603   ZFCR41    (0)   16 :  0.043 0.725 0.021 0.211 
604   ZFCR42    (0)   16 :  0.065 0.841 0.013 0.081 
605   ZFCR43    (0)   16 :  0.075 0.809 0.105 0.011 
606  ZFENP25    (0)   17 :  0.018 0.922 0.037 0.023 
607  ZFENP26    (0)   17 :  0.004 0.978 0.013 0.005 
608  ZFENP27    (0)   17 :  0.028 0.321 0.264 0.387 
609  ZFENP28    (0)   17 :  0.006 0.930 0.049 0.015 
610  ZFENP29    (0)   17 :  0.005 0.977 0.008 0.011 
611  ZFENP30    (0)   17 :  0.006 0.947 0.012 0.035 
612  ZFENP31    (0)   17 :  0.007 0.946 0.029 0.017 
613  ZFENP32    (0)   17 :  0.022 0.647 0.283 0.048 
614  ZFENP33    (0)   17 :  0.008 0.917 0.066 0.009 
615  ZFENP34    (0)   17 :  0.009 0.141 0.825 0.025 
616  ZFENP35    (0)   17 :  0.008 0.975 0.010 0.008 
617  ZFENP36    (0)   17 :  0.004 0.974 0.016 0.006 
618  ZFENP37    (0)   17 :  0.010 0.897 0.075 0.019 
619  ZFENP38    (0)   17 :  0.010 0.947 0.012 0.031 
620  ZFENP39    (0)   17 :  0.005 0.931 0.051 0.013 
621  ZFENP40    (0)   17 :  0.007 0.936 0.046 0.011 
622  ZFENP41    (0)   17 :  0.008 0.884 0.067 0.041 
623  ZFENP42    (0)   17 :  0.004 0.986 0.005 0.005 
624  ZFENP43    (0)   17 :  0.018 0.861 0.039 0.083 
625  ZFENP44    (0)   17 :  0.007 0.967 0.012 0.014 
626  ZFENP45    (0)   17 :  0.174 0.793 0.014 0.019 
627  ZFENP46    (0)   17 :  0.017 0.938 0.039 0.007 
628  ZFENP47    (0)   17 :  0.030 0.881 0.061 0.028 
629  ZFENP48    (0)   17 :  0.022 0.137 0.797 0.044 
630  ZFENP49    (0)   17 :  0.030 0.688 0.241 0.041 
631  ZFENP50    (0)   17 :  0.049 0.937 0.009 0.005 
632  ZFENP51    (0)   17 :  0.006 0.911 0.077 0.006 
633  ZFENP52    (0)   17 :  0.009 0.966 0.006 0.019 
634  ZFENP53    (0)   17 :  0.027 0.951 0.011 0.012 
635  ZFENP54    (0)   17 :  0.114 0.787 0.073 0.026 
636  ZFENP55    (0)   17 :  0.007 0.469 0.519 0.005 
637  ZFENP56    (0)   17 :  0.007 0.965 0.016 0.012 
638  ZFENP57    (0)   17 :  0.006 0.961 0.024 0.009 
639  ZFENP58    (0)   17 :  0.015 0.908 0.017 0.061 
640  ZFENP59    (0)   17 :  0.006 0.953 0.017 0.025 
641  ZFENP60    (0)   17 :  0.010 0.920 0.060 0.011 
642  ZFENP61    (0)   17 :  0.004 0.937 0.047 0.012 
643 ZFFDSP01    (0)   18 :  0.985 0.004 0.005 0.007 
644 ZFFDSP02    (0)   18 :  0.988 0.004 0.003 0.006 
645 ZFFDSP04    (0)   18 :  0.987 0.004 0.005 0.005 
646 ZFFDSP05    (0)   18 :  0.985 0.005 0.004 0.006 
647 ZFFDSP06    (0)   18 :  0.987 0.003 0.004 0.006 
648 ZFFDSP07    (0)   18 :  0.974 0.008 0.004 0.014 
649 ZFFDSP08    (0)   18 :  0.974 0.006 0.004 0.016 
650 ZFFDSP10    (0)   18 :  0.983 0.005 0.005 0.006 
651 ZFFDSP11    (0)   18 :  0.985 0.004 0.005 0.006 
652 ZFFDSP12    (0)   18 :  0.988 0.004 0.003 0.005 
653 ZFFDSP13    (0)   18 :  0.964 0.008 0.005 0.024 
654 ZFFDSP14    (0)   18 :  0.983 0.005 0.005 0.008 
655 ZFFDSP16    (0)   18 :  0.975 0.008 0.006 0.011 
656 ZFFDSP17    (0)   18 :  0.986 0.004 0.004 0.006 
657 ZFFDSP18    (0)   18 :  0.983 0.003 0.006 0.008 
658 ZFFDSP19    (0)   18 :  0.970 0.004 0.005 0.021 
659 ZFFDSP21    (0)   18 :  0.975 0.004 0.004 0.018 
660 ZFFDSP22    (0)   18 :  0.988 0.003 0.003 0.006 
661 ZFFDSP23    (0)   18 :  0.988 0.003 0.003 0.006 
662 ZFFDSP24    (0)   18 :  0.983 0.004 0.005 0.008 
663 ZFFDSP26    (9)   18 :  0.985 0.004 0.004 0.006 
664 ZFFDSP27    (0)   18 :  0.986 0.004 0.005 0.006 
665 ZFFDSP28    (0)   18 :  0.919 0.012 0.054 0.015 
