

----------------------------------------------------
STRUCTURE by Pritchard, Stephens and Donnelly (2000)
     and Falush, Stephens and Pritchard (2003)
       Code by Pritchard, Falush and Hubisz
             Version 2.3.4 (Jul 2012)
----------------------------------------------------



Command line arguments:   bin\structure -m C:\Users\eschumacher\Documents\GitHub\GCC_QUAC_ZAIN\Data_Files\Structure_Files\ZAIN\ZAIN_rebinned_allpop_str\50-50\mainparams -e C:\Users\eschumacher\Documents\GitHub\GCC_QUAC_ZAIN\Data_Files\Structure_Files\ZAIN\ZAIN_rebinned_allpop_str\50-50\extraparams 
Input File:    C:\Users\eschumacher\Documents\GitHub\GCC_QUAC_ZAIN\Data_Files\Structure_Files\ZAIN\ZAIN_rebinned_allpop_str\project_data

Run parameters:
   1133 individuals
   11 loci
   15 populations assumed
   50000 Burn-in period
   50000 Reps


--------------------------------------------
Proportion of membership of each pre-defined
 population in each of the 15 clusters

Given    Inferred Clusters                                                                                           Number of
 Pop       1      2      3      4      5      6      7      8      9     10     11     12     13     14     15      Individuals

  1:     0.073  0.063  0.056  0.034  0.042  0.084  0.073  0.026  0.062  0.064  0.091  0.081  0.046  0.067  0.139      303
  2:     0.160  0.133  0.037  0.027  0.021  0.090  0.100  0.050  0.038  0.031  0.069  0.055  0.014  0.074  0.104       15
  3:     0.005  0.059  0.011  0.010  0.018  0.075  0.020  0.020  0.082  0.022  0.401  0.010  0.211  0.015  0.041        2
  4:     0.029  0.185  0.054  0.018  0.019  0.055  0.115  0.235  0.013  0.062  0.098  0.047  0.006  0.045  0.020        2
  5:     0.012  0.044  0.061  0.050  0.017  0.013  0.044  0.016  0.040  0.022  0.338  0.033  0.164  0.127  0.019        7
  6:     0.006  0.028  0.062  0.006  0.036  0.009  0.101  0.011  0.008  0.005  0.009  0.016  0.078  0.008  0.617       13
  7:     0.004  0.007  0.007  0.003  0.010  0.006  0.006  0.011  0.004  0.005  0.017  0.016  0.005  0.007  0.891       13
  8:     0.010  0.044  0.123  0.063  0.025  0.028  0.039  0.014  0.034  0.431  0.016  0.009  0.046  0.104  0.013        7
  9:     0.008  0.285  0.072  0.017  0.021  0.049  0.226  0.038  0.038  0.035  0.013  0.047  0.048  0.090  0.014       11
 10:     0.014  0.091  0.078  0.016  0.013  0.030  0.040  0.062  0.046  0.354  0.110  0.069  0.016  0.049  0.011        9
 11:     0.005  0.009  0.005  0.005  0.013  0.011  0.007  0.009  0.008  0.013  0.013  0.857  0.005  0.009  0.031       35
 12:     0.017  0.183  0.055  0.022  0.016  0.240  0.075  0.008  0.089  0.137  0.006  0.006  0.013  0.128  0.004       36
 13:     0.008  0.191  0.016  0.024  0.009  0.194  0.042  0.012  0.095  0.065  0.006  0.005  0.021  0.308  0.005       33
 14:     0.833  0.012  0.011  0.010  0.038  0.011  0.006  0.009  0.007  0.007  0.006  0.008  0.009  0.016  0.017       40
 15:     0.006  0.008  0.020  0.007  0.006  0.010  0.023  0.005  0.007  0.007  0.004  0.004  0.883  0.007  0.003       39
 16:     0.024  0.023  0.013  0.025  0.015  0.024  0.020  0.366  0.022  0.024  0.139  0.205  0.011  0.033  0.057       40
 17:     0.020  0.012  0.011  0.017  0.043  0.015  0.009  0.058  0.010  0.009  0.651  0.047  0.010  0.012  0.077       37
 18:     0.006  0.090  0.031  0.021  0.008  0.076  0.040  0.006  0.027  0.522  0.004  0.005  0.011  0.149  0.003       40
 19:     0.005  0.006  0.005  0.003  0.040  0.006  0.006  0.006  0.004  0.005  0.007  0.877  0.014  0.006  0.008       28
 20:     0.013  0.007  0.007  0.006  0.919  0.006  0.005  0.005  0.005  0.004  0.004  0.004  0.005  0.005  0.005       14
 21:     0.007  0.013  0.007  0.005  0.020  0.013  0.013  0.007  0.007  0.007  0.055  0.009  0.035  0.007  0.795       13
 22:     0.008  0.008  0.906  0.005  0.005  0.007  0.014  0.005  0.005  0.008  0.003  0.004  0.013  0.007  0.002       14
 23:     0.006  0.109  0.027  0.021  0.007  0.040  0.010  0.005  0.713  0.018  0.004  0.004  0.008  0.024  0.004       25
 24:     0.008  0.015  0.009  0.881  0.006  0.010  0.008  0.005  0.010  0.011  0.005  0.006  0.006  0.014  0.005       40
 25:     0.669  0.026  0.057  0.009  0.037  0.028  0.028  0.019  0.014  0.023  0.012  0.032  0.016  0.022  0.010       32
 26:     0.005  0.007  0.003  0.006  0.006  0.007  0.005  0.004  0.006  0.004  0.006  0.003  0.005  0.005  0.928       20
 27:     0.007  0.008  0.015  0.005  0.016  0.009  0.006  0.219  0.007  0.019  0.040  0.625  0.004  0.012  0.008        4
 28:     0.009  0.015  0.010  0.012  0.011  0.012  0.014  0.025  0.015  0.044  0.011  0.745  0.005  0.051  0.022       23
 29:     0.009  0.005  0.007  0.005  0.006  0.005  0.005  0.010  0.005  0.007  0.016  0.899  0.007  0.007  0.007       39
 30:     0.006  0.007  0.006  0.004  0.023  0.008  0.005  0.009  0.006  0.006  0.010  0.052  0.004  0.007  0.846       38
 31:     0.009  0.057  0.077  0.045  0.007  0.043  0.509  0.011  0.020  0.027  0.006  0.005  0.146  0.033  0.005       45
 32:     0.012  0.124  0.070  0.017  0.016  0.140  0.248  0.007  0.069  0.056  0.009  0.005  0.123  0.097  0.007       28
 33:     0.007  0.007  0.006  0.004  0.006  0.004  0.004  0.009  0.004  0.005  0.016  0.908  0.007  0.005  0.009        6
 34:     0.006  0.008  0.010  0.013  0.012  0.007  0.010  0.854  0.006  0.006  0.032  0.012  0.009  0.009  0.006       40
 35:     0.010  0.010  0.011  0.012  0.017  0.012  0.017  0.032  0.008  0.006  0.775  0.017  0.009  0.007  0.057       42
--------------------------------------------

Allele-freq. divergence among pops (Net nucleotide distance),
computed using point estimates of P.

      1       2       3       4       5       6       7       8       9      10      11      12      13      14      15      
 1      -    0.2323  0.1876  0.2305  0.2072  0.2896  0.2281  0.1830  0.2492  0.2980  0.1731  0.1854  0.2096  0.2218  0.2819  
 2   0.2323     -    0.0768  0.1059  0.1713  0.0370  0.0615  0.1313  0.0759  0.0702  0.1938  0.2530  0.2321  0.0372  0.2875  
 3   0.1876  0.0768     -    0.1631  0.1860  0.1251  0.0636  0.1329  0.1641  0.1124  0.1911  0.2527  0.1767  0.0994  0.3538  
 4   0.2305  0.1059  0.1631     -    0.2881  0.1840  0.1516  0.1805  0.1252  0.1737  0.2932  0.3645  0.2948  0.1188  0.3838  
 5   0.2072  0.1713  0.1860  0.2881     -    0.2090  0.2122  0.1723  0.2218  0.2820  0.1487  0.2289  0.2473  0.2088  0.2380  
 6   0.2896  0.0370  0.1251  0.1840  0.2090     -    0.0990  0.1961  0.0757  0.0721  0.2177  0.2753  0.2530  0.0628  0.3253  
 7   0.2281  0.0615  0.0636  0.1516  0.2122  0.0990     -    0.1325  0.1316  0.1029  0.1703  0.2786  0.1439  0.1036  0.3019  
 8   0.1830  0.1313  0.1329  0.1805  0.1723  0.1961  0.1325     -    0.2019  0.2133  0.0945  0.1627  0.2372  0.1338  0.2161  
 9   0.2492  0.0759  0.1641  0.1252  0.2218  0.0757  0.1316  0.2019     -    0.1217  0.2079  0.2784  0.2567  0.0931  0.3115  
10   0.2980  0.0702  0.1124  0.1737  0.2820  0.0721  0.1029  0.2133  0.1217     -    0.2621  0.2775  0.3088  0.0426  0.3856  
11   0.1731  0.1938  0.1911  0.2932  0.1487  0.2177  0.1703  0.0945  0.2079  0.2621     -    0.1003  0.2013  0.2104  0.1137  
12   0.1854  0.2530  0.2527  0.3645  0.2289  0.2753  0.2786  0.1627  0.2784  0.2775  0.1003     -    0.2954  0.2322  0.1601  
13   0.2096  0.2321  0.1767  0.2948  0.2473  0.2530  0.1439  0.2372  0.2567  0.3088  0.2013  0.2954     -    0.2722  0.3765  
14   0.2218  0.0372  0.0994  0.1188  0.2088  0.0628  0.1036  0.1338  0.0931  0.0426  0.2104  0.2322  0.2722     -    0.3226  
15   0.2819  0.2875  0.3538  0.3838  0.2380  0.3253  0.3019  0.2161  0.3115  0.3856  0.1137  0.1601  0.3765  0.3226     -    

Average distances (expected heterozygosity) between individuals in same cluster:
cluster  1  : 0.3695 
cluster  2  : 0.4084 
cluster  3  : 0.3570 
cluster  4  : 0.3511 
cluster  5  : 0.2566 
cluster  6  : 0.3048 
cluster  7  : 0.4319 
cluster  8  : 0.4721 
cluster  9  : 0.3891 
cluster 10  : 0.3197 
cluster 11  : 0.5232 
cluster 12  : 0.4659 
cluster 13  : 0.2290 
cluster 14  : 0.3843 
cluster 15  : 0.4043 

--------------------------------------------
Estimated Ln Prob of Data   = -20780.1
Mean value of ln likelihood = -19852.8
Variance of ln likelihood   = 1854.6
Mean value of alpha         = 0.0348

Mean value of Fst_1         = 0.4603
Mean value of Fst_2         = 0.2876
Mean value of Fst_3         = 0.5025
Mean value of Fst_4         = 0.4288
Mean value of Fst_5         = 0.6123
Mean value of Fst_6         = 0.4015
Mean value of Fst_7         = 0.3132
Mean value of Fst_8         = 0.2937
Mean value of Fst_9         = 0.3981
Mean value of Fst_10         = 0.4515
Mean value of Fst_11         = 0.1824
Mean value of Fst_12         = 0.3987
Mean value of Fst_13         = 0.6119
Mean value of Fst_14         = 0.3644
Mean value of Fst_15         = 0.4511


Inferred ancestry of individuals:
        Label (%Miss) Pop:  Inferred clusters
  1 TMA-ZAIN-G-    (9)    1 :  0.009 0.047 0.010 0.007 0.007 0.006 0.048 0.017 0.005 0.007 0.047 0.668 0.045 0.067 0.007 
  2 TMA-ZAIN-G-    (0)    1 :  0.029 0.048 0.005 0.004 0.015 0.037 0.014 0.008 0.133 0.012 0.015 0.629 0.008 0.035 0.008 
  3 TMA-ZAIN-G-    (0)    1 :  0.008 0.067 0.083 0.059 0.008 0.022 0.038 0.015 0.014 0.077 0.005 0.005 0.026 0.570 0.003 
  4 TMA-ZAIN-G-    (0)    1 :  0.020 0.026 0.012 0.042 0.578 0.032 0.008 0.005 0.011 0.080 0.004 0.008 0.014 0.155 0.004 
  5 TMA-ZAIN-G-    (0)    1 :  0.006 0.003 0.003 0.002 0.005 0.002 0.002 0.006 0.002 0.004 0.004 0.950 0.002 0.004 0.005 
  6 TMA-ZAIN-G-    (0)    1 :  0.016 0.118 0.079 0.050 0.028 0.009 0.022 0.194 0.015 0.015 0.032 0.025 0.014 0.354 0.030 
  7 TMA-ZAIN-G-    (0)    1 :  0.010 0.399 0.158 0.007 0.084 0.098 0.026 0.012 0.020 0.032 0.010 0.010 0.035 0.094 0.005 
  8 TMA-ZAIN-G-    (0)    1 :  0.009 0.010 0.898 0.007 0.004 0.009 0.007 0.005 0.008 0.012 0.003 0.004 0.004 0.016 0.002 
  9 TMA-ZAIN-G-    (9)    1 :  0.005 0.355 0.017 0.018 0.006 0.197 0.079 0.020 0.056 0.033 0.005 0.007 0.008 0.189 0.004 
 10 TMA-ZAIN-G-    (0)    1 :  0.011 0.264 0.051 0.028 0.010 0.271 0.146 0.029 0.029 0.026 0.006 0.003 0.012 0.111 0.004 
 11 TMA-ZAIN-G-    (0)    1 :  0.005 0.544 0.010 0.005 0.016 0.276 0.081 0.006 0.012 0.006 0.007 0.005 0.008 0.016 0.005 
 12 TMA-ZAIN-G-    (0)    1 :  0.005 0.030 0.015 0.005 0.005 0.039 0.033 0.008 0.007 0.411 0.006 0.005 0.022 0.407 0.003 
 13 TMA-ZAIN-G-    (9)    1 :  0.016 0.180 0.036 0.017 0.016 0.162 0.099 0.015 0.165 0.037 0.029 0.038 0.110 0.015 0.064 
 14 TMA-ZAIN-G-    (9)    1 :  0.008 0.015 0.009 0.006 0.006 0.026 0.071 0.010 0.016 0.008 0.009 0.003 0.789 0.012 0.012 
 15 TMA-ZAIN-G-    (0)    1 :  0.008 0.063 0.011 0.008 0.004 0.005 0.153 0.005 0.004 0.005 0.004 0.003 0.636 0.090 0.002 
 16 TMA-ZAIN-G-    (0)    1 :  0.004 0.042 0.008 0.005 0.005 0.409 0.018 0.007 0.010 0.290 0.005 0.004 0.005 0.183 0.004 
 17 TMA-ZAIN-G-    (9)    1 :  0.019 0.012 0.087 0.006 0.117 0.011 0.651 0.013 0.005 0.010 0.021 0.009 0.015 0.015 0.008 
 18 TMA-ZAIN-G-    (0)    1 :  0.039 0.005 0.015 0.007 0.011 0.005 0.009 0.024 0.004 0.017 0.131 0.707 0.012 0.010 0.005 
 19 TMA-ZAIN-G-    (0)    1 :  0.004 0.021 0.083 0.005 0.038 0.026 0.021 0.148 0.007 0.023 0.550 0.015 0.011 0.016 0.030 
 20 TMA-ZAIN-G-    (0)    1 :  0.034 0.004 0.004 0.005 0.006 0.004 0.003 0.008 0.005 0.003 0.827 0.040 0.004 0.004 0.050 
 21 TMA-ZAIN-G-    (0)    1 :  0.005 0.006 0.004 0.005 0.005 0.004 0.005 0.005 0.003 0.004 0.004 0.003 0.002 0.005 0.942 
 22 TMA-ZAIN-G-    (0)    1 :  0.007 0.003 0.003 0.002 0.009 0.003 0.003 0.009 0.003 0.002 0.013 0.064 0.003 0.003 0.872 
 23 TMA-ZAIN-G-    (0)    1 :  0.004 0.007 0.010 0.003 0.010 0.009 0.007 0.030 0.005 0.006 0.036 0.016 0.007 0.007 0.844 
 24 TMA-ZAIN-G-    (9)    1 :  0.006 0.012 0.003 0.087 0.003 0.007 0.015 0.003 0.187 0.007 0.003 0.007 0.016 0.005 0.638 
 25 TMA-ZAIN-G-    (9)    1 :  0.004 0.070 0.003 0.004 0.004 0.006 0.007 0.008 0.071 0.007 0.640 0.076 0.004 0.083 0.012 
 26 TMA-ZAIN-G-    (9)    1 :  0.454 0.210 0.016 0.007 0.009 0.028 0.050 0.005 0.052 0.009 0.011 0.006 0.011 0.109 0.023 
 27 TMA-ZAIN-G-    (0)    1 :  0.014 0.014 0.008 0.007 0.020 0.011 0.019 0.701 0.005 0.003 0.050 0.053 0.069 0.007 0.018 
 28 TMA-ZAIN-G-    (0)    1 :  0.004 0.006 0.009 0.004 0.005 0.005 0.005 0.911 0.004 0.005 0.014 0.008 0.009 0.007 0.004 
 29 TMA-ZAIN-G-    (0)    1 :  0.016 0.004 0.004 0.711 0.003 0.004 0.006 0.005 0.005 0.004 0.221 0.003 0.005 0.004 0.004 
 30 TMA-ZAIN-G-    (0)    1 :  0.006 0.046 0.013 0.027 0.007 0.042 0.174 0.441 0.085 0.042 0.026 0.004 0.052 0.031 0.004 
 31 TMA-ZAIN-G-    (0)    1 :  0.060 0.007 0.007 0.006 0.024 0.007 0.004 0.006 0.009 0.004 0.012 0.834 0.006 0.004 0.011 
 32 TMA-ZAIN-G-    (9)    1 :  0.007 0.063 0.005 0.003 0.006 0.011 0.035 0.009 0.006 0.037 0.090 0.371 0.013 0.279 0.066 
 33 TMA-ZAIN-G-   (18)    1 :  0.004 0.442 0.018 0.008 0.004 0.010 0.025 0.006 0.005 0.034 0.003 0.004 0.005 0.430 0.002 
 34 TMA-ZAIN-G-    (0)    1 :  0.006 0.101 0.007 0.005 0.005 0.012 0.008 0.009 0.009 0.048 0.014 0.061 0.005 0.689 0.021 
 35 TMA-ZAIN-G-    (9)    1 :  0.007 0.171 0.008 0.016 0.007 0.007 0.023 0.007 0.010 0.013 0.006 0.006 0.013 0.705 0.003 
 36 TMA-ZAIN-G-    (0)    1 :  0.016 0.251 0.048 0.010 0.008 0.028 0.147 0.006 0.220 0.012 0.005 0.004 0.111 0.129 0.003 
 37 TMA-ZAIN-G-    (9)    1 :  0.005 0.475 0.009 0.006 0.009 0.006 0.008 0.007 0.008 0.009 0.004 0.004 0.003 0.443 0.003 
 38 TMA-ZAIN-G-   (18)    1 :  0.008 0.120 0.005 0.006 0.012 0.016 0.036 0.005 0.008 0.013 0.108 0.401 0.026 0.211 0.025 
 39 TMA-ZAIN-G-    (0)    1 :  0.008 0.060 0.018 0.014 0.009 0.062 0.057 0.008 0.602 0.074 0.004 0.003 0.004 0.072 0.004 
 40 TMA-ZAIN-G-    (0)    1 :  0.005 0.162 0.010 0.007 0.016 0.027 0.476 0.004 0.091 0.110 0.004 0.003 0.004 0.076 0.005 
 41 TMA-ZAIN-G-    (0)    1 :  0.005 0.032 0.020 0.006 0.003 0.017 0.675 0.004 0.162 0.026 0.003 0.003 0.021 0.020 0.003 
 42 TMA-ZAIN-G-    (9)    1 :  0.015 0.009 0.053 0.009 0.005 0.006 0.771 0.003 0.010 0.010 0.004 0.003 0.093 0.006 0.002 
 43 TMA-ZAIN-G-    (0)    1 :  0.005 0.004 0.016 0.011 0.004 0.006 0.010 0.003 0.005 0.003 0.004 0.003 0.920 0.005 0.002 
 44 TMA-ZAIN-G-    (0)    1 :  0.004 0.061 0.007 0.007 0.008 0.067 0.007 0.003 0.036 0.007 0.016 0.006 0.005 0.013 0.753 
 45 TMA-ZAIN-G-    (0)    1 :  0.009 0.125 0.020 0.006 0.018 0.380 0.154 0.011 0.010 0.065 0.007 0.006 0.015 0.165 0.008 
 46 TMA-ZAIN-G-    (0)    1 :  0.006 0.004 0.003 0.003 0.010 0.005 0.003 0.003 0.005 0.002 0.006 0.003 0.004 0.003 0.939 
 47 TMA-ZAIN-G-    (0)    1 :  0.934 0.004 0.005 0.004 0.012 0.003 0.004 0.004 0.003 0.005 0.004 0.004 0.004 0.006 0.004 
 48 TMA-ZAIN-G-    (0)    1 :  0.179 0.150 0.131 0.015 0.137 0.069 0.125 0.046 0.013 0.014 0.012 0.006 0.047 0.029 0.027 
 49 TMA-ZAIN-G-    (9)    1 :  0.007 0.012 0.009 0.043 0.020 0.010 0.007 0.012 0.005 0.026 0.794 0.012 0.005 0.032 0.006 
 50 TMA-ZAIN-G-    (0)    1 :  0.003 0.008 0.012 0.004 0.006 0.006 0.074 0.023 0.026 0.011 0.796 0.012 0.009 0.006 0.006 
 51 TMA-ZAIN-G-    (0)    1 :  0.017 0.012 0.010 0.007 0.014 0.013 0.024 0.018 0.008 0.004 0.793 0.006 0.059 0.008 0.006 
 52 TMA-ZAIN-G-    (0)    1 :  0.033 0.007 0.009 0.003 0.130 0.009 0.008 0.025 0.006 0.012 0.720 0.007 0.017 0.007 0.008 
 53 TMA-ZAIN-G-    (0)    1 :  0.060 0.011 0.011 0.005 0.063 0.015 0.012 0.010 0.010 0.003 0.604 0.151 0.034 0.005 0.006 
 54 TMA-ZAIN-G-    (0)    1 :  0.904 0.006 0.010 0.004 0.004 0.007 0.011 0.010 0.004 0.006 0.008 0.004 0.011 0.006 0.005 
 55 TMA-ZAIN-G-    (0)    1 :  0.825 0.007 0.016 0.003 0.004 0.010 0.040 0.021 0.003 0.010 0.021 0.004 0.021 0.007 0.008 
 56 TMA-ZAIN-G-    (0)    1 :  0.050 0.065 0.074 0.022 0.378 0.034 0.190 0.060 0.022 0.012 0.028 0.008 0.028 0.021 0.007 
 57 TMA-ZAIN-G-    (0)    1 :  0.837 0.010 0.006 0.008 0.010 0.012 0.005 0.005 0.009 0.035 0.029 0.008 0.005 0.016 0.003 
 58 TMA-ZAIN-G-    (0)    1 :  0.041 0.010 0.044 0.006 0.013 0.006 0.018 0.263 0.004 0.017 0.366 0.057 0.008 0.011 0.138 
 59 TMA-ZAIN-G-    (0)    1 :  0.017 0.148 0.043 0.018 0.035 0.044 0.016 0.028 0.016 0.014 0.015 0.542 0.008 0.032 0.025 
 60 TMA-ZAIN-G-    (0)    1 :  0.020 0.024 0.020 0.007 0.044 0.020 0.015 0.077 0.005 0.006 0.118 0.499 0.127 0.009 0.008 
 61 TMA-ZAIN-G-    (0)    1 :  0.012 0.005 0.004 0.003 0.033 0.003 0.003 0.006 0.003 0.003 0.009 0.887 0.004 0.005 0.021 
 62 TMA-ZAIN-G-    (9)    1 :  0.012 0.028 0.011 0.006 0.003 0.032 0.036 0.070 0.019 0.028 0.020 0.648 0.006 0.064 0.017 
 63 TMA-ZAIN-G-    (0)    1 :  0.012 0.004 0.007 0.003 0.013 0.005 0.006 0.008 0.003 0.006 0.011 0.903 0.007 0.006 0.006 
 64 TMA-ZAIN-G-    (0)    1 :  0.003 0.008 0.004 0.934 0.003 0.008 0.005 0.003 0.009 0.005 0.002 0.002 0.005 0.006 0.002 
 65 TMA-ZAIN-G-    (9)    1 :  0.008 0.009 0.010 0.867 0.005 0.007 0.007 0.006 0.006 0.016 0.003 0.003 0.006 0.045 0.002 
 66 TMA-ZAIN-G-    (0)    1 :  0.004 0.028 0.008 0.856 0.005 0.035 0.008 0.004 0.012 0.010 0.003 0.003 0.005 0.016 0.003 
 67 TMA-ZAIN-G-    (0)    1 :  0.005 0.029 0.007 0.676 0.004 0.068 0.011 0.015 0.087 0.018 0.010 0.003 0.003 0.051 0.012 
 68 TMA-ZAIN-G-    (0)    1 :  0.004 0.005 0.009 0.938 0.004 0.005 0.005 0.003 0.004 0.005 0.003 0.002 0.006 0.005 0.002 
 69 TMA-ZAIN-G-    (0)    1 :  0.007 0.022 0.007 0.695 0.022 0.029 0.006 0.008 0.032 0.028 0.023 0.016 0.017 0.067 0.021 
 70 TMA-ZAIN-G-    (0)    1 :  0.003 0.022 0.004 0.012 0.004 0.052 0.007 0.004 0.858 0.008 0.004 0.003 0.005 0.009 0.004 
 71 TMA-ZAIN-G-    (0)    1 :  0.004 0.012 0.004 0.005 0.004 0.044 0.006 0.003 0.883 0.013 0.003 0.003 0.003 0.010 0.003 
 72 TMA-ZAIN-G-    (0)    1 :  0.006 0.013 0.006 0.012 0.004 0.009 0.009 0.007 0.900 0.006 0.004 0.003 0.006 0.012 0.003 
 73 TMA-ZAIN-G-    (0)    1 :  0.016 0.007 0.006 0.005 0.004 0.008 0.006 0.020 0.842 0.008 0.018 0.019 0.003 0.013 0.026 
 74 TMA-ZAIN-G-    (0)    1 :  0.005 0.011 0.006 0.005 0.003 0.007 0.007 0.004 0.912 0.010 0.005 0.004 0.003 0.012 0.005 
 75 TMA-ZAIN-G-    (0)    1 :  0.007 0.005 0.006 0.005 0.005 0.010 0.005 0.005 0.918 0.007 0.004 0.004 0.005 0.011 0.003 
 76 TMA-ZAIN-G-    (0)    1 :  0.004 0.009 0.004 0.005 0.003 0.044 0.005 0.004 0.878 0.008 0.008 0.004 0.003 0.009 0.013 
 77 TMA-ZAIN-G-    (0)    1 :  0.004 0.009 0.004 0.005 0.007 0.008 0.008 0.005 0.921 0.005 0.005 0.003 0.006 0.006 0.004 
 78 TMA-ZAIN-G-    (0)    1 :  0.006 0.010 0.005 0.004 0.009 0.028 0.004 0.007 0.873 0.007 0.011 0.006 0.005 0.013 0.010 
 79 TMA-ZAIN-G-    (0)    1 :  0.004 0.011 0.005 0.004 0.022 0.024 0.007 0.005 0.879 0.006 0.007 0.003 0.006 0.008 0.007 
 80 TMA-ZAIN-G-    (0)    1 :  0.011 0.026 0.010 0.020 0.006 0.053 0.018 0.007 0.689 0.095 0.004 0.003 0.004 0.049 0.004 
 81 TMA-ZAIN-G-    (0)    1 :  0.005 0.029 0.010 0.005 0.028 0.217 0.011 0.007 0.634 0.012 0.008 0.004 0.008 0.014 0.006 
 82 TMA-ZAIN-G-    (0)    1 :  0.014 0.032 0.015 0.179 0.008 0.277 0.007 0.006 0.045 0.035 0.004 0.005 0.007 0.362 0.003 
 83 TMA-ZAIN-G-    (9)    1 :  0.012 0.047 0.016 0.022 0.005 0.013 0.007 0.024 0.009 0.068 0.010 0.038 0.004 0.700 0.023 
 84 TMA-ZAIN-G-    (0)    1 :  0.004 0.020 0.006 0.006 0.011 0.203 0.010 0.006 0.670 0.018 0.011 0.004 0.005 0.012 0.014 
 85 TMA-ZAIN-G-    (0)    1 :  0.004 0.004 0.004 0.003 0.950 0.004 0.003 0.004 0.003 0.003 0.004 0.004 0.004 0.004 0.004 
 86 TMA-ZAIN-G-    (0)    1 :  0.005 0.012 0.008 0.005 0.907 0.010 0.008 0.006 0.005 0.008 0.004 0.004 0.003 0.010 0.005 
 87 TMA-ZAIN-G-    (0)    1 :  0.003 0.003 0.004 0.002 0.952 0.004 0.003 0.004 0.003 0.003 0.004 0.004 0.003 0.004 0.005 
 88 TMA-ZAIN-G-    (0)    1 :  0.065 0.026 0.011 0.027 0.399 0.046 0.009 0.010 0.025 0.079 0.009 0.162 0.016 0.105 0.010 
 89 TMA-ZAIN-G-    (0)    1 :  0.370 0.023 0.009 0.024 0.309 0.052 0.012 0.004 0.036 0.032 0.007 0.029 0.037 0.026 0.029 
 90 TMA-ZAIN-G-    (0)    1 :  0.041 0.008 0.005 0.013 0.830 0.007 0.005 0.005 0.004 0.020 0.008 0.015 0.004 0.031 0.005 
 91 TMA-ZAIN-G-    (0)    1 :  0.040 0.014 0.012 0.010 0.789 0.015 0.007 0.018 0.007 0.008 0.006 0.047 0.012 0.009 0.007 
 92 TMA-ZAIN-G-    (0)    1 :  0.319 0.011 0.007 0.006 0.492 0.014 0.010 0.025 0.011 0.005 0.034 0.008 0.012 0.008 0.038 
 93 TMA-ZAIN-G-    (0)    1 :  0.497 0.009 0.007 0.008 0.238 0.009 0.007 0.095 0.008 0.004 0.028 0.045 0.023 0.007 0.015 
 94 TMA-ZAIN-G-    (0)    1 :  0.057 0.005 0.004 0.005 0.761 0.006 0.003 0.013 0.005 0.003 0.009 0.108 0.006 0.005 0.009 
 95 TMA-ZAIN-G-    (0)    1 :  0.004 0.007 0.004 0.007 0.005 0.005 0.018 0.880 0.010 0.006 0.024 0.006 0.016 0.004 0.005 
 96 TMA-ZAIN-G-    (0)    1 :  0.005 0.006 0.006 0.004 0.008 0.004 0.092 0.773 0.003 0.009 0.055 0.006 0.014 0.007 0.007 
 97 TMA-ZAIN-G-    (0)    1 :  0.013 0.008 0.006 0.007 0.008 0.011 0.004 0.004 0.016 0.004 0.018 0.881 0.008 0.004 0.006 
 98 TMA-ZAIN-G-    (0)    1 :  0.011 0.007 0.007 0.005 0.008 0.009 0.004 0.003 0.015 0.003 0.005 0.909 0.007 0.004 0.004 
 99 TMA-ZAIN-G-    (0)    1 :  0.003 0.140 0.008 0.013 0.004 0.035 0.028 0.007 0.005 0.016 0.006 0.662 0.005 0.055 0.011 
100 TMA-ZAIN-G-    (0)    1 :  0.027 0.006 0.004 0.005 0.036 0.006 0.003 0.006 0.006 0.003 0.025 0.845 0.007 0.004 0.017 
101 TMA-ZAIN-G-    (0)    1 :  0.012 0.020 0.006 0.006 0.004 0.019 0.004 0.006 0.009 0.005 0.009 0.883 0.006 0.004 0.006 
102 TMA-ZAIN-G-    (0)    1 :  0.008 0.023 0.009 0.011 0.041 0.012 0.057 0.023 0.015 0.044 0.141 0.407 0.027 0.015 0.166 
103 TMA-ZAIN-G-    (0)    1 :  0.006 0.011 0.014 0.006 0.032 0.016 0.011 0.016 0.008 0.022 0.057 0.756 0.008 0.022 0.015 
104 TMA-ZAIN-G-    (0)    1 :  0.005 0.003 0.005 0.002 0.004 0.004 0.003 0.005 0.004 0.004 0.007 0.940 0.004 0.004 0.006 
105 TMA-ZAIN-G-    (0)    1 :  0.006 0.013 0.015 0.005 0.043 0.020 0.011 0.021 0.008 0.027 0.023 0.760 0.007 0.032 0.008 
106 TMA-ZAIN-G-    (0)    1 :  0.006 0.152 0.042 0.048 0.007 0.043 0.438 0.006 0.080 0.062 0.004 0.004 0.085 0.022 0.003 
107 TMA-ZAIN-G-    (0)    1 :  0.008 0.380 0.017 0.012 0.007 0.041 0.015 0.006 0.100 0.300 0.005 0.004 0.011 0.092 0.003 
108 TMA-ZAIN-G-    (9)    1 :  0.012 0.295 0.010 0.005 0.038 0.027 0.029 0.011 0.010 0.007 0.058 0.153 0.024 0.284 0.036 
109 TMA-ZAIN-G-    (0)    1 :  0.070 0.032 0.051 0.132 0.016 0.017 0.067 0.059 0.008 0.168 0.008 0.258 0.024 0.085 0.006 
110 TMA-ZAIN-G-    (0)    1 :  0.015 0.213 0.064 0.006 0.021 0.080 0.061 0.025 0.018 0.083 0.111 0.059 0.016 0.094 0.135 
111 TMA-ZAIN-G-    (9)    1 :  0.019 0.014 0.008 0.009 0.007 0.032 0.012 0.023 0.037 0.106 0.092 0.379 0.004 0.157 0.102 
112 TMA-ZAIN-G-    (0)    1 :  0.025 0.042 0.050 0.018 0.015 0.129 0.128 0.048 0.011 0.065 0.098 0.234 0.032 0.054 0.053 
113 TMA-ZAIN-G-    (0)    1 :  0.021 0.011 0.008 0.010 0.006 0.019 0.005 0.004 0.023 0.013 0.005 0.851 0.006 0.009 0.008 
114 TMA-ZAIN-G-    (0)    1 :  0.004 0.003 0.003 0.003 0.006 0.003 0.002 0.004 0.003 0.004 0.005 0.943 0.002 0.004 0.010 
115 TMA-ZAIN-G-    (0)    1 :  0.004 0.003 0.003 0.003 0.003 0.004 0.003 0.005 0.004 0.005 0.004 0.945 0.004 0.005 0.005 
116 TMA-ZAIN-G-    (0)    1 :  0.009 0.010 0.012 0.008 0.005 0.010 0.006 0.006 0.010 0.156 0.003 0.005 0.005 0.752 0.002 
117 TMA-ZAIN-G-    (0)    1 :  0.029 0.072 0.103 0.147 0.026 0.043 0.036 0.028 0.064 0.023 0.006 0.006 0.046 0.368 0.003 
118 TMA-ZAIN-G-    (0)    1 :  0.008 0.008 0.010 0.014 0.005 0.012 0.009 0.009 0.011 0.185 0.005 0.005 0.016 0.700 0.003 
119 TMA-ZAIN-G-    (0)    1 :  0.008 0.011 0.011 0.021 0.005 0.012 0.006 0.015 0.037 0.174 0.015 0.017 0.005 0.649 0.015 
120 TMA-ZAIN-G-    (0)    1 :  0.009 0.014 0.012 0.012 0.012 0.011 0.009 0.012 0.013 0.105 0.007 0.007 0.039 0.737 0.003 
121 TMA-ZAIN-G-    (0)    1 :  0.008 0.028 0.019 0.033 0.006 0.008 0.013 0.012 0.009 0.018 0.004 0.004 0.009 0.825 0.003 
122 TMA-ZAIN-G-    (0)    1 :  0.007 0.516 0.054 0.011 0.036 0.015 0.015 0.017 0.012 0.018 0.005 0.004 0.007 0.278 0.004 
123 TMA-ZAIN-G-    (0)    1 :  0.005 0.005 0.004 0.004 0.009 0.006 0.005 0.006 0.005 0.005 0.013 0.905 0.012 0.007 0.008 
124 TMA-ZAIN-G-    (0)    1 :  0.003 0.008 0.913 0.003 0.006 0.007 0.021 0.005 0.004 0.007 0.004 0.004 0.006 0.006 0.003 
125 TMA-ZAIN-G-    (0)    1 :  0.023 0.005 0.908 0.011 0.005 0.005 0.009 0.004 0.005 0.005 0.003 0.002 0.009 0.005 0.002 
126 TMA-ZAIN-G-    (0)    1 :  0.005 0.006 0.906 0.004 0.005 0.007 0.015 0.004 0.004 0.012 0.003 0.003 0.017 0.006 0.003 
127 TMA-ZAIN-G-    (0)    1 :  0.003 0.010 0.878 0.005 0.005 0.011 0.047 0.004 0.004 0.011 0.003 0.003 0.008 0.006 0.003 
128 TMA-ZAIN-G-    (0)    1 :  0.005 0.012 0.900 0.011 0.005 0.007 0.012 0.007 0.005 0.006 0.003 0.003 0.007 0.013 0.003 
129 TMA-ZAIN-G-    (0)    1 :  0.004 0.010 0.918 0.005 0.006 0.006 0.011 0.004 0.005 0.006 0.004 0.005 0.008 0.007 0.003 
130 TMA-ZAIN-G-    (0)    1 :  0.014 0.005 0.911 0.004 0.006 0.005 0.006 0.004 0.004 0.009 0.004 0.004 0.015 0.006 0.002 
131 TMA-ZAIN-G-    (0)    1 :  0.003 0.006 0.908 0.004 0.007 0.006 0.025 0.007 0.003 0.006 0.004 0.003 0.008 0.006 0.003 
132 TMA-ZAIN-G-    (0)    1 :  0.015 0.012 0.876 0.016 0.005 0.010 0.018 0.007 0.007 0.008 0.003 0.003 0.006 0.013 0.003 
133 TMA-ZAIN-G-    (0)    1 :  0.027 0.072 0.043 0.098 0.051 0.019 0.379 0.012 0.074 0.047 0.018 0.003 0.130 0.015 0.012 
134 TMA-ZAIN-G-    (0)    1 :  0.028 0.078 0.236 0.061 0.039 0.015 0.085 0.005 0.060 0.128 0.007 0.003 0.239 0.008 0.008 
135 TMA-ZAIN-G-    (0)    1 :  0.012 0.216 0.052 0.023 0.024 0.065 0.030 0.004 0.041 0.485 0.004 0.003 0.017 0.019 0.006 
136 TMA-ZAIN-G-    (0)    1 :  0.015 0.227 0.026 0.484 0.005 0.020 0.027 0.008 0.024 0.051 0.004 0.004 0.006 0.095 0.005 
137 TMA-ZAIN-G-    (0)    1 :  0.005 0.032 0.012 0.005 0.016 0.015 0.012 0.003 0.019 0.851 0.005 0.005 0.004 0.009 0.007 
138 TMA-ZAIN-G-    (0)    1 :  0.016 0.194 0.313 0.012 0.004 0.055 0.045 0.004 0.016 0.244 0.003 0.004 0.026 0.062 0.003 
139 TMA-ZAIN-G-    (0)    1 :  0.070 0.126 0.192 0.013 0.009 0.034 0.026 0.003 0.043 0.386 0.004 0.004 0.017 0.067 0.005 
140 TMA-ZAIN-G-    (0)    1 :  0.004 0.226 0.018 0.009 0.005 0.407 0.036 0.010 0.013 0.110 0.004 0.004 0.006 0.144 0.004 
141 TMA-ZAIN-G-    (0)    1 :  0.005 0.198 0.041 0.006 0.011 0.560 0.019 0.007 0.025 0.047 0.005 0.006 0.018 0.050 0.003 
142 TMA-ZAIN-G-    (9)    1 :  0.004 0.113 0.014 0.013 0.006 0.538 0.018 0.006 0.015 0.118 0.004 0.003 0.006 0.139 0.003 
143 TMA-ZAIN-G-    (0)    1 :  0.005 0.440 0.066 0.012 0.006 0.088 0.032 0.009 0.014 0.098 0.004 0.004 0.008 0.211 0.003 
144 TMA-ZAIN-G-    (0)    1 :  0.024 0.200 0.073 0.007 0.011 0.039 0.110 0.022 0.007 0.185 0.011 0.004 0.013 0.290 0.006 
145 TMA-ZAIN-G-    (0)    1 :  0.015 0.068 0.060 0.287 0.005 0.079 0.021 0.006 0.050 0.342 0.003 0.003 0.006 0.051 0.002 
146 TMA-ZAIN-G-    (0)    1 :  0.003 0.265 0.005 0.005 0.004 0.663 0.005 0.003 0.016 0.008 0.003 0.003 0.004 0.011 0.003 
147 TMA-ZAIN-G-    (9)    1 :  0.003 0.505 0.006 0.008 0.004 0.421 0.007 0.004 0.009 0.008 0.003 0.003 0.005 0.010 0.003 
148 TMA-ZAIN-G-    (0)    1 :  0.018 0.349 0.022 0.004 0.004 0.509 0.020 0.003 0.010 0.007 0.003 0.003 0.040 0.007 0.003 
149 TMA-ZAIN-G-    (0)    1 :  0.038 0.519 0.032 0.006 0.024 0.247 0.025 0.014 0.010 0.012 0.008 0.019 0.020 0.014 0.013 
150 TMA-ZAIN-G-    (0)    1 :  0.060 0.587 0.013 0.078 0.011 0.078 0.011 0.011 0.015 0.034 0.007 0.020 0.013 0.053 0.010 
151 TMA-ZAIN-G-    (0)    1 :  0.004 0.008 0.006 0.006 0.003 0.011 0.137 0.005 0.006 0.712 0.003 0.003 0.017 0.075 0.002 
152 TMA-ZAIN-G-    (0)    1 :  0.005 0.008 0.006 0.006 0.003 0.017 0.011 0.004 0.004 0.590 0.003 0.004 0.013 0.322 0.002 
153 TMA-ZAIN-G-    (0)    1 :  0.013 0.068 0.034 0.014 0.004 0.021 0.082 0.005 0.012 0.618 0.003 0.003 0.027 0.094 0.002 
154 TMA-ZAIN-G-    (0)    1 :  0.003 0.005 0.007 0.004 0.003 0.011 0.005 0.004 0.004 0.894 0.003 0.003 0.004 0.048 0.002 
155 TMA-ZAIN-G-    (0)    1 :  0.003 0.016 0.009 0.006 0.005 0.012 0.009 0.004 0.008 0.902 0.003 0.004 0.006 0.010 0.003 
156 TMA-ZAIN-G-    (9)    1 :  0.010 0.009 0.031 0.003 0.004 0.028 0.054 0.004 0.004 0.686 0.004 0.006 0.078 0.075 0.003 
157 TMA-ZAIN-G-    (0)    1 :  0.005 0.047 0.017 0.007 0.005 0.102 0.068 0.004 0.008 0.556 0.004 0.004 0.134 0.035 0.003 
158 TMA-ZAIN-G-    (0)    1 :  0.005 0.017 0.007 0.005 0.003 0.201 0.011 0.005 0.018 0.325 0.005 0.003 0.004 0.388 0.003 
159 TMA-ZAIN-G-    (0)    1 :  0.005 0.056 0.015 0.017 0.003 0.204 0.007 0.004 0.150 0.462 0.003 0.004 0.004 0.061 0.002 
160 TMA-ZAIN-G-    (0)    1 :  0.009 0.027 0.008 0.028 0.004 0.079 0.005 0.003 0.146 0.514 0.003 0.005 0.005 0.162 0.003 
161 TMA-ZAIN-G-    (0)    1 :  0.023 0.164 0.138 0.008 0.007 0.076 0.068 0.006 0.016 0.340 0.005 0.003 0.021 0.123 0.003 
162 TMA-ZAIN-G-    (0)    1 :  0.012 0.008 0.005 0.005 0.011 0.007 0.009 0.010 0.005 0.879 0.005 0.016 0.003 0.015 0.012 
163 TMA-ZAIN-G-    (0)    1 :  0.003 0.008 0.006 0.004 0.003 0.011 0.005 0.003 0.005 0.882 0.002 0.003 0.003 0.061 0.002 
164 TMA-ZAIN-G-    (0)    1 :  0.008 0.027 0.013 0.009 0.012 0.037 0.007 0.007 0.007 0.460 0.004 0.006 0.005 0.395 0.004 
165 TMA-ZAIN-G-    (0)    1 :  0.003 0.033 0.010 0.006 0.003 0.037 0.007 0.004 0.007 0.609 0.003 0.004 0.004 0.266 0.003 
166 TMA-ZAIN-G-    (0)    1 :  0.010 0.083 0.058 0.012 0.006 0.255 0.029 0.005 0.026 0.430 0.003 0.003 0.005 0.074 0.002 
167 TMA-ZAIN-G-    (0)    1 :  0.004 0.125 0.011 0.005 0.008 0.643 0.015 0.007 0.060 0.018 0.006 0.006 0.008 0.079 0.004 
168 TMA-ZAIN-G-    (0)    1 :  0.005 0.011 0.006 0.008 0.005 0.878 0.006 0.005 0.017 0.005 0.004 0.005 0.022 0.019 0.003 
169 TMA-ZAIN-G-    (0)    1 :  0.004 0.009 0.005 0.028 0.004 0.893 0.005 0.004 0.011 0.007 0.003 0.003 0.004 0.016 0.002 
170 TMA-ZAIN-G-    (0)    1 :  0.004 0.060 0.032 0.011 0.005 0.607 0.067 0.010 0.018 0.032 0.035 0.024 0.052 0.031 0.013 
171 TMA-ZAIN-G-    (0)    1 :  0.004 0.015 0.004 0.010 0.004 0.913 0.004 0.003 0.015 0.006 0.003 0.003 0.004 0.010 0.003 
172 TMA-ZAIN-G-    (0)    1 :  0.003 0.025 0.023 0.005 0.005 0.748 0.131 0.005 0.008 0.009 0.005 0.003 0.016 0.010 0.003 
173 TMA-ZAIN-G-    (0)    1 :  0.005 0.035 0.036 0.007 0.007 0.401 0.420 0.009 0.014 0.012 0.006 0.003 0.020 0.020 0.003 
174 TMA-ZAIN-G-    (0)    1 :  0.007 0.126 0.469 0.035 0.005 0.163 0.080 0.005 0.020 0.038 0.003 0.003 0.005 0.040 0.002 
175 TMA-ZAIN-G-    (0)    1 :  0.004 0.071 0.005 0.007 0.004 0.786 0.004 0.004 0.079 0.007 0.003 0.003 0.004 0.017 0.003 
176 TMA-ZAIN-G-    (0)    1 :  0.003 0.042 0.005 0.004 0.004 0.888 0.005 0.003 0.018 0.008 0.003 0.003 0.004 0.009 0.002 
177 TMA-ZAIN-G-    (0)    1 :  0.003 0.031 0.005 0.003 0.003 0.902 0.009 0.003 0.009 0.006 0.003 0.003 0.009 0.008 0.002 
178 TMA-ZAIN-G-    (0)    1 :  0.004 0.093 0.010 0.004 0.005 0.498 0.227 0.007 0.015 0.013 0.007 0.004 0.038 0.070 0.004 
179 TMA-ZAIN-G-    (0)    1 :  0.004 0.062 0.008 0.006 0.005 0.823 0.027 0.005 0.008 0.012 0.003 0.003 0.014 0.017 0.002 
180 TMA-ZAIN-G-    (0)    1 :  0.011 0.100 0.392 0.083 0.029 0.024 0.224 0.014 0.005 0.017 0.007 0.004 0.030 0.054 0.007 
181 TMA-ZAIN-G-    (0)    1 :  0.005 0.012 0.020 0.005 0.004 0.009 0.764 0.004 0.011 0.045 0.004 0.005 0.098 0.013 0.003 
182 TMA-ZAIN-G-    (0)    1 :  0.005 0.039 0.419 0.003 0.007 0.026 0.251 0.005 0.005 0.032 0.005 0.007 0.179 0.015 0.003 
183 TMA-ZAIN-G-    (0)    1 :  0.003 0.015 0.009 0.004 0.005 0.010 0.841 0.004 0.006 0.011 0.004 0.004 0.060 0.021 0.003 
184 TMA-ZAIN-G-    (0)    1 :  0.017 0.025 0.017 0.008 0.021 0.016 0.714 0.014 0.010 0.045 0.009 0.027 0.030 0.036 0.011 
185 TMA-ZAIN-G-    (0)    1 :  0.020 0.013 0.033 0.006 0.012 0.007 0.809 0.033 0.007 0.011 0.010 0.012 0.004 0.010 0.015 
186 TMA-ZAIN-G-    (9)    1 :  0.005 0.012 0.054 0.006 0.006 0.015 0.831 0.013 0.010 0.016 0.007 0.004 0.005 0.013 0.005 
187 TMA-ZAIN-G-    (0)    1 :  0.003 0.020 0.014 0.015 0.005 0.011 0.808 0.005 0.042 0.043 0.005 0.004 0.014 0.008 0.003 
188 TMA-ZAIN-G-    (0)    1 :  0.004 0.020 0.016 0.021 0.003 0.006 0.826 0.005 0.047 0.022 0.003 0.003 0.006 0.014 0.003 
189 TMA-ZAIN-G-    (0)    1 :  0.002 0.007 0.011 0.007 0.004 0.006 0.931 0.003 0.004 0.006 0.003 0.002 0.006 0.006 0.003 
190 TMA-ZAIN-G-    (0)    1 :  0.006 0.065 0.010 0.017 0.004 0.035 0.759 0.007 0.026 0.005 0.005 0.003 0.026 0.029 0.003 
191 TMA-ZAIN-G-    (0)    1 :  0.009 0.015 0.008 0.005 0.016 0.009 0.875 0.009 0.008 0.007 0.007 0.010 0.004 0.006 0.014 
192 TMA-ZAIN-G-    (0)    1 :  0.005 0.009 0.016 0.004 0.018 0.009 0.867 0.003 0.014 0.012 0.007 0.004 0.018 0.005 0.010 
193 TMA-ZAIN-G-    (0)    1 :  0.004 0.003 0.004 0.003 0.003 0.003 0.005 0.003 0.003 0.003 0.003 0.002 0.954 0.003 0.002 
194 TMA-ZAIN-G-    (0)    1 :  0.015 0.009 0.036 0.014 0.005 0.009 0.083 0.020 0.006 0.004 0.011 0.003 0.772 0.006 0.007 
195 TMA-ZAIN-G-    (0)    1 :  0.007 0.028 0.031 0.032 0.004 0.028 0.071 0.005 0.024 0.005 0.010 0.003 0.735 0.015 0.003 
196 TMA-ZAIN-G-    (0)    1 :  0.007 0.009 0.011 0.016 0.004 0.006 0.023 0.008 0.005 0.007 0.004 0.003 0.885 0.010 0.003 
197 TMA-ZAIN-G-    (0)    1 :  0.005 0.008 0.013 0.010 0.008 0.012 0.009 0.005 0.009 0.008 0.004 0.003 0.895 0.008 0.003 
198 TMA-ZAIN-G-    (0)    1 :  0.004 0.010 0.007 0.008 0.004 0.015 0.019 0.003 0.008 0.010 0.003 0.003 0.894 0.008 0.003 
199 TMA-ZAIN-G-    (0)    1 :  0.006 0.013 0.038 0.005 0.005 0.010 0.866 0.009 0.008 0.012 0.005 0.003 0.006 0.011 0.004 
200 TMA-ZAIN-G-    (0)    1 :  0.004 0.003 0.003 0.004 0.006 0.004 0.006 0.015 0.003 0.002 0.140 0.019 0.050 0.004 0.738 
201 TMA-ZAIN-G-    (0)    1 :  0.004 0.005 0.003 0.006 0.005 0.004 0.003 0.011 0.004 0.003 0.040 0.009 0.003 0.004 0.894 
202 TMA-ZAIN-G-    (0)    1 :  0.002 0.008 0.004 0.004 0.004 0.007 0.016 0.009 0.003 0.006 0.063 0.018 0.041 0.006 0.809 
203 TMA-ZAIN-G-    (0)    1 :  0.005 0.030 0.060 0.004 0.005 0.015 0.025 0.005 0.009 0.026 0.004 0.016 0.767 0.026 0.002 
204 TMA-ZAIN-G-    (9)    1 :  0.028 0.025 0.008 0.010 0.068 0.017 0.008 0.006 0.017 0.004 0.031 0.005 0.006 0.006 0.762 
205 TMA-ZAIN-G-    (0)    1 :  0.014 0.026 0.011 0.006 0.022 0.011 0.008 0.005 0.010 0.077 0.071 0.006 0.008 0.028 0.699 
206 TMA-ZAIN-G-    (9)    1 :  0.012 0.015 0.007 0.009 0.142 0.023 0.021 0.010 0.007 0.005 0.076 0.014 0.056 0.014 0.587 
207 TMA-ZAIN-G-    (9)    1 :  0.037 0.046 0.013 0.033 0.048 0.015 0.014 0.051 0.014 0.079 0.017 0.008 0.006 0.610 0.007 
208 TMA-ZAIN-G-    (0)    1 :  0.005 0.283 0.007 0.040 0.002 0.112 0.019 0.009 0.016 0.041 0.004 0.003 0.004 0.453 0.003 
209 TMA-ZAIN-G-    (0)    1 :  0.068 0.052 0.221 0.014 0.009 0.235 0.049 0.003 0.056 0.055 0.003 0.003 0.201 0.029 0.003 
210 TMA-ZAIN-G-    (0)    1 :  0.014 0.097 0.062 0.098 0.012 0.124 0.097 0.009 0.053 0.063 0.005 0.004 0.340 0.019 0.003 
211 TMA-ZAIN-G-    (0)    1 :  0.011 0.120 0.415 0.023 0.007 0.102 0.099 0.018 0.047 0.025 0.023 0.010 0.054 0.025 0.020 
212 TMA-ZAIN-G-    (0)    1 :  0.006 0.453 0.042 0.012 0.015 0.123 0.219 0.010 0.005 0.035 0.004 0.004 0.023 0.044 0.004 
213 TMA-ZAIN-G-    (0)    1 :  0.009 0.236 0.037 0.007 0.004 0.293 0.176 0.005 0.024 0.153 0.005 0.003 0.029 0.015 0.004 
214 TMA-ZAIN-G-    (0)    1 :  0.010 0.098 0.193 0.058 0.004 0.196 0.124 0.004 0.067 0.173 0.005 0.003 0.026 0.033 0.004 
215 TMA-ZAIN-G-    (0)    1 :  0.002 0.052 0.009 0.004 0.003 0.370 0.196 0.004 0.032 0.022 0.243 0.003 0.004 0.047 0.008 
216 TMA-ZAIN-G-    (0)    1 :  0.013 0.049 0.150 0.007 0.006 0.171 0.494 0.008 0.013 0.027 0.005 0.003 0.021 0.027 0.005 
217 TMA-ZAIN-G-    (0)    1 :  0.008 0.133 0.161 0.121 0.007 0.317 0.027 0.003 0.093 0.046 0.004 0.003 0.061 0.013 0.003 
218 TMA-ZAIN-G-    (0)    1 :  0.006 0.004 0.012 0.009 0.005 0.013 0.007 0.012 0.004 0.007 0.901 0.006 0.003 0.007 0.004 
219 TMA-ZAIN-G-    (0)    1 :  0.008 0.003 0.008 0.004 0.014 0.004 0.004 0.007 0.004 0.005 0.919 0.005 0.003 0.005 0.006 
220 TMA-ZAIN-G-    (0)    1 :  0.007 0.020 0.007 0.011 0.011 0.008 0.007 0.071 0.006 0.015 0.687 0.030 0.005 0.112 0.005 
221 TMA-ZAIN-G-    (0)    1 :  0.004 0.009 0.013 0.005 0.010 0.012 0.020 0.010 0.006 0.008 0.873 0.003 0.006 0.008 0.012 
222 TMA-ZAIN-G-    (0)    1 :  0.009 0.007 0.012 0.010 0.019 0.011 0.007 0.005 0.006 0.012 0.858 0.016 0.005 0.016 0.006 
223 TMA-ZAIN-G-    (0)    1 :  0.005 0.006 0.005 0.005 0.013 0.005 0.004 0.018 0.004 0.004 0.909 0.005 0.003 0.006 0.007 
224 TMA-ZAIN-G-    (0)    1 :  0.007 0.007 0.030 0.005 0.108 0.009 0.014 0.014 0.005 0.006 0.755 0.017 0.007 0.006 0.011 
225 TMA-ZAIN-G-    (0)    1 :  0.003 0.004 0.003 0.002 0.005 0.005 0.006 0.011 0.003 0.004 0.922 0.010 0.011 0.004 0.007 
226 TMA-ZAIN-G-    (0)    1 :  0.004 0.007 0.005 0.005 0.009 0.011 0.011 0.010 0.008 0.007 0.874 0.011 0.022 0.009 0.007 
227 TMA-ZAIN-G-    (0)    1 :  0.004 0.007 0.004 0.004 0.006 0.015 0.010 0.007 0.008 0.008 0.878 0.009 0.016 0.009 0.014 
228 TMA-ZAIN-G-    (0)    1 :  0.006 0.014 0.007 0.008 0.016 0.026 0.010 0.019 0.026 0.010 0.811 0.012 0.007 0.018 0.010 
229 TMA-ZAIN-G-    (0)    1 :  0.006 0.003 0.003 0.009 0.007 0.006 0.003 0.009 0.003 0.002 0.902 0.020 0.003 0.003 0.022 
230 TMA-ZAIN-G-    (0)    1 :  0.010 0.018 0.051 0.011 0.279 0.092 0.019 0.011 0.025 0.004 0.406 0.045 0.011 0.008 0.008 
231 TMA-ZAIN-G-    (0)    1 :  0.011 0.017 0.012 0.011 0.048 0.025 0.009 0.015 0.018 0.030 0.299 0.093 0.010 0.028 0.374 
232 TMA-ZAIN-G-    (9)    1 :  0.010 0.008 0.036 0.024 0.020 0.018 0.017 0.005 0.007 0.010 0.214 0.224 0.006 0.012 0.391 
233 TMA-ZAIN-G-    (0)    1 :  0.010 0.011 0.022 0.049 0.021 0.020 0.011 0.016 0.026 0.012 0.766 0.005 0.008 0.007 0.015 
234 TMA-ZAIN-G-    (0)    1 :  0.034 0.005 0.005 0.007 0.006 0.006 0.005 0.007 0.005 0.008 0.675 0.175 0.010 0.013 0.039 
235 TMA-ZAIN-G-    (0)    1 :  0.009 0.008 0.004 0.005 0.039 0.009 0.073 0.038 0.058 0.010 0.563 0.127 0.022 0.015 0.019 
236 TMA-ZAIN-G-    (0)    1 :  0.004 0.014 0.008 0.006 0.046 0.013 0.012 0.007 0.012 0.012 0.793 0.022 0.022 0.013 0.016 
237 TMA-ZAIN-G-    (0)    1 :  0.005 0.064 0.022 0.010 0.093 0.100 0.014 0.015 0.121 0.017 0.377 0.125 0.008 0.019 0.010 
238 TMA-ZAIN-G-    (0)    1 :  0.003 0.030 0.017 0.004 0.006 0.014 0.016 0.006 0.025 0.034 0.777 0.024 0.006 0.021 0.018 
239 TMA-ZAIN-G-    (0)    1 :  0.038 0.017 0.008 0.020 0.030 0.004 0.037 0.003 0.003 0.003 0.011 0.004 0.077 0.020 0.726 
240 TMA-ZAIN-G-    (0)    1 :  0.006 0.004 0.003 0.003 0.009 0.006 0.003 0.002 0.005 0.002 0.007 0.004 0.004 0.003 0.938 
241 TMA-ZAIN-G-    (0)    1 :  0.005 0.008 0.004 0.005 0.005 0.016 0.005 0.002 0.012 0.006 0.005 0.004 0.004 0.005 0.915 
242 TMA-ZAIN-G-    (0)    1 :  0.004 0.007 0.003 0.005 0.003 0.007 0.005 0.003 0.006 0.006 0.005 0.003 0.003 0.007 0.934 
243 TMA-ZAIN-G-    (0)    1 :  0.006 0.012 0.005 0.008 0.005 0.017 0.006 0.003 0.012 0.007 0.005 0.003 0.004 0.007 0.901 
244 TMA-ZAIN-G-    (0)    1 :  0.003 0.012 0.003 0.008 0.003 0.017 0.007 0.003 0.013 0.016 0.005 0.004 0.003 0.012 0.890 
245 TMA-ZAIN-G-    (9)    1 :  0.003 0.003 0.003 0.002 0.003 0.004 0.003 0.003 0.003 0.003 0.005 0.004 0.003 0.003 0.954 
246 TMA-ZAIN-G-    (0)    1 :  0.003 0.004 0.003 0.003 0.004 0.003 0.003 0.004 0.003 0.003 0.005 0.002 0.002 0.003 0.953 
247 TMA-ZAIN-G-    (0)    1 :  0.004 0.006 0.004 0.005 0.004 0.004 0.005 0.005 0.003 0.004 0.004 0.002 0.002 0.005 0.944 
248 TMA-ZAIN-G-    (0)    1 :  0.004 0.007 0.003 0.005 0.004 0.008 0.010 0.005 0.006 0.005 0.008 0.005 0.010 0.008 0.914 
249 TMA-ZAIN-G-    (0)    1 :  0.003 0.005 0.003 0.003 0.005 0.004 0.007 0.004 0.003 0.003 0.006 0.003 0.007 0.004 0.941 
250 TMA-ZAIN-G-    (0)    1 :  0.003 0.004 0.003 0.006 0.005 0.003 0.006 0.005 0.003 0.003 0.006 0.002 0.004 0.004 0.943 
251 TMA-ZAIN-G-    (0)    1 :  0.936 0.004 0.006 0.004 0.009 0.004 0.004 0.005 0.003 0.004 0.003 0.005 0.005 0.005 0.003 
252 TMA-ZAIN-G-    (0)    1 :  0.842 0.021 0.005 0.019 0.004 0.022 0.005 0.003 0.022 0.006 0.005 0.003 0.005 0.035 0.003 
253 TMA-ZAIN-G-    (0)    1 :  0.932 0.004 0.004 0.005 0.005 0.004 0.004 0.003 0.004 0.009 0.003 0.004 0.004 0.010 0.004 
254 TMA-ZAIN-G-    (9)    1 :  0.859 0.010 0.012 0.009 0.007 0.012 0.007 0.006 0.007 0.022 0.004 0.008 0.005 0.030 0.003 
