

----------------------------------------------------
STRUCTURE by Pritchard, Stephens and Donnelly (2000)
     and Falush, Stephens and Pritchard (2003)
       Code by Pritchard, Falush and Hubisz
             Version 2.3.4 (Jul 2012)
----------------------------------------------------



Command line arguments:   bin\structure -m C:\Users\eschumacher\Documents\GitHub\GCC_QUAC_ZAIN\Data_Files\Structure_Files\ZAIN\ZAIN_rebinned_allpop_str\50-50\mainparams -e C:\Users\eschumacher\Documents\GitHub\GCC_QUAC_ZAIN\Data_Files\Structure_Files\ZAIN\ZAIN_rebinned_allpop_str\50-50\extraparams 
Input File:    C:\Users\eschumacher\Documents\GitHub\GCC_QUAC_ZAIN\Data_Files\Structure_Files\ZAIN\ZAIN_rebinned_allpop_str\project_data

Run parameters:
   1133 individuals
   11 loci
   14 populations assumed
   50000 Burn-in period
   50000 Reps


--------------------------------------------
Proportion of membership of each pre-defined
 population in each of the 14 clusters

Given    Inferred Clusters                                                                                    Number of
 Pop       1      2      3      4      5      6      7      8      9     10     11     12     13     14      Individuals

  1:     0.140  0.047  0.083  0.036  0.059  0.078  0.093  0.043  0.069  0.093  0.082  0.027  0.077  0.074      303
  2:     0.106  0.015  0.119  0.031  0.043  0.041  0.127  0.022  0.051  0.069  0.055  0.051  0.104  0.164       15
  3:     0.047  0.217  0.017  0.011  0.014  0.021  0.098  0.016  0.093  0.396  0.011  0.017  0.036  0.005        2
  4:     0.023  0.007  0.147  0.021  0.074  0.075  0.077  0.019  0.019  0.097  0.050  0.248  0.115  0.029        2
  5:     0.019  0.171  0.046  0.054  0.064  0.036  0.026  0.018  0.049  0.343  0.034  0.017  0.110  0.014        7
  6:     0.620  0.079  0.112  0.006  0.068  0.005  0.009  0.039  0.008  0.009  0.015  0.011  0.012  0.006       13
  7:     0.900  0.005  0.006  0.004  0.007  0.005  0.006  0.010  0.005  0.015  0.015  0.010  0.007  0.004       13
  8:     0.013  0.051  0.040  0.065  0.144  0.446  0.036  0.028  0.037  0.017  0.009  0.014  0.091  0.009        7
  9:     0.015  0.050  0.252  0.023  0.078  0.050  0.155  0.023  0.049  0.012  0.050  0.038  0.196  0.008       11
 10:     0.011  0.014  0.045  0.018  0.087  0.370  0.040  0.013  0.059  0.123  0.064  0.061  0.081  0.015        9
 11:     0.032  0.005  0.007  0.005  0.006  0.013  0.010  0.013  0.009  0.013  0.865  0.009  0.009  0.006       35
 12:     0.005  0.014  0.094  0.024  0.071  0.171  0.269  0.018  0.124  0.006  0.006  0.008  0.173  0.016       36
 13:     0.005  0.022  0.055  0.027  0.019  0.093  0.263  0.009  0.122  0.006  0.005  0.012  0.353  0.009       33
 14:     0.017  0.009  0.006  0.010  0.011  0.008  0.012  0.039  0.007  0.006  0.008  0.009  0.016  0.841       40
 15:     0.003  0.894  0.022  0.007  0.019  0.007  0.009  0.006  0.007  0.004  0.004  0.005  0.007  0.006       39
 16:     0.058  0.011  0.021  0.027  0.014  0.027  0.026  0.015  0.024  0.149  0.212  0.356  0.034  0.025       40
 17:     0.077  0.010  0.009  0.017  0.011  0.009  0.015  0.043  0.011  0.660  0.048  0.057  0.012  0.019       37
 18:     0.003  0.012  0.047  0.021  0.035  0.559  0.105  0.008  0.032  0.004  0.005  0.006  0.158  0.006       40
 19:     0.008  0.014  0.006  0.003  0.005  0.005  0.006  0.040  0.004  0.007  0.883  0.006  0.006  0.005       28
 20:     0.005  0.005  0.005  0.006  0.007  0.004  0.007  0.925  0.005  0.004  0.004  0.005  0.006  0.012       14
 21:     0.802  0.036  0.012  0.005  0.008  0.007  0.014  0.020  0.008  0.056  0.009  0.007  0.009  0.007       13
 22:     0.003  0.015  0.012  0.005  0.914  0.008  0.007  0.005  0.005  0.003  0.004  0.005  0.007  0.008       14
 23:     0.004  0.008  0.012  0.023  0.031  0.019  0.083  0.007  0.734  0.004  0.004  0.005  0.059  0.006       25
 24:     0.005  0.006  0.008  0.892  0.009  0.012  0.011  0.006  0.010  0.006  0.006  0.005  0.015  0.008       40
 25:     0.010  0.016  0.031  0.009  0.063  0.025  0.029  0.038  0.015  0.012  0.033  0.020  0.023  0.676       32
 26:     0.933  0.005  0.006  0.006  0.003  0.004  0.007  0.005  0.006  0.006  0.003  0.004  0.006  0.005       20
 27:     0.008  0.004  0.007  0.005  0.016  0.017  0.009  0.016  0.008  0.042  0.636  0.215  0.010  0.006        4
 28:     0.023  0.005  0.014  0.012  0.010  0.054  0.015  0.012  0.016  0.012  0.755  0.025  0.039  0.009       23
 29:     0.007  0.006  0.005  0.005  0.007  0.007  0.006  0.006  0.005  0.017  0.904  0.010  0.006  0.009       39
 30:     0.854  0.004  0.005  0.005  0.006  0.007  0.008  0.023  0.006  0.009  0.050  0.010  0.007  0.006       38
 31:     0.005  0.152  0.535  0.046  0.083  0.029  0.048  0.008  0.021  0.006  0.005  0.011  0.043  0.010       45
 32:     0.007  0.130  0.272  0.019  0.082  0.065  0.149  0.017  0.088  0.010  0.005  0.007  0.136  0.012       28
 33:     0.009  0.007  0.004  0.005  0.006  0.005  0.005  0.006  0.004  0.017  0.913  0.008  0.006  0.007        6
 34:     0.006  0.009  0.010  0.013  0.010  0.006  0.007  0.012  0.007  0.030  0.013  0.863  0.008  0.006       40
 35:     0.056  0.010  0.018  0.012  0.012  0.006  0.011  0.016  0.008  0.787  0.016  0.030  0.008  0.010       42
--------------------------------------------

Allele-freq. divergence among pops (Net nucleotide distance),
computed using point estimates of P.

      1       2       3       4       5       6       7       8       9      10      11      12      13      14      
 1      -    0.3704  0.2946  0.3790  0.3464  0.3760  0.3053  0.2365  0.3050  0.1126  0.1587  0.2163  0.3000  0.2791  
 2   0.3704     -    0.1420  0.2880  0.1710  0.3011  0.2365  0.2443  0.2502  0.1970  0.2908  0.2321  0.2500  0.2065  
 3   0.2946  0.1420     -    0.1459  0.0573  0.0936  0.0753  0.2047  0.1165  0.1649  0.2698  0.1289  0.0753  0.2242  
 4   0.3790  0.2880  0.1459     -    0.1551  0.1640  0.1539  0.2836  0.1220  0.2890  0.3598  0.1775  0.1043  0.2275  
 5   0.3464  0.1710  0.0573  0.1551     -    0.1032  0.0995  0.1812  0.1473  0.1863  0.2469  0.1294  0.0796  0.1843  
 6   0.3760  0.3011  0.0936  0.1640  0.1032     -    0.0609  0.2737  0.1055  0.2544  0.2706  0.2051  0.0407  0.2874  
 7   0.3053  0.2365  0.0753  0.1539  0.0995  0.0609     -    0.1898  0.0612  0.2038  0.2602  0.1723  0.0307  0.2667  
 8   0.2365  0.2443  0.2047  0.2836  0.1812  0.2737  0.1898     -    0.2135  0.1484  0.2296  0.1711  0.1883  0.2069  
 9   0.3050  0.2502  0.1165  0.1220  0.1473  0.1055  0.0612  0.2135     -    0.2032  0.2712  0.1953  0.0714  0.2453  
10   0.1126  0.1970  0.1649  0.2890  0.1863  0.2544  0.2038  0.1484  0.2032     -    0.0988  0.0946  0.1968  0.1702  
11   0.1587  0.2908  0.2698  0.3598  0.2469  0.2706  0.2602  0.2296  0.2712  0.0988     -    0.1638  0.2312  0.1837  
12   0.2163  0.2321  0.1289  0.1775  0.1294  0.2051  0.1723  0.1711  0.1953  0.0946  0.1638     -    0.1256  0.1821  
13   0.3000  0.2500  0.0753  0.1043  0.0796  0.0407  0.0307  0.1883  0.0714  0.1968  0.2312  0.1256     -    0.2192  
14   0.2791  0.2065  0.2242  0.2275  0.1843  0.2874  0.2667  0.2069  0.2453  0.1702  0.1837  0.1821  0.2192     -    

Average distances (expected heterozygosity) between individuals in same cluster:
cluster  1  : 0.4070 
cluster  2  : 0.2372 
cluster  3  : 0.4373 
cluster  4  : 0.3528 
cluster  5  : 0.3630 
cluster  6  : 0.3270 
cluster  7  : 0.3401 
cluster  8  : 0.2565 
cluster  9  : 0.3921 
cluster 10  : 0.5259 
cluster 11  : 0.4682 
cluster 12  : 0.4685 
cluster 13  : 0.4059 
cluster 14  : 0.3718 

--------------------------------------------
Estimated Ln Prob of Data   = -20802.7
Mean value of ln likelihood = -19932.0
Variance of ln likelihood   = 1741.4
Mean value of alpha         = 0.0349

Mean value of Fst_1         = 0.4446
Mean value of Fst_2         = 0.5890
Mean value of Fst_3         = 0.3063
Mean value of Fst_4         = 0.4231
Mean value of Fst_5         = 0.4930
Mean value of Fst_6         = 0.4206
Mean value of Fst_7         = 0.3671
Mean value of Fst_8         = 0.6095
Mean value of Fst_9         = 0.3787
Mean value of Fst_10         = 0.1753
Mean value of Fst_11         = 0.3926
Mean value of Fst_12         = 0.2963
Mean value of Fst_13         = 0.3224
Mean value of Fst_14         = 0.4579


Inferred ancestry of individuals:
        Label (%Miss) Pop:  Inferred clusters
  1 TMA-ZAIN-G-    (9)    1 :  0.007 0.060 0.058 0.007 0.012 0.007 0.008 0.008 0.006 0.061 0.674 0.020 0.063 0.009 
  2 TMA-ZAIN-G-    (0)    1 :  0.008 0.009 0.018 0.004 0.005 0.012 0.020 0.015 0.175 0.018 0.648 0.007 0.040 0.019 
  3 TMA-ZAIN-G-    (0)    1 :  0.004 0.030 0.053 0.078 0.129 0.148 0.041 0.008 0.020 0.005 0.006 0.019 0.452 0.009 
  4 TMA-ZAIN-G-    (0)    1 :  0.004 0.018 0.009 0.045 0.015 0.109 0.037 0.586 0.015 0.005 0.010 0.005 0.123 0.018 
  5 TMA-ZAIN-G-    (0)    1 :  0.005 0.002 0.002 0.002 0.003 0.003 0.003 0.005 0.002 0.004 0.953 0.006 0.003 0.006 
  6 TMA-ZAIN-G-    (0)    1 :  0.029 0.014 0.030 0.054 0.105 0.026 0.019 0.033 0.015 0.030 0.027 0.261 0.339 0.017 
  7 TMA-ZAIN-G-    (0)    1 :  0.006 0.031 0.030 0.007 0.230 0.031 0.314 0.085 0.016 0.010 0.010 0.015 0.204 0.011 
  8 TMA-ZAIN-G-    (0)    1 :  0.003 0.004 0.006 0.009 0.912 0.013 0.009 0.004 0.007 0.003 0.004 0.005 0.012 0.009 
  9 TMA-ZAIN-G-    (9)    1 :  0.005 0.008 0.146 0.023 0.022 0.048 0.244 0.008 0.077 0.005 0.007 0.027 0.375 0.005 
 10 TMA-ZAIN-G-    (0)    1 :  0.004 0.013 0.194 0.030 0.069 0.036 0.333 0.012 0.044 0.006 0.003 0.029 0.219 0.009 
 11 TMA-ZAIN-G-    (0)    1 :  0.004 0.008 0.091 0.004 0.011 0.006 0.601 0.014 0.011 0.006 0.005 0.006 0.227 0.005 
 12 TMA-ZAIN-G-    (0)    1 :  0.003 0.025 0.037 0.005 0.017 0.542 0.062 0.005 0.007 0.006 0.006 0.009 0.271 0.005 
 13 TMA-ZAIN-G-    (9)    1 :  0.064 0.115 0.143 0.017 0.044 0.049 0.183 0.015 0.205 0.028 0.039 0.016 0.064 0.019 
 14 TMA-ZAIN-G-    (9)    1 :  0.010 0.813 0.062 0.007 0.008 0.010 0.024 0.005 0.019 0.009 0.003 0.010 0.012 0.008 
 15 TMA-ZAIN-G-    (0)    1 :  0.002 0.670 0.180 0.010 0.008 0.005 0.005 0.004 0.005 0.007 0.003 0.006 0.088 0.007 
 16 TMA-ZAIN-G-    (0)    1 :  0.005 0.006 0.025 0.005 0.008 0.417 0.337 0.005 0.012 0.005 0.004 0.007 0.161 0.003 
 17 TMA-ZAIN-G-    (9)    1 :  0.008 0.016 0.705 0.007 0.071 0.008 0.008 0.104 0.005 0.018 0.008 0.013 0.010 0.020 
 18 TMA-ZAIN-G-    (0)    1 :  0.006 0.013 0.008 0.006 0.014 0.018 0.006 0.011 0.005 0.163 0.676 0.022 0.007 0.045 
 19 TMA-ZAIN-G-    (0)    1 :  0.029 0.012 0.024 0.006 0.076 0.024 0.023 0.045 0.008 0.583 0.014 0.132 0.020 0.004 
 20 TMA-ZAIN-G-    (0)    1 :  0.055 0.004 0.003 0.005 0.004 0.003 0.004 0.007 0.005 0.831 0.037 0.008 0.004 0.033 
 21 TMA-ZAIN-G-    (0)    1 :  0.946 0.002 0.005 0.005 0.003 0.004 0.004 0.004 0.003 0.004 0.003 0.005 0.005 0.006 
 22 TMA-ZAIN-G-    (0)    1 :  0.872 0.003 0.003 0.002 0.003 0.003 0.003 0.010 0.003 0.014 0.065 0.010 0.003 0.006 
 23 TMA-ZAIN-G-    (0)    1 :  0.848 0.008 0.008 0.003 0.010 0.006 0.008 0.011 0.006 0.034 0.017 0.029 0.006 0.004 
 24 TMA-ZAIN-G-    (9)    1 :  0.647 0.021 0.016 0.087 0.003 0.008 0.009 0.003 0.178 0.003 0.007 0.003 0.007 0.006 
 25 TMA-ZAIN-G-    (9)    1 :  0.010 0.004 0.010 0.004 0.003 0.008 0.004 0.003 0.106 0.687 0.075 0.009 0.073 0.004 
 26 TMA-ZAIN-G-    (9)    1 :  0.025 0.011 0.093 0.008 0.017 0.011 0.024 0.011 0.106 0.011 0.006 0.005 0.210 0.462 
 27 TMA-ZAIN-G-    (0)    1 :  0.019 0.072 0.017 0.009 0.010 0.003 0.012 0.024 0.005 0.066 0.068 0.672 0.008 0.015 
 28 TMA-ZAIN-G-    (0)    1 :  0.004 0.009 0.005 0.004 0.009 0.005 0.005 0.006 0.004 0.014 0.009 0.916 0.006 0.004 
 29 TMA-ZAIN-G-    (0)    1 :  0.004 0.005 0.006 0.713 0.004 0.004 0.004 0.003 0.006 0.222 0.003 0.005 0.004 0.016 
 30 TMA-ZAIN-G-    (0)    1 :  0.004 0.058 0.183 0.028 0.015 0.040 0.050 0.007 0.088 0.028 0.004 0.450 0.038 0.006 
 31 TMA-ZAIN-G-    (0)    1 :  0.012 0.006 0.004 0.006 0.007 0.004 0.007 0.019 0.009 0.013 0.840 0.006 0.006 0.063 
 32 TMA-ZAIN-G-    (9)    1 :  0.066 0.012 0.054 0.004 0.006 0.040 0.011 0.006 0.007 0.099 0.372 0.007 0.310 0.006 
 33 TMA-ZAIN-G-   (18)    1 :  0.003 0.005 0.108 0.010 0.023 0.043 0.020 0.004 0.008 0.004 0.004 0.006 0.759 0.004 
 34 TMA-ZAIN-G-    (0)    1 :  0.025 0.005 0.013 0.005 0.007 0.113 0.027 0.005 0.014 0.016 0.070 0.009 0.684 0.007 
 35 TMA-ZAIN-G-    (9)    1 :  0.003 0.011 0.043 0.022 0.009 0.018 0.015 0.008 0.020 0.006 0.007 0.009 0.819 0.007 
 36 TMA-ZAIN-G-    (0)    1 :  0.003 0.108 0.225 0.010 0.051 0.015 0.028 0.008 0.286 0.005 0.004 0.006 0.236 0.016 
 37 TMA-ZAIN-G-    (9)    1 :  0.005 0.004 0.045 0.006 0.015 0.012 0.017 0.015 0.021 0.004 0.004 0.010 0.837 0.005 
 38 TMA-ZAIN-G-   (18)    1 :  0.023 0.033 0.063 0.006 0.006 0.015 0.013 0.013 0.017 0.113 0.434 0.006 0.251 0.007 
 39 TMA-ZAIN-G-    (0)    1 :  0.005 0.004 0.061 0.012 0.019 0.088 0.048 0.008 0.675 0.004 0.004 0.008 0.058 0.008 
 40 TMA-ZAIN-G-    (0)    1 :  0.005 0.004 0.652 0.006 0.013 0.100 0.024 0.016 0.085 0.005 0.003 0.004 0.078 0.005 
 41 TMA-ZAIN-G-    (0)    1 :  0.003 0.027 0.648 0.006 0.035 0.016 0.008 0.003 0.218 0.003 0.003 0.005 0.018 0.005 
 42 TMA-ZAIN-G-    (9)    1 :  0.002 0.092 0.795 0.008 0.045 0.008 0.005 0.004 0.008 0.004 0.003 0.003 0.006 0.016 
 43 TMA-ZAIN-G-    (0)    1 :  0.002 0.928 0.009 0.010 0.014 0.003 0.005 0.004 0.004 0.004 0.003 0.003 0.004 0.005 
 44 TMA-ZAIN-G-    (0)    1 :  0.763 0.004 0.008 0.007 0.007 0.008 0.086 0.008 0.042 0.013 0.005 0.003 0.040 0.004 
 45 TMA-ZAIN-G-    (0)    1 :  0.006 0.015 0.168 0.006 0.016 0.099 0.474 0.013 0.012 0.008 0.006 0.011 0.156 0.009 
 46 TMA-ZAIN-G-    (0)    1 :  0.944 0.004 0.003 0.003 0.003 0.003 0.005 0.010 0.005 0.006 0.004 0.003 0.003 0.006 
 47 TMA-ZAIN-G-    (0)    1 :  0.004 0.004 0.004 0.004 0.005 0.005 0.003 0.013 0.004 0.004 0.004 0.004 0.005 0.939 
 48 TMA-ZAIN-G-    (0)    1 :  0.034 0.059 0.161 0.017 0.144 0.017 0.109 0.155 0.013 0.013 0.007 0.049 0.050 0.173 
 49 TMA-ZAIN-G-    (9)    1 :  0.006 0.004 0.008 0.042 0.008 0.030 0.014 0.020 0.006 0.802 0.013 0.013 0.028 0.006 
 50 TMA-ZAIN-G-    (0)    1 :  0.005 0.009 0.076 0.004 0.013 0.011 0.006 0.005 0.027 0.803 0.012 0.022 0.006 0.003 
 51 TMA-ZAIN-G-    (0)    1 :  0.007 0.058 0.021 0.007 0.011 0.004 0.013 0.014 0.008 0.802 0.007 0.022 0.010 0.017 
 52 TMA-ZAIN-G-    (0)    1 :  0.009 0.017 0.008 0.003 0.008 0.011 0.009 0.122 0.006 0.730 0.005 0.032 0.007 0.032 
 53 TMA-ZAIN-G-    (0)    1 :  0.006 0.036 0.011 0.004 0.012 0.004 0.015 0.067 0.011 0.623 0.137 0.008 0.006 0.060 
 54 TMA-ZAIN-G-    (0)    1 :  0.004 0.011 0.010 0.003 0.010 0.008 0.006 0.004 0.004 0.008 0.005 0.011 0.006 0.909 
 55 TMA-ZAIN-G-    (0)    1 :  0.007 0.021 0.038 0.003 0.015 0.010 0.007 0.003 0.004 0.022 0.004 0.026 0.006 0.833 
 56 TMA-ZAIN-G-    (0)    1 :  0.007 0.031 0.207 0.024 0.078 0.013 0.043 0.391 0.021 0.029 0.007 0.062 0.038 0.048 
 57 TMA-ZAIN-G-    (0)    1 :  0.003 0.006 0.006 0.008 0.007 0.039 0.010 0.010 0.010 0.026 0.009 0.005 0.012 0.850 
 58 TMA-ZAIN-G-    (0)    1 :  0.141 0.009 0.016 0.007 0.041 0.016 0.007 0.012 0.004 0.406 0.051 0.241 0.012 0.039 
 59 TMA-ZAIN-G-    (0)    1 :  0.023 0.008 0.022 0.019 0.042 0.015 0.111 0.038 0.020 0.014 0.562 0.024 0.082 0.017 
 60 TMA-ZAIN-G-    (0)    1 :  0.009 0.136 0.014 0.007 0.021 0.006 0.025 0.043 0.006 0.120 0.514 0.064 0.013 0.022 
 61 TMA-ZAIN-G-    (0)    1 :  0.020 0.003 0.003 0.003 0.004 0.003 0.004 0.030 0.003 0.010 0.890 0.007 0.005 0.013 
 62 TMA-ZAIN-G-    (9)    1 :  0.019 0.007 0.041 0.007 0.012 0.033 0.032 0.003 0.020 0.020 0.671 0.066 0.055 0.012 
 63 TMA-ZAIN-G-    (0)    1 :  0.007 0.007 0.005 0.003 0.006 0.007 0.005 0.013 0.003 0.011 0.907 0.009 0.005 0.011 
 64 TMA-ZAIN-G-    (0)    1 :  0.002 0.005 0.005 0.940 0.004 0.005 0.008 0.004 0.010 0.002 0.002 0.003 0.006 0.003 
 65 TMA-ZAIN-G-    (9)    1 :  0.002 0.006 0.007 0.889 0.010 0.019 0.008 0.005 0.006 0.003 0.003 0.006 0.029 0.007 
 66 TMA-ZAIN-G-    (0)    1 :  0.003 0.005 0.009 0.879 0.008 0.011 0.029 0.005 0.016 0.003 0.003 0.004 0.023 0.004 
 67 TMA-ZAIN-G-    (0)    1 :  0.013 0.003 0.013 0.712 0.007 0.021 0.051 0.004 0.099 0.009 0.004 0.014 0.044 0.006 
 68 TMA-ZAIN-G-    (0)    1 :  0.002 0.006 0.005 0.940 0.011 0.005 0.005 0.004 0.004 0.002 0.002 0.003 0.005 0.004 
 69 TMA-ZAIN-G-    (0)    1 :  0.024 0.018 0.007 0.715 0.007 0.031 0.032 0.022 0.042 0.024 0.017 0.007 0.045 0.009 
 70 TMA-ZAIN-G-    (0)    1 :  0.004 0.004 0.007 0.011 0.004 0.008 0.034 0.004 0.898 0.004 0.003 0.004 0.012 0.003 
 71 TMA-ZAIN-G-    (0)    1 :  0.003 0.003 0.006 0.004 0.004 0.011 0.019 0.004 0.921 0.003 0.003 0.003 0.011 0.003 
 72 TMA-ZAIN-G-    (0)    1 :  0.003 0.006 0.010 0.012 0.006 0.007 0.009 0.004 0.908 0.004 0.003 0.007 0.014 0.007 
 73 TMA-ZAIN-G-    (0)    1 :  0.026 0.003 0.005 0.006 0.006 0.007 0.007 0.004 0.853 0.018 0.020 0.019 0.012 0.014 
 74 TMA-ZAIN-G-    (0)    1 :  0.005 0.004 0.005 0.004 0.006 0.012 0.009 0.003 0.920 0.007 0.004 0.005 0.011 0.005 
 75 TMA-ZAIN-G-    (0)    1 :  0.003 0.005 0.005 0.005 0.006 0.008 0.007 0.004 0.925 0.005 0.004 0.006 0.011 0.007 
 76 TMA-ZAIN-G-    (0)    1 :  0.014 0.003 0.005 0.005 0.004 0.008 0.018 0.003 0.910 0.008 0.004 0.004 0.011 0.003 
 77 TMA-ZAIN-G-    (0)    1 :  0.005 0.006 0.007 0.006 0.004 0.004 0.007 0.007 0.929 0.005 0.003 0.005 0.007 0.004 
 78 TMA-ZAIN-G-    (0)    1 :  0.010 0.005 0.005 0.005 0.006 0.006 0.021 0.009 0.896 0.009 0.005 0.007 0.010 0.007 
 79 TMA-ZAIN-G-    (0)    1 :  0.007 0.006 0.008 0.004 0.006 0.007 0.011 0.024 0.899 0.006 0.004 0.005 0.009 0.004 
 80 TMA-ZAIN-G-    (0)    1 :  0.004 0.004 0.020 0.018 0.011 0.106 0.033 0.006 0.747 0.003 0.003 0.007 0.027 0.010 
 81 TMA-ZAIN-G-    (0)    1 :  0.005 0.008 0.012 0.005 0.010 0.013 0.055 0.026 0.816 0.007 0.004 0.007 0.027 0.006 
 82 TMA-ZAIN-G-    (0)    1 :  0.003 0.007 0.008 0.174 0.016 0.054 0.284 0.008 0.072 0.004 0.005 0.006 0.343 0.016 
 83 TMA-ZAIN-G-    (9)    1 :  0.025 0.005 0.008 0.031 0.020 0.207 0.030 0.005 0.013 0.014 0.037 0.033 0.555 0.017 
 84 TMA-ZAIN-G-    (0)    1 :  0.013 0.005 0.010 0.005 0.007 0.013 0.063 0.012 0.836 0.007 0.003 0.006 0.016 0.004 
 85 TMA-ZAIN-G-    (0)    1 :  0.003 0.004 0.003 0.003 0.004 0.004 0.004 0.953 0.003 0.004 0.004 0.005 0.003 0.003 
 86 TMA-ZAIN-G-    (0)    1 :  0.006 0.003 0.008 0.005 0.008 0.008 0.010 0.920 0.006 0.004 0.003 0.005 0.009 0.005 
 87 TMA-ZAIN-G-    (0)    1 :  0.005 0.003 0.003 0.002 0.004 0.003 0.004 0.954 0.003 0.004 0.004 0.004 0.004 0.003 
 88 TMA-ZAIN-G-    (0)    1 :  0.010 0.021 0.012 0.032 0.015 0.099 0.043 0.399 0.031 0.009 0.194 0.010 0.072 0.052 
 89 TMA-ZAIN-G-    (0)    1 :  0.037 0.041 0.013 0.026 0.010 0.034 0.045 0.298 0.042 0.008 0.027 0.004 0.027 0.388 
 90 TMA-ZAIN-G-    (0)    1 :  0.004 0.004 0.004 0.013 0.005 0.021 0.008 0.836 0.004 0.009 0.016 0.007 0.028 0.042 
 91 TMA-ZAIN-G-    (0)    1 :  0.007 0.013 0.007 0.010 0.015 0.008 0.015 0.777 0.007 0.007 0.059 0.022 0.010 0.042 
 92 TMA-ZAIN-G-    (0)    1 :  0.039 0.013 0.010 0.006 0.008 0.004 0.012 0.480 0.011 0.038 0.009 0.025 0.010 0.336 
 93 TMA-ZAIN-G-    (0)    1 :  0.013 0.024 0.007 0.009 0.007 0.004 0.008 0.188 0.007 0.031 0.046 0.107 0.008 0.542 
 94 TMA-ZAIN-G-    (0)    1 :  0.010 0.006 0.003 0.005 0.005 0.003 0.005 0.741 0.005 0.010 0.133 0.014 0.005 0.054 
 95 TMA-ZAIN-G-    (0)    1 :  0.006 0.015 0.017 0.007 0.004 0.006 0.005 0.005 0.010 0.027 0.006 0.883 0.005 0.004 
 96 TMA-ZAIN-G-    (0)    1 :  0.007 0.016 0.100 0.004 0.006 0.009 0.005 0.009 0.003 0.062 0.006 0.762 0.005 0.005 
 97 TMA-ZAIN-G-    (0)    1 :  0.006 0.008 0.004 0.007 0.007 0.004 0.010 0.008 0.014 0.017 0.892 0.005 0.005 0.012 
 98 TMA-ZAIN-G-    (0)    1 :  0.004 0.006 0.004 0.005 0.007 0.003 0.009 0.007 0.014 0.005 0.918 0.003 0.005 0.010 
 99 TMA-ZAIN-G-    (0)    1 :  0.012 0.006 0.034 0.014 0.009 0.021 0.086 0.004 0.006 0.006 0.673 0.008 0.118 0.003 
100 TMA-ZAIN-G-    (0)    1 :  0.016 0.008 0.003 0.005 0.005 0.003 0.006 0.034 0.006 0.025 0.852 0.007 0.005 0.026 
101 TMA-ZAIN-G-    (0)    1 :  0.005 0.006 0.004 0.006 0.006 0.005 0.025 0.004 0.009 0.009 0.890 0.005 0.010 0.013 
102 TMA-ZAIN-G-    (0)    1 :  0.198 0.033 0.051 0.012 0.008 0.049 0.015 0.040 0.018 0.155 0.367 0.023 0.020 0.009 
103 TMA-ZAIN-G-    (0)    1 :  0.016 0.008 0.011 0.006 0.012 0.024 0.017 0.030 0.008 0.059 0.766 0.020 0.018 0.006 
104 TMA-ZAIN-G-    (0)    1 :  0.006 0.004 0.004 0.002 0.005 0.004 0.003 0.004 0.003 0.007 0.944 0.005 0.004 0.005 
105 TMA-ZAIN-G-    (0)    1 :  0.010 0.007 0.013 0.006 0.016 0.029 0.020 0.047 0.008 0.031 0.764 0.020 0.024 0.007 
106 TMA-ZAIN-G-    (0)    1 :  0.003 0.107 0.451 0.053 0.046 0.061 0.088 0.008 0.094 0.004 0.004 0.006 0.069 0.006 
107 TMA-ZAIN-G-    (0)    1 :  0.003 0.014 0.021 0.012 0.027 0.375 0.185 0.007 0.146 0.005 0.005 0.006 0.186 0.007 
108 TMA-ZAIN-G-    (9)    1 :  0.047 0.028 0.059 0.006 0.011 0.010 0.039 0.043 0.019 0.064 0.152 0.010 0.502 0.011 
109 TMA-ZAIN-G-    (0)    1 :  0.006 0.025 0.081 0.150 0.075 0.172 0.019 0.015 0.008 0.008 0.275 0.052 0.056 0.059 
110 TMA-ZAIN-G-    (0)    1 :  0.136 0.014 0.074 0.007 0.070 0.094 0.189 0.021 0.020 0.115 0.054 0.026 0.165 0.016 
111 TMA-ZAIN-G-    (9)    1 :  0.113 0.004 0.015 0.012 0.009 0.150 0.029 0.006 0.047 0.095 0.387 0.024 0.087 0.022 
112 TMA-ZAIN-G-    (0)    1 :  0.049 0.034 0.161 0.016 0.061 0.082 0.096 0.016 0.016 0.095 0.250 0.045 0.054 0.026 
113 TMA-ZAIN-G-    (0)    1 :  0.007 0.006 0.005 0.010 0.008 0.013 0.018 0.006 0.024 0.005 0.865 0.004 0.011 0.019 
114 TMA-ZAIN-G-    (0)    1 :  0.011 0.002 0.003 0.003 0.003 0.004 0.003 0.006 0.003 0.005 0.945 0.005 0.003 0.004 
115 TMA-ZAIN-G-    (0)    1 :  0.005 0.004 0.003 0.003 0.003 0.005 0.003 0.003 0.004 0.004 0.950 0.005 0.004 0.004 
116 TMA-ZAIN-G-    (0)    1 :  0.003 0.007 0.006 0.010 0.017 0.402 0.025 0.006 0.012 0.004 0.006 0.007 0.482 0.013 
117 TMA-ZAIN-G-    (0)    1 :  0.003 0.064 0.041 0.189 0.144 0.033 0.053 0.032 0.074 0.008 0.007 0.032 0.288 0.032 
118 TMA-ZAIN-G-    (0)    1 :  0.003 0.030 0.016 0.028 0.017 0.477 0.017 0.006 0.013 0.007 0.006 0.014 0.357 0.009 
119 TMA-ZAIN-G-    (0)    1 :  0.016 0.005 0.007 0.024 0.013 0.368 0.021 0.005 0.046 0.018 0.022 0.018 0.429 0.009 
120 TMA-ZAIN-G-    (0)    1 :  0.004 0.078 0.016 0.019 0.017 0.304 0.033 0.013 0.020 0.010 0.008 0.020 0.448 0.011 
121 TMA-ZAIN-G-    (0)    1 :  0.003 0.012 0.023 0.071 0.043 0.075 0.028 0.007 0.016 0.005 0.006 0.019 0.681 0.013 
122 TMA-ZAIN-G-    (0)    1 :  0.005 0.010 0.026 0.019 0.085 0.043 0.062 0.058 0.023 0.005 0.004 0.039 0.612 0.009 
123 TMA-ZAIN-G-    (0)    1 :  0.009 0.012 0.005 0.004 0.005 0.005 0.006 0.009 0.005 0.014 0.910 0.006 0.006 0.005 
124 TMA-ZAIN-G-    (0)    1 :  0.003 0.007 0.025 0.003 0.916 0.007 0.007 0.006 0.004 0.004 0.004 0.006 0.006 0.003 
125 TMA-ZAIN-G-    (0)    1 :  0.002 0.010 0.011 0.011 0.908 0.005 0.005 0.005 0.005 0.003 0.002 0.004 0.005 0.024 
126 TMA-ZAIN-G-    (0)    1 :  0.003 0.017 0.016 0.004 0.911 0.011 0.007 0.005 0.004 0.003 0.004 0.004 0.006 0.006 
127 TMA-ZAIN-G-    (0)    1 :  0.003 0.008 0.057 0.005 0.878 0.010 0.010 0.005 0.004 0.003 0.003 0.004 0.008 0.003 
128 TMA-ZAIN-G-    (0)    1 :  0.003 0.005 0.014 0.012 0.908 0.008 0.009 0.006 0.005 0.003 0.003 0.007 0.013 0.005 
129 TMA-ZAIN-G-    (0)    1 :  0.003 0.008 0.009 0.005 0.929 0.006 0.007 0.005 0.004 0.004 0.005 0.005 0.007 0.004 
130 TMA-ZAIN-G-    (0)    1 :  0.002 0.016 0.007 0.005 0.916 0.008 0.005 0.005 0.004 0.004 0.004 0.004 0.005 0.013 
131 TMA-ZAIN-G-    (0)    1 :  0.003 0.008 0.021 0.004 0.918 0.007 0.006 0.007 0.004 0.004 0.003 0.006 0.006 0.004 
132 TMA-ZAIN-G-    (0)    1 :  0.003 0.007 0.014 0.015 0.893 0.008 0.010 0.005 0.006 0.003 0.003 0.006 0.013 0.014 
133 TMA-ZAIN-G-    (0)    1 :  0.012 0.129 0.440 0.091 0.042 0.045 0.022 0.053 0.084 0.017 0.003 0.014 0.022 0.026 
134 TMA-ZAIN-G-    (0)    1 :  0.008 0.252 0.106 0.074 0.276 0.108 0.013 0.043 0.063 0.007 0.003 0.005 0.019 0.023 
135 TMA-ZAIN-G-    (0)    1 :  0.006 0.019 0.055 0.028 0.077 0.508 0.087 0.031 0.069 0.005 0.004 0.004 0.095 0.013 
136 TMA-ZAIN-G-    (0)    1 :  0.005 0.007 0.038 0.546 0.031 0.064 0.045 0.005 0.030 0.004 0.005 0.009 0.196 0.015 
137 TMA-ZAIN-G-    (0)    1 :  0.007 0.005 0.013 0.004 0.014 0.872 0.011 0.018 0.022 0.006 0.004 0.004 0.014 0.005 
138 TMA-ZAIN-G-    (0)    1 :  0.003 0.027 0.079 0.014 0.366 0.264 0.079 0.004 0.018 0.003 0.004 0.004 0.121 0.016 
139 TMA-ZAIN-G-    (0)    1 :  0.005 0.021 0.035 0.012 0.225 0.430 0.029 0.012 0.060 0.004 0.004 0.003 0.086 0.075 
140 TMA-ZAIN-G-    (0)    1 :  0.004 0.006 0.049 0.008 0.019 0.174 0.479 0.004 0.019 0.004 0.003 0.010 0.216 0.004 
141 TMA-ZAIN-G-    (0)    1 :  0.003 0.019 0.019 0.006 0.041 0.059 0.678 0.010 0.034 0.005 0.006 0.006 0.108 0.005 
142 TMA-ZAIN-G-    (9)    1 :  0.003 0.006 0.021 0.013 0.014 0.162 0.580 0.006 0.016 0.004 0.003 0.006 0.163 0.004 
143 TMA-ZAIN-G-    (0)    1 :  0.003 0.011 0.051 0.015 0.094 0.128 0.225 0.007 0.015 0.004 0.004 0.010 0.429 0.004 
144 TMA-ZAIN-G-    (0)    1 :  0.008 0.015 0.137 0.007 0.074 0.322 0.078 0.014 0.009 0.012 0.004 0.030 0.259 0.032 
145 TMA-ZAIN-G-    (0)    1 :  0.002 0.006 0.021 0.297 0.064 0.402 0.068 0.006 0.053 0.003 0.003 0.006 0.054 0.016 
146 TMA-ZAIN-G-    (0)    1 :  0.003 0.005 0.005 0.005 0.005 0.008 0.789 0.004 0.017 0.003 0.003 0.003 0.148 0.003 
147 TMA-ZAIN-G-    (9)    1 :  0.003 0.005 0.008 0.008 0.006 0.008 0.715 0.004 0.011 0.003 0.003 0.004 0.220 0.003 
148 TMA-ZAIN-G-    (0)    1 :  0.003 0.048 0.025 0.004 0.030 0.006 0.676 0.004 0.010 0.003 0.003 0.003 0.165 0.020 
149 TMA-ZAIN-G-    (0)    1 :  0.013 0.023 0.030 0.006 0.039 0.010 0.539 0.023 0.010 0.008 0.018 0.015 0.220 0.046 
150 TMA-ZAIN-G-    (0)    1 :  0.010 0.015 0.016 0.079 0.017 0.044 0.342 0.013 0.016 0.007 0.026 0.015 0.325 0.075 
151 TMA-ZAIN-G-    (0)    1 :  0.002 0.020 0.141 0.007 0.007 0.740 0.011 0.003 0.005 0.003 0.003 0.005 0.049 0.004 
152 TMA-ZAIN-G-    (0)    1 :  0.002 0.017 0.013 0.005 0.008 0.769 0.029 0.003 0.004 0.003 0.005 0.005 0.131 0.004 
153 TMA-ZAIN-G-    (0)    1 :  0.003 0.029 0.091 0.016 0.035 0.683 0.035 0.003 0.014 0.003 0.003 0.004 0.068 0.013 
154 TMA-ZAIN-G-    (0)    1 :  0.002 0.004 0.006 0.004 0.008 0.915 0.021 0.004 0.005 0.003 0.003 0.003 0.018 0.004 
155 TMA-ZAIN-G-    (0)    1 :  0.003 0.007 0.008 0.007 0.011 0.909 0.016 0.005 0.008 0.003 0.004 0.004 0.012 0.003 
156 TMA-ZAIN-G-    (9)    1 :  0.003 0.076 0.054 0.003 0.032 0.738 0.025 0.003 0.005 0.004 0.006 0.004 0.038 0.009 
157 TMA-ZAIN-G-    (0)    1 :  0.003 0.144 0.081 0.007 0.021 0.601 0.077 0.005 0.009 0.004 0.005 0.003 0.035 0.005 
158 TMA-ZAIN-G-    (0)    1 :  0.003 0.004 0.014 0.006 0.007 0.553 0.199 0.004 0.017 0.006 0.003 0.005 0.175 0.004 
159 TMA-ZAIN-G-    (0)    1 :  0.002 0.004 0.007 0.013 0.014 0.539 0.180 0.004 0.151 0.003 0.004 0.003 0.070 0.005 
160 TMA-ZAIN-G-    (0)    1 :  0.002 0.004 0.005 0.024 0.009 0.611 0.068 0.004 0.147 0.003 0.005 0.004 0.106 0.008 
161 TMA-ZAIN-G-    (0)    1 :  0.003 0.023 0.095 0.008 0.165 0.422 0.092 0.007 0.019 0.005 0.003 0.006 0.128 0.024 
162 TMA-ZAIN-G-    (0)    1 :  0.013 0.003 0.009 0.005 0.005 0.890 0.006 0.012 0.005 0.006 0.017 0.010 0.008 0.011 
163 TMA-ZAIN-G-    (0)    1 :  0.002 0.003 0.005 0.004 0.005 0.930 0.010 0.003 0.005 0.002 0.003 0.003 0.021 0.003 
164 TMA-ZAIN-G-    (0)    1 :  0.005 0.004 0.006 0.009 0.011 0.631 0.043 0.013 0.007 0.004 0.004 0.006 0.248 0.009 
165 TMA-ZAIN-G-    (0)    1 :  0.003 0.004 0.008 0.006 0.009 0.672 0.049 0.004 0.009 0.003 0.004 0.004 0.224 0.003 
166 TMA-ZAIN-G-    (0)    1 :  0.002 0.006 0.029 0.013 0.083 0.523 0.214 0.006 0.035 0.003 0.003 0.004 0.068 0.010 
167 TMA-ZAIN-G-    (0)    1 :  0.005 0.007 0.025 0.005 0.011 0.018 0.682 0.007 0.112 0.007 0.005 0.007 0.105 0.004 
168 TMA-ZAIN-G-    (0)    1 :  0.003 0.023 0.007 0.011 0.006 0.007 0.800 0.005 0.073 0.005 0.005 0.004 0.047 0.004 
169 TMA-ZAIN-G-    (0)    1 :  0.003 0.005 0.005 0.055 0.007 0.015 0.799 0.005 0.065 0.003 0.003 0.003 0.029 0.004 
170 TMA-ZAIN-G-    (0)    1 :  0.014 0.055 0.078 0.017 0.033 0.032 0.594 0.006 0.035 0.035 0.021 0.010 0.067 0.004 
171 TMA-ZAIN-G-    (0)    1 :  0.003 0.004 0.004 0.014 0.005 0.008 0.830 0.004 0.082 0.003 0.003 0.003 0.035 0.004 
172 TMA-ZAIN-G-    (0)    1 :  0.004 0.017 0.449 0.005 0.032 0.022 0.406 0.006 0.016 0.005 0.003 0.005 0.026 0.004 
173 TMA-ZAIN-G-    (0)    1 :  0.004 0.018 0.620 0.006 0.041 0.012 0.221 0.007 0.016 0.006 0.003 0.008 0.034 0.005 
174 TMA-ZAIN-G-    (0)    1 :  0.002 0.005 0.081 0.032 0.570 0.050 0.144 0.005 0.024 0.003 0.003 0.005 0.069 0.007 
175 TMA-ZAIN-G-    (0)    1 :  0.003 0.004 0.004 0.006 0.005 0.011 0.770 0.005 0.142 0.003 0.003 0.004 0.036 0.004 
176 TMA-ZAIN-G-    (0)    1 :  0.003 0.004 0.006 0.005 0.005 0.011 0.881 0.005 0.034 0.003 0.003 0.003 0.035 0.003 
177 TMA-ZAIN-G-    (0)    1 :  0.003 0.011 0.012 0.003 0.005 0.009 0.899 0.004 0.013 0.003 0.003 0.003 0.029 0.003 
178 TMA-ZAIN-G-    (0)    1 :  0.004 0.034 0.331 0.004 0.008 0.018 0.470 0.005 0.018 0.006 0.004 0.008 0.086 0.004 
179 TMA-ZAIN-G-    (0)    1 :  0.003 0.018 0.036 0.006 0.009 0.015 0.836 0.005 0.012 0.004 0.003 0.005 0.045 0.004 
180 TMA-ZAIN-G-    (0)    1 :  0.008 0.032 0.257 0.100 0.388 0.021 0.050 0.025 0.005 0.006 0.004 0.016 0.078 0.011 
181 TMA-ZAIN-G-    (0)    1 :  0.003 0.097 0.785 0.005 0.018 0.039 0.008 0.004 0.010 0.004 0.005 0.004 0.012 0.005 
182 TMA-ZAIN-G-    (0)    1 :  0.003 0.175 0.271 0.003 0.419 0.036 0.039 0.006 0.005 0.005 0.007 0.005 0.023 0.005 
183 TMA-ZAIN-G-    (0)    1 :  0.003 0.060 0.861 0.004 0.008 0.011 0.008 0.005 0.006 0.004 0.004 0.004 0.018 0.004 
184 TMA-ZAIN-G-    (0)    1 :  0.012 0.029 0.743 0.007 0.021 0.045 0.015 0.020 0.011 0.012 0.025 0.015 0.026 0.020 
185 TMA-ZAIN-G-    (0)    1 :  0.014 0.004 0.823 0.005 0.027 0.012 0.008 0.013 0.005 0.010 0.012 0.035 0.010 0.021 
186 TMA-ZAIN-G-    (9)    1 :  0.005 0.005 0.865 0.006 0.041 0.013 0.010 0.005 0.011 0.007 0.004 0.011 0.012 0.005 
187 TMA-ZAIN-G-    (0)    1 :  0.003 0.016 0.834 0.014 0.014 0.039 0.013 0.004 0.035 0.005 0.004 0.005 0.010 0.003 
188 TMA-ZAIN-G-    (0)    1 :  0.003 0.007 0.859 0.021 0.014 0.020 0.006 0.003 0.036 0.003 0.003 0.005 0.016 0.004 
189 TMA-ZAIN-G-    (0)    1 :  0.003 0.006 0.936 0.007 0.011 0.007 0.007 0.003 0.005 0.003 0.002 0.004 0.006 0.002 
190 TMA-ZAIN-G-    (0)    1 :  0.003 0.030 0.790 0.015 0.010 0.006 0.040 0.004 0.026 0.005 0.003 0.007 0.055 0.005 
191 TMA-ZAIN-G-    (0)    1 :  0.013 0.004 0.891 0.004 0.008 0.006 0.008 0.014 0.008 0.007 0.011 0.009 0.008 0.009 
192 TMA-ZAIN-G-    (0)    1 :  0.009 0.021 0.879 0.004 0.017 0.010 0.008 0.015 0.013 0.007 0.004 0.003 0.007 0.004 
193 TMA-ZAIN-G-    (0)    1 :  0.003 0.956 0.005 0.004 0.004 0.003 0.003 0.003 0.003 0.003 0.003 0.003 0.003 0.004 
194 TMA-ZAIN-G-    (0)    1 :  0.007 0.804 0.067 0.012 0.032 0.004 0.009 0.005 0.007 0.012 0.002 0.020 0.007 0.014 
195 TMA-ZAIN-G-    (0)    1 :  0.003 0.748 0.072 0.032 0.031 0.005 0.031 0.004 0.028 0.009 0.003 0.005 0.024 0.006 
196 TMA-ZAIN-G-    (0)    1 :  0.003 0.903 0.018 0.015 0.010 0.007 0.007 0.004 0.006 0.004 0.003 0.007 0.008 0.006 
197 TMA-ZAIN-G-    (0)    1 :  0.003 0.907 0.010 0.011 0.012 0.007 0.009 0.007 0.009 0.003 0.003 0.004 0.008 0.005 
198 TMA-ZAIN-G-    (0)    1 :  0.003 0.912 0.014 0.006 0.007 0.009 0.013 0.004 0.009 0.003 0.003 0.003 0.008 0.004 
199 TMA-ZAIN-G-    (0)    1 :  0.004 0.006 0.887 0.004 0.033 0.013 0.009 0.004 0.008 0.005 0.003 0.008 0.008 0.007 
200 TMA-ZAIN-G-    (0)    1 :  0.750 0.050 0.006 0.003 0.003 0.002 0.004 0.006 0.003 0.129 0.020 0.016 0.004 0.004 
201 TMA-ZAIN-G-    (0)    1 :  0.900 0.003 0.004 0.006 0.004 0.004 0.005 0.006 0.004 0.037 0.009 0.010 0.005 0.004 
202 TMA-ZAIN-G-    (0)    1 :  0.830 0.041 0.013 0.004 0.005 0.006 0.007 0.004 0.003 0.048 0.021 0.008 0.007 0.002 
203 TMA-ZAIN-G-    (0)    1 :  0.003 0.788 0.028 0.004 0.056 0.028 0.021 0.005 0.010 0.004 0.020 0.005 0.025 0.005 
204 TMA-ZAIN-G-    (9)    1 :  0.751 0.008 0.008 0.012 0.009 0.004 0.019 0.066 0.020 0.054 0.005 0.006 0.011 0.026 
205 TMA-ZAIN-G-    (0)    1 :  0.706 0.008 0.007 0.006 0.011 0.082 0.016 0.021 0.013 0.079 0.007 0.005 0.025 0.013 
206 TMA-ZAIN-G-    (9)    1 :  0.592 0.056 0.021 0.009 0.008 0.006 0.021 0.149 0.008 0.078 0.012 0.011 0.017 0.012 
207 TMA-ZAIN-G-    (9)    1 :  0.009 0.009 0.020 0.056 0.020 0.205 0.034 0.061 0.018 0.025 0.009 0.082 0.399 0.053 
208 TMA-ZAIN-G-    (0)    1 :  0.003 0.004 0.029 0.053 0.008 0.094 0.205 0.002 0.021 0.004 0.003 0.010 0.559 0.005 
209 TMA-ZAIN-G-    (0)    1 :  0.003 0.231 0.061 0.014 0.250 0.067 0.180 0.008 0.081 0.004 0.003 0.004 0.037 0.058 
210 TMA-ZAIN-G-    (0)    1 :  0.003 0.344 0.097 0.099 0.074 0.076 0.161 0.013 0.060 0.004 0.004 0.008 0.042 0.016 
211 TMA-ZAIN-G-    (0)    1 :  0.021 0.062 0.115 0.024 0.436 0.029 0.142 0.009 0.051 0.024 0.010 0.017 0.051 0.010 
212 TMA-ZAIN-G-    (0)    1 :  0.004 0.019 0.257 0.013 0.049 0.038 0.362 0.015 0.006 0.005 0.003 0.011 0.213 0.006 
213 TMA-ZAIN-G-    (0)    1 :  0.004 0.029 0.291 0.007 0.052 0.203 0.284 0.004 0.034 0.006 0.003 0.005 0.067 0.010 
214 TMA-ZAIN-G-    (0)    1 :  0.004 0.028 0.216 0.062 0.206 0.200 0.116 0.005 0.098 0.005 0.003 0.005 0.043 0.010 
215 TMA-ZAIN-G-    (0)    1 :  0.008 0.004 0.307 0.005 0.012 0.029 0.221 0.003 0.047 0.254 0.003 0.004 0.100 0.002 
216 TMA-ZAIN-G-    (0)    1 :  0.004 0.015 0.680 0.007 0.116 0.027 0.077 0.006 0.015 0.006 0.003 0.008 0.024 0.012 
217 TMA-ZAIN-G-    (0)    1 :  0.003 0.065 0.062 0.135 0.201 0.061 0.268 0.007 0.128 0.004 0.004 0.003 0.052 0.008 
218 TMA-ZAIN-G-    (0)    1 :  0.004 0.003 0.007 0.008 0.011 0.006 0.008 0.005 0.004 0.911 0.006 0.014 0.006 0.006 
219 TMA-ZAIN-G-    (0)    1 :  0.007 0.003 0.004 0.003 0.008 0.005 0.004 0.013 0.004 0.925 0.005 0.006 0.004 0.008 
220 TMA-ZAIN-G-    (0)    1 :  0.005 0.006 0.008 0.014 0.007 0.019 0.013 0.010 0.007 0.712 0.032 0.082 0.079 0.007 
221 TMA-ZAIN-G-    (0)    1 :  0.013 0.006 0.018 0.005 0.014 0.009 0.010 0.010 0.006 0.883 0.003 0.010 0.008 0.004 
222 TMA-ZAIN-G-    (0)    1 :  0.006 0.004 0.006 0.011 0.014 0.012 0.010 0.020 0.007 0.866 0.016 0.005 0.014 0.009 
223 TMA-ZAIN-G-    (0)    1 :  0.009 0.003 0.005 0.005 0.005 0.004 0.005 0.013 0.005 0.915 0.006 0.015 0.006 0.005 
224 TMA-ZAIN-G-    (0)    1 :  0.009 0.007 0.013 0.005 0.029 0.006 0.008 0.110 0.006 0.770 0.012 0.014 0.005 0.007 
225 TMA-ZAIN-G-    (0)    1 :  0.007 0.010 0.006 0.002 0.004 0.003 0.004 0.005 0.003 0.929 0.008 0.010 0.004 0.004 
226 TMA-ZAIN-G-    (0)    1 :  0.007 0.022 0.011 0.005 0.005 0.007 0.009 0.009 0.008 0.880 0.011 0.011 0.008 0.005 
227 TMA-ZAIN-G-    (0)    1 :  0.011 0.018 0.011 0.004 0.005 0.007 0.012 0.006 0.007 0.889 0.009 0.007 0.009 0.004 
228 TMA-ZAIN-G-    (0)    1 :  0.011 0.007 0.011 0.009 0.008 0.014 0.022 0.015 0.030 0.825 0.015 0.014 0.016 0.005 
229 TMA-ZAIN-G-    (0)    1 :  0.018 0.002 0.003 0.008 0.003 0.003 0.005 0.007 0.003 0.914 0.017 0.008 0.003 0.006 
230 TMA-ZAIN-G-    (0)    1 :  0.007 0.011 0.019 0.011 0.053 0.005 0.054 0.283 0.033 0.456 0.032 0.011 0.013 0.012 
231 TMA-ZAIN-G-    (0)    1 :  0.389 0.010 0.010 0.009 0.014 0.036 0.025 0.055 0.020 0.266 0.112 0.016 0.027 0.012 
232 TMA-ZAIN-G-    (9)    1 :  0.425 0.007 0.017 0.032 0.038 0.011 0.013 0.019 0.009 0.188 0.219 0.005 0.010 0.009 
233 TMA-ZAIN-G-    (0)    1 :  0.015 0.007 0.009 0.049 0.025 0.013 0.016 0.019 0.031 0.775 0.005 0.016 0.009 0.010 
234 TMA-ZAIN-G-    (0)    1 :  0.040 0.010 0.005 0.007 0.004 0.009 0.006 0.006 0.005 0.670 0.190 0.009 0.009 0.031 
235 TMA-ZAIN-G-    (0)    1 :  0.019 0.021 0.071 0.004 0.004 0.012 0.008 0.038 0.054 0.607 0.114 0.028 0.010 0.009 
236 TMA-ZAIN-G-    (0)    1 :  0.020 0.025 0.012 0.007 0.008 0.013 0.015 0.046 0.012 0.796 0.024 0.008 0.012 0.004 
237 TMA-ZAIN-G-    (0)    1 :  0.008 0.008 0.017 0.010 0.033 0.014 0.119 0.105 0.136 0.360 0.136 0.018 0.029 0.005 
238 TMA-ZAIN-G-    (0)    1 :  0.020 0.006 0.018 0.004 0.019 0.033 0.023 0.006 0.025 0.782 0.032 0.006 0.024 0.003 
239 TMA-ZAIN-G-    (0)    1 :  0.730 0.093 0.037 0.019 0.008 0.003 0.004 0.030 0.003 0.011 0.004 0.003 0.022 0.033 
240 TMA-ZAIN-G-    (0)    1 :  0.943 0.004 0.003 0.003 0.003 0.003 0.005 0.008 0.005 0.007 0.004 0.003 0.003 0.006 
241 TMA-ZAIN-G-    (0)    1 :  0.923 0.004 0.005 0.005 0.004 0.006 0.014 0.005 0.012 0.005 0.004 0.002 0.006 0.005 
242 TMA-ZAIN-G-    (0)    1 :  0.939 0.003 0.006 0.005 0.003 0.006 0.007 0.004 0.006 0.004 0.003 0.003 0.007 0.004 
243 TMA-ZAIN-G-    (0)    1 :  0.911 0.004 0.006 0.008 0.004 0.007 0.015 0.005 0.015 0.005 0.003 0.003 0.009 0.005 
244 TMA-ZAIN-G-    (0)    1 :  0.899 0.003 0.008 0.008 0.004 0.017 0.016 0.003 0.014 0.005 0.004 0.003 0.013 0.004 
245 TMA-ZAIN-G-    (9)    1 :  0.956 0.003 0.003 0.002 0.003 0.004 0.004 0.003 0.003 0.006 0.004 0.003 0.003 0.003 
246 TMA-ZAIN-G-    (0)    1 :  0.956 0.003 0.004 0.003 0.003 0.003 0.003 0.004 0.003 0.005 0.002 0.004 0.004 0.003 
247 TMA-ZAIN-G-    (0)    1 :  0.948 0.002 0.005 0.005 0.004 0.004 0.004 0.004 0.003 0.004 0.002 0.005 0.006 0.004 
248 TMA-ZAIN-G-    (0)    1 :  0.919 0.011 0.009 0.005 0.003 0.005 0.008 0.004 0.006 0.009 0.004 0.005 0.008 0.004 
249 TMA-ZAIN-G-    (0)    1 :  0.944 0.008 0.006 0.003 0.003 0.003 0.004 0.005 0.003 0.006 0.003 0.005 0.004 0.003 
250 TMA-ZAIN-G-    (0)    1 :  0.948 0.004 0.006 0.006 0.003 0.003 0.003 0.005 0.003 0.005 0.002 0.005 0.004 0.003 
251 TMA-ZAIN-G-    (0)    1 :  0.003 0.005 0.004 0.004 0.006 0.004 0.004 0.010 0.003 0.004 0.005 0.005 0.005 0.939 
252 TMA-ZAIN-G-    (0)    1 :  0.003 0.005 0.006 0.019 0.005 0.008 0.028 0.004 0.023 0.006 0.004 0.003 0.039 0.848 
253 TMA-ZAIN-G-    (0)    1 :  0.004 0.004 0.004 0.005 0.005 0.010 0.005 0.005 0.003 0.003 0.005 0.003 0.007 0.938 
254 TMA-ZAIN-G-    (9)    1 :  0.003 0.005 0.007 0.008 0.013 0.022 0.011 0.006 0.007 0.004 0.007 0.006 0.027 0.874 
255 TMA-ZAIN-G-    (0)    1 :  0.017 0.004 0.004 0.007 0.004 0.007 0.005 0.004 0.004 0.003 0.009 0.003 0.007 0.923 
256 TMA-ZAIN-G-    (0)    1 :  0.011 0.027 0.008 0.006 0.008 0.009 0.011 0.022 0.007 0.006 0.007 0.004 0.009 0.865 
257 TMA-ZAIN-G-    (0)    1 :  0.005 0.014 0.004 0.003 0.005 0.003 0.004 0.013 0.004 0.004 0.004 0.003 0.003 0.932 
258 TMA-ZAIN-G-    (0)    1 :  0.003 0.005 0.003 0.004 0.004 0.003 0.003 0.006 0.003 0.003 0.003 0.003 0.003 0.954 
259 TMA-ZAIN-G-    (0)    1 :  0.007 0.006 0.004 0.005 0.004 0.003 0.003 0.021 0.004 0.004 0.003 0.005 0.004 0.928 
260 TMA-ZAIN-G-    (0)    1 :  0.005 0.006 0.004 0.009 0.005 0.003 0.005 0.014 0.004 0.004 0.004 0.006 0.005 0.927 
261 TMA-ZAIN-G-   (18)    1 :  0.004 0.009 0.006 0.009 0.009 0.005 0.006 0.023 0.004 0.005 0.005 0.012 0.007 0.895 
262 TMA-ZAIN-G-    (0)    1 :  0.003 0.006 0.003 0.003 0.005 0.003 0.003 0.009 0.003 0.004 0.004 0.003 0.003 0.949 
263 TMA-ZAIN-G-    (0)    1 :  0.004 0.004 0.003 0.003 0.004 0.004 0.003 0.008 0.003 0.004 0.005 0.004 0.004 0.946 
264 TMA-ZAIN-G-    (0)    1 :  0.004 0.006 0.003 0.004 0.004 0.005 0.004 0.006 0.004 0.004 0.006 0.004 0.005 0.942 
265 TMA-ZAIN-G-    (0)    1 :  0.011 0.009 0.020 0.022 0.029 0.020 0.053 0.401 0.009 0.247 0.011 0.020 0.027 0.121 
266 TMA-ZAIN-G-    (0)    1 :  0.010 0.040 0.040 0.018 0.117 0.024 0.020 0.018 0.009 0.011 0.008 0.054 0.039 0.592 
267 TMA-ZAIN-G-    (0)    1 :  0.340 0.007 0.008 0.015 0.015 0.007 0.030 0.219 0.016 0.024 0.028 0.115 0.027 0.149 
268 TMA-ZAIN-G-    (0)    1 :  0.874 0.003 0.003 0.004 0.004 0.004 0.005 0.008 0.004 0.005 0.067 0.009 0.005 0.006 
269 TMA-ZAIN-G-    (0)    1 :  0.560 0.004 0.005 0.005 0.008 0.005 0.007 0.098 0.006 0.030 0.235 0.025 0.008 0.005 
270 TMA-ZAIN-G-    (0)    1 :  0.685 0.004 0.004 0.004 0.006 0.004 0.006 0.170 0.005 0.016 0.072 0.012 0.006 0.005 
271 TMA-ZAIN-G-    (0)    1 :  0.886 0.003 0.003 0.003 0.005 0.005 0.007 0.023 0.005 0.007 0.029 0.012 0.006 0.005 
272 TMA-ZAIN-G-    (0)    1 :  0.818 0.004 0.004 0.003 0.006 0.005 0.006 0.034 0.006 0.054 0.027 0.025 0.006 0.004 
