

----------------------------------------------------
STRUCTURE by Pritchard, Stephens and Donnelly (2000)
     and Falush, Stephens and Pritchard (2003)
       Code by Pritchard, Falush and Hubisz
             Version 2.3.4 (Jul 2012)
----------------------------------------------------



Command line arguments:   bin\structure -m C:\Users\eschumacher\Documents\GitHub\GCC_QUAC_ZAIN\Data_Files\Structure_Files\ZAIN\ZAIN_rebinned_garden_wild_nopopinfo\50-50\mainparams -e C:\Users\eschumacher\Documents\GitHub\GCC_QUAC_ZAIN\Data_Files\Structure_Files\ZAIN\ZAIN_rebinned_garden_wild_nopopinfo\50-50\extraparams 
Input File:    C:\Users\eschumacher\Documents\GitHub\GCC_QUAC_ZAIN\Data_Files\Structure_Files\ZAIN\ZAIN_rebinned_garden_wild_nopopinfo\project_data

Run parameters:
   1133 individuals
   11 loci
   8 populations assumed
   50000 Burn-in period
   50000 Reps


--------------------------------------------
Overall proportion of membership of the
sample in each of the 8 clusters

Inferred Clusters
  1      2      3      4      5      6      7      8    
0.150  0.151  0.110  0.059  0.070  0.152  0.176  0.132  

--------------------------------------------

Allele-freq. divergence among pops (Net nucleotide distance),
computed using point estimates of P.

      1       2       3       4       5       6       7       8      
 1      -    0.1162  0.1409  0.1118  0.1338  0.2166  0.0399  0.2703  
 2   0.1162     -    0.1012  0.2115  0.1678  0.0913  0.1528  0.1219  
 3   0.1409  0.1012     -    0.1814  0.1579  0.1441  0.1687  0.2129  
 4   0.1118  0.2115  0.1814     -    0.2583  0.3280  0.1023  0.3506  
 5   0.1338  0.1678  0.1579  0.2583     -    0.2632  0.2197  0.3367  
 6   0.2166  0.0913  0.1441  0.3280  0.2632     -    0.2182  0.1448  
 7   0.0399  0.1528  0.1687  0.1023  0.2197  0.2182     -    0.2860  
 8   0.2703  0.1219  0.2129  0.3506  0.3367  0.1448  0.2860     -    

Average distances (expected heterozygosity) between individuals in same cluster:
cluster  1  : 0.4391 
cluster  2  : 0.5521 
cluster  3  : 0.4355 
cluster  4  : 0.3635 
cluster  5  : 0.2764 
cluster  6  : 0.4809 
cluster  7  : 0.4081 
cluster  8  : 0.4230 

--------------------------------------------
Estimated Ln Prob of Data   = -21599.9
Mean value of ln likelihood = -21081.1
Variance of ln likelihood   = 1037.7
Mean value of alpha         = 0.0339

Mean value of Fst_1         = 0.3056
Mean value of Fst_2         = 0.1356
Mean value of Fst_3         = 0.4151
Mean value of Fst_4         = 0.4221
Mean value of Fst_5         = 0.5528
Mean value of Fst_6         = 0.3392
Mean value of Fst_7         = 0.3073
Mean value of Fst_8         = 0.4217


Inferred ancestry of individuals:
        Label (%Miss) :  Inferred clusters
  1 TMA-ZAIN-G-    (9)   :  0.031 0.041 0.016 0.012 0.095 0.788 0.011 0.006 
  2 TMA-ZAIN-G-    (0)   :  0.032 0.024 0.025 0.005 0.009 0.733 0.165 0.007 
  3 TMA-ZAIN-G-    (0)   :  0.626 0.008 0.012 0.122 0.027 0.007 0.195 0.003 
  4 TMA-ZAIN-G-    (0)   :  0.045 0.012 0.697 0.055 0.021 0.021 0.138 0.011 
  5 TMA-ZAIN-G-    (0)   :  0.003 0.004 0.006 0.003 0.002 0.974 0.003 0.006 
  6 TMA-ZAIN-G-    (0)   :  0.323 0.155 0.067 0.173 0.026 0.075 0.134 0.047 
  7 TMA-ZAIN-G-    (0)   :  0.544 0.013 0.029 0.010 0.042 0.014 0.341 0.007 
  8 TMA-ZAIN-G-    (0)   :  0.925 0.004 0.016 0.019 0.006 0.006 0.021 0.003 
  9 TMA-ZAIN-G-    (9)   :  0.737 0.008 0.005 0.034 0.008 0.008 0.195 0.005 
 10 TMA-ZAIN-G-    (0)   :  0.663 0.009 0.010 0.040 0.012 0.003 0.259 0.004 
 11 TMA-ZAIN-G-    (0)   :  0.558 0.008 0.007 0.008 0.009 0.006 0.398 0.006 
 12 TMA-ZAIN-G-    (0)   :  0.032 0.005 0.004 0.006 0.015 0.005 0.930 0.003 
 13 TMA-ZAIN-G-    (9)   :  0.528 0.029 0.021 0.020 0.068 0.047 0.188 0.099 
 14 TMA-ZAIN-G-    (9)   :  0.024 0.008 0.008 0.007 0.930 0.003 0.011 0.009 
 15 TMA-ZAIN-G-    (0)   :  0.034 0.006 0.005 0.010 0.935 0.003 0.005 0.002 
 16 TMA-ZAIN-G-    (0)   :  0.044 0.006 0.005 0.006 0.007 0.004 0.925 0.004 
 17 TMA-ZAIN-G-    (9)   :  0.849 0.029 0.028 0.006 0.054 0.010 0.014 0.011 
 18 TMA-ZAIN-G-    (0)   :  0.012 0.155 0.053 0.008 0.016 0.740 0.010 0.006 
 19 TMA-ZAIN-G-    (0)   :  0.029 0.909 0.006 0.005 0.012 0.011 0.016 0.011 
 20 TMA-ZAIN-G-    (0)   :  0.003 0.843 0.022 0.003 0.003 0.037 0.004 0.084 
 21 TMA-ZAIN-G-    (0)   :  0.004 0.005 0.005 0.005 0.002 0.003 0.004 0.972 
 22 TMA-ZAIN-G-    (0)   :  0.003 0.013 0.007 0.002 0.003 0.052 0.003 0.917 
 23 TMA-ZAIN-G-    (0)   :  0.008 0.033 0.005 0.004 0.007 0.019 0.006 0.918 
 24 TMA-ZAIN-G-    (9)   :  0.018 0.004 0.006 0.202 0.035 0.008 0.039 0.690 
 25 TMA-ZAIN-G-    (9)   :  0.025 0.793 0.004 0.005 0.008 0.118 0.036 0.011 
 26 TMA-ZAIN-G-    (9)   :  0.329 0.012 0.437 0.008 0.017 0.012 0.141 0.044 
 27 TMA-ZAIN-G-    (0)   :  0.015 0.804 0.020 0.010 0.065 0.065 0.007 0.014 
 28 TMA-ZAIN-G-    (0)   :  0.010 0.941 0.007 0.008 0.013 0.012 0.006 0.004 
 29 TMA-ZAIN-G-    (0)   :  0.005 0.240 0.011 0.727 0.005 0.003 0.004 0.004 
 30 TMA-ZAIN-G-    (0)   :  0.342 0.373 0.008 0.057 0.088 0.004 0.123 0.006 
 31 TMA-ZAIN-G-    (0)   :  0.005 0.012 0.047 0.006 0.006 0.907 0.007 0.011 
 32 TMA-ZAIN-G-    (9)   :  0.036 0.014 0.004 0.004 0.039 0.847 0.042 0.012 
 33 TMA-ZAIN-G-   (18)   :  0.844 0.004 0.004 0.019 0.008 0.005 0.113 0.003 
 34 TMA-ZAIN-G-    (0)   :  0.066 0.013 0.008 0.014 0.009 0.295 0.578 0.017 
 35 TMA-ZAIN-G-    (9)   :  0.357 0.016 0.016 0.128 0.100 0.035 0.345 0.003 
 36 TMA-ZAIN-G-    (0)   :  0.680 0.006 0.010 0.010 0.096 0.004 0.191 0.003 
 37 TMA-ZAIN-G-    (9)   :  0.671 0.013 0.018 0.017 0.007 0.007 0.256 0.009 
 38 TMA-ZAIN-G-   (18)   :  0.040 0.025 0.006 0.007 0.070 0.825 0.018 0.009 
 39 TMA-ZAIN-G-    (0)   :  0.151 0.005 0.008 0.011 0.004 0.003 0.812 0.006 
 40 TMA-ZAIN-G-    (0)   :  0.662 0.004 0.005 0.006 0.006 0.003 0.310 0.004 
 41 TMA-ZAIN-G-    (0)   :  0.798 0.004 0.005 0.007 0.061 0.003 0.120 0.003 
 42 TMA-ZAIN-G-    (9)   :  0.759 0.004 0.008 0.007 0.197 0.003 0.021 0.002 
 43 TMA-ZAIN-G-    (0)   :  0.006 0.003 0.005 0.007 0.969 0.003 0.004 0.003 
 44 TMA-ZAIN-G-    (0)   :  0.029 0.011 0.005 0.017 0.005 0.005 0.100 0.829 
 45 TMA-ZAIN-G-    (0)   :  0.449 0.008 0.010 0.006 0.017 0.005 0.498 0.007 
 46 TMA-ZAIN-G-    (0)   :  0.003 0.004 0.006 0.003 0.004 0.003 0.003 0.974 
 47 TMA-ZAIN-G-    (0)   :  0.004 0.004 0.972 0.004 0.004 0.004 0.004 0.003 
 48 TMA-ZAIN-G-    (0)   :  0.284 0.024 0.580 0.014 0.032 0.006 0.038 0.022 
 49 TMA-ZAIN-G-    (9)   :  0.007 0.881 0.011 0.045 0.005 0.024 0.021 0.006 
 50 TMA-ZAIN-G-    (0)   :  0.023 0.938 0.003 0.003 0.008 0.006 0.012 0.006 
 51 TMA-ZAIN-G-    (0)   :  0.017 0.838 0.025 0.006 0.089 0.008 0.008 0.009 
 52 TMA-ZAIN-G-    (0)   :  0.010 0.818 0.113 0.003 0.021 0.007 0.014 0.013 
 53 TMA-ZAIN-G-    (0)   :  0.015 0.583 0.180 0.006 0.038 0.157 0.012 0.010 
 54 TMA-ZAIN-G-    (0)   :  0.011 0.009 0.949 0.004 0.012 0.005 0.006 0.005 
 55 TMA-ZAIN-G-    (0)   :  0.030 0.030 0.881 0.003 0.034 0.005 0.008 0.009 
 56 TMA-ZAIN-G-    (0)   :  0.191 0.110 0.572 0.041 0.022 0.011 0.043 0.010 
 57 TMA-ZAIN-G-    (0)   :  0.007 0.013 0.944 0.008 0.005 0.007 0.012 0.003 
 58 TMA-ZAIN-G-    (0)   :  0.016 0.841 0.026 0.005 0.007 0.024 0.007 0.076 
 59 TMA-ZAIN-G-    (0)   :  0.089 0.037 0.059 0.040 0.013 0.652 0.076 0.033 
 60 TMA-ZAIN-G-    (0)   :  0.022 0.329 0.032 0.009 0.140 0.446 0.012 0.009 
 61 TMA-ZAIN-G-    (0)   :  0.003 0.011 0.017 0.003 0.003 0.938 0.004 0.020 
 62 TMA-ZAIN-G-    (9)   :  0.041 0.043 0.011 0.010 0.007 0.820 0.044 0.023 
 63 TMA-ZAIN-G-    (0)   :  0.006 0.013 0.012 0.003 0.006 0.949 0.005 0.007 
 64 TMA-ZAIN-G-    (0)   :  0.006 0.003 0.003 0.972 0.005 0.002 0.006 0.002 
 65 TMA-ZAIN-G-    (9)   :  0.007 0.004 0.007 0.959 0.005 0.003 0.012 0.002 
 66 TMA-ZAIN-G-    (0)   :  0.012 0.003 0.004 0.954 0.005 0.003 0.016 0.003 
 67 TMA-ZAIN-G-    (0)   :  0.016 0.012 0.005 0.887 0.004 0.004 0.059 0.014 
 68 TMA-ZAIN-G-    (0)   :  0.007 0.003 0.005 0.969 0.007 0.002 0.005 0.002 
 69 TMA-ZAIN-G-    (0)   :  0.010 0.018 0.014 0.801 0.018 0.022 0.089 0.028 
 70 TMA-ZAIN-G-    (0)   :  0.023 0.006 0.004 0.063 0.007 0.003 0.888 0.005 
 71 TMA-ZAIN-G-    (0)   :  0.008 0.004 0.003 0.005 0.004 0.003 0.970 0.004 
 72 TMA-ZAIN-G-    (0)   :  0.125 0.010 0.010 0.051 0.020 0.004 0.775 0.005 
 73 TMA-ZAIN-G-    (0)   :  0.012 0.035 0.017 0.006 0.005 0.024 0.862 0.039 
 74 TMA-ZAIN-G-    (0)   :  0.013 0.015 0.006 0.008 0.005 0.008 0.934 0.011 
 75 TMA-ZAIN-G-    (0)   :  0.010 0.008 0.009 0.006 0.008 0.005 0.951 0.004 
 76 TMA-ZAIN-G-    (0)   :  0.006 0.020 0.003 0.008 0.004 0.007 0.907 0.046 
 77 TMA-ZAIN-G-    (0)   :  0.107 0.009 0.008 0.009 0.014 0.003 0.840 0.009 
 78 TMA-ZAIN-G-    (0)   :  0.024 0.036 0.014 0.006 0.007 0.009 0.861 0.042 
 79 TMA-ZAIN-G-    (0)   :  0.145 0.014 0.017 0.006 0.012 0.004 0.770 0.032 
 80 TMA-ZAIN-G-    (0)   :  0.076 0.005 0.010 0.024 0.005 0.003 0.872 0.005 
 81 TMA-ZAIN-G-    (0)   :  0.048 0.012 0.011 0.005 0.009 0.004 0.901 0.010 
 82 TMA-ZAIN-G-    (0)   :  0.012 0.006 0.012 0.110 0.008 0.005 0.845 0.003 
 83 TMA-ZAIN-G-    (9)   :  0.039 0.025 0.020 0.121 0.005 0.082 0.675 0.032 
 84 TMA-ZAIN-G-    (0)   :  0.020 0.013 0.005 0.007 0.006 0.004 0.910 0.036 
 85 TMA-ZAIN-G-    (0)   :  0.012 0.140 0.769 0.006 0.007 0.025 0.009 0.031 
 86 TMA-ZAIN-G-    (0)   :  0.025 0.023 0.867 0.010 0.005 0.009 0.020 0.042 
 87 TMA-ZAIN-G-    (0)   :  0.011 0.069 0.658 0.006 0.006 0.031 0.012 0.208 
 88 TMA-ZAIN-G-    (0)   :  0.047 0.010 0.581 0.043 0.021 0.179 0.105 0.014 
 89 TMA-ZAIN-G-    (0)   :  0.021 0.005 0.848 0.020 0.030 0.021 0.032 0.023 
 90 TMA-ZAIN-G-    (0)   :  0.008 0.013 0.942 0.007 0.006 0.008 0.009 0.008 
 91 TMA-ZAIN-G-    (0)   :  0.009 0.012 0.927 0.007 0.009 0.021 0.009 0.007 
 92 TMA-ZAIN-G-    (0)   :  0.009 0.023 0.923 0.004 0.010 0.006 0.007 0.018 
 93 TMA-ZAIN-G-    (0)   :  0.006 0.021 0.925 0.005 0.012 0.017 0.004 0.009 
 94 TMA-ZAIN-G-    (0)   :  0.004 0.014 0.920 0.003 0.006 0.040 0.004 0.010 
 95 TMA-ZAIN-G-    (0)   :  0.022 0.897 0.005 0.019 0.030 0.008 0.013 0.007 
 96 TMA-ZAIN-G-    (0)   :  0.036 0.899 0.007 0.005 0.034 0.004 0.010 0.005 
 97 TMA-ZAIN-G-    (0)   :  0.005 0.011 0.010 0.006 0.007 0.947 0.007 0.007 
 98 TMA-ZAIN-G-    (0)   :  0.004 0.004 0.009 0.004 0.005 0.963 0.006 0.004 
 99 TMA-ZAIN-G-    (0)   :  0.080 0.008 0.004 0.022 0.008 0.812 0.053 0.014 
100 TMA-ZAIN-G-    (0)   :  0.004 0.016 0.026 0.004 0.007 0.922 0.005 0.016 
101 TMA-ZAIN-G-    (0)   :  0.006 0.008 0.009 0.005 0.005 0.950 0.012 0.005 
102 TMA-ZAIN-G-    (0)   :  0.038 0.059 0.014 0.012 0.031 0.606 0.053 0.187 
103 TMA-ZAIN-G-    (0)   :  0.010 0.029 0.008 0.006 0.007 0.911 0.014 0.014 
104 TMA-ZAIN-G-    (0)   :  0.004 0.006 0.005 0.002 0.004 0.969 0.004 0.006 
105 TMA-ZAIN-G-    (0)   :  0.013 0.021 0.011 0.005 0.007 0.915 0.019 0.007 
106 TMA-ZAIN-G-    (0)   :  0.682 0.005 0.006 0.047 0.103 0.003 0.152 0.003 
107 TMA-ZAIN-G-    (0)   :  0.018 0.005 0.005 0.007 0.008 0.004 0.950 0.003 
108 TMA-ZAIN-G-    (9)   :  0.268 0.043 0.027 0.013 0.082 0.385 0.129 0.053 
109 TMA-ZAIN-G-    (0)   :  0.280 0.041 0.045 0.219 0.021 0.348 0.041 0.005 
110 TMA-ZAIN-G-    (0)   :  0.414 0.099 0.026 0.009 0.018 0.074 0.193 0.167 
111 TMA-ZAIN-G-    (9)   :  0.028 0.064 0.034 0.019 0.004 0.645 0.127 0.078 
112 TMA-ZAIN-G-    (0)   :  0.316 0.133 0.030 0.020 0.041 0.287 0.119 0.053 
113 TMA-ZAIN-G-    (0)   :  0.008 0.005 0.015 0.009 0.006 0.930 0.018 0.008 
114 TMA-ZAIN-G-    (0)   :  0.003 0.005 0.005 0.003 0.002 0.968 0.003 0.011 
115 TMA-ZAIN-G-    (0)   :  0.003 0.005 0.004 0.003 0.004 0.973 0.004 0.005 
116 TMA-ZAIN-G-    (0)   :  0.013 0.004 0.013 0.019 0.006 0.009 0.935 0.003 
117 TMA-ZAIN-G-    (0)   :  0.336 0.019 0.081 0.267 0.078 0.011 0.205 0.004 
118 TMA-ZAIN-G-    (0)   :  0.024 0.008 0.010 0.046 0.021 0.006 0.882 0.003 
119 TMA-ZAIN-G-    (0)   :  0.012 0.009 0.011 0.028 0.005 0.016 0.913 0.006 
120 TMA-ZAIN-G-    (0)   :  0.030 0.015 0.014 0.035 0.066 0.009 0.828 0.004 
121 TMA-ZAIN-G-    (0)   :  0.152 0.011 0.034 0.264 0.025 0.024 0.486 0.003 
122 TMA-ZAIN-G-    (0)   :  0.510 0.014 0.028 0.041 0.010 0.005 0.383 0.008 
123 TMA-ZAIN-G-    (0)   :  0.005 0.012 0.006 0.004 0.011 0.948 0.005 0.009 
124 TMA-ZAIN-G-    (0)   :  0.962 0.005 0.004 0.004 0.009 0.005 0.007 0.003 
125 TMA-ZAIN-G-    (0)   :  0.824 0.005 0.074 0.046 0.039 0.003 0.008 0.002 
126 TMA-ZAIN-G-    (0)   :  0.917 0.005 0.010 0.005 0.047 0.004 0.010 0.002 
127 TMA-ZAIN-G-    (0)   :  0.963 0.004 0.005 0.006 0.011 0.003 0.006 0.003 
128 TMA-ZAIN-G-    (0)   :  0.938 0.005 0.007 0.023 0.010 0.004 0.010 0.003 
129 TMA-ZAIN-G-    (0)   :  0.947 0.005 0.007 0.006 0.019 0.006 0.007 0.003 
130 TMA-ZAIN-G-    (0)   :  0.820 0.006 0.045 0.011 0.092 0.007 0.017 0.003 
131 TMA-ZAIN-G-    (0)   :  0.951 0.008 0.006 0.004 0.018 0.004 0.006 0.003 
132 TMA-ZAIN-G-    (0)   :  0.878 0.005 0.030 0.047 0.015 0.004 0.018 0.003 
133 TMA-ZAIN-G-    (0)   :  0.778 0.013 0.029 0.056 0.071 0.003 0.041 0.010 
134 TMA-ZAIN-G-    (0)   :  0.698 0.006 0.026 0.048 0.168 0.003 0.044 0.007 
135 TMA-ZAIN-G-    (0)   :  0.716 0.004 0.008 0.024 0.012 0.004 0.227 0.005 
136 TMA-ZAIN-G-    (0)   :  0.214 0.005 0.015 0.641 0.008 0.008 0.104 0.005 
137 TMA-ZAIN-G-    (0)   :  0.309 0.005 0.006 0.007 0.006 0.006 0.657 0.004 
138 TMA-ZAIN-G-    (0)   :  0.915 0.003 0.008 0.011 0.013 0.004 0.044 0.002 
139 TMA-ZAIN-G-    (0)   :  0.827 0.004 0.027 0.012 0.011 0.005 0.110 0.004 
140 TMA-ZAIN-G-    (0)   :  0.417 0.005 0.004 0.010 0.006 0.003 0.550 0.004 
141 TMA-ZAIN-G-    (0)   :  0.280 0.006 0.007 0.007 0.020 0.006 0.671 0.003 
142 TMA-ZAIN-G-    (9)   :  0.185 0.005 0.006 0.017 0.007 0.004 0.774 0.004 
143 TMA-ZAIN-G-    (0)   :  0.709 0.004 0.005 0.014 0.008 0.004 0.252 0.003 
144 TMA-ZAIN-G-    (0)   :  0.381 0.015 0.025 0.007 0.017 0.003 0.548 0.005 
145 TMA-ZAIN-G-    (0)   :  0.075 0.004 0.013 0.240 0.006 0.003 0.656 0.002 
146 TMA-ZAIN-G-    (0)   :  0.026 0.003 0.004 0.005 0.005 0.003 0.950 0.003 
147 TMA-ZAIN-G-    (9)   :  0.195 0.004 0.004 0.011 0.006 0.003 0.773 0.003 
148 TMA-ZAIN-G-    (0)   :  0.434 0.004 0.027 0.006 0.071 0.003 0.452 0.003 
149 TMA-ZAIN-G-    (0)   :  0.537 0.012 0.067 0.006 0.024 0.025 0.313 0.016 
150 TMA-ZAIN-G-    (0)   :  0.184 0.012 0.096 0.079 0.019 0.029 0.569 0.013 
151 TMA-ZAIN-G-    (0)   :  0.053 0.004 0.006 0.015 0.023 0.004 0.893 0.002 
152 TMA-ZAIN-G-    (0)   :  0.011 0.004 0.005 0.008 0.009 0.004 0.956 0.002 
153 TMA-ZAIN-G-    (0)   :  0.292 0.004 0.016 0.030 0.037 0.006 0.612 0.002 
154 TMA-ZAIN-G-    (0)   :  0.017 0.004 0.006 0.006 0.006 0.004 0.955 0.002 
155 TMA-ZAIN-G-    (0)   :  0.042 0.004 0.004 0.013 0.010 0.005 0.920 0.003 
156 TMA-ZAIN-G-    (9)   :  0.238 0.005 0.016 0.006 0.077 0.014 0.641 0.003 
157 TMA-ZAIN-G-    (0)   :  0.200 0.005 0.009 0.011 0.170 0.006 0.597 0.003 
158 TMA-ZAIN-G-    (0)   :  0.018 0.005 0.005 0.005 0.004 0.003 0.956 0.003 
159 TMA-ZAIN-G-    (0)   :  0.011 0.003 0.004 0.007 0.004 0.004 0.963 0.002 
160 TMA-ZAIN-G-    (0)   :  0.006 0.003 0.006 0.012 0.003 0.004 0.963 0.002 
161 TMA-ZAIN-G-    (0)   :  0.329 0.006 0.018 0.007 0.022 0.004 0.612 0.002 
162 TMA-ZAIN-G-    (0)   :  0.022 0.010 0.021 0.007 0.004 0.034 0.886 0.016 
163 TMA-ZAIN-G-    (0)   :  0.016 0.003 0.003 0.004 0.003 0.004 0.964 0.002 
164 TMA-ZAIN-G-    (0)   :  0.020 0.004 0.008 0.008 0.005 0.005 0.946 0.003 
165 TMA-ZAIN-G-    (0)   :  0.029 0.003 0.004 0.007 0.004 0.005 0.945 0.003 
166 TMA-ZAIN-G-    (0)   :  0.132 0.004 0.006 0.008 0.004 0.003 0.839 0.002 
167 TMA-ZAIN-G-    (0)   :  0.163 0.007 0.006 0.005 0.008 0.006 0.799 0.006 
168 TMA-ZAIN-G-    (0)   :  0.017 0.005 0.006 0.018 0.025 0.005 0.921 0.003 
169 TMA-ZAIN-G-    (0)   :  0.011 0.004 0.006 0.143 0.006 0.004 0.824 0.003 
170 TMA-ZAIN-G-    (0)   :  0.144 0.022 0.004 0.023 0.079 0.016 0.701 0.010 
171 TMA-ZAIN-G-    (0)   :  0.009 0.003 0.004 0.024 0.005 0.003 0.949 0.003 
172 TMA-ZAIN-G-    (0)   :  0.913 0.005 0.004 0.005 0.016 0.004 0.049 0.004 
173 TMA-ZAIN-G-    (0)   :  0.916 0.008 0.005 0.005 0.024 0.003 0.036 0.004 
174 TMA-ZAIN-G-    (0)   :  0.812 0.004 0.008 0.044 0.006 0.003 0.121 0.002 
175 TMA-ZAIN-G-    (0)   :  0.011 0.003 0.005 0.010 0.005 0.004 0.959 0.003 
176 TMA-ZAIN-G-    (0)   :  0.019 0.004 0.004 0.006 0.005 0.003 0.955 0.003 
177 TMA-ZAIN-G-    (0)   :  0.042 0.004 0.004 0.004 0.021 0.004 0.918 0.003 
178 TMA-ZAIN-G-    (0)   :  0.640 0.008 0.004 0.004 0.069 0.005 0.265 0.004 
179 TMA-ZAIN-G-    (0)   :  0.207 0.005 0.005 0.008 0.029 0.003 0.740 0.003 
180 TMA-ZAIN-G-    (0)   :  0.882 0.006 0.013 0.054 0.022 0.003 0.013 0.006 
181 TMA-ZAIN-G-    (0)   :  0.712 0.004 0.005 0.008 0.218 0.005 0.043 0.003 
182 TMA-ZAIN-G-    (0)   :  0.745 0.004 0.006 0.003 0.212 0.007 0.019 0.003 
183 TMA-ZAIN-G-    (0)   :  0.557 0.004 0.004 0.007 0.394 0.005 0.027 0.003 
184 TMA-ZAIN-G-    (0)   :  0.858 0.013 0.023 0.009 0.028 0.030 0.025 0.015 
185 TMA-ZAIN-G-    (0)   :  0.899 0.020 0.025 0.005 0.005 0.013 0.008 0.024 
186 TMA-ZAIN-G-    (9)   :  0.954 0.010 0.005 0.005 0.005 0.004 0.011 0.005 
187 TMA-ZAIN-G-    (0)   :  0.934 0.005 0.003 0.008 0.023 0.004 0.020 0.003 
188 TMA-ZAIN-G-    (0)   :  0.952 0.004 0.004 0.008 0.009 0.003 0.019 0.003 
189 TMA-ZAIN-G-    (0)   :  0.955 0.003 0.003 0.013 0.014 0.002 0.007 0.003 
190 TMA-ZAIN-G-    (0)   :  0.785 0.007 0.005 0.027 0.126 0.003 0.044 0.003 
191 TMA-ZAIN-G-    (0)   :  0.926 0.009 0.012 0.006 0.006 0.014 0.011 0.018 
192 TMA-ZAIN-G-    (0)   :  0.926 0.004 0.004 0.005 0.043 0.004 0.008 0.006 
193 TMA-ZAIN-G-    (0)   :  0.004 0.003 0.004 0.003 0.978 0.003 0.003 0.002 
194 TMA-ZAIN-G-    (0)   :  0.019 0.010 0.010 0.008 0.940 0.002 0.005 0.005 
195 TMA-ZAIN-G-    (0)   :  0.065 0.012 0.005 0.041 0.842 0.003 0.030 0.003 
196 TMA-ZAIN-G-    (0)   :  0.009 0.004 0.005 0.009 0.963 0.003 0.005 0.003 
197 TMA-ZAIN-G-    (0)   :  0.010 0.004 0.006 0.009 0.958 0.003 0.007 0.003 
198 TMA-ZAIN-G-    (0)   :  0.011 0.003 0.004 0.007 0.960 0.003 0.010 0.003 
199 TMA-ZAIN-G-    (0)   :  0.957 0.007 0.005 0.005 0.007 0.003 0.011 0.004 
200 TMA-ZAIN-G-    (0)   :  0.004 0.040 0.004 0.003 0.047 0.015 0.003 0.884 
201 TMA-ZAIN-G-    (0)   :  0.003 0.013 0.004 0.005 0.003 0.005 0.004 0.962 
202 TMA-ZAIN-G-    (0)   :  0.010 0.012 0.002 0.003 0.037 0.013 0.005 0.919 
203 TMA-ZAIN-G-    (0)   :  0.041 0.004 0.005 0.004 0.909 0.019 0.015 0.003 
204 TMA-ZAIN-G-    (9)   :  0.009 0.015 0.041 0.011 0.009 0.005 0.010 0.901 
205 TMA-ZAIN-G-    (0)   :  0.014 0.028 0.013 0.008 0.007 0.007 0.117 0.806 
206 TMA-ZAIN-G-    (9)   :  0.022 0.026 0.023 0.011 0.067 0.016 0.015 0.820 
207 TMA-ZAIN-G-    (9)   :  0.093 0.079 0.121 0.102 0.013 0.014 0.565 0.014 
208 TMA-ZAIN-G-    (0)   :  0.223 0.005 0.004 0.059 0.005 0.003 0.698 0.003 
209 TMA-ZAIN-G-    (0)   :  0.548 0.004 0.047 0.017 0.204 0.003 0.174 0.003 
210 TMA-ZAIN-G-    (0)   :  0.297 0.006 0.016 0.131 0.392 0.004 0.152 0.003 
211 TMA-ZAIN-G-    (0)   :  0.649 0.029 0.019 0.035 0.098 0.012 0.135 0.024 
212 TMA-ZAIN-G-    (0)   :  0.836 0.006 0.008 0.013 0.018 0.003 0.112 0.004 
213 TMA-ZAIN-G-    (0)   :  0.865 0.005 0.005 0.006 0.018 0.003 0.094 0.003 
214 TMA-ZAIN-G-    (0)   :  0.892 0.004 0.006 0.025 0.016 0.003 0.050 0.003 
215 TMA-ZAIN-G-    (0)   :  0.634 0.219 0.003 0.006 0.005 0.004 0.115 0.014 
216 TMA-ZAIN-G-    (0)   :  0.952 0.005 0.007 0.005 0.010 0.003 0.013 0.004 
217 TMA-ZAIN-G-    (0)   :  0.742 0.003 0.007 0.086 0.052 0.004 0.102 0.003 
218 TMA-ZAIN-G-    (0)   :  0.006 0.959 0.004 0.011 0.004 0.005 0.006 0.004 
219 TMA-ZAIN-G-    (0)   :  0.006 0.957 0.011 0.004 0.004 0.005 0.004 0.011 
220 TMA-ZAIN-G-    (0)   :  0.009 0.871 0.009 0.012 0.006 0.067 0.021 0.004 
221 TMA-ZAIN-G-    (0)   :  0.022 0.917 0.008 0.007 0.008 0.005 0.011 0.023 
222 TMA-ZAIN-G-    (0)   :  0.008 0.896 0.020 0.014 0.006 0.030 0.017 0.009 
223 TMA-ZAIN-G-    (0)   :  0.004 0.962 0.006 0.004 0.003 0.008 0.004 0.010 
224 TMA-ZAIN-G-    (0)   :  0.018 0.911 0.017 0.005 0.010 0.017 0.005 0.017 
225 TMA-ZAIN-G-    (0)   :  0.005 0.954 0.004 0.003 0.012 0.009 0.004 0.010 
226 TMA-ZAIN-G-    (0)   :  0.007 0.931 0.006 0.005 0.019 0.015 0.007 0.010 
227 TMA-ZAIN-G-    (0)   :  0.009 0.919 0.005 0.004 0.021 0.011 0.009 0.023 
228 TMA-ZAIN-G-    (0)   :  0.010 0.920 0.008 0.008 0.007 0.016 0.017 0.013 
229 TMA-ZAIN-G-    (0)   :  0.003 0.860 0.008 0.011 0.003 0.030 0.004 0.082 
230 TMA-ZAIN-G-    (0)   :  0.055 0.780 0.051 0.018 0.027 0.034 0.027 0.007 
231 TMA-ZAIN-G-    (0)   :  0.014 0.146 0.029 0.014 0.011 0.147 0.085 0.555 
232 TMA-ZAIN-G-    (9)   :  0.038 0.075 0.014 0.054 0.016 0.302 0.015 0.486 
233 TMA-ZAIN-G-    (0)   :  0.012 0.879 0.016 0.038 0.008 0.005 0.016 0.026 
234 TMA-ZAIN-G-    (0)   :  0.004 0.590 0.021 0.006 0.010 0.310 0.010 0.049 
235 TMA-ZAIN-G-    (0)   :  0.027 0.737 0.011 0.005 0.023 0.140 0.034 0.023 
236 TMA-ZAIN-G-    (0)   :  0.013 0.786 0.007 0.007 0.028 0.075 0.014 0.070 
237 TMA-ZAIN-G-    (0)   :  0.071 0.473 0.025 0.028 0.019 0.212 0.158 0.014 
238 TMA-ZAIN-G-    (0)   :  0.029 0.846 0.005 0.005 0.008 0.054 0.025 0.029 
239 TMA-ZAIN-G-    (0)   :  0.022 0.005 0.029 0.019 0.154 0.006 0.003 0.761 
240 TMA-ZAIN-G-    (0)   :  0.003 0.005 0.006 0.003 0.004 0.004 0.004 0.972 
241 TMA-ZAIN-G-    (0)   :  0.006 0.004 0.005 0.005 0.004 0.004 0.009 0.965 
242 TMA-ZAIN-G-    (0)   :  0.005 0.004 0.004 0.005 0.003 0.003 0.007 0.969 
243 TMA-ZAIN-G-    (0)   :  0.008 0.004 0.005 0.008 0.004 0.003 0.011 0.957 
244 TMA-ZAIN-G-    (0)   :  0.009 0.004 0.004 0.010 0.003 0.004 0.015 0.951 
245 TMA-ZAIN-G-    (9)   :  0.003 0.004 0.003 0.002 0.003 0.004 0.003 0.978 
246 TMA-ZAIN-G-    (0)   :  0.003 0.004 0.003 0.003 0.002 0.003 0.003 0.978 
247 TMA-ZAIN-G-    (0)   :  0.004 0.004 0.004 0.006 0.002 0.002 0.004 0.973 
248 TMA-ZAIN-G-    (0)   :  0.007 0.007 0.004 0.004 0.010 0.004 0.006 0.957 
249 TMA-ZAIN-G-    (0)   :  0.004 0.005 0.003 0.003 0.006 0.003 0.003 0.971 
250 TMA-ZAIN-G-    (0)   :  0.005 0.005 0.003 0.006 0.004 0.002 0.003 0.971 
251 TMA-ZAIN-G-    (0)   :  0.005 0.004 0.970 0.004 0.006 0.005 0.004 0.003 
252 TMA-ZAIN-G-    (0)   :  0.012 0.007 0.871 0.044 0.006 0.004 0.054 0.003 
253 TMA-ZAIN-G-    (0)   :  0.005 0.003 0.967 0.005 0.005 0.005 0.007 0.004 
254 TMA-ZAIN-G-    (9)   :  0.009 0.005 0.939 0.013 0.006 0.007 0.018 0.003 
255 TMA-ZAIN-G-    (0)   :  0.004 0.003 0.947 0.007 0.005 0.010 0.006 0.018 
256 TMA-ZAIN-G-    (0)   :  0.006 0.004 0.947 0.005 0.020 0.006 0.007 0.007 
257 TMA-ZAIN-G-    (0)   :  0.004 0.004 0.969 0.003 0.011 0.003 0.003 0.004 
258 TMA-ZAIN-G-    (0)   :  0.003 0.004 0.973 0.004 0.005 0.004 0.004 0.003 
259 TMA-ZAIN-G-    (0)   :  0.004 0.004 0.972 0.005 0.005 0.003 0.003 0.004 
260 TMA-ZAIN-G-    (0)   :  0.004 0.004 0.966 0.008 0.006 0.004 0.004 0.004 
261 TMA-ZAIN-G-   (18)   :  0.006 0.006 0.956 0.011 0.008 0.004 0.005 0.004 
262 TMA-ZAIN-G-    (0)   :  0.004 0.004 0.972 0.003 0.007 0.004 0.003 0.003 
263 TMA-ZAIN-G-    (0)   :  0.004 0.004 0.971 0.004 0.005 0.005 0.004 0.003 
264 TMA-ZAIN-G-    (0)   :  0.004 0.004 0.967 0.004 0.006 0.008 0.005 0.003 
265 TMA-ZAIN-G-    (0)   :  0.026 0.196 0.665 0.039 0.014 0.016 0.027 0.016 
266 TMA-ZAIN-G-    (0)   :  0.102 0.029 0.728 0.024 0.072 0.015 0.020 0.010 
267 TMA-ZAIN-G-    (0)   :  0.014 0.061 0.577 0.014 0.007 0.020 0.017 0.290 
268 TMA-ZAIN-G-    (0)   :  0.004 0.007 0.006 0.004 0.003 0.066 0.004 0.906 
269 TMA-ZAIN-G-    (0)   :  0.007 0.029 0.009 0.004 0.004 0.253 0.006 0.687 
270 TMA-ZAIN-G-    (0)   :  0.005 0.019 0.012 0.004 0.004 0.062 0.006 0.888 
271 TMA-ZAIN-G-    (0)   :  0.005 0.010 0.007 0.003 0.003 0.033 0.005 0.934 
272 TMA-ZAIN-G-    (0)   :  0.005 0.043 0.006 0.003 0.004 0.025 0.005 0.911 
273 TMA-ZAIN-G-    (0)   :  0.003 0.014 0.004 0.002 0.003 0.017 0.003 0.954 
274 TMA-ZAIN-G-    (0)   :  0.020 0.017 0.009 0.010 0.049 0.031 0.012 0.852 
275 TMA-ZAIN-G-    (0)   :  0.004 0.008 0.003 0.002 0.003 0.006 0.003 0.971 
276 TMA-ZAIN-G-    (0)   :  0.003 0.005 0.003 0.003 0.002 0.008 0.004 0.972 
277 TMA-ZAIN-G-    (0)   :  0.004 0.006 0.006 0.005 0.005 0.009 0.005 0.961 
278 TMA-ZAIN-G-    (0)   :  0.003 0.006 0.005 0.003 0.003 0.005 0.003 0.972 
279 TMA-ZAIN-G-    (0)   :  0.005 0.016 0.004 0.003 0.006 0.010 0.004 0.953 
280 TMA-ZAIN-G-    (0)   :  0.009 0.051 0.004 0.002 0.009 0.099 0.005 0.821 
281 TMA-ZAIN-G-    (0)   :  0.005 0.015 0.005 0.003 0.006 0.038 0.004 0.924 
282 TMA-ZAIN-G-    (9)   :  0.003 0.007 0.005 0.003 0.003 0.013 0.003 0.962 
283 TMA-ZAIN-G-    (0)   :  0.012 0.109 0.134 0.007 0.004 0.084 0.018 0.631 
284 TMA-ZAIN-G-    (0)   :  0.014 0.181 0.179 0.004 0.006 0.150 0.014 0.451 
285 TMA-ZAIN-G-    (0)   :  0.022 0.023 0.034 0.031 0.011 0.039 0.022 0.818 
286 TMA-ZAIN-G-    (0)   :  0.004 0.010 0.009 0.003 0.003 0.030 0.003 0.937 
287 TMA-ZAIN-G-    (0)   :  0.010 0.008 0.005 0.010 0.014 0.024 0.008 0.922 
288 TMA-ZAIN-G-    (0)   :  0.042 0.171 0.013 0.011 0.069 0.086 0.019 0.590 
289 TMA-ZAIN-G-    (0)   :  0.017 0.017 0.009 0.016 0.027 0.023 0.011 0.879 
290 TMA-ZAIN-G-    (0)   :  0.014 0.096 0.009 0.003 0.008 0.399 0.007 0.462 
291 TMA-ZAIN-G-    (0)   :  0.005 0.954 0.008 0.003 0.005 0.009 0.004 0.012 
292 TMA-ZAIN-G-    (0)   :  0.261 0.019 0.005 0.007 0.018 0.010 0.664 0.015 
293 TMA-ZAIN-G-    (0)   :  0.542 0.010 0.016 0.020 0.020 0.004 0.379 0.008 
294 TMA-ZAIN-G-    (0)   :  0.024 0.004 0.007 0.012 0.004 0.003 0.941 0.004 
295 TMA-ZAIN-G-    (9)   :  0.046 0.011 0.007 0.017 0.005 0.004 0.901 0.008 
296 TMA-ZAIN-G-    (0)   :  0.476 0.011 0.011 0.007 0.033 0.011 0.445 0.007 
297 TMA-ZAIN-G-    (0)   :  0.181 0.009 0.026 0.029 0.134 0.006 0.609 0.006 
298 TMA-ZAIN-G-    (0)   :  0.097 0.019 0.064 0.013 0.005 0.015 0.761 0.027 
299 TMA-ZAIN-G-    (0)   :  0.009 0.006 0.003 0.009 0.005 0.004 0.958 0.007 
300 TMA-ZAIN-G-    (0)   :  0.209 0.010 0.008 0.083 0.011 0.003 0.669 0.007 
301 TMA-ZAIN-G-    (0)   :  0.358 0.007 0.008 0.022 0.028 0.005 0.563 0.008 
302 TMA-ZAIN-G-    (9)   :  0.154 0.006 0.005 0.009 0.015 0.004 0.804 0.003 
303 TMA-ZAIN-G-    (0)   :  0.021 0.791 0.031 0.002 0.126 0.018 0.003 0.007 
304 TMA-ZAIN-G-    (0)   :  0.146 0.008 0.576 0.164 0.044 0.019 0.035 0.009 
305 TMA-ZAIN-G-    (0)   :  0.399 0.005 0.010 0.018 0.011 0.004 0.548 0.005 
306 TMA-ZAIN-G-    (0)   :  0.221 0.010 0.347 0.021 0.024 0.144 0.199 0.033 
307 TMA-ZAIN-G-    (0)   :  0.169 0.006 0.404 0.353 0.014 0.011 0.033 0.010 
308 TMA-ZAIN-G-    (0)   :  0.005 0.123 0.789 0.015 0.016 0.029 0.004 0.019 
309 TMA-ZAIN-G-    (0)   :  0.940 0.005 0.003 0.007 0.027 0.003 0.012 0.003 
310 TMA-ZAIN-G-    (0)   :  0.361 0.015 0.019 0.013 0.004 0.007 0.553 0.029 
311 TMA-ZAIN-G-    (0)   :  0.418 0.024 0.054 0.009 0.016 0.045 0.425 0.009 
312 TMA-ZAIN-G-    (0)   :  0.890 0.022 0.009 0.007 0.023 0.005 0.038 0.005 
313 TMA-ZAIN-G-    (0)   :  0.091 0.005 0.743 0.031 0.018 0.014 0.093 0.005 
314 TMA-ZAIN-G-    (0)   :  0.027 0.350 0.017 0.012 0.018 0.342 0.009 0.225 
315 TMA-ZAIN-G-    (0)   :  0.175 0.035 0.018 0.072 0.008 0.007 0.277 0.409 
316 TMA-ZAIN-G-    (0)   :  0.116 0.082 0.017 0.076 0.007 0.011 0.275 0.417 
317 TMA-ZAIN-G-    (0)   :  0.007 0.905 0.012 0.004 0.007 0.037 0.008 0.020 
318 TMA-ZAIN-G-    (9)   :  0.006 0.146 0.058 0.011 0.010 0.333 0.008 0.428 
319 TMA-ZAIN-G-    (0)   :  0.009 0.308 0.009 0.003 0.485 0.022 0.005 0.158 
320 TMA-ZAIN-G-    (0)   :  0.124 0.451 0.006 0.022 0.011 0.006 0.371 0.010 
321 TMA-ZAIN-G-    (0)   :  0.594 0.107 0.012 0.020 0.006 0.072 0.093 0.097 
322 TMA-ZAIN-G-    (0)   :  0.190 0.432 0.059 0.045 0.008 0.069 0.189 0.008 
323 TMA-ZAIN-G-    (0)   :  0.025 0.863 0.012 0.018 0.056 0.007 0.005 0.015 
324 TMA-ZAIN-G-    (0)   :  0.034 0.008 0.026 0.021 0.043 0.008 0.856 0.004 
325 TMA-ZAIN-G-    (0)   :  0.015 0.902 0.008 0.005 0.006 0.005 0.011 0.049 
326 TMA-ZAIN-G-    (0)   :  0.011 0.572 0.012 0.005 0.384 0.002 0.010 0.004 
327 TMA-ZAIN-G-    (0)   :  0.030 0.005 0.012 0.025 0.916 0.003 0.007 0.003 
328 TMA-ZAIN-G-    (0)   :  0.043 0.198 0.019 0.264 0.088 0.284 0.020 0.083 
329 TMA-ZAIN-G-    (0)   :  0.652 0.011 0.033 0.065 0.038 0.004 0.190 0.007 
330 TMA-ZAIN-G-    (0)   :  0.831 0.008 0.037 0.047 0.021 0.004 0.050 0.003 
331 TMA-ZAIN-G-    (0)   :  0.707 0.044 0.118 0.006 0.007 0.022 0.034 0.061 
332 TMA-ZAIN-G-    (0)   :  0.474 0.005 0.005 0.016 0.464 0.003 0.032 0.003 
333 TMA-ZAIN-G-    (0)   :  0.007 0.003 0.004 0.004 0.974 0.003 0.003 0.002 
334 TMA-ZAIN-G-    (0)   :  0.003 0.010 0.006 0.003 0.003 0.012 0.004 0.958 
335 TMA-ZAIN-G-    (0)   :  0.004 0.005 0.004 0.006 0.003 0.004 0.004 0.970 
336 TMA-ZAIN-G-    (0)   :  0.008 0.021 0.014 0.006 0.005 0.013 0.009 0.924 
337 TMA-ZAIN-G-    (9)   :  0.006 0.033 0.008 0.004 0.003 0.075 0.007 0.864 
338 TMA-ZAIN-G-    (0)   :  0.003 0.008 0.006 0.003 0.003 0.033 0.004 0.940 
339 TMA-ZAIN-G-    (0)   :  0.002 0.005 0.004 0.002 0.002 0.013 0.002 0.969 
340 TMA-ZAIN-G-    (0)   :  0.003 0.005 0.003 0.003 0.002 0.006 0.003 0.974 
341 TMA-ZAIN-G-    (0)   :  0.005 0.005 0.003 0.004 0.004 0.009 0.004 0.966 
342 TMA-ZAIN-G-    (0)   :  0.004 0.007 0.005 0.004 0.003 0.009 0.004 0.963 
343 TMA-ZAIN-G-    (0)   :  0.004 0.006 0.003 0.002 0.003 0.024 0.003 0.955 
344 TMA-ZAIN-G-    (0)   :  0.006 0.013 0.005 0.003 0.005 0.007 0.005 0.957 
345 TMA-ZAIN-G-    (0)   :  0.003 0.004 0.005 0.003 0.003 0.005 0.003 0.974 
346 TMA-ZAIN-G-    (0)   :  0.011 0.015 0.004 0.003 0.013 0.031 0.004 0.918 
347 TMA-ZAIN-G-    (9)   :  0.003 0.006 0.003 0.003 0.003 0.007 0.003 0.971 
348 TMA-ZAIN-G-    (0)   :  0.005 0.014 0.009 0.004 0.005 0.018 0.005 0.941 
349 TMA-ZAIN-G-    (0)   :  0.003 0.006 0.005 0.003 0.004 0.013 0.004 0.962 
350 TMA-ZAIN-G-    (0)   :  0.009 0.053 0.005 0.005 0.007 0.026 0.007 0.888 
351 TMA-ZAIN-G-    (0)   :  0.003 0.006 0.005 0.003 0.004 0.007 0.003 0.967 
352 TMA-ZAIN-G-    (0)   :  0.006 0.007 0.008 0.007 0.003 0.008 0.008 0.953 
353 TMA-ZAIN-G-    (0)   :  0.011 0.021 0.005 0.003 0.012 0.040 0.006 0.901 
354 TMA-ZAIN-G-    (0)   :  0.008 0.012 0.003 0.002 0.005 0.007 0.005 0.958 
355 TMA-ZAIN-G-    (0)   :  0.014 0.009 0.003 0.004 0.007 0.012 0.009 0.942 
356 TMA-ZAIN-G-    (0)   :  0.005 0.011 0.015 0.093 0.002 0.003 0.868 0.002 
357 TMA-ZAIN-G-    (0)   :  0.115 0.011 0.012 0.092 0.382 0.010 0.374 0.003 
358 TMA-ZAIN-G-    (0)   :  0.699 0.026 0.024 0.104 0.013 0.044 0.068 0.022 
359 TMA-ZAIN-G-    (0)   :  0.014 0.054 0.096 0.339 0.004 0.011 0.456 0.025 
360 TMA-ZAIN-G-    (0)   :  0.013 0.004 0.005 0.018 0.004 0.003 0.950 0.003 
361 TMA-ZAIN-G-    (0)   :  0.896 0.007 0.009 0.015 0.018 0.008 0.043 0.003 
362 TMA-ZAIN-G-    (0)   :  0.009 0.008 0.005 0.007 0.003 0.005 0.952 0.012 
363 TMA-ZAIN-G-    (0)   :  0.643 0.028 0.016 0.017 0.069 0.005 0.212 0.009 
364 TMA-ZAIN-G-    (0)   :  0.019 0.668 0.018 0.016 0.013 0.225 0.025 0.016 
365 TMA-ZAIN-G-    (0)   :  0.372 0.066 0.005 0.044 0.004 0.012 0.337 0.162 
366 TMA-ZAIN-G-    (0)   :  0.048 0.005 0.018 0.125 0.004 0.005 0.788 0.006 
367 TMA-ZAIN-G-    (0)   :  0.751 0.022 0.054 0.007 0.039 0.087 0.034 0.005 
368 TMA-ZAIN-G-    (0)   :  0.083 0.006 0.016 0.125 0.009 0.006 0.752 0.004 
369 TMA-ZAIN-G-    (0)   :  0.926 0.004 0.005 0.029 0.019 0.002 0.012 0.003 
370 TMA-ZAIN-G-    (0)   :  0.945 0.004 0.004 0.007 0.016 0.005 0.016 0.003 
371 TMA-ZAIN-G-    (0)   :  0.010 0.004 0.005 0.019 0.007 0.005 0.946 0.003 
372 TMA-ZAIN-G-    (0)   :  0.447 0.004 0.007 0.027 0.004 0.004 0.503 0.004 
373 TMA-ZAIN-G-    (0)   :  0.220 0.009 0.005 0.006 0.744 0.004 0.006 0.004 
374 TMA-ZAIN-G-    (0)   :  0.253 0.068 0.180 0.007 0.131 0.317 0.037 0.007 
375 TMA-ZAIN-G-    (0)   :  0.188 0.674 0.006 0.009 0.050 0.044 0.020 0.010 
376 TMA-ZAIN-G-    (9)   :  0.020 0.004 0.003 0.004 0.005 0.004 0.956 0.003 
377 TMA-ZAIN-G-    (0)   :  0.015 0.003 0.004 0.015 0.005 0.002 0.953 0.002 
378 TMA-ZAIN-G-    (0)   :  0.016 0.003 0.004 0.013 0.006 0.004 0.953 0.002 
379 TMA-ZAIN-G-    (0)   :  0.021 0.003 0.020 0.012 0.025 0.004 0.912 0.002 
380 TMA-ZAIN-G-    (0)   :  0.232 0.006 0.008 0.099 0.011 0.003 0.636 0.004 
381 TMA-ZAIN-G-    (9)   :  0.050 0.577 0.100 0.122 0.015 0.010 0.115 0.011 
382 TMA-ZAIN-G-    (9)   :  0.013 0.153 0.010 0.003 0.008 0.745 0.006 0.062 
383    ZFB01    (0)   :  0.004 0.003 0.004 0.003 0.003 0.968 0.005 0.009 
384    ZFB02    (0)   :  0.003 0.005 0.008 0.003 0.002 0.945 0.003 0.030 
385    ZFB03    (0)   :  0.005 0.009 0.005 0.003 0.008 0.961 0.005 0.005 
386    ZFB04    (0)   :  0.004 0.005 0.007 0.003 0.002 0.939 0.005 0.036 
387    ZFB05    (0)   :  0.006 0.041 0.012 0.011 0.011 0.806 0.003 0.110 
388    ZFB06    (0)   :  0.007 0.031 0.007 0.011 0.011 0.882 0.003 0.048 
389    ZFB07    (9)   :  0.008 0.011 0.005 0.004 0.005 0.948 0.008 0.010 
390    ZFB08    (0)   :  0.007 0.008 0.007 0.006 0.005 0.956 0.006 0.006 
391    ZFB09    (0)   :  0.003 0.004 0.003 0.003 0.003 0.976 0.003 0.005 
392    ZFB10    (0)   :  0.012 0.005 0.006 0.006 0.002 0.936 0.023 0.009 
393    ZFB11    (0)   :  0.007 0.004 0.007 0.004 0.002 0.948 0.010 0.018 
394    ZFB12    (0)   :  0.008 0.023 0.005 0.004 0.008 0.908 0.010 0.035 
395    ZFB13    (0)   :  0.008 0.010 0.006 0.006 0.004 0.950 0.009 0.007 
396    ZFB14    (0)   :  0.004 0.005 0.005 0.003 0.003 0.970 0.006 0.004 
397    ZFB15    (0)   :  0.003 0.004 0.003 0.002 0.003 0.967 0.003 0.015 
398    ZFB16    (0)   :  0.007 0.007 0.004 0.004 0.003 0.953 0.006 0.017 
399    ZFB17    (0)   :  0.014 0.020 0.025 0.013 0.004 0.883 0.011 0.029 
400    ZFB18    (0)   :  0.004 0.004 0.004 0.003 0.003 0.976 0.004 0.004 
401    ZFB19    (0)   :  0.025 0.017 0.004 0.008 0.005 0.904 0.029 0.007 
402    ZFB20    (0)   :  0.006 0.007 0.004 0.004 0.003 0.929 0.006 0.041 
403    ZFB21    (0)   :  0.003 0.006 0.003 0.002 0.003 0.968 0.003 0.011 
404    ZFB22    (0)   :  0.015 0.012 0.009 0.012 0.004 0.848 0.011 0.090 
405    ZFB23    (0)   :  0.007 0.006 0.007 0.004 0.004 0.936 0.010 0.027 
406    ZFB24    (0)   :  0.006 0.005 0.007 0.004 0.003 0.928 0.010 0.038 
407    ZFB25    (0)   :  0.013 0.004 0.005 0.005 0.004 0.941 0.022 0.007 
408    ZFB26    (0)   :  0.015 0.007 0.010 0.005 0.004 0.874 0.026 0.059 
409    ZFB27    (0)   :  0.007 0.004 0.005 0.003 0.003 0.882 0.010 0.085 
410    ZFB28    (0)   :  0.009 0.037 0.013 0.003 0.006 0.817 0.008 0.107 
411    ZFB29    (0)   :  0.003 0.006 0.009 0.003 0.003 0.953 0.005 0.018 
412    ZFB30    (0)   :  0.012 0.036 0.005 0.015 0.012 0.770 0.007 0.144 
413    ZFB31    (0)   :  0.010 0.005 0.004 0.005 0.004 0.953 0.013 0.006 
414    ZFB32    (0)   :  0.018 0.046 0.035 0.005 0.010 0.811 0.017 0.058 
415    ZFB33    (0)   :  0.003 0.004 0.003 0.003 0.003 0.968 0.004 0.012 
416    ZFB34    (0)   :  0.003 0.004 0.005 0.003 0.003 0.974 0.004 0.004 
417    ZFB35    (0)   :  0.006 0.005 0.006 0.004 0.004 0.957 0.007 0.010 
418  ZFBP101    (0)   :  0.727 0.011 0.085 0.035 0.015 0.009 0.111 0.006 
419  ZFBP102    (0)   :  0.805 0.011 0.017 0.011 0.006 0.011 0.131 0.008 
420  ZFBP103    (0)   :  0.782 0.007 0.107 0.011 0.020 0.006 0.062 0.005 
421  ZFBP104    (0)   :  0.751 0.036 0.004 0.009 0.009 0.038 0.139 0.014 
422  ZFBP105    (0)   :  0.396 0.006 0.005 0.007 0.013 0.006 0.563 0.005 
423  ZFBP106    (0)   :  0.190 0.004 0.008 0.012 0.020 0.004 0.760 0.003 
424  ZFBP107    (0)   :  0.733 0.009 0.006 0.005 0.012 0.005 0.221 0.009 
425  ZFBP108    (0)   :  0.011 0.004 0.003 0.004 0.006 0.003 0.965 0.003 
426  ZFBP109    (0)   :  0.051 0.003 0.004 0.007 0.005 0.004 0.925 0.002 
427  ZFBP110    (0)   :  0.402 0.034 0.036 0.007 0.106 0.045 0.363 0.008 
428  ZFBP111    (0)   :  0.435 0.005 0.005 0.130 0.011 0.003 0.409 0.003 
429  ZFBP112    (0)   :  0.102 0.006 0.027 0.121 0.020 0.005 0.713 0.006 
430  ZFBP113    (0)   :  0.024 0.005 0.003 0.005 0.004 0.004 0.952 0.004 
431  ZFBP114    (0)   :  0.415 0.006 0.007 0.010 0.008 0.004 0.545 0.005 
432  ZFBP115    (0)   :  0.881 0.005 0.010 0.014 0.021 0.003 0.064 0.003 
433  ZFBP116    (0)   :  0.054 0.006 0.005 0.007 0.006 0.003 0.916 0.004 
434  ZFBP117    (0)   :  0.018 0.004 0.006 0.007 0.006 0.003 0.955 0.002 
435  ZFBP118    (0)   :  0.219 0.007 0.005 0.016 0.009 0.003 0.736 0.005 
436  ZFBP119    (0)   :  0.327 0.007 0.027 0.018 0.020 0.004 0.594 0.003 
437  ZFBP120    (0)   :  0.433 0.006 0.004 0.006 0.012 0.007 0.527 0.005 
438  ZFBP121    (0)   :  0.045 0.004 0.007 0.006 0.008 0.005 0.921 0.003 
439  ZFBP122    (9)   :  0.092 0.004 0.005 0.013 0.007 0.004 0.871 0.003 
440  ZFBP123    (0)   :  0.026 0.006 0.018 0.025 0.005 0.004 0.910 0.007 
441  ZFBP124    (0)   :  0.053 0.004 0.006 0.005 0.005 0.008 0.915 0.004 
442  ZFBP125    (0)   :  0.127 0.004 0.006 0.017 0.009 0.003 0.831 0.002 
443  ZFBP126    (0)   :  0.202 0.018 0.030 0.008 0.004 0.011 0.716 0.011 
444  ZFBP127    (0)   :  0.407 0.004 0.013 0.006 0.047 0.003 0.518 0.003 
445  ZFBP128    (0)   :  0.115 0.003 0.027 0.065 0.025 0.005 0.757 0.002 
446  ZFBP129    (0)   :  0.007 0.004 0.007 0.015 0.006 0.004 0.955 0.002 
447  ZFBP130    (0)   :  0.252 0.005 0.026 0.119 0.018 0.002 0.575 0.003 
448  ZFBP131    (0)   :  0.007 0.004 0.004 0.005 0.003 0.004 0.970 0.003 
449  ZFBP132    (0)   :  0.013 0.003 0.004 0.004 0.012 0.004 0.958 0.002 
450  ZFBP133    (0)   :  0.010 0.003 0.007 0.171 0.003 0.003 0.801 0.002 
451  ZFBP134    (0)   :  0.925 0.004 0.010 0.013 0.006 0.003 0.035 0.003 
452  ZFBP135    (0)   :  0.348 0.008 0.234 0.016 0.019 0.017 0.354 0.004 
453  ZFBP136    (0)   :  0.526 0.007 0.135 0.079 0.018 0.005 0.223 0.008 
454  ZFBP201    (0)   :  0.015 0.007 0.006 0.005 0.009 0.005 0.947 0.006 
455  ZFBP202    (0)   :  0.048 0.005 0.004 0.010 0.011 0.006 0.912 0.003 
456  ZFBP203    (0)   :  0.021 0.021 0.007 0.023 0.006 0.005 0.896 0.024 
457  ZFBP204    (0)   :  0.401 0.007 0.017 0.026 0.019 0.004 0.521 0.005 
458  ZFBP205    (0)   :  0.011 0.004 0.010 0.014 0.003 0.003 0.950 0.004 
459  ZFBP206    (0)   :  0.012 0.006 0.019 0.108 0.005 0.005 0.838 0.007 
460  ZFBP207    (0)   :  0.179 0.005 0.009 0.008 0.083 0.005 0.708 0.003 
461  ZFBP208    (0)   :  0.014 0.008 0.009 0.012 0.004 0.004 0.937 0.013 
462  ZFBP209    (0)   :  0.015 0.003 0.006 0.072 0.003 0.003 0.896 0.002 
463  ZFBP210    (0)   :  0.017 0.006 0.006 0.014 0.011 0.004 0.933 0.008 
464  ZFBP211    (0)   :  0.029 0.004 0.005 0.006 0.009 0.005 0.940 0.004 
465  ZFBP212    (0)   :  0.273 0.004 0.003 0.006 0.036 0.006 0.669 0.003 
466  ZFBP213    (0)   :  0.012 0.007 0.016 0.015 0.008 0.007 0.929 0.005 
467  ZFBP214    (0)   :  0.026 0.017 0.049 0.108 0.041 0.014 0.740 0.004 
468  ZFBP215    (0)   :  0.012 0.004 0.006 0.007 0.006 0.004 0.959 0.003 
469  ZFBP216    (0)   :  0.241 0.013 0.005 0.008 0.006 0.004 0.717 0.007 
470  ZFBP217    (0)   :  0.053 0.008 0.007 0.169 0.036 0.006 0.717 0.003 
471  ZFBP218    (0)   :  0.018 0.004 0.003 0.013 0.004 0.003 0.953 0.003 
472  ZFBP219    (0)   :  0.015 0.004 0.003 0.006 0.004 0.003 0.962 0.004 
473  ZFBP220    (0)   :  0.510 0.005 0.021 0.063 0.017 0.003 0.377 0.003 
474  ZFBP221    (0)   :  0.543 0.004 0.003 0.009 0.009 0.004 0.425 0.003 
475  ZFBP222    (0)   :  0.008 0.004 0.007 0.007 0.003 0.004 0.961 0.005 
476  ZFBP223    (0)   :  0.151 0.006 0.009 0.010 0.175 0.008 0.637 0.005 
477  ZFBP224    (0)   :  0.014 0.006 0.006 0.005 0.005 0.004 0.954 0.005 
478  ZFBP225    (0)   :  0.592 0.008 0.013 0.217 0.019 0.003 0.143 0.006 
479  ZFBP226    (0)   :  0.050 0.005 0.004 0.006 0.005 0.003 0.922 0.005 
480  ZFBP227    (0)   :  0.486 0.106 0.006 0.007 0.009 0.025 0.340 0.021 
481  ZFBP228    (0)   :  0.554 0.004 0.012 0.009 0.045 0.005 0.367 0.003 
482  ZFBP229    (0)   :  0.060 0.004 0.006 0.021 0.005 0.003 0.897 0.003 
483  ZFBP230    (0)   :  0.618 0.005 0.020 0.050 0.012 0.003 0.288 0.003 
484  ZFBP231    (0)   :  0.055 0.005 0.006 0.006 0.007 0.005 0.913 0.004 
485  ZFBP232    (0)   :  0.018 0.003 0.004 0.008 0.004 0.003 0.957 0.003 
486  ZFBP233    (0)   :  0.361 0.005 0.006 0.026 0.006 0.006 0.587 0.004 
487   ZFCC01    (0)   :  0.003 0.004 0.968 0.004 0.005 0.007 0.004 0.004 
488   ZFCC03    (0)   :  0.004 0.004 0.967 0.005 0.009 0.005 0.004 0.003 
