

----------------------------------------------------
STRUCTURE by Pritchard, Stephens and Donnelly (2000)
     and Falush, Stephens and Pritchard (2003)
       Code by Pritchard, Falush and Hubisz
             Version 2.3.4 (Jul 2012)
----------------------------------------------------



Command line arguments:   bin\structure -m C:\Users\eschumacher\Documents\GitHub\GCC_QUAC_ZAIN\Data_Files\Structure_Files\ZAIN\ZAIN_rebinned_garden_wild_nopopinfo\50-50\mainparams -e C:\Users\eschumacher\Documents\GitHub\GCC_QUAC_ZAIN\Data_Files\Structure_Files\ZAIN\ZAIN_rebinned_garden_wild_nopopinfo\50-50\extraparams 
Input File:    C:\Users\eschumacher\Documents\GitHub\GCC_QUAC_ZAIN\Data_Files\Structure_Files\ZAIN\ZAIN_rebinned_garden_wild_nopopinfo\project_data

Run parameters:
   1133 individuals
   11 loci
   11 populations assumed
   50000 Burn-in period
   50000 Reps


--------------------------------------------
Overall proportion of membership of the
sample in each of the 11 clusters

Inferred Clusters
  1      2      3      4      5      6      7      8      9     10     11    
0.054  0.096  0.066  0.101  0.140  0.065  0.117  0.055  0.088  0.104  0.114  

--------------------------------------------

Allele-freq. divergence among pops (Net nucleotide distance),
computed using point estimates of P.

      1       2       3       4       5       6       7       8       9      10      11      
 1      -    0.2076  0.4443  0.3658  0.3121  0.3435  0.4062  0.4619  0.2035  0.3237  0.3747  
 2   0.2076     -    0.1784  0.1757  0.0947  0.0850  0.2016  0.2719  0.1198  0.1186  0.1482  
 3   0.4443  0.1784     -    0.2172  0.2737  0.2099  0.2429  0.2673  0.3497  0.1639  0.1291  
 4   0.3658  0.1757  0.2172     -    0.2380  0.1574  0.0414  0.1088  0.2904  0.1758  0.0692  
 5   0.3121  0.0947  0.2737  0.2380     -    0.1546  0.2296  0.3424  0.1232  0.1519  0.2321  
 6   0.3435  0.0850  0.2099  0.1574  0.1546     -    0.1529  0.1682  0.1842  0.1307  0.1086  
 7   0.4062  0.2016  0.2429  0.0414  0.2296  0.1529     -    0.1255  0.3234  0.1928  0.0544  
 8   0.4619  0.2719  0.2673  0.1088  0.3424  0.1682  0.1255     -    0.3676  0.1890  0.1265  
 9   0.2035  0.1198  0.3497  0.2904  0.1232  0.1842  0.3234  0.3676     -    0.2257  0.2909  
10   0.3237  0.1186  0.1639  0.1758  0.1519  0.1307  0.1928  0.1890  0.2257     -    0.1472  
11   0.3747  0.1482  0.1291  0.0692  0.2321  0.1086  0.0544  0.1265  0.2909  0.1472     -    

Average distances (expected heterozygosity) between individuals in same cluster:
cluster  1  : 0.2486 
cluster  2  : 0.5292 
cluster  3  : 0.2636 
cluster  4  : 0.4043 
cluster  5  : 0.4749 
cluster  6  : 0.4768 
cluster  7  : 0.3776 
cluster  8  : 0.3576 
cluster  9  : 0.3823 
cluster 10  : 0.4288 
cluster 11  : 0.4361 

--------------------------------------------
Estimated Ln Prob of Data   = -20591.4
Mean value of ln likelihood = -19945.3
Variance of ln likelihood   = 1292.2
Mean value of alpha         = 0.0328

Mean value of Fst_1         = 0.6325
Mean value of Fst_2         = 0.1527
Mean value of Fst_3         = 0.5650
Mean value of Fst_4         = 0.3019
Mean value of Fst_5         = 0.3638
Mean value of Fst_6         = 0.2748
Mean value of Fst_7         = 0.3620
Mean value of Fst_8         = 0.4404
Mean value of Fst_9         = 0.5624
Mean value of Fst_10         = 0.4191
Mean value of Fst_11         = 0.3382


Inferred ancestry of individuals:
        Label (%Miss) :  Inferred clusters
  1 TMA-ZAIN-G-    (9)   :  0.004 0.058 0.104 0.011 0.705 0.023 0.017 0.010 0.015 0.013 0.040 
  2 TMA-ZAIN-G-    (0)   :  0.004 0.026 0.008 0.211 0.670 0.009 0.020 0.004 0.014 0.022 0.012 
  3 TMA-ZAIN-G-    (0)   :  0.003 0.005 0.034 0.044 0.007 0.018 0.503 0.107 0.003 0.011 0.264 
  4 TMA-ZAIN-G-    (0)   :  0.005 0.017 0.022 0.053 0.017 0.015 0.164 0.054 0.017 0.607 0.032 
  5 TMA-ZAIN-G-    (0)   :  0.004 0.004 0.002 0.002 0.962 0.005 0.003 0.002 0.007 0.006 0.002 
  6 TMA-ZAIN-G-    (0)   :  0.023 0.030 0.018 0.041 0.035 0.509 0.103 0.070 0.020 0.035 0.119 
  7 TMA-ZAIN-G-    (0)   :  0.006 0.014 0.045 0.326 0.014 0.024 0.257 0.008 0.008 0.030 0.267 
  8 TMA-ZAIN-G-    (0)   :  0.002 0.004 0.006 0.018 0.007 0.008 0.037 0.020 0.003 0.018 0.878 
  9 TMA-ZAIN-G-    (9)   :  0.004 0.006 0.008 0.447 0.008 0.032 0.205 0.025 0.006 0.006 0.255 
 10 TMA-ZAIN-G-    (0)   :  0.004 0.006 0.012 0.291 0.003 0.029 0.195 0.036 0.004 0.010 0.411 
 11 TMA-ZAIN-G-    (0)   :  0.005 0.008 0.010 0.452 0.006 0.006 0.296 0.006 0.005 0.008 0.198 
 12 TMA-ZAIN-G-    (0)   :  0.003 0.004 0.011 0.009 0.004 0.006 0.935 0.004 0.003 0.004 0.015 
 13 TMA-ZAIN-G-    (9)   :  0.023 0.029 0.109 0.282 0.033 0.013 0.090 0.021 0.090 0.025 0.285 
 14 TMA-ZAIN-G-    (9)   :  0.018 0.008 0.874 0.017 0.003 0.010 0.011 0.006 0.007 0.007 0.039 
 15 TMA-ZAIN-G-    (0)   :  0.003 0.006 0.910 0.006 0.003 0.006 0.008 0.010 0.002 0.005 0.040 
 16 TMA-ZAIN-G-    (0)   :  0.006 0.005 0.005 0.060 0.003 0.007 0.886 0.004 0.004 0.004 0.017 
 17 TMA-ZAIN-G-    (9)   :  0.003 0.029 0.030 0.010 0.010 0.033 0.021 0.006 0.019 0.029 0.811 
 18 TMA-ZAIN-G-    (0)   :  0.004 0.227 0.014 0.005 0.641 0.029 0.014 0.007 0.008 0.041 0.011 
 19 TMA-ZAIN-G-    (0)   :  0.011 0.697 0.014 0.013 0.013 0.165 0.025 0.006 0.011 0.006 0.039 
 20 TMA-ZAIN-G-    (0)   :  0.016 0.841 0.004 0.004 0.034 0.009 0.004 0.005 0.060 0.022 0.003 
 21 TMA-ZAIN-G-    (0)   :  0.972 0.003 0.002 0.002 0.003 0.003 0.002 0.003 0.005 0.003 0.003 
 22 TMA-ZAIN-G-    (0)   :  0.004 0.006 0.003 0.002 0.011 0.005 0.002 0.002 0.957 0.005 0.002 
 23 TMA-ZAIN-G-    (0)   :  0.005 0.009 0.005 0.004 0.006 0.007 0.004 0.003 0.948 0.003 0.005 
 24 TMA-ZAIN-G-    (9)   :  0.008 0.004 0.031 0.122 0.006 0.003 0.010 0.141 0.656 0.005 0.013 
 25 TMA-ZAIN-G-    (9)   :  0.006 0.769 0.004 0.107 0.071 0.010 0.011 0.004 0.009 0.004 0.006 
 26 TMA-ZAIN-G-    (9)   :  0.078 0.013 0.029 0.243 0.006 0.005 0.045 0.008 0.008 0.428 0.136 
 27 TMA-ZAIN-G-    (0)   :  0.021 0.057 0.070 0.007 0.059 0.727 0.005 0.008 0.013 0.019 0.013 
 28 TMA-ZAIN-G-    (0)   :  0.003 0.013 0.009 0.004 0.008 0.939 0.005 0.004 0.004 0.005 0.005 
 29 TMA-ZAIN-G-    (0)   :  0.004 0.227 0.005 0.004 0.003 0.005 0.004 0.728 0.004 0.011 0.005 
 30 TMA-ZAIN-G-    (0)   :  0.004 0.034 0.082 0.128 0.004 0.495 0.054 0.039 0.005 0.006 0.150 
 31 TMA-ZAIN-G-    (0)   :  0.010 0.014 0.005 0.008 0.889 0.006 0.005 0.006 0.010 0.044 0.004 
 32 TMA-ZAIN-G-    (9)   :  0.007 0.118 0.033 0.036 0.549 0.005 0.149 0.004 0.057 0.006 0.036 
 33 TMA-ZAIN-G-   (18)   :  0.003 0.004 0.008 0.100 0.005 0.006 0.366 0.015 0.003 0.004 0.487 
 34 TMA-ZAIN-G-    (0)   :  0.012 0.017 0.009 0.157 0.162 0.007 0.579 0.007 0.021 0.007 0.022 
 35 TMA-ZAIN-G-    (9)   :  0.003 0.018 0.061 0.215 0.016 0.016 0.410 0.071 0.004 0.012 0.175 
 36 TMA-ZAIN-G-    (0)   :  0.002 0.005 0.176 0.479 0.004 0.006 0.054 0.008 0.003 0.015 0.248 
 37 TMA-ZAIN-G-    (9)   :  0.009 0.012 0.008 0.345 0.006 0.029 0.352 0.014 0.006 0.017 0.204 
 38 TMA-ZAIN-G-   (18)   :  0.006 0.164 0.090 0.041 0.544 0.006 0.067 0.008 0.023 0.007 0.045 
 39 TMA-ZAIN-G-    (0)   :  0.007 0.004 0.004 0.819 0.003 0.007 0.083 0.011 0.003 0.009 0.051 
 40 TMA-ZAIN-G-    (0)   :  0.010 0.004 0.005 0.264 0.003 0.005 0.249 0.007 0.003 0.006 0.444 
 41 TMA-ZAIN-G-    (0)   :  0.004 0.004 0.056 0.244 0.003 0.006 0.024 0.008 0.003 0.005 0.643 
 42 TMA-ZAIN-G-    (9)   :  0.002 0.004 0.109 0.014 0.003 0.003 0.007 0.006 0.002 0.006 0.844 
 43 TMA-ZAIN-G-    (0)   :  0.002 0.003 0.958 0.004 0.003 0.003 0.003 0.009 0.003 0.004 0.008 
 44 TMA-ZAIN-G-    (0)   :  0.802 0.014 0.005 0.091 0.005 0.003 0.038 0.016 0.006 0.004 0.017 
 45 TMA-ZAIN-G-    (0)   :  0.011 0.008 0.017 0.090 0.006 0.010 0.625 0.005 0.005 0.010 0.214 
 46 TMA-ZAIN-G-    (0)   :  0.966 0.005 0.003 0.003 0.004 0.003 0.002 0.002 0.006 0.004 0.002 
 47 TMA-ZAIN-G-    (0)   :  0.004 0.004 0.003 0.003 0.004 0.004 0.005 0.004 0.003 0.962 0.004 
 48 TMA-ZAIN-G-    (0)   :  0.011 0.012 0.038 0.041 0.005 0.051 0.048 0.019 0.024 0.492 0.258 
 49 TMA-ZAIN-G-    (9)   :  0.003 0.875 0.005 0.007 0.011 0.011 0.027 0.038 0.007 0.009 0.008 
 50 TMA-ZAIN-G-    (0)   :  0.005 0.881 0.008 0.017 0.009 0.019 0.008 0.003 0.004 0.003 0.042 
 51 TMA-ZAIN-G-    (0)   :  0.011 0.853 0.053 0.008 0.007 0.020 0.006 0.007 0.004 0.014 0.016 
 52 TMA-ZAIN-G-    (0)   :  0.008 0.875 0.013 0.007 0.006 0.014 0.009 0.003 0.009 0.049 0.007 
 53 TMA-ZAIN-G-    (0)   :  0.004 0.762 0.023 0.009 0.081 0.010 0.006 0.004 0.008 0.086 0.008 
 54 TMA-ZAIN-G-    (0)   :  0.004 0.009 0.012 0.006 0.005 0.011 0.007 0.004 0.006 0.926 0.011 
 55 TMA-ZAIN-G-    (0)   :  0.007 0.025 0.027 0.006 0.005 0.032 0.009 0.003 0.009 0.838 0.038 
 56 TMA-ZAIN-G-    (0)   :  0.004 0.060 0.029 0.048 0.011 0.122 0.032 0.033 0.014 0.456 0.191 
 57 TMA-ZAIN-G-    (0)   :  0.003 0.021 0.005 0.008 0.008 0.006 0.018 0.007 0.004 0.917 0.005 
 58 TMA-ZAIN-G-    (0)   :  0.006 0.404 0.009 0.005 0.036 0.273 0.014 0.008 0.182 0.036 0.025 
 59 TMA-ZAIN-G-    (0)   :  0.022 0.016 0.012 0.081 0.607 0.041 0.061 0.030 0.027 0.042 0.060 
 60 TMA-ZAIN-G-    (0)   :  0.011 0.158 0.149 0.012 0.489 0.096 0.011 0.008 0.010 0.034 0.022 
 61 TMA-ZAIN-G-    (0)   :  0.017 0.010 0.003 0.003 0.911 0.006 0.004 0.003 0.023 0.016 0.003 
 62 TMA-ZAIN-G-    (9)   :  0.034 0.020 0.007 0.030 0.738 0.064 0.050 0.008 0.010 0.009 0.029 
 63 TMA-ZAIN-G-    (0)   :  0.004 0.010 0.007 0.003 0.929 0.009 0.006 0.003 0.011 0.012 0.005 
 64 TMA-ZAIN-G-    (0)   :  0.002 0.002 0.005 0.008 0.002 0.003 0.005 0.961 0.002 0.003 0.005 
 65 TMA-ZAIN-G-    (9)   :  0.002 0.003 0.006 0.006 0.003 0.005 0.019 0.938 0.003 0.007 0.007 
 66 TMA-ZAIN-G-    (0)   :  0.003 0.003 0.005 0.021 0.002 0.004 0.016 0.930 0.003 0.004 0.010 
 67 TMA-ZAIN-G-    (0)   :  0.017 0.008 0.003 0.086 0.004 0.014 0.037 0.803 0.010 0.005 0.013 
 68 TMA-ZAIN-G-    (0)   :  0.002 0.003 0.006 0.004 0.002 0.003 0.005 0.962 0.002 0.004 0.005 
 69 TMA-ZAIN-G-    (0)   :  0.028 0.025 0.017 0.041 0.017 0.007 0.063 0.760 0.022 0.013 0.007 
 70 TMA-ZAIN-G-    (0)   :  0.003 0.003 0.005 0.941 0.003 0.004 0.014 0.013 0.004 0.004 0.005 
 71 TMA-ZAIN-G-    (0)   :  0.003 0.003 0.003 0.956 0.003 0.003 0.013 0.004 0.003 0.003 0.005 
 72 TMA-ZAIN-G-    (0)   :  0.004 0.005 0.009 0.900 0.003 0.008 0.019 0.021 0.004 0.008 0.020 
 73 TMA-ZAIN-G-    (0)   :  0.023 0.018 0.004 0.860 0.018 0.019 0.012 0.006 0.020 0.014 0.006 
 74 TMA-ZAIN-G-    (0)   :  0.008 0.008 0.004 0.926 0.006 0.007 0.017 0.006 0.006 0.005 0.007 
 75 TMA-ZAIN-G-    (0)   :  0.003 0.005 0.005 0.929 0.004 0.007 0.020 0.006 0.004 0.010 0.007 
 76 TMA-ZAIN-G-    (0)   :  0.032 0.013 0.003 0.902 0.005 0.005 0.012 0.006 0.013 0.004 0.005 
 77 TMA-ZAIN-G-    (0)   :  0.007 0.006 0.007 0.942 0.003 0.005 0.006 0.006 0.004 0.005 0.009 
 78 TMA-ZAIN-G-    (0)   :  0.021 0.019 0.005 0.888 0.006 0.009 0.018 0.005 0.011 0.010 0.008 
 79 TMA-ZAIN-G-    (0)   :  0.019 0.009 0.008 0.919 0.004 0.005 0.008 0.004 0.006 0.008 0.010 
 80 TMA-ZAIN-G-    (0)   :  0.008 0.004 0.004 0.785 0.003 0.006 0.127 0.024 0.003 0.012 0.024 
 81 TMA-ZAIN-G-    (0)   :  0.008 0.007 0.008 0.928 0.003 0.005 0.012 0.004 0.004 0.007 0.012 
 82 TMA-ZAIN-G-    (0)   :  0.003 0.007 0.007 0.476 0.008 0.007 0.224 0.236 0.003 0.019 0.011 
 83 TMA-ZAIN-G-    (9)   :  0.024 0.013 0.005 0.027 0.039 0.034 0.759 0.047 0.025 0.014 0.014 
 84 TMA-ZAIN-G-    (0)   :  0.035 0.009 0.005 0.898 0.003 0.006 0.020 0.005 0.007 0.005 0.008 
 85 TMA-ZAIN-G-    (0)   :  0.004 0.150 0.011 0.013 0.021 0.087 0.014 0.008 0.188 0.490 0.015 
 86 TMA-ZAIN-G-    (0)   :  0.014 0.024 0.005 0.024 0.008 0.030 0.024 0.011 0.049 0.790 0.022 
 87 TMA-ZAIN-G-    (0)   :  0.007 0.057 0.005 0.013 0.015 0.017 0.009 0.005 0.627 0.235 0.008 
 88 TMA-ZAIN-G-    (0)   :  0.010 0.010 0.018 0.070 0.142 0.010 0.114 0.034 0.009 0.558 0.024 
 89 TMA-ZAIN-G-    (0)   :  0.014 0.008 0.030 0.038 0.016 0.004 0.034 0.018 0.016 0.810 0.013 
 90 TMA-ZAIN-G-    (0)   :  0.007 0.012 0.005 0.007 0.008 0.012 0.010 0.007 0.009 0.917 0.007 
 91 TMA-ZAIN-G-    (0)   :  0.006 0.008 0.008 0.010 0.022 0.015 0.009 0.007 0.007 0.899 0.009 
 92 TMA-ZAIN-G-    (0)   :  0.025 0.023 0.011 0.008 0.006 0.017 0.006 0.005 0.012 0.881 0.007 
 93 TMA-ZAIN-G-    (0)   :  0.009 0.012 0.012 0.005 0.018 0.033 0.004 0.005 0.009 0.888 0.005 
 94 TMA-ZAIN-G-    (0)   :  0.009 0.012 0.006 0.005 0.037 0.015 0.004 0.003 0.012 0.893 0.004 
 95 TMA-ZAIN-G-    (0)   :  0.004 0.027 0.015 0.007 0.006 0.906 0.006 0.007 0.009 0.004 0.010 
 96 TMA-ZAIN-G-    (0)   :  0.005 0.046 0.024 0.004 0.005 0.861 0.010 0.004 0.007 0.005 0.029 
 97 TMA-ZAIN-G-    (0)   :  0.006 0.019 0.007 0.010 0.924 0.004 0.004 0.006 0.006 0.010 0.004 
 98 TMA-ZAIN-G-    (0)   :  0.004 0.005 0.005 0.010 0.948 0.003 0.004 0.004 0.004 0.009 0.004 
 99 TMA-ZAIN-G-    (0)   :  0.025 0.006 0.007 0.031 0.739 0.009 0.115 0.018 0.005 0.004 0.040 
100 TMA-ZAIN-G-    (0)   :  0.028 0.025 0.007 0.005 0.884 0.006 0.004 0.005 0.008 0.025 0.003 
101 TMA-ZAIN-G-    (0)   :  0.006 0.008 0.006 0.012 0.932 0.005 0.009 0.005 0.004 0.008 0.005 
102 TMA-ZAIN-G-    (0)   :  0.008 0.079 0.027 0.022 0.183 0.014 0.069 0.013 0.546 0.014 0.024 
103 TMA-ZAIN-G-    (0)   :  0.005 0.073 0.007 0.010 0.777 0.016 0.027 0.006 0.058 0.010 0.011 
104 TMA-ZAIN-G-    (0)   :  0.003 0.007 0.004 0.004 0.955 0.004 0.004 0.002 0.009 0.004 0.003 
105 TMA-ZAIN-G-    (0)   :  0.003 0.028 0.009 0.011 0.831 0.020 0.034 0.006 0.035 0.010 0.013 
106 TMA-ZAIN-G-    (0)   :  0.003 0.004 0.102 0.207 0.003 0.006 0.074 0.043 0.003 0.006 0.550 
107 TMA-ZAIN-G-    (0)   :  0.003 0.005 0.010 0.538 0.004 0.006 0.401 0.011 0.003 0.005 0.015 
108 TMA-ZAIN-G-    (9)   :  0.018 0.116 0.071 0.169 0.237 0.014 0.140 0.010 0.041 0.024 0.160 
109 TMA-ZAIN-G-    (0)   :  0.003 0.008 0.020 0.013 0.315 0.051 0.138 0.177 0.006 0.061 0.207 
110 TMA-ZAIN-G-    (0)   :  0.112 0.083 0.020 0.110 0.047 0.026 0.275 0.007 0.073 0.020 0.225 
111 TMA-ZAIN-G-    (9)   :  0.024 0.070 0.004 0.039 0.449 0.023 0.204 0.014 0.133 0.023 0.018 
112 TMA-ZAIN-G-    (0)   :  0.015 0.097 0.042 0.048 0.224 0.058 0.158 0.019 0.069 0.026 0.244 
113 TMA-ZAIN-G-    (0)   :  0.005 0.005 0.006 0.019 0.912 0.004 0.011 0.010 0.008 0.015 0.006 
114 TMA-ZAIN-G-    (0)   :  0.009 0.004 0.002 0.003 0.953 0.004 0.003 0.002 0.011 0.004 0.003 
115 TMA-ZAIN-G-    (0)   :  0.004 0.004 0.003 0.003 0.960 0.005 0.004 0.003 0.006 0.003 0.003 
116 TMA-ZAIN-G-    (0)   :  0.002 0.004 0.005 0.020 0.005 0.006 0.926 0.011 0.003 0.010 0.009 
117 TMA-ZAIN-G-    (0)   :  0.003 0.011 0.074 0.145 0.009 0.050 0.156 0.252 0.004 0.052 0.244 
118 TMA-ZAIN-G-    (0)   :  0.003 0.005 0.017 0.014 0.006 0.010 0.899 0.021 0.003 0.009 0.014 
119 TMA-ZAIN-G-    (0)   :  0.015 0.018 0.005 0.054 0.023 0.018 0.804 0.029 0.015 0.010 0.009 
120 TMA-ZAIN-G-    (0)   :  0.004 0.010 0.054 0.030 0.008 0.022 0.808 0.022 0.004 0.015 0.023 
121 TMA-ZAIN-G-    (0)   :  0.003 0.007 0.020 0.050 0.013 0.045 0.625 0.141 0.004 0.021 0.070 
122 TMA-ZAIN-G-    (0)   :  0.010 0.008 0.013 0.222 0.006 0.146 0.382 0.034 0.006 0.023 0.151 
123 TMA-ZAIN-G-    (0)   :  0.004 0.017 0.013 0.005 0.915 0.006 0.004 0.004 0.022 0.005 0.004 
124 TMA-ZAIN-G-    (0)   :  0.003 0.005 0.008 0.006 0.005 0.006 0.008 0.004 0.003 0.004 0.948 
125 TMA-ZAIN-G-    (0)   :  0.002 0.004 0.026 0.007 0.002 0.006 0.008 0.038 0.002 0.067 0.838 
126 TMA-ZAIN-G-    (0)   :  0.003 0.004 0.035 0.005 0.004 0.004 0.013 0.005 0.003 0.010 0.915 
127 TMA-ZAIN-G-    (0)   :  0.003 0.003 0.009 0.005 0.003 0.004 0.008 0.005 0.002 0.004 0.953 
128 TMA-ZAIN-G-    (0)   :  0.002 0.003 0.008 0.008 0.004 0.011 0.014 0.019 0.003 0.006 0.921 
129 TMA-ZAIN-G-    (0)   :  0.002 0.004 0.016 0.007 0.006 0.005 0.008 0.006 0.003 0.006 0.937 
130 TMA-ZAIN-G-    (0)   :  0.002 0.005 0.067 0.007 0.007 0.009 0.023 0.009 0.003 0.040 0.828 
131 TMA-ZAIN-G-    (0)   :  0.002 0.005 0.013 0.005 0.004 0.007 0.008 0.004 0.003 0.005 0.943 
132 TMA-ZAIN-G-    (0)   :  0.002 0.003 0.014 0.015 0.003 0.012 0.023 0.040 0.003 0.029 0.855 
133 TMA-ZAIN-G-    (0)   :  0.020 0.012 0.114 0.067 0.003 0.012 0.052 0.078 0.005 0.039 0.597 
134 TMA-ZAIN-G-    (0)   :  0.012 0.007 0.241 0.057 0.003 0.004 0.063 0.067 0.005 0.033 0.506 
135 TMA-ZAIN-G-    (0)   :  0.011 0.005 0.018 0.162 0.004 0.003 0.471 0.025 0.004 0.018 0.280 
136 TMA-ZAIN-G-    (0)   :  0.006 0.004 0.008 0.070 0.007 0.009 0.195 0.598 0.004 0.016 0.083 
137 TMA-ZAIN-G-    (0)   :  0.015 0.007 0.005 0.086 0.005 0.004 0.791 0.006 0.004 0.008 0.068 
138 TMA-ZAIN-G-    (0)   :  0.002 0.003 0.023 0.020 0.004 0.003 0.342 0.012 0.002 0.015 0.575 
139 TMA-ZAIN-G-    (0)   :  0.008 0.004 0.016 0.056 0.004 0.004 0.423 0.013 0.003 0.067 0.402 
140 TMA-ZAIN-G-    (0)   :  0.005 0.004 0.006 0.141 0.003 0.009 0.685 0.008 0.004 0.004 0.131 
141 TMA-ZAIN-G-    (0)   :  0.003 0.005 0.024 0.451 0.006 0.008 0.391 0.007 0.004 0.008 0.094 
142 TMA-ZAIN-G-    (9)   :  0.003 0.004 0.006 0.209 0.003 0.006 0.706 0.011 0.003 0.005 0.043 
143 TMA-ZAIN-G-    (0)   :  0.003 0.004 0.009 0.067 0.004 0.010 0.598 0.015 0.003 0.005 0.282 
144 TMA-ZAIN-G-    (0)   :  0.007 0.009 0.012 0.015 0.003 0.018 0.799 0.006 0.005 0.023 0.104 
145 TMA-ZAIN-G-    (0)   :  0.002 0.004 0.006 0.144 0.003 0.008 0.501 0.275 0.002 0.014 0.041 
146 TMA-ZAIN-G-    (0)   :  0.003 0.003 0.005 0.704 0.003 0.003 0.259 0.006 0.003 0.003 0.007 
147 TMA-ZAIN-G-    (9)   :  0.003 0.003 0.006 0.558 0.003 0.004 0.394 0.009 0.003 0.005 0.012 
148 TMA-ZAIN-G-    (0)   :  0.003 0.004 0.108 0.425 0.003 0.003 0.316 0.005 0.003 0.031 0.099 
149 TMA-ZAIN-G-    (0)   :  0.006 0.012 0.039 0.266 0.023 0.015 0.421 0.008 0.022 0.072 0.117 
150 TMA-ZAIN-G-    (0)   :  0.005 0.010 0.019 0.189 0.022 0.018 0.567 0.051 0.018 0.080 0.022 
151 TMA-ZAIN-G-    (0)   :  0.002 0.003 0.015 0.009 0.003 0.005 0.898 0.011 0.002 0.004 0.048 
152 TMA-ZAIN-G-    (0)   :  0.002 0.003 0.008 0.005 0.003 0.004 0.955 0.006 0.002 0.004 0.007 
153 TMA-ZAIN-G-    (0)   :  0.002 0.003 0.026 0.015 0.003 0.004 0.848 0.012 0.002 0.009 0.075 
154 TMA-ZAIN-G-    (0)   :  0.002 0.003 0.005 0.006 0.003 0.004 0.959 0.005 0.002 0.005 0.008 
155 TMA-ZAIN-G-    (0)   :  0.002 0.003 0.006 0.012 0.004 0.004 0.942 0.008 0.003 0.003 0.012 
156 TMA-ZAIN-G-    (9)   :  0.003 0.004 0.040 0.006 0.005 0.003 0.882 0.003 0.002 0.009 0.042 
157 TMA-ZAIN-G-    (0)   :  0.003 0.005 0.095 0.018 0.004 0.004 0.797 0.006 0.003 0.006 0.060 
158 TMA-ZAIN-G-    (0)   :  0.003 0.004 0.004 0.017 0.003 0.006 0.943 0.004 0.003 0.004 0.009 
159 TMA-ZAIN-G-    (0)   :  0.002 0.003 0.004 0.197 0.004 0.003 0.760 0.011 0.002 0.005 0.009 
160 TMA-ZAIN-G-    (0)   :  0.002 0.003 0.003 0.122 0.004 0.004 0.833 0.015 0.002 0.006 0.006 
161 TMA-ZAIN-G-    (0)   :  0.003 0.005 0.018 0.041 0.003 0.006 0.775 0.006 0.003 0.019 0.123 
162 TMA-ZAIN-G-    (0)   :  0.005 0.007 0.004 0.008 0.019 0.012 0.901 0.006 0.016 0.012 0.011 
163 TMA-ZAIN-G-    (0)   :  0.002 0.003 0.003 0.007 0.003 0.003 0.965 0.004 0.002 0.003 0.006 
164 TMA-ZAIN-G-    (0)   :  0.003 0.003 0.004 0.012 0.004 0.004 0.947 0.006 0.003 0.006 0.007 
165 TMA-ZAIN-G-    (0)   :  0.002 0.003 0.003 0.015 0.004 0.004 0.949 0.006 0.002 0.003 0.008 
166 TMA-ZAIN-G-    (0)   :  0.002 0.003 0.005 0.154 0.003 0.004 0.736 0.011 0.002 0.008 0.072 
167 TMA-ZAIN-G-    (0)   :  0.004 0.006 0.007 0.800 0.005 0.007 0.126 0.004 0.005 0.005 0.031 
168 TMA-ZAIN-G-    (0)   :  0.004 0.005 0.034 0.860 0.007 0.005 0.049 0.015 0.003 0.005 0.013 
169 TMA-ZAIN-G-    (0)   :  0.003 0.003 0.005 0.839 0.004 0.003 0.041 0.087 0.003 0.005 0.007 
170 TMA-ZAIN-G-    (0)   :  0.012 0.034 0.104 0.506 0.015 0.008 0.107 0.025 0.007 0.004 0.178 
171 TMA-ZAIN-G-    (0)   :  0.003 0.003 0.004 0.916 0.003 0.003 0.039 0.017 0.003 0.004 0.006 
172 TMA-ZAIN-G-    (0)   :  0.005 0.006 0.020 0.068 0.003 0.005 0.050 0.005 0.003 0.004 0.831 
173 TMA-ZAIN-G-    (0)   :  0.004 0.006 0.017 0.051 0.003 0.008 0.023 0.005 0.003 0.005 0.875 
174 TMA-ZAIN-G-    (0)   :  0.003 0.003 0.006 0.141 0.003 0.006 0.088 0.044 0.002 0.007 0.698 
175 TMA-ZAIN-G-    (0)   :  0.003 0.003 0.005 0.917 0.003 0.003 0.045 0.007 0.003 0.004 0.006 
176 TMA-ZAIN-G-    (0)   :  0.003 0.003 0.005 0.871 0.003 0.003 0.089 0.005 0.003 0.004 0.009 
177 TMA-ZAIN-G-    (0)   :  0.004 0.005 0.029 0.655 0.004 0.003 0.262 0.004 0.003 0.004 0.027 
178 TMA-ZAIN-G-    (0)   :  0.005 0.006 0.080 0.200 0.005 0.008 0.196 0.005 0.004 0.004 0.489 
179 TMA-ZAIN-G-    (0)   :  0.004 0.005 0.039 0.424 0.003 0.005 0.350 0.009 0.002 0.005 0.154 
180 TMA-ZAIN-G-    (0)   :  0.009 0.005 0.019 0.011 0.004 0.012 0.036 0.062 0.006 0.018 0.817 
181 TMA-ZAIN-G-    (0)   :  0.003 0.004 0.186 0.015 0.005 0.003 0.054 0.006 0.002 0.005 0.717 
182 TMA-ZAIN-G-    (0)   :  0.003 0.005 0.150 0.013 0.007 0.005 0.043 0.003 0.003 0.006 0.764 
183 TMA-ZAIN-G-    (0)   :  0.003 0.004 0.251 0.017 0.005 0.005 0.034 0.005 0.003 0.004 0.670 
184 TMA-ZAIN-G-    (0)   :  0.007 0.013 0.033 0.015 0.026 0.017 0.066 0.008 0.020 0.021 0.774 
185 TMA-ZAIN-G-    (0)   :  0.008 0.012 0.004 0.008 0.012 0.042 0.009 0.005 0.024 0.019 0.855 
186 TMA-ZAIN-G-    (9)   :  0.005 0.007 0.005 0.009 0.003 0.011 0.011 0.005 0.005 0.005 0.933 
187 TMA-ZAIN-G-    (0)   :  0.003 0.005 0.018 0.045 0.003 0.005 0.024 0.013 0.003 0.003 0.877 
188 TMA-ZAIN-G-    (0)   :  0.002 0.004 0.009 0.054 0.003 0.004 0.016 0.013 0.003 0.004 0.889 
189 TMA-ZAIN-G-    (0)   :  0.003 0.003 0.008 0.005 0.002 0.003 0.007 0.010 0.002 0.003 0.953 
190 TMA-ZAIN-G-    (0)   :  0.004 0.006 0.089 0.087 0.003 0.008 0.021 0.023 0.003 0.005 0.751 
191 TMA-ZAIN-G-    (0)   :  0.010 0.009 0.005 0.018 0.012 0.010 0.006 0.005 0.021 0.010 0.894 
192 TMA-ZAIN-G-    (0)   :  0.021 0.006 0.026 0.014 0.004 0.003 0.007 0.004 0.003 0.005 0.906 
193 TMA-ZAIN-G-    (0)   :  0.002 0.003 0.969 0.003 0.002 0.003 0.003 0.003 0.002 0.004 0.004 
194 TMA-ZAIN-G-    (0)   :  0.008 0.010 0.885 0.007 0.002 0.016 0.004 0.010 0.006 0.011 0.041 
195 TMA-ZAIN-G-    (0)   :  0.003 0.012 0.814 0.037 0.003 0.004 0.018 0.034 0.002 0.006 0.068 
196 TMA-ZAIN-G-    (0)   :  0.003 0.003 0.949 0.005 0.003 0.005 0.005 0.010 0.002 0.005 0.011 
197 TMA-ZAIN-G-    (0)   :  0.003 0.003 0.945 0.010 0.003 0.004 0.006 0.008 0.003 0.006 0.009 
198 TMA-ZAIN-G-    (0)   :  0.004 0.003 0.944 0.009 0.003 0.003 0.009 0.006 0.002 0.005 0.011 
199 TMA-ZAIN-G-    (0)   :  0.004 0.005 0.006 0.008 0.003 0.009 0.010 0.004 0.004 0.005 0.942 
200 TMA-ZAIN-G-    (0)   :  0.786 0.036 0.052 0.006 0.028 0.021 0.004 0.006 0.045 0.010 0.005 
201 TMA-ZAIN-G-    (0)   :  0.805 0.025 0.008 0.018 0.010 0.027 0.013 0.022 0.049 0.013 0.010 
202 TMA-ZAIN-G-    (0)   :  0.952 0.006 0.011 0.003 0.007 0.004 0.004 0.002 0.003 0.002 0.005 
203 TMA-ZAIN-G-    (0)   :  0.002 0.004 0.853 0.015 0.023 0.006 0.027 0.004 0.003 0.006 0.057 
204 TMA-ZAIN-G-    (9)   :  0.807 0.077 0.005 0.007 0.016 0.010 0.004 0.004 0.027 0.040 0.004 
205 TMA-ZAIN-G-    (0)   :  0.829 0.035 0.009 0.016 0.007 0.005 0.075 0.004 0.005 0.007 0.007 
206 TMA-ZAIN-G-    (9)   :  0.683 0.045 0.026 0.027 0.052 0.030 0.031 0.010 0.018 0.054 0.023 
207 TMA-ZAIN-G-    (9)   :  0.005 0.036 0.011 0.036 0.011 0.105 0.591 0.058 0.012 0.107 0.029 
208 TMA-ZAIN-G-    (0)   :  0.004 0.004 0.004 0.155 0.002 0.010 0.751 0.037 0.003 0.003 0.026 
209 TMA-ZAIN-G-    (0)   :  0.003 0.004 0.227 0.134 0.003 0.004 0.098 0.014 0.003 0.049 0.461 
210 TMA-ZAIN-G-    (0)   :  0.003 0.005 0.367 0.122 0.004 0.009 0.105 0.106 0.003 0.016 0.262 
211 TMA-ZAIN-G-    (0)   :  0.020 0.023 0.099 0.096 0.010 0.019 0.080 0.026 0.017 0.013 0.595 
212 TMA-ZAIN-G-    (0)   :  0.008 0.005 0.022 0.029 0.003 0.011 0.355 0.017 0.004 0.010 0.536 
213 TMA-ZAIN-G-    (0)   :  0.004 0.005 0.030 0.055 0.003 0.005 0.334 0.006 0.004 0.008 0.545 
214 TMA-ZAIN-G-    (0)   :  0.003 0.004 0.027 0.065 0.003 0.004 0.152 0.046 0.003 0.007 0.686 
215 TMA-ZAIN-G-    (0)   :  0.010 0.267 0.005 0.259 0.003 0.005 0.124 0.004 0.006 0.002 0.315 
216 TMA-ZAIN-G-    (0)   :  0.005 0.005 0.008 0.012 0.003 0.006 0.018 0.005 0.004 0.006 0.930 
217 TMA-ZAIN-G-    (0)   :  0.003 0.004 0.083 0.183 0.003 0.003 0.120 0.126 0.003 0.009 0.463 
218 TMA-ZAIN-G-    (0)   :  0.003 0.939 0.004 0.006 0.006 0.012 0.006 0.009 0.003 0.005 0.007 
219 TMA-ZAIN-G-    (0)   :  0.011 0.947 0.003 0.004 0.004 0.007 0.004 0.003 0.004 0.008 0.005 
220 TMA-ZAIN-G-    (0)   :  0.003 0.833 0.006 0.011 0.038 0.048 0.025 0.012 0.007 0.008 0.008 
221 TMA-ZAIN-G-    (0)   :  0.034 0.893 0.006 0.008 0.004 0.010 0.010 0.006 0.005 0.007 0.018 
222 TMA-ZAIN-G-    (0)   :  0.005 0.925 0.005 0.007 0.014 0.005 0.011 0.008 0.006 0.009 0.007 
223 TMA-ZAIN-G-    (0)   :  0.006 0.938 0.003 0.004 0.006 0.017 0.004 0.005 0.007 0.005 0.004 
224 TMA-ZAIN-G-    (0)   :  0.005 0.913 0.007 0.006 0.008 0.011 0.006 0.005 0.012 0.012 0.015 
225 TMA-ZAIN-G-    (0)   :  0.008 0.941 0.010 0.003 0.009 0.009 0.003 0.002 0.007 0.004 0.005 
226 TMA-ZAIN-G-    (0)   :  0.006 0.916 0.020 0.007 0.009 0.010 0.007 0.005 0.008 0.005 0.007 
227 TMA-ZAIN-G-    (0)   :  0.021 0.909 0.017 0.008 0.008 0.007 0.008 0.004 0.006 0.004 0.008 
228 TMA-ZAIN-G-    (0)   :  0.005 0.895 0.006 0.021 0.009 0.012 0.013 0.008 0.015 0.006 0.009 
229 TMA-ZAIN-G-    (0)   :  0.012 0.924 0.003 0.004 0.015 0.007 0.002 0.008 0.016 0.006 0.003 
230 TMA-ZAIN-G-    (0)   :  0.003 0.802 0.018 0.052 0.019 0.012 0.011 0.012 0.008 0.033 0.030 
231 TMA-ZAIN-G-    (0)   :  0.021 0.361 0.010 0.035 0.053 0.011 0.039 0.014 0.410 0.037 0.009 
232 TMA-ZAIN-G-    (9)   :  0.015 0.232 0.010 0.014 0.121 0.004 0.012 0.055 0.497 0.015 0.025 
233 TMA-ZAIN-G-    (0)   :  0.018 0.846 0.008 0.019 0.004 0.019 0.011 0.041 0.007 0.015 0.012 
234 TMA-ZAIN-G-    (0)   :  0.025 0.711 0.010 0.005 0.171 0.008 0.008 0.006 0.031 0.020 0.004 
235 TMA-ZAIN-G-    (0)   :  0.010 0.721 0.022 0.037 0.094 0.035 0.016 0.005 0.017 0.011 0.033 
236 TMA-ZAIN-G-    (0)   :  0.026 0.872 0.021 0.011 0.017 0.007 0.011 0.006 0.012 0.005 0.010 
237 TMA-ZAIN-G-    (0)   :  0.004 0.521 0.009 0.254 0.098 0.016 0.035 0.012 0.011 0.011 0.029 
238 TMA-ZAIN-G-    (0)   :  0.022 0.821 0.006 0.032 0.040 0.007 0.028 0.004 0.012 0.004 0.025 
239 TMA-ZAIN-G-    (0)   :  0.691 0.031 0.089 0.004 0.018 0.004 0.004 0.011 0.023 0.102 0.022 
240 TMA-ZAIN-G-    (0)   :  0.969 0.004 0.003 0.003 0.003 0.002 0.002 0.002 0.004 0.004 0.002 
241 TMA-ZAIN-G-    (0)   :  0.970 0.003 0.003 0.004 0.003 0.002 0.003 0.003 0.003 0.003 0.003 
242 TMA-ZAIN-G-    (0)   :  0.971 0.003 0.002 0.003 0.003 0.002 0.003 0.003 0.003 0.003 0.003 
243 TMA-ZAIN-G-    (0)   :  0.970 0.003 0.003 0.004 0.002 0.002 0.003 0.003 0.003 0.003 0.003 
244 TMA-ZAIN-G-    (0)   :  0.967 0.003 0.003 0.005 0.003 0.002 0.005 0.004 0.003 0.003 0.003 
245 TMA-ZAIN-G-    (9)   :  0.972 0.003 0.002 0.003 0.003 0.003 0.003 0.002 0.004 0.003 0.002 
246 TMA-ZAIN-G-    (0)   :  0.975 0.003 0.003 0.002 0.002 0.003 0.002 0.002 0.003 0.002 0.002 
247 TMA-ZAIN-G-    (0)   :  0.976 0.002 0.002 0.002 0.002 0.003 0.002 0.003 0.003 0.002 0.003 
248 TMA-ZAIN-G-    (0)   :  0.966 0.004 0.004 0.004 0.003 0.003 0.003 0.003 0.004 0.003 0.003 
249 TMA-ZAIN-G-    (0)   :  0.971 0.004 0.004 0.003 0.003 0.003 0.002 0.002 0.003 0.003 0.003 
250 TMA-ZAIN-G-    (0)   :  0.973 0.003 0.003 0.002 0.002 0.003 0.002 0.003 0.003 0.002 0.003 
251 TMA-ZAIN-G-    (0)   :  0.002 0.004 0.006 0.003 0.006 0.006 0.004 0.004 0.003 0.958 0.005 
252 TMA-ZAIN-G-    (0)   :  0.003 0.008 0.006 0.037 0.004 0.003 0.035 0.035 0.002 0.861 0.007 
253 TMA-ZAIN-G-    (0)   :  0.004 0.003 0.004 0.003 0.005 0.003 0.009 0.005 0.003 0.956 0.004 
254 TMA-ZAIN-G-    (9)   :  0.003 0.004 0.005 0.008 0.007 0.005 0.028 0.012 0.003 0.916 0.008 
255 TMA-ZAIN-G-    (0)   :  0.004 0.004 0.005 0.004 0.010 0.003 0.007 0.009 0.025 0.926 0.004 
256 TMA-ZAIN-G-    (0)   :  0.009 0.005 0.018 0.006 0.005 0.003 0.007 0.005 0.005 0.931 0.006 
257 TMA-ZAIN-G-    (0)   :  0.004 0.004 0.011 0.003 0.004 0.003 0.003 0.003 0.003 0.960 0.003 
258 TMA-ZAIN-G-    (0)   :  0.003 0.003 0.005 0.003 0.003 0.003 0.003 0.004 0.003 0.967 0.003 
259 TMA-ZAIN-G-    (0)   :  0.005 0.004 0.005 0.003 0.003 0.004 0.003 0.005 0.004 0.961 0.004 
260 TMA-ZAIN-G-    (0)   :  0.004 0.004 0.006 0.004 0.003 0.005 0.003 0.009 0.004 0.956 0.004 
261 TMA-ZAIN-G-   (18)   :  0.003 0.004 0.007 0.004 0.004 0.010 0.005 0.011 0.005 0.940 0.006 
262 TMA-ZAIN-G-    (0)   :  0.003 0.004 0.006 0.003 0.004 0.003 0.003 0.003 0.003 0.965 0.003 
263 TMA-ZAIN-G-    (0)   :  0.003 0.004 0.004 0.003 0.006 0.004 0.004 0.004 0.003 0.963 0.003 
264 TMA-ZAIN-G-    (0)   :  0.003 0.004 0.006 0.004 0.007 0.004 0.005 0.004 0.004 0.957 0.003 
265 TMA-ZAIN-G-    (0)   :  0.023 0.222 0.012 0.022 0.011 0.034 0.023 0.033 0.007 0.587 0.026 
266 TMA-ZAIN-G-    (0)   :  0.006 0.012 0.052 0.013 0.013 0.061 0.030 0.018 0.010 0.703 0.082 
267 TMA-ZAIN-G-    (0)   :  0.031 0.018 0.007 0.027 0.017 0.084 0.010 0.020 0.312 0.459 0.014 
268 TMA-ZAIN-G-    (0)   :  0.003 0.004 0.003 0.003 0.008 0.004 0.003 0.003 0.963 0.004 0.003 
269 TMA-ZAIN-G-    (0)   :  0.003 0.007 0.003 0.004 0.011 0.006 0.003 0.003 0.952 0.004 0.003 
270 TMA-ZAIN-G-    (0)   :  0.004 0.007 0.003 0.004 0.010 0.006 0.003 0.003 0.952 0.005 0.003 
271 TMA-ZAIN-G-    (0)   :  0.004 0.004 0.002 0.004 0.008 0.005 0.004 0.003 0.959 0.005 0.003 
272 TMA-ZAIN-G-    (0)   :  0.004 0.011 0.003 0.004 0.008 0.007 0.003 0.002 0.951 0.003 0.003 
273 TMA-ZAIN-G-    (0)   :  0.006 0.009 0.003 0.003 0.007 0.004 0.002 0.002 0.958 0.003 0.003 
274 TMA-ZAIN-G-    (0)   :  0.006 0.010 0.022 0.008 0.010 0.009 0.005 0.006 0.906 0.006 0.011 
275 TMA-ZAIN-G-    (0)   :  0.004 0.005 0.002 0.002 0.004 0.004 0.003 0.002 0.968 0.002 0.003 
276 TMA-ZAIN-G-    (0)   :  0.005 0.005 0.003 0.005 0.005 0.003 0.005 0.004 0.960 0.002 0.003 
277 TMA-ZAIN-G-    (0)   :  0.017 0.006 0.004 0.006 0.008 0.004 0.005 0.005 0.938 0.005 0.003 
278 TMA-ZAIN-G-    (0)   :  0.012 0.006 0.003 0.003 0.004 0.004 0.003 0.003 0.956 0.004 0.003 
279 TMA-ZAIN-G-    (0)   :  0.006 0.008 0.004 0.003 0.006 0.006 0.003 0.002 0.955 0.003 0.004 
280 TMA-ZAIN-G-    (0)   :  0.006 0.024 0.006 0.004 0.024 0.007 0.005 0.002 0.914 0.003 0.006 
281 TMA-ZAIN-G-    (0)   :  0.008 0.009 0.005 0.003 0.015 0.005 0.003 0.002 0.941 0.004 0.004 
282 TMA-ZAIN-G-    (9)   :  0.008 0.005 0.002 0.003 0.006 0.004 0.003 0.002 0.960 0.004 0.002 
283 TMA-ZAIN-G-    (0)   :  0.010 0.047 0.004 0.010 0.035 0.036 0.016 0.006 0.705 0.123 0.009 
284 TMA-ZAIN-G-    (0)   :  0.007 0.071 0.005 0.011 0.060 0.035 0.018 0.005 0.602 0.173 0.013 
285 TMA-ZAIN-G-    (0)   :  0.016 0.020 0.007 0.017 0.020 0.016 0.012 0.016 0.820 0.039 0.017 
286 TMA-ZAIN-G-    (0)   :  0.006 0.006 0.003 0.003 0.009 0.005 0.003 0.002 0.956 0.006 0.003 
287 TMA-ZAIN-G-    (0)   :  0.007 0.005 0.007 0.006 0.008 0.005 0.003 0.005 0.944 0.004 0.006 
288 TMA-ZAIN-G-    (0)   :  0.004 0.020 0.034 0.016 0.018 0.036 0.009 0.007 0.822 0.009 0.025 
289 TMA-ZAIN-G-    (0)   :  0.006 0.007 0.013 0.009 0.009 0.009 0.005 0.007 0.920 0.007 0.008 
290 TMA-ZAIN-G-    (0)   :  0.004 0.018 0.010 0.005 0.102 0.021 0.009 0.003 0.810 0.008 0.010 
291 TMA-ZAIN-G-    (0)   :  0.008 0.903 0.005 0.004 0.013 0.033 0.005 0.003 0.014 0.008 0.005 
292 TMA-ZAIN-G-    (0)   :  0.013 0.022 0.026 0.572 0.009 0.009 0.198 0.007 0.011 0.004 0.128 
293 TMA-ZAIN-G-    (0)   :  0.035 0.015 0.030 0.226 0.004 0.016 0.533 0.024 0.004 0.021 0.092 
294 TMA-ZAIN-G-    (0)   :  0.005 0.004 0.004 0.834 0.003 0.005 0.114 0.010 0.004 0.007 0.011 
295 TMA-ZAIN-G-    (9)   :  0.008 0.007 0.005 0.807 0.004 0.016 0.114 0.011 0.007 0.008 0.015 
296 TMA-ZAIN-G-    (0)   :  0.005 0.011 0.046 0.274 0.012 0.016 0.559 0.006 0.007 0.011 0.053 
297 TMA-ZAIN-G-    (0)   :  0.005 0.007 0.109 0.089 0.005 0.011 0.629 0.026 0.007 0.026 0.086 
298 TMA-ZAIN-G-    (0)   :  0.005 0.015 0.004 0.841 0.013 0.016 0.040 0.006 0.018 0.033 0.010 
299 TMA-ZAIN-G-    (0)   :  0.005 0.005 0.004 0.946 0.003 0.003 0.014 0.007 0.004 0.003 0.006 
300 TMA-ZAIN-G-    (0)   :  0.007 0.006 0.007 0.858 0.003 0.011 0.037 0.032 0.005 0.006 0.029 
301 TMA-ZAIN-G-    (0)   :  0.014 0.008 0.033 0.788 0.004 0.008 0.040 0.027 0.004 0.005 0.069 
302 TMA-ZAIN-G-    (9)   :  0.003 0.005 0.016 0.661 0.004 0.005 0.226 0.007 0.003 0.006 0.062 
303 TMA-ZAIN-G-    (0)   :  0.004 0.873 0.047 0.004 0.010 0.013 0.004 0.002 0.006 0.021 0.015 
304 TMA-ZAIN-G-    (0)   :  0.008 0.006 0.044 0.015 0.017 0.017 0.073 0.156 0.006 0.557 0.101 
305 TMA-ZAIN-G-    (0)   :  0.006 0.004 0.012 0.258 0.003 0.008 0.620 0.021 0.004 0.009 0.055 
306 TMA-ZAIN-G-    (0)   :  0.015 0.010 0.025 0.111 0.113 0.012 0.255 0.020 0.030 0.356 0.053 
307 TMA-ZAIN-G-    (0)   :  0.014 0.004 0.017 0.020 0.010 0.012 0.081 0.306 0.009 0.400 0.127 
308 TMA-ZAIN-G-    (0)   :  0.014 0.089 0.013 0.005 0.023 0.063 0.004 0.011 0.015 0.757 0.007 
309 TMA-ZAIN-G-    (0)   :  0.003 0.004 0.024 0.018 0.003 0.005 0.013 0.007 0.003 0.003 0.917 
310 TMA-ZAIN-G-    (0)   :  0.010 0.015 0.004 0.748 0.007 0.016 0.102 0.011 0.017 0.017 0.054 
311 TMA-ZAIN-G-    (0)   :  0.003 0.028 0.020 0.198 0.043 0.032 0.475 0.007 0.016 0.052 0.126 
312 TMA-ZAIN-G-    (0)   :  0.004 0.011 0.022 0.052 0.005 0.033 0.036 0.010 0.005 0.008 0.814 
313 TMA-ZAIN-G-    (0)   :  0.003 0.005 0.020 0.129 0.012 0.007 0.060 0.027 0.006 0.665 0.066 
314 TMA-ZAIN-G-    (0)   :  0.004 0.027 0.011 0.012 0.159 0.313 0.007 0.006 0.423 0.012 0.026 
315 TMA-ZAIN-G-    (0)   :  0.013 0.016 0.006 0.435 0.005 0.020 0.061 0.026 0.343 0.020 0.055 
316 TMA-ZAIN-G-    (0)   :  0.009 0.032 0.006 0.354 0.007 0.019 0.088 0.030 0.376 0.023 0.056 
317 TMA-ZAIN-G-    (0)   :  0.011 0.659 0.009 0.022 0.060 0.156 0.007 0.004 0.051 0.016 0.005 
318 TMA-ZAIN-G-    (9)   :  0.078 0.091 0.011 0.017 0.327 0.042 0.006 0.011 0.341 0.068 0.006 
319 TMA-ZAIN-G-    (0)   :  0.013 0.364 0.436 0.005 0.014 0.024 0.004 0.003 0.120 0.008 0.007 
320 TMA-ZAIN-G-    (0)   :  0.010 0.430 0.009 0.381 0.005 0.007 0.087 0.019 0.004 0.005 0.042 
321 TMA-ZAIN-G-    (0)   :  0.008 0.016 0.008 0.063 0.026 0.344 0.097 0.014 0.062 0.009 0.353 
322 TMA-ZAIN-G-    (0)   :  0.007 0.189 0.007 0.076 0.064 0.196 0.182 0.038 0.009 0.074 0.158 
323 TMA-ZAIN-G-    (0)   :  0.010 0.824 0.061 0.007 0.008 0.008 0.011 0.022 0.007 0.010 0.031 
324 TMA-ZAIN-G-    (0)   :  0.005 0.006 0.031 0.010 0.005 0.013 0.881 0.011 0.004 0.015 0.020 
325 TMA-ZAIN-G-    (0)   :  0.073 0.840 0.006 0.010 0.004 0.022 0.011 0.005 0.005 0.007 0.017 
326 TMA-ZAIN-G-    (0)   :  0.004 0.577 0.340 0.005 0.002 0.009 0.011 0.006 0.003 0.015 0.027 
327 TMA-ZAIN-G-    (0)   :  0.003 0.004 0.878 0.007 0.003 0.007 0.007 0.029 0.003 0.012 0.047 
328 TMA-ZAIN-G-    (0)   :  0.011 0.224 0.081 0.011 0.203 0.042 0.025 0.219 0.100 0.018 0.065 
329 TMA-ZAIN-G-    (0)   :  0.009 0.009 0.049 0.446 0.004 0.015 0.048 0.073 0.004 0.031 0.313 
330 TMA-ZAIN-G-    (0)   :  0.002 0.006 0.019 0.066 0.004 0.018 0.026 0.062 0.003 0.033 0.761 
331 TMA-ZAIN-G-    (0)   :  0.025 0.066 0.009 0.226 0.016 0.018 0.017 0.006 0.026 0.130 0.461 
332 TMA-ZAIN-G-    (0)   :  0.003 0.004 0.345 0.015 0.002 0.007 0.046 0.011 0.002 0.004 0.561 
333 TMA-ZAIN-G-    (0)   :  0.002 0.003 0.966 0.004 0.003 0.003 0.003 0.003 0.002 0.004 0.007 
334 TMA-ZAIN-G-    (0)   :  0.008 0.007 0.003 0.003 0.006 0.005 0.003 0.002 0.956 0.005 0.003 
335 TMA-ZAIN-G-    (0)   :  0.005 0.004 0.003 0.004 0.003 0.004 0.003 0.004 0.964 0.003 0.003 
336 TMA-ZAIN-G-    (0)   :  0.008 0.009 0.004 0.006 0.006 0.008 0.004 0.004 0.938 0.008 0.005 
337 TMA-ZAIN-G-    (9)   :  0.005 0.006 0.003 0.004 0.016 0.009 0.004 0.003 0.941 0.005 0.004 
338 TMA-ZAIN-G-    (0)   :  0.003 0.006 0.003 0.003 0.009 0.005 0.003 0.002 0.960 0.004 0.003 
339 TMA-ZAIN-G-    (0)   :  0.006 0.004 0.002 0.002 0.006 0.003 0.002 0.002 0.968 0.003 0.002 
340 TMA-ZAIN-G-    (0)   :  0.005 0.004 0.002 0.003 0.004 0.003 0.003 0.002 0.968 0.003 0.002 
341 TMA-ZAIN-G-    (0)   :  0.004 0.004 0.003 0.003 0.005 0.004 0.004 0.003 0.964 0.002 0.003 
342 TMA-ZAIN-G-    (0)   :  0.008 0.006 0.003 0.004 0.004 0.004 0.003 0.003 0.958 0.004 0.003 
343 TMA-ZAIN-G-    (0)   :  0.005 0.005 0.003 0.003 0.010 0.003 0.003 0.002 0.960 0.002 0.003 
344 TMA-ZAIN-G-    (0)   :  0.008 0.008 0.004 0.003 0.005 0.006 0.003 0.002 0.954 0.003 0.004 
345 TMA-ZAIN-G-    (0)   :  0.007 0.004 0.002 0.002 0.004 0.003 0.002 0.003 0.965 0.004 0.002 
346 TMA-ZAIN-G-    (0)   :  0.007 0.029 0.011 0.008 0.013 0.004 0.006 0.003 0.904 0.004 0.011 
347 TMA-ZAIN-G-    (9)   :  0.006 0.005 0.002 0.003 0.005 0.004 0.002 0.003 0.965 0.003 0.002 
348 TMA-ZAIN-G-    (0)   :  0.007 0.007 0.004 0.004 0.009 0.008 0.003 0.003 0.947 0.005 0.003 
349 TMA-ZAIN-G-    (0)   :  0.011 0.007 0.004 0.006 0.010 0.004 0.004 0.004 0.943 0.004 0.003 
350 TMA-ZAIN-G-    (0)   :  0.010 0.031 0.005 0.005 0.014 0.013 0.006 0.005 0.901 0.004 0.007 
351 TMA-ZAIN-G-    (0)   :  0.007 0.005 0.003 0.003 0.005 0.005 0.003 0.003 0.960 0.004 0.003 
352 TMA-ZAIN-G-    (0)   :  0.004 0.004 0.003 0.005 0.004 0.006 0.004 0.005 0.956 0.005 0.004 
353 TMA-ZAIN-G-    (0)   :  0.010 0.012 0.007 0.004 0.016 0.007 0.005 0.003 0.923 0.004 0.007 
354 TMA-ZAIN-G-    (0)   :  0.004 0.006 0.004 0.003 0.004 0.005 0.004 0.002 0.962 0.002 0.004 
355 TMA-ZAIN-G-    (0)   :  0.005 0.005 0.005 0.004 0.006 0.005 0.006 0.003 0.951 0.003 0.007 
356 TMA-ZAIN-G-    (0)   :  0.002 0.012 0.002 0.007 0.003 0.004 0.917 0.036 0.002 0.011 0.004 
357 TMA-ZAIN-G-    (0)   :  0.003 0.009 0.321 0.071 0.009 0.013 0.388 0.048 0.004 0.010 0.124 
358 TMA-ZAIN-G-    (0)   :  0.007 0.017 0.015 0.124 0.040 0.043 0.087 0.125 0.029 0.020 0.494 
359 TMA-ZAIN-G-    (0)   :  0.066 0.051 0.004 0.072 0.009 0.017 0.384 0.312 0.004 0.072 0.009 
360 TMA-ZAIN-G-    (0)   :  0.008 0.007 0.003 0.196 0.003 0.004 0.730 0.019 0.003 0.007 0.019 
361 TMA-ZAIN-G-    (0)   :  0.003 0.008 0.027 0.049 0.009 0.015 0.125 0.020 0.004 0.010 0.729 
362 TMA-ZAIN-G-    (0)   :  0.091 0.013 0.003 0.020 0.004 0.005 0.836 0.007 0.010 0.004 0.007 
363 TMA-ZAIN-G-    (0)   :  0.010 0.030 0.070 0.354 0.004 0.046 0.108 0.015 0.009 0.014 0.340 
364 TMA-ZAIN-G-    (0)   :  0.013 0.096 0.013 0.045 0.393 0.318 0.014 0.019 0.038 0.027 0.025 
365 TMA-ZAIN-G-    (0)   :  0.015 0.038 0.004 0.083 0.011 0.099 0.475 0.034 0.102 0.005 0.135 
366 TMA-ZAIN-G-    (0)   :  0.009 0.004 0.003 0.681 0.004 0.009 0.171 0.082 0.004 0.017 0.015 
367 TMA-ZAIN-G-    (0)   :  0.002 0.020 0.036 0.017 0.096 0.019 0.069 0.007 0.010 0.055 0.669 
368 TMA-ZAIN-G-    (0)   :  0.005 0.004 0.006 0.853 0.004 0.008 0.033 0.056 0.003 0.010 0.017 
369 TMA-ZAIN-G-    (0)   :  0.003 0.004 0.012 0.012 0.003 0.005 0.012 0.022 0.002 0.004 0.921 
370 TMA-ZAIN-G-    (0)   :  0.003 0.006 0.019 0.061 0.005 0.008 0.013 0.008 0.003 0.004 0.870 
371 TMA-ZAIN-G-    (0)   :  0.003 0.004 0.009 0.184 0.004 0.006 0.742 0.027 0.004 0.005 0.012 
372 TMA-ZAIN-G-    (0)   :  0.004 0.003 0.005 0.168 0.004 0.006 0.605 0.028 0.003 0.007 0.167 
373 TMA-ZAIN-G-    (0)   :  0.005 0.006 0.438 0.006 0.003 0.008 0.006 0.005 0.003 0.005 0.515 
374 TMA-ZAIN-G-    (0)   :  0.003 0.041 0.118 0.021 0.291 0.040 0.046 0.006 0.013 0.165 0.256 
375 TMA-ZAIN-G-    (0)   :  0.009 0.681 0.041 0.018 0.017 0.018 0.027 0.010 0.007 0.006 0.167 
376 TMA-ZAIN-G-    (9)   :  0.003 0.004 0.004 0.069 0.004 0.005 0.853 0.004 0.003 0.003 0.049 
377 TMA-ZAIN-G-    (0)   :  0.003 0.003 0.006 0.222 0.003 0.004 0.700 0.020 0.002 0.005 0.034 
378 TMA-ZAIN-G-    (0)   :  0.002 0.003 0.008 0.018 0.003 0.003 0.928 0.014 0.002 0.003 0.016 
379 TMA-ZAIN-G-    (0)   :  0.002 0.003 0.012 0.007 0.003 0.003 0.938 0.011 0.002 0.009 0.010 
380 TMA-ZAIN-G-    (0)   :  0.004 0.005 0.009 0.825 0.003 0.006 0.050 0.047 0.003 0.007 0.041 
381 TMA-ZAIN-G-    (9)   :  0.014 0.063 0.017 0.165 0.008 0.525 0.035 0.067 0.006 0.069 0.032 
382 TMA-ZAIN-G-    (9)   :  0.043 0.430 0.009 0.013 0.386 0.032 0.007 0.004 0.051 0.009 0.016 
383    ZFB01    (0)   :  0.008 0.004 0.003 0.004 0.954 0.003 0.006 0.003 0.008 0.004 0.004 
384    ZFB02    (0)   :  0.015 0.005 0.002 0.003 0.916 0.005 0.004 0.003 0.036 0.008 0.003 
